"","V_1","V_2","V_3","V_4","V_5","V_6","V_7","V_8","V_9","V_10","V_11","V_12","V_13","V_14","V_15","V_16","V_17","V_18","V_19","V_20","V_21","V_22","V_23","V_24","V_25","V_26","V_27","V_28","V_29","V_30","V_31","V_32","V_33","V_34","V_35","V_36","V_37","V_38","V_39","V_40","V_41","V_42","V_43","V_44","V_45","V_46","V_47","V_48","V_49","V_50","V_51","V_52","V_53","V_54","V_55","V_56","V_57","V_58","V_59","V_60","V_61","V_62","V_63","V_64","V_65","V_66","V_67","V_68","V_69","V_70","V_71","V_72","V_73","V_74","V_75","V_76","V_77","V_78","V_79","V_80","V_81","V_82","V_83","V_84","V_85","V_86","V_87","V_88","V_89","V_90","V_91","V_92","V_93","V_94","V_95","V_96","V_97","V_98","V_99","V_100","V_101","V_102","V_103","V_104","V_105","V_106","V_107","V_108","V_109","V_110","V_111","V_112","V_113","V_114","V_115","V_116","V_117","V_118","V_119","V_120","V_121","V_122","V_123","V_124","V_125","V_126","V_127","V_128","V_129","V_130","V_131","V_132","V_133","V_134","V_135","V_136","V_137","V_138","V_139","V_140","V_141","V_142","V_143","V_144","V_145","V_146","V_147","V_148","V_149","V_150","V_151","V_152","V_153","V_154","V_155","V_156","V_157","V_158","V_159","V_160","V_161","V_162","V_163","V_164","V_165","V_166","V_167","V_168","V_169","V_170","V_171","V_172","V_173","V_174","V_175","V_176","V_177","V_178","V_179","V_180","V_181","V_182","V_183","V_184","V_185","V_186","V_187","V_188","V_189","V_190","V_191","V_192","V_193","V_194","V_195","V_196","V_197","V_198","V_199","V_200","V_201","V_202","V_203","V_204","V_205","V_206","V_207","V_208","V_209","V_210","V_211","V_212","V_213","V_214","V_215","V_216","V_217","V_218","V_219","V_220","V_221","V_222","V_223","V_224","V_225","V_226","V_227","V_228","V_229","V_230","V_231","V_232","V_233","V_234","V_235","V_236","V_237","V_238","V_239","V_240","V_241","V_242","V_243","V_244","V_245","V_246","V_247","V_248","V_249","V_250","V_251","V_252","V_253","V_254","V_255","V_256","V_257","V_258","V_259","V_260","V_261","V_262","V_263","V_264","V_265","V_266","V_267","V_268","V_269","V_270","V_271","V_272","V_273","V_274","V_275","V_276","V_277","V_278","V_279","V_280","V_281","V_282","V_283","V_284","V_285","V_286","V_287","V_288","V_289","V_290","V_291","V_292","V_293","V_294","V_295","V_296","V_297","V_298","V_299","V_300","V_301","V_302","V_303","V_304","V_305","V_306","V_307","V_308","V_309","V_310","V_311","V_312","V_313","V_314","V_315","V_316","V_317","V_318","V_319","V_320","V_321","V_322","V_323","V_324","V_325","V_326","V_327","V_328","V_329","V_330","V_331","V_332","V_333","V_334","V_335","V_336","V_337","V_338","V_339","V_340","V_341","V_342","V_343","V_344","V_345","V_346","V_347","V_348","V_349","V_350","V_351","V_352","V_353","V_354","V_355","V_356","V_357","V_358","V_359","V_360","V_361","V_362","V_363","V_364","V_365","V_366","V_367","V_368","V_369","V_370","V_371","V_372","V_373","V_374","V_375","V_376","V_377","V_378","V_379","V_380","V_381","V_382","V_383","V_384","V_385","V_386","V_387","V_388","V_389","V_390","V_391","V_392","V_393","V_394","V_395","V_396","V_397","V_398","V_399","V_400","V_401","V_402","V_403","V_404","V_405","V_406","V_407","V_408","V_409","V_410","V_411","V_412","V_413","V_414","V_415","V_416","V_417","V_418","V_419","V_420","V_421","V_422","V_423","V_424","V_425","V_426","V_427","V_428","V_429","V_430","V_431","V_432","V_433","V_434","V_435","V_436","V_437","V_438","V_439","V_440","V_441","V_442","V_443","V_444","V_445","V_446","V_447","V_448","V_449","V_450","V_451","V_452","V_453","V_454","V_455","V_456","V_457","V_458","V_459","V_460","V_461","V_462","V_463","V_464","V_465","V_466","V_467","V_468","V_469","V_470","V_471","V_472","V_473","V_474","V_475","V_476","V_477","V_478","V_479","V_480","V_481","V_482","V_483","V_484","V_485","V_486","V_487","V_488","V_489","V_490","V_491","V_492","V_493","V_494","V_495","V_496","V_497","V_498","V_499","V_500","V_501","V_502","V_503","V_504","V_505","V_506","V_507","V_508","V_509","V_510","V_511","V_512","V_513","V_514","V_515","V_516","V_517","V_518","V_519","V_520","V_521","V_522","V_523","V_524","V_525","V_526","V_527","V_528","V_529","V_530","V_531","V_532","V_533","V_534","V_535","V_536","V_537","V_538","V_539","V_540","V_541","V_542","V_543","V_544","V_545","V_546","V_547","V_548","V_549","V_550","V_551","V_552","V_553","V_554","V_555","V_556","V_557","V_558","V_559","V_560","V_561","V_562","V_563","V_564","V_565","V_566","V_567","V_568","V_569","V_570","V_571","V_572","V_573","V_574","V_575","V_576","V_577","V_578","V_579","V_580","V_581","V_582","V_583","V_584","V_585","V_586","V_587","V_588","V_589","V_590","V_591","V_592","V_593","V_594","V_595","V_596","V_597","V_598","V_599","V_600","V_601","V_602","V_603","V_604","V_605","V_606","V_607","V_608","V_609","V_610","V_611","V_612","V_613","V_614","V_615","V_616","V_617","V_618","V_619","V_620","V_621","V_622","V_623","V_624","V_625","V_626","V_627","V_628","V_629","V_630","V_631","V_632","V_633","V_634","V_635","V_636","V_637","V_638","V_639","V_640","V_641","V_642","V_643","V_644","V_645","V_646","V_647","V_648","V_649","V_650","V_651","V_652","V_653","V_654","V_655","V_656","V_657","V_658","V_659","V_660","V_661","V_662","V_663","V_664","V_665","V_666","V_667","V_668","V_669","V_670","V_671","V_672","V_673","V_674","V_675","V_676","V_677","V_678","V_679","V_680","V_681","V_682","V_683","V_684","V_685","V_686","V_687","V_688","V_689","V_690","V_691","V_692","V_693","V_694","V_695","V_696","V_697","V_698","V_699","V_700","V_701","V_702","V_703","V_704","V_705","V_706","V_707","V_708","V_709","V_710","V_711","V_712","V_713","V_714","V_715","V_716","V_717","V_718","V_719","V_720","V_721","V_722","V_723","V_724","V_725","V_726","V_727","V_728","V_729","V_730","V_731","V_732","V_733","V_734","V_735","V_736","V_737","V_738","V_739","V_740","V_741","V_742","V_743","V_744","V_745","V_746","V_747","V_748","V_749","V_750","V_751","V_752","V_753","V_754","V_755","V_756","V_757","V_758","V_759","V_760","V_761","V_762","V_763","V_764","V_765","V_766","V_767","V_768","V_769","V_770","V_771","V_772","V_773","V_774","V_775","V_776","V_777","V_778","V_779","V_780","V_781","V_782","V_783","V_784","V_785","V_786","V_787","V_788","V_789","V_790","V_791","V_792","V_793","V_794","V_795","V_796","V_797","V_798","V_799","V_800","V_801","V_802","V_803","V_804","V_805","V_806","V_807","V_808","V_809","V_810","V_811","V_812","V_813","V_814","V_815","V_816","V_817","V_818","V_819","V_820","V_821","V_822","V_823","V_824","V_825","V_826","V_827","V_828","V_829","V_830","V_831","V_832","V_833","V_834","V_835","V_836","V_837","V_838","V_839","V_840","V_841","V_842","V_843","V_844","V_845","V_846","V_847","V_848","V_849","V_850","V_851","V_852","V_853","V_854","V_855","V_856","V_857","V_858","V_859","V_860","V_861","V_862","V_863","V_864","V_865","V_866","V_867","V_868","V_869","V_870","V_871","V_872","V_873","V_874","V_875","V_876","V_877","V_878","V_879","V_880","V_881","V_882","V_883","V_884","V_885","V_886","V_887","V_888","V_889","V_890","V_891","V_892","V_893","V_894","V_895","V_896","V_897","V_898","V_899"
"t101",-0.0401672459792269,0.0325411101413606,-0.0530384387540498,0.023095865924425,0.00606078425330898,-0.00272147687203684,0.0176216052098845,-0.0360290158729512,1.4339197267977e-05,-1.47083198785396e-05,7.42703433716418e-05,-0.0117742658615507,0.0220348215268744,-0.00339787401149176,0.000994126133633905,0.180681739471294,-0.00453694662694142,0.0100310809518365,-0.000741183355180721,0.000389006075160317,-0.0538004273461129,0.127519145208296,-0.00013257683971048,0.000960551595606349,-0.000158975441664197,0.000157853755995436,-0.000224647645246032,0.00023569980900354,-0.00585972364879719,0.00295248433290777,-8.27907549267132e-06,1.36762677586918e-05,-0.00410851962803766,9.87439959464157e-06,-5.30444220251011e-06,-7.79585163512822e-06,-0.00030550024629351,2.1301460236773e-06,1.71669422610829e-05,4.62901410536811e-06,0.000233580506752896,-2.96374336412556e-05,0.000249850092057868,-2.92562165738183e-05,0.00637984128198341,-1.2916630014991e-05,1.70559417769584e-05,-0.00033908666098752,2.66254466048286e-05,-5.20070972749705e-05,0.000360667619237911,-3.46169317421744e-05,4.90662777124417e-08,-0.00587570675319255,4.99043759911952e-06,-5.28998869078463e-05,2.36230027362039e-06,-0.000176513618766988,6.09939210158205e-05,-0.189999444853951,9.83835009879559e-09,1.55410679706512e-06,-7.1796018802837e-05,4.02780828528051e-05,-3.60683856821409e-06,9.28441019913736e-05,-6.28829105762688e-07,2.26430117346042e-05,-6.23503962344109e-05,2.47536928850433e-05,-2.03478895564432e-05,0.00161005702024315,-3.3429433757813e-06,-0.000263696722704611,0.000125085063044943,4.65645141997787e-07,-0.0117916369509507,-6.11896351405052e-06,-7.0973690794293e-06,-1.15456913070528e-05,4.32281013963665e-06,6.69554460400323e-05,-9.89706031192332e-06,-6.50389341170417e-05,5.14578538702509e-06,0.00105229296096772,-0.000563386438414561,-1.10893897899245e-05,-4.67285561522122e-06,0.00697019171864785,6.55190315006657e-06,2.58715277199557e-05,3.30367083045651e-06,-0.000255488731575033,-2.03946634646068e-07,-0.000525134483180292,1.22159621135785e-05,0.000300905449151317,-5.12509324744477e-05,-1.47780960491848e-05,-3.30486448600199e-06,1.6033813405583e-06,-4.53773325542495e-06,1.95646478925457e-06,-8.92396434276042e-07,1.05692813254073e-05,-5.92512524967653e-05,1.70792073612104e-05,-1.28122268329322e-05,0.307974446318914,-1.73234238236752e-05,6.34508883242684e-06,-1.56389654651538e-05,2.37281597964648e-05,-9.47263778737949e-08,3.78272177692313e-06,-5.65321688414316e-06,6.15763459874179e-06,-6.37088697653852e-06,1.59297373240433e-05,-7.80745886173853e-05,1.49006695362066e-05,-1.49248602465432e-05,-4.14565098790687e-05,0.000541967856842899,-0.000181854255604176,0.000697544560049596,-3.96007196782771e-06,7.9931467420327e-06,0.000263637307347997,-4.38253673776891e-06,2.54579027166984e-05,-3.0727926906088e-05,-6.19774833767763e-06,1.82879631113849e-05,1.05848378147336e-05,-6.55926086744754e-08,-4.70502647902348e-05,1.68819466463235e-05,-4.88136931824342e-05,-3.22575578652242e-06,-0.000127220249305375,2.57043494169678e-05,2.01181731686229e-06,0.000218670132621887,-3.64383597887032e-07,-2.2840442132359e-05,6.580529880806e-06,5.87701890474847e-07,-1.78450837112923e-05,-0.24090803525128,1.68758883008515e-05,0.00172556558892502,-5.60519528567562e-05,3.50087204705184e-06,2.61999989788348e-07,-3.5511842074796e-06,3.12013592939673e-05,8.24443648884098e-08,2.46027412343569e-08,5.61951960908067e-06,-8.74551915331324e-08,-1.60466909897425e-08,-2.99665190451968e-06,1.0754687441603e-06,-5.84936095416522e-06,1.50487161010578e-06,2.60098802991618e-08,1.29683196573822e-06,1.79525081077561e-06,-2.20946882084441e-05,-5.24133428090275e-06,1.77039634607091e-05,1.73420997834223e-07,3.10291870336288e-06,7.01843675075908e-08,2.78466275179589e-07,-2.07450754971861e-06,-1.76479965525504e-06,-0.000291712588015653,1.44974168697017e-05,4.71788095458224e-05,-1.1755733339122e-06,-3.81114074884446e-08,-1.47693456124018e-07,-2.73398053711822e-07,-5.60846845377208e-06,1.62397230891057e-06,7.4457281843567e-06,-0.000416054946668602,-1.45130428821043e-07,2.89277289235484e-07,1.16938083635868e-06,1.52935822411835e-08,2.06887388117234e-07,-3.02130665251801e-07,-5.60896202208625e-07,-0.000117552852907113,3.36669777994885e-07,1.50500494334076e-07,1.50444099883936e-07,2.54914047710954e-05,-4.23810426920042e-09,-5.73595282402078e-06,-1.25491603116115e-06,-5.67526243006041e-05,9.1931541942562e-07,0.00106745677811002,-4.87258558174042e-06,-2.30094983171953e-07,-2.33220928304263e-05,5.30371357516646e-05,-0.000140656459901306,-2.29051979375175e-06,-1.2162760141531e-05,-1.68895385559729e-06,2.00363512744829e-05,2.22032554182431e-07,-4.2588508439472e-07,-2.206034327063e-06,-1.22205470167493e-05,0.000138084925320402,4.09455553067931e-06,1.36957372163215e-05,-3.8081450980387e-06,-1.98558176982178e-06,-2.10518480965563e-05,-1.64346412544246e-06,-2.82289624142319e-06,-2.53959818181075e-06,7.49443219766779e-05,1.26865897928613e-05,1.06604979907415e-06,1.8274378582695e-06,-1.27835390434518e-07,-2.06299981462028e-05,-2.11773673459859e-05,-2.20730874564777e-15,-1.76609036543029e-05,0.0740605914572064,4.99017149139853e-06,6.13852946078068e-05,5.26111318519082e-06,-4.75354418308092e-05,6.67519979741978e-07,-0.000767127592908559,2.65675721225728e-08,-2.20621587228545e-09,3.2408511549363e-06,-3.97309931210043e-06,1.15279837230315e-07,-1.52712932585759e-05,5.93815743104441e-07,-3.9403724185491e-06,-0.0202016525614612,-1.64180808990057e-07,5.20206566070348e-08,-5.08168711569273e-06,6.19312610129668e-09,-3.73795652155562e-09,1.51937647128632e-07,-3.34165388589414e-08,4.10521458337932e-06,-2.3331396183409e-06,2.72623899412934e-08,-9.42625121502977e-09,1.45837377744552e-08,1.03665882971097e-06,-2.38007033752507e-06,1.64855832702813e-08,6.71239931951673e-09,-1.53722385030253e-08,1.34425987142214e-06,-7.53359870149753e-05,4.39188194441176e-07,-6.20329074215641e-06,3.77783418149053e-05,-3.5655854702842e-07,8.76828053353497e-07,-3.24646730644749e-07,1.78179215641153e-07,2.28525434343521e-15,-4.5372379435688e-07,-1.56085709062735e-08,-1.47089751552133e-10,-1.31170963826586e-06,2.38163383265838e-08,-1.49042524044853e-08,-2.681118403845e-06,3.21297927752316e-07,-3.36182370381779e-07,8.8142077391642e-07,3.27872211810894e-08,-3.05335313140835e-08,3.9761298995754e-07,-4.83982715421286e-07,1.10104899721109e-05,-2.6833881617932e-07,0.00130629856787829,-1.37183957694162e-08,-3.92755936428332e-08,5.83098206891374e-07,-5.18170646321038e-06,1.23082463091992e-07,-4.74884039479472e-07,6.44444531143296e-07,-2.34440409543879e-06,1.50910016391267e-07,1.36549474600141e-07,1.04414270627056e-06,-1.76012219710958e-06,-1.42324276776259e-07,1.16800159050112e-06,-7.69240142559233e-07,1.90666159179799e-08,1.78252901814147e-07,-3.49839823134398e-07,6.32611845114895e-17,1.14613634872666e-09,4.8815858798405e-06,-1.69866314191751e-05,3.28917974646696e-07,2.95207675461395e-07,8.68457548997181e-08,2.0332473908567e-07,-3.00683329288588e-06,1.1430306003444e-06,1.72814514109915e-15,-9.29155381126869e-07,-1.14203689549677e-08,-3.25213072077991e-08,1.08429229197625e-06,2.57928559633293e-07,-1.79791247136741e-08,-7.24154494668055e-07,2.01068317520004e-07,-7.41093399695392e-06,1.59953626570219e-06,-3.62382915967675e-07,-7.05609746462289e-07,-3.92921155136564e-08,-1.61306355868329e-06,-8.33649620195471e-07,3.82706224736544e-06,-1.07443383776415e-06,-5.49743754561609e-15,-0.000785570674034217,0.493397044425827,-2.25023785889339e-05,-4.49566900437894e-06,2.36172976782091e-06,1.32685972979347e-06,-3.49619511109475e-06,1.20003220908364e-05,6.72549825471812e-08,1.69239179223476e-16,9.65209032029094e-08,2.42759328769064e-07,7.54549395193453e-08,4.22702569192218e-16,-8.62876110677182e-08,-9.76782825106911e-07,1.37691025746785e-07,4.7255887776353e-08,1.10005751107249e-08,4.11825211768786e-09,1.00605666210841e-07,6.9411368588468e-10,1.14502633099702e-08,9.89285704859918e-09,1.423845612499e-08,1.10028255661531e-06,-1.28658542896808e-15,-3.85070204212253e-06,5.12317839325906e-08,3.73580127768965e-07,-4.33548996765334e-08,-9.61305581333236e-16,-5.18349955366698e-08,2.91218446220665e-06,-2.83861551360151e-08,-2.57823816113096e-08,-6.68047485082978e-08,3.87169374052986e-06,-1.02968230987959e-06,1.58027537737054e-07,-1.09276804898272e-15,6.79288777238948e-07,-0.000340616470729026,2.12136883210786e-06,7.42356543487747e-07,-7.55863078915403e-08,-5.10642017440595e-10,-4.59721795200927e-15,-1.70366420514176e-15,-5.05790324670667e-10,-1.70351223682475e-05,2.24964328348611e-06,-8.83193028648429e-08,-2.33176284783937e-15,-4.29112912729952e-08,-5.11287751072456e-10,-1.85805720673123e-17,4.84398119680658e-16,4.12621039780304e-16,1.11018668814424e-07,3.28283816945008e-07,-4.78625858714601e-07,2.84452401393518e-07,1.41898323520418e-07,2.93734377888854e-07,-8.88118139050111e-07,-4.73892312329824e-16,-1.96481933964294e-07,7.17683149695556e-07,2.84028067283398e-15,1.43873302111528e-14,-3.52155288388223e-07,-2.73227871683771e-11,-7.77029973481052e-06,1.63946371241589e-07,1.56145123451878e-06,-1.11727940639132e-08,-6.18423861854102e-15,-3.76010666109466e-08,-4.88947051857402e-16,-1.28393108378411e-07,-9.97575504786871e-14,-8.65993132612228e-06,1.53346452738593e-16,1.8284276093252e-07,3.27808542947434e-07,1.51896842286628e-08,1.99785885997922e-07,6.88455627853733e-07,-2.92998844479702e-06,5.02144360619421e-07,2.50966845187485e-08,1.2208631033744e-07,1.12591686270405e-08,6.53333061811177e-06,-4.97689340224915e-07,-1.22928192967628e-07,-9.99025063852229e-09,-8.82690150391341e-06,1.7762104949076e-15,2.23781245492022e-06,-3.86383039946712e-07,3.8242649297233e-08,9.24780074459303e-15,5.0668650865569e-09,1.37509254529846e-07,4.92205950505013e-07,1.35968690935394e-15,-8.28950262037559e-07,-6.35007502106675e-08,-1.70060857758036e-16,-8.39754144471601e-08,9.79078154570743e-06,-5.4013710989294e-15,-8.09826628673641e-15,-4.79057950797403e-08,-3.70640415597722e-08,-2.11446851424945e-10,-2.93730010673227e-07,7.81999667235617e-08,1.5960811925362e-07,2.21698208101318e-08,2.71930968118859e-07,-4.62232705113129e-07,-0.70710678117556,6.61417617790048e-09,6.56704164103816e-10,1.81360270014202e-09,1.69827331681063e-07,3.76054709810893e-14,1.71161168323556e-15,5.59100511226182e-08,1.70743459017959e-15,1.44802722447935e-14,3.53382357485731e-07,-3.94903634966027e-07,-5.11158873496642e-07,-4.26710501931151e-09,1.29498339639196e-05,2.84212113324555e-07,1.27698755471897e-08,2.45710665320062e-15,3.12051320850851e-08,1.45936368936473e-09,6.69918468408585e-09,-4.70109144540578e-07,1.85841146019672e-06,2.75572373311295e-15,2.04985242974931e-15,7.08787489606824e-15,-2.34341859048123e-08,-7.82086593832892e-08,-6.5557916986207e-08,-2.30449650095875e-15,-6.00219276971111e-08,-4.00810700555387e-15,7.88528538730113e-16,1.41979886617281e-06,-3.11759108324116e-08,-2.12830215771872e-14,-7.67801836343803e-08,-2.75408032917013e-07,-7.5236601006266e-15,1.18783070785807e-07,6.7562642339224e-16,3.17631151664106e-08,1.66577707906846e-15,3.16943013030485e-08,2.74380356062643e-07,6.89773035514542e-08,9.34883005294616e-09,6.42102883803733e-08,-8.19642743678594e-06,8.88566924588687e-08,1.91379616882417e-16,5.25655492748584e-06,-2.28683417447899e-07,-2.11278798878876e-16,-1.11388110678132e-06,-8.8599215005827e-08,1.07350987731308e-06,2.87641734092009e-16,6.62215493793282e-08,6.0766517316297e-07,-8.54272119816943e-16,-2.18915009660886e-07,-4.84344751084848e-08,-1.75141140407204e-08,-1.26428727327749e-16,-4.4057329514883e-16,4.52162528184582e-08,1.38561174297234e-08,1.12121476397615e-09,-1.6245033699566e-07,8.24626933487575e-09,1.00235292906293e-16,4.9381156757771e-16,3.01171930842914e-08,2.07609939841865e-10,4.81940923189075e-16,7.2836568235847e-08,1.41205154044842e-16,2.6138041299e-07,-1.39593798831777e-08,-8.15681642008463e-09,-5.40894164475579e-08,-1.8471259838293e-15,-2.96002052150337e-16,-8.11944264905238e-16,-3.29259799162489e-16,-3.01849435076991e-08,-7.83996351083885e-07,3.7972272581813e-16,8.14032561156774e-16,1.30200346470339e-16,1.47478008263594e-07,9.92455813895566e-09,-7.30446717369939e-08,-3.28474962024024e-16,-5.7691564441219e-15,-4.8213315504725e-15,-4.53457939723949e-07,9.62347980607328e-08,5.20192583028344e-17,1.26354858115228e-07,-4.41831072287055e-07,-6.27948810506492e-17,1.62048082569799e-17,-4.4118140450581e-08,-4.52049680785488e-10,-2.18704945006503e-08,-1.14151313383454e-15,2.46330450651852e-08,3.58929725224395e-08,3.85418343529101e-08,-3.51697073849633e-08,-1.25308206748808e-07,7.98926588713067e-08,1.83382464286709e-16,1.38936898626228e-16,-7.20202178183291e-17,7.45016611733457e-06,-1.83894953050888e-07,-1.00393549109361e-08,-7.91763481057468e-09,-1.04557328959734e-15,-1.35448698234612e-16,-7.17887009722976e-16,-6.02360898074591e-17,-8.18735341947704e-16,2.62187240744542e-07,-3.2681384223741e-17,3.58901683349593e-16,-6.13917356202611e-09,-1.37330656499336e-16,-5.4959131453698e-09,4.31875804323052e-18,-6.81434508766962e-09,-2.27033049777522e-16,-8.26996790705701e-09,-1.03569596494602e-09,-4.88884377022931e-06,9.10725255104541e-17,3.32768492135309e-08,4.77675100223016e-17,4.73509721478239e-08,-5.7868957892981e-07,4.62875394846688e-10,5.35578764699287e-16,6.7694553509293e-08,-1.33303562640261e-16,-1.67305192562595e-08,-9.44674456422377e-08,-6.74777112451249e-16,-1.23572642167914e-16,-1.03320977592395e-16,-1.64629231940521e-15,-3.19865104919638e-10,-4.18054887874385e-09,-9.38831260412732e-10,-1.50425207650683e-16,-5.89428232839966e-17,-1.18871125706989e-07,0.00114972588024952,2.97191685216148e-16,3.68106787232549e-16,-4.03575337391547e-09,5.84540981225013e-18,-2.87560804216339e-08,-1.10334063361456e-15,2.73956432503416e-07,2.71420303820266e-16,5.62488017296877e-16,-3.42778523665469e-17,1.26452395385834e-16,1.58148910598884e-16,4.7293090070792e-15,1.33900684878507e-06,-9.3651050856006e-06,-3.82442174551452e-16,-2.46759409667832e-08,9.39365820105534e-08,-4.57632328385695e-16,1.01524819559146e-16,2.52363784259511e-17,6.80458667806759e-16,9.28613412683225e-09,1.48589928516646e-09,4.92281127686947e-16,-2.58755555598247e-17,-1.68834836481824e-08,-6.02313341868825e-08,-6.30516571738417e-09,-1.63257695773957e-16,-3.4122033462318e-17,-2.06039062194139e-16,2.33725394307942e-16,8.63840155829626e-17,-8.51898131556652e-17,3.57212639408965e-08,-3.3796323757343e-08,-6.50044416686989e-09,2.04073662631417e-17,9.46744500557847e-18,-2.4646650180161e-16,-1.52125839476404e-16,-1.51565994653359e-17,-5.52667521360866e-16,-3.32623524690528e-16,-3.47100562542714e-16,-1.08535518020682e-16,-6.57950477568377e-17,-2.32370200203737e-17,-1.53561830449227e-16,-5.40429122835027e-17,-2.20982946513058e-16,1.84717442327782e-07,1.28972025870535e-15,1.51117098254558e-17,1.0367891106599e-15,3.50408178643661e-07,-6.10805603876038e-10,-3.03267959885494e-17,-3.29556028942638e-07,3.20441762668524e-07,-9.24178511042361e-17,1.75276823263325e-16,-8.94827373377646e-08,1.07918487880184e-16,7.90023015326124e-09,2.04688113089929e-15,-1.68244111433687e-17,1.34332973814763e-17,-7.96387458025471e-17,1.12019263464627e-09,-1.53837550285754e-07,-1.95777734260569e-16,-4.14542694264195e-16,4.00402593002993e-18,-7.39244225912062e-16,-6.58359250711514e-16,-5.29395202404259e-17,-1.81294464012082e-16,-1.34857261700805e-17,9.57290966338349e-08,1.62343303594087e-16,-1.01380806608066e-18,1.65001165367893e-17,-8.90054618552535e-17,-7.75437883864966e-17,4.0209706398814e-16,-3.66774312789105e-08,-1.29522735409533e-16,-1.05468461542933e-16,2.73490146964075e-08,3.76524465418811e-17,2.26117053780482e-16,1.97621884486082e-17,8.45584638622831e-17,1.57688771809697e-07,-1.28097667919174e-17,-1.68618179080454e-08,-3.26906939020835e-17,7.20267180273554e-17,1.97443381479807e-16,-1.30078401122595e-14,6.31830825141625e-17,-1.31636999488328e-16,6.09588182002272e-10,-7.85869848100686e-17,7.43748227361677e-17,8.63432326331879e-07,-7.61250570382038e-08,-9.31564268213082e-17,5.33460617872713e-08,7.81398932305751e-09,6.46346523532032e-18,-8.24197948265676e-17,-1.28285373644921e-16,-1.30131884017403e-15,-2.42814189747631e-17,-1.31442566679525e-08,-8.70223686741499e-17,3.24565332331315e-17,5.74434486612793e-17,5.26428459971654e-09,4.74048840499707e-16,3.22430133319281e-17,-1.67824151594449e-17,-1.56817876540258e-16,-2.39964061315853e-09,7.55891250970042e-17,4.98366631280045e-09,2.05000180664918e-17,-1.23012052888439e-16,4.75183042484562e-17,1.47230931158194e-17,-5.56821073769494e-17,-1.07360805693504e-16,2.70866851395294e-17,-1.11967444893419e-07,-1.08759996270637e-16,-4.46220483208114e-17,3.63802720519359e-08,2.64484588060848e-17,2.40981894720602e-16,-4.11941593906103e-17,-1.07808085800902e-18,1.05048270263714e-16,1.94259792722721e-16,-3.82389574558326e-08,2.12172516039067e-16,2.32648107057134e-16,7.85886613598292e-08,-1.10900967778969e-17,-1.41901547312159e-17,-5.43646284657245e-17,1.78657981502638e-17,-1.34010045681699e-16,2.06362775814159e-17,-1.4132881356894e-17,-2.36458851188162e-16,7.31955887322733e-17,-1.03685100578644e-16,1.33150181040788e-17,-4.12649961327595e-08,1.7709099025847e-07,-7.09047942494343e-18,1.71391471611371e-16,-7.10753001268386e-17,1.90972855776769e-17,-1.44014670886751e-15,-1.9624305918222e-17,-1.69565170019764e-16,-1.15426025036272e-16,-1.71990590285512e-09,1.51313787412997e-17,-9.93841097355498e-18,2.59468612927624e-18,7.64757469583196e-17,2.20354618098492e-09,-1.48037144213944e-17,-8.74983198877484e-08,8.16187700032846e-19,7.09635148032216e-17,1.6729171542287e-16,1.17039697953219e-17,2.23232179932298e-16,1.03557478878739e-16,2.4518429091347e-16,2.42066538747011e-16,8.68863375437404e-17,1.65159213852094e-17,6.48823452946937e-17,1.92522001963471e-17,8.36219204919848e-17,2.09736846453396e-16,-5.13727282887913e-17,6.52073905573748e-17,2.22898403736009e-17,1.38117921006168e-16,8.5139319995742e-17,-5.41917467644747e-18,-4.23027229324894e-16,-8.68401101930823e-17,1.21367307517155e-16,6.54901058641491e-17,-1.87199232878585e-16,1.66805267010697e-10,7.08582979092844e-17,3.79154904695338e-17,-6.53419779656473e-17,-1.51466943806834e-16,5.71685865884371e-17,-2.54733590345778e-17,1.24315221327543e-17,-1.01340632601391e-17,1.1501635225663e-16,-9.98241559325769e-17,-7.7215270261933e-15,3.50139022239548e-17,-6.36381052714555e-18,1.6503499845209e-17,-1.30723523451588e-16,-6.34358042396658e-18,7.86570301673029e-17,-2.15101713058584e-09,1.98315507072096e-17,-1.40243111650288e-17,5.80685669660403e-17,-3.55517412422223e-17,2.18202192834902e-18,-1.73149238628922e-16,-9.25867155813605e-18,-1.74674066494241e-17,-1.95819500043088e-17,4.5667876273286e-10,1.09560383748763e-16,-6.27512950576505e-17,-8.26052017546478e-17,8.3276760368508e-17,-4.63840109586366e-17,-2.73630856089602e-17,-1.19149232730193e-16,1.74365679458915e-16,-4.80150079575561e-18,4.69932020640879e-17,-1.02458607797191e-16,-3.61261655727242e-16,1.56224378264495e-16,2.30873705499852e-09,-1.53514471696309e-16,-4.03994182389739e-17,3.43087767814287e-17,-9.50154111875089e-16,-6.95584560319291e-09,-1.86111947759651e-17,-1.20044071260865e-17,1.70202297829612e-16,1.94653750468411e-18,-9.69805888183454e-17,2.01648078216749e-17,9.58343917011064e-17,-2.52675512673191e-17,1.15148786887197e-17,6.94131977207124e-18,8.96734526540611e-17,4.00987583891883e-17,3.59301452895915e-17,-1.97953406527583e-17,6.16486162085332e-17,6.27906441094593e-17,-1.9863404963951e-16
"t930",-0.0401672459792249,0.0325411101413593,-0.0530384387540472,0.0230958659244227,0.00606078425330835,-0.00272147687203624,0.017621605209882,-0.0360290158729471,1.4339197267711e-05,-1.47083198783381e-05,7.42703433705488e-05,-0.0117742658615467,0.0220348215268665,-0.00339787401149068,0.000994126133633213,0.180681739471224,-0.00453694662694026,0.0100310809518328,-0.000741183355180904,0.000389006075159545,-0.0538004273460868,0.127519145208221,-0.000132576839710025,0.000960551595605312,-0.000158975441664229,0.000157853755995525,-0.000224647645246145,0.000235699809003723,-0.00585972364879271,0.00295248433290443,-8.27907549292963e-06,1.36762677592407e-05,-0.0041085196280338,9.87439959361973e-06,-5.30444220415936e-06,-7.79585163460069e-06,-0.000305500246293226,2.1301460235322e-06,1.7166942260425e-05,4.62901410516039e-06,0.000233580506752659,-2.9637433640126e-05,0.000249850092057446,-2.92562165733389e-05,0.00637984128197589,-1.29166300144927e-05,1.7055941777076e-05,-0.000339086660986955,2.66254466042045e-05,-5.20070972742313e-05,0.000360667619237406,-3.46169317421655e-05,4.90662773852186e-08,-0.00587570675318118,4.99043760058854e-06,-5.28998869076934e-05,2.36230027377019e-06,-0.000176513618766641,6.09939210156222e-05,-0.189999444853579,9.83835015663654e-09,1.55410679651952e-06,-7.17960188025491e-05,4.02780828523245e-05,-3.60683856831962e-06,9.28441019911864e-05,-6.28829104870597e-07,2.26430117347522e-05,-6.23503962342857e-05,2.47536928848598e-05,-2.03478895562029e-05,0.00161005702024099,-3.34294337585377e-06,-0.000263696722703776,0.000125085063044658,4.65645141643422e-07,-0.0117916369509105,-6.11896351389106e-06,-7.09736908009765e-06,-1.15456913071722e-05,4.32281013949076e-06,6.69554460398569e-05,-9.89706030954705e-06,-6.50389341167952e-05,5.14578538831316e-06,0.0010522929609646,-0.000563386438412919,-1.10893897903948e-05,-4.67285561533421e-06,0.00697019171862663,6.55190314980757e-06,2.5871527718963e-05,3.30367083051905e-06,-0.000255488731574157,-2.03946634455923e-07,-0.0005251344831784,1.22159621134766e-05,0.000300905449149233,-5.12509324744221e-05,-1.47780960482848e-05,-3.30486448543725e-06,1.6033813409148e-06,-4.5377332557209e-06,1.95646478946083e-06,-8.92396434191647e-07,1.05692813247617e-05,-5.92512524967675e-05,1.70792073611145e-05,-1.28122268334821e-05,0.307974446317321,-1.73234238233445e-05,6.34508883249679e-06,-1.56389654646654e-05,2.37281597962613e-05,-9.47263780548611e-08,3.782721776651e-06,-5.65321688458122e-06,6.1576345984633e-06,-6.37088697631146e-06,1.59297373241023e-05,-7.8074588616752e-05,1.49006695362909e-05,-1.49248602459101e-05,-4.14565098787894e-05,0.000541967856839652,-0.000181854255602439,0.00069754456004854,-3.96007196808917e-06,7.99314674218916e-06,0.000263637307346747,-4.38253673756619e-06,2.54579027171974e-05,-3.07279269059114e-05,-6.1977483380704e-06,1.82879631114331e-05,1.05848378148731e-05,-6.55926090060976e-08,-4.70502647893157e-05,1.68819466468256e-05,-4.88136931817942e-05,-3.22575578675133e-06,-0.000127220249305055,2.57043494162426e-05,2.0118173170597e-06,0.000218670132622369,-3.64383597530752e-07,-2.28404421323912e-05,6.58052988121148e-06,5.87701889986192e-07,-1.78450837111948e-05,-0.240908035249457,1.68758883004753e-05,0.00172556558891217,-5.60519528572065e-05,3.50087204703892e-06,2.61999989328871e-07,-3.55118420684183e-06,3.1201359293884e-05,8.24443646810505e-08,2.46027413277351e-08,5.6195196089686e-06,-8.74551912102242e-08,-1.60466918387254e-08,-2.99665190465578e-06,1.07546874495248e-06,-5.8493609538762e-06,1.50487161053072e-06,2.60098816081676e-08,1.2968319655832e-06,1.79525081051751e-06,-2.20946882080687e-05,-5.24133428078783e-06,1.77039634615349e-05,1.73420998195161e-07,3.10291870287699e-06,7.01843673574445e-08,2.78466274248119e-07,-2.07450754958014e-06,-1.7647996553963e-06,-0.00029171258801453,1.44974168688945e-05,4.71788095454065e-05,-1.17557333386534e-06,-3.81114066325086e-08,-1.47693455763893e-07,-2.73398052922068e-07,-5.60846845538109e-06,1.62397230808818e-06,7.44572818413482e-06,-0.000416054946663853,-1.45130431811101e-07,2.89277289270146e-07,1.16938083607466e-06,1.5293582502219e-08,2.06887387758303e-07,-3.02130665962682e-07,-5.60896203251994e-07,-0.000117552852905525,3.36669778275149e-07,1.50500494428297e-07,1.50444099866046e-07,2.54914047710597e-05,-4.23810437760491e-09,-5.73595282389539e-06,-1.25491603701074e-06,-5.67526242994451e-05,9.19315419410383e-07,0.0010674567780943,-4.87258558201045e-06,-2.30094983148472e-07,-2.33220928245436e-05,5.30371357503143e-05,-0.000140656459898732,-2.29051979384296e-06,-1.2162760142102e-05,-1.68895385575632e-06,2.00363512732874e-05,2.22032554300989e-07,-4.25885083816146e-07,-2.20603432681224e-06,-1.22205470172409e-05,0.000138084925319048,4.09455553185463e-06,1.36957372155619e-05,-3.80814509593e-06,-1.98558176937475e-06,-2.10518480970102e-05,-1.64346412549067e-06,-2.82289624054199e-06,-2.53959818216853e-06,7.49443219763547e-05,1.26865897926732e-05,1.06604979937885e-06,1.82743785895852e-06,-1.27835390035752e-07,-2.06299981463709e-05,-2.11773673453735e-05,-2.55035084332358e-15,-1.76609036541372e-05,0.0740605914558219,4.99017149035998e-06,6.13852946078714e-05,5.2611131850051e-06,-4.7535441830848e-05,6.67519979666622e-07,-0.000767127592892184,2.65675722941405e-08,-2.20621644767906e-09,3.24085115565727e-06,-3.97309931183854e-06,1.15279837208872e-07,-1.52712932585954e-05,5.93815743329396e-07,-3.94037241844907e-06,-0.0202016525610216,-1.64180808842483e-07,5.20206568395016e-08,-5.08168711245967e-06,6.19312676753349e-09,-3.7379560449344e-09,1.51937646514174e-07,-3.34165371633397e-08,4.10521458303063e-06,-2.3331396178587e-06,2.72623881247082e-08,-9.42625023465668e-09,1.45837394657953e-08,1.03665882889226e-06,-2.38007033775609e-06,1.64855846184542e-08,6.71239887773466e-09,-1.53722384101029e-08,1.34425987219493e-06,-7.53359870178699e-05,4.39188193912384e-07,-6.2032907424843e-06,3.77783418118322e-05,-3.5655854558936e-07,8.76828053615486e-07,-3.24646730298519e-07,1.78179217568109e-07,5.31725913641147e-16,-4.53723794989055e-07,-1.56085711238011e-08,-1.47089820013268e-10,-1.31170963610573e-06,2.3816337468805e-08,-1.49042533782579e-08,-2.68111840371583e-06,3.21297927036281e-07,-3.36182368939984e-07,8.81420773638018e-07,3.27872196243447e-08,-3.05335319972525e-08,3.97612990477092e-07,-4.83982713960607e-07,1.10104899713785e-05,-2.68338816810265e-07,0.00130629856782491,-1.3718393854676e-08,-3.92755958887092e-08,5.83098206006486e-07,-5.18170646276656e-06,1.23082460705605e-07,-4.7488403756291e-07,6.44444531526588e-07,-2.34440409526929e-06,1.50910017101906e-07,1.36549472413979e-07,1.04414270625094e-06,-1.76012219903422e-06,-1.42324275779773e-07,1.1680015900754e-06,-7.6924014259646e-07,1.90666155572782e-08,1.78252900317801e-07,-3.49839823416647e-07,2.57215567030018e-16,1.14613541247901e-09,4.88158588178563e-06,-1.69866314141241e-05,3.28917975155348e-07,2.95207673798991e-07,8.68457540810316e-08,2.03324737674358e-07,-3.00683329296304e-06,1.14303059945243e-06,1.63385618126616e-15,-9.29155377259199e-07,-1.14203690545913e-08,-3.25213075531657e-08,1.0842922881688e-06,2.57928558023988e-07,-1.7979123472739e-08,-7.24154496100011e-07,2.01068319549308e-07,-7.41093399983708e-06,1.59953626696353e-06,-3.62382915526204e-07,-7.0560974746603e-07,-3.92921147186633e-08,-1.61306356394807e-06,-8.33649623851124e-07,3.8270622476507e-06,-1.07443383363625e-06,-6.45843230776084e-15,-0.000785570673987086,0.493397044396637,-2.25023785876307e-05,-4.49566900261795e-06,2.36172976681063e-06,1.32685973071489e-06,-3.4961951095965e-06,1.20003220913752e-05,6.72549824824434e-08,-1.09630576854693e-15,9.65209210291779e-08,2.42759330659436e-07,7.54549405308921e-08,-3.09206968410491e-16,-8.62876108115526e-08,-9.76782829159705e-07,1.37691022595339e-07,4.72558887083667e-08,1.10005743306478e-08,4.11825236262687e-09,1.00605666090412e-07,6.94117789083433e-10,1.14502652082752e-08,9.89286265263096e-09,1.42384555895373e-08,1.10028255664405e-06,-1.66998794363245e-15,-3.85070204563729e-06,5.12317828653762e-08,3.73580127521459e-07,-4.33549016335715e-08,1.48382330681539e-16,-5.18349966526011e-08,2.91218447161796e-06,-2.83861532125648e-08,-2.57823791287299e-08,-6.68047489369127e-08,3.87169373624434e-06,-1.02968230954441e-06,1.58027541265526e-07,4.34396597300252e-15,6.79288782044213e-07,-0.000340616470662182,2.12136883112519e-06,7.42356548193972e-07,-7.55863072816183e-08,-5.10644354797671e-10,1.99819911888179e-15,-9.28425399467324e-17,-5.05790136216216e-10,-1.70351223489946e-05,2.24964328115132e-06,-8.83193009879072e-08,1.97939034333131e-15,-4.29112932169652e-08,-5.11287723644831e-10,5.41117974182959e-16,-6.05199529888114e-18,-2.98498829392142e-16,1.11018665172673e-07,3.28283818063877e-07,-4.78625861654452e-07,2.84452404966266e-07,1.41898324558675e-07,2.93734377357791e-07,-8.88118138610187e-07,1.21224659225597e-15,-1.96481941213368e-07,7.17683143091223e-07,-1.22427650019785e-15,-1.71215159702311e-14,-3.52155295851309e-07,-2.73354853684835e-11,-7.77029973707769e-06,1.63946368551602e-07,1.56145123167413e-06,-1.11727852700847e-08,-2.31500533402971e-15,-3.76010633192026e-08,-3.61704998922638e-16,-1.2839311193616e-07,8.49467438828963e-14,-8.65993132930086e-06,-1.36319514325457e-16,1.82842770102556e-07,3.27808529144279e-07,1.51896907669873e-08,1.99785887555456e-07,6.88455629079093e-07,-2.92998844492269e-06,5.02144369141327e-07,2.50966811207145e-08,1.22086305697258e-07,1.12591703511517e-08,6.53333064457512e-06,-4.9768932346059e-07,-1.22928189311627e-07,-9.99025459214950e-09,-8.82690149024784e-06,-1.17354553377662e-15,2.23781246894978e-06,-3.86383032641722e-07,3.82426501418642e-08,-9.3507212792682e-15,5.06687789805767e-09,1.37509257290922e-07,4.92205960423548e-07,-1.44544881834443e-15,-8.28950261706198e-07,-6.35007465632321e-08,1.44179932307192e-16,-8.39754150980783e-08,9.79078151299968e-06,6.0037946843419e-15,8.85748068797744e-15,-4.79057972534312e-08,-3.70640847618771e-08,-2.11419537785318e-10,-2.93729991350221e-07,7.82000005287549e-08,1.59608258175481e-07,2.21697382037888e-08,2.7193100801328e-07,-4.62233595905852e-07,0.707106781197537,6.61420411953183e-09,6.56877005163136e-10,1.81346705248561e-09,1.69827539296171e-07,-3.78763323223973e-14,-1.82802336634564e-15,5.59102044113376e-08,-1.31217609231148e-15,-1.59704289911626e-14,3.53382360746447e-07,-3.94903596258366e-07,-5.11158880249213e-07,-4.26709469606157e-09,1.29498339791086e-05,2.84212106457968e-07,1.27698972827812e-08,-2.41145586337645e-15,3.12051375941947e-08,1.45935039140715e-09,6.69916052948834e-09,-4.70109149549262e-07,1.85841146681366e-06,-3.03597379503244e-15,-2.07368839500812e-15,-2.48220017992521e-15,-2.34341820216858e-08,-7.82086708502204e-08,-6.55579220350892e-08,1.43444200821323e-15,-6.0021943345673e-08,3.2117278492098e-15,-6.04444522192808e-16,1.41979886709617e-06,-3.11759099222495e-08,2.20331394852786e-14,-7.67801902953855e-08,-2.75408030897621e-07,1.44301317467592e-14,1.18783071520514e-07,-1.45466793957412e-15,3.17631177538239e-08,-2.51399478003173e-15,3.16943036129916e-08,2.74380361655626e-07,6.89772859715562e-08,9.34883459900141e-09,6.42102878480137e-08,-8.19642749907262e-06,8.88566981759975e-08,-9.83132635028112e-17,5.25655492140173e-06,-2.28683405586945e-07,1.01320315501284e-16,-1.11388110371177e-06,-8.85992169264267e-08,1.07350988153785e-06,-4.18607266203313e-16,6.6221548499013e-08,6.07665166632538e-07,8.59160813522725e-16,-2.18915005264996e-07,-4.84344726322338e-08,-1.75141085923749e-08,1.06195101401028e-17,5.61055005191852e-16,4.52162547948156e-08,1.38561136269452e-08,1.12121459031354e-09,-1.62450332460924e-07,8.24626761044302e-09,-2.27720883397054e-16,-3.21222706873086e-16,3.01171916537158e-08,2.07603143577836e-10,-1.03069790712425e-15,7.28365662597423e-08,-3.45618793338263e-16,2.61380413839855e-07,-1.39593791415804e-08,-8.15682067697447e-09,-5.40894193135552e-08,1.02415785975196e-16,4.53426232105135e-16,1.20671127192343e-15,-1.69395781269184e-15,-3.01849478906217e-08,-7.83996354046672e-07,-2.6192314054139e-16,-9.44411893984625e-16,-2.517433140386e-16,1.47478001055641e-07,9.92455779636846e-09,-7.30446735666324e-08,3.21892888163565e-16,7.11774023952862e-15,6.90589319213936e-15,-4.53457939341078e-07,9.62347900813354e-08,2.76893106241509e-17,1.26354852186117e-07,-4.4183107126262e-07,2.95190324752648e-17,-9.75064260533771e-17,-4.41181382413899e-08,-4.52049945979301e-10,-2.18704987622497e-08,1.06347287932972e-15,2.46330440819825e-08,3.58929763213805e-08,3.85418352626627e-08,-3.51697039920338e-08,-1.25308204038607e-07,7.98926619746288e-08,-6.24815504644054e-17,-1.75790984407917e-16,1.17934898979804e-16,7.45016611704973e-06,-1.83894961783221e-07,-1.00393509500862e-08,-7.91763520557591e-09,8.23557737137594e-16,2.1359460494373e-16,8.44586712066654e-16,3.72542291888698e-17,-1.48718689292966e-15,2.62187243097915e-07,4.94582924661072e-17,-2.25387817329951e-16,-6.13917343595484e-09,7.05581564396486e-17,-5.49591630790484e-09,2.2325685035146e-17,-6.81434732282018e-09,2.24024828112586e-16,-8.26996933022778e-09,-1.03569436019612e-09,-4.88884377185119e-06,-3.71344823819775e-16,3.32768526219837e-08,2.27047049545298e-16,4.73509722082102e-08,-5.78689580498308e-07,4.62873976755601e-10,-9.11589480083007e-17,6.76945526161187e-08,2.01339819408178e-16,-1.67305190101514e-08,-9.44674459957007e-08,6.38103167725128e-16,1.25377070739507e-16,2.52250258866356e-16,-5.62097675494985e-16,-3.19867153382692e-10,-4.18054897114267e-09,-9.3883200305032e-10,1.18769510698552e-16,-5.17957114111904e-16,-1.18871124177804e-07,0.00114972588034467,-1.08383736130604e-15,-5.25766879059875e-16,-4.0357541679901e-09,-4.16892643530737e-16,-2.87560742698969e-08,6.88151191408186e-16,2.73956431986336e-07,-2.74968534750928e-16,3.17371279401468e-17,1.31510060631087e-16,-1.57390220964128e-16,-1.93362059370446e-16,-3.55210845602874e-15,1.33900684896584e-06,-9.36510508400731e-06,2.75847530235367e-16,-2.46759400205516e-08,9.3936578391258e-08,4.89164703516472e-16,-1.34669501583092e-16,1.35290866860562e-16,-7.47789319201219e-16,9.28613776365904e-09,1.48589949959487e-09,-7.04502716526122e-16,8.71511538128662e-17,-1.68834826643336e-08,-6.02313353672381e-08,-6.30516726232209e-09,5.06672830038403e-17,4.02971476811344e-17,-2.99032533267218e-17,-4.45317114121978e-16,3.36345275674372e-16,1.27925709598188e-16,3.57212636514408e-08,-3.37963251884834e-08,-6.50044458309529e-09,-4.5892375184552e-17,5.1507726989191e-17,2.35549153873728e-16,1.83120434697473e-16,-5.37400045673027e-17,6.40654000218388e-16,5.21064062844189e-16,4.07834055031288e-16,-1.0760618613435e-16,1.42986456764497e-16,-6.63038352632742e-17,2.04085142340818e-16,-1.94294524354887e-16,4.69511356791062e-17,1.84717442972346e-07,-3.1632351058998e-16,-3.21236821013711e-17,-1.71564926468518e-15,3.50408180853045e-07,-6.10805254786546e-10,-4.99854842142939e-17,-3.29556027687181e-07,3.20441759609204e-07,1.61055187168141e-16,-4.57238419138977e-16,-8.94827386304311e-08,7.51075739290304e-17,7.90022706975739e-09,-6.84698503211203e-16,5.3934199579081e-17,-3.59229377406121e-17,4.80007785893024e-16,1.12019265251538e-09,-1.53837551287701e-07,3.11267596056871e-16,5.22495671541192e-16,-1.04433066382578e-16,2.16101866431744e-16,8.8045584726526e-16,1.5327935386182e-16,3.75569724791482e-16,-1.02303632926969e-17,9.57290965634593e-08,-1.72565020614215e-16,9.59901902834072e-18,-1.23175406575235e-16,1.79943560903511e-16,-1.45727095426826e-17,-8.10639623930076e-18,-3.66774314128755e-08,-1.28557741412323e-16,-4.76499777699852e-17,2.7349014008383e-08,-3.25105648059491e-17,-1.25853236538281e-16,1.95758693960671e-17,9.27492505872609e-17,1.57688771614267e-07,-3.44697622543552e-17,-1.68618179359919e-08,-4.77393801298369e-17,-1.71559225429021e-16,2.77865026551215e-17,-1.45391148043744e-14,-1.15338682628382e-17,-1.69055375687646e-16,6.09590005881333e-10,-1.12588943185153e-16,-9.0050778792138e-17,8.63432324450265e-07,-7.61250567387646e-08,5.49125744077474e-17,5.33460643554436e-08,7.8139881524449e-09,-7.30400320991957e-17,8.92551012576365e-17,5.81150616891929e-17,8.66249405925098e-16,1.2176991043719e-17,-1.31442562927052e-08,3.01729107566369e-18,-2.28646234491821e-16,-3.58026571699305e-17,5.26428986447005e-09,-3.35472840798369e-16,7.49246158656281e-17,1.20316309110514e-16,4.08860145901838e-17,-2.39963881546995e-09,-2.29462230269797e-16,4.98366331572788e-09,-2.61999030523707e-17,5.99211444694514e-17,-4.27984106731417e-17,1.17203337154743e-17,-4.58717341351886e-17,9.54773110623755e-17,-6.58758032193062e-17,-1.11967443853748e-07,1.86076460683813e-16,2.76815772004686e-17,3.63802717998428e-08,3.97670834747026e-17,-1.37048549393661e-16,4.40532331418959e-17,6.12436417308787e-17,3.3710577912107e-17,-1.56629040985221e-16,-3.8238958524747e-08,-4.65159352100814e-17,-2.01613686323207e-16,7.85886578979378e-08,1.56982560841588e-17,5.61429647913916e-17,3.76151156021351e-17,-1.63203945381655e-16,1.08399550913716e-16,-1.43810734144631e-17,2.7461205804439e-17,-3.85867220995023e-17,-5.44312626499273e-17,1.30592543877929e-16,-2.9386499285079e-17,-4.12649920159125e-08,1.77090991689586e-07,4.06312762606972e-17,-2.05294064047657e-16,7.15622064733904e-17,1.03106457717383e-16,2.89721369600243e-15,1.48008868353325e-17,3.09367045891468e-16,1.82197128002247e-16,-1.71990658569187e-09,-5.39437094494094e-17,1.38393331369793e-16,-8.61521243000276e-17,8.06887157207256e-18,2.20354613255008e-09,-1.11675372037176e-17,-8.74983206681971e-08,6.55736712646672e-17,-8.30286806472024e-17,-1.20318868064341e-16,-3.11783233566872e-17,-6.31740244868327e-18,-1.98630201588998e-16,-2.07169750002155e-16,-4.37892157648882e-16,-8.96320604158494e-17,-3.77861868206337e-17,-5.39879437309383e-17,-5.63776783481283e-18,1.97629018287391e-17,-2.66607498507552e-16,-3.49915028740247e-19,3.57160018141188e-17,-7.407523334683e-17,-1.35348563135306e-16,-9.73307847914179e-17,-1.1882508005182e-17,4.64184641387178e-16,1.22620595080979e-16,-8.9995259923089e-18,-6.08923775571012e-17,-1.22287482411111e-17,1.66806825676311e-10,-5.25716307350454e-17,-1.94637022143319e-16,-1.23903897739689e-16,5.21614546325472e-17,-1.20302493525103e-16,3.63911061223557e-17,1.48104010107162e-17,7.76454293643163e-17,6.76791149589158e-17,6.28277182534899e-17,3.8273897953185e-15,-6.20050494627231e-18,1.92547114010633e-17,-1.50551479328576e-17,9.74361527021312e-17,1.20730035802556e-17,-2.46742363269874e-17,-2.15101682963565e-09,5.72673959983996e-17,-1.12373621979815e-17,-3.01085489423078e-17,2.44996967892305e-17,-1.94314639490122e-17,2.24276325398047e-17,5.10461010442035e-17,2.23995562922652e-17,1.87412743576743e-17,4.56677526328814e-10,2.90067775183005e-16,1.40279788305568e-17,4.05936618791962e-17,-1.72105503732597e-17,3.08183697723176e-17,7.07281276691458e-17,8.26558872983102e-17,-4.68993613130427e-17,2.30601734907426e-17,3.90014715767129e-18,-3.95214935115763e-17,2.32288916380661e-16,-3.10153587672774e-17,2.30873667519566e-09,1.34485188867378e-16,-3.39688154454134e-17,-1.11532550031562e-16,6.41964133052861e-15,-6.95584579825284e-09,4.43345406289358e-17,-3.43534361528619e-17,-8.46119175028755e-17,6.85881066092541e-17,-1.48884547682607e-16,4.49049195887095e-17,2.4250278109813e-16,5.5567994806976e-17,-7.1793667826947e-17,5.4540103875119e-17,2.19967393178555e-18,5.65721623590802e-17,-6.60530460836672e-17,-5.98230480886696e-17,3.59616391719935e-17,7.46450795436008e-17,-2.44306824223232e-16
"t62",-0.0401603835973254,0.0325293922740392,-0.0530187220309926,0.0230843579497731,0.00605708651880845,-0.00271952876192001,0.017608743404404,-0.0360006264608712,1.43258523794909e-05,-1.46917210660774e-05,7.41640012560276e-05,-0.0117534936271839,0.0219948105915097,-0.00339161074213625,0.000992213793229559,0.180313660732204,-0.00452748338711931,0.0100097787971255,-0.000739572922278959,0.000388087815870916,-0.0536630582164181,0.127126125906457,-0.000132145307240292,0.000957407162817435,-0.000158452973903662,0.000157310208616805,-0.000223864941401949,0.000234871216365256,-0.00583857057140386,0.00293989411379047,-8.24142174796415e-06,1.36112294814155e-05,-0.00408756625463575,9.82164418683618e-06,-5.27465005217055e-06,-7.74855460670558e-06,-0.000303623188971938,2.11684911547476e-06,1.70590501633338e-05,4.59948652436276e-06,0.00023204753042319,-2.94381885433938e-05,0.000248145249278668,-2.9056343212756e-05,0.00633549100209474,-1.28210743064272e-05,1.69274136446831e-05,-0.000336509355021826,2.64182026124888e-05,-5.15919291918406e-05,0.000357691930790458,-3.43269794225936e-05,4.86543932894006e-08,-0.00582545991155531,4.94621389946082e-06,-5.24286101345666e-05,2.33922625216394e-06,-0.000174747520726809,6.03819151651092e-05,-0.1879810222625,9.72939886363202e-09,1.53654698255723e-06,-7.09716585981875e-05,3.98137508397446e-05,-3.56401853406598e-06,9.17130229115388e-05,-6.20733807869211e-07,2.23444262025664e-05,-6.15191379821167e-05,2.44171656674553e-05,-2.00427104875109e-05,0.00158416273717627,-3.28861679605299e-06,-0.00025931944335453,0.000123003211607364,4.57824739107707e-07,-0.0115928881396648,-6.01401182807605e-06,-6.97084326521145e-06,-1.13366966278754e-05,4.24252613529428e-06,6.57050843838569e-05,-9.70479789973269e-06,-6.37606547163713e-05,5.03959211261453e-06,0.00103029264755314,-0.000551453407963639,-1.08540136858991e-05,-4.57361840063784e-06,0.00682196269741374,6.41188365866966e-06,2.52929142182842e-05,3.22948174236536e-06,-0.000249593027823854,-1.99020985681615e-07,-0.000512365987201114,1.19188413611998e-05,0.000293461774679238,-4.99751825709253e-05,-1.44015750503441e-05,-3.21907572374569e-06,1.56169160623577e-06,-4.41952824148972e-06,1.90121166619205e-06,-8.67045606611805e-07,1.02676621160755e-05,-5.75466793001592e-05,1.65867590055942e-05,-1.2441340518349e-05,0.299005722561225,-1.68179550782524e-05,6.15780920888989e-06,-1.51767398925179e-05,2.30056932690554e-05,-9.18240884747691e-08,3.66523728718718e-06,-5.47657148224773e-06,5.96202640058923e-06,-6.1653049190458e-06,1.54096406534713e-05,-7.55085881536629e-05,1.43997576569698e-05,-1.44158530164557e-05,-4.00418738171025e-05,0.000523435955522254,-0.000175544372116286,0.000673312238574639,-3.82077785192101e-06,7.70197812314392e-06,0.000254030012873354,-4.22238247024617e-06,2.45059813238805e-05,-2.95738195017309e-05,-5.96421750249916e-06,1.75897835658971e-05,1.01800089508491e-05,-6.30145548435418e-08,-4.51605994641184e-05,1.61839725428427e-05,-4.67938820653677e-05,-3.09162402691037e-06,-0.000121917023495817,2.46285528209193e-05,1.92748859029275e-06,0.000209504016637924,-3.48942102098082e-07,-2.1851502449138e-05,6.28939947285027e-06,5.61562347765656e-07,-1.70420487381352e-05,-0.230057044766271,1.61123871722461e-05,0.0016472938854183,-5.35019076405975e-05,3.3372635366355e-06,2.49703538167198e-07,-3.3840141182298e-06,2.96309997903723e-05,7.82285763851891e-08,2.33416291967298e-08,5.32760504806982e-06,-8.28998241577996e-08,-1.51965770275069e-08,-2.8375715430313e-06,1.01743495090476e-06,-5.52873873632473e-06,1.41861902825504e-06,2.45167881709906e-08,1.22235784130399e-06,1.69153246415601e-06,-2.08092179023528e-05,-4.93608572360286e-06,1.665859064152e-05,1.63136721611843e-07,2.9171929996201e-06,6.59739074142462e-08,2.61741226309567e-07,-1.94721640316789e-06,-1.65411799739059e-06,-0.00027334883400552,1.35815239575073e-05,4.41667608703967e-05,-1.10021759576326e-06,-3.56587691399095e-08,-1.38153369061254e-07,-2.55517574882549e-07,-5.24054213617226e-06,1.51459248026653e-06,6.94379912521901e-06,-0.000387761508665664,-1.35021945323951e-07,2.6872803613691e-07,1.08574810848128e-06,1.41887644511003e-08,1.91829669067696e-07,-2.79649629765647e-07,-5.18961487741139e-07,-0.000108675305953916,3.11116624558021e-07,1.38630729590639e-07,1.38557502782487e-07,2.34447004895037e-05,-3.89244091050833e-09,-5.25033182838461e-06,-1.14865336372075e-06,-5.1930523047877e-05,8.40385228734143e-07,0.000975143677859808,-4.44309341910474e-06,-2.09332406181053e-07,-2.11778666090253e-05,4.81327687988355e-05,-0.000127309359430427,-2.07004647219566e-06,-1.09915976609988e-05,-1.52451305962925e-06,1.80303184738169e-05,1.99683717953122e-07,-3.81784233574001e-07,-1.97309891736574e-06,-1.09214730439007e-05,0.000122995348777876,3.64417452564405e-06,1.21784468775508e-05,-3.3769706144306e-06,-1.75977747954215e-06,-1.86552159524509e-05,-1.45188158752148e-06,-2.48907554362718e-06,-2.23446568424744e-06,6.58746906518992e-05,1.11398005696488e-05,9.35164300128793e-07,1.60262889893237e-06,-1.11820281248441e-07,-1.80160465390978e-05,-1.84609603714909e-05,-1.55651922084552e-15,-1.53554191634618e-05,0.0643586337119026,4.32044021285697e-06,5.29919745906658e-05,4.53064882824443e-06,-4.09294520643609e-05,5.72083343759346e-07,-0.000656925707770867,2.27426115020624e-08,-1.88523465746783e-09,2.76598368058298e-06,-3.3833518879511e-06,9.80697629865624e-08,-1.29860446782045e-05,5.03796665543773e-07,-3.3097502833187e-06,-0.0169058405754415,-1.36962959355262e-07,4.30907601665196e-08,-4.2071919883888e-06,5.10103577513746e-09,-3.06971899685547e-09,1.24238937718567e-07,-2.72862195407291e-08,3.34713092484065e-06,-1.89833742389165e-06,2.21124574119641e-08,-7.64285085996455e-09,1.17276145348582e-08,8.33475085497563e-07,-1.9131638240215e-06,1.32209951422313e-08,5.37849748988598e-09,-1.22831459394491e-08,1.07356520206972e-06,-5.91022093560978e-05,3.43835775819834e-07,-4.8484307940323e-06,2.94131384836975e-05,-2.76732093994134e-07,6.75561423921632e-07,-2.49582510572702e-07,1.36742366332081e-07,-1.83165781719808e-15,-3.46084652504149e-07,-1.18959230146755e-08,-1.11806551040502e-10,-9.90540183803881e-07,1.78814562001276e-08,-1.11589513640754e-08,-2.00457399679111e-06,2.35724186853807e-07,-2.46329194088826e-07,6.45615139661339e-07,2.38735313405766e-08,-2.18406566369268e-08,2.83496604378686e-07,-3.44295252803057e-07,7.77291309518554e-06,-1.83519870650499e-07,0.000880405481652338,-9.23764129987668e-09,-2.64402993542694e-08,3.76967219496104e-07,-3.16822788644859e-06,7.46591512622243e-08,-2.84605885634965e-07,3.8036702392662e-07,-1.37703097404475e-06,8.48530680400522e-08,7.65074283745933e-08,5.81184416151514e-07,-9.75234138708231e-07,-7.76458710384539e-08,6.25857073055416e-07,-4.05041944526652e-07,9.96041265838524e-09,9.18415919115857e-08,-1.74699007751923e-07,-1.3926298443752e-16,4.37668218532068e-10,1.79504133919863e-06,-5.86948870710309e-06,1.13430648072755e-07,1.01594290785002e-07,2.93967067258834e-08,6.66120533916822e-08,-9.45005847074589e-07,3.26718289187829e-07,-1.83336711033798e-15,-1.97488000169904e-07,-2.31324485846738e-09,-5.86714209963389e-09,1.92676541973424e-07,3.03888545663182e-08,-1.46504096183037e-09,-1.8478417654713e-08,-3.32543779254047e-09,8.83703360509453e-07,-3.69751490451957e-07,1.13647818714082e-07,2.5724341094289e-07,1.56409038854207e-08,7.44349285401619e-07,3.90780388615407e-07,-1.98006863076682e-06,5.98698678685307e-07,2.60392893952912e-15,0.000729191491389976,-0.50644777094322,2.3120343508563e-05,6.1397136978834e-06,-3.36830332364938e-06,-3.31771397428661e-06,1.04642322363806e-05,-3.72786093322256e-05,-2.4204703024869e-07,9.97769632612989e-16,-4.1713701656826e-07,-1.12897608720776e-06,-4.77770091091305e-07,-3.29478674811202e-16,8.41733331789952e-07,1.08174434011e-05,-1.63752610583317e-06,-6.60923126942387e-07,-2.15173132837322e-07,-1.13174507377047e-07,-3.9951387839838e-06,1.07512476001307e-07,1.13802324451802e-06,3.25506240431219e-07,2.22713840652578e-07,1.67796295475831e-05,1.92351628651319e-15,-3.10829024529473e-05,3.8469677065172e-07,2.44410839629055e-06,-2.39826055055334e-07,-1.8098399961568e-16,-2.21369185766222e-07,1.02164669896716e-05,-9.29565837701557e-08,-8.20141529884224e-08,-2.05694428210465e-07,1.12847681890549e-05,-2.78059105045859e-06,3.70249060231427e-07,-9.23058275036132e-16,1.45481289492813e-06,-0.000724603037672326,4.45210658041036e-06,1.5304930206735e-06,-1.55628179464993e-07,-1.04633970997551e-09,-9.08616622978289e-15,5.12049891166891e-15,-1.00962613150933e-09,-3.33030841030943e-05,4.38707419618118e-06,-1.69298450361761e-07,1.66668168320429e-15,-7.95161819621687e-08,-9.34631410092015e-10,-1.77380859214318e-15,2.64823101175737e-16,4.5969374164454e-16,1.95396449747375e-07,5.75265609983093e-07,-8.26699391954533e-07,4.8571539408506e-07,2.41983064208659e-07,4.95213377455891e-07,-1.49538835966073e-06,1.0230642739718e-15,-3.2393038648412e-07,1.17510632471969e-06,-5.68626839097111e-15,-6.04498534033335e-16,-5.62625955449208e-07,-4.34163606562832e-11,-1.22616145962793e-05,2.57546514448157e-07,2.43269755939444e-06,-1.73843474913117e-08,-7.39326181319884e-14,-5.8403101328915e-08,1.90512459611682e-14,-1.98442998898116e-07,0.707106781186553,-1.33375266577684e-05,3.24190569302924e-14,2.80376509959429e-07,5.02235598364695e-07,2.30176712405228e-08,3.02069168702424e-07,1.03996055319386e-06,-4.40853764079038e-06,7.53026983203539e-07,3.73571097987513e-08,1.81717288305711e-07,1.67217033023286e-08,9.66499066189071e-06,-7.32519837938043e-07,-1.80187431342298e-07,-1.45976511359664e-08,-1.28781972292182e-05,-2.05925438258908e-15,3.24996337660673e-06,-5.58759097820677e-07,5.46837361830335e-08,5.01562418613293e-16,7.22300862454295e-09,1.95149091309843e-07,6.97228710465663e-07,-9.95789408905322e-16,-1.17313285945629e-06,-8.95377432373968e-08,-1.27095175377193e-15,-1.18199384061625e-07,1.36436480661007e-05,1.44872451333868e-15,-7.11371731573133e-16,-6.65127468210096e-08,-5.14433508520585e-08,-2.93025979150943e-10,-4.0636528442378e-07,1.07773626335701e-07,2.19897441997862e-07,3.05300788824653e-08,3.72665262500078e-07,-6.31064162178734e-07,-9.77690151060528e-12,9.01740114596154e-09,8.95217478202468e-10,2.46982661349348e-09,2.31056015826361e-07,-1.95254261998739e-16,7.70424869243697e-16,7.59655107336683e-08,2.11216790145211e-15,-3.75448530719855e-16,4.76288606414479e-07,-5.31543640225708e-07,-6.88005130519446e-07,-5.72707086967742e-09,1.73739761753371e-05,3.81278609536368e-07,1.71222365134755e-08,-1.70039778300364e-16,4.16161354529721e-08,1.94407778849138e-09,8.92102673558065e-09,-6.24900873201596e-07,2.46241738266331e-06,-3.3030262766246e-16,4.32526862718354e-16,3.99850669412068e-15,-3.09125501655568e-08,-1.02973975804573e-07,-8.63051177628131e-08,-1.77657951698414e-15,-7.88771913530981e-08,-5.58586863882811e-16,-1.71421549268619e-17,1.85193024589115e-06,-4.0660960255583e-08,1.02319771419538e-14,-9.99644250150924e-08,-3.5820741549267e-07,9.65970151079535e-16,1.54179949838475e-07,2.72495293233024e-16,4.11293401906675e-08,-8.62988755091195e-16,4.10314687147908e-08,3.55154337930229e-07,8.92666620115996e-08,1.20956155553918e-08,8.30276698921532e-08,-1.05756229517923e-05,1.14312083634602e-07,-9.9058470395899e-18,6.73836826218446e-06,-2.93039207371136e-07,7.37347579301634e-16,-1.42664003933133e-06,-1.13374474481843e-07,1.37259478359144e-06,-3.93711725643369e-17,8.44428945820679e-08,7.74460268614926e-07,1.016975807313e-16,-2.78809488551391e-07,-6.16648863251874e-08,-2.22701615350189e-08,-6.56648964782132e-16,9.83088041532878e-17,5.7326586669592e-08,1.75456651267518e-08,1.41941245197325e-09,-2.04590423744452e-07,1.03768315709901e-08,1.1710324684231e-16,2.58151450287621e-16,3.78771042882009e-08,2.61079014467583e-10,1.4461556963659e-16,9.15104111593699e-08,-2.15693657614462e-16,3.28095974670969e-07,-1.75008794471893e-08,-1.02253177337656e-08,-6.7782933310947e-08,-1.15551012548563e-16,-7.23707658130418e-17,-8.14516361882624e-16,2.65004694418095e-16,-3.77126527223811e-08,-9.79274899709489e-07,-5.50145199551938e-16,-5.75185233480141e-16,-4.02658874314179e-20,1.84050141258398e-07,1.23810025209112e-08,-9.10309704102902e-08,-1.17611567220951e-16,-1.5377823006314e-15,2.62715123228139e-15,-5.63194776376494e-07,1.19509824364614e-07,8.73593924231275e-17,1.56710784118116e-07,-5.47693066858306e-07,-1.03395353594215e-16,1.17495820151716e-16,-5.46222113961926e-08,-5.59627353464978e-10,-2.70558093164675e-08,1.53788725047197e-16,3.04375124218861e-08,4.43221834540151e-08,4.75507398516708e-08,-4.33381258122122e-08,-1.54362339126809e-07,9.83577103721742e-08,-5.77715811512201e-16,-3.0277928691875e-16,-4.39857923078243e-16,9.14135373106541e-06,-2.2562767846152e-07,-1.23124870082429e-08,-9.6899993732361e-09,1.57140251592168e-15,-2.86884547479134e-16,4.15149515403138e-17,-1.31115880936274e-16,3.26842163821047e-15,3.20186472373204e-07,-2.74179536524462e-16,3.95729243545978e-16,-7.49098763431857e-09,-1.69346359036519e-16,-6.70578959375253e-09,8.83264734973075e-17,-8.31384198201464e-09,4.61201655484013e-16,-1.00753370233065e-08,-1.26136466589218e-09,-5.9510169725998e-06,3.43200041169651e-16,4.04811783397655e-08,-3.00262693090684e-16,5.75233611753814e-08,-7.01771511811795e-07,5.61278891618799e-10,-1.93212814550835e-16,8.20284819566878e-08,-8.8207312536386e-16,-2.02506892974299e-08,-1.14337610643333e-07,-4.63262463521875e-16,-6.04590757972737e-19,-4.74218847294631e-16,1.53089434745345e-15,-3.86797192537778e-10,-5.05410397152884e-09,-1.13469411797348e-09,2.40356809085291e-16,-1.68975816997781e-16,-1.43482484822064e-07,0.00138768761616001,3.43876296098292e-16,-2.01419529332447e-16,-4.86321290239098e-09,5.67094486631013e-16,-3.46402102738649e-08,4.89666115544997e-16,3.29690985102257e-07,-1.6390858306787e-16,-8.86507845783833e-17,2.95577750999014e-17,-7.42961800970703e-17,-5.023870656255e-17,2.55903828936238e-16,1.60826358688991e-06,-1.12480193949864e-05,-6.64866794210948e-17,-2.96172010197291e-08,1.12715335621156e-07,-1.39999154591222e-16,-2.38957841901068e-16,2.17803112970814e-16,9.04328865077262e-16,1.11291352846395e-08,1.78030684179486e-09,6.32769597655324e-18,1.67785393667335e-16,-2.02224286538514e-08,-7.21400281082512e-08,-7.55077587369970e-09,-2.24645241331382e-16,7.50672788028924e-17,4.16121413571233e-16,-1.22381993789993e-16,-1.98843550905905e-16,-6.53181286276259e-17,4.26851603676288e-08,-4.03768279747954e-08,-7.76460194276012e-09,-2.75912705553581e-17,-9.79348833361553e-17,-2.86886374449059e-16,-9.21944220232968e-17,-1.49575085234338e-16,-9.28997758284905e-16,1.81860727086552e-16,1.15731320900395e-16,1.72067358644903e-16,1.32288614585601e-17,4.85302377876638e-17,2.14554621933954e-16,-1.06928163012574e-16,-1.73972585808815e-17,2.19912327231769e-07,-6.07312094589689e-16,-5.38495593979004e-16,-1.43916407802049e-16,4.16993217449207e-07,-7.26799255922326e-10,6.63839716334364e-17,-3.92115793060931e-07,3.81071060127676e-07,1.62148803623781e-17,1.3308629070211e-16,-1.06344132208982e-07,4.14033020655055e-17,9.38145573108009e-09,-1.12976241394958e-15,-9.55938063523363e-17,4.57121194726135e-17,-5.54937494177469e-16,1.32857980053388e-09,-1.82440378268029e-07,3.71393852186624e-16,7.93854972889145e-17,2.76649168474424e-17,9.22476038615077e-16,2.22403990413322e-17,-1.21815463461129e-16,2.38869706572841e-16,6.02029546023257e-17,1.13051326303014e-07,-2.35122558448544e-17,-8.5156823848955e-18,4.04423425454113e-17,3.05162324068722e-16,2.35659094449574e-16,1.69850192423597e-15,-4.32759243374212e-08,7.34036674983052e-17,6.84606633509461e-17,3.22640366970019e-08,-9.16706246752814e-17,-5.94787748234393e-16,-1.75179699308249e-16,4.51173089640532e-17,1.85677364328233e-07,1.6560915634633e-16,-1.98480297754934e-08,2.12461062964468e-16,6.86481854110761e-17,2.85377691718279e-16,-1.74688350633271e-14,1.70951022084792e-16,2.57677503066459e-16,7.17059592855655e-10,-3.22038540091317e-16,4.0890909616323e-17,1.01512940888421e-06,-8.94971918165776e-08,1.25140701195044e-16,6.2688984210207e-08,9.18123923884573e-09,2.72884632183418e-16,4.11057954659789e-16,-1.15139479117639e-16,2.53184889936193e-16,-1.39749721687815e-16,-1.54127645144204e-08,3.31962348984461e-16,5.09782865513159e-16,-8.59748627656e-17,6.16962915228535e-09,2.88335800758327e-16,-3.55132048325557e-17,1.80045222324568e-16,2.32020961994135e-17,-2.81040907316729e-09,1.53391845882947e-16,5.83554454945091e-09,-1.94964056990433e-16,-1.54401729227113e-17,5.26371286817448e-17,-1.05696349146054e-16,3.48315805972596e-16,2.94408967795308e-17,1.63246763223525e-16,-1.30962053959464e-07,-2.27646744659747e-17,2.50340426254423e-16,4.25404058944932e-08,-1.41764362429788e-16,-1.19245648547551e-16,-8.720778983116e-17,2.6654654701088e-16,-6.95756116176994e-17,-2.48842828994442e-16,-4.46758558838803e-08,-1.00253846384138e-16,3.21966309108213e-18,9.1783035908178e-08,-9.58328664538647e-17,-7.41026712818279e-17,-2.40292234026556e-16,1.82032256925163e-16,-6.31737869074358e-17,-2.26581480627348e-18,-1.34963167127351e-16,1.91354889278444e-16,1.94278302612926e-16,1.34700674810543e-16,7.12736423694229e-17,-4.81263284059599e-08,2.06502673754591e-07,-2.90778769333553e-16,4.37018577240337e-17,-2.04900149953055e-16,2.12218796794115e-16,3.48051206314017e-15,-1.13595318902043e-16,-2.19128010009708e-16,-2.1845181878498e-16,-2.00383155010537e-09,-2.15069624498953e-17,-5.32071121154684e-17,-1.36990476578131e-16,-1.07966073058635e-16,2.56545244175012e-09,-3.02334348613769e-16,-1.01786461154406e-07,-2.63856826249641e-17,-7.00967730346984e-17,-1.23949092330719e-16,1.36319693499927e-17,-2.13346067321479e-16,4.08810147255889e-16,6.87763882908336e-17,9.6435604743775e-17,8.73936857915884e-18,-1.73000285424077e-16,-2.71375944786336e-16,-8.78097409885537e-17,-2.27632173928304e-17,-1.58472171059778e-16,2.69444911220891e-17,2.91852645856128e-16,1.91095042487742e-16,9.12338766496974e-17,-4.71122957480797e-16,8.9012649019083e-17,2.75270698281484e-15,-2.5003232906365e-17,-5.07862824262515e-16,-1.1899596873565e-16,3.07214129930459e-16,1.93477611040369e-10,-3.83554028650096e-16,-1.23371457650905e-15,2.54507488645733e-16,-1.134311616823e-17,4.66697368352943e-16,-5.03666716152568e-17,1.05174456783013e-16,-7.26444631156705e-17,-1.38861161294651e-16,-4.90531043406953e-17,4.61903338533751e-15,1.69075276543907e-16,-1.07487787799361e-17,-8.99879725929687e-17,1.62584161099365e-16,-1.09225237638561e-16,1.38402165026202e-16,-2.49014171481108e-09,2.15486513666397e-16,-1.58307326929639e-16,-3.54126643946045e-17,-4.99155656799294e-17,3.47170522695219e-17,1.9933055185046e-17,-7.94533888461174e-17,1.02425507594172e-17,6.67264743895076e-17,5.27648399044015e-10,8.08486590648171e-17,3.06212641707805e-17,2.12789605445781e-17,-1.30795032742802e-16,1.19261128112369e-17,-1.12782519253747e-17,-7.65576331375196e-17,-1.22364929331599e-16,-4.36711539889312e-17,-2.08642424351901e-16,1.24423208411589e-16,2.56028819912255e-16,-2.28214163738204e-16,2.66242541426952e-09,-3.07822433193289e-17,1.74483970383422e-16,2.54966919786381e-17,-4.91580168751926e-15,-8.01441481565132e-09,5.99765117232791e-17,7.65750227396891e-17,3.12674394501398e-16,-1.2984577229478e-16,2.01042806531257e-16,8.06848422509775e-17,-1.17443786876875e-16,-8.28587995110228e-17,-5.02734277776394e-17,5.14027993700016e-17,-1.96452980082579e-17,2.42826415967947e-16,-1.50201137187852e-16,4.39434018070345e-17,-3.85186750412763e-17,1.2171301550286e-16,-3.41998161115553e-16
"t63",-0.0401603835973254,0.0325293922740392,-0.0530187220309927,0.023084357949774,0.00605708651880867,-0.00271952876192028,0.0176087434044042,-0.0360006264608719,1.43258523795958e-05,-1.46917210668217e-05,7.4164001256101e-05,-0.0117534936271838,0.0219948105915098,-0.00339161074213632,0.000992213793229467,0.180313660732204,-0.0045274833871193,0.0100097787971256,-0.000739572922278925,0.000388087815870887,-0.0536630582164168,0.127126125906456,-0.00013214530724015,0.000957407162817332,-0.000158452973903728,0.000157310208617001,-0.000223864941402112,0.000234871216365264,-0.00583857057140377,0.00293989411378989,-8.24142174813003e-06,1.36112294812787e-05,-0.00408756625463483,9.82164418666833e-06,-5.27465005177148e-06,-7.74855460701358e-06,-0.000303623188971927,2.11684911532564e-06,1.70590501631873e-05,4.59948652415656e-06,0.000232047530423264,-2.94381885428684e-05,0.000248145249278642,-2.90563432123483e-05,0.00633549100209671,-1.28210743061264e-05,1.69274136446094e-05,-0.000336509355021964,2.64182026126707e-05,-5.15919291915541e-05,0.000357691930790527,-3.43269794228613e-05,4.86543934029934e-08,-0.00582545991155718,4.94621389906892e-06,-5.24286101347323e-05,2.33922625188655e-06,-0.00017474752072664,6.03819151654589e-05,-0.187981022262499,9.72939872903838e-09,1.53654698284239e-06,-7.09716585982546e-05,3.98137508398839e-05,-3.5640185338749e-06,9.17130229110549e-05,-6.2073380801944e-07,2.23444262027122e-05,-6.15191379821835e-05,2.44171656672837e-05,-2.00427104873085e-05,0.00158416273717617,-3.28861679603566e-06,-0.000259319443354659,0.000123003211607728,4.57824739409335e-07,-0.0115928881396663,-6.01401182835562e-06,-6.97084326546716e-06,-1.13366966279347e-05,4.24252613526793e-06,6.57050843838784e-05,-9.70479789923651e-06,-6.3760654716225e-05,5.03959211280906e-06,0.0010302926475533,-0.000551453407963513,-1.08540136857418e-05,-4.5736184005037e-06,0.00682196269741602,6.4118836586739e-06,2.52929142191882e-05,3.22948174258816e-06,-0.000249593027823471,-1.99020985160312e-07,-0.000512365987200643,1.1918841360998e-05,0.000293461774679398,-4.99751825711277e-05,-1.44015750512243e-05,-3.21907572403064e-06,1.56169160648124e-06,-4.41952824156037e-06,1.90121166678626e-06,-8.67045606596849e-07,1.02676621157399e-05,-5.75466793004428e-05,1.65867590052117e-05,-1.24413405179728e-05,0.299005722561228,-1.68179550778389e-05,6.15780920878204e-06,-1.51767398927415e-05,2.30056932690363e-05,-9.18240885719735e-08,3.6652372873572e-06,-5.47657148231209e-06,5.96202640006862e-06,-6.16530491903095e-06,1.54096406534946e-05,-7.55085881534039e-05,1.43997576568362e-05,-1.44158530164309e-05,-4.00418738166887e-05,0.000523435955522501,-0.00017554437211637,0.000673312238570243,-3.82077785212722e-06,7.70197812313718e-06,0.000254030012873024,-4.22238247060897e-06,2.45059813239252e-05,-2.95738195019172e-05,-5.96421750263375e-06,1.75897835662117e-05,1.01800089512575e-05,-6.30145549866184e-08,-4.516059946414e-05,1.61839725428169e-05,-4.67938820654534e-05,-3.09162402718178e-06,-0.000121917023495786,2.4628552820776e-05,1.92748859024913e-06,0.000209504016637465,-3.48942102305477e-07,-2.18515024492209e-05,6.28939947291612e-06,5.61562347515676e-07,-1.70420487381272e-05,-0.230057044766264,1.61123871723154e-05,0.00164729388541819,-5.35019076407279e-05,3.33726353672718e-06,2.49703538711799e-07,-3.38401411789038e-06,2.96309997902973e-05,7.82285759918924e-08,2.33416291104813e-08,5.32760504821024e-06,-8.28998244753187e-08,-1.51965771751084e-08,-2.8375715432652e-06,1.01743495090521e-06,-5.52873873661108e-06,1.41861902854762e-06,2.45167879871508e-08,1.22235784143584e-06,1.69153246404158e-06,-2.08092179028352e-05,-4.93608572372291e-06,1.66585906419029e-05,1.63136720996936e-07,2.91719299993568e-06,6.59739073452906e-08,2.61741225907851e-07,-1.94721640347015e-06,-1.65411799745241e-06,-0.000273348834005711,1.35815239573528e-05,4.41667608709372e-05,-1.10021759546424e-06,-3.56587682375874e-08,-1.38153369256294e-07,-2.55517575936672e-07,-5.2405421360271e-06,1.514592480244e-06,6.94379912534564e-06,-0.000387761508667499,-1.35021945992367e-07,2.6872803553686e-07,1.08574810807072e-06,1.41887640513978e-08,1.91829669106763e-07,-2.79649629668386e-07,-5.18961487494347e-07,-0.000108675305953954,3.11116624831326e-07,1.38630729491863e-07,1.38557502344345e-07,2.34447004895933e-05,-3.89244119507662e-09,-5.25033182844837e-06,-1.14865336162257e-06,-5.19305230478279e-05,8.40385229325829e-07,0.000975143677856396,-4.44309341867291e-06,-2.09332405933365e-07,-2.11778666075608e-05,4.81327687983192e-05,-0.000127309359430289,-2.07004647215946e-06,-1.09915976617984e-05,-1.52451305984391e-06,1.80303184745557e-05,1.99683718600042e-07,-3.81784233928181e-07,-1.9730989172083e-06,-1.09214730438264e-05,0.000122995348778307,3.64417452565233e-06,1.21784468774414e-05,-3.37697061421589e-06,-1.75977748001244e-06,-1.86552159526925e-05,-1.45188158790317e-06,-2.48907554282286e-06,-2.23446568414506e-06,6.58746906513043e-05,1.11398005693646e-05,9.35164299952412e-07,1.60262889935036e-06,-1.11820281411309e-07,-1.80160465382502e-05,-1.84609603713687e-05,-1.61106529035445e-15,-1.535541916327e-05,0.0643586337118927,4.32044021268945e-06,5.29919745911909e-05,4.53064882784845e-06,-4.09294520640941e-05,5.72083344323929e-07,-0.000656925707772743,2.27426116690979e-08,-1.88523449365898e-09,2.76598368051672e-06,-3.38335188778937e-06,9.80697636282816e-08,-1.29860446779234e-05,5.03796665588113e-07,-3.30975028496382e-06,-0.0169058405754408,-1.3696295984511e-07,4.30907588061721e-08,-4.20719199111629e-06,5.10103515656551e-09,-3.0697187690107e-09,1.24238937715846e-07,-2.72862204280986e-08,3.34713092440312e-06,-1.89833742294469e-06,2.21124579612664e-08,-7.64285013680648e-09,1.17276144154543e-08,8.3347508524952e-07,-1.91316382302184e-06,1.32209949400159e-08,5.37849815385867e-09,-1.22831462843637e-08,1.07356520108549e-06,-5.91022093522276e-05,3.43835774930402e-07,-4.84843079322027e-06,2.94131384833858e-05,-2.76732093268909e-07,6.7556142410542e-07,-2.49582511299586e-07,1.36742367254366e-07,-6.51463959872186e-16,-3.46084651849895e-07,-1.18959237338582e-08,-1.11805592120217e-10,-9.90540184320535e-07,1.78814567306681e-08,-1.11589510702425e-08,-2.00457399563367e-06,2.35724188141444e-07,-2.46329194393278e-07,6.4561513962681e-07,2.38735313726489e-08,-2.18406562839283e-08,2.83496605595727e-07,-3.44295253067931e-07,7.77291309552432e-06,-1.83519870684733e-07,0.000880405481644926,-9.23764118071253e-09,-2.64402988917551e-08,3.76967219332209e-07,-3.16822788655329e-06,7.46591504113363e-08,-2.84605885770816e-07,3.80367023814453e-07,-1.37703097364654e-06,8.48530681994192e-08,7.65074277878272e-08,5.8118441560802e-07,-9.75234138101176e-07,-7.76458697295634e-08,6.2585707314869e-07,-4.05041943896107e-07,9.96041193079216e-09,9.18415923776055e-08,-1.74699007592133e-07,-1.76509127824702e-16,4.37667759706653e-10,1.79504133610477e-06,-5.86948871360348e-06,1.13430649267349e-07,1.01594290347598e-07,2.93967070287702e-08,6.66120541991986e-08,-9.45005845722805e-07,3.26718289370633e-07,-1.50995652427201e-15,-1.97488001138309e-07,-2.31324423593739e-09,-5.86714159567066e-09,1.92676542912993e-07,3.03888542288843e-08,-1.4650413977538e-09,-1.84784188926981e-08,-3.32543809202328e-09,8.83703357713247e-07,-3.69751489423865e-07,1.13647818709797e-07,2.57243409356418e-07,1.56409019047606e-08,7.44349290313256e-07,3.90780386161085e-07,-1.98006862985074e-06,5.98698677232383e-07,1.03452665651654e-14,0.000729191491389196,-0.506447770943238,2.31203435073538e-05,6.13971369810738e-06,-3.36830332381557e-06,-3.31771397509884e-06,1.04642322363926e-05,-3.72786093300155e-05,-2.42047030174906e-07,1.16595760001498e-16,-4.17137020212285e-07,-1.12897608189649e-06,-4.77770092474501e-07,5.31877060543521e-16,8.41733332322695e-07,1.08174434017886e-05,-1.63752610654535e-06,-6.60923129250741e-07,-2.15173136354383e-07,-1.13174505645903e-07,-3.99513878359741e-06,1.07512476954759e-07,1.13802324790263e-06,3.2550623853284e-07,2.22713840121094e-07,1.67796295370384e-05,1.2811184884435e-15,-3.10829024508015e-05,3.84696768886648e-07,2.44410837876571e-06,-2.39826052607686e-07,8.25539196474539e-16,-2.21369184531823e-07,1.02164670045802e-05,-9.29565815528344e-08,-8.2014151769876e-08,-2.05694427198311e-07,1.12847681876632e-05,-2.78059105112495e-06,3.70249059449193e-07,-2.20159750552412e-15,1.45481289653022e-06,-0.000724603037712013,4.45210658228511e-06,1.53049301729468e-06,-1.55628174705017e-07,-1.0463377645347e-09,1.23622329743536e-14,-3.55463728279743e-15,-1.00963124943011e-09,-3.33030842337434e-05,4.38707420178136e-06,-1.69298448608316e-07,2.74562238829221e-16,-7.95161764399855e-08,-9.346265621876e-10,1.30469421594258e-15,-8.63373184460198e-16,-7.13979202908228e-16,1.9539645129336e-07,5.75265614025103e-07,-8.26699392370513e-07,4.8571538983735e-07,2.41983067967828e-07,4.95213377084062e-07,-1.49538837160858e-06,-2.3081238284217e-15,-3.23930417476365e-07,1.17510632558519e-06,4.16211586537626e-15,3.23152585940759e-15,-5.62625954004473e-07,-4.34391165601514e-11,-1.22616146047088e-05,2.57546461347586e-07,2.43269745664006e-06,-1.73843790321302e-08,5.43073119217268e-14,-5.84032018641314e-08,-1.82029446465292e-14,-1.98442785044611e-07,-0.707106781186541,-1.33375271199589e-05,-3.24721681979682e-14,2.80376560087819e-07,5.02235794743134e-07,2.3017612101681e-08,3.0206916743471e-07,1.03996053134663e-06,-4.40853760091068e-06,7.53026999240746e-07,3.73571326217684e-08,1.81717291538338e-07,1.67217128299097e-08,9.66499067856338e-06,-7.3251983492792e-07,-1.80187432675654e-07,-1.45976498458944e-08,-1.28781972451851e-05,1.51562220704505e-15,3.24996337922668e-06,-5.58759115747486e-07,5.46837302548549e-08,5.42870637116117e-16,7.22300343097622e-09,1.95149089846758e-07,6.97228710182524e-07,1.14195827134393e-15,-1.17313286491256e-06,-8.95377406709308e-08,1.3514433640824e-15,-1.18199378941019e-07,1.36436480725137e-05,-1.74530711730616e-15,-2.6436654141675e-16,-6.65127471060801e-08,-5.14433463382437e-08,-2.93015166820831e-10,-4.06365278827688e-07,1.07773627297234e-07,2.19897440208936e-07,3.05300794878459e-08,3.72665262152078e-07,-6.3106416285535e-07,-9.59129303756967e-12,9.0174083809997e-09,8.95217138651894e-10,2.46982295699449e-09,2.31056017623007e-07,5.58182856011149e-16,-5.9805028118906e-16,7.59655133694761e-08,-2.77476734709185e-15,1.58729161060198e-15,4.76288608271779e-07,-5.31543634211493e-07,-6.88005131608012e-07,-5.72707048722522e-09,1.73739761738446e-05,3.81278611614082e-07,1.71222402715065e-08,2.3058985120968e-16,4.16161342743322e-08,1.9440777605078e-09,8.92102710555315e-09,-6.24900871313573e-07,2.46241738066822e-06,6.95860159102726e-16,-4.27001573760951e-16,3.36039609336611e-15,-3.09125493552755e-08,-1.02973976270749e-07,-8.63051166265671e-08,2.18919127968009e-15,-7.88771853352967e-08,1.22126422364429e-15,-2.34881666312867e-16,1.85193024726229e-06,-4.06609615210828e-08,-1.17751658636772e-14,-9.99644253913933e-08,-3.58207413801659e-07,1.08636724855045e-14,1.54179950970202e-07,3.61209568894942e-16,4.11293417326772e-08,1.69213070191961e-15,4.1031469643725e-08,3.55154337919363e-07,8.92666623558821e-08,1.20956126977563e-08,8.30276698784286e-08,-1.0575622947557e-05,1.14312085662624e-07,-5.35605709885293e-17,6.73836826310811e-06,-2.9303920544178e-07,-6.26951029057347e-16,-1.42664004056057e-06,-1.13374472615331e-07,1.3725947827776e-06,1.40409665102248e-16,8.44428959772536e-08,7.74460267138835e-07,2.43928635879659e-19,-2.78809484722685e-07,-6.1664887238747e-08,-2.22701519176678e-08,7.98961062991253e-16,-1.82479158585049e-16,5.73265861393921e-08,1.7545665623539e-08,1.41941199588182e-09,-2.04590423740616e-07,1.03768322154263e-08,6.11466339232611e-18,-6.00913016452694e-16,3.78771055398141e-08,2.61078350577467e-10,3.82187161749777e-16,9.15104109688273e-08,4.8615742146417e-16,3.28095973685611e-07,-1.75008798853247e-08,-1.02253181897385e-08,-6.77829332381101e-08,-1.12761869528148e-15,-6.11409005951628e-17,4.86247126387016e-16,1.29236138873248e-15,-3.77126495227003e-08,-9.79274898283709e-07,4.49524277450406e-16,6.64277285444548e-16,7.76696477183205e-17,1.8405014356903e-07,1.23809990171376e-08,-9.10309680099943e-08,2.00464960019958e-16,5.35133368911548e-16,-6.59082605539864e-15,-5.63194776094301e-07,1.19509824342846e-07,-1.12266953383172e-16,1.56710785127203e-07,-5.47693065313348e-07,1.41484112369446e-16,-2.14771585161433e-17,-5.46222122251806e-08,-5.59625407964543e-10,-2.70558096194071e-08,-7.5778795824141e-17,3.04375127920363e-08,4.43221838835608e-08,4.75507397647977e-08,-4.33381253642435e-08,-1.54362338996872e-07,9.83577158572048e-08,3.64378077943544e-16,4.47633856840681e-16,4.34347083430926e-16,9.14135373013243e-06,-2.25627679532847e-07,-1.23124871877641e-08,-9.68999961017373e-09,-1.09232403815093e-15,2.73795816441196e-16,-1.14823321838615e-16,1.11707591024942e-16,-7.67801496514951e-16,3.20186470310111e-07,1.28969931973509e-16,-5.5161779652395e-16,-7.49098779137893e-09,2.69086555837059e-16,-6.70578905904351e-09,-9.84539604096568e-17,-8.31384231937015e-09,-3.21342274416198e-16,-1.00753373223591e-08,-1.26136421327423e-09,-5.95101697376171e-06,-3.01662214045512e-16,4.04811797123289e-08,1.65334554809751e-17,5.7523361294493e-08,-7.01771513090869e-07,5.61279420156799e-10,-2.23591238463007e-16,8.20284811307331e-08,7.73346816478692e-16,-2.02506883283792e-08,-1.14337610867251e-07,4.72115462983999e-16,-5.91572805871763e-17,3.2657268582739e-16,6.17845742328909e-17,-3.86796718834458e-10,-5.05410420121819e-09,-1.13469459029642e-09,-2.37720844285119e-16,-7.26603526420107e-17,-1.43482484716815e-07,0.00138768761618593,-6.17958313418881e-16,3.21543504407815e-16,-4.86321303499567e-09,-9.38479962100358e-17,-3.46402101415071e-08,4.11245676931608e-16,3.2969098385509e-07,1.77174365720145e-16,-4.70933240484511e-16,-1.22413383134622e-16,8.50900593849204e-17,-3.51447824111192e-17,-1.32102033608379e-15,1.60826358654595e-06,-1.124801939779e-05,1.72624975865507e-16,-2.96172002796534e-08,1.12715335631456e-07,2.07708988813e-16,2.89664395734723e-16,-3.78698030565726e-16,-9.93832609845163e-16,1.11291350775345e-08,1.78030684710738e-09,1.68623520544047e-16,-2.97790247789885e-16,-2.02224287783516e-08,-7.21400272895792e-08,-7.5507755833795e-09,2.51163210396454e-16,-1.44204623982342e-16,-1.91947297404961e-16,3.43357720144276e-16,-1.97256788599572e-16,3.98020287948535e-17,4.26851592619477e-08,-4.0376828183942e-08,-7.76460144070941e-09,-1.15152009885869e-17,3.43146459230299e-17,3.10912437733933e-16,9.6418377646831e-17,1.66548305889495e-16,7.49974978429781e-16,-2.66225054070067e-16,-1.83160468110204e-16,-3.17296045939728e-17,-6.81270243489895e-17,1.18595039861714e-16,-2.3874240333694e-16,5.09797339156989e-17,8.39703143507779e-17,2.19912325518612e-07,3.73261261700486e-16,5.9951659378628e-16,5.6726005462256e-16,4.16993216937509e-07,-7.26800088394825e-10,1.00038313601923e-18,-3.92115792272623e-07,3.81071061219806e-07,-6.86771561404206e-17,2.6260662257936e-16,-1.06344132687139e-07,-3.14196262734629e-16,9.38145600533514e-09,-4.28301845508312e-16,1.26703526802655e-16,-1.63860428642755e-17,1.76588967183238e-16,1.32857915660144e-09,-1.8244037736009e-07,-5.89662282599815e-16,-2.21286339966618e-16,1.16671095050895e-16,-7.59425515176907e-16,-8.93437122301623e-16,3.24833948426161e-17,-4.09629357148531e-16,5.69878649870912e-17,1.13051324111049e-07,-5.12057259253589e-17,5.25213574794205e-18,4.94732451805191e-17,-4.59308899499532e-16,-2.27867383021496e-16,-2.07293645599172e-15,-4.32759242656881e-08,2.38833962483206e-16,6.95875229113064e-17,3.22640364429955e-08,1.02804486678373e-16,6.31950346215707e-16,5.35354960558152e-17,-1.79507627000873e-16,1.85677363875352e-07,-1.25201821041392e-16,-1.98480290371415e-08,-8.70780706406382e-17,4.57252871524688e-18,-3.28396228051e-16,-2.95485993831401e-14,-3.32814896201268e-16,-6.36961196539822e-17,7.17059503075594e-10,-4.25735110490235e-17,-7.98246495857547e-18,1.01512940855377e-06,-8.94971918927158e-08,3.84756156921748e-17,6.26889836697702e-08,9.18123859940679e-09,-1.38584097450675e-16,-4.96474345956774e-16,1.80737387696519e-16,-1.70422525262598e-16,1.18955213675355e-16,-1.54127652063121e-08,-1.97554353773997e-16,-2.48856048512675e-16,9.07000183123189e-17,6.16962959183826e-09,-5.2995825511414e-16,-3.6417520744137e-17,-2.03029074130475e-16,9.07574172602461e-17,-2.81040840288293e-09,-4.89215424776862e-18,5.83554401529822e-09,1.70029271982689e-16,1.71564638948947e-16,-5.09006848488921e-17,2.3822067200931e-17,-2.28135140683128e-16,-3.54368994310224e-17,-1.80905436295053e-16,-1.3096205437122e-07,-1.01541741864173e-16,-1.95173269595062e-16,4.25404060919163e-08,6.07542071223652e-17,-5.3959338040304e-17,7.39522088549384e-18,-2.9142487342217e-16,-7.96449021632223e-17,1.72662775328631e-16,-4.46758553054535e-08,-1.59968174701618e-16,-6.84292681897603e-17,9.17830350516297e-08,9.30988489175519e-17,3.57862983284745e-17,2.71923975538754e-16,-2.33339277436038e-17,1.60403796281237e-16,1.44097591466399e-17,1.00818198977875e-16,-6.19626322584124e-17,-1.96234841786508e-16,-1.7458662291943e-16,-7.14235077688601e-17,-4.81263271151977e-08,2.06502672744446e-07,2.43545754786744e-16,1.3200784175681e-16,1.94797771969913e-16,-3.63030900951518e-16,-4.3991988303427e-15,1.74869032011851e-16,6.13862589652057e-17,1.77367520987333e-16,-2.00383229477434e-09,-2.88154666807126e-17,-1.6395777874081e-16,1.3176424750139e-16,2.69423521337346e-17,2.56545357100639e-09,3.15050504019785e-16,-1.01786461536532e-07,-9.97517468092238e-18,7.56159560428212e-17,4.34326214644484e-17,-2.0785853971503e-17,5.46214461602777e-17,-1.14993955697988e-16,-8.53887710127904e-17,9.6652677912862e-17,-1.59924097983496e-17,1.63110347054416e-16,3.02627236912358e-16,9.03115049809938e-17,7.49058971966418e-17,2.72167441287829e-16,1.13580630254927e-17,-3.33038766800585e-16,-1.89426500229709e-17,-1.20015064516603e-16,4.83645241967865e-16,-7.06168312276224e-17,-2.12016106800666e-15,2.02536409688366e-17,3.24286019876716e-16,1.38019783481827e-16,-1.49568215699673e-16,1.93477467685651e-10,3.35873024597972e-16,1.29981760197093e-15,-4.49094485108962e-17,-2.5046991287213e-16,-3.80286441464516e-16,-1.04211471681252e-17,-1.26047504972785e-16,4.09814974947561e-17,-1.50573127926614e-16,6.37623658397777e-17,6.19979394544413e-15,-1.99157832381574e-16,1.39311480083291e-17,6.3299897937641e-17,-1.01195596436793e-16,3.64490005788264e-17,-2.14609955606628e-16,-2.49014225872042e-09,-2.67095062003028e-16,1.38628435427817e-16,-3.64494634620901e-17,3.91830194576448e-17,1.33247237852493e-16,1.18333686671223e-16,3.42846609228994e-17,-9.60007558694517e-17,-4.89606311637305e-17,5.27648240814995e-10,2.04153591344505e-16,7.76078525034514e-18,8.86783770422445e-18,1.21841198435963e-16,-2.06223545218736e-17,-3.47692403273348e-17,1.94817521903757e-16,6.28061369312835e-17,-1.16893472723491e-17,-4.60834597955409e-18,7.85024067953463e-17,-5.43741352591246e-17,2.91292161430381e-17,2.66242483660603e-09,6.96969131439236e-17,-1.22363685562628e-16,-1.86594469408198e-16,-3.38235498219896e-15,-8.01441297661202e-09,-1.32394538996385e-16,1.03674605879946e-17,-2.93570386831052e-16,1.04257883735912e-16,1.19925936850004e-16,-6.60532633727869e-17,3.4163909895964e-16,1.19926008434364e-16,-1.15547258382219e-17,-1.46424569806628e-17,6.94338709191862e-18,-1.42075544467598e-16,4.98308896595935e-17,-2.40516955109557e-17,-4.57769580472369e-17,-8.48277405466911e-18,-8.0601337173176e-17
"t855",-0.0400980547356942,0.0324225037755693,-0.0528388215491989,0.0229790529469055,0.00602316344578076,-0.00270161348344781,0.0174904251199217,-0.0357391188376124,1.42025232349534e-05,-1.45376197092643e-05,7.31697854035321e-05,-0.0115577827369725,0.0216173833360568,-0.00333249075772332,0.000974128989038356,0.17682351656482,-0.00443765001023669,0.0098073806766483,-0.000724254047130098,0.000379314423056745,-0.0523445965882604,0.123306272809752,-0.000127933763898546,0.000926705378811396,-0.000153350098619027,0.000151981435392859,-0.000216184028107621,0.000226733856960218,-0.00563035968825035,0.00281398686739435,-7.86224804050266e-06,1.29529477228774e-05,-0.00387367722520344,9.27987185396997e-06,-4.96660304896149e-06,-7.25394657231006e-06,-0.000283955581511967,1.97717983230702e-06,1.5924540031088e-05,4.28825725811229e-06,0.000215813732849118,-2.73196238523618e-05,0.000229971006165427,-2.69251646532322e-05,0.00586114616728432,-1.17872497902962e-05,1.55318847866835e-05,-0.000308478266817087,2.41534353832097e-05,-4.70312896765342e-05,0.000324773506324442,-3.11087688409408e-05,4.40806275939136e-08,-0.00526517106472467,4.44901018927551e-06,-4.71234177229002e-05,2.07340996749235e-06,-0.000154269710513034,5.32802336074894e-05,-0.164177157514146,8.42831817953105e-09,1.32552744640584e-06,-6.10141122386144e-05,3.41977298192884e-05,-3.04105779911914e-06,7.77763826608384e-05,-5.18982036189729e-07,1.85570530009326e-05,-5.09301580557852e-05,2.00970227819285e-05,-1.59566273644747e-05,0.00122564629060951,-2.53246347323728e-06,-0.000197719540969959,9.36653095128008e-05,3.47086497522491e-07,-0.0087731556968055,-4.51079720127987e-06,-5.11850687587532e-06,-8.24933582843052e-06,3.03788950852996e-06,4.6879554774096e-05,-6.73563817157313e-06,-4.38652779653876e-05,3.32925612163455e-06,0.000672551963220316,-0.000355507397529655,-6.98286103872565e-06,-2.94081663881487e-06,0.0043805159831084,4.09695107997329e-06,1.53726087793879e-05,1.95317181971227e-06,-0.000145778175019113,-1.08614950801468e-07,-0.000276503905024681,6.42872097500994e-06,0.000153633394333895,-2.58614514731878e-05,-7.1135112481681e-06,-1.52527851314026e-06,7.37108164551593e-07,-2.07683650759169e-06,6.96809292769705e-07,-3.10270578221935e-07,3.60396910321329e-06,-1.94857129229633e-05,5.55815249278036e-06,-4.09095823663619e-06,0.0954367519254876,-5.31453413499455e-06,1.82738656899867e-06,-4.46830920761133e-06,5.53008253668325e-06,-2.09543553958393e-08,7.35466264767837e-07,-1.0290629165463e-06,9.03260236946834e-07,-7.05879173664747e-07,1.3123266267566e-06,-5.12994242604737e-06,7.30968654603422e-08,5.56723095977128e-07,1.61540021878783e-06,-2.45252058834301e-05,1.66810102269955e-05,-6.67696134257687e-05,5.47535277487941e-07,-2.18745398616416e-06,-7.25806932813379e-05,1.25927546655929e-06,-1.00129212866626e-05,1.27701388225111e-05,2.6777534257806e-06,-9.19126729832885e-06,-5.42771363885521e-06,4.47449762104991e-08,3.95650831954403e-05,-1.85537744315368e-05,5.40442033057773e-05,3.73374930581448e-06,0.000150614989582534,-3.15520093315422e-05,-2.50377210161241e-06,-0.000272192297162765,5.00429886981494e-07,3.81226744008789e-05,-1.34188923738427e-05,-1.26076805542813e-06,4.28821545407079e-05,0.584226188366942,-4.27715381123333e-05,-0.00448943692417433,0.000150274792374824,-1.25364210093432e-05,-9.85587856667417e-07,1.38419355722047e-05,-0.00035796531843271,-1.4938253848851e-06,-4.86888763577664e-07,-0.000217112291868319,4.15545879193846e-06,-2.08597194025913e-06,-0.000272071228224192,2.95023658292944e-05,-9.89533733673971e-05,1.29905260106337e-05,2.21106835103958e-07,1.0981465802775e-05,1.437452383495e-05,-0.000166607514729189,-3.91999368089274e-05,0.000119440791364714,1.13645481511563e-06,1.91812289350469e-05,4.28043793073705e-07,1.68682913387038e-06,-1.12296541499677e-05,-8.6836275191492e-06,-0.00141436481631064,6.93382629768359e-05,0.000217199942811793,-5.33737577108881e-06,-1.7076510321832e-07,-6.53805263453574e-07,-1.16476745907407e-06,-2.36800858558244e-05,6.39117186043564e-06,2.92406412176817e-05,-0.00160025706078331,-5.30056755934148e-07,1.01750433091397e-06,4.06406223682772e-06,5.22531500976608e-08,6.98369190157192e-07,-9.86643482338905e-07,-1.81951670466757e-06,-0.000376210315493089,1.07048394427321e-06,4.57699895947336e-07,4.56671947971459e-07,7.61465516620388e-05,-1.24781672194439e-08,-1.63909253952692e-05,-3.58557682711801e-06,-0.000161759459524343,2.60157691281528e-06,0.00300659980619825,-1.35669695548396e-05,-6.3278723161233e-07,-6.35934451803646e-05,0.000144273536473841,-0.000379033640777085,-6.14596747797388e-06,-3.26319556819351e-05,-4.51835583816658e-06,5.33050224397468e-05,5.90234913174973e-07,-1.12912205764397e-06,-5.84671235856321e-06,-3.23939766739884e-05,0.000366878109554968,1.08890375443357e-05,3.64662235006836e-05,-1.01887463748307e-05,-5.31881870708699e-06,-5.64092326577965e-05,-4.43884261152835e-06,-7.67024629460579e-06,-6.95447118317239e-06,0.000206040370237385,3.50313977193617e-05,2.95656340066222e-06,5.07470691006433e-06,-3.59625286955255e-07,-5.85682970737219e-05,-6.07800348764238e-05,-5.98271144018711e-15,-5.15862629298373e-05,0.217152111950619,1.5068190200577e-05,0.000190384404673684,1.67337151056185e-05,-0.000151437355589992,2.25002608272164e-06,-0.00261405904558932,9.100019140765e-08,-7.75672114602907e-09,1.1613966301157e-05,-1.47933999409685e-05,4.37261436042451e-07,-5.83872645983074e-05,2.3797022475187e-06,-2.1175098373172e-05,-0.128593843030333,-1.26754857981898e-06,9.31047621845862e-07,-0.00010212391903999,-3.42056115330995e-07,5.87929507870936e-08,-1.08120678891514e-06,1.9790835084372e-07,-2.04462439016449e-05,9.35530173905466e-06,-8.20253488448859e-08,2.7497991645517e-08,-2.25140486125626e-08,-1.57811621125272e-06,3.5667001458114e-06,-2.09289860562839e-08,-8.00868903202582e-09,1.50081852251047e-08,-1.26345214384377e-06,1.22990767164286e-05,-4.76256095489244e-08,4.2015101187675e-07,6.64607539297459e-07,-2.80607236193822e-08,1.73170095328484e-07,-7.39610384179368e-08,4.46591748235225e-08,1.76269807278552e-16,-1.46122518659121e-07,-5.16197535204298e-09,-5.26362715083297e-11,-5.45796374941547e-07,1.09619612075609e-08,-7.14779336966731e-09,-1.3104521175474e-06,1.89242803908714e-07,-1.99846290457567e-07,5.25252189913897e-07,2.0308831657839e-08,-2.06439866835971e-08,2.7221235390269e-07,-3.34107245262527e-07,7.79612589919902e-06,-2.04565356513753e-07,0.00101873482875299,-1.0711371883746e-08,-3.06774502996661e-08,4.74392960116916e-07,-4.3331875710486e-06,1.03163577730429e-07,-3.99192555260963e-07,5.43274450160711e-07,-1.97780462602348e-06,1.27763728112313e-07,1.15615839076815e-07,8.84155610615723e-07,-1.49045706035659e-06,-1.20493647095434e-07,9.88142412019485e-07,-6.50067647040485e-07,1.61028428060616e-08,1.50359274744539e-07,-2.94088712630917e-07,9.56967597092707e-17,9.20190168904361e-10,3.89075636738514e-06,-1.33771544859675e-05,2.58928948739422e-07,2.32299049661332e-07,6.81222042330955e-08,1.58498291685576e-07,-2.32563802847886e-06,8.68810863447709e-07,-2.53633911789671e-16,-6.72531818139343e-07,-8.20775009803845e-09,-2.30002204492946e-08,7.65317259083396e-07,1.73866059411541e-07,-1.17658201213085e-08,-4.51602403833566e-07,1.20674941213774e-07,-4.01657362647502e-06,7.63756630699865e-07,-1.55625508477981e-07,-2.81954333680983e-07,-1.49269801594778e-08,-5.52505804206312e-07,-2.81941084255212e-07,1.18417350898454e-06,-3.07064677036011e-07,2.13146918816149e-16,-5.03517196547689e-05,0.00249314748908483,-1.00010700908277e-07,8.97227531598248e-07,-5.57747503021432e-07,-1.17835691472447e-06,4.15308375191465e-06,-1.5083997651617e-05,-1.04717207801568e-07,-1.80504328557019e-16,-1.92818460644018e-07,-5.33652354974518e-07,-2.43285431050947e-07,-1.75950578545109e-16,4.58567952694025e-07,5.97826450906628e-06,-9.1153006983315e-07,-3.73263137138092e-07,-1.24349934907014e-07,-6.64817446911139e-08,-2.37580783892887e-06,6.61388095370829e-08,7.02743991938628e-07,2.05303107632839e-07,1.45334305327225e-07,1.0967687958558e-05,-1.48974131944963e-16,-2.15027335266109e-05,2.68474911391524e-07,1.73734342712486e-06,-1.7489352530259e-07,-1.17180494755557e-16,-1.69269293716693e-07,8.15927293255565e-06,-7.55074071145326e-08,-6.71156059408801e-08,-1.69772269513413e-07,9.45369105283029e-06,-2.38077002968002e-06,3.31318744387288e-07,1.05121666725373e-16,1.34214316458343e-06,-0.000670067761583932,4.13685969856047e-06,1.43123143376182e-06,-1.45604242456355e-07,-9.80652296413334e-10,2.97679417666089e-15,-3.48590762314981e-16,-9.55360830949982e-10,-3.17588190697304e-05,4.18755130780105e-06,-1.62654079440346e-07,4.87301323664311e-16,-7.74008029348368e-08,-9.14639226866282e-10,1.80399806113172e-16,1.2661616685989e-16,-1.44253520411502e-16,1.94137496736233e-07,5.72576617926613e-07,-8.27705259143491e-07,4.88612862960644e-07,2.43557804911947e-07,5.00817150504254e-07,-1.51311766818315e-06,1.31613155644392e-16,-3.30696532662742e-07,1.20316612073991e-06,1.9578669880436e-16,2.68839745074065e-16,-5.82176021146352e-07,-4.50426290464936e-11,-1.27562776802767e-05,2.68465690388725e-07,2.54508478682036e-06,-1.81978939234484e-08,-8.5311265498239e-15,-6.11835624882894e-08,-1.34400364050424e-16,-2.08344598367519e-07,5.54320881596329e-16,-1.40249830980229e-05,-3.23057281527797e-17,2.95401495823977e-07,5.29354261423413e-07,2.43801041978813e-08,3.2027049069214e-07,1.1030812500591e-06,-4.68442193104175e-06,8.01354481093357e-07,3.98884368592626e-08,1.94036069843894e-07,1.78731161514345e-08,1.034897598604e-05,-7.86177645407363e-07,-1.93750506449977e-07,-1.57190737168703e-08,-1.38771887491846e-05,-4.29256598192277e-17,3.50945383701707e-06,-6.04555588735738e-07,5.9474642824412e-08,6.4924594770767e-16,7.86700067192522e-09,2.129904970878e-07,7.61629676725686e-07,-7.26708448607769e-17,-1.28205429316477e-06,-9.80181685262883e-08,-2.46037484776777e-16,-1.29500667628818e-07,1.50182851698105e-05,2.71030189529509e-16,1.33026755886664e-16,-7.33403034906553e-08,-5.67326387451937e-08,-3.23375525980508e-10,-4.48828989171314e-07,1.19249800569373e-07,2.4335009962258e-07,3.37934529728243e-08,4.1344182425569e-07,-7.01366561541623e-07,-2.7405855362872e-13,1.0028579338021e-08,9.95714785084411e-10,2.74816655252306e-09,2.57215594913095e-07,1.42999643020904e-16,4.03330408081572e-17,8.46197333124317e-08,8.68266942255997e-16,-4.24029932276693e-17,5.32571413261856e-07,-5.94729392296331e-07,-7.69799892814224e-07,-6.41656782631638e-09,1.94691641015889e-05,4.27274665559381e-07,1.91925298358746e-08,-1.89567808569749e-16,4.67669091736968e-08,2.1858442006574e-09,1.00321809467439e-08,-7.03333129373156e-07,2.77568503148245e-06,3.07616902397092e-16,-1.52039203912173e-16,4.39010025135623e-15,-3.49187115112127e-08,-1.164219651891e-07,-9.7582722791708e-08,-1.24369814691554e-16,-8.92589432432914e-08,-7.81488573879822e-16,-1.30244258171193e-16,2.10308624371232e-06,-4.61773120447424e-08,-5.04446722481406e-15,-1.13620364167571e-07,-4.07335317933466e-07,6.29352852351769e-15,1.75494114569328e-07,-3.14417382662624e-17,4.68682496077559e-08,5.35218686918598e-17,4.67614266708445e-08,4.04782392890124e-07,1.01749414926454e-07,1.37887074359899e-08,9.46754366833149e-08,-1.20715037956614e-05,1.30661939270638e-07,-8.82108200721627e-17,7.71504883195062e-06,-3.35572118075262e-07,-9.79170624093323e-17,-1.63408859723659e-06,-1.29915020138827e-07,1.57343929159752e-06,1.86084155920216e-16,9.69213724490069e-08,8.89124656655254e-07,1.53790938927092e-16,-3.20193551977841e-07,-7.08292159801014e-08,-2.55949188305194e-08,-4.55329988987817e-17,-1.97323656195069e-16,6.59751660726794e-08,2.02042380282339e-08,1.63467605028568e-09,-2.36186653663637e-07,1.19839587179286e-08,5.53595871770835e-17,1.41384952255065e-16,4.3754795109956e-08,3.01602264102479e-10,4.51981934922392e-16,1.05760473284722e-07,-8.05270970242012e-17,3.7934588249458e-07,-2.02460715148409e-08,-1.18297375520474e-08,-7.84308362701093e-08,-8.26102784875656e-16,-3.29331630044588e-17,-2.79784855919101e-16,4.768977232522e-16,-4.36975282615796e-08,-1.13480997097471e-06,-4.10291454247378e-16,-2.96243497815591e-16,-4.03859285479116e-17,2.13368263618634e-07,1.43557138480478e-08,-1.05599430379228e-07,1.08360050066376e-16,5.88514649004829e-16,-5.85928058118049e-15,-6.54344813124992e-07,1.38859147321743e-07,-2.39313359180376e-17,1.82190945461996e-07,-6.3689506517377e-07,-5.28153420817909e-17,-1.64303120881191e-17,-6.35535899886286e-08,-6.51159284421392e-10,-3.1491265705052e-08,-1.46995532322277e-17,3.54462253142583e-08,5.16307290045594e-08,5.54139384505448e-08,-5.05321519366384e-08,-1.80012152604084e-07,1.14732370610961e-07,3.7872343278754e-16,1.67963373369302e-16,-2.83808172106812e-17,1.06792545988643e-05,-2.635922458649e-07,-1.4386909636017e-08,-1.13331742142499e-08,1.18133421647372e-15,-2.99237235195251e-17,-5.74244529749483e-16,-1.44269615108537e-16,-2.35352724215598e-15,3.74840228513478e-07,-1.61431451373477e-17,-2.02629001130468e-16,-8.77288367114637e-09,3.76604468929318e-17,-7.85347235865996e-09,1.21459477619938e-16,-9.73706057709599e-09,3.83654107692695e-16,-1.18075492934963e-08,-1.47844583415537e-09,-6.97676851594906e-06,3.27321369615298e-16,4.74718933955734e-08,-6.79273075596085e-17,6.74976047740941e-08,-8.2408786737032e-07,6.59130528629961e-10,-7.30720540699643e-16,9.6358457524346e-08,-1.30024907722135e-16,-2.379979871383e-08,-1.34379414145121e-07,-3.22313941491389e-16,1.10759172322721e-16,-3.43605117555452e-16,7.81304380734709e-17,-4.5477495437907e-10,-5.94295098294278e-09,-1.33440706289385e-09,7.29253438805636e-17,3.32183790977948e-16,-1.68831370217388e-07,0.00163288933108033,2.39633936495131e-16,-1.19854460101758e-16,-5.72647806804783e-09,-1.72862339160496e-18,-4.07950958413124e-08,-2.81082379267301e-16,3.88432680742848e-07,5.00785327823364e-17,-1.18673032989724e-15,1.46931404052955e-16,4.32784205514506e-16,5.41702050785416e-16,-1.41807097376662e-15,1.89638688887853e-06,-1.32632646289159e-05,-2.17966445552221e-17,-3.49335048519015e-08,1.32963552107822e-07,4.51997953613351e-16,-2.09709108000957e-16,2.00171044620257e-17,7.00023429859211e-16,1.31350122593452e-08,2.10142890635598e-09,-2.586674230625e-16,-2.91079143630572e-16,-2.38731274834296e-08,-8.51646977760126e-08,-8.91455183157293e-09,4.02833437823536e-16,-1.84853260086377e-16,7.89186702359273e-17,9.38691069153735e-17,2.76521459052742e-16,6.25790718515582e-17,5.04404189249605e-08,-4.77166800423108e-08,-9.17683928108176e-09,4.22826674994433e-16,-1.59890385353292e-17,-1.3831592266402e-16,9.71451711209929e-17,-1.68583869810088e-16,9.64723767356021e-16,-6.23419308586108e-17,-1.51752035597354e-16,-3.75906476862172e-16,-5.41826245839878e-17,1.22150514589324e-16,6.83879394635624e-16,1.39807775096792e-18,5.95396298250397e-16,2.6026403128845e-07,1.59452304503769e-16,1.28664438266603e-15,5.78301903084487e-17,4.9359407773462e-07,-8.60346249959356e-10,-1.58158895284141e-16,-4.64177110405282e-07,4.51199228292284e-07,-2.01929938560837e-16,-3.75136974073152e-17,-1.25947852700442e-07,-8.45884371492183e-16,1.11144184199176e-08,4.74347508228206e-16,6.02061837556505e-16,-3.55474396192807e-16,2.41821276618321e-16,1.57478025464588e-09,-2.16255951477839e-07,-5.73641856255363e-16,6.0396680417887e-16,1.6424764440174e-16,-3.57037942179155e-17,-2.03223687365803e-15,1.90524284742239e-17,-3.48655666744789e-17,2.50799551745535e-16,1.3423003012146e-07,2.26005369879897e-17,-2.66927589607083e-16,1.24443032052335e-16,-6.26989434453734e-16,7.40726341590948e-17,-9.8645411400991e-16,-5.14009689761174e-08,1.87793182135707e-16,-5.3261284884618e-16,3.83240360276407e-08,-6.06456033784561e-16,9.79605871311593e-16,-1.11971844045679e-16,-1.18022313873976e-15,2.20714269186036e-07,8.91286606419047e-17,-2.35963614756669e-08,2.30027459943287e-16,5.31048327406883e-17,1.19140592644001e-15,-3.54597728069451e-14,-3.83363864237055e-16,-2.32652162932654e-16,8.52700307787738e-10,-4.21540893139161e-17,-3.04058789050859e-16,1.20739505056606e-06,-1.06449038065739e-07,1.61609685799295e-16,7.45757328576022e-08,1.0922717086153e-08,2.50930837382226e-16,4.46762098253027e-16,3.14582610032508e-16,-5.23609498068246e-17,2.61667189385314e-16,-1.83504214692161e-08,-2.98692592137152e-16,-2.25865206245563e-17,-6.39514007892549e-16,7.34698961438973e-09,-1.2396197456197e-15,1.08400492233982e-15,-4.81993538790623e-17,3.42686352832831e-16,-3.34758074355693e-09,-3.06931095771088e-16,6.95147569302834e-09,-1.15812920156572e-16,5.73373135723221e-16,1.45067596386546e-16,1.18953605145705e-16,2.35721880950327e-18,-2.49564215857222e-17,1.75109189356079e-16,-1.56070084764958e-07,8.63056840427937e-16,9.11433486865833e-16,5.07013611913823e-08,-1.5115100969212e-16,1.73014728091269e-16,-4.85288762172196e-16,-1.55715018552917e-16,4.24679840989409e-16,-4.10620112292372e-16,-5.32631984835285e-08,-1.56783381930146e-15,4.34229828067794e-16,1.09440299845759e-07,-1.09019417520559e-15,3.90530204620293e-16,-4.8309321878036e-16,-1.02246128047593e-16,-1.64618992786391e-15,-4.9668772625062e-16,-5.7016043681852e-16,-3.99270900655216e-16,-9.86530867871299e-16,5.47324680530522e-16,-6.87523788961345e-16,-5.74139763677964e-08,2.46369343131665e-07,-1.50537652193841e-15,-6.08243515812737e-17,-6.64073432754005e-16,2.03612456067694e-15,-2.42173515054687e-14,-6.08250507946525e-17,1.26459759181695e-16,-1.76039184915665e-16,-2.39142786146916e-09,-3.50030832522015e-16,1.87288797465942e-16,-6.56215744540028e-16,4.20934772570223e-16,3.06248155011167e-09,-3.52284893172969e-17,-1.21541653732935e-07,-4.37027556463295e-16,-1.35206342341618e-17,-6.62462020144284e-16,-9.63079176351241e-16,2.07846849715636e-16,-3.33615145134432e-15,9.58180193452897e-16,-2.06106893787382e-16,-3.00705148388512e-16,-1.44388877517247e-15,7.70360673032765e-16,1.17709473224371e-15,-1.73576396742875e-15,-8.44313168156757e-16,-4.77113144249679e-16,-2.60188908398687e-15,9.83490437868009e-16,-4.69295783287313e-16,-3.89205097871841e-16,1.74977040207059e-15,8.60711069739939e-14,5.67415717762354e-16,-4.91308897948047e-15,-1.15336776946606e-15,1.49008584441786e-14,2.31266674824559e-10,-6.08095580838494e-15,-7.6209894814205e-15,-5.51861384875444e-16,-2.42080371316788e-15,6.41975699099297e-15,4.60766315498643e-15,3.2558198472811e-14,2.13323281724604e-15,-4.21197121453225e-13,3.43914994406081e-13,-0.707106781186548,-7.05557578609463e-14,-7.62216153887162e-16,-2.40617618314643e-15,3.53385000696134e-15,-1.81070203340426e-15,-4.71954804451651e-15,-2.97851657424854e-09,-2.78373481375327e-15,4.54210544034008e-16,-5.05869321735917e-17,5.37575941084841e-16,1.21230502008671e-15,4.03890770614964e-16,3.49836960033391e-16,3.02750442762775e-15,-8.21392023659888e-17,6.31544554669338e-10,4.14330136418425e-15,-3.9758293140686e-17,5.01804551480182e-16,3.80337165729029e-16,7.82307435606459e-16,-8.94049878719205e-16,5.04540744176577e-16,-1.43768568329805e-17,3.97702510201883e-16,-1.91974553353996e-15,-7.96030440372595e-16,1.68153970755435e-16,4.79520211643407e-16,3.18869526840401e-09,-3.93911507132364e-16,-6.37887344394878e-16,1.19492293265057e-15,-1.40593884215344e-14,-9.60133497473785e-09,-1.66932718495224e-16,-3.62115873968685e-16,1.02742944827461e-16,2.2153847927066e-16,-1.83322691158716e-16,2.62072968567866e-16,6.88218324464736e-16,6.63961928366488e-16,-4.2465584096461e-17,-7.55856170402325e-16,-3.15147180527166e-17,-7.8997458432018e-17,3.32109081211291e-16,2.30211960392625e-16,-2.58080415771471e-16,-2.6111817116365e-16,7.0937845034055e-16
"t856",-0.0400980547356942,0.0324225037755687,-0.0528388215491992,0.0229790529469053,0.00602316344578051,-0.00270161348344808,0.0174904251199221,-0.0357391188376116,1.42025232361229e-05,-1.45376197095276e-05,7.31697854039974e-05,-0.0115577827369719,0.0216173833360568,-0.00333249075772314,0.000974128989038439,0.17682351656482,-0.00443765001023629,0.00980738067664829,-0.000724254047130074,0.000379314423056593,-0.0523445965882606,0.123306272809752,-0.000127933763898564,0.000926705378811444,-0.000153350098618952,0.000151981435392747,-0.000216184028107585,0.00022673385695966,-0.00563035968824956,0.00281398686739341,-7.86224804042307e-06,1.29529477227198e-05,-0.00387367722520164,9.27987185421341e-06,-4.96660304900852e-06,-7.25394657219527e-06,-0.000283955581511896,1.97717983202232e-06,1.59245400312018e-05,4.28825725812782e-06,0.000215813732849349,-2.73196238522622e-05,0.000229971006165334,-2.69251646529051e-05,0.00586114616728433,-1.17872497904972e-05,1.55318847866673e-05,-0.000308478266817012,2.41534353833892e-05,-4.70312896767887e-05,0.000324773506324455,-3.11087688410805e-05,4.4080627735232e-08,-0.00526517106472411,4.44901018914256e-06,-4.71234177229509e-05,2.07340996744512e-06,-0.000154269710512873,5.32802336076193e-05,-0.164177157514148,8.42831812104952e-09,1.32552744654481e-06,-6.10141122389222e-05,3.41977298193838e-05,-3.04105779902018e-06,7.77763826614241e-05,-5.18982036183807e-07,1.85570530007652e-05,-5.0930158055917e-05,2.00970227819324e-05,-1.59566273644488e-05,0.0012256462906082,-2.53246347306312e-06,-0.000197719540969944,9.36653095129588e-05,3.47086497147789e-07,-0.00877315569680562,-4.51079720145582e-06,-5.11850687639128e-06,-8.24933582842152e-06,3.03788950856589e-06,4.68795547740845e-05,-6.73563817211881e-06,-4.38652779649963e-05,3.32925612166938e-06,0.000672551963220263,-0.00035550739752957,-6.98286103888031e-06,-2.94081663878786e-06,0.00438051598310814,4.09695107999106e-06,1.53726087790891e-05,1.95317181979746e-06,-0.000145778175019081,-1.08614950747085e-07,-0.000276503905024532,6.42872097499008e-06,0.000153633394333923,-2.58614514731604e-05,-7.11351124813082e-06,-1.52527851303674e-06,7.37108164371159e-07,-2.07683650769516e-06,6.96809292496866e-07,-3.10270578067128e-07,3.60396910345768e-06,-1.94857129228396e-05,5.55815249292328e-06,-4.09095823662794e-06,0.0954367519254852,-5.31453413496612e-06,1.82738656836034e-06,-4.46830920759559e-06,5.53008253649729e-06,-2.09543555549949e-08,7.35466265506057e-07,-1.02906291663428e-06,9.03260236649433e-07,-7.0587917360085e-07,1.31232662665917e-06,-5.12994242586739e-06,7.30968654399982e-08,5.56723096027372e-07,1.61540021883306e-06,-2.45252058833733e-05,1.66810102268651e-05,-6.67696134246017e-05,5.47535277397082e-07,-2.1874539862311e-06,-7.25806932814358e-05,1.25927546628781e-06,-1.0012921286491e-05,1.27701388227787e-05,2.67775342596423e-06,-9.19126729900769e-06,-5.42771363915204e-06,4.47449762049192e-08,3.95650831951811e-05,-1.85537744315332e-05,5.40442033056585e-05,3.73374930591418e-06,0.000150614989581615,-3.15520093316783e-05,-2.50377210141675e-06,-0.000272192297163071,5.00429886993783e-07,3.81226744010179e-05,-1.34188923738529e-05,-1.26076805565892e-06,4.28821545406098e-05,0.584226188366949,-4.27715381120336e-05,-0.00448943692417391,0.000150274792374601,-1.25364210095813e-05,-9.85587856682815e-07,1.3841935572333e-05,-0.000357965318432463,-1.49382538519144e-06,-4.86888763719281e-07,-0.000217112291868216,4.15545879195114e-06,-2.08597194002993e-06,-0.000272071228224226,2.95023658291207e-05,-9.89533733677436e-05,1.29905260105526e-05,2.21106835217426e-07,1.09814658030742e-05,1.43745238347009e-05,-0.00016660751472904,-3.91999368089281e-05,0.000119440791365273,1.1364548151606e-06,1.91812289350634e-05,4.28043793572807e-07,1.6868291337111e-06,-1.12296541499278e-05,-8.68362751915312e-06,-0.00141436481631077,6.9338262976989e-05,0.00021719994281164,-5.3373757709481e-06,-1.70765103635817e-07,-6.53805263898064e-07,-1.16476745872413e-06,-2.3680085855539e-05,6.39117186054239e-06,2.92406412176765e-05,-0.00160025706078589,-5.30056756238607e-07,1.01750433066646e-06,4.06406223687369e-06,5.22531497918852e-08,6.98369189777491e-07,-9.8664348227503e-07,-1.81951670445256e-06,-0.000376210315493674,1.07048394414844e-06,4.57699895965471e-07,4.56671948063029e-07,7.61465516621212e-05,-1.24781672460812e-08,-1.63909253950362e-05,-3.58557682600655e-06,-0.000161759459524261,2.60157691196608e-06,0.00300659980619748,-1.35669695548683e-05,-6.32787231714888e-07,-6.35934451808141e-05,0.000144273536474804,-0.000379033640777048,-6.14596747776831e-06,-3.26319556818351e-05,-4.51835583870397e-06,5.33050224400059e-05,5.90234913014174e-07,-1.12912205802489e-06,-5.84671235864435e-06,-3.23939766741215e-05,0.000366878109555093,1.08890375453773e-05,3.64662235002582e-05,-1.01887463751248e-05,-5.31881870753563e-06,-5.64092326578702e-05,-4.43884261130628e-06,-7.67024629368336e-06,-6.95447118303683e-06,0.000206040370237402,3.50313977195199e-05,2.95656340070482e-06,5.0747069100047e-06,-3.5962528687708e-07,-5.85682970737079e-05,-6.078003487643e-05,-5.97563454469144e-15,-5.15862629292155e-05,0.217152111950611,1.50681902015054e-05,0.000190384404673647,1.67337151056032e-05,-0.000151437355588856,2.25002608264482e-06,-0.00261405904558915,9.10001907359718e-08,-7.75672094873393e-09,1.16139663014297e-05,-1.47933999409889e-05,4.37261436052887e-07,-5.83872645981916e-05,2.37970224755606e-06,-2.11750983732998e-05,-0.128593843030323,-1.26754857972243e-06,9.31047622058884e-07,-0.000102123919039568,-3.42056115292895e-07,5.87929512932469e-08,-1.08120678897272e-06,1.97908350724575e-07,-2.04462439017218e-05,9.35530173923945e-06,-8.20253487385382e-08,2.74979916418635e-08,-2.2514048243888e-08,-1.57811621101974e-06,3.56670014557937e-06,-2.09289858772627e-08,-8.00868920674204e-09,1.5008184992435e-08,-1.26345214383143e-06,1.22990767190735e-05,-4.76256097746094e-08,4.20151011530919e-07,6.64607539843909e-07,-2.80607238041225e-08,1.73170095289216e-07,-7.39610392128874e-08,4.46591751963654e-08,3.10982839422862e-17,-1.46122519372094e-07,-5.16197545192615e-09,-5.26360947193737e-11,-5.45796374631323e-07,1.09619612431488e-08,-7.14779330835419e-09,-1.3104521171793e-06,1.89242804085551e-07,-1.99846291411508e-07,5.25252190053456e-07,2.03088313321821e-08,-2.06439866502191e-08,2.72212354388308e-07,-3.34107245542544e-07,7.79612589911248e-06,-2.04565356110887e-07,0.00101873482873818,-1.0711371821502e-08,-3.06774506791248e-08,4.74392960004467e-07,-4.33318757131018e-06,1.03163577770847e-07,-3.99192555304876e-07,5.4327444982302e-07,-1.97780462466749e-06,1.27763728142092e-07,1.15615839446261e-07,8.84155610454032e-07,-1.4904570615882e-06,-1.20493646390424e-07,9.88142412635193e-07,-6.50067647038389e-07,1.61028430472738e-08,1.50359274930002e-07,-2.94088712897406e-07,2.16838483108678e-17,9.20190141078975e-10,3.89075636695774e-06,-1.33771544870471e-05,2.58928948478903e-07,2.32299049293695e-07,6.81222041105351e-08,1.58498292254272e-07,-2.32563802757878e-06,8.68810863531215e-07,4.31464602273917e-17,-6.72531819190445e-07,-8.20775031162703e-09,-2.30002204357424e-08,7.65317259783971e-07,1.73866059405524e-07,-1.17658210847917e-08,-4.51602403715851e-07,1.20674941023516e-07,-4.01657362587003e-06,7.63756630638022e-07,-1.55625508234443e-07,-2.81954333160074e-07,-1.49269796116193e-08,-5.52505804153194e-07,-2.81941084216955e-07,1.18417350926377e-06,-3.07064677086273e-07,4.32732344776363e-16,-5.03517196550084e-05,0.00249314748909508,-1.00010701396349e-07,8.97227531909956e-07,-5.5774750271824e-07,-1.17835691443177e-06,4.15308375188498e-06,-1.5083997651518e-05,-1.04717207873322e-07,1.8467128226138e-17,-1.92818460148097e-07,-5.33652355165145e-07,-2.43285431139203e-07,-7.4382698996677e-17,4.58567953058406e-07,5.97826450906836e-06,-9.11530069658319e-07,-3.73263137543167e-07,-1.24349934340635e-07,-6.64817443449565e-08,-2.37580783906113e-06,6.61388095072019e-08,7.02743990780532e-07,2.05303107190333e-07,1.45334305423668e-07,1.09676879597522e-05,2.82796667810831e-16,-2.15027335270512e-05,2.68474911281183e-07,1.73734342657649e-06,-1.7489352510167e-07,6.58109592178262e-17,-1.69269293152385e-07,8.15927293520438e-06,-7.55074071351462e-08,-6.71156054311461e-08,-1.69772270059149e-07,9.45369105430741e-06,-2.38077002930422e-06,3.31318744009964e-07,9.44669840519117e-18,1.34214316425847e-06,-0.000670067761589989,4.13685969829147e-06,1.43123143384479e-06,-1.45604241884552e-07,-9.80652376442488e-10,-9.72239687078341e-16,3.27318322104693e-16,-9.55360266667282e-10,-3.17588190697022e-05,4.18755130764142e-06,-1.62654079332665e-07,3.01829223743202e-16,-7.7400803067861e-08,-9.1463918728278e-10,-2.91617450306485e-16,4.45575569977315e-17,3.14231441587099e-17,1.94137496367499e-07,5.72576617950211e-07,-8.27705258982279e-07,4.88612862768884e-07,2.4355780501824e-07,5.00817151839267e-07,-1.5131176681042e-06,4.0501861067771e-17,-3.3069653264682e-07,1.20316612124599e-06,-2.72079275781553e-17,-4.43412628469088e-16,-5.8217602136826e-07,-4.50421360969303e-11,-1.27562776823245e-05,2.68465690488683e-07,2.54508478720002e-06,-1.81978944016022e-08,-8.78824567335738e-15,-6.11835621519968e-08,1.75768723682635e-16,-2.0834459822e-07,2.0085755388654e-15,-1.40249830978054e-05,6.15442420918443e-17,2.95401494449786e-07,5.29354261479797e-07,2.43801039406986e-08,3.20270490779372e-07,1.10308125092367e-06,-4.68442193085709e-06,8.0135448097131e-07,3.98884368032972e-08,1.94036069599699e-07,1.78731162700935e-08,1.03489759856086e-05,-7.86177645515356e-07,-1.93750506062511e-07,-1.57190746740638e-08,-1.3877188749595e-05,3.89998144598872e-17,3.50945383711851e-06,-6.04555588566206e-07,5.94746426154939e-08,1.38233524165324e-16,7.86700043111423e-09,2.12990497194114e-07,7.61629676918706e-07,-4.60866036984606e-18,-1.28205429326413e-06,-9.80181683265364e-08,-3.0113083928154e-17,-1.2950066798021e-07,1.50182851690964e-05,2.04592197532379e-16,-3.39087285280794e-16,-7.33403033590455e-08,-5.67326383124577e-08,-3.23375794156207e-10,-4.48828989503161e-07,1.1924980055286e-07,2.4335009963265e-07,3.37934526619545e-08,4.1344182412558e-07,-7.01366561822935e-07,-2.86090595658095e-13,1.00285786219741e-08,9.95715379000402e-10,2.74816640016149e-09,2.5721559480486e-07,-3.52236170189254e-18,3.32789020137485e-17,8.46197329851164e-08,-8.10490284862908e-16,-7.20892945649859e-17,5.32571413012541e-07,-5.94729392078551e-07,-7.69799891269327e-07,-6.41656792992155e-09,1.94691641016264e-05,4.27274665411557e-07,1.91925296706719e-08,-5.43694550818491e-17,4.67669094053003e-08,2.18584442307239e-09,1.00321805545961e-08,-7.03333129922894e-07,2.77568503075656e-06,-3.1558628530164e-16,1.71939964377451e-16,3.11539472209076e-15,-3.49187115901357e-08,-1.16421964739449e-07,-9.75827223720935e-08,-1.37127725084165e-16,-8.92589430667804e-08,7.77426973418504e-16,7.10182604663673e-17,2.10308624392561e-06,-4.61773124318257e-08,-7.56791853520227e-15,-1.13620364078876e-07,-4.07335317801233e-07,5.85034979181703e-15,1.75494114867993e-07,1.70634429969993e-16,4.68682495431276e-08,-3.6638707203934e-17,4.67614268206818e-08,4.04782393456977e-07,1.01749415133439e-07,1.37887085278862e-08,9.46754366095034e-08,-1.20715038102021e-05,1.30661939390837e-07,1.60480721232773e-16,7.71504883226271e-06,-3.35572118073267e-07,1.2749944493958e-16,-1.63408859788389e-06,-1.29915019826283e-07,1.57343929010831e-06,-2.32617038981793e-16,9.69213735025027e-08,8.8912465759781e-07,-1.64284440700719e-16,-3.2019355199785e-07,-7.08292159661841e-08,-2.55949192682282e-08,1.1637593172624e-16,2.2481689697817e-16,6.59751655715982e-08,2.02042379757913e-08,1.63467587931976e-09,-2.36186653774308e-07,1.19839581658706e-08,-1.07404487922557e-16,-1.9376917696572e-16,4.3754795279931e-08,3.01602928353396e-10,-5.12486493020332e-16,1.05760472629183e-07,-1.02867185658261e-16,3.79345883079066e-07,-2.02460714359569e-08,-1.18297375276143e-08,-7.84308362464053e-08,-7.75495533010324e-16,-5.09481663125158e-17,2.56579805139225e-16,-5.76177498400572e-16,-4.36975280696675e-08,-1.13480997149525e-06,4.08321322473754e-16,2.71938959774452e-16,6.23833910762412e-17,2.13368263618168e-07,1.43557128598384e-08,-1.05599430627406e-07,-2.67023862860126e-16,5.5041251341942e-15,7.57384101576293e-16,-6.54344812023101e-07,1.38859147876468e-07,2.04377735812864e-17,1.82190944214943e-07,-6.36895066043656e-07,1.11912402974053e-16,4.26144680593296e-17,-6.35535897259615e-08,-6.51159613153066e-10,-3.14912656668621e-08,-2.12350850763033e-16,3.54462245220572e-08,5.16307293061478e-08,5.54139382645455e-08,-5.05321513061799e-08,-1.80012152377498e-07,1.14732365919135e-07,-4.41337282946991e-16,-2.30029966463192e-16,2.67970844823216e-17,1.06792546015677e-05,-2.63592245466353e-07,-1.43869096089632e-08,-1.13331744052053e-08,-1.23368329667925e-15,4.26080827253426e-17,6.66268171525208e-16,8.93107742135995e-17,1.44662846428161e-15,3.74840228644246e-07,-1.86290532854429e-18,6.32236348656028e-17,-8.7728848198964e-09,-9.14006954958881e-17,-7.85347257276821e-09,-1.02569289963782e-16,-9.73706039975953e-09,-3.73686506625845e-16,-1.18075491656244e-08,-1.47844583210169e-09,-6.97676851504411e-06,-4.79668720310772e-16,4.74718932921408e-08,1.77793146537516e-17,6.74976046670784e-08,-8.24087867045394e-07,6.59130931394657e-10,5.14477506431745e-16,9.63584564303857e-08,1.05017438742934e-16,-2.37997986563016e-08,-1.34379414345029e-07,2.97362760759325e-16,-1.15744977870393e-16,4.06899949893152e-16,2.58523333540226e-17,-4.54774746460064e-10,-5.94295134656385e-09,-1.33440814996491e-09,-1.13868990371087e-16,-1.02579944292677e-15,-1.68831370100519e-07,0.00163288933107255,-8.35594547764565e-16,5.23383639877138e-17,-5.72647878961171e-09,-8.52158475105403e-17,-4.07950953517218e-08,2.59792023318654e-16,3.88432680918182e-07,2.77028323407023e-17,1.00144434266018e-15,-1.02856652513108e-16,-4.20633225139995e-16,-4.43700095505137e-16,1.62502012876898e-15,1.89638689215282e-06,-1.32632646299398e-05,9.70709399820312e-17,-3.49335046308252e-08,1.32963551922121e-07,-6.70011749559119e-16,2.37061665567604e-16,-4.78152260413574e-18,-6.12703419816426e-16,1.31350122337175e-08,2.10142835779607e-09,1.93104438929043e-16,1.05206195294727e-16,-2.38731273103995e-08,-8.51646987275362e-08,-8.91455069311896e-09,-3.77522176250317e-16,4.18317279693745e-17,-3.68562980671775e-17,-2.1899467057416e-16,-2.4997423576477e-16,-3.27478177246053e-17,5.04404186641483e-08,-4.7716681245706e-08,-9.17683860993906e-09,-4.1782831642865e-16,-6.93922259805924e-19,1.97555787450453e-16,-1.13500991368322e-16,9.8405314521518e-17,-9.33400262106523e-16,-4.30162943827856e-17,9.21879223927284e-17,4.69674725704923e-16,4.88356218411449e-17,-1.58087871693131e-16,-7.36150941535192e-16,-3.47606921288628e-16,-5.93546650670739e-16,2.60264030453647e-07,-6.9460461469107e-17,-1.22761756779951e-15,-1.33568405876338e-16,4.9359407887434e-07,-8.60345737554633e-10,2.12365488310712e-16,-4.64177109608893e-07,4.51199229483713e-07,9.54920761046675e-17,7.63137423910888e-18,-1.25947853560897e-07,8.69931807445213e-16,1.1114417248615e-08,-1.3310692484887e-16,-6.77163408276754e-16,3.24572628397338e-16,-1.16663272078681e-16,1.57478088695036e-09,-2.16255952617767e-07,4.42378483444022e-16,-6.78572910678004e-16,-3.04000590213772e-16,-8.16553812340229e-16,1.34097335082705e-15,-3.01110660059543e-17,2.60730209706913e-17,-2.23527934785863e-16,1.34230030789278e-07,-1.6932924362295e-16,2.16577537975667e-16,5.11734014623878e-18,6.39011716017128e-16,-1.44934015930294e-16,1.7079924412648e-15,-5.14009687763542e-08,-2.31435049889883e-16,3.90122185757537e-16,3.8324035312556e-08,5.8325668324577e-16,-9.36664110352218e-16,1.97940694097109e-17,1.11537637280448e-15,2.20714267236776e-07,-1.50167653598832e-16,-2.35963613664062e-08,-1.59045213998061e-16,-5.01563034276026e-17,-1.28433029391848e-15,-5.37209021076277e-15,3.8283000198293e-16,2.28718647474577e-16,8.5270077033972e-10,-2.20914783107959e-16,3.43208680127917e-16,1.20739504852388e-06,-1.06449036978143e-07,-1.75258990558624e-16,7.45757331960353e-08,1.09227173180636e-08,-2.33405927963992e-16,-3.65131143960943e-16,-3.15814811130496e-16,1.9465004324275e-16,-2.784910960092e-16,-1.83504213586193e-08,2.14806768652336e-16,3.17222902015339e-17,6.35986105605462e-16,7.34698970352142e-09,1.22985652690744e-15,-1.05652661926225e-15,1.3889368277787e-16,-3.2222922551518e-16,-3.34758041205074e-09,3.59303171036123e-16,6.95147544086507e-09,1.32122684209797e-16,-5.56322827080964e-16,-1.15160961443038e-16,-1.6911327117679e-16,5.48952970226043e-17,-1.9270332654187e-17,-1.97723305752597e-16,-1.56070086566037e-07,-9.67613283840799e-16,-9.11119445346301e-16,5.07013629168315e-08,1.38136956132553e-16,-1.85510407502169e-16,5.05580746848142e-16,1.42571078409409e-16,-4.59239796117103e-16,3.23665273943036e-16,-5.32632007317947e-08,1.46746361272331e-15,-4.87274855886972e-16,1.09440296903416e-07,1.06921961955197e-15,-3.8846432760231e-16,5.21889886756963e-16,9.95475706602374e-17,1.61185113412827e-15,5.88184380937825e-16,5.73934743270635e-16,3.00195929860325e-16,9.63488048130107e-16,-5.42562042187827e-16,6.82816151486553e-16,-5.74139761535001e-08,2.46369340033981e-07,1.45317520346765e-15,3.25048735393018e-17,6.34834877100586e-16,-2.00856831798928e-15,2.40250648431278e-14,2.5694402055405e-17,-2.87877602775455e-17,1.5836927341076e-16,-2.39142779551818e-09,3.08585617625719e-16,-2.42150984857765e-16,6.17646203152959e-16,-4.68347739751687e-16,3.06248009152495e-09,1.43848220841193e-16,-1.21541645495869e-07,4.16779132160288e-16,-1.47583824408162e-16,6.86273469645779e-16,9.71855895990309e-16,-1.508059595322e-16,3.45377892474349e-15,-1.01331841092128e-15,1.8570369274304e-16,3.72504867177272e-16,1.42769756447228e-15,-7.11296277515174e-16,-1.14056151160228e-15,1.84571377718262e-15,9.17100943885064e-16,4.85114299890662e-16,2.67327363633261e-15,-9.82979205002059e-16,3.4651304543256e-16,2.60874667742686e-16,-1.76068942534237e-15,-8.6637657672326e-14,-5.56460157681393e-16,4.85342513854338e-15,1.23006276530501e-15,-1.48576388820296e-14,2.31267642189897e-10,6.13931367748646e-15,7.57643113125757e-15,6.52161768837522e-16,2.13798479833803e-15,-6.47158577646234e-15,-4.52551857084042e-15,-3.25423963999241e-14,-2.10468986590985e-15,4.21109002909237e-13,-3.43909800332618e-13,0.707106781186549,7.06049020044421e-14,8.02579094020802e-16,2.44260038101619e-15,-3.62804669910394e-15,1.841379043337e-15,4.65836616170352e-15,-2.97846889501172e-09,2.88851978403421e-15,-4.9287688310988e-16,8.26306165592226e-17,-5.51810369966996e-16,-1.06664290570992e-15,-4.89363058058271e-16,-3.53865428287554e-16,-3.00010013717358e-15,1.6647725507984e-16,6.31543078716431e-10,-3.90432406402439e-15,7.38429291907952e-17,-5.13580008532056e-16,-3.92431161241079e-16,-7.14473169008697e-16,8.76458268397474e-16,-3.98935162026823e-16,2.87273772666148e-17,-4.51428160987858e-16,1.9268664256572e-15,5.63596687806693e-16,-1.03222191456036e-16,-5.72223190051676e-16,3.18868806610295e-09,4.65983213511413e-16,6.08485454300751e-16,-1.31582469617586e-15,1.89206434430052e-14,-9.60133795549808e-09,1.52016119637167e-16,3.84872139494742e-16,-1.15075610187995e-16,-1.00521306445143e-16,2.18568616161502e-16,-2.11296480370356e-16,-3.46491801026124e-16,-5.95495900845848e-16,1.67484176320127e-16,8.64186703261272e-16,4.96959014924888e-17,1.77744703411533e-16,-4.73478568666439e-16,-4.52404065174245e-16,2.81553596303936e-16,3.78001844644337e-16,-1.10331470986904e-15
"t24",-0.0400228440225485,0.0322942148787507,-0.0526229743624727,0.0228531617310861,0.00598273837733178,-0.0026803291585161,0.017349913449576,-0.0354290786211192,1.40569077323803e-05,-1.4356714817279e-05,7.20129679436257e-05,-0.011332293553615,0.0211831967166046,-0.00326453575458501,0.000953391399955866,0.172835013517905,-0.00433513929464031,0.00957668261498848,-0.00070681909739272,0.000369385680595141,-0.050861242862636,0.119078159053132,-0.000123297169381312,0.00089292468375186,-0.000147737751142787,0.000146149435941733,-0.000207788555539451,0.000217848256906717,-0.00540368137994952,0.00267975495190847,-7.46172203569664e-06,1.2262318951714e-05,-0.00365182711512438,8.72248743989149e-06,-4.65260242955335e-06,-6.75750993134996e-06,-0.000264268022322441,1.83784445326387e-06,1.47944219698747e-05,3.97924859311459e-06,0.000199799668612197,-2.52415091219367e-05,0.000212207444496028,-2.48427642545972e-05,0.00539963583694441,-1.07974675980762e-05,1.42025114903769e-05,-0.000281839590035841,2.20156226861462e-05,-4.27580194003334e-05,0.000294236988152367,-2.81375403655042e-05,3.98608209835814e-08,-0.00475132201558906,3.99841218773868e-06,-4.23242698418417e-05,1.8409525563291e-06,-0.000136532836398987,4.71362002668073e-05,-0.14407663554264,7.35031874311546e-09,1.15236200267008e-06,-5.29071160454086e-05,2.96345669887769e-05,-2.62248800157773e-06,6.67747881788507e-05,-4.41149190888375e-07,1.57020376061545e-05,-4.30025724425997e-05,1.69030440054153e-05,-1.31398810926444e-05,0.000992410839520444,-2.04510276417455e-06,-0.000158786898594948,7.51691732696022e-05,2.77872853071524e-07,-0.00701687219167354,-3.59054726044211e-06,-4.02955508858574e-06,-6.4648814069366e-06,2.36209331325553e-06,3.63881409025824e-05,-5.16170581693185e-06,-3.34832032523252e-05,2.49781578444231e-06,0.000502162370419074,-0.000264135310275722,-5.1839678129943e-06,-2.1827582048693e-06,0.00324962735798707,3.03350423335367e-06,1.11758061493143e-05,1.41751217026954e-06,-0.000104566460743456,-7.63025025083994e-08,-0.000193621160747703,4.50101683247629e-06,0.00010667941366528,-1.79018949346283e-05,-4.86586300607344e-06,-1.03304828372826e-06,4.98787694893034e-07,-1.40394569853885e-06,4.49260616407252e-07,-1.99298930733945e-07,2.30820847996845e-06,-1.24146080071468e-05,3.5359597101664e-06,-2.59575643985669e-06,0.0603143769801121,-3.35430642962326e-06,1.14437297796849e-06,-2.79557526230505e-06,3.38742472144804e-06,-1.27763432487325e-08,4.43856633257691e-07,-6.18155700992989e-07,5.35576722509196e-07,-4.13221900516701e-07,7.60708632583961e-07,-2.95683669057308e-06,4.12978101381818e-08,3.10376506477771e-07,9.00131359843174e-07,-1.36394139114782e-05,9.14753613159337e-06,-3.65718337997447e-05,2.9621240173246e-07,-1.1405736390054e-06,-3.7828694694383e-05,6.54297617395219e-07,-5.06811469359882e-06,6.42977550794094e-06,1.34308479789442e-06,-4.53701017131682e-06,-2.6732198974507e-06,2.12733342431561e-08,1.82563858549441e-05,-8.19944491531742e-06,2.38535608872528e-05,1.63532908290667e-06,6.57064994796033e-05,-1.36766179567784e-05,-1.08261488340554e-06,-0.000117690291399188,2.12522129346001e-07,1.55971195407576e-05,-5.27400553505618e-06,-4.90397475653686e-07,1.62929177699615e-05,0.221552909622675,-1.60716696100315e-05,-0.0016777419462311,5.58080600766467e-05,-4.38336302120919e-06,-3.41138246830343e-07,4.7563938686976e-06,-0.000101958297380753,-4.03240617134094e-07,-1.30306825088757e-07,-5.53171647809078e-05,1.04771432438522e-06,-4.90885076276262e-07,-6.34643538656919e-05,6.38816788378184e-06,-1.97984346194903e-05,1.95838102023825e-06,3.293779092292e-08,1.63083966454174e-06,2.03485454419071e-06,-2.22191035325575e-05,-5.18126134198594e-06,1.38223212055697e-05,1.25583109547776e-07,1.90140986490154e-06,4.12260281840016e-08,1.6002352078457e-07,-7.61010875498769e-07,-3.38481882572411e-07,-4.79985120154044e-05,2.01806920557826e-06,3.18949933246928e-06,-4.84280895175588e-08,-6.06002062312197e-10,1.10517881512325e-09,2.26828790426828e-08,5.66728452325891e-07,-4.04361841858871e-07,-1.88884307438941e-06,0.00012500685859784,6.16248630128052e-08,-1.51608098749897e-07,-6.52439902817465e-07,-9.29843318013816e-09,-1.33473988789521e-07,2.28175431275552e-07,4.36971341130553e-07,9.7519154008825e-05,-2.87824825671715e-07,-1.58406197060245e-07,-1.59767423246783e-07,-2.92567327410067e-05,5.22788451499653e-09,8.30190746380945e-06,1.81757037620657e-06,8.33544054763949e-05,-1.40820199019102e-06,-0.00168261791964112,8.27083882662743e-06,4.26616071532842e-07,4.63209304720421e-05,-0.000107564578486297,0.000312973307789233,5.36062212959432e-06,2.85028502543266e-05,4.11516140181282e-06,-5.38261894458373e-05,-6.07678277289638e-07,1.28664267834954e-06,7.13450134051656e-06,4.04648299968405e-05,-0.000504013109212955,-1.52975158689185e-05,-5.24948223020687e-05,1.57903533212351e-05,8.36596294805515e-06,8.90482292805552e-05,7.58835823255136e-06,1.37584507007038e-05,1.31577356948912e-05,-0.000399355666808661,-6.96182527601066e-05,-6.01481708219891e-06,-1.03926486782635e-05,7.83053116278843e-07,0.000132503181691988,0.000143344753131748,1.44102427419702e-14,0.000129171656085471,-0.550320844946405,-4.15148138429556e-05,-0.000559821635095121,-5.19476468501177e-05,0.000471659416750376,-7.76440431709456e-06,0.00917979457543538,-3.22159941237853e-07,2.85500815206658e-08,-4.38979659313163e-05,5.87279089347265e-05,-1.77450655931731e-06,0.000239121839634154,-1.02504396009125e-05,0.000113975884801255,0.7531568853269,7.98723149329111e-06,-6.95091540092273e-06,0.000772175791567902,2.94582503507814e-06,-5.4729535219183e-07,1.13287784891568e-05,-2.15832233143148e-06,0.000232813092824796,-0.000113351812625821,1.09555543119099e-06,-3.71546968868149e-07,4.05885413072318e-07,2.86628929288173e-05,-6.53279399667306e-05,4.20413109961651e-07,1.66811246030273e-07,-3.53570426548508e-07,3.04997068128662e-05,-0.00120216677039861,6.79531820015646e-06,-9.37375352802595e-05,0.000542079478119846,-4.92018393555574e-06,1.11512846354582e-05,-4.0381420036001e-06,2.17867935057784e-06,-1.34478700775729e-15,-5.2452947263648e-06,-1.79169431278591e-07,-1.65067478627206e-09,-1.39879670230778e-05,2.43721023163776e-07,-1.49680339698325e-07,-2.66812649679748e-05,2.86813598596826e-06,-2.98157128144987e-06,7.80361217463682e-06,2.82019555163883e-07,-2.43302722559716e-07,3.12898705911472e-06,-3.77616505746958e-06,8.35661143698093e-05,-1.84750283898259e-06,0.00866084059125732,-9.07583990498482e-08,-2.59674071307201e-07,3.53422106729956e-06,-2.86348971469938e-05,6.72504443951739e-07,-2.55236469730826e-06,3.39593057419217e-06,-1.22797047611331e-05,7.52071230226722e-07,6.77980258958352e-07,5.14909286232586e-06,-8.63961743026636e-06,-6.88028482170848e-07,5.55207580028791e-06,-3.60004446309932e-06,8.86265389929907e-08,8.19044610484079e-07,-1.56821267454024e-06,-8.513235704652e-17,4.38699019682734e-09,1.83691398685245e-05,-6.22676176477125e-05,1.20475884687269e-06,1.08038398387498e-06,3.15751406567654e-07,7.30019156178373e-07,-1.06326079208147e-05,3.91451142392867e-06,4.0563185602785e-16,-2.93589944940256e-06,-3.56962881146791e-08,-9.92415154146125e-08,3.29911640475921e-06,7.35507484688745e-07,-4.92777874895706e-08,-1.86571038479827e-06,4.94021514274158e-07,-1.61346332476171e-05,3.01767572451839e-06,-6.08677945727541e-07,-1.09662589147792e-06,-5.78580631291212e-08,-2.12873358174178e-06,-1.08557110999606e-06,4.54045218114367e-06,-1.17359742360045e-06,-1.27674647632765e-15,-0.000188066488503848,0.00926957834054838,-3.71825455234541e-07,3.29389164886038e-06,-2.04378191594134e-06,-4.22433935070849e-06,1.4800139802916e-05,-5.36916845531687e-05,-3.71121411308926e-07,-2.70814573163999e-16,-6.80018659258296e-07,-1.87865979161211e-06,-8.50793433292951e-07,5.55688954789708e-16,1.59245357531459e-06,2.0726739445106e-05,-3.15763469442577e-06,-1.29078938506198e-06,-4.28783140920245e-07,-2.28752338986706e-07,-8.16117257420033e-06,2.2609154841655e-07,2.40091581653404e-06,6.9911148134207e-07,4.92092352047145e-07,3.71251939885028e-05,-1.65626730757008e-16,-7.20038881099204e-05,8.97366120285781e-07,5.78384739012071e-06,-5.78793055434264e-07,1.96405195585744e-16,-5.53301841503329e-07,2.63216396090272e-05,-2.42201207656304e-07,-2.14722248118593e-07,-5.41474762644112e-07,2.99826141006046e-05,-7.48419390413124e-06,1.02045363123991e-06,-2.11660361879366e-16,4.06597261872406e-06,-0.00202714756377635,1.24795840645577e-05,4.30082279600813e-06,-4.37408823039412e-07,-2.94278346436374e-09,-4.00900380134704e-15,2.11856631056866e-16,-2.84939282548722e-09,-9.42329525668943e-05,1.24171812076223e-05,-4.80142268749096e-07,1.56247435504473e-15,-2.26317988438002e-07,-2.6635060965813e-09,6.72310174276927e-18,-4.29851105974567e-17,2.05101428736405e-16,5.58486679777475e-07,1.64469788805939e-06,-2.36549748133269e-06,1.39056072818662e-06,6.92813806147138e-07,1.41841416825769e-06,-4.28332990843495e-06,-7.99379598934255e-16,-9.28238758997675e-07,3.36745509004578e-06,-2.52205602674759e-16,2.10540329391275e-16,-1.61181645105443e-06,-1.24391497814881e-10,-3.51120667555763e-05,7.37350828150983e-07,6.96159107795387e-06,-4.97444115176873e-08,-2.42570739308617e-14,-1.67098586468074e-07,5.65540518583664e-17,-5.6757508728197e-07,5.29361074557384e-15,-3.81370088406216e-05,4.6454005964667e-17,8.01414053975773e-07,1.43545735671611e-06,6.57177828348403e-08,8.62231303248855e-07,2.96817757434734e-06,-1.25768075593543e-05,2.14738599366773e-06,1.0642579586752e-07,5.17685352684199e-07,4.76228041002053e-08,2.7509531785343e-05,-2.08331178054791e-06,-5.12106853230697e-07,-4.14648194307927e-08,-3.65706715769196e-05,1.8048106572308e-17,9.22110909456635e-06,-1.58403173836663e-06,1.54644921916398e-07,5.18139271317932e-16,2.04118343861145e-08,5.50875644087966e-07,1.96724023518183e-06,1.38070071739426e-16,-3.30920453019277e-06,-2.52325649481109e-07,9.89008250668341e-17,-3.32937133004242e-07,3.83191136110185e-05,-9.75748333644048e-16,4.31372413998728e-16,-1.86591815744725e-07,-1.44301961908582e-07,-8.21543988357163e-10,-1.13868527166216e-06,3.01607131772366e-07,6.15319984405113e-07,8.5416243844175e-08,1.04084756324815e-06,-1.76008604028162e-06,-7.43419215076813e-13,2.51369317468533e-08,2.4952819902568e-09,6.88206260930951e-09,6.43580769297066e-07,-7.23787054767544e-17,-1.7428445562816e-16,2.11482232924814e-07,2.97215867744728e-16,4.19629025252961e-16,1.32157869551528e-06,-1.47405664236204e-06,-1.90792688309705e-06,-1.58621406996363e-08,4.81122092957576e-05,1.0558029424726e-06,4.74023511586309e-08,7.07932223137113e-17,1.14928347879389e-07,5.36599267542281e-09,2.46192968377326e-08,-1.72304016569029e-06,6.77889199225024e-06,6.39216072389094e-17,-7.30419628956789e-17,9.66529643905285e-15,-8.49067160759587e-08,-2.82557359073007e-07,-2.36800771338831e-07,-4.23605288390733e-16,-2.16214453515867e-07,1.36909529325157e-16,1.74293083989172e-16,5.05522057008446e-06,-1.10986540063049e-07,6.95750411356696e-15,-2.72578746303562e-07,-9.76160412872545e-07,1.51591917723067e-14,4.19645490524884e-07,1.69474406522666e-16,1.11780264197884e-07,1.83268729582868e-16,1.11499469273039e-07,9.65001932349325e-07,2.42521295729065e-07,3.28562650033714e-08,2.25452399340485e-07,-2.86776088583444e-05,3.09383513748293e-07,1.11532216033192e-17,1.81937451193259e-05,-7.91010460709178e-07,-4.54302210731453e-17,-3.84966789394113e-06,-3.05741997195075e-07,3.69947024338923e-06,6.72879892420037e-17,2.27160151495902e-07,2.0825911468663e-06,-1.18599675039791e-16,-7.49366257523299e-07,-1.65697835631282e-07,-5.97863543007581e-08,-1.72269886920458e-16,-8.17628124376873e-17,1.53563236480614e-07,4.69566003142917e-08,3.79797727733432e-09,-5.45209253282745e-07,2.76347151822755e-08,-1.44087449702404e-17,1.52471113690804e-16,1.00825046230029e-07,6.94925794995469e-10,1.19793885082584e-16,2.43389591654029e-07,1.86784654931539e-16,8.71984208527347e-07,-4.64647268152178e-08,-2.7146183032031e-08,-1.79898795181665e-07,-2.0660964782656e-15,5.32722139237721e-17,-9.23545172341578e-17,-2.54224366355336e-16,-9.98339425537828e-08,-2.59181553249431e-06,5.91728351647257e-18,3.07848412398854e-16,-4.24253299725299e-17,4.86747742100203e-07,3.27325543063571e-08,-2.40448855895446e-07,3.67137305249488e-17,-6.16412781333711e-15,8.83985674175278e-15,-1.48307762018079e-06,3.14675629226212e-07,-2.63651865112068e-17,4.1213513178589e-07,-1.43968867178933e-06,-5.4476182124057e-17,2.92860701394622e-17,-1.43418937074581e-07,-1.46924691247249e-09,-7.09851441540516e-08,2.0809214151267e-16,7.97682109724351e-08,1.16084351117909e-07,1.2443306808266e-07,-1.13275894829771e-07,-4.03340188549041e-07,2.56851122390282e-07,1.6816090092045e-16,-1.05654873523405e-16,-8.02569406860011e-17,2.37912700962611e-05,-5.87187758775311e-07,-3.20290030096396e-08,-2.51522064601859e-08,-1.54169938288867e-16,-1.02681951804136e-16,-8.03639486272916e-17,1.03044887588303e-16,3.73220904170187e-16,8.29209477846784e-07,-3.47234243801631e-17,1.79872600430604e-16,-1.93825898563873e-08,4.12427869141847e-17,-1.73500960915016e-08,1.1950414069778e-17,-2.15089302253257e-08,-1.33243839569738e-16,-2.60256453734016e-08,-3.25702990351078e-09,-1.5357706554212e-05,2.40210287376507e-16,1.04396372482639e-07,8.96929915521765e-17,1.48119430776015e-07,-1.80342003495741e-06,1.4422585909676e-09,1.56732527617824e-17,2.10609095206108e-07,-8.19793448954634e-17,-5.1927387358571e-08,-2.93169306708767e-07,-1.17903561355883e-16,5.00725146815512e-17,-1.10091758092971e-16,4.89603548087474e-16,-9.90725853974516e-10,-1.29417595630426e-08,-2.9046054196711e-09,-4.94963285389367e-17,-5.31577012857425e-16,-3.66718108332913e-07,0.00354646100804751,-7.61039060435418e-16,-3.17796502044804e-17,-1.24046794067549e-08,1.98771578644925e-16,-8.83208352358725e-08,6.31869689648308e-16,8.39594485119146e-07,7.28222873956875e-17,9.600321216395e-17,-3.96632823901161e-18,4.12437206574289e-17,-8.7903253833607e-18,-5.65251790961741e-16,4.08567649252045e-06,-2.85738652057375e-05,1.68785080066906e-16,-7.5174161423984e-08,2.85991803632388e-07,7.87955617674579e-17,-1.45658019811523e-18,-5.67215751094298e-17,5.36378156401308e-17,2.8194763130748e-08,4.50865687491068e-09,6.97563316510283e-17,1.38121520493553e-16,-5.11933020098409e-08,-1.82613841234609e-07,-1.91105493418862e-08,-4.46945454905479e-17,2.26577546840603e-16,9.94453438301547e-18,-1.12691238655506e-18,1.13314521960734e-16,5.60400091397248e-18,1.07727915519646e-07,-1.01875197066847e-07,-1.9585792620458e-08,6.27319136444238e-17,1.5100016228859e-17,3.87596084548879e-18,-3.25218588276928e-17,2.22018689830753e-17,-1.35267785367573e-17,-2.13042455390544e-17,3.09494993018586e-17,-4.45620660506507e-18,5.92874825729603e-17,7.24423891049439e-18,-1.13465724694501e-16,7.08651875046015e-16,1.92461656715749e-16,5.52262706942755e-07,1.24283437116009e-16,-7.29302393835161e-17,1.73465461016966e-16,1.04657315536278e-06,-1.82388032681717e-09,4.53244116255896e-17,-9.8391909584505e-07,9.5551398646961e-07,1.12666702292317e-16,3.50127604621745e-16,-2.66411872285353e-07,-3.53249436307902e-17,2.34764012113776e-08,-2.13936750535285e-16,-4.11769570885833e-17,3.64980239374715e-17,-8.54437451795026e-17,3.31890094902233e-09,-4.55697463200038e-07,-1.19192591703882e-16,8.6112140268439e-17,3.16955162611823e-18,2.3642410259725e-15,8.75307641768492e-16,3.43313451526141e-18,1.15671636951399e-17,-3.82163997027215e-17,2.80664432117997e-07,1.32443252125917e-16,2.62001256854888e-17,-2.61194753900394e-16,8.79976326126678e-17,-6.2819254241867e-17,-2.05001470499647e-15,-1.07297054654552e-07,4.33912371540805e-17,-4.19192724964275e-17,7.99751550144111e-08,6.65483866634076e-17,-9.09486261406621e-17,1.46261877121383e-16,7.82712967735853e-17,4.58945548161739e-07,6.64965284246488e-17,-4.90341126424218e-08,3.84520709558802e-17,4.65108690920349e-18,6.20946115336202e-18,-4.69479875207243e-14,-8.02111814836346e-18,1.24077750153907e-17,1.76963795491179e-09,-2.04234837518764e-16,-1.43905932654792e-16,2.5032480452126e-06,-2.20685795800367e-07,-3.51797703682542e-17,1.54474709746988e-07,2.26190140372811e-08,3.37693706792905e-17,-1.48891970560764e-16,5.8849421621261e-17,-1.49630308260958e-16,-3.6799387308823e-17,-3.78498877665062e-08,3.39976865934446e-17,-2.37226010548438e-16,3.60586074132067e-17,1.51385804236779e-08,1.28832436481174e-16,8.69314644131003e-18,-9.72739418494812e-17,1.63832119429541e-16,-6.88845621596773e-09,1.99703472743652e-18,1.42984000714229e-08,2.12219406637054e-17,5.20142127993237e-17,1.2574848923516e-17,9.0010967667314e-17,-1.03643448909262e-16,4.57513444994332e-17,1.06866523923826e-16,-3.20314457489508e-07,4.24275634562084e-17,1.69207171688041e-17,1.04001670629785e-07,-1.63704690683442e-16,-1.00622275848185e-16,-1.43679723571173e-16,5.11813464332497e-17,-5.31329805500321e-17,-6.84513349541798e-18,-1.09070405946599e-07,8.63217973877245e-17,8.19292349496088e-17,2.23936797882697e-07,3.49526119204108e-17,3.74663213870271e-17,-2.04154569755844e-17,-3.2488062339687e-19,-3.95350125500566e-17,-3.97379433647136e-17,-1.02721066096472e-17,1.05465641490591e-16,6.5822471056425e-18,3.20476060852027e-17,2.1721470051384e-17,-1.17150601052732e-07,5.02535921748672e-07,5.09650402735385e-17,4.37201143585112e-17,-2.59787343595451e-17,1.44545359231265e-17,1.2592177904905e-15,8.25098626613098e-17,-1.27431125827583e-17,-1.20034756371931e-17,-4.86938552284218e-09,2.29080776457199e-17,9.14589930263998e-17,-4.10721822069531e-17,2.64911260285593e-17,6.22648091562695e-09,-1.24143846149084e-16,-2.46697946034626e-07,-5.20211798233121e-17,2.9720113748683e-17,3.22624832003064e-17,-4.63571219468988e-18,-1.21640731157609e-16,-8.54602556916218e-17,-6.43134997669849e-17,-4.40930131347759e-17,-6.73596073094755e-17,2.46205079160675e-17,-4.38640175336256e-17,-2.19739158533955e-17,-1.15444749352546e-16,-1.82413072508775e-16,-1.19617917542506e-16,1.10276516708479e-17,2.14494456662396e-17,8.80004138502137e-17,-8.46917043237235e-18,-3.66830118896191e-17,-2.70892479272898e-15,-9.36405799134848e-17,-6.84558656084033e-18,-6.41720980776425e-17,1.95234512562104e-17,4.66534160530029e-10,3.15955316937087e-17,5.53784669015105e-17,-1.74420974988567e-17,-7.69119514086863e-17,-1.94310589203033e-17,7.16880065831372e-17,2.04581680508187e-17,-6.48505057348252e-17,1.6604353851689e-16,-4.87184543912559e-17,-9.95790464891977e-15,-9.44361433891145e-18,-7.61634717484321e-17,-8.87270584357294e-17,-3.96773729799648e-17,-7.49454609885994e-17,2.9863836796387e-17,-5.98378749885447e-09,-1.13055804702673e-16,1.677849531481e-17,-1.77040266216004e-17,-9.9302115460995e-17,-5.47029419028151e-17,-2.84523539385502e-17,-1.30116361807752e-17,-1.2486740950099e-16,-2.84452685555853e-17,1.26342706879671e-09,2.97163853735089e-16,1.21072089170296e-16,-1.14662938854494e-16,-1.04507344842581e-16,-5.7966209517836e-17,-9.17726155155621e-17,-1.87038395617586e-16,-2.45867017384677e-17,3.65649956117053e-17,1.36813384467883e-18,-1.47666941531454e-17,-2.40526484978535e-16,9.63139401340919e-17,6.35231536290622e-09,-2.78307242736221e-17,-3.03201226488952e-18,-8.72732437993439e-17,-4.92662282115624e-15,-1.90899462977549e-08,6.62337420232926e-18,-8.04905877163328e-17,-1.70186451660331e-17,-1.10276437534743e-16,-1.89152182940677e-16,-9.09904807979169e-18,-4.89134435437496e-17,-8.37363525184738e-17,-1.64679005497729e-16,-1.70076736217603e-16,-3.85721955212108e-17,1.13930652226812e-17,-3.78718446962701e-18,9.77189175899501e-17,-6.53472183717577e-17,3.60001744726285e-17,-1.60577369945859e-16
"t519",-0.0401515263740449,0.0325141690951617,-0.0529930968787501,0.0230693357241221,0.00605224078722,-0.00271696641555995,0.0175918179823323,-0.0359631916565284,1.43081673208208e-05,-1.46695699700892e-05,7.40205530237101e-05,-0.0117251380465325,0.0219400913291412,-0.00338303656310517,0.000989588272992859,0.179806232980151,-0.00451441447922439,0.00998031974186215,-0.000737341848297358,0.000386806932242061,-0.0534700824272359,0.126563094606461,-0.000131523090521142,0.000952870111485407,-0.00015769874857034,0.000156520907735532,-0.000222726604346599,0.000233664713972776,-0.00580765958681671,0.00292102968118175,-8.184379281396e-06,1.35118997148535e-05,-0.00405512812385989,9.73918171768026e-06,-5.22756824155899e-06,-7.67243319299669e-06,-0.000300592647966666,2.09529470815664e-06,1.68838500631687e-05,4.55135280348087e-06,0.00022952951371002,-2.91087370035326e-05,0.000245314436353862,-2.87243468082871e-05,0.00626145354800832,-1.26585219899374e-05,1.6707483441417e-05,-0.000332086930434541,2.60597868613245e-05,-5.08677157281434e-05,0.000352440364350623,-3.38124423801878e-05,4.79228899498897e-08,-0.00573560179615994,4.86603079201889e-06,-5.15723243561108e-05,2.29563559547102e-06,-0.000171374142311558,5.92113919233335e-05,-0.184012068681168,9.51047851811535e-09,1.50087581741268e-06,-6.92819712218926e-05,3.8859847160564e-05,-3.47453895423588e-06,8.9312268684937e-05,-6.02931233200029e-07,2.16769359168982e-05,-5.96464928624304e-05,2.36483132543989e-05,-1.92889196249409e-05,0.00151595938540748,-3.14404102822492e-06,-0.000247414970773468,0.000117325753462826,4.36292181439569e-07,-0.011043548772616,-5.71832178036844e-06,-6.59798760872565e-06,-1.07090931021831e-05,3.99329277471163e-06,6.17947156732698e-05,-9.06884920843443e-06,-5.9457003326376e-05,4.65203427584809e-06,0.000948087702038867,-0.000505755555325535,-9.94896848650673e-06,-4.19163510054133e-06,0.00624986964802645,5.86621637635374e-06,2.28050535844491e-05,2.90737543115385e-06,-0.000222162585848442,-1.72713245900865e-07,-0.000442552279238798,1.0292475876013e-05,0.000250041774721637,-4.23432915163003e-05,-1.18996267776087e-05,-2.58912073384567e-06,1.25258811673577e-06,-3.53337470388617e-06,8.88912602759291e-07,-3.30667600322738e-07,2.97460609467283e-06,-1.4131314603211e-06,-1.53311449226087e-06,4.90012679092635e-06,-0.432889599502446,3.82678005527838e-05,2.43770661406301e-05,-5.1432187845527e-05,3.22659355948794e-05,-1.22197092853228e-07,4.50004191837256e-06,-6.54775664419643e-06,6.74407794406731e-06,-6.71145801969364e-06,1.63900976686805e-05,-7.93837496202117e-05,1.46273168592546e-05,-1.43678878494254e-05,-3.98809885343229e-05,0.000519986904882422,-0.000171325082268753,0.000656193400723567,-3.67031208802942e-06,7.11002976508069e-06,0.000234402038099926,-3.88353196006107e-06,2.19314264993056e-05,-2.63205564392659e-05,-5.28659820622281e-06,1.53262063943804e-05,8.84825409449773e-06,-5.2614257084408e-08,-3.63222098077685e-05,1.22350304363193e-05,-3.53058737342717e-05,-2.30396829459068e-06,-9.02647288962978e-05,1.80376476708909e-05,1.40566241940639e-06,0.000152776506166937,-2.46281208134544e-07,-1.42541769175091e-05,3.68470574216035e-06,3.18329622281257e-07,-8.87476481274323e-06,-0.118895956690011,8.01212609907607e-06,0.000799352215542835,-2.52043158038781e-05,1.03592270250121e-06,6.94477439082251e-08,-8.58951330291462e-07,-3.26629415262642e-05,-1.79514852518067e-07,-6.05629757036498e-08,-3.18500288972954e-05,6.27801328852527e-07,-3.69465521488729e-07,-4.90084560181134e-05,5.99540050951088e-06,-2.21473811351307e-05,3.58041980441376e-06,6.13041807599053e-08,3.0493387399086e-06,4.08123050652574e-06,-4.84864463674809e-05,-1.14474519943662e-05,3.64783781086707e-05,3.51678602145029e-07,6.09854492961883e-06,1.36965914086228e-07,5.41502435944907e-07,-3.81047205318861e-06,-3.09735063342058e-06,-0.000508514837393235,2.51152509681971e-05,8.03475201066495e-05,-1.98986092720665e-06,-6.41406168644121e-08,-2.47271554634541e-07,-4.50380476835259e-07,-9.20474161705395e-06,2.5914958490012e-06,1.1871997068687e-05,-0.000658153168598902,-2.25289652576534e-07,4.43300038161526e-07,1.78493775007269e-06,2.32170286151896e-08,3.12895313983694e-07,-4.52504029521191e-07,-8.38501837239669e-07,-0.000175093317827344,5.00617729793924e-07,2.21497532160057e-07,2.21331468094318e-07,3.73911561715975e-05,-6.20246531420360e-09,-8.36951049327448e-06,-1.8310761939629e-06,-8.27997126789095e-05,1.34099692040595e-06,0.00155710879866578,-7.11175868543702e-06,-3.36426102920662e-07,-3.41760321059592e-05,7.77852767511111e-05,-0.000207245420497977,-3.38559891088011e-06,-1.79792856097765e-05,-2.50359611210568e-06,2.99465794666033e-05,3.32445799480939e-07,-6.44510610409145e-07,-3.36716718425286e-06,-1.87124149301414e-05,0.000214529175345908,6.38545943402474e-06,2.1450684630612e-05,-6.04966943300739e-06,-3.16401381851444e-06,-3.35716100058911e-05,-2.66841507457697e-06,-4.63896696583462e-06,-4.23439755370015e-06,0.000125835179695186,2.1462354651988e-05,1.81673779653082e-06,3.12090372031727e-06,-2.22893987246397e-07,-3.64780800584508e-05,-3.80581683972589e-05,-4.18479567961862e-15,-3.25528920022591e-05,0.137246207304,9.6291245762164e-06,0.000122735201320982,1.08685541683054e-05,-9.84034394216612e-05,1.48356484967727e-06,-0.0017280190485722,6.02273905297238e-08,-5.16368733319265e-09,7.76291423539589e-06,-9.96451790257942e-06,2.95577860932075e-07,-3.95273097339076e-05,1.62477570358105e-06,-1.52350900984799e-05,0.060927638403626,-8.94259704888466e-07,6.91784799616493e-07,-7.61135237503397e-05,-2.63054542544289e-07,4.60947471667199e-08,-8.74203977212804e-07,1.61770089664973e-07,-1.69151630265455e-05,7.87934177943839e-06,-7.11508473747211e-08,2.39389563610925e-08,-2.16401847393897e-08,-1.52110090850679e-06,3.44874687246398e-06,-2.09751063483445e-08,-8.1443344913602e-09,1.6075314399973e-08,-1.36784532700116e-06,3.11431931961969e-05,-1.62678316638201e-07,2.09944218170575e-06,-1.02494064210416e-05,7.95453654340365e-08,-1.13099690912988e-07,3.40465538457469e-08,-1.54472470189025e-08,-3.55848024170498e-17,1.34469889628855e-08,3.5423688372297e-10,1.34569304341032e-13,-6.03509449963479e-08,1.9479643343334e-09,-1.45305208636116e-09,-2.81461302052202e-07,6.01959700224604e-08,-6.45096649436931e-08,1.70202378949846e-07,6.97343284431988e-09,-7.95444678162442e-09,1.06472116443844e-07,-1.31967824951117e-07,3.17042450355254e-06,-9.01120916652693e-08,0.000459583092407533,-4.83835066564612e-09,-1.38622573151859e-08,2.23995987741325e-07,-2.11834667341196e-06,5.06144526226695e-08,-1.96830400702659e-07,2.69387163552041e-07,-9.82328359679765e-07,6.42501552811923e-08,5.81904495965977e-08,4.4568173708191e-07,-7.52071056014865e-07,-6.09971061303325e-08,5.01918628738103e-07,-3.31173679557706e-07,8.21369770248867e-09,7.68514438423725e-08,-1.50929721630031e-07,-1.48692572672099e-16,4.81167171110864e-10,2.037313841583e-06,-7.01836903328773e-06,1.35855481811426e-07,1.21890366069874e-07,3.57608311869019e-08,8.3273071143134e-08,-1.22302208798532e-06,4.57719128748348e-07,-7.20089711514449e-17,-3.5556528220043e-07,-4.34107453684393e-09,-1.2174336596769e-08,4.05129498304343e-07,9.21947324357147e-08,-6.24402220565227e-09,-2.39897977775759e-07,6.41409716067032e-08,-2.13685492406549e-06,4.06496055678472e-07,-8.28280497290449e-08,-1.50043320031577e-07,-7.94231522151414e-09,-2.93857019465943e-07,-1.49945018431017e-07,6.29487824117222e-07,-1.63150974495455e-07,7.99746329019994e-16,-2.60560442159111e-05,0.000761408262789809,-2.73901805874295e-08,4.85830167193824e-07,-3.01501119896944e-07,-6.32459861620277e-07,2.22726611551632e-06,-8.08826353055488e-06,-5.61222607271719e-08,3.70137120420943e-16,-1.0328418895584e-07,-2.85799369771513e-07,-1.30203480204804e-07,3.13867206522301e-16,2.452447857537e-07,3.19667470824527e-06,-4.87367528854686e-07,-1.99536641294133e-07,-6.64541032843461e-08,-3.55205295579741e-08,-1.26914213493071e-06,3.53119026781206e-08,3.75174900496063e-07,1.09563938208659e-07,7.75075070624507e-08,5.84891513365491e-06,1.34310980483134e-16,-1.14509706608031e-05,1.42936015276496e-07,9.24432258481205e-07,-9.29765374252903e-08,-1.83634837127499e-18,-8.98016934169714e-08,4.31784153163073e-06,-3.99101991984174e-08,-3.54542870482827e-08,-8.96206437746647e-08,4.98383524565137e-06,-1.25227219363339e-06,1.73216185375345e-07,-5.98363365962887e-16,6.9753956972979e-07,-0.000348060019294561,2.14640235172115e-06,7.4139828558867e-07,-7.54156622243289e-08,-5.0769487087739e-10,1.69177698148608e-15,-3.50837716530881e-17,-4.93266810729811e-10,-1.63578899058755e-05,2.15620662676391e-06,-8.35655554089265e-08,-1.43287149902306e-16,-3.95651751880872e-08,-4.66454623446701e-10,-8.45104347445036e-16,1.188572183967e-16,-1.37941705380266e-15,9.82613321388195e-08,2.89516644705586e-07,-4.17056726451097e-07,2.45451164738647e-07,1.22305476448269e-07,2.50658355319069e-07,-7.57020213233768e-07,-1.31040744740034e-16,-1.64301457402947e-07,5.96267245150685e-07,-4.06730221600657e-16,-1.65796090897098e-16,-2.85570985042486e-07,-2.20374418563598e-11,-6.21951725837637e-06,1.30584320986707e-07,1.23224117984887e-06,-8.80411861764772e-09,-4.98283192734491e-15,-2.956978425264e-08,-3.54352873308959e-16,-1.00388405650642e-07,-1.8030621707615e-14,-6.74256634264081e-06,-2.07938873377698e-17,1.41604265348722e-07,2.53602454978752e-07,1.15872886374157e-08,1.51953189973962e-07,5.22978701808144e-07,-2.21382992351135e-06,3.77652432006586e-07,1.86734165819081e-08,9.08308147223905e-08,8.34922156827326e-09,4.81576955458754e-06,-3.63916950434273e-07,-8.92819808358728e-08,-7.21739003883876e-09,-6.36026433611048e-06,5.11798340051876e-16,1.5994275002678e-06,-2.7400184629862e-07,2.6518536110482e-08,-1.85613407308149e-16,3.49052254729014e-09,9.37876323156743e-08,3.34268418745323e-07,-4.66316563001764e-16,-5.61711759126698e-07,-4.26497050697507e-08,6.45675247390115e-17,-5.61537915787706e-08,6.37234085893658e-06,5.87109155953095e-16,-5.04513076198326e-16,-3.08415951269956e-08,-2.38381578695608e-08,-1.35354612323579e-10,-1.87005940533992e-07,4.91601294470401e-08,1.00225932875891e-07,1.38996407278233e-08,1.67544425563507e-07,-2.80644811846116e-07,-7.99083021973956e-14,3.9931202378038e-09,3.96129460350468e-10,1.09002266514878e-09,1.0164776009599e-07,-3.6205339616746e-17,1.88283341203017e-16,3.32706785749212e-08,5.22598746480843e-16,-2.35219505210966e-16,2.02404710495829e-07,-2.24622660025037e-07,-2.90706398379312e-07,-2.38933062253704e-09,7.23560039897431e-06,1.58727715652762e-07,7.11048844687975e-09,8.39862662153735e-17,1.68097812644276e-08,7.80336939252887e-10,3.57328647489575e-09,-2.47629494683143e-07,9.5582522462829e-07,4.35117852503165e-16,7.38823790524067e-17,1.92759470847841e-15,-1.16160134389185e-08,-3.81135933959289e-08,-3.19062983718755e-08,8.97574945734537e-16,-2.87161683753561e-08,-2.46803653248237e-16,6.33278895293047e-16,6.24334782400301e-07,-1.36931606342735e-08,1.80775342418983e-14,-3.29433562259897e-08,-1.16500477073024e-07,-6.58890071825291e-16,4.87380955260526e-08,-7.61831594066449e-16,1.25276240985225e-08,-1.22116923624277e-16,1.24541095778567e-08,1.07504169314749e-07,2.69368351461023e-08,3.63401490425333e-09,2.46966578978951e-08,-3.02308456485803e-06,3.07088397641228e-08,1.71730237161653e-16,1.65340413897245e-06,-7.11375309200529e-08,9.79302274972927e-16,-3.4130427795388e-07,-2.63820716817925e-08,3.11118603115131e-07,-5.59854796312686e-16,1.73127861394317e-08,1.55303629584821e-07,-2.61533119171875e-16,-5.42140765147922e-08,-1.18026873084701e-08,-4.00406612396077e-09,-2.40126944675726e-16,-1.55293034568856e-15,8.62261146251831e-09,2.40362315759608e-09,1.90442757483143e-10,-1.38594077430219e-08,5.77339771248716e-10,5.04993836147095e-16,-1.91624995372457e-15,1.78202025810538e-09,1.19941515447541e-11,1.11845638391452e-16,2.83225089202182e-09,-9.02487516203474e-16,5.21064305521185e-09,1.01051754036442e-10,7.52413432432406e-11,9.24880582478964e-10,7.60592717312848e-17,-4.15730813480778e-16,1.23987930705973e-15,-1.49306293434777e-15,2.82576192792549e-09,7.87033567586019e-08,-1.64356778225931e-16,-4.5171061460491e-16,-1.62314065526462e-16,-1.85187414630547e-08,-1.35789037099631e-09,1.23108390818127e-08,-4.1093143378189e-16,1.3862798151374e-14,3.65630012933011e-15,1.31698260698906e-07,-2.83959377281756e-08,2.72429836035901e-16,-4.42252667744971e-08,1.65019825847443e-07,3.61151188927941e-17,-3.58017048367701e-16,1.9067230035677e-08,1.97593618215462e-10,1.03715277340031e-08,-5.71449396211337e-16,-1.33190047128795e-08,-2.08154190753964e-08,-2.45910612349463e-08,2.54835671102641e-08,9.39032902305716e-08,-6.37352366714577e-08,7.99922073601287e-16,1.77104214606433e-15,-7.55660873872885e-18,-8.44339287349767e-06,2.09535633469203e-07,1.19632639166397e-08,1.18729719554838e-08,-4.35548119965144e-16,5.36948725567335e-16,-2.02769471158824e-15,-6.94306296579954e-16,9.81376092049883e-15,-5.06085332565008e-07,-2.09834832617965e-16,-2.19589162389404e-15,1.3151551552757e-08,-3.48656311675972e-16,1.18404553395935e-08,-9.87990274005665e-17,1.48220300910138e-08,1.1192797251343e-15,2.18037823524665e-08,2.86557208597519e-09,1.45936167524768e-05,-2.25920588210372e-15,-1.09522632512252e-07,-1.69042221564364e-15,-1.9699574417664e-07,3.4780275526758e-06,-2.83333180227904e-09,-9.26490643246834e-16,-4.9770073742254e-07,3.96570279913118e-16,1.75635470577052e-07,1.01216117701771e-06,3.28947807589363e-15,2.75293630358711e-15,-5.31957909956791e-16,-2.76446630746507e-15,5.16376186470374e-09,7.74959827569327e-08,2.09542566344288e-08,1.4912516743365e-14,1.41652535028346e-13,3.75386699993681e-05,-0.825244215483138,1.65430592495015e-13,1.02855212285761e-14,-8.79089164278554e-08,-1.2215838134632e-14,-5.18766329659091e-07,-3.13283377199587e-14,3.34225612185209e-06,-2.2811656584831e-15,2.63226458435549e-15,2.29896988089466e-15,3.28011169170716e-16,5.41019195958915e-15,2.11765625952539e-14,1.01838229657326e-05,-7.0896159643309e-05,2.19784168684042e-15,-1.66600626223592e-07,6.07460217523618e-07,3.55425827008766e-15,-1.23335518142477e-15,3.06964482495976e-15,1.41679680728075e-15,5.11240556208177e-08,7.91671094457333e-09,2.10205266534856e-15,-5.64432045597828e-15,-8.68806646680245e-08,-3.08584916689809e-07,-3.1834341291329e-08,1.28332428206566e-15,-3.63640499531906e-15,-1.56112334493734e-15,-2.99913645597868e-16,-3.6780989544012e-16,-2.01337539983208e-16,1.4757256730046e-07,-1.37422703351699e-07,-2.60293662708431e-08,9.72750893570076e-17,6.8422358536255e-16,-1.93093856705868e-15,-7.19331230124786e-16,5.92451062076181e-16,-2.40720887319558e-15,-1.29694738415526e-15,-5.46044745098727e-16,-4.80622379962088e-16,5.39574242463721e-16,3.28927771718782e-16,-6.5057984023846e-17,3.77777628394244e-15,1.01450756039192e-15,5.98641870647127e-07,6.9719641926758e-16,-5.32148455721975e-17,3.24502895746673e-16,1.10999237398546e-06,-1.92495777029813e-09,-6.48596341669488e-16,-1.03532494242981e-06,9.80532740078685e-07,1.96343571766486e-16,6.11910853566726e-16,-2.65455365764554e-07,3.51376691442884e-16,2.26191105191464e-08,-3.2903309585148e-16,3.91238504516916e-16,3.14793768773856e-16,-8.47103449738889e-16,3.04738805534681e-09,-4.17133560893984e-07,-4.0957528264045e-16,7.15862955621572e-17,1.12762703715074e-16,4.43332296823384e-15,-2.85044844103321e-15,-8.27329285195287e-17,1.92601987291297e-16,6.26967270693898e-17,2.24994705723974e-07,2.33640045640427e-16,4.85545012922946e-16,-1.63661483954216e-18,-7.08561628275616e-16,-2.77366636350899e-17,-1.33119972282013e-14,-8.40438606471704e-08,-1.06796831103161e-16,9.14933698619673e-17,6.23867809722827e-08,4.31562297252777e-16,-3.26704226990261e-16,-1.41890220885897e-16,2.92403818779731e-16,3.42391409154551e-07,-5.67573625569579e-17,-3.63130076675045e-08,-9.3789102745277e-17,1.41059322358056e-16,-2.27872488163633e-16,-1.49250652704432e-14,2.10349127029545e-16,1.0401309319725e-15,1.29168396820594e-09,-3.63630121468559e-16,-2.3090314145934e-16,1.80778913077131e-06,-1.59290244470826e-07,-5.52422369782298e-16,1.10516095325019e-07,1.61383593149461e-08,3.40753429779169e-17,-7.7630716434328e-16,2.49464964308854e-16,-8.61247966493654e-17,-7.40969960061472e-17,-2.60138104761329e-08,1.05984339425404e-15,-5.70746024028642e-16,1.3297416929918e-16,1.03130602359972e-08,-4.74909103997209e-16,-3.2375420609652e-16,-3.69483982989029e-16,-2.62590685935094e-16,-4.64030594719245e-09,3.8894631402514e-16,9.59952689135439e-09,1.01042680469711e-16,5.62106334116845e-17,-1.1076539580959e-17,1.27637139369691e-16,-1.89838357159483e-16,2.50350474388586e-16,2.32655477337123e-16,-2.11407628965923e-07,7.56780513258184e-17,3.05830970212141e-18,6.83635116594686e-08,1.10078933071975e-15,2.24215845763549e-15,-4.51694160535016e-16,3.25393248035641e-16,4.92091962440293e-16,6.06986515121291e-17,-7.08200809181569e-08,9.24522585385321e-17,4.43030842413571e-16,1.44636205080781e-07,-2.38819746707065e-16,2.33146641066835e-16,-4.45662732330792e-16,-1.85812466808083e-17,2.34839724169632e-16,-3.68695623693464e-17,9.29984901525543e-18,-7.14668491875555e-16,5.9656475299766e-17,3.87413965517924e-17,-1.081240399444e-16,-7.42796278701907e-08,3.17961138162348e-07,1.46637898671321e-16,2.70063637224884e-17,-1.03999345370588e-16,-1.15070050065441e-16,-4.62269710226818e-15,-6.21452242958587e-17,1.53251181734164e-16,3.22069873709161e-16,-3.048157010538e-09,2.60357974026554e-16,7.69318550661875e-17,-4.18124470913717e-17,-3.88506046993324e-17,3.86410281441153e-09,-1.68766363807437e-16,-1.51680607258344e-07,2.33544162846185e-16,-1.61036635014607e-16,1.30830902145372e-16,2.19329224827588e-17,-5.48593066865021e-17,-3.03612251279705e-16,-2.94563307928169e-16,2.16226684297617e-17,8.70156924748537e-16,1.89854480505121e-16,4.43289301924265e-17,-2.00990001851096e-16,2.7449084630665e-16,-6.97737933888946e-16,4.82399944139668e-16,9.57481924258379e-17,1.50633776533015e-16,1.70698101206618e-16,3.73129017702607e-16,6.11612137154321e-17,-5.33062491019452e-15,-4.70689320962468e-17,3.05525909513082e-16,6.92494046297824e-17,-9.67150598514517e-17,2.78203383649028e-10,-1.89135253547786e-17,1.75983110121869e-15,1.05383704653209e-16,-1.82989347483675e-16,1.82549946711925e-16,-5.23941749852353e-17,3.98703875623195e-17,-4.7847582322236e-17,4.37639069509955e-17,-5.0170831445265e-16,-4.20614408624264e-15,6.52073446443702e-17,1.56135663287851e-16,-1.13956470186704e-16,5.27894606475686e-17,6.73499866183071e-17,-3.59188961906905e-16,-3.50527235764044e-09,-2.2684333916428e-17,-3.45060681001273e-16,-3.12478868822365e-16,1.96854292766618e-16,1.06995507190683e-16,-2.02298995414273e-16,6.44510694945457e-17,-5.30821280573665e-17,-7.53476334730729e-17,7.28134375086483e-10,7.66332539721346e-16,-9.13595161457203e-17,3.61518685132313e-16,-1.44670440355767e-16,8.36038146915829e-17,1.59352166180558e-17,-3.71150364343973e-16,-5.99578548120211e-17,2.65179775977625e-17,-1.86738372449385e-16,-7.07557187114531e-18,1.45093319845416e-16,-9.76219016118734e-17,3.60802999693182e-09,-2.0236395334013e-16,1.13661406192181e-16,-6.43023445926861e-17,1.69730439893581e-14,-1.07755594609244e-08,-2.86214513275032e-17,-4.52509434113207e-18,1.72981124250374e-17,-2.73899089780988e-17,1.55704489710533e-16,1.39495987629163e-16,2.71714420364473e-17,-2.60630450409593e-17,-1.08838171325397e-16,3.2581457490585e-17,2.61737615845271e-17,3.3785476286152e-17,8.62786087439673e-17,-3.0039755803412e-16,-1.35148554824302e-17,1.66357988457134e-16,-4.68498325337191e-16
"t950",-0.0401606414571309,0.0325297151967339,-0.0530192531632086,0.0230845901758442,0.00605713890511705,-0.00271954522374365,0.01760884227772,-0.0360007550849706,1.43258087616067e-05,-1.46914856225451e-05,7.416068895973e-05,-0.0117524536081721,0.0219926885527337,-0.00339126863376788,0.000992100451606916,0.180289415198995,-0.00452683314264648,0.0100082679155269,-0.000739454051532742,0.000388009847409409,-0.0536498120838978,0.127075551425829,-0.000132085131037129,0.000956965015467234,-0.000158379085959464,0.00015722796865488,-0.000223744494519144,0.000234742060472484,-0.00583514604654778,0.00293731894826077,-8.23300378794463e-06,1.35957708869484e-05,-0.00408208630377602,9.80694427080727e-06,-5.26576396805325e-06,-7.73288421658039e-06,-0.000302990462724315,2.11226909688911e-06,1.70215408246608e-05,4.58901102923719e-06,0.000231482101062395,-2.93622366305876e-05,0.000247481976645457,-2.89784512445648e-05,0.00631778975912412,-1.27795189970769e-05,1.68700716153305e-05,-0.000335345706498474,2.63214845370803e-05,-5.13912164342122e-05,0.000356185231804109,-3.41770093492456e-05,4.84406960464739e-08,-0.00579869752474369,4.92143608240864e-06,-5.21625526923961e-05,2.32434720147324e-06,-0.000173567739808966,5.99713726801586e-05,-0.186507044377457,9.64467273347998e-09,1.52246504090176e-06,-7.02939950276006e-05,3.94296692129762e-05,-3.52693930228105e-06,9.0692842035716e-05,-6.12754412399494e-07,2.20382689301012e-05,-6.06511564801269e-05,2.40540950073014e-05,-1.96521525137546e-05,0.00154644850805773,-3.20789616773272e-06,-0.000252541108411174,0.000119762622038921,4.45431280194765e-07,-0.0112756590178396,-5.84049046381728e-06,-6.74413571360518e-06,-1.09497121055907e-05,4.08519069748427e-06,6.32241024713837e-05,-9.28646675666618e-06,-6.08992758657458e-05,4.77009996837359e-06,0.000972440533414409,-0.000518903609359104,-1.02081112714514e-05,-4.3008705763615e-06,0.00641294994219223,6.01998086591533e-06,2.34283723024093e-05,2.98714053912768e-06,-0.00022841188727538,-1.77778338210974e-07,-0.000455610805460054,1.05962660038199e-05,0.000257536766246605,-4.36197563405975e-05,-1.22660248222589e-05,-2.67020435397952e-06,1.29187416086544e-06,-3.64438150508581e-06,9.18954131527802e-07,-3.41901963336358e-07,3.07608273131557e-06,-1.46169033496177e-06,-1.58590261916943e-06,5.06944991310208e-06,-0.447928610552364,3.95995831025027e-05,2.5234215744342e-05,-5.32428672250444e-05,3.34324646601904e-05,-1.26639689111103e-07,4.66564159084629e-06,-6.7900149739248e-06,6.99729016966033e-06,-6.96698034086679e-06,1.70206296152948e-05,-8.24556053414366e-05,1.52047580263434e-05,-1.49423458320637e-05,-4.14762848317079e-05,0.000540824918496361,-0.000178279777269827,0.000682858982288252,-3.82110293699466e-06,7.41123599642308e-06,0.000244335494086671,-4.04851205271377e-06,2.28819687340743e-05,-2.74657673345377e-05,-5.51726434381836e-06,1.60025922310345e-05,9.2393652659078e-06,-5.49956283278919e-08,-3.79972012335043e-05,1.2813524334338e-05,-3.69763629598042e-05,-2.41344083743107e-06,-9.45628431937252e-05,1.88995019752759e-05,1.47291431891048e-06,0.000160086006972221,-2.58175086199183e-07,-1.49553455878654e-05,3.86932162158291e-06,3.34351504581684e-07,-9.3259019230383e-06,-0.124944634804885,8.42126966255302e-06,0.000840261830130308,-2.64974727297702e-05,1.09029571057874e-06,7.31060096788642e-08,-9.04312949514376e-07,-3.44874523104747e-05,-1.89675861004756e-07,-6.3997918004315e-08,-3.36765796303193e-05,6.63886155221995e-07,-3.91001768028758e-07,-5.18700145933004e-05,6.3502277171656e-06,-2.34751544206208e-05,3.80306797039314e-06,6.51212190632261e-08,3.23926433522373e-06,4.33667445897448e-06,-5.15385770494673e-05,-1.21686385659356e-05,3.8802400375398e-05,3.74162346026558e-07,6.49138255514927e-06,1.45804818484442e-07,5.76480467253622e-07,-4.06089317974733e-06,-3.30451546110299e-06,-0.000542628862137923,2.68049403490895e-05,8.57987031686733e-05,-2.12529886198039e-06,-6.852004497615e-08,-2.64204965684396e-07,-4.81529473810571e-07,-9.84291080960442e-06,2.77495704578414e-06,1.27130340776891e-05,-0.000705101341553819,-2.41665755242406e-07,4.76024059838339e-07,1.91739838419926e-06,2.49535101477861e-08,3.36434199486599e-07,-4.87133874079842e-07,-9.02908701753841e-07,-0.000188647374543911,5.395209868694e-07,2.39224023945073e-07,2.39068903120257e-07,4.04245582727686e-05,-6.71167710671967e-09,-9.07623386361243e-06,-1.98571249440416e-06,-8.98101756654069e-05,1.45542555301553e-06,0.00169069653077918,-7.73061413843488e-06,-3.66213732807631e-07,-3.72440075570929e-05,8.47975991455777e-05,-0.000226284697881699,-3.69986871253821e-06,-1.96486755745766e-05,-2.73792733565612e-06,3.28064546669049e-05,3.6431586033437e-07,-7.07559617277801e-07,-3.70114113562137e-06,-2.05772418160682e-05,0.000236326956673991,7.03724362389951e-06,2.36511823271598e-05,-6.67971909465378e-06,-3.49453425552909e-06,-3.70811847658648e-05,-2.95195359722529e-06,-5.13674536171607e-06,-4.69370832259186e-06,0.000139551512702752,2.38136233306559e-05,2.01670597416819e-06,3.464878504887e-06,-2.47762909080897e-07,-4.05789824687366e-05,-4.23717793727917e-05,-4.68446906281115e-15,-3.6285701181142e-05,0.153020577554476,1.07535912270895e-05,0.000137243017618435,1.21660855289574e-05,-0.000110158214650941,1.66405002405882e-06,-0.00193888546544304,6.75871211499652e-08,-5.7989183833053e-09,8.72221075749398e-06,-1.1206005958645e-05,3.32537695908548e-07,-4.44772826214458e-05,1.82990645354439e-06,-1.72243059566592e-05,0.0689768157636679,-1.01355508752455e-06,7.86023602194976e-07,-8.64975080717761e-05,-2.9946584151462e-07,5.25267055392992e-08,-9.97591879791765e-07,1.8468636335278e-07,-1.9320524873156e-05,9.00573163277833e-06,-8.14018195385992e-08,2.73909947813568e-08,-2.48226621230052e-08,-1.74489931664286e-06,3.95641364710701e-06,-2.40791045678778e-08,-9.35194731158272e-09,1.84738451333404e-08,-1.57217269193039e-06,3.5971775666887e-05,-1.88003309398861e-07,2.42732522568757e-06,-1.18619423522149e-05,9.21338803685068e-08,-1.31236076477638e-07,3.95270799591697e-08,-1.79413319550001e-08,-1.40092592879807e-16,1.56407016805287e-08,4.1210604819143e-10,1.56978474182e-13,-7.03573722886116e-08,2.27383813486328e-09,-1.69716121171189e-09,-3.28844859105504e-07,7.0604396463907e-08,-7.56830990512785e-08,1.99696033620043e-07,8.19129114318226e-09,-9.37456031416033e-09,1.25552922233674e-07,-1.55680090888219e-07,3.74505605618302e-06,-1.06990345686507e-07,0.000546850180602725,-5.75780353691676e-09,-1.64971870465521e-08,2.68028248787626e-07,-2.55109390917454e-06,6.10048607589761e-08,-2.37526235798914e-07,3.25568273285864e-07,-1.18773850265192e-06,7.79852956395239e-08,7.06508314564143e-08,5.41406764303345e-07,-9.13939590151895e-07,-7.42154479807563e-08,6.115096388606e-07,-4.03988855718009e-07,1.00251375556642e-08,9.38876684873297e-08,-1.84756037536982e-07,1.05252511501356e-17,5.96379764330526e-10,2.52833753353633e-06,-8.72649893475282e-06,1.68929515312979e-07,1.51573632416643e-07,4.44902903608479e-08,1.03692273439849e-07,-1.52452383638439e-06,5.71785555170195e-07,-1.9563527996051e-17,-4.46392770195453e-07,-5.45338198016574e-09,-1.53142499072291e-08,5.09699052606725e-07,1.16378983989794e-07,-7.89655388220538e-09,-3.04189092819516e-07,8.14786936500457e-08,-2.72525823772601e-06,5.20343472035203e-07,-1.06277519735019e-07,-1.92780797985734e-07,-1.0213099297647e-08,-3.78437761802214e-07,-1.93135458750255e-07,8.11667739235272e-07,-2.10542355526679e-07,-5.15901299808775e-16,-3.38346511463483e-05,0.000990004355346852,-3.56139379202989e-08,6.34058379915976e-07,-3.93713048319528e-07,-8.31689425299446e-07,2.93477877090915e-06,-1.06618320106597e-05,-7.40916839133569e-08,-3.44721911987238e-17,-1.36590940191714e-07,-3.7820811879979e-07,-1.72722313384202e-07,1.69225976899594e-17,3.26194163635841e-07,4.25448808810087e-06,-6.48853806088134e-07,-2.65830878842632e-07,-8.86331327836072e-08,-4.74158791022937e-08,-1.6952928451016e-06,4.72626215382977e-08,5.02265108312798e-07,1.46879997592422e-07,1.04157812651536e-07,7.8609915736813e-06,-2.15387338952152e-16,-1.54641562564567e-05,1.93192378742972e-07,1.25178219513847e-06,-1.26257033335111e-07,-1.07205556415254e-16,-1.22699242118519e-07,5.94118955916134e-06,-5.50905882065444e-08,-4.90130604380984e-08,-1.24117378006744e-07,6.92541651599297e-06,-1.74971778004945e-06,2.45399515474935e-07,-1.06228757902204e-16,1.0006932262463e-06,-0.000499881364164932,3.0898023338444e-06,1.0707176774183e-06,-1.08941423251965e-07,-7.34060988811742e-10,-9.99621712209798e-16,-1.5448584863956e-16,-7.16997400606974e-10,-2.38886098144375e-05,3.15070350893921e-06,-1.22624887842885e-07,3.19700795169399e-16,-5.86047155245407e-08,-6.93839939977609e-10,7.45947956377208e-16,4.06710056548842e-17,4.61317196110183e-16,1.4813587833222e-07,4.37225029894262e-07,-6.33648316670879e-07,3.74856229971196e-07,1.86900365878908e-07,3.85185193550208e-07,-1.16406174807221e-06,2.10981968512122e-16,-2.55566807218953e-07,9.3130135121543e-07,1.89188236900607e-17,7.11249681467777e-17,-4.53420743893289e-07,-3.51325042348454e-11,-9.96946226279293e-06,2.10092500430459e-07,1.99673684328412e-06,-1.4282903774858e-08,-6.63223490622163e-15,-4.80476051877294e-08,3.96639391002469e-16,-1.63875469884455e-07,3.19213954458416e-15,-1.10444727185697e-05,-4.8071025062754e-17,2.32972296461632e-07,4.17608279351666e-07,1.93103382112663e-08,2.53886522226124e-07,8.74750241567928e-07,-3.720502975371e-06,6.37310140937995e-07,3.18214806805402e-08,1.54798873332808e-07,1.42724866883385e-08,8.27856267780251e-06,-6.30366992861505e-07,-1.55657457938914e-07,-1.26481487974771e-08,-1.11746209310217e-05,-1.7923395219752e-16,2.83268251047844e-06,-4.89085908351914e-07,4.84282063386323e-08,8.05895052550282e-16,6.41794140957289e-09,1.74256227205474e-07,6.23883557311872e-07,2.47549319945406e-16,-1.05084849638771e-06,-8.05434853956983e-08,9.68463106438689e-17,-1.06545332419428e-07,1.24495146478335e-05,-1.27661754035797e-16,1.94524831321916e-17,-6.0977608076155e-08,-4.71821224675399e-08,-2.6927802429995e-10,-3.74300217264721e-07,9.97859163287022e-08,2.0369063949906e-07,2.82978425618878e-08,3.47795935207338e-07,-5.92244916233702e-07,-1.50573997714787e-13,8.480544665829e-09,8.4222383413387e-10,2.32657108625285e-09,2.1798682621824e-07,6.04209315186489e-17,-1.41160118999872e-16,7.18186478485461e-08,-5.1483867742029e-16,-3.33044087224938e-17,4.56253480469923e-07,-5.1034738556161e-07,-6.60601373661829e-07,-5.52652928114519e-09,1.67769891244832e-05,3.68230999426304e-07,1.65518362147723e-08,-2.85223979939527e-16,4.06360877785978e-08,1.90240767164348e-09,8.73606214242262e-09,-6.14139348754133e-07,2.43603791318995e-06,-4.77928054326202e-16,-2.52316854909919e-16,3.5555750649654e-15,-3.08788316451854e-08,-1.03300566589101e-07,-8.66070621619614e-08,-3.69554136569269e-16,-7.94830897032621e-08,6.35458184058678e-17,-1.61787499804353e-16,1.90178953152275e-06,-4.1765880931838e-08,-7.89270115187534e-15,-1.03177104578646e-07,-3.70772678006098e-07,7.28525682735589e-15,1.60534093732383e-07,-7.28636286239455e-17,4.31376735606209e-08,1.16583878503824e-16,4.30636329642773e-08,3.72936468587547e-07,9.37909192842193e-08,1.27190266258147e-08,8.74682244634132e-08,-1.12201047686732e-05,1.22520137140191e-07,-2.28156786916532e-16,7.31888364574109e-06,-3.18750688278143e-07,-6.33481624322217e-17,-1.55486127928259e-06,-1.24011572215432e-07,1.50634579524744e-06,2.15187619283702e-16,9.37552106703073e-08,8.61909324676824e-07,1.71696585514073e-16,-3.11283119775079e-07,-6.89566708901224e-08,-2.50534015407454e-08,-8.38939070066548e-17,8.46891337324335e-16,6.54547826250201e-08,2.0166464579198e-08,1.63368380071745e-09,-2.429980716758e-07,1.23932863992592e-08,-1.98119110476804e-16,1.34560718644317e-15,4.54140514142424e-08,3.13185608773483e-10,5.94339598552131e-16,1.10515604049437e-07,5.05306578126909e-16,3.98894539350559e-07,-2.14800139795808e-08,-1.2558860222268e-08,-8.34787294828923e-08,-9.20069788566505e-16,1.96486652780932e-16,-5.07851000024135e-16,6.21033041256938e-16,-4.76658911491463e-08,-1.24052060506226e-06,-2.03639172738233e-16,-1.66304082688948e-15,-1.26060482933245e-17,2.35098433985981e-07,1.58734670553214e-08,-1.17918573739936e-07,7.99095982916775e-17,-6.64939682026701e-15,-2.64257941733758e-15,-7.58128118558179e-07,1.6110445935785e-07,-1.12616419313116e-16,2.14816218051516e-07,-7.5607882481292e-07,-1.25521865794193e-16,1.35079756059762e-16,-7.67261715854832e-08,-7.87221486910315e-10,-3.84721830726962e-08,4.04735968297353e-16,4.41109768805139e-08,6.49451980353276e-08,7.08056993286063e-08,-6.60633799353164e-08,-2.36864544143682e-07,1.52864224392699e-07,3.52270424030554e-16,-3.33943690962529e-18,8.50119217713625e-17,1.54512847145384e-05,-3.81928050798539e-07,-2.110170507895e-08,-1.78113586352455e-08,3.34362880728198e-16,-1.78297986609844e-16,9.63560388412175e-16,3.05747128113097e-16,-6.57445044688201e-15,6.44033715628923e-07,-8.4681508035891e-17,1.26174655502783e-15,-1.57055699733458e-08,1.07118665719501e-16,-1.40921104419723e-08,-7.3844141973428e-17,-1.7540542096792e-08,-6.59145364384098e-16,-2.31218590733888e-08,-2.96058855109495e-09,-1.44883016668595e-05,1.18746879076366e-15,1.03518971020102e-07,7.55032605400683e-16,1.67105001276611e-07,-2.55759153415343e-06,2.07046731378094e-09,-2.87998333692478e-16,3.42928622549673e-07,-2.18416494834855e-16,-1.10100086119684e-07,-6.31520107796259e-07,-1.049479678925e-15,-1.33551616784235e-15,1.91450547923712e-16,1.37889121914819e-15,-2.97474093088925e-09,-4.36990276987635e-08,-1.15238992151565e-08,-7.20332947417803e-15,-6.87394942419793e-14,-1.82630433702953e-05,0.399262461606609,-8.04942235599371e-14,-5.07933734295852e-15,3.61988419713694e-08,5.8243514563818e-15,2.06094922367273e-07,1.49549601232779e-14,-1.1928233188796e-06,1.0348314933076e-15,-1.06021273343418e-15,-1.10369541326988e-15,-2.33826748211323e-16,-2.73094322212054e-15,-1.21359899203391e-14,-2.86744355257407e-06,1.98961063768574e-05,-1.06268947150169e-15,4.2696861081994e-08,-1.49657151317498e-07,-1.8311151744389e-15,5.78530956701382e-16,-1.61979542975336e-15,-5.04845933319545e-16,-1.0497341515575e-08,-1.55274796913249e-09,-1.39259977096755e-15,2.64349157041087e-15,1.61642519106204e-08,5.70113247969241e-08,5.74233946950043e-09,-6.06217201994863e-16,1.79238195296905e-15,7.68548731195965e-16,1.56721351204953e-16,8.14395590768475e-16,7.00939240296292e-17,-1.67610799773614e-08,1.48009866261083e-08,2.65315547231851e-09,-1.49339049001016e-16,-3.15311422252083e-16,1.01196206163894e-15,5.39033456258199e-16,-3.49718835636665e-16,1.32153119934531e-15,7.73800272170041e-16,7.74149808375403e-17,1.42723486966609e-16,-4.22275507168938e-16,-1.24517421395099e-16,-6.04800173746949e-17,-1.62450043042913e-15,-3.58807440645572e-16,-7.61239546228784e-09,-3.06836695089541e-16,9.1418020370376e-16,-1.03903617571996e-16,-2.13045272237976e-09,-1.0405087592035e-12,2.35133042644447e-16,-2.13334315796191e-09,1.46362999941728e-08,-7.77971933202484e-17,-4.4932949904374e-16,-8.09914528858626e-09,-4.26328829192837e-16,1.1073499105018e-09,8.44752644882813e-17,6.3487556291976e-17,-1.18554621848067e-16,8.72889464364428e-16,2.33694874838884e-10,-3.27498843736373e-08,-1.46550988355233e-16,-4.02612449461031e-16,-1.02614632706009e-16,-5.7731550958345e-16,5.27260497539185e-15,9.16585074807631e-17,-4.66080090189495e-16,-4.1444554296413e-17,3.69479625052146e-08,-3.56466415659014e-17,-1.62971098641926e-16,1.05608763760336e-16,5.36627081755717e-17,5.33977678104672e-17,5.89106891379057e-15,-1.51899045712789e-08,5.8987675027987e-17,1.10229220359875e-16,1.14613011335555e-08,-3.07419177507245e-16,-1.35944372455285e-16,-1.56139021638963e-17,-1.07966326137376e-15,7.436473241057e-08,6.62946576265511e-17,-8.09490783188413e-09,-3.76799751908027e-17,5.23377713459893e-17,5.13681811854653e-16,-2.53475768690707e-14,-9.11014364137602e-17,-7.23447970954301e-16,3.02730985637385e-10,6.54440070853366e-16,1.7631791106977e-16,4.39193255162779e-07,-3.8766940831777e-08,9.21497397367263e-17,2.76964608348692e-08,4.08065174724904e-09,-7.69555767164975e-17,4.41945866762565e-16,-2.09450496079095e-16,-6.16634101153519e-18,6.54092309928816e-17,-7.40496451423408e-09,3.62292757241031e-16,1.13395429015413e-15,-3.30772047922155e-16,3.01599609772367e-09,1.50150986436486e-17,-2.93312915564666e-16,4.9008822760319e-16,5.37564983144235e-17,-1.40374168046207e-09,-4.54998341262216e-16,2.93328320067534e-09,3.69101065489967e-18,3.79276941757438e-16,-9.23769168907825e-16,-1.33796426687362e-16,-2.71005192160011e-17,-7.1639183348619e-17,1.52099845395434e-16,-6.79328652378205e-08,-2.97155795437953e-17,-1.67649611484993e-17,2.22281963954782e-08,-2.08854936206241e-15,-1.26402020836867e-15,4.66503626657665e-16,-1.52151218822405e-16,-6.33589345928901e-17,3.84103908872976e-17,-2.38570849275857e-08,8.36518430349511e-17,-2.35172683668044e-16,4.94655821021957e-08,6.06718563606479e-17,-1.55787399849234e-16,5.56482024445537e-16,3.54791544676759e-16,-1.19308444110922e-16,-1.45299608562721e-15,-1.07814352495669e-16,2.1497674347821e-16,1.07679450270327e-16,2.59421693262326e-16,4.94861619776026e-16,-2.67652581059019e-08,1.15251565824598e-07,9.5023746372955e-16,2.90953591474729e-16,-4.89846181098394e-17,-1.24081519581272e-16,1.10973357679944e-14,7.13426323918503e-17,-1.62996588918182e-17,-2.63766905024717e-16,-1.13827643611603e-09,-4.58797206075383e-17,1.52611287387987e-16,-1.51303082500574e-16,-1.26367431904062e-17,1.47793353717546e-09,5.53941743238106e-16,-5.95192205814084e-08,-4.54172989166834e-16,4.45882320951962e-16,-5.15483699500409e-17,-8.03831791463287e-17,-8.30537694614984e-17,2.06633525752842e-16,1.13397371108586e-16,-7.75967142941059e-17,-5.17252002845306e-16,-3.66747209069701e-16,-3.65309526567364e-16,4.92945029055903e-16,-1.50284301426303e-16,5.66377525706763e-16,-2.2022286023264e-16,-2.01162031831795e-16,-1.92568845341673e-16,4.0296294043872e-16,3.8779296320435e-16,7.06527272989499e-18,-1.19022102211981e-14,9.72944598670064e-18,7.97189766604388e-16,-3.11310117686533e-17,2.30768991942675e-16,1.18666243103193e-10,3.87627458729028e-16,2.49318016599807e-16,-5.015559892866e-16,-3.08381702542645e-16,-4.88931323491838e-16,-4.6990944486143e-16,-8.01897457906573e-16,-5.26817066721671e-17,-2.96342652046639e-16,4.11477793582477e-16,1.83714061268962e-14,-2.11262064129126e-16,-6.74382634230343e-17,5.19357040692067e-17,8.51869125353649e-16,9.42556863740749e-17,-2.13387268935481e-16,-1.56920720238963e-09,2.96048959513845e-17,5.26673296363129e-16,1.15083201534815e-16,-2.30199535380207e-16,1.70362025353013e-15,3.5959228179533e-16,2.42016302528275e-16,2.5386172579964e-16,6.37618705343874e-16,3.40759079611923e-10,3.32832375808158e-15,-7.44331046200032e-16,-6.54970198486569e-16,4.05400360143637e-17,-3.04398792272556e-17,-3.82920124540018e-15,1.77685339058846e-16,9.20834674521274e-16,1.32993133695453e-16,1.33529546347239e-15,9.87476536563457e-16,7.2878987907659e-16,-1.71396485574779e-15,1.75727317942518e-09,-1.23210905901845e-15,-3.38681391578334e-15,-2.59496119524755e-13,-0.707106781186557,-5.33918243484573e-09,8.53318921968724e-15,-1.46574633696923e-16,-2.71183680331042e-15,-6.85998322207853e-15,3.46888010855932e-15,6.48443638073586e-16,1.2020746601701e-15,-1.25073397624818e-15,7.89631340080641e-16,-3.7283613666962e-16,8.91412580076027e-16,-1.95899082579595e-16,-3.18329429896352e-16,-1.59711885126387e-16,-4.17556331327886e-16,-2.77112917438462e-17,-1.04986539034335e-15
"t951",-0.0401606414571309,0.0325297151967339,-0.0530192531632086,0.0230845901758442,0.00605713890511594,-0.00271954522374415,0.0176088422777206,-0.0360007550849707,1.43258087612513e-05,-1.46914856224445e-05,7.41606889595619e-05,-0.0117524536081714,0.021992688552733,-0.00339126863376765,0.000992100451606943,0.180289415198995,-0.00452683314264654,0.0100082679155271,-0.000739454051532726,0.000388009847409303,-0.0536498120838988,0.127075551425829,-0.000132085131037007,0.000956965015467245,-0.000158379085959465,0.000157227968655142,-0.000223744494519098,0.000234742060472584,-0.00583514604654772,0.00293731894826002,-8.23300378806229e-06,1.35957708869117e-05,-0.00408208630377541,9.80694427074571e-06,-5.26576396807313e-06,-7.73288421666445e-06,-0.000302990462724125,2.11226909704979e-06,1.70215408244057e-05,4.58901102919603e-06,0.00023148210106245,-2.93622366304704e-05,0.000247481976645451,-2.89784512444693e-05,0.00631778975912253,-1.27795189960775e-05,1.68700716153506e-05,-0.000335345706498471,2.63214845372459e-05,-5.1391216434465e-05,0.000356185231804232,-3.41770093491974e-05,4.84406960634187e-08,-0.0057986975247432,4.92143608231387e-06,-5.21625526924731e-05,2.32434720145777e-06,-0.000173567739809097,5.99713726801122e-05,-0.186507044377456,9.64467276405976e-09,1.52246504125995e-06,-7.02939950278849e-05,3.9429669213017e-05,-3.52693930211034e-06,9.06928420359208e-05,-6.12754411859836e-07,2.20382689305633e-05,-6.06511564801813e-05,2.40540950069891e-05,-1.96521525137219e-05,0.00154644850805757,-3.20789616766969e-06,-0.000252541108411039,0.000119762622038813,4.45431279972154e-07,-0.0112756590178385,-5.84049046374517e-06,-6.74413571343292e-06,-1.09497121055238e-05,4.08519069753779e-06,6.32241024714299e-05,-9.28646675623407e-06,-6.08992758667915e-05,4.77009996846841e-06,0.000972440533414142,-0.000518903609359051,-1.02081112714671e-05,-4.30087057557084e-06,0.00641294994219099,6.01998086591318e-06,2.34283723014101e-05,2.98714053923589e-06,-0.000228411887275362,-1.7777833809131e-07,-0.000455610805459408,1.0596266003827e-05,0.000257536766246111,-4.36197563406954e-05,-1.22660248236296e-05,-2.67020435441216e-06,1.2918741608876e-06,-3.64438150531039e-06,9.18954131156455e-07,-3.41901963496489e-07,3.07608273113487e-06,-1.46169033501119e-06,-1.58590261872824e-06,5.06944991299988e-06,-0.447928610552363,3.95995831025135e-05,2.52342157441693e-05,-5.32428672248822e-05,3.34324646602613e-05,-1.266396891435e-07,4.66564159098838e-06,-6.79001497413092e-06,6.99729016962742e-06,-6.96698034062607e-06,1.70206296151681e-05,-8.24556053412946e-05,1.5204758026246e-05,-1.49423458316862e-05,-4.1476284831448e-05,0.000540824918495945,-0.000178279777270025,0.000682858982289352,-3.82110293703034e-06,7.41123599621839e-06,0.000244335494086771,-4.04851205236486e-06,2.28819687340838e-05,-2.74657673346412e-05,-5.51726434356484e-06,1.60025922311075e-05,9.23936526598236e-06,-5.49956283600349e-08,-3.79972012334094e-05,1.28135243347218e-05,-3.69763629597838e-05,-2.41344083748655e-06,-9.45628431961895e-05,1.88995019755228e-05,1.47291431874115e-06,0.000160086006972383,-2.58175086374688e-07,-1.49553455879616e-05,3.86932162155278e-06,3.34351504445585e-07,-9.32590192236696e-06,-0.124944634804888,8.4212696622e-06,0.000840261830131035,-2.64974727303851e-05,1.09029571062231e-06,7.31060094538945e-08,-9.04312949354511e-07,-3.44874523102781e-05,-1.89675861395346e-07,-6.39979179591841e-08,-3.36765796302827e-05,6.63886155468212e-07,-3.91001768511227e-07,-5.18700145931513e-05,6.35022771689272e-06,-2.34751544206673e-05,3.80306797070745e-06,6.51212184303958e-08,3.23926433523159e-06,4.33667445903034e-06,-5.15385770493405e-05,-1.21686385658626e-05,3.880240037553e-05,3.7416234607487e-07,6.49138255543054e-06,1.45804818526772e-07,5.76480467289917e-07,-4.06089317954016e-06,-3.3045154610288e-06,-0.00054262886213641,2.68049403491411e-05,8.57987031690364e-05,-2.12529886199655e-06,-6.85200449483255e-08,-2.64204965450908e-07,-4.81529473718026e-07,-9.8429108098055e-06,2.77495704554361e-06,1.27130340774471e-05,-0.000705101341552736,-2.41665755033384e-07,4.76024059980088e-07,1.91739838386836e-06,2.49535100673021e-08,3.36434199414499e-07,-4.87133874399231e-07,-9.02908701506102e-07,-0.00018864737454473,5.39520986767363e-07,2.39224023736355e-07,2.39068903391461e-07,4.04245582726252e-05,-6.71167710836059e-09,-9.07623386349754e-06,-1.98571249402288e-06,-8.98101756654645e-05,1.45542555406278e-06,0.00169069653077943,-7.73061413837397e-06,-3.66213732904628e-07,-3.72440075569501e-05,8.47975991462009e-05,-0.000226284697881922,-3.69986871285617e-06,-1.96486755738612e-05,-2.73792733537918e-06,3.28064546673086e-05,3.64315860482391e-07,-7.07559617437526e-07,-3.70114113539986e-06,-2.05772418162378e-05,0.000236326956674361,7.03724362504599e-06,2.36511823271338e-05,-6.67971909369358e-06,-3.49453425564327e-06,-3.70811847658547e-05,-2.95195359736548e-06,-5.13674536175764e-06,-4.69370832272631e-06,0.000139551512702868,2.38136233305712e-05,2.01670597429286e-06,3.46487850486168e-06,-2.47762909186255e-07,-4.05789824686656e-05,-4.23717793727418e-05,-4.66885774692796e-15,-3.62857011799828e-05,0.153020577554472,1.07535912270982e-05,0.000137243017618424,1.21660855292893e-05,-0.000110158214650998,1.66405002395942e-06,-0.00193888546544282,6.7587121236721e-08,-5.79891906152606e-09,8.72221075736626e-06,-1.12060059584782e-05,3.32537695800077e-07,-4.4477282620421e-05,1.82990645349012e-06,-1.7224305956329e-05,0.0689768157636741,-1.01355508754468e-06,7.8602360158999e-07,-8.64975080713761e-05,-2.99465841622298e-07,5.25267056721976e-08,-9.97591879922815e-07,1.84686363421976e-07,-1.9320524873395e-05,9.00573163279317e-06,-8.14018194673704e-08,2.73909948322225e-08,-2.48226620940313e-08,-1.74489931688066e-06,3.95641364652242e-06,-2.40791046641027e-08,-9.35194704902236e-09,1.84738452638854e-08,-1.57217269229054e-06,3.59717756664393e-05,-1.88003309269756e-07,2.42732522543719e-06,-1.18619423518002e-05,9.2133880385757e-08,-1.31236076508773e-07,3.95270805771667e-08,-1.79413318723301e-08,-1.51453198117714e-16,1.56407018667796e-08,4.12106660962746e-10,1.56694817249269e-13,-7.03573724787101e-08,2.27383830572342e-09,-1.69716104614463e-09,-3.28844859389381e-07,7.06043971232649e-08,-7.56831037379202e-08,1.99696034078504e-07,8.19129068806576e-09,-9.37456036415716e-09,1.25552922344437e-07,-1.55680091212895e-07,3.74505605646759e-06,-1.06990345912434e-07,0.000546850180596914,-5.75780363849342e-09,-1.64971871236756e-08,2.68028248800376e-07,-2.55109390977642e-06,6.10048604534833e-08,-2.37526235655582e-07,3.2556827323504e-07,-1.18773850198144e-06,7.79852954944536e-08,7.06508314747787e-08,5.4140676471589e-07,-9.13939589886539e-07,-7.42154489070462e-08,6.1150963786788e-07,-4.03988855676905e-07,1.00251379107287e-08,9.38876686836225e-08,-1.84756037048422e-07,1.60646545529698e-16,5.9637998681755e-10,2.52833753362203e-06,-8.72649893236728e-06,1.68929515292988e-07,1.51573632280148e-07,4.449029018041e-08,1.03692273254605e-07,-1.52452383643011e-06,5.71785555227552e-07,9.0500958299507e-17,-4.46392769659975e-07,-5.45338194137983e-09,-1.53142500871609e-08,5.09699052860514e-07,1.16378984042265e-07,-7.8965540682164e-09,-3.04189092822522e-07,8.14786933856851e-08,-2.72525823764096e-06,5.20343472025301e-07,-1.06277520335076e-07,-1.92780798330671e-07,-1.0213099148173e-08,-3.78437764336089e-07,-1.93135458792645e-07,8.11667739334058e-07,-2.10542355232773e-07,-2.31927655088336e-16,-3.38346511472678e-05,0.000990004355336138,-3.56139378870842e-08,6.34058379510318e-07,-3.93713048140688e-07,-8.31689425078352e-07,2.93477877102491e-06,-1.06618320099462e-05,-7.40916839896078e-08,-2.63317538372662e-16,-1.36590940077321e-07,-3.78208118809235e-07,-1.72722313477379e-07,-7.24957958781198e-17,3.26194163579807e-07,4.25448808788395e-06,-6.48853805969598e-07,-2.65830879160963e-07,-8.86331318766726e-08,-4.74158790832355e-08,-1.69529284503527e-06,4.72626215726951e-08,5.02265107259745e-07,1.468799970557e-07,1.04157812633312e-07,7.86099157282739e-06,2.00246225620888e-17,-1.5464156256661e-05,1.93192378825511e-07,1.25178218243148e-06,-1.26257033302335e-07,-1.27983124289857e-17,-1.22699242525096e-07,5.94118955977403e-06,-5.50905880875577e-08,-4.90130603411361e-08,-1.24117377865131e-07,6.92541651657951e-06,-1.74971778018679e-06,2.45399515075074e-07,4.41299022838291e-16,1.0006932264414e-06,-0.00049988136416454,3.08980233394064e-06,1.07071767752796e-06,-1.0894142340094e-07,-7.34060910563883e-10,-4.20087749204226e-16,-7.22810620651517e-17,-7.16997208987728e-10,-2.38886098115371e-05,3.1507035090165e-06,-1.22624888133367e-07,7.17093425531929e-16,-5.86047153895595e-08,-6.9384015745371e-10,-2.29570254984916e-16,-1.21983102603333e-16,1.03918214393297e-15,1.48135877782963e-07,4.3722502974141e-07,-6.33648315863112e-07,3.74856229946656e-07,1.86900366131549e-07,3.85185193847783e-07,-1.1640617479765e-06,1.50807815329569e-16,-2.55566807615352e-07,9.31301351618225e-07,3.40914359837088e-16,-1.77093396693231e-17,-4.53420743779397e-07,-3.51325169147232e-11,-9.96946226340544e-06,2.1009250046458e-07,1.99673684293131e-06,-1.42829045947724e-08,-6.77612068613416e-15,-4.80476046834775e-08,1.86269528702533e-17,-1.63875470001598e-07,4.77182049364218e-15,-1.10444727184994e-05,2.22886807579504e-17,2.32972302097806e-07,4.17608279187797e-07,1.9310338455523e-08,2.53886522508857e-07,8.7475024146876e-07,-3.72050297626687e-06,6.37310140996977e-07,3.18214807050532e-08,1.54798872873765e-07,1.42724867580345e-08,8.27856267831906e-06,-6.3036699292497e-07,-1.55657457619408e-07,-1.26481488355022e-08,-1.11746209309972e-05,-2.81342911110462e-16,2.83268251034117e-06,-4.89085908525605e-07,4.8428206856517e-08,7.98976696869441e-16,6.41794040949241e-09,1.74256227713981e-07,6.23883557815718e-07,2.22791922271046e-16,-1.0508484968192e-06,-8.05434851940762e-08,-1.32024150597139e-16,-1.06545332302123e-07,1.24495146476892e-05,-2.94046276444231e-16,5.05579500098926e-16,-6.09776081443353e-08,-4.71821226016099e-08,-2.69277482695287e-10,-3.74300217191658e-07,9.97859163219415e-08,2.03690639561174e-07,2.82978426693575e-08,3.47795936363242e-07,-5.92244916501158e-07,-1.57679425072388e-13,8.48054463287306e-09,8.42224200312088e-10,2.3265714704729e-09,2.17986825977792e-07,8.45304946547477e-18,-1.91382176227712e-17,7.18186478169134e-08,-8.5647271163162e-17,7.87905213564705e-17,4.56253481218217e-07,-5.10347385902145e-07,-6.60601373793604e-07,-5.52652937431824e-09,1.67769891243315e-05,3.68230999418042e-07,1.65518359809561e-08,3.01977955196522e-16,4.06360878388026e-08,1.9024073977064e-09,8.73606214335023e-09,-6.14139348821378e-07,2.43603791319188e-06,3.69024398163336e-16,1.76484445239036e-16,2.82311003665035e-15,-3.08788320296422e-08,-1.03300566263418e-07,-8.66070619158595e-08,-7.23476952269532e-16,-7.94830896730035e-08,2.33890258633922e-16,-6.57499568191122e-16,1.90178953190246e-06,-4.17658811641572e-08,-9.40474205937463e-15,-1.03177105215328e-07,-3.70772678077132e-07,6.77127856470459e-15,1.60534091905087e-07,6.30271269956753e-16,4.31376735741232e-08,1.39597119228525e-17,4.30636334033929e-08,3.72936468278479e-07,9.37909191410442e-08,1.27190265321139e-08,8.74682246506485e-08,-1.12201047655564e-05,1.22520137149818e-07,-6.3080130547626e-17,7.3188836452659e-06,-3.18750688501884e-07,-9.30520246877313e-16,-1.55486127994795e-06,-1.24011572288751e-07,1.50634579415288e-06,3.30036682590737e-16,9.37552106425079e-08,8.61909324816925e-07,7.06231691382968e-17,-3.11283119893261e-07,-6.89566707766326e-08,-2.50534010141491e-08,3.12525894227038e-16,6.3486491073815e-16,6.54547831033166e-08,2.01664644229222e-08,1.63368396287519e-09,-2.42998071096098e-07,1.23932862788867e-08,-2.18102141262874e-16,5.27962843521784e-16,4.54140512679579e-08,3.13185961371123e-10,-7.47606724217118e-16,1.10515603884696e-07,3.49465007831219e-16,3.98894539104136e-07,-2.14800139817104e-08,-1.25588605171886e-08,-8.34787292350298e-08,-8.61345900407944e-16,1.75248621671238e-16,-6.33530376478897e-16,5.66653989484616e-16,-4.7665891043371e-08,-1.24052060663468e-06,3.67141189647016e-16,2.31397200489911e-15,1.20783276742741e-16,2.35098434283514e-07,1.58734660832019e-08,-1.17918574360337e-07,2.92403725244882e-16,-6.78911624141618e-15,-2.27338502184655e-15,-7.58128119086091e-07,1.61104459591191e-07,-1.32380220587421e-16,2.1481621773144e-07,-7.56078824967816e-07,6.99211621847886e-17,2.13724322466527e-16,-7.67261717500542e-08,-7.87221384610192e-10,-3.84721828027205e-08,1.00254334684873e-16,4.41109767326794e-08,6.49451976726127e-08,7.08056996634867e-08,-6.60633797500526e-08,-2.36864541781417e-07,1.52864225270024e-07,-9.20094276248711e-16,-1.72219076724028e-15,-1.11902347302153e-16,1.54512847162864e-05,-3.81928051030514e-07,-2.11017042947818e-08,-1.78113583271565e-08,1.15868265539145e-16,-3.26721931645205e-16,9.07977503512138e-16,4.15475994460616e-16,-2.84705532130793e-15,6.44033715020011e-07,1.86906517009287e-16,9.01499210793576e-16,-1.57055698699124e-08,3.09696904693308e-16,-1.40921105689807e-08,1.72690147714285e-16,-1.75405410494519e-08,-3.42173739028126e-16,-2.31218596413175e-08,-2.96058849234935e-09,-1.4488301665751e-05,1.24385969779956e-15,1.03518971048375e-07,8.89380585642941e-16,1.67105001809277e-07,-2.55759153425969e-06,2.07046733549141e-09,1.21850579120031e-15,3.42928622521542e-07,-1.82992243238104e-16,-1.10100086189111e-07,-6.31520107342211e-07,-2.11714593287687e-15,-1.37605456034705e-15,3.12321790472061e-16,1.27622097331851e-15,-2.9747407628183e-09,-4.36990275670253e-08,-1.15238992992068e-08,-7.18134926540399e-15,-6.82477226234571e-14,-1.82630433700251e-05,0.399262461606639,-7.95744832595519e-14,-4.92252401105646e-15,3.61988419492656e-08,5.97019603102642e-15,2.06094922165062e-07,1.56226051135234e-14,-1.19282331911506e-06,1.1895348582483e-15,-1.24116631148049e-15,-1.07342835824504e-15,-1.26476209215472e-16,-2.51901897380216e-15,-8.78509580600458e-15,-2.86744355190035e-06,1.98961063720629e-05,-1.00683017579431e-15,4.26968612183169e-08,-1.49657151478601e-07,-1.62391687457819e-15,6.14197385670569e-16,-1.37538672198543e-15,-9.2700855434187e-16,-1.04973406013919e-08,-1.55274796927331e-09,-5.96645093894531e-16,2.66795575996416e-15,1.61642519323884e-08,5.70113249080365e-08,5.74233926188807e-09,-7.03096514294476e-16,1.5975991978999e-15,7.93952559250754e-16,2.02094229758493e-16,-4.75369722755782e-16,1.34453165835437e-16,-1.67610796967458e-08,1.48009859853697e-08,2.65315525094141e-09,1.32884236910068e-16,-3.13795594226313e-16,8.82132415860118e-16,1.48175539589693e-16,-2.56154961215177e-16,9.03523698406267e-16,5.81328415234567e-16,3.37951327103515e-16,2.22644676051214e-16,-7.92004910405713e-17,-8.29721489334004e-17,-8.2122966420399e-17,-1.80586397064017e-15,-6.1435995128185e-16,-7.61239473111846e-09,5.57268252468725e-17,-8.47852466401196e-16,-2.25654742553544e-16,-2.13045227006575e-09,-1.04035793237331e-12,3.5943131745653e-16,-2.13334506957434e-09,1.46363003332027e-08,-1.57023668042105e-16,-6.72782267896552e-17,-8.09914518457537e-09,5.63681059972668e-17,1.10734944057864e-09,1.07257433049885e-16,-3.99217349931255e-16,-1.69097625558149e-16,-9.37207365310195e-17,2.33695186139153e-10,-3.27498841009887e-08,5.15453183814548e-16,2.75505730157761e-16,8.66262285931043e-17,-2.79969837121222e-15,-3.52513470696489e-15,2.45011551279311e-17,3.36147921337479e-16,1.36656559181814e-16,3.6947961119229e-08,-8.57275293444634e-17,-2.57975769163045e-16,-8.59384302090711e-18,6.25430125171726e-16,-8.9531314142223e-17,5.98292038857597e-15,-1.51899051426477e-08,7.47591515177248e-17,-1.99442713157448e-16,1.1461301057133e-08,-2.58296770735995e-17,3.89742751697788e-16,1.09702762782927e-16,8.66909043577997e-16,7.43647318335894e-08,3.15026516690225e-17,-8.09490744778739e-09,1.59384931821407e-16,-2.30681658565515e-16,-2.62627055029354e-16,-1.12629988451589e-14,-7.84720760744359e-17,-3.65175807577347e-16,3.02731230988334e-10,-7.20070481829337e-16,7.5309256691482e-17,4.39193253888158e-07,-3.87669409938903e-08,4.11944168011789e-16,2.76964606283184e-08,4.08065180417839e-09,1.0745375969908e-16,1.9186405997489e-16,3.33814256811722e-17,3.72827574478874e-16,-2.82655597129677e-17,-7.40496504077288e-09,-1.51094605919248e-15,-7.11007937724765e-16,2.00674970314421e-16,3.01599678317867e-09,6.29357248454403e-16,6.44018991178539e-16,-1.42194120359134e-16,2.26276898279306e-17,-1.40374159147858e-09,7.36167819982765e-17,2.93328289030416e-09,-1.43675748902464e-16,-3.13362128300875e-16,9.44397168514234e-16,-1.64296109747625e-18,2.03652541046399e-16,-1.53941673231347e-16,-2.37931589256104e-16,-6.79328654445925e-08,-5.83992721283053e-17,2.78351344178498e-17,2.2228196407831e-08,6.49303363768724e-16,-8.66920538991093e-16,-1.59254345590362e-16,-1.76565393954857e-16,-4.71777182191729e-16,-6.29124336226166e-17,-2.38570844276612e-08,-1.88303886529145e-16,-2.32895756837299e-16,4.9465581288924e-08,1.7669709984027e-16,-5.491698737025e-17,-9.46016234393803e-17,-3.20812431228261e-16,-2.9535832625153e-16,1.57639715224339e-15,1.15110410366521e-16,2.99699428215676e-16,-1.08703509871368e-16,-2.9516897672397e-16,-3.72048449651375e-16,-2.67652580071385e-08,1.15251566216942e-07,-1.01370119164317e-15,-2.02191400495938e-16,1.15161309889187e-16,2.00962856313151e-16,-5.76916574130106e-15,5.39257248010957e-17,-1.27018246553925e-16,9.56641637849087e-17,-1.13827651246067e-09,-2.74039158801979e-16,-1.58087323111865e-16,9.60735701037763e-17,7.68922555679253e-17,1.47793400336406e-09,-4.10631395943667e-16,-5.95192181273036e-08,2.12807894609137e-16,-2.15817293060639e-16,-8.88142569558622e-17,7.69998007410174e-17,6.21519951437877e-17,1.89257854710926e-16,2.92609384186728e-16,1.59682782071605e-17,-3.07298542484816e-16,1.78597473613055e-16,3.26288929659486e-16,-2.47055683560032e-16,-4.26565283958965e-17,1.54111767581349e-16,-2.09295003538558e-16,1.45490283776868e-16,4.17646380679075e-17,-5.91122240428986e-16,-7.61982994414992e-16,-7.44105487130939e-17,1.4646760739965e-14,1.00417485021977e-16,-1.1728525424673e-15,-9.34108598411268e-17,2.49893753169224e-16,1.18666703163336e-10,-3.63288240221057e-16,-2.04152176952811e-15,3.15830382576418e-16,2.45133980322449e-16,3.79049233711305e-16,4.82261606921186e-16,7.63828888039885e-16,1.24468000233075e-16,3.4155222522664e-16,-3.90705355875339e-17,-1.44862074967149e-14,1.26167711080999e-16,-1.51153782193233e-16,1.18477053231695e-17,-9.91311623117313e-16,-2.31439001932458e-16,5.6232190541954e-16,-1.5692092408022e-09,-7.07500889986873e-17,-1.59931620614815e-16,1.6527036083224e-16,5.75614737481523e-18,-1.83787032201177e-15,-1.95463989353618e-16,-2.10593681954788e-16,-3.01955858514026e-16,-5.97210965973157e-16,3.40758548780809e-10,-3.55779505787182e-15,6.92888750064946e-16,2.7504876348509e-16,1.24096917654332e-16,-9.17186189486773e-17,3.78601189845298e-15,2.14052613646698e-16,-8.50332391947828e-16,-1.46178293346395e-16,-1.22317868104373e-15,-8.63439294015847e-16,-7.78239640026686e-16,1.92378131020499e-15,1.75723699300759e-09,1.42859376189298e-15,3.17897688978809e-15,2.59372150786782e-13,0.707106781186542,-5.33910857280757e-09,-8.53885557240802e-15,2.05756859920837e-16,2.74000188869556e-15,6.86133143644434e-15,-3.71851554730249e-15,-7.18831761763619e-16,-8.88700680747833e-16,1.30906796359058e-15,-8.06988179522065e-16,2.77988075876293e-16,-7.93470762494305e-16,3.36497851026249e-16,9.21096697436444e-17,3.65667713963194e-16,4.32345977207016e-16,3.61534718468267e-17,7.41295519896416e-16
"t643",-0.0400182341153313,0.032286428871552,-0.0526098823809575,0.0228455770790013,0.00598031747417516,-0.00267906183845466,0.0173415534912527,-0.0354106911592864,1.40483400676143e-05,-1.43461896157508e-05,7.19468443114487e-05,-0.0113196614664683,0.0211589508541655,-0.00326074749553257,0.000952241154541244,0.172615370563404,-0.00432951168116122,0.00956404856146617,-0.00070586731401655,0.000368850303302496,-0.0507822871932309,0.11886132729902,-0.000123062399449534,0.000891216601105282,-0.000147454242721737,0.000145858307308129,-0.000207370768554057,0.000217407145066444,-0.00539251057900268,0.00267348528333409,-7.4434741540532e-06,1.22314425466042e-05,-0.00364222792073388,8.6989455483662e-06,-4.63971197984446e-06,-6.73811967884295e-06,-0.000263505893612715,1.83251243863938e-06,1.47513941800918e-05,3.96761602035772e-06,0.000199210408974367,-2.51665893352775e-05,0.000211575442619913,-2.47687575785375e-05,0.00538349600425595,-1.07649843804088e-05,1.41597845342149e-05,-0.000280991987126438,2.19495539505443e-05,-4.26302615277555e-05,0.000293366032773029,-2.80547382463085e-05,3.97436304578304e-08,-0.00473747691500298,3.98701893776648e-06,-4.22041506619366e-05,1.83625074707077e-06,-0.000136198601804099,4.70214469083109e-05,-0.143772304234763,7.33702544663665e-09,1.15047531755231e-06,-5.28284078714644e-05,2.95916427523816e-05,-2.61950536029255e-06,6.6719634435554e-05,-4.41138929585323e-07,1.5708221227026e-05,-4.30283532968526e-05,1.69198062383607e-05,-1.31866961158593e-05,0.000998549720338782,-2.05870098138668e-06,-0.000160003333872993,7.57549710976612e-05,2.80167721810801e-07,-0.00707615219174348,-3.62435011064313e-06,-4.0772194945121e-06,-6.54827932314609e-06,2.39720972606385e-06,3.69454800342778e-05,-5.25912599646089e-06,-3.41542906235996e-05,2.56171513532264e-06,0.000515843803669659,-0.00027179282185619,-5.33575261238782e-06,-2.24683381016199e-06,0.00334564084508324,3.12522272428442e-06,1.1590672416068e-05,1.47106529215209e-06,-0.000108983032851164,-8.00590588880254e-08,-0.000203314363861755,4.726513548755e-06,0.000112189526552313,-1.88320398075977e-05,-5.11406633914212e-06,-1.08076681154759e-06,5.21480667255996e-07,-1.46662859751967e-06,3.18080708151484e-07,-1.16868447641392e-07,1.04109126134039e-06,-4.85909669290845e-07,-5.24529952867427e-07,1.6615426061189e-06,-0.144778477839491,1.2740612226463e-05,7.89587729745623e-06,-1.66035603916618e-05,9.64078951689014e-06,-3.58785179334153e-08,1.26990018262449e-06,-1.81403059096683e-06,1.77232438781866e-06,-1.67084741139967e-06,3.90767403669685e-06,-1.84485714438891e-05,3.09252198174957e-06,-2.84043589690056e-06,-7.86314271132177e-06,0.000101490652567445,-3.09950117723412e-05,0.000117931621522002,-6.14139025942582e-07,9.3361752398369e-07,3.06839622637472e-05,-4.96843070529513e-07,2.26388938115968e-06,-2.58823837057865e-06,-5.01081572961584e-07,1.2283442332405e-06,6.91093404133954e-07,-2.4546455605898e-09,-7.57254979809341e-07,-1.84484925588914e-07,5.68620127928148e-07,5.14813323099754e-08,2.30489594012062e-06,-5.53404486273151e-07,-4.58961842128377e-08,-4.99232888358925e-06,1.15430438883304e-08,1.07664344319601e-06,-3.87688337232643e-07,-3.5876707506202e-08,1.14782097107211e-06,0.0155356857711539,-1.09815230084223e-06,-0.000112577882953363,3.65821756238939e-06,-1.91851520029853e-07,-1.33128684707426e-08,1.68624854310384e-07,9.95339742443545e-06,5.96316923867195e-08,2.0375518238229e-08,1.14697491922948e-05,-2.29156475512002e-07,1.4630393476881e-07,1.9593124914323e-05,-2.58180368932668e-06,1.02087958185241e-05,-1.97568867896817e-06,-3.40295702106535e-08,-1.69524839674113e-06,-2.32113319710839e-06,2.83076500662281e-05,6.70832852395274e-06,-2.24812107556838e-05,-2.20114513972515e-07,-3.9447095878758e-06,-8.93029906514131e-08,-3.54505071489818e-07,2.68451202013486e-06,2.34601856937305e-06,0.000389875193814774,-1.94786668382712e-05,-6.44435086265481e-05,1.61649279549295e-06,5.27562591369366e-08,2.05761710624151e-07,3.89475955524011e-07,8.03530158818015e-06,-2.44920848615564e-06,-1.124905174859e-05,0.000639926266094656,2.34787973985243e-07,-4.88541001635857e-07,-2.0047540958452e-06,-2.68149118110969e-08,-3.68912279300704e-07,5.66664130312895e-07,1.0636417634321e-06,0.000228187827187026,-6.61231789861539e-07,-3.23671450923776e-07,-3.24940213098186e-07,-5.72266665130502e-05,9.88343051816303e-09,1.46612748954092e-05,3.20896414776543e-06,0.000146359913206766,-2.43325080763831e-06,-0.00287688077078731,1.37791712879592e-05,6.90811451651191e-07,7.34927236162378e-05,-0.000169657581861413,0.000481646747816516,8.14822090997175e-06,4.33110852748388e-05,6.19673738822022e-06,-7.93663420364676e-05,-8.92664735967348e-07,1.85519633872586e-06,1.01680372875176e-05,5.74503147827884e-05,-0.000705121397225628,-2.13313807375761e-05,-7.29447698051072e-05,2.17207491298061e-05,1.14855826984171e-05,0.00012219601910271,1.03095539524626e-05,1.85865046285435e-05,1.76688154619901e-05,-0.000534873527508581,-9.29966985108142e-05,-8.01526801102437e-06,-1.38397817565306e-05,1.03652230646763e-06,0.000174767576859265,0.000188363580413106,2.23897541999172e-14,0.000168876490702725,-0.718770970277251,-5.38709621658051e-05,-0.00072306633166929,-6.68535470687065e-05,0.000606869983308105,-9.92903674287614e-06,0.0117277635351039,-4.11400743327267e-07,3.63855149008731e-08,-5.58735081903633e-05,7.45855889580995e-05,-2.25164603659828e-06,0.000303311374733219,-1.29795676560177e-05,0.000145216988912449,-0.620537141806606,9.64197835746157e-06,-8.49697600053396e-06,0.000943943551701513,3.59739737306691e-06,-6.67628931415639e-07,1.3794871752948e-05,-2.62655034907684e-06,0.000283135361803531,-0.000137726432410132,1.32931184143242e-06,-4.50752273947348e-07,4.90693251001208e-07,3.4649115594234e-05,-7.89645878141114e-05,5.07695092561348e-07,2.01373121865645e-07,-4.26359691510611e-07,3.67712106984925e-05,-0.00144025831752192,8.13576064661624e-06,-0.000112169854245979,0.000647909156125198,-5.87529991207346e-06,1.32888323210639e-05,-4.80940368352949e-06,2.59361270066279e-06,9.85487345208908e-16,-6.23466666813194e-06,-2.12922023435208e-07,-1.96036685603096e-09,-1.65874839711591e-05,2.88651717435827e-07,-1.77170637844631e-07,-3.15724794781736e-05,3.38184066889903e-06,-3.51481379970759e-06,9.1987088879569e-06,3.32106391591204e-07,-2.85733042101515e-07,3.67298183211168e-06,-4.43127886440835e-06,9.79632010253436e-05,-2.15775633685187e-06,0.0101003544641591,-1.05834353289634e-07,-3.02801139154775e-07,4.10700842269145e-06,-3.31536998675026e-05,7.78282641836803e-07,-2.95191813272681e-06,3.92450973628729e-06,-1.41877289219857e-05,8.67273841718027e-07,7.81724052865163e-07,5.93548336106331e-06,-9.95736255137264e-06,-7.92519801946045e-07,6.39132186386223e-06,-4.14188770150189e-06,1.01940876151836e-07,9.4170290817026e-07,-1.80151188496741e-06,-5.47316230405263e-17,5.01500082424696e-09,2.09890754373911e-05,-7.11002573749576e-05,1.37562595799496e-06,1.23358536432774e-06,3.60466232120713e-07,8.33141569595839e-07,-1.21301198340304e-05,4.46254405446494e-06,-1.3974369751252e-16,-3.34135894616662e-06,-4.06177604287401e-08,-1.12874490102423e-07,3.75212544933533e-06,8.35594383101508e-07,-5.59497108423062e-08,-2.1164877925471e-06,5.60084447547479e-07,-1.8266980753795e-05,3.4116283840317e-06,-6.87411823779817e-07,-1.23763099489433e-06,-6.52668159602812e-08,-2.39902340293846e-06,-1.22326467083182e-06,5.11210919484727e-06,-1.3203505138251e-06,-2.37859114723364e-16,-0.000205714023072796,0.00598219136486675,-2.15187504040167e-07,3.76624569951302e-06,-2.33271906893665e-06,-4.78320424236202e-06,1.67419597789285e-05,-6.07259295433088e-05,-4.19495014692641e-07,1.51986497592742e-16,-7.68195709446621e-07,-2.12182479828769e-06,-9.60233224492694e-07,2.75169387630625e-16,1.79606122052449e-06,2.33732580132144e-05,-3.56054472698624e-06,-1.45526283016654e-06,-4.83294725613641e-07,-2.57785445045754e-07,-9.19566090980318e-06,2.54645356508312e-07,2.70400628564211e-06,7.87153537752675e-07,5.53809462152433e-07,4.1780396853013e-05,-5.17737588002202e-17,-8.09644342854127e-05,1.00889790498396e-06,6.50074268307417e-06,-6.50243754026135e-07,6.38545636055279e-17,-6.2104055393259e-07,2.95159169809982e-05,-2.71482487817563e-07,-2.40636408618485e-07,-6.06689477724357e-07,3.35801931002949e-05,-8.37693115158096e-06,1.14051492034771e-06,1.19734034407966e-16,4.53899640827477e-06,-0.00226275710168163,1.39272118242706e-05,4.79838159676171e-06,-4.88001985574684e-07,-3.28290765339947e-09,-5.20191203250094e-16,4.73305763627819e-16,-3.17732642287408e-09,-0.000105039072420027,1.38404834847053e-05,-5.35004093393059e-07,1.90916155247997e-15,-2.52004139372499e-07,-2.96492717380047e-09,3.65063982450028e-16,-5.98060133197524e-17,-1.7495554914971e-16,6.21137160649153e-07,1.82899837498572e-06,-2.62959230684391e-06,1.54533418135426e-06,7.69898612250024e-07,1.57572785204509e-06,-4.75821283435101e-06,-5.43568584829211e-16,-1.03050697077586e-06,3.73766511873117e-06,6.22261322928988e-17,3.87492510526968e-17,-1.78757610148712e-06,-1.37929619990375e-10,-3.89239648917528e-05,8.17267458246579e-07,7.71375134336567e-06,-5.51163248110174e-08,-2.68761129905932e-14,-1.85131327843063e-07,-2.27231908557592e-16,-6.28707056641943e-07,3.88768955755555e-15,-4.22388339661682e-05,3.24611753118687e-17,8.87456819631566e-07,1.58951829432004e-06,7.27382698195212e-08,9.54252176565811e-07,3.28482583267645e-06,-1.3916177028552e-05,2.37573025381187e-06,1.17704088415115e-07,5.72544527805192e-07,5.26641831963117e-08,3.04162573170263e-05,-2.30289670168382e-06,-5.65973643918992e-07,-4.58194421522309e-08,-4.04083370456363e-05,1.77515166754806e-18,1.01864632427365e-05,-1.74949110467851e-06,1.70698856501673e-07,7.98596746875378e-16,2.25271410489965e-08,6.07816494789806e-07,2.1703616581728e-06,-2.99715131809445e-17,-3.65069647019637e-06,-2.78307477221082e-07,1.23290836657032e-16,-3.67183069445179e-07,4.22361655353005e-05,-1.63221460313825e-16,4.37291757983647e-17,-2.05620601289428e-07,-1.59014904172973e-07,-9.05226412643628e-10,-1.25453894084218e-06,3.32215561403573e-07,6.7775177119934e-07,9.40801056281156e-08,1.14607296060035e-06,-1.93755354153086e-06,-5.15767983877424e-13,2.76689605244034e-08,2.74658856041538e-09,7.574762580611e-09,7.08313186544071e-07,-2.11876025106284e-16,-1.57457704860406e-17,2.32732967848881e-07,1.39518773560542e-17,1.25054706219503e-16,1.45359379853608e-06,-1.62115619688339e-06,-2.09831938583514e-06,-1.74416169668305e-08,5.29016060331375e-05,1.16089780990405e-06,5.21189100286638e-08,8.86514366330652e-20,1.26316117523538e-07,5.89722080619659e-09,2.70558804179315e-08,-1.8933270208253e-06,7.44712407560629e-06,-6.72849245435218e-16,4.83768400243496e-17,1.00014353228583e-14,-9.32460960411262e-08,-3.10266807208739e-07,-2.60020311117083e-07,3.88902662892373e-16,-2.37384167569855e-07,-1.16414733212485e-17,1.91014479326401e-16,5.54706729651575e-06,-1.21784118624481e-07,7.22796669022867e-15,-2.99057325787918e-07,-1.07090332766442e-06,1.57101996084127e-14,4.60303323178855e-07,2.96358245817387e-16,1.22587644528189e-07,-1.34273561496545e-16,1.22277698199728e-07,1.05827158933061e-06,2.65957734187036e-07,3.6030667262755e-08,2.47223422909948e-07,-3.14416824833684e-05,3.39126576810028e-07,2.34946112267268e-17,1.99373904233977e-05,-8.66794308346278e-07,-5.53700222126328e-17,-4.21833126455795e-06,-3.34998502624231e-07,4.05322625550616e-06,-3.1895491010688e-17,2.48831413215558e-07,2.28118218450254e-06,1.13213075820509e-16,-8.20781484555257e-07,-1.81484367517187e-07,-6.54762798807553e-08,8.00873356298362e-17,2.82796540257844e-17,1.68142224315693e-07,5.14100833664232e-08,4.15811392097841e-09,-5.96698568868364e-07,3.02429445414911e-08,-5.1752089728092e-17,2.55136216340828e-16,1.10337266352875e-07,7.60484132854665e-10,-2.46094943164553e-17,2.66335389957943e-07,-5.12240784842712e-17,9.54140302325661e-07,-5.08389573241297e-08,-2.97016060550396e-08,-1.9683000306968e-07,-2.16203504401955e-15,3.20327209053288e-17,1.11137135242422e-17,2.64094664153615e-16,-1.09213265947173e-07,-2.83528337654808e-06,-6.80288166844032e-17,-4.22480712196184e-16,-7.91781966634596e-17,5.32451252168039e-07,3.5805447323261e-08,-2.63011700931731e-07,1.72167008179493e-17,-1.85552566710082e-15,4.65891715488079e-16,-1.62209433489153e-06,3.44171168736394e-07,8.62365215141384e-17,4.50758794336286e-07,-1.57460626752183e-06,6.17175072530909e-17,-2.62958266326293e-17,-1.56859567307805e-07,-1.60694039561737e-09,-7.76383090387989e-08,-4.12365424536066e-18,8.72468766062588e-08,1.26970565203789e-07,1.36107543781328e-07,-1.23912607948112e-07,-4.4122467763347e-07,2.80990299560897e-07,-1.16311205021778e-16,2.65574280270248e-16,5.53052190493045e-17,2.60387274183924e-05,-6.42662841449059e-07,-3.50578294058419e-08,-2.75452964105607e-08,-1.73049763524781e-16,-3.04871340820862e-18,1.60382329697977e-16,-4.836752772066e-18,-3.72209419917285e-16,9.08867191584837e-07,1.69573705205012e-17,-1.00187600129323e-17,-2.12539881757758e-08,-5.80254730674146e-17,-1.90257498921574e-08,9.95505342147515e-18,-2.35872817844699e-08,-1.30015805649986e-16,-2.85694145869332e-08,-3.57643103319633e-09,-1.68722219723422e-05,-1.06777627120337e-17,1.14773618471922e-07,1.10138570922131e-17,1.63182889671556e-07,-1.9959564914588e-06,1.59668173120799e-09,-2.0368732012528e-17,2.33884081368339e-07,-2.90122738115366e-17,-5.81285193060893e-08,-3.28360101253319e-07,-1.6815941823783e-17,-5.90313604018393e-17,1.6586407657168e-17,4.81890420208604e-17,-1.12503581252499e-09,-1.47851975839967e-08,-3.34993372789401e-09,-2.12749469775781e-16,-1.96005257544226e-15,-7.33642606669107e-07,0.0112116027000277,-2.24999026369067e-15,-1.81433698779597e-16,-1.27207005258794e-08,3.04296767766814e-16,-9.15203337435155e-08,6.0808585461954e-16,8.84031615921758e-07,-6.35308472294192e-17,-2.1713348682354e-16,-1.29758714148265e-16,-4.49166019932486e-17,-1.2442538953893e-16,1.57867446008873e-16,4.35477027304257e-06,-3.04586033250121e-05,-2.8452261188328e-16,-8.03017206923197e-08,3.0572049192853e-07,-1.24643261216268e-16,3.8225324364861e-17,5.82420926684507e-17,-8.56602361970746e-17,3.02121589335328e-08,4.83335423509819e-09,-1.8303693953474e-16,7.72369176311764e-17,-5.49042183754888e-08,-1.95861836076148e-07,-2.05006073097159e-08,5.98900112630158e-17,1.83127755550946e-16,-1.40126045143806e-16,-1.94468235098998e-18,-3.44963650484702e-17,4.4163375999464e-18,1.158081177565e-07,-1.09531908637992e-07,-2.10606276372474e-08,-6.92980222179469e-18,-2.38755691052141e-18,-8.77003895001081e-18,-2.23285417191574e-17,-8.87700814492581e-18,1.00567074987617e-16,2.3457670648585e-17,7.60920078897283e-17,1.71259107869386e-16,-7.38743843250579e-18,1.96963469553106e-17,1.5804724371106e-16,-2.89347466976574e-16,-8.54130047875931e-17,5.94738042335412e-07,-5.0880614561385e-16,-2.15359381330675e-17,8.08227829814806e-17,1.12720546552846e-06,-1.96445142709204e-09,3.78703425786542e-17,-1.05976966436915e-06,1.02930795104748e-06,5.58698502552128e-17,-1.20820729688525e-16,-2.8702665754928e-07,-3.13508285271241e-18,2.52965627770855e-08,1.46669808960388e-16,8.408037398988e-17,-8.71682017667901e-18,-6.6027952198024e-18,3.57682336162957e-09,-4.91115705362381e-07,-3.75588835290194e-18,-2.23744030810189e-17,2.46051650688807e-17,-3.32717996845298e-15,1.66890037340749e-15,-4.01625993751597e-17,-3.67028415574959e-17,-7.38680304880596e-17,3.02545861857866e-07,-3.7209274419852e-17,-7.04138549161565e-17,-1.16309784936703e-17,-5.96159095808207e-17,-3.66175105376444e-18,2.3691386819127e-15,-1.15662000672577e-07,2.55705214255043e-17,5.45803697730344e-17,8.62099118904907e-08,-6.4733891193088e-17,1.20996601287244e-16,4.31401399496831e-17,-1.25185968486878e-16,4.94699190337384e-07,-7.39361035223445e-17,-5.28533107993692e-08,-1.66786096752877e-17,-5.61616805569875e-17,-7.63104975047076e-17,-5.79867700449713e-14,2.64112280408408e-16,-1.12450130641863e-16,1.90740936553306e-09,-2.00833562189224e-16,6.36673494417777e-17,2.69805497599887e-06,-2.37859565774844e-07,-6.5292149347341e-17,1.66491374454805e-07,2.43783391198223e-08,-8.15660740299079e-18,-5.27274372857138e-17,-1.09540309487535e-16,1.47709045044775e-16,2.37801999954641e-17,-4.07875950842539e-08,3.1913253925357e-17,1.04791454367554e-16,1.53506217434655e-17,1.63128167940896e-08,-5.95752863781707e-17,-3.33115442451946e-18,-4.54446388412475e-17,-4.56290991500255e-17,-7.42229604172026e-09,3.60316654497216e-17,1.5406182815167e-08,4.13815844422171e-17,9.24572969645023e-17,3.29491070465592e-17,1.77406708794959e-17,-6.26388309898546e-18,-4.40564928910805e-17,-2.12394638926147e-16,-3.45092579733975e-07,-1.5797197537431e-17,-5.71920824926094e-18,1.12043540540955e-07,1.98026757689908e-16,4.60340555383886e-17,8.20898049865789e-17,-4.03829151103168e-17,1.81847230452638e-16,-6.833925655315e-18,-1.17493189304647e-07,2.79203306065588e-17,-6.46061937795221e-17,2.41219486556388e-07,-2.27913853720757e-18,-3.53887750246295e-17,3.51655375835172e-17,1.68557470092562e-17,1.38255396260245e-16,3.88020869658438e-17,2.31869156810874e-18,2.03870839948419e-16,-5.49103559692421e-17,-1.77693793870581e-17,2.46062152685879e-17,-1.26170852518785e-07,5.41218516890232e-07,1.31245103951399e-17,5.29790487155005e-17,2.46486391125183e-17,-2.8415406355372e-17,-1.84114298110434e-15,-2.27035803699173e-17,2.11213519317269e-17,4.00350054431496e-17,-5.24362837381782e-09,-4.79138383618366e-17,1.34175324120194e-17,-6.59729335974225e-18,-1.10184271192248e-17,6.70438104738754e-09,3.99490543686683e-17,-2.65603244448124e-07,-6.33263194587683e-17,-6.31614401472945e-17,2.13396167881191e-18,-4.92388891826511e-17,1.41895441747757e-16,7.05491188670187e-17,-1.20260802033282e-17,4.07660210980612e-17,9.61341347228714e-18,-5.03375304480205e-17,4.16885742913546e-17,-9.0549209145355e-17,1.16061700978899e-16,5.13303125168593e-17,7.36607277495599e-17,-2.10723811022921e-18,-9.80280853105108e-17,-8.2875781652798e-17,6.02468175001669e-17,2.51446146433763e-17,6.78571563190677e-15,1.4648315715034e-18,-1.61101256315756e-16,3.72944199984471e-17,-2.1407305945582e-16,5.02070905117701e-10,-3.66002721231485e-17,-2.62677998206824e-17,9.77746825859068e-17,-8.83679499014278e-17,2.45911679219806e-17,1.16931675366362e-17,2.06719433659614e-17,4.10031114958931e-17,-1.93701257291193e-17,1.25033292556745e-16,-1.63575277855385e-16,3.27048201723981e-17,7.35280344161162e-17,6.64858937026186e-17,-3.72230770999732e-17,-1.26424745828802e-17,3.25371970584714e-18,-6.43762067748864e-09,7.57707895603935e-18,-5.12216708117788e-17,5.76115846099205e-17,6.97363112117559e-17,2.1415098427118e-16,-1.4455260735346e-17,6.90269852225111e-18,4.08641887472495e-17,-2.29779632331929e-17,1.35881000534028e-09,5.65985118864793e-17,9.1208390908489e-18,5.11814965585245e-17,9.1347143877388e-17,3.17679527989462e-17,8.70691125285529e-17,8.52293683616489e-18,3.88119092848493e-17,-2.03754285491766e-17,-2.02033103958155e-17,-5.691345536593e-18,8.86914689052194e-18,5.53061083454199e-17,6.82961056940708e-09,-8.33156713703131e-18,6.97240972495868e-17,3.25464233972739e-17,2.16255969567078e-16,-2.0521082037323e-08,-1.61958836168584e-17,3.10311028406966e-17,2.77924093644208e-17,8.51620170577653e-17,1.62296612254693e-16,3.55509258507891e-17,3.14473420962807e-16,6.59286852660666e-17,1.73751127130195e-16,1.34520363199855e-16,1.18742776484141e-16,3.83881680038806e-17,-2.41456866521697e-17,-8.8200560915048e-18,1.52650278142058e-16,8.00689083800362e-17,-1.48588696534267e-16
"t253",-0.0400520260546143,0.0323420515307938,-0.0527032546700869,0.0228986646918339,0.00599696541329267,-0.00268762390302867,0.0173978964541191,-0.0355333518759064,1.41039909774057e-05,-1.44118242870832e-05,7.23302339941511e-05,-0.0113860470237422,0.0212841696289738,-0.00328012607470855,0.000957956458585332,0.173659423968911,-0.00435572565276044,0.00962194731050884,-0.000710134171862136,0.000371036499618055,-0.051069698171115,0.119343850612217,-0.000123459017248954,0.000893999568646611,-0.000147904270519743,0.000146166279168441,-0.000207752691016686,0.000217760930126275,-0.00539758519232329,0.00265836492022288,-7.3712948521165e-06,1.20700430382095e-05,-0.00356875581878027,8.47192960035839e-06,-4.48217284459317e-06,-6.40021834011801e-06,-0.000249433803239196,1.72665946828188e-06,1.38700968802107e-05,3.71252186398414e-06,0.000184464054648032,-2.30670129793477e-05,0.000192563136918719,-2.25293235908985e-05,0.00485230237525894,-9.30286198032358e-06,1.20393854069254e-05,-0.000236932124111065,1.80319108424829e-05,-3.38633576163995e-05,0.000220220867058384,-2.03874908887776e-05,2.87335357295399e-08,-0.00326225548388337,2.41087296999504e-06,-2.48832348566504e-05,1.96184383400209e-07,2.33529611365509e-05,-1.0038038131323e-05,0.331250346421283,-0.00011234846572976,1.02610934175723e-05,-0.000294296400728146,0.000152496122820107,-9.35498533243874e-06,0.000199674674681705,-1.07537433968115e-06,3.63186579211562e-05,-9.75398101323117e-05,3.72282186822543e-05,-2.66991583492054e-05,0.00198267387627826,-4.08324452902799e-06,-0.000317044753626946,0.000150106102095807,5.55223274685758e-07,-0.0140250330265133,-7.19233816913618e-06,-8.13962945801983e-06,-1.3119229477615e-05,4.8384154292834e-06,7.47046661152242e-05,-1.07994519923197e-05,-7.05119396473956e-05,5.4309790297252e-06,0.00110266647025391,-0.000586100710352379,-1.15229875681746e-05,-4.85408139028223e-06,0.00723495512709062,6.78207823038837e-06,2.60882583318424e-05,3.32323445018211e-06,-0.000252743242771332,-1.95660597193037e-07,-0.00050131756351425,1.16592008271452e-05,0.000283459572952735,-4.80346742164898e-05,-1.35675669238119e-05,-2.97659165618776e-06,1.44146427550578e-06,-4.07092785965996e-06,1.43084270464645e-06,-6.2117292353798e-07,6.97026090351828e-06,-3.29727113036019e-05,8.74096161949547e-06,-5.09479625259809e-06,0.000964203171852668,5.28511816681324e-06,1.26963098338781e-05,-2.79737511587783e-05,2.45145640565508e-05,-9.49582705984438e-08,3.61309189933991e-06,-5.308839298155e-06,5.56389189435001e-06,-5.58254571648524e-06,1.36685764830225e-05,-6.62310589799467e-05,1.21679097994142e-05,-1.18944113493132e-05,-3.30079427743822e-05,0.000429999630051857,-0.000140648488913133,0.000538328377765898,-2.98756859247022e-06,5.61904494158525e-06,0.000185175085174114,-3.05908191658168e-06,1.68154198760191e-05,-2.00600220551109e-05,-4.01104357388716e-06,1.13986798876645e-05,6.56126011357119e-06,-3.70129162541848e-08,-2.41705799582394e-05,7.32130065945797e-06,-2.1048079825531e-05,-1.34139330002932e-06,-5.18813626805114e-05,1.01425645875171e-05,7.83466486005759e-07,8.51420187823244e-05,-1.27776846497311e-07,-6.00293777176062e-06,1.0171282283507e-06,7.27606296192994e-08,-8.82307610382112e-07,-0.0103824115404089,1.97574446314167e-07,-1.30320052079139e-05,1.69404277749721e-06,-9.99527850301862e-07,-8.81496315948655e-08,1.33066885354867e-06,-7.7149845193908e-05,-3.54446838192279e-07,-1.17056483269937e-07,-5.57792501321293e-05,1.08094055696139e-06,-5.81999648397916e-07,-7.64970461005746e-05,8.77768656818694e-06,-3.08542197227567e-05,4.49561008075045e-06,7.67480826197698e-08,3.81467634065487e-06,5.04966307739983e-06,-5.9260722742358e-05,-1.39672442884695e-05,4.35228208550953e-05,4.16825270930751e-07,7.12982405126264e-06,1.59606382182877e-07,6.29970435628392e-07,-4.30723020592248e-06,-3.40826488723809e-06,-0.000557105109277057,2.74015236804655e-05,8.66217618326145e-05,-2.1356358184266e-06,-6.85411288172247e-08,-2.6316777259469e-07,-4.72999224380314e-07,-9.63579348011915e-06,2.64037096643648e-06,1.20853364225441e-05,-0.000664130922300336,-2.22025689983922e-07,4.28553111504532e-07,1.71421890229717e-06,2.20799152320203e-08,2.95407713767653e-07,-4.18034069893159e-07,-7.70977382741416e-07,-0.000159386133407093,4.53416733582442e-07,1.92839067908154e-07,1.92329224764116e-07,3.19354668014448e-05,-5.20635056426253e-09,-6.72606316088882e-06,-1.47121818958992e-06,-6.62500938879202e-05,1.05915560172783e-06,0.00121862219342505,-5.4278659398038e-06,-2.48492372146407e-07,-2.4548296384736e-05,5.53755393848911e-05,-0.000141418688302577,-2.25288425458845e-06,-1.195584925516e-05,-1.63104182911394e-06,1.84460386811475e-05,2.02432789654724e-07,-3.67366892167868e-07,-1.82375890350346e-06,-9.94606686112957e-06,0.000104714242578375,3.04801742038612e-06,9.98151081655127e-06,-2.58482599539768e-06,-1.32669711895184e-06,-1.40108571804837e-05,-9.9368650203365e-07,-1.59380383836398e-06,-1.31278242591924e-06,3.70286080211372e-05,5.95702777029285e-06,4.75157317633062e-07,8.01896852397227e-07,-4.74766265566328e-08,-6.72033056858245e-06,-5.77554929601372e-06,-4.54367032141203e-16,-3.34135433713975e-06,0.0126880284570567,1.75363941509669e-07,-5.38394961599336e-06,-1.07148143381551e-06,1.00351125527841e-05,-3.17034145156346e-07,0.000404096470800097,-1.46518629236353e-08,1.49559563481389e-09,-2.50156606188587e-06,3.83248421150506e-06,-1.22221213996548e-07,1.68246818271581e-05,-8.03631022559588e-07,1.27126730428071e-05,-1.14973413109943e-05,1.0208953366647e-06,-1.02961357083215e-06,0.000115436718655172,4.79534492507644e-07,-9.3129545468158e-08,2.04673684959349e-06,-3.9721104035437e-07,4.36694235416521e-05,-2.18189936717242e-05,2.18898990212549e-07,-7.45489338599675e-08,8.91206814409946e-08,6.30618691371071e-06,-1.44053387527986e-05,9.49159612099778e-08,3.7989988516975e-08,-8.27664041650729e-08,7.17594202726131e-06,-0.000332476363817156,1.91308798688092e-06,-2.67661990915975e-05,0.000159935382475616,-1.49057512292445e-06,3.59093343492549e-06,-1.32422078150227e-06,7.24922525161413e-07,-6.19211901154478e-17,-1.83719806613221e-06,-6.31913648205714e-08,-5.95642052341405e-10,-5.33952021492503e-06,9.79152516375189e-08,-6.16787811509552e-08,-1.11365667540652e-05,1.44407028314758e-06,-1.52214975604584e-06,3.99902935968755e-06,1.54572994665951e-07,-1.6866666003227e-07,2.28001704457944e-06,-2.85477262275669e-06,7.24193188908497e-05,-4.44943890306806e-06,0.191289510401429,-4.06961471850798e-06,-1.68308563793819e-05,-3.07151751199863e-06,8.8297700360446e-06,-1.8655594271973e-07,6.09115888590279e-07,-6.78196134528884e-07,2.32317443611639e-06,-9.03824933360726e-08,-7.86747966751194e-08,-5.60024406580221e-07,8.98483967171146e-07,6.15406573941091e-08,-4.16966468090047e-07,2.27644735257392e-07,-5.17819558837109e-09,-4.15618113647729e-08,5.66540187390164e-08,-7.65564802586288e-17,8.14738680670294e-11,4.00819213590953e-07,-1.62771120054373e-06,3.1635813031588e-08,2.85043904731179e-08,8.63275126510024e-09,2.12069404854742e-08,-3.28833947198085e-07,1.34048923686339e-07,4.86658185660212e-16,-1.16177240336829e-07,-1.42883052551545e-09,-4.05502795738825e-09,1.35087484832031e-07,3.09894827112174e-08,-2.08485397715154e-09,-7.83419449305816e-08,2.04495885349625e-08,-6.30268960846836e-07,1.07605088247963e-07,-1.9989691481449e-08,-3.40262955165511e-08,-1.72521246744313e-09,-5.85511015827186e-08,-2.95680729621731e-08,1.15570449957026e-07,-2.81581837732385e-08,-5.47839144255789e-17,-1.9928996614021e-06,6.52302443809871e-06,1.21236306651934e-10,-6.31150865461213e-09,7.3592864164171e-09,1.14750268235922e-07,-5.18685095344785e-07,1.96890490658291e-06,1.59719017561617e-08,3.20913098800098e-16,3.45004307746239e-08,1.00930096741868e-07,5.57501656726722e-08,-3.49795900411794e-16,-1.26603862472904e-07,-1.72019398595479e-06,2.67876687700422e-07,1.14500202745492e-07,4.09092056137836e-08,2.3017608483155e-08,8.55411817818406e-07,-2.6643304578992e-08,-2.86791833204867e-07,-9.02222307535496e-08,-7.2418203529869e-08,-5.4994556859401e-06,2.89794612551456e-16,1.36061148061401e-05,-1.76654859548398e-07,-1.2446725091489e-06,1.42239523196572e-07,-1.66892492524855e-15,1.80007074474915e-07,-1.17343575646155e-05,1.24816044251556e-07,1.18535255295328e-07,3.25047302463483e-07,-2.11290343022818e-05,6.97276285166799e-06,-2.36572958950403e-06,6.30152778374321e-15,-0.000122959227301457,0.544685043305405,0.000225983351794925,3.25486407967525e-05,-3.17380822858688e-06,-1.85687485975e-08,1.16980035820196e-13,-8.18622386330855e-15,-1.05528777214276e-08,-0.000263443675786803,3.37365316183807e-05,-1.09275027967852e-06,-3.72583694644092e-15,-3.91936113005003e-07,-4.21551841118659e-09,-1.35921949400076e-15,1.23772726989164e-15,-9.83640683861736e-16,7.1627162824328e-07,2.06506337810002e-06,-2.7797246868556e-06,1.556039704661e-06,7.71118052049359e-07,1.50837016283971e-06,-4.53263897608044e-06,-1.13669959188726e-15,-9.0973619791527e-07,3.22430922073312e-06,-4.48275260883538e-16,-2.20148532552202e-15,-1.4287513874957e-06,-1.08531159441919e-10,-3.00362465398393e-05,6.22963858473237e-07,5.75267435382963e-06,-4.09668853746841e-08,-1.50681841050221e-14,-1.36988099773317e-07,-5.45557704098998e-16,-4.5946448549486e-07,-2.76795600755422e-14,-3.06006741242627e-05,-2.87339213524431e-16,6.36169378982358e-07,1.13707958960697e-06,5.07224738291316e-08,6.62095472642515e-07,2.27445152685633e-06,-9.55243061796978e-06,1.61906129269465e-06,7.89719941764445e-08,3.84090393836725e-07,3.51706290515495e-08,2.01521865067876e-05,-1.51056660748359e-06,-3.68314880776136e-07,-2.96409865239548e-08,-2.60665646981766e-05,1.99714547918278e-16,6.51603188277455e-06,-1.11061554383119e-06,1.06290408705186e-07,-8.84118461280483e-16,1.39566271171827e-08,3.73872775198102e-07,1.33110554563446e-06,-1.73853127800013e-15,-2.23571151440817e-06,-1.69477643291493e-07,4.85013055909623e-16,-2.23003769695585e-07,2.52793632521165e-05,-1.21054468544581e-15,1.08191945164437e-15,-1.22439638321296e-07,-9.4645456206786e-08,-5.37684197467823e-10,-7.43417428802269e-07,1.95868493789453e-07,3.99421388273926e-07,5.54115019525242e-08,6.70846650786176e-07,-1.12882409808853e-06,-8.30446822419617e-14,1.60927025590336e-08,1.59699802518667e-09,4.39994086160394e-09,4.10950727315327e-07,2.27384710621321e-15,1.87024352480261e-16,1.3481356497348e-07,1.43579799384599e-16,1.85186585711414e-17,8.34336242844653e-07,-9.29163688184862e-07,-1.20261298092239e-06,-9.96588386274924e-09,3.02150907170698e-05,6.62997605998058e-07,2.97491942956723e-08,8.55131007308232e-16,7.17042330024587e-08,3.34389821162094e-09,1.53359688227095e-08,-1.07130401838737e-06,4.20097155609925e-06,6.14233322978588e-15,1.71737883523541e-15,1.17327483707145e-14,-5.23866099404648e-08,-1.740226172887e-07,-1.45822319911999e-07,1.261830813576e-14,-1.32923338485853e-07,-2.7740992629853e-15,-6.46525637557934e-15,3.0870655469992e-06,-6.77707220902887e-08,0.707106781186548,-1.66193580055393e-07,-5.9466823588638e-07,-3.57622843830378e-13,2.5521496095664e-07,1.763572830999e-14,6.78498110714919e-08,-8.3571130109528e-15,6.76679324040891e-08,5.85573669024755e-07,1.47142943560637e-07,1.99305420884023e-08,1.36696891736295e-07,-1.73590724080307e-05,1.86865326871286e-07,-2.37549404605571e-15,1.09610011752641e-05,-4.76428439301432e-07,4.18354396907998e-15,-2.31787596913758e-06,-1.83973712072491e-07,2.22487114027707e-06,3.57057620151783e-15,1.36372599642421e-07,1.24983350606415e-06,-2.35886068051565e-15,-4.49520955997327e-07,-9.93754198690167e-08,-3.58280422573017e-08,-1.78261503228456e-15,9.88676701912955e-16,9.18632844956206e-08,2.80699382640396e-08,2.27004497951028e-09,-3.24946200115708e-07,1.64633495711412e-08,4.96731431978984e-16,-1.39909145181966e-15,6.00490771366734e-08,4.13868082368076e-10,1.8176462540445e-15,1.44883098051338e-07,-1.2397743458457e-15,5.18835895712809e-07,-2.76303433404893e-08,-1.61418629882585e-08,-1.06955409216817e-07,-1.83260350370231e-15,-2.5319122106532e-16,3.90762971473104e-16,-6.69604697117559e-16,-5.92720329814145e-08,-1.53861000205226e-06,1.99225699786448e-15,2.87168210567182e-15,1.24313611284254e-15,2.88842269165305e-07,1.94207277169574e-08,-1.42599702993259e-07,4.81028607431479e-16,2.63740561666501e-14,-5.22639942913849e-16,-8.78328033158001e-07,1.86352954013668e-07,5.07835363068575e-16,2.43946317744562e-07,-8.51995625181006e-07,3.77563712425687e-16,-4.54686309685271e-16,-8.48355256859462e-08,-8.69060800873342e-10,-4.19769093039185e-08,1.44635515087505e-16,4.71508003429022e-08,6.86015522476522e-08,7.35124092637688e-08,-6.68931443598329e-08,-2.38159463436098e-07,1.51631376108081e-07,-1.71356827422827e-17,-1.48952037466271e-16,2.11167850781259e-16,1.40291378232893e-05,-3.46244446486298e-07,-1.88836775383917e-08,-1.48182470016194e-08,1.92225101804899e-16,-2.25145595640272e-16,-6.79890355061845e-16,1.73530131074959e-16,1.31023220560439e-16,4.88114529732906e-07,7.45315571205629e-16,-2.15002042506549e-16,-1.14054673308283e-08,-9.57372287916865e-16,-1.02092653468809e-08,-2.66254622116241e-16,-1.26560095671902e-08,5.28736548795526e-17,-1.5302870739098e-08,-1.91474848107115e-09,-9.02576359690255e-06,4.70723920124256e-16,6.13286655961981e-08,-3.71258354123553e-16,8.69174167750786e-08,-1.05589883790761e-06,8.4432841528189e-10,3.29905294264168e-15,1.23117252262178e-07,4.63296116391027e-16,-3.02450737237748e-08,-1.70713581267553e-07,-2.12493919806813e-16,-6.81043747086254e-17,-5.41336815683234e-17,5.11899484940306e-16,-5.73296735872484e-10,-7.46820265998993e-09,-1.66879485420801e-09,-5.91792676456855e-16,9.49738521165069e-17,-1.38826926072632e-07,0.000390633411575626,5.39110173884511e-16,-1.39077205218932e-16,-7.49231515153005e-09,1.42050244385804e-16,-5.31247595263902e-08,-4.48677257075056e-16,5.01757084460261e-07,-8.2138633732249e-17,-4.35969756620189e-16,-4.81737383614811e-16,-7.55057050173666e-17,-1.84207013717776e-16,-2.68521019856041e-16,2.42940427749376e-06,-1.69898040807494e-05,-2.39844242308067e-16,-4.46591113788862e-08,1.69850097214744e-07,-3.52305611544622e-16,-4.07443228526495e-16,-8.6132740482322e-17,-6.3953613676243e-16,1.67285497351467e-08,2.67462168230471e-09,-1.45150438232694e-16,3.66968686613793e-16,-3.03636150256468e-08,-1.08309080298633e-07,-1.13337690411173e-08,-3.02545830251836e-16,-2.7482030556551e-16,-1.91653750132949e-16,9.39346164749686e-17,1.0347887530053e-15,2.02327087950258e-16,6.38408281136006e-08,-6.03697358286961e-08,-1.16057755025112e-08,-2.22572429053941e-16,2.48128816952323e-16,7.6411118605237e-17,-1.06141595586661e-16,-4.20178743135538e-17,1.47259007847569e-15,1.79421814175956e-16,2.67928508928225e-16,-7.961981935125e-16,-4.44891848500146e-16,-2.43114917259347e-16,-6.44711939634099e-17,-3.17122187307179e-16,-8.48175443575848e-17,3.27151236923724e-07,9.64432828363794e-16,-8.00425575503404e-16,-7.89087601409174e-16,6.19973933476929e-07,-1.08044019846004e-09,1.00223692959651e-16,-5.82860269148601e-07,5.6604272602739e-07,-2.58227180583249e-16,5.20977918647624e-16,-1.57826801457662e-07,3.55266960407496e-17,1.39086693781968e-08,-1.65198099166965e-16,-1.52836646637142e-16,5.05719647161328e-17,1.73816232330708e-16,1.966561683732e-09,-2.70019123735288e-07,-4.00193077041147e-16,-1.09917857767428e-16,1.37706721725777e-16,-1.47231037754075e-15,-7.71979514976114e-15,-9.50546121502235e-17,3.29168960088166e-16,-2.81429205559623e-17,1.6643549881595e-07,-1.77495419199013e-17,1.4114590237543e-16,-1.8483619271435e-16,6.9769173445264e-16,1.44639348850575e-16,4.46038619560618e-16,-6.36416570669312e-08,1.13257784624185e-16,7.50939134998716e-17,4.74380707637925e-08,1.69507558418757e-16,-5.79800021210572e-16,5.85041130381683e-17,-5.28379848967522e-16,2.72372556330458e-07,-1.0221818788667e-16,-2.91034673071506e-08,5.01977649621626e-17,4.73703603020858e-17,3.32080245578745e-16,-3.2112411241241e-12,-5.43969040027586e-17,-4.18359805857658e-16,1.05056732062188e-09,2.08045985060076e-17,-8.3669209174814e-17,1.48633552475797e-06,-1.31036149984361e-07,7.25375838285337e-17,9.17358854648286e-08,1.34331006692878e-08,6.96212995630417e-17,-3.9107182353687e-16,3.51299038259268e-19,-3.98051986176121e-16,-2.85995297637957e-17,-2.24952006353566e-08,-1.62716318209008e-16,-9.40833667128787e-16,-3.48354257521627e-17,8.99908235483086e-09,1.82586551363959e-15,-2.38321544559122e-17,3.85691062401495e-17,-1.56635567703692e-16,-4.09594286600936e-09,2.3327188533215e-16,8.50269813474593e-09,-1.24191736234348e-16,3.21201870891149e-16,7.22222779103844e-17,-1.64596831000394e-16,3.30480125586613e-16,4.88380041593198e-17,-1.79529451648924e-16,-1.90567339007262e-07,3.35479037439078e-16,5.72832586011227e-17,6.18819157476967e-08,-3.52923794365842e-16,2.23308567018224e-16,-1.42895453921143e-16,-1.31553729983812e-16,3.11296371610383e-16,2.22431729072942e-16,-6.49225066617627e-08,-8.93913112793291e-17,7.71604898408829e-17,1.33318127066933e-07,3.18414840681632e-16,-7.24554260968188e-17,-2.31366191103164e-16,7.68047668918122e-17,2.60107282129069e-16,7.19904771386255e-16,6.12968106581965e-17,3.10518943969582e-16,-6.81797949453552e-17,-1.07452951941657e-16,-1.07831767806851e-16,-6.97902020182933e-08,2.9940030383852e-07,-1.81511359838462e-16,1.84449070345695e-16,-1.41288549091929e-16,-3.6253684032556e-16,2.46179900278504e-15,2.27034666834438e-16,-1.06844641370054e-16,1.01852121732517e-16,-2.90232353962218e-09,1.90497273024155e-16,-2.39972260533952e-18,7.04896817654997e-17,1.0811915812873e-16,3.71258381190955e-09,-4.24028249173892e-16,-1.47158609755396e-07,-3.54293808836956e-17,9.35180269731269e-17,-1.50453039829572e-17,-4.98096924837493e-17,-8.7807216870047e-17,-6.67725984560738e-17,3.00030686533316e-16,1.04250348876884e-16,7.13503891608249e-17,1.49986409242664e-17,1.25475999934713e-16,-1.57359697981431e-16,-2.2979803750222e-16,-4.14137618533791e-16,9.70656232867034e-17,1.56824603894731e-16,-1.33817277073358e-16,1.20325202814971e-17,-1.36667480284397e-16,-2.24658024050325e-16,1.34287060143262e-16,1.71304496426274e-16,-9.14707440117995e-16,-1.02812281046848e-16,1.23825933887648e-16,2.78755794496625e-10,-2.76390608881285e-16,-2.88435367426726e-16,-1.52242433592458e-16,-4.82000181154816e-17,-5.24038294991293e-16,-7.18304326071229e-17,1.80950703232206e-17,6.7661261443223e-17,1.43961401157195e-17,1.61406270802461e-16,6.00005578105904e-15,-1.13367783778167e-16,1.17365007134951e-16,9.20044124851836e-17,-2.54721992879623e-16,1.3863245442947e-16,-8.36860131835282e-17,-3.57956114149057e-09,2.26075339317739e-16,-1.71635709423307e-16,-1.62741759584028e-16,4.7309031109304e-18,-2.29238759895316e-16,-1.14066710334762e-16,2.57125561344382e-16,1.1803733747441e-18,1.47680392118298e-17,7.56752998485667e-10,1.01938552657372e-15,-4.69291378703299e-17,1.87306968615904e-16,1.00196236074935e-17,3.98399204882504e-17,4.34036013376916e-17,-8.51503242789941e-17,4.23777413355076e-17,8.74547474675725e-17,-1.62810390312354e-17,6.60918088323172e-17,3.61445387454477e-17,-1.48280761237047e-16,3.80985677961263e-09,7.70110917357413e-17,-2.82977164127866e-16,-1.98434994962445e-16,5.86982855394583e-16,-1.14565660989939e-08,1.53857251895915e-17,-3.58028853374114e-17,1.35005258668853e-16,9.65310579629861e-17,-3.4431941685743e-16,1.35235617183002e-16,1.54906250301341e-16,8.75540165814741e-17,-6.02198350203503e-17,2.0286481633778e-16,1.18998301718174e-17,1.007640401255e-16,-9.24750815875463e-17,1.85941486391849e-16,-3.37816442380532e-17,2.45260173227618e-17,-2.63859609041057e-16
"t154",-0.0400520260546142,0.0323420515307938,-0.0527032546700868,0.0228986646918339,0.00599696541329254,-0.00268762390302876,0.017397896454119,-0.0355333518759061,1.41039909770067e-05,-1.44118242867246e-05,7.23302339941077e-05,-0.0113860470237429,0.0212841696289749,-0.00328012607470857,0.000957956458585207,0.17365942396891,-0.00435572565276028,0.00962194731050795,-0.000710134171861913,0.000371036499618002,-0.0510696981711148,0.119343850612218,-0.000123459017248542,0.000893999568646412,-0.000147904270520068,0.000146166279168385,-0.000207752691016765,0.000217760930126426,-0.0053975851923232,0.00265836492022265,-7.37129485215321e-06,1.20700430381496e-05,-0.00356875581878018,8.4719296004355e-06,-4.48217284441832e-06,-6.40021834027558e-06,-0.000249433803239101,1.72665946802946e-06,1.38700968803111e-05,3.71252186382128e-06,0.000184464054648204,-2.30670129790727e-05,0.00019256313691847,-2.25293235908438e-05,0.00485230237525981,-9.30286197986749e-06,1.20393854069541e-05,-0.000236932124111352,1.80319108421408e-05,-3.38633576165219e-05,0.00022022086705848,-2.03874908887755e-05,2.87335359171064e-08,-0.00326225548388386,2.41087297007172e-06,-2.48832348565161e-05,1.96184383436685e-07,2.33529611368523e-05,-1.00380381317333e-05,0.331250346421282,-0.000112348465729751,1.02610934174999e-05,-0.000294296400728096,0.000152496122819777,-9.3549853324009e-06,0.000199674674681673,-1.07537434011549e-06,3.63186579213413e-05,-9.75398101323131e-05,3.72282186821595e-05,-2.66991583493359e-05,0.00198267387627955,-4.08324452896341e-06,-0.000317044753626823,0.000150106102095669,5.55223274657175e-07,-0.0140250330265126,-7.19233816903029e-06,-8.13962945769327e-06,-1.31192294780028e-05,4.83841542922841e-06,7.47046661150638e-05,-1.07994519915966e-05,-7.05119396474095e-05,5.43097902952431e-06,0.00110266647025393,-0.000586100710352207,-1.15229875681755e-05,-4.85408138976412e-06,0.00723495512709145,6.78207823053192e-06,2.60882583337982e-05,3.32323445027329e-06,-0.000252743242772154,-1.95660597108585e-07,-0.000501317563514475,1.16592008271828e-05,0.00028345957295404,-4.80346742165616e-05,-1.35675669240947e-05,-2.97659165573996e-06,1.4414642756277e-06,-4.07092785969079e-06,1.43084270450538e-06,-6.21172924161371e-07,6.97026090348869e-06,-3.29727113036915e-05,8.74096161953794e-06,-5.09479625270699e-06,0.00096420317185042,5.28511816688257e-06,1.26963098339049e-05,-2.7973751158743e-05,2.45145640562782e-05,-9.49582701837472e-08,3.61309189939409e-06,-5.30883929796376e-06,5.56389189428032e-06,-5.58254571630659e-06,1.36685764830173e-05,-6.62310589798072e-05,1.21679097991915e-05,-1.18944113490388e-05,-3.30079427743234e-05,0.000429999630051578,-0.000140648488913058,0.000538328377763632,-2.98756859219815e-06,5.61904494156002e-06,0.000185175085174169,-3.05908191642901e-06,1.6815419875805e-05,-2.0060022055102e-05,-4.01104357394559e-06,1.13986798878873e-05,6.56126011298628e-06,-3.70129163212124e-08,-2.41705799583713e-05,7.32130065947469e-06,-2.10480798256013e-05,-1.34139330029133e-06,-5.18813626811271e-05,1.01425645873904e-05,7.83466485635439e-07,8.51420187818936e-05,-1.27776846022681e-07,-6.00293777178371e-06,1.0171282281653e-06,7.2760629395319e-08,-8.82307610217512e-07,-0.0103824115404177,1.97574446122249e-07,-1.30320052075483e-05,1.69404277647751e-06,-9.99527850437099e-07,-8.81496319043488e-08,1.33066885400425e-06,-7.714984519393e-05,-3.5444683809857e-07,-1.17056483374863e-07,-5.5779250132023e-05,1.08094055712744e-06,-5.819996494477e-07,-7.64970461008446e-05,8.77768656838841e-06,-3.08542197227774e-05,4.49561008128262e-06,7.67480829664869e-08,3.81467634064846e-06,5.04966307729098e-06,-5.92607227422156e-05,-1.39672442886619e-05,4.3522820856242e-05,4.16825270707112e-07,7.12982405123372e-06,1.59606382185495e-07,6.29970435237925e-07,-4.3072302059652e-06,-3.40826488711721e-06,-0.000557105109276995,2.74015236801855e-05,8.66217618329526e-05,-2.13563581842558e-06,-6.854112879184e-08,-2.63167772519923e-07,-4.72999224038492e-07,-9.63579347970609e-06,2.64037096640739e-06,1.20853364229079e-05,-0.000664130922299229,-2.22025690357972e-07,4.28553111868498e-07,1.71421890239407e-06,2.20799150157661e-08,2.95407713481819e-07,-4.18034070070776e-07,-7.70977382498983e-07,-0.000159386133405711,4.5341673345678e-07,1.92839068069158e-07,1.92329225195425e-07,3.19354668013766e-05,-5.20635045319412e-09,-6.72606316079591e-06,-1.47121819020031e-06,-6.62500938882642e-05,1.05915560179458e-06,0.00121862219342287,-5.42786593974107e-06,-2.48492371756314e-07,-2.4548296383516e-05,5.53755393854389e-05,-0.000141418688302302,-2.25288425447885e-06,-1.19558492566136e-05,-1.63104182864941e-06,1.84460386804634e-05,2.0243278965948e-07,-3.67366892402938e-07,-1.82375890358508e-06,-9.94606686108037e-06,0.00010471424257836,3.04801742042333e-06,9.98151081660375e-06,-2.58482599475304e-06,-1.32669711868204e-06,-1.4010857180465e-05,-9.93686501967592e-07,-1.59380383762345e-06,-1.31278242622324e-06,3.70286080214631e-05,5.95702777040782e-06,4.75157317642215e-07,8.01896852518956e-07,-4.74766264492758e-08,-6.72033056930666e-06,-5.77554929591406e-06,-4.80226320093942e-16,-3.34135433715338e-06,0.012688028457039,1.75363941043562e-07,-5.38394961591861e-06,-1.07148143373264e-06,1.00351125543328e-05,-3.17034145199283e-07,0.00040409647080133,-1.46518626564227e-08,1.49559560735104e-09,-2.50156606172006e-06,3.83248421149043e-06,-1.22221214180575e-07,1.68246818269247e-05,-8.03631022549381e-07,1.27126730408612e-05,-1.14973413072109e-05,1.0208953363597e-06,-1.02961357123373e-06,0.000115436718656513,4.79534492580007e-07,-9.31295450752257e-08,2.0467368496125e-06,-3.97211040107255e-07,4.36694235416388e-05,-2.181899367153e-05,2.18898990122652e-07,-7.45489340191852e-08,8.91206814322087e-08,6.30618691407261e-06,-1.44053387522193e-05,9.49159618193677e-08,3.79899882893274e-08,-8.27664039468316e-08,7.17594202711135e-06,-0.000332476363823683,1.91308798669332e-06,-2.67661990914222e-05,0.000159935382475263,-1.49057512306399e-06,3.59093343469167e-06,-1.32422078125839e-06,7.24922524814536e-07,-1.72945532506346e-16,-1.83719806619806e-06,-6.31913638511166e-08,-5.95641547333372e-10,-5.33952021483286e-06,9.79152515944898e-08,-6.16787812880001e-08,-1.11365667543304e-05,1.44407028388591e-06,-1.52214975566978e-06,3.99902936004803e-06,1.54572994934208e-07,-1.68666659970594e-07,2.2800170449203e-06,-2.85477262302862e-06,7.24193188920625e-05,-4.44943890411176e-06,0.19128951040141,-4.06961471820882e-06,-1.68308563794587e-05,-3.07151751181902e-06,8.82977003471951e-06,-1.86555943033739e-07,6.09115888849488e-07,-6.78196134892694e-07,2.32317443707271e-06,-9.03824932026997e-08,-7.86747966156343e-08,-5.60024405650548e-07,8.98483967121453e-07,6.15406563860262e-08,-4.16966468565625e-07,2.27644735125883e-07,-5.17819606735896e-09,-4.15618115798845e-08,5.66540191913611e-08,-3.51090731856397e-16,8.14738522444379e-11,4.00819214260616e-07,-1.62771119425594e-06,3.16358128188749e-08,2.85043909392325e-08,8.63275114160536e-09,2.12069396654324e-08,-3.28833947447061e-07,1.34048922951982e-07,3.80843087034613e-16,-1.16177239484062e-07,-1.42883083380207e-09,-4.0550275734693e-09,1.35087484016909e-07,3.09894825071502e-08,-2.08485292492325e-09,-7.83419447933892e-08,2.04495885229207e-08,-6.30268961117482e-07,1.07605087894293e-07,-1.99896918043703e-08,-3.40262971986686e-08,-1.72521197005325e-09,-5.85510996642857e-08,-2.95680729985205e-08,1.15570450315504e-07,-2.815818294622e-08,1.68798749603515e-16,-1.99289966042323e-06,6.52302443931996e-06,1.21236760925868e-10,-6.31150901077381e-09,7.35928690495013e-09,1.14750269295377e-07,-5.18685095802983e-07,1.96890490792226e-06,1.59719017980796e-08,2.09948532713487e-16,3.45004302322707e-08,1.00930096926571e-07,5.57501659039155e-08,-4.63113884084081e-16,-1.266038639989e-07,-1.72019398494879e-06,2.67876688019239e-07,1.1450020194167e-07,4.09092062635795e-08,2.30176081578003e-08,8.55411817583789e-07,-2.6643304055189e-08,-2.86791832627063e-07,-9.02222313680825e-08,-7.24182035828718e-08,-5.49945568593933e-06,2.49408680159927e-17,1.36061148031074e-05,-1.76654859392089e-07,-1.24467250698324e-06,1.42239523317219e-07,-1.54196674998179e-15,1.80007074220633e-07,-1.17343575775743e-05,1.24816044134757e-07,1.18535256227243e-07,3.2504730352412e-07,-2.11290343014014e-05,6.9727628513118e-06,-2.36572958817578e-06,6.31970126839099e-15,-0.000122959227300134,0.544685043305414,0.000225983351795819,3.25486407969361e-05,-3.17380822911612e-06,-1.85687487724828e-08,1.17229702954372e-13,-9.18934092742957e-15,-1.05528764960006e-08,-0.000263443675790145,3.37365316209271e-05,-1.09275027759357e-06,-2.26252631348485e-15,-3.91936112992119e-07,-4.2155202830162e-09,-6.01705462597016e-16,-1.95883392918851e-16,-2.17013334526568e-16,7.16271629128895e-07,2.06506337855059e-06,-2.77972468810758e-06,1.55603970490501e-06,7.71118052245123e-07,1.50837016309209e-06,-4.53263897615169e-06,-2.23035298976325e-16,-9.09736191144923e-07,3.22430921895809e-06,-9.67052777219378e-16,2.92940809192661e-16,-1.42875138700377e-06,-1.08532556981478e-10,-3.00362465435119e-05,6.22963858771313e-07,5.75267435516014e-06,-4.09668827726279e-08,-1.20875608584206e-14,-1.36988099161785e-07,1.68842230150868e-16,-4.59464484489486e-07,-5.80199925539052e-15,-3.06006741247988e-05,-2.58389921531497e-16,6.36169379912974e-07,1.13707958938118e-06,5.07224757803122e-08,6.62095473327221e-07,2.27445152718577e-06,-9.55243062285958e-06,1.6190612933717e-06,7.89719948511329e-08,3.84090392308221e-07,3.51706277491157e-08,2.01521865049505e-05,-1.51056661030229e-06,-3.68314877167424e-07,-2.96409856165774e-08,-2.60665646951513e-05,3.65890018518147e-17,6.51603188288667e-06,-1.11061554536644e-06,1.06290411042541e-07,2.47890142338742e-15,1.39566275631226e-08,3.73872776890692e-07,1.33110554731164e-06,2.47670799076809e-15,-2.23571151368776e-06,-1.69477641878858e-07,-5.96598833277918e-16,-2.23003770009685e-07,2.52793632576346e-05,1.31822357266672e-15,2.73387870590268e-15,-1.22439627434361e-07,-9.46454585495654e-08,-5.37683741818519e-10,-7.43417428726966e-07,1.9586849163926e-07,3.99421392039959e-07,5.54115035477706e-08,6.70846649141579e-07,-1.12882410068706e-06,-3.98014954328119e-14,1.60927032055673e-08,1.59700148852017e-09,4.39994070376051e-09,4.10950727416336e-07,-1.7601226506096e-15,-1.17380376542525e-16,1.34813566133611e-07,7.66930956170689e-17,-6.36348946984513e-16,8.34336244514183e-07,-9.29163694724408e-07,-1.20261297670651e-06,-9.96588499273739e-09,3.0215090714978e-05,6.62997602416223e-07,2.97491938389557e-08,-2.57362439799478e-17,7.17042348751619e-08,3.34390195581924e-09,1.53359679863634e-08,-1.07130401080952e-06,4.20097156117573e-06,-6.44344228465145e-15,-1.1572682289757e-15,1.04289069134698e-15,-5.23866069476275e-08,-1.74022599544813e-07,-1.45822318549421e-07,-1.17858364849052e-14,-1.32923322857728e-07,1.02918094130059e-15,6.10614328314664e-15,3.08706559590428e-06,-6.77707444332848e-08,-0.707106781186547,-1.66193208921261e-07,-5.9466848164652e-07,3.77969618679292e-13,2.5521493451409e-07,-1.66896852694089e-14,6.78498051331927e-08,8.32251320859608e-15,6.76679135573884e-08,5.85573702194366e-07,1.47142946107385e-07,1.99305580669274e-08,1.366968968641e-07,-1.73590723035894e-05,1.86865321104232e-07,2.10411262487012e-15,1.09610011723031e-05,-4.76428441190359e-07,-4.23163641189824e-15,-2.31787596849664e-06,-1.83973707153389e-07,2.22487115143216e-06,-3.29487449359702e-15,1.36372603842492e-07,1.24983350509372e-06,2.65262009311874e-15,-4.49520958729489e-07,-9.93754167741599e-08,-3.5828042159591e-08,2.1961567315867e-15,-1.44040788027274e-15,9.18632815386137e-08,2.80699384069141e-08,2.27005014666481e-09,-3.24946209981573e-07,1.64633472126803e-08,-7.21941541358207e-16,1.41244988887531e-15,6.00490756876864e-08,4.13865264315332e-10,-2.09989803029932e-15,1.44883097220187e-07,1.23243439062163e-15,5.18835899079103e-07,-2.76303433740073e-08,-1.61418629063436e-08,-1.06955409630329e-07,-8.61998710594381e-16,3.12419948301227e-16,-4.19650890979293e-16,9.55289293634872e-18,-5.92720334443474e-08,-1.53861000171801e-06,-2.09714916852695e-15,-3.17069634098546e-15,-1.31555512209133e-15,2.88842267067222e-07,1.94207241148463e-08,-1.42599702313271e-07,-2.59111521455643e-16,-3.00260897579579e-14,-6.26316832402672e-15,-8.78328033107774e-07,1.86352954323893e-07,-3.18556723269608e-16,2.43946324525779e-07,-8.51995623527845e-07,-4.2957280303185e-16,5.87677690689593e-16,-8.48355254813012e-08,-8.69062379313832e-10,-4.19769090449039e-08,2.61855953945385e-16,4.71508005361241e-08,6.86015496119514e-08,7.35124094379863e-08,-6.68931458158437e-08,-2.38159464719085e-07,1.516313772403e-07,-3.88666527889187e-17,1.85275471407186e-16,-2.87148697449849e-16,1.40291378277238e-05,-3.46244447061995e-07,-1.88836767699832e-08,-1.48182475864655e-08,8.3776801760844e-16,3.00538394388847e-16,1.05906164332044e-15,-7.09028312237127e-17,-7.35486199467181e-16,4.88114523995486e-07,-8.22945032668849e-16,3.98508044946354e-16,-1.14054676854445e-08,8.31812894344467e-16,-1.02092671876497e-08,3.21253914590519e-16,-1.26560111483603e-08,1.640106994184e-18,-1.53028710242877e-08,-1.91474940439963e-09,-9.02576359849859e-06,-2.69139040951712e-16,6.13286659630602e-08,4.49945154202872e-16,8.69174173108441e-08,-1.05589883920662e-06,8.44329006665834e-10,-2.67513328196431e-15,1.23117252480434e-07,-4.281726399253e-16,-3.0245073912255e-08,-1.70713581547576e-07,5.65563909213739e-16,1.46018788717297e-16,1.45210229275097e-16,-8.30092431778152e-16,-5.73296901042793e-10,-7.46820323419054e-09,-1.66879490269019e-09,5.99512894967648e-16,4.13334118998276e-17,-1.38826926233896e-07,0.000390633411544558,-4.50135790718035e-16,-1.87344823633571e-17,-7.49231482850308e-09,-4.34554627388855e-16,-5.31247594484054e-08,2.00765223434939e-16,5.01757085074986e-07,1.06635098752554e-16,6.27980962341107e-16,8.75753964790894e-16,1.78559419779864e-16,2.49966260643116e-16,-2.97434408465891e-16,2.42940427472766e-06,-1.69898040768633e-05,-1.31860984751923e-16,-4.46591116909556e-08,1.6985009694002e-07,7.8912167134856e-17,2.50561166022384e-16,-2.69389407905003e-16,2.02789052529431e-16,1.67285489224611e-08,2.67462134887376e-09,5.54564592368881e-17,2.83748650188843e-16,-3.03636152307448e-08,-1.08309080233812e-07,-1.1333769552468e-08,5.84130813682631e-16,2.5847490777563e-16,4.76454358909627e-17,-2.2907916462456e-16,-1.08044627473575e-15,-1.33493318476792e-16,6.38408277152593e-08,-6.03697356942808e-08,-1.1605775812213e-08,4.05702554505332e-16,-1.24043535049817e-16,4.04973021751688e-16,1.47136606918162e-16,3.32892948927922e-18,-1.25042919221835e-15,-1.75465883250249e-17,-5.19221272104916e-16,6.9510246763193e-16,3.41635743936002e-16,5.0802852885676e-16,2.41294583593481e-16,4.76757208196764e-16,7.62859777284888e-17,3.27151235426367e-07,-1.18401249679067e-16,5.82321662611588e-16,1.35958865922348e-16,6.19973932545113e-07,-1.08044075393565e-09,-3.29123528392599e-16,-5.82860268217578e-07,5.66042725696466e-07,3.40550780261815e-16,-6.11688522992959e-16,-1.57826801789553e-07,2.54298737425438e-17,1.39086686161372e-08,1.4174116265938e-16,2.02571810056162e-16,-6.63674351512826e-17,-1.89459074837519e-16,1.96656171719924e-09,-2.70019124231622e-07,3.54348690563295e-16,-1.20561289058079e-16,-1.04624529343848e-16,1.4106874166305e-15,2.83559561380772e-15,3.96482311492728e-17,-1.72904288640782e-17,1.46530432967094e-16,1.66435499044268e-07,-8.27073147836868e-17,-1.14324785970113e-16,3.14296465064578e-17,6.84583593745571e-17,-2.11105631605091e-16,-2.95788574175993e-15,-6.36416573519495e-08,-4.77607355648345e-17,-1.76232026222367e-16,4.74380707956192e-08,-2.90628558316828e-16,7.85579702429898e-16,-1.95600119155215e-16,2.89965554977825e-16,2.72372556144064e-07,7.19385775939912e-17,-2.91034670217758e-08,-1.51356883588618e-16,-1.20382318384903e-17,-1.16757448992915e-16,-3.2061807475055e-12,2.80562290463805e-16,3.45000354183755e-16,1.05056773251709e-09,-3.56225611863549e-16,7.64757023982552e-17,1.4863355241535e-06,-1.31036150090212e-07,-3.16556447876408e-17,9.17358847264696e-08,1.34331014020568e-08,-4.94110942473161e-17,3.38953744451888e-16,6.96889175724589e-17,7.37548333692012e-16,1.68370691495886e-17,-2.24952007773976e-08,1.41913464194282e-16,-1.5684977981434e-17,1.6754464440157e-16,8.99908245788823e-09,-4.40750688836119e-16,1.31551153860059e-16,1.04499659792911e-16,5.02900413958237e-17,-4.09594297507467e-09,-1.30271277021545e-16,8.50269835196696e-09,-1.26915693255751e-17,-6.3939335955925e-17,-4.03343976893721e-17,7.64488086824794e-17,-2.694427553337e-16,-9.2739949977473e-17,4.84499007767491e-17,-1.90567337738477e-07,-2.9569851409278e-16,1.48065471525949e-16,6.18819143535922e-08,4.09499188469693e-17,-2.52681051987347e-17,-4.19635690896977e-17,1.35111666402274e-16,-1.52819523400358e-16,3.75403360122355e-16,-6.49225064528133e-08,7.64194987124823e-18,-9.06887657299269e-18,1.33318126953935e-07,-1.5562206852895e-16,-2.05841185603531e-17,2.25325409258126e-17,1.44306503241357e-16,-2.59815981875702e-16,-5.84870440595756e-16,-1.81015601076099e-16,-2.06260442594395e-16,1.72336918510059e-16,5.6419926116329e-19,3.64858566469986e-17,-6.97902014902547e-08,2.99400305447259e-07,-6.65920453412765e-18,-4.24325764903413e-17,1.49886409538022e-16,4.77472505150803e-17,-3.0044712903675e-15,-3.05368943727324e-16,1.71392460085441e-16,9.9889785179288e-17,-2.90232335480677e-09,-1.4420054872563e-16,7.34852035740255e-17,-1.01806588226425e-16,-2.17937460059005e-16,3.71258372123897e-09,1.31686097359818e-16,-1.47158609879451e-07,-2.73544008101594e-17,7.32698438407994e-19,-5.21712684063757e-17,8.11010203285251e-17,6.0170761718693e-16,3.18038681457595e-16,-1.34939900232837e-16,-2.74334234217364e-16,-6.40043457037051e-17,1.63775554163824e-17,-1.5782527576746e-16,-9.87574844687898e-18,3.12903610624004e-16,1.52875057564543e-16,-1.33182879577189e-16,-5.97177857616025e-17,6.70900673264357e-17,-6.66595297343721e-17,1.9241395071787e-16,1.77726632407404e-16,-4.42492007642744e-15,3.11359849216355e-17,-9.67359355632583e-17,-4.85034182954595e-18,1.90983629104934e-16,2.78755774729733e-10,8.55019555923612e-17,6.8654331611481e-16,2.04638438038336e-16,-6.3600797277857e-17,5.14921504484914e-16,4.02870195783884e-17,-2.34945423326734e-17,-1.05021479043789e-16,-3.12520188622443e-16,-2.52746091173351e-16,4.08565086763343e-15,8.52257140377747e-17,-2.41162814818863e-17,-1.26652968894649e-16,2.81465057040838e-16,3.33285635597571e-17,2.42999910568044e-17,-3.57956089937755e-09,-1.16750114776643e-16,5.48801842858416e-17,4.33054012689719e-17,2.23620505908699e-16,2.413165111432e-16,1.32627691456073e-16,-1.06566965225902e-17,1.75483110383948e-16,5.43628067862949e-17,7.56752806329325e-10,9.01343797762459e-16,-6.60736137159425e-17,-1.8975987600436e-16,3.13975867586302e-17,-7.17782984427377e-17,-4.96449363045524e-17,1.46552497303815e-16,-4.73441879467558e-17,1.3664949906796e-16,6.46216683141796e-17,1.22768640483289e-17,2.27232320887876e-16,6.86029260333916e-17,3.80985675042481e-09,1.32211986566724e-18,5.45246105688346e-17,6.53714835765074e-17,-6.40657211733452e-16,-1.14565662119062e-08,-7.79643428413095e-17,1.16342927920536e-16,2.52576500458496e-17,-1.4111624081322e-16,2.90368868110652e-16,-1.50001616926926e-16,3.01047779144011e-16,4.36806413218126e-17,-4.86683907841261e-17,-5.40293236704588e-17,9.86628484606268e-17,-1.44360381265007e-16,-3.66292243916478e-17,-9.11055823098586e-17,1.74223783125601e-16,5.06576049592358e-17,-1.29423731241539e-16
"t988",-0.0400683817930415,0.0323698910907655,-0.0527500887757801,0.0229259406176129,0.00600571251689801,-0.00269222353569809,0.0174282564472886,-0.0356002940181663,1.41353757162829e-05,-1.44507159644258e-05,7.25779139398308e-05,-0.0114340940249242,0.0213766138080483,-0.00329458857036559,0.000962364478595423,0.17450571622241,-0.00437745974128931,0.00967082950085374,-0.000713825465288303,0.000373131973532517,-0.0513817019433539,0.120224152556164,-0.000124420838721433,0.000901004248383634,-0.000149067705095674,0.000147371013126817,-0.000209485343411514,0.000219593400310248,-0.00544422845400905,0.00268550912254882,-7.45158099885986e-06,1.22075168684701e-05,-0.00361235319954098,8.58036211810658e-06,-4.54248759315142e-06,-6.49326979170899e-06,-0.000253106575390864,1.75249035257433e-06,1.40790147239265e-05,3.76927966030638e-06,0.000187365822238582,-2.34387370686526e-05,0.000195712910588905,-2.28982908799062e-05,0.00493316726605615,-9.46788107728221e-06,1.22569374359675e-05,-0.000241250573931662,1.83685077559537e-05,-3.45117120032686e-05,0.000224579101527227,-2.07971262214709e-05,2.93121379366646e-08,-0.00332918158590955,2.46213295545696e-06,-2.5415128461651e-05,2.00783899719886e-07,2.39138582172075e-05,-1.02798223159709e-05,0.339699981917335,-0.000115336493859206,1.05395662408057e-05,-0.000302413230765934,0.00015671903694601,-9.62180773654869e-06,0.000205519607181239,-1.10864863925479e-06,3.7469916661898e-05,-0.00010066599647337,3.8445073103241e-05,-2.76625121055343e-05,0.00205942293679356,-4.24297210286411e-06,-0.000329714781669696,0.000156120725508027,5.77674307246507e-07,-0.014594200930931,-7.48939818841108e-06,-8.48915383473167e-06,-1.36913228749264e-05,5.05493589543419e-06,7.80662959948036e-05,-1.13051432993864e-05,-7.38527670840817e-05,5.70128135193384e-06,0.00115827151025823,-0.000616047247112237,-1.21129960907961e-05,-5.10276086435958e-06,0.00760612319466247,7.1317415101907e-06,2.74964681041715e-05,3.50336090888634e-06,-0.000266824289314072,-2.07074838217217e-07,-0.000530762457162705,1.23442210783463e-05,0.000300401275365573,-5.09237354859088e-05,-1.4403021326302e-05,-3.16337483575209e-06,1.53206801512291e-06,-4.32728740443581e-06,1.52862378163454e-06,-6.6387576400105e-07,7.45165119592372e-06,-3.52686049221884e-05,9.35098087101944e-06,-5.45178644681841e-06,0.00103217532811314,5.65843076932559e-06,1.36036126318859e-05,-2.99755770008776e-05,2.63224795601905e-05,-1.0200584132993e-07,3.88496880394521e-06,-5.71077776861118e-06,5.99224773703041e-06,-6.0192291052216e-06,1.47505601668518e-05,-7.15090931132597e-05,1.31600633360609e-05,-1.2878552808301e-05,-3.57405356470343e-05,0.000465672044541019,-0.000152491101371981,0.000583711353354155,-3.24263524217689e-06,6.11613575863882e-06,0.000201563084563233,-3.33058381013591e-06,1.8343048653311e-05,-2.18906836747468e-05,-4.37828750158925e-06,1.24563220428972e-05,7.17117636183907e-06,-4.05503581644227e-08,-2.65320034852571e-05,8.05801015037696e-06,-2.31678035638881e-05,-1.47715995353712e-06,-5.7145801477302e-05,1.1175945296381e-05,8.63414697237117e-07,9.38304489953692e-05,-1.40961618211068e-07,-6.63607268531892e-06,1.12678897485278e-06,8.06479895793288e-08,-9.79097705725569e-07,-0.011522449721851,2.19367365991269e-07,-1.44732869604289e-05,1.8819622181632e-06,-1.1134881669704e-06,-9.82437065216914e-08,1.4835134815862e-06,-8.66380415964392e-05,-3.98751307619885e-07,-1.31724391096939e-07,-6.28646538265525e-05,1.21863051914151e-06,-6.57430427255296e-07,-8.64323365820712e-05,9.93696608071535e-06,-3.49950695434342e-05,5.12720045253831e-06,8.75476738791485e-08,4.35167763519731e-06,5.76490972296883e-06,-6.77151234180712e-05,-1.59619350146321e-05,4.98269857287979e-05,4.77468928330224e-07,8.17706564679484e-06,1.83104456192692e-07,7.22828877092854e-07,-4.95622260718326e-06,-3.93347766484794e-06,-0.00064328596913299,3.16559383680123e-05,0.000100216868520614,-2.47221289206083e-06,-7.9387136070191e-08,-3.04971037208112e-07,-5.49099711632747e-07,-1.11909942987352e-05,3.07824243432075e-06,1.4091324542719e-05,-0.000775365159495535,-2.60141150721537e-07,5.03633546441887e-07,2.01664620306255e-06,2.60159083271791e-08,3.48475108032674e-07,-4.94864151071011e-07,-9.13374220620816e-07,-0.000189131918941649,5.38477103668815e-07,2.30480738105331e-07,2.2994110357761e-07,3.82855933782149e-05,-6.25858285791835e-09,-8.13911242081975e-06,-1.7803548123566e-06,-8.0220243127798e-05,1.28493132773001e-06,0.00148034588983444,-6.61695053119435e-06,-3.04273309518519e-07,-3.01672880735322e-05,6.81269800024675e-05,-0.000174872775184157,-2.79381874576333e-06,-1.48276636104126e-05,-2.02737382667107e-06,2.30610091952759e-05,2.53362522973622e-07,-4.62576150263992e-07,-2.30617168366173e-06,-1.25955660862134e-05,0.000133428350724713,3.88959057544146e-06,1.27582656371738e-05,-3.32054688452918e-06,-1.70606215478749e-06,-1.80217519031024e-05,-1.28533046668598e-06,-2.06869708543733e-06,-1.7105565789084e-06,4.83338987171385e-05,7.79014304887979e-06,6.2245487797329e-07,1.05100159278161e-06,-6.25115932617517e-08,-8.87419342880585e-06,-7.65079330924459e-06,-4.18973833685482e-16,-4.44662405616679e-06,0.016900671346008,2.35102827149721e-07,-7.25466744230347e-06,-1.44989608515487e-06,1.35826760112199e-05,-4.32552184540378e-07,0.000552088061756071,-2.00303743077152e-08,2.05079314891469e-09,-3.43726163748385e-06,5.2859730083897e-06,-1.68859566256795e-07,2.32610849125325e-05,-1.11535673074889e-06,1.79392030646006e-05,-1.63229078945833e-05,1.45683247810881e-06,-1.48612864974752e-06,0.0001667571944594,6.98428844272174e-07,-1.36276277825444e-07,3.01533613260183e-06,-5.86474387387783e-07,6.46265273817351e-05,-3.23946337421934e-05,3.26576555872071e-07,-1.1128184282567e-07,1.34720354586332e-07,9.53562398251824e-06,-2.17895919467893e-05,1.44073405156974e-07,5.77407866856491e-08,-1.26325513468057e-07,1.09611784232548e-05,-0.000521417859463714,3.00932488543185e-06,-4.22051744594903e-05,0.000253598406403633,-2.37420957479444e-06,5.77946783413829e-06,-2.13784414416444e-06,1.17319664638511e-06,-4.50751990597327e-16,-2.99875680574434e-06,-1.03261110245858e-07,-9.76972046600769e-10,-8.8366499069019e-06,1.63321618585752e-07,-1.0326883891973e-07,-1.86810699021772e-05,2.48375305106543e-06,-2.62241177707171e-06,6.89277269988411e-06,2.68479587772214e-07,-2.99656047844592e-07,4.06709345630822e-06,-5.10675950562359e-06,0.000130778318896426,-8.34666502593904e-06,0.364978757076155,-7.77262976867597e-06,-3.21552267832291e-05,-6.13820145362652e-06,1.86979309922386e-05,-3.98188873195575e-07,1.31555563987792e-06,-1.4864725051887e-06,5.11545392164443e-06,-2.07175197741536e-07,-1.80908805393812e-07,-1.29528771240185e-06,2.0865059694425e-06,1.44849649305034e-07,-9.96550816830452e-07,5.52044901365013e-07,-1.26388614843057e-08,-1.02582379105319e-07,1.43312364772e-07,1.0177173508729e-16,2.46102538386057e-10,1.23629757256164e-06,-5.18694242179908e-06,1.00912087669239e-07,9.10187488705502e-08,2.77947134780018e-08,6.93737445144068e-08,-1.09680275182605e-06,4.65952739139497e-07,4.17225064542043e-17,-4.48727487144069e-07,-5.59822205603559e-09,-1.63983943783119e-08,5.48406844918565e-07,1.37009171059388e-07,-9.70663848999727e-09,-3.95033064959399e-07,1.09510555990123e-07,-3.9155744692932e-06,7.89242563778935e-07,-1.66399911727035e-07,-3.07026985519701e-07,-1.64339662701467e-08,-6.19857730057686e-07,-3.1695004089521e-07,1.34820786807168e-06,-3.52917121410115e-07,5.73191820117141e-16,-5.89198454800197e-05,0.00027286620154357,5.09231217932812e-09,1.22716826698934e-06,-7.65064756444883e-07,-1.72273752690045e-06,6.2004411191055e-06,-2.26148381464876e-05,-1.59542827920796e-07,-9.17778100682779e-16,-2.99299704025715e-07,-8.34193403180762e-07,-3.90567062742664e-07,-2.22976075683535e-16,7.58276736505937e-07,9.95590642844856e-06,-1.52363995613493e-06,-6.2872723786151e-07,-2.12198998844221e-07,-1.14575996276431e-07,-4.12660379395911e-06,1.17611563127954e-07,1.25319744011354e-06,3.72238045429304e-07,2.7152469050306e-07,2.0522643116561e-05,-8.82441438243016e-17,-4.28180716964281e-05,5.40702976898166e-07,3.58961341775248e-06,-3.76306991512831e-07,7.73697456687033e-16,-4.00844181218078e-07,2.19086314155885e-05,-2.1629399065977e-07,-1.98562056632592e-07,-5.23146227998384e-07,3.16279102405325e-05,-9.31757682994137e-06,2.42774895624723e-06,-4.25383792455134e-15,0.000101232452222882,-0.440068128834698,-0.000175557359764389,-2.39523626477061e-05,2.32591764899775e-06,1.34019223402705e-08,-8.96952890646309e-14,6.92180793891245e-15,6.97697282063438e-09,0.000161392990253169,-2.04725953030362e-05,6.19220154941652e-07,4.39934658473422e-15,1.90904907359019e-07,1.91798717657621e-09,1.04948678309327e-15,-6.44466834862963e-16,5.46377117779908e-16,-2.61603969299657e-07,-7.32730328047194e-07,8.90828440414813e-07,-4.56130018518779e-07,-2.23649518178488e-07,-3.96244434906069e-07,1.17688007318552e-06,1.90117170430129e-16,1.90302733390212e-07,-6.21338104856261e-07,3.75785070398906e-17,1.41919618895413e-15,1.91089186266547e-07,1.31020977181995e-11,3.12235344254738e-06,-5.79998410912841e-08,-4.20838415096332e-07,2.86900751528231e-09,-2.36985109596979e-15,9.01458400586001e-09,3.38508107039861e-16,2.47675567573753e-08,1.59995919013962e-14,1.38886143032679e-06,2.11486351082753e-16,-2.21652092390715e-08,-3.72370451293759e-08,-3.1366548663048e-10,-5.18694961864735e-10,3.29092142903545e-09,-1.04881065009767e-07,3.08200949304776e-08,2.92204606264141e-09,1.42712546329055e-08,1.49397031124332e-09,1.04781790352138e-06,-9.71193977060859e-08,-2.73531004834697e-08,-2.42725361598329e-09,-2.23048700578188e-06,-1.21146383054304e-16,6.29999031134128e-07,-1.18836026845677e-07,1.42790669167276e-08,3.79138745452711e-16,1.97878257985278e-09,5.70673492753709e-08,2.09173967377499e-07,-2.5943615919485e-16,-3.56444362520027e-07,-2.8527433626129e-08,1.09961266121614e-16,-3.84897732617532e-08,4.97785785655039e-06,1.43560591499622e-16,-8.60556499816526e-16,-2.52029633397063e-08,-1.95562324801447e-08,-1.13061903885373e-10,-1.59462857923083e-07,4.38349239430164e-08,8.97042156526136e-08,1.25061297065592e-08,1.59311210182487e-07,-2.78476631481812e-07,8.32667268468867e-17,4.02468218952136e-09,4.00324279528389e-10,1.11184097546142e-09,1.04835734755941e-07,-3.99311257398114e-16,-3.61512673526113e-16,3.48317655083734e-08,-6.97509757679955e-17,1.90696001798424e-16,2.31911134561028e-07,-2.6127226042779e-07,-3.38244742951545e-07,-2.87192639670068e-09,8.73510770859067e-06,1.91801406349789e-07,8.64395851069291e-09,-2.24728194872525e-16,2.17726974340534e-08,1.02440870895165e-09,4.71181084824128e-09,-3.33831390742081e-07,1.34182166695283e-06,-2.82071876863207e-16,-1.72209437255241e-17,1.88099155550911e-15,-1.73000462337659e-08,-5.82602379976651e-08,-4.88691777471653e-08,-1.36001287823007e-15,-4.51192982712518e-08,-3.62318715100351e-16,2.8051453248983e-16,1.10392325940715e-06,-2.42494772440863e-08,-1.01906412160437e-14,-6.01758276579781e-08,-2.16778635140031e-07,2.01310651075703e-15,9.42991730414889e-08,-1.05272102643612e-15,2.54665821852764e-08,4.28931661095138e-16,2.54334606047267e-08,2.20327220671587e-07,5.54305125244582e-08,7.52063713283729e-09,5.17746044023854e-08,-6.66587458470579e-06,7.30945067497546e-08,-2.31136035482184e-16,4.3825322713278e-06,-1.90923476236497e-07,-3.58465751305224e-15,-9.31659460991035e-07,-7.43491921634675e-08,9.03483812684483e-07,1.03438227239104e-16,5.62737505991628e-08,5.1734211664418e-07,1.55731984657133e-17,-1.86831561288824e-07,-4.13854729546484e-08,-1.50307413399986e-08,4.8002129608267e-17,-5.80961508898576e-17,3.91937880474761e-08,1.20599038884169e-08,9.76677491808545e-10,-1.43907960576206e-07,7.32400181993785e-09,9.20091834385975e-16,-1.35462729294475e-16,2.67962110094908e-08,1.8475514430215e-10,3.00840655369213e-16,6.5010213661647e-08,1.19864237154171e-16,2.3394751116691e-07,-1.25413472838445e-08,-7.3301609299408e-09,-4.86579552490514e-08,-2.8522909080739e-16,2.05175343923827e-17,4.94936596682951e-16,4.72104849329456e-16,-2.74000161334338e-08,-7.12175149078341e-07,2.64596761022583e-16,1.11005129709262e-15,2.66143603917288e-16,1.34313093862804e-07,9.04859392543865e-09,-6.67949655232286e-08,2.1072295616927e-16,4.42897581235143e-15,-6.10278294509683e-15,-4.1868548968002e-07,8.88838593666872e-08,1.26560309678043e-16,1.17124430712421e-07,-4.10140538579263e-07,8.29367776792746e-17,5.28637119713646e-16,-4.10898525793704e-08,-4.21132247701333e-10,-2.04136482630762e-08,2.44148158198685e-16,2.30644987792632e-08,3.36646613006147e-08,3.62336288748699e-08,-3.3166957875388e-08,-1.18270143860919e-07,7.55210475086565e-08,-3.15216962824424e-16,-1.18964203014578e-16,4.124488277561e-16,7.10164623580554e-06,-1.75313940951559e-07,-9.58064842035611e-09,-7.59361763347934e-09,6.09746335211258e-16,1.38529165230136e-16,-1.71108503891365e-15,3.4514790234634e-16,-7.59528011528002e-16,2.52692225723284e-07,6.35428798710078e-16,8.88159828668284e-16,-5.92760554918151e-09,5.94137521866835e-17,-5.30701901024591e-09,-8.51134923091743e-17,-6.58118861475785e-09,6.52434984657501e-16,-8.01079000227120e-09,-1.00391147920257e-09,-4.74354109943841e-06,-2.92382324477747e-16,3.23256325544265e-08,-1.25590790758834e-16,4.61026391770315e-08,-5.64587087224814e-07,4.51616182741668e-10,1.21397622403226e-15,6.60640120859933e-08,-2.77133492814954e-16,-1.63105990996627e-08,-9.20850049190217e-08,-8.82747191615276e-16,5.99853006284896e-16,-1.84150153325796e-17,2.7003686557942e-16,-3.10503019741365e-10,-4.04915482978977e-09,-9.05913293273461e-10,2.97596354575454e-16,-4.16737856333132e-16,-7.58042531356218e-08,0.000213354047198275,-2.10814174868798e-15,1.41084851226035e-16,-4.12137854981291e-09,2.61662390322667e-16,-2.92668006104652e-08,-1.96116469583483e-16,2.77614403458032e-07,-1.40281456835097e-15,-1.73932014464618e-15,1.94033955009023e-16,5.49523747076608e-16,-6.57176308860172e-16,-1.50454501666754e-15,1.35570987147002e-06,-9.48207335476767e-06,-3.16759323262159e-17,-2.4997589772551e-08,9.51880950566429e-08,2.83498136959166e-16,-8.30271498317712e-16,2.04705160056805e-16,8.1751428909062e-17,9.4238771218677e-09,1.50853088192093e-09,-1.34303729097072e-16,1.15267854760384e-16,-1.71483650073691e-08,-6.11799403284001e-08,-6.40576892209586e-09,-1.23263973588708e-15,-3.07187677288195e-16,-6.10373899663781e-16,-1.73555765420068e-16,7.31456142096668e-16,4.90575710552584e-16,3.64195151276888e-08,-3.44688251100307e-08,-6.63207347069143e-09,-1.40026759496666e-17,8.8658115902047e-16,2.00738456004028e-16,-8.57073007779781e-16,1.7279794717797e-16,2.81925222446233e-16,3.99618510354399e-16,-2.77321909501307e-16,2.4598590209195e-15,1.03837359411776e-15,1.16055656039693e-15,8.23678542122452e-16,-4.74303026809252e-16,-9.27525123644991e-16,1.89571559625165e-07,-2.24823479163273e-15,-1.72406751249322e-15,-4.29527729733769e-16,3.59898512382482e-07,-6.27462056522613e-10,4.56245639938548e-15,-3.38580739554819e-07,3.29533264929962e-07,8.53795974096016e-17,1.82579697294179e-15,-9.21312627959515e-08,5.04202939451598e-15,8.14587084928267e-09,-1.5974722975842e-15,8.28220829709684e-16,-9.53895833268374e-16,-8.23266881146494e-15,1.15764134884735e-09,-1.5900474984501e-07,8.85044477499698e-17,5.34666595456881e-16,1.57827315456046e-16,-2.01858376438662e-15,-7.35134521814823e-15,1.72112022261028e-15,-1.91164888833257e-15,-3.92099771938716e-16,9.97064766257752e-08,-1.13375486616064e-15,2.98504997631719e-15,-3.16580671396454e-15,3.13337135997147e-15,-5.93663964053165e-15,5.58814761072946e-15,-3.82623795858613e-08,-3.16976163722822e-16,-3.43328630899261e-15,2.85391833819876e-08,-4.62568712730527e-16,9.7034053013865e-16,-3.22603881121792e-16,-1.22758290519489e-14,1.65107437623283e-07,-1.51596167664315e-14,-1.76655702602669e-08,-1.10576188747306e-14,-1.4362370458101e-15,1.75401903776991e-12,-0.70710678118207,5.15853259046287e-14,-2.08403869675597e-14,6.39431809129507e-10,-2.22375165367679e-14,-8.28797946600747e-15,9.06510745457203e-07,-7.99267556515963e-08,-3.31836672814179e-15,5.60540084019579e-08,8.2126530277175e-09,9.18853305957761e-16,6.60898340890344e-16,-4.62931123384706e-15,2.99942312143671e-15,-2.25868260011777e-15,-1.3864021109703e-08,8.25578963841909e-16,-2.01222869334113e-15,2.90227756869424e-15,5.55753134333159e-09,-1.84834116523827e-14,-1.81619508856948e-15,5.18412037550086e-15,1.06192006668188e-15,-2.53628589267629e-09,1.74059809602135e-15,5.26934635533603e-09,-3.46739633348885e-15,1.80977346493874e-15,-5.60075158255472e-16,7.35183944538231e-16,-5.19960895741971e-16,5.9307285239039e-16,2.40829655457155e-16,-1.18609103399396e-07,-1.77354704752638e-15,-2.10221209876719e-15,3.85560790784851e-08,1.16681857732639e-15,5.77091332346912e-16,1.16035212340441e-16,2.04085867330202e-15,6.91049532733815e-16,6.88507313896406e-16,-4.05842347544473e-08,-7.93763788254243e-16,3.18909489193061e-15,8.34618456608023e-08,-2.63187690533676e-15,1.11360287047203e-15,-2.76317788325238e-15,-1.21236858987781e-15,1.07862574924526e-15,-3.63497024263033e-15,1.84845479685041e-16,-8.35068537632197e-16,-2.15700105709899e-16,-1.19103790140265e-15,-7.24028548565362e-17,-4.39254863561723e-08,1.88560446056393e-07,-3.41071405343003e-15,1.03257835855583e-15,4.83980987045252e-16,1.49814457410167e-16,5.09470886707261e-15,4.64532698471299e-16,-1.28263007829163e-16,1.22471399682802e-15,-1.83390653259202e-09,-4.77124421913433e-16,2.16618066326886e-16,-2.04409320870395e-16,-5.87112847822412e-16,2.35239654223883e-09,-4.8523522109204e-16,-9.35328913804234e-08,1.07065659840957e-15,-5.35419970155848e-16,-1.17559147080732e-15,5.21381356055509e-16,-7.24620302688939e-16,2.28952867218719e-15,6.11044971137093e-16,-4.26981301619637e-16,-9.21407503023015e-17,2.49659917591694e-17,-9.42794140664908e-16,-4.33191475851664e-16,4.0738920730771e-16,9.68646321875142e-16,-3.62143048622184e-16,-3.71728349902359e-17,-5.03285176067069e-16,-5.22388297596965e-16,3.95923214959047e-16,7.20123191531638e-16,-1.58281324371778e-14,5.59464302670568e-17,2.26812373401314e-15,-5.70699900019911e-17,8.19064900783364e-17,1.79154657367295e-10,3.5422994284067e-16,6.85104480063145e-16,-4.12944152408258e-16,2.56737600919623e-16,7.64214741157053e-16,-1.33240566355263e-16,4.87769238741436e-16,-3.46985515460057e-16,3.34798149444464e-16,-8.46210013655581e-17,1.74947100283264e-14,-2.14007525203868e-18,3.28204593086087e-16,-3.37937776773181e-16,2.79968920303956e-16,-1.60698095015777e-18,1.31206166137634e-16,-2.31728843220912e-09,3.8215358528204e-16,-3.01435924294456e-17,7.21834445190101e-16,1.99206193687825e-16,3.44707995555452e-16,7.30469217009193e-16,-2.59428050049712e-16,-7.80247853429473e-16,5.50976323123982e-17,4.93468211280034e-10,-1.3518613906282e-16,1.278340525651e-16,-1.43570701231963e-17,-2.33619508163782e-16,-1.6196117448961e-16,2.1703340280745e-16,2.07292147724393e-16,-2.51271210957374e-16,-6.73647968153041e-16,-1.51786564396728e-15,-2.66827610357868e-16,5.86273283590821e-17,-6.23309699943998e-17,2.50202648361849e-09,2.339962213122e-16,1.73070120391892e-16,1.04016628249714e-16,7.81943924805104e-15,-7.5481704541001e-09,-2.70212456014341e-16,-2.4622799280291e-16,1.8696394123307e-16,-3.04364288666831e-16,-6.22074612001827e-17,-2.68666164435353e-16,2.35679504294779e-16,5.31004105463064e-16,2.28962926906056e-16,-3.52809952003641e-17,9.28781242439475e-17,-4.4131978794277e-16,-1.304923474581e-17,-1.85940206149919e-16,-1.8800891529641e-16,8.24233397157541e-17,3.71374308706769e-16
"t582",-0.0400683817930408,0.0323698910907642,-0.0527500887757779,0.0229259406176117,0.00600571251689763,-0.00269222353569687,0.0174282564472875,-0.0356002940181631,1.41353757160227e-05,-1.44507159643313e-05,7.25779139399124e-05,-0.011434094024922,0.0213766138080445,-0.00329458857036501,0.000962364478595065,0.174505716222371,-0.00437745974128846,0.00967082950085188,-0.000713825465288028,0.000373131973532302,-0.0513817019433401,0.120224152556124,-0.000124420838721589,0.000901004248383392,-0.000149067705095561,0.000147371013127082,-0.000209485343411323,0.000219593400310128,-0.00544422845400723,0.00268550912254788,-7.45158099878921e-06,1.22075168686554e-05,-0.00361235319953944,8.58036211834562e-06,-4.54248759308201e-06,-6.49326979164674e-06,-0.000253106575390695,1.75249035261118e-06,1.4079014724245e-05,3.76927966043868e-06,0.000187365822238455,-2.34387370689063e-05,0.000195712910588837,-2.28982908799863e-05,0.0049331672660527,-9.46788107731965e-06,1.22569374359733e-05,-0.00024125057393157,1.83685077559116e-05,-3.45117120035219e-05,0.000224579101527192,-2.07971262214477e-05,2.9312138051149e-08,-0.00332918158590749,2.46213295526432e-06,-2.54151284625671e-05,2.0078389957576e-07,2.39138582170879e-05,-1.02798223159292e-05,0.339699981916957,-0.000115336493859063,1.05395662406402e-05,-0.000302413230765344,0.00015671903694588,-9.62180773649406e-06,0.000205519607180968,-1.10864863999339e-06,3.74699166621528e-05,-0.000100665996473223,3.84450731034035e-05,-2.76625121055078e-05,0.0020594229367905,-4.24297210269267e-06,-0.000329714781669147,0.000156120725507875,5.77674306959548e-07,-0.014594200930907,-7.48939818855516e-06,-8.48915383462316e-06,-1.36913228746604e-05,5.05493589543252e-06,7.80662959946973e-05,-1.13051432999514e-05,-7.38527670840471e-05,5.70128135062756e-06,0.00115827151025583,-0.000616047247110986,-1.21129960910002e-05,-5.10276086408742e-06,0.00760612319464654,7.13174151009272e-06,2.74964681054637e-05,3.50336090871048e-06,-0.000266824289313681,-2.07074838384274e-07,-0.0005307624571606,1.2344221078303e-05,0.00030040127536413,-5.09237354858713e-05,-1.44030213267757e-05,-3.1633748360297e-06,1.53206801511138e-06,-4.32728740437426e-06,1.52862378166321e-06,-6.63875763948444e-07,7.45165119601543e-06,-3.5268604922324e-05,9.35098087105149e-06,-5.45178644653253e-06,0.00103217532810841,5.6584307692391e-06,1.36036126319708e-05,-2.99755770008085e-05,2.63224795600965e-05,-1.02005841646516e-07,3.88496880358443e-06,-5.71077776864419e-06,5.99224773678923e-06,-6.01922910539715e-06,1.47505601668315e-05,-7.15090931130171e-05,1.3160063336048e-05,-1.28785528084189e-05,-3.57405356459551e-05,0.00046567204453896,-0.000152491101371516,0.000583711353353681,-3.24263524206625e-06,6.11613575862215e-06,0.000201563084562505,-3.33058381033029e-06,1.83430486531629e-05,-2.18906836746666e-05,-4.37828750116407e-06,1.24563220428604e-05,7.17117636252866e-06,-4.05503582643783e-08,-2.65320034849448e-05,8.05801015005277e-06,-2.31678035639279e-05,-1.47715995351694e-06,-5.71458014765583e-05,1.11759452965447e-05,8.63414696973951e-07,9.38304489951812e-05,-1.40961618356255e-07,-6.63607268533286e-06,1.12678897498204e-06,8.06479899715276e-08,-9.79097706465032e-07,-0.0115224497218114,2.19367366434699e-07,-1.44732869600801e-05,1.88196221823724e-06,-1.11348816685634e-06,-9.8243707138659e-08,1.48351348141238e-06,-8.66380415960314e-05,-3.98751307717725e-07,-1.31724390957871e-07,-6.28646538263155e-05,1.21863051915441e-06,-6.57430427193837e-07,-8.64323365815265e-05,9.9369660805523e-06,-3.49950695432801e-05,5.12720045242854e-06,8.75476732580139e-08,4.3516776350374e-06,5.7649097230098e-06,-6.77151234177421e-05,-1.59619350145671e-05,4.98269857288096e-05,4.77468928277618e-07,8.17706564679377e-06,1.83104457812163e-07,7.22828877171952e-07,-4.9562226071111e-06,-3.93347766471678e-06,-0.000643285969128233,3.16559383679787e-05,0.000100216868520116,-2.47221289200056e-06,-7.93871361283831e-08,-3.04971037184497e-07,-5.49099711811731e-07,-1.11909942982254e-05,3.07824243428252e-06,1.40913245427435e-05,-0.000775365159489657,-2.60141150002005e-07,5.03633546292164e-07,2.01664620291792e-06,2.60159084924677e-08,3.4847510788718e-07,-4.9486415103996e-07,-9.13374220873828e-07,-0.0001891319189405,5.3847710363204e-07,2.30480738147199e-07,2.29941103381433e-07,3.82855933779495e-05,-6.25858298163617e-09,-8.13911242072419e-06,-1.7803548126459e-06,-8.0220243127357e-05,1.28493132725382e-06,0.00148034588982385,-6.6169505311965e-06,-3.04273309575194e-07,-3.01672880743377e-05,6.81269800024474e-05,-0.000174872775183197,-2.79381874541129e-06,-1.4827663609831e-05,-2.02737382705557e-06,2.30610091953171e-05,2.53362523038538e-07,-4.62576150189348e-07,-2.30617168385375e-06,-1.25955660862583e-05,0.000133428350723915,3.88959057524597e-06,1.27582656370258e-05,-3.32054688428927e-06,-1.7060621548835e-06,-1.80217519033106e-05,-1.28533046695724e-06,-2.06869708526246e-06,-1.7105565787613e-06,4.83338987168179e-05,7.79014304889732e-06,6.22454877867736e-07,1.05100159346397e-06,-6.25115935769138e-08,-8.87419342900353e-06,-7.65079330874574e-06,-3.73384427928913e-16,-4.44662405614766e-06,0.0169006713458606,2.35102827223829e-07,-7.25466744245515e-06,-1.44989608628268e-06,1.35826760107343e-05,-4.32552184849807e-07,0.000552088061751135,-2.0030374421312e-08,2.05079355611613e-09,-3.43726163727227e-06,5.28597300817815e-06,-1.68859566161123e-07,2.3261084912188e-05,-1.11535673096046e-06,1.79392030643883e-05,-1.63229079001501e-05,1.45683247809555e-06,-1.48612864941666e-06,0.000166757194459313,6.98428844718158e-07,-1.3627627794461e-07,3.01533613291061e-06,-5.86474387402576e-07,6.46265273810548e-05,-3.23946337417565e-05,3.26576555688961e-07,-1.11281842999208e-07,1.34720354359311e-07,9.53562398232686e-06,-2.17895919469585e-05,1.44073403677608e-07,5.77407867066049e-08,-1.26325513579627e-07,1.09611784229081e-05,-0.000521417859458711,3.00932488533768e-06,-4.22051744590941e-05,0.000253598406401334,-2.37420957496897e-06,5.77946783478157e-06,-2.13784414417258e-06,1.17319664623557e-06,-2.72738585514118e-15,-2.99875680573644e-06,-1.03261111197585e-07,-9.76972136801414e-10,-8.83664990690034e-06,1.6332161741717e-07,-1.03268838871001e-07,-1.86810699029908e-05,2.48375304967027e-06,-2.62241177710369e-06,6.89277270005127e-06,2.68479587680326e-07,-2.9965604775712e-07,4.06709345620062e-06,-5.10675950593005e-06,0.000130778318894936,-8.34666502579679e-06,0.364978757071516,-7.77262976849688e-06,-3.21552267826687e-05,-6.13820145350935e-06,1.86979309924979e-05,-3.98188872922838e-07,1.31555563919438e-06,-1.48647250500936e-06,5.11545392150778e-06,-2.07175197796466e-07,-1.80908805597727e-07,-1.29528771230826e-06,2.08650596974056e-06,1.44849650537525e-07,-9.96550816811122e-07,5.52044901647008e-07,-1.26388612141611e-08,-1.02582379028592e-07,1.43312364652771e-07,3.18474115985371e-16,2.46102360384484e-10,1.23629757266357e-06,-5.18694242045857e-06,1.00912087999283e-07,9.10187489631601e-08,2.77947133487217e-08,6.93737448333398e-08,-1.0968027515592e-06,4.65952740648254e-07,2.22948426577179e-16,-4.48727487304015e-07,-5.59822128806243e-09,-1.63983947728828e-08,5.48406844693903e-07,1.37009171135613e-07,-9.70663967781495e-09,-3.95033065147145e-07,1.09510555967118e-07,-3.91557446889032e-06,7.89242563505284e-07,-1.66399911973723e-07,-3.07026985173682e-07,-1.64339667036992e-08,-6.19857729116417e-07,-3.16950040226587e-07,1.34820786870063e-06,-3.52917121540688e-07,-4.70566877952134e-16,-5.8919845478784e-05,0.000272866201529318,5.09231175076841e-09,1.22716826681668e-06,-7.65064756582132e-07,-1.72273752650077e-06,6.20044111875736e-06,-2.26148381468026e-05,-1.59542828458059e-07,-1.23844688197782e-15,-2.99299707741423e-07,-8.34193403345218e-07,-3.9056706297351e-07,6.11095782571102e-16,7.58276736875854e-07,9.95590642834344e-06,-1.52363995571415e-06,-6.28727237522103e-07,-2.12198998666931e-07,-1.14575996932619e-07,-4.12660379386249e-06,1.17611563125896e-07,1.25319743963332e-06,3.7223804552732e-07,2.71524690680454e-07,2.05226431158876e-05,-4.22080011624653e-17,-4.28180716941143e-05,5.40702976627349e-07,3.58961341673165e-06,-3.76306991384263e-07,9.12079771659332e-16,-4.00844180853559e-07,2.19086314174316e-05,-2.16293990960613e-07,-1.98562057335801e-07,-5.23146227695039e-07,3.16279102397178e-05,-9.31757682915205e-06,2.42774895597123e-06,-4.35717329200045e-15,0.000101232452220095,-0.44006812882448,-0.000175557359760308,-2.39523626468604e-05,2.32591764877427e-06,1.34019225902595e-08,-9.1244810879832e-14,7.31201652271848e-15,6.97697254871265e-09,0.000161392990247518,-2.04725953035086e-05,6.19220154841316e-07,2.3451731097819e-15,1.90904906945619e-07,1.91798730560643e-09,8.4604331624384e-16,-3.43482981054318e-16,5.86064613701523e-16,-2.61603969334834e-07,-7.3273032789578e-07,8.90828440259873e-07,-4.56130018661513e-07,-2.23649518206487e-07,-3.96244435084699e-07,1.17688007287463e-06,1.75536728550981e-16,1.90302733753819e-07,-6.21338104484697e-07,6.58911021796088e-16,1.13902593566452e-17,1.91089185880611e-07,1.31015845829741e-11,3.12235344263802e-06,-5.79998415288639e-08,-4.20838415944579e-07,2.86900724557906e-09,-2.83266125837824e-15,9.01458570496482e-09,7.63336767607168e-18,2.47675567912602e-08,3.7760834044554e-15,1.38886143168691e-06,2.30663746852972e-16,-2.21652082331918e-08,-3.72370451972943e-08,-3.13666308316454e-10,-5.18695717707743e-10,3.29092116686751e-09,-1.04881065151832e-07,3.08200940572855e-08,2.92204598897498e-09,1.4271254693159e-08,1.49397069423731e-09,1.04781790227413e-06,-9.71193973399169e-08,-2.73531008069099e-08,-2.42725342071628e-09,-2.23048700751035e-06,3.12816418803533e-16,6.29999031624086e-07,-1.1883602651116e-07,1.42790672081121e-08,5.68032836352851e-16,1.97878115891405e-09,5.70673498787164e-08,2.09173967129678e-07,-2.22647916459724e-16,-3.56444362686996e-07,-2.85274330140228e-08,-1.17604990588196e-16,-3.84897739266218e-08,4.97785785354714e-06,-3.30272043536117e-16,-3.28507871367097e-15,-2.52029637309777e-08,-1.95562316570217e-08,-1.13062114866474e-10,-1.5946285781035e-07,4.38349237477501e-08,8.97042159368431e-08,1.250612985356e-08,1.59311210322008e-07,-2.78476632619745e-07,2.05391259555654e-15,4.0246827015054e-09,4.00324126572382e-10,1.11184140295464e-09,1.04835734513644e-07,-1.99857064233268e-16,1.89206140966485e-16,3.48317657077057e-08,-2.39896436889274e-16,-1.7505892093208e-16,2.31911134129586e-07,-2.61272259930711e-07,-3.38244743852052e-07,-2.87192561624937e-09,8.73510770722092e-06,1.9180140626398e-07,8.64395857526101e-09,-2.48454084459806e-16,2.17726971409504e-08,1.02441084446422e-09,4.71181066259744e-09,-3.33831391017276e-07,1.34182166733801e-06,4.85595186300852e-16,-2.01901135826146e-16,1.25087493726592e-15,-1.73000451665371e-08,-5.82602391069139e-08,-4.88691782369464e-08,-3.0380583126647e-16,-4.51192989539384e-08,2.17360170847587e-15,-1.24907206028e-17,1.10392325980139e-06,-2.42494748989503e-08,-5.28280068240099e-15,-6.01758270475889e-08,-2.16778635986299e-07,3.8993577374431e-15,9.42991729247839e-08,6.14358913734476e-17,2.54665827286169e-08,-1.92708940153439e-16,2.54334605471372e-08,2.20327221153527e-07,5.54305121503588e-08,7.52063686859461e-09,5.17746038799117e-08,-6.66587457786711e-06,7.30945078613946e-08,2.38366645687172e-16,4.38253227143438e-06,-1.90923475360493e-07,3.23456064038812e-15,-9.31659462983919e-07,-7.43491923341145e-08,9.03483812153879e-07,-2.73417452576728e-16,5.62737506438998e-08,5.17342117039865e-07,-7.5524856349126e-17,-1.86831560788151e-07,-4.13854727207288e-08,-1.50307411579297e-08,-1.12513333490664e-16,2.87344881938606e-16,3.91937884458072e-08,1.20599033604489e-08,9.76678130459664e-10,-1.43907959403569e-07,7.3240020482173e-09,-6.942633760167e-16,6.26560884160938e-17,2.67962103967168e-08,1.8475484922816e-10,1.33682681672414e-17,6.50102132908212e-08,-2.08748322642635e-16,2.33947510165852e-07,-1.25413472722412e-08,-7.33016096573743e-09,-4.86579551153005e-08,-8.25984699876234e-16,5.26695850907774e-17,-4.8181135692939e-16,2.96698852140341e-17,-2.74000155508965e-08,-7.12175148432387e-07,-3.86514180386601e-17,-7.91445722092709e-16,-3.85276798004537e-16,1.34313094731772e-07,9.04859275853522e-09,-6.67949645944387e-08,-4.05086909138841e-16,-1.72194899123952e-15,1.80534933862665e-15,-4.18685488944598e-07,8.88838601566259e-08,-2.27699702706551e-16,1.17124431784024e-07,-4.10140537148189e-07,3.40289523490682e-17,-5.37073665403571e-16,-4.10898536159935e-08,-4.21133021951343e-10,-2.04136468497296e-08,-4.90966515368704e-16,2.30644987913979e-08,3.36646571402713e-08,3.62336285305661e-08,-3.31669580959701e-08,-1.18270143575344e-07,7.55210448980808e-08,3.16777047724783e-16,4.34439229488575e-16,-3.38628262398586e-16,7.10164623706426e-06,-1.75313939873972e-07,-9.58064761733916e-09,-7.59361717971172e-09,-1.36194374289765e-15,-1.31978999842539e-16,1.31820028751821e-15,-3.89053994489466e-16,5.73779431980303e-16,2.52692228951654e-07,-6.69311786678688e-16,-1.12827624441087e-15,-5.92760483065306e-09,1.16474719158923e-16,-5.30702000545107e-09,5.19355895587613e-17,-6.58118724818669e-09,-4.4552531161526e-16,-8.01078970656369e-09,-1.00391107849943e-09,-4.74354110476125e-06,2.30397725058961e-16,3.23256322379308e-08,2.18630189780913e-16,4.61026402243448e-08,-5.64587086972835e-07,4.5161751479398e-10,-1.92867560071923e-15,6.60640121491375e-08,2.04040087011552e-16,-1.63105974322032e-08,-9.20850029150229e-08,5.48612149785707e-16,-6.62058550433397e-16,-1.15516272807958e-17,-2.34134814211982e-16,-3.10501903160862e-10,-4.04915395419085e-09,-9.05914217965518e-10,-3.30960197527566e-16,-7.61908257150941e-18,-7.58042515629983e-08,0.000213354047204861,1.58364148905611e-15,-2.1438626422282e-16,-4.12137724110765e-09,2.86068012327387e-16,-2.92667998526854e-08,6.42517186505525e-16,2.77614404425924e-07,1.24952720937918e-15,1.47942004349055e-15,-5.95173869901267e-16,-5.48926451886135e-16,4.85424970941591e-16,2.21155559021864e-15,1.35570987298126e-06,-9.48207335916667e-06,2.08251676882223e-16,-2.49975891052825e-08,9.51880892143778e-08,-8.97235497799256e-17,8.19456864267132e-16,7.18166474873953e-17,-3.82309232644019e-16,9.4238770046278e-09,1.50853056404867e-09,2.26662439761168e-16,-8.0518118729056e-16,-1.71483626997582e-08,-6.11799387986403e-08,-6.4057701391761e-09,1.15861403380014e-15,2.40679208335128e-16,5.32001213940707e-16,1.74720265136871e-16,-9.85350416470587e-16,-4.03659236368366e-16,3.64195160642937e-08,-3.4468824303489e-08,-6.63207322087841e-09,-2.01687233841758e-17,-8.51611370339677e-16,-7.11080667097212e-16,9.06185421796165e-16,-2.23620759866651e-16,-2.47648071951525e-16,-3.28411753683383e-16,3.70504333114599e-16,-2.33610954013066e-15,-8.13312377839951e-16,-1.14516782948059e-15,-8.30670263116793e-16,3.45597202331053e-16,9.30237502393967e-16,1.89571558015327e-07,2.13457782017328e-15,1.95355775343215e-15,3.60399351636662e-16,3.59898514447998e-07,-6.27461381007841e-10,-4.62020729468353e-15,-3.38580738724416e-07,3.29533264991228e-07,-8.16920546595727e-17,-1.68272815259742e-15,-9.21312647913261e-08,-5.4524800804005e-15,8.14587310512655e-09,1.6654246025304e-15,-6.96718495805401e-16,9.97247665590792e-16,8.22387606265806e-15,1.15764237721977e-09,-1.59004752472256e-07,-2.69653352379208e-17,-4.36574669428836e-16,-1.51428570786383e-16,2.12355450073029e-15,8.0717716068842e-15,-1.59263652059358e-15,1.45658090502322e-15,3.52601295226685e-16,9.97064910322783e-08,1.26989759148327e-15,-2.98195666969637e-15,3.28369635094108e-15,-3.9051931857949e-15,5.92933943097615e-15,-4.5586819922685e-15,-3.82623812818637e-08,2.39805443942923e-16,3.29907977131182e-15,2.85391816786501e-08,5.79544890987615e-16,-9.33180761895422e-16,3.49786744693496e-16,1.25215876345665e-14,1.65107437227465e-07,1.51694976010239e-14,-1.76656422974423e-08,1.12715109661662e-14,1.26236140932562e-15,-1.75396031453872e-12,0.707106781191028,-5.17792515260996e-14,2.0703011787773e-14,6.39402365631402e-10,2.19776764471849e-14,8.42145216250821e-15,9.06510786648206e-07,-7.99267881509676e-08,3.3594513118929e-15,5.60540334235666e-08,8.21264565569761e-09,-8.55285178293583e-16,-6.75753738549989e-16,4.60394547539299e-15,-2.68854176032928e-15,2.23730099239645e-15,-1.38640123474037e-08,-7.94006966363219e-16,1.07724220069108e-15,-3.0789616854291e-15,5.55752875881787e-09,1.71539707056193e-14,1.74678038540243e-15,-5.39491654768232e-15,-1.05611182091412e-15,-2.53628306695769e-09,-1.73672020282537e-15,5.26935402054876e-09,3.60947517818323e-15,-1.89023009581395e-15,5.75210969579776e-16,-6.66096494218489e-16,4.64317097092773e-16,-6.78266344110472e-16,-1.91846341596997e-16,-1.18609114030542e-07,1.71067998854994e-15,2.02366341495773e-15,3.85560781219686e-08,-9.34148954304372e-16,-6.6280470393915e-16,-5.22775244707949e-17,-1.97306759256443e-15,-5.5547648554351e-16,-9.7953741253755e-16,-4.0584230511261e-08,8.00156604975177e-16,-3.24281772213501e-15,8.34618459418864e-08,2.44410194093796e-15,-1.10051643199583e-15,2.87632111937753e-15,9.91133791616784e-16,-1.1460284828804e-15,3.600215019718e-15,-2.49250733408968e-16,7.63180947598181e-16,1.61440765806441e-16,1.24045809648923e-15,1.131294266466e-16,-4.39254834485076e-08,1.88560438323992e-07,3.56593233375747e-15,-9.99489548086593e-16,-4.21727191307456e-16,-3.15196425351161e-17,-4.25339281007193e-15,-3.41052752029454e-16,1.94919720767273e-16,-1.15003445910701e-15,-1.83389912070695e-09,3.05698861228267e-16,-2.25053229508302e-16,1.03220284592747e-16,7.03055496925908e-16,2.35240169631147e-09,8.74633293917561e-16,-9.35328853541732e-08,-1.04814537388746e-15,4.91888923308238e-16,1.32963582331142e-15,-6.11114538392643e-16,4.4191865058259e-16,-2.27418441481307e-15,-5.12607944974773e-16,5.8713030751252e-16,1.14306827761744e-16,2.21149296731587e-17,9.26263442171054e-16,6.14883268953221e-16,-4.04832107268353e-16,-7.13253049571127e-16,3.87816650343336e-16,5.75531482060174e-17,6.21357421755972e-16,4.05111091549683e-16,-4.79043841084535e-16,-7.74778830288501e-16,1.80401791195112e-14,9.93252794694606e-18,-7.05593334974949e-16,1.31277173791664e-16,-1.96070945311791e-16,1.79153065159366e-10,-2.6683301063102e-16,-1.36742244816345e-16,2.93225397879406e-16,-4.24885128737894e-16,-6.51289298456702e-16,1.23356134076005e-16,-5.08216668608371e-16,3.86989581393785e-16,-8.95635459660416e-17,1.03104233112389e-16,-1.23318759726044e-14,-3.2691150679905e-17,-3.66713023418418e-16,3.15826086698449e-16,-2.75662019643364e-16,-5.95197914676455e-17,7.50655635092681e-17,-2.31728934753029e-09,-5.26499060393989e-16,9.0906752387992e-18,-4.55083036534686e-16,-4.54029929707058e-16,-2.44204948824203e-16,-6.07953947031477e-16,1.49968447862299e-16,5.3116375206753e-16,-9.09660154623143e-17,4.9346833251605e-10,6.46035182033367e-16,-2.12875017943275e-16,-4.82394366511118e-17,2.49613818439209e-16,8.41779378487371e-17,-2.77889818924078e-16,-2.66411991324552e-16,3.90175761802743e-16,4.96141656191538e-16,1.23560149917836e-15,2.55922422134305e-16,9.92371446035084e-17,1.00701045276919e-16,2.50202670365434e-09,-3.66173621572457e-16,-2.03917192157651e-16,-1.94042959715699e-16,-5.70198663756214e-15,-7.54817154557179e-09,2.7601304471863e-16,2.49310514519782e-16,-1.25419224730446e-16,2.85233894377061e-16,4.47425114183971e-17,3.51745819192872e-16,-1.33358775106814e-16,-6.17198093320538e-16,-2.30404901935076e-16,-5.7448239651406e-18,-2.71449213782106e-17,7.01223414743102e-16,-6.81694816679468e-17,9.61603151065263e-17,1.44538865770677e-16,7.89708354441129e-17,-7.66819336032695e-16
"t249",-0.0400357937117264,0.0323143988527401,-0.0526567325547093,0.0228715552923086,0.00598826740947796,-0.00268304794932997,0.0173676908756568,-0.0354667330962399,1.40727381184036e-05,-1.43730621231519e-05,7.20830475383905e-05,-0.0113380252386483,0.0211917528902828,-0.00326566611530979,0.000953547646123858,0.172812554766667,-0.0043339720707098,0.00957301310411045,-0.00070643814747942,0.000368936598792302,-0.0507567688534991,0.118458873134456,-0.000122491348752301,0.000886951727659433,-0.000146733600462145,0.000144953213000918,-0.000206007741133545,0.000215915198869397,-0.00535058479617795,0.00263093379276663,-7.29005842920653e-06,1.19308147125204e-05,-0.0035245349315276,8.36182863587077e-06,-4.42085609233308e-06,-6.30543309830848e-06,-0.000245691324405928,1.70032696326306e-06,1.3657081989146e-05,3.65462705766265e-06,0.000181501755939634,-2.26872676022997e-05,0.000189343968575891,-2.2152213466031e-05,0.00476960925829223,-9.13378032341497e-06,1.18163423340509e-05,-0.000232503408745961,1.7686441466509e-05,-3.31973296601551e-05,0.000215738559404072,-1.99659611850431e-05,2.81380849366068e-08,-0.00319333289369192,2.35801183872918e-06,-2.4334613448195e-05,1.91422281102059e-07,2.27716302567642e-05,-9.78741432086324e-06,0.322469098491194,-0.000109237020283073,9.97083239130098e-06,-0.000285829177671607,0.000148090018573355,-9.07616814696693e-06,0.00019355866292427,-1.04045121040367e-06,3.51086928497561e-05,-9.42521163443726e-05,3.59470232542909e-05,-2.56786188376605e-05,0.00190098226118054,-3.91310555573482e-06,-0.000303528289110245,0.000143688435863009,5.3125194598831e-07,-0.0134171631546916,-6.87466715018237e-06,-7.76474993839079e-06,-1.25048998393131e-05,4.60543164364764e-06,7.10858156885002e-05,-1.02532786421578e-05,-6.69000818219005e-05,5.13749304570454e-06,0.00104222111850973,-0.000553508515726493,-1.08807297780605e-05,-4.58336596462238e-06,0.00683084579798329,6.40120859916285e-06,2.45477156981416e-05,3.12610240807779e-06,-0.000237291202281934,-1.8307627891012e-07,-0.000468831238328146,1.09033981964975e-05,0.000264733527795892,-4.48391824935808e-05,-1.2641142836113e-05,-2.76903794572864e-06,1.34076656196361e-06,-3.78594815333171e-06,1.32110614903804e-06,-5.73214323279889e-07,6.42931793041019e-06,-3.03902049610146e-05,8.05459693591799e-06,-4.69292813886995e-06,0.000887628421289033,4.86445553258874e-06,1.16724308159573e-05,-2.57143225705378e-05,2.24660994189504e-05,-8.69663860439423e-08,3.30422511393735e-06,-4.85184229416773e-06,5.07576124602546e-06,-5.08384253542043e-06,1.24308885123268e-05,-6.01878215652527e-05,1.10282199804622e-05,-1.07615373113094e-05,-2.98621205401992e-05,0.000388920252713178,-0.000126981129712435,0.000485943145835368,-2.69259279598925e-06,5.04105733638394e-06,0.000166118939166914,-2.74323688404329e-06,1.50317705720163e-05,-1.79210129900346e-05,-3.58171870478852e-06,1.0159593182993e-05,5.84649614780654e-06,-3.28484091843379e-08,-2.13802473222746e-05,6.44633699125457e-06,-1.85301953662854e-05,-1.17998329480081e-06,-4.56197848529311e-05,8.91256476558225e-06,6.88280472061862e-07,7.47975710549199e-05,-1.12047957940559e-07,-5.24463401843567e-06,8.85253541499836e-07,6.32658788621239e-08,-7.65530010838115e-07,-0.00900670465990738,1.71253852328707e-07,-1.12904014474271e-05,1.46683510814675e-06,-8.61005788964921e-07,-7.58694726539884e-08,1.14460944690481e-06,-6.54371424862873e-05,-2.99565898012042e-07,-9.88773433782692e-08,-4.69717888692668e-05,9.09682118651305e-07,-4.87820457350366e-07,-6.40865512308567e-05,7.32414809889745e-06,-2.56433121886465e-05,3.6922419274414e-06,6.30060062769154e-08,3.13129516217301e-06,4.13809970026485e-06,-4.84670485025939e-05,-1.14199971353962e-05,3.54444037255291e-05,3.39029139826775e-07,5.78319880926865e-06,1.29373096647507e-07,5.10460420946638e-07,-3.46731671232244e-06,-2.72459026259647e-06,-0.000444809754279006,2.1852608953333e-05,6.88394194071636e-05,-1.69490869470468e-06,-5.43235684832878e-08,-2.08313606083254e-07,-3.72795356025522e-07,-7.58625291086001e-06,2.05898380994641e-06,9.42120591981492e-06,-0.000516027790951555,-1.70918683197472e-07,3.27284676288171e-07,1.30546484353455e-06,1.67437038392612e-08,2.23295346042508e-07,-3.12904328985067e-07,-5.7583437575058e-07,-0.000118490407223115,3.36282538082445e-07,1.4034358459175e-07,1.39843655130422e-07,2.30257004450261e-05,-3.72196212335881e-09,-4.70615010929516e-06,-1.02928910024804e-06,-4.62542594751035e-05,7.34768691445269e-07,0.000841588955114431,-3.70270465996032e-06,-1.66839918761543e-07,-1.62632399501493e-05,3.65313235155653e-05,-9.14674229990542e-05,-1.44049562704892e-06,-7.64222439647088e-06,-1.03300525088449e-06,1.14000996833859e-05,1.24497670996169e-07,-2.19864334789759e-07,-1.06985861588649e-06,-5.79291505245811e-06,5.91295292117494e-05,1.70789297377636e-06,5.54485826296567e-06,-1.39700591261669e-06,-7.12910322649965e-07,-7.51811417606489e-06,-5.16048002618882e-07,-8.10439605668872e-07,-6.51293852677484e-07,1.81582571652361e-05,2.88539869670863e-06,2.27438356789554e-07,3.82527888897008e-07,-2.19191166277172e-08,-3.03659472703477e-06,-2.54678341331988e-06,-1.04749497693602e-16,-1.41968764408935e-06,0.00534933621698254,6.98512843877792e-08,-2.04383260206593e-06,-3.89671212509623e-07,3.63976393197451e-06,-1.05163726798422e-07,0.000131865792472871,-4.7446012366553e-09,4.66192249104058e-10,-7.58899518927212e-07,1.10303691295225e-06,-3.43167942027592e-08,4.67470317568641e-06,-2.10197850155847e-07,2.3913011691286e-06,-1.83803629328141e-06,1.38192270828635e-07,-8.11353877170353e-08,8.61085246140072e-06,1.5300494877275e-08,-6.37375313236116e-10,-6.2276608297085e-08,1.69887559020184e-08,-2.44186683566891e-06,1.62601864978447e-06,-2.25243884406522e-08,7.9171009291061e-09,-1.63367065798362e-08,-1.16766838702989e-06,2.69735718434269e-06,-1.9888463366396e-08,-8.28114459987711e-09,2.03109126996008e-08,-1.79824585974559e-06,0.000145128165165015,-8.78692507343621e-07,1.27874148702704e-05,-8.33811718638702e-05,8.31068667418803e-07,-2.31232763715384e-06,8.87677821246682e-07,-5.014027684068e-07,1.96030395521765e-15,1.41103381735498e-06,4.9191947339463e-08,4.84278054588602e-10,4.79939594519002e-06,-9.56956661849049e-08,6.26808888010377e-08,1.15365245277394e-05,-1.90157918746755e-06,2.03490731730436e-06,-5.36798430709886e-06,-2.22183512884943e-07,2.93670603054162e-07,-4.10277109611861e-06,5.25593097538267e-06,-0.000143780215154183,1.18040664782097e-05,-0.574547328293962,1.23129870747443e-05,5.10343516098821e-05,1.28385693682373e-05,-5.57306692446786e-05,1.24706570956089e-06,-4.44021991687993e-06,5.51786723393771e-06,-1.95728057417592e-05,1.04686554179268e-06,9.35564159933854e-07,6.99620979384073e-06,-1.16190497873937e-05,-8.96187869300224e-07,7.00041836516154e-06,-4.41502392831753e-06,1.07451240272557e-07,9.74702174291276e-07,-1.79935657936791e-06,2.30931733494625e-16,4.30483809272879e-09,1.78244702069159e-05,-5.94818242780419e-05,1.150346986596e-06,1.03110583955625e-06,3.00255108512957e-07,6.89573940188744e-07,-9.96716524877104e-06,3.61653218535818e-06,-4.56733599952745e-16,-2.63453612062607e-06,-3.19280692657165e-08,-8.81700537384333e-08,2.92877636695681e-06,6.43075005285667e-07,-4.27555775864899e-08,-1.60257042955111e-06,4.21622223183516e-07,-1.35955138529029e-05,2.51588550509728e-06,-5.04198484984033e-07,-9.05113090904216e-07,-4.76455650667836e-08,-1.74571613525667e-06,-8.89825326872286e-07,3.70998425187448e-06,-9.56404737582281e-07,-1.32555717854797e-15,-0.000143279731662846,0.000649518909018647,1.21189915638624e-08,2.75288772054456e-06,-1.70130915828484e-06,-3.45247370310873e-06,1.20722110564555e-05,-4.3781643119793e-05,-3.0232004375762e-07,1.34573347905959e-15,-5.53497058794173e-07,-1.52877657128249e-06,-6.91991975727994e-07,4.79307699817816e-16,1.29525205915123e-06,1.68599689123483e-05,-2.56869645218449e-06,-1.05019405357182e-06,-3.48973315791052e-07,-1.86231729122122e-07,-6.64602739831927e-06,1.843068062325e-07,1.95747323301048e-06,5.70507415814643e-07,4.02361152920013e-07,3.03589909573295e-05,-1.79519607396285e-16,-5.91962051965503e-05,7.38586962580985e-07,4.77353442948398e-06,-4.80001635953306e-07,5.51587631337463e-16,-4.65131519992686e-07,2.26182184412936e-05,-2.10845415040354e-07,-1.88217139338494e-07,-4.78965174223429e-07,2.70468133781918e-05,-7.04163983012313e-06,1.20811483715323e-06,-4.53164277265223e-15,2.49573397489571e-05,-0.0982439262746289,-3.05064914322031e-05,-2.46883156228273e-06,2.26873637598049e-07,1.03255913013759e-09,-2.61732472526825e-14,1.3784892146501e-15,-3.16581179284208e-10,-2.56064365843681e-05,3.54696889567416e-06,-1.7453482190917e-07,1.50592562958679e-15,-1.03936641571295e-07,-1.29283194631262e-09,1.17030332515493e-16,3.08146727922168e-16,-3.5492332800105e-16,3.00345868129857e-07,8.92195810955689e-07,-1.31624936360724e-06,7.87272280666685e-07,3.92956260164631e-07,8.16670280899209e-07,-2.47004060916467e-06,-2.16160689023668e-17,-5.47791896400373e-07,2.00037106591285e-06,-7.11472328046563e-17,1.29279183401545e-15,-9.77200560180103e-07,-7.57127901274633e-11,-2.14751869394869e-05,4.52324441325406e-07,4.29287872893863e-06,-3.06991144631708e-08,-1.73217959732024e-14,-1.03231237419224e-07,6.10008574830972e-16,-3.51654030173716e-07,1.37515787177573e-15,-2.36760071630967e-05,4.03724870608934e-16,4.98728681087103e-07,8.93719750292233e-07,4.11501784657561e-08,5.4049725943609e-07,1.86147003828559e-06,-7.90246491654855e-06,1.35139888998603e-06,6.72027734647481e-08,3.26902701822742e-07,3.01015398085143e-08,1.74179000892693e-05,-1.32189069511525e-06,-3.25487590397045e-07,-2.63877181818405e-08,-2.32871399473289e-05,1.07365554617384e-16,5.8822256651573e-06,-1.01210273142352e-06,9.92163570955904e-08,-3.39756076600157e-16,1.31098810248448e-08,3.5435839723347e-07,1.26625594726105e-06,5.807379951806e-17,-2.13072083829999e-06,-1.62666579874317e-07,-2.43947630786069e-16,-2.1475964040692e-07,2.4797918552632e-05,7.4519124155746e-16,-3.95780416360097e-17,-1.20891694872491e-07,-9.35018489533393e-08,-5.32577285710173e-10,-7.3856808237837e-07,1.95857751186856e-07,3.99616395404601e-07,5.54808942594347e-08,6.7706349964607e-07,-1.14622655598147e-06,-5.92026427881365e-14,1.63768290765577e-08,1.62580457795766e-09,4.48512230751525e-09,4.19552660014636e-07,-1.08495821674802e-15,-8.68487248594586e-17,1.37920819762388e-07,-6.74750923503937e-16,-1.95291098267046e-16,8.63921609576402e-07,-9.63969380884501e-07,-1.24771182199822e-06,-1.03817918762511e-08,3.14929517822421e-05,6.91116227230216e-07,3.1033692166076e-08,-1.22749118375381e-16,7.53587073123507e-08,3.51961624828922e-09,1.61497589642825e-08,-1.1308618828893e-06,4.4531892735475e-06,2.66006414221718e-15,3.91078477956333e-18,6.17254285781568e-15,-5.58479192002729e-08,-1.85953113701878e-07,-1.55846631524246e-07,-5.61918053144785e-16,-1.42370111936586e-07,1.22483461928412e-16,1.75390034848387e-15,3.3358116101553e-06,-7.3239096376952e-08,4.34724518520039e-15,-1.79962973322934e-07,-6.44671055750554e-07,8.05301969129848e-15,2.77302510281904e-07,-3.81862668438863e-15,7.39158124742103e-08,-4.77682885219345e-17,7.37346791701623e-08,6.38186917168681e-07,1.60395789549443e-07,2.17317065412681e-08,1.4914316460201e-07,-1.89829020955851e-05,2.04969159104824e-07,2.00153226631544e-17,1.20660658382064e-05,-5.24654525432838e-07,-2.49466868620288e-15,-2.55374577428355e-06,-2.02872915931029e-07,2.4553374347829e-06,1.55072592562963e-15,1.50886300717666e-07,1.38353280795873e-06,-1.92501081567333e-15,-4.9793117638255e-07,-1.10112374360401e-07,-3.97451691893417e-08,-8.33155717866569e-16,-5.42569002015423e-16,1.02176154099445e-07,3.12549443718347e-08,2.52817514302027e-09,-3.63494778076387e-07,1.842885084007e-08,1.5803530973373e-15,1.86093623947203e-15,6.72490522499463e-08,4.63489470737385e-10,1.17596177059293e-15,1.62387972479512e-07,2.4097733984615e-15,5.81942612970886e-07,-3.10211362192049e-08,-1.81240222815432e-08,-1.20121063758513e-07,-1.0896484738556e-14,-8.49718145428108e-16,-1.86572435369061e-15,1.50436580149288e-14,-6.67220584288877e-08,-1.7323187313209e-06,-4.36618377598764e-15,3.6216924768918e-15,-2.59774432666706e-15,3.25419978358613e-07,2.18862341595102e-08,-1.60823159206937e-07,2.01006299589061e-15,2.55437794907169e-13,0.707106781186553,-9.92977409909711e-07,2.10694901450072e-07,-2.33484827783789e-15,2.76058125180087e-07,-9.644890852337e-07,3.13701463666331e-15,3.8445661373459e-16,-9.6115442575996e-08,-9.84680461234389e-10,-4.75836611026179e-08,3.10627913053829e-16,5.34897035951204e-08,7.78565441399303e-08,8.3477329411496e-08,-7.60182993180152e-08,-2.70701650479942e-07,1.72413999168035e-07,3.57518552751754e-15,1.3617933288034e-15,2.30407434736844e-15,1.59839832631304e-05,-3.94502395229789e-07,-2.15208292421444e-08,-1.69077834414409e-08,1.17331938798182e-14,-9.35270300904836e-16,4.23652576232861e-16,3.31159854832739e-16,6.71489288317817e-15,5.5760159694212e-07,8.29434992490025e-16,-3.12361296066064e-16,-1.30349215563423e-08,-5.61045268128659e-16,-1.16680941142269e-08,-2.17360843999153e-16,-1.44650306041565e-08,-2.23251527335957e-15,-1.75032788103603e-08,-2.19045095833294e-09,-1.03280765973011e-05,9.07343803046937e-16,7.01999564287018e-08,4.00285988813437e-16,9.95574853592944e-08,-1.21047375437493e-06,9.67964303898963e-10,3.31869821469153e-16,1.41191971810113e-07,-1.23000432376478e-16,-3.47028629869348e-08,-1.95879638332665e-07,1.44858421284817e-16,9.09890670068022e-16,7.31986569191669e-16,7.78677808549914e-16,-6.58077338040481e-10,-8.57350431003682e-09,-1.91601052999779e-09,9.22369120981723e-16,-1.59821033475834e-15,-1.59482660105339e-07,0.000448765855868567,-3.21548118614104e-16,-8.61308828004687e-16,-8.61305470046593e-09,-8.0629389483319e-16,-6.10798999149438e-08,-4.05387855542895e-16,5.77118634624106e-07,-2.53659736859164e-16,2.73372014574963e-16,-3.85632997674533e-16,6.65376509801347e-16,-1.24958773110769e-15,6.47914839267663e-15,2.79640355491955e-06,-1.95565648882433e-05,5.98840623324903e-16,-5.14189895482134e-08,1.95579880614756e-07,2.26705675791283e-16,4.1625678880396e-16,1.04328369591966e-15,5.49907324610033e-16,1.92710310838382e-08,3.08142492215977e-09,6.34124299474187e-16,-1.58288792240148e-16,-3.49856502869331e-08,-1.24797940179611e-07,-1.30598240680098e-08,-8.40146519950965e-17,4.03605993726426e-16,-1.64266946392114e-16,2.58117665968827e-16,-5.12785010753161e-17,1.11749981852679e-15,7.36172483790936e-08,-6.96191520466954e-08,-1.33847900040145e-08,-2.91796087080417e-16,-2.11210738809684e-16,4.56064981402704e-16,2.78033757603981e-16,1.08527967099152e-15,-2.63695336399309e-16,-6.06799655181312e-16,8.03237339465257e-16,-5.10118066598642e-17,-1.51114054746486e-16,-9.58178535434992e-16,-1.69039185708459e-16,-1.7294491405528e-16,-8.89621438260216e-17,3.77680121169996e-07,-4.04837895702191e-17,1.3303031543683e-15,7.9867586324046e-16,7.15817976832418e-07,-1.24750498092881e-09,7.87190832112685e-16,-6.7299742860611e-07,6.53675438746549e-07,-1.59636281401792e-17,-5.80470630662237e-16,-1.8229354707584e-07,-4.3631377690251e-16,1.60682254235572e-08,-6.63070993633031e-16,-3.04671708964122e-16,-5.78130636168831e-16,-3.89056844193628e-16,2.27262447987283e-09,-3.12049699800713e-07,4.39185966862833e-16,-4.2419374260294e-17,-9.49806326047572e-16,-7.27884897781965e-16,5.47825522717279e-15,6.39334848085439e-16,-3.71380644301574e-16,1.83867234218017e-16,1.92527681023575e-07,-1.87669214359237e-16,-1.20760134813839e-16,3.29582572286136e-17,6.16136419860454e-16,9.40416157560649e-18,2.59631939933491e-16,-7.36320126816658e-08,1.7834969419377e-16,-5.23727798859228e-16,5.4886574555907e-08,3.79284643090742e-16,-1.20148951718105e-16,-7.56663659396183e-18,-4.86004966045859e-16,3.15250401188558e-07,-1.84362262592335e-16,-3.36870162693138e-08,-1.52390939466569e-17,3.01307984415018e-16,-6.83275683814331e-16,-1.08172918074216e-12,-7.19862362470376e-17,-1.10908539762412e-15,1.21616221470036e-09,-4.83891165097696e-17,1.49670189055684e-16,1.72076642482833e-06,-1.51704343692357e-07,1.3883835687972e-16,1.06212796718059e-07,1.55533254158721e-08,-3.37903667968375e-16,9.63382522491199e-16,-1.5275016290677e-16,-5.15694994367024e-16,-3.65078369895901e-16,-2.60534313919349e-08,4.09175356038517e-16,2.26256435334167e-16,3.2520835649726e-16,1.04232430127609e-08,2.40489169796766e-17,-4.32812341846112e-16,3.32679871585757e-16,-2.09685147501311e-17,-4.74455641666585e-09,-4.68160545030848e-16,9.84939336366024e-09,2.16073267118478e-16,2.82263285069145e-16,-4.5456632999037e-16,6.53716064228734e-17,5.97430522585159e-17,2.77298016747946e-16,-3.70936499839804e-16,-2.20777966164347e-07,3.64359601869048e-16,-3.50829460765818e-16,7.16941297176704e-08,-5.51827252215361e-16,-1.84564721880842e-16,-2.94533566511726e-16,-9.92011871004527e-17,-1.14576700399291e-16,2.34511671667734e-16,-7.52232882104398e-08,4.40193491314433e-17,5.82163836600072e-16,1.54476258798912e-07,4.76036581018315e-16,2.64040381916437e-16,-2.38719031317461e-16,3.07308538816933e-16,1.92193815564065e-16,5.34829734696794e-16,3.35152728433496e-16,-4.6115890911606e-17,2.43305726027112e-16,-1.05515875048454e-16,2.90377353204586e-16,-8.08757230979684e-08,3.46961650846594e-07,5.07550626494114e-16,-1.09270199710658e-16,-2.40981546335625e-16,7.8366255239059e-17,3.94996243496389e-16,1.88777221886081e-16,1.25378020291371e-17,2.33947766512145e-17,-3.36357906114224e-09,-1.22828395095147e-16,-1.16595191797108e-16,-3.80689195320822e-17,4.10364645048315e-16,4.30280859835064e-09,-1.13256708745227e-16,-1.70561405764147e-07,-1.8224208738349e-16,5.0744773152063e-16,-2.95234133255887e-16,1.61917138715344e-16,3.06518489192804e-16,1.09996374701802e-16,-1.48880281218044e-16,-2.12713281767741e-16,-2.040763633343e-16,-1.17487723789784e-16,5.98973600996915e-18,2.53012114391476e-16,-1.00176950907549e-16,-1.93413296602382e-16,-3.19959120375889e-16,-3.15375526667535e-17,-3.64923760782916e-17,4.38539546660457e-16,-4.55593548179154e-17,8.3979358941065e-17,2.85442454495143e-15,-5.06884050940631e-18,1.15732052882837e-16,2.29792219230924e-17,-3.71564078079279e-17,3.23118869762033e-10,6.70629432136065e-17,-1.08571009764418e-15,2.54401613275394e-16,-1.39765453774899e-16,-9.67559008119783e-17,-1.22900367858713e-16,-1.40282880680223e-16,-9.35144999601853e-17,-1.41171871266177e-17,1.08831904201643e-16,-9.15282906032529e-15,2.39742697377662e-16,3.63865363416313e-17,8.9624250091147e-17,7.71221043798233e-17,-2.15946145749433e-16,9.90230326347704e-18,-4.14932080335507e-09,-1.39395348273052e-17,1.78413224045749e-17,-1.05011746204672e-16,-4.11224790229666e-17,2.96861972160596e-16,-1.51817863154557e-16,9.54223448058e-18,2.63125875608657e-16,-4.9278869201578e-17,8.77185065103696e-10,-1.39719382099133e-15,2.55191935467515e-16,-2.29019616987683e-17,-8.77797900640087e-17,-1.07672996014727e-16,1.22953383150026e-16,-1.13386594809855e-16,1.43321274593852e-16,1.20587739400907e-16,4.43195648988215e-16,-2.86850728349904e-16,1.59066594988537e-17,3.6174858906043e-17,4.41589220942426e-09,1.30578895130821e-16,2.40610210389915e-17,-8.84949628981523e-17,-3.32868933286749e-15,-1.32784047913647e-08,5.10838252098705e-17,4.05346438245264e-16,-2.46566634085775e-16,-8.44827018677066e-17,-8.44942050795345e-17,1.81135017159414e-16,3.94915024018191e-16,8.96071768805896e-17,1.22403482485421e-16,-1.4324074476899e-16,4.63820592597401e-17,8.26749457428448e-17,-7.61026660605706e-17,-3.01297688178781e-16,-4.60146803058419e-17,-3.93544235456826e-17,-3.09768407507419e-16
"t308",-0.0400357937117264,0.0323143988527401,-0.0526567325547093,0.0228715552923086,0.00598826740947797,-0.00268304794933,0.0173676908756568,-0.0354667330962399,1.4072738119042e-05,-1.43730621232074e-05,7.20830475384182e-05,-0.0113380252386489,0.0211917528902825,-0.00326566611530964,0.000953547646123765,0.172812554766667,-0.00433397207070995,0.00957301310411042,-0.000706438147479652,0.000368936598792238,-0.050756768853499,0.118458873134456,-0.000122491348752122,0.000886951727659134,-0.000146733600462094,0.000144953213000995,-0.000206007741133508,0.00021591519886945,-0.00535058479617793,0.00263093379276689,-7.29005842905461e-06,1.19308147120225e-05,-0.00352453493152706,8.36182863539099e-06,-4.42085609259798e-06,-6.30543309798086e-06,-0.000245691324405991,1.70032696348553e-06,1.36570819890779e-05,3.65462705737709e-06,0.000181501755939555,-2.26872676022154e-05,0.00018934396857568,-2.21522134650905e-05,0.00476960925829273,-9.13378032309995e-06,1.18163423340183e-05,-0.000232503408745805,1.76864414664664e-05,-3.31973296604323e-05,0.000215738559404158,-1.99659611851494e-05,2.81380848912005e-08,-0.00319333289369099,2.35801183833688e-06,-2.4334613448146e-05,1.91422281090787e-07,2.27716302565063e-05,-9.78741432028493e-06,0.322469098491193,-0.000109237020283018,9.97083239112936e-06,-0.000285829177671909,0.00014809001857326,-9.07616814700349e-06,0.000193558662924334,-1.04045121071843e-06,3.51086928498715e-05,-9.42521163445684e-05,3.59470232542827e-05,-2.5678618837529e-05,0.00190098226117878,-3.91310555537251e-06,-0.000303528289110156,0.000143688435862964,5.31251945883723e-07,-0.0134171631546913,-6.87466715013441e-06,-7.76474993882606e-06,-1.2504899839354e-05,4.60543164364638e-06,7.10858156884199e-05,-1.02532786416875e-05,-6.69000818218673e-05,5.13749304632418e-06,0.00104222111850977,-0.000553508515726534,-1.08807297778074e-05,-4.5833659648003e-06,0.00683084579798446,6.40120859935161e-06,2.45477156998919e-05,3.12610240810278e-06,-0.000237291202281907,-1.8307627826782e-07,-0.00046883123832711,1.09033981963601e-05,0.000264733527796052,-4.4839182493884e-05,-1.26411428389323e-05,-2.76903794547358e-06,1.34076656198923e-06,-3.78594815334305e-06,1.32110614932092e-06,-5.73214323241008e-07,6.42931793060164e-06,-3.03902049609362e-05,8.0545969365504e-06,-4.69292813951463e-06,0.000887628421288505,4.86445553240731e-06,1.16724308157399e-05,-2.57143225704532e-05,2.24660994187472e-05,-8.69663864261544e-08,3.30422511418684e-06,-4.85184229429642e-06,5.07576124591496e-06,-5.08384253550655e-06,1.24308885124559e-05,-6.01878215653279e-05,1.10282199804395e-05,-1.07615373111511e-05,-2.98621205401606e-05,0.00038892025271315,-0.000126981129712253,0.000485943145832631,-2.69259279620341e-06,5.04105733619719e-06,0.000166118939166918,-2.74323688403179e-06,1.50317705720474e-05,-1.79210129899789e-05,-3.58171870543366e-06,1.01595931834414e-05,5.84649614800199e-06,-3.28484091871557e-08,-2.13802473225485e-05,6.44633699073732e-06,-1.85301953663857e-05,-1.17998329468407e-06,-4.5619784853144e-05,8.91256476556644e-06,6.88280471909682e-07,7.4797571055516e-05,-1.12047956556589e-07,-5.24463401836704e-06,8.85253541388347e-07,6.32658789159896e-08,-7.65530010794347e-07,-0.00900670465990894,1.71253852273822e-07,-1.12904014474224e-05,1.46683510892344e-06,-8.61005788986875e-07,-7.58694731979514e-08,1.14460944717781e-06,-6.54371424861336e-05,-2.99565898523503e-07,-9.88773437412551e-08,-4.69717888692055e-05,9.09682118657226e-07,-4.87820457661054e-07,-6.40865512309938e-05,7.32414809901992e-06,-2.56433121886545e-05,3.69224192745032e-06,6.30060062805266e-08,3.13129516214093e-06,4.1380997001624e-06,-4.84670485025465e-05,-1.14199971356109e-05,3.54444037262819e-05,3.39029139863897e-07,5.78319880911627e-06,1.29373096942543e-07,5.104604209759e-07,-3.46731671227868e-06,-2.72459026280854e-06,-0.000444809754276446,2.18526089533545e-05,6.88394194071786e-05,-1.69490869463156e-06,-5.43235683031519e-08,-2.08313606334508e-07,-3.72795356161442e-07,-7.58625291055592e-06,2.05898381000166e-06,9.42120591965634e-06,-0.000516027790956387,-1.70918683116934e-07,3.27284676488174e-07,1.30546484352427e-06,1.67437034515381e-08,2.23295345704789e-07,-3.12904328778405e-07,-5.7583437605841e-07,-0.000118490407223044,3.36282538173459e-07,1.4034358433552e-07,1.39843655130849e-07,2.30257004451047e-05,-3.72196230303112e-09,-4.7061501093468e-06,-1.02928909943387e-06,-4.62542594752721e-05,7.34768690997167e-07,0.000841588955114715,-3.70270465982656e-06,-1.668399187684e-07,-1.62632399502229e-05,3.65313235155306e-05,-9.14674229992717e-05,-1.44049562711207e-06,-7.64222439651547e-06,-1.03300525070086e-06,1.14000996844253e-05,1.2449767124718e-07,-2.19864334807604e-07,-1.06985861588458e-06,-5.79291505211072e-06,5.91295292118917e-05,1.70789297388332e-06,5.54485826308023e-06,-1.39700591207053e-06,-7.12910322576479e-07,-7.51811417587885e-06,-5.16048002464631e-07,-8.10439604929016e-07,-6.51293851500646e-07,1.81582571653041e-05,2.88539869646541e-06,2.27438357454232e-07,3.825278888775e-07,-2.1919116756735e-08,-3.03659472647298e-06,-2.54678341306166e-06,-1.1636875542421e-16,-1.41968764409288e-06,0.00534933621697307,6.98512849080361e-08,-2.04383260198954e-06,-3.89671212714122e-07,3.63976393306073e-06,-1.05163726992502e-07,0.000131865792473058,-4.74460141982476e-09,4.66191883192732e-10,-7.58899519341498e-07,1.10303691265655e-06,-3.43167943900374e-08,4.67470317594893e-06,-2.10197849996281e-07,2.39130116901682e-06,-1.83803628343165e-06,1.38192270492404e-07,-8.11353873807107e-08,8.6108524612106e-06,1.53004950657116e-08,-6.37374996511699e-10,-6.22766080492335e-08,1.6988756048238e-08,-2.44186683609033e-06,1.62601864972745e-06,-2.25243882734008e-08,7.91710068394832e-09,-1.63367063047254e-08,-1.16766838817402e-06,2.69735718414518e-06,-1.98884635086782e-08,-8.28114467615429e-09,2.03109129983763e-08,-1.79824586000644e-06,0.000145128165165937,-8.78692507276186e-07,1.27874148703051e-05,-8.33811718626406e-05,8.31068667544357e-07,-2.31232763717215e-06,8.87677821915426e-07,-5.01402768732947e-07,1.64481710609346e-15,1.41103381697826e-06,4.91919477698979e-08,4.84277975902594e-10,4.79939594508811e-06,-9.56956665494646e-08,6.26808893759781e-08,1.15365245281087e-05,-1.90157918708324e-06,2.03490731716703e-06,-5.36798430700053e-06,-2.22183513008741e-07,2.93670602824414e-07,-4.10277109575416e-06,5.25593097520544e-06,-0.0001437802151543,1.18040664776242e-05,-0.574547328293976,1.23129870746272e-05,5.10343516102122e-05,1.2838569367926e-05,-5.57306692444229e-05,1.24706570964933e-06,-4.44021991684153e-06,5.51786723412781e-06,-1.95728057424451e-05,1.04686554148236e-06,9.3556415991647e-07,6.99620979355322e-06,-1.16190497877118e-05,-8.96187867275759e-07,7.00041836557321e-06,-4.41502392830584e-06,1.0745124014781e-07,9.74702175581703e-07,-1.79935657921002e-06,-2.31068376640853e-16,4.30483858490737e-09,1.78244702061008e-05,-5.94818242746595e-05,1.15034698663921e-06,1.03110583847801e-06,3.00255108809211e-07,6.89573939471952e-07,-9.96716524906919e-06,3.61653218494698e-06,-7.11364845412015e-16,-2.63453612059741e-06,-3.19280691594811e-08,-8.81700534513231e-08,2.92877636640186e-06,6.43075005325972e-07,-4.27555792176119e-08,-1.60257042958884e-06,4.21622222284957e-07,-1.35955138527547e-05,2.51588550609366e-06,-5.04198484870153e-07,-9.05113091255386e-07,-4.76455654234641e-08,-1.74571613358708e-06,-8.89825326444432e-07,3.70998425194915e-06,-9.56404736950207e-07,1.07593153600517e-15,-0.000143279731663378,0.000649518909022707,1.2118992305221e-08,2.75288771925541e-06,-1.70130915718477e-06,-3.45247370397853e-06,1.20722110561019e-05,-4.37816431193844e-05,-3.02320043298938e-07,3.75774956599014e-16,-5.53497060362172e-07,-1.5287765719624e-06,-6.91991976396801e-07,5.96614623621729e-16,1.29525205935157e-06,1.68599689113298e-05,-2.56869645264077e-06,-1.05019405314043e-06,-3.48973316640043e-07,-1.8623172755276e-07,-6.64602739887852e-06,1.84306806402001e-07,1.95747323297379e-06,5.70507416013461e-07,4.02361152239056e-07,3.03589909564527e-05,-8.2254158106156e-17,-5.91962051964326e-05,7.38586962520852e-07,4.77353442889541e-06,-4.80001634636564e-07,8.61925551993842e-16,-4.65131520324372e-07,2.2618218439174e-05,-2.10845413711972e-07,-1.88217138765736e-07,-4.78965172905559e-07,2.704681337869e-05,-7.0416398311532e-06,1.20811483613492e-06,5.41205935417115e-16,2.49573397491307e-05,-0.0982439262746333,-3.05064914312969e-05,-2.46883156315292e-06,2.26873636730642e-07,1.03255958240322e-09,-2.50496409342907e-14,1.4817673500079e-15,-3.16580761743889e-10,-2.56064365897427e-05,3.54696889508511e-06,-1.74534821443477e-07,1.49765752641843e-15,-1.03936641364802e-07,-1.29283151090055e-09,-7.30245077683002e-17,-2.78248247907938e-16,2.89715182701002e-16,3.00345868264217e-07,8.92195810652112e-07,-1.31624936280163e-06,7.87272279640316e-07,3.92956259497239e-07,8.1667028077097e-07,-2.47004061034854e-06,1.79488619969676e-16,-5.47791896799085e-07,2.00037106686445e-06,7.60149705345251e-16,-9.24945015950137e-16,-9.77200560891851e-07,-7.57148134827159e-11,-2.14751869388733e-05,4.52324437163712e-07,4.29287872819999e-06,-3.0699116688091e-08,-1.72596144418246e-14,-1.03231236626081e-07,-6.00617260085597e-16,-3.51654029870879e-07,1.05161685299513e-14,-2.36760071651434e-05,-3.19392124229904e-16,4.98728682391274e-07,8.93719749275304e-07,4.1150180084096e-08,5.40497260109906e-07,1.86147003720684e-06,-7.90246491557533e-06,1.35139888992534e-06,6.72027734293757e-08,3.26902701999874e-07,3.01015393261866e-08,1.7417900090353e-05,-1.32189069589204e-06,-3.25487590164535e-07,-2.63877175118061e-08,-2.32871399465185e-05,-4.63686330626584e-16,5.88222566432921e-06,-1.01210273140253e-06,9.92163560887434e-08,3.72698314564512e-16,1.31098818827615e-08,3.54358398272091e-07,1.26625594627474e-06,-2.84566489609863e-16,-2.13072083927977e-06,-1.62666579750703e-07,3.3014036039258e-16,-2.14759639669501e-07,2.47979185510603e-05,-6.29685510028496e-16,3.61001187193374e-16,-1.2089169367555e-07,-9.35018502933543e-08,-5.32577715123921e-10,-7.38568079665582e-07,1.95857751353587e-07,3.99616395891952e-07,5.54808934822043e-08,6.77063500910599e-07,-1.14622655536879e-06,-4.71012118197223e-14,1.63768288676356e-08,1.62580312537189e-09,4.48512361497696e-09,4.19552658718241e-07,1.241561733703e-15,2.2335004960174e-16,1.37920816457429e-07,8.10783579299375e-16,7.96592728986463e-16,8.63921612146741e-07,-9.6396938037735e-07,-1.24771181919901e-06,-1.03817910728256e-08,3.14929517858375e-05,6.91116227285306e-07,3.10336926233869e-08,-2.48425903540399e-16,7.53587090534522e-08,3.51961239598298e-09,1.6149758656008e-08,-1.13086188107282e-06,4.45318927445927e-06,-2.56359213483738e-15,-3.70484737916848e-16,5.48747389804351e-15,-5.58479202601845e-08,-1.85953114434579e-07,-1.55846634463195e-07,5.14979218025112e-16,-1.42370113249406e-07,-1.49019174409067e-16,-1.70911601958874e-15,3.33581160952847e-06,-7.32390979586808e-08,1.00254960301917e-14,-1.7996297452815e-07,-6.44671053739061e-07,1.00215258133469e-14,2.7730251213067e-07,3.91766829626246e-15,7.39158136956944e-08,-1.20968365327847e-16,7.37346814581855e-08,6.38186917769668e-07,1.60395792473506e-07,2.17317017269439e-08,1.4914316702361e-07,-1.89829020836774e-05,2.04969162668366e-07,2.70937078294315e-16,1.2066065837239e-05,-5.2465452485367e-07,2.80583100951381e-15,-2.5537457768079e-06,-2.02872913059812e-07,2.45533744493813e-06,-1.68593896023815e-15,1.5088629748433e-07,1.38353280711575e-06,1.65684103230308e-15,-4.9793117779211e-07,-1.10112374674134e-07,-3.97451558376547e-08,5.14379162565772e-16,7.25356131931492e-16,1.02176156017758e-07,3.12549429171872e-08,2.52817295974006e-09,-3.63494780138227e-07,1.84288564370789e-08,-1.59871228720265e-15,-1.81741845188714e-15,6.72490531926307e-08,4.6354374717295e-10,-1.24468026628242e-15,1.62387979928934e-07,-2.24353788445531e-15,5.81942594565372e-07,-3.10211351088238e-08,-1.81240216517929e-08,-1.2012107243257e-07,8.56704388200413e-15,7.42531322729219e-16,1.9338085060525e-15,-1.55408035903586e-14,-6.67220902580843e-08,-1.73231873849784e-06,4.19972519893328e-15,-3.5535954899349e-15,2.70165305302228e-15,3.25419990375931e-07,2.1886163616342e-08,-1.60823190627728e-07,-2.00492476055224e-15,-2.54487383272076e-13,-0.707106781186543,-9.92977425394196e-07,2.10694644589208e-07,2.31619288896437e-15,2.76058125438312e-07,-9.6448910623763e-07,-3.18257753834472e-15,-4.95129762017136e-16,-9.61154346169358e-08,-9.84674844409078e-10,-4.7583668986359e-08,-5.66679133722503e-16,5.34897118361071e-08,7.78565725019942e-08,8.34773208126402e-08,-7.60182771519124e-08,-2.70701652119382e-07,1.72414007124314e-07,-3.46464004398965e-15,-1.56413779972777e-15,-2.31516980424922e-15,1.5983983261049e-05,-3.94502396421989e-07,-2.15208390212436e-08,-1.69077756547978e-08,-1.19322204137499e-14,8.55012873931859e-16,-4.18112428110732e-16,-3.65718427562222e-16,-6.35086876668374e-15,5.57601595082002e-07,-8.74344316840815e-16,3.08195424575932e-16,-1.30349166359666e-08,5.31550151985327e-16,-1.16680958943961e-08,2.22114204963806e-16,-1.4465030393158e-08,1.96377675269034e-15,-1.75032754302966e-08,-2.19045093687273e-09,-1.03280765956993e-05,-7.57054218871889e-16,7.01999567613757e-08,-5.96635867610441e-16,9.95574813138992e-08,-1.21047375424302e-06,9.67967672716798e-10,-3.84642248896906e-16,1.41191971061461e-07,4.87461124073428e-17,-3.4702860265173e-08,-1.95879638684441e-07,-2.17227599267817e-16,-9.68732148988202e-16,-8.21604882295952e-16,-4.06025041956802e-16,-6.58075668060077e-10,-8.57350308808531e-09,-1.91600864172574e-09,-8.47857178089764e-16,1.5335984099848e-15,-1.59482661505064e-07,0.00044876585586123,3.39336329275186e-16,1.0351666413554e-15,-8.61305466548693e-09,5.20824762295584e-16,-6.10799012464678e-08,8.9751522755588e-16,5.77118635853103e-07,4.33308544814414e-16,-3.55856141584526e-16,3.49066912855694e-16,-8.21396483948325e-16,1.30519669014208e-15,-6.59172342969641e-15,2.79640355211053e-06,-1.95565649009036e-05,-5.2607563100289e-16,-5.14189917223981e-08,1.95579880244721e-07,-2.63899734509615e-16,-2.11051874691903e-16,-9.29902487843399e-16,-3.51385430728845e-18,1.92710300669115e-08,3.08142847230824e-09,-6.94956797704602e-16,8.91490820004305e-17,-3.49856487750001e-08,-1.24797938946439e-07,-1.30598270509839e-08,-1.51354310389131e-16,-3.4928466514044e-16,4.02513442246302e-16,-1.56621986046213e-16,3.71177647554547e-16,-1.23661005452916e-15,7.36172472751653e-08,-6.96191514063151e-08,-1.33847898042079e-08,1.60766743129763e-16,7.571131293495e-17,-3.79308585386346e-16,-3.81614004443566e-16,-1.09054990317637e-15,-6.91532816400889e-17,3.88287415557985e-16,-6.31506157601978e-16,3.03829143013604e-18,1.01876445801731e-16,7.65054407751499e-16,2.45011955314641e-17,1.46266124491285e-16,9.7756483118017e-17,3.77680119992802e-07,-2.1027664890291e-16,-1.29096359509082e-15,-4.68178077228024e-17,7.15817978935336e-07,-1.24750444402418e-09,-4.59403463824381e-16,-6.72997428476221e-07,6.53675439134426e-07,-5.06849182426365e-17,7.89028547846496e-16,-1.82293546045048e-07,7.15175845953495e-16,1.6068227923561e-08,4.41215956649429e-16,1.2147966208974e-16,5.58306215967839e-16,4.29835467598942e-16,2.27262486302716e-09,-3.12049698124035e-07,-7.19193544432932e-16,1.01032170674142e-16,9.18449153493845e-16,1.88400859258544e-16,-1.40613269713609e-15,-7.1556367615052e-16,5.3467115800259e-16,-1.07959826131784e-16,1.92527684061138e-07,1.96309604827863e-16,6.54052800347085e-17,-3.83593426672479e-17,-7.25131052804383e-16,-9.11844408331397e-17,1.06169435244272e-15,-7.36320124815298e-08,-1.11555792461219e-16,6.8379386603407e-16,5.48865741868828e-08,-3.35209019703632e-16,-8.44019460077232e-17,1.05712759427287e-16,4.79240824004809e-16,3.15250400865104e-07,1.94084726010331e-16,-3.36870160548865e-08,-1.00279800107624e-17,-2.25491891420568e-16,4.69461445734901e-16,-1.07445200303469e-12,-4.32099403044116e-18,1.17913617254124e-15,1.21616301548848e-09,-2.45450167599401e-16,-2.57371601615978e-16,1.72076642405869e-06,-1.51704344588791e-07,-1.62237917143186e-16,1.06212796625784e-07,1.55533262277694e-08,3.4866279996364e-16,-1.03873495158993e-15,9.31595930782726e-17,-1.25461064773399e-16,3.44225980977227e-16,-2.60534296841338e-08,-4.35301698464762e-16,1.70769550234485e-15,-2.28223019683624e-16,1.04232431307517e-08,-1.49460854607584e-17,4.66264393627559e-16,-2.33788132511815e-16,8.28584346146172e-17,-4.74455594420886e-09,4.05600802389545e-16,9.84939361394156e-09,-2.31999882109417e-16,-2.63244449292872e-16,4.51113230615618e-16,-4.55497701871322e-17,-6.93477152027386e-17,-1.70347988709269e-16,3.33191370917822e-16,-2.20777966107935e-07,-4.35695328574011e-16,2.67145168383441e-16,7.16941289478195e-08,4.76008058731906e-16,1.14329330506251e-16,2.47868510368658e-16,3.95130567904016e-17,-1.55800054124966e-16,-6.27864804940633e-16,-7.52232874487391e-08,8.39015945445495e-18,-6.77720092970342e-16,1.54476257156307e-07,-4.37851843070398e-16,-1.61966466970688e-16,3.76127290601051e-16,-2.72325004846601e-16,-1.33730570467514e-16,-6.1739187344429e-16,-1.66023410322426e-16,-1.67344600084256e-16,-3.16781882402716e-16,1.63513332131924e-16,-2.70094726114677e-16,-8.08757224261164e-08,3.46961651126383e-07,-4.66398725308053e-16,9.4855422262092e-17,1.55483996892253e-16,1.04272503382216e-16,2.35137397778802e-16,-1.60313250969834e-16,-9.27815433377763e-17,-1.97723166968819e-16,-3.36357855695356e-09,1.34530994585604e-16,3.59354111625604e-17,1.41291218849086e-17,-4.22941975663483e-16,4.30280851721223e-09,2.15067667088863e-17,-1.70561404441827e-07,2.0311390087808e-16,-6.41919860678373e-16,2.15597226779753e-16,-1.27364763450312e-16,-4.41899190726385e-16,-1.50924412567315e-16,-5.69677874820066e-17,1.63655319509975e-16,1.86675452101567e-16,1.41864251899308e-17,1.01245472959828e-16,-2.35254327762736e-16,2.04492766456432e-16,1.5092852704224e-16,2.70444622062059e-16,-2.10263036887306e-18,1.15861517329515e-16,-3.50749632601868e-16,-6.3015220295283e-17,2.73279486704733e-18,-6.7733746429285e-16,-2.94777103718255e-16,-8.54202599497868e-16,-1.29143709508251e-18,2.26671255071411e-16,3.23120170658224e-10,7.33603529863303e-17,1.23846613537864e-16,-6.90795205812085e-17,-1.84042034985983e-16,3.00666703699314e-18,1.74399997359201e-16,1.96908967141937e-16,1.38718560408205e-16,6.12433473156962e-17,-6.72479703778144e-17,-2.23790170747912e-15,-1.36314823058756e-16,-6.61487771189187e-17,-5.67476430947824e-17,-1.95478824109802e-16,3.36212617874483e-18,-1.81335806641729e-16,-4.14932083392695e-09,4.754527156407e-18,2.88035889682622e-17,-4.97322765614831e-17,1.29051968724911e-17,-1.65839664137451e-16,-6.21678042897507e-17,-1.76310121364266e-16,-3.09544702120857e-16,4.48959056884489e-17,8.77185712205703e-10,-1.71974311286434e-16,-7.89447667191884e-17,7.15290506213782e-18,7.63872446615252e-17,2.30089950949767e-16,-9.51044548960986e-17,5.34203630958296e-17,-2.31559287833513e-16,-2.17748705372618e-16,-3.49583557705451e-16,1.89378245012354e-16,-3.96329515467251e-16,-2.2740944046854e-18,4.41589182328616e-09,-1.66463256388754e-17,1.35105734434112e-16,-2.76952235406154e-17,-2.51347617880786e-15,-1.32784047347638e-08,-5.32073218697432e-17,-4.29773083828897e-16,8.96776705610887e-17,2.09625197846097e-16,1.76415318955722e-16,-1.3556607306505e-16,-1.22565096149837e-16,-3.00345328503584e-17,-6.88315877841115e-17,9.52589035697462e-17,-4.81737883410814e-17,-2.91997431294256e-17,2.98466475438147e-17,1.49153431682892e-16,-4.24956905767338e-17,1.57840761078149e-16,-1.59835386365321e-16
"t184",-0.0412577254428231,0.0348663346613241,-0.0570113942330184,0.0258797425620759,0.007145477891328,-0.00343441751370091,0.0224875002181146,-0.0484987036544827,2.3929574471393e-05,-9.38024717713204e-05,1.27836122097713e-06,-0.00481243606208875,0.00946352966197694,-0.00149052136783564,0.000456625682920795,0.0859551787919498,-0.00217266366217509,0.00481349058396735,-0.000355202273270721,0.000177515946453532,-0.0208989414730773,-0.224969277503506,-0.000536697239535271,0.00329295395730858,-0.000496476201661052,0.000282127237568394,-0.000374092284984735,0.000375193774073308,-0.00841476633397042,0.00329760564012824,-8.9333858607273e-06,1.45185595917826e-05,-0.00428603840692035,1.02216530269832e-05,-5.45913449328145e-06,-7.98168118938664e-06,-0.000312626022732011,2.17872654724132e-06,1.75553075779892e-05,4.73225035212043e-06,0.000238712979460544,-3.02886965347778e-05,0.000255372162744385,-2.99032588319849e-05,0.00652276601049643,-1.32386235958814e-05,1.75068948713488e-05,-0.000348364860070651,2.74536788519987e-05,-5.40300177131846e-05,0.000385898661614901,-3.87457923459816e-05,5.55835825908535e-08,-0.0137154563876081,4.32667725163154e-06,-4.63648775915591e-05,1.90012766937947e-06,-0.000127647908344174,4.33260828696081e-05,-0.00221709817545458,-5.36745266785018e-05,6.32950052997407e-06,-0.000208123433615767,0.000110969982602548,-8.04918135052804e-06,0.000191901983168623,-1.24804769450973e-06,4.54470845378131e-05,-0.000126352418419267,5.1379256630307e-05,-5.81211456035964e-05,0.333312570263888,1.81364967580708e-05,-2.23554971600832e-05,4.16349766380829e-05,4.93079470932328e-07,-0.0156488928207594,-1.88621429278622e-05,9.57646062102246e-06,1.34041339328587e-06,3.25569535811345e-06,5.91681051887743e-05,-1.70626243342025e-05,-0.000130241744899322,2.15697454534801e-05,0.00599904492018347,-0.00504320550722485,-0.000109431033576688,-4.73808087650575e-05,0.0759306814944538,9.74770632512065e-05,-0.0552857038010361,-1.54370813043721e-05,0.000655158791379139,2.61449629415548e-07,0.000617302552092094,-1.43029871418835e-05,-0.000285844536304799,4.51797421576576e-05,9.90291618039321e-06,1.7761722090203e-06,-8.44871881850292e-07,2.33837030510139e-06,-2.86050263973437e-07,1.11371156088451e-07,-1.14049571399754e-06,4.50077294646922e-06,-1.12816354573855e-06,5.90846796092042e-07,-5.45038522414831e-06,-4.87290166686938e-07,-6.98156108754178e-07,1.4188212682212e-06,1.03086823089136e-06,-5.90225349485145e-09,3.89413512437437e-07,-6.86562082705518e-07,1.08078235270238e-06,-1.50772132341445e-06,4.68933706719784e-06,-2.61285688530005e-05,8.50939188949429e-06,-1.54234128306485e-05,-4.46679229335883e-05,0.00150296139602325,-0.0022433210620192,0.0699827738391403,5.14111925589484e-06,-2.04217192761124e-06,-6.6540277970142e-05,1.01330029483616e-06,-2.96208534124489e-06,3.12041653524278e-06,5.69107106444501e-07,-1.07657679247224e-06,-5.82312289457175e-07,7.25427490228618e-10,-4.86419461792972e-07,4.45182701573908e-07,-1.30040340769083e-06,-9.05768078262221e-08,-3.64976264613179e-06,7.59716413135701e-07,7.4617723000391e-08,1.54530688934472e-05,-1.10898099830818e-08,-6.17006215419466e-07,1.06894587841871e-07,7.21447183452162e-09,-2.60756049869921e-08,-0.000113057283526952,-7.72250845651622e-08,-1.34222630163924e-05,6.52635633639995e-07,-2.11603088382052e-07,-1.86078472937875e-08,2.80903811289198e-07,-1.81572708751278e-05,-8.58923808191861e-08,-2.84899237913413e-08,-1.38976418226685e-05,2.70581071409585e-07,-1.49851066383997e-07,-1.97614204154847e-05,2.32650329361776e-06,-8.37144764858048e-06,1.29676048667209e-06,2.21825223027652e-08,1.10312434245955e-06,1.47152097411174e-06,-1.74227750038744e-05,-4.11160252972481e-06,2.9699575720775e-05,1.25343518532455e-07,2.16862984937907e-06,4.86775484576164e-08,1.92395826834785e-07,-1.34834846893812e-06,-1.09343900118822e-06,-0.000179474359095336,8.86243925577437e-06,2.83424916777652e-05,-7.01886566008399e-07,-2.26243183015853e-08,-8.72231586857278e-08,-1.58930569573988e-07,-3.24870214385638e-06,9.16931323057547e-07,4.20108518921441e-06,-0.000233208688817838,-8.02396364340656e-08,1.58880935314181e-07,6.41464139078369e-07,8.38260644085584e-09,1.13430843566965e-07,-1.66757215951967e-07,-3.10641350216688e-07,-0.00014563109370708,1.86043585222595e-07,8.85531929979385e-08,8.88944958761248e-08,1.58013127074942e-05,-2.82351020565904e-09,-6.07758409594198e-06,-1.33570709094092e-06,-6.68882648629961e-05,1.88471241410489e-06,0.00823278387646257,2.59848622294809e-06,3.09778272444978e-09,-2.32376366830567e-06,6.37885616793453e-06,-2.4774839923178e-05,-4.40460774517801e-07,-2.34296412513566e-06,-3.39414284410478e-07,4.24060932835634e-06,4.71711559473193e-08,-9.02881249795862e-08,-4.58810418875066e-07,-2.51753199464984e-06,2.69413352747392e-05,7.85727875016878e-07,2.57639431891805e-06,-6.66155863805302e-07,-3.41444751637747e-07,-3.60447507997571e-06,-2.51771331773268e-07,-3.97149379919168e-07,-3.18159951987297e-07,8.8234945996597e-06,1.38959511770601e-06,1.08177720096166e-07,1.811451602943e-07,-9.70127442116546e-09,-1.23571868866066e-06,-8.70450188802405e-07,-9.26164952619931e-17,-1.96301254565591e-07,0.000343963462093061,-2.25551521899714e-07,-5.58881773104233e-06,-7.12772658194226e-07,6.578652545076e-06,-1.83127259600298e-07,0.000435457556005213,-1.60260103808178e-09,6.14434773885191e-10,-1.04117886556134e-06,1.57919398714278e-06,-4.99999441402008e-08,6.86190384394748e-06,-3.22464276680105e-07,1.09895981977984e-05,-3.1431152461639e-07,3.81558212340996e-07,-3.79358573061291e-07,4.24978699044881e-05,1.75399409638404e-07,-3.39841056020216e-08,7.45823310887325e-07,-1.44759936685334e-07,1.59226209314527e-05,-7.96638596494929e-06,8.02259399291952e-08,-2.73381534659698e-08,3.35365132715874e-08,2.37537808763768e-06,-5.4322614326039e-06,3.6297143799077e-08,1.4620042662379e-08,-3.26717958108448e-08,2.84920537416354e-06,-0.00767042339608682,-1.19913463735358e-06,5.86408538576021e-06,4.71046391189086e-06,-1.43600219559997e-07,5.6013818365664e-07,-2.17289902003801e-07,1.22508956511865e-07,-3.22730942300778e-16,-3.28999436994909e-07,-1.13638219008823e-08,-1.08176999184678e-10,-9.74966999868506e-07,1.770059273373e-08,-1.10556996189183e-08,-1.98623130380782e-06,2.31157696855986e-07,-2.41283275011481e-07,6.3219233633405e-07,2.32457595853846e-08,-2.08644041234251e-08,2.69802289543372e-07,-3.26768395250881e-07,7.30498258944814e-06,-1.58235414999826e-07,6.91260797279353e-05,7.58771263325193e-09,4.26017311445447e-08,3.67773161271459e-07,-3.00738400810275e-06,7.07855774362885e-08,-2.69530869661077e-07,3.60025272263271e-07,-1.30340417689498e-06,8.05785680927637e-08,7.26878780457393e-08,5.52698219626425e-07,-9.28101155367277e-07,-7.40960225330114e-08,5.99475540416013e-07,-3.89578022093504e-07,9.59957166128542e-09,8.88475420076676e-08,-1.7060692979536e-07,4.25120014884935e-16,4.83289616761087e-10,2.03367347073347e-06,-0.000489155400653659,7.07918358373526e-08,9.15106979809472e-08,3.29130263526085e-08,7.81690230131427e-08,-1.14599305529482e-06,4.2293842264611e-07,-6.7749676682855e-17,-3.15700217045094e-07,-3.83455394023733e-09,-1.06349109944922e-08,3.53430117114206e-07,7.82127496455051e-08,-5.21462400505419e-09,-1.95881767690374e-07,5.1551109291458e-08,-1.65801161238935e-06,3.04872657152972e-07,-6.07253636973358e-08,-1.08556594145674e-07,-5.69811381844726e-09,-1.42201811566404e-05,-1.05715321608252e-07,4.38888159514504e-07,-1.12719531691131e-07,-2.41312831442098e-15,-1.62322058741633e-05,6.33072208150107e-06,4.42952113337228e-09,3.03004892677129e-07,-1.86307949638328e-07,-3.51857389648909e-07,1.2000881741606e-06,-4.32975948304345e-06,-2.9289693869461e-08,-3.63939167145334e-16,-5.22854796227585e-08,-1.42983684882107e-07,-6.21804597566029e-08,-2.69118852944658e-16,1.10821500464077e-07,1.4245796287852e-06,-2.15602973864566e-07,-8.69143550524704e-08,-2.81751367733719e-08,-1.47444121635571e-08,-5.17860270220527e-07,1.36503653841371e-08,1.44052059080016e-07,4.03841177446782e-08,2.63847160452619e-08,1.98240729566446e-06,-2.90772901746362e-16,-6.97384162607516e-06,3.81519953026414e-08,2.23455029627172e-07,-1.86530869771062e-08,5.40557768094859e-16,-8.98780567136392e-09,-1.06186961910997e-05,4.42923798512432e-09,5.25387719372463e-09,1.75269956571721e-08,-1.45873562306252e-06,6.03985088101232e-07,-2.16959420500873e-07,-6.54102985695004e-16,-1.87728208795749e-06,0.000100719390670283,-9.10697670669731e-06,-4.18308329959677e-06,4.36867920579034e-07,3.25766188085601e-09,1.12701188875115e-14,1.03001362865558e-14,7.37965314520963e-09,0.309583100567468,0.000620094326588157,-1.40456811287336e-06,6.53944103229912e-15,-2.55617206315261e-07,-2.44596514222958e-09,2.23406148930455e-15,-1.32277436648849e-15,-1.26636897466822e-16,3.45324113662071e-07,9.81858527355601e-07,-1.2708287791562e-06,6.93499708415813e-07,3.4277091298541e-07,6.56368620967694e-07,-1.9680748505075e-06,-4.47867268295321e-16,-3.82605429888601e-07,1.34381217164456e-06,-2.53987437354891e-17,1.88125603226285e-15,-5.78375612804914e-07,-4.36749875388019e-11,-2.60811222513741e-05,2.47393152729773e-07,2.26393750807225e-06,-1.60989776489376e-08,-1.46342923908718e-14,-5.37271761469725e-08,1.86569461593027e-16,-1.79219729453205e-07,-2.65650205577076e-14,-2.58344567464484e-05,4.60041933842377e-16,2.45619159122281e-07,4.3856882933138e-07,1.92892945997833e-08,2.5101613048201e-07,8.61188668805273e-07,-7.81623781473023e-06,6.06463563084546e-07,2.92310178762626e-08,1.42153499214325e-07,1.29682912319797e-08,1.60274742305005e-05,-5.47498212708711e-07,-1.32370928653388e-07,-1.05835481875871e-08,-2.01325078129218e-05,-1.0616275301766e-15,2.29032642293453e-06,-3.8598447394967e-07,3.56453423867588e-08,-9.77142177240239e-16,4.62725654445925e-09,1.21704500186569e-07,4.29746518067211e-07,-1.69515261531478e-16,-7.1866356571278e-07,-5.35051529361008e-08,-2.2751442990583e-15,-6.97488822918122e-08,7.41661634685259e-06,-2.64489496807814e-16,-5.80623460508276e-15,-3.48815834884754e-08,-2.68884790539506e-08,-1.50727900583484e-10,-2.05001305283411e-07,5.18681045490374e-08,1.05376581034024e-07,1.4540738007319e-08,1.650935396755e-07,-2.61119320011257e-07,3.02813329966511e-14,3.62643105981614e-09,3.58202057191556e-10,9.70443902855193e-10,8.87431106873501e-08,-6.58619452570082e-16,1.76166923963957e-16,2.82312260610422e-08,6.74489533734096e-16,-1.5929528729426e-15,1.34778374890643e-07,-1.41097822800344e-07,-1.82371512322014e-07,-1.28216482452317e-09,3.78700315806447e-06,8.26211825385181e-08,3.56770682812716e-09,-2.69718726766242e-16,4.49586916250371e-09,1.61952852724414e-10,6.6759155596381e-10,-1.8865462970431e-08,-1.57023833225939e-07,2.31530017094136e-15,-1.08625512235793e-15,-2.27495015197947e-14,7.35730827991207e-09,3.43374486433833e-08,2.9461048992884e-08,-4.41260897119689e-15,3.55671894328114e-08,4.8329556221632e-15,3.52674492194973e-15,-2.4063522594643e-06,5.35430154053442e-08,6.22053547426331e-14,1.72333920464284e-07,7.30259448654367e-07,-1.41088181589922e-14,-4.62076721745868e-07,6.11206456225752e-15,-2.27746869719203e-07,1.9597762901644e-14,-2.43695194341949e-07,-2.23288436274208e-06,-6.00365121548527e-07,-8.99221398356723e-08,-8.00517763398511e-07,0.842081988125028,9.57261280693351e-07,-1.21413868504144e-15,2.82973608567361e-05,-1.17564308794095e-06,-1.11851686615123e-14,-1.17049447730915e-05,-3.92475772902618e-07,4.42154824669296e-06,2.4626716182526e-15,2.24044582703911e-07,1.99132379699135e-06,1.1163844698608e-15,-6.89498910752572e-07,-1.49754283401474e-07,-5.08284367774508e-08,2.32549597938013e-15,8.97096457387544e-15,1.15998803142435e-07,3.40196796773008e-08,2.72956059978087e-09,-3.4090374799358e-07,1.69684434335226e-08,-4.91948829254128e-16,-2.07539423290507e-16,6.11739687075532e-08,4.21012534385115e-10,-1.83740204894501e-15,1.44666727788627e-07,-2.05429083364265e-16,5.09368236701371e-07,-2.6544374036498e-08,-1.54845322221768e-08,-1.02013633550385e-07,1.05292861976533e-15,-1.38650621906091e-16,1.83058503255771e-15,1.88662476886876e-15,-5.39571922485461e-08,-1.39578617234692e-06,2.2916103207998e-15,-2.16917813996102e-15,7.14689542696002e-16,2.58859846947649e-07,1.73165099521295e-08,-1.25469018366221e-07,-1.0363970932455e-16,-1.06351239511445e-15,4.73923380027693e-15,-7.42397781135144e-07,1.57314671881225e-07,-2.17548327446663e-16,2.031172183396e-07,-7.05642720635557e-07,-1.00725788096425e-15,-1.07059040300705e-15,-6.94251633393558e-08,-7.10534951141684e-10,-3.40908512207168e-08,8.79492274930819e-16,3.78851913729881e-08,5.48101311194293e-08,5.82891527204155e-08,-5.25187562388527e-08,-1.865039297472e-07,1.18186703368149e-07,5.63647028745646e-16,1.49375903718705e-16,2.20385628209304e-15,2.3023076397407e-05,-2.62402494953628e-07,-1.43095009460393e-08,-1.10779463989197e-08,-5.01980098595355e-16,1.34056805242191e-15,-8.868252318276e-16,1.03321009271706e-15,2.57680029946899e-15,3.60115778635437e-07,2.33207668229366e-17,-7.43679109201425e-16,-8.37357665116009e-09,4.53617760860364e-16,-7.49343658754084e-09,-2.49365520618122e-16,-9.28530624992884e-09,-1.33807074089563e-16,-1.11367083051807e-08,-1.39086721216027e-09,-6.53788346205272e-06,5.7418619936935e-16,4.4273446321115e-08,4.63369011689799e-17,6.22956692838126e-08,-7.49990706039704e-07,5.99483463547137e-10,-1.43273391526965e-15,8.7100950628872e-08,-2.36830947574218e-16,-2.12734265087771e-08,-1.2003915348274e-07,-3.62527641552269e-16,-7.05651870134899e-16,1.30323979686856e-16,-1.29243517138692e-15,-4.00978676065607e-10,-5.21497515961675e-09,-1.16282397419541e-09,8.07314964656519e-16,1.15824353147363e-16,-8.54869078876179e-08,2.51222518343405e-05,4.75721006077617e-16,2.34468582866725e-16,-5.21117197972583e-09,-6.56755336997219e-17,-3.68698479428209e-08,2.12354873277516e-16,3.46464523086729e-07,9.08218758095608e-16,-2.05212391802288e-17,1.66953252111494e-16,3.34619613371135e-16,-2.53140067283955e-16,-8.41406423660823e-16,3.584443544518e-06,-2.50648872302162e-05,7.59342094543709e-17,-3.04861549659233e-08,1.15833708757716e-07,-2.71383196784389e-16,9.09974356712398e-17,3.54723819212646e-16,2.31992589753612e-16,1.13597411439644e-08,1.81446052460142e-09,5.05284780691399e-16,9.17223867890949e-16,-2.05764638996915e-08,-7.33874223774942e-08,-7.67586946634758e-09,-1.0653507129962e-15,4.65631496018755e-16,2.00518641365238e-16,-8.02953315325863e-16,9.91109446401176e-16,3.14330990065204e-17,4.29235061114077e-08,-4.05633866714095e-08,-7.79312217462458e-09,-2.22261570696587e-16,-8.23391812155019e-17,1.31708794295581e-16,-2.88271027770396e-16,-5.78086083485857e-17,-1.01596526552997e-15,2.65462638491696e-16,-2.22027260173087e-16,7.57703513826819e-17,-3.55221997616492e-17,9.74132614062576e-16,-1.32844576423654e-17,1.49695680050629e-16,-2.65498085423792e-16,2.17473452748171e-07,1.43162546705288e-16,-2.7041737015669e-15,6.93843355512144e-16,4.11613240319697e-07,-7.17122584657234e-10,3.78978613411768e-16,-8.32798403811147e-07,3.75070537881275e-07,1.08484851374707e-18,2.15722118520322e-16,-1.04388097883906e-07,1.12079378010912e-16,9.17928621016076e-09,-1.30757718870482e-16,3.64384802937586e-16,8.17934297091705e-18,-1.9420075645061e-16,1.29357620854079e-09,-1.77575672191769e-07,-3.91527772148503e-16,-2.4983584495733e-16,3.18128404733448e-16,-5.70733271597881e-16,-3.16974760315704e-15,2.04898139890982e-16,-2.89468769270692e-16,1.49862932825888e-16,1.08308850225711e-07,1.06942268268669e-16,1.38969219152077e-16,1.92889185895326e-16,5.19717781037894e-16,-9.94770120545235e-17,-1.58018160456585e-15,-4.13292563586822e-08,8.07305773239667e-17,-1.8679680574311e-16,3.07949839045799e-08,-7.8446280117469e-16,1.84177509761163e-16,3.1188919855994e-16,3.29293378267729e-16,1.76062226224422e-07,2.77187536149394e-17,-1.87987254267891e-08,-1.55621520704337e-16,1.03857302333498e-16,-1.22464900575232e-16,-5.3366264963457e-15,-2.28239097382973e-16,3.89163182339519e-16,6.77592047225279e-10,8.81631565300565e-17,6.97143563805075e-16,2.05936274064368e-06,-8.44127757203859e-08,2.61693591213486e-17,5.90428479826551e-08,8.6432658510386e-09,2.6670168896483e-16,-6.21026739013525e-16,3.60813210622476e-16,-1.9460849121283e-16,-2.6412810338423e-16,-1.44139963477415e-08,-1.35158723980711e-16,8.22313723257442e-16,4.28227255924323e-16,5.76032067118289e-09,-9.56635608008622e-16,3.08786511411228e-16,-1.24435891635784e-16,7.73354808199602e-17,-2.61832747307315e-09,-2.19266036084087e-16,5.43314130444496e-09,2.54298294604404e-16,9.50314390639362e-16,1.62296688997022e-16,1.637441221762e-16,-2.5395568825499e-17,-2.79112568198265e-16,-8.22080584880653e-17,-1.21515471042667e-07,-3.71642095520987e-16,9.61229632126594e-18,3.94390050825802e-08,-6.15687182770449e-16,-8.64919626919432e-17,4.41870640564944e-16,3.34486795195622e-16,-2.17809193276156e-16,1.06096452510355e-16,-4.13120173279565e-08,1.17746495094622e-16,-1.02720052537954e-16,8.47757069294292e-08,-8.83623697641273e-17,-2.57537437143891e-16,-9.9556518459864e-18,-2.42538453709339e-16,-3.3130442888087e-16,-2.81831598220097e-16,2.6595609746552e-16,1.3135289072465e-16,-2.33005321008016e-16,-5.86390920003412e-17,3.50841807106984e-17,-4.42695571625846e-08,1.89861783738547e-07,1.50837519642793e-16,-1.12255728947286e-16,2.33891170431864e-17,2.847843090514e-16,2.36720307934451e-15,3.97346922699178e-16,-1.12104456226185e-16,2.15073091674983e-16,-1.83775510657463e-09,2.16424599506651e-16,1.12387163183673e-17,-3.38630571182894e-17,-2.95687033545475e-16,2.34793245059955e-09,3.78080431840287e-16,-1.99648084341564e-07,-1.10717380541261e-16,1.68428242093375e-16,-3.15100835972576e-16,9.12604877619759e-18,-1.15685168246952e-16,-3.29747821039797e-16,-6.71400423065846e-17,-1.16791977476411e-16,-9.96254747019959e-19,-8.41544911665967e-18,1.63961977752963e-16,6.02641491891754e-17,1.24403503366062e-16,-1.4351510084845e-16,-4.51176826168706e-17,1.33365820791598e-16,9.73155849417428e-17,-1.84993226267819e-16,-3.87875509973288e-17,-2.6445401227097e-16,8.20631198698039e-17,-1.40087959499639e-17,-5.31386601296875e-16,-1.07974896022517e-16,8.10506280350476e-16,1.7523663133299e-10,-1.88262938233669e-16,-5.40215459861067e-16,3.46003175241415e-16,-2.56638631830235e-16,8.3508677553299e-16,8.3490859010721e-17,4.60423537681934e-18,-2.41345379955946e-16,-2.30473221341741e-17,-2.22517923937649e-17,8.66871629165854e-15,-2.79430507898873e-16,-3.82014034877706e-17,-7.12161558182295e-17,-2.64495681819651e-16,-6.88115504287667e-18,-2.3498660339219e-16,-2.24376430767903e-09,-2.67275455494808e-16,2.69371789068609e-17,-3.13121382039844e-16,3.96319655526193e-16,3.64652130660979e-16,1.04308436824517e-16,-1.29001994441254e-17,8.51443460151337e-16,4.44243695695546e-17,4.73035633547449e-10,5.7321420238571e-17,6.18695700895524e-17,-1.67388854375476e-18,-2.67239023639166e-17,-5.05971447972676e-17,-3.98229983399515e-17,-2.92990275703395e-17,1.02518536141129e-17,-5.91358984545996e-17,4.37738501721577e-16,5.50615700851242e-16,-2.91108709553892e-17,-6.33096462572721e-17,2.37529251332694e-09,2.14694221876357e-16,-1.60754271399083e-16,-6.01793784606066e-16,-2.71209467263644e-15,-7.13447724210322e-09,-6.11823725745485e-17,7.46477367770578e-17,-1.77436644123388e-17,-2.0107094942917e-16,6.25142261577892e-16,1.47620526194142e-17,3.1823157047752e-16,8.49744398287499e-17,9.66774090356264e-17,7.81641920869281e-17,8.5178338170764e-18,3.30709591177513e-16,2.97533340286613e-17,1.05442578151868e-16,1.02561275030105e-16,2.66036107438694e-16,-2.30061789243998e-16
"t242",-0.0412617555917724,0.034873509050997,-0.0570235044717541,0.0258871080958477,0.00714796714916187,-0.00343582082447795,0.0224968687379325,-0.0485205124006626,2.39422782536414e-05,-9.38628214367798e-05,1.27940375466151e-06,-0.00481726690043521,0.0094733056909404,-0.00149208428505089,0.00045712523658668,0.0860547301329964,-0.00217523970583836,0.00481930051142124,-0.000355640867359812,0.000177753942285527,-0.0209292313303162,-0.22536222693942,-0.000537686756489995,0.00329905959355504,-0.00049740033496697,0.000282677194244586,-0.000374830056460663,0.000375940298326767,-0.00843195416786158,0.00330554655214588,-8.95631023040675e-06,1.45574917865487e-05,-0.00429835126851452,1.02523924214661e-05,-5.47637885053474e-06,-8.00887933815339e-06,-0.000313704634816843,2.18636122569041e-06,1.76172369131404e-05,4.74918890371604e-06,0.000239591607049932,-3.04028397401148e-05,0.000256348657858197,-3.00177405450858e-05,0.00654816659312618,-1.32934130604707e-05,1.75806682925894e-05,-0.000349845241687933,2.7573086689286e-05,-5.4270889495804e-05,0.00038767529202068,-3.89268195648494e-05,5.58438357368448e-08,-0.0137808467044787,4.3480335162321e-06,-4.65949178959023e-05,1.91043765924167e-06,-0.000128356884558798,4.35673861713967e-05,-0.0022301488342743,-5.40034448748005e-05,6.3690490314852e-06,-0.000209444196459702,0.000111676940337725,-8.10193595621456e-06,0.000193191447845833,-1.25689153485158e-06,4.57766571973265e-05,-0.000127278407256274,5.17629274495456e-05,-5.85979926475219e-05,0.336235724499047,1.82971397077539e-05,-2.2557551892817e-05,4.20122294847478e-05,4.97585875256501e-07,-0.0157924012065628,-1.90380130082257e-05,9.66908531941685e-06,1.35356713841605e-06,3.28843029267828e-06,5.97661227497565e-05,-1.72416310524031e-05,-0.000131623251676958,2.1809305278055e-05,0.00606649173316019,-0.00510060356230469,-0.000110678951622414,-4.7921402575989e-05,0.0767981343980493,9.85958139836491e-05,-0.0559478509833267,-1.56226778786601e-05,0.00066323866115187,2.64813968231995e-07,0.000625295939284321,-1.44882490909588e-05,-0.000289605763158812,4.57776845816327e-05,1.00368420777728e-05,1.80061230256913e-06,-8.56515062956861e-07,2.37065075168699e-06,-2.90305017314055e-07,1.13036682355099e-07,-1.15762319620925e-06,4.56886710257905e-06,-1.14526727912311e-06,5.99837160888293e-07,-5.53377598333515e-06,-4.94759021004081e-07,-7.08970471307705e-07,1.44082620818419e-06,1.04729760903251e-06,-5.99686056033121e-09,3.95733436691923e-07,-6.97766336030852e-07,1.09868756382447e-06,-1.533059086928e-06,4.76898787360239e-06,-2.65750519503471e-05,8.65781221948762e-06,-1.56959636936213e-05,-4.54576530185838e-05,0.00152958340335556,-0.00228358644927382,0.0712402694973682,5.23454329462643e-06,-2.08047151860892e-06,-6.77886302298486e-05,1.0323587344854e-06,-3.01895784060637e-06,3.18056898863844e-06,5.80109527285404e-07,-1.09763592600606e-06,-5.93721481751303e-07,7.39991841971382e-10,-4.96375291283479e-07,4.5453258529328e-07,-1.327734618212e-06,-9.24888143237981e-08,-3.72697711076712e-06,7.75846199321245e-07,7.62041036220728e-08,1.5781608696397e-05,-1.13278710909241e-08,-6.30505598664632e-07,1.09278217448354e-07,7.37610430793169e-09,-2.6665834788268e-08,-0.000115618457897593,-7.89813529498421e-08,-1.37282136253034e-05,6.67550655456575e-07,-2.16554262279186e-07,-1.90448659857347e-08,2.87518425210472e-07,-1.86104631415126e-05,-8.80658589570527e-08,-2.92123639481263e-08,-1.42541349301262e-05,2.77538149336423e-07,-1.53760619586864e-07,-2.02778970002381e-05,2.38816876714772e-06,-8.59633914402179e-06,1.33295048195476e-06,2.28024110335567e-08,1.13396160402846e-06,1.51286727375e-06,-1.79152382289343e-05,-4.22791846098128e-06,3.05496530552011e-05,1.28944287510471e-07,2.23141958017231e-06,5.00896528558162e-08,1.97982601297254e-07,-1.38821464762836e-06,-1.12636832202878e-06,-0.000184896304275566,9.13097619091904e-06,2.9208873787595e-05,-7.23414579410657e-07,-2.33205344575146e-08,-8.99156094989984e-08,-1.63887623791435e-07,-3.35028888990311e-06,9.46238696240604e-07,4.33545877699616e-06,-0.000240722261825652,-8.28764528562475e-08,1.64187403867497e-07,6.63007818857625e-07,8.66646633358650e-09,1.1729550651124e-07,-1.72542197868307e-07,-3.21459742168478e-07,-0.000150744513926644,1.9260267411599e-07,9.17736284256753e-08,9.213201614021e-08,1.63842816553979e-05,-2.92900037144684e-09,-6.31151361132468e-06,-1.38712616314841e-06,-6.9470180860638e-05,1.95806737524015e-06,0.00855504885012921,2.70174510814871e-06,3.22317201889785e-09,-2.41921053670651e-06,6.64204263738568e-06,-2.58177845781003e-05,-4.59208732988276e-07,-2.44271997993735e-06,-3.53989452475898e-07,4.426660325504e-06,4.92492032955035e-08,-9.43525660703527e-08,-4.79772000429116e-07,-2.63313590457128e-06,2.82044358158119e-05,8.22746565227156e-07,2.69843024830139e-06,-6.98225893050597e-07,-3.57936205423191e-07,-3.77870671481325e-06,-2.64156482714279e-07,-4.1689316837767e-07,-3.34162379206172e-07,9.26963068204082e-06,1.46023916776999e-06,1.13705235719004e-07,1.90414358513017e-07,-1.02042877682792e-08,-1.30031746701856e-06,-9.16357533720057e-07,8.74601020662342e-17,-2.06785308245388e-07,0.000362379961254669,-2.37837949536612e-07,-5.89729284358661e-06,-7.52540735055297e-07,6.94593546187706e-06,-1.93556180304281e-07,0.000460338846195019,-1.69431061317245e-09,6.49852712520641e-10,-1.1014914921366e-06,1.67149293641786e-06,-5.29338421964394e-08,7.2652021339388e-06,-3.41585585786914e-07,1.16656518545767e-05,-3.33897634770264e-07,4.0558970675942e-07,-4.0380780530079e-07,4.52412761821623e-05,1.86904024480193e-07,-3.62330458037372e-08,7.95805793639453e-07,-1.54500429950635e-07,1.69985373176457e-05,-8.50783846876103e-06,8.57258745072475e-08,-2.92141766974858e-08,3.58885088424859e-08,2.54205178876707e-06,-5.8136407735268e-06,3.88604411029108e-08,1.56547643704847e-08,-3.50002074648005e-08,3.05252061349771e-06,-0.00824092144106185,-1.28872662718687e-06,6.30378738381457e-06,5.06657836201324e-06,-1.5452792428234e-07,6.03397343723993e-07,-2.3414304459067e-07,1.32043019488373e-07,1.46050623094474e-16,-3.54902063565967e-07,-1.22598781168214e-08,-1.16748974339622e-10,-1.05313768986895e-06,1.91340969575473e-08,-1.19553244011433e-08,-2.14823503638787e-06,2.50588866667647e-07,-2.61604926970916e-07,6.85465458849639e-07,2.52219698098787e-08,-2.26829815757861e-08,2.93420206600909e-07,-3.55458709740779e-07,7.95271491253161e-06,-1.72801635764727e-07,7.55897571701633e-05,8.29785215369982e-09,4.6589946106304e-08,4.03556553611399e-07,-3.31327554125878e-06,7.80262469650407e-08,-2.97330215999686e-07,3.97532656754376e-07,-1.4396115319295e-06,8.92184011613709e-08,8.04967468385541e-08,6.12285713691441e-07,-1.02840463540847e-06,-8.21679466448429e-08,6.65359802178731e-07,-4.3274437220997e-07,1.06670232911861e-08,9.87870234638639e-08,-1.89940061047743e-07,1.53755735087635e-16,5.4251128520771e-10,2.28482024573658e-06,-0.000550270427211958,7.96396068799521e-08,1.02952130653754e-07,3.70398381256727e-08,8.80231025037655e-08,-1.29138445757079e-06,4.77296737023648e-07,-1.27249768817281e-16,-3.57499573901552e-07,-4.34413292272424e-09,-1.20594129027869e-08,4.00815214787307e-07,8.89057562977408e-08,-5.93527293448842e-09,-2.2336740950828e-07,5.88607507308787e-08,-1.89848850293739e-06,3.5002089598011e-07,-6.98383822642378e-08,-1.24970019872609e-07,-6.56366746608739e-09,-1.63981948838729e-05,-1.21921831596522e-07,5.06566899053787e-07,-1.30180799166829e-07,-1.08742493234373e-15,-1.88337656178779e-05,7.35255241675337e-06,5.14453197815537e-09,3.52908771645708e-07,-2.17085646593227e-07,-4.12187182771197e-07,1.40805322012688e-06,-5.08164551741562e-06,-3.44165917676442e-08,-1.3487444636806e-16,-6.15210512122155e-08,-1.68325498203395e-07,-7.33413833565519e-08,6.26250396821083e-16,1.30987806130261e-07,1.68465254475794e-06,-2.55029834239943e-07,-1.02863435845974e-07,-3.33755500749302e-08,-1.74777791450515e-08,-6.14192359954441e-07,1.62155111437122e-08,1.71154601716176e-07,4.80354509373828e-08,3.14456068454377e-08,2.36289509212976e-06,-3.67020765280415e-16,-8.34511723790334e-06,4.56855478894763e-08,2.67990683804555e-07,-2.24235990605483e-08,8.61290334095152e-17,-1.08609014389814e-08,-1.29092362202058e-05,5.39963403232445e-09,6.41332928782974e-09,2.14287913875425e-08,-1.78877688536308e-06,7.44289292749888e-07,-2.70779969236648e-07,2.17941072541827e-16,-2.37108469763409e-06,0.000127349198044481,-1.15408298078569e-05,-5.3178467011569e-06,5.55515209791074e-07,4.1461490063421e-09,1.42461298470966e-14,1.3012040141477e-14,9.44216415776969e-09,0.397976579732508,0.000797619528989027,-1.81450362638936e-06,8.1886258195284e-15,-3.33463823793088e-07,-3.20520045810722e-09,2.35803083439511e-15,-1.35624017883155e-15,3.78138500606066e-16,4.59185800369444e-07,1.30813011873182e-06,-1.70469028823206e-06,9.35794039957979e-07,4.62853910317266e-07,8.92104720584372e-07,-2.67695353997219e-06,-5.78978013878872e-16,-5.27646840469856e-07,1.86262618363918e-06,8.97684005784832e-17,3.67449010107231e-15,-8.18565388582258e-07,-6.21403106976195e-11,-3.73787828087927e-05,3.56330033121598e-07,3.29303247973077e-06,-2.34549205247447e-08,-2.60031853758923e-14,-7.84511122657007e-08,-1.40949003843641e-16,-2.63407107742218e-07,-3.71382231058996e-14,-3.81570290483994e-05,-3.09969934003098e-16,3.65095961748001e-07,6.52755122392028e-07,2.92281381144106e-08,3.81863297527209e-07,1.31229309328718e-06,-1.19988641074494e-05,9.3713335532233e-07,4.58907583793096e-08,2.23203821804866e-07,2.04653872049843e-08,2.55338626472954e-05,-8.83790097656286e-07,-2.16152874872713e-07,-1.74449646518958e-08,-3.33414478049248e-05,5.75796227312538e-16,3.85056347309994e-06,-6.58860336845764e-07,6.37847498284275e-08,-5.79676698079356e-16,8.40492992384039e-09,2.2639497471818e-07,8.07989279436508e-07,7.29362149908981e-16,-1.35880348656088e-06,-1.03532652011477e-07,9.95327247403912e-16,-1.36584968005727e-07,1.57434979194462e-05,-5.90753615143424e-17,5.12925844846304e-15,-7.67959816720443e-08,-5.94019110751218e-08,-3.38514105556077e-10,-4.697889588595e-07,1.24870799372302e-07,2.54840991401209e-07,3.5393569933444e-08,4.34007207633814e-07,-7.38592924437854e-07,-3.111400026512e-14,1.05769632126725e-08,1.05045639892601e-09,2.90223616829933e-09,2.71996356036274e-07,-4.48901465045873e-16,-1.35664127128073e-15,8.96601605895549e-08,-3.80450957431904e-16,1.26718714582692e-15,5.74172415216076e-07,-6.4372643517574e-07,-8.33292194515513e-07,-7.01419504366109e-09,2.13134755871966e-05,4.67897926611291e-07,2.10608882876788e-08,7.9836201060009e-16,5.26892070985867e-08,2.47939654627492e-09,1.14061356119699e-08,-8.09689198282857e-07,3.28194699276596e-06,-2.7634951079932e-15,2.80967520946959e-15,9.02262181310848e-15,-4.34077900495346e-08,-1.48724213616698e-07,-1.24937860517211e-07,5.76691152906054e-16,-1.17861892737279e-07,-3.07368592981711e-15,-6.78381066567998e-16,3.45432733446002e-06,-7.61572722904711e-08,-5.69814802454334e-14,-2.05311981589162e-07,-7.85970275924922e-07,2.27821176316538e-14,4.04422409144405e-07,-2.10260679362762e-15,1.54823076604264e-07,-9.78286959372349e-15,1.61872824553442e-07,1.45670135931047e-06,3.83748623593583e-07,5.58563844710107e-08,4.65927256838459e-07,-0.379464001198493,-2.87321423629222e-07,2.91903230890517e-16,-4.29378948225159e-06,1.62111809783806e-07,6.07948716221128e-15,1.40424557355522e-06,3.48309032549737e-08,-2.74441519207083e-07,4.34675088792402e-16,4.42914975305112e-09,6.86865186777852e-08,-8.03246133307397e-17,-3.68122099477605e-08,-9.35038695020594e-09,-4.80677921577083e-09,6.04513207241757e-15,2.13458913282068e-14,1.88425491485834e-08,6.40782039382195e-09,5.28091966702775e-10,-9.8441572337434e-08,5.12746222324628e-09,6.07735137886691e-16,7.2106460599014e-16,1.90334180947876e-08,1.31479006934432e-10,-7.92136548775808e-15,4.72784075757567e-08,1.50384260309273e-15,1.73336424280041e-07,-9.50125547808409e-09,-5.56134598734683e-09,-3.71222865060018e-08,-1.06152364417545e-14,-8.02542989515048e-16,-9.41361773071866e-15,-1.52822836201813e-15,-2.17762450989505e-08,-5.67558286072321e-07,1.28137247396878e-14,-1.19420375316967e-14,1.67989813799952e-14,1.08037312727666e-07,7.30568231572869e-09,-5.44351548023504e-08,1.64722309893497e-14,0.70710678118654,-2.60268848717903e-13,-3.49723036188436e-07,7.4294563761146e-08,-8.18998130511991e-16,9.86025533872894e-08,-3.46175624771543e-07,-2.77195015585433e-15,-5.8483774738196e-17,-3.48724906962887e-08,-3.57553043532606e-10,-1.73809549336847e-08,5.59846933258096e-16,1.97206194319254e-08,2.88431543560564e-08,3.11244856685345e-08,-2.85772532793307e-08,-1.01978361515632e-07,6.52014433801215e-08,-9.68619883408253e-16,-1.25652861166712e-14,8.98081885590424e-16,1.33002484098058e-05,-1.51686468338027e-07,-8.31620966507026e-09,-6.60434434443523e-09,-7.52566250987638e-15,2.19090092365266e-15,4.7311127383865e-16,-1.34651749458753e-15,5.58363413377787e-15,2.19959902210573e-07,7.06642221551787e-16,1.12537454008306e-15,-5.160298474121e-09,-3.84241559694956e-16,-4.62005322686012e-09,-1.50182336151807e-15,-5.72929940560637e-09,8.05143527835028e-16,-6.97297675733173e-09,-8.73781747286144e-10,-4.12804805722856e-06,7.08306178412681e-16,2.812434598522e-08,-8.7002118555851e-16,4.00805475905437e-08,-4.90121063014303e-07,3.92020995806716e-10,1.95426993064016e-15,5.73001061502189e-08,-5.92975453637404e-16,-1.41235301942851e-08,-7.97295599138725e-08,-1.35030467370283e-15,5.92338440702601e-17,1.28904207069399e-15,5.47104031985565e-16,-2.68267309411587e-10,-3.49549874220268e-09,-7.81099768017475e-10,-4.9465303010084e-17,-9.9121944784803e-16,-5.80013544047084e-08,1.70523895481159e-05,-1.74193437238637e-15,6.22214047984745e-16,-3.57912352614155e-09,2.05479039109011e-15,-2.53842987970531e-08,1.59106626590834e-15,2.40174705190788e-07,-3.84850824431858e-16,-8.30962085299817e-16,-9.35558757907742e-16,1.73115951177149e-16,-2.27744803932695e-16,-3.95306564205358e-15,2.51774093672714e-06,-1.76086973860756e-05,-1.22914942655786e-16,-2.15112120259211e-08,8.18801140913229e-08,1.10836171045724e-15,7.66032684086627e-17,-7.0587846804242e-16,-6.08805035667933e-16,8.09077068355816e-09,1.29453384259438e-09,-5.08412049375917e-16,9.75263720787136e-16,-1.47081509312766e-08,-5.24704936488223e-08,-5.49260841891988e-09,1.14796498242124e-15,-1.83660067881176e-16,-3.15368766611447e-16,-3.78287660369233e-18,-6.26978236191204e-16,-1.0089145376391e-15,3.11115731251887e-08,-2.9434826041284e-08,-5.66151084183331e-09,5.81837590267245e-16,4.09775221410961e-16,7.50618674712409e-16,2.29400643216232e-16,-1.03506774650951e-15,-8.04571195203063e-16,8.18544168035732e-16,5.17941657791098e-17,-3.64351423521023e-16,-8.06845655081763e-17,-4.82452535626179e-16,5.56891157727591e-16,-7.75530468452764e-16,2.26071208689141e-17,1.60866254269894e-07,8.60380951495024e-16,1.06557801045023e-15,-6.21177015629989e-16,3.05157830777569e-07,-5.31927638545471e-10,-9.66516679655232e-16,-6.17926162124268e-07,2.79051404691868e-07,3.04505985024235e-16,4.59675012220195e-16,-7.79214297716785e-08,-4.75121763512872e-16,6.87907815620333e-09,-1.68359340351138e-15,-6.00059984144971e-17,3.54801299418728e-16,-9.57946996891945e-16,9.75277455938807e-10,-1.33934828023424e-07,3.13463564309719e-16,2.7536960488899e-16,-4.49511030995394e-16,-8.44846306015767e-16,3.6622033221768e-15,-2.46563405911726e-16,-9.90008063619976e-17,-2.60757968067077e-16,8.32818883527335e-08,-1.40054706715489e-17,-2.1226501376353e-16,-6.85669301793865e-17,-1.0652722510217e-15,5.92433259595571e-16,4.39401142173192e-16,-3.19014654089636e-08,-6.68371832803811e-17,-1.67818456849384e-16,2.37867449103985e-08,5.68682417559831e-16,2.70446820172501e-16,2.96527484890954e-16,9.72731586660127e-16,1.37074971439785e-07,2.79410100909246e-16,-1.46560116040656e-08,-4.34759460333055e-16,-2.03313386565275e-16,1.85908323681456e-15,3.72779272781854e-15,2.40640548802794e-16,6.65588446632504e-16,5.29726986308883e-10,-5.62873958971517e-16,-2.54596199697114e-16,1.61331380591626e-06,-6.61362144647409e-08,-9.37714310080588e-17,4.63408287416976e-08,6.78753988158139e-09,4.32451635335606e-16,7.72129039035477e-16,-9.77612073335016e-16,-5.8437044202805e-16,-4.08898506462291e-16,-1.14085265232563e-08,1.11246533756466e-15,4.53076465844129e-16,-6.0107260190667e-16,4.5681256903778e-09,6.40912904639188e-16,-1.53134162211834e-16,-5.06083460948155e-16,1.01389341063687e-16,-2.08168672220403e-09,-3.48301041634856e-17,4.32292267783457e-09,-2.221148729813e-16,-4.06686092496458e-16,-2.70183724386479e-16,1.70729967795599e-16,-1.21873870399642e-16,2.19851074146613e-16,-1.51561626093872e-16,-9.7073263701997e-08,-6.67876819681036e-16,1.46868607349142e-16,3.1536798510478e-08,7.49356021757554e-16,-3.49487546151096e-16,-4.12846244393032e-17,8.02528585819186e-17,-8.53856156099075e-18,-9.73956579621512e-17,-3.31342819699313e-08,-4.80062407184573e-16,1.78823371130407e-16,6.80846212121489e-08,2.41084323409607e-16,6.54014329845817e-16,-6.30471708549822e-16,2.72136695978182e-16,-4.31757277379615e-16,-6.05169819177716e-17,-6.31534554895379e-16,-1.12982305351767e-16,1.95812566233143e-16,1.3490966937489e-16,7.18700211427453e-17,-3.57238575826653e-08,1.53297350267388e-07,4.24311090210832e-17,7.35240675067958e-16,2.69462599352888e-16,1.02406978319278e-16,3.71450310675522e-15,-6.83584067338597e-16,-4.19267749122336e-16,-3.29387752589652e-17,-1.48812591878851e-09,-1.36550828232841e-16,1.20731463746638e-16,-2.61510146311242e-16,-1.02774619096058e-16,1.90581448995168e-09,-5.49616177484974e-16,-1.62484264162233e-07,1.72584318028857e-16,-6.19803439013686e-17,3.71942295613587e-16,-3.0717439551393e-16,8.88310322697534e-17,-2.53451953011985e-16,2.04013547554193e-16,5.22805492153872e-16,5.9442166392063e-17,-1.44353060520359e-16,-4.11654107768698e-16,2.00728581943172e-16,2.01257966675847e-16,-1.02745547161596e-16,-1.46824446388761e-16,-1.12570279984784e-17,5.03534719714559e-17,1.85446905517131e-16,-2.5571418060237e-16,2.31332186963746e-16,2.85352419863648e-15,-1.78985289019798e-16,5.74056183574466e-17,-1.81137504348384e-16,-3.22468426665387e-16,1.4394428063162e-10,-1.55760235868491e-16,1.46529083105132e-16,-4.34824555637526e-16,-3.31107470956283e-16,-1.32518941630466e-17,-6.7161886380033e-17,7.38252914961915e-16,-9.83709751140159e-17,2.72762584087665e-16,-1.68096831296586e-16,-6.37751270541436e-15,-1.26746723067581e-16,1.58464763831437e-16,2.09784881272e-16,8.89240851728213e-17,-1.65225215932186e-16,4.46414269823851e-16,-1.85387906073643e-09,2.99401504819354e-16,4.15451190167013e-16,9.04857917810889e-17,-3.10200035353219e-16,-4.78889467043384e-16,-6.4425934425069e-17,1.29231950566404e-16,-8.53004114734215e-16,-1.42358375232506e-16,3.93072145151838e-10,6.05309033346114e-16,-9.67925157859087e-17,1.28780737227066e-16,1.4568306045273e-16,9.35144901933229e-17,-7.605905036676e-18,1.37254535091168e-17,2.25370468034578e-16,-2.70236416508944e-16,-3.4030504269223e-17,2.40808407589671e-16,3.19551224316563e-17,5.76896275243829e-17,1.98448542693109e-09,-7.08436897000664e-17,2.17513487705305e-16,1.30448096535103e-16,-3.03699433456654e-16,-5.97511319488832e-09,-1.34406692085396e-16,-3.48715070931009e-16,-1.24195096781317e-17,2.77956290427278e-16,-2.23805316596573e-17,1.35585171001347e-16,-2.32810638184317e-16,-4.10982527292984e-18,-2.54873394179284e-17,1.09865382238246e-16,-1.75198533204141e-16,1.66405381037593e-18,4.11554052657341e-17,1.25678227950865e-16,-1.19415741620307e-16,7.32336724276255e-17,-3.20840194032818e-16
"t243",-0.0412617555917724,0.034873509050997,-0.0570235044717541,0.0258871080958477,0.00714796714916187,-0.00343582082447796,0.0224968687379326,-0.0485205124006626,2.39422782532528e-05,-9.38628214385284e-05,1.27940375371782e-06,-0.00481726690043477,0.00947330569094074,-0.00149208428505088,0.000457125236586677,0.0860547301329964,-0.00217523970583832,0.00481930051142151,-0.000355640867359841,0.000177753942285452,-0.0209292313303162,-0.22536222693942,-0.000537686756489898,0.00329905959355488,-0.000497400334967125,0.000282677194244525,-0.000374830056460796,0.00037594029832675,-0.00843195416786177,0.00330554655214612,-8.95631023045469e-06,1.45574917864973e-05,-0.0042983512685148,1.0252392421385e-05,-5.47637885031345e-06,-8.00887933812504e-06,-0.000313704634816815,2.18636122556618e-06,1.76172369129318e-05,4.749188904114e-06,0.000239591607050083,-3.04028397394996e-05,0.000256348657858148,-3.00177405453772e-05,0.00654816659312668,-1.32934130606263e-05,1.75806682925826e-05,-0.000349845241688029,2.7573086689446e-05,-5.42708894961071e-05,0.000387675292020662,-3.89268195648032e-05,5.58438359515882e-08,-0.0137808467044789,4.34803351604139e-06,-4.65949178959109e-05,1.91043765934334e-06,-0.000128356884558957,4.35673861723334e-05,-0.00223014883427433,-5.40034448748042e-05,6.36904903146848e-06,-0.000209444196459635,0.000111676940337462,-8.10193595625073e-06,0.000193191447845891,-1.25689153420161e-06,4.57766571972498e-05,-0.000127278407256499,5.17629274495851e-05,-5.85979926474063e-05,0.336235724499047,1.8297139707722e-05,-2.25575518928091e-05,4.20122294848396e-05,4.97585875329675e-07,-0.0157924012065643,-1.90380130082557e-05,9.66908531890566e-06,1.35356713844485e-06,3.28843029255534e-06,5.97661227495445e-05,-1.72416310510289e-05,-0.000131623251676802,2.18093052777815e-05,0.00606649173316004,-0.00510060356230467,-0.000110678951622604,-4.79214025759704e-05,0.0767981343980479,9.85958139835321e-05,-0.0559478509833265,-1.56226778786801e-05,0.000663238661151712,2.64813968254493e-07,0.000625295939284138,-1.44882490909812e-05,-0.000289605763159091,4.57776845814129e-05,1.00368420755745e-05,1.80061230276337e-06,-8.56515062959097e-07,2.3706507516214e-06,-2.90305017503446e-07,1.13036682635113e-07,-1.15762319621461e-06,4.56886710290849e-06,-1.14526727928661e-06,5.99837162355678e-07,-5.53377598269678e-06,-4.94759021264151e-07,-7.08970471431215e-07,1.4408262081833e-06,1.04729760895639e-06,-5.99686080814414e-09,3.95733436946766e-07,-6.97766336692502e-07,1.09868756350874e-06,-1.53305908699555e-06,4.76898787365669e-06,-2.65750519504981e-05,8.65781221941338e-06,-1.56959636935266e-05,-4.54576530188952e-05,0.00152958340335586,-0.00228358644927377,0.0712402694973662,5.23454329448902e-06,-2.08047151905235e-06,-6.77886302298542e-05,1.03235873436524e-06,-3.01895784089485e-06,3.180568988582e-06,5.80109527983269e-07,-1.09763592616127e-06,-5.93721482111509e-07,7.39992141904283e-10,-4.96375291409121e-07,4.54532585167752e-07,-1.32773461821193e-06,-9.24888137991594e-08,-3.72697711065498e-06,7.75846199323066e-07,7.62041036249515e-08,1.57816086957787e-05,-1.13278733393855e-08,-6.30505598481362e-07,1.09278217494725e-07,7.37610293110213e-09,-2.66658348315818e-08,-0.000115618457894401,-7.89813536646058e-08,-1.37282136251982e-05,6.67550656660622e-07,-2.1655426233716e-07,-1.90448658505411e-08,2.87518424919717e-07,-1.86104631413689e-05,-8.80658583842781e-08,-2.92123643597562e-08,-1.4254134930556e-05,2.77538149084134e-07,-1.53760618818982e-07,-2.0277897000127e-05,2.38816876715859e-06,-8.59633914377239e-06,1.33295048203985e-06,2.28024120731618e-08,1.13396160453974e-06,1.51286727339496e-06,-1.791523822891e-05,-4.2279184611222e-06,3.0549653055161e-05,1.28944287756306e-07,2.23141958013257e-06,5.008965278622e-08,1.97982600920778e-07,-1.38821464742186e-06,-1.12636832198116e-06,-0.000184896304275579,9.13097619077856e-06,2.92088737872105e-05,-7.23414579261947e-07,-2.33205340913266e-08,-8.99156095936501e-08,-1.63887623849131e-07,-3.35028889009e-06,9.46238696006984e-07,4.33545877738125e-06,-0.000240722261822797,-8.28764544947836e-08,1.6418740395082e-07,6.63007818613721e-07,8.66646632766316e-09,1.17295506441877e-07,-1.72542198352026e-07,-3.21459741892041e-07,-0.000150744513926431,1.92602674277898e-07,9.17736288846477e-08,9.21320159758193e-08,1.6384281655262e-05,-2.92900086522382e-09,-6.31151361147321e-06,-1.38712616044968e-06,-6.9470180860763e-05,1.95806737538117e-06,0.00855504885012961,2.70174510821045e-06,3.22317174123765e-09,-2.41921053746635e-06,6.64204263648114e-06,-2.58177845784332e-05,-4.5920873297175e-07,-2.44271997971851e-06,-3.53989452307542e-07,4.42666032561655e-06,4.92492033102236e-08,-9.43525664207603e-08,-4.79772000383677e-07,-2.6331359042831e-06,2.82044358158054e-05,8.22746564809623e-07,2.69843024897959e-06,-6.98225893032185e-07,-3.57936205737185e-07,-3.77870671482599e-06,-2.64156482690172e-07,-4.16893168594864e-07,-3.34162377936933e-07,9.26963068212046e-06,1.46023916794079e-06,1.13705235536426e-07,1.90414358757161e-07,-1.02042875219297e-08,-1.30031746689257e-06,-9.16357533494048e-07,8.69554823268436e-17,-2.0678530792462e-07,0.000362379961263357,-2.37837949601211e-07,-5.89729284337237e-06,-7.52540734905824e-07,6.94593546212259e-06,-1.93556180426119e-07,0.000460338846194412,-1.69431084623653e-09,6.49853110633649e-10,-1.10149149168143e-06,1.67149293682476e-06,-5.29338422276634e-08,7.2652021336523e-06,-3.41585586010451e-07,1.1665651854356e-05,-3.33897641327519e-07,4.0558970704503e-07,-4.03807805273578e-07,4.52412761833425e-05,1.86904024060167e-07,-3.62330454832443e-08,7.95805793777321e-07,-1.54500429613362e-07,1.69985373172978e-05,-8.50783846852176e-06,8.5725874212874e-08,-2.9214176389759e-08,3.58885087893028e-08,2.54205178896425e-06,-5.81364077292126e-06,3.88604434621759e-08,1.56547644934704e-08,-3.50002085255744e-08,3.05252061296103e-06,-0.0082409214410599,-1.28872662708333e-06,6.30378738330276e-06,5.06657836176754e-06,-1.54527924886142e-07,6.03397343517745e-07,-2.34143044950605e-07,1.32043018412842e-07,-3.62497387348845e-16,-3.54902063491393e-07,-1.22598786315403e-08,-1.16749053442715e-10,-1.05313768952883e-06,1.91340969984003e-08,-1.19553246088733e-08,-2.14823503742974e-06,2.50588867042259e-07,-2.61604927270201e-07,6.85465458861743e-07,2.52219708258585e-08,-2.2682981428938e-08,2.93420206558406e-07,-3.55458709807598e-07,7.9527149123667e-06,-1.72801633334438e-07,7.55897571698785e-05,8.297851203297e-09,4.65899462671292e-08,4.03556554032796e-07,-3.31327554157507e-06,7.80262465698139e-08,-2.97330216051231e-07,3.97532656932149e-07,-1.43961153226001e-06,8.92184010307527e-08,8.04967474850411e-08,6.12285714076508e-07,-1.02840463551345e-06,-8.21679475594621e-08,6.65359802341906e-07,-4.32744371765086e-07,1.06670225280705e-08,9.87870233121289e-08,-1.89940061434792e-07,2.76543380484511e-16,5.42510723080363e-10,2.28482024619265e-06,-0.000550270427213131,7.96396069378544e-08,1.02952131175452e-07,3.70398378719908e-08,8.80231042828818e-08,-1.29138445802046e-06,4.77296737525731e-07,-1.54260748890611e-16,-3.57499572563976e-07,-4.34413298986802e-09,-1.20594119153574e-08,4.00815213977803e-07,8.89057565251689e-08,-5.93527362159663e-09,-2.23367407626744e-07,5.88607503208822e-08,-1.89848850310832e-06,3.50020896879229e-07,-6.98383825888416e-08,-1.24970018550649e-07,-6.56366814048266e-09,-1.63981948848174e-05,-1.21921831658933e-07,5.0656689983412e-07,-1.30180804194984e-07,-8.21203804511357e-16,-1.88337656174401e-05,7.35255241846033e-06,5.14453332850715e-09,3.52908773495522e-07,-2.17085646111272e-07,-4.12187181735199e-07,1.40805322034481e-06,-5.08164551800362e-06,-3.44165921694657e-08,3.94480604618183e-16,-6.15210506673055e-08,-1.68325498935405e-07,-7.33413833449611e-08,3.19952291280393e-16,1.30987806385766e-07,1.68465254401264e-06,-2.55029834615148e-07,-1.02863434919699e-07,-3.3375549969117e-08,-1.74777830581044e-08,-6.14192359286371e-07,1.62155096975883e-08,1.71154602432088e-07,4.80354502499634e-08,3.14456063076608e-08,2.36289509384726e-06,-2.94170731537378e-16,-8.34511723821816e-06,4.56855478883535e-08,2.67990682226593e-07,-2.24235989807217e-08,1.02478946218787e-16,-1.08609011421141e-08,-1.29092362182654e-05,5.39963517562135e-09,6.41332904587982e-09,2.14287912129469e-08,-1.78877688496574e-06,7.44289292126501e-07,-2.70779969038737e-07,-4.15387296852954e-15,-2.37108469747041e-06,0.000127349198039739,-1.15408298084573e-05,-5.31784670203657e-06,5.55515210384744e-07,4.14614830191876e-09,1.65703213555256e-14,1.28419381898064e-14,9.44216357400511e-09,0.397976579732481,0.00079761952899056,-1.81450362476079e-06,7.87365283360955e-15,-3.33463824079634e-07,-3.20519909606562e-09,2.49477157897236e-15,-1.28970329262587e-15,1.19141108526618e-15,4.59185800478618e-07,1.30813011928931e-06,-1.70469028865082e-06,9.3579403929873e-07,4.62853909820048e-07,8.92104719927122e-07,-2.67695354096236e-06,-1.41864699528299e-15,-5.27646842467641e-07,1.86262618570281e-06,-1.73365305711402e-16,8.14454123766534e-15,-8.18565390523323e-07,-6.21422293027595e-11,-3.73787828093615e-05,3.5633003278152e-07,3.29303248082367e-06,-2.34549197196561e-08,-2.76250263626391e-14,-7.84511116758318e-08,4.45352761003865e-16,-2.63407108518345e-07,-3.94169535238225e-14,-3.81570290488487e-05,-5.87222384050337e-17,3.65095960903669e-07,6.52755123790555e-07,2.92281333173537e-08,3.818632983862e-07,1.31229309155374e-06,-1.19988641070655e-05,9.37133355060747e-07,4.58907583952752e-08,2.23203821986017e-07,2.04653872619411e-08,2.5533862645805e-05,-8.83790097609083e-07,-2.16152874016465e-07,-1.74449647907001e-08,-3.33414478061359e-05,-1.75733055287414e-16,3.85056347294289e-06,-6.58860338430484e-07,6.37847516291327e-08,5.07339724361734e-16,8.40492824484551e-09,2.26394974000007e-07,8.07989279342791e-07,-5.77234889216472e-16,-1.35880348582501e-06,-1.03532652127001e-07,1.94073666798229e-15,-1.36584969490229e-07,1.5743497918555e-05,-5.68502252427788e-17,1.16387993682247e-16,-7.67959836776988e-08,-5.9401912690433e-08,-3.38511950068521e-10,-4.6978895988023e-07,1.24870799656796e-07,2.54840993563805e-07,3.53935698524044e-08,4.34007205377183e-07,-7.38592923795433e-07,-1.84435799965854e-14,1.05769634874042e-08,1.05045775145648e-09,2.90223334792572e-09,2.71996356496616e-07,2.53512212600811e-16,9.83652261177199e-16,8.96601623059071e-08,-1.84729260731509e-16,1.53607787258469e-15,5.74172414714293e-07,-6.43726436897386e-07,-8.33292195895713e-07,-7.01419346088119e-09,2.13134755908492e-05,4.67897927068535e-07,2.10608890791823e-08,-3.98048698855587e-16,5.26892074468042e-08,2.47939172160356e-09,1.14061352272019e-08,-8.09689198756304e-07,3.28194699697634e-06,1.74785476469221e-15,-2.19321337397654e-15,1.85212409010492e-14,-4.34077923899232e-08,-1.4872421136434e-07,-1.24937861628134e-07,2.65492461234238e-15,-1.1786189193255e-07,1.12904667078354e-15,-2.75026775936324e-15,3.45432733430074e-06,-7.61572721415143e-08,-5.62900319589222e-16,-2.05311979295308e-07,-7.85970275054522e-07,2.09834145441307e-14,4.04422407087107e-07,-2.26545056917328e-15,1.54823076632797e-07,-7.77969795617996e-15,1.61872824089532e-07,1.45670136095388e-06,3.83748625591909e-07,5.58563779201208e-08,4.65927257240205e-07,-0.379464001198486,-2.87321423968016e-07,4.7729636425335e-16,-4.29378948639786e-06,1.62111800046921e-07,4.01551089580499e-15,1.40424557673852e-06,3.48309049220295e-08,-2.74441516258886e-07,-3.14384585156119e-15,4.42914590988528e-09,6.86865279036367e-08,-8.61048735836837e-16,-3.6812209464848e-08,-9.35038716383811e-09,-4.80678646015517e-09,-8.49234298528253e-15,-2.99108845145093e-14,1.88425550008392e-08,6.4078226237652e-09,5.28099781647614e-10,-9.84415803055272e-08,5.12744968509521e-09,2.87069590869788e-16,-1.98232461932774e-15,1.90334446678204e-08,1.31445359182578e-10,9.21012798069758e-15,4.72784024782566e-08,-1.15116392869043e-15,1.73336419537083e-07,-9.5012238817215e-09,-5.5613595203807e-09,-3.71222779887586e-08,7.44888337826583e-15,1.13071779945765e-15,8.10465113893149e-15,2.4241608401509e-16,-2.17762753053475e-08,-5.67558238095391e-07,-1.48080086267631e-14,1.41530443640732e-14,-1.74128285741293e-14,1.08037387187164e-07,7.30555526415449e-09,-5.44351492472429e-08,-1.64537714163582e-14,-0.707106781186558,2.49672327546233e-13,-3.49723030430548e-07,7.42945966800354e-08,1.12535221485342e-15,9.86025407241823e-08,-3.46175632054949e-07,3.66172824774813e-15,8.59904140041704e-16,-3.48725061514375e-08,-3.57558319227003e-10,-1.73809761349095e-08,-1.22379026038676e-15,1.97206119347555e-08,2.88431460640345e-08,3.11244817445958e-08,-2.85772588923632e-08,-1.01978361947338e-07,6.52014281368684e-08,8.14207375759233e-17,1.18080359188933e-14,-2.83159887208251e-15,1.33002484124314e-05,-1.51686473177938e-07,-8.31620891421737e-09,-6.60434817951955e-09,5.97179907471038e-15,-3.45855489935033e-15,-8.77094412802894e-17,3.35258081128509e-16,-7.05934757859658e-15,2.19959900679016e-07,-7.142202357255e-16,-5.56139239096986e-16,-5.16029905940648e-09,4.17035158996941e-17,-4.62005685377939e-09,1.73136894237684e-15,-5.72931039251332e-09,-5.98929902882132e-16,-6.97297599357728e-09,-8.73786127722067e-10,-4.12804805730992e-06,-1.29841283413071e-15,2.81243466272675e-08,7.67597041598475e-16,4.00805481991824e-08,-4.90121059879092e-07,3.92019962160195e-10,-2.10109355872512e-15,5.73001107475664e-08,2.99283698218604e-16,-1.41235336484518e-08,-7.97295592174345e-08,1.45474306112486e-15,8.53708360368992e-16,-1.17360725398044e-15,1.10450527126396e-16,-2.68263377951549e-10,-3.49550020790394e-09,-7.81098049873706e-10,-7.67691745211842e-16,1.24354012223709e-15,-5.80013516047609e-08,1.70523895240918e-05,9.22960697102088e-16,-7.67010561768734e-16,-3.57912323805039e-09,-2.35468420336064e-15,-2.53842987873332e-08,-1.96409385968629e-15,2.401747064416e-07,-3.36358077577215e-16,1.7827639027086e-16,8.24972002407229e-16,-4.756734127125e-16,3.61160595251722e-16,4.1212771577537e-15,2.51774093566305e-06,-1.76086973813701e-05,1.40053089149263e-17,-2.15112115917169e-08,8.18801134004667e-08,-1.93513851691712e-15,-1.46728021619401e-16,2.20671422044167e-16,9.72541104961633e-16,8.09076943310023e-09,1.29453704602158e-09,3.98398275904093e-16,-1.75851221315676e-15,-1.47081494796871e-08,-5.24704956224597e-08,-5.49260860957972e-09,-6.32277460504312e-16,-8.65326300528429e-17,3.42027276712316e-16,1.08454912880277e-15,2.04785428561347e-16,6.48655399099188e-16,3.11115712860386e-08,-2.94348264166333e-08,-5.66151095091914e-09,-9.22361429002926e-17,-2.42449493516773e-16,-1.02515132353177e-15,-6.21405459849815e-17,1.12248954370056e-15,1.362397742765e-15,-5.15710361884917e-16,1.93969134345886e-16,2.52790662820537e-16,2.11895475655002e-16,-2.38471301073438e-16,-5.04055853409022e-16,5.1131897153951e-16,3.56634976078293e-16,1.60866254456782e-07,-3.82718595037721e-16,1.49838914667345e-15,4.52681796508915e-17,3.05157828201349e-07,-5.31927231906632e-10,5.69645845866798e-16,-6.17926161613845e-07,2.79051404442206e-07,-2.0395749112733e-16,-7.16061502184906e-16,-7.79214286269452e-08,-1.20062301688694e-16,6.87908118715494e-09,1.64682864567894e-15,-2.30489173639537e-16,-2.94404011339882e-16,8.25422772624594e-16,9.75277444142759e-10,-1.33934829693535e-07,-1.60641277892703e-16,-1.29737461311929e-16,5.31726379270189e-16,8.22691875089068e-16,9.12309138972466e-17,1.64249081721133e-16,-1.97193568070642e-16,3.28717519619026e-16,8.32818872138863e-08,-3.95124004960888e-17,8.06457119056256e-17,-5.14588959829227e-17,3.23843299687048e-16,-7.52403265741394e-16,-9.77569129135244e-17,-3.19014649962761e-08,-1.2673551335519e-16,-5.99815344849888e-17,2.37867451712177e-08,1.51833224578836e-16,-3.83949643571895e-16,-5.52729386163556e-16,-1.54747590919675e-15,1.37074972898948e-07,-2.24488885250835e-16,-1.46560106409157e-08,8.43130152360685e-16,1.85722513755003e-16,-9.76012096851014e-16,-2.44168998423186e-15,2.08904887261224e-17,-1.10551138226443e-15,5.297246893746e-10,-2.01012318940247e-16,-4.4425848468717e-16,1.61331380381445e-06,-6.61362143525044e-08,8.33433397632095e-17,4.63408282751628e-08,6.78753888435455e-09,-4.20338280635445e-16,-1.09655016757594e-16,8.71551952872379e-16,7.11746711115832e-16,5.78406882399792e-16,-1.14085255213956e-08,-3.24336051523585e-16,3.45458059229394e-17,-1.14813573983566e-16,4.56812591310935e-09,4.9057110802325e-16,-2.17759223579847e-16,4.90491115907223e-16,-1.85883615152233e-16,-2.08168591463215e-09,1.92701003477687e-16,4.32292362464332e-09,2.30493817568025e-16,-1.48982661790544e-16,1.22000809417618e-16,-5.46735364315068e-17,2.00622710194228e-16,-7.55199996926293e-17,2.4286828512483e-16,-9.70732621487493e-08,1.01197632532406e-15,4.93734937467467e-17,3.1536795907019e-08,-8.99298927674487e-17,2.95143973422442e-16,-5.54021213036506e-16,-1.62774868526728e-16,1.76218441961235e-16,2.23458582746369e-17,-3.31342813131819e-08,2.4320411810601e-16,2.05361003825546e-16,6.80846198002149e-08,-5.84808709619767e-17,-1.68690148709834e-16,6.42302989608224e-16,4.40994331931385e-17,7.23558683066065e-16,-6.33725881404275e-16,3.32653791022913e-16,6.6133235412794e-17,-8.98381854930582e-17,-1.05870647661541e-16,1.15271121690214e-16,-3.5723857859983e-08,1.53297350356891e-07,9.36351915606106e-16,-3.28280297105902e-16,-2.80587510301558e-16,-4.5299092059743e-16,-6.33877353011067e-15,4.80974129883428e-16,-1.18079144416155e-17,5.06080236964001e-16,-1.48812611150657e-09,-5.09485850442503e-16,-1.23720838349192e-16,9.19039554186778e-17,1.45991524989755e-16,1.90581511842151e-09,4.70663194489192e-16,-1.62484261867739e-07,-1.336107571403e-16,4.13577518166971e-16,-1.63763231959685e-16,1.52682287625124e-16,-7.67104752422467e-17,7.10468533959024e-16,5.27338843402308e-17,3.24964489272772e-16,-1.22845479148303e-16,2.27488537405363e-16,1.84905619221226e-16,-2.07285848475301e-16,-3.04640291351837e-16,9.18625323066232e-17,1.28806547883177e-16,5.96513434141418e-17,-1.0465729339054e-16,2.25806157523947e-18,9.0823503670542e-17,1.28321885028005e-16,-2.56495188294775e-15,3.18453342229607e-17,3.61513069266718e-16,3.14927995478478e-16,-7.78556174042802e-17,1.43944422397188e-10,3.60188430809394e-16,-5.29300833086569e-17,1.79387044343023e-16,2.24754614466179e-16,-2.33246230400773e-16,1.40795307426346e-16,-3.52663892627529e-16,1.66367819050369e-16,-2.16134211508551e-16,1.1863157250727e-16,-1.4033163916362e-15,1.31087463260835e-16,1.31890127206249e-17,-1.03386600753985e-16,5.96945846243433e-16,-8.97132928955418e-17,-3.8884249045015e-16,-1.8538796383289e-09,-2.17731323038063e-16,-4.01587239766741e-16,-1.39907487403611e-16,2.38904038890692e-16,5.67139856106428e-16,-1.46198832002613e-16,-4.42232712796302e-17,-8.67294684030898e-17,1.85885297202943e-16,3.9307276541289e-10,-5.35057899825117e-16,1.367384133981e-17,-1.38539911195562e-16,-3.83347366463138e-17,3.46457369113924e-17,-2.43503671263408e-18,1.36939659013803e-17,-2.28631541301757e-16,1.52384323810189e-16,-4.06457275161534e-16,-5.0756139636547e-16,4.26243163695159e-17,-5.25191641124692e-17,1.98448548294222e-09,-1.99265455134619e-18,1.00100295277715e-16,2.07108303985212e-16,-3.14409861127061e-16,-5.97511270516866e-09,9.85974622692052e-17,5.45690331459811e-16,4.93808311819798e-18,-3.25029382815407e-16,-2.26330446748766e-16,2.51649683071504e-16,6.06082198025472e-17,-3.04566671268207e-17,-2.56750826238585e-17,-6.82752170781992e-17,2.56448801431034e-16,-5.49026634407953e-17,-8.34686445688018e-17,2.94133051163734e-17,9.76204436405111e-17,-9.23023688748701e-17,-1.00631157463224e-16
"t728",-0.0412723257427643,0.0348923379072286,-0.0570552884930487,0.0259064476601453,0.00715450563150212,-0.00343950819236911,0.0225214868230689,-0.0485778315040992,2.39756832586119e-05,-9.40216190626342e-05,1.28214977712648e-06,-0.00483000556282875,0.00949908904203006,-0.00149620671325533,0.000458443241084014,0.0863174833079598,-0.00218203996150502,0.00483463954541322,-0.000356799009792946,0.000178382786304349,-0.0210093165447773,-0.226403016156653,-0.000540309169817933,0.00331524173211984,-0.000499849727470161,0.000284135607178399,-0.000376786796790912,0.000377920460670068,-0.00847755946969636,0.00332666268589088,-9.01732746950697e-06,1.46611883445404e-05,-0.00433118440497932,1.03344274005057e-05,-5.52244116361613e-06,-8.08163836694346e-06,-0.00031659081868031,2.20679696925902e-06,1.77830265669959e-05,4.79454882599569e-06,0.000241945926552776,-3.07088528602372e-05,0.000258967471311457,-3.03247718115712e-05,0.00661631598427626,-1.34406289315841e-05,1.77789828809908e-05,-0.000353825593491394,2.78943359537857e-05,-5.49193444684365e-05,0.000392462395979818,-3.94147957652679e-05,5.65454154442462e-08,-0.0139572141592205,4.4056931315184e-06,-4.7216097888856e-05,1.93835610825058e-06,-0.000130278213479344,4.4221379907289e-05,-0.0022655874273276,-5.48979200534761e-05,6.47667754687268e-06,-0.000213040695193467,0.000113602307368692,-8.24577077107573e-06,0.000196710693066087,-1.28108231064324e-06,4.66790553737903e-05,-0.000129815030951001,5.28148322270947e-05,-5.99112510985433e-05,0.344314132184249,1.87413292074064e-05,-2.31168674253031e-05,4.30566630567134e-05,5.10067959943828e-07,-0.0161899746142596,-1.95256996682125e-05,9.92648272718148e-06,1.39015216295851e-06,3.37961255654623e-06,6.14324217618725e-05,-1.77415914043943e-05,-0.000135484520461976,2.24809327913398e-05,0.00625574463769957,-0.00526179786360081,-0.000114184038653784,-4.94398492409329e-05,0.0792349008961028,0.00010173952880592,-0.0578142653258828,-1.61459735715321e-05,0.000686063947498707,2.74349734314077e-07,0.000647963520548668,-1.50136257394323e-05,-0.000300285724070619,4.74763435127659e-05,1.04179900371436e-05,1.87027034138018e-06,-8.89704279246164e-07,2.46268066714517e-06,-3.02516479563005e-07,1.17819283082256e-07,-1.20682455545545e-06,4.76461538976726e-06,-1.19444451990435e-06,6.25695552159488e-07,-5.7737535429439e-06,-5.16256189313631e-07,-7.4012859903984e-07,1.50423413529146e-06,1.09476692512073e-06,-6.27036344720732e-09,4.14027140536082e-07,-7.3021665029961e-07,1.15062647969384e-06,-1.60666876366987e-06,5.00064774423435e-06,-2.78744631049554e-05,9.09073151445997e-06,-1.64921072408307e-05,-4.77646480496656e-05,0.00160736906518619,-0.0024014121239686,0.0749204456865149,5.50830999282422e-06,-2.19311929602761e-06,-7.14604690941992e-05,1.08843315580362e-06,-3.18670801224488e-06,3.35808060343979e-06,6.12589517244353e-07,-1.1598947079391e-06,-6.27458204356402e-07,7.8319157987397e-10,-5.25979460192987e-07,4.8243038303042e-07,-1.40929227460498e-06,-9.81976955071774e-08,-3.95759374338298e-06,8.24044364653477e-07,8.09453171271074e-08,1.67635176539119e-05,-1.20403198858899e-08,-6.71012008420042e-07,1.16449946676748e-07,7.86274103428954e-09,-2.84455447531724e-08,-0.000123342039915521,-8.42806542552802e-08,-1.46516883704818e-05,7.12587082109006e-07,-2.31557295766523e-07,-2.03698680202822e-08,3.07581394762584e-07,-1.99977222089498e-05,-9.47340571033909e-08,-3.14295689244755e-08,-1.53503301845319e-05,2.98939184304245e-07,-1.65816778371974e-07,-2.18710716569169e-05,2.57885007134769e-06,-9.29338431697025e-06,1.44589387396017e-06,2.47374654055496e-08,1.23022945218935e-06,1.64206431131275e-06,-1.94557715609864e-05,-4.59183846385446e-06,3.32151673829169e-05,1.40242733386823e-07,2.42873605018667e-06,5.4528823912433e-08,2.15548824516136e-07,-1.51400452103153e-06,-1.23065017122471e-06,-0.000202077570683797,9.98243909565882e-06,3.1960861429901e-05,-7.91843612471301e-07,-2.55350267903501e-08,-9.84851030453739e-08,-1.79698811323987e-07,-3.67448660819246e-06,1.04020349209538e-06,4.76635155870758e-06,-0.000264853561412736,-9.13818469518126e-08,1.81366243861653e-07,7.32839783594331e-07,9.5883024416633e-09,1.29863687911968e-07,-1.91434724721426e-07,-3.56822720030762e-07,-0.000167491728058265,2.14105659024705e-07,1.02411736835295e-07,1.02830404702409e-07,1.831696701059e-05,-3.27985016225552e-09,-7.09561669688411e-06,-1.55948280789379e-06,-7.81310191774024e-05,2.20467704075085e-06,0.0096401354856847,3.05085968727552e-06,3.64929208007519e-09,-2.74493086735824e-06,7.54135013782889e-06,-2.94025054545582e-05,-5.23859704960696e-07,-2.78675068756841e-06,-4.04384723650376e-07,5.07419935350038e-06,5.64909302165496e-08,-1.08613810618609e-07,-5.53674025422986e-07,-3.04138657566525e-06,3.26959341590819e-05,9.54600673690204e-07,3.13389289493839e-06,-8.13303184467439e-07,-4.17179933221477e-07,-4.40478910508426e-06,-3.08937602400586e-07,-4.88552301090685e-07,-3.92489831695314e-07,1.08989149933407e-05,1.71875115033603e-06,1.33970779998736e-07,2.24416330683084e-07,-1.20587242644904e-08,-1.53921904072991e-06,-1.08671564026779e-06,-1.34111520833947e-16,-2.45883636003126e-07,0.000431129195938504,-2.84022121158186e-07,-7.0631102528839e-06,-9.03511493721846e-07,8.34062130135634e-06,-2.33493218734021e-07,0.000555756835932922,-2.04624324138707e-09,7.8619984126187e-10,-1.33417249012327e-06,2.02898349413182e-06,-6.43173822065243e-08,8.83114100540271e-06,-4.1612794175997e-07,1.43465579401048e-05,-4.12048068415549e-07,5.01977618523041e-07,-5.03003535023558e-07,5.63810606704811e-05,2.34002981024483e-07,-4.54828255151067e-08,1.00276007842532e-06,-1.94918516121552e-07,2.14732012690225e-05,-1.07668484393725e-05,1.08781003989525e-07,-3.70825242758986e-08,4.58742593730145e-08,3.24989019586669e-06,-7.43381691922805e-06,4.97865330020287e-08,2.00708229566642e-08,-4.49775880211604e-08,3.92439250514526e-06,-0.0107490452707105,-1.68371603274947e-06,8.24667420667533e-06,6.64828927361566e-06,-2.03267384893161e-07,7.98192020321797e-07,-3.10245637303395e-07,1.75191527971321e-07,2.70415605861517e-16,-4.73041284550463e-07,-1.6350902706713e-08,-1.5601850120149e-10,-1.41412233598064e-06,2.58003353103025e-08,-1.61528948918626e-08,-2.90538971986448e-06,3.4341578125121e-07,-3.58826020400761e-07,9.40429597567929e-07,3.47429865363655e-08,-3.16149262504007e-08,4.09814876845235e-07,-4.97187835217632e-07,1.11779087656403e-05,-2.47631692186477e-07,0.00010925087896972,1.19990539348717e-08,6.73812288125944e-08,5.96793977761612e-07,-5.03873473576177e-06,1.19106726095129e-07,-4.56413328999351e-07,6.14458102610371e-07,-2.22997096806057e-06,1.40787721357147e-07,1.27207967967237e-07,9.70162753391846e-07,-1.63248553716724e-06,-1.31229273355758e-07,1.06995420693307e-06,-7.00409755805317e-07,1.73144502894679e-08,1.61139101579592e-07,-3.13165042408241e-07,-2.73688536434557e-16,9.62306800224356e-10,4.08586849828818e-06,-0.000996375787661338,1.4425766343445e-07,1.86559427440321e-07,6.73296665351187e-08,1.60960319321e-07,-2.37848891280932e-06,8.92375251031236e-07,1.01929051050676e-16,-6.93281569496927e-07,-8.46460622406238e-09,-2.37432964952346e-08,7.90140430269613e-07,1.80034370750322e-07,-1.22070839951676e-08,-4.70032427318546e-07,1.25910497212611e-07,-4.2164169150435e-06,8.06867632217322e-07,-1.65115984549414e-07,-2.99872497614575e-07,-1.58990361637287e-08,-4.04095700129876e-05,-3.01028446463616e-07,1.26655503059777e-06,-3.28749851506768e-07,1.38402152299944e-15,-5.15651343733416e-05,2.05030983754517e-05,1.43485028386431e-08,1.04050030736422e-06,-6.45747183053293e-07,-1.38295966901122e-06,4.912198586325e-06,-1.78702709662498e-05,-1.24863409136671e-07,2.69950687838727e-16,-2.31724535138627e-07,-6.43285475277386e-07,-2.96788767045519e-07,-3.23548429494386e-16,5.67250575654465e-07,7.42053428094973e-06,-1.13347641943467e-06,-4.65899456116399e-07,-1.56217377135279e-07,-8.39359171203935e-08,-3.01148395395659e-06,8.48601740324079e-08,9.03000686512455e-07,2.66129223779006e-07,1.91465114066516e-07,1.44612987450452e-05,4.37883156875923e-16,-6.41280394481234e-05,3.67964552174382e-07,2.41900217752418e-06,-2.49335400369212e-07,-3.79955788349249e-16,-2.55355800104478e-07,0.000855196539024704,-1.26534502446719e-07,-1.14723862410619e-07,-2.97252043365238e-07,1.73488874516558e-05,-4.76081635973745e-06,8.85901136207954e-07,2.16899813907478e-15,5.11871167271794e-06,-0.000266244122972715,2.26012366008097e-05,9.54205350028822e-06,-9.90255115586244e-07,-7.21532725903242e-09,-2.29488325989683e-14,-1.74663209201298e-14,-1.43712723118061e-08,-0.54191182556488,-0.00107144785299195,2.21402500153892e-06,-1.0282523682126e-14,3.32275728387863e-07,2.92636601694154e-09,-3.43294753500124e-15,1.9739139540245e-15,-5.69318964968541e-16,-3.20483158171183e-07,-8.82457202813192e-07,1.02234218177562e-06,-5.07586383177233e-07,-2.48104414088464e-07,-4.28977788037241e-07,1.27106184708441e-06,1.05469596129823e-15,1.99489733901282e-07,-6.47713372151581e-07,1.86374818660091e-16,-6.69735108479457e-15,1.99745908562147e-07,1.38023133762008e-11,7.26372251689794e-06,-6.29516481754291e-08,-4.76802299883047e-07,3.28063893963294e-09,3.34872258869828e-15,1.04527294457187e-08,-1.62160938618769e-16,3.02259406599847e-08,5.35060179118431e-14,3.8797411002715e-06,5.52232889061557e-18,-3.12831376148155e-08,-5.38743014182886e-08,-1.26432995125601e-09,-1.35297062186642e-08,-4.22743674327737e-08,2.22800231052012e-07,-6.71519359755361e-09,8.18424810761021e-10,4.02820619848071e-09,5.18541878693828e-10,9.76543026285995e-07,-4.83205249947707e-08,-1.46524864613392e-08,-1.35519529644677e-09,-2.7480863870757e-06,3.20535583808715e-16,3.71860348473961e-07,-7.21362996790048e-08,9.09894967198865e-09,1.12370027593077e-15,1.27248259996271e-09,3.71135848004848e-08,1.36591995636392e-07,-3.15716481641605e-16,-2.33216968872448e-07,-1.87955133919889e-08,-3.07718325403359e-16,-2.54359113171099e-08,3.33653049616698e-06,-3.19783627403191e-17,6.94066495466627e-16,-1.6964912749578e-08,-1.31686206921861e-08,-7.62564556796829e-11,-1.07748665691601e-07,2.97328192071539e-08,6.08647302873809e-08,8.48922462255486e-09,1.08640255085889e-07,-1.90582819369679e-07,5.32907051820075e-15,2.75806785598122e-09,2.7440037098404e-10,7.62718251133737e-10,7.19863668384975e-08,6.20240634912705e-16,-4.70925934816405e-17,2.39493808149486e-08,-4.72712827170495e-17,-6.00160804633294e-16,1.6087258037261e-07,-1.81543014717314e-07,-2.35035146169824e-07,-2.00336248376964e-09,6.09669517702104e-06,1.33884320078603e-07,6.03848631491086e-09,2.47678872042123e-17,1.53520375708406e-08,7.23968947396613e-10,3.33252820620159e-09,-2.37085475607632e-07,9.61277968487762e-07,-4.94675281765058e-16,2.48477084908119e-16,1.43118511344692e-15,-1.25956654511574e-08,-4.27949611390704e-08,-3.59230842016712e-08,8.15768949655638e-16,-3.35048137648034e-08,-8.19940797819584e-16,1.47572435002689e-16,8.85159222399268e-07,-1.94738215648943e-08,1.54587363145525e-15,-5.00591491200678e-08,-1.8518053574977e-07,5.51062431895468e-15,8.6997362170766e-08,-7.59717802186509e-16,2.81260493575366e-08,-9.16795493633902e-16,2.88222968376021e-08,2.55180253529983e-07,6.59419955190667e-08,9.32918002825724e-09,7.24265385721422e-08,-0.0381312991609308,7.55763491938017e-09,2.3249983549126e-16,1.76304007675715e-06,-7.93588577690864e-08,4.80220689538561e-16,-8.69283226468231e-07,-3.38117206606335e-08,4.26277710836571e-07,2.61860855568298e-16,2.88037244320268e-08,2.67768785573806e-07,-5.37230818763778e-17,-9.79818114358211e-08,-2.18323154011382e-08,-8.08151945586085e-09,2.02601660359164e-16,5.12705057560215e-16,2.17681365947574e-08,6.76688221215885e-09,5.4906265791194e-10,-8.33301024785358e-08,4.25547507189805e-09,-1.2046875125718e-16,4.48193719081764e-16,1.56036259301521e-08,1.07613362298191e-10,4.80492651223163e-16,3.79953614761567e-08,-1.09075842402134e-16,1.37143083611261e-07,-7.37936364771621e-09,-4.3141621158505e-09,-2.8665097388911e-08,3.28754844378229e-18,-2.77311411260116e-16,-2.29939242874467e-15,-2.47636716448489e-16,-1.62622632097254e-08,-4.22908226890518e-07,-6.32765639311585e-16,-2.40308005779372e-16,-4.13206817894872e-16,7.99038273437281e-08,5.38709413309395e-09,-3.98426399639295e-08,6.6100604570524e-17,1.53808351770607e-14,1.57491221153328e-15,-2.51102207933685e-07,5.33157766111408e-08,1.37814398813538e-16,7.03773162428118e-08,-2.46604073141744e-07,-3.73585733065122e-17,7.68400846018555e-17,-2.4741390267909e-08,-2.53603646833324e-10,-1.23025129881604e-08,2.94761590980603e-16,1.3916815476441e-08,2.03253695618663e-08,2.18941782115805e-08,-2.00616671225035e-08,-7.15565098599527e-08,4.57136678505883e-08,4.28980284312626e-16,7.75169631646101e-16,-2.55251303556594e-16,9.29694954371448e-06,-1.06026774951606e-07,-5.81169064614931e-09,-4.61264734108405e-09,-8.77535555547087e-16,1.18921590892663e-16,-4.97225962399661e-17,1.23717778413399e-16,1.17249881227451e-15,1.53642254797457e-07,-2.66280933677267e-16,1.30075851707543e-16,-3.60524283469436e-09,-1.55078407797767e-17,-3.22784650557974e-09,7.06868916138436e-16,-4.00292881793707e-09,-1.50176884222888e-16,-4.87470959849167e-09,-6.10955476944135e-10,-2.88718839639139e-06,6.33288944295178e-17,1.96780585157232e-08,3.44845547695821e-16,2.80711977902041e-08,-3.43787076062213e-07,2.74995585805126e-10,6.25144981180067e-16,4.02225581888244e-08,-1.51277297876547e-16,-9.92561518284344e-09,-5.60349352898206e-08,6.62808014862707e-16,-4.42832252010616e-17,-3.75012942058815e-16,7.05691385314538e-16,-1.88731571137176e-10,-2.45983960630994e-09,-5.49850437419877e-10,-9.94148363581901e-17,-1.01893081126786e-17,-4.08951994933866e-08,1.20240631833899e-05,1.85914323293749e-16,1.70512532350465e-16,-2.52907380567087e-09,9.35050908052366e-17,-1.7945363587804e-08,-6.17957168344743e-16,1.70024422334645e-07,3.45584601732227e-17,-1.0923188535684e-16,8.76012965116508e-17,2.46203079920515e-17,3.00927703460979e-16,4.99390362239559e-16,1.78751914619837e-06,-1.25021199767871e-05,6.75883851124838e-17,-1.52887337023574e-08,5.82203638963025e-08,2.08333289418436e-15,3.59423050563599e-16,1.41221538650168e-16,-7.68781547674082e-16,5.76386887822365e-09,9.22642042764358e-10,-3.24520981612031e-16,-3.06051345494836e-16,-1.04880746157402e-08,-3.74180682011405e-08,-3.91778864267108e-09,6.50241288071048e-16,-2.91454750135602e-16,1.013329436179e-17,-3.83122971543913e-16,2.54116597810663e-16,2.81425661485392e-17,2.22724552439446e-08,-2.10793635437609e-08,-4.05580794253327e-09,-2.81148875633346e-16,-3.86136920003694e-16,-1.31977615229539e-17,-3.862614124205e-16,-5.90191604369838e-16,4.87747333131718e-15,-3.92357692989396e-17,-2.20293826830968e-16,4.51420923283695e-16,-6.79266567571598e-16,-6.01952671325284e-16,-4.2160512791708e-17,5.80727027317236e-16,2.55006012581045e-17,1.15918515513623e-07,-8.93559284888457e-16,-6.32554550788123e-17,-6.75577396478513e-16,2.20066036572576e-07,-3.83671405153574e-10,-1.7369558737244e-16,-4.45751264865878e-07,2.01492863304686e-07,-2.93751809570165e-16,-1.18600617713861e-15,-5.63320589957824e-08,-3.19970112381384e-16,4.98047560853255e-09,6.63915682286874e-16,-8.51419312240147e-16,-4.94188331609736e-16,1.07104721781805e-15,7.077522130608e-10,-9.72109503958268e-08,-1.25108714486302e-15,-4.75116801795684e-16,-1.49893432183282e-15,-4.06785629296391e-16,2.58782019906604e-15,-4.13090268436698e-16,-4.35663877254708e-16,-1.91556443690724e-17,6.09421212294974e-08,1.66711000013433e-16,6.82841970088611e-16,2.4628942126884e-16,-1.81360432022768e-15,-4.41096009359459e-17,2.48928369855174e-15,-2.33850797924134e-08,1.22236877994585e-16,1.08030120730976e-15,1.74422802183053e-08,-6.87613359487723e-16,-9.72206887602893e-16,1.02809782110242e-15,1.16023202189672e-15,1.00894054515577e-07,-2.55691435439033e-16,-1.07948317199962e-08,4.35482086680997e-16,-1.19077096011392e-15,-5.14520741613436e-15,-6.32888147095432e-15,4.00527025540104e-16,9.83105553527964e-16,3.90703901194478e-10,1.4033316092538e-15,1.50299191766813e-16,1.19116334017694e-06,-4.88331560854223e-08,3.23823614953726e-16,3.42477119198672e-08,5.01768016453767e-09,6.36126578703036e-17,-1.03310662882031e-16,5.47606334544423e-16,2.32097797410414e-15,-5.30923758064943e-16,-8.46895135285042e-09,-7.63850873869526e-16,5.33842462950539e-15,1.47609824457066e-15,3.39470046102858e-09,-3.80134818588871e-15,3.52703438218662e-16,3.70531635447101e-16,1.35029118009627e-16,-1.54913333185181e-09,1.41232250879346e-15,3.218400402522e-09,2.24675735110724e-15,-1.56462208093793e-15,-1.0849932341867e-15,-8.35556227234742e-16,-1.21278545580625e-15,2.23588439030756e-15,-2.18021650158761e-15,-7.24359129493438e-08,-4.00631768263153e-16,2.38161410918727e-15,2.35459907165994e-08,6.37604575880983e-15,7.50986262917742e-16,-2.46412142858934e-15,-9.92735926444168e-16,2.90780094918703e-15,6.92415902352813e-16,-2.47824601988509e-08,-3.99422031265797e-16,1.00866265646558e-14,5.09633954270377e-08,-4.37246315844003e-15,-2.75758693408725e-15,6.10909024895708e-15,2.95840114908287e-15,6.76050163611569e-17,-4.91044147399955e-15,6.04834908578433e-16,-5.9496511621713e-17,-8.93009977278552e-15,-9.05186596907131e-15,8.46400697235029e-15,-2.68178833554231e-08,1.15120155565827e-07,-4.50762477641934e-15,-1.24375706929978e-15,-5.02159260865891e-16,-2.9777909451189e-14,-0.707106781186547,-2.07974840378364e-13,-4.25992059775152e-16,7.06885017032667e-14,-1.11956442702017e-09,-6.8810987524519e-14,-9.61426838370772e-15,1.79282983592152e-15,6.08684481903968e-15,1.43595605905727e-09,-7.62819260691905e-15,-1.22633801442696e-07,8.08294373115273e-16,-9.84346359198114e-15,-2.10653966409818e-15,-9.63205158782649e-16,-1.3296283365052e-15,3.77390197623289e-15,-6.9473110949213e-16,-3.78441240828861e-15,4.77552426390033e-16,3.30623663796452e-16,1.49905769117674e-15,-6.35640504837857e-16,-2.2015789425316e-16,2.26166484643331e-15,1.20644172573172e-15,-2.65410405097055e-15,4.14023259521895e-16,9.10121584657047e-16,1.47785127772362e-15,-1.34233281645171e-15,-1.82121465688409e-14,2.203364149002e-16,-1.22913103869268e-15,-7.6650123751335e-16,-3.56598439870936e-15,1.09315264667169e-10,1.15959588868455e-15,-1.5662819499171e-16,-5.81749460203382e-16,2.24597102405231e-15,1.88209549797557e-15,9.90211279501852e-18,-6.09489670817051e-16,-1.10338129021483e-15,8.66623119472698e-16,2.73150811072998e-16,2.37452572398864e-14,1.08846594967518e-15,-1.57594703404322e-15,-1.10727913926265e-16,-1.80180678723794e-16,4.84809174685029e-16,2.93876431127629e-16,-1.41364490141015e-09,3.08024327407972e-16,-2.79394635395531e-16,1.75931116542933e-18,4.16297234238008e-16,-5.4616555930313e-16,-1.31878377699446e-16,1.21107893146617e-16,4.29159146166059e-16,1.7809502208669e-16,3.0097248938255e-10,-8.02800240503767e-16,-1.62543105099622e-16,3.51259851057298e-17,-5.37608450881076e-16,-1.90907358559476e-16,2.30668657718879e-16,-1.07805798382417e-17,1.43199972238146e-16,6.1981401800836e-17,2.77363763472731e-16,-5.49825420889719e-16,5.07011766202583e-16,1.08610159687086e-16,1.52569815320568e-09,-9.36578120545109e-18,-6.16949972728642e-16,-2.76587297711081e-16,-7.58833876059613e-15,-4.60232662356567e-09,-4.17729382104332e-17,-1.39499866421955e-16,-3.75759041494977e-16,2.24199124682877e-16,1.25155582016387e-16,-4.46750439659778e-16,7.68060793223192e-16,9.17257031860545e-17,-5.94472044190155e-16,2.60171035243461e-16,1.12467172369307e-16,1.75089217971104e-16,-3.75781379855769e-16,3.78785847219007e-16,-1.30947506881336e-16,-3.81069066187859e-17,-5.87456645232022e-16
"t729",-0.0412723257427643,0.0348923379072286,-0.0570552884930487,0.0259064476601453,0.00715450563150213,-0.00343950819236911,0.0225214868230689,-0.0485778315040992,2.39756832586813e-05,-9.40216190629395e-05,1.2821497766824e-06,-0.00483000556282889,0.00949908904203006,-0.00149620671325526,0.000458443241083649,0.0863174833079598,-0.00218203996150543,0.00483463954541397,-0.000356799009793039,0.000178382786304087,-0.0210093165447771,-0.226403016156653,-0.000540309169818591,0.00331524173211983,-0.000499849727470165,0.000284135607178239,-0.000376786796790591,0.000377920460670347,-0.00847755946969625,0.00332666268589077,-9.01732746833484e-06,1.46611883442918e-05,-0.0043311844049794,1.03344274006991e-05,-5.52244116400682e-06,-8.08163836724593e-06,-0.000316590818680199,2.2067969691853e-06,1.77830265670151e-05,4.79454882550015e-06,0.000241945926552955,-3.0708852861659e-05,0.000258967471311649,-3.0324771811264e-05,0.00661631598427637,-1.34406289308433e-05,1.77789828809063e-05,-0.000353825593491479,2.78943359540183e-05,-5.49193444682045e-05,0.000392462395979776,-3.94147957652052e-05,5.65454153958023e-08,-0.0139572141592203,4.40569313173846e-06,-4.72160978888681e-05,1.93835610823428e-06,-0.000130278213479241,4.42213799064292e-05,-0.00226558742732768,-5.4897920053422e-05,6.4766775468433e-06,-0.000213040695194138,0.000113602307369013,-8.24577077118113e-06,0.000196710693066085,-1.28108231042081e-06,4.66790553735103e-05,-0.000129815030950986,5.28148322271275e-05,-5.991125109854e-05,0.344314132184248,1.8741329207388e-05,-2.31168674252528e-05,4.30566630566281e-05,5.10067959970916e-07,-0.0161899746142591,-1.9525699668317e-05,9.92648272764636e-06,1.39015216339751e-06,3.37961255651287e-06,6.14324217620601e-05,-1.77415914059451e-05,-0.000135484520461774,2.24809327913051e-05,0.0062557446376992,-0.00526179786360091,-0.000114184038653913,-4.9439849241283e-05,0.0792349008961017,0.000101739528806167,-0.0578142653258821,-1.61459735717318e-05,0.000686063947498713,2.74349734421747e-07,0.000647963520547841,-1.50136257393538e-05,-0.000300285724070855,4.74763435127947e-05,1.04179900370338e-05,1.87027034143484e-06,-8.89704279232168e-07,2.46268066709536e-06,-3.02516479624819e-07,1.17819284159862e-07,-1.20682455560035e-06,4.76461538949909e-06,-1.19444452000055e-06,6.25695552767273e-07,-5.77375354315381e-06,-5.16256189301177e-07,-7.40128598816307e-07,1.50423413532297e-06,1.09476692522154e-06,-6.27036337805024e-09,4.14027140402021e-07,-7.30216651229753e-07,1.15062647962846e-06,-1.60666876392934e-06,5.00064774422783e-06,-2.78744631051526e-05,9.0907315143073e-06,-1.64921072407645e-05,-4.77646480493124e-05,0.00160736906518646,-0.00240141212396834,0.0749204456865103,5.50830999302173e-06,-2.19311929594857e-06,-7.146046909375e-05,1.08843315588272e-06,-3.18670801261551e-06,3.35808060326325e-06,6.1258951711463e-07,-1.15989470841415e-06,-6.27458204258812e-07,7.83191521282094e-10,-5.25979460148362e-07,4.82430383372007e-07,-1.40929227459342e-06,-9.81976956334582e-08,-3.95759374364964e-06,8.24044364603234e-07,8.09453171916212e-08,1.6763517653746e-05,-1.2040320174945e-08,-6.71012008467167e-07,1.16449946920926e-07,7.86274082008052e-09,-2.8445544698258e-08,-0.000123342039915708,-8.42806541788414e-08,-1.4651688370331e-05,7.1258708074811e-07,-2.31557295638368e-07,-2.03698677865023e-08,3.0758139507089e-07,-1.99977222089368e-05,-9.47340576414552e-08,-3.14295688594131e-08,-1.53503301847338e-05,2.98939184255802e-07,-1.65816776164176e-07,-2.18710716568008e-05,2.57885007113297e-06,-9.29338431701014e-06,1.44589387364233e-06,2.47374649578404e-08,1.23022945233284e-06,1.64206431141228e-06,-1.9455771561036e-05,-4.59183846367217e-06,3.32151673830186e-05,1.4024273270051e-07,2.4287360504648e-06,5.45288237225255e-08,2.15548824315242e-07,-1.51400452116997e-06,-1.23065017165739e-06,-0.000202077570685134,9.98243909550523e-06,3.19608614297821e-05,-7.9184361250188e-07,-2.55350267548755e-08,-9.84851029725234e-08,-1.79698811481521e-07,-3.67448660757677e-06,1.04020349219505e-06,4.76635155879683e-06,-0.00026485356141259,-9.13818441174638e-08,1.81366243596666e-07,7.32839783784353e-07,9.58830248389367e-09,1.29863687899393e-07,-1.91434724591114e-07,-3.56822719074577e-07,-0.000167491728057652,2.14105659002042e-07,1.02411736701578e-07,1.02830404717432e-07,1.83169670102518e-05,-3.27985014463596e-09,-7.09561669688675e-06,-1.5594828080948e-06,-7.8131019177423e-05,2.20467704061701e-06,0.00964013548568498,3.05085968721205e-06,3.64929212405008e-09,-2.74493086858595e-06,7.54135013818873e-06,-2.94025054549218e-05,-5.23859704999219e-07,-2.7867506870075e-06,-4.0438472364171e-07,5.07419935352041e-06,5.64909301368529e-08,-1.0861381071009e-07,-5.53674025503357e-07,-3.04138657575196e-06,3.26959341591055e-05,9.54600673623272e-07,3.13389289506011e-06,-8.13303185317041e-07,-4.17179933273814e-07,-4.40478910512894e-06,-3.08937602437351e-07,-4.88552301786907e-07,-3.92489831712019e-07,1.08989149932157e-05,1.71875115054855e-06,1.33970779907593e-07,2.24416330502139e-07,-1.20587245119738e-08,-1.539219039698e-06,-1.08671564035962e-06,-3.9052106678689e-17,-2.45883635553754e-07,0.000431129195937241,-2.84022121436164e-07,-7.06311025304127e-06,-9.03511493810543e-07,8.34062130128522e-06,-2.33493218751232e-07,0.00055575683593335,-2.04624343179908e-09,7.86200246970651e-10,-1.33417249020357e-06,2.02898349372865e-06,-6.43173821713377e-08,8.83114100550413e-06,-4.16127941955251e-07,1.43465579395415e-05,-4.12048071579685e-07,5.01977619075e-07,-5.03003535467998e-07,5.63810606670898e-05,2.3400297945622e-07,-4.5482825008077e-08,1.00276007836678e-06,-1.94918516622599e-07,2.14732012691582e-05,-1.07668484393597e-05,1.08781004180883e-07,-3.7082524212222e-08,4.58742594534917e-08,3.24989019550828e-06,-7.43381691881723e-06,4.97865322766228e-08,2.00708230662908e-08,-4.49775885203225e-08,3.92439250508426e-06,-0.0107490452707097,-1.68371603268744e-06,8.24667420688803e-06,6.64828927285738e-06,-2.03267384888734e-07,7.98192020542169e-07,-3.10245637411444e-07,1.75191528221852e-07,2.76530452278823e-16,-4.73041284378187e-07,-1.63509043388348e-08,-1.5601853810478e-10,-1.41412233590048e-06,2.58003353785672e-08,-1.6152895034726e-08,-2.90538971923783e-06,3.43415781767967e-07,-3.5882602016549e-07,9.40429597793837e-07,3.47429860704059e-08,-3.16149263965649e-08,4.09814876294049e-07,-4.97187835135474e-07,1.11779087656537e-05,-2.47631692440269e-07,0.000109250878969761,1.19990536794459e-08,6.73812284290304e-08,5.96793977755769e-07,-5.03873473636021e-06,1.19106726266882e-07,-4.56413329117142e-07,6.14458102801677e-07,-2.2299709683053e-06,1.40787721409041e-07,1.27207967940153e-07,9.70162753342513e-07,-1.63248553723535e-06,-1.31229272647805e-07,1.06995420716475e-06,-7.00409755749401e-07,1.73144500718845e-08,1.6113910171817e-07,-3.13165042291382e-07,-4.85364539430818e-16,9.62306755864868e-10,4.08586849800453e-06,-0.00099637578765946,1.44257663461919e-07,1.86559427685201e-07,6.7329666523937e-08,1.609603199543e-07,-2.3784889125435e-06,8.92375251055181e-07,1.13688800946807e-16,-6.93281570560929e-07,-8.46460694052183e-09,-2.37432965669505e-08,7.90140430461787e-07,1.80034370767093e-07,-1.22070847902872e-08,-4.70032426908216e-07,1.25910496756272e-07,-4.21641691481969e-06,8.06867632169675e-07,-1.65115984681054e-07,-2.9987249755808e-07,-1.58990361714228e-08,-4.0409570016792e-05,-3.01028446352374e-07,1.26655503035129e-06,-3.2874985374349e-07,2.60444334214567e-15,-5.15651343734857e-05,2.05030983735921e-05,1.43485024812019e-08,1.04050030732771e-06,-6.45747182215901e-07,-1.38295966907411e-06,4.9121985862711e-06,-1.78702709659737e-05,-1.24863409313142e-07,-2.17329169437802e-16,-2.31724533489366e-07,-6.43285475753667e-07,-2.96788766950603e-07,-4.17743811463496e-16,5.67250575596055e-07,7.42053428134217e-06,-1.13347641975284e-06,-4.65899455340676e-07,-1.56217377733944e-07,-8.39359181423381e-08,-3.01148395388629e-06,8.48601723528894e-08,9.03000686119573e-07,2.66129224226439e-07,1.91465114236822e-07,1.44612987448366e-05,4.87912165857485e-16,-6.41280394477557e-05,3.67964552411612e-07,2.41900217670022e-06,-2.49335400465299e-07,-4.46357082108749e-16,-2.55355799864005e-07,0.000855196539022326,-1.26534502560384e-07,-1.14723862463002e-07,-2.97252043541005e-07,1.73488874513681e-05,-4.76081635967257e-06,8.85901137292894e-07,2.29420613687373e-15,5.11871167230617e-06,-0.000266244122971671,2.26012366004259e-05,9.54205350044174e-06,-9.90255115217e-07,-7.21532697343462e-09,-2.14326652479856e-14,-1.79123021787143e-14,-1.43712735316517e-08,-0.541911825564876,-0.00107144785299152,2.21402500139198e-06,-1.0425800672974e-14,3.3227572792379e-07,2.92636611327695e-09,-3.48221414820142e-15,1.90548917089746e-15,-8.58663647832196e-16,-3.204831583153e-07,-8.82457203228333e-07,1.02234218076914e-06,-5.0758638323441e-07,-2.48104414540521e-07,-4.28977788322285e-07,1.27106184745427e-06,9.79570756350103e-16,1.99489733953319e-07,-6.4771337256286e-07,-1.04749231967921e-16,-6.59382051600649e-15,1.99745908277228e-07,1.38022522220045e-11,7.26372251813027e-06,-6.29516482314838e-08,-4.76802300135341e-07,3.28063839898932e-09,4.49743287208685e-15,1.04527295583109e-08,-3.90574275027762e-16,3.0225940931448e-08,4.54333505207908e-14,3.8797411000821e-06,-6.93565901685815e-17,-3.12831378319725e-08,-5.38743005732152e-08,-1.26432975628999e-09,-1.35297064790401e-08,-4.22743672194673e-08,2.22800230575181e-07,-6.71519365787486e-09,8.18424861499185e-10,4.02820576549552e-09,5.18541791764504e-10,9.76543026542178e-07,-4.83205244211652e-08,-1.46524869430835e-08,-1.35519715754525e-09,-2.74808638831103e-06,3.93038479570526e-16,3.71860349037625e-07,-7.21363000457995e-08,9.09894922838055e-09,1.27424805126454e-15,1.2724832129852e-09,3.71135848233466e-08,1.36591995659103e-07,2.80810327097031e-16,-2.33216969165117e-07,-1.87955127076278e-08,-4.55544094874902e-16,-2.54359109340929e-08,3.33653049683505e-06,4.3900756914778e-16,-3.81646458030077e-16,-1.69649132238031e-08,-1.31686203517381e-08,-7.62565383722805e-11,-1.07748665528299e-07,2.97328190779789e-08,6.08647297749023e-08,8.48922398552707e-09,1.0864025503059e-07,-1.90582818799688e-07,1.94289029309402e-15,2.75806719374977e-09,2.74400576146673e-10,7.62718947959299e-10,7.19863672657762e-08,4.15327444289027e-16,2.37451238428406e-16,2.39493814872264e-08,1.62491308841555e-17,-7.0558996109886e-16,1.60872580277641e-07,-1.81543014548399e-07,-2.35035145985769e-07,-2.00336242911078e-09,6.09669517703436e-06,1.33884319912667e-07,6.03848616339054e-09,-1.86328276207142e-16,1.53520382228065e-08,7.23968869281621e-10,3.33252749491937e-09,-2.37085476511635e-07,9.61277967149932e-07,-8.0148949260308e-16,2.90141492664183e-16,5.16141694310133e-15,-1.2595665917302e-08,-4.27949608913553e-08,-3.5923083835447e-08,1.0254143071677e-17,-3.3504813862773e-08,-1.50724486811725e-15,-2.25721841062071e-16,8.85159222739181e-07,-1.9473821591596e-08,-4.51973207885664e-15,-5.0059148883279e-08,-1.85180534746055e-07,4.8878088347457e-15,8.69973621368081e-08,-7.21782915914218e-16,2.81260489295767e-08,-7.50966711330215e-16,2.88222970321623e-08,2.55180253670954e-07,6.59419957534549e-08,9.32918092132602e-09,7.24265377878801e-08,-0.0381312991609347,7.55763505691883e-09,2.70729838394288e-16,1.76304007705931e-06,-7.93588574579025e-08,4.98106118302188e-16,-8.69283226321387e-07,-3.38117205283302e-08,4.26277711544213e-07,2.1354617082899e-17,2.88037241485587e-08,2.6776878484317e-07,-1.68900704899995e-17,-9.7981811945629e-08,-2.18323163230175e-08,-8.08151994262505e-09,7.71510251178617e-18,-8.78620591036506e-16,2.17681360700679e-08,6.76688370331807e-09,5.49061771305428e-10,-8.33301007906917e-08,4.25547493612763e-09,-3.39218807711432e-16,9.27053994623546e-16,1.56036255825517e-08,1.07611480848557e-10,9.76654189485741e-17,3.79953616961167e-08,2.92532699407023e-17,1.37143085002318e-07,-7.37936419973415e-09,-4.31416186622581e-09,-2.86650973566141e-08,-3.65853633762042e-16,9.26752343250216e-17,1.7419041403559e-15,-8.05824888084094e-16,-1.62622635450556e-08,-4.22908226850006e-07,3.02511123355899e-16,2.85288183735535e-16,1.49220190110259e-16,7.99038274888895e-08,5.38709331080519e-09,-3.98426406486569e-08,-7.72706377088878e-17,3.88024723826565e-15,1.18622340107468e-15,-2.51102207810225e-07,5.33157771322438e-08,-3.00204329783653e-16,7.03773170926364e-08,-2.46604073881752e-07,1.61171740956608e-16,1.62944204980351e-16,-2.47413915362978e-08,-2.53603579521485e-10,-1.23025143785461e-08,-5.05283528796129e-16,1.39168159173566e-08,2.0325369311023e-08,2.18941784894017e-08,-2.00616678006204e-08,-7.15565099314578e-08,4.57136691061755e-08,-5.94829896797079e-17,-1.34539824011961e-16,1.17657281591396e-17,9.29694954461456e-06,-1.06026776823808e-07,-5.81169075971673e-09,-4.61264621424339e-09,3.09175237212404e-15,-1.13361735291224e-16,5.40602133130806e-16,-9.8965966251874e-17,-2.42121216088083e-15,1.53642253571988e-07,1.11907038652132e-16,-2.88932861708236e-17,-3.60524337579203e-09,-2.76161635592162e-17,-3.22784578371933e-09,-6.53441066752111e-16,-4.00293051176824e-09,9.90868114456951e-17,-4.87470728744437e-09,-6.10955378971929e-10,-2.88718839672573e-06,5.52929727048128e-17,1.96780585073695e-08,-2.89654170571404e-16,2.80711980987149e-08,-3.4378707533938e-07,2.74995526026996e-10,6.73238937083021e-16,4.02225574014286e-08,6.03448783788009e-16,-9.92561535956895e-09,-5.60349343316421e-08,-4.13276468798656e-16,-8.29461154221937e-17,9.9099284103512e-17,7.69815258995758e-17,-1.88730959047034e-10,-2.45983965309433e-09,-5.49851251050464e-10,2.59626233539007e-16,-3.14652081061444e-16,-4.08951984822856e-08,1.20240631757667e-05,8.64917210310213e-17,-2.44542396212681e-16,-2.52907307892351e-09,3.66122206310494e-16,-1.79453630746694e-08,1.04485785881897e-15,1.70024422046437e-07,-7.56909436555719e-17,6.4658223861042e-16,-2.68604341111816e-16,-8.86202871559665e-17,-1.41942030211028e-16,-3.66625115366895e-16,1.78751914561882e-06,-1.25021199767357e-05,-3.81858205787774e-17,-1.52887330459744e-08,5.82203635726654e-08,-1.16925892089789e-15,-4.20902842462345e-16,-1.18219320803716e-17,-7.35554815850264e-17,5.76386832076922e-09,9.22641842536549e-10,-1.36507457877898e-16,-1.03420390436643e-16,-1.0488074376936e-08,-3.741806784514e-08,-3.91778864485028e-09,-1.76468120590335e-16,4.23202452149235e-17,-2.41402222224148e-16,5.89941904971473e-17,-8.10447627851062e-16,3.56070521610584e-16,2.22724555967454e-08,-2.10793630268689e-08,-4.05580889117138e-09,-3.58312656884191e-17,3.27347322154024e-16,-2.89664663475073e-17,5.8792594562619e-16,4.94587297325994e-16,-4.3735314361277e-15,-3.77731081818872e-16,1.81529429655905e-16,-3.32995509603775e-16,6.97746331922636e-16,4.32652156077141e-16,-7.39051677685179e-17,-6.4902973505269e-16,-1.41461078036105e-16,1.15918517073138e-07,3.74270014273972e-16,3.47210216841741e-16,7.06190614792175e-16,2.20066038249943e-07,-3.83671482582867e-10,2.59808604864147e-16,-4.45751270493348e-07,2.01492862746738e-07,1.76222019605879e-16,1.27339725234753e-15,-5.63320594599909e-08,6.35877561682324e-16,4.98047543763658e-09,-4.97176361654885e-16,7.5043717301572e-16,4.5989939183427e-16,-7.16290577020611e-16,7.07751909766626e-10,-9.72109501180435e-08,1.41300437379662e-15,4.94290323330415e-16,1.10745398159145e-15,7.42306702445384e-16,-2.3190939487313e-15,3.94292678151099e-16,9.92518726294296e-16,-5.60240206333308e-17,6.09421218262926e-08,-2.27104022269776e-16,-6.70133222045691e-16,-3.58306528776046e-16,2.10267011110354e-15,1.74041567081776e-16,-1.47257810103607e-15,-2.33850803013602e-08,5.43387801464132e-17,-7.31757694035828e-16,1.74422800396849e-08,7.03842996997596e-16,1.06453420655983e-15,-1.06001562028832e-15,-7.98244237921328e-16,1.00894058176566e-07,1.48682016287644e-16,-1.07948301513779e-08,-5.66703307640166e-16,1.06887652740322e-15,4.61991911894755e-15,2.89892461986369e-15,-3.23288888040694e-16,-1.15191074297321e-15,3.90703740188519e-10,-1.50369606636719e-15,-2.88482096127777e-17,1.19116333726707e-06,-4.88331592059634e-08,-3.41029755907712e-16,3.4247712203308e-08,5.01768257518257e-09,-2.50339440370235e-16,-6.81718112781214e-17,-7.72224944874353e-16,-2.34285592139522e-15,5.89160066498697e-16,-8.4689557421452e-09,-5.03652314375072e-17,-6.29509183116823e-15,-1.13942210875327e-15,3.39469931518871e-09,3.65181317356659e-15,-3.05459382529082e-16,-2.44622923249651e-16,-2.65643215120122e-16,-1.54913732223229e-09,-1.27195666752197e-15,3.21839500980028e-09,-2.58884246771118e-15,1.40375249059567e-15,1.0904004308028e-15,5.29831708172263e-16,1.17122146507296e-15,-2.22024003875953e-15,2.16153426343203e-15,-7.2435898497232e-08,2.53042754918363e-16,-2.57958342420659e-15,2.3545993730546e-08,-6.69760736117605e-15,-5.45722211419213e-16,2.50406779429661e-15,7.96797470377893e-16,-2.85884035906412e-15,-8.15369347273809e-16,-2.47824602592057e-08,4.68402918605284e-16,-1.03676531364712e-14,5.09633975972003e-08,4.28509169279446e-15,2.52861386457604e-15,-5.93270134760661e-15,-3.02246990874918e-15,-7.69394629133935e-18,5.94431039288432e-15,-5.77655783199417e-16,-1.27638564741092e-16,9.1358795882476e-15,9.07542496634059e-15,-8.67452750342582e-15,-2.68179313973976e-08,1.15120173007939e-07,3.47240514544191e-15,1.14888852393499e-15,4.55557475323776e-16,2.9759497780302e-14,0.707106781186549,2.07828533270978e-13,1.08452481514992e-15,-7.13131906282813e-14,-1.1195065832831e-09,6.91160528008282e-14,9.56042162409762e-15,-1.72024349712346e-15,-5.87473473991873e-15,1.43594372813255e-09,7.40799269094247e-15,-1.22633766299267e-07,-6.80459559148526e-16,9.31746052800501e-15,2.27211086487173e-15,1.05210466329458e-15,1.54457917325693e-15,-3.67054384086241e-15,5.81757900237849e-16,3.00621753678034e-15,-3.25400935091067e-16,-4.02689791061879e-16,-1.29593545910726e-15,6.25440221521968e-16,3.38536950296711e-16,-2.41750481391275e-15,-1.03932572645079e-15,2.59475290980927e-15,-4.144157300544e-16,-9.18660350135509e-16,-1.261293493608e-15,1.20298502568867e-15,2.06621347203819e-14,-1.17960549833918e-16,1.11254166442058e-15,6.90092457427245e-16,3.28492584014122e-15,1.09314250316351e-10,-1.13033322328808e-15,3.63215170756381e-16,5.76822558762479e-16,-2.3526220621462e-15,-2.46212970138722e-15,-1.34750030396179e-16,2.93041743294587e-16,1.23414212577654e-15,-7.60185300912262e-16,-3.14420311196771e-16,-2.43299609432219e-14,-7.11221995600449e-16,1.49564096944191e-15,4.44836792324578e-17,-3.33266563296696e-16,-3.85457693853178e-16,-1.9858284745823e-16,-1.41364625999633e-09,-8.20785958053299e-17,1.9233917169625e-16,3.83362943939274e-16,-7.10241651076486e-16,2.40416689909997e-16,2.06762572591644e-16,-1.31641656538976e-16,-4.78927049816382e-16,-2.50364172289942e-16,3.00972422930692e-10,1.29296311477311e-15,1.31736612114479e-16,1.68199139318738e-18,5.00647165797532e-16,1.0958093673049e-16,-1.92849537558078e-16,-8.32394711334102e-17,-5.14788622997945e-17,4.01048953179016e-17,-2.55933793485206e-16,3.70404181568574e-16,-5.63088055856405e-16,-1.15291352643383e-17,1.52569921193128e-09,7.45454592540737e-17,4.36795245827848e-16,2.22625988614339e-16,9.53036938262025e-15,-4.60232385117993e-09,6.04678875103648e-17,2.54812503002667e-18,5.09665073880141e-16,-7.16573523296818e-17,-4.02354964889212e-16,1.53595188756783e-16,-2.21287787904049e-16,-6.51735726733738e-17,3.97264842698041e-16,-2.85324314201912e-16,-3.04651487434701e-17,-2.13735265857916e-16,1.64750865518507e-16,-8.0133932907222e-16,8.56112707896332e-17,1.04953135783045e-16,1.23601618555197e-16
"t813",-0.0410068929065082,0.0344172218722094,-0.0562530299618388,0.0254167094852956,0.00698845289762798,-0.00334560675014241,0.0218943415712643,-0.0471154295140592,2.31202441954778e-05,-8.99340564199658e-05,1.21089968574406e-06,-0.00449655547837433,0.00882324986836125,-0.00138806943004235,0.000423795792098251,0.0793892465666723,-0.00200249753755191,0.00442924213211088,-0.000326149786534519,0.000161656432228914,-0.0188679912658493,-0.198168018368621,-0.000468825745807532,0.00287391067721911,-0.000433024176668447,0.00024417226196867,-0.000323107225021577,0.000323550775973489,-0.00722204988582259,0.00273446758025911,-7.29212175049093e-06,1.17116184377164e-05,-0.00338784307429807,7.96055869583319e-06,-4.17865335876485e-06,-5.93013564227044e-06,-0.000231045900447159,1.59928812558534e-06,1.28480792299959e-05,3.44048015048053e-06,0.000171268256405136,-2.14768965593061e-05,0.000179715377156597,-2.10308011865639e-05,0.00454571744646659,-8.90473551610763e-06,1.16419661998482e-05,-0.000230395370108056,1.78741188729784e-05,-3.45632768206986e-05,0.000240879336279548,-2.38996959770601e-05,3.42254001966625e-08,-0.0083172603626873,2.54281163665834e-06,-2.71153026823039e-05,1.00824641744442e-06,-6.5738742533273e-05,2.22312529644125e-05,-0.0010489126922452,-2.36839655445264e-05,2.6896541759014e-06,-8.56308136430108e-05,4.52762650454982e-05,-3.07475724168355e-06,6.86682128033681e-05,-3.76412808077843e-07,1.24925380089489e-05,-3.31265333879782e-05,1.22630285611619e-05,-5.657951679689e-06,-0.0268153816284869,-2.71011477888764e-06,-8.16180649470255e-05,3.53858580722419e-05,9.37958905561635e-08,-0.00201199413757053,9.20082333291916e-08,-1.2841213038305e-06,-2.35255098747126e-07,-7.93857627157406e-07,-1.52998206191597e-05,6.28470729858307e-06,5.24259767760676e-05,-1.2024559411324e-05,-0.00361464873655624,0.00327545306117537,7.19202169005431e-05,3.12356773476077e-05,-0.0504449285169393,-6.65578228716599e-05,0.0480266097589378,1.36910894852981e-05,-0.000665028048701136,-3.29843405627155e-07,-0.000803711677681956,1.86494058519625e-05,0.000403267328033737,-6.56073463034121e-05,-1.60132991390947e-05,-3.1306485996308e-06,1.50054178158382e-06,-4.18881816642934e-06,7.50162958303027e-07,-3.00563930464714e-07,3.14761421780854e-06,-1.2927835755054e-05,3.27694572979615e-06,-1.75063672967472e-06,1.66436991760471e-05,1.50276542929188e-06,2.28360837958241e-06,-4.67375146755417e-06,-3.97774350510714e-06,2.35740497087775e-08,-1.67939183598913e-06,3.06634378156309e-06,-5.32541644549399e-06,8.19334531610574e-06,-2.75095932483349e-05,0.000160272538406637,-6.13460472540638e-05,0.000124359183655826,0.000361754354282138,-0.0123772391379724,0.0209185795252261,-0.65963265738375,-5.43979070831222e-05,3.19061014564411e-05,0.00104482675331345,-1.651270626369e-05,6.88459921604964e-05,-7.88160194439946e-05,-1.53251096358008e-05,3.93740507753829e-05,2.23824648024191e-05,-1.07700936935252e-07,-6.37496591771538e-05,1.72866154342714e-05,-4.95542028466008e-05,-3.10407790380935e-06,-0.000119036358232149,2.30077784125605e-05,2.20021854493972e-06,0.000455497157951571,-2.75787558845992e-07,-1.18324800161498e-05,1.68247788540645e-06,1.08874156043644e-07,-3.61467603757448e-07,-0.00155732438451608,-1.03268924598685e-06,-0.000176486626170026,8.42235759281827e-06,-2.34797187447536e-06,-2.02138110247035e-07,3.00718066997884e-06,-0.000149583913850689,-6.73858427943344e-07,-2.21929064037685e-07,-0.000104258622273497,2.01492160494007e-06,-1.06790480212783e-06,-0.000140114233115548,1.58645565013434e-05,-5.51302216469159e-05,7.82094995663489e-06,1.33412338293198e-07,6.62977700984188e-06,8.75031867792238e-06,-0.000102356822226645,-2.41138070291113e-05,0.000170247663621318,7.13561679995586e-07,1.21676293593904e-05,2.7216615106336e-07,1.07381615540349e-06,-7.29299806244937e-06,-5.7403413354404e-06,-0.000937601087473632,4.60858578466248e-05,0.00014544079296724,-3.58386213808131e-06,-1.14966473051636e-07,-4.41249309562785e-07,-7.92355260870147e-07,-1.61395881590555e-05,4.42542240664329e-06,2.02573451062866e-05,-0.00111433814497492,-3.74422863884897e-07,7.27917339005073e-07,2.92110756074955e-06,3.78384754897284e-08,5.08759552755892e-07,-7.34488727024437e-07,-1.36307906266525e-06,-0.000634052261533994,8.0691338589522e-07,3.73629393351552e-07,3.74611619083576e-07,6.58795854667766e-05,-1.16542891278124e-08,-2.45320657126581e-05,-5.3910341388536e-06,-0.000269443867625216,7.54809610780192e-06,0.0328419297987502,1.02619026403038e-05,1.20908968021953e-08,-8.98945334364517e-06,2.46110760916136e-05,-9.44965490907567e-05,-1.66991764483427e-06,-8.88148966100448e-06,-1.28080679221786e-06,1.5828942136729e-05,1.75724512639738e-07,-3.32939373986949e-07,-1.68075421288581e-06,-9.20217829175283e-06,9.76290360135728e-05,2.8417087950587e-06,9.29829542777952e-06,-2.38936544509173e-06,-1.22322026634598e-06,-1.29091944928304e-05,-8.96091742628059e-07,-1.40845016151942e-06,-1.12401839585283e-06,3.11200662614366e-05,4.89271949350663e-06,3.80297321182922e-07,6.36536195023723e-07,-3.39570707146391e-08,-4.31530230116146e-06,-3.03235773335702e-06,1.78582048638065e-17,-6.8157811100607e-07,0.00119350952554256,-7.79322176627005e-07,-1.92518367445904e-05,-2.44951697327096e-06,2.26051192135527e-05,-6.26729444727028e-07,0.00148935709265618,-5.4796643718852e-09,2.09809412364231e-09,-3.55220164393064e-06,5.37959702172505e-06,-1.70217647462219e-07,2.33542948548175e-05,-1.0959963687795e-06,3.71751757312261e-05,-1.06188420400527e-06,1.28792241584323e-06,-1.27875392705953e-06,0.000143243966043953,5.90984642439988e-07,-1.14507070526406e-07,2.51390400177923e-06,-4.88036355917456e-07,5.36954924622746e-05,-2.68778823311525e-05,2.70937671847515e-07,-9.23381364148674e-08,1.13781147791526e-07,8.06025064574344e-06,-1.84360949834757e-05,1.2342855647199e-07,4.97573892776176e-08,-1.11547056175019e-07,9.73434136360017e-06,-0.0286222239102919,-4.70771542577299e-06,2.50650810096601e-05,-9.20335661768357e-07,-3.66469214275106e-07,1.6979415456845e-06,-6.67924354685782e-07,3.7968671779285e-07,-4.0368666247308e-16,-1.03833921304499e-06,-3.59250608504782e-08,-3.43615871566352e-10,-3.12269885289212e-06,5.69830170421194e-08,-3.56630993792987e-08,-6.41303477428441e-06,7.53248191558293e-07,-7.86624175130882e-07,2.06132030746272e-06,7.59545991281982e-08,-6.85456241935739e-08,8.87174079468954e-07,-1.07515789385665e-06,2.40841960780008e-05,-5.25773526448381e-07,0.000230469805608961,2.53029219575754e-08,1.42073567310727e-07,1.23765383928085e-06,-1.02418399024952e-05,2.41462884348459e-07,-9.21696814285464e-07,1.23497400725008e-06,-4.47534452080487e-06,2.79047644279787e-07,2.51891817703833e-07,1.91771088251359e-06,-3.22303946268549e-06,-2.58060203804424e-07,2.09473214363375e-06,-1.36557530022902e-06,3.36962167669921e-08,3.12625310102512e-07,-6.03516766035994e-07,1.68084702207777e-17,1.77734327912335e-09,7.51707396423698e-06,-0.00204398946344916,2.34560028755173e-07,3.27740152254995e-07,1.21825347397927e-07,2.91342377228605e-07,-4.29245342291143e-06,1.59852592990515e-06,-7.81980493857128e-17,-1.2188617455082e-06,-1.48458060887538e-08,-4.1425568149469e-08,1.37771321036357e-06,3.09773393811162e-07,-2.08463973109793e-08,-7.93990846797045e-07,2.11065176328298e-07,-6.94802638572048e-06,1.30792916139617e-06,-2.64761601271764e-07,-4.77845826203971e-07,-2.52355966905933e-08,-7.14074996381751e-05,-4.74034823739955e-07,1.98434465069743e-06,-5.12995594056523e-07,1.43221090779511e-16,-7.79798629513965e-05,3.07950180679084e-05,2.15495509731706e-08,1.53165110902001e-06,-9.47599438478717e-07,-1.94942585989981e-06,6.84020745490899e-06,-2.48232528917305e-05,-1.71818138550543e-07,1.11154150329187e-16,-3.15368686476321e-07,-8.71836344596881e-07,-3.9585034322503e-07,-2.07187005988199e-17,7.43075852037044e-07,9.67829956057275e-06,-1.47498254888559e-06,-6.03400453530208e-07,-2.00694746134771e-07,-1.07171025635512e-07,-3.82638765988149e-06,1.06239759451738e-07,1.12848239206306e-06,3.29104901289301e-07,2.32290586705382e-07,1.75273386317915e-05,-1.22690950301204e-17,-7.46749049020374e-05,4.25355338210468e-07,2.7503961784257e-06,-2.76147584706276e-07,-8.68483555173728e-17,-2.65854157597128e-07,0.000918047088228783,-1.16716028671665e-07,-1.03753150344941e-07,-2.6225611684167e-07,1.45726441538565e-05,-3.65505855339736e-06,5.02664806960076e-07,-6.6255691366015e-16,1.83767692636206e-06,-9.03035106321788e-05,6.70794596892163e-06,2.24934543306269e-06,-2.28678416293051e-07,-1.53766340242318e-09,-1.86375922253902e-15,-3.16997916458261e-16,-1.52131933456454e-09,-0.00301098387863951,7.95826751383298e-06,-2.3114814101455e-07,6.6857517591297e-16,-1.13210575207425e-07,-1.33998651000985e-09,-6.65101966569819e-17,3.24952222612234e-18,-2.14437002246948e-16,2.84134449658771e-07,8.37685220852314e-07,-1.20911997922401e-06,7.12764562861117e-07,3.5522972640892e-07,7.29288967937493e-07,-2.20299125934142e-06,-1.16416322979527e-16,-4.79892118477666e-07,1.74396341888466e-06,2.27563034839959e-16,2.49996312379863e-16,-8.40143832225023e-07,-6.49381122502765e-11,-3.99369604150514e-05,3.85971789473621e-07,3.65357237716574e-06,-2.61172100428408e-08,-2.73071243474272e-14,-8.77794974405688e-08,5.13834583792273e-17,-2.98664349581926e-07,-1.76768038009092e-16,-4.36634336877626e-05,-1.41781399879797e-16,4.22406792732712e-07,7.56838340348604e-07,3.4775173620439e-08,4.5659204665326e-07,1.57227172416268e-06,-1.4497742468532e-05,1.14012960907303e-06,5.6651271451398e-08,2.75574220520803e-07,2.5371157137996e-08,3.18802275688213e-05,-1.1131109280603e-06,-2.74062212889408e-07,-2.22264032547824e-08,-4.25764729278979e-05,8.57155555384379e-17,4.94940959354838e-06,-8.516786851239e-07,8.35161672497144e-08,4.50123169524984e-16,1.1036983456646e-08,2.98408632785176e-07,1.06646554378267e-06,1.26034908395094e-16,-1.79466137412663e-06,-1.37051881785981e-07,3.03637567948099e-17,-1.80970887486514e-07,2.09193204379006e-05,1.72534721134125e-16,-8.11428252806158e-17,-1.02032413289468e-07,-7.89189359110176e-08,-4.49609726612171e-10,-6.23667277484108e-07,1.65485316171811e-07,3.37663894786827e-07,4.68831640052452e-08,5.72613307860901e-07,-9.70075265475422e-07,-3.10862446895044e-15,1.38637717203513e-08,1.37638455155476e-09,3.7976681013939e-09,3.55316196738254e-07,-6.57767734297793e-17,-3.81979824555024e-18,1.16836022148189e-07,-1.06117714378774e-16,-4.70903496096756e-16,7.33136562798257e-07,-8.18292657157247e-07,-1.05916237522021e-06,-8.8189731860887e-09,2.6754674121111e-05,5.87145951107734e-07,2.63684490336757e-08,-4.31576355018371e-16,6.41193419357251e-08,2.99558371362533e-09,1.37466164523943e-08,-9.63066615012572e-07,3.79593932361019e-06,1.9161695748829e-16,1.46847587638361e-16,5.10584878340973e-15,-4.76702708078098e-08,-1.58820709609519e-07,-1.33113260682423e-07,1.02565329566659e-16,-1.21675255576264e-07,1.77534862738078e-16,4.5523846791963e-17,2.85916789998475e-06,-6.27767656734078e-08,-7.10113901443801e-16,-1.54385888615103e-07,-5.53351122523413e-07,1.80133272259515e-14,2.38341299824754e-07,-1.00142176459438e-16,6.36950494300141e-08,-3.18330933871922e-16,6.35614278322716e-08,5.50300291504518e-07,1.38358371922063e-07,1.87568402928042e-08,1.28950959533266e-07,-0.000928240695033252,1.75306020283815e-07,2.30148556874503e-17,1.03637477332786e-05,-4.50758516851034e-07,-1.81947702043551e-16,-4.74826586690803e-06,-1.74453610799076e-07,2.11238258914356e-06,1.89077858459894e-16,1.29996189529044e-07,1.19229394441158e-06,1.10349380078762e-17,-4.29249804924562e-07,-9.49397574781496e-08,-3.4288984130447e-08,3.62024004533282e-17,-1.55959378163692e-16,8.82679468013135e-08,2.70154480199014e-08,2.18549166683948e-09,-3.1495365104283e-07,1.59737308206196e-08,8.19665137543931e-18,4.6324574655797e-16,5.83047233095675e-08,4.01880772187638e-10,-5.21237465136105e-16,1.40853942397775e-07,1.23118249453062e-16,5.04977177396369e-07,-2.69333094595076e-08,-1.57363363768962e-08,-1.04312180797336e-07,-1.13594122144446e-15,-8.19176730793116e-17,-1.16775810631001e-16,-6.37841017517356e-17,-5.80204034893356e-08,-1.50656354481292e-06,1.09182731322108e-16,7.81364213268502e-16,1.85819747872699e-16,2.83125229134553e-07,1.90449625051619e-08,-1.40011165506839e-07,4.90549331900747e-16,-1.59007309956436e-15,-5.05801162607346e-16,-8.65845067026917e-07,1.83729133032008e-07,5.15748390573557e-17,2.40873857440223e-07,-8.41768922813495e-07,9.1345072211929e-17,-9.61749486104838e-17,-8.39341643216609e-08,-8.59923121813586e-10,-4.15690226524513e-08,7.4089704846737e-16,4.67547606141645e-08,6.80745336143877e-08,7.30203864403382e-08,-6.65345805756716e-08,-2.36967263418951e-07,1.50972486202001e-07,1.07370259565871e-16,-9.45019173443738e-17,8.65385230736252e-17,3.02508252015257e-05,-3.44919022428043e-07,-1.88719747915557e-08,-1.48456343187895e-08,-7.32122233186324e-16,1.17635580043308e-16,3.29976241417758e-16,3.74257446360053e-16,1.24162273054031e-15,4.90106200593405e-07,-8.52500049818887e-17,-1.75089459610843e-16,-1.14615782883327e-08,-7.63017931045617e-17,-1.02599443343475e-08,3.74755401280023e-16,-1.27197746323671e-08,-1.68168274824982e-16,-1.54014662226773e-08,-1.92770725655456e-09,-9.09125479382033e-06,-3.33064609058315e-17,6.18096463444297e-08,-1.37697092374186e-17,8.77048565564931e-08,-1.06691032294058e-06,8.53176899711423e-10,6.75730765277896e-16,1.24459420664395e-07,3.47795742747358e-16,-3.05855981590308e-08,-1.72635896795001e-07,1.79330803938132e-16,7.76922096661372e-17,-4.49899727879807e-17,-2.30860478867013e-16,-5.79507622041172e-10,-7.54643597814731e-09,-1.68515159689401e-09,-1.66869311326289e-16,2.67329839321333e-16,-1.2473487810092e-07,3.66670148537221e-05,1.60440602316605e-16,4.65609612760756e-17,-7.66766392822354e-09,-2.92313661815276e-16,-5.43406102827335e-08,-7.82588988928999e-16,5.13059670607055e-07,4.88959555530157e-17,1.01041191953397e-17,-7.58756573121171e-17,4.1092125776915e-16,-1.87344423867375e-16,-4.62248409704134e-16,5.35682834778752e-06,-3.74629616623072e-05,1.1163068780942e-16,-4.57053547067551e-08,1.73878631643811e-07,8.29756062492821e-16,-3.35679300865104e-17,-3.90178207489888e-17,-4.3609624732847e-16,1.71427311724973e-08,2.74146824996027e-09,1.9075051173468e-16,1.40307245238512e-16,-3.11303901051206e-08,-1.11047888337179e-07,-1.16216619439649e-08,-3.08558697426808e-16,-1.94026291247691e-16,1.42942586277483e-17,-9.37444397678919e-16,8.94503891040014e-16,-2.57327472669306e-17,6.55813539548679e-08,-6.20261427227673e-08,-1.19262171616437e-08,9.09036082145546e-17,2.0483406199732e-16,6.03440148725212e-17,-4.81231230003363e-17,-2.12920776165658e-16,-5.00584747708186e-16,3.55431066143118e-16,6.72293146342819e-16,-2.28354476578236e-16,-1.03993813720552e-16,3.33049363692843e-16,2.16132863833333e-16,-1.34726603122704e-16,2.43912408264262e-17,3.37126431762528e-07,-1.31212015809863e-16,-1.18809914725839e-16,1.19006712126328e-16,6.39111137464342e-07,-1.11388651567359e-09,-2.67546224997276e-16,-1.29385753150009e-06,5.83852828591564e-07,2.97934910091468e-16,-8.4774365248627e-16,-1.62882163381707e-07,-2.87211790552617e-16,1.43637389348012e-08,-3.68780647794022e-17,2.37975436360997e-16,-2.30385343730017e-16,5.08319797832227e-16,2.03300490876397e-09,-2.7916161484055e-07,7.07261188653765e-16,5.57305372682244e-16,-3.97649958558738e-16,1.85493098955412e-15,-6.31574610656269e-16,-9.40022479049078e-17,-2.38455410733932e-16,-4.10036639157178e-16,1.72668506832509e-07,-2.91172907143118e-16,3.85903212262666e-17,-3.21257112291156e-17,6.15322480851636e-19,2.11343802527501e-16,7.32058883029649e-16,-6.60723922605709e-08,1.13645218850033e-16,-8.97685909110754e-17,4.925637138678e-08,1.63760455648009e-16,5.54389352967592e-16,-1.85028062879972e-17,1.33686164537283e-15,2.83240097162091e-07,-6.0589580802901e-19,-3.02727238845823e-08,-5.17059030897073e-17,7.78060514359981e-17,7.26380894095691e-16,-1.92076401730639e-14,3.03168310706254e-16,-4.22345991032142e-16,1.09336280785881e-09,1.99677315756436e-16,2.72760385046772e-17,3.32803785777657e-06,-1.36425818852078e-07,3.32729530309625e-17,9.55464901261172e-08,1.39926240895188e-08,-5.22935495619243e-16,-1.33225837735249e-16,1.32742318760434e-17,1.10570251668242e-15,5.96780965597905e-16,-2.34691816012184e-08,-6.52245314887149e-16,7.55869387989778e-16,4.57119501488258e-16,9.39244300105624e-09,-9.98999725239766e-16,7.17345872839704e-16,3.19745948311087e-16,-1.21496910501528e-17,-4.27720083970353e-09,2.49805263519678e-16,8.88038120640924e-09,-7.27843485861838e-16,1.18858274799798e-15,1.35663090361757e-16,1.64096786448255e-16,1.85111670980179e-16,6.01494298853615e-16,5.81427400231183e-16,-1.99197686667932e-07,-3.9565813667003e-16,5.76511337109577e-16,6.46975713765488e-08,-1.16244194105993e-15,-4.5013462643049e-17,8.31066634663764e-16,1.38157803970165e-16,-4.19202500424331e-16,1.51072268543538e-16,-6.79194797181231e-08,8.91097945480025e-16,-8.40982038219636e-16,1.39511485174446e-07,4.14627892892186e-17,1.07460797266247e-16,1.15837806806347e-15,-5.66161239280184e-16,-1.74380305233827e-16,4.22116871050866e-16,2.04230940018022e-16,-3.91305146251686e-16,-4.01559797589689e-16,9.36251767683213e-16,-4.39153637427872e-17,-7.31066634434945e-08,3.13665701535837e-07,-5.44309032034092e-16,-7.65859140701521e-16,-4.79275861913203e-16,2.97274618588486e-16,-2.11016982390308e-14,-8.5683103604921e-18,-4.50423531545215e-15,1.69300107213707e-16,-3.04250135161686e-09,-2.88588908527817e-16,6.14551757151492e-16,-9.09553768542298e-16,-1.62823226378118e-15,3.89392107635849e-09,1.56403628476551e-15,-3.31743921023992e-07,-1.0352806877349e-15,-3.94866082175959e-15,3.23957494808065e-15,8.73046664309603e-16,1.35689099308466e-15,1.89324999425167e-14,4.88767030405235e-16,-1.09519388656976e-15,5.83527946402816e-16,6.82351167941048e-16,5.76101311441419e-15,-4.87892471074296e-15,4.51654097748631e-15,1.56967407787539e-14,6.14901031037684e-15,-7.68390839508132e-15,1.23565611429675e-14,4.16786812934526e-15,2.29703153587464e-14,1.75620485607341e-14,0.707106781186547,3.38999936785075e-14,1.08780171440539e-14,1.47029808600568e-14,-8.22949060850757e-15,2.93138450960988e-10,5.27516904618253e-15,1.28132290566043e-15,1.82735098322822e-15,1.16579539785035e-15,9.39331104645782e-15,6.28884495811841e-16,-2.95703129281819e-17,1.11949453622252e-15,1.66892452817141e-15,-1.20284033330996e-15,8.67365816959772e-14,1.83643067563222e-16,1.64479659717784e-15,-4.97166750432399e-19,-6.14277910384492e-16,-7.63206393272253e-16,-3.56121981636615e-15,-3.76922370130948e-09,-7.9910000374525e-16,1.04537321877529e-15,-8.00023726703664e-16,1.40091496432031e-16,-8.39474433380008e-16,1.06933587606217e-15,4.00173950158917e-16,9.16715482559744e-16,3.01768956081872e-16,7.97882878435279e-10,2.70338717647763e-15,2.71912005938091e-16,3.69633645079079e-16,-1.36471765449747e-16,5.79154370963713e-16,-3.06197883970545e-16,-4.08262190146789e-16,-2.1465845135623e-16,5.25062148823811e-16,6.31527879123801e-17,-2.84740900368926e-16,-1.53875248894912e-15,-7.78692700289215e-17,4.02193095803258e-09,-3.2968197893663e-16,1.47906542991561e-18,5.19264299692789e-18,-1.30851450387479e-14,-1.21010821621622e-08,-5.00027439265159e-17,1.83688377631433e-16,1.27370903054093e-16,5.88378639379403e-16,6.75556753122684e-16,-9.87920592941696e-17,6.87640181145971e-16,3.26593639817264e-16,-1.68881492799195e-17,-1.04814013942055e-16,-1.46032385534921e-16,1.60056955161224e-16,-2.47482100839073e-16,-4.7765440122279e-17,4.72483723761911e-16,-2.33727408659677e-16,-4.51000846215949e-16
"t814",-0.0410068929065082,0.0344172218722094,-0.0562530299618388,0.0254167094852956,0.00698845289762798,-0.00334560675014241,0.0218943415712642,-0.0471154295140593,2.31202441954921e-05,-8.99340564199901e-05,1.21089968549426e-06,-0.00449655547837444,0.00882324986836108,-0.00138806943004243,0.000423795792098725,0.0793892465666724,-0.00200249753755197,0.0044292421321106,-0.000326149786534488,0.000161656432228832,-0.0188679912658494,-0.19816801836862,-0.00046882574580747,0.00287391067721923,-0.000433024176668627,0.000244172261968753,-0.000323107225021428,0.000323550775973491,-0.00722204988582272,0.00273446758025891,-7.29212175055159e-06,1.17116184377683e-05,-0.00338784307429785,7.96055869587719e-06,-4.17865335850991e-06,-5.93013564282642e-06,-0.000231045900447275,1.5992881256822e-06,1.28480792301172e-05,3.44048014968269e-06,0.000171268256405196,-2.14768965590315e-05,0.000179715377156513,-2.1030801186678e-05,0.00454571744646659,-8.90473551429108e-06,1.16419661998726e-05,-0.000230395370108024,1.78741188725311e-05,-3.45632768207025e-05,0.000240879336279351,-2.3899695977089e-05,3.42254001857457e-08,-0.00831726036268712,2.54281163783854e-06,-2.71153026821644e-05,1.00824641760028e-06,-6.57387425333603e-05,2.22312529644003e-05,-0.00104891269224511,-2.36839655444723e-05,2.68965417639232e-06,-8.56308136436631e-05,4.52762650453539e-05,-3.0747572416672e-06,6.86682128034292e-05,-3.76412808235682e-07,1.24925380094477e-05,-3.31265333879566e-05,1.22630285611573e-05,-5.65795167960994e-06,-0.0268153816284847,-2.71011477874797e-06,-8.16180649470765e-05,3.53858580724552e-05,9.37958909536998e-08,-0.00201199413757058,9.2008233465059e-08,-1.28412130370398e-06,-2.35255098964725e-07,-7.93857627176383e-07,-1.52998206189775e-05,6.2847072993123e-06,5.24259767763446e-05,-1.2024559410648e-05,-0.00361464873655571,0.00327545306117529,7.19202169007572e-05,3.1235677347263e-05,-0.0504449285169383,-6.65578228719194e-05,0.0480266097589368,1.36910894853613e-05,-0.000665028048700929,-3.29843405480659e-07,-0.000803711677682969,1.86494058520156e-05,0.000403267328033107,-6.56073463035371e-05,-1.60132991360363e-05,-3.13064859964539e-06,1.50054178168208e-06,-4.18881816632348e-06,7.50162957629355e-07,-3.00563930535948e-07,3.14761421771981e-06,-1.29278357549358e-05,3.27694572948909e-06,-1.7506367305398e-06,1.66436991760749e-05,1.50276542942415e-06,2.28360837960614e-06,-4.67375146771198e-06,-3.97774350524332e-06,2.3574049556012e-08,-1.67939183566569e-06,3.06634378175571e-06,-5.32541644564871e-06,8.19334531608328e-06,-2.7509593248278e-05,0.000160272538406524,-6.13460472540541e-05,0.000124359183655648,0.000361754354282163,-0.0123772391379725,0.0209185795252263,-0.659632657383748,-5.43979070830413e-05,3.19061014563001e-05,0.00104482675331334,-1.65127062636866e-05,6.88459921599452e-05,-7.88160194439578e-05,-1.53251096368334e-05,3.93740507755077e-05,2.2382464802584e-05,-1.07700937294009e-07,-6.3749659177294e-05,1.72866154348994e-05,-4.95542028463869e-05,-3.10407790430875e-06,-0.000119036358231978,2.30077784127416e-05,2.20021854500239e-06,0.000455497157951546,-2.75787556977865e-07,-1.18324800160869e-05,1.68247788536937e-06,1.08874156281363e-07,-3.61467603695736e-07,-0.0015573243845165,-1.03268924605901e-06,-0.000176486626169709,8.42235759331792e-06,-2.34797187444262e-06,-2.02138110644834e-07,3.00718066978992e-06,-0.000149583913850839,-6.73858427679992e-07,-2.21929063870616e-07,-0.000104258622273636,2.01492160490847e-06,-1.06790480204266e-06,-0.000140114233115637,1.58645565018756e-05,-5.51302216469794e-05,7.82094995676834e-06,1.3341233848808e-07,6.6297770101094e-06,8.75031867763668e-06,-0.000102356822226773,-2.41138070291563e-05,0.000170247663621384,7.1356168022502e-07,1.21676293595159e-05,2.7216615126248e-07,1.07381615541322e-06,-7.29299806252536e-06,-5.74034133531971e-06,-0.000937601087475823,4.60858578466326e-05,0.000145440792966994,-3.58386213784092e-06,-1.14966473065755e-07,-4.41249309477395e-07,-7.92355260973984e-07,-1.61395881591118e-05,4.42542240692379e-06,2.02573451060423e-05,-0.00111433814497383,-3.74422863652462e-07,7.27917339732685e-07,2.92110756074019e-06,3.78384750198426e-08,5.08759552330018e-07,-7.34488727158115e-07,-1.36307906094008e-06,-0.000634052261534431,8.06913385594198e-07,3.73629393351173e-07,3.74611618864175e-07,6.58795854670704e-05,-1.16542890996364e-08,-2.45320657129103e-05,-5.39103414027913e-06,-0.000269443867625231,7.5480961088102e-06,0.0328419297987507,1.02619026401187e-05,1.20908969776187e-08,-8.98945334194148e-06,2.46110760916105e-05,-9.44965490906114e-05,-1.66991764526217e-06,-8.88148966100987e-06,-1.28080679217862e-06,1.58289421364264e-05,1.75724512648887e-07,-3.32939374136813e-07,-1.68075421280637e-06,-9.20217829158581e-06,9.76290360136867e-05,2.84170879435428e-06,9.29829542800424e-06,-2.38936544528443e-06,-1.22322026607138e-06,-1.29091944929168e-05,-8.9609174258105e-07,-1.40845016053864e-06,-1.12401839592967e-06,3.11200662615725e-05,4.89271949350576e-06,3.80297321156966e-07,6.36536194769691e-07,-3.3957070887742e-08,-4.31530230071368e-06,-3.03235773349523e-06,2.78989774769693e-17,-6.81578111793377e-07,0.00119350952553837,-7.79322176279391e-07,-1.92518367445264e-05,-2.44951697326563e-06,2.26051192134034e-05,-6.2672944444125e-07,0.00148935709265591,-5.47966438685662e-09,2.09809409125696e-09,-3.55220164387212e-06,5.37959702104609e-06,-1.7021764734181e-07,2.33542948533796e-05,-1.09599636852575e-06,3.71751757314153e-05,-1.06188421247766e-06,1.28792241530636e-06,-1.2787539273278e-06,0.00014324396604492,5.90984643126439e-07,-1.14507070420306e-07,2.51390400177166e-06,-4.8803635484998e-07,5.3695492462292e-05,-2.6877882331236e-05,2.70937671319247e-07,-9.23381363968539e-08,1.13781148147007e-07,8.06025064582675e-06,-1.84360949832796e-05,1.23428556651447e-07,4.97573890983306e-08,-1.11547055288269e-07,9.7343413636813e-06,-0.0286222239102913,-4.70771542587663e-06,2.50650810095199e-05,-9.20335662614496e-07,-3.6646921436061e-07,1.69794154556134e-06,-6.67924355036713e-07,3.79686717288795e-07,1.78737711723978e-16,-1.03833921340006e-06,-3.59250609881101e-08,-3.43615801911755e-10,-3.12269885309302e-06,5.69830171142529e-08,-3.56630993475693e-08,-6.41303477335579e-06,7.53248191382118e-07,-7.86624174795321e-07,2.06132030658436e-06,7.59545994048598e-08,-6.85456244299329e-08,8.87174080040785e-07,-1.07515789392487e-06,2.40841960779518e-05,-5.25773526418432e-07,0.000230469805607216,2.53029219183068e-08,1.42073567513588e-07,1.23765383926394e-06,-1.02418399019858e-05,2.41462884227581e-07,-9.2169681439561e-07,1.23497400742745e-06,-4.47534452094101e-06,2.79047644114308e-07,2.51891817929851e-07,1.91771088224836e-06,-3.22303946267201e-06,-2.58060205835734e-07,2.09473214389322e-06,-1.36557530046581e-06,3.36962170407337e-08,3.12625310093338e-07,-6.0351676608117e-07,5.19015456021054e-17,1.77734315632987e-09,7.51707396384927e-06,-0.0020439894634516,2.34560028856915e-07,3.27740152980073e-07,1.21825347263058e-07,2.91342376777874e-07,-4.29245342288939e-06,1.59852592973638e-06,2.78486976879467e-16,-1.21886174447734e-06,-1.48458061620608e-08,-4.14255679728291e-08,1.37771321047751e-06,3.09773394003514e-07,-2.08463969813582e-08,-7.93990846510419e-07,2.11065175915782e-07,-6.94802638550026e-06,1.30792916144737e-06,-2.64761601657723e-07,-4.77845826884017e-07,-2.52355966554325e-08,-7.14074996373827e-05,-4.74034822784094e-07,1.98434465065543e-06,-5.12995593182612e-07,1.30888892308412e-16,-7.79798629521877e-05,3.07950180682415e-05,2.15495511350014e-08,1.53165110901545e-06,-9.47599438873438e-07,-1.94942585885877e-06,6.84020745533159e-06,-2.48232528914416e-05,-1.71818138286341e-07,-5.95157058908863e-17,-3.15368685689522e-07,-8.71836344355907e-07,-3.9585034303405e-07,1.6910459950969e-16,7.43075852626407e-07,9.67829956040959e-06,-1.47498254916179e-06,-6.03400453372232e-07,-2.00694747056055e-07,-1.07171024173022e-07,-3.8263876601886e-06,1.0623975838182e-07,1.1284823918079e-06,3.29104901100664e-07,2.32290586824622e-07,1.75273386319304e-05,2.24349656576757e-17,-7.46749049033502e-05,4.25355338123134e-07,2.75039617072981e-06,-2.76147584301622e-07,-9.45900714049118e-18,-2.65854157869438e-07,0.000918047088229913,-1.1671602864208e-07,-1.03753150271475e-07,-2.62256116806551e-07,1.45726441538622e-05,-3.65505855341463e-06,5.02664807246165e-07,6.55137329064281e-16,1.83767692705977e-06,-9.03035106372292e-05,6.70794596838765e-06,2.24934543350138e-06,-2.28678416504458e-07,-1.53766326255896e-09,-1.81762526520159e-15,5.91855521038811e-17,-1.52131953615261e-09,-0.00301098387864168,7.95826751319711e-06,-2.31148140277419e-07,8.45076707704129e-16,-1.13210576025856e-07,-1.33998623233725e-09,8.6793919856989e-17,5.43769647782253e-17,1.03130444025154e-16,2.84134449401222e-07,8.37685220727416e-07,-1.20911997986929e-06,7.12764562719299e-07,3.55229726386284e-07,7.29288968113502e-07,-2.20299125916224e-06,-1.60245754904604e-16,-4.79892118717277e-07,1.74396341898578e-06,-2.72190398481315e-16,-4.48958239638581e-16,-8.40143832814034e-07,-6.49381715938948e-11,-3.99369604144862e-05,3.85971789463386e-07,3.65357237750937e-06,-2.61172099655879e-08,-2.74292145374671e-14,-8.77794978328803e-08,-6.32160972245314e-17,-2.98664349249342e-07,4.2941319390855e-15,-4.36634336877826e-05,1.78543131153227e-16,4.2240679214531e-07,7.56838340323798e-07,3.47751750425612e-08,4.56592046434353e-07,1.57227172425927e-06,-1.44977424676378e-05,1.14012960953965e-06,5.66512713666015e-08,2.75574220401775e-07,2.53711575924092e-08,3.18802275695506e-05,-1.11311092767801e-06,-2.74062212205274e-07,-2.22264032487285e-08,-4.25764729266446e-05,-5.79795696453478e-17,4.94940959421924e-06,-8.51678684917657e-07,8.35161670344596e-08,1.81880468468481e-16,1.1036983455943e-08,2.98408633015088e-07,1.0664655439896e-06,4.3488170560341e-17,-1.79466137442048e-06,-1.37051882356004e-07,-3.25709857949908e-17,-1.80970887458305e-07,2.09193204372553e-05,-1.56058754117807e-16,2.6735066775803e-16,-1.02032413673245e-07,-7.89189364973044e-08,-4.49609668177134e-10,-6.23667277319481e-07,1.65485316038341e-07,3.37663895023695e-07,4.68831638404124e-08,5.72613307303679e-07,-9.70075265775418e-07,-1.88737914186277e-15,1.38637713514038e-08,1.37638413655401e-09,3.79766834041627e-09,3.55316196371734e-07,-6.55838814546373e-17,-5.59556413184965e-17,1.16836022561888e-07,1.45888733987588e-16,6.16042746619785e-16,7.33136562813701e-07,-8.18292656845262e-07,-1.05916237489941e-06,-8.81897323249943e-09,2.67546741210349e-05,5.87145950986807e-07,2.63684489200016e-08,4.97202065163102e-16,6.41193421541463e-08,2.99558393151419e-09,1.37466161847219e-08,-9.63066615639396e-07,3.79593932354393e-06,-3.60881507355976e-16,-2.12351969625372e-16,5.10414463159001e-15,-4.76702720877793e-08,-1.58820710629985e-07,-1.33113261106314e-07,-4.39909924003421e-16,-1.2167525548432e-07,-1.07398173684337e-16,-7.24946366221795e-17,2.85916790008122e-06,-6.27767655978611e-08,3.66156764774571e-15,-1.54385889357093e-07,-5.53351122374114e-07,1.70274035766102e-14,2.38341299963778e-07,3.44727363575157e-17,6.36950489324358e-08,2.54334366560469e-16,6.35614283613012e-08,5.50300292332894e-07,1.3835837197336e-07,1.8756839886457e-08,1.28950959946451e-07,-0.000928240695033797,1.75306020177851e-07,-4.29459620457e-17,1.03637477333884e-05,-4.50758516659424e-07,7.32913450430979e-17,-4.74826586599578e-06,-1.74453610545465e-07,2.11238258830661e-06,-2.31149470163146e-16,1.29996189404948e-07,1.1922939445481e-06,-8.12846578271822e-18,-4.29249804747673e-07,-9.4939758048034e-08,-3.42889842903893e-08,-1.65774821256956e-16,1.75850944139606e-16,8.82679464057824e-08,2.7015447723931e-08,2.18549222097769e-09,-3.14953651298675e-07,1.59737309643711e-08,-3.61591707818107e-17,-1.45426054741836e-16,5.8304721868541e-08,4.01880147339196e-10,4.9172431456776e-16,1.40853941468078e-07,6.09163138172145e-18,5.0497717701238e-07,-2.69333092233612e-08,-1.57363360953454e-08,-1.04312180843781e-07,-1.25530893162217e-15,1.97247833180806e-16,1.72920781151644e-16,-2.91956836877946e-16,-5.80204035410183e-08,-1.50656354434131e-06,7.14594948591125e-18,-8.1272802431925e-16,-2.32240705799432e-16,2.83125228523455e-07,1.90449605178455e-08,-1.40011164231344e-07,-4.67160463776025e-16,3.50850825516191e-15,2.43783437936128e-15,-8.65845067314161e-07,1.83729132669023e-07,1.19483795131098e-16,2.40873858233541e-07,-8.41768922009516e-07,-5.24381566892659e-17,1.45261409255995e-16,-8.39341646976473e-08,-8.59923110998406e-10,-4.156902350605e-08,-8.08897999400586e-16,4.67547605582435e-08,6.80745330117568e-08,7.30203868142288e-08,-6.65345805360536e-08,-2.36967263811734e-07,1.50972484665275e-07,-1.23540530317703e-17,1.57134714245912e-16,-9.34625084147845e-17,3.02508252001223e-05,-3.44919022684901e-07,-1.88719748554438e-08,-1.48456347884162e-08,-4.142895970019e-17,-1.44676345260617e-16,-3.88664370691782e-16,-4.23878415710299e-16,-1.62845921337236e-15,4.90106200439654e-07,4.33058596469536e-17,2.85669887646754e-16,-1.14615780841995e-08,5.936502842254e-17,-1.02599434321685e-08,-3.76112842326168e-16,-1.27197744106174e-08,1.31964994330179e-16,-1.54014662018084e-08,-1.92770751767756e-09,-9.09125479389816e-06,-1.16564318844591e-16,6.18096463897822e-08,-1.48083276608118e-17,8.77048567295006e-08,-1.06691032271359e-06,8.53176879033289e-10,1.9136885902318e-16,1.24459420375435e-07,-4.11118230212573e-16,-3.05855979471453e-08,-1.72635896578468e-07,-2.29116331784557e-16,-1.08193978961392e-16,5.80843573465245e-17,1.09322825242323e-16,-5.79507570782994e-10,-7.54643532387445e-09,-1.68515188871849e-09,6.05824336641461e-17,-2.9772566335071e-16,-1.24734878376744e-07,3.66670148618859e-05,-1.33869606489616e-16,-7.69032880279178e-17,-7.66766390972155e-09,1.75125821729036e-16,-5.43406106359326e-08,1.07744405676634e-15,5.13059670348231e-07,-1.36255451232045e-16,8.46180662081038e-17,2.26393865672e-16,-4.88543545142826e-16,1.4410631666981e-16,-1.62959410984173e-16,5.35682834818611e-06,-3.74629616628128e-05,-6.07430362482704e-17,-4.57053549812733e-08,1.73878631835431e-07,-7.66521423496753e-16,5.54739243879752e-17,-3.33140213104894e-18,7.19870161757205e-16,1.71427302872995e-08,2.7414679444856e-09,-1.81805578813338e-16,-6.74956675677543e-17,-3.11303904753478e-08,-1.11047888027283e-07,-1.16216623167214e-08,4.36662464345974e-16,1.37516010049803e-16,4.93800672243268e-17,8.81665908649664e-16,-8.91932651872184e-16,7.56165671168336e-17,6.55813540175177e-08,-6.20261429174954e-08,-1.1926217986574e-08,-1.84709090326029e-16,-2.13730703717134e-16,2.60034371733182e-17,-6.4513033728952e-17,2.09535665308914e-16,4.0231476953086e-16,-5.37386465079301e-16,-7.55667342215744e-16,1.7934170915963e-16,9.2449086362909e-17,-3.05902988350042e-16,-4.21612012906627e-16,2.31909370514246e-16,-5.21306971095669e-17,3.37126430859639e-07,3.44651068716506e-16,-1.76159657632899e-17,-3.75795255760003e-16,6.39111138095241e-07,-1.11388730358978e-09,1.9431873988231e-16,-1.29385752993066e-06,5.83852827602616e-07,-1.66368134516516e-16,8.3462507383673e-16,-1.62882163461912e-07,1.66027509772984e-16,1.43637416600655e-08,1.65567075574965e-16,-1.91004632036141e-16,1.89780046828381e-16,-4.20608930586612e-16,2.03300603339719e-09,-2.79161615976497e-07,-8.48414057900796e-16,-5.43629138116259e-16,3.446731917358e-16,-2.09112702681934e-15,1.71640974258939e-15,3.82949092647379e-17,3.3149287850814e-16,4.61270709375082e-16,1.72668508554387e-07,2.30624920664119e-16,-5.48734487022887e-17,-8.41171792254304e-18,1.19315818798539e-17,-2.14515061114042e-16,-6.70610313990792e-16,-6.60723918559486e-08,-1.49955064787805e-16,1.05884439756288e-17,4.92563715421791e-08,-5.39609420477885e-17,-4.25792904608329e-16,1.11383005412862e-17,-1.27808920673399e-15,2.8324009624346e-07,-1.37818349326907e-17,-3.02727226998185e-08,2.10974233718243e-16,-8.47719940594764e-17,-6.06162060109254e-16,1.4457422551205e-14,-3.15940144974391e-16,6.24451987434736e-16,1.0933626020922e-09,-5.23036398193503e-16,-1.28643178886901e-16,3.32803785678424e-06,-1.36425818088441e-07,-1.09552154564836e-16,9.5546490192361e-08,1.39926250051249e-08,5.65863514395041e-16,-7.81361260395274e-17,-3.00002127184778e-17,-8.69052274280353e-16,-6.23458282432439e-16,-2.34691809962525e-08,1.02889905142594e-15,-6.53314756608575e-16,-4.74802114368121e-16,9.39244437109275e-09,8.17672196613565e-16,-7.62451825657383e-16,-2.9709145392796e-16,3.37846576490152e-17,-4.27720161241263e-09,-1.69821897633725e-16,8.8803811733344e-09,7.96224238512684e-16,-9.38073650607367e-16,-1.00155161732805e-16,-1.10469689001012e-16,-2.96746744053621e-16,-5.31481982319865e-16,-5.16983514656451e-16,-1.99197686991859e-07,5.94800742187325e-16,-6.15349121081861e-16,6.46975715846744e-08,1.24854571580766e-15,-2.22343016043194e-17,-9.47955645938545e-16,-1.47556364722763e-16,4.02813431800031e-16,-1.26818890287299e-16,-6.79194779986424e-08,-8.14227993346611e-16,6.50772805212376e-16,1.39511485264272e-07,7.29458276768514e-17,-1.60930632576027e-16,-1.26097534862832e-15,5.43740336090966e-16,2.65790050697469e-16,-3.97855517712036e-16,-1.38328458072824e-16,3.11534420199816e-16,3.8322701335313e-16,-9.98818774097979e-16,1.12314337656523e-16,-7.31066649346251e-08,3.13665698972712e-07,3.66931815781248e-16,8.15680281907564e-16,5.29995062763092e-16,-3.02939234929536e-16,1.74778265815183e-14,1.61908758746937e-16,4.4298513558996e-15,-3.96324747205376e-17,-3.04250091344158e-09,1.74340956536842e-16,-5.00753667768797e-16,8.71353699525322e-16,1.67522419719758e-15,3.89392410677317e-09,-1.65882804923904e-15,-3.31743928526013e-07,9.25734011018287e-16,3.88802393087349e-15,-3.23754671948335e-15,-9.10707747964044e-16,-1.41633962172182e-15,-1.88095211905821e-14,-6.09225649240872e-16,9.54906090634293e-16,-5.91569896442057e-16,-6.28138210218304e-16,-5.83276981724699e-15,4.94718262022981e-15,-4.38941190084328e-15,-1.57688026822363e-14,-6.22257126106379e-15,7.68735313260056e-15,-1.22726157842824e-14,-4.29093560711411e-15,-2.30252707329447e-14,-1.76156266982091e-14,-0.707106781186548,-3.38905852116834e-14,-1.09218919530866e-14,-1.4709730419165e-14,8.18284837144381e-15,2.93142146507003e-10,-5.22091635336512e-15,-9.48744872985957e-16,-1.69042879531597e-15,-1.3330115325049e-15,-9.44604106104189e-15,-5.42581581716977e-16,-9.85390647413656e-18,-1.07432701145456e-15,-1.84596044086401e-15,1.32214678091849e-15,-8.59153669932301e-14,-1.89011925390232e-16,-1.65150291945642e-15,-2.48004725906215e-17,5.97997881762682e-16,7.0405816370175e-16,3.52000225605904e-15,-3.76922428054309e-09,6.56709092592589e-16,-1.00881855479678e-15,8.10360725916497e-16,-2.63851500099746e-16,9.6705834651428e-16,-1.08502741151257e-15,-3.54342310824461e-16,-1.03004266606217e-15,-2.63899301777227e-16,7.9788402308314e-10,-1.96501704329361e-15,-2.70153426402679e-16,-3.5525880614382e-16,1.67575184284333e-16,-5.40173700601972e-16,2.10985555994145e-16,3.55528482851187e-16,2.92581069225825e-16,-4.90366942078571e-16,-2.59640566202724e-16,1.43794646412083e-16,1.43937734982811e-15,6.65214525894518e-17,4.021933330318e-09,2.52763506206606e-16,-1.50234949292668e-17,-1.36449808094221e-16,1.36088456755266e-14,-1.21010824505256e-08,1.03345044056567e-17,-1.83226546871053e-16,-2.1764860965605e-16,-3.81489853030761e-16,-8.02257970697441e-16,8.43775534263402e-17,-3.82072340623932e-16,-1.67915343108126e-16,-6.94714605652616e-17,4.70970045484242e-17,2.64405317984901e-16,-4.80405831944779e-17,1.63772562702685e-16,1.33745652857831e-16,-5.49213115440466e-16,3.46477465803936e-16,6.74143916047424e-17
"t343",-0.0411934518259485,0.0347513349111785,-0.0568172157715281,0.0257612362345132,0.00710530484905986,-0.00341170403652735,0.0223358057599366,-0.0481450084385065,2.37227204357109e-05,-9.28142847519556e-05,1.26114029339042e-06,-0.00473184956103478,0.00930019590306154,-0.00146438715193171,0.000448252072118134,0.0842806855963594,-0.0021292687218778,0.00471550479046579,-0.000347794007885538,0.000173472294314582,-0.0203811390205524,-0.218134198264849,-0.000519384091754924,0.00318605827641665,-0.000480289597491803,0.000272442172330639,-0.000361081206675874,0.000362013904672793,-0.00811030514499772,0.00315353947672879,-8.5129382210678e-06,1.37986661788046e-05,-0.00405516001005268,9.63936714293192e-06,-5.12859505214772e-06,-7.44964482908228e-06,-0.000291450657003146,2.02814811255003e-06,1.63314000398387e-05,4.39598265630505e-06,0.000221112691942649,-2.79838985849763e-05,0.000235553379153814,-2.75787612748937e-05,0.00600381588561799,-1.20920488323595e-05,1.59510664157803e-05,-0.000317028840818433,2.48991450661959e-05,-4.88152823049943e-05,0.000346792678256509,-3.47290344240344e-05,4.98020203142827e-08,-0.0122477341609499,3.83706456816011e-06,-4.10734398802008e-05,1.64685253758564e-06,-0.000109875370027635,3.72620747735542e-05,-0.00187058570472848,-4.45186514143931e-05,5.20012691686364e-06,-0.000169572169138292,9.02171244946434e-05,-6.42988143443069e-06,0.000150533403376554,-9.29802839516961e-07,3.28350109543899e-05,-8.97979999282437e-05,3.52815844875022e-05,-2.52327019221365e-05,-0.23023994940751,-2.74673961322489e-05,-0.00134223448529309,0.000632434144140843,2.40412641830886e-06,-0.0625046273619936,-4.50947518678831e-05,1.52819014193134e-05,1.9757348207985e-06,4.36987582624308e-06,7.81755842971892e-05,-2.06798014210527e-05,-0.000154853444131104,2.41023636342479e-05,0.00661664787994146,-0.0054961505672954,-0.000119039957858153,-5.15166688571237e-05,0.0824604870974625,0.000105418561581053,-0.0578010621155579,-1.60961073573153e-05,0.000671806014926707,2.61658321879086e-07,0.000615776866898489,-1.42654872712212e-05,-0.000282846195801834,4.45802982772598e-05,9.67381777547091e-06,1.72197518083407e-06,-8.18559689266398e-07,2.26389824723561e-06,-2.69267206886742e-07,1.04652406226506e-07,-1.07025906618916e-06,4.21386405724305e-06,-1.05558492018214e-06,5.52232100626925e-07,-5.08599151943789e-06,-4.54478986835225e-07,-6.49251806273407e-07,1.31899651722145e-06,9.52157810133821e-07,-5.44533848807185e-09,3.5847986682532e-07,-6.31499322499877e-07,9.92383771821327e-07,-1.38330467115418e-06,4.30267242182075e-06,-2.39821075508253e-05,7.83485038482922e-06,-1.42586400366973e-05,-4.13026370158815e-05,0.00139078218077987,-0.00209015245912049,0.0652499455465911,4.83474325319191e-06,-2.00903780484732e-06,-6.5510239263716e-05,1.00336901316924e-06,-3.14285358402262e-06,3.37807624550837e-06,6.26381303502826e-07,-1.29995101511211e-06,-7.1535213562313e-07,1.81694166197692e-09,3.80113259452018e-07,1.26695684163737e-07,-3.80568178311857e-07,-3.03502472622772e-08,-1.28902251197866e-06,2.87475670183132e-07,2.88735879442741e-08,5.98133312871573e-06,-4.82762070630519e-09,-3.02630618354336e-07,5.54668854689757e-08,3.77683427291783e-09,-1.38537015912795e-08,-6.01225058045607e-05,-4.12352254134884e-08,-7.18204485368273e-06,3.49964114318619e-07,-1.1460242517626e-07,-1.00809937486338e-08,1.5219030230303e-07,-9.59045426424509e-06,-4.48425384907738e-08,-1.48452987920599e-08,-7.16029150725138e-06,1.39066925040649e-07,-7.57728579878916e-08,-9.97159365084615e-06,1.1534534708158e-06,-4.07478834782319e-06,5.93896048799547e-07,1.01353146074535e-08,5.0371708933816e-07,6.65729869674103e-07,-7.79483538662425e-06,-1.83650483093549e-06,1.29630148625558e-05,5.42996507176283e-08,9.23941162348273e-07,2.0652287374087e-08,8.1450994009075e-08,-5.47469658371055e-07,-4.23537271410839e-07,-6.89262206191261e-05,3.37550012482377e-06,1.05259958711541e-05,-2.58068280856299e-07,-8.23570812252757e-09,-3.14478543701902e-08,-5.54194694959277e-08,-1.12315095141248e-06,2.92752253485162e-07,1.33752668990972e-06,-7.21131468864061e-05,-2.27276858539481e-08,4.14365736741731e-08,1.62202016843836e-07,2.01898247614808e-09,2.62873541776222e-08,-3.40014782502073e-08,-6.14165033066931e-08,-2.68579904305369e-05,3.30563723698027e-08,1.09388080757662e-08,1.07456927183266e-08,1.52722678982767e-06,-2.03535270405606e-10,-6.03707480886391e-08,-1.28710045267069e-08,-2.44972871979474e-07,-2.80210853228387e-08,-0.000230270430708435,-1.65580980503429e-07,-3.40830072661777e-10,3.46258781392982e-07,-1.02937891760671e-06,5.43104477098914e-06,1.11372073421623e-07,5.94541160592621e-07,9.5299462794894e-08,-1.49546372976757e-06,-1.73134438610568e-08,4.03709354853583e-08,2.32204292391106e-07,1.32729809028625e-06,-1.66632437079183e-05,-5.03876771041844e-07,-1.71780408821091e-06,4.98121774884242e-07,2.61123516278664e-07,2.77171143973072e-06,2.17884042397947e-07,3.68367343325721e-07,3.18188729136855e-07,-9.12603286147772e-06,-1.48767896711537e-06,-1.19583011198764e-07,-2.02058761713755e-07,1.17519554699914e-08,1.57478742960762e-06,1.1713481541902e-06,2.58808969060586e-16,2.85390686263312e-07,-0.000507809217507697,3.70062523519845e-07,9.94141507721963e-06,1.35500657436548e-06,-1.25562315648646e-05,3.95504951932576e-07,-0.000960287488664797,3.56826950617313e-09,-1.43260770732281e-09,2.50475591242945e-06,-4.02373855229511e-06,1.30705847808149e-07,-1.81290716218815e-05,9.03154337918191e-07,-3.96412728975242e-05,1.24572552914759e-06,-1.63965810644688e-06,1.9622791013599e-06,-0.00022287692814802,-1.05853850891684e-06,2.2291262745592e-07,-5.54834542926137e-06,1.12351589457444e-06,-0.000129344122302637,6.90900197145319e-05,-7.70678474675175e-07,2.65820576849884e-07,-4.40152784623505e-07,-3.1416702967833e-05,7.24743627954181e-05,-5.32686426432044e-07,-2.2272095532701e-07,5.64894142113036e-07,-5.05105272947108e-05,0.561419575049023,0.000128407063283032,-0.000983931717516553,0.00287754361496634,-1.89951555890018e-05,2.73883568130266e-05,-9.02312895443053e-06,4.55139520264643e-06,1.58392652606535e-15,-9.03168509716616e-06,-3.01804401294855e-07,-2.60016745022319e-09,-1.92262223470169e-05,3.03763937154796e-07,-1.78954749658592e-07,-3.12809466322219e-05,2.73174075090042e-06,-2.80818806755596e-06,7.32790982405903e-06,2.52349972593844e-07,-1.93141469642921e-07,2.4375224349733e-06,-2.90403913760045e-06,6.16486129998278e-05,-1.12761470657154e-06,0.000463425024224455,5.06945545691059e-08,2.84338824493703e-07,2.14505839652064e-06,-1.52043729424902e-05,3.51379353752091e-07,-1.30210452029072e-06,1.68139987136313e-06,-6.02269081793856e-06,3.380508030094e-07,3.0250612348625e-07,2.26566722869691e-06,-3.76428498782011e-06,-2.89617008169527e-07,2.23933829397839e-06,-1.38795750005611e-06,3.34316507464579e-08,2.96657961976923e-07,-5.10304015043053e-07,2.15420262106714e-16,-3.45481777924889e-09,-3.11793043980793e-05,0.738550176088544,9.35790343415953e-05,4.09963286055163e-05,2.51975198483723e-06,2.56696002068796e-06,-2.42780731707378e-05,5.83865317020207e-06,1.55416164511428e-15,-2.95983396886839e-06,-3.4992861628553e-08,-9.23302311356e-08,3.05212018355077e-06,6.18400060248856e-07,-3.98063416822854e-08,-1.43881972429006e-06,3.70942001998131e-07,-1.15531013270771e-05,2.0867907814706e-06,-4.12974708737671e-07,-7.36891329215037e-07,-3.86741091933046e-08,-0.00797006986899341,-6.98910221566012e-07,2.95982197235359e-06,-7.61441458227314e-07,1.0512437412068e-16,-0.00011128133564533,4.36203460792151e-05,3.05221902895067e-08,2.12699739859486e-06,-1.31223030654223e-06,-2.61652069290211e-06,9.10839346986091e-06,-3.30043573432633e-05,-2.27164963372365e-07,-4.11483549953413e-16,-4.14397468641372e-07,-1.14305574061836e-06,-5.14864501635218e-07,4.0973871571801e-16,9.58706186289755e-07,1.24641076307127e-05,-1.89777646891865e-06,-7.7489268330971e-07,-2.56939602297832e-07,-1.368979581152e-07,-4.87937965525274e-06,1.3482235266107e-07,1.43130120551868e-06,4.16134460881802e-07,2.92271423591919e-07,2.20479864709978e-05,-9.1433218419109e-16,-9.32427052122148e-05,5.30642164561967e-07,3.42628254412494e-06,-3.43928276868823e-07,1.36324084793963e-16,-3.3715917241128e-07,0.0393493054083021,-1.13647604437577e-07,-1.06878138021792e-07,-2.78404315719984e-07,1.58266924169647e-05,-4.01058852070994e-06,5.49206577248412e-07,1.46714293607908e-15,1.98654412157067e-06,-9.75219898844722e-05,7.22907850767507e-06,2.41707429067654e-06,-2.45675756561411e-07,-1.65060234357518e-09,-5.53399272480568e-15,-3.20495872442538e-16,-1.62539775349498e-09,-0.00320399177475913,8.46417343670125e-06,-2.4496696701667e-07,3.04662503707191e-18,-1.19070531499984e-07,-1.40474019128163e-09,7.88176071119294e-17,-3.24440763844586e-16,2.25030397019026e-16,2.94952075641609e-07,8.68528782326105e-07,-1.24852559763942e-06,7.33516724403626e-07,3.65429943180091e-07,7.47615072559594e-07,-2.25745397422392e-06,-1.94099185237842e-16,-4.88439013946652e-07,1.77094855290741e-06,-3.21081318791917e-16,-7.54203763680537e-16,-8.45839703116401e-07,-6.52495333825998e-11,-4.00239883157319e-05,3.86152319080202e-07,3.64359731945272e-06,-2.60326685012612e-08,-2.68908903284995e-14,-8.74349136306121e-08,-4.9646145303549e-16,-2.96907942506316e-07,-1.64998725341189e-15,-4.33448748108261e-05,2.5263016792779e-17,4.18577629178226e-07,7.49709841955488e-07,3.42891735614383e-08,4.49780660254809e-07,1.5482023335498e-06,-1.42514320552142e-05,1.1191242024737e-06,5.54237946137447e-08,2.69595503201786e-07,2.47960261160167e-08,3.11016054682202e-05,-1.08337097096073e-06,-2.66223674018427e-07,-2.15583874719572e-08,-4.12667635275071e-05,5.53822612476873e-17,4.78651474585963e-06,-8.21928082651361e-07,8.01422371958633e-08,1.25261074758563e-16,1.05743622434282e-08,2.85233218110835e-07,1.01838043002626e-06,-2.34977330768649e-17,-1.71288618938502e-06,-1.3055113385805e-07,2.3664623326137e-16,-1.72223454871295e-07,1.97988006218969e-05,-1.62104498132631e-18,-2.98581059279244e-16,-9.63676072222495e-08,-7.45237106852343e-08,-4.24206945982591e-10,-5.87846049036922e-07,1.55636307287444e-07,3.17507690711877e-07,4.40728412100582e-08,5.36758298817793e-07,-9.07278669084664e-07,-3.83026943495679e-15,1.29554195776865e-08,1.28601911961919e-09,3.54655271286983e-09,3.31621892767445e-07,4.45115557452844e-17,-2.48118464783441e-16,1.08955683282543e-07,-1.57759339889923e-16,-2.18021808988077e-17,6.80287297846635e-07,-7.58670082412255e-07,-9.81972343000107e-07,-8.16153102827465e-09,2.47541672001095e-05,5.43215692430937e-07,2.43874465321863e-08,2.62581838899785e-16,5.90966329993142e-08,2.75892347655817e-09,1.26575692568222e-08,-8.85722616110105e-07,3.48367678002346e-06,-4.05870879818052e-16,3.8015899215806e-17,5.74664265248638e-15,-4.36180725514375e-08,-1.45135628355793e-07,-1.21631614252902e-07,2.69808258824169e-16,-1.11045399598169e-07,-6.48287635858579e-16,1.52796807294893e-16,2.59585993686586e-06,-5.69918575139975e-08,6.35188476969688e-17,-1.39985195907938e-07,-5.01376007510723e-07,1.61838591410443e-14,2.15640044371047e-07,-2.69880956805013e-16,5.75284391256761e-08,7.19261687483897e-17,5.73988705665968e-08,4.96886750883097e-07,1.24912064927139e-07,1.69307773034085e-08,1.1634784106711e-07,-0.000836199217022234,1.57580453237261e-07,2.22482418332302e-17,9.29108719464706e-06,-4.03990816870056e-07,6.87761026934824e-17,-4.25402759882239e-06,-1.56189080702758e-07,1.89007437706556e-06,1.10744338303425e-16,1.16076204660527e-07,1.06419283815549e-06,6.06852523789844e-17,-3.82925603622368e-07,-8.46716356875946e-08,-3.05506941887637e-08,-1.12538473909371e-16,-7.9717416198859e-17,7.84654115168233e-08,2.39921552839078e-08,1.94053232493723e-09,-2.7850112626206e-07,1.4115609016052e-08,-3.22994917696763e-17,-4.19757066290877e-16,5.14991005998168e-08,3.54950211444434e-10,-1.07966839256639e-16,1.24310700622741e-07,-1.40120249350401e-16,4.45340875310663e-07,-2.37288051097862e-08,-1.38630566010562e-08,-9.18691278465704e-08,-1.18955231027288e-15,4.08407424309593e-17,3.92825335399259e-17,1.43189240536756e-16,-5.09727381362783e-08,-1.32329601306664e-06,-2.45625241041302e-16,3.37665466251487e-16,-5.80879402520082e-17,2.48503211526397e-07,1.67107942811931e-08,-1.2274679407209e-07,-1.06960692302142e-16,1.61561137697821e-16,2.51075423949033e-15,-7.56913950302296e-07,1.60598693240778e-07,7.26999257118917e-18,2.10317566490362e-07,-7.34660603181396e-07,-3.8388844989764e-17,-6.44913676897338e-17,-7.31782043613137e-08,-7.49663955002519e-10,-3.62170538078517e-08,3.24744833682196e-17,4.06940033069898e-08,5.92172893377081e-08,6.34707603048035e-08,-5.7772721660428e-08,-2.05703817239825e-07,1.30986019609196e-07,2.93659250942043e-16,-2.82029823000311e-16,-9.04164938748571e-17,2.61688915588218e-05,-2.98363580519182e-07,-1.63186663194987e-08,-1.28131580661022e-08,2.65595530280346e-16,6.15510574124909e-17,2.53941190020894e-16,-5.90510328312639e-17,3.3316270868431e-16,4.22190881261038e-07,-1.02166798804349e-16,-4.76197147996519e-17,-9.86590717685693e-09,-1.71945076705882e-19,-8.83121073614993e-09,-7.4793447556763e-17,-1.09477645489166e-08,-1.46048543790137e-16,-1.32387110095889e-08,-1.65650007853065e-09,-7.80855843939207e-06,-1.38628980967589e-16,5.30583450662316e-08,1.37842573997808e-16,7.51928890663776e-08,-9.13224652125426e-07,7.30228048004523e-10,1.00658996411842e-15,1.06454574603597e-07,-3.03954238979935e-16,-2.61341422489755e-08,-1.47502914859224e-07,-3.35865717268368e-18,1.20972210435747e-16,1.06581075160934e-17,-3.48637932369118e-16,-4.94724119458778e-10,-6.44094698700354e-09,-1.43792179939666e-09,-6.78742513184491e-17,2.77964127617268e-17,-1.06304600033176e-07,3.12475631092377e-05,-1.33411193511688e-16,-2.22122885254543e-17,-6.52448634097172e-09,-7.21941579389799e-17,-4.62240770633683e-08,4.70247239589477e-16,4.36022743587749e-07,-5.72750206668894e-17,-4.16434703682517e-16,-1.94909967132575e-17,1.61671376394046e-17,1.47546723180091e-17,8.81849590600079e-16,4.54401038333856e-06,-3.17777514413186e-05,2.75366672388314e-16,-3.87443115459075e-08,1.47356825710762e-07,-1.47374089144834e-16,-5.02260699558328e-17,4.55821973481287e-17,-5.09896456113632e-16,1.45111905394072e-08,2.32001053477067e-09,1.53165102436331e-16,1.15464049851561e-16,-2.63367328372615e-08,-9.39443827177302e-08,-9.83041829976813e-09,4.23209341613745e-17,2.63402555526958e-16,-1.63766115538569e-16,-6.00921952910756e-17,-1.25419475857706e-16,-1.30648035512984e-16,5.53565670396432e-08,-5.23454074673752e-08,-1.00628792927943e-08,3.18294156082879e-17,1.50172888507004e-16,1.95333648477577e-17,-3.1915308799336e-16,-1.75274640794901e-16,-8.2292482622065e-16,-1.88535584152861e-17,5.19912418243483e-17,-1.46198090696596e-16,2.92348562778617e-17,1.56935376263925e-16,2.05157974227918e-16,3.92476640781062e-17,2.32325668164692e-17,2.83535770765069e-07,7.21994404277691e-18,-5.83580531590885e-16,1.22175648660244e-16,5.37288129833122e-07,-9.36331311137756e-10,3.15826518204629e-17,-1.08754836126982e-06,4.90501243175123e-07,9.79275276923574e-17,9.45505149841857e-17,-1.36751023636874e-07,-3.66635674707434e-17,1.20499076090159e-08,-1.22532715747168e-16,2.09743245178267e-16,-5.6117642579868e-17,-4.6878022327553e-17,1.70341742767618e-09,-2.33884937374977e-07,-3.53778055178189e-16,-8.40044529250739e-17,8.56571118163073e-17,-1.68842617338183e-16,4.35415948052378e-16,1.07121522489868e-16,-7.99496347310627e-18,6.42555774832605e-17,1.44053378775202e-07,-5.89548463412409e-18,-5.89467452460071e-17,-2.28190503962881e-17,9.81784140188583e-17,3.52229411011527e-17,-3.54838383277769e-16,-5.50732643026829e-08,4.63959717589072e-17,6.65586139164636e-17,4.10498616930264e-08,-9.07394195140289e-17,-2.29388169251582e-17,7.3431752432668e-17,-1.13481424656041e-17,2.35596948814724e-07,-2.32680287442283e-17,-2.51720122449999e-08,-1.12678846078196e-16,1.01224615617087e-16,-1.46029503383961e-16,-3.01971114464323e-15,-8.88575770137995e-17,1.37241691986374e-16,9.08507837519312e-10,-3.74714184037242e-16,4.49564886563856e-17,2.76389590294573e-06,-1.13296985569028e-07,-7.66724129305631e-18,7.93118693992157e-08,1.16134303886756e-08,5.59804328571198e-17,3.49378737602836e-16,-1.06798467321575e-16,1.03960665521942e-16,9.91498229155124e-17,-1.94377689010955e-08,1.24999870001705e-17,-1.24555410041757e-16,5.98299767583503e-17,7.77488158391471e-09,7.55534626314371e-16,7.52818959527769e-17,-1.59500604400234e-17,2.61303184645524e-17,-3.53807778258545e-09,-3.81912647733314e-17,7.34420159503444e-09,2.8617997504187e-16,2.47503367922976e-16,1.17762040522346e-16,-2.92276881571898e-18,1.22683624040048e-17,2.18236517450996e-18,-7.76369693250372e-18,-1.64550094893359e-07,-3.32926782938105e-16,1.5186975600209e-16,5.34291803763247e-08,-1.33817343056907e-16,1.56295915696403e-16,1.67882971065946e-16,-1.11957201161647e-16,7.92600414540156e-17,-4.29790000871072e-17,-5.60400915446947e-08,4.10480272982595e-17,1.71907477393304e-16,1.15064717891681e-07,2.37626280909915e-16,1.72361758550257e-16,5.2899764409089e-16,7.08489154569642e-17,-1.33976557252574e-16,-1.2447893089535e-16,-1.92920778417444e-16,-8.38624440487548e-17,-1.44920248858448e-16,-2.21208082411e-17,-8.50893820355776e-17,-6.0208341368443e-08,2.58280200793576e-07,5.28177270870855e-16,9.37039498570751e-17,1.04966633426698e-16,6.03207569082324e-17,-8.93355681414194e-16,-7.0505756525494e-17,-3.08694427011911e-17,-7.09184670491874e-17,-2.50300335924838e-09,4.23618383885625e-17,3.089119722159e-17,-4.78964128266341e-17,7.93062349815834e-18,3.20099788622855e-09,2.24946819464923e-18,-2.72475769607e-07,3.36931473704051e-17,1.27461820791828e-18,2.66083657089919e-17,-9.79148675899383e-17,1.15144077831307e-16,-1.79945162596414e-17,-9.83087353417262e-17,-1.44179169941627e-17,2.35219510931381e-17,-1.83426373898471e-16,-3.09371322034513e-17,1.49262009077198e-16,-5.11657581917123e-17,4.89312052427257e-16,5.24576715741676e-17,5.01913733167366e-17,-2.353801743886e-18,-1.65293019549786e-17,-3.55361946691107e-16,-8.14557809022525e-17,-1.1528610510468e-15,4.33458609652413e-17,-6.61501165580713e-16,1.60867184819038e-17,-8.59925296557525e-17,2.40017813098483e-10,-3.86279281302337e-17,1.44554732042384e-16,-7.76495996304029e-17,-1.56804804574893e-16,8.8541301514632e-17,-3.90763368279451e-17,1.67615902933034e-17,-1.23883336413324e-16,4.66816357825306e-17,-7.73964081253041e-17,-1.04020430363324e-15,-2.40486342746326e-17,-1.34505136844978e-16,2.72920336631549e-17,3.53175548535245e-17,-7.68204752629922e-17,5.68437622093516e-17,-3.079785879419e-09,2.47630919139859e-16,8.42812145721251e-17,9.54812373697178e-17,6.71347675683081e-17,2.73975118870353e-17,-1.31302654457679e-16,1.94516750028375e-17,6.73871063847812e-17,5.57006836043704e-17,6.50570997862197e-10,-9.41635902673835e-17,5.93568906633849e-17,-5.94464426478123e-17,-3.97115528826994e-17,-3.02590709507044e-17,-1.36594030331058e-16,-2.17654445206215e-18,-9.82997400655389e-17,7.08076495532733e-17,1.57130015575489e-16,-9.57060565949831e-17,1.19798999824301e-16,1.22697029377388e-16,3.27255820514134e-09,-1.59159829324402e-17,-5.40941343394131e-17,-1.05629423459483e-16,-1.10032554545538e-15,-9.83697505448929e-09,5.60703820342602e-17,7.50290364832439e-17,9.36597864091047e-17,4.04160294143735e-17,-9.30339054041955e-17,8.92538855374615e-17,1.51968625668071e-16,1.8911338056979e-16,-1.70588567629796e-16,-2.6464830939712e-17,1.11731843280808e-16,2.0503977915448e-16,3.34966722610952e-18,-1.25579216834484e-16,-2.07722353444966e-17,6.61869891339369e-17,-2.28834713975168e-16
"t113",-0.0412161342763159,0.0347917494743535,-0.0568854384976032,0.0258027539615474,0.00711934333965139,-0.00341962196074069,0.0223886692489606,-0.048268099965122,2.37944675593166e-05,-9.31554143707709e-05,1.26704081597658e-06,-0.0047592280298836,0.00935561223798033,-0.00147324765268073,0.000451085033826903,0.0848454866345238,-0.00214388651954485,0.00474847801729929,-0.000350283631181766,0.00017482418103041,-0.020553312547979,-0.220371724927108,-0.000525021574386286,0.00322084528730138,-0.000485555072081969,0.000275577118781145,-0.00036528725029112,0.000366270222359258,-0.00820832732446497,0.00319889847855537,-8.6439571810881e-06,1.40212534342058e-05,-0.00412559037285338,9.81524282326913e-06,-5.22727755787697e-06,-7.60530037984149e-06,-0.000297623454369379,2.07183894593453e-06,1.66857940119402e-05,4.49290856520352e-06,0.000226139548964124,-2.86368133119684e-05,0.000241138225896335,-2.82335052013694e-05,0.00614905664358828,-1.24050027304592e-05,1.6372275576785e-05,-0.000325479225090092,2.55802920092072e-05,-5.01881368352108e-05,0.00035690506245609,-3.57586869007595e-05,5.12821346914025e-08,-0.0126192563794889,3.95813180954557e-06,-4.23770330190889e-05,1.70476323203037e-06,-0.000113844765249684,3.8612516193649e-05,-0.00194288729704652,-4.63225234097723e-05,5.41571804163078e-06,-0.000176732753583208,9.40443024341636e-05,-6.7120045376772e-06,0.000157337946921527,-9.7461073831104e-07,3.44623790964663e-05,-9.43060966519869e-05,3.70939175828964e-05,-2.66891746321539e-05,-0.244699103910585,-2.92143704482523e-05,-0.00142984658560167,0.000673848821192722,2.56331798055351e-06,-0.0666617055506216,-4.81591472592074e-05,1.63713448185365e-05,2.11929782934042e-06,4.69780698957338e-06,8.40829610477527e-05,-2.2322716928295e-05,-0.000167340536561457,2.61721410630271e-05,0.00719454520780061,-0.00598441695351864,-0.000129644291126865,-5.61091730692258e-05,0.0898247504664404,0.000114893982980238,-0.0633185381641881,-1.76409912410348e-05,0.000738682731488368,2.89369462303251e-07,0.000681596325365169,-1.57909605797975e-05,-0.000313806654532037,4.9502387933832e-05,1.07771090242941e-05,1.923586312984e-06,-9.14620935053602e-07,2.53027211134558e-06,-3.04856223020801e-07,1.18604054672196e-07,-1.21390024439261e-06,4.78619328082576e-06,-1.19943227495061e-06,6.27930303082017e-07,-5.78939450865401e-06,-5.17516699941095e-07,-7.40865726375787e-07,1.50549762124791e-06,1.0929772357651e-06,-6.25840316920488e-09,4.1313503303842e-07,-7.28684392389316e-07,1.14907296483935e-06,-1.60715581897195e-06,5.01196781735072e-06,-2.79773344442063e-05,9.18823421207648e-06,-1.67799584050198e-05,-4.86126158556665e-05,0.00163775994176047,-0.00247034572120021,0.0771424537103254,5.73430776185734e-06,-2.40556398765854e-06,-7.84485902693279e-05,1.2024887153413e-06,-3.79176131087151e-06,4.08099199177609e-06,7.57455668624862e-07,-1.5783257213505e-06,-8.69031054367019e-07,2.22684571468349e-09,4.69327578778852e-07,1.58090788706902e-07,-4.75018025687267e-07,-3.79532772817072e-08,-1.61347769805202e-06,3.60392553983369e-07,3.62187626214738e-08,7.50298901303198e-06,-6.08192203492287e-09,-3.84649411541769e-07,7.11644175585844e-08,4.85737020582919e-09,-1.79135622462919e-08,-7.77753673832232e-05,-5.34544548025245e-08,-9.32187881779118e-06,4.54879842175739e-07,-1.50981660119761e-07,-1.33107649007594e-08,2.01269977454958e-07,-1.31926171170279e-05,-6.23432386473334e-08,-2.06734359611873e-08,-1.00656946409277e-05,1.95881864090551e-07,-1.08094379538699e-07,-1.42476526320618e-05,1.66981131270925e-06,-5.97780161572893e-06,9.09042928249998e-07,1.55386633638763e-08,7.72581204104008e-07,1.02757704487007e-06,-1.21235365036628e-05,-2.859550018492e-06,2.05038631148281e-05,8.63262344836004e-08,1.48561262535285e-06,3.33016020987368e-08,1.31531847466418e-07,-9.09552711874162e-07,-7.26651695835894e-07,-0.00011895006440097,5.85850007979464e-06,1.85888445484128e-05,-4.58914165028541e-07,-1.47468940835687e-08,-5.66861691720979e-08,-1.02244715980761e-07,-2.08459191341977e-06,5.74741363847167e-07,2.63114769505457e-06,-0.000144848462824557,-4.86472660317286e-08,9.42704751286153e-08,3.77656869045278e-07,4.87672556921619e-09,6.53886289311062e-08,-9.3410862373113e-08,-1.72879076054946e-07,-7.99075620956383e-05,1.01341197949367e-07,4.53888963964712e-08,4.54234088167698e-08,7.84515734365535e-06,-1.3601903096182e-09,-2.69961188251213e-06,-5.93069072584366e-07,-2.9456703498961e-05,8.08780800079902e-07,0.0034672411946449,1.03764424533954e-06,1.1490962500692e-09,-8.06216430051065e-07,2.1644374324611e-06,-7.51957840791346e-06,-1.24483607928092e-07,-6.60856435371728e-07,-9.00244448804329e-08,9.34276483058041e-07,9.96737145193212e-09,-1.45311365603968e-08,-5.67597898462831e-08,-2.77794801462401e-07,1.41174353973699e-06,2.97739838469435e-08,5.58141378378836e-08,2.00556192871222e-08,1.39987458168487e-08,1.5748722209636e-07,2.65941911753994e-08,5.78475464792724e-08,6.12565243026491e-08,-1.89413981256439e-06,-3.30994590649038e-07,-2.82136380091023e-08,-4.84230528767143e-08,3.19876765160855e-09,4.58231185482909e-07,3.63337973943245e-07,-4.35438380145201e-16,9.58506131553464e-08,-0.000173032970721507,1.37856647137008e-07,3.92557715155033e-06,5.58349905149432e-07,-5.18652474507859e-06,1.74946434197484e-07,-0.000429216363047803,1.60241397969247e-09,-6.57459148727496e-10,1.16568460280182e-06,-1.91854312210718e-06,6.29632732574735e-08,-8.76934900308779e-06,4.46522540052585e-07,-2.12079960578408e-05,6.82671436694551e-07,-9.15576812142618e-07,1.13753951244186e-06,-0.000129527152122001,-6.29919967767034e-07,1.34329508071094e-07,-3.40135087697647e-06,6.92434839544618e-07,-8.01551290107935e-05,4.31367279992836e-05,-4.86398636664748e-07,1.6797076605415e-07,-2.85454686241249e-07,-2.03865793864031e-05,4.70596267460749e-05,-3.48228461396093e-07,-1.45959247727432e-07,3.73100248615184e-07,-3.34090169560866e-05,0.38815129842285,8.9192165152603e-05,-0.000685957311502997,0.00202293586838521,-1.34423941099348e-05,1.96701848063718e-05,-6.50798127587226e-06,3.29374773977216e-06,1.00661998882046e-15,-6.61147497998012e-06,-2.21263176948367e-07,-1.91563431061513e-09,-1.43294936398691e-05,2.28659158789043e-07,-1.35346454717198e-07,-2.37137119392144e-05,2.13499946421713e-06,-2.19913297586978e-06,5.74169257262799e-06,1.99548234548296e-07,-1.5687841144539e-07,1.98935913929245e-06,-2.37806441298164e-06,5.10539661221289e-05,-9.78002730106894e-07,0.000410650805461951,4.49798576694307e-08,2.52383622615227e-07,2.0242268304264e-06,-1.57458971820064e-05,3.69192016441761e-07,-1.39934631325553e-06,1.86199322822743e-06,-6.73565499080136e-06,4.16873299675448e-07,3.763107440821e-07,2.86568726903024e-06,-4.81798976625552e-06,-3.86631411211307e-07,3.15279465951022e-06,-2.06866917893141e-06,5.12281408839789e-08,4.78727969625652e-07,-9.43862586083626e-07,-2.06237271767771e-15,5.71898617261042e-09,3.49269693616811e-05,-0.487368486131501,-6.0809755945207e-05,-2.62107664963324e-05,-1.41740267340649e-06,-1.1280197289452e-06,7.79962660853938e-06,-8.40857935886993e-07,-1.08240638508621e-15,-2.82169337806703e-07,-4.05233627948869e-09,-1.43307810241245e-08,4.86966687804715e-07,1.45709853438104e-07,-1.06893758085968e-08,-4.4141760759271e-07,1.21806915443371e-07,-4.19326911743444e-06,7.84285934306384e-07,-1.48615012542209e-07,-2.35249716253936e-07,-9.60110965032108e-09,0.672729825764431,-1.71520811057378e-06,2.1890154052151e-06,-4.86568419472565e-07,2.5140715798605e-15,-6.15635200126409e-05,2.41551335150858e-05,1.69022506811052e-08,1.19070354749124e-06,-7.36191748910875e-07,-1.51262750553774e-06,5.31260720424843e-06,-1.92840552499674e-05,-1.33612258408769e-07,1.73639356338793e-15,-2.45581748526609e-07,-6.79302258281706e-07,-3.09192466847916e-07,1.83717009786568e-15,5.82298473119411e-07,7.59081964883825e-06,-1.15738830264755e-06,-4.73949948761548e-07,-1.57922212820209e-07,-8.4453314273491e-08,-3.01892788435892e-06,8.41545173644861e-08,8.94352765306659e-07,2.61659009800901e-07,1.85913010552143e-07,1.40332556041563e-05,-1.06574679549682e-15,-6.09111563192895e-05,3.48452664713914e-07,2.27831949057324e-06,-2.34040702986442e-07,-4.20744338369791e-16,-2.51083987666466e-07,0.0965692216805866,-3.08305343001369e-08,-4.2862535310867e-08,-1.31361952279236e-07,8.42744363605057e-06,-2.30658285588044e-06,3.38633823803144e-07,-1.2259268567139e-15,1.26083071998061e-06,-6.20182174064249e-05,4.61538488688266e-06,1.55102977245112e-06,-1.57708308921099e-07,-1.06102030493549e-09,1.14538263357773e-14,1.57198902918876e-16,-1.05246584910821e-09,-0.00208656040920411,5.51594043867664e-06,-1.60392579932316e-07,-7.09906390418651e-16,-7.86870082343103e-08,-9.31787677645987e-10,-3.21259394720612e-16,-4.91541514285601e-16,1.68065456753364e-15,1.97714930158249e-07,5.82916907830612e-07,-8.41382467958808e-07,4.95941001493479e-07,2.47164728241027e-07,5.07339304016682e-07,-1.53250099486596e-06,-3.41063970430305e-16,-3.33648763714608e-07,1.21221210559137e-06,1.44990374168442e-16,1.42032044410281e-16,-5.83331833096958e-07,-4.50742429160411e-11,-2.77096772179622e-05,2.67725631296567e-07,2.53286723928406e-06,-1.81043185826378e-08,-1.93419475090184e-14,-6.08407370646311e-08,6.88051328480503e-16,-2.0693209158567e-07,6.69235572776311e-15,-3.02444426005346e-05,-9.97362976009496e-17,2.92488561540635e-07,5.24023436472617e-07,2.40553219878356e-08,3.15778926781497e-07,1.0872915188897e-06,-1.00221330488607e-05,7.87909118347879e-07,3.91211223275167e-08,1.90299386710607e-07,1.75162349328906e-08,2.20009810610374e-05,-7.67748796758708e-07,-1.88942196782272e-07,-1.53176290837781e-08,-2.93369404764149e-05,1.77911955397111e-16,3.4084779299483e-06,-5.86212953256133e-07,5.74005873510573e-08,7.19691971466874e-16,7.5825574542458e-09,2.04883630767552e-07,7.32029749716694e-07,-1.19814596466092e-16,-1.23170302111391e-06,-9.40109402101329e-08,5.26016967923408e-17,-1.24105147979937e-07,1.43240787765824e-05,6.37707410262943e-16,4.34912141283338e-16,-6.98239703326436e-08,-5.40038945145676e-08,-3.07591417723326e-10,-4.26549105840702e-07,1.13110041559872e-07,2.30782466267306e-07,3.20406917278435e-08,3.91010761701473e-07,-6.61981965566121e-07,2.24820162486594e-15,9.45834261717583e-09,9.38976902496593e-10,2.59040765594278e-09,2.42319948293543e-07,9.41878006806636e-18,1.77702825990872e-16,7.96610640656691e-08,-4.32307741032568e-16,2.44256951582078e-16,4.99125026918993e-07,-5.56960103864817e-07,-7.20901112585916e-07,-5.99922619311911e-09,1.8198901348528e-05,3.99378609898099e-07,1.79341018662672e-08,-2.4319836292574e-16,4.35638259876428e-08,2.03480197815464e-09,9.3369444572429e-09,-6.53895335196075e-07,2.57565509609308e-06,6.50888186974595e-16,-5.39500619299293e-17,3.27471657468152e-15,-3.23157869890263e-08,-1.07622508268539e-07,-9.01995437898558e-08,5.74724312416585e-16,-8.24179005799854e-08,-1.21802124801628e-15,3.41169792782945e-16,1.93354271907661e-06,-4.24526058858371e-08,-4.5812131347357e-15,-1.04362296560653e-07,-3.73971731616362e-07,1.24144542694289e-14,1.61004504520883e-07,7.79157246837443e-17,4.30037858131483e-08,2.00618217822567e-16,4.29114727072338e-08,3.7150364073207e-07,9.34007170158374e-08,1.26613089594132e-08,8.70333078064296e-08,-0.000626188033382831,1.1817935723857e-07,-4.40683246516232e-17,6.98062152384682e-06,-3.03586395852177e-07,-1.66874383658029e-16,-3.19758214738365e-06,-1.17455346222367e-07,1.42193950707858e-06,-2.12414959086041e-16,8.744882427417e-08,8.01956141134401e-07,1.92016636203481e-16,-2.88670928666615e-07,-6.38417063298313e-08,-2.3050249837681e-08,8.78817573464138e-17,-1.51827580570786e-16,5.92934795732425e-08,1.81418767116215e-08,1.46754669125432e-09,-2.11210385276824e-07,1.07098394074586e-08,-3.22688625886118e-17,-3.43744815365752e-16,3.90856222499707e-08,2.69402568566534e-10,6.17007553102342e-17,9.43991321896056e-08,2.19540926441854e-17,3.38351831502302e-07,-1.80404385433332e-08,-1.05402551612871e-08,-6.98624444741499e-08,-8.0555559604658e-16,3.83682773988782e-17,-8.76337410984107e-17,1.33723501473064e-16,-3.88279050953818e-08,-1.00814398052245e-06,-2.16966836884258e-16,-3.42098536119621e-16,2.20455184825161e-16,1.89414103159008e-07,1.27400202177823e-08,-9.36341355056061e-08,5.01952526338539e-17,5.51464115749989e-16,-3.96810156163407e-17,-5.78514185167104e-07,1.22754745764263e-07,1.31330425169108e-16,1.60878069883698e-07,-5.62132381922432e-07,7.62026171572355e-17,7.68745899323119e-17,-5.60325276235054e-08,-5.74049489749458e-10,-2.77444048223478e-08,2.04317844259159e-16,3.11954448129044e-08,4.54122584166858e-08,4.86996436330547e-08,-4.43592411118244e-08,-1.57974251128271e-07,1.00629055664207e-07,-4.40128443040278e-17,2.66838753708799e-16,1.80950440553876e-16,2.0144451904868e-05,-2.29683180458137e-07,-1.25654510921319e-08,-9.87875596374804e-09,3.48859009752261e-15,-1.7901584215474e-17,-1.89791913916487e-16,-2.86914407141762e-17,5.5353533068147e-16,3.25932573991236e-07,-4.18007010283083e-17,-3.05850805325052e-17,-7.62041824617868e-09,1.93279208970494e-17,-6.8214056150117e-09,5.70892463320445e-17,-8.45666355643015e-09,-2.68060878257279e-16,-1.02353791761894e-08,-1.28097544945979e-09,-6.04031323917824e-06,5.52435784018905e-18,4.1059454607686e-08,-8.34285388601473e-17,5.82383588900898e-08,-7.08096309009571e-07,5.66231269455284e-10,-1.56398980064956e-15,8.25836260395027e-08,3.87715928442096e-16,-2.02882067280432e-08,-1.14511992621515e-07,3.01247377171602e-16,-1.747065711726e-16,-1.84650962399337e-16,1.33478759555035e-16,-3.84294980889204e-10,-5.00400074799507e-09,-1.11732542130866e-09,-9.88896477907433e-17,1.46195967335963e-16,-8.26727917717337e-08,2.43020501880467e-05,1.16046532735215e-17,-9.31886440348023e-17,-5.07955840194509e-09,-1.70787683105873e-16,-3.59951563289865e-08,-3.89467113893588e-16,3.3975246113182e-07,2.22179545960901e-16,6.73848785248941e-17,1.21188784336661e-16,1.70362770153153e-16,-7.559583844054e-17,2.67916975119914e-16,3.54529263458624e-06,-2.47938070326093e-05,-3.52045523394867e-16,-3.02427855690681e-08,1.1504425415437e-07,-3.741592447204e-17,2.69822227614795e-16,1.49791883678468e-16,-1.2086023718077e-16,1.13382135463953e-08,1.81306019734157e-09,-2.16865996681565e-16,-1.48614855362103e-16,-2.05860864558078e-08,-7.34335236336308e-08,-7.68484192900695e-09,-2.29678439783856e-16,4.14307054881914e-16,-2.56640556324027e-17,-1.87894816768214e-16,-7.628150872309e-17,1.52389603975861e-16,4.33378377747759e-08,-4.09860190841848e-08,-7.88021417211243e-09,1.34526591585613e-16,-9.00710125739392e-17,1.99192733950175e-17,6.25732837710887e-17,1.19887104162109e-16,3.15178572311728e-16,2.27279726590231e-17,-7.12658290211489e-17,3.76357270998673e-17,-8.52398688443788e-17,-1.06102763008619e-16,1.49070684848888e-17,-5.20172954689238e-17,3.91420971514353e-16,2.22536906222188e-07,-3.33130048125913e-16,3.75001063097615e-16,-2.57838469269378e-16,4.21822795009067e-07,-7.35160055374774e-10,8.67416682566158e-17,-8.53924337403604e-07,3.85272871693271e-07,-4.34084266871806e-17,1.65407841797864e-17,-1.07461890561826e-07,2.61451863703908e-16,9.47428030458041e-09,-3.11833431921123e-16,4.69119525757389e-17,1.13645008470582e-16,-2.21629607455351e-16,1.34047175584525e-09,-1.8406195950103e-07,4.71823688229724e-16,2.59897197689959e-16,-1.59521098853781e-16,2.9987281961351e-16,-4.17180558796117e-15,-1.8741611540044e-16,-1.43713790553681e-16,-1.44607644478879e-16,1.13704450188973e-07,1.00679977776278e-16,1.67846050087309e-16,-2.60668820036653e-16,-1.51138929714338e-16,-1.52388911236654e-16,-3.53694838248143e-16,-4.34980721203555e-08,7.91042800642125e-17,-2.45097091592908e-17,3.2425855455987e-08,-1.43534346221181e-17,3.16588760408582e-16,1.44542158497665e-16,-4.22826814729856e-17,1.86354684104672e-07,1.70197675863329e-16,-1.99156246926559e-08,-1.20736933362633e-16,-5.24119736582121e-17,1.28086532326996e-16,-1.89595967238546e-15,-9.64791587607943e-17,2.28463798751653e-16,7.19149361329645e-10,-2.27290524950431e-16,1.98371840432761e-16,2.18865031976203e-06,-8.9718360416214e-08,1.26019103606212e-16,6.28264154656933e-08,9.20044502239327e-09,2.97435556945622e-17,-1.97656972475164e-16,5.97809775392527e-17,4.45485068742041e-18,5.17789480386005e-17,-1.54221836775168e-08,2.97713119471785e-17,7.40261253822376e-16,-1.27480290656787e-16,6.1710642078112e-09,1.43657014187381e-16,1.67889961883124e-17,9.19944803458838e-17,-1.67105580275921e-17,-2.80965979400067e-09,-3.42952329961341e-17,5.83309206766967e-09,3.29863008289994e-16,-3.09063425473235e-16,-1.08143954257014e-16,2.1529995722454e-16,8.24489704308291e-17,-4.87431128782845e-17,1.95497252745324e-16,-1.30800813729952e-07,3.29801691364502e-16,-9.84617171384647e-18,4.24795011926561e-08,2.77909220779395e-16,2.50384596052894e-16,-2.84493435633683e-16,-1.51063895187609e-17,1.4264552233331e-16,8.82279723580801e-17,-4.45838297620628e-08,-2.12840029256857e-16,3.56762723831959e-16,9.15682205251671e-08,-3.06160286730486e-16,1.74022018887288e-16,-2.61107409357951e-16,4.36385576467708e-17,-8.89126470587941e-17,-2.16492371608818e-16,-5.30850347348009e-18,2.8317873675372e-18,-6.8828912975628e-17,8.52589016242845e-18,3.34183424846694e-16,-4.79640232184567e-08,2.05780729463473e-07,-4.03092837627331e-16,-7.37758123217582e-17,-1.33743024331264e-17,-3.66173142221552e-17,2.80030438204878e-15,-2.21407090697206e-16,-3.56980812796373e-17,-1.34984698714517e-17,-1.995536420392e-09,2.07885274331976e-17,-7.36652423232633e-17,-6.4789911120695e-17,1.05190028318319e-16,2.55343430484578e-09,2.27656168278461e-18,-2.17489405146662e-07,-9.21878072613529e-17,-8.80974455340144e-17,-5.01060486471693e-17,2.73462549610416e-17,3.34719289643648e-18,2.28800719352319e-17,1.30738581556274e-16,-3.60393593215716e-17,1.18164887401501e-16,-8.24825905479863e-17,7.61120928744446e-19,-1.5355821004299e-16,-5.85206547265512e-18,-7.40130083673389e-18,4.79958442361342e-17,2.62689364554796e-16,3.4415292210609e-17,-3.38435548733036e-17,2.90139163164272e-16,1.41926065864746e-16,8.38332501110633e-16,5.7943758462792e-17,-1.8804572738011e-16,6.13557775541506e-17,1.58649474119152e-17,1.92018717125379e-10,2.75839588870382e-17,9.72750521988285e-17,1.83935231347489e-17,1.21792934063043e-16,6.68528148082993e-17,4.60636850002533e-17,6.55166058772181e-17,2.47240139901112e-16,1.25853786584211e-17,-4.47386756406749e-17,-1.7622365552891e-15,-4.26205065058279e-17,1.60346068528223e-16,6.50557445189867e-18,-3.6234786155091e-17,4.16627805473029e-17,-4.34515386869195e-17,-2.46763105274553e-09,5.18355045626695e-17,6.53490748838521e-17,-2.63899388015229e-16,-1.14371528679791e-16,1.86282736434438e-16,7.74880598256181e-17,-1.78848249931979e-16,-7.41028861483787e-17,6.21805145721622e-17,5.2206910834831e-10,-2.56738411146027e-16,9.25903626369897e-18,2.72246192341126e-17,5.98331666801768e-18,-1.40083982198537e-16,-9.17159672529623e-17,6.05378299175957e-17,-3.52365720673458e-17,-2.15093047875371e-17,-2.0608542255691e-16,-3.7080747160372e-17,-8.78615110943739e-17,-6.7205789961641e-17,2.63020717624061e-09,-7.8387318504285e-18,4.79447100396751e-17,1.72412700755709e-16,1.71773760988508e-15,-7.91176459629704e-09,-1.69729869892084e-16,1.94683618592252e-16,9.85491130470737e-17,3.04167708831815e-16,-6.50454541933019e-17,-1.46075858944451e-17,2.5741043591113e-17,-7.0789023262503e-17,9.22245687484968e-17,8.2998986424803e-17,-4.25280978316411e-17,-2.05506421711274e-16,9.59057646407023e-17,-6.08731937801896e-17,3.39696222247816e-17,9.2526243139911e-17,-3.43826132384452e-16
"t422",-0.0412260635467848,0.0348094440247563,-0.0569153085020244,0.025820933777805,0.00712549114767937,-0.00342308975086413,0.0224118220116457,-0.0483220135248697,2.38258965571359e-05,-9.33048738468109e-05,1.26962673076183e-06,-0.00477123032510395,0.00937990704036853,-0.00147713223849322,0.00045232714073451,0.0850931482725108,-0.00215029661484534,0.00476293770713775,-0.000351375450231478,0.000175417149821555,-0.0206288451597218,-0.221353804830552,-0.000527496332709931,0.00323611645042446,-0.000487866592172355,0.0002769535449647,-0.000367134020512461,0.000368139120540897,-0.0082513714329759,0.00321882883113039,-8.70154088773972e-06,1.41191008179425e-05,-0.00415656082779339,9.89259835183938e-06,-5.27069221434372e-06,-7.67380868298327e-06,-0.000300340468793397,2.09107163549201e-06,1.68418043295863e-05,4.53558076299097e-06,0.000228353033437834,-2.89243553882471e-05,0.000243598011119967,-2.85218823287102e-05,0.00621303405011911,-1.2542914243419e-05,1.65579167343086e-05,-0.000329203823985408,2.58805666862909e-05,-5.07934554233311e-05,0.000361364938429814,-3.62128495551075e-05,5.19350000255261e-08,-0.0127831559032897,4.01155712775139e-06,-4.29523165706099e-05,1.73034044641899e-06,-0.000115598311885301,3.92091124353107e-05,-0.00197484660409722,-4.71202295655303e-05,5.51107709015317e-06,-0.000179900540326838,9.57374913694211e-05,-6.83686048918382e-06,0.000160350257996113,-9.94460070249392e-07,3.51835016757187e-05,-9.63040156684624e-05,3.78973212553267e-05,-2.73357123284728e-05,-0.251124475049889,-2.99908214418001e-05,-0.0014687996295284,0.000692262918594203,2.63410951410945e-06,-0.0685104438417771,-4.95223486033545e-05,1.68563113915496e-05,2.18322251821523e-06,4.84389454080709e-06,8.67148631021448e-05,-2.3055234639814e-05,-0.000172909365545665,2.7096110394312e-05,0.00745259502060797,-0.00620250431517584,-0.000134380999670743,-5.81605618906161e-05,0.0931143317337953,0.000119127059205762,-0.0657859325033592,-1.8331922289906e-05,0.000768611566985266,3.01784574934351e-07,0.0007110896558185,-1.64745220105167e-05,-0.000327685941780043,5.17092693185575e-05,1.12720852502847e-05,2.01408163408773e-06,-9.5774098473652e-07,2.64984825105061e-06,-3.20869124161905e-07,1.24882555985588e-07,-1.27855033643729e-06,5.04385068444858e-06,-1.26419548866568e-06,6.62015433205333e-07,-6.1061789488337e-06,-5.45908066482494e-07,-7.82142268759053e-07,1.58952908503718e-06,1.15648649071637e-06,-6.62516873196279e-09,4.37800556649815e-07,-7.7255229231289e-07,1.2198398018455e-06,-1.70831048674039e-06,5.33261901459025e-06,-2.97838817073134e-05,9.80070294546628e-06,-1.79215801125549e-05,-5.19225514883616e-05,0.00174959931568606,-0.00264260443607162,0.0825309833002958,6.14209815721272e-06,-2.58556618226145e-06,-8.43220179573107e-05,1.29289034946204e-06,-4.08664780952572e-06,4.40048114380115e-06,8.17039622287011e-07,-1.70494004926001e-06,-9.38934891782213e-07,2.41352029606469e-09,5.09996204478642e-07,1.72421593115351e-07,-5.1813284076228e-07,-4.14247434598125e-08,-1.76163822757573e-06,3.93695988901724e-07,3.95737808413714e-08,8.19802872970073e-06,-6.65514488642805e-09,-4.22172248122319e-07,7.83537392191795e-08,5.35238128840538e-09,-1.97745826608324e-08,-8.58677475388606e-05,-5.90572709778277e-08,-1.03031802210953e-05,5.03000450188337e-07,-1.6769162825685e-07,-1.47946347491656e-08,2.23822661249354e-07,-1.4854284819746e-05,-7.042410230006e-08,-2.33649536139058e-08,-1.14085700673944e-05,2.22146204964192e-07,-1.23052135132762e-07,-1.62267899503885e-05,1.90905965412352e-06,-6.86046614257764e-06,1.05567161161098e-06,1.80529654025889e-08,8.97693455516313e-07,1.19603085513601e-06,-1.41397443383025e-05,-3.33609577859994e-06,2.40200638802728e-05,1.01264645719482e-07,1.74778150020099e-06,3.9206890295517e-08,1.54913998703369e-07,-1.07888591250177e-06,-8.68655505771437e-07,-0.000142392503074601,7.02243591834472e-06,2.23716807489128e-05,-5.53176478347832e-07,-1.78037768015562e-08,-6.85388102250118e-08,-1.24258501804104e-07,-2.53671030715886e-06,7.07654773850865e-07,3.24093347654838e-06,-0.000179161462822416,-6.09019378558729e-08,1.19297070947958e-07,4.79781571679039e-07,6.23262177833798e-09,8.39545758345387e-08,-1.21682909812159e-07,-2.25948687147338e-07,-0.000105192196945575,1.33904626069759e-07,6.18864617153316e-08,6.2033335586383e-08,1.08768784248824e-05,-1.91624281664423e-09,-3.97418498181737e-06,-8.7327108154158e-07,-4.35703313411871e-05,1.21361645174129e-06,0.00525771877946557,1.62175290023939e-06,1.87468865545772e-09,-1.3689453057393e-06,3.72519297907225e-06,-1.38723157925976e-05,-2.40429162994955e-07,-1.27803952045562e-06,-1.81290030902754e-07,2.13618128752955e-06,2.34740196432329e-08,-4.18432107503674e-08,-2.01002828271174e-07,-1.07997987086735e-06,1.04913003639952e-05,2.98174772111732e-07,9.49087957371835e-07,-2.21755468956119e-07,-1.11110243770972e-07,-1.16627389867715e-06,-7.07450354420072e-08,-1.00648127180305e-07,-7.03463304148337e-08,1.81609142475497e-06,2.63434384783938e-07,1.88173074876071e-08,3.06947817303177e-08,-1.22489850753451e-09,-1.2083954994739e-07,-5.69933039971742e-08,-1.07021313876181e-16,-3.19284646914012e-09,2.06315995085471e-06,1.56175389751028e-08,7.42196266389412e-07,1.34919781292258e-07,-1.26840548272005e-06,5.66775820195049e-08,-0.000144019556140551,5.4597816879301e-10,-2.39509462708412e-10,4.42013443547176e-07,-7.75960151073195e-07,2.61252352140935e-08,-3.67548939123812e-06,1.96895789892797e-07,-1.09265266447092e-05,3.66189709718329e-07,-5.05857941836591e-07,6.63623180912211e-07,-7.58245679286385e-05,-3.80464366221818e-07,8.24218261965765e-08,-2.13045311626501e-06,4.36402114499412e-07,-5.08356403428436e-05,2.75886198963033e-05,-3.14772966857274e-07,1.08843719446202e-07,-1.8999315886312e-07,-1.3576643152193e-05,3.13597934237031e-05,-2.3358573279512e-07,-9.81409315540075e-08,2.52725525703516e-07,-2.26604359278141e-05,0.273547081124199,6.30905128512711e-05,-0.000486609562890346,0.00144424114767584,-9.64430291049262e-06,1.42618937376781e-05,-4.73243722857218e-06,2.40057578387654e-06,-4.38647044534642e-16,-4.85510680851418e-06,-1.62640236600991e-07,-1.41245384168339e-09,-1.06403672861668e-05,1.70775337875233e-07,-1.01353477556889e-07,-1.77809309088432e-05,1.62615737539844e-06,-1.67659865216559e-06,4.37853215688309e-06,1.52819504599999e-07,-1.21513866418503e-07,1.5437911602713e-06,-1.84781036734913e-06,3.98353519208168e-05,-7.74472913723796e-07,0.000327075346967905,3.58374046195525e-08,2.01104720074816e-07,1.63470045416283e-06,-1.28995082848359e-05,3.02987513111432e-07,-1.15135970414809e-06,1.53674955294013e-06,-5.56434060639013e-06,3.47073404372796e-07,3.13485229820591e-07,2.38980958487452e-06,-4.02084671127174e-06,-3.23437452465357e-07,2.64448547391892e-06,-1.73942032944047e-06,4.31210549070737e-08,4.03705092332196e-07,-7.99077767064714e-07,-1.49193983165326e-16,4.96800086933893e-09,3.04281976578799e-05,-0.426506048233241,-5.32231226679646e-05,-2.29440234869236e-05,-1.24216482340616e-06,-9.90734990196697e-07,6.86887695177832e-06,-7.44817457075696e-07,-6.6525949389999e-16,-2.53836147197511e-07,-3.6534763281973e-09,-1.29850560044714e-08,4.41513839885842e-07,1.34053567824422e-07,-9.93141770637188e-09,-4.17210955531024e-07,1.16872767691536e-07,-4.22785243462854e-06,8.72900465650674e-07,-1.94980142570157e-07,-3.94097322755429e-07,-2.40664452745364e-08,-0.72822438649128,1.20236378356419e-06,3.85539522327579e-07,-1.88732371393337e-07,-2.56400885214615e-15,-4.5157281321452e-05,1.82150505312756e-05,1.27487967909063e-08,9.4534852031453e-07,-5.87826072369693e-07,-1.26991145294043e-06,4.50833351615593e-06,-1.63978815207605e-05,-1.14467481955215e-07,-4.64850787539058e-16,-2.12133541563272e-07,-5.88553486511017e-07,-2.70894470915796e-07,-1.58434613018394e-15,5.1642134520133e-07,6.75177531611927e-06,-1.03103251094242e-06,-4.23555774953776e-07,-1.41902360282442e-07,-7.62056911497224e-08,-2.73327062766981e-06,7.69889314518789e-08,8.19253977227649e-07,2.41545089767313e-07,1.7419269021482e-07,1.31592439993895e-05,-3.00418537947086e-15,-5.92407105779252e-05,3.41528013183798e-07,2.27610038870046e-06,-2.42445134703285e-07,-1.88711359382323e-15,-2.99040050827987e-07,0.239373722819728,6.54869974997355e-08,1.96035847256934e-08,-8.127715130034e-09,3.29692096391983e-06,-1.32129644787391e-06,2.3955367784988e-07,-8.41826402567839e-16,9.45972788755886e-07,-4.66916716501074e-05,3.49801582214218e-06,1.18521955337528e-06,-1.20583520868578e-07,-8.12967008104246e-10,1.3947422065154e-15,4.58845095671259e-16,-8.15206020814925e-10,-0.00162909335123845,4.31052752084733e-06,-1.26111093961758e-07,-1.19633510087246e-15,-6.25655249553214e-08,-7.44013308161205e-10,1.76898492218894e-16,1.06114261415675e-15,-4.23488133481866e-15,1.59624652646864e-07,4.71190342048892e-07,-6.82802602299238e-07,4.03700366153495e-07,2.01263225217187e-07,4.14354857038616e-07,-1.25203865255355e-06,-1.23201172988932e-15,-2.74049520144786e-07,9.97379825022444e-07,-8.5400755976345e-16,4.00798122535411e-16,-4.82835265707865e-07,-3.73574904109955e-11,-2.30039028021952e-05,2.22497286195774e-07,2.10909803771903e-06,-1.5079919154237e-08,-1.48753505076632e-14,-5.06979483600729e-08,-1.20288998047134e-15,-1.72634161937249e-07,2.52567054555827e-15,-2.52524465584997e-05,-2.98774232464633e-16,2.4446123409986e-07,4.38066142180053e-07,2.0160967468818e-08,2.64794246845029e-07,9.11935964979251e-07,-8.41347448435872e-06,6.61951743327287e-07,3.29236051345681e-08,1.60154777306312e-07,1.47490474296491e-08,1.85421370469343e-05,-6.47808172467263e-07,-1.59576641307712e-07,-1.2946360710042e-08,-2.48040982533355e-05,1.41789551419089e-16,2.88489339955058e-06,-4.96652340382997e-07,4.87583933096324e-08,5.44350471004459e-16,6.44553181210471e-09,1.74342467706384e-07,6.23179096046714e-07,-6.3063893446489e-17,-1.04878355813498e-06,-8.01180933319096e-08,-3.89540260182488e-16,-1.05808637582116e-07,1.22411371592465e-05,-2.21749615850404e-16,-1.40437004216004e-16,-5.97224094890502e-08,-4.61945988699396e-08,-2.63205843585675e-10,-3.65148410189676e-07,9.69164596729663e-08,1.97757426669112e-07,2.74586557961185e-08,3.35482939293034e-07,-5.68491919985429e-07,-4.16333634234434e-15,8.12530509459645e-09,8.06686099044403e-10,2.22589691479114e-09,2.08271767015795e-07,9.61317614878807e-17,-1.58577156081601e-16,6.84902418579099e-08,6.79091718787168e-17,1.88180956129679e-16,4.29976975436162e-07,-4.79956186068886e-07,-6.21235348485125e-07,-5.17344447263604e-09,1.5695325760912e-05,3.44444009150523e-07,1.54692521765002e-08,-1.96882687312354e-16,3.76266194749238e-08,1.75797099226973e-09,8.06740651462465e-09,-5.65239624438331e-07,2.22823730716812e-06,-4.79597080347955e-16,2.15591880419194e-16,1.95221194836135e-15,-2.79883326581221e-08,-9.32549043359846e-08,-7.81607082756853e-08,-7.09017761224004e-16,-7.14499438417117e-08,7.07926483951976e-16,-2.55989199757242e-16,1.67945314719756e-06,-3.68747131680644e-08,-6.78873253449431e-15,-9.06913053212145e-08,-3.25068461579445e-07,1.0348490274016e-14,1.4002479362107e-07,1.86318539531734e-16,3.74237670039752e-08,1.20229399175606e-16,3.73455301757858e-08,3.23330862780988e-07,8.1293459012047e-08,1.10208128732698e-08,7.5768205187088e-08,-0.000545448638669847,1.03022181362252e-07,2.70737080790261e-16,6.09112910894469e-06,-2.64929134181244e-07,2.01374445069865e-17,-2.79078992638784e-06,-1.02537671425358e-07,1.2416126530184e-06,-8.56089185257046e-18,7.64147500876094e-08,7.0086799875576e-07,-1.43916887740792e-16,-2.52331394173151e-07,-5.58101693372582e-08,-2.01574041167149e-08,3.6291806688106e-16,8.34966225885106e-17,5.18939157116398e-08,1.58832455553952e-08,1.28492889024365e-09,-1.85196246844392e-07,9.39291661163561e-09,2.67207046567761e-16,-1.42855636705374e-16,3.42849621289292e-08,2.36318288833706e-10,5.17885569530093e-17,8.28284240535135e-08,-4.09616040973569e-17,2.96955503934349e-07,-1.58387822753372e-08,-9.25415104906752e-09,-6.13439026504199e-08,-7.72344882213657e-16,-7.54730662494409e-17,2.18928700743873e-16,-1.98073254537324e-16,-3.41229980838318e-08,-8.86046053191742e-07,-1.76574613016563e-16,-6.56573991302724e-17,-1.24036861726967e-16,1.6651603347128e-07,1.1201116608375e-08,-8.23481555519043e-08,-4.4680509854615e-17,1.4036356224887e-15,-1.87894243882001e-15,-5.09289252471567e-07,1.0806958136963e-07,4.48558998286763e-18,1.41686253077632e-07,-4.95149081812121e-07,-1.45917530726431e-16,9.52576753781853e-17,-4.93734733104172e-08,-5.05842525595857e-10,-2.44530233171348e-08,1.75292150413143e-16,2.75042650696959e-08,4.00465546837012e-08,4.295694082796e-08,-3.91424957740848e-08,-1.39409580942918e-07,8.88194366866753e-08,1.1236534090007e-16,1.32459694098593e-16,-2.93886938304434e-16,1.77984097367996e-05,-2.02937187984463e-07,-1.11036597209923e-08,-8.73512791363512e-09,-1.42737527100275e-15,1.70555404227338e-16,3.22951001724214e-16,2.34243090233626e-17,-1.37219928208451e-16,2.88392319763562e-07,-1.71134932149902e-16,7.67828873510309e-17,-6.74445632619123e-09,4.15247342675516e-17,-6.03737290562272e-09,5.60275430687395e-19,-7.48485236737323e-09,2.16895230535165e-16,-9.06320311190179e-09,-1.13439555264113e-09,-5.34999120793903e-06,3.06207576650563e-17,3.63741353577456e-08,-5.29983879785128e-17,5.16149993199179e-08,-6.2791545499635e-07,5.02126621341337e-10,-1.67711434620289e-15,7.32504923012813e-08,-1.16871118338932e-16,-1.80016990240876e-08,-1.0160809317434e-07,1.71157050090629e-16,1.25330432990859e-16,3.1843637948975e-17,1.09704700903001e-16,-3.41089018149887e-10,-4.44174483125166e-09,-9.91869126134816e-10,6.5046907705576e-17,8.11370476683875e-18,-7.34210182719922e-08,2.15828515036196e-05,-8.20406267615722e-17,7.71313358995589e-17,-4.5135495389576e-09,1.75462778824837e-16,-3.19878008800058e-08,-2.85175424952436e-16,3.02024088390067e-07,-3.74300278664602e-17,1.59463949635353e-16,-1.70163623392598e-16,-1.002691412592e-16,-9.19257941448887e-17,-9.94744899671924e-16,3.15362550164226e-06,-2.20548890506968e-05,1.26745185446367e-16,-2.69079161952112e-08,1.02367830541738e-07,7.55409701335008e-17,7.59150554804661e-17,-9.30367586707158e-17,1.48060428300234e-16,1.00929017947014e-08,1.61407490753713e-09,-2.61836319548507e-16,-2.55901081342074e-17,-1.83286295119688e-08,-6.53817264163128e-08,-6.8425270181193e-09,1.01463026277723e-16,-4.57175487099279e-16,2.49958795028141e-16,2.2417515551922e-16,1.35007504425004e-17,-1.28868694545017e-16,3.86157869677733e-08,-3.65226889384361e-08,-7.02253856043316e-09,-8.23262234092885e-18,-2.73113485296165e-17,1.03575670436666e-16,8.58469093735793e-17,-2.05169237276987e-16,9.95321029850515e-17,9.02351367397057e-17,1.19969362781557e-16,-8.56162964852889e-17,3.97992327134903e-17,1.84058375914317e-16,5.11729753539503e-17,2.1867105810701e-16,-2.90070077718538e-16,1.98538262173703e-07,-3.77370761234208e-16,5.08508189455175e-16,2.66602130945528e-17,3.76388232742074e-07,-6.55998007431631e-10,8.45636541997747e-17,-7.61989885531344e-07,3.43855821571134e-07,9.8200157069669e-18,1.67132550633961e-16,-9.59311004400116e-08,5.20770200794979e-17,8.45998239025e-09,2.341588568939e-16,-8.92569167374798e-18,4.56155954375414e-17,-1.30133919292824e-16,1.1974742587134e-09,-1.64431541996063e-07,1.05174928140077e-16,-8.04499138831255e-17,1.10183355826677e-17,2.37871535814846e-16,-2.7246935446052e-15,7.09490497251063e-17,1.18816664683762e-17,2.89986382460843e-16,1.01727414025213e-07,2.60121103553773e-16,7.73531650017121e-17,2.83541930460501e-16,-4.18946743849942e-16,-2.1934406800076e-17,2.49054501875371e-16,-3.89284007563692e-08,-1.05206510832107e-16,-5.75980520311301e-17,2.90210409337769e-08,1.44433909774952e-16,-3.91641210043103e-16,-8.80998619937e-17,-2.97277711171759e-16,1.6689898840223e-07,1.09206224240604e-16,-1.78385416091695e-08,2.09628024543551e-16,-5.22536235626374e-17,4.19158486892376e-17,-1.27822113277286e-15,1.87225330879895e-16,-4.39309610616522e-16,6.44303557122058e-10,1.89948337682859e-16,-1.73758959051446e-16,1.9612306160258e-06,-8.03966024367656e-08,-5.1094323894899e-17,5.63077622278667e-08,8.24625246849702e-09,3.57658093235741e-17,2.26817342540245e-16,-5.59801756574197e-17,3.50792614053253e-16,-2.73926464188655e-16,-1.38329467492813e-08,-6.1704915397673e-16,2.95572844769442e-16,-1.7483265408986e-16,5.53619107232763e-09,2.00030063195597e-16,-3.10459016951501e-17,1.27780499310438e-16,-3.71199286751515e-17,-2.52123430334487e-09,-1.03862764838308e-17,5.23469875083993e-09,-2.48273773061386e-16,2.03929518481946e-16,2.77955540347149e-17,-1.33187798636739e-16,3.36667742848677e-17,6.81484631139003e-17,-2.02081865803773e-16,-1.17430154823845e-07,5.75667053138324e-18,-1.57087286687111e-17,3.81410112244507e-08,1.58863421086797e-16,2.18960577775097e-17,8.50603225125465e-17,-1.10890391167991e-17,-1.46541041728906e-16,-3.26905937778316e-17,-4.00430183303335e-08,3.89928926987062e-17,1.16650573793331e-17,8.22536637100895e-08,-1.08062458723651e-16,9.07561866749743e-17,-2.40328443682412e-16,6.93402707944679e-17,-2.12767588817439e-16,2.10166616790639e-16,1.98219939336078e-17,-3.82095399158544e-17,1.34711089050979e-16,5.04895319724479e-17,1.98170998681436e-17,-4.31072712550666e-08,1.8495517966719e-07,5.02188469184991e-17,7.65628319286694e-18,-4.57342654306458e-17,3.65825997157464e-17,-8.76396666138582e-16,-2.63136620606532e-17,1.10022470925672e-16,2.21105581302476e-16,-1.79416088897792e-09,5.73244363805928e-17,1.09384220469084e-16,-1.63019584266163e-16,-1.04826463879687e-16,2.29638549320609e-09,-3.43590838464924e-17,-1.9565520625576e-07,1.52843176056938e-16,5.53822350546636e-17,-6.87483030855112e-17,3.37388465251507e-16,2.58843859354424e-17,1.70137630594076e-16,-6.09029787471906e-17,-8.54581265301012e-17,-1.65707114313763e-17,3.14675868895826e-17,-4.14074139438959e-17,7.85381675778126e-17,4.42057636551525e-17,-1.56329349239242e-16,3.33525585604693e-18,-7.71659299965843e-17,4.46858379258549e-17,-2.02283375762526e-17,-1.11812834278147e-16,2.3480434206684e-16,2.8735328721332e-16,-5.88094257088352e-18,3.51134912862334e-16,-1.9413895947251e-16,2.20690765699543e-16,1.72934843694176e-10,-1.75563128447993e-17,4.03033439500429e-17,-1.51006199340557e-16,-2.59260949337103e-16,1.80120641440476e-16,-4.14518819283231e-17,-5.3469189673762e-17,-1.50369577421611e-16,-2.40428292873701e-18,-7.92344133427207e-17,-1.88234555831592e-15,1.09072326918634e-17,9.48579316910379e-17,-7.58733908850608e-17,-2.90345613303173e-18,3.88137083038956e-17,9.84542048548037e-17,-2.22404260463604e-09,-1.84021922232389e-16,-1.4897656547662e-16,1.36329575503072e-16,-2.69503007284031e-16,7.21461139388475e-17,-1.13660816368137e-16,1.90691429730422e-16,1.08614562435384e-16,-1.98504111581392e-16,4.70892152887446e-10,1.00613364231143e-16,-1.93018714096267e-16,-5.28445011470909e-17,1.24394882842737e-16,2.76560181631968e-16,3.73761730251937e-17,5.83811918706914e-17,-3.19636074196853e-17,-1.35278110671962e-16,-2.74128995702976e-17,-7.70930360901607e-17,3.55857492811098e-18,1.13080471883055e-16,2.37416475773271e-09,-6.03243331501329e-17,-2.33471815128277e-16,2.1694380768987e-16,-7.79421787580024e-16,-7.1440673995659e-09,-4.34475024810629e-17,-6.62491764082916e-17,-4.89976510319949e-17,-2.32978117799528e-16,2.65109650306805e-16,4.62278008641202e-18,2.57020998842307e-16,3.14668376151022e-17,9.71154866007499e-17,1.18252810011794e-16,9.21026256715541e-17,1.42139073268211e-16,-1.09164448534221e-16,-8.2004015089093e-18,2.79062473283573e-17,2.1714285387497e-17,-7.90920586499062e-17
"t523",-0.0412840058466065,0.0349127094302376,-0.0570896307762282,0.0259270377837914,0.00716137379028274,-0.00344333101183569,0.0225469640060651,-0.0486367136010335,2.40093632496003e-05,-9.41774207637279e-05,1.28472540336481e-06,-0.00484131995712345,0.00952178434350182,-0.00149981780569242,0.000459581174867385,0.0865395919799731,-0.00218773497227761,0.00484739140335959,-0.000357752502231336,0.000178880830189101,-0.0210700884804613,-0.227092244285658,-0.000541957840511505,0.00332535582884788,-0.000501374391944899,0.000284997516788021,-0.000377926927917247,0.000379061502321119,-0.00850294435656762,0.00333534686143877,-9.03823326489617e-06,1.46912687051654e-05,-0.00433769035084453,1.03450586822836e-05,-5.52466028284719e-06,-8.07465154377624e-06,-0.0003162383049315,2.20361121730219e-06,1.77547121750232e-05,4.78529138919656e-06,0.000241307053249378,-3.06072649668694e-05,0.000257995153321044,-3.02097622831668e-05,0.00658751596093959,-1.33503206126239e-05,1.76448250682377e-05,-0.000351011576476459,2.76388382999945e-05,-5.43382438362356e-05,0.000387485442025104,-3.88729301464337e-05,5.57589352624237e-08,-0.0137432095403059,4.32454371582006e-06,-4.63226263066638e-05,1.88024318613922e-06,-0.000125876588947677,4.27060597816356e-05,-0.00216222591235316,-5.17981813445072e-05,6.0703436595257e-06,-0.000198480673888872,0.00010566882077445,-7.56931176682843e-06,0.000178024074842142,-1.11095640098321e-06,3.94163917255277e-05,-0.000108032296640042,4.26140620377838e-05,-3.11339145903788e-05,-0.28889004410964,-3.45548148727351e-05,-0.00169780255114657,0.00080052059222747,3.05032609854096e-06,-0.0793803395731911,-5.75385466091896e-05,1.97089932657004e-05,2.55928868388324e-06,5.7035049541986e-06,0.0001022022579467,-2.73671982250185e-05,-0.000205693657129094,3.25380476225669e-05,0.00897262748036173,-0.00748729953643875,-0.000162286438555977,-7.02460020607369e-05,0.112494648568005,0.000144067092173456,-0.0803296677328838,-2.24046955350652e-05,0.000945080339694859,3.75023419881798e-07,0.000885088719660107,-2.05072799364245e-05,-0.000409584068365482,6.47324303889624e-05,1.41938000826996e-05,2.54836874736768e-06,-1.21232803367237e-06,3.35585871494743e-06,-4.15508359287498e-07,1.61992491090659e-07,-1.66069614310638e-06,6.56702098030484e-06,-1.64706171540788e-06,8.63529966792108e-07,-7.97918751419685e-06,-7.13778204919765e-07,-1.0262364702192e-06,2.08646923732288e-06,1.53221683716694e-06,-8.79519800582167e-09,5.83766290993631e-07,-1.03217634656546e-06,1.63875992918269e-06,-2.30725590016424e-06,7.2315529588951e-06,-4.04835278461556e-05,1.34294226234919e-05,-2.46869081469876e-05,-7.15376239595e-05,0.00241239413579772,-0.0036636988813548,0.114473074589455,8.55987810482652e-06,-3.65340887741979e-06,-0.000119165689441995,1.82921651781239e-06,-5.83680401052269e-06,6.29679994293876e-06,1.17071815946482e-06,-2.45666931960859e-06,-1.3539782036695e-06,3.52241188404868e-09,7.5167290991222e-07,2.57629943253493e-07,-7.74489635160673e-07,-6.20677022687722e-08,-2.64271212843439e-06,5.9175852138519e-07,5.95273685389279e-08,1.23316995975405e-05,-1.00650447139036e-08,-6.45477155360172e-07,1.21157264507746e-07,8.29988254141426e-09,-3.0858543672168e-08,-0.000134065685355565,-9.24305343416632e-08,-1.61486358842805e-05,7.89664999916318e-07,-2.67293430987955e-07,-2.36402384591307e-08,3.58271863791702e-07,-2.47753552711927e-05,-1.18689312755184e-07,-3.94417174482862e-08,-1.94322864511293e-05,3.79086639641272e-07,-2.12467883118058e-07,-2.80584421697918e-05,3.33991232763485e-06,-1.21414339792147e-05,1.93397032252866e-06,3.31141415473182e-08,1.64714890913226e-06,2.20527627625512e-06,-2.62215939647751e-05,-6.19180906581001e-06,4.5098932062139e-05,1.90827855171008e-07,3.32001951363042e-06,7.46234079787155e-08,2.95151248493383e-07,-2.09509744854596e-06,-1.72139648150895e-06,-0.000283181159021101,1.40134395819562e-05,4.50997965052474e-05,-1.11959361772435e-06,-3.61745975893047e-08,-1.39777095921448e-07,-2.56618606179918e-07,-5.2553735341364e-06,1.50754118674746e-06,6.91078679495877e-06,-0.000385723601972047,-1.34731333781769e-07,2.70170244044257e-07,1.09558130385652e-06,1.44112901638934e-08,1.95971551851902e-07,-2.92391925408324e-07,-5.46441156206652e-07,-0.000257942933361432,3.30663615096471e-07,1.61709999080362e-07,1.62543469608436e-07,2.92335607392894e-05,-5.28509567340038e-09,-1.17075663937711e-05,-2.57338846192871e-06,-0.000129216132673588,3.67132173851704e-06,0.016130690294777,5.17165881054451e-06,6.28884725150688e-09,-4.79510538367307e-06,1.32302194073944e-05,-5.26053619238021e-05,-9.4781782410017e-07,-5.04356436329094e-06,-7.38400635968133e-07,9.48265089597034e-06,1.06052716261003e-07,-2.09059914217659e-07,-1.08499094570771e-06,-5.99783040402894e-06,6.62341770265829e-05,1.9465619723458e-06,6.43724064949195e-06,-1.70916640730698e-06,-8.80857471695832e-07,-9.31134734176815e-06,-6.70465442084094e-07,-1.07796160574568e-06,-8.82583592292461e-07,2.47249033359512e-05,3.93535628461053e-06,3.09459171818156e-07,5.19685182162533e-07,-2.85957679063105e-08,-3.70627295386519e-06,-2.66155594917216e-06,2.23321465500874e-16,-6.17596634067792e-07,0.00108849532647393,-7.44049237036406e-07,-1.90658895886254e-05,-2.50256075029554e-06,2.31384942134195e-05,-6.81511992330819e-07,0.0016366763054689,-6.05117059650812e-09,2.37245285021605e-09,-4.08286778659588e-06,6.37505257424151e-06,-2.04529150426157e-07,2.82243889731211e-05,-1.36789824781722e-06,5.37975146634065e-05,-1.6292583563185e-06,2.08090975145416e-06,-2.33742093200188e-06,0.000264317600248717,1.20297935333215e-06,-2.47478457458074e-07,5.96145153116147e-06,-1.19474357265943e-06,0.00013607125511674,-7.16149027824618e-05,7.81714794470781e-07,-2.68966436018008e-07,4.22101110689094e-07,3.00918528750817e-05,-6.93240679709266e-05,5.02336835817707e-07,2.08929433484325e-07,-5.21177828521759e-07,4.64586310679625e-05,-0.468939480259541,-0.000106160917637265,0.000806921741037274,-0.0023168743023263,1.5073165127183e-05,-2.10420611451042e-05,6.86839822173468e-06,-3.43936025701458e-06,-8.7108914515469e-16,6.65802115552821e-06,2.21768571311944e-07,1.89074361431747e-09,1.36431463022084e-05,-2.11156130996468e-07,1.23200773564225e-07,2.14331568182463e-05,-1.76357999659131e-06,1.80619252598137e-06,-4.70849472515614e-06,-1.59446247232712e-07,1.16551115211471e-07,-1.45964870450598e-06,1.72981813682257e-06,-3.60956647965844e-05,6.21155535777961e-07,-0.000249463034890101,-2.72538179579046e-08,-1.52804364538205e-07,-1.09857548158675e-06,7.53300153504782e-06,-1.73798337112692e-07,6.4335064059938e-07,-8.31774670214514e-07,2.98238236689676e-06,-1.71362239797431e-07,-1.53820108670199e-07,-1.1593280672674e-06,1.93539309439557e-06,1.51729966852513e-07,-1.20562854429548e-06,7.72220302886733e-07,-1.89221812260413e-08,-1.73677510290535e-07,3.29462649568925e-07,7.29916498692903e-16,-1.56260117811939e-09,-9.30175006115278e-06,0.124853754685513,1.55601747808033e-05,6.69868526804335e-06,3.58778099472428e-07,2.80366694785365e-07,-1.89662431988719e-06,1.95459486367629e-07,7.52568515149065e-16,5.8941710720291e-08,8.35019407878815e-10,2.86720627679329e-09,-9.70847364445345e-08,-2.69650247883503e-08,1.89718937107306e-09,7.38292161063145e-08,-1.95671361033967e-08,6.22081137027151e-07,-1.12432052708018e-07,2.28528823973072e-08,4.36256649095907e-08,2.56690750401056e-09,0.0724475615700659,-1.1866674653037e-07,-3.60903544818257e-08,1.69216283241851e-08,-9.15736898349797e-17,2.70717289000324e-06,-9.78116098296344e-07,-6.8380127295028e-10,-3.36415443722144e-08,1.92885078307072e-08,-3.17997839410757e-09,5.95453398912632e-08,-2.51951961423566e-07,-2.71055834339062e-09,5.83157245712991e-16,-7.10285102634981e-09,-2.19113183830179e-08,-1.40201785297223e-08,5.65616674927516e-16,3.54156880588488e-08,4.91145885488196e-07,-7.72598385330426e-08,-3.36878712460698e-08,-1.24150633648066e-08,-7.13881181402477e-09,-2.69660184612986e-07,8.79293927941405e-09,9.51495437345115e-08,3.08570267001134e-08,2.61477171225002e-08,1.99132817650924e-06,-2.95748455853372e-15,-1.21677047349507e-05,7.39848223342095e-08,5.5532888236345e-07,-7.13653884662843e-08,-1.51356434173768e-15,-1.4067088030446e-07,0.256812026221336,1.48835423912376e-07,9.06498399839794e-08,1.66702527252391e-07,-6.16178693318261e-06,9.97079767557939e-07,-6.93654302081338e-08,-7.936392188661e-16,-1.60972966405434e-07,7.61674807206004e-06,-5.22910275744268e-07,-1.57124010562575e-07,1.58392410350139e-08,1.03228686306905e-10,9.32326059654835e-16,1.16074353630561e-16,8.49986184331496e-11,0.00014225325393529,-3.67948004611558e-07,9.090224369593e-09,-3.10306034408757e-15,2.95060022808202e-09,2.79139001726705e-11,-4.68882422620464e-16,-3.6322077214234e-16,-6.33931479725775e-16,-1.82240118221455e-09,-3.98188733233799e-09,-8.73219774305664e-10,3.62302270666873e-09,1.98163305963752e-09,7.25709782273328e-09,-2.29992839654713e-08,2.62900930704587e-16,-8.91209576577197e-09,3.70569905602869e-08,-8.23031062280852e-16,-4.34551285801932e-16,-2.60042585393599e-08,-2.15132603769898e-12,-1.43561182732634e-06,1.45835944217306e-08,1.50489282300429e-07,-1.08977335205176e-09,-1.74748405250285e-15,-3.72659123336191e-09,3.61367427466971e-16,-1.32944217385798e-08,-3.58360877754968e-18,-2.00834101183528e-06,-1.97781806273414e-16,2.02091393629379e-08,3.64879628584647e-08,1.84058612341181e-09,2.46093819012027e-08,8.5373698897369e-08,-8.1221586170248e-07,6.55464040400307e-08,3.44407827185706e-09,1.67612670407149e-08,1.56821910619603e-09,2.02723195491002e-06,-7.33625377753145e-08,-1.85830914053786e-08,-1.53959516016049e-09,-2.97944057930182e-06,-2.87008829375017e-16,3.57035983255407e-07,-6.31610492512593e-08,6.64988902994716e-09,2.98779360365357e-16,8.95511276467236e-10,2.48774220175697e-08,8.99026487302061e-08,2.81766962274447e-17,-1.52143016127871e-07,-1.18734680419695e-08,-9.80153380740821e-17,-1.58411863007017e-08,1.94005980298214e-06,2.22981814025947e-16,-5.41277956176137e-16,-9.66127819994032e-09,-7.48632463599875e-09,-4.30116767156083e-11,-6.02453461427308e-08,1.63287943931049e-08,3.33777155297527e-08,4.64604452781555e-09,5.82732777129404e-08,-1.00774880970157e-07,-4.27435864480685e-15,1.45112041732012e-09,1.44251129174476e-10,3.99797373886581e-10,3.76053939375343e-08,-1.68704750718339e-16,4.56795756118773e-17,1.24547668719176e-08,-1.16696956938369e-16,-4.20398154996323e-16,8.15658694830631e-08,-9.16784407509927e-08,-1.18681856541191e-07,-1.00302180759388e-09,3.04896067658641e-06,6.69393748602335e-08,3.01439814128724e-09,4.42065140030705e-17,7.53764371960683e-09,3.54179055174376e-10,1.62837591257234e-09,-1.15142518774056e-07,4.61358106616515e-07,3.38401438299165e-16,1.29416103786686e-16,1.15367247716533e-15,-5.92694013299162e-09,-1.9934885244567e-08,-1.67200793661777e-08,-3.10543235894681e-16,-1.54211843810527e-08,2.41056365305358e-16,-1.07201329757216e-16,3.76257389566645e-07,-8.26497069191567e-09,5.03067098650268e-15,-2.05053295082875e-08,-7.38672270775401e-08,2.64048264059739e-15,3.21415484477709e-08,-1.56303430970757e-17,8.69315716674546e-09,3.64288659324718e-16,8.68414602258982e-09,7.5247185893688e-08,1.89364545138906e-08,2.57047101718113e-09,1.77227843306287e-08,-0.000128949441130254,2.47112106294814e-08,1.42100705802283e-16,1.48684617978636e-06,-6.4788046448555e-08,-1.56062346233088e-17,-6.84146389407357e-07,-2.52474679291012e-08,3.06924004644621e-07,-4.3003753050807e-16,1.91408280134122e-08,1.7601090334971e-07,1.39059187219713e-16,-6.35850286572768e-08,-1.40871622517922e-08,-5.11944882652128e-09,2.97600493044942e-16,4.41609067420148e-16,1.33696993934187e-08,4.11665671008422e-09,3.3343678033148e-10,-4.92892032065302e-08,2.5099163599946e-09,2.61476269428817e-16,4.99844730550657e-16,9.18660199547117e-09,6.33432451348176e-11,2.43485865952827e-16,2.23037287608361e-08,-1.59584235118651e-16,8.03159782463016e-08,-4.30952986092516e-09,-2.51900036340894e-09,-1.67256283909858e-08,-3.79145213705861e-16,4.10236018076701e-16,-2.81281472382605e-16,-4.03719267462264e-16,-9.44133265623424e-09,-2.45447127108514e-07,9.72737643641061e-16,1.78947393862523e-16,2.22538045802351e-16,4.63247066435832e-08,3.12188287047767e-09,-2.30656988903879e-08,-9.6675511096288e-17,-2.23955950802406e-15,-3.65519900960977e-15,-1.45032085633041e-07,3.07926183516218e-08,-1.33696031392227e-16,4.06269377397206e-08,-1.42337857991501e-07,-7.24671593758152e-16,5.6150487593636e-19,-1.42773769888528e-08,-1.46343278344506e-10,-7.09887252865517e-09,-2.46461898334324e-16,8.03044851350647e-09,1.17290482052788e-08,1.26360534092351e-08,-1.15816935650581e-08,-4.13137665412717e-08,2.63983129526557e-08,-7.79040692319841e-16,2.5249385928726e-16,-4.45875542315235e-16,5.37697462201087e-06,-6.13233012638764e-08,-3.36215969490308e-09,-2.67215053275452e-09,-2.21198658363898e-15,5.37280942329789e-16,3.15543026611845e-16,1.46741946912687e-16,-6.90442513443358e-17,8.91538935804615e-08,-1.87208464969088e-17,-1.22342901327077e-15,-2.09348227022704e-09,3.80143651277737e-17,-1.87440783370652e-09,-9.0012294048151e-16,-2.32464839956073e-09,-1.85958650324306e-15,-2.83458028040657e-09,-3.55376051422801e-10,-1.68022998681282e-06,-5.09512582972142e-16,1.14589855054236e-08,-1.89964211454003e-16,1.63695790192039e-08,-2.00864022575975e-07,1.60683243702042e-10,-2.13085705468379e-15,2.3521748071195e-08,-1.56287617041527e-16,-5.81196814029782e-09,-3.2813515694083e-08,-8.84379594114476e-16,-7.14552807444551e-16,5.39082097928558e-16,1.09038581423744e-15,-1.10639953486661e-10,-1.44246761152279e-09,-3.22547623331893e-10,-3.19996471669997e-16,1.10681494557615e-15,-2.40294935685413e-08,7.06571474752115e-06,3.69567041900531e-16,-1.40718896381554e-16,-1.48933126851437e-09,1.42558743314089e-16,-1.05726163012868e-08,1.97920435295473e-15,1.00306014706682e-07,1.01133758495512e-16,-1.19558832904747e-15,1.5787556940801e-15,-4.76599012512677e-16,1.02368304412279e-15,1.02989503455325e-16,1.05749073395463e-06,-7.39648773899175e-06,-3.35428800095017e-16,-9.05402852923949e-09,3.44925627056067e-08,2.71955588561153e-16,-3.40542733602817e-16,1.21229887711015e-16,1.04660774383121e-16,3.42094436466334e-09,5.47832182107071e-10,-2.1489610133466e-16,1.19062310218343e-15,-6.23040423978368e-09,-2.22294404179417e-08,-2.32797805313948e-09,1.62133350479305e-16,4.27091605702344e-15,-6.82719878852247e-16,1.8231765320319e-16,-3.74219577672142e-16,8.11012770761201e-16,1.32795885249864e-08,-1.25722660132749e-08,-2.41975906170791e-09,8.52720197215797e-17,-1.64382031039628e-15,5.95850199379928e-16,-2.05237542701879e-16,1.0770545968191e-15,-3.99201683426425e-16,-1.67077494653268e-15,7.92042551192128e-17,2.11599035557582e-15,-4.02695314162589e-16,1.19554004405584e-15,1.5491165767542e-15,6.16657117731976e-15,4.08638916909955e-15,6.95362016476309e-08,3.33863856118856e-15,1.37491277294533e-15,1.13839921390118e-15,1.32107617793534e-07,-2.30361519767949e-10,2.35633083491733e-15,-2.67661544942182e-07,1.2109974818457e-07,-2.87681711185564e-15,-1.36047822275203e-15,-3.38942746734477e-08,4.44478937985784e-15,3.00081419067435e-09,2.96104510972305e-16,-2.30623802021225e-15,-1.0397687807131e-15,4.66214517064537e-15,4.27365602056126e-10,-5.87075759957173e-08,5.69953029856768e-15,-1.62379846748346e-14,5.50967698642257e-15,-1.66449905755163e-10,0.707106781186549,8.94878716153769e-14,8.56893123035157e-15,-1.06832112819478e-14,3.70882416972623e-08,-7.2591126386634e-15,-2.34585947559446e-15,7.54761273410986e-15,-5.0272655335939e-15,1.41339867879664e-15,-2.79942504291165e-14,-1.4255449619473e-08,2.61153281326458e-15,2.3317934586754e-15,1.06360092038765e-08,-3.38534315231123e-16,1.19122201676543e-14,-9.95071386871274e-16,-1.18340368218605e-15,6.17461538634741e-08,2.41523939645564e-16,-6.61060990944165e-09,2.56830474395952e-15,-7.32282013967892e-16,-6.23910925228495e-15,-9.29505889002844e-15,3.93666472835169e-16,4.52707745085045e-15,2.39580075588333e-10,-8.70376426928665e-17,8.72831849228534e-16,7.31161172635019e-07,-2.99763591010126e-08,-1.00732785248243e-15,2.10414625493328e-08,3.08366192997984e-09,-1.11829352026726e-15,3.96332855628376e-16,1.54456678971045e-16,-5.80618247392197e-16,-5.61397417931385e-16,-5.22588862904354e-09,2.03495796458943e-16,2.47152362150359e-15,-1.83745418817837e-15,2.09694483783131e-09,-5.16889187753097e-16,-7.95363937711285e-17,4.52629138582683e-16,5.83647987968772e-16,-9.58245945758363e-10,-1.23204497479558e-15,1.99165603291649e-09,-1.06333431211763e-15,1.32662610619863e-15,2.73387808490695e-16,-3.8627199542281e-16,4.9929162679629e-16,1.53892462867165e-15,-1.71461770343122e-15,-4.49275142567706e-08,-5.11063401402688e-16,-3.39176926034138e-16,1.46123362043025e-08,2.84369022319699e-15,-1.08314201746086e-15,-8.77871498685536e-16,7.05642904673876e-16,3.389116370471e-16,-3.09376260669105e-16,-1.54068581977431e-08,-1.95294788825847e-16,-6.06376948423067e-16,3.17081959793554e-08,-4.94640685903619e-16,-7.95144498653113e-16,-3.6036623162587e-16,-5.49734455948681e-17,-1.40123691397678e-15,3.8959281718942e-16,-7.9897610412264e-16,-1.03650994188063e-15,-3.09109483735057e-16,7.66837938790229e-16,1.41368851365635e-17,-1.6734224977099e-08,7.18595147908704e-08,3.7348600953827e-17,5.79062216331481e-16,4.0066679692698e-16,3.43087925533764e-16,3.21512792891712e-15,-4.26828284140699e-16,5.72480081347586e-16,-2.01596721920486e-16,-7.00107534832353e-10,-2.61554166772083e-17,9.61197259635903e-17,-3.70168763787059e-16,4.81551291037827e-16,8.99373837684373e-10,-1.81767939919038e-16,-7.69432440866388e-08,2.55778369858965e-16,2.6347507618522e-16,-7.74696068061629e-16,-3.9962158695873e-16,3.77984311760595e-16,-2.22224670092744e-16,4.67155212825826e-16,-5.12743354697488e-16,3.74600772107723e-16,3.09321712669861e-16,-3.56162889419131e-16,5.61986394679348e-18,5.80653357378418e-16,-1.22265598457432e-16,2.33241782811648e-16,-3.132351219667e-16,4.1184675264897e-17,-7.29950068277038e-17,3.473840356471e-16,3.5821428471198e-16,9.80672862918037e-16,3.56892119805386e-16,-3.43283236739344e-16,-1.62765867338418e-16,1.04555794597933e-16,6.90280659790678e-11,-8.00467736162136e-16,1.43148219032469e-16,1.96798778229486e-16,-5.28418280328543e-17,-6.2870647377031e-16,1.36173277167484e-17,3.64681046093112e-16,6.81245785929171e-16,-1.95303894585904e-16,-4.04655994570165e-16,-1.74049543653074e-15,-3.60093926051526e-17,1.0533404725562e-16,-1.43405917417441e-16,-1.10713659163842e-15,5.51534256435113e-16,-3.53151725668108e-16,-8.96516889302397e-10,1.87235714691626e-17,3.74351236094875e-16,-5.13162061165301e-16,1.98203407596574e-16,1.48210257389251e-16,2.01803784632172e-16,-7.50273453134238e-17,-7.65002627217539e-16,-1.74375379374564e-16,1.91717051251403e-10,-1.19609732482181e-15,-3.09311443277788e-16,3.45884938244926e-16,3.32623186127451e-16,-1.42900275828069e-16,-9.70688857057559e-17,1.13265037350329e-16,2.06960873997642e-16,4.98171641793758e-17,3.39306509165072e-16,-1.27285309737624e-16,-2.60440261744784e-16,-1.01934161346305e-17,9.76143056589037e-10,-6.71223164565597e-17,1.61098846945643e-16,-1.58457586626722e-16,3.65432179841506e-15,-2.95057289766841e-09,-1.23566050885869e-16,-1.69722761998983e-16,2.22632143754749e-16,-2.75710995891064e-19,-2.42611597829075e-17,-1.33089188066433e-16,1.84319820982791e-16,-3.44268279302237e-17,-1.41341190207705e-16,2.35262909448716e-17,-1.5055812775856e-16,-2.76763393814334e-16,-4.60622682308005e-17,1.7790091646534e-16,5.57779893558078e-17,2.86609197539432e-16,-5.72088984512267e-16
"t524",-0.0412840058466065,0.0349127094302376,-0.0570896307762282,0.0259270377837914,0.00716137379028276,-0.00344333101183569,0.022546964006065,-0.0486367136010335,2.40093632496044e-05,-9.41774207637343e-05,1.28472540338102e-06,-0.00484131995712343,0.00952178434350189,-0.00149981780569178,0.000459581174868134,0.0865395919799731,-0.0021877349722767,0.00484739140335977,-0.000357752502231634,0.000178880830189521,-0.0210700884804613,-0.227092244285658,-0.000541957840511462,0.00332535582884838,-0.000501374391944934,0.000284997516787979,-0.000377926927917452,0.000379061502321289,-0.00850294435656771,0.00333534686143855,-9.03823326484153e-06,1.46912687051192e-05,-0.00433769035084475,1.03450586822092e-05,-5.52466028297079e-06,-8.0746515439509e-06,-0.00031623830493116,2.20361121720317e-06,1.77547121748894e-05,4.78529138917292e-06,0.000241307053249436,-3.06072649669917e-05,0.000257995153321079,-3.0209762283211e-05,0.00658751596093871,-1.33503206129602e-05,1.76448250682828e-05,-0.000351011576476478,2.76388383002298e-05,-5.43382438362126e-05,0.000387485442025014,-3.88729301462535e-05,5.57589351695287e-08,-0.0137432095403078,4.32454371574994e-06,-4.63226263067119e-05,1.88024318633765e-06,-0.000125876588948005,4.27060597815853e-05,-0.00216222591235307,-5.17981813445708e-05,6.07034365904852e-06,-0.000198480673888988,0.000105668820774971,-7.56931176676981e-06,0.000178024074842007,-1.11095640068035e-06,3.94163917255364e-05,-0.000108032296640473,4.26140620378624e-05,-3.1133914590369e-05,-0.28889004410964,-3.45548148727331e-05,-0.00169780255114647,0.000800520592227433,3.05032609842167e-06,-0.0793803395731921,-5.75385466086157e-05,1.97089932655899e-05,2.55928868387454e-06,5.70350495432478e-06,0.000102202257946762,-2.73671982249573e-05,-0.000205693657128932,3.25380476226799e-05,0.00897262748036132,-0.0074872995364387,-0.000162286438555998,-7.02460020607875e-05,0.112494648568004,0.000144067092173528,-0.0803296677328844,-2.24046955350341e-05,0.000945080339694889,3.75023419692252e-07,0.000885088719660043,-2.0507279936407e-05,-0.0004095840683654,6.47324303890382e-05,1.41938000826026e-05,2.54836874735358e-06,-1.2123280337265e-06,3.35585871492715e-06,-4.15508359215405e-07,1.61992491050894e-07,-1.66069614292108e-06,6.56702098043333e-06,-1.64706171556358e-06,8.63529966870387e-07,-7.97918751405807e-06,-7.13778204916346e-07,-1.02623647013504e-06,2.08646923735963e-06,1.53221683729648e-06,-8.79519799296089e-09,5.83766291009437e-07,-1.03217634640658e-06,1.63875992915279e-06,-2.30725590005415e-06,7.23155295880475e-06,-4.0483527845826e-05,1.34294226238006e-05,-2.46869081470075e-05,-7.15376239596664e-05,0.00241239413579765,-0.00366369888135492,0.114473074589454,8.55987810474417e-06,-3.65340887744299e-06,-0.000119165689441815,1.82921651773436e-06,-5.83680401063341e-06,6.29679994301814e-06,1.17071815925992e-06,-2.45666931955077e-06,-1.35397820385424e-06,3.5224118377157e-09,7.51672910249718e-07,2.57629943383123e-07,-7.74489635335684e-07,-6.20677022402496e-08,-2.64271212783784e-06,5.91758521345318e-07,5.95273685966045e-08,1.23316995967518e-05,-1.0065044932044e-08,-6.45477155284558e-07,1.21157264583563e-07,8.29988254828446e-09,-3.08585436320374e-08,-0.000134065685355789,-9.24305343921913e-08,-1.61486358843228e-05,7.8966499994222e-07,-2.67293430950306e-07,-2.3640238601702e-08,3.58271863790481e-07,-2.47753552710667e-05,-1.18689312447064e-07,-3.94417174300751e-08,-1.94322864511694e-05,3.79086639245253e-07,-2.12467883205979e-07,-2.80584421697859e-05,3.33991232771008e-06,-1.21414339793206e-05,1.93397032238288e-06,3.3114141376412e-08,1.64714890896159e-06,2.20527627627277e-06,-2.6221593964843e-05,-6.19180906562026e-06,4.50989320621802e-05,1.90827855105968e-07,3.32001951360206e-06,7.46234080896236e-08,2.95151248573791e-07,-2.09509744827644e-06,-1.72139648158034e-06,-0.000283181159021396,1.40134395820766e-05,4.50997965049483e-05,-1.11959361780338e-06,-3.61745976975042e-08,-1.39777096013979e-07,-2.56618606307284e-07,-5.25537353397489e-06,1.50754118673585e-06,6.91078679501382e-06,-0.000385723601972529,-1.34731333887186e-07,2.70170244087729e-07,1.09558130385623e-06,1.44112900897432e-08,1.95971551926438e-07,-2.92391925526853e-07,-5.46441156409627e-07,-0.000257942933361245,3.30663614848087e-07,1.61709999142529e-07,1.62543469568739e-07,2.92335607388632e-05,-5.28509567662992e-09,-1.17075663936685e-05,-2.57338846193227e-06,-0.000129216132673679,3.67132173846487e-06,0.0161306902947773,5.17165881072771e-06,6.28884734030876e-09,-4.79510538296094e-06,1.32302194067004e-05,-5.26053619238037e-05,-9.47817823975302e-07,-5.0435643630164e-06,-7.38400636099149e-07,9.48265089609129e-06,1.06052716605812e-07,-2.09059914376065e-07,-1.08499094563193e-06,-5.99783040419626e-06,6.6234177026512e-05,1.94656197246798e-06,6.43724064956366e-06,-1.70916640743003e-06,-8.80857471545196e-07,-9.31134734159713e-06,-6.7046544233593e-07,-1.07796160584329e-06,-8.8258359232433e-07,2.47249033360036e-05,3.93535628469906e-06,3.09459171790071e-07,5.19685182135758e-07,-2.85957678600588e-08,-3.7062729536382e-06,-2.66155594893695e-06,8.82576989271436e-17,-6.17596633817991e-07,0.00108849532647282,-7.44049236608143e-07,-1.90658895885993e-05,-2.50256075010168e-06,2.31384942137309e-05,-6.81511991999009e-07,0.00163667630546882,-6.05117059319463e-09,2.37245266884711e-09,-4.08286778670275e-06,6.37505257425745e-06,-2.04529150602729e-07,2.82243889732532e-05,-1.36789824791227e-06,5.37975146626195e-05,-1.6292583567834e-06,2.08090975135054e-06,-2.33742093184602e-06,0.000264317600249673,1.20297935302084e-06,-2.47478457235576e-07,5.9614515308045e-06,-1.19474357261117e-06,0.000136071255117048,-7.16149027827177e-05,7.81714794578121e-07,-2.68966436116174e-07,4.22101110746299e-07,3.00918528754643e-05,-6.93240679710979e-05,5.02336836005271e-07,2.08929434188228e-07,-5.21177828346836e-07,4.64586310681442e-05,-0.468939480259549,-0.000106160917637614,0.000806921741037164,-0.00231687430232648,1.50731651272708e-05,-2.10420611449786e-05,6.86839822177883e-06,-3.43936025692777e-06,-7.90055498131177e-16,6.65802115566458e-06,2.21768571634027e-07,1.89074374446266e-09,1.36431463018131e-05,-2.11156130920481e-07,1.23200773799868e-07,2.14331568177931e-05,-1.76357999668978e-06,1.80619252678774e-06,-4.70849472551079e-06,-1.59446247110117e-07,1.16551115242097e-07,-1.45964870461739e-06,1.72981813698651e-06,-3.60956647963769e-05,6.21155535821495e-07,-0.000249463034894145,-2.72538176462665e-08,-1.5280436477408e-07,-1.09857548146742e-06,7.53300153553051e-06,-1.73798336760686e-07,6.433506405691e-07,-8.31774669852931e-07,2.98238236740635e-06,-1.71362239781518e-07,-1.53820108798359e-07,-1.15932806779762e-06,1.93539309407339e-06,1.51729967014712e-07,-1.2056285447173e-06,7.72220303203418e-07,-1.89221812421872e-08,-1.73677510012576e-07,3.29462649489184e-07,9.06055832027296e-16,-1.56260117062013e-09,-9.30175006143378e-06,0.124853754685518,1.55601747804067e-05,6.69868526793668e-06,3.58778099371981e-07,2.80366694763477e-07,-1.89662432147118e-06,1.95459486503155e-07,6.02872491068658e-16,5.89417109661371e-08,8.35019233006194e-10,2.86720601339084e-09,-9.70847362412522e-08,-2.69650248359339e-08,1.89718931077092e-09,7.38292160649025e-08,-1.95671361365299e-08,6.22081136648271e-07,-1.12432052818544e-07,2.28528823859794e-08,4.3625664322953e-08,2.56690765119555e-09,0.0724475615700652,-1.18666746497839e-07,-3.60903544745266e-08,1.69216281654484e-08,-2.5435505926335e-16,2.70717288997205e-06,-9.78116098060422e-07,-6.83801599870269e-10,-3.36415444658348e-08,1.92885078748198e-08,-3.17997881834884e-09,5.95453398653816e-08,-2.51951961649441e-07,-2.71055844436689e-09,4.56890246835999e-16,-7.10284951299499e-09,-2.19113188765876e-08,-1.40201781970777e-08,4.09537950452723e-16,3.54156874164353e-08,4.91145885733684e-07,-7.72598386575669e-08,-3.36878711717151e-08,-1.24150631895326e-08,-7.13881162024503e-09,-2.69660184458488e-07,8.79293885229331e-09,9.51495444522892e-08,3.08570266773136e-08,2.6147716944243e-08,1.99132817647915e-06,-2.66101299841647e-15,-1.21677047340686e-05,7.39848222940406e-08,5.55328884900965e-07,-7.13653883676363e-08,-1.34050560964078e-15,-1.4067088126657e-07,0.256812026221335,1.48835423996205e-07,9.06498408881853e-08,1.66702527367094e-07,-6.16178693322487e-06,9.97079767992553e-07,-6.93654309790597e-08,-8.02911705492554e-16,-1.60972967590539e-07,7.61674806729214e-06,-5.22910276179153e-07,-1.57124010366018e-07,1.58392401089534e-08,1.03228676047137e-10,2.23368914004533e-15,-2.8962960128639e-17,8.4998786987562e-11,0.000142253253936073,-3.67948004468627e-07,9.09022472547064e-09,-3.56172327730043e-16,2.95060009889181e-09,2.79136993347992e-11,-1.4608773120438e-16,-2.09922034040613e-16,7.74784329363334e-16,-1.82240165015391e-09,-3.98188702377288e-09,-8.73220069442475e-10,3.62302265978833e-09,1.98163317457772e-09,7.25709796857813e-09,-2.29992832409888e-08,-9.79630990627572e-16,-8.9120962138197e-09,3.70569911458377e-08,-4.37276224276534e-16,-4.73253056289099e-17,-2.60042581851705e-08,-2.15057370561211e-12,-1.43561182724314e-06,1.4583594540965e-08,1.50489281762475e-07,-1.08977335605619e-09,-1.78429570019043e-15,-3.72659141529963e-09,1.59014189445384e-16,-1.32944219093042e-08,1.10754033065554e-15,-2.00834101043402e-06,-3.2959037395807e-16,2.02091386826093e-08,3.64879623266015e-08,1.84058620519225e-09,2.46093824565086e-08,8.53736987893701e-08,-8.12215862597988e-07,6.5546403771028e-08,3.44407787984929e-09,1.67612663962597e-08,1.56821937690901e-09,2.02723195354297e-06,-7.33625381339596e-08,-1.85830903247882e-08,-1.53959491025541e-09,-2.97944057961733e-06,2.4083179797059e-16,3.57035983357971e-07,-6.3161048899413e-08,6.64988917167124e-09,2.24567460060895e-16,8.9551129505233e-10,2.48774221524226e-08,8.99026484019672e-08,2.4609388430378e-16,-1.52143015818691e-07,-1.1873467894034e-08,8.30019539683279e-17,-1.5841185964473e-08,1.94005980184478e-06,4.76100468456071e-16,1.0062531351798e-16,-9.66127852148841e-09,-7.48632504021222e-09,-4.30116865486089e-11,-6.02453463098685e-08,1.63287944707481e-08,3.33777165185877e-08,4.64604503507853e-09,5.82732766448276e-08,-1.00774881931462e-07,-3.09474668114262e-15,1.45112018248324e-09,1.44250977327056e-10,3.99797450112544e-10,3.76053941742991e-08,4.93779698473781e-16,6.91815831296746e-17,1.24547669585435e-08,-1.21490777286316e-16,2.52323966540659e-16,8.15658697230575e-08,-9.16784415097019e-08,-1.18681856690732e-07,-1.00302209338344e-09,3.048960677215e-06,6.69393756762859e-08,3.01439803146369e-09,2.69421443642306e-17,7.53764433073549e-09,3.5417892626243e-10,1.62837594268642e-09,-1.15142518822229e-07,4.61358104857442e-07,-5.20948251821325e-16,-7.89390740415084e-17,8.91021703881245e-17,-5.92694042485158e-09,-1.9934884174953e-08,-1.67200793050706e-08,-4.8827781979273e-16,-1.54211843718716e-08,-5.36499104744798e-16,4.48640994245344e-18,3.76257391904866e-07,-8.26497133289155e-09,-4.94702962733238e-15,-2.05053303783861e-08,-7.38672267225617e-08,1.59196657860613e-15,3.2141548352347e-08,-4.07547858068711e-17,8.69315723936247e-09,2.74453680279959e-16,8.68414676297798e-09,7.52471856857491e-08,1.8936454699141e-08,2.57047082606356e-09,1.7722784755034e-08,-0.000128949441135849,2.47112105954025e-08,-3.54977518790347e-16,1.48684618153352e-06,-6.4788045281419e-08,2.81942446055702e-16,-6.841463888512e-07,-2.5247467080798e-08,3.06924004162939e-07,4.36951604287023e-16,1.91408281805114e-08,1.76010903715227e-07,-5.36192051101328e-16,-6.35850289493649e-08,-1.40871617388856e-08,-5.11944928447758e-09,-4.89393186973314e-16,-3.59664099155265e-16,1.33697009672858e-08,4.11665657705924e-09,3.33437050548034e-10,-4.92892036208785e-08,2.50991666112281e-09,-1.86088065975465e-16,-2.26453497673461e-16,9.18660368586085e-09,6.33433108521892e-11,-8.46879752445668e-17,2.23037287167214e-08,1.79423123949782e-16,8.03159777564733e-08,-4.30952986386718e-09,-2.51899917635795e-09,-1.67256277686317e-08,3.5819014363697e-16,-4.7800871543716e-16,1.06534110468559e-16,8.30976082483701e-17,-9.44133247573206e-09,-2.45447127178254e-07,-8.68319917138149e-16,-1.75391204588622e-16,-2.59137277047556e-16,4.63247065684017e-08,3.12188205042477e-09,-2.30656980230682e-08,-1.06831979390061e-17,1.05258837405472e-15,3.35705887465825e-15,-1.45032085656295e-07,3.07926191597708e-08,2.1293219277916e-17,4.06269387967907e-08,-1.42337859337701e-07,5.89144801779171e-16,-2.32885498904429e-16,-1.42773766935015e-08,-1.46344315218555e-10,-7.09887172498845e-09,3.9111752459233e-16,8.03044518081528e-09,1.17290490792509e-08,1.26360534572759e-08,-1.15816938066969e-08,-4.13137670373801e-08,2.63983138845164e-08,5.90604296547217e-16,-1.0553541784267e-16,1.56839538319057e-16,5.37697461960936e-06,-6.13233002304715e-08,-3.36216002041267e-09,-2.67215140788839e-09,6.21786685763509e-16,-7.57499416720226e-16,-5.27706717551349e-16,-4.76455048234232e-17,-4.8879166886314e-16,8.91538941095383e-08,3.00934135774604e-17,1.09140329227993e-15,-2.0934823249423e-09,-6.16840626101703e-17,-1.87440844948539e-09,9.28505153087438e-16,-2.32464910597131e-09,2.28692198180423e-15,-2.83458105552839e-09,-3.55376557823142e-10,-1.68022998866336e-06,3.79677739758431e-16,1.1458985349662e-08,1.29267995378854e-16,1.63695792730638e-08,-2.00864022885681e-07,1.60686699503332e-10,3.13059219863741e-15,2.35217490322983e-08,-9.90653839764004e-17,-5.81196771239778e-09,-3.28135168573975e-08,6.67008976771626e-16,5.4598383569999e-16,-7.02791458215586e-16,-1.19515941565141e-15,-1.10641212221108e-10,-1.44246833901279e-09,-3.22546431031161e-10,4.2712277143438e-16,-1.07014208887013e-15,-2.40294952427265e-08,7.06571475145735e-06,-4.22471519711719e-16,1.67376381885233e-16,-1.48933105909934e-09,-1.29682007931932e-16,-1.05726165091468e-08,-9.74461571505034e-16,1.00306016329826e-07,-2.86622960938507e-16,8.42378355624529e-16,-1.54720556464385e-15,5.4226474409459e-16,-1.21615679134908e-15,5.59934777872567e-16,1.05749073293682e-06,-7.39648774440724e-06,3.81412610524379e-16,-9.05403266499924e-09,3.4492562138307e-08,-2.71312246449686e-16,1.63451785608186e-16,-2.05040796249189e-16,7.61953176560807e-17,3.42094417771392e-09,5.47834927868885e-10,-5.80761797339039e-17,-1.36870435669699e-15,-6.23040414639851e-09,-2.22294403692932e-08,-2.32797345626018e-09,-1.26630815882993e-16,-4.89798434632069e-15,6.53256300690625e-16,4.39236583406201e-17,4.04595576716742e-16,-6.05301821730698e-16,1.32795896522304e-08,-1.25722672501705e-08,-2.41976137489527e-09,-1.65467022191253e-16,1.57789355228718e-15,-4.88670732567225e-16,3.18548643378661e-16,-1.02895350779225e-15,1.83311104777356e-16,1.63106598054077e-15,-1.80386835466136e-16,-2.27133032571038e-15,6.90977988780584e-16,-1.02950053340484e-15,-1.63139042091447e-15,-5.93582805450682e-15,-3.92242014599667e-15,6.95362106410442e-08,-2.51419435332558e-15,-1.36954415304235e-15,-1.37479762324577e-15,1.32107620352593e-07,-2.30358394357115e-10,-2.44589680361648e-15,-2.67661553776657e-07,1.21099756023554e-07,2.73912940653654e-15,1.40361650195402e-15,-3.38942786303029e-08,-4.69758345703092e-15,3.00082240513468e-09,-7.47053065704155e-16,2.24577788988732e-15,1.0182006682094e-15,-4.54900977144335e-15,4.27358221469124e-10,-5.87075873931988e-08,-6.28842909557428e-15,1.59851274077565e-14,-5.3801216453525e-15,1.66451153837579e-10,-0.707106781186546,-8.95299806263504e-14,-8.50943686855129e-15,1.05509548421315e-14,3.70882018911377e-08,7.20767677698841e-15,2.21159710186201e-15,-7.45836114888356e-15,5.21181873819982e-15,-1.50802326490186e-15,2.76100980727734e-14,-1.4255453656392e-08,-2.5480595283412e-15,-2.27957744247866e-15,1.06360135446683e-08,3.66422614849673e-16,-1.17550022027844e-14,8.78042748955419e-16,1.46733009063709e-15,6.17461415092181e-08,-4.86083072991318e-16,-6.61061212830636e-09,-2.74559091955673e-15,7.92735682952177e-16,6.2453171149558e-15,6.39873935300707e-15,-1.50621062872156e-16,-4.52741806728448e-15,2.39577244624028e-10,-1.27328447677522e-16,-6.89824663094396e-16,7.3116118018339e-07,-2.99763597177491e-08,1.07861563638601e-15,2.1041466323769e-08,3.08366238573275e-09,1.00391207782392e-15,-4.8901391668464e-16,-1.67993655585788e-16,3.60250737617324e-16,5.31522372963748e-16,-5.22589010858718e-09,-3.14405457873521e-16,-2.12827622384665e-15,1.9772393221971e-15,2.09694656759425e-09,-1.41465981167939e-16,2.98913240984208e-16,-3.95135120458669e-16,-6.23671737033978e-16,-9.58248174271598e-10,1.41987793531618e-15,1.99165105583488e-09,8.81959048739369e-16,-1.09605815514453e-15,-1.77617194025213e-16,2.89464651815964e-16,-5.41870235563012e-16,-1.51379108241306e-15,1.58295699755477e-15,-4.49275106279663e-08,2.27712378704894e-16,3.28751006631879e-16,1.46123364346872e-08,-3.13929140321199e-15,1.13423316654038e-15,7.81251536352331e-16,-7.1290486063555e-16,-7.00389577284266e-16,2.60794621780865e-16,-1.54068584050211e-08,1.48085453093807e-16,4.53134306714055e-16,3.17081975145897e-08,9.43476646360344e-16,4.87213228174928e-16,6.84917693620915e-16,1.64830944127639e-16,1.79503280450025e-15,4.62176860963017e-16,8.63150816779655e-16,1.20567477176492e-15,2.7120870086318e-16,-7.79595353355578e-16,-9.64269630510418e-17,-1.67342220097071e-08,7.18595098919773e-08,2.14934885213964e-16,-4.74226717720088e-16,-4.36305637766125e-16,-3.4552258774e-16,-9.28198839668941e-16,8.21624051416684e-16,-4.16483276716502e-16,2.72130917939725e-16,-7.00107539952533e-10,-2.12196297875599e-17,-2.90257074277531e-16,4.78353851382212e-16,-4.3518119000858e-16,8.99373834311552e-10,1.00009775288836e-16,-7.6943244080613e-08,-3.2806222994951e-16,-3.32660206011272e-16,8.15136893694369e-16,2.85116604550374e-16,-6.00663428015154e-16,1.75007085338372e-16,-4.50489831605176e-16,4.60696093265523e-16,-3.6003532079273e-16,-2.44340883451973e-16,3.83321244323376e-16,1.0275110339097e-17,-3.98747473666986e-16,3.21271936242759e-17,-2.69716159520907e-16,2.27860730902745e-16,-4.36288601452531e-17,5.41878726443377e-17,-3.11813944041127e-16,-5.60140390007402e-16,-1.20329212233074e-15,-3.8183620673351e-16,7.32704904414494e-16,3.58633064457508e-16,-1.1327933755899e-16,6.90281784066804e-11,1.03958773144387e-15,2.18070845713715e-16,-1.70189933394944e-16,-1.3801066128426e-16,4.31206329395018e-16,-7.21822524209772e-17,-1.93166030829353e-16,-6.51305506906806e-16,1.46604800083549e-16,3.82364586877025e-16,1.73630625144326e-15,-2.92421458702752e-18,-6.6984228975928e-17,1.4527959746753e-16,8.44763057059884e-16,-5.63828379014879e-16,3.32510222801921e-16,-8.96518003358772e-10,-1.49432550481701e-17,-5.43105720049404e-16,3.66070344101662e-16,1.1384174056622e-16,-2.69423498634398e-16,-1.28321321337637e-16,-4.78472716244422e-17,7.49564014325243e-16,2.20297043981627e-16,1.9171722333731e-10,1.27203494517233e-15,3.73784499984382e-16,-2.27611220005631e-16,-2.57466796632713e-16,-6.28456891829171e-18,-1.93369019200413e-16,-1.89593806908158e-16,-4.74136834265204e-17,-1.95258562627803e-19,2.21927056422992e-16,1.7651145975069e-16,3.46587156935732e-16,1.59618270211115e-17,9.76142967557279e-10,5.92046754683048e-17,-1.10957299969945e-16,-2.23927366160758e-16,-5.25315590485691e-15,-2.95057334845554e-09,1.01503479664496e-16,3.22091805640371e-18,-2.89467600733899e-16,7.30267924834732e-17,2.19058264477895e-17,1.56699883445499e-16,1.74196506648047e-16,-3.31120404925276e-17,8.48502117783442e-17,-1.53109964030869e-16,1.462509236896e-16,4.55102215331376e-16,-1.66402015418478e-16,-8.0796133242724e-17,-1.12986365996099e-17,-4.05925013265169e-17,9.3502238502182e-17
"t228",-0.0412533388478119,0.0348580614751148,-0.056997380331833,0.0258708929758107,0.00714238799213551,-0.00343262197406005,0.0224754651631157,-0.0484702235808776,2.39123109120211e-05,-9.37159135424998e-05,1.27674108280757e-06,-0.00480426436291499,0.00944677808055924,-0.00148782485513854,0.000455746469358809,0.0857750170036661,-0.00216794611066917,0.00480275271684907,-0.000354381973527496,0.000177050371824694,-0.02083693459193,-0.224061142300699,-0.000534320032738948,0.00327822488557539,-0.000494240437022637,0.000280749663849054,-0.000372227579391744,0.000373293907106729,-0.00837010916873114,0.00327385082439291,-8.86056796555509e-06,1.43893910957547e-05,-0.00424214844256171,1.01064354178365e-05,-5.39074513430948e-06,-7.86335599106301e-06,-0.000307858552801328,2.1442955793543e-06,1.72735647845847e-05,4.65369008291662e-06,0.000234480950749588,-2.97205554642573e-05,0.000250409956854845,-2.93205005568255e-05,0.00639023591750328,-1.29251028715429e-05,1.70724627637106e-05,-0.000339528199745425,2.67130960152145e-05,-5.24721433200827e-05,0.000373737222621179,-3.74729487444454e-05,5.37464508593307e-08,-0.0132380010979166,4.15987603816693e-06,-4.45495052595798e-05,1.80142579612595e-06,-0.000120473254183419,4.08677353066565e-05,-0.00206376157740658,-4.93407655937916e-05,5.77659579297028e-06,-0.000188722913914292,0.000100453333163952,-7.18475205222364e-06,0.000168746749690656,-1.04983424543198e-06,3.71959975342664e-05,-0.00010188075291155,4.0140553753439e-05,-2.91440146126893e-05,-0.269119168819432,-3.21657677139178e-05,-0.00157795839431652,0.000743867779716648,2.83253652539623e-06,-0.073692791078341,-5.33450168956761e-05,1.82173553433494e-05,2.36268458048356e-06,5.25425323017196e-06,9.41087656170123e-05,-2.51149890548248e-05,-0.000188572561203119,2.96979943716002e-05,0.00817949567786336,-0.00681703717282024,-0.000147728947255211,-6.39414142718871e-05,0.102384759164499,0.000131057868693477,-0.072748532833959,-2.02818363440729e-05,0.000853138268609098,3.36893348494272e-07,0.000794510352333118,-1.84079656536077e-05,-0.000366962873412096,5.79556717501077e-05,1.26740614041913e-05,2.2705491562443e-06,-1.07995127867976e-06,2.98876900949623e-06,-3.66374630433281e-07,1.42728369872165e-07,-1.46233825223315e-06,5.77652435664339e-06,-1.44837017731726e-06,7.58960578733541e-07,-7.00736664539098e-06,-6.26681238234343e-07,-8.99621039663233e-07,1.82870583430844e-06,1.33744414468291e-06,-7.67043608114277e-09,5.08131604845129e-07,-8.97665018026789e-07,1.4217945460407e-06,-1.99715928904023e-06,6.24865953004565e-06,-3.49461833914523e-05,1.15524316949957e-05,-2.11886452418015e-05,-6.13950558379829e-05,0.00206969248928423,-0.00313591863720876,0.0979634167780706,7.31059164757832e-06,-3.10211912969854e-06,-0.000101177296473161,1.55235220302884e-06,-4.93385650250891e-06,5.31855548998309e-06,9.88282912219416e-07,-2.06904262842186e-06,-1.1399726327392e-06,2.95105624162107e-09,6.27222454451309e-07,2.13787728320875e-07,-6.4258951590156e-07,-5.14480134528141e-08,-2.1894793742387e-06,4.89884949257742e-07,4.92646793657649e-08,1.020563810469e-05,-8.31179001823644e-09,-5.30733713794795e-07,9.91772131634126e-08,6.78655509108131e-09,-2.51697719332346e-08,-0.000109329110132936,-7.53047551048829e-08,-1.31492318362223e-05,6.42585996423053e-07,-2.1623404853317e-07,-1.91062899902855e-08,2.8936455153469e-07,-1.97019642442795e-05,-9.40212625896549e-08,-3.12256801314221e-08,-1.53336905244121e-05,2.9892762686633e-07,-1.6682560369982e-07,-2.20194222616931e-05,2.6100247098032e-06,-9.44914530294438e-06,1.48697056517123e-06,2.54494017440167e-08,1.26575165271007e-06,1.69179359612755e-06,-2.00763121691455e-05,-4.73934443434753e-06,3.43837840668743e-05,1.45307584344652e-07,2.52123546182261e-06,5.66315299239522e-08,2.23912991174604e-07,-1.57933629613092e-06,-1.28900312125374e-06,-0.000211803922533547,1.04696747208791e-05,3.35840824247374e-05,-8.32656148137425e-07,-2.68698562388668e-08,-1.03701112478423e-07,-1.8962669809902e-07,-3.87955545549061e-06,1.10323132928296e-06,5.05590010748732e-06,-0.00028136129714314,-9.74721161316984e-08,1.94101626932292e-07,7.85203994086434e-07,1.0291083488184e-08,1.39561089426609e-07,-2.06520212881124e-07,-3.85263029435483e-07,-0.000181163040517875,2.31788710541661e-07,1.11648432911347e-07,1.12142440380626e-07,2.00365980347074e-05,-3.59871484380479e-09,-7.8445722100837e-06,-1.72415079752069e-06,-8.64430514810829e-05,2.44464407817809e-06,0.0107061281495575,3.40260886503114e-06,4.09224108691364e-09,-3.09213498797726e-06,8.50746195763463e-06,-3.3391828340042e-05,-5.97243441572613e-07,-3.17745580351014e-06,-4.62510841742452e-07,5.85139386774213e-06,6.52501262874406e-08,-1.26600021042879e-07,-6.49673174484616e-07,-3.57722157469846e-06,3.88525742883389e-05,1.13724892240114e-06,3.74415745125493e-06,-9.80491863289214e-07,-5.03890207032079e-07,-5.32280356145136e-06,-3.7733437581984e-07,-6.0081728492606e-07,-4.86543844796652e-07,1.35613647620942e-05,2.14711793210074e-06,1.67997706003274e-07,2.81722596380577e-07,-1.52964535407335e-08,-1.96582597231112e-06,-1.39858786702787e-06,-1.95913106906621e-16,-3.2012847334028e-07,0.00056265507276948,-3.77166910754034e-07,-9.51592226803964e-06,-1.23278844839709e-06,1.13892062605251e-05,-3.27118265763155e-07,0.000782187645997341,-2.88612730242925e-09,1.12063253966884e-09,-1.91577704317458e-06,2.95467304940372e-06,-9.42695285866119e-08,1.29789667976074e-05,-6.21049979347528e-07,2.30824830406497e-05,-6.84303554501775e-07,8.58119371785582e-07,-9.24444770864927e-07,0.000104215429480132,4.59810382742234e-07,-9.28990000126874e-08,2.1789408584306e-06,-4.3286778837537e-07,4.88424168812472e-05,-2.53701028331737e-05,2.71454972915877e-07,-9.3184140813807e-08,1.3859375058911e-07,9.86778409542748e-06,-2.27001493347083e-05,1.61978815085419e-07,6.69787855508389e-08,-1.63962307764212e-07,1.45639298238035e-05,-0.129579084035538,-2.88879943406328e-05,0.000216869767474662,-0.00060471837906884,3.83978247567249e-06,-5.05869654542577e-06,1.62224142913839e-06,-8.00800081493802e-07,-3.03064716540045e-16,1.47265809574209e-06,4.8708919265743e-08,4.05712036923903e-10,2.76228421652206e-06,-4.05234203568268e-08,2.30203260758081e-08,3.95091886319902e-06,-2.66602169117476e-07,2.69093167682783e-07,-6.9870238069998e-07,-2.20567518744473e-08,1.27113414163614e-08,-1.51635699589301e-07,1.73441706747096e-07,-3.18399790937297e-06,2.51557608366191e-08,-4.89767029871867e-06,-5.01463458884074e-10,-2.75540470458199e-09,3.96048937519503e-08,-7.76910865966747e-07,1.94790554464509e-08,-8.06339353372089e-08,1.17856863131818e-07,-4.37745292032456e-07,3.262497843193e-08,2.98035537649535e-08,2.31828443671177e-07,-3.95284832715163e-07,-3.3140495577378e-08,2.82543093660388e-07,-1.92545099201068e-07,4.84327311431523e-09,4.64221361994494e-08,-9.61689383072428e-08,1.30083533218184e-16,7.12768852357429e-10,4.40909662207259e-06,-0.0625869188848817,-7.81274938982753e-06,-3.36918881034473e-06,-1.82890610148706e-07,-1.46544585447659e-07,1.02087289859962e-06,-1.11515717016055e-07,-1.29148623952641e-15,-3.81998090255628e-08,-5.49519714000996e-10,-1.94910528749399e-09,6.62512484775943e-08,1.98975310243855e-08,-1.46009612553477e-09,-6.02306104268134e-08,1.6604239697906e-08,-5.73768952779182e-07,1.11748593339866e-07,-2.38045319227142e-08,-4.66470586465375e-08,-2.78943326409696e-09,-0.0810122598014834,1.33112944611682e-07,4.13077962904729e-08,-1.9672145439735e-08,4.56226328142258e-16,-3.53044864506057e-06,1.30598811726168e-06,9.13227932507127e-10,4.80214370093965e-08,-2.7810409371928e-08,5.1785412457611e-09,-1.0037500874203e-07,4.27616150529066e-07,4.72057911755258e-09,-1.88566612265603e-15,1.27393743024964e-08,3.97322895948501e-08,2.64864752776335e-08,-1.13644342896918e-15,-6.9944692428158e-08,-9.80222871122298e-07,1.55035238763898e-07,6.83649440827437e-08,2.56746641984415e-08,1.49742633823385e-08,5.71957713336627e-07,-1.92757862743669e-08,-2.09405246005539e-07,-6.94742445994565e-08,-6.12869151550927e-08,-4.67703787711414e-06,1.06445517822975e-14,3.09427425406268e-05,-1.90783522927609e-07,-1.47682124582864e-06,1.98938877928058e-07,5.06680253371863e-15,4.34775565341805e-07,-0.894381158679124,-5.47717409248818e-07,-3.42394554515459e-07,-6.49825013003266e-07,2.54912211953414e-05,-4.55658372475585e-06,4.13887566437352e-07,2.19796782390976e-15,1.25912423598678e-06,-6.11319902354671e-05,4.43473639984761e-06,1.4432994242394e-06,-1.46415032350522e-07,-9.76849292576019e-10,-1.22807050608362e-14,-5.55091503383904e-16,-9.27736833900447e-10,-0.0017806893561347,4.68984230153358e-06,-1.32993324985655e-07,7.19663636819893e-15,-6.2319952784277e-08,-7.25432781700468e-10,6.4726334508723e-16,3.07246163699999e-16,2.08173897106408e-15,1.47298501114337e-07,4.32219803293858e-07,-6.14489169753207e-07,3.58062250358167e-07,1.78222254564003e-07,3.61841356420519e-07,-1.09169829562452e-06,1.87613806577165e-15,-2.33240912354995e-07,8.4250625180144e-07,2.1314406549494e-15,3.31572061142418e-16,-3.9765411625823e-07,-3.06061066974704e-11,-1.87214036291731e-05,1.80319918848693e-07,1.69653703432573e-06,-1.21162099563911e-08,-1.2907498528708e-14,-4.06712896595614e-08,4.14497906701534e-16,-1.3790018288108e-07,-9.58704461378244e-15,-2.01111023597984e-05,8.6046993021761e-16,1.93979328591343e-07,3.4735528140851e-07,1.58455693139197e-08,2.07754286504752e-07,7.14984248051812e-07,-6.57660653870991e-06,5.16143104857001e-07,2.5533213918029e-08,1.24199029736942e-07,1.14199936448948e-08,1.43176916017332e-05,-4.98497929101026e-07,-1.22463309145839e-07,-9.91521612647774e-09,-1.897834032669e-05,-2.55471772762599e-16,2.20100840839121e-06,-3.77941301012898e-07,3.68645897282999e-08,-2.20205200398707e-16,4.8651151399504e-09,1.31283380199001e-07,4.68817442625124e-07,-7.88830534911015e-17,-7.88620294719366e-07,-6.01335832712316e-08,8.6107596360122e-17,-7.93477042115591e-08,9.13736217015574e-06,-1.20187099697559e-15,4.62630224978997e-16,-4.4508691343665e-08,-3.44222305744306e-08,-1.96005656508047e-10,-2.71725717416333e-07,7.20099543490606e-08,1.4691720560023e-07,2.03958481713531e-08,2.48735187561441e-07,-4.20921420418953e-07,4.10782519111308e-15,6.01320799491487e-09,5.96947191719293e-10,1.64669538419134e-09,1.54025995348013e-07,-3.9631100945215e-16,8.36134073918606e-17,5.06290336988082e-08,6.36802245926136e-16,-1.75414710105836e-16,3.1705702744776e-07,-3.5377625550646e-07,-4.57909699356449e-07,-3.81033073336214e-09,1.15587030436768e-05,2.53657687588212e-07,1.13903910629642e-08,6.04307841146745e-17,2.76680066985106e-08,1.29235313844726e-09,5.93015894138959e-09,-4.15325417800876e-07,1.63613883903519e-06,3.46714683552705e-16,-3.35889264766472e-16,2.74687903236346e-15,-2.05333733318083e-08,-6.83928108442528e-08,-5.73213856210172e-08,2.01554343686052e-16,-5.23842713739911e-08,1.37350015318493e-15,-8.07107681451454e-17,1.22998892835187e-06,-2.7005803888556e-08,8.02216006138369e-15,-6.64054434898659e-08,-2.37992958612711e-07,8.99553411887657e-15,1.02495102656017e-07,8.41818292881481e-18,2.73873944995186e-08,-1.17077235005877e-15,2.73296500530404e-08,2.3661195107667e-07,5.94892512252432e-08,8.06468607669446e-09,5.5442283528843e-08,-0.000399063342063509,7.53609913355121e-08,-4.46046613799037e-17,4.45507309119798e-06,-1.93768152768607e-07,-1.49785732371507e-16,-2.04114845661001e-06,-7.49933918285696e-08,9.08072031923762e-07,4.61304556116021e-17,5.58862884763081e-08,5.12584249060298e-07,1.28750794238192e-16,-1.84545165347551e-07,-4.08174950220932e-08,-1.47426697100479e-08,-1.00005868600293e-16,-7.45107094500765e-17,3.79571593803345e-08,1.16181799070203e-08,9.39903063641559e-10,-1.35511014294067e-07,6.8733972752551e-09,-2.50650175913035e-16,4.47994967807633e-16,2.50896915898215e-08,1.72938735910748e-10,-2.2926719813503e-16,6.06192287643101e-08,5.75889234891189e-17,2.17350091802054e-07,-1.15943040256572e-08,-6.77428488416765e-09,-4.49070145173162e-08,-4.43836583364048e-16,-5.79429667483553e-17,1.35535499414056e-16,8.22511932178609e-17,-2.49887692369508e-08,-6.48884814893436e-07,4.98766151929757e-16,2.54027739891035e-16,-2.44952798527419e-17,1.2196011295398e-07,8.20437377493224e-09,-6.03254405631761e-08,2.52704588989623e-16,-1.42302459201095e-15,1.35115493385402e-15,-3.73285135664392e-07,7.92114594419997e-08,6.96282062921611e-17,1.03874527692186e-07,-3.63042479615679e-07,2.45955063292308e-16,1.40561805842066e-16,-3.62086317014227e-08,-3.70973855508773e-10,-1.79356691605581e-08,-5.85895899845726e-16,2.01783481015683e-08,2.93837643610808e-08,3.15250770166752e-08,-2.87332058288056e-08,-1.0234319771083e-07,6.52127687475811e-08,-1.57145239875821e-16,-1.84919347064088e-16,4.02499229610163e-16,1.30783190738655e-05,-1.49120673051753e-07,-8.15996276522911e-09,-6.42286065483661e-09,-3.51562719553825e-16,-4.10891896863084e-17,-3.50927583761583e-17,9.13836226442206e-18,-3.86410439009311e-16,2.12178168206449e-07,1.49096237217715e-16,1.352247101021e-16,-4.96326594075752e-09,2.91392374618804e-17,-4.44297834274282e-09,5.49415502374967e-18,-5.5083153978731e-09,-1.90837831224947e-16,-6.67268732803071e-09,-8.35271853526434e-10,-3.93989463041238e-06,3.91767803906952e-16,2.67922314042028e-08,-2.24438548239618e-17,3.80347453357988e-08,-4.62974136227602e-07,3.70237152072632e-10,5.30784321731367e-16,5.40232303476001e-08,1.52623753877252e-16,-1.3281560193907e-08,-7.49673365393766e-08,-3.10342208270437e-16,-1.96097356498318e-17,1.98729981415563e-16,2.67441461406277e-16,-2.51738916469781e-10,-3.27848158428534e-09,-7.32177806512324e-10,9.61094274716573e-17,-2.46914929507799e-16,-5.42238173532181e-08,1.59399812588844e-05,2.4313067700055e-16,-9.91743763892541e-17,-3.33549622370422e-09,-2.68289906140867e-17,-2.36419552491324e-08,-3.16012058923919e-16,2.23308988070219e-07,-5.83034160483484e-18,5.15456873088312e-16,9.46028128347405e-17,-1.1436033531312e-16,1.35169989464026e-16,8.03634669737916e-16,2.33354415755174e-06,-1.63198172351953e-05,7.43511637191842e-18,-1.9916413786848e-08,7.5778367848984e-08,4.82735522699006e-18,-1.08353717198257e-17,5.00256518928806e-17,-5.08982656040334e-18,7.47511266422917e-09,1.19557540771253e-09,3.12526604066148e-16,2.0104500026936e-17,-1.35781610725875e-08,-4.84367343661259e-08,-5.06944474608399e-09,-3.6476674682075e-17,4.15622739985522e-16,-6.74211087408045e-17,-2.32626181215286e-16,1.93011116324868e-16,-1.07209090103696e-16,2.86368702202334e-08,-2.70871168700228e-08,-5.20874818697021e-09,8.33203601705537e-17,7.5288099403748e-17,-4.69997646289619e-17,-3.34131092387119e-17,1.20833191194298e-16,4.44730670681312e-16,3.45294494828148e-17,6.60741767729686e-17,2.84219157459604e-16,-3.26050281956939e-16,-2.81424596668531e-16,-3.8425882457763e-17,-1.30038876449477e-16,-2.5085232181924e-16,1.47486805286916e-07,1.68847159050148e-16,-2.08726038319315e-16,2.09037588353754e-16,2.79663090527948e-07,-4.87442366231758e-10,-2.61861744495372e-17,-5.66215962390326e-07,2.55576311450556e-07,8.47768894932994e-17,-3.57334695963545e-16,-7.13251796069639e-08,4.66032695919018e-17,6.29251571062195e-09,3.25326184594842e-16,-3.15525233479951e-17,-7.93696914211564e-17,1.43535666097021e-16,8.91236999712038e-10,-1.22385639882977e-07,1.99773696266528e-16,1.64584771341199e-16,3.45965818528785e-18,-1.66764549430638e-15,8.09371196444829e-16,-1.67259094041497e-17,3.96287239948529e-17,5.61464022706901e-18,7.58847510924532e-08,-2.16612288761273e-16,-6.74220098114495e-17,-1.86186112096946e-16,1.87217658843427e-16,9.15180155907962e-17,-8.75313034721092e-17,-2.90533279522672e-08,6.14535007402004e-18,-3.78377598518758e-17,2.16611557891151e-08,-8.31434423901669e-17,-1.11789053986733e-16,-6.96904444355475e-17,5.04355142494618e-17,1.24705928979613e-07,-2.32026766293676e-18,-1.33314257668377e-08,2.03633859699687e-16,-1.15597009340097e-16,-7.43654513840637e-17,1.00698345889234e-16,-2.04734082893836e-16,-1.69604220377883e-16,4.8170291517298e-10,-2.21823284307465e-16,-2.25768878695208e-16,1.46672848492412e-06,-6.01264332006326e-08,-8.63063699967308e-17,4.21221211851223e-08,6.16928009139212e-09,4.95879509999223e-17,-3.22499894419112e-16,1.18481282441722e-16,-1.93028877686679e-16,1.10413410069928e-16,-1.03616050189283e-08,3.14763408860689e-16,-1.81161383232447e-15,1.61125074254994e-16,4.14822330543126e-09,-1.21393505402857e-16,-1.40354489417257e-16,-2.88346054110004e-16,-5.12785484995829e-17,-1.88994099049147e-09,-7.68316052126149e-17,3.92449405883078e-09,-8.71070573921456e-17,-2.78093989302444e-16,-7.3167262239536e-17,-2.60911321016498e-17,4.9844333154624e-18,-1.89480918603433e-17,5.76769707431137e-17,-8.80996879519923e-08,4.45967643269965e-17,-1.05037400948825e-17,2.86195175736087e-08,-8.9544540443243e-17,-3.0317934457377e-16,2.03224141014106e-17,1.62723411117402e-16,2.61464155756247e-16,-1.75554512930306e-17,-3.00631446534994e-08,9.41552434580219e-17,-1.82384765975164e-16,6.17688599838433e-08,-2.53227896537092e-16,-5.49004306828224e-17,-3.02116075248775e-16,-2.70538534241784e-16,-4.88224664393033e-17,-6.6486041273734e-16,4.2081310950739e-17,-5.0324485790706e-17,-1.47522496492907e-17,3.61061027642865e-17,-1.45916374651849e-16,-3.24011718137925e-08,1.39035086833816e-07,-3.38684630454207e-16,-4.51948339946279e-17,-7.83900984168376e-17,-2.60665927882334e-17,-1.16077816669335e-15,-6.37384297788675e-17,-7.59148692017462e-17,-1.31857046904178e-16,-1.34948808173629e-09,-1.143209426305e-16,1.49536573824366e-17,6.7275317948336e-19,-6.74287136634345e-17,1.72808719948343e-09,1.37826219272722e-16,-1.4731717327045e-07,-4.61431625191097e-18,-1.06910239455449e-17,4.21818449280042e-17,-6.42309154436217e-17,9.59946933733292e-17,1.19745070881943e-16,9.2451471083062e-17,2.32897281848001e-16,-1.1208462943295e-16,2.49660253188603e-17,5.94801344958603e-17,-1.68763135478502e-16,-4.74220618076414e-17,1.1696529502486e-16,-1.4327711698649e-16,-7.74080065867691e-17,-3.53183337167117e-17,8.68545778279174e-17,9.2437312956878e-17,-7.40102943921612e-17,-6.75596811740187e-16,-2.28519269562046e-17,-2.91592718836686e-16,-7.18142049062465e-17,1.76571671171835e-16,1.30478630465944e-10,-2.44171225009835e-16,-7.81030231162053e-16,1.09765211941274e-16,-1.60934134148519e-16,-7.53849827131928e-17,3.87405433838624e-17,-1.96652912579772e-16,6.17840323120646e-17,-8.86348360329236e-18,4.06016843219141e-17,1.13217297850194e-15,7.67161972392631e-17,-1.7189092973132e-16,3.07907243585416e-18,1.92704932174411e-16,1.06810095724342e-17,-4.26210862124194e-17,-1.68038896751419e-09,-7.79398389858466e-17,1.22046724431531e-17,1.11993598023304e-16,9.82603433468068e-18,4.89874514406551e-17,-2.31460941028786e-17,8.77595478285493e-17,-9.63989691854337e-17,-1.43854056209997e-17,3.56303494119772e-10,7.24014385024238e-16,4.24312256731828e-17,-3.0147812484865e-16,-1.24881216862871e-16,8.01064514448026e-17,4.64903410623125e-16,2.42523150217654e-17,-3.85320078321836e-17,-9.64068686542698e-18,-6.62682337149091e-16,7.78980088756452e-17,7.22500205301087e-17,-1.35754995960194e-16,1.79906516243604e-09,1.34031418763606e-17,1.22891986555667e-16,-1.52807644236437e-16,-2.11416606123697e-17,-5.41726041839476e-09,8.43552248695509e-17,2.2021638542777e-18,1.34807316678492e-17,-1.12189333745958e-16,-4.9304043155443e-17,6.5971742898909e-17,-1.86569296797859e-17,-1.09713055108613e-17,6.52829097936516e-18,3.39605281494711e-17,-3.89905924827818e-17,-5.8300385582204e-17,-6.44773354481594e-17,-1.06107593184405e-16,1.81215763769508e-17,-3.73832641728561e-17,-1.42693679393727e-16
"t109",-0.0406268540599759,0.0337355630245094,-0.0551018667694702,0.0247130110782145,0.00674956151660774,-0.00321035879886277,0.0209909132774565,-0.0450074336801799,2.18852204512908e-05,-8.40197796490177e-05,1.10745975900061e-06,-0.00401065145178687,0.00783784428091809,-0.00123035136004529,0.000373216772924512,0.0692623027174034,-0.00173991753578839,0.00383609657023504,-0.000281281278851908,0.000137117882301446,-0.0157196346390782,-0.156402185973246,-0.000362874887916621,0.00221964080539783,-0.000333941057836788,0.000184810502471398,-0.000243333654712047,0.000242722306185175,-0.0053535065888474,0.00184637613242804,-4.69629525857464e-06,7.26275048810532e-06,-0.0019592297411756,4.35527379490314e-06,-2.13122469920591e-06,-2.63471908361172e-06,-9.9900109410106e-05,6.66873178130031e-07,5.27007657112827e-06,1.35892697930963e-06,6.23860432072861e-05,-7.22834846204586e-06,5.72561727852396e-05,-6.66850919735229e-06,0.00134154722773011,-1.84994027661205e-06,2.08213841806741e-06,-3.79845722215041e-05,2.22228923555268e-06,-2.69721551330714e-06,2.90293839332739e-06,4.90393376342477e-07,-8.68946270086694e-10,0.000565076660466235,-4.00233049009354e-07,4.65538878127768e-06,-4.7332100944676e-07,3.72568460847576e-05,-1.28691936668718e-05,0.000900437548196898,2.64198680897992e-05,-3.39218333121514e-06,0.000119014948793964,-6.44685794568114e-05,5.22572883774914e-06,-0.00013652970663561,1.06056750216438e-06,-4.14033947638555e-05,0.000118616724498285,-5.07245791222363e-05,6.54907621797953e-05,-0.0294581975593928,1.64665734473276e-05,0.00176454934033222,-0.000869637460826485,-3.74844258639253e-06,0.101533732853655,8.58334872394516e-05,-3.69447853576942e-05,-5.15599260922698e-06,-1.28325139032971e-05,-0.000235177510789559,7.35050306926089e-05,0.00057749805671014,-0.000109796753117574,-0.0318090622709054,0.0278995761492358,0.000609623776267746,0.000264434000318286,-0.425725525184531,-0.000555674224242501,0.371529789834863,0.000105395217818625,-0.00499388278190296,-2.45020335916797e-06,-0.00598159339347564,0.00013881301992962,0.00302981054185095,-0.000495469912460614,-0.00012444464279455,-2.52089543947393e-05,1.21284552478511e-05,-3.40054215370946e-05,9.37919029442955e-06,-4.01808289443035e-06,4.46370568366679e-05,-0.00020749956767187,5.47370099933968e-05,-3.16062646294835e-05,0.000345376327385766,3.28619615144535e-05,7.65342749597339e-05,-0.000168220333810394,0.000141140635244909,-5.42739609087111e-07,2.03741715383037e-05,-2.97917739814298e-05,3.09504265668113e-05,-3.1044709649559e-05,7.65882803326625e-05,-0.000374344434204056,7.44331922569441e-05,-8.87462747398496e-05,-0.000252121395734581,0.00786739603835219,-0.00529915472841955,0.148648425508842,-1.96806751058203e-06,1.84926254388909e-05,0.000610604708937371,-1.021830253174e-05,5.95185382222812e-05,-7.13984917269936e-05,-1.432396861653e-05,4.10778688461353e-05,2.36640137903156e-05,-1.3393881447951e-07,-8.6993418221668e-05,2.59265102883082e-05,-7.44907387554893e-05,-4.7290601161208e-06,-0.000182551121410869,3.56488158198869e-05,3.42214770615049e-06,0.000708501390026209,-4.4024200635632e-07,-1.97581760861802e-05,2.92038390336769e-06,1.90644145640531e-07,-6.44622233840735e-07,-0.00278113105440447,-1.85639974435412e-06,-0.000318464180900921,1.52624937414359e-05,-4.41012825361454e-06,-3.81680663907061e-07,5.69912329131617e-06,-0.000304828596447952,-1.39463555940045e-06,-4.60380154638802e-07,-0.000219033045305619,4.24391502519123e-06,-2.28504823786793e-06,-0.000300378080030809,3.45276475126071e-05,-0.000121729438390818,1.80067131390767e-05,3.07623725307152e-07,1.52928891508504e-05,2.03018462732383e-05,-0.000239111504992724,-5.63870863335133e-05,0.000403612283612112,1.69908045162361e-06,2.92509020692936e-05,6.55840592582404e-07,2.59074170234123e-06,-1.8006255503636e-05,-1.45331383804705e-05,-0.00238442721948983,0.000117708352311649,0.000376343603370445,-9.32138486924013e-06,-3.00547822125678e-07,-1.15915432828205e-06,-2.11679862239584e-06,-4.33026546542063e-05,1.23489403172936e-05,5.66049197374721e-05,-0.00315828332530982,-1.10689631859145e-06,2.23764626056171e-06,9.11064569834394e-06,1.20717381804737e-07,1.65226741905398e-06,-2.52842033120374e-06,-4.75753108861809e-06,-0.00228229238219536,2.95227263100365e-06,1.58938490782071e-06,1.60707005528668e-06,0.000307127520353684,-5.9877063243067e-08,-0.000176288810311422,-3.88198877450291e-05,-0.00202446933054704,6.5856865832382e-05,0.325113793532652,0.000166942150789028,2.89219725904057e-06,0.000178441592515965,-0.000356275895687215,0.00056525850223572,7.14230057977369e-06,3.76800587824724e-05,4.3312234919756e-06,-3.22471858107321e-05,-3.26783740141494e-07,3.83018794950617e-07,1.36679778075117e-06,6.58700217013505e-06,-3.79463437900014e-05,-9.22700416564207e-07,-2.41253175645367e-06,2.07513879187656e-07,6.86128345090137e-08,6.2915306295021e-07,-8.71886551038842e-08,-2.43542806614494e-07,-2.78413140564697e-07,8.67640422643162e-06,1.5136103050236e-06,1.27993025340073e-07,2.18985638178449e-07,-1.38711758461172e-08,-1.9199973439369e-06,-1.46027011492999e-06,-2.5185809191076e-16,-3.60907456658607e-07,0.000642718562289923,-4.64394549880286e-07,-1.22254869296652e-05,-1.62743008250657e-06,1.50566729101175e-05,-4.47686204668715e-07,0.00107492992003244,-3.97328588983297e-09,1.55387786250924e-09,-2.66638739974391e-06,4.13143319938585e-06,-1.31970446263438e-07,1.81757253621247e-05,-8.69990842458026e-07,3.15210890851113e-05,-9.16583485416345e-07,1.12613964680367e-06,-1.14320393070498e-06,0.000128222753388358,5.34437947018674e-07,-1.03945103796697e-07,2.28822305223224e-06,-4.44272811489665e-07,4.88644135417315e-05,-2.44283159112764e-05,2.45281046581889e-07,-8.35421533362319e-08,1.00244520798049e-07,7.09436022061252e-06,-1.62085595567873e-05,1.07036049797174e-07,4.28871019982459e-08,-9.38745834620364e-08,8.14838406184895e-06,-0.00637380804364875,5.54237041887905e-07,-1.63577784738092e-05,0.000128080149359648,-1.26231286945418e-06,3.14542541684056e-06,-1.1606209974388e-06,6.34655101703265e-07,9.03710637428686e-17,-1.58987982550665e-06,-5.4561842836172e-08,-5.10046225751928e-10,-4.45913197927773e-06,7.95835226046997e-08,-4.9401513370345e-08,-8.85147044862146e-06,1.0093223927844e-06,-1.05280999312499e-06,2.7580067811735e-06,1.01164588521041e-07,-9.05535649462457e-08,1.17096541658153e-06,-1.41829195068596e-06,3.17233967886903e-05,-6.9103610291936e-07,0.000302959700325343,3.32622254383757e-08,1.86765618359512e-07,1.63011115149287e-06,-1.3537979223067e-05,3.19336285446688e-07,-1.21987797815749e-06,1.63603971515852e-06,-5.93046564674453e-06,3.70684711247695e-07,3.34672935548589e-07,2.54880499046573e-06,-4.28469013250213e-06,-3.43323197943238e-07,2.7891406941203e-06,-1.81964261369502e-06,4.49152035981009e-08,4.16940554486751e-07,-8.05808422362554e-07,3.27235043881404e-16,2.37743649414427e-09,1.00142439346898e-05,-0.000592989659212933,5.89089883540674e-07,5.60880631348198e-07,1.71369204728157e-07,3.99915503844832e-07,-5.8559442396648e-06,2.17395960378565e-06,-3.15126444643654e-16,-1.65756781630036e-06,-2.01925237754133e-08,-5.63670368477322e-08,1.87472375004827e-06,4.22004844975044e-07,-2.84183900352098e-08,-1.08346026420824e-06,2.88212518552368e-07,-9.50175682474625e-06,1.79107274963293e-06,-3.62870236677377e-07,-6.55219768084981e-07,-3.46126941589913e-08,-2.17086289130812e-05,-6.50722813743878e-07,2.72438998958198e-06,-7.04500036232235e-07,-6.14865760329841e-16,-0.000107305159138932,4.2393035533328e-05,2.96656586434042e-08,2.11088535882002e-06,-1.30617711678239e-06,-2.69239566156782e-06,9.45222830992184e-06,-3.43059145773622e-05,-2.37546933256721e-07,-1.35998426474696e-15,-4.36204092605343e-07,-1.20608034358026e-06,-5.47935841695092e-07,2.83810762522993e-15,1.02920547110125e-06,1.34069636188345e-05,-2.04338599832533e-06,-8.36055619290953e-07,-2.78147308546705e-07,-1.48558401385711e-07,-5.30482969687828e-06,1.47350440004111e-07,1.56523784421319e-06,4.5660547186958e-07,3.22436549565764e-07,2.43298188258889e-05,6.02082614786285e-16,-0.000103745100365718,5.91022176355144e-07,3.82269758245467e-06,-3.83953203802816e-07,-1.65272502130157e-15,-3.69761419193668e-07,0.000293912544938546,-1.63388382018247e-07,-1.45109601561246e-07,-3.66632685242097e-07,2.03681367823505e-05,-5.10908975283958e-06,7.02603701410554e-07,-2.41201203320889e-15,2.56205041894778e-06,-0.000125831982583064,9.33347382491135e-06,3.11963088486435e-06,-3.17048266526307e-07,-2.12899423229898e-09,-0.707106781186542,1.13096780042366e-14,-2.06558057683199e-09,-0.001104839469466,1.74798145659178e-05,-3.397760640263e-07,-4.68391145656172e-14,-1.62204877962346e-07,-1.91487708191717e-09,2.12417128049571e-15,-1.52895830214812e-15,-5.02785270846395e-15,4.04827262572068e-07,1.19334373400254e-06,-1.72197224137895e-06,1.01499908250598e-06,5.05856835933718e-07,1.03855598263133e-06,-3.13723264119624e-06,8.02254795748068e-16,-6.83591220185428e-07,2.48456302580302e-06,-5.96528662938505e-15,3.18772735558518e-15,-1.19770754537438e-06,-9.25897266111816e-11,-5.69578382962944e-05,5.50561551191509e-07,5.21324181986983e-06,-3.72683106733631e-08,-3.63596341257733e-14,-1.25267169973537e-07,4.33962337416459e-16,-4.26302463474728e-07,-1.24945736542207e-14,-6.23331516237083e-05,9.15908254252395e-16,6.03138622763898e-07,1.08070354371796e-06,4.96821232606139e-08,6.52390251428398e-07,2.24660576113974e-06,-2.0719872383041e-05,1.62973314179242e-06,8.10113834055858e-08,3.9407284733438e-07,3.62853452380931e-08,4.56046413324105e-05,-1.59277406193281e-06,-3.92257677573585e-07,-3.18181273528772e-08,-6.09558947183151e-05,-9.77670832179665e-16,7.08800758010827e-06,-1.22001472839759e-06,1.19725568998626e-07,2.46089910934809e-16,1.58255587438841e-08,4.28013338719797e-07,1.52985612829557e-06,-2.87154806732098e-17,-2.57463621412819e-06,-1.96668424972054e-07,2.27390947270882e-16,-2.5972570531502e-07,3.00458886407778e-05,-1.93497932834544e-15,2.19178951182719e-18,-1.46588918865203e-07,-1.13384936021529e-07,-6.46043438541912e-10,-8.96271726826912e-07,2.37892772661528e-07,4.85420319536308e-07,6.74010309062358e-08,8.23542324223849e-07,-1.39562622433938e-06,-4.57966997657877e-16,1.99478864151353e-08,1.98044982541519e-09,5.46477662366537e-09,5.11337242261746e-07,4.25823322968086e-16,-9.3378485958133e-16,1.68158794554816e-07,9.96191293327274e-16,7.31100713953953e-16,1.05592870826961e-06,-1.17871722481308e-06,-1.5256839975818e-06,-1.27066247743137e-08,3.85501933240724e-05,8.4601118663316e-07,3.79957343493997e-08,-1.36830385299405e-17,9.2437553955958e-08,4.3190080206055e-09,1.98204019181496e-08,-1.38880844824202e-06,5.47554696038385e-06,-5.57547762681969e-16,-1.02535271029903e-16,8.76320642486185e-15,-6.87891146537223e-08,-2.29215709037838e-07,-1.92115919259215e-07,2.16558165507813e-16,-1.75631561773326e-07,-7.35258958523752e-16,2.46404552794166e-16,4.12863656656602e-06,-9.06497113479521e-08,-6.50362007676275e-16,-2.22930546997271e-07,-7.98990943628528e-07,2.66560208169866e-14,3.44053819453201e-07,3.75259140646194e-16,9.18510007295908e-08,-7.26288293210267e-17,9.1641595536584e-08,7.93284931089331e-07,1.99409662602596e-07,2.70243330696336e-08,1.85590674361167e-07,-0.000368434952307209,2.54827751985096e-07,-6.98738190438104e-17,1.50386767336647e-05,-6.54055032256833e-07,-1.85560101885454e-16,-6.88941428635132e-06,-2.53105008945122e-07,3.06466033035081e-06,-1.29409864157284e-16,1.88607457265451e-07,1.72990386807705e-06,-8.88569141059037e-17,-6.22823356841158e-07,-1.37756383219362e-07,-4.97571053757575e-08,1.7043830485961e-16,2.11811525360282e-17,1.28117698284318e-07,3.92164787234977e-08,3.17260638417872e-09,-4.5746144600191e-07,2.32035949235217e-08,-2.87335354847247e-16,-2.33436678274343e-16,8.46995651967409e-08,5.83819060743172e-10,-6.99560282610994e-16,2.04643779913479e-07,-1.29275488828666e-16,7.33750553527082e-07,-3.9140961250169e-08,-2.28691506901998e-08,-1.51600167649447e-07,-2.10070060344411e-15,-2.68303728076929e-16,8.43889623217168e-17,-5.77297660216585e-16,-8.43549514444375e-08,-2.19043768596426e-06,-3.32300127965312e-16,-2.35816524309829e-16,-2.17563769324901e-16,4.11690936044645e-07,2.76945423629417e-08,-2.03626773767248e-07,-1.12078056070636e-16,-9.99058104945848e-16,-6.66655537564376e-16,-1.25982459135331e-06,2.67334324912853e-07,-1.07404425455174e-16,3.50544740534223e-07,-1.22511754745738e-06,-9.55936734748187e-17,1.65260466041943e-16,-1.2217909571462e-07,-1.25176717555554e-09,-6.05169238214526e-08,6.01797915914428e-17,6.80776747656072e-08,9.9129543467755e-08,1.06345136136273e-07,-9.69161198289571e-08,-3.4518909727633e-07,2.19939978333241e-07,4.55952224595307e-16,2.47394873604583e-16,9.20779514967031e-17,4.40917322533624e-05,-5.02736414181645e-07,-2.75085461069511e-08,-2.16463892231253e-08,1.34144134426536e-16,-1.1244979927297e-16,8.91092965586295e-17,5.0051677073762e-17,1.79003387636822e-16,7.14856630607936e-07,2.51850484832579e-16,1.83566003477119e-16,-1.67197043043417e-08,1.46226163017356e-16,-1.49669090414709e-08,1.51746168082488e-16,-1.85554506188538e-08,2.92966309816627e-16,-2.24724286866515e-08,-2.81288375971585e-09,-1.32668950595201e-05,1.6204950189486e-17,9.0207873109172e-08,1.28652902302841e-16,1.28028066214572e-07,-1.55786744042505e-06,1.24579593572043e-09,-2.81799236755366e-16,1.81754168992071e-07,-2.4209009115531e-16,-4.46735581793641e-08,-2.52155495750233e-07,6.01966911949239e-16,1.39451791834563e-17,2.12384898180314e-16,-2.82309098063298e-17,-8.46564159040128e-10,-1.10245067729927e-08,-2.46192991869782e-09,9.55358941332341e-17,-1.52853935095709e-16,-1.82270755955164e-07,5.35807438521523e-05,-2.18981760083711e-17,6.17983569851648e-18,-1.12075520894875e-08,1.21862406996065e-16,-7.94321909661189e-08,-5.67588162801227e-16,7.50084534595703e-07,1.46315486737098e-16,1.45142932940839e-16,-8.64211377372207e-17,1.74969729639827e-16,1.74259157104678e-16,1.22401847745165e-15,7.83414957456921e-06,-5.47883326115387e-05,4.19435834768656e-17,-6.6850127345285e-08,2.54332516618403e-07,8.71047498813853e-17,-3.86581578801928e-17,-1.03841328562503e-16,2.73855183350675e-16,2.50797829020453e-08,4.01095218050781e-09,2.97587678540271e-16,1.34652399336536e-16,-4.55482425605535e-08,-1.6248015555992e-07,-1.70046724937638e-08,-5.50739134962528e-17,3.48617469381693e-16,-8.55035840609278e-17,1.58746753872949e-17,5.63829835904367e-17,1.7739427216776e-17,9.59935266603636e-08,-9.07927921377394e-08,-1.74579894163822e-08,6.52949955052317e-17,-9.65361802128455e-18,1.93286569199287e-17,-1.02228523121484e-16,-1.79178809615868e-16,-4.56714554059706e-17,1.98872009874245e-17,-3.83594812847241e-17,-1.48122846643008e-16,1.9673406997254e-16,-2.05777254779689e-17,-1.55905929454289e-16,-3.5394557589446e-16,6.60621987091634e-17,4.93779951602616e-07,1.96965738906551e-16,7.06286902688232e-17,-2.11202626794392e-16,9.36159391303539e-07,-1.63163129802231e-09,1.95545995808615e-17,-1.89527442582066e-06,8.55321051262131e-07,-1.96073189673778e-16,-7.96417318340181e-17,-2.38643238452172e-07,-5.46688667985271e-19,2.10476659669193e-08,-1.12027841290865e-16,9.90558190679004e-17,-9.8861377580439e-17,-2.48666106814823e-16,2.97968441814389e-09,-4.09160642699747e-07,-8.60235312045012e-17,-2.7701542133508e-16,4.88669746606807e-17,2.21519826851891e-15,-7.5198324476332e-16,1.60367162779952e-17,1.11484305029136e-16,-9.95182944520616e-17,2.53268085636799e-07,-7.7821368312173e-17,-1.42996375894604e-17,5.34822010902791e-16,-2.63850965075187e-16,3.32588700661286e-17,5.24719726220887e-16,-9.69298226982042e-08,8.41344918373571e-17,1.01589313032112e-16,7.22624486453303e-08,-1.18543977383268e-16,9.7836695083657e-17,-3.47120045783689e-16,1.00436479923003e-17,4.1567636192966e-07,-5.85044475204568e-17,-4.44302617266824e-08,-2.19164258984838e-16,-1.26590901072677e-16,-4.16949329107477e-16,-5.16450743250843e-15,-1.68254166287676e-16,4.63265476621056e-17,1.60489349163488e-09,-1.90517114299059e-16,-1.32487671861725e-16,4.88553236190555e-06,-2.00272955478841e-07,2.34979951194835e-17,1.40273723606101e-07,2.05433850967761e-08,7.91046378366698e-17,-2.42352806220934e-16,2.63987740471005e-16,-1.36253527037922e-16,-1.35604247745742e-16,-3.44695815825476e-08,-4.56532697478487e-17,1.82672815552425e-16,7.72890860464574e-17,1.37961839547607e-08,-8.27149996674812e-17,2.14035499471946e-16,1.82155968996203e-16,-4.32192333385184e-17,-6.28341608373693e-09,-8.05773158613138e-17,1.30462266458801e-08,8.07858304069147e-17,-1.77628195602523e-16,-1.3411335229276e-16,-1.50146236605648e-16,-2.8330782594121e-17,1.19637821487542e-16,-1.03490422098561e-16,-2.92703729937198e-07,-2.04126658158471e-16,-5.19797858951521e-17,9.50723772079808e-08,-1.19520820463899e-16,1.39291421241297e-16,1.22031671719493e-16,7.26228236918968e-17,2.02955557444166e-16,5.14486746956639e-17,-9.98230665720267e-08,-1.48918196256347e-16,-4.52490811947851e-16,2.05058543332393e-07,-1.88944265460687e-17,-6.41458625095971e-17,1.05495628078664e-16,-1.27632293353658e-17,-2.01201540381822e-16,3.24395418942274e-17,-6.97917027552689e-17,-1.85119903313298e-16,-1.38278420423336e-16,-7.31709412653979e-17,1.59537290493485e-17,-1.07483063189589e-07,4.61173001267919e-07,2.31083929210206e-17,-3.60447846601636e-17,3.41978926442197e-17,-1.91435922962507e-16,1.0020988381764e-15,-5.57761730721378e-17,-5.17045234554497e-17,2.76999883459914e-16,-4.47403452323559e-09,-3.47167399664615e-17,7.53698034396125e-17,-1.20980466837153e-16,-2.42724039930407e-17,5.72685957620071e-09,1.66708952039169e-16,-4.8797808240752e-07,1.79788513567356e-16,-2.21729406622758e-17,-5.00756015243159e-18,-3.71656581009321e-17,-5.21577869166971e-17,2.50228036481139e-17,-6.35405613480843e-17,-2.18731474199962e-16,1.16047371511123e-16,-4.73960594051639e-17,2.84794776594427e-17,-1.42605764690611e-17,2.28499915767443e-16,-1.39833981009387e-16,-9.59602579010415e-17,-1.91234228175406e-16,8.39280021797292e-17,1.04024491351005e-16,7.71364543591104e-17,4.49986397262111e-17,1.7385174328568e-16,2.28520194194538e-18,-2.27339448935375e-16,-3.20640623432836e-17,1.08986990186553e-16,4.31440272839432e-10,1.84390148621065e-17,-6.94522893166915e-16,9.34672859722723e-17,-2.03855434715315e-16,1.00320135544293e-16,1.37467824555844e-16,-1.53662925304612e-16,-5.08376524481275e-17,-1.03229149569097e-16,1.25648214577253e-16,-2.25237829387909e-15,-1.96936287322101e-17,4.99110728269729e-17,-6.7961309666699e-18,-2.62056682704389e-16,-4.93744991044008e-17,-6.56724347293452e-17,-5.54960470022331e-09,7.93857129197226e-17,-3.86553631269314e-17,-6.00511577824245e-17,7.66253086909093e-17,-1.8196671748806e-17,1.90940889824571e-17,-5.87081918262605e-17,-1.74612464370974e-17,6.02360112324619e-17,1.17521349180931e-09,4.0151404832538e-16,-1.17874438215426e-17,1.80837143685165e-16,8.27444834039502e-17,-2.35109217561414e-16,9.62355654795962e-17,1.13778908754965e-16,-3.84233614684711e-17,-1.35088880414106e-16,5.53411866572851e-17,-1.14890927344149e-16,9.63979919503957e-17,-1.13624512621545e-16,5.926221503018e-09,1.90991963211319e-17,-1.97762509146522e-16,-2.15540711812468e-17,-3.07031973151152e-16,-1.78337915194664e-08,-3.16984920285784e-17,8.36166608239821e-18,2.20513051939805e-17,-4.92865256752413e-17,-5.52453801098654e-17,1.16437561198832e-17,7.80299636013479e-17,-1.69404652862731e-17,1.17354606118784e-16,2.81888287890338e-18,-1.67275784934507e-17,-8.54098823683697e-18,-1.1079681139464e-16,3.3865681907212e-17,2.92756119041739e-17,-1.39466051509265e-17,-2.2240575646827e-16
"t569",-0.0406268540599758,0.0337355630245093,-0.0551018667694702,0.0247130110782144,0.00674956151660772,-0.00321035879886276,0.0209909132774564,-0.0450074336801799,2.18852204512782e-05,-8.4019779649008e-05,1.10745975900149e-06,-0.00401065145178687,0.0078378442809181,-0.00123035136004537,0.000373216772924567,0.0692623027174035,-0.0017399175357879,0.00383609657023522,-0.000281281278851575,0.000137117882301752,-0.0157196346390783,-0.156402185973246,-0.000362874887916691,0.00221964080539772,-0.000333941057836476,0.000184810502471454,-0.000243333654711943,0.00024272230618589,-0.00535350658884738,0.00184637613242808,-4.69629525863644e-06,7.26275048798584e-06,-0.00195922974117563,4.35527379491398e-06,-2.13122469941147e-06,-2.63471908334978e-06,-9.9900109410047e-05,6.66873178032605e-07,5.270076571035e-06,1.35892697939125e-06,6.23860432070376e-05,-7.22834846204521e-06,5.72561727852179e-05,-6.66850919731814e-06,0.00134154722773011,-1.84994027712147e-06,2.08213841805725e-06,-3.7984572221518e-05,2.22228923601293e-06,-2.69721551357386e-06,2.90293839337596e-06,4.90393376366112e-07,-8.68946389436601e-10,0.000565076660466124,-4.00233049401157e-07,4.65538878114324e-06,-4.73321009526924e-07,3.72568460846124e-05,-1.28691936667586e-05,0.000900437548196988,2.64198680897561e-05,-3.39218333133936e-06,0.000119014948794424,-6.44685794566984e-05,5.22572883773469e-06,-0.000136529706635762,1.06056750205053e-06,-4.14033947638361e-05,0.000118616724498072,-5.07245791221776e-05,6.54907621796477e-05,-0.0294581975593922,1.64665734475386e-05,0.00176454934033217,-0.000869637460826578,-3.74844258685801e-06,0.101533732853655,8.58334872396299e-05,-3.69447853575942e-05,-5.15599260914477e-06,-1.28325139032026e-05,-0.000235177510789372,7.35050306927691e-05,0.00057749805671017,-0.00010979675311756,-0.0318090622709048,0.0278995761492355,0.000609623776267898,0.000264434000319039,-0.425725525184527,-0.000555674224242896,0.37152978983486,0.000105395217818638,-0.00499388278190301,-2.45020335914147e-06,-0.00598159339347558,0.000138813019929673,0.00302981054185104,-0.000495469912460873,-0.000124444642794671,-2.5208954394781e-05,1.21284552478986e-05,-3.40054215370976e-05,9.37919029517988e-06,-4.01808289435586e-06,4.46370568366133e-05,-0.000207499567672018,5.47370099933194e-05,-3.1606264629583e-05,0.000345376327385887,3.28619615144867e-05,7.65342749599265e-05,-0.000168220333810493,0.000141140635245009,-5.42739609049398e-07,2.03741715379669e-05,-2.97917739814777e-05,3.09504265672191e-05,-3.10447096496556e-05,7.6588280332382e-05,-0.000374344434204171,7.44331922571138e-05,-8.87462747404045e-05,-0.000252121395734564,0.00786739603835233,-0.00529915472841933,0.148648425508838,-1.96806751073897e-06,1.84926254389081e-05,0.000610604708937806,-1.02183025316647e-05,5.95185382226865e-05,-7.13984917269293e-05,-1.43239686165532e-05,4.1077868846506e-05,2.36640137899737e-05,-1.33938814419903e-07,-8.69934182211923e-05,2.59265102882975e-05,-7.44907387553926e-05,-4.7290601162512e-06,-0.000182551121410731,3.56488158198385e-05,3.42214770605757e-06,0.000708501390026014,-4.4024200606708e-07,-1.97581760861393e-05,2.92038390340933e-06,1.90644145783322e-07,-6.44622233995777e-07,-0.00278113105440456,-1.85639974439646e-06,-0.000318464180900853,1.52624937413729e-05,-4.41012825353581e-06,-3.81680663329727e-07,5.69912329076026e-06,-0.000304828596447909,-1.39463555901854e-06,-4.6038015448099e-07,-0.000219033045305704,4.24391502501415e-06,-2.28504823788246e-06,-0.000300378080031315,3.4527647512389e-05,-0.000121729438391105,1.80067131391258e-05,3.07623725307269e-07,1.52928891508289e-05,2.03018462738602e-05,-0.000239111504992858,-5.63870863334437e-05,0.000403612283611654,1.69908045159208e-06,2.92509020688662e-05,6.55840592491292e-07,2.59074170242396e-06,-1.80062555034892e-05,-1.45331383805578e-05,-0.00238442721948922,0.00011770835231156,0.000376343603370737,-9.32138486941494e-06,-3.00547822117651e-07,-1.15915432708407e-06,-2.11679862236511e-06,-4.33026546542464e-05,1.23489403174583e-05,5.66049197375449e-05,-0.00315828332531064,-1.10689631873401e-06,2.23764626068964e-06,9.11064569828858e-06,1.20717382109201e-07,1.65226741980122e-06,-2.52842033273141e-06,-4.75753109006241e-06,-0.002282292382195,2.95227263086609e-06,1.58938490795779e-06,1.60707005570256e-06,0.000307127520353562,-5.98770631444242e-08,-0.000176288810311178,-3.88198877449344e-05,-0.0020244693305467,6.58568658324507e-05,0.325113793532645,0.000166942150789074,2.8921972590028e-06,0.000178441592515669,-0.000356275895687363,0.000565258502235766,7.14230058005343e-06,3.76800587826467e-05,4.33122349183984e-06,-3.22471858105293e-05,-3.26783739193862e-07,3.8301879501545e-07,1.36679778054663e-06,6.5870021697192e-06,-3.79463437898333e-05,-9.22700416214608e-07,-2.41253175666842e-06,2.07513879196011e-07,6.86128345215083e-08,6.29153062403792e-07,-8.71886554695009e-08,-2.43542806604765e-07,-2.7841314045396e-07,8.67640422652939e-06,1.51361030508526e-06,1.27993025112028e-07,2.18985638084343e-07,-1.38711758130528e-08,-1.91999734389063e-06,-1.46027011483729e-06,-9.84383852645425e-17,-3.60907456492555e-07,0.000642718562287758,-4.64394551450892e-07,-1.22254869293941e-05,-1.62743008248635e-06,1.50566729092539e-05,-4.476862039162e-07,0.00107492992003244,-3.97328587815631e-09,1.55387817017086e-09,-2.66638739954073e-06,4.131433198861e-06,-1.31970446456317e-07,1.81757253620709e-05,-8.69990842633435e-07,3.1521089084302e-05,-9.16583480850552e-07,1.12613964692833e-06,-1.14320393120215e-06,0.000128222753386717,5.34437947030274e-07,-1.03945103601662e-07,2.28822305266958e-06,-4.44272811199995e-07,4.88644135422478e-05,-2.442831591155e-05,2.45281046593136e-07,-8.35421532635681e-08,1.00244520600934e-07,7.09436022089512e-06,-1.62085595573469e-05,1.07036050107669e-07,4.288710243077e-08,-9.38745825396354e-08,8.14838405994079e-06,-0.00637380804365166,5.54237042628132e-07,-1.63577784741142e-05,0.000128080149360437,-1.26231286939141e-06,3.14542541700023e-06,-1.16062099827927e-06,6.34655101429818e-07,-2.44097985205923e-16,-1.58987982270583e-06,-5.45618434438844e-08,-5.10046797140502e-10,-4.45913197975561e-06,7.95835226797951e-08,-4.9401513340503e-08,-8.85147044736164e-06,1.00932239138802e-06,-1.05280999528088e-06,2.75800678162701e-06,1.01164588399658e-07,-9.05535653718562e-08,1.17096541714591e-06,-1.41829195047172e-06,3.17233967886405e-05,-6.91036102473434e-07,0.000302959700314073,3.32622235931842e-08,1.86765617983042e-07,1.6301111507416e-06,-1.35379792221647e-05,3.19336285557699e-07,-1.21987797826679e-06,1.63603971497259e-06,-5.93046564925185e-06,3.70684711926368e-07,3.34672936625156e-07,2.5488049917913e-06,-4.28469013102692e-06,-3.43323197967507e-07,2.78914069514008e-06,-1.81964261372555e-06,4.49152032499351e-08,4.16940554845832e-07,-8.05808422387611e-07,-2.38677386308548e-16,2.37743692871275e-09,1.00142439352792e-05,-0.000592989659200527,5.89089884932998e-07,5.60880631772813e-07,1.71369205136373e-07,3.99915504774112e-07,-5.85594424169573e-06,2.17395960396478e-06,1.03892320851091e-16,-1.65756781421507e-06,-2.01925229018822e-08,-5.63670367637002e-08,1.87472375185664e-06,4.22004843580254e-07,-2.84183911333323e-08,-1.08346026550168e-06,2.88212518053494e-07,-9.50175682502662e-06,1.79107274880243e-06,-3.62870237517645e-07,-6.55219761726727e-07,-3.46126933770409e-08,-2.17086289245483e-05,-6.5072281435849e-07,2.72438998947224e-06,-7.0450003579432e-07,5.32227530056977e-16,-0.000107305159135853,4.23930355370333e-05,2.96656593435849e-08,2.11088535688848e-06,-1.30617711833465e-06,-2.69239566139382e-06,9.4522283101499e-06,-3.43059145766133e-05,-2.37546936463524e-07,1.3595437144604e-15,-4.36204097018408e-07,-1.20608034474031e-06,-5.47935841814836e-07,-2.26700926491212e-15,1.02920547604297e-06,1.34069636187455e-05,-2.04338600101161e-06,-8.36055619178671e-07,-2.78147308352856e-07,-1.48558396362558e-07,-5.30482969359919e-06,1.47350442238563e-07,1.56523784895389e-06,4.56605468647934e-07,3.22436550077906e-07,2.43298188240362e-05,-5.58502184213718e-16,-0.000103745100360758,5.91022177358866e-07,3.82269760032005e-06,-3.83953204195907e-07,1.60888960887521e-15,-3.69761420030217e-07,0.000293912544919954,-1.63388380312428e-07,-1.45109588947915e-07,-3.66632686247056e-07,2.03681367818664e-05,-5.10908974799531e-06,7.02603750395088e-07,2.64703061092693e-15,2.56205046533783e-06,-0.000125831982882902,9.33347385674285e-06,3.11963103524065e-06,-3.17048252233473e-07,-2.12877458244356e-09,0.707106781186554,-1.14340551244936e-14,-2.06560517088718e-09,-0.0011048394695221,1.74798145405214e-05,-3.39776017868267e-07,4.92194509918618e-14,-1.62204866491279e-07,-1.91488166435606e-09,-2.18051288238538e-15,1.56230919978364e-15,5.04477719334254e-15,4.04827265843168e-07,1.19334373409871e-06,-1.72197224519958e-06,1.01499908253136e-06,5.05856834602586e-07,1.03855598346875e-06,-3.13723263017813e-06,-1.15176579883628e-15,-6.83591216765695e-07,2.48456302815045e-06,6.18935791993251e-15,-3.02071896754429e-15,-1.1977075464863e-06,-9.2594188909435e-11,-5.69578382904835e-05,5.50561553592826e-07,5.21324181971551e-06,-3.72683142051613e-08,-4.30506323134753e-14,-1.252671711099e-07,-2.24640799753358e-16,-4.2630246430286e-07,8.71703230272921e-15,-6.2333151616804e-05,-9.21151373370842e-16,6.03138622732744e-07,1.08070354421917e-06,4.96821238776208e-08,6.52390250714636e-07,2.2466057622023e-06,-2.0719872378173e-05,1.62973314396497e-06,8.10113837650129e-08,3.94072846411253e-07,3.62853494678992e-08,4.56046413309561e-05,-1.59277406362597e-06,-3.92257681425149e-07,-3.18181229017541e-08,-6.09558947209846e-05,1.02870457585213e-15,7.08800758037235e-06,-1.22001472735907e-06,1.19725570854505e-07,1.07809515337263e-15,1.58255593176217e-08,4.28013338784094e-07,1.52985612784734e-06,6.03524406059077e-17,-2.57463621319661e-06,-1.96668425374913e-07,-7.05021988656862e-17,-2.59725705664449e-07,3.00458886434459e-05,2.0383765280011e-15,-6.80022726958967e-17,-1.46588918893982e-07,-1.13384936744182e-07,-6.46043555966318e-10,-8.96271726255311e-07,2.37892772321281e-07,4.85420320025439e-07,6.74010295440757e-08,8.2354232501164e-07,-1.39562622700469e-06,-7.33788030338189e-15,1.99478878203167e-08,1.98045236199221e-09,5.46477594939443e-09,5.11337242008714e-07,-4.59055764553933e-16,9.49233020366384e-16,1.68158794266715e-07,-7.66397931312386e-16,-9.21912000085319e-16,1.05592870903272e-06,-1.17871722418091e-06,-1.5256839978657e-06,-1.27066251631541e-08,3.85501933229728e-05,8.46011187516422e-07,3.79957355525297e-08,9.75317366572683e-17,9.24375535383676e-08,4.31900781754839e-09,1.9820401681493e-08,-1.38880844704349e-06,5.47554696181987e-06,7.37784570125612e-16,2.01494480822513e-16,6.70639107020464e-15,-6.87891157012679e-08,-2.2921570852599e-07,-1.92115917894251e-07,-3.82149204231284e-16,-1.75631562814525e-07,6.35231300420391e-16,-2.22970813208045e-16,4.128636567063e-06,-9.06497116691344e-08,-1.58941902319539e-16,-2.22930545314831e-07,-7.98990944252818e-07,2.56522616218997e-14,3.44053818941789e-07,-2.90163966387216e-16,9.1851001260587e-08,1.36718786176977e-16,9.16415944314455e-08,7.93284931278699e-07,1.99409663018074e-07,2.70243338475744e-08,1.85590673532964e-07,-0.000368434952306695,2.54827752320842e-07,1.02955490418834e-16,1.50386767341239e-05,-6.54055033212168e-07,6.79894513869333e-17,-6.88941428544969e-06,-2.53105009037594e-07,3.06466033243128e-06,6.7256912402916e-17,1.8860745864769e-07,1.72990386740059e-06,1.56682327169892e-16,-6.22823357548983e-07,-1.37756381552963e-07,-4.97571045109288e-08,-1.4730581998914e-16,-7.3769186983171e-17,1.2811769792025e-07,3.92164789675719e-08,3.17260720753009e-09,-4.57461446382581e-07,2.32035954551252e-08,2.61777133440072e-16,2.5611186602444e-16,8.4699565313658e-08,5.83818163399609e-10,6.95580772426759e-16,2.04643779505457e-07,8.40986346990441e-17,7.33750553528804e-07,-3.91409613436506e-08,-2.28691504874861e-08,-1.51600167227143e-07,-1.5191344058513e-15,3.19435708743261e-16,-4.98501741744735e-17,5.42706378634322e-17,-8.43549508124661e-08,-2.19043768614343e-06,1.88487572657003e-16,1.46598783531526e-17,1.7625990690659e-16,4.11690935932065e-07,2.76945429885381e-08,-2.0362677457808e-07,9.86452875537255e-17,1.50138285022741e-15,6.1140147720832e-16,-1.25982458969872e-06,2.6733432467847e-07,3.78897710039418e-17,3.50544740010003e-07,-1.22511754748165e-06,9.40854567032262e-17,-1.31532668198369e-16,-1.22179095926324e-07,-1.25176797424403e-09,-6.05169241028073e-08,-1.15915386233359e-16,6.80776745757739e-08,9.91295424535064e-08,1.06345136272438e-07,-9.69161195638761e-08,-3.45189098608626e-07,2.19939977682994e-07,-4.83987543435392e-16,-8.09929414612399e-17,-3.80747411407331e-17,4.40917322552427e-05,-5.02736414907416e-07,-2.75085459033897e-08,-2.16463902049389e-08,9.52219807141773e-17,1.37468342159869e-16,-6.97256001848254e-18,-8.90062752417883e-18,-2.12352466698685e-16,7.14856629396451e-07,-2.96626785304957e-16,-1.6011528178535e-16,-1.67197044043934e-08,-1.51183512852174e-16,-1.49669082312809e-08,-1.21698631201603e-16,-1.85554504582125e-08,-3.09551000497918e-16,-2.24724285012795e-08,-2.81288364109607e-09,-1.32668950590426e-05,2.27114300928852e-16,9.02078728495465e-08,-9.90219680001268e-17,1.28028066052417e-07,-1.55786744126967e-06,1.24579599823012e-09,1.73802198430215e-16,1.8175416966599e-07,2.79800099335021e-16,-4.46735577900731e-08,-2.52155495849258e-07,-5.76380232530302e-16,-4.84321713370378e-17,-2.23916918952932e-16,-9.89361329998955e-18,-8.46563383282594e-10,-1.10245065196737e-08,-2.4619303743053e-09,-3.63590220785441e-17,1.86923671929047e-16,-1.82270756143071e-07,5.35807438541748e-05,-8.60151054376501e-18,3.25708147503905e-18,-1.12075514343762e-08,-1.13082857376758e-16,-7.94321905689348e-08,5.56473270027116e-16,7.5008453433957e-07,-1.22743785448458e-16,-1.75037252417946e-16,4.01962192843342e-17,-1.80890588703129e-16,1.17042377173725e-16,-1.05788667797126e-15,7.8341495731899e-06,-5.47883326193539e-05,-3.40359915253211e-18,-6.68501274305148e-08,2.54332517086177e-07,-6.65886296321168e-17,-2.35228389619723e-17,2.17464912725793e-16,-3.09697846810523e-16,2.50797854821145e-08,4.01095224269412e-09,-1.20945921323005e-16,-5.80355225042267e-17,-4.55482429227027e-08,-1.6248015622248e-07,-1.7004672091542e-08,7.14406994490873e-17,-2.90646180508163e-16,-4.14798225006061e-17,-9.04393767248435e-17,-2.61739984542713e-17,-2.78857789276574e-17,9.59935261901223e-08,-9.07927909555994e-08,-1.74579899449788e-08,-6.93751849772017e-17,7.66071749570581e-18,-6.16203761431289e-17,2.50666988994483e-17,1.8555454403587e-16,2.25656662927702e-16,-3.42304862989928e-17,-3.56944471542562e-17,1.66901037545093e-16,-2.10582462372164e-16,8.71246045991375e-18,1.32692484841562e-16,4.08196071084189e-17,-2.59391737073894e-17,4.93779950894354e-07,1.78186017120907e-16,-5.97320118772748e-17,1.6107946047345e-16,9.36159391936407e-07,-1.63163187276109e-09,-3.15397054745681e-17,-1.89527442563827e-06,8.553210520069e-07,1.28808677820903e-16,2.45526706550981e-16,-2.38643238408025e-07,-3.13284408396789e-17,2.10476662616606e-08,1.06262666056705e-16,-1.56813265121849e-16,1.38564484717231e-16,2.09272380062471e-16,2.97968430448927e-09,-4.09160642936423e-07,-7.15165991605308e-17,1.68909829136426e-16,-7.581601393556e-18,-3.85214510480257e-15,1.0998515748415e-15,-4.28525484022788e-17,-1.0948876851895e-16,1.66281391068448e-16,2.53268084919128e-07,4.812108519226e-17,-8.58822217780449e-17,-5.67643241528622e-16,1.48677021882927e-16,-1.53247560349529e-16,-1.61452441393427e-16,-9.69298226812073e-08,-1.18223909420003e-16,-1.17071953072305e-16,7.22624479407505e-08,1.4207490197228e-16,2.0435788808969e-17,3.50833737582184e-16,-1.44394996710278e-16,4.15676361558597e-07,8.17069266364118e-17,-4.44302619951004e-08,1.27578029658836e-16,1.14643901379503e-16,3.11852568062083e-16,-3.448205538039e-15,1.07096188064586e-16,-8.61980899011867e-17,1.60489327088327e-09,-1.08263958302961e-16,1.22333564530387e-16,4.88553236169293e-06,-2.00272955362227e-07,1.95358483436444e-17,1.40273724578672e-07,2.05433850000687e-08,-3.14684149805009e-17,1.76092606036816e-16,-2.43417105769509e-16,1.40351152698128e-16,1.0203418022935e-16,-3.44695817465109e-08,3.48580235310515e-16,-4.96403774492515e-16,-6.32778692144652e-17,1.37961840610025e-08,2.77166062902126e-16,-1.30205086155668e-16,-1.27958325622099e-16,1.22158446683539e-16,-6.28341614912458e-09,-6.74593094183715e-17,1.30462261174918e-08,-1.36170086362068e-16,2.50343027551846e-16,1.18172226920287e-16,1.42346308259272e-16,2.5606876653591e-17,-1.22914105078764e-16,4.49171873364006e-17,-2.92703729948193e-07,2.08153350496057e-16,1.31462147416525e-16,9.50723774961403e-08,-3.64626713615186e-17,-5.82447350263279e-18,-2.04673647388852e-16,-1.14956033558328e-16,2.40254300260411e-17,-2.06208549810166e-18,-9.98230666081639e-08,3.1120480348253e-17,2.01625490996524e-16,2.05058541672002e-07,-7.64377746000713e-17,7.08303657550197e-17,-1.06505333093152e-16,1.0056029358036e-16,5.66184566059288e-17,-3.04064610547694e-17,4.11331833346292e-17,8.68410504100018e-17,1.0096688574962e-16,5.11581989148821e-17,-1.37856852530671e-16,-1.07483063353727e-07,4.61173001581919e-07,4.58959657696323e-17,8.90883352555029e-17,-5.14543798511493e-17,5.32170191642603e-17,-9.59165854493034e-16,7.69428640956342e-17,-3.39388716765722e-17,-2.09359697706229e-16,-4.47403404741843e-09,6.68579177304958e-17,1.67207405682831e-17,7.71114484973719e-17,5.71246551581945e-17,5.72685968194676e-09,-1.4426707151961e-16,-4.87978080403529e-07,-2.70796317074095e-16,3.87559977311472e-17,2.68523493424711e-17,-6.38375217114306e-17,5.12104978417885e-17,-1.05151288489086e-16,9.46572934141715e-17,2.59260219208719e-16,-1.61318842359798e-16,3.84633482619019e-17,2.99358986757096e-17,-1.18869317120004e-17,-1.91536002290514e-16,1.18173831646305e-16,1.3016712441724e-16,2.22446703307605e-16,-1.42721220717996e-16,-2.3421164604182e-16,-1.17389642874587e-16,7.18764726093868e-17,-3.41637768535271e-17,-7.03414255138649e-17,9.29232921525906e-17,5.57565834856773e-17,6.47418219614234e-18,4.31440291517917e-10,-4.45103530966033e-17,2.75726240532889e-16,5.12868303360591e-18,4.9124533270572e-17,2.86472697919975e-17,-8.97334472976095e-17,2.03711761358536e-16,4.86811609529596e-17,1.53531705117754e-16,1.24444307746754e-17,2.15090453710026e-15,2.84016221671346e-17,-8.34185728982697e-17,4.37003223470451e-17,1.79842368806007e-16,9.88343640050332e-18,3.4882638591551e-17,-5.54960448556239e-09,7.89325086512917e-18,2.72963980948192e-18,1.62853054480352e-17,-1.37912183704898e-16,1.500633377432e-16,-1.16750924052096e-16,1.9985481670059e-17,2.84947063312799e-17,-5.29748986556333e-17,1.17521471619864e-09,7.68702506487341e-17,9.71167276467505e-17,-7.10532816380644e-17,-1.22295200173255e-16,2.35859616372467e-16,-1.03860045383295e-16,-1.41927357169621e-16,7.57926885559883e-17,1.50939542958336e-16,-2.37212943496914e-16,1.40497387175565e-16,-2.08825515503416e-17,1.10217162169238e-16,5.92622177412314e-09,2.85656966390569e-17,7.85916426449655e-17,-8.13973348360109e-17,-1.13577730769652e-15,-1.78337911471273e-08,7.41955367816763e-17,-6.66789600573601e-17,-1.60324174211412e-17,-2.47694673431146e-17,-2.14760042957271e-17,7.69726997683886e-17,1.92773882023813e-16,-4.82623564064586e-18,-6.37483839838362e-17,6.06563629937467e-17,1.20452404224528e-17,3.86839098819051e-17,8.27208812432585e-17,-1.3475697820129e-16,1.73982097902964e-17,8.41263596574619e-17,-8.09132194351461e-17
"t59",-0.0405532041436532,0.0336064474272862,-0.054884131337617,0.024581975254084,0.00670569756511672,-0.00318585742823112,0.0208275443954568,-0.0446290859374554,2.16676557824703e-05,-8.30051702345729e-05,1.09044668886829e-06,-0.0039345127272546,0.00768462776383673,-0.00120593007416778,0.00036548035789026,0.0677402989027663,-0.0017007537392653,0.00374815563448039,-0.000274680832458792,0.000133616465554064,-0.0152846913574601,-0.151153861673318,-0.000349994898874025,0.00214039256813083,-0.000321969936061723,0.000177859350670499,-0.000234069524630036,0.000233395762623593,-0.00514209290527302,0.00175973378536806,-4.46064734301645e-06,6.88097908759343e-06,-0.00184843539963861,4.09669190401306e-06,-1.99787052262351e-06,-2.45589859005192e-06,-9.30285764354075e-05,6.20228864407999e-07,4.89879918229539e-06,1.26167535968276e-06,5.77846787056803e-05,-6.68142214804215e-06,5.28549320353272e-05,-6.15523767596839e-06,0.00123636150864774,-1.69494014620918e-06,1.90420514154802e-06,-3.47085161640849e-05,2.02567405894591e-06,-2.45201661271076e-06,2.62950590714563e-06,4.43444297561235e-07,-7.8555798859346e-10,0.000509752043042136,-3.59507928463464e-07,4.17895364493258e-06,-4.19777023967893e-07,3.29297653562527e-05,-1.13698863684413e-05,0.000788741819824491,2.2988640660564e-05,-2.94170849024338e-06,0.000102925553791908,-5.57142306464254e-05,4.49251164238365e-06,-0.000116812495876776,8.97616948215455e-07,-3.48671957389604e-05,9.96575266311852e-05,-4.24355389708801e-05,5.35181023410702e-05,-0.023619773426538,1.31632185105366e-05,0.00140168650051923,-0.000690252633857794,-2.96699700636136e-06,0.0802777010096511,6.74922225025999e-05,-2.86822552821677e-05,-3.98180435164486e-06,-9.81946507364888e-06,-0.000179594788391438,5.529071169251e-05,0.00043237025890135,-8.05217094076594e-05,-0.0231920897905552,0.0202202387567949,0.000441393221301437,0.000191412339353389,-0.307966000698505,-0.000401039859726428,0.26216538520706,7.42126741849421e-05,-0.00346534186407873,-1.65596214339055e-06,-0.00402602802182108,9.34127556216943e-05,0.00201730846736106,-0.000328571785274757,-8.12568313678241e-05,-1.62472838787363e-05,7.80764940628156e-06,-2.18617995167716e-05,5.65589097113911e-06,-2.41052296964303e-06,2.66700103029474e-05,-0.000123074762818832,3.23994515472759e-05,-1.86395108333158e-05,0.000202542294400893,1.92360659711158e-05,4.43060421195526e-05,-9.72531013763198e-05,7.91520564905984e-05,-3.02329259869491e-07,1.11798200150112e-05,-1.6235227728007e-05,1.65425434994096e-05,-1.62750129048765e-05,3.95504350281595e-05,-0.000191629328097758,3.69288721429547e-05,-4.31063881831442e-05,-0.000122360649580708,0.00380634441271803,-0.00250601966938252,0.0701612224463027,-9.10140781582544e-07,8.03320825271991e-06,0.000265051856808239,-4.41172064935437e-06,2.45321177855376e-05,-2.91501462950373e-05,-5.80742389930753e-06,1.61714265132536e-05,9.27701711636795e-06,-4.90812902373213e-08,-3.00253798085809e-05,8.16726693359389e-06,-2.34009976211043e-05,-1.46058832787723e-06,-5.58863728280528e-05,1.0757231317168e-05,1.02689508310075e-06,0.000212586354012612,-1.26737635923567e-07,-5.19691698319529e-06,6.91790092285283e-07,4.38907046377622e-08,-1.38808113087631e-07,-0.000595538103551396,-3.86818034116324e-07,-6.5271570091318e-05,3.0686174542242e-06,-7.24690076398614e-07,-6.04159837171816e-08,8.77588441943028e-07,-1.51588994669776e-05,-3.10963876881911e-08,-8.29078036341512e-09,1.32902611639853e-06,-4.70549922642268e-08,9.86571778234197e-08,1.41643021209943e-05,-2.75410803799972e-06,1.3684046652125e-05,-3.85221654021602e-06,-6.69746624243836e-08,-3.34440619829533e-06,-4.74020121612279e-06,6.00392616751632e-05,1.43028984650705e-05,-0.000116860558104502,-5.11538206558285e-07,-9.54849586043862e-06,-2.18241268769277e-07,-8.70554854794763e-07,7.1689790148325e-06,6.77753312405083e-06,0.0011410522585817,-5.77119748891657e-05,-0.000197875973949466,5.0313583514124e-06,1.66390365834185e-07,6.57070486380221e-07,1.29634297881325e-06,2.70203095999589e-05,-9.00276399671785e-06,-4.14727023808097e-05,0.00243211914930218,9.73227762743999e-07,-2.18719928378648e-06,-9.23020143714863e-06,-1.28928821494693e-07,-1.83475666053243e-06,3.14713350624636e-06,6.06826223181856e-06,0.00306481402505413,-4.06745053103793e-06,-2.66305247986318e-06,-2.71747346355513e-06,-0.000563974812885584,1.1925781616534e-07,0.00042772985849728,9.42755871619721e-05,0.00500819829569329,-0.000172457387928716,-0.886012216407494,-0.000506695339116595,-1.00762130215287e-05,-0.000697892643909599,0.00144554736005262,-0.0027270750571258,-3.81761163365244e-05,-0.000201962188791512,-2.52443872286444e-05,0.000237040072969781,2.52149765754959e-06,-3.9442994236845e-06,-1.79081350379068e-05,-9.48749212517884e-05,0.000893278568647418,2.53543552948425e-05,8.08020551269091e-05,-1.92916812676178e-05,-9.74162683739735e-06,-0.000102467817999059,-6.64294502494808e-06,-1.00568493209534e-05,-7.72118403691556e-06,0.000210248430311404,3.25098239305437e-05,2.48904018311569e-06,4.14869438411933e-06,-2.13258293283589e-07,-2.6518013411865e-05,-1.82196166857013e-05,1.66609098395279e-16,-3.97214350379115e-06,0.00691491597001656,-4.34398071320191e-06,-0.00010437384860463,-1.29950288618697e-05,0.000119770960547154,-3.19760766404795e-06,0.00755277240494629,-2.77113123062451e-08,1.04726822810018e-08,-1.75782561246173e-05,2.62132842290027e-05,-8.23873471171236e-07,0.000112727413729963,-5.21240521013223e-06,0.00016668409135514,-4.66646818306519e-06,5.56637207280724e-06,-5.32882727290229e-06,0.000595353198639827,2.39197332217472e-06,-4.56308698707434e-07,9.78509668227698e-06,-1.88454364256636e-06,0.000205560775804633,-0.000101612954348011,1.0039366180763e-06,-3.41322363424476e-07,3.94201618221083e-07,2.78745710087525e-05,-6.36257490884033e-05,4.16092372636517e-07,1.66126255486072e-07,-3.59604048350714e-07,3.11504069782904e-05,-0.0229314679630721,1.98185276855158e-06,-5.82136890671638e-05,0.000450941838914571,-4.40731710450859e-06,1.07843216729748e-05,-3.95898612028953e-06,2.15624510506322e-06,1.73518298185428e-16,-5.32987218395863e-06,-1.82597024233365e-07,-1.69747932337951e-09,-1.46520735952372e-05,2.58747074600239e-07,-1.59831579424023e-07,-2.85690630718971e-05,3.16334855557956e-06,-3.29370035626084e-06,8.6241981357611e-06,3.13793837299234e-07,-2.74819044841221e-07,3.54090091102842e-06,-4.2781308479196e-06,9.49216540499899e-05,-2.00892289845565e-06,0.000870877985935167,9.55530811982716e-08,5.36422976492252e-07,4.56217951033758e-06,-3.68772283995121e-05,8.67040922125824e-07,-3.29664600973358e-06,4.39673415047629e-06,-1.59108403602904e-05,9.81040810763546e-07,8.84851545611444e-07,6.72663452644035e-06,-1.12939236702294e-05,-9.01337832486074e-07,7.29060312068404e-06,-4.73762307875287e-06,1.16741866220265e-07,1.08059436555191e-06,-2.07595946605928e-06,-5.03416211047257e-17,5.92448613099175e-09,2.48793684109407e-05,-0.00146666129861567,1.45682567612044e-06,1.38687284292036e-06,4.23283392232821e-07,9.8580643790588e-07,-1.44009628920262e-05,5.32102988771516e-06,3.85364346126581e-16,-4.01512003685375e-06,-4.88510579734144e-08,-1.3600532358077e-07,4.52201106431308e-06,1.01143119979987e-06,-6.78779291612152e-08,-2.5756401188533e-06,6.82970491123653e-07,-2.23659737263699e-05,4.191058092217e-06,-8.45990814079958e-07,-1.52446550041849e-06,-8.04308062770984e-08,-5.03342037838977e-05,-1.50841979094095e-06,6.3056008687551e-06,-1.62863244958276e-06,4.65138032199326e-17,-0.000245942586428121,9.69971363030866e-05,6.78751930870041e-08,4.80660809560428e-06,-2.97212407107959e-06,-6.07487440979753e-06,2.127772226849e-05,-7.71903284923955e-05,-5.3358378507175e-07,4.95491023592909e-17,-9.77930640968978e-07,-2.70200681010073e-06,-1.22433868684854e-06,3.35114012164544e-16,2.29332095323991e-06,2.9854611810831e-05,-4.54868506438948e-06,-1.85982042341607e-06,-6.18032933063543e-07,-3.29808453219834e-07,-1.17691850553187e-05,3.26269447383952e-07,3.46501635210621e-06,1.00946047836869e-06,7.11198964131514e-07,5.36580706861513e-05,-3.49333636296265e-17,-0.000227798769980138,1.29676532270147e-06,8.37366166356444e-06,-8.38996265132614e-07,9.48577878715131e-18,-8.03853791074832e-07,0.000635442569114674,-3.52399457522521e-07,-3.12629947125294e-07,-7.8885357926636e-07,4.37196613172801e-05,-1.09251110357959e-05,1.48919440542651e-06,-1.99446919531276e-16,5.39111785679155e-06,-0.000264616994118936,1.96030134375529e-05,6.54085564330683e-06,-6.64660400217519e-07,-4.46084986485747e-09,-2.08166817117217e-15,-1.76748205430203e-16,-4.31644509672907e-09,-0.00230343362371745,3.64325699627025e-05,-7.06750916971938e-07,1.78151836765244e-15,-3.35948194295289e-07,-3.95864755660203e-09,-8.86733152377413e-17,4.78084327112372e-17,-1.06999274284695e-16,8.32253276773322e-07,2.45161738578788e-06,-3.52938311063435e-06,2.07633576927876e-06,1.03457554136478e-06,2.1197708244118e-06,-6.40185676105562e-06,-4.49180054799406e-16,-1.38945118988228e-06,5.04325296659317e-06,4.81998873224598e-17,-3.15695184059798e-16,-2.41878037602979e-06,-1.86768107500889e-10,-0.00011471066714909,1.10766189905161e-06,1.04680027789562e-05,-7.48102213620827e-08,-7.8778839647288e-14,-2.51347776404365e-07,-1.35274268009469e-16,-8.54343544685631e-07,1.58022466639762e-15,-0.000124811102774867,-2.7958288090313e-17,1.20634888310051e-06,2.16105795386587e-06,9.90635235286652e-08,1.30005279960917e-06,4.47581678644879e-06,-4.12349938941265e-05,3.24037430186139e-06,1.60735725411437e-07,7.81870606728518e-07,7.19472010427504e-08,9.03217092135627e-05,-3.14977433617153e-06,-7.74734263233054e-07,-6.27817696877876e-08,-0.00012021777810317,3.06998621462052e-17,1.39587568128047e-05,-2.39933634895101e-06,2.34572042432863e-07,1.36728225014415e-15,3.09733611383337e-08,8.36379797813807e-07,2.98750932638822e-06,-3.00065397402841e-17,-5.02605773331332e-06,-3.83414594104228e-07,-6.97984871162681e-17,-5.06020342052576e-07,5.83167144309913e-05,-1.43019049185129e-17,1.5160976094276e-16,-2.84109083354204e-07,-2.19727205243699e-07,-1.25121314326256e-09,-1.73463247632231e-06,4.59700797891216e-07,9.3789515885686e-07,1.30203135688081e-07,1.58768732503725e-06,-2.68625866886141e-06,-1.05401798400351e-14,3.83719677606016e-08,3.80922400200297e-09,1.05072253964468e-08,9.82732587870185e-07,-1.68474382989782e-17,2.55608950692767e-17,3.22991988466678e-07,-1.56744849823356e-16,-8.15905283314059e-17,2.02084962768752e-06,-2.2544629517429e-06,-2.91804844559413e-06,-2.42707121363233e-08,7.3620964895674e-05,1.61560250660275e-06,7.2541518152447e-08,2.0895038156658e-17,1.76027838228047e-07,8.22018196978442e-09,3.77165855494741e-08,-2.64044989495601e-06,1.03936602705017e-05,-2.87619687362896e-17,-1.35815913444349e-17,1.43986452251953e-14,-1.30279192630816e-07,-4.33689081884821e-07,-3.63467456692481e-07,-3.80959795852562e-16,-3.31971705631875e-07,-4.56960519411011e-16,-1.00661807360733e-16,7.77247347870128e-06,-1.70646506596184e-07,1.91643576008538e-15,-4.19255813150251e-07,-1.5017824823571e-06,4.93800362077499e-14,6.45942803007012e-07,-7.18858343277098e-17,1.72209201429776e-07,-6.13909455403333e-17,1.71795517122577e-07,1.4869868901956e-06,3.73746855261083e-07,5.06432399436796e-08,3.47677743875947e-07,-0.000689344043367758,4.75954593993051e-07,-4.61007192344512e-17,2.80281753193617e-05,-1.21870996804843e-06,7.36657645453695e-17,-1.28332466381933e-05,-4.71210839558816e-07,5.70270994653699e-06,4.08088398243795e-17,3.50369150994864e-07,3.21251081209967e-06,2.87132112609292e-17,-1.15610132229064e-06,-2.55651502388863e-07,-9.22660478493894e-08,1.22213323079635e-17,3.68508608050294e-17,2.37122392565655e-07,7.25241821122494e-08,5.86622911753967e-09,-8.42922255963505e-07,4.27311341826519e-08,5.99043066725616e-17,1.49061809870198e-16,1.55920186189582e-07,1.07467646208844e-09,-2.623212796369e-18,3.76457266298121e-07,-4.17119238423169e-17,1.34894110757787e-06,-7.18957410616561e-08,-4.20044459292478e-08,-2.7838191775949e-07,-3.00315012416895e-15,-3.35588949571479e-17,-1.20198641868436e-16,-9.24494279924948e-17,-1.54568515617001e-07,-4.01296395741696e-06,-5.71494607963412e-17,-1.3088491886611e-17,1.24334275065292e-17,7.53756044872587e-07,5.06914671185799e-08,-3.72437172346048e-07,-3.37132332697803e-18,-1.458251921993e-17,-1.48969378499508e-16,-2.29846441840734e-06,4.87691329354561e-07,7.00504412881552e-17,6.38867244433543e-07,-2.23189888014853e-06,-2.02798092282843e-17,-1.60489181433292e-17,-2.22378317241441e-07,-2.2781747897415e-09,-1.10079102836055e-07,-7.63376349818193e-17,1.23720005491801e-07,1.80062040287868e-07,1.93034892876734e-07,-1.75753530137049e-07,-6.25828307302202e-07,3.9856268831707e-07,2.35200890286643e-17,-1.32444334055836e-17,1.68779745020959e-17,7.96860982415995e-05,-9.08548067454351e-07,-4.96966407101318e-08,-3.90389427632172e-08,1.1208144697723e-16,-8.67797303997127e-18,-2.87159150655432e-17,-4.60037809793793e-17,-5.78179693840427e-17,1.28692279965311e-06,-2.40723895194569e-17,-1.54147945555876e-16,-3.00786092645231e-08,-8.1243701697726e-17,-2.69243384318609e-08,2.53354716784173e-18,-3.33777543784806e-08,-2.19515889630116e-17,-4.03746080361886e-08,-5.05224870810902e-09,-2.38182983505288e-05,-1.08197959117894e-17,1.61864012046323e-07,1.02946699000196e-16,2.29453909134777e-07,-2.78773000967384e-06,2.22914356050708e-09,1.32982648054273e-16,3.25016119287596e-07,-1.19278716622322e-17,-7.98074524361069e-08,-4.5044356116922e-07,-2.5104362047541e-17,2.89604012950253e-17,1.34035267308814e-16,-1.27684087344258e-16,-1.51105205115027e-09,-1.96736908626432e-08,-4.39232440428792e-09,-3.49545882876805e-17,1.1479873217944e-17,-3.24802667320261e-07,9.54747270631943e-05,-7.29940558172324e-18,2.50676985973202e-17,-1.99411000029945e-08,6.47657398698073e-17,-1.41285717372593e-07,4.52325762693686e-16,1.33295895871541e-06,1.30883379337613e-16,-7.52477197692041e-17,1.14420898125109e-17,-4.58624768958947e-17,-1.40027117666997e-16,-8.14180478181225e-16,1.38962895651762e-05,-9.71817334379428e-05,-7.83076056857975e-17,-1.18500620581217e-07,4.50717140078625e-07,1.36706258160678e-18,5.22108241661766e-17,-9.45939978024495e-17,-6.93287945674081e-18,4.43941898106827e-08,7.09795777394484e-09,1.52953008035352e-16,-7.11180501766504e-17,-8.05801260325051e-08,-2.87435087172751e-07,-3.00781284392577e-08,-4.52683376035255e-17,1.06424293862368e-17,3.34627343577256e-17,1.23966690523921e-16,5.10002880995957e-17,8.49686165480629e-18,1.69434712813933e-07,-1.60223336267191e-07,-3.0802304854704e-08,-3.5235612348077e-17,2.06010596932283e-18,3.05185299279535e-17,1.49238424802889e-16,-5.91279737654598e-17,-1.24402594132293e-16,4.32119066690759e-18,-2.14898050147653e-17,7.02711900919243e-17,1.57935291220003e-16,2.05300745764507e-17,-4.65353659856222e-17,3.47009392805051e-17,-3.42431092476476e-17,8.68336752070141e-07,2.60833002155078e-16,-6.60967113561129e-17,-8.62925728274464e-17,1.64556452771209e-06,-2.86776437553042e-09,1.94872886904572e-17,-3.3309366165774e-06,1.502417915197e-06,-1.44879587504751e-17,5.07469194558066e-16,-4.18910532920883e-07,8.72844220791188e-17,3.69166410733492e-08,-1.00869633671013e-16,-2.88368776743896e-17,3.4987520525377e-18,1.02612433477931e-16,5.21953677615617e-09,-7.16667737059565e-07,-1.05230244279829e-16,-3.84456163825683e-17,-4.42604052355025e-17,3.84997433020112e-16,3.31765864780564e-16,4.32022872222973e-17,6.08326890169159e-17,-5.26673624279335e-17,4.41636094870604e-07,4.31138989025662e-18,1.01443602159405e-16,9.74129181978912e-17,1.00691533947887e-16,-2.08318762587789e-17,4.21205446761647e-16,-1.688593389024e-07,5.7888511249469e-17,-8.3653330790048e-17,1.25864629477755e-07,9.05485618039999e-17,1.57513770766447e-17,-2.33198679274901e-17,-5.55126012476921e-17,7.22516443607795e-07,-8.95866575823585e-18,-7.71987909076147e-08,4.17785035217077e-17,-5.06931250126493e-17,-1.20580904297477e-16,-7.89099959420253e-15,-5.09237873803229e-18,-1.30634286301402e-16,2.78644135334464e-09,-1.64064484302449e-16,-2.86173789942123e-17,8.47742910304598e-06,-3.47505667332304e-07,5.26658401427417e-17,2.43276091249938e-07,3.56227307359603e-08,2.87250227018574e-17,-5.50820243052936e-18,1.72267027818412e-17,-1.84592992478588e-17,-1.91432670089734e-17,-5.96331722100853e-08,-1.45804923925288e-17,4.35082039628041e-16,-2.05325221131219e-17,2.38535360311562e-08,-7.93348476699563e-18,1.69663384412018e-18,4.1982281942293e-17,1.09505369517337e-16,-1.0855464996885e-08,-1.09464788891404e-17,2.25336851129206e-08,-5.94264792017766e-17,-6.21592177915209e-17,2.35174645399285e-17,7.99496266316257e-18,-8.29143807112289e-17,-1.91158309173597e-17,-1.26362687728115e-17,-5.04915239366568e-07,5.80389994914859e-17,-6.66938396139673e-17,1.63948126748126e-07,-8.99964101016724e-17,-2.54937654541039e-16,-1.52659834358366e-17,-4.94787342103141e-17,-1.42509453579797e-16,-9.58014731694807e-17,-1.71968671368421e-07,1.37503173418989e-16,-4.44409455195192e-17,3.53103583631075e-07,-8.63291737924825e-17,5.30143335585963e-17,-3.47458578483833e-17,-1.57854521806179e-18,9.45748307109679e-17,3.30583383485044e-17,1.19592998364801e-17,-1.0804734868594e-16,6.99740024281219e-17,4.12354936119565e-17,-1.35322815627308e-17,-1.84777041960398e-07,7.92658030524466e-07,2.40508073249516e-17,5.06722491701217e-17,-1.64154679348216e-17,1.67936256239112e-16,1.58293517182884e-16,-1.85467638733274e-17,2.32046261905467e-17,-4.17551190592209e-18,-7.68197085427273e-09,-6.38307973236217e-17,-3.41444193183891e-17,-3.73960227051314e-17,-2.0965906504477e-17,9.82446580781848e-09,-2.2866264200297e-17,-8.3630264056407e-07,-3.69670646633018e-18,-1.78021881467011e-17,-7.99058811480635e-17,2.59136559017557e-17,4.41654201488123e-17,-3.89137729834812e-17,2.09751554496076e-17,-2.04579933695181e-17,-4.56060877558471e-17,1.52051873257731e-17,3.17395445947046e-17,-1.06253541789251e-17,9.89183534077704e-17,1.13238089613778e-16,-5.71954811155328e-17,-5.53202678782651e-19,5.90711242222253e-17,-6.16077232098861e-17,-2.20236461002259e-17,-4.67531460425064e-17,-4.77699477197113e-16,6.46490027303072e-17,3.24752672049901e-16,2.84109441888912e-17,1.40816743366183e-17,7.36727133322957e-10,5.58249243091413e-17,3.094035539691e-16,-2.43314141784708e-17,-8.08649685724904e-17,-5.82707630831317e-17,-2.91265609705535e-17,9.90483065953431e-18,5.51596075915405e-17,3.65221592043547e-18,-8.98712503298225e-17,-5.94359630956554e-16,-3.56948748383863e-18,-2.48252937786542e-17,4.27163495704561e-18,-2.87598047106108e-17,-2.31515287737381e-17,-3.48231636722823e-17,-9.45338129162196e-09,-7.55749605250529e-17,3.44846228100908e-17,2.31952233822991e-17,-1.89058052618995e-17,6.77364865954688e-17,4.00061250609436e-18,6.37108868064686e-18,-1.16924131730618e-16,1.91039410205375e-17,1.99688307062256e-09,3.3243555074081e-16,-3.94268023464948e-17,-4.11344313058975e-17,3.12775237597295e-18,-1.06729022638203e-16,-5.66328704744402e-18,1.59956134181505e-17,-3.82581822734976e-17,-1.33057069155726e-17,9.45036389263566e-17,-4.33809809834153e-17,-2.95785644937384e-18,1.83852942102766e-17,1.00444066891331e-08,1.77594187143826e-17,-2.7152338218181e-17,-6.97483082694774e-17,-2.87530416143156e-16,-3.01914772432583e-08,6.04141229279655e-17,6.66863968995345e-18,9.20230026360232e-17,7.87940003245099e-17,4.73392082146026e-17,-4.14323626761452e-17,1.71622696126727e-16,-7.33258157302004e-17,-1.75441753575282e-17,-1.99232710042897e-17,5.42656205377266e-17,9.82683245032946e-17,2.34033168869411e-17,5.32702783196796e-18,2.55256273803626e-17,4.70977487945094e-17,-2.96448472904033e-16
"t621",-0.0414939689842732,0.0356796957458791,-0.0584331812309478,0.0271165506914518,0.00770788056667804,-0.00385245373658832,0.0253836313576135,-0.0563690432850672,3.07918261445609e-05,-0.000158736476855547,-6.78357040016301e-05,0.0022336396627725,-0.00327245475003683,0.000440571335283902,-8.38179428011704e-05,-0.0070205404447152,0.000110422214119479,-0.000147499436092149,3.00347878107003e-06,8.2211420076167e-06,-0.00150026991158843,-0.0152887403829342,-2.91258075192334e-05,0.000173080865788985,-2.54956335300127e-05,9.93216471451962e-06,-1.14487163858402e-05,1.01182713820227e-05,-0.000130383595046138,-0.000265394863854766,1.1525544653383e-06,-2.4194470505368e-06,0.000997617887936069,-2.88204746887004e-06,1.85624046447247e-06,3.52541127345e-06,0.000143788962812226,-1.05335133189676e-06,-8.66943177925343e-06,-2.44644873376187e-06,-0.00013454005834258,1.83425386819733e-05,-0.00016161673791231,1.89934564808397e-05,-0.00436125732121324,1.06628046701229e-05,-1.49408667852757e-05,0.00030569920456431,-2.61445545017763e-05,5.69103098829043e-05,-0.000493026469792059,5.84732004251968e-05,-8.69056096418299e-08,0.0493587012488727,-2.77756168432494e-06,3.36613848802324e-05,-2.43317048379472e-06,0.000175740237120119,-6.01372817463228e-05,0.003586751785687,9.63622918230711e-05,-1.19361921185488e-05,0.00040806139342307,-0.00021969249375893,1.70984427029559e-05,-0.000433469060423173,3.20939668794184e-06,-0.000123536017061632,0.000352140135469044,-0.00014957986463407,0.000196845332868347,-0.0395978947438807,6.39966974046074e-05,0.00706521477366703,-0.00352351310599255,-1.59449797086887e-05,0.441856482776955,0.000432295864446464,-0.000430938249316515,-0.0003766919164223,7.17908660669331e-05,0.000982760281089838,-5.47350972269162e-05,-0.00022375803241924,-4.19845558239442e-05,-0.0156673601896531,0.0162373286448093,0.000362592716841697,0.000158144776685693,-0.258048521921953,-0.000352132267063962,-0.468049901617878,9.68970774422456e-05,-0.00460220756684097,-2.43555677257467e-06,-0.00599570438494011,0.000139192489186431,0.00309425983925566,-0.000509000542805113,-0.000130237524499308,-2.66876193462966e-05,1.2851280733416e-05,-3.60672492723244e-05,1.01757463914016e-05,-4.36072785545118e-06,4.84499487975715e-05,-0.000225220733498224,5.94080725704331e-05,-3.42975677584549e-05,0.000374631877534959,3.56394057760415e-05,8.28835889041836e-05,-0.000182135994572031,0.000151649448213267,-5.81739378335956e-07,2.16969819051698e-05,-3.16147007311531e-05,3.24500466087045e-05,-3.20295191073573e-05,7.77367280033827e-05,-0.00037562438790787,7.07991994395502e-05,-0.000101047603015805,-0.000307679233981225,0.039014645000161,-0.0007437890137846,0.00609226376587785,-1.36605992713403e-05,2.59579928896557e-05,0.000855254639834456,-1.41050744377761e-05,7.62260515088717e-05,-9.05941412749395e-05,-1.80644409208605e-05,5.0738402072375e-05,2.91572474237649e-05,-1.60198498118841e-07,-0.000102264204136929,2.99591038704498e-05,-8.60532328578967e-05,-5.45961293324274e-06,-0.000211028499282085,4.20762331814798e-05,1.03362313606112e-05,0.00467198618447241,-4.97023169545918e-07,-2.21056822204516e-05,3.23070293919345e-06,2.10303033225771e-07,-7.06639410406621e-07,-0.00304716847616123,-2.02909652643834e-06,-0.000347597645592173,1.66318769645595e-05,-4.73463423876071e-06,-4.08777747173376e-07,6.09326607982443e-06,-0.000312901152624721,-1.41647887622093e-06,-4.66817158671692e-07,-0.000220040067947872,4.25516532309034e-06,-2.26284011015083e-06,-0.000297000370853694,3.3709812266447e-05,-0.000117342347567005,1.66780818777376e-05,2.84501564428025e-07,1.41380004858871e-05,1.86602571796503e-05,-0.00021829767851056,-5.14296403964033e-05,0.00175072103483663,1.511859426138e-06,2.58274068642328e-05,5.77664860312422e-07,2.27900167093409e-06,-1.5439378342294e-05,-1.21024584190718e-05,-0.00197510652534878,9.70015218676632e-05,0.000305310605299175,-7.51496376904113e-06,-2.40800580054843e-07,-9.23190101817024e-07,-1.6511611468572e-06,-3.3596907204796e-05,9.11585142037535e-06,4.17114663358754e-05,-0.00228508957952103,-7.5787421869457e-07,1.45449703022897e-06,5.808165003478e-06,7.46548975794962e-08,9.97744873307794e-07,-1.41897447452818e-06,-2.63741389171291e-06,-0.0052867415068756,1.41279475186252e-06,6.29563760910752e-07,6.27956602369336e-07,0.000104394038863994,-1.70766207027049e-08,-2.32151016701411e-05,-5.08141099509468e-06,-0.000232574234037596,4.19244005818988e-06,0.00844181079097004,-1.39692780593587e-05,-7.01319232169785e-07,-7.02473053535186e-05,0.000158713858341775,-0.000405369334991735,-6.43940497836929e-06,-3.41701270898232e-05,-4.64701650966247e-06,5.20074148759534e-05,5.69397027194314e-07,-1.01853184671362e-06,-4.99704796077959e-06,-2.71302945908866e-05,0.00027970962152767,8.09557480326929e-06,2.6336443740269e-05,-6.66475375523779e-06,-3.40272394591466e-06,-3.58872101117553e-05,-2.45971396761033e-06,-3.84179208580231e-06,-3.04797212326011e-06,8.41950431332382e-05,1.32093264181091e-05,1.02494571148766e-06,1.71477231386355e-06,-9.11887780398834e-08,-1.1577017387647e-05,-8.13494010236105e-06,-2.25829949034912e-16,-1.8328666486689e-06,0.00321248085765536,-2.12416246003011e-06,-5.36944850402931e-05,-7.11281759872754e-06,6.5876056947113e-05,-2.98884307474146e-06,0.0158670605756019,2.51433299325587e-07,2.1219179927277e-09,-5.57592865300225e-06,1.032844586072e-05,-3.3931626888155e-07,4.71060006031047e-05,-2.30674376337851e-06,0.000375329058738844,-2.34703240082875e-06,2.84323395599955e-06,-2.79835926274191e-06,0.000313182842121268,1.2780187806243e-06,-2.45677376420365e-07,5.31936702433687e-06,-1.02731111389619e-06,0.000112361349686225,-5.57346623706463e-05,5.53069105657322e-07,-1.88116667497695e-07,2.18429623423166e-07,1.54454443051785e-05,-3.52549651153188e-05,2.30385123644008e-07,9.19257938618058e-08,-1.98287333835343e-07,1.71596945556638e-05,-0.00163658061796576,3.98758852594207e-06,-5.66604839505873e-05,0.000337266671972282,-3.10874566031493e-06,7.24967936141309e-06,-2.64498417042844e-06,1.43524821407158e-06,1.55822445261256e-16,-3.5207857248119e-06,-1.20548254217342e-07,-1.11902691702709e-09,-9.64590434217187e-06,1.70401994301019e-07,-1.05312216860173e-07,-1.88298189513284e-05,2.09811829255311e-06,-2.1856705517542e-06,5.72372396590667e-06,2.08754987104312e-07,-1.84152002229321e-07,2.37576702174019e-06,-2.87299841001442e-06,6.39356923199157e-05,-1.36861584663856e-06,0.000596085842726604,6.54204754880572e-08,3.67291888132449e-07,3.15888513213366e-06,-2.58459831581e-05,6.0858333181244e-07,-2.31892475154037e-06,3.10070434037739e-06,-1.12295413825627e-05,6.96810286765822e-07,6.28782685470218e-07,4.7840736602828e-06,-8.03704572634989e-06,-6.42625618704394e-07,5.20865689605257e-06,-3.39105584735587e-06,8.36280052419369e-08,7.75134741112779e-07,-1.49336668135183e-06,-4.41326243844103e-17,4.32550369645982e-09,1.81707540205271e-05,-0.000136066423894974,1.1878386343115e-06,1.06967589678504e-06,3.13922920900312e-07,7.27635716256768e-07,-1.06251950373949e-05,3.93116582899988e-06,-7.28153338316182e-17,-2.97999597771729e-06,-3.62784457925642e-08,-1.01130501590345e-07,3.36297437479199e-06,7.54535849024181e-07,-5.07231705787384e-08,-1.92922963261683e-06,5.12378573529887e-07,-1.68358404148845e-05,3.16424220100535e-06,-6.39912087913575e-07,-1.15430484862953e-06,-6.09397683111656e-08,-4.91737524937097e-06,-1.14437838307724e-06,4.7873228695471e-06,-1.23723138740545e-06,2.96609119418955e-16,-0.000187659496402836,7.40765485596553e-05,5.18366193281153e-08,3.67991986860076e-06,-2.27628378656346e-06,-4.67306021655089e-06,1.63876439164266e-05,-5.94644862221424e-05,-4.11421510366009e-07,7.95014740031508e-18,-7.54802927745934e-07,-2.08629356337481e-06,-9.46669366830357e-07,2.75538154397205e-16,1.77589184612724e-06,2.31269141721766e-05,-3.52429580863719e-06,-1.441529541762e-06,-4.79340291472559e-07,-2.5592102902406e-07,-9.13603725608872e-06,2.53568931088178e-07,2.69331410381564e-06,7.85313955101088e-07,5.54241530387207e-07,4.18203717981581e-05,-1.49708032381252e-17,-0.000717936568941763,1.00143757042349e-06,6.51704616760647e-06,-6.54815192934433e-07,-2.60195485653128e-16,-6.29421103512051e-07,6.57284640348094e-05,-2.77493955365831e-07,-2.46251052707223e-07,-6.21681631412226e-07,3.44921067767725e-05,-8.63483402205542e-06,1.18184772404222e-06,-3.15865097578189e-16,4.28951327115417e-06,-0.000210570866569047,1.56013666835773e-05,5.20460259960606e-06,-5.28851583384492e-07,-3.54862313867104e-09,3.81639164714898e-16,-9.10691672609413e-17,-3.41711132205592e-09,-0.000246137036031822,0.000131389799538797,-5.74300901716213e-07,1.81972902071301e-15,-2.71507052482954e-07,-3.1995973960379e-09,1.57472677291279e-16,1.7009869774489e-16,-1.04579168230627e-17,6.73842331106976e-07,1.98553989386204e-06,-2.86133328257971e-06,1.68483639757322e-06,8.39592702181989e-07,1.72194973020476e-06,-5.20100036771164e-06,-3.50631502923985e-16,-1.13109708877604e-06,4.1084745281189e-06,2.63369820405673e-16,1.66669602396384e-16,-1.9765597777938e-06,-1.52792782145066e-10,-0.000373679565094121,9.05066445475436e-07,8.57386537021532e-06,-6.12924545232206e-08,-2.57704107817991e-13,-2.06022504863849e-07,2.50962957360302e-16,-7.01732289479192e-07,6.30788823952066e-16,-0.000407366115464983,2.9861345290153e-16,9.87990465415528e-07,1.77065533391971e-06,8.13910596834561e-08,1.06861984497197e-06,3.67979150870708e-06,-0.000134862391906325,2.66643655762371e-06,1.32496249633764e-07,6.44515934497929e-07,5.93505670289826e-08,0.000295887516427694,-2.59898515287665e-06,-6.40267196450173e-07,-5.20501242088877e-08,-0.000394387842040958,5.83138419616376e-17,1.15277432502466e-05,-1.98422754468911e-06,1.94466467724313e-07,1.17606573773651e-15,2.56936539114427e-08,6.944360271425e-07,2.48142200407137e-06,8.78131783044404e-17,-4.17543446812268e-06,-3.18761811041822e-07,8.61188104485057e-17,-4.20844900746996e-07,4.86021563214923e-05,1.48732394846001e-16,3.39151952869114e-16,-2.36968097873647e-07,-1.83281655171398e-07,-1.04401875977692e-09,-1.4479360897907e-06,3.84047615438867e-07,7.83602053656482e-07,1.08794546339646e-07,1.32809087333028e-06,-2.24901077071579e-06,-9.5440148839554e-15,3.21365970136685e-08,3.19041039574769e-09,8.80203981056252e-09,8.2344111953072e-07,2.82110846564661e-16,-9.6744039493624e-17,2.7072462463405e-07,-1.75983045386176e-16,-6.77093661719612e-17,1.69715791909387e-06,-1.89397924743824e-06,-2.45147586323312e-06,-2.04046310498742e-08,6.18998383661924e-05,1.35841183400572e-06,6.10015894641969e-08,1.20758962223379e-16,1.48230993491456e-07,6.92413850284817e-09,3.17730109668271e-08,-2.22541170493381e-06,8.76744509724511e-06,-2.9250164362043e-17,-8.74868339960681e-17,1.18514933952806e-14,-1.1002837676384e-07,-3.66463752957324e-07,-3.07138964701583e-07,-4.13064212426228e-16,-2.8066144334096e-07,-3.70855249446105e-16,-2.50483927385003e-16,6.58463917514641e-06,-1.44570826119353e-07,1.13017234459889e-15,-3.55355235009648e-07,-1.27321302143079e-06,1.63466471009772e-13,5.47885363261213e-07,-4.71352695116781e-16,1.46113792783554e-07,-5.04505541249188e-16,1.45762690130531e-07,1.26164963434386e-06,3.1710459648985e-07,4.29665057214043e-08,2.94919550030722e-07,-8.12505122388641e-05,4.05626506088772e-07,7.43775232778638e-17,2.38985668262227e-05,-1.03927232753484e-06,-2.71869106241076e-16,-4.29518056081896e-05,-4.01943981566817e-07,4.86562716978675e-06,-5.96430147823018e-17,2.99189966218508e-07,2.74371558789936e-06,-5.25009227370147e-16,-9.87616663140182e-07,-2.18418490836639e-07,-7.88613412779268e-08,-3.70051255245784e-16,-4.54052094481846e-16,2.02874437580161e-07,6.2075879610772e-08,5.02154187071228e-09,-7.22894854362365e-07,3.66575697720822e-08,1.87642736796094e-16,-2.88803239394837e-16,1.33786524754666e-07,9.22144868161374e-10,-4.65026677458044e-16,3.23139638005779e-07,1.70686312044778e-16,1.15828457059862e-06,-6.17629242773316e-08,-3.60856321924433e-08,-2.39186434076641e-07,-2.64489746723092e-15,9.54614474422844e-17,3.76515503538185e-17,-4.93197833127343e-16,-1.32960828847192e-07,-3.45230768319758e-06,-1.72767608079426e-16,-4.11812290413924e-16,-6.55190618911381e-18,6.48672164409205e-07,4.36309161334894e-08,-3.2069273931269e-07,8.28499519874788e-17,8.9229838795557e-17,-1.16053000542848e-15,-1.98186298939423e-06,4.20534399806814e-07,1.64457054551693e-16,5.51189957057016e-07,-1.9260155971827e-06,-1.75674717936189e-16,3.95983007010849e-16,-1.92000051105006e-07,-1.9670418784952e-09,-9.50744280402513e-08,2.50199618782062e-17,1.06910578811694e-07,1.55641793605958e-07,1.66922005558962e-07,-1.52063464521789e-07,-5.41555653684629e-07,3.44995632244942e-07,-2.34388093512805e-16,7.63423990643744e-17,-3.49295349720624e-16,0.000269196204167673,-7.74199721003029e-07,-4.30014978117005e-08,-3.3861206651802e-08,-2.61881906924095e-15,1.9190884500982e-17,-2.28207536477915e-16,1.02798071229427e-15,-6.34824617079234e-16,1.11750715654254e-06,1.09409665801903e-16,-7.17804488789545e-17,-2.61297232468805e-08,-3.54029448427835e-16,-2.33900706392442e-08,-8.05047363512324e-17,-2.89974298752224e-08,-2.05823161641102e-16,-3.51005995361986e-08,-4.39301267362721e-09,-2.07156004605526e-05,-3.52173124477031e-16,1.40822096817582e-07,1.59994736410675e-16,1.99759632599556e-07,-2.42908038405958e-06,1.94243146519641e-09,-7.15459298454619e-16,2.83312646655431e-07,-3.58398681389032e-16,-6.96062023359495e-08,-3.92877223347139e-07,1.59356023330794e-15,3.5823057738141e-16,2.59663251351779e-16,-2.11024766483557e-16,-1.31855389879762e-09,-1.71695187274266e-08,-3.83379807934362e-09,2.61848048383683e-16,5.97942011820401e-16,-2.83698948194324e-07,8.33950458866851e-05,-2.79861016632767e-17,1.1099681743815e-16,-1.74340832434048e-08,4.58753117098915e-16,-1.23549036516275e-07,-2.77102802385743e-16,1.16641106525789e-06,1.17400540286746e-15,2.60581078401237e-15,-5.38983277115202e-16,-7.89866988635481e-18,1.7559749034081e-16,3.14411643379333e-15,4.7224428628077e-05,-0.000330259718002121,2.99700961008186e-16,-1.03618351758672e-07,3.94352790808204e-07,1.46831516444962e-15,-1.0608965462099e-16,-1.025010811465e-16,1.18285295879328e-16,3.88910780641689e-08,6.21935928090612e-09,1.31733796912151e-15,2.98021883709553e-16,-7.06207847061175e-08,-2.51916179927633e-07,-2.63636769410309e-08,1.86308424780535e-16,-4.1575347444353e-16,3.8020923481091e-16,-5.1390358855581e-16,-7.75491113934663e-16,-6.32046493418537e-16,1.48706710446466e-07,-1.40638604558882e-07,-2.70403296862508e-08,6.07804291508896e-16,-2.0355564978635e-16,-3.23462811288427e-16,6.88371673075962e-16,-3.77565908235044e-16,9.43813399878786e-16,-9.81723630001648e-16,4.75776164237099e-16,8.33914853779803e-16,-1.242112177256e-15,-7.28492067682134e-16,-2.14905871253987e-15,5.86952152254812e-15,2.71512119271201e-15,7.63721777866339e-07,5.4684338883036e-16,1.59586156187333e-15,-1.23062977817966e-16,1.44767293011546e-06,-2.52306112663663e-09,-1.19467162825011e-15,-1.13514619825227e-05,1.32224552969388e-06,8.24339250902328e-16,2.37955356546959e-15,-3.68811624730919e-07,-3.19314250591145e-16,3.25164136586809e-08,-1.0335754862015e-15,-1.51717601849607e-15,-4.38883918904293e-16,6.26596107168061e-17,4.60067231354129e-09,-6.31725142125151e-07,6.23669750370997e-15,1.11907829069098e-15,-1.09172339614254e-15,8.71283657396409e-14,-2.78180256607641e-14,6.7973817901443e-16,3.80384863889791e-15,8.82070872225376e-15,3.90253513482487e-07,-1.41691033371444e-14,5.80542519503103e-15,4.61660291534924e-14,-5.80070255008924e-14,3.90897990956413e-14,-0.707106781186548,-1.49292219752694e-07,8.52183118049991e-15,5.2548301712438e-14,1.11290486704634e-07,5.31888474363885e-14,7.82644259598163e-15,-4.08604587085152e-15,1.16187466891208e-14,6.39583597081806e-07,-1.21296926311212e-16,-6.83516371316251e-08,-5.36357596952596e-15,-1.99067128754698e-15,-5.78999280085636e-16,-1.04810823513051e-14,3.33968599714803e-15,8.85098725157907e-16,2.46815282107947e-09,6.63617748773312e-16,-1.21366052156814e-15,2.9001197093545e-05,-3.07834043304098e-07,-4.80651034437917e-17,2.15612588827576e-07,3.15747982218363e-08,1.38701883665695e-15,-3.54284468843189e-15,-4.90718212494554e-16,8.46816631525983e-16,-4.3031188416284e-16,-5.29243912205468e-08,-1.20351468504427e-15,-1.95685098194566e-15,-6.82624528116726e-16,2.11769091540151e-08,1.13397053243192e-15,2.69816449237572e-15,-2.2005171202524e-15,-9.33798044875252e-16,-9.64152371167801e-09,1.04997506897242e-16,2.00164605695434e-08,4.64916725813644e-16,1.71457873828802e-16,1.11640757179202e-15,6.27839464190471e-16,-8.04944894983862e-16,-1.11260133661749e-15,-1.66784996847589e-16,-4.48827407869804e-07,4.71619925164623e-16,1.18473231952322e-15,1.45761606720217e-07,-3.49639427001465e-16,8.45698171781407e-16,-1.07126364639198e-16,1.65618965989605e-16,-8.25377577898649e-16,3.17926033606761e-16,-1.52976239096409e-07,1.73747948848031e-15,1.29441616290405e-16,3.14183440551628e-07,1.01192518462793e-16,2.31394783645476e-16,-3.108993754378e-16,2.17018409220115e-16,-1.97974139539254e-16,-4.29775770084219e-16,4.65887749119097e-16,-2.67111467209119e-17,-2.14563063928758e-17,9.07636897205941e-16,1.37373103740565e-16,-1.64559144009592e-07,7.06003768358947e-07,-5.14588740233393e-17,-1.1096442272703e-16,-3.24640144682224e-16,-5.6461771782648e-17,-2.2516710718179e-15,1.77101304605585e-17,-1.2190014548356e-15,-1.00557268965388e-15,-6.84604561648307e-09,7.79293394776213e-16,1.41180716137206e-16,-2.73481735273084e-16,4.40888530045817e-16,8.75960979351043e-09,5.04340288097256e-16,-2.87142552547763e-06,-1.04283483864202e-15,1.18427559636443e-16,-4.49963005731098e-17,-6.23393977347224e-17,3.51374039221411e-16,-8.93941110308656e-17,-4.10067428048223e-16,3.9955946327216e-16,-2.48596710880156e-16,-2.52629553533223e-16,-5.61130447174505e-17,1.95442049630623e-16,-1.93939579237587e-16,5.76475087874364e-16,-8.98521982126175e-17,4.53750663939339e-16,1.64173284517805e-16,-4.62893857280863e-17,2.51570631709633e-16,7.3312028526287e-16,1.26764918007005e-15,-3.60331052730178e-17,-1.68184272217038e-15,4.68272889365396e-16,-3.14984242218549e-16,6.58539809544263e-10,1.12243944234941e-17,-1.88593742112474e-15,-3.27490092566671e-16,2.64527119510593e-16,-1.74256522577652e-16,1.54910044212762e-16,7.7863802873513e-16,-2.90961831124532e-16,1.18123105442466e-16,2.38703715074699e-16,1.13537651502682e-15,-2.31690956824353e-18,2.48456205321436e-16,-7.03399911681797e-18,4.57684470499637e-16,-5.17031741422206e-18,1.72280939412324e-16,-8.46142432868317e-09,-3.00169515432139e-16,-2.06321688723068e-16,-3.26869476078755e-16,1.84836959305343e-16,1.03716094101993e-16,-3.07586592479133e-16,3.95096725594654e-16,-5.57239510931337e-16,2.78053009212862e-16,1.78980229557361e-09,-1.73098192663388e-15,-9.71974620832764e-17,-1.13731833429258e-16,-5.79914836196987e-16,-1.22730995287371e-16,-2.25020982177655e-16,-5.34903243740769e-17,3.81694157011367e-17,2.6541965857579e-16,6.04646052041607e-16,2.11902739104671e-16,-1.80106668211281e-16,4.18194958816258e-17,9.01514729927215e-09,2.07544414166501e-16,-8.63008234587984e-17,-2.52194332030527e-16,-1.36175792864179e-15,-2.71149952209194e-08,2.35841009932181e-16,-1.65733676827105e-16,-2.89221402752678e-16,-3.4834754976742e-16,5.02902875458606e-17,-1.77017007527177e-16,2.6198472130576e-16,1.83127300570492e-16,-1.36627098005946e-16,-6.96118415369305e-17,6.78351502387963e-16,-5.92482317244926e-17,3.49376612857268e-17,4.64863410610827e-16,-4.42288106415412e-17,4.98024211469019e-17,-3.74868927208677e-16
"t551",-0.0414939689842732,0.035679695745879,-0.0584331812309477,0.0271165506914518,0.00770788056667803,-0.00385245373658832,0.0253836313576134,-0.0563690432850671,3.0791826144565e-05,-0.000158736476855541,-6.78357040016025e-05,0.00223363966277248,-0.0032724547500368,0.000440571335283888,-8.38179428012745e-05,-0.00702054044471507,0.000110422214118965,-0.000147499436092251,3.00347878024604e-06,8.22114200748486e-06,-0.00150026991158846,-0.0152887403829342,-2.91258075190981e-05,0.000173080865788721,-2.54956335300292e-05,9.93216471481453e-06,-1.144871638628e-05,1.01182713827417e-05,-0.000130383595046038,-0.000265394863854719,1.15255446546384e-06,-2.41944705051956e-06,0.000997617887936052,-2.8820474688288e-06,1.85624046432169e-06,3.52541127359931e-06,0.000143788962812061,-1.05335133193788e-06,-8.66943177919157e-06,-2.44644873368789e-06,-0.000134540058342369,1.83425386818389e-05,-0.000161616737912504,1.89934564809634e-05,-0.00436125732121326,1.06628046701124e-05,-1.49408667852067e-05,0.000305699204564192,-2.61445545018568e-05,5.69103098829669e-05,-0.000493026469792269,5.84732004256126e-05,-8.69056097423052e-08,0.0493587012488726,-2.77756168440079e-06,3.36613848801788e-05,-2.4331704835663e-06,0.000175740237120206,-6.01372817461714e-05,0.00358675178568698,9.63622918230486e-05,-1.19361921185336e-05,0.000408061393423006,-0.000219692493758928,1.70984427030037e-05,-0.000433469060423126,3.20939668845449e-06,-0.000123536017061748,0.000352140135469293,-0.000149579864634155,0.000196845332868711,-0.0395978947438809,6.39966974047053e-05,0.00706521477366715,-0.00352351310599269,-1.59449797082541e-05,0.441856482776954,0.000432295864446545,-0.000430938249316593,-0.000376691916422289,7.17908660664064e-05,0.000982760281089716,-5.47350972271294e-05,-0.000223758032419184,-4.1984555823852e-05,-0.0156673601896533,0.0162373286448093,0.000362592716841585,0.000158144776685692,-0.258048521921953,-0.000352132267063985,-0.468049901617877,9.68970774422487e-05,-0.00460220756684099,-2.43555677261793e-06,-0.00599570438493994,0.000139192489186316,0.00309425983925573,-0.000509000542805512,-0.000130237524499578,-2.66876193462524e-05,1.28512807332715e-05,-3.60672492722243e-05,1.01757463913741e-05,-4.36072785522745e-06,4.84499487974529e-05,-0.000225220733498174,5.9408072570418e-05,-3.4297567758429e-05,0.00037463187753489,3.56394057761722e-05,8.28835889041654e-05,-0.000182135994572042,0.000151649448213167,-5.81739378436888e-07,2.16969819052359e-05,-3.16147007311962e-05,3.24500466087173e-05,-3.20295191073632e-05,7.77367280033847e-05,-0.000375624387907802,7.0799199440037e-05,-0.000101047603015538,-0.000307679233981287,0.039014645000161,-0.000743789013784566,0.00609226376587786,-1.36605992713708e-05,2.59579928894768e-05,0.000855254639834312,-1.41050744378439e-05,7.62260515087821e-05,-9.05941412749664e-05,-1.80644409208434e-05,5.07384020722768e-05,2.91572474239024e-05,-1.6019849847501e-07,-0.000102264204136743,2.99591038702689e-05,-8.60532328581568e-05,-5.45961293338007e-06,-0.000211028499282199,4.20762331813441e-05,1.03362313604822e-05,0.00467198618447236,-4.97023169478021e-07,-2.21056822204322e-05,3.23070293915439e-06,2.10303032857681e-07,-7.06639410649942e-07,-0.00304716847616132,-2.02909652626225e-06,-0.000347597645592304,1.66318769645317e-05,-4.73463423884538e-06,-4.08777746390904e-07,6.09326607977988e-06,-0.000312901152624813,-1.41647887797537e-06,-4.66817158855679e-07,-0.000220040067947818,4.25516532293224e-06,-2.26284010971518e-06,-0.0002970003708538,3.37098122665416e-05,-0.000117342347566979,1.66780818776688e-05,2.84501564711653e-07,1.41380004859069e-05,1.86602571795227e-05,-0.000218297678510548,-5.14296403965107e-05,0.00175072103483685,1.51185942610428e-06,2.58274068643477e-05,5.7766486037185e-07,2.27900167092859e-06,-1.54393783421518e-05,-1.2102458419285e-05,-0.00197510652534863,9.70015218675241e-05,0.000305310605299403,-7.51496376959974e-06,-2.40800579874809e-07,-9.23190101560237e-07,-1.65116114703868e-06,-3.35969072047543e-05,9.11585142011508e-06,4.17114663359153e-05,-0.00228508957952056,-7.5787421902805e-07,1.4544970301871e-06,5.80816500330866e-06,7.46548976571976e-08,9.97744872550105e-07,-1.4189744736596e-06,-2.63741389206974e-06,-0.0052867415068755,1.41279475200542e-06,6.29563760465853e-07,6.27956602398817e-07,0.000104394038863812,-1.70766205759234e-08,-2.32151016702114e-05,-5.08141099514787e-06,-0.000232574234037663,4.19244005785473e-06,0.00844181079097028,-1.39692780594168e-05,-7.01319232142034e-07,-7.02473053535295e-05,0.000158713858342127,-0.000405369334991754,-6.43940497822021e-06,-3.41701270899982e-05,-4.64701650982689e-06,5.20074148759526e-05,5.69397027296273e-07,-1.01853184663345e-06,-4.99704796087079e-06,-2.71302945909787e-05,0.000279709621527583,8.09557480327756e-06,2.63364437401291e-05,-6.66475375536586e-06,-3.40272394584667e-06,-3.58872101117897e-05,-2.45971396764605e-06,-3.84179208594368e-06,-3.04797212323611e-06,8.41950431332416e-05,1.32093264181183e-05,1.02494571142547e-06,1.71477231391168e-06,-9.11887781683544e-08,-1.1577017387994e-05,-8.13494010254519e-06,-5.022194432662e-17,-1.83286664880974e-06,0.003212480857656,-2.12416245953888e-06,-5.3694485040254e-05,-7.11281759863088e-06,6.58760569472507e-05,-2.98884307476485e-06,0.0158670605756017,2.51433299285391e-07,2.12191850294376e-09,-5.57592865284302e-06,1.03284458600846e-05,-3.39316268444368e-07,4.7106000603393e-05,-2.30674376358089e-06,0.000375329058739091,-2.34703239681546e-06,2.84323395599554e-06,-2.798359262688e-06,0.000313182842121384,1.27801878065323e-06,-2.45677376781213e-07,5.31936702442583e-06,-1.02731111377242e-06,0.000112361349686173,-5.57346623707379e-05,5.53069105601771e-07,-1.88116667388054e-07,2.18429623436698e-07,1.54454443051365e-05,-3.52549651158285e-05,2.30385123816255e-07,9.19257940779457e-08,-1.98287333561503e-07,1.71596945556754e-05,-0.00163658061796578,3.98758852584339e-06,-5.66604839506082e-05,0.000337266671972318,-3.10874566021443e-06,7.24967936132223e-06,-2.64498417083507e-06,1.43524821368499e-06,-1.3262209362486e-16,-3.52078572487353e-06,-1.20548254244716e-07,-1.11902679258544e-09,-9.64590434223174e-06,1.70401994272557e-07,-1.0531221691237e-07,-1.8829818950965e-05,2.09811829221872e-06,-2.18567055186186e-06,5.72372396631479e-06,2.0875498709905e-07,-1.84152002069154e-07,2.37576702178379e-06,-2.87299841033079e-06,6.39356923199974e-05,-1.36861584672856e-06,0.000596085842727627,6.54204754616811e-08,3.67291888152625e-07,3.15888513195584e-06,-2.58459831587835e-05,6.08583331724649e-07,-2.31892475154494e-06,3.10070434068507e-06,-1.12295413827888e-05,6.96810286584444e-07,6.28782685553196e-07,4.78407366054539e-06,-8.03704572608085e-06,-6.42625618269774e-07,5.20865689569348e-06,-3.39105584725686e-06,8.36280048949341e-08,7.75134741026905e-07,-1.49336668141124e-06,5.44779748829691e-17,4.32550289081623e-09,1.81707540204951e-05,-0.000136066423894326,1.18783863454858e-06,1.06967589721181e-06,3.13922920737661e-07,7.27635716578176e-07,-1.06251950375749e-05,3.93116582909956e-06,9.99488751547804e-17,-2.97999597789783e-06,-3.62784453764118e-08,-1.01130501332666e-07,3.36297437460817e-06,7.54535848774178e-07,-5.07231708405723e-08,-1.92922963234666e-06,5.12378573439795e-07,-1.68358404144346e-05,3.1642422009739e-06,-6.39912087827817e-07,-1.15430484786201e-06,-6.09397682404487e-08,-4.91737524890151e-06,-1.14437838321904e-06,4.78732286969983e-06,-1.23723138758321e-06,-3.04125448441738e-16,-0.00018765949640304,7.40765485591193e-05,5.18366197010388e-08,3.67991986850386e-06,-2.27628378655905e-06,-4.67306021646997e-06,1.63876439163266e-05,-5.94644862220264e-05,-4.11421510403755e-07,2.54112359704703e-17,-7.54802925927318e-07,-2.08629356342894e-06,-9.46669367018464e-07,3.11540248964598e-16,1.775891845677e-06,2.31269141724195e-05,-3.52429580859545e-06,-1.44152954160996e-06,-4.79340294499411e-07,-2.55921029355225e-07,-9.13603725609951e-06,2.53568930561963e-07,2.69331410370158e-06,7.85313955154101e-07,5.54241530361272e-07,4.18203717984571e-05,-3.17099523720249e-17,-0.000717936568940481,1.00143757038839e-06,6.51704616777311e-06,-6.54815193218794e-07,2.20749810804941e-16,-6.29421103654395e-07,6.57284640347166e-05,-2.77493955162783e-07,-2.46251052441039e-07,-6.21681631641442e-07,3.4492106776524e-05,-8.63483402274525e-06,1.18184772399337e-06,2.9840286718727e-16,4.28951327115803e-06,-0.000210570866566367,1.56013666836121e-05,5.20460259994763e-06,-5.28851583270067e-07,-3.54862321596641e-09,4.09394740330526e-16,1.00301311134002e-16,-3.41711174127261e-09,-0.000246137036030574,0.000131389799538535,-5.74300901744633e-07,1.57879758036451e-15,-2.71507052546189e-07,-3.19959737573466e-09,-1.3370931975306e-16,-1.92266104105566e-16,7.0738642901376e-17,6.73842332757716e-07,1.98553989309958e-06,-2.86133328277836e-06,1.68483639705476e-06,8.39592702027681e-07,1.72194973053012e-06,-5.20100036728148e-06,-3.60096680178346e-16,-1.1310970888868e-06,4.10847452821285e-06,-3.59204052361737e-16,-1.92155929669762e-16,-1.97655977764413e-06,-1.5279306628685e-10,-0.00037367956509313,9.0506644548398e-07,8.57386537034618e-06,-6.12924524229388e-08,-2.58221931876041e-13,-2.06022504905444e-07,-1.87796928821045e-16,-7.01732289446713e-07,-3.32893435039949e-15,-0.000407366115465158,-3.66186499155891e-16,9.87990465190401e-07,1.77065533370924e-06,8.1391060712379e-08,1.06861984472946e-06,3.6797915089204e-06,-0.000134862391905745,2.66643655758842e-06,1.32496249315109e-07,6.44515935235835e-07,5.93505672444441e-08,0.000295887516427923,-2.59898515288159e-06,-6.40267198363486e-07,-5.20501240998094e-08,-0.000394387842040316,1.97588720150253e-16,1.15277432495489e-05,-1.98422754463681e-06,1.94466467767644e-07,1.07098242353299e-15,2.56936540354864e-08,6.9443602717286e-07,2.48142200257817e-06,-5.75069194013566e-17,-4.17543446823905e-06,-3.18761812119806e-07,-1.15743444007758e-16,-4.20844900986102e-07,4.8602156321172e-05,-1.32917873600823e-16,-3.88178100621823e-16,-2.36968098471449e-07,-1.83281654337092e-07,-1.04401838787656e-09,-1.44793608978856e-06,3.84047614942756e-07,7.83602053336736e-07,1.08794546715073e-07,1.32809087314656e-06,-2.24901076933308e-06,-9.11640554712712e-15,3.21365973116407e-08,3.19041117202685e-09,8.80203922739975e-09,8.23441119738297e-07,-2.62665997626285e-16,6.86744484030156e-17,2.70724623913864e-07,2.3496426077552e-16,1.64971076655636e-17,1.69715791964143e-06,-1.89397924925594e-06,-2.45147586362285e-06,-2.04046310921412e-08,6.18998383668643e-05,1.35841183325447e-06,6.10015890452375e-08,-1.1780492086254e-16,1.4823099304557e-07,6.92413881227218e-09,3.17730114699061e-08,-2.22541170464797e-06,8.76744509759544e-06,-8.34899652724817e-17,2.88251549127709e-17,1.22694882275e-14,-1.10028375120199e-07,-3.66463752771447e-07,-3.07138964653073e-07,-3.12324388545189e-16,-2.80661443901936e-07,5.52539040426575e-16,3.44170819274825e-16,6.58463917542345e-06,-1.44570826253178e-07,-2.17881268582687e-15,-3.55355235157692e-07,-1.27321302159813e-06,1.64131700836118e-13,5.47885363103303e-07,5.04237202768642e-16,1.4611379225509e-07,5.52895857791542e-16,1.45762690556665e-07,1.26164963618729e-06,3.17104596727062e-07,4.29665057389755e-08,2.94919548860448e-07,-8.12505122364466e-05,4.05626506221348e-07,-9.25540957218832e-17,2.38985668263309e-05,-1.03927232682592e-06,2.38076803730175e-16,-4.29518056063611e-05,-4.0194398141972e-07,4.86562717095292e-06,2.30720539467684e-17,2.99189967201466e-07,2.74371558823597e-06,5.1625202495823e-16,-9.87616664076769e-07,-2.1841849092155e-07,-7.88613410499599e-08,4.19455404641195e-16,4.55178614872385e-16,2.02874439703837e-07,6.20758813278268e-08,5.02154215902276e-09,-7.22894854479759e-07,3.66575696241347e-08,-1.96210504993804e-16,1.56273409385592e-16,1.33786525676599e-07,9.22145691114594e-10,4.83824648787026e-16,3.23139638455509e-07,-1.63737460956403e-16,1.15828457098503e-06,-6.17629243733848e-08,-3.60856321801424e-08,-2.39186433177458e-07,-2.71402572915833e-15,-8.63379287650544e-17,-1.4634128297047e-17,-1.17203065476755e-16,-1.32960829278941e-07,-3.45230768404197e-06,2.98445076521478e-16,7.27423638783791e-16,-7.59572249583483e-17,6.48672164106849e-07,4.36309153420165e-08,-3.20692738482645e-07,-7.63245155724645e-17,-6.08887940067859e-16,-2.99239799605999e-16,-1.98186299042236e-06,4.20534400279022e-07,-1.03744560959338e-16,5.51189957018094e-07,-1.92601559829302e-06,1.55824615474359e-16,-4.33725839696354e-16,-1.9200005004865e-07,-1.96704522521515e-09,-9.50744284285929e-08,-2.44830685906583e-17,1.06910578417615e-07,1.55641793125864e-07,1.66922005757882e-07,-1.52063463024106e-07,-5.41555654585974e-07,3.44995631594163e-07,2.64873659615441e-16,-4.90776342527634e-17,3.13215293435474e-16,0.000269196204167953,-7.74199720191667e-07,-4.30014960554008e-08,-3.38612066861265e-08,1.93783279858274e-15,-1.58189035038974e-17,2.21628221830508e-16,-1.01805714431076e-15,4.21357125184578e-16,1.11750715616667e-06,-1.43510555210217e-16,9.47107058234853e-17,-2.61297220607529e-08,4.37485626896379e-16,-2.33900723052744e-08,6.87612151793084e-17,-2.89974330658356e-08,1.69389781313527e-16,-3.51005988359702e-08,-4.39301352012752e-09,-2.07156004601871e-05,4.29289230976054e-16,1.40822096685932e-07,-2.56226763386363e-16,1.99759632689901e-07,-2.429080384279e-06,1.94243145855033e-09,5.79396294434733e-16,2.83312644789463e-07,2.70500219602321e-16,-6.96062024158003e-08,-3.92877221211319e-07,-1.70869905041829e-15,-3.23531643364449e-16,-2.79821818590743e-16,2.03102388733521e-16,-1.31855442750178e-09,-1.71695180723969e-08,-3.83379765837435e-09,-2.45177468442251e-16,-6.91054216925409e-16,-2.83698947456473e-07,8.3395045864694e-05,-3.18183340287841e-17,-1.36326202093378e-16,-1.74340855454045e-08,-3.31366360635586e-16,-1.23549041610431e-07,9.72990231850741e-16,1.16641106541052e-06,-1.23741618335321e-15,-2.5874358732365e-15,5.59373341918986e-16,1.5160508706943e-18,-3.28937887213656e-16,-2.46989394555049e-15,4.72244286281812e-05,-0.000330259717992648,-1.76145381763343e-16,-1.03618355434478e-07,3.94352791816335e-07,-1.5035730346815e-15,1.25603871966746e-16,1.20894349671295e-16,-2.23887823317766e-16,3.88910896693606e-08,6.21935789003415e-09,-1.49204905201474e-15,-3.15300531951872e-16,-7.06207857683872e-08,-2.5191616904908e-07,-2.63636761694563e-08,-1.7925974545095e-16,3.46260642219998e-16,-4.50596795630762e-16,5.31548088732306e-16,7.67387299865711e-16,6.22234538148731e-16,1.48706707280658e-07,-1.40638605637774e-07,-2.70403296185887e-08,-6.51529758643538e-16,2.08857688635255e-16,3.63301540740523e-16,-6.81314598299226e-16,3.69178384893126e-16,-1.09738509082707e-15,9.93864869649031e-16,-4.97810607890163e-16,-8.58562562606521e-16,1.17204053479575e-15,7.33313343250914e-16,2.13518389173392e-15,-5.79314219055837e-15,-2.65135419384058e-15,7.63721770885889e-07,-1.38853756173535e-16,-1.49975718021665e-15,-4.46573001410971e-17,1.44767293052905e-06,-2.52306821358064e-09,1.1836011572672e-15,-1.13514619835095e-05,1.32224553808457e-06,-8.3490344360412e-16,-2.25934008807953e-15,-3.6881162404691e-07,2.57122826194199e-16,3.25164092947395e-08,9.90938184212465e-16,1.59013865066153e-15,4.1458229586313e-16,-1.04569149534905e-16,4.60067392569395e-09,-6.31725142562246e-07,-6.5271733427875e-15,-1.14183951167294e-15,1.04457725633329e-15,-8.58667511986417e-14,2.79342521336545e-14,-6.52672907208628e-16,-3.78179742166189e-15,-8.83839798294989e-15,3.90253493066011e-07,1.41214216285932e-14,-5.82345185098476e-15,-4.6162804757019e-14,5.79485218158673e-14,-3.90930632920917e-14,0.707106781186549,-1.49292031186789e-07,-8.50188714686159e-15,-5.25164877685434e-14,1.11290341471602e-07,-5.3172463123063e-14,-7.89358484523607e-15,4.07061246887352e-15,-1.13909729499003e-14,6.39583610985883e-07,7.69730277020891e-17,-6.8351667308415e-08,5.42312890277131e-15,1.98581713841091e-15,8.95166627834006e-16,-5.09537751618508e-16,-3.25883492364776e-15,-9.79927315305717e-16,2.4681496920394e-09,-9.30961434418453e-16,1.23178708229063e-15,2.90011970986336e-05,-3.07834048330736e-07,-3.84411053142521e-17,2.15612602023706e-07,3.15747960297933e-08,-1.3648233467103e-15,3.5082100262462e-15,4.60758879070209e-16,-8.05457021508859e-16,4.04447717032218e-16,-5.29243848201212e-08,8.28822912847821e-16,2.21001205437412e-15,7.28765168480531e-16,2.11769091511829e-08,-1.13928964602233e-15,-2.69874163669288e-15,2.13339175645803e-15,8.05895783138489e-16,-9.64152287611494e-09,8.87478712886008e-17,2.00164603996727e-08,-4.22363222355918e-16,-6.29234235866061e-17,-1.06261027124442e-15,-6.08500997946313e-16,8.71078193745997e-16,1.13880861234117e-15,1.62166628160264e-16,-4.48827407555535e-07,-6.27219097036464e-16,-1.20526348856306e-15,1.45761608421882e-07,3.96672683702997e-16,-8.50103973835962e-16,6.79674919657669e-17,-8.5328883151673e-17,8.21235657978478e-16,-3.21573385326384e-16,-1.52976240647975e-07,-1.75442323626232e-15,-3.75342749680253e-17,3.14183440266326e-07,5.54982992148893e-17,-2.44318651016715e-16,3.91529727879933e-16,-2.26765418028174e-16,2.80872182048825e-16,4.8948415851975e-16,-4.20874157361611e-16,2.18578807801715e-17,9.27021536636873e-18,-9.19207562917121e-16,2.95140119397204e-17,-1.64559141749199e-07,7.06003767331277e-07,4.44651111238447e-17,1.41164289832107e-16,2.95758545561766e-16,2.74532919229688e-18,1.92033888790633e-15,5.28417239398658e-17,1.2317214874015e-15,1.00594218832554e-15,-6.84604529199902e-09,-8.20269911949534e-16,-1.43404932984504e-16,2.40877142341059e-16,-4.14436951021125e-16,8.75961532303047e-09,-5.23677664118647e-16,-2.87142551727954e-06,1.03307135518445e-15,-1.54229625711696e-16,5.12424102423186e-17,-1.68389525492273e-17,-3.35843956101825e-16,3.47003176871584e-16,4.52589199449882e-16,-4.23879925248052e-16,2.80109879682309e-16,1.86704069452018e-16,7.80179538920688e-17,-2.10112907824576e-16,2.08123624712722e-16,-6.94089554234325e-16,6.15296989332216e-17,-4.60084292978245e-16,-1.22955939401161e-16,1.3796941401957e-16,-2.64452863998799e-16,-7.76095217008295e-16,-2.59774840527527e-16,6.61950235575384e-18,1.39191816185445e-15,-4.87447869196953e-16,4.00590697553219e-16,6.58539519290936e-10,-1.64073324734034e-17,2.05912887260141e-15,3.33988814693102e-16,-4.83990514326728e-16,1.40402088062876e-16,-1.95729817182082e-16,-7.78497575613385e-16,2.86443337033508e-16,-8.7790594993574e-17,-3.00004392958696e-16,-1.6831154525665e-15,1.74177506944305e-17,-2.44621741111741e-16,-3.73748905807825e-17,-4.1365625160802e-16,-2.27899855628061e-17,-1.03396803786675e-16,-8.4614170645154e-09,3.18373557757174e-16,2.27119147447544e-16,3.58146573244322e-16,-1.67203255483306e-16,-1.18275518383904e-16,3.32787177656405e-16,-2.89047897602938e-16,5.20930044992866e-16,-2.67884621051831e-16,1.78980303726607e-09,1.73307313427954e-15,8.03817241466645e-17,2.60297797531579e-17,5.10001902662711e-16,1.5104552325146e-16,2.16671675260444e-16,7.517492580908e-17,-5.56128289385005e-17,-2.70875180546805e-16,-5.96816361009972e-16,-6.43793728436643e-17,1.73049761750923e-16,-5.39236168107488e-18,9.0151462837516e-09,-1.9231829913568e-16,1.87648478726548e-16,1.38127629636004e-16,-1.40425865380323e-15,-2.71149941913175e-08,-3.59012449173535e-16,2.28502564688821e-16,2.21391410304282e-16,3.58001721892609e-16,-6.45525553926573e-17,2.18582270388403e-16,1.28789893994363e-18,-6.73473377219384e-17,8.12010028562112e-17,8.14651246806118e-17,-6.60345139342286e-16,1.3778073132247e-16,-1.18677678854586e-16,-4.98418210581954e-16,6.93997318414758e-17,1.03604693957972e-16,-1.12898911416305e-16
"t428",-0.0433902513623593,0.0394628955267368,-0.0648694467676259,0.0314122385361998,0.00930641247033101,-0.00485559635781062,0.0321866489799175,-0.073339661863548,4.29555899431153e-05,-0.000248662766278757,-0.000135710777161982,0.00709256632358814,-0.0115919291268927,0.00166611673074132,-0.000398997888751532,-0.0550959592584558,0.00123106421531366,-0.00248541633813382,0.00016303533155217,-5.3107839597246e-05,0.00408722709131487,0.0122416262152346,1.70758261955133e-05,-9.81805642720785e-05,1.41358042649647e-05,-4.16623428540802e-06,4.4612189523147e-06,-3.72359984247275e-06,4.02033507363353e-05,1.07185968947323e-05,3.66680669652711e-08,-1.82565947974716e-07,0.000135688671431636,-4.96408017657526e-07,3.87274541213193e-07,9.22701265974867e-07,3.88658452463694e-05,-2.96034768769013e-07,-2.47665867922389e-06,-7.23778184969018e-07,-4.24829364491022e-05,6.1131569863081e-06,-5.56878738804287e-05,6.56256631792745e-06,-0.00156738092465613,4.46542748234362e-06,-6.59813857160257e-06,0.000138675856975866,-1.29055960213076e-05,3.15425734352201e-05,-0.000347151896715411,4.96690175898637e-05,-7.64770087090055e-08,0.0699390934403333,2.2568253868628e-06,-1.7815507168288e-05,-5.51036727964871e-07,4.67081345352983e-05,-1.62216702237429e-05,0.00119244459228421,3.5354038470685e-05,-4.55874432767666e-06,0.000160570583505615,-8.70730215052762e-05,7.12676442501725e-06,-0.000188386636348205,1.52000334427564e-06,-6.07378598020511e-05,0.000176151879925726,-7.72049349547278e-05,0.000121400402231244,-0.0289260317560968,4.82031570896622e-05,0.00569974854947948,-0.00286878737869372,-1.34155040981299e-05,0.376848165290855,0.000396075007906102,-0.000483202912939881,-0.00046884540598868,0.000112216258136563,0.00163285200903356,-0.000186851073591357,-0.00119882083989831,0.000114883470255755,0.0283907936345312,-0.0213335529497482,-0.000454806892370148,-0.000196017442802276,0.31053677774217,0.000382686658209394,0.232250421902121,-4.51378630164318e-05,0.001416081411087,3.50421330746e-07,0.000755408541738931,-1.74251537466329e-05,-0.000263402318361171,3.65801939228047e-05,3.6522765401795e-06,-4.9430618980126e-08,5.5333139791343e-08,-2.53616882365938e-07,1.03110620051268e-06,-4.66103241642482e-07,5.38403416069524e-06,-2.66864145857504e-05,7.15925153347813e-06,-4.25470586798515e-06,4.84547852538657e-05,4.67033944454844e-06,1.16883534669291e-05,-2.58994919027968e-05,2.54701509384198e-05,-1.00966448656296e-07,4.04243033957305e-06,-6.08144071767853e-06,6.83975805225419e-06,-7.46237122020454e-06,1.9870677309306e-05,-0.000102405918725536,2.86952914325866e-05,-0.000116299103939442,-0.000396485085003092,0.0996594003120536,0.000104925224023223,-0.000682627108094868,-4.75559687762064e-07,3.57090723014116e-06,0.000118123022917858,-2.00229602423092e-06,1.26509105482283e-05,-1.53637467893584e-05,-3.10819626885339e-06,9.18966855107808e-06,5.31423796407569e-06,-3.1614141060654e-08,-2.12298622223794e-05,6.71601819686701e-06,-1.93619628477164e-05,-1.26856596016783e-06,-5.06326575208418e-05,1.24546187834875e-05,1.77629557857248e-05,0.0103350412090579,-1.05136439940199e-07,-4.97733924325987e-06,7.50307571236648e-07,4.91591956859871e-08,-1.67385497195734e-07,-0.00072252412976899,-4.83401774124592e-07,-8.3034626959186e-05,3.98508973812858e-06,-1.16364997390378e-06,-1.0084260364776e-07,1.50707388560158e-06,-8.14112235075411e-05,-3.72421625283191e-07,-1.22927228185324e-07,-5.8431289301603e-05,1.13184871749168e-06,-6.08070469439563e-07,-7.99062868175305e-05,9.15565058670964e-06,-3.21527263877628e-05,4.68741912056533e-06,8.00399098388324e-08,3.97853454627766e-06,5.27322237478421e-06,-6.20715979149725e-05,-1.46401060124027e-05,0.00347921320899542,4.1670249711307e-07,7.30409394409553e-06,1.63765416535084e-07,6.46799883983154e-07,-4.44329761203305e-06,-3.52105035070701e-06,-0.000575646582207824,2.83183158757527e-05,8.95645827607499e-05,-2.20862893771344e-06,-7.08980818220832e-08,-2.72271634201732e-07,-4.8973034752718e-07,-9.97875051404748e-06,2.74110147154669e-06,1.25477362065222e-05,-0.000690373156989369,-2.31943685724696e-07,4.51017021245062e-07,1.81101890066628e-06,2.35116774063154e-08,3.17293599226079e-07,-4.83276362608627e-07,-9.4112323419126e-07,-0.0100720991870765,2.7832597830792e-07,1.88644416574473e-07,1.88574021176523e-07,3.18296129692456e-05,-5.2622623191105e-09,-7.28934574498287e-06,-1.59563961759621e-06,-7.31403867721218e-05,1.32425504009006e-06,0.00267435565630136,-4.45879654617769e-06,-2.25851047397288e-07,-2.2780979623106e-05,5.15809899080236e-05,-0.000133026120920701,-2.1246870044496e-06,-1.12760904038371e-05,-1.54010754128571e-06,1.7430543510648e-05,1.91260402214668e-07,-3.46369337623989e-07,-1.71491533214484e-06,-9.34148491642079e-06,9.77189116922609e-05,2.83879023639511e-06,9.27405277631092e-06,-2.37956763527622e-06,-1.21854739885865e-06,-1.28611458902468e-05,-8.97362819086125e-07,-1.41893641599083e-06,-1.14318287908191e-06,3.18216574472327e-05,5.03499500338188e-06,3.94011145157627e-07,6.60853155509371e-07,-3.60615211623233e-08,-4.66579833403296e-06,-3.35742475989388e-06,-2.49255896668738e-17,-7.88907092595387e-07,0.00139639095347137,-1.00782497493073e-06,-2.83179695856284e-05,-4.30726507706497e-06,4.03216588151137e-05,-3.78873906349829e-06,0.0289227856039755,5.97264534007422e-07,-5.16151613640774e-09,4.19113815320783e-06,-1.94980504738969e-06,3.16149533622866e-08,-2.99183390080726e-06,-1.02281006123015e-07,0.000679015443001921,-4.98565139571351e-07,6.40480409871267e-07,-6.8507963986677e-07,7.70153260416571e-05,3.26228672747191e-07,-6.37756715099954e-08,1.40920458183988e-06,-2.73728618903327e-07,3.01102666373253e-05,-1.50466660053272e-05,1.50814007847271e-07,-5.13519551008397e-08,6.08969029951236e-08,4.30793790850062e-06,-9.83776183767375e-06,6.46014184534807e-08,2.5821383583813e-08,-5.59928700346388e-08,4.85017652402544e-06,-0.000474489564364194,1.15877920973169e-06,-1.64945321080836e-05,9.85651482720526e-05,-9.112057359779e-07,2.13813612186513e-06,-7.81396382114078e-07,4.2456075960011e-07,1.20642941930049e-16,-1.04592863573587e-06,-3.58308395736743e-08,-3.33182850345678e-10,-2.88312189919203e-06,5.10912530462861e-08,-3.16202713165801e-08,-5.65758613032494e-06,6.35532889802179e-07,-6.6237115641838e-07,1.73480790086996e-06,6.3406403712966e-08,-5.62455889293552e-08,7.26283012074143e-07,-8.7882833846049e-07,1.95959523589984e-05,-4.22324261337846e-07,0.000184406463121915,2.02415242976403e-08,1.13647353421554e-07,9.82932357751092e-07,-8.0872266510132e-06,1.90549716392802e-07,-7.2673705553527e-07,9.72801428647946e-07,-3.52425987512702e-06,2.19255653067653e-07,1.97887365239601e-07,1.50613185803846e-06,-2.53082168274771e-06,-2.02509804384532e-07,1.64271124678852e-06,-1.07024471886046e-06,2.64018176945885e-08,2.44840353666858e-07,-4.72209595849522e-07,7.1724701314055e-17,1.37545177698065e-09,5.78087489115237e-06,-4.33190455849011e-05,3.78176272157942e-07,3.40563774089657e-07,9.99637875263481e-08,2.31777021191898e-07,-3.38573404689599e-06,1.25357850401823e-06,-1.87174955854146e-16,-9.51743807126563e-07,-1.15886408700145e-08,-3.23171596756359e-08,1.07471732344267e-06,2.41349077327797e-07,-1.62323018138026e-08,-6.17788716140897e-07,1.64147294845861e-07,-5.39835741616346e-06,1.01537797038603e-06,-2.05437481180167e-07,-3.7067227481746e-07,-1.95721147156899e-08,-1.57974900043181e-06,-3.67652239078053e-07,1.53830376593194e-06,-3.97615263299685e-07,-1.72529927282383e-16,-6.03714924464141e-05,2.38359189291362e-05,1.66797179123454e-08,1.18479092577412e-06,-7.32938371039467e-07,-1.50629370044616e-06,5.28403160261927e-06,-1.91749878102038e-05,-1.32701403278585e-07,2.61256258625025e-16,-2.4353216735269e-07,-6.73210311922073e-07,-3.05623778423209e-07,4.77824069908589e-17,5.73694555020276e-07,7.47234053375668e-06,-1.13881179793888e-06,-4.65898948639449e-07,-1.54980549686605e-07,-8.27713816906566e-08,-2.95566467436082e-06,8.21203329940076e-08,8.72385164470875e-07,2.54641058459251e-07,1.80297355130756e-07,1.36077624479892e-05,-8.97283544860762e-18,-0.00121165641191643,3.04391033312046e-07,2.0636303668286e-06,-2.09266492415467e-07,-1.61645042395859e-16,-2.0209059957892e-07,2.11372572880755e-05,-8.92714579613797e-08,-7.92313382967753e-08,-2.00054273488528e-07,1.11016494170054e-05,-2.77979758629809e-06,3.80518766223377e-07,-9.46245620409509e-18,1.38087274255342e-06,-6.77852601028604e-05,5.02205480166346e-06,1.67526529369802e-06,-1.70226969323436e-07,-1.14221963468749e-09,4.2708891978549e-15,-1.60882497363687e-17,-1.09995074707997e-09,-7.95268934489698e-05,0.000218283573863739,-1.84587037323234e-07,2.29383390581267e-15,-8.72633345301567e-08,-1.02818688768467e-09,3.63776792482423e-16,2.13111065069043e-16,3.60885459740417e-17,2.16395573223184e-07,6.37571733047311e-07,-9.18501681958235e-07,5.40693707540551e-07,2.69431617993161e-07,5.52432169552065e-07,-1.66852177671696e-06,-1.89528549808934e-16,-3.62697349031118e-07,1.31730065876481e-06,8.90772949514752e-16,-1.71589721793671e-16,-6.34548423691153e-07,-4.91693774090852e-11,-0.000606972724252839,2.86967635699639e-07,2.7372053864177e-06,-1.95807865427875e-08,-4.18460161694036e-13,-6.58870678300508e-08,-3.06804587770123e-16,-2.26066364499451e-07,-1.53490501558773e-15,-0.000658860517334473,-3.79164649417443e-17,3.11289637636761e-07,5.58808171320649e-07,2.58295475018855e-08,3.39298767012769e-07,1.16870278797329e-06,-0.000217043174500047,8.4527817470118e-07,4.21000998687494e-08,2.04798714613169e-07,1.88916252053064e-08,0.000474158673838017,-8.20897718563013e-07,-2.03079192335688e-07,-1.67359735639084e-08,-0.00062945709644129,4.53510971517142e-17,3.60519908067808e-06,-6.22209471887693e-07,6.09645597277872e-08,5.94054981404825e-16,8.05066655475356e-09,2.17387635196046e-07,7.764517084877e-07,8.70413312455545e-17,-1.30621645730654e-06,-9.96237904199154e-08,-2.45058066298671e-16,-1.31463138043402e-07,1.51333786941914e-05,1.65833036593549e-16,4.67073175550955e-16,-7.36847353024164e-08,-5.69839199480063e-08,-3.24402801799224e-10,-4.49592589713819e-07,1.19053331783717e-07,2.42878537899285e-07,3.37140834488274e-08,4.10613383706291e-07,-6.93978943112707e-07,-6.19968486270661e-15,9.90888364646437e-09,9.83591744838468e-10,2.71237192446653e-09,2.53602550257508e-07,-2.236118181978e-16,-1.02177015378279e-16,8.33123299420441e-08,-1.86367606748252e-16,-1.43494704461005e-16,5.19587031794143e-07,-5.79299522039106e-07,-7.49802597807327e-07,-6.22779234306923e-09,1.88872528182686e-05,4.14461017249579e-07,1.86045037866399e-08,-4.43889578731354e-16,4.50072213145301e-08,2.10028783480484e-09,9.63447827540989e-09,-6.73682985609487e-07,2.64574691871748e-06,8.10196916318626e-17,1.47093775340978e-16,4.1801388262455e-15,-3.30439543047713e-08,-1.0981723871327e-07,-9.20240044441727e-08,-9.88690347036323e-16,-8.39082329924222e-08,7.84348817284127e-16,1.34097792638566e-16,1.94827771309323e-06,-4.27699896257961e-08,2.92214169528293e-15,-1.04838008033859e-07,-3.75005591805854e-07,2.39372203869344e-13,1.60808333130419e-07,-5.04137324627946e-16,4.26967562516932e-08,-3.39260098136018e-16,4.25768071607686e-08,3.68406952358881e-07,9.25625773336828e-08,1.25355772957602e-08,8.59451599390466e-08,-2.35732662068514e-05,1.16914669476701e-07,5.62304793967886e-17,6.82841147622389e-06,-2.96691219939609e-07,6.93882214232245e-17,-6.05625026721929e-05,-1.14248998989573e-07,1.37994623249509e-06,1.0706814954812e-17,8.41602636104139e-08,7.70470241721592e-07,-1.82222565516712e-16,-2.76692936546438e-07,-6.11215311884027e-08,-2.19708007255652e-08,-2.49940491138669e-16,6.15959757959541e-18,5.58901500746886e-08,1.70138659776695e-08,1.37482876311369e-09,-1.92947087685715e-07,9.73889387099934e-09,1.84333415590318e-16,-8.24090832808988e-17,3.54263356583662e-08,2.44078457080166e-10,-8.38597587937651e-16,8.50390666159343e-08,-3.37140775795596e-16,3.03059117896149e-07,-1.602581101608e-08,-9.35753756515443e-09,-6.18745249439367e-08,-9.15229589324513e-16,-8.71707730288333e-18,-1.66916613405984e-16,-9.31891673404409e-17,-3.35910281643553e-08,-8.70351876224916e-07,2.45401655208676e-16,-6.49942756284839e-16,2.63961025518925e-17,1.62257560369118e-07,1.08754939536696e-08,-7.91470537541314e-08,7.15536545009671e-17,2.1469371419558e-15,-6.50261094969906e-15,-4.70673896674519e-07,9.97259895529036e-08,8.54727752155461e-16,1.2844251271657e-07,-4.45457665091065e-07,1.55874745363866e-16,7.20205049877133e-16,-4.35777243982245e-08,-4.45749321947313e-10,-2.12881202822947e-08,-1.35207636895891e-16,2.34279441433149e-08,3.36735168077966e-08,3.5433936907036e-08,-3.13733189083914e-08,-1.10820966340242e-07,6.94764404666563e-08,-6.77067445619789e-16,8.62283363727241e-16,1.89342073394376e-16,0.000235781251576005,-1.26133671575941e-07,-7.48130031288527e-09,-5.31319100182774e-09,-1.85443640776436e-15,1.82824905243021e-16,3.62021485498871e-16,-2.75822168466314e-16,-2.6170306699951e-16,1.48857187325439e-07,3.31499175506173e-16,4.18827642960397e-17,-3.19443230191755e-09,-4.07005610013808e-16,-2.84512182036867e-09,3.58483037309474e-16,-3.49694452469601e-09,-4.64586048732887e-17,-3.45514020655618e-09,-4.06478999773828e-10,-1.71847156550819e-06,9.29474059276975e-17,9.88129262032326e-09,1.74813760475694e-16,7.48668152122292e-09,4.43086838071428e-08,-4.09967590746017e-11,7.36372266450375e-15,-1.41776162210751e-08,-1.97129146442126e-15,7.38539965940584e-09,4.29226202371744e-08,1.27855901616548e-15,1.74187962040575e-16,-7.53862207233832e-16,-2.78355509215786e-16,2.23422094305892e-10,3.22849613217177e-09,8.10253417115219e-10,1.12109749382486e-16,-9.69629844330864e-16,1.01393573406967e-07,-3.04928745181636e-05,1.67507404074225e-15,-2.53672339134287e-15,1.23927122373346e-08,2.1719043877963e-15,1.02773928415695e-07,2.59057360526702e-14,-1.64641864562748e-06,3.11633379737208e-15,-1.14437348513518e-14,-2.27798038508709e-15,4.67906988867703e-15,-2.47137650300518e-15,-1.69555234180339e-13,-0.0247253649941318,0.818099301501542,-5.72946853284668e-15,-5.72246643529925e-07,1.57692873990844e-06,-5.04227688743587e-15,5.54063316129788e-15,-7.77137604692766e-15,8.90609579086095e-15,7.6323125379902e-08,1.10554847685337e-08,8.60923296169518e-15,5.17359483050108e-15,-1.14136265983151e-07,-4.02523039887174e-07,-4.05924714965884e-08,-1.34595409100089e-15,4.30428588458002e-15,3.17338301795842e-15,8.28257501342818e-16,-3.53977725954088e-15,-1.99835412301169e-17,1.53129877535484e-07,-1.41167661183453e-07,-2.6496481947664e-08,3.7564949101621e-16,3.77423876925628e-16,1.84307548813963e-16,-2.43573929029035e-15,-1.83274773393907e-15,1.34496074106503e-14,-1.58833293029494e-15,-1.46893567189303e-15,-2.40378095166519e-16,-2.32860673119163e-15,-1.57546349865222e-15,-3.25357470050546e-15,1.31824777865651e-15,-1.52124982217469e-15,5.66686138219224e-07,1.57568808430024e-15,-9.30896520130348e-16,-7.22513734483722e-16,1.04751924202391e-06,-1.81567404543996e-09,1.57565377058731e-15,-3.93382985608135e-05,9.22251102033229e-07,4.83693538437464e-16,2.3939202802203e-15,-2.49281391115359e-07,-4.06738843339129e-16,2.12333205774377e-08,-2.84866717656982e-16,2.9389498890742e-16,3.44017659125467e-17,9.27404304059689e-17,2.86644323606843e-09,-3.924535331295e-07,-2.06294352791142e-17,-1.09106136262598e-15,-1.54017372029954e-16,3.82439477098657e-14,-3.77128883677358e-15,5.73245459177385e-16,-4.42342998507715e-16,1.51826079918597e-16,2.15881886396216e-07,-3.24802227449731e-16,4.54717926804403e-16,-3.45252485999824e-16,-6.92066412925406e-16,-6.77222356373883e-16,-5.63915759151457e-15,-8.10666474650787e-08,6.34334363078866e-17,-2.48323259757658e-16,6.02361607692899e-08,-1.0115195968522e-15,-1.0193266963602e-15,-2.44123539083451e-16,-3.72256135893121e-16,3.34494208849839e-07,2.11532270692638e-16,-3.55505892749609e-08,4.88832230726381e-16,5.44430282238215e-16,4.33916639481605e-15,3.28093976954217e-16,-6.00507851240561e-16,3.00675346622786e-15,1.27005442368799e-09,-2.99498185926746e-16,-2.93156416661881e-16,7.11207349231887e-05,-1.56904964678003e-07,3.18279093458095e-16,1.0932663543747e-07,1.59789246077776e-08,3.2980590520143e-16,-2.98530233124131e-15,-2.36459911628433e-18,-2.24535254401418e-16,-5.04953837670663e-16,-2.60854497044799e-08,-4.40079875568638e-16,3.00725264913801e-15,4.86276642503271e-16,1.03741350060871e-08,-4.15141465930546e-16,5.40825647842377e-16,5.39444093403296e-16,1.86505405555346e-16,-4.68697791178864e-09,-4.26611544238781e-16,9.70819883754538e-09,-3.90852114009053e-16,-1.3341113453781e-15,-4.00916176782521e-16,4.70342616916959e-16,1.48707881201398e-16,4.00091996104876e-16,9.20754288398177e-17,-2.15191236000052e-07,1.19612584279644e-15,1.69953672046114e-16,6.96965498391225e-08,-4.90104419848884e-16,-1.01197464830842e-15,-5.97050802576689e-16,-8.09820862381542e-19,-5.75002723209317e-16,-2.33785140651449e-17,-7.25518832588994e-08,1.44924183810315e-16,-1.52649058241447e-16,1.48488399983149e-07,5.04721830324095e-16,1.00348660397716e-15,-4.99497480063768e-16,2.79617773922448e-17,2.65654477487842e-16,-5.54124183970351e-16,-5.3486100343681e-17,-6.84997853073263e-16,5.53917248561282e-17,-6.73932832906274e-17,-4.78945310327217e-16,-7.68399815050281e-08,3.2921302870678e-07,-1.42889792028115e-18,2.07988312449878e-16,-7.66369097970031e-17,-4.24101163520252e-17,-1.90819582357449e-17,-2.46562154580715e-17,-2.44637672945061e-16,-9.25783795798925e-16,-3.17039746304108e-09,-3.23259413966109e-16,4.02439158583581e-17,-4.41959213734235e-16,-2.23701792249819e-16,4.03414500069079e-09,-1.41470127731934e-16,-6.27816465372841e-06,-1.89076206983819e-16,8.01338561450145e-17,6.35918529122752e-16,-5.85595625422396e-17,-4.09535088793395e-17,-3.36714702485865e-16,4.83433216658743e-17,-9.21101196340601e-17,1.75572755837571e-17,2.65252042468067e-16,-2.28086617950111e-16,-1.57283004861679e-16,-3.25220172935362e-16,9.13581646601229e-17,-3.3185087861313e-16,-7.71072378620264e-17,4.95535852752269e-17,-1.20632756321886e-16,4.01591722688471e-16,-1.92490934674038e-17,-2.0491421059976e-16,-2.01267415974774e-16,-3.34005739946706e-16,-8.41482021437202e-17,-1.09419670406547e-16,2.95743187568078e-10,-2.49232453156653e-16,-2.88873605954632e-16,-8.95045457840952e-17,9.47168388515465e-17,-2.52341860322826e-16,-3.86776490055781e-17,-1.0760447268179e-16,-2.04756838084559e-16,2.66168534875774e-17,1.01345369885941e-16,6.32306706993546e-16,1.55619735557813e-16,-4.90879983353747e-18,2.82004134912365e-17,-6.43577947182308e-18,-2.0298689278697e-17,-3.92431961554533e-17,-3.75811521282642e-09,-4.07593364118721e-17,8.7083592226298e-17,-1.48701832656317e-16,-1.32061698845756e-15,-3.6228401909734e-17,3.05962065328816e-16,-1.09209124841822e-16,-1.04424058671964e-15,-1.03993572081987e-16,7.86965062707904e-10,-2.35403858111621e-16,2.67979102789746e-19,3.43968125015499e-16,-5.47742303045394e-16,-2.85052430607737e-16,-7.76268776533825e-17,1.59059635794527e-16,-2.21790513995211e-16,1.42573397067686e-16,-1.17085441595096e-15,3.52758530678396e-16,8.85078914209368e-17,1.23026069576384e-18,3.92850982078051e-09,2.10672721409621e-16,1.35990494265278e-16,-9.74952742431164e-16,2.52727526406371e-15,-1.17706349883455e-08,-9.99906575829431e-17,1.97282440387143e-16,5.15836900341711e-16,-3.88538187601411e-18,4.78438279431562e-17,-1.95129847840092e-16,2.54015101890528e-16,-5.634754916606e-17,2.0455525111987e-16,-1.32874169269025e-16,4.51560796489231e-17,-1.99398335877771e-17,-5.35540370755406e-17,-9.57815388830192e-17,5.3349828799291e-17,-1.48912154546651e-19,-4.18038291880756e-17
"t652",-0.0433934190462174,0.0394689624314739,-0.0648797416772311,0.0314189165113277,0.0093088337410765,-0.00485707782151147,0.0321966614974306,-0.0733642845903733,4.2972612064378e-05,-0.000248782145199414,-0.000135793322653394,0.00709787358231117,-0.0116008547426068,0.00166741886888117,-0.00039932319317635,-0.0551435051366349,0.00123215170572549,-0.00248765128549145,0.000163185297253845,-5.31608648332328e-05,0.0040916373005354,0.0122575315263762,1.70992385563229e-05,-9.83159358504664e-05,1.41553703741177e-05,-4.17227191137014e-06,4.46775940005908e-06,-3.7291071639336e-06,4.02643837940039e-05,1.07377607093933e-05,3.67378976470558e-08,-1.8292914334094e-07,0.000135977703223176,-4.97514504556153e-07,3.88180876058181e-07,9.25029070295164e-07,3.89651102409013e-05,-2.96802575758415e-07,-2.48312484165745e-06,-7.25695276768324e-07,-4.25986135918205e-05,6.13019548166422e-06,-5.58453393632105e-05,6.58114495560684e-06,-0.00157189353864046,4.47908144173298e-06,-6.61867670689304e-06,0.000139111113535068,-1.29470429915152e-05,3.16463733453903e-05,-0.000348331167485202,4.98402126758603e-05,-7.67411609794638e-08,0.0701850126746371,2.2650370617778e-06,-1.78806617032387e-05,-5.53237721863707e-07,4.68990391482368e-05,-1.62881510805588e-05,0.00119760501620079,3.55132091570731e-05,-4.57966440679406e-06,0.000161318766723604,-8.7480288827592e-05,7.16104004847728e-06,-0.000189315095216351,1.52789539279256e-06,-6.10604405503336e-05,0.000177097136573237,-7.76269105415492e-05,0.000122127914750808,-0.0291110343900117,4.85144482326492e-05,0.00573728941394559,-0.00288772864166968,-1.35048267730941e-05,0.379365631973119,0.000398764041381309,-0.000486602669947376,-0.000472190946464006,0.000113036151965484,0.00164484269093529,-0.000188273815657401,-0.0012080470661464,0.000115807938339459,0.0286219775903113,-0.0215093404464366,-0.000458561632487946,-0.000197636505060976,0.3131049500595,0.000385865677707608,0.234260977878574,-4.55300638421296e-05,0.00142869203338505,3.53672581743905e-07,0.000762459789852512,-1.75878520028953e-05,-0.00026589932474464,3.69289088052532e-05,3.68782557691254e-06,-4.99198274495176e-08,5.58815696700913e-08,-2.56134740274606e-07,1.04210348409937e-06,-4.71100304448615e-07,5.4419885925346e-06,-2.69757213951088e-05,7.23701846145046e-06,-4.30108413590637e-06,4.89857552307794e-05,4.72160489840025e-06,1.18179574036548e-05,-2.61870178821437e-05,2.57603751418963e-05,-1.02123240208323e-07,4.08929880147303e-06,-6.15232337312785e-06,6.92063382343667e-06,-7.55182067236704e-06,2.01112971350314e-05,-0.000103653110083275,2.90516644667001e-05,-0.000117761521518158,-0.000401473095263944,0.100915400636881,0.00010626434494897,-0.000691348285120227,-4.81700728586178e-07,3.61842201865084e-06,0.000119695295391631,-2.02901145802311e-06,1.28230376850031e-05,-1.55735780209514e-05,-3.1507628986384e-06,9.31692886030525e-06,5.38794352756449e-06,-3.20628530843915e-08,-2.15367260858267e-05,6.8154864315293e-06,-1.96489199750229e-05,-1.28744434360382e-06,-5.13877310340519e-05,1.26409749455271e-05,1.80290792176136e-05,0.01048988276092,-1.06726019236096e-07,-5.0539517695144e-06,7.62064923226725e-07,4.99329280901579e-08,-1.7004560323755e-07,-0.000734015335431109,-4.91118093802597e-07,-8.43629187805898e-05,4.04899414184417e-06,-1.18272709595936e-06,-1.02501620286593e-07,1.53192878122381e-06,-8.28289941590105e-05,-3.78991010897421e-07,-1.25099861957947e-07,-5.9475151466334e-05,1.15211320843695e-06,-6.19106213992189e-07,-8.1358868964211e-05,9.32427760216239e-06,-3.27523460543233e-05,4.77798089686393e-06,8.15881920552075e-08,4.05551905934969e-06,5.37574280377881e-06,-6.32850440664563e-05,-1.49265340872128e-05,0.00354802295357968,4.24971630451572e-07,7.45009299534646e-06,1.67044684025625e-07,6.59763291489515e-07,-4.53384694553533e-06,-3.59403129887066e-06,-0.000587612589426832,2.89085921869141e-05,9.14466658849338e-05,-2.25518462458439e-06,-7.23970774483601e-08,-2.78044698166583e-07,-5.00213556500793e-07,-1.01928586449964e-05,2.80110899499702e-06,1.28226092328888e-05,-0.000705597375066741,-2.37151925901942e-07,4.61295630195714e-07,1.85250159675533e-06,2.40542900179768e-08,3.24657164076085e-07,-4.94677737243616e-07,-9.63404592772702e-07,-0.0103123394342467,2.84989270884592e-07,1.93289649153171e-07,1.9322359776401e-07,3.26236567696522e-05,-5.39504166148497e-09,-7.47828051578252e-06,-1.63700254349852e-06,-7.5041008589162e-05,1.3589242229586e-06,0.00274473151725011,-4.57772873802189e-06,-2.31975698798968e-07,-2.34069131697073e-05,5.30039439700927e-05,-0.000136762384370544,-2.18495317256017e-06,-1.15960163661728e-05,-1.58413748049387e-06,1.79384670658131e-05,1.96853974963637e-07,-3.5669536539133e-07,-1.76671410599598e-06,-9.62491353977478e-06,0.00010073865574705,2.92689560047426e-06,9.56324593655037e-06,-2.45483681336223e-06,-1.25720233480687e-06,-1.32694150522414e-05,-9.26290460370678e-07,-1.46510232870894e-06,-1.18075831043638e-06,3.28724308195262e-05,5.20204511291991e-06,4.07141618700021e-07,6.82903763322764e-07,-3.72787111101889e-08,-4.82440924533438e-06,-3.47243754209433e-06,-1.60735708997251e-16,-8.162290963581e-07,0.00144485702686812,-1.04333074738119e-06,-2.93270373680276e-05,-4.46218287311894e-06,4.17726999737687e-05,-3.92743395547048e-06,0.0299845896666212,6.19219896311551e-07,-5.35244262409391e-09,4.34682432685816e-06,-2.02279010724949e-06,3.28023707647054e-08,-3.10435994213587e-06,-1.06157219794255e-07,0.000705567790764252,-5.18275405501272e-07,6.66031195488502e-07,-7.12946836993357e-07,8.01524144247139e-05,3.39696768105291e-07,-6.64283534129858e-08,1.46844343886758e-06,-2.85274346059831e-07,3.13847989004542e-05,-1.56866951530674e-05,1.57275502890989e-07,-5.35538907701858e-08,6.35559564390515e-08,4.4961211433755e-06,-1.02677034272067e-05,6.7438539456119e-08,2.69574503411316e-08,-5.84706350856604e-08,5.06503350789559e-06,-0.000496241781495018,1.2121001999357e-06,-1.7255768868979e-05,0.000103144862621692,-9.53772577424728e-07,2.23923496734042e-06,-8.18473305393254e-07,4.44761798073669e-07,-1.00008244821031e-16,-1.09616894173897e-06,-3.7554086374843e-08,-3.49271620481338e-10,-3.02367939604917e-06,5.36024348698881e-08,-3.31804414663982e-08,-5.93726831873333e-06,6.67725648186123e-07,-6.95975816536199e-07,1.82285853671472e-06,6.66475422842438e-08,-5.91788276707195e-08,7.64289784653253e-07,-9.24928012376135e-07,2.06319962516011e-05,-4.45327156486673e-07,0.000194575540695607,2.13585439793414e-08,1.19920275252761e-07,1.03885536659859e-06,-8.5635164599918e-06,2.01821185579316e-07,-7.70000946225344e-07,1.03116383134209e-06,-3.73619695350134e-06,2.32703671333137e-07,2.10042741632809e-07,1.5988984069709e-06,-2.68699071025128e-06,-2.15082277914703e-07,1.74538299845644e-06,-1.13755224926132e-06,2.80667145051878e-08,2.60350787069633e-07,-5.02416159535058e-07,-5.62422299012459e-17,1.46873592619793e-09,6.17520056704434e-06,-4.62994103871484e-05,4.04201524412559e-07,3.64006894465314e-07,1.0685937477339e-07,2.47828526051577e-07,-3.6213127372879e-06,1.34163458806579e-06,3.11796948154396e-16,-1.0200602483887e-06,-1.24227046443058e-08,-3.4656446023143e-08,1.1525640220486e-06,2.59078978319046e-07,-1.74340096227877e-08,-6.6402525692802e-07,1.76524365622965e-07,-5.81198887505181e-06,1.0943268384593e-06,-2.21560343194332e-07,-3.99915420094906e-07,-2.11212198925281e-08,-1.70550588053913e-06,-3.96937979425216e-07,1.66133905166928e-06,-4.29517573128651e-07,-3.36593382322544e-16,-6.5330297829402e-05,2.58032562366552e-05,1.80564720648419e-08,1.28393366098109e-06,-7.94397072820925e-07,-1.63581235346908e-06,5.74162154171929e-06,-2.08378450098422e-05,-1.44270461183085e-07,1.20556297219623e-17,-2.64892173094325e-07,-7.32389767820354e-07,-3.32716041067501e-07,6.09657061497311e-17,6.25011933039731e-07,8.14217031127728e-06,-1.241008873054e-06,-5.07804033038781e-07,-1.6897345131055e-07,-9.02660566546599e-08,-3.22388935438191e-06,8.96221478958732e-08,9.52141298576292e-07,2.78027019139218e-07,1.96988123037828e-07,1.48679931892975e-05,3.46747307750885e-17,-0.00132562731606728,3.33099921785887e-07,2.25942025457702e-06,-2.29299797401155e-07,1.55275548049345e-16,-2.21812563848965e-07,2.32447358177708e-05,-9.82579517731657e-08,-8.72427613124648e-08,-2.20390762723519e-07,1.22413714546112e-05,-3.06975885494221e-06,4.21786545708049e-07,1.73159288705935e-16,1.53578746563581e-06,-7.54121196732083e-05,5.5905691534339e-06,1.86651827527848e-06,-1.8967312480807e-07,-1.27301359190918e-09,-5.85295700794575e-15,1.94737639338799e-16,-1.22763661111842e-09,-8.88683539973188e-05,0.000243961467331796,-2.06531265962379e-07,-7.85469782746783e-16,-9.78783563322918e-08,-1.15453300433648e-09,-3.07885505199011e-16,-2.33872524763051e-16,-2.03177263482943e-16,2.43838457010468e-07,7.18751149419785e-07,-1.03707071234784e-06,6.11307286072512e-07,3.04666706465021e-07,6.25573929711407e-07,-1.88974732045156e-06,2.02826051592988e-17,-4.11996831957748e-07,1.49792210228982e-06,-9.06199941687481e-16,2.90371593403155e-16,-7.24561930036977e-07,-5.620116121254e-11,-0.00069473060529396,3.28761891303116e-07,3.14144992669186e-06,-2.24790837075961e-08,-4.79680852582247e-13,-7.56694910465788e-08,4.12763905130157e-16,-2.59928709304803e-07,2.0306022488481e-15,-0.000758193796736688,-1.55831649641023e-16,3.58609951957572e-07,6.43896330269859e-07,2.98500031580396e-08,3.92359302105785e-07,1.35182514469047e-06,-0.000251341263810332,9.79839455879732e-07,4.8917433264794e-08,2.37967101121402e-07,2.19673086772221e-08,0.000552098409428358,-9.57573340932006e-07,-2.37257048337704e-07,-1.95765701747296e-08,-0.000736740983716098,3.3625993831399e-16,4.22764333393709e-06,-7.30977210719795e-07,7.20031148001709e-08,3.15215143552674e-16,9.52328584952901e-09,2.57768294126858e-07,9.21631442515315e-07,6.10912332337562e-17,-1.55127820734951e-06,-1.1856708324284e-07,-1.44542696959348e-16,-1.56626612523754e-07,1.81480927259997e-05,-1.30163074751478e-16,-1.19376140694713e-15,-8.85957799767949e-08,-6.85316383923903e-08,-3.90579403591353e-10,-5.42024564456459e-07,1.43966091657248e-07,2.93780513284406e-07,4.07951465114435e-08,4.98924278854895e-07,-8.46169190285153e-07,-4.31360676345083e-15,1.20980477687332e-08,1.20117067027622e-09,3.3150682790281e-09,3.1025844344811e-07,-3.02558994052228e-16,-1.43526749092608e-17,1.0206300495034e-07,1.38709025760803e-16,2.87020920138955e-16,6.42168189197989e-07,-7.1709947544681e-07,-9.28191642007715e-07,-7.73660058758242e-09,2.34743857187877e-05,5.15174087134821e-07,2.3140833754251e-08,1.8488533453556e-16,5.6392240121837e-08,2.63581884498903e-09,1.20975519320748e-08,-8.48197777610113e-07,3.34803351031513e-06,-5.5793340115221e-16,-1.8760913793883e-16,3.88619453861848e-15,-4.21355891462026e-08,-1.40513869612659e-07,-1.17778170602759e-07,1.97948496141795e-16,-1.07757178274259e-07,-5.66888543694486e-16,1.20279957786047e-16,2.54241377945315e-06,-5.58247571376864e-08,-1.91817048356135e-15,-1.3741676011147e-07,-4.92777954680863e-07,3.14005175082992e-13,2.12430878006469e-07,4.49634837321443e-16,5.67783722095914e-08,5.54072917041811e-16,5.66534296366597e-08,4.90441308190405e-07,1.23290137975696e-07,1.67095274916899e-08,1.14757979648139e-07,-3.16843974754207e-05,1.58676453798302e-07,5.95202902681287e-17,9.38875985002923e-06,-4.08529772616053e-07,-1.11572187644833e-16,-8.35547375642214e-05,-1.58194490608667e-07,1.91711438947626e-06,-1.72822721423444e-16,1.18319327572771e-07,1.0858535074286e-06,-3.17822620796438e-16,-3.91250987110892e-07,-8.6571127826532e-08,-3.13159434076151e-08,6.08688665069526e-16,1.15353954476982e-16,8.09380967584295e-08,2.48172246385912e-08,2.00842860436356e-09,-2.92013523825679e-07,1.48337593028427e-08,-6.9817609880564e-16,-2.83529493546894e-16,5.42044152309991e-08,3.73671599025226e-10,5.83698475220904e-16,1.31221560786296e-07,1.93509158892948e-16,4.71355662559236e-07,-2.52094802457146e-08,-1.4732107639428e-08,-9.77329681454558e-08,-1.19801089787515e-15,8.89401076734514e-17,5.80935332810554e-16,-1.87184262795668e-16,-5.47762953801461e-08,-1.423272517575e-06,-1.02058314754279e-15,5.24999284854259e-16,4.20440978091218e-16,2.68131047843321e-07,1.80560587862198e-08,-1.33147627317349e-07,-1.09169756868877e-16,-2.78710431469986e-15,3.84284618015762e-15,-8.32894553216964e-07,1.76812738872786e-07,-5.5695529267128e-16,2.32972385039998e-07,-8.15883243916193e-07,1.81468565001136e-16,-4.32542378078811e-17,-8.17798674056603e-08,-8.38215393314471e-10,-4.06519680801748e-08,1.23211249499539e-15,4.59871837058094e-08,6.71817089656764e-08,7.24172986966909e-08,-6.64630839583278e-08,-2.37199479249075e-07,1.51727389288112e-07,1.73151863100622e-15,-8.17093579875695e-16,-1.59215266727655e-16,0.000592529370694632,-3.17798154668178e-07,-1.92695845534422e-08,-1.56104933558962e-08,2.73202847457537e-15,-1.55666477316556e-16,-7.92405071166233e-16,-3.88829632624223e-16,-7.38622743565669e-16,5.29137106211002e-07,-8.99337968654404e-16,2.26628479708984e-16,-1.25193759858792e-08,2.57916651611542e-16,-1.12141043629327e-08,-2.05684679496804e-16,-1.39179613398398e-08,-3.12972090390438e-16,-1.72433087387213e-08,-2.17123908007406e-09,-1.03389967825017e-05,-2.49459669186705e-16,7.11925128649621e-08,5.82823744471384e-16,1.04275698414523e-07,-1.33586430194059e-06,1.07101973099919e-09,-2.78674589612036e-15,1.60313544695974e-07,1.28256912998113e-15,-4.13356458755291e-08,-2.33927530566156e-07,-2.21174058982499e-15,-2.71440656920412e-16,5.50013006033992e-16,7.83521994507646e-17,-8.24669826652157e-10,-1.08974494729284e-08,-2.47780895549925e-09,8.76632922612587e-17,5.33007396833991e-16,-2.03975782242048e-07,6.03018847880584e-05,-1.60705721823497e-15,9.73412686444919e-16,-1.55968674536018e-08,-6.81474115078908e-16,-1.17954439637249e-07,-1.36187913830425e-14,1.44925582672591e-06,-8.38636627612492e-16,5.02955384739412e-15,1.56696216207307e-15,-2.14027687655237e-15,1.47623483827726e-15,9.34012344859734e-14,0.0123707158533025,-0.406075412955849,2.46983049771514e-15,2.27702497142473e-07,-5.68415353934124e-07,2.18231436161885e-15,-2.47239944139235e-15,4.31008960339017e-15,-3.52797379871374e-15,-1.67566661019099e-08,-2.1088503544023e-09,-5.8669641130595e-15,-2.4581324807626e-15,1.82867262833689e-08,6.29377701571794e-08,5.82557754900598e-09,1.07915110236274e-15,-1.65629228281155e-15,-2.27572947727966e-15,1.58966176823414e-16,1.71507125898577e-15,1.06585720527949e-15,4.82237501934278e-09,-6.37868143686602e-09,-1.54765842417667e-09,-2.22916588533715e-16,-7.76318458296519e-16,5.22042214629076e-16,2.67777326354013e-15,3.05215486032405e-15,-6.86314431896454e-15,2.13972523368207e-15,-1.67215340074202e-15,1.33734810913176e-16,1.74157129684028e-15,1.83257521582402e-15,-1.45041851100914e-15,-2.31184160417201e-15,3.3575526005248e-15,1.34298943081384e-07,9.64321746265853e-16,-3.70461704074439e-15,3.13439959262301e-16,2.67931415295498e-07,-4.72041202041193e-10,-1.58633794331972e-16,-1.03290299417564e-05,2.61969450684131e-07,-1.11615586722015e-15,-1.4003074280885e-14,-7.70649517912178e-08,-7.67007635708493e-17,7.16865023878603e-09,-2.23745919544992e-15,1.05861493033959e-15,-9.65672355266174e-16,-1.1195740969562e-15,1.08370935152299e-09,-1.49380427256794e-07,-1.72379457979893e-14,3.33404182054897e-14,1.5686271507195e-15,-0.707106781186568,-1.66449305727401e-10,1.06224194091732e-13,-2.01155846163375e-14,1.29804270867316e-15,1.05768977775418e-07,-1.67076424707791e-15,7.68382319282613e-16,3.13334182634302e-16,-3.99970384455309e-15,1.01018219884935e-14,-8.34138593959802e-14,-4.12415777348636e-08,-1.56159074255891e-15,2.47683393894801e-16,3.08441275793903e-08,-1.70087460459032e-15,-6.36169044880401e-15,-5.58660145814636e-17,-5.0858236174667e-15,1.83297021244288e-07,-8.62059597484366e-17,-1.96909827069547e-08,-4.64401422042721e-17,2.00564097814441e-15,-4.08205286291997e-15,-1.38748104870049e-15,4.78329882872873e-16,1.89978791020794e-15,7.18199778292867e-10,7.25494611009009e-16,-1.2404832861845e-15,4.08232883087222e-05,-9.01295094698819e-08,2.50061924656984e-16,6.35722874852409e-08,9.32627360177641e-09,2.40766432796524e-16,3.20168888346202e-15,6.07513354319983e-16,-6.8559186113343e-16,5.30792004447543e-16,-1.60017286808806e-08,-3.30018359863283e-17,-3.69883323816953e-15,6.53649305685671e-16,6.43668860387207e-09,9.18416896462835e-16,-1.75663834990977e-15,1.42315604520243e-15,3.84279660978092e-16,-2.94987074611381e-09,1.34654691129758e-16,6.13607234781406e-09,2.29650188595966e-16,1.96205877692025e-16,-3.90720785842101e-16,-3.56911005954673e-17,-9.18934745389301e-17,-1.0280626501973e-15,-2.83580223665365e-16,-1.38931187303973e-07,-1.72257820142268e-16,2.08535752944115e-16,4.52217081313459e-08,-5.07935428250561e-16,-1.46198045565774e-17,-7.16068574699448e-16,1.99083748439591e-16,1.22198701914059e-15,5.38929052776978e-16,-4.77827220553569e-08,-2.706111099355e-16,-5.46866288665669e-17,9.84195477855509e-08,1.05550363696869e-15,-3.74442165299305e-18,1.22222477156658e-15,5.38966925967181e-16,5.97894720161237e-16,4.03758825408465e-16,-3.13195949324815e-16,2.6377115181941e-16,2.06440587483514e-16,2.14488376814002e-16,3.54228598582586e-17,-5.20616558152155e-08,2.23608343542006e-07,3.79428129927588e-16,6.28907107985292e-16,6.747781858081e-16,6.51482309098174e-17,5.12393946716649e-16,3.62807381676566e-16,1.61351123286555e-16,1.10552956272237e-15,-2.18048905008619e-09,1.07403557020197e-15,6.38177412453417e-16,-2.18364023065224e-16,6.18038078081999e-17,2.80250278644548e-09,-3.34115878393408e-16,-4.40834367029339e-06,1.21957056669064e-16,2.26010828404539e-16,-7.68459738602764e-16,-1.91048332676874e-16,-4.30843183899061e-16,3.5287753058478e-16,-2.41850381453625e-16,-4.93368196359073e-17,-1.69701629471567e-16,-5.58069257625928e-16,5.5899974818371e-16,-8.87538619510525e-17,4.47044405183331e-17,1.89010303437988e-16,2.47556466125619e-16,-2.63343379751467e-17,-3.35495330576189e-16,1.79806085360817e-16,-4.14576989705199e-16,-3.11887250987276e-16,2.5205532105943e-15,8.59480307330293e-17,-1.96912019259326e-16,-2.76530756103944e-16,3.21201174078097e-16,2.14991352928889e-10,5.22338416373621e-16,1.28866592103431e-17,-3.24725231151737e-16,-3.77061408119988e-16,5.90624322908785e-16,-2.01872612432646e-16,-3.71972217971164e-16,4.0200842827972e-16,1.92733678552571e-16,3.32743472028376e-17,-7.44630052063044e-16,-1.6568241316157e-16,-1.74466189132217e-16,-3.27283056760374e-16,-1.58394714691598e-16,9.89018703525203e-17,1.03732772783698e-16,-2.78695409575215e-09,2.5473715248716e-16,6.77524307183039e-17,-6.01355898287197e-18,5.67741021775291e-16,7.66000853605181e-17,-1.25665266411377e-17,-9.37416367129624e-17,4.7776934829184e-16,2.38969386813171e-16,5.9430571615636e-10,1.3463744564974e-15,-4.29990547392733e-16,-1.27336804826184e-16,1.27689885213742e-15,3.89372085160857e-16,1.93023196315589e-17,-2.84560077480159e-16,2.91984794370707e-16,-7.41484851046192e-17,-4.55132965164146e-16,-2.95756196882397e-16,-1.04509197617114e-16,7.32862332890257e-18,3.01527457262554e-09,-4.87032437181973e-16,2.45877890006736e-16,2.33609901031035e-17,-2.842344415388e-15,-9.09745948056293e-09,-4.72284761987231e-17,-8.38234084630748e-17,-4.23171562076154e-16,1.46895747166045e-16,-1.74615099234209e-16,2.45599535385725e-16,7.85680795752024e-16,3.53403346746689e-16,-1.04508248908021e-17,1.6224621824386e-16,-1.18589842673387e-17,1.9174616328408e-16,-5.64381178911858e-17,2.45364547121019e-17,1.32319543011926e-18,-1.05489358755819e-16,-4.28007112452827e-16
"t522",-0.0433934190462174,0.0394689624314739,-0.0648797416772311,0.0314189165113277,0.00930883374107651,-0.00485707782151147,0.0321966614974306,-0.0733642845903733,4.29726120643893e-05,-0.000248782145199423,-0.000135793322653406,0.00709787358231118,-0.0116008547426068,0.00166741886888114,-0.000399323193176419,-0.0551435051366349,0.00123215170572582,-0.00248765128549134,0.000163185297254979,-5.3160864833042e-05,0.00409163730053538,0.0122575315263763,1.70992385565461e-05,-9.83159358506902e-05,1.41553703740006e-05,-4.17227191132526e-06,4.46775939938384e-06,-3.72910716387028e-06,4.02643837940243e-05,1.0737760709336e-05,3.67378975411157e-08,-1.82929143111123e-07,0.000135977703223133,-4.97514504491917e-07,3.88180876054715e-07,9.25029070316711e-07,3.89651102416643e-05,-2.96802575831864e-07,-2.4831248417506e-06,-7.25695276882842e-07,-4.25986135917834e-05,6.13019548183121e-06,-5.58453393633815e-05,6.5811449555048e-06,-0.00157189353864047,4.47908144163292e-06,-6.61867670690254e-06,0.00013911111353493,-1.29470429917098e-05,3.16463733453438e-05,-0.000348331167485131,4.98402126759308e-05,-7.67411610731137e-08,0.0701850126746371,2.26503706192148e-06,-1.78806617031587e-05,-5.53237721925979e-07,4.68990391483941e-05,-1.62881510804453e-05,0.00119760501620079,3.55132091571111e-05,-4.57966440628665e-06,0.000161318766723631,-8.74802888275861e-05,7.16104004836873e-06,-0.000189315095216243,1.52789539272063e-06,-6.10604405502657e-05,0.000177097136573224,-7.76269105415226e-05,0.000122127914750787,-0.0291110343900117,4.85144482326505e-05,0.0057372894139454,-0.00288772864166959,-1.35048267731358e-05,0.379365631973119,0.000398764041381323,-0.000486602669947622,-0.000472190946464173,0.000113036151965449,0.00164484269093535,-0.000188273815657237,-0.00120804706614646,0.000115807938339368,0.0286219775903115,-0.0215093404464366,-0.000458561632487811,-0.000197636505060986,0.313104950059501,0.000385865677707494,0.234260977878575,-4.55300638421955e-05,0.00142869203338512,3.53672581655681e-07,0.000762459789852412,-1.75878520030955e-05,-0.000265899324744673,3.69289088051562e-05,3.68782557726794e-06,-4.99198274303774e-08,5.58815696861414e-08,-2.56134740368066e-07,1.04210348326167e-06,-4.71100304451787e-07,5.44198859257387e-06,-2.69757213951206e-05,7.23701846144212e-06,-4.30108413605603e-06,4.89857552307557e-05,4.72160489847229e-06,1.1817957403582e-05,-2.6187017882089e-05,2.57603751418862e-05,-1.02123240383996e-07,4.08929880154374e-06,-6.15232337314278e-06,6.92063382315808e-06,-7.5518206723019e-06,2.01112971351424e-05,-0.000103653110083331,2.90516644665886e-05,-0.00011776152151837,-0.000401473095263879,0.100915400636881,0.00010626434494889,-0.000691348285120245,-4.81700728327481e-07,3.61842201857288e-06,0.000119695295392151,-2.02901145769452e-06,1.28230376853493e-05,-1.5573578021106e-05,-3.15076289882689e-06,9.31692886018893e-06,5.38794352775274e-06,-3.20628531554664e-08,-2.15367260860403e-05,6.81548643134648e-06,-1.96489199746874e-05,-1.28744434360237e-06,-5.13877310341387e-05,1.26409749460663e-05,1.80290792177064e-05,0.0104898827609198,-1.06726018888466e-07,-5.05395176948143e-06,7.62064923209818e-07,4.99329281055733e-08,-1.70045603155745e-07,-0.000734015335431049,-4.91118093639649e-07,-8.43629187801616e-05,4.0489941423938e-06,-1.18272709609212e-06,-1.02501619785001e-07,1.53192878134954e-06,-8.28289941589615e-05,-3.78991010645498e-07,-1.25099861809109e-07,-5.94751514663721e-05,1.15211320846305e-06,-6.19106213907365e-07,-8.13588689641944e-05,9.32427760195747e-06,-3.27523460544543e-05,4.77798089702685e-06,8.15881925505696e-08,4.05551905940684e-06,5.37574280379112e-06,-6.32850440662349e-05,-1.49265340872168e-05,0.00354802295358006,4.24971630369177e-07,7.45009299536765e-06,1.67044683881372e-07,6.5976329141757e-07,-4.53384694562598e-06,-3.59403129904444e-06,-0.000587612589426403,2.89085921870745e-05,9.14466658850373e-05,-2.25518462479734e-06,-7.23970775386265e-08,-2.78044698487759e-07,-5.00213556554765e-07,-1.01928586447536e-05,2.80110899513338e-06,1.28226092329342e-05,-0.000705597375066617,-2.37151926039969e-07,4.61295630122788e-07,1.85250159688876e-06,2.40542900279496e-08,3.24657163518849e-07,-4.94677737228303e-07,-9.63404593076682e-07,-0.0103123394342467,2.84989270932505e-07,1.93289649531747e-07,1.93223597822395e-07,3.26236567695107e-05,-5.39504176250879e-09,-7.47828051598687e-06,-1.63700254369669e-06,-7.50410085891307e-05,1.35892422354762e-06,0.00274473151725171,-4.57772873855286e-06,-2.31975698869371e-07,-2.34069131697036e-05,5.30039439701626e-05,-0.000136762384370595,-2.18495317245347e-06,-1.15960163658664e-05,-1.58413748045477e-06,1.79384670658985e-05,1.96853974954795e-07,-3.56695365390291e-07,-1.76671410593619e-06,-9.62491353946047e-06,0.000100738655746909,2.92689560040387e-06,9.56324593653169e-06,-2.45483681332163e-06,-1.25720233510075e-06,-1.32694150528792e-05,-9.2629046025402e-07,-1.46510232843357e-06,-1.18075831039176e-06,3.28724308193497e-05,5.20204511287326e-06,4.07141618902565e-07,6.82903763369532e-07,-3.72787109914422e-08,-4.82440924529643e-06,-3.47243754225542e-06,-1.84833763724518e-16,-8.16229096299929e-07,0.00144485702686705,-1.04333074736424e-06,-2.9327037368215e-05,-4.46218287296925e-06,4.17726999734594e-05,-3.92743395564332e-06,0.029984589666621,6.19219896143805e-07,-5.35244315903878e-09,4.34682432671641e-06,-2.02279010682928e-06,3.28023711146789e-08,-3.10435994201252e-06,-1.06157219639024e-07,0.000705567790765284,-5.18275410376495e-07,6.66031195620422e-07,-7.12946837114991e-07,8.01524144251469e-05,3.39696768271415e-07,-6.6428353192111e-08,1.46844343867939e-06,-2.8527434624097e-07,3.13847989005476e-05,-1.56866951530764e-05,1.57275502571188e-07,-5.35538905809123e-08,6.35559562043158e-08,4.49612114315816e-06,-1.02677034272553e-05,6.74385389419085e-08,2.69574502769735e-08,-5.84706350050735e-08,5.06503350769927e-06,-0.000496241781494694,1.21210019995607e-06,-1.72557688687999e-05,0.000103144862621559,-9.53772577344695e-07,2.23923496745631e-06,-8.18473305412325e-07,4.44761797970688e-07,-1.64492354067325e-17,-1.09616894245091e-06,-3.75540864689175e-08,-3.49271718934328e-10,-3.02367939552985e-06,5.3602434878371e-08,-3.3180441457141e-08,-5.93726831883503e-06,6.67725648297508e-07,-6.95975816506108e-07,1.82285853548639e-06,6.66475431329507e-08,-5.91788275860803e-08,7.64289784751918e-07,-9.24928012777559e-07,2.06319962515784e-05,-4.45327156032237e-07,0.000194575540694999,2.13585438329067e-08,1.19920275009678e-07,1.03885536639108e-06,-8.56351645975844e-06,2.01821185720271e-07,-7.70000946239486e-07,1.03116383127544e-06,-3.7361969531134e-06,2.32703671492186e-07,2.10042741694298e-07,1.59889840674489e-06,-2.68699070977621e-06,-2.15082278326307e-07,1.7453829983082e-06,-1.13755224945735e-06,2.80667148292285e-08,2.60350787188301e-07,-5.02416159426382e-07,-5.78257457635763e-18,1.46873655783398e-09,6.17520056704343e-06,-4.62994103872249e-05,4.04201525417877e-07,3.64006894384865e-07,1.06859375357533e-07,2.47828525792967e-07,-3.6213127372913e-06,1.34163458811611e-06,-2.39599696965883e-16,-1.02006024858148e-06,-1.2422704801084e-08,-3.46564457904279e-08,1.15256402212668e-06,2.59078978450362e-07,-1.74340095759122e-08,-6.64025256618204e-07,1.76524365317795e-07,-5.8119888750812e-06,1.09432683831445e-06,-2.21560343262691e-07,-3.99915422627989e-07,-2.11212201325864e-08,-1.70550588088705e-06,-3.96937979385407e-07,1.66133905193329e-06,-4.29517573299472e-07,5.28168252021169e-16,-6.53302978288838e-05,2.58032562371596e-05,1.80564721700486e-08,1.28393366026398e-06,-7.94397072971244e-07,-1.63581235370452e-06,5.74162154149802e-06,-2.08378450092948e-05,-1.44270461062377e-07,-2.64305913789494e-16,-2.64892169895324e-07,-7.32389767287712e-07,-3.32716041250582e-07,2.71623699247276e-16,6.25011932187809e-07,8.14217031077916e-06,-1.24100887353433e-06,-5.07804032988133e-07,-1.68973451371189e-07,-9.02660568812693e-08,-3.22388935415249e-06,8.96221480280711e-08,9.52141298547635e-07,2.78027019187196e-07,1.9698812248566e-07,1.48679931879686e-05,6.00506601056303e-17,-0.00132562731606669,3.33099921865927e-07,2.25942025449879e-06,-2.29299797504038e-07,-1.13199801991013e-16,-2.21812564216121e-07,2.32447358154695e-05,-9.82579517268946e-08,-8.72427612180336e-08,-2.20390762803609e-07,1.22413714541575e-05,-3.06975885459845e-06,4.21786544987386e-07,-1.78660058761633e-16,1.53578746575666e-06,-7.54121196732213e-05,5.59056915392207e-06,1.86651827465384e-06,-1.89673124531836e-07,-1.27301392135283e-09,3.64291929955129e-16,-1.49712602366154e-16,-1.22763656814277e-09,-8.88683539971076e-05,0.000243961467332208,-2.06531266208606e-07,2.2282195513608e-17,-9.78783555006016e-08,-1.15453378233982e-09,-8.36517614564531e-17,1.62695031846765e-18,-1.98010388224031e-17,2.43838456054904e-07,7.18751149149694e-07,-1.03707071297854e-06,6.11307283862126e-07,3.04666706979603e-07,6.2557392992193e-07,-1.88974732106653e-06,-9.2375849308655e-17,-4.11996832028955e-07,1.49792210231291e-06,8.35986935820337e-17,-1.4721580483323e-16,-7.24561929918296e-07,-5.62014874746198e-11,-0.000694730605292917,3.28761891141654e-07,3.14144992541305e-06,-2.24790836076089e-08,-4.803455234065e-13,-7.56694910738921e-08,-1.7559597369356e-16,-2.59928709457603e-07,1.42681005899092e-16,-0.000758193796735624,4.71002101942877e-17,3.58609951990479e-07,6.4389633002777e-07,2.98500026431343e-08,3.92359300990266e-07,1.35182514455783e-06,-0.000251341263810201,9.79839455422271e-07,4.89174332524839e-08,2.37967100978095e-07,2.1967308828226e-08,0.000552098409429792,-9.57573340625693e-07,-2.37257047146304e-07,-1.95765705353949e-08,-0.000736740983716457,3.43993144943765e-16,4.22764333355233e-06,-7.30977211068343e-07,7.2003114467454e-08,4.31148533310887e-16,9.52328613798669e-09,2.57768294192883e-07,9.21631442233877e-07,-6.03374878056051e-17,-1.5512782077096e-06,-1.18567082561649e-07,3.39210868362341e-16,-1.56626612217486e-07,1.81480927272054e-05,7.01085473019153e-17,8.09163906588642e-16,-8.85957798365834e-08,-6.85316391043907e-08,-3.90579289172748e-10,-5.42024564501358e-07,1.43966092266374e-07,2.93780513013624e-07,4.07951462417335e-08,4.98924279696509e-07,-8.46169189480409e-07,-5.25317636612677e-15,1.20980480941179e-08,1.2011709022053e-09,3.31507020757985e-09,3.10258442485373e-07,5.44043047413736e-16,1.01138377145233e-16,1.02063005459537e-07,-6.10162575272117e-17,-1.16456577496425e-16,6.4216818883429e-07,-7.17099475107488e-07,-9.28191641483315e-07,-7.73660029039826e-09,2.34743857175089e-05,5.15174088126489e-07,2.31408341094237e-08,3.03787807472682e-16,5.63922395491828e-08,2.63581904519172e-09,1.20975508900249e-08,-8.48197777666813e-07,3.34803350913069e-06,4.79957450271974e-16,8.22901680403258e-17,4.55350890175384e-15,-4.21355890169576e-08,-1.40513871043346e-07,-1.17778170819286e-07,6.31242093263929e-16,-1.07757177725045e-07,-1.89666195588025e-16,-2.45399144495656e-16,2.54241377922899e-06,-5.58247566276156e-08,1.15098902631061e-15,-1.37416760379671e-07,-4.92777954720721e-07,3.16171439449281e-13,2.12430877880763e-07,1.25846025264857e-16,5.67783704242343e-08,-1.87929657614818e-16,5.66534295525306e-08,4.90441307979649e-07,1.23290138029567e-07,1.67095278260874e-08,1.14757979669101e-07,-3.168439747466e-05,1.58676453884941e-07,-1.01890140242009e-16,9.38875984995856e-06,-4.08529773751253e-07,-6.37205488076721e-17,-8.35547375628135e-05,-1.58194490586927e-07,1.91711439032019e-06,1.72899592889004e-16,1.18319328534193e-07,1.08585350768471e-06,4.74700819407682e-16,-3.91250987390746e-07,-8.65711300238667e-08,-3.13159434862686e-08,-3.58812725527512e-16,-1.13556214325585e-16,8.09380971601837e-08,2.4817224418201e-08,2.00842662714567e-09,-2.92013523706142e-07,1.48337585617799e-08,4.97933756303443e-16,5.68756541434129e-16,5.42044133669196e-08,3.73671136779751e-10,2.64332588003519e-16,1.31221561386294e-07,1.60756096252932e-16,4.71355661655293e-07,-2.52094792130834e-08,-1.4732104189938e-08,-9.77329691544234e-08,-8.40600963335418e-16,-6.85087972917767e-18,-4.44504567610806e-16,-2.98502013197328e-17,-5.47762948126442e-08,-1.42327252066347e-06,6.32420379982928e-16,-8.80967031784085e-17,-5.33368151454943e-16,2.68131048176369e-07,1.80560630874439e-08,-1.33147627184929e-07,4.7642052981184e-17,-1.23913466293368e-15,4.6259654093439e-15,-8.32894552724292e-07,1.76812739715768e-07,-2.9976344096276e-16,2.32972383527062e-07,-8.1588324467599e-07,-3.23178394130594e-16,-6.28261553562673e-16,-8.17798666004908e-08,-8.38215354984904e-10,-4.06519691819893e-08,-1.19534898641433e-15,4.59871841823381e-08,6.71817087786245e-08,7.24172987384505e-08,-6.64630835077699e-08,-2.37199477014088e-07,1.51727390529475e-07,-1.05057190531774e-15,1.09887912562195e-16,7.37535105764195e-17,0.000592529370696828,-3.17798154352985e-07,-1.92695841840029e-08,-1.56104922313086e-08,-1.26769698071748e-15,-7.18228984612411e-18,4.46055590221528e-16,6.89547492221142e-16,8.77408044183631e-16,5.29137107803694e-07,4.90790484117784e-16,-3.42660657219855e-16,-1.25193766803589e-08,7.72472874701665e-17,-1.12141029265012e-08,-8.22651328046328e-17,-1.39179609254075e-08,3.01514873392438e-16,-1.72433081814971e-08,-2.17123795401486e-09,-1.03389967844058e-05,2.32214639733898e-16,7.11925130001693e-08,-6.36785039130891e-16,1.04275696887978e-07,-1.33586429814785e-06,1.07101806226446e-09,-4.44375790656991e-15,1.60313547722284e-07,6.91411687486284e-16,-4.13356451717236e-08,-2.33927528213822e-07,9.91123914330562e-16,5.7262456924287e-17,1.76576003669272e-16,1.99247990909647e-16,-8.24668595184875e-10,-1.08974552391232e-08,-2.47781382519743e-09,-1.34416939531488e-16,4.74877708178945e-16,-2.039757823416e-07,6.03018847952497e-05,-8.14342394616358e-17,1.55159567386676e-15,-1.5596860949782e-08,-1.43944078935714e-15,-1.17954438482948e-07,-1.19003260829747e-14,1.44925582134516e-06,-2.17000040871032e-15,6.35149655284745e-15,6.57941670551454e-16,-2.55778317967773e-15,1.02723455858575e-15,7.42792371836414e-14,0.0123707158533046,-0.406075412955915,3.18104956309639e-15,2.27702497647264e-07,-5.68415353545617e-07,2.75599927775232e-15,-3.06569470670083e-15,3.45008188813645e-15,-5.28103507159445e-15,-1.67566640109352e-08,-2.10885343623734e-09,-2.73750491243343e-15,-2.8613896474874e-15,1.8286725453208e-08,6.29377654516596e-08,5.825578535141e-09,2.25249784039156e-16,-2.55490188934247e-15,-7.64389663849207e-16,-9.2837069172921e-16,1.78330359861422e-15,-9.75009455447619e-16,4.82237457823818e-09,-6.37866210784817e-09,-1.54765454999288e-09,-1.39028147341087e-16,3.97146061744249e-16,-7.44476243560219e-16,-3.07090424236856e-16,-1.22123590918907e-15,-6.64693831284833e-15,-5.89015057084899e-16,3.11112044332242e-15,1.7504825174858e-16,6.47298633556291e-16,-2.26332791612816e-16,4.55998997863318e-15,9.91706310506553e-16,-1.82019611451443e-15,1.34298940783114e-07,-2.12233709840287e-15,4.62116673182755e-15,3.21026320445428e-16,2.67931416105472e-07,-4.72041053582658e-10,-1.39858513786475e-15,-1.03290299541288e-05,2.61969448695042e-07,6.38069124673216e-16,1.16168529347988e-14,-7.70649534453273e-08,4.75955251737632e-16,7.16864514901901e-09,2.46219157714174e-15,-1.39574636362738e-15,9.15967440008309e-16,1.06267467247488e-15,1.0836856589268e-09,-1.49380433615077e-07,1.71645541912669e-14,-3.23226280907341e-14,-1.3785260911392e-15,0.707106781186529,1.66451062351761e-10,-1.06802515759846e-13,2.05608972568636e-14,-1.42472212625663e-15,1.05768997708573e-07,2.0146557454949e-15,-1.16840449312754e-15,-9.57991534323138e-18,4.72191204604165e-15,-9.49078601337948e-15,8.87026224622261e-14,-4.12415802657397e-08,1.4754958937072e-15,1.00484052436887e-17,3.08441263979184e-08,2.72032803460135e-15,7.55286803234207e-15,3.44558350655618e-16,5.33018651924164e-15,1.83297030604707e-07,-1.21864529878687e-16,-1.9691016944509e-08,-3.65220652020989e-16,-2.59914309522083e-15,-2.0165973003414e-16,-5.49579921298887e-15,1.49135673029099e-16,-4.78510460811982e-15,7.18192083784086e-10,-9.39114531253749e-16,1.47573323459736e-15,4.08232883135576e-05,-9.01295107190384e-08,-4.98411920013039e-16,6.35722892422796e-08,9.32626715074804e-09,-5.34583665160374e-16,-3.98683867257288e-16,-5.72225114182625e-16,8.72692818317933e-16,-7.19286207255518e-17,-1.60017316286566e-08,8.79099238748843e-16,3.86097307037694e-16,-1.0925920317548e-15,6.43669354695092e-09,-3.29645618308746e-16,1.22819618326316e-15,-1.88133005784665e-15,-6.20934224760627e-16,-2.94986949817029e-09,2.0820577781845e-16,6.13607190932524e-09,1.7150537737194e-16,1.23785456782925e-15,8.00077453712653e-16,-4.40942119409455e-16,-1.428982322666e-16,5.69222716624226e-16,1.87433766925851e-16,-1.38931187945811e-07,-8.96951817285762e-16,-3.64307388265236e-16,4.52217070720445e-08,8.57095032871823e-16,1.02636574244739e-15,1.24774640342207e-15,-2.69470932278082e-16,-6.45198498728613e-16,-6.40064014378376e-16,-4.77827217639168e-08,9.00134524604528e-17,1.02274136938683e-16,9.84195474726608e-08,-1.57170538240352e-15,-1.05894806947196e-15,-8.7785765286259e-16,-5.250295504816e-16,-8.69967992144352e-16,1.4991627239971e-16,3.88049680811119e-16,1.96381593157e-16,-2.50161342516837e-16,-1.17045427951116e-16,3.45432087913722e-16,-5.20616600216171e-08,2.23608344707546e-07,-4.1697070215454e-16,-6.98627667059225e-16,-6.19355153563915e-16,-3.65068429543685e-17,-4.52762827229947e-16,-2.77417170920074e-16,1.01752046567406e-16,-7.58105619469478e-17,-2.18049218817483e-09,-8.35397980683124e-16,-5.79543306553356e-16,6.43241880840758e-16,1.23798889954778e-16,2.80250411707562e-09,4.58068311741313e-16,-4.408343663773e-06,3.94290894927921e-17,-3.44172764627619e-16,8.75612819093709e-17,2.08889780483161e-16,4.75648179525252e-16,-4.65234043341403e-17,2.19524098437383e-16,1.36589545351465e-16,2.82466614624531e-16,3.57627873389907e-16,-3.18755708333002e-16,2.8987311057264e-16,3.95504562098641e-16,-3.53391109437598e-16,1.28883535790164e-16,1.21747104367772e-16,2.89888166201273e-16,-1.59370226099085e-16,-3.09694983488777e-17,3.49997460165346e-16,-1.40707757945169e-15,6.01249654316088e-17,4.6783815294907e-16,3.90764192381194e-16,-1.29729735625764e-16,2.14990852103688e-10,-2.81494675717404e-16,8.95482846707677e-17,4.5482121789894e-16,-4.50889060928674e-17,-3.06292863038869e-16,3.00060953683406e-16,4.48676887277752e-16,-1.4280095255752e-16,-2.1720423717996e-16,-1.54134184373608e-16,1.35525271560688e-16,3.9719512801388e-17,1.7994219843716e-16,3.05469899091044e-16,6.10008160932158e-17,-1.43612976031804e-16,-1.00913012420154e-16,-2.78695564184245e-09,-2.37618119243421e-16,-1.77258495791057e-16,1.8181433079812e-16,7.38896140243112e-16,1.855472690157e-16,-3.39185038856857e-16,1.42633815273136e-16,3.98691322903379e-16,-1.39104575071311e-16,5.94299902576103e-10,-3.00600891571889e-16,5.45631639176968e-16,-1.4976908311145e-16,-5.64436345681799e-16,-1.05924506556945e-16,5.65018908474064e-17,1.24899866827937e-16,-1.07318260716188e-17,-7.21132864956996e-17,1.53413494472245e-15,-6.536185610215e-17,6.06720276356203e-17,2.35326530467961e-17,3.01527518293616e-09,2.94126272290828e-16,-5.2322206304738e-16,7.870942658341e-16,-5.16297074537597e-16,-9.09745963266322e-09,1.63379122727362e-16,-1.26175564186285e-16,5.39681869488625e-17,-1.46454633472153e-16,7.60348554505109e-17,-2.50344318059069e-18,-5.87847235065148e-16,-2.2033977160293e-16,-2.92743063515985e-16,-5.23221648876641e-17,8.18896503129936e-17,-2.37933278371863e-17,-1.60462532452343e-17,1.58496996521467e-17,-6.92831516988215e-17,2.55333872860965e-16,-1.82093099265406e-16
"t398",-0.0450439918118975,0.0427839055069929,-0.0705217159936741,0.0352016854545246,0.0107222874121785,-0.005747586275565,0.038239030782561,-0.0884706550567438,5.38599218129596e-05,-0.000329906106685947,-0.000197798746799203,0.0116017893241093,-0.0193305785417294,0.0028075214515427,-0.000693621010434783,-0.100274512307632,0.00228661255778327,-0.00469151808219301,0.000314403093172475,-0.000111657446122978,0.00947468113999575,0.0395806798571765,6.34390149783857e-05,-0.000370704516883032,5.39836511087761e-05,-1.84836550265447e-05,2.0661318254627e-05,-1.78469875622117e-05,0.000215362917642987,0.000308380247228864,-1.19594668315395e-06,2.3365495536175e-06,-0.000870101761372465,2.36682673820619e-06,-1.43958323766746e-06,-2.54916017030544e-06,-0.000103050428030118,7.47479914704345e-07,6.12865858134802e-06,1.71693120790628e-06,9.35222859339087e-05,-1.27151723268433e-05,0.000112169649228575,-1.31851427703044e-05,0.00304283241835189,-7.89885370355817e-06,1.14780582122832e-05,-0.000239882677093203,2.21649760220547e-05,-5.46970807575998e-05,0.000634489666814902,-9.5183585351458e-05,1.47821539757843e-07,-0.148762781390087,-7.20461067427792e-06,6.37787689464133e-05,-3.20455724350644e-07,1.14161679113707e-05,-3.53389734864387e-06,-8.25012340169967e-05,-5.14067012159752e-06,7.5643820129924e-07,-2.85081095733731e-05,1.56651506918367e-05,-1.36919437594748e-06,3.71528246439674e-05,-2.99704548541372e-07,1.17935488565359e-05,-3.38901914516706e-05,1.45695003403881e-05,-1.99161380750021e-05,0.00415181202472986,-6.76700525346165e-06,-0.000763359491042244,0.000381902915192838,1.7487775193943e-06,-0.0487101570292685,-4.90716390949602e-05,5.41075413682877e-05,5.02813001272337e-05,-1.11397365898661e-05,-0.000159298702318744,1.59217036348886e-05,9.77483278493988e-05,-7.57884470198679e-06,-0.0017531346178964,0.00122638151155963,2.58307817831255e-05,1.10974482772789e-05,-0.0174400846381225,-2.08697339796362e-05,-0.00907396028074834,1.69874214558742e-06,-3.9436020291754e-05,-3.5959787246615e-09,-5.66331451265095e-06,1.28371233400367e-07,4.34813480511796e-08,9.44525395739915e-08,4.88631957015068e-08,-1.12548597563377e-09,1.30777134898109e-09,-6.24289026835855e-09,8.13115963878773e-08,-3.91908528660938e-08,4.75486106839007e-07,-2.56792144590345e-06,7.05395186771915e-07,-4.3703753048873e-07,5.29823295231861e-06,5.21118851530377e-07,1.46975112156027e-06,-3.30334849218207e-06,4.45300192590114e-06,-1.8914123533354e-08,8.8476415947747e-07,-1.43088031259833e-06,1.98513003971697e-06,-2.70838238576388e-06,8.71491582028665e-06,-5.05540815979169e-05,2.346190664757e-05,-0.000153133135603077,-0.000533982837632287,0.146709593345213,0.000419278722304763,-0.00315587124469282,3.97102694899039e-06,-3.83826032282412e-06,-0.000125915796624318,2.01477211887066e-06,-9.09672161456301e-06,1.05634146761416e-05,2.07566377575127e-06,-5.58914446636169e-06,-3.20026121074814e-06,1.79020875836932e-08,1.32905465955978e-05,-8.46652616614329e-06,2.55715848367801e-05,2.44639122525246e-06,0.000132261049420381,-8.73023877480652e-05,-0.000410051786926116,-0.246314999010595,-1.29537757453869e-07,-1.407077136009e-06,8.50213260306104e-08,4.53545125022705e-09,-9.85712392189015e-09,-4.10400294925232e-05,-2.30473662823365e-08,-3.56374394650162e-06,1.51359674478625e-07,-1.01857204926894e-08,-5.93043590208898e-10,6.10097518372695e-09,1.04642623102778e-06,4.94883323985264e-09,1.63337642854146e-09,7.59757986188702e-07,-1.4588933207403e-08,7.16869877530311e-09,9.27725491800755e-07,-8.97067759253256e-08,2.34865463462959e-07,5.13068873732567e-08,9.98831981315014e-10,5.13171223946892e-08,1.10377077038896e-07,-2.36186433429479e-06,-6.13223210091686e-07,0.0175713915814781,-8.33609619543875e-08,-5.10608103422528e-07,-1.00457693638571e-08,-3.74061513592099e-08,1.35004182521554e-07,7.49040471025983e-08,1.16397793152804e-05,-5.4643976118858e-07,-1.51504588614954e-06,3.55751977516245e-08,1.08913442259635e-09,4.00108493818506e-09,6.20239073323799e-09,1.21760666035388e-07,-2.37523934878114e-08,-1.073991303204e-07,5.18962118488209e-06,1.13066447895689e-09,-1.29048614496582e-09,-3.97003207710124e-09,-2.84931175278177e-11,-1.54325632914523e-10,-8.70492186330419e-10,-2.29722485240952e-09,-7.38753611036558e-05,-1.01672549912051e-10,1.08696505188101e-09,1.11487955928016e-09,2.29740242331019e-07,-4.44408452052626e-11,-8.19963704790399e-08,-1.79690674013204e-08,-8.42011783125856e-07,1.62528050762556e-08,3.42217268756153e-05,-6.31672772158179e-08,-3.57629830929159e-09,-3.90924080721307e-07,9.06142792887517e-07,-2.58072431970293e-06,-4.33828884275675e-08,-2.30543997518949e-07,-3.27141832063292e-08,4.05843682303814e-07,4.52924108601097e-09,-8.95196158830266e-09,-4.69872966963836e-08,-2.61101805862611e-07,2.96297930634876e-06,8.77561541595522e-08,2.92837717542009e-07,-8.02047539510095e-08,-4.1623680065748e-08,-4.40761303996144e-07,-3.31130962009181e-08,-5.48592941763363e-08,-4.66520397998131e-08,1.33205726236913e-06,2.16542646512297e-07,1.73928141968535e-08,2.93921498138441e-08,-1.72494842470602e-09,-2.34365225024199e-07,-1.78496026534566e-07,1.15957538819244e-16,-4.58894894576201e-08,8.28183301828265e-05,-6.9526317746941e-08,-2.25514491593799e-06,-3.96394670886419e-07,3.74680560382324e-06,-5.16274349566951e-07,0.0043013075275893,9.27842135723967e-08,-1.02626605918238e-09,1.03617872580454e-06,-8.93219772355129e-07,2.36791127894605e-08,-3.04513356133948e-06,1.06934719514519e-07,-0.0156720788833993,-1.08613991813087e-09,-8.3543729747911e-09,7.9740037672401e-09,-8.68040300067016e-07,-2.48337105894487e-09,3.64091061800653e-10,-4.60701037107119e-09,6.99473301354338e-10,-5.54339583861393e-08,1.36117294444706e-08,5.64510611526873e-11,-2.63209627778525e-11,1.9703260644963e-10,1.41763650201619e-08,-3.29804565273611e-08,2.57191647108946e-10,1.08593637912699e-10,-2.73618689290285e-10,2.42900658179402e-08,-3.89331371263935e-06,9.83173140832137e-09,-1.434601566061e-07,9.02769202588361e-07,-8.65911975350864e-09,2.18153260185509e-08,-8.11728737642663e-09,4.47030037727068e-09,1.8717942431917e-16,-1.14833485344263e-08,-3.95374285115385e-10,-3.73484425982276e-12,-3.34060109051379e-08,6.06698033701682e-10,-3.79455908761728e-10,-6.82304462068443e-08,8.0638645290149e-09,-8.4257236912515e-09,2.20825097252996e-08,8.15590113341509e-10,-7.39241031151902e-10,9.57056965514525e-09,-1.15996690694939e-08,2.59778822854303e-07,-5.61677793666223e-09,2.44140820582239e-06,2.67884264592945e-10,1.50388508396862e-09,1.26708576307806e-08,-9.85506467232332e-08,2.30048754503934e-09,-8.64679939273445e-09,1.13537148598691e-08,-4.08751023466212e-08,2.3963343278931e-09,2.15197117057443e-09,1.62253783660271e-08,-2.70850076518785e-08,-2.11878752639077e-09,1.6732324527601e-08,-1.06151012603284e-08,2.58690527761278e-10,2.34792178368172e-09,-4.30882886325726e-09,8.0800113803938e-17,7.82550747514101e-12,3.05667301480196e-08,-2.0211031359239e-07,1.75732226842555e-09,1.57577793498384e-09,4.46867898452109e-10,9.66663420405667e-10,-1.28899183927872e-08,3.81660694774531e-09,8.59564614518753e-17,-1.11081438283174e-09,-1.06727807788418e-11,-1.23958094296218e-11,3.42359406884673e-10,-2.59405459642355e-10,3.05452311656919e-11,1.89698059038272e-09,-6.43921738464754e-10,3.16741035567055e-08,-7.90805389282572e-09,1.86689026865243e-09,3.64966165265709e-09,2.02133870822333e-10,1.76997326182529e-08,4.15534754348383e-09,-1.8370504361181e-08,4.94973884411651e-09,9.58668669753943e-16,9.98009621607105e-07,-4.16020000362956e-07,-2.91273148335953e-10,-2.39986589888987e-08,1.51734350691278e-08,4.04241705364771e-08,-1.52605989793903e-07,5.61914347123343e-07,4.11110730441966e-09,7.27576659243665e-17,8.04840145105315e-09,2.28007952095912e-08,1.13788015304263e-08,-3.45744841742209e-16,-2.38560982331723e-08,-3.19497600120736e-07,4.94170557876801e-08,2.0860329875466e-08,7.334304425227e-09,4.09513684116761e-09,1.51724172296183e-07,-4.7700428940829e-09,-5.15154430419694e-08,-1.67219654096848e-08,-1.53182664004422e-08,-1.17598698456726e-06,-9.33977150049104e-17,0.00556297420338863,9.24083132523452e-08,1.29949676142978e-07,-1.77321615375842e-09,5.08224946605665e-16,4.58691345288491e-09,-8.02458606692169e-07,3.86166668793711e-09,3.61150521496446e-09,9.66073636752391e-09,-5.90342323158902e-07,1.69474153060896e-07,-3.0861687495601e-08,4.70053107820082e-16,-1.40518031528953e-07,7.03441492959887e-06,-5.43107791890693e-07,-1.9212449094761e-07,1.96126917417305e-08,1.3389164510135e-10,-2.60208521396521e-15,5.68982410080061e-16,1.44709473237526e-10,1.66395150992701e-05,-0.00310011727193438,2.43537283086649e-08,1.06399456465947e-17,1.40927941871799e-08,1.78214273607484e-10,-1.42498640523107e-15,-3.85972287879589e-16,-1.29207234005549e-16,-4.65450429871432e-08,-1.41002070876269e-07,2.23889944466465e-07,-1.43439902313786e-07,-7.22008946608691e-08,-1.62551235117491e-07,4.96396045951492e-07,-8.64176437224209e-16,1.32257918306598e-07,-5.19017418953952e-07,-5.27753526146162e-16,-1.71355973630269e-15,3.55821350038881e-07,3.06765892221164e-11,0.00108676849426469,-2.30501785290636e-07,-3.07627436006477e-06,2.36829207561469e-08,3.18982972216017e-11,8.96417851334741e-08,-5.15242364740802e-15,5.58674090692121e-07,-3.06591232436537e-14,0.0788631002511987,6.05090391680065e-15,2.03625879828403e-07,2.13928374631704e-07,-2.33966712381468e-08,-3.82787828038055e-07,-1.45052918566485e-06,0.0322819160203261,-1.38802144204328e-06,-1.85984403783659e-07,-9.14930753972065e-07,-1.3486444580145e-07,-0.59270500715991,-4.97792724812701e-06,-7.11067339646764e-07,-4.91302381149487e-08,-0.0112925418179319,7.21823671496991e-15,5.77791358032188e-06,-8.45738969956695e-07,5.78932555732957e-08,1.13001041995337e-15,7.06864410605329e-09,1.72080993334801e-07,5.90669130255419e-07,2.34442182406175e-15,-9.74433499120335e-07,-6.91441194915113e-08,1.02887463387529e-15,-8.83075957087352e-08,8.61101197110383e-06,3.58814771705969e-16,5.32672842329247e-16,-3.97353047220543e-08,-3.05890912173977e-08,-1.70540258904605e-10,-2.3085371046383e-07,5.81751528290811e-08,1.18200933880805e-07,1.63144244509707e-08,1.87499729157957e-07,-3.03694067167098e-07,8.02656552334469e-15,4.27128057066816e-09,4.22905798648179e-10,1.15598532661304e-09,1.06967957193832e-07,-3.09530601461314e-16,-3.10528253854464e-16,3.46586804800824e-08,3.35317392151332e-16,-8.91557246150719e-17,2.00014241522617e-07,-2.203440053235e-07,-2.85126435622795e-07,-2.30997924348058e-09,6.98286401536487e-06,1.53125904098536e-07,6.84322357943198e-09,2.03289742617393e-17,1.58443295064905e-08,7.33007278416958e-10,3.35303936287504e-09,-2.31284417418877e-07,8.87295773523845e-07,1.81593673210211e-15,-2.91178567797007e-16,2.50822534483505e-16,-1.07468789129401e-08,-3.52809112167922e-08,-2.95376466960868e-08,6.24334074593527e-16,-2.66316695728859e-08,-9.45599159655265e-18,3.88166099492641e-16,5.92007369360133e-07,-1.29898150402783e-08,5.20850723662036e-16,-3.15461533192309e-08,-1.12258097503632e-07,9.29799665826602e-12,4.76566607044034e-08,-7.23954580467861e-16,1.25133416616295e-08,6.00653197363246e-16,1.24663737519856e-08,1.07790078479761e-07,2.70602717574558e-08,3.6606034955369e-09,2.50353088411526e-08,-6.80771229453261e-06,3.34402266303993e-08,-7.1903421595747e-16,1.97295826386615e-06,-8.74390612864813e-08,-5.95072995709617e-16,-0.00212598645291653,-3.09993659110419e-08,3.78627907828732e-07,-4.01515380368914e-17,2.31346721360893e-08,2.11651002056557e-07,2.02008581613979e-16,-7.59333554748804e-08,-1.67651729275998e-08,-6.01501577814821e-09,2.88698755478178e-16,1.04647097510918e-16,1.52420430765736e-08,4.63426750929065e-09,3.74399116424057e-10,-5.24911510504973e-08,2.65087935419598e-09,5.96975317095233e-16,4.79499629425009e-17,9.64765710031557e-09,6.64750738449004e-11,-5.28904727149318e-17,2.31857805189208e-08,4.92286276157327e-17,8.27411221113744e-08,-4.38573245625570e-09,-2.5613362838535e-09,-1.69494745401326e-08,-1.21271011634461e-15,-5.81551791097595e-17,-1.07865234340429e-15,-5.1660045622071e-16,-9.2880365334426e-09,-2.40887533624522e-07,8.36245959654912e-16,1.36496566694907e-16,3.33107464623496e-16,4.50772557546432e-08,3.0266904468375e-09,-2.21425937240797e-08,-2.48630290660139e-16,-3.57090117024395e-15,5.33514205036667e-15,-1.34771296298962e-07,2.85828610269541e-08,-8.78671033007387e-16,3.72524971139136e-08,-1.29881009112083e-07,-1.65462635610602e-16,7.35013022660766e-16,-1.28810547734695e-08,-1.31911812960125e-10,-6.3571117763955e-09,3.30644181577811e-16,7.11444614860194e-09,1.03309207301661e-08,1.10416745203023e-08,-1.00147440864155e-08,-3.56272533754903e-08,2.26527891856583e-08,7.16586314550941e-16,6.30719054259386e-16,3.04836262608507e-16,0.000203518614003003,-3.76722591361082e-08,-2.69860113491822e-09,-2.15360283391649e-09,-3.19975969408228e-16,1.45913390667522e-15,-1.17074776531404e-15,-1.17246589787882e-15,2.16735193921979e-15,7.06492894628784e-08,4.21242451793507e-16,1.35349703724622e-16,-1.64745387803474e-09,6.60169633586958e-16,-1.47450901670866e-09,-9.13241578449697e-16,-1.8275402482192e-09,-6.41214137858084e-16,-2.20157486074066e-09,-2.75222774771629e-10,-1.29556688658648e-06,1.43499305414783e-15,8.78827661539344e-09,9.11651906389313e-16,1.24088194045642e-08,-1.50009070231819e-07,1.19925618470254e-10,-2.03735212537911e-15,1.74514345950281e-08,-1.78786742907334e-15,-4.27231629512598e-09,-2.41100122024397e-08,-9.14745002167758e-16,9.42970618371932e-16,1.22338710849255e-15,-1.00724923458298e-15,-8.06828609513625e-11,-1.04987507221966e-09,-2.34231255441237e-10,-1.10923108634994e-15,-1.22627095490259e-15,-1.72644500094257e-08,5.07413040172966e-06,2.72753273804e-15,-2.19766981892357e-16,-1.05604708765358e-09,1.19538684411248e-15,-7.47743288831669e-09,-1.5603080206997e-14,7.04498011413878e-08,-1.17025093448106e-15,-1.34392859838325e-14,-6.83189395297581e-15,-1.257026961491e-14,1.41296552466939e-14,-0.707106781186551,2.86274395067972e-05,-9.54450630741259e-05,-1.22686667658838e-14,-6.1406734954829e-09,2.34094270226174e-08,1.54293912320193e-14,-3.10903995354914e-15,5.88503915113539e-15,7.62442890713538e-15,2.3085292248784e-09,3.69004615341016e-10,1.03659926437264e-14,2.97995647860633e-15,-4.18761443084035e-09,-1.4936777209333e-08,-1.56275289694981e-09,3.24557880696489e-15,1.02837840004864e-15,-7.95442374321466e-15,1.0221960034076e-15,-7.83812508076614e-15,6.29532469446793e-16,8.77264249571925e-09,-8.29290124478198e-09,-1.59374409749443e-09,-1.30615481093857e-15,5.80522882764907e-15,-1.00087718315954e-15,-1.36005925092298e-16,-1.36244013191216e-15,-1.55306886494876e-15,-9.45427875869787e-16,-6.14893530352522e-16,9.80196219749105e-16,1.1661461161621e-16,2.70382746021847e-16,-2.00083604004025e-15,4.54100591713766e-15,-5.80885038097246e-16,4.4700470732427e-08,-1.92218163210567e-16,-7.39335406093237e-16,-5.73189546051228e-17,8.46694242775323e-08,-1.47565769388974e-10,-5.30054786778164e-16,-7.61125417289008e-06,7.72292624083272e-08,-1.10089781147275e-15,1.67291039855933e-15,-2.15187875291084e-08,2.11567617276607e-15,1.89503192240356e-09,-1.85225358519016e-15,-1.32833289595141e-15,-8.4282576396233e-16,-1.21523455281122e-16,2.67749001424153e-10,-3.67623528542549e-08,-8.35381347945633e-17,1.42967825254234e-15,-2.0589748960563e-16,-9.01098915985835e-15,8.14777932622857e-16,9.10345530352961e-16,-5.73819538231008e-16,-1.58670305028128e-16,2.27972626243065e-08,6.69103183210429e-16,2.42587546815384e-16,2.15051945925725e-16,1.61668761687402e-16,-9.50496575471992e-16,-2.65009320688371e-15,-8.76687322831958e-09,3.23302418459408e-16,-1.24034609373517e-15,6.54427809733737e-09,7.87627799399257e-16,-1.39718237322569e-15,-4.3340186798063e-16,-5.44582745355756e-17,3.92425592108419e-08,5.68786399343622e-16,-4.28806248208076e-09,1.86828745658858e-16,-1.95562909731413e-16,6.06469023991148e-15,-2.2131700362334e-17,-9.90941638355623e-16,2.76770219153398e-15,1.75714400089075e-10,-1.90471818686278e-16,-1.32099611805153e-15,0.026151517663882,7.49634101961701e-08,-4.51505944764841e-16,8.49089418126303e-09,1.36246935490844e-09,5.60581031010678e-16,-1.11703745147475e-15,8.41834356937122e-16,5.20974088206903e-17,2.6674774441726e-16,-2.79208379552264e-09,1.60554519423553e-16,-1.61916464146597e-15,1.4066978328911e-15,1.12608684799159e-09,-1.47652257022367e-15,-3.5299460271863e-18,-4.60807195753364e-17,-6.44974464311012e-16,-5.16103716750341e-10,9.31946498016122e-16,1.07305604889895e-09,-5.51059647087687e-16,-9.39533395218657e-16,1.54116413697022e-16,2.77787354177262e-16,-5.40993634695148e-16,-1.36694516268827e-15,-4.06534688162057e-16,-2.41866596077725e-08,4.25885007410923e-17,-1.69298091448236e-15,7.86127529818354e-09,-2.49152866949279e-16,-4.82024351194652e-16,7.29682533780069e-16,-2.01117471035256e-16,-5.06505047414573e-16,1.96343655215811e-16,-8.26511730391078e-09,-2.8834487204315e-16,-2.11685793037096e-16,1.69836799884608e-08,8.97507868520029e-16,-5.10427381296667e-16,4.98452530840463e-16,2.17449097199242e-17,4.84700230183594e-17,-1.79138762354354e-16,1.33021007498607e-16,8.23969481559105e-17,-6.14392339068489e-18,-8.6934600971752e-16,-2.0734956986401e-16,-8.90392547730401e-09,3.82020117993779e-08,1.60026602484013e-16,1.88855489121285e-16,-2.39424044988811e-17,-5.61963045129645e-16,-4.83554168928535e-17,-4.95896108456305e-16,9.84370607631286e-18,-1.70681229960084e-17,-3.70492989133532e-10,-1.25895999872802e-16,-1.44335590519992e-16,-6.34027647617554e-17,1.61929034387529e-18,4.74198868893232e-10,-1.57048404950131e-16,-0.00210958458628156,2.80905437381112e-16,-2.8079818170156e-16,1.54857322301032e-16,2.56020974187208e-16,-2.9874494450182e-16,8.38752213057755e-17,1.61995345412806e-16,-3.87108218757365e-16,-6.19803350974994e-16,3.02784355969135e-17,4.05038836533608e-16,-9.32792351495e-17,3.20930727032329e-16,1.09231822908244e-16,4.58721024251068e-16,-5.0311677995498e-16,-2.96023005669585e-16,3.31339672282327e-18,2.15112659735053e-16,-7.78769944665874e-16,-2.3635607360184e-16,-2.55226747835204e-16,-6.13028027769677e-16,6.8127825907861e-16,5.03602666848441e-17,3.54814823751103e-11,-2.50773040463007e-16,3.57699872555316e-15,-4.16020917543046e-16,-1.97078167269113e-16,-1.55331227685237e-16,-6.09292197962126e-16,-2.64835078104784e-17,-1.55934733589751e-16,-3.02856255381859e-16,1.21111676407828e-16,1.3242445334738e-15,9.39998503201239e-17,-1.10797437328933e-16,-2.71756235501281e-17,4.39822967665369e-16,-3.47718995482715e-16,1.36541849169563e-16,-4.55005979731053e-10,-1.72479858949366e-17,-1.58864749668864e-16,1.25629600781183e-16,-2.89982184815773e-17,1.49358966036148e-16,-3.23501646742446e-17,1.84141862809515e-16,-1.92618985327243e-16,-1.27094464908405e-16,9.60334090253757e-11,-1.28371390173524e-16,-3.35499191777042e-16,2.13613920619438e-16,1.77989143671174e-16,1.81635190850866e-16,-3.89563444640032e-16,1.14683528494779e-16,-1.62481462318389e-16,3.50598001490421e-16,-9.88687306822921e-18,-1.75806780487277e-17,1.89189671763479e-16,-2.04011832967615e-16,4.82638523705175e-10,8.61584114160568e-17,-7.23906846334835e-17,-1.56867652007255e-16,1.4886095828226e-15,-1.45016175487052e-09,7.24442191443756e-17,-1.31220931711e-16,-6.99864635022136e-16,-4.05010846407392e-16,7.60278489260961e-17,-2.02922506884868e-16,1.67346218630831e-16,7.5374348817969e-17,1.05593072224324e-16,1.62045557261002e-16,1.93719010065319e-16,7.08381671555317e-17,-9.25246015072056e-17,2.40962183276027e-16,1.08727174310795e-16,-2.97331627418115e-17,-2.63401337494182e-17
"t399",-0.0450439918118975,0.0427839055069929,-0.070521715993674,0.0352016854545246,0.0107222874121785,-0.00574758627556498,0.038239030782561,-0.0884706550567437,5.38599218129618e-05,-0.000329906106685931,-0.000197798746799207,0.0116017893241093,-0.0193305785417294,0.00280752145154272,-0.000693621010434789,-0.100274512307632,0.0022866125577833,-0.00469151808219303,0.000314403093172519,-0.000111657446122994,0.00947468113999573,0.0395806798571764,6.34390149787309e-05,-0.000370704516883105,5.39836511082884e-05,-1.84836550265142e-05,2.06613182542612e-05,-1.78469875622954e-05,0.000215362917642949,0.000308380247228894,-1.19594668322717e-06,2.33654955361563e-06,-0.000870101761372467,2.36682673821102e-06,-1.43958323783759e-06,-2.54916017037019e-06,-0.000103050428029913,7.47479914397002e-07,6.12865858120066e-06,1.71693120797005e-06,9.35222859342582e-05,-1.27151723270773e-05,0.000112169649228779,-1.31851427703381e-05,0.00304283241835188,-7.89885370348617e-06,1.1478058212343e-05,-0.000239882677093126,2.21649760222095e-05,-5.46970807575986e-05,0.000634489666815019,-9.51835853514769e-05,1.47821540446337e-07,-0.148762781390086,-7.20461067436899e-06,6.37787689463675e-05,-3.20455724404096e-07,1.14161679111005e-05,-3.53389734861392e-06,-8.2501234017029e-05,-5.1406701215863e-06,7.56438201397771e-07,-2.85081095735908e-05,1.5665150691913e-05,-1.36919437587117e-06,3.71528246440336e-05,-2.99704548419866e-07,1.17935488565249e-05,-3.38901914515233e-05,1.45695003400963e-05,-1.99161380750289e-05,0.00415181202473057,-6.76700525342938e-06,-0.000763359491042371,0.000381902915192854,1.74877751926397e-06,-0.0487101570292682,-4.90716390948487e-05,5.41075413684831e-05,5.02813001272013e-05,-1.11397365898604e-05,-0.000159298702318682,1.5921703634799e-05,9.77483278494817e-05,-7.57884470197034e-06,-0.00175313461789645,0.00122638151155947,2.58307817831549e-05,1.10974482773179e-05,-0.0174400846381223,-2.08697339795293e-05,-0.00907396028074789,1.69874214567496e-06,-3.94360202918113e-05,-3.59597883670396e-09,-5.66331451254242e-06,1.28371233450579e-07,4.34813479045142e-08,9.44525395287192e-08,4.88631958460776e-08,-1.12548593089598e-09,1.30777124196173e-09,-6.242890307845e-09,8.13115964083843e-08,-3.91908530151272e-08,4.75486106835777e-07,-2.56792144569009e-06,7.05395186875018e-07,-4.37037530632278e-07,5.29823295201937e-06,5.21118851634209e-07,1.46975112141436e-06,-3.30334849219184e-06,4.45300192600323e-06,-1.89141235344468e-08,8.84764159539794e-07,-1.43088031297802e-06,1.98513003966343e-06,-2.70838238578554e-06,8.71491582030225e-06,-5.05540815979018e-05,2.34619066471802e-05,-0.000153133135603051,-0.000533982837632348,0.146709593345213,0.000419278722304821,-0.00315587124469357,3.97102694906816e-06,-3.83826032280748e-06,-0.000125915796624374,2.01477211874316e-06,-9.09672161454007e-06,1.05634146763312e-05,2.07566377579933e-06,-5.58914446640167e-06,-3.20026121093819e-06,1.79020875786018e-08,1.32905465956947e-05,-8.466526166115e-06,2.55715848366496e-05,2.44639122525296e-06,0.000132261049420437,-8.73023877480202e-05,-0.000410051786926149,-0.246314999010595,-1.29537757509375e-07,-1.40707713599898e-06,8.50213260451614e-08,4.53545109060299e-09,-9.85712406821489e-09,-4.10400294926013e-05,-2.3047366181405e-08,-3.56374394629128e-06,1.51359674564794e-07,-1.01857204945128e-08,-5.9304364873324e-10,6.10097502180151e-09,1.046426230939e-06,4.94883337276556e-09,1.6333762971788e-09,7.59757986187758e-07,-1.45889330446238e-08,7.16869836545829e-09,9.27725491883114e-07,-8.97067757905452e-08,2.3486546350541e-07,5.13068872641214e-08,9.9883186297887e-10,5.13171223844197e-08,1.10377077093442e-07,-2.3618643341618e-06,-6.13223210173732e-07,0.0175713915814797,-8.33609621895164e-08,-5.10608103363048e-07,-1.00457695097806e-08,-3.74061513813995e-08,1.35004182614438e-07,7.49040471296543e-08,1.16397793145588e-05,-5.46439761179018e-07,-1.51504588611549e-06,3.5575197855855e-08,1.08913427607645e-09,4.00108442668658e-09,6.20239071766307e-09,1.21760666504621e-07,-2.37523934278548e-08,-1.07399129742247e-07,5.18962118397658e-06,1.13066469064915e-09,-1.29048631348857e-09,-3.97003213605558e-09,-2.84930840190107e-11,-1.54325569639977e-10,-8.70492451094376e-10,-2.29722489254059e-09,-7.38753611030328e-05,-1.016724696511e-10,1.08696489537094e-09,1.11487950949294e-09,2.29740242531381e-07,-4.44412208712122e-11,-8.19963705884096e-08,-1.79690672857885e-08,-8.42011782929622e-07,1.6252804931273e-08,3.42217268750021e-05,-6.31672771645445e-08,-3.57629847055394e-09,-3.90924080782322e-07,9.06142792778485e-07,-2.58072431960021e-06,-4.33828886104116e-08,-2.30543997332835e-07,-3.27141832084101e-08,4.05843682540231e-07,4.52924108231233e-09,-8.95196154077338e-09,-4.69872964854208e-08,-2.61101805620222e-07,2.9629793064011e-06,8.7756154263421e-08,2.92837717563226e-07,-8.02047541167604e-08,-4.16236801236523e-08,-4.40761303981883e-07,-3.31130960592265e-08,-5.48592936551467e-08,-4.66520396606978e-08,1.33205726245451e-06,2.16542646601281e-07,1.73928142671345e-08,2.93921495955747e-08,-1.72494849028506e-09,-2.34365224992417e-07,-1.78496026608664e-07,-7.32091656711576e-17,-4.58894894213112e-08,8.28183301828491e-05,-6.95263187517825e-08,-2.25514491593555e-06,-3.96394670961562e-07,3.74680560383816e-06,-5.16274349712521e-07,0.0043013075275895,9.27842134938464e-08,-1.02626607056722e-09,1.03617872571794e-06,-8.93219772318216e-07,2.36791128588732e-08,-3.04513356123263e-06,1.06934719342165e-07,-0.0156720788833984,-1.08613898311492e-09,-8.35437301349898e-09,7.97400395494614e-09,-8.68040300753455e-07,-2.48337151624094e-09,3.64091511091863e-10,-4.60701033364206e-09,6.99472669441364e-10,-5.54339582850038e-08,1.3611729456272e-08,5.64504678467289e-11,-2.6321108578963e-11,1.97032778405269e-10,1.41763651947478e-08,-3.29804567403454e-08,2.57192147853083e-10,1.08593834221471e-10,-2.7361910822896e-10,2.42900659346678e-08,-3.89331371282881e-06,9.83173176913255e-09,-1.43460156842791e-07,9.02769202656322e-07,-8.65911991283561e-09,2.1815325924278e-08,-8.11728718927644e-09,4.47030089722868e-09,2.75717333627341e-17,-1.14833486673641e-08,-3.95373528397658e-10,-3.73494837268007e-12,-3.34060108639231e-08,6.06698497177135e-10,-3.79455787551269e-10,-6.82304460214175e-08,8.06386490810319e-09,-8.42572355780184e-09,2.20825095148388e-08,8.15589921569893e-10,-7.39241095128842e-10,9.57056986909441e-09,-1.15996692518176e-08,2.59778822660847e-07,-5.61677845415039e-09,2.4414082052985e-06,2.67884254516224e-10,1.50388513879343e-09,1.26708575394165e-08,-9.85506467100757e-08,2.30048756954268e-09,-8.64679950748839e-09,1.13537146443024e-08,-4.08751013690979e-08,2.39633461453157e-09,2.15197077593562e-09,1.62253785142494e-08,-2.70850079542621e-08,-2.11878735758984e-09,1.6732324723404e-08,-1.06151011910369e-08,2.58690470050333e-10,2.34792190172059e-09,-4.30882872579757e-09,-6.8255690206236e-17,7.82520900108628e-12,3.05667301158741e-08,-2.02110314962822e-07,1.75732209798587e-09,1.57577784908553e-09,4.46867696319902e-10,9.66662797335981e-10,-1.28899184357358e-08,3.81660690047511e-09,-3.33397674347456e-17,-1.1108142261293e-09,-1.06724363797881e-11,-1.23956668457738e-11,3.42359325803113e-10,-2.59405956755755e-10,3.05451743224942e-11,1.89698067236736e-09,-6.43921855353036e-10,3.167410348054e-08,-7.9080534248633e-09,1.86688997494401e-09,3.64966162268039e-09,2.02134106681472e-10,1.76997315094393e-08,4.15534803908857e-09,-1.83705043745931e-08,4.94973926507557e-09,6.3365314071554e-16,9.98009621514998e-07,-4.16020001942205e-07,-2.91272765405024e-10,-2.39986591145669e-08,1.51734346509974e-08,4.04241726838051e-08,-1.52605989514191e-07,5.61914346668735e-07,4.11110740702669e-09,1.41185813091597e-16,8.04840141804775e-09,2.28007945743095e-08,1.13788017936688e-08,-4.4388116482406e-16,-2.38560977265293e-08,-3.19497600168809e-07,4.94170552511283e-08,2.08603304120241e-08,7.33430477798813e-09,4.09513691906113e-09,1.51724172183033e-07,-4.77004317675171e-09,-5.15154432850668e-08,-1.67219651352285e-08,-1.53182660570677e-08,-1.17598698481371e-06,3.13946935566883e-16,0.0055629742033893,9.24083133208989e-08,1.29949675929522e-07,-1.77321649822527e-09,5.62915565971654e-16,4.58691336706214e-09,-8.02458605598426e-07,3.86166634192454e-09,3.61150547753877e-09,9.66073635566592e-09,-5.9034232315962e-07,1.69474153470824e-07,-3.08616868756798e-08,-1.93935157776152e-16,-1.40518030702934e-07,7.03441493031217e-06,-5.43107791784104e-07,-1.9212449077108e-07,1.96126914930626e-08,1.33891746769942e-10,-3.57353036051222e-16,1.86993653220744e-16,1.44708522507084e-10,1.66395150996704e-05,-0.00310011727192983,2.43537288105876e-08,9.32669872455357e-17,1.40927944277039e-08,1.78214539692704e-10,-1.46673078920348e-15,-1.05856549647386e-16,-2.10407246239534e-16,-4.6545043011145e-08,-1.41002070768044e-07,2.23889945159998e-07,-1.43439902209989e-07,-7.22008945288989e-08,-1.62551235247138e-07,4.96396046490161e-07,-7.05775006115837e-16,1.32257918214239e-07,-5.19017418629966e-07,4.93569471280108e-17,-1.72568143669019e-15,3.55821349778615e-07,3.06766418363543e-11,0.00108676849426781,-2.30501785604317e-07,-3.07627436041372e-06,2.36829214650605e-08,3.18942606208991e-11,8.96417845789094e-08,-5.63293248726279e-15,5.58674090760976e-07,-3.22911185637875e-14,0.0788631002511973,6.19676203651198e-15,2.03625880282528e-07,2.13928374176665e-07,-2.33966716548097e-08,-3.82787828344287e-07,-1.45052918563972e-06,0.0322819160203252,-1.38802144189105e-06,-1.85984403408658e-07,-9.14930753240026e-07,-1.34864445442465e-07,-0.592705007159918,-4.97792724826582e-06,-7.11067340424989e-07,-4.91302373460408e-08,-0.0112925418179298,7.69195306672279e-15,5.77791358056946e-06,-8.45738970241239e-07,5.78932560085434e-08,7.96403972725952e-16,7.06864376907294e-09,1.72080994093706e-07,5.90669130619453e-07,2.65547753273505e-15,-9.74433499450489e-07,-6.91441191821132e-08,4.98439923129096e-16,-8.8307595492203e-08,8.61101197148747e-06,4.04346641631578e-16,4.07157951340221e-16,-3.97353044909227e-08,-3.0589090359307e-08,-1.70540461461066e-10,-2.30853711149713e-07,5.81751524376029e-08,1.18200934293687e-07,1.63144240758017e-08,1.87499728982934e-07,-3.0369406697425e-07,1.63162669139516e-14,4.27128155372461e-09,4.22905493913866e-10,1.15598596107546e-09,1.06967961463507e-07,-5.80294196155309e-16,-8.71436848470877e-16,3.46586808660775e-08,2.73161708200587e-16,2.96567320829637e-18,2.00014241678492e-07,-2.20344004894433e-07,-2.85126435345791e-07,-2.30997867977684e-09,6.98286401592272e-06,1.5312590362969e-07,6.84322363095782e-09,3.5801972179684e-16,1.58443290158335e-08,7.33008025884271e-10,3.35303988156592e-09,-2.31284417364319e-07,8.87295773876859e-07,1.03429383277886e-15,-3.36816897975599e-16,1.05172762445581e-15,-1.07468789083384e-08,-3.52809108695948e-08,-2.95376463845043e-08,8.95360472341151e-16,-2.6631668884341e-08,3.41185490284205e-15,2.12435503557551e-16,5.92007369163104e-07,-1.29898136483591e-08,6.08454259198865e-16,-3.15461534996905e-08,-1.1225809731685e-07,9.30027440386614e-12,4.76566612566021e-08,-6.65280718441635e-16,1.25133429173713e-08,-1.99068145598626e-16,1.24663724884291e-08,1.07790078693376e-07,2.70602722331541e-08,3.66060322881936e-09,2.503530883465e-08,-6.80771229333782e-06,3.34402270617405e-08,6.99916445091064e-16,1.97295826332494e-06,-8.74390616439007e-08,-4.73565637321076e-16,-0.0021259864529119,-3.09993653863911e-08,3.78627905376754e-07,-1.15783466706649e-15,2.3134674492933e-08,2.11651000228809e-07,-4.09314258730091e-16,-7.59333554251916e-08,-1.67651737701343e-08,-6.01501690905171e-09,3.16950330535948e-16,1.44935945462593e-15,1.52420436138853e-08,4.63426799672751e-09,3.74398931170034e-10,-5.24911511929585e-08,2.65088087465453e-09,-7.78381960497772e-17,2.79601635436124e-16,9.64765381901653e-09,6.64739269381459e-11,-2.28700188120174e-17,2.31857822934525e-08,-7.39977108257661e-18,8.27411228507256e-08,-4.38573232546999e-09,-2.56133511994585e-09,-1.69494730694847e-08,5.97753316941961e-16,-2.06061666025843e-17,1.33582193173323e-15,-4.81508446838924e-17,-9.2880356059668e-09,-2.40887532338407e-07,-7.00498023305596e-16,-2.0835204758203e-16,-2.50919619989806e-16,4.50772568190181e-08,3.02669084007185e-09,-2.21425945369733e-08,2.85998414990181e-16,5.02221419833304e-15,-7.05642141940466e-15,-1.3477129738818e-07,2.85828623433827e-08,7.458976136693e-16,3.72524995524068e-08,-1.29881006662089e-07,4.86967973007702e-16,-3.68585504886027e-16,-1.28810575356827e-08,-1.31915096428298e-10,-6.35711138205694e-09,-8.80063880127033e-16,7.11444463335094e-09,1.03309239644478e-08,1.1041669487736e-08,-1.0014743678095e-08,-3.56272534296014e-08,2.26527924263435e-08,-1.50715444090176e-15,9.77745045521585e-17,5.80804323657213e-16,0.000203518614003849,-3.76722595955824e-08,-2.69860576674382e-09,-2.15360147465589e-09,-1.91746257942524e-15,-1.84999367788696e-15,1.66303051653988e-15,1.16124348847219e-15,-3.31865982947106e-15,7.06492876933276e-08,-5.20142793050337e-16,-9.40979037676391e-17,-1.64745472747855e-09,-6.22217513833458e-16,-1.47450341881417e-09,9.81506685184743e-16,-1.82754184584431e-09,5.02823613723141e-16,-2.20157442362538e-09,-2.75221725364555e-10,-1.29556688655731e-06,-1.43014777190692e-15,8.78827711140474e-09,-7.34644459206341e-16,1.24088168051299e-08,-1.50009063476227e-07,1.19925858708836e-10,1.50426966830122e-15,1.74514280381976e-08,1.82629360315889e-15,-4.27231736188053e-09,-2.41100221502862e-08,1.1182868499766e-15,-9.23895970795969e-16,-1.02094579001122e-15,1.13183170255816e-15,-8.06885299344157e-11,-1.04987175991752e-09,-2.34223751948139e-10,8.96504244276288e-16,1.40494206686765e-15,-1.726444725407e-08,5.07413043821002e-06,-2.93683549365777e-15,9.85022281683128e-17,-1.05603965872914e-09,-1.33782509163932e-15,-7.47744501002632e-09,1.6506406161068e-14,7.04498416881032e-08,1.06071895171962e-15,1.2267105239933e-14,6.77180223542749e-15,1.2569601110699e-14,-1.40342961305629e-14,0.707106781186546,2.86274390375578e-05,-9.54450627958514e-05,1.30367352303106e-14,-6.1406888446343e-09,2.34094812377726e-08,-1.48973405622813e-14,2.861222527073e-15,-6.47626839766872e-15,-7.8715750260925e-15,2.30852224915103e-09,3.69002845879354e-10,-1.03199443236258e-14,-2.98163619162632e-15,-4.18762752521895e-09,-1.49367713094338e-08,-1.56274775989562e-09,-3.61140944775672e-15,-1.47236267075615e-15,7.98801516465983e-15,-6.11702294020726e-16,8.47360803846271e-15,-7.60088075567223e-16,8.7726357920772e-09,-8.29290429079537e-09,-1.59374359617802e-09,1.03297869331344e-15,-5.47111932119661e-15,1.05640754871732e-15,3.60430787020084e-16,1.16631999891693e-15,2.67386033080112e-15,9.6638023101e-16,3.63550140854177e-16,-8.10262506698798e-16,-1.02125850638758e-16,-1.14424804920647e-16,2.16186181239741e-15,-3.95677283833367e-15,7.07619444932924e-16,4.47004736775171e-08,-2.18739681648295e-16,1.78906406450926e-15,-9.3266439254457e-17,8.46694174600015e-08,-1.47559580021303e-10,4.00995350473568e-16,-7.61125415201934e-06,7.72292533751866e-08,1.29348045774336e-15,-1.81197221868946e-15,-2.15187899467652e-08,-2.24512063199503e-15,1.89503185268666e-09,1.29086051265235e-15,1.29917938345565e-15,8.77869525635953e-16,-4.12030628704284e-16,2.67749368432622e-10,-3.67623522829975e-08,-8.25998225121528e-16,-1.33018129189456e-15,3.88821741483733e-16,9.38207421760421e-15,1.09395999203787e-15,-8.20221694859089e-16,6.50193515088563e-16,4.33094949411428e-16,2.27972631009113e-08,-6.94169495577456e-16,-2.96387709393321e-16,-7.61887900309978e-17,1.5230030470937e-16,9.62486539205608e-16,3.0051529505068e-15,-8.76687539758711e-09,-4.62777051407763e-16,1.12220519033157e-15,6.54427721140292e-09,-8.058486495055e-16,1.08906028129058e-15,2.83410035454752e-16,3.99064325560009e-16,3.92425587571707e-08,-7.08738970308512e-16,-4.28806400151092e-09,8.58069725871707e-17,-4.34316362302642e-16,7.0847336329103e-15,-3.40720866505526e-15,7.76860336137962e-16,-2.36054332990606e-16,1.75715186101352e-10,-8.34605395040132e-16,-1.56670020512941e-15,0.0261515176638913,7.49634093750885e-08,-3.72727365817335e-16,8.49089465969731e-09,1.36247137787952e-09,-1.45939268756753e-17,5.11028271206388e-17,-6.12313001161509e-16,-1.59290608216501e-16,1.0274385928344e-16,-2.79208358829796e-09,-5.25594311062101e-16,-9.12018125676873e-16,-1.56749268096281e-15,1.1260887450518e-09,6.93199138736549e-16,-6.11278303364037e-16,-6.88643051729803e-16,3.51196729466347e-16,-5.16102202439051e-10,-2.33630073880346e-16,1.07305627093736e-09,3.20950931406103e-16,3.09687979091529e-16,1.01837170893887e-16,-1.85548610761687e-16,4.35738050833657e-16,1.14759568204406e-15,7.92250026495698e-16,-2.41866607676227e-08,-1.16163477247601e-16,1.47423825646694e-15,7.86127463274419e-09,4.7505464769459e-16,2.88200862542324e-16,-5.59588148339594e-16,-1.56638949610343e-17,5.98844628750778e-16,-4.3427299160116e-16,-8.26511862508133e-09,3.65115604934865e-16,5.61566342947123e-16,1.69836799881223e-08,-3.49491583743242e-16,4.08797724884716e-16,-1.16952736374114e-16,2.18548408874222e-16,2.10730588608191e-17,9.33909866171327e-16,-2.56926192614663e-16,2.20094934934018e-16,1.68303926275466e-16,1.02467494087449e-15,2.0127783004901e-16,-8.90392395510831e-09,3.82020116387738e-08,-2.22387278640128e-17,-3.00297335453023e-16,1.53407377805899e-16,4.16060651931128e-16,7.42461647718073e-16,6.53708415806415e-16,1.36451407148567e-17,-8.95438731366683e-17,-3.7049298663706e-10,7.75568221014772e-17,2.02569157460079e-16,-1.28099050751228e-17,-4.76279662942774e-16,4.74198477041374e-10,-4.47566402532228e-17,-0.00210958458628763,5.35124417831907e-16,1.61302779070123e-16,-3.02893696729485e-16,-3.85852255796429e-16,3.06873385541443e-16,-6.24177297626281e-16,-3.8441269997412e-17,3.69730667115415e-16,2.94071260191537e-16,2.80705523021167e-16,-4.06549641607931e-16,1.83321418982153e-16,-3.88398586141166e-16,2.05613689529121e-17,-4.38288401863798e-16,4.18530705640537e-16,2.97203814831276e-16,-1.06488037453126e-16,-3.72919520692162e-16,2.45852166471588e-16,2.02203705168547e-16,1.2777169425014e-16,1.24014325484333e-16,-9.38122852697216e-16,-6.50340958043076e-17,3.54825394469841e-11,2.43118908760058e-16,-3.06925995601209e-15,3.93116603627431e-16,1.95248674985163e-16,7.1411491804132e-17,7.62606219050454e-16,3.25305172101501e-17,3.47631657222623e-17,1.21376874577199e-16,-2.90110964797952e-17,-1.77939260548321e-15,-2.50362897221303e-16,8.84984551861475e-17,-1.19085311842828e-18,-6.76352533114358e-16,4.58334177935653e-16,-3.76046605430884e-16,-4.55005526469729e-10,8.96439241547686e-17,6.60827078041173e-16,-1.31011208870217e-16,-2.69911254937205e-16,-1.24101093429228e-16,3.76339575776602e-16,-1.26119755597041e-16,-3.76898869659354e-16,1.02492388717272e-16,9.60331799072603e-11,1.521346754836e-15,-2.05081506477233e-17,-3.26901358175484e-16,-1.03302467449413e-16,-2.22257029282543e-16,2.75172257936001e-16,-7.65985864645848e-17,3.41589575581877e-16,-4.2229481913809e-16,7.16529055170857e-17,1.42354219328447e-16,-1.70087552463955e-16,1.79170696767759e-16,4.82639726667616e-10,-3.08855004112226e-16,1.05179708497628e-16,3.53539686138634e-16,-1.84249317192187e-15,-1.4501618927894e-09,-6.71532304203626e-18,2.90399660289525e-16,5.90260610757737e-16,2.31428376168901e-16,-1.52875040680835e-16,3.62817645227377e-16,1.57166334243467e-16,7.38737332255961e-17,-5.79948080054743e-17,3.28631666551781e-17,-1.04309057008024e-16,1.85966625156211e-17,-2.24479129293498e-16,-3.30742611746159e-16,4.00195997858168e-16,2.06757594766518e-16,-3.55942585998495e-16
"t831",-0.0450820071656964,0.0428600268805499,-0.0706512495935858,0.0352883625373661,0.0107546187835705,-0.00576792271014999,0.0383769899447255,-0.0888152574493854,5.4107743499932e-05,-0.00033174722925296,-0.00019919974446824,0.0117030773338052,-0.0195042876151593,0.00283313316274183,-0.000700224998338633,-0.101285700363096,0.00231022315970392,-0.00474084064913859,0.000317785173471525,-0.000112962616140065,0.00959450167810299,0.0401852402195811,6.44625519680302e-05,-0.000376719851111398,5.48630951221361e-05,-1.87992008913167e-05,2.10182337872049e-05,-1.81580687119489e-05,0.000219218055010191,0.000314905851618644,-1.22294668701948e-06,2.39171948798028e-06,-0.000892142764625854,2.42965180908101e-06,-1.47976619032713e-06,-2.62606060119436e-06,-0.000106199007205188,7.7068521822856e-07,6.32022934628391e-06,1.77140717813139e-06,9.65759136863671e-05,-1.31405248920888e-05,0.000115978630812338,-1.36334279112024e-05,0.00314811475279425,-8.18984465733637e-06,1.19088485710824e-05,-0.000248964245980505,2.30244804278729e-05,-5.68728775064742e-05,0.000660582911577194,-9.91581036284007e-05,1.5400772708297e-07,-0.155106048546366,-7.52306585166675e-06,6.6613042629472e-05,-3.36084327523555e-07,1.19866436853758e-05,-3.71099676595275e-06,-8.68815251197051e-05,-5.42533479471001e-06,7.9918725782174e-07,-3.01456381268121e-05,1.65686355617732e-05,-1.45054870498763e-06,3.94189210549781e-05,-3.19036748191054e-07,1.2573057621543e-05,-3.61552754860769e-05,1.55627719015449e-05,-2.14164317083995e-05,0.00448760603736015,-7.32014629424583e-06,-0.000827120837353547,0.000413888023473759,1.89659787302341e-06,-0.0528425870710136,-5.33094833357831e-05,5.89680077883179e-05,5.48690173935554e-05,-1.21831271295959e-05,-0.000174303220672414,1.7483097426739e-05,0.000107449185488083,-8.36950100044178e-06,-0.00193848006715137,0.00135777730512247,2.8604268097434e-05,1.22896641498951e-05,-0.019316337120424,-2.31262817142489e-05,-0.010101901283742,1.89199305833207e-06,-4.40493970551239e-05,-4.03680426668175e-09,-6.3623912081025e-06,1.44222420755621e-07,4.8944688887992e-08,1.06396637586728e-07,5.51920366358768e-08,-1.27409016353075e-09,1.48073683065848e-09,-7.07015158196684e-09,9.30229529302889e-08,-4.48698722703575e-08,5.44712476779695e-07,-2.94491807021363e-06,8.09194844137873e-07,-5.01612411078523e-07,6.08593872521482e-06,5.98751283275962e-07,1.69132266733913e-06,-3.80204718105292e-06,5.14626550674139e-06,-2.18778982609861e-08,1.02537110436378e-06,-1.6597084314734e-06,2.30807382444424e-06,-3.15621608924405e-06,1.01735780062762e-05,-5.90738965927939e-05,2.75098115421048e-05,-0.00017995225495516,-0.000627555837053279,0.172473535961454,0.000494038269550149,-0.00371928815089934,4.68922410250082e-06,-4.5582346846206e-06,-0.00014954437080599,2.39396023271413e-06,-1.08502656943795e-05,1.26091845923385e-05,2.47900192028749e-06,-6.69019162307401e-06,-3.83189770631488e-06,2.15377429570304e-08,1.6051459557619e-05,-1.02796304170472e-05,3.10523969527001e-05,2.97343909760429e-06,0.000160829974305615,-0.000106239544583163,-0.000499140792029845,-0.299831238074921,-1.58006283928217e-07,-1.72337860115762e-06,1.04572154665219e-07,5.58425824839917e-09,-1.21647939943504e-08,-5.06573739356851e-05,-2.84735995347235e-08,-4.40509195356155e-06,1.87205080626568e-07,-1.26673526996324e-08,-7.38183212017477e-10,7.59886374444325e-09,1.32219417741037e-06,6.27517667588598e-09,2.07226806341257e-09,9.66818178043816e-07,-1.85764360934409e-08,9.16369850977358e-09,1.18646856844877e-06,-1.15165835442748e-07,3.0264387974108e-07,6.68368492923734e-08,1.30167003882905e-09,6.68827285208989e-08,1.44072931943272e-07,-3.08832773948763e-06,-8.02042506271148e-07,0.0230624520641468,-1.09531998862765e-07,-6.72517532690674e-07,-1.32389859035991e-08,-4.93112045123764e-08,1.78970709765492e-07,9.98792167847158e-08,1.55365148255171e-05,-7.30079892977257e-07,-2.03000458888107e-06,4.77198492066556e-08,1.46252916743266e-09,5.37831443592272e-09,8.36619322217813e-09,1.64380072211291e-07,-3.23070152792987e-08,-1.46116202359825e-07,7.07830665561213e-06,1.55299092817511e-09,-1.78295577608439e-09,-5.49627079293244e-09,-3.95676135248867e-11,-2.14798703444492e-10,-1.21993873883687e-09,-3.22423549891475e-09,-0.00010401692012923,-1.43384640539252e-10,1.55209819717292e-09,1.59289983854036e-09,3.3000419305295e-07,-6.41753634762895e-11,-1.19942823364302e-07,-2.62864053350559e-08,-1.23323406688237e-06,2.38922346675063e-08,5.04367602006325e-05,-9.37394753982179e-08,-5.35304279826025e-09,-5.89248730051404e-07,1.36882349670316e-06,-3.93724228248794e-06,-6.65554292220767e-08,-3.5373886811737e-07,-5.04150012070543e-08,6.32476174513819e-07,7.07381678991473e-09,-1.41458315249942e-08,-7.48613704100314e-08,-4.17187259444592e-07,4.79106670646259e-06,1.42307632139273e-07,4.76376162767308e-07,-1.31749294317242e-07,-6.85092746596175e-08,-7.25811331078506e-07,-5.51223676675818e-08,-9.19334394145476e-08,-7.876777813979e-08,2.25678197202164e-06,3.6817980592172e-07,2.96719281608298e-08,5.01905434113947e-08,-2.97184467426794e-09,-4.06045507372478e-07,-3.11149096347558e-07,1.23208473381092e-16,-8.07067667011971e-08,0.000145915127700249,-1.24037172269646e-07,-4.06283354953558e-06,-7.19999536855075e-07,6.80894729108685e-06,-9.52816930016673e-07,0.00795925292935062,1.71899202429568e-07,-1.91247982465164e-09,1.93864940417716e-06,-1.68346514950652e-06,4.47747087131978e-08,-5.76583403804555e-06,2.03992847682865e-07,-0.0308736188641987,-2.16497717203754e-09,-1.68191467986241e-08,1.64128685294113e-08,-1.78955227264174e-06,-5.20199573132041e-09,7.6964329674022e-10,-9.86789527235825e-09,1.50464930619473e-09,-1.19784366989871e-07,2.95990128143685e-08,1.23917407277759e-10,-5.7841396282807e-11,4.43783100490212e-10,3.19482430676518e-08,-7.43736732310356e-08,5.83973094747524e-10,2.47203567455427e-10,-6.2801325979183e-10,5.58368166558973e-08,-9.42576571068239e-06,2.3944708923701e-08,-3.51053622816667e-07,2.23360694773696e-06,-2.16166399309853e-08,5.559402063135e-08,-2.08127403512261e-08,1.15177937487381e-08,-2.0000592461086e-16,-3.00940139577062e-08,-1.03849385776832e-09,-9.88252554871107e-12,-8.99961240521993e-08,1.6603686908206e-09,-1.04637616958632e-09,-1.88863144492835e-07,2.34787179960785e-08,-2.46154290056083e-08,6.45723344675594e-08,2.42249288318796e-09,-2.29972340519325e-09,3.00217376459728e-08,-3.65995766178252e-08,8.35852907853129e-07,-1.95702456335623e-08,8.81850407989768e-06,9.69698938266599e-10,5.4473265060228e-09,5.0591188152308e-08,-4.48044338514794e-07,1.0650724131856e-08,-4.11435037779109e-08,5.59199223514084e-08,-2.03524724098029e-07,1.31473140279881e-08,1.1898884622215e-08,9.10218938885553e-08,-1.53475219142094e-07,-1.24191796882648e-08,1.01983403864726e-07,-6.71919272405112e-08,1.66561971986454e-09,1.55732502693327e-08,-3.05577312301648e-08,-1.88510570442599e-16,9.8419385226653e-11,4.17686491997385e-07,-3.17557661465686e-06,2.77347055288779e-08,2.4987549073102e-08,7.36043993213357e-09,1.71800147573722e-08,-2.52952553625895e-07,9.51682865934535e-08,-1.83054045712741e-16,-7.49518358472266e-08,-9.16800201802946e-10,-2.5817915122558e-09,8.59585671062561e-08,1.9778239778356e-08,-1.3482804303483e-09,-5.23099102887595e-08,1.40855449908155e-08,-4.77019220841865e-07,9.22425495054788e-08,-1.90050629644562e-08,-3.46502967469999e-08,-1.84162760674336e-09,-1.50413001280016e-07,-3.5051472094732e-08,1.47916742897516e-07,-3.84905271222945e-08,-5.61809569133116e-16,-6.16248243381816e-06,2.46194760806606e-06,1.72300534435189e-09,1.26813535320774e-07,-7.88954460337072e-08,-1.75319505789504e-07,6.31441380971803e-07,-2.30403900219158e-06,-1.62970874817921e-08,8.16774332768715e-18,-3.07323134568355e-08,-8.58817612865522e-08,-4.07776736662061e-08,3.55896963486796e-16,8.11780903489572e-08,1.07432032095685e-06,-1.65150630409576e-07,-6.8843472576231e-08,-2.37061222716389e-08,-1.30338963962637e-08,-4.77173650895374e-07,1.44896240405644e-08,1.55850795903624e-07,4.94241765341923e-08,4.34987285582121e-08,3.33269571132128e-06,1.62878041650743e-16,-0.0146254913927978,-2.39898126780717e-07,-3.28227824307243e-07,4.30052769177774e-09,-5.89500672584578e-16,-1.02307063768017e-08,1.63803267965107e-06,-7.58739615369189e-09,-6.97301144936092e-09,-1.82709998588326e-08,1.07525457027442e-06,-2.9094294767296e-07,4.6175017245765e-08,-6.19737992369215e-17,1.8785426271007e-07,-9.31543690821856e-06,7.05249569651668e-07,2.42869942127837e-07,-2.47422916855444e-08,-1.67646239019279e-10,1.45369827286856e-15,-2.0251753758525e-16,-1.73623066729001e-10,-1.92512501849836e-05,0.00357067616931387,-2.71677226665581e-08,1.95983797279297e-16,-1.46830330540303e-08,-1.80252763740542e-10,7.85181813851419e-16,1.55964650592216e-16,2.73561308060263e-16,4.30066904391247e-08,1.28820711071125e-07,-1.96806239172662e-07,1.22084645696633e-07,6.12213751181329e-08,1.3323175741875e-07,-4.05281452016247e-07,3.82140821434714e-16,-1.00935628822655e-07,3.86926386475434e-07,1.34092826701432e-17,6.42181055858108e-16,-2.42356284281076e-07,-2.04498427433276e-11,-0.000704099455973343,1.46520787212347e-07,1.88580579582446e-06,-1.44335782079344e-08,-1.938295313175e-11,-5.41989259091982e-08,2.52635750477485e-15,-3.30149390639673e-07,1.68778836392991e-14,-0.0458289219516224,-3.40443973669946e-15,-1.15841030509058e-07,-1.21180971753265e-07,1.25249144721485e-08,2.02475358323541e-07,7.63427345451537e-07,-0.0166249592442099,7.01486363947051e-07,8.99826080775595e-08,4.42489014294025e-07,6.43577237483704e-08,0.276000504882994,2.24337691737676e-06,3.11754798652494e-07,2.10787203516711e-08,0.00479354963256734,-3.45229731648305e-15,-2.37295083930075e-06,3.36449643823849e-07,-2.10349456094099e-08,-4.66027776699824e-16,-2.50136013367973e-09,-5.85028700389116e-08,-1.97391952514751e-07,-1.13637702790991e-15,3.22767479548865e-07,2.21087007417213e-08,-4.46722978458822e-16,2.77471352593244e-08,-2.43192748157262e-06,-2.21444156494966e-16,-5.95485218911223e-17,1.07538837505167e-08,8.24673010603939e-09,4.51519073215762e-11,5.98250408299707e-08,-1.43542845328523e-08,-2.90406083920688e-08,-3.9840160987649e-09,-4.28181546358873e-08,6.55649171793489e-08,-4.23424316442489e-15,-9.02419815265786e-10,-8.90167717608667e-11,-2.40140317414844e-10,-2.18696594490104e-08,2.04881623036278e-16,3.2921176464095e-16,-6.93148059366047e-09,-1.76070485036486e-16,-1.0676465578423e-16,-3.46111852103263e-08,3.71420267707326e-08,4.8035331814146e-08,3.669367394695e-10,-1.10024201681702e-06,-2.40849669699501e-08,-1.06426059160474e-09,-2.10371757121457e-16,-2.17329086751801e-09,-9.77448202231975e-11,-4.4291977663588e-10,2.91203630452933e-08,-1.01886187317409e-07,-5.83374995877534e-16,1.43501753914378e-16,5.75676986884808e-16,1.0674623131075e-09,3.27340755987171e-09,2.72593617416609e-09,-3.88588478949939e-16,2.29189222558375e-09,-6.18146220498281e-18,-4.7267802444764e-16,-3.52740838806816e-08,7.69784106144445e-10,-7.22946008613334e-16,1.67130591930747e-09,5.54072159760291e-09,-4.45887854553088e-13,-2.00262924662512e-09,5.32104485956778e-16,-4.16912746813481e-10,1.51981655314446e-16,-4.05682259006964e-10,-3.44304369162762e-09,-8.46039068616904e-10,-1.11001034146214e-10,-7.06233162648212e-10,1.38453439131299e-07,-3.1844956901503e-10,8.0869931832792e-17,7.24509410392137e-09,-4.42763839462795e-10,-2.6709498169067e-16,-1.46935662715022e-05,-3.18148025659206e-10,5.02393591854234e-09,2.25805308532058e-16,5.41647567364398e-10,5.37655166161552e-09,1.2693138490998e-16,-2.12910010667785e-09,-4.91811750246453e-10,-2.05274173761548e-10,-1.50761825128759e-16,-9.09157633034399e-16,6.90929936998475e-10,2.3195401778544e-10,1.91000213620336e-11,-3.73852190176551e-09,1.97382601725981e-10,-3.0953454339193e-16,-2.320354486872e-16,7.39831386907218e-10,5.11637657966763e-12,6.93307084189011e-16,1.87122417462807e-09,-1.11055909413866e-16,6.97524749926704e-09,-3.91248104537204e-10,-2.29385475428569e-10,-1.54106989709952e-09,9.99012915073874e-17,1.01269891073274e-17,4.34759112900088e-16,4.06709451362696e-16,-9.57651968906357e-10,-2.50761430797631e-08,-1.92131745993103e-17,2.25843699627656e-16,1.11744780912037e-16,4.85400212473019e-09,3.30603901921684e-10,-2.51151487441271e-09,-1.31228498610895e-16,-9.74616437901532e-16,-1.29095952677849e-15,-1.71924516970006e-08,3.66008534773757e-09,5.0555303871551e-17,4.97422152916574e-09,-1.76288907302299e-08,6.4522288438384e-17,-1.38823480544571e-16,-1.81517909230406e-09,-1.864358732607e-11,-9.1781716282688e-10,-2.61068074982523e-17,1.0632894833484e-09,1.57288869553809e-09,1.72408827470107e-09,-1.61693957631938e-09,-5.80299292258451e-09,3.75014673297462e-09,1.38881283218824e-16,-4.25895382704627e-16,-5.11067825205101e-16,3.6785929575156e-05,-6.81803990370225e-09,-4.93636757140413e-10,-4.15098834236634e-10,-5.30140505694766e-17,-2.87712230757023e-16,2.04192631287792e-16,9.04925591814389e-17,-6.75348057198606e-16,1.43484543817429e-08,-1.03499629790863e-16,9.58190424689282e-17,-3.41307203082925e-10,5.25161740515355e-17,-3.05797139251733e-10,-2.59696376441128e-17,-3.79684582464811e-10,-6.04074649123513e-17,-4.73080720554142e-10,-5.96102636466701e-11,-2.83992614379684e-07,2.77420997289929e-16,1.95483309182524e-09,2.40587534384072e-17,2.84884172762342e-09,-3.58571920524931e-08,2.87161376472281e-11,6.77400379479531e-16,4.24646799150653e-09,9.63046798673438e-17,-1.06614580719003e-09,-6.02400960391476e-09,-1.26298234978577e-16,6.78960710417406e-17,7.17428740732872e-17,-1.33298011067608e-16,-2.05803865684286e-11,-2.69245084980099e-10,-6.04482806193566e-11,-1.70409753134073e-16,3.30403980021265e-16,-4.59142536109721e-09,1.35124669513147e-06,2.07352654511087e-16,-3.58264723129519e-17,-2.91908273317442e-10,-2.01867400985093e-16,-2.08340467502124e-09,-7.75937644405619e-16,2.00873217890418e-08,2.0430259576305e-16,1.69539219189028e-16,2.04389678613633e-16,-2.39137443501358e-16,-2.42833218181818e-16,-5.16519611347165e-15,8.55702026708973e-06,-2.85472250589389e-05,4.80025766759072e-16,-1.86752420815765e-09,7.16945624980519e-09,-2.02972102357622e-16,4.59096995588072e-16,-3.26167036214904e-16,1.25361561471551e-15,7.28955133189095e-10,1.1736287771767e-10,-1.23950458220447e-16,-2.71508368854222e-16,-1.34272211063006e-09,-4.79440713628109e-09,-5.03409407619088e-10,-1.41318719237319e-16,1.4578983305521e-16,2.81773946361313e-16,-6.262255954223e-16,-1.38491957808529e-15,-2.60843840436371e-16,3.00044046661397e-09,-2.85290304701934e-09,-5.51474209249388e-10,3.22360398289944e-16,-3.13243129950162e-16,-4.55982849793277e-16,2.17026641741795e-16,-3.41952739683808e-16,7.84604537784444e-16,-3.02460603432673e-16,-2.41718955514456e-16,-3.19715230354441e-16,4.78262535042935e-16,1.37137621509031e-16,-6.74220791892598e-16,-1.12002270747537e-15,-2.58633967803972e-16,1.72045742475828e-08,-1.58088503570667e-16,1.11502204039956e-15,-1.78183887590923e-16,3.31035571459753e-08,-5.79055387468614e-11,2.72305972500966e-16,-2.99368639545586e-06,3.09959873055005e-08,-2.90940620769017e-17,1.35054964731669e-16,-8.86744631725803e-09,-2.26656207800174e-16,8.08282197330862e-10,-1.19603966529573e-16,-3.96834498390379e-18,-1.44753658341251e-16,-6.48541033619811e-16,1.21305466843183e-10,-1.67290255233598e-08,2.35633432491005e-16,-7.00387923872722e-16,9.60042129826399e-17,5.60609841450573e-16,1.64571047761575e-15,-4.44877790253772e-16,4.83737668075993e-18,4.17407194851567e-16,1.44628198898646e-08,-1.09480810262337e-16,4.30575089896582e-16,-2.77508555661805e-16,1.94544234534039e-15,1.60471932102541e-16,3.25598829882768e-15,-6.29917972942424e-09,-2.88226382065871e-16,-1.18423897113314e-15,4.83134588824350e-09,2.67818299385785e-16,2.64291195619808e-16,1.57380866348378e-16,-2.35752728826541e-15,4.85864244234351e-08,-7.97634057630183e-16,-6.30873205898818e-09,8.65587545230273e-16,-1.02244722494668e-15,6.8404737388474e-14,-7.17956264576001e-15,-2.15199632084736e-15,1.54821714734158e-14,4.68953297660827e-10,-6.40066408220678e-15,-1.50866331527806e-14,0.29833237363239,1.04645971638203e-06,-3.80653624191906e-15,-3.6907525023423e-08,-4.03892728440961e-09,2.34103536072705e-15,-7.90940993979461e-15,3.52763632833679e-15,-2.54799549274034e-16,3.92016219841214e-16,7.79864408138751e-10,-1.6545815181648e-15,-7.78154974029563e-15,-1.9509269402691e-15,-1.91342450033693e-10,-2.38745766541581e-15,-2.88906440964232e-15,-8.08499672163416e-17,4.08967961659003e-16,3.64751238144325e-11,2.49696321724313e-15,-5.00252659552641e-11,8.20885312136281e-17,-2.20194911635599e-15,9.22646338411374e-16,1.62332858876852e-16,-7.46326459803036e-16,-9.83942899182811e-16,-9.15878888438282e-16,-1.21668313003021e-09,6.32641154711453e-16,-6.78418666513153e-16,5.42587766975043e-10,1.43288310841065e-15,-5.70857227644553e-16,-1.1635391433639e-16,-1.67067941232382e-16,-1.78553056104859e-15,-1.24752276585391e-15,-9.91402419772887e-10,3.12884463338949e-16,6.77873144333058e-17,2.38168954270778e-09,1.87670617770531e-16,-6.26847721096749e-16,-1.14180535386551e-15,-1.98289142178741e-16,3.27919586665372e-16,3.16495869438329e-15,5.27338754266643e-16,3.420893364476e-16,9.17546512138083e-16,-5.38191376790515e-16,-7.30152967309318e-18,-1.89743165076241e-09,8.51266901307551e-09,-2.60792102018232e-15,-1.32017959835641e-15,8.21706075009157e-16,8.20659773689978e-16,1.0474694028817e-14,-9.11316155631452e-16,1.34997790972799e-15,-2.26247978695461e-15,-1.06912175399429e-10,8.45843207048731e-16,8.57842155817796e-16,6.4535245078917e-16,1.32068702820331e-15,1.96195250678947e-10,1.40703716634528e-16,-0.38778220552101,6.73877494959605e-14,-8.11547126820441e-15,-2.02031414990161e-14,-1.17492366324804e-15,2.71133373562431e-15,-1.85004691856075e-15,3.74109658677191e-15,-4.93266558814771e-15,-7.89249179458157e-17,2.26055549323037e-15,-1.57516397770035e-15,2.59404610931664e-15,-3.82008832249854e-15,-3.0673439512461e-16,-1.9467641264715e-15,7.79139492358548e-15,2.63177227544445e-15,6.7334980281345e-15,-3.17588974500089e-15,-6.43493624064074e-15,2.29081077024462e-15,-1.29055179935705e-15,-1.31258407693197e-14,7.24881944291016e-17,-1.228458062815e-14,6.28720181609016e-12,-9.02687751555558e-15,-0.70710678118656,-1.09171844984032e-13,3.33969284590422e-15,3.00369950934457e-14,-5.9058376767131e-15,3.08364263425497e-15,2.97771203149044e-15,3.71353683663002e-16,1.09412764182471e-15,1.01795741974664e-14,-1.33205617373113e-15,1.90783121799951e-15,3.26012986168955e-15,-3.96428708003847e-15,1.42375940142485e-15,-2.57028429170304e-16,-1.0239034587479e-10,2.24856729791784e-15,-4.51538542169786e-15,7.45452149198092e-16,1.87880606325028e-15,1.23685299577952e-15,-1.37205542894888e-16,-2.01117704996257e-16,-1.96628333005933e-15,5.74156966263e-16,2.4513968985052e-11,2.02714863840046e-15,-6.00385852936111e-16,3.20950988080703e-16,1.19977759843066e-16,5.62296970948258e-16,1.11062753406076e-15,4.56855947767492e-16,-2.81145503552521e-16,6.97659051684681e-16,-8.44377463819646e-16,-2.49176257025784e-16,2.32974974415743e-16,5.32030494875495e-17,1.34151079998297e-10,-6.19598787137899e-16,3.54460445081402e-16,-4.44970905930004e-16,-6.91504145611255e-16,-4.1616200953681e-10,7.04504088596309e-16,8.42735857953539e-16,-1.66927644729924e-16,-1.59830204531796e-15,-4.59262637693603e-18,-9.28071698097269e-17,7.7177040173309e-16,1.2362189389411e-16,-1.49308961683796e-16,2.26149498079689e-16,2.737620799992e-16,-1.1704431274569e-16,1.7404601385974e-16,8.85038223196894e-16,-1.12951029475393e-15,-1.20135462464288e-17,-7.67776286743813e-16
"t832",-0.0450820071656964,0.0428600268805499,-0.0706512495935858,0.0352883625373661,0.0107546187835705,-0.00576792271014999,0.0383769899447255,-0.0888152574493854,5.41077434999386e-05,-0.000331747229252965,-0.000199199744468233,0.0117030773338052,-0.0195042876151593,0.00283313316274183,-0.000700224998338626,-0.101285700363096,0.00231022315970393,-0.0047408406491386,0.000317785173471506,-0.000112962616140057,0.00959450167810298,0.0401852402195811,6.44625519673858e-05,-0.000376719851111443,5.48630951223528e-05,-1.8799200891372e-05,2.10182337869009e-05,-1.81580687121036e-05,0.000219218055010182,0.000314905851618641,-1.22294668690824e-06,2.39171948797961e-06,-0.000892142764625846,2.42965180905359e-06,-1.47976619037269e-06,-2.62606060118203e-06,-0.000106199007205264,7.70685217955251e-07,6.32022934668636e-06,1.77140717795139e-06,9.65759136861745e-05,-1.31405248916637e-05,0.000115978630812212,-1.36334279109949e-05,0.00314811475279431,-8.18984465750869e-06,1.19088485709743e-05,-0.000248964245980354,2.30244804275179e-05,-5.68728775064929e-05,0.00066058291157711,-9.91581036286235e-05,1.54007726918712e-07,-0.155106048546367,-7.52306585156879e-06,6.66130426293609e-05,-3.36084327413587e-07,1.19866436855288e-05,-3.71099676599274e-06,-8.68815251197668e-05,-5.42533479468844e-06,7.99187257840169e-07,-3.01456381268118e-05,1.65686355619153e-05,-1.45054870498456e-06,3.94189210556153e-05,-3.19036748436126e-07,1.25730576216969e-05,-3.61552754860269e-05,1.55627719016935e-05,-2.14164317084004e-05,0.00448760603736058,-7.32014629429446e-06,-0.000827120837353535,0.000413888023473767,1.8965978728808e-06,-0.0528425870710136,-5.330948333581e-05,5.89680077881432e-05,5.48690173932875e-05,-1.21831271296127e-05,-0.000174303220672423,1.74830974266576e-05,0.000107449185488012,-8.36950100051422e-06,-0.00193848006715145,0.00135777730512251,2.86042680973534e-05,1.22896641499312e-05,-0.0193163371204241,-2.31262817142947e-05,-0.0101019012837415,1.89199305824438e-06,-4.40493970552999e-05,-4.03680408139909e-09,-6.36239120816282e-06,1.44222420795517e-07,4.89446891960613e-08,1.06396637553936e-07,5.51920367347946e-08,-1.27409029566572e-09,1.48073671804786e-09,-7.07015149078194e-09,9.30229528742037e-08,-4.48698722751236e-08,5.44712476871031e-07,-2.94491807043547e-06,8.09194844132568e-07,-5.01612410963853e-07,6.08593872520647e-06,5.98751283286402e-07,1.69132266734831e-06,-3.80204718097629e-06,5.14626550683611e-06,-2.18778983163887e-08,1.0253711044339e-06,-1.65970843122742e-06,2.30807382524939e-06,-3.15621608927085e-06,1.01735780063798e-05,-5.90738965930872e-05,2.75098115421422e-05,-0.000179952254955116,-0.000627555837053328,0.172473535961454,0.000494038269550193,-0.00371928815089896,4.68922410277994e-06,-4.5582346847308e-06,-0.000149544370806207,2.39396023271275e-06,-1.08502656944308e-05,1.26091845922397e-05,2.4790019203105e-06,-6.69019162311876e-06,-3.83189770622863e-06,2.15377429224124e-08,1.60514595574864e-05,-1.02796304170431e-05,3.10523969528078e-05,2.97343909761981e-06,0.000160829974306009,-0.000106239544583127,-0.00049914079202999,-0.299831238074921,-1.58006283892001e-07,-1.72337860109427e-06,1.04572154619703e-07,5.58425837746115e-09,-1.21647939288395e-08,-5.06573739356977e-05,-2.84735995836696e-08,-4.40509195378622e-06,1.87205080590815e-07,-1.26673526580819e-08,-7.38183289160311e-10,7.59886383990955e-09,1.32219417719231e-06,6.27517646549793e-09,2.07226801154724e-09,9.668181781021e-07,-1.85764363377976e-08,9.16369852891319e-09,1.18646856841048e-06,-1.15165835276488e-07,3.02643879905781e-07,6.68368494481784e-08,1.30167015674129e-09,6.68827284648965e-08,1.44072931679501e-07,-3.08832773945291e-06,-8.02042506484937e-07,0.023062452064146,-1.095319980743e-07,-6.72517532718965e-07,-1.32389861095305e-08,-4.9311204376834e-08,1.78970709504772e-07,9.98792171154936e-08,1.55365148263249e-05,-7.30079892995796e-07,-2.0300045888602e-06,4.77198492871672e-08,1.46252912281629e-09,5.37831451433198e-09,8.36619329058744e-09,1.64380072388665e-07,-3.23070153702531e-08,-1.46116202437589e-07,7.07830665615056e-06,1.55299064416913e-09,-1.78295576052065e-09,-5.49627053888078e-09,-3.95676637206721e-11,-2.14798797957613e-10,-1.21993884047406e-09,-3.22423576608758e-09,-0.000104016920128846,-1.43384692036936e-10,1.55209821901365e-09,1.59289982099409e-09,3.30004193096384e-07,-6.41751899289087e-11,-1.19942823702989e-07,-2.62864055582722e-08,-1.23323406693319e-06,2.3892234818152e-08,5.04367602009535e-05,-9.37394755645718e-08,-5.35304274465459e-09,-5.89248730089931e-07,1.36882349673921e-06,-3.93724228278782e-06,-6.65554290217716e-08,-3.53738868084277e-07,-5.04150013769242e-08,6.32476173922721e-07,7.0738168192332e-09,-1.4145831105049e-08,-7.48613707840098e-08,-4.17187259334244e-07,4.79106670661178e-06,1.42307632138577e-07,4.76376162878774e-07,-1.31749294252988e-07,-6.8509274679796e-08,-7.25811331148985e-07,-5.51223677222276e-08,-9.19334404025062e-08,-7.87677782063523e-08,2.25678197184366e-06,3.68179805899758e-07,2.96719282970615e-08,5.01905435144362e-08,-2.97184462014496e-09,-4.06045507558598e-07,-3.11149096390607e-07,7.90701994100545e-17,-8.07067668645069e-08,0.000145915127700398,-1.24037172265183e-07,-4.06283354945056e-06,-7.19999536326245e-07,6.80894729143141e-06,-9.52816930054492e-07,0.00795925292935082,1.71899202394466e-07,-1.91247993202383e-09,1.93864940407046e-06,-1.68346514936718e-06,4.4774708647551e-08,-5.76583403810234e-06,2.03992847584989e-07,-0.0308736188641986,-2.16497715479873e-09,-1.68191470315012e-08,1.64128684873869e-08,-1.78955227248156e-06,-5.20199501778702e-09,7.69643307176791e-10,-9.86789515256545e-09,1.50464896541612e-09,-1.197843667695e-07,2.95990127770405e-08,1.2391741087201e-10,-5.7841193602731e-11,4.437833820078e-10,3.19482429402045e-08,-7.43736730229431e-08,5.8397330456184e-10,2.47203344101416e-10,-6.28013011193512e-10,5.58368165676282e-08,-9.42576571067713e-06,2.39447091311864e-08,-3.51053622760493e-07,2.2336069477958e-06,-2.16166396275175e-08,5.55940204317938e-08,-2.08127404306724e-08,1.15177937049306e-08,7.69024346382484e-18,-3.00940139095787e-08,-1.03849414850504e-09,-9.88262345187268e-12,-8.99961237760582e-08,1.66036828508074e-09,-1.04637617318612e-09,-1.88863144498107e-07,2.3478718008203e-08,-2.461542910408e-08,6.45723345630518e-08,2.42249319189325e-09,-2.29972342330248e-09,3.00217376474942e-08,-3.65995767963302e-08,8.35852907545846e-07,-1.95702454255791e-08,8.8185040786708e-06,9.69698879539178e-10,5.44732657257328e-09,5.05911883992641e-08,-4.48044338706512e-07,1.06507245001128e-08,-4.11435038830645e-08,5.59199224241185e-08,-2.03524723867474e-07,1.31473137861984e-08,1.18988845262054e-08,9.10218939711168e-08,-1.5347521933123e-07,-1.24191800324515e-08,1.01983404093418e-07,-6.71919273909996e-08,1.66561973682077e-09,1.55732503157664e-08,-3.05577309132206e-08,-1.40638027612568e-16,9.84196899701868e-11,4.17686492032685e-07,-3.17557661508512e-06,2.77347058015714e-08,2.49875492873533e-08,7.36043977828769e-09,1.71800146320926e-08,-2.52952553318916e-07,9.51682867057914e-08,-5.43227271397225e-17,-7.49518365430064e-08,-9.16800396947516e-10,-2.58179170132034e-09,8.5958567159565e-08,1.97782399256084e-08,-1.34828027731771e-09,-5.23099102485898e-08,1.40855446727051e-08,-4.77019220873143e-07,9.22425494155782e-08,-1.90050629559352e-08,-3.46502967656486e-08,-1.8416276414911e-09,-1.50413001276059e-07,-3.50514719637759e-08,1.47916742950829e-07,-3.84905273575698e-08,-1.401619808325e-17,-6.16248243378123e-06,2.46194760820419e-06,1.7230055405268e-09,1.26813535157445e-07,-7.88954461772002e-08,-1.75319507144437e-07,6.31441380971473e-07,-2.3040390022235e-06,-1.62970870595817e-08,-3.08205508000931e-16,-3.07323132183075e-08,-8.58817614054028e-08,-4.0777673836422e-08,9.20516072175984e-17,8.11780902047786e-08,1.07432032047395e-06,-1.65150630841311e-07,-6.88434728102062e-08,-2.37061220022516e-08,-1.30338967197735e-08,-4.77173651000196e-07,1.44896243283171e-08,1.55850795801499e-07,4.94241765510463e-08,4.34987287247193e-08,3.33269571115717e-06,2.30836639787247e-16,-0.0146254913927984,-2.3989812725837e-07,-3.28227823923893e-07,4.30052805126389e-09,-4.59977275615058e-16,-1.02307062504978e-08,1.63803267846398e-06,-7.58739628627308e-09,-6.97301146209212e-09,-1.82709996160862e-08,1.07525457083498e-06,-2.9094294787981e-07,4.61750167180604e-08,-1.61793960081361e-16,1.87854263029932e-07,-9.31543690809681e-06,7.05249569634458e-07,2.42869941886624e-07,-2.47422917185834e-08,-1.67646673385433e-10,6.90419943438769e-16,-1.32074798381991e-16,-1.73623033977161e-10,-1.92512501846021e-05,0.00357067616931441,-2.71677227775545e-08,6.86922017935095e-17,-1.46830331688601e-08,-1.80252604952586e-10,6.69151201440832e-16,1.2087734197649e-17,-4.94353341605295e-17,4.30066908909963e-08,1.28820710933167e-07,-1.9680623886898e-07,1.22084646354228e-07,6.12213749162172e-08,1.33231757330042e-07,-4.05281452032319e-07,3.80292030626885e-16,-1.00935628123495e-07,3.86926386708999e-07,4.48148009427302e-17,7.05666952637722e-16,-2.42356283779709e-07,-2.04500300350587e-11,-0.000704099455972234,1.46520787030009e-07,1.88580579571849e-06,-1.44335780070412e-08,-1.93837112172195e-11,-5.41989260037784e-08,2.40985659806911e-15,-3.30149390782403e-07,1.93129475085929e-14,-0.0458289219516234,-3.68415987471742e-15,-1.15841030157532e-07,-1.21180971811815e-07,1.25249140094089e-08,2.02475358173112e-07,7.63427345430629e-07,-0.0166249592442115,7.01486363954034e-07,8.99826081440522e-08,4.42489014377552e-07,6.43577235320649e-08,0.276000504882995,2.24337691717266e-06,3.11754798978852e-07,2.1078719978803e-08,0.00479354963256876,-3.14081196978264e-15,-2.37295083952426e-06,3.36449643555278e-07,-2.10349457609636e-08,-3.91014677328548e-16,-2.50136025567693e-09,-5.85028701466494e-08,-1.97391951747249e-07,-1.18050474081198e-15,3.2276747986125e-07,2.21087008981257e-08,-5.39647519388179e-16,2.77471347307795e-08,-2.43192748174755e-06,-8.27888833402094e-17,1.54527526474734e-16,1.07538835393633e-08,8.24672992110207e-09,4.51518511035387e-11,5.98250411698647e-08,-1.43542844889345e-08,-2.90406084454105e-08,-3.98401651335466e-09,-4.28181548935016e-08,6.55649171381895e-08,-3.99907971321278e-15,-9.0241922787916e-10,-8.90169780117267e-11,-2.40140841338786e-10,-2.18696601923248e-08,2.41624388541003e-16,3.11152911466161e-16,-6.93148005435618e-09,-1.48247681157373e-16,9.22460324519889e-17,-3.46111850050011e-08,3.71420276314298e-08,4.80353319680257e-08,3.66937392267872e-10,-1.1002420169764e-06,-2.40849669591681e-08,-1.06426078906175e-09,-7.23762616295547e-17,-2.1732914299921e-09,-9.77442943343465e-11,-4.42919718994305e-10,2.91203631791139e-08,-1.0188618707336e-07,-5.31647197527901e-16,1.31092416330801e-16,6.4641608586669e-16,1.06746217428251e-09,3.27340763273959e-09,2.72593660224537e-09,-1.25133832703963e-16,2.29189214234064e-09,-8.24796898353716e-16,-1.87650455373851e-16,-3.52740838367856e-08,7.69784192400278e-10,6.60495963478169e-16,1.67130577790012e-09,5.54072152199249e-09,-4.4811243960248e-13,-2.00262938303609e-09,1.797473355341e-16,-4.1691259384282e-10,-2.74326748269257e-16,-4.05681984055726e-10,-3.44304399110007e-09,-8.46038918131896e-10,-1.11000882658614e-10,-7.06233814170442e-10,1.38453439787513e-07,-3.18449881718589e-10,1.67727142420404e-17,7.24509488171975e-09,-4.42763471361229e-10,-1.50969157312098e-17,-1.46935662717928e-05,-3.18147984569551e-10,5.0239360849092e-09,4.05553123472171e-16,5.41647061764259e-10,5.37655179575047e-09,9.68870896267224e-17,-2.12910079749282e-09,-4.91811568725616e-10,-2.05274408276331e-10,-1.51534686343257e-16,5.57617857639203e-17,6.90929935555546e-10,2.31952732613608e-10,1.91002153024664e-11,-3.73852187419786e-09,1.97382924502047e-10,-1.61580095196657e-16,4.76146878982341e-16,7.3983158384182e-10,5.11625241381136e-12,-4.30319004611091e-16,1.87122332935594e-09,1.12721224024411e-17,6.97524769427351e-09,-3.91247794347737e-10,-2.29385517243489e-10,-1.54106991024855e-09,-7.3142486662413e-18,2.44871451682862e-17,-2.44131273782202e-16,-2.48749839398972e-16,-9.57651807633277e-10,-2.50761459599538e-08,1.35692639836253e-16,3.48992844969272e-16,-8.89775197309184e-17,4.85400194501159e-09,3.30603420875679e-10,-2.5115149518204e-09,-1.05411372774699e-16,-1.36473948461613e-15,3.96275894043452e-17,-1.71924519299324e-08,3.6600851000966e-09,3.40776687208272e-17,4.97421950511404e-09,-1.76288907410561e-08,2.4241768835047e-17,1.17998608444537e-16,-1.81517825120672e-09,-1.86435773014131e-11,-9.17816887067056e-10,-1.28449909135761e-16,1.06328985772366e-09,1.57288766730229e-09,1.72408663341334e-09,-1.61694005786982e-09,-5.80299229808532e-09,3.75014428254300e-09,1.18601053991833e-16,-3.81215128906131e-16,8.93910940427162e-17,3.67859295737354e-05,-6.81804022404515e-09,-4.93637524208258e-10,-4.15098712481019e-10,1.55383384058159e-15,1.91430929289044e-16,-2.93555443147589e-16,7.31492867076927e-17,-8.05139859302061e-16,1.43484546081946e-08,9.56391999157375e-17,1.68672454443806e-16,-3.41306323303954e-10,1.69985611797497e-16,-3.05797784872368e-10,-2.84044632030469e-17,-3.79684485896554e-10,2.4696448013969e-16,-4.73081150329842e-10,-5.96098702677441e-11,-2.83992615962988e-07,-2.66572137513135e-16,1.9548338204509e-09,-4.13591651100406e-17,2.84884200665849e-09,-3.58571913201457e-08,2.87159304485463e-11,-3.39437705995733e-16,4.24646890105428e-09,4.07560652500654e-16,-1.06614584267018e-09,-6.02400972938777e-09,-4.85949946322507e-16,-9.20961703364723e-17,4.65501810970265e-17,-1.37672246561237e-16,-2.05804935860253e-11,-2.69245164671068e-10,-6.04480100564616e-11,5.36826112869439e-18,-1.55568884955309e-16,-4.5914249824242e-09,1.35124669818198e-06,4.29369965342879e-18,-2.81191578932572e-16,-2.91907842767529e-10,-4.4893594281364e-17,-2.08340458683396e-09,-2.64626805978752e-16,2.00873208689189e-08,2.44531096548768e-16,2.03609573092925e-16,2.18812189420169e-18,-1.58295886624819e-16,5.18651206483116e-17,1.32051938200417e-15,8.55702026710831e-06,-2.85472250583042e-05,1.57575504028701e-16,-1.86752400113896e-09,7.16945651601563e-09,-7.78451484392516e-16,-3.47942123605902e-16,-1.19151740046197e-15,-9.81580786824826e-17,7.28954773449263e-10,1.17365025194025e-10,-5.7260562688472e-16,-5.0869442562471e-17,-1.34272180847419e-09,-4.79440701463622e-09,-5.03409591543917e-10,-1.59016338629008e-16,-3.64450811349838e-17,-7.08971160175164e-17,-1.4300806734191e-15,4.13977883774495e-16,-2.77593184832165e-16,3.00044029462107e-09,-2.85290345425464e-09,-5.51475196485016e-10,3.61862755182216e-16,-2.97952277410418e-17,1.01833755789203e-15,-2.03077536323928e-16,4.56222517659138e-16,5.31342056878061e-16,1.15098881373322e-17,-7.99577605743333e-17,-3.24715439883097e-16,-1.05841176085947e-16,-1.3507813014379e-16,-7.02117744094294e-16,3.35689372075368e-16,-9.71018270333565e-17,1.72045765344524e-08,1.45375454625712e-16,9.77465675381861e-16,1.40810363157151e-16,3.3103557882682e-08,-5.79059243216673e-11,-4.36297367685024e-16,-2.99368639256308e-06,3.09959868610634e-08,1.13218556319536e-16,-2.16392943375759e-16,-8.86744633715096e-09,2.15530850327869e-16,8.08281051458869e-10,-2.50347208277104e-16,-2.81436053665857e-16,-2.01651883748049e-16,-2.23282999598307e-16,1.21304407732048e-10,-1.67290265159625e-08,1.80029052439168e-16,-3.2589290416828e-16,3.11385417688219e-16,2.9090771338321e-16,1.58629619856354e-15,2.45109756583503e-16,-1.07962094475311e-15,4.10364463824633e-16,1.44628205990831e-08,4.09665212097315e-16,-2.03086751485784e-17,3.15834458847539e-16,1.3037668345803e-15,5.16763616308614e-16,-9.81149785897363e-16,-6.29918000134601e-09,-3.25068697792638e-16,-1.07901568738573e-15,4.8313460769018e-09,-4.69681568826411e-16,-7.19048563573063e-16,3.51839738793551e-16,-2.32518241160634e-15,4.85864247947289e-08,-5.05957325991404e-16,-6.3087322789188e-09,1.55059240772574e-15,-8.72489266605886e-16,7.22213186827401e-14,-6.34571207226383e-15,-5.82458804117472e-16,1.70177413734335e-14,4.68952976103887e-10,-5.04120994593181e-15,-1.6552970606748e-14,0.298332373632391,1.04645971576833e-06,-4.03840972760982e-15,-3.69075248587067e-08,-4.03892818500459e-09,2.43405378351324e-15,-4.78821848569925e-15,1.22680691911828e-15,-2.24702762991024e-16,-4.61771570086801e-16,7.79864375482933e-10,-1.36630586134476e-15,-2.55630246093711e-16,-1.21791632196751e-15,-1.91343464278929e-10,-1.45770895498548e-15,-1.35339683010352e-15,9.49536909968549e-16,-4.42488990300759e-16,3.64712000300971e-11,2.36251201504883e-15,-5.00243191059904e-11,2.32428176403716e-16,4.78385987673955e-16,-6.35544753394338e-16,-1.83648115506404e-17,-5.80430387095964e-16,3.10947067911519e-16,1.07029423898864e-17,-1.21668413670643e-09,2.00589049105198e-15,2.12804538887714e-16,5.42585952392023e-10,1.39923528408193e-15,-5.64529634168707e-16,-1.55836225351195e-15,-2.49206663945442e-16,-1.24266436906791e-15,-8.16445731723994e-16,-9.91399073369755e-10,-5.0246480829141e-17,7.13467173194158e-16,2.38168448698583e-09,9.51900348276828e-16,1.39650135372036e-15,-1.14723725984996e-15,3.66138648262527e-16,4.25270309208823e-16,1.85402786575947e-15,1.23419171158682e-16,4.81124233704746e-16,6.46030407085367e-16,-7.82327081057287e-16,9.36932036230386e-16,-1.89743128155814e-09,8.51266903711286e-09,-4.36369770417647e-15,1.44598323476457e-16,5.85778974246272e-16,-6.4490721828414e-16,1.01542038666302e-14,9.93843830379533e-16,-3.33596212951103e-16,-1.26810615621964e-15,-1.06912651073828e-10,-9.55209430002605e-17,3.5674351736406e-16,2.72471224156978e-15,-7.77293905477059e-16,1.96196400304273e-10,-5.57035320249635e-16,-0.387782205521053,6.57301774991839e-14,-4.08682140891414e-15,-1.02266016364647e-14,2.24779175043357e-15,2.94895542017251e-15,-4.44814274532815e-15,6.54430064811672e-16,4.41120054663801e-15,1.94178534207004e-15,-2.41937313409731e-15,6.57309752078874e-16,-7.99490304791817e-15,-3.11688370708679e-15,3.21844956374431e-15,-1.24787396390016e-16,-9.55803829046081e-15,-1.66892014320466e-15,-4.74068081459657e-15,4.81948493370474e-15,4.40099343825706e-15,1.90765372248825e-15,1.20479391626533e-15,1.55233972838368e-14,-7.72468500302026e-17,1.16934669490598e-14,6.29549988145959e-12,8.9456870263487e-15,0.707106781186535,1.07155456159196e-13,-2.56462349308302e-15,-3.34608658080709e-14,5.94226795359519e-15,-1.27687030479694e-15,-1.91965794799482e-15,-5.87764819652843e-16,-1.77010611644895e-15,-4.97215116301852e-15,1.14904692818303e-15,-2.68899599961563e-15,-3.54950193762422e-15,4.56130574399306e-15,-1.50996689436056e-15,1.03318119632563e-15,-1.02390707232988e-10,-2.43847183149812e-15,3.54163316572524e-15,-5.52062446902905e-16,1.72063734572337e-16,-1.96362247470176e-15,2.19764376382471e-15,-5.51207550429098e-16,-4.74762520758017e-16,-6.49832575940371e-16,2.45168214931916e-11,-5.50925475484696e-15,5.61811196739805e-16,-6.05361150394636e-16,-4.97687567576716e-16,-8.21219945111509e-16,-4.0800965159927e-16,-8.63733202148271e-16,4.40996013618238e-16,-6.74297817574016e-16,1.84018165841134e-15,4.36642536598613e-16,-1.86949268698857e-16,3.40537437889921e-18,1.3415026984714e-10,7.02771970364374e-16,-2.1779536278163e-16,-2.53284046444024e-16,1.81452075587174e-15,-4.16163922787299e-10,2.53873501192133e-16,1.47162600249278e-16,4.7713023467719e-17,1.53431937845451e-15,5.3009578889932e-16,1.25945555132057e-15,-1.42381879086399e-16,-1.56457438057904e-16,7.21413546401879e-18,-4.99414410136892e-16,-8.87221974500973e-18,1.1285451235216e-16,-1.10436791067523e-16,-6.12064004074961e-17,1.30457773067513e-16,-4.71281043774661e-16,4.6899906464757e-16
"t780",-0.045081064727372,0.0428581405845953,-0.0706480398234986,0.0352862153571619,0.0107538180722772,-0.0057674191857533,0.0383735742256428,-0.0888067266123468,5.41016105461998e-05,-0.000331701686934746,-0.000199165113299029,0.0117005755081371,-0.0194999974870628,0.00283250066488016,-0.000700061938504115,-0.101260739471256,0.002309640403338,-0.00473962337553278,0.000317701713588324,-0.000112930422113322,0.00959154741490512,0.0401703521827826,6.44373559593112e-05,-0.000376571780204494,5.48414477328199e-05,-1.8791436520798e-05,2.10094522743883e-05,-1.81504154425181e-05,0.000219123230444786,0.000314745577038873,-1.22228396317371e-06,2.39036594938253e-06,-0.000891602424521755,2.42811246661963e-06,-1.47878222149239e-06,-2.6241793909397e-06,-0.000106121996789999,7.70117766866569e-07,6.31554520512455e-06,1.77007544776395e-06,9.65012942047348e-05,-1.3130134464264e-05,0.000115885606233519,-1.36224798994903e-05,0.00314554422146343,-8.18274683500774e-06,1.18983439172971e-05,-0.00024874282672168,2.30035330081583e-05,-5.68198728938431e-05,0.000659947620587493,-9.90613623784139e-05,1.53857158897978e-07,-0.154951709369917,-7.51532261530234e-06,6.65441342404012e-05,-3.35705052212299e-07,1.19728063535267e-05,-3.70670134114698e-06,-8.67754165287386e-05,-5.41844559171571e-06,7.98153170877912e-07,-3.0106041985048e-05,1.65467910220303e-05,-1.44858312451794e-06,3.93642059197059e-05,-3.18570638894675e-07,1.25542753968838e-05,-3.61007147460841e-05,1.55388591784259e-05,-2.13804158909713e-05,0.00447956265726261,-7.30690120947387e-06,-0.000825595123784255,0.000413122734788687,1.89306213250925e-06,-0.052743754665371,-5.32081897735548e-05,5.88519878705194e-05,5.47595674257244e-05,-1.21582578592084e-05,-0.000173945659118954,1.74459437528475e-05,0.000107218454229061,-8.35073136840022e-06,-0.00193408238771183,0.00135466132932299,2.85385020828544e-05,1.22613944822252e-05,-0.0192718501608768,-2.3072788506948e-05,-0.0100775794212589,1.88742139322927e-06,-4.39403883559596e-05,-4.02640928397492e-09,-6.34591131520671e-06,1.43848753456884e-07,4.88159994939239e-08,1.06115373388088e-07,5.50431648494942e-08,-1.27059777278983e-09,1.47667208577001e-09,-7.05071265584378e-09,9.27488618017743e-08,-4.47370014781474e-08,5.43093180165417e-07,-2.93610330037705e-06,8.06768129061485e-07,-5.00103037548078e-07,6.06753264900076e-06,5.96937455468146e-07,1.68614893731671e-06,-3.79040333194126e-06,5.13010462745269e-06,-2.18088322633704e-08,1.02209692399642e-06,-1.65438170704276e-06,2.30056314302799e-06,-3.14581003904994e-06,1.01397064944176e-05,-5.88761332835739e-05,2.74159735715963e-05,-0.000179331062765346,-0.000625388542301431,0.171876875875773,0.000492308435762113,-0.0037062523943997,4.67261960525086e-06,-4.54162459821298e-06,-0.000148999263463163,2.38521394321628e-06,-1.08098766309054e-05,1.25620779697218e-05,2.46971640137276e-06,-6.66486477924187e-06,-3.81737016262441e-06,2.14542704665621e-08,1.59881605478518e-05,-1.02381420872911e-05,3.09269892174899e-05,2.96138359160887e-06,0.000160176609343961,-0.000105806573806366,-0.000497104112111277,-0.298607795321317,-1.57355945230111e-07,-1.71616368770676e-06,1.04126868463069e-07,5.56037965337565e-09,-1.21122983614195e-08,-5.04386097268552e-05,-2.83502089046978e-08,-4.3859635749864e-06,1.86390294128954e-07,-1.26110536504859e-08,-7.34891392300766e-10,7.56490036901523e-09,1.31597263965416e-06,6.24528971409907e-09,2.0623802290996e-09,9.62158153867546e-07,-1.84867139835155e-08,9.11886842150019e-09,1.18065531524692e-06,-1.14594583262069e-07,3.01124975279772e-07,6.64900929243932e-08,1.29490915262673e-09,6.65352323783985e-08,1.43321060551729e-07,-3.07212729538433e-06,-7.97832110234852e-07,0.0229401510090989,-1.08949309507047e-07,-6.6891550532024e-07,-1.31679594315017e-08,-4.90464280960177e-08,1.77994652365851e-07,9.93258171967097e-08,1.54501991974433e-05,-7.26013392351325e-07,-2.01861192099503e-06,4.74512629720305e-08,1.45427420384225e-09,5.3478769749771e-09,8.31842456344268e-09,1.63439452166209e-07,-3.21186595245504e-08,-1.45263796308185e-07,7.03675784229869e-06,1.54372046707276e-09,-1.77216558898684e-09,-5.46285093826778e-09,-3.93254162068888e-11,-2.13476837937186e-10,-1.21231549182809e-09,-3.20402187843609e-09,-0.00010336030637755,-1.42476693963607e-10,1.54200809547534e-09,1.58253191502189e-09,3.27832989233594e-07,-6.3748731963659e-11,-1.19125438879088e-07,-2.61072491925185e-08,-1.22481001149759e-06,2.372791148689e-08,5.00882328744682e-05,-9.30836362108472e-08,-5.3150199001791e-09,-5.85012804483655e-07,1.3589472686805e-06,-3.90836528455733e-06,-6.60628886456758e-08,-3.51120423177088e-07,-5.00392235579803e-08,6.27679333653364e-07,7.0199901722874e-09,-1.403630174787e-08,-7.42748119809816e-08,-4.13905164583048e-07,4.75274406440448e-06,1.411648910235e-07,4.72534489507108e-07,-1.30673043738394e-07,-6.7948180984843e-08,-7.19863149507269e-07,-5.46643283122977e-08,-9.11631405599525e-08,-7.81017160400015e-08,2.23761956967982e-06,3.65040232895869e-07,2.94178996796229e-08,4.97603671970957e-08,-2.94610926882934e-09,-4.0250676801324e-07,-3.08418708508977e-07,9.65133916703044e-17,-7.99915979626728e-08,0.000144619613087838,-1.22921133493317e-07,-4.02590498321333e-06,-7.13400766849349e-07,6.74651263648502e-06,-9.43946315300591e-07,0.00788496537528625,1.70292915122816e-07,-1.89450956517408e-09,1.92036506934331e-06,-1.66747951374661e-06,4.43482681031462e-08,-5.71085169706628e-06,2.02034483841215e-07,-0.0305689126076669,-2.14340374149555e-09,-1.66502067530786e-08,1.62451671999059e-08,-1.77124515703612e-06,-5.14814932329692e-09,7.61624254658346e-10,-9.76412455287654e-09,1.48877949474352e-09,-1.18517088287226e-07,2.92845266821441e-08,1.22592422850575e-10,-5.72221616897898e-11,4.3895933784189e-10,3.16008444605031e-08,-7.35646228481774e-08,5.77593087209547e-10,2.44498642264164e-10,-6.21107251941586e-10,5.52222324613462e-08,-9.31889464484613e-06,2.36723435948903e-08,-3.47050283169412e-07,2.20798649521275e-06,-2.13675338917075e-08,5.49466586550039e-08,-2.05696567217575e-08,1.13829507718233e-08,1.41037486668949e-17,-2.97388138011323e-08,-1.02622309404249e-09,-9.76536316898974e-12,-8.89203119675868e-08,1.64038129439374e-09,-1.03373852113375e-09,-1.86578452813884e-07,2.31887276030675e-08,-2.43109948133945e-08,6.37734426278827e-08,2.39234005093439e-09,-2.27060823993474e-09,2.96405421319461e-08,-3.61339174777517e-08,8.25147216209069e-07,-1.9313213412336e-08,8.70147287454623e-06,9.5682221079249e-10,5.37497785519541e-09,4.99019846673444e-08,-4.41762285385117e-07,1.05008460494284e-08,-4.05614467760234e-08,5.51237315988698e-08,-2.00621229153696e-07,1.29566688202693e-08,1.17261317175529e-08,8.96974398343398e-08,-1.51238594379176e-07,-1.22372832928715e-08,1.00481435801233e-07,-6.61972991017311e-08,1.64090911904913e-09,1.53413409001486e-08,-3.00990350096235e-08,4.87157388587254e-17,9.68700937584559e-11,4.11079959420406e-07,-3.12499855061846e-06,2.72928784347391e-08,2.45893995258083e-08,7.24296027430699e-09,1.69049281645371e-08,-2.48886914877399e-07,9.3626921736096e-08,-1.37869191472092e-16,-7.37166173530507e-08,-9.01658319453938e-10,-2.53895625945309e-09,8.45316222521759e-08,1.94461993231508e-08,-1.32550518925011e-09,-5.14186060462628e-08,1.38441166546802e-08,-4.68738445382476e-07,9.06226264230684e-08,-1.86688470267638e-08,-3.40347758602024e-08,-1.80883013447343e-09,-1.47722138203223e-07,-3.44240952964747e-08,1.45260752478431e-07,-3.7797679767903e-08,-5.70614789205672e-16,-6.0495034496782e-06,2.41664139643302e-06,1.6912966921368e-09,1.24454761183205e-07,-7.74256110890651e-08,-1.71989206912408e-07,6.19380857517073e-07,-2.25998436110929e-06,-1.59842030070448e-08,-1.77848262007869e-16,-3.01395469393186e-08,-8.42224122368131e-08,-3.99847191319368e-08,3.04533770014081e-16,7.9588563630563e-08,1.0532501119281e-06,-1.61908870496533e-07,-6.74897862447814e-08,-2.32386250863168e-08,-1.27763001938642e-08,-4.67726922918003e-07,1.42013219815897e-08,1.52747962765361e-07,4.84367914981649e-08,4.26244518470855e-08,3.265691540843e-06,1.3231812297135e-16,-0.0143279660670463,-2.35007961647026e-07,-3.21507151592212e-07,4.21187525807692e-09,-5.71329741158433e-17,-1.00167437950792e-08,1.60322285941655e-06,-7.42500367168071e-09,-6.82327431054241e-09,-1.7877098955142e-08,1.05190368634699e-06,-2.84550069385406e-07,4.5131099189802e-08,1.09402301542317e-16,1.83501826390815e-07,-9.09914961051337e-06,6.88802904854659e-07,2.37171694194231e-07,-2.41615153890659e-08,-1.63704615974842e-10,-7.66747776381749e-16,-2.98800567719641e-16,-1.69500662357299e-10,-1.8790282204018e-05,0.00348508756274633,-2.65116188719692e-08,-2.1469253872846e-16,-1.43226347088675e-08,-1.75796488320036e-10,6.57452419428772e-16,-7.91346102604569e-18,-1.87148623299904e-17,4.19198409586635e-08,1.25556142128076e-07,-1.91770979536465e-07,1.18935961475105e-07,5.96409363169179e-08,1.29763037644614e-07,-3.94719562272129e-07,3.2420253981926e-16,-9.82601095612634e-08,3.76609080478138e-07,-7.92315040277893e-17,5.64982959101731e-16,-2.35743904002722e-07,-1.98888831004157e-11,-0.000684642441659409,1.42452121219383e-07,1.83295278978509e-06,-1.40284494067374e-08,-1.88379267876674e-11,-5.26745492478151e-08,2.48742495937406e-15,-3.20809442577313e-07,1.70863215069594e-14,-0.0445268613966454,-3.4398293812946e-15,-1.12531951444094e-07,-1.17715569669105e-07,1.21615574651911e-08,1.96583513095281e-07,7.41184131830592e-07,-0.0161379018403426,6.808370696217e-07,8.73045832201645e-08,4.293185654424e-07,6.24357068725849e-08,0.267707194467845,2.17541511283396e-06,3.02245657637688e-07,2.04323265604261e-08,0.00464616556777743,-3.13863429288634e-15,-2.29939750196311e-06,3.25939569379258e-07,-2.03633754899551e-08,-5.11501914416415e-16,-2.42099935936738e-09,-5.66055994162312e-08,-1.90964802921637e-07,-8.37967245040865e-16,3.12236441555076e-07,2.1381463239236e-08,-1.68212820112735e-16,2.68307773511581e-08,-2.34967260487461e-06,-1.05924019135263e-16,-5.04750775199211e-16,1.03867651837694e-08,7.96496673799431e-09,4.36034634429477e-11,5.7763658280367e-08,-1.3854557407471e-08,-2.8028695062565e-08,-3.84501968315478e-09,-4.13037148160216e-08,6.32199724050075e-08,-3.41979049245378e-15,-8.70008196162343e-10,-8.58172579926911e-11,-2.31487483349479e-10,-2.10792196525047e-08,1.64201867764747e-16,3.7757637358727e-16,-6.67990586785963e-09,-5.20387586743951e-17,-1.39717770681304e-17,-3.3321580822821e-08,3.57518309705588e-08,4.62372361009429e-08,3.53064381523921e-10,-1.05859015023502e-06,-2.31729198150639e-08,-1.0238842992437e-09,-7.58328790295424e-17,-2.08919136918852e-09,-9.39461017954533e-11,-4.25683152324265e-10,2.79791711737153e-08,-9.78419360817092e-08,-7.67419889579515e-16,4.6544257825844e-17,1.64433572923135e-17,1.02429643385433e-09,3.13996293826416e-09,2.61474142001165e-09,-1.71530483340545e-16,2.19766656857553e-09,-1.46422950725635e-15,-9.9353536781299e-17,-3.37723263672652e-08,7.36996228654193e-10,1.56125112837913e-17,1.59949849500956e-09,5.30145140583122e-09,-4.27090832225538e-13,-1.91523757091428e-09,8.97189218451959e-17,-3.98486267731377e-10,-1.26328272791793e-16,-3.87731265764622e-10,-3.29055989590867e-09,-8.08532417364898e-10,-1.06073003628975e-10,-6.74781032008048e-10,1.32213045565637e-07,-3.03851300631965e-10,-2.5012017759154e-16,6.90576433262908e-09,-4.21978410320284e-10,-2.06041152800721e-16,-1.40016535067945e-05,-3.03081561795367e-10,4.78480041147907e-09,1.31084846101958e-16,5.15406394934345e-10,5.11516127672388e-09,-1.26814236536293e-16,-2.02510188250413e-09,-4.67732999505253e-10,-1.95136332542069e-10,-2.0839814484562e-17,2.47073647706556e-16,6.56087336992905e-10,2.20150236484861e-10,1.81265326730535e-11,-3.54008436717759e-09,1.86835163876684e-10,-3.1808165279786e-16,-3.69191420956793e-16,7.00112032007716e-10,4.84157663492769e-12,6.77336236624156e-16,1.76990571353455e-09,-1.25248481279535e-16,6.59464507437796e-09,-3.69670758243928e-10,-2.16724943267774e-10,-1.45575905499668e-09,-7.65067995165413e-17,1.18650879034705e-16,7.52248275829708e-17,2.36102159537522e-16,-9.0316478796551e-10,-2.36461273858947e-08,2.88862603069274e-16,1.58953999215665e-18,-4.05605234027148e-17,4.57488410515459e-09,3.11524389932439e-10,-2.36513075927124e-09,-5.09309560364621e-20,9.87410023536861e-16,6.16965246252876e-16,-1.61552959640074e-08,3.43901956240788e-09,6.23260633653704e-17,4.6696108014351e-09,-1.65432592463886e-08,-1.0589967668389e-16,-2.6141691146619e-16,-1.70188936142742e-09,-1.74792996415917e-11,-8.60012861692704e-10,8.27334304644845e-17,9.95415605063949e-10,1.47172752955497e-09,1.61202390965293e-09,-1.51029105526834e-09,-5.41872417307603e-09,3.49994806930628e-09,8.88120790138106e-17,2.6070542568359e-16,-1.42155682474949e-16,3.42219735894554e-05,-6.34250062564147e-09,-4.59009445076706e-10,-3.85108743362193e-10,1.27664254047482e-15,1.22354197567376e-16,-4.22581014884727e-17,-2.86724110446836e-17,1.23606658750115e-15,1.32781936725311e-08,2.44941778111586e-16,-1.20583240576973e-16,-3.15519802774761e-10,-1.09208883940841e-16,-2.82677908876258e-10,-5.09949800155134e-18,-3.50945341412584e-10,7.89342732483093e-17,-4.36449572160869e-10,-5.49684585630308e-11,-2.61693911190253e-07,2.48246458424989e-17,1.79971884905167e-09,-1.51821887040773e-16,2.61741456256173e-09,-3.28509972304541e-08,2.63049342421836e-11,2.94531444146842e-15,3.88525546905849e-09,4.12612358267534e-16,-9.73523110529252e-10,-5.50011737573428e-09,-1.16655884289743e-16,1.1931090297411e-16,-3.39519641043842e-16,1.71584555460396e-16,-1.87581672003975e-11,-2.45295299641186e-10,-5.50411186163721e-11,-2.71042298311088e-17,1.90545528849617e-17,-4.16944264625292e-09,1.22690619849385e-06,-9.01105286366854e-17,-2.29518641337784e-17,-2.64091000066003e-10,-4.80633890962712e-17,-1.88335079372246e-09,3.05541996200809e-18,1.81146912921034e-08,-4.104269140937e-16,6.91739077583065e-16,4.45195790152745e-17,8.51837583978888e-17,-4.04049066345828e-17,3.60202732525034e-15,7.6760160915212e-06,-2.56062266741438e-05,-2.83402223080337e-16,-1.67181465766599e-09,6.41267039644302e-09,1.06202149808892e-15,-6.30270796073201e-16,-5.27867215236317e-16,8.17563690996703e-17,6.49522565692962e-10,1.04478055109571e-10,-1.30240874290364e-16,-1.45761391327639e-16,-1.19403772273767e-09,-4.26291201139453e-09,-4.4739207999929e-10,-1.50902328356542e-16,-5.54523331990226e-16,-3.1746543541513e-17,-1.45909576709664e-16,4.35860335969377e-16,-9.16844040973937e-17,2.64472669006688e-09,-2.51259531686945e-09,-4.85286957304275e-10,1.59669024604836e-16,1.74889633740203e-16,6.64318534042038e-16,-2.61633521057083e-16,-8.03678853148457e-18,1.93198482204833e-15,8.5929766131199e-18,-1.21781962395014e-16,-3.71008747941282e-16,-3.21451150091118e-16,-6.91912261622089e-16,2.65670156071117e-16,9.01508951069278e-17,-5.56958071884266e-16,1.48996028530349e-08,-1.26725847494125e-16,7.60656384690656e-15,-1.30660731868312e-16,2.85988209979935e-08,-4.99970985241386e-11,-4.73010946998924e-17,-2.58389562611608e-06,2.66689480693423e-08,-6.73282205578874e-17,3.99177449572931e-16,-7.59816387078314e-09,1.06910121114207e-16,6.88873421680314e-10,-3.05854251264974e-16,-1.87811674136852e-16,1.77664368293881e-16,-1.28444472707677e-16,1.02428750123126e-10,-1.41163115651594e-08,2.01860075475071e-15,-8.69378245282238e-16,-1.08433046297908e-16,-4.85664494218244e-15,1.06891492185346e-15,-3.10344232429869e-17,6.20337054725673e-16,1.69329562603643e-16,1.16787922523734e-08,2.20770648140617e-16,1.49548808860706e-16,-2.51577727985866e-16,-3.07076621221517e-16,-2.42946466865447e-16,-5.58410083788668e-15,-5.02223632157961e-09,-9.62217953690458e-18,-7.73167976747593e-16,3.84227470758403e-09,-7.18910329251618e-16,2.99417591127612e-16,3.15679332388382e-16,-8.74590792114611e-16,3.73290673028501e-08,-9.39974660335585e-16,-4.81155373417329e-09,2.49703488171163e-15,-1.62588695191404e-15,5.27915649430651e-14,-9.86037745459014e-15,-4.26453226070406e-16,1.23971258591915e-14,3.51856907603658e-10,-3.25916836906065e-15,-1.14329978274284e-14,0.220727528565209,7.73669797389478e-07,-3.01086741490667e-15,-2.69259933697378e-08,-2.93360347439188e-09,2.28733586634151e-15,-7.31213614253801e-15,2.8290605062989e-15,-1.99959955800843e-16,2.95606194466961e-16,5.2061714824114e-10,2.10390452484216e-15,-4.09912632875778e-15,-3.27474044635011e-16,-1.23996496168382e-10,4.99286494030137e-16,-2.64903452447971e-15,5.43835311390702e-16,3.64051939271258e-16,2.25490625029147e-11,1.48871145331914e-15,-3.04162876700451e-11,-1.30511176589293e-15,1.43423696737958e-15,-3.10992970452464e-16,-3.54820759025009e-16,3.01243188463162e-16,1.10642748690531e-15,4.3368843655633e-17,-6.60608807787682e-10,1.44412050813102e-16,8.34157454010632e-16,2.83921015384189e-10,-1.35135614341517e-15,2.70756129949271e-16,5.08011098964768e-16,-2.54283549770765e-16,-2.35862394912744e-18,8.18865941204718e-16,-4.44666630488615e-10,-6.29164963852141e-16,-4.96251752501575e-16,9.68787809126786e-10,2.41801660565301e-15,7.43272035096218e-16,9.37139044377412e-16,3.65386424463219e-17,-4.69712000796115e-15,-3.9896370016168e-15,-5.37173993226574e-16,-1.68169008950703e-15,-1.58007044431902e-15,6.83707465460031e-16,-9.09508081686019e-16,-3.33062276083974e-10,1.14845637034615e-09,9.14399593324049e-15,9.26530213705319e-16,-1.11359577692855e-15,-1.02217470358323e-15,-2.0343969564518e-14,-7.45196497378967e-16,-7.05424773610572e-16,1.90331722539966e-15,1.76691310891153e-11,-8.60428518679281e-16,-1.08297239274071e-15,-4.03349438491413e-15,-7.97483432004556e-16,-1.28479498189781e-10,8.21678935032272e-16,0.834471718547927,-1.43221594483405e-13,1.25113219217182e-14,3.15305275600618e-14,-1.26164317542066e-15,-5.65788744622021e-15,5.3573122939846e-15,-5.08101929904537e-15,1.06905466104461e-15,-2.12212156849509e-15,6.98062234199465e-16,8.54665659975501e-16,5.67380648244834e-15,6.81819676288735e-15,-2.92586821578155e-15,2.73451863734972e-15,3.85837081896332e-16,-1.39114686902524e-15,-2.59616291462436e-15,-1.95792436180478e-15,1.66348249790609e-15,-4.37638206923774e-15,1.67864459997211e-16,-5.76957603610903e-15,1.59591065586753e-16,5.83869192677335e-17,1.47154643242789e-11,2.19970783265753e-16,2.48781018693198e-14,2.97743051386447e-15,-7.32754595803618e-16,1.84024407653159e-15,-4.24198143690699e-16,-2.46252661414432e-15,-1.46281709423194e-15,4.60949498131731e-16,-4.63880945071639e-16,-4.52003885709207e-15,-4.05550833741554e-16,1.17277258878546e-15,3.50168310700026e-16,-8.85083967505564e-16,1.21528586615158e-16,-7.73248354550113e-16,-1.72016351611762e-10,6.70279403735566e-17,5.34812838714739e-16,-3.0057875506402e-19,-9.89441171130573e-16,1.09105004847746e-15,-1.83124118560278e-15,8.98227933122947e-16,8.87081576001226e-16,8.85281433954084e-17,3.5553167350425e-11,5.61102725333578e-15,-6.46993700681619e-17,1.36855095776855e-16,2.95378961715806e-17,2.82685380523237e-17,-7.77998508063172e-16,1.3584500750683e-16,-1.48072824224324e-16,-2.07928338205371e-16,-9.00780394396176e-16,-2.99152628544292e-16,-9.18469723624379e-17,-1.29545482331475e-16,1.79186008731438e-10,1.37924702255628e-16,8.93505247638577e-17,-7.69751718004231e-17,-1.33747179997812e-15,-5.41012889692827e-10,-8.72679496089217e-16,-1.55433901693013e-15,7.64926534736889e-16,1.48496330707875e-16,-4.91918698411119e-16,-2.56979196411634e-16,5.15359224759264e-16,1.45908521480155e-16,3.06795808694411e-17,3.61802530141415e-16,-1.59205719915776e-16,5.71229010367747e-16,-3.0190309395064e-16,-1.84284788978199e-16,4.22552364224092e-16,6.50840850100975e-16,-6.63786251260134e-17
"t646",-0.0450759871248705,0.0428479771786723,-0.0706307454505837,0.0352746458412903,0.010749503511516,-0.00576470590760432,0.0383551682986522,-0.0887607566214855,5.40685606434782e-05,-0.000331456249862206,-0.000198978462578581,0.0116870902120055,-0.0194768725775189,0.0028290913099195,-0.000699182976674935,-0.101126185341411,0.00230649895503209,-0.00473306138313698,0.00031725179772564,-0.000112756861263774,0.009575619858631,0.0400900732543999,6.43014880857052e-05,-0.000375773313124888,5.47247145378743e-05,-1.87495654542973e-05,2.09620955107775e-05,-1.81091426922166e-05,0.00021861184465003,0.000313881065444552,-1.21870899180621e-06,2.38306406043693e-06,-0.000888687196015979,2.4198068981026e-06,-1.47347279477695e-06,-2.61402727959111e-06,-0.000105706394915369,7.67055323263179e-07,6.29026536072271e-06,1.76288805097079e-06,9.60985502646912e-05,-1.30740517840118e-05,0.000115383489472101,-1.35633859209748e-05,0.00313166884608423,-8.14442922151071e-06,1.18416324484821e-05,-0.000247547430125845,2.28904367787758e-05,-5.65336831549951e-05,0.000656517229617463,-9.85389699042189e-05,1.53044103070658e-07,-0.154118255916743,-7.47350465806969e-06,6.61719844816847e-05,-3.33656264760712e-07,1.189805462766e-05,-3.6834965246107e-06,-8.62021083037195e-05,-5.38121872582556e-06,7.92565005403199e-07,-2.98920560392702e-05,1.64287371182151e-05,-1.43795966657227e-06,3.90684615412634e-05,-3.16050804148226e-07,1.24527289230955e-05,-3.58057203825468e-05,1.54095614934451e-05,-2.11856089998469e-05,0.00443604520062817,-7.23523784369144e-06,-0.000817339465625707,0.000408981703324331,1.87392929865497e-06,-0.0522089385037922,-5.26600167465023e-05,5.82240195084003e-05,5.41671212546731e-05,-1.20236271223795e-05,-0.000172009939795744,1.72447709430328e-05,0.000105969067602499,-8.24907272289056e-06,-0.00191026254339365,0.00133778272582475,2.81822574360956e-05,1.21082615242112e-05,-0.0190308687329471,-2.27830142458816e-05,-0.00994579761635565,1.86265048300515e-06,-4.33496585490648e-05,-3.97006345624755e-09,-6.25658052027874e-06,1.41823251281731e-07,4.81183586409595e-08,1.04590562012446e-07,5.42359874828203e-08,-1.25165954994125e-09,1.45463097088032e-09,-6.94530243188346e-09,9.12618679793966e-08,-4.4016126569966e-08,5.34307650631521e-07,-2.88827625313092e-06,7.93601115919319e-07,-4.91913193027436e-07,5.9676578404805e-06,5.87095169350794e-07,1.65807300157386e-06,-3.72721589885695e-06,5.04238850137387e-06,-2.14339493759434e-08,1.00432347853666e-06,-1.62546518710615e-06,2.25978651713333e-06,-3.08930825078096e-06,9.95578000440281e-06,-5.78022071905415e-05,2.69063227531858e-05,-0.000175956928358861,-0.000613616386834977,0.168635935265558,0.00048291137896125,-0.00363543705804573,4.58240972300213e-06,-4.45136222998733e-06,-0.000146037038423878,2.337683867031e-06,-1.0590353793408e-05,1.23060355972411e-05,2.41924490785285e-06,-6.52718745435117e-06,-3.73839704795196e-06,2.10004151733219e-08,1.56439362497475e-05,-1.00124760320392e-05,3.02448589649847e-05,2.89580761146753e-06,0.000156622559350034,-0.000103451309277269,-0.000486024896540852,-0.291952459830154,-1.53817906480321e-07,-1.676905776241e-06,1.01703555372913e-07,5.43042337753685e-09,-1.18265702466297e-08,-4.92478914276566e-05,-2.76785787366094e-08,-4.28184323369912e-06,1.81955109894337e-07,-1.23045293484633e-08,-7.16969226656196e-10,7.37997272555948e-09,1.28207797205318e-06,6.08244578135855e-09,2.00850350880648e-09,9.36763602920903e-07,-1.79977657817545e-08,8.87453130684324e-09,1.14897028077521e-06,-1.11480532657753e-07,2.928438544447e-07,6.45988006596347e-08,1.25803270350198e-09,6.46398725261362e-08,1.39219875166123e-07,-2.98375402643904e-06,-7.74864224260387e-07,0.022272908481558,-1.05770182036267e-07,-6.49261298001417e-07,-1.27804010426176e-08,-4.76016477315162e-08,1.72667622826206e-07,9.63048981543985e-08,1.49789992125953e-05,-7.03813468861716e-07,-1.95641055512769e-06,4.59847862873571e-08,1.40920031273632e-09,5.18167521307525e-09,8.05755740614419e-09,1.58302527847997e-07,-3.1089743424008e-08,-1.40607385833414e-07,6.80977085635667e-06,1.49306320306073e-09,-1.71319087848852e-09,-5.28018155878237e-09,-3.80009828548773e-11,-2.06249568864613e-10,-1.17063081455183e-09,-3.09348564399269e-09,-9.97693284218118e-05,-1.37508937618475e-10,1.48680112018116e-09,1.52580427101353e-09,3.15951222079741e-07,-6.14131931995636e-11,-1.14649829574239e-07,-2.5126272572777e-08,-1.17868211062017e-06,2.282801940546e-08,4.81794261083003e-05,-8.94910073097771e-08,-5.10668124760372e-09,-5.61798069795355e-07,1.3048177519998e-06,-3.75005124470665e-06,-6.33621759895581e-08,-3.36762824741973e-07,-4.7978484770548e-08,6.01365538070341e-07,6.72469803717512e-09,-1.34352308006424e-08,-7.10552140630832e-08,-3.95888481153459e-07,4.54230972988952e-06,1.34889487455087e-07,4.51436057666351e-07,-1.24760798125453e-07,-6.48657268252499e-08,-6.87185506770309e-07,-5.21472954928577e-08,-8.69294663361628e-08,-7.44402580963303e-08,2.13227168115992e-06,3.47778499970797e-07,2.80211068946299e-08,4.73949607393139e-08,-2.80456801234235e-09,-3.83041557807759e-07,-2.93397750421002e-07,5.15370003726278e-17,-7.6056349765838e-08,0.000137490691398667,-1.16778063255776e-07,-3.82259214207477e-06,-6.77064141583794e-07,6.40270773784405e-06,-8.95082517275919e-07,0.00747572893394522,1.61443943249333e-07,-1.7954995054714e-09,1.81961620412192e-06,-1.57938309922171e-06,4.19980032648124e-08,-5.40781604087799e-06,1.91239268573066e-07,-0.0288881671391191,-2.0243755292958e-09,-1.57179460734289e-08,1.53193560899806e-08,-1.67017588077102e-06,-4.85078837712732e-09,7.17333450759429e-10,-9.19083495916142e-09,1.40109963231203e-09,-1.1151481704551e-07,2.75466626384817e-08,1.15269979804134e-10,-5.38019395003493e-11,4.12286662353797e-10,2.96799460489973e-08,-6.90910288780371e-08,5.42313696228139e-10,2.29540070223409e-10,-5.82909971904428e-10,5.1822868618544e-08,-8.72729827844989e-06,2.21645007997567e-08,-3.24885835526974e-07,2.06611618116092e-06,-1.99879588447352e-08,5.13604530679239e-08,-1.92229244743855e-08,1.06358432363061e-08,7.31696731982244e-17,-2.77703453046198e-08,-9.58220336254617e-10,-9.11591702361823e-12,-8.29561266524168e-08,1.52955364922206e-09,-9.63656344358826e-10,-1.73907964485339e-07,2.15795010904595e-08,-2.26215473909319e-08,5.93399671854939e-08,2.22497615558503e-09,-2.10891896372394e-09,2.75234082109699e-08,-3.35475190377746e-08,7.65672576921603e-07,-1.78841571352801e-08,8.05058121957887e-06,8.85204783821317e-10,4.97258657893223e-09,4.60655536317192e-08,-4.06759430220498e-07,9.66563743549052e-09,-3.73172965265564e-08,5.06850976943991e-08,-1.84433610238344e-07,1.1893170987536e-08,1.07624020671386e-08,8.23081741167747e-08,-1.38759555008229e-07,-1.12222260438004e-08,9.20981799385801e-08,-6.06447456262721e-08,1.50295005334646e-09,1.4046415573626e-08,-2.75370399510105e-08,-6.78577365353357e-17,8.82002281081521e-11,3.74106939800541e-07,-2.84186519998149e-06,2.48195349079851e-08,2.23605423185168e-08,6.58526020636683e-09,1.53646881171926e-08,-2.2611954970839e-07,8.49927425051958e-08,-1.14218095785242e-16,-6.67925234388041e-08,-8.16775170801571e-10,-2.29877458086129e-09,7.6530440102601e-08,1.75835165685839e-08,-1.19770868001474e-09,-4.64154788299137e-08,1.24885780121046e-08,-4.22219563255413e-07,8.1517857313602e-08,-1.6778544080941e-08,-3.0573518714947e-08,-1.62437730677979e-09,-1.32585904358468e-07,-3.08949925712667e-08,1.30318244563261e-07,-3.38993165388748e-08,-3.74992589007835e-16,-5.41329540586737e-06,2.16146911339319e-06,1.51270618625744e-09,1.11163249473325e-07,-6.9142595567093e-08,-1.53204884779396e-07,5.51336731555628e-07,-2.01142031287601e-06,-1.42185153206369e-08,3.36269935900632e-17,-2.67936692792019e-08,-7.48554219860391e-08,-3.55071290705511e-08,1.915473636087e-16,7.06099507822316e-08,9.34223379501139e-07,-1.43595243732728e-07,-5.9841779371867e-08,-2.05970027758325e-08,-1.13205811482988e-08,-4.14337427799809e-07,1.25715387827229e-08,1.35207012371988e-07,4.28539500543185e-08,3.76796556296475e-08,2.88671899429126e-06,1.40654707731639e-16,-0.0126441829253195,-2.07330239858979e-07,-2.8346035963788e-07,3.70982753952339e-09,-3.96843935890213e-16,-8.80414921586743e-09,1.40577882312568e-06,-6.50355194812969e-09,-5.97348305850165e-09,-1.56411504699814e-08,9.19302035704852e-07,-2.48223911004946e-07,3.91898573968033e-08,1.68157632142572e-16,1.58696074698175e-07,-7.86631700701768e-06,5.95033335859473e-07,2.04671984263336e-07,-2.0848992413139e-08,-1.41219527829956e-10,1.35308431126191e-16,-3.94057829910558e-17,-1.45971383293491e-10,-1.61579922367938e-05,0.0029963157496845,-2.27631068712218e-08,1.00245318915461e-16,-1.22615346772933e-08,-1.50301775457527e-10,1.01116944159861e-15,-2.10131127823098e-17,2.10126601487967e-17,3.56928468313865e-08,1.06848819968484e-07,-1.62899240578497e-07,1.0087231181444e-07,5.0573581412249e-08,1.09851140125864e-07,-3.34086029222415e-07,1.77526402175054e-16,-8.28832354073837e-08,3.17289375273647e-07,3.28109206003871e-16,6.57386940221304e-16,-1.97666337720719e-07,-1.66572518948469e-11,-0.000572499472397686,1.18993864560456e-07,1.5280248035516e-06,-1.16908683384297e-08,-1.56970830514305e-11,-4.38776726219828e-08,2.18593591154172e-15,-2.66887975693589e-07,1.46470834593015e-14,-0.037007484422922,-2.98885296289565e-15,-9.34145997692401e-08,-9.76935164945305e-08,1.00599849908844e-08,1.62498799862518e-07,6.12493605167081e-07,-0.0133188275867339,5.6127711019579e-07,7.17859313808854e-08,3.52997708823891e-07,5.12950602372125e-08,0.219613950450986,1.78105467540152e-06,2.47037989374566e-07,1.66779657955368e-08,0.00378995787818131,-2.60509703811009e-15,-1.87182655811625e-06,2.64806048506151e-07,-1.64502008089651e-08,-2.0727737744077e-16,-1.95250461275944e-09,-4.55361239187675e-08,-1.53453627735247e-07,-9.47564860289233e-16,2.50762939288993e-07,1.7133412588533e-08,-2.14576652323548e-16,2.14762050906101e-08,-1.86804529887294e-06,-3.33961337382807e-16,-2.93656551615774e-16,8.23543050302e-09,6.31369992466019e-09,3.4524065431944e-11,4.56739329416571e-08,-1.09210300098884e-08,-2.20880277892877e-08,-3.02891420416357e-09,-3.24008156536195e-08,4.94207013689504e-08,-4.47569498823741e-15,-6.79203599648827e-10,-6.69812015029197e-11,-1.80532062789818e-10,-1.64231777805617e-08,1.14297207464477e-16,3.10957283099355e-16,-5.19744032570654e-09,-1.78172058750265e-16,3.21684597735007e-17,-2.5703239260965e-08,2.75356275902041e-08,3.56102096379504e-08,2.70996763210885e-10,-8.12149772832909e-07,-1.77764854245645e-08,-7.84940940840404e-10,3.33150035602845e-18,-1.59051084871559e-09,-7.1412958470578e-11,-3.23418212455104e-10,2.12036659050617e-08,-7.37986749961467e-08,-3.67563389233019e-16,1.76075823350233e-16,-6.83762343869904e-16,7.67172366016338e-10,2.34440040962249e-09,1.95178250525793e-09,-6.71913813919254e-16,1.63540828026354e-09,4.95187837384552e-16,5.99990446489757e-17,-2.47766484118153e-08,5.40587902218316e-10,2.30718222304915e-16,1.1689230385221e-09,3.86589672170233e-09,-3.12082929216434e-13,-1.39028352771084e-09,4.71339964371971e-16,-2.87636965451616e-10,-4.19792874860623e-17,-2.79729317922601e-10,-2.37302971742082e-09,-5.82819169737259e-10,-7.64126030456088e-11,-4.85400873015374e-10,9.45850628307184e-08,-2.15646803116967e-10,8.9063444088264e-17,4.85008580263618e-09,-2.96023903022595e-10,-1.58427997955879e-16,-9.80717608667667e-06,-2.11682914023229e-10,3.33316042166442e-09,1.90707373398607e-16,3.55756519375967e-10,3.52409977914455e-09,2.33435839056039e-17,-1.39168517582639e-09,-3.21030808081605e-10,-1.33299907570011e-10,5.73691584145522e-17,-4.97348906109687e-16,4.42972004723383e-10,1.47868251894314e-10,1.21617179859862e-11,-2.31761179818454e-09,1.21794215210218e-10,3.44757965287854e-16,-4.37618658535194e-16,4.55019988683206e-10,3.14522082761671e-12,-9.42733465246411e-16,1.14392571378232e-09,1.69716091183137e-16,4.24047899630059e-09,-2.35994248800956e-10,-1.38282930138219e-10,-9.26940740664704e-10,3.27213912628791e-16,-6.14261391145477e-18,-5.38332912459408e-16,5.3814904442559e-17,-5.63988779810596e-10,-1.4741313996962e-08,-2.80853980766221e-18,-5.75883216260537e-16,-7.26912297673702e-17,2.83453383534901e-09,1.92491569942922e-10,-1.45043348891587e-09,1.76419906415933e-16,1.24455567379611e-15,5.35053772121596e-16,-9.63796173987116e-09,2.04959532890606e-09,-1.82835995043001e-16,2.75066353913477e-09,-9.69754136141149e-09,-2.61094672506234e-16,1.89927052560577e-16,-9.85864659103475e-10,-1.0114853930931e-11,-4.94098048733817e-10,2.67569947921503e-16,5.64728810835416e-10,8.28960673817236e-10,8.98617807212234e-10,-8.29531343961044e-10,-2.96404438205017e-09,1.89948863027336e-09,5.27224475769989e-16,-1.98257756378659e-17,-8.61868977931421e-17,1.76817753860521e-05,-3.27435504904054e-09,-2.35340150919189e-10,-1.90232719421183e-10,-2.15280802724051e-15,4.04590374763389e-16,-4.6076845005451e-16,-1.04931567239145e-16,8.01628253267203e-16,6.27662273488675e-09,-1.79220146126044e-16,-2.69815447229752e-16,-1.46357667134828e-10,3.09849361890654e-17,-1.30987857942573e-10,-1.36257777482109e-17,-1.62337905953042e-10,-5.83727802832681e-17,-1.94834301339924e-10,-2.43186085582084e-11,-1.14147585012111e-07,7.76878698362487e-17,7.70865831050271e-10,-2.5758072008166e-17,1.07388458704235e-09,-1.26462591491876e-08,1.00965468543567e-11,-2.26365287210748e-15,1.44870458851875e-09,-9.99669458675403e-16,-3.45348985979751e-10,-1.94607363125793e-09,4.93842883910446e-16,-3.61213106990884e-17,1.12491308703254e-16,-6.54117281643892e-17,-6.3400924610207e-12,-8.18496102806829e-11,-1.80877342141129e-11,3.65531139930705e-16,-3.60173593758147e-16,-1.26382912714885e-09,3.70451752670399e-07,2.277199469183e-16,4.38009220873355e-16,-7.05694078330907e-11,4.07054213811114e-16,-4.88426967334873e-10,7.66728442034471e-16,4.2671277559562e-09,3.09352600154635e-16,-2.76294222398747e-16,-2.3393630802362e-16,2.08904084274856e-16,2.69945192561472e-17,6.84293531532635e-15,1.39908471364215e-06,-4.64805431464054e-06,-1.13924451529711e-15,-2.69320639771921e-10,9.76320498579529e-10,-7.98099447450854e-16,4.04065962362276e-16,2.67762927885408e-15,-1.06325391920545e-15,7.26849909594113e-11,1.06488948222657e-11,5.97842764238199e-16,1.8304569699642e-16,-1.08135726464079e-10,-3.79662349914856e-10,-3.75614788514176e-11,5.84812806171119e-16,6.60715466762956e-16,-2.04048623627187e-16,2.18035377617932e-15,5.01943720221566e-16,5.75885376042979e-16,-2.04026928292003e-11,4.32979391934095e-11,1.30355046489193e-11,-6.04992663818643e-16,-1.28489757994675e-16,-1.37624868305863e-15,1.1479794202832e-16,-1.16956864063594e-16,-4.4913781978549e-15,2.18378470106011e-16,6.96199152013774e-16,8.28861231960113e-16,-3.58629908609604e-17,5.73501032923916e-16,6.8899885703941e-16,1.45873811107582e-16,7.66111087860565e-16,-3.29950078452606e-09,2.37643349946494e-16,-9.87436624103448e-15,1.56259536076183e-16,-7.23226539516008e-09,1.30172199113618e-11,3.53238963614122e-16,6.84875391852438e-07,-8.18038304945535e-09,-1.92142835918465e-16,-6.32041054482227e-16,2.75504633305464e-09,-1.2394686197383e-16,-3.01538641451554e-10,9.83120127747315e-16,5.05629699679851e-16,1.6195384855769e-16,1.28014959225181e-15,-5.88076376898597e-11,8.24819526329689e-09,-1.9458399196145e-15,1.91607246499747e-15,-3.75267203238238e-16,3.03736611391647e-15,-4.58650045026543e-15,2.79037633338559e-16,5.72537846271042e-16,-1.09924558091457e-15,-1.59642769991843e-08,-3.83586956105562e-16,-6.11273378376169e-16,1.60119006033046e-16,-3.39614207914128e-15,-5.0614628210647e-16,3.43252459594444e-15,8.25552228318286e-09,8.44141617689312e-16,2.97398774601275e-15,-6.53840421000951e-09,8.98501601982625e-16,4.25586474978955e-16,-6.31532703765775e-16,5.12713159994079e-15,-9.78554557219689e-08,2.3992293718681e-15,1.37248877481773e-08,-5.17418909178789e-15,4.1606442663194e-15,-2.06779466672655e-13,2.57857420515157e-14,3.50348429860888e-15,-4.80461595280647e-14,-1.20423974391196e-09,1.48960825240403e-14,4.63897964551005e-14,-0.878579210295074,-3.10400818841221e-06,1.1723690275005e-14,1.24341349877797e-07,1.41906295063397e-08,-7.68914386180855e-15,2.13024453900506e-14,-8.04026169230653e-15,8.60610557137129e-16,-6.1410838560265e-16,-6.26068795393997e-09,-1.86422273118275e-16,1.56581231103482e-14,3.71982184304845e-15,2.16288667515293e-09,4.08130255250811e-15,7.62341812957649e-15,-5.75469459968709e-16,-6.08866835525156e-17,-8.44138991842091e-10,-7.33644756088001e-15,1.68264099321397e-09,1.24317050786026e-15,7.51626708917801e-16,-1.32297738208995e-16,9.62599448153106e-17,1.05237328598476e-15,-2.38553980950768e-16,3.92661941340485e-16,-3.16146022417761e-08,-2.63678027461902e-15,3.01731824922053e-17,9.90398447380677e-09,-1.58482512625571e-15,1.10297239219251e-15,8.43652728394704e-16,1.0489414245345e-15,2.92718643569703e-15,1.1717447475039e-15,-9.42221166003027e-09,1.96579250455502e-16,-6.74115957351432e-16,1.8633418655616e-08,-3.86257553428683e-15,-1.36709733554248e-15,7.75003839929679e-16,-4.35145452728638e-16,3.94136044096243e-15,-1.3849816062488e-15,7.8705219792383e-17,5.59376275383457e-16,-2.66193832383926e-16,5.71116144690588e-16,-5.11722883882182e-17,-8.7097586604184e-09,3.69487803225907e-08,-2.72486820028535e-15,4.4005768743705e-16,-4.08695934819426e-16,1.05882877192856e-15,-6.29921462214078e-16,6.56158765993833e-16,-3.80020464097821e-16,1.89322581873968e-15,-3.4075083167478e-10,1.85946820894677e-18,-1.77080413078624e-16,5.56909419064634e-16,5.61239000231e-16,4.25454781572653e-10,1.38565150483883e-18,-0.0538323380800449,9.1975113753054e-15,-2.46699521515735e-16,-1.0309313379249e-15,2.89921258384145e-16,5.71620079026596e-17,1.59700009131182e-15,4.83935235119537e-16,-6.00764095089591e-16,4.69443016503002e-16,-8.2667308600433e-16,1.73348418313561e-16,-1.84341235618063e-16,1.32154671804913e-16,1.20944916678051e-17,-4.89238937725914e-16,1.65377745404159e-15,5.15126287008277e-16,4.45009510200805e-16,2.06648812158167e-16,6.11235725811528e-16,9.77841939364676e-16,-2.71706029962854e-17,3.44325908681975e-15,3.62625021024877e-17,4.92878057546728e-16,2.60320256320774e-11,-4.67900759706082e-17,-1.22624115948629e-15,-8.86834527012059e-16,-7.09824582074148e-16,1.63355287363323e-15,2.45867880977252e-16,7.52613749090816e-16,5.65848845981782e-16,-1.73487849075885e-16,9.2320652201533e-16,-1.11217458853563e-15,8.25025150941771e-16,-4.24284465308329e-16,-6.92445053007602e-17,1.20489729008955e-16,-2.95404285674329e-16,1.74841206883366e-16,-3.18243099117426e-10,-1.92450398566625e-17,-4.82818854669044e-17,-2.8085809008912e-16,-8.88610069861657e-16,-2.73584832860711e-16,-4.27416690813091e-16,-4.11425976231976e-16,1.48505821457796e-15,4.72214250914877e-18,6.46300262558485e-11,-2.17999730914792e-15,3.50015821199493e-16,1.73693168084288e-16,2.82010751177228e-16,2.7172760844491e-16,1.70564975460894e-16,1.42514752096598e-16,-1.1849236063477e-16,1.6940617498074e-16,-4.64805698759807e-16,-1.08672322251844e-16,5.61943320530161e-17,2.03066108345913e-16,3.1530374854166e-10,1.90888565630861e-16,-2.04335678299151e-16,2.2144890002974e-16,-1.00657329693554e-15,-9.3665314933268e-10,-2.12763313184677e-17,6.42951390594127e-16,-5.627205935329e-16,2.31225625005806e-17,9.77902700009165e-17,-1.08403667597302e-15,-6.97177524526329e-16,2.05902268506484e-16,-1.4000028001707e-16,-1.84303082180551e-16,2.10648966190809e-17,-5.88246084235665e-16,3.27745481578553e-16,-6.67155828944732e-16,2.15956046869396e-16,-8.53085896160404e-17,-5.66297990338716e-16
"t233",-0.0449695493953274,0.0426342536665086,-0.0702669956990726,0.0350307885506752,0.0106583917671438,-0.00570730668308618,0.0379656997102826,-0.0877870794863764,5.33668486769922e-05,-0.000326227636543118,-0.00019498159333517,0.0113966722533038,-0.0189784150370036,0.00275556789817136,-0.000680201754237298,-0.098214788373996,0.00223846915605462,-0.00459086495319109,0.000307493959378559,-0.000108980380880872,0.00922789109314568,0.0383211371002058,6.12985240857318e-05,-0.000358119726334077,5.21432320688161e-05,-1.78210411758925e-05,1.99111628894602e-05,-1.71927169415189e-05,0.000207237922680776,0.000294427069645461,-1.13784944450746e-06,2.2172867439194e-06,-0.00082208566073334,2.22921285488301e-06,-1.35101847585334e-06,-2.37792212633937e-06,-9.602693626529e-05,6.95599858450959e-07,5.69994556117233e-06,1.59475730988518e-06,8.66448134445981e-05,-1.17536425606653e-05,0.00010353919384044,-1.21692140836615e-05,0.00280357265322464,-7.23065561900338e-06,1.0485646445935e-05,-0.000218929545049027,2.0173374225802e-05,-4.96317016839927e-05,0.000573357199031752,-8.58440996655638e-05,1.33278617998529e-07,-0.133794656473328,-6.44756311695306e-06,5.70333647285002e-05,-2.82479771738389e-07,1.00218885815946e-05,-3.10075344370675e-06,-7.16313469979071e-05,-4.42629356385966e-06,6.48552145970419e-07,-2.4356412167132e-05,1.33718394428485e-05,-1.16088999431357e-06,3.13045173839179e-05,-2.4891809897387e-07,9.72903567049074e-06,-2.78683670992089e-05,1.19105914011574e-05,-1.57469622747782e-05,0.00319056028752199,-5.17616273615959e-06,-0.000578189179403659,0.000288900378677657,1.3171332626929e-06,-0.0366227199448657,-3.65714621929641e-05,3.94915541036145e-05,3.63757262434187e-05,-7.93350570046229e-06,-0.000113052731742792,1.10008717674458e-05,6.69658576900035e-05,-4.99376874926109e-06,-0.00114206057539854,0.000789467347640788,1.65956300030426e-05,7.12616722286982e-06,-0.0111845618493073,-1.33215566293953e-05,-0.00552504606566804,1.0295768202838e-06,-2.31357282207084e-05,-1.98156769584145e-09,-3.0889260175799e-06,6.99832337765753e-08,2.30691815181764e-08,4.95882875566513e-08,2.46001434748887e-08,-5.46009690745062e-10,6.32266698183703e-10,-3.00650815313526e-09,3.16218749341759e-08,-1.49410331702771e-08,1.78399170538578e-07,-9.35427010159476e-07,2.54779117691495e-07,-1.55442804831192e-07,1.83966557071953e-06,1.79494864507467e-07,4.81543889309772e-07,-1.07556077949307e-06,1.24158468836017e-06,-5.07571569127761e-09,2.1658497930218e-07,-3.34723105487615e-07,4.03157274612216e-07,-4.65784733166335e-07,1.28543744332041e-06,-6.73342115141231e-06,1.91012533217528e-06,-7.01601173550956e-06,-2.37186872194298e-05,0.00574260243396598,1.37952071023706e-07,9.43741332437922e-06,-1.51687058574699e-07,5.69646566861628e-07,1.88533484304088e-05,-3.21132502740116e-07,2.21529711734364e-06,-2.75709590579187e-06,-5.68477774609039e-07,1.8365241223241e-06,1.07669154238786e-06,-8.32023994093746e-09,-7.72907465148818e-06,6.47353381037008e-06,-1.96960306477642e-05,-1.96917119285022e-06,-0.000108853238625546,7.4443195691623e-05,0.000354384519088313,0.212914338212334,1.23116000427647e-07,1.60597850082672e-06,-1.16277446768081e-07,-6.4858646048263e-09,1.55490179233508e-08,6.52450767756592e-05,3.80366492487534e-08,6.01242808967907e-06,-2.61843759272937e-07,2.22303844034843e-08,1.34418045121105e-09,-1.42057464854351e-08,-4.7799207614042e-06,-2.75117890251599e-08,-9.37598611828303e-09,-5.26589908156017e-06,1.05396659647594e-07,-6.91291218128497e-08,-9.30540718369774e-06,1.2980525224279e-06,-5.59738543506747e-06,1.99952231568665e-06,3.5945711883943e-08,1.81133627257226e-06,3.03209034253387e-06,-5.18319709101513e-05,-1.30853013466574e-05,0.274254192035449,-1.20374393723881e-06,-6.37387406507104e-06,-1.21457689553857e-07,-4.45139108628732e-07,1.25835499980832e-06,5.79868079484476e-07,8.7685015548381e-05,-4.0150201076516e-06,-1.03962869675056e-05,2.38230163855021e-07,7.12778302853589e-09,2.56439781266697e-08,3.72518591203218e-08,7.20403007439719e-07,-1.25301650436779e-07,-5.64644962683465e-07,2.63958563222939e-05,5.30388870815519e-09,-5.71370202242615e-09,-1.72588449691217e-08,-1.20706706812227e-10,-6.41935365022829e-10,-3.44482178953087e-09,-9.00042377474452e-09,-0.00028362199265803,-3.86554029860782e-10,3.8645751190416e-09,3.95257858548973e-09,7.94823882626757e-07,-1.50369360489315e-10,-2.64673155913209e-07,-5.7990177501026e-08,-2.70664936706599e-06,5.16366512544821e-08,0.000107879360594931,-1.95266280203301e-07,-1.08136793261733e-08,-1.16300119891466e-06,2.68297761867127e-06,-7.48901412574734e-06,-1.24605405624624e-07,-6.62000010585224e-07,-9.32274438659992e-08,1.13615763039727e-06,1.26391643322047e-08,-2.4586512717987e-08,-1.27767178510639e-07,-7.07661820397302e-07,7.93002447689669e-06,2.34212646518427e-07,7.79233738854686e-07,-2.11607328996733e-07,-1.09638274270093e-07,-1.1605220455539e-06,-8.64670876150249e-08,-1.42590502988541e-07,-1.20675779950172e-07,3.43852633995206e-06,5.57817168285281e-07,4.47200470969978e-08,7.55331315397118e-08,-4.41255772558658e-09,-5.9793427956919e-07,-4.54162464798105e-07,-1.80170796986684e-17,-1.16341483788932e-07,0.000209823117708658,-1.75386099399828e-07,-5.6721706383601e-06,-9.94871436399131e-07,9.40258552821287e-06,-1.29120870922454e-06,0.0107522887968422,2.31887990686063e-07,-2.5622984432048e-09,2.58544231307814e-06,-2.22646132469429e-06,5.89991426112222e-08,-7.58607843257753e-06,2.66187051626225e-07,-0.0389409675294003,-2.69854270331348e-09,-2.0759702347898e-08,1.98341146017911e-08,-2.15934400964607e-06,-6.18551609339669e-09,9.07689366315824e-10,-1.15029423489294e-08,1.74742663244596e-09,-1.3856914903702e-07,3.40557971711266e-08,1.41438231808589e-10,-6.5958502725345e-11,4.95870787979248e-10,3.56813978291455e-08,-8.30207387756281e-08,6.48276296754246e-10,2.73860035100148e-10,-6.91192284148556e-10,6.1379231369432e-08,-9.95866098889937e-06,2.51875658270868e-08,-3.67989722636678e-07,2.32265591111799e-06,-2.23342253599315e-08,5.66070995468326e-08,-2.11018434705712e-08,1.16383816609423e-08,-3.22453086173246e-16,-3.00564378863205e-08,-1.03559887595259e-09,-9.80542946120945e-12,-8.82332044381566e-08,1.61109158854974e-09,-1.01032421332789e-09,-1.81910411764099e-07,2.19038925218951e-08,-2.2916535849657e-08,6.00818490502396e-08,2.23259695729908e-09,-2.06187366379977e-09,2.67869050476283e-08,-3.25459998755292e-08,7.34997562950478e-07,-1.64701280275271e-08,7.28193931400661e-06,7.99839846417282e-10,4.49163598167255e-09,3.97286894950998e-08,-3.31368910020257e-07,7.81468036859796e-09,-2.98339666131068e-08,3.996312796267e-08,-1.44793079704893e-07,8.99789738483173e-09,8.11913809359199e-09,6.17663860402311e-08,-1.03751811292269e-07,-8.29042289109178e-09,6.71207529642261e-08,-4.36364861420845e-08,1.07534508285102e-09,9.95321456289581e-09,-1.91056573416258e-08,2.3137740942648e-16,5.30352769756997e-11,2.2140632463432e-07,-1.64131824890849e-06,1.43239864631874e-08,1.28948219366357e-08,3.77440732029865e-09,8.7042209898407e-09,-1.26302679269082e-07,4.60942811576383e-08,-3.63081321771788e-16,-3.36983068448413e-08,-4.08196137280588e-10,-1.12533036633345e-09,3.73706196938325e-08,8.1362151715396e-09,-5.37088166683593e-10,-1.98670300215863e-08,5.16830417095678e-09,-1.6160426917541e-07,2.88262521850929e-08,-5.61643500300656e-09,-9.90591613788860e-09,-5.15406697407392e-10,-4.04781496119518e-08,-9.39112887935869e-09,3.84961922452775e-08,-9.78724018425865e-09,-4.39420431557113e-16,-1.28759816343586e-06,4.90853797214044e-07,3.43364168637816e-10,2.17844482324792e-08,-1.32217792414976e-08,-2.02236160633787e-08,6.3237599730366e-08,-2.23787396891527e-07,-1.39566706319959e-09,-2.09735155854517e-16,-2.22564695076431e-09,-5.79428404433107e-09,-1.99055061321584e-09,-7.32224823335917e-16,2.30225234354336e-09,2.52416198507245e-08,-3.46276971994601e-09,-1.08294394426862e-09,-1.63774762377463e-10,-3.23155673946343e-12,2.37841188235376e-09,-2.98410311861061e-10,-3.4999687880128e-09,-1.64601350464828e-09,-2.28731454052691e-09,-1.78547907510133e-07,-2.10693851912824e-16,0.00134743236834218,2.37348519882848e-08,3.7434394797502e-08,-5.90387683472769e-10,5.47444242301647e-16,1.93011143295686e-09,-4.0727905304132e-07,2.09759046406491e-09,2.01945130165018e-09,5.58251854178169e-09,-3.60832001885254e-07,1.12224357360019e-07,-2.39215673107498e-08,-2.17068493588946e-17,-1.21477179068837e-07,6.13397253818883e-06,-4.82034977709148e-07,-1.74629984280314e-07,1.78588605497614e-08,1.22725364533768e-10,-1.73819292292876e-15,-1.45954456414961e-16,1.37626610727683e-10,1.63239211095738e-05,-0.00305292120025032,2.46426691455671e-08,9.67149735583004e-16,1.51177584629769e-08,1.96189800015641e-10,-1.90558234337214e-15,-9.0726089962558e-16,9.05082430402392e-16,-5.56982639571373e-08,-1.70615074916804e-07,2.81863827986743e-07,-1.87125738549423e-07,-9.45976430219237e-08,-2.21883169150059e-07,6.80941475982411e-07,-1.86179404642038e-16,1.99826688590764e-07,-8.15967192237835e-07,-1.9466519563002e-15,-2.55721730197698e-15,6.8697201296136e-07,6.33996020911279e-11,0.00250988664170707,-5.83386709734314e-07,-9.87814038969406e-06,7.99421449956138e-08,1.10330545822418e-10,3.26405789974366e-07,-3.57728536159878e-15,2.71254936624907e-06,-1.69101766010066e-13,0.532515707662368,4.41183872740241e-14,3.22262223827629e-06,4.8412655729096e-06,7.96336268711876e-08,9.65561272061828e-07,3.26650188010973e-06,-0.0465363566004637,1.40233076062089e-06,7.97933809200737e-08,3.89201424948606e-07,4.17718080457434e-08,0.0831618841566796,-1.4138610816016e-07,-9.70976358740325e-08,-1.0151529171598e-08,-0.0026795246576339,-1.83437884124773e-15,1.84652307555921e-06,-3.25363722466858e-07,3.01475812045112e-08,9.16426085396514e-16,3.89509668733705e-09,1.01770309260733e-07,3.58530517427165e-07,-3.98726987113786e-16,-5.98956610583117e-07,-4.44683326135241e-08,1.12947043507178e-15,-5.79359223280322e-08,6.22084630617369e-06,2.84698983099479e-16,-2.23376122931731e-15,-2.9571405052839e-08,-2.28216969378467e-08,-1.28688828267611e-10,-1.76437005838225e-07,4.56571345546094e-08,9.29672487462346e-08,1.28704452547045e-08,1.52521641318149e-07,-2.52631255447545e-07,-1.11978568778648e-14,3.58145774731929e-09,3.5508036915855e-10,9.75108835085594e-10,9.07260788835674e-08,-1.29790999991344e-15,1.8830208293588e-15,2.96117882472322e-08,9.54305660137542e-16,-2.37579379304079e-15,1.78182413466964e-07,-1.97599752514288e-07,-2.55730475192558e-07,-2.101110377772e-09,6.3632818726898e-06,1.39594489443593e-07,6.25442201864606e-09,2.28571002896793e-15,1.48656553387105e-08,6.91483787021331e-10,3.1687419528348e-09,-2.20516063752784e-07,8.59696604335737e-07,8.51277376528362e-15,-5.05345125536599e-15,8.61165302299487e-15,-1.06595914124266e-08,-3.53620412895836e-08,-2.96294694690228e-08,3.42348395697409e-15,-2.69944224080403e-08,-2.51702415441377e-14,-6.24264860081009e-15,6.32673401210168e-07,-1.38929049743326e-08,3.68355953378474e-13,-3.42889170036069e-08,-1.23287828810536e-07,0.70710678115113,5.36132656505206e-08,-3.39411168800969e-14,1.45994946499904e-08,4.23801734068255e-15,1.460040067422e-08,1.26626380483134e-07,3.19011460311447e-08,4.33739697476801e-09,3.00256041109118e-08,-8.65113161105678e-06,4.92062428890437e-08,6.69683448068584e-15,6.74057776279658e-06,-4.50742141439433e-07,-7.98150823506467e-14,-0.183175398267765,4.61558444117924e-08,-1.11701315544073e-07,5.03420006507396e-15,1.17919500559192e-08,1.19419729252248e-07,5.11065467803248e-16,-4.71470237520434e-08,-1.07966140075902e-08,-4.27545634970227e-09,-2.05733483172348e-15,-1.5108922824925e-15,1.22608741695861e-08,3.84743055554836e-09,3.12573783513898e-10,-4.74342749586511e-08,2.41603860299571e-09,1.14724308867599e-15,6.95793093221626e-16,8.84113660472605e-09,6.0956736747326e-11,4.7756815015728e-16,2.1442590965999e-08,-2.52765905445493e-16,7.70953142411848e-08,-4.12476777914407e-09,-2.41043639633481e-09,-1.59895156090399e-08,1.55948968153785e-15,2.24442947407127e-16,-1.17533839134889e-15,-6.12116871503814e-17,-8.93118506842573e-09,-2.31955389197104e-07,-2.04045044603011e-16,-1.37377765322871e-15,-5.99532926965935e-16,4.36168866086545e-08,2.93454544972511e-09,-2.15814014783358e-08,2.48423631442539e-17,-1.3557406065845e-15,7.29071750887877e-16,-1.33432382151687e-07,2.83127842160723e-08,-2.39056799186005e-16,3.70989116525814e-08,-1.29613368215134e-07,-3.78301829561863e-16,3.86818156357085e-17,-1.29148536757629e-08,-1.32309414710969e-10,-6.39285513886189e-09,9.56281861931194e-16,7.18460908257627e-09,1.04560965182862e-08,1.12091693528822e-08,-1.02068300044965e-08,-3.63478993665932e-08,2.31547006019343e-08,4.33214202600432e-16,4.03387435923667e-16,8.03153334921715e-16,0.000210118418976418,-3.88995207144809e-08,-2.7898301499909e-09,-2.23923668156945e-09,2.34353586921024e-16,-1.50093252053998e-16,5.63855555197229e-16,-6.45556902694843e-16,1.77272260599487e-16,7.38713980561869e-08,-3.07393791195804e-16,3.2290219067486e-16,-1.72619499577311e-09,9.61357806257429e-16,-1.5451529229649e-09,6.80610929131865e-18,-1.91545269066933e-09,2.4289861754632e-16,-2.31554326888136e-09,-2.89702459163609e-10,-1.3653966664627e-06,-4.15321037634017e-16,9.27561094106727e-09,-3.51476333082563e-16,1.31379743784398e-08,-1.59441780013382e-07,1.27488841391315e-10,1.81575864295645e-16,1.85798492500625e-08,1.40029802290694e-16,-4.55913588259527e-09,-2.5731493409275e-08,-6.65149633815429e-16,-7.57760835935797e-16,-7.32933156951083e-16,3.06224911800862e-16,-8.62716314985186e-11,-1.12309658883476e-09,-2.50702369507523e-10,-6.38927346011468e-16,1.33591141404796e-16,-1.85265289843822e-08,5.44567411136848e-06,6.6911822124652e-16,-4.66227124389204e-17,-1.13683681748921e-09,5.71625462787316e-16,-8.05458782555015e-09,-1.46708307037428e-15,7.6022814281676e-08,7.95897054055102e-16,-5.2880437886223e-18,-8.44596633061114e-16,-7.77353721446918e-16,-2.57661704455767e-16,2.45768618176403e-16,3.09977843778729e-05,-0.000103352328476164,-1.36752639499001e-16,-6.65691738611552e-09,2.53891699563372e-08,-4.80898925737927e-16,1.90622291715804e-16,1.18277535796425e-16,-8.01586810874353e-17,2.50857352686528e-09,4.0115420238161e-10,1.70102755252173e-16,-2.00005526321531e-16,-4.55463046785598e-09,-1.62468451328355e-08,-1.70016481942094e-09,-1.62263220794656e-16,2.56921335606851e-16,5.02549841227282e-16,2.44629237924851e-16,6.56620441985409e-16,4.88876569178731e-16,9.57381732556313e-09,-9.05270191402821e-09,-1.74022100514939e-09,-3.6955525553669e-17,-2.49809392383076e-16,1.09904621381851e-16,3.04151304442634e-16,3.58102560083396e-17,-4.11907110710388e-16,-5.50612733586279e-16,5.66388550380593e-17,2.12991583509972e-16,1.05305101312216e-16,5.25472694870715e-16,2.15977132924825e-16,-5.47735424661794e-16,7.89805971580957e-16,4.89917411543272e-08,-2.34396923621048e-16,-4.65045528298001e-16,-1.05426098152513e-16,9.28330560766503e-08,-1.61801774300107e-10,5.4663908433133e-16,-8.34623187214024e-06,8.47212452632902e-08,-1.6538317534764e-17,1.04683069041823e-16,-2.361636361581e-08,1.25462571994763e-16,2.08054749339479e-09,-7.36650033411582e-18,-2.6951616775902e-16,3.41431054807539e-16,3.93047642581672e-16,2.94024830901867e-10,-4.03698482936126e-08,4.64258544890018e-16,-8.82837586795578e-17,9.06120954622989e-17,-1.47494175625064e-15,1.18828558104411e-16,2.38617201916389e-17,1.364531211167e-16,5.75012518179123e-16,2.48488173694519e-08,-3.69335719439459e-16,2.53917555037825e-16,1.07000249130196e-16,5.77631658920302e-16,-2.69335059829807e-16,-1.7591391009751e-16,-9.50033308890988e-09,-5.24316478576051e-18,-1.97059122039159e-16,7.08139329083246e-09,8.98969978676399e-17,1.01787343199462e-16,-3.33520265355292e-16,3.0759147601947e-16,4.06870287990279e-08,-2.07816736537769e-18,-4.35008949491567e-09,-2.200758520508e-16,8.59743728343419e-17,-2.57853300346082e-16,-2.21993698244901e-15,4.97941965301141e-18,6.05200792916084e-16,1.57675558400218e-10,-1.48502830801081e-16,4.30443611876193e-17,0.00085182592867119,-1.65083890869894e-08,2.03764241513533e-16,1.35408013920646e-08,1.98660433699174e-09,-1.42337518204423e-16,-1.06059566506054e-15,8.02277408855664e-17,-1.39460619955797e-16,7.46788628718356e-17,-3.34137577279582e-09,-1.76648535011552e-16,-3.51581632606177e-16,-3.75116915232278e-17,1.33679990965586e-09,-1.63478750231302e-16,-3.82389350268278e-17,2.21540525556466e-16,1.94216939729273e-16,-6.08446502984403e-10,-6.44625665159518e-16,1.26304824885035e-09,1.22332000149276e-16,5.07531080849823e-16,5.93280491951951e-16,1.61653589402139e-16,-1.68926327357138e-16,1.94600364659977e-16,-3.22699194990821e-16,-2.83044132588629e-08,6.58594294027428e-17,-1.39807199096184e-16,9.19074170358507e-09,2.7175867469968e-17,-1.95573012223564e-16,-3.42436244455883e-17,-3.04143491190028e-16,5.32142881476637e-16,7.51293249002712e-18,-9.64088294889229e-09,-2.066300416846e-17,1.70507759289586e-16,1.97960978859254e-08,-1.3246458550048e-16,-8.29895452595063e-17,-1.07977199375713e-16,-2.082469509575e-16,2.07175710223791e-16,-2.16764714044421e-16,-1.66566038495494e-16,3.70503846936991e-16,1.94381273809443e-16,3.51246063674088e-16,2.16733249851327e-17,-1.03601589500021e-08,4.44436837811343e-08,3.3257542875384e-16,2.02147305506483e-16,2.95043599292978e-16,-1.3672707538496e-16,6.26668855696622e-16,7.29335453314015e-17,2.06032888346898e-16,2.99393694096891e-16,-4.30756514711024e-10,2.50638167737646e-16,2.39334281125148e-16,2.28585305052497e-16,3.79045250139938e-16,5.50945041186419e-10,2.5545659710612e-17,-7.96219896114375e-05,1.72962518029694e-16,-1.31196067297328e-16,-3.79025759351769e-16,6.1313305832923e-17,8.83135517728103e-17,2.33791788777946e-16,-8.67441441015764e-17,-5.96645090186179e-16,3.69918161931557e-16,-1.38861447292788e-16,1.0191698201904e-16,-3.30600185850519e-16,9.51550810473804e-17,-3.5452024875233e-17,9.60133384436075e-17,-2.82134148710011e-16,1.33023863935782e-17,-3.25068413912288e-16,2.84207095229333e-16,8.69443330521297e-17,-6.13116328540553e-16,-1.07310815986342e-17,2.81336274565775e-16,2.67984095755585e-17,-8.95118886670584e-17,4.13378628342883e-11,3.70897228504066e-16,1.42238676875411e-15,-3.09320173645659e-16,-1.99335350215599e-16,-1.02573375801778e-17,-3.87580254440881e-16,-5.47013550918089e-17,1.64251809274434e-16,1.56942758165696e-17,1.17531633527257e-16,-1.20238020928642e-16,-4.52507991804981e-16,8.47880814967034e-18,-2.38522818056819e-17,-5.80384005095084e-17,-2.83393837389532e-16,-3.14813963845142e-17,-5.30675065646951e-10,8.81173797641173e-18,-9.22059257516989e-17,1.10006653552526e-17,-1.44678372526403e-16,-3.79737131126119e-18,4.93204530012354e-16,2.52646135249662e-16,-2.70362706628785e-16,7.36313171203603e-17,1.12164595541313e-10,-4.03493006686915e-16,1.35532096278578e-16,-2.18955460380559e-16,-9.39902636310988e-17,-1.85724847633806e-16,-5.88534043901459e-17,-4.57333765875148e-17,-1.39761548689041e-17,-1.27515117210796e-17,2.77670197349811e-16,-2.83786615518676e-16,6.99696794400892e-17,5.49819464181183e-17,5.64599640535237e-10,8.69860284641874e-17,5.90460646558961e-17,-3.54856872580645e-16,-5.44269490587723e-16,-1.69770924009105e-09,2.09538921495831e-16,2.42689535363059e-17,3.84245135443427e-16,3.84633760213594e-16,1.21098712358042e-16,6.98493532741172e-16,5.43367265107692e-17,-8.25362846332722e-17,2.26443134342073e-17,-1.34754336031944e-16,7.19892554752224e-17,3.36229229812218e-17,8.4227251466905e-17,-5.81064808393572e-16,-1.15603468136596e-16,-7.27239929642696e-17,-3.75350881599952e-16
"t578",-0.0449695493953208,0.0426342536664955,-0.0702669956990503,0.0350307885506603,0.0106583917671382,-0.00570730668308268,0.037965699710259,-0.0877870794863172,5.33668486769714e-05,-0.000326227636542808,-0.000194981593334941,0.0113966722532867,-0.0189784150369743,0.00275556789816701,-0.000680201754236198,-0.0982147883738258,0.00223846915605066,-0.0045908649531828,0.000307493959377998,-0.000108980380880665,0.00922789109312564,0.0383211371001057,6.12985240855753e-05,-0.000358119726333072,5.21432320687125e-05,-1.78210411760202e-05,1.99111628890998e-05,-1.71927169417353e-05,0.000207237922680117,0.000294427069644412,-1.13784944454549e-06,2.21728674393518e-06,-0.00082208566072982,2.22921285474063e-06,-1.35101847597842e-06,-2.37792212635566e-06,-9.60269362648891e-05,6.95599858671867e-07,5.69994556106217e-06,1.59475730982536e-06,8.66448134437724e-05,-1.17536425607511e-05,0.000103539193839892,-1.21692140836067e-05,0.00280357265320838,-7.23065561879823e-06,1.0485646445907e-05,-0.000218929545047362,2.01733742257709e-05,-4.96317016837316e-05,0.000573357199028011,-8.58440996649826e-05,1.3327861772158e-07,-0.133794656472375,-6.44756311695941e-06,5.70333647283099e-05,-2.8247977167949e-07,1.00218885813394e-05,-3.1007534434843e-06,-7.16313469970789e-05,-4.4262935638844e-06,6.48552146038196e-07,-2.43564121668361e-05,1.33718394425255e-05,-1.16088999419471e-06,3.13045173831288e-05,-2.48918098965685e-07,9.72903567040415e-06,-2.78683670990562e-05,1.19105914011286e-05,-1.57469622746083e-05,0.00319056028748056,-5.17616273588551e-06,-0.000578189179396114,0.000288900378673872,1.31713326275151e-06,-0.0366227199443651,-3.65714621923687e-05,3.94915541030669e-05,3.63757262428004e-05,-7.93350570021808e-06,-0.000113052731741207,1.10008717672166e-05,6.69658576890769e-05,-4.99376874930193e-06,-0.0011420605753798,0.000789467347627377,1.6595630002723e-05,7.12616722257861e-06,-0.0111845618491173,-1.33215566290943e-05,-0.00552504606556927,1.02957682010649e-06,-2.31357282203856e-05,-1.98156749739427e-09,-3.08892601757356e-06,6.99832336852194e-08,2.30691818600524e-08,4.95882876060825e-08,2.46001434706923e-08,-5.4600935550885e-10,6.32266676492009e-10,-3.00650802794728e-09,3.16218749955231e-08,-1.49410330522314e-08,1.78399170380638e-07,-9.35427010289855e-07,2.54779117833995e-07,-1.5544280472644e-07,1.83966557027089e-06,1.79494864395002e-07,4.81543889372794e-07,-1.07556077931444e-06,1.24158468846775e-06,-5.0757155578814e-09,2.16584979287724e-07,-3.34723105458351e-07,4.03157274567267e-07,-4.65784733011797e-07,1.28543744332367e-06,-6.73342115115307e-06,1.91012533199666e-06,-7.01601173538527e-06,-2.37186872189358e-05,0.00574260243381595,1.37952070986301e-07,9.43741332444254e-06,-1.51687058638976e-07,5.69646566859123e-07,1.88533484298076e-05,-3.21132502682017e-07,2.21529711731309e-06,-2.75709590566605e-06,-5.68477774656676e-07,1.83652412233532e-06,1.07669154294236e-06,-8.32023991242875e-09,-7.7290746512399e-06,6.47353381015129e-06,-1.96960306469868e-05,-1.96917119265535e-06,-0.000108853238622059,7.44431956891433e-05,0.000354384519077166,0.212914338205625,1.23116000459266e-07,1.60597850079228e-06,-1.16277446713623e-07,-6.48586465578575e-09,1.55490182503836e-08,6.5245076773512e-05,3.80366492479466e-08,6.01242808983003e-06,-2.61843759101451e-07,2.2230384378213e-08,1.34418052095759e-09,-1.42057466537693e-08,-4.77992076156447e-06,-2.75117891968148e-08,-9.37598622616166e-09,-5.26589908168796e-06,1.0539665981968e-07,-6.91291214944171e-08,-9.305407183326e-06,1.29805252237833e-06,-5.59738543483672e-06,1.99952231499682e-06,3.59457119896782e-08,1.81133627186317e-06,3.03209034255647e-06,-5.18319709078759e-05,-1.3085301346245e-05,0.274254192023856,-1.20374393631539e-06,-6.37387406464928e-06,-1.21457689490092e-07,-4.45139108394921e-07,1.25835499989544e-06,5.79868079487057e-07,8.76850155448139e-05,-4.01502010724597e-06,-1.03962869672551e-05,2.38230163837101e-07,7.12778346755991e-09,2.56439780917367e-08,3.72518592912065e-08,7.20403006787153e-07,-1.25301650619337e-07,-5.64644962764193e-07,2.63958563215493e-05,5.30388902966248e-09,-5.71370207267367e-09,-1.7258844931697e-08,-1.20706919020712e-10,-6.41935280406885e-10,-3.44482189901649e-09,-9.00042353219222e-09,-0.000283621992643725,-3.86554041630596e-10,3.86457503765884e-09,3.95257843712188e-09,7.94823882655586e-07,-1.50369526440713e-10,-2.64673156038138e-07,-5.79901777048148e-08,-2.70664936680249e-06,5.16366514609239e-08,0.000107879360588432,-1.9526628017573e-07,-1.08136789462526e-08,-1.16300119768976e-06,2.68297761854681e-06,-7.48901412534779e-06,-1.24605405654744e-07,-6.62000011000439e-07,-9.32274439380008e-08,1.13615763028447e-06,1.2639164382837e-08,-2.45865128201309e-08,-1.27767177831356e-07,-7.07661820402002e-07,7.93002447630215e-06,2.34212646328536e-07,7.79233738650205e-07,-2.11607328571728e-07,-1.09638274068914e-07,-1.16052204541002e-06,-8.64670879584547e-08,-1.42590502422487e-07,-1.20675780178441e-07,3.43852633910904e-06,5.57817168603164e-07,4.47200470679444e-08,7.55331310645433e-08,-4.41255748829827e-09,-5.97934279783762e-07,-4.54162464526775e-07,-3.26587658862743e-17,-1.16341483930593e-07,0.00020982311769246,-1.75386098553648e-07,-5.67217063756493e-06,-9.94871437133757e-07,9.40258552737525e-06,-1.29120870898467e-06,0.0107522887959468,2.31887990597505e-07,-2.56229826438036e-09,2.58544231290941e-06,-2.22646132441249e-06,5.89991425002344e-08,-7.58607843249832e-06,2.66187051353728e-07,-0.0389409675259168,-2.69854196529706e-09,-2.07597027054983e-08,1.98341145118472e-08,-2.15934400916103e-06,-6.18551563394131e-09,9.07689652360653e-10,-1.15029429406756e-08,1.74742644390092e-09,-1.38569149172071e-07,3.40557972550828e-08,1.41438838893944e-10,-6.59582191509923e-11,4.95870601397027e-10,3.56813980069351e-08,-8.3020738720144e-08,6.48276460014999e-10,2.73860236747718e-10,-6.91191986731664e-10,6.1379231009893e-08,-9.9586609880081e-06,2.51875662500329e-08,-3.67989722332226e-07,2.32265591066278e-06,-2.23342250999771e-08,5.66070995680961e-08,-2.11018429829742e-08,1.1638381738873e-08,-3.37039462649758e-17,-3.00564377495894e-08,-1.03560012365003e-09,-9.805751409677e-12,-8.82332047876496e-08,1.61109139236521e-09,-1.01032410348858e-09,-1.81910412131633e-07,2.19038931521205e-08,-2.29165363491605e-08,6.00818490813029e-08,2.23259664579584e-09,-2.06187379209463e-09,2.67869062040841e-08,-3.25459996563409e-08,7.34997562866394e-07,-1.64701284703478e-08,7.28193931455326e-06,7.99839795569027e-10,4.49163684847954e-09,3.97286896908133e-08,-3.31368910121725e-07,7.81468017119735e-09,-2.98339673255888e-08,3.99631275081142e-08,-1.44793079646889e-07,8.99789721093158e-09,8.11913775927654e-09,6.17663864750709e-08,-1.03751811237555e-07,-8.29042295608401e-09,6.71207531341674e-08,-4.36364861043203e-08,1.07534520215964e-09,9.95321526537087e-09,-1.91056576720752e-08,-2.04733538036056e-16,5.30353740018371e-11,2.21406323473513e-07,-1.64131824886946e-06,1.4323986706197e-08,1.28948225729319e-08,3.77440685570452e-09,8.70422038633129e-09,-1.2630268000814e-07,4.60942810296115e-08,-1.25360145454303e-16,-3.36983067087639e-08,-4.08195726065319e-10,-1.12533032400347e-09,3.73706201342637e-08,8.13621562540149e-09,-5.37087614513505e-10,-1.98670302033169e-08,5.16830413139269e-09,-1.61604270178648e-07,2.88262523118126e-08,-5.61643483543637e-09,-9.90591714422192e-09,-5.15405782436518e-10,-4.04781493924008e-08,-9.39112720795244e-09,3.84961934039209e-08,-9.78724039843105e-09,1.93866801518521e-16,-1.28759816446183e-06,4.90853795329918e-07,3.43363792263081e-10,2.17844479111258e-08,-1.3221778726131e-08,-2.02236182630111e-08,6.32375974190707e-08,-2.23787396688446e-07,-1.39566757397107e-09,2.77698321994413e-16,-2.22564774816521e-09,-5.79428514888559e-09,-1.99055131765849e-09,-1.61055481451765e-15,2.30225231247649e-09,2.52416203595501e-08,-3.46276897963454e-09,-1.08294342672822e-09,-1.63775186421348e-10,-3.2326146672128e-12,2.37840987929946e-09,-2.98411459638588e-10,-3.49996753289887e-09,-1.64601344440404e-09,-2.2873141036461e-09,-1.78547906768624e-07,3.05452911835913e-16,0.00134743236797999,2.3734852404134e-08,3.7434395217947e-08,-5.90387676657918e-10,-8.43897259983107e-16,1.93011123884703e-09,-4.07279054605715e-07,2.09759059003047e-09,2.01945131116432e-09,5.58251964969307e-09,-3.60832002322237e-07,1.12224356019396e-07,-2.392156719116e-08,8.69234745013949e-16,-1.2147717963582e-07,6.13397253834225e-06,-4.82034977139778e-07,-1.74629985133776e-07,1.78588601082966e-08,1.22725238659604e-10,-3.0218882951516e-15,-6.89867073237242e-17,1.37625622544843e-10,1.63239211048386e-05,-0.00305292119910402,2.4642668226327e-08,-3.9973329386683e-16,1.51177569550481e-08,1.96187656281111e-10,-1.32246575457882e-15,-3.88855646912163e-16,5.51682838219426e-16,-5.56982646145792e-08,-1.70615074481719e-07,2.81863825747909e-07,-1.87125737953714e-07,-9.45976410093297e-08,-2.21883169663506e-07,6.80941471241181e-07,-5.64564707083173e-18,1.99826690340813e-07,-8.15967192370906e-07,-7.56656517675571e-16,-2.60228803392485e-16,6.86972012265077e-07,6.3400387868201e-11,0.0025098866403592,-5.83386710463833e-07,-9.87814038401141e-06,7.99421396171243e-08,1.10333578247679e-10,3.26405788713608e-07,-3.57020685980656e-15,2.71254936558256e-06,-1.79004109712028e-13,0.53251570735423,4.20269533029959e-14,3.22262223373727e-06,4.84126557065383e-06,7.96336284812943e-08,9.65561272519842e-07,3.26650187280786e-06,-0.0465363565709254,1.40233076162216e-06,7.97933764016431e-08,3.89201425316203e-07,4.17718092026297e-08,0.0831618840994811,-1.41386108112372e-07,-9.70976346426613e-08,-1.01515295686229e-08,-0.00267952465563997,-1.77461170971429e-15,1.84652307506419e-06,-3.25363722708312e-07,3.0147584913038e-08,-1.57184663003919e-16,3.89509801960033e-09,1.01770304422143e-07,3.58530515835696e-07,-1.99668504363114e-15,-5.98956617660999e-07,-4.44683314460744e-08,-1.0498983292661e-15,-5.79359218914756e-08,6.22084629492434e-06,1.85447765719541e-15,2.2064079597639e-16,-2.95714026630344e-08,-2.2821695990919e-08,-1.28687030579559e-10,-1.76437006399198e-07,4.56571329613875e-08,9.29672540145896e-08,1.28704367743394e-08,1.52521640402268e-07,-2.5263125506657e-07,1.0752141364756e-14,3.58146228131403e-09,3.5508142969718e-10,9.75111499660704e-10,9.07260821000063e-08,2.10846046367262e-15,-1.26674375815e-15,2.96117910529137e-08,-3.57564209961844e-15,1.40569547213647e-15,1.78182410352713e-07,-1.97599752054634e-07,-2.55730469556097e-07,-2.10111191264541e-09,6.36328186190725e-06,1.39594495931309e-07,6.25441939993605e-09,-2.23275377771133e-15,1.48656508242334e-08,6.91480751902834e-10,3.16873803020387e-09,-2.2051605216301e-07,8.59696614391181e-07,-1.04205696231875e-14,5.08328649835126e-15,-6.15053518461978e-15,-1.06595929978512e-08,-3.53620309866131e-08,-2.96294849660155e-08,-4.00676613520059e-15,-2.69944350142157e-08,2.75621010199304e-14,6.5721527114309e-15,6.32673374023362e-07,-1.38929690952476e-08,-3.68620498708561e-13,-3.4289022918616e-08,-1.23287707825472e-07,-0.707106781221968,5.36130389707982e-08,3.34065722645538e-14,1.45994912518579e-08,-5.44088340277187e-15,1.46004344276603e-08,1.26626399113165e-07,3.19011358914196e-08,4.3373101391321e-09,3.00255820726121e-08,-8.65113165784607e-06,4.92062572655785e-08,-1.4000635308073e-15,6.74057779164026e-06,-4.50742159024088e-07,-6.25803416907871e-14,-0.183175398950576,4.61558441134018e-08,-1.11701306890148e-07,-2.81834966732916e-15,1.17919596611007e-08,1.19419731816845e-07,2.84102330935359e-15,-4.71470218273637e-08,-1.07966072954099e-08,-4.27545380731642e-09,1.09458885994229e-15,3.781498750797e-15,1.22608695394478e-08,3.84742475457973e-09,3.12573760467013e-10,-4.74342744579959e-08,2.41603864496654e-09,-1.99112807221308e-15,5.78895861615364e-16,8.84113419761246e-09,6.09591053137207e-11,-1.08870122447342e-15,2.14425934617856e-08,-6.26808256291298e-17,7.70953018653076e-08,-4.12476732108567e-09,-2.41043819759526e-09,-1.5989513747446e-08,-2.86042015623172e-15,-7.78658413012131e-16,-5.34373346190713e-16,-1.46245717056127e-15,-8.93118668115109e-09,-2.31955390235978e-07,-9.5075220137239e-16,7.31456771118661e-16,2.67955286730904e-17,4.36168894877631e-08,2.93454596428284e-09,-2.15813985873319e-08,-1.4163763793611e-16,-1.13028076481614e-16,-1.47624967805626e-15,-1.33432388313566e-07,2.83127775627582e-08,6.62766481781581e-16,3.70989061592787e-08,-1.29613370243856e-07,-2.13439141407101e-16,2.23602282942964e-16,-1.29148550569357e-08,-1.32305925868405e-10,-6.39285623802418e-09,2.81202747517379e-16,7.18460907607859e-09,1.04561041971888e-08,1.12091683221386e-08,-1.02068310537794e-08,-3.63478996333833e-08,2.3154700535046e-08,-2.88785098131531e-16,-5.87236419028761e-16,-1.51559818582561e-15,0.000210118419140576,-3.88995194814977e-08,-2.78983001644974e-09,-2.23923597514124e-09,6.92632059435488e-16,-4.57683573628139e-16,-1.19895754786074e-15,5.310553974701e-16,-1.63067876836368e-15,7.38713933122614e-08,4.95450721409007e-16,1.9681974036232e-16,-1.72619460305939e-09,-1.01619937149004e-15,-1.54514798657235e-09,2.3639289684273e-16,-1.91545527544121e-09,-3.77029271186523e-16,-2.31554173386051e-09,-2.89702729542998e-10,-1.36539666872448e-06,-3.73768570440388e-16,9.27560688079393e-09,6.24285113264895e-17,1.31379731211111e-08,-1.5944177822114e-07,1.27487066084634e-10,-5.36059072935254e-16,1.85798474583644e-08,1.35278898136177e-16,-4.55913175760995e-09,-2.57314942478242e-08,7.94638979060604e-17,8.32167695101863e-16,4.10230889912744e-16,-3.93720847198545e-16,-8.62721386765416e-11,-1.12309695672182e-09,-2.50700750412037e-10,3.20525901607365e-16,-2.54730874968736e-16,-1.85265291622582e-08,5.44567411857018e-06,-3.92944547924281e-16,-3.4301866936036e-18,-1.13683802424564e-09,-4.95703352810046e-16,-8.05458652770372e-09,8.44944292208606e-16,7.60228139482819e-08,9.632282566388e-17,-2.71572304330918e-16,8.06483288268137e-16,1.01131539100038e-15,2.66418274795795e-16,2.37245863841453e-15,3.09977843959617e-05,-0.00010335232853048,5.70441731355434e-17,-6.6569183790623e-09,2.53891681848511e-08,9.80441261441491e-16,-6.08955422012962e-16,-4.15197773610311e-16,-1.54512519433743e-15,2.50857229566655e-09,4.01152495960496e-10,-3.4451459952595e-16,3.2124646855839e-18,-4.55462932414332e-09,-1.62468480410208e-08,-1.70016492471846e-09,1.30861952638801e-16,-4.05255528402347e-16,-3.15078656319951e-16,-1.76777457822245e-16,-3.3265990321273e-16,-4.4509551751242e-16,9.57381651495041e-09,-9.05270222158879e-09,-1.74022131628445e-09,-1.82868585977572e-16,-2.94881867256797e-17,-3.62109007542312e-18,-1.59262092769183e-16,-4.54360677919485e-16,4.95382053376029e-16,3.35534395287214e-16,-2.26164325242163e-16,-1.50197854047748e-16,3.23208809172943e-16,-3.59050110532141e-16,-2.49573242747676e-16,5.1530668706629e-16,-4.52285828140891e-16,4.89917381932525e-08,1.51085395343846e-16,3.48724735678157e-16,6.02797637540414e-17,9.28330558242308e-08,-1.61803447578811e-10,-2.48510049096934e-16,-8.34623187628263e-06,8.4721244449417e-08,-2.88248686432778e-16,9.99427592268199e-17,-2.36163624302329e-08,4.80592357209066e-16,2.08054804890492e-09,5.9792448735697e-17,1.97980195470158e-16,-1.69283656120957e-16,2.74500497875675e-16,2.94025054636838e-10,-4.03698485763342e-08,3.34897475901606e-16,5.88235737242053e-17,-3.05360137369698e-16,7.65779897126362e-16,8.77119557540773e-16,8.54517497840983e-18,8.62718567711856e-17,-6.45597775554262e-16,2.48488188626132e-08,2.63679548365329e-16,-4.24239629561074e-16,-1.10414292153599e-16,2.68782768105892e-16,1.20101821044721e-16,6.0592988275538e-16,-9.50033369307179e-09,-6.70511473561264e-17,1.61419628787959e-16,7.08139309448542e-09,4.02092648175576e-17,-1.36651825539587e-16,3.46634973853446e-16,-4.80561396840183e-17,4.06870261405806e-08,-1.32286410916897e-18,-4.35008948511653e-09,9.76264847675847e-17,-1.40480686933653e-16,3.71336671087608e-16,-6.38025449936934e-16,-2.10040941929087e-16,2.2900473483598e-16,1.57674673166577e-10,-2.41643820315781e-16,-3.06264221753e-16,0.000851825928980849,-1.65083868277559e-08,-1.02134970318884e-16,1.35408002667159e-08,1.98660386916951e-09,2.81539480428999e-16,4.29090138440169e-16,1.84745300899805e-17,9.92104853642399e-17,-3.10053961983965e-16,-3.34137656137736e-09,3.70623057594175e-16,9.96766722663299e-17,1.75099229060657e-16,1.33679885368292e-09,5.01525230785767e-16,-4.68501319694507e-16,1.17250239562572e-16,-6.9609975883164e-17,-6.08447588008377e-10,4.91826575426269e-16,1.2630486498044e-09,1.39405441497853e-17,-1.81021164707176e-16,-2.93655735740058e-16,-1.79655715964813e-17,1.43415619277537e-16,-1.97288937991098e-16,1.28821018986887e-16,-2.83044108176868e-08,4.41203896261347e-17,-4.12319421125456e-17,9.19074266001928e-09,3.14015774097005e-16,-1.25059891080784e-16,-3.33444004462561e-16,8.14528993224056e-17,-1.72629096744092e-16,-3.1878384134315e-16,-9.64088441941731e-09,1.20089471242412e-16,-3.50923783978457e-16,1.97960973889823e-08,1.50753200883142e-16,1.40420884844651e-16,-4.56022514599929e-17,-8.3382554758591e-17,5.87921481465207e-16,1.81224255444099e-16,3.84906216418751e-17,-6.64728677691323e-16,1.97253541523083e-16,-2.21623150799971e-16,8.99357376649468e-17,-1.03601600245851e-08,4.44436847125821e-08,5.9989328055721e-16,8.65269714164454e-17,-2.27727916337754e-16,3.48904876964015e-16,-2.66171633345191e-16,1.27134015601153e-16,3.38249656428646e-17,1.02413432848644e-16,-4.30755669779172e-10,-1.43895946012546e-16,-1.55366662107667e-16,-2.3600781763127e-16,-3.49626794233519e-16,5.50944305831898e-10,-5.42733111390925e-18,-7.96219896349538e-05,6.44284335615613e-17,-2.03261018974851e-16,3.63599368766885e-16,-1.37598101080044e-16,-2.93750546083048e-17,-3.05998057994774e-16,-1.57215268385627e-16,-5.73755682709649e-17,1.18963254686257e-16,8.56161241999969e-17,2.0363207682352e-16,-1.05866695342343e-16,-2.10168985114746e-16,-8.00607846463758e-17,1.05560133095814e-16,4.23570457055648e-16,9.60566073752267e-18,-2.11921815678712e-16,-4.10755758534162e-17,1.96837663328319e-16,4.53088087881692e-16,1.42587101644924e-16,3.35896605984436e-16,9.98255399092188e-17,3.32172202060834e-16,4.13371362815492e-11,-3.92364694502656e-16,-3.82293207592716e-16,1.55929641581649e-16,-2.734469593773e-16,-2.32936236685074e-16,3.63090551890517e-17,1.18392664751703e-16,1.4942249568152e-16,1.19342142608419e-17,7.88503328954443e-17,-7.1654921579567e-16,2.32596431874038e-16,2.59567341153867e-16,1.754653672675e-17,-3.63265294223338e-16,1.0004624700316e-16,2.33572928680667e-16,-5.30674605891709e-10,6.1975467031195e-17,-2.07107801996566e-16,-6.66477039263281e-17,7.86081427380951e-17,-1.67268436812693e-16,-9.47305588403619e-16,-1.11683739727175e-16,-2.21295518730613e-16,2.78391811551393e-17,1.12164477243937e-10,-4.73136050109469e-16,-1.02472546256824e-16,2.16216994493014e-16,1.70266255270324e-16,3.12950349194497e-17,1.58643803752574e-17,2.70387451212762e-17,-2.68725293495735e-17,2.45047428851233e-16,4.70714353505444e-16,1.29878446243336e-16,-1.18922068133724e-16,8.13701955876834e-17,5.64600101223331e-10,-2.47846212624397e-16,2.26314899112464e-17,1.33382560030916e-16,-1.06056656512532e-15,-1.69770870961725e-09,-2.71863406854525e-16,9.58232043917614e-18,-5.2276867534015e-16,-8.58126331980499e-17,-8.97016646854488e-17,-3.39243026570773e-16,-4.26296968003365e-17,1.79542466967149e-16,4.78157724522546e-17,-5.80469859702291e-17,-1.12724488890909e-16,4.40382571477174e-17,-4.32070035475122e-17,3.19684686295892e-16,-4.58545613825579e-17,3.35329509295024e-16,-1.31688747865627e-16
"t310",-0.0449820302191605,0.0426591958865029,-0.0703094339989912,0.0350591483236445,0.0106689577373208,-0.00571394521766752,0.0380107277329066,-0.0878994833712013,5.34475605033236e-05,-0.000326825979328473,-0.000195435388501649,0.0114293589121631,-0.0190344401245991,0.00276382568901483,-0.000682329092229301,-0.0985401011477366,0.00224606078171517,-0.00460671700088583,0.000308580331093361,-0.000109398711501698,0.00926620943682401,0.0385132616820832,6.16231148976645e-05,-0.000360026916245822,5.2422020045988e-05,-1.79208785843418e-05,2.00240327627808e-05,-1.72910542626717e-05,0.000208455163119373,0.000296470516497692,-1.14627322228042e-06,2.23445237778855e-06,-0.000828912029457946,2.24860649801411e-06,-1.36337591598375e-06,-2.40142174220782e-06,-9.69880326031065e-05,7.0267325030225e-07,5.75830385933492e-06,1.61132978708538e-06,8.75712818510998e-05,-1.18823903235294e-05,0.000104690389810646,-1.23046832828826e-05,0.00283533135660302,-7.3178394036493e-06,1.06144402241216e-05,-0.00022164191769392,2.04293438923279e-05,-5.02776290791339e-05,0.000581070141794215,-8.70165300059874e-05,1.35102910645365e-07,-0.135660432970144,-6.54074757818697e-06,5.78620521150967e-05,-2.86981501115827e-07,1.01855080902943e-05,-3.15152150325887e-06,-7.28733670131217e-05,-4.50631400461593e-06,6.60516157981286e-07,-2.4813034531013e-05,1.36235415520142e-05,-1.18339668346023e-06,3.19273967531459e-05,-2.54153423547361e-07,9.93866374230175e-06,-2.84754951441586e-05,1.21752184371798e-05,-1.6133161209308e-05,0.00327450754443953,-5.31378819404325e-06,-0.000593894263077053,0.000296768500912122,1.3533333716996e-06,-0.0376328982912315,-3.75981172636863e-05,4.0644153387615e-05,3.74538500141313e-05,-8.17480386010666e-06,-0.0001165103346698,1.13509730303527e-05,6.91222348841487e-05,-5.1626831894138e-06,-0.00118120068080745,0.000816881032038773,1.71731209228894e-05,7.37427875413081e-06,-0.0115745140365396,-1.37883216157569e-05,-0.00572772041296794,1.06750084413288e-06,-2.40116541428096e-05,-2.06012038128528e-09,-3.21221135641856e-06,7.27772913728957e-08,2.40060894690018e-08,5.16149293661062e-08,2.56294458632409e-08,-5.6929025796132e-10,6.59269920809652e-10,-3.13515262159487e-09,3.30900435361993e-08,-1.56388579338648e-08,1.86769828193038e-07,-9.79677699798204e-07,2.66858915483795e-07,-1.62842415497189e-07,1.92777167446075e-06,1.88108237144437e-07,5.0492179948077e-07,-1.127849091754e-06,1.30378636434638e-06,-5.33161581046454e-09,2.27655744484726e-07,-3.51937696957635e-07,4.24240530490299e-07,-4.90532904656337e-07,1.35455069146711e-06,-7.09788388676215e-06,2.01590694022576e-06,-7.41026564209758e-06,-2.50522629810678e-05,0.00606615262869942,1.4584056494483e-07,9.9777330728806e-06,-1.60481803560274e-07,6.03866440750757e-07,1.99863515718407e-05,-3.40486112001471e-07,2.35194736696167e-06,-2.92793660943627e-06,-6.03818016600352e-07,1.95222134480631e-06,1.14464538392765e-06,-8.86009248134233e-09,-8.24168482872504e-06,6.91569361619383e-06,-2.10424305344025e-05,-2.1044536416306e-06,-0.000116350440119906,7.95913128935327e-05,0.00037892999818701,0.227661576360246,1.31738356826099e-07,1.72093344641735e-06,-1.24784697801975e-07,-6.96296697011536e-09,1.67064660602467e-08,7.01064040856886e-05,4.08834996523116e-08,6.46361916206893e-06,-2.81552415089619e-07,2.39499605864154e-08,1.44860696965027e-09,-1.53127409462092e-08,-5.17860261137859e-06,-2.98438253274229e-08,-1.0172702933338e-08,-5.71947126506185e-06,1.14500037664075e-07,-7.52037491797875e-08,-1.0124812513159e-05,1.41427368694775e-06,-6.10660236961193e-06,2.18988782247892e-06,3.93733690060752e-08,1.98412922000754e-06,3.32311296377131e-06,-5.68424977054314e-05,-1.43515390783459e-05,0.301168760786313,-1.32239602608381e-06,-7.00811109970065e-06,-1.33571470240411e-07,-4.89588499005889e-07,1.38677779014572e-06,6.40381592301576e-07,9.68706026058435e-05,-4.43715171308719e-06,-1.15011046839269e-05,2.63651357728552e-07,7.8914437636852e-09,2.84018632823791e-08,4.13091945454388e-08,7.99112765556108e-07,-1.39364967927057e-07,-6.28074394209271e-07,2.93876404061848e-05,5.91991687210631e-09,-6.39081422639223e-09,-1.9318320108057e-08,-1.35259260609573e-10,-7.19919282743085e-10,-3.87286636483373e-09,-1.01242534683103e-08,-0.000319402237330131,-4.35570863668046e-10,4.37422918397907e-09,4.47479513462848e-09,9.01577032098245e-07,-1.70893442118333e-10,-3.02204301164106e-07,-6.62147305326247e-08,-3.09187011089761e-06,5.90646639849208e-08,0.000123513103255168,-2.24122260997635e-07,-1.24505360006618e-08,-1.34245331370338e-06,3.09941325896903e-06,-8.68262673151026e-06,-1.44757889073071e-07,-7.69106770305001e-07,-1.0848317573783e-07,1.32748211923379e-06,1.47792442376139e-08,-2.88724958933792e-08,-1.50490310104668e-07,-8.34390035415825e-07,9.39097461507765e-06,2.77652827963705e-07,9.24828092997673e-07,-2.52039369536056e-07,-1.30681634027254e-07,-1.3835123870509e-06,-1.0349089748101e-07,-1.71080698489994e-07,-1.45184863121353e-07,4.14207873297218e-06,6.72829503329651e-07,5.40069309965366e-08,9.12507597358053e-08,-5.34813005318613e-09,-7.26198092660525e-07,-5.5282291119283e-07,-8.58554093319098e-17,-1.42076158329199e-07,0.000256403778603558,-2.153046737808e-07,-6.98817600114248e-06,-1.22936431213914e-06,1.16208899269706e-05,-1.60488341087431e-06,0.0133772238672056,2.8862665094389e-07,-3.19606629523385e-09,3.22962854325421e-06,-2.78866146108367e-06,7.39853754076254e-08,-9.51771193643721e-06,3.3487760186066e-07,-0.0495681583643748,-3.44974077429172e-09,-2.66349962133605e-08,2.56532566494392e-08,-2.79450295734819e-06,-8.05141674853825e-09,1.18540272931274e-09,-1.50942520749925e-08,2.29654056165436e-09,-1.8241079577199e-07,4.49329720167098e-08,1.87249682705245e-10,-8.73571789650401e-11,6.6259243416971e-10,4.7688028313223e-08,-1.10982618347626e-07,8.68755261803662e-10,3.67338108486205e-10,-9.29860881546377e-10,8.26191296352991e-08,-1.36551577019142e-05,3.46098446150009e-08,-5.06502308080989e-07,3.20943082173052e-06,-3.09591190392835e-08,7.90400805309602e-08,-2.95277366344983e-08,1.63134415711236e-08,-3.42916616594515e-16,-4.23817149396167e-08,-1.46142932358454e-09,-1.38733329577977e-11,-1.25619566084679e-07,2.30631477510154e-09,-1.4501081668153e-09,-2.61436053567043e-07,3.20313700228398e-08,-3.35509214119276e-08,8.79902312688336e-08,3.28710001677852e-09,-3.08350885198851e-09,4.01710820867631e-08,-4.89028831838435e-08,1.11160248867943e-06,-2.55674628465506e-08,1.1435705936039e-05,1.25694828601975e-09,7.06005117513617e-09,6.43801123203509e-08,-5.58244614628712e-07,1.32345942529117e-08,-5.09232601819186e-08,6.88804213340465e-08,-2.50325681628874e-07,1.59720095618706e-08,1.44418776257342e-08,1.10285886665921e-07,-1.85739253914865e-07,-1.4972182081194e-08,1.22424221590017e-07,-8.03407346598382e-08,1.98812072749142e-09,1.85340092061024e-08,-3.61395130746999e-08,8.98861487722751e-17,1.11967058868553e-10,4.73318747168419e-07,-3.57737353997027e-06,3.12384357937718e-08,2.81390311876763e-08,8.27674403526823e-09,1.92659239490463e-08,-2.82740183408954e-07,1.05669686932839e-07,9.52023514778155e-17,-8.19498848493719e-08,-1.00046706515169e-09,-2.80575308033983e-09,9.33689164252521e-08,2.12626058293859e-08,-1.44117025704447e-09,-5.54588319741524e-08,1.4849164104251e-08,-4.96704622225158e-07,9.4949913178536e-08,-1.94181060853261e-08,-3.52545443366892e-08,-1.86882699654276e-09,-1.51919815399241e-07,-3.53842472094854e-08,1.4882254848233e-07,-3.86254356364529e-08,9.34408153921231e-17,-6.06329814220661e-06,2.41228241329265e-06,1.68817873782512e-09,1.22777314682172e-07,-7.62456102419609e-08,-1.65648148557213e-07,5.92709304673219e-07,-2.15989864460968e-06,-1.52021285586326e-08,4.24849592177825e-16,-2.85048917002025e-08,-7.94877580428755e-08,-3.74404844154115e-08,5.38956724602671e-16,7.38835103557127e-08,9.75746772765754e-07,-1.49834993692018e-07,-6.23191982566922e-08,-2.13786317819967e-08,-1.1720779712198e-08,-4.28141480575951e-07,1.29143504977956e-08,1.38796750635302e-07,4.38127590179902e-08,3.82447216499879e-08,2.92891963311144e-06,-2.06318608201922e-16,-0.0126447805564678,-2.06811583702354e-07,-2.81154841953992e-07,3.64779512442083e-09,5.12831601174521e-16,-8.49241974709565e-09,1.32608648759785e-06,-6.07196080379167e-09,-5.55001072138102e-09,-1.44470993585566e-08,8.3978179516772e-07,-2.22624619547685e-07,3.35083793789186e-08,-1.1303271082512e-16,1.29699100916815e-07,-6.40285353097222e-06,4.80196685736728e-07,1.63191669903246e-07,-1.66080687118428e-08,-1.12106216113477e-10,-3.53883589099269e-16,1.55285018485818e-16,-1.13566236359893e-10,-1.23472873147089e-05,0.0022844862575813,-1.70716133802678e-08,4.73781019279651e-16,-8.86021875639985e-09,-1.06781232811854e-10,5.69478619640197e-16,9.48251416178462e-17,-2.94750146447456e-16,2.401051892751e-08,7.13698037667435e-08,-1.06172039284195e-07,6.43943394425953e-08,3.2206871829215e-08,6.84485746649283e-08,-2.07655113630932e-07,2.68069124039733e-16,-4.94461931162113e-08,1.86913744653253e-07,-5.80821613366624e-16,-8.48521088461377e-17,-1.13392054716082e-07,-9.59462627372076e-12,-0.000335839039780886,7.15344242847604e-08,1.01089448578305e-06,-7.92991829328686e-09,-1.07823400290503e-11,-3.09955239686545e-08,4.20434156647425e-17,-2.25497370830437e-07,1.25439480851142e-14,-0.0398073862389209,-3.26445382829704e-15,-2.07828589430202e-07,-3.02420947418758e-07,-2.96538999987777e-09,-3.11038807217012e-08,-9.8481807489262e-08,0.000995855337360586,-1.97738762461221e-08,1.4682962898449e-10,7.68862705771931e-10,2.75789567226566e-10,0.00122769024539182,-3.54569581485174e-09,-3.22749897303086e-09,-3.99437753047378e-10,-0.000113220316744143,3.95405021977759e-16,9.39011525969908e-08,-1.90590087809035e-08,2.3420836242982e-09,-4.02004812954605e-16,3.21332560496881e-10,9.07468027562208e-09,3.29151670427575e-08,-2.08822682211267e-15,-5.57718032896068e-08,-4.35746127794854e-09,-3.9575889421301e-16,-5.80549029189493e-09,6.90526135762927e-07,-3.40233676025948e-16,8.99310869078562e-16,-3.37284887398905e-09,-2.60851899706369e-09,-1.48466287158834e-11,-2.05482829227124e-08,5.40330176898381e-09,1.10136567276289e-08,1.52683507393073e-09,1.82363393270818e-08,-3.01003069727784e-08,-2.29861702588652e-15,4.25120764603851e-10,4.21150459156284e-11,1.15297641346856e-10,1.06803668654344e-08,6.29433588579627e-16,-6.62012581302871e-16,3.46049741711053e-09,1.92070817098576e-15,-2.18032481655483e-16,1.91150905959023e-08,-2.07122057393988e-08,-2.67914952665664e-08,-2.06844630533264e-10,6.20331788091699e-07,1.35794118779521e-08,5.99809796062566e-10,-7.7424199326894e-16,1.15826186784801e-09,5.06123440884192e-11,2.26739539780963e-10,-1.38508099233424e-08,3.78235899638591e-08,2.6624108500358e-15,-1.84791100704695e-16,-1.8244062680411e-15,-9.55010232045437e-11,3.47208259878883e-10,3.36382937028648e-10,-2.4671928823844e-16,8.70683998156189e-10,-1.43457634216758e-14,-2.74345589549966e-16,-1.0635150032813e-07,2.36785490728492e-09,8.65193333643433e-16,7.56609046017149e-09,3.1370750832821e-08,-4.27216447056674e-10,-1.80649836085847e-08,-2.89238018055299e-15,-6.85028996286417e-09,1.43251725890981e-15,-7.05844413904332e-09,-6.26528167310633e-08,-1.62042359679854e-08,-2.28552542786168e-09,-1.7194393398869e-08,6.85470814360884e-06,-6.53697686486611e-08,-1.28758289594892e-14,-2.2738192187529e-05,1.75935798118017e-06,3.48255623603218e-13,0.894863595785911,-3.95942742665248e-07,2.60386893478973e-06,-5.42602597493965e-15,6.78963425319974e-08,5.6567977227462e-07,-8.63882255183212e-15,-1.82419221557468e-07,-3.84431610903766e-08,-1.19132077536396e-08,1.03049538878253e-15,-4.79671733429951e-15,2.37620649324461e-08,6.71300671520123e-09,5.35022898874036e-10,-6.09072975744998e-08,3.00397751173924e-09,2.82478560289338e-15,-1.2803984194606e-15,1.07682452347302e-08,7.40606845294248e-11,-6.59099273193172e-16,2.52319623074493e-08,7.57835820971846e-16,8.82061088106557e-08,-4.55812733970954e-09,-2.65752288870779e-09,-1.74719427329057e-08,4.93883169511672e-16,4.893178311357e-16,3.03541778835803e-15,9.78278400544503e-16,-9.10806329614897e-09,-2.35394380110976e-07,5.04929576503637e-16,-1.54328767486847e-16,6.49518818407091e-16,4.35231853554508e-08,2.90803675520578e-09,-2.10101596564756e-08,1.33077459538648e-16,1.94817577868489e-15,-1.42415376366833e-15,-1.23506624043814e-07,2.616720144919e-08,-5.03609739812842e-16,3.37377679433954e-08,-1.17156416670876e-07,3.27513658070878e-16,-9.71001285610983e-16,-1.15180994281664e-08,-1.17876473656242e-10,-5.65436635959088e-09,6.14124129299656e-16,6.28307412916886e-09,9.09087999202536e-09,9.67107665977087e-09,-8.72122811834281e-09,-3.0981134490229e-08,1.96481855832448e-08,-5.27625936905101e-16,-2.32119240726672e-16,6.62026211150149e-16,0.000174423807457048,-3.22817541203505e-08,-2.30961199912188e-09,-1.8332336092017e-09,-1.95345354053524e-15,1.8168308952719e-16,1.06929194666225e-15,-2.92547475250733e-16,-1.0889084721397e-15,5.98780066390804e-08,-4.8367529530625e-17,-1.60182818327029e-16,-1.39433604063181e-09,-3.43179956475417e-16,-1.24787366666579e-09,1.61830776636073e-16,-1.54646732311918e-09,5.67645915664639e-16,-1.85923373982408e-09,-2.32332632111832e-10,-1.09300937425008e-06,2.25552908838603e-16,7.40940213437926e-09,1.23272339604155e-16,1.04495338272106e-08,-1.2618884036632e-07,1.00878145536718e-10,-7.77184804381997e-16,1.46755399274692e-08,1.5525491456792e-16,-3.59162359933809e-09,-2.02684318592985e-08,-1.26314524023518e-16,-3.43504036186213e-16,5.26116595981264e-16,-4.13541356349695e-17,-6.78208933498331e-11,-8.82462008905963e-10,-1.96875673963303e-10,4.38001283534451e-16,-1.83060449009091e-16,-1.45122287935563e-08,4.26526626827895e-06,-2.55653848174175e-16,-7.24157759275654e-17,-8.88001142826614e-10,-4.17242705862026e-16,-6.28824273616445e-09,-2.29132573765173e-16,5.92667437807811e-08,-7.64812995273442e-16,-3.98234216388725e-16,1.89355286072212e-16,-1.52121762150466e-16,-8.52161496788977e-17,-3.24522052043568e-15,2.41059495492399e-05,-8.03713611228941e-05,-1.4324612434815e-17,-5.17289331641626e-09,1.9723425672178e-08,-8.60364704345076e-16,1.38524124098311e-16,1.0270837125286e-15,1.42084187532499e-15,1.94654210496074e-09,3.11201478182425e-10,1.30417496507083e-16,-8.79395997444958e-17,-3.53242360919609e-09,-1.26001148530092e-08,-1.31840475336846e-09,6.14334408107233e-16,-5.27055048270591e-17,-2.21526594656161e-16,-3.65343535197749e-16,8.17118890408615e-16,-6.48968780613393e-17,7.41296624560049e-09,-7.00866460117458e-09,-1.34714343983548e-09,-1.50579426512231e-16,-3.3585575583017e-16,2.20920078309708e-16,-1.75029832331751e-16,-2.44054814209202e-17,6.79094210824158e-16,1.95058452117993e-16,8.03919360222169e-18,-6.37651764871121e-17,-7.02138871065651e-17,5.85746936023314e-18,4.917097163456e-16,-2.45773761644033e-16,-9.00391101460742e-17,3.78765238318441e-08,1.09674945606479e-16,-6.87477357152368e-16,-1.91744643459946e-16,7.17640036920896e-08,-1.25078432075159e-10,-9.64549548279086e-17,-6.45178686791504e-06,6.54848487732168e-08,1.39735507382388e-16,-2.88835700789417e-16,-1.8252556699825e-08,-1.3206819446238e-16,1.60790791419138e-09,-6.07417301173642e-17,-8.77300389926876e-17,-1.678456108475e-16,-3.09893845998386e-16,2.27229867235261e-10,-3.11989476378674e-08,1.41253161386183e-16,-2.05387640959972e-16,-1.11005375412314e-16,-9.56204650447022e-16,6.25476233306888e-16,6.42116340905677e-17,3.58560587314956e-16,-2.06176144742381e-16,1.92187737520551e-08,-9.19605864713305e-17,1.76289140429805e-16,-2.13449010260324e-18,3.11479238354488e-16,3.74616617039123e-16,-1.22339467389671e-15,-7.35004494736684e-09,4.13848215305098e-17,2.1849428993531e-16,5.4789339839136e-09,7.60797805489239e-17,6.47240846695769e-16,-3.2015924179732e-16,9.66265483160872e-17,3.15053026432979e-08,1.07779705713619e-17,-3.36896599338498e-09,-8.53885781918379e-17,-3.26998070764465e-17,2.9786827459141e-16,8.91893929723256e-16,2.09170853381035e-16,8.51244291404849e-17,1.22155868377576e-10,2.89253660241631e-17,-7.85345475586193e-17,0.00066011999206063,-1.27933120994617e-08,8.06862014619178e-17,1.04962054638285e-08,1.54004785207974e-09,-6.99861721802274e-17,6.93823109407071e-17,4.79001877261841e-17,7.2575605595402e-17,5.97193417665081e-17,-2.59363247584115e-09,1.29694222950806e-16,4.94840077595108e-16,-1.68171052323588e-16,1.03801942385882e-09,3.50716130242301e-17,-2.43692143228219e-17,-1.62846008164264e-16,2.28975313484407e-16,-4.72688212260082e-10,-6.39886021974418e-17,9.81381530657133e-10,-8.10882812598154e-17,6.05473489516129e-16,-4.72319096766472e-16,-1.18348101130168e-16,7.03748493494516e-17,2.67530110908402e-16,-1.2688141736341e-16,-2.2010882988027e-08,-6.1661168081942e-16,1.69765882919875e-16,7.1487042973412e-09,-8.15741593305026e-17,6.14922675060042e-16,2.09145688816088e-16,3.2060953569365e-16,-2.16507338861934e-16,1.12750128937136e-16,-7.50401269605832e-09,1.69135373398781e-17,-6.93182245213345e-17,1.54132383310703e-08,1.8568676386338e-16,-5.89565682754604e-16,7.54295546581176e-17,3.69737071907819e-16,-3.52461702596903e-16,-5.41481537538405e-16,3.93150968880844e-17,2.18923113384651e-16,-2.85392968941782e-16,1.11123211883719e-16,-1.30526374102445e-16,-8.07614820561287e-09,3.46507250947407e-08,-1.57287356506783e-16,2.53319732177565e-16,-1.36575955986635e-16,-2.7962975896622e-16,-2.35922392732846e-16,-1.14260205037949e-16,6.98836677298066e-18,-7.03466554583782e-17,-3.3610498420375e-10,-1.40016535652041e-16,1.14521294688038e-17,2.29042840493353e-16,1.44115838561765e-17,4.30177739851973e-10,-1.54295302796499e-17,-6.22178403022339e-05,9.79917809871654e-17,4.73017372163249e-16,9.32920008054661e-17,1.34800307610902e-16,-9.47359596339756e-17,1.28634412261105e-16,-1.61998226569275e-16,2.45026978292173e-16,-5.24278483301347e-16,-9.40664276745424e-18,-2.88644819625516e-16,1.26149850587497e-16,1.79160185967849e-16,-1.09450517366493e-16,-3.69893478811579e-16,-3.45061181073413e-16,1.87783586108086e-16,-2.66709215835445e-17,1.2863550929802e-16,-1.43155965292591e-17,5.64218810561457e-16,-2.74238901793771e-17,-6.773861772062e-16,1.03980492064948e-16,-9.16363411306564e-18,3.23993994402536e-11,2.26330870929494e-17,2.30401359637987e-16,-5.82244181856471e-17,-2.21982384265533e-16,7.34524038915293e-17,-6.3274995479584e-18,1.05395202298514e-16,-6.92930190643002e-17,1.12635639188945e-16,1.16665685876397e-16,2.59883260744775e-16,1.21863247026024e-16,1.97697088546492e-16,9.44447874918309e-17,-1.078422575065e-16,-7.57565226658634e-17,-9.87817055027867e-17,-4.16813760381898e-10,-5.2574486295618e-18,2.39351725829464e-16,1.11533130956327e-16,-5.22225422464104e-17,3.75276319565957e-16,3.34138757935988e-16,2.10522507065144e-16,3.35039233557697e-16,1.3302039224128e-18,8.82967892355798e-11,1.72256897936422e-15,-1.30574887656166e-16,-2.66153657291646e-17,2.047619265922e-17,-1.48784019980611e-16,-2.1562696095938e-16,8.97639047871957e-17,-2.0386960351243e-16,-2.67430763238964e-16,2.54828265898495e-16,4.25816240179173e-17,3.46992431662395e-18,-1.53280442440227e-16,4.45480757093242e-10,1.89058492130122e-16,-6.52441244197256e-17,-1.01734250639785e-16,-1.81495443674073e-16,-1.34098372438236e-09,3.91579486353424e-17,-1.30555398890579e-16,1.65604772313164e-16,-4.38191590973614e-16,-5.27255475222728e-17,-2.63213560293736e-16,4.13619760807235e-16,4.33563428654793e-17,-7.09130048600357e-17,-3.36064935996118e-16,1.9555907446088e-16,2.09263541532744e-16,-3.43837218098908e-16,6.94434359456508e-16,-6.4472827617098e-18,2.42764820649274e-16,2.36405631653473e-17
"t620",-0.0449970598985898,0.0426892268322076,-0.0703605300595129,0.0350932899131667,0.0106816765794091,-0.00572193564483505,0.0380649247366892,-0.0880347689601152,5.35446903961008e-05,-0.000327545909441211,-0.000195981252812196,0.0114686658429037,-0.019101809353741,0.00277375530587254,-0.000684886939775413,-0.0989312087688472,0.00225518743456476,-0.00462577370599679,0.000309886268289709,-0.000109901508337815,0.00931225702002541,0.0387440341436554,6.2012942267635e-05,-0.000362317378095261,5.27568299703127e-05,-1.80407618980588e-05,2.01595605025812e-05,-1.74091289479152e-05,0.000209916597843364,0.00029892252502592,-1.15637877068203e-06,2.25504139899069e-06,-0.000837097390858033,2.27185621613431e-06,-1.37818695888539e-06,-2.42957650484987e-06,-9.81394415640398e-05,7.11146584948816e-07,5.82820972157154e-06,1.63117994234275e-06,8.86808130793945e-05,-1.20365568336292e-05,0.000106068750054054,-1.24668833314994e-05,0.00287335286583199,-7.42217665088169e-06,1.07685564376955e-05,-0.00022488739904827,2.07355766946565e-05,-5.1050264346833e-05,0.000590294026658012,-8.84184891119981e-05,1.37284314561135e-07,-0.137891149450757,-6.65212989611564e-06,5.88525338459407e-05,-2.92358330630815e-07,1.0380895581671e-05,-3.21214515032635e-06,-7.43557811628231e-05,-4.60178719616382e-06,6.74787917339147e-07,-2.53576537423945e-05,1.39237385002142e-05,-1.21023216552765e-06,3.26698892425316e-05,-2.60390608225981e-07,1.018834427347e-05,-2.91985389972829e-05,1.24903026355989e-05,-1.65924816809495e-05,0.00337426316337871,-5.47730857129258e-06,-0.000612549206923687,0.000306114157095256,1.39632628286835e-06,-0.0388325755575643,-3.88170777921743e-05,4.20119255031482e-05,3.87329691324012e-05,-8.46098249218119e-06,-0.000120610711408822,1.17659168647248e-05,7.16775468498495e-05,-5.36269588861123e-06,-0.00122753714806056,0.000849328243266755,1.7856623853916e-05,7.66793437577212e-06,-0.012036036721972,-1.43407109184972e-05,-0.00596739247951278,1.112344692265e-06,-2.50469211901173e-05,-2.15288791345977e-09,-3.35778818893971e-06,7.60765297392386e-08,2.51120529212365e-08,5.40069808879838e-08,2.68438049882843e-08,-5.9674654281047e-10,6.91115712912198e-10,-3.28686197219119e-09,3.48186529033797e-08,-1.6460371387782e-08,1.96623245932179e-07,-1.03175809841296e-06,2.81075442581772e-07,-1.7155017790979e-07,2.0314406770362e-06,1.98242643454556e-07,5.32421291439351e-07,-1.18935416503147e-06,1.37690518584807e-06,-5.63238860748394e-09,2.40663862617475e-07,-3.72162062103476e-07,4.49000757688179e-07,-5.19586830270863e-07,1.43566654562238e-06,-7.52557570070958e-06,2.13997435490267e-06,-7.87251308883038e-06,-2.66158083944978e-05,0.00644547898707895,1.55085676567052e-07,1.06109552679683e-05,-1.70785582113961e-07,6.4392300690713e-07,2.13125918329975e-05,-3.63138933458392e-07,2.51179886312669e-06,-3.12776067542826e-06,-6.45150343496197e-07,2.08748941761285e-06,1.22409025070776e-06,-9.49077924941806e-09,-8.84019709833312e-06,7.43153892747138e-06,-2.26131713072499e-05,-2.26225569485092e-06,-0.000125095044349171,8.55953141813003e-05,0.000407554984199488,0.24485982464507,1.41790675961251e-07,1.85487093825392e-06,-1.34690575282795e-07,-7.51842012388344e-09,1.80535309698657e-08,7.57639741621938e-05,4.41962051017741e-08,6.98860200536165e-06,-3.04482383826724e-07,2.59489811995391e-08,1.5699880082462e-09,-1.65993462017474e-08,-5.64100476912202e-06,-3.25472061401043e-08,-1.10962132959102e-08,-6.24499971108388e-06,1.25046669388241e-07,-8.22375302157104e-08,-1.10735335876672e-05,1.54876314479546e-06,-6.69554999847746e-06,2.40972216282173e-06,4.33314170014749e-08,2.18365712504038e-06,3.6590926749187e-06,-6.26256241156512e-05,-1.58129727923609e-05,0.332217156391992,-1.45925095662458e-06,-7.73940583841032e-06,-1.47537889372294e-07,-5.40833677125794e-07,1.53472024689967e-06,7.1003690881674e-07,0.000107442394605251,-4.92292330938234e-06,-1.27719855635405e-05,2.92889148966565e-07,8.76962550915263e-09,3.15728892624055e-08,4.59721427250159e-08,8.89560482836079e-07,-1.55509220990376e-07,-7.00886977487725e-07,3.28208354476473e-05,6.62617199789744e-09,-7.16649372602025e-09,-2.167695412738e-08,-1.51918715015285e-10,-8.09168527950459e-10,-4.36230155468084e-09,-1.14090128394051e-08,-0.000360289152472827,-4.91571720752783e-10,4.95556530534014e-09,5.07041464467709e-09,1.02325208725254e-06,-1.94269087899709e-10,-3.44883045737947e-07,-7.55672554120529e-08,-3.52985658560011e-06,6.75062307831698e-08,0.000141274367843906,-2.56877106501507e-07,-1.43065840194401e-08,-1.54576141702144e-06,3.57108382592623e-06,-1.00329346302307e-05,-1.67540700306562e-07,-8.90191100058106e-07,-1.25720788715761e-07,1.54337411477811e-06,1.71935072232775e-08,-3.37009555960487e-08,-1.76065075230719e-07,-9.76974744832781e-07,1.10324713488601e-05,3.26445444247159e-07,1.08830296680311e-06,-2.97387025229653e-07,-1.54278133684708e-07,-1.63354394885574e-06,-1.22556046621611e-07,-2.02963652702602e-07,-1.72590032610558e-07,4.92847080949926e-06,8.01333978318817e-07,6.43794774029746e-08,1.08804005735023e-07,-6.39196505022428e-09,-8.69218478057629e-07,-6.62762414824874e-07,1.94664569518033e-16,-1.70725961321993e-07,0.000308251164435242,-2.59678736088113e-07,-8.44958727256565e-06,-1.48954844479522e-06,1.40821098589333e-05,-1.9523631965002e-06,0.0162842834778334,3.5145585699014e-07,-3.89745611806156e-09,3.94226669475433e-06,-3.41015167098481e-06,9.05467397545632e-08,-1.16520865493791e-05,4.10722519721755e-07,-0.0612661219910374,-4.27571763314104e-09,-3.30891824211192e-08,3.20328408264285e-08,-3.49073324971036e-06,-1.00938080341046e-08,1.48914018611415e-09,-1.90175669585926e-08,2.89619586851944e-09,-2.30269027883834e-07,5.68002336457171e-08,2.37191973568829e-10,-1.10682380257576e-10,8.43951634403727e-10,6.07482175225081e-08,-1.41396469600913e-07,1.10843220995642e-09,4.68934715927553e-10,-1.18908318068143e-09,1.05685294918062e-07,-1.76530687443359e-05,4.4795763049054e-08,-6.56186430671428e-07,4.16692584260549e-06,-4.02655883774492e-08,1.03208878834981e-07,-3.86015563390429e-08,2.13462178991734e-08,2.89916262110827e-16,-5.56338632443492e-08,-1.91920739587427e-09,-1.82440725701343e-11,-1.65739390395068e-07,3.05156010963033e-09,-1.92129219451753e-09,-3.46617800437033e-07,4.28430231639523e-08,-4.49012608192043e-08,1.17775782625635e-07,4.41141214182262e-09,-4.16967331900886e-09,5.43935483188284e-08,-6.62782048838147e-08,1.5111957912118e-06,-3.51771095992493e-08,1.5815029113539e-05,1.73882393952705e-09,9.76754215558097e-09,9.0241526096661e-08,-7.94894158342891e-07,1.88837805088339e-08,-7.28805365851319e-08,9.89474805228357e-08,-3.60008847190206e-07,2.31950825833737e-08,2.09885807818158e-08,1.60499440050728e-07,-2.70560794937964e-07,-2.18772599835316e-08,1.79505588659957e-07,-1.18181449303058e-07,2.92868471867231e-09,2.73684457904061e-08,-5.36445817710615e-08,-3.8300349721814e-17,1.71829069069868e-10,7.28900130248014e-07,-5.53808183946969e-06,4.83673479543286e-08,4.35756508233893e-08,1.28338788261468e-08,2.99471730898862e-08,-4.40789289971919e-07,1.6573511924585e-07,2.68749386354444e-16,-1.30365593398045e-07,-1.59439422571932e-09,-4.48868862629293e-09,1.49442231279176e-07,3.43639717425726e-08,-2.3418961400779e-09,-9.08268596501403e-08,2.44518857620097e-08,-8.27794914625971e-07,1.60042319967416e-07,-3.29722212138279e-08,-6.01148645668776e-08,-3.19505245025698e-09,-2.60957855663846e-07,-6.08124902803208e-08,2.56635231152424e-07,-6.6782941427607e-08,2.05913330356425e-16,-1.06966960472443e-05,4.273957519538e-06,2.99115342624004e-09,2.20251482508851e-07,-1.37037843952884e-07,-3.04901283234041e-07,1.09863571827517e-06,-4.00913221333168e-06,-2.83679347378473e-08,-3.17714296486968e-16,-5.3518564146304e-08,-1.49583874213622e-07,-7.10724946919595e-08,6.52196986316211e-16,1.41601284386137e-07,1.87434318221765e-06,-2.88165067033453e-07,-1.20148942889662e-07,-4.13888599211267e-08,-2.27627940243755e-08,-8.33547826870558e-07,2.53295724183958e-08,2.72469898277524e-07,8.64527961606477e-08,7.61627968852619e-08,5.83558679467583e-06,6.3329155563306e-16,-0.0256638885046893,-4.21125103990122e-07,-5.76702683584038e-07,7.56707145308822e-09,-4.09465007036909e-16,-1.8064110999543e-08,2.90525931534251e-06,-1.34874727561408e-08,-1.24089433602546e-08,-3.25587243794372e-08,1.92118576195086e-06,-5.22282069575875e-07,8.40557000405166e-08,-8.9038510214172e-16,3.47383949112658e-07,-1.72530276374831e-05,1.31055724842962e-06,4.53530200096221e-07,-4.62211094452431e-08,-3.13634215921728e-10,2.5951463200613e-15,7.93814663972426e-17,-3.27679219233207e-10,-3.66396186559413e-05,0.00680330673491563,-5.21946055361695e-08,-1.88982916111839e-16,-2.88011829345297e-08,-3.57324531425735e-10,1.18283314392019e-15,5.19701376361451e-16,-6.35437362651663e-16,8.87290371737423e-08,2.67373419553162e-07,-4.17829274171177e-07,2.64930998975184e-07,1.33220125627e-07,2.97882501000159e-07,-9.09209141936204e-07,-2.28445806381014e-16,-2.42958326509739e-07,9.60692405119077e-07,1.50393142838287e-15,1.26549091436752e-15,-7.15600681266055e-07,-6.41690190374419e-11,-0.00244520094661365,5.54126587589418e-07,8.94225036650375e-06,-7.18123340069694e-08,-9.87545178211252e-11,-2.90143925928578e-07,3.48858416218188e-15,-2.33961947060923e-06,1.46878223559327e-13,-0.44927880022489,-3.61530182715378e-14,-2.64403307307427e-06,-3.94978039861997e-06,-6.0339728557962e-08,-7.20264463488255e-07,-2.42081098620518e-06,0.0335247290544474,-9.85762110236462e-07,-5.29958206766736e-08,-2.58363377272852e-07,-2.72509394091043e-08,-0.0525525798842643,8.56205680896566e-08,5.67306397874836e-08,5.76604940801473e-09,0.00150094436560354,1.61629964725297e-15,-9.90640849353855e-07,1.67420724526435e-07,-1.37645717569437e-08,-3.50238678323214e-16,-1.71698139908219e-09,-4.25194232769288e-08,-1.46369896600584e-07,1.59493440035545e-15,2.41616727469015e-07,1.70993945727436e-08,4.35066720846599e-17,2.17526729299529e-08,-2.01348852392042e-06,-1.92510000633113e-16,3.15703440088541e-16,9.00601258246077e-09,6.91186394139898e-09,3.7963927592935e-11,5.04479656528511e-08,-1.21365825901616e-08,-2.45536505691008e-08,-3.36819378107384e-09,-3.59909321182442e-08,5.44747912625792e-08,4.35632432904676e-16,-7.45209483802496e-10,-7.34248828938403e-11,-1.97233219518565e-10,-1.78608684013475e-08,-6.88376090359407e-16,-1.87346485523624e-16,-5.61199574974579e-09,1.96690110965674e-16,4.9427999531268e-16,-2.57436161186943e-08,2.70420141669073e-08,3.49564873374265e-08,2.52399392087872e-10,-7.50179730324896e-07,-1.63903587491393e-08,-7.15064748532571e-10,5.57507654737976e-16,-1.2126452215845e-09,-5.1556441141035e-11,-2.28900242012214e-10,1.33699401415256e-08,-3.36550590518294e-08,-6.27645020466882e-16,6.76853857693101e-17,2.43339361460641e-16,7.55896610667798e-11,-2.61231502087153e-10,-2.52107524253318e-10,-1.00062860737021e-16,-6.21256356555388e-10,5.59468202878485e-15,4.66770628188644e-16,6.09030313404007e-08,-1.35215715642875e-09,6.93889390390723e-16,-4.08763742734232e-09,-1.64041120055482e-08,2.20638542088794e-10,8.82796469255522e-09,1.37081021177635e-15,3.07943235579124e-09,-1.32549174789768e-17,3.1489258649044e-09,2.7785888703514e-08,7.13842463984493e-09,9.9745847768283e-10,7.34677035096202e-09,-2.70052312877051e-06,2.28834733618771e-08,3.80623823996402e-15,6.80394268300848e-06,-5.17314407283079e-07,-1.00430508763093e-13,-0.256992916202023,1.0884451605892e-07,-6.87495346683841e-07,1.43374829755223e-15,-1.55034346898075e-08,-1.25306136738549e-07,2.74934243158808e-15,3.87749699248004e-08,8.00357021464743e-09,2.29031584715099e-09,-9.56204955691834e-17,1.29372360221428e-15,-3.71111844006312e-09,-9.49654376359453e-10,-7.40970269061297e-11,4.80151597341025e-09,-2.09426141700837e-10,-8.29288882898913e-16,4.79346504876737e-16,-6.83952231419954e-10,-4.64721522340982e-12,7.49900129434305e-16,-1.32352319676697e-09,-5.22023176986753e-16,-3.76718048784801e-09,1.35077653492426e-10,7.63193124147377e-11,4.39113149332614e-10,2.95993549344351e-16,2.20983351568094e-16,-4.45654245450481e-16,6.95029168091495e-17,-5.49786080661865e-11,-2.00332198446074e-09,-3.73717092981918e-16,2.91894954635951e-16,-1.18523254544161e-16,7.55428275984445e-10,6.1473600451794e-11,-6.57102533835304e-10,-2.73529908495667e-16,-6.26180964719003e-16,1.89654065022027e-15,-7.9316845429366e-09,1.70912603965418e-09,3.96824914274283e-16,2.61641255461293e-09,-9.65373824926892e-09,2.10144097865128e-16,-7.81625870442471e-17,-1.07859382754966e-09,-1.11434643998333e-11,-5.71126599608209e-10,-1.13438423827394e-15,7.01393425204877e-10,1.06714732017907e-09,1.21168343226832e-09,-1.18492476976661e-09,-4.29595645202321e-09,2.8265007634717e-09,2.26794384752731e-16,3.84737799538333e-16,4.0663756730152e-17,3.00569110620472e-05,-5.57646290342064e-09,-4.07040400680552e-10,-3.54678336971622e-10,-7.08670608968788e-16,4.12999429206834e-16,3.68887123638588e-16,4.49099589218077e-16,1.52752934807942e-15,1.26222008801893e-08,-6.86113460897223e-16,-1.30915012493312e-16,-3.03126067475794e-10,4.08215927196352e-16,-2.71719142910788e-10,-2.98206310570274e-16,-3.37645001959114e-10,1.38937309348082e-16,-4.26732147878852e-10,-5.39306855242604e-11,-2.58073721542971e-07,1.07721011823732e-16,1.78531202771264e-09,-2.92106513357969e-17,2.62663074808942e-09,-3.33815979331993e-08,2.6743541971016e-11,-9.23035833460124e-16,3.96683518302086e-09,-6.59911096590797e-16,-9.99900571286529e-10,-5.65065167448293e-09,3.47356300872797e-16,1.20841541672646e-16,-2.45926127347173e-16,4.10897925551148e-16,-1.93522218568576e-11,-2.5331367213874e-10,-5.69031816061353e-11,-1.41409572400831e-16,-5.2245940008113e-16,-4.32999709830289e-09,1.27436955557614e-06,4.33177558220714e-16,-5.78187158524835e-16,-2.7535629505862e-10,2.59697258828128e-16,-1.96478931964994e-09,5.83773539848817e-16,1.89197823504613e-08,-7.70450035485383e-16,2.24997499103529e-16,1.49348198923226e-16,-2.5300572178429e-16,-3.83669901176591e-17,-7.77176255198171e-16,8.01779720544103e-06,-2.67458437898692e-05,-5.25232229543927e-16,-1.74495915018993e-09,6.69042911775608e-09,1.238787540709e-16,1.04562235773647e-16,6.47278421704864e-17,3.38632228532713e-16,6.75877522813877e-10,1.08629086752598e-10,-4.55781589055276e-16,-1.36210097800585e-16,-1.24024421916307e-09,-4.42727096644746e-09,-4.64420789757925e-10,2.85168289374842e-16,-7.52375402487977e-16,-1.20356290903501e-16,3.32673503381411e-16,-2.97682640273983e-17,-3.56818609380598e-16,2.71637048547233e-09,-2.57730613210346e-09,-4.97115046904584e-10,-5.42341771832321e-16,7.2558515712204e-16,-8.28292857448291e-18,4.73143925727209e-16,1.17999430928428e-15,3.20337427976541e-17,-5.94742403654399e-16,4.69669151652557e-17,1.31541198616583e-16,5.05859925045058e-17,6.15799097801935e-16,-1.28482661550647e-16,-4.8422668427852e-16,-6.55987314915849e-16,1.47692036920326e-08,-1.28759098330308e-16,8.52447934217742e-16,-6.83627899061776e-17,2.81752716918559e-08,-4.91843313876883e-11,1.40292202104613e-15,-2.53946538580312e-06,2.59883168021456e-08,-3.60701047493209e-16,-9.21719532885924e-16,-7.31685702976551e-09,-6.16244255187147e-16,6.52342738033052e-10,-7.16425097743234e-16,3.57462506528713e-16,-7.96092549853683e-16,-1.69610021990336e-16,9.38902446257524e-11,-1.29068622747231e-08,-1.56610659140106e-15,1.18024711692324e-15,7.14286161429143e-16,-1.35429866764829e-15,-2.59948312875125e-15,-5.31240012885116e-16,-4.05602581096086e-17,-7.56423486033916e-17,8.42917180767738e-09,5.92255749387882e-16,2.88574456560176e-16,1.22544621003462e-15,-2.41704363994923e-16,1.50846056548657e-15,-1.65641637405642e-15,-3.26130276420808e-09,-8.08673217094866e-17,1.29588316430762e-16,2.43618893668488e-09,7.49593557352267e-16,-1.38371317061705e-15,-9.40528243130932e-16,-2.18165174034868e-15,1.43480073386162e-08,4.89556761944818e-16,-1.54065156386871e-09,-4.47577008050507e-15,1.20371583418048e-15,-7.69145186372785e-15,-1.73753604887816e-15,1.36401424396191e-15,-8.49874961004357e-15,5.63322828251631e-11,1.09990875313797e-15,4.18949863918917e-15,0.000306319540113446,-5.93842211338628e-09,1.44139215770594e-15,4.89817230414303e-09,7.19860407953465e-10,7.77716664961909e-17,5.68886818604374e-15,3.79048021059607e-15,-7.72832306420207e-15,1.93156869719351e-14,-1.24156081692748e-09,4.29878399180298e-13,0.707106781186548,2.35114142841779e-14,4.99805963407895e-10,-4.54552910300092e-14,1.85055754115739e-14,-3.64443736330881e-15,-5.11120045675622e-15,-2.29354518485208e-10,1.35631125367524e-15,4.77269483878458e-10,-1.23970186153702e-14,2.56520009962622e-14,-2.10524095440993e-15,2.14762789361008e-15,-6.14862541821242e-15,1.53512391527169e-15,3.34536407256175e-15,-1.08349902933499e-08,9.90785125254633e-16,-1.40616218628782e-16,3.5293861238889e-09,3.60276935477988e-15,-1.06542474790499e-15,-5.40060884479827e-17,2.15783593755662e-15,-5.38669578360362e-15,-6.72626719623077e-16,-3.73874192582098e-09,-3.03268754539205e-15,-2.17657657345334e-15,7.71025931111357e-09,-2.81438997260121e-15,2.86783904309645e-15,-1.05293481636162e-15,1.3974997163633e-15,2.49263609563504e-15,-7.1985940388182e-17,-7.23335566532032e-16,-2.07317749510382e-15,-7.02948576775848e-16,-2.39802786141248e-15,-5.72727654030375e-17,-4.09881775675414e-09,1.76159053022979e-08,2.20949831365475e-15,-1.4364042078333e-15,1.86470951301804e-15,3.04571944869207e-15,5.73304424766885e-15,7.31429409251952e-17,1.3927895437231e-17,4.95026568721688e-18,-1.72372298638877e-10,-1.26511206094966e-15,-6.78179837796465e-16,1.14114207245061e-15,1.20756656858075e-15,2.22228505725216e-10,-1.6124085509056e-15,-3.24003489035897e-05,6.30480533749611e-17,3.3939969996353e-16,-7.60231172016174e-16,6.18911414948735e-17,-1.91389010564842e-16,8.65604973799209e-16,5.29804495492965e-16,-2.97575174114088e-15,-7.33181489573094e-17,-1.24816661952944e-15,-2.16127089870727e-16,1.06494550392063e-15,-4.82656700632606e-16,-2.4812781656413e-16,2.1630442254416e-17,-9.12764335854386e-16,-4.39774316901356e-16,-1.14301943066359e-15,3.88123905067124e-16,3.1589763266447e-16,-7.48750020318489e-16,5.45157274212169e-16,-8.24091165221546e-16,2.05297871840044e-16,-1.73934335385449e-16,1.73521206376681e-11,8.96639225788706e-16,-3.46700750111366e-15,-1.60071450787812e-16,-2.00685612051812e-16,6.17035870656263e-16,-2.39730608626802e-16,1.03191815506836e-16,-6.70794369735848e-17,-2.99158907489128e-16,5.25708146737746e-16,-2.23345647532014e-16,6.04946244810633e-16,-8.919710224464e-17,-1.94793049834305e-16,-1.97951912369856e-16,4.68230780642181e-17,4.36766697666046e-16,-2.27228870854314e-10,-2.94255211906408e-16,9.6418202462191e-16,-2.6142339870897e-16,-3.57603849193596e-16,1.45925439980855e-16,8.36876283649752e-17,-7.3747699448551e-16,1.02481182865461e-16,-3.97468400357016e-17,4.89759658478974e-11,1.9174143031217e-15,-1.90364164503169e-17,-2.01384438547596e-16,-2.62795038256969e-16,-1.77531763250467e-16,1.00207971727302e-16,1.24470055522123e-16,-1.57846967488803e-16,-3.26235446682154e-16,-6.79752959900149e-16,5.58471271586216e-16,2.97075983768572e-16,-3.94148990157629e-17,2.51202506065111e-10,-3.23475604524908e-16,-3.03133692171838e-16,-2.07256168414236e-17,3.43475248243408e-16,-7.6177123174984e-10,2.17751847393739e-16,-3.47580878804107e-16,8.53680049899614e-17,1.82067395186559e-15,4.19456853842561e-16,2.46918099757066e-16,-5.98641615911463e-16,-9.7582675690689e-17,-1.457791180615e-16,-2.54197899704378e-16,-1.36255931733315e-16,7.83768004438638e-17,-4.10044589556598e-16,-8.03743882151955e-17,4.47536202746806e-16,2.46440046342601e-16,-6.32015951557287e-16
"t902",-0.0449970598985898,0.0426892268322076,-0.0703605300595129,0.0350932899131667,0.0106816765794091,-0.00572193564483505,0.0380649247366892,-0.0880347689601153,5.35446903960801e-05,-0.000327545909441193,-0.000195981252812198,0.0114686658429037,-0.019101809353741,0.00277375530587253,-0.000684886939775401,-0.0989312087688471,0.00225518743456476,-0.00462577370599677,0.0003098862682897,-0.000109901508337805,0.00931225702002541,0.0387440341436554,6.20129422673448e-05,-0.000362317378095426,5.27568299697385e-05,-1.80407618980598e-05,2.01595605029497e-05,-1.74091289475898e-05,0.000209916597843359,0.000298922525025931,-1.1563787706821e-06,2.25504139859529e-06,-0.000837097390858072,2.27185621607894e-06,-1.3781869585801e-06,-2.42957650482727e-06,-9.81394415640619e-05,7.11146584976365e-07,5.82820972143811e-06,1.63117994222215e-06,8.86808130795309e-05,-1.20365568337127e-05,0.000106068750054041,-1.24668833313973e-05,0.00287335286583203,-7.42217665093644e-06,1.07685564377008e-05,-0.000224887399048162,2.07355766946135e-05,-5.10502643468924e-05,0.0005902940266585,-8.84184891119969e-05,1.37284314539233e-07,-0.137891149450757,-6.65212989619565e-06,5.88525338459405e-05,-2.92358330663773e-07,1.03808955816437e-05,-3.21214515034019e-06,-7.43557811627968e-05,-4.60178719611465e-06,6.74787917314401e-07,-2.53576537421398e-05,1.39237385003653e-05,-1.21023216565688e-06,3.26698892423513e-05,-2.60390608090893e-07,1.01883442733591e-05,-2.91985389972003e-05,1.24903026355157e-05,-1.65924816809969e-05,0.0033742631633787,-5.47730857133863e-06,-0.000612549206923589,0.000306114157095279,1.39632628303726e-06,-0.0388325755575643,-3.881707779203e-05,4.20119255030699e-05,3.87329691323053e-05,-8.46098249218249e-06,-0.000120610711408762,1.17659168648046e-05,7.16775468498893e-05,-5.36269588881776e-06,-0.0012275371480605,0.000849328243266797,1.78566238538208e-05,7.66793437598973e-06,-0.0120360367219721,-1.43407109184365e-05,-0.00596739247951301,1.11234469235085e-06,-2.50469211900053e-05,-2.15288787673861e-09,-3.35778818906332e-06,7.60765297392102e-08,2.51120524349379e-08,5.4006980759726e-08,2.6843804859068e-08,-5.96746561074142e-10,6.91115606631057e-10,-3.28686197988045e-09,3.48186530096913e-08,-1.64603715057291e-08,1.96623245954075e-07,-1.03175809865353e-06,2.81075442717984e-07,-1.71550177931858e-07,2.03144067711372e-06,1.98242643473499e-07,5.32421291447359e-07,-1.18935416492674e-06,1.37690518577276e-06,-5.63238862566357e-09,2.40663862683064e-07,-3.72162063901134e-07,4.49000756904901e-07,-5.19586830164946e-07,1.43566654566575e-06,-7.52557570068005e-06,2.13997435501119e-06,-7.87251308888196e-06,-2.6615808394388e-05,0.00644547898707909,1.55085676568705e-07,1.06109552674254e-05,-1.70785582208792e-07,6.43923006947473e-07,2.1312591832769e-05,-3.63138933518788e-07,2.51179886315794e-06,-3.12776067545431e-06,-6.45150343565376e-07,2.08748941786007e-06,1.22409025098489e-06,-9.49077935401398e-09,-8.84019709849622e-06,7.43153892742646e-06,-2.26131713071072e-05,-2.26225569481514e-06,-0.00012509504434917,8.55953141810044e-05,0.000407554984199357,0.24485982464507,1.41790676120116e-07,1.85487093821822e-06,-1.34690575155398e-07,-7.51842176974828e-09,1.80535309276582e-08,7.57639741620993e-05,4.41962051590691e-08,6.9886020053129e-06,-3.04482384059904e-07,2.59489810370725e-08,1.56998800039259e-09,-1.65993461421034e-08,-5.6410047692248e-06,-3.25472060047602e-08,-1.10962133834629e-08,-6.24499971108776e-06,1.25046669420936e-07,-8.22375303397926e-08,-1.1073533587697e-05,1.54876314480806e-06,-6.69554999847506e-06,2.40972216284205e-06,4.33314170294456e-08,2.18365712514424e-06,3.65909267500468e-06,-6.26256241158116e-05,-1.58129727922919e-05,0.332217156391993,-1.4592509568282e-06,-7.73940583845326e-06,-1.47537889218368e-07,-5.40833677279155e-07,1.53472024683463e-06,7.1003690888635e-07,0.000107442394604863,-4.92292330916641e-06,-1.27719855634539e-05,2.92889148933067e-07,8.76962586079676e-09,3.15728891408939e-08,4.597214274727e-08,8.89560483062477e-07,-1.55509221110511e-07,-7.00886977861582e-07,3.28208354474544e-05,6.62617208223528e-09,-7.16649344410154e-09,-2.16769542889298e-08,-1.51918704291052e-10,-8.09168435279007e-10,-4.36230139191386e-09,-1.14090131402148e-08,-0.000360289152473076,-4.91571698040071e-10,4.95556535624277e-09,5.07041471447869e-09,1.02325208671986e-06,-1.94269352973355e-10,-3.44883045892081e-07,-7.5567255362821e-08,-3.52985658571069e-06,6.75062305499464e-08,0.000141274367843522,-2.56877106444924e-07,-1.43065841471182e-08,-1.54576141542198e-06,3.57108382638063e-06,-1.00329346303621e-05,-1.67540700256845e-07,-8.90191099919295e-07,-1.25720788784549e-07,1.5433741148379e-06,1.71935069514674e-08,-3.37009556164981e-08,-1.76065075445548e-07,-9.769747448373e-07,1.10324713488076e-05,3.2644544426368e-07,1.08830296683723e-06,-2.97387025451795e-07,-1.54278133706968e-07,-1.63354394882933e-06,-1.22556046732018e-07,-2.02963652170711e-07,-1.72590032522608e-07,4.92847080950944e-06,8.01333978224966e-07,6.43794774638949e-08,1.08804005885417e-07,-6.39196509951099e-09,-8.69218478079407e-07,-6.62762415063277e-07,1.82308325113023e-17,-1.70725961285401e-07,0.0003082511644352,-2.59678736010649e-07,-8.44958727257396e-06,-1.48954844485205e-06,1.40821098585071e-05,-1.95236319665625e-06,0.0162842834778332,3.51455856893063e-07,-3.89745588985247e-09,3.94226669461148e-06,-3.41015167130746e-06,9.05467397058336e-08,-1.16520865494185e-05,4.10722519833515e-07,-0.0612661219910373,-4.27571794007868e-09,-3.3089182290037e-08,3.20328407359348e-08,-3.49073324928827e-06,-1.00938077175677e-08,1.48914027598263e-09,-1.90175668064165e-08,2.89619550536374e-09,-2.30269027968797e-07,5.68002337309161e-08,2.37191814140169e-10,-1.10682266370701e-10,8.43951700199903e-10,6.07482174363755e-08,-1.4139646939605e-07,1.10843233510649e-09,4.68934382382973e-10,-1.18908336736633e-09,1.0568529470765e-07,-1.76530687438506e-05,4.47957630930298e-08,-6.56186430891244e-07,4.16692584255243e-06,-4.02655883930425e-08,1.03208879041504e-07,-3.86015560705137e-08,2.13462177296133e-08,3.75063034283352e-17,-5.56338630552549e-08,-1.91920722608041e-09,-1.82440666056264e-11,-1.65739390452966e-07,3.05156007522791e-09,-1.92129215896629e-09,-3.46617801025136e-07,4.28430231259649e-08,-4.49012604794902e-08,1.17775782737248e-07,4.41141231903844e-09,-4.1696734325545e-09,5.439354833644e-08,-6.62782050240566e-08,1.5111957916277e-06,-3.51771097471112e-08,1.58150291108606e-05,1.73882397829091e-09,9.76754202132823e-09,9.02415260601764e-08,-7.94894158779763e-07,1.88837804759351e-08,-7.28805363580116e-08,9.89474804117383e-08,-3.60008847456566e-07,2.31950824475706e-08,2.09885807236178e-08,1.60499440293426e-07,-2.70560794650866e-07,-2.18772599201056e-08,1.79505588210786e-07,-1.18181449374527e-07,2.92868480800336e-09,2.73684458623631e-08,-5.36445819244183e-08,8.32697430868442e-18,1.71829041822491e-10,7.28900130462926e-07,-5.53808183990012e-06,4.83673482227653e-08,4.35756508072701e-08,1.28338787211457e-08,2.99471733142009e-08,-4.40789290490723e-07,1.65735119185569e-07,3.95712366292542e-16,-1.30365593160208e-07,-1.59439404399994e-09,-4.48868871366225e-09,1.49442231363743e-07,3.43639719604938e-08,-2.3418953961161e-09,-9.08268598234465e-08,2.44518857534639e-08,-8.27794914467634e-07,1.60042320004522e-07,-3.29722214847039e-08,-6.01148646201709e-08,-3.19505266587106e-09,-2.60957855037177e-07,-6.08124906542103e-08,2.56635230965009e-07,-6.67829416060292e-08,3.31775827712736e-17,-1.06966960473018e-05,4.2739575192277e-06,2.99115335383915e-09,2.20251482943616e-07,-1.37037844247872e-07,-3.04901284031368e-07,1.09863571819505e-06,-4.00913221323931e-06,-2.83679349775215e-08,-2.37742831905037e-16,-5.35185638503038e-08,-1.49583874530144e-07,-7.1072494336295e-08,9.47705786930688e-16,1.41601284563454e-07,1.87434318212848e-06,-2.88165067445757e-07,-1.20148943163172e-07,-4.13888597239065e-08,-2.27627939725322e-08,-8.33547826675823e-07,2.53295723856414e-08,2.72469898992359e-07,8.64527959037194e-08,7.61627971327995e-08,5.83558679439688e-06,3.54882474884831e-16,-0.0256638885046909,-4.21125103717416e-07,-5.76702683614161e-07,7.56707167322253e-09,-4.14645126699224e-16,-1.8064111078698e-08,2.90525931769892e-06,-1.34874724333125e-08,-1.2408943546406e-08,-3.25587240183116e-08,1.92118576169158e-06,-5.22282069115071e-07,8.4055700222114e-08,-1.78991261113668e-16,3.47383948537183e-07,-1.72530276381536e-05,1.31055724823289e-06,4.53530200077905e-07,-4.62211091394833e-08,-3.13633359030213e-10,2.11983208764366e-15,1.43016651637659e-16,-3.27679089574335e-10,-3.6639618654682e-05,0.00680330673491326,-5.21946050877661e-08,-4.04551465387596e-16,-2.88011826586242e-08,-3.57324345054561e-10,1.1416685418343e-15,5.29880265188595e-16,-1.29935942130194e-16,8.87290369395396e-08,2.67373419718467e-07,-4.17829274376017e-07,2.64930999007092e-07,1.33220125471024e-07,2.97882500987552e-07,-9.09209142115851e-07,1.82232136714426e-16,-2.4295832650311e-07,9.60692405465206e-07,1.75523248479469e-15,1.60149217239532e-15,-7.15600681351451e-07,-6.41688316440631e-11,-0.00244520094661367,5.54126587849749e-07,8.94225036687522e-06,-7.18123337930962e-08,-9.87528260408455e-11,-2.90143925744454e-07,3.27052295394844e-15,-2.33961947036738e-06,1.47928815464465e-13,-0.449278800224891,-3.62954505995824e-14,-2.64403307308111e-06,-3.94978039895349e-06,-6.03397282662818e-08,-7.202644638523e-07,-2.42081098608963e-06,0.0335247290544488,-9.85762109772819e-07,-5.2995820335452e-08,-2.58363377716766e-07,-2.72509400558344e-08,-0.0525525798842622,8.56205681934433e-08,5.67306401294934e-08,5.76604920211991e-09,0.00150094436560291,1.37273796584605e-15,-9.90640849258308e-07,1.67420724342887e-07,-1.37645711613918e-08,-3.88037042814056e-16,-1.71698113141267e-09,-4.25194235620352e-08,-1.46369896691952e-07,2.66033381133792e-15,2.41616727761104e-07,1.70993945663157e-08,8.19639224051755e-17,2.17526733976509e-08,-2.01348852435077e-06,-1.54684880813027e-15,6.03723438893512e-16,9.00601267213151e-09,6.91186418355498e-09,3.79639580050487e-11,5.04479654313192e-08,-1.21365825884895e-08,-2.45536504211831e-08,-3.36819327604073e-09,-3.59909327360729e-08,5.44747912764575e-08,1.66208193042028e-16,-7.45210323501018e-10,-7.34246652856814e-11,-1.97233193012614e-10,-1.78608683971388e-08,-4.8225177430797e-16,2.43957349893377e-16,-5.61199579073756e-09,2.07168098016669e-16,4.52017951265716e-16,-2.57436155888428e-08,2.70420136492835e-08,3.49564872170422e-08,2.52399282442461e-10,-7.50179730599111e-07,-1.63903587996883e-08,-7.1506478597766e-10,2.62478362245531e-16,-1.21264542401418e-09,-5.15562786449661e-11,-2.28900260606886e-10,1.33699399038301e-08,-3.36550588175845e-08,-6.81497598426958e-16,-4.99994924568136e-17,7.48542691129331e-16,7.55897850172803e-11,-2.61231555023154e-10,-2.52107178310165e-10,1.33097000243121e-16,-6.21256462392828e-10,4.30462306475175e-15,-3.53236615548575e-16,6.0903031402857e-08,-1.35215744976253e-09,9.62771529167128e-17,-4.08763739718399e-09,-1.64041122041238e-08,2.20637805399779e-10,8.82796544496327e-09,1.71523892539684e-15,3.07943289296089e-09,-3.62225114832572e-16,3.14892519398463e-09,2.77858880875652e-08,7.13842453530201e-09,9.97458476792576e-10,7.34677217500398e-09,-2.7005231279843e-06,2.28834736585452e-08,3.9594369342803e-15,6.80394268330255e-06,-5.17314407533616e-07,-9.98395810945707e-14,-0.256992916202023,1.08844516056262e-07,-6.8749534652494e-07,1.5717227424832e-15,-1.55034336700816e-08,-1.25306136277773e-07,2.1046183139056e-15,3.877496959765e-08,8.00357005670011e-09,2.29031580887671e-09,4.99338714702748e-18,1.2368194929031e-15,-3.71111813765989e-09,-9.49657625767312e-10,-7.40977394060565e-11,4.80151623150309e-09,-2.09425530174335e-10,-1.075408492041e-15,1.84709345936839e-16,-6.83952725093723e-10,-4.64664495781381e-12,7.28973750468958e-16,-1.32352233615034e-09,9.69996389005943e-17,-3.76718040012797e-09,1.35077418177802e-10,7.63193121415158e-11,4.39113432511496e-10,1.13852490987496e-17,-1.25769494906661e-16,-8.61530635819391e-16,2.51585873551972e-17,-5.49783640603578e-11,-2.00332273257234e-09,7.80325867226195e-16,1.08199958970471e-15,-1.58759764191205e-16,7.55428362874381e-10,6.14739731514546e-11,-6.5710246695846e-10,2.17353721526703e-16,-1.46014927579485e-16,5.16134444211724e-16,-7.93168453102565e-09,1.70912484965252e-09,-2.6142713483001e-16,2.61641125505604e-09,-9.65373846477286e-09,-1.81828583564532e-17,6.40991473430597e-16,-1.07859306611342e-09,-1.11435458733535e-11,-5.71126456186054e-10,-5.8316272592854e-16,7.01393339695e-10,1.06714735466962e-09,1.21168301167983e-09,-1.18492510017786e-09,-4.29595699691698e-09,2.82650141804734e-09,-1.63144296200885e-16,2.86348926648352e-16,-6.14951800871733e-17,3.00569110626555e-05,-5.57646290689609e-09,-4.07039768001751e-10,-3.54676828353323e-10,1.44921296628513e-15,-1.64472132204456e-16,-1.05865921888909e-15,9.08702806769264e-17,-1.8611398780474e-16,1.26222003104589e-08,3.40719642636757e-16,-3.17781377772068e-16,-3.03124275363719e-10,-1.86578808279038e-16,-2.71719381160736e-10,-6.90725509340891e-18,-3.37644878837583e-10,-5.6440188060007e-16,-4.26732121641346e-10,-5.39342567298863e-11,-2.58073721827034e-07,4.63838810899071e-16,1.78531236769198e-09,2.67208713527565e-16,2.62663072394306e-09,-3.33815980642321e-08,2.67431638814521e-11,1.01892778850844e-15,3.96683402847431e-09,1.57676235789596e-16,-9.99900726526713e-10,-5.65065032745323e-09,1.24208572624311e-16,5.7806952149503e-17,6.75574052320114e-17,-3.61411637980096e-16,-1.9352245120237e-11,-2.53312750523378e-10,-5.69044520932467e-11,1.30400351444784e-16,7.24639323613052e-16,-4.3299972531773e-09,1.27436955652286e-06,-6.44004766905072e-16,6.60303280659625e-16,-2.75354821288258e-10,-5.0643454063807e-18,-1.96478940218439e-09,4.31046084449742e-16,1.89197819784749e-08,4.46552219535334e-16,4.54655558367343e-16,-2.4833946178342e-16,8.01461622758677e-17,-2.10723240094415e-18,-4.74242608663277e-17,8.01779720795175e-06,-2.6745843784221e-05,4.49940057800663e-16,-1.74495873706444e-09,6.69042987152222e-09,3.58888322809916e-16,3.40183565119547e-16,-6.01335095396799e-16,-6.72422640601384e-17,6.75880273390322e-10,1.08628146130478e-10,-3.79930514203096e-17,3.96047883405902e-16,-1.24024343729702e-09,-4.427270870831e-09,-4.64421933645956e-10,-6.55438560990202e-16,7.43383708850198e-16,1.73761656967555e-16,-5.18752265092204e-16,-2.87649629234215e-16,5.54377412114168e-16,2.71637037177679e-09,-2.57730850416756e-09,-4.97115307391568e-10,9.36104127599433e-16,-5.93179578647718e-16,-1.31412651111676e-16,-5.19935842904937e-16,-7.3440355214975e-16,-1.46293512870055e-16,5.92592273703358e-16,-5.88972166823799e-17,-1.02604409310567e-16,-1.54322819939164e-16,-5.74934773318792e-16,-3.81786555797693e-16,9.09452819543648e-16,4.07059018238708e-16,1.47692011345352e-08,2.45909819068851e-16,-1.01414902881918e-15,1.98314223461916e-16,2.81752727350482e-08,-4.91839164295562e-11,-1.52660796157116e-15,-2.53946538848054e-06,2.59883136381591e-08,4.23168483316598e-16,1.25537760437005e-15,-7.31685806992537e-09,4.4283757377362e-16,6.52343353024499e-10,5.08662099034766e-16,-1.80476153575309e-16,8.36264564188583e-16,-5.95955037289956e-17,9.38905088737209e-11,-1.29068611560501e-08,6.37870954787806e-16,-1.06511350411355e-15,-4.2908147061345e-16,2.59291467211758e-15,1.82189333064464e-15,2.30567746082063e-16,-4.50748625174374e-16,4.69493823392323e-16,8.42917719763602e-09,-4.74765462473098e-16,-3.61297455293898e-16,-1.3205171178209e-15,-3.14854631124854e-16,-2.05349936593422e-15,2.19227675047172e-15,-3.26130303761677e-09,7.56335908846321e-17,-1.4724897468843e-16,2.43618504151494e-09,-6.89141052536987e-16,9.79405204930228e-16,1.27184173616427e-15,2.52250754851055e-15,1.43480118767951e-08,-4.37964396707405e-16,-1.54065310584137e-09,4.76498750970953e-15,-1.21114586716476e-15,7.3932225193559e-15,1.26396119861771e-15,-1.32907820666471e-15,7.49557858081856e-15,5.63267757016491e-11,-1.56174834818952e-15,-3.92599156454687e-15,0.000306319540089141,-5.93842893202861e-09,-1.63800220955546e-15,4.89816896815459e-09,7.1988558165831e-10,-9.0794136450836e-17,-5.5582592576776e-15,-3.89843351824945e-15,7.78581856643601e-15,-1.93057704050028e-14,-1.24138911539967e-09,-4.28609126586633e-13,-0.707106781186548,-2.35697944901261e-14,4.99784958921827e-10,4.4979504374759e-14,-1.80222784956825e-14,3.41428365329267e-15,4.71031982345844e-15,-2.29331780245728e-10,-7.65540213406016e-16,4.77269927302747e-10,1.25861222882637e-14,-2.65768009257931e-14,2.24831455270577e-15,-2.14039211608012e-15,5.91849524823156e-15,-1.90625971600622e-15,-3.23407132178677e-15,-1.08349817284305e-08,-4.6661514052104e-16,-7.68975096618967e-17,3.52938326727029e-09,-3.91941656220878e-15,9.18999948065685e-16,4.26778496087013e-17,-2.31957793332058e-15,5.22192552701107e-15,7.72224597307719e-16,-3.73874042105509e-09,2.95529537072985e-15,2.14175381620773e-15,7.71026675092245e-09,3.05164696260401e-15,-2.60194921932815e-15,1.12798480121785e-15,-1.38118282971852e-15,-2.83121290873558e-15,6.24130875650501e-16,7.94225445713449e-16,2.08260617052433e-15,5.49272221455728e-16,2.28395375998379e-15,1.79470670952638e-16,-4.09882230934617e-09,1.76159114202271e-08,-2.61081452635654e-15,1.20706285504206e-15,-1.90396593368458e-15,-3.27201936645957e-15,-5.74822307808365e-15,7.76644127566184e-17,-1.77859583296689e-16,-2.28043532160731e-16,-1.72372474637077e-10,1.31371255025674e-15,6.16308803401503e-16,-1.28882536428807e-15,-1.39479570373106e-15,2.22226534934399e-10,1.57006878890276e-15,-3.24003489055142e-05,-2.38909409356103e-16,-6.5755409317581e-16,4.64261764560608e-16,-9.84419375061786e-17,2.43964197859271e-16,-7.53390044782221e-16,-1.4842165236579e-16,2.97055732846999e-15,9.45007822304128e-17,1.3124388278487e-15,2.28476792401666e-16,-9.35612497793101e-16,6.4930789079963e-16,3.67765395047324e-16,9.52499380904657e-17,1.01200491009012e-15,2.2499531142108e-16,1.3817910028414e-15,-7.71550566900035e-16,-1.34788448774024e-16,7.45172153149287e-16,-5.71543012641901e-16,7.77281036408115e-16,-3.53185828236188e-16,-3.16397309889846e-17,1.73522746445699e-11,-9.81000198248189e-16,4.03108153433285e-15,4.72107560193099e-16,1.84835113638169e-16,-7.40669911034433e-16,5.94648373970506e-16,-2.79564770512164e-16,4.8791107627976e-17,1.51966784074172e-16,-6.51717335829347e-16,-2.22695126228523e-16,-5.34053607482359e-16,-2.40478265531723e-16,1.95540172048503e-16,4.66404425794517e-16,5.56601735723834e-17,-4.54283534380513e-16,-2.27229310429421e-10,2.44495088196837e-16,-1.12696787475192e-15,2.77729968401669e-16,4.73753196225131e-16,-1.01077397550865e-16,-3.37936922419044e-16,6.47672783085121e-16,-9.41042802250993e-18,1.58093778870582e-16,4.8976607018791e-11,-1.76498128675117e-15,4.17785000835674e-17,2.68458301695016e-16,2.99422370297823e-16,3.79498099571296e-16,1.19337693832067e-16,-1.52823538610738e-16,3.52314201477827e-16,4.66154752265708e-16,-6.15222067909419e-16,-3.83055284526265e-16,-2.32805609870572e-16,1.23820643294496e-16,2.51203047879847e-10,2.95422644827554e-16,2.50811147477622e-16,2.02457142556399e-16,-1.42073852682501e-15,-7.61771033929954e-10,-4.11840422866856e-16,2.98841629403979e-16,-8.73387569957744e-17,-1.53171774753059e-15,-4.99123216194844e-16,5.24408556797958e-17,1.0277824227995e-15,-7.70148487839042e-17,-4.2339428950148e-17,6.04875201454278e-16,1.40720155959368e-16,-5.75816436437633e-17,4.22794872941418e-16,-1.94340155796026e-16,-3.6798212722332e-16,-3.58331793695439e-16,3.86625512686078e-17
"t45",-0.0448851652469641,0.0424652136340907,-0.0699793377192375,0.034838250153166,0.0105865559265314,-0.00566211182179698,0.0376590958373687,-0.0870211333612509,5.28158536212385e-05,-0.000322132523601722,-0.000191863559456479,0.0111711051789947,-0.0185915302078735,0.00269852260756072,-0.000665490444829744,-0.0959617632846246,0.00218585787445042,-0.00448095257020206,0.000299956542649096,-0.000106070688891848,0.00896068141943768,0.036971785437792,5.90134460864611e-05,-0.000344689940511655,5.01797556011667e-05,-1.71163840462632e-05,1.91140758635053e-05,-1.64979598404904e-05,0.000198626880073825,0.000279839024587345,-1.07747143132575e-06,2.09388769591987e-06,-0.000772770112913469,2.08861586483121e-06,-1.26107358724198e-06,-2.20573961256853e-06,-8.89768697189515e-05,6.43637634889943e-07,5.27096389936693e-06,1.47276476202107e-06,7.98060572726602e-05,-1.08009915049153e-05,9.5008066579341e-05,-1.11651697910606e-05,0.00256776018994953,-6.57885333476302e-06,9.52070074641866e-06,-0.000198587397170098,1.82481688724092e-05,-4.47582970062153e-05,0.000514917190019684,-7.69429353380423e-05,1.19424394913913e-07,-0.119589624608271,-5.73454003368688e-06,5.06875987147393e-05,-2.4751419261922e-07,8.74592264944929e-06,-2.70465428270521e-06,-6.18424705845022e-05,-3.79062424333142e-06,5.53132349138579e-07,-2.0702656408192e-05,1.13561234484464e-05,-9.79523832547683e-07,2.62564668577137e-05,-2.05936111056893e-07,7.9976436381989e-06,-2.28397620651028e-05,9.70750886095759e-06,-1.2438905795966e-05,0.00245446711635127,-3.96485573859505e-06,-0.000438867820001591,0.000219031568367167,9.94557543122105e-07,-0.0276085639005155,-2.73465726858718e-05,2.89656573398022e-05,2.6462970804218e-05,-5.68833085065948e-06,-8.07962943707831e-05,7.66901267129685e-06,4.63154319228791e-05,-3.33000323530407e-06,-0.00075340269426471,0.000514956089563681,1.08048450010454e-05,4.63733173196845e-06,-0.00726934548304725,-8.61971376646921e-06,-0.00341564893871643,6.33620822059492e-07,-1.37860702381729e-05,-1.10731690060147e-09,-1.70750932893129e-06,3.86657147882322e-08,1.23787166310188e-08,2.63041102347966e-08,1.2447379680499e-08,-2.64473372943369e-10,3.04987316389339e-10,-1.44341405188187e-09,1.11586783356702e-08,-5.08948001426604e-09,5.90026533028696e-08,-2.92093434436409e-07,7.81884150262547e-08,-4.61870361483142e-08,5.18300409622658e-07,4.96388106654748e-08,1.17393830470165e-07,-2.5774231336297e-07,1.63167276405285e-07,-5.2292809592766e-10,6.84301537065019e-09,1.85020704161996e-09,-5.23900539789725e-08,1.37983075317454e-07,-6.07846907946679e-07,4.07100697054757e-06,-2.77566304986738e-06,2.19270989575308e-05,7.69733593474903e-05,-0.0216777557836263,-7.28520081885264e-05,0.000555223330685886,-7.88663890571119e-07,1.01612182562816e-06,3.34284916481871e-05,-5.45878955594616e-07,2.8775142384738e-06,-3.43614056730114e-06,-6.8868357521482e-07,2.0037646819383e-06,1.15921617993493e-06,-7.49976620325881e-09,-6.17175912123198e-06,4.44476198686464e-06,-1.34673593002703e-05,-1.3130464411766e-06,-7.16616505607113e-05,4.80112976188286e-05,0.000226767748820244,0.136227803115564,7.44446655248845e-08,8.65156555313771e-07,-5.52530507183611e-08,-2.9813982528031e-09,6.62004193717856e-09,2.7602870935799e-05,1.5602197023048e-08,2.4207133117542e-06,-1.03168347853396e-07,6.99361835501788e-09,4.05601957524785e-10,-4.1566686436283e-09,-3.35134115753661e-07,-2.60794846725053e-10,1.25347692295136e-12,2.88952721693049e-07,-7.00493577763041e-09,9.8280595113824e-09,1.41227822464795e-06,-3.01640518586399e-07,1.77398894269849e-06,-1.22104655918741e-06,-2.23829546396491e-08,-1.13352665044127e-06,-2.04282205835935e-06,3.7973933077871e-05,9.70121970596092e-06,-0.238298368095098,1.09780572412294e-06,6.44254050115149e-06,1.25870130469706e-07,4.67232518221418e-07,-1.66620248815203e-06,-9.74703178872476e-07,-0.000153636402741519,7.32038887717692e-06,2.13540403645907e-05,-5.12718607629742e-07,-1.6066397074631e-08,-6.0411597614762e-08,-1.02231125085583e-07,-2.05591704349237e-06,5.16922071619351e-07,2.36083788150613e-06,-0.000127140286951886,-4.08879245013424e-08,7.78698536084898e-08,3.11556752449288e-07,4.04120744001512e-09,5.47623030704152e-08,-9.00835627174686e-08,-1.86144066125863e-07,-0.00411071529051644,-4.89536848968398e-09,2.59960882618527e-08,2.60612839889914e-08,4.47173162396695e-06,-7.45014190175085e-10,-1.04057605973016e-06,-2.27788312789698e-07,-1.04466643570604e-05,1.89430774699205e-07,0.000382955935638773,-6.40322096604523e-07,-3.25686412842575e-08,-3.29822865758521e-06,7.47811945776288e-06,-1.94229509065544e-05,-3.116621902065e-07,-1.65426041155749e-06,-2.26846185804226e-07,2.59776864147465e-06,2.85773266624694e-08,-5.25545247802187e-08,-2.63496371214197e-07,-1.44217272475028e-06,1.54247478073252e-05,4.50772315820053e-07,1.48274825346058e-06,-3.89381590017419e-07,-2.00427729171234e-07,-2.11814119228076e-06,-1.52487906877731e-07,-2.46476270093566e-07,-2.04131709491349e-07,5.76092703087361e-06,9.25444599078271e-07,7.3522412416895e-08,1.23864719715507e-07,-7.07040610261634e-09,-9.44700094833258e-07,-7.06893073673988e-07,1.0652898222631e-16,-1.77328946290938e-07,0.000318501155900077,-2.58929951770523e-07,-8.2031848789553e-06,-1.41534535318075e-06,1.336354388667e-05,-1.78275119118439e-06,0.014776565151616,3.18001710194112e-07,-3.47910597155669e-09,3.48777814923088e-06,-2.96952705743377e-06,7.83114493349584e-08,-1.00496953419677e-05,3.49079240891944e-07,-0.0496092075504755,-3.4316389524924e-09,-2.65119542853226e-08,2.63666032048657e-08,-2.88587658384949e-06,-8.98762114900667e-09,1.43888948488818e-09,-2.31260963733127e-08,4.01653368829857e-09,-3.90465668892606e-07,1.62306702970976e-07,-1.19474429389472e-09,3.91353748859143e-10,-1.289422149748e-10,-8.68229928279161e-09,1.87124171491611e-08,-5.03966444732121e-11,-1.02056083350486e-11,-4.02312166151615e-11,4.40303895907875e-09,-2.14975419644787e-06,5.42133415285136e-09,-7.8609040134571e-08,4.8009027355895e-07,-4.43215023216968e-09,9.78098738723e-09,-3.45643192123254e-09,1.81862685675071e-09,-3.65336322501804e-16,-3.84020610873028e-09,-1.28144083687292e-10,-1.08107100618294e-12,-6.69122407768002e-09,7.07022374713376e-11,-2.82736540689677e-11,-3.62914886971889e-09,-2.04023139489291e-09,2.31519061503799e-09,-6.19851951760261e-09,-3.1275581920839e-10,5.21503785196484e-10,-7.33119347269525e-09,9.38418134614092e-09,-2.48395178301311e-07,9.00058325823894e-09,-4.68804797546223e-06,-5.19624628265059e-10,-2.92590609297497e-09,-3.66449827521031e-08,4.29834445377256e-07,-1.05544889934812e-08,4.27045122882937e-08,-6.12961270686298e-08,2.26783813423345e-07,-1.67104510355475e-08,-1.52688531217929e-08,-1.18851272424921e-07,2.02781115784076e-07,1.70506322643181e-08,-1.4596969050606e-07,9.98823297682549e-08,-2.51675925868093e-09,-2.41863910780352e-08,5.02700638120244e-08,-3.55996924460804e-16,-2.25055952674004e-10,-9.85671957840707e-07,7.8530780015186e-06,-6.86816399744177e-08,-6.19689295999061e-08,-1.8463632720849e-08,-4.40330349841243e-08,6.65085566034113e-07,-2.63492369161929e-07,-2.00116174925207e-15,2.33557234081855e-07,2.89914352647236e-09,8.42574198726845e-09,-2.81586037423839e-07,-7.00714102116114e-08,4.98941436637192e-09,2.05976360064122e-07,-5.79096546456626e-08,2.15639631454201e-06,-4.56114001618852e-07,9.96623391456007e-08,1.87934017999731e-07,1.02023098317266e-08,8.65655295681066e-07,2.02585812944309e-07,-8.78734321823205e-07,2.33653092166618e-07,1.62468727606602e-15,4.43027783435799e-05,-1.83689790264243e-05,-1.28603608385745e-08,-1.05693303335e-06,6.69069265094655e-07,1.87201517483217e-06,-7.25449419729036e-06,2.68690890955946e-05,2.01437698742191e-07,2.66670992968185e-15,4.07318860080718e-07,1.1694189690196e-06,6.17664328378081e-07,-4.30874920649013e-15,-1.3961216133607e-06,-1.90782935415211e-05,2.98301753597779e-06,1.28888998114479e-06,4.72579380927283e-07,2.73022946834234e-07,1.0406756168862e-05,-3.59446623066358e-07,-3.92983150358918e-06,-1.37697311605386e-06,-1.48234278723485e-06,-0.000114870144972882,-1.49791934406363e-14,0.8893185490361,1.67847989972756e-05,3.42635774147634e-05,-1.7168386117784e-06,4.55630581050567e-15,-8.20608911836931e-07,5.66474370760292e-05,-2.09517032422224e-07,-1.76098846593933e-07,-4.18673258675151e-07,2.103879920542e-05,-4.60695371241628e-06,4.98148385798587e-07,-1.81600435613855e-15,1.58732335088433e-06,-7.72985663894072e-05,5.64458389324342e-06,1.85761096282391e-06,-1.88638609789002e-07,-1.26373140567046e-09,-1.03042574473022e-15,-1.13313758762125e-15,-1.25627356309943e-09,-0.000184867443654988,0.0547593939419621,-1.36867077362342e-07,-4.87008574294177e-17,-7.24028318832998e-08,-8.51563097080908e-10,5.89527688006997e-16,1.10414762327586e-15,6.56509360283876e-16,1.75534079177675e-07,5.15861685705712e-07,-7.37665090118165e-07,4.3244390340543e-07,2.15417911101825e-07,4.41073886498775e-07,-1.33224765989762e-06,-8.63992958830947e-16,-2.92326951426664e-07,1.07026263097275e-06,5.86297244120212e-16,1.76529586018067e-16,-5.53807590220257e-07,-4.44520286137659e-11,-0.00142598021842555,2.8196026359192e-07,3.23982668597549e-06,-2.42635028486897e-08,-5.70852235469894e-11,-8.82024011101399e-08,-1.76976602250133e-16,-4.73692180118621e-07,1.16731711102824e-14,-0.0549459600861508,-3.7858250052361e-15,-2.54131675814036e-08,6.03299302862968e-08,3.28094618450661e-08,5.91651582703928e-07,2.43407911401258e-06,-0.279421236306208,-1.38508372285816e-06,-7.12323429562847e-09,-3.37613178454258e-08,-5.83673189247172e-10,0.00470026972156012,-8.14660487372899e-08,-3.63977434115598e-08,-4.05664683559217e-09,-0.00111441928120292,-1.53400264010769e-15,8.66023831110616e-07,-1.68759831695048e-07,1.93844802173825e-08,8.15284024425596e-16,2.62795355347891e-09,7.32071293113041e-08,2.64352175216904e-07,1.37389156930333e-15,-4.47026008258886e-07,-3.47134924410229e-08,-4.55963351896107e-16,-4.61567537742821e-08,5.49344823894683e-06,3.61107637383865e-16,-9.61632775882858e-16,-2.69896554280496e-08,-2.08875841912514e-08,-1.19296559040641e-10,-1.65918129450438e-07,4.42398458978398e-08,9.03013270269863e-08,1.25440989856765e-08,1.53867669449381e-07,-2.61272930951219e-07,1.50541471649612e-15,3.7363738037379e-09,3.70981250756217e-10,1.02393068647096e-09,9.5833301629796e-08,7.32322477024135e-16,2.01585570736962e-16,3.15242906819474e-08,-4.47601016657297e-17,-5.55183710515604e-16,1.97938775678634e-07,-2.20898759023827e-07,-2.85920697386451e-07,-2.37945877337706e-09,7.21807212221547e-06,1.58401437876039e-07,7.11280120501369e-09,-5.52749497920202e-16,1.72641919659409e-08,8.06173365017276e-10,3.69888321666567e-09,-2.58912636471971e-07,1.01871901215522e-06,-4.67849254496219e-16,-4.25770684089258e-16,8.11232542694789e-16,-1.27570053182781e-08,-4.24455670731879e-08,-3.55714667474394e-08,-1.70683946696098e-15,-3.24716145618262e-08,1.62172001614171e-15,1.94520082557975e-16,7.5815294062421e-07,-1.66447904587182e-08,-9.38919081372447e-16,-4.08627286216662e-08,-1.46303555017435e-07,7.76621079156945e-12,6.28652901880628e-08,-2.91396988276124e-16,1.67366677450608e-08,-2.02207882784686e-16,1.66939506535546e-08,1.44477899260343e-07,3.63085496567432e-08,4.91879207231351e-09,3.37489139230221e-08,-9.28510161361058e-06,4.62997330712798e-08,-1.31140860048666e-17,2.75983927756314e-06,-1.21645393186828e-07,-8.16604038579785e-16,-0.00194490774906069,-4.46528003712184e-08,5.448518462701e-07,-6.39491079437838e-16,3.3613805535686e-08,3.08216339995691e-07,3.9868135128429e-18,-1.1091288790122e-07,-2.45248674158058e-08,-8.84783751763625e-09,-5.30373646923342e-16,2.16870197079632e-16,2.27081371460402e-08,6.94064428242417e-09,5.61324687478295e-10,-8.04006132912059e-08,4.07366207987272e-09,8.44108382798948e-17,4.13084554565972e-16,1.48587790044987e-08,1.02408917400956e-10,1.18780422312013e-16,3.58514435131454e-08,-1.6300492164947e-16,1.28387800561033e-07,-6.83719975111807e-09,-3.99434124878079e-09,-2.64662254144172e-08,-2.07293441622196e-17,1.84090884944937e-16,-2.53676095410762e-16,1.74408084178137e-16,-1.46653440461578e-08,-3.8068459588753e-07,-5.66194878375561e-16,2.96269013391873e-16,1.39975925324597e-16,7.14619797445763e-08,4.80473408248323e-09,-3.52769761140533e-08,-2.93633595811156e-17,-2.57579331128244e-16,-1.49728320020248e-16,-2.17225169317764e-07,4.60877511184528e-08,2.10535925170521e-16,6.03251331421446e-08,-2.10680736990018e-07,3.54033629502836e-16,2.41591711453329e-17,-2.0976502998249e-08,-2.14884097696337e-10,-1.03789307781792e-08,2.56381111027672e-16,1.16582050899929e-08,1.69625852932634e-08,1.81789390659859e-08,-1.65480550653012e-08,-5.89256107032641e-08,3.75328549443517e-08,1.30097718096222e-16,-1.85394634019469e-16,1.30814213511132e-16,0.000340459333252285,-6.30295358427277e-08,-4.5203121770181e-09,-3.62806915389801e-09,3.91680297246705e-16,-4.48441882711191e-17,-3.4603496583373e-17,-1.3733701531355e-16,-1.74336954530583e-16,1.19695749664215e-07,-2.1233439463173e-16,-3.38963463848267e-16,-2.79712182473286e-09,1.24989120854427e-17,-2.50376489276396e-09,-9.08242747000388e-17,-3.1038185535033e-09,-1.19202477642049e-16,-3.75249110803439e-09,-4.69496358347045e-10,-2.21286594918778e-06,-3.31110650421182e-16,1.50335632705448e-08,-7.50936704475025e-17,2.12961848231594e-08,-2.58493269312657e-07,2.066900179484e-10,1.22571045506995e-15,3.01246873349144e-08,3.0860087920441e-16,-7.3928150713801e-09,-4.17248462327992e-08,-2.9316406658094e-16,2.74559448518825e-17,-1.44329273881167e-16,5.42937519750283e-17,-1.39906644421283e-10,-1.82135538310094e-09,-4.06580869636329e-10,5.47940805918269e-17,-5.97769385825078e-17,-3.00493172262103e-08,8.83271897692602e-06,8.85254486664954e-16,1.99397243567411e-16,-1.84416432844704e-09,-5.80858082116203e-17,-1.30664052366864e-08,-6.01611884184318e-16,1.23335483581816e-07,5.9336743184078e-18,-2.36831153024747e-16,-8.70021729666142e-17,2.39299548641843e-16,-5.78275649545708e-17,-3.95246785653996e-16,5.02953080638128e-05,-0.000167694057793518,-1.00664049727903e-17,-1.08015303649857e-08,4.11970527850196e-08,5.92715929949645e-17,1.55942543486972e-16,3.51301422464005e-16,-1.60478165655294e-16,4.07065440714213e-09,6.50955091526308e-10,-2.24817097933352e-16,-4.82919636811724e-17,-7.39091033885472e-09,-2.63641850573311e-08,-2.75891163954921e-09,2.35562385688273e-16,-7.79460195359791e-18,8.84511277057617e-17,1.1225340793326e-16,-1.02740816905324e-16,1.57726935822156e-16,1.55360990843456e-08,-1.46904387923625e-08,-2.82397236441006e-09,1.58163293771193e-17,2.28255867162212e-16,-2.14191517322857e-16,7.1008721738497e-17,1.60221491029736e-16,5.10781479736081e-16,-5.77855294082482e-17,1.07390967251204e-16,1.91804878511696e-16,-1.1441599637917e-16,-1.90436529390457e-16,-1.38281638094485e-16,-8.82427533521318e-17,3.25179359720272e-17,7.94942951824385e-08,-4.19308441079748e-17,-9.64133283915151e-18,2.47989496080503e-17,1.50627809048926e-07,-2.62534096308008e-10,9.24583254918424e-17,-1.35421835811122e-05,1.37459701805574e-07,7.99821723020262e-17,-2.00855201776213e-16,-3.83155121527734e-08,-8.94065729301894e-18,3.37527471820621e-09,-1.71069589860924e-16,3.64109766623455e-17,-6.29265530023794e-17,9.61145905208679e-17,4.76935687173702e-10,-6.54828858594944e-08,-3.16319790478582e-16,-1.21719566523567e-16,-7.8769004452083e-17,-1.34603063094919e-16,7.12103986888479e-16,6.66704166699472e-17,-8.23802352252576e-17,-1.71156827485211e-16,4.02782748881554e-08,7.31408738941858e-17,-7.37760690675861e-17,-2.58007360863846e-16,-2.73527201354633e-16,8.30977918672035e-17,-7.40343870067582e-16,-1.53959241258493e-08,-5.31826124491843e-17,-2.39483611072163e-16,1.14753326418122e-08,-2.64599922822121e-17,8.9842571566829e-17,-3.33724153390195e-17,-1.70023530374352e-17,6.58774230041771e-08,5.18332441543133e-17,-7.04117413482854e-09,1.17700530773886e-16,-2.34012847970831e-16,4.53569608108671e-16,-1.51505903363356e-15,6.55550855507953e-17,-2.91229632049683e-16,2.54819733685889e-10,-1.08224772232482e-16,-1.01362623322605e-16,0.000935609971636498,-2.83087935668678e-08,9.07150668795886e-17,2.19932753503799e-08,3.22452557830346e-09,1.0458958065731e-16,-8.37506282998726e-17,-5.80768567815648e-17,-1.64175070385053e-16,-1.40047158105582e-16,-5.41159972139991e-09,-5.62328544679495e-16,-1.49668673296768e-15,-1.60268682715295e-16,2.16453962940358e-09,-7.30649585575286e-17,-1.14893012884377e-16,6.90220256539707e-17,1.39309485191366e-16,-9.84917731347385e-10,-1.38576269796102e-16,2.04437749513516e-09,-7.1910864056586e-17,-2.2198910763255e-16,-1.04592790439726e-16,-4.50498242077985e-17,-2.96455868256163e-16,3.66053936487574e-17,5.30466815691202e-17,-4.57941071722359e-08,-9.6732598233508e-17,-3.46655012632172e-17,1.48682773353027e-08,7.37589992009034e-17,-3.01881344176366e-16,1.1631237808771e-16,-2.20831759916928e-17,-3.26505533244448e-16,-7.63320199431767e-17,-1.55913671924876e-08,-1.83588524321231e-16,9.68019162911957e-17,3.20097780010148e-08,1.64819525693329e-16,1.3055581063314e-18,2.39058043136603e-16,1.06541856891501e-16,-9.65777158719168e-17,-4.11782356457928e-16,5.35365966301672e-17,-4.96251129458575e-17,-7.63639343594335e-17,3.01929449504929e-17,1.2685891550053e-16,-1.67427949101378e-08,7.18194356393265e-08,1.45944675465028e-16,-2.54949159654804e-17,-5.21976298184505e-17,1.562543569878e-17,-1.53739868058445e-16,-9.08936913657071e-17,-7.13375453545322e-17,-2.03501711319676e-16,-6.95835344914812e-10,3.56169828206147e-17,-1.54825121835095e-16,-3.2418980794753e-17,-5.12421099663785e-17,8.89702531713219e-10,2.17380916236636e-16,-8.78163504554246e-05,-5.30388017581252e-17,1.02990555043493e-16,-9.48549249396836e-17,6.25389031958614e-17,2.44224575852286e-17,-5.90242044237303e-17,2.93238325354538e-17,2.3332046555123e-16,-1.04130808980195e-18,-5.02230913914568e-17,2.5245421749404e-17,2.24750935226475e-17,2.79269158270485e-16,4.35772383823769e-17,-1.13596547883574e-16,-6.16594073220064e-17,1.00565256022235e-17,1.2080419363657e-17,7.92094113305676e-17,-1.9237132763877e-16,-1.06436127272902e-15,-1.75255944381257e-17,-4.1358979992999e-16,-3.36958495856314e-17,4.87358771354055e-17,6.66392076880649e-11,-2.99551163617967e-16,-1.19902356030069e-16,1.53914344440179e-17,-2.01447058581403e-16,-1.85449753192988e-16,-4.63125642692794e-17,1.19196820575728e-16,-3.77316536902901e-17,1.87988574767748e-17,1.99684702601195e-17,4.2110412379337e-16,1.75820823093968e-17,-1.64130890327192e-16,1.40515661473939e-17,-5.84377223397959e-17,-1.0206994108849e-16,4.47689867060211e-17,-8.54623266387162e-10,6.64255442207767e-19,-2.35602676827179e-17,-7.62116977952285e-17,-1.10165512962947e-16,-9.31335110281212e-17,-2.62749098442246e-16,-3.48089482584419e-17,-6.39710064884683e-17,-7.10981760330246e-18,1.80438743213557e-10,9.0155351937455e-16,6.48194010476571e-17,1.21765135665874e-16,-7.71425674376586e-17,1.14113964393577e-16,-2.29844146523659e-16,2.86512007572603e-17,1.57038868363259e-16,1.22845965496312e-17,3.45172846964151e-16,-7.55366315656728e-17,1.64240803172971e-17,-8.68501060470441e-17,9.07232031305851e-10,5.39708264547135e-17,6.31118427854254e-17,-3.14999671163449e-17,-3.68628738645072e-16,-2.72648519903621e-09,8.42790040611685e-17,1.09744174298114e-17,-3.62489656847788e-16,1.00179807204918e-17,-4.18265054730144e-17,7.53162166412731e-17,4.87379368010221e-16,-2.25579044344976e-17,-1.04156272745998e-16,-2.56591465577984e-17,1.18102538137354e-16,1.24643345468948e-17,1.84032241629773e-17,-3.42466363752715e-16,-4.42046661319838e-17,3.29054289958035e-17,-4.65754695751211e-16
"t127",-0.0449116083212089,0.0425179996360051,-0.070069145008333,0.0348982193814265,0.0106088835745793,-0.00567613116621537,0.037754178476083,-0.0872584050592514,5.29860779057954e-05,-0.000323392902538008,-0.000192817628778659,0.0112396793410727,-0.0187090270756884,0.00271583788770177,-0.000669948782987624,-0.0966430215483719,0.00220175084429873,-0.00451413026860051,0.000302229527899619,-0.000106944844174442,0.00904064725044594,0.0373712475624357,5.96874950543223e-05,-0.000348649901930287,5.07585584534772e-05,-1.73234247680214e-05,1.93480733607995e-05,-1.67017822846263e-05,0.000201148087067419,0.000284050677672832,-1.09479496973059e-06,2.1291309475507e-06,-0.000786746619005988,2.12824368705311e-06,-1.28626613084678e-06,-2.25346189146621e-06,-9.09273127468529e-05,6.5797992781993e-07,5.38924883150361e-06,1.50632700282762e-06,8.16792172283095e-05,-1.10609188823275e-05,9.7330052730969e-05,-1.14383928941287e-05,0.00263174212414045,-6.7537561726192e-06,9.77873525134235e-06,-0.000204018115453362,1.87597517305646e-05,-4.60466928736815e-05,0.000530260111978545,-7.92721767216372e-05,1.23047986743668e-07,-0.123289559841898,-5.91872416587185e-06,5.23247155919068e-05,-2.56323171762633e-07,9.06521230396375e-06,-2.80369090418396e-06,-6.42482991509021e-05,-3.94475564834421e-06,5.76110436359323e-07,-2.15775541187969e-05,1.18380966019634e-05,-1.0224231115709e-06,2.74386578661305e-05,-2.15774510200628e-07,8.38974297472936e-06,-2.39728492495563e-05,1.01993703615239e-05,-1.31400587301841e-05,0.00260379650545966,-4.20884823883488e-06,-0.000466512529702325,0.000232868654013942,1.05801671727155e-06,-0.0293771366616843,-2.91324131280903e-05,3.09397646431582e-05,2.82973254143158e-05,-6.09404556083734e-06,-8.65943855014228e-05,8.2441403138776e-06,4.98344388746842e-05,-3.59727370233262e-06,-0.000814765060635051,0.000557518881807747,1.17000197658569e-05,5.02176948248937e-06,-0.00787291547720387,-9.33939163163447e-06,-0.00371593433792231,6.89585514258848e-07,-1.50421502459299e-05,-1.21361965788954e-09,-1.87270595719372e-06,4.24078628876132e-08,1.36003815368391e-08,2.89188468627994e-08,1.37185063156529e-08,-2.92073413792284e-10,3.36875873644189e-10,-1.59466243613861e-09,1.24440845847619e-08,-5.67983228547423e-09,6.58836063262719e-08,-3.26484474696473e-07,8.74188119237723e-08,-5.16652616882625e-08,5.80213795459117e-07,5.5582098807833e-08,1.31642774021847e-07,-2.89077241867374e-07,1.83720304229336e-07,-5.89292574807119e-10,7.72574086190206e-09,2.09062066538569e-09,-5.93341977054731e-08,1.56622217581629e-07,-6.91130826221177e-07,4.63328910529855e-06,-3.16972178019956e-06,2.50953854648755e-05,8.8102854296838e-05,-0.0248200342003854,-8.36033763125382e-05,0.000637284052316924,-9.07026336122023e-07,1.17536921610776e-06,3.86699407614684e-05,-6.31769559846247e-07,3.34341170012475e-06,-3.9955932058901e-06,-8.0126362388768e-07,2.33675200171035e-06,1.35229405053977e-06,-8.79265510377996e-09,-7.26529699104278e-06,5.26202663124944e-06,-1.59461995043014e-05,-1.55625657788747e-06,-8.49778695755529e-05,5.69788706694163e-05,0.000269206897674722,0.161723246062784,8.85744225769671e-08,1.03400054388183e-06,-6.63434308083999e-08,-3.58401106547172e-09,7.9787768518684e-09,3.32751392051087e-05,1.88271233597612e-08,2.92278460041713e-06,-1.24649623940513e-07,8.50253797926862e-09,4.93610224590558e-10,-5.06221181255634e-09,-4.15025013973736e-07,-3.24326658656593e-10,1.56010659509631e-12,3.60883143000966e-07,-8.75525664951929e-09,1.23419777705066e-08,1.77455250308523e-06,-3.80799160122807e-07,2.24986024111086e-06,-1.56999098481618e-06,-2.87936954377653e-08,-1.45836760399813e-06,-2.63330709097361e-06,4.9061557370599e-05,1.25378924612019e-05,-0.309379260358682,1.42731698378163e-06,8.40256134196182e-06,1.64290864519098e-07,6.1009348777472e-07,-2.19188661937091e-06,-1.29233805387314e-06,-0.000203983127964211,9.73207020431558e-06,2.85005092669893e-05,-6.85350461808857e-07,-2.15081192125625e-08,-8.09879578390795e-08,-1.37711809833765e-07,-2.77278498848144e-06,7.04580519007202e-07,3.21903967052661e-06,-0.000173986676639151,-5.65258750861916e-08,1.08591144724493e-07,4.35800286051309e-07,5.67880357849542e-09,7.72206698453104e-08,-1.28371596630026e-07,-2.65877580387649e-07,-0.00590075682125352,-7.04477497391175e-09,3.81644267836344e-08,3.82971221490004e-08,6.62934215349121e-06,-1.11431222392953e-09,-1.59119443500517e-06,-3.48358481505393e-07,-1.60098313883256e-05,2.92203595697567e-07,0.000593435071669045,-1.00465117189257e-06,-5.19187979988373e-08,-5.32793642018106e-06,1.21306478348138e-05,-3.2123066251062e-05,-5.21223535182619e-07,-2.76740711740139e-06,-3.82876880028513e-07,4.48827099085439e-06,4.96034779927316e-08,-9.35825086054291e-08,-4.77979950885724e-07,-2.63337566001584e-06,2.89695044485112e-05,8.52509873854821e-07,2.82597356312472e-06,-7.6042821234888e-07,-3.93407373532568e-07,-4.16277401235374e-06,-3.08332234337252e-07,-5.07470928215037e-07,-4.29158225078513e-07,1.22303195267854e-05,1.98504154587141e-06,1.59261308348434e-07,2.69068139248435e-07,-1.57755388421097e-08,-2.14476778213741e-06,-1.63642848817509e-06,4.58771046537959e-16,-4.22663665220061e-07,0.000763730093412704,-6.48435956916674e-07,-2.12919151084646e-05,-3.79004492675255e-06,3.58541499442015e-05,-5.09270846300587e-06,0.0426866522477958,9.23456410771695e-07,-1.03648939631017e-08,1.05783250216432e-05,-9.31806078491544e-06,2.49612763320323e-07,-3.224399879986e-05,1.16240621026067e-06,-0.198185775221264,-1.48152067181058e-08,-1.22945565724151e-07,1.46894097919002e-07,-1.63185832224787e-05,-5.97997805417081e-08,1.06614456863322e-08,-2.05572571753966e-07,3.82008815461327e-08,-4.010704840202e-06,1.87819734349846e-06,-1.70898990832826e-08,5.75499493944589e-09,-5.31844619633478e-09,-3.74060379231242e-07,8.486717200404e-07,-5.20111510294717e-09,-2.02576066360641e-09,4.04215935691893e-09,-3.44711144180224e-07,1.95507564126822e-05,-4.46566593135111e-08,6.01982565320173e-07,-3.157467456772e-06,2.61302505076125e-08,-4.64368350848637e-08,1.55052140540775e-08,-7.81312842174587e-09,-2.66508399743721e-17,1.43587301530393e-08,4.70919610621347e-10,3.76018515418993e-12,2.05970321881956e-08,-1.97390283542733e-10,7.55158130210771e-11,9.4871048437986e-09,4.13326441872154e-09,-4.61925248598151e-09,1.23166291959109e-08,5.80621504216274e-10,-8.07360378329454e-10,1.10143650211236e-08,-1.38108659369246e-08,3.41919861733465e-07,-9.73187292988894e-09,4.60358463630849e-06,5.07440718466247e-10,2.8525936751031e-09,2.83941883110401e-08,-2.57423213257807e-07,6.11786001821285e-09,-2.35977329493558e-08,3.19586162553974e-08,-1.16145528503756e-07,7.36372093496048e-09,6.65207103910355e-09,5.07038732729601e-08,-8.52741724129805e-08,-6.8376421997044e-09,5.55167105655908e-08,-3.61543386213222e-08,8.91378463068977e-10,8.25380679192988e-09,-1.58310508195795e-08,1.03424566059653e-18,4.1337613939299e-11,1.70377571165223e-07,-1.23527460018443e-06,1.07726543626302e-08,9.69042931061279e-09,2.8191410904423e-09,6.42198180316176e-09,-9.17158898655257e-08,3.22483866359565e-08,-7.26912034407646e-16,-2.09461775838734e-08,-2.48977177084756e-10,-6.5646919098648e-10,2.16759729462921e-08,4.08875809705849e-09,-2.42756296450776e-10,-7.33483601073472e-09,1.56720823090353e-09,-2.09083631747019e-08,-2.29055626967292e-09,1.37869484792711e-09,3.49687507282721e-09,2.19407404141724e-10,2.29701206254005e-08,5.48598064257018e-09,-2.68350838793471e-08,7.75061057350081e-09,4.71865690733429e-16,2.27884158365277e-06,-1.0090801804679e-06,-7.06906332368745e-10,-6.80457201725504e-08,4.39830901235596e-08,1.5166473377741e-07,-6.16209435428394e-07,2.30254801874499e-06,1.78240212037374e-08,8.48578577176442e-16,3.72882049237204e-08,1.08350115074518e-07,5.9689432232602e-08,-7.99489989980553e-16,-1.40560908910562e-07,-1.93821312001996e-06,3.04446326331361e-07,1.32771563641032e-07,4.94178300596197e-08,2.88609332380284e-08,1.109158155946e-06,-3.92035116159298e-08,-4.29733151279307e-07,-1.52797223958827e-07,-1.68458284391768e-07,-1.30692826281988e-05,-2.27584161400195e-15,0.105298720491186,1.99955639048768e-06,4.13369488754196e-06,-2.10700928651942e-07,1.54882978880234e-15,-1.03668365320989e-07,7.30429386197823e-06,-2.71573195450493e-08,-2.28623327337358e-08,-5.44216238079241e-08,2.73543110730595e-06,-5.95824341261372e-07,6.15251988467676e-08,-1.87217928271949e-15,1.79378609556326e-07,-8.64423952983551e-06,6.1653083778108e-07,1.95564287929942e-07,-1.97990804760498e-08,-1.31125807192065e-10,-3.87537224533219e-15,1.57788274950264e-16,-1.20864458568844e-10,-1.63920370268e-05,0.00480040345571636,-1.09439090167426e-08,-2.35757086411801e-16,-4.34348431696793e-09,-4.22205015045886e-11,-1.93054640712725e-15,6.49796649819658e-16,-1.13865638847764e-15,1.68023603721152e-09,1.82119779206159e-09,1.42125572245502e-08,-1.7832799136955e-08,-9.47565813697327e-09,-3.12796784604789e-08,9.89296851254311e-08,9.41583759859881e-19,4.16311956971886e-08,-1.83582528767651e-07,-2.08017409600082e-15,2.95449782630443e-15,1.78983286550768e-07,1.65393587559591e-11,0.00063928674820348,-1.43202526765047e-07,-2.09630332090154e-06,1.63376392249958e-08,3.91673764990525e-11,6.27446722343419e-08,2.2075739579548e-15,3.96212367333083e-07,8.77986919278761e-15,0.0520216390814778,1.38182874893672e-15,2.83844382893121e-08,-6.97618294583838e-08,-6.38498143664073e-08,-1.31496784618268e-06,-5.73803251843607e-06,0.877693291990232,5.92232612928965e-06,1.18001246442057e-07,5.72684141942975e-07,5.19584087469217e-08,0.0668534007478482,-4.82272597718914e-07,-1.4934717728506e-07,-1.36141408691341e-08,-0.00344685937643499,6.94434186100174e-15,2.18351995419006e-06,-3.66434784750571e-07,3.1634132846229e-08,-4.72406591250142e-16,4.04135585907398e-09,1.042494656086e-07,3.65696333176219e-07,-4.55834864344909e-15,-6.09720777256249e-07,-4.49705967637192e-08,2.10734611887481e-15,-5.84374626406907e-08,6.21336651165775e-06,-9.31244361492621e-16,2.59604761765428e-15,-2.94766398416573e-08,-2.27452431479197e-08,-1.28183326255099e-10,-1.75630301753146e-07,4.54038229307283e-08,9.24455724693933e-08,1.27971298588065e-08,1.51558249148657e-07,-2.50978195836858e-07,-7.53303669442928e-16,3.5578568969969e-09,3.52739016515481e-10,9.68650870378895e-10,9.01230903245395e-08,-1.70521924397455e-15,-5.63647027888907e-16,2.94140906944979e-08,1.4014544006237e-16,9.60549757946993e-16,1.76926463255685e-07,-1.96179410242281e-07,-2.53891449597494e-07,-2.08509579639838e-09,6.3143118413292e-06,1.38517946039453e-07,6.20550323197050e-09,4.41565926317766e-16,1.47238110318752e-08,6.84521204934856e-10,3.13625280299737e-09,-2.18025481503268e-07,8.47882380883615e-07,-8.41428984186166e-17,6.93639390396453e-16,7.39187446079342e-17,-1.04589002516829e-08,-3.45929123032363e-08,-2.89778186606405e-08,1.53399376595422e-15,-2.63094863276834e-08,-2.51563121280505e-15,-1.76073426057131e-16,6.01593480900365e-07,-1.32045286453384e-08,-3.06265429683705e-15,-3.22727543254687e-08,-1.15260679335039e-07,6.12145133006967e-12,4.92855938917875e-08,9.51415835671355e-16,1.3049388228296e-08,8.28220862353721e-16,1.3009902339613e-08,1.12553075980017e-07,2.82739312267548e-08,3.82815018711086e-09,2.62325547491104e-08,-7.1843326350846e-06,3.56137556862542e-08,-7.3079973726818e-17,2.10881582626366e-06,-9.28883139719384e-08,6.44185065167354e-16,-0.00148383050268629,-3.40139178079489e-08,4.14469074355158e-07,1.56392657757577e-15,2.54574873095969e-08,2.33234874471166e-07,8.14442997422593e-17,-8.38399043826728e-08,-1.85288315576417e-08,-6.67200162665244e-09,9.78663863392398e-16,-3.33805375603806e-16,1.70524614069166e-08,5.20338249800842e-09,4.20684745781633e-10,-5.98720416708084e-08,3.03071476917902e-09,-1.97411584341174e-16,-8.1807164168894e-17,1.10476906365457e-08,7.61364963929612e-11,1.12331643535125e-15,2.66266551079022e-08,2.08935854664192e-17,9.52619635332953e-08,-5.06674689365569e-09,-2.95977282464368e-09,-1.96046140187673e-08,-2.93926424239444e-17,-3.38631440743801e-16,4.10145321959774e-16,1.21019227914567e-15,-1.08323772052136e-08,-2.8112674941193e-07,3.55519328519127e-16,-2.95567964220352e-16,-9.80490313522117e-17,5.27324196621569e-08,3.5443049409399e-09,-2.60005060644518e-08,-1.2304700504348e-16,9.62229428080885e-17,4.83120488059541e-16,-1.5968273526732e-07,3.38763896365195e-08,1.1923954075099e-16,4.4300962400517e-08,-1.54663079046279e-07,-1.02893385091355e-16,-2.16698036876663e-16,-1.53868336107348e-08,-1.57613246268998e-10,-7.60938577581268e-09,1.06319921552829e-16,8.54127448188563e-09,1.24228860166929e-08,1.33071355478358e-08,-1.21056269019298e-08,-4.30996477212868e-08,2.74443193653029e-08,3.77339530843764e-16,1.98968687885566e-17,-8.95796942146358e-17,0.000248575987040342,-4.60181566977102e-08,-3.29975327087464e-09,-2.64640964152261e-09,1.69977743706107e-16,1.44413749520256e-16,-8.34404567177118e-16,1.97132091908971e-16,-1.55108910504241e-15,8.72506379912932e-08,1.49879674084855e-16,2.77235394670835e-16,-2.03845900380999e-09,-9.51972326423724e-17,-1.82464577123852e-09,-1.43259821895912e-16,-2.26189757808903e-09,-1.06574884853718e-17,-2.7336565294455e-09,-3.41997876144699e-10,-1.61175280994536e-06,-6.21054626323933e-17,1.09483902783257e-08,1.46054259026717e-16,1.55054577319375e-08,-1.8815859561286e-07,1.50448861515221e-10,-1.09296996180953e-15,2.19259993706341e-08,5.57483416711461e-18,-5.38025850585398e-09,-3.03659068174564e-08,-8.00692783115983e-17,2.82341483156135e-17,2.55784782614599e-16,2.26313100495361e-17,-1.01812899219785e-10,-1.32542225263866e-09,-2.95870281865863e-10,1.19834089970828e-16,2.6405977106352e-16,-2.18660918088257e-08,6.42732975057953e-06,-6.12989911688123e-16,5.07897300110979e-18,-1.34195725006248e-09,2.28219857004795e-16,-9.50818922170203e-09,2.56721984274371e-16,8.97524014589864e-08,-1.79744307962367e-16,-8.02307444527387e-17,1.07786203318573e-16,6.15553034660982e-17,-4.28722545397942e-17,1.43120410878892e-15,3.66054008485965e-05,-0.000122049604226007,1.20259916173404e-16,-7.86199839487467e-09,2.99865906423065e-08,-3.76961286472998e-16,3.64784980186903e-17,-4.36409298704527e-17,3.15735293496072e-16,2.96339961945115e-09,4.73907307223267e-10,5.92909816779802e-18,-7.25236436691858e-17,-5.38096868308902e-09,-1.91946200828933e-08,-2.00868508222478e-09,-9.5485909234121e-17,5.4373317581156e-17,-4.13906738359993e-16,-5.9254502000781e-17,-3.62285578085304e-16,-3.88848706437861e-16,1.13157219383562e-08,-1.07002161666058e-08,-2.05700754551581e-09,5.87022065766847e-18,-5.71400122170838e-17,5.46392173361148e-16,-7.82165166223736e-17,7.14860082402803e-17,2.28958602617151e-16,5.39469113241609e-17,-1.16328263465259e-16,1.1737692396391e-16,-8.79456230394638e-17,-1.32876306085425e-17,-4.08556984409559e-16,-5.03151633808182e-17,-9.71555823769961e-17,5.79503787187469e-08,1.46027957387585e-17,-1.79504411460912e-16,5.85855021926107e-17,1.09818996134078e-07,-1.91413192137184e-10,-9.9390263512671e-17,-9.87371995146916e-06,1.00238353752768e-07,-7.26664463077556e-18,-1.69711095352391e-16,-2.79459403540029e-08,-3.71076301060817e-16,2.46242037927708e-09,2.16101741803495e-16,-7.8228135014147e-17,7.07829885632095e-17,2.98784983756289e-16,3.4809126562998e-10,-4.77941023418043e-08,-3.70114663170612e-16,-1.66959185464078e-17,-1.28537156542651e-17,-9.96509589601115e-17,-5.99563801384484e-16,-7.01144016604111e-17,1.77308499281502e-16,2.1841967430575e-16,2.94465210221174e-08,1.74082434572888e-16,-2.61347683025209e-16,-7.49597145777593e-17,2.10779613283582e-16,1.58258107557805e-17,-3.83172175122978e-16,-1.12600054100794e-08,-3.06753968928631e-17,9.07689992334062e-18,8.39324459770044e-09,1.13110634512822e-16,5.25438515055453e-17,3.67172155285253e-17,3.89474258202242e-16,4.8226650876366e-08,-6.80252345835152e-17,-5.1554557090427e-09,2.76103032881157e-16,-1.46988293598426e-16,2.50823417135782e-16,-6.00398975870477e-16,9.55584628494663e-17,-7.53946237768789e-17,1.866394097805e-10,-4.15044135121127e-16,-5.79397190856333e-18,0.000685457220184095,-2.07401906399085e-08,1.44164948238695e-16,1.61169245739295e-08,2.36314332446964e-09,4.14517164926892e-17,-1.09154403176225e-16,-1.95890799981087e-17,2.91465870219113e-17,4.35417268854699e-17,-3.97040507790744e-09,5.88248823355154e-17,1.81551032954203e-16,-1.63665281837675e-17,1.58855950401891e-09,9.42968632968398e-17,4.90053205672822e-17,4.08013038727318e-16,1.17475782148585e-16,-7.23121873757277e-10,2.65719132937393e-16,1.50115584437131e-09,-1.20321984042682e-16,4.37785082558041e-17,-1.41364863137626e-16,-8.88489256202309e-17,1.78676287045819e-16,-2.22482836291532e-16,6.2130174664546e-17,-3.36483252298511e-08,-2.96913223607479e-16,-7.27089517995903e-16,1.09266565070972e-08,-4.56240035201846e-17,2.14992704058207e-16,2.36906822276841e-16,-4.43060029500129e-17,3.38002807012711e-16,-1.69855773207867e-17,-1.14641567507327e-08,3.26075094352453e-17,-5.0804914836869e-16,2.35421132320475e-08,-2.2035934040346e-16,-1.67934557612137e-16,1.55926245351756e-16,-6.45520733961591e-17,-8.31070833669758e-17,1.04842142678849e-16,1.02679803920443e-17,-2.53885696337771e-17,-5.19503979530112e-16,-6.19166390141127e-18,-2.34086173376029e-16,-1.23249281351068e-08,5.28745127694459e-08,1.05568892082779e-16,2.62506045633615e-16,-2.64717070532324e-17,-2.47480223908662e-16,4.16333634234434e-16,2.41775814559817e-16,1.31831677013554e-16,-1.49223581169671e-16,-5.12582296706271e-10,-7.4786472381371e-17,1.26088752411897e-16,1.41503621496072e-16,5.32478992173603e-17,6.55721557995522e-10,-5.0834738065641e-16,-6.47587307398741e-05,2.51199117497843e-17,-2.83490130083359e-17,3.53711260209536e-16,5.29805247597737e-17,-6.59663606119473e-17,1.64330537501171e-16,1.28202053353641e-16,-1.57441462094775e-16,-6.25514930654325e-17,2.16587115171817e-16,1.21956498042714e-16,-2.94703033223279e-17,2.77914178815972e-16,1.58336829390199e-17,1.38202400977519e-17,-6.05444537485244e-16,9.01847360756583e-17,1.70871542321227e-16,7.73942904872759e-17,-9.05778352405984e-17,4.12755767065232e-16,-1.22737460352078e-16,-6.79674302371002e-16,1.99307941406195e-16,1.52096492484983e-16,4.92480241454684e-11,6.12599684171333e-16,8.95107976246729e-16,2.5754982766992e-17,-1.14491792663789e-16,1.37380879925893e-16,2.62373277797596e-18,-1.40473198586504e-16,-1.94469684276368e-17,1.32679213434395e-16,3.40971710963796e-17,-2.82976767018717e-17,-1.81050530544249e-16,1.31177796186518e-16,-9.29015142956839e-17,1.62664967674962e-16,-3.21878155657047e-16,-4.73648383355624e-17,-6.32549375659226e-10,-8.3549332653104e-17,-6.6862387989935e-17,-2.91494345918187e-17,-1.31284253430385e-16,-1.03821182117218e-16,4.14589231288523e-17,-2.49516782628142e-16,-6.96179942492513e-17,-7.56288585309317e-17,1.33764379431035e-10,1.46394463137878e-15,1.18548965516102e-16,-8.53914129071942e-17,5.20471762383063e-17,-9.52068006332915e-18,1.06241410043581e-16,-1.42389870645803e-17,-4.76872059381271e-16,-1.70183650279672e-16,1.66784938160021e-18,-1.19752212627194e-17,2.91773735501903e-17,-1.7064186605592e-17,6.73653438276052e-10,9.72025338926299e-17,-6.05074666421454e-18,-4.50735002250718e-16,6.46835016104852e-16,-2.02607286148561e-09,-4.02770479437473e-17,-8.66268386606419e-17,-4.77854858984989e-17,3.96900647850322e-16,9.74270074456432e-17,8.08627481354445e-18,-1.75116309629515e-16,-1.6700438776744e-16,9.17130777010169e-18,-5.29090315719285e-17,-1.52809252468359e-16,7.63822835978836e-17,3.151378973569e-16,-2.88809896422233e-17,-5.07339556720986e-17,1.75616171018043e-16,1.06374809296126e-16
"t898",-0.0449398263651415,0.0425743145726284,-0.0701649547437681,0.0349621859323585,0.0106326959348619,-0.00569108063457789,0.0378555675372625,-0.0875113943208278,5.31675437207527e-05,-0.000324736161184951,-0.000193834024106457,0.0113127008568921,-0.0188341355649617,0.00273427420261096,-0.000674695257417143,-0.0973681990306439,0.00221866730397132,-0.00454944279895994,0.000304648611080014,-0.000107874954337575,0.00912570992847814,0.0377958726438901,6.04038396967066e-05,-0.000352858241970528,5.13736547551609e-05,-1.75434021605299e-05,1.95966784763508e-05,-1.69183196567605e-05,0.000203826238406762,0.000288520640892906,-1.11317412383029e-06,2.16651154573178e-06,-0.000801564024122214,2.17024233232588e-06,-1.31295628278828e-06,-2.30399125331338e-06,-9.29922743483084e-05,6.73162367750192e-07,5.51445571181419e-06,1.54184891739247e-06,8.36612724032468e-05,-1.13358995976588e-05,9.97861905382443e-05,-1.17273981784424e-05,0.00269940926521311,-6.93862542116389e-06,1.00514242898699e-05,-0.000209756774218155,1.93002144543879e-05,-4.74074687677661e-05,0.000546459344131468,-8.1731015787046e-05,1.26873101839861e-07,-0.127194467958539,-6.11303384223586e-06,5.40517277089515e-05,-2.65605549164074e-07,9.40155753355142e-06,-2.90801396586415e-06,-6.67806250968107e-05,-4.10689726275373e-06,6.00275722543146e-07,-2.24974389152168e-05,1.23448227396972e-05,-1.0675057448271e-06,2.86805228425999e-05,-2.26100413963659e-07,8.80110722677195e-06,-2.51613881451364e-05,1.07151303459741e-05,-1.38739726507809e-05,0.0027598894664689,-4.46383787475341e-06,-0.000495390573436908,0.000247322268299697,1.12429080177767e-06,-0.0312240196538603,-3.09966341607416e-05,3.29987739499708e-05,3.02099155809761e-05,-6.51681568175297e-06,-9.26354455762781e-05,8.84280834489525e-06,5.34964446672834e-05,-3.8750664177314e-06,-0.000878521926557693,0.000601727615003296,1.26297607260654e-05,5.42104615573385e-06,-0.0084997601119293,-1.00867249206713e-05,-0.0040273775561153,7.47623169579648e-07,-1.63437662345363e-05,-1.32363141461691e-09,-2.04363234845353e-06,4.62797695641312e-08,1.48637689477218e-08,3.16223713672648e-08,1.5031859928264e-08,-3.20574034823705e-10,3.69803833158994e-10,-1.75082735763765e-09,1.3767766668484e-08,-6.28764250748303e-09,7.29669377201387e-08,-3.6187718331295e-07,9.69173158729741e-08,-5.73018333720494e-08,6.43903503586983e-07,6.16954867840322e-08,1.46293614872575e-07,-3.21294431594684e-07,2.04829539850429e-07,-6.57437475268723e-10,8.63169625844786e-09,2.33730499303249e-09,-6.64550890039399e-08,1.75724408317747e-07,-7.76445351754593e-07,5.20913328434129e-06,-3.57292793252735e-06,2.83353579519848e-05,9.94839159204061e-05,-0.0280330737505881,-9.45903552860204e-05,0.00072113896431545,-1.02791501724616e-06,1.33777764325821e-06,4.40153443370459e-05,-7.19353195032018e-07,3.81802422461206e-06,-4.56540051711112e-06,-9.15911267301986e-07,2.67565953432209e-06,1.54878894838654e-06,-1.01068178359085e-08,-8.37573033774362e-06,6.09079424918161e-06,-1.84598327894099e-05,-1.80282300940262e-06,-9.84762488329277e-05,6.60673786242021e-05,0.000312215229273698,0.18756060191976,1.02886164291393e-07,1.20484005069358e-06,-7.75528832227653e-08,-4.19293085757638e-09,9.35092120014506e-09,3.90031188721646e-05,2.20829885307433e-08,3.42960521056537e-06,-1.46330818828564e-07,1.00233794458544e-08,5.82294137095574e-10,-5.97456059197304e-09,-4.95224957160967e-07,-3.8804783430389e-10,1.86703319733009e-12,4.32963014163809e-07,-1.05089416455334e-08,1.48582665531261e-08,2.13712520656964e-06,-4.59947116260113e-07,2.72522513460962e-06,-1.9176189940523e-06,-3.51796359122041e-08,-1.78194387768735e-06,-3.22127367685653e-06,6.00970594865828e-05,1.53610519230128e-05,-0.380060065339331,1.75488391422288e-06,1.03498630868445e-05,2.02456710219647e-07,7.51996090169366e-07,-2.7133212507408e-06,-1.60695158410128e-06,-0.000253838530013447,1.21196484493228e-05,3.5570569609513e-05,-8.56090092080698e-07,-2.68887582670015e-08,-1.01328222129015e-07,-1.727556406263e-07,-3.48067719915175e-06,8.89550270049637e-07,4.06489396928974e-06,-0.000220130585668811,-7.19030378283161e-08,1.38756959360259e-07,5.57736863283295e-07,7.28480261716894e-09,9.92334974331559e-08,-1.65837849942052e-07,-3.43871574884969e-07,-0.00765040312784459,-9.14486695501902e-09,5.00180991918121e-08,5.02148601285231e-08,8.72817460120904e-06,-1.47309527469835e-09,-2.12450001263673e-06,-4.65135967886636e-07,-2.13964689033733e-05,3.91628453951709e-07,0.000796933846664598,-1.35632702847306e-06,-7.05591892546716e-08,-7.27999253451643e-06,1.66029081394679e-05,-4.43029649765439e-05,-7.21941623789846e-07,-3.83354386612026e-06,-5.32167186755682e-07,6.29243756340652e-06,6.96593814948888e-08,-1.32612382801055e-07,-6.8163578533754e-07,-3.76370606949329e-06,4.17873590573884e-05,1.23244087179745e-06,4.09538216085037e-06,-1.11031739555184e-06,-5.75302247612463e-07,-6.08975263116814e-06,-4.54853313711402e-07,-7.52487971393009e-07,-6.4005818469698e-07,1.82889854743334e-05,2.97658558917346e-06,2.39434196938418e-07,4.04816689567163e-07,-2.38979721451724e-08,-3.26313505415642e-06,-2.50152528819037e-06,4.99257222356449e-16,-6.50550732410348e-07,0.00117713501414615,-1.00912614387928e-06,-3.33868914427861e-05,-5.98061840990752e-06,5.65987283408086e-05,-8.1357067093509e-06,0.0683314401549538,1.47962720281894e-06,-1.66824028065972e-08,1.70782608183158e-05,-1.51288702876218e-05,4.06297644753365e-07,-5.25388190831466e-05,1.90497170567947e-06,-0.332941231537375,-2.51151886669415e-08,-2.10024512914261e-07,2.55248206627738e-07,-2.83907243292961e-05,-1.05321496890042e-07,1.89090224641517e-08,-3.68312115392216e-07,6.86674858488098e-08,-7.23440368570012e-06,3.40427978757341e-06,-3.12011277699625e-08,1.05156783826825e-08,-9.90306489316198e-09,-6.96815222241135e-07,1.58172272047132e-06,-9.74456569379131e-09,-3.80282705612654e-09,7.63597355376382e-09,-6.51955397850269e-07,3.84680447611234e-05,-8.82651144373628e-08,1.19414395745456e-06,-6.31616552022924e-06,5.26272163805231e-08,-9.50001676282105e-08,3.18676556042549e-08,-1.61175637823504e-08,5.56579586019026e-17,3.00038072450275e-08,9.85719721012734e-10,7.91292363140075e-12,4.39460751069355e-08,-4.26177220577802e-10,1.6397684911898e-10,2.06592658163128e-08,9.34862082371261e-09,-1.04742919771547e-08,2.79474555204674e-08,1.33295833790513e-09,-1.91841290456019e-09,2.63335271993811e-08,-3.31623844525388e-08,8.3297046052407e-07,-2.51352519019217e-08,1.22056975765969e-05,1.34750395209454e-09,7.57856031461142e-09,8.09054124293358e-08,-8.03615170172982e-07,1.9340451640444e-08,-7.60191416505928e-08,1.05410648517591e-07,-3.85936064722648e-07,2.61142929578794e-08,2.37123789561899e-08,1.82475479384913e-07,-3.08921009417002e-07,-2.53246880110108e-08,2.10882429724219e-07,-1.40696328536473e-07,3.50656197227702e-09,3.30827428371896e-08,-6.61441639691843e-08,1.00362145951406e-16,2.36894842936425e-10,1.01574546731776e-06,-7.84225587572174e-06,6.85235913739471e-08,6.17660013636926e-08,1.82630028071497e-08,4.29334622788307e-08,-6.37553014617555e-07,2.44090905372725e-07,1.29985988105769e-15,-2.00300707827698e-07,-2.46291132493521e-09,-7.01484547756422e-09,2.33872006199453e-07,5.53890638030238e-08,-3.83871551775745e-09,-1.52570531791963e-07,4.17962819735643e-08,-1.47208204089354e-06,2.95949511203647e-07,-6.26129776005966e-08,-1.15948767171074e-07,-6.22406264043874e-09,-5.17661240582751e-07,-1.2087991509164e-07,5.16965861404398e-07,-1.35959759568009e-07,-5.8210143183643e-16,-2.37547496725457e-05,9.6836588744252e-06,6.77852554303378e-09,5.30866767254759e-07,-3.33611304563134e-07,-8.53528219312821e-07,3.22391895422274e-06,-1.18803169814226e-05,-8.73703133501632e-08,-1.07174169523071e-15,-1.72821216191406e-07,-4.92111648980144e-07,-2.5203572582383e-07,1.43898050674491e-15,5.50880700045858e-07,7.46829566838324e-06,-1.1629094643353e-06,-4.98194119015521e-07,-1.80063329235535e-07,-1.0290936183296e-07,-3.88945863058131e-06,1.30994666687685e-07,1.42787137046974e-06,4.91651552643752e-07,5.13152993550269e-07,3.9702352914059e-05,5.21730942060107e-15,-0.289036739617827,-5.39648713455741e-06,-1.07549216596295e-05,5.19416666616729e-07,-1.8696593039767e-15,2.28897026693658e-07,-1.43701452283638e-05,5.08520978877722e-08,4.18548907763492e-08,9.70098622716143e-08,-4.64546683641792e-06,9.37806790028315e-07,-8.11981030431218e-08,8.99545372035308e-16,-2.04909977008638e-07,9.75513452190779e-06,-6.78434009177585e-07,-2.07884629044555e-07,2.09909993971974e-08,1.37679763179999e-10,1.41206490944512e-15,2.47412530091755e-16,1.20101521549782e-10,1.55392881673741e-05,-0.00452429253812514,9.8945402270815e-09,3.82590757808154e-16,3.59154172128797e-09,3.35796187659489e-11,9.11741515885642e-16,-5.99332933892487e-16,1.34998119122571e-16,-1.18513664120197e-09,-1.26531158039305e-09,-9.37555409193449e-09,1.12612156120815e-08,5.95334396941628e-09,1.87635060493993e-08,-5.90290807214398e-08,2.84495311848727e-16,-2.26308756207222e-08,9.65839891957868e-08,9.72619453977549e-16,-9.21310168869111e-16,-8.28402826946514e-08,-7.42130903358591e-12,-0.000275188662832644,5.99449849930772e-08,8.3160955368403e-07,-6.42498907084374e-09,-1.53393725849042e-11,-2.43827245012195e-08,-2.86371396189218e-16,-1.48757835662411e-07,-1.78768675210272e-15,-0.019040286011636,-7.66639355627362e-16,-1.00562107792965e-08,2.45529952132199e-08,2.05756816134761e-08,4.15772387128199e-07,1.79988431017517e-06,-0.265886158420006,-1.74020797178307e-06,-3.22699656338144e-08,-1.56511871193007e-07,-1.38854258839094e-08,-0.0171405824370007,1.16866742144161e-07,3.44816529732396e-08,3.02388179665874e-09,0.000750974015637031,-1.97536210914691e-15,-4.47698792552779e-07,7.07530103921958e-08,-5.10055023227739e-09,1.95978676158616e-16,-6.16401045382739e-10,-1.45714765786549e-08,-4.91766816504449e-08,1.39681653615963e-15,8.0347497057635e-08,5.45420572596201e-09,-6.00349544849555e-16,6.79242455370114e-09,-5.42816776963593e-07,2.80879920940133e-16,-7.35458175200367e-16,2.26121960561302e-09,1.7234684289133e-09,9.15360954125259e-12,1.16534547483468e-08,-2.50623352416471e-09,-5.01539717189686e-09,-6.77203522007552e-10,-5.87015350299282e-09,6.92640023616808e-09,4.6295432765131e-17,-8.35611960063691e-11,-8.03766176774852e-12,-1.96977668403283e-11,-1.56937643080249e-09,6.17484591330572e-16,8.87541283453248e-17,-3.95714626713328e-10,6.55180743892618e-17,-2.77423314901302e-16,1.838950228875e-09,-2.813590190137e-09,-3.66220916455893e-09,-4.77231688147844e-11,1.51650195177941e-07,3.36016102087413e-09,1.60166060397537e-10,-4.36615626613647e-17,6.16625889542146e-10,3.09486833492724e-11,1.45220509355614e-10,-1.12706107114522e-08,5.19928715360134e-08,3.27983922542958e-16,-7.49555379930155e-17,7.98832679104619e-16,-7.81635793698719e-10,-2.78054949023458e-09,-2.34155275755053e-09,-2.59954699660291e-16,-2.2669157245168e-09,9.24964675827739e-16,3.83434936105821e-16,6.54620055094067e-08,-1.44047679688633e-09,1.91621891965088e-15,-3.69299908431994e-09,-1.3543801347743e-08,7.23722579398536e-13,6.09754003401671e-09,-1.70099562974997e-16,1.71035202818817e-09,-3.4293936787535e-16,1.71367550954074e-09,1.48824795018972e-08,3.75468131874996e-09,5.1139979357271e-10,3.55104197630024e-09,-1.02000585376193e-06,5.37832565652505e-09,-3.6853714380995e-16,3.41603173356798e-07,-1.51538775761347e-08,-4.01015840893551e-16,-0.000244342713469776,-5.69531544127003e-09,7.04270944239729e-08,-9.40794975699699e-17,4.53813000816348e-09,4.19575934168079e-08,-1.93399732100329e-16,-1.52632134328769e-08,-3.39284560160872e-09,-1.24781277053794e-09,-1.51808034203685e-16,3.00750237267621e-17,3.344353457043e-09,1.04034554179028e-09,8.44370441923164e-11,-1.29856938398079e-08,6.65121791538292e-10,-2.59688895805906e-16,1.27861274532928e-17,2.44400021848975e-09,1.68599799457889e-11,-3.0122611437973e-16,5.97498654278788e-09,-1.60131142000736e-16,2.16464296069678e-08,-1.17082695252328e-09,-6.84751669488091e-10,-4.55650362961483e-09,-2.20725838861526e-16,1.47839434279223e-16,4.62667529161466e-17,-2.65457640878934e-16,-2.6202505197884e-09,-6.82175280102631e-08,4.99527609512601e-17,2.11706669545964e-16,1.64413443311393e-16,1.29415046454548e-08,8.74051186655596e-10,-6.49550217749461e-09,2.4573876155389e-17,5.42616082274683e-16,-1.09645365703459e-15,-4.16050850657611e-08,8.83877095559645e-09,-2.87162012453383e-16,1.17403803844052e-08,-4.1241978311143e-08,1.19857973903575e-16,1.97527024409666e-16,-4.16221133395334e-09,-4.26836143906114e-11,-2.07777572166495e-09,3.53273282700317e-17,2.36402027332203e-09,3.46365845520021e-09,3.74774646676623e-09,-3.45562527151165e-09,-1.23469895329912e-08,7.91432215059557e-09,-1.04976964569008e-16,-1.29281448271118e-16,2.27388714552734e-16,7.43338624595862e-05,-1.37686324904461e-08,-9.91699050663069e-10,-8.13042364810216e-10,-2.59602715676243e-16,-3.06758569159877e-16,4.45180464023373e-16,-1.54790657025823e-16,5.53101942085134e-16,2.7406040589862e-08,-2.08107340231898e-17,2.5185905888105e-16,-6.45723392539305e-10,8.84277878490671e-17,-5.78252737101766e-10,6.64242519895041e-18,-7.17362177421972e-10,3.29896231218272e-16,-8.79494276849295e-10,-1.10400469020007e-10,-5.22947430864042e-07,3.08694406559257e-16,3.57442111197011e-09,3.60162981205273e-17,5.13032769412968e-09,-6.3319844982227e-08,5.06660603972142e-11,5.94262233806059e-16,7.43358231058404e-09,-5.09328335064064e-16,-1.84319630683676e-09,-1.04081743406965e-08,-1.70581256299825e-16,-7.68036040816379e-17,1.99380286023326e-16,1.11706011190748e-16,-3.5193534052489e-11,-4.59167819980781e-10,-1.0276105795406e-10,8.95110018238042e-17,-2.5638510275352e-16,-7.68663099571383e-09,2.26060871141853e-06,1.31672977895142e-17,-1.87256202423387e-17,-4.78945802362028e-10,-1.20246049856316e-17,-3.40392855872282e-09,2.71297864756422e-16,3.24148804517952e-08,3.37010191360375e-16,6.8469893129078e-17,-2.77915849687417e-17,1.43725716877458e-16,1.49382155023541e-16,1.3072811441171e-15,1.34520493861827e-05,-4.4861794600308e-05,-7.56176120063914e-17,-2.90699031069325e-09,1.11148461961474e-08,-4.37391985848453e-16,-9.56056659670837e-17,-9.73772125859766e-17,-2.83587392834461e-16,1.10993699060936e-09,1.77928428758568e-10,4.63842748659936e-16,7.61893380155204e-17,-2.02566796634375e-09,-7.22832004391256e-09,-7.57313321850879e-10,-4.64679798443563e-17,3.6310868263862e-16,1.46906908298519e-16,-7.11067408399544e-17,-1.68201980477747e-18,3.0130229589782e-16,4.34604238312201e-09,-4.11662765908745e-09,-7.92710974587267e-10,-3.71345012020308e-16,-1.44881680499558e-16,-6.04505202573439e-16,-1.82983386978134e-16,1.20855733952034e-17,-8.38809066015422e-16,1.52060093537926e-16,1.33718515984175e-17,-4.04272521193711e-17,5.31911656242414e-16,1.07199747853257e-16,3.56576807453727e-16,6.90017778048406e-17,-8.26319088806987e-17,2.29542043697874e-08,-2.65455921278549e-18,6.79892467907828e-16,-2.08921341077766e-17,4.36531648299825e-08,-7.61480927611665e-11,1.01974413539076e-16,-3.92996855122426e-06,4.00686083459217e-08,1.9741920409294e-16,2.16176318750822e-16,-1.12301304375319e-08,4.26266669034721e-16,9.95874454000912e-10,5.61911575544768e-17,1.5495182149405e-16,-6.11495430617909e-17,-1.52285549127086e-16,1.4217860800297e-10,-1.95345782981188e-08,5.22609182152833e-16,1.33406796085922e-16,-9.16022043130819e-17,-5.34904233335665e-16,-1.08387691183376e-15,1.02815478414703e-16,-3.21616656572653e-18,-2.83192139345864e-16,1.244013209576e-08,3.60180921368481e-16,-2.95160992395539e-16,2.90601833762079e-17,-1.12224509451525e-16,-6.94061034751859e-17,2.46162136070565e-15,-4.78956460492886e-09,5.09245996458792e-17,-5.60218599107805e-17,3.57461319872479e-09,-3.01718230460196e-16,1.81141244872447e-16,-3.88779392325835e-16,-2.61468105536399e-16,2.0837240666246e-08,-7.65757818431155e-17,-2.23316451396674e-09,1.57881286581786e-16,-2.07708126650137e-16,1.98570541164205e-17,5.68435764089362e-16,9.12845991033194e-17,1.39085643348219e-15,8.12608967835297e-11,1.10026078761365e-16,-2.59862665875032e-16,0.000299608302839276,-9.0671592279682e-09,-1.08325497976446e-16,7.06947171221759e-09,1.03763854246921e-09,-1.23665590107033e-16,3.6854832717133e-16,-5.28725117871593e-16,6.33387231838082e-17,5.63845828518354e-16,-1.76993340715044e-09,7.32238571923183e-16,1.55720696002964e-15,7.43594505348306e-16,7.10856544785464e-10,2.18831658243469e-16,-7.87535186769426e-16,-3.17335867986662e-16,4.61551345674693e-16,-3.25207606468308e-10,-5.16467840452852e-16,6.76146991470413e-10,-4.02706470973244e-16,6.72954099541456e-16,-1.28674770178127e-16,7.1262378064819e-18,9.04508775341716e-17,1.95690228584984e-16,-5.94004541438636e-17,-1.52779698958846e-08,1.8315802965308e-16,7.30189974104806e-16,4.97101605212238e-09,-1.4012072286366e-16,-7.7276216874278e-17,-9.03195183220999e-16,2.59481923901583e-16,-1.6204127089832e-16,-6.04048707938716e-17,-5.24764162262418e-09,9.03434498983601e-17,5.33640297175495e-16,1.080561543167e-08,-9.89865598164404e-16,5.40765486418495e-16,-5.79846677525177e-16,-1.75006478625383e-16,7.45590187866233e-16,-2.75862911270964e-16,1.38185501806389e-17,-1.27947008526561e-16,6.58027298748002e-16,1.90845995654509e-17,-7.71519139463681e-17,-5.71336231391355e-09,2.45394256903767e-08,-7.0723092937383e-16,-3.48115780883477e-16,2.33898863553671e-16,5.61569774656386e-16,1.28597219678506e-15,-6.32120398664346e-16,-2.77309677484979e-16,1.49767828853263e-15,-2.39345970196193e-10,-6.54698774570467e-16,-8.64644592942271e-17,3.32172640734774e-16,5.6531361968543e-16,3.07752127427444e-10,8.72593762408772e-16,-3.05668910428887e-05,-1.97980792955751e-16,1.71656233182215e-16,2.59160085394228e-16,2.8656046522743e-16,-7.83855179350688e-16,9.90436414522771e-16,-2.38740333788766e-16,-1.39222649337608e-15,9.91523292136726e-17,4.59290679592898e-16,2.25612572897196e-16,-6.14627955841993e-16,-7.19990704154982e-16,-6.77472293667889e-16,-3.64056464328343e-16,-8.04565735757824e-17,-2.63977740980688e-17,-6.38892457461595e-16,5.64759085731922e-16,5.58030903868331e-16,2.56023501010727e-15,8.57650425947459e-16,-5.27616761395426e-15,4.21324520426385e-16,-3.87344893824037e-16,2.37237263650695e-11,3.24881198104357e-16,-4.53138732010997e-15,9.39045540152236e-17,-1.37001966396223e-17,1.16465440006978e-15,-1.20235317647573e-15,-1.57803314831381e-16,-8.13404859708875e-16,6.9162384932811e-16,1.60413242479822e-17,-3.99181555865713e-15,1.27488574704286e-16,4.50717777861597e-16,7.12163385919221e-16,5.11250569325816e-15,-4.30398718360047e-16,1.63786295962015e-15,-3.08751723756337e-10,-5.43509551226442e-16,4.50292254526576e-16,1.6624785444562e-15,7.17072295467876e-16,2.60279421273311e-15,1.38125860242908e-15,9.05719954298035e-16,7.34424181277647e-15,1.03374044993294e-14,6.61701365956959e-11,-0.70710678118655,1.21970833874312e-13,1.23214773876857e-14,-6.95891864276137e-15,7.18254091668836e-16,4.61484777696324e-15,6.22957246431314e-15,1.29388967662953e-15,4.46580188203374e-16,5.65000157445161e-15,-4.80556368833065e-17,-8.25443743478579e-16,-1.35124710840793e-15,3.37458036034493e-10,1.49072952469279e-15,4.19405738341534e-16,-1.05795259453997e-15,-3.8816606179326e-15,-1.02087241350893e-09,-5.78430362917973e-16,1.19690981898397e-16,-2.01266776467284e-15,-1.94436294344229e-15,-6.56462864773104e-17,2.45252528674537e-15,3.1733841021928e-16,1.5518860716816e-16,6.55234216013381e-18,-3.98855198772296e-16,1.97124451986195e-16,2.31441629953484e-16,3.10586366767066e-16,9.78030653345801e-16,6.11136331165397e-16,-3.08811218126783e-16,-5.4351137380438e-16
"t899",-0.0449398263651415,0.0425743145726284,-0.0701649547437681,0.0349621859323584,0.0106326959348619,-0.00569108063457789,0.0378555675372625,-0.0875113943208278,5.31675437207405e-05,-0.000324736161184943,-0.000193834024106446,0.0113127008568922,-0.0188341355649617,0.00273427420261096,-0.000674695257417122,-0.0973681990306439,0.00221866730397132,-0.00454944279895993,0.000304648611080024,-0.000107874954337589,0.00912570992847814,0.0377958726438901,6.04038396966233e-05,-0.000352858241970512,5.13736547549954e-05,-1.75434021607948e-05,1.95966784759694e-05,-1.69183196569126e-05,0.000203826238406769,0.000288520640892923,-1.11317412366375e-06,2.16651154598161e-06,-0.000801564024122216,2.170242332659e-06,-1.31295628306245e-06,-2.30399125325787e-06,-9.29922743482621e-05,6.7316236794188e-07,5.51445571181447e-06,1.54184891750091e-06,8.36612724031372e-05,-1.13358995976175e-05,9.97861905384265e-05,-1.17273981783469e-05,0.00269940926521317,-6.93862542115703e-06,1.00514242899143e-05,-0.000209756774218266,1.93002144543438e-05,-4.74074687678529e-05,0.000546459344131524,-8.17310157870825e-05,1.26873101826864e-07,-0.127194467958539,-6.1130338422233e-06,5.40517277089547e-05,-2.65605549215455e-07,9.40155753349603e-06,-2.90801396580159e-06,-6.67806250967911e-05,-4.10689726275673e-06,6.00275722444077e-07,-2.24974389150573e-05,1.2344822739666e-05,-1.06750574478677e-06,2.86805228425445e-05,-2.26100413668485e-07,8.80110722667146e-06,-2.51613881451502e-05,1.0715130345995e-05,-1.38739726506786e-05,0.00275988946646908,-4.46383787472346e-06,-0.000495390573436916,0.00024732226829965,1.12429080172885e-06,-0.0312240196538603,-3.09966341607302e-05,3.29987739501581e-05,3.02099155807947e-05,-6.51681568172302e-06,-9.26354455762293e-05,8.84280834492209e-06,5.34964446673214e-05,-3.87506641790051e-06,-0.000878521926557761,0.000601727615003195,1.26297607260614e-05,5.42104615560047e-06,-0.00849976011192914,-1.00867249207291e-05,-0.00402737755611578,7.47623169695884e-07,-1.63437662345785e-05,-1.32363091427157e-09,-2.04363234862093e-06,4.62797695086345e-08,1.48637688092759e-08,3.1622371410566e-08,1.50318598892168e-08,-3.20573750657968e-10,3.69803479222968e-10,-1.75082740513078e-09,1.37677666149451e-08,-6.28764260674703e-09,7.29669376747797e-08,-3.61877183202608e-07,9.69173158395963e-08,-5.7301833366385e-08,6.43903503585791e-07,6.1695486801116e-08,1.46293614752971e-07,-3.21294431635447e-07,2.04829539957756e-07,-6.57437534116713e-10,8.63169639611422e-09,2.33730572769138e-09,-6.64550888368678e-08,1.75724408332781e-07,-7.76445351741243e-07,5.20913328435392e-06,-3.57292793256401e-06,2.83353579518808e-05,9.9483915920492e-05,-0.0280330737505882,-9.45903552861335e-05,0.000721138964315853,-1.02791501729809e-06,1.33777764315932e-06,4.40153443370458e-05,-7.19353195140655e-07,3.81802422461725e-06,-4.56540051717182e-06,-9.15911267352508e-07,2.67565953435591e-06,1.54878894844421e-06,-1.01068179041522e-08,-8.37573033811134e-06,6.09079424915862e-06,-1.84598327895764e-05,-1.80282300941747e-06,-9.84762488328894e-05,6.60673786242299e-05,0.000312215229273689,0.18756060191976,1.02886164256543e-07,1.20484005067277e-06,-7.7552883382307e-08,-4.19292999347076e-09,9.35092123477593e-09,3.90031188722219e-05,2.20829885677642e-08,3.42960521059961e-06,-1.46330818853058e-07,1.00233794382641e-08,5.8229418324181e-10,-5.97456058703865e-09,-4.95224957153194e-07,-3.88047857577205e-10,1.8671764068101e-12,4.32963014238154e-07,-1.05089414711932e-08,1.48582665241336e-08,2.13712520663963e-06,-4.59947116322828e-07,2.72522513462846e-06,-1.91761899438482e-06,-3.51796359724688e-08,-1.78194387792354e-06,-3.22127367702946e-06,6.00970594865463e-05,1.53610519231357e-05,-0.380060065339332,1.7548839140404e-06,1.03498630869452e-05,2.02456710366214e-07,7.51996090161994e-07,-2.7133212508065e-06,-1.60695158420949e-06,-0.000253838530013933,1.21196484491485e-05,3.55705696094871e-05,-8.560900919249e-07,-2.68887584607562e-08,-1.01328221974666e-07,-1.72755640550203e-07,-3.48067719918646e-06,8.89550270115858e-07,4.06489396932662e-06,-0.000220130585669624,-7.19030379212105e-08,1.38756959332872e-07,5.57736863247423e-07,7.28480250760177e-09,9.92334973598853e-08,-1.65837849929852e-07,-3.43871574902799e-07,-0.00765040312784468,-9.14486697713943e-09,5.00180991736927e-08,5.0214860194808e-08,8.72817460132478e-06,-1.47309508642669e-09,-2.12450001278177e-06,-4.65135967711108e-07,-2.13964689033189e-05,3.9162845393785e-07,0.000796933846664741,-1.35632702863948e-06,-7.05591893477708e-08,-7.27999253504901e-06,1.66029081395252e-05,-4.43029649764781e-05,-7.21941623781175e-07,-3.83354386617752e-06,-5.32167186680657e-07,6.2924375638771e-06,6.96593815467817e-08,-1.3261238287203e-07,-6.81635785183261e-07,-3.7637060693452e-06,4.17873590575256e-05,1.23244087186494e-06,4.0953821606394e-06,-1.11031739563704e-06,-5.75302247651198e-07,-6.08975263101833e-06,-4.54853313439418e-07,-7.5248797127539e-07,-6.40058184634871e-07,1.82889854744568e-05,2.97658558919668e-06,2.39434196778855e-07,4.04816689523099e-07,-2.38979720581952e-08,-3.26313505436e-06,-2.5015252881649e-06,5.76860842158765e-16,-6.50550732458008e-07,0.00117713501414615,-1.00912614386651e-06,-3.33868914428344e-05,-5.98061841015636e-06,5.65987283408714e-05,-8.13570670933458e-06,0.0683314401549544,1.47962720279906e-06,-1.66824028973753e-08,1.70782608184315e-05,-1.51288702877228e-05,4.06297644751901e-07,-5.25388190832212e-05,1.90497170593502e-06,-0.332941231537376,-2.51151890312334e-08,-2.100245129134e-07,2.5524820658581e-07,-2.83907243288948e-05,-1.05321496815372e-07,1.89090227590386e-08,-3.68312115500913e-07,6.86674860779926e-08,-7.23440368571044e-06,3.4042797876773e-06,-3.12011283769006e-08,1.05156784303839e-08,-9.90306497536926e-09,-6.96815222173921e-07,1.58172272052762e-06,-9.74456544381982e-09,-3.80282687036325e-09,7.63597357924742e-09,-6.51955397688097e-07,3.84680447617816e-05,-8.82651144155079e-08,1.19414395749177e-06,-6.31616552031412e-06,5.26272165855315e-08,-9.50001676332794e-08,3.18676554859271e-08,-1.61175639151343e-08,1.25895754970411e-16,3.00038071326021e-08,9.85719656852722e-10,7.91297274277785e-12,4.39460750515313e-08,-4.26177311707506e-10,1.63976897655221e-10,2.06592658675373e-08,9.348620821321e-09,-1.04742921459315e-08,2.79474555942758e-08,1.33295850979695e-09,-1.91841285771338e-09,2.63335271131062e-08,-3.31623843284389e-08,8.32970460623827e-07,-2.51352516279243e-08,1.2205697573979e-05,1.34750412021893e-09,7.5785602926496e-09,8.09054122949356e-08,-8.03615169980862e-07,1.934045155837e-08,-7.60191414302964e-08,1.05410648598147e-07,-3.8593606463537e-07,2.61142927863485e-08,2.37123790369054e-08,1.82475479250689e-07,-3.08921009184929e-07,-2.53246874844849e-08,2.1088242983993e-07,-1.40696328682922e-07,3.5065619784447e-09,3.30827429754457e-08,-6.6144164259649e-08,9.37643390353625e-17,2.36894660223239e-10,1.01574546718592e-06,-7.84225587574885e-06,6.85235915557662e-08,6.17660012608145e-08,1.82630029870645e-08,4.29334623801325e-08,-6.37553014476175e-07,2.44090905358929e-07,1.32070551646478e-15,-2.0030070778826e-07,-2.46291123602471e-09,-7.01484511334598e-09,2.33872006121851e-07,5.53890638116094e-08,-3.83871540419151e-09,-1.5257053180866e-07,4.17962816544921e-08,-1.47208204067226e-06,2.95949510877627e-07,-6.26129776669074e-08,-1.15948767235394e-07,-6.22406261410619e-09,-5.17661240021731e-07,-1.2087991518831e-07,5.16965861473746e-07,-1.35959759465162e-07,-1.86851949513991e-16,-2.37547496724025e-05,9.68365887434042e-06,6.7785253737062e-09,5.30866766568256e-07,-3.33611305039615e-07,-8.53528219068571e-07,3.22391895431435e-06,-1.18803169814369e-05,-8.73703134630626e-08,-1.17101438001617e-15,-1.72821215145645e-07,-4.92111649268003e-07,-2.52035725979458e-07,1.53477545310899e-15,5.50880699902838e-07,7.46829566822708e-06,-1.16290946460892e-06,-4.98194118816529e-07,-1.80063329092187e-07,-1.02909361667574e-07,-3.88945863083417e-06,1.30994666870416e-07,1.42787137038432e-06,4.91651552597059e-07,5.13152994062728e-07,3.97023529141135e-05,5.20970169836386e-15,-0.28903673961783,-5.39648713453993e-06,-1.07549216596943e-05,5.19416666916627e-07,-1.86685818956969e-15,2.28897026711711e-07,-1.43701452276995e-05,5.08520977527162e-08,4.18548905585427e-08,9.70098627406097e-08,-4.64546683705944e-06,9.37806790061112e-07,-8.1198102860437e-08,9.81940535877757e-16,-2.04909977318229e-07,9.75513452050678e-06,-6.78434009015394e-07,-2.07884629653416e-07,2.0990999489602e-08,1.37679918511667e-10,1.56645529880706e-15,2.8328257265275e-16,1.20101452711494e-10,1.55392881675507e-05,-0.00452429253812328,9.89454045928692e-09,2.08540937756485e-16,3.59154154443929e-09,3.3579246950116e-11,8.91315366471882e-16,-5.75575822972818e-16,-3.48168681446676e-17,-1.18513673277971e-09,-1.26531165174689e-09,-9.37555420734836e-09,1.12612157865909e-08,5.95334391778125e-09,1.87635062212455e-08,-5.90290809316945e-08,2.27423864117121e-16,-2.26308757444772e-08,9.65839893772014e-08,6.14051732859477e-16,-1.49857125106904e-15,-8.28402825054853e-08,-7.42136076775686e-12,-0.000275188662832543,5.99449845891849e-08,8.31609554229493e-07,-6.4249889120094e-09,-1.53410239781338e-11,-2.43827248415684e-08,-5.16687821131987e-16,-1.4875783568913e-07,-1.82655539998633e-15,-0.0190402860116349,-6.47563205646016e-16,-1.00562107400787e-08,2.45529949099552e-08,2.0575681289896e-08,4.15772387169626e-07,1.79988430994994e-06,-0.26588615842001,-1.74020797197342e-06,-3.226996535034e-08,-1.56511871134972e-07,-1.38854257451051e-08,-0.0171405824370001,1.16866742245154e-07,3.44816525641395e-08,3.02388201373041e-09,0.000750974015637088,-2.13857380541168e-15,-4.47698792963581e-07,7.0753009976675e-08,-5.10055066542418e-09,2.59291796498129e-16,-6.16400767674566e-10,-1.45714765775909e-08,-4.91766815390902e-08,1.41169366841773e-15,8.03474971026355e-08,5.45420544155457e-09,-9.64456647915635e-16,6.79242427692457e-09,-5.42816776445663e-07,1.59686814936603e-16,-7.38660629274933e-16,2.26121962196727e-09,1.72346856770809e-09,9.15416662188886e-12,1.1653454835552e-08,-2.50623345005221e-09,-5.01539724921773e-09,-6.77203288035437e-10,-5.87015325718107e-09,6.92640032825876e-09,-1.61329283265843e-16,-8.35612180037272e-11,-8.03755594204914e-12,-1.9697757770088e-11,-1.56937620805955e-09,3.29463064130333e-16,2.43073600152724e-16,-3.95714917936658e-10,1.4040933767052e-16,-2.94480957299513e-16,1.83894997234631e-09,-2.81359038584603e-09,-3.66220921461225e-09,-4.77230749568139e-11,1.51650195322259e-07,3.3601608843886e-09,1.60165826030309e-10,2.09478669008752e-17,6.16625756369745e-10,3.09480757793168e-11,1.45220157183832e-10,-1.12706106888877e-08,5.19928715131386e-08,1.17842403101657e-16,-3.55095869887446e-17,9.71052942320761e-17,-7.81636407541823e-10,-2.78054947697689e-09,-2.34155301155714e-09,-2.17114091038868e-16,-2.26691564944517e-09,2.38629222274615e-16,-1.74906494075974e-16,6.54620053743978e-08,-1.44047698479978e-09,1.79977560632594e-15,-3.69299937145573e-09,-1.35438014991047e-08,7.23459543286352e-13,6.09753973724361e-09,-2.18273973127442e-16,1.71035189213778e-09,-2.8893643789111e-16,1.71367597725966e-09,1.48824791959764e-08,3.75468127948671e-09,5.11399886080794e-10,3.5510428016103e-09,-1.02000585356943e-06,5.37832534269088e-09,2.50670911556062e-16,3.41603173002701e-07,-1.51538775573849e-08,-8.36492329454967e-16,-0.00024434271347175,-5.6953152623022e-09,7.0427094733486e-08,-7.20606232412204e-16,4.53812995645894e-09,4.19575937122128e-08,2.4179137733203e-16,-1.52632136538374e-08,-3.39284609279637e-09,-1.24781292399618e-09,-2.08686884244448e-16,-2.17446576612225e-16,3.34435340009871e-09,1.04034438531291e-09,8.4437257629929e-11,-1.29856941735187e-08,6.65122161102796e-10,1.28655960041119e-16,-1.10667440817384e-16,2.44400031020396e-09,1.68603628162155e-11,-3.15459083701036e-16,5.97498674968251e-09,1.4187963727043e-16,2.16464297717599e-08,-1.1708267224234e-09,-6.84751436251224e-10,-4.55650368783483e-09,-3.26950331110793e-16,-1.80890845680506e-16,4.93077537149802e-17,-4.5861191010614e-16,-2.62025030962599e-09,-6.82175278334844e-08,-4.07957279894939e-17,-1.11353932942319e-16,-2.08696855051103e-16,1.29415046422023e-08,8.74051666877545e-10,-6.4955024939089e-09,1.31830237301844e-16,-4.92065155982546e-16,1.63118216850444e-16,-4.16050852001619e-08,8.83877114051736e-09,3.16368717181196e-16,1.17403800585077e-08,-4.12419783915912e-08,-8.51383494818292e-17,-1.01155601493827e-16,-4.1622100514354e-09,-4.26837778187633e-11,-2.07777596786696e-09,-6.28591803201112e-17,2.36402070221464e-09,3.4636582359195e-09,3.74774682969022e-09,-3.45562493525823e-09,-1.23469893209722e-08,7.91432339170218e-09,-1.77723038235779e-16,2.9960654106317e-16,-3.25437976563713e-17,7.43338624595437e-05,-1.37686325187371e-08,-9.91699038012003e-10,-8.1304213813658e-10,-2.69405917004082e-16,1.18184704411634e-17,6.2653873510458e-16,5.69091269626387e-17,5.37728152269617e-16,2.74060406783974e-08,-9.01128659421724e-17,-2.56751354903606e-16,-6.45723096483189e-10,-3.2980308357982e-17,-5.78253015383644e-10,1.44636278447414e-16,-7.17362305559637e-10,-2.06588567793452e-16,-8.79494408802422e-10,-1.10399786937939e-10,-5.22947431289159e-07,-2.32176818267894e-16,3.57442225223572e-09,-8.90054822498561e-17,5.13032775335465e-09,-6.33198451791183e-08,5.06665094066764e-11,1.81706690955338e-16,7.43358225766417e-09,2.60216487985899e-16,-1.84319574709915e-09,-1.04081741716234e-08,4.53818606968196e-17,-5.13913808731662e-17,-2.1264438675266e-16,-1.89319674612386e-16,-3.51931091845734e-11,-4.5916777384617e-10,-1.02760983307486e-10,-1.49745203638267e-16,7.19930279512656e-17,-7.68663033598077e-09,2.26060871222865e-06,-3.90917765864555e-17,-2.13115898065695e-16,-4.78945642242271e-10,-8.24475409413196e-17,-3.40392847597329e-09,2.92502236734115e-16,3.24148806673387e-08,-2.46976769082634e-16,-5.79476684407955e-17,-1.75963891718072e-17,-2.3886225821866e-16,8.91729150739107e-18,-6.04017373110229e-16,1.34520493867434e-05,-4.48617945992403e-05,-1.92393466837649e-18,-2.90699028734822e-09,1.11148460305018e-08,4.54117115752051e-16,-5.74613562592019e-17,1.39097456767238e-16,-2.8131376363023e-16,1.1099370336431e-09,1.77928700699874e-10,9.53307439754731e-17,1.6581321162419e-16,-2.02566827125616e-09,-7.22831997060534e-09,-7.57313019299826e-10,-2.30713926717488e-16,-2.04386697671622e-16,8.03485350362576e-17,7.08834703869262e-17,-3.11707176174139e-16,3.3066992261297e-17,4.34604250829828e-09,-4.11662804700064e-09,-7.92710594259953e-10,2.75742449689257e-16,2.3549839270393e-16,-6.6937944441901e-17,-3.07689903863077e-18,-6.18870777945465e-17,7.40561972515188e-17,-1.04281133330228e-16,-3.14484047989801e-17,-2.36041515591435e-16,-1.86806035377343e-16,-1.90709059412979e-16,5.65426445568752e-17,-4.42426823199622e-17,1.20641484886933e-16,2.29542035701411e-08,1.65848532208179e-16,-5.40246884848368e-16,3.73694996239027e-17,4.36531647513918e-08,-7.61485451247508e-11,-5.36421845673772e-17,-3.92996855127624e-06,4.00686085899353e-08,-1.97717724190328e-16,1.97987316196686e-16,-1.12301299341911e-08,-4.98734451494604e-16,9.95874641342586e-10,-7.79185907865749e-17,-1.48790974380874e-16,-4.54206205696543e-17,-2.80074454545322e-16,1.42178515108762e-10,-1.95345791110537e-08,1.73506114039506e-16,-1.41081160981423e-16,1.90231630696137e-16,1.18737108527689e-15,1.19370659190654e-15,-7.55839546204452e-17,-6.6603121371397e-17,2.12073624879765e-16,1.24401309743766e-08,-4.11020824466232e-16,4.91654085948782e-16,1.95072575233995e-16,-1.25034274269651e-16,2.53359341508581e-17,-1.32244423413581e-15,-4.78956491126006e-09,-1.68731531538769e-17,2.48404887017164e-16,3.57461278383622e-09,1.50134264957537e-16,2.77232935648859e-16,3.24266310959778e-16,-2.1444338032022e-16,2.08372404052245e-08,7.87159361939254e-17,-2.23316409198342e-09,-2.72269457388089e-16,3.69414193429998e-16,-4.35476782482206e-16,-4.89618501314402e-16,-3.10367851937884e-16,-4.83316215667362e-16,8.12620224149842e-11,-7.62740915046504e-17,-5.33563726195831e-17,0.000299608302836406,-9.06716120328976e-09,3.16213724326677e-17,7.06947159211516e-09,1.03763968755443e-09,2.5944440179653e-16,-8.66958284124789e-16,6.84473236652993e-16,-1.01893622499472e-16,-7.05176675394226e-16,-1.76993275161302e-09,-1.81387570311249e-16,-2.06289711485681e-15,-5.37825406919714e-16,7.10858559294939e-10,1.29643007220851e-16,7.22736986565642e-16,1.42481769587515e-16,-5.82708862523122e-16,-3.25207321067759e-10,6.24257450133842e-16,6.76147237206958e-10,2.79883993053222e-16,-1.56272751589579e-16,3.38324516043556e-16,1.047761118501e-17,1.94479338514749e-16,1.54994568702495e-16,1.96980564035088e-16,-1.52779709772137e-08,-2.01441460861142e-16,-1.41992275138548e-16,4.97101595145424e-09,4.53468103825701e-17,1.63813618049205e-17,4.21882243643604e-16,-3.40321242551965e-16,1.53492765570342e-16,3.23811043788389e-17,-5.24764279429778e-09,9.07300697914381e-17,-2.78384695715801e-17,1.08056156885515e-08,5.44320806275995e-16,-4.59764199339989e-16,2.73377186875279e-16,2.2390863848684e-16,-4.74947851331494e-16,6.17362126009242e-16,-7.18362048317369e-17,9.69625195714023e-17,-5.82760923448331e-17,7.21391382076238e-18,1.31231339680813e-16,-5.71336239613676e-09,2.45394261494281e-08,8.13392084611473e-16,3.38889189923266e-16,-2.25234220221897e-16,-4.08863357649178e-16,-1.3497232845272e-15,6.4088479247075e-16,2.35945379123064e-16,-1.0488861901703e-15,-2.39345655273156e-10,5.27900415934472e-16,7.82441960478505e-17,-5.56219536205209e-16,-4.34484313090237e-16,3.07752102430869e-10,-8.47247518552516e-16,-3.0566891051631e-05,-1.79337969077545e-17,-1.78604873731121e-16,-4.05376807895109e-16,-3.78022425600836e-16,8.19012325546149e-16,-8.83104145853133e-16,4.34788997250404e-17,1.65516223078961e-15,3.1826939505592e-17,-6.29914359722635e-16,-2.31120233532954e-16,7.64220500779106e-16,6.34827677983445e-16,6.01037147240209e-16,3.92331266892416e-16,5.1353596599098e-16,3.50974680641526e-17,4.5291231449656e-16,-6.82168276420323e-16,-2.8524084553185e-16,-2.28950972763764e-15,-7.92969683787042e-16,5.39117976247726e-15,-4.254392968678e-16,3.2491842036854e-16,2.37222067352874e-11,-7.85887186366889e-16,2.82454622495389e-15,-2.01973879357401e-16,-2.39875320954461e-16,-1.07265647702344e-15,1.14318070501643e-15,1.57421093330592e-16,8.33936752139359e-16,-7.91223352904037e-16,-4.77500397879683e-17,4.12820819195581e-15,8.18047068720721e-17,-3.62464544979444e-16,-7.40204429694185e-16,-5.29547640920906e-15,6.26711411931818e-16,-1.60134550058192e-15,-3.08753391939235e-10,6.18545525717313e-16,-3.96260869012412e-16,-1.54953632763642e-15,-7.12353905737222e-16,-2.38500990857501e-15,-1.31563530382284e-15,-5.7087365184322e-16,-7.18192061634442e-15,-1.03326070023041e-14,6.61436699199409e-11,0.707106781186547,-1.21966716798871e-13,-1.24878684659746e-14,6.95581644093149e-15,-7.59191156491516e-16,-4.57044695086221e-15,-6.17832330791942e-15,-1.01280196052488e-15,-3.73750917853597e-16,-5.82963177005892e-15,1.26139345514622e-16,8.81147929868718e-16,1.3391979262405e-15,3.37468906837446e-10,-1.69791415861205e-15,-5.57590498859093e-16,1.40002466694953e-15,3.08520570202475e-15,-1.02087084204683e-09,3.64252479646523e-16,-1.53450001851906e-16,2.2495122508731e-15,1.45183575538692e-15,-1.12393404761884e-16,-2.552255907982e-15,-6.6238884507292e-17,1.1065231084766e-16,8.66956191018538e-17,5.83853674333669e-16,-1.10551075416124e-18,-1.50153373853454e-16,-6.48186147701425e-16,-1.28950187274712e-15,-4.76549318679109e-16,5.87415865521389e-16,-1.20335618601347e-16
"t913",-0.044876814632472,0.0424484613469433,-0.0699508276055268,0.0348191495183493,0.0105794236990469,-0.00565762125438751,0.0376286286055878,-0.0869449902020508,5.27610248538312e-05,-0.000321724483906019,-0.000191552273677663,0.0111485409726266,-0.0185528173596134,0.00269281358990883,-0.000664017488646081,-0.0957360397953905,0.00218058552585013,-0.00446993565686508,0.000299200842966771,-0.000105778681046895,0.00893383962387588,0.0368359202571828,5.87832039602141e-05,-0.000343336671298912,4.99818935835788e-05,-1.70453330804381e-05,1.90336932806875e-05,-1.64278889250165e-05,0.000197758112441689,0.000278364354424534,-1.07136387675427e-06,2.08139999272844e-06,-0.000767776669768885,2.07437547399161e-06,-1.25196134725794e-06,-2.18829325034003e-06,-8.82625252673614e-05,6.38372676954829e-07,5.22749878104141e-06,1.46040471511201e-06,7.91132421856675e-05,-1.07044940883025e-05,9.41440087037067e-05,-1.10634781605288e-05,0.00254388011697692,-6.5128959027744e-06,9.42308401561177e-06,-0.000196529830348408,1.80535263199923e-05,-4.42658577197641e-05,0.000509017037989578,-7.60446594225311e-05,1.18026365823672e-07,-0.118157040343588,-5.66272373917544e-06,5.00485819621784e-05,-2.44009013073178e-07,8.61820123699906e-06,-2.66501293590564e-06,-6.08668844696548e-05,-3.72750242532339e-06,5.43675859756888e-07,-2.03411632493892e-05,1.11567805962043e-05,-9.61648383248066e-07,2.57605607854985e-05,-2.01747669245135e-07,7.8296044726251e-06,-2.23526666249638e-05,9.49488892382781e-06,-1.21268084985721e-05,0.00238650077427022,-3.85342286041583e-06,-0.000426152677594871,0.000212661573956677,9.65254185732619e-07,-0.026790900245085,-2.6515973305159e-05,2.80349933677389e-05,2.55934539981836e-05,-5.49421252779668e-06,-7.80165250474007e-05,7.38917728681123e-06,4.45955777633006e-05,-3.19686512469519e-06,-0.000722676253901738,0.000493530953163575,1.03538505556776e-05,4.44360659516461e-06,-0.00696502562702735,-8.25612471236411e-06,-0.00326104598589651,6.0475722644401e-07,-1.3130648505465e-05,-1.0507238346713e-09,-1.61929645749599e-06,3.66671741565227e-08,1.17212450867837e-08,2.48929077002991e-08,1.17539204906101e-08,-2.49283411624302e-10,2.8742291974165e-10,-1.36003702433249e-09,1.04215863030264e-08,-4.7499509804232e-09,5.50360865760572e-08,-2.72187094266181e-07,7.28395269386621e-08,-4.30060377029916e-08,4.8223912150916e-07,4.61736948658643e-08,1.09036770880093e-07,-2.39351221889911e-07,1.50914582115118e-07,-4.83232794773292e-10,6.31116452363232e-09,1.70488141880744e-09,-4.81546044240886e-08,1.26515950424306e-07,-5.56274467892023e-07,3.72153155742433e-06,-2.52759790381729e-06,1.99160977569307e-05,6.99069220460289e-05,-0.019680263806556,-6.59593755670751e-05,0.000502577640358859,-7.12173333523528e-07,9.11042472557445e-07,2.99691183621444e-05,-4.89094755756037e-07,2.56516253077732e-06,-3.06003744605608e-06,-6.12849048196418e-07,1.77763149554611e-06,1.02794814469791e-06,-6.60552608655407e-09,-5.40485062719548e-06,3.8606575131642e-06,-1.16947678008159e-05,-1.13856475947099e-06,-6.20926404239571e-05,4.15500545592415e-05,0.000196158746060929,0.117839104800218,6.41790098910534e-08,7.40691863734496e-07,-4.69558823717531e-08,-2.52889234440298e-09,5.59141700578298e-09,2.33059181451258e-05,1.31515923649727e-08,2.03849333873482e-06,-8.67808654536463e-08,5.82027338865918e-09,3.36956375303601e-10,-3.44881789409172e-09,-2.69519229219974e-07,-2.07981451835529e-10,9.98566485673884e-13,2.28428536650451e-07,-5.52906139528619e-09,7.68012693749885e-09,1.10224705698847e-06,-2.33015472847839e-07,1.35624123114161e-06,-9.03340399757341e-07,-1.65385677073261e-08,-8.37285271454105e-07,-1.50162179715731e-06,2.77519255115298e-05,7.08379376348207e-06,-0.171943275405666,7.89073500633255e-07,4.59150976563331e-06,8.95150168967553e-08,3.31916999029284e-07,-1.15897782178827e-06,-6.62270209806025e-07,-0.000103949308800899,4.93274151168626e-06,1.42119846243134e-05,-3.39566192781836e-07,-1.0588814917835e-08,-3.9629943408008e-08,-6.59890795942016e-08,-1.32160563987991e-06,3.19951417047636e-07,1.45931869053172e-06,-7.75235417249072e-05,-2.39442441005982e-08,4.39438735693463e-08,1.73443655230731e-07,2.20275518713737e-09,2.9362427615619e-08,-4.58127596331358e-08,-9.35063704406498e-08,-0.00200958740408457,-2.35943137131202e-09,1.10545386339677e-08,1.1008349096768e-08,1.77153321662552e-06,-2.74947081747588e-10,-3.10249070425078e-07,-6.78363266280557e-08,-3.038038463901e-06,5.09448818813766e-08,9.69986091370048e-05,-1.34365831056027e-07,-4.94832809293056e-09,-3.35583873716273e-07,6.39770262384961e-07,-1.5624962648064e-07,1.19557347492014e-08,6.55412648682311e-08,1.76096392762268e-08,-4.72325910937062e-07,-5.8070880764278e-09,1.71124644882679e-08,1.1048382509622e-07,6.54162798208347e-07,-9.35205602861677e-06,-2.9100100903136e-07,-1.02304987313718e-06,3.25155667674163e-07,1.73620153505384e-07,1.85124999660047e-06,1.61041516948929e-07,2.90291861755658e-07,2.70320383196196e-07,-8.03598248808837e-06,-1.36138886002835e-06,-1.13613545771013e-07,-1.94076202825674e-07,1.25692075423476e-08,1.81455881477512e-06,1.47529901318886e-06,-8.70918594357597e-16,4.16397327346185e-07,-0.000765633419166093,7.31468779960303e-07,2.62380836495348e-05,5.01652008280722e-06,-4.76590756752055e-05,7.70936733884353e-06,-0.0660293389237056,-1.44268117651616e-06,1.69763835602834e-08,-1.78858993262212e-05,1.66931263582434e-05,-4.58753758727015e-07,5.98874579492452e-05,-2.28679169053731e-06,0.49589703440498,4.03907927192361e-08,3.60223572405375e-07,-5.04653764699979e-07,5.67107589023658e-05,2.3300178788821e-07,-4.43513888016193e-08,9.40814354343193e-07,-1.80363175768097e-07,1.95713747180227e-05,-9.59997614771908e-06,9.36868109336382e-08,-3.18055032638928e-08,3.54470386023323e-08,2.50424486695984e-06,-5.71028102886607e-06,3.69255426017878e-08,1.4677165065696e-08,-3.12831518132689e-08,2.70134362720131e-06,-0.000241951729681429,5.85968696725546e-07,-8.28725881087675e-06,4.88198046459083e-05,-4.4643329835336e-07,1.02371383242758e-06,-3.71770923724175e-07,2.01014474574241e-07,-3.25472417977598e-17,-4.87347907220998e-07,-1.66615337541576e-08,-1.53933660440835e-10,-1.31279462759745e-06,2.29932063224424e-08,-1.41550691970178e-08,-2.52615818855918e-06,2.75348154121889e-07,-2.86470221377717e-07,7.49935785819535e-07,2.7197741184273e-08,-2.36494869528513e-08,3.04414962739485e-07,-3.67561731472629e-07,8.14008817369451e-06,-1.71521869374007e-07,7.43002028305321e-05,8.15203739186685e-09,4.57641778066668e-08,3.89424909869367e-07,-3.16063415552617e-06,7.43676087089984e-08,-2.83097981460065e-07,3.78171237815716e-07,-1.36923501083661e-06,8.48413430812824e-08,7.65542075245539e-08,5.82410926769438e-07,-9.78383038359343e-07,-7.82243123053885e-08,6.34072131332776e-07,-4.12887539850695e-07,1.01836237952958e-08,9.44154032725832e-08,-1.82044470579331e-07,9.50097087371252e-18,5.33538836387656e-10,2.24549096607748e-06,-1.68657716732032e-05,1.47249443860782e-07,1.32614745846048e-07,3.89500017777655e-08,9.0421309708432e-08,-1.32291288338976e-06,4.9152648577212e-07,-1.68020471750454e-16,-3.76829833553899e-07,-4.59473433477409e-09,-1.28532537147672e-08,4.27603302363441e-07,9.68580374436179e-08,-6.54905398883837e-09,-2.51316027924387e-07,6.71909657280738e-08,-2.24330543459037e-06,4.2880475979118e-07,-8.77709059622121e-08,-1.59484025899165e-07,-8.45957921792261e-09,-6.88647545327192e-07,-1.60423409574982e-07,6.75542938874188e-07,-1.75516927927445e-07,-5.89744646692085e-16,-2.78754501705895e-05,1.11275105130991e-05,7.7875930038855e-09,5.73010795558842e-07,-3.56578014928071e-07,-8.00872960534992e-07,2.90272114534555e-06,-1.06071003945966e-05,-7.54975229701073e-08,-1.04955538375311e-15,-1.43612126346112e-07,-4.02817590856392e-07,-1.94452154323047e-07,9.83885708292248e-16,3.96393092623928e-07,5.2810431618259e-06,-8.14797683237262e-07,-3.42366782356e-07,-1.19649305391331e-07,-6.66071689342625e-08,-2.46452698060187e-06,7.76504990163991e-08,8.39401108905051e-07,2.74905009140978e-07,2.60393005120625e-07,2.0039954251907e-05,1.4457626805471e-15,-0.11512463135293,-2.04547749685767e-06,-3.61050641591311e-06,1.38912286401591e-07,7.32940815935409e-16,2.47344101171056e-08,1.38947806864768e-06,-1.01885383054257e-08,-1.05331864121658e-08,-3.06532174842526e-08,2.06507423950622e-06,-6.42128220070496e-07,1.27224394198475e-07,-2.83940086986633e-15,6.66527576230148e-07,-3.41611788678172e-05,2.80094871263266e-06,1.11503817537238e-06,-1.15123655365663e-07,-8.22324216177483e-10,3.8597597340484e-15,-4.11822321871135e-16,-1.39074673531334e-09,-0.000777373703344886,0.382507802830888,2.08333444298803e-07,-4.50799385551088e-16,1.76693640372098e-08,1.04226157838903e-10,4.62648341903127e-15,-2.16194001451667e-15,-1.05414436741486e-15,9.42150849930875e-09,3.45217026342195e-08,-7.75292719293053e-08,5.65469700436537e-08,2.87493153665577e-08,6.86271667200435e-08,-2.10352549492037e-07,-7.61365920748371e-16,-5.60188525388062e-08,2.15085466795586e-07,-2.72406123112235e-15,-7.38184147767621e-15,-1.25630635942269e-07,-1.02601166295892e-11,-0.00033347359706246,6.62184903494009e-08,7.56563858849582e-07,-5.64937712886727e-09,-0.707106780971766,-2.04334879653299e-08,9.1383230961411e-14,-1.07288262365557e-07,-5.93858187451779e-14,-0.0121241088518734,-3.07491401696032e-15,-5.33678203436593e-09,1.25069848275125e-08,4.71677282184245e-09,7.04597300333557e-08,2.59976193478363e-07,-0.00930304478477338,1.06194816583453e-07,9.3327257673598e-09,4.55876305741635e-08,5.0450605252197e-09,0.00853902684796369,-8.01135227550268e-08,-2.93189740275706e-08,-2.9796287706729e-09,-0.00079136666313612,-1.52211186098594e-15,5.70725064002962e-07,-1.06299257553547e-07,1.14760502821732e-08,-1.00916561469911e-14,1.54278991850538e-09,4.26238142982242e-08,1.53561715569423e-07,1.56545729011834e-15,-2.59429733984426e-07,-2.00961289820213e-08,8.54070140853617e-16,-2.67054869243457e-08,3.18642267851147e-06,-6.66864294325963e-16,-8.27032423138137e-16,-1.56994226216858e-08,-1.21534505379477e-08,-6.95094426320756e-11,-9.68481619500953e-08,2.5937657446661e-08,5.29646977018626e-08,7.36176498234238e-09,9.08977025280301e-08,-1.55229801657218e-07,1.92597673920325e-15,2.22478859274861e-09,2.20982526882928e-10,6.10741039005992e-10,5.72542770672563e-08,-1.34731270955713e-15,-2.35662345699296e-16,1.88759042979693e-08,5.32442619920096e-16,1.74261717286372e-16,1.20218247228542e-07,-1.34493846501541e-07,-1.74091343670091e-07,-1.45660033331895e-09,4.42179479387638e-06,9.70518370025354e-08,4.3623399379644e-09,1.44084397903304e-16,1.07004331716662e-08,5.00782274701883e-10,2.29937253415487e-09,-1.6153555239595e-07,6.39756178757302e-07,5.01741048691234e-17,5.18713181594164e-16,2.28609375585263e-15,-8.08591617899293e-09,-2.7009828258034e-08,-2.26422987822183e-08,-2.66228961407482e-16,-2.0746914813463e-08,-7.9548472972698e-16,6.163293268399e-17,4.92235204331057e-07,-1.08088485267091e-08,-1.03411203211667e-15,-2.6637003645927e-08,-9.55803788053866e-08,5.07831268403939e-12,4.12534223512152e-08,-3.90860323109585e-16,1.10411237711875e-08,4.09230841399939e-16,1.10181268403794e-08,9.53911646516987e-08,2.39824778744805e-08,3.25081270435858e-09,2.23331403655399e-08,-6.1737357769275e-06,3.09869804074912e-08,7.80581175923367e-18,1.8618113414342e-06,-8.21316372917741e-08,-5.89483013195653e-16,-0.00131460544334866,-3.02425033471012e-08,3.6968251754948e-07,7.39457120700672e-17,2.29454723466076e-08,2.10643998018495e-07,3.39974905581236e-16,-7.5919890427743e-08,-1.68001939291969e-08,-6.07823425503612e-09,-1.10817512737938e-16,4.30200688282875e-17,1.57032454056062e-08,4.81293015244986e-09,3.89466125051592e-10,-5.64423939997924e-08,2.86509313786629e-09,-4.78274546206423e-16,1.13176945258997e-16,1.04638329121853e-08,7.21299155640973e-11,-1.30494498193169e-15,2.53053252070193e-08,1.91316213093727e-16,9.08067605241079e-08,-4.84931880213198e-09,-2.83356322761086e-09,-1.87894691725848e-08,8.57795934808729e-17,-3.90313870153876e-17,-2.9876914812085e-16,-3.36442784723806e-16,-1.04829036324976e-08,-2.72266757500891e-07,8.08470093133527e-16,1.20621990368171e-17,-1.7301276438479e-16,5.12115460798203e-08,3.4461476368433e-09,-2.53606511575592e-08,1.88679215044066e-17,1.23992070950874e-15,-5.26976465936579e-16,-1.57370953060401e-07,3.3397449552699e-08,-7.05282115166924e-16,4.38432279204709e-08,-1.53299194073083e-07,-9.54921081282658e-17,-4.72954863287692e-16,-1.53053595970357e-08,-1.56822850365178e-10,-7.58672518134297e-09,9.8225750550872e-17,8.54451348116569e-09,1.24502625302528e-08,1.33699046751719e-08,-1.22036049500693e-08,-4.34870667808036e-08,2.77367001011138e-08,-1.60658878566295e-16,5.42027710906381e-18,-4.85489105055889e-16,0.000253508157624655,-4.69375426882195e-08,-3.36942295451355e-09,-2.71715262355037e-09,-9.10452949074445e-16,5.04226223194603e-17,1.74604703992805e-16,-3.98861925722134e-16,-2.27813241560576e-16,9.00787971204399e-08,4.26311999013306e-17,5.62498455531075e-16,-2.10896079048473e-09,3.99572848686986e-16,-1.88796248900461e-09,2.57360483971175e-16,-2.34082691852464e-09,1.10466972959673e-16,-2.8391454842994e-09,-3.55491011071316e-10,-1.67746607766074e-06,2.59977459324963e-16,1.14123375195507e-08,-4.91108293971893e-17,1.62161458931851e-08,-1.97608661718365e-07,1.58033887987889e-10,1.36517919430998e-16,2.30694186891525e-08,2.58558469983866e-16,-5.6753978320278e-09,-3.20356511740598e-08,2.1088349574025e-16,4.47967234366741e-17,1.33458396794091e-17,-6.9868333120237e-17,-1.07634864838267e-10,-1.40197176801091e-09,-3.13154309102907e-10,7.89766958370677e-17,-1.40566069008514e-17,-2.32119636114947e-08,6.82381983273901e-06,-1.02101963686948e-17,-4.54794388881871e-17,-1.42983799768173e-09,3.47496505036165e-16,-1.0138431016139e-08,-2.54953880689023e-16,9.5906174979944e-08,-1.37811553319074e-17,-3.56787846407792e-17,-2.20812999002846e-16,-5.71804769141723e-16,1.46087993500385e-16,-3.05152626629395e-15,3.92800551515148e-05,-0.000130974486326964,-1.38794326090561e-16,-8.44895427430477e-09,3.22443513974828e-08,-5.35158072055731e-16,-5.23075926198792e-17,-4.73964144295515e-17,-6.35694928744843e-16,3.19451522896723e-09,5.1116208764465e-10,2.99843047073049e-16,6.04014988099175e-16,-5.80766882060928e-09,-2.07184261823631e-08,-2.16875271774459e-09,2.00889263851069e-16,-4.91224061664497e-16,-4.7080319790348e-17,2.14973792139805e-16,-1.38872527207566e-15,1.59522827362595e-17,1.22714603543044e-08,-1.16086376628002e-08,-2.23253072311275e-09,5.6680809367782e-17,8.54957564702887e-16,3.48486318830655e-16,9.63615374753277e-17,2.25111425455417e-16,-3.03034524629126e-16,-1.6121274046614e-17,-1.01941035763534e-16,-2.08940584684282e-16,2.4321434597432e-16,-5.69561649391072e-17,1.53333315177212e-16,-7.79776281557894e-17,-3.82763824879093e-16,6.33025945340272e-08,3.46319295689783e-17,3.67527239639902e-16,8.38221636238814e-17,1.20060445624767e-07,-2.0930312777276e-10,-1.74074491966976e-16,-1.07978179280046e-05,1.09729137444849e-07,1.38857890888174e-16,3.20970743548716e-16,-3.06294312575106e-08,-1.21229703647736e-16,2.70286116691395e-09,-1.84408484100703e-16,-1.74701328824314e-16,6.14239782316053e-17,5.30285721418886e-16,3.82950103349872e-10,-5.25883873005583e-08,3.77981696673716e-16,1.85812642814367e-17,1.56600361231421e-16,-9.99920025484913e-16,-3.07913416985883e-16,-5.53531297006518e-17,3.3987325363136e-16,-2.09889067873919e-16,3.26437749288824e-08,-2.53734191249798e-16,-2.15278612298679e-18,-8.56211390798927e-17,-2.94490987516934e-16,1.3489642900972e-16,-3.36794101130468e-16,-1.25016252205694e-08,7.165305873552e-17,1.4355354943426e-16,9.32133676023483e-09,1.16597713738901e-16,5.23716125382765e-16,-2.54634998601435e-16,-3.35595394685114e-16,5.37299443438829e-08,9.04276509887148e-18,-5.74695279954220e-09,-1.02211807207913e-17,-6.77805160901526e-17,-2.63435740091136e-16,-4.63262224127637e-16,-7.13919847219679e-17,3.22565333950162e-16,2.0828603718601e-10,-4.27834951780904e-16,-2.38944615567493e-16,0.000765606616493338,-2.31662923427603e-08,-1.18318311633801e-16,1.80152161573271e-08,2.64207384158345e-09,1.2816501535588e-16,-2.30801830250855e-17,1.78094913363833e-16,1.61768323620293e-16,-1.13522072401898e-16,-4.45347458296703e-09,6.6672557953493e-16,-1.41713204059739e-15,1.98758020508459e-16,1.78328075125286e-09,-2.12766543904463e-16,4.67266500926999e-16,-1.34383119002611e-16,-2.74535586034602e-17,-8.12618487489285e-10,9.80400010140158e-17,1.68749197196636e-09,2.78489494496359e-16,4.64046229074204e-17,2.71020333694327e-16,-7.05694675975637e-17,-6.61766449465318e-16,-2.04672496844974e-16,-7.08401161195806e-17,-3.78887821001748e-08,-1.98330997110932e-16,1.06374061041635e-16,1.23087208433273e-08,1.04805234103427e-16,-7.13229487852844e-17,1.63397409298706e-16,2.04072673833176e-16,-4.39925610362125e-16,3.4325963794462e-17,-1.29306610294068e-08,4.23331935452139e-16,-1.09285945038148e-16,2.65685640534657e-08,-3.26979623097868e-16,1.70114782077263e-16,-2.8879509178868e-16,-3.39041302297903e-20,-1.35891071448034e-16,-8.37296412735144e-17,-4.22064777606728e-17,-1.84012610418447e-16,-1.45448196873524e-16,7.64330483233614e-17,-2.22459065438147e-16,-1.3937622705375e-08,5.98073557004124e-08,-7.49819732406324e-17,-5.17006366040394e-17,1.87468624888099e-16,6.31326776015084e-17,6.82180006927879e-16,1.78859474908301e-17,7.41074155682496e-17,-3.55327653576688e-17,-5.80506985248521e-10,-4.05975279131493e-17,-6.03853105414946e-17,-2.00058137550387e-16,2.42386953278398e-16,7.43377247848958e-10,4.94571011713416e-17,-7.34989847563758e-05,3.41003776402036e-18,-3.45890427775892e-17,-2.67156918672338e-17,-1.15681201054746e-16,-1.14744662427587e-16,1.77300666758989e-16,4.00013164230177e-17,1.17920315282706e-16,-6.71079738965832e-17,-1.63395603649074e-17,8.07755781609487e-17,-2.7171464594264e-16,-6.58968024197126e-18,-1.1086289558985e-16,1.24524756047522e-16,-7.36273389506302e-17,-2.08025211843862e-16,2.14557162759242e-16,9.13830054706589e-17,-2.19698684051264e-16,8.07730618501701e-17,1.60697688240914e-16,-4.59293044606885e-17,1.15081890695868e-16,9.15935180576308e-17,5.61173326058182e-11,1.33505003552711e-16,-7.74759496686196e-16,-1.66171743730653e-17,3.04991824448211e-17,-7.42879772439772e-17,-1.58033943772791e-16,-1.07683503825906e-16,-2.36267817172074e-16,1.7567819125269e-16,2.6297733350856e-17,4.27175655959289e-17,4.87100356371814e-17,1.69293908234984e-17,-1.16856219987999e-16,2.34316043728742e-16,-8.15448493975995e-17,-9.28994816501328e-17,-7.22605040432583e-10,-5.58729173932838e-17,-1.94550191050278e-16,2.90186101437367e-16,-1.02061884031345e-17,9.7156701694133e-17,1.65585475131746e-16,1.1411733596793e-16,-5.13008931616508e-17,-2.42966678957806e-17,1.53184437114209e-10,-1.27157983634604e-15,1.62865844170758e-17,2.14940033091018e-16,-2.65882995837394e-16,-6.46571299614189e-17,-1.32284188184044e-16,4.46741919376401e-17,1.49925940661279e-16,-8.56254882275669e-17,-2.00676142512721e-17,3.21127748803436e-17,9.79284139770688e-17,-9.56530622757039e-18,7.7325743601423e-10,6.36992234475859e-17,6.43061772150539e-17,-3.62090482569345e-17,-7.28258599258513e-16,-2.32806366746226e-09,8.92408728016246e-18,-7.05154665291701e-17,-2.81767900138358e-16,1.6661108777187e-16,2.02457096418878e-16,3.1927841060249e-16,1.19495523556953e-16,8.10484435975016e-17,-2.75323767069227e-16,2.81078819316343e-16,7.73050223509555e-17,6.25511315147342e-17,-3.72798939551898e-16,-3.96357928050772e-16,-2.87587939745061e-17,-7.08439766784775e-17,-1.6001975438607e-16
"t58",-0.044876814632462,0.0424484613469233,-0.0699508276054929,0.0348191495183266,0.0105794236990385,-0.00565762125438225,0.0376286286055521,-0.0869449902019617,5.27610248537807e-05,-0.000321724483905544,-0.000191552273677285,0.011148540972601,-0.0185528173595696,0.00269281358990237,-0.000664017488644411,-0.095736039795137,0.0021805855258442,-0.00446993565685275,0.00029920084296592,-0.000105778681046572,0.00893383962384628,0.0368359202570355,5.87832039597695e-05,-0.000343336671297542,4.99818935826705e-05,-1.7045333080732e-05,1.90336932798105e-05,-1.64278889253309e-05,0.000197758112440769,0.000278364354422996,-1.07136387725647e-06,2.0813999922229e-06,-0.000767776669763786,2.0743754733367e-06,-1.25196134697766e-06,-2.18829325015872e-06,-8.82625252666437e-05,6.38372676935214e-07,5.22749878105944e-06,1.46040471509592e-06,7.91132421852703e-05,-1.0704494088107e-05,9.41440087024937e-05,-1.10634781604382e-05,0.00254388011695418,-6.51289590275066e-06,9.42308401559683e-06,-0.000196529830346706,1.80535263198242e-05,-4.42658577191902e-05,0.00050901703798377,-7.60446594216885e-05,1.18026365764667e-07,-0.11815704034229,-5.66272373916249e-06,5.0048581961586e-05,-2.44009013019121e-07,8.61820123715033e-06,-2.66501293581952e-06,-6.08668844688592e-05,-3.72750242526305e-06,5.43675859705245e-07,-2.03411632494589e-05,1.11567805963266e-05,-9.61648383336266e-07,2.57605607851257e-05,-2.01747669208518e-07,7.82960447212025e-06,-2.23526666241529e-05,9.49488892354073e-06,-1.21268084981343e-05,0.00238650077422144,-3.85342286015443e-06,-0.000426152677585861,0.00021266157395219,9.65254185691286e-07,-0.0267909002445134,-2.65159733047044e-05,2.80349933672506e-05,2.55934539974397e-05,-5.49421252771801e-06,-7.80165250457038e-05,7.38917728670283e-06,4.45955777624463e-05,-3.19686512466203e-06,-0.000722676253883281,0.000493530953150517,1.03538505552423e-05,4.44360659509871e-06,-0.0069650256268411,-8.25612471226273e-06,-0.00326104598580484,6.04757226428201e-07,-1.31306485054654e-05,-1.05072430106381e-09,-1.61929645862326e-06,3.6667174162009e-08,1.17212461494984e-08,2.48929076536521e-08,1.17539204764435e-08,-2.49283288879063e-10,2.87422820121761e-10,-1.36003702677808e-09,1.04215862334258e-08,-4.74995113676924e-09,5.50360867393199e-08,-2.72187094451209e-07,7.28395270504358e-08,-4.3006037776302e-08,4.82239121396295e-07,4.61736948487472e-08,1.09036770985713e-07,-2.3935122197476e-07,1.50914582097988e-07,-4.83232800964253e-10,6.31116454977139e-09,1.70488071288849e-09,-4.81546047231574e-08,1.26515950412479e-07,-5.56274467706672e-07,3.72153155729538e-06,-2.52759790388848e-06,1.99160977560581e-05,6.99069220430297e-05,-0.0196802638057272,-6.59593755643322e-05,0.000502577640337941,-7.12173333580849e-07,9.11042472529961e-07,2.99691183611632e-05,-4.89094755772633e-07,2.56516253073385e-06,-3.06003744600904e-06,-6.12849048157859e-07,1.77763149565581e-06,1.02794814423671e-06,-6.60552602772974e-09,-5.40485062754226e-06,3.86065751280205e-06,-1.16947678003851e-05,-1.13856475939241e-06,-6.20926404209356e-05,4.15500545573273e-05,0.000196158746050785,0.117839104794228,6.4179010144337e-08,7.40691863680753e-07,-4.69558822670736e-08,-2.52889230349573e-09,5.59141677866918e-09,2.33059181434238e-05,1.31515924414166e-08,2.0384933381895e-06,-8.67808655126077e-08,5.82027357485989e-09,3.36956448837997e-10,-3.44881774785247e-09,-2.69519229324407e-07,-2.07981394751107e-10,9.98638225199662e-13,2.28428536663487e-07,-5.52906132445981e-09,7.68012667224076e-09,1.10224705705275e-06,-2.33015472886543e-07,1.35624123089306e-06,-9.03340398963167e-07,-1.65385678989089e-08,-8.37285270544236e-07,-1.50162179709241e-06,2.77519255095843e-05,7.08379376297989e-06,-0.171943275393695,7.89073500643766e-07,4.59150976543939e-06,8.95150167780772e-08,3.31916999063161e-07,-1.15897782179777e-06,-6.62270209705037e-07,-0.000103949308793692,4.93274151124151e-06,1.42119846232446e-05,-3.39566192901109e-07,-1.05888146974825e-08,-3.96299432950772e-08,-6.59890794818367e-08,-1.32160563971239e-06,3.19951416823576e-07,1.45931869030827e-06,-7.7523541720186e-05,-2.39442442373199e-08,4.39438739326322e-08,1.7344365496404e-07,2.20275505986229e-09,2.93624275037543e-08,-4.58127595695602e-08,-9.35063704609789e-08,-0.00200958740391052,-2.35943142153064e-09,1.10545387785971e-08,1.10083490900419e-08,1.77153321637641e-06,-2.74947260095006e-10,-3.10249070522486e-07,-6.78363265839056e-08,-3.03803846379779e-06,5.09448820158348e-08,9.69986091284673e-05,-1.34365831172804e-07,-4.94832785327346e-09,-3.35583873724138e-07,6.39770262439229e-07,-1.56249626764361e-07,1.19557350618978e-08,6.55412650448792e-08,1.76096391146374e-08,-4.72325911748567e-07,-5.80708812144346e-09,1.71124644690727e-08,1.10483824945617e-07,6.54162797903282e-07,-9.35205602754725e-06,-2.91001008797885e-07,-1.02304987299965e-06,3.25155667265073e-07,1.73620153687381e-07,1.85124999626665e-06,1.61041517013051e-07,2.90291861685939e-07,2.70320383074501e-07,-8.03598248730028e-06,-1.36138885958945e-06,-1.13613545642691e-07,-1.94076202494251e-07,1.25692073839942e-08,1.81455881422029e-06,1.4752990129097e-06,-6.1159069585388e-16,4.16397327041863e-07,-0.000765633419060451,7.31468779702885e-07,2.62380836458989e-05,5.01652008265485e-06,-4.76590756684403e-05,7.70936733772751e-06,-0.0660293389138783,-1.44268117669246e-06,1.6976383492084e-08,-1.78858993233538e-05,1.66931263558585e-05,-4.58753758736606e-07,5.98874579400489e-05,-2.28679168933209e-06,0.495897034324637,4.03907930800586e-08,3.60223572251446e-07,-5.04653764876002e-07,5.67107588927986e-05,2.33001787859169e-07,-4.43513886212871e-08,9.40814353969018e-07,-1.80363175847198e-07,1.95713747145063e-05,-9.59997614603649e-06,9.36868090943493e-08,-3.180550286929e-08,3.54470384953366e-08,2.50424486638033e-06,-5.71028102707606e-06,3.69255423082676e-08,1.46771653937766e-08,-3.12831509974432e-08,2.70134362631448e-06,-0.000241951729634708,5.85968696568333e-07,-8.28725880888805e-06,4.88198046364346e-05,-4.46433297644464e-07,1.02371383229979e-06,-3.71770923569174e-07,2.0101447540253e-07,3.02524323984203e-16,-4.87347907618306e-07,-1.66615348342384e-08,-1.5393355885461e-10,-1.31279462744468e-06,2.29932059152545e-08,-1.41550693197332e-08,-2.52615818798538e-06,2.7534815399681e-07,-2.86470221010257e-07,7.49935785373778e-07,2.71977414560885e-08,-2.36494867679478e-08,3.04414962369854e-07,-3.67561731447559e-07,8.14008817201601e-06,-1.71521868948254e-07,7.43002028088433e-05,8.15203628097958e-09,4.5764177437309e-08,3.8942490966565e-07,-3.16063415503534e-06,7.43676084426233e-08,-2.83097982000838e-07,3.78171237761764e-07,-1.36923500911775e-06,8.48413443541695e-08,7.65542080227896e-08,5.82410926101984e-07,-9.78383037846784e-07,-7.82243113925925e-08,6.34072131218576e-07,-4.12887539680202e-07,1.01836236492071e-08,9.44154023507814e-08,-1.82044470475578e-07,2.21379315920877e-16,5.33539473313684e-10,2.24549096567723e-06,-1.68657716664072e-05,1.47249444665432e-07,1.32614744926724e-07,3.89500019701561e-08,9.04213084574634e-08,-1.32291288274963e-06,4.9152648521474e-07,1.73245693364731e-16,-3.76829832568841e-07,-4.59473460242478e-09,-1.28532544821852e-08,4.27603303036839e-07,9.68580372705618e-08,-6.54905321448426e-09,-2.51316028326713e-07,6.71909663148076e-08,-2.24330543216593e-06,4.28804760288316e-07,-8.77709049672148e-08,-1.59484025587898e-07,-8.45957945003234e-09,-6.88647543686794e-07,-1.60423409292723e-07,6.7554293795689e-07,-1.7551692723255e-07,7.73732922085523e-17,-2.78754501527853e-05,1.11275105031594e-05,7.78759149101935e-09,5.73010795979647e-07,-3.56578015205957e-07,-8.00872958947747e-07,2.90272114311576e-06,-1.06071003880903e-05,-7.54975226161933e-08,-9.23266409325238e-17,-1.43612123484502e-07,-4.02817589689016e-07,-1.94452152950864e-07,-2.29292054027452e-16,3.96393091381667e-07,5.28104315949998e-06,-8.14797682206648e-07,-3.42366781571842e-07,-1.19649305490839e-07,-6.66071700580239e-08,-2.46452697841168e-06,7.76504980602033e-08,8.39401106307039e-07,2.74905008452608e-07,2.60393007447218e-07,2.00399542381968e-05,1.51543712952443e-15,-0.1151246312625,-2.04547749535341e-06,-3.61050641200066e-06,1.38912286365385e-07,4.70808824843067e-16,2.47344108525394e-08,1.3894780676114e-06,-1.01885374681749e-08,-1.0533185934827e-08,-3.06532182302511e-08,2.06507423614942e-06,-6.42128220749366e-07,1.27224394498149e-07,-2.78070922664191e-15,6.66527572489104e-07,-3.41611788341886e-05,2.80094870704836e-06,1.1150381759883e-06,-1.15123657834665e-07,-8.22322440852775e-10,1.08385522779031e-14,2.69148680056865e-15,-1.39074477083872e-09,-0.000777373701999096,0.382507802165074,2.08333445355959e-07,-9.66534369331915e-16,1.76693693132454e-08,1.04234497600515e-10,2.13832143959638e-15,-2.44375627804089e-15,-2.52288133183522e-17,9.42151097107673e-09,3.45217010048552e-08,-7.75292726440396e-08,5.65469701756495e-08,2.87493136146592e-08,6.86271660339624e-08,-2.10352551807376e-07,4.55434671699184e-16,-5.60188596230798e-08,2.15085460812982e-07,5.40316109460392e-15,4.5514539962486e-15,-1.25630626264462e-07,-1.02358115230589e-11,-0.000333473590974055,6.62184907069172e-08,7.56563289009456e-07,-5.64954743926217e-09,0.707106781401329,-2.04328472290031e-08,-9.06631929431177e-14,-1.07288230189352e-07,6.87598849385962e-14,-0.0121241091707207,2.02183549639815e-15,-5.3367427001284e-09,1.25069628130807e-08,4.71676850621959e-09,7.04597352850397e-08,2.5997619768027e-07,-0.00930304485221195,1.06194829881541e-07,9.33272354040353e-09,4.55876308758582e-08,5.045059902088e-09,0.0085390268871675,-8.01135202451837e-08,-2.9318977170991e-08,-2.97962995005274e-09,-0.000791366665886305,1.34446686227575e-16,5.70725064186513e-07,-1.06299250335115e-07,1.14760520248689e-08,9.83584051028029e-15,1.54279269500239e-09,4.26238149071764e-08,1.53561717262813e-07,-1.01301216802915e-15,-2.59429733718886e-07,-2.00961295816754e-08,-1.17362751327436e-15,-2.67054861477669e-08,3.18642268525467e-06,1.06612126832289e-15,7.32660670540131e-16,-1.5699421795892e-08,-1.21534460215648e-08,-6.95130047832008e-11,-9.68481621595055e-08,2.5937656891369e-08,5.2964696669918e-08,7.36176504839835e-09,9.08977037409444e-08,-1.55229802630782e-07,-1.93486719701763e-15,2.22478898653129e-09,2.20981170178571e-10,6.10740941821758e-10,5.72542760960003e-08,1.27107201904258e-15,-4.75094060511052e-16,1.88759070962889e-08,-3.10685814884457e-16,-6.67911293482724e-16,1.20218247999494e-07,-1.34493847293037e-07,-1.74091342936648e-07,-1.45660331831313e-09,4.42179479849728e-06,9.70518375062266e-08,4.36233911992755e-09,1.12221377259787e-16,1.07004327697425e-08,5.00783180478215e-10,2.29937140702151e-09,-1.61535552415396e-07,6.39756182277662e-07,7.89427213581132e-17,-1.68231861477899e-16,2.71990676688436e-16,-8.08591692631689e-09,-2.7009828764304e-08,-2.2642300816587e-08,9.31257137205016e-16,-2.07469144503128e-08,1.12927520799327e-15,-3.80972437223276e-16,4.92235205354104e-07,-1.08088485743875e-08,1.52937558450805e-15,-2.66370037012988e-08,-9.55803797077981e-08,5.08175862340215e-12,4.12534217932584e-08,3.35645332809667e-16,1.10411235662185e-08,2.11181068262215e-16,1.10181251732867e-08,9.53911653878308e-08,2.39824773724588e-08,3.25081101183909e-09,2.23331420722559e-08,-6.17373578713933e-06,3.09869796077002e-08,8.51465493581943e-17,1.86181134481581e-06,-8.21316365710947e-08,-5.41364963599353e-16,-0.00131460544432423,-3.02425034992879e-08,3.69682517064686e-07,3.66467086383214e-17,2.29454724393117e-08,2.10643998457601e-07,-1.41340923597062e-16,-7.59198902806822e-08,-1.68001952886514e-08,-6.07823333745997e-09,-7.77753128205169e-16,-7.96992344135796e-16,1.57032447093219e-08,4.8129322442105e-09,3.89465600366044e-10,-5.64423941918434e-08,2.86509361575595e-09,4.65671547470547e-16,-1.97350601355229e-16,1.04638327646011e-08,7.21301266553569e-11,3.58990216322732e-16,2.53053255287648e-08,-1.35708483474593e-17,9.08067606378657e-08,-4.84931872072333e-09,-2.83356343069952e-09,-1.87894696281678e-08,-3.68272313474582e-16,9.6598285400195e-17,5.44529724214857e-16,2.82852584951215e-17,-1.04829035448517e-08,-2.72266756734234e-07,-4.39101244965336e-16,8.02339323834679e-17,3.68472549052642e-17,5.12115458780552e-08,3.44614668610973e-09,-2.53606513400635e-08,2.8332488379235e-16,-5.71455860062797e-16,-1.88596967903853e-16,-1.5737095421917e-07,3.33974500763572e-08,4.18021139114782e-16,4.38432267700522e-08,-1.53299193955209e-07,9.62444202297453e-17,7.68725206261574e-16,-1.53053593088896e-08,-1.56822601749745e-10,-7.58672530660865e-09,-3.57075534253692e-16,8.54451311077639e-09,1.2450263972699e-08,1.33699035129286e-08,-1.22036049829719e-08,-4.34870665106113e-08,2.77367005745014e-08,7.47381478032761e-16,2.83039428264662e-16,3.74774204058082e-16,0.000253508157748853,-4.69375428092282e-08,-3.36942336109843e-09,-2.71715296484086e-09,2.26403729174566e-15,9.72861540731821e-17,4.61444456911041e-17,2.57824719258735e-17,5.49713642073954e-16,9.00787972352955e-08,-5.14519333406466e-17,-4.33301607850338e-16,-2.10895917789984e-09,-3.03263205630842e-16,-1.88796410891404e-09,1.07507594057037e-16,-2.34082628244103e-09,-7.27324477600812e-17,-2.83914569233759e-09,-3.55491052845323e-10,-1.67746607969508e-06,-1.07867681507612e-16,1.14123367106239e-08,1.26901021000616e-17,1.62161458059154e-08,-1.97608661343904e-07,1.58033462152275e-10,1.26392490906111e-16,2.30694191245209e-08,-1.1088179907021e-16,-5.67539783768242e-09,-3.20356513734665e-08,1.30027871137277e-16,9.92138865928087e-17,4.49624269625094e-16,1.40013407710954e-16,-1.07634429605666e-10,-1.40197248875799e-09,-3.1315428485452e-10,-1.09631608116644e-16,1.96826231484291e-16,-2.32119638078099e-08,6.82381983446029e-06,-4.65254022132242e-16,-6.90634926441446e-19,-1.42983633796914e-09,-2.43337828316692e-16,-1.01384305292542e-08,-2.61514100268356e-17,9.59061756368285e-08,-3.58853630507602e-17,9.39814273401348e-17,2.55684601499495e-17,4.19911333799926e-16,-1.83200717615223e-16,7.73048857064471e-16,3.92800551678478e-05,-0.000130974486380393,1.45722258267886e-16,-8.4489543418772e-09,3.22443509378736e-08,1.30019104324145e-16,2.30609008296649e-16,3.66146610876084e-16,3.33091043944787e-16,3.19451535681289e-09,5.1116238673269e-10,-1.90859371867347e-16,-3.60922581366676e-16,-5.80766859898782e-09,-2.07184265280435e-08,-2.16875281786327e-09,4.43645662138395e-17,5.17726359773422e-16,1.31142513715665e-16,-2.86892827891015e-16,9.53446077657941e-16,3.42686737197279e-16,1.22714603762146e-08,-1.16086381616829e-08,-2.23253116701203e-09,-1.85547050012245e-16,-5.43681827540857e-16,-1.25094215245799e-16,-8.03043561932482e-17,-2.70107474525726e-16,-5.12656445574028e-16,2.62793984119311e-16,3.4227742737487e-16,6.90140454750442e-17,-3.78033755000033e-16,1.66788950234847e-16,1.22633067986136e-16,-1.20849806092788e-16,8.42882503285415e-17,6.33025930415537e-08,7.42316523903788e-17,-3.17322188153699e-16,-1.08878983193283e-16,1.20060445787244e-07,-2.09302754823949e-10,8.87845425435126e-17,-1.07978179310209e-05,1.09729137557776e-07,1.22874987715458e-16,-1.98637235737255e-16,-3.06294315358625e-08,5.48832472767052e-16,2.70286120752663e-09,1.93010022436345e-16,1.56686451989851e-16,3.29511931669402e-17,-1.81837075912146e-16,3.82950656333502e-10,-5.25883880632758e-08,-2.17335641354352e-16,1.35781873796199e-16,-1.12976902944323e-16,-1.55264965466784e-16,-4.73687929158917e-16,-1.67730868442574e-17,-3.12139337565359e-16,1.57278435710711e-16,3.26437736356931e-08,-1.79782008807495e-16,5.95913016613174e-17,-3.07616122482208e-18,2.44485191286209e-16,-4.17492271541814e-16,2.97020917552687e-16,-1.25016249880572e-08,-5.63353904124213e-17,-1.96533128214586e-16,9.32133681552306e-09,1.42022194270638e-16,-5.97849028311972e-17,-5.10345123388684e-18,-1.64041763005223e-17,5.372994387081e-08,2.34121184785369e-17,-5.74695245815926e-09,-4.39670714310688e-17,-2.09510542364357e-17,-3.57820395982629e-17,-9.16070367620262e-17,1.86983710433858e-16,2.43514468586065e-16,2.08286433870112e-10,-1.13335775375692e-16,1.41835452980484e-16,0.000765606616750205,-2.31662931360826e-08,-8.37652350810578e-18,1.80152161888855e-08,2.64207518406139e-09,5.0697264559924e-17,-3.46151013175729e-17,-1.43205420263577e-16,-8.7241989961505e-17,1.75591102274088e-16,-4.45347451738055e-09,-2.657756723107e-16,4.45318126549919e-16,-1.19627324694836e-16,1.78328119301684e-09,2.8992009779114e-16,1.04276367838461e-16,2.99048423586973e-16,6.73792516650558e-17,-8.12617903968192e-10,-1.19150434087538e-16,1.68749196072755e-09,-2.11726933518251e-16,2.29336023415438e-16,-5.42282894778144e-16,-2.77572838448147e-17,3.32764470615977e-16,1.60413334362496e-16,-8.01793715021291e-17,-3.78887822176498e-08,1.13942251431463e-16,1.1489758404284e-16,1.23087209339499e-08,-4.72647384290957e-16,-9.43862342736907e-18,6.50513160912616e-17,-7.85626753765493e-17,1.61191700563253e-16,-4.66217978527192e-17,-1.29306610051373e-08,-1.73978834806279e-16,2.89524900239319e-16,2.65685640609059e-08,5.94486937661092e-17,1.96395852861205e-16,1.7592812269036e-16,-4.72435947862359e-17,-2.30111525416456e-16,-5.78481377150177e-17,6.10333443328567e-20,2.78422988029957e-16,5.36309051595813e-17,-2.85457313713766e-16,1.80671956182883e-16,-1.39376221846318e-08,5.98073550154525e-08,-3.18183273849332e-17,-2.77247275090672e-17,-1.78955710971453e-16,1.04445715426191e-16,-3.88469638401556e-16,4.19316462425531e-17,-2.02116168950712e-16,-9.2360670450327e-17,-5.8050674469476e-10,-3.15637624462833e-17,7.42954705126901e-17,1.37114706379925e-16,3.49484080644801e-17,7.43377224679421e-10,-1.228839082702e-16,-7.34989847795572e-05,-2.04075160505069e-17,1.88994528966716e-18,1.87201695043581e-16,1.11744249742113e-16,8.5541634612276e-17,2.30457864464352e-16,2.63385752868532e-16,4.72002417362845e-16,1.99491793295409e-16,2.87111220314262e-17,-3.3274100375691e-16,6.96477697134402e-17,5.21239768597268e-17,-8.83226917441106e-18,-1.55251744714848e-16,3.98593069953398e-16,3.78963034546294e-18,1.06110652931846e-16,1.60953159191511e-16,-4.60307038355302e-18,-2.10335221462188e-17,-1.49567699404356e-16,5.80313810735821e-16,-1.12397407196348e-16,-8.91754238666194e-18,5.61183501326203e-11,-7.89697996338312e-17,-1.07094633474233e-16,7.8597684362896e-17,-2.37995915807521e-17,2.64181907862591e-16,1.60962372233031e-16,2.00431637343838e-16,1.26643206969459e-16,-1.00844665221767e-16,-1.96181940548739e-16,2.19659360145563e-16,-1.75027207367671e-17,-1.54700573148204e-16,4.07532319232927e-17,2.06621740860728e-16,5.44221388276123e-16,2.05319249866634e-17,-7.22605090963682e-10,-2.95830880257616e-17,1.87657936208554e-16,-2.56990692871408e-16,1.33117001944604e-16,-9.50336969640926e-17,-8.71018264285735e-17,4.04325317555075e-17,4.11973514341057e-17,-6.84242975817668e-17,1.53184372653442e-10,9.27243572046268e-16,-1.66601880954349e-16,-6.38910403417349e-17,1.35995391457692e-16,7.05518394753313e-17,1.12235879112999e-16,-2.54691271832266e-17,-6.04414517442872e-18,5.90226358292937e-17,1.3565035889646e-16,-9.72428862226892e-17,1.08775661805141e-16,6.21664870749867e-17,7.7325722383865e-10,-2.01440438034638e-16,-1.70169418918613e-16,-1.2084990439985e-16,-6.49328681101569e-16,-2.32806378917762e-09,-2.8033136548517e-17,2.35255299910604e-16,5.93349239635923e-16,-4.49880902876989e-16,-4.04925365188023e-17,4.60885179205118e-16,1.41819590990062e-16,-1.89978729113305e-18,1.01403967229696e-16,-2.81289476407786e-16,-3.41727914567139e-17,8.81148885639968e-17,1.66722819567391e-16,4.56074337569149e-16,6.41911562437414e-17,4.7484471741617e-17,-1.64212149655992e-16
"t305",-0.0448714622053437,0.0424377929384196,-0.0699326786386901,0.0348070427553303,0.0105749201753689,-0.00565479593239443,0.0376094687455796,-0.0868972005348695,5.27267788355931e-05,-0.000321471323547689,-0.000191361108988039,0.0111348379999057,-0.0185293481751206,0.00268935575756525,-0.000663127749288337,-0.095600208767428,0.00217741800433641,-0.0044633252752429,0.000298748151633227,-0.000105604850482397,0.00891796313269525,0.0367569557151583,5.86501505212003e-05,-0.000342555117977207,4.98676710270506e-05,-1.70045282627788e-05,1.89875912850346e-05,-1.63877424483736e-05,0.000197261905692012,0.000277539966161033,-1.06798104872481e-06,2.07452994338257e-06,-0.000765060121835266,2.06668904740685e-06,-1.24708624413295e-06,-2.17909384756313e-06,-8.78867883894976e-05,6.35612077244911e-07,5.20473968081512e-06,1.45395225069875e-06,7.875369141182e-05,-1.06546701666291e-05,9.36993087382536e-05,-1.10111550630363e-05,0.00253164008420305,-6.47956578305454e-06,9.37397112216811e-06,-0.000195496764152197,1.79563654334486e-05,-4.40215902054583e-05,0.000506115007991872,-7.56045836750126e-05,1.17341852840684e-07,-0.117459076294432,-5.62807421102787e-06,4.97407293615413e-05,-2.42365189059046e-07,8.55874672904277e-06,-2.64657618377473e-06,-6.04213967506082e-05,-3.69907893266292e-06,5.39447166950276e-07,-2.01804247611276e-05,1.10682688231387e-05,-9.53795087759217e-07,2.55447662829374e-05,-1.99963321311061e-07,7.75869972785965e-06,-2.21480466319561e-05,9.40628574178778e-06,-1.2002184865664e-05,0.00236023709975366,-3.81058080913804e-06,-0.000421315227318009,0.00021024131753017,9.54171065427473e-07,-0.0264822039224216,-2.62051794303307e-05,2.76937447817293e-05,2.52772373396429e-05,-5.42460519820894e-06,-7.70227964244904e-05,7.29136113738267e-06,4.39984768446031e-05,-3.15197568581929e-06,-0.000712399280140874,0.000486423062083223,1.02044284919565e-05,4.37944433103423e-06,-0.00686432146353021,-8.13618107949388e-06,-0.00321152726571927,5.95537434574633e-07,-1.29250999513331e-05,-1.03353175565903e-09,-1.59262810648624e-06,3.60631151607934e-08,1.15249529663135e-08,2.44735053909077e-08,1.15513711231185e-08,-2.44909422921937e-10,2.82371404370271e-10,-1.33609163352817e-09,1.02231955582665e-08,-4.65901446053954e-09,5.39777925744093e-08,-2.66912272847245e-07,7.14248810095571e-08,-4.21675971247293e-08,4.72783011201835e-07,4.52665866595986e-08,1.06870812000452e-07,-2.34590371470618e-07,1.47825612100886e-07,-4.73282315886112e-10,6.17949406059291e-09,1.66910407720755e-09,-4.7127914663732e-08,1.23777578372299e-07,-5.44097903132418e-07,3.6395503842177e-06,-2.47069803055065e-06,1.94615207637493e-05,6.83104850309622e-05,-0.0192299453334204,-6.44288154976649e-05,0.000490902018996662,-6.95430106930821e-07,8.88894818113052e-07,2.9240293588016e-05,-4.77168424825143e-07,2.50122630482661e-06,-2.98344156958486e-06,-5.97461631135444e-07,1.73243719619929e-06,1.00176859137966e-06,-6.43286602835572e-09,-5.26063827824848e-06,3.75476780209037e-06,-1.13737576264978e-05,-1.10716623477146e-06,-6.03762309477368e-05,4.03971208511777e-05,0.00019070781954013,0.114564487764014,6.23769967260502e-08,7.19466492888273e-07,-4.55825497298229e-08,-2.45455562449287e-09,5.42522888161437e-09,2.26126121035708e-05,1.27587145415788e-08,1.97744732890723e-06,-8.41747977144743e-08,5.64099362467508e-09,3.26535698725422e-10,-3.341854114649e-09,-2.60616898993764e-07,-2.01008731542264e-10,9.64998818153195e-13,2.20656098133535e-07,-5.34045086170407e-09,7.41394648384717e-09,1.06397164374661e-06,-2.2479917562206e-07,1.30771344051129e-06,-8.69642491312768e-07,-1.59207233117657e-08,-8.05994497820194e-07,-1.44518866112037e-06,2.67021376493939e-05,6.81557955672833e-06,-0.16534888668605,7.58689338032556e-07,4.41317698716539e-06,8.6030928311484e-08,3.18984198121451e-07,-1.11291386969486e-06,-6.35409085023811e-07,-9.97185684802407e-05,4.73131527912045e-06,1.36259778404624e-05,-3.2551244284955e-07,-1.0148971566888e-08,-3.79781171723035e-08,-6.32068430226817e-08,-1.26572591008529e-06,3.06090658224543e-07,1.39604838167961e-06,-7.41352393228542e-05,-2.28744355909277e-08,4.19446772869062e-08,1.65503847395971e-07,2.10098646944782e-09,2.79965568297716e-08,-4.36381591799767e-08,-8.9048528198884e-08,-0.00191289817360798,-2.24538864551682e-09,1.05012236532691e-08,1.04564477430009e-08,1.68141224815694e-06,-2.60759178717645e-10,-2.93690123251333e-07,-6.42151348502666e-08,-2.87536289839516e-06,4.81911961173531e-08,9.17213998378932e-05,-1.26929084845247e-07,-4.6686266170929e-09,-3.16294300343377e-07,6.02805905509914e-07,-1.47010985114321e-07,1.12397739912542e-08,6.16150603783546e-08,1.65442986956583e-08,-4.43033501148948e-07,-5.4452381030138e-09,1.60190525183268e-08,1.03301829702868e-07,6.11386252352889e-07,-8.7254853740581e-06,-2.71392151187479e-07,-9.53678247292434e-07,3.02683022389377e-07,1.61574573176211e-07,1.72269160519525e-06,1.4962472468441e-07,2.69453880525958e-07,2.50646227452094e-07,-7.44745320579876e-06,-1.2610396649705e-06,-1.05188309060988e-07,-1.79659516366831e-07,1.1620721575651e-08,1.67628668837657e-06,1.36168663826118e-06,-1.37068979080659e-15,3.83843452527526e-07,-0.000705596073498199,6.72909876055481e-07,2.41039284768119e-05,4.60313292213108e-06,-4.37286539936693e-05,7.05808528238218e-06,-0.060428683936546,-1.32008455846554e-06,1.55209139908482e-08,-1.63432516334507e-05,1.52375694211001e-05,-4.1855920170734e-07,5.46298573268416e-05,-2.08383675080542e-06,0.449847908549313,3.65798348221083e-08,3.25782470503683e-07,-4.54998584338817e-07,5.1119343273289e-05,2.09565267105282e-07,-3.98401697904795e-08,8.43583944342792e-07,-1.61627946582779e-07,1.75275200638701e-05,-8.59000008022864e-06,8.37219250624198e-08,-2.84183244703485e-08,3.15658387768151e-08,2.2298735203248e-06,-5.08420185939766e-06,3.28464419718702e-08,1.30512605850595e-08,-2.77866866204752e-08,2.39891878638773e-06,-0.000213374038741748,5.16348876319123e-07,-7.29802526579627e-06,4.29294297486579e-05,-3.92104398419077e-07,8.96694725249971e-07,-3.25382065765887e-07,1.75820165623552e-07,2.70569879644648e-16,-4.25321788543354e-07,-1.45366886154574e-08,-1.34172972464964e-10,-1.14162249108447e-06,1.99547667577668e-08,-1.22726157004827e-08,-2.18915098942212e-06,2.37092112216936e-07,-2.46564348571322e-07,6.45394175805432e-07,2.33606913623382e-08,-2.01973671861289e-08,2.59715925321568e-07,-3.13368007449516e-07,6.92348602993831e-06,-1.44515537789874e-07,6.23414106114724e-05,6.8382608153293e-09,3.83860279079418e-08,3.23101074463474e-07,-2.58659929098965e-06,6.07486331629912e-08,-2.30620104433673e-07,3.07023728126393e-07,-1.11045561327359e-06,6.8180183548728e-08,6.14767456742002e-08,4.67090795725669e-07,-7.83949658352999e-07,-6.24906796042521e-08,5.04822526395886e-07,-3.27672976362816e-07,8.07040190936438e-09,7.46411324721004e-08,-1.43154797276274e-07,3.19070230735722e-16,4.04580604763253e-10,1.69585553707343e-06,-1.26584309362349e-05,1.10495855909504e-07,9.94942948574033e-08,2.91767254252361e-08,6.75317421843438e-08,-9.84479407094154e-07,3.63047283214375e-07,2.7948851525472e-16,-2.73279303812108e-07,-3.32417438614557e-09,-9.25066349623143e-09,3.07558101222503e-07,6.87327486763213e-08,-4.61123062820447e-09,-1.74929129815068e-07,4.63839135344303e-08,-1.51964997364903e-06,2.85086415605325e-07,-5.76156615105464e-08,-1.03913199020254e-07,-5.48585539087847e-09,-4.42732768659356e-07,-1.03036587638341e-07,4.31155306162976e-07,-1.11461594520031e-07,-7.98775814182835e-16,-1.69999052964406e-05,6.72429554463266e-06,4.70557033282182e-09,3.36794563084037e-07,-2.08662805696815e-07,-4.41664113504561e-07,1.57063183264378e-06,-5.71715822955833e-06,-4.00829557377737e-08,3.39156720896663e-16,-7.48826512629531e-08,-2.08582393382322e-07,-9.79856356107897e-08,1.16933365219115e-15,1.93486899316711e-07,2.55748795260914e-06,-3.92950272640567e-07,-1.63676871974806e-07,-5.63452809389934e-08,-3.10017333703509e-08,-1.13636841884058e-06,3.47760325475453e-08,3.74581254530314e-07,1.20075137507281e-07,1.09230939470974e-07,8.38828572278914e-06,1.6621083727945e-15,-0.043968398954138,-7.67370103592521e-07,-1.29907979372267e-06,4.65746904401601e-08,-2.54289908157306e-15,6.84396544079927e-09,2.77396349255958e-07,-1.63275759274639e-09,-1.48241666774987e-09,-3.56437088762045e-09,1.39511162026905e-07,1.4303127514118e-08,-4.1505596918198e-08,7.06723999331382e-15,-5.11060509954209e-07,2.79442360080707e-05,-2.61732822816791e-06,-1.24991381861867e-06,1.30857883272492e-07,9.83838177528746e-10,-1.46358619668163e-14,-2.16944195619557e-15,2.24279096297625e-09,0.00164614622583517,-0.839119466891205,-5.97640010258464e-07,1.86836964115864e-15,-1.07142971487291e-07,-1.04384442474124e-09,-7.46118766014945e-15,4.69166811463068e-15,1.02408666263158e-15,1.56930837862573e-07,4.49790206259724e-07,-5.98386258475003e-07,3.34213517642464e-07,1.65640182463478e-07,3.25218373134992e-07,-9.77995836994598e-07,5.91081005789262e-16,-2.00612717364732e-07,7.19346641234249e-07,-2.91193860956565e-15,2.63850378634482e-15,-3.4382370225856e-07,-2.70284308807811e-11,-0.00084084739033024,1.62462181145741e-07,1.77040505390263e-06,-1.31268139927816e-08,-3.71566498699665e-10,-4.70309137958275e-08,-9.40477424024554e-16,-2.40649605715083e-07,4.27934597480029e-15,-0.0267146219910832,-2.81336842784066e-15,-1.15112624180061e-08,2.68658265773748e-08,9.63761265046399e-09,1.4258655535008e-07,5.24038535527447e-07,-0.0184455046774145,2.07720728620987e-07,1.77323974805366e-08,8.65964610818536e-08,9.50414340912035e-09,0.0158542196418014,-1.46063878966125e-07,-5.26963492796156e-08,-5.29866173413164e-09,-0.00140017354755182,2.28673709686214e-15,9.94764132396819e-07,-1.82790167063605e-07,1.90722898271739e-08,4.25396683437227e-16,2.54134026776793e-09,6.93281163521993e-08,2.48485963833143e-07,-6.42215217621405e-16,-4.18707452378709e-07,-3.21129490187597e-08,1.64550765690759e-16,-4.24741510871307e-08,4.93831934291141e-06,-5.5546295924145e-16,1.03417478880415e-16,-2.41094673986666e-08,-1.86490835934266e-08,-1.06272575362655e-10,-1.4744108386804e-07,3.91276712351199e-08,7.98374943339067e-08,1.10849605048418e-08,1.353339567105e-07,-2.29130916995715e-07,-2.13414355632047e-15,3.27367831127328e-09,3.24990398051858e-10,8.96536718432397e-10,8.38618686250568e-08,8.49903555180685e-17,4.14789382998643e-16,2.75663528216415e-08,-1.48849180218361e-16,8.7805641882373e-16,1.72549783827626e-07,-1.92501400557474e-07,-2.49162942327356e-07,-2.07242779461021e-09,6.28633561611035e-06,1.37952754976413e-07,6.19413822511004e-09,-1.48460408829606e-16,1.50288908221186e-08,7.01795884408903e-10,3.2200021584523e-09,-2.25408972325046e-07,8.87153541928439e-07,-3.23293151561899e-16,-1.97159074557757e-16,1.75100986437414e-15,-1.11174461223211e-08,-3.70052906346829e-08,-3.10132637203297e-08,1.74086289721088e-16,-2.83230547710856e-08,-2.18499771779812e-16,5.26068377907247e-17,6.62858803012364e-07,-1.45531530609979e-08,-2.38828054555107e-15,-3.57517891657119e-08,-1.28056302044225e-07,6.80183222767019e-12,5.50717137041586e-08,4.34634096938581e-16,1.46775606673253e-08,-3.20742764119571e-16,1.46415484301994e-08,1.26725105378097e-07,3.18498920005218e-08,4.31529575941278e-09,2.96163487807743e-08,-8.15675682615073e-06,4.07354146553754e-08,-5.41336167103223e-17,2.43294381157349e-06,-1.07259760039612e-07,-6.72178275223788e-16,-0.00171539543658892,-3.94040842140838e-08,4.81035526549972e-07,4.14727171711575e-17,2.97254160409956e-08,2.72651705639394e-07,1.30709073224394e-16,-9.81577000363919e-08,-2.17091534736792e-08,-7.83832535563029e-09,4.17665384646855e-16,4.94102980859575e-16,2.0155943552955e-08,6.1656685541408e-09,4.98733303294333e-10,-7.16953735450752e-08,3.63475118817696e-09,6.39462167719031e-17,-1.60466529384598e-16,1.32632788065293e-08,9.14173531893556e-11,6.66835474549518e-17,3.20256156782485e-08,-9.49406126335017e-17,1.14763846895702e-07,-6.1172760582317e-09,-3.57398970640727e-09,-2.3687071438978e-08,-4.99903128459407e-16,7.87684146430171e-17,-3.41139906902387e-16,-7.92059441396634e-17,-1.31556351837021e-08,-3.4155988573741e-07,-6.70756998804241e-16,-5.38366975702328e-16,3.22117976363814e-17,6.41612718498491e-08,4.31514368221605e-09,-3.17077789724503e-08,-2.85724971212823e-16,-8.67876734020334e-16,1.8285069638968e-16,-1.95778128590029e-07,4.15412946332505e-08,2.54607605632296e-16,5.44315750080868e-08,-1.90178719782842e-07,-1.93281993906343e-16,-2.49096374259968e-16,-1.89541559864073e-08,-1.94182498576465e-10,-9.38454851136280e-09,3.63927474178979e-17,1.05515733211786e-08,1.53607047652888e-08,1.64745116337398e-08,-1.50118205735033e-08,-5.34698470976421e-08,3.40751660720874e-08,-3.4536298993568e-16,-2.40978107702271e-16,-3.20778877290547e-16,0.00030998782449728,-5.73908415958531e-08,-4.11742230682111e-09,-3.3107736532083e-09,-9.13146504556332e-16,1.5471598053879e-16,4.66600158092553e-17,2.94723055907734e-16,1.45643869056519e-15,1.09435896235665e-07,-2.44513128722157e-17,-7.87013885325255e-17,-2.55926160931509e-09,-1.55950564686456e-17,-2.2909394989031e-09,-1.73059228227397e-16,-2.84017650939444e-09,4.72690018532104e-17,-3.43814856604767e-09,-4.30298097183424e-10,-2.02904934768765e-06,-5.89007705947255e-17,1.37926045414791e-08,-8.10312782789587e-17,1.95625135877843e-08,-2.37830821797334e-07,1.90181285987478e-10,-6.13346365955915e-16,2.77364793653967e-08,-4.24480298427977e-16,-6.8136404930026e-09,-3.84579089769479e-08,1.53505905269343e-16,-1.80256583338356e-16,-6.73997116075877e-16,-9.78277492499532e-17,-1.29059793945167e-10,-1.68051477506701e-09,-3.75237055344003e-10,3.69111613507091e-17,-5.97716501430381e-17,-2.77663430808259e-08,8.16209730564177e-06,2.56184666945255e-16,5.48232582501492e-17,-1.70669746755456e-09,-1.22668023632226e-16,-1.20962484925443e-08,-3.64136829130458e-16,1.14282528598182e-07,1.78017257220425e-16,4.76270869129337e-16,1.1274218731097e-16,8.62494324647816e-17,-7.61190657403247e-17,2.82504977288014e-15,4.66893130643778e-05,-0.000155674706725189,1.79879064144868e-16,-1.00337107566297e-08,3.82787192678766e-08,5.34567582258787e-16,8.81340008448648e-17,-1.05427966259099e-15,4.29532667647272e-16,3.7865891768647e-09,6.05689051278904e-10,1.83045370627224e-16,-7.63014261330356e-17,-6.87896747131525e-09,-2.45389629269231e-08,-2.5682385055847e-09,-1.37563341318644e-16,-3.67823973867799e-17,-8.85791043653434e-17,8.08754875822237e-17,-3.62398378749205e-16,-2.7271773520254e-16,1.44922828142948e-08,-1.37060647479755e-08,-2.63524415202182e-09,1.32137766480518e-16,-9.88903699118358e-18,1.45407530902372e-16,3.93919948040472e-17,-8.66860147232825e-17,-1.6752156259349e-16,-2.49541836240125e-16,-1.22402712223799e-16,1.21228302366662e-16,-1.83809420700512e-17,1.23366536411915e-16,-6.74065093661086e-17,1.79238487011855e-16,3.37483501654786e-16,7.44162065704774e-08,1.88800132188963e-17,-1.30147165237545e-16,-8.7362631516683e-17,1.41063936359067e-07,-2.45888604135786e-10,4.65638816484001e-17,-1.268429713547e-05,1.28816723762976e-07,-1.49602473063906e-16,1.02080181562338e-16,-3.59288335025459e-08,-3.0952869799457e-16,3.16743884566431e-09,1.07849985420286e-16,1.17531236718877e-16,-8.33464683438756e-17,-1.27255234766243e-16,4.48099930607606e-10,-6.15287866927471e-08,2.06592251298372e-16,-2.57487509706892e-16,-1.56335349966507e-16,-4.65522774156975e-18,-4.03540048599105e-16,5.71717337194161e-17,-1.8396584316136e-16,2.06276750942995e-16,3.80004672508655e-08,2.52064230555787e-16,1.24612132732961e-16,1.65645548075024e-16,-2.31813801507981e-16,2.66169639681962e-16,-1.37647970910802e-16,-1.45377327598875e-08,1.56491676333298e-16,-5.67640985291274e-17,1.08373862874891e-08,-1.27737913145731e-16,-7.24996044680455e-16,1.64437455821217e-16,-6.16418085827775e-17,6.23292041612671e-08,-1.03101553741613e-16,-6.66409710531474e-09,1.36819128767308e-16,1.48829271303255e-16,1.58001685652428e-16,-1.26017580837643e-15,-3.46058403866822e-17,-5.68044427294968e-16,2.41332660083772e-10,-2.37237101916606e-17,2.92997169694685e-16,0.000886537273271492,-2.68246801478489e-08,1.42695651488898e-18,2.08492749566115e-08,3.05721275375271e-09,-1.45479658712963e-16,4.26916886651469e-16,6.6896107718767e-17,7.46096464062303e-17,1.98451061718242e-16,-5.14099087193184e-09,-6.27345550890518e-17,1.1468186763227e-15,1.38676038366038e-16,2.05734089117243e-09,-1.00890827723173e-16,-3.41423724001606e-16,-4.83261033137053e-16,-1.57248051860319e-16,-9.36762176340463e-10,-1.14212972701712e-16,1.94481875007197e-09,-6.20611093976335e-17,2.46194909249614e-16,3.66845819660679e-16,1.72241519577274e-16,2.2887987958865e-16,-1.53459742266985e-17,9.78590595296841e-17,-4.36108667205415e-08,1.44754440833555e-16,6.7392269138716e-17,1.41631853423705e-08,-5.78302968069083e-17,4.70696364298598e-17,-1.95254261444855e-16,-3.66204018249013e-17,2.34534405331325e-16,3.22833721402468e-16,-1.48642979680334e-08,-2.33687531804482e-16,-1.95953967850211e-16,3.05283378593536e-08,1.07358621969899e-16,-1.37763670559128e-16,2.3505656112221e-16,-1.08768575730688e-16,1.37736070987797e-16,-1.25801327586406e-16,-3.86683456664318e-17,-5.88715343959922e-17,1.50458394313955e-16,9.40948194890472e-18,9.58357533594446e-17,-1.59895206161162e-08,6.85992677610741e-08,-8.95179399379021e-17,-2.54636492186769e-17,9.81466857661794e-17,1.25340519388634e-17,5.34620091252602e-16,-1.98775593786349e-16,1.81930898947593e-16,1.71583771967352e-16,-6.65193404376762e-10,4.4788631483527e-17,-1.38079407057215e-17,-1.27024116057925e-16,1.73806880556377e-17,8.51123843867568e-10,7.32371886334957e-17,-8.40748878394706e-05,-2.46069484459799e-17,-2.51983895861767e-17,-1.45066101173082e-17,-6.78175395709703e-17,-6.13165525068771e-17,-2.2896020665974e-16,-1.4659327960811e-16,-5.20230958041439e-16,-6.0169642297261e-17,-8.24330447610504e-17,4.96720075790953e-17,9.98164598074879e-17,-6.09020845658961e-17,7.46884019860197e-17,-1.07228565133269e-16,-9.24537999190885e-18,7.94487907490742e-17,-7.30673103389259e-17,-1.84955889637354e-16,5.49203568249874e-18,6.60170702826424e-16,1.61013932777938e-17,4.24622481721674e-16,-1.88925906217172e-16,-3.86450722142093e-17,6.39820101101456e-11,2.07251200506047e-16,2.48271352689726e-16,9.9652575581931e-17,1.38117262905996e-16,1.02663772663103e-16,1.06194861503369e-16,-1.33212906604681e-16,2.77985424095054e-17,-3.88535836723599e-17,-6.47653137950061e-17,1.34549489605451e-16,-5.36657543094482e-17,-9.31302645059413e-18,5.0282682194098e-17,5.36293044466308e-17,-2.31991596322088e-16,-8.36537503818462e-18,-8.22092299312553e-10,9.02492451282141e-17,5.19515724946909e-17,-4.38205437290874e-17,9.00419283110412e-17,3.41893160676542e-16,1.09503667282598e-16,-1.66985110791778e-16,2.63677580549533e-16,1.60653725973071e-17,1.73899350035151e-10,1.24067924429613e-15,1.77666684195291e-17,-2.41661301064608e-16,7.8287164415806e-17,2.48625213363442e-17,-1.46614093781149e-17,-5.93239839807943e-17,7.32506582871744e-18,-3.35523365991855e-18,1.05850001977024e-17,-8.06874898278894e-17,-2.17373870159861e-16,8.20984342652921e-18,8.75976185904892e-10,1.71319072544216e-17,5.65671095446871e-17,-2.02537127994682e-16,-5.61183044478497e-16,-2.63478952036331e-09,-5.25442071042242e-17,1.31632171969275e-17,5.8797297543683e-17,4.38294936110016e-16,1.03466136250504e-16,-8.34692746097528e-16,2.56326347079926e-16,-1.9483179790858e-16,2.39444820019467e-16,8.66827386662728e-17,-8.86554445302959e-17,1.52177056483343e-16,-8.48321530565491e-18,2.01418236879918e-16,-1.15000548719181e-17,-2.16310324671306e-17,-1.56330601470669e-16
"t136",-0.0443519266273259,0.0413945149394427,-0.0681570503106442,0.0336166184931351,0.0101301314125843,-0.00537457729559433,0.035708106442787,-0.0821437037927589,4.93009166211486e-05,-0.000295943614377776,-0.000171846520915222,0.00971686697164467,-0.016095622085531,0.00233037690067467,-0.000570452016431184,-0.081385428368167,0.00184526655509464,-0.00376906213666293,0.000251106502766383,-8.71670392813186e-05,0.00722031629909608,0.0281221007344373,4.39924740805404e-05,-0.000256387368157804,3.72674336733618e-05,-1.24726954699257e-05,1.385841663029e-05,-1.191510577721e-05,0.00014175373277573,0.000182634887238323,-6.73593421647877e-07,1.26609381204619e-06,-0.000440366360756348,1.13772843733617e-06,-6.50411460998532e-07,-1.02924258695342e-06,-4.07515855083743e-05,2.87695302592915e-07,2.33063098456403e-06,6.35470563626027e-07,3.27433206992512e-05,-4.22984119093048e-06,3.6076055062482e-05,-4.2285048535457e-06,0.000935740914814602,-2.03806540469135e-06,2.78461007328727e-06,-5.64451727661151e-05,4.75877259874984e-06,-1.050910741282e-05,0.000102544706462119,-1.40129648634936e-05,2.14494299885819e-08,-0.0188915357782296,-6.55740216251397e-07,5.45417886412376e-06,5.11815476696997e-09,-5.08362329560763e-07,1.69476318130781e-07,9.87069894883039e-06,9.0116408643746e-07,-1.53805024460572e-07,6.45063815945524e-06,-3.63561552396175e-06,3.77304252748514e-07,-1.17117621863842e-05,1.21297686273463e-07,-5.25804000644623e-06,1.57609343071053e-05,-7.28503686955919e-06,1.37594978148226e-05,-0.00350188483282735,5.8705422113255e-06,0.00070053705556172,-0.000352894329219439,-1.65431945288437e-06,0.0465063109426926,4.89794373183458e-05,-5.94094567935995e-05,-5.72725867993614e-05,1.34801507629901e-05,0.000195244898511957,-2.13514750484811e-05,-0.000134539676240859,1.16024454156885e-05,0.00275925914191649,-0.00198395993186943,-4.19716541171574e-05,-1.80526006060141e-05,0.0284521530251964,3.43988127780366e-05,0.0164213005506536,-3.09976307514918e-06,7.59849603072213e-05,7.5722979216863e-09,1.20802271099819e-05,-2.73988286039916e-07,-9.58331140900037e-08,-2.1062816071461e-07,-1.13782384022389e-07,2.71171772719243e-09,-3.16032732247364e-09,1.51370380289312e-08,-2.26769335707986e-07,1.10356248559135e-07,-1.34886730599153e-06,7.37997671277629e-06,-2.03451753237224e-06,1.26847677362294e-06,-1.55232749285239e-05,-1.53146604024948e-06,-4.39644296468884e-06,9.90177263174045e-06,-1.39407846924628e-05,5.97303803030241e-08,-2.84558655139117e-06,4.63822071669638e-06,-6.56678381161023e-06,9.11901748265982e-06,-2.96970133230869e-05,0.000173349541748786,-8.19194802906752e-05,0.000539178061599692,0.0018806337002572,-0.517184438832125,-0.00148506523988423,0.0111804436520581,-1.40766836537484e-05,1.33363625975765e-05,0.000437307628245391,-6.97306353861229e-06,3.01516803809866e-05,-3.4590130996956e-05,-6.7310321554664e-06,1.72528098766616e-05,9.7977764051163e-06,-4.54323178334574e-08,-2.47462116623551e-05,2.90984834637984e-06,-7.33357203229755e-06,1.9349503556324e-07,3.70907586221854e-05,-5.47671241651556e-05,-0.000314859181650861,-0.18960480059755,-2.49503496540239e-07,-7.47134410894888e-06,9.68823725119933e-07,6.1871862954058e-08,-2.00860385397835e-07,-0.000864088783632859,-5.69196923657866e-07,-9.6928576784985e-05,4.60810881905001e-06,-1.25234711364718e-06,-1.07497323437569e-07,1.59609566680406e-06,-7.73770060931972e-05,-3.47612001354303e-07,-1.14444727669202e-07,-5.36890166777096e-05,1.03740278956399e-06,-5.49583153207123e-07,-7.21113184312803e-05,8.175665759114e-06,-2.85068370340946e-05,4.22918850765073e-06,7.24608409291684e-08,3.60521468144441e-06,4.87130746148263e-06,-5.99238064004019e-05,-1.42756969559435e-05,0.0504828524540386,1.28940817488381e-07,4.78995654012561e-06,1.10970787690631e-07,4.43986170590379e-07,-3.3272695152517e-06,-2.6849022578893e-06,-0.000439577090456678,2.16489806050258e-05,6.86332269163002e-05,-1.69354615114353e-06,-5.43919381712286e-08,-2.08969862625872e-07,-3.7627393989026e-07,-7.66867216763314e-06,2.11109412294683e-06,9.66472968332287e-06,-0.000532356345881721,-1.79840490605337e-07,3.5303239450837e-07,1.42494090666784e-06,1.87016557391825e-08,2.55428116204485e-07,-4.28501346692846e-07,-8.88637855331003e-07,-0.0197623121465386,-2.36102495521597e-08,1.27832397418559e-07,1.28244910460851e-07,2.21333615111082e-05,-3.70504868971386e-09,-5.21764294658878e-06,-1.14220659725509e-06,-5.24129713880638e-05,9.51913172473302e-07,0.00192624274924942,-3.22733393196946e-06,-1.6441590343266e-07,-1.66611752138139e-05,3.77795581129489e-05,-9.81062420995514e-05,-1.5734017409864e-06,-8.35125435029613e-06,-1.14449228156544e-06,1.30754069030908e-05,1.43753970732646e-07,-2.63326885229102e-07,-1.31554889461268e-06,-7.19011356437251e-06,7.6373289592965e-05,2.22765081591808e-06,7.31114483972911e-06,-1.90508974653903e-06,-9.78888321287544e-07,-1.03404213906659e-05,-7.36347751446255e-07,-1.18094661209082e-06,-9.68396363625255e-07,2.71937056825355e-05,4.3444060964092e-06,3.43245082708396e-07,5.77332257385324e-07,-3.24156065707756e-08,-4.28037162139443e-06,-3.15740523058708e-06,-2.7151856358117e-16,-7.73472773335519e-07,0.00138194196735047,-1.07715385796709e-06,-3.27613235693002e-05,-5.42668091300322e-06,5.11004574884564e-05,-6.16360983652677e-06,0.0500257194939621,1.06569829809125e-06,-1.10531066419698e-08,1.06326907381793e-05,-8.28203758322271e-06,2.08501505750306e-07,-2.62098670472471e-05,7.97622748684238e-07,-0.0143735177138776,2.72212709683905e-09,5.11803508758975e-08,-1.45831275697162e-07,1.69392412195498e-05,9.07548406471428e-08,-1.93794060640116e-08,4.71120905295417e-07,-9.38441212791915e-08,1.05752170296646e-05,-5.44697373316756e-06,5.67705216388729e-08,-1.94093439177952e-08,2.48257667249768e-08,1.7587635715634e-06,-4.02287852267605e-06,2.68508613713385e-08,1.07940362591468e-08,-2.38112105970381e-08,2.06879266762571e-06,-0.000218459709910789,5.36991218521524e-07,-7.68166554365658e-06,4.63981632784271e-05,-4.32389548600596e-07,1.03144951212814e-06,-3.7861801239471e-07,2.06414231132881e-07,-3.12829979535785e-17,-5.14119083939749e-07,-1.76365767684722e-08,-1.64714998542946e-10,-1.43922444801003e-06,2.57018179126383e-08,-1.59622996813227e-08,-2.86082887121312e-06,3.27728791943384e-07,-3.41960662154349e-07,8.95900391781062e-07,3.29108201447334e-08,-2.95798366365752e-08,3.8276204766817e-07,-4.63823201920941e-07,1.03900185445738e-05,-2.27499902362155e-07,9.9931804451775e-05,1.09727975728968e-08,6.16136638844349e-08,5.40071728919452e-07,-4.50457438404054e-06,1.06309181497684e-07,-4.06405613509933e-07,5.455309113025e-07,-1.9780180568982e-06,1.23906045768775e-07,1.11886665269944e-07,8.5235819536186e-07,-1.43315131077073e-06,-1.1491067350837e-07,9.34200011125506e-07,-6.09877033821352e-07,1.50582377301405e-08,1.3985098662877e-07,-2.70563358416812e-07,-2.00336678978226e-16,8.02455517380983e-10,3.37850275129887e-06,-2.53824914791473e-05,2.21606670346072e-07,1.99582305426255e-07,5.86193338500481e-08,1.3607723170938e-07,-1.99058742505765e-06,7.39130969386167e-07,-1.60456361755156e-16,-5.64840958577098e-07,-6.88320425614304e-09,-1.92285084494723e-08,6.39582627836619e-07,1.44250492822504e-07,-9.72494087427022e-09,-3.71378452910884e-07,9.8907179063938e-08,-3.2694760622136e-06,6.17908074376357e-07,-1.2540836068849e-07,-2.26676840771453e-07,-1.19822166630162e-08,-9.69064703131603e-07,-2.25578617003617e-07,9.45199470505585e-07,-2.44585337656793e-07,-2.54732261461852e-16,-3.74594343301282e-05,1.4817585532783e-05,1.03691300886395e-08,7.40633300215055e-07,-4.58570307028723e-07,-9.53326417402746e-07,3.35658296625462e-06,-1.21897753076807e-05,-8.4610623667265e-08,3.48577366732799e-16,-1.55839135055072e-07,-4.31408017883805e-07,-1.96982133104997e-07,2.86925286802619e-16,3.72479578196856e-07,4.86102658745179e-06,-7.41621413290041e-07,-3.04099105231122e-07,-1.01583711681398e-07,-5.44447899892391e-08,-1.95005113421699e-06,5.47744233852693e-08,5.82783932017978e-07,1.71912221510127e-07,1.25444107284833e-07,9.48902887815984e-06,5.15543082547073e-17,-0.00670456166753486,8.47262563099972e-08,1.10721575970822e-06,-1.24474908353169e-07,1.30193493768359e-16,-1.26836298269091e-07,1.35909292292194e-05,-5.78565734312636e-08,-5.15242861323802e-08,-1.30603464768419e-07,7.29749139830835e-06,-1.84657718178854e-06,2.59201416215504e-07,-5.50964731971726e-16,9.62655521899746e-07,-4.73560830736703e-05,3.52441336009283e-06,1.18337951577314e-06,-1.20307665822307e-07,-8.0881952540897e-10,-1.4510961876546e-15,2.76178991476056e-16,-7.88725988864107e-10,-5.95779479269748e-05,0.00129914936195067,-1.33603701483434e-07,-7.44384012110518e-16,-6.47107253648897e-08,-7.70200949647282e-10,4.59533949122997e-16,-5.41975413130785e-17,3.19559053773389e-16,1.67694172202466e-07,4.96394585206236e-07,-7.27276118131492e-07,4.34721371301843e-07,2.17027509625773e-07,4.52889532023059e-07,-1.37077012658216e-06,3.12773737372294e-16,-3.10317588431965e-07,1.14536870273285e-06,-1.33950891126694e-15,-5.67991352131403e-16,-5.96197502591114e-07,-4.74178387443517e-11,-0.00148361345951021,2.84796970317478e-07,2.90880896563118e-06,-2.10644440094298e-08,-3.4887674227467e-12,-7.22165506868131e-08,-8.68642004232798e-16,-2.71371070113575e-07,7.11537491253356e-15,-0.00583795949834844,-2.90493906968848e-15,3.29767811204621e-07,6.06305904314097e-07,3.35370284145266e-08,4.57347720530792e-07,1.60221598010619e-06,-0.00250943135559633,1.3074038532235e-06,8.12457155129324e-08,3.96180367910976e-07,4.01362820240933e-08,0.00907858888525353,-2.76927363737464e-06,-1.19210772579126e-06,-2.76601651542255e-07,-0.400527178410358,1.33919609226661e-13,-1.74062716383529e-05,1.36066507349074e-06,-3.63178698652316e-08,7.87733181045631e-16,-3.4627260409245e-09,-5.5209827545933e-08,-1.52520923894875e-07,1.00313147946505e-15,2.21864285513146e-07,8.00557450385863e-09,-2.51517143693711e-15,5.75535308572604e-09,1.69503733752409e-06,5.35541167039291e-16,5.18345793812452e-15,-1.1333382266249e-08,-8.95830694410862e-09,-5.59425810251752e-11,-8.49972886543799e-08,2.64560528127435e-08,5.46083028749064e-08,7.703015769236e-09,1.08435833412423e-07,-2.00276392506798e-07,-1.30657203806228e-15,2.94291400720956e-09,2.93501830317977e-10,8.22467204617715e-10,7.83251837978761e-08,2.12017887440412e-15,1.04992473285205e-15,2.6347045447055e-08,5.74889347289318e-16,-5.90291254703706e-15,1.85001237466941e-07,-2.09696313764006e-07,-2.71506905796803e-07,-2.33093388821151e-09,7.09883849602926e-06,1.55915222078111e-07,7.03864027803133e-09,-3.46531199596134e-15,1.79743614307941e-08,8.47451208498649e-10,3.90035288817745e-09,-2.77105252847259e-07,1.11789124350577e-06,1.67964055317941e-14,-3.68714458102266e-14,-5.32450395768573e-14,-1.44529204549053e-08,-4.8695878103577e-08,-4.08474047574929e-08,3.1468438235256e-14,-3.77173252682962e-08,0.707106781186552,-1.42591788894142e-14,9.20613521774393e-07,-2.02216961045425e-08,1.53869972319143e-15,-5.01238161301929e-08,-1.80434485510475e-07,8.97318660985125e-13,7.83602906914385e-08,-7.04144454381493e-16,2.11158308849084e-08,-6.46294975234207e-16,2.10840457838622e-08,1.82619681474754e-07,4.59356745265451e-08,6.23084374648153e-09,4.28709774513749e-08,-1.1914270613357e-05,6.01629122798539e-08,1.64237044899101e-15,3.59560757057745e-06,-1.5676685247594e-07,2.70457200252581e-16,-0.000239785057835612,-6.06411234793689e-08,7.3664984337828e-07,-3.48329003996818e-15,4.57256961372341e-08,4.2005153374368e-07,-3.34425403441523e-16,-1.51540979713788e-07,-3.35510548325801e-08,-1.2162040744496e-08,-4.09421500634054e-16,-3.66335587301911e-15,3.15673034071859e-08,9.6939288071223e-09,7.84745650752312e-10,-1.14623202752203e-07,5.82531734365353e-09,4.2135456222045e-16,2.5204450034688e-15,2.12921651226333e-08,1.46786900703424e-10,2.74369586828794e-15,5.15654559359214e-08,1.29897045714649e-15,1.85270412153539e-07,-9.91035392408545e-09,-5.79150751707416e-09,-3.84210822732691e-08,8.5989288021895e-17,-3.33758082880011e-16,-6.32583794021385e-16,-3.77339495989648e-16,-2.1519059923132e-08,-5.59073088477759e-07,-5.7169834325471e-16,-1.96546275522912e-15,-5.83453007551134e-16,1.05271967927637e-07,7.08727318347823e-09,-5.22203431843341e-08,2.61857869487867e-16,2.39422332870901e-15,-3.50563219946032e-16,-3.25319746915847e-07,6.90486342650317e-08,4.45964617535343e-16,9.07749236275293e-08,-3.17576098035457e-07,-4.93192471781669e-16,-5.00885016443471e-17,-3.17478729480396e-08,-3.25331060676695e-10,-1.57503901777261e-08,-8.04628461237928e-16,1.77602133101064e-08,2.58953030640132e-08,2.78326911562167e-08,-2.54346223767951e-08,-9.06632669429491e-08,5.78594216562102e-08,-2.05264469113338e-16,-2.11449241721695e-15,-2.49343550567035e-16,0.000530456454429087,-9.82195043041571e-08,-7.0533381990034e-09,-5.69826903919199e-09,-2.87522451400629e-15,-1.02348296928153e-16,5.37731837506158e-16,5.52237458385359e-16,-4.57917391175304e-15,1.89248259317923e-07,-4.03115256154901e-16,4.54636076715103e-16,-4.43375254464163e-09,-2.4343345042217e-16,-3.96928344097733e-09,-1.3335274020302e-16,-4.9216843056092e-09,5.03097878195509e-16,-5.97619566963321e-09,-7.48480794745108e-10,-3.53328395613899e-06,1.07654180509515e-16,2.40496770792999e-08,-3.55957385679735e-16,3.42081885563017e-08,-4.17395417929655e-07,3.33822089312718e-10,-1.36724253765265e-15,4.87551543258142e-08,2.27666537747816e-16,-1.20037652755481e-08,-6.77596325631949e-08,-4.42380877284446e-16,4.14705993220211e-16,2.19401798834229e-16,1.88392583591322e-16,-2.2780290535173e-10,-2.96768312001844e-09,-6.63006728713072e-10,-1.85608251598192e-16,6.67833235868872e-17,-4.91871366916602e-08,1.4460515934694e-05,7.20328954943571e-16,1.52831595441433e-16,-3.03317186398946e-09,1.42094841976361e-16,-2.15117475463279e-08,1.94909462588302e-15,2.03619727914124e-07,1.83233627489185e-17,-4.8689146815231e-16,-1.4292111935314e-16,7.16807070987896e-17,1.96477771085872e-16,-9.91853463653582e-16,8.3496431931879e-05,-0.000278412787219035,-3.17714662914636e-17,-1.79672209952817e-08,6.85810259403422e-08,6.23036683918342e-16,5.27544752923157e-16,-2.66248656113579e-16,-8.35850249528719e-16,6.79924309436389e-09,1.08813800295493e-09,1.64364095924754e-16,2.68774976309561e-17,-1.23652845393589e-08,-4.41132459330283e-08,-4.61802045138844e-09,1.44025334657497e-16,-3.3948981424887e-16,-2.91374070449487e-16,-1.05398639812131e-16,-3.37656060320201e-17,2.40180343575503e-16,2.616188260793e-08,-2.4751503530607e-08,-4.76063365664918e-09,3.71030815110817e-17,-2.48063945308577e-16,7.43458397145827e-16,1.02508422366282e-15,-3.81869892205239e-16,4.57789951581452e-16,1.66220432883357e-16,-2.94567291954208e-16,1.4392885258818e-16,-4.47994010137745e-16,1.21102322549511e-16,2.00952987912782e-16,2.31579727029292e-16,3.20699520529456e-16,1.35219152370982e-07,1.23713078394854e-17,-5.31567425211237e-16,1.21638114806494e-16,2.56513515381306e-07,-4.47206059209285e-10,-2.29234018928662e-16,-2.3071771795468e-05,2.3451974941889e-07,3.05078689836896e-16,1.04817102356419e-15,-6.54837603000933e-08,9.72306499497507e-17,5.78072045603001e-09,-3.87614561343081e-16,-7.34367505756344e-17,-6.5446774733849e-19,3.30589671547741e-16,8.19499010822154e-10,-1.12541273112856e-07,-6.46609690998621e-16,-3.1446406727437e-16,-1.77706852500236e-16,-4.12557001333297e-16,-2.54706195371157e-16,3.29727126272708e-16,1.20238695207157e-16,6.90649041056556e-17,6.99771501442971e-08,-3.23085182879813e-16,3.42093540548691e-17,-7.39139646818899e-17,2.81202954152539e-16,8.49210134877534e-17,-4.69679679795055e-16,-2.68061191506316e-08,-7.15156504804699e-17,1.49186301365282e-16,1.99876859418562e-08,-3.65063008712784e-16,-1.7656069166642e-16,-1.24363537284379e-16,1.26198879420606e-16,1.15205270366659e-07,-2.64067695973473e-17,-1.23186299750958e-08,-1.63556831489607e-16,-5.8589374166469e-17,-1.32178359230392e-15,-3.04994859087e-15,-3.49421629940635e-17,2.94634036947298e-16,4.45406649586175e-10,-5.03669752697441e-16,-9.60413322814079e-17,0.00017571971488434,-5.49655000787289e-08,-1.98385853620596e-16,3.89221088024604e-08,5.70178966100788e-09,-3.18242763436093e-17,9.12318160297657e-16,2.40447418974635e-16,-1.15024972283606e-16,-1.28207438621245e-16,-9.58907591022386e-09,5.1448200696468e-17,-6.70367594777878e-16,3.48433182100706e-16,3.83989128774015e-09,6.17221279670147e-16,-2.39968052164234e-16,2.46548308351581e-16,2.68032458949911e-17,-1.75000333639068e-09,4.63365913748658e-17,3.63424450752634e-09,4.19606968671894e-18,-4.61874735516135e-16,-1.23594312927809e-16,-2.56175495727964e-16,1.49358436289394e-16,1.72711842501484e-16,-2.18352834391651e-16,-8.16216249978771e-08,2.03244358364268e-16,-3.75800327933076e-16,2.65179808400244e-08,-4.17213892944049e-16,-1.03199736860499e-16,3.64358411106517e-16,2.25011825231841e-16,-3.9356339291852e-16,-1.95349039398582e-16,-2.78647540773387e-08,-2.34654268824114e-16,-2.36908513383079e-16,5.72600266869107e-08,-5.32116898873568e-16,-4.19782794955523e-16,-1.51032439713006e-16,2.22006325555076e-16,7.38500165516069e-17,2.44794680663602e-16,-2.14784942937917e-16,-5.43509714574176e-18,1.50513966511564e-16,9.02146406617335e-18,-4.10217518838501e-16,-3.0050696338965e-08,1.28956211187708e-07,2.38969272207059e-16,1.08101872143108e-16,-8.44268002853449e-17,-7.25555379266041e-17,8.36461976072567e-17,-5.92841569964555e-16,4.11761290749505e-17,-1.93103021065257e-16,-1.25200976794888e-09,-1.01892704459693e-16,-1.19904533020789e-16,1.01112688845336e-17,-2.88680914698134e-16,1.6036187510197e-09,-4.47125552559208e-17,-1.73416403760624e-05,2.26722602145797e-16,2.06410969679345e-16,-3.17227554663365e-17,1.82697062025534e-16,1.09149992546697e-16,4.42872063976035e-16,3.04565960975916e-16,-2.46212272394974e-16,3.2158338677439e-17,-1.12535120837093e-16,4.86545277005528e-16,-1.11386731826096e-16,2.98741337822383e-16,8.04643388355349e-18,-1.2526862338692e-16,-1.95399053125522e-16,8.27328878364125e-17,-3.32751257781163e-16,-1.05508546168446e-16,3.34671449523328e-16,-4.62737487216813e-16,2.12570556158612e-16,-8.98691846925454e-18,-4.80711746111545e-17,3.11905634269601e-16,1.21197259452274e-10,-5.9978520896804e-17,7.11681444473269e-16,-1.81479507110174e-18,-2.66614804241724e-16,1.69916463864442e-16,6.43780631813796e-17,-1.75596394421253e-16,3.04450330447587e-16,1.37036894509887e-16,3.49003277625146e-17,-9.9741178857804e-16,3.24490751252366e-19,8.76764124731909e-17,-1.1378415503924e-16,3.40923411281424e-16,-2.54934142188089e-16,1.11393234674118e-16,-1.56145414714803e-09,-4.3433625982874e-17,3.24331894585418e-17,4.55912094633798e-17,1.06195763730347e-16,6.0302524665841e-17,-2.00507648093912e-16,2.96318540345851e-16,-1.04028992041546e-16,8.15861066967026e-17,3.31186417925051e-10,5.56694110374619e-16,-6.06661405305789e-18,1.27264458774779e-16,-3.78985171058208e-17,-2.48887682488788e-17,1.2312046689215e-16,1.59368861018614e-17,-8.97175837094984e-17,6.91163963923797e-17,-1.25181186908857e-16,5.16187601406352e-17,-6.97602247003016e-17,3.97282998563188e-17,1.67261745608806e-09,-4.75471423767699e-17,2.13282937695278e-16,-4.01943335934887e-17,-6.36697725792112e-16,-5.03688871272657e-09,-2.12913284367973e-17,-1.78853769528555e-16,1.3310932035871e-16,4.07090959410614e-18,3.46342751523274e-17,-1.04544121063176e-16,3.76738257658692e-16,-2.26257920155283e-16,1.07186540207813e-16,3.72232364829916e-17,-1.01984783217315e-16,5.12085939117524e-17,-3.02917760569246e-17,2.87746781676369e-17,4.27917272306489e-17,1.21664794841405e-16,-1.54723476818552e-16
"t137",-0.0443519266273259,0.0413945149394427,-0.0681570503106442,0.0336166184931352,0.0101301314125843,-0.00537457729559434,0.035708106442787,-0.0821437037927589,4.93009166211604e-05,-0.00029594361437776,-0.000171846520915222,0.00971686697164465,-0.016095622085531,0.00233037690067468,-0.000570452016431184,-0.0813854283681669,0.00184526655509464,-0.00376906213666292,0.000251106502766392,-8.71670392813152e-05,0.0072203162990961,0.0281221007344373,4.39924740805386e-05,-0.000256387368157803,3.72674336733798e-05,-1.24726954698782e-05,1.38584166303193e-05,-1.19151057771917e-05,0.000141753732775744,0.000182634887238331,-6.735934216126e-07,1.2660938121212e-06,-0.000440366360756347,1.13772843739236e-06,-6.50411461575296e-07,-1.02924258718047e-06,-4.07515855083092e-05,2.87695302479675e-07,2.33063098431029e-06,6.35470563592059e-07,3.27433206995147e-05,-4.22984119099188e-06,3.60760550629409e-05,-4.22850485346756e-06,0.000935740914814618,-2.03806540472202e-06,2.78461007336958e-06,-5.64451727665385e-05,4.75877259884513e-06,-1.05091074126705e-05,0.000102544706461124,-1.40129648635765e-05,2.1449429847653e-08,-0.0188915357782298,-6.55740216049051e-07,5.45417886429728e-06,5.11815476524711e-09,-5.08362328757193e-07,1.69476318113896e-07,9.87069894886702e-06,9.01164086444507e-07,-1.53805024289719e-07,6.45063815930052e-06,-3.63561552376657e-06,3.77304252618527e-07,-1.17117621868599e-05,1.21297685613439e-07,-5.25804000665587e-06,1.57609343079422e-05,-7.28503686983852e-06,1.37594978152549e-05,-0.00350188483282717,5.87054221130905e-06,0.000700537055561717,-0.000352894329219425,-1.65431945289737e-06,0.0465063109426927,4.89794373184109e-05,-5.94094567936767e-05,-5.72725867993195e-05,1.34801507630338e-05,0.000195244898511708,-2.13514750483321e-05,-0.000134539676240718,1.16024454159692e-05,0.00275925914191638,-0.00198395993186948,-4.19716541169648e-05,-1.80526006058887e-05,0.0284521530251965,3.43988127781247e-05,0.0164213005506535,-3.09976307506558e-06,7.59849603074801e-05,7.57229781362401e-09,1.20802271109858e-05,-2.73988286103245e-07,-9.58331147092576e-08,-2.10628160598029e-07,-1.13782383726536e-07,2.71171772443526e-09,-3.16032741997761e-09,1.51370379541306e-08,-2.26769335689999e-07,1.10356248482926e-07,-1.34886730586351e-06,7.37997671292335e-06,-2.03451753232248e-06,1.26847677357279e-06,-1.55232749285995e-05,-1.53146604010966e-06,-4.3964429646699e-06,9.90177263162316e-06,-1.3940784692407e-05,5.9730380241659e-08,-2.84558655105591e-06,4.63822071669957e-06,-6.56678381164191e-06,9.11901748275173e-06,-2.96970133230272e-05,0.000173349541748421,-8.19194802907502e-05,0.000539178061599771,0.00188063370025707,-0.517184438832125,-0.00148506523988442,0.0111804436520584,-1.40766836538277e-05,1.33363625976524e-05,0.000437307628246182,-6.97306353859408e-06,3.01516803810282e-05,-3.45901309967685e-05,-6.73103215541825e-06,1.72528098764993e-05,9.79777640514402e-06,-4.54323177725759e-08,-2.47462116626498e-05,2.90984834653245e-06,-7.33357203240496e-06,1.93495035492341e-07,3.7090758622269e-05,-5.47671241649952e-05,-0.000314859181650787,-0.189604800597552,-2.49503496638128e-07,-7.47134410901085e-06,9.68823725301257e-07,6.18718629505234e-08,-2.00860385613768e-07,-0.000864088783632789,-5.69196923747014e-07,-9.69285767852376e-05,4.60810881932962e-06,-1.25234711356056e-06,-1.07497323504838e-07,1.59609566687748e-06,-7.73770060926451e-05,-3.47612001252713e-07,-1.14444727770445e-07,-5.36890166775897e-05,1.0374027895465e-06,-5.49583153313287e-07,-7.21113184309262e-05,8.17566575914111e-06,-2.85068370340007e-05,4.22918850781974e-06,7.24608411800002e-08,3.60521468179257e-06,4.87130746150763e-06,-5.99238064002149e-05,-1.42756969559215e-05,0.0504828524540379,1.28940817617505e-07,4.78995654021837e-06,1.1097078771724e-07,4.43986170642879e-07,-3.32726951499492e-06,-2.68490225783364e-06,-0.000439577090457439,2.16489806049242e-05,6.86332269158038e-05,-1.69354615114702e-06,-5.43919382548209e-08,-2.08969862645109e-07,-3.76273939927246e-07,-7.66867216760986e-06,2.11109412299049e-06,9.66472968319535e-06,-0.000532356345880363,-1.79840490600877e-07,3.53032394717797e-07,1.42494090654394e-06,1.87016557071945e-08,2.55428116248411e-07,-4.28501346539159e-07,-8.88637855092791e-07,-0.0197623121465383,-2.36102495582387e-08,1.27832397288407e-07,1.28244910444553e-07,2.21333615113006e-05,-3.70504850824403e-09,-5.2176429467458e-06,-1.14220659785167e-06,-5.24129713882321e-05,9.51913172350148e-07,0.00192624274924922,-3.22733393185478e-06,-1.64415903383351e-07,-1.66611752141811e-05,3.77795581126705e-05,-9.81062420996374e-05,-1.57340174092221e-06,-8.35125434999812e-06,-1.14449228149649e-06,1.30754069035897e-05,1.43753970712136e-07,-2.63326885131422e-07,-1.3155488946287e-06,-7.19011356448626e-06,7.63732895932935e-05,2.22765081592535e-06,7.3111448394414e-06,-1.90508974682688e-06,-9.78888321496407e-07,-1.03404213907358e-05,-7.36347751191394e-07,-1.18094661201265e-06,-9.68396363469462e-07,2.71937056823829e-05,4.34440609623746e-06,3.4324508253994e-07,5.77332257311569e-07,-3.24156066015126e-08,-4.28037162115138e-06,-3.15740523072776e-06,-2.36050859594754e-16,-7.73472772921035e-07,0.00138194196735043,-1.07715385796711e-06,-3.27613235694197e-05,-5.4266809127624e-06,5.11004574884166e-05,-6.1636098365512e-06,0.0500257194939621,1.06569829791512e-06,-1.10531064834669e-08,1.06326907383019e-05,-8.28203758274814e-06,2.0850150564232e-07,-2.62098670471306e-05,7.97622748782022e-07,-0.0143735177138774,2.72212726768221e-09,5.11803509777762e-08,-1.45831275753713e-07,1.69392412187171e-05,9.07548405751525e-08,-1.93794065433765e-08,4.71120904935144e-07,-9.38441211467073e-08,1.05752170293603e-05,-5.44697373253043e-06,5.67705217611068e-08,-1.94093440503085e-08,2.48257666752448e-08,1.75876357120031e-06,-4.02287852283457e-06,2.68508621709886e-08,1.07940364793631e-08,-2.38112106557798e-08,2.06879266760218e-06,-0.000218459709911381,5.3699121877291e-07,-7.68166554339241e-06,4.63981632785813e-05,-4.32389548569563e-07,1.03144951201375e-06,-3.78618012376239e-07,2.06414231021355e-07,-2.25955402672595e-19,-5.14119084689651e-07,-1.7636576874324e-08,-1.64714735247622e-10,-1.43922444735705e-06,2.57018182471622e-08,-1.59622997457662e-08,-2.86082887058757e-06,3.27728791672077e-07,-3.41960662300809e-07,8.95900391610393e-07,3.29108205790517e-08,-2.95798365591094e-08,3.82762046910206e-07,-4.63823202323018e-07,1.03900185441494e-05,-2.27499902092955e-07,9.99318044526645e-05,1.09727975468143e-08,6.16136638495435e-08,5.40071728971773e-07,-4.50457438440638e-06,1.06309181534264e-07,-4.06405613720692e-07,5.45530911369523e-07,-1.97801805715648e-06,1.23906045480606e-07,1.1188666529748e-07,8.52358195540383e-07,-1.43315131102277e-06,-1.14910673435388e-07,9.34200010916293e-07,-6.09877034284476e-07,1.5058237922327e-08,1.3985098663611e-07,-2.70563358422561e-07,-1.4123279665133e-16,8.02455109801759e-10,3.37850275159032e-06,-2.53824914797682e-05,2.21606669983107e-07,1.9958230554626e-07,5.8619334163791e-08,1.36077231936327e-07,-1.99058742530889e-06,7.39130969146379e-07,-2.03590501807906e-16,-5.64840958144453e-07,-6.88320316375691e-09,-1.92285084630445e-08,6.39582627452628e-07,1.44250492075314e-07,-9.72493878769611e-09,-3.71378452810314e-07,9.89071790464661e-08,-3.26947606206627e-06,6.17908074803046e-07,-1.25408362079563e-07,-2.26676841528145e-07,-1.19822166383171e-08,-9.69064705205966e-07,-2.25578616546131e-07,9.45199470175221e-07,-2.44585337841322e-07,5.15635318480335e-17,-3.74594343323515e-05,1.48175855317499e-05,1.03691305729034e-08,7.40633299435671e-07,-4.5857030728015e-07,-9.53326417847693e-07,3.35658296582749e-06,-1.21897753081183e-05,-8.46106236300792e-08,-6.07068350308431e-16,-1.55839135828959e-07,-4.31408018050214e-07,-1.96982133359452e-07,-3.89197867175883e-16,3.72479578314465e-07,4.86102658734974e-06,-7.41621413606377e-07,-3.04099105110546e-07,-1.01583711411699e-07,-5.44447899785113e-08,-1.9500511342808e-06,5.47744242900046e-08,5.82783929337819e-07,1.71912221806399e-07,1.25444106365059e-07,9.48902887525857e-06,2.0235688525612e-16,-0.00670456166753375,8.47262563023296e-08,1.10721576060769e-06,-1.24474908574978e-07,-5.13412036023125e-17,-1.26836298008189e-07,1.35909292274869e-05,-5.78565739182202e-08,-5.15242854345754e-08,-1.30603467279736e-07,7.29749139847751e-06,-1.84657718212384e-06,2.5920141653605e-07,-5.96983426132411e-16,9.62655520584863e-07,-4.73560830755582e-05,3.52441335987575e-06,1.18337951676522e-06,-1.20307666722659e-07,-8.08819482596611e-10,-2.60208521396521e-18,-1.2953823154341e-16,-7.8872534083762e-10,-5.9577947924e-05,0.0012991493619514,-1.33603701275304e-07,7.0514597632639e-16,-6.47107254456742e-08,-7.70200462892507e-10,-8.12090318349942e-16,7.62491812775756e-16,-1.41037852742641e-15,1.67694172592815e-07,4.96394584909986e-07,-7.27276118305247e-07,4.34721371128405e-07,2.17027509741447e-07,4.52889532264897e-07,-1.37077012583148e-06,-5.36466472088617e-16,-3.10317589385335e-07,1.14536870205984e-06,9.58823645557384e-16,-1.88903141022182e-15,-5.96197502649506e-07,-4.74190438023339e-11,-0.00148361345951053,2.84796970152141e-07,2.9088089615273e-06,-2.10644434493846e-08,-3.48667841793846e-12,-7.22165486312242e-08,-1.06451458737875e-16,-2.71371070472063e-07,5.18099560649354e-15,-0.00583795949835167,-6.02991363070306e-16,3.29767813012044e-07,6.06305903283353e-07,3.35370275447529e-08,4.57347720515076e-07,1.60221597706388e-06,-0.00250943135560036,1.30740385489549e-06,8.12457176803463e-08,3.96180366461598e-07,4.01362825949684e-08,0.00907858888524939,-2.76927363810979e-06,-1.19210772739096e-06,-2.7660165211393e-07,-0.400527178410372,1.34059382118826e-13,-1.7406271637485e-05,1.36066507271875e-06,-3.63178726923285e-08,4.68868150937768e-16,-3.46272837101841e-09,-5.52098264682664e-08,-1.52520925361164e-07,3.56042238898372e-15,2.21864284672651e-07,8.00557324271812e-09,-1.24785873934956e-15,5.75535294212468e-09,1.69503733291215e-06,8.32570071084988e-16,1.86514415024298e-15,-1.13333838600605e-08,-8.9583048651172e-09,-5.59480724016773e-11,-8.49972837619931e-08,2.64560515832789e-08,5.46083018595739e-08,7.70301055956702e-09,1.08435835226473e-07,-2.00276392892473e-07,5.9086849996115e-15,2.94292285902382e-09,2.93505276669795e-10,8.22464768316844e-10,7.83251793098022e-08,-1.76094404282475e-15,-1.23297560796235e-15,2.63470452864548e-08,-1.27457635685137e-16,6.47335754458118e-15,1.85001246544177e-07,-2.09696315192948e-07,-2.71506907174229e-07,-2.33093918448471e-09,7.09883849527871e-06,1.55915216838658e-07,7.03863689149995e-09,3.05947868718264e-15,1.7974368715059e-08,8.47457487001981e-10,3.90035650597903e-09,-2.77105258993791e-07,1.11789123540879e-06,-1.57646455335361e-14,3.75518428495178e-14,5.31759084576725e-14,-1.44529550476265e-08,-4.86958655122923e-08,-4.08474089424272e-08,-3.1466065258128e-14,-3.77173501434567e-08,-0.707106781186543,1.39919861775186e-14,9.20613529295225e-07,-2.02216982192239e-08,-2.48542506020577e-15,-5.0123794701983e-08,-1.80434488746069e-07,8.44707921627219e-13,7.8360282610911e-08,9.23661987897867e-16,2.11158196593175e-08,7.54166819880798e-16,2.10840488093635e-08,1.82619690292798e-07,4.59356681354268e-08,6.23083506033185e-09,4.28709819054836e-08,-1.19142706065431e-05,6.0162919250293e-08,-2.01206401176787e-15,3.59560757271173e-06,-1.567668542233e-07,-8.34234915599647e-16,-0.00023978505785822,-6.06411210312428e-08,7.36649829574898e-07,2.81297039169857e-15,4.57256987126634e-08,4.20051538052751e-07,2.32098532234876e-16,-1.51540980959163e-07,-3.35510550483377e-08,-1.21620415613157e-08,2.32290192544863e-16,3.12013961558759e-15,3.15673035335442e-08,9.69392920546706e-09,7.84748268722074e-10,-1.1462320245351e-07,5.82532047637973e-09,-3.43171191278392e-16,-2.27167073733572e-15,2.12921642289162e-08,1.4678725501853e-10,-2.37943852374071e-15,5.15654518464486e-08,-1.22244668706654e-15,1.85270414013009e-07,-9.91035353539602e-09,-5.79150867147952e-09,-3.84210823822466e-08,-8.18541130245933e-16,3.1331312685026e-16,1.05330907522161e-15,2.160854360692e-16,-2.15190602174328e-08,-5.59073082206324e-07,3.72415020311809e-16,2.29529752229751e-15,2.93378204189325e-16,1.05271967768318e-07,7.08727028264988e-09,-5.22203418304661e-08,-8.28359685959798e-17,-2.0798995663783e-15,-2.23061044461736e-16,-3.25319744862274e-07,6.9048632288507e-08,-2.45782335120972e-16,9.07749198454295e-08,-3.1757609820054e-07,3.35513758854641e-16,-2.0497229504312e-16,-3.17478717005647e-08,-3.25330281237891e-10,-1.57503903752278e-08,1.12396740192253e-15,1.77602116433869e-08,2.58953027773546e-08,2.78326904019114e-08,-2.5434623427012e-08,-9.06632672912664e-08,5.78594193194995e-08,-1.54558280832471e-17,1.4501565861163e-15,5.03477003244568e-16,0.000530456454434372,-9.82195045491111e-08,-7.05333841885026e-09,-5.6982679845913e-09,3.55645094553438e-15,1.79995038659105e-16,-3.1398822887701e-16,-2.20559076914283e-16,2.94633152234442e-15,1.8924825925361e-07,7.18179946567481e-16,-4.3003219697942e-16,-4.4337513455629e-09,1.77421088727392e-16,-3.96928256019535e-09,-1.08732101780627e-16,-4.92168230413363e-09,-6.34832113954087e-16,-5.97619661018432e-09,-7.48481608538657e-10,-3.53328395756246e-06,4.01096776739036e-17,2.40496766926149e-08,1.8108855198582e-16,3.42081879875032e-08,-4.1739541785846e-07,3.33821702476604e-10,1.77028792428094e-15,4.87551550001109e-08,1.19061844507587e-16,-1.20037661319002e-08,-6.77596322750703e-08,3.58295324304105e-16,-3.66782192824477e-16,-2.82785656045945e-16,-1.08489838400707e-16,-2.27803908469646e-10,-2.96768503219398e-09,-6.63006999165663e-10,2.68431390704442e-16,1.50127341759566e-16,-4.91871367096972e-08,1.44605159350495e-05,-8.53999729139184e-16,-7.44941409254464e-17,-3.03317045790958e-09,4.18954232721853e-17,-2.15117479339657e-08,-1.43878627091326e-15,2.03619727076976e-07,2.09101466643108e-16,7.12008491715169e-16,1.7024951916065e-16,2.84879307144634e-18,-3.50527828917056e-16,2.2834321397412e-15,8.34964319339146e-05,-0.000278412787217609,-4.12259494232557e-17,-1.79672212991408e-08,6.85810258177441e-08,-4.73898807757561e-16,-3.38510493608902e-16,-1.45972985057754e-16,4.76998189608289e-16,6.79924308800144e-09,1.08813827794986e-09,1.35967388846082e-16,4.05634785131183e-16,-1.23652850474914e-08,-4.41132459329634e-08,-4.61802047798473e-09,-2.13586754191536e-16,5.9062887578091e-16,5.71031297718685e-17,2.86492666264717e-17,-1.16247279707968e-16,-1.27259471806338e-16,2.61618820846076e-08,-2.47515032441657e-08,-4.76063285973039e-09,2.48646304147289e-16,1.08373733142942e-16,-6.96213003592679e-16,-5.36226950532131e-16,4.25102797817428e-16,6.694246823012e-17,-1.87101512254432e-16,2.74893377786557e-16,-3.97514927712814e-16,2.86704879286306e-16,-1.05432939209057e-17,-1.45755480954092e-16,-1.1420917496642e-16,-4.73011884397699e-16,1.35219151779097e-07,-3.10593358106838e-20,3.14816500428589e-16,-7.48614655610271e-17,2.56513514858843e-07,-4.47205879836743e-10,1.33659622885549e-16,-2.3071771791841e-05,2.34519748996552e-07,-4.57769399967112e-16,-6.66471350174335e-16,-6.54837602797954e-08,1.1862774202693e-15,5.78072058784392e-09,1.98683625700788e-16,1.04884073383332e-16,-4.00817669046007e-18,-4.54852574459409e-16,8.1949882470725e-10,-1.12541272732361e-07,-1.13289692451991e-17,-3.58076855074992e-16,1.45189232066164e-16,2.664976732951e-16,4.50106531907357e-16,-3.10856843719068e-16,-2.25832571084005e-16,-2.24660637425155e-16,6.99771515335704e-08,3.73175145964152e-16,-1.43615752651918e-16,1.72981331438094e-16,-7.10918843550179e-16,1.03233057384994e-16,6.21715738690614e-16,-2.68061192390633e-08,-5.50113515688783e-17,-1.86475454474591e-16,1.99876856459243e-08,6.96847239667812e-17,-3.32157949234384e-17,1.1366788472686e-16,-4.19815515576003e-16,1.1520526954793e-07,-6.17668095586879e-17,-1.23186302233584e-08,2.70988751770983e-16,2.36639587577571e-16,1.2985885214622e-15,-5.17339454458312e-16,5.93614313382504e-17,-8.14389412075548e-16,4.45406740455046e-10,1.20489985984226e-16,1.49370198229948e-16,0.000175719714883006,-5.49655008121403e-08,3.08172659635421e-16,3.89221087576577e-08,5.70178961857521e-09,6.2888080046694e-17,-9.2134101315174e-16,-4.10540476012764e-16,1.41922920311895e-16,1.83162684464174e-16,-9.58907569300443e-09,-1.30499003544749e-15,5.7785186632915e-16,-2.31501641280609e-16,3.83989082255323e-09,-9.66505862031528e-16,-5.32521836756248e-17,-4.62115103686882e-16,8.33162068287656e-17,-1.75000344936802e-09,-2.44436739922076e-16,3.63424465350756e-09,1.83566042213159e-16,2.73957559132433e-16,-2.00735260484775e-17,1.43359840138838e-16,-6.27563086687492e-17,-1.79026163858552e-16,1.32936724781272e-16,-8.16216264294073e-08,4.4080703188978e-17,5.29961211241625e-16,2.65179808183687e-08,4.21197157995996e-16,-1.29337191816241e-17,-1.31035855598442e-16,-3.89076920174419e-16,3.09893348638943e-16,6.32023431092245e-17,-2.78647540350561e-08,-1.06559314077312e-16,7.58524728576049e-17,5.72600266216444e-08,2.68750693613953e-16,3.98399483377306e-16,-1.0394750883471e-16,-1.03353651338082e-16,-1.57987910418828e-16,1.32377219829479e-16,1.1152614057612e-16,-6.1937114112904e-17,6.33651772775779e-17,-8.35927484603645e-17,3.17762669306318e-16,-3.00506955542209e-08,1.28956212170651e-07,-1.04411540595269e-16,-5.42638290920284e-17,-3.30179288052725e-18,1.78770459292677e-16,-5.94251210739305e-16,2.88394026349405e-16,6.45224211416331e-18,3.89630300380771e-16,-1.25200973369408e-09,1.0882896191997e-16,-5.46535447362292e-18,-6.37993339205464e-17,2.67576968447199e-16,1.60361849186157e-09,-4.00699711092393e-16,-1.73416403772636e-05,-1.54555528300595e-16,-2.86508752043178e-16,2.05958306534757e-17,-1.68401027998193e-16,9.94550345090544e-17,-1.65747666767984e-18,-2.0148758821992e-16,1.48874276255146e-17,5.14466030315346e-17,-5.56856106839184e-17,-2.91808433665388e-16,4.39842730178652e-17,-3.03053357719609e-16,-6.14913135027774e-17,1.63927860196187e-16,2.3047681581406e-16,9.76849839719243e-17,3.06314919553195e-16,-9.93529344171235e-17,2.47687843131905e-17,-1.9298798670242e-17,-1.6040194964508e-16,-6.91982424100876e-17,-2.39294449724162e-17,-2.57373849158635e-16,1.21197060673657e-10,-3.05128216242176e-16,1.12240361616508e-16,4.42359601334817e-17,6.37269807793214e-17,2.6013630616373e-16,-1.45877489969467e-16,-1.24990091605245e-17,-8.73209788399113e-17,-9.12974218636153e-17,1.31508537158581e-16,5.98533809320623e-16,-6.51721748159407e-17,-1.73309774791587e-17,1.01885891487913e-16,-5.49575407660625e-16,2.09921637992162e-16,-2.30003498680057e-17,-1.56145370061858e-09,1.36593682914256e-17,-4.3386226490283e-17,8.98427596468966e-17,-2.7098285418637e-17,-1.68574629663304e-16,-1.97686710393241e-16,-2.5952179429343e-16,2.35432874154499e-16,-8.77944041231067e-17,3.31185941987626e-10,-3.6922754177265e-16,2.96474109568569e-17,-1.05738750625818e-16,4.99774945516068e-17,-2.15235881329833e-17,-6.58033595239659e-17,-2.09180576667742e-18,4.02806754458087e-17,-1.42478978346164e-16,5.1888399244811e-16,-9.63996545604314e-17,8.22193992828244e-17,-5.11794791870675e-17,1.67261691757929e-09,1.14010295053882e-16,-2.52186991821474e-16,5.81577607503631e-17,-3.24068029355917e-16,-5.03688902517685e-09,8.69732948310032e-17,2.14858954750037e-16,4.8020576301135e-17,9.52102899249484e-17,-1.27012885094156e-16,4.54935264942263e-16,-3.0694494666344e-16,-9.05438534866014e-18,7.79900653846512e-17,-7.47629776906393e-17,1.08885250042944e-16,7.59031305357208e-17,-1.40043931351382e-16,9.76531430913606e-17,7.93267687094185e-18,-2.10204145507462e-16,-1.18978083738613e-16
"t157",-0.0443450959288538,0.0413810840238828,-0.0681342212050871,0.0336015310033458,0.0101245659623081,-0.00537111377241143,0.0356846440044639,-0.0820854444124123,4.92596328180393e-05,-0.00029564325205673,-0.000171625400754234,0.00970147416986069,-0.0160693820881969,0.00232652054181881,-0.000569467066025927,-0.0812366556550749,0.00184181326197458,-0.00376188143546956,0.000250617084530851,-8.69825522357712e-05,0.00720379445905249,0.0280445258923558,4.38643665897534e-05,-0.00025563652585742,3.7157867703715e-05,-1.24342900621452e-05,1.38152433203056e-05,-1.18776557168271e-05,0.000141296325448474,0.000181939854323371,-6.70861309478135e-07,1.26072693958484e-06,-0.000438366171430339,1.13231808132456e-06,-6.47162151256006e-07,-1.02369439218655e-06,-4.05291560117337e-05,2.86100333635182e-07,2.31762320207529e-06,6.31871674156485e-07,3.25526163664037e-05,-4.20461560937859e-06,3.58577380801048e-05,-4.20288489567845e-06,0.000929973643547802,-2.02471228554419e-06,2.76603208384503e-06,-5.60653986929913e-05,4.72599853140766e-06,-1.04349136202522e-05,0.000101796963864058,-1.39092611097152e-05,2.1290350235935e-08,-0.01874885759768,-6.50612029922698e-07,5.41130262903597e-06,5.07413304420637e-09,-5.03885971998296e-07,1.67979865429844e-07,9.77855323289718e-06,8.92403972305861e-07,-1.52280373868591e-07,6.38568670975281e-06,-3.59886537905994e-06,3.73379842874343e-07,-1.15868516336791e-05,1.19932880397398e-07,-5.19748490167369e-06,1.55774834373737e-05,-7.19862377053167e-06,1.35800452342277e-05,-0.00345303602540957,5.78782856152774e-06,0.000690463415649605,-0.000347806886527692,-1.6302620951602e-06,0.0458276784796974,4.82526428054552e-05,-5.84946524170212e-05,-5.63776945652189e-05,1.32642855989904e-05,0.000192101863183849,-2.09945601690169e-05,-0.000132265532837224,1.1396996365825e-05,0.00270979186895963,-0.00194794929065596,-4.12083123364759e-05,-1.77241059159942e-05,0.0279337467551137,3.37691264788989e-05,0.0161074516350031,-3.04028936577816e-06,7.44890188112598e-05,7.41666349906442e-09,1.1830359237145e-05,-2.68319426662074e-07,-9.3818412834231e-08,-2.0617404520829e-07,-1.11322955166424e-07,2.6520658092919e-09,-3.0906994578834e-09,1.48029587186785e-08,-2.21370822957881e-07,1.07714634787705e-07,-1.31644151245057e-06,7.20122550362896e-06,-1.98513589829149e-06,1.23757418880215e-06,-1.51429794218118e-05,-1.49387944230763e-06,-4.28737896041959e-06,9.65582327693815e-06,-1.35847962131994e-05,5.81962249871902e-08,-2.77156922091329e-06,4.51689430202661e-06,-6.39236032815965e-06,8.87325674561764e-06,-2.88879378507686e-05,0.000168597773289275,-7.96265913302738e-05,0.000523884716355098,0.00182726406214187,-0.502479600302046,-0.00144226826641381,0.0108578838702482,-1.36658861175401e-05,1.29344555067188e-05,0.000424124182484409,-6.76230590626489e-06,2.92209974157442e-05,-3.35180864621384e-05,-6.52180374887547e-06,1.67100570379163e-05,9.48904029189142e-06,-4.39646170518151e-08,-2.39308934602051e-05,2.81141790763999e-06,-7.08531918899513e-06,1.86915712326681e-07,3.58267220040745e-05,-5.28938962306869e-05,-0.000304074974727722,-0.183110547275982,-2.40872833574685e-07,-7.20782833446536e-06,9.33982012565801e-07,5.96360611153084e-08,-1.93525325791682e-07,-0.000832507509916352,-5.48310437016055e-07,-9.33634821878018e-05,4.43816864063617e-06,-1.20503466400545e-06,-1.03420656094905e-07,1.53540285401757e-06,-7.42537393486104e-05,-3.33381646659009e-07,-1.09749564028213e-07,-5.14602133420502e-05,9.94232969250999e-07,-5.26367868979842e-07,-6.90597018424968e-05,7.82465367477139e-06,-2.72659182056274e-05,4.03772859681628e-06,6.91759886226681e-08,3.44172307597718e-06,4.64923573976386e-06,-5.71752221925198e-05,-1.36203225387169e-05,0.0481371860331253,1.22927069744377e-07,4.56474103707597e-06,1.05742789765198e-07,4.23048109932387e-07,-3.16741290228221e-06,-2.55343892753678e-06,-0.000417983816072398,2.05822376059541e-05,6.52205243796676e-05,-1.60904291816376e-06,-5.16686839384767e-08,-1.98473764954324e-07,-3.57171272353735e-07,-7.27831956383039e-06,2.00117564273968e-06,9.16114144815705e-06,-0.000504408842167061,-1.70204229200281e-07,3.33796075378972e-07,1.34684965783414e-06,1.76679696585442e-08,2.41220300627253e-07,-4.04216844814588e-07,-8.3807295891547e-07,-0.0186282263677584,-2.22496029660354e-08,1.20224364767947e-07,1.20600875913108e-07,2.07962732826075e-05,-3.47827667627349e-09,-4.88824883820103e-06,-1.07008796605899e-06,-4.90942678316222e-05,8.91118522536265e-07,0.00180248775509647,-3.01671026819663e-06,-1.53477706980159e-07,-1.55356851568277e-05,3.52154966947734e-05,-9.13066815632184e-05,-1.4630868740036e-06,-7.76555089222554e-06,-1.06350499300888e-06,1.21291563397079e-05,1.33306086897976e-07,-2.43750316494483e-07,-1.21621976690285e-06,-6.64433183203134e-06,7.04482825787922e-05,2.05393852448311e-06,6.73780556476755e-06,-1.75312374012439e-06,-9.00536067209489e-07,-9.51205816985486e-06,-6.76262323241743e-07,-1.08350633039095e-06,-8.8750650672585e-07,2.49095895341676e-05,3.97740447102008e-06,3.14093226907012e-07,5.28225091499928e-07,-2.96196976985892e-08,-3.90797910095909e-06,-2.8801385360631e-06,-1.80946865580753e-16,-7.04640912886609e-07,0.00125863575541894,-9.79274947052228e-07,-2.9742567807784e-05,-4.92090071639559e-06,4.63345098757781e-05,-5.57652334425827e-06,0.0452439468886737,9.63667038178397e-07,-9.98665827020788e-09,9.60144678136945e-06,-7.47112213841997e-06,1.88000772275526e-07,-2.36283456782001e-05,7.18316633630801e-07,-0.0128873391868679,2.43677725724313e-09,4.57538940183171e-08,-1.29984335100462e-07,1.50953063282911e-05,8.07057092611935e-08,-1.72130398243112e-08,4.17738509940288e-07,-8.31646290245125e-08,9.366296230763e-06,-4.82038171493805e-06,5.01791946632534e-08,-1.71534492781516e-08,2.18720343275516e-08,1.5493966586932e-06,-3.54369914583437e-06,2.36322790018064e-08,9.49712255787116e-09,-2.09288184933636e-08,1.81801361306522e-06,-0.000190767297316387,4.68587001759823e-07,-6.69934072359932e-06,4.04118226714032e-05,-3.76204644938661e-07,8.95261626423494e-07,-3.28394445607453e-07,1.7893278973033e-07,7.77218285098262e-17,-4.44803005704178e-07,-1.52547840507199e-08,-1.42350081049478e-10,-1.24130304892196e-06,2.21285084596104e-08,-1.37315532772009e-08,-2.46000091240097e-06,2.80275178289533e-07,-2.92341427655124e-07,7.65828982598846e-07,2.80863606219309e-08,-2.51235580856952e-08,3.24825013213449e-07,-3.93385496091399e-07,8.79499053252616e-06,-1.9110582240082e-07,8.36669877135844e-05,9.18507681887991e-09,5.15723721061581e-08,4.48217726105166e-07,-3.69970149632952e-06,8.71938777152668e-08,-3.32653013151712e-07,4.45414922481091e-07,-1.61375989665572e-06,1.00422149461371e-07,9.06347393693385e-08,6.89814318833092e-07,-1.15910569651692e-06,-9.27400408472873e-08,7.52162746001474e-07,-4.89941811969967e-07,1.2085072664722e-08,1.12049725317303e-07,-2.15991233071961e-07,2.15307409217909e-16,6.25579543876104e-10,2.62717863551795e-06,-1.96622292878678e-05,1.71645155721054e-07,1.54567491214051e-07,4.53548139584702e-08,1.05095218843356e-07,-1.53403940369058e-06,5.67066505726719e-07,4.87562607240202e-16,-4.28772662410472e-07,-5.21798605738018e-09,-1.4533984699254e-08,4.83262168799893e-07,1.08187473408815e-07,-7.26307778894439e-09,-2.75684603557969e-07,7.31086236007828e-08,-2.39381716839905e-06,4.48324234956278e-07,-9.04478480086463e-08,-1.62925168102304e-07,-8.5937259310214e-09,-6.92327764330257e-07,-1.61090344966352e-07,6.73104512019038e-07,-1.73795506798672e-07,8.28783348317642e-17,-2.61699597565539e-05,1.03140515008284e-05,7.21736203890424e-09,5.10031867401837e-07,-3.15269643957255e-07,-6.41761843582561e-07,2.24539822425921e-06,-8.14412058993294e-06,-5.62571735517954e-08,2.08442454945135e-16,-1.03037228121931e-07,-2.84633924531256e-07,-1.28922722575207e-07,3.82776689261049e-16,2.41607370357888e-07,3.14629684767576e-06,-4.79475149722164e-07,-1.96148599054841e-07,-6.52644291601111e-08,-3.4874163829662e-08,-1.24612994661869e-06,3.47532661466102e-08,3.69447683083123e-07,1.0843559860952e-07,7.84137558447766e-08,5.92871286421643e-06,2.7407342884112e-18,-0.00411216466491145,5.17931438791564e-08,6.71812839116125e-07,-7.46520220897842e-08,-1.44600311277329e-16,-7.40759226398407e-08,7.68425654054634e-06,-3.22060583418809e-08,-2.84670896845355e-08,-7.14986445999989e-08,3.92512978152951e-06,-9.63446306197375e-07,1.24014485511569e-07,1.34580863621764e-15,4.19333020173402e-07,-2.044061284731e-05,1.49164982410205e-06,4.86702640995043e-07,-4.93682644895557e-08,-3.29110552457577e-10,1.40946282423116e-15,-2.01277027173078e-16,-3.04817904195418e-10,-2.19158610626417e-05,0.000474808442665578,-4.64911340085303e-08,9.0039774500931e-16,-1.9871254338628e-08,-2.21564934804385e-10,5.37546372944912e-16,-7.70002727268211e-16,1.01217025577022e-15,3.71015966683799e-08,1.05283040526966e-07,-1.30319333047304e-07,6.50212849152948e-08,3.16839399675093e-08,5.08474326478897e-08,-1.48383786047245e-07,2.17584928340617e-17,-1.00844850770263e-08,3.77256523767623e-09,6.46829262538352e-16,2.78153965803532e-15,7.53829802935672e-08,7.68525136920779e-12,0.000315428660788602,-7.08255770297496e-08,-9.39969251572328e-07,7.07523934477507e-09,1.19999607125912e-12,2.55391595018154e-08,1.15096931701197e-15,1.10482620731379e-07,-1.04537418218337e-14,0.00262068912506413,2.93248956077569e-15,-1.66613581437143e-07,-3.13521634656371e-07,-2.31705134946464e-08,-3.35021819162727e-07,-1.20241466080061e-06,0.00208916971975919,-1.1891284807054e-06,-9.04166832900854e-08,-4.41684931695651e-07,-4.75842648847082e-08,-0.0120461883848446,4.2769014932571e-06,2.09639206388168e-06,5.39961485027878e-07,0.823874303032059,-2.75639610917609e-13,4.2315155254651e-05,-3.92210228290121e-06,1.85352681724357e-07,-6.4880381690963e-16,2.1758452361473e-08,5.09732905801996e-07,1.73019348445479e-06,-4.77060018101178e-15,-2.84051976202379e-06,-1.9867949924756e-07,3.87521664248254e-15,-2.52526916036662e-07,2.43856011344835e-05,-1.33309369845683e-15,-7.29865604676875e-15,-1.1271165536515e-07,-8.67887273508149e-08,-4.84484048399791e-10,-6.57048876762934e-07,1.66436332152348e-07,3.38336837570088e-07,4.67319135706518e-08,5.4174048257955e-07,-8.84316768439791e-07,-9.27215118920466e-15,1.24754603899268e-08,1.23586696507675e-09,3.38447781145162e-09,3.13889387390882e-07,-3.21592943757623e-16,3.2898836910459e-16,1.02021899543102e-07,-5.17806452295967e-16,-5.37224676457702e-16,6.00632327195897e-07,-6.63965643161378e-07,-8.59237499173153e-07,-7.01349501173914e-09,2.12225451037899e-05,4.65485368490027e-07,2.08315244338817e-08,4.07588734611977e-16,4.89377759442276e-08,2.27091002958985e-09,1.03983054465399e-08,-7.20796238392561e-07,2.78977807739604e-06,-8.92742961405333e-16,-8.25516287488776e-16,7.7025137599962e-15,-3.42079739409749e-08,-1.12882706640327e-07,-9.45436730011553e-08,-1.893960987514e-17,-8.56597521808829e-08,-8.10881979170519e-15,1.49023730286125e-16,1.94337740175476e-06,-4.26519507348781e-08,1.83663848019044e-15,-1.04070267519105e-07,-3.71333605289531e-07,1.79099333767759e-12,1.58488315021673e-07,-2.22252944342943e-16,4.18727417455941e-08,-1.32550471185289e-16,4.17380452457999e-08,3.61036454865555e-07,9.06790881652184e-08,1.22746252644117e-08,8.40682052659175e-08,-2.29772619714369e-05,1.13519780738095e-07,4.31584312894107e-16,6.61604876598731e-06,-2.8771950326831e-07,3.97998470865624e-17,-0.000438604135746125,-1.10253869197237e-07,1.33219989558381e-06,7.14910036608676e-16,8.12604893988763e-08,7.44001644598463e-07,1.63603439613102e-16,-2.67241424970018e-07,-5.90411850836584e-08,-2.12365261371171e-08,3.67741302622932e-16,5.16917557293173e-16,5.41635760393979e-08,1.65148835607857e-08,1.33500059103141e-09,-1.8946541257762e-07,9.58681808456997e-09,-7.76028873012148e-17,-4.88657605863335e-16,3.49366791520723e-08,2.40762687770605e-10,-3.06837424028824e-16,8.41619792672461e-08,7.14050514032344e-17,3.00977962103863e-07,-1.59992385449437e-08,-9.3456903112726e-09,-6.18934221725435e-08,-6.46640934757005e-16,-3.88453117783113e-18,-4.48733320768893e-16,2.92521368621742e-17,-3.41533660605939e-08,-8.86270728753858e-07,-2.61761374500716e-17,-3.05382468925276e-16,2.52567702722627e-16,1.66180264592693e-07,1.11676879800493e-08,-8.18895146198396e-08,-1.91117905572294e-16,-8.49546941041751e-16,4.81995628305587e-16,-5.0222708616333e-07,1.06541585450755e-07,-1.04076766595975e-16,1.39254695552548e-07,-4.86064329612165e-07,1.95902377435635e-16,1.28614629723116e-16,-4.83334807127857e-08,-4.95080226558813e-10,-2.38952403524849e-08,-4.54476237875097e-16,2.6809319529406e-08,3.89831989909261e-08,4.1743645112401e-08,-3.79570087702572e-08,-1.35121655394391e-07,8.60209260299232e-08,1.57427259472258e-16,9.01964364695574e-16,-2.78390704341344e-16,0.000778136428722203,-1.44051380743332e-07,-1.03276207907174e-08,-8.27616789847166e-09,7.28951175858511e-16,9.1453690800786e-17,-3.61261766668397e-16,-2.59635638082318e-16,1.20438367721803e-15,2.72636386562743e-07,-3.37939760060345e-16,1.11182816393565e-16,-6.36763957813056e-09,2.48576262962592e-17,-5.69964738960103e-09,5.65601127046853e-17,-7.06528893813212e-09,-5.90562435853833e-18,-8.53419063671141e-09,-1.06754273988709e-09,-5.03007155065338e-06,-1.69833029373851e-16,3.41601771894276e-08,1.95660850860613e-16,4.83529887939039e-08,-5.8635872716403e-07,4.68830710676727e-10,-1.30692159260419e-15,6.83069736614504e-08,-3.63508043568591e-16,-1.67539892506956e-08,-9.45566309023045e-08,5.29696975189316e-17,5.53187926640385e-18,-1.0615685899079e-16,-1.13482314954008e-16,-3.16921559282756e-10,-4.12535941610587e-09,-9.20789514688439e-10,-3.37798733406232e-17,-1.48427140625808e-16,-6.80143207436269e-08,1.99916926523669e-05,1.2089616568734e-16,-1.56094850356936e-16,-4.17129001692094e-09,-1.86399831586225e-16,-2.95508131136028e-08,-2.79078838918268e-16,2.78830849094159e-07,-1.60004644411311e-16,-2.4551961134595e-16,-6.9216955036526e-18,-1.49673816917775e-16,2.21959918939028e-16,-1.36426429873674e-15,0.000113626791846594,-0.000378849964803805,-6.32288644985244e-17,-2.43971097789405e-08,9.3042212978523e-08,-1.21772896866523e-16,-2.12695062460687e-16,5.79212412987022e-16,2.62321092796021e-17,9.19002534221815e-09,1.46949464034638e-09,-3.45628416108171e-16,-5.02287958833989e-16,-1.66830375258282e-08,-5.95095272606076e-08,-6.22720190468447e-09,8.09683477101553e-17,-2.83415801397915e-16,1.70135337546358e-16,1.38074093028444e-16,3.28372295185475e-16,-1.64216594754297e-16,3.50461971656482e-08,-3.31368725485663e-08,-6.36964843574914e-09,-2.06171536990089e-16,1.27881224459054e-16,7.26882029329994e-18,-2.71583175510986e-16,-1.77706084010019e-16,-1.33476701230613e-16,1.68779759706112e-16,-3.3047083272026e-17,2.91798083514614e-16,1.76836763770432e-16,4.33484157348511e-17,6.65172472549738e-19,-4.65341857039734e-17,2.18677154997441e-16,1.79170081982743e-07,8.77567061114224e-17,9.3833935343136e-16,-4.91977495685512e-17,3.39466327584042e-07,-5.91655105721993e-10,2.50866953683644e-17,-3.05187203235763e-05,3.09747858040816e-07,1.40346008006094e-16,-5.499374354108e-16,-8.63284574507637e-08,-1.36317882162891e-15,7.60371452420408e-09,2.15069951792335e-16,-2.81150621670186e-17,4.96167086664052e-17,7.68557961429772e-17,1.07419376862629e-09,-1.47484090640432e-07,5.72612456600872e-16,6.04112509359805e-16,7.71734701557334e-17,1.87919729585082e-16,-1.22650370762423e-16,1.54099630651218e-17,-1.50956589535531e-17,9.62819799125041e-17,9.06510884862576e-08,-9.25502046117345e-17,1.06093298596856e-16,-1.03188171850457e-16,3.91934543785656e-16,-4.02870879674047e-16,-5.58846866352551e-16,-3.4643308114838e-08,1.65832129272857e-16,-9.59662534687347e-17,2.58202114875462e-08,1.10262564102388e-16,-1.7982569233782e-16,-4.22818398022286e-17,2.17511135677592e-16,1.48081777482707e-07,5.82845508148676e-18,-1.58201648580329e-08,-2.82129675424567e-16,-1.85711440803088e-16,1.81641650279715e-16,-6.39516122044983e-16,4.08328984715669e-17,-2.04004534063562e-16,5.70999470487124e-10,-4.6858123359883e-17,-5.21209960544668e-17,0.000224965031583085,-7.03647845990182e-08,-1.16481339818628e-16,4.9769442176389e-08,7.28822753812706e-09,1.51439814568905e-17,-6.50562172738808e-17,1.451566561787e-16,-2.2377310686764e-17,-5.77070991106717e-17,-1.21935220790559e-08,2.05412689342854e-16,-2.70495448628681e-16,-1.37750298087447e-16,4.87643836867118e-09,2.26771396383376e-16,3.13876203981691e-16,2.2992270674799e-16,-1.32164417068283e-16,-2.21859869075823e-09,2.92821512093142e-16,4.60496290196992e-09,-2.4667679865092e-16,1.61941621238289e-16,1.76701560030906e-16,2.18316696924113e-17,7.71489048934807e-17,-5.7102457943556e-17,-5.42359936534387e-17,-1.03139457703651e-07,-3.34689007696969e-16,-2.14986777709632e-16,3.34863523422733e-08,-2.91282294905505e-16,7.54438800165849e-17,-3.55872376579366e-16,1.79596954277432e-16,1.20310451165628e-16,5.98244661901528e-17,-3.51134678400246e-08,1.98909299156872e-16,4.68209473263264e-17,7.20887207386276e-08,2.65180894226016e-16,1.48713375444546e-16,5.33251392248049e-16,-9.99164219482373e-17,1.39145833231145e-16,-3.69659555493897e-16,7.22115752905035e-17,7.53917786446196e-17,-1.52818114560285e-16,1.18782818656502e-18,-3.88887555880973e-17,-3.77056624195979e-08,1.61741279898251e-07,6.34820522857707e-17,-6.5774692501746e-17,6.0066747207178e-17,-5.47467272341525e-17,9.47863749295452e-16,1.78832003396752e-16,4.38482302575253e-17,-2.50585003197682e-16,-1.5670728384271e-09,-4.75754834411026e-17,3.44986209892063e-17,-4.77493315482416e-17,-1.6172337596425e-16,2.00369220660362e-09,5.5451982878722e-16,-2.16263892628854e-05,1.79148117387526e-17,8.82513620885173e-17,5.125665216679e-17,9.55415655038381e-18,-7.10993027208997e-17,-3.72936649360736e-16,4.4936539748401e-17,1.65019650762025e-16,-1.13566869870848e-16,1.58813047987296e-17,-4.94539591876937e-17,1.69348604402518e-17,4.17196425192959e-17,-2.05912783089503e-17,-1.04217980343491e-16,5.01224918596638e-17,-7.66774942858109e-17,1.18517261736879e-16,1.63791091938912e-16,-2.38807593853824e-16,9.14795583034644e-16,-8.33544184525511e-18,-5.90528108381472e-16,8.72886861141839e-17,-1.98111581805315e-17,1.50110327218343e-10,3.81007158366835e-16,-9.73015690843522e-16,9.73363006477468e-18,2.00290012863512e-18,-2.87250532181874e-16,6.15592872382145e-17,3.24900320210758e-16,-2.13338406130113e-16,5.11246611803479e-18,-1.71448205213329e-16,-1.20888542232134e-16,7.50299977135399e-17,-5.99459775143171e-17,2.16922404839654e-17,1.4119486216612e-16,-2.17861240995771e-17,-6.61073513449509e-17,-1.92541806705564e-09,6.3756074935973e-17,-3.54075399282429e-18,-1.14311995312102e-16,-1.66960730521502e-16,2.41948888135584e-16,2.49515834320632e-16,-6.86708465058903e-18,1.28741353869306e-17,-1.09804976748264e-17,4.06591649137012e-10,6.6217020035034e-17,-4.82294642768325e-18,7.97101847560234e-18,-1.46167256414318e-17,-1.58326600509723e-17,-2.32318950591571e-17,-2.66441245020879e-17,-1.87713508513646e-17,-4.928147884786e-17,-4.79172671742299e-16,1.07362701618376e-17,1.44602002561186e-17,2.48814509357076e-17,2.04472341074619e-09,9.32075962390102e-17,-8.50454872739468e-17,-2.3195540914786e-16,-6.65862764231973e-16,-6.14557335325492e-09,1.1591849116386e-16,-3.59167660735811e-17,-1.32612864802817e-16,4.68168939713852e-17,9.48191006061618e-17,-2.43064944262004e-16,2.35414790372697e-16,2.81750209337851e-17,-9.84885105681372e-17,2.23629483358982e-16,1.0501573700927e-16,2.45471933815012e-17,6.04513278008834e-17,-2.70166172874903e-16,2.12358587494954e-18,2.01200099829158e-16,-1.90964352792575e-16
"t385",-0.0444396330900032,0.0415578951178797,-0.0684337570979531,0.0337920797750738,0.0101922917729417,-0.00541166956916842,0.0359578980600165,-0.0827485356397663,4.97012761078814e-05,-0.000298546279075106,-0.000173365535289206,0.00978704047449055,-0.0162048783751453,0.00234560547588933,-0.000573705717513327,-0.0817342280132243,0.00185188312598455,-0.00378037567903479,0.000251655867997217,-8.70344392615852e-05,0.00717389962940509,0.0273621460816504,4.23832745449046e-05,-0.000246720092441696,3.58326910986214e-05,-1.18621034269906e-05,1.31387317703997e-05,-1.12681821047261e-05,0.00013298705955503,0.000157844466405748,-5.50093229787158e-07,9.79579537957004e-07,-0.000300748479736571,6.83078879496827e-07,-3.14079198929527e-07,-2.17193783944079e-07,-6.16890516703017e-06,1.97933283585018e-08,7.05792952973642e-08,-3.8596383497767e-08,-8.74784293781347e-06,2.04078882372959e-06,-2.30555479836277e-05,2.76081038236288e-06,-0.000810591081949636,4.07621255278265e-06,-6.97800275315725e-06,0.000156957240539744,-1.7654347842602e-05,5.3316850017632e-05,-0.000802141803959651,0.000135689856504337,-2.14471790350999e-07,0.250966232667888,1.6506068350749e-05,-0.000153356716390593,2.36709581596885e-06,-0.000143573930832354,4.82274501644675e-05,-0.00210736051416195,-4.74427935662158e-05,5.44799787598055e-06,-0.000175943211697918,9.34287336761139e-05,-6.60593819012223e-06,0.0001548676607452,-9.8548848863134e-07,3.57156093177862e-05,-9.91503990309171e-05,4.02418592091254e-05,-4.3477678501967e-05,0.00792758277363685,-1.26836942437908e-05,-0.00137886650603163,0.00068672389020996,3.09647454754885e-06,-0.0857272614301825,-8.38757071508637e-05,8.68156172968141e-05,7.87119827950272e-05,-1.67348059042544e-05,-0.000237211265121913,2.22537484699731e-05,0.000134071492302101,-9.59307293261304e-06,-0.00217092107074901,0.0014852197948157,3.11697323418328e-05,1.33785352253475e-05,-0.0209750567849523,-2.488691378274e-05,-0.00997242376000181,1.85276634095864e-06,-4.0827511819581e-05,-3.3898505106522e-09,-5.26099846347627e-06,1.19169807464493e-07,3.88603189444502e-08,8.32080281490543e-08,4.07046217896965e-08,-8.93979444161775e-10,1.03427998108852e-09,-4.91321121997987e-09,5.00079470799402e-08,-2.36014255628161e-08,2.81607482038231e-07,-1.47537335831934e-06,4.01791794569675e-07,-2.4511117420786e-07,2.9013431586337e-06,2.83120801235345e-07,7.60904770164074e-07,-1.70009837978539e-06,1.99359352526271e-06,-8.19876947411896e-09,3.56029365689252e-07,-5.55899893586158e-07,6.95748164499555e-07,-8.50889774810327e-07,2.50094550690388e-06,-1.37316060178703e-05,5.14451139172052e-06,-2.84944329465528e-05,-9.86893956881661e-05,0.0264220495091747,6.15570661651638e-05,-0.000454718273984165,4.61552643332472e-07,-1.59505278862569e-07,-5.13426974718552e-06,7.07679486349198e-08,7.58871082062744e-08,-1.70002760674037e-07,-4.46787765592519e-08,2.34705227380057e-07,1.42680757050158e-07,-1.33628333293738e-09,-1.08474283045855e-06,4.33313979806706e-07,-1.26296414255545e-06,-9.08912297865299e-08,-3.95997044363591e-06,1.4692798516521e-06,4.63262619148881e-06,0.00276402968814479,-4.94179450376506e-09,-2.90002655430173e-07,4.62948746632893e-08,3.05945916597956e-09,-1.05655064973974e-08,-4.5646136317125e-05,-3.06533725204054e-08,-5.27513795565698e-06,2.53630332282179e-07,-7.43281546652495e-08,-6.43199732791885e-09,9.59952290710326e-08,-4.65631520649025e-06,-2.01967434475734e-08,-6.60407130957682e-09,-2.95989846086475e-06,5.65583830447439e-08,-2.7487786744147e-08,-3.56127324580579e-06,3.56757119985568e-07,-1.0500878816662e-06,3.87948747458834e-08,5.77515666154816e-10,2.76119950252092e-08,1.40231502610843e-08,1.68244393094679e-07,5.15523030193191e-08,-0.000155090230332616,-7.38225016954229e-09,-2.02209049014272e-07,-4.93426696372272e-09,-2.03093040137838e-08,2.55637546502408e-07,3.22154361613271e-07,5.655263655121e-05,-2.97230253647408e-06,-1.13397695367366e-05,2.9979935762112e-07,1.02909990374461e-08,4.2063009882354e-08,9.28128834800097e-08,1.98776920664435e-06,-8.36127475085828e-07,-3.88214376503019e-06,0.00024682390303853,1.26090751345453e-07,-3.63685281079184e-07,-1.70210943253846e-06,-2.84692566599613e-08,-4.77216926270918e-07,1.88772277673428e-06,5.25115971785184e-06,0.353074694362857,6.73175422375837e-06,3.94242718490896e-07,3.80688804947061e-07,5.01456164694753e-05,-6.9920783246181e-09,-7.49012993700944e-06,-1.63817124488759e-06,-7.38318576318881e-05,1.27572492879838e-06,0.00250371667684295,-3.91815480324711e-06,-1.87197636721326e-07,-1.82370686474594e-05,4.09266171451316e-05,-0.000102315257604297,-1.61518449232007e-06,-8.56984231530642e-06,-1.1627539357625e-06,1.30497263506051e-05,1.43142257980625e-07,-2.60404708630192e-07,-1.30103914631481e-06,-7.11704714637252e-06,7.62043305013904e-05,2.22921078616907e-06,7.34288089290081e-06,-1.94011058451646e-06,-1.0001964488114e-06,-1.05743872404317e-05,-7.69179026781221e-07,-1.25284209863462e-06,-1.04770387210821e-06,2.97096129784608e-05,4.79746944803615e-06,3.83082297195113e-07,6.46342225926958e-07,-3.74308564815325e-08,-5.04983826081186e-06,-3.8204973230197e-06,-3.72981095138561e-16,-9.74514228379225e-07,0.00175636730262005,-1.46340595929502e-06,-4.72739410854481e-05,-8.28720079380792e-06,7.83203219643045e-05,-1.07310047632273e-05,0.0892793417076376,1.92445645191317e-06,-2.11915094936535e-08,2.13055564329172e-05,-1.81496234081414e-05,4.77428485603037e-07,-6.11640084105686e-05,2.08487310501732e-06,0.0104378967751804,7.1367611350205e-07,-7.26565181212876e-07,5.18580263481359e-07,-5.6828874111792e-05,-1.90279084406472e-07,3.29246252323669e-08,-6.16656424795466e-07,1.13798754655815e-07,-1.1872592715898e-05,5.51926009483664e-06,-4.98043523414957e-08,1.67584652248096e-08,-1.53330765377572e-08,-1.07832606171151e-06,2.44630514296639e-06,-1.49853502745911e-08,-5.83677569905595e-09,1.16562428667479e-08,-9.94305300458613e-07,5.81656146152396e-05,-1.33731756911406e-07,1.81318727454774e-06,-9.65907130323845e-06,8.11498574240472e-08,-1.51007809024975e-07,5.13192518806642e-08,-2.62718332353144e-08,1.27986902713456e-16,5.18559064825602e-08,1.72133068706606e-09,1.43778326984364e-11,9.30838389495463e-08,-1.20931433271833e-09,6.25824017930181e-10,1.01389630761889e-07,2.34689032737019e-09,-3.27448847740244e-09,9.15754263171780e-09,6.82892631955965e-10,-1.39528900944169e-09,1.96294562241475e-08,-2.50795780728865e-08,6.53218622366851e-07,-2.08347461487827e-08,1.01631250603133e-05,1.12208306296931e-09,6.31087280279125e-09,6.66761533726718e-08,-6.41275795815934e-07,1.53542493720306e-08,-5.98773892521441e-08,8.21945032365634e-08,-2.99971693629959e-07,1.9723458363846e-08,1.78683516879443e-08,1.36920445240673e-07,-2.31118286108774e-07,-1.87607877821865e-08,1.54477442451367e-07,-1.01965537507353e-07,2.52917652833038e-09,2.36660348661007e-08,-4.64685692053119e-08,-4.40308280285314e-17,1.46616262875417e-10,6.19726115696568e-07,-4.68054772519762e-06,4.0870313117247e-08,3.68140070924273e-08,1.08252551798886e-08,2.51817378928445e-08,-3.69206327047947e-07,1.37636831317227e-07,6.89076538043092e-16,-1.05815739640695e-07,-1.29007019335646e-09,-3.60665012104555e-09,1.19973943308247e-07,2.70759126662884e-08,-1.824716457063e-09,-6.95879453499097e-08,1.85050642359631e-08,-6.08750394503706e-07,1.14320002300756e-07,-2.3085558962635e-08,-4.15952691297899e-08,-2.19414057047657e-09,-1.76750207116867e-07,-4.11251318600546e-08,1.71799623664784e-07,-4.43470123341492e-08,-1.44784094996403e-16,-6.64811513514077e-06,2.61622254334876e-06,1.83069897309236e-09,1.28671134432451e-07,-7.94588285320115e-08,-1.59235959092861e-07,5.53877144352949e-07,-2.00643370724291e-06,-1.37911019537821e-08,-7.19516111391918e-17,-2.51020192805265e-08,-6.91706462820053e-08,-3.1013173665815e-08,-1.33411774315651e-17,5.73770818196563e-08,7.44667787007802e-07,-1.13277581016546e-07,-4.61617385227922e-08,-1.52530668473086e-08,-8.10459514435184e-09,-2.88230747144489e-07,7.9110307931319e-09,8.39189099953061e-08,2.42917576565514e-08,1.6973839978451e-08,1.28037194125235e-06,-2.92615598253245e-16,-0.000275570311551317,2.36063202244402e-08,1.71766946221821e-07,-1.72151147289202e-08,1.92543573248396e-16,-1.55557339732737e-08,1.46712105546795e-06,-5.85329906639269e-09,-5.04567337832188e-09,-1.22717980348496e-08,6.3010081203745e-07,-1.35099608937636e-07,9.10984614757979e-09,-1.13246527501986e-16,-6.55792012752663e-09,5.17843333804925e-07,-6.98481810546109e-08,-3.881057751798e-08,4.06946532405837e-09,3.04571299703799e-11,-1.90125692967058e-15,-3.98362818466445e-17,4.81433296713645e-11,4.84861662793104e-06,-3.45289990622598e-05,1.46929093249255e-08,6.93272656525639e-17,1.08423213938282e-08,1.52320110174925e-10,3.12808645111316e-15,1.28122704480566e-17,1.22979210211013e-15,-5.34363188458579e-08,-1.67719194132671e-07,3.00747581835333e-07,-2.13900382333339e-07,-1.09017156073007e-07,-2.75903175133953e-07,8.54450571623738e-07,8.60660827143352e-16,3.00626098669981e-07,-1.33141751185545e-06,5.25339251320684e-15,-9.56428642548377e-15,2.09996295142624e-06,2.94062748490068e-10,0.518324672662079,2.82600212238581e-06,9.74437931433217e-06,-6.3619288902631e-08,-3.24248726162437e-12,-1.91791980008339e-07,5.54644471052388e-15,-5.16753720341301e-07,-3.74244905898546e-15,-0.00317233452648879,-4.53911244021445e-15,5.08379453150481e-07,8.91299140022654e-07,3.15327788535937e-08,3.96058755080521e-07,1.3404612937839e-06,-0.000574437655888096,8.49875880917589e-07,3.80956188476651e-08,1.85168719829759e-07,1.66431504706768e-08,0.000976685338142225,-6.41038774864889e-07,-1.53131239846766e-07,-1.25426036379014e-08,-0.00111490100886121,-2.92968685212784e-16,2.43311056743767e-06,-4.0772051303832e-07,3.6859163018803e-08,1.06675743449585e-17,4.77016214976832e-09,1.2524954044726e-07,4.42411025562782e-07,-8.62286669460669e-17,-7.40149385603206e-07,-5.52852051449495e-08,7.99768050015241e-16,-7.22539082859964e-08,7.90729657814335e-06,-9.01703455475563e-16,2.17524189631546e-16,-3.78583417569048e-08,-2.92355347356866e-08,-1.65340204565459e-10,-2.27444840286563e-07,5.92869529137554e-08,1.20793935664594e-07,1.67371110084971e-08,2.00116184390829e-07,-3.33682084283268e-07,-6.30571983517569e-16,4.74176509354512e-09,4.7030733920298e-10,1.29333401670203e-09,1.20531347377333e-07,-5.24852312967213e-16,5.52085545403543e-16,3.94254754873003e-08,-7.34806733837937e-16,-7.70074421375848e-17,2.40078875522736e-07,-2.66707331750462e-07,-3.4518073619194e-07,-2.84595646723868e-09,8.62283942961799e-06,1.89181012168056e-07,8.48108309391443e-09,-3.06779095442502e-16,2.02629525852435e-08,9.43338376288722e-10,4.32398422158288e-09,-3.01247017723296e-07,1.17593196415613e-06,-4.04035460605218e-16,4.63403875152504e-16,1.64115664975989e-15,-1.4578148563934e-08,-4.83151677661452e-08,-4.04788054292129e-08,-1.06271783406319e-15,-3.68206496992025e-08,3.03412229148802e-15,5.68233558891447e-16,8.4832499359943e-07,-1.86217368970247e-08,-9.71445146547012e-16,-4.55894628758496e-08,-1.62975572811882e-07,2.51115482333379e-13,6.98192823823274e-08,-2.87608978901492e-16,1.85252739432987e-08,1.63910068578295e-16,1.84725661798035e-08,1.59834713115924e-07,4.01576030700754e-08,5.43830818025453e-09,3.72839419734213e-08,-1.02275812154321e-05,5.07729252425514e-08,-1.78339543253944e-17,2.97337622843771e-06,-1.29268702273364e-07,-8.63541316448545e-17,-6.39924640278951e-05,-4.98053726567184e-08,6.02236562413756e-07,4.33352452398443e-16,3.6876911923808e-08,3.37906033332107e-07,7.66364965061533e-16,-1.21503129412246e-07,-2.68575459698828e-08,-9.67917154243125e-09,1.98455830395029e-16,-2.90568316317475e-15,2.47996203539982e-08,7.57626627838426e-09,6.12679390599002e-10,-8.76984510575024e-08,4.44380878693697e-09,2.84922882457471e-16,-8.98984092178867e-17,1.62104080708591e-08,1.11726496410264e-10,8.63117218097123e-16,3.91219807538844e-08,1.11663937750367e-15,1.40141067178529e-07,-7.467083333685e-09,-4.36251302916851e-09,-2.89109194763099e-08,-2.60216240305312e-16,-2.35260556422426e-16,-9.36545019447798e-16,-6.40963513623833e-16,-1.6056065581076e-08,-4.1688559309689e-07,-3.73373963353781e-17,1.76197262218786e-15,1.50968225998666e-16,7.83323560058854e-08,5.2690647859093e-09,-3.87397602529588e-08,1.42829458914878e-16,6.60241175967635e-15,-1.1479749442711e-14,-2.40165184729373e-07,5.09704381359491e-08,4.10973830419126e-16,6.69794888742252e-08,-2.34359419879956e-07,1.07437235446974e-15,-1.11101403000634e-16,-2.34572138591965e-08,-2.40411847817927e-10,-1.16570563178851e-08,-8.04347561115926e-16,1.32009400964475e-08,1.93170905240719e-08,2.09111412384823e-08,-1.94186403754759e-08,-6.96516391765571e-08,4.51276017405428e-08,-7.61877300143377e-16,-2.73417039102376e-14,-7.13024810651095e-16,0.011921082812313,6.95809305866302e-07,-3.63206357058265e-10,-3.23672548244124e-09,0.707106781186548,1.23592646060543e-14,2.42002291948142e-14,-1.40645975461904e-14,6.4845473414244e-14,1.16536040672986e-07,-5.51374633468132e-15,-1.19074999232296e-15,-2.76427066020796e-09,3.81110746960672e-15,-2.47601674167545e-09,2.02274697084235e-14,-3.07279654993131e-09,-8.67425749830621e-15,-3.77711054756425e-09,-4.73987719215359e-10,-2.24316556764411e-06,1.08051983163067e-16,1.53057697775623e-08,9.36745682578741e-16,2.18479919926693e-08,-2.67160669612754e-07,2.13679520523817e-10,-4.39458109653931e-15,3.12189921416445e-08,3.12457533645156e-16,-7.68746067162432e-09,-4.3394567698088e-08,2.60176552472119e-15,-1.11952205020353e-15,1.50428659974975e-15,9.67346821182475e-16,-1.45864658741557e-10,-1.90012427057486e-09,-4.24461977015369e-10,3.17316253107038e-16,6.05084370449048e-16,-3.14705887451372e-08,9.25174251778342e-06,-2.20484410825025e-15,1.53040220355704e-15,-1.93893554995786e-09,-7.45608822627446e-16,-1.37493959832777e-08,-5.71930627268479e-15,1.30140572319242e-07,7.53516544760811e-16,1.43846193590676e-17,-1.83482366172633e-16,-1.03813553174689e-15,-1.09658972414203e-17,-1.12988136615969e-16,0.00149881397706788,-0.000133129302986876,-9.62235465357308e-16,-1.13073200860497e-08,4.32547904341631e-08,-1.0250002205546e-15,-5.19392354683787e-16,2.71871216529444e-16,9.49441660350858e-16,4.29633983883843e-09,6.87532910812364e-10,1.31256840597909e-15,4.92629856935356e-15,-7.81172609468270e-09,-2.78677050466476e-08,-2.9170841936957e-09,4.74952532372029e-16,-7.59683743100887e-17,-2.78561412345282e-16,2.01696250532203e-16,-4.38711688105073e-16,-1.3445340451095e-15,1.64888642536126e-08,-1.5596105650338e-08,-2.99896689592861e-09,1.33701057755129e-15,1.93477472534596e-16,1.69800855944243e-15,-1.00575264853989e-16,2.85392665322017e-16,1.04793816898826e-15,-1.15869155334654e-15,3.22853109615372e-16,1.78750185537809e-16,-3.85324697532377e-16,2.60651343783319e-16,-1.52940818703774e-16,-3.47119293268534e-16,-1.54518527964054e-16,8.48562410809179e-08,-2.87640211863541e-16,1.71324091462998e-15,2.07205864097651e-16,1.61242565143039e-07,-2.8249162823445e-10,-1.47830626071252e-16,-0.000436459620630806,1.4666839037982e-07,3.45780766677504e-17,-1.26762655918504e-17,-4.09364377106398e-08,-1.08881420971871e-15,3.6101975974384e-09,3.15087271663902e-16,-2.76581604513029e-16,-6.75285525593806e-17,3.24930611962558e-16,5.10922300269252e-10,-7.01562892686369e-08,8.31588595799058e-16,-4.36561034920387e-16,3.17406951085063e-16,1.66615444889654e-15,1.31014990523148e-15,2.26134678653765e-16,-1.07419851150673e-16,2.21041462268216e-17,4.3359132562717e-08,2.65793418703211e-16,-4.40548247189369e-16,-4.78230322477078e-17,4.06839640490911e-17,1.65984797233073e-16,-2.80858801404538e-15,-1.65884323197713e-08,6.95655735244394e-17,5.4638808756597e-17,1.23660971444425e-08,1.7896401797165e-16,-8.84571262080485e-16,-9.57606978933554e-17,-6.56815460991364e-17,7.10815530597359e-08,1.48196386740798e-17,-7.59676726912005e-09,-5.06670112644226e-16,-9.65354271075562e-17,-8.02278671113981e-16,2.84651351155438e-16,-7.50896115691411e-17,-1.85100815489929e-16,2.74360574289238e-10,-1.17619309509421e-16,-4.47300189828965e-16,3.65480968480177e-05,-3.4097297627677e-08,-1.13917113285643e-16,2.39611851060251e-08,3.50913255930269e-09,3.06426230890707e-16,-1.75704501861919e-16,1.38768320335171e-16,-1.19794078348692e-16,1.30477125366681e-16,-5.88386648483833e-09,3.91047940875586e-16,9.01288083379339e-16,4.9506567656523e-16,2.35450612417734e-09,-4.12816145594556e-18,4.83626367605061e-16,-4.73746856424193e-16,-3.19429695084556e-16,-1.07207090698592e-09,7.35185786583038e-17,2.22575855028e-09,9.67892080542271e-17,-1.91279720700169e-16,3.88963183256734e-16,1.49454680216916e-16,-1.64199940534951e-16,-2.68547697349011e-16,7.61172447966007e-19,-4.9916087352468e-08,5.42985537237737e-16,9.23941393968975e-16,1.62114750260552e-08,-7.39977001886889e-17,-5.97840630835355e-17,-1.03837662350359e-16,5.90405661537088e-17,-2.80383766397246e-16,6.78935457060271e-16,-1.70162061211998e-08,-2.24773554164973e-16,5.65705452662294e-16,3.49502069019691e-08,-5.03222955563154e-16,1.88526529021846e-16,-2.37381902677312e-16,1.91109227804501e-16,-4.05665245279841e-16,-6.57122301795997e-16,-2.60403634997122e-16,-1.79591541946963e-16,-1.12068166462787e-16,-3.13081836569291e-16,-1.36436218111089e-16,-1.83103635797608e-08,7.85589509380345e-08,3.06040230658579e-16,-2.78718082234239e-16,2.8798733000943e-17,-4.64505397821221e-16,-2.52358897667726e-15,-1.75143408935314e-16,-1.65786488188448e-16,5.57878666967374e-16,-7.61907584382591e-10,1.35644235353707e-16,-1.21062522045819e-16,-1.36474629746724e-17,5.73982299560342e-16,9.75020259745794e-10,1.02089239777264e-15,-3.58542917106208e-06,1.2576082414519e-16,-6.0261990955311e-17,-2.53523812148833e-16,-2.44839664254106e-16,1.34226670569603e-16,-1.84347643394202e-16,-6.32927306959666e-16,-7.86471673496403e-17,-9.27999920732023e-17,1.44321022537222e-16,-3.67521343071299e-16,-4.11569682079817e-16,-3.90250288899411e-16,-2.725012149725e-17,1.83075497114336e-16,1.87886512569302e-17,5.1051469976756e-17,-1.77005158097224e-16,-1.04050924233599e-16,1.04673699712445e-16,3.14418630020796e-16,-1.45947666905978e-16,-2.04202121899725e-15,-3.24115697050157e-16,-1.63528361112489e-16,7.33688137123321e-11,-5.25281876700307e-16,-1.12752289931709e-15,4.18456082953725e-16,2.2079917862798e-16,3.0289789594365e-16,1.79767684450821e-16,-4.11388417861139e-16,-2.11243719945637e-17,-5.57806983316751e-17,-2.97866625549637e-16,1.73862660379775e-15,1.19662503020609e-16,-1.12283355583731e-17,-3.39247778477106e-17,2.19614673241617e-16,-6.40254714241687e-17,2.18291194019909e-16,-9.43230587593661e-10,8.81193592675431e-17,-1.35047110999265e-16,-1.37985614472725e-16,-5.4564371066739e-17,2.94899019804294e-16,-6.90213295937013e-17,-3.017851425317e-16,-1.46206121104446e-16,1.52629991109292e-16,1.99645561235852e-10,1.41873218614013e-17,2.23013069196887e-16,8.44862740775676e-17,2.55244789312138e-16,4.59738950670181e-20,2.26931969125983e-16,2.57259706151232e-16,-1.0779658394902e-16,1.91105646900843e-16,-1.45035841812029e-16,-1.02065298803998e-16,4.20770889044512e-17,-1.41141886986478e-16,1.00631308327708e-09,-4.65766255346078e-17,4.32934477976889e-16,-4.07730945878804e-17,1.04083408558608e-17,-3.02775676200842e-09,7.09296271706192e-17,4.0865322906348e-16,1.49105726451641e-16,2.49699622532107e-16,-2.83182064209969e-16,3.33927690828885e-16,3.08815323393132e-16,-2.52904600108722e-16,6.7183163954856e-17,2.80388875773865e-16,-3.9455669368728e-17,-2.41272037084271e-16,8.66480462778047e-17,5.24247629284617e-18,-2.35921608231941e-17,-1.0018695470676e-16,5.60556822636678e-17
"t307",-0.0444396330900032,0.0415578951178797,-0.0684337570979531,0.0337920797750738,0.0101922917729417,-0.00541166956916842,0.0359578980600165,-0.0827485356397663,4.97012761078887e-05,-0.000298546279075111,-0.000173365535289214,0.00978704047449057,-0.0162048783751452,0.00234560547588933,-0.000573705717513334,-0.0817342280132244,0.00185188312598454,-0.00378037567903478,0.000251655867997214,-8.70344392615921e-05,0.00717389962940508,0.0273621460816504,4.23832745448951e-05,-0.000246720092441706,3.58326910986249e-05,-1.18621034269871e-05,1.31387317703993e-05,-1.1268182104727e-05,0.000132987059555012,0.000157844466405731,-5.50093229816113e-07,9.79579537953223e-07,-0.000300748479736567,6.83078879414651e-07,-3.14079199097378e-07,-2.17193783793552e-07,-6.16890516699775e-06,1.97933284441453e-08,7.05792954896034e-08,-3.85963834549275e-08,-8.74784293777181e-06,2.0407888239554e-06,-2.30555479841639e-05,2.76081038257599e-06,-0.000810591081949657,4.0762125526629e-06,-6.97800275317384e-06,0.00015695724053987,-1.76543478426421e-05,5.33168500175462e-05,-0.000802141803959516,0.000135689856504347,-2.14471790327649e-07,0.250966232667888,1.65060683506857e-05,-0.000153356716390197,2.36709581592901e-06,-0.000143573930832625,4.82274501646038e-05,-0.0021073605141619,-4.74427935662036e-05,5.44799787584355e-06,-0.000175943211697865,9.34287336765177e-05,-6.60593818999137e-06,0.00015486766074512,-9.85488488778261e-07,3.57156093177173e-05,-9.91503990305021e-05,4.02418592090704e-05,-4.34776785018565e-05,0.00792758277363693,-1.26836942437868e-05,-0.00137886650603168,0.000686723890209943,3.09647454781381e-06,-0.0857272614301831,-8.3875707150737e-05,8.68156172967755e-05,7.87119827950074e-05,-1.67348059042763e-05,-0.000237211265121833,2.22537484699154e-05,0.000134071492302174,-9.59307293314774e-06,-0.00217092107074944,0.0014852197948157,3.11697323416902e-05,1.33785352251857e-05,-0.0209750567849521,-2.48869137826924e-05,-0.00997242376000153,1.85276634090129e-06,-4.08275118196532e-05,-3.38985046045122e-09,-5.26099846318758e-06,1.19169807515395e-07,3.88603188285219e-08,8.32080282563497e-08,4.07046211972045e-08,-8.93979378212425e-10,1.0342799980925e-09,-4.91321119984886e-09,5.00079473342662e-08,-2.36014255380843e-08,2.81607482093328e-07,-1.47537335824041e-06,4.01791794647202e-07,-2.45111174085234e-07,2.90134315873302e-06,2.83120801252754e-07,7.60904769942785e-07,-1.70009837977941e-06,1.9935935253418e-06,-8.19876938877977e-09,3.56029365618768e-07,-5.55899893520482e-07,6.95748164480065e-07,-8.50889774773126e-07,2.50094550672225e-06,-1.37316060178265e-05,5.14451139180297e-06,-2.84944329465829e-05,-9.86893956879442e-05,0.0264220495091738,6.15570661650438e-05,-0.000454718273983312,4.61552643356391e-07,-1.59505278870882e-07,-5.13426974717404e-06,7.07679484986757e-08,7.58871081414374e-08,-1.70002760680722e-07,-4.46787766624165e-08,2.34705227477488e-07,1.42680757066337e-07,-1.33628325296516e-09,-1.08474283046234e-06,4.33313979696421e-07,-1.26296414261704e-06,-9.08912297876004e-08,-3.95997044338559e-06,1.46927985167683e-06,4.63262619145453e-06,0.00276402968814498,-4.94179447207644e-09,-2.90002655602517e-07,4.62948745020886e-08,3.05945899548825e-09,-1.05655063454431e-08,-4.56461363173115e-05,-3.0653372732753e-08,-5.27513795546665e-06,2.53630332159466e-07,-7.43281548772683e-08,-6.43199746951257e-09,9.59952289889632e-08,-4.65631520660561e-06,-2.01967432520965e-08,-6.60407126955784e-09,-2.95989846083918e-06,5.65583832058061e-08,-2.74877866881641e-08,-3.56127324468834e-06,3.5675711991339e-07,-1.05008788234413e-06,3.87948744962192e-08,5.77515647243764e-10,2.76119948591184e-08,1.40231503569256e-08,1.68244393192479e-07,5.15523030840197e-08,-0.000155090230332551,-7.38225024538765e-09,-2.02209049032875e-07,-4.93426696730563e-09,-2.03093039966437e-08,2.55637546558488e-07,3.22154361677399e-07,5.65526365520991e-05,-2.97230253653225e-06,-1.13397695378627e-05,2.99799357600256e-07,1.02909989378499e-08,4.20630099071865e-08,9.2812883509395e-08,1.98776920670002e-06,-8.36127475150083e-07,-3.88214376482114e-06,0.000246823903038506,1.26090751438061e-07,-3.63685281331294e-07,-1.70210943268827e-06,-2.84692567542338e-08,-4.77216926088576e-07,1.88772277646568e-06,5.25115971780911e-06,0.353074694362855,6.73175422372248e-06,3.94242718457157e-07,3.80688805032475e-07,5.01456164692609e-05,-6.99207844847566e-09,-7.49012993704946e-06,-1.63817124461643e-06,-7.38318576319199e-05,1.27572492892581e-06,0.00250371667684284,-3.91815480345476e-06,-1.87197636793948e-07,-1.82370686475536e-05,4.09266171450737e-05,-0.000102315257604166,-1.61518449245241e-06,-8.56984231551458e-06,-1.1627539354296e-06,1.30497263510738e-05,1.43142258068218e-07,-2.60404708640992e-07,-1.30103914645591e-06,-7.1170471464292e-06,7.62043305013501e-05,2.22921078610665e-06,7.34288089284027e-06,-1.94011058442854e-06,-1.00019644899592e-06,-1.05743872403638e-05,-7.69179026822477e-07,-1.25284209829946e-06,-1.04770387213244e-06,2.97096129786468e-05,4.79746944818334e-06,3.83082297166692e-07,6.4634222590228e-07,-3.74308565467349e-08,-5.04983826114767e-06,-3.82049732283482e-06,-2.28844044544559e-16,-9.74514228547465e-07,0.00175636730262032,-1.46340595916321e-06,-4.72739410854074e-05,-8.2872007938492e-06,7.83203219643341e-05,-1.07310047632828e-05,0.0892793417076375,1.9244564519656e-06,-2.11915092802974e-08,2.13055564328648e-05,-1.81496234080503e-05,4.77428485636429e-07,-6.1164008411102e-05,2.08487310482759e-06,0.0104378967751809,7.13676113503784e-07,-7.2656518129353e-07,5.18580263469082e-07,-5.68288741112189e-05,-1.90279084356468e-07,3.29246255328436e-08,-6.16656424262454e-07,1.13798754784807e-07,-1.18725927158771e-05,5.51926009483953e-06,-4.98043525563429e-08,1.67584650253549e-08,-1.53330765838312e-08,-1.07832606133558e-06,2.44630514284525e-06,-1.49853502251167e-08,-5.83677566670645e-09,1.1656242971727e-08,-9.94305300524859e-07,5.81656146179568e-05,-1.33731756893845e-07,1.81318727458492e-06,-9.65907130300263e-06,8.1149857490438e-08,-1.51007808929886e-07,5.13192516950815e-08,-2.62718327923789e-08,1.49333185224091e-16,5.18559063073262e-08,1.72133096054344e-09,1.43777757704718e-11,9.30838390084229e-08,-1.20931440551021e-09,6.2582424056793e-10,1.01389630536713e-07,2.34689013603868e-09,-3.27448880182392e-09,9.15754242853016e-09,6.82891373500144e-10,-1.3952890081745e-09,1.96294561191031e-08,-2.50795778033948e-08,6.53218622429071e-07,-2.08347460612829e-08,1.01631250606143e-05,1.12208292020174e-09,6.31087267098392e-09,6.66761531849954e-08,-6.41275795270463e-07,1.53542494280565e-08,-5.98773892355462e-08,8.21945032357306e-08,-2.99971693113088e-07,1.97234583604065e-08,1.78683516620574e-08,1.36920445073163e-07,-2.31118286087344e-07,-1.8760787478732e-08,1.54477442253502e-07,-1.01965537963636e-07,2.52917632230806e-09,2.36660348700197e-08,-4.64685691288936e-08,-2.14106845181533e-16,1.46616195525617e-10,6.19726115296553e-07,-4.68054772668472e-06,4.087031336559e-08,3.68140059284998e-08,1.08252546232731e-08,2.51817379922335e-08,-3.69206327497048e-07,1.37636831193637e-07,4.74300220601571e-16,-1.05815740177626e-07,-1.29007060834318e-09,-3.60665027898269e-09,1.19973943262148e-07,2.70759128288254e-08,-1.82471581239183e-09,-6.95879457119419e-08,1.85050639952779e-08,-6.08750394215982e-07,1.143200017988e-07,-2.30855588477574e-08,-4.15952689935468e-08,-2.19414043481239e-09,-1.7675020250608e-07,-4.11251319613675e-08,1.71799623857634e-07,-4.43470120922081e-08,-2.23758983686534e-16,-6.64811513492528e-06,2.61622254285349e-06,1.83069713643329e-09,1.28671134269292e-07,-7.94588284870533e-08,-1.59235959175856e-07,5.53877144096078e-07,-2.0064337076047e-06,-1.37911013207896e-08,3.00600216088389e-16,-2.51020197038907e-08,-6.91706462694111e-08,-3.1013173469045e-08,1.77994467522114e-16,5.73770818550496e-08,7.44667787095341e-07,-1.13277581561874e-07,-4.61617383890924e-08,-1.52530666823911e-08,-8.10459471948521e-09,-2.88230746489774e-07,7.91103059842275e-09,8.3918912301468e-08,2.42917576009617e-08,1.69738400285035e-08,1.28037194153425e-06,6.10578893745035e-17,-0.000275570311550535,2.3606319992625e-08,1.71766946694317e-07,-1.72151142958487e-08,2.05681364933661e-16,-1.55557342824613e-08,1.46712105525979e-06,-5.85329894217595e-09,-5.04567386676808e-09,-1.22717970091466e-08,6.30100811075128e-07,-1.3509960875474e-07,9.10984697008395e-09,4.2700318286913e-16,-6.55792037086835e-09,5.17843335223495e-07,-6.98481814528013e-08,-3.88105778637045e-08,4.06946558639194e-09,3.04567866349809e-11,-1.93595139919012e-15,9.41228189687348e-17,4.81433571949453e-11,4.84861662515833e-06,-3.45289990604197e-05,1.46929090641732e-08,-1.02443977466227e-16,1.08423210110499e-08,1.52320150905554e-10,3.11297555469492e-15,7.65017194392684e-17,1.01811325285768e-15,-5.34363189114501e-08,-1.67719194107133e-07,3.00747583857796e-07,-2.13900382451458e-07,-1.09017156074847e-07,-2.75903175132538e-07,8.54450571527663e-07,9.86599358199539e-16,3.00626098473738e-07,-1.33141751186574e-06,5.35630804629398e-15,-7.52701379299841e-15,2.09996295170921e-06,2.94062607054366e-10,0.518324672662078,2.82600212224592e-06,9.74437931444126e-06,-6.36192881927582e-08,-3.23912254544825e-12,-1.91791980081076e-07,5.62635105862281e-15,-5.16753719982649e-07,-1.11325879070812e-15,-0.00317233452648886,-5.30122200294637e-15,5.08379452847152e-07,8.91299139708783e-07,3.15327795382642e-08,3.96058754955814e-07,1.34046129125968e-06,-0.00057443765588789,8.49875881593165e-07,3.80956176334574e-08,1.85168719838489e-07,1.66431502278344e-08,0.000976685338144498,-6.41038774716579e-07,-1.53131239678039e-07,-1.25426034893168e-08,-0.00111490100886124,-8.96391091690134e-16,2.43311056729958e-06,-4.07720512856019e-07,3.68591643901908e-08,-5.60714387763089e-16,4.77016243785448e-09,1.25249540093568e-07,4.42411025680969e-07,-8.07591586267972e-16,-7.40149385764442e-07,-5.52852057056391e-08,7.06333418440433e-16,-7.22539081364933e-08,7.90729657805117e-06,-4.78398557061828e-16,-1.70616365297569e-15,-3.78583419146775e-08,-2.9235534957139e-08,-1.65341246335679e-10,-2.27444839074892e-07,5.92869537324075e-08,1.20793935471643e-07,1.67371117712651e-08,2.00116183520935e-07,-3.33682085584574e-07,1.24553145575135e-15,4.74176514388659e-09,4.70306049760013e-10,1.29333425966753e-09,1.20531346879008e-07,3.81060583719405e-17,-2.36415277484559e-16,3.94254763475693e-08,-3.25790306746145e-16,2.41342021376463e-16,2.40078875032467e-07,-2.66707331551763e-07,-3.45180736352087e-07,-2.84595598294345e-09,8.6228394294153e-06,1.89181011904872e-07,8.48108235340038e-09,-5.15768387961427e-17,2.0262952469675e-08,9.43337457098658e-10,4.32398541868029e-09,-3.0124701726599e-07,1.17593196505324e-06,-2.05805248125629e-15,2.60018172501407e-16,2.12115775692914e-16,-1.45781481060726e-08,-4.83151669477234e-08,-4.04788064326164e-08,-3.64327848839368e-16,-3.68206492098221e-08,-2.44410122137283e-15,-3.46630254778421e-16,8.48324994934984e-07,-1.86217371858773e-08,-1.45369827286856e-15,-4.55894613689053e-08,-1.62975572044273e-07,2.50859176849582e-13,6.9819283300975e-08,2.88803171378976e-16,1.85252739921361e-08,8.09143363913693e-17,1.84725671821696e-08,1.5983471322999e-07,4.01576027224279e-08,5.43830718772022e-09,3.72839402068512e-08,-1.02275812152426e-05,5.07729257979357e-08,-2.18726774039123e-16,2.97337622909876e-06,-1.29268703592192e-07,4.88155377877265e-16,-6.39924640306118e-05,-4.98053731327936e-08,6.02236557724389e-07,-1.06669778900745e-16,3.68769119164099e-08,3.37906033148891e-07,-7.53763442906697e-16,-1.2150312815989e-07,-2.6857546134249e-08,-9.6791710183961e-09,8.48109628220022e-16,1.86799168473194e-15,2.47996188060432e-08,7.57626487490521e-09,6.12680926870309e-10,-8.7698453041759e-08,4.44381206194263e-09,-4.35627229317867e-16,-1.9581260295577e-16,1.6210407336096e-08,1.11726641613104e-10,-5.9384831242146e-16,3.91219782018369e-08,-1.1860975989054e-15,1.40141067334444e-07,-7.4670829446194e-09,-4.36251648851565e-09,-2.89109186118227e-08,-6.30284870359876e-16,2.10643090744238e-16,1.14507376050019e-15,3.49698196577258e-16,-1.60560665620764e-08,-4.16885591626732e-07,-5.07438991562426e-16,-2.93188966628035e-15,-1.08672009624886e-17,7.83323606796137e-08,5.2690590208644e-09,-3.87397608830718e-08,3.8167378069593e-18,-6.76184368914035e-15,1.23631573728522e-14,-2.40165186447194e-07,5.0970437150195e-08,-4.37194169854379e-16,6.69794885600809e-08,-2.34359423177677e-07,-1.06251873484056e-15,2.60421623131448e-16,-2.34572158717615e-08,-2.4041299186553e-10,-1.16570514600433e-08,1.13473421108607e-16,1.32009428906268e-08,1.93170882664657e-08,2.09111374265776e-08,-1.94186497485266e-08,-6.96516406191997e-08,4.51275812697779e-08,4.90367797876292e-16,2.74698244336922e-14,6.21988460066891e-16,0.0119210828123428,6.95809337530584e-07,-3.63192050834674e-10,-3.23675583101191e-09,-0.707106781186549,-1.23771051423263e-14,-2.48800390642674e-14,1.37656096442435e-14,-6.23519201386519e-14,1.1653602644582e-07,5.71815973278414e-15,9.04699902644659e-16,-2.7642981089579e-09,-3.4658735690629e-15,-2.47602481689129e-09,-2.01205365944806e-14,-3.07279996572059e-09,8.72846593379451e-15,-3.77709082291488e-09,-4.73991710155745e-10,-2.24316554802884e-06,2.21163390007852e-16,1.53057820304232e-08,-6.92118807060502e-16,2.18479863092419e-08,-2.67160670042217e-07,2.13679071488207e-10,1.35742687894623e-15,3.12189883290147e-08,-8.05805610337005e-16,-7.68746313163686e-09,-4.33945677891753e-08,-2.75522070203537e-15,1.15862318062511e-15,-1.32316835072664e-15,-9.1843686235625e-16,-1.45868470987401e-10,-1.90012299007553e-09,-4.2446360183345e-10,-2.71818965378549e-16,-3.79485071305376e-17,-3.14705894162173e-08,9.25174251854323e-06,2.2420912215766e-15,-1.5686233612445e-15,-1.93893991351719e-09,-3.21527240133375e-16,-1.3749393832612e-08,4.64442247647256e-15,1.30140572398077e-07,-4.02617797725604e-16,-4.43765417798221e-17,1.71980614550692e-16,9.85045661100498e-16,1.16251983030208e-16,-1.51359140722074e-15,0.00149881397705933,-0.000133129302990216,7.6694672298041e-16,-1.13073201413314e-08,4.32547906784106e-08,9.78516351468103e-16,5.03726677279246e-16,-9.54030349215172e-17,-5.20550558948771e-16,4.29634384345133e-09,6.87534475110327e-10,-1.35478791641588e-15,-5.35239869020995e-15,-7.81172668210408e-09,-2.7867706352978e-08,-2.91708421439743e-09,-4.27291071971296e-16,-5.65689658163105e-16,2.11130781803465e-16,2.99483025175291e-16,8.6037016849104e-16,1.21304567518985e-15,1.64888644799818e-08,-1.55961066087333e-08,-2.99896628150131e-09,-6.68183991073386e-16,-1.51024521709455e-16,-2.00160732518501e-15,1.23432985882312e-16,-2.26733324294503e-16,-2.15995990136735e-15,1.08399930436044e-15,-3.40500275702917e-16,-3.21553953926739e-16,3.68407255413479e-16,-4.00043358387115e-16,-1.80862695722013e-16,1.44028249433912e-16,8.8539658777101e-17,8.48562432924799e-08,7.29677188713479e-18,-1.34918253583129e-15,-2.43881368836782e-16,1.61242568167542e-07,-2.82491222113513e-10,8.08150720767287e-17,-0.00043645962064311,1.46668390946218e-07,-2.87328801396325e-16,-3.45991258070405e-16,-4.09364386486946e-08,5.71957590820454e-16,3.61019780216315e-09,-2.45891047214012e-16,3.71324678575417e-16,1.57354171721021e-16,-4.56397040721413e-17,5.10921263654275e-10,-7.01562917906048e-08,-8.50515180313214e-16,1.69802702300131e-16,-3.65549413297568e-16,-2.59807934123541e-15,-1.34896434300646e-15,-1.36218216243585e-16,3.69897227939911e-16,1.2091071847031e-16,4.33591333705591e-08,-2.3131415291753e-16,4.6727592881495e-16,-1.14261524421254e-16,2.81556159627433e-16,-9.78110181370877e-18,1.98794545087085e-15,-1.65884315467364e-08,4.82824964230521e-17,-1.06681394318255e-16,1.23660968070938e-08,-1.20443502449196e-16,7.96881988573393e-16,1.39663482667716e-16,-5.01672783498289e-16,7.10815528157954e-08,-2.9226087635374e-17,-7.59676664892983e-09,4.30639857765723e-16,-5.64840467834853e-17,1.48860100274717e-15,-1.68840602035505e-15,7.46553770787103e-17,-3.63470263730303e-16,2.74360455966378e-10,-4.43829165577209e-17,5.14032096318542e-16,3.65480968514299e-05,-3.40972967091433e-08,-4.07179137367235e-17,2.39611847647199e-08,3.50913252840317e-09,-2.90340556388394e-16,-5.57419495860769e-16,-1.21270953574925e-16,8.96552469980009e-17,-1.01642088522913e-16,-5.88386609281832e-09,-1.7000856005271e-16,-1.22924867665188e-15,-6.69652687193589e-16,2.35450577121548e-09,8.68560665744143e-16,-4.92173649506664e-17,1.56555959012186e-16,3.4578090686541e-16,-1.07207112584914e-09,-3.60153759798744e-16,2.2257582373794e-09,1.2040799631386e-16,-3.10221425060631e-17,-6.66923960713953e-16,-1.19675684348904e-16,1.63095578360209e-16,1.93976310524205e-16,7.63854721976088e-17,-4.99160874287991e-08,-9.04969053173396e-16,-1.00494687703499e-15,1.62114753154298e-08,-7.47142281979799e-17,1.26849252933442e-16,1.19132291683621e-17,-7.09513538112877e-17,1.61099322538239e-16,-4.55246503431534e-16,-1.70162073561071e-08,-5.54024755260286e-19,-5.71877376440993e-16,3.49502081579112e-08,1.55943845178508e-16,-7.46142574427569e-16,1.96163803697783e-16,1.53890900181555e-16,-4.87334447593789e-17,3.22693873383778e-16,4.90475146193356e-16,1.79241539523124e-16,3.66129351521003e-17,1.82590107277204e-16,3.25058729979407e-18,-1.83103633736551e-08,7.8558950028177e-08,5.22827724627329e-16,1.0237502316373e-16,-1.05450335854557e-16,4.89104563520256e-16,1.67010502649667e-15,3.02716922790872e-16,1.42815883005179e-16,-7.7057034047478e-17,-7.61908109285567e-10,-2.03083951759495e-16,2.20421525891215e-16,-6.35322326894851e-17,-6.39626939896253e-16,9.75020951243222e-10,-9.79276634152045e-16,-3.58542917032157e-06,-1.20719548955222e-16,-8.30936899722584e-17,3.66149602336441e-16,2.59886127929002e-16,-1.82992868677158e-17,4.02224109590842e-16,4.93537828690598e-16,1.98522806562544e-17,1.06368992129243e-16,-1.10188871137234e-16,2.2846974660006e-16,3.37391902313821e-16,2.51671138718955e-16,-1.5978036020034e-17,-2.61532470721874e-16,1.64365379359399e-17,-3.63424642271546e-17,2.70575467390382e-16,1.34395137257708e-16,1.93184644500202e-16,-1.9298798670242e-16,1.97502966751061e-16,-2.32266733109777e-15,2.42270243833258e-16,1.46926567114768e-16,7.33685598718084e-11,4.18190589923089e-16,6.69349778557095e-17,-1.09111235715917e-16,-2.74480453753034e-16,-4.1631022815194e-16,4.29014354756042e-17,3.02262133364111e-16,-2.60091011697706e-16,-9.87772428850238e-18,4.44297533878552e-16,-4.69676381120721e-16,-1.84796921078815e-16,-1.04667208578017e-18,6.11520241470347e-17,-5.18962145148321e-17,-8.32276981723395e-17,-1.84631384695258e-16,-9.43231543517826e-10,-1.08668315996095e-16,2.39014128486632e-16,-2.40384581860388e-17,1.01845130448596e-16,-7.3910084757209e-16,2.22244972121635e-16,2.75323415761367e-16,1.5132795989868e-17,-1.11682536515118e-18,1.99645984986116e-10,2.65846290058064e-16,-7.11701028895241e-17,-8.84758584386388e-17,-2.24193505404658e-16,1.32872959801968e-16,-3.09297506262185e-16,-9.60337930223807e-17,6.55582213930743e-17,-1.74666658855516e-16,-8.88305101627084e-17,4.02929404397484e-17,-6.04375098213953e-17,8.6292241556433e-17,1.00631382091746e-09,-8.16935680531627e-17,-2.22918064239687e-16,-1.11743824951142e-16,-2.03830008427275e-17,-3.02775630179183e-09,9.01271499952926e-17,-2.67794681172215e-18,-7.83197599758151e-17,-2.98569638956164e-16,3.21136172181693e-16,-3.36880748826563e-16,2.27462657129852e-16,1.40500078762989e-16,2.33882530385116e-16,-3.7876846784027e-16,1.18395155975914e-16,2.04582799219542e-16,-6.02529382084957e-17,1.78843747999982e-16,-2.45114330480412e-17,1.14024311890311e-16,-2.23872521425624e-16
"t817",-0.0444524071606717,0.0415830692997434,-0.0684765523576153,0.0338204011137889,0.0102027503200752,-0.00541818425406223,0.0360020346551634,-0.0828581811315807,4.97790495007916e-05,-0.000299112681909544,-0.000173782730882235,0.00981605158282696,-0.0162543161972985,0.00235286959504905,-0.000575559749450387,-0.0820139280870202,0.00185837146933939,-0.00379386036361545,0.000252574276310386,-8.73794575523834e-05,0.00720465558064219,0.0275036807403352,4.26147741775518e-05,-0.00024807537301632,3.6030300304064e-05,-1.19306339842712e-05,1.32155340274841e-05,-1.13346403726694e-05,0.000133792408484395,0.000158972989961422,-5.54286887660067e-07,9.87386725262974e-07,-0.00030331827102477,6.89192001439236e-07,-3.17033371555404e-07,-2.19399681724663e-07,-6.23235246833686e-06,2.00001342819049e-08,7.13217348430654e-08,-3.90084223693041e-08,-8.84391208466593e-06,2.06374344285668e-06,-2.33187371328632e-05,2.79236463876436e-06,-0.000820017107353179,4.12663680584007e-06,-7.06592077622062e-06,0.000158951753497668,-1.78840522475434e-05,5.40282023818065e-05,-0.000813200184118056,0.000137588743304708,-2.17479728896323e-07,0.254551427381175,1.6750351978454e-05,-0.000155638323944327,2.40567951350443e-06,-0.000145970689037827,4.90348057847825e-05,-0.00214469264089843,-4.83185800904041e-05,5.55058929174304e-06,-0.000179309542193075,9.52234295363305e-05,-6.7365789578052e-06,0.000158009680195842,-1.00660425059703e-06,3.64992779590469e-05,-0.00010134966400166,4.11518726790584e-05,-4.45610452422741e-05,0.0081392135473503,-1.30257861022275e-05,-0.00141684235345924,0.000705686411617862,3.18274373587406e-06,-0.0881241145035965,-8.62614899538003e-05,8.93807815594365e-05,8.10729564869415e-05,-1.72496148835083e-05,-0.000244548123356671,2.29693004484408e-05,0.000138432182800129,-9.92042114661825e-06,-0.0022459526988307,0.00153721258311012,3.22631336000049e-05,1.38480922057678e-05,-0.0217122282726265,-2.57657960058587e-05,-0.0103406737116481,1.92145830291347e-06,-4.23821618898593e-05,-3.52482475916189e-09,-5.47186199680917e-06,1.23947661366547e-07,4.04443865079313e-08,8.66206064690222e-08,4.241249072046e-08,-9.32179855011798e-10,1.07854711187588e-09,-5.12387732093598e-09,5.23283258699816e-08,-2.47028309571622e-08,2.94807825284075e-07,-1.54507829841064e-06,4.20816330213962e-07,-2.56762026346709e-07,3.04006036912999e-06,2.96682904883473e-07,7.97764773047438e-07,-1.7825648873959e-06,2.09313965875382e-06,-8.61066150098216e-09,3.74154227063819e-07,-5.8436728161358e-07,7.31954215609096e-07,-8.95850433195902e-07,2.63460998149626e-06,-1.44702348660037e-05,5.42738077952047e-06,-3.00832851868065e-05,-0.00010419526024155,0.0278990837400936,6.50474348546187e-05,-0.000480531710182168,4.88072675194143e-07,-1.68986683149251e-07,-5.43957809075358e-06,7.49876173263065e-08,8.05137864410218e-08,-1.80412301507297e-07,-4.7423070228833e-08,2.49305615836924e-07,1.51572105058585e-07,-1.42178401963049e-09,-1.1556148007243e-06,4.62429158291956e-07,-1.34789158078068e-06,-9.70321985154286e-08,-4.22816703770629e-06,1.56917523018621e-06,4.9480602583954e-06,0.00295223531919596,-5.28184545880163e-09,-3.10376161623829e-07,4.96154989105277e-08,3.28003648098936e-09,-1.13358671196577e-08,-4.89772938012697e-05,-3.28999564953577e-08,-5.66272232932195e-06,2.7231861281307e-07,-7.99483365918919e-08,-6.92033515537662e-09,1.0330460735209e-07,-5.03436624669975e-06,-2.18616679487614e-08,-7.14974496997897e-09,-3.20760615427639e-06,6.13039760041117e-08,-2.98318534685489e-08,-3.86556199140409e-06,3.87720237067004e-07,-1.1425996137954e-06,4.23613927588949e-08,6.30687056603778e-10,3.01551750097642e-08,1.53221557550935e-08,1.83933768563041e-07,5.63643508070073e-08,-0.000169758155868258,-8.08330849869954e-09,-2.21582175730879e-07,-5.40803014419528e-09,-2.2261459536811e-08,2.80714402688702e-07,3.54419250399587e-07,6.22367402391807e-05,-3.27206038984401e-06,-1.24948369375007e-05,3.30453866709106e-07,1.13471937284052e-08,4.6395272078445e-08,1.02485206516875e-07,2.19552375541228e-06,-9.25722213213465e-07,-4.29847367669295e-06,0.000273513666026311,1.40036905256066e-07,-4.04664612927406e-07,-1.89512664876595e-06,-3.17283225948098e-08,-5.32232604715751e-07,2.10991863851149e-06,5.87202638587513e-06,0.395216588122727,7.53903280834492e-06,4.43252926722033e-07,4.28093557260217e-07,5.64845734703519e-05,-7.88903027049038e-09,-8.4850424647487e-06,-1.85580387220843e-06,-8.3671792977088e-05,1.44740698522541e-06,0.00284292926605117,-4.45850407551449e-06,-2.13582149300424e-07,-2.08525051811077e-05,4.68274290242317e-05,-0.000117424290067409,-1.85686644918288e-06,-9.85260262455745e-06,-1.33858638286988e-06,1.50745826613753e-05,1.65462343580725e-07,-3.02082271640894e-07,-1.5130295195451e-06,-8.28386370783061e-06,8.9017495325718e-05,2.60628454366071e-06,8.59309062990242e-06,-2.27706496305817e-06,-1.17460427766256e-06,-1.24200874144128e-05,-9.06360004999644e-07,-1.47921093160435e-06,-1.23975816842152e-06,3.51913352667259e-05,5.68864361370441e-06,4.54693825919688e-07,7.67382166318245e-07,-4.45568166489257e-08,-6.02108886315042e-06,-4.56347176454695e-06,-7.02094805555423e-16,-1.16704819022039e-06,0.00210446726031861,-1.75981656521821e-06,-5.70102475635481e-05,-1.0017534254746e-05,9.46867139524769e-05,-1.30309659704874e-05,0.108495882396628,2.33948821691565e-06,-2.58045812629736e-08,2.59727841014415e-05,-2.21714757220503e-05,5.83763809722494e-07,-7.48153929500218e-05,2.55557136986301e-06,0.0129099161480573,8.85573337605855e-07,-9.04040923043201e-07,6.49169591408685e-07,-7.11705851023224e-05,-2.39329805687361e-07,4.15135288831525e-08,-7.80269999264197e-07,1.44156637198998e-07,-1.50578880285613e-05,7.01174601373027e-06,-6.34303349376993e-08,2.13495280903066e-08,-1.96600417563399e-08,-1.38283448452338e-06,3.13764435872372e-06,-1.92544991435008e-08,-7.50459203019355e-09,1.50188249716617e-08,-1.28165052790663e-06,7.59694928028183e-05,-1.74925991645238e-07,2.37453024196317e-06,-1.2684152907866e-05,1.06800935709175e-07,-1.99748896902882e-07,6.79847761862547e-08,-3.4844602034741e-08,4.37963335048543e-17,6.90598830984879e-08,2.29365708157212e-09,1.919245278963e-11,1.24784960817101e-07,-1.62718805184749e-09,8.43572595960981e-10,1.36787752314102e-07,3.20327358371529e-09,-4.47277761842195e-09,1.25113057437613e-08,9.36274239678948e-10,-1.93264946112419e-09,2.72383614358248e-08,-3.48450104722666e-08,9.11385450783309e-07,-2.95548658323225e-08,1.45213419324962e-05,1.60394663953179e-09,9.02213779283309e-09,9.71182845748646e-08,-9.55848171779922e-07,2.29564132106703e-08,-8.99311078511862e-08,1.241424984661e-07,-4.53850447607454e-07,3.02886085156503e-08,2.7471314085259e-08,2.10951311864655e-07,-3.5659892091683e-07,-2.9086546825934e-08,2.40801451802131e-07,-1.59756295559311e-07,3.97154246397487e-09,3.73056794673039e-08,-7.38634895657352e-08,3.15387276987841e-16,2.46313626873369e-10,1.04739237021889e-06,-7.98314100427166e-06,6.9727466574165e-08,6.28252957640023e-08,1.85160100840415e-08,4.3258666244718e-08,-6.37553462409451e-07,2.40249168918257e-07,-6.79041985716845e-16,-1.89538508773163e-07,-2.31848552401908e-09,-6.52869043092406e-09,2.17363213690791e-07,4.9966354919418e-08,-3.40291443725456e-09,-1.317732064879e-07,3.54230084400581e-08,-1.19399229188702e-06,2.29573243536547e-07,-4.70928494224265e-08,-8.56248089243991e-08,-4.54262805513337e-09,-3.6974200927917e-07,-8.61286775779596e-08,3.62507227969895e-07,-9.41284221002381e-08,1.70159682585957e-17,-1.47812822259533e-05,5.87643364775544e-06,4.11244609273299e-09,2.97882374736877e-07,-1.8482058167812e-07,-3.93756381408582e-07,1.3955826177973e-06,-5.07470118898224e-06,-3.53925618983867e-08,-2.0480403268941e-18,-6.55315210297143e-08,-1.81755902092971e-07,-8.35539641975517e-08,5.84332281050945e-17,1.59024618459567e-07,2.07816473446213e-06,-3.17267770364106e-07,-1.3026487637954e-07,-4.35981867456693e-08,-2.33939383846738e-08,-8.38485553036234e-07,2.3565450994987e-08,2.5069734668951e-07,7.38072661408969e-08,5.31940595268409e-08,4.01905323153115e-06,9.8454866123677e-17,-0.000923688326219197,8.00920871576891e-08,5.99054041419398e-07,-6.27480306937581e-08,-1.95481437331365e-16,-6.30513059539177e-08,6.85530071557186e-06,-2.94583733775322e-08,-2.63584408515768e-08,-6.72087958835201e-08,3.7989261565984e-06,-9.80858325614799e-07,1.45678346691132e-07,1.83961642293221e-16,5.73454382619848e-07,-2.83653273429646e-05,2.1358749876754e-06,7.29249446995594e-07,-7.42357083732341e-08,-5.01501270146451e-10,2.21350715534641e-15,-7.1235071286776e-17,-5.03017912898351e-10,-3.803158600904e-05,0.000262501049208646,-9.10761018595603e-08,2.51967839424608e-16,-4.70045919473891e-08,-5.78220531758178e-10,-2.92491521031318e-15,-4.78926377805377e-17,-1.25970947206755e-15,1.42531728918338e-07,4.29846036984561e-07,-6.75892391553739e-07,4.32947520268743e-07,2.18044858745547e-07,4.96593120984427e-07,-1.51979628300609e-06,-1.08447476720374e-15,-4.38125636203345e-07,1.81488939474867e-06,-4.99487805079843e-15,7.82351473499417e-15,-2.22899342115236e-06,-2.9448404552025e-10,-0.480554964485724,-2.48926583196914e-06,-7.78687994880573e-06,5.00491953340027e-08,2.53153411314132e-12,1.47689532851826e-07,-5.11585508674858e-15,3.74195860192698e-07,2.15040658890775e-15,0.00219553875112495,4.47846613400917e-15,-3.32153212101711e-07,-5.75587992846027e-07,-1.74371323511763e-08,-2.11823151525186e-07,-7.06954463120748e-07,0.000284960496881417,-3.99550823985875e-07,-1.57707949431884e-08,-7.65681637688642e-08,-6.6125144323506e-09,-0.000360228839787524,2.13402156521077e-07,4.6623854165913e-08,3.55140531895585e-09,0.000304342106677693,7.72167264020037e-16,-5.90613713531206e-07,8.7785375368376e-08,-5.35871779021652e-09,5.04779126217374e-16,-6.05909943992789e-10,-1.26143844785212e-08,-3.9802110754683e-08,-1.20753059495952e-16,6.25732628981084e-08,3.52147359265887e-09,-5.78216831312207e-16,3.88827579625635e-09,7.20582630504607e-09,5.62165401537594e-16,5.70585618946121e-16,-7.71059762466622e-10,-6.45082694920023e-10,-4.94582495571332e-12,-8.85457803120277e-09,3.47000758910315e-09,7.26862045304243e-09,1.04586307468588e-09,1.73610574160714e-08,-3.51627186805602e-08,-1.01784899952939e-15,5.31848720021125e-10,5.32927580045972e-11,1.51745736597483e-10,1.47162945507762e-08,1.80509543133477e-16,-1.7479582442499e-16,5.06682971788296e-09,6.93586467001158e-16,8.27395195586748e-17,3.99175513910494e-08,-4.59727266106387e-08,-5.95431095820432e-08,-5.27762829629874e-10,1.61381585738733e-06,3.54754597014746e-08,1.6103050065595e-09,3.7077946273123e-16,4.33282820545493e-09,2.06323682405086e-10,9.52638276714048e-10,-6.8730395882959e-08,2.84551439330687e-07,1.34639062897632e-15,-1.13603698031514e-16,5.85296457897893e-16,-3.80324191179026e-09,-1.29833583401412e-08,-1.09013637365072e-08,1.27060935841038e-15,-1.01874539977203e-08,-1.94786923148973e-16,-1.24831330157499e-16,2.60551561604663e-07,-5.72618366845878e-09,1.64365049348802e-15,-1.43389041451514e-08,-5.19140135379811e-08,8.28319579375444e-14,2.28026079666339e-08,2.38964651682496e-17,6.22495152004443e-09,-9.65842294770652e-17,6.22263038422971e-09,5.39445183617015e-08,1.35824212474447e-08,1.84487169791133e-09,1.27322144870114e-08,-3.57788689940488e-06,1.83338090970127e-08,6.70628424071704e-17,1.11370147350731e-06,-4.8599821117534e-08,-1.18645827417429e-16,-2.41773698192206e-05,-1.89841918034723e-08,2.31353142764005e-07,2.8442692756867e-17,1.45342144009198e-08,1.33832065811196e-07,7.82994434504047e-18,-4.84330701098823e-08,-1.07394390439868e-08,-3.91489067740022e-09,-8.63378758495458e-16,5.83401259790975e-16,1.02934207483903e-08,3.17797818561381e-09,2.57545235571307e-10,-3.84761371047124e-08,1.96243488695173e-09,2.60044078192032e-16,4.54743493976463e-16,7.19060534040664e-09,4.95866324209591e-11,-1.54964107130998e-16,1.74919930504834e-08,-5.8360755631487e-17,6.30988392112231e-08,-3.39377657489458e-09,-1.98406043871494e-09,-1.3182508259178e-08,9.89982390602624e-17,7.4286772363447e-17,6.6587144193101e-17,5.57230845169331e-17,-7.48687775068086e-09,-1.94738103637977e-07,-4.17247116540152e-16,1.02145583560934e-15,-4.63211522285578e-17,3.68245769888829e-08,2.48377121325992e-09,-1.83950899641622e-08,-2.3866301266566e-16,4.65556412865276e-16,-5.83842869883444e-16,-1.16777374370475e-07,2.48033161925907e-08,-1.26185934535183e-16,3.28824784989815e-08,-1.15458050700741e-07,-9.13554721653708e-17,2.97869165730984e-17,-1.16504301145733e-08,-1.19481888775102e-10,-5.82054025839251e-09,5.86978035470529e-17,6.64222380431965e-09,9.76015720325946e-09,1.06261240532379e-08,-9.94352514505136e-09,-3.57381593962827e-08,2.32421299897221e-08,-6.03724870080643e-17,5.14173010915008e-16,2.10950467303972e-16,0.00626777906637036,3.65949677161859e-07,-1.91504424864458e-10,-1.72814200568946e-09,2.64711302566533e-16,-1.63023770736662e-16,4.99406148379246e-16,1.44568825442848e-16,-1.4490820069249e-15,6.30098553706545e-08,-1.12152127426654e-16,8.90254272530193e-18,-1.50182287382646e-09,-1.41949640255874e-16,-1.34555313491398e-09,8.70196636578046e-17,-1.67057665431252e-09,-8.34296073838985e-17,-2.07030239588669e-09,-2.60299741335344e-10,-1.23545300271312e-06,3.45767976608983e-17,8.45970050021326e-09,-1.53167894172368e-17,1.21678945070338e-08,-1.50232049088495e-07,1.20207390842359e-10,2.48614480170255e-15,1.76296154048768e-08,8.87802115719691e-16,-4.36700731970501e-09,-2.4658204746962e-08,-1.5987677509131e-17,1.21395652898425e-17,-9.38211358106911e-17,-1.33643698687086e-16,-8.32856060123078e-11,-1.08627658565033e-09,-2.43012797561803e-10,-3.20091546510577e-17,-2.6986859227632e-16,-1.81414875480737e-08,5.33485086161647e-06,-3.55384739357001e-16,1.2099386474085e-17,-1.1273889643166e-09,2.76502254950515e-16,-8.00849823937549e-09,3.0219346144584e-16,7.61811562553127e-08,-2.60763030777697e-17,-2.09741397509614e-16,-6.60475161916255e-17,1.33974145842429e-16,2.77378824042814e-16,8.42360761602422e-16,0.000886065343108988,-7.87130439030871e-05,2.64649473482158e-16,-6.70796997590754e-09,2.56962760897785e-08,-1.85320469284757e-16,9.24893482202263e-18,1.57200807038278e-16,-7.66476734383078e-16,2.56746541334522e-09,4.1142428672679e-10,-5.71511631357779e-16,2.65448168860644e-18,-4.68165893837801e-09,-1.67047125282522e-08,-1.74973956353569e-09,-2.2355322989483e-17,3.20746977089192e-16,-8.64249261011969e-17,-5.81490002014577e-16,-3.29782548559749e-16,-2.36481588182953e-17,9.99479378589924e-09,-9.4627345465322e-09,-1.82131602312654e-09,-4.17533626046164e-16,7.82848322132442e-17,-1.81943563571993e-16,1.00119866084894e-16,4.02804122272344e-17,2.22657831446086e-15,1.63078298231434e-16,-4.33055455709123e-18,2.25426904969255e-16,6.98703016024869e-16,1.03351066842244e-16,-3.10249091553095e-16,1.58328365437236e-16,-9.73603100222641e-17,5.23409921856032e-08,3.04108358189652e-16,-7.25811608146211e-16,-1.1143517746562e-16,9.96559932864535e-08,-1.74672809626851e-10,-1.55000801245963e-16,-0.000269953966527657,9.09355301778859e-08,2.0326988341287e-16,2.30880001723978e-16,-2.54567491853774e-08,4.30732370499276e-16,2.25315079461241e-09,-6.1178904571354e-18,-8.74609399436003e-17,1.36406830580341e-16,7.54760667879118e-17,3.20654050301997e-10,-4.40466006798491e-08,-9.13826764684949e-16,6.40449970057085e-16,1.51338899617751e-16,-8.58770723951476e-17,3.71447664293534e-16,-1.19417163473849e-16,-3.94743143406734e-16,1.55568363646146e-16,2.77337478916804e-08,-4.98211380206363e-16,9.67714862296077e-17,-1.1116208971399e-16,-5.13941628756389e-16,2.41561346842512e-16,-1.20345414501277e-15,-1.06512299166636e-08,-1.83799135436933e-16,1.19621824420135e-17,7.94568276498125e-09,-6.05527747636425e-16,-1.83645168331999e-15,-1.69503627748614e-16,-1.27110762134285e-16,4.60431140454309e-08,-9.97252313544831e-17,-4.92780534229267e-09,-5.73126615290551e-17,-8.57463298901426e-16,-1.22946155929661e-15,1.34340611280658e-15,-3.45924392793739e-16,5.8749929261874e-16,1.7848200448339e-10,-1.47376311058565e-16,-3.83606124509226e-16,2.38279049164911e-05,-2.22325186794255e-08,9.56665384581258e-19,1.56526111828315e-08,2.29367122337113e-09,-1.67790821121169e-16,3.37599309677207e-16,-5.87915707971696e-16,2.09979977451969e-16,-2.40933459835858e-16,-3.87852202348192e-09,1.13823935862077e-15,5.65771772214067e-16,1.88091747900993e-16,1.55535408514797e-09,-1.21644657548757e-15,-1.4004380565055e-16,3.50229396542208e-16,3.17519806196128e-16,-7.10173558072848e-10,1.1392096715504e-15,1.47567712600288e-09,-4.34893509653471e-17,-1.36689213440441e-16,-8.27646220806121e-16,-1.9506774527863e-16,-3.8933881609795e-16,6.24117498373806e-16,-4.44854434793792e-16,-3.32429157851074e-08,5.46946383111631e-16,-1.38635272491859e-15,1.0808320150652e-08,1.14663178707853e-15,-1.33510231696933e-16,-9.20270554210423e-16,2.87459535695609e-17,5.39668578789717e-16,-5.99041072372235e-16,-1.13836960103722e-08,6.18177269955367e-16,2.78599246962788e-15,2.34168620124048e-08,3.81083103442096e-16,-8.59162898053262e-17,-4.5499926410529e-16,5.25803367599507e-16,-3.65451214888786e-16,8.47664306042749e-16,9.85597341026051e-16,-2.57201407377445e-16,4.7946537191177e-17,6.29808221748088e-17,1.41689626259314e-16,-1.23359098561718e-08,5.29607234601847e-08,9.70028536259427e-16,1.78123110844929e-15,-4.46585404729102e-16,1.47340136008531e-16,-7.91467585914418e-16,1.7676611015186e-15,1.46834225706454e-16,-6.78094275854517e-16,-5.15383559991572e-10,1.5679203925817e-15,1.19586437711803e-15,-6.59140657452491e-17,-2.84098832629108e-15,6.61416789946403e-10,-1.47935445375742e-16,-2.43991405927596e-06,3.01855751886404e-16,-2.00198171956622e-15,-1.0049225037043e-14,5.61809868881111e-16,-1.42001042031346e-15,5.59364898537189e-16,6.77712732339369e-16,1.41909433999194e-15,4.34675019650737e-15,7.97648406323372e-16,-2.83904697308509e-15,4.1207125077592e-15,2.31863611927709e-15,-2.74016720477222e-15,-7.54993773738723e-15,4.49008921883012e-16,2.15768220681889e-15,-7.13494723989478e-16,3.59733671042823e-15,-1.89832597076353e-15,-1.17275980593412e-14,-2.9871169527554e-15,0.707106781186551,-5.28950001683798e-15,-2.49524880901628e-15,5.0477811461068e-11,1.86882964611688e-16,-1.4122074861369e-14,4.99458228401921e-15,6.56357378692592e-15,6.01610632408584e-15,-1.65916805237252e-15,5.23409875526565e-15,1.05104518977932e-15,-7.41095175600588e-16,1.621794294217e-16,-5.68338778816901e-15,-4.74872822844578e-16,9.97099682874344e-16,-8.72189243393809e-17,1.81567230375849e-16,-9.95572802174884e-16,1.78462659864082e-15,-6.53909469674367e-10,-3.57112089735143e-16,-2.9770690272602e-15,9.51237390264058e-17,-7.38550086948752e-16,-1.69913228081996e-16,3.53346845436094e-16,-2.20225861539003e-17,-2.90811421942452e-16,-1.98188004265395e-16,1.39415877471401e-10,-5.08629030850156e-15,-6.02155918763536e-16,2.48818206260546e-16,2.17839428606123e-16,-5.49436959467988e-16,9.44871466584453e-16,3.67163502638223e-16,5.71690652875914e-16,4.7406956907705e-16,-1.34540940639375e-16,-4.89496245502137e-16,-1.774680911172e-16,5.16791730357659e-16,7.07697448220708e-10,6.96689467488637e-16,1.12642071585958e-16,4.47765054136761e-16,5.46871575801688e-16,-2.13611487274857e-09,-3.22319823094137e-16,-9.44336404262341e-17,1.45635833706258e-17,1.86672584394512e-16,-1.41134952662125e-16,-4.07649360325884e-17,-1.33691707051916e-16,7.25638317487643e-16,1.29413290582922e-17,1.47866138311531e-16,-4.09591121854926e-17,8.75344493485867e-16,-5.26438062878144e-16,-4.16498507424213e-16,4.55420513582429e-17,5.92163240452332e-16,-1.40325571935138e-16
"t818",-0.0444524071606717,0.0415830692997434,-0.0684765523576153,0.0338204011137889,0.0102027503200752,-0.00541818425406222,0.0360020346551634,-0.0828581811315807,4.97790495008029e-05,-0.000299112681909517,-0.000173782730882244,0.00981605158282697,-0.0162543161972984,0.00235286959504907,-0.00057555974945038,-0.0820139280870201,0.00185837146933941,-0.00379386036361545,0.000252574276310364,-8.73794575523834e-05,0.00720465558064216,0.0275036807403352,4.26147741775292e-05,-0.000248075373016316,3.60303003040553e-05,-1.19306339842729e-05,1.32155340274945e-05,-1.13346403726794e-05,0.000133792408484391,0.000158972989961466,-5.54286887658691e-07,9.87386725249259e-07,-0.000303318271024772,6.89192001434215e-07,-3.17033371527964e-07,-2.19399682113847e-07,-6.23235246834683e-06,2.00001343930856e-08,7.13217342896344e-08,-3.90084224243938e-08,-8.84391208455724e-06,2.06374344259885e-06,-2.33187371330397e-05,2.79236463865795e-06,-0.000820017107353152,4.12663680616494e-06,-7.06592077623711e-06,0.00015895175349762,-1.78840522475482e-05,5.40282023818443e-05,-0.000813200184118135,0.000137588743304767,-2.1747972894604e-07,0.254551427381176,1.67503519784416e-05,-0.000155638323944129,2.40567951352085e-06,-0.000145970689037831,4.90348057848576e-05,-0.00214469264089841,-4.83185800904054e-05,5.55058929189658e-06,-0.000179309542193242,9.52234295361782e-05,-6.73657895778137e-06,0.000158009680195722,-1.00660425048862e-06,3.64992779592669e-05,-0.000101349664001772,4.11518726790865e-05,-4.45610452423681e-05,0.00813921354735041,-1.30257861022703e-05,-0.00141684235345939,0.000705686411617866,3.1827437358996e-06,-0.0881241145035967,-8.62614899538795e-05,8.93807815595093e-05,8.10729564872276e-05,-1.7249614883451e-05,-0.000244548123356379,2.29693004486349e-05,0.000138432182800059,-9.92042114651719e-06,-0.0022459526988302,0.00153721258311005,3.22631336000823e-05,1.38480922056448e-05,-0.0217122282726267,-2.57657960058989e-05,-0.010340673711648,1.92145830302417e-06,-4.23821618898797e-05,-3.52482473397779e-09,-5.47186199715757e-06,1.23947661310905e-07,4.04443866374257e-08,8.6620606412769e-08,4.24124907289532e-08,-9.32179858949231e-10,1.0785470784995e-09,-5.12387733139218e-09,5.23283259529876e-08,-2.47028308939842e-08,2.94807825312526e-07,-1.54507829871788e-06,4.2081633015156e-07,-2.56762026351994e-07,3.04006036918789e-06,2.96682904784537e-07,7.97764772867299e-07,-1.78256488741445e-06,2.09313965875173e-06,-8.61066145559161e-09,3.7415422694012e-07,-5.84367281842357e-07,7.31954215766527e-07,-8.95850433154384e-07,2.63460998143317e-06,-1.4470234865904e-05,5.42738077943673e-06,-3.00832851867892e-05,-0.000104195260241544,0.0278990837400939,6.50474348545491e-05,-0.000480531710182435,4.88072675163805e-07,-1.68986683143199e-07,-5.43957809078888e-06,7.49876172152945e-08,8.05137861105045e-08,-1.80412301588766e-07,-4.74230705243743e-08,2.49305615424456e-07,1.51572105174142e-07,-1.42178404117806e-09,-1.1556148006787e-06,4.62429158243094e-07,-1.34789158086953e-06,-9.70321985298793e-08,-4.22816703783953e-06,1.56917523009676e-06,4.94806025813422e-06,0.00295223531919598,-5.28184559615282e-09,-3.10376161480702e-07,4.96154987410381e-08,3.28003632690378e-09,-1.13358672011715e-08,-4.8977293801281e-05,-3.28999565365877e-08,-5.66272232955135e-06,2.72318612903399e-07,-7.99483364421641e-08,-6.92033519125022e-09,1.0330460744246e-07,-5.03436624670688e-06,-2.18616678689448e-08,-7.14974501565981e-09,-3.20760615435203e-06,6.13039758946579e-08,-2.98318533685758e-08,-3.86556199153601e-06,3.87720236873622e-07,-1.14259961379033e-06,4.23613929592813e-08,6.3068699130479e-10,3.01551750756002e-08,1.53221557700879e-08,1.83933768706645e-07,5.63643508854108e-08,-0.000169758155868428,-8.08330860849906e-09,-2.21582175847486e-07,-5.40802982634667e-09,-2.2261459464002e-08,2.80714402916566e-07,3.54419250421241e-07,6.22367402387592e-05,-3.27206038983856e-06,-1.24948369375138e-05,3.30453866605437e-07,1.1347193761222e-08,4.63952720777649e-08,1.02485206520855e-07,2.19552375527058e-06,-9.25722213195275e-07,-4.29847367671168e-06,0.00027351366602613,1.40036905245828e-07,-4.04664612888956e-07,-1.89512664906753e-06,-3.17283226287203e-08,-5.32232604718877e-07,2.10991863858078e-06,5.87202638655202e-06,0.395216588122727,7.53903280834963e-06,4.4325292664764e-07,4.28093557162728e-07,5.64845734704843e-05,-7.8890302325955e-09,-8.48504246485628e-06,-1.85580387237182e-06,-8.36717929770682e-05,1.44740698509335e-06,0.00284292926605076,-4.45850407525808e-06,-2.13582149440642e-07,-2.08525051810562e-05,4.68274290237481e-05,-0.000117424290067532,-1.85686644908336e-06,-9.85260262413431e-06,-1.33858638326068e-06,1.5074582661703e-05,1.6546234392785e-07,-3.02082271910581e-07,-1.51302951942984e-06,-8.28386370779346e-06,8.90174953255176e-05,2.6062845435354e-06,8.59309062994119e-06,-2.27706496306166e-06,-1.17460427754392e-06,-1.24200874146283e-05,-9.0636000498376e-07,-1.47921093207658e-06,-1.2397581684818e-06,3.51913352667855e-05,5.68864361361665e-06,4.54693825947289e-07,7.67382166439144e-07,-4.45568167057999e-08,-6.02108886283302e-06,-4.56347176440606e-06,-9.28203308739805e-16,-1.1670481901827e-06,0.00210446726031876,-1.75981656530035e-06,-5.70102475635802e-05,-1.00175342547932e-05,9.46867139519801e-05,-1.3030965970336e-05,0.108495882396628,2.33948821706544e-06,-2.58045812771082e-08,2.59727841014295e-05,-2.21714757218519e-05,5.83763809553818e-07,-7.48153929502622e-05,2.55557136991415e-06,0.0129099161480584,8.85573337714276e-07,-9.04040923023832e-07,6.49169591623099e-07,-7.11705851028955e-05,-2.39329806573183e-07,4.15135288058966e-08,-7.80269999247772e-07,1.44156637278817e-07,-1.50578880286886e-05,7.01174601368279e-06,-6.34303350616965e-08,2.13495280301498e-08,-1.96600417271353e-08,-1.38283448459016e-06,3.13764435881609e-06,-1.92544992462686e-08,-7.50459187693504e-09,1.50188248860278e-08,-1.28165052798927e-06,7.59694928018193e-05,-1.74925991908088e-07,2.37453024185354e-06,-1.26841529074993e-05,1.068009357529e-07,-1.99748896870105e-07,6.7984776086449e-08,-3.48446024811287e-08,1.34316891168141e-17,6.90598830743671e-08,2.29365723658174e-09,1.91923221327478e-11,1.24784960606072e-07,-1.62718805729072e-09,8.43572479902445e-10,1.36787752716203e-07,3.20327375107848e-09,-4.47277801475564e-09,1.25113056749766e-08,9.36273936897194e-10,-1.9326494321712e-09,2.72383614313705e-08,-3.48450103824997e-08,9.11385450770832e-07,-2.95548657168583e-08,1.45213419330504e-05,1.60394661818919e-09,9.02213778630501e-09,9.71182844694544e-08,-9.55848172078258e-07,2.2956413016253e-08,-8.99311076987696e-08,1.24142498459401e-07,-4.53850447448653e-07,3.02886085598522e-08,2.74713141863516e-08,2.10951311906579e-07,-3.56598921560706e-07,-2.90865469079705e-08,2.40801451894232e-07,-1.59756295670109e-07,3.97154259851224e-09,3.73056793978961e-08,-7.38634895444885e-08,-5.47152837048355e-17,2.46313600357231e-10,1.04739237006262e-06,-7.98314100451452e-06,6.97274663906199e-08,6.28252956859493e-08,1.85160098869513e-08,4.32586663379376e-08,-6.37553462170931e-07,2.40249168513418e-07,-3.58621496109282e-16,-1.89538508506017e-07,-2.31848570733418e-09,-6.52869043897897e-09,2.17363213851851e-07,4.9966354894719e-08,-3.40291464896687e-09,-1.31773206519234e-07,3.54230083778421e-08,-1.19399229203708e-06,2.29573243825204e-07,-4.70928492226456e-08,-8.56248087251435e-08,-4.54262793714001e-09,-3.69742009741257e-07,-8.61286776141658e-08,3.62507228024703e-07,-9.41284224173677e-08,5.60349092926253e-16,-1.47812822265204e-05,5.87643364795623e-06,4.11244629957306e-09,2.97882374677603e-07,-1.84820581408875e-07,-3.93756381253206e-07,1.39558261759587e-06,-5.07470118901849e-06,-3.53925626558462e-08,-1.5627039743685e-16,-6.55315209495787e-08,-1.81755902116378e-07,-8.35539643803725e-08,-1.88564691478388e-16,1.59024618117764e-07,2.0781647344014e-06,-3.17267770772415e-07,-1.30264876447632e-07,-4.35981864236099e-08,-2.33939382216528e-08,-8.38485553040485e-07,2.35654505447841e-08,2.50697347265643e-07,7.38072658383635e-08,5.31940591848619e-08,4.01905323165229e-06,2.06385068358319e-16,-0.000923688326219862,8.00920872086337e-08,5.99054041044566e-07,-6.27480306544902e-08,-3.13487325018852e-16,-6.30513058984613e-08,6.8553007160437e-06,-2.94583737586968e-08,-2.63584406897664e-08,-6.72087956900103e-08,3.7989261568946e-06,-9.80858325403489e-07,1.45678346359881e-07,-1.7748215831993e-16,5.73454382614085e-07,-2.83653273435028e-05,2.13587498765506e-06,7.29249447136114e-07,-7.42357083343661e-08,-5.01501153277085e-10,2.41473507855972e-15,-2.17130494930637e-18,-5.03017631715074e-10,-3.80315860088894e-05,0.000262501049208211,-9.10761021719058e-08,3.44776318456281e-16,-4.70045921864423e-08,-5.78220240374293e-10,-2.69828356135942e-15,2.99411076737223e-17,-1.08214100202087e-15,1.42531728549628e-07,4.29846037159607e-07,-6.75892391703035e-07,4.32947520410178e-07,2.18044858729663e-07,4.96593120834808e-07,-1.5197962829263e-06,-9.16997375650766e-16,-4.3812563573844e-07,1.81488939479529e-06,-4.79321659087093e-15,7.65078386259469e-15,-2.22899342130339e-06,-2.94483873291552e-10,-0.480554964485731,-2.48926583202834e-06,-7.78687994844013e-06,5.00491948039531e-08,2.53243917400207e-12,1.47689533111709e-07,-5.38273126359715e-15,3.74195859880773e-07,1.14535117501369e-15,0.00219553875112566,4.34191573863479e-15,-3.32153211532179e-07,-5.75587992974179e-07,-1.74371322394458e-08,-2.11823151462627e-07,-7.06954463325227e-07,0.000284960496880704,-3.99550823966358e-07,-1.57707950527809e-08,-7.65681634227322e-08,-6.61251469385674e-09,-0.00036022883978739,2.13402156611715e-07,4.66238537633483e-08,3.55140500674964e-09,0.000304342106677093,7.88827646249783e-16,-5.90613713531197e-07,8.77853752529071e-08,-5.35871816131169e-09,4.78091640796782e-16,-6.05909701094216e-10,-1.26143844666487e-08,-3.98021107077354e-08,5.86242119307281e-16,6.25732629839741e-08,3.52147320289476e-09,-8.44897150040879e-16,3.8882759544276e-09,7.20582611252628e-09,6.51077283792033e-16,6.28023451233249e-16,-7.71059502675004e-10,-6.45082470402217e-10,-4.9457760165724e-12,-8.85457818142006e-09,3.4700075642549e-09,7.26862021818452e-09,1.04586314872342e-09,1.73610576681764e-08,-3.51627185795794e-08,-1.15575951586955e-15,5.31848963577534e-10,5.32928070280145e-11,1.51745935188414e-10,1.47162946360866e-08,2.10223833028546e-16,-1.08278359284898e-16,5.06682960401146e-09,4.40416389903325e-16,-1.68999983226841e-16,3.99175515976183e-08,-4.5972726549952e-08,-5.95431097689617e-08,-5.27763288097062e-10,1.61381585771004e-06,3.54754598869827e-08,1.610304977198e-09,3.56697745454955e-18,4.33282844636479e-09,2.06323508928509e-10,9.52638914392666e-10,-6.87303958747209e-08,2.84551439318117e-07,6.10325736852792e-16,-4.55950053737193e-16,1.24074214760547e-15,-3.80324208483579e-09,-1.29833583301398e-08,-1.09013637291349e-08,1.29184458204648e-16,-1.01874541254667e-08,-3.00632579836529e-17,-8.23548958785407e-17,2.60551561664084e-07,-5.72618350551688e-09,9.66240976119082e-16,-1.43389036208044e-08,-5.19140132835201e-08,8.29252236086139e-14,2.28026084932857e-08,1.23531855159608e-17,6.22495174642599e-09,-1.45820371767277e-16,6.22262982930808e-09,5.39445185607623e-08,1.35824213694991e-08,1.84487172021884e-09,1.27322146990275e-08,-3.57788690031691e-06,1.83338087219875e-08,-3.33296683977099e-17,1.11370147303896e-06,-4.85998212808158e-08,-2.1138618344228e-16,-2.41773698206379e-05,-1.89841911431936e-08,2.31353143410194e-07,-3.25263048177494e-16,1.453421440607e-08,1.33832065531475e-07,-4.82601954270661e-17,-4.84330703550213e-08,-1.07394386432659e-08,-3.91489056251553e-09,-3.57155350682018e-16,2.54835285709732e-17,1.02934205481655e-08,3.17797858024991e-09,2.57545494883672e-10,-3.84761366370967e-08,1.96243469574594e-09,-6.20687012122516e-17,-3.67238254913797e-17,7.1906054901893e-09,4.95869332792278e-11,-8.79061793357449e-17,1.74919929517671e-08,9.60170226662974e-17,6.30988392452683e-08,-3.39377656014949e-09,-1.98406014144706e-09,-1.31825079323997e-08,6.01581166373999e-17,1.44842677754724e-17,-1.25077287632668e-16,2.57293644251225e-16,-7.48687732445402e-09,-1.94738103557316e-07,2.20409092485832e-17,2.03838540269834e-16,-1.10342955818494e-16,3.68245768712476e-08,2.48377034551875e-09,-1.83950897873834e-08,9.94586140995821e-17,1.37693675905659e-16,5.63459869040717e-16,-1.16777374342288e-07,2.48033160851467e-08,2.35199747828625e-16,3.28824804542323e-08,-1.15458050706815e-07,8.75511434926154e-17,-1.66795243264724e-16,-1.16504302830585e-08,-1.19481780740287e-10,-5.82054012354497e-09,2.81646162607577e-16,6.64222372785641e-09,9.7601566110955e-09,1.06261249394649e-08,-9.94352519630717e-09,-3.57381588309803e-08,2.32421306655057e-08,-2.67086504161262e-16,6.36459265801908e-16,-1.19386973345266e-16,0.00626777906637102,3.65949677144836e-07,-1.91504445789603e-10,-1.72814194346984e-09,4.93568418502083e-16,-2.563767906957e-17,-1.54641646885054e-16,-1.20279258097323e-16,-9.32640379260881e-16,6.30098548116409e-08,7.45892941624785e-17,1.94027042306311e-16,-1.50182243810258e-09,-1.02888211075376e-16,-1.34555260702274e-09,-1.23430019459993e-16,-1.67057726010713e-09,1.30079360732565e-16,-2.07030238833797e-09,-2.60300408443251e-10,-1.23545300332376e-06,-2.89016042146894e-16,8.45970001584605e-09,-1.61477086940421e-16,1.21678943558419e-08,-1.5023204901e-07,1.20206938224905e-10,1.13858389741757e-15,1.76296154870188e-08,-2.5310024652719e-16,-4.36700793270275e-09,-2.4658204854935e-08,-1.46786155573321e-16,-4.3616581989386e-17,-1.5744474805405e-17,6.34142231120468e-18,-8.32851285349641e-11,-1.08627672218143e-09,-2.43013440555201e-10,8.93310615403779e-18,-4.01245975545132e-16,-1.81414876961707e-08,5.3348508611932e-06,2.53616655109836e-16,-8.46100271827679e-19,-1.12739026741078e-09,9.19288264772699e-16,-8.00849830447208e-09,4.68926911861678e-16,7.61811565273422e-08,2.18249024581877e-17,4.36611519828289e-16,6.21196472862839e-17,-7.65398771631339e-18,-4.10504808860821e-16,1.46575545709798e-15,0.000886065343110114,-7.87130439033613e-05,-1.12558560022688e-16,-6.70797012621883e-09,2.56962754398e-08,2.24042721446833e-16,-4.61409869028681e-17,-1.46091117324168e-16,3.43403709591935e-16,2.56746567968634e-09,4.1142562267479e-10,1.90054626385798e-16,1.29484432500549e-16,-4.68165944821065e-09,-1.67047127630908e-08,-1.74973912637864e-09,-1.25621276869848e-16,1.96697984126182e-16,1.56117127751083e-16,2.4399492305147e-16,-4.02313370390044e-16,2.16120815662968e-16,9.99479350763903e-09,-9.46273529563482e-09,-1.82131483555252e-09,-4.41868759322654e-16,-5.75756671146307e-17,2.0623037525294e-16,1.29294386191504e-17,-3.06668812023208e-16,-1.5761035545588e-15,-1.28292628507248e-16,3.92714715960951e-17,-3.07117662381473e-16,-5.15364719492714e-16,5.55350158005699e-17,3.65341168410376e-16,-5.00774504784788e-17,1.67436664604411e-16,5.23409910673583e-08,-2.3000211076786e-16,8.01532632410541e-16,8.567898664112e-17,9.96559929421132e-08,-1.74673706023189e-10,-2.47092803366724e-17,-0.000269953966530687,9.09355302373023e-08,-2.27732608847615e-17,-2.55033220549477e-17,-2.54567498042405e-08,-2.35653745590977e-16,2.25315126862566e-09,-1.67550991982277e-16,1.41910767745622e-16,-1.8892209822125e-16,-2.41037928408644e-16,3.20655429247925e-10,-4.40466010593208e-08,5.38618393194381e-16,-5.44888370039798e-16,-1.13660777100436e-16,6.10556227703133e-16,-6.09972142240345e-16,1.02393713018199e-16,2.0318776707524e-16,-1.98683639502694e-16,2.77337465550765e-08,3.95095368781558e-16,-8.92384812783304e-17,1.86041597719561e-16,7.69545899528265e-16,-4.78352206405513e-16,1.86435738585291e-15,-1.06512296180746e-08,1.81624177988762e-16,-6.8817027526611e-17,7.94568307831584e-09,4.77021671987414e-16,2.44915161476186e-15,1.85583399626922e-16,9.59070037427065e-16,4.60431134781773e-08,7.11309587131696e-17,-4.92780487136955e-09,2.3231753273098e-16,9.14535256349425e-16,-6.78723541829047e-17,-1.99062737593538e-15,4.61450421518725e-16,1.67857094660123e-18,1.78482040577162e-10,-3.29321796997868e-16,4.03931872405221e-16,2.3827904911842e-05,-2.22325195051543e-08,-5.5195136491968e-17,1.56526122659498e-08,2.29367047280512e-09,2.460592764924e-16,3.22782295778787e-16,7.54748425484633e-16,-1.44042616699679e-16,1.77243108029931e-16,-3.87852352710777e-09,-8.6697380188009e-16,-8.06849676146551e-16,-4.33797799893349e-17,1.55535352228444e-09,2.10065928693729e-15,-1.55148935820502e-16,-1.09382528872571e-16,-3.72009558299387e-16,-7.10175970314276e-10,-8.89750090356113e-16,1.47567627981022e-09,2.01834457950704e-17,1.06860992015331e-15,1.07891740137825e-15,2.48192194844974e-16,3.94177578044949e-16,-5.1846988991078e-16,3.37564832864464e-16,-3.32429183095644e-08,-2.78319022597156e-16,1.13115365868708e-15,1.08083218788705e-08,-1.00470925596697e-15,2.35967524929277e-17,1.01192072989634e-15,4.03598497299108e-17,-4.94604062077333e-16,3.56688228682591e-16,-1.13836967899137e-08,-5.56552829430936e-16,-3.04698325043232e-15,2.34168636001109e-08,-1.60094918202484e-17,-8.75254045368848e-17,5.06488998446665e-16,-7.68362597949871e-16,9.2414949139952e-16,-4.97985477893982e-16,-9.97590121101134e-16,9.55266452510657e-17,2.60484889198733e-17,-3.18860727030697e-17,6.21010272275913e-17,-1.23359075817327e-08,5.29607216734205e-08,-1.90878338045728e-15,-1.68242301536045e-15,5.36486073519974e-16,-1.40634009823116e-16,1.46150452851046e-15,-1.59032748008969e-15,-1.54634127590718e-16,3.85033765005795e-16,-5.15384156804220e-10,-1.64456742812464e-15,-1.27623020394957e-15,5.15404263527172e-17,2.8554908878838e-15,6.61415909099911e-10,1.52941180091927e-16,-2.43991406748814e-06,-2.60760977228355e-16,2.07371943510729e-15,9.95123825020699e-15,-6.05537904160231e-16,1.22337224291877e-15,-6.82669670341918e-16,-5.36251190383029e-16,-1.38382473427197e-15,-4.33557080413379e-15,-8.36918529515333e-16,3.07026889067105e-15,-4.09874668044372e-15,-2.34510732716706e-15,2.86679571655864e-15,7.63439025681071e-15,-5.09892197025177e-16,-2.11142497973781e-15,5.45855905223514e-16,-3.74428817905307e-15,2.03979257247747e-15,1.11490677801029e-14,2.93986725224579e-15,-0.707106781186547,5.38730705944379e-15,2.47410639578604e-15,5.05095222875248e-11,-8.85462410795482e-17,1.45823498543359e-14,-5.08029044966567e-15,-6.98517334901671e-15,-6.04362958480085e-15,1.47123244207867e-15,-5.12785084142674e-15,-7.43918306437927e-16,8.46787852684683e-16,-8.27615151090887e-17,4.11563144675497e-15,5.53533823329844e-16,-9.61307751443731e-16,1.89535500737366e-17,-2.57572707396e-16,1.01813973658833e-15,-1.7508429392982e-15,-6.53903186478841e-10,3.29757532320503e-16,2.87130048956085e-15,5.96043267086787e-17,1.00944591337543e-15,5.95006608129641e-16,-2.66507169143612e-16,6.26908002099594e-18,5.01929956993403e-16,1.28340034213628e-16,1.39416005945972e-10,5.35686057759149e-15,4.64507659842629e-16,-2.89398364435898e-16,-2.5746743447136e-16,5.07299457584298e-16,-8.46741817429145e-16,-5.19057343603903e-16,-4.0714751477112e-16,-4.22870904172494e-16,1.65744506066583e-16,5.32646273194846e-16,2.17694863150271e-16,-4.85401520703748e-16,7.07695374623074e-10,-5.46018794396215e-16,-2.30218368660418e-16,-5.92878530754678e-16,-1.35004854517895e-15,-2.13611290905517e-09,-8.79616337811134e-18,-1.63894176735923e-16,1.35028293342432e-16,-1.02391249148325e-16,7.61508349195394e-17,2.09587842968148e-16,-2.46317816951075e-16,-7.81382250485058e-16,-1.47542023669102e-16,-1.17792487941331e-16,2.00997810916681e-17,-6.86290780281479e-16,4.54244757211785e-16,2.73066862234585e-16,2.71831826627315e-17,-3.69249362729175e-16,-4.42637304565411e-16
"t438",-0.0444987622429398,0.0416748061305678,-0.0686325421670723,0.0339239234117985,0.0102410743413723,-0.00544211273009161,0.0361641994071601,-0.0832615574668999,5.00660835524253e-05,-0.000301212343437089,-0.000175339836640016,0.00992514379400469,-0.0164404368993476,0.00238023412222597,-0.000582556734985022,-0.0830722120585662,0.00188294808956923,-0.00384498158833856,0.000256059901015808,-8.86944980821661e-05,0.00732239797177124,0.0280521100908037,4.3515379629894e-05,-0.000253350094107697,3.67996192455755e-05,-1.2198399103346e-05,1.35159011998053e-05,-1.15947410937911e-05,0.000136951226553416,0.000163467189042463,-5.71098751423331e-07,1.01883749745414e-06,-0.000313754819542035,7.14161741429664e-07,-3.29178688271722e-07,-2.28566647120216e-07,-6.49650625212295e-06,2.08631677894029e-08,7.44232215050179e-08,-4.07335729989539e-08,-9.24792759191036e-06,2.16065133827728e-06,-2.44325562419186e-05,2.92592959389241e-06,-0.000860032168236369,4.34303252904234e-06,-7.44449340400085e-06,0.000167553752833772,-1.88791819014835e-05,5.71250682431124e-05,-0.000861661642643802,0.000145936180676895,-2.30708552223634e-07,0.270380612038073,1.78372605875164e-05,-0.000165802003035118,2.58130713807218e-06,-0.000156946423208188,5.27346902591474e-05,-0.00231837136142742,-5.24405777238995e-05,6.0362700804438e-06,-0.00019532219611178,0.000103770552336081,-7.36436282053607e-06,0.000173232206974638,-1.11079808152803e-06,4.03987360525701e-05,-0.000112335804604519,4.57300645884027e-05,-5.02246959081885e-05,0.00927971121960836,-1.48781655642818e-05,-0.00162452829011341,0.000809520475166863,3.65718454203974e-06,-0.101328543200591,-9.95178231463751e-05,0.000103916651393439,9.45600390670233e-05,-2.02317311376527e-05,-0.000287177846511138,2.72219018774625e-05,0.000164528184533829,-1.19395544691746e-05,-0.00271267605425125,0.00186341912816412,3.91328271058415e-05,1.67993358898924e-05,-0.0263497404040207,-3.13131197030112e-05,-0.0127401135633695,2.37037270762056e-06,-5.27499423641663e-05,-4.45784357439083e-09,-6.9375470150554e-06,1.57166499981846e-07,5.16151567843474e-08,1.10814298171651e-07,5.47695223748604e-08,-1.21328711925155e-09,1.40479083622535e-09,-6.67912720069838e-09,7.0891232772025e-08,-3.35697105389659e-08,4.01603514368309e-07,-2.11402894274547e-06,5.76486090979468e-07,-3.52518151498072e-07,4.18784671590801e-06,4.09147059208216e-07,1.10748372221357e-06,-2.47659547714329e-06,2.96124131776333e-06,-1.2230555476267e-08,5.36206203936392e-07,-8.4088625710121e-07,1.06538891809203e-06,-1.3188680177796e-06,3.91308531968669e-06,-2.16023239619368e-05,8.25152520334865e-06,-4.63025977753547e-05,-0.000160448577236861,0.0430388761612913,0.000101673033473925,-0.000751936191509126,7.72728270366309e-07,-2.77216600387731e-07,-8.92713289339048e-06,1.23439350049805e-07,1.36016320309721e-07,-3.06392116083716e-07,-8.08496581041494e-08,4.31970242198017e-07,2.63231618951201e-07,-2.56113089469874e-09,-2.14891433925933e-06,9.01519989726867e-07,-2.63145435733531e-06,-1.91071845778067e-07,-8.3630666480849e-06,3.12630602286011e-06,9.88575140455329e-06,0.00589850553128455,-1.07718374859125e-08,-6.6118603823466e-07,1.1094445292221e-07,7.4290297566665e-09,-2.64403759985576e-08,-0.000114512581699703,-7.7827041471084e-08,-1.34895998844798e-05,6.53966950274622e-07,-2.07981499428586e-07,-1.82546173124048e-08,2.75248550547794e-07,-1.78706479001684e-05,-8.52349354593942e-08,-2.83134543778281e-08,-1.39375429639277e-05,2.71917354217904e-07,-1.52774233159688e-07,-2.01857344542152e-05,2.41685906980226e-06,-8.8610549061793e-06,1.47584943191668e-06,2.53324218697237e-08,1.26089625377654e-06,1.706865068482e-06,-2.06607377761559e-05,-4.89531306809889e-06,0.00351244715524555,1.34136709783406e-07,2.55629882434396e-06,5.79563274335726e-08,2.30135567471485e-07,-1.7258040196439e-06,-1.49702138593946e-06,-0.000248763500330105,1.24323543936204e-05,4.1265573119342e-05,-1.03743801659624e-06,-3.39524849412504e-08,-1.32843096142438e-07,-2.55200626681211e-07,-5.2900565486263e-06,1.71570861319528e-06,7.90225526915582e-06,-0.000463961845234016,-1.92861738093347e-07,4.73971151055668e-07,2.1026368769554e-06,3.25174599285633e-08,5.14576245806738e-07,-1.7208691156897e-06,-4.61820313550024e-06,-0.287902669727928,-5.28602584964816e-06,-2.31479757363928e-07,-2.2045703187305e-07,-2.56178995011873e-05,3.14922832469651e-09,2.44778247595691e-06,5.34521271526934e-07,2.33448526574722e-05,-3.65440005005919e-07,-0.000667949009946749,8.54366393433814e-07,3.06845064602036e-08,2.27271525854e-06,-4.63159765240726e-06,6.65379221839056e-06,6.55088407840232e-08,3.42215823742929e-07,2.54547732211207e-08,2.6618741492449e-07,4.0079951492683e-09,-1.72005427614524e-08,-1.1729059506426e-07,-6.98221720212759e-07,9.83155931586534e-06,3.0308456698127e-07,1.05297335644786e-06,-3.20240730393944e-07,-1.69293968067334e-07,-1.8006182384207e-06,-1.47671468650901e-07,-2.56124585645414e-07,-2.28076319467822e-07,6.64047885856679e-06,1.10063470224491e-06,8.99650175630418e-08,1.52771398928549e-07,-9.35829132482415e-09,-1.30386687189835e-06,-1.01932774294299e-06,-2.57635734436965e-16,-2.71593961718449e-07,0.000493561738050992,-4.33897463912892e-07,-1.45529448147633e-05,-2.62567678248748e-06,2.4856138663084e-05,-3.57605408369746e-06,0.0299818550543027,6.48539147835225e-07,-7.2592850821009e-09,7.3769689842574e-06,-6.40409737006665e-06,1.69832967938072e-07,-2.18294826766997e-05,7.57314285352545e-07,0.00405192905374744,2.82952105445369e-07,-2.92927325680809e-07,2.16322080839182e-07,-2.37606676185628e-05,-8.1326383721333e-08,1.42390021299914e-08,-2.71041959452401e-07,5.02716278151111e-08,-5.27225946369607e-06,2.46844372818401e-06,-2.25051582307637e-08,7.5814371951241e-09,-7.11130565472842e-09,-5.00391068845373e-07,1.13589578375061e-06,-7.00322935754681e-09,-2.73423620367439e-09,5.5012500407348e-09,-4.69913745965419e-07,2.86671513253028e-05,-6.61978119990542e-08,9.00608395039984e-07,-4.83490876782873e-06,4.0867886080204e-08,-7.70751456810161e-08,2.62937431335928e-08,-1.35009022320177e-08,-3.56245835454278e-17,2.69197301608886e-08,8.94763410188344e-10,7.50555879811576e-12,4.9076351389159e-08,-6.42920818912711e-10,3.34014323135442e-10,5.42175409462505e-08,1.285521582284e-09,-1.79632945419519e-09,5.0257185099327e-09,3.7734045771498e-10,-7.85691912042751e-10,1.10889067999026e-08,-1.41992090691836e-08,3.725250477144e-07,-1.22066747467675e-08,6.02035091121049e-06,6.65114967531606e-10,3.74148060762229e-09,4.05985062861095e-08,-4.02418408473176e-07,9.67204978415508e-09,-3.79292670553422e-08,5.24191049736549e-08,-1.91702509823717e-07,1.28248028987818e-08,1.16337255246446e-08,8.93598043976589e-08,-1.5108432172094e-07,-1.23303380447499e-08,1.02136350111255e-07,-6.77908721050598e-08,1.68557363645508e-09,1.58372380132622e-08,-3.13712913079644e-08,1.91907618372636e-17,1.04569216346111e-10,4.44503773663764e-07,-3.38592984067002e-06,2.95732817863272e-08,2.66453318571068e-08,7.85165753262235e-09,1.83375735367565e-08,-2.70146100513544e-07,1.01699430661864e-07,-7.06338103473742e-17,-8.00099073144387e-08,-9.78311982122994e-10,-2.75240002141236e-09,9.16270534883366e-08,2.10111832622882e-08,-1.4288150923464e-09,-5.52029899473446e-08,1.48146053834771e-08,-4.97376160238497e-07,9.52466634386231e-08,-1.94838852162017e-08,-3.53679060344586e-08,-1.87440769126619e-09,-1.52275277686721e-07,-3.54638286478203e-08,1.49056217295407e-07,-3.86611942316618e-08,-2.38518928587909e-16,-6.01758321971028e-06,2.38762220013296e-06,1.67087262060593e-09,1.20318245290973e-07,-7.4582226748924e-08,-1.56988122769454e-07,5.54349136362768e-07,-2.01425215806677e-06,-1.4007722476779e-08,-1.83667627778296e-16,-2.584901961916e-08,-7.16024099521041e-08,-3.27553488974346e-08,-1.75228999982775e-17,6.199953094439e-08,8.09143964464073e-07,-1.23443973287994e-07,-5.06107535242623e-08,-1.68972386096449e-08,-9.04974672150984e-09,-3.23880098880304e-07,9.06186392543026e-09,9.63511303387928e-08,2.82767147509014e-08,2.02629128828225e-08,1.53049867652619e-06,1.95815232992184e-16,-0.000347603273039714,3.00757171564792e-08,2.2387189426107e-07,-2.32730065472432e-08,-2.14534600952234e-16,-2.29836000172433e-08,2.44620159223609e-06,-1.04042565037779e-08,-9.26348768676866e-09,-2.34772944441415e-08,1.31166700883511e-06,-3.31931734426248e-07,4.65795379185068e-08,-4.05550883877269e-17,1.72630593656519e-07,-8.48968227262509e-06,6.31384068797304e-07,2.11741508584235e-07,-2.15243060284707e-08,-1.44646762131826e-10,-4.37150315946155e-16,-1.44770278902406e-16,-1.40556662693687e-10,-1.03147017165256e-05,7.09187461702676e-05,-2.39019391856154e-08,-1.02420626714837e-17,-1.14866558588919e-08,-1.36346397771068e-10,3.1693954821189e-16,-6.96416192570435e-17,1.95538747788553e-17,2.94361297453868e-08,8.70433909291205e-08,-1.27100746816111e-07,7.57990509419408e-08,3.78332557760373e-08,7.8855370194441e-08,-2.38667311259975e-07,3.10960799170628e-16,-5.44035896331728e-08,2.02501519234148e-07,-3.46441929888881e-16,1.96803829613893e-16,-1.25179025548908e-07,-1.21159553341746e-11,-0.00953963663488689,-1.18728390369047e-08,2.03457467337331e-07,-1.57075660790107e-09,-8.52984396984603e-14,-5.71519401620732e-09,-2.5278470321143e-17,-2.26810910919988e-08,-1.9298798670242e-16,-0.000170426532352703,2.3934495084432e-16,3.33530818624276e-08,6.05455264105522e-08,3.03946958855926e-09,4.03807793812009e-08,1.39721839803036e-07,-6.53901971489249e-05,1.03496460604274e-07,5.29383193267619e-09,2.57582250274253e-08,2.39757950654968e-09,0.000149199883246156,-1.04955448841251e-07,-2.63987664074364e-08,-2.2436772337793e-09,-0.000202887542080267,1.85356041566202e-16,4.65122398573382e-07,-8.13322269899876e-08,8.13054903919890e-09,2.02829159962268e-17,1.07852371065061e-09,2.93047735226607e-08,1.04930119985358e-07,-4.61155361439544e-16,-1.76743383870346e-07,-1.35442557643082e-08,-7.71041145637064e-17,-1.79129056036109e-08,2.08746710327848e-06,-1.32829632087806e-16,-2.27661478059404e-16,-1.02082007016283e-08,-7.89748785784558e-09,-4.50391237109175e-11,-6.25457179739258e-08,1.66355585578066e-08,3.39505224494807e-08,4.71515582935604e-09,5.77452330844432e-08,-9.80143323731991e-08,2.5804011705155e-16,1.40168574348384e-09,1.39173490883834e-10,3.8414671083655e-10,3.59570414741096e-08,3.89439031554946e-17,5.36983800695155e-17,1.18302070536112e-08,2.69627554345779e-16,-1.89475940961429e-16,7.4445360880439e-08,-8.31232306345288e-08,-1.07591887182173e-07,-8.96466122522112e-10,2.71988426783757e-06,5.9690352101711e-08,2.68094849838672e-09,4.68568447318867e-17,6.52419387972784e-09,3.04827084384692e-10,1.39886982572919e-09,-9.80077686950819e-08,3.86254469580367e-07,4.73466618857687e-16,-6.69076959000331e-17,2.21391750082576e-15,-4.84747129439707e-09,-1.61424076629451e-08,-1.35289678224938e-08,-5.9329509534004e-16,-1.23592529602539e-08,-1.94306093151822e-15,-1.10500315152937e-16,2.89229290860787e-07,-6.34995926722363e-09,9.14199271839777e-16,-1.5592929363153e-08,-5.58326857096067e-08,8.59347505268021e-14,2.39904159864876e-08,-5.53107348375375e-16,6.38461689677115e-09,5.30315289646583e-16,6.36797209703754e-09,5.51091678171225e-08,1.38486671600219e-08,1.87595695024488e-09,1.28687379179123e-08,-3.53662649908411e-06,1.75850677050869e-08,1.18614530224801e-16,1.03014067625794e-06,-4.47820399980792e-08,-2.34680701215263e-16,-2.21653890666791e-05,-1.72448359525485e-08,2.08424644573506e-07,1.52710578290308e-16,1.27306247511032e-08,1.16573078771701e-07,-2.40620172439778e-16,-4.18753591604304e-08,-9.25138480617315e-09,-3.32669890314355e-09,-5.95612643117456e-16,2.91167748398908e-15,8.46452213171851e-09,2.57619508074762e-09,2.08158429542079e-10,-2.9092804096691e-08,1.46655168392158e-09,-3.82176228101086e-16,-2.65337410655688e-15,5.32933658239468e-09,3.6712380524414e-11,-9.10442624611607e-16,1.27654142363611e-08,-1.65413279491662e-16,4.53886888745051e-08,-2.39104610338933e-09,-1.39571950882648e-09,-9.21748210285074e-09,-9.8987590879774e-16,2.9580406179323e-16,5.46432895984484e-17,-8.23328675069563e-17,-4.92929165959468e-09,-1.27511916883025e-07,-1.06127113410923e-15,-1.08805272953768e-15,-9.43555556411359e-18,2.36176804667177e-08,1.57802010085628e-09,-1.13724306621072e-08,-9.67722953036565e-17,3.61798264958413e-16,2.11115847026377e-15,-6.41586485913358e-08,1.35586809607356e-08,5.14551538060216e-16,1.68623486130759e-08,-5.74530732407129e-08,-4.72612322765865e-16,3.59397350131533e-16,-5.32686726592778e-09,-5.4203699519087e-11,-2.47796380820348e-09,-2.89979151938983e-15,2.45893408378206e-09,3.25239701999974e-09,2.87892287017431e-09,-1.53524104519082e-09,-4.0634062385877e-09,4.87074497872824e-10,1.61622994007873e-15,-2.46230316400013e-15,5.2991790402762e-16,-0.0302062561692954,-2.02415253877156e-06,-1.32694959138075e-08,-2.86370233371849e-09,7.15189484667353e-15,-2.37412984368553e-15,-1.8442876618783e-15,2.33288703993586e-15,-4.10159920760934e-15,6.62821741471249e-08,1.47040560870787e-16,-2.93109986599934e-17,-1.41249812553335e-09,-3.66271030237306e-16,-1.25856600615455e-09,-7.47186565989773e-16,-1.54827182436777e-09,-4.01598684237768e-18,-1.62884039152814e-09,-1.97371907402358e-10,-8.85496703965781e-07,3.06179973787625e-16,5.650653298931e-09,8.61099034269154e-16,6.86495515457022e-09,-6.32328934763777e-08,4.97827796259083e-11,1.01767410977928e-14,6.13696867382847e-09,3.57331058410239e-16,-9.94191917130581e-10,-5.45190637039588e-09,3.83660521774945e-16,5.50737510872877e-16,1.91211153471642e-15,-5.66978421372896e-16,-8.19850269956343e-12,-6.66089397917322e-11,-3.70379313339899e-12,1.40899739093937e-15,4.11949111247171e-16,4.84719216887044e-09,-1.50930373328181e-06,1.28967563155455e-15,6.15898901771501e-15,1.05184622337314e-09,-5.83803057014162e-15,9.28321579524588e-09,1.98164271143012e-14,-1.70770066139962e-07,-1.72977956611811e-14,4.10395816443904e-15,1.13820375535347e-14,-1.09482649872265e-14,-3.62300334648197e-15,-2.810399954248e-13,-0.872311960989681,-0.0265443554518633,1.21479001248663e-14,-6.81629749110401e-08,1.93157190539569e-07,-1.17188972968724e-14,1.45581111442649e-14,-6.16401431678305e-15,-2.01447871007096e-14,1.00413031312936e-08,1.47280993437039e-09,2.16094019844014e-14,-5.62707561383162e-15,-1.54046145844936e-08,-5.44161701812867e-08,-5.51748394081897e-09,9.74310740374144e-15,6.8593851497414e-17,8.67397091965983e-16,9.05417221497359e-16,6.87231863825933e-15,8.45673613683879e-15,2.24926759366553e-08,-2.08817223639608e-08,-3.94727217679135e-09,6.53072304294383e-16,-1.82962418492945e-15,-2.53678008786668e-15,4.32432269419156e-15,2.26240321071467e-15,3.5924288639279e-15,1.16109578860108e-15,1.6821773011198e-15,-1.16859596241825e-15,9.27812631029317e-15,-3.12883890835095e-15,-2.33308580733316e-15,7.64440455284272e-16,1.98118343474256e-15,1.19024872305216e-07,-8.61851125926514e-15,2.86193859910356e-14,1.26160971810667e-15,3.97215315905203e-07,-1.36568709378388e-09,-3.34020067409707e-14,-0.200306833204328,7.26301123582505e-08,1.37420278749041e-15,-3.29479082117156e-14,-2.96361675065506e-08,-3.45438119259659e-15,2.81996085388281e-09,1.59725003620008e-15,8.68919235609676e-16,8.24431291542852e-16,2.03740593990752e-15,4.06612131879124e-10,-5.58300623685523e-08,3.81312455396437e-15,-5.97008680537873e-16,3.34465205370089e-16,-1.68489513257822e-15,1.77418843505528e-15,-9.77934332672946e-16,-2.04359830455072e-16,7.77674106493205e-17,3.31459622990772e-08,-4.80034019781896e-16,-3.98798278590596e-16,-2.99406139408029e-16,-5.46472592016782e-15,-2.193305558231e-15,1.5474670770382e-16,-1.25606725822601e-08,-3.62742390195855e-16,9.76993099520963e-16,9.34767195430199e-09,-6.92917483343639e-16,2.91217610135357e-16,3.69243039465429e-16,-2.43114733524595e-16,5.27515192666354e-08,3.08729038116109e-16,-5.62085762199632e-09,8.1620087711792e-16,-5.77289143400695e-16,-9.3129364435641e-15,8.04011296830307e-16,2.98972870701915e-16,-3.89972595878477e-15,2.01813625608917e-10,5.78539511556747e-16,7.68087773218515e-16,2.67695420577703e-05,-2.49692194049701e-08,4.81010305392826e-16,1.74851658316432e-08,2.55797313463315e-09,-1.06282307583195e-16,-2.05257932496893e-16,7.06587432072924e-16,-2.38943265529044e-16,-4.20393351184893e-16,-4.22787887427375e-09,2.39467011358463e-15,-1.17028894082085e-15,-8.45647600956871e-16,1.6862969850992e-09,-9.56014693459807e-16,-1.07166757893977e-15,-7.15136446975728e-16,4.39203758966385e-16,-7.64671550153467e-10,-1.0100493145666e-16,1.58562983218051e-09,1.16921471353715e-15,1.74605559033736e-15,1.07514284356124e-15,-1.33657906232104e-16,-6.67554535414716e-16,9.52516067660591e-17,4.62855229199073e-17,-3.53456454664798e-08,-8.46171627115197e-16,2.23707001428621e-16,1.14632248422514e-08,-3.29448617553269e-16,2.61120789663694e-16,2.41100466440503e-16,1.63606565765112e-16,-1.07481423488286e-15,5.6865975466477e-17,-1.19819031523911e-08,2.72097828268543e-16,-5.31249083830553e-17,2.45664863263447e-08,-5.73348146187268e-16,1.67756024740637e-15,-1.87717403712482e-16,-4.73540935928173e-16,-1.09129903987088e-15,-6.45063604454061e-16,1.23843508287097e-16,-1.9580690657564e-16,-4.00598523492117e-16,-2.17568181635963e-16,-1.66292785896004e-16,-1.27930885356024e-08,5.48507514942664e-08,-1.24700834128515e-16,-2.65135691125365e-16,-1.99592610395307e-16,4.20555904998579e-16,-7.85829734617494e-16,-5.62947370353004e-16,4.37456870349123e-16,-2.78571583407384e-16,-5.30200333056821e-10,-6.01681628494302e-16,-1.98604343311111e-16,3.81220420090683e-16,3.6900541398302e-17,6.76722902577486e-10,5.63454677274755e-18,-2.48167128445225e-06,-5.72427505120424e-17,8.51391511393986e-16,-8.1843480899229e-16,3.6002394896277e-17,-2.2124806915389e-16,6.46438521009354e-16,-5.20445382909564e-16,4.21408381587106e-16,4.24261467300653e-16,1.96122702071914e-16,-4.7754208079503e-16,2.67881331232583e-16,1.3343141822501e-15,1.22919399538845e-16,-5.94525188718376e-17,7.32874538067332e-16,2.63738299464539e-17,5.15083388288685e-17,-4.12169199258026e-17,3.88235027689401e-16,-2.95770352654046e-16,6.67973626751667e-17,2.32859755559802e-17,7.53047530714626e-17,-1.2858012675512e-16,5.03559728849697e-11,-4.79800696458112e-17,6.10203932354399e-16,-4.93229679099937e-16,2.28287441822625e-16,1.80938442785063e-16,-6.51257596004918e-16,6.33087975878344e-17,2.85373601847663e-16,1.46764473509892e-16,-8.2295728953473e-17,1.87480239666193e-15,-2.12088406308284e-16,-3.69822642198073e-17,7.47415141282845e-16,7.56122323824502e-16,1.39485278795597e-16,-5.28100880955622e-17,-6.4453464769122e-10,-1.21821696168647e-16,-3.05595824000171e-16,5.00254123238641e-17,8.54055876218634e-16,3.81297448954065e-17,-2.72538168069884e-16,2.92746598085877e-16,2.66660723281958e-16,-2.37289395649752e-16,1.3592245070082e-10,4.88526181070677e-16,1.51607698738202e-16,-6.9480883737205e-17,-3.39973951978613e-17,-3.76337903174852e-16,4.44655260678456e-16,-7.33333345011728e-17,6.41368571274852e-16,-1.76871972254583e-16,8.76633406364421e-16,-4.47155605701803e-17,-2.99615827657601e-16,-1.79922130099572e-16,6.83104207054017e-10,-2.08783560530708e-16,-8.18409690097525e-17,5.0749297364512e-17,-5.69856661858381e-16,-2.05294169616122e-09,-3.05044017724313e-16,6.21427283114817e-16,-9.92398195341821e-17,-1.68884281858552e-16,1.30062601439926e-16,-3.43661721691652e-16,5.54413416629781e-16,-2.88798638522867e-16,-1.55333576371422e-16,3.1621537819765e-16,8.60792289543808e-17,7.40520391204515e-16,-9.98497308144351e-18,-3.89046609910624e-16,-1.16152725603778e-16,8.3186623891591e-17,-2.38547024358806e-16
"t580",-0.0445056000437566,0.0416882926218097,-0.0686554699113258,0.0339391050900197,0.0102466834139649,-0.00544560828568825,0.036187883061685,-0.0833204083195781,5.01078540674113e-05,-0.0003015168181775,-0.000175564414114582,0.00994078460868616,-0.0164670968379771,0.00238415188999306,-0.000583557050086607,-0.0832232008987136,0.00188645146103087,-0.00385226393061723,0.000256555999266329,-8.88810347218078e-05,0.00733904188827302,0.0281289023916468,4.36410927362844e-05,-0.000254086131787776,3.69069455454099e-05,-1.22356491711784e-05,1.35576560162955e-05,-1.1630877976925e-05,0.000137389348213389,0.000164083209716177,-5.73391367827709e-07,1.02311033747072e-06,-0.000315163891953758,7.17518187550717e-07,-3.30803175510046e-07,-2.29782767916123e-07,-6.53150058601822e-06,2.09772957857601e-08,7.48330464945143e-08,-4.09611421531855e-08,-9.30104375147263e-06,2.17335480320976e-06,-2.4578296549362e-05,2.94340355070787e-06,-0.000865255798742868,4.3710517196057e-06,-7.49338801709977e-06,0.000168663423314216,-1.90071256115001e-05,5.75217803922536e-05,-0.000867839203360875,0.000146997808925586,-2.32390426635999e-07,0.272387283399955,1.7974264576737e-05,-0.000167082015038462,2.60307793989171e-06,-0.000158301002629278,5.31910743475383e-05,-0.00233956199618756,-5.29393092218938e-05,6.09478850029584e-06,-0.000197244952481129,0.000104795984707987,-7.43919900275264e-06,0.000175036332028789,-1.12298793948279e-06,4.08522670380639e-05,-0.000113610071229707,4.62584597161495e-05,-5.08612542348712e-05,0.00940527553332711,-1.50814505583129e-05,-0.00164716878153856,0.00082083025364897,3.70871178672543e-06,-0.102760969430726,-0.000100947708456063,0.000105464299139083,9.5988433506171e-05,-2.0544698484251e-05,-0.000291642885076666,2.76608588428429e-05,0.000167209895166001,-1.21430937699449e-05,-0.00275947518295699,0.00189595251760229,3.98173588598654e-05,1.70933457696928e-05,-0.0268114746512747,-3.18643002936411e-05,-0.012973875775036,2.4140279949552e-06,-5.37458051359572e-05,-4.54555278290379e-09,-7.0748787908362e-06,1.6027856153235e-07,5.26529474039822e-08,1.13054935365888e-07,5.5900425340536e-08,-1.23876383108415e-09,1.43433225266201e-09,-6.81981741300996e-09,7.24964241186499e-08,-3.43338139867319e-08,4.10781842715575e-07,-2.16269137659835e-06,5.89782618154653e-07,-3.60677622565286e-07,4.28529630819231e-06,4.1868420430068e-07,1.13356352661839e-06,-2.53498672507434e-06,3.03291944244951e-06,-1.25282405689413e-08,5.4941464112764e-07,-8.6171072870035e-07,1.09215895503005e-06,-1.35246674794737e-06,4.01380219124823e-06,-2.21615628698146e-05,8.4693977810381e-06,-4.75406235673724e-05,-0.000164740656866083,0.0441922544077185,0.000104432605366127,-0.000772366424273259,7.93951588269035e-07,-2.85064591329578e-07,-9.17994382193018e-06,1.26943554845833e-07,1.39954670019419e-07,-3.15297742532554e-07,-8.32061513743974e-08,4.44703179496656e-07,2.71002790906741e-07,-2.63852763464379e-09,-2.21506204769337e-06,9.29962749574775e-07,-2.71453328525011e-06,-1.97129403582704e-07,-8.62876217961822e-06,3.22596646001727e-06,1.02012971643727e-05,0.00608678465470117,-1.11188555830804e-08,-6.82875911523448e-07,1.14650452876257e-07,7.67830111674206e-09,-2.7336271898989e-08,-0.000118395690201722,-8.04759459965824e-08,-1.39497286448586e-05,6.76328836581044e-07,-2.15254318676918e-07,-1.88952179059163e-08,2.84931885140997e-07,-1.85350231348532e-05,-8.84451866337859e-08,-2.93819559277634e-08,-1.44692786532123e-05,2.82314403359234e-07,-1.5869681522082e-07,-2.09695758341847e-05,2.51196301604451e-06,-9.2141854980915e-06,1.53681501645329e-06,2.63801781728275e-08,1.31306396444503e-06,1.77782423194189e-06,-2.15244852073355e-05,-5.1001322966283e-06,0.00366103170134247,1.39830485820079e-07,2.66561030405492e-06,6.04391098757402e-08,2.40003420126582e-07,-1.80106698647385e-06,-1.56344153250315e-06,-0.000259833204838066,1.2987130618973e-05,4.31222123035827e-05,-1.08426246268558e-06,-3.54896511215423e-08,-1.38874910815352e-07,-2.66900914986059e-07,-5.53317220189526e-06,1.79618632923034e-06,8.27317034735991e-06,-0.000485886983832462,-2.02145153813201e-07,4.97132650246873e-07,2.20591852827329e-06,3.4126992081809e-08,5.40191554790894e-07,-1.80797961319756e-06,-4.85281995176273e-06,-0.302640238128239,-5.55763886429349e-06,-2.43720511181233e-07,-2.32130467511354e-07,-2.69906893294443e-05,3.31995915710112e-09,2.58417582428891e-06,5.6430915195309e-07,2.46490718529658e-05,-3.86012117952394e-07,-0.000705748613795781,9.03388763375355e-07,3.24751402647535e-08,2.40713349035646e-06,-4.90665876924466e-06,7.05627478807488e-06,6.95115683633009e-08,3.6313146446065e-07,2.70226954142863e-08,2.82907248343582e-07,4.26068444587618e-09,-1.83064933000658e-08,-1.2493390376541e-07,-7.43931767571774e-07,1.04874135067666e-05,3.23392917251166e-07,1.12387081514155e-06,-3.42120998658182e-07,-1.80894923781481e-07,-1.92409531963369e-06,-1.57959144921574e-07,-2.7413790847222e-07,-2.44285955718414e-07,7.11466117398117e-06,1.17961295353032e-06,9.64501000488005e-08,1.63798026902213e-07,-1.00417873143755e-08,-1.39979650765629e-06,-1.09491716965606e-06,-2.6012563756591e-16,-2.919620701166e-07,0.000530659144010079,-4.67015273276396e-07,-1.56768150577751e-05,-2.8304008984471e-06,2.67952837542009e-05,-3.85999669315656e-06,0.0323694545532188,7.00255311550441e-07,-7.84190223160004e-09,7.9716071907905e-06,-6.92440631771803e-06,1.83679455733443e-07,-2.36117987901037e-05,8.19633056996259e-07,0.00439632210284973,3.07274677295187e-07,-3.18343787800647e-07,2.35473275941904e-07,-2.58672160885996e-05,-8.86374343414455e-08,1.55289945835816e-08,-2.9586805389316e-07,5.48924079044029e-08,-5.75864299155274e-06,2.69732189934279e-06,-2.46075205639296e-08,8.29027401403941e-09,-7.78881508070146e-09,-5.48084885172355e-07,1.24421364969858e-06,-7.67444356074077e-09,-2.99678879607959e-09,6.03267010936351e-09,-5.1535774641392e-07,3.15398752017528e-05,-7.28572331558663e-08,9.91486861243257e-07,-5.32622754865607e-06,4.50441635757098e-08,-8.5051165101567e-08,2.90246481572843e-08,-1.4907166555841e-08,6.67922746844366e-17,2.97514988266026e-08,9.89008300561671e-10,8.29951075779816e-12,5.43191581740011e-08,-7.12189576192173e-10,3.70146270194472e-10,6.00941301679399e-08,1.42844464620104e-09,-1.99636823646788e-09,5.5856273290803e-09,4.19691830965634e-10,-8.75737668766838e-10,1.23643551654389e-08,-1.58364899467025e-08,4.15834785994754e-07,-1.36706789066882e-08,6.75180387672055e-06,7.45984819858231e-10,4.19650253784481e-09,4.56951472002771e-08,-4.54802427602294e-07,1.09368907520442e-08,-4.29228116003493e-08,5.93766612107634e-08,-2.17210601402563e-07,1.45670719723753e-08,1.32166496301778e-08,1.0155317191844e-07,-1.71740423518514e-07,-1.40269618537304e-08,1.16289782667895e-07,-7.72464548655872e-08,1.92135053704252e-09,1.80632533255737e-08,-3.58261914231531e-08,-1.14228073832608e-16,1.20364536927185e-10,5.12059719969542e-07,-3.90522675384379e-06,3.41101271228309e-08,3.07341593373704e-08,9.05920683919388e-09,2.11696483407783e-08,-3.12075786986768e-07,1.17644096776634e-07,1.24986966287518e-16,-9.28454928857077e-08,-1.13570409429404e-09,-3.19790861490969e-09,1.06468720549219e-07,2.44658887520958e-08,-1.66568455265284e-09,-6.44612291482517e-08,1.73190202637007e-08,-5.82908348149555e-07,1.11884184855853e-07,-2.29213176557249e-08,-4.16426421639097e-08,-2.20810792942137e-09,-1.79552208263599e-07,-4.1820740375503e-08,1.75891274156882e-07,-4.56450486468171e-08,3.9576613022963e-17,-7.13226576772902e-06,2.83220021806731e-06,1.98200690874461e-09,1.4305460634814e-07,-8.87071943093931e-08,-1.87533009106877e-07,6.63036169785104e-07,-2.40976754461218e-06,-1.67740002392973e-08,1.45753862850031e-16,-3.09870499890746e-08,-8.58693486239412e-08,-3.93411119053213e-08,-7.99052583850006e-17,7.45872202926523e-08,9.73801047938092e-07,-1.48594153036749e-07,-6.09474275176363e-08,-2.03625397645093e-08,-1.09114166600613e-08,-3.90668232380304e-07,1.09439332347003e-08,1.16379356611469e-07,3.41834186495978e-08,2.45322493006921e-08,1.85311199942851e-06,-9.66206860494762e-17,-0.000422117998007972,3.65418093580703e-08,2.72313114132608e-07,-2.83580151452601e-08,3.87746408622215e-17,-2.81113318352803e-08,3.00483544530411e-06,-1.28051942883977e-08,-1.1411582633451e-08,-2.89531508677193e-08,1.62091122574743e-06,-4.11562717306601e-07,5.82409068264384e-08,-3.04826414839205e-16,2.17488255740955e-07,-1.07028311844345e-05,7.97087786012097e-07,2.67831536662654e-07,-2.72301325192069e-08,-1.8309140773005e-10,6.24500451351651e-17,1.73156987936822e-16,-1.78481688242178e-10,-1.31344486411812e-05,9.0337441805541e-05,-3.05235650800367e-08,-4.08461653373163e-17,-1.47509209530407e-08,-1.75532263651236e-10,1.09401878129435e-16,9.01213639906537e-17,-1.12333304704796e-16,3.81984092601632e-08,1.13069526005864e-07,-1.65692875541388e-07,9.91154594085697e-08,4.94887961996577e-08,1.03487301069301e-07,-3.13338376523858e-07,-1.48032250265112e-16,-7.1906832206409e-08,2.68295122164198e-07,-5.35848980101449e-16,1.52233250197911e-17,-1.67441476368018e-07,-1.62440008680391e-11,-0.0128306701374114,-1.60028434128118e-08,2.75361319378449e-07,-2.12729956674491e-09,-1.15080833182772e-13,-7.7472658852384e-09,-6.52157433187464e-16,-3.0827056404261e-08,-1.07964852336107e-15,-0.000232090786582618,-3.73889798249066e-18,4.55352075117368e-08,8.27017627238869e-08,4.18010872703472e-09,5.56162207199575e-08,1.92556375465612e-07,-9.03591783343191e-05,1.43352118636865e-07,7.37292321001716e-09,3.58762362104987e-08,3.34507793784159e-09,0.00020881882661614,-1.47521660379963e-07,-3.72397455858431e-08,-3.17418265426839e-09,-0.000287438523970342,-1.83281465013982e-17,6.61890627214837e-07,-1.16241675946463e-07,1.17671411424742e-08,2.01294749495862e-16,1.56673596074031e-09,4.2812859942706e-08,1.53674714695109e-07,8.56158370501754e-16,-2.59177408603426e-07,-1.99626468193869e-08,-1.06785334560253e-16,-2.6468454035125e-08,3.13309052238177e-06,1.92490470036276e-17,1.00353009532962e-16,-1.54187015691039e-08,-1.19353896660271e-08,-6.82502068891463e-11,-9.50837757576075e-08,2.54764232070387e-08,5.20267627122578e-08,7.23223297877819e-09,8.94702709460363e-08,-1.53156558692104e-07,3.88144377749811e-16,2.19742815192131e-09,2.18306368512757e-10,6.03767534916101e-10,5.66504284520354e-08,8.96065815400389e-17,1.52652938932818e-16,1.87006970294312e-08,-1.82735017808423e-16,-1.04205310883422e-16,1.20270703492694e-07,-1.34817615194994e-07,-1.74517793682397e-07,-1.46686637680001e-09,4.45583776472565e-06,9.78126598683453e-08,4.40052801134896e-09,8.71613469536858e-17,1.09070369262509e-08,5.11677780850795e-10,2.35129305917189e-09,-1.65864273154525e-07,6.62141694993447e-07,2.62468435711256e-16,1.12328782936925e-16,3.96635478442019e-16,-8.47368598320568e-09,-2.8468548857413e-08,-2.38758235295282e-08,4.88410212344683e-16,-2.2004297005014e-08,1.8108275664302e-15,1.19562563851728e-16,5.36975221938029e-07,-1.17957883384785e-08,-2.60208521396521e-16,-2.92916519972987e-08,-1.05587812040625e-07,1.64792236717606e-13,4.60157564567016e-08,1.20622714743125e-16,1.24672167414906e-08,5.77325062467273e-17,1.24553050360483e-08,1.07928516112236e-07,2.71615559370119e-08,3.68686924454045e-09,2.54090947381871e-08,-7.11020391688843e-06,3.63173632212416e-08,1.36678162333537e-17,2.20676008967847e-06,-9.63287822253871e-08,2.7470926011051e-16,-4.79454003478039e-05,-3.76905538429288e-08,4.59927316594252e-07,2.07103852295714e-16,2.90827801403249e-08,2.68243507099681e-07,1.27851960235831e-16,-9.73106843128449e-08,-2.16050033940473e-08,-7.91710692763074e-09,5.95779811373116e-16,1.49967764232648e-16,2.11447882597321e-08,6.58164842611384e-09,5.34334498428717e-10,-8.37809974458295e-08,4.31591994252591e-09,4.20555419068481e-16,7.09256432598861e-16,1.59292258332623e-08,1.09953084873978e-10,8.32054212601279e-16,3.92964206514004e-08,-2.2790701076751e-16,1.43692732920858e-07,-7.88691882884192e-09,-4.61783648178269e-09,-3.0868726020186e-08,1.68120966876075e-16,-2.38514256604578e-16,3.91846340286044e-17,-8.70382747946858e-17,-1.86700637636557e-08,-4.8849586952027e-07,-3.7185003020708e-16,2.01330254093002e-15,-2.99667266403954e-16,9.44696209592211e-08,6.43762106427048e-09,-4.91182426432189e-08,-1.90627083578059e-16,-1.06240970881855e-15,-3.5453411040276e-16,-3.53718633619668e-07,7.55198645303764e-08,-5.69426046369551e-16,1.06713211024017e-07,-3.85588708990138e-07,7.22418321637642e-16,-1.0070363093796e-16,-4.19651474989993e-08,-4.33234477228548e-10,-2.22180996799334e-08,1.18247675098452e-15,2.80004840674206e-08,4.38433146006785e-08,5.28630769192005e-08,-5.88652504383217e-08,-2.23710240919584e-07,1.63800455433872e-07,-4.05918385982202e-15,1.46149327889606e-14,1.31910726497676e-15,0.322320578154714,2.12290349016671e-05,1.21603494902974e-07,1.5516307284893e-08,9.37818377347303e-15,-4.69851134709127e-16,-2.55360398798314e-15,-2.49376416772184e-15,4.4116477786551e-15,-2.40262957883539e-07,1.92377572826684e-15,-4.04496032274868e-16,4.47331195636106e-09,4.33909479578655e-16,3.95822629466994e-09,6.71652971920608e-17,4.81299705487698e-09,1.32789241494138e-15,4.0905765966116e-09,4.7242090364458e-10,1.97269545240039e-06,-2.52819090824575e-16,-1.15516908227799e-08,-3.0410807397983e-16,-1.17105271344633e-08,8.60871354184849e-08,-6.71275223179304e-11,-3.2623410124489e-15,-7.56828602591854e-09,1.27688715195546e-15,1.06542211953197e-09,5.80238162684894e-09,2.44784743834113e-16,8.10753836225314e-17,-1.75278463874256e-15,-2.25524689562116e-16,7.7673861890165e-12,6.12039655143135e-11,3.28056135966203e-12,-1.78778802169612e-16,2.31907876721174e-19,-3.60801766797534e-09,1.11461945306521e-06,-1.46343912438633e-15,-1.73124623091192e-15,-6.1825030431276e-10,5.05443147022004e-16,-5.18562310005908e-09,-1.96369378210697e-15,8.18223550697256e-08,3.64097776332118e-15,-2.97066976620698e-16,-3.64362377405353e-15,3.67942564769087e-15,1.06621729782457e-15,9.98502898311722e-14,0.29393067728682,0.00889866004672592,-3.85509093212287e-15,1.98035844633465e-08,-5.26234307896171e-08,4.1731852617653e-15,-3.6436253119261e-15,2.11056221922207e-15,4.08400610377595e-15,-1.98646588215471e-09,-2.66675719838783e-10,-1.20176249420243e-14,1.69080686893452e-15,2.50505075606565e-09,8.71910542493988e-09,8.39738379962577e-10,-5.8568951095721e-15,9.19306774512086e-16,2.57703565506852e-16,5.20763938182063e-16,-2.1716512434066e-15,-5.56035549719417e-15,-5.08573766257167e-10,2.08801503177154e-10,-1.08935074930013e-11,-2.61413784579404e-16,2.36946609688731e-15,8.37678839031374e-16,-3.60904907136298e-15,-2.13686225809569e-15,1.16501773967363e-14,3.28908811395073e-15,-1.95384296821151e-15,2.74321551912074e-15,8.76100374697862e-15,-2.06163739612425e-15,-8.15079914322246e-15,2.08169514890584e-15,3.26340191879335e-15,5.86004288721771e-08,-9.72812586486881e-15,4.7666947344576e-14,-2.18350446403593e-15,3.91564516854917e-07,-1.75783600234552e-09,-5.32538064765989e-14,-0.319071601854616,-9.52396237453069e-08,1.66293361963397e-15,-4.78856963397974e-14,9.43686128927426e-09,-1.17032377546878e-15,-2.94006472045731e-10,1.46774925759306e-15,-1.35623978365267e-16,-9.14536229399312e-16,-3.48105709457438e-15,9.89573738184224e-12,-1.68573832189291e-09,5.83954209949477e-15,-7.77181716970515e-16,-2.23692162750093e-15,-5.17734869374395e-15,7.3075226425523e-15,-3.93112133385203e-16,1.04228552636714e-16,6.83556311273512e-16,6.89460607219048e-09,-1.54653710509062e-15,1.01254439553538e-15,2.2651135785197e-15,-2.67110465656336e-15,-4.97729764857057e-15,-1.18120957203467e-15,-2.92804267122956e-09,-1.69628572102672e-15,-2.79975998193412e-15,2.21999848297045e-09,-3.2108763169924e-15,-2.09284338773191e-15,-8.6125039893317e-15,7.37593580694919e-15,1.50034309885029e-08,1.10008299194387e-15,-1.64173845536243e-09,-3.17703602618504e-14,-1.32570278757766e-13,0.707106781186552,1.75251954756609e-12,7.43477960759184e-14,7.00638689072054e-14,6.19793695566634e-11,3.590692546083e-14,-1.96309239172803e-15,8.51762921322484e-06,-7.95845082338915e-09,4.45421417232624e-15,5.73378864132559e-09,8.46043286976516e-10,1.55959416392561e-15,5.39986737713184e-15,1.07627918514196e-15,-1.88771959417486e-17,-2.78330271837872e-15,-1.56323386290007e-09,-4.11582088871717e-15,8.77672611693222e-15,-1.35096072723189e-16,6.39142021958304e-10,8.70671735690082e-15,-8.54220155680046e-16,-2.0380463644601e-15,-1.84669895131034e-16,-2.98883918943123e-10,3.92872317894451e-15,6.25410070025755e-10,-2.78710590436499e-16,2.70466722757115e-15,-2.71101962295202e-15,-1.35506964342429e-15,-2.18962447483416e-16,-1.96720271033704e-15,1.22310011439736e-15,-1.4583519231452e-08,-2.0786791462637e-15,4.07999334969055e-16,4.77943774217096e-09,-1.1497923555775e-15,-1.53327053465063e-16,5.72827054872008e-16,6.63398571398738e-16,-6.00414078050098e-16,5.23424622845392e-16,-5.15413263766594e-09,6.95672752913785e-16,-6.96537641522955e-16,1.07083304666529e-08,1.59909023283179e-15,2.87267105232946e-15,-2.41795376435585e-16,-1.67981072484544e-16,-4.10945536945989e-15,7.88116773220559e-16,-2.90896157463415e-16,1.99501471695674e-16,6.17180515289633e-16,-1.10241035185745e-16,-1.5466765865884e-15,-5.83496990267222e-09,2.51455602945052e-08,-6.7389931797085e-16,3.85840627812712e-16,-4.29752919801607e-16,3.70924317722817e-16,-5.77836389847874e-15,2.03932974948274e-16,2.02752221744787e-16,-2.3444621801325e-16,-2.49355790226234e-10,-2.80977130409007e-16,-4.98313281248375e-16,-4.91672404319138e-16,1.6453413280653e-15,3.24824570617936e-10,2.90571577106627e-17,-1.21732713680984e-06,-1.44371607284729e-16,-1.84048350739846e-16,-1.31027210196587e-15,3.33248240680566e-17,-3.86676820009553e-16,2.62304014212395e-16,2.09264158382123e-16,-2.08560483494163e-16,4.43328766249249e-16,-5.54646428969935e-16,-4.45604734860747e-16,4.22815450767988e-17,-6.75419182225621e-16,-2.99102356051468e-16,-5.68738780495451e-16,-1.08169003391843e-15,2.7735687276677e-16,9.10322029529379e-16,1.609465391028e-16,-9.69936899965207e-17,-1.06338549077378e-15,-3.25545290876854e-16,1.69514402138209e-15,-2.5317631695619e-16,-2.31930961149228e-16,2.64874260111658e-11,-3.46492753774767e-16,-8.94896018569059e-16,-3.24221878793401e-17,6.33599022720969e-16,-1.08122239962571e-16,-1.9794482036908e-16,4.66856457419752e-16,-2.56830727887031e-16,-1.305199247188e-16,-8.10607581458075e-16,-2.1467203015213e-16,-1.62817382696793e-16,2.86461084082859e-16,-3.72184406102389e-16,1.24828733712944e-16,3.82310533124896e-16,4.37003553339457e-17,-3.52806855165424e-10,5.49706445277046e-17,-4.08805849271519e-16,2.55309872030041e-16,1.42090059865505e-15,6.35326724687837e-16,-4.22862969995925e-16,-4.10784145919496e-16,-5.62924051709387e-17,-2.9897768732498e-16,7.71452091694656e-11,1.11844672226539e-16,-2.35415600440464e-17,8.75917876185692e-17,2.0024089980112e-16,7.37913640168461e-17,4.23611581963946e-16,1.63980088602796e-16,-1.39828351075981e-16,1.12028632318132e-16,-5.60015642178994e-16,3.28703585632716e-17,1.40137105219875e-16,1.92653768233883e-17,4.00423188098464e-10,2.9472907184636e-16,3.75191566643022e-17,-8.04790866191329e-17,-1.20996962449382e-15,-1.22013700099752e-09,3.87218431970511e-16,-3.91348264534918e-16,3.58504725128628e-16,-2.20814278200681e-16,1.47421979808058e-16,3.15234595921276e-16,5.38496054795426e-16,3.53818878542402e-16,-2.7514885306164e-16,-6.49698351406396e-17,9.54885848182073e-17,2.31670733936025e-19,-2.98981048370561e-16,2.14587965962584e-16,1.73686924044943e-16,7.08742584315755e-17,-2.67820222473144e-16
"t581",-0.0445056000437567,0.0416882926218097,-0.0686554699113258,0.0339391050900197,0.0102466834139649,-0.00544560828568825,0.036187883061685,-0.0833204083195781,5.0107854067416e-05,-0.00030151681817748,-0.000175564414114585,0.00994078460868616,-0.0164670968379771,0.00238415188999306,-0.000583557050086628,-0.0832232008987136,0.00188645146103086,-0.00385226393061726,0.000256555999266338,-8.88810347218008e-05,0.00733904188827302,0.0281289023916468,4.3641092736284e-05,-0.000254086131787783,3.69069455453935e-05,-1.2235649171174e-05,1.35576560162691e-05,-1.16308779769154e-05,0.000137389348213381,0.00016408320971616,-5.73391367817409e-07,1.02311033746958e-06,-0.000315163891953783,7.17518187576331e-07,-3.3080317551292e-07,-2.2978276837288e-07,-6.53150058599328e-06,2.09772957868638e-08,7.48330467822886e-08,-4.096114229026e-08,-9.3010437513799e-06,2.17335480340705e-06,-2.4578296549441e-05,2.94340355081463e-06,-0.000865255798742845,4.37105171990911e-06,-7.49338801700312e-06,0.000168663423314267,-1.90071256113142e-05,5.75217803919263e-05,-0.000867839203360905,0.000146997808925483,-2.32390426687431e-07,0.272387283399955,1.79742645769381e-05,-0.000167082015038245,2.60307793980828e-06,-0.000158301002629262,5.31910743474493e-05,-0.00233956199618756,-5.29393092218516e-05,6.09478850042972e-06,-0.000197244952480456,0.000104795984707477,-7.43919900265826e-06,0.000175036332029416,-1.12298793956301e-06,4.08522670382063e-05,-0.000113610071229255,4.62584597158689e-05,-5.08612542345578e-05,0.00940527553332722,-1.50814505582598e-05,-0.0016471687815382,0.000820830253648819,3.70871178671533e-06,-0.102760969430727,-0.000100947708456043,0.000105464299139089,9.59884335060781e-05,-2.05446984841721e-05,-0.000291642885076132,2.76608588428513e-05,0.000167209895165849,-1.21430937699898e-05,-0.0027594751829567,0.00189595251760215,3.98173588598739e-05,1.70933457698705e-05,-0.0268114746512747,-3.18643002936774e-05,-0.0129738757750362,2.41402799512976e-06,-5.3745805135969e-05,-4.54555289605225e-09,-7.07487879111546e-06,1.60278561587071e-07,5.26529474742114e-08,1.13054935388084e-07,5.59004253288638e-08,-1.23876390395588e-09,1.43433231023685e-09,-6.81981738056351e-09,7.24964242578002e-08,-3.43338140577865e-08,4.10781842696032e-07,-2.16269137674752e-06,5.89782618414299e-07,-3.60677622718063e-07,4.28529630825433e-06,4.186842044513e-07,1.13356352670614e-06,-2.53498672517221e-06,3.03291944252602e-06,-1.25282406121058e-08,5.49414641319827e-07,-8.61710728790053e-07,1.09215895505466e-06,-1.35246674809255e-06,4.01380219147669e-06,-2.21615628700347e-05,8.46939778124038e-06,-4.75406235673367e-05,-0.000164740656866166,0.0441922544077185,0.000104432605366202,-0.000772366424273401,7.93951588305527e-07,-2.85064591322311e-07,-9.17994382191452e-06,1.26943554947553e-07,1.39954669939596e-07,-3.15297742347405e-07,-8.32061514823704e-08,4.4470317921527e-07,2.71002790946002e-07,-2.63852763741652e-09,-2.2150620474762e-06,9.29962749438833e-07,-2.71453328520543e-06,-1.97129403448338e-07,-8.62876217927217e-06,3.22596645995113e-06,1.02012971640082e-05,0.00608678465470016,-1.11188555252084e-08,-6.82875911549488e-07,1.146504528457e-07,7.67830113068958e-09,-2.73362718099836e-08,-0.000118395690201887,-8.04759459338575e-08,-1.3949728644958e-05,6.76328836338933e-07,-2.15254318656798e-07,-1.88952179051528e-08,2.84931885186242e-07,-1.85350231349644e-05,-8.8445186601579e-08,-2.93819559951264e-08,-1.44692786532332e-05,2.82314403378433e-07,-1.58696815314047e-07,-2.09695758339919e-05,2.51196301627012e-06,-9.21418549805625e-06,1.53681501651979e-06,2.63801781310856e-08,1.31306396427133e-06,1.7778242319353e-06,-2.15244852072179e-05,-5.1001322967535e-06,0.00366103170134275,1.39830485853087e-07,2.66561030399567e-06,6.04391101390918e-08,2.40003420280655e-07,-1.80106698657416e-06,-1.56344153243844e-06,-0.000259833204837906,1.29871306186762e-05,4.31222123034109e-05,-1.08426246253569e-06,-3.54896511910123e-08,-1.38874910684369e-07,-2.66900915025714e-07,-5.53317220170176e-06,1.79618632924406e-06,8.27317034732245e-06,-0.000485886983832531,-2.0214515379964e-07,4.9713265027184e-07,2.20591852825828e-06,3.41269921824298e-08,5.40191554893466e-07,-1.80797961319502e-06,-4.85281995091583e-06,-0.30264023812824,-5.55763886427089e-06,-2.43720511206812e-07,-2.32130467447999e-07,-2.69906893295422e-05,3.31995925148437e-09,2.58417582432168e-06,5.64309151842315e-07,2.46490718530492e-05,-3.86012117864146e-07,-0.000705748613795843,9.03388763454722e-07,3.24751403070227e-08,2.40713349041161e-06,-4.90665876913264e-06,7.05627478825396e-06,6.95115684629243e-08,3.63131464348265e-07,2.70226954260085e-08,2.82907248338435e-07,4.2606844944541e-09,-1.83064932406472e-08,-1.24933903725698e-07,-7.43931767633274e-07,1.04874135067071e-05,3.23392917170373e-07,1.12387081512059e-06,-3.42120998610476e-07,-1.80894923753907e-07,-1.92409531893669e-06,-1.57959144809903e-07,-2.74137908370017e-07,-2.44285955841483e-07,7.1146611738627e-06,1.17961295358571e-06,9.64501000903337e-08,1.63798026966493e-07,-1.00417871991949e-08,-1.39979650805382e-06,-1.09491716977765e-06,3.85498507140444e-16,-2.91962069934832e-07,0.000530659144010157,-4.67015273139089e-07,-1.56768150574276e-05,-2.83040089850817e-06,2.67952837536419e-05,-3.85999669322613e-06,0.0323694545532199,7.00255311709585e-07,-7.84190218068557e-09,7.97160719074904e-06,-6.92440631779392e-06,1.83679455828842e-07,-2.36117987900744e-05,8.19633056813454e-07,0.00439632210284992,3.07274677392114e-07,-3.18343787789688e-07,2.35473275728077e-07,-2.58672160894143e-05,-8.86374341529838e-08,1.55289946344016e-08,-2.95868054150988e-07,5.48924077841708e-08,-5.75864299162423e-06,2.69732189942726e-06,-2.46075205343833e-08,8.290273804727e-09,-7.78881521189436e-09,-5.4808488525276e-07,1.24421364972525e-06,-7.67444343197879e-09,-2.99678878601995e-09,6.03267011854581e-09,-5.15357746359762e-07,3.15398752020375e-05,-7.28572332101734e-08,9.91486861125066e-07,-5.32622754816151e-06,4.50441634640316e-08,-8.50511652674432e-08,2.90246483984808e-08,-1.49071660429183e-08,2.54292989030808e-17,2.97514984691759e-08,9.8900834905267e-10,8.29951000273644e-12,5.43191582361349e-08,-7.12189524261536e-10,3.70146804542806e-10,6.00941299623311e-08,1.42844438623157e-09,-1.99636850450717e-09,5.58562737926192e-09,4.19691714360973e-10,-8.75737644797399e-10,1.23643554071052e-08,-1.58364898683592e-08,4.15834785936379e-07,-1.36706786923556e-08,6.75180387701892e-06,7.45984999032527e-10,4.19650252404442e-09,4.56951471746079e-08,-4.54802427413277e-07,1.09368908249866e-08,-4.29228115927409e-08,5.93766612462418e-08,-2.17210601284753e-07,1.45670720085986e-08,1.32166496039218e-08,1.01553171906198e-07,-1.71740423227872e-07,-1.40269618942102e-08,1.16289782152878e-07,-7.72464549360585e-08,1.92135038322456e-09,1.80632535757899e-08,-3.58261910895155e-08,6.98006194599275e-18,1.20364430122527e-10,5.12059719937304e-07,-3.90522675428615e-06,3.41101271688549e-08,3.0734159411844e-08,9.05920699405835e-09,2.11696482868739e-08,-3.12075786759509e-07,1.17644098030829e-07,-9.3918169884789e-17,-9.28454929455256e-08,-1.13570419192888e-09,-3.19790835166533e-09,1.06468720608402e-07,2.44658888817984e-08,-1.66568432563218e-09,-6.44612293964416e-08,1.73190199957175e-08,-5.82908347988117e-07,1.11884184753337e-07,-2.29213173875981e-08,-4.16426423090184e-08,-2.20810769696629e-09,-1.7955220795395e-07,-4.18207390166324e-08,1.75891274276661e-07,-4.56450487142388e-08,2.8045059185714e-16,-7.13226576768171e-06,2.83220021823904e-06,1.98200678527378e-09,1.43054605397661e-07,-8.87071943982323e-08,-1.87533009145674e-07,6.63036169709131e-07,-2.40976754461938e-06,-1.6773999652526e-08,3.27514571983119e-16,-3.09870498851693e-08,-8.58693486054405e-08,-3.93411116736628e-08,2.38621938155273e-16,7.45872201865399e-08,9.73801048347361e-07,-1.4859415290368e-07,-6.09474272974021e-08,-2.03625397595671e-08,-1.09114163351507e-08,-3.90668232595154e-07,1.09439335784406e-08,1.16379356618403e-07,3.41834184826062e-08,2.45322492197153e-08,1.85311199890859e-06,-9.84334582444974e-17,-0.000422117998007215,3.65418092663758e-08,2.72313113986697e-07,-2.83580149165119e-08,-2.75413931345379e-16,-2.81113320409785e-08,3.00483544536613e-06,-1.28051943393878e-08,-1.14115827936499e-08,-2.89531508412011e-08,1.62091122647844e-06,-4.11562717102406e-07,5.82409080481375e-08,-1.13034570813683e-16,2.17488256095906e-07,-1.07028311844024e-05,7.97087785913387e-07,2.67831536669259e-07,-2.7230132621066e-08,-1.83091868913105e-10,7.49400541621981e-16,2.58860525198059e-17,-1.78481604616726e-10,-1.3134448640342e-05,9.03374418051946e-05,-3.05235646485508e-08,3.61412354772428e-16,-1.47509207895348e-08,-1.75532028716282e-10,6.5749277290465e-17,2.10788877780727e-16,-3.01242338108736e-16,3.81984095829514e-08,1.13069526066276e-07,-1.65692877019903e-07,9.91154595308075e-08,4.94887963174838e-08,1.03487301098996e-07,-3.13338376635707e-07,-1.33689138143925e-16,-7.19068323467329e-08,2.68295122676841e-07,3.78735288594716e-16,4.47582635428853e-16,-1.67441476246551e-07,-1.62440577788456e-11,-0.0128306701374102,-1.60028436203065e-08,2.75361319104934e-07,-2.12729950060356e-09,-1.15029360684633e-13,-7.74726484255777e-09,-9.12219634645746e-17,-3.08270561815222e-08,-4.70760583293206e-16,-0.000232090786582538,6.36676604831818e-17,4.55352076408274e-08,8.27017629899169e-08,4.18010850473194e-09,5.56162205156754e-08,1.92556375715967e-07,-9.035917833436e-05,1.4335211842838e-07,7.37292360964543e-09,3.58762357323503e-08,3.34507782273597e-09,0.000208818826615965,-1.47521660699679e-07,-3.72397456953051e-08,-3.17418260600035e-09,-0.000287438523970147,4.11424127372041e-16,6.61890626972429e-07,-1.16241675688681e-07,1.17671409454508e-08,9.06235608538011e-17,1.56673591543098e-09,4.28128600253855e-08,1.53674714577065e-07,3.45039561672296e-16,-2.59177408542475e-07,-1.99626467116474e-08,4.11240521176015e-16,-2.64684541708136e-08,3.13309052288494e-06,-6.91415408392889e-17,1.51711287450463e-16,-1.54187020306194e-08,-1.19353898248249e-08,-6.82501081866029e-11,-9.50837744892309e-08,2.5476423309507e-08,5.20267623917761e-08,7.23223311998747e-09,8.94702706357463e-08,-1.53156558245495e-07,2.14238349283136e-16,2.19742803074358e-09,2.18306108572179e-10,6.03767318992928e-10,5.66504285132918e-08,2.75240114903075e-16,-7.91370570620084e-17,1.87006969760739e-08,-1.65163127603118e-16,1.01810035747099e-16,1.20270703224203e-07,-1.34817615037062e-07,-1.74517794252098e-07,-1.46686627385333e-09,4.4558377647185e-06,9.78126592495727e-08,4.40052744154672e-09,6.68873015224457e-17,1.09070373781322e-08,5.11677866561348e-10,2.35129332342157e-09,-1.65864272981625e-07,6.62141695296068e-07,2.34301222196183e-16,-3.90074718811011e-17,3.04555983512036e-15,-8.47368654123925e-09,-2.8468548595328e-08,-2.38758232459123e-08,6.05803016769771e-16,-2.20042968324329e-08,-4.81609507073146e-16,-2.40832140555345e-17,5.3697522221404e-07,-1.17957875665777e-08,-2.88831458750138e-16,-2.92916514302666e-08,-1.05587812233058e-07,1.63952149440519e-13,4.60157559925558e-08,-7.47375943979822e-17,1.24672164830632e-08,-5.07985102470884e-16,1.2455304943514e-08,1.07928516206724e-07,2.71615558377664e-08,3.68687001811007e-09,2.54090942331857e-08,-7.11020391744744e-06,3.63173634246571e-08,1.67569389297711e-16,2.20676009137615e-06,-9.6328782435952e-08,1.05109737112687e-16,-4.79454003471814e-05,-3.76905544696414e-08,4.5992731764236e-07,-2.85118147747566e-16,2.90827800688062e-08,2.68243507494552e-07,1.94170276235721e-16,-9.73106848965547e-08,-2.16050054709901e-08,-7.91710712860449e-09,7.75105020677868e-16,7.50785229200138e-17,2.11447885366973e-08,6.58164821696018e-09,5.34334659809665e-10,-8.37809982949811e-08,4.31591880340303e-09,2.12680482989711e-16,7.10825746050721e-16,1.59292258047939e-08,1.09952622608685e-10,-1.17733983398027e-15,3.92964204819155e-08,-1.21572744187508e-16,1.43692733468457e-07,-7.88691824678284e-09,-4.61783668391447e-09,-3.08687258736965e-08,3.44268315572995e-16,-8.89590377511053e-17,7.33215032820551e-16,-4.64576213199629e-18,-1.86700638935261e-08,-4.88495871544729e-07,-7.13842031741165e-16,1.23840687076606e-15,2.4730510617783e-16,9.4469620517447e-08,6.43761922974223e-09,-4.91182434959317e-08,5.13966337515609e-16,1.77158634984131e-15,-1.44827726200614e-15,-3.5371863402366e-07,7.5519865109589e-08,-4.25161347626303e-16,1.0671321341599e-07,-3.85588709486348e-07,4.18617626470702e-16,-7.91362639983924e-16,-4.19651477707069e-08,-4.33233795915114e-10,-2.22180996655591e-08,1.76567779653383e-15,2.80004841490021e-08,4.38433142071735e-08,5.28630759582228e-08,-5.88652499775441e-08,-2.23710240051151e-07,1.63800454549737e-07,-3.96105536967305e-15,1.43190319155196e-14,1.71010260021352e-15,0.322320578154717,2.12290349016441e-05,1.21603495308593e-07,1.55163069753372e-08,7.09988283282641e-15,-1.00092657474627e-15,-2.11163410826572e-15,-2.89228152756489e-15,2.18126026637506e-15,-2.40262957868869e-07,1.86354820610848e-15,-5.40327653666517e-16,4.47331233282128e-09,2.45269413114286e-16,3.95822540605759e-09,-6.76380634171136e-17,4.81299751389687e-09,1.00950615434414e-16,4.09057734288228e-09,4.72420946479801e-10,1.97269544905248e-06,-8.74411829804251e-16,-1.15516902650901e-08,2.03544117284277e-16,-1.17105272032256e-08,8.60871352032965e-08,-6.71266337164623e-11,-4.33518171645665e-15,-7.56828673991057e-09,-8.02701863258812e-16,1.06541918597575e-09,5.80238166355109e-09,2.53636217763251e-17,-4.04311954945054e-16,-4.93905444228388e-16,-1.49262065483724e-16,7.76702838770024e-12,6.12034488742732e-11,3.28146595648485e-12,-5.1062334439362e-16,-7.36488485325593e-17,-3.60801708650766e-09,1.11461945347981e-06,-1.70593394373124e-15,-2.21293798836897e-15,-6.1824835117282e-10,2.1560251259141e-15,-5.18562207768779e-09,1.4970065110519e-16,8.18223550186627e-08,6.29944877846167e-15,-1.47130262566195e-15,-3.94330962654936e-15,3.77506057100919e-15,1.56991649455175e-15,1.01071209897608e-13,0.293930677286833,0.00889866004673365,-4.33748312419119e-15,1.98035841337401e-08,-5.26234311525832e-08,3.01864020213274e-15,-4.30789009120407e-15,2.3392802515574e-15,4.35609702616789e-15,-1.98646466068667e-09,-2.66677000103429e-10,-9.10989178199356e-15,1.84233099204835e-15,2.50505028992362e-09,8.71910445109375e-09,8.39738049986322e-10,-3.68256377549646e-15,1.69971465118099e-15,-2.97279197814277e-16,3.85851307740633e-16,-2.54702944657027e-15,-6.18604182278968e-15,-5.0857564011875e-10,2.08801641801089e-10,-1.08932374218028e-11,1.43495699520736e-15,8.0493743245419e-16,-4.90739327231038e-16,-2.63216844323286e-15,-1.65905878074818e-15,9.15186659221546e-15,1.91552635734431e-16,-2.48690200149346e-15,2.47910129135662e-15,8.37060819768443e-15,-1.56151087854369e-15,-7.78106296979476e-15,9.86909989332646e-16,2.63331132606698e-15,5.8600424722548e-08,-1.16269708005249e-14,4.85014254496492e-14,-1.93237879515578e-15,3.91564513358322e-07,-1.75783890028665e-09,-5.54837817719235e-14,-0.319071601854612,-9.52396288120296e-08,3.1047062948126e-15,-2.43612816475103e-14,9.43686472451848e-09,-2.25427992331083e-15,-2.94006609866926e-10,6.10878110850742e-16,-6.67672967307198e-16,1.73483415356405e-15,1.23733412131466e-15,9.89565893197375e-12,-1.68573840907552e-09,-6.58684006189673e-16,-2.41503096195185e-15,2.14954697421949e-15,-1.47685825886357e-15,-4.87370560575684e-15,1.4838599582355e-15,4.43079876200589e-16,-1.0474623949983e-15,6.89458659842142e-09,6.05740645462718e-16,-1.07198540491808e-15,-1.77850154237394e-15,2.70773310012363e-15,3.55845346393382e-15,5.57667753515469e-16,-2.92803758886395e-09,1.99085662690157e-15,5.45092476698091e-15,2.21999606493856e-09,3.80282700659454e-15,-4.94221862149203e-15,8.94694870558841e-15,-1.04290718486471e-14,1.50033566087229e-08,-1.36019810142824e-15,-1.64172602446351e-09,3.08453534945371e-14,1.33251828938249e-13,-0.707106781186544,-1.75387132067035e-12,-7.44802380726312e-14,-6.58021027108469e-14,6.19843315436393e-11,-3.59011694937619e-14,1.31923915794682e-15,8.51762954677087e-06,-7.95847563624992e-09,-4.83116742562179e-15,5.73379278445144e-09,8.46056092051683e-10,-2.28594541267405e-15,8.20957919296343e-16,-1.71465547143632e-16,2.43913075533091e-16,5.20540652827428e-15,-1.56323534335351e-09,2.32443992975903e-15,-5.88761648570258e-15,-1.23214114040461e-16,6.39137676269716e-10,-1.12480277515437e-14,3.01118834878071e-15,2.73552258810255e-15,-5.11843096510784e-18,-2.98877988165374e-10,-2.98352229902805e-15,6.25410041144871e-10,-6.51952574332466e-16,-3.36690363845515e-15,2.24912536428909e-15,1.19074308823868e-15,5.58344662931573e-16,1.85613987406955e-15,-1.04424315822126e-15,-1.45835242763119e-08,1.51729736868619e-15,1.27878455275244e-16,4.77943862270896e-09,1.21384655674866e-15,-2.09637176072702e-16,-2.72006034367832e-16,-5.14786292254032e-16,7.19574060129202e-16,-1.21221861406578e-15,-5.15413713725045e-09,-3.72439071655113e-16,1.65344702529883e-15,1.07083386707561e-08,9.33454195161496e-17,-1.69349782708029e-15,7.05061112747613e-16,3.40072515637972e-16,2.62898470443258e-15,-2.1825905052452e-15,3.76515706838463e-19,2.38656947571087e-17,-1.83498166528563e-16,8.10448858200827e-16,1.00007699395255e-15,-5.83497120319286e-09,2.51455733345698e-08,1.28991591883031e-15,-9.47467011905719e-16,2.11298768284506e-16,6.55391994864338e-16,3.51585080493599e-15,4.29701168454256e-16,-1.0748392660078e-16,1.06164633844346e-15,-2.49354644680657e-10,7.34838725721084e-16,4.10426514631642e-16,-3.30895098303027e-16,-6.30791871570457e-16,3.24826569241717e-10,-1.15586922681662e-15,-1.2173271358224e-06,-4.26692880840147e-17,1.08152698613984e-16,1.61901820121085e-15,-1.08161815111311e-16,8.96616987256298e-16,6.36091690084293e-16,1.18339283405892e-16,1.78779947776432e-16,-3.38380056764076e-16,4.68759845870451e-16,3.65034834574865e-16,-9.27763734684815e-17,-2.41389039597074e-16,3.24034078066455e-16,7.48525401957664e-16,-2.36295672212987e-16,-5.53981976500247e-16,-1.23150702242381e-15,2.19555252389341e-16,-2.6451355477511e-16,-7.37257477290143e-18,2.6748379028954e-16,5.12035505711596e-16,6.06636482893686e-16,1.08240688966156e-16,2.64878981404213e-11,-9.54630589719767e-18,3.09139010900839e-15,4.56516375769984e-16,-1.04350535887229e-15,6.49739395414871e-16,3.14222747470379e-16,-1.33779073715035e-16,-1.08751526822956e-16,2.04695417719663e-16,9.192870337816e-16,-2.71050543121376e-15,1.59383705351243e-16,-4.29700866368554e-16,1.16258277575901e-16,4.16794116964601e-16,-1.87165567742719e-16,6.53504855078488e-17,-3.52806439178641e-10,9.61378219671852e-17,1.38433181759645e-16,-3.65464305831335e-16,3.19286468599679e-16,-5.21547856959187e-16,5.96063812841248e-16,3.53244980384331e-16,-1.13520124502265e-15,2.80338139969477e-16,7.71461935646591e-11,1.68685619168082e-17,6.98847336403279e-17,5.14688833712218e-17,-3.82915302929752e-16,-2.47917179060649e-16,-1.16087688585229e-16,-1.22555137611522e-16,-6.56566535754496e-17,-4.65825321444809e-16,3.49038045581806e-16,5.26393367574902e-17,-1.79236742412958e-16,1.7435915759028e-16,4.00423238268853e-10,-1.9122946202364e-16,3.90111825422563e-17,2.28554521473658e-16,-2.21220611273942e-15,-1.22013799612441e-09,4.07302030584321e-16,-2.77084368860415e-16,-3.90153503438075e-16,2.31201572490219e-16,-2.35007643883819e-16,8.22125096577779e-17,-1.29730945019393e-16,2.1437830834483e-16,3.41267116911096e-16,5.96729994710443e-17,-1.66030384732255e-16,-9.49257314803028e-16,1.87329000647608e-16,5.21729107186028e-17,-1.40906811883146e-19,2.8481143142461e-16,-5.86765374542862e-16
"t500",-0.0445028585217052,0.0416828855234109,-0.0686462775727487,0.0339330184475487,0.0102444346535955,-0.0054442068835711,0.0361783880712124,-0.0832968146483743,5.00911082983014e-05,-0.000301394757390468,-0.000175474386605666,0.00993451484620982,-0.0164564100257259,0.00238258143210893,-0.000583156072353985,-0.0831626776284333,0.00188504715680728,-0.00384934486308782,0.000256357143493975,-8.88062651422036e-05,0.00733237065141591,0.0280981243274402,4.35907084266702e-05,-0.000253791137335559,3.68639306078163e-05,-1.22207201209779e-05,1.35409216371345e-05,-1.16163951908322e-05,0.000137213761630884,0.000163836345241995,-5.7247265381731e-07,1.02139813510632e-06,-0.0003145992743398,7.16173291863469e-07,-3.30152279660824e-07,-2.29295520411884e-07,-6.51747998554192e-06,2.0931570567172e-08,7.46688514068935e-08,-4.08699684576822e-08,-9.27976359773772e-06,2.16826545254813e-06,-2.45199097209753e-05,2.93640309948601e-06,-0.000863163125968581,4.35982733647348e-06,-7.47380132259554e-06,0.000168218903649014,-1.89558740709425e-05,5.73628694717297e-05,-0.000865364733244427,0.000146572571435638,-2.31716749602443e-07,0.271583522645556,1.79193903112872e-05,-0.000166569333983806,2.59435894802337e-06,-0.000157758521147137,5.30083023837467e-05,-0.00233107615453769,-5.27396008128283e-05,6.07135638442509e-06,-0.000196475052103169,0.000104385388324409,-7.40923474411156e-06,0.000174313988191312,-1.1181076711388e-06,4.06706998032039e-05,-0.000113099937448929,4.60469304759831e-05,-5.06064624595673e-05,0.00935502227455675,-1.50000934063745e-05,-0.00163810810575526,0.000816304125215679,3.68809111018107e-06,-0.102187730662317,-0.000100375504021152,0.000104845011980345,9.54168812454696e-05,-2.04194749258615e-05,-0.000289856365744667,2.74852398502115e-05,0.000166137014292426,-1.20616711257499e-05,-0.00274075444191111,0.00188293875764946,3.95435388582985e-05,1.69757388173464e-05,-0.0266267767737138,-3.16438253508167e-05,-0.0128803788839222,2.39656752963833e-06,-5.33475217243128e-05,-4.51047818604308e-09,-7.01996116617067e-06,1.59034079544338e-07,5.22379616702581e-08,1.12158976210876e-07,5.54482386217766e-08,-1.2285774529912e-09,1.42252062492434e-09,-6.76356613099582e-09,7.18547620241472e-08,-3.40283745108835e-08,4.07112980814476e-07,-2.14323991156143e-06,5.84467730058993e-07,-3.57416153175214e-07,4.24634479009737e-06,4.14872137557239e-07,1.12313956075985e-06,-2.51164812541759e-06,3.00427249686435e-06,-1.24092695617843e-08,5.44136037300184e-07,-8.5338860388008e-07,1.08146129299419e-06,-1.3390408537702e-06,3.97355757129774e-06,-2.19381055403858e-05,8.38234735837661e-06,-4.70459948617719e-05,-0.000163025844211947,0.0437314485645428,0.000103330130394819,-0.000764204383786726,7.85473026232529e-07,-2.81929716135435e-07,-9.07895877478986e-06,1.25543816427739e-07,1.38381629654643e-07,-3.11740741072123e-07,-8.22649528948219e-08,4.39617777075261e-07,2.67899084061785e-07,-2.6076191245099e-09,-2.18864775881136e-06,9.18606021388338e-07,-2.68136132193055e-06,-1.94710767232765e-07,-8.52267729002914e-06,3.18617534743648e-06,1.00753108532878e-05,0.00601161143582712,-1.09803086205008e-08,-6.74216886417285e-07,1.13171057649086e-07,7.57879661624161e-09,-2.69786617413099e-08,-0.000116845694863223,-7.94186168020115e-08,-1.3766066690508e-05,6.6740310952672e-07,-2.12351664634134e-07,-1.86395520195505e-08,2.81067274706572e-07,-1.82699385872826e-05,-8.71643808408723e-08,-2.89556560097257e-08,-1.42571431573731e-05,2.78166553953409e-07,-1.56334189624269e-07,-2.065688980778e-05,2.47402711125453e-06,-9.07333453235118e-06,1.51250250884789e-06,2.59623453661998e-08,1.29226013604854e-06,1.74952731495588e-06,-2.11800522548887e-05,-5.01845773333313e-06,0.00360178494488234,1.37560184968683e-07,2.62202583677459e-06,5.94491893711585e-08,2.36068985901182e-07,-1.77106146200437e-06,-1.53696393136284e-06,-0.000255420470797662,1.27659827216132e-05,4.23821427834618e-05,-1.06559823784818e-06,-3.4876947322737e-08,-1.36470710552445e-07,-2.62237593628929e-07,-5.43627621859775e-06,1.76411497784861e-06,8.12535674200457e-06,-0.000477149928171908,-1.98446163085073e-07,4.87904753015559e-07,2.16477081849164e-06,3.34857798871285e-08,5.29987172865494e-07,-1.77328096628661e-06,-4.75936734867852e-06,-0.296770247591135,-5.44945766893083e-06,-2.38846018743734e-07,-2.27481931900185e-07,-2.64440666898027e-05,3.25198214710049e-09,2.52988039234327e-06,5.52451209350824e-07,2.41298978634582e-05,-3.77823348828086e-07,-0.000690702953364618,8.83877895567007e-07,3.17625540400416e-08,2.35364661817577e-06,-4.79721138671744e-06,6.89614753056269e-06,6.79192056638419e-08,3.5481083290157e-07,2.63989828035551e-08,2.76257148641677e-07,4.16018342005649e-09,-1.7866694520683e-08,-1.2189473652693e-07,-7.2575698604392e-07,1.02266780414852e-05,3.15319599758441e-07,1.09568755968035e-06,-3.33424157398966e-07,-1.76283954400263e-07,-1.87501783771971e-06,-1.53870713679944e-07,-2.669797901554e-07,-2.37845152210043e-07,6.9262551590739e-06,1.14823396661358e-06,9.38736006542183e-08,1.59417236542614e-07,-9.77026749827179e-09,-1.36169073951449e-06,-1.06489313562268e-06,-1.38764230801489e-17,-2.83872681295715e-07,0.000515925847794528,-4.53864284215715e-07,-1.52305765875195e-05,-2.74912123443464e-06,2.60254075066544e-05,-3.74728457821239e-06,0.0314217136454988,6.79727201167455e-07,-7.6106532634862e-09,7.7355965609212e-06,-6.71791221745838e-06,1.78184406337767e-07,-2.29044872021367e-05,7.94903722387653e-07,0.00425970301985316,2.97627107649894e-07,-3.08263266358269e-07,2.27879192178657e-07,-2.50319119046515e-05,-8.57388161123943e-08,1.50175911900662e-08,-2.86027149736429e-07,5.30608276401832e-08,-5.56585822093913e-06,2.60660776303963e-06,-2.37743314305451e-08,8.00935637172468e-09,-7.52036743173401e-09,-5.29187389482883e-07,1.20129559711705e-06,-7.40850755574365e-09,-2.89276722493681e-09,5.82213904722003e-09,-4.97354538620406e-07,3.04022609880323e-05,-7.0220182213853e-08,9.55501330828779e-07,-5.13169356153412e-06,4.33907039273374e-08,-8.18937817090957e-08,2.79436390609534e-08,-1.43505255381965e-08,-9.62490059132116e-17,2.8630731243985e-08,9.51708470891108e-10,7.98517529104687e-12,5.22445202435276e-08,-6.84781873192902e-10,3.55850867470971e-10,5.77691010176949e-08,1.37191545909991e-09,-1.91725090219738e-09,5.36417774228361e-09,4.02943025696341e-10,-8.40136282898795e-10,1.18601034804533e-08,-1.51892072857713e-08,3.98714508142929e-07,-1.30921929949777e-08,6.46282697669073e-06,7.14035786264034e-10,4.01673817926418e-09,4.36824867861726e-08,-4.34126324781346e-07,1.04376869500776e-08,-4.09521597584367e-08,5.66312471331152e-08,-2.07145602490317e-07,1.38798105854466e-08,1.25922578951386e-08,9.67436396655572e-08,-1.63593095463077e-07,-1.33578292883664e-08,1.10708379399756e-07,-7.35180053909694e-08,1.8283848862617e-09,1.71856082567931e-08,-3.40700376153113e-08,5.68682468812811e-17,1.14143675057398e-10,4.85456335361657e-07,-3.70075805448868e-06,3.23237909102861e-08,2.91242327285045e-08,8.58376592583599e-09,2.0054666211219e-08,-2.95569461836807e-07,1.11368222887359e-07,-2.55310381389607e-16,-8.77952433994499e-08,-1.07378143894777e-09,-3.02264580248832e-09,1.00630087669832e-07,2.31071626528825e-08,-1.57253697091165e-09,-6.08211981535396e-08,1.63345003389409e-08,-5.49294284150902e-07,1.05347422784266e-07,-2.15710099056614e-08,-3.91780126175903e-08,-2.07704297758108e-09,-1.68840025669293e-07,-3.93242865461695e-08,1.65353564828752e-07,-4.29027624600169e-08,-4.17071600501286e-16,-6.69477089541227e-06,2.65772696248553e-06,1.85990350270387e-09,1.3413419615035e-07,-8.3165614445414e-08,-1.75555484258309e-07,6.20422996997564e-07,-2.25470133433992e-06,-1.56895668935338e-08,-3.39207465970706e-16,-2.8973093245607e-08,-8.02773868947291e-08,-3.67602504678447e-08,9.37721424850522e-18,6.96552194950807e-08,9.09289377522014e-07,-1.38740687938666e-07,-5.68978654258889e-08,-1.90050596288352e-08,-1.01821782968893e-08,-3.64507771027435e-07,1.02068423026809e-08,1.08535659440201e-07,3.1870386442807e-08,2.28606849413466e-08,1.72680099036377e-06,-9.48959954399246e-18,-0.000392953422447563,3.40111710050581e-08,2.53357090409869e-07,-2.63685394032922e-08,-6.2117034326293e-17,-2.61059951979259e-08,2.78647204742443e-06,-1.18669009341014e-08,-1.05721860435627e-08,-2.6813651150799e-08,1.50011237397372e-06,-3.80468346275176e-07,5.36915943377671e-08,-1.94180510167286e-16,2.00002995570158e-07,-9.84022125316195e-06,7.32511968993462e-07,2.45977518855976e-07,-2.50070421344007e-08,-1.68113991019542e-10,2.63677968348475e-16,-8.69254904635054e-17,-1.63711186248985e-10,-1.20366046416536e-05,8.27772269825866e-05,-2.79462936656424e-08,1.0033377877211e-16,-1.34811660178618e-08,-1.60293657806356e-10,-5.88545551567189e-16,-1.03834853618803e-17,9.91774707024507e-17,3.47938099957114e-08,1.02958127553047e-07,-1.50705135803404e-07,9.00631533926508e-08,4.49638488709699e-08,9.39279257804698e-08,-2.84360533543853e-07,-2.67289177863828e-16,-6.51190858315634e-08,2.4278679978358e-07,7.73552453086726e-16,5.58705776264289e-16,-1.51072479938342e-07,-1.46453297841592e-11,-0.0115567167717177,-1.44044758990089e-08,2.47545284607122e-07,-1.91201586651453e-09,-1.04337566022267e-13,-6.9612851190027e-09,2.24821585438305e-16,-2.76771483052619e-08,1.1666015375944e-16,-0.000208251018050625,-1.53931562783616e-16,4.08267265787674e-08,7.41386565841337e-08,3.73956931338799e-09,4.97328339866912e-08,1.72154814514854e-07,-8.07202391421842e-05,1.27969993902012e-07,6.57094799717719e-09,3.19733962148426e-08,2.97966001744187e-09,0.000185832990415954,-1.3111734382414e-07,-3.30633002929739e-08,-2.81580976886297e-09,-0.000254879322409464,2.66621673760496e-17,5.86151288464235e-07,-1.02810113142127e-07,1.03696399041716e-08,-5.5224959879162e-17,1.37918852259326e-09,3.7626522291746e-08,1.34963925264426e-07,1.57884369191763e-16,-2.27538620489776e-07,-1.7500405375487e-08,5.43499558143726e-17,-2.3187132366355e-08,2.73264627769214e-06,3.00141990106122e-16,-2.40462242575436e-16,-1.34243920691644e-08,-1.03899717534691e-08,-5.93688503711383e-11,-8.26372938563486e-08,2.20968763852947e-08,4.51172657036269e-08,6.27018066318027e-09,7.73556946266599e-08,-1.32115840810555e-07,-7.58507839870859e-16,1.89388352364969e-09,1.88121302655925e-10,5.20010258490697e-10,4.87601844072309e-08,-3.2896166926621e-16,2.8081410669138e-17,1.60817975489514e-08,-4.32272972532306e-16,-3.13304774142051e-16,1.02836125802472e-07,-1.15156762186646e-07,-1.4906413861626e-07,-1.25009085934099e-09,3.79617163781043e-06,8.33264177385654e-08,3.7471912515124e-09,-2.70621184841706e-16,9.24439252370262e-09,4.33235132931756e-10,1.99015185380942e-09,-1.40148859111491e-07,5.576996891571e-07,1.48933974763955e-16,2.56107836873254e-16,1.1905062144821e-15,-7.10308235892095e-09,-2.38129081236657e-08,-1.9967980124532e-08,-1.20704246105173e-15,-1.83640469280716e-08,2.88183138885335e-15,-1.98266778747437e-16,4.43771943320737e-07,-9.74712591229243e-09,6.78276879106932e-16,-2.41426685003285e-08,-8.68955101546448e-08,1.34752299704836e-13,3.77497625116394e-08,5.92543886721423e-16,1.0187407235824e-08,2.44531274656749e-16,1.01739934573589e-08,8.81355674030153e-08,2.21733504577417e-08,3.00843787446713e-09,2.07125925416244e-08,-5.77356201636762e-06,2.93238177116976e-08,-2.07107452372619e-16,1.76855258602601e-06,-7.7136463822888e-08,6.27083396441039e-17,-3.83502573264462e-05,-3.00859039636538e-08,3.66440075654619e-07,-1.01005361167286e-16,2.30176426853401e-08,2.12012834185744e-07,-3.66173315604109e-17,-7.6770769984069e-08,-1.70291041253394e-08,-6.21869666597245e-09,-2.00199812851974e-16,-1.01635123156812e-15,1.64663430324302e-08,5.10567111213666e-09,4.14172600645928e-10,-6.37542893071257e-08,3.27358587109316e-09,-7.2812869277149e-18,9.28263201047397e-16,1.20545289798412e-08,8.31835228536102e-11,4.87313898960587e-16,2.96115751489052e-08,-1.25383846800726e-16,1.07853545448489e-07,-5.88686572969596e-09,-3.44539962950325e-09,-2.29945223906176e-08,1.6880269444149e-16,2.19066702986113e-16,-1.43414775945401e-16,1.53430985484604e-16,-1.36972243154419e-08,-3.57909832445832e-07,-1.90625780044764e-15,-2.22328811339202e-15,2.06017180789915e-16,6.88790118503445e-08,4.68362574316559e-09,-3.55207748963609e-08,3.4038297817526e-16,6.22115206572182e-16,-1.60461921527855e-16,-2.50149494054091e-07,5.33635532210209e-08,-7.40499621093696e-16,7.46823104559407e-08,-2.68761873657616e-07,5.13249919310561e-16,-2.33975686316556e-16,-2.8961694125317e-08,-2.98745513121e-10,-1.5227413795162e-08,1.23112095085555e-15,1.89858520217005e-08,2.9545011078154e-08,3.5305474635993e-08,-3.8808781312981e-08,-1.46955335178498e-07,1.06854854352623e-07,-2.42154371067372e-15,1.05974847073899e-14,1.62436641757389e-15,0.201086689826798,1.32341390726931e-05,7.53228867993849e-08,9.27712414137754e-09,-3.02042892786751e-15,7.19150793542359e-16,6.09431473090791e-16,-1.58119679116234e-15,1.87676488401404e-15,-1.3755725845452e-07,9.30383327956389e-16,-8.55859825605024e-16,2.51255504510263e-09,-5.77830140296078e-16,2.22088794776065e-09,3.18425861554659e-16,2.69564637123252e-09,-6.26315585686866e-17,2.20761988833959e-09,2.52528420910832e-10,1.03852135410873e-06,-1.03824145248822e-15,-5.96159184824286e-09,-3.66279455185911e-16,-5.75743538646763e-09,3.92351818713608e-08,-3.04811755071506e-11,1.10558551218161e-15,-3.3145011425104e-09,-2.20065694301458e-16,4.37167773796597e-10,2.37256935274181e-09,-5.75611448834785e-16,-5.21057227641111e-16,1.46806380991024e-16,3.09906711996712e-16,2.98004999573101e-12,2.30621758288159e-11,1.20789677373743e-12,2.31445394555644e-16,2.99027555070147e-16,-1.17346949398277e-09,3.60220484545148e-07,1.7824639064781e-15,-3.63645542825642e-17,-1.60554373357523e-10,1.45881479283019e-15,-1.26814857539486e-09,-7.07784554351074e-15,1.6113734154522e-08,1.90889158277489e-15,-8.34542349575414e-16,-5.52615067978935e-16,3.69187448144959e-16,6.40003191561442e-16,-5.3245465688613e-15,0.0231855045063652,0.000686120108489932,-8.96010626703512e-16,5.35087551818827e-10,-2.32269105310059e-10,9.48028388777314e-16,-2.20708624867765e-15,-4.75454834053264e-16,5.62430273718379e-15,2.11453501840473e-10,3.62577988440989e-11,7.524315896293e-15,9.87218344950936e-16,-4.27910815793788e-10,-1.53030367451037e-09,-1.60924198350601e-10,3.02839900305325e-15,-1.87585680762889e-15,-7.59596458684231e-16,-7.0307335204143e-16,1.24687716395901e-15,4.5416240644055e-15,2.71525289442803e-10,-1.20347426526195e-10,6.75830922938697e-12,-1.71804735373918e-15,-2.47584966550105e-15,1.72050157463353e-15,1.97585139815295e-15,2.6464970697774e-15,-3.7287806898067e-14,-4.68861262218457e-15,3.39675105898459e-15,-3.77670498586775e-15,-2.3971341682388e-14,6.58721614521097e-15,1.94710571919464e-14,-4.056429645865e-15,-8.05444559810136e-15,-1.23163752524098e-07,3.11311324089967e-14,-1.35381532624345e-13,3.57854773243789e-15,-9.91115398182881e-07,4.65430744172822e-09,1.4728625051519e-13,0.869159731433233,3.37072120829699e-07,-6.40447434590331e-15,1.03299127801127e-13,-4.94765791981798e-08,6.10419072593188e-15,3.10607299143467e-09,-3.05686818921969e-15,5.61898287073535e-16,-1.29343319560716e-15,9.79606837874489e-16,3.41008540954724e-10,-4.62976315485211e-08,-9.98133176234897e-15,3.74334639948962e-15,-2.65988645109704e-16,7.17345315376496e-15,-5.76882291936087e-15,-5.84004424431398e-16,-4.58445949638597e-16,4.29715045891931e-16,2.22911179782685e-08,1.27470751744412e-15,4.50607045866666e-16,-1.70317580924608e-16,6.799172027437e-15,2.61593802001966e-15,5.38096919500333e-16,-8.38367967282612e-09,-4.13525158616433e-16,-3.15967168038932e-15,6.23377110300933e-09,1.76307395809307e-17,6.20226574352773e-15,-6.66784276579319e-16,4.29320013398222e-15,3.51115890280165e-08,3.19559754514669e-16,-3.74428568635413e-09,4.33403185738086e-16,5.94870445587865e-17,2.87421748778199e-15,-1.05907155197342e-15,1.74805839532248e-16,-2.36583154897526e-15,1.34755082910109e-10,-8.54403755136127e-16,-4.64968272006423e-17,1.79164686616253e-05,-1.67136839527942e-08,1.21578016652666e-16,1.17313291047755e-08,1.71755378763606e-09,6.70299653182832e-16,-6.78450323815717e-15,-1.90226283048218e-15,-1.40104339452875e-16,-2.43335425428015e-15,-2.87685560053806e-09,1.10733672750825e-15,-1.40047167242337e-15,8.19330458288208e-16,1.15179644743654e-09,1.50166139736962e-15,-1.02988590360069e-15,-1.65550470045177e-16,-1.27631871822186e-16,-5.24984519027119e-10,-3.55052600225335e-17,1.09036073379194e-09,4.46393934978347e-16,2.22739299426968e-16,-5.26839426363693e-16,3.51892041180466e-16,4.22766857089945e-17,-1.12520267231072e-16,-1.70483525731786e-16,-2.45150841137727e-08,5.20389722947806e-16,-3.86275854620511e-16,7.96772488646246e-09,5.49473063791873e-16,6.21477110810255e-17,-6.92101387053589e-16,3.35903450766032e-17,1.4926231487298e-15,5.95486472185349e-16,-8.38441406219803e-09,-3.77396899315103e-16,-2.26913593041457e-15,1.72422040659495e-08,-1.71270131318117e-15,-1.3196127196907e-15,-9.35033603581318e-17,1.82109744993404e-16,2.67305079770108e-15,1.39891163462215e-15,-1.06471540565227e-16,-2.66772532511797e-16,-1.68996088490586e-16,-4.98204538104821e-16,1.03065877084559e-15,-9.07777113503107e-09,3.89717437510826e-08,-6.29879935863617e-16,7.10319784329526e-16,3.08390970572079e-16,-7.94892758570514e-16,3.53883589099269e-15,6.82182009674397e-16,-1.02882976620999e-17,-2.84218319881961e-16,-3.79242366715786e-10,-7.50235312587508e-16,2.22507893903603e-16,1.66664591677563e-17,-4.51944918207729e-16,4.86758011539109e-10,1.30716681709152e-15,-1.79608209140999e-06,4.85805722078925e-17,-4.69398980854893e-16,-8.41688467525302e-17,-4.5787181522584e-17,-2.84076459472145e-16,-1.39319332151183e-15,5.53112937888313e-17,-3.92479029662231e-16,-3.63419097645662e-16,1.06287733617207e-16,1.55729476752689e-16,-1.80012044983948e-16,3.97655194058007e-17,9.48363310412762e-17,-9.48439075604667e-17,-1.13417800170785e-17,2.98747987090165e-16,3.4507199206052e-16,-3.66663014885259e-16,-2.54592900198727e-16,7.88865500700453e-16,2.9138038519901e-17,-1.75066347819599e-15,-2.65909816355891e-16,3.04101311444358e-16,3.72355857099925e-11,1.93994614142282e-16,-1.60292905230538e-15,-3.70966537143786e-17,2.93117788801648e-17,-7.37212064651107e-16,4.72425025476536e-16,-2.61012470977602e-16,-4.51429820875025e-17,3.73569566543043e-17,-3.37863144709001e-17,-1.19132134712707e-15,1.212716307294e-16,1.18641864853295e-16,-2.92163421671395e-16,-1.1402588953932e-15,-3.39427007492881e-16,-1.58426507343973e-16,-4.82985415403246e-10,-8.25941303002903e-17,5.18878273541149e-16,1.07567934368927e-16,-3.64095419006425e-15,6.34167649451692e-17,-1.42607108408096e-16,-3.20932428279627e-17,6.35579864278567e-17,1.65782638634361e-16,1.03165109875796e-10,1.558060825683e-16,-2.23031618486875e-16,-1.92494670703821e-16,1.94415053207465e-16,4.55197112784609e-16,-5.93742801659342e-16,3.73437412730933e-17,-4.59890550176555e-16,2.75244092880326e-16,1.3243013592661e-15,-5.70770035234547e-17,3.41791387158904e-16,-2.35841229779501e-17,5.24694041057915e-10,-9.9824327104832e-17,-7.60254317901268e-17,-5.2708640019353e-16,2.91433543964104e-16,-1.58518414609369e-09,-3.68838678657747e-16,-2.43347698036812e-16,-1.3756381986197e-16,1.98449383365331e-16,-1.41061532126444e-16,8.07857009737819e-17,-3.1189549285903e-16,1.35049501657543e-16,2.54043480099277e-16,-4.93594579326489e-17,-2.07065109401967e-17,2.18679850698016e-16,-6.06582758940845e-17,-3.54435919419031e-16,-1.87220297424328e-17,2.72759471925327e-17,1.40224165395123e-16
"t365",-0.0444896081827563,0.0416567501605082,-0.0686018459619192,0.0339035970562869,0.0102335642494486,-0.00543743231837698,0.0361324877910361,-0.0831827567970022,5.00101509056674e-05,-0.000300804613810768,-0.000175039072453534,0.00990419486495736,-0.0164047286802876,0.00237498663678063,-0.000581216874339929,-0.0828699650409798,0.00187825531533036,-0.00383522676579163,0.000255395359314355,-8.84446117185994e-05,0.00730010035759151,0.027949216719411,4.33469292232935e-05,-0.000252363828484009,3.66558050923253e-05,-1.21484828166378e-05,1.34599477451779e-05,-1.15463155003995e-05,0.000136364101192855,0.000162641506234957,-5.68025594945419e-07,1.01310959404694e-06,-0.000311865719171061,7.0966154594599e-07,-3.27000468350001e-07,-2.26935782871799e-07,-6.44957653429346e-06,2.07101096383907e-08,7.38735966868664e-08,-4.04283677308028e-08,-9.17668691429314e-06,2.1436123792267e-06,-2.42370715356142e-05,2.90249133318499e-06,-0.000853025345432672,4.30544373691324e-06,-7.37889693545884e-06,0.000166065004343422,-1.87075222171828e-05,5.65927775631238e-05,-0.000853372253358967,0.000144511580373369,-2.28451631329718e-07,0.267687726785788,1.76533901732223e-05,-0.000164084101340577,2.55208172369424e-06,-0.000155127900054022,5.21219897917533e-05,-0.00228991816660118,-5.17708370761214e-05,5.95768163613365e-06,-0.000192739866465367,0.000102393343437841,-7.26384470267124e-06,0.000170808749843739,-1.09442060440736e-06,3.97893517813767e-05,-0.000110623578038492,4.50200132032645e-05,-4.9368982615583e-05,0.00911087022132045,-1.46048050627321e-05,-0.00159408055097558,0.000794310511980898,3.58788541494845e-06,-0.0994020397661078,-9.75945916691169e-05,0.000101834670021954,9.26383507129621e-05,-1.9810631110526e-05,-0.000281169947656098,2.66311556442524e-05,0.000160918946198034,-1.16655500289725e-05,-0.00264967091657563,0.00181961684800866,3.8211177717692e-05,1.64034816500296e-05,-0.02572805800716,-3.05709870587668e-05,-0.0124252900440796,2.31157784591883e-06,-5.14085152015823e-05,-4.339668605126e-09,-6.7525061503391e-06,1.52973299696714e-07,5.02166962388755e-08,1.07794848388803e-07,5.32453223987565e-08,-1.17894674817653e-09,1.36497057867066e-09,-6.48948331938979e-09,6.87264047760781e-08,-3.25391693376061e-08,3.89224397434297e-07,-2.04839281459527e-06,5.58551403820843e-07,-3.4151216425461e-07,4.05639559664258e-06,3.96282103387652e-07,1.07230114347176e-06,-2.39782289308766e-06,2.86452452713095e-06,-1.1828865579093e-08,5.18381329085364e-07,-8.1278230104345e-07,1.02925683250577e-06,-1.27351401735263e-06,3.77711889158213e-06,-2.08473226662316e-05,7.95733725046453e-06,-4.46307429959556e-05,-0.000154652443318572,0.0414813007195061,9.79459693306591e-05,-0.00072434296758812,7.44061184922069e-07,-2.6661317172485e-07,-8.58555875669474e-06,1.18704696692248e-07,1.30694116434631e-07,-2.94356801613945e-07,-7.76649444505716e-08,4.14760332945244e-07,2.52727905474017e-07,-2.45649626324521e-09,-2.05947141501147e-06,8.63051126291521e-07,-2.51908923892493e-06,-1.8287859186898e-07,-8.00368789891843e-06,2.99150106189161e-06,9.45892513029533e-06,0.0056438277600316,-1.03023951257575e-08,-6.31838726347404e-07,1.05929120804287e-07,7.09167476498176e-09,-2.5227774967133e-08,-0.000109256723748435,-7.42415572034697e-08,-1.28667676333282e-05,6.23696994364558e-07,-1.98134293456548e-07,-1.73872269114112e-08,2.62136688874073e-07,-1.69704711259188e-05,-8.08846246871395e-08,-2.68654605596012e-08,-1.32168602430848e-05,2.57825438490523e-07,-1.44745557663355e-07,-1.91231343199748e-05,2.28791202505217e-06,-8.38218561716492e-06,1.39313793774102e-06,2.39109164925639e-08,1.19011931879395e-06,1.61058736593389e-06,-1.94887153645857e-05,-4.61739007863053e-06,0.00331080070319608,1.26409243541547e-07,2.40792904408646e-06,5.45863351011222e-08,2.16741320971004e-07,-1.62362144510449e-06,-1.40682302461292e-06,-0.000233730258073695,1.16789095703972e-05,3.87437689609552e-05,-9.7383527191027e-07,-3.18644245673933e-08,-1.24649245096363e-07,-2.3930430118222e-07,-4.95974175703938e-06,1.60633318909227e-06,7.39814810466509e-06,-0.000434160630251094,-1.80240015415623e-07,4.42473606363384e-07,1.96217207858991e-06,3.03282113412893e-08,4.79731830055349e-07,-1.60234198674161e-06,-4.29895301474128e-06,-0.267846405935157,-4.91636713533791e-06,-2.14812638897527e-07,-2.04562030947271e-07,-2.37482869796965e-05,2.9166635370541e-09,2.26190459692093e-06,4.93926037039237e-07,2.15673725278773e-05,-3.37399209805308e-07,-0.000616421584624636,7.87524128060692e-07,2.82422314121914e-08,2.08933551418673e-06,-4.25631805505765e-06,6.10447917429874e-06,6.00448417881583e-08,3.13664390039856e-07,2.3314126013299e-08,2.43351711570625e-07,3.66285135851526e-09,-1.56893653317876e-08,-1.06843958045623e-07,-6.35740904733978e-07,8.93473578583112e-06,2.7531215625051e-07,9.56008883263322e-07,-2.9030664378348e-07,-1.53421893353245e-07,-1.63167811664327e-06,-1.33591302541093e-07,-2.31465788005418e-07,-2.05881635996102e-07,5.99114900610003e-06,9.92473009280168e-07,8.1082735645799e-08,1.37668372729692e-07,-8.42187268509843e-09,-1.17241782925908e-06,-9.15731935086651e-07,-1.13323442673989e-16,-2.4367226766485e-07,0.000442704051198442,-3.88479570172936e-07,-1.30112471418937e-05,-2.34477844008744e-06,2.2195436203585e-05,-3.18629398843123e-06,0.0267042340690113,5.77542541488153e-07,-6.45933705427737e-09,6.56043047540967e-06,-5.68948876974855e-06,1.50814152663825e-07,-1.93813002024642e-05,6.71697027790459e-07,0.00357839908908117,2.49499698221078e-07,-2.57962027813676e-07,1.89962078035344e-07,-2.08610731298922e-05,-7.1259262502078e-08,1.24623507472611e-08,-2.36839928543828e-07,4.39051386213083e-08,-4.60205581163254e-06,2.15302147503896e-06,-1.9607250572911e-08,6.60434987472583e-09,-6.1769117682728e-09,-4.34612937193222e-07,9.86504445468412e-07,-6.07736316396492e-09,-2.37205438850905e-09,4.76805158490884e-09,-4.07212827560734e-07,2.46994698429993e-05,-5.6999062424393e-08,7.75065395685026e-07,-4.15604124120165e-06,3.50964577602997e-08,-6.60484881921307e-08,2.25179160743607e-08,-1.1556391610546e-08,-5.54113819657581e-17,2.30029328089899e-08,7.64402114631615e-10,6.40735155871568e-12,4.1821247389986e-08,-5.47040287263746e-10,2.83994979734444e-10,4.60817225704659e-08,1.08749387235529e-09,-1.51914893191267e-09,4.2498786722697e-09,3.18641913767544e-10,-6.60804517730008e-10,9.31974074206123e-09,-1.19279598009227e-08,3.12429034918865e-07,-1.01731069070009e-08,5.00387749404786e-06,5.52729682276226e-10,3.10913209251596e-09,3.35077593920369e-08,-3.29443194218254e-07,7.90972508278125e-09,-3.09699515595823e-08,4.27196908895966e-08,-1.561387936906e-07,1.03938079378334e-08,9.42493496684825e-09,7.23434951269333e-08,-1.22255796325593e-07,-9.96187807058553e-09,8.23729963234031e-08,-5.45840887365055e-08,1.35622323845409e-09,1.27271919244758e-08,-2.51446844302477e-08,-2.12794424743004e-17,8.24356052330541e-11,3.49820678887994e-07,-2.6578318193869e-06,2.32121707077879e-08,2.09123180234361e-08,6.15837397744824e-09,1.43656009203293e-08,-2.11327521153477e-07,7.93228039344829e-08,1.74064767331259e-16,-6.19786803266604e-08,-7.57182545438304e-10,-2.12631254031643e-09,7.07689251759974e-08,1.61528108687859e-08,-1.0955814602535e-09,-4.21715174591783e-08,1.12882389468574e-08,-3.76847424696776e-07,7.17846959666641e-08,-1.46342165199459e-08,-2.6512924281282e-08,-1.40340899065623e-09,-1.13764186221834e-07,-2.64884969970502e-08,1.11159899156987e-07,-2.87970412612893e-08,2.56855414530041e-16,-4.44126741477512e-06,1.75876760408764e-06,1.23077279204385e-09,8.81343147991677e-08,-5.45857574506657e-08,-1.13687652192814e-07,4.00214286990115e-07,-1.45330760798668e-06,-1.00832683136253e-08,4.68414344254384e-17,-1.8557378420685e-08,-5.13529391112603e-08,-2.34036123488918e-08,5.16872109578221e-17,4.41160069253496e-08,5.75184944113042e-07,-8.77061913656647e-08,-3.5920698909206e-08,-1.19714270320639e-08,-6.40301098039365e-09,-2.28915319861693e-07,6.38476880389849e-09,6.78612687342394e-08,1.98723117709339e-08,1.41854393430487e-08,1.07124222603268e-06,-3.21875641590916e-17,-0.000241430890672245,2.08610295518605e-08,1.5481503886892e-07,-1.60200258742587e-08,3.7377819375395e-16,-1.566115417358e-08,1.64741158433694e-06,-6.96909824727908e-09,-6.18922246364793e-09,-1.56378359508924e-08,8.6866229038557e-07,-2.17740136074162e-07,2.98140092504598e-08,1.06228352616397e-16,1.0798988809304e-07,-5.29984803688795e-06,3.9245229780529e-07,1.30816327582161e-07,-1.32917199612353e-08,-8.91676515512767e-11,1.94982918699793e-15,6.11567422233398e-17,-8.5774459413162e-11,-6.23819576036369e-06,4.28421839113954e-05,-1.43207328872096e-08,-7.00950908710912e-17,-6.75543090859207e-09,-7.9507470181293e-11,-4.42185905785783e-16,-2.96114917136393e-16,2.21786502901714e-16,1.66960403433848e-08,4.9190522192234e-08,-7.09116757962824e-08,4.18200215718237e-08,2.08458031503934e-08,4.29201762504253e-08,-1.29718329491953e-07,7.57732935445007e-17,-2.88141058550503e-08,1.06243474579975e-07,-6.54837579282916e-16,-1.29764144941052e-16,-6.31721324211116e-08,-6.05422563543359e-12,-0.00470321708246502,-5.79966805901939e-09,9.75944040668672e-08,-7.51205514925181e-10,-4.2627550672438e-14,-2.72200516037592e-09,4.63420566399247e-17,-1.06729335877651e-08,8.93382590128056e-17,-7.94733049559254e-05,3.79368236700884e-16,1.53714916602418e-08,2.78366202086254e-08,1.35219810196303e-09,1.78343326094089e-08,6.15196394951481e-08,-2.84037559055725e-05,4.44180164766391e-08,2.20702791548884e-09,1.07359123828161e-08,9.90120939192282e-10,6.05579871827523e-05,-4.15894949684194e-08,-1.0243486596624e-08,-8.55880776947513e-10,-7.67327808091566e-05,3.31246202939099e-18,1.71157136723174e-07,-2.91136834466656e-08,2.67124230475287e-09,4.92978069314569e-19,3.44833699487463e-10,8.97180874749431e-09,3.15064231549719e-08,-2.83685436054132e-16,-5.25287247729154e-08,-3.85883599463985e-09,-4.83605502125576e-16,-4.99324617112407e-09,5.0151463372268e-07,-1.04296980214634e-16,5.51296836764597e-16,-2.29115820363181e-09,-1.76115671409678e-09,-9.73729546643175e-12,-1.30167534767798e-08,3.15058493586698e-09,6.37390910529571e-09,8.74201267982492e-10,9.19871019356615e-09,-1.3436944727619e-08,-3.32199545649559e-16,1.80078442707593e-10,1.76720342663772e-11,4.67525806813466e-11,4.1457745325976e-09,3.64144669324676e-17,-1.61471080813646e-16,1.2588145691925e-09,4.16298344897832e-16,4.54861531232554e-16,3.51738670798783e-09,-3.02662559171618e-09,-3.89285625403024e-09,-1.05748661647097e-11,2.28986670138678e-08,4.59263738455115e-10,8.02159120576711e-12,6.56913660636992e-17,-3.21878719897976e-10,-1.8622732227433e-11,-9.09616737297661e-11,8.3281683621216e-09,-4.75410832061845e-08,-9.45281653185305e-16,-4.1077114892765e-16,-3.23920172798493e-15,8.83274566442309e-10,3.38188193523047e-09,2.86306528736165e-09,5.65726071057136e-16,2.95546623825837e-09,-3.13684087759099e-15,2.85784151644704e-16,-1.08339564062809e-07,2.39043099504453e-09,-3.72358394118422e-15,6.4544349312822e-09,2.4378470718346e-08,-3.60934497122746e-14,-1.16408781559029e-08,-2.08904673978491e-16,-3.49844927790416e-09,-2.89255000382692e-16,-3.52674876920966e-09,-3.07733734233107e-08,-7.8053079788827e-09,-1.07102498126932e-09,-7.56166181739388e-09,2.31058044096433e-06,-1.32607494203202e-08,8.94590189913945e-17,-9.23856526402796e-07,4.09019439703419e-08,-4.78914023908407e-16,2.07421448658441e-05,1.68646264676043e-08,-2.12064837538634e-07,-2.47267484441852e-17,-1.48201979941308e-08,-1.39374301948265e-07,8.58769762685094e-17,5.18740705441459e-08,1.16628730183447e-08,4.47641827933572e-09,-2.65093169659363e-16,-1.83375247799783e-15,-1.33117041230584e-08,-4.33437813098996e-09,-3.55134809902644e-10,6.75030163510452e-08,-3.586693447848e-09,-3.56996802577202e-16,4.80418143758863e-16,-1.35230669762709e-08,-9.35956093567646e-11,7.47811909401538e-16,-3.46739634000685e-08,6.08374353216829e-16,-1.31262819122228e-07,7.55545229989721e-09,4.4387331121873e-09,3.00681443468264e-08,-6.02985826656205e-16,-2.74290409258074e-16,-7.70037955540479e-16,-8.88468461043205e-17,2.05023125564573e-08,5.41768052553158e-07,4.69935289164361e-15,2.38998482725454e-16,-2.42425760115747e-16,-1.08597279448425e-07,-7.51652416970608e-09,5.98415468672197e-08,-5.76632408311222e-16,-1.87838026383114e-15,8.99670962728472e-16,4.99203010359123e-07,-1.07131394516353e-07,1.29794334443181e-15,-1.60559101172113e-07,5.94261628367896e-07,-1.17509258596426e-15,7.83567789800869e-16,6.84974417239841e-08,7.10441278315189e-10,3.77070431452807e-08,-1.16083654511295e-15,-5.03782668410963e-08,-8.15109564406162e-08,-1.02954024903314e-07,1.22352511909269e-07,4.73342809375574e-07,-3.58493857545679e-07,9.71939901665972e-15,-3.89146272233188e-14,-5.33998614534699e-15,-0.866288325805787,-5.72480515669224e-05,-3.37287515354834e-07,-5.00500595776093e-08,-1.90891568320961e-14,3.54351811577868e-15,6.38007505060455e-15,5.14517067610462e-15,-5.13829257511877e-15,9.26385474497798e-07,-5.27627694199368e-15,1.87298669188602e-15,-1.8638701014819e-08,1.2989394954183e-16,-1.65633412619347e-08,4.21806153216828e-16,-2.02867304592793e-08,-1.41393444223226e-15,-2.00351118088157e-08,-2.40591464128612e-09,-1.06952303869347e-05,1.96276703748087e-15,6.80277800436235e-08,-3.92035374087245e-16,8.50606748964016e-08,-9.05655957844431e-07,7.20528063929344e-10,-4.83687074986949e-15,1.00459080640256e-07,-8.95311290236455e-16,-2.31749484271749e-08,-1.30435480733404e-07,-1.23273898613532e-16,2.51789164718953e-16,1.88021600784982e-16,6.91480933435668e-16,-4.18829083372775e-10,-5.39645851699289e-09,-1.19099401838975e-09,-8.77025349631003e-16,-6.22169686040902e-16,-8.41651688413744e-08,2.47006754455961e-05,2.13355408436471e-16,-2.20851333585021e-15,-5.03795014184056e-09,1.65109270339617e-15,-3.57833364353882e-08,-1.07300900370255e-14,3.50765314530061e-07,5.17401972351339e-15,-1.67533621246887e-15,-3.14593871168671e-15,3.0059644974434e-15,4.52063049324441e-16,8.4104403663331e-14,0.254596509255949,0.00736115199894022,-2.95984039329502e-15,-4.26012990221815e-09,3.49773160783407e-08,3.3885205378745e-15,-4.31870597607717e-15,2.01871690281889e-15,5.87246758881097e-15,5.79505495778791e-09,9.55203726835177e-10,-7.70528735974484e-15,1.11525195332869e-15,-1.11038371474715e-08,-3.97070271977252e-08,-4.18677736921348e-09,-3.20060400667864e-15,-6.9168183749572e-16,-1.4284351632798e-16,-9.91038777842299e-16,-3.201279596079e-15,-1.06710402170488e-15,2.44875008460458e-08,-2.31491859651095e-08,-4.44777472631067e-09,-6.7834969485186e-17,1.08757964429179e-15,7.79085389234268e-16,2.64904972863231e-18,-8.58099402750359e-16,1.34088177782331e-14,1.18253319297713e-16,-6.13981351952523e-16,-8.64372459711931e-17,-2.45435462928198e-15,1.94620115632531e-16,-1.02092044411535e-15,2.82470132727694e-16,1.67113382008188e-16,1.25081127520732e-07,-1.22002393751542e-15,1.05791027954113e-14,-6.98718959886258e-16,2.60697246475908e-07,-5.50470767661406e-10,-4.80054661034283e-15,-0.0287150533340596,1.9496242607756e-07,3.07025595658437e-16,1.82702498555082e-15,-5.52922523522258e-08,1.0371263362492e-15,4.85668626969156e-09,-6.71929536427616e-16,-7.22102700747797e-16,-3.46948093848018e-16,-8.39347658824972e-16,6.77496492254246e-10,-9.29279317609542e-08,1.48831930540033e-15,-1.59986671812934e-17,9.37440316262876e-17,9.71658152231865e-16,1.26071028616614e-15,3.82185317457191e-16,1.33746980610789e-16,4.56009417937566e-20,5.42064045561771e-08,1.7009133126715e-16,-5.53042305119482e-17,-5.5055734727279e-17,-1.90932209783838e-15,9.2300377297411e-16,1.06919298801054e-16,-2.04939554043682e-08,4.26469409439548e-16,-4.80314763683124e-16,1.52447608277989e-08,2.39132729805732e-16,2.68394623883186e-16,-3.69656828978624e-17,-1.18734489610358e-15,8.55221367000679e-08,-3.0395849057353e-16,-9.10189942856192e-09,-2.06632235977476e-16,-2.35079554299126e-16,4.07400172619889e-16,9.82439634202373e-17,-4.56964026539914e-16,2.01438974263024e-15,3.25974455428627e-10,-4.39057682385506e-16,-1.87419956502785e-16,4.31515517774213e-05,-4.02453049382373e-08,-1.02706184193195e-16,2.81317372831533e-08,4.1131300097253e-09,2.42969852078809e-16,4.59265033082291e-16,1.83249866707924e-16,4.52187313095017e-17,3.85815355852381e-16,-6.73733597987882e-09,-2.21368444968682e-15,2.71838566574679e-16,4.74678030665415e-16,2.68065198089748e-09,9.76090545998066e-16,-8.63207609839875e-17,2.49329938731179e-16,-9.99487374606552e-17,-1.21158767212137e-09,-5.80290350115346e-16,2.50978283120223e-09,-7.53167238140092e-16,-1.74478368913154e-15,1.09146313511071e-17,-2.39237259787054e-17,2.54325442518385e-16,8.98046915769382e-17,-6.6431727963101e-17,-5.56389763835452e-08,9.15937544118704e-16,-1.75900945577626e-16,1.8019789643648e-08,-4.63185746967214e-16,7.06329985699849e-17,-4.49000874436972e-17,-3.4129147367435e-16,-3.43356988638863e-16,-2.71850983224629e-16,-1.87529135367744e-08,-1.86306274931407e-16,1.12014671730924e-15,3.83733188645403e-08,8.09685816053482e-16,-1.07978682667269e-15,-2.35509687884522e-16,8.99047868415837e-17,-1.12009882209961e-18,7.37296183891129e-16,1.40403174844062e-16,1.55502898135223e-16,1.23288522911049e-16,1.43907767054252e-16,-3.69492741966349e-16,-1.98372122751833e-08,8.49776071955286e-08,4.4576702653067e-16,3.66320810281315e-16,5.53118949156062e-18,-8.44395502727688e-16,6.78710559975926e-16,-8.24254875811793e-16,-4.40001504184551e-16,-1.70477078648272e-16,-8.17636222003141e-10,8.64928766171005e-16,2.91027532201261e-17,5.16270203975237e-16,-6.28984783027616e-16,1.03951486526534e-09,-2.80354745763832e-16,-3.79535230049226e-06,9.45587326292485e-17,-3.6331358729418e-16,4.35627548870104e-16,3.40184840971698e-17,1.14799230066419e-16,4.9551951970615e-17,2.02623422493696e-16,-6.28937610327464e-17,-1.5150885906504e-16,-2.13622572836952e-16,4.33689561772865e-16,3.86594906325707e-17,-8.70848814777932e-17,-2.4493999395033e-16,-5.80494859577699e-17,5.10579177943498e-16,5.03309713085731e-18,-2.19281052010274e-16,-1.07656610944488e-16,-1.21524985681973e-16,9.59302082215174e-16,2.86081141237717e-17,2.51430812167049e-16,-1.90413992888333e-16,6.99253014456313e-17,7.57899127565037e-11,2.92561044250339e-16,-7.04943441780672e-16,-2.27444952028586e-17,-3.49839195549096e-16,7.21977664340428e-17,2.77143061210759e-17,-1.44696782954884e-16,2.98351787682182e-16,-3.01846900646963e-16,-2.74054264278847e-16,7.05165092984572e-16,1.62009454046782e-16,2.42211604414099e-17,-2.03154127646608e-16,-4.09286018835243e-16,-1.7358649945357e-17,-2.33351798258824e-17,-9.5991652224167e-10,9.48817347625482e-18,-1.04822142845011e-16,-5.57944419169811e-17,7.02705037192904e-16,1.88762303898322e-16,-6.71928027353086e-17,-1.24445982414556e-16,5.91624916556264e-16,7.20253411389034e-17,2.00307691684543e-10,1.30227271123234e-17,9.30615291827493e-18,4.71888287505767e-17,3.23150775716465e-17,7.61490905379874e-17,-2.54381452834591e-16,4.92724342356356e-17,-1.14354841792744e-16,1.56799991157054e-16,-1.97002380561575e-15,7.21370068003741e-17,1.94997898043245e-17,4.73390849642533e-17,9.96424247107212e-10,2.28800007423229e-16,-1.23267014254988e-16,1.24427831139261e-16,4.58834359395865e-16,-2.98067363713575e-09,-1.09385751026976e-16,1.51098996140397e-16,2.09925945786777e-16,3.88620157403057e-17,3.62254991437788e-17,-1.12741475741077e-16,6.28783139931472e-16,-6.63942292616531e-17,-4.11820702530621e-16,-2.19972596097625e-16,1.31249731136441e-16,3.11908195550499e-16,-6.19519031175991e-17,3.12294428167121e-16,2.62436587896697e-17,-1.99526966216949e-16,-3.602305964186e-16
"t298",-0.0440583944471509,0.0408052733041033,-0.0671541885152132,0.032944292676058,0.00987889712285521,-0.00521626398108877,0.0346338652738541,-0.0794575686112164,4.73638562821777e-05,-0.000281492235171615,-0.000160768558364802,0.00890834393360708,-0.0147067682505985,0.00212542480370039,-0.000517466329406406,-0.0732408822199485,0.00165476860334352,-0.00337056812281435,0.000223731978128388,-7.65256974779097e-05,0.00623541100748301,0.0230216045180651,3.52719843951213e-05,-0.000205080682167555,2.97606305218034e-05,-9.75315693149312e-06,1.07743092273619e-05,-9.22159325436231e-06,0.000108163757539583,0.00012283947288779,-4.19653266432875e-07,7.36251756103894e-07,-0.00022038460633813,4.91448860999058e-07,-2.21222844403395e-07,-1.47546224155302e-07,-4.16411645896966e-06,1.32523312424504e-08,4.70868993338622e-08,-2.5546304122834e-08,-5.69951434327185e-06,1.31125293026429e-06,-1.46824565769744e-05,1.75685947882398e-06,-0.000510323065891156,2.46264129408856e-06,-4.16067557961498e-06,9.30006943990619e-05,-1.02747732924363e-05,3.0416827679251e-05,-0.000445163716232614,7.43117604690024e-05,-1.1722703587527e-07,0.134869894374663,8.57003509505505e-06,-7.91976678991993e-05,1.10161048577467e-06,-6.47647812549939e-05,2.16722849031242e-05,-0.000871661225776091,-1.83122308668999e-05,2.02721208280499e-06,-6.34720481339287e-05,3.34364754451517e-05,-2.22238608922484e-06,4.90761828992116e-05,-2.69006065630017e-07,9.03060464831487e-06,-2.41386874692402e-05,9.11028146556642e-06,-5.80766168237366e-06,0.000473203254056369,-6.09495611109103e-07,-3.28125281848499e-05,1.42377462619541e-05,3.13597579691764e-08,-0.000504896328436709,1.26367041610515e-06,-5.49845820844209e-06,-6.54800930093378e-06,1.96766967334263e-06,2.96787315404031e-05,-4.03007690594286e-06,-2.65854368121179e-05,2.62598204264348e-06,0.000640073553104632,-0.000469934438204323,-9.97193652485416e-06,-4.29240912541148e-06,0.00677819134202736,8.24913558617642e-06,0.00410548147811555,-7.76688116800427e-07,1.9213288138685e-05,1.90589012388613e-09,3.03249472338512e-06,-6.87699103059148e-08,-2.38421981737862e-08,-5.2191836056352e-08,-2.76737969391977e-08,6.47042843149843e-10,-7.52676937714411e-10,3.59740195141817e-09,-4.71864259959403e-08,2.26657904689389e-08,-2.74152875458542e-07,1.47120005303315e-06,-4.03327498280207e-07,2.4894926695433e-07,-2.99915520926759e-06,-2.9434079740092e-07,-8.18073789214463e-07,1.83510721305093e-06,-2.34434826084715e-06,9.81492009067664e-09,-4.43003231198318e-07,7.03659545386739e-07,-9.22616520689523e-07,1.17912529878146e-06,-3.58125552253484e-06,2.00298357453825e-05,-7.99246841208901e-06,4.60858080520877e-05,0.00015986128654384,-0.0430465129287774,-0.000104474903148809,0.000774367677402882,-8.13935346753971e-07,3.10523916239712e-07,1.00063458542246e-05,-1.39029376018579e-07,-1.59237911955732e-07,3.6135716117748e-07,9.58604887510427e-08,-5.23229467899211e-07,-3.19774639890777e-07,3.24853748486224e-09,2.81727512421819e-06,-1.23352676085757e-06,3.60476296458759e-06,2.63593488018506e-07,1.15784178762301e-05,-4.35294927138283e-06,-1.37942799452459e-05,-0.00823083453034759,1.52620518039637e-08,9.64608816512692e-07,-1.66491998786343e-07,-1.12246857117772e-08,4.05395768260081e-08,0.000175777429884111,1.2011903519924e-07,2.08863424935417e-05,-1.0162006256685e-06,3.33549904008772e-07,2.9417093734661e-08,-4.45057583252036e-07,3.09117978840704e-05,1.49461819281217e-07,4.97475288802026e-08,2.47475239131884e-05,-4.83807720515724e-07,2.75099379478707e-07,3.63975346873985e-05,-4.40183916456943e-06,1.62715629389093e-05,-2.74952120385923e-06,-4.72053009632869e-08,-2.34972686680643e-06,-3.18291260107782e-06,3.85413852098212e-05,9.13204190574621e-06,-0.00654690391470102,-2.49851819655559e-07,-4.75124297695369e-06,-1.0764606373298e-07,-4.27284860575407e-07,3.17186731713316e-06,2.70298567396488e-06,0.00044740637215115,-2.22707958044993e-05,-7.29400353264689e-05,1.82311541374325e-06,5.93038534353401e-08,2.30622059812833e-07,4.32844042256477e-07,8.91430715774822e-06,-2.69403087206082e-06,-1.23729308088245e-05,0.00070425931996107,2.62062906051811e-07,-5.64445278889151e-07,-2.36358262024346e-06,-3.30140213577426e-08,-4.76567577061263e-07,1.05833561400701e-06,2.48152370086957e-06,0.103425821280171,1.38789846844593e-06,-1.60094493462701e-07,-1.64792735240428e-07,-3.34819748300198e-05,6.21551802024854e-09,1.04213955014628e-05,2.28294389100562e-06,0.000106198513260897,-2.00816337157438e-06,-0.00417477336639581,7.49167550353638e-06,4.13814655498667e-07,4.4660984918327e-05,-0.000103232729848809,0.000292052366840025,4.90993802662767e-06,2.60931790625951e-05,3.70930429848052e-06,-4.65043932049434e-05,-5.20514646385442e-07,1.04965248049425e-06,5.60919694444675e-06,3.13860615130485e-05,-0.000367817980666075,-1.09867395075714e-05,-3.7017806552902e-05,1.0464694021905e-05,5.46780391343267e-06,5.79971605143216e-05,4.53094862728753e-06,7.70057978212125e-06,6.74746548402199e-06,-0.000195396919538469,-3.22425308172259e-05,-2.62706948354641e-06,-4.45776397277152e-06,2.72040283172755e-07,3.79109944436908e-05,2.970349752583e-05,4.58647832014162e-15,7.96515645834912e-06,-0.0144995275879428,1.29420501313646e-05,0.000440843488843744,8.07362146996671e-05,-0.000765026591154716,0.00011373035991731,-0.959339054275391,-2.0810846995977e-05,2.36251474113368e-07,-0.000242484570558571,0.000214553641594481,-5.74009626911391e-06,0.000740530621134154,-2.62311433300097e-05,-0.154883546073951,-1.12493538820767e-05,1.20554000786194e-05,-9.65398716220539e-06,0.0010668611688541,3.88571731862127e-06,-7.05841611984949e-07,1.41979312483255e-05,-2.68222568119289e-06,0.000286880064940536,-0.00013811775391758,1.3143503535675e-06,-4.4499426057718e-07,4.69820559064537e-07,3.31544677061674e-05,-7.55054831908857e-05,4.82005565563283e-07,1.90698456954374e-07,-4.00676157056553e-07,3.45094526872838e-05,-0.00287002961269961,6.90055453937386e-06,-9.70441775019461e-05,0.000564505181817364,-5.11175510098279e-06,1.14752932043456e-05,-4.14256279256926e-06,2.22945062423786e-06,-4.82336415917862e-16,-5.32141666675833e-06,-1.81563752300491e-07,-1.66659303930206e-09,-1.4002061238016e-05,2.42206894799728e-07,-1.48246630497616e-07,-2.63816290319866e-05,2.7764700242055e-06,-2.88234535201258e-06,7.54112797362917e-06,2.7083015576155e-07,-2.29274419433667e-07,2.93796039904677e-06,-3.53639976061985e-06,7.7528948539077e-05,-1.57418810125079e-06,0.000671818214077409,7.36469494406866e-08,4.13336005619735e-07,3.3944440038985e-06,-2.64885321844913e-05,6.2020578589338e-07,-2.34414207227131e-06,3.10448069811787e-06,-1.12106901037392e-05,6.79603999789163e-07,6.12217193194208e-07,4.64367165385481e-06,-7.78483938326806e-06,-6.18241151977115e-07,4.97422744281004e-06,-3.21688011146744e-06,7.9104891841932e-08,7.2968494443786e-07,-1.391751262957e-06,3.52960752251211e-17,3.81512688816407e-09,1.59471904504928e-05,-0.000118549006593578,1.0346941666627e-06,9.31556659990919e-07,2.72909168394946e-07,6.30500146171717e-07,-9.17141792178155e-06,3.36742356781289e-06,-7.90489831164616e-18,-2.51021401246652e-06,-3.04979657191887e-08,-8.4655868993362e-08,2.81371547387113e-06,6.24892875101511e-07,-4.17795012841154e-08,-1.57718203605414e-06,4.16778599654962e-07,-1.35514306442002e-05,2.52350854061961e-06,-5.07433987443093e-07,-9.12461098185145e-07,-4.80791443271882e-08,-3.86651119144946e-06,-8.99487323168035e-07,3.75399100423249e-06,-9.68420838226538e-07,-6.51866663216731e-17,-0.000144991224961643,5.70865076301493e-05,3.99464787424205e-08,2.81580138391106e-06,-1.73995483204458e-06,-3.52929293410351e-06,1.23375343207502e-05,-4.47409378336219e-05,-3.08855635390411e-07,-1.05675906718184e-16,-5.65239857621678e-07,-1.56095703395609e-06,-7.06093812615077e-07,7.01171759781923e-17,1.32070124323157e-06,1.71886555661706e-05,-2.61858436156639e-06,-1.07044740692615e-06,-3.55646736977518e-07,-1.89784769140126e-07,-6.77302288291158e-06,1.87941539810332e-07,1.99636486494528e-06,5.82613588803199e-07,4.13468619839975e-07,3.12148244072622e-05,1.50317708044917e-16,-0.00695995099284893,6.0031233594527e-07,4.43806142419034e-06,-4.56692201279429e-07,1.33259119355671e-16,-4.41537527460408e-07,4.5935982575849e-05,-1.93452315544186e-07,-1.71460588465708e-07,-4.32211882369553e-07,2.39109315532093e-05,-5.95745511903508e-06,8.05972587840042e-07,2.34451293679972e-16,2.89733862446185e-06,-0.000142116801483674,1.05124651189183e-05,3.49935577517896e-06,-3.55520249170182e-07,-2.38416464547448e-09,1.70002900645727e-16,3.28040488613345e-17,-2.28915101497082e-09,-0.000166254283791659,0.00114160614927775,-3.81193033628432e-07,1.06099491106687e-15,-1.79454918857984e-07,-2.11028665371034e-09,-1.03211419225457e-17,1.23991237282344e-17,1.3028402485895e-16,4.41671852230091e-07,1.30049529173238e-06,-1.86983088680958e-06,1.09916133790409e-06,5.4763985539674e-07,1.12160416161007e-06,-3.3872616116671e-06,-2.92379918095554e-16,-7.36041810494865e-07,2.67554942409989e-06,-4.92846034277472e-16,-4.9796017227037e-17,-1.31914171107416e-06,-1.05396200767642e-10,-0.0140886230362026,5.01620745826743e-07,5.21796989277906e-06,-3.75013057960515e-08,-1.98699324612837e-12,-1.26901277030845e-07,2.03383826810171e-17,-4.44264511237441e-07,2.34989978864508e-15,-0.0031625317390107,-4.75020974915681e-17,5.90536780694595e-07,1.06389743995186e-06,4.98848781816559e-08,6.56260260259485e-07,2.26211216608941e-06,-0.00104308537365692,1.63279017004224e-06,8.17727947421481e-08,3.97816660542014e-07,3.68249875171956e-08,0.00227052191021296,-1.57982663880416e-06,-3.94114419175636e-07,-3.32978986821787e-08,-0.00300264666591136,1.00252471257217e-15,6.82817030976943e-06,-1.18549401943833e-06,1.16443822971275e-07,7.36134622061708e-16,1.53767320072429e-08,4.15129165542212e-07,1.48255694830369e-06,-6.52951872503524e-17,-2.4939243593145e-06,-1.90154632375209e-07,1.32792485637112e-16,-2.50889957941959e-07,2.88559047371007e-05,2.63442815445726e-18,7.08048687078075e-18,-1.40458133512651e-07,-1.08620266238293e-07,-6.18293046624691e-10,-8.56793126621016e-07,2.26828155395181e-07,4.62740006752029e-07,6.42316413112911e-08,7.82145054865373e-07,-1.32182149385149e-06,-4.65382940517678e-15,1.8873425686911e-08,1.87344431484403e-09,5.16628973403143e-09,4.83047049841577e-07,1.85159158863019e-17,4.70509112282769e-17,1.58693352889444e-07,8.03081652061172e-17,1.03421798927663e-16,9.90215966151076e-07,-1.1041753153751e-06,-1.42916777033045e-06,-1.18750562044857e-08,3.60160105909644e-05,7.90343692632696e-07,3.54802459696733e-08,-3.81892045569597e-17,8.59251663610358e-08,4.01086475137564e-09,1.8400465377348e-08,-1.28728747740578e-06,5.0608503981814e-06,2.20846193822234e-16,-2.66406147012416e-17,6.58262417381909e-15,-6.3321948660829e-08,-2.10631809744357e-07,-1.76516636161488e-07,-5.19837147633091e-16,-1.61101561891299e-07,4.85485291496541e-17,-5.31297826224161e-17,3.75958392433097e-06,-8.25391293575095e-08,-2.70616862252382e-16,-2.02621206986225e-07,-7.25438338111364e-07,1.12773748698717e-12,3.11696955872415e-07,1.81710928899117e-16,8.29755285124521e-08,-8.2966761283841e-17,8.27627905339687e-08,7.16264246721784e-07,1.80001367004392e-07,2.43847369246569e-08,1.67301644070924e-07,-4.60159661164976e-05,2.29207934319533e-07,1.17028348790721e-16,1.34719330270101e-05,-5.85905227361055e-07,-1.10321427849361e-16,-0.000290177261554548,-2.26028547673475e-07,2.73500429285095e-06,2.96888719412342e-17,1.67835216077215e-07,1.5384817746949e-06,1.53105610011505e-17,-5.53474947410863e-07,-1.223710340457e-07,-4.41373860873563e-08,-2.80980812620584e-16,5.71514580712443e-17,1.13270943409365e-07,3.4623419814834e-08,2.80022852706775e-09,-4.01362704220694e-07,2.03387641929855e-08,2.36694687257208e-17,-3.89226216964595e-16,7.41936863014445e-08,5.11361092335045e-10,-1.11274352907777e-16,1.79049782252304e-07,8.59050424845088e-17,6.41311529270158e-07,-3.4161387008938e-08,-1.99577031559161e-08,-1.32248196330672e-07,-1.59763625386551e-15,-6.68326003731807e-17,5.32411410406996e-17,-1.6927487961265e-16,-7.33334668966201e-08,-1.90371859671965e-06,6.24396672864799e-16,-1.84650571708581e-16,-3.18453883516322e-17,3.57449485963766e-07,2.4035573235921e-08,-1.76524851604896e-07,-1.05704920445859e-17,3.01191363516473e-16,-7.05815614288063e-17,-1.08827352844902e-06,2.3090530529497e-07,-6.54214357151251e-17,3.0241091525732e-07,-1.05642042809971e-06,1.43656029962613e-17,9.46671651517554e-17,-1.05255882116154e-07,-1.07831077284034e-09,-5.21078671613728e-08,1.88761149722019e-16,5.85878979441034e-08,8.53016284645847e-08,9.15234919648532e-08,-8.34997669891218e-08,-2.97574459949719e-07,1.89903811067131e-07,-9.18166997059965e-17,4.50795134443425e-16,5.87510159875475e-17,0.00704571159830455,3.77702800103363e-08,-2.05326807835012e-08,-1.7843597234543e-08,2.64450091282211e-16,-3.87278703729992e-16,-4.21314921313797e-18,-2.30501424317673e-16,3.84740142723025e-16,5.93241726670545e-07,-8.39571451703728e-17,-1.75594903452212e-17,-1.38824417137345e-08,1.40759668292304e-16,-1.24272447056771e-08,1.49555880891225e-17,-1.54071477932628e-08,-1.00353797370691e-17,-1.86561237115446e-08,-2.33483231513503e-09,-1.10089237804386e-05,-1.24449530451595e-17,7.48217655844801e-08,-9.63823674184497e-17,1.06065157688102e-07,-1.2882575247115e-06,1.0301073740314e-09,1.03419186031963e-15,1.50166584588951e-07,-7.66462984624195e-17,-3.68617805977702e-08,-2.08049319687878e-07,4.28842231866469e-16,-1.82783547852807e-17,-1.30063809458003e-17,8.80383145092174e-17,-6.97729827145614e-10,-9.08369792188447e-09,-2.02784964928663e-09,4.8792211769223e-17,6.7413315953553e-17,-1.49902464547309e-07,4.40627891208009e-05,-1.14192961214271e-16,-4.82467936131692e-17,-9.20165002914887e-09,-1.89151521404261e-16,-6.51989905155592e-08,3.99343737414783e-16,6.15515836525337e-07,-8.72857091057729e-17,8.43847022697042e-17,6.70608168210805e-18,-1.37846695995582e-17,-7.44303643000318e-17,7.74558917589053e-16,0.000940476486576124,-0.000815750943195132,-7.87285094804655e-17,-5.38414645556299e-08,2.05403070407983e-07,3.21663101557822e-17,8.78749511783219e-17,-1.56818138330519e-17,7.60406559066028e-17,2.0302068560593e-08,3.24665141414998e-09,4.64487752295323e-17,8.6265093426199e-17,-3.68627328220639e-08,-1.31493530529512e-07,-1.37603311236004e-08,-2.94348556325271e-17,7.2494880134976e-17,2.15696580183874e-17,-6.1353240277535e-16,3.72412421300398e-16,-2.27881145726785e-16,7.74816376001752e-08,-7.32630552549994e-08,-1.4083279157947e-08,2.58202599232251e-16,-5.64993402449687e-19,1.03179236875124e-17,-4.03100305015714e-16,-1.97822465873375e-16,-1.15585390301162e-16,5.43018191359261e-17,-2.13809757218186e-17,5.04798762724933e-18,-1.35963561325712e-16,1.53874146396354e-16,6.00910944574451e-17,5.05938719037703e-18,-4.80329803535882e-18,3.96310489835655e-07,1.3700153647744e-16,-8.80526266822636e-16,-1.89520339333579e-17,7.51064437470357e-07,-1.3097207012646e-09,1.10829865972208e-16,-0.000271079240478586,6.85033118475244e-07,9.67576545187116e-17,5.59078998905819e-16,-1.90933285721216e-07,-3.38413758113141e-17,1.68172181633844e-08,-4.85201345051296e-17,5.47727588701822e-17,2.89132119897499e-17,-7.11928162666677e-17,2.37567904634949e-09,-3.26172809800933e-07,-2.52430755929963e-16,2.52000283108512e-16,2.96987958460711e-17,-2.810423317821e-16,6.70036942596042e-17,5.06923374784795e-17,-3.38827763870855e-17,1.2947764384585e-18,2.00367388985375e-07,1.81862296945884e-18,3.3057372031039e-17,-2.10179820815206e-17,-1.78575182926121e-16,-1.18755407211288e-16,1.06410659221575e-16,-7.65577609184431e-08,2.8520268793302e-17,-5.4895726723553e-17,5.7057521950514e-08,4.98408531528576e-17,6.2504669594599e-17,-8.3011454620458e-17,-2.92351445998535e-17,3.27053123664261e-07,-9.21200358111983e-18,-3.49358411012898e-08,-1.11164888076226e-16,8.89980884895671e-17,-9.59262102380087e-16,-3.28530029515463e-15,-4.54388561399495e-18,-2.83779360653404e-16,1.2604229961318e-09,-9.68509677526227e-17,-2.01437852874217e-17,0.000167770362928099,-1.56513945241497e-07,1.2898185190122e-16,1.09911763714398e-07,1.60931961716001e-08,4.84062925419857e-18,1.54366322993774e-16,-1.19878536427355e-16,-3.12215495811877e-18,-3.83215911153209e-17,-2.68978081458519e-08,1.70145389306959e-16,2.51248519735391e-16,-2.04670502861573e-16,1.07545896321856e-08,-9.63247357327492e-16,1.1889174607689e-17,2.50205062468029e-17,1.50944147493096e-17,-4.89147569441585e-09,-2.6221233991623e-16,1.01518772514319e-08,-5.75331777085686e-17,1.35533792341286e-16,1.34311492435896e-17,-2.9053670690314e-17,-1.60937939877509e-17,1.0138688403091e-17,-1.97375911881698e-17,-2.27259885580577e-07,-1.04708767989691e-16,3.78728227651835e-16,7.37749535474635e-08,-7.00984997846319e-17,5.15821976918683e-18,-4.60231293426353e-17,-6.81764458399782e-18,-7.13592633591637e-17,3.30110023944359e-16,-7.73271054043405e-08,8.8885748170189e-17,6.90626587650496e-16,1.58723449971528e-07,-3.19904469292147e-16,4.32670963086091e-16,8.36022466985094e-17,1.46404749358371e-17,-4.62306496319511e-16,8.45728513980403e-17,-9.85751710687121e-17,-6.60348814795093e-17,-3.90477787008737e-17,-4.70577860351461e-17,1.25024197499142e-16,-8.29578065763941e-08,3.55820923644711e-07,-3.23588962661272e-16,1.52938542063081e-16,2.90449558810491e-17,1.4927862070275e-16,1.93638508005911e-16,-1.36906048509701e-16,8.49624767614763e-17,-1.17840590062871e-16,-3.44576936301931e-09,-1.29003042263758e-17,-6.6038716217764e-17,-3.49436279399381e-16,1.53756985383579e-16,4.40393151586565e-09,1.0729700813095e-16,-1.61709875416622e-05,-5.97243061765448e-18,-3.77778132191172e-17,2.2665774693276e-16,1.50523594069067e-18,8.9782043951543e-17,6.99098354701758e-17,-2.14623681586634e-16,-4.67382547711785e-17,1.11077115237278e-17,-2.52649435495649e-18,-3.75560592341572e-17,1.95270355741343e-17,1.3298142691976e-16,1.42373686385834e-16,2.76181232827235e-18,4.13269279382599e-16,3.58218364735119e-18,1.69643157080121e-17,1.59564659107713e-16,-2.26821162296719e-16,3.07913416985883e-16,-1.4050771350074e-17,1.03676523905736e-16,9.9547515582525e-19,-5.41012654701331e-18,3.29117885290631e-10,-7.37609217623622e-17,5.49163117513113e-17,6.32794887784871e-17,3.76961113880626e-17,3.87033478103399e-17,4.05075158841625e-17,7.31232816951832e-17,-1.9190562560219e-16,1.00647326583981e-17,2.21505091358057e-18,-6.0281640790194e-17,-1.40281453844384e-17,1.65321299774934e-17,-3.16566514238093e-17,-7.69861212430791e-17,2.31157525980269e-18,4.23035002833683e-18,-4.21547767999052e-09,3.06585365359163e-17,4.22212165298264e-17,-4.78059561205942e-17,-3.16764579408489e-17,-1.32555788902426e-16,-4.72574341256417e-17,-1.61765312335311e-17,-7.66025262754378e-17,-4.6104825193023e-17,8.88805707672775e-10,3.46198244927313e-16,4.38229294925064e-17,-4.07520737214157e-18,3.37193764658931e-17,-2.91781588038137e-17,3.78875044795724e-17,-3.31092427572404e-17,2.02345504583668e-16,3.11027462164794e-17,-9.48894601974677e-17,-3.87081408774468e-17,-1.48629567899911e-18,2.0768896569946e-17,4.46246020503998e-09,1.19331181441834e-17,3.49643642557896e-17,-3.29581377306834e-17,-2.38090797077817e-16,-1.34017542095715e-08,3.38803856532534e-17,9.36175251377234e-17,-5.89652364908168e-17,-6.85168099362315e-17,5.36194990421079e-17,2.7254907722623e-17,-2.6466945347888e-16,1.43319058297486e-17,2.96694919100481e-17,9.0684112540822e-17,3.27900976034662e-17,-3.55788804077916e-17,-6.94160623269529e-17,-1.63781055376704e-16,3.57372392987896e-17,1.50781328951013e-16,-6.67552514827688e-17
"t73",-0.0387063358793212,0.0291779640765259,-0.0472327599073973,0.0182354354680379,0.00347269702722568,0.00029819965029125,-0.00553732024934239,0.0868369753938023,7.79669367268189e-05,-0.000212885238544574,-5.98536181711387e-05,0.000862993958315559,-0.000929371875891505,9.91202362636669e-05,-2.64733370274051e-06,0.00208403242947456,-4.82372366259248e-05,7.2262012736263e-05,6.77041990521446e-07,-3.2219419075892e-05,0.0284312326417405,0.000544897547585287,-1.14657145371178e-05,5.66367955518541e-05,-6.93548366308312e-06,-1.12395604952701e-05,2.12008599233492e-05,-2.6315450250297e-05,0.000951904942507017,-0.00161526907498036,6.28769779168996e-06,-1.28977718174814e-05,0.00543869945831772,-1.65427323529897e-05,1.16916790828455e-05,2.86684694476015e-05,0.00124398434894259,-9.96638222281066e-06,-8.56641566186247e-05,-2.69103383883222e-05,-0.00194724080697176,0.000379662037055823,-0.00471419694544491,0.000574095952560638,-0.284793678678311,-0.00017136020480158,0.000164637495479794,-0.00290538932509919,0.000173863017447824,-0.000269791114404585,0.00144406464379656,-0.000121827453856199,1.68804958602274e-07,-0.00329219821204532,1.48894616427078e-05,-0.00015247832575595,3.96439224512833e-06,-0.000242964441893957,8.1593415299636e-05,-0.000627428970860042,-7.24160001764972e-05,7.93838521262492e-06,-0.000246262076291502,0.000129399058165403,-8.41777663793253e-06,0.000181663057513264,-9.36327055661792e-07,3.04361395986703e-05,-8.00749347923078e-05,2.93232324194704e-05,-1.53417051121784e-05,0.000216599900888587,-1.34946714271347e-06,-6.7759289770797e-05,2.94307101240496e-05,6.90653517959908e-08,-0.00125136800338981,1.62454350338439e-06,-6.1958541750127e-06,-6.4574075556133e-06,1.43640092595364e-06,1.9982027175717e-05,-1.06664512216934e-06,-3.99257259117314e-06,-4.71554618099356e-07,-0.00011239895389479,4.29356111177306e-05,6.75389186542693e-07,2.6192824080941e-07,-0.000292446110759207,2.79152409080909e-07,-2.18295947177795e-06,-2.38020062124421e-06,0.000212589283882162,4.58685008278084e-07,0.00865368542703924,-0.000355749454597859,-0.000497854585001547,1.5954551364574e-05,1.00425457262318e-05,2.69268140108058e-06,-1.32209585142608e-06,3.79038270986147e-06,-2.08003361006694e-06,9.25959445989579e-07,-1.05904688151453e-05,5.17642026687422e-05,-1.38427154740925e-05,8.18541460830956e-06,-1.6281873986418e-05,-8.92403771202307e-06,-2.21657417337304e-05,4.90870484921778e-05,-4.80269316548528e-05,1.90292322930382e-07,-7.60033538397702e-06,1.14079170043442e-05,-1.26593818986844e-05,1.33956295962292e-05,-3.41017267559795e-05,0.000168854563491122,-3.32868612307106e-05,3.31072871179876e-05,9.12701951155309e-05,-0.000230748157278281,0.000389403086270874,-0.000294874368947096,9.6927660935447e-06,-2.01792257954799e-05,-0.000665795586165078,1.10945934923566e-05,-6.54844426893218e-05,7.92117245843977e-05,1.59986966452679e-05,-0.000863856557559532,-2.72747376793104e-05,1.67886287573101e-07,0.000116969089833181,-3.84701260538276e-05,0.000110838053020046,7.15484597521143e-06,0.000278463157990843,-5.48970011993754e-05,-3.6413423949538e-06,-8.79970099308274e-05,7.13611512448713e-07,3.45445057626191e-05,-5.48930025782448e-06,-3.6329499831986e-07,9.91256164117465e-07,0.00111048680459594,4.42039663165573e-06,0.00381405064572436,-3.18134186258183e-05,1.04300819508134e-05,9.17859907731264e-07,-1.38688256605469e-05,0.000983540190251548,4.84006055607439e-06,1.61602476498713e-06,0.000819564118324731,-1.60927174182197e-05,9.43809652415777e-06,0.00125395880916572,-0.000157384899504611,0.000606891187971632,-0.000120960896740267,-2.09140901165279e-06,-0.000104293101088204,-0.000145239132566528,0.00181450219399984,0.000431669951832091,-0.000310048496286203,-1.5519751377462e-05,-0.000297161677563098,-6.85649238207612e-06,-2.74979265521583e-05,0.000275261376319368,0.000698967864564487,0.317079333051335,0.0120864621077429,0.00183773691969957,6.50765402043759e-07,1.02468110946764e-06,6.86342864474133e-06,2.77821990788689e-05,0.000650822035504613,-0.000730595820981892,-0.00361441930799577,0.873266737203652,-4.07144463621458e-05,4.26488924629961e-05,0.000148314009891279,1.60606509510341e-06,1.92547080278451e-05,-2.09752421975961e-05,-3.68734066048988e-05,-0.00134406659254032,1.91173427998313e-05,6.18424442773404e-06,6.10159704424724e-06,0.000924158608229848,-1.38625131470306e-07,-0.000145897631750149,-3.1873467456946e-05,-0.00139740910273066,1.92384442701727e-05,0.00513788917593799,-0.000121461346407421,-4.90469306646433e-06,-0.000453883674345249,0.00100566767991608,-0.00238748499839707,-3.71892087537667e-05,-0.00113557150942353,-2.57955892161059e-05,0.00613391836657284,2.9261655405918e-06,-5.03706836702675e-06,-2.4005521921024e-05,-0.000129085270499496,0.00128197658294222,3.67925148145247e-05,0.00011861462673348,-2.9230125059038e-05,-1.48461530316272e-05,-0.000156378138995899,-1.04275660199229e-05,-1.60206890683406e-05,-1.24763072266355e-05,0.00034164975000902,5.31031171001948e-05,4.08273254736836e-06,6.81212373850092e-06,-3.52073325795442e-07,-0.000868010935643417,-2.93619923698185e-05,1.0812117645847e-17,-4.74707019216833e-06,0.0024517192390874,-8.64487285427093e-06,-0.000202341633490931,-2.71063024044024e-05,0.0044955687712761,-4.84638173133034e-06,0.00132034555697498,-3.64767462576465e-07,2.53415864696366e-08,-4.06207735647509e-05,5.95154016294245e-05,-1.87315449680546e-06,0.000256671141466926,-1.20420682700778e-05,3.89683504680286e-05,-2.80490523239384e-06,2.02817262280125e-05,-0.000151843184189735,0.201358673505676,-3.02056224683225e-06,8.31764456206122e-08,4.58217952980452e-06,-1.11657714902754e-06,0.000143669939636071,-8.30580566689832e-05,9.53804713910939e-07,-3.28616294192575e-07,4.59207388518063e-07,3.25630623997553e-05,-7.45594711853942e-05,5.0219841425385e-07,2.0243088702399e-07,-4.49669291060678e-07,3.91113060211429e-05,-0.00041875225513183,1.32372284986424e-05,-0.000199881787258762,0.0158773945272381,-3.23968205291943e-06,1.45878781270247e-05,-5.51423668604397e-06,3.05349620484147e-06,1.46544751528577e-16,-7.82532163214827e-06,-2.69007518714699e-07,-2.52581994147371e-09,-2.22362167711066e-05,4.00981977213106e-07,-2.57389338480305e-07,-0.0084644502012422,2.73246814342581e-05,-5.1404121209689e-06,1.34643224890459e-05,4.92535273724468e-07,-4.36489596183173e-07,5.63342061652565e-06,-6.81393306957465e-06,0.000151698140837916,-3.23113510109782e-06,0.000282072279817353,1.79762194661574e-07,9.73503374555192e-07,7.50906380903966e-06,-6.10504736632788e-05,1.43643372090847e-06,-5.46724445765033e-06,7.30051988245522e-06,-2.64286120540452e-05,1.63420387852458e-06,1.47427061198515e-06,1.12114904698564e-05,-1.88285746782467e-05,-1.50384744602544e-06,1.21743342572444e-05,-7.91712139796245e-06,1.95151296678328e-07,1.80732508895014e-06,-3.47582454582741e-06,7.78098528115782e-17,9.96093884517867e-09,4.1795864622391e-05,-2.84996210406503e-05,2.76483696410126e-06,2.47303953505647e-06,7.21856009953375e-07,1.67078768428022e-06,-2.43729367710641e-05,9.00207216932978e-06,1.03157071878896e-16,-6.79949989652006e-06,-8.27419031986254e-08,-2.30446683248809e-07,7.66242317847989e-06,1.71556140215255e-06,-1.15201059998797e-07,-4.37526306578816e-06,1.16095058107393e-06,-3.80834001138902e-05,7.15102244947504e-06,-1.44608584329463e-06,-2.60923674370112e-06,-1.37796472809433e-07,-1.02404932921158e-06,-2.59076368207624e-06,1.0852230467336e-05,-2.80881558726999e-06,-1.08359807918864e-16,-0.00225753249343255,2.98505383304918e-05,1.10979714672845e-07,0.000150153236974371,-4.94600210807294e-06,-1.02309789053765e-05,3.58866552739811e-05,-0.000130220497015605,-9.00942171851228e-07,1.24143337411491e-18,-1.6526670852626e-06,-4.56769753460652e-06,-2.07199590323141e-06,7.58806999953454e-16,3.88573881912464e-06,5.06002832907806e-05,-7.71078991477157e-06,-3.15383609810888e-06,-1.04874732493612e-06,-5.59986890687664e-07,-1.999390727848e-05,5.5560253349798e-07,5.90304084453705e-06,1.72635714642805e-06,1.46339452503478e-06,0.00163971577411917,1.65116991599335e-16,-3.53850186330583e-05,2.19328891030867e-06,1.41534134880718e-05,-1.41922115481617e-06,-8.92599450509486e-17,-1.36147022618296e-06,1.31215374767147e-05,-5.99501008348248e-07,-5.32245639385808e-07,-1.34605429023705e-06,0.00132751668026814,-1.84348700635398e-05,2.51887290281654e-06,-1.22133429683269e-16,9.03683477372966e-06,-9.04851723011066e-05,3.32762758854194e-05,1.1061922012126e-05,-1.12384975212119e-06,-7.53702851237098e-09,3.15719672627779e-16,-4.39312823897686e-17,-7.23637648832620e-09,-4.83017667829934e-05,6.3640400953945e-06,-1.21728994484786e-06,3.64326223925802e-15,-5.73466858398551e-07,-6.75040302425718e-09,5.85214535582813e-17,3.2776275314003e-17,-3.41720712735526e-17,1.41709784522865e-06,4.17399314781522e-06,-6.00717814806892e-06,3.53334613294626e-06,1.76052484309924e-06,3.60660147787693e-06,-1.08920051695759e-05,-7.17423780248176e-16,-2.36338323118543e-06,8.57764447807025e-06,6.30321530040488e-18,5.78156077143115e-17,-4.11258813553227e-06,-3.17504943550261e-10,-1.81834310340824e-05,1.88475077701951e-06,0.00031307024340811,-1.26825517024464e-07,-1.0993677688276e-14,-4.26739201897654e-07,6.69151927659193e-17,-1.45084078294069e-06,-2.16601910019154e-15,-1.97848473403312e-05,-2.03635929794012e-17,2.05137424297796e-06,3.67450034238762e-06,1.68374037176834e-07,2.20952458444604e-06,7.60673779985821e-06,-6.54231912740369e-06,5.50712145680282e-06,2.73109551809654e-07,1.32848953138505e-06,1.22230527015295e-07,1.4339015995889e-05,-5.35266674690452e-06,-1.31616645553287e-06,-1.06568625298343e-07,-1.9096088242656e-05,3.41627234658229e-17,2.37290862483619e-05,-4.07785306900045e-06,3.98625671289224e-07,2.49411065754073e-15,5.26363326983624e-08,1.42146776422645e-06,5.07774032700973e-06,1.19951398876836e-16,-8.54293186605006e-06,-6.51868574947025e-07,3.39773722604706e-17,-8.60500351416902e-07,0.000529454307135496,-3.97421016939301e-17,-6.96624252132796e-17,-4.7997381177887e-07,-3.71342197268337e-07,-2.11692850800306e-09,-2.93685611372269e-06,7.78856237785772e-07,1.58910094184415e-06,2.20616614680806e-07,2.69094481438981e-06,-4.55326529576974e-06,-2.9921811556255e-15,6.50421187613413e-08,6.45680531876402e-09,1.78102829910458e-08,1.66578423437249e-06,-5.17143445567575e-17,5.70505144415693e-18,5.47487387882406e-07,-1.10967337214907e-17,-2.95432156701981e-17,3.42513107393162e-06,-3.8209882265073e-06,-4.94566690826017e-06,-4.11328749301014e-08,0.000124768316577273,2.73801940606794e-06,1.22937217409723e-07,2.4950981045785e-17,2.98274855155482e-07,1.39284394959606e-08,6.39070258955774e-08,-4.47372953449131e-06,1.76081287950315e-05,-1.16019926284867e-16,-1.30877019445315e-17,2.40542665801184e-12,-2.20671368857571e-07,-7.34539322347289e-07,-6.15601129058919e-07,-9.63893687351456e-16,-5.62211725278215e-07,5.35247967526486e-16,2.1046386382048e-17,1.31573893727964e-05,-2.88871647606627e-07,7.97539118080337e-16,-7.09615415295443e-07,-2.54160097192079e-06,8.39204988610183e-15,1.09289549015872e-06,1.28636014613381e-16,2.91195775805814e-07,4.39903026840304e-17,2.90471141473874e-07,2.5140050742051e-06,6.31824438123138e-07,8.56004855523447e-08,5.87402788457587e-07,-1.52345146592382e-05,8.06766464297111e-07,-2.58517306606652e-18,4.74659087310464e-05,-2.06381161076104e-06,-6.69200053253691e-17,-2.04696943736796e-06,-7.98071612508216e-07,0.000166548077806371,2.49233527888965e-17,5.92863983398596e-07,5.43580544388634e-06,7.38263756608907e-18,-1.95613602611142e-06,-4.32556494937054e-07,-1.56099799401601e-07,-3.23024989645519e-17,1.38061466760983e-16,4.01097133101165e-07,1.22666076627277e-07,9.92186839490897e-09,-1.42518731306608e-06,7.22445535779821e-08,6.24363037793666e-17,1.77765311840957e-17,2.63600849497048e-07,1.8168546185287e-09,-4.55903895746969e-17,6.36401367481148e-07,1.85837347863488e-17,2.28025232713261e-06,-1.21523341586019e-07,-7.09985599708695e-08,-4.70529253320486e-07,-5.12554139029228e-15,-1.84460171133944e-17,-2.6916722060401e-17,-6.10014863214329e-16,-2.61343652522114e-07,-0.00011644255860044,1.73884273508521e-16,2.21908288278769e-17,-3.29610732569014e-17,1.27337014576607e-06,1.47036344664161e-06,-6.29181452092853e-07,-2.01958390619962e-17,1.7554859475799e-15,-2.40898880704554e-15,-3.88208549320008e-06,8.23699408723555e-07,8.00489623431501e-18,1.84989001713502e-05,-3.76907164130779e-06,3.0506298376854e-17,5.12924083429701e-17,-3.75502558348492e-07,-3.84684096303233e-09,-1.858649771614e-07,-6.95391391502398e-17,2.08877159273187e-07,3.03983376346406e-07,3.25859478491739e-07,-2.96655107430836e-07,-1.05630688577657e-06,1.15132624449555e-05,6.99165696821363e-17,3.39503602978493e-17,-5.57481379061561e-17,1.27368680902525e-05,-1.54115623598898e-06,-8.39044265033756e-08,-6.58711946815507e-08,4.5148753014618e-16,9.21514185060554e-17,6.41613414499341e-17,-3.96877900152722e-17,-1.13183587958891e-16,2.17118476598489e-06,-4.63296310674064e-17,-2.95884445832623e-17,-5.07473241600652e-08,2.77342045013562e-17,-4.54257451561247e-08,-1.72363120440643e-17,-5.63141049485856e-08,-5.82143323290367e-17,-6.81635456701217e-08,-8.53653338076342e-09,-0.000213224859124594,-3.2239690158278e-17,2.72391587665031e-07,1.04116934078492e-18,3.86537467944752e-07,-4.69635694866934e-06,3.75531536110177e-09,-2.62889234203947e-16,5.47505521668211e-07,-1.64886399529716e-16,-1.34420972007082e-07,-7.58682826534256e-07,1.49508329156075e-17,-1.06945582746983e-17,-7.53981384942451e-18,-5.38444859622807e-17,-2.54459568923247e-09,-3.31279701301581e-08,-7.39535014765493e-09,6.66890926756465e-17,8.53218808038325e-17,-5.41218520729891e-07,3.29073512831237e-05,-6.64287247714672e-17,2.81059195391355e-18,-3.35918999121408e-08,6.17955849615817e-18,-2.37976413922738e-07,7.2208001611506e-15,2.24458831688632e-06,-1.9043361982064e-16,1.44192974095537e-18,-2.94418025196863e-17,2.12284732859235e-17,4.285908366878e-17,8.13878684009365e-16,2.22255658567617e-06,-1.55431636556144e-05,-1.10014112757219e-17,-1.99597684610701e-07,7.5903112674891e-07,-6.8100409860625e-17,-4.2365167738557e-17,1.52918877122482e-16,-1.786029208945e-16,7.47357831898712e-08,1.19484744836518e-08,-7.94854195230643e-17,-2.82330087348341e-17,-1.35638457057676e-07,-4.8382872912225e-07,-5.06282169186486e-08,-1.35549391630493e-16,-1.37866000336942e-16,-2.50594373157109e-17,-1.04996117350635e-16,1.22850979836363e-16,-1.03712583038048e-16,2.85102071556497e-07,-2.69594658563214e-07,-5.18270432195159e-08,3.85686311568403e-17,7.83730854090634e-17,-7.4306215559226e-17,9.60515280105602e-17,2.24770910706075e-17,1.44919783752787e-17,-1.96448112250151e-17,-4.64804645360901e-18,-2.85775501133814e-18,-8.69999961719453e-17,-8.44291241313159e-19,-3.68220865842058e-17,-4.41753278988441e-17,-1.90804216842533e-17,2.47787383554209e-05,4.21095368755133e-16,-1.10061719457103e-17,-4.49901860061099e-17,2.7672940656939e-06,-4.82255460838668e-09,1.67362418406978e-17,-5.33031143127063e-07,2.52634912655945e-06,-6.96847148558658e-17,1.37416009784311e-16,-7.04343541075174e-07,-1.3681529562439e-16,6.20636041254218e-08,-5.51368775766835e-17,-4.34595507360936e-17,1.15323975531516e-17,-6.59716134081286e-17,8.77344595234178e-09,-1.20462234677414e-06,-3.29661646840548e-15,2.54384747766021e-17,-1.66847726518736e-18,-3.33100177069947e-16,-1.73038666728687e-16,-2.03886054229447e-17,4.54724829499577e-18,1.2846906269606e-17,1.2554591063938e-05,-2.56237986405854e-17,-2.18656862963265e-17,-3.65705550569849e-18,-1.58471748452818e-16,-7.49797910151745e-17,-3.70579932943637e-16,-2.83614564486928e-07,7.62747166033216e-18,-2.12247560802754e-17,2.11395813070892e-07,7.02979353352336e-17,-1.39055717108942e-17,-3.47437733249708e-17,-7.01664295445285e-17,1.21314471941161e-06,-1.82532055252342e-17,-1.29614092816962e-07,1.39104887672502e-17,-3.9363224712934e-17,2.35924917705399e-16,-4.01575101568064e-15,-1.88370032021336e-17,3.3785641589414e-17,4.6778213317589e-09,-1.09904309436995e-16,-3.67788410803671e-17,1.35742586241208e-06,-5.83382095366477e-07,-7.88012421873709e-17,4.08345196657773e-07,5.97922623628222e-08,-1.50641103366704e-17,-2.27147697996769e-17,2.56569209515133e-17,-4.77935264221892e-17,3.68274443072845e-17,-1.00059530713646e-07,-7.43634424008478e-17,-3.43965836734786e-16,1.90770508716654e-17,4.00207644540445e-08,1.98653927966579e-16,7.2881608532735e-17,-1.06469671452441e-17,-7.78225172425984e-17,-1.82108710652298e-08,1.52551767692404e-17,3.78006217273656e-08,-8.71793185873598e-17,3.19844809230112e-17,3.29614115961647e-17,-2.5087294861365e-17,4.38275740269073e-19,2.3317604329852e-17,2.03392509924061e-18,-8.46842216576767e-07,-5.65802455281724e-17,6.6973446715574e-17,2.74960234452011e-07,-7.78202656944888e-17,-6.43148974258723e-18,-2.40693337684517e-17,-4.60423682732402e-17,-1.01843928008773e-17,8.0937986988094e-17,-2.88368545262487e-07,-6.5435430555176e-17,-8.81567570173887e-17,5.92067900114537e-07,1.05627854953636e-16,2.56572191602772e-17,-2.89322280994071e-18,-2.1815662720247e-17,-1.39135234709448e-16,5.54947504100712e-17,-6.31899228126282e-18,4.61997770380805e-17,3.12505459413465e-17,4.64846706593247e-17,4.26636191964612e-17,-3.09748502260749e-07,1.32872166392615e-06,1.21207514730043e-16,2.64222418112614e-17,6.43336750628914e-18,-7.47727576040732e-17,8.33100949337862e-16,-1.04135902820605e-16,-2.84593314930336e-17,-3.92767016508194e-17,-1.28751553617237e-08,3.09166720549047e-17,-1.71893595739834e-17,-3.12598457287868e-17,-9.01780283562215e-17,1.6463813542502e-08,-7.33058053423759e-17,-1.33978468882988e-07,-3.74482676952214e-17,7.21981511947169e-18,7.24856028789901e-17,-1.26831153245643e-17,6.36702658829799e-17,4.16511714314544e-17,-3.29641664636771e-17,-7.68415175485499e-18,-4.77491556894514e-18,-6.70913347367416e-20,-1.17597415365511e-17,1.86190963267287e-17,6.14862763512512e-17,4.68896837948777e-17,2.38286238212528e-18,-1.19926819027821e-16,3.94329790472829e-17,-1.60861275684756e-18,-1.19854962507399e-17,-7.60826794716607e-17,4.22405166400353e-16,1.8025417084712e-17,-3.60906244627891e-16,-2.48899618378231e-17,1.38497775858143e-16,1.23371905300418e-09,1.47485461130285e-18,-4.82480778183659e-16,6.37812788066425e-18,-1.56739965989108e-17,-9.66204635964016e-17,-2.09207677438664e-17,-1.46474140661758e-17,5.12953647391422e-17,3.49286291591909e-17,-4.9754794396567e-17,1.57230999053848e-15,2.10282143137046e-17,-7.76800723758748e-17,2.72362934365769e-17,-2.96257865996701e-18,2.74282197876849e-18,-1.4156005250465e-20,-1.58244616061605e-08,-5.27613341187524e-17,-8.40144844148505e-18,-6.68299102304249e-17,5.96802310646468e-17,5.21985838013043e-17,2.20217961799583e-17,5.62735808137552e-17,-4.74266250687313e-19,-2.1442555699862e-18,3.34133220420627e-09,3.05227941419675e-16,3.23722784171898e-17,-1.07877305096816e-16,-4.22117807068777e-17,2.83725256972225e-17,-1.7845585892827e-17,-4.01638803861519e-18,6.38090746634691e-17,4.19911370967741e-17,-1.65192138507679e-17,3.22172900801191e-17,2.58185418548564e-17,-3.21684232483877e-17,1.6800188045226e-08,-1.10159917876969e-17,1.51458127126833e-17,1.01471681307363e-17,-1.78958410590457e-15,-5.04883545892787e-08,5.93059010819736e-17,-5.63233789983809e-17,1.12862247615612e-16,-1.27433947445268e-18,-8.1397148639343e-17,6.18684875889992e-17,2.22761472020316e-16,-9.4792471356187e-17,2.54455053707972e-18,-1.10408515609961e-17,5.81067375434397e-17,9.05817466597396e-18,-7.49774286607731e-17,-4.17383090326083e-17,-2.67951111799525e-17,3.36274200819889e-17,-2.68568441917354e-16
"t12",-0.0388861618313015,0.0294665440752866,-0.0477153185222761,0.018486833056153,0.00353166936551327,0.000304174902385538,-0.00565054080233159,0.0887597961059078,8.00218427396113e-05,-0.000219763084662388,-6.23486345242872e-05,0.000908157168515772,-0.000979578620759426,0.000104564516879943,-2.79977871839657e-06,0.00221195506029158,-5.12773903430521e-05,7.69090191899044e-05,7.21716458623733e-07,-3.45545774965428e-05,0.030685633668882,0.00059873917633033,-1.26749953441811e-05,6.26513014218601e-05,-7.67548477710383e-06,-1.25083619572472e-05,2.36286899127096e-05,-2.93620405718436e-05,0.00106574399324864,-0.00185326690249891,7.29453637692572e-06,-1.50876351222098e-05,0.00645261487962953,-1.98286280279736e-05,1.41809323093366e-05,3.54814651709121e-05,0.00154509790427208,-1.24352774852261e-05,-0.000107098323698021,-3.37927502329889e-05,-0.00246685651872111,0.000484725632398784,-0.00604870440836283,0.000736917995646382,-0.36775766425742,-0.000226418187723675,0.000219132732336073,-0.00388060466941202,0.000234545225920388,-0.000368008310114133,0.00200009592169544,-0.000169977826583833,2.35777962089821e-07,-0.00464156313948861,2.13939286113603e-05,-0.000219734707016987,6.04648686709026e-06,-0.000376858610336394,0.000126817697128766,-0.00101928848349564,-0.000121995351763842,1.3629973187878e-05,-0.000429617274493043,0.000226668795501818,-1.5215201442156e-05,0.000338293640130356,-1.87370974834949e-06,6.31066871272336e-05,-0.000168902925696419,6.38781259061333e-05,-4.09746571220134e-05,0.00071369221322324,-4.62106479370564e-06,-0.000252965347612663,0.000111150662138012,2.71820784532267e-07,-0.00500968519611664,7.11296110637749e-06,-3.47967857139438e-05,-4.11497703632133e-05,1.199838394349e-05,0.000179275617299669,-2.17923444280818e-05,-0.000136171836505464,7.96742437219541e-06,0.00132774429606245,-0.000386763366017575,-5.85554810454076e-06,-2.24879427658506e-06,0.00245078372421492,-2.15373529488981e-06,9.42936161214478e-06,9.86385012345705e-06,-0.000687077407559171,-1.0521676025363e-06,-0.0189726495972759,0.0007783377170312,0.000976738883341525,-3.01149339958645e-05,-1.65089614494325e-05,-3.9855096692743e-06,1.93924757035373e-06,-5.50367561159043e-06,2.00357706684328e-06,-8.67281533008587e-07,9.70711189445887e-06,-4.5674853483225e-05,1.20863228030833e-05,-7.01535727387036e-06,1.35706342558489e-05,7.37114016024164e-06,1.7361595821763e-05,-3.82073093602636e-05,3.26465775823721e-05,-1.25747762391941e-07,4.72398142030737e-06,-6.90021139235731e-06,7.11087251828494e-06,-7.0135394506327e-06,1.69397810249047e-05,-8.142107692646e-05,1.44950904792198e-05,-1.35022245753099e-05,-3.71297892635385e-05,9.2991707205919e-05,-0.000146733758651598,0.000110494926324945,-3.42812006589996e-06,6.0455439571819e-06,0.000199096050141778,-3.27290288682681e-06,1.72550763745452e-05,-2.04111216595982e-05,-4.05615325795063e-06,0.000204830587196882,6.40695374807495e-06,-3.4117459370939e-08,-2.10685533895543e-05,5.83296774065174e-06,-1.67215243114217e-05,-1.04687484246476e-06,-4.01075858782928e-05,7.70767509462192e-06,5.06258386545732e-07,1.22326742679153e-05,-9.23538926680501e-08,-3.8502612000677e-06,5.1952293455872e-07,3.29364814650927e-08,-8.14403819398858e-08,-9.05027737144819e-05,-3.46400194830328e-07,-0.000291942924000172,2.36993698867989e-06,-5.91545228797283e-07,-4.95965394720163e-08,7.23425736916845e-07,-1.46052390155635e-05,-3.44267114948961e-08,-9.64228970198005e-09,1.43000735671444e-07,-2.24491340022409e-08,8.25548224009967e-08,1.20474967740224e-05,-2.56060634269656e-06,1.35351296472849e-05,-4.56309877345948e-06,-7.9924379925486e-08,-3.99873528786796e-06,-5.8399790288405e-06,7.68137313800923e-05,1.84036720518695e-05,-1.44554098518558e-05,-7.42205100719374e-07,-1.49571956582729e-05,-3.49224548945345e-07,-1.40894524715487e-06,1.55689968328293e-05,4.29643422215976e-05,0.019739819979514,0.000761323534066936,0.00011958786883506,4.28474428695219e-08,6.82184984808479e-08,4.61571669901305e-07,1.92813962228531e-06,4.54976932992082e-05,-5.39448936022427e-05,-0.000267299085240254,0.0655702966263007,-3.16626534263435e-06,3.3912930656195e-06,1.18683146330331e-05,1.29577771299451e-07,1.56154805927222e-06,-1.71964538868377e-06,-3.02749603112418e-06,-0.000110585736719818,1.57374879195008e-06,5.0527904386405e-07,4.98095686209895e-07,7.46990130663189e-05,-1.10538925344656e-08,-1.10724362765745e-05,-2.41823962574769e-06,-0.000105399418635012,1.4230260818906e-06,0.00037439941285629,-8.45473449203392e-06,-3.18060420106422e-07,-2.74209579188643e-05,5.9265827770868e-05,-0.000123071233823172,-1.74548123673352e-06,-5.31541967322226e-05,-1.10763616963607e-06,0.000196303437152133,8.69316614410292e-08,-8.22184580665705e-08,-1.40359994530542e-07,-2.54653860847688e-07,-1.98425492477813e-05,-7.36156288792831e-07,-2.98322210966475e-06,1.2295165480662e-06,6.78745498358428e-07,7.29154855255125e-06,7.09952274566415e-07,1.32183570451807e-06,1.24699103219165e-06,-3.70313432570758e-05,-6.23986281692021e-06,-5.1608441248094e-07,-8.78724151903903e-07,5.43569895111833e-08,0.00014903445131048,5.63414298000681e-06,-4.83728570976184e-16,1.06229605047022e-06,-0.000565395064732929,2.44330244563475e-06,6.6644796170033e-05,1.01160324904356e-05,-0.00169034518734393,2.2987719374617e-06,-0.000651447717150675,1.83280572045962e-07,-1.38997229744859e-08,2.36567337580976e-05,-3.87407551099743e-05,1.28213755030856e-06,-0.000179399544827038,9.45789473070597e-06,-5.3110157178543e-05,4.84250788490201e-06,-4.39014179934864e-05,0.000639233526238726,-0.903091656978628,3.41330849374483e-05,-4.29019441689331e-06,6.33510197674253e-05,-1.11482410221256e-05,0.00111762942844952,-0.000498295427925182,4.32254788540367e-06,-1.44998059001726e-06,1.30834447414665e-06,9.20764996735966e-05,-0.000209061008546173,1.29575503734853e-06,5.07563233802157e-07,-1.03667260465122e-06,8.88659921444489e-05,-0.00066948619608998,2.05568722842203e-05,-0.000303607442916616,0.0229806447030627,-4.52141714146635e-06,1.88457888084453e-05,-6.97025544844553e-06,3.79381275320394e-06,-2.96868510868626e-16,-9.14337114944615e-06,-3.11605704918968e-07,-2.83892203457868e-09,-2.26184775542185e-05,3.09723117515899e-07,-1.61262603675733e-08,0.168638503081915,3.05617659446861e-05,-5.69958448360685e-06,1.48953713317219e-05,5.27011453052785e-07,-4.36073049075549e-07,5.57370847131709e-06,-6.69811304000642e-06,0.000146151337440982,-2.92155321321621e-06,0.00024946523935096,1.5878726029529e-07,8.59600794881898e-07,6.32924803717288e-06,-4.92755047668643e-05,1.15371735241597e-06,-4.36078327677466e-06,5.77608676373077e-06,-2.08595732233052e-05,1.26560668608081e-06,1.14020951482985e-06,8.64987687927633e-06,-1.45026515001143e-05,-1.1522012930274e-06,9.27480303073897e-06,-6.00097628227593e-06,1.47599661380299e-07,1.36202158629585e-06,-2.60007795386614e-06,-2.36865953144536e-16,7.17166403280179e-09,2.99941409944018e-05,-2.03559918932426e-05,1.97452794656112e-06,1.7658838750721e-06,5.14864223451526e-07,1.18919784331105e-06,-1.73053566687652e-05,6.36107992682887e-06,-1.43965963464922e-15,-4.7555980819465e-06,-5.7800113086406e-08,-1.60571829978266e-07,5.3374662739475e-06,1.18786224640184e-06,-7.95137965254563e-08,-3.00693313269257e-06,7.95605770027125e-07,-2.59463079724843e-05,4.84742132746482e-06,-9.77237759718233e-07,-1.76030665418046e-06,-9.28680033974326e-08,-6.88919437844861e-07,-1.74257067538193e-06,7.29021501079665e-06,-1.88508141195315e-06,2.28823037721909e-16,-0.00150487795844682,1.98720139687495e-05,7.38801378944058e-08,9.9594236541601e-05,-3.27884845371126e-06,-6.74033588651528e-06,2.36032549734159e-05,-8.56203983926996e-05,-5.91653222859111e-07,-3.7965631253941e-17,-1.08384152331043e-06,-2.99406553863751e-06,-1.35568601852742e-06,3.03165308438488e-16,2.53752823930659e-06,3.30291672127431e-05,-5.03204222071823e-06,-2.05721954887444e-06,-6.83556125506232e-07,-3.6477923387506e-07,-1.30183283403716e-05,3.61288207909043e-07,3.83794597166968e-06,1.12142858232546e-06,9.49171133497421e-07,0.00106345364782937,-6.76354425239671e-17,-2.28840605626577e-05,1.41775495061601e-06,9.13932703307528e-06,-9.15027175414643e-07,1.2947284998135e-16,-8.75017626513908e-07,8.40524080002506e-06,-3.8347662986901e-07,-3.40236095133904e-07,-8.59804456711087e-07,0.000846794076344823,-1.17339838504196e-05,1.5955171190913e-06,1.81913235387573e-16,5.70234296887684e-06,-5.70792314375755e-05,2.09775544544371e-05,6.96739183692381e-06,-7.07813924469596e-07,-4.74575705112162e-09,-1.39471767468535e-15,7.28465981517396e-17,-4.55023309168626e-09,-3.03374801381553e-05,3.99658324143864e-06,-7.63698464201692e-07,2.39328160853308e-15,-3.59041392183986e-07,-4.22268652846175e-09,-2.84609361443336e-16,-1.22718997816678e-16,-7.07779604433289e-17,8.84193490531055e-07,2.603541888024e-06,-3.74308888219116e-06,2.19975904325952e-06,1.09594420891336e-06,2.24317727941336e-06,-6.7737659602705e-06,-5.55480763104812e-16,-1.46732571086066e-06,5.32248889178972e-06,-1.51164799020918e-16,2.33240262814183e-16,-2.54655282625005e-06,-1.96508133584437e-10,-1.12469615312237e-05,1.16529532520321e-06,0.00019341643471649,-7.83440382490599e-08,-7.53156576802121e-15,-2.63566900765846e-07,3.04511867469339e-16,-8.95667476436339e-07,1.14665221762067e-15,-1.2209963460447e-05,2.08453691266294e-17,1.26545023008143e-06,2.2665339434584e-06,1.03746515384667e-07,1.36113519426143e-06,4.68555573330188e-06,-4.02831635097676e-06,3.38977634265963e-06,1.67979122576487e-07,8.17097166837885e-07,7.5161792476953e-08,8.81373958341266e-06,-3.28837115940769e-06,-8.08226407641279e-07,-6.54193962295657e-08,-1.1720637291496e-05,-4.87890971398822e-17,1.45570742385845e-05,-2.50048713535185e-06,2.44129605063505e-07,1.5224408262259e-15,3.22249695055804e-08,8.69813373050866e-07,3.10648088677238e-06,-4.65586395490202e-17,-5.2258730435984e-06,-3.98594623745315e-07,6.02804090663349e-17,-5.26060092329097e-07,0.000323304934172115,2.86377132257527e-18,1.63196901447358e-16,-2.92965020424397e-07,-2.26650213454304e-07,-1.29184830612363e-09,-1.79184268028978e-06,4.74984198714251e-07,9.69073573070609e-07,1.34530290724094e-07,1.63997591624206e-06,-2.77370107448205e-06,6.24500451351651e-16,3.96149347876263e-08,3.93250841296728e-09,1.0846248344136e-08,1.01432223033912e-06,1.09756303703925e-16,-6.90953700680425e-17,3.33320061504047e-07,-5.6242446280318e-17,1.95359110619308e-17,2.08325982305609e-06,-2.3236578848652e-06,-3.0075987434453e-06,-2.50054437444961e-08,7.58455074559637e-05,1.66440039140572e-06,7.4726946798348e-08,-6.19582473132687e-17,1.81186877566939e-07,8.45967624841608e-09,3.88133069435859e-08,-2.71648116119693e-06,1.06876096590082e-05,7.85565690570669e-16,6.06429276572626e-17,8.91246399309617e-12,-1.33868241817129e-07,-4.45499878505425e-07,-3.73357158911001e-07,6.99151411124302e-16,-3.4090323398134e-07,6.07388048803896e-16,-1.15261356852638e-16,7.97087573004427e-06,-1.74999356585861e-07,-9.70577784809024e-16,-4.29795606531727e-07,-1.53919303639922e-06,4.48797817127813e-15,6.61693847116896e-07,-1.83956153187309e-16,1.76253239160809e-07,-1.22244226295529e-16,1.75810097314902e-07,1.52159229140566e-06,3.8240079590493e-07,5.18065886568863e-08,3.55479293427046e-07,-9.21709350029556e-06,4.87932220516185e-07,1.03109023581447e-16,2.8695139998578e-05,-1.24760539092443e-06,1.11202800878156e-16,-1.23735095007652e-06,-4.8236636288569e-07,0.000100654534122763,-2.74786129288694e-17,3.58187265893247e-07,3.28391570155384e-06,-7.01723824662067e-17,-1.18165725859196e-06,-2.61287026259475e-07,-9.42785887732352e-08,2.57140406934918e-16,-9.86431548251513e-17,2.42165232538715e-07,7.4049976969399e-08,5.98937263110425e-09,-8.59808035897646e-07,4.35806973976721e-08,7.5054632648784e-17,-1.95149915629026e-16,1.59004048862962e-07,1.09591826322175e-09,3.52093537756937e-17,3.83833423202954e-07,-3.5210035243157e-17,1.37515133825763e-06,-7.32769985011391e-08,-4.2810796627677e-08,-2.83709544307447e-07,-3.28644018831371e-15,-6.07807632260724e-17,-8.52355538307586e-18,-2.84740893123149e-16,-1.57526874281505e-07,-7.01847630753299e-05,-1.29426712591653e-16,-3.15236229983477e-16,-2.31195035976545e-17,7.67439494249691e-07,8.86127720963284e-07,-3.7913989115856e-07,8.16644983169086e-17,-9.41358536260539e-16,-1.26743233963555e-16,-2.33846389988792e-06,4.96168321707329e-07,-5.09735060982415e-17,1.11415811048737e-05,-2.26992598589906e-06,-1.82241349280602e-16,-2.31134011491514e-17,-2.26118072398524e-07,-2.31644643174045e-09,-1.11913849419278e-07,2.49893907086567e-16,1.25754911389384e-07,1.83001840854101e-07,1.96153892498244e-07,-1.7855253205159e-07,-6.35755931920288e-07,6.92903797457649e-06,-1.139318359394e-16,-6.55808386608331e-17,1.12187284647576e-16,7.66294276694547e-06,-9.27208695310272e-07,-5.04775541813792e-08,-3.96207974299638e-08,-2.78640175650469e-16,2.85125806931976e-17,-8.62448034089972e-18,3.22118549042861e-17,1.1394839172647e-16,1.30568507004171e-06,3.29640608326654e-18,1.87638853008959e-16,-3.05156168930693e-08,-3.96986665085914e-18,-2.73155111643554e-08,-2.75980096916244e-17,-3.38626982516117e-08,-3.97855702575016e-17,-4.09827776088983e-08,-5.13236891931437e-09,-0.000128190153784867,7.20483545280473e-17,1.63752081974769e-07,5.67945802587142e-17,2.32345359367111e-07,-2.82253845694401e-06,2.25695275429927e-09,-2.45120600570326e-16,3.2903314809479e-07,4.19148701268858e-16,-8.07755029882079e-08,-4.55901512140609e-07,4.19942484066332e-17,1.85338477480212e-17,-3.69390066749638e-17,4.52843998825975e-17,-1.52896897250168e-09,-1.99052060706429e-08,-4.44346055923397e-09,-8.92635730645391e-17,3.76055240732291e-17,-3.25156086527156e-07,1.97701642264984e-05,6.29192301081702e-18,-4.47501494080182e-17,-2.01790299917218e-08,5.15251470090114e-17,-1.42951570456246e-07,4.07385984764218e-15,1.3482219479827e-06,4.95846419158574e-16,-4.03961470459534e-17,9.01949875690867e-17,-1.08159001015385e-16,-3.02135915679683e-18,-4.26000147308198e-16,1.33480841295784e-06,-9.33479506172856e-06,-1.21786920401485e-17,-1.19867478421068e-07,4.55824268734885e-07,-4.30002563307577e-17,2.83323997760526e-17,-4.15565078962355e-17,1.42566869599482e-16,4.48779362945319e-08,7.17478889917055e-09,-1.01868623039457e-16,-7.69191979359795e-17,-8.14462572422474e-08,-2.90521889787817e-07,-3.04001827859014e-08,-1.07832053746906e-17,2.57386507966239e-16,2.21408254896312e-17,-1.64388020188091e-16,-9.48127296629556e-17,2.37000841988238e-16,1.71169942767774e-07,-1.61857712933918e-07,-3.11152728838257e-08,-2.36497448535267e-17,-3.87536895230904e-17,-8.82676717172995e-17,-8.48396428179722e-18,3.41175060492977e-17,1.51513860358053e-17,-2.07612206284633e-17,2.54073334589293e-18,2.12115884620846e-17,1.28941249574679e-16,1.77254080474169e-16,-7.98027133396407e-17,7.89933590183041e-18,4.45248304154245e-17,1.4873727006953e-05,3.59935896455017e-16,5.76436036394294e-16,1.37504471456792e-17,1.66106526881125e-06,-2.89471903059765e-09,-1.68227953496492e-17,-3.19948864800233e-07,1.51638825179094e-06,-8.96264616814873e-17,-2.78157651881135e-16,-4.22754657208833e-07,8.46902409830079e-17,3.72499247702242e-08,-1.29812908933469e-16,-8.98124805770019e-17,-1.66668303099515e-18,6.19923289243433e-17,5.26545400612628e-09,-7.22961227854606e-07,-1.88018890423185e-15,8.1415822835855e-18,-3.78761052569881e-17,2.2024731154327e-16,-5.83951290100693e-16,-1.08000934874436e-17,-2.61988018014027e-17,-4.10185722025366e-17,7.53358212332703e-06,1.79194478256385e-17,1.13328025224016e-16,-1.79815756911185e-17,9.73841234354607e-17,5.40358246861917e-17,2.35050529314268e-17,-1.70183067881822e-07,-4.88256362806461e-17,1.60840781341689e-17,1.26847601568887e-07,-9.31414180816275e-17,-2.39351253024959e-16,4.5526661136414e-17,5.37824735419268e-17,7.27911006007242e-07,1.35334064881855e-16,-7.77704798623055e-08,-4.93443173155458e-17,5.93885159296709e-17,6.05872051016189e-16,-5.73768260008801e-16,2.32518302839593e-17,-5.54951315438387e-18,2.80672773312511e-09,-2.88511722195938e-16,2.52664031390551e-16,8.14457958833186e-07,-3.50030148135775e-07,6.15292451999158e-17,2.45005924436557e-07,3.58751039478508e-08,4.45156421530848e-17,3.52714928311899e-17,-3.61640721919003e-16,-6.71783627600194e-17,-1.8773444039764e-16,-6.00337767615199e-08,3.98760300227744e-16,-3.54667397835507e-16,-9.20823660359583e-17,2.40115781233387e-08,4.76806571422998e-16,-8.33298093699572e-17,-1.49846451647501e-16,1.43908243546648e-17,-1.09260746490636e-08,1.53129524618461e-17,2.26794192757025e-08,5.85707721835573e-17,-2.30123081110933e-16,-1.29834667611967e-16,-5.22480333261728e-17,4.13142726375843e-17,-4.49653837616507e-17,4.99995306078976e-17,-5.08082461129505e-07,-2.38258022163244e-17,-1.8835177232367e-16,1.64968700305206e-07,-8.03212861419962e-17,-4.48120561433434e-17,-1.1133470718085e-16,2.86313290529311e-17,-3.10996669037969e-17,-1.02845758658646e-17,-1.7301356091416e-07,2.01491193197156e-16,-4.52116772809457e-17,3.55225713458152e-07,8.91269488063823e-17,5.11920609374111e-17,1.95461702582633e-16,4.95901219172483e-17,5.68394470706901e-17,-2.98524425266536e-16,1.28257117025163e-16,-8.80160277320651e-17,9.34219126537891e-17,-6.31392829684115e-17,-6.97106355887215e-17,-1.85843031791411e-07,7.97208255046174e-07,-3.50424803735531e-16,-4.18504861947109e-17,-3.65531018481335e-17,-6.13545086089717e-17,-2.39565312032397e-15,-1.65520527604223e-17,-2.35655794409529e-17,1.39245252902847e-16,-7.72493102897329e-09,-5.48452471010493e-17,-3.17382975022433e-17,5.35556993230698e-17,4.37694579669536e-17,9.87818631752572e-09,1.99271025808399e-16,-8.03874047720978e-08,5.52364837495859e-17,-1.46830096042199e-16,8.84141787125525e-17,-1.09511225869186e-19,6.1107844285522e-17,2.22150246518924e-16,-1.37094232516054e-16,-2.37309224649571e-17,2.62940490295855e-17,-6.63948117733596e-18,2.20228965359161e-16,2.69051550810806e-17,7.49417392646277e-17,-1.62547375718416e-17,2.74870979665484e-17,2.55065116118924e-16,-9.6031241123111e-17,-1.42547299972419e-16,1.35238185466723e-16,-4.82264545337771e-17,-5.33427468862868e-16,-6.26477478321859e-19,1.37707265557447e-16,1.38077773665167e-16,6.21529977718652e-17,7.40289195251895e-10,3.18582318035996e-17,5.92468411665543e-17,1.63718309321577e-17,-7.81627752267315e-17,1.62130305856797e-16,5.08110354565037e-17,5.47001450275881e-17,1.85634346324707e-17,1.02025071362434e-16,-7.16855340037312e-17,3.99636920778157e-16,-1.0294415445104e-17,1.17264045006205e-16,-1.0308417659407e-17,-1.42421452800479e-17,-1.07783882567545e-16,-1.05486721047705e-16,-9.49606836437057e-09,2.49672437047118e-17,-6.20011254855572e-17,4.35285345170216e-17,-1.25772160252477e-16,1.63339846265715e-16,1.55995367629278e-16,5.13611578470467e-17,6.86588550976762e-16,-2.16682699849192e-19,2.00526559076903e-09,3.7459998132072e-16,-1.67454565174406e-16,-1.27800037610905e-16,1.90281552573882e-17,-3.61062899668063e-18,-1.5290727351563e-17,-1.78782104841845e-17,-7.22243212525314e-17,-7.17743088611173e-17,-1.52457019539054e-16,1.45692736236316e-17,-1.40356365126448e-17,5.19172732908322e-17,1.00834873850946e-08,3.6812373809385e-17,-1.34181789297331e-17,2.24165280276457e-17,-3.0444397003393e-16,-3.03047541640671e-08,-1.34332132006604e-16,1.058361165962e-17,-1.53555504805217e-17,2.3764363218196e-17,5.55345062076311e-17,6.50474986962307e-17,2.6974287483161e-16,5.15072033070511e-16,-8.84545444267483e-17,5.41258929355909e-17,-3.4782162423224e-17,8.44126340887949e-17,-1.01392838308394e-16,-6.32531690819602e-17,9.41087881000909e-17,6.37961008391227e-18,-1.98954162855007e-16
"t133",-0.0389858789610993,0.0296263909255372,-0.0479825935423476,0.0186259718038132,0.00356428688095635,0.000307477757233087,-0.00571311894762079,0.089822196229381,8.11562706316271e-05,-0.000223555631764644,-6.37219590897063e-05,0.000932967217199162,-0.00100715082622261,0.000107553881300852,-2.88344368616633e-06,0.00228211409818619,-5.29442751372536e-05,7.94563492022811e-05,7.461982747042e-07,-3.5832817105487e-05,0.0319182400306618,0.000628083637349283,-1.33333803767695e-05,6.59254900688896e-05,-8.07829651483993e-06,-1.31983623939853e-05,2.49486664315878e-05,-3.10181124982126e-05,0.00112758926172074,-0.00198204679969271,7.83838188115967e-06,-1.6268977043907e-05,0.00699841320514576,-2.15947786284874e-05,1.55166038903114e-05,3.91268189208249e-05,0.00170613292414502,-1.37548216495447e-05,-0.000118551103801112,-3.74680011721596e-05,-0.00274401101539317,0.000540707986747976,-0.00675933130914129,0.000823616322000704,-0.411900026794649,-0.000255629191088518,0.000248019593507608,-0.00439733105586281,0.000266660348997675,-0.000419921393550352,0.00229347923474618,-0.000195363085501301,2.71082431744298e-07,-0.00535214607416791,2.4812284404239e-05,-0.000255069692170414,7.13419807210202e-06,-0.000446696117478048,0.000150401648633248,-0.00122283536303246,-0.000147670720742767,1.65729630119217e-05,-0.000524308411781489,0.000276886581657166,-1.87163209423524e-05,0.000418797259202603,-2.35320721676553e-06,7.97822895736327e-05,-0.00021419632890141,8.1465314961411e-05,-5.38920519495999e-05,0.000962245410456781,-6.25490950036214e-06,-0.000345222740145452,0.000151845076290783,3.72675807115549e-07,-0.00687832753951731,9.83585609353991e-06,-4.89153013007765e-05,-5.82401880010081e-05,1.71831473549877e-05,0.000257410765171115,-3.19006541212872e-05,-0.000200525854867795,1.2045039515993e-05,0.00202214081475714,-0.00059350831777243,-8.99674099939521e-06,-3.45626947596435e-06,0.0037697757130192,-3.32254703409484e-06,1.49643627427795e-05,1.56956862473336e-05,-0.00111345794163526,-1.76195790793029e-06,-0.0319339385592433,0.00131037745238634,0.00166614964372034,-5.16259524207473e-05,-2.88459384875736e-05,-7.07595023034691e-06,3.44793977887736e-06,-9.80133535485547e-06,3.85647880539968e-06,-1.67975836715463e-06,1.88929603567511e-05,-8.96815923960916e-05,2.37900279886922e-05,-1.3869610631433e-05,2.70107452889868e-05,1.47037970759689e-05,3.50948200301889e-05,-7.7356151149355e-05,6.8535206661276e-05,-2.66096925378681e-07,1.01759887349987e-05,-1.4985222404285e-05,1.57994892868052e-05,-1.59408107864081e-05,3.91859803131728e-05,-0.000190278354915357,3.51289070438985e-05,-3.35348547931587e-05,-9.23056733370879e-05,0.000232013545701701,-0.000375831835586984,0.000283642861618276,-9.00848929111146e-06,1.70598065567913e-05,0.000562294128101996,-9.30004246978941e-06,5.16638168206809e-05,-6.17696390463955e-05,-1.23714992372151e-05,0.000645649335029989,2.02901244116102e-05,-1.1645263921152e-07,-7.68127089494234e-05,2.34928555528428e-05,-6.75497205009422e-05,-4.30756876293601e-06,-0.000166612048610343,3.25213521742754e-05,2.14899783702262e-06,5.19302431519895e-05,-4.09915080302618e-07,-1.88194824179704e-05,2.83655100177313e-06,1.85298797159118e-07,-4.91362379512967e-07,-0.000549221691836259,-2.16271248499383e-06,-0.00185424584476761,1.53553926465462e-05,-4.71530485116678e-06,-4.10675432380905e-07,6.1600112326317e-06,-0.000371133647022651,-1.75668498670021e-06,-5.8305119169714e-07,-0.000286156470220932,5.58132825107233e-06,-3.13913424874048e-06,-0.000414957833059068,5.00049609068794e-05,-0.0001854111674703,3.29965859793473e-05,5.68234418592673e-07,2.83072997383087e-05,3.88158568803399e-05,-0.00047622810204401,-0.000112999200683034,7.82995952944815e-05,3.87536531752264e-06,7.24127981575038e-05,1.66078960312415e-06,6.64009940528796e-06,-6.27809497189981e-05,-0.000150222526198464,-0.0674492520538986,-0.00254589449984828,-0.000375978436520694,-1.31645690541211e-07,-2.05005074082602e-07,-1.35885446779988e-06,-5.30969815926459e-06,-0.000123294759737271,0.000128172438541881,0.000632469791565977,-0.148872557883373,6.45256308649333e-06,-6.35297335910388e-06,-2.16179310848076e-05,-2.26565650407205e-07,-2.65002346095849e-06,2.67826053748799e-06,4.63079413505908e-06,0.000162903991962154,-2.27570583332482e-06,-6.37121144266249e-07,-6.24173933269732e-07,-8.85927624553582e-05,1.2436412309728e-08,1.10301027757523e-05,2.40767853703605e-06,0.00010380038417752,-1.35584570706796e-06,-0.000348712880781598,7.4207496783369e-06,2.59819152196868e-07,2.11679125392336e-05,-4.49675059729947e-05,8.64649420172208e-05,1.17576892369726e-06,3.57655378052269e-05,7.2145750177265e-07,-0.000117851883669155,-5.13858157995046e-08,4.47618733078425e-08,7.22207174405861e-08,1.28503312670746e-07,9.24293747187807e-06,3.36452610544435e-07,1.33534060353686e-06,-5.16458496679758e-07,-2.81466195671974e-07,-3.01418661748433e-06,-2.73700787595683e-07,-4.88357310968716e-07,-4.3928639363235e-07,1.27651658555684e-05,2.10297473111978e-06,1.70280873791483e-07,2.8819186958422e-07,-1.68562858965653e-08,-4.46149313322529e-05,-1.62283173077816e-06,1.06761119107359e-16,-2.89302626153824e-07,0.000152245683045529,-6.07723338689911e-07,-1.55693345908444e-05,-2.24167263070781e-06,0.000373374360209623,-4.58742310292279e-07,0.000127741217059524,-3.56479746393134e-08,2.59914209683821e-09,-4.30547759619927e-06,6.70361512702423e-06,-2.16846345690254e-07,3.00543006104683e-05,-1.50262636038438e-06,6.61078223918409e-06,-5.46688873948259e-07,4.54136162148607e-06,-5.33227230346758e-05,0.0740656556395931,-2.33315782615004e-06,2.60714739046162e-07,-3.16687398325533e-06,5.18777228525579e-07,-4.79581571143432e-05,1.88718618423251e-05,-1.31279147361531e-07,4.2789765847697e-08,-1.30646016622963e-08,-8.7718378990318e-07,1.88376895811929e-06,-4.554442526146e-09,-7.31527286907101e-10,-5.46830561955614e-09,5.81716137987808e-07,-3.63241022185728e-05,1.24972798453062e-06,-2.01220872497279e-05,0.00184085771176375,-4.19432765174011e-07,2.44235204673911e-06,-1.00098495831468e-06,5.92892611190587e-07,-2.6148498624627e-16,-1.98179851635418e-06,-7.09461622334189e-08,-7.70271567857463e-10,-1.09307588600368e-05,4.49412238852665e-07,-8.21274873407232e-07,-0.530627739482396,-5.55553772474556e-06,9.61762143048095e-07,-2.46452705893894e-06,-6.38376578021398e-08,2.29726547517017e-08,-2.50580175851442e-07,2.67942640113502e-07,-3.74030880009047e-06,-3.82118966017942e-08,6.23586802901135e-06,4.07166188471772e-09,2.2206456730142e-08,3.13728411556245e-07,-3.51017452843288e-06,8.50340947093751e-08,-3.36742911406046e-07,4.69858127225841e-07,-1.72263504273281e-06,1.16979628929036e-07,1.06198046632945e-07,8.16800790191367e-07,-1.38215369858548e-06,-1.13068779281604e-07,9.3849636799084e-07,-6.23789567285911e-07,1.55177625845744e-08,1.45900774704136e-07,-2.89266147241029e-07,-1.50881443073886e-17,9.59903244060143e-10,4.07597797929863e-06,-2.82728779242309e-06,2.74419569537697e-07,2.45585609684365e-07,7.19757422019791e-08,1.67852972436455e-07,-2.47012307838336e-06,9.28101737470116e-07,1.47172313096202e-15,-7.26995877786523e-07,-8.88447632283147e-09,-2.4967012412792e-08,8.31035160544605e-07,1.90033806475928e-07,-1.29033875775101e-08,-4.97509618283927e-07,1.33336133453338e-07,-4.46490943006068e-06,8.53472285607298e-07,-1.74477809261872e-07,-3.16701944320488e-07,-1.67865218841163e-08,-1.25550038605282e-07,-3.17852792844829e-07,1.33734850520801e-06,-3.47317466998275e-07,1.97003230867144e-16,-0.000286007825375273,3.79997414839137e-06,1.41283812499324e-08,1.93699955792375e-05,-6.39286565855635e-07,-1.35292593619093e-06,4.77503740563945e-06,-1.73478970402054e-05,-1.20566790481772e-07,-7.18484293536711e-16,-2.22289671306227e-07,-6.15519373604169e-07,-2.81135523423261e-07,3.37867921935641e-16,5.31065688145584e-07,6.92720747413113e-06,-1.05652820477866e-06,-4.32908868565611e-07,-1.44383226816473e-07,-7.72649377115234e-08,-2.7634209938711e-06,7.71779085160545e-08,8.2046568414012e-07,2.40762049353349e-07,2.05289096829728e-07,0.000230092037952816,2.02327262553751e-16,-5.02089804962539e-06,3.11800670284972e-07,2.0203505919897e-06,-2.03830901425298e-07,-2.27992883676588e-16,-1.98035258866888e-07,1.93462986851204e-06,-8.89088837488787e-08,-7.9146447273333e-08,-2.00798529598271e-07,0.000199181082821239,-2.79122246710074e-06,3.89486263366455e-07,4.29959363277235e-16,1.4213390137356e-06,-1.42520095924574e-05,5.25664944787738e-06,1.75446797663198e-06,-1.78301637874011e-07,-1.19710495144051e-09,-9.85322934354826e-16,-1.85390835995523e-16,-1.15663698931811e-09,-7.76175186867952e-06,1.02332699793491e-06,-1.96652593547364e-07,2.46401055183247e-16,-9.35599165112725e-08,-1.10597410566747e-09,-5.78514643242487e-16,2.50859361785598e-16,-1.80717880913482e-16,2.35134017964066e-07,6.93655246325476e-07,-1.00358921325342e-06,5.92881251538552e-07,2.95558176399669e-07,6.08231353102462e-07,-1.83781867985541e-06,1.01919907815547e-16,-4.02316589728703e-07,1.46457644858945e-06,7.51363283682255e-16,1.24144724128968e-15,-7.10222876783807e-07,-5.49769467220792e-11,-3.15942571018931e-06,3.28231929979561e-07,5.47568855489632e-05,-2.2197359642739e-08,-3.43384895971973e-15,-7.47588200495062e-08,3.51451036223998e-16,-2.54843900189649e-07,-4.65339572430779e-16,-3.4819810226968e-06,6.01495828327235e-16,3.61903243169347e-07,6.4857041464274e-07,2.99070901598787e-08,3.92978573829427e-07,1.35364788283192e-06,-1.16697712895894e-06,9.84310788236355e-07,4.90389562577814e-08,2.38550279509461e-07,2.19788159919264e-08,2.58484886369126e-06,-9.68102792575102e-07,-2.3869741728889e-07,-1.93680539004967e-08,-3.47415639937978e-06,-2.52304346374512e-16,4.33068925351236e-06,-7.46454717103741e-07,7.35674961315319e-08,8.86722505005508e-16,9.73648487090697e-09,2.63833792904317e-07,9.43811298615415e-07,1.77925220199105e-16,-1.58905633915791e-06,-1.21601572235149e-07,1.6577568206185e-16,-1.60744546046186e-07,9.97141626845112e-05,-1.07917225854142e-16,2.87635512694036e-15,-9.06750080083062e-08,-7.01719662086402e-08,-4.00547015719288e-10,-5.5651439740094e-07,1.48080204069095e-07,3.02214206648406e-07,4.19736033712012e-08,5.14185754595335e-07,-8.73046905009412e-07,-4.80561770932475e-15,1.24873094813923e-08,1.23989987332256e-09,3.42275818035085e-09,3.20424212971999e-07,-2.69292798819458e-15,2.40804899785243e-15,1.05445351600715e-07,-3.72456535725591e-15,-4.18531055547717e-16,6.64796024568276e-07,-7.42598392263621e-07,-9.61202824223883e-07,-8.0168894743624e-09,2.43268629258583e-05,5.33892147538244e-07,2.39843265356018e-08,2.06553266448299e-15,5.85116534685606e-08,2.73544899477113e-09,1.25556752030541e-08,-8.80599031018815e-07,3.47774163057789e-06,-1.59549052006441e-14,7.18437608337203e-14,-0.707106781206043,-4.3794695097515e-08,-1.46077926692395e-07,-1.22443744873372e-07,1.97275488853702e-14,-1.12045100220907e-07,-5.34188545944851e-14,1.35900595191985e-14,2.64459629561168e-06,-5.80684671296659e-08,5.32993787993874e-15,-1.42938680180547e-07,-5.12567072441274e-07,8.90688013860083e-15,2.20939518250203e-07,1.5229215737884e-15,5.90387506233619e-08,-4.02580562948699e-16,5.89070819062122e-08,5.09938524900162e-07,1.28187730312994e-07,1.73725397200958e-08,1.19297319876523e-07,-3.1022346142905e-06,1.64888077781132e-07,7.45912968575037e-16,9.74520225149161e-06,-4.23923934397692e-07,3.31761672183954e-16,-4.20733351616101e-07,-1.64226140545463e-07,3.43078910867412e-05,6.66158661703767e-16,1.22560371543719e-07,1.12450831148463e-06,-3.29825723415916e-16,-4.05042826876975e-07,-8.96072766094151e-08,-3.23920515121328e-08,-2.01816000187195e-15,-4.08209109120794e-15,8.35634878238369e-08,2.55991295407111e-08,2.07130508263977e-09,-2.99704154215688e-07,1.5210296295037e-08,7.28205379779464e-16,2.73378351333944e-16,5.55433121042417e-08,3.82867727425921e-10,-2.18906470515909e-15,1.34293136025307e-07,-1.21200815251573e-16,4.81811657188278e-07,-2.57238470572915e-08,-1.50307683903447e-08,-9.96634903059561e-08,-1.38676650976317e-15,-2.02698675279558e-16,-8.11089455983669e-16,-1.26822875738393e-16,-5.5604797232921e-08,-2.47840043249094e-05,8.94597972367325e-16,-3.95107760935735e-16,3.24147332581028e-16,2.71387697426756e-07,3.13551649687841e-07,-1.34380347050146e-07,-2.16759654435733e-16,-4.63621111987389e-15,8.48062939318162e-16,-8.33503812569601e-07,1.76884387697108e-07,-2.03394432445551e-16,3.98063197199058e-06,-8.11702748446737e-07,1.09601696542829e-15,4.4539232805793e-16,-8.10242007010882e-08,-8.30181887689546e-10,-4.01567757206024e-08,-4.53389165195027e-16,4.5214067016554e-08,6.58694971522778e-08,7.07121087407225e-08,-6.45018900418305e-08,-2.29794901773554e-07,2.5071390872872e-06,-3.70910729472947e-16,1.73384246659616e-16,4.93886483353003e-16,2.78920495226e-06,-3.37521690400685e-07,-1.83886269033577e-08,-1.44883559109808e-08,8.43033145096875e-16,-1.24043407388249e-15,-7.4903372376813e-17,1.14644364423349e-18,7.74879771482533e-16,4.79342810154261e-07,-3.8384930136798e-16,-4.42128370768612e-16,-1.12201255801295e-08,2.27190720369119e-16,-1.00443179395287e-08,-3.48221531393292e-16,-1.24535340172783e-08,-3.06767701523356e-16,-1.51121988201314e-08,-1.89373209329114e-09,-4.73450142813519e-05,1.1357307740885e-16,6.05510159581486e-08,-4.84917933053149e-17,8.61379459746373e-08,-1.04993168324549e-06,8.39667083207825e-10,8.32700234679675e-17,1.22578181157739e-07,3.23722266576128e-16,-3.01566432452185e-08,-1.7022364803992e-07,1.71841063970306e-16,6.51260200688191e-17,-7.31534370215129e-17,1.42569533937211e-16,-5.71890929836241e-10,-7.44873251636304e-09,-1.66368583147381e-09,-1.70635526429564e-16,1.20083216285048e-16,-1.22056423398814e-07,7.42213140571442e-06,-6.88223867343551e-16,-8.8990254748593e-16,-7.59987479530942e-09,-2.31324695268068e-18,-5.38753785095934e-08,-3.68432255187084e-16,5.09115362646694e-07,6.42483886990991e-16,-9.61901496202802e-17,-1.11129443950586e-16,9.83981188191151e-18,-4.96744811944157e-16,2.25335685279466e-16,5.06054792208238e-07,-3.53920625631453e-06,9.98064593494215e-17,-4.5509410296028e-08,1.73159872000377e-07,-1.68297700781789e-16,5.42596588607902e-16,2.96963458350415e-16,2.66420941615615e-16,1.70905878376857e-08,2.73390370088173e-09,-5.31722897693731e-16,6.63805062301091e-17,-3.10544230776705e-08,-1.10781537976601e-07,-1.15954299432015e-08,5.11048753640203e-16,2.56666179011007e-16,3.82692724174216e-16,-1.13497324458034e-15,-8.67179874272399e-18,3.34650586545851e-16,6.55864536853852e-08,-6.20446231514717e-08,-1.19323809160822e-08,-8.37110809036482e-17,1.12344581683523e-16,-3.88927108461238e-16,-2.80142877060016e-16,-1.08751568474312e-16,4.21263873504472e-16,2.34189724284099e-16,2.26041767068261e-16,-5.18756497109609e-16,-3.64394678788939e-16,2.35939760069068e-16,-1.91270946567984e-16,-2.00126400429171e-16,-3.94531643800163e-16,5.74427055722133e-06,-1.62680227931988e-16,-2.3062764569855e-16,8.5155025693565e-17,6.42104322135837e-07,-1.11922813117537e-09,1.99016228445879e-16,-1.23722962005332e-07,5.87050240523047e-07,6.10993428708358e-17,7.83430725960736e-16,-1.63896145413244e-07,2.02822037310064e-16,1.44663052052336e-08,1.2162733889938e-16,-1.77383082054308e-16,-5.76964188498743e-17,1.36201046136679e-16,2.05044840351725e-09,-2.8158399375488e-07,-1.27134043711832e-15,-2.13837178014599e-16,2.99800791815947e-16,2.02822659720562e-16,1.14209856849623e-15,-1.94523957207215e-17,1.08598894343174e-16,-2.1835950875524e-16,2.96207209964401e-06,-5.94381481930757e-17,3.25634203225449e-16,6.48813367531706e-17,1.11911687580974e-16,-6.87639528147554e-16,2.88154386325474e-16,-6.70483230574001e-08,7.67127731839046e-17,8.53637450951345e-17,4.99936913648444e-08,9.3682780418748e-17,-5.62326346457762e-16,1.6824591086603e-16,-7.24901810867918e-16,2.8813824282019e-07,-3.24929484511581e-17,-3.08088154062788e-08,-3.10713506020191e-16,-4.10525833398599e-16,-1.36323749367658e-15,-1.14052308721434e-15,-1.62678403267232e-16,-5.79220697366081e-16,1.11364931575224e-09,1.97984688474732e-16,-1.62058566601778e-16,3.23552056642943e-07,-1.3906169989471e-07,-2.73630730642329e-16,9.74388750132914e-08,1.42722034868615e-08,-1.75722297134085e-16,5.57663801705066e-16,-1.01801928252587e-15,-1.62160255526137e-16,3.66686064900817e-16,-2.39989269537499e-08,-5.4520441287793e-16,6.32321161966472e-17,-7.34008604759421e-17,9.61071566214783e-09,6.18816067703253e-18,-3.43424784016865e-17,1.87314072050944e-16,-6.36348347876769e-17,-4.38037112528055e-09,-9.93126365816571e-16,9.09700056095582e-09,3.47670714269064e-16,5.0671295816901e-16,-6.18657311984206e-16,9.6404076781254e-17,-2.50339405493859e-16,7.97899892537235e-17,-3.73547126377797e-16,-2.04343514436931e-07,1.85598089244018e-16,4.6901271621334e-17,6.63919807599297e-08,-9.91903566123433e-17,1.058550071699e-16,-2.80108058875771e-16,9.56249394239569e-17,-5.65803464932798e-17,2.13163107776996e-16,-6.97743793095141e-08,1.83638216872082e-17,3.21083273543241e-16,1.43391574014247e-07,1.09541979691441e-16,-1.8567053310958e-16,2.94686741118174e-16,3.39629841718632e-16,-5.17955460525476e-16,2.93243594025403e-16,-8.99520055553919e-17,-1.53509835394887e-16,-3.97261917986279e-16,2.02292483111128e-16,1.02197022787321e-16,-7.52751850494573e-08,3.23039454373258e-07,-6.875440437557e-16,1.32855552608804e-17,-1.51830413959939e-16,-4.56187004200381e-17,2.62680502349788e-15,3.07723704012038e-17,-4.66288170914997e-16,-1.22107626600527e-17,-3.13695085957579e-09,2.88833700486417e-17,-2.53676199667769e-17,8.60778890102107e-16,-3.63248813615875e-16,4.018633922232e-09,-2.0356327984204e-16,-3.27699973581931e-08,-4.96711296690623e-17,-3.15668595536633e-17,-7.18048377432015e-17,3.28983025289026e-17,1.58245555798848e-16,1.32826972885314e-16,2.23922110159714e-16,-2.71849907335699e-16,-1.99597343281369e-17,-2.64662244429261e-16,2.53250372641425e-16,-4.4422468811719e-18,1.35208905572142e-16,3.70337729383649e-18,9.55571521142128e-17,1.22049834617917e-15,-1.78923946271163e-18,-5.96586654115522e-17,-2.05567167250618e-16,-1.69991027573976e-16,-8.34835672813838e-17,-9.48681232157708e-17,-2.95932082792547e-16,-2.16242637169553e-16,-2.33695038412687e-16,3.04046996189445e-10,9.44488395934766e-17,2.45151224944392e-16,5.03250279081374e-17,-6.35249310235885e-18,1.03645526649723e-15,1.50999719429141e-16,2.55542317665705e-16,-5.97518876834197e-17,1.96115974250042e-16,-6.73015604338593e-17,-7.10369263412503e-16,-7.57427529631044e-18,-8.50454167651889e-17,-1.31350816103683e-16,-4.14348665879599e-16,1.74191404739533e-17,1.31338221852004e-16,-3.91978454717783e-09,-3.57177149073267e-17,-9.05263705302942e-17,1.26082568295648e-16,-3.01103253421349e-16,9.24918673090266e-17,-7.41267080934864e-18,1.55077077358638e-16,8.28292411493285e-16,-1.73780329631401e-16,8.3199728262472e-10,-2.64849864294222e-16,-5.47527178748245e-18,1.83349283340252e-16,-2.48054780757679e-16,-8.70291649278219e-17,6.14355872988011e-17,-4.87903364704867e-17,1.78606278863576e-16,-1.81321415329641e-17,1.9666727540345e-19,-2.24130788185177e-16,-4.81930103633399e-17,6.57017894250493e-17,4.20518930522226e-09,1.45431222455195e-16,-2.05070451679862e-16,-2.35342974384075e-17,-1.1067535776732e-15,-1.26682380999666e-08,1.12096764530474e-16,-3.40066371923444e-17,-1.19588913737021e-16,3.03946720159539e-16,2.74357848118579e-16,5.77194793227657e-18,2.74693128585509e-16,-1.22930620891652e-16,-1.72479530244225e-16,1.33157090097145e-16,1.00619895144553e-16,2.97661477930118e-17,-8.58938313100668e-18,1.81007512828353e-16,3.49851549494361e-18,-5.03664099020096e-17,-2.46187084338272e-16
"t616",-0.0389858789611036,0.029626390925544,-0.0479825935423591,0.0186259718038191,0.00356428688095774,0.000307477757233241,-0.00571311894762346,0.0898221962294263,8.11562706316438e-05,-0.000223555631764824,-6.37219590897276e-05,0.000932967217200235,-0.00100715082622382,0.000107553881300975,-2.88344368617327e-06,0.00228211409818909,-5.29442751373368e-05,7.94563492023774e-05,7.46198274711139e-07,-3.58328171055668e-05,0.0319182400307136,0.000628083637350488,-1.33333803767877e-05,6.59254900690458e-05,-8.07829651486812e-06,-1.31983623940018e-05,2.49486664316671e-05,-3.10181124982495e-05,0.00112758926172338,-0.00198204679969809,7.83838188120667e-06,-1.62689770439187e-05,0.00699841320516827,-2.15947786285743e-05,1.55166038903449e-05,3.91268189210806e-05,0.0017061329241516,-1.37548216497057e-05,-0.000118551103801629,-3.7468001172175e-05,-0.00274401101540444,0.000540707986751131,-0.00675933130917014,0.000823616322004138,-0.411900026796445,-0.000255629191089811,0.000248019593508799,-0.00439733105588376,0.000266660348999261,-0.000419921393552151,0.00229347923475816,-0.000195363085502647,2.71082431757703e-07,-0.0053521460741965,2.48122844046607e-05,-0.000255069692171966,7.13419807217706e-06,-0.000446696117480937,0.000150401648634044,-0.00122283536304046,-0.000147670720743892,1.65729630120485e-05,-0.000524308411785222,0.000276886581659163,-1.87163209425195e-05,0.00041879725920583,-2.35320721690737e-06,7.97822895746529e-05,-0.000214196328903093,8.14653149617193e-05,-5.38920519499706e-05,0.000962245410466106,-6.25490950059859e-06,-0.000345222740148619,0.000151845076292355,3.72675807090644e-07,-0.00687832753958777,9.8358560935913e-06,-4.89153013012596e-05,-5.82401880015328e-05,1.7183147355164e-05,0.000257410765173795,-3.19006541222331e-05,-0.0002005258548702,1.20450395162126e-05,0.00202214081478263,-0.000593508317780034,-8.99674099938542e-06,-3.45626947588039e-06,0.00376977571306765,-3.32254703410043e-06,1.49643627428177e-05,1.56956862476292e-05,-0.00111345794165081,-1.76195790788059e-06,-0.0319339385597056,0.0013103774524053,0.00166614964374476,-5.16259524215054e-05,-2.88459384877446e-05,-7.07595023050376e-06,3.44793977903551e-06,-9.8013353550637e-06,3.85647880555128e-06,-1.67975836699163e-06,1.88929603569535e-05,-8.96815923974532e-05,2.37900279892177e-05,-1.38696106317233e-05,2.70107452895229e-05,1.47037970762841e-05,3.50948200306288e-05,-7.73561511506794e-05,6.85352066624041e-05,-2.6609692535791e-07,1.01759887354693e-05,-1.49852224045605e-05,1.5799489287102e-05,-1.59408107865967e-05,3.9185980313889e-05,-0.000190278354918805,3.51289070444875e-05,-3.35348547936109e-05,-9.23056733388639e-05,0.000232013545706703,-0.000375831835594487,0.000283642861623655,-9.00848929126954e-06,1.70598065570937e-05,0.000562294128113631,-9.30004247008888e-06,5.16638168218213e-05,-6.17696390477215e-05,-1.23714992378088e-05,0.000645649335044212,2.02901244121496e-05,-1.16452639050031e-07,-7.68127089511695e-05,2.34928555533194e-05,-6.75497205024838e-05,-4.30756876336841e-06,-0.000166612048614448,3.25213521749795e-05,2.14899783727024e-06,5.19302431532931e-05,-4.09915080314829e-07,-1.88194824184423e-05,2.83655100144801e-06,1.85298797381858e-07,-4.91362379356993e-07,-0.000549221691850096,-2.16271248509093e-06,-0.00185424584481537,1.53553926469758e-05,-4.71530485128647e-06,-4.10675432375174e-07,6.16001123285129e-06,-0.000371133647032915,-1.75668498676835e-06,-5.83051191785769e-07,-0.000286156470229322,5.58132825121826e-06,-3.13913424865322e-06,-0.000414957833071167,5.0004960907918e-05,-0.000185411167475885,3.29965859807778e-05,5.68234418962901e-07,2.83072997387762e-05,3.8815856881612e-05,-0.000476228102059085,-0.000112999200686319,7.82995952971543e-05,3.87536531729832e-06,7.24127981597915e-05,1.66078960316836e-06,6.64009940578141e-06,-6.27809497207582e-05,-0.00015022252620356,-0.0674492520561726,-0.00254589449993433,-0.000375978436533757,-1.31645690532759e-07,-2.05005074169862e-07,-1.35885446789079e-06,-5.30969815958147e-06,-0.000123294759741398,0.000128172438546531,0.000632469791588562,-0.148872557888724,6.45256308687858e-06,-6.35297335921163e-06,-2.16179310855624e-05,-2.26565650245197e-07,-2.65002346118166e-06,2.67826053735759e-06,4.63079413497853e-06,0.00016290399196888,-2.27570583337971e-06,-6.37121144298464e-07,-6.24173932977536e-07,-8.85927624592298e-05,1.24364120600575e-08,1.10301027762331e-05,2.4076785367335e-06,0.000103800384181848,-1.35584570724434e-06,-0.000348712880796877,7.4207496784935e-06,2.59819152141236e-07,2.11679125405042e-05,-4.49675059752518e-05,8.64649420215936e-05,1.17576892394965e-06,3.57655378068125e-05,7.21457501929333e-07,-0.000117851883674951,-5.13858157021829e-08,4.47618729082797e-08,7.22207174307885e-08,1.28503312756345e-07,9.24293747198224e-06,3.36452610416587e-07,1.33534060349062e-06,-5.16458496498519e-07,-2.81466195610436e-07,-3.01418661729273e-06,-2.73700787595333e-07,-4.88357311188336e-07,-4.39286393831356e-07,1.27651658561237e-05,2.10297473134839e-06,1.70280873969709e-07,2.88191869715789e-07,-1.68562860989979e-08,-4.46149313345765e-05,-1.62283173089745e-06,5.39726140267283e-16,-2.89302626240119e-07,0.000152245683054598,-6.07723338658861e-07,-1.5569334591754e-05,-2.24167263098839e-06,0.000373374360232729,-4.58742310341985e-07,0.000127741217066955,-3.56479744173331e-08,2.59914225753853e-09,-4.30547759611847e-06,6.70361512680731e-06,-2.1684634564541e-07,3.00543006122086e-05,-1.50262636015039e-06,6.61078223862096e-06,-5.46688874591408e-07,4.54136162189288e-06,-5.33227230386309e-05,0.0740656556449044,-2.33315782724647e-06,2.60714738959184e-07,-3.16687398360799e-06,5.18777228834843e-07,-4.7958157117941e-05,1.88718618437825e-05,-1.31279147097174e-07,4.27897659987173e-08,-1.30646016685043e-08,-8.7718378980432e-07,1.88376895828317e-06,-4.55444312773193e-09,-7.31527239974807e-10,-5.46830531255855e-09,5.81716138107089e-07,-3.63241022214983e-05,1.24972798438348e-06,-2.01220872509544e-05,0.00184085771191742,-4.19432765124635e-07,2.44235204688252e-06,-1.00098495864117e-06,5.92892611353258e-07,-5.81924549938416e-16,-1.98179851611854e-06,-7.09461624331578e-08,-7.70271690772635e-10,-1.09307588611675e-05,4.4941223869267e-07,-8.21274873480351e-07,-0.530627739530382,-5.55553772554874e-06,9.61762142820003e-07,-2.46452705946862e-06,-6.38376584024835e-08,2.29726547483568e-08,-2.5058017630524e-07,2.67942639534437e-07,-3.74030880163307e-06,-3.82118969114683e-08,6.23586802912107e-06,4.07166167355266e-09,2.22064566375335e-08,3.13728411563892e-07,-3.51017452855105e-06,8.50340948196817e-08,-3.3674291127169e-07,4.69858127259703e-07,-1.72263504303209e-06,1.16979629042375e-07,1.06198046172364e-07,8.16800790778902e-07,-1.38215369847217e-06,-1.13068779192308e-07,9.38496367420933e-07,-6.23789568016279e-07,1.55177622198719e-08,1.45900774606308e-07,-2.89266146746238e-07,1.5059123845451e-16,9.599026401375e-10,4.07597797981787e-06,-2.82728779431481e-06,2.74419569136315e-07,2.45585609669166e-07,7.19757424146854e-08,1.67852972345861e-07,-2.47012307872104e-06,9.28101738040972e-07,7.67667170158471e-16,-7.2699587804876e-07,-8.88447707328471e-09,-2.4967012079177e-08,8.3103516144495e-07,1.90033806710486e-07,-1.29033869081657e-08,-4.9750961780909e-07,1.33336133285092e-07,-4.46490943124641e-06,8.5347228596352e-07,-1.7447780909736e-07,-3.16701944379468e-07,-1.67865220702724e-08,-1.25550039364007e-07,-3.17852790392331e-07,1.33734850569881e-06,-3.47317467373236e-07,-1.11497042937983e-15,-0.000286007825426513,3.79997414985591e-06,1.41283811093192e-08,1.93699955833609e-05,-6.39286565634267e-07,-1.35292593608582e-06,4.77503740673025e-06,-1.73478970436819e-05,-1.20566791213058e-07,7.85506492914514e-16,-2.22289671408384e-07,-6.155193733272e-07,-2.81135524144942e-07,2.11607813018952e-16,5.31065688008288e-07,6.92720747622558e-06,-1.05652820542552e-06,-4.32908869049664e-07,-1.44383226292919e-07,-7.72649361086102e-08,-2.76342099434267e-06,7.71779094620252e-08,8.20465682985471e-07,2.40762049286008e-07,2.05289095915366e-07,0.000230092038000638,-1.75247402163579e-16,-5.02089804926552e-06,3.11800670104738e-07,2.02035059302182e-06,-2.03830901688365e-07,7.41914685093779e-16,-1.98035258897422e-07,1.93462986995793e-06,-8.89088832876616e-08,-7.91464458212228e-08,-2.00798529151856e-07,0.000199181082872478,-2.79122246746703e-06,3.89486264116085e-07,2.22060010632081e-16,1.42133901353986e-06,-1.42520095980365e-05,5.25664945010402e-06,1.75446797867546e-06,-1.78301637902842e-07,-1.19710622022296e-09,1.28369537222284e-15,1.17491643733536e-16,-1.1566374108574e-09,-7.7617518692706e-06,1.02332699884784e-06,-1.96652594307294e-07,9.81442523145967e-16,-9.35599157161445e-08,-1.10597373229874e-09,5.81449712663487e-16,-1.3073178954022e-16,1.3150539243009e-16,2.35134018120532e-07,6.93655246173697e-07,-1.00358921467138e-06,5.92881251037193e-07,2.95558176781874e-07,6.08231353287608e-07,-1.83781868215094e-06,-5.37969486075536e-16,-4.02316589581296e-07,1.46457645127113e-06,-7.37793353517214e-16,-1.3476038108872e-15,-7.10222876553114e-07,-5.49754008823865e-11,-3.159425710065e-06,3.28231927881721e-07,5.47568855787154e-05,-2.21973620961516e-08,-1.38682104792325e-15,-7.47588198975331e-08,-4.58794377937689e-16,-2.54843899156949e-07,-1.28304485091935e-15,-3.48198102366747e-06,-6.66488664078376e-16,3.6190324577293e-07,6.48570415963566e-07,2.99070884514412e-08,3.92978574476809e-07,1.35364788478331e-06,-1.16697712819039e-06,9.84310788544324e-07,4.90389548985676e-08,2.38550282163754e-07,2.19788167597832e-08,2.58484886416408e-06,-9.6810279388183e-07,-2.38697419900617e-07,-1.93680559499412e-08,-3.47415640824048e-06,4.73198700872714e-16,4.33068925546856e-06,-7.46454717828667e-07,7.35674921489394e-08,-1.56952244734901e-16,9.7364789895412e-09,2.63833790161187e-07,9.43811297688012e-07,-2.10437763395894e-16,-1.5890563358019e-06,-1.2160157144547e-07,-2.23297129297628e-16,-1.60744544443459e-07,9.97141628016727e-05,1.48738159199043e-16,-2.64388253286201e-15,-9.06750091912067e-08,-7.0171968178818e-08,-4.00543828449832e-10,-5.5651439810238e-07,1.48080201357453e-07,3.02214208745185e-07,4.19736049427246e-08,5.1418574599859e-07,-8.73046904972469e-07,4.75574440939042e-15,1.24873088828261e-08,1.23990567748159e-09,3.42275412668669e-09,3.20424215882424e-07,2.75064138474387e-15,-2.37041019075124e-15,1.05445348329694e-07,3.71672869232403e-15,2.56649923827269e-16,6.64796020317722e-07,-7.42598395629516e-07,-9.61202821128241e-07,-8.01689457938411e-09,2.4326863007679e-05,5.33892152203324e-07,2.39843249832495e-08,-2.07833024086626e-15,5.85116635429026e-08,2.7354546675938e-09,1.25556733626347e-08,-8.80599008219576e-07,3.47774166058751e-06,1.5229811471404e-14,-7.19789384334417e-14,0.707106781167053,-4.37948308924921e-08,-1.46077915325036e-07,-1.22443765027113e-07,-2.01283579976497e-14,-1.12045082438619e-07,5.2615982349327e-14,-1.33593708471639e-14,2.64459628238617e-06,-5.80684527177e-08,-5.32039690082087e-15,-1.42938699478478e-07,-5.12567078088213e-07,-5.65723474942669e-15,2.20939522853308e-07,-1.23070765144083e-15,5.90387461101221e-08,4.81285952591646e-16,5.89070942427222e-08,5.09938518362772e-07,1.28187730051602e-07,1.7372531018671e-08,1.19297313793499e-07,-3.10223457156622e-06,1.64888075816423e-07,-7.19544276878136e-16,9.74520223461719e-06,-4.2392393606334e-07,-3.4537016590912e-16,-4.20733348425141e-07,-1.64226140107044e-07,3.43078910319875e-05,-6.28869487181751e-16,1.22560370879041e-07,1.12450830780912e-06,4.92333735983262e-16,-4.05042826091489e-07,-8.96072739895488e-08,-3.23920544663016e-08,1.87437123003189e-15,4.15456696072972e-15,8.35634878998874e-08,2.55991315192013e-08,2.07130772028266e-09,-2.99704156665554e-07,1.52102951652518e-08,-7.12210385662386e-16,-3.22828735879945e-17,5.55433133007159e-08,3.82869347445591e-10,2.13206502111637e-15,1.3429313846125e-07,2.27174671831541e-17,4.81811657190804e-07,-2.57238483157705e-08,-1.50307704653005e-08,-9.96634883413916e-08,-7.92183875383053e-16,2.03554275173149e-16,6.91781874206429e-16,-1.71060518317778e-16,-5.56047971094534e-08,-2.47840043152144e-05,-4.04244030797439e-16,6.50655252143379e-16,-2.92596843370956e-16,2.71387698607136e-07,3.13551649547993e-07,-1.34380345499488e-07,2.00121170013637e-16,4.74257135299472e-15,-3.06070273292658e-16,-8.33503812227708e-07,1.76884387020961e-07,3.38950265837793e-16,3.98063196741358e-06,-8.11702747634782e-07,-9.91791128056194e-16,-4.60293387205165e-16,-8.10241991790005e-08,-8.3018193079106e-10,-4.01567742857092e-08,-1.11812096559671e-16,4.52140666191867e-08,6.5869495809347e-08,7.0712109057054e-08,-6.45018897014836e-08,-2.29794900559465e-07,2.50713908646551e-06,2.44651515159972e-16,-6.44450598407151e-16,-5.45174925759018e-16,2.78920494636061e-06,-3.37521691338088e-07,-1.83886263064759e-08,-1.44883564391412e-08,-6.65243695734488e-16,1.37981083634463e-15,4.6631171241168e-16,5.49176487581742e-17,1.3223638224882e-16,4.79342810251074e-07,1.69699396634558e-16,3.26406290581046e-16,-1.12201249162898e-08,-1.57603211354492e-16,-1.00443189543615e-08,4.37141436476722e-16,-1.245353356828e-08,3.36213439342124e-16,-1.51121980707579e-08,-1.89373202505698e-09,-4.73450142611948e-05,-2.00696694629221e-16,6.05510166762834e-08,-3.6915885907612e-17,8.61379470239984e-08,-1.04993168450152e-06,8.39666570900614e-10,5.3761515009661e-16,1.22578181649421e-07,-5.88286257619806e-16,-3.01566417443032e-08,-1.7022364817027e-07,-2.66828102735057e-16,-5.30120463459984e-17,1.09610198354443e-17,-1.64277226632144e-16,-5.71889044259874e-10,-7.4487335491602e-09,-1.66368623996405e-09,3.15115345146675e-16,-1.29712980977559e-16,-1.22056423137129e-07,7.4221314039077e-06,7.7783185130863e-16,7.5716515032415e-16,-7.59987320684326e-09,1.16675555874927e-17,-5.38753783670029e-08,3.27297903920943e-15,5.09115362654851e-07,-9.59220404428229e-16,8.82533363658334e-17,1.12331608137591e-16,1.6440126086466e-16,4.32106426964328e-16,-1.9473844645166e-16,5.06054794433884e-07,-3.53920625608898e-06,-1.40430973322427e-17,-4.55094106356136e-08,1.73159871949851e-07,1.03495542947212e-16,-5.37039304151141e-16,-2.13380127840398e-16,-7.55259179672293e-17,1.70905876160712e-08,2.73390393195835e-09,6.51866130456893e-17,-1.5474532535421e-16,-3.10544235930249e-08,-1.10781537682713e-07,-1.15954298115597e-08,-3.03367572775332e-16,-2.30515688650295e-16,-3.68796442545399e-16,7.27612418934932e-16,-1.00275789788207e-16,-1.73047295874891e-16,6.55864501986359e-08,-6.20446236355212e-08,-1.19323802331499e-08,2.82261523571131e-16,-5.72581555108354e-17,3.75711413572777e-16,2.33909554696461e-16,2.75887495290327e-18,-1.82325978211601e-15,-1.95629288905914e-16,-1.42358031648965e-16,5.21204206343998e-16,2.60930005686759e-16,-2.07638673322387e-16,5.34765063390895e-16,2.34540604642795e-16,3.18259855976495e-16,5.7442705574876e-06,3.87950831056408e-16,-1.86768358866265e-16,-2.3517130489833e-17,6.42104321878758e-07,-1.1192268070055e-09,-4.67785937176939e-17,-1.23722961201522e-07,5.87050240137609e-07,-3.35741363240522e-17,-4.77283868705005e-17,-1.63896145407191e-07,1.1047307543882e-16,1.44663052184229e-08,-1.58505603037823e-18,3.45948449083392e-16,5.71169560152427e-17,-1.21774435043127e-16,2.05044805124956e-09,-2.81583993773102e-07,-1.34683240448813e-15,-1.50519129139895e-17,-2.91086872086759e-16,-4.11106730221944e-16,-8.91214185783085e-17,-9.27616946032618e-18,2.0906792978269e-17,3.07302155349649e-16,2.9620720996823e-06,1.26924078429134e-16,-4.33612751559462e-16,-1.13958999227612e-16,-2.00568573942132e-16,5.6352303945262e-16,1.2220369131337e-16,-6.70483226447539e-08,-6.39950985097533e-17,-1.41052783419414e-16,4.99936917190772e-08,-2.17500448992451e-17,6.2850441576342e-16,-2.13955462112771e-16,7.23666957591814e-16,2.88138241999462e-07,9.85554538505175e-17,-3.08088159739697e-08,4.54280280571582e-16,2.4327328017463e-16,1.49079252855814e-15,-6.02398820658944e-16,2.58787592361707e-16,3.37333465719748e-16,1.11364973839729e-09,-4.89753577464825e-16,2.77456522022074e-16,3.23552054790012e-07,-1.39061699149467e-07,2.18639927367278e-16,9.74388741370103e-08,1.42722039751444e-08,1.71958816716635e-16,-3.9591287318622e-16,9.85981168354436e-16,1.67606023384476e-16,-1.60588684055216e-16,-2.39989273188345e-08,-1.58050528296067e-16,5.77652165727381e-16,2.30655470342637e-16,9.61071553900814e-09,-7.71904399561454e-17,2.96586346738761e-16,1.64696762356069e-17,1.1359831609184e-16,-4.38037093564159e-09,9.40789015440318e-16,9.09700047827933e-09,-2.43638979770371e-16,-2.97422487119299e-16,5.98500238230112e-16,-1.26463688782885e-17,2.09218703992777e-16,-1.53292837424891e-16,2.020606374985e-16,-2.04343514182891e-07,-1.8545619833133e-16,1.38939477156133e-16,6.63919803129581e-08,1.65466697533777e-16,-3.63350700813983e-17,1.73851154859932e-16,2.06268924162205e-17,-5.50309677832252e-17,-2.03709750761219e-16,-6.97743783832275e-08,3.04074483556875e-17,-1.29956829792509e-16,1.43391573265795e-07,-3.61271453218808e-16,1.89415484169485e-16,-1.41313115919589e-16,-3.78503119984374e-16,5.45646481283535e-16,-1.68416632860635e-16,1.05921130612314e-17,1.512671868943e-16,2.39795389252715e-16,-7.05177575222323e-17,-7.77588805285417e-17,-7.52751848236014e-08,3.23039452986804e-07,9.1412360907973e-16,-1.25123418509769e-16,1.69601205148711e-16,1.78138578453902e-16,-1.39775344076831e-15,4.21026429010705e-17,4.92952002718314e-16,4.07961941513412e-17,-3.13695043302406e-09,-2.05265987328214e-16,1.58985390952252e-16,-1.16118534609082e-15,1.08587965400281e-16,4.01863401766486e-09,1.02315474629105e-16,-3.27699966263962e-08,1.95158675208182e-17,6.34808086878281e-17,3.05715378005969e-17,-6.83169269913943e-17,-1.56645229602597e-16,2.3256127460695e-16,-5.46237669963517e-17,3.06094054259893e-16,-3.07445598473362e-17,7.91416397490261e-17,-3.75277497344221e-16,-6.84351726253383e-17,1.87347695188413e-16,1.62400144601725e-16,-1.49400617732395e-16,-1.04876918111642e-15,1.18979195060205e-16,1.53206084773285e-16,-1.99258479484825e-17,1.12655161169055e-16,-1.54607229796433e-16,1.58082779730913e-17,1.05060090695688e-16,4.66330984731075e-17,3.69281024867066e-16,3.04047052679883e-10,-1.56628445983437e-16,-1.02227151119426e-16,6.97795476581522e-17,2.33070796044916e-17,-1.13163225406208e-15,-6.55628496061926e-17,-4.63270106984306e-16,1.35416729642236e-16,-1.98939062999748e-16,1.08845997460988e-16,4.83554168928535e-16,3.23647132973723e-17,-6.88724440661659e-17,8.27966122479322e-17,6.94730723553189e-17,-8.51903975773299e-17,-8.11130143685681e-17,-3.91978410469857e-09,-9.73035487468911e-18,6.12362369810507e-17,-1.84676605951899e-16,2.97319405961619e-16,8.10721535358675e-17,-2.11888399891944e-16,-1.40856539807007e-16,4.0972594482774e-16,1.82897656305607e-16,8.31997294751759e-10,5.58926946360412e-16,1.00179865863519e-16,-3.43323634258869e-17,1.31905288400786e-16,7.59358711415627e-17,7.39020530900311e-17,1.88838382727007e-17,-7.87258155638408e-17,6.42475285068185e-18,-4.83750766045137e-17,1.57593209040745e-16,-3.47939563597125e-18,-5.14240392597281e-17,4.20518800367783e-09,-1.12109492796832e-16,5.45968280010501e-17,-1.05255651780856e-16,-4.48859699408999e-16,-1.2668238644559e-08,-8.24834816978429e-17,1.89463323828654e-18,8.12536009646868e-17,-3.13011223135335e-16,-3.78640051191612e-16,1.70062605034711e-18,-2.45011174738911e-16,6.16666181409048e-17,4.16140888782644e-17,-1.17894643489894e-16,1.61416056692844e-16,2.05449684708795e-16,-3.08268372112959e-17,-2.06043946281548e-16,2.56302394171494e-17,5.44503025009801e-17,-5.74227098998229e-17
"t452",-0.0389989258436773,0.0296473081809527,-0.0480175689598406,0.01864418118644,0.00356855597470127,0.000307910081837657,-0.00572131015451562,0.0899612660571749,8.13047854843379e-05,-0.000224052213659129,-6.3901819600664e-05,0.000936217364941416,-0.00101076296590788,0.000107945516068629,-2.89440527140999e-06,0.00229130698672959,-5.31626941949331e-05,7.97901466701905e-05,7.49406450947093e-07,-3.60003464601188e-05,0.0320798130787613,0.000631931785507314,-1.34197309031164e-05,6.63549227912022e-05,-8.13112862866304e-06,-1.32888729433393e-05,2.5121819454548e-05,-3.1235359529353e-05,0.00113570286316307,-0.00199895048113006,7.90978334798766e-06,-1.64241011387605e-05,0.00707010272829274,-2.18268041987115e-05,1.56921145378806e-05,3.96060017944976e-05,0.00172730234905718,-1.3928300724737e-05,-0.00012005684061668,-3.79512359375162e-05,-0.00278045769075005,0.000548070794642135,-0.00685280071519497,0.000835019909638746,-0.417706717117013,-0.000259473138787237,0.000251821314272748,-0.00446533961671166,0.000270887789690044,-0.000426756033314425,0.00233211322512032,-0.000198706271604708,2.75732027863349e-07,-0.0054457418969964,2.52626549070342e-05,-0.000259725279621996,7.27761222934689e-06,-0.000455905977794135,0.000153511869038439,-0.00124969206104201,-0.000151059699622123,1.69614915531347e-05,-0.000536811299908036,0.000283517527154223,-1.91787559320961e-05,0.000429433133235141,-2.41659400084508e-06,8.19872952831579e-05,-0.000220186193558775,8.37916704651371e-05,-5.56027706297633e-05,0.000995193638503808,-6.4715238637112e-06,-0.000357457909525967,0.000157242173873222,3.86053479773049e-07,-0.00712620223209433,1.01971412273748e-05,-5.07897206011882e-05,-6.05097174216081e-05,1.78719478585815e-05,0.000267792035070905,-3.32445755405748e-05,-0.000209083605811451,1.25877577116815e-05,0.00211458546253207,-0.000621038999166803,-9.4150470733929e-06,-3.61706811174585e-06,0.00394542961609697,-3.47821580905127e-06,1.57022134970805e-05,1.64731723014464e-05,-0.00117033431905097,-1.85673354372265e-06,-0.0336648732076073,0.00138142999541152,0.00175825431805784,-5.45002207825193e-05,-3.04952912244907e-05,-7.48930343983975e-06,3.64973881794376e-06,-1.03762061209754e-05,4.10484735007479e-06,-1.7886826170209e-06,2.01246097039015e-05,-9.55833821741026e-05,2.535972201522e-05,-1.47890007730826e-05,2.88138273660758e-05,1.56875766972188e-05,3.74747606004779e-05,-8.26104446147664e-05,7.33561217300283e-05,-2.84953534885411e-07,1.09087945917861e-05,-1.60721326991021e-05,1.69681445181178e-05,-1.71421634454077e-05,4.21808079719983e-05,-0.000204936101779453,3.7909359716829e-05,-3.62356211521792e-05,-9.97445358912104e-05,0.000250757925011206,-0.000406736965044737,0.000307001359400491,-9.76164078125085e-06,1.85482449749293e-05,0.000611376467616788,-1.01146317391327e-05,5.63183534764269e-05,-6.7365253614793e-05,-1.3496668116884e-05,0.00070532840891129,2.21697960501099e-05,-1.27612539316256e-07,-8.43752591901214e-05,2.58917102191213e-05,-7.44542852800833e-05,-4.75060215386774e-06,-0.000183802240817977,3.58937915242173e-05,2.37227876041697e-06,5.73259363104209e-05,-4.53099394801125e-07,-2.08571426651639e-05,3.15227829895389e-06,2.06065679141824e-07,-5.47266711618347e-07,-0.000611783734323819,-2.41048378720459e-06,-0.00206739445152952,1.71272925418265e-05,-5.27878209459297e-06,-4.6002489686837e-07,6.9031598991115e-06,-0.00042005055385052,-1.99320610312035e-06,-6.61809977161118e-07,-0.000325511951789351,6.35176656625303e-06,-3.58253596959187e-06,-0.000473734241770884,5.72480640890843e-05,-0.000212852425659751,3.81931606278674e-05,6.57920395724926e-07,3.27776246774406e-05,4.49977253501885e-05,-0.000552826349877771,-0.000131200292353155,9.11604290764328e-05,4.51581419473497e-06,8.45393156006547e-05,1.93981761042753e-06,7.75755806981582e-06,-7.36763891889941e-05,-0.000177134418973851,-0.0795988412859082,-0.00300688248707229,-0.000445114994650285,-1.55997524202731e-07,-2.43148213940389e-07,-1.61307386264052e-06,-6.32153359416739e-06,-0.000146897941859043,0.000153699056969234,0.000758596612371248,-0.17895677750509,7.80505599223609e-06,-7.72576167358512e-06,-2.63387414085277e-05,-2.76825386606285e-07,-3.24482972345562e-06,3.30084383490442e-06,5.71549146209686e-06,0.00020168324042762,-2.82184230614724e-06,-7.9992159111904e-07,-7.84140130058387e-07,-0.000111913875746631,1.57979098837989e-08,1.42086745091795e-05,3.10171130065679e-06,0.000133900313428494,-1.75625477603e-06,-0.000453013165054989,9.71695746771301e-06,3.43700330871391e-07,2.82416493728758e-05,-6.01563132638278e-05,0.000117130716191608,1.60436056326996e-06,4.88122763737697e-05,9.90363763993963e-07,-0.000164279253880718,-7.18481613397164e-08,6.36542984272789e-08,1.03979807658772e-07,1.85830134069384e-07,1.36219534974909e-05,4.98190730660633e-07,1.98765365357049e-06,-7.81615108809187e-07,-4.27454947044288e-07,-4.58148521880271e-06,-4.24239822584643e-07,-7.66499272534914e-07,-6.99584260424953e-07,2.04684082403874e-05,3.39649221313472e-06,2.76928734061009e-07,4.69620223972993e-07,-2.79934378234841e-08,-7.50152821220246e-05,-2.76692632343457e-06,1.1361223476193e-17,-5.03743471813963e-07,0.000266253142458579,-1.09698658085833e-06,-2.88548059407166e-05,-4.25194898391394e-06,0.000709224984088363,-9.1347967322533e-07,0.000256537370881467,-7.18753067064291e-08,5.34387802218929e-09,-8.97450882811634e-06,1.43450220008417e-05,-4.69706502434389e-07,6.54339325862625e-05,-3.36799183304613e-06,1.71434467145553e-05,-1.51104440757727e-06,1.33231523428107e-05,-0.00018289008945304,0.25732360336509,-9.34857703999734e-06,1.15003268756593e-06,-1.6485215301298e-05,2.87432036134009e-06,-0.000285425217904584,0.000125624617162944,-1.06985839940087e-06,3.58146529926084e-07,-3.09921690112972e-07,-2.17923228594029e-05,4.94321016427992e-05,-3.03399751507251e-07,-1.18436938986646e-07,2.39451733111025e-07,-2.04904080174762e-05,0.000151105067321358,-4.65760396979974e-06,6.90893326389271e-05,-0.00530956532639495,1.06414130119885e-06,-4.76255968010557e-06,1.81753676697742e-06,-1.01880325973073e-06,4.01270434254569e-16,2.83785695554712e-06,9.9250861807709e-08,9.99676656110296e-10,1.19294043683293e-05,-4.23997422315762e-07,7.23460443135003e-07,0.451856447312051,3.0372858000822e-06,-5.1048604918451e-07,1.2976770117149e-06,2.92833740450748e-08,-6.85188239717752e-09,6.87644733774531e-08,-6.92428183172368e-08,7.80794348533007e-07,2.07540666027395e-09,-1.39073972112852e-08,2.53221590444966e-12,3.25802039353808e-11,3.35127849371623e-08,-7.02087962984325e-07,1.78784776732548e-08,-7.56536877673352e-08,1.13379834037888e-07,-4.24183027194274e-07,3.32834416573018e-08,3.05012229720947e-08,2.38565714207777e-07,-4.08219651999279e-07,-3.45823805540739e-08,2.97517581740771e-07,-2.0394286540303e-07,5.13887165406403e-09,4.93383474583218e-08,-1.01959539707715e-07,-8.01561908126288e-17,4.07713690379002e-10,1.75593228578277e-06,-1.2426988414832e-06,1.20687059599695e-07,1.08071649787255e-07,3.18230764884857e-08,7.48621835198122e-08,-1.1127779269592e-06,4.26290596326545e-07,-4.35843991826817e-16,-3.47579854739791e-07,-4.2672963477305e-09,-1.21075843786446e-08,4.0345758404964e-07,9.43357669560732e-08,-6.47955983862495e-09,-2.53707001822232e-07,6.86825734610911e-08,-2.34727279333751e-06,4.56497150271189e-07,-9.4294541353959e-08,-1.72123028801913e-07,-9.15449588893976e-09,-6.88768702752701e-08,-1.74486917201019e-07,7.37162288370234e-07,-1.92045754958366e-07,2.46343230918354e-16,-0.000161654914770264,2.15696390528861e-06,8.01996763798096e-09,1.11238276527297e-05,-3.67753009474539e-07,-7.93630821974339e-07,2.81563897521355e-06,-1.02396360335148e-05,-7.14330706251874e-08,-2.2983586906616e-16,-1.32255200310012e-07,-3.66777201524503e-07,-1.68467811023037e-07,1.86428996254571e-18,3.20111299064681e-07,4.18118714704357e-06,-6.38154317215053e-07,-2.61856539175691e-07,-8.75416714989141e-08,-4.69294071681476e-08,-1.68074570568376e-06,4.71273818673685e-08,5.01236264561316e-07,1.47478378594571e-07,1.26327131383504e-07,0.000141622538999131,7.94829054188376e-17,-3.11702375824826e-06,1.9384851436039e-07,1.26000280043071e-06,-1.27709291778644e-07,-3.75221112296193e-16,-1.25259564131447e-07,1.23587039493e-06,-5.70370045755725e-08,-5.08719966982343e-08,-1.29358089892024e-07,0.000128844016343097,-1.81712043582514e-06,2.57251734383523e-07,-2.39433402000486e-16,9.49524384973656e-07,-9.52996864059599e-06,3.52178180045927e-06,1.17851865413755e-06,-1.19793288672738e-07,-8.04868630948703e-10,-2.98372437868011e-16,2.67397033298566e-18,-7.80846883477141e-10,-5.2579557004242e-06,6.93511163647865e-07,-1.33667570131515e-07,4.76358468525495e-16,-6.39890884194752e-08,-7.58406938509577e-10,-1.76483562589992e-17,-1.15699570782162e-16,3.48329040562521e-17,1.62499501317765e-07,4.79834244535332e-07,-6.96450132963061e-07,4.12514744421882e-07,2.05705462832136e-07,4.24467683995283e-07,-1.28295510965702e-06,1.29428859466406e-17,-2.82317262567131e-07,1.02954666698852e-06,-8.80165853076685e-17,-3.38153534670278e-17,-5.02546733008897e-07,-3.89594666247912e-11,-2.24336518817163e-06,2.33364650483979e-07,3.90251902960765e-05,-1.58261210408162e-08,-2.11408737986267e-15,-5.33288673266078e-08,-1.27266329121855e-17,-1.82061676808125e-07,-1.34928960365821e-15,-2.49021804028719e-06,-1.95153294116017e-16,2.59171659104534e-07,4.64589060990029e-07,2.14977527341471e-08,2.82683169181599e-07,9.74016445345726e-07,-8.40775988036542e-07,7.09947444342611e-07,3.54579249254855e-08,1.72489011473184e-07,1.59041242507479e-08,1.8729456488542e-06,-7.02711368141681e-07,-1.73513184229591e-07,-1.4094738466681e-08,-2.5296289299705e-06,-7.01325253304848e-17,3.15853104206682e-06,-5.45267296113735e-07,5.39674533786321e-08,-3.03743754820554e-17,7.15088845221297e-09,1.94108418748683e-07,6.94889765999055e-07,-1.74668464572805e-16,-1.17039305987577e-06,-8.96942204149785e-08,1.48239786170336e-17,-1.18650091908781e-07,7.39039044461826e-05,-1.87210764083217e-17,-2.68626530045545e-16,-6.73078423608271e-08,-5.20955826635667e-08,-2.97553449377532e-10,-4.13723132172463e-07,1.10266259651884e-07,2.25071897693055e-07,3.12657168999401e-08,3.83822279185775e-07,-6.52794396489819e-07,3.02275565688959e-16,9.34283384949338e-09,9.27777822771503e-10,2.56208808265413e-09,2.39959012736035e-07,7.75351485202873e-17,2.57084362122862e-16,7.90137235351961e-08,1.45415626726487e-17,-2.42334233535357e-16,4.99999281628604e-07,-5.58861531781573e-07,-7.23387296262379e-07,-6.04146717011308e-09,1.83358162707137e-05,4.02424387674517e-07,1.80827868031899e-08,1.49815245350249e-16,4.42280692007596e-08,2.06879966200423e-09,9.49743294728692e-09,-6.66691092545116e-07,2.63710612841271e-06,-4.30569881163403e-16,-1.41096456392692e-16,1.30124127281275e-11,-3.32824738683349e-08,-1.11118660232567e-07,-9.31472408329379e-08,5.5827276459805e-16,-8.5313270952799e-08,5.54184462883321e-17,-2.59077110998377e-16,2.02141531941047e-06,-4.43871254316258e-08,1.18481613409216e-15,-1.09361959082082e-07,-3.92372236751586e-07,4.64695971813066e-16,1.69312855971802e-07,1.45080672733746e-16,4.53014456891313e-08,-1.31202824274734e-17,4.52056061971231e-08,3.91364241598632e-07,9.83905358389758e-08,1.33361560177149e-08,9.1608161582116e-08,-2.38498569720476e-06,1.26969748438157e-07,1.12952427118684e-17,7.51898688060401e-06,-3.27150090934325e-07,-1.00973972099286e-16,-3.2477789425116e-07,-1.26835378165888e-07,2.65086960844472e-05,-2.15281550274408e-16,9.4843559313797e-08,8.7046398771438e-07,1.09225178846828e-16,-3.13661968177851e-07,-6.94047503055187e-08,-2.51072305199513e-08,-6.08673955653909e-16,-3.87529827815786e-16,6.48803577709975e-08,1.98899004380256e-08,1.60959029037891e-09,-2.33612227835385e-07,1.18618929600897e-08,1.42078498054495e-16,-6.41268958578258e-16,4.33306258072483e-08,2.98697596348812e-10,-3.19181977850858e-16,1.04829188711506e-07,-3.50087609038626e-16,3.76307541355288e-07,-2.01059759312221e-08,-1.17487955208954e-08,-7.79180659641277e-08,-1.01683273501325e-15,-4.4124454577158e-16,6.67657296523816e-16,-1.21636581809941e-16,-4.35528792090111e-08,-1.94151796877373e-05,-2.63921712325876e-16,-2.11099225187972e-16,-5.40753223571314e-16,2.12713815300696e-07,2.45819494536238e-07,-1.05418902107937e-07,-2.18594231320369e-16,-1.79327039329102e-15,3.80121281673418e-16,-6.55263904356748e-07,1.39068817040841e-07,9.71937327811019e-18,3.1321979832923e-06,-6.38906904880355e-07,9.83582380163485e-17,4.39347365938576e-16,-6.38251881251658e-08,-6.5399960291468e-10,-3.16490051877217e-08,-4.60441726202116e-16,3.56617579574733e-08,5.19748826749155e-08,5.58281110211665e-08,-5.09649228007549e-08,-1.81605993426413e-07,1.98215683026244e-06,5.95115670292656e-18,1.05882326694509e-15,1.38952562017169e-15,2.21002945076391e-06,-2.67444636820059e-07,-1.45747945301959e-08,-1.14995196110582e-08,1.51700034871869e-15,8.25776193943148e-16,8.41441265878431e-16,7.30912452457627e-16,-1.80940863615496e-15,3.81010096742317e-07,-2.10981263686328e-16,-8.54767323257455e-16,-8.92345218060538e-09,4.62937172463861e-16,-7.98856434961086e-09,2.21381226736317e-16,-9.90518939274198e-09,-2.25312823531133e-16,-1.20315211896914e-08,-1.50803479036439e-09,-3.77155418114412e-05,3.78133394524899e-16,4.8256444253243e-08,-2.42117516131981e-16,6.87128817888531e-08,-8.38560955315288e-07,6.70662268440762e-10,-1.45152530319716e-15,9.7954155502213e-08,1.44832943890783e-16,-2.41172954340754e-08,-1.36138797284081e-07,1.89552721546884e-15,1.92185013199351e-16,9.23953489086426e-16,3.06483321723137e-16,-4.57668295791279e-10,-5.96200939693093e-09,-1.33188392502112e-09,1.31479293914685e-15,-6.00019652321758e-17,-9.78041840323043e-08,5.94762037419046e-06,-6.32074455719148e-16,1.47124915965736e-15,-6.09702498362926e-09,6.50810226576347e-16,-4.32322349299729e-08,1.84911923140476e-15,4.08825724456342e-07,7.36947493869226e-16,-7.7502888349371e-15,1.06186336794574e-16,9.67648713898915e-16,-2.10218630831946e-15,2.23266787472002e-15,4.06942608939712e-07,-2.84609553912049e-06,1.27871381189479e-16,-3.66148586138414e-08,1.39345210536612e-07,-2.30242466491165e-15,2.36358671292448e-15,-1.523299957848e-16,-7.22306912432459e-15,1.37651875304089e-08,2.20240028831348e-09,-1.64284569749728e-15,-9.6717445912852e-16,-2.50227678589918e-08,-8.9267222124564e-08,-9.34447093712331e-09,-1.8330060276665e-15,2.35166864409365e-15,2.03017538067831e-15,1.40889855445721e-14,7.5614342696418e-15,-8.90432228738838e-16,5.29392601408374e-08,-5.00878727389812e-08,-9.63428848474728e-09,3.6089031489471e-16,9.69255134454111e-15,1.52291483335163e-13,-1.77309275004477e-13,2.0737390828814e-13,-0.707106781186547,-1.18429568481619e-13,-4.12842872593707e-15,-4.95059343041299e-15,3.358108704546e-15,2.52842500205025e-15,-7.4217434592518e-15,-8.50612348033573e-15,-7.09069955576304e-17,4.64941795471431e-06,-4.26538097032753e-15,5.92856539984064e-15,2.10504700429827e-15,5.19888232057262e-07,-9.06266415246774e-10,5.26667281535997e-15,-1.0018607257635e-07,4.75559057804742e-07,-3.39837716967813e-15,1.882644631675e-15,-1.328347782419e-07,4.52468531621941e-15,1.17317174601605e-08,-2.36678277349424e-15,2.56589511119003e-15,-5.90788537048631e-16,2.75766010838139e-15,1.66441135476976e-09,-2.28585248246112e-07,-2.09021804093531e-15,-4.03056902845069e-16,3.5139530944944e-16,-7.408295652692e-17,7.93635990259389e-17,1.39234109251489e-15,7.90689591698443e-16,-1.35295234490097e-15,2.41238345498783e-06,1.00499367350072e-19,-3.65078091633084e-16,-8.81356284931718e-16,-2.88591827988449e-15,1.21856753169191e-15,-1.17976194327816e-15,-5.46435179905161e-08,3.92078185325784e-16,-2.24357143696582e-16,4.07493841517381e-08,-1.07806189711496e-15,9.14116937748716e-16,-4.05876229203199e-18,2.92030479934492e-15,2.35207137575811e-07,8.23237086994534e-16,-2.51558679011235e-08,5.25087844308195e-16,-8.33515801869527e-17,8.18664539517133e-16,-5.09053248772678e-16,1.32510307417538e-16,4.67651501468517e-16,9.09800323494214e-10,2.07250831895267e-15,6.87736753354917e-16,2.64436036438261e-07,-1.13656167789097e-07,1.25869532532087e-16,7.96656793117687e-08,1.16701956803146e-08,-1.04244599602773e-16,2.9992156225508e-15,-1.09028835026938e-15,3.6945045017681e-16,1.07897940530116e-16,-1.96556195476418e-08,1.33152580568482e-15,-1.77364729782309e-17,-1.43018125906499e-16,7.87466081074783e-09,2.66037785134007e-17,8.171264277894e-16,4.698185418913e-16,8.10103210945169e-16,-3.59108802902873e-09,-1.02431695215091e-17,7.45911011131644e-09,2.09377739910376e-17,-1.42842466887782e-15,1.61461762383639e-16,6.53952826005585e-16,-2.59424613701863e-16,1.7244374527954e-16,5.4179927747098e-16,-1.67701992373612e-07,-3.28547459205335e-16,2.04861317307421e-16,5.44990672862881e-08,1.1169675949153e-15,7.13220683287805e-16,4.63236415900641e-16,2.77243158704044e-16,4.36443572797868e-17,2.63307417117443e-16,-5.73152865063581e-08,-9.46298866003467e-16,-1.94034574334456e-16,1.17823681705766e-07,-4.41852668549999e-16,2.27958835525933e-16,2.07102918580899e-16,3.51419404295385e-16,1.3950267141558e-15,1.9094642662179e-16,4.269084421455e-16,1.7350344959804e-16,-9.75424758151981e-17,-6.0388394556227e-16,-2.00770247360919e-16,-6.1923447476433e-08,2.65777381410796e-07,-2.68021572025329e-16,-2.02638556979359e-16,-2.09653473845368e-16,-3.82346824076384e-16,-3.93695492872936e-15,8.99554009240825e-17,-5.05987741634653e-16,-3.93728907058868e-16,-2.58272561993849e-09,-5.37631080368848e-18,-2.08405071907346e-16,3.94823089830469e-16,7.694689815418e-17,3.31062215910669e-09,-2.88285508286339e-16,-2.70147263125011e-08,-8.67926007167954e-18,3.72828595014568e-17,4.91149363592643e-16,2.47914065861175e-16,2.07022972494402e-16,1.59945311840441e-16,6.75079760663491e-16,-5.66350322376955e-16,5.90519475197165e-16,2.39615233473131e-17,-6.03005886496871e-16,2.97488583304067e-17,1.55399210381066e-15,-6.0533937332017e-16,4.17231039884418e-16,-1.91541029298672e-17,7.37302621610845e-17,-1.53649270509507e-16,-5.99359548923926e-17,-2.68136810312906e-16,2.05131051034257e-16,-2.08436164794606e-17,2.02643806765968e-15,-1.40925883660091e-16,-2.69349787007801e-16,2.5126557948371e-10,6.58738179441113e-16,-1.03983580523232e-16,5.04298402684557e-16,2.38244364888723e-16,-3.41001352227975e-16,3.97849326754095e-16,-4.88611426019494e-16,3.44420878288007e-16,-1.42831926019221e-16,5.35900755310775e-16,-1.34527805562001e-15,-3.43362114904496e-16,2.21160830311232e-16,9.68485318559577e-17,8.73565334645243e-16,3.40433531783864e-16,-2.14046625836543e-16,-3.244635905631e-09,1.08373972388038e-16,-3.3975706467536e-16,3.75858035320618e-17,1.6357801708504e-16,2.39639738270828e-16,5.68440951059134e-17,-4.00685299210904e-16,-3.71994476978113e-16,-1.01509583004774e-17,6.89843074522254e-10,8.22938921741456e-16,8.7388134518211e-17,7.73867779334421e-17,8.41990382352952e-16,-7.77993356595549e-17,-2.95305278059897e-17,4.97806116880916e-17,6.58548072536115e-16,-1.19919042729677e-16,-5.55005581747961e-16,1.47971602840337e-16,-3.42268564227514e-17,1.48817005880819e-16,3.49246995510354e-09,-2.16201525280114e-16,2.79729646232808e-16,4.14009319240993e-16,-6.25801493958633e-16,-1.0529195453131e-08,1.88832813567035e-16,-1.9430614740496e-16,-2.34776382901087e-17,4.49330192822162e-16,2.22724815279258e-16,-2.66149495854876e-17,1.38635234012764e-16,-1.15474587147703e-16,-1.56492286693227e-16,-6.91394721374984e-17,-2.57941074044415e-17,3.2106935052482e-17,8.65208620251153e-17,-3.00852628355384e-17,-1.54599706013271e-16,1.56062126720974e-16,-2.92448580459849e-16
"t453",-0.0389989258436773,0.0296473081809527,-0.0480175689598406,0.01864418118644,0.00356855597470127,0.000307910081837654,-0.00572131015451561,0.0899612660571749,8.13047854843424e-05,-0.000224052213659133,-6.39018196006754e-05,0.00093621736494143,-0.00101076296590784,0.000107945516068617,-2.89440527142387e-06,0.00229130698672961,-5.31626941949227e-05,7.97901466702026e-05,7.49406450947961e-07,-3.60003464601119e-05,0.0320798130787613,0.000631931785507312,-1.34197309031277e-05,6.63549227912542e-05,-8.13112862866824e-06,-1.32888729433467e-05,2.51218194545432e-05,-3.1235359529402e-05,0.0011357028631631,-0.00199895048113007,7.90978334797882e-06,-1.64241011387545e-05,0.00707010272829267,-2.18268041987273e-05,1.56921145379079e-05,3.96060017944608e-05,0.00172730234905718,-1.39283007244232e-05,-0.000120056840616699,-3.79512359379646e-05,-0.00278045769075005,0.000548070794642436,-0.00685280071519499,0.000835019909638437,-0.417706717117013,-0.000259473138787311,0.000251821314272638,-0.00446533961671166,0.000270887789690514,-0.000426756033314073,0.00233211322512032,-0.000198706271604496,2.75732027826067e-07,-0.00544574189699642,2.52626549071303e-05,-0.000259725279621942,7.27761222899082e-06,-0.000455905977794217,0.000153511869038237,-0.00124969206104201,-0.000151059699622129,1.69614915532105e-05,-0.000536811299908054,0.000283517527154285,-1.9178755932142e-05,0.000429433133235166,-2.41659400082688e-06,8.19872952827304e-05,-0.000220186193558631,8.37916704654536e-05,-5.56027706300929e-05,0.00099519363850375,-6.47152386348286e-06,-0.000357457909526034,0.000157242173873044,3.86053479675958e-07,-0.00712620223209426,1.01971412275833e-05,-5.0789720601266e-05,-6.05097174214266e-05,1.78719478585354e-05,0.000267792035070281,-3.32445755405352e-05,-0.00020908360581173,1.25877577117042e-05,0.00211458546253192,-0.000621038999166746,-9.41504707347504e-06,-3.61706811158154e-06,0.00394542961609709,-3.47821580910777e-06,1.57022134967717e-05,1.64731723014965e-05,-0.00117033431905087,-1.85673354371609e-06,-0.0336648732076071,0.00138142999541159,0.00175825431805836,-5.45002207826601e-05,-3.04952912244642e-05,-7.48930343996087e-06,3.64973881804197e-06,-1.03762061209088e-05,4.10484735003617e-06,-1.78868261706108e-06,2.01246097039846e-05,-9.55833821740973e-05,2.53597220151917e-05,-1.4789000772965e-05,2.88138273660682e-05,1.56875766973774e-05,3.74747606007302e-05,-8.26104446148327e-05,7.33561217300906e-05,-2.84953534942557e-07,1.09087945908784e-05,-1.60721326992095e-05,1.69681445182116e-05,-1.71421634453673e-05,4.21808079721607e-05,-0.000204936101779644,3.79093597167958e-05,-3.62356211522688e-05,-9.97445358913319e-05,0.000250757925011759,-0.000406736965044638,0.000307001359400233,-9.76164078129353e-06,1.85482449749148e-05,0.00061137646761711,-1.01146317391173e-05,5.63183534762843e-05,-6.73652536147588e-05,-1.34966681169895e-05,0.000705328408911763,2.21697960501221e-05,-1.27612539220228e-07,-8.43752591903809e-05,2.58917102188992e-05,-7.44542852794945e-05,-4.7506021542149e-06,-0.000183802240818221,3.58937915239779e-05,2.37227876042969e-06,5.73259363105679e-05,-4.53099394963056e-07,-2.08571426651868e-05,3.15227829884987e-06,2.06065678933468e-07,-5.47266711581463e-07,-0.000611783734323872,-2.41048378711444e-06,-0.00206739445152909,1.71272925415846e-05,-5.27878209458075e-06,-4.60024896999315e-07,6.90315989919226e-06,-0.00042005055385037,-1.99320610305418e-06,-6.61809977125447e-07,-0.000325511951789333,6.3517665662266e-06,-3.58253596989804e-06,-0.000473734241770796,5.7248064088693e-05,-0.000212852425659805,3.81931606275737e-05,6.57920395722678e-07,3.27776246777498e-05,4.49977253501417e-05,-0.000552826349877752,-0.000131200292353214,9.11604290754911e-05,4.51581419477503e-06,8.45393156006596e-05,1.93981761048031e-06,7.75755806978598e-06,-7.36763891890859e-05,-0.000177134418973977,-0.0795988412859081,-0.00300688248707217,-0.000445114994650367,-1.55997524257019e-07,-2.4314821384921e-07,-1.61307386268478e-06,-6.32153359413105e-06,-0.000146897941859148,0.00015369905696916,0.000758596612371299,-0.178956777505091,7.80505599191705e-06,-7.72576167367832e-06,-2.63387414085876e-05,-2.76825386775596e-07,-3.24482972358265e-06,3.30084383463516e-06,5.71549146227759e-06,0.0002016832404274,-2.82184230615664e-06,-7.99921591018487e-07,-7.84140130036748e-07,-0.000111913875746543,1.57979099995835e-08,1.42086745091324e-05,3.10171130061919e-06,0.000133900313428432,-1.75625477609379e-06,-0.000453013165055183,9.71695746787376e-06,3.43700330936926e-07,2.82416493727235e-05,-6.01563132634558e-05,0.000117130716191578,1.60436056326419e-06,4.88122763737459e-05,9.9036376378199e-07,-0.000164279253881442,-7.18481613813041e-08,6.36542980719387e-08,1.03979807531593e-07,1.85830134008408e-07,1.3621953497244e-05,4.98190731160207e-07,1.9876536536042e-06,-7.8161510870753e-07,-4.27454946902263e-07,-4.58148521888543e-06,-4.24239822613631e-07,-7.66499272909234e-07,-6.9958426052359e-07,2.04684082402554e-05,3.39649221288893e-06,2.7692873393018e-07,4.6962022401849e-07,-2.79934377546776e-08,-7.50152821217682e-05,-2.76692632341436e-06,-1.4804278438036e-16,-5.03743472317371e-07,0.000266253142458657,-1.09698658093013e-06,-2.88548059406288e-05,-4.25194898408184e-06,0.000709224984088271,-9.13479673068097e-07,0.000256537370880737,-7.18753067566896e-08,5.34387818689705e-09,-8.97450882800044e-06,1.43450220008307e-05,-4.69706502183766e-07,6.54339325863654e-05,-3.36799183311836e-06,1.71434467154837e-05,-1.51104440747384e-06,1.3323152342829e-05,-0.000182890089453241,0.25732360336509,-9.3485770398057e-06,1.15003268782802e-06,-1.64852153013325e-05,2.8743203613824e-06,-0.000285425217904493,0.00012562461716297,-1.06985839941739e-06,3.58146529924494e-07,-3.09921689964229e-07,-2.17923228594675e-05,4.94321016426731e-05,-3.03399751342184e-07,-1.18436939089127e-07,2.39451733500354e-07,-2.04904080176598e-05,0.000151105067321896,-4.65760396995571e-06,6.90893326389497e-05,-0.00530956532639464,1.06414130135936e-06,-4.7625596801022e-06,1.81753676689331e-06,-1.01880326004105e-06,4.46736408850071e-16,2.83785695531263e-06,9.92508618200131e-08,9.99676543257773e-10,1.19294043683855e-05,-4.23997421802098e-07,7.23460442843787e-07,0.451856447312048,3.03728579991264e-06,-5.10486048574236e-07,1.29767701168857e-06,2.92833740952348e-08,-6.85188252198936e-09,6.87644735952756e-08,-6.92428184128605e-08,7.80794348867372e-07,2.07540697036265e-09,-1.39073975473879e-08,2.53213444476172e-12,3.25802427523067e-11,3.35127847491114e-08,-7.02087963123077e-07,1.7878477459498e-08,-7.56536876646781e-08,1.13379834072129e-07,-4.24183026703765e-07,3.32834416824678e-08,3.05012228820233e-08,2.38565714348844e-07,-4.08219651799508e-07,-3.45823808885142e-08,2.97517582102033e-07,-2.0394286528961e-07,5.13887203872399e-09,4.93383468830498e-08,-1.01959539634692e-07,7.09122745155194e-17,4.07713384201185e-10,1.75593228589844e-06,-1.2426988396934e-06,1.20687059752484e-07,1.08071649692548e-07,3.18230764463065e-08,7.48621831113593e-08,-1.11277792673459e-06,4.26290596281796e-07,-5.52819144839631e-16,-3.47579854983935e-07,-4.26729598411743e-09,-1.21075846897802e-08,4.03457583877484e-07,9.43357673078746e-08,-6.47955984783651e-09,-2.5370700195025e-07,6.86825734751066e-08,-2.34727279309732e-06,4.56497150370807e-07,-9.429454142419e-08,-1.72123028847334e-07,-9.15449590009495e-09,-6.88768704397436e-08,-1.74486916875548e-07,7.37162288401757e-07,-1.92045754750623e-07,5.6516895688307e-16,-0.00016165491476987,2.15696390509085e-06,8.01996767880659e-09,1.11238276538894e-05,-3.67753009430786e-07,-7.93630821937711e-07,2.81563897511051e-06,-1.0239636033074e-05,-7.14330703975043e-08,1.7709397221458e-16,-1.32255200651444e-07,-3.66777201200398e-07,-1.68467810378694e-07,-1.21105142364215e-16,3.20111298972225e-07,4.1811871469347e-06,-6.38154317501439e-07,-2.61856539062383e-07,-8.75416714780515e-08,-4.69294070688997e-08,-1.68074570529752e-06,4.7127382442763e-08,5.01236265360678e-07,1.47478378832552e-07,1.26327131185316e-07,0.000141622538997817,-4.22616003829653e-17,-3.11702375957696e-06,1.93848514582541e-07,1.2600028020039e-06,-1.27709291722417e-07,-2.26160385279129e-16,-1.2525956394948e-07,1.2358703954953e-06,-5.70370045058784e-08,-5.08719966235989e-08,-1.29358090635033e-07,0.000128844016343126,-1.81712043585204e-06,2.57251734410399e-07,-5.22436421297644e-16,9.49524385115101e-07,-9.5299686407146e-06,3.52178180055991e-06,1.17851865395446e-06,-1.19793288534512e-07,-8.0486885720916e-10,-5.20417042793042e-16,2.71782146063874e-17,-7.80846440982216e-10,-5.25795570015817e-06,6.93511163882735e-07,-1.33667570195406e-07,1.67498282398479e-16,-6.39890892189813e-08,-7.5840654677314e-10,2.21435678460775e-16,7.93868147282344e-17,5.58400448646196e-18,1.6249950111887e-07,4.79834244493541e-07,-6.96450131428478e-07,4.12514744255524e-07,2.05705463246089e-07,4.2446768415616e-07,-1.28295510926395e-06,6.82377621848939e-17,-2.82317262302766e-07,1.029546666848e-06,1.26249083074696e-16,-2.51944400166032e-16,-5.02546732312166e-07,-3.89588260625209e-11,-2.24336518732533e-06,2.3336465091772e-07,3.90251902959926e-05,-1.58261211785939e-08,-1.69569376150039e-15,-5.33288669781021e-08,-1.9548400282644e-16,-1.82061677055181e-07,1.91144843009194e-16,-2.49021804086745e-06,2.62430922504947e-16,2.59171658233019e-07,4.64589060635192e-07,2.14977519850579e-08,2.82683169187474e-07,9.74016445833914e-07,-8.40775988562196e-07,7.09947444085725e-07,3.54579247134577e-08,1.72489011700081e-07,1.59041235861499e-08,1.87294565019258e-06,-7.02711368255458e-07,-1.73513184576512e-07,-1.40947391887734e-08,-2.52962892977798e-06,-4.39390888574838e-17,3.15853104216684e-06,-5.45267296251458e-07,5.39674535539547e-08,7.77326239615644e-16,7.15088887613024e-09,1.94108419171828e-07,6.94889765567824e-07,2.74295140840361e-16,-1.17039306022665e-06,-8.9694220110575e-08,-6.18511417627411e-17,-1.18650092130693e-07,7.39039044456834e-05,4.5071879718476e-17,5.22639420710255e-17,-6.73078423547343e-08,-5.20955825644984e-08,-2.97553201253751e-10,-4.13723131796964e-07,1.10266259593031e-07,2.25071898211468e-07,3.12657171980202e-08,3.83822279238791e-07,-6.52794397099783e-07,-8.79287961885744e-16,9.3428335656453e-09,9.27776607000827e-10,2.56208792839313e-09,2.39959012590287e-07,-1.64299780029219e-16,-2.45839947788536e-16,7.90137232091326e-08,4.88131263686683e-17,4.37618097401943e-16,4.99999281662099e-07,-5.588615319098e-07,-7.23387295652542e-07,-6.04146661774562e-09,1.83358162710459e-05,4.02424387073823e-07,1.8082787535576e-08,-9.22785588953468e-17,4.42280687069316e-08,2.06879970308217e-09,9.49743359143863e-09,-6.66691092641625e-07,2.63710612806295e-06,4.71089484001848e-16,2.02973109062096e-16,1.30153898956837e-11,-3.32824743745444e-08,-1.11118659522398e-07,-9.31472411693284e-08,-1.2127699020098e-15,-8.53132710145951e-08,-2.6295752166201e-16,8.51444431648979e-17,2.02141531943095e-06,-4.43871257312204e-08,-1.34701277909599e-15,-1.09361958845065e-07,-3.92372236475246e-07,1.54666875358166e-15,1.69312855905037e-07,-1.57281145320551e-16,4.5301445212319e-08,-2.36607851735833e-17,4.52056069643747e-08,3.91364241343443e-07,9.83905350777325e-08,1.33361553962239e-08,9.16081628967531e-08,-2.38498569477572e-06,1.26969748459923e-07,-1.30307686131431e-16,7.51898688099268e-06,-3.27150091421972e-07,7.36715619271189e-18,-3.24777894829124e-07,-1.26835377869174e-07,2.65086960859501e-05,1.81996839631395e-16,9.48435595550115e-08,8.7046398815638e-07,-1.8036790644485e-16,-3.13661967750038e-07,-6.94047485116461e-08,-2.51072300486282e-08,5.3898924927607e-16,2.79830849979158e-16,6.48803578150967e-08,1.9889900554824e-08,1.60958917905681e-09,-2.33612228175188e-07,1.18618940928244e-08,-2.93470233247923e-16,6.38835999437617e-16,4.33306260560358e-08,2.98697527217381e-10,3.09272639615224e-16,1.04829189124681e-07,5.12110277150011e-16,3.76307540505892e-07,-2.01059743981187e-08,-1.17487954460006e-08,-7.79180669651824e-08,-6.98991235442034e-16,4.84843682129108e-16,-4.89693885489509e-16,-2.14878226626352e-16,-4.35528789277998e-08,-1.94151796857935e-05,-1.44385927540945e-16,3.32019482357773e-16,4.34890612865918e-16,2.12713814747662e-07,2.45819496081531e-07,-1.05418901771767e-07,1.57281097668331e-16,6.48244478929083e-16,5.89047040311375e-16,-6.55263904330658e-07,1.3906881635242e-07,-6.91222501581378e-17,3.13219797442256e-06,-6.38906904403515e-07,-5.04469582934605e-17,-4.23803773278029e-16,-6.38251888264711e-08,-6.53999702474475e-10,-3.16490090587898e-08,7.42479435405435e-16,3.56617587669272e-08,5.19748806204373e-08,5.58281142605341e-08,-5.09649237976646e-08,-1.81605994887915e-07,1.98215683243282e-06,2.58704782933927e-16,-5.06105930795777e-16,-1.42731894732782e-15,2.21002946839558e-06,-2.67444637192659e-07,-1.45747956648891e-08,-1.14995200070125e-08,-1.8544719962919e-15,-1.03416355209055e-15,-1.21022619167041e-15,-7.6368087212519e-16,3.09864114205107e-17,3.81010096492088e-07,3.26622649755475e-16,8.24957017981122e-16,-8.92345282320143e-09,-5.32806027701334e-16,-7.988563698413e-09,-2.64048161879284e-16,-9.90519018383495e-09,2.22524554980314e-16,-1.20315231329136e-08,-1.50803713998321e-09,-3.77155418136317e-05,-3.26286692352734e-16,4.82564463372248e-08,2.70897989636864e-16,6.87128777788426e-08,-8.38560950525438e-07,6.70661216298417e-10,1.12123637136705e-15,9.79541561855303e-08,-2.45502633908282e-16,-2.41172919033398e-08,-1.36138797888385e-07,-1.86392422007989e-15,-2.3872659555173e-16,-8.83644059899686e-16,-3.12578424775754e-16,-4.57667277229285e-10,-5.96201581139937e-09,-1.3318825900333e-09,-1.34942762394247e-15,-7.05989224321787e-18,-9.78041859215979e-08,5.94762037011819e-06,5.58312365427747e-16,-1.45094396748431e-15,-6.09702844798527e-09,-6.72977346846792e-16,-4.32322266040275e-08,1.24923322939633e-15,4.08825722282299e-07,-7.105034893347e-16,7.74438496264411e-15,-1.10884005047773e-16,-1.09953637822756e-15,2.13260120987917e-15,-2.38635864072015e-15,4.06942602247092e-07,-2.8460955626192e-06,-1.51848129024896e-16,-3.66148575886277e-08,1.39345210616534e-07,2.28178488619836e-15,-2.3145746658711e-15,1.48463692547029e-16,6.92291108491383e-15,1.37651900501362e-08,2.20240541733026e-09,2.19985894868954e-15,8.22217618592749e-16,-2.50227636138854e-08,-8.92672182287971e-08,-9.34446577428497e-09,1.63616861796423e-15,-2.53503602633358e-15,-2.07982026306395e-15,-1.34675309788527e-14,-7.31429402901857e-15,6.3564025378835e-16,5.29392627406347e-08,-5.00878716287082e-08,-9.6342912715933e-09,-5.1440844812873e-16,-9.73040838955785e-15,-1.52122002899273e-13,1.77248087206572e-13,-2.07307817076394e-13,0.707106781186549,1.18491443119526e-13,4.0561375136875e-15,4.99255639507855e-15,-3.25947421745046e-15,-2.59064897999722e-15,7.10210683891309e-15,8.55736298864046e-15,8.51971422839908e-17,4.64941796508118e-06,4.37891734859316e-15,-5.99149929974332e-15,-2.02930101684655e-15,5.19888247773265e-07,-9.06263978045879e-10,-5.32478522669984e-15,-1.00186015709501e-07,4.7555906831995e-07,3.50581022058196e-15,-2.01037723439518e-15,-1.32834780726917e-07,-4.82468905136637e-15,1.17317136530178e-08,2.14643224982928e-15,-2.62393345184786e-15,5.9957769208757e-16,-2.80791224457711e-15,1.66441714596507e-09,-2.28585254463947e-07,1.85297141509174e-15,5.72924836592876e-16,-2.81741856171841e-16,-1.90526269974749e-16,2.74953670942324e-16,-1.29058767865651e-15,-8.72034527987677e-16,1.35668659631196e-15,2.41238345463327e-06,-9.9701450917083e-17,3.3422173854738e-16,9.32590046872532e-16,2.88295537420997e-15,-1.23307433901406e-15,9.01242154063336e-16,-5.46435180015471e-08,-3.60412431183123e-16,2.05783927370372e-16,4.07493836374597e-08,1.11630629898279e-15,-7.35913607668173e-16,2.18817360428485e-17,-2.91842522223804e-15,2.35207137243419e-07,-9.99605652158615e-16,-2.51558682381728e-08,-5.77969767749044e-16,1.54644106484362e-16,-1.59429596631826e-15,-8.04511893302134e-18,-1.03412567774335e-16,-3.57066104692902e-16,9.09801408232335e-10,-2.26695087864123e-15,-9.86710680025709e-16,2.6443602925691e-07,-1.13656166920487e-07,-8.87475770141123e-17,7.96656774979719e-08,1.16701953491304e-08,2.01842006688796e-16,-3.36967525320027e-15,1.43673061924584e-15,-4.24927342828547e-16,-2.14420516025528e-16,-1.96556218313609e-08,-1.00962862823574e-15,-2.02769126240038e-16,7.93944866962386e-17,7.87466137323181e-09,2.47307324871126e-16,-9.68819810813122e-16,-5.62807681937456e-16,-8.65988815986987e-16,-3.59108788685081e-09,9.13471314573237e-17,7.45910949911057e-09,-1.35503188233861e-16,1.58878365029596e-15,5.55557658783472e-18,-7.07987089859066e-16,2.56805187260391e-16,-7.82281276037972e-17,-4.16134703694175e-16,-1.67701991144491e-07,3.55309357547337e-16,-2.22998105735802e-16,5.44990678246887e-08,-1.22150455436031e-15,-6.81849422236818e-16,-4.06980664255864e-16,-3.77435815689121e-16,5.31097116761989e-17,-3.99611000760091e-16,-5.73152883430636e-08,7.09469329668786e-16,7.14099937836812e-18,1.17823683586476e-07,5.2653764388837e-16,-2.48341854351191e-16,-4.93420298556987e-16,-3.29735042499649e-16,-1.39344355167355e-15,-1.58457436247618e-17,-4.52517233804229e-16,-2.27054872972031e-16,1.55292115431089e-16,5.12744015107149e-16,2.25745863498692e-16,-6.19234459421641e-08,2.65777381241033e-07,3.34060096714464e-16,5.23375581774647e-16,1.74308107475557e-16,2.90755711782662e-16,4.94179350218893e-15,-1.15513028148523e-17,6.31056327404091e-16,4.12446698876789e-16,-2.58272451512014e-09,8.07758189363331e-17,1.18150217439452e-16,-2.21715807816912e-16,1.83599156853006e-16,3.31062351844206e-09,2.50126403459378e-16,-2.70147279085525e-08,-5.03444083778744e-17,1.02867711031255e-17,-5.79695225805242e-16,-2.68902761985237e-16,-2.14251805270021e-16,-5.59663861887896e-16,-7.501202517573e-16,5.17765458272931e-16,-5.87599107697435e-16,1.14335744238102e-16,6.08362617872199e-16,2.57416331429555e-18,-1.79977618271358e-15,4.36539218081448e-16,-4.37418629774853e-16,-2.51641669288359e-16,-6.56691162846599e-17,1.22142438497071e-16,1.05356687635287e-16,3.76423437652119e-16,7.53086829008431e-16,7.5786467018967e-17,-1.82638277248481e-15,2.04590366705644e-16,2.75791052284746e-16,2.5126625387747e-10,-5.95410680539457e-16,2.39274827285666e-16,-5.71701577677387e-16,-6.78770198046942e-16,3.27981213900663e-16,-4.8137323460273e-16,6.82984545642067e-16,-4.29182116319484e-16,1.33588808065988e-16,-5.66891549522986e-16,4.5926804026486e-16,3.67238379408857e-16,-1.35650503077694e-16,-9.88646126530348e-17,-5.97887725180205e-16,-2.83163459734208e-16,2.25990260564236e-16,-3.2446357134735e-09,-1.16315473018077e-16,3.61989949062989e-16,-1.28046648106201e-17,-1.36949260399392e-16,-3.91572309133582e-16,-1.11595906675687e-16,3.36509333685025e-16,-1.55207186035836e-15,-1.31791041148204e-19,6.89843159640905e-10,-8.18434747184353e-16,-5.35798094674672e-17,-1.04843844517417e-16,-7.13401643831422e-16,6.74328471384424e-17,-6.53140271590289e-17,-3.86053300755098e-17,-6.92322262674333e-16,1.75590006803218e-16,7.88476217576966e-16,-7.27337473116095e-17,1.02079273294541e-16,-1.46434065887599e-16,3.49247162226869e-09,1.78814329697104e-16,-1.79254684867773e-16,-6.07324895152057e-16,-1.56558793706907e-16,-1.05291965559e-08,-1.78703527369361e-16,2.84264145772615e-16,1.06640129279422e-16,-4.41910311344873e-16,-1.59247828015846e-16,4.07855231835327e-17,2.27280748661935e-16,-1.57674196383042e-16,2.5144372360016e-16,7.60548713488251e-17,-6.35351303189914e-17,-7.60833701732531e-17,-1.53349794306771e-16,-8.61724994664543e-18,7.63318359199657e-17,1.36923358474972e-16,-2.1631054150586e-16
"t445",-0.0414639056985492,0.0340880914426726,-0.0554997171880675,0.0228916080774467,0.00465040468074099,0.000427175933033771,-0.00800792268798105,0.130787800610748,0.000131215727339671,-0.000432554020913674,-0.000185515338316331,0.00743332833658048,-0.0113517473252872,0.00156379714858018,-0.000318680004160733,-0.0288468947097343,0.000447537476206798,-0.000531997098719572,-3.91573152711227e-06,0.000100429156865645,-0.0587389871878517,-0.000544303745552077,9.58462409986986e-06,-4.6494465270139e-05,5.62301534425057e-06,7.88066512872633e-06,-1.43387628149223e-05,1.73193105540915e-05,-0.000578234395174687,0.000598358858011099,-1.91926284189157e-06,3.43266367148009e-06,-0.00115873865424423,3.01847034173153e-06,-1.790745227408e-06,-3.27547621930608e-06,-0.000135009874746941,1.01271017079809e-06,8.45677353576782e-06,2.49134555097367e-06,0.000158534105564157,-2.75576863839523e-05,0.000317721164072039,-3.84519865105538e-05,0.0174255455489925,7.30423977987447e-06,-6.21545203424698e-06,0.000103373741379625,-5.19634287875028e-06,6.56963308747438e-06,-2.58805325996308e-05,1.86156413201795e-06,-2.51722898006141e-09,3.93908139153512e-05,-1.06327589179454e-07,9.93931348444264e-07,-1.19617800543244e-11,-5.74955967286876e-08,1.7987267396841e-08,1.44109543171993e-06,5.16122015030818e-07,-8.36375583107798e-08,3.40578508661185e-06,-1.90701067388251e-06,1.89461281397427e-07,-5.6631940496533e-06,5.33194739580642e-08,-2.19419529784806e-06,6.40486698045469e-06,-2.80937577196382e-06,3.475767319551e-06,-9.13993533398899e-05,6.27932009011913e-07,3.87485288168713e-05,-1.72796656182209e-05,-4.44565575316321e-08,0.00083593839211521,-1.30850749691805e-06,7.946326633126e-06,1.02446953961539e-05,-3.46102859401688e-06,-5.33946727992199e-05,8.22401013541299e-06,5.52811438516555e-05,-4.49607371241544e-06,-0.000825343833496757,0.000266256605656776,4.10023537154822e-06,1.58172093747165e-06,-0.00174331643736037,1.59598307476546e-06,-1.08766134887949e-05,-1.19338406242274e-05,0.00120949755440199,6.32483322087832e-06,0.173589452638276,-0.00729814712280883,0.027668837201447,-0.000345478799948136,-5.88785275500098e-05,-9.12756759459701e-06,4.30396479181766e-06,-1.18036841951041e-05,1.62337982222586e-06,-6.66200922334817e-07,7.1574776838147e-06,-3.13465313047271e-05,8.13181051284437e-06,-4.55757335624686e-06,8.362825368571e-06,4.46507801253232e-06,9.49518474836158e-06,-2.06412125543568e-05,1.33246848239122e-05,-4.81351218684842e-08,1.55728123045135e-06,-2.11631453381379e-06,1.74757845057572e-06,-1.32680910619371e-06,2.4940185799392e-06,-1.00593088612398e-05,6.04483025378875e-07,1.62227373590873e-07,5.23276785184924e-07,-2.03820966650488e-06,1.15520686250943e-05,-9.23019973186911e-06,4.59930671748573e-07,-1.75995584233667e-06,-5.83353664353705e-05,1.00428062164816e-06,-7.44052766204816e-06,9.37240032057218e-06,1.95172059129157e-06,-0.00661184410957914,-2.64561456579723e-06,2.49479493866256e-08,1.92425854579375e-05,-7.06416392732819e-06,2.04094467799102e-05,1.33939471200029e-06,5.2558377335154e-05,-1.04964577919984e-05,-6.99626733476895e-07,-1.69083382948975e-05,1.41799677133943e-07,7.29845446997017e-06,-1.22719223961172e-06,-8.23115703799983e-08,2.31114058601028e-07,0.000259492180496781,1.04397001733718e-06,0.000906364676859406,-7.61315625557986e-06,2.65589825795411e-06,2.35991342346958e-07,-3.59019416539637e-06,0.000296786530460233,1.51842225619052e-06,5.10080104129724e-07,0.000267757451717159,-5.29587075552656e-06,3.25584883934357e-06,0.000435163331567615,-5.742393218526e-05,0.000233480070670522,-5.64805163528077e-05,-9.84793127994432e-07,-4.92163698289211e-05,-7.09162903183279e-05,0.000924985612503295,0.000221493810089524,-0.000175666697870118,-9.11028707796084e-06,-0.000190021200664357,-4.48748877671625e-06,-1.82196434116575e-05,0.000244013276001365,0.00109317535586956,0.584710229412558,0.0271350699485323,0.0139975195979716,-0.000269856310251703,-7.25736438938611e-06,-2.45176081068886e-05,-3.42245382031073e-05,-0.000676274139040503,0.000266378146498528,0.00128069993287383,-0.233460819055933,4.96338840409377e-06,-2.22029637470361e-06,-4.99513951213395e-06,-1.61843424180911e-08,9.95366972509399e-08,-8.7724583284843e-07,-1.78617910809968e-06,-8.2322133256058e-05,1.28318497982555e-06,6.40333835833155e-07,6.4041351711303e-07,0.000107948969415938,-1.76241860443873e-08,-2.16038195596082e-05,-4.72243745644691e-06,-0.00020945178007297,2.98185272649605e-06,0.000813916481162421,-2.02969410943158e-05,-8.70244126761295e-07,-8.43436219200335e-05,0.00018959699928119,-0.000483637210276719,-7.94456311931989e-06,-0.000242994176158722,-5.8711517213619e-06,0.108630746035856,-3.86153566268468e-09,-8.74258932805862e-07,-4.54650814253648e-06,-2.49242015140581e-05,0.000262161175991806,7.60495127412672e-06,2.47871831596002e-05,-6.29251879178691e-06,-3.21364741773258e-06,-3.38951566493059e-05,-2.32381132572545e-06,-3.62709306088681e-06,-2.8733913607453e-06,7.92957523066257e-05,1.24252740325881e-05,9.62757538621552e-07,1.61002119925248e-06,-8.53364449486129e-08,-0.00902344494710159,-7.15954148288216e-06,3.45405222748783e-16,-1.19103448489262e-06,0.00061861064651651,-2.29755897520337e-06,-5.96452558855784e-05,-2.8359187885651e-05,0.0408800242509545,-1.07518747207656e-06,0.000298853020499673,-8.31765816707507e-08,5.92808741345883e-09,-9.61107229478742e-06,1.42747903012453e-05,-4.51021031637308e-07,6.18804260961403e-05,-2.91448904437771e-06,8.95447584062169e-06,-6.01087029521207e-07,3.88503962775489e-06,-8.87076939694456e-06,0.00780732170596439,1.4611125204663e-06,-3.09340418650006e-07,7.30538663146358e-06,-1.44590724405654e-06,0.000162207959058891,-8.33622434988571e-05,8.73730222276353e-07,-2.99120430391098e-07,4.10244282408746e-07,2.91385203224259e-05,-6.68467086163263e-05,4.62096374127025e-07,1.88568897553393e-07,-4.39739475962928e-07,3.86583237945632e-05,-0.000942606173861044,3.72458721378472e-05,-0.000711884430996203,0.168040000447702,4.56889784705295e-05,-2.87815395137762e-05,8.4504320504113e-06,-3.94114128842289e-06,-1.69558681904145e-16,6.26526035890564e-06,2.04023954085498e-07,1.62108166317055e-09,1.00113969918357e-05,-1.36139488887642e-07,7.48567914142111e-08,0.000251240460872171,-3.58341177570895e-06,6.38468244375231e-07,-1.64774521925955e-06,-4.63895036257157e-08,1.49910419943062e-08,-1.47475498190929e-07,1.41697437319841e-07,-6.90096342409453e-07,-1.35206240115861e-07,1.58642265056194e-05,1.0248888733523e-08,5.57253770125537e-08,6.35536208321839e-07,-6.54890749422869e-06,1.57543501472796e-07,-6.18023020057076e-07,8.53373559667792e-07,-3.11929425320574e-06,2.07111746658842e-07,1.8773474701195e-07,1.43993564287781e-06,-2.43207353435625e-06,-1.97784232236777e-07,1.63141818904203e-06,-1.07836082663466e-06,2.67629207191977e-08,2.50649400501251e-07,-4.92989757276825e-07,-1.27111304479787e-16,1.5697842730137e-09,6.64190122975341e-06,-4.58326332521559e-06,4.44789269436619e-07,3.97990747054899e-07,1.16497412136996e-07,2.71052413194323e-07,-3.97802201809095e-06,1.48670239457388e-06,3.67376903710219e-16,-1.151231481803e-06,-1.40498660310193e-08,-3.93699014169751e-08,1.30999903878892e-06,2.97541288447085e-07,-2.01316322241047e-08,-7.72492930314633e-07,2.06383216189967e-07,-6.86711097781456e-06,1.30571976338561e-06,-2.66111553639341e-07,-4.82247837925425e-07,-2.55365313724072e-08,-1.90683231661293e-07,-4.82666377564374e-07,2.02862359655149e-06,-5.26432621438879e-07,2.62455540010343e-17,-0.000431705301869014,5.73453538151074e-06,2.13211251227251e-08,0.00114738851738232,-9.49457624499638e-07,-2.03841406171801e-06,7.21306798740457e-06,-2.62217951867788e-05,-1.82751916258177e-07,1.10149478981048e-16,-3.38368722716723e-07,-9.38746571439396e-07,-4.32845986389153e-07,3.08305544281511e-16,8.31164098743229e-07,1.08994487301731e-05,-1.66744740056829e-06,-6.8806714016766e-07,-2.32879673051074e-07,-1.26411830554624e-07,-4.5842376089291e-06,1.36688431722691e-07,1.47032641199632e-06,4.79309744137418e-07,2.28121727611135e-06,0.0122026986091822,9.06327520929324e-16,-5.52780607721496e-06,3.57791656384014e-07,2.45168862716918e-06,-2.58764417512453e-07,2.06386047920466e-16,-2.64011699658375e-07,2.70782757515623e-06,-1.29752038956268e-07,-1.19560651146494e-07,-3.27442900111645e-07,0.00970721485723545,-3.00593861031363e-06,4.76817608746888e-07,-3.47162588978819e-16,1.76440606388893e-06,-1.77006706682766e-05,6.53396778144954e-06,2.18241872545367e-06,-2.218023041342e-07,-1.48936875346917e-09,-3.32199545649559e-16,-1.1979899876372e-16,-1.43950068477059e-09,-9.65803730112839e-06,1.27327476004844e-06,-2.44565620416563e-07,7.91293338500435e-16,-1.16158851174036e-07,-1.37182354130066e-09,5.84848799298029e-19,-1.13177747185991e-16,4.73699360511184e-16,2.90664919916551e-07,8.57074967616806e-07,-1.23800093876076e-06,7.30335037490348e-07,3.64020410360025e-07,7.47999545126943e-07,-2.25975159998195e-06,1.24582113351631e-16,-4.93243687954497e-07,1.79388593096957e-06,-7.18629052819352e-17,4.06172396363695e-17,-8.67730313851393e-07,-6.71776069805793e-11,-3.86723124605454e-06,4.03370942394512e-07,0.00219221041243927,-2.43463185391944e-08,-1.90077922022963e-15,-8.67730550417802e-08,3.64694935901578e-16,-3.02897107674476e-07,-2.16299688663574e-15,-4.1540664673303e-06,-1.4371223100395e-16,4.32505663458924e-07,7.75222454403895e-07,3.57404537490036e-08,4.69479815541611e-07,1.61692515149621e-06,-1.39295166915545e-06,1.17409792541508e-06,5.83906634463543e-08,2.84037054720056e-07,2.61547193656331e-08,3.07266273393074e-06,-1.14911786867425e-06,-2.82975427907594e-07,-2.29381334292695e-08,-4.11253843278606e-06,-2.77999053267185e-17,5.11873189962797e-06,-8.8100621630223e-07,8.64756598737794e-08,7.18792593291471e-16,1.14315349366214e-08,3.09226420704262e-07,1.10537850789543e-06,2.81002661437843e-16,-1.86037662180588e-06,-1.42152029126497e-07,8.36872952143156e-17,-1.87773208216457e-07,0.0001159802964731,-2.20121102006902e-16,4.43393018391633e-16,-1.05292833634574e-07,-8.14724906408785e-08,-4.64728674065657e-10,-6.45174424798577e-07,1.71363143514161e-07,3.49678030223447e-07,4.85551345204524e-08,5.93415206186327e-07,-1.00567275793031e-06,1.3988376429408e-15,1.43741161800566e-08,1.42707709850486e-09,3.93778037298477e-09,3.68451381194475e-07,1.7947129570308e-16,3.26697516016461e-16,1.21166134895228e-07,3.41168346685824e-16,1.25638470128428e-16,7.606475426425e-07,-8.49050650972682e-07,-1.09897553533998e-06,-9.15156135373977e-09,2.77640766236163e-05,6.09299742615549e-07,2.73639078811482e-08,-1.77552167284192e-16,6.65517465319053e-08,3.1093170814796e-09,1.42686667516134e-08,-9.99683120721434e-07,3.9404969137228e-06,-5.12421780853796e-16,4.93665790170935e-16,9.50719926533496e-14,-4.94876414842685e-08,-1.6487525668244e-07,-1.38187695389362e-07,-1.16856664778122e-15,-1.26311615998847e-07,3.43770972518111e-15,1.64761339523234e-16,2.96712013506428e-06,-6.51464198381686e-08,-7.28583859910259e-16,-1.60178694502323e-07,-5.74010989381731e-07,9.51339773159072e-16,2.47096685395451e-07,-7.0482975394961e-16,6.59257324985017e-08,2.34813118977743e-16,6.57697069282128e-08,5.6928567100201e-07,1.43089305122898e-07,1.93888570013781e-08,1.33094417925021e-07,-3.45642211449152e-06,1.83420466652321e-07,-7.5840746028282e-16,1.08373893964473e-05,-4.71629001417492e-07,-4.22035185866362e-16,-4.6855430391226e-07,-1.84024057202172e-07,0.00110750606915386,1.84834006887157e-18,1.34663849524369e-07,1.235842567503e-06,-3.83834242418652e-17,-4.45161131997978e-07,-9.84774280971731e-08,-3.55832048558336e-08,6.39281507493198e-16,2.14946447374493e-15,9.16421765529911e-08,2.80507116620977e-08,2.26927550134659e-09,-3.27095193388771e-07,1.6590175308328e-08,-1.39051325114368e-15,1.94765206174136e-15,6.05567834694049e-08,4.17404230250199e-10,-1.70767461494642e-15,1.46306239296241e-07,7.18767222438306e-16,5.24580313575644e-07,-2.79858367338304e-08,-1.63517042936783e-08,-1.08403576327244e-07,-1.62151796190049e-15,1.54312728406955e-15,-5.43473350636971e-16,-9.1187255204634e-16,-6.12927206802421e-08,-0.000765763116595393,-2.13252516119407e-15,-6.02329964949016e-16,-1.61928857655222e-17,2.92301250529937e-07,9.66327515950323e-06,-1.44985165272949e-07,-6.77507881734646e-16,-6.95998163616207e-15,-4.23291501676359e-15,-8.9749663813208e-07,1.90448165456401e-07,-1.09587580429291e-15,0.000121197576691888,-8.72352649323887e-07,-1.35456118481454e-15,4.19650972921294e-15,-8.69950025506388e-08,-8.91283867762178e-10,-4.30848676180646e-08,-8.8267031665257e-16,4.84582167344432e-08,7.05529712757897e-08,7.5675773804181e-08,-6.89504067993165e-08,-2.45571058704168e-07,7.51186791088161e-05,-4.78525709427196e-15,-6.50806472565575e-15,-8.6332739657346e-15,2.96865774369548e-06,-3.59218646106747e-07,-1.95622831135008e-08,-1.53794868566081e-08,-6.29322451544976e-14,-1.57958620892022e-13,1.13579566798184e-13,3.96210677447986e-13,0.707106781186548,5.0766268951925e-07,2.24774002733454e-14,1.00623337495785e-13,-1.18723727759944e-08,-1.04573566790749e-14,-1.06277083253546e-08,-1.15617908812627e-15,-1.31758006706854e-08,6.88775757388212e-15,-1.59637643831126e-08,-1.99970309125073e-09,-4.99660509226968e-05,-2.68686134264458e-15,6.38585692612895e-08,5.56190274204329e-16,9.0704410811265e-08,-1.10339303119931e-06,8.82346645186987e-10,6.47429405928368e-15,1.28704882588587e-07,8.09291142199832e-15,-3.16236076857453e-08,-1.78493029908637e-07,3.97914928459152e-15,1.48166301872666e-15,-3.37612195131286e-17,-1.62478801960687e-15,-5.99043779489951e-10,-7.8002212769602e-09,-1.74162677080546e-09,1.06737137336015e-15,-5.39903794363867e-16,-1.27577831971185e-07,7.75735145046883e-06,1.39690305929864e-15,-8.8036344128776e-16,-7.92788902574906e-09,1.90859690655688e-15,-5.61776786708624e-08,4.93846094777531e-14,5.30243295034721e-07,-1.38759967001144e-16,-2.28624002729112e-15,9.9780845026704e-16,-2.31888524618623e-15,1.62335715328246e-16,2.93290856293428e-15,5.25792366577939e-07,-3.67713007398983e-06,-1.99660485219325e-16,-4.7243424150283e-08,1.79694895226482e-07,9.62274359119662e-16,-1.79164086888856e-15,-5.10299619765721e-17,1.89887516526333e-16,1.77089473945724e-08,2.83182821171191e-09,-3.32864185133024e-16,5.73629509296734e-17,-3.21542180611248e-08,-1.14699051251295e-07,-1.20034196679665e-08,-1.31322900743997e-15,1.602675631678e-16,-3.83707549558965e-17,-3.54912269652711e-15,4.61794129416851e-16,-9.9506129543963e-16,6.77061976486911e-08,-6.40333647196728e-08,-1.23117000080675e-08,4.54368483267887e-16,-1.51134066016105e-15,6.37785524002262e-16,-2.04547234150329e-16,3.91487453078178e-16,-7.89716174967731e-16,1.31373563557829e-15,-5.12483182124351e-16,3.52196352186237e-16,-9.85929243106485e-17,1.29195726863733e-15,4.46553836020053e-16,2.44410633163436e-16,-1.41793413082373e-16,0.000158127347766907,-3.80240702493407e-16,2.69630327756813e-15,-1.67445529953288e-16,6.59054219631184e-07,-1.14867950594769e-09,-7.22745807289954e-17,-1.26971438636996e-07,6.02097328897494e-07,1.75128171826526e-16,-1.58202840824694e-16,-1.67956209793387e-07,2.53253176507322e-16,1.4809056128314e-08,4.39558412310548e-16,4.15125840601572e-16,-2.74021270974574e-16,-1.33403692336747e-15,2.09551455638331e-09,-2.877400664143e-07,-2.43696705906513e-14,5.16494061719995e-17,-3.16190239324422e-16,-1.05368769769795e-15,-1.5241172039715e-16,-5.60487616859432e-16,-7.16024292316542e-16,1.45289278796072e-16,7.96058613705298e-05,-1.03936146581304e-18,-4.57203385497023e-16,-1.29462552536064e-16,-3.11663315362706e-19,-1.25068245447935e-15,-5.68869299520246e-16,-6.80218661561474e-08,1.72664472665945e-16,2.13286700702632e-16,5.0707982066629e-08,-1.87707921141709e-16,-2.00262635720966e-15,1.13007052264314e-16,-2.95186078262675e-16,2.91458008087368e-07,4.04009116595377e-16,-3.11484668899631e-08,-2.91415323881189e-16,1.35540625791943e-15,-1.37289228017169e-15,-1.62497024062752e-15,-4.54924855266649e-16,-1.31240983075377e-16,1.12479885196896e-09,-7.80750460547556e-16,5.56262940028328e-16,3.26539554003153e-07,-1.40340262619382e-07,-3.46083154190139e-16,9.82695324380062e-08,1.43908777786962e-08,-1.7007560828926e-16,3.07926928554365e-16,4.9617636396449e-16,2.67346533407861e-16,3.22252803302165e-16,-2.41240658277991e-08,-7.17766816446724e-16,-1.08208281152578e-15,7.66500259766812e-16,9.65316737663547e-09,2.27452185878448e-16,-6.7423216257936e-17,6.10016333695984e-16,-1.14128255135344e-17,-4.3951045374315e-09,3.45270170592623e-16,9.12464149887903e-09,-1.46649671305262e-16,-4.23409662950245e-16,2.88576647929102e-17,4.57512826023225e-17,-4.08801176672781e-17,-5.36195659966941e-16,-1.25695342583744e-16,-2.04613102489599e-07,2.45199237146616e-16,7.80482332948429e-16,6.64512830481095e-08,-2.52937034385226e-16,2.54457123020194e-16,4.43184171810853e-16,7.92039412314899e-17,-8.1969065765655e-17,2.35768655752169e-16,-6.97433899950214e-08,-2.20934217879853e-16,-5.59422227401925e-18,1.43242063174719e-07,-4.28392518238417e-16,2.44801348318669e-15,-5.70436190274654e-16,8.37540039049861e-17,-6.51388904868132e-16,4.35011531932453e-16,2.87924676676265e-16,-7.16778637444625e-17,-2.45756751937796e-16,5.0517683736507e-17,-1.91544813800215e-17,-7.50305817625853e-08,3.21904216871416e-07,2.9723226445235e-16,6.81965499894537e-17,-9.86616429566547e-17,8.78990505560904e-16,2.40389305683486e-15,-1.07518093634592e-15,5.70973328360071e-16,-2.43770976312148e-17,-3.1215945804099e-09,6.67937489982309e-16,-2.70045166635901e-16,-1.21870568714795e-15,2.55214221463746e-16,3.9942515772175e-09,1.30999879238087e-16,-3.25279175877358e-08,1.36629473575374e-16,-4.26706742783179e-16,-3.56070438020467e-16,8.23764893067654e-17,-2.41546072898332e-16,2.11437938189665e-16,1.23040781281593e-16,1.06839473484412e-16,1.43634521482269e-16,-6.00234270860444e-17,6.65257363870698e-16,5.31511274948e-16,-1.10431361151971e-16,1.5564629583819e-16,3.45024985414129e-17,3.31936531621306e-16,-3.32061947381541e-16,-4.20292498569302e-16,-5.96871828144051e-18,-4.51994156990649e-16,-2.54009595475335e-15,5.34779675142072e-17,-1.41701921622064e-17,5.02285043411653e-17,1.06117830228727e-16,3.00329073091326e-10,-6.53662657867729e-17,-1.18998105169052e-16,5.82721719023682e-16,-5.04081730007786e-16,3.91853762405089e-16,1.59981943081768e-16,1.48249890772641e-16,1.05730142221349e-16,-8.02776744035765e-17,-1.2531525828064e-16,-2.24375639595875e-15,-1.6287543831488e-16,1.98660148882537e-17,-1.62897405794475e-17,2.25387319924608e-16,1.63325906893788e-16,3.58843907765662e-17,-3.8590982693503e-09,-1.17599168624355e-16,4.27500142752192e-17,-2.44241790121148e-16,-6.52587887791849e-16,2.23239260610858e-16,5.61534987381526e-16,7.62182240544598e-17,-3.39959140236171e-16,9.49251507090694e-17,8.16341791778607e-10,2.83135807756611e-16,-9.75616547904276e-17,2.58937523534363e-17,-1.55384335881716e-16,2.7157359180661e-17,-4.30147764880469e-16,-1.4786380647833e-16,-2.40827904342326e-17,-2.69490664897897e-16,-7.00303931478185e-16,-1.05864826009371e-16,-5.99884994660014e-17,1.79964555271182e-16,4.11206221335487e-09,-1.68288319224314e-16,-2.11122645720022e-16,-2.11644048746576e-16,-2.99272325671174e-15,-1.23681377157957e-08,-5.92103734557722e-17,-2.49172540793654e-16,1.17231875828814e-16,9.36810834896535e-17,1.08182442093967e-16,4.86648000058345e-21,-2.37541808862413e-16,1.00433812097141e-16,-9.58326820219042e-17,-1.24162086316568e-16,1.06227217754455e-16,-3.36026789522001e-16,-1.80888943487404e-16,-1.6424843055193e-16,1.44112596436278e-16,5.97657594689305e-16,-3.33339826289331e-16
"t315",-0.0414639056985492,0.0340880914426726,-0.0554997171880675,0.0228916080774467,0.004650404680741,0.000427175933033769,-0.00800792268798106,0.130787800610748,0.000131215727339684,-0.000432554020913696,-0.000185515338316324,0.00743332833658048,-0.0113517473252872,0.00156379714858019,-0.00031868000416074,-0.0288468947097343,0.000447537476206793,-0.000531997098719582,-3.91573152710956e-06,0.000100429156865648,-0.0587389871878518,-0.000544303745552039,9.58462409986102e-06,-4.64944652701603e-05,5.6230153442446e-06,7.88066512871836e-06,-1.4338762814928e-05,1.73193105540857e-05,-0.000578234395174676,0.000598358858011076,-1.91926284189992e-06,3.4326636714479e-06,-0.00115873865424428,3.01847034173164e-06,-1.79074522736372e-06,-3.27547621928722e-06,-0.000135009874746933,1.01271017106054e-06,8.45677353567812e-06,2.49134555067716e-06,0.000158534105564174,-2.75576863838835e-05,0.000317721164072,-3.84519865106222e-05,0.017425545548993,7.30423978022314e-06,-6.21545203447888e-06,0.000103373741379578,-5.19634287926794e-06,6.56963308732454e-06,-2.58805325996646e-05,1.86156413210743e-06,-2.51722902707684e-09,3.93908139153598e-05,-1.06327589057917e-07,9.93931348520226e-07,-1.19621804685037e-11,-5.74955966177331e-08,1.79872679515392e-08,1.44109543160369e-06,5.16122015037786e-07,-8.36375583171041e-08,3.40578508661281e-06,-1.90701067396714e-06,1.89461281114908e-07,-5.66319404958327e-06,5.33194741969246e-08,-2.19419529796475e-06,6.4048669806217e-06,-2.80937577152356e-06,3.47576731952619e-06,-9.13993533398181e-05,6.27932009282542e-07,3.87485288169137e-05,-1.7279665618314e-05,-4.44565573734976e-08,0.000835938392115178,-1.30850749698332e-06,7.94632663300995e-06,1.02446953962234e-05,-3.46102859396287e-06,-5.3394672799237e-05,8.22401013540416e-06,5.52811438516272e-05,-4.4960737123786e-06,-0.000825343833496697,0.000266256605656752,4.10023537168897e-06,1.58172093785653e-06,-0.00174331643736035,1.59598307479072e-06,-1.08766134889475e-05,-1.19338406242217e-05,0.00120949755440202,6.32483322090755e-06,0.173589452638276,-0.00729814712280883,0.0276688372014465,-0.000345478799948006,-5.88785275498063e-05,-9.1275675947765e-06,4.30396479192728e-06,-1.18036841947783e-05,1.62337982220497e-06,-6.66200922414109e-07,7.15747768385742e-06,-3.13465313043828e-05,8.13181051280055e-06,-4.55757335636689e-06,8.36282536855205e-06,4.46507801233756e-06,9.49518474821639e-06,-2.06412125545176e-05,1.33246848237712e-05,-4.81351218960555e-08,1.55728123066186e-06,-2.1163145337543e-06,1.74757845071367e-06,-1.32680910639151e-06,2.49401857984934e-06,-1.00593088614694e-05,6.04483025315836e-07,1.62227373660617e-07,5.23276784945099e-07,-2.03820966648335e-06,1.15520686253295e-05,-9.23019973146297e-06,4.59930671640517e-07,-1.75995584234547e-06,-5.83353664355877e-05,1.00428062173806e-06,-7.44052766204764e-06,9.37240032067664e-06,1.95172059147686e-06,-0.00661184410957952,-2.64561456542308e-06,2.4947949251149e-08,1.9242585457871e-05,-7.06416392743019e-06,2.04094467796307e-05,1.33939471191593e-06,5.25583773344835e-05,-1.04964577917285e-05,-6.99626733374055e-07,-1.69083382952235e-05,1.41799677290829e-07,7.29845446994233e-06,-1.22719223971792e-06,-8.23115702741415e-08,2.31114058713704e-07,0.00025949218049615,1.04397001728017e-06,0.000906364676859275,-7.61315625564565e-06,2.65589825779864e-06,2.35991342291906e-07,-3.59019416523652e-06,0.000296786530459916,1.51842225613384e-06,5.10080104074616e-07,0.000267757451716761,-5.29587075547766e-06,3.25584883919984e-06,0.000435163331567463,-5.74239321849362e-05,0.000233480070670648,-5.64805163531981e-05,-9.84793128281566e-07,-4.92163698287623e-05,-7.09162903181136e-05,0.000924985612503553,0.000221493810089522,-0.000175666697871137,-9.11028707829026e-06,-0.000190021200664341,-4.48748877634336e-06,-1.82196434117916e-05,0.00024401327600144,0.00109317535586942,0.584710229412557,0.0271350699485325,0.0139975195979714,-0.000269856310251701,-7.25736438950257e-06,-2.45176081068797e-05,-3.42245382031157e-05,-0.000676274139040265,0.000266378146498511,0.00128069993287386,-0.233460819055933,4.96338840420631e-06,-2.22029637470576e-06,-4.99513951195209e-06,-1.61843424073444e-08,9.95366973306039e-08,-8.77245832834674e-07,-1.78617910819824e-06,-8.23221332561456e-05,1.28318497979864e-06,6.4033383591295e-07,6.40413517681803e-07,0.000107948969415999,-1.76241858703848e-08,-2.16038195597668e-05,-4.72243745635866e-06,-0.000209451780073101,2.98185272653148e-06,0.000813916481162512,-2.02969410943205e-05,-8.70244126845324e-07,-8.43436219201181e-05,0.000189596999280984,-0.000483637210276116,-7.9445631191883e-06,-0.000242994176158896,-5.87115172133578e-06,0.108630746035854,-3.86153574709259e-09,-8.74258932818235e-07,-4.54650814256272e-06,-2.49242015139443e-05,0.000262161175991136,7.60495127437769e-06,2.47871831594002e-05,-6.2925187916869e-06,-3.21364741739341e-06,-3.38951566490913e-05,-2.32381132571865e-06,-3.62709306112147e-06,-2.87339136079764e-06,7.92957523065504e-05,1.24252740322791e-05,9.62757538563761e-07,1.6100211998359e-06,-8.53364450948946e-08,-0.00902344494709984,-7.15954148307581e-06,2.18475483423434e-16,-1.19103448521369e-06,0.000618610646516152,-2.29755897519083e-06,-5.96452558854192e-05,-2.83591878857395e-05,0.0408800242509546,-1.07518747221514e-06,0.000298853020498898,-8.31765818125144e-08,5.92808732655433e-09,-9.61107229488479e-06,1.427479030138e-05,-4.51021031411339e-07,6.1880426095617e-05,-2.91448904448102e-06,8.95447584187526e-06,-6.01087028715075e-07,3.88503962769395e-06,-8.87076939715844e-06,0.00780732170596319,1.4611125204118e-06,-3.09340418952993e-07,7.30538663161999e-06,-1.44590724365947e-06,0.000162207959058832,-8.33622434989613e-05,8.7373022240608e-07,-2.99120430026637e-07,4.10244282746568e-07,2.91385203223262e-05,-6.6846708616419e-05,4.62096373854449e-07,1.88568897669298e-07,-4.39739475281749e-07,3.86583237943055e-05,-0.000942606173860248,3.72458721376935e-05,-0.000711884430996531,0.168040000447704,4.56889784705666e-05,-2.87815395138839e-05,8.4504320504462e-06,-3.94114128880378e-06,-5.34322411703775e-16,6.26526035912868e-06,2.04023953980693e-07,1.62108196357431e-09,1.00113969915479e-05,-1.36139488734778e-07,7.48567912914937e-08,0.000251240460869655,-3.58341177507149e-06,6.38468244102657e-07,-1.64774521893774e-06,-4.63895039821296e-08,1.49910419039472e-08,-1.47475498530006e-07,1.41697437046092e-07,-6.90096342810898e-07,-1.35206239740439e-07,1.58642265049521e-05,1.02488877279015e-08,5.57253772349026e-08,6.35536208576482e-07,-6.54890749425722e-06,1.57543501166765e-07,-6.18023020207221e-07,8.53373559825231e-07,-3.11929425348142e-06,2.07111746517473e-07,1.87734747009045e-07,1.43993564334505e-06,-2.43207353375938e-06,-1.97784231962783e-07,1.63141818888382e-06,-1.07836082635559e-06,2.67629201477685e-08,2.5064940044984e-07,-4.92989757627488e-07,-2.54767870394712e-16,1.56978472898253e-09,6.64190122976387e-06,-4.58326332513482e-06,4.44789269604094e-07,3.97990746727615e-07,1.1649741211235e-07,2.71052413154333e-07,-3.97802201830668e-06,1.4867023946912e-06,-1.03663414164946e-16,-1.15123148131933e-06,-1.4049865544998e-08,-3.93699016665412e-08,1.30999903852581e-06,2.97541288178585e-07,-2.0131632993225e-08,-7.7249293027288e-07,2.06383215926212e-07,-6.8671109777355e-06,1.30571976310766e-06,-2.66111554448309e-07,-4.82247837849516e-07,-2.55365313315119e-08,-1.90683231007777e-07,-4.82666377369636e-07,2.02862359668096e-06,-5.2643262050678e-07,-8.18081981772552e-17,-0.000431705301869435,5.73453537809914e-06,2.13211250225983e-08,0.00114738851738338,-9.49457625212256e-07,-2.03841406223598e-06,7.21306798742039e-06,-2.62217951873525e-05,-1.82751916473206e-07,1.52527825973238e-16,-3.38368722769739e-07,-9.38746571158264e-07,-4.32845986603899e-07,4.18084204578668e-17,8.31164099149382e-07,1.08994487306242e-05,-1.66744740058537e-06,-6.88067138442165e-07,-2.32879673577879e-07,-1.26411829787785e-07,-4.58423760893394e-06,1.36688432853482e-07,1.47032641039199e-06,4.79309744065524e-07,2.28121727639042e-06,0.0122026986091804,4.95000583026243e-16,-5.5278060782057e-06,3.57791656888005e-07,2.45168862699079e-06,-2.58764417706678e-07,-4.55703833227644e-16,-2.64011700201229e-07,2.7078275753499e-06,-1.29752038965439e-07,-1.19560651470365e-07,-3.27442900293549e-07,0.00970721485723761,-3.00593861054382e-06,4.76817607669604e-07,1.23266278666858e-16,1.76440606302413e-06,-1.77006706686735e-05,6.53396778209596e-06,2.18241872536921e-06,-2.21802304152217e-07,-1.48936834526021e-09,-5.64652491430451e-16,1.76385712309215e-16,-1.43950027044946e-09,-9.65803729972759e-06,1.27327475850901e-06,-2.44565620487113e-07,6.91705463596253e-16,-1.16158851463415e-07,-1.37182374514589e-09,2.34270194721698e-16,-3.80768219990084e-17,-5.1807466426982e-16,2.90664920234065e-07,8.57074967277757e-07,-1.23800093684942e-06,7.30335037021176e-07,3.64020411303132e-07,7.47999545643408e-07,-2.25975159933509e-06,-6.53638643346279e-16,-4.93243688424017e-07,1.79388593095192e-06,1.36574094525064e-16,-8.87883751977642e-17,-8.67730313084529e-07,-6.71763913885616e-11,-3.86723124292238e-06,4.03370942319827e-07,0.00219221041244086,-2.43463191181879e-08,-1.40719618120585e-15,-8.67730552797795e-08,-4.88563861025905e-17,-3.02897106516756e-07,2.16780803377614e-15,-4.15406646958785e-06,1.39746474864984e-16,4.32505663671896e-07,7.75222454352453e-07,3.57404535082096e-08,4.69479815835753e-07,1.61692515232954e-06,-1.39295167122405e-06,1.17409792519142e-06,5.83906633894515e-08,2.84037055062229e-07,2.61547186599589e-08,3.07266273439186e-06,-1.14911786845861e-06,-2.82975429514439e-07,-2.29381317525868e-08,-4.11253843036614e-06,-1.17800678986437e-16,5.11873190017511e-06,-8.81006216052498e-07,8.64756633049715e-08,4.60190304676009e-16,1.14315347281206e-08,3.09226421495851e-07,1.10537850800002e-06,-3.49501421917069e-16,-1.86037662205927e-06,-1.42152029103588e-07,-5.09199620293769e-17,-1.87773208555154e-07,0.000115980296476142,3.44883144333631e-16,-4.25504110412965e-16,-1.05292833601932e-07,-8.14724896200066e-08,-4.64731588896525e-10,-6.45174424199077e-07,1.71363141930586e-07,3.49678030470749e-07,4.85551324466683e-08,5.93415207618325e-07,-1.00567275837673e-06,7.52653148139437e-16,1.43741153199296e-08,1.42707714413054e-09,3.93778198440851e-09,3.68451381011812e-07,-1.02621476857883e-16,-3.29815467169443e-16,1.21166132382335e-07,-2.45508338681654e-16,-2.57977880816408e-16,7.60647543271724e-07,-8.49050651532998e-07,-1.09897553626552e-06,-9.15156081631538e-09,2.77640766221905e-05,6.09299742181911e-07,2.73639077849052e-08,1.8550997795482e-16,6.65517477706871e-08,3.10931680860078e-09,1.42686657377335e-08,-9.99683120665439e-07,3.94049691180325e-06,4.61706908174072e-16,-4.18808264054113e-16,9.456358732762e-14,-4.94876418877589e-08,-1.64875255344912e-07,-1.38187696279202e-07,1.16610104696388e-15,-1.26311616489439e-07,-4.01140972109783e-15,-7.69609424744625e-17,2.96712013437861e-06,-6.51464230661463e-08,2.9696297504378e-16,-1.60178692463745e-07,-5.74010989366642e-07,2.8685344747652e-15,2.47096685362035e-07,5.32817792373618e-16,6.59257371280314e-08,-2.05638355535578e-16,6.57697076514827e-08,5.69285669695672e-07,1.43089307818509e-07,1.93888570195105e-08,1.33094418088921e-07,-3.45642211120037e-06,1.83420465554184e-07,5.0727809053915e-16,1.0837389399716e-05,-4.7162900324037e-07,5.73326019819185e-16,-4.68554305574485e-07,-1.84024057840556e-07,0.00110750606915781,-8.71151779655354e-20,1.34663850538034e-07,1.23584257118843e-06,3.27204261531742e-17,-4.45161132886209e-07,-9.84774256417191e-08,-3.55832057028501e-08,-6.87443598542623e-16,-2.33377172097143e-15,9.16421779028656e-08,2.80507169075895e-08,2.26927655480375e-09,-3.27095191854149e-07,1.65901753272274e-08,1.43742961903885e-15,-1.89488577485607e-15,6.05567789679152e-08,4.17405966377509e-10,1.74459622815741e-15,1.46306241825746e-07,-7.84941151473162e-16,5.24580315752119e-07,-2.79858399250574e-08,-1.63517126436994e-08,-1.0840358353108e-07,-7.7450295106967e-16,-1.47126493022223e-15,5.86217744891208e-16,7.02314066436595e-16,-6.1292722459927e-08,-0.000765763116586222,2.58925208579469e-15,7.19896774122159e-16,-5.21434297458987e-17,2.92301249673743e-07,9.6632751529803e-06,-1.44985167975794e-07,6.73522860022523e-16,5.88410749161397e-15,8.74166461873466e-15,-8.97496638325691e-07,1.90448163191396e-07,1.12643651742581e-15,0.000121197576679417,-8.72352654957427e-07,1.33509668733827e-15,-4.17350026531176e-15,-8.6995011204021e-08,-8.91282692797646e-10,-4.30848664375406e-08,1.04731492225559e-15,4.84582153899917e-08,7.05529628192383e-08,7.56757724986519e-08,-6.89504083352848e-08,-2.45571040200412e-07,7.51186790502374e-05,4.8115749533424e-15,6.63673217040937e-15,8.67677916228402e-15,2.96865775450821e-06,-3.59218673750957e-07,-1.95622652036972e-08,-1.53794807282104e-08,6.40718715686804e-14,1.5758549329572e-13,-1.13327438548719e-13,-3.96071272563352e-13,-0.707106781186549,5.07662672347548e-07,-2.26464769860659e-14,-1.00599246597383e-13,-1.1872362018825e-08,1.04173877513299e-14,-1.06276930436504e-08,1.11362561094525e-15,-1.31757667322631e-08,-6.84696709248309e-15,-1.59637737435147e-08,-1.99970113030328e-09,-4.99660509495514e-05,2.77035242968864e-15,6.38585963862842e-08,-5.59817169631524e-16,9.07044096097803e-08,-1.10339301719961e-06,8.8234411778302e-10,-6.29549250918442e-15,1.28704872434859e-07,-8.13381909461446e-15,-3.16236194914786e-08,-1.78493029460902e-07,-4.46742340397868e-15,-1.48925076852325e-15,1.78566031588206e-16,1.55025569542349e-15,-5.99040894369516e-10,-7.80021787877346e-09,-1.74163236020497e-09,-1.06243435148083e-15,5.6294614890338e-16,-1.27577830779673e-07,7.75735143368169e-06,-1.71026437975588e-15,9.07506531848904e-16,-7.92788913338891e-09,-2.00724948571734e-15,-5.61776706131699e-08,4.48270042166021e-14,5.3024329238924e-07,3.16781816034983e-16,1.92529298738066e-15,-1.01738227047107e-15,2.32154967078795e-15,-1.42461745400107e-16,-2.76208018848011e-15,5.25792372836911e-07,-3.67713007414962e-06,2.3085849444394e-16,-4.72434229599237e-08,1.79694895291888e-07,-9.22287355004825e-16,1.85066465446576e-15,1.25474316366233e-17,-4.84936013600007e-16,1.770895309557e-08,2.8318297138492e-09,6.38874338877217e-16,-1.01271482756299e-16,-3.21542155359424e-08,-1.14699051188162e-07,-1.20034174567327e-08,1.25962040009508e-15,-1.48479555102265e-16,2.89329377574361e-17,4.15651276417239e-15,-1.04571494215457e-16,8.6222243093485e-16,6.77061973713341e-08,-6.40333605077918e-08,-1.23116997497024e-08,-4.7551102850401e-16,1.47699381773082e-15,-6.51655690290997e-16,2.84059530515059e-16,-4.76749914645939e-16,6.40107980088575e-16,-1.11997650017278e-15,5.32768769572061e-16,-2.69686885289924e-16,2.84350921051213e-17,-1.27578209887875e-15,-1.77435620516964e-16,-2.42217610459347e-16,-2.55539294596143e-16,0.000158127347761598,5.84753444766243e-16,-3.27198151123289e-15,1.14316138720549e-16,6.59054220595377e-07,-1.14868283203389e-09,-7.14091515999794e-17,-1.2697143796134e-07,6.0209732657196e-07,-1.93364572098068e-16,3.52957772510432e-16,-1.67956210161565e-07,-4.46105539892971e-16,1.4809055184684e-08,-3.86070500422263e-16,-3.04104964903095e-16,2.96687686852233e-16,1.4454501386119e-15,2.09551442015795e-09,-2.87740067236036e-07,-1.94941090128405e-14,-2.87206129804145e-16,3.66029383989822e-16,5.65134566122378e-16,2.85145171363688e-16,6.8682350457868e-16,6.3099777763184e-16,-1.29866975092629e-16,7.96058613578416e-05,6.02856152345448e-17,4.16545726894284e-16,9.90433047375751e-17,2.24167153274795e-16,1.26697599597594e-15,6.00354652078866e-16,-6.80218655137521e-08,-1.65834621924187e-16,-2.7497462651853e-16,5.07079815124095e-08,1.442916698357e-16,2.14684191302625e-15,-1.126323660038e-16,3.95176228620523e-16,2.91458007006776e-07,-4.62373674482295e-16,-3.11484701253501e-08,3.55123481399904e-16,-1.51565702963175e-15,1.03904821533833e-15,-6.15396858871917e-16,4.27263633944408e-16,-4.85153583695206e-17,1.12479770113036e-09,4.77483203159329e-16,-4.84235165165985e-16,3.26539553171508e-07,-1.40340262565025e-07,3.92957484909447e-16,9.82695323300553e-08,1.43908769508107e-08,2.05199503845731e-16,-6.80631114863619e-16,-5.47479272762128e-16,-2.14126427617248e-16,-3.28702403120538e-16,-2.41240648335116e-08,4.17513966481927e-16,7.34335298147799e-16,-7.93626301554989e-16,9.65316659652168e-09,-4.12931760257894e-16,-1.35625394890248e-17,-5.94176879483322e-16,-3.07377900955766e-17,-4.39510527912115e-09,-4.93419649939046e-16,9.12464165607325e-09,2.56958538236193e-16,1.23593724561818e-16,9.22568101923977e-18,-5.21359889184136e-17,1.09562850346709e-16,5.00816187645775e-16,1.09086082706992e-16,-2.04613103500472e-07,-2.51650065861982e-16,-7.91593160938054e-16,6.64512839989356e-08,4.52419108462427e-16,-2.3302807026427e-16,-5.37241385545248e-16,-1.19878046667428e-16,2.31695480402852e-17,-5.80906939770099e-16,-6.97433900544098e-08,2.32272959288645e-16,2.32118654555246e-16,1.43242062589767e-07,4.03469187706082e-16,-2.19056596831955e-15,5.44261308194709e-16,-1.23180188598052e-16,8.9640316757338e-16,-5.3850203673473e-16,-1.8766826685174e-16,1.06504344896925e-16,2.35684314523098e-16,-3.37136815772768e-17,6.80748506466944e-17,-7.5030580890739e-08,3.2190421603786e-07,-8.67143313815909e-17,-4.84551838003433e-18,8.37766244609642e-17,-6.34452314735154e-16,-6.84294201164226e-16,8.44811674205773e-16,-4.70624150311789e-16,1.12984674471509e-16,-3.12159390822451e-09,-8.10999385101249e-16,3.25128383897701e-16,1.17898301476678e-15,7.09955745371647e-17,3.99425163891545e-09,-1.43530799109385e-18,-3.2527915417601e-08,-8.43030915757968e-17,4.35319540815179e-16,2.20400405399156e-16,-5.13173265985429e-18,2.2504985495438e-16,-8.69811812696648e-17,-5.85161883821689e-17,-1.51327683027589e-17,-1.24453130738059e-16,6.07210291214026e-17,-5.91697927470413e-16,-5.06743123855725e-16,6.78283019438881e-17,-2.25639349596603e-16,-2.72309336829315e-18,-1.59236364106487e-16,2.98247170585683e-16,3.34646583116347e-16,9.88087660356548e-17,4.58825511139209e-16,1.76399693463392e-16,-1.068966250355e-16,-6.47019000241984e-16,-6.44439244269075e-17,5.2309335897721e-17,3.00327556748248e-10,2.04574216740901e-16,-3.09167166222987e-16,-5.34573167003065e-16,-4.73227233787453e-17,-2.68264166045583e-17,-1.70252255653269e-16,-1.13364571865711e-16,-1.48674405080667e-16,1.17831986419315e-16,1.96541016185534e-16,1.30944517381937e-15,1.26410635384398e-16,-4.29028713638177e-17,1.19057569886056e-17,-4.51733172113015e-16,-2.45323865075527e-16,-4.7844959274604e-17,-3.85909623787609e-09,1.65489459164439e-16,1.16255086768587e-17,1.62180320311043e-16,8.01958118268052e-16,-3.04352905096382e-16,-4.80951085419696e-16,-7.26887400777956e-17,-3.89340468742534e-16,-3.72248514188477e-17,8.16341101505106e-10,3.26851059124666e-17,1.63338036349923e-16,-6.4981106357158e-17,1.8365212330629e-16,-2.07808079494206e-17,3.8147009528508e-16,1.83480843134861e-16,-1.92505703669302e-16,2.15327695497276e-16,8.05365111454913e-16,4.76063283838155e-17,6.23803389374181e-17,-1.54396442816167e-16,4.11206177195377e-09,1.36790525747537e-16,1.07735435335885e-16,-9.01504988170129e-17,8.68391730052265e-16,-1.23681371597221e-08,2.39999453351376e-17,2.17337987827007e-16,-3.76252446208127e-17,-6.26471509782789e-17,-1.28534582929601e-16,6.45213236011485e-17,3.69949987292869e-16,-6.43692442910885e-17,1.08814071115613e-16,2.06238763163338e-16,-3.35143493943875e-17,3.50861905556719e-16,6.46717276357635e-17,4.18405708946752e-17,-9.94595386436692e-17,-3.67863593801093e-16,-1.96407401653381e-16
"t306",-0.0421560770738985,0.0353110089819721,-0.0575576809486908,0.0240444837682776,0.00494058904090755,0.000458806065673765,-0.0086134290308273,0.141531091954392,0.000144145977628865,-0.000485391163072952,-0.000215280568781295,0.00896187256939349,-0.0137693932698746,0.00190302254651789,-0.000391536544279291,-0.0359300707154614,0.000560739310856654,-0.000669654368184435,-4.95888046790508e-06,0.000130204509671345,-0.0780601857236178,-0.000776780089128533,1.40176101479408e-05,-6.81807344744016e-05,8.26107721234814e-06,1.18460224025948e-05,-2.16842578312865e-05,2.63141406559565e-05,-0.000891110956411898,0.00102377005994096,-3.44898367839719e-06,6.40440648623612e-06,-0.0023084914633334,6.31553799315836e-06,-3.97200300486083e-06,-8.06335857944549e-06,-0.000338743590293877,2.60441781142731e-06,2.19874494387282e-05,6.63815666891091e-06,0.000444010677068864,-8.07659444884866e-05,0.000959252897035978,-0.000116384324688592,0.0547099988057556,2.66330299950065e-05,-2.38512395414995e-05,0.000406753342486963,-2.20175982339839e-05,3.03775985610233e-05,-0.000136384989362919,1.04975472154125e-05,-1.43423533390561e-08,0.000246261357192018,-8.22368117147497e-07,7.97477118823411e-06,-2.99443251156929e-10,-3.47116709841079e-06,1.30618678376266e-06,-3.27567784780649e-05,-5.86629753679314e-06,7.61419472245689e-07,-2.66910283645876e-05,1.44388289362638e-05,-1.14612590081154e-06,2.90107245910899e-05,-2.04103042042927e-07,7.54283638274451e-06,-2.10261442867174e-05,8.53071407874914e-06,-7.57852017514028e-06,0.000164673107043689,-1.10230217525692e-06,-6.4622120672655e-05,2.86394551742895e-05,7.2147327164477e-08,-0.00134550128542098,2.02511154609243e-06,-1.13310003416996e-05,-1.41677855449015e-05,4.55627844773339e-06,6.95783596332178e-05,-9.99598319059153e-06,-6.59038528769539e-05,4.97314111716133e-06,0.000896408653716546,-0.000284160912086642,-4.36393874492854e-06,-1.68224661920424e-06,0.00185080262705553,-1.68371409833301e-06,1.08828454691932e-05,1.18901223359019e-05,-0.00117434148190115,-5.94308002760714e-06,-0.162529921498081,0.00683209789486893,-0.0257131442065044,0.000320396765171471,5.43628481600504e-05,8.43301920090202e-06,-3.97748266886959e-06,1.09118994478338e-05,-1.60760866559727e-06,6.66694729699082e-07,-7.2264622811434e-06,3.22003456381618e-05,-8.39681937658855e-06,4.75160981551731e-06,-8.8562967846702e-06,-4.75409098533243e-06,-1.04718401205494e-05,2.28690274110138e-05,-1.675752296276e-05,6.26766962575735e-08,-2.21576027472138e-06,3.15428856222507e-06,-3.04263468178508e-06,2.83321034311084e-06,-6.57757074166915e-06,3.09587426879229e-05,-5.17166593951004e-06,4.66096603755048e-06,1.28028653366498e-05,-3.19336323942277e-05,4.91918258029144e-05,-3.69860466180572e-05,1.1351749859659e-06,-2.11563316520421e-06,-6.98037074404738e-05,1.16481120606254e-06,-8.23358811542822e-06,1.11496198951492e-05,2.54233100590515e-06,-0.143748708863567,1.83799570025025e-05,-4.35689375680735e-10,1.14414778533764e-06,-4.43462639457478e-07,1.2746692987823e-06,8.07889722246538e-08,3.10761765799086e-06,-5.99429224433496e-07,-3.93958497447653e-08,-9.51923278975795e-07,7.1379822231903e-09,2.80326687773356e-07,-3.36742658986946e-08,-2.05366920631881e-09,4.57976276661196e-09,5.04150567649195e-06,1.83861957755657e-08,1.50228634597811e-05,-1.17420775504024e-07,1.64209318576268e-08,1.1588511044733e-09,-1.45071445325863e-08,-2.94722336150646e-06,-1.82499494313725e-08,-6.27633560857059e-09,-3.67615196712017e-06,7.40963597342822e-08,-5.02015940312784e-08,-6.77506784261348e-06,9.53758496604392e-07,-4.05343062956428e-06,1.04017494437445e-06,1.81481960951066e-08,9.0711931221688e-07,1.30925803636562e-06,-1.70857000831214e-05,-4.09107383252632e-06,3.2328051714597e-06,1.67284711819032e-07,3.46678083939941e-06,8.1713849620318e-08,3.31424338980427e-07,-4.33013167945821e-06,-1.87090803718895e-05,-0.0099345740896931,-0.000457734404231625,-0.000230793110681154,4.40778952437617e-06,1.1741587210206e-07,3.92999378180056e-07,5.30639993901111e-07,1.03940155295348e-05,-3.76395587440155e-06,-1.80413753171657e-05,0.00318582745631323,-6.14489148465174e-08,2.50527685908376e-08,5.44325641629443e-08,1.66952908462057e-10,-9.83207942131129e-10,7.50853287316644e-09,1.47735037251992e-08,6.30514373217416e-07,-9.43409719168432e-09,-3.19111616530393e-09,-3.12033724370727e-09,-4.18372208976373e-07,5.11738206629949e-11,1.33336324182242e-08,2.86577004317267e-09,8.37928535051317e-08,6.78041485940808e-10,5.35951012914978e-07,-3.62026329006452e-08,-2.73010750849919e-09,-3.5415834545858e-07,8.57759134126743e-07,-2.90950254984061e-06,-5.51017701943406e-08,-1.69179618757959e-06,-4.6091141321374e-08,0.00206425013467568,-7.3857214663033e-09,-4.05062187221233e-09,-2.44454416832845e-08,-1.33988849382797e-07,1.13743737279274e-06,2.90990580196969e-08,7.73968349243475e-08,1.33557954150147e-09,3.75602683890727e-09,4.81826050499005e-08,2.2068214369879e-08,6.56292285044001e-08,9.88182358079337e-08,-3.65396386896179e-06,-7.86483820090409e-07,-8.41641502479507e-08,-1.55273044423098e-07,2.85871430058599e-08,0.338183749754473,-3.2224621568826e-06,2.19266967967021e-15,-2.86323111035373e-07,0.000140694418329381,-4.75947129489645e-07,-1.65384262942527e-05,-2.60750404309398e-05,0.0469130985246898,7.01383552110205e-08,-1.3058168122298e-05,2.99518667554452e-09,-6.32562576680056e-11,-1.05339497139085e-09,1.8802415535589e-07,-7.79950319256976e-09,1.16256777809658e-06,-7.40260173982026e-08,3.54311106972072e-07,-2.55030152693713e-08,1.726589420914e-07,-4.26816635567076e-07,0.000377491566405052,7.38581983445159e-08,-1.59955662853049e-08,3.89391548599695e-07,-7.77921462441387e-08,8.81126523206922e-06,-4.58783659633812e-06,4.90019992301699e-08,-1.68114265634324e-08,2.41446118692129e-08,1.71670475777863e-06,-3.94288028332248e-06,2.75916829869526e-08,1.13106229573928e-08,-2.67589090310785e-08,2.35872967562973e-06,-6.2808937713823e-05,2.50701789243767e-06,-4.83068963046007e-05,0.0116213313639769,3.20951970414453e-06,-2.09823742044311e-06,6.23098859808871e-07,-2.93293264718742e-07,-8.14966045550589e-17,4.82091090430532e-07,1.57717720938028e-08,1.27271948292109e-10,8.17824951245973e-07,-1.15562064787898e-08,6.48240496151015e-09,2.19836228598665e-05,-3.74924871400949e-07,6.78705872540607e-08,-1.75935274547594e-07,-5.39266577146442e-09,2.77753402247051e-09,-3.22489847690288e-08,3.61225370886439e-08,-6.08601926679761e-07,6.37976540706133e-10,2.94255339184008e-07,1.99667640336109e-10,1.10078728106053e-09,2.715235771253e-08,-3.57077291127894e-07,8.76219739322765e-09,-3.52990304314034e-08,5.01769778639133e-08,-1.84940081161589e-07,1.30512640511072e-08,1.18787263497424e-08,9.17832875387641e-08,-1.55788973363847e-07,-1.28689050778983e-08,1.07904893712366e-07,-7.23635491649235e-08,1.80695335493024e-09,1.70955117820232e-08,-3.43272212885028e-08,1.97003368198139e-17,1.21880849598568e-10,5.2083181082122e-07,-3.64722321835034e-07,3.54103089683551e-08,3.16990855016824e-08,9.31202183233194e-09,2.18124122054696e-08,-3.22688307304144e-07,1.22562883508465e-07,1.57834753585914e-17,-9.85078063062084e-08,-1.20784691145844e-09,-3.41888327940126e-09,1.13898013767933e-07,2.65372576408217e-08,-1.82166633913156e-09,-7.13915994144059e-08,1.93630226311953e-08,-6.67004540486305e-07,1.31392379984981e-07,-2.74598412497034e-08,-5.05320745908643e-08,-2.70289516548535e-09,-2.05721177237641e-08,-5.21886508503726e-08,2.22631026186944e-07,-5.84930644746928e-08,-4.86216652107047e-16,-5.53845868376472e-05,7.82616406472042e-07,2.91199321271381e-09,0.0148479569046087,4.8484358945122e-08,-2.44677590621093e-07,9.27525360127257e-07,-3.41634182930619e-06,-2.50269261750379e-08,4.59656387399905e-16,-4.91738472184648e-08,-1.39649013165832e-07,-7.0917718567792e-08,6.02917601747897e-16,1.55021388278673e-07,2.10764461963706e-06,-3.28881811929652e-07,-1.41744363543565e-07,-5.20855442738457e-08,-3.03631691487893e-08,-1.17273831372453e-06,4.44782235810027e-08,4.95956349163527e-07,2.09452795589752e-07,2.6622167593948e-06,0.0157745329278793,8.92686190196295e-16,1.52171377494702e-06,-7.51496725840945e-08,-3.09448111387189e-07,1.62435019646546e-08,4.00400688020129e-16,1.09669073580121e-09,6.86101123697374e-08,-4.51936833443229e-09,-4.69627925152598e-09,-1.49030996908948e-08,0.000841901947442151,-1.15309690352742e-07,2.70040563332471e-08,3.30490485773295e-16,1.13282642311942e-07,-1.14596762789467e-06,4.3005085247022e-07,1.46703676125349e-07,-1.49327153768219e-08,-1.00832978159757e-10,-3.72965547335014e-16,-9.23271039385263e-17,-1.00405638260809e-10,-6.89433907375673e-07,9.11405166284415e-08,-1.7837848493288e-08,-3.27203518001678e-17,-8.78888480720675e-09,-1.0533795866533e-10,6.10895819566714e-17,-2.72904189602654e-16,-1.95107171725669e-16,2.32737466611232e-08,6.89694359099623e-08,-1.01308629702489e-07,6.0599004042213e-08,3.02529656546051e-08,6.30788831867243e-08,-1.90886392956837e-07,-6.19820387717639e-17,-4.29488472290115e-08,1.58002965896956e-07,-1.49212511637484e-16,4.23013075867857e-16,-8.10806748590566e-08,-6.42539659443675e-12,-3.88940541306022e-07,4.33557683121265e-08,0.00295377971156535,1.02646993438219e-09,1.25809374304923e-15,-3.23432520169119e-09,-7.33049577063727e-16,-2.15325342080244e-08,-3.534173821651e-15,-3.22371303495526e-07,3.14760818230677e-16,3.54151342006418e-08,6.3954822960247e-08,3.12889538747677e-09,4.14297519752126e-08,1.431284242133e-07,-1.24806839842671e-07,1.06171985294166e-07,5.37817118074715e-09,2.61656206521956e-08,2.42159274132998e-09,2.86989365105369e-07,-1.08506829921611e-07,-2.69525513598033e-08,-2.19914627656532e-09,-3.95526234787969e-07,-1.09852874633175e-16,4.97006120861654e-07,-8.63047678477009e-08,8.67836856087528e-09,1.6408668363507e-16,1.15507264385586e-09,3.1565442654432e-08,1.13325851201143e-07,-3.24845360892453e-16,-1.91155402394879e-07,-1.47358392275217e-08,4.03429787406678e-16,-1.95499059622386e-08,1.23980038974007e-05,2.6035249281232e-16,3.44123364951431e-17,-1.13744985308851e-08,-8.80962776871692e-09,-5.0477002326962e-11,-7.04477867330101e-08,1.8940567943761e-08,3.8690705531012e-08,5.38058889091952e-09,6.68722663280361e-08,-1.14953233113809e-07,2.11533264862784e-15,1.65212147633186e-09,1.64182186914033e-10,4.54563113237216e-10,4.27077271011487e-08,1.26591083046164e-15,-2.77935405632647e-16,1.41248863361708e-08,2.3130303494036e-16,-4.00950103711997e-16,9.21378918877793e-08,-1.03582313446889e-07,-1.34092923345832e-07,-1.13489973512045e-09,3.45087577955552e-06,7.57684976948837e-08,3.41358681755737e-09,1.00779452223264e-17,8.60683024710405e-09,4.05476860958424e-10,1.86595711530034e-09,-1.32628463228198e-07,5.37840054554549e-07,2.80347338046846e-16,-2.27147525974626e-16,1.47533607369951e-14,-7.07740116837177e-09,-2.41232952841216e-08,-2.02552060561733e-08,-1.47811352512422e-15,-1.896376599274e-08,-5.95858233506661e-17,2.50888162393429e-16,5.09870281323774e-07,-1.12183010107861e-08,5.84818651838681e-16,-2.88179167331855e-08,-1.06223537549405e-07,1.35159176737685e-15,4.88067080224459e-08,8.52732394590682e-16,1.4331432457914e-08,-1.8806952492657e-15,1.44379319581987e-08,1.25940185278743e-07,3.19377166130626e-08,4.38289865077589e-09,3.10004652151312e-08,-9.19755032623712e-07,6.40244362392622e-08,-1.02718086288554e-15,7.61846552523852e-06,-3.80314453530645e-07,-4.17124051502089e-15,-4.74758061434751e-07,-3.73386292572751e-07,0.160184852090219,4.78748881551233e-16,-6.67623314292011e-08,-4.93896987337503e-07,3.55613159409372e-16,1.39051164587408e-07,2.75733694851945e-08,6.95505544523867e-09,5.60859699936066e-16,-5.78808872049127e-15,-8.89590114104404e-09,-2.07094904236698e-09,-1.58437528478491e-10,5.86335323166174e-09,-2.175386889843e-10,1.23769451303828e-15,4.67501103356097e-16,-6.14790093475982e-10,-4.09024015628336e-12,2.45724084552099e-16,-7.95350643556024e-10,-2.08162228068685e-15,-9.57034039286626e-10,-6.47871445809525e-11,-4.21504855301006e-11,-3.87489332558756e-10,-1.95053856547705e-15,-2.9848591057536e-16,-2.50476390774866e-15,9.47965006900439e-16,-1.18522338148347e-09,-0.000521783516744755,5.69480319789219e-15,-5.30458152285099e-16,1.1630570827375e-16,1.41118055449041e-10,-0.0304702035644539,-1.54147178007178e-09,-9.9223292336023e-16,1.26578706283881e-14,-2.30926931223119e-15,-3.16360295771579e-09,5.88153462009982e-10,-2.51467354761766e-15,-4.48032652931282e-06,6.07443028336945e-09,9.08424130745625e-16,9.0690686436318e-17,1.63372087778432e-09,1.78183010821185e-11,1.31623718848348e-09,4.30843687109174e-15,-2.81962771903578e-09,-5.86161787537890e-09,-1.08556786904855e-08,2.86329887871562e-08,1.65377234807673e-07,-0.877212097885557,-8.01253099597633e-14,1.78493001582827e-14,1.07094441740975e-14,6.082323304748e-07,-7.2911481358888e-08,-3.69961582961797e-09,-2.31068014635004e-09,1.20460087677642e-14,-4.76091279077548e-15,6.5856252532151e-15,2.22927499509179e-15,3.72449065812392e-14,6.72122861685973e-08,1.59559423246694e-15,2.7729253194879e-15,-1.52025868964543e-09,-4.95404127585469e-15,-1.3587091032172e-09,-1.22803877897513e-15,-1.68000830041313e-09,-1.66339329665303e-15,-1.94912850611559e-09,-2.42108998521484e-10,-5.97873638211549e-06,1.05301956212147e-15,7.54381321423229e-09,-1.24215080129754e-15,1.04735485976377e-08,-1.24692270278439e-07,9.96348352909598e-11,2.13162144419054e-15,1.44374323310822e-08,1.58916940197249e-15,-3.51665549858969e-09,-1.98415770657608e-08,3.66324289209665e-15,-1.67513802213642e-15,-1.22268248097582e-15,5.99568426146461e-16,-6.62119840024006e-11,-8.60994729170102e-10,-1.91961485752553e-10,-4.9358574900129e-16,4.40476937567506e-16,-1.39797393160215e-08,8.4984970526213e-07,9.99584564983461e-16,3.86392306780397e-16,-8.64222938554276e-10,2.40727723103869e-16,-6.11906249657717e-09,6.47367104754609e-11,5.76477623306488e-08,-3.45472789998293e-16,1.15269826200016e-16,-1.47902119421466e-16,1.80277312217674e-17,4.87891377000752e-16,2.40183954761202e-15,5.70444127745693e-08,-3.98934557885858e-07,1.27034697345594e-17,-5.12409264248066e-09,1.94889654375612e-08,-7.91156595398574e-17,-2.36711297573506e-15,4.74808194895e-16,3.71598474391213e-16,1.92093831302757e-09,3.07213773257346e-10,-7.64097695474925e-16,3.73143655594109e-16,-3.48886387721716e-09,-1.24456251123878e-08,-1.30256795823122e-09,4.5031471098492e-16,-8.55597378017318e-16,-4.58045394936042e-16,4.6649606282548e-15,7.57841472949799e-16,1.04952265460388e-16,7.36572577796202e-09,-6.96863623385954e-09,-1.34036776726424e-09,-2.21057037407065e-17,1.34844784948523e-15,-7.94463773897611e-16,1.58390700803541e-15,3.78682295440221e-16,9.95022605857442e-16,1.35444520702108e-15,-2.91043524726263e-16,8.66490271573189e-17,-2.90111243123053e-16,1.40016036965611e-15,-1.31186097794094e-16,-1.21445397435075e-17,-1.37963235784067e-15,0.00136200207127802,-2.56973983096272e-16,-3.43076836937921e-15,1.58850834163536e-16,7.02662518058377e-08,-1.23030089726014e-10,-2.06506719341227e-16,-1.36278499906816e-08,6.52047271274097e-08,1.34145846543074e-16,-7.51321699684923e-16,-1.82716630237875e-08,-1.25710689854969e-15,1.61642119086318e-09,-1.21577350302146e-16,7.71052582411293e-17,-1.56363216163157e-16,9.54216430901727e-16,2.29617971340211e-10,-3.153697182223e-08,-2.32914003105719e-14,1.02022595508295e-16,-2.06410105317274e-16,8.29128182935342e-16,-5.71862435877479e-16,-2.56237681831411e-16,1.40234234557755e-16,4.33494739956021e-17,1.47078031545654e-05,2.91051251721049e-16,-9.47608159775799e-17,2.25318613946638e-16,1.53258094355383e-15,-7.39561695486662e-17,-5.47816905081838e-16,-7.55932187367286e-09,-2.27855668738883e-16,2.1954332584538e-16,5.63776929653068e-09,2.14004456033832e-15,-6.7546822458605e-16,-7.21948844009417e-17,-9.10888586932395e-16,3.25775372740098e-08,-2.58095888617171e-16,-3.48494012471167e-09,-1.35727920404444e-15,-1.10191058176069e-16,5.61833524977943e-16,-1.54382871944529e-15,-1.56017709691651e-16,-1.11805661300949e-15,1.26091898873864e-10,5.83605370756731e-16,-3.38392332424116e-16,3.66608896749074e-08,-1.5757329342429e-08,2.69190477494169e-17,1.10480612998534e-08,1.61857412459085e-09,-2.99704035369892e-17,-8.81298579264551e-17,-1.39173551253517e-16,-9.81554637697623e-17,-3.49512064359897e-16,-2.72988853238678e-09,-6.99913322053725e-16,-3.30702169815076e-16,-6.22648433284788e-16,1.09408347443521e-09,1.33920175310957e-15,-3.07677293848536e-16,3.44731794846415e-16,-4.31753930217906e-17,-4.99182283001773e-10,7.50334702389294e-17,1.03701948906326e-09,-1.1854440359129e-16,-9.28882322324847e-17,7.60819442472856e-17,-1.52071202503079e-16,1.9124739614003e-16,-2.05508828730538e-16,-5.67141936867522e-18,-2.33343653866171e-08,-3.36132840878096e-16,3.4882137181602e-16,7.58466826023519e-09,4.95031326733227e-16,-1.48710349945771e-16,-3.37330971615297e-16,-2.1124725270228e-16,1.91804330622563e-16,-2.96418617555917e-16,-7.98182353098472e-09,-2.2168555124335e-16,2.06474112256027e-16,1.6413170365815e-08,5.95358110905626e-16,-3.84496469436978e-16,5.33587642644983e-16,5.17768616333766e-16,4.1370562941217e-16,-2.39818563817746e-16,6.65302486628811e-17,-5.26178247496198e-17,4.35378781105781e-16,-2.35809407638608e-16,-5.49835256054355e-16,-8.63561122520653e-09,3.70692563391181e-08,1.17159802185357e-15,5.62334244105876e-16,9.41662873095272e-18,2.70913783219359e-16,3.33392168039293e-16,1.64613084272506e-16,4.92860668053591e-16,-1.20294518666216e-16,-3.60475899322828e-10,-1.45660359120811e-16,-1.23935803636951e-16,6.56559483249826e-16,4.91955334874651e-16,4.62346953253401e-10,2.21047955638246e-16,-3.77530922517387e-09,-9.58273144919531e-18,-1.04879589830444e-16,-2.28008943506082e-16,-7.25156736372469e-17,1.82747045472815e-16,-2.6006775959737e-16,8.30179354609909e-16,-1.11656543094988e-16,-5.71643080352258e-17,-1.75368474149587e-16,1.73105021334497e-16,-1.37112988738277e-16,3.35577303251335e-16,3.51326731712001e-16,3.33213658094765e-17,-6.9095446401519e-17,-1.07117258278394e-16,-5.82215514505354e-16,2.74945649501384e-16,-1.76633341739182e-16,1.22363057186714e-15,-3.25842383364143e-17,-1.61307791589816e-16,2.69179490878835e-16,-4.45141968331877e-17,3.52024971303629e-11,5.64380065933506e-16,-1.73415412294018e-15,-3.596530039584e-16,5.3958190644194e-16,-1.15369790298782e-16,-2.96114012659958e-16,4.40918203897789e-16,-4.96760814611982e-16,1.4986420977587e-16,2.29328837361806e-17,-3.39485384248661e-15,3.5046203246375e-17,1.28591718275487e-16,-1.04061279384366e-16,-5.33348081195031e-17,1.41054076186775e-16,-2.27012122921778e-16,-4.55347782319678e-10,5.68003704949994e-17,5.7562955296453e-17,-3.79798417516047e-17,-4.25735668920963e-16,4.46196451293206e-16,8.75783822040789e-17,1.48121567473934e-16,-8.71110209872782e-16,-1.07491231675774e-18,9.69807761903042e-11,1.09582873630773e-15,1.0438330531961e-16,8.14452863021814e-17,2.23791822787105e-16,-1.21271373531997e-17,3.73826712282977e-17,-1.54732373696951e-17,2.02480964155731e-16,2.92266629368627e-16,1.98970359949997e-16,-2.14226065391376e-16,2.11788796167235e-16,1.88801847620758e-16,4.91839639131563e-10,-1.69622736095555e-16,7.98891177966281e-17,5.80887269159292e-16,3.07588156334138e-16,-1.48400904057354e-09,6.83676817956481e-17,-3.7446468561786e-17,-1.81825356305924e-16,1.02889871939866e-16,-4.8609606129473e-18,3.3300258677769e-16,-2.52928858065715e-16,-1.86233493330197e-16,3.76934374181926e-17,7.09022966979321e-17,2.59127380562915e-16,-1.14431470978226e-16,1.43188922272255e-17,1.68427529478536e-16,-1.30967134819126e-16,-7.40116281456032e-17,-1.28293974230575e-16
"t386",-0.0421599679439022,0.0353178731445203,-0.0575692311264788,0.0240509478378593,0.00494221466898419,0.00045898311476296,-0.00861681797431053,0.141591193946913,0.00014421823514924,-0.000485685985176203,-0.000215446273233416,0.00897036093710598,-0.0137828138909297,0.00190490524097196,-0.000391940656564879,-0.0359693260265785,0.000561366456978014,-0.000670416787901611,-4.96465590764817e-06,0.000130369137023262,-0.0781668635892783,-0.000778058839738295,1.40419645649098e-05,-6.82998613896557e-05,8.27556730019149e-06,1.18677792407456e-05,-2.17245492237461e-05,2.6363468309092e-05,-0.000892825658730827,0.00102609124314867,-3.45731478967537e-06,6.4205693458062e-06,-0.00231473108672389,6.33340379617516e-06,-3.98380268973709e-06,-8.08918913404168e-06,-0.000339842231346197,2.61299623420928e-06,2.20603542315465e-05,6.66048802338686e-06,0.000445546404511881,-8.10519217767088e-05,0.00096269898862466,-0.000116802931438525,0.0549101366454187,2.67365355483027e-05,-2.39456110170396e-05,0.000408376220764736,-2.21074965609958e-05,3.05047091589333e-05,-0.000136974201265238,1.05435668465633e-05,-1.44053618213139e-08,0.000247362826266447,-8.26175255580121e-07,8.01188006171029e-06,-3.00966166456936e-10,-3.48923246454023e-06,1.31300329756489e-06,-3.29373639070176e-05,-5.89995321516708e-06,7.65872750422139e-07,-2.68495541623981e-05,1.45249153123447e-05,-1.15315394788434e-06,2.9193060929753e-05,-2.05455121171681e-07,7.59395908145648e-06,-2.11701451777041e-05,8.59023207512819e-06,-7.6365480211835e-06,0.000166019767302081,-1.11140522305615e-06,-6.51665293313249e-05,2.88813258214724e-05,7.27618334888678e-08,-0.00135700002016882,2.04270379683675e-06,-1.1433055057549e-05,-1.42972239452402e-05,4.59891382431135e-06,7.02327821218488e-05,-1.00935169641401e-05,-6.65538980814934e-05,5.02446303245623e-06,0.000905771308718687,-0.000287164760205146,-4.41015903358383e-06,-1.70007298728236e-06,0.00187044001367029,-1.70165976829976e-06,1.10037987658723e-05,1.20227684705527e-05,-0.00118777386699073,-6.01395199757694e-06,-0.164480055965019,0.00691409708243806,-0.0260265569021844,0.000324324259939548,5.50435029241637e-05,8.54041075398808e-06,-4.02821030590472e-06,1.10513007091645e-05,-1.62970171939958e-06,6.75905516162167e-07,-7.32671025085751e-06,3.26502916947323e-05,-8.51438775191423e-06,4.81837715562059e-06,-8.98141170691663e-06,-4.82137041199263e-06,-1.0621571931872e-05,2.31964210537104e-05,-1.70038882420723e-05,6.36033150316322e-08,-2.24891807291485e-06,3.20174641836333e-06,-3.08908982313692e-06,2.87707492474904e-06,-6.68047072160364e-06,3.14459090543266e-05,-5.25468929461547e-06,4.73674860085406e-06,1.30111276475834e-05,-3.2454036216901e-05,5.0003869939388e-05,-3.75972514454859e-05,1.15414054263892e-06,-2.15208059503954e-06,-7.10066683696739e-05,1.18493428830067e-06,-8.37870907630297e-06,1.13469018490119e-05,2.58744142120735e-06,-0.146328605159465,1.87103461410853e-05,-4.43708838914701e-10,1.16560463193165e-06,-4.51989656893159e-07,1.29919608841054e-06,8.23500618180305e-08,3.16779523402309e-06,-6.11076906607254e-07,-4.01623667199806e-08,-9.70444980977956e-07,7.27817214341018e-09,2.85934532594726e-07,-3.43604140878595e-08,-2.09570509331144e-09,4.67444081658366e-09,5.14581162574889e-06,1.876803066034e-08,1.53355405933398e-05,-1.19870841648645e-07,1.67714522783333e-08,1.18367697151447e-09,-1.48187193950892e-08,-3.01417668955566e-06,-1.86700642330191e-08,-6.42110901390507e-09,-3.76189268068986e-06,7.58284533302239e-08,-5.13917056416852e-08,-6.93595434709611e-06,9.76715409612394e-07,-4.15226376511191e-06,1.06648219515767e-06,1.8607768702606e-08,9.3009806154218e-07,1.34258645218194e-06,-1.75231228392951e-05,-4.19589815701722e-06,3.31657199148982e-06,1.71634491151937e-07,3.55760528481365e-06,8.38585738777775e-08,3.40131354441731e-07,-4.44587237446138e-06,-1.92180288563658e-05,-0.0102056399506938,-0.000470259458950047,-0.000237161641914221,4.52981124668953e-06,1.20676568041487e-07,4.03945541079921e-07,5.45566767857139e-07,1.0687111256175e-05,-3.87233454080293e-06,-1.85612116914747e-05,0.00327825914852833,-6.32656590567372e-08,2.58049763532108e-08,5.60755610288022e-08,1.72031888767405e-10,-1.01329283106056e-09,7.74225713837559e-09,1.5235068606317e-08,6.50366952160019e-07,-9.73229418588055e-09,-3.29499461397598e-09,-3.22205052329135e-09,-4.32177815978465e-07,5.28824141961412e-11,1.37916033031367e-08,2.96421343319245e-09,8.66786476997997e-08,7.01575963027699e-10,5.54654218931465e-07,-3.74840744028968e-08,-2.82843535082965e-09,-3.67090803546114e-07,8.89213731152645e-07,-3.01823092350568e-06,-5.71823948242397e-08,-1.75569525410514e-06,-4.78460167393142e-08,0.00214444193362729,-7.67374228123496e-09,-4.21181366514955e-09,-2.543177330595e-08,-1.39420796766654e-07,1.18445238622411e-06,3.03073582415717e-08,8.06267308941346e-08,1.3921646432663e-09,3.91564339653287e-09,5.02317051404733e-08,2.30221540738219e-08,6.84941295899426e-08,1.0317889890885e-07,-3.815996309795e-06,-8.21536227174425e-07,-8.79329256601196e-08,-1.62235254873964e-07,2.98847331432277e-08,0.353650909938443,-3.37105353971714e-06,2.3801616982285e-15,-2.99680409689343e-07,0.000147273196800675,-4.98559174498037e-07,-1.73337648552596e-05,-2.7341522366187e-05,0.0491930534836336,7.36099115266356e-08,-1.37064676817875e-05,3.14409759643546e-09,-6.64224882465795e-11,-1.10635637870249e-09,1.97555209304753e-07,-8.1962991109596e-09,1.22180115445378e-06,-7.78284975420418e-08,3.73133626502139e-07,-2.68738610063727e-08,1.82030510379049e-07,-4.50474220957136e-07,0.00039844621056109,7.80179277342482e-08,-1.69037423232606e-08,4.11754496141525e-07,-8.22761452585669e-08,9.32109816765467e-06,-4.854703067017e-06,5.18746895457578e-08,-1.77978534947143e-08,2.55894600245059e-08,1.81948091392825e-06,-4.17905260159847e-06,2.92531647832027e-08,1.19930546284524e-08,-2.83835490898057e-08,2.50210393134898e-06,-6.67716787522221e-05,2.66583467832564e-06,-5.13769414056753e-05,0.0123653606946554,3.41621256492324e-06,-2.23515999450707e-06,6.63915636786357e-07,-3.1256391044461e-07,3.06390331511207e-17,5.14096394155475e-07,1.68202620032738e-08,1.35770436114307e-10,8.73007300504429e-07,-1.23429513090825e-08,6.92559414286988e-09,2.34897424763677e-05,-4.01307899819223e-07,7.26547632846814e-08,-1.88342639857233e-07,-5.77594963528307e-09,2.97934729578316e-09,-3.46010832940118e-08,3.87641123659308e-08,-6.53496010260618e-07,6.8661094683651e-10,3.16996691888298e-07,2.15111045113605e-10,1.18594852845306e-09,2.93248617372762e-08,-3.86769415662302e-07,9.49437348677251e-09,-3.82697973038917e-08,5.44365940612242e-08,-2.00681728107386e-07,1.41869995618183e-08,1.29141455428697e-08,9.98080555010537e-08,-1.69438249735694e-07,-1.40041317647354e-08,1.17495806704982e-07,-7.88404464488182e-08,1.96917710924828e-09,1.86382388706739e-08,-3.7459138595608e-08,1.03881463771208e-16,1.33762285625659e-10,5.71938334421593e-07,-4.00862254257696e-07,3.89200919840665e-08,3.48419790752719e-08,1.02374989406473e-08,2.39900360633039e-08,-3.5507651825637e-07,1.3499865421011e-07,5.59391798162423e-16,-1.08753449823477e-07,-1.33385848453392e-09,-3.77791576264982e-09,1.25868312145277e-07,2.93717193341472e-08,-2.01797897318775e-09,-7.91822507651301e-08,2.14942889412881e-08,-7.4179560944692e-07,1.4637782978595e-07,-3.06257182784912e-08,-5.63935116826482e-08,-3.01760150690249e-09,-2.29835038543331e-08,-5.83105265967142e-08,2.48870501293712e-07,-6.5412538079105e-08,3.52690875822566e-16,-6.21184076818515e-05,8.78310193863489e-07,3.26807448856112e-09,0.0166930103310756,5.45238111519055e-08,-2.76070808157822e-07,1.04753479912362e-06,-3.85910408378607e-06,-2.82908524802755e-08,-2.01472775778951e-16,-5.563295037563e-08,-1.58041121162634e-07,-8.03510134022487e-08,-1.16793991176648e-17,1.75864577452844e-07,2.39174310242738e-06,-3.73271378441551e-07,-1.60927658154767e-07,-5.91667302512822e-08,-3.45052236793377e-08,-1.33314677027347e-06,5.06101965436958e-08,5.64395158534611e-07,2.38513063529836e-07,3.03511931454507e-06,0.0179851809924767,1.25721790221923e-15,1.73897896363349e-06,-8.59140658044431e-08,-3.54090192888005e-07,1.86122841913669e-08,4.49577922698896e-18,1.26037722593032e-09,7.91202294732384e-08,-5.21979479514362e-09,-5.42808521654837e-09,-1.72405556609084e-08,0.000975549887145746,-1.33975240769596e-07,3.15902756157426e-08,-6.21438347153241e-16,1.33349519016601e-07,-1.34970818743791e-06,5.0709495486756e-07,1.732652219516e-07,-1.76385631546894e-08,-1.19158996877997e-10,-8.89913143176102e-16,2.00825468892159e-16,-1.18969953135356e-10,-8.18820511561829e-07,1.08276702795757e-07,-2.12368021665051e-08,-7.22042426513533e-17,-1.05132024807827e-08,-1.26274537117692e-10,-4.78118735097771e-16,1.31253219299948e-16,1.46671284100981e-16,2.8090663708647e-08,8.33177691414264e-08,-1.2276366167723e-07,7.3627905959561e-08,3.67689310032119e-08,7.68856127527843e-08,-2.32745389152863e-07,-1.79526125093789e-16,-5.26795342475488e-08,1.94215337982491e-07,1.96559527088783e-16,2.0947881203272e-16,-1.00522320231176e-07,-7.98295998663865e-12,-4.84615600750111e-07,5.41261221782778e-08,0.00370151670141079,1.2871091538016e-09,1.17893755816675e-15,-4.05901198358079e-09,2.53623393984738e-16,-2.70892557324846e-08,4.33382713396768e-16,-4.06303393363724e-07,-2.44552641813759e-16,4.47403947434346e-08,8.08334452291092e-08,3.98004287259389e-09,5.27730019377513e-08,1.82422398008066e-07,-1.59477059683168e-07,1.35969492631855e-07,6.92405066058993e-09,3.36881559231066e-08,3.12293901528303e-09,3.71238859258572e-07,-1.40944107749581e-07,-3.51342995622853e-08,-2.87485548511944e-09,-5.17783533285762e-07,3.69293277380155e-16,6.53508939994341e-07,-1.13973979754602e-07,1.16074794180772e-08,-9.7308806920439e-17,1.5508445113888e-09,4.26312888046574e-08,1.53446514073727e-07,6.63721069071491e-16,-2.59173992332875e-07,-2.00863572877818e-08,-3.88796662397569e-16,-2.67198328106144e-08,1.72318006936285e-05,5.49751454438173e-16,1.7770422373411e-16,-1.59188770958973e-08,-1.23370564302519e-08,-7.08980830478402e-11,-9.93008247243713e-08,2.69182811038155e-08,5.50269327485772e-08,7.6602822958442e-09,9.6305515382878e-08,-1.671798917934e-07,-2.0926728232229e-15,2.41190761839933e-09,2.39844666658933e-10,6.65603058553055e-10,6.27133198086181e-08,-3.6561090106944e-16,1.10624310592618e-16,2.08233878924061e-08,1.59033588258337e-16,4.60612253800602e-16,1.39462573202419e-07,-1.57548300707307e-07,-2.03975824328943e-07,-1.74537128055924e-09,5.31521480761199e-06,1.16740612655563e-07,5.27065146674005e-09,-2.41129442422912e-16,1.36077172273867e-08,6.44513435532216e-10,2.97129832542616e-09,-2.13127011505213e-07,8.79536799708401e-07,5.53930018385653e-18,-7.40829576161407e-16,2.23960346564811e-14,-1.18952926285489e-08,-4.10655209574738e-08,-3.4515119085585e-08,-1.40919569842344e-15,-3.273516746227e-08,-6.7017473271087e-15,-9.2012596058348e-16,9.39104995238829e-07,-2.06812217687318e-08,3.42911463113715e-15,-5.41089393776177e-08,-2.01689111346771e-07,4.44251098722111e-15,9.49358783327015e-08,-7.73042783619339e-16,2.87726874545789e-08,-1.12236468957964e-15,2.9073364590201e-08,2.54196383452125e-07,6.46343913531647e-08,8.9031752186412e-09,6.3513997604719e-08,-1.94986318614027e-06,1.43219009120427e-07,-3.4954042332494e-15,1.84468126444647e-05,-9.2959471490421e-07,-7.59115301932813e-15,-1.17550203412763e-06,-9.47465382256963e-07,0.416072982951191,1.23455618906623e-15,-1.89755839418872e-07,-1.43224189350682e-06,-2.00794803693726e-15,4.14689271234346e-07,8.34259259026083e-08,2.22870878141067e-08,-4.31177456533606e-15,7.29656814341385e-16,-3.36806246760335e-08,-8.5714911387986e-09,-6.69013882751213e-10,4.94509122873203e-08,-2.27121630462928e-09,-7.69246530920782e-16,-8.26499623767402e-16,-7.74656556770095e-09,-5.29428759931369e-11,-1.36884044551495e-15,-1.65634615822903e-08,-6.07415363531739e-17,-5.32463306976054e-08,2.44921189916203e-09,1.41624532493213e-09,9.01659486954017e-09,-1.54040682778266e-15,6.56328498259572e-16,-1.16271766270116e-15,-1.22157679193582e-15,6.61712547731024e-09,0.00271927260020821,-8.9922115903738e-15,-3.43728468809346e-16,2.42642147010263e-17,-5.86851380603613e-10,0.115964276710838,4.70518605305432e-09,9.04474758239965e-16,-1.45584499317009e-14,-4.73958979702038e-16,5.19928535903818e-09,-9.48211580081752e-10,9.09204430116288e-16,5.83874650958176e-06,-7.27857111785147e-09,3.61036643730852e-16,6.3849073872354e-16,-1.6088612487676e-09,-1.72740238309278e-11,-1.13696767296312e-09,-1.26189389611674e-15,2.00283279025909e-09,3.72800317380641e-09,5.88937745850408e-09,-1.23336540539761e-08,-6.67203775764759e-08,0.31140172840962,2.75381406001579e-14,-4.5092199091673e-15,-5.29008118124452e-15,-8.02887215235797e-08,9.41652539911436e-09,3.92072122461671e-10,4.52144323126656e-12,-1.38588130582477e-15,-8.47813675843995e-16,-2.23348239603666e-15,1.03037449185653e-15,-1.40881373784028e-14,5.91891424877381e-09,-1.48372785506738e-15,-1.50220058274206e-15,-1.81097752987943e-10,2.70555224803448e-15,-1.64022224216576e-10,7.41725606269471e-16,-2.07303641973385e-10,1.96335124550973e-15,-3.35602518095326e-10,-4.4309634487036e-11,-1.19011133785498e-06,1.77094122923296e-16,1.64436709338895e-09,-8.53459933657821e-17,2.6867403228826e-09,-3.75937979952114e-08,3.02229989059915e-11,-7.73092634359609e-15,4.61941577916164e-09,-3.2216794357409e-15,-1.2123798630939e-09,-6.86368959209026e-09,-8.76123744199147e-15,-9.56540713611031e-17,-9.26490213974907e-15,-1.3397834853368e-15,-2.41664966578823e-11,-3.18477633169278e-10,-7.20707761645896e-11,5.41806277428015e-16,-1.08732263294567e-14,-5.60309232353615e-09,3.41537921825629e-07,-4.42283270847299e-15,4.49590054549666e-15,-3.72196933239281e-10,2.98268450678334e-15,-2.67086727392588e-09,0.707106781135619,2.6093821716076e-08,-2.69393959913395e-15,-1.17212938446156e-13,-1.45583946403296e-14,1.04957195954793e-14,-4.22705499599719e-16,-1.59214564173073e-14,2.75412273612385e-08,-1.92755603251415e-07,-5.79818179881963e-15,-2.52584027886321e-09,9.68421486087129e-09,1.14499188385683e-14,2.36543989263967e-16,-4.52774196528593e-15,4.18245715969928e-15,9.86119236034127e-10,1.5884325274507e-10,-2.51503652416168e-15,1.87232945910469e-15,-1.81800275292815e-09,-6.49174852884558e-09,-6.81713270329736e-10,-1.93185002908982e-15,-7.06139621921553e-16,-1.51040055552945e-15,-3.77186582785815e-15,1.21285933419344e-15,3.01592498978533e-15,4.05234133088012e-09,-3.85031690159108e-09,-7.43689060113747e-10,-1.77988262639433e-15,7.36017635119241e-16,-2.27528647808862e-15,-5.23391101906045e-15,-7.43104678997278e-16,-7.97235956043729e-16,-2.07491324836116e-15,4.75936620443163e-16,4.19400807922152e-16,-9.45289470020825e-16,1.29403899541602e-15,3.97772867115607e-15,-1.15164158457394e-15,6.44077822859755e-16,0.000804493127410067,-6.50097774912482e-17,6.79289223782523e-15,2.22142231403163e-16,4.18090019935672e-08,-7.33250701070483e-11,-2.38201328668217e-15,-8.13047360081631e-09,3.92388441717644e-08,-1.59048431127236e-16,4.70879012998381e-16,-1.1109968931273e-08,-1.9825545644381e-15,9.94842983628281e-10,9.25481890686093e-16,8.3082567368156e-17,8.38470315390745e-16,-8.8966357992799e-16,1.4388267864967e-10,-1.97846287931184e-08,-1.50216881205321e-14,1.88491970699382e-15,-2.14758268068641e-16,-1.80081055607855e-15,-1.43537525615356e-15,-7.55754941400323e-17,4.13115909351653e-16,1.90932315961214e-16,9.73420654475865e-06,-9.88010331847087e-16,3.53469332930037e-16,-7.21699802734195e-16,-9.62395938964758e-16,2.01151814002945e-16,-5.5062633946488e-16,-5.05334853736745e-09,1.1658334814811e-16,-3.441926067767e-16,3.77556172705476e-09,1.14601396659621e-16,-1.19729791974344e-16,-4.27417515499796e-16,2.04052403045708e-15,2.22562135367615e-08,7.84744513060135e-16,-2.38887414600341e-09,-1.58599859362074e-15,-1.0719462013605e-15,9.0722637737909e-16,3.30069681303688e-16,3.53701417698784e-16,3.1830271980487e-15,8.70151739869756e-11,-1.44308247284809e-15,8.26951406898046e-17,2.54263031986293e-08,-1.09312777532674e-08,2.17421229482002e-16,7.6965597596634e-09,1.12903375341737e-09,-4.28218208530021e-16,1.25613352867962e-15,-6.33079712369227e-16,-4.69583563019649e-18,6.01613501785466e-16,-1.93922568710206e-09,3.58653527325012e-16,3.27355869613003e-16,8.53033048460419e-16,7.80637842589448e-10,1.57472509816668e-15,2.05185729077539e-17,1.62899963878468e-16,-1.09171965429623e-16,-3.58197631400309e-10,4.99031335501897e-16,7.45410061108016e-10,-3.15005659939288e-16,9.34151287646473e-17,-2.60841107119599e-16,1.19839928039965e-17,-1.7489868357949e-16,-1.52965770043518e-16,-3.55754175344273e-16,-1.69211804891352e-08,-6.72530703370312e-16,2.72976332544648e-16,5.51176840989771e-09,-1.10081954839338e-15,1.41878212492432e-16,4.8177289017467e-16,-2.12778942768666e-16,3.70725980193436e-16,1.22560582960231e-15,-5.83812586742726e-09,-5.19753958534563e-16,2.59253018121037e-16,1.20390254321271e-08,-5.9874796066462e-16,1.42610361521544e-16,-1.58983465354532e-16,-4.23789568926297e-16,6.67498553120742e-16,-7.26145846728863e-16,-1.5738050299319e-16,4.61996308889159e-17,-3.99886908143815e-16,2.01155152276232e-16,1.45673771155131e-16,-6.39808054350103e-09,2.74964275737704e-08,1.46898193776226e-15,-2.38306662991478e-16,2.87920533772912e-16,2.54546849730743e-16,-1.57187630966948e-15,7.29320542164113e-18,-1.07984353227752e-15,-2.10183149390668e-16,-2.68981531573423e-10,1.65177939140126e-16,7.76444226153588e-17,-9.59441439270887e-17,-2.28445699615704e-17,3.46683579541959e-10,-6.90842139310704e-16,-2.84597134871216e-09,8.26641107466851e-17,-9.74521858865197e-17,5.61236168703097e-17,2.14116487580878e-16,-4.16563356914639e-16,2.49604895886235e-16,7.672735462279e-18,1.79533561417599e-16,-2.64013012732187e-17,2.6846290125145e-16,7.03139826266686e-17,-1.62345059610131e-16,-6.11173523697165e-16,-1.53707245852468e-16,-1.42152985431088e-16,5.5075404793563e-16,2.12709409860754e-16,3.94143178032143e-16,-1.54954759721715e-16,1.00276309570318e-16,4.76506854807379e-16,1.98320749182003e-16,5.55598378947862e-16,-2.41105090998572e-16,-2.43900578049907e-16,2.7021920903788e-11,-3.43668712607024e-16,4.09408588825548e-16,1.04056975634674e-16,-2.7586299670493e-18,3.99305977644929e-16,4.93364189916908e-16,-1.84709507601578e-16,-7.39426318251003e-16,-5.8846760587543e-17,9.56993105106204e-19,1.12654026732106e-15,4.25762891722512e-17,-7.98566415165088e-17,-1.49365068894068e-17,9.84054660900522e-17,-2.13621253648075e-17,2.22558243068218e-16,-3.53421533828912e-10,-6.15304355903647e-17,-4.23818380037153e-17,-2.70512816790265e-16,2.64776627394286e-16,-2.82111545537089e-16,9.47834839615291e-17,2.14232966311255e-16,1.66141330949902e-15,2.08949398803734e-16,7.60681739936546e-11,-2.58139386177834e-16,-5.09437527989629e-17,-9.98608178239314e-17,-3.12880620396186e-16,-7.01137775546695e-17,2.57347276716132e-16,-1.52061756144202e-16,1.57068395223199e-16,2.32823226842636e-17,-7.1369023376959e-16,2.66576951391291e-16,-3.28709783913211e-16,6.75239717224863e-18,3.89568939856704e-10,2.56393633490257e-16,1.4048477404929e-16,4.47470177956009e-16,-3.60171961699685e-16,-1.18050154004406e-09,-2.83007555481106e-16,1.76490186580413e-16,2.74219100522131e-16,-1.07394502284808e-17,-1.03751855878448e-16,1.14697582167118e-16,7.92347503021406e-17,1.37946952985355e-16,-7.42594370536435e-17,1.91526490641818e-16,-2.56373936213404e-16,1.63422700330397e-16,-9.80230434388967e-17,-2.5569415814102e-16,1.0170709965431e-16,2.82999106092877e-16,1.14717503394107e-17
"t755",-0.0421599679439006,0.0353178731445175,-0.0575692311264741,0.0240509478378567,0.00494221466898353,0.000458983114762888,-0.00861681797430914,0.141591193946888,0.000144218235149206,-0.000485685985176083,-0.000215446273233352,0.00897036093710253,-0.0137828138909242,0.00190490524097119,-0.000391940656564718,-0.0359693260265625,0.000561366456977754,-0.000670416787901274,-4.96465590764915e-06,0.000130369137023196,-0.0781668635892348,-0.000778058839737783,1.40419645649077e-05,-6.82998613895846e-05,8.27556730019767e-06,1.18677792407372e-05,-2.17245492237272e-05,2.63634683090754e-05,-0.00089282565873015,0.00102609124314772,-3.45731478964073e-06,6.42056934578459e-06,-0.00231473108672142,6.33340379611891e-06,-3.98380268969052e-06,-8.08918913404179e-06,-0.000339842231345754,2.61299623462759e-06,2.20603542314333e-05,6.66048802342253e-06,0.000445546404511254,-8.10519217764095e-05,0.000962698988623269,-0.00011680293143821,0.0549101366453374,2.67365355482827e-05,-2.39456110171507e-05,0.000408376220764072,-2.21074965609526e-05,3.05047091588856e-05,-0.000136974201264979,1.05435668466481e-05,-1.44053618877992e-08,0.000247362826265943,-8.26175255704342e-07,8.0118800616846e-06,-3.00965854920653e-10,-3.48923246441211e-06,1.31300329743308e-06,-3.29373639069363e-05,-5.89995321517606e-06,7.6587275041846e-07,-2.684955416232e-05,1.45249153124935e-05,-1.15315394790834e-06,2.91930609296769e-05,-2.05455121360759e-07,7.59395908138495e-06,-2.11701451777275e-05,8.59023207488125e-06,-7.63654802129744e-06,0.000166019767301417,-1.11140522294592e-06,-6.51665293309676e-05,2.88813258213031e-05,7.27618336433998e-08,-0.00135700002016409,2.04270379686237e-06,-1.14330550577648e-05,-1.42972239450467e-05,4.59891382440207e-06,7.02327821214736e-05,-1.00935169643201e-05,-6.65538980815386e-05,5.02446303223725e-06,0.00090577130871476,-0.000287164760203894,-4.41015903362941e-06,-1.70007298732191e-06,0.00187044001366236,-1.7016597682494e-06,1.10037987657301e-05,1.20227684704058e-05,-0.00118777386698497,-6.01395199750644e-06,-0.164480055964231,0.00691409708240495,-0.0260265569020574,0.000324324259938061,5.50435029238649e-05,8.54041075382066e-06,-4.02821030584133e-06,1.10513007089508e-05,-1.629701719487e-06,6.75905516224042e-07,-7.32671025067187e-06,3.26502916942449e-05,-8.51438775195668e-06,4.81837715543564e-06,-8.98141170691669e-06,-4.82137041193608e-06,-1.06215719317376e-05,2.31964210534851e-05,-1.70038882420578e-05,6.36033151162952e-08,-2.24891807331496e-06,3.20174641834006e-06,-3.08908982302855e-06,2.87707492470048e-06,-6.68047072162189e-06,3.14459090537887e-05,-5.25468929453938e-06,4.73674860131078e-06,1.30111276473949e-05,-3.24540362164053e-05,5.00038699392062e-05,-3.7597251445599e-05,1.15414054227499e-06,-2.15208059491755e-06,-7.10066683693456e-05,1.1849342884224e-06,-8.37870907598961e-06,1.13469018489049e-05,2.58744142177902e-06,-0.146328605158426,1.87103461409109e-05,-4.43708755651925e-10,1.16560463194816e-06,-4.51989656913873e-07,1.29919608872411e-06,8.23500617057826e-08,3.16779523381867e-06,-6.11076906635123e-07,-4.01623669779684e-08,-9.70444980848784e-07,7.27817239521867e-09,2.8593453254069e-07,-3.43604138601087e-08,-2.09570516463303e-09,4.67444096578514e-09,5.14581162552419e-06,1.87680306160908e-08,1.53355405931133e-05,-1.1987084136884e-07,1.67714522863416e-08,1.18367668557239e-09,-1.48187193942485e-08,-3.01417668968632e-06,-1.86700641258702e-08,-6.42110890823971e-09,-3.76189268053661e-06,7.58284533759467e-08,-5.13917056414149e-08,-6.93595434712466e-06,9.7671540903993e-07,-4.15226376517459e-06,1.06648219516908e-06,1.86077689334925e-08,9.30098061671745e-07,1.3425864525395e-06,-1.75231228391753e-05,-4.19589815706794e-06,3.31657199146488e-06,1.71634491178895e-07,3.55760528485448e-06,8.38585735636283e-08,3.4013135444424e-07,-4.44587237412514e-06,-1.92180288564418e-05,-0.0102056399505857,-0.000470259458944723,-0.000237161641911333,4.52981124660096e-06,1.20676567975494e-07,4.03945541087429e-07,5.4556676777407e-07,1.06871112557608e-05,-3.87233454078269e-06,-1.85612116913914e-05,0.00327825914849138,-6.32656590132734e-08,2.58049761870443e-08,5.60755610413625e-08,1.72031862358875e-10,-1.01329262421217e-09,7.74225707530435e-09,1.52350680838946e-08,6.50366952204705e-07,-9.73229456061856e-09,-3.29499477200375e-09,-3.22205052473786e-09,-4.32177815984227e-07,5.28826610508234e-11,1.37916033424706e-08,2.96421361158728e-09,8.66786477191696e-08,7.0157594108944e-10,5.54654218610107e-07,-3.74840747051267e-08,-2.82843525745345e-09,-3.67090803476963e-07,8.8921373145255e-07,-3.01823092370084e-06,-5.71823946303837e-08,-1.75569525429859e-06,-4.7846017050636e-08,0.00214444193359525,-7.67374254219031e-09,-4.21181391562147e-09,-2.54317731374202e-08,-1.39420796856469e-07,1.18445238655536e-06,3.03073580994395e-08,8.06267310879993e-08,1.39216458708745e-09,3.91564391852393e-09,5.02317048171593e-08,2.30221540938738e-08,6.84941297770012e-08,1.03178898924966e-07,-3.81599630968197e-06,-8.2153622719772e-07,-8.79329257053446e-08,-1.62235254899643e-07,2.98847332978631e-08,0.353650909932344,-3.37105353955261e-06,2.30890661090549e-15,-2.99680410207843e-07,0.000147273196797717,-4.98559174420478e-07,-1.7333764854844e-05,-2.73415223654641e-05,0.0491930534827364,7.36099115912513e-08,-1.37064676823457e-05,3.14409779077056e-09,-6.64226290014051e-11,-1.10635630897293e-09,1.97555209330248e-07,-8.19629919688806e-09,1.22180115380168e-06,-7.7828497492745e-08,3.73133625632874e-07,-2.68738605723124e-08,1.8203051026532e-07,-4.50474221043321e-07,0.00039844621055375,7.80179281159612e-08,-1.69037423942423e-08,4.11754496107966e-07,-8.22761454080464e-08,9.32109816756271e-06,-4.85470306731246e-06,5.18746895798652e-08,-1.7797854248609e-08,2.55894600394693e-08,1.81948091392455e-06,-4.17905260152093e-06,2.92531648478231e-08,1.19930543669586e-08,-2.83835492864213e-08,2.50210393110902e-06,-6.67716787512414e-05,2.66583467830485e-06,-5.13769414043498e-05,0.0123653606943669,3.416212564908e-06,-2.23515999434674e-06,6.63915636963528e-07,-3.12563910394206e-07,-1.11351272047426e-16,5.14096394248653e-07,1.68202621901199e-08,1.35770539637833e-10,8.73007300713765e-07,-1.23429513198564e-08,6.92559404644164e-09,2.34897424763151e-05,-4.0130789986629e-07,7.26547624603094e-08,-1.88342639518414e-07,-5.77594933036392e-09,2.97934695883652e-09,-3.46010831474178e-08,3.87641132290516e-08,-6.5349601005846e-07,6.86610706453757e-10,3.16996691839726e-07,2.15111263011073e-10,1.18594866812335e-09,2.93248623801751e-08,-3.86769415364444e-07,9.49437323579781e-09,-3.82697973599567e-08,5.44365938468974e-08,-2.00681727902412e-07,1.41869994294164e-08,1.29141451556616e-08,9.98080555166001e-08,-1.69438249423723e-07,-1.40041315111363e-08,1.17495806535715e-07,-7.88404460934442e-08,1.9691772161658e-09,1.86382387692452e-08,-3.74591386896221e-08,-3.00799131598128e-17,1.33762374106089e-10,5.71938334038998e-07,-4.00862253256543e-07,3.89200908696758e-08,3.48419792120377e-08,1.02374993736674e-08,2.39900357642407e-08,-3.5507651834693e-07,1.34998654238317e-07,4.90944366253566e-16,-1.08753451194657e-07,-1.33385901972816e-09,-3.77791563317787e-09,1.2586831214392e-07,2.93717193836553e-08,-2.01797890742868e-09,-7.91822508024416e-08,2.14942892002683e-08,-7.41795609624537e-07,1.46377830407474e-07,-3.06257174537896e-08,-5.63935122487942e-08,-3.01760143685585e-09,-2.29835036656819e-08,-5.83105270047364e-08,2.48870500896168e-07,-6.54125380525285e-08,2.03136914619698e-16,-6.21184076799185e-05,8.78310192938231e-07,3.26807429117926e-09,0.0166930103303848,5.45238102748877e-08,-2.76070808113502e-07,1.04753479913814e-06,-3.85910408339388e-06,-2.82908520438876e-08,1.7641750473338e-16,-5.56329506672471e-08,-1.58041121196074e-07,-8.03510132702927e-08,2.85060986005951e-16,1.75864577583537e-07,2.39174310216665e-06,-3.73271378498366e-07,-1.60927657913229e-07,-5.91667305640854e-08,-3.45052237810946e-08,-1.33314676998251e-06,5.06101968145216e-08,5.64395160196962e-07,2.38513063574004e-07,3.03511931438044e-06,0.0179851809916568,1.08506451172721e-15,1.73897896264248e-06,-8.5914066141823e-08,-3.54090193350888e-07,1.86122843146061e-08,2.25718296517403e-16,1.26037730520039e-09,7.91202301234344e-08,-5.21979465829103e-09,-5.42808641673332e-09,-1.72405564819415e-08,0.000975549887095569,-1.33975240818294e-07,3.15902751808482e-08,-3.04741361747613e-16,1.33349519053148e-07,-1.34970818797153e-06,5.07094955445787e-07,1.73265221923544e-07,-1.76385637115209e-08,-1.19159506511043e-10,8.84708972748172e-17,-1.26970254308553e-16,-1.18969779373878e-10,-8.18820511890688e-07,1.08276703180983e-07,-2.12368023620324e-08,1.68542372918525e-16,-1.05132034922394e-08,-1.26274988263905e-10,-3.75404136497591e-16,6.35361428226813e-16,4.70177626043435e-19,2.80906639545971e-08,8.33177692174651e-08,-1.22763661559322e-07,7.36279056680275e-08,3.67689304718533e-08,7.68856125058286e-08,-2.32745389205715e-07,1.82565337952028e-17,-5.26795342899691e-08,1.94215337792125e-07,1.81177243123258e-16,8.97704745371382e-16,-1.00522319950144e-07,-7.98263920447406e-12,-4.8461560195012e-07,5.41261221149516e-08,0.00370151670114843,1.28711059216702e-09,1.50392715936915e-15,-4.05901298485954e-09,1.65082913047467e-15,-2.7089255864336e-08,8.311764904817e-16,-4.06303394170349e-07,1.30839478908306e-16,4.47403944863812e-08,8.08334450942494e-08,3.98004321160768e-09,5.27730021980142e-08,1.82422397979711e-07,-1.59477059140734e-07,1.35969492938992e-07,6.92405059178394e-09,3.36881557671403e-08,3.12293940970158e-09,3.71238858064815e-07,-1.4094410752478e-07,-3.51342979392803e-08,-2.87485594301446e-09,-5.17783533983795e-07,1.687580128564e-16,6.53508939566423e-07,-1.13973979834172e-07,1.16074797285864e-08,1.76559595301985e-16,1.55084365139964e-09,4.26312891720817e-08,1.53446513879107e-07,1.5446510036926e-16,-2.59173992634003e-07,-2.00863573613167e-08,3.50424642218968e-16,-2.67198326940501e-08,1.72318006914353e-05,7.22682885517068e-17,-7.05550246558015e-16,-1.59188773637193e-08,-1.23370570864544e-08,-7.08981844217008e-11,-9.93008246211924e-08,2.69182817005232e-08,5.50269326461945e-08,7.66028215959778e-09,9.63055144312414e-08,-1.67179892272953e-07,-2.95716142545421e-16,2.41190789727861e-09,2.3984481371978e-10,6.6560250086063e-10,6.27133201507842e-08,4.91808384072119e-17,6.95240121222173e-16,2.08233866527796e-08,2.76357705368852e-16,3.78447877176497e-16,1.39462575829443e-07,-1.57548300739245e-07,-2.03975824292388e-07,-1.74537228158247e-09,5.31521480738892e-06,1.16740612491895e-07,5.27065102403586e-09,-6.21326332248377e-17,1.36077164420923e-08,6.44512927822413e-10,2.97129781440474e-09,-2.131270117055e-07,8.79536800352463e-07,-5.19561481172607e-16,-7.9402387686306e-16,2.61198767338263e-14,-1.18952919088766e-08,-4.10655208129519e-08,-3.4515119004477e-08,-3.15648082409939e-15,-3.27351678759744e-08,-3.17603028240319e-15,-1.66861650593535e-16,9.39104995118973e-07,-2.06812218608013e-08,2.81350463759988e-15,-5.41089387254554e-08,-2.01689111463325e-07,1.86017858158052e-15,9.49358782032529e-08,6.95860313740881e-17,2.87726882612481e-08,-9.67204624245147e-16,2.90733648838285e-08,2.54196383256023e-07,6.46343909443088e-08,8.90317654870527e-09,6.35139966764579e-08,-1.94986318561099e-06,1.43219009627975e-07,-3.56482273362385e-15,1.84468126412363e-05,-9.29594715112705e-07,-6.97589528511798e-15,-1.17550203439918e-06,-9.47465382045316e-07,0.416072982881382,1.77433288958343e-15,-1.89755838862489e-07,-1.43224189312909e-06,-3.11170736275138e-15,4.14689270882045e-07,8.34259256794557e-08,2.228708797337e-08,-4.54840389619234e-15,7.54830975542923e-16,-3.36806248836506e-08,-8.57149123626388e-09,-6.69014094783344e-10,4.94509132194085e-08,-2.27121558760495e-09,8.05530652317011e-17,2.72342946883063e-15,-7.7465658272904e-09,-5.29376665711999e-11,2.14701584813097e-15,-1.65634608810005e-08,1.05791184636907e-15,-5.32463313820507e-08,2.44921198886788e-09,1.41624689063511e-09,9.01659309279182e-09,-9.43039123394226e-16,4.71655857383563e-16,4.43994385324922e-16,-8.85004029388261e-16,6.61712510921012e-09,0.00271927259953474,-1.21512775063897e-14,9.24062090852864e-17,9.37774757840067e-16,-5.86850721505332e-10,0.115964276681227,4.70518391713278e-09,1.13578023625106e-15,-1.07980302217064e-14,-1.68260045653457e-15,5.19928681442831e-09,-9.48211498316171e-10,1.81171891874449e-16,5.83874651219005e-06,-7.27857043974075e-09,1.0695412191438e-15,3.05980368464143e-15,-1.60885986473973e-09,-1.72735261548962e-11,-1.13696506674665e-09,-6.62147176960246e-16,2.00283317889605e-09,3.72800609621146e-09,5.88937416218965e-09,-1.23336520099205e-08,-6.67203820769323e-08,0.311401728290768,2.77784265543271e-14,-5.47346994672695e-15,-2.4269433781294e-15,-8.02887118863128e-08,9.41652514135912e-09,3.92071448984031e-10,4.52128869363553e-12,-1.14899001643963e-14,4.74144554276706e-15,-3.28164401799383e-15,-2.47284215585961e-15,-9.53461941362457e-15,5.91891423557432e-09,-1.08017427544777e-15,-2.27173267713804e-16,-1.810991725314e-10,6.72460453565737e-16,-1.64024426309434e-10,3.07110302872479e-16,-2.07311537558478e-10,-1.46279706740566e-15,-3.3560393502371e-10,-4.43082189564967e-11,-1.19011132678737e-06,-3.16032167354202e-16,1.64436612071059e-09,2.83736400833671e-16,2.68674053954177e-09,-3.75937991145072e-08,3.02217704846393e-11,5.02319408112517e-15,4.61941016205763e-09,1.48507118973025e-15,-1.21238061394668e-09,-6.8636873325547e-09,6.78389140708513e-15,1.26482172718181e-15,9.3598920516549e-15,1.31327649585637e-15,-2.41686671533976e-11,-3.18469858011483e-10,-7.20739460807045e-11,-1.09761271301089e-16,1.06987377072843e-14,-5.60308654327695e-09,3.41537975773361e-07,3.19625000237639e-15,-5.09842623910064e-15,-3.7221386380276e-10,-2.94015675867722e-15,-2.67084067381305e-09,-0.707106781237477,2.6093797233106e-08,2.81827743977424e-15,1.16628909553897e-13,1.49527491670533e-14,-9.88900815802181e-15,4.70084955924055e-17,1.58494619441214e-14,2.75411968160006e-08,-1.92755559514254e-07,5.70671846405659e-15,-2.52583514693483e-09,9.68422414243551e-09,-1.07719442887818e-14,2.00040434051075e-15,4.08531432015966e-15,-3.29996494611361e-15,9.86130831281645e-10,1.58840496445319e-10,2.56727317824738e-15,-1.60891620479159e-15,-1.81800333047889e-09,-6.49174633429801e-09,-6.81712902216979e-10,1.59566273154801e-15,6.76865040159504e-16,1.74473347332047e-15,7.00384676653909e-16,-1.49254409752203e-15,-3.76706378515279e-15,4.05235466890937e-09,-3.85031504367335e-09,-7.43689537534573e-10,2.05749118322008e-15,-1.51903521475666e-15,2.80145088079732e-15,4.78188181699246e-15,2.89828954034396e-16,-1.23045708868681e-15,8.74992823653051e-16,-3.60034352763776e-16,-2.53453642816514e-16,3.41885613027874e-16,-1.43930048583485e-15,-3.43093617131408e-15,8.80577023116356e-16,-2.183786053734e-15,0.000804493127896579,-1.81982594696831e-16,-4.3510400761383e-15,-4.31860067681735e-16,4.18090044994719e-08,-7.33282433691161e-11,2.84905231916579e-15,-8.13048690611624e-09,3.92388476911852e-08,-2.24844439015995e-17,3.29133355574261e-16,-1.11099702236087e-08,2.36955776826161e-15,9.94844407547855e-10,-9.68413077869487e-16,-2.18134106400477e-16,-7.70150186556029e-16,-2.49601692430452e-16,1.43881000374737e-10,-1.97846327618383e-08,-1.50318244485424e-14,-4.2664653706521e-16,1.71342460952764e-16,-2.11749637709918e-16,1.4714249783887e-15,1.32482197319014e-16,-3.86692018328584e-16,-2.90679250072192e-16,9.73420655340211e-06,8.11898165750958e-16,-1.30445855893426e-16,5.14156351217279e-16,-1.34934120309721e-15,-5.86701021201156e-16,5.33514846649506e-16,-5.05334915846614e-09,-1.79482429494522e-16,3.95046075611851e-16,3.77556213573203e-09,-2.44383957160469e-16,9.67226612384249e-16,7.34356479535721e-16,-1.57159976620444e-15,2.22562148206728e-08,-2.03061991779987e-16,-2.38887236515744e-09,2.57214451415429e-15,7.36300998986575e-16,-7.58653356926818e-16,1.32097604508858e-15,2.68743340267862e-16,2.03820339862067e-16,8.70159378840071e-11,1.33044906924022e-15,7.48807649684146e-16,2.54263023418871e-08,-1.09312776272694e-08,-2.02037916512111e-16,7.69656008760265e-09,1.1290324706327e-09,3.17035557736052e-16,-9.34209916754337e-16,7.33421133776493e-16,8.57420437201985e-17,-2.31415734625187e-16,-1.93922578181951e-09,7.03127855950466e-16,2.78160196036483e-16,-1.98028104330504e-16,7.80638428974649e-10,-4.86875081386573e-16,9.47185479673996e-16,3.57169848176849e-16,1.30251152683981e-16,-3.58197210463264e-10,-3.69199083277233e-16,7.45409851006988e-10,6.17592390792685e-16,-3.79724137532025e-16,3.5093232417504e-17,-1.44137978404656e-16,1.49151098531681e-16,1.19734919735494e-16,1.75238979259648e-17,-1.6921179872621e-08,4.43123370733152e-16,-6.80141321278477e-16,5.51176937448892e-09,-8.89882756356668e-16,1.04158219541342e-16,-1.95111770177816e-16,4.33374360327417e-16,-3.82044355873502e-16,-4.74947691553719e-16,-5.8381258643069e-09,6.5961718284852e-16,-4.19510449395118e-16,1.2039026097685e-08,1.03723284199277e-16,3.5557391522139e-16,1.77777619946044e-16,1.04337481474134e-17,-6.25335974053705e-16,7.20952084397768e-16,-3.31846019833231e-17,-1.22693685743002e-17,2.40865966705706e-16,7.98708117029575e-16,5.28919296148773e-17,-6.39808053006698e-09,2.74964292639723e-08,-1.06776014843694e-15,-1.60845251168093e-16,-3.85707394910666e-16,-8.22345979586141e-16,2.04480529730766e-16,-2.18152691737743e-16,4.37188585135052e-16,1.40399253562656e-16,-2.68982041087736e-10,-3.52071000221944e-16,8.67927848834037e-18,-3.68389677140514e-16,-6.62005071355389e-16,3.46683091768111e-10,5.15049530523693e-16,-2.84597084834739e-09,-2.12801378093709e-16,1.47674403120117e-16,3.98976396111946e-16,-1.61368736783473e-16,-1.01657584539602e-16,-1.91511676185613e-16,-5.64234094822223e-16,-8.36515107172109e-17,5.20779466344555e-17,1.52684441500617e-16,-9.0076232373829e-17,2.90013904741433e-16,4.49779126540159e-17,-2.42392205463193e-17,-1.95196082912189e-17,-8.37782620044625e-16,-1.37086593008532e-16,-5.76851316912777e-16,-2.09441242905194e-16,7.3280642286077e-17,-1.29058005601812e-15,-1.32110604324176e-16,4.86796532020178e-17,2.54126878723843e-16,2.02074520764741e-16,2.70227234133347e-11,1.49749987567712e-16,6.9000011106463e-16,7.99915853089684e-17,-3.33036738651802e-16,5.31906918836095e-17,-2.82594498702016e-16,-8.46642788488149e-16,1.34247618187838e-15,-4.43340127838628e-17,9.04465414808036e-17,1.38338776198288e-15,-1.74238829206678e-16,-9.69882104183561e-17,2.22458733846956e-16,2.67586976689228e-16,8.12280658383893e-17,-2.58579580927102e-16,-3.53422956067359e-10,3.91651880487174e-17,-2.01745680239376e-16,3.01268382763587e-16,-3.58697403200736e-16,2.9974320073756e-16,1.67414176801191e-16,1.07048562715926e-16,-7.44967390263708e-16,-7.69344497621086e-17,7.60688883394362e-11,-3.01615893294349e-16,-6.53554220213935e-17,3.95244984275142e-17,-2.26133593758253e-17,1.56195363248977e-16,-6.97420544173077e-17,1.0853164310256e-16,-2.28487407387745e-16,2.8972296379286e-16,3.88643144015573e-16,-7.32338540386073e-17,9.255261339103e-17,-9.39285931363423e-17,3.89571260402381e-10,-1.93291083441784e-16,-1.17104167262808e-16,1.71964072964456e-16,4.35198752035681e-16,-1.18050102713203e-09,7.07516052084602e-17,-3.61579260508015e-16,-5.65685166983493e-17,-2.58827133033252e-16,-8.53105715500507e-17,-3.64111527872927e-16,1.77930980119414e-16,1.95077273362845e-16,1.57092847164912e-16,-1.21648514952324e-16,-9.1969415456083e-17,-1.00390284071699e-16,-1.33329237999128e-16,2.11287836717395e-16,1.33350049466424e-17,2.87376762584009e-17,-2.10310019385736e-16
"t251",-0.0421504973210802,0.0353011648072117,-0.0575411163136707,0.0240352130171173,0.00493825749508161,0.00045855212658691,-0.00860856829606756,0.141444886716908,0.000144042333315574,-0.000484968254107142,-0.000215042852793681,0.00894969419746866,-0.0137501382491271,0.00190032135989385,-0.000390956733015225,-0.035873746270613,0.000559839454497281,-0.000668560403776804,-4.95059341440245e-06,0.000129968276972341,-0.0779070995919472,-0.000774944769661198,1.39826539236682e-05,-6.80097491134284e-05,8.2402792104336e-06,1.18147928785993e-05,-2.16264233571275e-05,2.62433348690057e-05,-0.000888649577658927,0.00102043750019437,-3.43702163144994e-06,6.38119806442715e-06,-0.00229953107311698,6.28988015876758e-06,-3.9550557087082e-06,-8.02625488659963e-06,-0.000337165439982993,2.59209495002226e-06,2.18827208519873e-05,6.60607659857963e-06,0.000441804420039987,-8.03550859480221e-05,0.000954301822825707,-0.000115782901969212,0.0544224464787981,2.6484298262712e-05,-2.37156279401116e-05,0.000404421229188601,-2.1888405925122e-05,3.01949189713884e-05,-0.000135538130772495,1.04314022042964e-05,-1.42517894162661e-08,0.000244678117634225,-8.16895325638797e-07,7.92142622394537e-06,-2.97253914106638e-10,-3.44519012465493e-06,1.29638494995708e-06,-3.24970646607023e-05,-5.81788899936312e-06,7.55013737731476e-07,-2.6462989026105e-05,1.43149922072245e-05,-1.13601503122925e-06,2.87483860629924e-05,-2.02157375169229e-07,7.46926395363714e-06,-2.08188999320539e-05,8.44505071937424e-06,-7.49497172980746e-06,0.000162733656554044,-1.08919147765024e-06,-6.38379657297286e-05,2.82910658960751e-05,7.12621623570853e-08,-0.00132893769033334,1.99976854365784e-06,-1.11839579689894e-05,-1.39812755910916e-05,4.49483729484289e-06,6.86352582158481e-05,-9.85539941276274e-06,-6.49668349600265e-05,4.899144665683e-06,0.000882908602577222,-0.000279829364851872,-4.29728840214711e-06,-1.65654065967789e-06,0.00182248494560512,-1.65783526939951e-06,1.07083813498136e-05,1.16987881757254e-05,-0.00115496320796662,-5.84081035028962e-06,-0.159715730296547,0.00671376666714797,-0.0252608211369531,0.000314728325891564,5.33803444070853e-05,8.27798556274662e-06,-3.90425001664922e-06,1.07106513918945e-05,-1.57569771563763e-06,6.53390272565292e-07,-7.08165551264817e-06,3.15503707761552e-05,-8.22698210474615e-06,4.65515634413727e-06,-8.67554607405439e-06,-4.65689266430954e-06,-1.0255506660225e-05,2.23960027116289e-05,-1.64014981786252e-05,6.13375739241704e-08,-2.16783708059751e-06,3.0856945089714e-06,-2.97548215239531e-06,2.76979549836164e-06,-6.42879616251857e-06,3.02543554610788e-05,-5.05160380494667e-06,4.55136330154114e-06,1.25016586839587e-05,-3.11809686106197e-05,4.80172317621965e-05,-3.61019516986823e-05,1.10773911895494e-06,-2.06289351802916e-06,-6.80630105893268e-05,1.13569225938139e-06,-8.02355392875604e-06,1.08640827374498e-05,2.47703850805128e-06,-0.140014191542415,1.79016966901973e-05,-4.24078692206777e-10,1.1130750582681e-06,-4.31111209706408e-07,1.23914186770197e-06,7.85276154056238e-08,3.02044398055802e-06,-5.82555724607335e-07,-3.82854146197059e-08,-9.25091321475629e-07,6.93487338634632e-09,2.72200435256308e-07,-3.26797870891509e-08,-1.99274070588871e-09,4.44251856492499e-09,4.89030389726387e-06,1.78326657869002e-08,1.45695780660445e-05,-1.13868839960692e-07,1.59126457069711e-08,1.12285005734184e-09,-1.40553026332067e-08,-2.85006642367582e-06,-1.76402198411211e-08,-6.06621524703077e-09,-3.55169359062284e-06,7.15820422881151e-08,-4.84737271146401e-08,-6.54147950166504e-06,9.20422218189471e-07,-3.90988963840745e-06,1.00194960855665e-06,1.74804109021064e-08,8.73729710664888e-07,1.26082661510376e-06,-1.64500086438396e-05,-3.93873460864092e-06,3.11105039988621e-06,1.60962029839758e-07,3.33474842734284e-06,7.8595965250269e-08,3.18766389381233e-07,-4.16183254265001e-06,-1.79688362015342e-05,-0.00954030369358717,-0.000439515749203484,-0.000221528498278098,4.23027050046663e-06,1.12671950997927e-07,3.77073355920425e-07,5.08919343852127e-07,9.9675031868997e-06,-3.60619549315942e-06,-1.72846727875287e-05,0.00305126505804041,-5.8803346908181e-08,2.39571366406663e-08,5.20392550996361e-08,1.59553744682909e-10,-9.39374909248688e-10,7.16791019295623e-09,1.41007930098929e-08,6.01576478232246e-07,-8.99940734118963e-09,-3.03961696748427e-09,-2.97199174385036e-09,-3.98233150332229e-07,4.86804479337547e-11,1.26651062704754e-08,2.72206635067407e-09,7.95800960584392e-08,6.43680343194556e-10,5.0864125798614e-07,-3.43310451316504e-08,-2.58645166694298e-09,-3.35259361758707e-07,8.11789035096853e-07,-2.75054264893288e-06,-5.20593177828396e-08,-1.59835747765146e-06,-4.35246175761007e-08,0.00194692305407947,-6.96429253650156e-09,-3.81467256859515e-09,-2.30012688935695e-08,-1.26034700136187e-07,1.06856454323794e-06,2.73288365317177e-08,7.26643788345448e-08,1.25264422878129e-09,3.5220659620111e-09,4.51790572098504e-08,2.06694512592358e-08,6.14275220092441e-08,9.24212996018738e-08,-3.41624239008437e-06,-7.35051869708249e-07,-7.86336927397338e-08,-1.45056103244444e-07,2.66824227579314e-08,0.315475741817407,-3.00426785775227e-06,2.4337396016947e-15,-2.66703725212826e-07,0.000131030896154144,-4.42720033323385e-07,-1.53693841598911e-05,-2.42130351389624e-05,0.0435610182002844,6.50320606800182e-08,-1.21045159832815e-05,2.77613050421806e-09,-5.85985515291947e-11,-9.7546434370667e-10,1.73996659665527e-07,-7.21545826028955e-09,1.07537878438548e-06,-6.84277744372713e-08,3.26575327753231e-07,-2.34823882167565e-08,1.58841665714203e-07,-3.91916509277491e-07,0.000346577617506257,6.77189893882338e-08,-1.46549170405133e-08,3.56368755242497e-07,-7.11700540319737e-08,8.05824844531517e-06,-4.19361878653325e-06,4.47574822290526e-08,-1.535390156159e-08,2.20085145120977e-08,1.56475609546074e-06,-3.59370787497643e-06,2.51348581539063e-08,1.03014556640014e-08,-2.43559763740531e-08,2.14666388806719e-06,-5.69410065763297e-05,2.27181634873486e-06,-4.37598250864213e-05,0.0105190903740969,2.90325861295918e-06,-1.89527180394206e-06,5.62587211169853e-07,-2.64721409644473e-07,-9.66942101285666e-17,4.34622251659095e-07,1.42166309076256e-08,1.14665233921571e-10,7.35937769142811e-07,-1.03883862645481e-08,5.82445417511878e-09,1.97475109207963e-05,-3.35719156481788e-07,6.07607904599371e-08,-1.5749631093984e-07,-4.82290352989171e-09,2.4773036682088e-09,-2.87493851650567e-08,3.21918702788201e-08,-5.41778966958263e-07,5.65499424211781e-10,2.60348527636413e-07,1.76640935121083e-10,9.73808028036438e-10,2.3908975956402e-08,-3.12682799185829e-07,7.66726472868459e-09,-3.08551305879293e-08,4.38029041951622e-08,-1.61381813903286e-07,1.13500372072244e-08,1.03276585022086e-08,7.97605901626753e-08,-1.35337881937324e-07,-1.11674809627063e-08,9.35259373415679e-08,-6.26503585003063e-08,1.56364002013061e-09,1.47811307248449e-08,-2.96265497162789e-08,1.30758377851966e-16,1.03996046107891e-10,4.43878298141378e-07,-3.10280233739319e-07,3.01230153385091e-08,2.6964422432671e-08,7.91766706610237e-09,1.85308470040871e-08,-2.73868772087276e-07,1.03808598877807e-07,2.15708128592913e-16,-8.30381765624252e-08,-1.01755690832347e-09,-2.87653702307482e-09,9.58152650860174e-08,2.22520268818442e-08,-1.52474390152717e-09,-5.96008600503517e-08,1.61360621312633e-08,-5.53655821568917e-07,1.08661356813908e-07,-2.26548829985698e-08,-4.16331175009572e-08,-2.22500552974325e-09,-1.69090601556373e-08,-4.28887418151347e-08,1.82759783205002e-07,-4.79767469796134e-08,5.65501728442732e-17,-4.51351310466432e-05,6.36916581397734e-07,2.36983468188038e-09,0.0120362173974526,3.92793767252279e-08,-1.96749166076516e-07,7.44216296169996e-07,-2.73997707549825e-06,-2.00391189484503e-08,1.83186927688907e-16,-3.92991524955025e-08,-1.11526700062508e-07,-5.64853194052836e-08,3.55393786444084e-16,1.23112046942955e-07,1.67264528353883e-06,-2.6090906098869e-07,-1.12364618492652e-07,-4.12375357019359e-08,-2.40164458430785e-08,-9.26910283835741e-07,3.50763658768306e-08,3.91016424371554e-07,1.6487869221236e-07,2.08990286706709e-06,0.0123816283278699,9.42041601543205e-16,1.18786575481522e-06,-5.86058063434441e-08,-2.4080639856675e-07,1.25987458559563e-08,-3.7940502291273e-17,8.44452573632684e-10,5.23863773808876e-08,-3.4373222380777e-09,-3.56534082036536e-09,-1.12891806912691e-08,0.000635099715801337,-8.63881558848656e-08,1.98735438381647e-08,7.14734996441061e-16,8.1986089171696e-08,-8.28123866463906e-07,3.09789538807187e-07,1.05209296431027e-07,-1.07053843762049e-08,-7.21960545691172e-11,1.01481323344643e-15,2.64341508888228e-17,-7.1358416630391e-11,-4.86743761268003e-07,6.42919684071084e-08,-1.25068250410755e-08,1.91781166109172e-16,-6.07805593809196e-09,-7.23902228813479e-11,-8.60100318471548e-17,-6.50879495818946e-16,1.01164127667188e-16,1.56673069435184e-08,4.63019178387513e-08,-6.73621972861819e-08,3.99574983187825e-08,1.99282215369534e-08,4.11707285623424e-08,-1.24454727530789e-07,2.15939700969671e-16,-2.74606970796236e-08,1.00303981682231e-07,2.54511667802675e-16,-2.68798523139808e-16,-4.99729527000962e-08,-3.93055247024855e-12,-2.35481486633017e-07,2.60641378573238e-08,0.0017510891109802,6.07119965732563e-10,-9.88690702336846e-17,-1.90692198189991e-09,-9.42516624722005e-16,-1.25778560946683e-08,2.97605364830977e-15,-1.86994610112886e-07,-1.80487798100893e-16,2.0357040556494e-08,3.66935420071632e-08,1.74990726786894e-09,2.30396976946476e-08,7.94058200322144e-08,-6.85132773529281e-08,5.77379518819381e-08,2.85904104761299e-09,1.39067843141487e-08,1.27776217143746e-09,1.49384771492186e-07,-5.54215490700905e-08,-1.35399309804265e-08,-1.08993250021959e-09,-1.94699066977623e-07,-2.08270304333334e-16,2.39383407391182e-07,-4.06638504990269e-08,3.81747815066803e-09,-1.06851765302351e-16,4.97095119412047e-10,1.31171994618375e-08,4.63587164886304e-08,-2.46972544457582e-16,-7.75516857387027e-08,-5.77701597120616e-09,6.70122493986658e-17,-7.52961357526445e-09,4.23046031171916e-06,-1.03167311321255e-16,1.27092444512065e-16,-3.67129985299499e-09,-2.82851879204787e-09,-1.5801609064129e-11,-2.137672439789e-08,5.32115431572006e-09,1.07924880268129e-08,1.4855968294048e-09,1.63180051463742e-08,-2.48467963460943e-08,1.23262944989877e-15,3.38989025483281e-10,3.33736030846988e-11,8.93302074551008e-11,8.04045575576964e-09,4.98456118889699e-16,2.45209390121232e-16,2.49642955628314e-09,-6.04982172262027e-16,5.03264781236146e-17,9.00269188379894e-09,-8.57454488703771e-09,-1.10575868761937e-08,-5.48505008101839e-11,1.50269176576875e-07,3.221385599409e-09,1.22292094127496e-10,-6.09894242464123e-17,-3.49236798970611e-10,-2.36195714067928e-11,-1.1978475321242e-10,1.25618562588557e-08,-8.31397507112901e-08,1.84303693479159e-15,1.13410380564113e-15,-5.14855710275357e-15,1.78159297619222e-09,7.19827303177339e-09,6.11856302325401e-09,4.46407419606199e-15,6.64540855022968e-09,4.93313017985965e-15,1.03111217718303e-15,-3.09955207061943e-07,6.86225292400104e-09,-1.14925430283463e-15,1.98631827047215e-08,7.83555527812729e-08,-3.07913651552564e-15,-4.12397329513614e-08,-3.48167786648292e-16,-1.42087631290679e-08,2.53405269264027e-15,-1.45194802474702e-08,-1.28054163300847e-07,-3.2880085948329e-08,-4.59097930113186e-09,-3.37592192198027e-08,1.15870468351504e-06,-9.89695436033432e-08,3.27235972887273e-15,-1.53041969778894e-05,7.86266856883071e-07,7.2149175654353e-15,1.02012014066821e-06,8.61535986256626e-07,-0.394588410987191,-1.64053532065535e-15,2.07770544785063e-07,1.6137378599092e-06,2.12149414855416e-15,-4.85418805716754e-07,-9.95172742802897e-08,-2.85305777713292e-08,3.40620387327196e-15,-1.47878942954371e-15,5.11543307907956e-08,1.40348394644363e-08,1.11268883250523e-09,-1.17496631901455e-07,5.75348210483011e-09,-5.41753189599367e-16,-6.20781467364566e-16,2.05381672935394e-08,1.4118510897512e-10,-6.48924500193472e-15,4.78481558621415e-08,-5.48805474022735e-15,1.66824345753625e-07,-8.64278860472732e-09,-5.04202619036603e-09,-3.32530914692924e-08,7.10972799430943e-15,-1.03505512357347e-15,9.60685603151047e-15,5.71914249763363e-15,-3.53409838776518e-08,-0.0150575628438177,5.35085147751264e-14,-5.13389478718278e-15,-7.16863772380937e-15,3.74311485648966e-09,-0.79123015036627,-3.95514530931445e-08,-4.09105695497065e-15,6.79045578447224e-14,3.7702832392586e-14,-2.13722396171147e-07,4.52782675225111e-08,-7.83814131110491e-16,0.000309844552020813,-2.02616685858092e-07,-6.24667167541335e-15,-8.71443561569422e-15,-2.0096219303543e-08,-2.0584743857422e-10,-9.9521810850015e-09,-3.80874423533061e-15,1.13047644155988e-08,1.66945750848485e-08,1.86612889087801e-08,-2.0600220530798e-08,-8.60264937166799e-08,0.177628073477214,2.2101782809802e-14,-8.39051880582716e-15,-3.10532519642521e-15,4.88396930771224e-07,-5.92042586164134e-08,-3.26443558029856e-09,-2.63402555452123e-09,1.74740871581333e-15,8.57907534884233e-16,-3.30512187330465e-15,-2.14113109386517e-16,-4.41649083847909e-15,8.7162308832711e-08,-1.01598496843586e-15,-5.97923923355991e-17,-2.03532136610513e-09,1.47914320475297e-15,-1.82175511134078e-09,1.08547924875006e-15,-2.25813281737083e-09,6.50074202584221e-16,-2.72415764233853e-09,-3.40829135095252e-10,-8.49971640713257e-06,-2.10972065317458e-16,1.08358018260996e-08,1.18224257357417e-15,1.53025783134045e-08,-1.84716478821117e-07,1.47661749352223e-10,-8.1379781725791e-16,2.14717376608715e-08,3.21170746027371e-16,-5.25004366975309e-09,-2.96257766326716e-08,-4.26550962586524e-16,2.80483824829608e-16,3.81494119529538e-16,-7.20756457142007e-16,-9.90367838027994e-11,-1.28823748319458e-09,-2.87298494275183e-10,1.14519272800427e-15,-5.46226032737974e-16,-2.09287859023171e-08,1.27226536335051e-06,-9.76239473694634e-16,3.9040284833462e-16,-1.29173891018804e-09,1.75953533684052e-16,-9.14103297419671e-09,1.95163261885565e-11,8.59520805475985e-08,1.799623440872e-16,1.67852465012544e-15,-1.18786662303915e-16,-5.9741476584311e-16,-1.98064550283732e-16,-9.5898308881317e-16,8.46173213457469e-08,-5.91718168495619e-07,3.15262874238426e-17,-7.58444740025045e-09,2.88204981695223e-08,-4.73219530196168e-16,1.18069883578972e-16,-9.03632859687867e-17,-3.01751406545732e-16,2.8290476201685e-09,4.51993892529887e-10,-2.73848151238188e-16,-2.65467164168479e-16,-5.12728099061842e-09,-1.82875551051095e-08,-1.91302903827341e-09,6.72464226760432e-16,-1.00074948126281e-16,3.68775216109643e-16,-2.21357716264393e-16,-1.67862197953022e-16,-5.1430532625584e-16,1.07266165977596e-08,-1.0140075128689e-08,-1.94879055230169e-09,-1.9324278053841e-17,-2.1657442283026e-16,3.42304174735452e-16,-3.34334162485133e-16,-4.26216563653361e-16,1.52979702230491e-15,-3.93786002944634e-16,1.08711340041515e-16,-1.02163931482071e-15,1.83801855167547e-16,-6.54086148223766e-16,-5.63985328449097e-16,2.35444144493415e-16,-1.89380971690493e-15,0.00195282677646604,2.11220087250426e-16,4.38955019743878e-16,-4.86081079645929e-17,1.00559436952573e-07,-1.75995633072613e-10,8.28751664604356e-16,-1.94894948392527e-08,9.30375339644498e-08,2.01298924687052e-16,1.49628287644932e-16,-2.59968896868794e-08,1.04468235107261e-15,2.2918713835791e-09,2.23454836767045e-16,-9.81873303332529e-17,-1.5567425836661e-16,1.57706052474307e-16,3.23805327698541e-10,-4.44568436125973e-08,-3.05387554749355e-14,-1.05583943708169e-15,3.26412121002819e-16,2.36883402781705e-15,9.85160304028954e-16,1.28125223925156e-16,-1.36027191286407e-16,1.48397884865195e-16,2.03543744693395e-05,1.86890402971302e-16,6.79030009151142e-17,1.64200222419987e-16,5.94630125359699e-16,6.66492231550654e-16,1.04175041292675e-16,-1.04214189755653e-08,2.25817848951625e-16,-3.07492598071134e-16,7.76688718836102e-09,6.73294812081679e-16,4.68651633965633e-16,2.73157141750945e-16,-3.16384354309854e-16,4.45190141829277e-08,-9.52454288414221e-17,-4.7555995275958e-09,-7.15793712349214e-16,5.9795846374841e-16,9.53901662539015e-16,-3.64738739834806e-16,-2.91251746247285e-16,7.48622004625782e-16,1.71571602037829e-10,3.48765440526589e-16,3.09972554101507e-16,4.97755772183935e-08,-2.13918511128072e-08,1.42817221809562e-16,1.49707296352805e-08,2.19198263752812e-09,-1.88711563846722e-16,-3.42808678277948e-16,9.47965990395619e-17,4.73168256399511e-17,3.21640012152038e-17,-3.66599791437885e-09,-3.720004934627e-17,-1.55893500580399e-16,-1.37447476833145e-16,1.46615098501418e-09,-1.20912098841419e-15,-2.22538847501039e-16,-7.91719183198234e-17,2.09826045417803e-16,-6.6709296176721e-10,1.86692946658348e-16,1.38467187143106e-09,-2.33710773640626e-16,-2.00185400399879e-16,2.54555635245093e-16,2.15059944702329e-16,1.96695284017073e-16,3.24247535335343e-16,3.1679262978157e-16,-3.10195930217949e-08,-5.32582327533791e-16,1.73488136099611e-16,1.00717998579171e-08,3.18889150589604e-16,-7.72696191880088e-17,2.46943380471602e-16,-1.44954048539534e-16,-1.19472011372187e-16,-1.67012253819816e-16,-1.05636610658869e-08,1.98179529997075e-17,-2.50575358618886e-16,2.16900203831645e-08,3.27722637201954e-17,-1.73030608070012e-16,2.6825690620441e-17,-1.33036003088509e-17,-1.95573027421227e-16,4.78651909375412e-16,4.27498144261201e-16,-3.58441892434111e-16,2.67102316430336e-17,1.67847014595906e-16,2.19621867865277e-16,-1.13507270190707e-08,4.86931981017986e-08,-1.5201210938081e-15,-3.04327511940268e-16,-1.13249909500416e-16,5.57151128320617e-16,-8.09573762194926e-16,4.73583528871059e-16,-2.12096907667421e-16,-4.24885675267054e-16,-4.71960686007118e-10,-3.21301190991604e-17,1.1437836135973e-16,3.69818421816436e-17,-2.01694205755027e-17,6.03678439659054e-10,3.03092240581413e-16,-4.91439110660579e-09,2.44216624151237e-16,-1.03845865321774e-16,1.21766828523065e-17,8.18734742251227e-17,3.7814665953578e-16,3.52484904149035e-17,8.05604263613643e-16,-3.13092022725243e-16,-3.9301239511824e-17,-9.80932556783126e-17,1.29693038275712e-16,8.91843089523679e-17,-2.00051147308883e-16,-5.01844953450221e-17,6.17780252615023e-17,-5.32947298293567e-17,-1.49136353530203e-17,3.20164545164606e-16,4.47682687653035e-17,1.68068829078186e-17,1.57924888444239e-15,-4.07020635841711e-18,5.26638277440206e-16,-1.26529573493856e-16,-1.38790168127855e-16,4.53343362895429e-11,-4.10710131606397e-16,1.79572118857592e-16,2.03498588808599e-16,-1.58614092061798e-16,-5.36572379655539e-17,1.63066679972449e-16,6.57639754500894e-16,-2.81531241397057e-16,7.9215544642713e-17,-7.92446902190276e-17,-2.85633062341306e-16,5.98833299263184e-17,1.2480078447688e-16,-4.9917156117177e-17,-4.33114233036434e-16,2.34513349006031e-17,-8.06456447948031e-17,-5.82395137049233e-10,2.6510380873037e-16,8.83597923512949e-17,3.82742674293721e-17,-1.42779389678939e-17,-3.32795786206168e-16,1.72296203151937e-16,1.90552649705721e-16,-2.43273477058497e-16,1.31342874131114e-16,1.23204882871781e-10,6.3271441810684e-16,-8.44908490798543e-17,-4.75111041235654e-17,8.75747679460468e-17,-2.65212949476426e-16,-1.26590791336733e-16,-1.85505319368548e-17,-3.04319588939564e-16,6.82694547120099e-16,-5.58448042969167e-16,-1.30059342778998e-16,-1.12977185887571e-16,2.11035598615281e-17,6.20806842205291e-10,2.11331803143826e-16,-7.12873312850838e-17,-3.93524106152749e-17,-1.23317155098501e-15,-1.86769018297673e-09,-2.42898969100173e-16,2.77407207484429e-16,-4.13277217447262e-17,5.78960569263802e-17,1.0057370437666e-16,1.24463840467888e-16,7.67403152123685e-17,-1.47266149135854e-16,-1.2433126930773e-16,1.4533569062281e-18,3.085453389036e-16,9.30049964358688e-17,-6.14446618366626e-17,-1.82863834622595e-16,-1.05673367314044e-16,-7.80983192194682e-17,-5.73134814283968e-16
"t235",-0.0421473102117283,0.0352955419926681,-0.0575316549039281,0.0240299177989624,0.00493692578884778,0.000458407085908528,-0.00860579202649983,0.141395649777117,0.000143983136654921,-0.000484726713156107,-0.000214907087030559,0.00894273902366335,-0.0137391415912997,0.00189877869985873,-0.000390625602562496,-0.0358415796876321,0.000559325553705655,-0.000667935651563134,-4.94586078145405e-06,0.000129833369711181,-0.0778196770135464,-0.000773896727414965,1.39626928037155e-05,-6.79121111766901e-05,8.22840292093771e-06,1.17969601241254e-05,-2.15933987032872e-05,2.62029034464736e-05,-0.000887244096423842,0.00101853467342909,-3.43019170719618e-06,6.36794708378987e-06,-0.00229441524274637,6.2752314301029e-06,-3.94538028676713e-06,-8.00507276254983e-06,-0.000336264495966065,2.58506006005758e-06,2.18229334952416e-05,6.58776290830048e-06,0.00044054494460885,-8.01205443499016e-05,0.000951475490667406,-0.00011543957866897,0.0542582983929053,2.63993986312848e-05,-2.36382185134639e-05,0.000403090026411829,-2.18146623169153e-05,3.00906463443789e-05,-0.000135054759081129,1.03936482242656e-05,-1.42000977733879e-08,0.000243774456189162,-8.13771717545625e-07,7.89097958845494e-06,-2.96004481876653e-10,-3.43036514715003e-06,1.29079108746182e-06,-3.23488545092001e-05,-5.79026487958854e-06,7.51358402179303e-07,-2.63328638078402e-05,1.42443279983965e-05,-1.13024569118666e-06,2.85986975437141e-05,-2.01047254708043e-07,7.42728752067482e-06,-2.07006589667527e-05,8.39617749384695e-06,-7.44731056132576e-06,0.000161627371419981,-1.08171308406487e-06,-6.33906931118255e-05,2.80923495057563e-05,7.07572824483031e-08,-0.00131949020580347,1.98531383323364e-06,-1.11000949289286e-05,-1.38749052104656e-05,4.45979746592583e-06,6.80974127273843e-05,-9.77522997885576e-06,-6.44324997454292e-05,4.85695134377422e-06,0.000875210934188494,-0.000277359588141514,-4.25928560690705e-06,-1.64188360871764e-06,0.00180633877691911,-1.64307980355375e-06,1.06089137937733e-05,1.15897032323152e-05,-0.00114391563239189,-5.78251101526687e-06,-0.158111506293781,0.00664631222860246,-0.0250029834364074,0.000311497182948253,5.28203186973878e-05,8.18961975511381e-06,-3.86250912675027e-06,1.05959451408598e-05,-1.5575122070751e-06,6.4580837974002e-07,-6.99913436317404e-06,3.11799752717578e-05,-8.13019887229554e-06,4.60019195708995e-06,-8.57254586687745e-06,-4.60150474211984e-06,-1.01322332321111e-05,2.2126459538588e-05,-1.61986378845306e-05,6.057456221865e-08,-2.14053198355621e-06,3.04661234329447e-06,-2.9372227157224e-06,2.73366684544099e-06,-6.34403869357487e-06,2.98530693421152e-05,-4.98320854700943e-06,4.48892851637304e-06,1.23300776721345e-05,-3.07522191668263e-05,4.73481561013214e-05,-3.5598352446607e-05,1.09211153394932e-06,-2.03285536560344e-06,-6.70715881914665e-05,1.11910753653403e-06,-7.90393563648326e-06,1.07014659604007e-05,2.43985396453999e-06,-0.137887428328239,1.76293343913871e-05,-4.1746622371951e-10,1.09538184942795e-06,-4.24078693891572e-07,1.21891371005728e-06,7.72400898037626e-08,2.97081113845153e-06,-5.72948803632619e-07,-3.76531915570607e-08,-9.0981462058374e-07,6.81923745404247e-09,2.67574190449463e-07,-3.21136684558697e-08,-1.95805715973338e-09,4.3643942784752e-09,4.80423491662496e-06,1.75175825455552e-08,1.43115584675663e-05,-1.11847020427099e-07,1.56233437879242e-08,1.10235936449337e-09,-1.37981326348903e-08,-2.79477978841085e-06,-1.72932737930878e-08,-5.94665410755002e-09,-3.48087818810436e-06,7.01514362184399e-08,-4.74906516830687e-08,-6.40857951539686e-06,9.01456550183336e-07,-3.82823046475573e-06,9.80206755538656e-07,1.71005715153265e-08,8.54737583628889e-07,1.23327919927012e-06,-1.60884408088918e-05,-3.85208757654521e-06,3.04180232737269e-06,1.57366054467968e-07,3.25965841919787e-06,7.68227635116054e-08,3.11567593642348e-07,-4.06612496251779e-06,-1.75479096881469e-05,-0.00931611188683222,-0.000429156305701245,-0.000216260674554815,4.12933529777182e-06,1.09974651892525e-07,3.68018256204177e-07,4.96570127198234e-07,9.72501343010571e-06,-3.51651081728323e-06,-1.68544988379184e-05,0.00297477082016054,-5.7299562669903e-08,2.33344075707845e-08,5.06789937523254e-08,1.5534841829067e-10,-9.14463675082658e-10,6.97434270241429e-09,1.37185151529153e-08,5.85132753880726e-07,-8.75240302203902e-09,-2.95354329780187e-09,-2.88771080780364e-09,-3.86792048139608e-07,4.72640036488902e-11,1.2285394079676e-08,2.64044509335124e-09,7.71873546325502e-08,6.2416484123578e-10,4.93131119488812e-07,-3.32681904952913e-08,-2.50487895193994e-09,-3.24528733373898e-07,7.85688371518612e-07,-2.66029917444867e-06,-5.03321863438032e-08,-1.54531452274616e-06,-4.20677320463455e-08,0.00188033052027456,-6.72510314041571e-09,-3.68077229295208e-09,-2.2181778329528e-08,-1.21521279593318e-07,1.02948890390254e-06,2.63245145228031e-08,6.99795428751662e-08,1.20559757110824e-09,3.38934998240381e-09,4.34752837755296e-08,1.98760837212535e-08,5.90445061193865e-08,8.87935176981647e-08,-3.28143211414255e-06,-7.05886166551659e-07,-7.54976183059181e-08,-1.39262587679356e-07,2.56024438267966e-08,0.302600958532302,-2.88056518594409e-06,2.07784963768376e-15,-2.55581674662452e-07,0.000125552825621046,-4.2388639257824e-07,-1.4706812001715e-05,-2.31577937491359e-05,0.041661325326107,6.21386171509144e-08,-1.15641486988171e-05,2.65200793893157e-09,-5.5959035284606e-11,-9.31310900400135e-10,1.66049541164979e-07,-6.88458389548128e-09,1.0259848127839e-06,-6.52564813368971e-08,3.10867777765957e-07,-2.23381595890562e-08,1.51017928464838e-07,-3.72158509934886e-07,0.000329076530253603,6.42438699430214e-08,-1.3896090738649e-08,3.37679235711832e-07,-6.74223460975386e-08,7.63210017175376e-06,-3.97053283656393e-06,4.2355695612305e-08,-1.4529159034573e-08,2.08000119012716e-08,1.47879108599461e-06,-3.3961643554371e-06,2.37449815513941e-08,9.73055882524742e-09,-2.29966891043977e-08,2.02670409530173e-06,-5.36228248727839e-05,2.13882031930316e-06,-4.11887364672601e-05,0.00989588464479041,2.73010868713302e-06,-1.78053634324562e-06,5.2838154605797e-07,-2.48570956590063e-07,-2.40468849810145e-17,4.07792861837809e-07,1.33376764613233e-08,1.07540241626799e-10,6.8966257180244e-07,-9.72849797609769e-09,5.45268923037802e-09,1.84840570601972e-05,-3.13573102304718e-07,5.67447651290085e-08,-1.47080965060525e-07,-4.50109633075007e-09,2.30777014341587e-09,-2.67733171853138e-08,2.99724603146824e-08,-5.04051593368902e-07,5.24594796039118e-10,2.41214977595729e-07,1.63647335123822e-10,9.02154928175044e-10,2.20794633409673e-08,-2.87652242608569e-07,7.04995456114158e-09,-2.83499265689629e-08,4.02099590412196e-08,-1.48102890560313e-07,1.03913786065672e-08,9.45363302480696e-09,7.29860707726419e-08,-1.23814450895188e-07,-1.0208872906042e-08,8.54253861425004e-08,-5.7178801018956e-08,1.42658402923301e-09,1.34775474913555e-08,-2.6979252111931e-08,7.44011371163065e-17,9.39320956288342e-11,4.0058176565301e-07,-2.79653450147022e-07,2.71486220683752e-08,2.43009259006477e-08,7.13329525443617e-09,1.66849690830028e-08,-2.46409865485366e-07,9.32617066077718e-08,8.54805399468949e-17,-7.43415274834195e-08,-9.10584463036733e-10,-2.5716854871064e-09,8.56510995510956e-08,1.9843897680368e-08,-1.35790717091072e-09,-5.29770208424711e-08,1.43234422335338e-08,-4.90004293156664e-07,9.58999393301428e-08,-1.99577828608243e-08,-3.66384595484937e-08,-1.95679937847426e-09,-1.48534558781842e-08,-3.76699568597768e-08,1.60387095799831e-07,-4.2076137233851e-08,-7.26755888782865e-16,-3.93867645331419e-05,5.55208882405361e-07,2.06579568991531e-09,0.0104598221982824,3.41188301026766e-08,-1.69892437686251e-07,6.41513421053335e-07,-2.36103965562552e-06,-1.72449668114235e-08,4.30683057993797e-17,-3.37680540697216e-08,-9.5775306283779e-08,-4.84030651598384e-08,-4.76680819293068e-16,1.05245882712628e-07,1.42909815737611e-06,-2.22853391949648e-07,-9.5916656847222e-08,-3.51648654305113e-08,-2.0463788836381e-08,-7.89311415569054e-07,2.98145360673777e-08,3.3228686841378e-07,1.39935219554235e-07,1.76969282677159e-06,0.010483312210267,5.08105003941993e-16,1.00114174792776e-06,-4.93532262872384e-08,-2.02421738762564e-07,1.05609895016709e-08,-1.18364959948236e-16,7.03489238239083e-10,4.33241488220684e-08,-2.83304943954668e-09,-2.9338281058254e-09,-9.27143734062104e-09,0.00051966370813371,-7.02504751794776e-08,1.58986813445212e-08,6.68395937837176e-16,6.45551986233245e-08,-6.51111574787798e-07,2.42824849834958e-07,8.21093021048016e-08,-8.35206213627753e-09,-5.62551013515922e-11,1.02695629777827e-15,3.25375030807008e-17,-5.51935223149967e-11,-3.73992838581847e-07,4.93574649475896e-08,-9.54230911390561e-09,2.88807056507773e-16,-4.57157282938854e-09,-5.40836158655843e-11,2.91364417013872e-16,1.53466416767515e-16,-4.86751082342054e-17,1.144532993665e-08,3.37217448928776e-08,-4.85301902175041e-08,2.85105503249085e-08,1.42027740506807e-08,2.90265014142905e-08,-8.76316604951881e-08,-2.00622185817471e-16,-1.88823678530119e-08,6.83555660230468e-08,-1.6786652217655e-16,-9.52911656037701e-16,-3.27676180949323e-08,-2.55081445044005e-12,-1.50659751819183e-07,1.65088926623061e-08,0.00108681162652725,3.7552159511405e-10,4.36493097230942e-16,-1.17389942210909e-09,1.11682491000719e-15,-7.63441905610608e-09,-8.666841116306e-16,-1.12277078496836e-07,1.17518393688248e-16,1.20485902690966e-08,2.1652769233431e-08,9.89695076996569e-10,1.29033211400901e-08,4.42852372218959e-08,-3.74970380680867e-08,3.10595009431064e-08,1.47235502564307e-09,7.15880308093239e-09,6.48259287428613e-10,7.36826954105936e-08,-2.62318301218119e-08,-6.16796936667463e-09,-4.8048367457465e-10,-8.4374897362216e-08,-1.81760751718179e-16,9.79332271472358e-08,-1.56171441561099e-08,1.15390284974356e-09,6.8068541695483e-17,1.36708120695064e-10,3.01958086733975e-09,9.71505040788058e-09,-2.06423697427231e-16,-1.5398383552308e-08,-8.78548615173856e-10,-9.14636786833906e-17,-9.59184047191842e-10,-2.25731855837274e-07,-5.5724452306233e-16,3.30069893900011e-16,5.28397155615842e-10,4.32091594722587e-10,3.09475020335682e-12,5.35574584773413e-09,-2.09184551427596e-09,-4.39125859921335e-09,-6.34043593195642e-10,-1.11606076637563e-08,2.40812885293512e-08,2.59964575907712e-15,-3.73773102420342e-10,-3.76241127934553e-11,-1.08858104420407e-10,-1.07657568368898e-08,-1.80971737515014e-15,-1.20768952214838e-15,-3.80927744264629e-09,7.71124835085181e-17,-2.28520206483543e-16,-3.59638540328019e-08,4.27902376383907e-08,5.54593122580181e-08,5.28467241886078e-10,-1.63208678241979e-06,-3.59535082388912e-08,-1.65463806780525e-09,2.94761370203771e-16,-5.17431397148293e-09,-2.54683017250574e-10,-1.18894054178569e-09,9.06740010354203e-08,-4.16740585594772e-07,-1.3739737609215e-15,6.29096647776543e-16,-1.58443135015314e-14,6.53044516044978e-09,2.39718368854786e-08,2.02413913640262e-08,2.24536168782573e-15,2.03456754337376e-08,5.22896579745324e-15,-6.02784273474832e-17,-7.46610710981765e-07,1.64917681140108e-08,-6.9488685638941e-15,4.57609921263582e-08,1.76484418321678e-07,-4.90157597014583e-15,-8.90460208775231e-08,1.26204370427091e-16,-2.9335675394144e-08,1.60960072754783e-15,-2.98652186417319e-08,-2.62640631923224e-07,-6.72212037540452e-08,-9.34455616822446e-09,-6.80490681695993e-08,2.25753404763701e-06,-1.84958203249941e-07,5.70460261263007e-15,-2.73676905111605e-05,1.40005572546307e-06,1.29586669355399e-14,1.80639621510362e-06,1.5107322448278e-06,-0.686101619459722,-2.2197346795689e-15,3.51860829459308e-07,2.71978641020563e-06,3.27819581782761e-15,-8.1308659628068e-07,-1.66200944880135e-07,-4.71505039040102e-08,5.78602338178026e-15,6.18831945136888e-15,8.27177468393509e-08,2.25151333318581e-08,1.78229680649457e-09,-1.8414327235082e-07,9.00908071291604e-09,-3.22418445662418e-16,-2.37947560026493e-15,3.21623059300312e-08,2.21098765076841e-10,5.20547498818382e-15,7.50779991040386e-08,6.70810520443594e-15,2.6294812301736e-07,-1.37994303970196e-08,-8.06104477447248e-09,-5.34837882366898e-08,-4.60495061138858e-15,-2.30263777192835e-16,-7.27124008948734e-15,-4.36682051231069e-15,-7.17610097601205e-08,-0.0330527380824266,-2.06371096842479e-14,7.17367380789181e-15,5.63700802074909e-15,7.78974675071475e-08,0.588288545477807,-3.3434282726553e-08,2.95500612058932e-15,-5.60833660328414e-14,-3.37037526793732e-14,-2.54262727680147e-07,5.39689685218635e-08,2.33032133494867e-15,0.00037400826947677,-2.44985199813844e-07,4.08594609698921e-15,4.53182178862174e-15,-2.42544870961361e-08,-2.48321466420417e-10,-1.19453988212134e-08,8.58417362484556e-16,1.33541034263605e-08,1.94301149208756e-08,2.09787450149804e-08,-2.0342560411421e-08,-7.72937013075992e-08,0.0706669860820463,1.94447205332315e-15,1.07277081849068e-16,1.951215705299e-16,6.8744148545487e-07,-8.31847009036055e-08,-4.52787968664968e-09,-3.51791367164991e-09,-1.25465912284484e-15,2.18243921404076e-16,2.27026920678719e-15,-3.58719586037569e-16,-7.19775784555031e-15,1.1404192597866e-07,1.77714387733828e-15,-7.55717823726595e-16,-2.64722617965613e-09,9.83436702246759e-17,-2.36875265097199e-09,-6.29723090005219e-16,-2.93471072409923e-09,7.23798362864446e-16,-3.51003988385783e-09,-4.38347775715588e-10,-1.09023616637533e-05,-1.85163541887783e-16,1.38554525868714e-08,-1.88562691275284e-16,1.94445461368663e-08,-2.33008989792438e-07,1.86210602747016e-10,1.0279120000408e-15,2.70037808674971e-08,-3.45393267646085e-16,-6.57572721767576e-09,-3.70993259011154e-08,-7.53390139982419e-16,2.60333567910334e-16,7.35959396333351e-16,1.85299459262671e-16,-1.23623332595808e-10,-1.60674112601699e-09,-3.57988493248741e-10,-9.0652142367926e-16,2.43443698536848e-16,-2.59649158933599e-08,1.57811529736683e-06,1.63229953147092e-15,6.4904501084541e-17,-1.5940980515889e-09,-1.95088565352032e-16,-1.12688474609192e-08,1.40811576369215e-11,1.05645351526949e-07,4.26475850564888e-17,-1.10264040200826e-15,-1.46420188335008e-16,-3.42567830772474e-16,-1.54647939525945e-17,-1.35865822653441e-15,1.03410995792606e-07,-7.2308757350422e-07,-2.43491210300842e-17,-9.25061925138535e-09,3.51242397808586e-08,-5.07489880535584e-16,-2.91988144150262e-16,-4.19336001066081e-17,-1.09449372414106e-15,3.43644213474667e-09,5.48623492659951e-10,8.23429349035308e-16,-1.95589936683002e-16,-6.21823985364845e-09,-2.21762965468883e-08,-2.31898194014312e-09,-8.14316701966598e-16,9.06162950854161e-16,-1.15796844371481e-16,-1.67135133503594e-15,7.30752268649523e-17,1.19621862427405e-15,1.29290618195386e-08,-1.22158058665942e-08,-2.34652871307285e-09,-1.11256608113123e-16,-2.66751842840136e-16,-2.01776819330091e-16,-5.41127398657541e-16,7.90721623254859e-17,-3.84460374651842e-16,8.5496700750891e-17,-2.33822621580497e-16,2.42181387850436e-17,2.54298383137819e-16,-4.55050226037364e-16,4.41737720547769e-17,-1.30936827099676e-16,-2.30814238201713e-15,0.0023323242116926,-4.99620655304338e-16,-7.32279771119385e-16,3.08567091467299e-17,1.19978259069125e-07,-2.09932187286335e-10,-7.95921892866008e-16,-2.32442276902528e-08,1.10824232356994e-07,2.18166576069125e-17,-2.76426286450476e-16,-3.09199267109884e-08,-7.00310495043563e-16,2.72091635906811e-09,-2.63783858919064e-17,3.93115277472835e-16,2.36694977499532e-16,1.87778954354771e-17,3.8334850486574e-10,-5.26219894589746e-08,-3.75797130429218e-14,-7.1552874989132e-16,-2.39418612834141e-16,-1.66199326217548e-15,-2.03884218535899e-16,4.96250599243034e-17,-4.69135347485183e-17,1.06411948430599e-16,2.38739654163421e-05,-2.09103171743977e-16,-1.36855103379936e-16,-1.08758223779433e-16,4.84629756480946e-16,-4.40473975174546e-16,1.04574646388165e-15,-1.2200920466869e-08,-7.47852616867309e-17,-1.58539682297027e-17,9.09006761087837e-09,-2.63218442529384e-15,-1.30969087165138e-15,-3.84039446816625e-16,2.39836156512142e-16,5.19035960567833e-08,-3.28648537673524e-16,-5.54071813492735e-09,1.17218928632643e-15,-3.60037581030539e-16,-1.58778080845964e-15,4.74025260030161e-16,6.08011210043798e-17,-1.34528942540889e-15,1.99627664697911e-10,-1.05102645657089e-15,-2.70484616213997e-16,5.78557790670474e-08,-2.4863173283228e-08,-2.49599221492641e-16,1.73849492480014e-08,2.54477733587653e-09,3.03573542346788e-16,-1.27732452549517e-15,2.54894574848338e-17,-4.41222246237207e-17,-2.03594608957369e-16,-4.23942957760201e-09,-5.2678217330787e-16,-2.02850364501449e-16,3.91379121729527e-16,1.69382880202522e-09,-1.28430984125473e-15,-9.77170444096083e-17,-3.27748745844623e-16,-2.84533943084341e-16,-7.69703686316264e-10,-2.88383034897145e-16,1.59703691858851e-09,-1.24305923533902e-16,-6.88165370817693e-16,-4.39524584498644e-17,-1.25893273957315e-17,-3.80845322816503e-16,-2.15364523236063e-18,1.82372724469596e-16,-3.57044405606161e-08,1.02009116263722e-15,-4.59750504478766e-16,1.15871822908527e-08,3.912451248773e-16,-1.2519436956142e-16,5.04391631911685e-17,3.04096444458452e-16,-2.16979701026058e-17,-4.11872997880325e-16,-1.21343664572682e-08,2.07703719030228e-16,-4.98799076146358e-17,2.48981731892958e-08,1.20703648592876e-16,3.13601309488402e-16,-4.00163113125181e-16,2.79530901230019e-17,-5.12478895112767e-16,-5.70906433936176e-17,-1.13717020700499e-16,1.6072487239191e-16,-1.31244019458583e-16,-7.3519486177007e-16,1.8081084890335e-16,-1.29976024310714e-08,5.57419076741141e-08,-1.97795377439493e-16,3.6560622696145e-17,1.85297446040364e-16,-6.95469550071672e-17,3.97956407410804e-16,-1.07935104680904e-16,2.16345616963411e-16,2.2609406964424e-16,-5.39472128089709e-10,-2.53316542233681e-16,-1.70930166325383e-16,-4.36730894370609e-16,3.32311440319798e-16,6.89169908320065e-10,5.53088704585851e-17,-5.60258394343167e-09,-2.00661059410015e-16,-1.77548492149759e-16,1.26159986722358e-16,-1.28854816085241e-16,-9.21573926426901e-17,5.33704100646573e-16,-6.54103571057713e-16,2.25437874536748e-16,7.15887122362951e-17,-1.44120856407723e-16,5.76156695140798e-17,7.13920101962823e-17,9.55126687596027e-17,-5.33259665307405e-17,8.10459895414685e-17,2.19559559713833e-16,8.0056074352268e-18,4.25823278789677e-16,2.31682502579987e-16,-2.38728408659786e-16,-1.85073310843276e-16,-8.48095356424057e-18,-3.5766399506231e-16,-1.74638869747644e-16,2.3081222152263e-16,5.14306269663656e-11,-2.03503885532629e-18,2.93847730908206e-16,-2.79672867177538e-17,-3.78509902788355e-17,1.67417527881317e-16,8.50939405636381e-17,-2.36115822549075e-16,1.56047344468254e-16,-3.25475786226256e-18,7.58261589240313e-18,3.84891771232354e-17,3.3467759543942e-17,-5.46469333917344e-17,-3.30611796199459e-17,1.52754025327055e-16,-2.43486070464949e-16,2.68016664058583e-16,-6.58653447957166e-10,-2.38402732219454e-16,9.86235609162689e-17,-9.39217934738542e-19,4.25848337860914e-16,-5.7431386715137e-17,-3.22271465036299e-16,-4.68363060719366e-16,5.91850245325491e-16,-2.29896466414898e-16,1.38909267700288e-10,-1.11201855631357e-16,9.41712368222256e-18,-3.66366225198421e-17,7.89833221409608e-17,3.20673612300548e-16,-2.71824756115329e-16,2.76040977579959e-17,6.65802485726221e-17,-8.78594353127815e-16,-8.03973474878501e-16,1.63480925692239e-16,2.68494872908202e-16,-6.73232402202391e-17,6.97875468734613e-10,-9.46215090844363e-17,1.03428196012072e-17,-1.10899183095703e-15,-5.71591385334358e-16,-2.09675441904052e-09,2.39186338276509e-16,3.90758129983008e-16,5.87993693035695e-17,-2.87809962957218e-17,3.77382905988762e-16,-1.77629999159846e-16,3.67952977311872e-16,-8.3548391236905e-17,2.48941577350372e-16,-6.87038601649739e-17,1.37263951261581e-16,1.99323197117166e-16,5.95862302312773e-17,-2.29999920063295e-16,2.67665728034806e-16,-1.8654713419695e-17,-2.63651627501486e-17
"t501",-0.0421695681076001,0.0353348684164065,-0.0575978348174236,0.0240669931336126,0.0049462581363504,0.000459424348361682,-0.00862526592149462,0.141741175630966,0.000144399022765346,-0.000486426307415359,-0.000215864689104722,0.00899192553595322,-0.0138169410402084,0.00190969513312364,-0.000392970299416538,-0.0360695531386441,0.000562969119673832,-0.000672366488134037,-4.97943846108364e-06,0.000130791959206308,-0.0784418182369186,-0.000781386732223449,1.41055463916509e-05,-6.86109705292275e-05,8.31341819968064e-06,1.19247753638977e-05,-2.18301787184308e-05,2.64928615888555e-05,-0.000897331324148087,0.00103226381048272,-3.4795841239274e-06,6.46393697363103e-06,-0.00233157847443785,6.38185641875475e-06,-4.01596384918457e-06,-8.16017281133645e-06,-0.00034286560342459,2.63664554871028e-06,2.22614969051713e-05,6.72220518100583e-06,0.000449804945915883,-8.18472412090856e-05,0.000972300353210007,-0.000117969414600421,0.0554690550193886,2.70279489394975e-05,-2.42119749559983e-05,0.000412962226486759,-2.23623824013517e-05,3.08664102360856e-05,-0.000138659020573411,1.0675458239676e-05,-1.45860035344584e-08,0.000250529713412904,-8.3718324021613e-07,8.11926894014118e-06,-3.05441974868708e-10,-3.54256449651056e-06,1.33313721041962e-06,-3.34765058905558e-05,-6.00126014601324e-06,7.79332479867868e-07,-2.73302848385287e-05,1.47861922395347e-05,-1.17461823892576e-06,2.97530884138384e-05,-2.09660438767085e-07,7.75387244108132e-06,-2.16217780064487e-05,8.77779537889156e-06,-7.82414951431504e-06,0.000170460459164608,-1.14151540826735e-06,-6.69787685888601e-05,2.96871145465431e-05,7.48147172953091e-08,-0.0013954562369842,2.10185905346567e-06,-1.17804853720058e-05,-1.47400961576194e-05,4.74605293796458e-06,7.24955009398214e-05,-1.04354275137153e-05,-6.88422188390074e-05,5.20842109034611e-06,0.000939497932423772,-0.00029804006215614,-4.57763460094855e-06,-1.76467923716938e-06,0.00194164800534854,-1.76685894490343e-06,1.14513703855356e-05,1.25144397107885e-05,-0.00123813640201802,-6.28502266247425e-06,-0.171961525066655,0.00722872215026443,-0.0272384109416757,0.000339554191785424,5.77118776974676e-05,8.96520316716867e-06,-4.22902623078783e-06,1.16036464787221e-05,-1.7209101004336e-06,7.14050233103198e-07,-7.74288348075236e-06,3.45263687928094e-05,-9.0051938761854e-06,5.09771015976808e-06,-9.50657140772501e-06,-5.10407266742265e-06,-1.12547539011175e-05,2.45819508697237e-05,-1.80642630098862e-05,6.76060393751158e-08,-2.39329697680068e-06,3.40913552785604e-06,-3.29411914480502e-06,3.07253758242061e-06,-7.14235016972262e-06,3.3641716759985e-05,-5.63433936464676e-06,5.08656294128012e-06,1.39728194814268e-05,-3.4860368697667e-05,5.37954916938505e-05,-4.04534291018692e-05,1.24351805232498e-06,-2.32808556863974e-06,-7.68173729853763e-05,1.28233032741287e-06,-9.09287467847448e-06,1.23209525956129e-05,2.81069864372105e-06,-0.159222579773917,2.03638418672152e-05,-4.8469381162385e-10,1.27715825832724e-06,-4.97385551450349e-07,1.42985945290353e-06,9.07007833439345e-08,3.49037865482618e-06,-6.7372611613758e-07,-4.42905598120074e-08,-1.07019813606164e-06,8.0402626861321e-09,3.16996570792259e-07,-3.82352603724577e-08,-2.33425133168747e-09,5.21755675128496e-09,5.74467287605486e-06,2.09694049182055e-08,1.71426181127786e-05,-1.340702392508e-07,1.88561753066664e-08,1.33194906172535e-09,-1.66851397742288e-08,-3.44412550355376e-06,-2.14155627626353e-08,-7.36978811779164e-09,-4.33228073407192e-06,8.73871409242221e-08,-5.94916335653561e-08,-8.03360144084717e-06,1.13643703398112e-06,-4.85324656201308e-06,1.26412746935709e-06,2.20677210436809e-08,1.10318934328213e-06,1.59568117483674e-06,-2.08768041142284e-05,-5.00068987532113e-06,3.97215017939882e-06,2.05884759384164e-07,4.2823106873435e-06,1.01028037483088e-07,4.09952548973435e-07,-5.40381198115273e-06,-2.35744967533508e-05,-0.0125396196399109,-0.000578716320072912,-0.000293246970896731,5.61150116779813e-06,1.49769595079558e-07,5.0221292771074e-07,6.8239738633268e-07,1.33879795083127e-05,-4.91844427083451e-06,-2.35867399525746e-05,0.00418625673755,-8.19399523294899e-08,3.38457131506926e-08,7.38836177768199e-08,2.28248891451682e-10,-1.3516431631689e-09,1.05025482758161e-08,2.0745937642395e-08,8.9302467460786e-07,-1.34209428976051e-08,-4.71065686471939e-09,-4.61485650889091e-09,-6.29741788512053e-07,7.84675140404596e-11,2.15012157644064e-08,4.62238445783927e-09,1.35849681443776e-07,1.11729154778893e-09,8.93655755731474e-07,-6.2437402768633e-08,-4.93668179087324e-09,-6.68845949823549e-07,1.64367810228846e-06,-6.00220050590814e-06,-1.19243101336851e-07,-3.66604436414342e-06,-1.04122124025255e-07,0.00529611219231572,-1.95054335204522e-08,-1.29366758366096e-08,-9.38286328061333e-08,-5.56648522889236e-07,7.6731688153767e-06,2.36080016090897e-07,8.20223944972137e-07,-2.53704613315073e-07,-1.35053997190672e-07,-1.43918139923686e-06,-1.26162760451033e-07,-2.3492058738917e-07,-2.36584111322766e-07,7.45633961337449e-06,1.37339384444366e-06,1.27858549066888e-07,2.26966110089282e-07,-2.96244524787813e-08,-0.284206285284011,2.1528125345125e-06,-1.31920097701521e-15,1.35283054496549e-07,-6.17672229080166e-05,1.16751650916953e-07,2.14740524768927e-06,1.31639580252912e-06,-0.00216259849602363,5.09500662038958e-09,-1.17313483994417e-06,2.92130095912009e-10,-8.37848267200095e-12,-1.62748409537186e-10,3.60599368699415e-08,-1.61616079680188e-09,2.48088064939375e-07,-1.81720167054751e-08,1.25520502430497e-07,-9.82544654068874e-09,7.05837191575594e-08,-1.93783288356088e-07,0.000172501411878692,3.57669971153806e-08,-7.97188337942797e-09,2.01405094646444e-07,-4.06836948269402e-08,4.6599381106505e-06,-2.46270253880307e-06,2.68564588014076e-08,-9.23488914290138e-09,1.38982996238544e-08,9.89160124132592e-07,-2.27439105709392e-06,1.60985540919273e-08,6.62660352359644e-09,-1.58788244259515e-08,1.40291812462768e-06,-3.99066245342751e-05,1.60306696861294e-06,-3.10423200069942e-05,0.00755081550667329,2.10317752234041e-06,-1.40033909208496e-06,4.17972784551215e-07,-1.97521673711508e-07,2.62794629860924e-16,3.28986021276363e-07,1.07811235636177e-08,8.74744591710431e-11,5.69149845395737e-07,-8.12556610990897e-09,4.57976232257818e-09,1.55674384149437e-05,-2.73181952777741e-07,4.95395072048994e-08,-1.28477831459012e-07,-3.96918133666463e-09,2.08875281079903e-09,-2.43393065637046e-08,2.73306721909639e-08,-4.64221796351983e-07,5.01354403004634e-10,2.34062195693906e-07,1.58934554499181e-10,8.76407577994466e-10,2.22652162492859e-08,-3.02983253853307e-07,7.46777155045076e-09,-3.02811160675815e-08,4.33895082528127e-08,-1.60319294206044e-07,1.15551239714469e-08,1.05341213178909e-08,8.163834371011e-08,-1.38855420048626e-07,-1.1548915428478e-08,9.75862676411101e-08,-6.59212219496964e-08,1.65139348306932e-09,1.57103780121724e-08,-3.19294423785468e-08,3.49131717811763e-16,1.23513091181694e-10,5.33162314892377e-07,-3.79303630589859e-07,3.68437086326997e-08,3.29990470177216e-08,9.73298988189943e-09,2.29757677686923e-08,-3.43140921468405e-07,1.33003836713188e-07,-6.75894177109281e-16,-1.12688511028675e-07,-1.39179356265498e-09,-4.00377762982978e-09,1.33648751212211e-07,3.25520974628733e-08,-2.29671922988182e-09,-9.39770728550847e-08,2.63490710943151e-08,-9.87518139015746e-07,2.14588904261967e-07,-4.84519802192818e-08,-9.37577776349582e-08,-5.18938398248504e-09,-4.22521833301102e-08,-1.08051343291879e-07,4.86897929388159e-07,-1.34062721065849e-07,8.22077240125131e-16,-0.000223313437673866,3.91243589192413e-06,1.45933184312172e-08,0.373178955714837,4.02162501283115e-06,5.52969008674542e-07,-1.47292209843497e-06,5.0902153852998e-06,2.96416685025954e-08,9.25247215970146e-16,4.55254586439047e-08,1.18257775288083e-07,4.32110987387696e-08,-2.65306263240784e-15,-6.55651537128051e-08,-8.14597405427454e-07,1.21200825076511e-07,4.72320299879643e-08,1.45321801676278e-08,7.34488994999627e-09,2.51882892651098e-07,-6.35674631830111e-09,-6.70235694738573e-08,-1.94230654643518e-08,-7.38907663705463e-08,-0.000390007335191042,1.6031768064865e-16,1.14281114792855e-07,-6.74109389827136e-09,-3.70007613270828e-08,2.59339251084391e-09,5.66568239737086e-16,2.51754082812581e-10,1.98333533100526e-08,-1.4061088174072e-09,-1.50564377782065e-09,-4.93824892961007e-09,0.00029444291417739,-4.3338599221196e-08,1.14975159841793e-08,5.97572940393976e-16,5.1877728213442e-08,-5.27562892649352e-07,2.00074844292331e-07,6.91900380408063e-08,-7.04982036592256e-09,-4.7777459513133e-11,2.04697370165263e-16,5.00191808250689e-17,-4.851750318226e-11,-3.38280736200741e-07,4.48000611052216e-08,-8.87720808568536e-09,1.11010577947109e-16,-4.47887682605404e-09,-5.41808085143211e-11,-5.83138676269329e-16,-1.19572056764452e-16,-1.5066325677967e-16,1.22731652410867e-08,3.64719588997496e-08,-5.40603932181125e-08,3.25645796747286e-08,1.6270054168449e-08,3.41558901837267e-08,-1.03438444839965e-07,-2.52261717481857e-16,-2.35547746864001e-08,8.69814799259994e-08,4.55200861628512e-16,-9.82423563769317e-19,-4.52055749372967e-08,-3.59161984667042e-12,-2.18129664206354e-07,2.43649372193048e-08,0.00166593874002646,5.7924604643232e-10,-5.20587098479733e-16,-1.82648727585449e-09,-5.89274134618631e-18,-1.21840768838507e-08,9.47267438100585e-16,-1.82662557547509e-07,6.78016510664705e-18,2.00997603922881e-08,3.63088198604173e-08,1.7829692448566e-09,2.36245589526723e-08,8.16389425709079e-08,-7.12691619993218e-08,6.06820606572484e-08,3.0792587940213e-09,1.4981261811902e-08,1.38712123459261e-09,1.64510292028446e-07,-6.22467290085126e-08,-1.54690035252601e-08,-1.26249153610624e-09,-2.27085391318257e-07,-9.48552146882455e-17,2.85387568807045e-07,-4.95536707936018e-08,4.97644283595039e-09,8.2537288406237e-18,6.61910788126588e-10,1.80656913383212e-08,6.48183029900147e-08,4.79020507207271e-17,-1.09296126766119e-07,-8.41264163674162e-09,-5.30891533590303e-17,-1.11516512381045e-08,7.02783039652332e-06,-1.0386898681482e-16,2.9643872877646e-16,-6.42794051457777e-09,-4.97702858951205e-09,-2.84761632146584e-11,-3.96746681008293e-08,1.06214067757001e-08,2.1688281640869e-08,3.01442334191232e-09,3.72172347037121e-08,-6.35853532299786e-08,3.36156883579131e-16,9.11575237002743e-10,9.05483971615489e-11,2.50307537131481e-10,2.34716037644484e-08,-6.97249839620693e-17,3.88549067523201e-17,7.74152898253653e-09,-4.24686122951851e-17,4.79592334576195e-17,4.94959673982404e-08,-5.54215119429919e-08,-7.1739988215727e-08,-6.01497294124106e-10,1.82651696980094e-06,4.00919706727141e-08,1.80285037146637e-09,-1.50980300383317e-16,4.4450916483392e-09,2.08290646978995e-10,9.56781935974559e-10,-6.73635369815942e-08,2.67971241711133e-07,-3.33015164806589e-16,5.44315463371492e-17,6.89216997661714e-15,-3.41212205623742e-09,-1.14395599662547e-08,-9.59256490736814e-09,4.57599743915782e-16,-8.82369705803669e-09,-1.64280160285825e-17,5.23323035433749e-16,2.14021018200817e-07,-4.70125488919457e-09,1.16530049498742e-15,-1.16701098587434e-08,-4.20730991965198e-08,1.82432739514586e-15,1.83604428798772e-08,2.57667664923542e-16,4.99625928526435e-09,-2.48773736391944e-16,4.99444749185932e-09,4.32992913933928e-08,1.09031310989294e-08,1.4812540736623e-09,1.0230913688745e-08,-2.73197527505571e-07,1.54095265804098e-08,4.75191575871843e-17,1.11896144015085e-06,-5.12664144807495e-08,-1.57354696677484e-18,-5.60074413194144e-08,-3.16999621398583e-08,0.00834457927655531,3.1786590293595e-16,5.821245856057e-09,5.98386692352529e-08,5.49054184675073e-17,-2.37021265115293e-08,-5.4239842463425e-09,-2.13831366945612e-09,-3.07268202389648e-16,7.30798354093123e-16,6.14544912713862e-09,1.94302809464063e-09,1.58173684306456e-10,-2.61865487913974e-08,1.36848009845896e-09,-1.13410005927351e-16,-8.84643469377718e-16,5.1131621499177e-09,3.53553561015733e-11,1.64983217109689e-16,1.29894909833307e-08,2.0688042956346e-16,4.9334349004688e-08,-2.94207330171643e-09,-1.73635517721263e-09,-1.20202206621892e-08,-1.84825673159493e-15,-1.82678707602586e-17,-1.23654032151651e-16,2.68308288599851e-16,-4.34292783053661e-08,-0.0279202635851905,1.0988579601332e-14,4.59630912059593e-16,-3.74868394645503e-16,-3.55955983742415e-08,-9.90859627151811e-05,1.23555007446052e-09,2.1121510741435e-16,-6.54329563622158e-16,2.22749336337147e-16,-3.03116232982939e-08,6.53853734893133e-09,6.097665636717e-16,5.20523850788533e-05,-3.55017992882638e-08,4.56248797102825e-17,3.08861562691932e-16,-3.785672794064e-09,-3.89506331293822e-11,-1.93580657867986e-09,-1.08384929502124e-15,2.25587403154821e-09,3.33499400737046e-09,3.64055349732784e-09,-3.38309065415151e-09,-1.21198064988997e-08,0.00035697529292743,-2.61941735509308e-16,-1.60883891711524e-15,1.6612117858014e-15,1.48804724046132e-07,-1.80071353687267e-08,-9.80956240825349e-10,-7.68136331747182e-10,-1.27193350823553e-15,-2.39205461075334e-16,1.61642765149463e-16,5.3330676379659e-16,2.92233986502296e-15,2.50086496029206e-08,-9.51326729624907e-16,-1.3431575715716e-15,-5.80132284135097e-10,-3.90716339937489e-16,-5.1906345012436e-10,-3.25909521440047e-16,-6.42989890927878e-10,1.63150615638391e-16,-7.64783609818409e-10,-9.53035743381194e-11,-2.36095249476784e-06,-1.81800565589209e-16,2.98223262001857e-09,-1.21634579420668e-16,4.1082764516897e-09,-4.74332790177361e-08,3.78314911478173e-11,4.45606441615372e-16,5.37403881698904e-09,1.04029214207032e-15,-1.25665707981773e-09,-7.07377649552503e-09,5.5641531513039e-16,3.70254120175063e-17,-2.25153711020092e-15,5.11374328492559e-16,-2.25797487393769e-11,-2.89676879434042e-10,-6.35086684616075e-11,6.36396904094348e-16,4.29352783808508e-16,-4.18915508072365e-09,2.53332349598769e-07,1.59963785988942e-15,-7.19251076723778e-16,-2.1316791350533e-10,-2.86101882795652e-16,-1.42917729272397e-09,1.06515394936493e-13,1.09820367343436e-08,1.52592596889811e-15,-2.94800556302371e-15,-2.07525173306719e-16,8.58735536031194e-16,5.21156449160308e-16,1.83141150000928e-15,4.10944288550771e-09,-2.79775689770398e-08,-1.42939740240415e-16,-7.57218850093327e-11,-2.18428455676663e-10,-2.50095738775872e-15,-1.87575401423386e-15,-1.36975457303321e-15,-2.08668137588594e-15,-2.84580612933304e-10,-5.75907797799414e-11,4.48644159092163e-16,4.13573705698703e-16,8.21475048311246e-10,3.01258623155613e-09,3.45198978953888e-10,-2.5235718118165e-15,-1.02754950549183e-15,7.81725575056395e-17,1.22940872253796e-14,-2.84981845737247e-15,-3.07047185250923e-15,-6.38584030124946e-09,6.69442658895294e-09,1.42722322144033e-09,-1.37629607631444e-15,-4.94427775992084e-15,-7.08756730719771e-16,-1.13694116954321e-15,1.49092358263312e-15,5.8003329195314e-15,9.77946458863372e-16,1.4124880059752e-14,4.5251740187361e-15,3.07720976235824e-14,-5.98306248745256e-15,-3.25582886693422e-14,1.98031735495388e-14,8.26269388230901e-13,-0.82709150316736,8.07694632274433e-14,1.40425131568765e-13,-4.12838796038956e-15,1.07512274593979e-06,-1.54183660491891e-09,-7.57045388216099e-15,-1.53866267211236e-07,4.10842609826511e-07,2.61510585939408e-15,5.18849981311797e-15,-7.78193457690715e-08,8.14684598200141e-15,5.14325732076344e-09,-2.55838717912237e-15,-8.08275122204042e-16,3.90365622194526e-15,-4.67337270347987e-15,5.51589077678235e-10,-7.46664861170377e-08,-4.30613767257814e-14,-8.72875456052389e-15,3.80396026931406e-16,-1.40132578674131e-15,-5.37243860510017e-15,-2.03638725933013e-16,2.59372240454136e-15,-2.61311579225801e-16,2.27962019370137e-05,-1.65651358757121e-16,-3.59224375796997e-16,-1.39433969167144e-15,-7.26389752953242e-17,-6.4509668003465e-16,-4.22441332393023e-15,-1.11591184091968e-08,5.0889321244668e-17,-6.74811071814172e-16,8.255165999758e-09,5.63467395177161e-16,-2.92291087287578e-15,5.60652454396788e-16,2.49082700805025e-15,4.40283210472226e-08,-6.213760658999e-17,-4.65401025011244e-09,5.08564206004346e-16,-4.13708670653619e-16,2.41197844208744e-15,-1.07063016357165e-15,-6.90984220504209e-16,-7.94840214228925e-15,1.64636952005066e-10,-3.74160134672586e-16,1.64605366346641e-16,4.71161222439062e-08,-2.02355755071109e-08,-4.63316154702248e-16,1.4009074787525e-08,2.04454494576878e-09,-6.34647192445056e-17,3.35275921438456e-15,-1.00839056447197e-15,-5.97128464835696e-17,1.3860803763082e-15,-3.28323231705278e-09,-1.40166281361857e-15,1.67640697246406e-15,-2.10220920304035e-17,1.30181079746874e-09,1.23949114607687e-16,3.21680167892809e-16,1.02494376677157e-16,4.93384845651354e-16,-5.86166981683234e-10,6.15985955809893e-16,1.21301908864322e-09,-1.36486160311892e-15,2.69657486611279e-16,5.32904266255248e-16,-3.6440004468371e-16,2.01405544158436e-16,-5.54736946467052e-16,3.86481665728191e-16,-2.67802684910163e-08,3.1771184981843e-16,1.41396753406451e-16,8.6667756864928e-09,-1.48198778557835e-15,6.22669186020483e-18,-3.70570310548043e-16,-3.6208403676339e-17,-3.90163454782217e-16,-2.82504964178978e-15,-9.00344501289489e-09,-9.32506162369662e-18,-2.16287602982522e-16,1.84137573437872e-08,-1.43996603385129e-15,8.87403651810224e-17,1.45643645807438e-16,6.03480252753101e-16,1.630147846946e-16,5.04084233882443e-16,1.86697504556983e-16,5.56260669071566e-16,-7.68112054280112e-16,-1.33659845301327e-15,2.78511378320883e-16,-9.51234252124399e-09,4.07496873667494e-08,1.30296747986038e-16,-6.8646338957125e-16,-1.25958617987633e-17,-8.60009513033477e-16,1.04815245025036e-15,-5.63128059563729e-16,4.90151548530911e-16,1.43606086495611e-16,-3.92280269382625e-10,2.49670852061315e-16,3.12796227620435e-16,-3.61672257652213e-16,-2.59229885612138e-16,4.99144653648413e-10,-5.85995890229519e-16,-4.04182596295528e-09,4.63958456461659e-16,-1.44507812931528e-16,2.01645598576797e-16,1.60246105349189e-16,-1.0162016109186e-16,-4.92728924310255e-16,-1.91969214474765e-15,4.56257483539991e-16,1.77331401538426e-16,-9.37892821547941e-17,-3.70240174328408e-16,-2.82916347424134e-16,-3.93728497954959e-16,-8.99153918512724e-18,1.20893511602676e-16,-1.50483447238032e-16,1.32157677189238e-16,-1.53073545211128e-16,-7.64640501191177e-16,-2.80541157527264e-17,6.82396847362376e-16,2.02543899233751e-16,5.52033595369062e-16,1.93384016012585e-16,-2.74670552058169e-17,3.67156571868017e-11,-1.91880898764562e-16,1.15454502749993e-15,3.70700379766108e-16,-4.80350670261993e-16,-8.82202185865404e-16,9.1446293456565e-17,1.28610873674705e-15,-1.82548346552193e-16,-1.66695213929929e-17,1.0738497376005e-16,-1.1161319264652e-15,-4.40746438527691e-16,-8.94842814758825e-17,-8.64294289371231e-17,3.9929382280001e-16,-1.67353879368358e-16,4.46587353433365e-17,-4.68166849861199e-10,7.09843294934636e-17,-8.71903111845397e-17,-1.77029852136116e-17,-4.2659024375209e-16,-2.87176080668093e-16,1.83433401514938e-17,-3.83187923899103e-16,1.52419282802931e-16,1.02958142398006e-16,9.84607286305961e-11,-1.40850261688245e-16,2.33645533366074e-16,2.57253931613656e-16,2.45021959426469e-17,-1.67686817444538e-16,4.97874108076726e-16,7.36278453692246e-17,4.9752817709596e-16,-2.45269704000267e-16,-9.45931229748852e-16,-2.55237887613018e-16,-9.27535053397502e-17,-3.15035916048695e-17,4.93939785185536e-10,1.07576341713629e-16,-1.73869009485263e-17,-9.89869793459046e-17,-4.96564594998361e-17,-1.48356908727259e-09,-1.87942114105111e-16,1.87749739465355e-16,-5.26797436394274e-17,3.36114280709431e-17,1.5150301221755e-16,1.31113859289227e-16,5.62034300007498e-17,1.71727592462275e-16,-5.2555716799802e-17,-9.87795077235094e-17,-2.97795428171138e-16,2.90108945992114e-16,2.28207059806991e-16,-2.11264757911285e-16,-1.60748835210419e-16,-2.7187988575526e-16,-2.24074965175895e-16
"t759",-0.042172228943268,0.0353395633068601,-0.0576057348829159,0.024071414870828,0.00494737024701445,0.000459545480236041,-0.00862758456577521,0.141782298139605,0.000144448468117121,-0.000486628085838596,-0.000215978127735271,0.00899773820676106,-0.0138261316366992,0.00191098445501815,-0.000393247066306148,-0.0360964408529894,0.000563398698497435,-0.000672888743331934,-4.98339479233095e-06,0.000130904752242905,-0.0785149203504438,-0.00078226343319578,1.41222462642487e-05,-6.86926575127608e-05,8.32335437420898e-06,1.19396967049117e-05,-2.18578125450357e-05,2.65266939285775e-05,-0.000898507491479469,0.00103385698402329,-3.48530388080179e-06,6.47503593230239e-06,-0.00233586467579835,6.3941320507473e-06,-4.02407371980168e-06,-8.1779343825164e-06,-0.000343621111075814,2.64254532542924e-06,2.23116391597513e-05,6.73756571344712e-06,0.000450861498204539,-8.20440222429912e-05,0.00097467186850744,-0.000118257492065948,0.0556068041762828,2.70992238950951e-05,-2.42769700795132e-05,0.00041408000974517,-2.24243140508587e-05,3.09539974848204e-05,-0.000139065149186509,1.07071829789427e-05,-1.4629440874318e-08,0.000251289192258362,-8.39809270600228e-07,8.14486675776003e-06,-3.06493438463923e-10,-3.55504252273088e-06,1.33784564584426e-06,-3.36013349997686e-05,-6.02453785124793e-06,7.82413447963564e-07,-2.74399857642554e-05,1.4845768174901e-05,-1.1794841788392e-06,2.98793828449325e-05,-2.10597824560135e-07,7.78933065740183e-06,-2.17216757812295e-05,8.81909997574422e-06,-7.86450127657172e-06,0.000171398433808052,-1.14785749099956e-06,-6.73582619825265e-05,2.98557279069586e-05,7.52432045210998e-08,-0.00140347491062889,2.11413280026688e-06,-1.18517639206803e-05,-1.48305408167537e-05,4.77586738888504e-06,7.29532093471501e-05,-1.0503730006991e-05,-6.92976206426419e-05,5.24443749934618e-06,0.000946071571222544,-0.000300150141780294,-4.61010506097216e-06,-1.77720279670003e-06,0.00195544458924585,-1.77946938052434e-06,1.15365206015648e-05,1.26078376907164e-05,-0.00124760547593501,-6.33508839912723e-06,-0.173339596048833,0.00728666811307449,-0.027460073541132,0.000342332801412492,5.81940036506562e-05,9.04134759119843e-06,-4.26499716028996e-06,1.17025058351019e-05,-1.73665280306732e-06,7.20615965590268e-07,-7.81436434268726e-06,3.48473676434977e-05,-9.08908148507399e-06,5.14536265469148e-06,-9.59590292156449e-06,-5.15211618773885e-06,-1.13617597620559e-05,2.4815944875978e-05,-1.82407176772141e-05,6.82700190350525e-08,-2.41708087948723e-06,3.44319256828866e-06,-3.32749968138365e-06,3.10409660511709e-06,-7.21645508909616e-06,3.39927526898956e-05,-5.69428083709747e-06,5.1413478645597e-06,1.41233845668264e-05,-3.52366704227965e-05,5.43834798572088e-05,-4.08960435332186e-05,1.25726875020518e-06,-2.35460486940946e-06,-7.76926877168002e-05,1.29697687948858e-06,-9.1987629726006e-06,1.24649717713706e-05,2.84364189601955e-06,-0.16110944662386,2.06055302754128e-05,-4.90579375596392e-10,1.29294881352564e-06,-5.03685087590666e-07,1.44798122645824e-06,9.18549895428598e-08,3.53488705781065e-06,-6.82345813906383e-07,-4.48579325455905e-08,-1.08390786259556e-06,8.14419373574956e-09,3.21167361101904e-07,-3.87473057567571e-08,-2.36564819022993e-09,5.288408976064e-09,5.82274213223972e-06,2.1255408363528e-08,1.73769244410008e-05,-1.35907138913959e-07,1.91202293022657e-08,1.35066569469184e-09,-1.69201707336542e-08,-3.49532092066017e-06,-2.17379517013097e-08,-7.48094676839181e-09,-4.39832034591058e-06,8.87221154170868e-08,-6.04127307030329e-08,-8.15818550979508e-06,1.15428962580224e-06,-4.93043217379286e-06,1.28494547085119e-06,2.24315780031149e-08,1.12138459357884e-06,1.62212228247504e-06,-2.12246263638591e-05,-5.08406993991388e-06,4.03909073368191e-06,2.09365983806385e-07,4.3552381097153e-06,1.02751550574833e-07,4.16952501999162e-07,-5.49760871563722e-06,-2.39905788787482e-05,-0.0127615712965638,-0.000588987410639523,-0.000298493188136317,5.71219873560016e-06,1.52465220761957e-07,5.11277413534617e-07,6.94830012327835e-07,1.36324602619179e-05,-5.01005486834577e-06,-2.40263499413781e-05,0.00426479196409795,-8.35047804062482e-08,3.45015615731419e-08,7.53224642297247e-08,2.32727047171452e-10,-1.37830650085587e-09,1.07131037650903e-08,2.11632985266222e-08,9.1112215222152e-07,-1.36939159158197e-08,-4.80915640134113e-09,-4.71147708069141e-09,-6.43078997555161e-07,8.01481510375972e-11,2.19740124731703e-08,4.72403971508876e-09,1.38844457686714e-07,1.14210262179749e-09,9.13601037152295e-07,-6.38495533226588e-08,-5.05015982389504e-09,-6.84419508428619e-07,1.68210096116271e-06,-6.14500047542185e-06,-1.22107562231252e-07,-3.75413250533433e-06,-1.06642711814523e-07,0.00542674011760066,-1.99882461269584e-08,-1.32629630448977e-08,-9.62256689509763e-08,-5.70931845780058e-07,7.87362216100942e-06,2.42273485330998e-07,8.41841735576977e-07,-2.6048523513742e-07,-1.38673625893668e-07,-1.47777983033155e-06,-1.29597640796975e-07,-2.41374494971131e-07,-2.43148801114165e-07,7.66416834440484e-06,1.41185196368207e-06,1.31454398262397e-07,2.33357032619616e-07,-3.04680447324046e-08,-0.292355850044055,2.21500804358196e-06,-1.67340685729937e-15,1.39233327914851e-07,-6.35746581974083e-05,1.20218142052517e-07,2.21187579101887e-06,1.35627742425355e-06,-0.00222815226898478,5.25204282344082e-09,-1.2093933311389e-06,3.01170495231002e-10,-8.63996880595465e-12,-1.67836503570715e-10,3.71957423942809e-08,-1.66723404386851e-09,2.55938659587565e-07,-1.87513239872183e-08,1.29645851099048e-07,-1.01518191727339e-08,7.29490044017548e-08,-2.00401013178278e-07,0.000178400233108375,3.70061366417465e-08,-8.25007916100155e-09,2.08506210125782e-07,-4.21228291941048e-08,4.8253438413693e-06,-2.55053237775653e-06,2.78209904071826e-08,-9.56681825001276e-09,1.44067150460929e-08,1.02535923103051e-06,-2.35766168642562e-06,1.66907572621522e-08,6.87079976088495e-09,-1.64672499308571e-08,1.45496032534192e-06,-4.14369409024247e-05,1.66476285337512e-06,-3.2240437451571e-05,0.00784416056430266,2.18531175178661e-06,-1.45566948391709e-06,4.34543808479465e-07,-2.05373624575821e-07,5.68792449893812e-17,3.42184333940149e-07,1.1214162729056e-08,9.10018638622585e-11,5.92312565698855e-07,-8.45886557484027e-09,4.76831889487766e-09,1.62095560065702e-05,-2.84718196328391e-07,5.16346710249756e-08,-1.33913725634206e-07,-4.13827054373093e-09,2.17946883719722e-09,-2.53998924756073e-08,2.85243536417894e-08,-4.84651200069017e-07,5.24058712390556e-10,2.44788850293511e-07,1.6622312967182e-10,9.16607666338054e-10,2.33166719001225e-08,-3.17773713623301e-07,7.8338517509101e-09,-3.17746621477967e-08,4.55455256973408e-08,-1.68303657888157e-07,1.21415793594808e-08,1.10695164318197e-08,8.57983887060131e-08,-1.4594363904614e-07,-1.21418994054057e-08,1.02629156931756e-07,-6.9348028097816e-08,1.73746085022922e-09,1.653275825523e-08,-3.36164468004219e-08,5.37545322095068e-16,1.30413414878606e-10,5.63112622279766e-07,-4.00785944782356e-07,3.89309000280501e-08,3.48689157902565e-08,1.02856070420556e-08,2.42851988725881e-08,-3.62784696626726e-07,1.40687031517556e-07,-5.16898525079438e-16,-1.19333488787588e-07,-1.47407303711603e-09,-4.24176112837024e-09,1.41597949325556e-07,3.45143023114334e-08,-2.43618207465348e-09,-9.97428595236019e-08,2.79771410773786e-08,-1.04947021701463e-06,2.2823932896009e-07,-5.15613862732971e-08,-9.98045270787954e-08,-5.52509292972267e-09,-4.50004606083348e-08,-1.15083715214675e-07,5.187092128162e-07,-1.42847833770798e-07,4.68145281343056e-16,-0.000238274856163582,4.17575856977344e-06,1.55755517930364e-08,0.398623241302291,4.29636380784802e-06,5.91649502926688e-07,-1.57664559751042e-06,5.4491425015051e-06,3.17422450759835e-08,1.14679205177813e-15,4.87700201224496e-08,1.26703717651515e-07,4.63216142220506e-08,-2.63978321548929e-15,-7.03250461076194e-08,-8.73853722616095e-07,1.30026473695579e-07,5.06787468279132e-08,1.55964548008998e-08,7.88424361577319e-09,2.70418117856601e-07,-6.82742883482096e-09,-7.19899450549643e-08,-2.08684309901505e-08,-7.94305516740334e-08,-0.000419258343156168,1.18107250540106e-16,1.22978024819653e-07,-7.25539273665541e-09,-3.98393630570535e-08,2.79402658131506e-09,7.46952310432019e-16,2.71583740317602e-10,2.14271138941711e-08,-1.5201142739514e-09,-1.62822781088925e-09,-5.34230362795349e-09,0.000318756842534862,-4.69707222362243e-08,1.24965607480712e-08,1.16412994792473e-15,5.65290294086264e-08,-5.74991809342267e-07,2.18163659581466e-07,7.5494473395482e-08,-7.69256717665566e-09,-5.21437196140456e-11,7.56339435525888e-16,-7.06164646471629e-18,-5.30067890661953e-11,-3.69925024885746e-07,4.89965302178704e-08,-9.71686292764342e-09,2.28959291686113e-16,-4.9115514313251e-09,-5.94641741715406e-11,-5.69706255834763e-17,-1.78403601896449e-16,-1.74566174647937e-17,1.35049739790056e-08,4.01459201421427e-08,-5.95750699781286e-08,3.59219314780731e-08,1.79495505759784e-08,3.77216128553104e-08,-1.14250958157783e-07,-1.84663051711045e-16,-2.60733717837619e-08,9.63560466665893e-08,-1.60543340167644e-16,2.92530914543354e-16,-5.02303514040433e-08,-3.99448533019943e-12,-2.42797639631783e-07,2.71385684701148e-08,0.00185798796334154,6.46157009842585e-10,6.92129797887247e-16,-2.03805717568058e-09,6.68715952170335e-16,-1.36067043519967e-08,-1.20847884650666e-15,-2.04115684192256e-07,-2.82993817188237e-16,2.24780169871752e-08,4.06114222842989e-08,1.99847226542787e-09,2.64920216246333e-08,9.15653660555578e-08,-8.00009917740499e-08,6.81659993980856e-08,3.46487183164264e-09,1.68576115639567e-08,1.56166890153933e-09,1.85389497578682e-07,-7.02378332553175e-08,-1.74740444432948e-08,-1.42737032754716e-09,-2.56852522524602e-07,-3.91172546353689e-16,3.23228745645469e-07,-5.61971138967812e-08,5.66471555985072e-09,2.73087064788318e-17,7.54284110343606e-10,2.06212907335023e-08,7.404079993838e-08,-5.03610188276351e-16,-1.24893392472711e-07,-9.62743972434782e-09,-2.91345312029836e-16,-1.27713532922409e-08,8.08490470312107e-06,2.16748466147946e-16,5.50565857645854e-17,-7.40812550087572e-09,-5.73690198673988e-09,-3.28499203812919e-11,-4.58085408625788e-08,1.2288941818771e-08,2.50978192107181e-08,3.48920278698799e-09,4.32006385736867e-08,-7.39813824536286e-08,-2.47306515543944e-16,1.06156913152463e-09,1.05464517217259e-10,2.91697835659833e-10,2.73709209949682e-08,9.97285224193858e-17,-8.00274287062262e-17,9.03583868762672e-09,1.02865784256446e-16,1.21852305051894e-16,5.81119388039521e-08,-6.51370635266516e-08,-8.43180758989516e-08,-7.08599256842667e-10,2.15242656363293e-06,4.72488874394223e-08,2.12561760109927e-09,-2.07068676429026e-16,5.2660745672922e-09,2.47020001242058e-10,1.13507997325872e-09,-8.00571241467466e-08,3.19510971325882e-07,1.32763046268448e-16,9.87769486309542e-17,6.42189118141351e-15,-4.0883675098138e-09,-1.3736801628638e-08,-1.1520842840699e-08,-6.40747332514694e-16,-1.06203359940367e-08,-1.07809087703935e-15,1.41439225270888e-16,2.60200453001403e-07,-5.71640238787385e-09,4.47775497236513e-16,-1.42272366817333e-08,-5.13718043278676e-08,-8.64599300695391e-16,2.24913021317277e-08,1.61911839812949e-16,6.14517194689057e-09,5.86652544148233e-18,6.14522186171679e-09,5.32912706680148e-08,1.34235803628898e-08,1.8245042855903e-09,1.26147660801524e-08,-3.38195929599404e-07,1.91866788050846e-08,1.90679932684059e-16,1.40395364610154e-06,-6.43782387679487e-08,-5.86743039375915e-17,-7.04120016287308e-08,-3.99368289703949e-08,0.0105331250406876,-1.54041325640933e-16,7.39831217112155e-09,7.61563277562221e-08,-9.13714141802778e-17,-3.02224515330938e-08,-6.92259770669195e-09,-2.73883565292727e-09,1.93576356712743e-16,-9.84916933655998e-16,7.94117663727748e-09,2.52074913058514e-09,2.05373351659057e-10,-3.46500126905089e-08,1.81682943866156e-09,-3.77324796106582e-16,7.08561551472015e-18,6.80435130252718e-09,4.70619453097005e-11,-3.83820215847052e-16,1.73614270554867e-08,-2.61780031392278e-16,6.62059442188957e-08,-3.97089570125458e-09,-2.34451974019002e-09,-1.62570498728583e-08,-8.0614203274701e-16,-5.4941452043933e-16,-3.56853112933347e-16,4.13756130065274e-16,-5.96634250869523e-08,-0.0384091382174396,1.53434431363793e-14,1.05424528825472e-15,-7.45192291693109e-16,-4.92137421096691e-08,-0.000137298435205732,1.72266873451604e-09,-1.82968508969725e-16,-1.76737151389578e-15,4.89463070768581e-16,-4.32426574750718e-08,9.33580481078366e-09,-3.38568781206481e-16,7.50603502674529e-05,-5.14073123105392e-08,-3.25261883713937e-17,5.80067861013608e-16,-5.53789640111434e-09,-5.70278599779714e-11,-2.85209147040933e-09,3.13113352165552e-16,3.36047666830698e-09,4.99965132250752e-09,5.50824827917123e-09,-5.18724574381617e-09,-1.86524158746209e-08,0.000553329721947124,2.05117288709159e-16,2.50850635143614e-16,-1.70608976374504e-16,2.41494561994148e-07,-2.92465597805036e-08,-1.60378558491284e-09,-1.30240962920186e-09,3.1828089884759e-16,7.03915993809904e-16,7.39989422362178e-16,-6.15998705317148e-16,-1.35042572114942e-15,4.43406712567482e-08,2.13313112151752e-16,2.59166081296008e-16,-1.04907772095199e-09,-3.23662899174955e-17,-9.39673326728008e-10,4.92869066742558e-16,-1.16617204020672e-09,-1.31799950805633e-16,-1.4411799476424e-09,-1.81377034469256e-10,-4.56457042335801e-06,2.23537164304493e-16,5.88542129802409e-09,-2.96485419779449e-16,8.52455364597974e-09,-1.06457339249024e-07,8.52296748750361e-11,1.19271104545745e-16,1.25704542643353e-08,2.55946098418672e-16,-3.1452476800831e-09,-1.77689611005202e-08,-2.31434350911531e-16,-3.91006273342339e-16,1.25709601883596e-15,-3.13609088207464e-16,-6.05831968889085e-11,-7.92277353451885e-10,-1.77802057060113e-10,6.39362682516953e-17,-8.04301178584927e-16,-1.3363315277492e-08,8.1353018071325e-07,-4.08784146604195e-16,-4.72173949530316e-16,-8.62030449288649e-10,-9.25897145414875e-16,-6.16023274854654e-09,4.28543405140798e-13,5.96915459726049e-08,-6.24445187781267e-16,1.18946043434917e-15,-1.69879859607845e-16,1.75861926383185e-16,-4.24314227465629e-16,7.67866266386243e-16,6.31132810641157e-08,-4.41808408724839e-07,2.17070313315515e-17,-5.83286253710559e-09,2.24610220651015e-08,1.28756629841631e-15,1.40266068070001e-15,1.08069367940164e-15,4.59346416245802e-16,2.35323656790928e-09,3.82600188815272e-10,8.92257901588162e-17,-3.41879341103066e-17,-4.4309165063492e-09,-1.58481211535072e-08,-1.67391035420448e-09,1.16447424221474e-15,9.31054674818099e-16,-2.38235792869834e-16,-5.3948412200993e-15,3.06185816866038e-16,1.85037036571241e-15,1.16643403951639e-08,-1.13540504055432e-08,-2.25182531673845e-09,1.00266632753758e-15,2.08030752276274e-15,1.77968943719484e-16,1.03133305289395e-15,-1.08343812246967e-15,-2.75689709337931e-15,-9.55739929393632e-16,-6.89239250847777e-15,-1.0495997484717e-15,-1.18837491914259e-14,3.34090060026402e-15,1.52084112868655e-14,-9.04170360147708e-15,-3.97073253367584e-13,0.397312672370632,-3.90679621174603e-14,-6.71556014876881e-14,1.56616220128837e-15,-4.31111372586497e-07,5.91842573787173e-10,4.94547590166863e-15,5.74593527465488e-08,-1.19153037316117e-07,-1.31188437742902e-15,-1.32328462122956e-16,1.5502885401896e-08,-2.04748462026749e-15,-5.34613297322188e-10,1.37648963024165e-15,5.76058247937831e-16,-1.97700831498431e-15,9.26796816458298e-16,1.05156274168993e-11,-1.97399099533399e-09,-9.33688424265496e-15,2.93469136087747e-15,-6.94863284780097e-16,3.93717991050558e-15,-2.19914147656097e-15,-1.16573821311575e-16,-2.72067957462402e-15,-1.04621678590687e-15,6.82637987187276e-06,-1.51645437176334e-15,4.05941789862463e-16,2.40715380356643e-16,-6.75189081217226e-16,9.03348637025112e-15,2.95726189168355e-15,-3.78969476440148e-09,2.74690552896875e-15,-8.25550943146214e-16,2.86051912552497e-09,-2.15683497917716e-14,-6.83418198584221e-15,-1.12311458408966e-15,2.60077120669087e-15,1.84113548436411e-08,-1.02116181203235e-14,-1.99850072544111e-09,-3.38357560746278e-15,-3.95219311170825e-14,-6.89481712459115e-14,-2.0517098863772e-14,-1.25261455755334e-14,0.707106781186549,7.41665491751212e-11,3.42053012744087e-14,-2.78966128261765e-15,2.19879259545455e-08,-9.45890220464473e-09,-1.32287424003903e-14,6.72647636240998e-09,9.89597053143667e-10,-2.9875919934365e-15,3.55501093165499e-15,5.16789527291657e-15,-2.42897309571875e-15,-4.92124748924213e-15,-1.75762584560795e-09,7.83741146967074e-15,7.21283562699976e-15,-5.02512942259934e-16,7.12072154650815e-10,3.46497261851923e-15,6.04413629119285e-16,-7.88239571292895e-16,1.21268481357788e-15,-3.29162051554548e-10,3.5274197572398e-16,6.86420805136755e-10,7.94019766201036e-16,1.25192712020112e-15,-1.90734014776898e-15,1.49578458847817e-15,-3.18397247063062e-15,1.18812560819088e-15,-3.65497822366064e-16,-1.5731719378382e-08,-1.54560588369543e-15,-8.51465275127732e-16,5.13480305330849e-09,6.71331510863634e-16,-7.55806563335518e-16,5.88360407594555e-16,4.03014442089756e-15,1.29465569525098e-15,3.40567026597763e-15,-5.46994613610691e-09,1.30757258508808e-15,9.48533632185609e-16,1.13050936957395e-08,-1.73490133870218e-15,-1.08878670867692e-15,-9.0759367551447e-16,1.29602913404811e-15,-1.01249292295176e-15,6.89603115477788e-16,4.35966811437773e-16,1.95856128531196e-16,1.1250630723269e-15,1.97900764474454e-15,-1.54077861182562e-15,-6.04951757255831e-09,2.60166011598935e-08,1.03227476506036e-15,-5.27217648456242e-17,8.71955706693895e-16,-1.92970741821359e-15,7.31402785558721e-16,-6.9681678835118e-16,1.10622367517662e-15,5.56483569330038e-16,-2.55336860766292e-10,1.00616488264597e-15,-1.60881671245063e-16,1.91019170826137e-15,-8.92548064835485e-16,3.29867070598951e-10,-8.86708247767018e-17,-2.7139272812364e-09,-1.84445075540151e-16,9.02018222101342e-18,6.18570541385282e-16,6.57970129882604e-16,1.48431830593818e-16,-1.52635527843884e-15,6.32648525949744e-16,5.40251730012233e-16,7.12501359496471e-17,-8.42364056884927e-17,-3.77467050414683e-16,3.14453558430901e-16,4.923725160318e-16,3.78204535902142e-16,-5.85883050664444e-16,2.03945787256264e-16,-4.32714425444046e-16,-6.70611501426865e-16,1.65526978517212e-16,-3.12637300731756e-16,5.39173740377041e-16,-2.8453555228212e-16,-6.09366211733642e-16,-3.22440384898955e-16,3.30101837645144e-16,2.59060433246746e-11,1.97292602434758e-15,-1.63517737572916e-15,1.01181207124704e-16,4.60397151877361e-16,-3.19042912396544e-16,3.48650881718839e-16,-6.02441025857738e-16,-4.78231466485341e-16,-3.29102203131907e-16,3.01616187907257e-16,-1.31730563956989e-17,2.59951139650519e-16,-1.68660463669642e-16,3.91042171777869e-16,-5.23936604320701e-16,7.77279354704468e-17,-2.98889425478731e-16,-3.39414696748462e-10,4.47046873546509e-16,3.00388223874532e-17,-7.52886132031184e-17,-1.07834452705247e-16,-4.32410040252616e-16,-1.61899863525095e-17,3.05287897388534e-16,5.55810024394996e-16,-2.44401510785202e-16,7.31174408372766e-11,1.34774183598106e-15,-1.86462416508284e-16,1.24543293277299e-16,-2.73947800072965e-17,1.13186293218483e-16,-1.38949853515689e-16,3.95611351563537e-16,4.2169929909568e-16,1.34307685484642e-15,-6.49654637691933e-16,-1.25581256958545e-17,6.02645636864591e-17,-2.13073660009786e-16,3.7451861814869e-10,2.37846318515034e-16,-7.7782141291606e-18,1.14483080110648e-15,-3.56485674313234e-16,-1.13477890499331e-09,1.59949874484551e-16,6.17849647749387e-16,1.89289809342826e-16,2.42610155762841e-16,3.99315353154404e-17,1.29101127655502e-16,5.061099700397e-16,-5.05866243987955e-16,1.56873986490925e-16,-5.18459855102847e-17,-2.85721800359634e-17,-7.76877502972596e-17,-3.86180704737434e-17,1.68045699942897e-16,2.6537888306696e-16,-9.07635976737138e-17,-7.32061216262903e-17
"t586",-0.042172228943268,0.0353395633068601,-0.0576057348829159,0.024071414870828,0.00494737024701445,0.000459545480236046,-0.00862758456577522,0.141782298139605,0.00014444846811713,-0.000486628085838596,-0.000215978127735262,0.00899773820676106,-0.0138261316366992,0.00191098445501814,-0.000393247066306147,-0.0360964408529894,0.00056339869849742,-0.000672888743331922,-4.98339479233778e-06,0.000130904752242911,-0.0785149203504438,-0.000782263433195765,1.41222462642345e-05,-6.86926575127634e-05,8.32335437419163e-06,1.1939696704915e-05,-2.18578125450408e-05,2.65266939285687e-05,-0.000898507491479449,0.0010338569840233,-3.48530388079727e-06,6.4750359322875e-06,-0.00233586467579837,6.39413205073145e-06,-4.0240737197994e-06,-8.17793438253695e-06,-0.000343621111075827,2.64254532498182e-06,2.23116391598219e-05,6.73756571330082e-06,0.000450861498204525,-8.20440222429014e-05,0.000974671868507465,-0.000118257492065876,0.0556068041762827,2.7099223895004e-05,-2.42769700793405e-05,0.000414080009745179,-2.24243140504981e-05,3.09539974848111e-05,-0.00013906514918654,1.07071829784019e-05,-1.46294409116024e-08,0.000251289192258382,-8.39809270455758e-07,8.14486675770657e-06,-3.06493773126217e-10,-3.55504252256817e-06,1.33784564592405e-06,-3.36013349997676e-05,-6.02453785110544e-06,7.8241344792558e-07,-2.74399857644074e-05,1.48457681746461e-05,-1.17948417867688e-06,2.98793828449388e-05,-2.10597824239412e-07,7.78933065766048e-06,-2.17216757812985e-05,8.8190999755057e-06,-7.86450127702587e-06,0.000171398433808035,-1.1478574909964e-06,-6.73582619825978e-05,2.98557279069735e-05,7.52432045174002e-08,-0.00140347491062893,2.11413280004645e-06,-1.18517639205028e-05,-1.48305408165183e-05,4.7758673888632e-06,7.29532093469394e-05,-1.05037300071021e-05,-6.92976206427123e-05,5.24443749924723e-06,0.000946071571222679,-0.000300150141780403,-4.61010506092671e-06,-1.77720279667223e-06,0.00195544458924588,-1.77946938050103e-06,1.15365206016763e-05,1.26078376907188e-05,-0.00124760547593518,-6.33508839920453e-06,-0.173339596048833,0.0072866681130745,-0.0274600735411314,0.000342332801412651,5.81940036507925e-05,9.04134759094803e-06,-4.26499716026385e-06,1.17025058351595e-05,-1.73665280312896e-06,7.20615965604505e-07,-7.81436434279091e-06,3.48473676439691e-05,-9.0890814850653e-06,5.14536265472952e-06,-9.59590292154091e-06,-5.15211618786861e-06,-1.13617597622321e-05,2.48159448759816e-05,-1.82407176770488e-05,6.82700191681412e-08,-2.41708087906314e-06,3.44319256821556e-06,-3.32749968125157e-06,3.10409660520137e-06,-7.21645508899015e-06,3.39927526898383e-05,-5.69428083708445e-06,5.1413478643349e-06,1.41233845668311e-05,-3.5236670422517e-05,5.43834798571546e-05,-4.08960435334038e-05,1.25726874991323e-06,-2.35460486939801e-06,-7.76926877167279e-05,1.29697687945891e-06,-9.19876297239127e-06,1.24649717713568e-05,2.84364189630774e-06,-0.16110944662386,2.06055302751285e-05,-4.90579164005504e-10,1.29294881358696e-06,-5.03685087626977e-07,1.44798122642352e-06,9.18549896146389e-08,3.53488705756122e-06,-6.82345813793341e-07,-4.48579325431065e-08,-1.08390786260697e-06,8.14419366450378e-09,3.21167361232571e-07,-3.87473058543611e-08,-2.36564811564101e-09,5.28840895231759e-09,5.82274213229328e-06,2.12554082820113e-08,1.73769244413355e-05,-1.35907138771606e-07,1.91202293930911e-08,1.35066561742148e-09,-1.69201706447162e-08,-3.49532092055138e-06,-2.17379512309213e-08,-7.48094666784464e-09,-4.39832034589179e-06,8.87221154430155e-08,-6.04127304609398e-08,-8.15818550979459e-06,1.15428962633393e-06,-4.93043217369387e-06,1.2849454706286e-06,2.2431577857654e-08,1.12138459358301e-06,1.62212228242895e-06,-2.12246263639594e-05,-5.08406993986964e-06,4.03909073338388e-06,2.0936598389336e-07,4.35523810964438e-06,1.02751550548298e-07,4.16952502043102e-07,-5.49760871563481e-06,-2.39905788787389e-05,-0.012761571296564,-0.00058898741063955,-0.000298493188136479,5.71219873550657e-06,1.52465220810016e-07,5.1127741350615e-07,6.94830012425523e-07,1.36324602620201e-05,-5.01005486836597e-06,-2.40263499412827e-05,0.004264791964098,-8.350478053716e-08,3.45015617158846e-08,7.53224650135237e-08,2.32727084187626e-10,-1.37830641999206e-09,1.07131035824809e-08,2.11632987893218e-08,9.11122152116149e-07,-1.36939159508302e-08,-4.80915620907474e-09,-4.71147708160959e-09,-6.43078997468079e-07,8.01480628638074e-11,2.19740124261128e-08,4.72403965535997e-09,1.3884445773673e-07,1.14210258095261e-09,9.13601037183086e-07,-6.38495532372143e-08,-5.05015983757364e-09,-6.84419508567083e-07,1.68210096085222e-06,-6.14500047479169e-06,-1.22107562397286e-07,-3.7541325050555e-06,-1.06642711524757e-07,0.00542674011760096,-1.99882459975131e-08,-1.32629629647599e-08,-9.62256687435852e-08,-5.70931845547434e-07,7.8736221606852e-06,2.42273485472067e-07,8.41841735415307e-07,-2.60485235218676e-07,-1.38673625837174e-07,-1.47777983006076e-06,-1.29597640713526e-07,-2.4137449515265e-07,-2.43148801053477e-07,7.66416834443407e-06,1.41185196369764e-06,1.31454398241227e-07,2.33357032742128e-07,-3.04680446925496e-08,-0.292355850044053,2.21500804373589e-06,-1.20971075591578e-15,1.39233327849567e-07,-6.35746581973363e-05,1.20218142127245e-07,2.21187579116224e-06,1.35627742408627e-06,-0.0022281522689833,5.25204279943582e-09,-1.20939333018099e-06,3.01170394382267e-10,-8.63979896642764e-12,-1.67836555413327e-10,3.71957424431309e-08,-1.66723400319732e-09,2.55938659751369e-07,-1.87513240036119e-08,1.29645850837759e-07,-1.0151819092015e-08,7.29490043956783e-08,-2.00401013167581e-07,0.000178400233108334,3.7006136912185e-08,-8.25007927615025e-09,2.08506210222352e-07,-4.21228291662712e-08,4.82534384119894e-06,-2.55053237770836e-06,2.78209903154691e-08,-9.56681796701856e-09,1.44067151137911e-08,1.0253592308885e-06,-2.35766168642314e-06,1.66907570949663e-08,6.87079989088066e-09,-1.64672497402946e-08,1.45496032518812e-06,-4.14369409023763e-05,1.66476285306787e-06,-3.22404374517435e-05,0.00784416056430253,2.18531175182861e-06,-1.45566948396824e-06,4.34543808507265e-07,-2.0537362447221e-07,9.62765101015021e-17,3.42184333720994e-07,1.12141627018497e-08,9.10019229000095e-11,5.92312565801241e-07,-8.45886585259981e-09,4.76831927951308e-09,1.62095560066281e-05,-2.84718196499507e-07,5.16346709541119e-08,-1.33913725749027e-07,-4.13827068006046e-09,2.17946874745739e-09,-2.53998930292414e-08,2.85243535431675e-08,-4.84651200431787e-07,5.24058710880703e-10,2.44788850171538e-07,1.66223149210564e-10,9.16607836497424e-10,2.33166715843547e-08,-3.17773714099591e-07,7.83385176933408e-09,-3.17746619523578e-08,4.5545525738857e-08,-1.68303657869073e-07,1.21415800481005e-08,1.10695165284078e-08,8.57983889484193e-08,-1.45943639080873e-07,-1.21418994928994e-08,1.02629157131759e-07,-6.93480283910732e-08,1.73746095153597e-09,1.65327580561842e-08,-3.36164466717722e-08,4.23420884667098e-16,1.30413289320625e-10,5.63112622079496e-07,-4.00785944661575e-07,3.89309001528584e-08,3.48689156440565e-08,1.02856067486234e-08,2.4285199061838e-08,-3.62784696409176e-07,1.40687031611988e-07,-6.71785398693563e-16,-1.1933348874467e-07,-1.47407286056065e-09,-4.24176117599002e-09,1.41597949431719e-07,3.45143021525465e-08,-2.43618262517212e-09,-9.97428593996024e-08,2.79771409924616e-08,-1.04947021662135e-06,2.2823932897836e-07,-5.15613862844279e-08,-9.98045269004473e-08,-5.52509301503203e-09,-4.50004599479201e-08,-1.15083715136306e-07,5.18709212695806e-07,-1.42847833796707e-07,2.57016732366392e-16,-0.000238274856163288,4.17575856942508e-06,1.55755514809239e-08,0.39862324130229,4.29636380760102e-06,5.91649502925289e-07,-1.57664559762855e-06,5.44914250157274e-06,3.17422450896962e-08,1.12196609710554e-15,4.87700199908578e-08,1.26703717816808e-07,4.63216140773977e-08,-3.1721617127516e-15,-7.03250461463727e-08,-8.73853722749923e-07,1.30026473601509e-07,5.0678746606015e-08,1.55964548351718e-08,7.88424360453249e-09,2.70418117690355e-07,-6.8274288059587e-09,-7.19899461132758e-08,-2.08684309863598e-08,-7.94305518305831e-08,-0.000419258343156639,7.19886662302813e-17,1.22978024243471e-07,-7.25539268339238e-09,-3.98393625166383e-08,2.79402666300793e-09,-4.72226783153949e-17,2.71583863288749e-10,2.1427113959169e-08,-1.52011444054624e-09,-1.62822835301269e-09,-5.34230319083133e-09,0.000318756842535117,-4.69707222646043e-08,1.24965607413326e-08,4.32166429401555e-17,5.6529029530467e-08,-5.74991809332672e-07,2.18163659601936e-07,7.54944732754627e-08,-7.69256716832894e-09,-5.21435518258987e-11,8.86443696224148e-16,1.53430570585554e-16,-5.30067775360263e-11,-3.69925024796781e-07,4.89965309078442e-08,-9.71686174169215e-09,1.20882647800067e-16,-4.91155141059434e-09,-5.94639943128053e-11,5.13617308490565e-16,-1.72157245357893e-18,-1.92001530141733e-16,1.35049734697955e-08,4.01459202503422e-08,-5.95750698860267e-08,3.59219314495227e-08,1.79495505529075e-08,3.77216124798101e-08,-1.14250958293405e-07,-7.94621445666448e-17,-2.60733720497495e-08,9.63560466479639e-08,-5.8645136971797e-17,4.73919121056974e-16,-5.02303514923748e-08,-3.99394538841975e-12,-2.42797640346583e-07,2.71385682806562e-08,0.00185798796334059,6.46156750463376e-10,6.90991385606157e-16,-2.03805763774145e-09,3.80746664329159e-16,-1.3606703924903e-08,-8.38115384385607e-16,-2.04115683140332e-07,-2.28082127919245e-16,2.24780170881744e-08,4.06114221959157e-08,1.9984721483427e-09,2.64920219057506e-08,9.15653661598945e-08,-8.00009920945295e-08,6.81659994025607e-08,3.46487236845958e-09,1.68576115691556e-08,1.56166908982955e-09,1.85389498235685e-07,-7.02378334477898e-08,-1.74740430892785e-08,-1.42737043544739e-09,-2.56852522297024e-07,-3.18505381006526e-16,3.23228745871671e-07,-5.6197113896618e-08,5.66471567058709e-09,-2.26328921970653e-17,7.54284049646912e-10,2.06212906326344e-08,7.40407996133439e-08,5.11765938521615e-16,-1.2489339214255e-07,-9.62743973388362e-09,2.2759896338076e-16,-1.27713533150537e-08,8.08490470245101e-06,-7.81394139887469e-17,-1.91039575807057e-16,-7.4081252894432e-09,-5.7369021332843e-09,-3.2849564201117e-11,-4.58085409084168e-08,1.22889418746516e-08,2.50978194578638e-08,3.48920286545902e-09,4.32006382060894e-08,-7.39813823994615e-08,-3.02655036449329e-16,1.06156875461728e-09,1.05464589751406e-10,2.91698262265292e-10,2.73709213245183e-08,-3.31796346888851e-16,2.49312652738621e-16,9.03583813054322e-09,-1.68957413772209e-16,-2.89426473143394e-17,5.81119393620191e-08,-6.51370632532041e-08,-8.43180757256952e-08,-7.08599196900136e-10,2.15242656315467e-06,4.72488881852131e-08,2.12561730052238e-09,-1.7313628822395e-16,5.26607460571568e-09,2.47019592267278e-10,1.13508010250389e-09,-8.00571247344748e-08,3.19510970648834e-07,-3.12252541466034e-16,-1.54871957936784e-16,7.31157491130353e-15,-4.0883668619964e-09,-1.37368017452916e-08,-1.15208414452858e-08,5.78115283480336e-16,-1.06203359774301e-08,-4.57059872639645e-16,-2.43919207257229e-16,2.60200452044334e-07,-5.71640338070568e-09,-9.08561420542853e-16,-1.42272360054959e-08,-5.13718043596681e-08,-4.69014585536723e-16,2.24913030548866e-08,-2.82040158777025e-18,6.14517114814268e-09,1.99645321350248e-16,6.14522188721793e-09,5.32912702990942e-08,1.34235799573515e-08,1.82450446048014e-09,1.26147652550897e-08,-3.381959287698e-07,1.91866786030924e-08,-5.16384600420834e-17,1.40395364511079e-06,-6.43782389403939e-08,1.30407005164173e-16,-7.04120013268704e-08,-3.99368287176977e-08,0.01053312504069,5.11130650256086e-16,7.39831224373924e-09,7.61563279129829e-08,-1.09183329566464e-17,-3.02224522632594e-08,-6.92259813032183e-09,-2.73883528440649e-09,2.15018898417339e-16,4.26456297751364e-18,7.94117674818279e-09,2.5207488436942e-09,2.05373093235629e-10,-3.46500124030594e-08,1.81682921356931e-09,-2.54484561218378e-16,-5.91848864055124e-16,6.80435132581883e-09,4.70635552153869e-11,-7.78656455381259e-16,1.73614273442232e-08,1.50192072086767e-17,6.62059443727434e-08,-3.97089573891787e-09,-2.3445208476589e-09,-1.62570500372791e-08,-1.06214848937662e-15,-5.19332261294389e-16,-2.61767475448504e-17,3.11380895248526e-17,-5.96634258552797e-08,-0.0384091382174346,1.44644095633872e-14,1.13314745765035e-15,-7.75863900999197e-17,-4.92137421802205e-08,-0.00013729843520711,1.72266887880658e-09,-3.81383031420232e-16,2.41926162262984e-16,-1.95955990149599e-15,-4.32426567551334e-08,9.33580487632007e-09,-3.08902265274448e-16,7.50603502673369e-05,-5.14073130745755e-08,1.79555516289965e-16,-6.44481148378418e-16,-5.53789576216002e-09,-5.70271971035515e-11,-2.85209073564928e-09,1.04819482670454e-15,3.36047696385959e-09,4.99965347948362e-09,5.5082471272707e-09,-5.18724704607673e-09,-1.86524150628242e-08,0.000553329721950185,-1.53695584338006e-16,6.08307489843596e-16,-8.67268829651527e-16,2.41494561176493e-07,-2.92465593616657e-08,-1.60378568832092e-09,-1.3024093709576e-09,5.87935531671894e-16,-5.2894604480732e-16,-1.0851146754139e-15,-5.09251344138923e-16,-2.08581789219313e-15,4.43406712541185e-08,4.54134020974101e-16,7.81885779007282e-16,-1.04907828219823e-09,4.38266118876156e-16,-9.39673404786106e-10,-2.84333470564689e-16,-1.16617258604627e-09,-4.93326697628398e-17,-1.44118143655425e-09,-1.81377493213034e-10,-4.56457042529812e-06,-5.71404725480993e-16,5.8854221131789e-09,1.43216875228508e-16,8.52455399884512e-09,-1.06457340162518e-07,8.52293876937062e-11,-1.50585114633538e-15,1.25704554564596e-08,-1.48647426472635e-15,-3.14524625321311e-09,-1.77689615027012e-08,4.57556857692339e-17,3.6309446940303e-16,1.36593526952324e-15,-2.77936660644217e-16,-6.05842182959911e-11,-7.92278999602047e-10,-1.77802265136674e-10,-5.03741089348263e-16,4.66013347637929e-16,-1.33633155334127e-08,8.13530178861432e-07,-1.08511192763774e-15,9.16350303002871e-16,-8.62029758346821e-10,1.2417035408486e-15,-6.16023117519936e-09,4.31302412309552e-13,5.96915448676456e-08,-7.30514831978266e-16,1.98322480149353e-15,4.76845583327407e-16,-1.3846543841954e-15,-1.87340890459984e-17,-2.18972883993699e-15,6.31132880689206e-08,-4.4180840351207e-07,5.79945393502676e-17,-5.83286221890020e-09,2.24610206150112e-08,1.45258450924694e-15,3.87062312778325e-17,3.90301314053964e-16,3.95953598649274e-17,2.35323586656575e-09,3.82599125007054e-10,-5.51594276153894e-16,-5.28490946021225e-16,-4.43090967951854e-09,-1.58481197847949e-08,-1.67391196786416e-09,1.23984863410118e-15,-4.32015026029194e-16,1.19984568865272e-16,-6.67644380050055e-15,2.57491408719075e-15,1.28175074366263e-15,1.16643374492035e-08,-1.13540500515672e-08,-2.251825552765e-09,4.38865903102532e-16,2.78508548955226e-15,2.31969020575284e-16,3.04794314227738e-16,-3.29988941063668e-16,-3.56454964223593e-15,6.25993292828402e-17,-6.69351376993496e-15,-3.07550198447655e-15,-1.77560346290281e-14,2.16327711504993e-15,1.59458052785543e-14,-1.00073409630131e-14,-3.96942581835226e-13,0.397312672370645,-3.85371204979905e-14,-6.59304714454485e-14,2.38334096315552e-15,-4.31111373266645e-07,5.91839621264578e-10,2.32307107784253e-15,5.74593492467459e-08,-1.19153039132672e-07,-1.19214507514191e-15,-4.91053620298383e-15,1.55028884665767e-08,-5.63313318608055e-15,-5.34615198252613e-10,1.1823610038956e-15,1.26642926440504e-16,-1.89567876720958e-15,3.73750366174427e-15,1.05195127838122e-11,-1.97399686334735e-09,-6.38161083163441e-15,5.28146662919139e-15,3.23162821100023e-16,-2.56060633954591e-15,7.13448397582361e-15,2.95270157646014e-16,2.7570080467713e-16,1.47166495031891e-15,6.82637985848219e-06,1.58508788720602e-15,-5.501607607932e-17,1.06206125716088e-15,1.45910326548411e-17,-8.51130381528303e-15,9.2855022037372e-16,-3.78969695723075e-09,-2.73058302438912e-15,1.3778450416036e-15,2.86052686571874e-09,2.1216117051013e-14,9.48641199718095e-15,3.98891157435858e-16,-4.60882898565326e-15,1.84113574256816e-08,1.01974436262402e-14,-1.99851641162049e-09,2.52331144541956e-15,3.9884416652336e-14,6.65140741007913e-14,2.12853101013284e-14,1.31017105112857e-14,-0.707106781186545,7.4368547850775e-11,-3.46224656999581e-14,2.6216004804405e-15,2.19880031841052e-08,-9.4589129558643e-09,1.37990402039979e-14,6.72645912053241e-09,9.89594121356785e-10,2.96972644686099e-15,-6.79994890961487e-15,-4.15612281025494e-15,2.4713903610145e-15,3.58513677126945e-15,-1.75762486014946e-09,-6.03699126143058e-15,-8.57144038596752e-15,2.95482239849346e-16,7.12074289078959e-10,-2.94014731065791e-15,-1.04677010241929e-15,4.15062124005159e-16,-1.62650378735322e-15,-3.29170420694917e-10,-5.35046731407884e-16,6.8642036969235e-10,5.61687499973077e-16,-2.03633877440457e-15,1.60000942694004e-15,-1.23435388688e-15,2.9412761738552e-15,-8.36587963847382e-16,-1.42832824522843e-16,-1.57317144602238e-08,9.80541522636527e-16,5.66041180684294e-16,5.13479904997997e-09,3.80544914252053e-16,7.76202644322514e-16,-9.54463816872797e-18,-4.20518029718106e-15,-9.57336312834161e-16,-4.13320396982709e-16,-5.46994395846642e-09,-1.51383711738638e-15,-5.47547224272212e-16,1.13050893579684e-08,2.624314575492e-15,1.07530285998292e-15,7.73318948798468e-16,-1.940240982368e-15,1.17834883626659e-15,-7.40748322748449e-16,-7.20145512570105e-16,-6.31985108136121e-16,-6.90283519494734e-16,-9.8089605791244e-16,1.26857002994397e-15,-6.04951604938968e-09,2.60165929271394e-08,-1.32639988874887e-15,1.00728511233134e-15,-8.74058022537528e-16,2.58787615192391e-15,-1.23550258565586e-15,6.08285659885999e-16,-1.5001893501089e-15,-4.50833194175099e-16,-2.55338494834297e-10,-9.02957224446489e-16,-6.43987581119492e-17,-1.47376210078399e-15,5.64624027821723e-16,3.2986690005945e-10,4.88705261631324e-16,-2.71392703924209e-09,-2.16517818987553e-16,-1.17530130320022e-16,-9.86740985826338e-16,-8.20639118597766e-16,-6.93862559610106e-17,1.75837952687296e-15,7.81371346494907e-16,-7.6578347717514e-16,-5.96178694373679e-17,-4.81420867321931e-18,4.83333486394425e-16,-1.75548428159195e-16,8.75497920020517e-17,-3.29536661347239e-16,4.218246214502e-16,4.58096172413344e-16,2.84456963949233e-16,1.05956391497444e-15,6.63369286445641e-16,4.44958855406946e-16,-6.49816572079187e-16,1.0440360692736e-16,8.65289526761795e-17,-1.85487022058925e-17,-3.26850942281602e-16,2.59047871361411e-11,-1.5403544843808e-15,2.45913393533191e-16,-1.62445554448312e-16,-1.63113497543886e-16,8.29624268034405e-16,-4.42940815178075e-16,-3.73658887125485e-16,1.26859334427514e-16,3.02217752068232e-16,-3.03605016566296e-16,4.9211936609117e-16,1.77526334071109e-16,2.92515167622256e-16,-5.18931334900506e-17,-2.22747788532309e-17,7.90651032907268e-17,1.24224361047337e-16,-3.39416608622098e-10,-4.618529462177e-16,4.37329189942965e-17,1.14628961423795e-16,2.33010453939181e-16,6.92152690777992e-16,-9.58937324934599e-16,2.64460936315978e-16,-3.72711806731269e-16,1.82908320735209e-17,7.31164022848322e-11,-4.26555019291468e-16,-1.54068136448951e-17,-2.88313274009704e-16,4.47485174737214e-17,2.82838625999651e-17,-3.96605442746307e-16,-2.68555031568522e-16,-4.73450911147443e-16,-1.60262884233249e-15,1.57834379775434e-15,-4.78525874848877e-17,-2.12150713994406e-16,-1.77559463863012e-17,3.74516274060179e-10,-2.63374548803584e-16,3.78226401902058e-17,1.43482239404125e-16,-2.6703899508318e-16,-1.13477922418666e-09,9.29968659775189e-17,-6.1725254411022e-16,-5.85696219883302e-17,-2.27663976669888e-16,-6.38635192788701e-16,7.52649101521537e-17,-4.29731279780721e-17,2.90873296161131e-16,-8.87414952631718e-17,7.98426602499475e-17,5.74682956039794e-17,7.93995362117895e-17,-2.41539229696854e-16,7.96054256119519e-17,1.66178475925749e-16,2.22393955133883e-16,-1.95847446915375e-16
"t301",-0.0421559023949964,0.035310742491333,-0.0575572368554575,0.0240442615528028,0.00494053902107834,0.000458801222965189,-0.00861333787717629,0.141529588389151,0.000144144504502,-0.000485387051352365,-0.000215279901488165,0.00896193122535889,-0.0137695088790058,0.00190304047494244,-0.000391541466844887,-0.0359306966155686,0.000560750323241932,-0.000669668713452612,-4.95899857929358e-06,0.000130208906573209,-0.0780637228899104,-0.000776845266073776,1.40189943122496e-05,-6.81875802876798e-05,8.26191626065868e-06,1.18473984506412e-05,-2.16868621776701e-05,2.63173818207173e-05,-0.000891229159573188,0.00102398236558779,-3.44982782619581e-06,6.40616127655094e-06,-0.00230924433639172,6.31784675398127e-06,-3.97364251194468e-06,-8.06736354261656e-06,-0.000338916981799657,2.60580196252099e-06,2.19993248264837e-05,6.64186991050702e-06,0.000444276272038466,-8.08170623440424e-05,0.000959881516409882,-0.000116460812517618,0.0547474431428697,2.6654090639587e-05,-2.38709218002609e-05,0.000407095718241988,-2.20371739639309e-05,3.04062203486781e-05,-0.000136523561913253,1.05085872109804e-05,-1.43575126535326e-08,0.000246532883710586,-8.23351318851819e-07,7.9844211262262e-06,-2.99889493850639e-10,-3.4766265098004e-06,1.30825429360271e-06,-3.28157176190117e-05,-5.87788228137384e-06,7.62992240094226e-07,-2.67481757011254e-05,1.44700218441787e-05,-1.14876975378494e-06,2.90816135268365e-05,-2.04666986741871e-07,7.56482204078308e-06,-2.10889439546058e-05,8.55732432586348e-06,-7.60792737961897e-06,0.000165419384278793,-1.10741463999695e-06,-6.4936322545431e-05,2.87795231671783e-05,7.25073562346587e-08,-0.00135226934939708,2.03570169136713e-06,-1.13955763725958e-05,-1.42513248130792e-05,4.58472719177912e-06,7.00181582547936e-05,-1.00649894252373e-05,-6.63708332115757e-05,5.0124494116742e-06,0.000903703702586535,-0.000286542008879546,-4.40067850467583e-06,-1.69642676966596e-06,0.00186645178486018,-1.69810841786464e-06,1.09859102391369e-05,1.20037699931534e-05,-0.0011862773663242,-6.01004811239086e-06,-0.164389532477851,0.00691032402759475,-0.0260190997899688,0.00032426353111231,5.50546586366794e-05,8.54500821700647e-06,-4.0305022359146e-06,1.10579717027436e-05,-1.63351804318221e-06,6.77586365597284e-07,-7.34576961660979e-06,3.27419852442146e-05,-8.53879762971926e-06,4.83269459960766e-06,-9.00953851261561e-06,-4.83672356245888e-06,-1.0658777781182e-05,2.32785706926348e-05,-1.70791318479053e-05,6.38972837289871e-08,-2.26030581958121e-06,3.21860878214725e-06,-3.107129139992e-06,2.89552513150054e-06,-6.72629870152473e-06,3.16697923796924e-05,-5.29698093372849e-06,4.77784613483843e-06,1.31243348198462e-05,-3.27394062485794e-05,5.04771862343658e-05,-3.79552750386556e-05,1.16582300437238e-06,-2.17777385319684e-06,-7.1855904524431e-05,1.19928935536243e-06,-8.49125397648519e-06,1.15023457599223e-05,2.6233924585062e-06,-0.148481139751957,1.89877372377954e-05,-4.51095303698397e-10,1.18682510616604e-06,-4.61243180955877e-07,1.32588074876075e-06,8.40749083957024e-08,3.23480740168357e-06,-6.24210814336534e-07,-4.10308147365965e-08,-9.91431029697899e-07,7.44247348820831e-09,2.92953339152684e-07,-3.52767341111778e-08,-2.15274095040024e-09,4.80743226481141e-09,5.29272771187535e-06,1.93129245111484e-08,1.57851734118277e-05,-1.23424792832307e-07,1.73213393336938e-08,1.22310592123436e-09,-1.53178883250229e-08,-3.14399536669593e-06,-1.95219926598568e-08,-6.71670057122937e-09,-3.94365338302671e-06,7.95285321212969e-08,-5.40581150843673e-08,-7.29849829689944e-06,1.03088361551701e-06,-4.39598371703255e-06,1.14008383364384e-06,1.98992424885931e-08,9.94745412339687e-07,1.43796678881147e-06,-1.88002036191323e-05,-4.50281974164515e-06,3.57170320170897e-06,1.85047524710945e-07,3.84524660665357e-06,9.06955896074106e-08,3.6798121460338e-07,-4.83975518572565e-06,-2.10646784031997e-05,-0.011200093286788,-0.00051669676759978,-0.000261521523455727,5.00220105252785e-06,1.33449685028378e-07,4.47305186675928e-07,6.06951633621804e-07,1.19037163297229e-05,-4.36010428228061e-06,-2.09070987182094e-05,0.00370691899405922,-7.2354412409376e-08,2.98160440997622e-08,6.50337448561043e-08,2.00663137648893e-10,-1.18719343663702e-09,9.19935954960739e-09,1.81607864380185e-08,7.80745827731591e-07,-1.17260052791547e-08,-4.09516879106931e-09,-4.01092933707512e-09,-5.46151214146356e-07,6.79066177008918e-11,1.85106814158919e-08,3.97937560838784e-09,1.16895115101984e-07,9.59966359699436e-10,7.67021233409604e-07,-5.34406655993067e-08,-4.21061474036429e-09,-5.68854566244706e-07,1.39671477805021e-06,-5.07984987364508e-06,-1.0069069334754e-07,-3.09547788628585e-06,-8.77606680913347e-08,0.00444352679805143,-1.63508576160806e-08,-1.07926108093745e-08,-7.80146162096504e-08,-4.622861861344e-07,6.34123597582642e-06,1.94870019972829e-07,6.76165444261381e-07,-2.08308316798022e-07,-1.10797611988366e-07,-1.1804598420704e-06,-1.03019911501409e-07,-1.91298966144069e-07,-1.92056129411048e-07,6.04436433434994e-06,1.11167199670644e-06,1.03348723178089e-07,1.83385102185809e-07,-2.38477884965544e-08,-0.228254187500103,1.72457824414463e-06,-1.17726007476008e-15,1.07971687308049e-07,-4.9260610456106e-05,9.26260138228007e-08,1.6966839679332e-06,1.03653115931808e-06,-0.00170247851373101,3.98497350122257e-09,-9.16529927751169e-07,2.28114158964118e-10,-6.52692951914501e-12,-1.26558480201808e-10,2.79546542893228e-08,-1.25115688649925e-09,1.91948097612489e-07,-1.40154548546639e-08,9.54938544926472e-08,-7.437560532893e-09,5.32024193194776e-08,-1.44680812683326e-07,0.000128702612035764,2.65027191526767e-08,-5.88383649579104e-09,1.47804757121735e-07,-2.98010381740122e-08,3.40674425490178e-06,-1.79547647365763e-06,1.94997508517242e-08,-6.70202945585711e-09,9.97840701714085e-09,7.09997411122707e-07,-1.63204588432474e-06,1.15172804777258e-08,4.73548899559743e-09,-1.13063369182478e-08,9.98255061708437e-07,-2.77524512449938e-05,1.11188413165883e-06,-2.14854143011772e-05,0.0052005407789738,1.44276346149524e-06,-9.51790734337484e-07,2.83311993548601e-07,-1.33592156940042e-07,-2.02778039305182e-16,2.20809838052839e-07,7.2287041095597e-09,5.84547135380043e-11,3.7726143797284e-07,-5.34766857869741e-09,3.00367759414727e-09,1.01924505683795e-05,-1.7476303226044e-07,3.16426426346338e-08,-8.2028722341155e-08,-2.51596459335578e-09,1.29588153825555e-09,-1.50419523258475e-08,1.68447348121742e-08,-2.83507786866907e-07,2.94897807825222e-10,1.35334163449473e-07,9.18016303688192e-11,5.0606066960183e-10,1.22679880247023e-08,-1.56685621522639e-07,3.8274785934801e-09,-1.5311845345947e-08,2.1568755379175e-08,-7.92648584102433e-08,5.44367912272478e-09,4.94342052318013e-09,3.80350184160273e-08,-6.43683501422151e-08,-5.26371924807193e-09,4.3614771386295e-08,-2.89087855761521e-08,7.18023106303462e-10,6.72970779634981e-09,-1.32253159076967e-08,-4.36179912946574e-16,3.8628321700117e-11,1.60423651767274e-07,-1.07127863148838e-07,1.03852537736697e-08,9.28201103554238e-09,2.69220544170187e-09,6.14914358674362e-09,-8.80831582418954e-08,3.1059465599337e-08,5.51321124320901e-16,-1.97055494256285e-08,-2.32400850677703e-10,-5.98900722986391e-10,1.97081842120537e-08,3.28904057556462e-09,-1.68248940763338e-10,-2.91243204854867e-09,-9.65039159167928e-12,7.46534797952721e-08,-3.33850157475318e-08,1.03334787867434e-08,2.3293346502544e-08,1.40822249740236e-09,1.32811656481247e-08,3.44954755124336e-08,-1.71297404676787e-07,5.07116763589182e-08,-1.59083681929769e-16,0.000137507760140038,-2.64536211541785e-06,-9.87615303489721e-09,-0.327446855918532,-3.66869121576368e-06,-8.18845112624038e-07,2.52511917917028e-06,-8.98937475913487e-06,-5.87407968890382e-08,-5.41455426130758e-16,-1.03577349904817e-07,-2.83870206750873e-07,-1.28438640046276e-07,1.89267726765072e-15,2.53722132290125e-07,3.37752694721622e-06,-5.21490479962841e-07,-2.200573309081e-07,-7.82073220959273e-08,-4.45297909561926e-08,-1.68991597149761e-06,6.10721546990888e-08,6.77334061990189e-07,2.77626508466177e-07,3.36398482788624e-06,0.0198870691635969,1.07807485283521e-15,1.77249497415055e-06,-8.64718661401509e-08,-3.47084720872912e-07,1.75814335966187e-08,-1.2203293030778e-16,1.1107798381312e-09,6.53200822817992e-08,-4.1983096715147e-09,-4.315517082375e-09,-1.35235362718491e-08,0.00074719961914415,-9.89916170622559e-08,2.15895583772701e-08,-1.12048123379579e-16,8.58161194477635e-08,-8.6429512719308e-07,3.21412673529347e-07,1.08297810660038e-07,-1.10131275033525e-08,-7.41111567412671e-11,-2.18575157973078e-16,-3.42363973302968e-16,-7.23795788905192e-11,-4.88897526278856e-07,6.45001104345145e-08,-1.24436827412439e-08,-1.00343356435066e-16,-5.9458655681213e-09,-7.03178636072195e-11,3.15024248686388e-16,-1.26587895633634e-16,1.62151738640661e-17,1.49104239206068e-08,4.3956718336979e-08,-6.3423329596503e-08,3.73674999048516e-08,1.86220004275691e-08,3.82053723597723e-08,-1.15399736887578e-07,1.17905038978251e-16,-2.51232094751516e-08,9.13487777984149e-08,-4.12955995754601e-16,-8.49085055648351e-16,-4.47379689298254e-08,-3.50513771990744e-12,-2.08873056810894e-07,2.30386469704292e-08,0.00153767742536804,5.32568133237691e-10,3.29068334134035e-17,-1.67036243360038e-09,-3.76549379521276e-16,-1.09724653956122e-08,2.55953027869515e-16,-1.62639594727047e-07,-3.52385232406159e-17,1.7638848238398e-08,3.17698316078063e-08,1.50008007630479e-09,1.97089680107401e-08,6.78671018786603e-08,-5.83355815436664e-08,4.90000481384754e-08,2.40808731918463e-09,1.17124974212077e-08,1.07366552325934e-09,1.24995208385869e-07,-4.61130527614021e-08,-1.12128579753783e-08,-8.99277768464788e-10,-1.60350275454741e-07,-7.69849057154174e-17,1.96048262391707e-07,-3.31236714206595e-08,3.06282436130946e-09,1.48899349454502e-16,3.97093348728245e-10,1.04100981219132e-08,3.66894299220772e-08,-6.85347763774142e-17,-6.12890983754261e-08,-4.54006729123437e-09,1.53275297193306e-16,-5.90126595202659e-09,3.2635469195625e-06,3.35944378021332e-16,1.98565128253512e-16,-2.81597692111294e-09,-2.16846543809947e-09,-1.20866574377206e-11,-1.63091213606565e-08,4.03855638891098e-09,8.1877732795858e-09,1.12642511586394e-09,1.23147693787619e-08,-1.87310432386272e-08,2.64312226619379e-15,2.55697666268505e-10,2.51777718381954e-11,6.74436981924375e-11,6.07876892061318e-09,6.5628804496614e-16,7.11807723604498e-16,1.89251371845627e-09,4.74228868080783e-16,1.90785624294543e-16,7.30923336050967e-09,-7.19842761252525e-09,-9.29089522775311e-09,-5.37625050157589e-11,1.53082369547408e-07,3.3122100144531e-09,1.34952444234246e-10,4.12212069047518e-16,-5.32086209137307e-11,-6.58531739940305e-12,-3.6537706083662e-11,4.8276364600443e-09,-3.64659401845133e-08,8.50642386985965e-16,7.41042612218716e-17,3.42200538805015e-15,8.09960937720466e-10,3.25715449274997e-09,2.76674245852559e-09,-2.34441256901763e-16,2.96998023867622e-09,3.91078584232082e-15,-1.98472462178162e-15,-1.24210080718527e-07,2.74462972098787e-09,1.87783816274489e-16,7.62531985023666e-09,2.92839870388451e-08,-6.54918300189805e-16,-1.44771696577608e-08,-4.27789011404309e-16,-4.54874447424928e-09,-5.66534776477746e-16,-4.60491943746881e-09,-4.03139719284413e-08,-1.02637089681271e-08,-1.41585241253456e-09,-1.01191788366644e-08,3.06596658706485e-07,-2.05490510368097e-08,-2.15868558674418e-15,-1.84484688902685e-06,8.64606315492885e-08,-3.69102771361199e-16,9.73530569064116e-08,5.82273864590027e-08,-0.0161129986436483,2.89897842202534e-16,-1.33634069835645e-08,-1.42245061076114e-07,-2.00124398144798e-16,5.90425934193341e-08,1.38293445387676e-08,5.95133747845827e-09,-1.92858178665798e-15,3.57565102012019e-15,-2.12519273117249e-08,-7.41100558011802e-09,-6.15842291490555e-10,1.67096522659578e-07,-9.600115953248e-09,5.17756347906145e-15,1.02178573453712e-14,-3.84229256283904e-08,-2.68056720809368e-10,6.99100799139091e-15,-1.11499434853802e-07,-1.55490127852492e-15,-4.82589377924323e-07,3.52056001709287e-08,2.11027287746028e-08,1.55561296305767e-07,2.41922413022156e-14,6.83797489759701e-15,1.08055335635895e-14,-4.90044562994355e-15,1.22642426597062e-06,0.86660640030391,-3.42934336674122e-13,-2.28358973016986e-14,1.06921756599882e-14,1.69870724100251e-06,0.0061115501781809,-3.32068862309282e-07,1.16234297748737e-15,2.84119109532702e-14,-4.83001225820567e-15,-8.73947869933261e-07,1.82124096231379e-07,9.03343550499506e-16,0.00105687166879317,-6.52514665946208e-07,-1.31547944287291e-15,-4.68224822563657e-16,-5.73038133421516e-08,-5.81637135850046e-10,-2.63502456457554e-08,1.65515346671233e-15,2.69162293281289e-08,3.73694521568087e-08,3.77247075106085e-08,-3.19647103787801e-08,-1.11981048748396e-07,0.00317071877964475,8.84790092350307e-16,5.43342510316187e-15,-3.22341603884738e-15,1.10835738245114e-06,-1.33834389560041e-07,-7.16460546209707e-09,-5.20615640915368e-09,9.73105145637582e-16,-6.92496838643234e-16,1.15891334701682e-15,4.00841952765504e-16,4.88991475385312e-15,1.60122209558343e-07,1.93624980859659e-15,2.0107422769566e-16,-3.65235802891417e-09,3.03847196078503e-17,-3.26523024634165e-09,-3.56349641939497e-16,-4.03932969190009e-09,1.6643739597759e-16,-4.70267123148055e-09,-5.8382185480051e-10,-1.4394506516375e-05,5.41308828575532e-16,1.81075817829809e-08,1.99330228060476e-16,2.48937184428723e-08,-2.91328422650498e-07,2.3259395955695e-10,4.19065133259072e-16,3.34396354792811e-08,-8.75901634198551e-17,-8.03945636245187e-09,-4.53302378061035e-08,-2.23675585456914e-16,1.11012516909952e-16,-1.22417513615508e-15,2.65668756737706e-16,-1.49583775169051e-10,-1.9393571057616e-09,-4.308805070003e-10,3.43299563696927e-16,-2.07407756058462e-16,-3.08563161894514e-08,1.87439902652495e-06,-1.76712654680115e-15,1.82789953764681e-16,-1.86664304254303e-09,5.15673867041556e-16,-1.31582287903575e-08,9.12008999095098e-13,1.22399518186157e-07,2.28632759880568e-16,-1.47397730939721e-15,3.25534413911828e-18,4.76324883808751e-16,1.04863745016652e-16,-9.87971690831547e-16,1.18124529816572e-07,-8.25828551923309e-07,3.29549357144769e-16,-1.05182655479331e-08,3.98665101608535e-08,4.83476471364676e-16,1.37112587100098e-16,2.3444455123665e-16,-1.66711778186558e-15,3.87269695534416e-09,6.17321599127199e-10,-1.27086574362716e-16,1.76427216730444e-16,-6.98536313015939e-09,-2.49068924640619e-08,-2.60270111483276e-09,8.67298138066902e-17,1.06779086908855e-16,5.15650372832807e-17,-7.21637202541588e-17,-2.31095636335169e-16,1.11514798221142e-16,1.43807499482548e-08,-1.35802600722104e-08,-2.60747665891786e-09,-1.50078547598458e-16,1.12494487714463e-16,4.93181646619615e-16,-9.0390441259915e-16,-7.85923446046002e-16,-9.45907953834354e-16,-4.12148370572696e-17,-3.92036385674546e-16,1.2970705508123e-16,-5.56251289427166e-16,-4.29604488863948e-16,-7.53649115504385e-16,-4.34346325000334e-16,-1.21135257421434e-14,0.0122976533868599,-1.55321395882355e-15,-1.4698797457281e-15,-1.26928366318249e-16,1.17330622504639e-07,-2.09204808389084e-10,2.30920939757419e-16,-2.33555307117357e-08,1.14884483614111e-07,-4.23462866142055e-17,2.25336523149992e-17,-3.23929533612182e-08,1.33174622057077e-16,2.86092741102973e-09,-5.55921208252893e-16,2.18017254247675e-16,-1.88939087453157e-16,3.15622984516354e-16,4.03080044360036e-10,-5.53245573055083e-08,-4.25563244876851e-14,1.15081658926028e-16,5.87041435614551e-17,1.84347058758938e-15,1.607871821796e-16,-3.38891425036807e-16,-5.0798926072393e-16,6.38551471123422e-17,2.48511334270436e-05,3.49077789477114e-17,5.31478936840598e-17,-2.53602651128895e-16,-2.89967915638921e-16,-2.70914959869003e-16,4.33723161302018e-16,-1.26698184649374e-08,3.47993995906876e-16,8.19054773756026e-17,9.43526450478639e-09,-8.41850932905765e-16,1.49684701707845e-15,-4.64802425283244e-17,-5.98366840680837e-16,5.36040768440563e-08,-4.1681207809245e-16,-5.71724936099443e-09,-1.58471347063978e-16,-5.66881336924976e-16,-7.11455816096207e-16,-4.15329688433701e-16,1.00517885877455e-16,2.92150887943516e-15,2.0562693375934e-10,-3.48719715549752e-16,-1.94391697105992e-16,5.95161528507935e-08,-2.55750264388074e-08,-2.31184169206563e-16,1.78627958006537e-08,2.61382108420145e-09,-6.87376904490933e-17,-6.80345954032482e-15,-2.89312108385513e-16,1.40467752679764e-16,2.85195845741882e-16,-4.33317157353466e-09,8.36229638851795e-17,-4.18227619515313e-16,1.48061047931974e-16,1.72920901147203e-09,-1.16666803714524e-16,3.15213343623007e-16,5.06073521329116e-17,7.51700285842064e-18,-7.84567438783512e-10,-4.26943383747462e-16,1.62711320552921e-09,-4.66974506965661e-16,8.59546888794122e-16,-6.83558929864144e-16,2.32422585471672e-16,2.20390002199361e-16,1.99963972626956e-17,7.79972092157956e-17,-3.62891545175676e-08,-2.79704542927703e-16,3.11652279651295e-16,1.17700923470685e-08,5.58120920151136e-16,2.20360067634615e-16,-5.67117880380253e-16,2.16978552525629e-19,1.33841393790788e-16,-2.21188738489678e-16,-1.23039466112715e-08,-5.60720395870861e-17,2.64959390432973e-16,2.52264861853193e-08,2.7681167964255e-16,-6.77043936185697e-16,8.00309876403419e-16,-1.56859570553611e-16,-3.67051013254137e-16,-1.29008132440756e-15,-2.98765929929749e-16,-2.68767477699523e-16,1.79347616768989e-17,1.90174660205981e-16,2.02733098630275e-16,-1.31326067270492e-08,5.63027896533098e-08,3.43070419221909e-16,1.63207102539749e-16,1.07477756976086e-16,-7.18029872139264e-17,1.91361683443692e-17,4.05114650803378e-16,1.61491453869065e-16,4.41846458962041e-17,-5.44007231204047e-10,8.747884068556e-17,-2.01088724434173e-16,-1.8014967226403e-16,-6.83221922466899e-16,6.94026689890788e-10,-8.05629737433728e-17,-5.63378776999462e-09,1.69432175308878e-17,3.35138193727556e-17,-1.75394148254065e-16,1.50059742243254e-16,7.65949637796599e-17,6.99499720967763e-16,-1.59096849718401e-16,-3.09502416692784e-16,-1.68533573446836e-16,-2.47417980166108e-17,-7.31458409948094e-17,-6.91962991212902e-18,7.48217607700645e-17,4.65744485821413e-18,4.88930036482396e-17,1.16462723362378e-16,4.85797483471068e-17,-3.90539344657649e-16,2.11118522894432e-16,-9.95698032846444e-17,5.00196672276187e-16,-2.66513692295612e-17,3.21369261359723e-17,8.1951477728508e-17,3.01307601316269e-19,5.14597863553011e-11,2.98663442027092e-16,1.6969415107328e-15,6.34258699338924e-17,-2.00675719363892e-16,-4.28789040841934e-16,5.08689338575958e-17,3.36261069176299e-16,2.27467838710129e-16,-1.71254059435379e-16,1.0785071224723e-16,3.62719836805026e-16,-7.7982568359124e-17,-1.50289322343135e-16,-2.04656682556449e-17,3.61690852441856e-16,-7.80639380320422e-17,1.10812523652455e-16,-6.57039464673976e-10,-4.48917650057997e-17,-2.10406666203558e-16,-5.99872746079543e-17,2.92601620177773e-16,5.57258599336895e-16,1.95356851128471e-16,1.27629730720134e-16,1.23093696263104e-18,2.59042568480173e-17,1.38173175803262e-10,-1.11337399406315e-16,4.65198894233802e-17,2.0755840444426e-17,-5.9074803991962e-18,-5.5702997643469e-17,4.03346316850745e-16,-1.56811238938702e-16,-1.8329628982592e-17,1.82121705389e-16,3.86881260361441e-16,1.01815929262799e-16,-5.41398477668613e-17,9.13519208155506e-17,6.92353243629983e-10,1.63573843671515e-17,7.29446455731485e-17,-1.15959663602163e-15,4.22296746183104e-16,-2.07777121977507e-09,-7.36619039892232e-17,-2.81433108776502e-16,1.55790909128892e-17,-3.13702242066572e-17,6.59137741945774e-16,-1.93626235941604e-16,2.17656363936442e-16,1.67404234712602e-16,-6.96528438552467e-17,-1.02812074194005e-17,1.93218846921643e-17,6.08077635585924e-17,-6.56379219032034e-17,2.00999402087657e-16,-1.84689376325963e-16,2.63192759737899e-16,-6.69814525915156e-16
"t607",-0.0421662616248449,0.0353290211297467,-0.0575879942551107,0.024061476977224,0.00494486892181275,0.000459272843994418,-0.00862236541844669,0.141689698058106,0.000144337021796709,-0.000486172698602157,-0.000215721600699849,0.00898456488816675,-0.0138052958426666,0.00190806093587579,-0.000392619170871442,-0.0360353958813251,0.00056242308646256,-0.000671702361582057,-4.97440449586262e-06,0.000130648128640405,-0.0783483909659026,-0.000780259383679667,1.40840291080332e-05,-6.85056967025628e-05,8.30061108203029e-06,1.19055078580475e-05,-2.17944791792498e-05,2.64491385669644e-05,-0.000895809658994741,0.00103018713468197,-3.47210435995691e-06,6.44938851707198e-06,-0.00232593816980517,6.36565830265746e-06,-4.0052295340126e-06,-8.13654423352528e-06,-0.00034185966686415,2.62878155031659e-06,2.2194628879789e-05,6.70169939731959e-06,0.000448391586442919,-8.15835369204605e-05,0.000969118750570781,-0.000117582896682004,0.0552839889674138,2.69317169667941e-05,-2.41240882045854e-05,0.000411449670142075,-2.22784091278455e-05,3.07473903041822e-05,-0.000138105522946947,1.06321623816316e-05,-1.45267111229977e-08,0.000249491237162186,-8.33580382966221e-07,8.08413127465539e-06,-3.03985427829115e-10,-3.5252319501334e-06,1.32659498085085e-06,-3.33019611842321e-05,-5.96855493687142e-06,7.74993369682961e-07,-2.71754866490641e-05,1.47020839702154e-05,-1.16772360203932e-06,2.95735533428779e-05,-2.08318207471495e-07,7.70293432413272e-06,-2.14780509755731e-05,8.7182063394084e-06,-7.76508823248184e-06,0.000169072353751237,-1.13211380265555e-06,-6.64142208941509e-05,2.94361687665432e-05,7.41760330882402e-08,-0.00138349670776969,2.08349869154039e-06,-1.16731383499199e-05,-1.46035127013486e-05,4.70081885842469e-06,7.18003697733933e-05,-1.03309254195106e-05,-6.81439029635279e-05,5.15266235490197e-06,0.000929294329405151,-0.000294756125071207,-4.52707885759777e-06,-1.74517816713883e-06,0.00192015860370426,-1.74719726468429e-06,1.13173370934437e-05,1.23672952087521e-05,-0.0012231301821404,-6.20487162226088e-06,-0.169751972904329,0.00713580692797895,-0.026881596132929,0.000335074949535088,5.69304219786159e-05,8.84123467989478e-06,-4.17043987172157e-06,1.14425611814234e-05,-1.69473924555712e-06,7.03118851443687e-07,-7.62373438016941e-06,3.3990189230012e-05,-8.86499080314229e-06,5.01798534589456e-06,-9.35688194929135e-06,-5.02352694519644e-06,-1.10748134157436e-05,2.41883256816199e-05,-1.77650613438556e-05,6.64782656729021e-08,-2.3527495616363e-06,3.35097738439561e-06,-3.23685475919309e-06,3.01815915457665e-06,-7.01423722192497e-06,3.30336979848116e-05,-5.52983808846945e-06,4.99064842894101e-06,1.37091756781596e-05,-3.42010542616897e-05,5.27608159497005e-05,-3.96742854517017e-05,1.21922212925895e-06,-2.28072768313751e-06,-7.52540596374736e-05,1.2561489256721e-06,-8.9022384271597e-06,1.2061304326298e-05,2.7512459383224e-06,-0.155803187267044,1.99256002851e-05,-4.73927675086497e-10,1.24806882085165e-06,-4.85667996628968e-07,1.39614256066115e-06,8.85497457582574e-08,3.40736062882628e-06,-6.57626665936439e-07,-4.32302998958224e-08,-1.04457833846949e-06,7.84532130373875e-09,3.09115424330878e-07,-3.72603872968189e-08,-2.27436310215615e-09,5.08184879067789e-09,5.59509240217532e-06,2.04205567823637e-08,1.66925601985926e-05,-1.30538170098114e-07,1.83434869240042e-08,1.29555254697653e-09,-1.62275892413382e-08,-3.34193510237087e-06,-2.07681131368591e-08,-7.14634040086161e-09,-4.19884149088063e-06,8.46868359098894e-08,-5.7616069596128e-08,-7.77971467908118e-06,1.09981862415941e-06,-4.69392945037589e-06,1.22036676298006e-06,2.13023781155944e-08,1.06491083203017e-06,1.53991641080509e-06,-2.01410946479995e-05,-4.82425109174334e-06,3.82967651606396e-06,1.98461973383501e-07,4.12619992824282e-06,9.73350635332868e-08,3.94946303794391e-07,-5.20088341094974e-06,-2.26657266213098e-05,-0.0120540584759996,-0.00055621127449335,-0.00028169875283913,5.38944591725097e-06,1.43814903196208e-07,4.82156298353847e-07,6.54735599803733e-07,1.28432781088559e-05,-4.71189560296801e-06,-2.25951880835712e-05,0.00400841048368155,-7.83571078684417e-08,3.23302420694839e-08,7.05483021057665e-08,2.17819639625473e-10,-1.28932215370729e-09,1.00052042050836e-08,1.97578452209818e-08,8.49970872559886e-07,-1.2769960641204e-08,-4.47129822794711e-09,-4.37985623609608e-09,-5.97042699059105e-07,7.43149128976525e-11,2.03105113762662e-08,4.36635094092748e-09,1.28293642796794e-07,1.05435417517562e-09,8.42871928230602e-07,-5.8805948076325e-08,-4.64124276669796e-09,-6.2789473002548e-07,1.54233233791651e-06,-5.62026309839764e-06,-1.11522047277278e-07,-3.42855724178026e-06,-9.72852917112703e-08,0.00493629176383165,-1.81715483083087e-08,-1.20207819697932e-08,-8.70253540482541e-08,-5.15953888390961e-07,7.0929326801855e-06,2.1808427209014e-07,7.57149783154761e-07,-2.33667734740421e-07,-1.24330344070509e-07,-1.3247559397227e-06,-1.15836570000995e-07,-2.15352140997132e-07,-2.16489262243244e-07,6.81740170556091e-06,1.25462723818813e-06,1.16706850193847e-07,2.0712239747337e-07,-2.69759048184519e-08,-0.258441697159063,1.95469425186445e-06,-1.17060951987587e-15,1.22562288355283e-07,-5.59341774070306e-05,1.05393933821171e-07,1.93368076720835e-06,1.18289555602271e-06,-0.00194303476627135,4.55940179092121e-09,-1.04908813293867e-06,2.61157198660866e-10,-7.47927449686258e-12,-1.45117181767123e-10,3.20909345314172e-08,-1.43701984688524e-09,2.20509237883221e-07,-1.61196104982506e-08,1.1037081065269e-07,-8.61136382514227e-09,6.16895276250764e-08,-1.68302112624283e-07,0.000149749738805544,3.09069061560092e-08,-6.87039258317518e-09,1.72904480015029e-07,-3.48823442324463e-08,3.99009307372919e-06,-2.10473538958027e-06,2.28877474414469e-08,-7.86762984600081e-09,1.17522921147196e-08,8.36278522716109e-07,-1.92248694158825e-06,1.35790757095098e-08,5.58509175232471e-09,-1.33490525939696e-08,1.17884402982166e-06,-3.29870348421563e-05,1.32256382124692e-06,-2.55712082169548e-05,0.00619773142925867,1.72124489647639e-06,-1.13825905500433e-06,3.39056572035391e-07,-1.59967601608049e-07,-1.75077997485534e-16,2.64917973329699e-07,8.67490481601691e-09,7.02077479236931e-11,4.54018154980527e-07,-6.44675980785184e-09,3.62398166333508e-09,1.23023377149046e-05,-2.12057426476824e-07,3.8408388513712e-08,-9.95771437928462e-08,-3.05901840422254e-09,1.58272241557381e-09,-1.83859652333743e-08,2.06008563600505e-08,-3.47358049565228e-07,3.63873912142697e-10,1.67492622031953e-07,1.1363631297475e-10,6.26455457703396e-10,1.53026079772737e-08,-1.97222118847914e-07,4.82337113657715e-09,-1.93293801154096e-08,2.72857027006077e-08,-1.00340105216613e-07,6.92919650437414e-09,6.29506674164028e-09,4.84720763371872e-08,-8.2074855646311e-08,-6.72339319554316e-09,5.58178749841517e-08,-3.70642714615699e-08,9.21316640730942e-10,8.64676201413593e-09,-1.7042121257778e-08,-5.62835786699593e-16,5.06955055030922e-11,2.10934640719764e-07,-1.41258416059328e-07,1.36951132670831e-08,1.22413487499374e-08,3.55303226678913e-09,8.12606317523334e-09,-1.16585526393341e-07,4.1242865667971e-08,7.27567670325118e-18,-2.63640648894413e-08,-3.11223004239057e-10,-8.03663217567776e-10,2.64528169264101e-08,4.43716915057424e-09,-2.27626350298295e-10,-3.9562821120542e-09,-1.31466241884931e-11,1.02324857240227e-07,-4.60240536424013e-08,1.42987518623326e-08,3.22999881944333e-08,1.9553091449756e-09,1.8484399668501e-08,4.80224902982841e-08,-2.38871525270324e-07,7.08095126442647e-08,-7.04470949062869e-16,0.000193923943899057,-3.7385255054164e-06,-1.39576405730926e-08,-0.465566884683768,-5.22097457065882e-06,-1.17869446556654e-06,3.64687990927514e-06,-1.29913671914354e-05,-8.51043738251742e-08,-1.25593532125565e-15,-1.50496246772977e-07,-4.12903105681999e-07,-1.87578337793535e-07,2.94251200176246e-15,3.72194280307907e-07,4.95983485600884e-06,-7.66217693714052e-07,-3.2369289175013e-07,-1.15258259515095e-07,-6.57202664316741e-08,-2.49691409488706e-06,9.05401280196366e-08,1.0045572314928e-06,4.12709646865502e-07,5.0214886234996e-06,0.0296921307879405,1.67786341359603e-15,2.66826011322671e-06,-1.30360650602979e-07,-5.24928055038029e-07,2.67209625828107e-08,-4.64022239891632e-16,1.70651687644175e-09,1.01609803716059e-07,-6.56819301761233e-09,-6.76974310315423e-09,-2.12833082726704e-08,0.00118311714900893,-1.58326385851946e-07,3.54328037213317e-08,-1.30155847073168e-15,1.44259912639315e-07,-1.45603111743059e-06,5.43913584771323e-07,1.84430502083064e-07,-1.87644549947669e-08,-1.26500622500975e-10,-3.79904441238921e-16,-4.49809880814699e-17,-1.24849638858449e-10,-8.51216877562678e-07,1.12432635733109e-07,-2.18768715611662e-08,-1.93866150064564e-16,-1.06558061964664e-08,-1.27128618343109e-10,4.64643108604806e-16,3.93605023862674e-16,3.90135292404489e-16,2.77340961480418e-08,8.20679025429892e-08,-1.19975884989036e-07,7.14960786910658e-08,3.56780086550129e-08,7.41145774104289e-08,-2.2418967417964e-07,2.84071389849719e-16,-5.01031545913145e-08,1.83923553487466e-07,-2.31683969787293e-16,-3.25639492630955e-16,-9.36670696349844e-08,-7.41059920989293e-12,-4.47637205641933e-07,4.98316145381927e-08,0.00338665912106946,1.17645210075445e-09,1.42535335903904e-15,-3.70500079121122e-09,3.71737350205228e-16,-2.46305617819279e-08,-7.9060022417643e-16,-3.68375601898472e-07,9.87609950900945e-17,4.04181452548348e-08,7.29713942773057e-08,3.55885717709501e-09,4.70932078376721e-08,1.62651864491043e-07,-1.4167428327344e-07,1.20408826303887e-07,6.08676595164612e-09,2.96125211632573e-08,2.73893171795852e-09,3.24245287406459e-07,-1.22420926670243e-07,-3.03741430616364e-08,-2.47616418875883e-09,-4.45161094796316e-07,5.07542120132126e-16,5.58659449181141e-07,-9.68943923230395e-08,9.71131109626592e-09,-6.63527969615337e-17,1.29135303523730e-09,3.5240411796376e-08,1.26444130485395e-07,7.12846192225918e-17,-2.13217321995997e-07,-1.6416362948684e-08,-2.30579121142525e-16,-2.17661343508719e-08,1.37507906254136e-05,-3.47713871656881e-17,-5.31402020248689e-17,-1.25954388111349e-08,-9.75381743296114e-09,-5.58475076474535e-11,-7.78779767047906e-08,2.08964267583095e-08,4.26783574700913e-08,5.93361887918009e-09,7.35280641891064e-08,-1.2605720211566e-07,2.01824234408177e-16,1.80974911062875e-09,1.79811895046549e-10,4.97500876794438e-10,4.67026561172559e-08,2.14620939122901e-16,-4.11440661822343e-16,1.54277711790506e-08,-2.50528701150583e-16,-4.42314320279101e-16,9.97542793877079e-08,-1.11943105015976e-07,-1.44910797532899e-07,-1.22120664587336e-09,3.71100785034446e-06,8.14691073360114e-08,3.66719425878689e-09,-1.81027875883204e-17,9.14768244683231e-09,4.29809641221865e-10,1.97612754840926e-09,-1.39784430218102e-07,5.6117271088643e-07,-7.36438373739295e-17,-9.77562420609011e-17,1.1792310480442e-14,-7.25120870115225e-09,-2.44800852091721e-08,-2.05387878143235e-08,-8.25106396724909e-17,-1.90273087644476e-08,-7.76809862386159e-16,5.23912373060241e-16,4.78511148621219e-07,-1.05164989969611e-08,8.89045781438114e-18,-2.63758750331476e-08,-9.56904551595079e-08,-5.01400152599685e-17,4.23300374771195e-08,1.2672516942717e-16,1.17253238507939e-08,3.80406461001153e-16,1.17407343717224e-08,1.01919404607087e-07,2.57024037946852e-08,3.49913270992735e-09,2.42841752813895e-08,-6.60906323256228e-07,3.83965729530679e-08,6.06475656951322e-16,2.9098149911619e-06,-1.33985360573325e-07,-4.4663907566954e-16,-1.47376861184269e-07,-8.4494894004905e-08,0.0225135892466715,-2.4803598819249e-16,1.64392748430519e-08,1.70670011343167e-07,-1.68021559332745e-17,-6.8534499054234e-08,-1.57931932630462e-08,-6.39845514407567e-09,6.23599424960838e-16,-1.65569837547471e-15,1.98167291427312e-08,6.50300191387177e-09,5.33684065900277e-10,-1.10577322663823e-07,6.07321992986851e-09,-2.14302705380797e-15,-3.31317040115857e-15,2.35573283510118e-08,1.63693767196269e-10,-3.02347415503459e-15,6.45457370851064e-08,7.02393191930026e-16,2.65113145752291e-07,-1.79762343068028e-08,-1.07186695305455e-08,-7.73903098534381e-08,-9.94961087286891e-15,-2.25402363083154e-15,-4.88498948559574e-15,1.96756835352754e-15,-5.02470114737881e-07,-0.349201743950639,1.38535305755317e-13,9.55997964821533e-15,-4.17318703866099e-15,-6.43929568419311e-07,-0.00225503451092617,1.13658741248069e-07,-5.0230929711696e-16,-1.16849075987996e-14,3.14443024569677e-15,2.26172356338679e-07,-4.66425188857438e-08,-2.94004322582472e-16,-0.00023925787783062,1.40147478830057e-07,5.06613374601027e-16,6.1349467329563e-18,1.07876094781713e-08,1.08286173727626e-10,4.51002451800712e-09,-1.41195164097573e-16,-3.95297054136845e-09,-5.00330424236692e-09,-4.38637823083724e-09,2.9746698862865e-09,9.7413946001963e-09,-0.000240336391305781,-2.66347851006845e-16,-2.92180532081386e-15,9.76852098509972e-16,-1.78467080373205e-08,2.03922247464613e-09,5.80506715602785e-11,-1.37981041348195e-10,-3.64333673108649e-16,1.22268929408991e-16,-6.60271843370351e-16,-1.25257999504079e-16,-2.40099563431513e-15,9.66449467437487e-09,-8.56342072942565e-16,-3.16414125210394e-16,-2.66650288260198e-10,3.64863848217777e-16,-2.40560005648586e-10,4.67450939426935e-16,-3.02110939102424e-10,-2.97289388962382e-16,-4.51058718078179e-10,-5.88546612127594e-11,-1.55738567860065e-06,-8.86467393781756e-17,2.12087699543291e-09,-2.38770314682595e-16,3.38861557291839e-09,-4.65350359711758e-08,3.7386054630808e-11,1.47751021000466e-15,5.68209311981025e-09,1.71358664185907e-16,-1.479877928968e-09,-8.37519829683954e-09,-3.52373051011229e-16,-5.16515017983771e-16,-2.11548267452599e-16,2.66536224873537e-16,-2.93315010317356e-11,-3.85980113053677e-10,-8.72185728094508e-11,-1.44063341365271e-16,-2.51277507309121e-16,-6.73531687642403e-09,4.10438891111989e-07,7.3122936960617e-16,-3.83293325034672e-16,-4.44042869419784e-10,1.68907289975478e-16,-3.18175368222049e-09,2.27929653125411e-13,3.09615984255633e-08,-6.43670917134662e-16,9.0197889741108e-16,5.15514279108016e-16,-1.60885683110413e-16,-5.76110539265651e-16,5.30590733672746e-16,3.24419901088068e-08,-2.27035127477476e-07,-3.6781020168158e-16,-2.96823079592825e-09,1.13699475122942e-08,-1.78834784755558e-16,-2.92845131941259e-16,7.37746353587888e-16,2.14187688753182e-15,1.15354849931048e-09,1.85666413962025e-10,-1.74696163078989e-16,3.51741173973884e-17,-2.12324946222541e-09,-7.58093420767871e-09,-7.95814258292247e-10,4.7036265512206e-17,5.67558939032228e-16,1.62914795579541e-17,-6.3469552542013e-16,-2.79880894775824e-16,5.10736919728157e-17,4.7123234272457e-09,-4.47694697661687e-09,-8.64703271635451e-10,8.29356533470664e-16,-1.39654408543261e-16,-8.4484133673684e-17,2.89935650253462e-16,2.52719452633606e-16,-2.12769287458509e-15,2.70624443183437e-17,3.1233878464529e-16,8.55461765296024e-16,-4.55668777299701e-16,1.51181875620247e-15,-1.10925374002563e-15,2.01090889492575e-16,-4.16041592941179e-15,0.0044649078750638,2.56097013119359e-16,-1.12700806685432e-16,-8.5599805440672e-16,4.30642886475281e-08,-7.69748250690847e-11,1.31666379959793e-16,-8.60660761525671e-09,4.2885207864845e-08,-3.76397024566113e-16,2.49444125115652e-17,-1.22819857366986e-08,-3.26618700394342e-16,1.1048910670656e-09,7.6936108013526e-16,1.18866028821466e-15,-6.80367810136955e-17,-5.31951343959553e-17,1.60021894962498e-10,-2.20036654436798e-08,-1.81224929670156e-14,1.823554081762e-16,3.19870299899181e-16,-2.96022941598845e-15,4.38180308010017e-16,2.15402725222404e-15,-2.50185594387243e-16,5.06629714089173e-17,1.07566203286357e-05,5.45037784598545e-16,1.46634262576361e-15,1.55911747576164e-15,-3.7203529715648e-16,-1.69556670334308e-15,3.26423936936345e-15,-5.57375352282867e-09,-1.79106153714469e-15,-2.35470756376282e-15,4.16293749973923e-09,-1.55250348427161e-15,-4.35748822146156e-16,4.91520919037451e-15,3.71600899534591e-16,2.44396003029672e-08,-4.56804344126901e-15,-2.62130383267596e-09,-5.53015651828984e-15,-2.36261887354012e-15,3.39591392625379e-15,-4.50180012015531e-16,-2.34694612411256e-15,3.83138634311919e-15,9.5351261415726e-11,4.41703239660559e-15,1.29294441285397e-14,2.78273130218909e-08,-1.19628510147197e-08,-4.63050314360135e-16,8.41472001365323e-09,1.23403434839075e-09,4.42627084376141e-13,-0.707106781186545,7.07648550274052e-14,-6.67614501397842e-15,4.06587913088101e-16,-2.1102452626424e-09,4.70414596958016e-15,5.6863374989388e-15,2.85822104374893e-16,8.48546392652445e-10,-1.07393024471712e-14,8.049482326145e-16,6.55303464670675e-15,2.02507989508758e-15,-3.88797358465376e-10,1.27668610881303e-15,8.08731277643518e-10,-2.89140835397789e-15,-3.68752455520672e-15,2.19701133594091e-15,-8.00325044578488e-16,-9.16040279242396e-16,5.02124663093851e-15,1.57417049590408e-15,-1.83163851239634e-08,-1.28104346801749e-15,7.96331825900175e-17,5.96288381102375e-09,1.22005488087244e-15,-1.35460540295131e-15,-2.21742260575405e-15,3.04085064333273e-16,9.76973944625559e-16,1.0928238548961e-15,-6.30497596490177e-09,-9.82621229390582e-16,9.4209077233429e-16,1.29917545028641e-08,2.58445175814027e-15,1.73533280216138e-15,-2.6067094754092e-16,1.25471458265228e-15,3.00980689444594e-16,-1.14293568036307e-15,-2.86023283002263e-16,-3.83585759872592e-16,3.39005391104939e-16,-1.17059020427188e-15,-9.49126300484955e-16,-6.88527876241636e-09,2.9580543214185e-08,1.2506576117053e-15,3.10172780396152e-17,5.58590705282612e-16,-7.03591394537977e-16,3.33392168039293e-16,9.60336263992845e-16,3.17717994008879e-16,-2.73704305580576e-15,-2.88882705511634e-10,-6.02215903293828e-16,-7.16653019524682e-16,2.65054228224883e-16,2.65494211167771e-15,3.71810460090585e-10,2.73188949027077e-16,-3.04752487564308e-09,-2.68562321922836e-16,7.17445019519707e-16,2.0448320667998e-16,2.38984923272873e-16,-2.73752631819465e-16,-1.34577288407102e-15,3.7510724919739e-16,-6.42068759432397e-16,3.2199281410664e-16,-2.31406968079756e-16,2.29630523920986e-16,3.67056156566309e-16,-2.4506247127085e-16,-1.28237771685668e-16,-3.43851921827595e-16,-7.67257945441518e-16,-1.20796417668334e-16,2.59284815432807e-16,1.55160060894466e-16,-4.76246365764446e-17,1.18720137887163e-16,6.78490333830184e-16,4.95389280335475e-17,-3.55710874511542e-16,-1.13588654733579e-16,2.87796785631951e-11,-5.14645274903967e-16,9.73241088439879e-16,-8.85293532078938e-16,-9.2310322226428e-16,8.23789301497647e-16,-8.7873352434257e-16,-2.21767185999524e-17,1.0880644464426e-16,1.48887163622825e-16,1.50597093384973e-16,-4.58617518961368e-16,-7.57577791124231e-17,5.80769634634941e-17,-4.44740767355476e-16,-5.14182186236997e-16,5.88370092178432e-17,-5.62834766150953e-17,-3.75112580955247e-10,1.01484110376743e-16,2.95628877774171e-16,9.81880217679746e-17,2.21770122523274e-16,-8.68692475494008e-18,-6.09364904353929e-17,-1.25618743416829e-15,-1.86411362786877e-16,6.93440082668901e-17,8.0466794722938e-11,-6.70829948706009e-16,2.73670770085221e-16,-1.61924047673916e-16,-6.22134669460044e-16,1.86937108740701e-16,6.03863956599982e-17,3.32457082539716e-16,-3.06180706894183e-16,-3.02102245066132e-17,-5.62525014871678e-16,1.23924962335978e-16,6.82252986200556e-17,1.098530202504e-16,4.10784208614996e-10,-1.21989390564941e-16,-4.65190749891341e-17,-9.47767166315874e-16,-8.64217551688196e-16,-1.24301555665339e-09,6.04966519322958e-17,1.59179071373695e-16,2.70444256597609e-16,5.2605007083571e-16,-1.97235001404159e-16,9.44601861398074e-17,-1.74130755482687e-16,-1.27541769265607e-16,1.3001765936031e-16,2.23378390493521e-16,3.69568043316194e-16,2.37275160199604e-16,-4.64160809399404e-17,-4.66086003095276e-16,-8.28211987038657e-17,1.16217274800676e-16,-4.58662016914127e-16
"t608",-0.0421662616248449,0.0353290211297467,-0.0575879942551107,0.024061476977224,0.00494486892181274,0.000459272843994415,-0.00862236541844669,0.141689698058106,0.00014433702179672,-0.000486172698602171,-0.000215721600699846,0.00898456488816675,-0.0138052958426666,0.00190806093587579,-0.000392619170871436,-0.0360353958813251,0.000562423086462558,-0.00067170236158206,-4.97440449585959e-06,0.000130648128640405,-0.0783483909659026,-0.000780259383679662,1.40840291080436e-05,-6.85056967025654e-05,8.30061108203039e-06,1.19055078580333e-05,-2.17944791792553e-05,2.64491385669794e-05,-0.000895809658994744,0.00103018713468197,-3.47210435997089e-06,6.44938851708401e-06,-0.00232593816980516,6.36565830266109e-06,-4.00522953402374e-06,-8.13654423353374e-06,-0.000341859666864156,2.62878155031502e-06,2.2194628879792e-05,6.70169939731038e-06,0.000448391586442924,-8.15835369205076e-05,0.000969118750570728,-0.000117582896682473,0.0552839889674138,2.69317169668565e-05,-2.41240882043025e-05,0.000411449670142093,-2.22784091277303e-05,3.07473903042085e-05,-0.000138105522946959,1.06321623816497e-05,-1.45267111469996e-08,0.000249491237162181,-8.33580382948845e-07,8.08413127464034e-06,-3.03985263949521e-10,-3.52523195010649e-06,1.32659498098042e-06,-3.33019611842498e-05,-5.96855493680645e-06,7.74993369563424e-07,-2.71754866492278e-05,1.4702083970022e-05,-1.16772360197306e-06,2.95735533429012e-05,-2.0831820724406e-07,7.70293432436812e-06,-2.14780509754486e-05,8.71820633948511e-06,-7.76508823256033e-06,0.000169072353751247,-1.13211380256714e-06,-6.6414220894581e-05,2.94361687664961e-05,7.41760331511598e-08,-0.00138349670776967,2.08349869158513e-06,-1.16731383499449e-05,-1.46035127012914e-05,4.70081885844234e-06,7.18003697735768e-05,-1.03309254195459e-05,-6.81439029639188e-05,5.15266235489352e-06,0.000929294329404946,-0.00029475612507121,-4.52707885766605e-06,-1.74517816705567e-06,0.00192015860370428,-1.7471972644735e-06,1.13173370935638e-05,1.23672952088363e-05,-0.00122313018214013,-6.20487162218041e-06,-0.169751972904329,0.00713580692797886,-0.026881596132929,0.000335074949534831,5.69304219785804e-05,8.84123467993507e-06,-4.17043987174988e-06,1.1442561181205e-05,-1.69473924553625e-06,7.0311885140188e-07,-7.62373438008183e-06,3.39901892300351e-05,-8.86499080308415e-06,5.01798534585476e-06,-9.35688194933146e-06,-5.02352694508851e-06,-1.10748134158565e-05,2.41883256815884e-05,-1.77650613438351e-05,6.64782657028953e-08,-2.35274956206436e-06,3.35097738432021e-06,-3.23685475911535e-06,3.01815915456015e-06,-7.01423722189088e-06,3.30336979847564e-05,-5.52983808843533e-06,4.99064842903047e-06,1.37091756781313e-05,-3.42010542614961e-05,5.2760815949705e-05,-3.96742854518856e-05,1.21922212931236e-06,-2.2807276830928e-06,-7.52540596376498e-05,1.25614892561274e-06,-8.90223842708586e-06,1.20613043263122e-05,2.75124593829524e-06,-0.155803187267044,1.99256002851339e-05,-4.7392765926425e-10,1.24806882056308e-06,-4.85667996598861e-07,1.3961425605247e-06,8.85497457829532e-08,3.40736062850109e-06,-6.57626665703579e-07,-4.3230299879012e-08,-1.04457833820139e-06,7.84532132198096e-09,3.09115424275891e-07,-3.72603872289711e-08,-2.27436321030039e-09,5.08184873676434e-09,5.59509240213022e-06,2.04205568152129e-08,1.66925601993573e-05,-1.30538169838997e-07,1.83434868823068e-08,1.29555254175862e-09,-1.62275891355003e-08,-3.34193510258095e-06,-2.07681131913638e-08,-7.14634045457671e-09,-4.19884149076385e-06,8.4686836012957e-08,-5.76160695895632e-08,-7.77971467899895e-06,1.09981862405806e-06,-4.69392945044005e-06,1.22036676300309e-06,2.13023780038291e-08,1.06491083205441e-06,1.53991641064059e-06,-2.01410946480181e-05,-4.82425109174352e-06,3.82967651616323e-06,1.98461973337702e-07,4.12619992831117e-06,9.73350638223876e-08,3.94946303912181e-07,-5.20088341114848e-06,-2.26657266219094e-05,-0.0120540584759995,-0.000556211274493084,-0.000281698752839148,5.38944591721163e-06,1.43814903213637e-07,4.82156298443585e-07,6.54735599786364e-07,1.28432781090368e-05,-4.71189560279794e-06,-2.25951880836257e-05,0.00400841048368161,-7.835710795344e-08,3.23302421008524e-08,7.05483022148093e-08,2.17819572195925e-10,-1.28932250541828e-09,1.00052041010661e-08,1.97578452274157e-08,8.49970872272166e-07,-1.27699606535042e-08,-4.47129879091626e-09,-4.37985630350833e-09,-5.97042699138058e-07,7.43148624673972e-11,2.03105113331746e-08,4.36635076885173e-09,1.28293642812017e-07,1.05435414602477e-09,8.42871928338589e-07,-5.88059480734684e-08,-4.64124282048205e-09,-6.27894729978908e-07,1.54233233796171e-06,-5.62026309815243e-06,-1.11522047204944e-07,-3.42855724170053e-06,-9.72852915930308e-08,0.00493629176383228,-1.81715482711836e-08,-1.20207818784108e-08,-8.70253540425933e-08,-5.15953888361882e-07,7.09293267958565e-06,2.18084271853977e-07,7.5714978324947e-07,-2.33667734660091e-07,-1.24330344098806e-07,-1.32475593966246e-06,-1.1583656995258e-07,-2.15352140969494e-07,-2.16489261833894e-07,6.81740170558825e-06,1.25462723815587e-06,1.16706850010312e-07,2.07122397449268e-07,-2.69759048278638e-08,-0.258441697159061,1.9546942519891e-06,-1.17731255355972e-15,1.22562288404467e-07,-5.59341774071711e-05,1.0539393375208e-07,1.93368076725564e-06,1.18289555599883e-06,-0.00194303476627161,4.55940168016044e-09,-1.04908813283459e-06,2.61157264307285e-10,-7.47929367631433e-12,-1.45117111544677e-10,3.20909345178022e-08,-1.4370199305584e-09,2.20509237594461e-07,-1.61196104917455e-08,1.103708100618e-07,-8.61136368945437e-09,6.16895274909983e-08,-1.68302112827877e-07,0.000149749738805714,3.09069061936086e-08,-6.87039268257672e-09,1.72904479984292e-07,-3.48823442122395e-08,3.9900930738302e-06,-2.1047353897868e-06,2.28877473264521e-08,-7.86762995592935e-09,1.17522922142745e-08,8.36278522393876e-07,-1.92248694155982e-06,1.35790753958834e-08,5.58509163226987e-09,-1.3349052823587e-08,1.17884402978205e-06,-3.29870348428114e-05,1.32256382109443e-06,-2.55712082169983e-05,0.00619773142925931,1.72124489655378e-06,-1.13825905526324e-06,3.39056572174243e-07,-1.59967601595381e-07,-1.51499642009407e-16,2.64917973239636e-07,8.67490492858895e-09,7.02079416582127e-11,4.54018155076783e-07,-6.44675986011770e-09,3.62398175992417e-09,1.23023377155454e-05,-2.12057426423417e-07,3.84083881747414e-08,-9.95771437314131e-08,-3.05901868831203e-09,1.58272222825767e-09,-1.83859654645722e-08,2.06008563500005e-08,-3.4735804942741e-07,3.63873903381551e-10,1.67492621901523e-07,1.13636295629922e-10,6.26455526640913e-10,1.53026080776176e-08,-1.97222118470256e-07,4.82337095338355e-09,-1.93293800886819e-08,2.72857026677371e-08,-1.00340105003232e-07,6.92919645619855e-09,6.2950667187588e-09,4.84720760849851e-08,-8.20748553429967e-08,-6.72339325003775e-09,5.58178748271006e-08,-3.70642713912618e-08,9.21317025947121e-10,8.6467618925291e-09,-1.70421213127012e-08,-5.68727403165113e-16,5.06956754716474e-11,2.10934641020048e-07,-1.4125841621426e-07,1.36951131100595e-08,1.22413486975635e-08,3.55303214906694e-09,8.12606316331631e-09,-1.16585526423827e-07,4.12428658163261e-08,-2.19660971192457e-17,-2.63640647091109e-08,-3.1122287081472e-10,-8.03663495719453e-10,2.64528166250104e-08,4.43716931541016e-09,-2.2762636408492e-10,-3.95628226042591e-09,-1.31468376247683e-11,1.02324857613856e-07,-4.60240537170932e-08,1.42987515173102e-08,3.22999882469253e-08,1.95530896221968e-09,1.84843999184638e-08,4.80224904773325e-08,-2.38871525205947e-07,7.08095124910588e-08,-7.3662328977352e-16,0.000193923943899465,-3.73852550547744e-06,-1.39576406182493e-08,-0.465566884683765,-5.22097457135582e-06,-1.1786944655162e-06,3.64687990929779e-06,-1.29913671913109e-05,-8.51043737602921e-08,-1.17857248029067e-15,-1.50496247037157e-07,-4.1290310569116e-07,-1.87578337747737e-07,3.14405836774094e-15,3.72194280230658e-07,4.95983485601289e-06,-7.66217693824411e-07,-3.23692892002319e-07,-1.15258259529511e-07,-6.57202664750018e-08,-2.4969140950823e-06,9.05401279469704e-08,1.00455723211485e-06,4.12709646911628e-07,5.02148862345709e-06,0.0296921307879407,1.7275131706738e-15,2.66826011324151e-06,-1.30360650696256e-07,-5.24928054631244e-07,2.67209627874062e-08,-2.26406680405688e-16,1.70651695782852e-09,1.01609803304658e-07,-6.56819353833845e-09,-6.76974279438234e-09,-2.12833080806925e-08,0.00118311714900847,-1.58326385773482e-07,3.54328039786684e-08,-7.02656735610125e-16,1.44259912544521e-07,-1.45603111740699e-06,5.43913584893456e-07,1.84430502091604e-07,-1.87644547443573e-08,-1.26500389556307e-10,-7.80625564189563e-16,-1.1274612336513e-17,-1.24849723400109e-10,-8.51216877589769e-07,1.12432636185851e-07,-2.18768717813316e-08,-2.30805567285001e-16,-1.06558063368335e-08,-1.27129051844691e-10,1.07588222228087e-16,2.38079600075165e-16,1.99121069479665e-16,2.77340962283765e-08,8.20679022492803e-08,-1.19975884451751e-07,7.14960789096424e-08,3.56780083706545e-08,7.41145772043116e-08,-2.24189674360484e-07,3.01898447478854e-16,-5.01031545389016e-08,1.83923553502997e-07,4.09032135806277e-17,-2.42376534673592e-16,-9.36670693410975e-08,-7.41049617068561e-12,-4.47637204675254e-07,4.98316142572707e-08,0.00338665912106919,1.17645163019478e-09,1.6644199380721e-15,-3.70500142498898e-09,3.64855511046525e-16,-2.46305617907505e-08,-1.82061939309197e-15,-3.68375601395598e-07,6.77150198280136e-17,4.04181448796617e-08,7.29713939698917e-08,3.55885712660559e-09,4.70932078280632e-08,1.62651864403835e-07,-1.4167428328948e-07,1.20408826174744e-07,6.08676670728038e-09,2.96125213316253e-08,2.73893142595704e-09,3.24245287607238e-07,-1.22420926611804e-07,-3.03741429189379e-08,-2.47616365550982e-09,-4.45161094568153e-07,4.47823654510086e-16,5.58659448793862e-07,-9.68943924913835e-08,9.71131038059747e-09,2.63699484289873e-16,1.29135265397953e-09,3.52404120639786e-08,1.26444130505193e-07,4.21842152136022e-17,-2.13217321937222e-07,-1.64163632136323e-08,2.87818969895354e-16,-2.17661351723915e-08,1.37507906247223e-05,-5.58983191208316e-16,-4.00503236706269e-16,-1.25954395430757e-08,-9.75381815324324e-09,-5.58474741156556e-11,-7.78779764642045e-08,2.08964268000555e-08,4.26783572476638e-08,5.93361903529809e-09,7.35280637565257e-08,-1.26057202046088e-07,2.63461127913978e-17,1.80974947584359e-09,1.7981159370987e-10,4.97500952846951e-10,4.67026557501463e-08,-1.04243561943546e-16,-2.02609966672793e-16,1.54277716317086e-08,-1.25340008362086e-16,-2.19463508760016e-16,9.97542797187559e-08,-1.11943105184709e-07,-1.44910797718742e-07,-1.22120662910136e-09,3.71100785037307e-06,8.1469107155305e-08,3.66719407765586e-09,2.80683495097908e-16,9.1476826280269e-09,4.29808813328465e-10,1.97612816298885e-09,-1.39784430308136e-07,5.61172710483803e-07,-1.30358116271968e-16,-1.5364392725837e-16,1.27771834880828e-14,-7.25120936295399e-09,-2.44800851679303e-08,-2.05387878413365e-08,3.08701557956498e-16,-1.90273084410076e-08,-2.43352499205263e-15,8.27711394274414e-16,4.78511148829601e-07,-1.05164996224161e-08,4.48642858974502e-16,-2.63758747495075e-08,-9.56904549061632e-08,1.36191134165801e-15,4.233003792202e-08,-2.32233509188794e-16,1.17253237902789e-08,1.79230566147737e-16,1.17407347439179e-08,1.01919404352638e-07,2.57024034683978e-08,3.49913253302048e-09,2.42841751856619e-08,-6.60906321708448e-07,3.83965729312948e-08,7.73787877661166e-16,2.90981499002077e-06,-1.33985360448008e-07,-3.75126073327377e-16,-1.47376861576059e-07,-8.4494893983978e-08,0.0225135892466696,-5.88878248443447e-16,1.64392746290362e-08,1.70670011490143e-07,-1.60220997863266e-16,-6.85344988937277e-08,-1.57931934962868e-08,-6.39845512851818e-09,5.99858438420366e-16,-1.97332190102717e-15,1.98167290086619e-08,6.50300197850205e-09,5.33683436251796e-10,-1.10577322194617e-07,6.07321918911192e-09,-1.80910291070157e-15,-4.19959158768019e-15,2.35573287190777e-08,1.63694000185334e-10,-2.64975550938445e-15,6.45457373243118e-08,7.17755219441965e-16,2.65113145406775e-07,-1.79762348253523e-08,-1.07186697273102e-08,-7.73903101371763e-08,-9.36616802044231e-15,-2.92692762569576e-15,-4.30344843031997e-15,1.86879147362223e-15,-5.02470114950825e-07,-0.349201743950626,1.38131891097691e-13,8.62131341556663e-15,-4.98854482744257e-15,-6.43929568479694e-07,-0.00225503451092526,1.13658741733661e-07,-2.03004147408495e-16,-1.23993019627774e-14,1.39138375300496e-15,2.26172356526314e-07,-4.66425185203136e-08,-5.80765167303122e-16,-0.000239257877832473,1.4014747835557e-07,4.32254234743612e-16,5.69555330251796e-16,1.07876097385019e-08,1.08286595514804e-10,4.51002349587133e-09,-1.35736382065065e-15,-3.95297066690048e-09,-5.00330386488337e-09,-4.38637828120019e-09,2.97467005132248e-09,9.74139551893252e-09,-0.000240336391305848,-1.95210206094515e-17,-1.0092007606295e-15,1.18836436183533e-15,-1.78467082827139e-08,2.03922238076812e-09,5.80507766690403e-11,-1.37980924000447e-10,-4.62254069943033e-16,4.96581197969019e-16,-3.8278662502936e-16,6.18043671144636e-17,-3.1906846430978e-15,9.66449490254134e-09,-7.62284203159618e-16,-6.32291342098465e-17,-2.66649887236566e-10,-4.91500294825185e-16,-2.40561171160935e-10,-9.40831750189326e-17,-3.02109831289089e-10,-6.71232293977884e-18,-4.51059440404885e-10,-5.8854723000264e-11,-1.55738568020943e-06,-3.30984578866364e-16,2.12087727987159e-09,2.66431959462862e-16,3.38861511103547e-09,-4.65350357496114e-08,3.73852851880169e-11,-2.47811743925658e-15,5.68209270087316e-09,1.69325092849867e-16,-1.47987807491663e-09,-8.37519817756576e-09,1.09415747655482e-16,3.78992870583301e-16,8.52357461108899e-16,-4.46502095784079e-16,-2.93306138422532e-11,-3.8597978742827e-10,-8.72176802876664e-11,-1.85001863587665e-16,3.7767275175111e-16,-6.73531721456758e-09,4.10438889828077e-07,5.83610617592402e-16,3.33021695208897e-16,-4.44043450096306e-10,-8.84550315939604e-16,-3.18175371056537e-09,2.25380284251949e-13,3.09615996116575e-08,4.26351061831518e-16,7.31685740012396e-16,-5.92498760476293e-16,2.32338993440956e-16,3.61576316584487e-16,7.78844610021438e-18,3.24419871146681e-08,-2.27035122193792e-07,1.0885800443761e-16,-2.96823140266507e-09,1.13699477041503e-08,-3.76544595451153e-16,8.62651131530976e-16,-1.23827384031363e-15,1.35308475712881e-15,1.15354851464747e-09,1.85665810694753e-10,1.63289026258487e-16,-8.27664164628164e-17,-2.12324956968928e-09,-7.58093307218005e-09,-7.95815325720502e-10,-1.22165943576291e-16,-2.40431215214234e-16,-8.95678217615667e-17,5.89291169964249e-16,1.49937163098317e-16,-1.56172128517162e-16,4.71232199750057e-09,-4.47694655413961e-09,-8.64702327597097e-10,-7.9848288829413e-16,5.29494387912279e-17,8.74103713874943e-17,1.43685096267311e-16,-8.18208587288591e-17,4.01349567815698e-15,-3.19993049178259e-17,-2.03898048948044e-16,-9.50946154899701e-16,3.88893438207526e-16,-5.4544206798136e-16,2.26667293945363e-15,-2.11905484800729e-16,-4.74610875430442e-15,0.0044649078750696,-4.52751587475523e-16,-3.54640122589908e-15,9.46915498526362e-16,4.30642861029317e-08,-7.69743288465835e-11,-2.02769817073402e-16,-8.60659627970481e-09,4.28852066649576e-08,1.6670597701905e-16,-2.46840525172496e-16,-1.22819842790732e-08,3.01362803183609e-16,1.10489100348813e-09,-3.04828482941451e-16,-1.2692099087512e-15,2.07468556850835e-16,-6.28550697878688e-16,1.60022814150738e-10,-2.20036626600988e-08,-1.14254414502438e-14,2.34094229881246e-16,-2.84068944810841e-16,7.85526459599754e-16,-4.39589770834248e-16,-1.76720250699066e-15,6.29313416401435e-16,-1.97081621623468e-16,1.07566203157825e-05,-5.80563099481686e-16,-1.55734983900475e-15,-1.25442965492507e-15,7.42837845369613e-16,2.06884908048545e-15,-3.9868166687931e-15,-5.57375384702197e-09,1.5569858841967e-15,1.98134717925866e-15,4.16293747700818e-09,2.17455285434961e-15,8.18128313222738e-17,-4.87818393557554e-15,1.18083500320696e-16,2.44395950706884e-08,4.95275905376299e-15,-2.62131554061774e-09,6.59825014541771e-15,2.86744809450572e-15,-1.62545981595602e-15,5.55753986803071e-16,2.26802269260358e-15,-6.04371700964856e-15,9.53296852423441e-11,-4.4444795901936e-15,-1.27849639785362e-14,2.78273472832727e-08,-1.19628386758957e-08,7.46876622005974e-16,8.41471346906997e-09,1.23398169903772e-09,-4.42267876099672e-13,0.707106781186551,-7.03653121978758e-14,6.49775027277438e-15,-6.04564034244139e-16,-2.11023975833429e-09,-5.62601050743551e-15,-5.60522155168304e-15,-3.41117084037399e-16,8.48542085235786e-10,1.06503795898313e-14,-1.15266027852809e-15,-6.60742667802887e-15,-1.97643141545668e-15,-3.88793921788853e-10,-1.2439209830852e-15,8.08725065000733e-10,3.38290052300084e-15,3.25015902985177e-15,-1.66756028986016e-15,7.27638441889011e-16,8.27926318856752e-16,-4.90275737189445e-15,-1.80111433938918e-15,-1.83163872014707e-08,1.78962253610213e-15,3.17968165392759e-16,5.9628854527768e-09,-1.22931337656503e-15,1.22612771098366e-15,2.11003649042064e-15,-1.8120757414879e-16,-1.05169224133984e-15,-7.96978961923936e-16,-6.30497347800617e-09,1.00413536323114e-15,-1.24417095374492e-15,1.29917505166185e-08,-2.56287795519224e-15,-1.28903087679098e-15,-4.52084391008495e-16,-1.13930664284238e-15,-1.13894342932991e-16,2.28365644600185e-15,4.69736166012973e-16,4.34375230462638e-16,-2.01756146003552e-16,8.53467325625069e-16,6.92743300395183e-16,-6.88527548906761e-09,2.95805352285477e-08,-1.21135486682413e-15,-7.74298472503732e-17,-5.74541847128061e-16,7.84978662174101e-16,-1.56287743163785e-16,-9.30735334294289e-16,-3.17674021091945e-16,3.17393000979136e-15,-2.8888128053688e-10,4.84267799512411e-16,8.6051673612772e-16,-1.85252082652069e-16,-1.41929006407878e-15,3.71812231017939e-10,-5.24098027965746e-16,-3.04752174143115e-09,6.02657741130172e-17,-4.65273055310431e-16,-3.48183325189697e-17,-4.14354154207115e-16,3.70681430731355e-16,9.46732986216033e-16,-1.23794690375871e-16,6.89514029210036e-16,-2.10014227829481e-16,2.25346383635206e-16,-1.08413448490744e-16,-3.78560389637161e-16,5.69702508610462e-16,1.28137206546157e-16,3.01744389176298e-16,4.7566149850215e-16,2.19260279587555e-16,-1.75597409510283e-16,-6.48978097072701e-16,3.1664360746176e-16,1.21918534295995e-16,-6.67819314177034e-16,1.63488576361774e-16,4.12691495234929e-16,2.4528736935673e-16,2.87791401332023e-11,-7.64750032382318e-17,-2.23274473559976e-15,6.28466967299692e-16,5.02349702637592e-16,-6.30753661428458e-16,8.52633894333376e-16,-4.02867884540016e-16,2.18641177293213e-16,-1.61886128951844e-17,-2.30388289616185e-16,2.50288071518279e-16,1.77948535321195e-16,1.02431146497037e-16,1.32037901039473e-16,-4.14856552948021e-16,-2.71676045646069e-16,1.53650186084193e-16,-3.75111721698341e-10,-1.26102906334185e-16,-1.85311155817785e-16,-1.59049429222722e-16,-2.42529873638458e-16,-5.4067960162238e-16,4.74158474217048e-16,9.9478200057706e-16,-5.92247215247257e-16,-3.48943208109755e-17,8.04665835432769e-11,4.40585698308882e-16,-2.41661034011803e-16,-9.81106715027773e-18,6.71503912286233e-16,-1.26970854184481e-16,-2.40413564678414e-16,-3.43841960419043e-16,1.01233784578852e-16,-4.44294094698237e-17,9.75484089903272e-16,8.20530102423552e-17,1.77350448702634e-16,8.75624592914476e-17,4.10784694839644e-10,4.94753597395001e-17,-1.58155844683591e-16,-1.80731394019635e-16,-4.33138767907959e-16,-1.24301466929278e-09,-1.27284020066407e-16,4.72137633169939e-17,-4.31264980544406e-16,-2.50296288094903e-16,-1.97332568340034e-16,-1.22530983171998e-16,4.8485400495798e-16,1.01079192188706e-17,-3.15034923586213e-16,-5.05264159754678e-17,-2.40130969950939e-16,-3.33313039985631e-16,-3.77631063321146e-17,1.47957059855708e-16,7.34631550125526e-18,1.14964880042126e-16,-9.58821040780667e-17
"t171",-0.0419719303325029,0.0349854535511452,-0.0570098042762696,0.0237374278646948,0.00486327121985956,0.000450375235345597,-0.00845202663116277,0.138666783611071,0.000140696793776592,-0.000471286236805489,-0.000207325366598094,0.00855279725519269,-0.0131222345762523,0.00181220784695331,-0.000372025404778741,-0.0340322664399223,0.000530402670906946,-0.000632757971085381,-4.67922472677013e-06,0.000122215494036595,-0.0728716129595053,-0.000714194337130109,1.282317463514e-05,-6.2336987147517e-05,7.55015921620483e-06,1.07765728742002e-05,-1.97027792924462e-05,2.3887357658332e-05,-0.000806656467943998,0.00090853291684262,-3.03393560013671e-06,5.59712305943457e-06,-0.00199550540409889,5.41664464268809e-06,-3.37626700721877e-06,-6.75175119770821e-06,-0.00028290232443169,2.16784881571683e-06,1.82751815195476e-05,5.49968234300717e-06,0.000365531380602631,-6.61215047772643e-05,0.000782552589991714,-9.49176857379955e-05,0.0444306333711953,2.12855417595696e-05,-1.89667390645176e-05,0.000322683387264511,-1.73492206135416e-05,2.37591552822926e-05,-0.000105594746135575,8.08861811697122e-06,-1.1043304429502e-08,0.000188466171196724,-6.21752793961218e-07,6.01806627921092e-06,-2.18182604137363e-10,-2.50386189709323e-06,9.41050666458891e-07,-2.30012331343446e-05,-4.03616290949352e-06,5.18454666452233e-07,-1.8018575286076e-05,9.72607389886661e-06,-7.59393994092331e-07,1.89300605118853e-05,-1.28553802011624e-07,4.67228590904639e-06,-1.29219423768682e-05,5.16712512990951e-06,-4.22328858697536e-06,8.53562485058736e-05,-5.64568413224156e-07,-3.22651652248905e-05,1.42526988401877e-05,3.54973023459055e-08,-0.000658961757659948,9.69135934632186e-07,-5.12892440410948e-06,-6.26116556269044e-06,1.92861595884317e-06,2.91664358506144e-05,-3.88411723698157e-06,-2.49841499837387e-05,1.67692394172259e-06,0.000291658241400994,-8.9003643416731e-05,-1.35818837934828e-06,-5.22691823042972e-07,0.000572645738927373,-5.13031454510385e-07,2.81725373697502e-06,3.0264068671806e-06,-0.000263838382211689,-1.01311349163859e-06,-0.0263248279949357,0.00110386143805702,-0.003588354245456,4.20417368244883e-05,5.3775682995791e-06,6.03712155616584e-07,-2.74889885704006e-07,7.23595835876775e-07,1.142299899729e-07,-5.49252635793002e-08,6.59958580347206e-07,-3.46092095404069e-06,9.40867929086873e-07,-5.71194677468925e-07,1.17546563119589e-06,6.50582076224694e-07,1.69395565634311e-06,-3.76856489492763e-06,3.92814366304123e-06,-1.5672360660597e-08,6.32328037218248e-07,-9.51728569083938e-07,1.05988016601522e-06,-1.12121481400848e-06,2.85028454635694e-06,-1.40997152410767e-05,2.7737333384817e-06,-2.76329744371323e-06,-7.61893019160542e-06,1.92734461919624e-05,-3.27768835240536e-05,2.48444407336822e-05,-8.28330228356095e-07,1.94190831301805e-06,6.42335166162811e-05,-1.09171486439565e-06,8.97362198335869e-06,-1.25164087603894e-05,-2.91582938078729e-06,0.180063132792667,-2.33079365672948e-05,6.68389489806364e-10,-2.05956818646134e-06,1.00877920500033e-06,-2.91986726856528e-06,-1.93143600614972e-07,-7.59577739963628e-06,1.51909426059687e-06,1.01245514493338e-07,2.44685918462363e-06,-2.03499336932032e-08,-1.00355553999794e-06,1.58571044912002e-07,1.04547130094309e-08,-2.82187359134119e-08,-3.15818138640273e-05,-1.25094071737716e-07,-0.000107603790017445,8.9428201043689e-07,-2.82077607855128e-07,-2.46531860306035e-08,3.70667030578839e-07,-2.32427258159319e-05,-1.10935153161389e-07,-3.68681848016787e-08,-1.82318727517218e-05,3.56184848165969e-07,-2.02586422891642e-07,-2.68198049568461e-05,3.27589376153362e-06,-1.23457340115531e-05,2.37747430246185e-06,4.11110460663581e-08,2.05020044394483e-06,2.86022989817e-06,-3.59086485610406e-05,-8.55106985231691e-06,6.27917175316625e-06,3.17749098809182e-07,6.28117243568042e-06,1.46369695372999e-07,5.90215471373835e-07,-6.94475947547675e-06,-2.70465303497712e-05,-0.0141115009157019,-0.00063941750685846,-0.000306954659174495,5.75299407785505e-06,1.50454260932662e-07,4.9492008265057e-07,6.30467852547422e-07,1.21721818665263e-05,-3.88577160150535e-06,-1.85466512533114e-05,0.00313701525846645,-5.35477437170428e-08,1.96122685324665e-08,4.09974740634716e-08,1.18497206443691e-10,-6.66506831111434e-10,4.39391925838653e-09,8.35353412972547e-09,3.30358078111469e-07,-4.74834456959244e-09,-1.10407493286307e-09,-1.05655176133569e-09,-1.13801205474499e-07,1.05403627667702e-11,5.69704758949617e-10,1.20225730584445e-10,2.21130534681382e-09,-1.48475530514931e-11,-3.00738387261877e-08,5.43861376468162e-09,7.51172697307257e-10,1.36224493163859e-07,-3.60677829107762e-07,1.73902540580237e-06,3.91297957289099e-08,1.20670880344534e-06,3.73525370486156e-08,-0.00228900946670548,8.69960316995083e-09,6.69350630109276e-09,5.29043557372572e-08,3.22378799485731e-07,-4.88385785614294e-06,-1.53069315717082e-07,-5.41682188745204e-07,1.74755395386072e-07,9.35451062363362e-08,9.98032713132116e-07,8.79270059602235e-08,1.59841631547516e-07,1.50635891883224e-07,-4.51002001396385e-06,-7.71187707785475e-07,-6.51091279590598e-08,-1.11670953116994e-07,7.88973054655486e-09,0.0111951892184303,7.05344342914828e-07,-1.56268794467862e-15,1.67450108446617e-07,-9.30590062096707e-05,6.02462222395353e-07,3.15621126319054e-05,7.03689689097661e-05,-0.129424713778466,-4.66195465719949e-07,0.000109122265663779,-2.831419297544e-08,1.52437230321963e-09,-2.11947212671217e-06,2.49201354232007e-06,-7.19734883015447e-08,9.53376246346885e-06,-3.76330087808553e-07,6.42737551263834e-07,-3.57873734930202e-08,1.97526714067565e-07,-3.10051964268371e-07,0.000264930674866885,3.57724292172601e-08,-6.04173623657019e-09,9.32709550880965e-08,-1.5409224616566e-08,1.37387191030306e-06,-4.56019819372536e-07,9.48272495277277e-10,-1.76006256279916e-10,-4.25946225563303e-09,-3.09845960313307e-07,7.2964501605071e-07,-6.41762900036851e-09,-2.82795764971585e-09,8.15177200686787e-09,-7.42195307016261e-07,3.90790200956179e-05,-1.64101963243648e-06,3.28533525963832e-05,-0.00857970244059408,-2.51770170163111e-06,1.86278627679474e-06,-5.71791430860717e-07,2.7606226672251e-07,2.40069967692643e-16,-4.92772810406313e-07,-1.62890007683464e-08,-1.35854052119495e-10,-9.4000758139714e-07,1.40975191788696e-08,-8.12533346527006e-09,-2.79204421931335e-05,5.5717182361219e-07,-1.0181783177699e-07,2.64603908070016e-07,8.45863834818718e-09,-4.87454877625478e-09,5.76549528264098e-08,-6.54079841113349e-08,1.14841132065033e-06,-1.39593994548115e-09,-6.82654541077918e-07,-4.64775082645416e-10,-2.5649095065501e-09,-7.26096354369964e-08,1.10989284747865e-06,-2.7749371519388e-08,1.14873072089611e-07,-1.68732045584711e-07,6.28167076998605e-07,-4.81627079384925e-08,-4.41082799810537e-08,-3.44702428041736e-07,5.89636875954361e-07,4.99609091220834e-08,-4.30829062587061e-07,2.96495801273974e-07,-7.48761298599627e-09,-7.22068572435025e-08,1.51007343110393e-07,6.67152227150957e-16,-6.86876263420254e-10,-3.00925364022331e-06,2.18758144450459e-06,-2.12624493261505e-07,-1.90563194544051e-07,-5.64974979451963e-08,-1.34657970059754e-07,2.03379062125275e-06,-8.05812483964512e-07,-8.10459594267001e-16,7.14457628919381e-07,8.86898221787009e-09,2.57791602094307e-08,-8.61548269623801e-07,-2.14509761039625e-07,1.5281522077693e-08,6.31488303947667e-07,-1.77708592685885e-07,6.63732577936777e-06,-1.41012794138973e-06,3.09373546173521e-07,5.85085902187241e-07,3.1829072943805e-08,2.49579001760996e-07,6.35210099469724e-07,-2.76639931470064e-06,7.38359266733574e-07,3.74631312076693e-15,0.000761379372805274,-1.0684010216613e-05,-3.97458335803554e-08,-0.0291083600872045,1.76207652039771e-06,6.06846311918833e-06,-2.40051286249439e-05,8.92956444385313e-05,6.81341592471267e-07,-6.90909248708312e-15,1.41003554006086e-06,4.0878144835087e-06,2.2552760377223e-06,-9.99746918071206e-16,-5.44787628200047e-06,-7.59567963679541e-05,1.2011215969252e-05,5.32397207781485e-06,2.05421798946197e-06,1.24414663391386e-06,4.95607276525921e-05,-2.07122428681171e-06,-2.33765260202521e-05,-1.06195868762653e-05,-0.00015548707012562,-0.92846630693167,-5.76764926145498e-14,-0.000126815419266784,6.74189125889747e-06,3.33314804637241e-05,-2.49874067901908e-06,-7.85284621439131e-15,-1.6153158143917e-06,1.23096930320431e-05,-5.45245325519716e-07,-4.92593274722891e-07,-1.35363385455494e-06,0.0614525584120607,-6.42918616480614e-06,9.73534274428159e-07,-1.26670718533178e-15,3.17898483116295e-06,-3.15778846286018e-05,1.14248657238586e-05,3.71598432037926e-06,-3.7691435224814e-07,-2.51274377859849e-09,-1.18568349583015e-15,9.47201610181241e-16,-2.33501004533633e-09,-1.51843447176052e-05,1.9944345747233e-06,-3.73431476506834e-07,1.40945542510677e-15,-1.68886144905742e-07,-1.95732811601448e-09,-1.68455857406073e-16,-4.31308332572844e-16,-9.92795506435628e-17,3.9554771401466e-07,1.1608480104622e-06,-1.65382072051641e-06,9.67508526678717e-07,4.81868017136634e-07,9.85671522542459e-07,-2.97710550817198e-06,-1.22189286622977e-16,-6.55764253576319e-07,2.41137378897755e-06,4.18326197889174e-16,-3.38007392564081e-16,-1.32592787288337e-06,-1.10630550038786e-10,-7.58188765014177e-06,9.8939451829269e-07,0.216814811657538,2.26353557749052e-07,8.67694035942278e-14,2.71708761163503e-07,2.19488386192425e-14,1.66958364464628e-07,-8.75433623162558e-15,3.41542105737954e-07,-5.01235513926786e-16,8.77751142954838e-08,1.86980516242062e-07,1.81869871261544e-08,2.52236438242192e-07,8.85454193950342e-07,-8.14327767733639e-07,7.14671934993389e-07,3.77474569087825e-08,1.83691506996208e-07,1.71260585994974e-08,2.04851199523541e-06,-7.79290034517082e-07,-1.9382496618926e-07,-1.58026296823433e-08,-2.83976893803909e-06,6.41156289663741e-16,3.55345138501363e-06,-6.13487509552132e-07,6.03184934413715e-08,5.69989338605836e-16,7.9672727969997e-09,2.15098159617154e-07,7.68098341922559e-07,8.57154977017285e-18,-1.29197577197399e-06,-9.8468736585042e-08,-3.13154408760312e-15,-1.29891004601494e-07,7.94691240958811e-05,-4.44726303470305e-16,-3.85887840153286e-17,-7.18510604392314e-08,-5.55754053908076e-08,-3.1644982098213e-10,-4.3839929739607e-07,1.15882702219328e-07,2.36367242266722e-07,3.2801668322474e-08,3.9828202672872e-07,-6.71383718090521e-07,5.9013124248386e-16,9.57678534981353e-09,9.50463634871978e-10,2.61946395382482e-09,2.44741520873012e-07,-5.21806161239966e-16,1.09207689203172e-16,8.03234987703521e-08,5.36463962486482e-16,1.05910887864606e-16,4.98044271653463e-07,-5.54758929163369e-07,-7.18025049011649e-07,-5.95207589585291e-09,1.80464074081172e-05,3.95987729852655e-07,1.77689880820819e-08,2.7645956821445e-16,4.28364670446955e-08,1.99764021043427e-09,9.16161818255082e-09,-6.39953295957155e-07,2.50899811033408e-06,2.53807992541526e-16,2.09697160780053e-16,5.85981357714104e-14,-3.1273950178646e-08,-1.03865424004379e-07,-8.70325478803895e-08,-1.74762371042617e-15,-7.93159154048387e-08,1.12553013276905e-15,-1.41613471357273e-16,1.84042504060541e-06,-4.0402776467863e-08,1.80519661718836e-16,-9.90683329184252e-08,-3.54474514637429e-07,6.58006202608778e-16,1.52141746920325e-07,-1.90002900062482e-16,4.04643191051375e-08,7.74902043209114e-16,4.03583236835238e-08,3.49264036703569e-07,8.77684003754764e-08,1.18893355996252e-08,8.15639199849039e-08,-2.11450030450285e-06,1.12240422524231e-07,6.61462897218818e-17,6.752383146437e-06,-2.95751438748545e-07,-2.06131560364042e-16,-2.97727911189994e-07,-1.24786051985754e-07,0.00754494275435655,5.84897589693458e-16,7.61547396047317e-08,7.0327321601924e-07,1.38736734053396e-16,-2.54651248889899e-07,-5.64330442767657e-08,-2.04710717019864e-08,2.13138978967864e-16,4.00816972718101e-16,5.2819973322922e-08,1.61596749496775e-08,1.30710905156375e-09,-1.87553794947429e-07,9.50604167321914e-09,3.22868379808943e-16,-4.17253085263888e-16,3.46840305980657e-08,2.39058700797366e-10,3.52607303883235e-16,8.37506085834976e-08,6.1248323575237e-18,3.00243842261286e-07,-1.6031159245799e-08,-9.36801808626558e-09,-6.21467018248455e-08,-9.36954580833323e-16,-7.17043174428802e-17,2.53481903436693e-16,-1.77632105996295e-16,-4.06305686347772e-08,-0.00475314008238768,2.10870944612676e-15,5.38857990544513e-16,-5.06569003194504e-16,1.55795342076838e-07,5.96745921696418e-05,-7.96184234609565e-08,-1.7349897234433e-16,-1.15840225866498e-15,6.27129641619928e-16,-4.96530198162173e-07,1.05385050350837e-07,-2.09330589329987e-16,0.00287996245230406,-4.7615628847751e-07,-5.94517186645348e-17,1.86177718164825e-16,-4.76924474355057e-08,-4.8861797269654e-10,-2.36110365706154e-08,-3.27368276789377e-17,2.65212845933314e-08,3.85800214044343e-08,4.13272961735929e-08,-3.75885924326731e-08,-1.33829463730667e-07,0.000438135430475051,3.59101451883987e-16,-5.25006048791058e-16,-9.30849350189177e-18,1.60509711149788e-06,-1.9420446821394e-07,-1.05676632253804e-08,-8.27487404717696e-09,-2.30704679312137e-16,1.31932108919873e-16,7.1460801444486e-17,-8.30830782159889e-17,1.29513610252207e-15,2.71995677725223e-07,-2.13659338404084e-16,-1.05517393155913e-16,-6.35048201468735e-09,1.40900689333453e-16,-5.68421435639274e-09,-2.73005244522036e-17,-7.04600932942523e-09,-3.99088338963396e-17,-8.51256423507007e-09,-1.06560269066564e-09,-2.65983777489536e-05,-9.45060914462749e-17,3.39505314825272e-08,2.2683738531725e-17,4.80893893874458e-08,-5.82896902263838e-07,4.66050178626257e-10,-1.45511910699717e-15,6.78832597957377e-08,-9.55331901899044e-17,-1.66415365063263e-08,-9.3919335242691e-08,-3.53839208935394e-16,-2.28389389264151e-16,-2.80215428134008e-17,-3.73214116973515e-16,-3.14618266846441e-10,-4.09468091140459e-09,-9.13739368594075e-10,1.95376914755545e-16,-1.56141544074197e-17,-6.67526418710929e-08,4.05839986148456e-06,2.55157727032079e-16,3.46622189643727e-16,-4.13383986591519e-09,2.80900374303271e-17,-2.92720982167863e-08,2.46116024353099e-13,2.75729980690941e-07,1.18706448993464e-16,3.67079436802245e-16,-2.31826882032317e-17,-3.71955597059501e-16,-5.32724731525424e-17,4.94259018179128e-18,2.72306647147885e-07,-1.90427685187051e-06,-2.19415321778843e-17,-2.44317609502046e-08,9.28744638556849e-08,4.66529436049888e-17,3.35573711264559e-16,1.2980213442654e-16,-8.75273901021691e-18,9.1300507257033e-09,1.45914199442156e-09,2.99816313400204e-16,7.44997652653378e-17,-1.65573714027589e-08,-5.9057805245921e-08,-6.17875659591594e-09,2.01728272867852e-16,-1.23863458107938e-16,-3.52849687230101e-17,-7.59277510124155e-17,-1.07136026827126e-16,3.96414021794705e-16,3.46971074210932e-08,-3.28016356473467e-08,-6.30425816479801e-09,-2.21657839111207e-16,-4.94040291678347e-17,3.76857197688864e-16,1.72293962797073e-16,8.60109897526053e-16,-6.91747058249957e-16,6.46655945352532e-17,-8.28672780565102e-17,-1.44352880709832e-16,2.45759317972463e-16,-1.1370682073211e-16,-9.46485582671341e-17,-1.71199402847625e-16,-7.59780918757348e-16,0.000791825734130636,1.93726236784287e-17,-1.91663022851106e-16,-3.19464646068669e-17,3.33848735010595e-07,-5.82036830042264e-10,-5.22616165111941e-17,-6.43424100069803e-08,3.05048299326453e-07,1.5748019858835e-17,-2.60474636746064e-16,-8.50091912921157e-08,2.61442145943848e-17,7.48447527761999e-09,-7.69044529043607e-17,-3.80256605811223e-17,-7.10603494351909e-18,1.23920909506637e-17,1.05648102480333e-09,-1.45043550282089e-07,-3.64150698601669e-13,-4.9377330707003e-17,1.10917014991394e-17,-8.20925894183259e-16,6.84673671924596e-17,-4.88187765549667e-16,-1.56263090482526e-16,1.15548657179172e-16,6.62962443104618e-05,3.12503664586457e-17,-4.84886258068636e-18,-1.51641346200383e-16,9.49707866530209e-17,2.66031659171002e-17,1.78942191042231e-16,-3.39287702482112e-08,-8.33952228803105e-17,3.82057898973707e-16,2.52842968199597e-08,4.98173478264098e-17,1.40893557694212e-16,-4.56059135076577e-17,1.46482152367131e-16,1.44760852934773e-07,1.57506553699441e-16,-1.5460012447793e-08,-8.4181824317033e-18,-3.54554557164947e-17,3.91228505215139e-17,-5.10971778398209e-16,6.02037213114678e-18,2.34636640312529e-16,5.57486458106875e-10,-3.70287060225035e-16,-8.12851817970118e-17,1.61669223264812e-07,-6.94784751428987e-08,-1.57414392972853e-16,4.86055188150143e-08,7.11587674292474e-09,-1.55529598396315e-16,5.8577543437093e-16,-4.0743855898069e-16,5.15193643355783e-17,-2.06880625445402e-16,-1.18783012402585e-08,6.16478282299655e-16,3.51793768716473e-16,4.29570630612732e-17,4.74795314778967e-09,-2.59897711846891e-16,5.00461282180887e-17,1.1289110177751e-16,7.94490674478652e-17,-2.1586975842739e-09,1.0485756972451e-16,4.47970651511843e-09,-4.11808463691649e-16,1.14566170625445e-15,-4.86695795101095e-16,1.11299939866815e-16,-2.33306007156663e-16,-1.50072959538723e-16,2.28326699472255e-17,-1.00224729189543e-07,2.12282476154289e-16,2.90234051515405e-16,3.25312256871662e-08,2.53842190589266e-16,4.00152054126657e-17,2.12132068268437e-17,-1.29596388210949e-17,-7.62571558508688e-17,-3.73156697971318e-17,-3.40829313376379e-08,6.59508506797775e-17,-1.82809864727387e-16,6.99463121139721e-08,-1.44680716628554e-16,-1.87714575655637e-16,-1.45758093149347e-16,1.7683464657147e-16,-1.44146089866466e-16,-7.32823932628099e-17,-5.32992553403969e-17,2.39312548081679e-17,4.04054633196085e-16,-3.03081553719211e-17,-6.17187140125656e-17,-3.65334520297632e-08,1.56686345650827e-07,-1.71219821055025e-16,-3.23109583273982e-17,1.10684415532839e-17,-8.07930976763124e-17,4.90601483049691e-17,2.46595850252902e-17,1.86140224843967e-16,-2.52654860084702e-16,-1.51674721998017e-09,5.45986029575464e-17,4.8109628225735e-18,7.78904684340915e-17,-2.6517582344195e-16,1.93787427677558e-09,-7.82171523628287e-17,-1.57551943684757e-08,2.13902726502083e-18,-2.27679837646222e-16,6.84242287414033e-17,-4.73800545610498e-18,-2.73671692538007e-17,2.12694596584377e-16,1.35236483695521e-16,8.19773437710199e-17,-2.32904723151327e-17,2.50656868360761e-16,-3.34028162534832e-18,2.43628094080147e-17,6.2048375128881e-17,-1.68474026862118e-17,-3.98860884821775e-17,1.76947009956069e-16,6.99492801934999e-17,1.57946825427287e-16,-2.5784057547315e-16,-1.18862528096473e-16,1.27068494615301e-16,2.2729888216388e-18,-9.44143375046011e-17,1.15104337716893e-16,7.29557254268963e-17,1.44597631326609e-10,-4.75069237676678e-20,-2.34265268508726e-16,1.78192952005161e-16,-1.89537947600755e-16,3.83474663783464e-16,-4.12755214661318e-17,-2.55428711669266e-16,-1.17693120389382e-16,3.28247709950392e-17,-7.99738027301289e-17,7.7525876343576e-16,2.55591508659903e-16,5.43386057915521e-17,-1.30986475598529e-16,3.42576422305586e-16,8.30827944843912e-17,4.73365438385257e-17,-1.85074354178786e-09,1.2671740440667e-16,5.98516248877439e-17,2.73492245402218e-17,-3.14572452820409e-16,4.53048478727178e-16,2.95600567461536e-17,6.26577952330258e-17,1.3365881245075e-16,-1.48762110433524e-17,3.89960204020264e-10,1.50394309947018e-16,-7.05104067951657e-17,-5.18897007207035e-17,4.15926299768604e-17,-1.53598554804608e-16,1.57426521391279e-17,1.01430882071732e-17,3.67693353046173e-16,-1.31056921425136e-16,-3.08566828277689e-16,6.37332184354956e-17,-1.05039410061181e-17,2.28513420100045e-18,1.95674750098375e-09,-1.12220670662736e-16,7.65824893491923e-17,6.80208381638643e-16,-5.92733327697825e-16,-5.875103586869e-09,7.63086991619967e-17,-5.4638301194099e-16,8.5842764576257e-17,-1.14374319117364e-16,7.33832352122453e-17,1.53665599267908e-16,3.77039177397343e-16,1.78107670812449e-16,-1.87633708744778e-16,-1.0662607294762e-16,-7.51691448221208e-17,8.58003553519247e-17,-1.67956362657608e-16,1.36156025259711e-16,-4.08081245616664e-17,-8.87295415326434e-17,-2.11761715256481e-16
"t97",-0.0420028809282605,0.035039905707069,-0.0571014141179119,0.0237886020959709,0.0048761195371623,0.000451772352351623,-0.00847876357712344,0.139140542123617,0.000141265139506634,-0.000473598155433273,-0.000208618645888889,0.00861869645510896,-0.0132263383134027,0.00182680539938463,-0.000375154612677235,-0.0343356715906022,0.000535246012254323,-0.000638642329346891,-4.72376326459984e-06,0.000123481073641834,-0.0736890279260851,-0.000723902995013307,1.3007510999071e-05,-6.32383464741993e-05,7.65977126772257e-06,1.09406884045654e-05,-2.00064782272487e-05,2.42589551784418e-05,-0.00081955136052964,0.000925774311472127,-3.09547543521972e-06,5.71602171597621e-06,-0.00204108550239411,5.54649639738278e-06,-3.46153249018821e-06,-6.93657937086444e-06,-0.000290750035751042,2.2289908451187e-06,1.87943054847014e-05,5.65835615991977e-06,0.000376397420753335,-6.81374373794639e-05,0.000806787661887645,-9.78610097622828e-05,0.0458338597346402,2.20034379687553e-05,-1.96190466794918e-05,0.000333882669122456,-1.79667329021609e-05,2.4627819179179e-05,-0.00010959323379666,8.39987207665805e-06,-1.1469252362932e-08,0.000195880743790481,-6.47162683115561e-07,6.26541461614627e-06,-2.28081976268916e-10,-2.62045398556801e-06,9.85005129135501e-07,-2.41440760915417e-05,-4.24597664369631e-06,5.46002993113798e-07,-1.89929521605668e-05,1.02543367606517e-05,-8.01988580909906e-07,2.00224022287782e-05,-1.36437211337765e-07,4.96653384862558e-06,-1.37456927112888e-05,5.50374957529696e-06,-4.53039551103499e-06,9.20734079279868e-05,-6.09526707486255e-07,-3.4897466491382e-05,1.54189882671173e-05,3.84322274381805e-08,-0.000713668741695478,1.05121939833271e-06,-5.583075221509e-06,-6.8254486168633e-06,2.10768352633373e-06,3.18918351868011e-05,-4.26417198514923e-06,-2.74624678091784e-05,1.85312033059433e-06,0.000322779423704405,-9.86488447947264e-05,-1.50574128984348e-06,-5.79513807232472e-07,0.000635000162372035,-5.69222596831326e-07,3.14310214241231e-06,3.37817596241019e-06,-0.000295531090406333,-1.14175929557887e-06,-0.0296952745403631,0.00124524650619437,-0.0040576307210616,4.75822905554231e-05,6.10698282975162e-06,6.8752511793523e-07,-3.13131249333389e-07,8.24492238099027e-07,1.31869860213796e-07,-6.34710069787255e-08,7.63242121043805e-07,-4.00819725495722e-06,1.09007779458128e-06,-6.62242940395764e-07,1.36428647587201e-06,7.55351033778367e-07,1.97083610045941e-06,-4.38563615679284e-06,4.59674926169019e-06,-1.83619053978073e-08,7.42801652142655e-07,-1.11933962126514e-06,1.25066660813968e-06,-1.32730851942951e-06,3.38250049288049e-06,-1.67559911630482e-05,3.31249838100426e-06,-3.31068361023866e-06,-9.12930962622877e-06,2.31050030939007e-05,-3.94250906049746e-05,2.98920959286397e-05,-9.99542547212663e-07,2.36339606244019e-06,7.81828587755743e-05,-1.32973769550802e-06,1.09948148366375e-05,-1.53535521930696e-05,-3.57982046567277e-06,0.221846107458211,-2.87305777974737e-05,8.30179879368885e-10,-2.57423111170816e-06,1.27202721077173e-06,-3.68275982435981e-06,-2.43982959027721e-07,-9.60271104066063e-06,1.92291181937163e-06,1.2822195998262e-07,3.09883488903871e-06,-2.58632273705575e-08,-1.28460881980323e-06,2.04504298153229e-07,1.35087448606896e-08,-3.66166585978187e-08,-4.09945144980016e-05,-1.62642934650231e-07,-0.000140037954463505,1.16512384178126e-06,-3.71330033353931e-07,-3.2508694016997e-08,4.89366177561079e-07,-3.15865100668555e-05,-1.51899944108281e-07,-5.05418363870546e-08,-2.5159036290253e-05,4.92191732317057e-07,-2.82405753383196e-07,-3.74274284780543e-05,4.6123289742527e-06,-1.75372512768759e-05,3.47162087580008e-06,6.00926774416721e-08,2.99760441391902e-06,4.19880622139305e-06,-5.29668786800262e-05,-1.26220158766695e-05,9.35962406342093e-06,4.75125200907761e-07,9.4575480424777e-06,2.20771290423896e-07,8.91025628483086e-07,-1.06651093837402e-05,-4.23315075722874e-05,-0.0221620840706517,-0.00100752812722608,-0.000488544888137936,9.19286972526615e-06,2.41368077979526e-07,7.96996898408852e-07,1.02872916717697e-06,1.99283990338605e-05,-6.56371300194957e-06,-3.13629883023805e-05,0.00536589043132756,-9.48138273704571e-08,3.5884545807603e-08,7.59484718037539e-08,2.23872521783917e-10,-1.27912485648391e-09,8.89279849845721e-09,1.71287120711965e-08,6.97918026665862e-07,-1.01955615856345e-08,-2.80530105576127e-09,-2.71326000644554e-09,-3.27536358327451e-07,3.56208464107377e-11,6.36459200904625e-09,1.36491126600057e-09,3.81335187290713e-08,2.63735159745199e-10,1.83164275281266e-07,-7.61597700880467e-09,-8.88899263702512e-11,4.476016175721e-08,-1.53544103336779e-07,1.28901901639073e-06,3.38051614082122e-08,1.04601167621328e-06,3.53591703238622e-08,-0.00254219291820476,9.89716352593343e-09,8.47798295905288e-09,7.11760953032637e-08,4.42083117923749e-07,-7.19727852533373e-06,-2.29196125831512e-07,-8.25018515906755e-07,2.79788063331585e-07,1.51241694445428e-07,1.61745588866967e-06,1.50078492217049e-07,2.81391276382369e-07,2.7441648865888e-07,-8.34463228803966e-06,-1.45008493461649e-06,-1.24297436612686e-07,-2.14107323287604e-07,1.5746945461689e-08,0.0229201939758751,1.48514544501382e-06,-4.64212258631604e-15,3.67430688026058e-07,-0.000205922378941886,1.41552568424413e-06,7.78570000624496e-05,0.000181040128622295,-0.33383633077854,-1.30772529702592e-06,0.000310700674445711,-8.11813611040076e-08,4.52217764337949e-09,-6.43931730702255e-06,7.92257006163308e-06,-2.33657010837422e-07,3.12239940980012e-05,-1.29547307551177e-06,2.83768920127588e-06,-1.76298654050065e-07,1.07926022656729e-06,-2.24228299820574e-06,0.00196220999055654,3.49112004055727e-07,-7.21288591633429e-08,1.65178101083218e-06,-3.24011539888148e-07,3.60251293104109e-05,-1.82984705735555e-05,1.8875198919029e-07,-6.45078956262766e-08,8.55578819443103e-08,6.07288941419458e-06,-1.39214647882607e-05,9.55151262908565e-08,3.88739179378676e-08,-8.993841562849e-08,7.89569543420002e-06,-0.000186621200336857,7.36083849736812e-06,-0.000140521413480405,0.0331068164690765,8.99552549686436e-06,-5.67551808920213e-06,1.66857872831263e-06,-7.79253574636673e-07,1.30864979784665e-16,1.2474054833033e-06,4.06696714563643e-08,3.24574325967718e-10,2.03272682664774e-06,-2.81106313702252e-08,1.56103438508461e-08,5.26773283881889e-05,-8.44238298594313e-07,1.52230279459612e-07,-3.94197236757758e-07,-1.18702818414987e-08,5.81844244114201e-09,-6.69856568228144e-08,7.45916046183523e-08,-1.23266870564877e-06,1.2007362831636e-09,5.36987563507082e-07,3.63716691778506e-10,2.00412858399661e-09,4.57416641708771e-08,-5.47605997416555e-07,1.32710562228413e-08,-5.24841112364557e-08,7.2919879225555e-08,-2.66859503611075e-07,1.77097872894329e-08,1.60416866164753e-08,1.22857006966792e-07,-2.07263550814999e-07,-1.67761091858194e-08,1.37458981608101e-07,-9.01858135682423e-08,2.23014368890179e-09,2.07478190260399e-08,-4.01474467308741e-08,2.08030935788535e-16,1.0838426878713e-10,4.47795400605535e-07,-2.97237982273334e-07,2.88109627083537e-08,2.57465606793608e-08,7.45980980300712e-09,1.70130499645982e-08,-2.43497415546976e-07,8.60550950798267e-08,-2.76593234746326e-16,-5.67896781916592e-08,-6.76775055438948e-10,-1.79551287868968e-09,5.93340131070222e-08,1.14335717204311e-08,-6.90697460405253e-10,-2.1663126389683e-08,4.82892033405319e-09,-8.43370194399529e-08,6.83179264348566e-10,2.10649781985494e-09,6.28973832187703e-09,4.18226170586051e-10,4.31228750673524e-09,1.12597058644158e-08,-5.68908191628686e-08,1.67774456475814e-08,1.20400392487088e-15,2.86122942595617e-05,-4.3158413861493e-07,-1.60662873090816e-09,-0.00139557163619943,8.63777514080937e-08,3.69846209520862e-07,-1.53480059289382e-06,5.76010814777709e-06,4.53785051302511e-08,1.05746552646281e-15,9.71164235156851e-08,2.8487920304478e-07,1.6369316509922e-07,1.10807687006465e-16,-4.11011088503983e-07,-5.77870345021023e-06,9.17677143701171e-07,4.10242268325038e-07,1.60460588546596e-07,9.81310834404152e-08,3.93763079351014e-06,-1.67890393994213e-07,-1.89909368627545e-06,-8.73424981551232e-07,-1.30372496591466e-05,-0.0779203289469679,-5.23364106279133e-15,-1.09575744876676e-05,5.84867340143985e-07,2.91390642445236e-06,-2.2039082226074e-07,7.5575957489149e-17,-1.43575481763286e-07,1.08299344207081e-06,-4.7420819880163e-08,-4.25454601239725e-08,-1.15785704134431e-07,0.00514096526527578,-5.1207072469101e-07,6.23983486561893e-08,1.46096778701091e-16,1.34955027850587e-07,-1.26791249480059e-06,4.01138212514929e-07,1.02402480391456e-07,-1.01576204084757e-08,-6.20053568589148e-11,-4.59701721133854e-16,-4.50757205370302e-16,-2.43601168394015e-11,5.62236471491205e-08,-1.11430706749817e-08,7.48300795082703e-09,-5.78631035460095e-16,9.77383943959822e-09,1.52518642278959e-10,-1.68361532201694e-16,6.55948631935384e-16,-9.86883256608709e-16,-6.24946480225111e-08,-1.97995731265556e-07,3.6260390383022e-07,-2.59520095966217e-07,-1.32281773529013e-07,-3.33113368156318e-07,1.03030758036569e-06,5.25364880942669e-16,3.44590678000688e-07,-1.4737096492413e-06,-3.75332036129559e-15,1.54048865798602e-15,1.56293931090822e-06,1.57282725893226e-10,1.43239504468712e-05,-2.33418068741536e-06,-0.89094483131459,-1.04520734575512e-06,-3.64251514732265e-13,-1.50192556648985e-06,-8.97429713507191e-14,-1.98473411275792e-06,6.51215463932237e-14,-1.90069967252617e-05,3.89186863097239e-15,1.45113487827728e-06,2.47233705723875e-06,7.10471884519156e-08,8.69396896645963e-07,2.91274389835906e-06,-2.25112092527274e-06,1.7486561541252e-06,7.43620875351216e-08,3.61286937175008e-07,3.19363635908754e-08,3.50521082246449e-06,-1.21054665931697e-06,-2.81083521899544e-07,-2.18493702334944e-08,-3.84210181028092e-06,-8.35570847746114e-16,4.52382307100133e-06,-7.4223443980367e-07,6.50969081378307e-08,-1.12155360703902e-15,8.37113454582255e-09,2.17937752454219e-07,7.67275257230149e-07,-8.12229745537646e-16,-1.28155997119687e-06,-9.51540778368772e-08,1.32637399116302e-15,-1.24027898070308e-07,7.13699261305813e-05,-1.07631412785774e-16,-1.47806323579571e-15,-6.32544208074155e-08,-4.88431367036065e-08,-2.7596866441078e-10,-3.78995043355357e-07,9.83611698694766e-08,2.00327958425e-07,2.77420810907851e-08,3.29749370844127e-07,-5.47312427937413e-07,-1.6382294826256e-15,7.76444531525727e-09,7.69889226576524e-10,2.11506288928631e-09,1.96877925516117e-07,1.86773715780346e-16,-6.15447187180572e-16,6.42952627656746e-08,1.64828717866162e-17,7.99379791440316e-16,3.87847015056318e-07,-4.30207767467925e-07,-5.5677028390972e-07,-4.5756245505877e-09,1.38575353947892e-05,3.03999948381165e-07,1.36204590293399e-08,5.9182632350744e-16,3.23471903367152e-08,1.50407366006624e-09,6.89148747316923e-09,-4.79181530474669e-07,1.86406539320423e-06,-2.33916869810795e-15,-1.23502543614022e-17,4.61314044949315e-14,-2.30010414824254e-08,-7.60842820759463e-08,-6.37348354030377e-08,-1.25945256411984e-15,-5.78715597364172e-08,2.66617122873123e-15,-7.17091731097695e-16,1.32400452238158e-06,-2.90612055697955e-08,-1.10425991267649e-15,-7.10437146886567e-08,-2.53771359061095e-07,6.4490673807326e-16,1.08560625305824e-07,9.72342924247333e-17,2.87660965611342e-08,-5.41778045417073e-16,2.86815334180032e-08,2.4815081089579e-07,6.23417931978437e-08,8.44173415935128e-09,5.78630340955014e-08,-1.49545987249605e-06,7.90668795617292e-08,-3.27492183233512e-16,4.73557784125914e-06,-2.07324162474934e-07,7.01777343824182e-17,-2.08588128775188e-07,-8.7334525577053e-08,0.00527572082049217,-2.62571731097497e-16,5.30955934531118e-08,4.90059961392265e-07,-1.98394742669427e-16,-1.77322398205652e-07,-3.92828077230032e-08,-1.42322428688684e-08,-7.13107103553846e-16,-8.34707857156727e-16,3.66233967945725e-08,1.1192636145358e-08,9.0514868635675e-10,-1.29357734501624e-07,6.55267066544038e-09,-4.84342092641852e-16,3.02762568317811e-16,2.38991573924459e-08,1.64714950580242e-10,-1.70288180184995e-16,5.76702450797741e-08,1.37194509253349e-16,2.06628393536806e-07,-1.10244972004525e-08,-6.44198181137387e-09,-4.27271497505956e-08,-9.00563561725936e-16,-1.24693613705168e-16,3.15052926298662e-16,2.15602266553968e-17,-2.78892120675154e-08,-0.00326220988150946,1.6927125808069e-15,-1.03057732430209e-15,4.18387038201506e-16,1.06882049116372e-07,4.09321950737369e-05,-5.45880893809604e-08,-2.63947724971661e-17,-1.03869278629543e-15,3.70959773315915e-16,-3.40111166703506e-07,7.21872843935013e-08,8.55263028830123e-17,0.00237412161396078,-3.25136258839728e-07,3.65857591543644e-17,2.9004333309782e-16,-3.25947900194501e-08,-3.33939345765173e-10,-1.61356042283914e-08,-2.54510396107479e-16,1.81207951782626e-08,2.63567285886566e-08,2.82287621124665e-08,-2.56693948855525e-08,-9.13876336980148e-08,0.000299158520956238,-6.92879572402382e-16,-2.75184252691675e-16,-1.77008638176323e-16,1.09548816547557e-06,-1.32545044599816e-07,-7.21218281275108e-09,-5.6466326041507e-09,-1.66116553546391e-16,-3.92089382330288e-16,-2.559441926976e-17,2.50014393722797e-16,-8.89795069222313e-16,1.85596251319109e-07,-1.46536127878544e-16,2.36437810564892e-17,-4.33328033558101e-09,-1.0044651758229e-16,-3.8786523368005e-09,1.04733436543035e-17,-4.80788667969894e-09,1.27029717599582e-16,-5.80887629198485e-09,-7.27167674397027e-10,-1.81512987200769e-05,1.25011729111802e-17,2.31696069948506e-08,-1.13096716267591e-16,3.28228131127464e-08,-3.97935069560258e-07,3.18169158275487e-10,5.19037345134628e-16,4.63482526648488e-08,1.51568085115583e-16,-1.13643402191076e-08,-6.41372017160507e-08,-1.02981771886398e-15,6.24991540353279e-17,3.76452392723632e-16,3.61754886545893e-18,-2.14888354171747e-10,-2.79685120176169e-09,-6.24160221506194e-10,-8.59345796605837e-16,2.7563730147447e-17,-4.56107246385671e-08,2.77305955501215e-06,-4.80740462836599e-16,-3.05173540342225e-16,-2.82573927653538e-09,-1.50273734184155e-16,-2.00111444438893e-08,1.68583569597721e-13,1.88547822261848e-07,-1.69755322765036e-16,-7.15541856971357e-17,1.50048404545519e-16,1.80467148632807e-16,-3.60693059765522e-17,-1.25231362431011e-16,1.86319783705646e-07,-1.30297005876031e-06,1.09836907506304e-16,-1.67208105388459e-08,6.35683383417023e-08,-3.12913149597133e-17,7.44236854179475e-16,2.11307565889646e-16,5.6183470807341e-16,6.25179419450844e-09,9.99250113163037e-10,-4.31580994028091e-16,-1.87555672044884e-16,-1.13401470331951e-08,-4.04493219329781e-08,-4.23211604646127e-09,3.20662324802345e-16,-2.73741110856972e-16,-9.14433925851198e-17,4.27558028822947e-17,5.8402472429226e-16,4.31668751251724e-16,2.37865947321661e-08,-2.24890871750339e-08,-4.32262593039595e-09,3.83606599958025e-16,-3.3918495871432e-17,-4.70997637585219e-16,-4.369863932439e-17,-1.03113573791171e-16,-3.23754904708439e-16,-4.6240924059286e-17,-7.26658463056011e-17,-4.64221101342383e-16,2.25929056688574e-17,-2.92940149933156e-16,-8.06883064210816e-17,1.11182256855057e-16,-3.35489065960639e-16,0.000543761748290934,1.53204244306808e-16,-2.30320945574095e-16,-7.55256550619432e-17,2.29309467321e-07,-3.99801489770821e-10,2.23358588877285e-16,-4.41982150154037e-08,2.09600590478414e-07,6.94253518011982e-17,4.27567428349088e-16,-5.84301672337275e-08,-1.24198077661067e-16,5.14655163802154e-09,-7.24754174748812e-17,9.10035003649013e-17,3.15077464146209e-17,-8.8785397428253e-17,7.26965061724558e-10,-9.98091757196775e-08,-2.95588956802034e-13,-5.55471294057733e-16,2.79502136601409e-17,-1.16799651362346e-15,2.55112771185839e-16,4.98042740469408e-16,-6.73528334817586e-17,-1.37289327298863e-16,4.57368243431916e-05,-2.69392873149765e-17,5.0762640987511e-17,-1.62650366676185e-16,1.86694329719235e-16,-6.17225179721792e-16,1.40812839681934e-16,-2.34204616682028e-08,-2.44963256347236e-16,-1.89907523963587e-16,1.74551969248892e-08,-3.00363902748939e-16,1.43083115557056e-16,-2.60692746225385e-16,-1.00591295460533e-16,1.0006477778243e-07,-3.02976610546872e-17,-1.06891079788389e-08,1.89848051481194e-16,-1.27770831076549e-16,1.45043758262453e-16,-8.15554238319015e-16,-2.09829861036135e-16,4.61688168267731e-16,3.85633902932945e-10,-4.92639927814286e-16,1.99521370216582e-17,1.11874152503538e-07,-4.80796044845459e-08,-1.9226196122828e-16,3.3646253682369e-08,4.92633372360438e-09,4.15484574317362e-16,-3.97563767931333e-16,-3.41677295808192e-17,3.42857371727807e-17,1.88589305152746e-16,-8.2359839136707e-09,5.90746212092102e-16,-2.7913212114791e-16,-1.29039507228279e-16,3.29338252676732e-09,4.69313235343073e-16,-2.2994301262322e-16,1.82352425524409e-16,-3.46880914764059e-17,-1.49816754831388e-09,-1.59979424134798e-16,3.10949931213503e-09,-2.21159111916977e-17,-3.07690011051706e-15,-9.09351217423743e-17,9.64179785020095e-18,-1.90746992321027e-17,-1.34564088211638e-16,7.44845228276866e-17,-6.96308814410607e-08,4.58268425828722e-17,-3.30059377318915e-16,2.26060170967992e-08,1.30119869036795e-16,-4.93733651298309e-17,1.98147767029006e-16,-3.63853045633877e-17,-2.3824722304911e-17,-1.55228062701485e-16,-2.37009727060412e-08,-5.78137204924196e-17,4.6061683065321e-16,4.86555035880552e-08,1.48228249437915e-16,2.43649431890877e-16,-3.04903413027277e-16,9.63832218565511e-17,2.06385538448956e-16,-2.88469963072339e-17,9.07527764818273e-17,7.10471327423247e-17,1.44168644187247e-16,3.30753392998136e-17,-9.37123756450111e-17,-2.54432307070221e-08,1.09137756940286e-07,-3.43871385535535e-16,6.51592323572974e-17,-1.42019563045152e-17,-2.26914074962888e-16,-2.87313575708659e-18,-2.16776162190313e-16,-3.9464723034243e-17,-1.61929693145449e-16,-1.05726609019184e-09,6.61997522975948e-17,1.20289892540225e-16,1.4050471711589e-17,6.72232683495873e-18,1.35168977014055e-09,-1.5997177613708e-16,-1.09974938239728e-08,-2.85776118850422e-17,1.97670561076153e-16,1.2919618345843e-16,-7.75004023345349e-17,8.32110782428038e-17,4.17078764087097e-16,6.78136194042479e-17,6.05585769419202e-17,8.45556763020361e-17,2.16180715527227e-17,-1.6264087382423e-17,1.61906606298906e-17,-2.78901630196236e-17,-1.7095954575215e-16,-4.44302170122032e-17,-1.30780243819947e-16,6.3773111009337e-17,-1.8819604772944e-17,-2.9095398296778e-16,8.68120094285571e-18,-7.97430697863089e-17,-4.7866247395801e-17,-3.21958080245643e-16,-1.79731342151778e-16,-2.58408016730144e-17,1.01210402879786e-10,-4.27201230485568e-17,-1.88935823339683e-16,-2.58790346083568e-16,-1.5717618534969e-16,-3.80554491048283e-17,-9.80295882708013e-17,-8.02859166659894e-17,3.90273573632455e-17,-2.74210197695557e-17,7.42428611912799e-17,6.38811920028459e-16,-1.16534612548455e-16,-5.73613600490552e-17,-3.50907462230161e-17,2.36059237471984e-16,5.89319595449954e-17,-2.37541875258212e-17,-1.2978716290382e-09,-9.96843871152812e-17,-1.31907603621785e-16,7.52743331354618e-18,-2.06340802406175e-16,2.28491351163157e-17,7.81605163322025e-17,-6.48080607215136e-16,-2.60884106915869e-16,6.02795970079497e-17,2.74008916620525e-10,4.58877416064377e-16,3.15238544791587e-17,-1.29274998817135e-16,8.70920857325363e-17,-1.13526990421711e-16,-1.0723608043504e-16,-6.82362945221076e-17,2.71348544138352e-16,1.37766900290615e-16,-5.53785817285396e-16,4.10944632047217e-18,6.04678361793432e-17,3.64854218121421e-17,1.37768903071039e-09,1.02414747123277e-16,-1.23702417968731e-16,5.27695161765129e-17,-4.97865637605344e-16,-4.14038708665e-09,7.33654854972101e-17,8.2565931842731e-16,-2.10100884580103e-16,5.7188783697334e-18,-3.83926835464067e-17,-4.35559737185727e-17,1.68178462022145e-16,1.55804107110842e-16,-2.17493280242556e-16,-8.81773669211721e-17,9.65185443518228e-17,8.06244376271273e-17,5.42653078801842e-17,-4.02325073155461e-17,2.4869851001556e-16,4.37673626045725e-17,-1.82120553345258e-16
"t641",-0.0420274390089242,0.0350830932159438,-0.0571740705347139,0.023829177340114,0.00488630423442936,0.00045287956883699,-0.00849995196809584,0.139515935915645,0.000141715338657575,-0.000475428669476155,-0.000209641936006424,0.00867079956849329,-0.0133086382804066,0.00183834489007344,-0.000377627833010399,-0.0345754117391799,0.000539072633607269,-0.000643291041708512,-4.758945350219e-06,0.000124480364464686,-0.074334171930479,-0.00073155641328966,1.31527681466748e-05,-6.39485881816036e-05,7.74613946381896e-06,1.10699563939204e-05,-2.02456690248779e-05,2.4551601581712e-05,-0.000829704378054276,0.000939329450262282,-3.14382659481311e-06,5.80939479533469e-06,-0.00207685210135944,5.64833407615942e-06,-3.52836082810895e-06,-7.08129143987178e-06,-0.000296893341488389,2.27684289913926e-06,1.92005514133019e-05,5.78250105423266e-06,0.00038489528403184,-6.9713427674323e-05,0.000825729422177145,-0.000100161421988355,0.0469302734686131,2.25637851487226e-05,-2.01280356005864e-05,0.000342620026099929,-1.84482921903197e-05,2.53049200082696e-05,-0.000112707994740504,8.64226266712392e-06,-1.18009471123419e-08,0.000201652494753168,-6.6692813741867e-07,6.45779672374732e-06,-2.35765952167892e-10,-2.71090114124056e-06,1.01910081026302e-06,-2.502933647332e-05,-4.40832509946823e-06,5.67307635992612e-07,-1.97461588699153e-05,1.06626456509584e-05,-8.34883727824174e-07,2.08653649728438e-05,-1.42510609804656e-07,5.19304934532328e-06,-1.43795988608697e-05,5.76262680347617e-06,-4.76575144051596e-06,9.72071783712591e-05,-6.43872661191646e-07,-3.69066380601897e-05,1.63090894049782e-05,4.06712715726489e-08,-0.000755398095713684,1.11378349711202e-06,-5.92862938953689e-06,-7.25449595124158e-06,2.24366971939524e-06,3.39609867773186e-05,-4.55214656099499e-06,-2.93392096246897e-05,1.98620026343001e-06,0.000346268079015516,-0.000105923197508936,-1.61701151287311e-06,-6.22362148895538e-07,0.000682016718118203,-6.11579971408585e-07,3.38806845924305e-06,3.64256273495147e-06,-0.000319310607611737,-1.23799641612602e-06,-0.0322154809769397,0.00135096304545199,-0.00440810888823872,5.17184348994909e-05,6.65060124949032e-06,7.49903524470584e-07,-3.4158916167898e-07,8.99565473989405e-07,1.4491111261918e-07,-6.97857901902443e-08,8.39532764888961e-07,-4.41216414740484e-06,1.20019426790445e-06,-7.29413131341347e-07,1.50351464854712e-06,8.32589810225124e-07,2.17475181846085e-06,-4.84003837081602e-06,5.08775594541099e-06,-2.03358694068462e-08,8.23776823490073e-07,-1.24212296321056e-06,1.39019834309336e-06,-1.47779469734195e-06,3.7706419244854e-06,-1.86918424279855e-05,3.70418351043423e-06,-3.70799723144614e-06,-1.02255323125965e-05,2.58852717161899e-05,-4.42410952012813e-05,3.35481358578011e-05,-1.12337081730709e-06,2.66692863556744e-06,8.82279268125207e-05,-1.50107940736977e-06,1.24454484478565e-05,-1.73885955386915e-05,-4.0558865327852e-06,0.251750117262441,-3.26105847618313e-05,9.45496854538067e-10,-2.93988197542998e-06,1.45820965701178e-06,-4.22224588531348e-06,-2.79905856500528e-07,-1.10202246427441e-05,2.20794357679673e-06,1.47258280710225e-07,3.55890945679166e-06,-2.97466467181838e-08,-1.48183850890108e-06,2.36611971582568e-07,1.56414053809761e-08,-4.24679398529346e-08,-4.75516691871048e-05,-1.88777951282258e-07,-0.000162601461733213,1.35343052455075e-06,-4.3304329439518e-07,-3.79354411815823e-08,5.7131308088069e-07,-3.72571357623179e-05,-1.79625114069486e-07,-5.979021024826e-08,-2.98272077455531e-05,5.837758560042e-07,-3.35891642894967e-07,-4.45311277048213e-05,5.50283977018629e-06,-2.0979129328266e-05,4.18558201370207e-06,7.24713002712128e-08,3.61534618094649e-06,5.0695587141977e-06,-6.40322696321391e-05,-1.5261690012056e-05,1.1345568897565e-05,5.76395549901456e-07,1.14931195224099e-05,2.68402130812992e-07,1.08349750431789e-06,-1.30213003548826e-05,-5.19014148292521e-05,-0.0271920809675012,-0.00123706120179395,-0.000601083228587517,1.13195114101454e-05,2.97437874677946e-07,9.82865842448886e-07,1.27180576586899e-06,2.46525305352867e-05,-8.16360777138626e-06,-3.90146810680436e-05,0.00668719195468049,-1.18760047911568e-07,4.51388357353054e-08,9.56760167517343e-08,2.82646439825217e-10,-1.61761278908438e-09,1.13019959800316e-08,2.17927415779802e-08,8.90002521734554e-07,-1.30166838073031e-08,-3.61396210114451e-09,-3.49688810191819e-09,-4.23772347561772e-07,4.62643822974775e-11,8.34395322244385e-09,1.78947065645954e-09,5.00386638635718e-08,3.46999454865315e-10,2.4144194451332e-07,-1.00894044107356e-08,-1.18497275783824e-10,5.99730095059985e-08,-2.06055467647477e-07,1.7423590862326e-06,4.58794510502585e-08,1.41977086926308e-06,4.81462882133167e-08,-0.00348986788628291,1.36081167458863e-08,1.17566115426359e-08,9.92941410991709e-08,6.18016643013897e-07,-1.01494768698315e-05,-3.23886022107558e-07,-1.16855666991582e-06,3.99115094386006e-07,2.16057147209238e-07,2.31144637925518e-06,2.1617537524116e-07,4.07297975118116e-07,3.99382059121008e-07,-1.21751092130925e-05,-2.12124633354741e-06,-1.82274482682034e-07,-3.14194164941042e-07,2.32585440430161e-08,0.0339923493948722,2.21245554153032e-06,-7.00932965484915e-15,5.50934084288415e-07,-0.000309168870310825,2.14475737965749e-06,0.000118813675370006,0.000277932196671488,-0.512689424733863,-2.03115583548607e-06,0.000483508972032688,-1.26445880281088e-07,7.07377136394042e-09,-1.0101977211644e-05,1.24956402368534e-05,-3.69411617926706e-07,4.94140450487202e-05,-2.06138620084773e-06,4.62278084448963e-06,-2.89680331285445e-07,1.78629911089992e-06,-3.77174783647377e-06,0.00330450330280943,5.94811586222906e-07,-1.23710388132767e-07,2.86039717190157e-06,-5.62846176722763e-07,6.27861323894273e-05,-3.20383285097156e-05,3.32764006973151e-07,-1.13815467857035e-07,1.53685931368403e-07,1.09131735676761e-05,-2.50290694204813e-05,1.72581737002601e-07,7.03706190661767e-08,-1.63785730536545e-07,1.43948657751944e-05,-0.000353274231445959,1.39942306414763e-05,-0.000268076014655119,0.0636646348925058,1.7410724337452e-05,-1.11497007180137e-05,3.29244355087728e-06,-1.54303439772809e-06,-2.07775880746539e-16,2.50047578123059e-06,8.16572420519351e-08,6.55182544108845e-10,4.15639658450502e-06,-5.81317579471388e-08,3.24577147603453e-08,0.000109826314052283,-1.82491682839727e-06,3.29857098410801e-07,-8.54715961778175e-07,-2.60257729861321e-08,1.31825968282457e-08,-1.52660260707938e-07,1.70695476522245e-07,-2.86000077038141e-06,2.94557583101787e-09,1.35063926820196e-06,9.16188066319333e-10,5.05056904004966e-09,1.2323126449825e-07,-1.60948751000956e-06,3.94762927565367e-08,-1.58950289141107e-07,2.25861606346142e-07,-8.32423115909879e-07,5.87764125038007e-08,5.35020216696419e-08,4.13491788465327e-07,-7.01970750284418e-07,-5.80273568010917e-08,4.87036841834264e-07,-3.26979115170653e-07,8.16923175601312e-09,7.73656220251099e-08,-1.55729098492182e-07,-3.41597330624488e-16,5.66894872371833e-10,2.43090766907656e-06,-1.71171877838821e-06,1.66216268693325e-07,1.48822495844869e-07,4.37808450246378e-08,1.02834712322839e-07,-1.5264855880214e-06,5.84028435960673e-07,3.80052268011193e-16,-4.78313584870004e-07,-5.8797550553753e-09,-1.67366248055384e-08,5.57951799995006e-07,1.31946982247255e-07,-9.13756526785895e-09,-3.62836887037442e-07,9.93495517038177e-08,-3.49771962386946e-06,7.03809589829498e-07,-1.49141115923995e-07,-2.76582841946282e-07,-1.48640436125285e-08,-1.14050889130047e-07,-2.89579770909996e-07,1.24186392050188e-06,-3.27508683808035e-07,-1.16291678850738e-15,-0.000308635082517994,4.25005049185464e-06,1.58077785134274e-08,0.0109691353882797,-6.58591023953013e-07,-2.04881713895574e-06,7.86885414826447e-06,-2.91000110181578e-05,-2.17143774330677e-07,9.80122856609254e-16,-4.38000165377004e-07,-1.2576547091298e-06,-6.69171507234422e-07,2.22639498103463e-16,1.55339735699626e-06,2.14538217604946e-05,-3.37585907802272e-06,-1.48113957687918e-06,-5.61723810142502e-07,-3.35806583272857e-07,-1.32405042104795e-05,5.36640343600841e-07,6.0345465950904e-06,2.68341095745104e-06,3.78176453688259e-05,0.225377832483602,1.39621912082754e-14,2.84970203095614e-05,-1.49428412226077e-06,-7.16424487501703e-06,5.1206945964733e-07,1.58095998168527e-15,2.97170223038786e-07,-1.98568211338241e-06,8.25428522936218e-08,7.23190161076236e-08,1.91363060912e-07,-0.00807367537083085,7.42184098726527e-07,-7.50374994527402e-08,4.54875788838127e-16,-1.3913081917048e-07,1.29022429231439e-06,-3.97313599017715e-07,-9.77306485827761e-08,9.66679581837227e-09,5.83979872093204e-11,3.06178693509906e-16,1.77974176599725e-16,2.16221476171336e-11,-4.74280012129974e-08,9.3409007787319e-09,-5.99656180258889e-09,2.0136400602529e-16,-7.10682280768648e-09,-1.0626827021828e-10,-4.05541157140224e-17,-1.2860821171089e-16,3.81092200136467e-16,3.81540092182035e-08,1.18873884000953e-07,-2.0550923784753e-07,1.40084016665789e-07,7.09965906574181e-08,1.69726843593667e-07,-5.21819363730528e-07,-1.62777180141768e-16,-1.57037617893486e-07,6.46961720369127e-07,9.81734473362848e-16,-8.28604957896999e-16,-5.91707028186187e-07,-5.74272289466108e-11,-4.980370913404e-06,7.85182455845958e-07,0.281096244324621,3.26339243374372e-07,1.14213363102381e-13,4.62265449571226e-07,2.81964141051629e-14,5.85986428749581e-07,-2.22774272987114e-14,5.44073758084455e-06,-1.21361079900336e-15,-3.99182164537074e-07,-6.74606487740205e-07,-1.73763778956436e-08,-2.07611556477592e-07,-6.88607087618976e-07,5.09181772763247e-07,-3.80387366020923e-07,-1.47351018770474e-08,-7.15297169597178e-08,-6.13903911388103e-09,-6.37624559001088e-07,2.04017455167849e-07,4.43143608865726e-08,3.26255467376322e-09,5.58217740457411e-07,4.74294226928568e-17,-6.02084320424614e-07,9.03585996798238e-08,-5.95587888782479e-09,5.23660599784406e-16,-6.96658066223297e-10,-1.55000576331616e-08,-5.07098507982463e-08,3.13911280156795e-16,8.14199942137405e-08,5.09789324610556e-09,2.38379576042996e-16,6.05063086898289e-09,-1.52746571588348e-06,-2.05527416185644e-16,5.51462261764169e-16,7.15049499547677e-10,5.08634792455008e-10,1.73237603251259e-12,5.62319667649159e-10,8.9380832216251e-10,2.00002740914761e-09,3.1204226164564e-10,8.14140040387719e-09,-1.9285786851694e-08,8.44539282257584e-16,3.03834538228285e-10,3.06374548983204e-11,8.90766488267183e-11,8.83641326872684e-09,-1.60685939766727e-16,1.54834032631253e-16,3.12689019945338e-09,4.40628869754503e-17,-1.8879949900986e-16,2.76190764019443e-08,-3.22433445774211e-08,-4.17724082473091e-08,-3.79943818649102e-10,1.16548947607416e-06,2.56372949173348e-08,1.16866687822399e-09,-5.40446723945857e-16,3.26729253072474e-09,1.56662642133188e-10,7.24930777452415e-10,-5.2849599381527e-08,2.22563356476102e-07,1.9689180862233e-16,-1.15704966210256e-17,4.59754928709607e-15,-3.03799592999126e-09,-1.04553647349704e-08,-8.78398622250614e-09,1.41590397312255e-16,-8.26907023953342e-09,-1.80298872462297e-15,1.96430651491133e-16,2.17527755607984e-07,-4.78217917756844e-09,-7.93635990259389e-17,-1.20491943327113e-08,-4.37775713050595e-08,7.12045139990879e-16,1.93647769363187e-08,1.26794659007778e-16,5.33093306981578e-09,-2.52069704486228e-17,5.33296143414918e-09,4.62589216969835e-08,1.16549993074235e-08,1.58453280941846e-09,1.09582093975157e-08,-2.9254729967554e-07,1.61424769985676e-08,-2.07208094436367e-16,1.01587655781969e-06,-4.47008172203103e-08,1.94291395981855e-17,-4.52745096551057e-08,-1.91845710977827e-08,0.00117125872824273,-9.70999112475841e-17,1.22057834495647e-08,1.1341096901327e-07,-1.52585165985245e-16,-4.139752510223e-08,-9.21021979009742e-09,-3.38940643640616e-09,-1.04293168587396e-16,2.00658544703889e-16,9.03631105325232e-09,2.80191413330591e-09,2.27254552777316e-10,-3.4451762460928e-08,1.76104767479216e-09,-1.04210738799996e-16,-4.03519842686909e-16,6.46269414344684e-09,4.45765312106965e-11,4.92418889719579e-17,1.57676457579199e-08,9.54896647635723e-17,5.70461873434227e-08,-3.08368082582429e-09,-1.80355024891607e-09,-1.20052459127007e-08,3.33198107154738e-16,1.65933431478223e-16,-3.65597198662011e-16,-8.90181826492429e-17,-8.08520384129028e-09,-0.000948087614643635,-2.1289896145997e-17,1.0674910091852e-15,-3.44538708609424e-17,3.13410473744721e-08,1.20484476728032e-05,-1.62334989132757e-08,-1.86517997206517e-16,1.86984217172281e-16,-2.03423432612593e-16,-1.04581509674055e-07,2.22217879717771e-08,1.21880788400632e-16,0.000740015653829139,-1.01848629599384e-07,-2.20528238951744e-16,9.63193787424476e-17,-1.032847620016e-08,-1.05913461350568e-10,-5.15173813325488e-09,-1.26300313497462e-16,5.84911212650191e-09,8.55812144492457e-09,9.24102260968486e-09,-8.49560774421245e-09,-3.03336404296915e-08,9.98335833169595e-05,-2.83183943985476e-16,-5.62085355669918e-16,2.12783531908622e-16,3.7658192192595e-07,-4.55834370135195e-08,-2.48941903850025e-09,-1.9846029926652e-09,-8.43501788881301e-17,4.53896497842211e-17,-8.54372235667604e-18,-2.07394996238026e-16,-2.65134655314112e-16,6.64337524609227e-08,-8.9923416186968e-17,2.51334811530237e-17,-1.56195640783741e-09,5.17363648980215e-17,-1.39859990809791e-09,2.02826736231965e-16,-1.73475016086611e-09,-2.64656294547377e-16,-2.12095683157308e-09,-2.66247151365481e-10,-6.67412982223845e-06,-1.75570323656257e-17,8.56340395593405e-09,3.85711279387973e-16,1.22669379730492e-08,-1.50838013456904e-07,1.20675364070593e-10,1.42045917837689e-16,1.76777439225179e-08,7.92115496681571e-17,-4.37250691039181e-09,-2.46876945848668e-08,1.11010584663616e-16,-7.17313481257834e-17,-4.94677017823087e-16,-3.98223162399424e-17,-8.33030102445643e-11,-1.08623033523069e-09,-2.42929762279986e-10,-6.03025407052429e-17,2.43842486088782e-16,-1.79330713671786e-08,1.09078808838191e-06,4.47454978685278e-16,-4.20296157792123e-16,-1.1252940214886e-09,4.48240857664722e-16,-7.98969767836011e-09,6.82742113496849e-14,7.58405334557233e-08,4.55535729850619e-16,4.7844138768255e-16,2.94708442967144e-16,-5.66657843813477e-16,-3.28191833579365e-16,7.6457806619743e-16,7.60537898756394e-08,-5.31959386249153e-07,9.03888686824104e-17,-6.86087218048292e-09,2.61376467288308e-08,-1.33031425562891e-16,-3.63141211477943e-16,1.05261328812256e-17,7.17883074021062e-16,2.59344008104452e-09,4.15366871784028e-10,1.17697865934659e-15,3.70365477047344e-16,-4.72453558764131e-09,-1.68569579954263e-08,-1.76545012978076e-09,-3.68607284832225e-16,-7.14830688085247e-16,2.2071157927354e-16,2.85229258660781e-17,-2.59989667385423e-16,-3.16978834930471e-16,1.00804729623964e-08,-9.54440815086236e-09,-1.83716024353948e-09,-2.09107275282244e-17,-1.15281193698602e-16,4.03889754011486e-17,-1.55385294326475e-16,7.28838825268567e-16,1.40632417042568e-15,6.05201956452826e-17,4.60922581966456e-16,-3.1079064512835e-16,-1.3404473264324e-16,8.05516430695532e-17,-1.05817876169795e-17,-7.29752479353156e-17,-3.59168241801811e-16,0.000236591154075732,8.31232250973306e-16,3.49206702434472e-15,-1.58785528382433e-16,1.00074594444132e-07,-1.74601998916374e-10,-2.27168137021946e-16,-1.93105552067188e-08,9.19132326512404e-08,-4.79003419585095e-16,-3.52660036252237e-16,-2.5738958579842e-08,-6.14096294959846e-16,2.27956795641231e-09,8.6547356024513e-18,-9.2278269896288e-16,-3.73593940332643e-16,-1.09941891035511e-16,3.24744087832367e-10,-4.46115535347877e-08,-1.3646049241276e-13,-1.12291710675201e-16,5.51770562855509e-16,8.25824526575599e-16,9.83154530009855e-16,-5.00475715672923e-16,-4.02420566099822e-17,8.80319657871873e-16,2.10336915524695e-05,1.25420657275199e-16,7.11116476794796e-16,-1.18696725271388e-15,3.77379831644292e-17,6.16757442304492e-16,-5.10181408779825e-18,-1.08344615204215e-08,9.44703839001574e-16,4.24570766786992e-17,8.08359840899525e-09,-1.33773351029577e-15,-3.52734045079041e-15,5.2920281843274e-16,8.77373647682431e-16,4.69214538749016e-08,-4.1979526786605e-15,-5.02324903818131e-09,-2.31679024889217e-15,-1.45312276541103e-15,2.7544925797853e-15,-1.87305920285648e-15,1.8687150941225e-15,6.45849249758186e-16,1.82034717880437e-10,-1.10516084481196e-15,-5.03488423692194e-16,5.2987104828019e-08,-2.27758752247603e-08,-7.35127984159192e-16,1.59847340876584e-08,2.34252602635576e-09,2.7482585710503e-15,3.39811556476055e-15,-2.69789401986132e-15,-3.35606660325028e-15,2.57738239500339e-15,-3.96805464601596e-09,-5.56114943891748e-15,2.63497006590171e-14,-8.63012895387368e-15,1.59200632795151e-09,-9.72398097415508e-15,-1.11825650244743e-14,7.7850754855914e-15,9.72746012935022e-15,-7.2733082313866e-10,2.83165716730913e-14,1.51172802050075e-09,-4.28490336890696e-13,-0.707106781186545,-3.69602879626606e-14,1.28714898317371e-14,-4.20324376573673e-15,-8.28187949973032e-15,-4.35934663148707e-15,-3.4088582225805e-08,1.03019419875054e-14,2.53098465868974e-15,1.10860434995015e-08,-4.09073962486513e-15,1.91059538888759e-15,-5.31225195556755e-15,-5.49679015806337e-16,-2.60313818415049e-15,4.46745814772139e-16,-1.16853364180542e-08,6.03939833436483e-16,2.93807058697453e-15,2.40457290049985e-08,-4.23292435907048e-15,-3.02847940528547e-16,7.08021583351057e-16,2.11230143367167e-15,4.03777428909511e-15,-5.03891127376311e-16,2.36794900528884e-15,-2.03380313527773e-15,-1.94358765502162e-15,-8.57580154005716e-16,-1.28833338989723e-15,-1.26833636855299e-08,5.4460701455886e-08,1.29103072638086e-15,-1.09397895737194e-15,6.23641299165507e-16,-1.51050513957052e-15,1.72686301022629e-15,1.83788192976993e-15,6.52448515520944e-16,-9.25827364624556e-16,-5.30400179995193e-10,-2.85955159789671e-16,1.51404764190429e-15,2.07941122981225e-16,-6.38412016801163e-16,6.81140934307351e-10,-5.89911007882202e-16,-5.56948854552227e-09,4.16742879029676e-18,6.10827332717144e-16,-5.69408970414066e-16,6.66251874052312e-16,-2.53100994145599e-16,-7.49537352906918e-16,1.23729497121158e-15,7.13472737772058e-16,-3.97886121915387e-17,-2.18305557892324e-16,-2.06178868178227e-16,8.53994039304645e-16,5.79730366929654e-16,9.27394446403538e-16,-1.17133081837666e-16,-2.4796875874305e-17,-2.72096513775389e-18,-7.32895376241539e-16,-1.35780836457247e-16,-2.26157351379179e-16,1.56553372696044e-15,3.22779724486609e-16,-4.98074764804657e-16,3.2941908362656e-16,-1.25967022360378e-16,5.21783656067284e-11,-2.4983425995081e-16,1.48144138575299e-15,-1.10385059956635e-15,-3.61120611655944e-16,-3.36416281179724e-16,2.04271233644644e-15,-5.41320966889355e-17,2.37995910223121e-15,3.99037521321131e-16,-2.39206786683224e-16,-1.91795364312686e-16,1.16895868879208e-16,1.7106228038083e-16,-8.36249176166326e-17,-6.70495395352832e-16,-4.76671590483659e-16,-3.65906600040806e-16,-6.76899319599917e-10,1.6043881976607e-16,1.71908001431714e-16,-5.4471613844537e-17,-8.30827001720028e-16,6.04346737295869e-16,-5.58931118154799e-16,3.185921843313e-16,5.09820785482403e-18,-2.1684069592977e-16,1.44572618683685e-10,-4.02201261910987e-16,-2.61544434282313e-16,-1.77421060394135e-16,-3.50282669899845e-16,5.58884780477829e-16,-5.92384059067764e-16,-1.23221727821305e-16,3.42621849548177e-16,-2.58943638175725e-16,-3.80122239088041e-16,1.11788042681685e-16,-6.46282875115872e-17,3.15403206688095e-16,7.35129026881392e-10,-4.90192472293845e-16,-1.15868342144364e-16,2.46057102208353e-15,-2.46439153805955e-16,-2.22065001252106e-09,-2.73795425172998e-16,-1.21940846303611e-15,2.5628564069908e-16,-8.73544839741929e-17,-3.32362796540658e-16,2.02209278615635e-16,4.13735058105668e-16,5.13999583046168e-17,4.48669584023423e-16,3.5449003951717e-16,2.5975484950686e-16,2.65595125685478e-16,-1.2531380412072e-16,-1.79838077963987e-16,-2.18162341715824e-16,1.59217097761178e-17,1.93441956189935e-16
"t642",-0.0420274390089242,0.0350830932159439,-0.0571740705347139,0.023829177340114,0.00488630423442936,0.000452879568837001,-0.00849995196809585,0.139515935915645,0.000141715338657578,-0.000475428669476159,-0.000209641936006424,0.00867079956849329,-0.0133086382804066,0.00183834489007344,-0.000377627833010388,-0.0345754117391799,0.00053907263360727,-0.000643291041708516,-4.75894535021662e-06,0.000124480364464683,-0.0743341719304791,-0.000731556413289639,1.31527681466676e-05,-6.3948588181601e-05,7.74613946380887e-06,1.10699563939323e-05,-2.02456690248848e-05,2.45516015816946e-05,-0.000829704378054275,0.000939329450262297,-3.14382659481402e-06,5.80939479532566e-06,-0.00207685210135943,5.64833407614311e-06,-3.52836082811195e-06,-7.08129143983704e-06,-0.000296893341488393,2.27684289911128e-06,1.92005514133e-05,5.78250105423546e-06,0.00038489528403184,-6.97134276743431e-05,0.000825729422177147,-0.000100161421988292,0.046930273468613,2.25637851486855e-05,-2.01280356006248e-05,0.000342620026099934,-1.84482921903658e-05,2.53049200082918e-05,-0.00011270799474048,8.64226266727295e-06,-1.18009471541677e-08,0.000201652494753169,-6.66928137811698e-07,6.45779672372396e-06,-2.35765731950655e-10,-2.71090114119887e-06,1.01910081033781e-06,-2.50293364733074e-05,-4.40832509942241e-06,5.67307636047389e-07,-1.97461588697071e-05,1.06626456513819e-05,-8.34883727868829e-07,2.0865364972817e-05,-1.42510609632166e-07,5.19304934528665e-06,-1.43795988609196e-05,5.76262680345495e-06,-4.76575144053379e-06,9.72071783712173e-05,-6.43872661112426e-07,-3.69066380599375e-05,1.63090894048592e-05,4.06712718322629e-08,-0.000755398095713736,1.11378349718028e-06,-5.92862938949173e-06,-7.25449595129832e-06,2.24366971947041e-06,3.39609867770338e-05,-4.552146560989e-06,-2.93392096247485e-05,1.98620026346391e-06,0.000346268079015595,-0.000105923197508881,-1.61701151279302e-06,-6.22362149194469e-07,0.000682016718118199,-6.11579970815075e-07,3.38806845929379e-06,3.6425627348747e-06,-0.000319310607611984,-1.23799641610337e-06,-0.0322154809769396,0.00135096304545203,-0.00440810888823849,5.17184348995106e-05,6.6506012492712e-06,7.49903524367273e-07,-3.41589161722511e-07,8.99565473926142e-07,1.4491111273117e-07,-6.97857902469698e-08,8.39532764956253e-07,-4.41216414760453e-06,1.20019426792621e-06,-7.29413131404276e-07,1.50351464859834e-06,8.32589810278614e-07,2.17475181840402e-06,-4.84003837082359e-06,5.08775594530424e-06,-2.03358692736786e-08,8.23776823499096e-07,-1.24212296321012e-06,1.39019834318269e-06,-1.47779469739097e-06,3.77064192453545e-06,-1.86918424278966e-05,3.70418351047658e-06,-3.70799723160421e-06,-1.02255323126785e-05,2.58852717161253e-05,-4.42410952012474e-05,3.35481358578285e-05,-1.12337081721904e-06,2.66692863547305e-06,8.82279268123761e-05,-1.50107940730607e-06,1.24454484478566e-05,-1.73885955385602e-05,-4.05588653274807e-06,0.25175011726244,-3.26105847617875e-05,9.45497167945162e-10,-2.93988197575641e-06,1.45820965719438e-06,-4.22224588539142e-06,-2.79905856493236e-07,-1.10202246430747e-05,2.20794357692736e-06,1.47258280473295e-07,3.55890945689309e-06,-2.97466466887082e-08,-1.48183850902229e-06,2.36611971620334e-07,1.56414052888222e-08,-4.24679398322434e-08,-4.75516691870657e-05,-1.88777951347476e-07,-0.000162601461732995,1.35343052439135e-06,-4.33043294417667e-07,-3.79354411361094e-08,5.71313080844227e-07,-3.72571357619625e-05,-1.79625114052671e-07,-5.97902104723752e-08,-2.98272077457792e-05,5.83775856085188e-07,-3.35891642992473e-07,-4.45311277048212e-05,5.5028397704126e-06,-2.09791293283565e-05,4.18558201365227e-06,7.24713001983371e-08,3.61534618099994e-06,5.06955871429633e-06,-6.40322696321173e-05,-1.52616900122764e-05,1.13455688976737e-05,5.7639554979571e-07,1.14931195224693e-05,2.68402130693915e-07,1.08349750444044e-06,-1.30213003548293e-05,-5.190141482942e-05,-0.0271920809675008,-0.00123706120179392,-0.000601083228587576,1.13195114102469e-05,2.9743787454165e-07,9.82865842459008e-07,1.27180576579059e-06,2.4652530535083e-05,-8.16360777140776e-06,-3.90146810682122e-05,0.00668719195468047,-1.18760047866138e-07,4.5138835605201e-08,9.56760163519294e-08,2.82646644009248e-10,-1.61761280556032e-09,1.13019957712687e-08,2.17927414289655e-08,8.90002521181838e-07,-1.30166835707105e-08,-3.61396249082264e-09,-3.49688791397047e-09,-4.23772347361164e-07,4.62644527279435e-11,8.34395307577544e-09,1.78947069279974e-09,5.00386637851128e-08,3.46999450627291e-10,2.41441944390589e-07,-1.00894044038873e-08,-1.18497105873495e-10,5.99730095527353e-08,-2.06055467522637e-07,1.74235908611272e-06,4.58794509593772e-08,1.41977086956409e-06,4.81462884603519e-08,-0.00348986788628228,1.36081165852252e-08,1.17566115372125e-08,9.92941410573995e-08,6.18016643026714e-07,-1.01494768694914e-05,-3.23886022156826e-07,-1.16855666989015e-06,3.99115094440632e-07,2.16057146959622e-07,2.3114463794584e-06,2.16175375408114e-07,4.07297975157576e-07,3.99382059356253e-07,-1.21751092129132e-05,-2.12124633353891e-06,-1.82274482671536e-07,-3.14194164928277e-07,2.32585440556067e-08,0.0339923493948721,2.21245554151414e-06,-7.03090708248867e-15,5.509340844178e-07,-0.000309168870310738,2.14475737971709e-06,0.000118813675370011,0.000277932196671379,-0.512689424733862,-2.03115583545668e-06,0.000483508972032911,-1.26445880132312e-07,7.07377149362362e-09,-1.01019772116164e-05,1.24956402367569e-05,-3.69411617999221e-07,4.9414045048562e-05,-2.06138620099858e-06,4.62278084450339e-06,-2.89680331244083e-07,1.78629911092303e-06,-3.77174783627898e-06,0.00330450330280918,5.94811586130225e-07,-1.23710388092577e-07,2.8603971717868e-06,-5.62846176751239e-07,6.27861323891148e-05,-3.20383285099971e-05,3.32764006953367e-07,-1.13815467805621e-07,1.53685931166854e-07,1.0913173567663e-05,-2.50290694202786e-05,1.72581737242392e-07,7.03706191364165e-08,-1.63785730540053e-07,1.4394865775056e-05,-0.000353274231445659,1.39942306415584e-05,-0.000268076014655086,0.0636646348925054,1.74107243375426e-05,-1.11497007178944e-05,3.29244355085084e-06,-1.54303439779588e-06,-1.20956051987186e-16,2.50047578107629e-06,8.16572421367028e-08,6.55182458658556e-10,4.15639658452755e-06,-5.81317578414956e-08,3.24577149633824e-08,0.000109826314052247,-1.82491682830121e-06,3.29857098530904e-07,-8.54715961714672e-07,-2.60257730433783e-08,1.31825970066731e-08,-1.52660260947955e-07,1.70695476263546e-07,-2.86000077065407e-06,2.94557567832236e-09,1.35063926825346e-06,9.16188217113894e-10,5.05056903127362e-09,1.23231264794007e-07,-1.60948750981113e-06,3.94762926779539e-08,-1.58950289278951e-07,2.25861606349643e-07,-8.32423115960405e-07,5.87764124641606e-08,5.35020214207713e-08,4.1349178879654e-07,-7.01970750419379e-07,-5.80273567068348e-08,4.87036841644133e-07,-3.26979114924784e-07,8.16923172181583e-09,7.73656222094131e-08,-1.55729098523725e-07,-3.86956079881614e-16,5.66894908192079e-10,2.43090766916929e-06,-1.71171877852731e-06,1.66216268194135e-07,1.48822495918452e-07,4.37808449068607e-08,1.02834712506433e-07,-1.52648558816435e-06,5.8402843580311e-07,2.86411714792208e-16,-4.78313584811255e-07,-5.87975480511454e-09,-1.67366247647491e-08,5.57951799770695e-07,1.31946982454853e-07,-9.13756526958198e-09,-3.62836886860112e-07,9.93495513754422e-08,-3.49771962419291e-06,7.03809590155618e-07,-1.49141115982549e-07,-2.76582842302478e-07,-1.48640435833331e-08,-1.14050888737159e-07,-2.89579770598224e-07,1.24186392036487e-06,-3.27508683442733e-07,-1.18808617328793e-15,-0.000308635082519071,4.25005049201988e-06,1.58077785674088e-08,0.0109691353882801,-6.58591023478162e-07,-2.04881713894327e-06,7.8688541485987e-06,-2.9100011018322e-05,-2.17143774203019e-07,1.46300867578531e-15,-4.38000165526685e-07,-1.25765470936279e-06,-6.69171507246242e-07,2.00397015645404e-16,1.55339735705767e-06,2.14538217604381e-05,-3.37585907761126e-06,-1.48113957689462e-06,-5.61723810338236e-07,-3.35806583333528e-07,-1.32405042102962e-05,5.36640343821937e-07,6.03454659518158e-06,2.68341095740948e-06,3.78176453688694e-05,0.225377832483602,1.42965531148948e-14,2.84970203099722e-05,-1.49428412204495e-06,-7.16424487505929e-06,5.12069459861519e-07,1.75264994140958e-15,2.97170222961388e-07,-1.98568211385377e-06,8.25428528944374e-08,7.23190164069338e-08,1.91363060667135e-07,-0.0080736753708314,7.42184098479147e-07,-7.50374995849164e-08,-5.85163539121106e-17,-1.39130818598593e-07,1.29022429207686e-06,-3.97313598622492e-07,-9.77306485148008e-08,9.66679546461061e-09,5.83979790971598e-11,-2.75821032680312e-16,-7.37565462371676e-17,2.16221340857554e-11,-4.7428001306354e-08,9.34090103099033e-09,-5.99656163058178e-09,1.41800282032511e-16,-7.1068229671224e-09,-1.06267945837981e-10,2.54384896920456e-17,-2.46772874032908e-16,3.72147855393975e-16,3.81540090617853e-08,1.18873884099373e-07,-2.05509237619902e-07,1.40084017055547e-07,7.0996590999245e-08,1.697268435405e-07,-5.21819363620898e-07,-2.38269507991941e-16,-1.57037617735496e-07,6.46961720685331e-07,1.23931805281809e-15,-6.4198685624818e-16,-5.91707027883676e-07,-5.74270177363296e-11,-4.980370912878e-06,7.85182455960123e-07,0.281096244324614,3.26339243637126e-07,1.14129933745208e-13,4.62265449976174e-07,2.86330426938783e-14,5.85986428899043e-07,-2.16740416846689e-14,5.4407375801563e-06,-1.27220070287304e-15,-3.99182164823412e-07,-6.74606487640593e-07,-1.7376377570788e-08,-2.07611556393376e-07,-6.88607087895864e-07,5.091817728708e-07,-3.80387366002251e-07,-1.47351021281518e-08,-7.15297166980359e-08,-6.13903927076234e-09,-6.37624559726203e-07,2.04017455703974e-07,4.43143609815428e-08,3.26255437857357e-09,5.58217740200781e-07,2.94194935089154e-16,-6.02084320879363e-07,9.03585997724334e-08,-5.95587863103999e-09,4.89387537670956e-16,-6.96658727050055e-10,-1.55000579026769e-08,-5.07098504722573e-08,1.29340507251169e-16,8.14199937595294e-08,5.09789363269331e-09,-2.95931864865585e-16,6.05063098032645e-09,-1.52746571604146e-06,3.24222532374035e-16,6.07391057157083e-16,7.15049926177331e-10,5.08635136081983e-10,1.73226257805557e-12,5.62320658961972e-10,8.93808250593599e-10,2.00002747436984e-09,3.12042127250971e-10,8.14139995693026e-09,-1.92857866863155e-08,6.68844320206308e-16,3.03834132301908e-10,3.06375505688904e-11,8.90766256231106e-11,8.8364132831406e-09,1.83942614024053e-16,4.10178697070127e-16,3.12688960813133e-09,-3.00255889354936e-16,-3.03307324590925e-16,2.76190764380544e-08,-3.22433446871117e-08,-4.17724083501329e-08,-3.79943784917907e-10,1.16548947616309e-06,2.56372950422874e-08,1.16866688005389e-09,-8.65674189392785e-17,3.26729248565442e-09,1.56662416732427e-10,7.24930705390053e-10,-5.28495995116769e-08,2.22563356932192e-07,1.31309573111686e-15,1.04560261820262e-16,5.469810086671e-15,-3.03799624587144e-09,-1.04553647082113e-08,-8.7839866172438e-09,8.46337413269509e-16,-8.26907027065721e-09,-6.99487753467225e-16,2.5061932750758e-16,2.17527755884428e-07,-4.78217958260752e-09,-2.2139408362154e-16,-1.20491942928046e-08,-4.37775716637542e-08,-4.92477442106637e-17,1.93647770998578e-08,1.06781761258355e-16,5.33093225441612e-09,-2.55080974081045e-16,5.33296163652209e-09,4.62589219880342e-08,1.16549988933302e-08,1.58453264781781e-09,1.09582097419159e-08,-2.92547300903535e-07,1.61424769669275e-08,2.10630699380369e-16,1.01587655734676e-06,-4.47008171978673e-08,1.64673002253236e-16,-4.5274510587489e-08,-1.91845711713805e-08,0.00117125872824235,9.61896791902028e-17,1.22057835456259e-08,1.13410968805476e-07,1.17593685170617e-16,-4.13975248898245e-08,-9.21022024843456e-09,-3.38940625603154e-09,6.05515310280733e-16,5.86277005036838e-17,9.03631107995757e-09,2.80191378344699e-09,2.27255028683876e-10,-3.44517627204792e-08,1.76104755862106e-09,-6.64509976324216e-17,1.01046284541754e-16,6.46269383283731e-09,4.4577190262075e-11,2.80625838331221e-16,1.57676455228488e-08,-1.24226790581399e-17,5.70461873675868e-08,-3.08368051108506e-09,-1.80354995164499e-09,-1.20052452171029e-08,-2.66266593414394e-16,-1.31329332575012e-17,1.20440980971284e-16,4.20071722764438e-17,-8.08520381234971e-09,-0.000948087614644836,4.25139673740267e-16,-2.85253931853411e-16,2.80035447667117e-16,3.13410470467753e-08,1.20484476728459e-05,-1.6233499181802e-08,1.64116747905386e-16,6.60712803912666e-16,-9.13548750536286e-16,-1.04581509461077e-07,2.22217884507352e-08,-3.38382471898781e-16,0.000740015653827224,-1.01848629272348e-07,8.76146824735815e-17,-2.55440924815401e-16,-1.03284762288795e-08,-1.05913757879803e-10,-5.15173788686019e-09,-4.8770016541174e-17,5.8491122825601e-09,8.55812137010022e-09,9.24102312608357e-09,-8.49560865291616e-09,-3.03336392303538e-08,9.98335833168274e-05,7.59733901741859e-16,8.39628798670828e-16,-8.76702028351214e-17,3.76581919960406e-07,-4.55834366302472e-08,-2.48941865234766e-09,-1.98460311005793e-09,7.09880403417829e-17,2.02660957273761e-16,1.58568027452115e-16,2.12814020773093e-17,2.43704831408262e-16,6.64337524367822e-08,1.93614914429143e-16,1.5084849591842e-16,-1.56195571463993e-09,2.91976124386394e-18,-1.39859984610468e-09,-2.13939916034943e-16,-1.73475066893711e-09,1.66398050763657e-16,-2.12095684252267e-09,-2.66246943595882e-10,-6.67412982010842e-06,-7.63077818165253e-17,8.56340392201502e-09,-2.348996602412e-16,1.22669388604568e-08,-1.50838014201933e-07,1.2067560591269e-10,4.44979951297719e-16,1.76777438085746e-08,3.18385791965212e-17,-4.37250569559778e-09,-2.46876937806779e-08,3.42093918869707e-16,1.47544777397231e-16,-1.86585863617373e-16,3.37618819448485e-17,-8.33019539061521e-11,-1.08623086374338e-09,-2.42929771445505e-10,4.96553489124818e-16,-2.05669007587332e-16,-1.79330710381729e-08,1.09078808842246e-06,-3.78648105269021e-16,2.26789035073652e-16,-1.12529502050157e-09,-4.79830986540835e-16,-7.98969888754078e-09,6.76448016370274e-14,7.58405345140964e-08,-2.34865258442514e-16,-1.25514350357727e-16,-3.39261003003904e-16,6.36557800298009e-16,4.22768794277573e-16,-5.82543133115802e-16,7.6053792845487e-08,-5.31959383501034e-07,-1.41519164653583e-16,-6.86087281860727e-09,2.61376469920472e-08,1.3610693823265e-16,-3.99849185407419e-16,-3.34906100167271e-17,-8.73123590143671e-16,2.5934400472622e-09,4.15366999850646e-10,-7.98041697030365e-16,-3.96678402498914e-16,-4.7245357749635e-09,-1.68569589919928e-08,-1.7654498992059e-09,1.86051737308733e-17,1.21471638145472e-15,-1.83633052881552e-16,-2.14030319975647e-16,1.20011818412428e-16,-2.2040956160987e-16,1.00804729587881e-08,-9.54440915130315e-09,-1.83716043906751e-09,-1.43201464744414e-17,2.4470115469415e-16,1.94967822340531e-16,1.46793636212613e-16,-7.88486179618563e-16,-1.14720115582223e-15,-4.2330319586059e-18,-4.20405408796178e-16,6.1547480986183e-16,2.16714393715495e-16,1.57227958560049e-16,3.5043690513108e-16,2.20714949155371e-18,-3.35094832239692e-16,0.000236591154076636,-1.02221392220384e-15,-4.01380666941403e-15,8.69924855029475e-17,1.00074594377711e-07,-1.74601008631256e-10,1.95609593084269e-16,-1.93105557574936e-08,9.19132322969774e-08,3.91826823486719e-16,2.15263264522787e-16,-2.57389603015178e-08,7.69023174643753e-16,2.27956739847848e-09,8.37801515508575e-17,6.88041419944594e-16,3.34598929001079e-16,3.33120552398287e-16,3.24745937413564e-10,-4.46115519337938e-08,-1.2910772437991e-13,2.17963072793607e-16,-5.82892748517097e-16,-2.06986462936452e-16,-1.20677122808499e-15,6.35505380504575e-16,2.44612182818387e-16,-8.56514528196215e-16,2.10336915462822e-05,-1.12055337961438e-16,-6.7566423243681e-16,1.27417288321513e-15,-6.25899455906351e-16,-2.82875496252227e-16,9.02669547240251e-18,-1.08344603609825e-08,-7.42158085073758e-16,2.17699648042692e-16,8.0835975489705e-09,1.08716550033616e-15,3.4844844509365e-15,-3.76428846149501e-16,-4.66596606842671e-16,4.69214521281028e-08,4.05568653640417e-15,-5.02324916944262e-09,1.90815834664177e-15,1.57417731398797e-15,-2.69789244387031e-15,1.84230089544284e-15,-1.77162385373471e-15,-2.30464504590762e-15,1.82029411288373e-10,8.3585734172992e-16,9.72351750629594e-17,5.2987106249083e-08,-2.27758754687533e-08,8.26004942154118e-16,1.59847258789265e-08,2.34252423794818e-09,-2.93104102945661e-15,-3.46617477441979e-15,3.05019828905971e-15,3.30010628346331e-15,-2.98629071415757e-15,-3.96805740822936e-09,4.68649151403899e-15,-2.58785744853811e-14,8.72257918363564e-15,1.59201054677571e-09,9.33712865847377e-15,1.11986224845537e-14,-8.06471834315647e-15,-1.00046619213783e-14,-7.27397374104821e-10,-2.82864568927761e-14,1.51164201181094e-09,4.28748441912373e-13,0.70710678118655,3.68090634122787e-14,-1.29383426514988e-14,4.39400893126603e-15,8.53106719884128e-15,4.30769072573557e-15,-3.40885786998169e-08,-1.08605153062742e-14,-2.36862430779207e-15,1.10860445039775e-08,3.86279437189108e-15,-1.87193617013774e-15,4.90629438041396e-15,6.24775818790271e-16,2.70869353645566e-15,-3.08275507781721e-16,-1.16853376874449e-08,-5.90323597795064e-16,-3.24061878745474e-15,2.40457317001082e-08,4.06236762651336e-15,1.40100816940801e-16,-6.16063056955536e-16,-1.82050974525075e-15,-4.01004266810523e-15,-1.58686745453004e-16,-2.51273643022208e-15,1.95147836612537e-15,1.70265419607721e-15,9.90973940233886e-16,1.3465098089951e-15,-1.26833644818967e-08,5.44607093810244e-08,-1.01118585998645e-15,1.03000454373193e-15,-6.33068038916263e-16,1.76222326103058e-15,-1.35687901886561e-15,-1.36832935532797e-15,-6.59749666387848e-16,1.24582479426618e-15,-5.30398613384888e-10,1.91484289441321e-16,-1.65096559937958e-15,-3.44652494395015e-16,8.16089623302992e-16,6.81137775186165e-10,5.34394904157724e-16,-5.56949107778487e-09,7.17315548149395e-17,-6.01787840355169e-16,3.58678521372727e-16,-6.46903803643718e-16,1.94631901822112e-16,5.3958663886229e-16,-1.28644665179106e-15,-9.82306635397058e-16,-1.92904079423159e-17,2.41518772451869e-16,1.95416522784721e-16,-8.22186568988286e-16,-4.39733684868973e-16,-8.55045223388864e-16,1.32246421321716e-16,1.43332282093959e-16,-6.95029235172371e-17,6.38047187827398e-16,3.67710994073683e-16,2.01111639296981e-16,-8.0556221415673e-16,-1.94272167045227e-16,9.05967048564071e-16,-1.85850612780221e-16,1.88663881699526e-16,5.21775859037948e-11,5.09641781807439e-16,-1.09440613563808e-15,1.45165476436893e-15,2.02633318658209e-16,2.21677174344468e-16,-2.13472940874807e-15,-2.82721470032707e-17,-2.36367158157903e-15,-4.37616517560339e-16,1.16852523386249e-17,8.58200229630901e-16,-2.99684672101488e-17,-1.96417060204333e-16,1.40261630396059e-17,8.48356810299771e-16,3.52014428526e-16,4.15561444715052e-16,-6.7690216072164e-10,-2.71099956083879e-16,-1.0926061395689e-16,1.0538815900777e-16,1.18293076030126e-15,-2.8984857028768e-16,4.46281572775971e-16,6.55515889152249e-17,-5.84999686203506e-17,1.658693184067e-16,1.44572032610683e-10,6.57010050498727e-16,1.35643096359615e-16,2.98574555509468e-16,2.20763379990728e-16,-4.66964070926227e-16,3.90720826936232e-16,1.41539582341257e-16,-5.66278860852057e-16,2.27135154841833e-16,8.50988489818528e-16,-2.97995502137403e-16,6.47213169024104e-17,-3.76131949721354e-16,7.35128959391077e-10,6.56260217583402e-16,2.04935244305314e-16,-3.3814083354587e-15,2.94902990916057e-16,-2.22064979075004e-09,1.67545842108975e-16,6.18986325729135e-16,-2.24860458765322e-16,1.89798599869882e-16,4.04168731476458e-16,-2.96188775869572e-17,-2.37750804176046e-16,-1.51520442812149e-17,-1.87735687903044e-16,-3.24164712736724e-16,-3.53061886796133e-17,-1.79543394803509e-16,-5.71646359876068e-18,-2.55383999572585e-17,6.95493291597162e-17,1.15786490287325e-16,-5.28253064160148e-16
"t560",-0.0420671316950107,0.0351530882311736,-0.0572918464323005,0.0238950707764249,0.00490287092097911,0.000454683369324583,-0.00853447769829323,0.140128144499784,0.000142451072268904,-0.000478428824044436,-0.000211326533540112,0.00875699374709224,-0.0134448903285974,0.00185745685724366,-0.000381728877088181,-0.0349736083973035,0.000545433017258791,-0.000651022157732358,-4.81749787419831e-06,0.000126148064571526,-0.0754139111848529,-0.000744466163341445,1.33984171719098e-05,-6.51500329322376e-05,7.89226790038288e-06,1.12891789705783e-05,-2.06515534298158e-05,2.50484267577625e-05,-0.000846965404147947,0.000962600816344529,-3.22718962009164e-06,5.97088370763137e-06,-0.00213903229914108,5.8260287806863e-06,-3.64545259487019e-06,-7.33658540299645e-06,-0.000307743808679298,2.36148671158855e-06,1.99196123187823e-05,6.00255409651681e-06,0.000400000564626631,-7.25216623415549e-05,0.00085953352954321,-0.000104267341230634,0.0488908155277391,2.35726541558875e-05,-2.10463833652303e-05,0.000358400287451453,-1.93204787906945e-05,2.65350466004652e-05,-0.000118390245004773,9.0853168564451e-06,-1.24074094692287e-08,0.000212231211016215,-7.03330357300791e-07,6.81236914730967e-06,-2.50118865519676e-10,-2.8804899092925e-06,1.08305897681401e-06,-2.6705476452256e-05,-4.71792038432366e-06,6.08080829202857e-07,-2.11918721144653e-05,1.14469362485555e-05,-8.98417960582972e-07,2.25016123307366e-05,-1.54431545739357e-07,5.6399167810597e-06,-1.56331175334748e-05,6.27673850814418e-06,-5.24403055420566e-06,0.000107829386580777,-7.15137472801784e-07,-4.10999058869923e-05,1.81681534495781e-05,4.53596402766759e-08,-0.000842864488414556,1.24557796411991e-06,-6.66493093416872e-06,-8.17298370961891e-06,2.53713472032786e-06,3.84341611835218e-05,-5.18281293233376e-06,-3.34655328076233e-05,2.2838534734441e-06,0.00039905356789044,-0.000122349673119849,-1.86847177782963e-06,-7.19215213174597e-07,0.000788346211178761,-7.07549787225863e-07,3.95298222287312e-06,4.2532619206577e-06,-0.000374852547093219,-1.46720356064207e-06,-0.0382357358039111,0.00160353329925655,-0.00525184234050437,6.17040546174686e-05,7.97730900053012e-06,9.0350355259996e-07,-4.11719639815366e-07,1.08473934684173e-06,1.78440944511328e-07,-8.60734214333999e-08,1.03680025713703e-06,-5.46138640818643e-06,1.48655719352186e-06,-9.04480267551194e-07,1.86761313153541e-06,1.03480104018693e-06,2.71212153526414e-06,-6.03844686261507e-06,6.40558029133165e-06,-2.56538986318377e-08,1.04375675846649e-06,-1.57693841573032e-06,1.77467102517166e-06,-1.8966777089105e-06,4.85942838873293e-06,-2.41462023920625e-05,4.82492825670553e-06,-4.85640284023397e-06,-1.33953170445634e-05,3.39363453901995e-05,-5.83348796724158e-05,4.42567778291035e-05,-1.48940739889828e-06,3.58847330325915e-06,0.00011873463845356,-2.02259165854773e-06,1.69428412397389e-05,-2.37209319556241e-05,-5.5411758539587e-06,0.346076577056891,-4.48680730643201e-05,1.31851826050869e-09,-4.14595995928155e-06,2.08931900884321e-06,-6.05239420555202e-06,-4.02352035333256e-07,-1.58637259582342e-05,3.18570714314538e-06,2.12658358576308e-07,5.13954687134677e-06,-4.32344508331212e-08,-2.18213196362508e-06,3.53266418924989e-07,2.34350961289755e-08,-6.41303016879856e-08,-7.18525483295452e-05,-2.86120307442006e-07,-0.000246890226512831,2.05925197165246e-06,-6.71779965349477e-07,-5.90371384265935e-08,8.91131038819343e-07,-6.1409790481262e-05,-3.00409928214247e-07,-1.00222636396162e-07,-5.0640868745171e-05,9.93786679443478e-07,-5.81644374477158e-07,-7.72755357654712e-05,9.71651222404493e-06,-3.76944812275113e-05,7.94085347342823e-06,1.37771943044317e-07,6.87657319915212e-06,9.71961510663481e-06,-0.000123935569688907,-2.95800885566394e-05,2.24198980706703e-05,1.14613493269152e-06,2.31696003231592e-05,5.4294706578193e-07,2.19567124572248e-06,-2.72939940395569e-05,-0.000112928489877936,-0.0595629554341858,-0.00272729944043184,-0.00135137599495019,2.5646410823075e-05,6.79091978549842e-07,2.26054776226043e-06,3.00021628210107e-06,5.85332172115113e-05,-2.05635760542321e-05,-9.8478281380746e-05,0.0172422712742276,-3.26049684860667e-07,1.31255769347332e-07,2.8414737397896e-07,8.67412822058707e-10,-5.09296932427881e-09,3.86457014700284e-08,7.59697814668875e-08,3.23799598352095e-06,-4.84304264983045e-08,-1.64389193623086e-08,-1.60814153921443e-08,-2.16725755342753e-06,2.66970754699061e-10,7.13700807324344e-08,1.53416982915567e-08,4.49940395672139e-07,3.67746134383687e-09,2.92904834380469e-06,-2.02473974426156e-07,-1.58120472826823e-08,-2.12216172618125e-06,5.20033972661166e-06,-1.87513392655853e-05,-3.69923095685118e-07,-1.13709081422469e-05,-3.21169877839318e-07,0.0160960471980213,-5.91013141362619e-08,-3.84977580323105e-08,-2.75030782485594e-07,-1.62195908094787e-06,2.16912903458147e-05,6.61392968101611e-07,2.27295993644708e-06,-6.7400739684173e-07,-3.55002229330197e-07,-3.77268585223167e-06,-3.05968617492043e-07,-5.30731364431245e-07,-4.76016832105647e-07,1.3947690090762e-05,2.33356062357065e-06,1.93129134248085e-07,3.29406568923303e-07,-2.21457312382397e-08,-0.0305119650760153,-1.86431641763284e-06,3.96626933942911e-15,-4.24465405066466e-07,0.000233999882658667,-1.43669369024956e-06,-7.24834306018495e-05,-0.000156990740180046,0.288257909105877,9.89205963834035e-07,-0.000229820267454171,5.94311833634745e-08,-3.1503663205861e-09,4.33704974342783e-06,-5.014325906966e-06,1.43825638751287e-07,-1.89992308626495e-05,7.39615133006331e-07,-1.22229145398158e-06,6.81675632401794e-08,-3.79688848561275e-07,6.30510956328548e-07,-0.000542375006510967,-8.06521244081899e-08,1.49112949124601e-08,-2.86368732487198e-07,5.28058001884667e-08,-5.48414075422413e-06,2.51732958780822e-06,-2.19612092768285e-08,7.35158707129318e-09,-5.35628703037944e-09,-3.73262136040145e-07,8.37861241019062e-07,-4.47175419779788e-09,-1.62858789530025e-09,2.37547478863002e-09,-1.86044123918224e-07,-1.20025826581534e-05,5.41292957587496e-07,-1.13530605949866e-05,0.00322045127614711,9.92173456484681e-07,-7.90083792276879e-07,2.46118414038298e-07,-1.20027999044079e-07,-6.28145621803093e-17,2.19870856236942e-07,7.28669032510864e-09,6.12138256358855e-11,4.2835810657751e-07,-6.45318115088556e-09,3.72235638128069e-09,1.27923106202696e-05,-2.52427384496215e-07,4.60658196746642e-08,-1.19670367340942e-07,-3.79870367577599e-09,2.13429288876114e-09,-2.51169183427064e-08,2.83920541070295e-08,-4.92363114678537e-07,5.67658394637705e-10,2.70967711647925e-07,1.84218885922821e-10,1.01619534914598e-09,2.69976005683895e-08,-3.8177865353528e-07,9.44832548169384e-09,-3.85298008578394e-08,5.55643289015326e-08,-2.05688515483971e-07,1.50328971722998e-08,1.37173268503017e-08,1.06484437828842e-07,-1.81315140709947e-07,-1.51324782858812e-08,1.28315074958906e-07,-8.69349093599558e-08,2.18042113458502e-09,2.07829742776522e-08,-4.23899359508741e-08,7.85782659734321e-17,1.64919498452276e-10,7.11088773167096e-07,-5.04671596694511e-07,4.90172098008152e-08,4.3898289496567e-08,1.29381702755584e-08,3.04949572915616e-08,-4.54483973155165e-07,1.75242483092446e-07,2.10859529643953e-16,-1.45867915932576e-07,-1.79645165225932e-09,-5.13346906452359e-09,1.71213003093657e-07,4.08533996430481e-08,-2.84216474431522e-09,-1.13543314410612e-07,3.12109515869408e-08,-1.1072940441554e-06,2.24198145930379e-07,-4.76781434542313e-08,-8.85845920328364e-08,-4.76598450089893e-09,-3.66380865931366e-08,-9.30442342507869e-08,3.99522301246214e-07,-1.05462104116619e-07,-5.03147309211318e-16,-9.99742307978415e-05,1.37806237381446e-06,5.12565932199989e-09,0.00356527259621398,-2.14126261271433e-07,-6.67881067331701e-07,2.56606266907122e-06,-9.49012343786418e-06,-7.0825115216696e-08,4.16536474503169e-16,-1.42867822013892e-07,-4.10218844679635e-07,-2.18224985207041e-07,1.97525444727579e-16,5.06337194286095e-07,6.99189578598094e-06,-1.10011282411677e-06,-4.8257632544511e-07,-1.82951764273981e-07,-1.09338059070625e-07,-4.30997902721585e-06,1.7453374755592e-07,1.96241985010732e-06,8.72033148601166e-07,1.22725060410901e-05,0.0731334972880616,4.72136876389293e-15,9.21549799656604e-06,-4.82897587777076e-07,-2.31150778970943e-06,1.64773159672904e-07,3.19343266054089e-16,9.49699052521284e-08,-6.28589670024745e-07,2.60017062705153e-08,2.27257507618561e-08,5.99521032235099e-08,-0.00251428375356312,2.28657028952038e-07,-2.2378196178513e-08,1.77425953614606e-16,-3.99940020371537e-08,3.69545153737808e-07,-1.12917202192561e-07,-2.74627135274387e-08,2.71397969254259e-09,1.6340485049522e-11,4.31946145518225e-16,1.35523758758191e-16,5.92943325417558e-12,-1.27588229496857e-08,2.50657613728721e-09,-1.57929270982486e-09,6.19532458964455e-18,-1.78731863021544e-09,-2.61171049507561e-11,-4.46000898895984e-16,-1.01763395443741e-16,-1.20955972709541e-17,8.61542623838195e-09,2.65118684762512e-08,-4.37683478512769e-08,2.85602032059604e-08,1.43964921097455e-08,3.26516747150273e-08,-9.97375901166564e-08,3.73195883108323e-16,-2.63336864942796e-08,1.02639169350678e-07,7.05659868070127e-17,-3.77094196251421e-16,-7.01960634673956e-08,-6.18773371381488e-12,-4.59758290579332e-07,6.38954129111613e-08,0.0165789447371905,1.80049745517361e-08,6.57666063486162e-15,2.30566328224477e-08,1.94248726995392e-15,1.99384621011273e-08,-7.10748734172872e-16,1.18286373535504e-07,-6.66211802402991e-16,-2.12176370055584e-09,-1.26803951600883e-09,8.2747286891215e-10,1.22984322004766e-08,4.42176858626477e-08,-4.41715603347369e-08,4.09167468714237e-08,2.37225507038465e-09,1.15522269719545e-08,1.10231375197909e-09,1.37002506143708e-07,-5.45226812634724e-08,-1.4029022300565e-08,-1.17244410509377e-09,-2.13156773144173e-07,1.53364235057833e-16,2.75982830693761e-07,-4.91234232497438e-08,5.21652053466832e-09,1.37860023933965e-16,7.03118072249108e-10,1.95433217351321e-08,7.06266742663325e-08,3.66084935597231e-16,-1.19517847838259e-07,-9.32429942360004e-09,2.2327902102165e-17,-1.24375097206693e-08,8.10150711615307e-06,-7.64031462245612e-17,2.06436902662834e-16,-7.49351092090298e-09,-5.80769259799365e-09,-3.33773911523175e-11,-4.67385996792364e-08,1.26489197824922e-08,2.58516127332046e-08,3.59762592446569e-09,4.50033965334648e-08,-7.76502056519824e-08,3.03050770242286e-15,1.11717798869905e-09,1.11038729431333e-10,3.07590540719865e-10,2.89145957331332e-08,-2.46368038194097e-17,-2.1444248204497e-16,9.56846948556664e-09,-2.42305974617525e-16,-4.67283112976529e-16,6.23590646632479e-08,-7.00365869446905e-08,-9.06640677693833e-08,-7.65018390008011e-10,2.3250074485988e-06,5.10428921355784e-08,2.29791091048118e-09,-6.84065547946401e-17,5.73079674857343e-09,2.69147281873773e-10,1.23723893080136e-09,-8.74216277986825e-08,3.49894415636043e-07,-3.82105326334241e-16,3.20854982842578e-16,9.3306074185997e-15,-4.49013589388354e-09,-1.50983719148884e-08,-1.2663349677985e-08,1.1066237375055e-15,-1.1678308279481e-08,-1.98382693856944e-15,1.69271235038403e-16,2.85280092605374e-07,-6.2667529838916e-09,2.43468439853345e-15,-1.55596379297033e-08,-5.60805862775086e-08,-1.77114645983075e-15,2.44316348113121e-08,-2.82113736623848e-16,6.61615839602816e-09,-5.40159238833394e-16,6.60955928187024e-09,5.72717614901304e-08,1.44126391937324e-08,1.9562547552133e-09,1.34806116018557e-08,-3.55441395747812e-07,1.93255537149057e-08,1.098213999217e-16,1.19894726053624e-06,-5.26900300403209e-08,6.46036294603492e-16,-5.32812642943143e-08,-2.2517241443301e-08,0.00137179091346437,6.76594836976681e-17,1.42195468769112e-08,1.32031800382704e-07,1.87599899189757e-16,-4.81604341905489e-08,-1.07120246755281e-08,-3.94025213732432e-09,-2.10619318845551e-15,4.23904371113897e-16,1.05303703520972e-08,3.27411207752711e-09,2.65739389253132e-10,-4.14784513746113e-08,2.13739330759714e-09,-8.68175495768468e-16,1.17053714215391e-15,7.89323169483364e-09,5.44892895179477e-11,-3.84776050585092e-15,1.95118453665109e-08,1.32477953070732e-15,7.15839224301088e-08,-3.9604088055438e-09,-2.32062955912386e-09,-1.55650294148006e-08,-1.21666970599683e-15,7.41845814667249e-17,4.98388826499327e-15,1.15877473193717e-16,-1.15582180802177e-08,-0.00137068621366632,3.3676750803304e-15,-8.96969269730194e-15,1.58620066561036e-15,4.74860250736492e-08,1.8696442374884e-05,-2.7282529747659e-08,-1.48361552338322e-15,-4.17447651966663e-15,7.45632939072594e-16,-3.64716347792993e-07,8.25517602400979e-08,-1.92863579469585e-14,0.49766401798045,6.32351509529563e-07,-6.85517103940869e-15,2.12103782475321e-14,1.25346161805155e-08,1.16693984780063e-10,2.80724418387321e-09,-3.65899138117533e-15,-5.3750446444629e-10,4.42030573803083e-10,1.77059381303312e-09,-2.70533859409966e-09,-1.04481725843822e-08,3.86053051181905e-05,-1.0469957880956e-15,-1.71456572669983e-15,1.27516458482384e-16,2.00721462264667e-07,-2.4363565538281e-08,-1.35960872381594e-09,-1.17599265372995e-09,8.02888879304735e-16,-1.1844189478265e-15,9.801595375978e-16,9.81121295979714e-16,-6.96880663558419e-15,4.15798333197986e-08,7.02444422821944e-16,2.03252982659968e-15,-9.93566849657765e-10,-2.03187261631065e-16,-8.90369308848426e-10,-4.63767191709106e-16,-1.10584150023258e-09,-2.82452491671265e-16,-1.38326672447254e-09,-1.74463532015726e-10,-4.40297553950338e-06,-4.58715963792115e-16,5.69259273984032e-09,2.39119106045729e-16,8.273455835392e-09,-1.03291295536676e-07,8.26849807412968e-11,4.605470589705e-15,1.21752354903596e-08,1.18616874782517e-15,-3.03352436662064e-09,-1.7133344274623e-08,-2.69331919307191e-15,-6.63926028501577e-16,-2.31975334501338e-15,-3.3473867698584e-16,-5.81176458659638e-11,-7.58822687335986e-10,-1.69955007494053e-10,1.57702123633926e-15,-3.34588788058097e-17,-1.26265102940896e-08,7.68214969360187e-07,4.5948233005705e-16,-2.61901609324408e-16,-7.97832825772562e-10,-5.36430775493445e-16,-5.67191421520431e-09,4.99336916270953e-14,5.40248279183006e-08,-1.10887693645599e-15,2.30271455026181e-15,-2.52171477469862e-16,1.25685575531327e-16,1.07021466470838e-16,-1.12977476614331e-15,5.45000824920831e-08,-3.81228291222381e-07,1.84049208058558e-16,-4.92568016509587e-09,1.87786135069286e-08,5.06472304227871e-16,6.99018547598157e-16,-4.66125219784898e-16,6.32165523757551e-16,1.8685764553558e-09,2.99458304720128e-10,6.41080608250293e-16,2.38499284007888e-16,-3.40840062726387e-09,-1.21620766472032e-08,-1.27411088467498e-09,2.10521346279569e-16,1.8522858156032e-15,1.15974279836141e-16,1.8959443664199e-15,9.91618692765284e-16,1.79529059064433e-15,7.30506806958181e-09,-6.91895977682505e-09,-1.33224273362852e-09,-4.22828217120082e-16,-2.21404966088105e-16,-2.3880944843157e-15,-3.65443894203718e-15,-1.44978445764119e-15,4.77170899785794e-15,-2.69683248047403e-15,-6.20737796196432e-16,3.51363512400409e-16,2.91268363669098e-15,-7.77112812829527e-16,-1.07008764900719e-15,-1.76519344375554e-15,1.1760479654e-15,0.000172386147913269,-2.45690173142866e-16,1.62051655718415e-14,-2.75870730691951e-15,7.29552949410566e-08,-1.27298980439079e-10,-1.31872274578634e-16,-1.40802817320022e-08,6.70594115900925e-08,-2.13449765453452e-16,-3.46840655526907e-16,-1.87925538093407e-08,-4.65559449410336e-16,1.66573638445598e-09,2.54431120708665e-15,1.55133048633714e-14,7.80628945552766e-16,-2.21992189142493e-16,2.37598014107498e-10,-3.264011369791e-08,-0.707106781179935,3.98532266023132e-15,-1.86685673083271e-15,1.76721559803308e-14,6.46840437115714e-15,-9.09780642946945e-15,-2.11048131076787e-15,4.38124580266669e-15,1.54401708800275e-05,4.4645900920813e-16,6.01618139102967e-16,-2.15917738083619e-15,2.19613568788518e-15,1.61919987819118e-16,-6.74733022137639e-15,-7.95782341818467e-09,3.04363015085663e-15,1.22696565089863e-15,5.93794215867653e-09,-1.8642560623001e-15,-8.99114862174911e-15,-1.28258981906294e-16,2.94105477266376e-15,3.45052652475851e-08,-1.8151419299586e-15,-3.69469368788446e-09,-4.44844772022796e-17,6.72216095130418e-16,3.92918774249231e-15,-2.83278734264413e-16,1.20917049776955e-15,-1.58406328076371e-15,1.33935800217947e-10,2.45679681711178e-16,-1.42883321264403e-15,3.8997543860644e-08,-1.67628497525524e-08,2.50497201630446e-16,1.17672447557411e-08,1.72458089480734e-09,-1.15619521667332e-15,4.24735897340671e-15,1.71033734507324e-15,-2.36876750530445e-17,6.66144182387833e-16,-2.92408059684249e-09,1.38183120699127e-15,-1.65739677484811e-15,-1.34709799080771e-15,1.17342618554877e-09,4.11649174770636e-16,-2.15209953017441e-15,-5.55540600554756e-16,-1.27820701712486e-17,-5.3627613162993e-10,-3.00066108031276e-16,1.11464401778586e-09,-1.56915117121366e-15,4.33982483116633e-15,-1.88068748771705e-16,7.6992611899984e-16,5.33681830379507e-16,3.79009312060935e-16,-2.02683890773235e-16,-2.51466083269202e-08,7.53020156330374e-16,1.10284414822695e-16,8.17888469488568e-09,-6.53047672942574e-16,-5.86218310239932e-16,1.52873909413994e-16,-4.09589083809459e-16,4.74012697587154e-16,3.51551963724265e-17,-8.62388202371167e-09,3.10316819357949e-16,3.09191525255864e-16,1.774853257559e-08,-8.01285324606284e-16,-8.23363771750064e-17,-8.69001123044815e-16,-1.06121063512672e-15,-1.96862580337157e-16,-2.28449257753096e-17,3.58796372914285e-16,2.81860857867973e-16,3.60296118482628e-16,5.13271365533527e-16,-2.61350130062742e-16,-9.36663502422001e-09,4.02215353572586e-08,4.60298992842129e-16,-6.60436613562307e-16,-2.03130665864655e-17,-3.74098662672916e-16,1.1947365839704e-15,-5.6491081409008e-16,6.83002111078538e-17,-2.38117563001897e-17,-3.91844735444992e-10,3.30242767323996e-16,9.33379904094905e-16,-2.22086177295644e-16,7.2061957005769e-16,5.03336107677321e-10,-4.1381535544054e-16,-4.11681450221137e-09,-2.14009254144218e-16,-2.26485677811515e-16,-8.65210525170838e-17,1.68750548971703e-16,-5.84848233578043e-18,1.54778174416008e-16,-2.35226000362384e-16,1.77321945270912e-16,-1.12661905834733e-16,4.91555630420246e-17,-6.65017101349651e-17,9.21816124524215e-17,1.18788791453483e-16,1.41861301217924e-16,-2.77495438329842e-16,-7.84331528902913e-16,4.23882338280092e-17,-2.54761987901426e-17,1.41869676776422e-16,4.14656546274712e-16,1.43781471104165e-15,1.06493377674751e-16,-2.44408031378683e-16,-1.05431883435316e-16,8.75074958833956e-17,3.86075743753748e-11,7.34065176492222e-16,8.27827937024592e-16,-1.21447303772911e-15,-3.37211675503734e-16,1.98985992962811e-16,-4.44517642699964e-16,1.77173967431901e-16,1.11057170266657e-15,-3.27409355745432e-16,-3.1833068722409e-16,7.77101907128985e-16,7.08451030296761e-16,-2.18444549853391e-16,1.13760409161614e-16,8.36121234574409e-16,-1.19981315064091e-16,-3.25367384369794e-16,-5.01182977741972e-10,-2.20012247207197e-16,1.30170411128725e-16,1.03631465294584e-16,-3.87244884773778e-16,4.01951256842225e-16,-3.98107373051093e-16,7.41482962614722e-17,-3.33349707381226e-16,2.2436876729915e-16,1.07114693463406e-10,1.99377851141531e-16,2.17506413437374e-16,-9.8548145041514e-17,1.94793297627028e-16,2.72344879161837e-16,3.73718561077539e-17,3.7466110939996e-18,-1.51461825888765e-16,-8.85063111607976e-17,1.7418844893251e-16,-3.84888432601841e-16,3.99556030284371e-16,5.84756149856704e-17,5.45028150080687e-10,-1.84454948360682e-16,-2.68523972918478e-16,1.19566834309064e-15,1.58293517182884e-17,-1.64691884398922e-09,-1.97911965913926e-17,3.89300985554934e-16,-1.98487901914623e-16,1.67558330423658e-16,2.17313469505923e-17,-1.59571413326363e-16,3.75231874541456e-16,-1.96336278939967e-16,-2.56490943548336e-17,3.48519253202259e-17,-4.15059479551916e-17,-6.47188319548182e-16,2.35770805397156e-17,2.7823975283565e-16,-4.96012431218417e-17,-2.67048613430882e-16,-5.22066485529425e-16
"t513",-0.0420671316950103,0.035153088231173,-0.0572918464322996,0.0238950707764244,0.00490287092097897,0.000454683369324559,-0.00853447769829292,0.140128144499779,0.000142451072268917,-0.000478428824044407,-0.000211326533540069,0.00875699374709155,-0.0134448903285963,0.00185745685724352,-0.000381728877088139,-0.0349736083973004,0.000545433017258753,-0.000651022157732274,-4.81749787420503e-06,0.000126148064571512,-0.0754139111848445,-0.000744466163341365,1.33984171719072e-05,-6.51500329322176e-05,7.89226790039394e-06,1.12891789705851e-05,-2.06515534297987e-05,2.5048426757761e-05,-0.000846965404147824,0.000962600816344337,-3.2271896200769e-06,5.97088370762837e-06,-0.00213903229914063,5.82602878069161e-06,-3.64545259487587e-06,-7.33658540302744e-06,-0.000307743808679221,2.36148671159646e-06,1.99196123187689e-05,6.00255409653033e-06,0.000400000564626521,-7.25216623415695e-05,0.000859533529542918,-0.000104267341230815,0.0488908155277245,2.35726541557767e-05,-2.10463833656524e-05,0.000358400287451324,-1.9320478790827e-05,2.65350466004362e-05,-0.000118390245004726,9.0853168564412e-06,-1.24074094313467e-08,0.000212231211016113,-7.03330357128866e-07,6.81236914730611e-06,-2.5011888729774e-10,-2.88048990929931e-06,1.08305897675712e-06,-2.67054764522281e-05,-4.71792038432938e-06,6.08080829252039e-07,-2.11918721145943e-05,1.14469362481367e-05,-8.9841796049409e-07,2.25016123307849e-05,-1.54431546101209e-07,5.63991678089612e-06,-1.5633117533469e-05,6.27673850820325e-06,-5.24403055398927e-06,0.000107829386580647,-7.15137472942092e-07,-4.1099905886762e-05,1.8168153449513e-05,4.53596401350549e-08,-0.000842864488413917,1.2455779639157e-06,-6.66493093423676e-06,-8.17298370956171e-06,2.53713472035849e-06,3.84341611834005e-05,-5.18281293229227e-06,-3.34655328075008e-05,2.28385347333078e-06,0.000399053567890147,-0.000122349673119862,-1.86847177784224e-06,-7.19215213116476e-07,0.000788346211178052,-7.07549787114037e-07,3.95298222304183e-06,4.25326192056378e-06,-0.000374852547093038,-1.46720356063165e-06,-0.0382357358038741,0.00160353329925501,-0.00525184234049914,6.17040546175695e-05,7.97730900055991e-06,9.03503552618647e-07,-4.11719639884853e-07,1.08473934684476e-06,1.78440944413337e-07,-8.60734214695851e-08,1.03680025717608e-06,-5.46138640805011e-06,1.48655719361322e-06,-9.04480267510745e-07,1.86761313159889e-06,1.03480104010045e-06,2.71212153566601e-06,-6.03844686271386e-06,6.40558029129942e-06,-2.56538985410579e-08,1.04375675819794e-06,-1.57693841574506e-06,1.7746710251269e-06,-1.89667770892023e-06,4.85942838863154e-06,-2.41462023920871e-05,4.82492825664081e-06,-4.8564028400475e-06,-1.3395317044508e-05,3.39363453901651e-05,-5.83348796723339e-05,4.42567778289175e-05,-1.48940739872231e-06,3.58847330322447e-06,0.000118734638453742,-2.02259165852053e-06,1.69428412395246e-05,-2.3720931955328e-05,-5.54117585387384e-06,0.346076577056399,-4.48680730642138e-05,1.31851825964989e-09,-4.14595995913162e-06,2.08931900891348e-06,-6.05239420560391e-06,-4.02352035359762e-07,-1.58637259580519e-05,3.18570714343569e-06,2.1265835876361e-07,5.13954687157782e-06,-4.32344508878975e-08,-2.18213196346288e-06,3.53266418977285e-07,2.34350961404986e-08,-6.4130301651281e-08,-7.18525483293472e-05,-2.86120307352521e-07,-0.000246890226512431,2.05925197171357e-06,-6.71779965281088e-07,-5.9037138412347e-08,8.91131038781168e-07,-6.14097904809918e-05,-3.00409928221457e-07,-1.00222636227743e-07,-5.06408687448102e-05,9.93786679403111e-07,-5.81644374439188e-07,-7.72755357652013e-05,9.71651222395326e-06,-3.76944812273635e-05,7.94085347339908e-06,1.37771943188537e-07,6.87657319917081e-06,9.71961510681339e-06,-0.000123935569688607,-2.95800885566067e-05,2.24198980709413e-05,1.14613493277775e-06,2.31696003232138e-05,5.42947065646807e-07,2.19567124571605e-06,-2.7293994039584e-05,-0.000112928489877659,-0.0595629554340601,-0.00272729944042637,-0.00135137599494719,2.56464108230424e-05,6.79091978457166e-07,2.26054776232029e-06,3.00021628209188e-06,5.8533217211445e-05,-2.05635760542794e-05,-9.84782813805199e-05,0.017242271274189,-3.26049684784794e-07,1.3125576943116e-07,2.84147373968303e-07,8.67412885238319e-10,-5.09296928801917e-09,3.86457014924211e-08,7.59697816849499e-08,3.23799598387731e-06,-4.84304263649918e-08,-1.64389193430723e-08,-1.60814152203774e-08,-2.16725755367496e-06,2.66970721670839e-10,7.13700806756377e-08,1.53416984437931e-08,4.49940395869843e-07,3.67746129584547e-09,2.92904834385847e-06,-2.02473974589381e-07,-1.58120471318641e-08,-2.12216172610887e-06,5.20033972660461e-06,-1.87513392652876e-05,-3.69923095914114e-07,-1.1370908142241e-05,-3.21169877573886e-07,0.0160960471979755,-5.91013142348056e-08,-3.8497757682262e-08,-2.75030782599644e-07,-1.62195908102934e-06,2.16912903453804e-05,6.61392968294242e-07,2.27295993637802e-06,-6.74007396734095e-07,-3.55002229441319e-07,-3.77268585261468e-06,-3.05968617441254e-07,-5.307313644381e-07,-4.76016832010468e-07,1.39476900907162e-05,2.33356062347089e-06,1.93129134253773e-07,3.29406569000074e-07,-2.21457312559657e-08,-0.0305119650759132,-1.86431641761184e-06,3.76843231826278e-15,-4.24465405330505e-07,0.000233999882657907,-1.43669369036193e-06,-7.24834306016221e-05,-0.000156990740179449,0.288257909104851,9.89205963945023e-07,-0.000229820267452969,5.94311834835153e-08,-3.15036629279731e-09,4.33704974330372e-06,-5.01432590682214e-06,1.43825638871954e-07,-1.89992308625133e-05,7.39615132901376e-07,-1.22229145415208e-06,6.81675633300597e-08,-3.79688848772846e-07,6.30510956363449e-07,-0.000542375006509149,-8.06521241741548e-08,1.49112948287208e-08,-2.86368732402365e-07,5.28058004751554e-08,-5.48414075423665e-06,2.51732958762854e-06,-2.19612092241621e-08,7.35158708191155e-09,-5.35628704396742e-09,-3.7326213611093e-07,8.37861241076841e-07,-4.47175354759288e-09,-1.62858783232816e-09,2.37547510107253e-09,-1.86044123877667e-07,-1.20025826580348e-05,5.41292957527821e-07,-1.13530605949257e-05,0.00322045127613245,9.92173456586747e-07,-7.90083792521946e-07,2.4611841393545e-07,-1.20027999289458e-07,-2.01245732741106e-16,2.19870856094623e-07,7.28669026688141e-09,6.12139402185566e-11,4.28358106630333e-07,-6.45318098641754e-09,3.72235559547531e-09,1.27923106184908e-05,-2.52427384054871e-07,4.60658195184332e-08,-1.19670367432495e-07,-3.79870342648855e-09,2.13429295018421e-09,-2.51169182228797e-08,2.83920541244282e-08,-4.92363114323053e-07,5.67658423334301e-10,2.70967711464044e-07,1.84219547311086e-10,1.0161956066761e-09,2.69976004410736e-08,-3.81778653549821e-07,9.44832559019205e-09,-3.8529801171045e-08,5.55643289518431e-08,-2.05688515473466e-07,1.50328972548212e-08,1.37173266011123e-08,1.06484438062357e-07,-1.81315140788277e-07,-1.51324781392474e-08,1.28315074876965e-07,-8.69349092740048e-08,2.18042137886341e-09,2.07829742632711e-08,-4.23899359936618e-08,-6.52612087529187e-17,1.64919824515702e-10,7.11088772896581e-07,-5.04671596101452e-07,4.90172092333739e-08,4.38982894655431e-08,1.29381701526207e-08,3.04949575425975e-08,-4.54483972913799e-07,1.75242482839498e-07,2.82787657462516e-16,-1.45867915491018e-07,-1.79645178913371e-09,-5.13346919884438e-09,1.71213003139811e-07,4.08533996657889e-08,-2.84216538267999e-09,-1.13543314440332e-07,3.1210951616028e-08,-1.10729404407202e-06,2.24198145830664e-07,-4.76781433748903e-08,-8.85845914860224e-08,-4.76598469933322e-09,-3.66380867302069e-08,-9.30442339417333e-08,3.99522300826561e-07,-1.05462103863852e-07,-5.34901193799374e-16,-9.99742307975491e-05,1.37806237356488e-06,5.12565907300028e-09,0.00356527259618834,-2.14126261075952e-07,-6.67881067213621e-07,2.56606266903899e-06,-9.49012343761978e-06,-7.08251151713008e-08,1.28386387266756e-16,-1.4286782207796e-07,-4.10218844819191e-07,-2.18224985439564e-07,2.90759595882752e-16,5.06337194256287e-07,6.99189578625803e-06,-1.10011282440141e-06,-4.8257632536396e-07,-1.82951764236528e-07,-1.09338059364468e-07,-4.30997902719168e-06,1.74533747540772e-07,1.96241985001309e-06,8.72033148425936e-07,1.22725060411668e-05,0.0731334972874492,4.65668158131073e-15,9.2154979968816e-06,-4.82897588046284e-07,-2.31150778922212e-06,1.64773159587802e-07,2.34736276301098e-16,9.49699050271482e-08,-6.28589669603912e-07,2.60017063505176e-08,2.27257502706524e-08,5.99521029494222e-08,-0.00251428375354047,2.28657028817803e-07,-2.23781964037506e-08,-1.08339847186509e-16,-3.99940021699351e-08,3.69545153731439e-07,-1.12917201961357e-07,-2.74627136969354e-08,2.71397964330207e-09,1.63406039976797e-11,4.11996825544492e-16,-1.74250629390962e-17,5.92911720639918e-12,-1.27588227469467e-08,2.5065763599312e-09,-1.57929239030686e-09,1.17329987422875e-17,-1.78731878410737e-09,-2.6116947260481e-11,-8.57020505250191e-17,4.6938732268714e-16,2.02387139564015e-16,8.61542643158737e-09,2.65118685000392e-08,-4.37683479306051e-08,2.85602030679357e-08,1.43964916924244e-08,3.26516747204271e-08,-9.97375900534209e-08,-9.82209476555484e-17,-2.63336863491487e-08,1.02639169518524e-07,5.31288266877887e-16,6.62228811328837e-17,-7.01960632746239e-08,-6.18793041846104e-12,-4.59758290770219e-07,6.38954130944187e-08,0.0165789447369843,1.80049746217083e-08,7.27732628883047e-15,2.30566329378277e-08,2.2730134678557e-15,1.99384620851379e-08,-1.68577174788909e-15,1.18286372750311e-07,3.29903610075305e-17,-2.1217637859683e-09,-1.26803970515478e-09,8.27473332649057e-10,1.2298432640031e-08,4.42176857789265e-08,-4.41715596955077e-08,4.09167471741558e-08,2.37225475214025e-09,1.15522267508769e-08,1.10231344614799e-09,1.37002504994247e-07,-5.45226811692558e-08,-1.40290220143121e-08,-1.17244444511833e-09,-2.13156774185024e-07,2.19548946544446e-17,2.7598283076515e-07,-4.91234232017524e-08,5.21652031086881e-09,1.60848603044695e-16,7.03118242348115e-10,1.95433215590366e-08,7.0626674115367e-08,1.72680077652122e-16,-1.19517847854175e-07,-9.32429940193176e-09,5.90568017570878e-19,-1.24375098792287e-08,8.10150711522275e-06,-4.00626022505148e-16,-8.43476294585798e-17,-7.49351169524278e-09,-5.80769150625487e-09,-3.33775854421873e-11,-4.67385998111347e-08,1.26489192272456e-08,2.58516130750872e-08,3.59762501236525e-09,4.50033971923341e-08,-7.76502059204768e-08,2.5109580213678e-15,1.11717736402742e-09,1.11038989287677e-10,3.07590394897365e-10,2.89145957886686e-08,-7.74713969521002e-17,-4.25474079086258e-16,9.56846984690582e-09,1.60579428098393e-16,3.87672393079244e-16,6.23590648402209e-08,-7.00365860368211e-08,-9.06640678483104e-08,-7.6501807260917e-10,2.32500744904141e-06,5.10428921952969e-08,2.2979117839665e-09,2.84942948042443e-17,5.7307971957834e-09,2.6914739557938e-10,1.23723913471015e-09,-8.7421627835795e-08,3.49894415999816e-07,9.88264028731826e-16,1.6438265234808e-16,8.92109828126294e-15,-4.49013497883474e-09,-1.50983721847899e-08,-1.26633490851882e-08,1.41015481008372e-17,-1.16783086552729e-08,-1.24277475367561e-15,3.50682909083131e-16,2.85280092657709e-07,-6.26675268382169e-09,3.20555214317064e-15,-1.55596386071595e-08,-5.60805865199783e-08,-1.8121157494243e-15,2.44316341718111e-08,-1.07083802346411e-15,6.61615810369075e-09,9.1485185002636e-16,6.60956028560332e-09,5.72717616260496e-08,1.4412639616867e-08,1.95625574171589e-09,1.348061153794e-08,-3.5544139525824e-07,1.93255531090479e-08,3.53656566650381e-16,1.19894726057099e-06,-5.2690030631528e-08,5.13536688851757e-16,-5.32812643185776e-08,-2.25172419351566e-08,0.00137179091343263,-5.94419930066864e-16,1.42195465774402e-08,1.32031800844497e-07,3.28785507945431e-16,-4.81604341501702e-08,-1.0712025071746e-08,-3.94025206230257e-09,-2.14728835515185e-15,6.99694965584888e-16,1.05303703440212e-08,3.27411136927208e-09,2.65738731343394e-10,-4.14784516756219e-08,2.13739344087596e-09,-3.25824122913596e-16,1.71538638108019e-15,7.89323112370093e-09,5.44890113117637e-11,-2.42436547697919e-15,1.95118450672487e-08,1.23597305672136e-15,7.15839226539385e-08,-3.96040746946625e-09,-2.32063026477386e-09,-1.55650269166398e-08,-1.127356107676e-15,5.10785015730115e-16,5.1742855981361e-15,-9.09546134830769e-17,-1.15582185665048e-08,-0.00137068621361767,3.56247697591117e-15,-6.43979085491614e-15,1.54970429109766e-15,4.74860250712125e-08,1.86964423757607e-05,-2.72825293129919e-08,-2.00438430919605e-15,-4.64544039086717e-15,-1.12648605721244e-16,-3.64716348087131e-07,8.25517591870487e-08,-1.98099800193863e-14,0.497664017962722,6.32351510369235e-07,-5.80663058090116e-15,2.16524052273625e-14,1.25346160923948e-08,1.16694134829917e-10,2.80724493753617e-09,-3.45905388511727e-15,-5.37504577229795e-10,4.42030572232597e-10,1.77059349507629e-09,-2.70533884899978e-09,-1.04481728631985e-08,3.86053051162543e-05,2.87092020080901e-16,-1.85773712417762e-15,1.11075155378446e-15,2.00721464425104e-07,-2.43635644938173e-08,-1.3596084824541e-09,-1.17599244989426e-09,-9.14079092031762e-16,-5.55434350293691e-16,2.77770963811957e-15,2.42544614451512e-16,-2.33350793039793e-15,4.15798335548552e-08,1.0181665688635e-15,1.00865879969844e-15,-9.93566469946541e-10,5.98737948766382e-16,-8.90369299813868e-10,8.98873416268117e-16,-1.10584089730477e-09,-3.70250383910754e-16,-1.38326544577981e-09,-1.74462976292507e-10,-4.40297553810257e-06,-9.54969011891309e-17,5.6925919888524e-09,-1.64404788330904e-16,8.27345603468568e-09,-1.03291296165614e-07,8.26848435150171e-11,-4.79325350834429e-15,1.21752368633554e-08,1.4350181547301e-15,-3.03352772721496e-09,-1.71333439328742e-08,-1.82769590912157e-16,2.17906141354929e-16,-1.38261939420758e-15,3.83673536517222e-16,-5.81185989593517e-11,-7.58822320856862e-10,-1.69954994619061e-10,-1.43306879816267e-15,-2.07223155774416e-16,-1.26265098739304e-08,7.68214968695138e-07,-4.71551549524863e-16,2.57602391852895e-16,-7.97830554319027e-10,1.83945881894487e-16,-5.67191446637669e-09,4.97158883921821e-14,5.40248281400682e-08,-1.55843392025194e-16,2.23397537168711e-15,2.41665709147434e-16,-4.39737613826436e-16,1.23413117938678e-16,-3.98426190693415e-16,5.45000846950866e-08,-3.81228291037266e-07,-1.93362925397283e-16,-4.9256789395398e-09,1.87786122728707e-08,-2.2820858900818e-16,-1.8724109240966e-15,6.0641171156768e-16,1.4241719728596e-15,1.8685792807705e-09,2.99454309638756e-10,-6.37390547771202e-16,-4.64076964943349e-16,-3.40840094939767e-09,-1.21620744414391e-08,-1.27411265643263e-09,-6.11896885226502e-16,-1.16672964497932e-15,9.68464174137553e-17,-9.31125166247702e-16,-1.66115297913325e-15,-1.23120077187985e-15,7.30506778331602e-09,-6.91896640290726e-09,-1.33224662978813e-09,1.53319701476964e-16,6.38398154811834e-16,1.0386201159803e-15,4.04359649480988e-15,2.02832217967105e-15,1.58246725588896e-15,3.3052605210623e-15,9.22057642383794e-16,8.91639973764492e-16,-3.19023117392773e-15,-9.10667421648869e-16,1.85910590345611e-15,1.71009905225857e-15,-2.73390977373575e-15,0.000172386147874038,-2.72551260273329e-16,9.8899829013228e-15,3.18400466981165e-15,7.29552990932514e-08,-1.27303441110086e-10,2.46950569792294e-16,-1.40802661749854e-08,6.70594177391317e-08,1.67884045834666e-16,-3.43702167120008e-16,-1.87925631532624e-08,-3.59571197401427e-16,1.66573877864383e-09,-2.5127567309437e-15,-1.60051329245753e-14,-8.6345988980052e-16,1.38382290773198e-15,2.37565090134734e-10,-3.26401544674156e-08,0.707106781193162,-4.54973200277965e-15,1.85983827850505e-15,-1.65738333099018e-14,-5.43651495349406e-15,9.32612090289968e-15,2.70423550485403e-15,-4.53196045037547e-15,1.54401708628544e-05,-7.25412834610234e-16,-7.40376419125184e-16,2.09529348678687e-15,-3.26427722383605e-15,-3.05470834778449e-16,6.72888265427676e-15,-7.95782355421339e-09,-2.78662028926594e-15,-1.04044330326334e-15,5.93794364189456e-09,2.57298651890651e-15,8.91533932274048e-15,2.10714064757233e-16,-2.72163561956079e-15,3.45052612611847e-08,2.1002121133537e-15,-3.6946933906803e-09,5.57597592535339e-16,-3.20457419954844e-16,-2.44447971397733e-15,-4.94872434927984e-16,-1.2759280579703e-15,1.64719825711162e-15,1.33936278907636e-10,-2.0236154249737e-16,1.31517041326972e-15,3.89975405329181e-08,-1.67628506243837e-08,-1.54083601993692e-16,1.17672438149769e-08,1.72457982445048e-09,8.4935635220771e-16,-2.35131204676847e-15,-2.41082171475212e-15,-4.90845386461767e-17,-3.8705951047599e-16,-2.92408173445301e-09,-1.31429256325859e-15,6.53309105261623e-16,1.18782947080301e-15,1.17342571702078e-09,1.44791483278069e-15,1.46231026494383e-15,2.86796742730234e-16,1.14712913805664e-16,-5.3627687309496e-10,-1.03462883187776e-16,1.11464368126034e-09,1.86033163372701e-15,-3.13203732208363e-15,9.24865921872461e-17,-1.14483109310242e-15,-4.63919432119478e-16,-2.79626805910281e-16,2.6140064161309e-16,-2.51466097226911e-08,-5.49337313456696e-16,3.41694348748655e-17,8.17888491001047e-09,4.1911857703041e-16,2.54294184651798e-16,-2.7147562260399e-16,2.45102576211317e-16,-5.22372474138465e-16,1.65279257694536e-16,-8.62388160459169e-09,-6.54332980072967e-16,1.0845683076584e-16,1.77485328565041e-08,1.00768251786376e-15,-8.39344711498392e-17,2.27217283505985e-16,6.18394076706047e-16,8.19625228936047e-16,3.16254162639117e-17,1.21740841681634e-16,-6.59931599401616e-17,-7.62165237222081e-16,-4.36988511015617e-16,1.03270742827111e-17,-9.3666348137411e-09,4.02215386424665e-08,-1.50181284078862e-16,2.38571045014324e-16,-8.56544663483007e-17,2.07419081342967e-16,-1.46697974948151e-15,6.89381228699053e-16,-3.51793509120672e-16,4.50577445133314e-16,-3.91843571051613e-10,-2.69433445201707e-16,-7.2636356804294e-16,2.54639336135879e-16,-1.38264635817857e-15,5.03336993472118e-10,3.30864191881647e-16,-4.11681685937177e-09,3.42224908577864e-16,3.37167719405306e-16,1.20520612765471e-16,-1.29555898689882e-16,-4.78108916229939e-17,2.95398902935765e-16,5.90594878762211e-16,-8.91349323425887e-17,8.62965043168149e-18,-2.07128204341561e-16,3.45464701354097e-16,-6.72695744666526e-17,4.02605767595692e-16,-1.68008311831088e-16,8.14343992080687e-17,6.08791753956653e-16,1.42906451820557e-16,-9.74924826161067e-17,-2.70446413256344e-16,-4.02319885458149e-16,-2.35922392732846e-16,4.97224948550777e-17,8.36378904263446e-16,1.89707820915952e-16,-1.54836505135333e-16,3.86073015675243e-11,-1.18844770863226e-15,5.22516605252631e-16,9.3417731139853e-16,1.30678265765776e-16,-4.01880837976768e-16,5.48380590439474e-17,6.5066399713343e-17,-3.4658130054151e-16,6.38859768746219e-18,3.72262410469557e-16,-2.35705552298349e-16,-6.80994501252926e-16,2.38116448300465e-16,6.35170323327837e-18,-4.79912660122136e-16,-1.03519229714544e-16,1.87651232434548e-16,-5.01182294199025e-10,1.41346710187929e-16,-3.43856238787613e-16,-5.30419686844558e-17,6.33026970850286e-17,-6.93756699842553e-16,7.3939107251953e-16,-1.65450439790712e-16,5.04893278118917e-16,-1.79555674824686e-16,1.07114152125801e-10,2.50010092596632e-16,-1.83508562682903e-16,1.47441667989262e-16,2.00060702985554e-16,-2.46467506951213e-16,-4.70370853012852e-16,1.60408783405501e-16,5.20082796057843e-16,-1.67985553640605e-16,-1.56338585832006e-16,2.49419731790495e-16,-4.5083840728488e-16,-1.26477742150279e-16,5.4502739230949e-10,-4.30318079295938e-17,1.47875488711163e-16,-5.06178847709069e-16,-5.14779191496118e-16,-1.64691725185762e-09,-2.0039532788088e-17,-1.07785829445891e-16,1.09512445195164e-16,-2.59791272931286e-16,9.707047918048e-17,5.45801347810389e-17,-5.09002302622042e-16,-3.48618069236358e-16,-1.07171604453415e-16,-4.0297029080199e-17,8.9838884072664e-17,5.84542868397527e-16,-1.02905924272445e-16,-4.52688349072861e-17,6.40498859906746e-17,4.77397054889239e-16,1.02428081938609e-16
"t477",-0.0420658329476929,0.0351508025822831,-0.0572880010000543,0.0238929222135368,0.00490233137755569,0.000454624689032028,-0.00853335469280759,0.140108243681751,0.000142427192242071,-0.000478331650867358,-0.000211272145684209,0.00875422072865297,-0.0134405092585204,0.00185684250711674,-0.000381597162185827,-0.0349608347420712,0.000545229089282255,-0.00065077438038888,-4.81562228146651e-06,0.000126094749970765,-0.0753794635698834,-0.000744056598362668,1.33906381754848e-05,-6.51119941486398e-05,7.88764198009998e-06,1.12822506806971e-05,-2.06387314435124e-05,2.50327371425683e-05,-0.000846420851017019,0.000961871725778843,-3.22458571035802e-06,5.96585056326791e-06,-0.00213710138822064,5.82052492801493e-06,-3.64183635406397e-06,-7.32873853796312e-06,-0.00030741057557523,2.35888988333038e-06,1.98975618757625e-05,5.9958127559015e-06,0.000399538716362976,-7.24359452084389e-05,0.00085850281194388,-0.00010414215917147,0.0488311180669116,2.35420797350689e-05,-2.10185929111292e-05,0.000357923084723368,-1.92941545987521e-05,2.6497997530388e-05,-0.000118219591725004,9.07202845905917e-06,-1.23892236002208e-08,0.000211914517345653,-7.02244168556534e-07,6.8017945255704e-06,-2.49693872447182e-10,-2.87549069915116e-06,1.08117415983003e-06,-2.66563895735305e-05,-4.70889698569783e-06,6.06895296722669e-07,-2.11499177945912e-05,1.14241874477061e-05,-8.96581830816803e-07,2.24544808455525e-05,-1.54090680254508e-07,5.62718155529824e-06,-1.5597448812219e-05,6.26215036415353e-06,-5.23066017429185e-06,0.000107535848976096,-7.13171642418361e-07,-4.09846636036372e-05,1.81170851972009e-05,4.52310586013187e-08,-0.00084046720515748,1.24197713548093e-06,-6.64495824208773e-06,-8.14814183621344e-06,2.52923724117373e-06,3.8313914228385e-05,-5.16599485047336e-06,-3.33557626311451e-05,2.27601780831632e-06,0.000397668001381662,-0.000121919753860846,-1.86189359871549e-06,-7.16681859718075e-07,0.000785565852365156,-7.05043123154791e-07,3.93838299829951e-06,4.2374949147993e-06,-0.000373428039082689,-1.46139226639121e-06,-0.0380833651895119,0.0015971413532633,-0.0052305842448618,6.14528807238493e-05,7.94414656105143e-06,8.99683873750794e-07,-4.09976457067373e-07,1.08013899346916e-06,1.77627329454001e-07,-8.56789015091621e-08,1.03202869648169e-06,-5.43607057587001e-06,1.47965257925007e-06,-9.00264355308325e-07,1.8588614110525e-06,1.02994351734168e-06,2.6992596243584e-06,-6.00977548620554e-06,6.3743533713024e-06,-2.55281425787148e-08,1.03857836196313e-06,-1.56907278519656e-06,1.76568936926246e-06,-1.88694513017283e-06,4.83423466572468e-06,-2.40202876834978e-05,4.79926496990605e-06,-4.83024471757411e-06,-1.33231310436945e-05,3.37531366998041e-05,-5.80159100956409e-05,4.40145308458306e-05,-1.48116603614866e-06,3.56800487027058e-06,0.00011805715717168,-2.0110229979387e-06,1.684399210262e-05,-2.35820048516255e-05,-5.50863253901818e-06,0.344021003209413,-4.46011574502974e-05,1.3104885792045e-09,-4.12024040604746e-06,2.07603353717596e-06,-6.01388194302711e-06,-3.99781109567896e-07,-1.57621457095567e-05,3.16523858752926e-06,2.11290230191571e-07,5.10648123773696e-06,-4.29537156128941e-08,-2.1677026892712e-06,3.50887616860568e-07,2.32765813227721e-08,-6.36922454918823e-08,-7.13613618027987e-05,-2.84157092267598e-07,-0.000245192487962773,2.0450564170211e-06,-6.67043777916608e-07,-5.86194340986842e-08,8.84810205211572e-07,-6.0949396148029e-05,-2.98128136613643e-07,-9.94598697775619e-08,-5.025122108386e-05,9.86123105650722e-07,-5.77096521307458e-07,-7.66703114277548e-05,9.63939155950305e-06,-3.73914673548358e-05,7.87467638794666e-06,1.3662234945332e-07,6.81917542476976e-06,9.63809447566206e-06,-0.00012289023308078,-2.93303932223596e-05,2.22285438033586e-05,1.13631891315397e-06,2.29696909271609e-05,5.38253972983987e-07,2.17667482453633e-06,-2.70538044871335e-05,-0.00011191736399452,-0.0590280695538913,-0.00270273888456951,-0.00133910520101061,2.54127961820106e-05,6.72886905912443e-07,2.2398321701048e-06,2.97245361871669e-06,5.79902751666781e-05,-2.0368874152149e-05,-9.75452318603021e-05,0.0170777927894457,-3.22881300003672e-07,1.29960806882576e-07,2.81329396366808e-07,8.58743949379155e-10,-5.04177934707441e-09,3.82506775843171e-08,7.51904277935142e-08,3.20452406140989e-06,-4.79278863214431e-08,-1.62633429717896e-08,-1.5909427091625e-08,-2.1437991396862e-06,2.64047075785842e-10,7.05666357255633e-08,1.51689682668513e-08,4.44861839111132e-07,3.63563520611058e-09,2.89555739179477e-06,-2.00126448731747e-07,-1.56255773725418e-08,-2.09679533703052e-06,5.13792204887441e-06,-1.85220756865607e-05,-3.65354119756195e-07,-1.12304269315743e-05,-3.17170773543903e-07,0.0158916435631437,-5.8347972917797e-08,-3.79972424008224e-08,-2.71406469324331e-07,-1.60048585169607e-06,2.13986306644607e-05,6.52429506426384e-07,2.2420053918995e-06,-6.64691968474146e-07,-3.50081220842407e-07,-3.72035133659181e-06,-3.01656234287569e-07,-5.23179300752975e-07,-4.69171483678916e-07,1.3746158607465e-05,2.29967674885907e-06,1.90311962171589e-07,3.24595288738692e-07,-2.18183950989584e-08,-0.030057628772016,-1.83633436343397e-06,3.79799331860375e-15,-4.18021907488722e-07,0.00023043968834691,-1.41449411512195e-06,-7.13501207255179e-05,-0.000154512300467017,0.283704503112104,9.73300320599409e-07,-0.000226113977747,5.84714353561401e-08,-3.09915963441476e-09,4.26624553621263e-06,-4.93181085927994e-06,1.41450530939088e-07,-1.8685026835319e-05,7.27286625216935e-07,-1.20124177980335e-06,6.69801720826679e-08,-3.73012528894899e-07,6.19196924830051e-07,-0.000532628530713763,-7.91823437013307e-08,1.46374269885976e-08,-2.81050607530061e-07,5.18216785744624e-08,-5.38155667869588e-06,2.47000023545625e-06,-2.15451827785904e-08,7.21220133412597e-09,-5.25278502952495e-09,-3.66046297240775e-07,8.21655979705351e-07,-4.38482095263598e-09,-1.59686668707157e-09,2.32892706565058e-09,-1.82394446944968e-07,-1.17585128424305e-05,5.30242712657923e-07,-1.11205740293328e-05,0.00315403383165479,9.71595154175689e-07,-7.73487344368313e-07,2.40929402429655e-07,-1.17490033427798e-07,1.03652195169171e-17,2.15175182761738e-07,7.13086823547667e-09,5.98991695499434e-11,4.19066050020518e-07,-6.31199098943245e-09,3.64058280284505e-09,1.25107224202409e-05,-2.46726307551954e-07,4.50237082559625e-08,-1.16961954815862e-07,-3.71208396933709e-09,2.08458655282475e-09,-2.45298294419921e-08,2.7726732538474e-08,-4.8072903843651e-07,5.53816707894766e-10,2.6427315107417e-07,1.79664647269378e-10,9.91064238811416e-10,2.63081367958088e-08,-3.71664193956392e-07,9.19684298868619e-09,-3.74972665898271e-08,5.40629776966274e-08,-2.00116742411225e-07,1.46170254027328e-08,1.333724916758e-08,1.03525434725294e-07,-1.76266759709488e-07,-1.47083989133267e-08,1.24693252124518e-07,-8.44647889637844e-08,2.11828897099084e-09,2.0187847823717e-08,-4.11633934223782e-08,2.0837471933396e-16,1.59838664512899e-10,6.89046785117412e-07,-4.88882963705175e-07,4.74832897596463e-08,4.25241630880396e-08,1.25322578919193e-08,2.95341542758348e-08,-4.40092087934916e-07,1.69636144250783e-07,-1.5722122140173e-16,-1.4109119848549e-07,-1.73745295659376e-09,-4.96383483926653e-09,1.65551137388607e-07,3.94817085347397e-08,-2.74593551240471e-09,-1.0965344682463e-07,3.01330294923456e-08,-1.06838096325613e-06,2.16192912680574e-07,-4.59584337935122e-08,-8.53712027550083e-08,-4.59248812742974e-09,-3.52959683299042e-08,-8.96335063946278e-08,3.84811925937728e-07,-1.01565623623693e-07,-3.26562096402585e-16,-9.61848508233337e-05,1.32555224417481e-06,4.9303390486521e-09,0.00342736399655161,-2.05824906977552e-07,-6.41266633630141e-07,2.46300714233112e-06,-9.10840458309626e-06,-6.79597149657869e-08,6.65119666462462e-16,-1.37049318087298e-07,-3.9347082298576e-07,-2.09233123524484e-07,-1.96515054399677e-16,4.85265373569772e-07,6.70023775523572e-06,-1.0541673166726e-06,-4.6237127852328e-07,-1.75259515449247e-07,-1.04726412172315e-07,-4.12774496127596e-06,1.67100144424281e-07,1.87876579577535e-06,8.34673580199434e-07,1.17420848780092e-05,0.0699712291373504,4.07100474755607e-15,8.81011887907461e-06,-4.61592087622578e-07,-2.20885275655466e-06,1.57382477585774e-07,4.62832363099026e-16,9.06183258392123e-08,-5.99092638932223e-07,2.47684624016255e-08,2.16425167469257e-08,5.70774181667352e-08,-0.00239239021528482,2.1737256576686e-07,-2.12245212693133e-08,5.9687762648455e-17,-3.78520092014502e-08,3.49687568955404e-07,-1.0680760528368e-07,-2.59625442918122e-08,2.56561793977659e-09,1.54457316062392e-11,1.10154940724527e-16,-4.47213632793556e-17,5.59911269063119e-12,-1.20389781449093e-08,2.36492078595487e-09,-1.48896343205984e-09,9.44371736631069e-17,-1.68238350370376e-09,-2.45652997428655e-11,4.49499362166107e-16,5.86834226456904e-17,-3.47442110797424e-16,8.08489388625412e-09,2.48717808950448e-08,-4.10175500683594e-08,2.6741030512468e-08,1.34780538746052e-08,3.05387327944032e-08,-9.32728046746093e-08,-2.64333315793454e-16,-2.45769318164278e-08,9.57222906408671e-08,2.44157166128672e-16,3.28849647776978e-17,-6.52744054441245e-08,-5.74953868254703e-12,-4.26796183264697e-07,5.92751050270103e-08,0.0153603089812097,1.66780125646364e-08,6.12738273984588e-15,2.13512086177969e-08,6.08324212358146e-16,1.84482446196226e-08,-1.58887117872319e-15,1.0937750509411e-07,-1.67579177505156e-19,-1.96039434891926e-09,-1.17140950790616e-09,7.62749008530418e-10,1.13311112586087e-08,4.07317003471216e-08,-4.06538351876262e-08,3.76294946467661e-08,2.17773898937458e-09,1.06048207112319e-08,1.01134279802326e-09,1.25565311783154e-07,-4.99003317622308e-08,-1.2824119987557e-08,-1.07071141359604e-09,-1.94567763773141e-07,-1.3911174737985e-16,2.51535699687153e-07,-4.47058309193885e-08,4.7268227121265e-09,2.08044234956604e-17,6.36284215202072e-10,1.7650107213273e-08,6.37291813225863e-08,2.98726050490628e-16,-1.07796695987137e-07,-8.39453131525074e-09,6.01014317964302e-16,-1.11870814573947e-08,7.24537593370068e-06,3.45589982846302e-16,2.32962058972863e-16,-6.68584380890808e-09,-5.1806112279821e-09,-2.97442066392753e-11,-4.15993763457499e-08,1.12265631263094e-08,2.29389638740014e-08,3.19116991311381e-09,3.97628010965508e-08,-6.83789295621176e-08,-1.42149746834574e-15,9.82510583140478e-10,9.76320397994858e-11,2.70236791141819e-10,2.53786316922897e-08,2.9592408533236e-16,2.15837792082107e-16,8.38705778581116e-09,1.26774510885733e-16,1.78375591547094e-16,5.41708501438411e-08,-6.07397865438084e-08,-7.86263785271093e-08,-6.60977132767917e-10,2.00776964250394e-06,4.40734029143221e-08,1.98272097973489e-09,8.24076519488407e-17,4.90509438577138e-09,2.2994955568003e-10,1.05641076247672e-09,-7.44141254670601e-08,2.96072455418225e-07,-1.97327838721433e-16,-1.67268650321667e-16,6.4627674940972e-15,-3.76439340478651e-09,-1.26036165569739e-08,-1.05673917270731e-08,-8.41113096792508e-16,-9.70298079133123e-09,1.4316692119252e-15,-4.57479878551814e-16,2.31922371901301e-07,-5.09309588041472e-09,-1.20758437971435e-15,-1.25684670204675e-08,-4.51312971769661e-08,2.5061746584252e-15,1.95043996948761e-08,6.18233994107836e-16,5.22686278491468e-09,-2.17646152505385e-16,5.21650023969157e-09,4.51661133242231e-08,1.1356255977408e-08,1.53950969554934e-09,1.05789722198561e-08,-2.75830455551623e-07,1.47377163787381e-08,-1.13691755355058e-16,8.91432251435275e-07,-3.90588473698351e-08,-3.92650306332365e-16,-3.93366434871013e-08,-1.64964554375035e-08,0.000997693571310189,1.35306098182505e-16,1.00596770033851e-08,9.2842235859848e-08,-1.77695997342852e-16,-3.35824880053935e-08,-7.43757869932836e-09,-2.69003884682217e-09,3.60345233898966e-15,-3.88787175326907e-16,6.85941749532577e-09,2.0826393055374e-09,1.68157438903351e-10,-2.26051067344131e-08,1.12548977456578e-09,7.22005044442087e-16,-1.23739950553903e-15,4.04905944279672e-09,2.78546153739141e-11,2.88263015528308e-15,9.48718762692447e-09,-9.14981641043246e-16,3.2896440903785e-08,-1.655922021532e-09,-9.6290400415318e-10,-6.25817848135721e-09,8.1103837899764e-16,-1.93269919597749e-16,-5.99442691145903e-15,-4.41131353507392e-17,-2.94228824905864e-09,-0.000327810737092039,-2.0784347738139e-15,7.34030425853057e-15,-1.33145629742596e-15,8.43831443378679e-09,2.7651446818275e-06,-1.49364686235023e-09,1.95119080753704e-15,5.0260224584639e-15,-1.48367646293779e-15,1.83939627273697e-07,-4.42165247455717e-08,1.98052881232545e-14,-0.502316826254963,-8.19001936354514e-07,6.12415321388476e-15,-2.18450351241923e-14,-3.07701691204746e-08,-3.03488824627643e-10,-1.18374514265776e-08,3.46609156998017e-15,1.07190892108559e-08,1.44096374788133e-08,1.42054322240677e-08,-1.19141015553354e-08,-4.16897718921777e-08,0.000132627124256705,4.21933884692627e-16,3.7051268619787e-15,1.90152222611171e-16,4.38209432143127e-07,-5.29640458115035e-08,-2.85808225413404e-09,-2.16593407631264e-09,-1.35407940071041e-15,1.48866808527306e-15,-2.68095634328518e-15,-3.67553972345877e-16,1.5083111454861e-15,6.96278357480474e-08,-7.82244413705332e-16,-1.28927498926058e-15,-1.61531700849745e-09,7.12384022600759e-16,-1.44539299431243e-09,-4.42747087653272e-16,-1.79075220943292e-09,1.14692607792294e-15,-2.14516272186404e-09,-2.6808847918033e-10,-6.67638888871653e-06,4.62478064637325e-16,8.50095453208083e-09,2.74148390264969e-16,1.19914864336888e-08,-1.44872850333484e-07,1.1581902400252e-10,-1.76867065816041e-15,1.68574905481359e-08,1.47036745990009e-15,-4.12999730574833e-09,-2.33079970007195e-08,8.15604586421575e-16,5.46337072105545e-16,-2.08048215816553e-15,4.32351553570454e-16,-7.80751755122967e-11,-1.01616675229411e-09,-2.26780098781044e-10,-7.98122658460138e-16,7.01913698753627e-16,-1.65805044416569e-08,1.00810523539119e-06,-1.61693478353969e-15,7.54379509908728e-16,-1.0287374584676e-09,8.23277992333629e-16,-7.28819841389373e-09,5.43964874131483e-14,6.87620756173692e-08,2.06988338795423e-15,-4.01919087824378e-15,-4.17416511555485e-16,-1.97842462411199e-15,-8.79795765129403e-16,-4.0010717345555e-16,6.81785900519633e-08,-4.76809438048097e-07,-1.66209235219839e-16,-6.12711382609466e-09,2.33075013976353e-08,-6.1730789669303e-16,3.23466509101822e-15,-1.20283875279349e-16,-1.90176426947448e-15,2.29841279138007e-09,3.67607227961652e-10,-3.05545856780523e-15,4.50578121547295e-16,-4.17495100040166e-09,-1.48931567998991e-08,-1.5587557735253e-09,-4.20246752011043e-15,9.41369606402821e-16,1.72413557602667e-16,-5.06029961541712e-15,-8.61550037611231e-15,-4.37140385966109e-15,8.81131251075147e-09,-8.33535875851447e-09,-1.6030483821708e-09,-4.17044675419818e-16,5.52938274142271e-16,-5.14244563322198e-15,7.15982678658351e-15,5.91896092190624e-16,2.86438513053202e-15,3.57739004753423e-15,1.04091546084608e-14,6.55651553929842e-15,-8.22964503641609e-15,-3.3131393350117e-14,2.76928789832987e-14,-5.30611968660402e-14,5.6877917816174e-14,0.000203686454691243,1.17128265447542e-14,0.707106781186536,-1.04033075511829e-14,8.60163614976767e-08,-1.49950372934765e-10,2.88760506137004e-14,-1.65877847978098e-08,7.880104526192e-08,-4.57483593563327e-15,3.15907477665947e-16,-2.20153210097095e-08,7.54824635749553e-15,1.9443670445051e-09,-3.77994853611147e-15,2.78254749449987e-15,-1.66650825209841e-15,-3.45273383476719e-15,2.7583194272357e-10,-3.78824429623336e-08,-5.92508821577498e-12,-1.59363736451677e-15,-3.57911600293485e-16,-4.28806974939922e-15,-1.73401874456469e-15,-1.19957854777323e-15,-2.183012219981e-15,-1.44576680583108e-16,1.76319707158398e-05,-1.79210069628869e-15,-6.02663973762006e-16,-4.81063890960663e-16,4.82668247032614e-15,9.91907885031651e-16,1.49669585338668e-15,-9.05972105963625e-09,-1.65101235415281e-15,1.85172929799946e-16,6.75644438293198e-09,-6.31432554428943e-16,-1.44046330529815e-15,-6.48806691165499e-16,-2.63777811055046e-16,3.90217353228352e-08,-5.32165764027308e-16,-4.17395926595607e-09,2.8657741717709e-15,6.9964838960448e-16,-5.72945102743809e-16,-1.48632259386501e-15,-5.30983791436078e-16,7.96128979751747e-16,1.50998384796168e-10,-1.83081507278976e-15,6.1163460401483e-16,4.38970977965224e-08,-1.88674436903344e-08,7.87601312018733e-16,1.32274277423009e-08,1.93780239306976e-09,-8.1412741089673e-16,1.11423066220817e-15,-8.35772186723937e-16,1.59829730046438e-16,4.09006593778424e-16,-3.2670545392401e-09,-2.94414001268366e-16,-5.34503272619774e-16,9.62279570161661e-17,1.30925673793517e-09,-2.44910663298638e-15,1.49806349433994e-15,6.7112309634912e-16,6.54326061455287e-16,-5.97294266269543e-10,8.2836505214611e-16,1.24080188453593e-09,-1.21362046229827e-16,2.93981494053669e-15,1.66806043548423e-15,2.97644098659258e-16,-3.77057751554146e-16,2.28400703371409e-16,-6.65239649897676e-16,-2.79156813646186e-08,6.16084453188683e-16,8.90602656936929e-17,9.07349183767966e-09,3.17694020438517e-16,2.19292993269011e-17,8.38875387148876e-16,-5.61799777802416e-16,1.9892469287877e-16,-2.39756119130311e-16,-9.54770344396679e-09,-4.56309754894931e-17,-2.07249187646832e-17,1.96323713658567e-08,1.70949450817203e-15,-9.7765922921971e-16,6.31535888954363e-16,9.60772507491991e-16,8.46790288827426e-16,-1.95268135584959e-16,1.60682059217773e-16,-2.01008125166401e-16,1.62547458079606e-16,2.92101341138826e-16,-4.71666640775072e-16,-1.03281328743402e-08,4.43340505545942e-08,1.64132379851094e-16,4.10107524592678e-16,8.90010830550973e-17,-1.29472967321125e-16,2.74845250725075e-16,-1.10527582108593e-17,-8.56597661804879e-16,4.08556361924751e-16,-4.31099185133191e-10,-2.50947605185698e-16,-1.81850194089988e-16,-1.38973910665381e-16,-6.48876433634898e-16,5.52906578786959e-10,-3.76089268325875e-16,-4.51464340854141e-09,-4.83767326292946e-16,-6.13664731590374e-17,-1.71263553927993e-16,-8.75139682627614e-17,2.72969384903502e-16,-4.26808973583884e-16,-5.7740944577462e-16,1.68871313554245e-16,3.27482279497632e-17,3.95973487434211e-17,3.10574928997376e-17,-8.73500990617357e-17,-5.33336124737519e-16,-1.82447928871057e-16,1.93361544773416e-16,3.35285537139588e-16,-1.2353473188501e-16,1.58837364313379e-15,-4.2684248569917e-17,-7.6207636626862e-16,7.08526119719277e-17,4.38876135514792e-17,1.89129033942971e-17,-4.3457885400253e-16,-2.00974219627745e-16,4.20956745605261e-11,2.78721273930603e-16,-4.55385828772323e-16,2.8605489214977e-16,-1.9830340214365e-17,-1.52153792433534e-16,5.48443258835181e-16,-9.39078203178442e-17,-3.65749006930832e-16,8.07562880188486e-17,-6.40689646853407e-17,8.07730618501701e-16,-1.981167129036e-18,-8.21746250359991e-19,-1.1710104445923e-17,-1.34084866999714e-16,-2.1107540303306e-17,-1.9427540674085e-16,-5.44540621321867e-10,-8.48697636089244e-17,4.1358283528541e-16,1.73780514231456e-17,-3.72708752357738e-16,3.12110221270526e-16,-5.69708027059015e-16,-4.05118375923655e-16,1.85294550010741e-16,6.9694118602928e-17,1.15990754353978e-10,5.05232695157926e-16,-6.78753562788001e-17,-2.03405597366809e-16,-5.31750069385618e-16,3.29657368971728e-17,4.30964080911103e-16,2.1547541211578e-16,2.00295785076717e-15,9.34865050221915e-17,-4.97614198448113e-17,2.14139833618847e-16,1.22148571962209e-16,1.51611668246857e-16,5.88349232315605e-10,-3.52633345236099e-17,-8.51948869938685e-17,-1.28954886878514e-16,3.15936513062276e-16,-1.77537157183519e-09,-1.86192934507391e-16,-6.62642193487276e-18,2.68118555251104e-17,8.62863683778376e-17,-2.97724032783584e-16,5.2115738417029e-17,2.74943792480548e-16,2.89581506536102e-16,-1.18270255568522e-16,1.42886548147702e-17,-1.14028181683389e-16,-6.46709528247139e-17,-1.37733080646279e-16,-1.37117085269091e-16,-1.1835772094464e-16,-6.88032361841671e-18,-2.6064870826949e-16
"t478",-0.0420658329476929,0.0351508025822831,-0.0572880010000543,0.0238929222135368,0.00490233137755569,0.000454624689032037,-0.0085333546928076,0.140108243681751,0.000142427192242059,-0.000478331650867365,-0.000211272145684209,0.00875422072865298,-0.0134405092585204,0.00185684250711674,-0.000381597162185819,-0.0349608347420712,0.000545229089282248,-0.000650774380388872,-4.81562228146445e-06,0.00012609474997077,-0.0753794635698834,-0.000744056598362683,1.33906381754985e-05,-6.5111994148645e-05,7.88764198010052e-06,1.12822506806956e-05,-2.06387314435068e-05,2.5032737142565e-05,-0.000846420851017033,0.000961871725778861,-3.22458571036391e-06,5.96585056325581e-06,-0.00213710138822065,5.82052492798681e-06,-3.64183635405506e-06,-7.32873853796655e-06,-0.000307410575575236,2.35888988335466e-06,1.98975618757485e-05,5.99581275587068e-06,0.00039953871636297,-7.24359452084293e-05,0.000858502811943886,-0.000104142159171374,0.0488311180669116,2.35420797351224e-05,-2.10185929108509e-05,0.000357923084723382,-1.92941545986479e-05,2.64979975304553e-05,-0.000118219591724995,9.07202845916774e-06,-1.23892236125017e-08,0.000211914517345636,-7.02244169006497e-07,6.8017945255631e-06,-2.49695456499802e-10,-2.87549069919448e-06,1.08117415957123e-06,-2.66563895735125e-05,-4.70889698572397e-06,6.06895296737466e-07,-2.11499177944476e-05,1.14241874480712e-05,-8.96581830739114e-07,2.24544808455589e-05,-1.54090680204403e-07,5.62718155538475e-06,-1.55974488121807e-05,6.26215036400064e-06,-5.2306601744043e-06,0.000107535848976137,-7.13171642453616e-07,-4.09846636036875e-05,1.81170851972322e-05,4.52310586120029e-08,-0.000840467205157461,1.24197713566789e-06,-6.64495824205271e-06,-8.14814183624782e-06,2.52923724117837e-06,3.83139142284085e-05,-5.16599485046829e-06,-3.33557626313542e-05,2.2760178084324e-06,0.000397668001381657,-0.000121919753860862,-1.86189359873028e-06,-7.16681859550417e-07,0.000785565852365195,-7.05043123219478e-07,3.93838299819196e-06,4.23749491482536e-06,-0.00037342803908255,-1.46139226632048e-06,-0.0380833651895122,0.00159714135326331,-0.00523058424486209,6.14528807237975e-05,7.9441465610059e-06,8.99683873728624e-07,-4.09976457006529e-07,1.08013899339226e-06,1.77627329422914e-07,-8.56789015323163e-08,1.03202869657441e-06,-5.43607057597723e-06,1.47965257926984e-06,-9.00264355261374e-07,1.85886141108415e-06,1.02994351721907e-06,2.69925962451931e-06,-6.00977548630599e-06,6.37435337147429e-06,-2.55281426954384e-08,1.03857836193084e-06,-1.56907278521397e-06,1.76568936923638e-06,-1.88694513027663e-06,4.83423466581447e-06,-2.40202876834868e-05,4.79926496996477e-06,-4.83024471726083e-06,-1.33231310437739e-05,3.3753136699625e-05,-5.80159100957972e-05,4.40145308461541e-05,-1.48116603630931e-06,3.56800487025363e-06,0.000118057157171781,-2.01102299788999e-06,1.68439921021467e-05,-2.35820048517503e-05,-5.50863253908114e-06,0.344021003209412,-4.46011574503127e-05,1.31048866611623e-09,-4.12024040597492e-06,2.07603353729026e-06,-6.01388194277069e-06,-3.99781109625778e-07,-1.5762145710001e-05,3.16523858751273e-06,2.1129022990525e-07,5.10648123724769e-06,-4.2953715387023e-08,-2.16770268925499e-06,3.50887616826053e-07,2.32765812013091e-08,-6.36922453830003e-08,-7.13613618027925e-05,-2.84157092216154e-07,-0.000245192487963231,2.04505641686126e-06,-6.67043777949619e-07,-5.86194340585362e-08,8.84810205160945e-07,-6.0949396148464e-05,-2.98128136954688e-07,-9.94598697201394e-08,-5.02512210839606e-05,9.8612310561065e-07,-5.7709652129371e-07,-7.66703114278597e-05,9.63939155955994e-06,-3.73914673549062e-05,7.87467638805661e-06,1.36622349328835e-07,6.81917542482859e-06,9.63809447612814e-06,-0.000122890233080704,-2.93303932224944e-05,2.22285438033427e-05,1.13631891316518e-06,2.29696909269684e-05,5.38253972994069e-07,2.17667482483111e-06,-2.70538044867322e-05,-0.000111917363994671,-0.0590280695538915,-0.00270273888456962,-0.00133910520101076,2.54127961820912e-05,6.72886905823995e-07,2.23983217013099e-06,2.97245361863406e-06,5.79902751665492e-05,-2.03688741520063e-05,-9.75452318604159e-05,0.017077792789446,-3.22881299913702e-07,1.29960807152538e-07,2.81329396558383e-07,8.58743934491971e-10,-5.04177955136909e-09,3.8250677403167e-08,7.51904278771957e-08,3.2045240613443e-06,-4.7927885297078e-08,-1.62633433361029e-08,-1.59094268245912e-08,-2.143799139575e-06,2.64047009740713e-10,7.05666355892632e-08,1.51689680227381e-08,4.44861838982831e-07,3.63563439634772e-09,2.89555739189972e-06,-2.0012644872785e-07,-1.56255772686455e-08,-2.09679533685539e-06,5.13792204870089e-06,-1.85220756854677e-05,-3.65354119935271e-07,-1.12304269310285e-05,-3.17170773283229e-07,0.0158916435631434,-5.83479730124658e-08,-3.79972419570172e-08,-2.71406469465315e-07,-1.60048585170047e-06,2.13986306636198e-05,6.52429506515494e-07,2.24200539201924e-06,-6.64691968589297e-07,-3.50081220761374e-07,-3.72035133660606e-06,-3.01656234183634e-07,-5.23179300456489e-07,-4.69171483375424e-07,1.37461586074715e-05,2.29967674901483e-06,1.90311962323468e-07,3.24595288728107e-07,-2.18183952938495e-08,-0.030057628772016,-1.83633436321532e-06,3.82123464577602e-15,-4.18021907436757e-07,0.000230439688347035,-1.41449411498991e-06,-7.13501207256005e-05,-0.000154512300466878,0.283704503112105,9.73300320421118e-07,-0.000226113977745769,5.84714356788048e-08,-3.09915965968175e-09,4.26624553599761e-06,-4.93181085915635e-06,1.41450530833558e-07,-1.86850268351602e-05,7.27286625187549e-07,-1.20124177975749e-06,6.69801719988049e-08,-3.73012528884407e-07,6.19196924978981e-07,-0.000532628530714796,-7.91823434346719e-08,1.4637426714758e-08,-2.81050607473897e-07,5.1821678465233e-08,-5.38155667904235e-06,2.47000023521221e-06,-2.15451827353012e-08,7.21220139366498e-09,-5.25278470057031e-09,-3.66046297322939e-07,8.21655980061735e-07,-4.38482076900846e-09,-1.59686689314248e-09,2.32892683339723e-09,-1.82394446906151e-07,-1.17585128422981e-05,5.30242712669585e-07,-1.11205740294217e-05,0.0031540338316544,9.71595154676717e-07,-7.7348734441024e-07,2.40929402284062e-07,-1.17490033831716e-07,-9.37355328487003e-18,2.15175183224867e-07,7.13086856438682e-09,5.98989366022806e-11,4.19066050141876e-07,-6.31199068964459e-09,3.64058293355308e-09,1.25107224203912e-05,-2.46726307245665e-07,4.50237085842678e-08,-1.16961954368122e-07,-3.71208411815638e-09,2.08458668497529e-09,-2.45298292313242e-08,2.77267327369729e-08,-4.80729038267563e-07,5.53816369241723e-10,2.64273151025056e-07,1.79664632914441e-10,9.91063915418717e-10,2.63081364656791e-08,-3.71664194222076e-07,9.19684276786244e-09,-3.74972667097223e-08,5.40629777245935e-08,-2.00116742777903e-07,1.46170255371056e-08,1.33372493360665e-08,1.03525435239639e-07,-1.76266759812848e-07,-1.47083991799018e-08,1.24693252342503e-07,-8.44647889846754e-08,2.11828919395998e-09,2.01878480970958e-08,-4.11633935224871e-08,-4.26603707663923e-16,1.59838540797312e-10,6.89046785465709e-07,-4.88882964905062e-07,4.74832891692096e-08,4.25241630429072e-08,1.25322578694342e-08,2.95341542603255e-08,-4.40092088644741e-07,1.69636143978205e-07,1.82533442469627e-16,-1.41091198194719e-07,-1.73745337685259e-09,-4.96383507217581e-09,1.65551137506286e-07,3.94817085586527e-08,-2.74593572679285e-09,-1.09653446970861e-07,3.01330290595364e-08,-1.06838096380087e-06,2.16192912604055e-07,-4.5958433850074e-08,-8.53712023370137e-08,-4.59248805842241e-09,-3.52959685094752e-08,-8.96335060517973e-08,3.84811925494814e-07,-1.01565623843813e-07,-1.82706129310534e-16,-9.61848508258587e-05,1.32555224410379e-06,4.93033892597975e-09,0.00342736399655395,-2.05824907062877e-07,-6.41266633541777e-07,2.46300714202901e-06,-9.10840458338573e-06,-6.79597148283033e-08,6.42299333085962e-16,-1.37049318225218e-07,-3.93470823043465e-07,-2.09233124208674e-07,-2.1486360205343e-16,4.85265373349232e-07,6.70023775553308e-06,-1.05416731651977e-06,-4.62371278849629e-07,-1.75259515283247e-07,-1.04726412272571e-07,-4.12774496139931e-06,1.67100144554862e-07,1.87876579638064e-06,8.34673580294257e-07,1.17420848778335e-05,0.0699712291373503,4.4457953154394e-15,8.81011887909588e-06,-4.61592087302942e-07,-2.20885275623244e-06,1.57382477813032e-07,7.53542332601409e-16,9.06183252950917e-08,-5.99092638365239e-07,2.47684622820087e-08,2.16425167906766e-08,5.70774175394554e-08,-0.00239239021528661,2.17372565372294e-07,-2.12245208884064e-08,-2.00183275568704e-16,-3.78520089963623e-08,3.49687568628436e-07,-1.06807604928163e-07,-2.5962544241308e-08,2.56561791418635e-09,1.54453697375634e-11,-3.72965547335014e-17,-2.79067306279545e-16,5.59924404089427e-12,-1.20389782234056e-08,2.36492107434142e-09,-1.48896356393559e-09,-1.04470783116053e-16,-1.68238315108519e-09,-2.45651439420932e-11,4.08528992823795e-16,-2.78126502888925e-16,-9.1834131020895e-17,8.08489571951670e-09,2.48717808714124e-08,-4.10175506910064e-08,2.67410308181773e-08,1.34780536937636e-08,3.05387328951136e-08,-9.32728047542062e-08,-1.83004607167438e-16,-2.45769309662718e-08,9.57222917186111e-08,-9.40371724659014e-17,3.60139319235154e-16,-6.52744053799785e-08,-5.75015024201659e-12,-4.26796182986658e-07,5.92751056321518e-08,0.01536030898121,1.66780123664997e-08,5.02122547336755e-15,2.13512082570587e-08,1.22899582068342e-15,1.8448244229614e-08,-2.66946837898518e-15,1.09377505222056e-07,2.12192790060997e-16,-1.96039437636153e-09,-1.17140944390622e-09,7.62748850671368e-10,1.13311116216605e-08,4.07317003335315e-08,-4.06538358289284e-08,3.76294936194674e-08,2.17773913015409e-09,1.06048209923133e-08,1.01134326965702e-09,1.25565311380473e-07,-4.99003307445136e-08,-1.28241192908223e-08,-1.07071194548423e-09,-1.94567762580508e-07,-2.19229522461611e-16,2.51535698726427e-07,-4.47058305019145e-08,4.72682339357466e-09,6.78252646181169e-18,6.36282277940482e-10,1.76501072689014e-08,6.37291807937478e-08,-4.47578285742937e-16,-1.07796696075459e-07,-8.39453020235635e-09,4.68454538184372e-16,-1.11870814001765e-08,7.24537593312982e-06,3.02755318493125e-16,1.9814549670691e-16,-6.68584260701182e-09,-5.18061072179472e-09,-2.97434461437364e-11,-4.15993763422807e-08,1.12265630451619e-08,2.29389637234766e-08,3.19116881242903e-09,3.97628005404092e-08,-6.83789293983275e-08,-1.46188399927083e-15,9.8251074913108e-10,9.76313518697187e-11,2.70235952652252e-10,2.53786329919886e-08,6.80016540262283e-17,4.74193529376015e-16,8.38705903225932e-09,-4.11909455520087e-16,-4.04171363707214e-16,5.41708503910877e-08,-6.07397866439944e-08,-7.86263760235549e-08,-6.60977163312201e-10,2.00776964439055e-06,4.40734026093359e-08,1.98272139273108e-09,-2.32577680396454e-16,4.90509562956365e-09,2.29949352014517e-10,1.05641161556804e-09,-7.44141269256913e-08,2.96072455403899e-07,-6.90297279598421e-16,-4.09075717911311e-16,6.39244802472588e-15,-3.76439179586933e-09,-1.26036177524427e-08,-1.05673921744682e-08,-1.36868301090962e-16,-9.70298082616459e-09,7.47158170326482e-16,1.49550724684543e-16,2.31922372087404e-07,-5.09309545509935e-09,-2.52510685971874e-15,-1.25684675526819e-08,-4.51312974730616e-08,1.72901854118762e-15,1.95044016115938e-08,9.56354820549839e-16,5.22686272154305e-09,-1.85912901787642e-17,5.21650119860527e-09,4.51661137028196e-08,1.13562562195967e-08,1.53950884216078e-09,1.05789717595741e-08,-2.75830460039461e-07,1.47377163831443e-08,-2.56475841770047e-16,8.91432251476363e-07,-3.90588452748548e-08,-1.16519164490438e-15,-3.93366442297785e-08,-1.64964551627175e-08,0.000997693571311246,2.24521852373539e-16,1.00596761982066e-08,9.2842237073822e-08,-3.1277455774949e-16,-3.35824874279541e-08,-7.43757965776475e-09,-2.69003889322326e-09,6.305662141695e-16,-7.06004773578931e-16,6.85941725302519e-09,2.08263809558069e-09,1.68157173645957e-10,-2.2605104489647e-08,1.12548793377683e-09,4.87391358937819e-16,-1.62853352702554e-15,4.04905936643795e-09,2.78555890340087e-11,3.18394739584854e-15,9.48718751789435e-09,-1.72598484168041e-15,3.28964405764574e-08,-1.65592148300157e-09,-9.62902526176396e-10,-6.25817692224565e-09,1.04664197149609e-15,-4.5285144979915e-16,-4.46182546251082e-15,1.02659567800939e-16,-2.94228652266657e-09,-0.000327810737090403,-3.72593316227335e-15,8.85575910915063e-15,-2.05225920933916e-15,8.43831147948824e-09,2.76514468113788e-06,-1.49364851675461e-09,1.67163305264984e-15,4.30284605688891e-15,1.37850885220669e-15,1.83939628352066e-07,-4.4216529009107e-08,1.97642052210635e-14,-0.502316826254926,-8.19001936927216e-07,6.70890101032894e-15,-2.14905289568618e-14,-3.07701676566246e-08,-3.03488525817262e-10,-1.18374514548159e-08,3.86019622083616e-15,1.07190896011399e-08,1.44096372061212e-08,1.42054318329748e-08,-1.19141044955257e-08,-4.16897721942024e-08,0.000132627124262108,9.07990572720141e-16,2.35606180573462e-16,-9.55792706373259e-16,4.38209423538321e-07,-5.29640442946876e-08,-2.85808079176617e-09,-2.16593421557915e-09,1.59963290658258e-15,4.14855485479925e-16,-1.13638140641466e-15,-7.36447780144347e-16,7.14697224158572e-15,6.96278297015093e-08,-9.98567614321008e-16,-1.59073003147443e-15,-1.61531405902052e-09,-1.01268688333465e-15,-1.44539304625397e-09,-1.13242896091017e-16,-1.79074949777711e-09,-5.43330431559957e-16,-2.14516219342697e-09,-2.68087602882857e-10,-6.67638888563653e-06,2.77018252691526e-16,8.50095662036346e-09,-3.86368883094778e-16,1.19914873519924e-08,-1.44872851954379e-07,1.15821844514827e-10,1.55944135164727e-15,1.68574944875133e-08,-4.47232948575827e-15,-4.1299993972028e-09,-2.3307995914847e-08,2.42373765617373e-15,-1.03471491720088e-16,6.01135205534115e-15,-3.32784247739134e-16,-7.80741125218733e-11,-1.01617104302119e-09,-2.26780076629007e-10,7.39337341143002e-16,-4.24047949722454e-16,-1.65805063074672e-08,1.00810523546882e-06,1.68899117348148e-15,-8.49276755996305e-16,-1.02874071996132e-09,-4.63814582260194e-16,-7.28819941868429e-09,6.55015621431282e-14,6.87620791091605e-08,-9.51304876168104e-16,-1.19596526738453e-15,4.15462017905377e-16,2.3545720046393e-15,6.18187063066512e-16,2.00253905088095e-15,6.81785943159111e-08,-4.76809439433474e-07,2.39246843200999e-16,-6.1271125517505e-09,2.33074996354611e-08,2.57941215561849e-16,-2.08286823968551e-15,2.20016455778832e-17,-6.44050248474823e-16,2.29840293782503e-09,3.6760620602974e-10,2.95136438230257e-15,-2.13157692878387e-16,-4.17495306388063e-09,-1.48931533298134e-08,-1.55875336266878e-09,4.54915795947919e-15,-1.54824772533659e-15,-3.79767871513765e-16,4.06059168324976e-15,9.22998646207402e-15,3.45602482044987e-15,8.81130260621138e-09,-8.33537205076108e-09,-1.60303728875795e-09,5.41484186518838e-16,-9.53583079902475e-16,6.48844438369382e-15,-7.71858504943086e-15,-1.05112185379159e-15,-9.08332411613271e-15,-4.18813125319815e-15,-1.06672980724237e-14,-7.37391655007069e-15,8.37642748123722e-15,3.49349275979851e-14,-2.7594730536375e-14,5.31511191815163e-14,-5.61051376337316e-14,0.000203686454452087,-1.14472810068143e-14,-0.707106781186561,1.00186400532336e-14,8.60162591364147e-08,-1.50086439205606e-10,-2.90331204928555e-14,-1.65880031092894e-08,7.8801124900608e-08,4.62282325663678e-15,3.67866038633889e-16,-2.20152999176709e-08,-6.73931661882903e-15,1.94436961226006e-09,3.77490435075511e-15,-2.3295371403004e-15,1.80640619989404e-15,2.66752949418585e-15,2.75843020662657e-10,-3.78824558454742e-08,-5.93123730484428e-12,2.44450723124551e-15,4.13917807921572e-16,3.7719976210733e-15,9.7458933284722e-16,8.63759932193157e-16,1.7823214848866e-15,3.53287744571789e-16,1.76319707205887e-05,2.06593877784916e-15,6.7629766880559e-16,6.03930712810885e-16,-3.66792428235257e-15,-8.17370932684444e-16,-1.66071771332561e-15,-9.05972284790234e-09,1.70962926264893e-15,-4.92739217470944e-16,6.75644650286231e-09,3.74107435677026e-16,1.61296552386644e-15,6.58740530923858e-16,-4.6580205122432e-16,3.90217318252395e-08,4.49949903237495e-16,-4.1739540314178e-09,-3.50856903979117e-15,-9.73637243938201e-16,-1.45342779715037e-15,2.21936142356135e-15,7.17962461840119e-16,-1.36533457678229e-16,1.50996758198776e-10,1.3957465081342e-15,-6.34494333166817e-16,4.38971132941072e-08,-1.88674456735298e-08,-6.66482054459146e-16,1.32274301608578e-08,1.93780177886838e-09,1.24283794203332e-15,-2.18404245580619e-15,1.38261312005917e-15,-2.03926560319623e-17,-4.91837572584945e-16,-3.2670537494869e-09,4.48586999605479e-16,1.4076009738992e-15,1.90203092902518e-16,1.30925664100495e-09,7.4090918971707e-16,-4.19494433120104e-16,-4.76376356982764e-16,-7.11833073690485e-16,-5.97293954382693e-10,-3.24450511932153e-16,1.24080570166957e-09,6.86139574537383e-17,-4.10348149031424e-15,-9.27883588640597e-16,1.23144585211008e-16,1.09078470602484e-16,-3.56685247693985e-16,5.5269919510933e-16,-2.79156743725174e-08,-6.38895673540705e-16,-4.98832872163797e-16,9.07349240334857e-09,-6.20216776867755e-17,2.62480305808727e-16,-7.07325856170435e-16,5.98748583588984e-16,-1.00406984143977e-16,-1.14790685901623e-16,-9.54770025208913e-09,1.86274106483802e-16,-3.51899511930289e-16,1.96323619748092e-08,-1.93097900676819e-15,1.30817807814362e-15,9.72217727821205e-17,-9.49052115254777e-16,-1.62022052517154e-15,5.08026618685531e-16,-6.16946169980723e-16,-2.07047772271455e-16,3.91841754842884e-17,-1.2954661951791e-16,8.30884206622038e-16,-1.03281319932904e-08,4.433403954322e-08,-4.66477985348878e-19,1.98118870905221e-16,-6.26307806063257e-17,1.38540710872975e-16,6.50412883274054e-16,-3.27620276502617e-16,1.082925940907e-15,-7.96458618093889e-16,-4.31098988616464e-10,9.3414363881068e-17,1.00904002914475e-16,-4.47429555683999e-17,9.64550819674751e-16,5.52906507238085e-10,7.97763556553602e-16,-4.5146348167812e-09,3.54504463703215e-16,7.48894796923791e-17,1.63543667785071e-16,1.51939319717183e-16,-1.65958627227878e-16,-1.93139712957287e-16,2.55375013668888e-16,-1.54545249092285e-16,5.37415452877557e-17,-4.33417662165331e-17,-2.39994574261199e-16,9.12789215567939e-17,2.0163234664325e-16,1.95045886878757e-16,8.15251214259931e-18,-2.93224157121904e-16,-5.49108130144747e-18,-1.68097284519984e-15,1.45611607043888e-16,6.51515764154025e-16,5.2583805365547e-18,-2.62630980423405e-16,-1.55052395138709e-15,2.98269338408111e-16,3.95492143260424e-16,4.20954696016874e-11,2.38090173566432e-17,-9.57371434633112e-16,-1.78415489897178e-16,-1.85958353872138e-16,2.1654059120328e-16,-1.78872394561733e-16,2.19586321450421e-16,-2.68140400292142e-16,2.44437312670618e-16,-1.06874052016946e-16,-1.75380543421255e-15,-8.70833745155966e-17,2.85978600084525e-18,3.56990860202541e-17,-2.11914333041352e-16,1.9351388126212e-16,2.21699483898477e-16,-5.44539193770653e-10,1.53600700530358e-16,-2.01609156667267e-16,3.8368469061175e-18,8.00577798262565e-16,5.51779151139611e-17,2.9564380961653e-17,4.45586771368172e-16,-3.10108031159603e-16,-2.67522734124682e-17,1.15990813817544e-10,-6.02117193710144e-16,1.44982845073247e-16,1.05145315184554e-16,1.96859011139863e-16,-4.10010196665795e-17,1.4272442905816e-16,-2.59353686747139e-16,-2.49358895640519e-15,1.82386322298225e-16,3.3675520495863e-16,-4.26013854062029e-17,-8.50225032480841e-17,-6.28181555245742e-17,5.88349430246875e-10,3.16393257092861e-16,1.23065668858115e-16,-3.75464633261528e-16,-1.28683955852305e-15,-1.77537110553974e-09,2.15743174583965e-16,-2.5683882807924e-16,2.35895535333456e-16,6.74918204201099e-17,3.19182751725656e-17,1.02842339942701e-16,3.40435730270183e-16,3.75889315825014e-16,8.82901871143494e-17,1.07932892425743e-16,6.33937406179798e-17,3.13961578015741e-16,1.16354799981348e-16,-2.2661873683372e-16,6.06941403602661e-18,2.26400951258976e-16,9.72131716076819e-17
"t348",-0.0416948469894483,0.0344939119162825,-0.0561824150919272,0.0232726557252664,0.00474600245614335,0.000437563584008721,-0.00820669394848401,0.134308432209957,0.000135434900705119,-0.000449691188458287,-0.000195078568267456,0.00791923070422418,-0.0121189914992374,0.00167135422153856,-0.000341719488256911,-0.0310784022540113,0.000483143091591287,-0.000575239925684786,-4.24287842919809e-06,0.000109707718457601,-0.0647198055192296,-0.000614917215557722,1.09225349632318e-05,-5.30350105552788e-05,6.41826712141473e-06,9.06898524070346e-06,-1.65366133348922e-05,2.00074425207327e-05,-0.000671399718854863,0.000721769886815994,-2.35779614169874e-06,4.27703887996415e-06,-0.00148049081117533,3.9309871301836e-06,-2.38674231616479e-06,-4.55523230199485e-06,-0.000189254715906804,1.4344015631001e-06,1.20336372387131e-05,3.58225858998217e-06,0.000232912634192312,-4.13024433120841e-05,0.00048253565799967,-5.84642387960941e-05,0.0269366932232421,1.21107064432116e-05,-1.05652194318126e-05,0.000177908674696677,-9.28311042370508e-06,1.22821370351065e-05,-5.19407690331748e-05,3.88130079172029e-06,-5.27941507425941e-09,8.720071999492e-05,-2.68256124606957e-07,2.56726934029318e-06,-7.26152921599638e-11,-7.63546982657281e-07,2.83780539557107e-07,-5.2511752023552e-06,-6.7883411816657e-07,7.09161083479414e-08,-1.99075152885487e-06,1.00897059948517e-06,-3.95776296807123e-08,6.08798404614562e-08,1.46467902646905e-08,-7.99726278105212e-07,2.56755910169242e-06,-1.29240395334265e-06,2.38582626996002e-06,-7.39637930715728e-05,5.18820882216573e-07,3.33341256382162e-05,-1.49373739583884e-05,-3.90655707861547e-08,0.000739280219518835,-1.19295456214865e-06,7.72331992154032e-06,1.02032607155532e-05,-3.58884102666628e-06,-5.58421082878155e-05,9.1432110695949e-06,6.25827974820652e-05,-5.49780688142921e-06,-0.00103077508223863,0.000339750220841459,5.25032749651205e-06,2.02723583098507e-06,-0.00223948616603882,2.06721217983504e-06,-1.52577542692472e-05,-1.6867260427248e-05,0.00180045776524825,1.03560835195645e-05,0.28857391059448,-0.012141058116307,0.0478925626031991,-0.000607145908078181,-0.000109849729465528,-1.79377647253377e-05,8.4988106049563e-06,-2.34346723352639e-05,4.30591428101709e-06,-1.81449813313414e-06,1.99133072313338e-05,-9.07009315874104e-05,2.37966680324137e-05,-1.361207934218e-05,2.57866172324924e-05,1.39155778750605e-05,3.16214907300139e-05,-6.93124984972307e-05,5.50179820356387e-05,-2.09241098796656e-07,7.66848440368961e-06,-1.10916494919288e-05,1.11663360341605e-05,-1.08172825555718e-05,2.58414022509574e-05,-0.000123544913115958,2.1688960069543e-05,-2.00864811649484e-05,-5.52260337628199e-05,0.000138225303258856,-0.000217363969276014,0.00016364842622001,-5.0695111035947e-06,8.90401070120499e-06,0.000293194721773566,-4.81443336507561e-06,2.44335867710771e-05,-2.81373834931554e-05,-5.40581575700445e-06,-0.0888590469722253,2.25851242046391e-05,-6.17710995698675e-08,-3.85985424897673e-05,1.12778413334142e-05,-3.23920495439603e-05,-2.05226622018453e-06,-7.91252082002362e-05,1.53670059598925e-05,1.0135309771555e-06,2.44912237803498e-05,-1.90829613228309e-07,-8.55715841366882e-06,1.26234572090083e-06,8.20492335821042e-08,-2.1526125187832e-07,-0.000240410226370265,-9.42985697228347e-07,-0.000806658338912095,6.66312014526158e-06,-2.00198075041224e-06,-1.73798900243356e-07,2.6010902294457e-06,-0.000150493589662554,-7.07876426038437e-07,-2.34757364341096e-07,-0.000114798578957458,2.23783051725047e-06,-1.25628723873859e-06,-0.00016606435669174,2.00484822297752e-05,-7.47611137615926e-05,1.39956100554612e-05,2.41776702834538e-07,1.20543664047653e-05,1.67541992792558e-05,-0.000209418125973067,-4.98379294441427e-05,3.62755932207788e-05,1.83051434843063e-06,3.59612368443629e-05,8.36700057714995e-07,3.37117219940706e-06,-3.9052696808592e-05,-0.000149324668700545,-0.0776395881529522,-0.00350598458775549,-0.00166504073126706,3.106817226293e-05,8.08836268822376e-07,2.64887855121065e-06,3.31980716943759e-06,6.38119233804167e-05,-1.94521335317792e-05,-9.26749720607412e-05,0.0153676406683314,-2.44372053292947e-07,8.21011711568684e-08,1.65128646597305e-07,4.45338634456285e-10,-2.35028290882844e-09,1.15512487021176e-08,1.98953230451625e-08,5.86668465498816e-07,-6.75627066406682e-09,3.55500205194489e-09,3.77543698843116e-09,8.88992656155902e-07,-1.60289009372044e-10,-8.2408708621592e-08,-1.77599967039339e-08,-5.47979771546243e-07,-5.20160132829478e-09,-4.57859190103457e-06,4.08717593724538e-07,4.35408197928943e-08,7.56214662436838e-06,-2.01367586020094e-05,0.000109835743691802,2.85757798094785e-06,8.85438579142052e-05,3.24202593517622e-06,-0.494569115320365,2.84341638144684e-06,-1.00847573701887e-06,-3.59678998845081e-06,-1.81317653145572e-05,0.000151992697402856,4.2524780923825e-06,1.33910616506181e-05,-3.13888359200831e-06,-1.58312159490018e-06,-1.66489576550033e-05,-1.08389256748634e-06,-1.65508321340243e-06,-1.28774037191113e-06,3.53151763915329e-05,5.50435794505922e-06,4.24840305581878e-07,7.0982165511331e-07,-3.75625809458142e-08,-0.00757281221932872,-3.08404148390688e-06,6.44095110344182e-16,-5.18100319505066e-07,0.000269647887525673,-1.02719685444272e-06,-2.83558779600948e-05,-1.93402974941138e-05,0.0308350238788136,-4.04373603385426e-07,0.000114671592333876,-3.21477596013039e-08,2.34892297558177e-09,-3.85211147512539e-06,5.81035369014277e-06,-1.84592730140627e-07,2.53795392584326e-05,-1.20768696485272e-06,3.83573155873758e-06,-2.60202406757236e-07,1.69643713535684e-06,-3.94781189992364e-06,0.00347930504848042,6.60088223409866e-07,-1.40849719245394e-07,3.36460047834614e-06,-6.68432245418023e-07,7.52856828661614e-05,-3.89075087089812e-05,4.11252121544736e-07,-1.40929345265972e-07,1.97706970370412e-07,1.40501604490884e-05,-3.22520618935987e-05,2.24401343226038e-07,9.17969144566505e-08,-2.15778543618102e-07,1.89980860658356e-05,-0.000489125252237896,1.94593900092106e-05,-0.000374000352716163,0.0894631271712598,2.45989321015146e-05,-1.59301590435086e-05,4.71821155637282e-06,-2.21631688255561e-06,-1.0711553285475e-16,3.61822271538786e-06,1.18268055745166e-07,9.51704664448895e-10,6.07640088073724e-06,-8.54119177628898e-08,4.77956967712363e-08,0.000161897380167018,-2.72212565258729e-06,4.92348712438465e-07,-1.27598028785506e-06,-3.89614834529825e-08,1.98652714071789e-08,-2.30268684818183e-07,2.57635997673508e-07,-4.32499861740497e-06,4.47727414258783e-09,2.05542426240607e-06,1.39434560225232e-09,7.68656720035872e-09,1.87680620449598e-07,-2.44471009813675e-06,5.99264145512175e-08,-2.41058337606251e-07,3.42076089342982e-07,-1.26017530025084e-06,8.85922530500504e-08,8.06120706233511e-08,6.22573831700076e-07,-1.05639979597043e-06,-8.7177649191591e-08,7.30234716082215e-07,-4.89283785838175e-07,1.22132246232798e-08,1.15480869623347e-07,-2.31616981470021e-07,2.28316908991197e-16,8.19108992439779e-10,3.49976527914166e-06,-2.45038561937311e-06,2.37903179937266e-07,2.12968633820981e-07,6.25606479717271e-08,1.46535802003556e-07,-2.16775567122939e-06,8.23344029739784e-07,-7.75175485787046e-16,-6.61829994463629e-07,-8.11513257788767e-09,-2.2971080198391e-08,7.65269644077337e-07,1.78295646436299e-07,-1.2237598929197e-08,-4.79393482650424e-07,1.29955163348875e-07,-4.46716070020514e-06,8.76556395710652e-07,-1.82439839678333e-07,-3.34673387493347e-07,-1.78592453612979e-08,-1.35235741821583e-07,-3.4285142722394e-07,1.45573292967374e-06,-3.80818327804802e-07,-4.64531414765408e-16,-0.00033319838307465,4.4923131895389e-06,1.67050218767573e-08,0.00191573098098241,-7.69731175519035e-07,-1.83730786052503e-06,6.70342224101667e-06,-2.45226682810522e-05,-1.75169988887705e-07,-1.06549651598967e-16,-3.34178210224833e-07,-9.38037907539774e-07,-4.53360479510313e-07,1.23351880326449e-16,9.23180994851092e-07,1.22944904859521e-05,-1.89655164431193e-06,-7.96732221672961e-07,-2.78599793781547e-07,-1.55406046274921e-07,-5.76936185923005e-06,1.87541921677175e-07,2.04320698630823e-06,7.30948591187114e-07,5.36026334736672e-06,0.030318633857557,1.61834258548079e-15,-5.5037583119493e-06,3.91994726245139e-07,3.08999759288134e-06,-3.79672626809939e-07,-2.93418690477752e-15,-5.25096779873308e-07,8.62710054720396e-06,-5.76235288279236e-07,-6.55024786747156e-07,-2.51613153563754e-06,0.337026614943664,2.01615151279827e-05,-6.95255620175049e-07,9.01023230383276e-16,-1.32392868168876e-06,1.26434092067061e-05,-4.22228211630079e-06,-1.23333951187586e-06,1.24087060867471e-07,8.02995673310688e-10,1.6306400674182e-16,6.56646913861353e-16,6.30492030198394e-10,3.54547536322407e-06,-4.57308159621324e-07,7.50287137592544e-08,4.23158338010093e-17,2.50086660758642e-08,2.50095157008155e-10,1.7887967512605e-15,6.85025189654655e-16,-9.02274718521018e-16,-2.90066734883938e-08,-7.80278961312905e-08,7.82457561170452e-08,-3.07699384384037e-08,-1.44869588082215e-08,-1.47416890962782e-08,3.95847267066594e-08,6.05905641153894e-17,-8.54187289518831e-09,5.05189754003082e-08,3.91870107960611e-16,-1.83677442152451e-15,-5.64968784668579e-08,-4.90087900240746e-12,-3.21035257352674e-07,3.61710359210219e-08,0.00041121382168254,-2.24106982081526e-09,-5.68474610485426e-17,-8.67066810308348e-09,4.388585197507e-16,-3.29379357497698e-08,-3.33554798365165e-16,-4.72572269612939e-07,-3.02448811889227e-16,5.17469458902893e-08,9.36375340508236e-08,4.82035742385086e-09,6.46289298792022e-08,2.24440034676572e-07,-2.00121123193105e-07,1.73448621142607e-07,9.14687954863752e-09,4.45159421631502e-08,4.16731115437172e-09,5.03788322069791e-07,-1.95195499969387e-07,-4.9407661955845e-08,-4.08729945679012e-09,-7.39888074546363e-07,-1.83435845851196e-17,9.47347189868258e-07,-1.67231009578434e-07,1.74830973097676e-08,2.71694380178109e-16,2.34900139422607e-09,6.50233642323883e-08,2.34620194668001e-07,2.30234747588635e-16,-3.96733611500591e-07,-3.0864957291679e-08,-7.35215158423388e-17,-4.11178446879943e-08,2.66047044634709e-05,4.77011832705972e-17,1.38324008865723e-16,-2.45505888527345e-08,-1.90235181618112e-08,-1.09226506106132e-10,-1.52779980691564e-07,4.12449091345884e-08,8.4277644372076e-08,1.17249337373938e-08,1.46191540193704e-07,-2.51567245235017e-07,1.55680589947194e-15,3.61566916027308e-09,3.59304897208693e-10,9.94699626791241e-10,9.34350361158822e-08,-5.7183793584732e-17,-4.37632622847015e-17,3.08875984776713e-08,3.81225506022805e-17,-6.25442503698869e-16,1.99939020324632e-07,-2.24280679579336e-07,-2.90329294645028e-07,-2.44309063245765e-09,7.42212323343883e-06,1.62931080956952e-07,7.33118434975707e-09,4.17485419602223e-16,1.81776908246995e-08,8.52612838598432e-10,3.91767387920075e-09,-2.76212925983862e-07,1.10092342251289e-06,1.65212290855421e-16,-1.34453452761989e-16,2.59501381138195e-14,-1.4037697582578e-08,-4.70637533920823e-08,-3.94644027475895e-08,-1.45639380994992e-16,-3.6286786093413e-08,1.2391901321828e-15,1.80384438219473e-16,8.73526124457293e-07,-1.91848538624273e-08,-2.56468023901446e-15,-4.74385795761167e-08,-1.7055147154353e-07,-9.82893625626129e-18,7.38980276181591e-08,-1.84700088830029e-16,1.98677259286057e-08,8.65975609975187e-16,1.98341699708936e-08,1.71769669891781e-07,4.31996973988119e-08,5.85845966275377e-09,4.02895770720475e-08,-1.05351119421672e-06,5.64389040116619e-08,-3.13718967825154e-17,3.37721142774833e-06,-1.47216699683128e-07,-7.08489511355345e-16,-1.46632687882017e-07,-5.80487278776954e-08,0.000606851661462261,2.90737542403067e-16,4.23687407463365e-08,3.89632722766234e-07,-3.37934917638728e-16,-1.40703498628912e-07,-3.11628936512843e-08,-1.13072594465166e-08,-5.12687192247789e-16,2.69147989343599e-16,2.93882597927839e-08,9.02889641976317e-09,7.30978239443382e-10,-1.06997293018731e-07,5.44002525368762e-09,-3.34253307234013e-16,2.71805393946956e-16,1.98899792087555e-08,1.37125531110671e-10,3.01458207810315e-16,4.8198931760538e-08,-2.04353734252736e-16,1.73283012814575e-07,-9.27897285969288e-09,-5.42301961621268e-09,-3.59900746652238e-08,-2.21211290729949e-16,-1.03909141793636e-15,-7.80292660797178e-16,-2.29884309398486e-17,-2.0769236155599e-08,-0.000443306136257045,-1.49529170232775e-15,2.71436630253853e-15,-3.88517346689391e-18,9.77284567489507e-08,5.60982875425493e-06,-4.87759688904984e-08,8.6601811648182e-16,-1.77777985475164e-15,-6.26723065805246e-16,-3.05082411944652e-07,6.4760025897895e-08,2.90973711558017e-15,7.12668183095537e-05,-2.98110199029853e-07,-5.00001495361169e-16,-5.4883424603184e-16,-2.9833620490742e-08,-3.05734967306972e-10,-1.48087492000894e-08,-2.19003203525105e-15,1.67102312656334e-08,2.43727243074278e-08,2.62068173879989e-08,-2.39574174416379e-08,-8.54023326595796e-08,4.48733878647159e-05,2.32945686556298e-15,5.67000005116678e-15,-1.91025749881067e-15,1.04353995930364e-06,-1.26289593356107e-07,-6.88530358172958e-09,-5.44390863938913e-09,2.39989003320594e-15,2.24795214788305e-15,1.82187396157775e-15,1.16249687392163e-15,-5.12373874035804e-15,1.80745131341517e-07,5.4372033473522e-15,-2.07636524627882e-15,-4.23643917630343e-09,2.93594974164681e-15,-3.79275741802933e-09,1.78354744911368e-15,-4.70304551852251e-09,-3.61569174954801e-15,-5.72009002869204e-09,-7.17176262331023e-10,-1.79446191888477e-05,1.7492358212532e-15,2.29726171592082e-08,-2.75275858585713e-15,3.2749733354993e-08,-4.00263099777547e-07,3.20166468464212e-10,0.707106781186549,4.67854674195344e-08,8.65742779658605e-14,-1.15292779335359e-08,-6.50840538495764e-08,4.57257207073211e-15,1.90299560740004e-15,1.18921233426054e-15,-5.04084861076227e-15,-2.18955605880711e-10,-2.85281910544023e-09,-6.37446608098934e-10,-1.59086604537353e-15,-3.31323856686367e-16,-4.68557971951343e-08,2.84949539577483e-06,8.22432014892875e-15,-2.81854972950871e-15,-2.92453708231108e-09,-1.59324506651326e-15,-2.07421196316951e-08,3.55108325514478e-14,1.96284438421853e-07,-4.04207364972636e-16,-4.85709803650279e-15,1.55367388568593e-16,-8.8428256686767e-16,4.21385233748406e-16,-1.75135383654446e-15,1.95643893956153e-07,-1.36832737232461e-06,1.01449061889407e-16,-1.76113870819982e-08,6.70361113942312e-08,3.50854814263263e-15,1.79305498251336e-15,-1.0924861377894e-15,-1.97340690061033e-15,6.62731821354989e-09,1.06054837839409e-09,-7.07227174431476e-16,-5.75115969459813e-17,-1.20518402668821e-08,-4.29953163981506e-08,-4.50112484102204e-09,-1.55019435639641e-15,8.55161445612488e-16,-1.39847310540789e-16,2.34455065906066e-16,7.21807834277423e-16,9.76094409231552e-16,2.55344698513533e-08,-2.41620845083359e-08,-4.64808240753803e-09,-5.83196831517152e-16,-7.06516387549981e-16,3.25200958346557e-16,5.21999688634345e-16,-8.87115267708328e-17,-1.64400818506548e-15,-9.47931724807923e-16,-5.00747686618274e-16,-1.74940533878043e-15,6.44279415420228e-16,4.51384881483184e-16,4.27213708325719e-16,-1.52465555114167e-16,1.16395656432753e-15,0.000100962926599891,1.09155599171281e-16,1.57196092933933e-15,1.81505569724329e-16,2.51204264701328e-07,-4.379619073915e-10,7.02884075039308e-16,-4.84192439994416e-08,2.29935596435004e-07,5.75840528336138e-16,3.47493023800618e-16,-6.42522288669959e-08,3.20899798380534e-16,5.67709631262761e-09,-8.74752973534073e-16,-3.77845169935416e-16,-1.87153593021233e-16,1.22469212368899e-16,8.05934948857706e-10,-1.1068902445151e-07,-8.56059928819096e-15,3.33014469317356e-16,3.87307421038381e-16,9.88167774229378e-16,2.61504142992641e-15,-1.67127560239065e-16,-8.38383596057542e-16,-2.49504635785245e-16,0.000219234943963858,-1.44017657740049e-16,-1.24076252486034e-16,4.54717577974558e-17,-2.12927843027409e-18,-4.46408955103887e-16,-6.57927960949032e-16,-2.65113138771218e-08,2.19363071730806e-16,2.68204271396812e-16,1.97722945820251e-08,-2.37615004518116e-16,-1.48276697717981e-15,-3.01931808613448e-16,-5.4809115273407e-16,1.14221516284882e-07,7.62006374053961e-17,-1.22177544950648e-08,9.28838572539515e-17,-3.50661646861914e-16,-3.63595373137756e-16,1.27956333374789e-15,-9.9581403761606e-17,-1.09915545129183e-15,4.41983070574666e-10,-9.54886103419891e-16,-4.78887383308873e-16,1.28486677575805e-07,-5.52248273353069e-08,-3.08860122004276e-16,3.87148683365527e-08,5.67158845059097e-09,-1.86644657255524e-16,2.2973721373235e-15,3.20979365650278e-16,4.40121065219403e-17,4.7592246230917e-16,-9.55848150624784e-09,-1.76044262050255e-15,8.1234526751504e-16,5.10756469879193e-16,3.83000219543316e-09,-4.84798443285911e-16,-4.64524566598932e-16,-7.25261205829457e-16,-3.62647381976733e-16,-1.7469305303481e-09,2.94905206257125e-16,3.62878606502445e-09,-8.60691510305661e-16,-6.45624762185834e-17,-8.17607477758794e-16,1.59961519680389e-16,8.40597623773647e-17,1.85992608885967e-16,-1.97736386973353e-16,-8.16088125994099e-08,1.84723011796936e-16,4.66316275839983e-16,2.6522669847759e-08,5.14236007504196e-16,-9.47669696332566e-17,-4.27005274041628e-17,7.48652284256473e-16,1.46127845824173e-16,-6.57273562432395e-16,-2.78988817401305e-08,1.86447663635391e-17,-5.85272008377897e-16,5.7357010131219e-08,2.21152241799366e-16,-1.23710704173415e-16,1.26228928942929e-16,1.66229934874837e-16,-1.37642336039995e-16,-4.29543336317271e-16,3.57601527949591e-17,-7.38813108293699e-17,-4.7377135132539e-16,2.08079074160107e-16,6.10617922799223e-17,-3.01535048700352e-08,1.2942409102602e-07,-3.78470720570058e-16,-9.80523980490411e-17,-5.55771892212914e-17,1.03143434696567e-16,2.69153189319526e-16,6.37994444395312e-16,5.48416965631341e-16,-6.60538588846413e-16,-1.25790245751892e-09,1.47264686903191e-16,2.04674923402086e-16,-4.07102770370171e-16,-1.38638478129229e-15,1.61263097817257e-09,7.59190815520274e-16,-1.31608689031599e-08,3.5086747564505e-16,-6.98829155678524e-16,5.81724734813069e-17,-3.4283723215236e-18,5.81982215395129e-17,4.61889247601772e-16,-3.37474812047829e-16,1.12845382089704e-16,2.83154385367815e-16,-6.56846763492142e-18,-1.4246848745251e-16,-1.30597961534011e-16,1.15021186410172e-16,-4.74603758246548e-16,4.49507983896247e-17,8.47395033489913e-17,1.35026590129043e-17,6.18584871105439e-17,-2.48472159780537e-16,-2.58671057181153e-16,-1.96891114523368e-16,-1.03838267687087e-16,-8.25918866691962e-16,7.22141222763484e-16,-1.50945846304577e-17,1.22458863862801e-10,4.8486072019977e-17,1.23001593499408e-16,2.3624321257275e-16,5.24078215844099e-17,1.192978654213e-16,2.00310246274215e-17,-2.94872854047423e-16,1.51941621673791e-16,-4.44999773534521e-17,2.0764510292128e-16,-1.18291878029031e-15,2.76104935810383e-16,-9.68774648879542e-17,-1.1828493177528e-16,-1.0484733659376e-17,-2.60438345968362e-16,8.89009471554676e-17,-1.5816170838879e-09,1.7536514095202e-16,9.02247670149655e-17,-3.51113048871507e-17,1.33596235694182e-16,1.96564142102949e-16,3.90821426990043e-16,4.47353717322796e-16,-2.24233841422586e-16,8.21707561910103e-17,3.36308468299423e-10,5.20409225308273e-16,-1.35251790194896e-16,2.6929889146527e-16,9.14887709557988e-17,1.78244765313073e-16,-2.70163463357263e-16,-1.15917990925767e-16,1.65582376893819e-16,-1.53378508508844e-16,9.63831632454608e-17,-5.72715594514198e-18,3.79450827834293e-17,1.85692928891977e-17,1.70272583913065e-09,5.97405303661724e-18,-3.4486542817124e-17,1.67813980153982e-16,-1.08778003965471e-15,-5.13344713051566e-09,-2.44231939802496e-17,1.14820798162023e-16,-1.58181819410344e-18,7.61863918595985e-18,-1.39635793353414e-16,-4.19184126908983e-17,-5.05260518651535e-17,-2.75857964877427e-16,-1.79866271850033e-17,-2.03685597070136e-16,1.96138043851292e-16,-2.30569928034779e-16,-1.77938991939639e-16,1.98504626876576e-16,-3.18203971589441e-17,1.67145297563522e-16,-4.78687245259013e-16
"t349",-0.0416948469894483,0.0344939119162825,-0.0561824150919272,0.0232726557252664,0.00474600245614335,0.000437563584008727,-0.00820669394848401,0.134308432209957,0.000135434900705138,-0.000449691188458301,-0.000195078568267442,0.00791923070422417,-0.0121189914992374,0.00167135422153855,-0.000341719488256904,-0.0310784022540113,0.000483143091591299,-0.000575239925684802,-4.24287842919755e-06,0.000109707718457606,-0.0647198055192296,-0.000614917215557752,1.09225349632285e-05,-5.30350105552909e-05,6.41826712140822e-06,9.06898524070075e-06,-1.65366133349002e-05,2.00074425207108e-05,-0.000671399718854819,0.000721769886815971,-2.35779614169764e-06,4.27703887997301e-06,-0.00148049081117527,3.93098713015398e-06,-2.38674231613469e-06,-4.55523230199088e-06,-0.000189254715906798,1.43440156306399e-06,1.20336372387191e-05,3.58225858995984e-06,0.000232912634192282,-4.13024433120982e-05,0.000482535657999655,-5.84642387961032e-05,0.026936693223242,1.21107064432447e-05,-1.05652194318494e-05,0.000177908674696705,-9.283110423698e-06,1.22821370351473e-05,-5.19407690331265e-05,3.88130079176671e-06,-5.27941513237003e-09,8.72007199949234e-05,-2.68256123952476e-07,2.56726934027365e-06,-7.26147710542832e-11,-7.63546982637196e-07,2.83780539545179e-07,-5.25117520239436e-06,-6.78834118124086e-07,7.0916108180173e-08,-1.99075152881481e-06,1.00897059967596e-06,-3.95776288979688e-08,6.08798404324843e-08,1.46467902547835e-08,-7.99726277910441e-07,2.56755910184292e-06,-1.29240395311971e-06,2.38582627006397e-06,-7.39637930715591e-05,5.18820882321862e-07,3.33341256383737e-05,-1.49373739581864e-05,-3.90655707616735e-08,0.000739280219518867,-1.19295456185007e-06,7.72331992154247e-06,1.0203260715501e-05,-3.58884102661247e-06,-5.58421082876978e-05,9.14321106968502e-06,6.2582797482404e-05,-5.497806881445e-06,-0.00103077508223842,0.000339750220841863,5.25032749647265e-06,2.02723583095195e-06,-0.00223948616603886,2.06721217988038e-06,-1.52577542689566e-05,-1.68672604272453e-05,0.00180045776524796,1.03560835195651e-05,0.288573910594481,-0.0121410581163071,0.0478925626031996,-0.000607145908078263,-0.000109849729465251,-1.79377647252668e-05,8.4988106049258e-06,-2.34346723351766e-05,4.30591428101178e-06,-1.81449813316151e-06,1.99133072313475e-05,-9.07009315875587e-05,2.37966680324759e-05,-1.36120793421166e-05,2.57866172324753e-05,1.39155778749447e-05,3.1621490729884e-05,-6.93124984971097e-05,5.50179820352419e-05,-2.0924109874057e-07,7.66848440355179e-06,-1.10916494919105e-05,1.11663360341473e-05,-1.08172825554024e-05,2.58414022509688e-05,-0.000123544913116066,2.16889600695513e-05,-2.00864811648126e-05,-5.52260337629034e-05,0.000138225303259214,-0.000217363969276005,0.000163648426219665,-5.06951110374806e-06,8.90401070132012e-06,0.000293194721773626,-4.81443336516152e-06,2.44335867710264e-05,-2.81373834933264e-05,-5.40581575713362e-06,-0.0888590469722251,2.25851242047744e-05,-6.17710995649452e-08,-3.85985424897193e-05,1.12778413328091e-05,-3.23920495442036e-05,-2.05226622004341e-06,-7.91252082005364e-05,1.53670059599714e-05,1.01353097718807e-06,2.44912237802102e-05,-1.90829613415038e-07,-8.55715841375441e-06,1.26234572081679e-06,8.2049233824865e-08,-2.15261251887495e-07,-0.000240410226370459,-9.429856972754e-07,-0.000806658338912007,6.66312014504778e-06,-2.00198075051481e-06,-1.73798900205443e-07,2.60109022954291e-06,-0.000150493589662294,-7.07876426236086e-07,-2.34757364340471e-07,-0.000114798578957498,2.2378305173692e-06,-1.2562872386963e-06,-0.000166064356691877,2.00484822298729e-05,-7.47611137617531e-05,1.39956100556911e-05,2.41776702870556e-07,1.20543664048127e-05,1.67541992792171e-05,-0.000209418125972922,-4.98379294445363e-05,3.62755932204795e-05,1.83051434834249e-06,3.59612368442972e-05,8.3670005792686e-07,3.37117219930044e-06,-3.90526968087705e-05,-0.000149324668700459,-0.0776395881529524,-0.00350598458775517,-0.00166504073126722,3.10681722628561e-05,8.08836268904229e-07,2.64887855119988e-06,3.31980716952005e-06,6.38119233803195e-05,-1.94521335314214e-05,-9.26749720608685e-05,0.0153676406683311,-2.44372053102196e-07,8.21011714766075e-08,1.65128646775949e-07,4.45338355566061e-10,-2.3502826660273e-09,1.15512484182543e-08,1.98953230645044e-08,5.86668466155365e-07,-6.75627043967086e-09,3.55500180374839e-09,3.7754368373999e-09,8.88992656059718e-07,-1.60288930688253e-10,-8.24087085456657e-08,-1.7759996639821e-08,-5.47979771434215e-07,-5.2016001717074e-09,-4.5785919012384e-06,4.08717593453183e-07,4.35408198544538e-08,7.56214662442087e-06,-2.01367586018925e-05,0.000109835743691095,2.85757798181556e-06,8.85438579137542e-05,3.24202593461762e-06,-0.494569115320367,2.84341638141634e-06,-1.00847573710396e-06,-3.59678998842695e-06,-1.81317653144588e-05,0.000151992697402782,4.25247809198838e-06,1.33910616504566e-05,-3.13888359191222e-06,-1.58312159512557e-06,-1.66489576549317e-05,-1.08389256734004e-06,-1.65508321376216e-06,-1.28774037192092e-06,3.53151763914097e-05,5.50435794484336e-06,4.24840305533815e-07,7.09821655239603e-07,-3.75625807578601e-08,-0.00757281221932823,-3.08404148369811e-06,8.10139593871821e-16,-5.18100319804419e-07,0.000269647887525619,-1.02719685434647e-06,-2.83558779598319e-05,-1.93402974940531e-05,0.0308350238788134,-4.04373603387285e-07,0.000114671592333026,-3.21477593688886e-08,2.34892308259521e-09,-3.85211147479781e-06,5.8103536901609e-06,-1.84592730021354e-07,2.53795392580993e-05,-1.20768696487615e-06,3.83573155819526e-06,-2.60202406668819e-07,1.69643713551936e-06,-3.94781190022645e-06,0.00347930504848066,6.60088223185281e-07,-1.40849719378506e-07,3.3646004784341e-06,-6.68432245342377e-07,7.52856828663878e-05,-3.89075087090584e-05,4.11252121679936e-07,-1.40929345303411e-07,1.9770697046281e-07,1.40501604489547e-05,-3.22520618933847e-05,2.24401343461627e-07,9.17969145279999e-08,-2.1577854381477e-07,1.89980860656868e-05,-0.000489125252238821,1.94593900088326e-05,-0.000374000352716085,0.0894631271712596,2.45989321014739e-05,-1.59301590436072e-05,4.71821155626705e-06,-2.21631688281457e-06,4.98576866938893e-17,3.61822271551599e-06,1.18268056095539e-07,9.5170474641101e-10,6.07640088052753e-06,-8.54119176247553e-08,4.77956969414756e-08,0.000161897380166302,-2.72212565232191e-06,4.92348712521547e-07,-1.2759802876644e-06,-3.89614837222728e-08,1.98652713461915e-08,-2.30268684999856e-07,2.57635997632088e-07,-4.32499861637703e-06,4.47727360271485e-09,2.05542426229949e-06,1.39434551942749e-09,7.68656725742964e-09,1.87680620795341e-07,-2.44471009733785e-06,5.99264146479696e-08,-2.41058337651273e-07,3.42076089200992e-07,-1.26017530012153e-06,8.85922532061252e-08,8.06120704260481e-08,6.22573831297949e-07,-1.05639979563191e-06,-8.71776486927628e-08,7.30234715953648e-07,-4.89283785715248e-07,1.22132245280199e-08,1.15480869693253e-07,-2.31616981339916e-07,3.58234340634511e-17,8.19109874859906e-10,3.49976527873421e-06,-2.45038561630146e-06,2.37903179701084e-07,2.12968633962837e-07,6.25606474056706e-08,1.4653580177311e-07,-2.16775567096745e-06,8.23344029585047e-07,-8.29310281501541e-16,-6.61829994099216e-07,-8.11513268165432e-09,-2.29710804154221e-08,7.65269644261208e-07,1.78295646504663e-07,-1.22375984530858e-08,-4.79393482565844e-07,1.29955163181116e-07,-4.46716070005382e-06,8.76556395923553e-07,-1.82439839517739e-07,-3.3467338733749e-07,-1.78592453339824e-08,-1.35235741477213e-07,-3.42851429113296e-07,1.45573292992558e-06,-3.80818327665253e-07,3.60590941976079e-16,-0.000333198383075957,4.49231319012914e-06,1.67050217642405e-08,0.00191573098098293,-7.69731174812386e-07,-1.83730786066466e-06,6.70342224087194e-06,-2.45226682813043e-05,-1.75169988736643e-07,1.165614576031e-16,-3.34178210446815e-07,-9.38037907875582e-07,-4.53360480184116e-07,1.91802900621011e-16,9.23180994859578e-07,1.22944904863748e-05,-1.89655164466427e-06,-7.967322224323e-07,-2.78599794463717e-07,-1.55406045916907e-07,-5.76936185926105e-06,1.87541922206025e-07,2.04320698717761e-06,7.30948591150858e-07,5.36026334735742e-06,0.030318633857559,1.8231527390017e-15,-5.50375831100299e-06,3.91994725841341e-07,3.08999759284269e-06,-3.79672626700821e-07,-3.25296167079855e-15,-5.25096779620524e-07,8.62710054627338e-06,-5.76235288546832e-07,-6.55024787044371e-07,-2.51613153487313e-06,0.337026614943666,2.01615151282961e-05,-6.95255620540309e-07,7.26458797056516e-16,-1.32392868146352e-06,1.26434092076197e-05,-4.22228211558012e-06,-1.23333951140591e-06,1.24087060881859e-07,8.02995837801372e-10,3.92914867308747e-16,4.467943363994e-16,6.304918187431e-10,3.54547536173472e-06,-4.57308158411262e-07,7.50287132324638e-08,5.99749074655812e-17,2.50086663079828e-08,2.50095341320253e-10,1.68594741216292e-15,1.82871331172477e-18,-3.59770178480704e-16,-2.90066739035902e-08,-7.80278969578391e-08,7.824575681111e-08,-3.07699388694917e-08,-1.44869591039604e-08,-1.4741689106158e-08,3.95847268165436e-08,4.11340578274455e-16,-8.54187281449528e-09,5.05189764289126e-08,3.45798985034533e-16,-5.22147834668047e-16,-5.64968781936634e-08,-4.90071865787014e-12,-3.21035261540252e-07,3.61710362951158e-08,0.00041121382168154,-2.24107034847247e-09,-6.33797791376691e-17,-8.67066739478425e-09,-7.16063223113667e-16,-3.29379359774104e-08,-7.45470308746721e-16,-4.72572269487108e-07,-2.03097608295526e-16,5.17469476600653e-08,9.36375337964538e-08,4.82035738600034e-09,6.46289305194839e-08,2.24440034969839e-07,-2.00121125342017e-07,1.73448620835028e-07,9.14687957037406e-09,4.45159431601698e-08,4.16731133508495e-09,5.03788322602763e-07,-1.9519550021035e-07,-4.94076609636725e-08,-4.08729924933168e-09,-7.39888076231428e-07,1.57284128384505e-17,9.47347190345951e-07,-1.67231009499126e-07,1.74830965349161e-08,1.8706608783997e-16,2.3490001833559e-09,6.50233644032553e-08,2.34620195317693e-07,-2.59488865523194e-16,-3.96733612760224e-07,-3.08649564883231e-08,-2.68871151476322e-16,-4.11178444419121e-08,2.66047044607011e-05,4.54926423269535e-16,1.5829121774562e-16,-2.45505895787245e-08,-1.90235196028154e-08,-1.09226995448651e-10,-1.52779980624306e-07,4.12449089203835e-08,8.42776439703131e-08,1.17249338899331e-08,1.46191540355073e-07,-2.5156724437359e-07,9.18210819877974e-16,3.61566809538703e-09,3.59305892854846e-10,9.94699718201292e-10,9.34350357201413e-08,7.38629942189524e-18,3.75913936675354e-16,3.08875976210499e-08,1.06106445678588e-16,6.72244967961966e-16,1.99939020245192e-07,-2.242806797773e-07,-2.90329294528771e-07,-2.44309187134074e-09,7.42212323502751e-06,1.62931081234821e-07,7.33118458869802e-09,-4.64294602858774e-16,1.81776911537072e-08,8.5261298652482e-10,3.91767362709121e-09,-2.76212925385929e-07,1.10092342270201e-06,-1.37069182261751e-16,6.69666800344406e-17,2.64451305320814e-14,-1.40376959583166e-08,-4.7063752881443e-08,-3.94644035658892e-08,1.28043286650203e-16,-3.62867853051017e-08,-1.64805380567324e-15,-1.11191586176779e-16,8.73526124844006e-07,-1.91848547724153e-08,3.40645480573221e-15,-4.74385795175406e-08,-1.7055147004863e-07,9.65534584704791e-16,7.38980282803978e-08,3.36454692709901e-16,1.98677263328482e-08,-1.30347711189497e-15,1.98341704938536e-08,1.71769669868691e-07,4.31996969985214e-08,5.85845901771967e-09,4.02895789660196e-08,-1.05351119543472e-06,5.64389043691007e-08,5.04752965974191e-18,3.37721142864448e-06,-1.47216698934353e-07,6.94177247286595e-16,-1.46632688459571e-07,-5.8048727676226e-08,0.000606851661460742,-2.81056586261796e-16,4.23687400725077e-08,3.89632722667614e-07,9.53526772582718e-17,-1.40703498929379e-07,-3.11628958480032e-08,-1.13072600949744e-08,-8.48971759977303e-16,-5.89920367389327e-16,2.93882600061478e-08,9.02889576573197e-09,7.30978362045883e-10,-1.06997293155961e-07,5.44002659704826e-09,2.41863411330827e-16,5.83638586398228e-17,1.98899789103302e-08,1.37127004755136e-10,7.31939215627078e-17,4.81989320392359e-08,3.63937404387198e-16,1.73283014352584e-07,-9.27897257101017e-09,-5.42301948335928e-09,-3.59900787811271e-08,-6.44014204271889e-16,1.06513229292208e-15,6.87100007480367e-16,-1.20815529939883e-16,-2.07692349618585e-08,-0.000443306136255952,1.78727982130366e-15,-2.94244309324411e-15,3.76635961608409e-18,9.77284562371428e-08,5.60982875562671e-06,-4.87759683770896e-08,-8.64979557428471e-16,1.98853520455566e-15,3.9624878898914e-16,-3.05082410138075e-07,6.476002324739e-08,-2.90393426467154e-15,7.12668183094231e-05,-2.98110198125763e-07,4.77785623661951e-16,4.91157325718198e-16,-2.98336199056967e-08,-3.05736380235436e-10,-1.48087506915322e-08,2.29336242708962e-15,1.67102314724064e-08,2.43727253314832e-08,2.62068148132152e-08,-2.39574198298278e-08,-8.54023315610855e-08,4.48733878607406e-05,-1.99492039619088e-15,-5.72174639392229e-15,2.05928095178944e-15,1.04353996200084e-06,-1.26289589873155e-07,-6.88530046751551e-09,-5.44390996121147e-09,-3.08554149650852e-15,-2.51123460778139e-15,-1.18355407876479e-15,-1.21254322086904e-15,7.38345491208122e-15,1.80745134666506e-07,-5.56773215559311e-15,1.79408442945026e-15,-4.23644118187223e-09,-3.04694142774504e-15,-3.7927508853893e-09,-1.82904212694811e-15,-4.70303574071014e-09,3.55618270365328e-15,-5.72010964369156e-09,-7.17178182569892e-10,-1.79446192008077e-05,-1.83336923099977e-15,2.29726216499007e-08,2.90521100879612e-15,3.27497371299471e-08,-4.00263454245666e-07,3.20116434799325e-10,-0.707106781186545,4.67855285790389e-08,-8.59399462243459e-14,-1.15293033794585e-08,-6.50840356874181e-08,-4.40911221879251e-15,-1.98091580553086e-15,-1.43634247390123e-15,5.09133024064899e-15,-2.18950967897219e-10,-2.85281961032628e-09,-6.374353791804e-10,1.55454603879799e-15,3.56432232491406e-16,-4.68558011048043e-08,2.84949539738183e-06,-8.1261842363423e-15,2.873521102698e-15,-2.92453640122112e-09,1.56770974662447e-15,-2.07421189372745e-08,2.30425193985381e-14,1.96284441421039e-07,5.9221929685968e-16,5.24889984217873e-15,-1.94859770318427e-16,1.00103903175129e-15,-4.83204248560886e-16,1.75856096149706e-15,1.95643875960959e-07,-1.36832735988441e-06,-6.54182699540898e-17,-1.7611385709873e-08,6.70361069027414e-08,-3.48176065606271e-15,-1.62143481896384e-15,1.11590091258882e-15,2.14527011122766e-15,6.62731896282045e-09,1.06054436118268e-09,2.4291664983481e-16,-1.26604478485679e-17,-1.2051842027008e-08,-4.29953125544393e-08,-4.50112048348856e-09,1.57595946336398e-15,-8.02795483896919e-16,1.43545294502663e-16,-3.25113248574212e-16,-5.06872950523514e-17,-1.01792151266757e-15,2.55344709795489e-08,-2.41620847590501e-08,-4.64808188195e-09,5.36693270064968e-16,6.46375455809191e-16,-2.15489104546635e-16,-8.01041303420467e-16,1.11339765906997e-16,1.17621845170276e-15,9.09792854823178e-16,3.02649449724948e-16,1.67546837624116e-15,-7.26106960937913e-16,-5.98761288778692e-16,-5.26818070150671e-16,1.95807290550804e-16,-1.46208436215749e-15,0.000100962926598624,1.17411305713163e-16,-2.14034730538846e-15,-2.88945614418555e-16,2.51204264115578e-07,-4.37957985147134e-10,-7.29334413211367e-16,-4.84192418240898e-08,2.29935594855235e-07,-5.62703120798293e-16,-5.24583789382424e-16,-6.42522267402226e-08,-5.22765628130358e-16,5.67709777264314e-09,6.95637190868699e-16,1.86600717177827e-16,2.22516542931379e-16,-1.91470265153832e-16,8.05934764429869e-10,-1.10689024847978e-07,-1.77847745539882e-14,-2.73399883063618e-16,-4.40618236262309e-16,-7.37502613694947e-16,-2.73587576204992e-15,6.42226147153653e-17,5.65663658128807e-16,3.16233022627653e-16,0.00021923494395747,4.05275444388885e-17,3.41003140355083e-17,5.77237813983189e-17,-2.37389507260869e-16,3.66913555139147e-16,6.95801789418666e-16,-2.65113123234138e-08,-1.19997033200156e-16,-1.40927535332338e-16,1.97722953534862e-08,3.09561780691768e-16,2.4655101572764e-15,2.88764085991311e-16,3.39698444948318e-16,1.14221515591966e-07,-1.81971063252987e-17,-1.22177552089279e-08,1.44222871805215e-17,5.10076503791566e-16,7.35148698714265e-16,-1.76313264339036e-15,1.78427295930142e-16,1.08182567232424e-15,4.41982860724507e-10,2.99622378385272e-16,3.82123840629171e-16,1.28486682044893e-07,-5.52248261103064e-08,4.82229515158563e-16,3.87148688957952e-08,5.6715882720037e-09,1.46690377818626e-16,-1.67492780444698e-15,7.17272804088422e-17,-4.61187910602133e-17,-3.74388109548505e-16,-9.55848207888342e-09,1.84480278752758e-15,-9.71604375224396e-16,-5.79471650021811e-16,3.83000305252751e-09,-3.42165724657461e-16,4.57376216048083e-16,5.66191527671631e-16,4.49688027734956e-16,-1.74693106273941e-09,-2.28847617322931e-16,3.62878598029059e-09,7.66858648582922e-16,3.06451508845738e-16,1.09981537335365e-15,-3.8083081342515e-16,-4.80045303792264e-16,-2.57217864817892e-16,1.28230722621354e-16,-8.16088147461117e-08,-1.20728037495792e-16,-3.0186521295089e-16,2.65226695311088e-08,-9.81074347468016e-16,8.68369694020707e-17,1.5879703573871e-16,-6.90409280548861e-16,-9.51353621108125e-17,6.90153161935493e-16,-2.78988821928843e-08,2.88387428138788e-16,1.6381884627484e-16,5.73570095547205e-08,-2.09622873976326e-16,7.01353571825365e-17,-3.95910498373985e-17,-3.11904380713274e-16,-4.09437715280686e-16,9.28958326112337e-16,-1.40994897980668e-16,1.02886111924974e-16,4.81664113331191e-16,-1.93725245793728e-16,-1.51395934681543e-16,-3.01535038107708e-08,1.29424087551366e-07,9.73474009617939e-16,1.4550747164322e-16,1.64802462716565e-18,-1.03806957839304e-16,2.7972416050126e-16,-6.12834816429659e-16,-7.04731258040275e-16,6.19948725799654e-16,-1.25790276963201e-09,-1.44264252017644e-16,-3.54502518061681e-16,2.15828478368871e-16,1.78542865076305e-15,1.61263080225406e-09,-2.25171614399556e-16,-1.31608647458119e-08,-3.65971600558144e-16,4.50349810937637e-16,-7.67617529617404e-17,-1.55742711010843e-17,7.26235195011443e-18,-1.29888260841957e-16,2.23177652326977e-16,-3.48343215729837e-16,-3.55715857397731e-16,-1.98410327850912e-16,2.67619244292965e-16,1.30170576720287e-16,-8.63831419303642e-17,7.21386455314338e-16,-2.93043890215131e-17,-6.16645597741678e-17,2.83931690423171e-18,-1.2996210406626e-16,3.6434358421535e-16,3.220800378548e-16,2.67201625409053e-16,1.42820653316574e-16,8.52155045772476e-16,-4.98894496878121e-16,-2.26229283205793e-17,1.22458426486915e-10,-6.23989290157636e-18,-5.85361895894005e-16,-3.58193299468793e-16,-3.82792258883278e-16,-7.84162985993634e-17,7.69253275244325e-17,3.20924965991721e-16,-1.32138888218657e-16,4.09546343889177e-17,-2.01135227033495e-16,2.70562652143758e-16,-2.89970742415532e-16,1.22446296780324e-16,3.08433247135619e-17,-1.84187462686085e-16,2.65501750304864e-16,-5.10795746661308e-17,-1.58161702706149e-09,-2.26443782288855e-16,-2.59433738451045e-16,9.83207061383321e-17,2.85766097677374e-16,-1.9394451308871e-16,-4.61394990614637e-16,-4.71447586262285e-16,1.32174418604701e-16,-8.7143453846469e-17,3.36308683965428e-10,4.86622775108191e-16,8.54183674377358e-17,-2.96758038639801e-16,-4.73083726819343e-17,-1.19255962865819e-16,4.95712704125764e-16,6.98352374817166e-18,-3.14561992686173e-16,1.73584456290976e-16,-1.55878066725156e-16,-1.0539780904981e-16,-6.03731613969599e-17,-8.59243865853693e-17,1.702725329253e-09,2.12507597177541e-16,-3.48909458142542e-17,-2.87057058896019e-16,1.11293353005637e-16,-5.13344660908359e-09,1.49643824883779e-16,-1.36571024461969e-16,1.43544790622508e-16,-2.54591655599282e-17,1.11800871838117e-18,-1.7343741208587e-16,2.85112069868676e-16,1.88949119625371e-16,2.3835053304605e-17,1.38167412660763e-16,-2.29303682015908e-16,3.32088661264945e-17,5.85792246255322e-17,-2.02663583196574e-16,8.2724244947347e-17,-1.0992596730818e-16,-6.95406668287221e-17
"t94",-0.0416697994046513,0.0344502486714471,-0.0561089985092192,0.0232319010031063,0.00473582757436668,0.000436463120361837,-0.00818564932164426,0.133936652234479,0.00013499220375537,-0.000447909280098649,-0.000194098267857099,0.00787022168468736,-0.0120418042168242,0.00166054848044843,-0.000339414156284414,-0.0308564030613997,0.000479609742228544,-0.000570957055675022,-4.21055959458024e-06,0.000108800102113685,-0.0641408147833432,-0.000608282184381826,1.07980992850632e-05,-5.2427368439887e-05,6.34444228930526e-06,8.95971682147507e-06,-1.63350232324166e-05,1.97613603489584e-05,-0.000662921139734116,0.00071101351141814,-2.32033592051308e-06,4.20600785370143e-06,-0.0014541363025854,3.85770778249856e-06,-2.33998878966759e-06,-4.45890787507227e-06,-0.000185202259063186,1.40320157307209e-06,1.17701203293273e-05,3.50265172227178e-06,0.00022758876624507,-4.03356023512345e-05,0.000471072573357401,-5.70736813867954e-05,0.0262848917198472,1.17990517142017e-05,-1.02883283133971e-05,0.000173206286385596,-9.03190629461687e-06,1.19413718970649e-05,-5.04519694135596e-05,3.76837787716318e-06,-5.12548180223146e-09,8.46111808877532e-05,-2.60004861869566e-07,2.48788832272665e-06,-7.01560539074632e-11,-7.37074689886366e-07,2.73914279301905e-07,-5.05805001755668e-06,-6.52826099183552e-07,6.81448733228644e-08,-1.91171900926186e-06,9.68756266102815e-07,-3.795397929748e-08,5.83180971653398e-08,1.3996175396844e-08,-7.63355115661175e-07,2.4495255332075e-06,-1.23184215026884e-06,2.26274293341184e-06,-6.98785681141907e-05,4.89872261544888e-07,3.14352611586787e-05,-1.40842816083023e-05,-3.68147053659007e-08,0.000696535495505912,-1.12279452463407e-06,7.25167922941658e-06,9.57084068261359e-06,-3.36077011843154e-06,-5.22743168718775e-05,8.5361973308581e-06,5.83806172412057e-05,-5.11074505353015e-06,-0.000957284629625175,0.000315219750360581,4.87047515228224e-06,1.88049099136897e-06,-0.00207716138255144,1.91665970415651e-06,-1.40965420127436e-05,-1.55784634639469e-05,0.00165921928809775,9.50715390411773e-06,0.264764264756482,-0.0111390212058328,0.0438747818899466,-0.0005559045646757,-0.000100368486237566,-1.63614627675249e-05,7.7507824417698e-06,-2.13683737823169e-05,3.89560183785907e-06,-1.64061742576533e-06,1.79966855763534e-05,-8.19033189027706e-05,2.14835184797728e-05,-1.22838788635164e-05,2.3256009933101e-05,1.25474054278355e-05,2.84780622510572e-05,-6.24132664858475e-05,4.93836104940615e-05,-1.87684268556191e-07,6.8681113734177e-06,-9.92727653890144e-06,9.97550660139688e-06,-9.64628256408817e-06,2.30125614475998e-05,-0.000109935032624202,1.92477191226777e-05,-1.77943932320513e-05,-4.89208467740933e-05,0.000122413095514337,-0.00019215054977526,0.000144643980330967,-4.47378506362278e-06,7.82235645291216e-06,0.000257564567053453,-4.22780619099422e-06,2.13909792430139e-05,-2.46187509402595e-05,-4.72774642559396e-06,-0.0775741009624316,1.97119418229725e-05,-5.37075872593807e-08,-3.34561239932596e-05,9.73368723106163e-06,-2.79535640815173e-05,-1.7697546548216e-06,-6.82073510242978e-05,1.32386274953284e-05,8.72951852329013e-07,2.10941682162509e-05,-1.64087794583799e-07,-7.33354100873602e-06,1.0781503161548e-06,7.00170415942367e-08,-1.83346479058079e-07,-0.000204735914461768,-8.02474614237294e-07,-0.000686167666855714,5.66509077056366e-06,-1.69448252065919e-06,-1.46997518914616e-07,2.19884923053149e-06,-0.000125724395871095,-5.89638715096603e-07,-1.95457142850317e-07,-9.53412702254856e-05,1.85758061203938e-06,-1.03944345797338e-06,-0.000137346107853667,1.65285215570267e-05,-6.1443671945412e-05,1.13977249098518e-05,1.96833435510535e-07,9.81278643692573e-06,1.36213845549011e-05,-0.000170006405896589,-4.04499193890893e-05,2.93551712084637e-05,1.47991594081663e-06,2.90146697948011e-05,6.74738677931784e-07,2.71791162127081e-06,-3.13353261728962e-05,-0.000119219706842159,-0.0619332235200777,-0.00279441658958743,-0.00132385149555825,2.46784155225175e-05,6.41884577531799e-07,2.10027029480817e-06,2.62442024910297e-06,5.04080878249997e-05,-1.52671030810227e-05,-7.27207037372509e-05,0.0120323789917111,-1.9017273786564e-07,6.35646157065497e-08,1.27617813978269e-07,3.43253704765975e-10,-1.80788694643456e-09,8.83188683076448e-09,1.5191506345195e-08,4.4670391783688e-07,-5.13710824872459e-09,2.67323596895921e-09,2.83749381239077e-09,6.64944551937278e-07,-1.19322627935096e-10,-6.0636089156213e-08,-1.30670437221186e-08,-4.027403144004e-07,-3.81014005855233e-09,-3.34593765419916e-06,2.96810954910195e-07,3.13703887257705e-08,5.41329783814056e-06,-1.43857201736685e-05,7.77478444089153e-05,2.01227310342276e-06,6.2342961003279e-05,2.27336648439344e-06,-0.343162751754159,1.96889014056277e-06,-6.90585092739679e-07,-2.44374207039666e-06,-1.2285321620171e-05,0.000101805506571313,2.84041808841376e-06,8.91708150615247e-06,-2.0704444215965e-06,-1.04222215828828e-06,-1.09553443328384e-05,-7.05662801558489e-07,-1.07045503494946e-06,-8.26693028008812e-07,2.25940139836809e-05,3.5090562435998e-06,2.69928073681262e-07,4.50563302987425e-07,-2.3630858953759e-08,-0.00473721955972301,-1.91729562333329e-06,9.45746256138382e-16,-3.19190543459972e-07,0.000165820395489466,-6.23609909408683e-07,-1.70411275503259e-05,-1.15244302298624e-05,0.0183643917903461,-2.36954713962721e-07,6.70085715875846e-05,-1.87614519682036e-08,1.36236232109004e-09,-2.22476430911685e-06,3.32957411933734e-06,-1.05408676488727e-07,1.44714985669437e-05,-6.83114465681809e-07,2.09478136841113e-06,-1.40262255499552e-07,9.04355421361127e-07,-2.05254897439528e-06,0.00180566129634111,3.36364225120482e-07,-7.10223928436632e-08,1.67069543392031e-06,-3.30248292606392e-07,3.6998907995749e-05,-1.8978989352969e-05,1.98368191280031e-07,-6.7889508980068e-08,9.24581247096151e-08,6.56600188447497e-06,-1.50603860528607e-05,1.03914978391801e-07,4.23757248646642e-08,-9.86068169886695e-08,8.6652927397904e-06,-0.00020900719098815,8.25174573893053e-06,-0.000157623851097196,0.0371676369532287,1.01005010421892e-05,-6.36451666754647e-06,1.86966714134899e-06,-8.72507115830681e-07,-7.40445109455077e-17,1.39185953354149e-06,4.53541939310864e-08,3.61248763588187e-10,2.2497296782588e-06,-3.09281249916541e-08,1.71207684176702e-08,5.76791699595118e-05,-9.00348458191001e-07,1.62017573319944e-07,-4.19307503954318e-07,-1.25022774674261e-08,5.92829983835096e-09,-6.78040568476561e-08,7.51478892767939e-08,-1.22158178949395e-06,1.1012334110498e-09,4.72822606426286e-07,3.19438946743472e-10,1.75880795541234e-09,3.52155168364615e-08,-3.34285165078992e-07,7.78846781668157e-09,-2.89122217510899e-08,3.67982823479519e-08,-1.30721864532113e-07,6.2756756565847e-09,5.50574555024434e-09,3.96088516338763e-08,-6.38116946239159e-08,-4.33596642085902e-09,2.75714813504823e-08,-1.29664503384932e-08,2.62993263350639e-10,1.50493363231176e-09,1.25298292167021e-09,2.86281809835644e-16,-1.04704381925238e-10,-4.93721164433356e-07,3.95167330928721e-07,-3.85098680211941e-08,-3.46097267773837e-08,-1.04812914031755e-08,-2.5950815692183e-08,4.08826416385869e-07,-1.74876549948373e-07,1.11194170403596e-15,1.78313214693042e-07,2.24591852179687e-09,6.72262140922983e-09,-2.2542539068848e-07,-5.97529754163421e-08,4.38416315178219e-09,1.87856807985279e-07,-5.4015578425422e-08,2.09519697772376e-06,-4.56340624136773e-07,1.01231789560372e-07,1.92325718430774e-07,1.0485948095194e-08,8.24501695464866e-08,2.09889997162911e-07,-9.14893730622335e-07,2.44214257818142e-07,-5.04012348941553e-16,0.000247137791708735,-3.43063176807824e-06,-1.27607136220006e-08,-0.00158728457710104,6.45519547822545e-07,1.78000716545133e-06,-6.75997102544829e-06,2.49248711676444e-05,1.83403726361093e-07,1.66921652946728e-16,3.6184926279952e-07,1.02844631417103e-06,5.20614275201912e-07,-1.72529442879832e-16,-1.11415252650843e-06,-1.50118622176172e-05,2.32976112017698e-06,9.90993068518944e-07,3.53827673058248e-07,2.00475962700034e-07,7.53391655296032e-06,-2.53890793543126e-07,-2.7778828907773e-06,-1.01863700524331e-06,-7.80095002512646e-06,-0.0442212254118747,-2.55015180949307e-15,8.73652515815244e-06,-6.31451871959294e-07,-5.14129046131453e-06,6.63511882430613e-07,8.7076340393469e-15,1.02037377232691e-06,-1.89057405409096e-05,1.33369939514735e-06,1.55540006770544e-06,6.1619758445177e-06,-0.874422500784146,-5.75347632579131e-05,2.53877823955893e-06,-2.10169103133395e-15,6.12823575446318e-06,-5.98164232894478e-05,2.09229578664739e-05,6.5288568925875e-06,-6.60270196234821e-07,-4.35520132666056e-09,-2.41126563160776e-16,-1.50610793695099e-15,-3.83238164251428e-09,-2.39457553589623e-05,3.13085895424421e-06,-5.68420805578084e-07,1.12906276489588e-15,-2.42773625210553e-07,-2.75187601425621e-09,-5.13381942536989e-15,-8.89363891819012e-16,1.46817396137795e-15,5.22388383933491e-07,1.5214884292081e-06,-2.11136285468909e-06,1.20719245288171e-06,5.99587836416933e-07,1.19480933463537e-06,-3.59736210644799e-06,-8.31433668348619e-16,-7.43073038664468e-07,2.65535499405478e-06,-5.60483008959237e-16,2.40450109781121e-15,-1.20894488433341e-06,-9.24364238921451e-11,-5.24496046641887e-06,5.43415580673054e-07,0.00537370462847481,-2.86960942474309e-08,-2.13327455043587e-15,-1.08069584418807e-07,1.05056420362664e-15,-3.81744238945485e-07,6.60279123043672e-16,-5.21324250856243e-06,5.76768502389922e-16,5.38508676944857e-07,9.63552699299489e-07,4.33796780358733e-08,5.66968052882357e-07,1.94861280541769e-06,-1.6637241471659e-06,1.39170377455376e-06,6.80457972617938e-08,3.30955181054549e-07,3.03218774031946e-08,3.5302895952102e-06,-1.30501631366828e-06,-3.18361165142894e-07,-2.56222815219477e-08,-4.57793680354329e-06,1.45601698843581e-16,5.63900467589817e-06,-9.61256023231251e-07,9.19917144444295e-08,3.23300068350475e-16,1.20776805125905e-08,3.23465870914607e-07,1.15152426489166e-06,-1.53083900153054e-17,-1.93399190192659e-06,-1.46583805235623e-07,3.71486203062016e-16,-1.92876856556504e-07,0.000116543158897605,-4.55032267225311e-16,-4.1411803097009e-16,-1.04959778526266e-07,-8.11576226962343e-08,-4.61423961149449e-10,-6.38174544819973e-07,1.68106568927775e-07,3.42792844889978e-07,4.75521845146695e-08,5.75127428028768e-07,-9.66796790885616e-07,-2.71278225577598e-15,1.37772864627551e-08,1.36712842828831e-09,3.76567956860265e-09,3.51604856866959e-07,3.34944665315597e-17,-6.25353843523165e-16,1.15296378513047e-07,-1.86494698635738e-16,-1.808498988711e-16,7.11570002457959e-07,-7.9205232057338e-07,-1.02513957520075e-06,-8.48592028377375e-09,2.5724232779082e-05,5.64438548172192e-07,2.53215660540189e-08,-1.87337184357547e-18,6.08980202681102e-08,2.83861318221019e-09,1.30165615565156e-08,-9.08572138385313e-07,3.55777122673693e-06,5.12497545507582e-16,-2.28858670822548e-16,8.5648621209443e-14,-4.42750776656017e-08,-1.46947388005416e-07,-1.23126386948655e-07,1.26140317638049e-16,-1.12139994014844e-07,1.67961609601028e-16,1.81601651884354e-16,2.59489758785607e-06,-5.69635655175894e-08,-4.46149193977785e-16,-1.39570279634657e-07,-4.99158670294541e-07,1.95996627454842e-15,2.14012367208199e-07,5.0071247366979e-17,5.68307424822399e-08,6.21444348415194e-16,5.66727110385378e-08,4.90387105753124e-07,1.23213702039881e-07,1.66873017128614e-08,1.14421247136965e-07,-2.95928467766943e-06,1.56193657461329e-07,1.61880547884435e-16,9.18101064071018e-06,-3.99466359069049e-07,-1.30305823094303e-16,-3.96900829571006e-07,-1.56425201218393e-07,0.00162879780739486,-1.8505120446607e-16,1.12214396542883e-07,1.0292812977383e-06,8.61915393833792e-17,-3.70424063768656e-07,-8.19038443680483e-08,-2.95355760951567e-08,1.02388238067819e-15,3.40175775016085e-16,7.5678535794029e-08,2.31129941116926e-08,1.86896822726041e-09,-2.66847158149443e-07,1.35142088108673e-08,3.21652923208706e-16,-3.03174539669953e-16,4.92788008831572e-08,3.39625054525061e-10,-1.34123123016233e-15,1.18842404859774e-07,-1.0487457580849e-16,4.25432263198027e-07,-2.26492891209379e-08,-1.32317758254388e-08,-8.7672449541942e-08,-8.23488169208309e-16,-2.42650146079833e-17,3.86049244249574e-17,-6.2034420414245e-17,-4.98828520740885e-08,-0.00106350369356817,9.9982514571064e-16,4.64021507005012e-16,-1.14681473056136e-16,2.33493946320856e-07,1.3379460875046e-05,-1.15779045349024e-07,-1.52366865268385e-16,-4.32081670789786e-16,-4.47667077019265e-16,-7.12847549259069e-07,1.51236089966687e-07,6.38731533873459e-18,0.000165438941044425,-6.90381881936142e-07,4.95659389346836e-17,1.38900495174951e-16,-6.8705901518587e-08,-7.03786896988678e-10,-3.3978540787019e-08,-6.24666503476507e-17,3.81362037945443e-08,5.54608717830075e-08,5.93933717650629e-08,-5.39993627471141e-08,-1.92214551475082e-07,0.000100722727958699,-4.03981126805863e-16,2.62182866326454e-16,-3.37013284445912e-16,2.3071854491607e-06,-2.79152926128108e-07,-1.51907293203973e-08,-1.18983188629777e-08,6.03690626769142e-16,1.50194133033667e-16,4.21324439106248e-17,3.08953122795381e-17,-9.85168314757092e-16,3.91260735385572e-07,2.26711319252081e-17,1.96079989462568e-16,-9.13674645138073e-09,1.39450409194684e-17,-8.17823820591128e-09,1.25040608817021e-16,-1.01377136224415e-08,9.59973129951476e-17,-1.22520590187699e-08,-1.53384697852703e-09,-3.82913740184868e-05,2.74275765169087e-16,4.8884048047807e-08,-1.63411669911439e-16,6.92692419123956e-08,-8.40073185525644e-07,6.71689402325616e-10,-6.75300238433346e-16,9.78581157191608e-08,-6.87725930977188e-16,-2.39986411347224e-08,-1.35442867119391e-07,-1.39412567146962e-16,9.13032952789932e-18,4.8885381173678e-16,-2.39977484688612e-17,-4.53856956835323e-10,-5.90733224108306e-09,-1.31836483305853e-09,6.88110106545309e-17,6.2987016801635e-19,-9.63573790320766e-08,5.85841977748195e-06,1.72082873728136e-16,9.84959151828084e-17,-5.97088178892134e-09,-1.18552318173048e-16,-4.22858070181865e-08,6.00964921802269e-14,3.984630677885e-07,-2.74895124761116e-16,-7.42668404298266e-16,5.55774518443365e-17,-9.99566984945864e-17,6.44446050409937e-18,1.71008562178651e-16,3.9382001794771e-07,-2.75406411363147e-06,-5.02034037236388e-17,-3.5344069349278e-08,1.34371575228737e-07,5.03847265100043e-17,9.91826030444814e-17,-9.2491973387502e-17,-6.20159933485921e-16,1.32158909221613e-08,2.11237100040939e-09,2.20225108999817e-16,-7.73767709638432e-18,-2.39727987949961e-08,-8.55089860644172e-08,-8.94663114291923e-09,-9.43453722223519e-17,-1.87514228844323e-17,2.30989260831884e-18,1.88143724884943e-16,-4.02854813194362e-16,2.9014821981015e-16,5.02837963985264e-08,-4.75404248407762e-08,-9.13762522052388e-09,-1.21423261065898e-17,1.39457568734564e-17,-1.44614580318143e-16,2.87630046976549e-16,-9.66614294170235e-18,-1.42775048117142e-16,2.79724781552243e-17,1.46766669678173e-18,3.67402229011591e-16,8.87899663256243e-17,1.83465689996151e-16,-5.6069741356973e-16,6.08227089449535e-17,3.90914175269703e-17,0.000195716078291936,-6.83033052369314e-17,1.00801585075401e-15,-1.49493572033495e-17,4.86071373426064e-07,-8.47080840492535e-10,-2.75693223777501e-17,-9.36259199151793e-08,4.43627988521134e-07,1.43729065612353e-16,4.78644510653793e-17,-1.23625131053042e-07,1.77655862083057e-16,1.08866650628604e-08,8.02676320240079e-17,1.94065819874235e-17,-8.14878804645304e-18,-1.95443570655488e-16,1.53748304443536e-09,-2.11087769472806e-07,-2.65601682827289e-14,3.9019400015485e-17,-2.61051969653754e-17,-4.26314211956233e-16,1.07336015076065e-17,-1.60055314040887e-17,4.25411696605624e-17,3.93425572552732e-18,0.00041077931153815,2.31161284020364e-17,-1.07501509648333e-17,-2.60485528813783e-17,8.61785072715052e-16,-3.64736554550249e-17,-2.47846937895898e-16,-4.94909659313968e-08,-2.57167086739364e-17,1.52440469757809e-17,3.68857030110157e-08,1.3610673024485e-16,-2.23821305246091e-16,-2.09479438811802e-17,7.20674342862952e-16,2.11416764571218e-07,1.22797589917485e-18,-2.25828878623386e-08,-1.49538615936721e-16,-9.26565646582886e-17,-3.50355010292172e-16,-7.59975853847569e-16,1.83218313513378e-16,9.66113785927281e-18,8.14646116476506e-10,1.40491905332638e-16,-1.24074367736196e-17,2.36313302201808e-07,-1.01558775231085e-07,-1.44038622744659e-16,7.10658915567719e-08,1.0404903453068e-08,5.9572290400675e-18,-4.18393033656428e-17,6.91202080966432e-17,1.64405849325598e-18,-1.38050329930759e-16,-1.73886695848479e-08,-2.19821200338576e-16,5.59400910925797e-17,2.20253515304651e-18,6.95260958057058e-09,3.53388781037274e-16,-2.40319581192122e-16,6.22885703210504e-18,2.17759004156448e-17,-3.16230836424505e-09,1.69172690045079e-16,6.56318827811608e-09,-9.38771726130617e-17,-3.587213647446e-16,-2.69720869144849e-16,2.20546941331144e-16,-8.5558532651103e-18,2.32141052779355e-17,-1.92547546455696e-16,-1.46933162161429e-07,-7.86615770764067e-17,6.65215638255161e-17,4.7699599493996e-08,5.39866671674734e-16,-9.36455738489895e-18,-2.12739345455061e-16,1.26909427167979e-16,-3.64617019689838e-17,-8.70368617826793e-18,-4.99999008441997e-08,-3.74019542610011e-16,2.96907896411028e-16,1.02634795726196e-07,1.6918681942734e-16,3.63826186994696e-17,5.79748570011661e-17,1.61364850013115e-16,1.86780180487512e-16,-1.07679228266581e-15,2.81682030503347e-17,-1.03094399223814e-16,-1.82613668319124e-17,-1.20787962888552e-16,1.35307754448005e-16,-5.36513520143527e-08,2.30125294521353e-07,-3.59752543236704e-16,-1.40020104237265e-17,5.46992009200862e-17,-2.79146203451054e-17,1.40404181336873e-16,-8.98324102567563e-18,8.65220688782812e-17,-3.79012659483702e-17,-2.22880521562189e-09,-5.99679533124804e-17,7.79886835853911e-17,3.91087152675699e-17,-5.65072856375857e-16,2.84889257252205e-09,-2.85728944585991e-16,-2.31734147945282e-08,3.60354571091224e-17,-5.57041031098904e-17,-9.49896265194798e-17,6.43851703965381e-17,8.37203835831901e-17,4.87464083223157e-17,3.62816920554263e-17,2.81291745136257e-16,-3.26102177996715e-17,2.83199776615678e-16,-8.77229338412991e-17,-1.84354240414681e-17,1.05733488177977e-16,-2.02336031602032e-17,4.80475773272424e-17,9.77278981668888e-17,4.55430759858014e-18,8.23948169292332e-20,-6.37412512404493e-16,-8.02416894123932e-18,5.74627151417317e-18,1.52627324825237e-17,-2.90533840296108e-16,-2.16284254139465e-16,1.36577739011798e-17,2.13068434672099e-10,-8.10095421626691e-17,1.90471448058307e-16,4.96470142298425e-17,3.60619666609799e-17,1.43762258412277e-16,3.70286638909928e-17,-8.49806857764629e-17,-2.46098440400811e-17,-7.74013051584514e-17,3.29154970609172e-17,9.35341214203245e-16,7.18482935227068e-17,-3.293600028604e-17,4.16577066612904e-17,5.33142002350715e-16,-5.68058819764891e-18,-4.0067112117193e-17,-2.73046180725372e-09,-1.10260112723177e-17,3.15219105722007e-17,2.44983601016818e-17,-5.03733254432543e-16,-2.57301431877481e-17,-3.84030018840593e-16,1.13185242790632e-16,2.03913484960098e-16,-2.9508798623581e-17,5.76042173558881e-10,-1.6142645481233e-16,-3.03440253178853e-17,-1.20950572545416e-17,5.83539310268451e-18,-8.24397365944751e-17,-1.86117119103823e-16,7.71583983165188e-18,2.82316007168354e-16,-5.48728849354568e-19,4.7150429946358e-17,8.13001425939688e-17,1.19487598066599e-17,4.47799135618056e-17,2.8940799579284e-09,-3.55118248772453e-17,-2.3078287850977e-17,-1.96782085551569e-16,1.33465287432966e-16,-8.69444725917802e-09,1.79374843931578e-16,-2.72937372531461e-19,-1.1046966881315e-16,5.87038296815876e-17,-5.16115133975922e-18,2.03707935759222e-17,1.86552714965263e-16,3.79108905360212e-17,-9.39230756677151e-17,-1.53853055066143e-17,1.1883937786347e-16,1.91340441660152e-16,-1.76364511020525e-17,6.70361737338194e-17,1.1381701868739e-16,3.77743881857369e-17,-4.90760199702812e-17
"t545",-0.0417261619142271,0.0345486697465895,-0.0562745039838507,0.0233238818512744,0.00475881513163803,0.000438951746264504,-0.008233246490598,0.134777964501,0.000135995310571964,-0.00045195427432482,-0.0001963298387615,0.00798213214276573,-0.0122181437172598,0.00168524125688753,-0.000344686152903335,-0.031364626656731,0.000487702344135346,-0.000580769801873816,-4.28464146710926e-06,0.000110884237816738,-0.0654727586719532,-0.000623622676659237,1.10862762283241e-05,-5.38348398214207e-05,6.51546265634391e-06,9.21322600539083e-06,-1.68029074963955e-05,2.03326813289076e-05,-0.000682623487861574,0.000736167954757381,-2.40818218023774e-06,4.37291899915369e-06,-0.00151627573145788,4.03090409807479e-06,-2.45079285404918e-06,-4.68822628320834e-06,-0.00019485740467159,1.47761039213302e-06,1.23988521164449e-05,3.69276830771226e-06,0.000240326950586947,-4.26526828802567e-05,0.000498572622145701,-6.04099264882275e-05,0.0278506183184208,1.25511325524091e-05,-1.0957469375409e-05,0.000184577828125199,-9.64053348066017e-06,1.27687040433457e-05,-5.40766958615214e-05,4.0436693389041e-06,-5.500823916023e-09,9.09358105420288e-05,-2.80223666458851e-07,2.68249996170306e-06,-7.62396795630989e-11,-8.02741493348679e-07,2.98395923947711e-07,-5.54034732472794e-06,-7.18099589805268e-07,7.51172990274455e-08,-2.11096965470205e-06,1.07019368314516e-06,-4.20652767049374e-08,6.48274865568773e-08,1.56624197762525e-08,-8.56837994247858e-07,2.75340985212128e-06,-1.38823735529019e-06,2.58588577718242e-06,-8.0745231751423e-05,5.67033894800962e-07,3.65183482812121e-05,-1.63691668106677e-05,-4.28546105837807e-08,0.000811321128891065,-1.31189726461089e-06,8.53372486223846e-06,1.12959231276101e-05,-3.98664594855432e-06,-6.20780097265252e-05,1.02205294163041e-05,7.00756750997633e-05,-6.20214399069271e-06,-0.0011652615419126,0.00038489891585543,5.95010414238118e-06,2.29764000236258e-06,-0.00253878268622019,2.34541463572884e-06,-1.74492462613738e-05,-1.93043085665667e-05,0.00207111347072581,1.20214447185937e-05,0.33544953091948,-0.0141141653895981,0.0558768809686789,-0.000709325177297052,-0.000129005117632966,-2.11570565661416e-05,1.00279933164422e-05,-2.76633884046001e-05,5.18917509756774e-06,-2.19027087795424e-06,2.4068010610078e-05,-0.000109876377171469,2.88461949244769e-05,-1.65194072699899e-05,3.13489123983993e-05,1.69269058488576e-05,3.85962903024514e-05,-8.46357221886572e-05,6.780546089479e-05,-2.58394778339461e-07,9.51244210760624e-06,-1.37867836796022e-05,1.39586727357689e-05,-1.35980627260363e-05,3.26242756649377e-05,-0.000156359128073328,2.7689981581938e-05,-2.57930822389599e-05,-7.09317418926402e-05,0.000177685065910902,-0.000281127587843763,0.000211763459484922,-6.59538132501956e-06,1.17704482517785e-05,0.000387652945452385,-6.37402438565258e-06,3.27160546163852e-05,-3.77608288819082e-05,-7.26668901030974e-06,-0.120270433420519,3.05984111876647e-05,-8.49614019885291e-08,-5.37696932231447e-05,1.60001683563359e-05,-4.59798842223135e-05,-2.92260794697203e-06,-0.000112869011521613,2.19796146106536e-05,1.4511683784471e-06,3.50668941015659e-05,-2.75295866589735e-07,-1.25379009404223e-05,1.88046255938794e-06,1.22746659147295e-07,-3.25131879268228e-07,-0.000363397979272238,-1.43072180377738e-06,-0.00122659576176537,1.01576016597391e-05,-3.12656360932546e-06,-2.72520790283214e-07,4.09030903067003e-06,-0.000254299723456565,-1.21992426318872e-06,-4.05829912664257e-07,-0.000201978155841983,3.95187588661715e-06,-2.27230713820496e-06,-0.00030127262499781,3.72895867214493e-05,-0.000142644059491631,2.90154963634616e-05,5.02860717829204e-07,2.5092123230087e-05,3.53193768254398e-05,-0.000448252980885605,-0.000106915228828096,8.03316006746295e-05,4.0959906709176e-06,8.23560678259427e-05,1.92742469001469e-06,7.78941236025926e-06,-9.57501626616506e-05,-0.000392228841527001,-0.206554592008378,-0.00944418500635781,-0.00466081896016461,8.83248708117326e-05,2.33556354462878e-06,7.76494060881365e-06,1.0266425071022e-05,0.000200121589527953,-6.98805593974453e-05,-0.000334603084082611,0.0585010507212105,-1.10362718555405e-06,4.44222377458769e-07,9.62023409110072e-07,2.93958579954947e-09,-1.72778422031338e-08,1.31757235003549e-07,2.59386926772364e-07,1.10952380024731e-05,-1.66290942279613e-07,-5.77225995146487e-08,-5.65450468361986e-08,-7.72714820346774e-06,9.67816750706704e-10,2.73369482518286e-07,5.87818674290393e-08,1.73503726764101e-06,1.44860360447897e-08,1.17290256188935e-05,-8.5349180118647e-07,-7.24660718188149e-08,-1.06422603206771e-05,2.69627681629229e-05,-0.000118539710873803,-2.74907853846801e-06,-8.49269981633525e-05,-2.84799562314546e-06,0.348973260177193,-1.92425217335019e-06,5.4576677436308e-07,1.66315102375717e-06,7.93261161983641e-06,-5.25221067440264e-05,-1.38589339480653e-06,-4.08741471819864e-06,7.76118838240001e-07,3.74237182874077e-07,3.89198783409229e-06,1.94585001196222e-07,2.47813263168097e-07,1.5325448361395e-07,-3.73783434546492e-06,-5.10119799802768e-07,-3.43076897294432e-08,-5.49743443346344e-08,1.81327776954703e-09,0.000236737780843078,4.2413349779805e-08,-1.10326398650352e-16,-5.08654094247762e-09,3.86268816985258e-06,-4.49653667882092e-08,-1.83187386086039e-06,-1.56021127857968e-06,0.00251633583013647,-4.40781272365815e-08,1.29963379341606e-05,-3.70682517834311e-09,2.92478784211606e-10,-5.02901181920695e-07,8.20399329199034e-07,-2.69072690722964e-08,3.74664814046106e-06,-1.90255156412666e-07,7.4694393553833e-07,-5.37152289943783e-08,3.65872025787904e-07,-9.24852198018236e-07,0.000819450797447138,1.63266877020137e-07,-3.57208405572829e-08,8.8199892335481e-07,-1.76985988308813e-07,2.01383057165217e-05,-1.0550748776682e-05,1.13695721728919e-07,-3.90449234598793e-08,5.72528146649672e-08,4.07255170432125e-06,-9.35841271197102e-06,6.58293534042088e-08,2.70362999088971e-08,-6.43380304187579e-08,5.67725409657399e-06,-0.000155816483543725,6.23733109014854e-06,-0.000120452444300122,0.0291202908918329,8.07247843935252e-06,-5.31922515305557e-06,1.58301940391546e-06,-7.46367862582619e-07,-2.52856598636819e-16,1.23350145589519e-06,4.03820401812446e-08,3.26578893024736e-10,2.10878507432483e-06,-2.99139383327307e-08,1.68094789053517e-08,5.70537109970672e-05,-9.82509532825398e-07,1.77956806945103e-07,-4.61370964870366e-07,-1.41758487920798e-08,7.34535504147401e-09,-8.53628841911949e-08,9.56754568484873e-08,-1.61508565416128e-06,1.70310130230035e-09,7.86987932279186e-07,5.34064841382315e-10,2.94443603183228e-09,7.28561624449137e-08,-9.59431569863886e-07,2.35434604977153e-08,-9.48419322061607e-08,1.34795238765814e-07,-4.96787659276544e-07,3.50239911227722e-08,3.18741252300574e-08,2.46232610175761e-07,-4.17884409636205e-07,-3.45013613408054e-08,2.89102750689039e-07,-1.93747364187015e-07,4.83642070123107e-09,4.57309028814848e-08,-9.17012610599606e-08,5.95516214002576e-17,3.21506144680814e-10,1.37153245112196e-06,-9.5780784479583e-07,9.29841680023766e-08,8.32313847606364e-08,2.44329480270551e-08,5.71527822487849e-08,-8.44066436143079e-07,3.19409326872453e-07,6.91698089037457e-17,-2.54213834370206e-07,-3.11277570285037e-09,-8.78410727371892e-09,2.92527567362791e-07,6.75880549000874e-08,-4.61570472716779e-09,-1.79433732561364e-07,4.83667025454523e-08,-1.64048697488514e-06,3.17496712818946e-07,-6.54510361736835e-08,-1.19384599817947e-07,-6.34758690138289e-09,-4.77456180032743e-08,-1.20954097067159e-07,5.11040729665026e-07,-1.33163708478783e-07,9.22061254888762e-17,-0.00011281101731823,1.50974480952191e-06,5.61368993816064e-09,0.000629441366128179,-2.51996498577778e-07,-5.72815835159879e-07,2.05730669793672e-06,-7.50197879672619e-06,-5.29229707486355e-08,-3.54175834084068e-17,-9.94679055960883e-08,-2.77606237207281e-07,-1.31189898010032e-07,-2.61802758048907e-17,2.60241227201839e-07,3.44338851693688e-06,-5.29371678893764e-07,-2.20803224408524e-07,-7.62652555869133e-08,-4.21380325485668e-08,-1.55245276240821e-06,4.92889201800248e-08,5.35433687865422e-07,1.88276775956468e-07,1.33686862759914e-06,0.00754860109890582,4.49934287517039e-16,-1.27541350495191e-06,8.9597150685117e-08,6.84122793400898e-07,-7.97330995161292e-08,-2.23581344911665e-16,-9.61542027916033e-08,1.28157798127054e-06,-7.56394849799139e-08,-8.04348835088549e-08,-2.82505681177725e-07,0.0308821621676049,1.10173638422345e-06,4.20529676060781e-08,-7.60879131535506e-17,2.68909863143496e-07,-2.75752683642725e-06,1.05989158004391e-06,3.70925687950197e-07,-3.78190072706137e-08,-2.56869365660878e-10,-2.48065457064683e-16,5.64701833929419e-17,-2.62538645077792e-10,-1.83018938879841e-06,2.42313162796571e-07,-4.78609315639959e-08,5.03732373001549e-17,-2.38626217670943e-08,-2.86802236355747e-10,4.12820581131466e-16,-3.6426987739556e-17,2.6784784029746e-17,6.35276190417659e-08,1.8822065873741e-07,-2.76083760719752e-07,1.6480465567641e-07,8.22518987243202e-08,1.70961845530092e-07,-5.17138748131813e-07,2.75195340369203e-16,-1.15218947412335e-07,4.21823389320085e-07,-5.80741623624628e-16,-7.47101244032289e-17,-2.09050618951081e-07,-1.62802965295652e-11,-9.45760606484746e-07,9.94794862345368e-08,0.00101124776421463,-5.42341788452773e-09,-9.04407102432194e-16,-2.05435751957523e-08,1.15582927451032e-17,-7.37602996590577e-08,1.13323521573616e-15,-1.01906868951971e-06,1.37236268183513e-16,1.06784986684554e-07,1.91613151613402e-07,8.94104626807256e-09,1.17707527273187e-07,4.05758602632492e-07,-3.50876187202772e-07,2.96674031829647e-07,1.48553418985357e-08,7.22669165459257e-08,6.66777094257886e-09,7.86113480084204e-07,-2.95332511392042e-07,-7.29945494836599e-08,-5.93356920294913e-09,-1.06525725015584e-06,1.69471277828724e-17,1.33130298230252e-06,-2.30003991168866e-07,2.28038738755666e-08,1.47150206649355e-16,3.02279860338846e-09,8.20959715662171e-08,2.93954519543333e-07,4.43699395146649e-17,-4.95151706072183e-07,-3.79598237756874e-08,-1.3503381330999e-16,-5.02221263861402e-08,3.13040832583232e-05,4.32183496312888e-17,7.91535289045679e-17,-2.85154043917349e-08,-2.20709494499435e-08,-1.26070330041124e-10,-1.75301286276588e-07,4.6726787504203e-08,9.5377901637126e-08,1.32494908067422e-08,1.62663543029337e-07,-2.76654979266917e-07,5.82216566624716e-16,3.95946775851771e-09,3.93188408073054e-10,1.08579428885652e-09,1.01691573141105e-07,-7.97442280534367e-18,-1.19042718636789e-17,3.34842667969868e-08,7.81703398493509e-17,-9.0273726763086e-17,2.11836670767186e-07,-2.36761104760877e-07,-3.06461878793115e-07,-2.55908890483327e-09,7.76665612584695e-06,1.70457512403975e-07,7.65921583751586e-09,1.44004397314395e-16,1.87267793170187e-08,8.75884705470955e-10,4.02089404607853e-09,-2.8221363199755e-07,1.11598552150758e-06,9.26706278084944e-17,3.35167742389266e-17,2.72161895313303e-14,-1.40784897966857e-08,-4.6993832496623e-08,-3.93928305805903e-08,-3.03054776456453e-16,-3.60726618949509e-08,-2.10786659624244e-16,2.21549868712032e-16,8.53949568155802e-07,-1.87511938016018e-08,-1.62196645003831e-16,-4.61898488817748e-08,-1.657016792423e-07,-3.67169391842781e-16,7.1485726836366e-08,-4.5867495019281e-16,1.91223196493054e-08,1.97924844862478e-16,1.90815311190056e-08,1.65194806087907e-07,4.15300443130093e-08,5.62900410833103e-09,3.86650644504178e-08,-1.00656859971753e-06,5.36043279397592e-08,1.52001987960469e-17,3.18503755779491e-06,-1.38738034510941e-07,6.01403526618858e-17,-1.38053920501316e-07,-5.45572338977632e-08,0.000569464930201095,3.97619922911769e-17,3.95534530084708e-08,3.63378804667057e-07,4.55140493484992e-17,-1.31049744592472e-07,-2.90060491357288e-08,-1.04997285996281e-08,2.15178862073594e-16,1.09541984049708e-16,2.71410602983809e-08,8.31967497168491e-09,6.73250765650725e-10,-9.76241520526042e-08,4.95615947883598e-09,-2.42899977356122e-16,-1.70016088451831e-16,1.81025891851048e-08,1.24787778553956e-10,1.34742256300079e-16,4.37882192680935e-08,7.02064635308769e-17,1.57172717231392e-07,-8.39798015216767e-09,-4.90737687553948e-09,-3.25483869692033e-08,-3.13896955853554e-16,6.48033800705157e-17,1.04356914496934e-16,4.00618348844046e-17,-1.8683484433433e-08,-0.000398616144637735,-1.55518284249555e-16,-4.46933587019824e-16,1.1432612789564e-16,8.77410003803423e-08,5.0331869114141e-06,-4.36839136169631e-08,1.06828188631961e-16,6.5390943528032e-16,-1.87062821829787e-15,-2.71608157641365e-07,5.76427632362298e-08,3.78037777944508e-17,6.32899562844169e-05,-2.64500955689958e-07,3.89475870226676e-16,1.66588393222095e-17,-2.64134586474398e-08,-2.70639472955548e-10,-1.30924049783838e-08,1.06889216263981e-15,1.47427488614768e-08,2.14784667623935e-08,2.30580691906678e-08,-2.10333564092811e-08,-7.49353002191073e-08,3.933093729453e-05,1.01926365800069e-15,-1.48533680955167e-15,-1.2462982708255e-15,9.09015830303168e-07,-1.09998990379691e-07,-5.99240666279008e-09,-4.71898022346912e-09,-3.7379566415666e-16,2.68057634557231e-16,-4.9725207704719e-16,-9.57926259640787e-18,7.20170853545932e-15,1.56011057132338e-07,7.27463388711932e-16,-3.20704893895423e-16,-3.65052622927018e-09,-2.32844071251181e-16,-3.26790700092726e-09,-1.06347693446926e-16,-4.05160824976063e-09,-1.15135500158425e-16,-4.91311494811842e-09,-6.15556102708902e-10,-1.53848957451699e-05,4.58430377828475e-16,1.96685700695234e-08,1.70825695055824e-16,2.79532781160009e-08,-3.40222495469804e-07,2.72068582475616e-10,3.33789210165849e-15,3.96907730493934e-08,-1.38160922940859e-16,-9.75315718336174e-09,-5.50497519737177e-08,-4.83184703429871e-16,-1.34437787122266e-16,2.36663708492308e-17,-3.14159043031088e-17,-1.84745401997247e-10,-2.40552581187559e-09,-5.37081188883763e-10,-1.51591977759823e-16,1.15123776756629e-16,-3.93277335262304e-08,2.39126218130252e-06,3.23037085912525e-16,2.80304440285986e-17,-2.44163240884269e-09,3.06086273078447e-16,-1.72970873163882e-08,2.12626185036678e-14,1.63112247383775e-07,-4.78618941965092e-17,1.02661415367239e-15,-1.90842944182413e-17,1.39698971146809e-16,3.50020803108257e-16,1.21964050598331e-16,1.61305893025114e-07,-1.12804329050928e-06,-2.27588787034265e-16,-1.44745588874614e-08,5.50228923047312e-08,2.36083840647786e-18,-1.3312845230231e-15,4.50347000758226e-16,-1.09240671899414e-15,5.40633929760975e-09,8.6382346941547e-10,2.00064771888819e-15,-3.15347854983958e-16,-9.79891076241873e-09,-3.49496867378767e-08,-3.65589995545884e-09,6.24536636775779e-16,-8.84054583019175e-16,-6.44757016198356e-16,-6.45763611478412e-16,4.15489877448579e-15,-4.13997490025504e-16,2.04291729574897e-08,-1.92992942998401e-08,-3.7063583097377e-09,-1.43135536744386e-16,-1.39112475648927e-16,1.57159582185859e-15,-4.8538022421538e-16,1.58583405585842e-16,7.24553773879206e-18,4.99129811444585e-16,-5.64490718103472e-16,-6.65877846936392e-16,1.8596554484937e-15,-8.15161528848609e-17,-9.07956176570992e-16,-7.38971371217759e-16,8.02595234596455e-17,7.73950986208907e-05,5.68929269845889e-16,-2.97217205499309e-15,6.97978128076589e-17,1.9110641690899e-07,-3.32560401777862e-10,-1.77745498773465e-16,-3.67228379030361e-08,1.72475882442484e-07,-1.47781101265687e-15,7.50658872107664e-16,-4.74157410984737e-08,-3.35408749226067e-15,4.0846790503553e-09,-8.14426495616304e-16,-1.11498283177e-15,-7.45399218251593e-16,-4.86051273527277e-15,5.46053484410232e-10,-7.45870161453005e-08,-2.22485868281581e-14,-7.41454174173951e-15,-1.00781625088351e-15,1.15672559944331e-14,2.29503373770645e-14,6.32848336118895e-16,-1.87458291084664e-14,2.13470067432917e-15,-0.817033338922169,2.65098364178862e-15,1.57119806088769e-14,-7.01512466699959e-15,2.98523322542503e-14,5.38464395055356e-15,-1.18683195402892e-14,-4.64009258491277e-08,-5.17088146947099e-16,-2.27423361443618e-15,3.18713965891331e-08,-4.74858644351711e-15,2.70469781493392e-14,-2.16241675170842e-15,4.48298093174548e-15,1.28603785342391e-07,9.52004008622628e-16,-1.34170925034549e-08,-3.60120764111701e-15,8.45477351466819e-16,1.12595692866803e-14,7.96321084702185e-15,-1.1136699888847e-15,7.94526020337602e-15,4.66810498132357e-10,-1.81349020136993e-16,-8.64178844864346e-16,1.32680893506308e-07,-5.6969957632775e-08,9.11704631312255e-16,3.93153288655753e-08,5.73423189906929e-09,3.02671571696661e-16,-7.50372703412534e-15,5.14162292590494e-16,3.2980873553815e-16,-2.12113181750848e-15,-9.22696709528336e-09,4.35655127954594e-16,-3.08603012140167e-15,-8.24119402219823e-17,3.66715696371702e-09,8.21342664580974e-15,-3.7773104428084e-16,-4.59059014394079e-16,1.41479886183342e-16,-1.65716147862489e-09,5.57075931340025e-16,3.43340728194327e-09,-3.23332071723033e-16,-3.76312669364035e-15,8.22188418378209e-16,2.74089178939872e-16,-8.24992016917836e-18,-8.63538981711421e-16,1.40233789696261e-18,-7.62990577837389e-08,3.84983122485587e-15,1.4927162150008e-16,2.47333433933454e-08,1.11489372838429e-15,1.3717237429456e-16,2.7782281231979e-16,-7.90781494419062e-16,-1.00174495777878e-15,3.54440812290178e-16,-2.58280711014928e-08,2.25069358552043e-16,1.77232928044263e-15,5.29448522066573e-08,-1.37726047760915e-15,1.84581755536661e-16,-1.83644310782036e-15,-9.62971620421566e-16,-7.44616576289752e-16,-3.75689497886207e-16,8.16851557993523e-16,-1.38903452666355e-16,-4.92078722824237e-16,1.71024619723842e-16,1.02724586904462e-15,-2.75753125524145e-08,1.18240678238211e-07,6.96064564225631e-16,5.92046918378622e-17,6.75731483025763e-18,-1.69149183134134e-16,3.44451030198645e-16,8.70438943748994e-16,-3.95768145412451e-16,5.21364562377131e-17,-1.14369558955861e-09,-8.44835055887412e-17,3.14471213899398e-16,5.10765549404983e-16,-1.1252561542038e-15,1.46086426864525e-09,-1.21669291565148e-15,-1.18779055026768e-08,1.56727509017321e-16,-9.10395764960287e-17,1.19235066909175e-16,-4.60324022645683e-16,1.55030056675742e-16,1.62871600654815e-16,1.27491814820536e-16,7.84092284982695e-16,-2.52125658508243e-17,-5.22883259740918e-18,1.10296563920585e-17,3.58700554101482e-16,3.20667972633674e-16,-2.64431116800959e-17,3.9975598202828e-17,2.10160577563634e-16,1.48729597277167e-17,-2.96055947969938e-16,6.96966677971549e-16,9.50679263027071e-19,-7.86480255920985e-16,3.37154198252419e-17,7.15177830521208e-16,-4.21565991194986e-16,-1.959959098616e-16,1.09309114716305e-10,1.07870654528868e-15,5.14781802462786e-16,2.05629905178987e-17,-3.32221644247699e-17,-1.17808647915963e-15,-2.99536639452847e-17,-1.73456903312524e-16,4.85256782560785e-16,3.56988842397118e-16,2.30989733708171e-16,3.34313739885905e-16,1.83253059642459e-16,1.62619420400282e-16,8.46276433174048e-17,-7.36901495872262e-17,-1.1956231488595e-16,-4.27564074701606e-17,-1.40374165174558e-09,1.68097185910562e-16,-2.50982436348204e-16,-1.20530680830987e-16,-4.36903876045758e-16,1.26453068386703e-17,8.48835096060993e-16,1.47676279625754e-16,5.85918009420955e-17,1.03389278504319e-16,2.97027898252104e-10,-5.58462955084299e-16,-9.70854902581368e-17,1.30396552877575e-16,-1.84176235319212e-16,7.02229311835572e-17,-3.23215033746534e-16,8.90222303086363e-17,-1.08853684279942e-16,-6.15219161436745e-17,-7.15932827164461e-16,1.36601899996342e-16,4.10822117354916e-17,-3.37923308071095e-16,1.49761780354404e-09,-3.7421966258986e-16,-2.98805366245838e-16,2.26851574790793e-16,-9.10729824887824e-16,-4.50731485284155e-09,-5.08743423855572e-16,-1.54269104924035e-16,-1.55526343279118e-17,-6.24615490543772e-17,-2.68102458947515e-16,3.18977988460869e-17,-3.82029319708799e-18,-6.85595524283108e-16,-3.44291734627916e-16,2.32060427638567e-16,1.28174598351041e-16,2.54832804094229e-16,1.21788009400671e-16,7.6508547006399e-17,-7.30016168916878e-17,3.44513436450116e-16,-1.23809834524287e-16
"t557",-0.0417265135567003,0.0345492827836834,-0.0562755347666309,0.0233244540881123,0.00475895800460262,0.000438967199472447,-0.00823354201081,0.134783185390782,0.000136001527800469,-0.000451979302073528,-0.000196343609936568,0.00798282075864184,-0.0122192282963689,0.00168539309395816,-0.000344718548033736,-0.0313677464861127,0.00048775200113802,-0.000580829994066132,-4.28509569714371e-06,0.000110896995762674,-0.065480898444096,-0.000623715994861965,1.10880266069697e-05,-5.38433873767548e-05,6.51650114412059e-06,9.21476328671715e-06,-1.68057437410538e-05,2.03361436460325e-05,-0.000682742789659265,0.000736319402849743,-2.40870976936974e-06,4.37391962183988e-06,-0.00151664713341207,4.0319370815619e-06,-2.4514521330307e-06,-4.68958534106986e-06,-0.000194914587238164,1.47805069933008e-06,1.24025711869206e-05,3.6938919579099e-06,0.000240402115778681,-4.2666336286445e-05,0.000498734523021845,-6.04295665016611e-05,0.0278598258381807,1.25555379729213e-05,-1.09613842151922e-05,0.000184644319765131,-9.64408651632739e-06,1.27735253641039e-05,-5.40977693854868e-05,4.04526806469046e-06,-5.50300338831071e-09,9.09724833013793e-05,-2.80340582615651e-07,2.68362484576371e-06,-7.62745760749638e-11,-8.03117393084476e-07,2.98536030121016e-07,-5.5430930775516e-06,-7.18469711604e-07,7.51567562803633e-08,-2.1120953788933e-06,1.07076654763169e-06,-4.20884244994463e-08,6.48640344190193e-08,1.56717173887523e-08,-8.57358179167749e-07,2.75509861522391e-06,-1.38910443860749e-06,2.5876549002779e-06,-8.08041443792555e-05,5.67451583205976e-07,3.65457771596965e-05,-1.63814914001719e-05,-4.28871449536169e-08,0.000811939092057792,-1.31291258519092e-06,8.54056621973579e-06,1.13051056731807e-05,-3.9899631856536e-06,-6.21299222316844e-05,1.02293871492132e-05,7.01370498561294e-05,-6.2078200383894e-06,-0.00116634047895355,0.000385259482744172,5.95568857550272e-06,2.29979749447032e-06,-0.00254116954498562,2.34762941157124e-06,-1.74664061718126e-05,-1.93233620594512e-05,0.00207320773241387,1.20341006912593e-05,0.335804789853544,-0.0141291171760322,0.0559369636086364,-0.000710092086587879,-0.000129147476387385,-2.11807886066691e-05,1.00392580275372e-05,-2.76945138363459e-05,5.19543900400494e-06,-2.19292824186431e-06,2.40973266235254e-05,-0.000110011148348497,2.88816454691139e-05,-1.65397784425496e-05,3.13877709126484e-05,1.69479227809285e-05,3.86446893111346e-05,-8.47419785484646e-05,6.78927876655907e-05,-2.58729352534807e-07,9.5249030562595e-06,-1.38049375072641e-05,1.39773132753227e-05,-1.36164655564007e-05,3.26688688340379e-05,-0.000156574051783641,2.77287767635743e-05,-2.58296615054292e-05,-7.10323824598045e-05,0.000177937609596989,-0.000281532098419977,0.000212068472597565,-6.60498070164808e-06,1.1788088141185e-05,0.000388234091742388,-6.38360230771758e-06,3.27661620205538e-05,-3.78188768124274e-05,-7.27788957214332e-06,-0.120457834560734,3.06461598744121e-05,-8.50969999824725e-08,-5.38570453312316e-05,1.60267848450558e-05,-4.60564229362445e-05,-2.92749243910802e-06,-0.000113058030578222,2.2016543473824e-05,1.45360957651092e-06,3.5125885641983e-05,-2.75763102958963e-07,-1.25595539562577e-05,1.88376705427228e-06,1.22963285084943e-07,-3.25711087233604e-07,-0.000364045837451303,-1.43328153916497e-06,-0.00122879486888841,1.01758558903243e-05,-3.13230415246223e-06,-2.73022850586564e-07,4.09786257981641e-06,-0.000254794778666286,-1.22232879620198e-06,-4.06631338311958e-07,-0.000202381180843451,3.95977811473849e-06,-2.27691097527533e-06,-0.000301883990692348,3.73662201007124e-05,-0.00014294076212103,2.90779446896272e-05,5.03944276225229e-07,2.51462078507308e-05,3.53958538717149e-05,-0.000449228756018016,-0.000107148143955094,8.05084381314875e-05,4.10503672299684e-06,8.25392282481619e-05,1.93171863421699e-06,7.80678092532009e-06,-9.59671149465749e-05,-0.000393132173632377,-0.20703162847517,-0.00946605409800641,-0.00467169597604476,8.8531611828506e-05,2.34104632532527e-06,7.78321900045801e-06,1.02908140077084e-05,0.000200598072914336,-7.00501850912695e-05,-0.000335415802349858,0.0586440531595465,-1.10637219248803e-06,4.45343083164614e-07,9.64462277866223e-07,2.94709203528098e-09,-1.73221968589666e-08,1.32100838334941e-07,2.60065659604424e-07,1.11244781635464e-05,-1.66730738836612e-07,-5.78794272593983e-08,-5.66988673643809e-08,-7.74840479453091e-06,9.70508261163366e-10,2.74149448000893e-07,5.89496007976813e-08,1.73999973154054e-06,1.45277634173638e-08,1.17629771975445e-05,-8.55994423083844e-07,-7.26819268918534e-08,-1.06743584130854e-05,2.70444018006381e-05,-0.000118904783562738,-2.75762457470845e-06,-8.51910747958901e-05,-2.85691555004862e-06,0.35008621374888,-1.93041019911001e-06,5.47545370529756e-07,1.66863860415423e-06,7.95889681158204e-06,-5.26991855360685e-05,-1.39058507393144e-06,-4.10131370469343e-06,7.78793796405549e-07,3.7553051246075e-07,3.90544708417261e-06,1.95267744388698e-07,2.48690375513949e-07,1.53802150748905e-07,-3.75124978141681e-06,-5.11958866002397e-07,-3.44318913488428e-08,-5.51735987074309e-08,1.81992149569982e-09,0.000237611001374695,4.2570925962695e-08,-5.64714745761439e-17,-5.10563334339146e-09,3.87721669005848e-06,-4.51368778762732e-08,-1.83893613862082e-06,-1.56627890459234e-06,0.00252612690320598,-4.42524019777759e-08,1.30478596751217e-05,-3.72153823524374e-09,2.93646964248406e-10,-5.04916916940918e-07,8.23711269373088e-07,-2.70162367634122e-08,3.76184088280272e-06,-1.91032133078845e-07,7.5008480483769e-07,-5.39434095039946e-08,3.67439374140844e-07,-9.28886480195035e-07,0.000823029879404272,1.6398891983398e-07,-3.58799139723453e-08,8.85965450635989e-07,-1.77784427499769e-07,2.02294538672073e-05,-1.05987192847045e-05,1.14216117471242e-07,-3.92237713767017e-08,5.75195044712849e-08,4.09152934234526e-06,-9.40204058783315e-06,6.61376315169969e-08,2.71631229534062e-08,-6.46414401066439e-08,5.70405374303964e-06,-0.000156575628009554,6.26782418009824e-06,-0.000121042914645053,0.0292639317411378,8.11249505409563e-06,-5.34588822954654e-06,1.59097998833752e-06,-7.50130691516283e-07,-2.08378281109145e-16,1.23977448887064e-06,4.0587639367882e-08,3.28247975124446e-10,2.11965616120765e-06,-3.00693041351334e-08,1.68970915968052e-08,5.73516008645045e-05,-9.87754988702562e-07,1.78908243024053e-07,-4.63838609755709e-07,-1.42521611946944e-08,7.38562522305231e-09,-8.58323467594633e-08,9.62027809290979e-08,-1.62405131526607e-06,1.71281436621692e-09,7.91526926442678e-07,5.37147174969783e-10,2.96143259710854e-09,7.32884027436361e-08,-9.65303790135829e-07,2.36881274109935e-08,-9.54280651036589e-08,1.35634101558962e-07,-4.99885881608847e-07,3.52463202098748e-08,3.20767278040395e-08,2.47801556789173e-07,-4.20551513807215e-07,-3.47227650288427e-08,2.90969175629445e-07,-1.95005132834777e-07,4.86789289927928e-09,4.60297158642936e-08,-9.23056798640998e-08,-1.20716181056764e-16,3.23738365266211e-10,1.38110387971399e-06,-9.64543066719957e-07,9.36381714157124e-08,8.38169308468968e-08,2.46051576832961e-08,5.75570202387865e-08,-8.50061291231878e-07,3.2169700214864e-07,2.20045448810585e-16,-2.56069649640838e-07,-3.13555335124006e-09,-8.84870894509959e-09,2.94680210332671e-07,6.80916151545407e-08,-4.65032751747879e-09,-1.80792606689823e-07,4.87353903654206e-08,-1.65316875932503e-06,3.19982735155018e-07,-6.59676999603449e-08,-1.20331311608482e-07,-6.39806530608944e-09,-4.81272158249209e-08,-1.21921331338635e-07,5.15141863421514e-07,-1.34235291828541e-07,-3.30138770017098e-17,-0.000113737477420593,1.52219564114066e-06,5.65998763667639e-09,0.000634694445785679,-2.54103320112952e-07,-5.77709690479855e-07,2.07499115672869e-06,-7.56654302036858e-06,-5.33805215276303e-08,-1.98512613161925e-16,-1.00332333750222e-07,-2.80023436073673e-07,-1.32340441141516e-07,-1.08769012661788e-16,2.62541293196373e-07,3.47387735832071e-06,-5.34063323892411e-07,-2.22763942839144e-07,-7.69446965592429e-08,-4.25143555110631e-08,-1.56634378571488e-06,4.97324438249512e-08,5.40254979407682e-07,1.89978680883493e-07,1.34903540118898e-06,0.00761732430113572,3.97947928936843e-16,-1.28717952752284e-06,9.04256011198728e-08,6.90480361900591e-07,-8.04797157638994e-08,-4.88119753721877e-16,-9.70693523046065e-08,1.29399794956188e-06,-7.6378453820187e-08,-8.12236505966017e-08,-2.85288436733858e-07,0.0311888861451408,1.1128257078965e-06,4.24901973802866e-08,1.47535129783989e-16,2.71785240640734e-07,-2.78708362344985e-06,1.07130941934365e-06,3.74949407864338e-07,-3.82294777818824e-08,-2.5966289304254e-10,2.86229373536173e-16,2.2682763215114e-16,-2.65425728999234e-10,-1.85051281417439e-06,2.45007177394622e-07,-4.83976538479315e-08,-1.9023641781342e-17,-2.41352784131066e-08,-2.90106442190928e-10,2.04112724506598e-16,4.80053580833626e-17,-1.71741532532941e-16,6.42784160526361e-08,1.90452316686127e-07,-2.79393650928715e-07,1.66798982043394e-07,8.32483270010753e-08,1.73053521882935e-07,-5.23473011602498e-07,-3.66269957395516e-16,-1.16658504307817e-07,4.2713037099127e-07,2.40552095523612e-16,1.36161041852406e-16,-2.11752439407544e-07,-1.64924772496421e-11,-9.58168628464151e-07,1.00792115270686e-07,0.0010247376664209,-5.49589265780068e-09,5.41782303403593e-16,-2.08187654276484e-08,1.49815077462626e-16,-7.47551861351871e-08,-1.37666570851347e-16,-1.03288373744901e-06,-1.6680199562775e-16,1.08241942323175e-07,1.94230873735123e-07,9.06529478357149e-09,1.19349163760984e-07,4.11426152258272e-07,-3.55809346432011e-07,3.00868840777706e-07,1.50681586403442e-08,7.33023272056491e-08,6.76368881809448e-09,7.97505035418095e-07,-2.99654198309956e-07,-7.40714819674181e-08,-6.02167539547889e-09,-1.08112495752074e-06,3.83596309332033e-17,1.35132792090187e-06,-2.33496138086742e-07,2.31593444278211e-08,1.50818231703238e-16,3.07027695664016e-09,8.34002495396509e-08,2.98647407556273e-07,-7.60755545065963e-18,-5.0307642966558e-07,-3.85734045189867e-08,-2.33409444049591e-17,-5.10378762898439e-08,3.18276146749547e-05,7.377304613455e-17,-8.48445021524249e-18,-2.89977632197395e-08,-2.24446768139553e-08,-1.2821485157484e-10,-1.78300730141086e-07,4.75365205692655e-08,9.70325319258015e-08,1.34797018464443e-08,1.65538090764429e-07,-2.81612005698679e-07,8.23559970219989e-16,4.03078464953374e-09,4.00277433476395e-10,1.10543083618359e-09,1.03537649939864e-07,-1.90997828491561e-16,3.4514135729839e-17,3.40953027180996e-08,8.8543563611699e-17,1.34389235877927e-16,2.15831452072175e-07,-2.41251432005519e-07,-3.12274822645072e-07,-2.60823963140576e-09,7.91607839051991e-06,1.73738124878356e-07,7.80697090613843e-09,-1.15840546509133e-16,1.90972011313046e-08,8.93303752849052e-10,4.10100015191554e-09,-2.87886174263795e-07,1.1387861418712e-06,-5.69434825495833e-16,-7.88468650053023e-17,2.62854184714921e-14,-1.43730483016897e-08,-4.79873350597499e-08,-4.02263009330108e-08,1.37015660777637e-16,-3.68436334255321e-08,1.15765497471199e-15,-1.51717449705592e-16,8.73046232115836e-07,-1.91707647631228e-08,7.82577128100037e-16,-4.72351708232231e-08,-1.69476706006437e-07,9.8575167522768e-16,7.31368249279471e-08,-8.24459293674317e-17,1.95714422851349e-08,5.85290800778586e-17,1.9530375660082e-08,1.69085165118843e-07,4.25093839014261e-08,5.76199086054735e-09,3.95823675572038e-08,-1.03083064298789e-06,5.49258360929692e-08,2.30536797607081e-16,3.26584600661076e-06,-1.42268960997652e-07,8.51635467800657e-17,-1.41582065788224e-07,-5.59621662547763e-08,0.000584231171386054,-4.06702369919885e-16,4.06038834451869e-08,3.73075554465342e-07,-9.61636278654446e-20,-1.34569301237267e-07,-2.97875332608989e-08,-1.07859964751161e-08,-2.44209606155195e-16,1.44647845988897e-16,2.79025689149267e-08,8.55603304457035e-09,6.92427152150232e-10,-1.00566046572506e-07,5.1069348874825e-09,1.68752377141583e-16,7.18618588040687e-16,1.8656946317967e-08,1.28612018569697e-10,6.40775750360019e-16,4.51454233971652e-08,-6.44783176623221e-17,1.62097963075538e-07,-8.66518383473884e-09,-5.06368794978243e-09,-3.35895983447121e-08,-4.64987930702703e-16,1.90982433853762e-16,-7.56403784083635e-17,-7.49846145717122e-17,-1.93052726633854e-08,-0.0004119261804279,5.19009571456271e-16,1.19749179576306e-16,1.8784816841207e-16,9.07063511944021e-08,5.20419203436121e-06,-4.51897686198209e-08,2.53377695487473e-17,-5.39851366734845e-16,9.20460539385881e-16,-2.81459984984964e-07,5.97373614914075e-08,-2.20837435728824e-16,6.56377338175142e-05,-2.74396093881647e-07,-1.81995257746457e-16,-4.22767297456902e-17,-2.74218078715385e-08,-2.80987991009441e-10,-1.35991422371318e-08,-3.1920085663519e-16,1.53252482687443e-08,2.23369638887235e-08,2.39948919271295e-08,-2.19076120816412e-08,-7.80694029754687e-08,4.09953377624427e-05,-1.34597285359608e-15,5.00360746818304e-16,1.07898791823298e-15,9.50261708513987e-07,-1.14995648753462e-07,-6.26714505163578e-09,-4.94603326973326e-09,9.38471429226879e-16,-4.08690929717536e-16,-4.5962255012094e-16,-7.04160697384217e-17,-1.95128117215184e-15,1.63928449761156e-07,-2.50155781622938e-16,-4.35574844491655e-16,-3.83985239050156e-09,2.31112972594745e-16,-3.43758971797172e-09,4.80701223270558e-17,-4.26239835114645e-09,-3.40165751876728e-16,-5.17891015910371e-09,-6.49175727109539e-10,-1.62376691575686e-05,-8.96961990933222e-16,2.07791421667047e-08,3.83641418021392e-17,2.95991068261846e-08,-3.61438284842397e-07,2.89078502523263e-10,-2.29393876968595e-17,4.22333261178352e-08,-1.2462231592835e-16,-1.04033090331052e-08,-5.87267279127057e-08,-5.01195826621409e-16,1.12235305299909e-16,-2.37170144458007e-16,1.30119592053992e-16,-1.9751379462785e-10,-2.57333746095565e-09,-5.74957580349206e-10,4.21604201685817e-16,-8.73201624036524e-17,-4.2254251456749e-08,2.5696424616941e-06,-1.30927494570109e-15,2.62144175776474e-16,-2.637288635075e-09,-2.08207509161793e-16,-1.87054805461398e-08,2.84495431534084e-14,1.77044247554814e-07,-5.68133724864423e-16,-5.00483561913577e-16,2.83694454016687e-16,7.16554484229935e-16,-1.1544324473723e-16,-1.57654916434393e-15,1.76608279708882e-07,-1.23521121569716e-06,3.84418022940756e-16,-1.59050969656411e-08,6.05541151101412e-08,-1.2082791371046e-15,6.9788123972301e-16,3.84638987629005e-16,-1.03861418772387e-15,5.99321779622623e-09,9.593765814132e-10,1.4290491105133e-15,3.18580197485338e-16,-1.09062732224951e-08,-3.89104579221468e-08,-4.07420502178938e-09,-1.31223837008419e-16,6.71074668243023e-16,2.16645153644468e-16,-4.07463009513783e-16,4.66980170144965e-15,-4.86863487386429e-16,2.32006815533799e-08,-2.19638898961304e-08,-4.22724592765248e-09,1.60087182439839e-16,-1.02959378557895e-15,-5.34939878705667e-16,1.58281973767025e-16,-2.66397911394117e-16,7.01677864692115e-16,1.25344754273714e-15,1.22444310362527e-16,-1.79370822719414e-16,-1.98940160195192e-15,1.62728662092567e-15,-6.57441551064861e-16,-7.62730927967505e-16,-9.58813770356727e-16,9.29910813663438e-05,6.4365903479134e-16,2.5398236162937e-15,4.97561901838859e-16,2.31976610764734e-07,-4.04699805807532e-10,-1.54302133884715e-16,-4.47606851767495e-08,2.13383189904312e-07,8.64507244550677e-16,5.03259653906428e-16,-5.99701576439737e-08,-4.92485464544481e-16,5.34614883375339e-09,2.80263608064626e-15,1.04756895266141e-15,-2.48500296978519e-16,2.53446756644215e-15,7.74756607946965e-10,-1.066012371914e-07,-1.62564307782235e-14,2.79913004138749e-15,8.66325383137036e-17,-1.27731813487563e-14,-2.33843977168191e-14,3.17138426029699e-15,9.730475877265e-15,-1.77910206467779e-15,0.407710808622303,-5.88321409646284e-15,-1.55020855626494e-14,3.67076884589319e-15,-7.62378782563362e-15,-1.18192551399772e-14,1.33116942836459e-14,-1.11655293347584e-08,-1.14316381174392e-14,-2.9410415368997e-15,9.6879207250552e-09,-6.5721726730433e-14,0.707106781186533,-4.08280795281445e-15,7.79087186461615e-15,8.34431144531327e-08,1.47043705238143e-15,-9.09080671997808e-09,-3.76140917870385e-16,-6.06210789257312e-15,-6.87164537752506e-15,-3.35535913137587e-15,-1.11305107639519e-15,4.45997552657318e-15,3.37844613723131e-10,-3.22148311180286e-15,2.74057215071426e-15,9.96590997761763e-08,-4.28618581286236e-08,-2.22071599972859e-15,3.03430018949118e-08,4.45705812363192e-09,7.88703238063446e-16,3.56844803771476e-15,-3.80841800794402e-15,-6.76961932267646e-16,3.30374286769263e-15,-7.71240186278452e-09,1.29757084363265e-16,2.85237766582899e-15,-2.04269240931835e-16,3.10355186901341e-09,1.48118672027157e-15,3.77056174543597e-16,3.14532315395105e-16,-4.59531735614958e-16,-1.42229670672055e-09,8.48671075149738e-17,2.9582455528913e-09,1.50800367923244e-16,-1.80431964991174e-15,-1.9855283284638e-15,6.3907320921173e-16,2.16082120817272e-15,9.55182313264121e-16,-4.63803455865009e-16,-6.69106636831819e-08,-2.61766434141008e-15,-1.88992551449872e-16,2.17716393210159e-08,1.33642936112917e-15,-8.35433021391448e-16,-7.07516483328906e-16,-5.14868571571583e-16,2.77348467520074e-16,-1.00203971221128e-15,-2.29761747881189e-08,2.91329727035805e-17,2.22304931497054e-15,4.72962807452321e-08,2.03463406843081e-15,1.75538729891311e-16,6.70513578113007e-16,1.15330398183509e-15,-7.21911202273238e-16,-2.110015300783e-15,-1.05171410595071e-15,3.49645073922132e-16,3.58744591351687e-16,-1.83994445758637e-16,-9.14555553914524e-16,-2.49605560456186e-08,1.07177045352792e-07,-3.25919559373028e-16,-3.24358146339959e-16,-1.86434715573748e-16,-2.31912672126954e-16,-1.15662687760754e-15,-1.1666886709561e-16,1.18019168817027e-15,-6.9405200186075e-16,-1.04360210404562e-09,1.07268439224601e-15,-4.21353244364514e-16,-6.59192048788288e-16,5.3863639507972e-16,1.33968997813191e-09,3.26920905257789e-16,-1.09476187964363e-08,-4.01606125109013e-16,-5.86137052278271e-16,-1.20131835339788e-15,-2.11661901132765e-16,-5.68495454943856e-17,1.33324991635909e-15,-1.69336015739777e-16,-5.37643059771424e-16,2.64014785566032e-16,1.29116400548836e-16,6.94662312721293e-16,-3.12222920017273e-16,1.39055699936273e-16,1.94569885748218e-16,-4.52882191115261e-16,5.04300184698283e-16,7.99812101375465e-17,3.21904085050346e-16,1.14927068708326e-16,5.34246192750651e-16,2.17003064822974e-16,2.00092138990843e-17,1.89002946005683e-15,1.21947906360055e-16,-2.80416501261884e-16,1.02215759714566e-10,-1.22113004178548e-15,4.8180728200739e-16,-2.9332463251881e-16,-1.07105514045426e-15,7.47462440797524e-16,6.02383766589411e-16,-7.45149931937964e-17,-9.18176033298245e-16,-1.11329546981627e-16,-1.2651064634666e-16,7.00015132665266e-16,-5.73818240302436e-16,-3.35887839424803e-16,-2.5314786384071e-16,-7.00520742105475e-16,2.03023885423038e-16,3.20890168462134e-16,-1.32214435544464e-09,-2.73009583228544e-17,2.07600952558097e-16,9.82827005286366e-17,4.16056764660942e-17,7.52825553923808e-16,-6.43530583562598e-17,-2.22382037831758e-16,-2.49429259350217e-16,-1.42706463474549e-16,2.81448023741933e-10,5.52602020498764e-16,-1.21273930356981e-16,1.36116050625023e-16,2.29346033964331e-16,2.66947061272916e-16,-2.16270911227338e-16,-1.9222374878912e-16,2.58007227534016e-16,3.56361942439448e-16,8.90050729702246e-16,1.20185341150741e-16,9.4065207013383e-17,3.22212397814115e-16,1.42611677773062e-09,-9.8537937443001e-18,-2.65521406500634e-17,-4.35900721861079e-16,-5.48009988082798e-16,-4.30079080644404e-09,1.92473920893957e-17,-4.10995829931176e-16,1.25679234742268e-16,4.53803618090478e-17,2.60652796684945e-16,8.960435780392e-17,5.63144240845893e-16,4.48451197172297e-16,4.24228351411073e-16,-5.93105730618001e-17,1.3721353430983e-16,-1.14120142009907e-16,3.08717432512853e-17,-7.96187505398698e-18,1.33342636271146e-17,-8.29236767930859e-16,-4.4198504849951e-16
"t558",-0.0417265135567003,0.0345492827836834,-0.056275534766631,0.0233244540881123,0.00475895800460261,0.000438967199472444,-0.00823354201081,0.134783185390782,0.000136001527800448,-0.000451979302073521,-0.000196343609936576,0.00798282075864184,-0.0122192282963689,0.00168539309395816,-0.000344718548033741,-0.0313677464861127,0.000487752001138016,-0.000580829994066126,-4.28509569714945e-06,0.000110896995762673,-0.065480898444096,-0.000623715994862003,1.10880266069883e-05,-5.38433873767605e-05,6.51650114411441e-06,9.21476328670008e-06,-1.68057437410738e-05,2.03361436460379e-05,-0.000682742789659263,0.000736319402849763,-2.40870976934849e-06,4.37391962184089e-06,-0.00151664713341211,4.03193708157146e-06,-2.45145213302699e-06,-4.68958534108389e-06,-0.000194914587238165,1.47805069929461e-06,1.2402571186956e-05,3.69389195787952e-06,0.000240402115778681,-4.26663362864792e-05,0.000498734523021857,-6.04295665017179e-05,0.0278598258381807,1.25555379729366e-05,-1.09613842152213e-05,0.000184644319765112,-9.64408651635123e-06,1.27735253641921e-05,-5.40977693854791e-05,4.04526806466078e-06,-5.50300331444258e-09,9.09724833013876e-05,-2.80340582615954e-07,2.68362484570917e-06,-7.62744961585699e-11,-8.03117393053461e-07,2.98536030154257e-07,-5.54309307756924e-06,-7.18469711543213e-07,7.51567564449236e-08,-2.11209537890673e-06,1.07076654746084e-06,-4.20884251099877e-08,6.48640344942698e-08,1.56717172503143e-08,-8.57358179076113e-07,2.75509861531209e-06,-1.38910443854794e-06,2.58765490019715e-06,-8.0804144379179e-05,5.67451583385461e-07,3.65457771598412e-05,-1.6381491400197e-05,-4.28871450579577e-08,0.000811939092057781,-1.31291258493519e-06,8.54056621976842e-06,1.13051056731111e-05,-3.98996318555194e-06,-6.21299222317212e-05,1.02293871491119e-05,7.01370498558155e-05,-6.20782003842361e-06,-0.00116634047895351,0.000385259482744215,5.95568857540005e-06,2.29979749454117e-06,-0.00254116954498559,2.34762941150841e-06,-1.74664061716942e-05,-1.93233620594959e-05,0.00207320773241387,1.20341006911566e-05,0.335804789853544,-0.0141291171760322,0.0559369636086364,-0.000710092086587922,-0.000129147476387432,-2.11807886065633e-05,1.00392580276726e-05,-2.76945138364861e-05,5.19543900414407e-06,-2.19292824190785e-06,2.40973266236179e-05,-0.00011001114834832,2.88816454690709e-05,-1.65397784424736e-05,3.1387770912714e-05,1.69479227809138e-05,3.8644689311403e-05,-8.47419785485186e-05,6.7892787665597e-05,-2.58729352612069e-07,9.52490305608362e-06,-1.38049375072562e-05,1.3977313275243e-05,-1.36164655563961e-05,3.26688688339828e-05,-0.000156574051783463,2.77287767634959e-05,-2.58296615053669e-05,-7.10323824596911e-05,0.000177937609597138,-0.000281532098420072,0.000212068472597511,-6.60498070156636e-06,1.17880881411382e-05,0.000388234091742211,-6.38360230771065e-06,3.27661620206971e-05,-3.78188768126739e-05,-7.27788957211424e-06,-0.120457834560735,3.06461598744994e-05,-8.50969998408415e-08,-5.38570453313114e-05,1.60267848449665e-05,-4.60564229361318e-05,-2.92749243911938e-06,-0.00011305803057814,2.20165434741731e-05,1.45360957655e-06,3.51258856420808e-05,-2.75763102927814e-07,-1.25595539561509e-05,1.88376705439578e-06,1.2296328512132e-07,-3.25711087280118e-07,-0.000364045837451348,-1.43328153922032e-06,-0.00122879486888822,1.0175855890407e-05,-3.13230415260776e-06,-2.73022850711656e-07,4.09786257974212e-06,-0.000254794778666389,-1.22232879625958e-06,-4.06631338310445e-07,-0.000202381180843141,3.95977811457591e-06,-2.27691097530108e-06,-0.000301883990692179,3.736622010066e-05,-0.000142940762121117,2.90779446897998e-05,5.03944276283815e-07,2.51462078509775e-05,3.53958538717034e-05,-0.000449228756018484,-0.000107148143955282,8.05084381314666e-05,4.10503672314593e-06,8.25392282480767e-05,1.93171863416267e-06,7.80678092524893e-06,-9.59671149463089e-05,-0.000393132173632407,-0.20703162847517,-0.0094660540980064,-0.00467169597604483,8.85316118284827e-05,2.34104632544459e-06,7.78321900037746e-06,1.02908140076486e-05,0.000200598072914186,-7.00501850912653e-05,-0.000335415802349938,0.0586440531595466,-1.10637219212732e-06,4.45343083396381e-07,9.64462277519659e-07,2.9470920644087e-09,-1.73221968323485e-08,1.32100838202013e-07,2.60065659462483e-07,1.11244781633714e-05,-1.66730738730164e-07,-5.78794271817509e-08,-5.66988674250505e-08,-7.74840479448269e-06,9.70508244103965e-10,2.74149448043307e-07,5.89496009372184e-08,1.73999973164296e-06,1.45277635377201e-08,1.17629771975735e-05,-8.55994423447785e-07,-7.26819268964534e-08,-1.0674358413022e-05,2.7044401800889e-05,-0.00011890478356293,-2.75762457463456e-06,-8.51910747966551e-05,-2.85691555017594e-06,0.350086213748879,-1.93041019899503e-06,5.47545370853669e-07,1.66863860402154e-06,7.95889681157685e-06,-5.26991855363974e-05,-1.39058507359826e-06,-4.10131370476391e-06,7.78793796395875e-07,3.75530512483633e-07,3.90544708452157e-06,1.95267744200992e-07,2.48690375423274e-07,1.53802150756599e-07,-3.75124978113198e-06,-5.1195886604201e-07,-3.44318913609799e-08,-5.51735985681389e-08,1.81992152997824e-09,0.000237611001374057,4.25709258503107e-08,-2.96797322789345e-16,-5.10563439370945e-09,3.87721669002639e-06,-4.51368778275098e-08,-1.8389361385765e-06,-1.56627890468132e-06,0.00252612690320587,-4.42524021262462e-08,1.30478596752216e-05,-3.7215382633873e-09,2.93646798621343e-10,-5.04916916818747e-07,8.237112691929e-07,-2.70162368094685e-08,3.76184088279605e-06,-1.91032132925246e-07,7.50084804397292e-07,-5.39434097056833e-08,3.67439374287125e-07,-9.2888648012515e-07,0.000823029879404535,1.63988920321561e-07,-3.58799138102072e-08,8.85965450738152e-07,-1.77784427472658e-07,2.02294538673685e-05,-1.05987192849863e-05,1.14216117546271e-07,-3.92237715561309e-08,5.75195044898591e-08,4.0915293428037e-06,-9.40204058793823e-06,6.61376316994419e-08,2.71631229557651e-08,-6.46414403310234e-08,5.70405374294253e-06,-0.000156575628009212,6.26782418013796e-06,-0.000121042914645138,0.0292639317411378,8.11249505414638e-06,-5.3458882295785e-06,1.59097998837965e-06,-7.50130692060493e-07,-3.60381493566372e-16,1.2397744890223e-06,4.05876395242424e-08,3.28247747984548e-10,2.11965616118316e-06,-3.00693041181837e-08,1.68970923895972e-08,5.73516008646421e-05,-9.87754988876492e-07,1.78908243076088e-07,-4.63838609540508e-07,-1.42521611477416e-08,7.38562523447545e-09,-8.58323466588564e-08,9.62027811505104e-08,-1.62405131424647e-06,1.71281411192025e-09,7.91526926720992e-07,5.37147181866425e-10,2.9614325593616e-09,7.32884025722243e-08,-9.65303790589256e-07,2.36881273201138e-08,-9.5428065115019e-08,1.35634101603531e-07,-4.99885881439756e-07,3.52463201583608e-08,3.20767277902784e-08,2.47801556686964e-07,-4.20551514000118e-07,-3.47227649519569e-08,2.90969175946161e-07,-1.9500513265221e-07,4.86789356269031e-09,4.60297157468632e-08,-9.23056797782435e-08,-1.39862738322522e-16,3.23738295339305e-10,1.38110387967294e-06,-9.64543066511031e-07,9.3638170942563e-08,8.38169309038105e-08,2.46051572257438e-08,5.75570202383581e-08,-8.5006129122228e-07,3.21697002458143e-07,3.43618831040983e-16,-2.56069649415142e-07,-3.13555304239591e-09,-8.84870887936469e-09,2.94680210031625e-07,6.80916151807984e-08,-4.65032737350664e-09,-1.80792606652925e-07,4.87353904090555e-08,-1.65316875929637e-06,3.19982735061482e-07,-6.59676996052662e-08,-1.20331311453755e-07,-6.39806522594266e-09,-4.81272151780588e-08,-1.21921331247745e-07,5.15141863358303e-07,-1.34235292037471e-07,1.48110507488063e-16,-0.000113737477420557,1.52219564119921e-06,5.65998777085189e-09,0.000634694445785021,-2.54103320011084e-07,-5.77709690409928e-07,2.07499115667349e-06,-7.56654302036657e-06,-5.33805214442622e-08,2.771713895935e-16,-1.00332334342305e-07,-2.80023436065139e-07,-1.32340440145132e-07,1.02105972352192e-16,2.62541293343759e-07,3.47387735836962e-06,-5.34063323673871e-07,-2.22763943054025e-07,-7.6944697007717e-08,-4.25143556978588e-08,-1.56634378547798e-06,4.97324439832491e-08,5.40254980201872e-07,1.89978681020157e-07,1.34903540155747e-06,0.00761732430113568,6.64616407948577e-16,-1.28717952767274e-06,9.0425601158709e-08,6.90480361212792e-07,-8.04797157914765e-08,-3.89135041002554e-16,-9.70693521421767e-08,1.29399794961246e-06,-7.6378453936393e-08,-8.12236505071509e-08,-2.85288436384525e-07,0.0311888861451419,1.11282570768561e-06,4.2490197027648e-08,1.14116568497081e-16,2.71785240313131e-07,-2.78708362323751e-06,1.07130941960426e-06,3.74949407554394e-07,-3.82294776215675e-08,-2.59662824018073e-10,2.69749500514394e-16,-8.09985816228499e-17,-2.65425824053584e-10,-1.85051281436503e-06,2.45007178398274e-07,-4.83976541099395e-08,3.50081702336513e-16,-2.41352781455305e-08,-2.90106522907917e-10,5.45103150348226e-16,2.06215465749926e-17,-1.36294890784584e-16,6.42784159736485e-08,1.9045231658974e-07,-2.79393649381537e-07,1.66798981571176e-07,8.32483269156272e-08,1.73053522318472e-07,-5.23473011449322e-07,-9.43196061466602e-17,-1.16658504498696e-07,4.27130370437641e-07,-1.13061672997528e-16,-8.90137606489068e-17,-2.11752439544254e-07,-1.64922102666869e-11,-9.5816862902943e-07,1.00792114895274e-07,0.00102473766642057,-5.49589205755389e-09,2.01044665645746e-16,-2.08187661041694e-08,-6.60593237788482e-19,-7.47551863458534e-08,-1.0969144429579e-15,-1.03288373760372e-06,-4.19409038961952e-17,1.0824194166375e-07,1.94230873695607e-07,9.06529505894169e-09,1.1934916336597e-07,4.11426152186234e-07,-3.55809346351868e-07,3.00868840650607e-07,1.50681584506464e-08,7.3302327699279e-08,6.76368907963155e-09,7.97505035982104e-07,-2.99654198374087e-07,-7.40714823237512e-08,-6.02167511042056e-09,-1.08112495767835e-06,4.3339819756158e-17,1.35132792131499e-06,-2.33496138280236e-07,2.31593438962107e-08,1.71871741977633e-16,3.07027661183708e-09,8.34002496371373e-08,2.98647407731237e-07,1.51459504897441e-17,-5.03076429739704e-07,-3.85734051124582e-08,1.89289907257399e-16,-5.10378764121083e-08,3.18276146739958e-05,-1.02998463434236e-16,-1.21614159570087e-16,-2.89977630858704e-08,-2.24446774991236e-08,-1.2821505315542e-10,-1.78300730043483e-07,4.7536520898221e-08,9.70325316764432e-08,1.34797026069348e-08,1.6553808949048e-07,-2.81612006215616e-07,4.66857455472258e-16,4.03078478494868e-09,4.00276627892119e-10,1.10543056560524e-09,1.0353765026455e-07,1.97211982683562e-16,1.0307486934424e-16,3.4095302764052e-08,-5.86733709721668e-17,5.81580908524732e-17,2.15831451660627e-07,-2.41251431942192e-07,-3.12274822441108e-07,-2.60823938919111e-09,7.91607839003199e-06,1.73738124751708e-07,7.80697040240891e-09,2.7418383720347e-17,1.90972014792867e-08,8.93304139876925e-10,4.10099998474751e-09,-2.8788617344587e-07,1.13878614219189e-06,3.25406469581655e-16,2.52962483021771e-16,2.75808778893336e-14,-1.43730478974737e-08,-4.79873352658669e-08,-4.02263006698326e-08,1.90472939239608e-16,-3.68436337358368e-08,7.10611313941914e-16,-2.11020074542544e-17,8.7304623216882e-07,-1.91707651064752e-08,-7.95695974387112e-16,-4.72351703944216e-08,-1.69476706145649e-07,1.03907917552095e-15,7.3136825621839e-08,3.73836942778835e-16,1.95714420621908e-08,-3.99321340530801e-16,1.95303754681876e-08,1.69085164888147e-07,4.25093832659951e-08,5.76199071746757e-09,3.95823675768594e-08,-1.03083064283862e-06,5.49258368654848e-08,-2.63660913487259e-16,3.26584600715007e-06,-1.42268960664091e-07,-3.18505560671306e-16,-1.41582065126067e-07,-5.59621663233927e-08,0.0005842311713873,3.6651800099805e-16,4.06038824889143e-08,3.73075554573228e-07,3.00679822890978e-17,-1.34569300806504e-07,-2.97875341409329e-08,-1.07859961690235e-08,1.34919024998611e-16,-2.50031377112875e-16,2.79025687300931e-08,8.5560329893855e-09,6.92426866754396e-10,-1.00566045730072e-07,5.10693471249393e-09,3.55902902265051e-17,-4.27532176493857e-16,1.86569455907784e-08,1.28612364173746e-10,-1.91240137919836e-16,4.51454233163998e-08,-5.51680453693723e-17,1.62097962548632e-07,-8.6651841741796e-09,-5.06368850581494e-09,-3.35895982827043e-08,-5.438174496424e-16,-2.22271558931387e-16,-2.07632558398415e-17,-6.34651648996076e-17,-1.93052721783775e-08,-0.000411926180425914,-1.92827305984768e-16,3.19526226458186e-16,-4.23057387629705e-16,9.07063503202838e-08,5.20419203348326e-06,-4.51897686818648e-08,-5.72864418784435e-17,3.0127267867941e-17,8.14642407351296e-16,-2.81459984618986e-07,5.97373617949836e-08,2.00619568079563e-16,6.56377338175129e-05,-2.74396093536672e-07,-1.42858392801379e-16,1.87031463719139e-16,-2.74218081729302e-08,-2.80988286327648e-10,-1.35991426972838e-08,-9.77548050509937e-16,1.53252480177044e-08,2.23369641854957e-08,2.39948910759436e-08,-2.1907613235341e-08,-7.80694011228546e-08,4.09953377634743e-05,3.84192534722042e-16,7.75003783564578e-16,1.74350108659253e-16,9.50261706946152e-07,-1.14995648850378e-07,-6.26714539935838e-09,-4.9460341005556e-09,-5.74467057423226e-16,2.29088072354417e-16,6.41810172289564e-16,1.23539961402083e-16,-5.85744487193244e-15,1.63928449571605e-07,-5.54699894349614e-16,7.15631610908048e-16,-3.83985397623515e-09,-3.78967230885241e-17,-3.43758906431422e-09,-2.56486213755204e-18,-4.26239914768734e-09,4.96109696629813e-16,-5.17890923383474e-09,-6.49175858003148e-10,-1.62376691645633e-05,4.02642496364919e-16,2.07791421424449e-08,-2.29624896320799e-16,2.95991066054297e-08,-3.61438282940365e-07,2.89078135329992e-10,-3.97163717651327e-15,4.22333262803866e-08,3.00644837700693e-16,-1.04033085181015e-08,-5.87267277460778e-08,1.07002046601412e-15,8.42654353550865e-17,1.41180580340676e-16,-1.20346375189959e-16,-1.9751534598842e-10,-2.57333741194116e-09,-5.74957015829932e-10,-1.8194213576469e-16,-3.65314909262006e-17,-4.22542516623066e-08,2.56964246224249e-06,7.94252424168935e-16,-3.45886415855854e-16,-2.63728770892623e-09,7.17754555567837e-17,-1.87054808113102e-08,2.73883872171845e-14,1.77044247434427e-07,3.40971373000118e-16,-4.13852514007511e-16,-2.49198515211341e-16,-9.13853164985302e-16,-2.16391194194714e-16,1.03996949104245e-15,1.76608276855247e-07,-1.23521121792397e-06,-2.08122919553552e-16,-1.59050957335853e-08,6.05541163815606e-08,1.10945389223186e-15,6.03093594445129e-16,-9.85069870965453e-16,1.91468127087571e-15,5.99321834616643e-09,9.59374662077506e-10,-3.25557069037429e-15,-1.31426187075983e-16,-1.09062725294392e-08,-3.89104567474154e-08,-4.07420377440061e-09,-4.692547842592e-16,2.06972648625147e-16,4.05092321336918e-16,7.89063832257396e-16,-8.63397648743348e-15,6.24096019162432e-16,2.32006821474564e-08,-2.19638879929666e-08,-4.22724596065665e-09,-3.91199439728526e-18,1.21863088023116e-15,-1.07896742530882e-15,2.21561504468273e-16,6.82504349661618e-17,-2.24989429793226e-16,-1.73542861186059e-15,5.61785085546285e-16,6.71306259692664e-16,1.83212063277161e-16,-1.33222735656762e-15,1.56368175462842e-15,1.48506799154952e-15,5.52570931108934e-16,9.29910813711423e-05,-1.25988309172672e-15,-1.38589452046774e-16,-5.54725749630592e-16,2.31976610282136e-07,-4.04699686143087e-10,4.02392705687898e-16,-4.47606745485291e-08,2.13383192048286e-07,6.03074863950789e-16,-9.98528748131971e-16,-5.99701637699212e-08,3.67221889875181e-15,5.34614718572654e-09,-2.02556058455032e-15,2.09885550911204e-16,1.00594082208285e-15,2.2636739754869e-15,7.74755388470328e-10,-1.06601237425097e-07,1.63236309253324e-15,4.60533507148938e-15,9.85199498957393e-16,1.07320525359898e-15,3.31765864780564e-16,-3.87397320675885e-15,8.90701469690243e-15,-2.49663533822256e-16,0.407710808622256,3.27702383217461e-15,-1.57015247213469e-16,3.22829440841171e-15,-2.24251445217675e-14,6.42779496191444e-15,-1.60911126069265e-15,-1.11655467272338e-08,1.18591551927912e-14,5.10020056734577e-15,9.68791985869702e-09,7.04121133213057e-14,-0.707106781186561,6.22874592843106e-15,-1.26343400941138e-14,8.34430979713139e-08,-2.46887047798109e-15,-9.09080175736017e-09,4.01682263557923e-15,5.10439875711422e-15,-4.39689991683066e-15,-5.55700740194424e-15,1.97277708495449e-15,-1.20816972038911e-14,3.37838444876193e-10,3.13830129664339e-15,-1.68158126946835e-15,9.96590987894629e-08,-4.28618569172051e-08,1.30770008297402e-15,3.03429994970476e-08,4.45705728734798e-09,-1.13279008900188e-15,3.92623487742041e-15,2.91637649714838e-15,3.85695198237155e-16,-1.21823884380637e-15,-7.71240582482213e-09,-7.02802170948798e-16,2.65281546898389e-16,2.71442652419254e-16,3.10355287657538e-09,-9.99610556536288e-15,1.8494236380008e-16,2.40906891632465e-16,2.35873967202958e-16,-1.42229782197716e-09,-6.24689823931532e-16,2.95824660558298e-09,2.88344151852027e-16,4.95145249799098e-15,1.14493938994431e-15,-9.53234160092892e-16,-1.89445936409319e-15,-5.64380085420028e-17,6.243561766856e-16,-6.69106695185166e-08,-1.39006107393579e-15,-8.40254515673622e-17,2.17716419941687e-08,-2.98542479198867e-15,6.69506293204935e-16,3.49736968528645e-16,1.20867877164814e-15,7.6561371260125e-16,6.48835504685148e-16,-2.29761757784612e-08,-2.14741486372249e-16,-4.04511236445665e-15,4.72962837041786e-08,-7.04398807922175e-16,-2.48595320966296e-16,1.17887002848801e-15,-2.09694079091213e-16,1.80502041628102e-15,2.91478462716601e-15,3.85005906748929e-16,-2.23243492443241e-16,5.87770372152912e-17,-3.02521821461106e-17,-2.81381535293187e-17,-2.49605569688606e-08,1.07177044407231e-07,-3.30362338208296e-16,4.05428194499516e-16,1.89711107457445e-16,2.6164545055924e-16,7.20831814376988e-16,-8.83085196369451e-16,-7.96291497176234e-16,7.37552214731341e-16,-1.04360251726238e-09,-9.17001284245927e-16,1.2043003612778e-16,1.45837758584453e-16,7.97992223716847e-16,1.33969012770945e-09,6.22331137025378e-16,-1.09476185628984e-08,2.10998708360937e-16,8.07462605037132e-16,1.13845165656242e-15,5.71800800636958e-16,-2.14052150343863e-16,-1.52336702208144e-15,6.03649776891905e-18,-2.9220248521443e-16,-1.69223587298329e-16,-1.46978340936515e-16,-6.78472330501478e-16,3.87284488627827e-17,-2.53784239485199e-16,-4.09916943304663e-16,3.48465989587788e-16,-7.78772970774872e-16,-2.12740133819614e-17,2.57652241263175e-17,-4.33824860733849e-16,-5.61160178105551e-16,1.1091930325613e-15,-1.15522628549365e-16,-2.43920336720494e-15,2.91042607086329e-16,5.68127506584242e-16,1.02215751805964e-10,1.41433221523665e-16,-5.72633540843391e-16,3.26092227174952e-16,8.38076907656259e-16,2.96542873102633e-16,-5.54437247453157e-16,3.05515471486519e-16,5.85048267484088e-16,-2.04732928520853e-16,-1.08838472981042e-16,-1.44665095874741e-15,3.22364886697967e-16,9.0655461129837e-17,2.34146105972499e-16,3.72139350712905e-16,-1.19875742664198e-16,-2.63546682006479e-16,-1.32214721521452e-09,-8.2521716906333e-17,5.3370990151089e-17,-3.7876775545544e-18,3.72477331996845e-16,-4.56568913113277e-16,-4.38078504654234e-16,1.99674439417429e-16,3.76048160294528e-16,3.80145497465359e-17,2.81448486050078e-10,3.05295504954819e-16,2.84077062616922e-16,-2.80525458107859e-16,-1.16689431044687e-16,-2.5203891761645e-16,5.02754003057714e-16,1.34544789777282e-16,-1.70396499119359e-16,-2.98439965525096e-16,2.16030203738696e-16,-2.66464323654545e-16,-1.00582103351558e-16,5.86582767772101e-17,1.42611654560764e-09,2.07010870683139e-16,3.667775256224e-16,2.08005658571896e-16,-2.206351421008e-17,-4.30078837619859e-09,2.21730260311898e-16,4.79681918552611e-16,-8.33093950075333e-18,7.10107392790789e-17,6.88557531639555e-17,1.35270370873865e-16,-9.62093151150424e-17,1.20450661607323e-16,-4.27847877828952e-17,-1.14874933333137e-16,-1.62776386894989e-16,1.26818059426254e-16,-2.81742793114334e-16,4.72359233926019e-17,1.91817458173787e-17,6.97830612467088e-16,-1.10670129088052e-16
"t86",-0.0414513643222923,0.034067545441025,-0.055465308714626,0.0228733483087489,0.00464603463522126,0.000426722885974357,-0.00799930914490502,0.130639318260255,0.000131049868475624,-0.000431949071440131,-0.000185237399780003,0.00742259168226194,-0.0113356336894896,0.00156160109357032,-0.000318249086162817,-0.0288105955721984,0.0004469956670865,-0.000531374438605437,-3.91136990841293e-06,0.000100343541180442,-0.0587093316109755,-0.000544801116013966,9.59943162310184e-06,-4.65697059589404e-05,5.63240436913523e-06,7.89909669868434e-06,-1.43749846318271e-05,1.7365620317221e-05,-0.000580050280556784,0.00060275743774096,-1.93808432310624e-06,3.4734921938461e-06,-0.00117727100038617,3.07713561022008e-06,-1.83367373807735e-06,-3.38454789732452e-06,-0.000139759265153754,1.05088767618854e-06,8.78527042495409e-06,2.59469523790043e-06,0.000166009503097869,-2.900924231924e-05,0.000335664918564486,-4.06362281152699e-05,0.0185010913757557,7.9207196389742e-06,-6.7944960265177e-06,0.000113469132781864,-5.77703189065028e-06,7.42373431692855e-06,-3.0045333104105e-05,2.19438354627603e-06,-2.97442699466512e-09,4.76089028715423e-05,-1.36270339274625e-07,1.28806643262579e-06,-2.57291324162365e-11,-2.26382423341049e-07,8.19627569653112e-08,-3.90753698325249e-07,1.5532260775032e-07,-3.46235867853855e-08,1.62423925693899e-06,-9.34526027579791e-07,1.07024094058428e-07,-3.45355284502079e-06,3.57793968736224e-08,-1.51149431419283e-06,4.4565261546769e-06,-1.98528884501047e-06,2.57776669883436e-06,-6.89720435351568e-05,4.74735087454105e-07,2.9393058697279e-05,-1.31125736223607e-05,-3.37770166666097e-08,0.000635418193476931,-9.96668596160405e-07,6.07389975942072e-06,7.83899359135797e-06,-2.65207138905218e-06,-4.09249163806627e-05,6.3119641926983e-06,4.24400161469872e-05,-3.45400198827751e-06,-0.00063410769183931,0.000204577879361203,3.15044122317753e-06,1.21532817022534e-06,-0.00133949987509239,1.22632139883879e-06,-8.35951070501549e-06,-9.1724148804638e-06,0.000929978171345839,4.87031633666407e-06,0.133716364295719,-0.00562187828964244,0.0213372877305458,-0.000266553351341564,-4.55346798057621e-05,-7.07739470264579e-06,3.33812957802373e-06,-9.15769284792342e-06,1.29247040871007e-06,-5.32169098204228e-07,5.73343959965222e-06,-2.52465675387846e-05,6.56007396491724e-06,-3.68781274679626e-06,6.80031554785085e-06,3.63701253846984e-06,7.82153076993427e-06,-1.70280541612346e-05,1.14684279182389e-05,-4.19393686773271e-08,1.40165140996972e-06,-1.93896385158497e-06,1.7058083663375e-06,-1.42047617156145e-06,2.97070068282449e-06,-1.30464190730103e-05,1.5805398543954e-06,-1.03089779588461e-06,-2.78842766034208e-06,6.54656954418706e-06,-5.38522822965327e-06,3.74383617208021e-06,-1.54193528794475e-08,-5.04884881731276e-07,-1.6832772035398e-05,3.01482133334497e-07,-2.74632338798345e-06,3.55462262205585e-06,7.5443298512257e-07,-0.00405787563048536,-8.6365406506423e-07,1.05629692623157e-08,8.40237707390287e-06,-3.14940906078843e-06,9.10234758983232e-06,5.98506508177643e-07,2.35055282367654e-05,-4.69984373523345e-06,-3.13385041205836e-07,-7.57382032825301e-06,6.36428223166855e-08,3.27636732020327e-06,-5.48788069698925e-07,-3.67542906533092e-08,1.0279427713081e-07,0.000115375980896387,4.63364127486544e-07,0.000401854428791074,-3.37114118859384e-06,1.15986334741201e-06,1.02797886949695e-07,-1.56098615197556e-06,0.00012243031530085,6.16713161106475e-07,2.06658308461395e-07,0.000106960449912913,-2.10922056754514e-06,1.27181512913925e-06,0.000169571161041938,-2.19277303515026e-05,8.73289612508233e-05,-1.97643430071948e-05,-3.43736767847501e-07,-1.71674746444491e-05,-2.44914149075263e-05,0.00031566048465954,7.54553113346627e-05,-5.83909389310968e-05,-3.00421211383096e-06,-6.15670527214302e-05,-1.44753779796795e-06,-5.86376497288365e-06,7.51614907989694e-05,0.00032057578769423,0.16995000540401,0.00781947070734085,0.00392955355853208,-7.49754905752866e-05,-1.99563394651341e-06,-6.67546394021996e-06,-9.00343757720556e-06,-0.000176345601087065,6.40277912070848e-05,0.000306952189624014,-0.0543166715682065,1.05650540720838e-06,-4.34899976848666e-07,-9.48539031788418e-07,-2.92727927738043e-09,1.73244215437474e-08,-1.3447926282184e-07,-2.65615899775825e-07,-1.14327855829077e-05,1.71821772951971e-07,6.03572797526932e-08,5.91328183844925e-08,8.07263198739961e-06,-1.00612113769736e-09,-2.75392807785396e-07,-5.9203845350917e-08,-1.73947623159493e-06,-1.42899207852202e-08,-1.14174587478528e-05,7.94350480117856e-07,6.22375016275622e-08,8.33066883758458e-06,-2.03704585718685e-05,7.18451287783683e-05,1.37845971746335e-06,4.23298104416685e-05,1.1497628337471e-06,-0.0355525932501061,6.14381667873847e-08,2.32051229908329e-07,1.40768831619145e-06,8.07327354084731e-06,-0.00010020434129312,-3.013449906656e-06,-1.02060502668739e-05,2.89503701464553e-06,1.51060227665484e-06,1.60160758538818e-05,1.22737192820565e-06,2.04317717213541e-06,1.73476859190918e-06,-4.93680927138969e-05,-7.98272672000031e-06,-6.36805295040683e-07,-1.07369510233688e-06,6.13715420350312e-08,0.00828961167488458,5.62780719453248e-06,-1.28690244472247e-15,1.00401111667213e-06,-0.000528697913162492,2.16149393684359e-06,6.09662923202304e-05,3.41225672711267e-05,-0.0511301896890954,1.21275012401413e-06,-0.000344149795671823,9.66595943129039e-08,-7.1788503909834e-09,1.19516588491205e-05,-1.86037678424178e-05,5.99906933396877e-07,-8.29985190537662e-05,4.09025625457013e-06,-1.51278155760233e-05,1.08377483773995e-06,-7.39539047256254e-06,1.90114025228877e-05,-0.0168749105595707,-3.43427842791035e-06,7.62437835947518e-07,-1.92818947088235e-05,3.90187606585658e-06,-0.000448070253304927,0.000237906310715798,-2.61826895979278e-06,9.01405311140806e-07,-1.40438250080738e-06,-0.000100047695901259,0.000230291150487094,-1.64970237469053e-06,-6.82268871974384e-07,1.66101572574954e-06,-0.000147208367296734,0.00474183467634209,-0.000193662515430588,0.00380129555424566,-0.955211025371055,-0.000273479799148367,0.000194743304286974,-5.93570820752353e-05,2.85325979932134e-05,2.38938224161709e-15,-5.05613240903132e-05,-1.67119436262365e-06,-1.39531413190581e-08,-9.75924702395621e-05,1.49102431626802e-06,-8.69646482429648e-07,-0.00300817367343079,6.87136481242644e-05,-1.27124621740439e-05,3.31501402566559e-05,1.12936343306849e-06,-8.4449681173025e-07,1.06242306463671e-05,-1.26313644863888e-05,0.00026649092653033,-4.78327276412299e-06,0.000393493576946707,2.49948788461644e-07,1.35228292753626e-06,9.21906871823144e-06,-6.69174355511264e-05,1.5545714792512e-06,-5.81129303196342e-06,7.59916335113118e-06,-2.73387145125294e-05,1.60989345124401e-06,1.44732307761391e-06,1.09377563354439e-05,-1.82912597362618e-05,-1.44118382727947e-06,1.14986953995967e-05,-7.38127474894143e-06,1.80938679891663e-07,1.66033581851549e-06,-3.13331875445374e-06,6.78119623390228e-17,8.14866081442084e-09,3.39112686804312e-05,-2.28499099986047e-05,2.21597756471897e-06,1.98138624990219e-06,5.76711282122771e-07,1.32783207632337e-06,-1.92516428968191e-05,7.02555513567929e-06,-4.48728063311285e-16,-5.17261029246382e-06,-6.27565436360892e-08,-1.73691209823987e-07,5.77103237831603e-06,1.27320746747102e-06,-8.48424816709523e-08,-3.18913279545627e-06,8.40514432660896e-07,-2.71975967662163e-05,5.04896333971395e-06,-1.01418198663889e-06,-1.82341343420769e-06,-9.6090497408837e-08,-7.11504005988908e-07,-1.79934644814191e-06,7.51869560675006e-06,-1.94246494000192e-06,2.65027140791286e-16,-0.00154404261643894,2.03880371944794e-05,7.57987925332715e-08,0.00501148658503652,-3.29942424474089e-06,-6.91428738815125e-06,2.42987257076778e-05,-8.82177388359465e-05,-6.11879989972805e-07,3.18712333460328e-16,-1.12709570267627e-06,-3.12129045005793e-06,-1.43042354430889e-06,4.20283627110149e-16,2.73288917512391e-06,3.58070272288086e-05,-5.47585367060222e-06,-2.25820011662814e-06,-7.63968568093005e-07,-4.14833224113576e-07,-1.5055376662341e-05,4.51935975348037e-07,4.86856631896138e-06,1.60968212334935e-06,8.61949181430778e-06,0.0470240345937846,3.09699145299494e-15,-1.58132860114412e-05,1.03523241868755e-06,7.18229380068241e-06,-7.62539175523706e-07,2.70464907340641e-16,-7.76847141964896e-07,7.93894580095061e-06,-3.81437413789122e-07,-3.52977130136128e-07,-9.77852778686887e-07,0.0340086548525966,-7.98244197850358e-06,1.28422259758916e-06,6.47987408849237e-16,4.68328652883119e-06,-4.69181455579285e-05,1.72689670819037e-05,5.74473360562974e-06,-5.83663992073334e-07,-3.91473449236248e-09,4.58834359395865e-16,-1.00932046397901e-16,-3.7589136565567e-09,-2.507773277452e-05,3.30383748351567e-06,-6.31435635563596e-07,1.79264265088733e-15,-2.96737465817206e-07,-3.48841038293734e-09,4.45853137121898e-17,1.83795474256584e-16,8.46966682906857e-17,7.29002812648079e-07,2.14594082415204e-06,-3.0819040788752e-06,1.80948561431071e-06,9.01405283900903e-07,1.84312491422202e-06,-5.5650728561668e-06,-2.89948911732918e-16,-1.20315899332867e-06,4.3616566454496e-06,6.12136258737613e-16,5.16368529257798e-17,-2.0848650683616e-06,-1.60986484056804e-10,-9.23921255170883e-06,9.62332009870697e-07,0.00627563223757573,-5.63266299078932e-08,-3.23900661887065e-15,-2.03255973447701e-07,6.39447576993006e-16,-7.11418178410584e-07,-4.03092815202954e-16,-9.74632649495824e-06,-1.85505940439452e-16,1.0127375943895e-06,1.81443393323736e-06,8.31378789971222e-08,1.090621213835e-06,3.75408388453168e-06,-3.2262333032046e-06,2.71365469640839e-06,1.34310838862247e-07,6.53317633933197e-07,6.00715345864003e-08,7.0386711099304e-06,-2.62322573077954e-06,-6.44134866980103e-07,-5.20981326009949e-08,-9.33048758906241e-06,-7.73484696619943e-17,1.15750008336608e-05,-1.9860128761102e-06,1.93283198094421e-07,1.1542938112408e-15,2.54899287743308e-08,6.8707849852549e-07,2.45242825557137e-06,7.20262657082002e-18,-4.12436284070351e-06,-3.14208601930199e-07,1.63811761824545e-16,-4.14449831185399e-07,0.000253846151883633,-8.58421586200327e-17,7.39740477039913e-17,-2.2972469358227e-07,-1.7770413717891e-07,-1.0123187064559e-09,-1.40323372836119e-06,3.71443251786035e-07,7.57734656507634e-07,1.05173357150204e-07,1.27972651753354e-06,-2.1611875879095e-06,-2.16027282867737e-15,3.08496105882427e-08,3.0620968360797e-09,8.44274379509043e-09,7.89234360684867e-07,3.85544209798619e-17,1.84702781670377e-16,2.59211463891806e-07,-1.13724164433056e-16,1.97116549965764e-17,1.61463055696658e-06,-1.79992338916984e-06,-2.32968143261218e-06,-1.9345247005398e-08,5.86674733567234e-05,1.28738932551863e-06,5.77869568816864e-08,-4.18082062238988e-17,1.39776685873905e-07,6.52291774551622e-09,2.99224012447445e-08,-2.09249203069468e-06,8.22034492319422e-06,-1.18012175859922e-16,-5.3746099294931e-17,1.95649261384833e-13,-1.02747245513241e-07,-3.41625047416179e-07,-2.86283973854226e-07,-7.99276387332345e-16,-2.61174366334562e-07,-3.26047738100181e-16,-6.8127126030811e-17,6.08431255080362e-06,-1.33574173711707e-07,1.93638508005911e-16,-3.27771684529809e-07,-1.17323910905636e-06,3.84866880166176e-15,5.03868888202569e-07,8.31552954995306e-17,1.34059201605902e-07,-3.4596315309383e-18,1.33708723243042e-07,1.15712596412725e-06,2.907792295647e-07,3.93892208257657e-08,2.70203515591915e-07,-6.99944392296634e-06,3.70162827285379e-07,5.16775432213242e-17,2.17858872441167e-05,-9.47780721632896e-07,-6.45727826115524e-17,-9.41271871820856e-07,-3.6974669155386e-07,0.00262330389255729,9.33578248743394e-17,2.68529298048625e-07,2.4630187863511e-06,5.00920726732958e-17,-8.8651617154777e-07,-1.96035779687894e-07,-7.07281406219346e-08,4.69703572905484e-17,1.70932630005728e-17,1.81492881869821e-07,5.54663000332296e-08,4.48573387625021e-09,-6.42215993573598e-07,3.25375944396732e-08,-1.50491009028618e-16,-1.95681917117262e-16,1.1867865179652e-07,8.17949885668698e-10,-1.30624075296755e-16,2.86343493204395e-07,-3.75676567329826e-17,1.02545146059977e-06,-5.46182127603143e-08,-3.19089852021287e-08,-2.11446744337951e-07,-2.36261324482009e-15,-1.184230180721e-16,-6.65207168512327e-17,-2.2000335605148e-16,-1.19406325710133e-07,-0.00175205351498276,3.91858776877093e-16,-5.47750481356687e-16,2.54081294157147e-17,5.66241372628316e-07,2.20656951560802e-05,-2.80466928511752e-07,2.20840623852778e-17,1.03290585719978e-16,-2.52280293010221e-16,-1.72815170936432e-06,3.66653293223455e-07,6.14232155662882e-17,0.000274169998695654,-1.6750317221079e-06,2.42893398796957e-17,-5.99549080984539e-18,-1.66752912131644e-07,-1.70818141944014e-09,-8.24891386581233e-08,1.15935404194228e-16,9.26176926498859e-08,1.34719882296855e-07,1.4431213095333e-07,-1.31252371482928e-07,-4.67241076409456e-07,0.000167865187134494,-3.41107655299465e-17,3.82433061757614e-16,2.17278152351071e-17,5.61468751065478e-06,-6.793456037923e-07,-3.69719500681431e-08,-2.89728852108568e-08,-1.16094278424886e-16,1.3215133706376e-16,-6.53461608113717e-16,-1.14700245355063e-16,-1.08480837610904e-15,9.53161641675802e-07,1.4246470436563e-16,-5.18671436654267e-17,-2.22617910324236e-08,1.67450849366571e-16,-1.99265357314322e-08,1.38973165641345e-16,-2.4701194960143e-08,-7.70256214519114e-17,-2.98602966097809e-08,-3.73844255463993e-09,-9.33349421844127e-05,-2.61256514301046e-16,1.19165587173858e-07,1.57802575290497e-16,1.68889962376281e-07,-2.04864415318793e-06,1.63802744867284e-09,-2.11041838755275e-16,2.38659303506338e-07,-9.04351838730286e-17,-5.85338750396362e-08,-3.3035317107797e-07,2.67029250318424e-16,-3.22555833501566e-17,-2.15746890489013e-17,-4.4073123900163e-17,-1.10705012660016e-09,-1.44093953369304e-08,-3.21585499314021e-09,-2.83372466101412e-17,-9.95231987415304e-19,-2.35055362264857e-07,1.4291127516045e-05,2.21181653858502e-16,-9.69808090977969e-17,-1.456594700549e-08,-6.58723414208052e-17,-1.03156290519243e-07,9.9396295021492e-14,9.7204726359787e-07,1.7832822265973e-16,-2.0274524740697e-17,-5.55533778681705e-17,4.54673355414246e-17,-2.2086974412955e-17,7.77211536796728e-17,9.60670188749134e-07,-6.71815634527454e-06,-3.28617917483104e-17,-8.62141636541326e-08,3.277651152365e-07,-6.99228648684308e-17,-4.32308091592579e-16,9.98022021987556e-17,3.58624898144393e-16,3.22341853223973e-08,5.15205959451766e-09,-2.61071284924785e-16,-2.08766302537893e-17,-5.8467984399696e-08,-2.08549726363156e-07,-2.1819871811421e-08,2.34036397678563e-17,-1.8673098335218e-16,3.49221635013234e-17,-1.03620838579808e-16,-8.46248822298019e-16,3.28000907759741e-16,1.22607889551817e-07,-1.15915653967909e-07,-2.22792616138389e-08,8.71992603189131e-17,2.59504138954925e-17,5.95182450452e-17,-2.85529819680491e-17,-1.43104916619325e-16,5.00989957284085e-17,-2.92088046410248e-17,-5.26806391114003e-17,2.24628508548766e-17,2.99838443470412e-17,1.49755154649387e-17,1.76716478819202e-16,6.46495507228412e-18,-3.76498835274204e-16,0.000332109472492578,1.01060518148114e-16,8.68196804245584e-17,-2.27976199769375e-17,1.18462184107784e-06,-2.06435462075097e-09,1.97624681196511e-17,-2.28162597009447e-07,1.08093347746693e-06,-3.95446582271244e-17,1.11125907326839e-16,-3.01174101521183e-07,-5.19722552637278e-17,2.65169353168721e-08,-4.32854159876854e-17,3.55585562436134e-17,-1.71242250786106e-17,1.30374461283e-16,3.7437232583838e-09,-5.13980754165645e-07,-4.47845583425045e-14,2.37236338783301e-16,2.5451362863596e-17,-1.27323877850623e-16,1.83203062095738e-16,1.68650857460475e-17,3.58221306229407e-16,7.69040981397753e-18,0.000164413134570267,-2.37429463020307e-17,1.0659005451747e-17,2.79189374128429e-17,-2.03746289628254e-16,-1.25464891131082e-16,-4.79721083131705e-17,-1.20352736491082e-07,6.62629919577433e-18,-1.90876728855768e-16,8.96913086048676e-08,1.22197562513341e-16,-3.74793991427386e-18,2.82239824243779e-17,2.31461045652873e-17,5.13672604161845e-07,-2.24590233997266e-17,-5.48615259689345e-08,7.72433548984772e-17,2.28175197649315e-16,-3.69760795594385e-16,-1.03885298140157e-15,4.345177078624e-17,2.11677919372627e-17,1.97850416556463e-09,-1.73880263481452e-16,-6.44510761752756e-18,5.73802579741312e-07,-2.46596564367055e-07,-5.35175033455046e-17,1.72523789405146e-07,2.52580581668865e-08,9.68400796085764e-17,2.04699766461831e-16,3.987820261428e-17,4.52698393021973e-17,5.0258931982256e-17,-4.21727945871311e-08,5.39203842133609e-16,-2.89981386055186e-17,1.0761780828397e-18,1.68580671672155e-08,1.504221944155e-15,-4.50891909859018e-17,-8.12416453897264e-18,1.38562740038557e-17,-7.66515952102694e-09,-1.62105079546642e-16,1.59069559629996e-08,8.51649250454762e-17,-2.93183454563077e-16,1.63121288051748e-16,-3.21469879961473e-17,1.63337970089567e-16,-1.69737481956451e-17,-2.19670404113962e-17,-3.55918339234534e-07,1.37350354455117e-17,-3.11713738548493e-18,1.15527154593307e-07,-7.24087001675628e-17,-4.32312929911929e-18,-1.74707511998176e-17,2.61233357021682e-17,-2.08611550321051e-17,1.20093140378372e-16,-1.21043936182806e-07,1.50787701290524e-16,-1.91323948592324e-16,2.48415906388942e-07,1.07585492248708e-16,-4.54580502191971e-16,5.64185927792362e-17,3.38706015014375e-17,-1.22276980731971e-16,5.55545453757988e-16,-1.05957174829515e-16,-2.2758921323792e-17,-9.9765248677413e-17,2.91389208795934e-17,-1.28306808503205e-16,-1.29756210523298e-07,5.5650676630239e-07,-7.00212563526605e-16,8.13276637642474e-17,-8.83737870572304e-17,9.4177300969044e-17,-1.84856470408779e-17,6.23183976579669e-16,2.6432980371597e-17,1.06177006045969e-16,-5.38715057331471e-09,-4.53076689096963e-17,-3.4283558048231e-17,-1.19801086127538e-16,-2.45876218627902e-18,6.88292552980012e-09,4.94929484751913e-18,-5.59588123823139e-08,-7.62827526342532e-17,1.42921012648406e-17,-3.90559260599856e-18,-1.02407185454703e-16,9.09572507673906e-18,-1.44054347255556e-16,1.16565846091737e-17,-1.63935245820556e-16,-1.56485673469527e-18,-1.26068180436442e-16,-4.20486830595988e-17,-1.17322267722019e-16,-3.07730064774947e-17,4.23255194908751e-18,-6.30685736648456e-18,7.87220196441869e-17,-3.48580963886582e-17,-5.64837885467596e-17,1.08960862567126e-16,1.31291821836242e-16,4.09069479678781e-16,-5.05314749144212e-18,-3.00669646324663e-16,1.40163758693774e-17,2.16346066046737e-17,5.13518147161491e-10,7.86577704346438e-17,-5.60469589379954e-17,8.26867085977801e-17,6.66059028820451e-17,-2.11535137873808e-16,2.19405283616062e-17,1.34601830094966e-16,5.22373882282722e-18,-1.51571741154535e-17,-9.50160165286538e-17,2.31206113282534e-16,9.2792420505781e-19,5.67571778404823e-17,-3.85167798291304e-18,-3.01562077248988e-16,-2.76742776231122e-18,-7.17669289264356e-17,-6.57160784514257e-09,-1.08167532918757e-17,-1.05412051122631e-16,-4.12302137653244e-17,-8.76857148573332e-17,-3.68208845156267e-17,-3.19443666458643e-17,-1.02572849872558e-16,-8.85614503407087e-17,7.71641963170952e-18,1.38434928480829e-09,2.03078660265949e-16,-4.1874546039205e-17,4.73658304207073e-17,-3.93418448548853e-17,-3.32830663605296e-17,-1.85234255599532e-17,-1.5037713955722e-17,-6.05686005306125e-17,-1.61603626139231e-16,-2.46181569500823e-16,-7.45997195232286e-19,7.56934565138646e-18,3.44049853815794e-17,6.94433756839707e-09,-1.75780250517279e-17,1.56448408005621e-17,1.1156501787765e-16,-1.64961360543669e-16,-2.08469094863846e-08,-7.93964500185603e-17,1.14255952971667e-16,3.79883975200015e-17,-2.04593271968976e-17,9.2567254497237e-18,-6.29372119180796e-17,8.73730303800146e-17,1.46887004434024e-16,-1.30922593884459e-17,1.18962516763744e-16,4.70733421059086e-17,6.39577017520642e-17,3.63022591663914e-17,-1.45892881161005e-16,-6.04833392536908e-17,1.5056065130788e-16,-1.90500961135567e-16
"t627",-0.0385286992659888,0.0285861393474576,-0.0462059925663203,0.0174631904326333,0.00323049517929021,0.000266447304243985,-0.00491519863313035,0.0747220812772697,5.99258822654139e-05,-0.000116427185346421,1.9458191886187e-05,-0.00520112938025443,0.00927743839639473,-0.00138150398740099,0.000348162442696781,0.0413831841366757,-0.000716571240986567,0.000925775612577028,7.57757422612958e-06,-0.000287978676106758,0.252884387376078,0.0107480920687324,-0.000667678128195173,0.00427642097835198,-0.000661444088721624,0.000443147173435671,-0.0005994568556723,0.000608585615359282,-0.0139999066283413,0.00568750460856403,-1.54696425165902e-05,2.52723842086794e-05,-0.00758110819861593,1.84307641885534e-05,-1.01778841161673e-05,-1.6489828315394e-05,-0.000664031458722576,4.82649724549409e-06,3.97241852028153e-05,1.13109400011792e-05,0.000666003452091169,-0.000106437613444533,0.00115054226098534,-0.000138430511129631,0.0570788379359717,1.14174205430577e-05,-4.92617042770014e-06,3.83967604440465e-05,5.53789909027185e-06,-2.10681005150179e-05,0.000196839995813776,-1.97755132548028e-05,2.80349688388907e-08,-0.000650333765917887,3.82533258506249e-06,-4.05105501697295e-05,1.65418556711134e-06,-0.000111192783581944,3.77337597752565e-05,-0.000352751340419584,-4.63431971658162e-05,5.39587705444828e-06,-0.00017552303512185,9.33215383556768e-05,-6.61331019384156e-06,0.000153823269912386,-9.32365539452346e-07,3.25951424851034e-05,-8.87107649032767e-05,3.45513507333236e-05,-2.56062160838878e-05,0.000495281967440036,-3.25923402551853e-06,-0.000184530742309068,8.14271106622977e-05,2.0209107574232e-07,-0.00374661654106653,5.47782440671971e-06,-2.87043428882527e-05,-3.49445880700353e-05,1.0730008883533e-05,0.000162199187078029,-2.1586613894224e-05,-0.000138943862495632,9.38800257905268e-06,0.00163719097172265,-0.00050107210914296,-7.65000262898912e-06,-2.94443462932093e-06,0.00322685540362028,-2.89419241739981e-06,1.59919402623453e-05,1.71703801359312e-05,-0.00146907629066723,-3.38950453486936e-06,-0.0449057082636803,0.00176251478976399,0.254877580043164,0.0017152932608678,9.39822856479268e-05,1.14516400237194e-05,-5.31104679396e-06,1.43038912684878e-05,-9.85497942552419e-07,3.80047499109427e-07,-3.87857567415842e-06,1.53808670940646e-05,-3.87266504943367e-06,2.05304160618419e-06,-3.43604777898124e-06,-1.77616860735153e-06,-3.01724230821671e-06,6.35537253763273e-06,-8.4851429454116e-07,9.30841433107901e-11,2.37525200870039e-07,-4.93430822296622e-07,8.92180541782939e-07,-1.20933311543188e-06,3.47821577201897e-06,-1.8173221081278e-05,4.07702977430991e-06,-4.27325154691635e-06,-1.18000191459821e-05,3.00126638687626e-05,-5.24374331063786e-05,3.9799955689705e-05,-1.33416338887675e-06,2.84390213067539e-06,9.38375510568213e-05,-1.56417852903798e-06,9.19759059958827e-06,-1.11044434468885e-05,-2.23921009806333e-06,3.65750817768682e-05,3.79635216259748e-06,-2.27754598507656e-08,-1.55267307889908e-05,4.95996393782122e-06,-1.42798765524458e-05,-9.17877852083308e-07,-3.56510940167935e-05,7.00726271811638e-06,4.64304717446701e-07,1.12202755723625e-05,-9.04842523394668e-08,-4.41403730428075e-06,7.64236239889621e-07,5.36473340839963e-08,-2.09175829016964e-07,-0.000250110211349538,-1.88398384440876e-06,-0.0195965146963062,-7.46051865201974e-06,-6.04464223557124e-07,-5.5753514178987e-08,8.62290711711386e-07,-6.01621393050146e-05,-2.82508733498085e-07,-9.35957280945176e-08,-4.53631301529932e-05,8.82068126769998e-07,-4.84881140589384e-07,-6.38908965504869e-05,7.47919375191815e-06,-2.68116856753071e-05,4.1666250742509e-06,7.13206823151562e-08,3.54735183778229e-06,4.74630073888412e-06,-5.64546393335602e-05,-1.3332928855401e-05,8.60668170297979e-06,4.15400670859984e-07,7.30717654536276e-06,1.64876170642382e-07,6.5353711967051e-07,-5.02801235955284e-06,-7.2813339821514e-06,-0.00261502023122875,-6.64987453523231e-05,4.37453109977757e-05,-1.37602668126049e-06,-5.02802802440848e-08,-2.09693460401801e-07,-4.51371723905841e-07,-9.54539545160187e-06,4.45676829324447e-06,2.12511507639341e-05,-0.00326621162607973,-6.60403144123e-08,2.46119619425526e-07,1.06303221569431e-06,1.48136283231421e-08,2.06863590190246e-07,-3.19303209487487e-07,-5.96966496129003e-07,-2.45105944656367e-05,3.68240700313532e-07,1.68828869031303e-07,1.68941285930917e-07,2.88780951586701e-05,-4.83843199189061e-09,-6.53317860006137e-06,-1.42889080685705e-06,-6.40903284363961e-05,9.46831285101917e-07,0.000265874623419646,-7.24400903373879e-06,-3.61095563826608e-07,-4.21044739418017e-05,0.000102351677019173,-0.000531901785685048,-0.000265034825361858,-0.461748571825201,5.26007339120501e-06,-4.03929709168776e-05,-4.9506864383386e-08,-5.03566622213481e-08,-4.75446609471044e-07,-2.89803254409451e-06,3.9739808767528e-05,1.20099232144412e-06,4.07072231020284e-06,-1.13396455973251e-06,-5.87951558542861e-07,-6.22338093993808e-06,-4.55868074951835e-07,-7.33919260871293e-07,-5.98023083294903e-07,1.66834385027622e-05,2.64054899278323e-06,2.0629134019233e-07,3.45711178641956e-07,-1.85475428629848e-08,-1.29794920368667e-05,-1.61287456626421e-06,8.99240080008966e-17,-2.67683962860343e-07,0.000138916705792428,-5.04334828961672e-07,-1.20024311490574e-05,-1.52900885707234e-06,7.68002861796472e-05,-2.9785537115763e-07,8.12538047925313e-05,-2.24595048397222e-08,1.56295696269017e-09,-2.5058934567921e-06,3.66489109640054e-06,-1.15133440860757e-07,1.57609439230196e-05,-7.33727430701232e-07,2.13276930321784e-06,-1.38882116502433e-07,8.64810952095026e-07,-1.13164414097788e-06,0.000514521882594045,3.66495629975337e-07,-7.17173245816058e-08,1.57355590609997e-06,-3.04858286558663e-07,3.34445713708409e-05,-1.66534516033018e-05,1.66120107507398e-07,-5.65349677082477e-08,6.64319744342505e-08,4.69872526152228e-06,-1.07282234334008e-05,7.03235927942882e-08,2.80917284868081e-08,-6.08126016220691e-08,5.26616605167912e-06,-4.80353266625114e-05,1.44536825817903e-06,-2.04090396007545e-05,0.000596846223747588,-8.5017146413816e-07,2.20948052719163e-06,-8.12775396103451e-07,4.43267963649666e-07,5.54668597181968e-17,-1.10090104161735e-06,-3.77424187711439e-08,-3.51716892102179e-10,-3.0557281650324e-06,5.43102665089443e-08,-3.36805369988484e-08,-3.35426613428441e-05,0.00174578862457661,-7.01378949277349e-07,1.84146000626041e-06,6.78762533828116e-08,-6.05785494364553e-08,7.82920693041846e-07,-9.47929397315196e-07,2.11770573658208e-05,-4.58000630048645e-07,4.02667854648219e-05,2.56725114045892e-08,1.39047170187209e-07,1.09276280143047e-06,-9.09086252302319e-06,2.14541270651755e-07,-8.20206715488849e-07,1.10121384567079e-06,-3.99321253232223e-06,2.50459099767321e-07,2.26193215367992e-07,1.72358710999997e-06,-2.89856011842709e-06,-2.32559366628526e-07,1.89220238659846e-06,-1.23633473528932e-06,3.05379141220282e-08,2.83816571840988e-07,-5.50002165851626e-07,-4.5151487896949e-17,1.65624189372163e-09,6.98685797038008e-06,-4.80341878624196e-06,4.66109522784304e-07,4.17025575556147e-07,1.21975865231233e-07,2.8342996125047e-07,-4.154233434437e-06,1.5496627647544e-06,-1.09188053860487e-18,-1.19977889270411e-06,-1.4648202775815e-08,-4.10955872374485e-08,1.3676578490289e-06,3.12277644463343e-07,-2.12222372768224e-08,-8.21270160824717e-07,2.21103336828686e-07,-7.53254307288965e-06,1.48303307065744e-06,-3.12577444509396e-07,-5.80910341596236e-07,-3.13467784991102e-08,-2.44086544429249e-07,-6.21218940148404e-07,2.718167192543e-06,-7.33545836136684e-07,-2.7633035428976e-16,-0.0100572403468061,-9.37055861762381e-06,-3.42497962375722e-08,2.63443988308446e-06,-3.55902052863777e-07,-1.36466587982671e-06,5.0459193018056e-06,-1.84694808029706e-05,-1.31550357463587e-07,-1.74118158318046e-17,-2.48025851104367e-07,-6.91706908875886e-07,-3.2309170666277e-07,9.48665642336571e-17,6.21738838716954e-07,8.14008652159518e-06,-1.24379735668003e-06,-5.114890862342e-07,-1.71542395768137e-07,-9.21462249164216e-08,-3.30462610950341e-06,9.29098484940674e-08,9.88318218185697e-07,2.9067585265209e-07,2.18665114234341e-07,8.47154999101924e-05,-1.2797529830322e-16,-6.26595135550541e-06,3.89641804139833e-07,2.53292662085771e-06,-2.56837329157628e-07,5.50308259193398e-17,-2.52110678356079e-07,2.48815787431394e-06,-1.14791863655557e-07,-1.02333605766307e-07,-2.5984010246122e-07,7.84518409873644e-05,-3.68751587881989e-06,5.23671286131533e-07,-4.03798879541038e-17,1.9468166267515e-06,-1.95545463366183e-05,7.23864276102902e-06,2.42846946639217e-06,-2.46897647215984e-07,-1.66011945375296e-09,-8.34401991944844e-16,-1.26585724700339e-16,-1.61815761790006e-09,-1.09458587377148e-05,1.44459495675859e-06,-2.79690980363511e-07,9.91897736830994e-16,-1.35398963866386e-07,-1.61371826148447e-09,7.36894231556678e-17,-2.08383072364155e-17,-2.95980855882322e-16,3.52728204650186e-07,1.04450201136924e-06,-1.53173609716438e-06,9.15836424693384e-07,4.57215272841548e-07,9.53715057822024e-07,-2.88634795278288e-06,2.78806738798009e-16,-6.50910333473505e-07,2.39629469182814e-06,-7.53529007366519e-16,-2.02868079551041e-16,-1.21951068661967e-06,-9.5610484639844e-11,-5.59348826056862e-06,5.88363960243386e-07,3.07097187701271e-05,-4.10751736909268e-08,-4.68432663137451e-15,-1.38992839641338e-07,-5.6317899969093e-16,-4.8188901558911e-07,1.65105017331524e-15,-6.6719699169631e-06,4.68096660454145e-16,7.05757712843605e-07,1.26942375844953e-06,6.16378585860544e-08,8.19578368348673e-07,2.83739283606353e-06,-2.50214206658182e-06,2.15444275033158e-06,1.13026865034956e-07,5.50086042786065e-07,5.15548733646706e-08,6.26576509327931e-06,-2.4610621242149e-06,-6.33857038205365e-07,-5.33682684884361e-08,-9.7578458197248e-06,3.57144182882326e-17,1.29630382333189e-05,-2.39289588805972e-06,3.02274771615102e-07,1.77589557538323e-15,4.39119023106883e-08,1.40827585445036e-06,5.48714638429537e-06,-3.21938549954563e-16,-9.69259584118654e-06,-9.29497756140221e-07,2.76236430268294e-15,-1.41236744383412e-06,0.371931695416777,8.2887732384035e-15,-5.29857731561883e-15,1.80662446569775e-06,1.27796931982516e-06,5.17159086266659e-09,5.30591144488691e-06,-8.65534938183322e-07,-1.70650426230593e-06,-2.26051722229847e-07,-1.79799825632482e-06,2.30799452771454e-06,8.97320954519609e-15,-3.00189122898157e-08,-2.93377774155955e-09,-7.66787015799812e-09,-6.73425578408537e-07,-5.56904009627969e-16,-2.4195463458412e-15,-2.03654177180086e-07,-7.46402128598519e-16,-3.0479308916972e-16,-7.96882588109768e-07,8.24800724409805e-07,1.06590910667073e-06,7.55154539450883e-09,-2.24198725431272e-05,-4.89750106517493e-07,-2.13493365582136e-08,9.08207221176686e-17,-3.78824133109699e-08,-1.65372028293819e-09,-7.41985583344239e-09,4.64121882820757e-07,-1.47662962311341e-06,-2.72623372301e-16,-7.48294100483738e-17,-1.01732561900013e-14,1.32438791863694e-08,3.75304346870167e-08,3.10536339472978e-08,-8.2402709786221e-16,2.39148048807936e-08,-2.31339848813053e-15,1.79140525021303e-17,-1.80741124508142e-07,3.87845303145477e-09,1.29063426612674e-15,5.36393576819402e-09,1.09638663200236e-08,-7.98115882516957e-16,2.1506052203781e-09,6.05046142937137e-16,2.60910621003552e-09,-6.58371399102928e-17,2.77692636437958e-09,2.5195435115763e-08,6.65995819210543e-09,9.63697563516174e-10,7.54746581090128e-09,-2.82715125243658e-07,2.08845623911606e-08,-2.3158066766531e-16,1.61916625358487e-06,-7.21041766218618e-08,1.13224243495984e-16,-7.37340160037231e-08,-3.02863643732248e-08,2.0408911371796e-06,3.65458589850344e-16,2.67801281329883e-08,2.51188524537234e-07,-4.97143493072035e-18,-9.30485149392569e-08,-2.08609836977483e-08,-7.90205838529686e-09,-3.69997701631489e-16,-3.42181543705515e-16,2.24473883733185e-08,7.12881250986283e-09,5.80903457190104e-10,-9.56287348644526e-08,4.9404537548736e-09,5.16624216821017e-16,-5.2906393099232e-16,1.82561621647965e-08,1.26029124827036e-10,5.40026155236337e-16,4.50611543974607e-08,4.62844580918609e-17,1.64554923758491e-07,-8.99029151996484e-09,-5.26147440109881e-09,-3.51026857702691e-08,-2.22539377341814e-16,1.05702263526427e-16,-7.04028421058829e-17,5.32785810938667e-17,-2.0608225080856e-08,-2.85864414290595e-06,-4.47163505840505e-15,-5.92645197146545e-17,-2.17155810833891e-16,1.02434768116838e-07,3.68877540858747e-08,-5.18001746624345e-08,-3.12246642191042e-16,-2.97118829106074e-16,-1.50609234285393e-16,-3.36868457105581e-07,7.15978408310435e-08,-1.05350809988865e-16,5.08165040073936e-07,-3.36258938868023e-07,3.83411286166448e-16,2.65084065806687e-17,-3.40655858371885e-08,-3.49443329538384e-10,-1.70446396325153e-08,-1.02136455917521e-15,1.94514934419726e-08,2.85418066644202e-08,3.0939801804572e-08,-2.85863476196083e-08,-1.02183380829709e-07,3.48321532781656e-07,-2.67198141362204e-16,3.40352196573293e-16,-1.96578706789965e-16,1.28994298998477e-06,-1.56171592128706e-07,-8.54256244598493e-09,-6.86557304277349e-09,3.59220182077301e-16,2.9826829332273e-16,-2.94657310743193e-16,-3.2911020479211e-16,3.63738790864866e-16,2.32056591103117e-07,-4.65980053942117e-17,3.94396344957613e-16,-5.48489082532915e-09,-2.81580437194934e-17,-4.91292368919801e-09,-2.15320335015226e-16,-6.0973285310305e-09,3.85491679153867e-17,-7.63966604006191e-09,-9.8064036726829e-10,-0.000523853756808931,-3.52268620241663e-16,2.85262956552419e-08,2.33882231378521e-16,4.23529083505988e-08,-5.26166528064223e-07,4.21073684444174e-10,-4.51436514811159e-16,6.1832898567499e-08,2.3962811943823e-16,-1.53415580242248e-08,-8.66320041553372e-08,3.09479527251291e-16,-1.17364829873369e-16,-2.49199096138696e-16,1.89059912613721e-17,-2.92934391134624e-10,-3.82167762854259e-09,-8.55185084113068e-10,-1.79722249766535e-16,3.06649101126905e-16,-6.32849162579189e-08,3.84972231770608e-06,3.58891431508704e-17,6.78201005583793e-17,-3.98166346930303e-09,1.03988695430447e-17,-2.82840134847618e-08,-7.45894954113982e-16,2.68834431265004e-07,3.0176018046352e-16,3.4229002623286e-16,-2.37567145547168e-16,5.53316578554807e-16,-4.32200083285075e-18,-8.86401027540663e-16,2.70208867466505e-07,-1.89003082252487e-06,5.98473724795264e-16,-2.43932503980499e-08,9.29556276281045e-08,-2.46311576822454e-16,1.02409239400079e-15,5.04550826970533e-16,2.5865782872162e-15,9.23327838865749e-09,1.47914868432301e-09,-1.89282026313185e-16,2.81711728494027e-16,-1.68285581159824e-08,-6.0045530608801e-08,-6.2893047587137e-09,-6.19836460961316e-16,-5.38947772477077e-17,1.64166121751093e-16,6.24533382248279e-17,1.27027988809398e-15,4.35699851599533e-16,3.59628637037717e-08,-3.40540619647956e-08,-6.55557485649264e-09,5.00839528956522e-17,2.97666906706421e-16,6.97229303729235e-16,-6.82187623801852e-16,6.07220722635786e-16,1.45416791031003e-17,-3.84806053982891e-17,-2.7936853957689e-17,1.00377916344114e-16,3.76565004349296e-16,3.33257677169056e-16,-1.03383892864566e-16,-8.96902566194658e-17,3.71107211419277e-16,1.00073931402111e-06,2.39563057426052e-16,1.12787489388825e-15,-2.76917029442611e-16,3.58915759077569e-07,-6.25884977769463e-10,6.85061804605595e-16,-6.92061469283487e-08,3.29132344673493e-07,9.85351908207843e-17,6.32724964510791e-16,-9.21485038933212e-08,-5.75610392520147e-17,8.16098224517808e-09,9.3922492153728e-17,-3.85911112273402e-16,2.20056970221606e-16,2.25476135340123e-16,1.16270402539392e-09,-1.59726522500083e-07,-3.96857312661224e-16,3.87763763559361e-16,-1.22582255706798e-16,3.17789278433984e-16,-1.66533453693773e-16,-5.34950835956773e-16,-4.61365388487901e-16,-7.49233665155753e-16,5.34325767434413e-07,-2.16131757773267e-16,-1.61102719926965e-15,-1.02155872152763e-15,-2.72717976936086e-15,-5.43210747397098e-16,1.38740556867556e-15,-3.87936770907663e-08,2.03624030293694e-16,-7.44485444714549e-16,2.8943236031182e-08,-1.00820012287752e-15,-5.60089641771476e-15,-6.89774516050247e-16,6.11394433183888e-15,1.67949732360156e-07,6.12018003793573e-17,-1.79789281995667e-08,1.90577114114969e-15,-2.90406044826837e-15,-9.50493160484641e-15,-1.68691006487899e-14,2.17527369294264e-16,-3.3016409407751e-15,6.51422861114653e-10,-2.66774942047068e-15,-1.3122121877884e-15,1.89597038740791e-07,-8.14954931685047e-08,-2.71379371142103e-15,5.71891981819426e-08,8.38063732557423e-09,1.93791677403931e-15,-1.05439082818599e-14,4.80452312239556e-15,1.58948042527787e-15,4.12990608137812e-15,-1.41872105609645e-08,2.01526139057258e-14,4.46830023820975e-14,2.20068028472531e-14,5.69095058705637e-09,0.70710678118655,-3.46031551848718e-14,-1.68620179988822e-14,-6.14429437462014e-15,-2.59944586684756e-09,1.78978619043288e-14,5.401988075979e-09,-7.04264978055505e-15,-9.29397783618782e-15,3.35773550634371e-15,-4.29310806649089e-15,7.40391366248714e-15,9.66105470581614e-15,7.47846096267954e-15,-1.21759589349734e-07,-3.15106310724388e-15,-2.46850640475306e-15,3.95930832206925e-08,1.37834095441968e-14,1.04030429115765e-15,-3.9887654215411e-15,-1.83049270249855e-15,1.01916251838755e-15,-2.05296179283799e-15,-4.17172703314162e-08,8.38129171353765e-16,-4.56650420958618e-15,8.58290908468879e-08,-4.22434475752555e-15,-3.16588165487059e-15,2.19211278240342e-15,1.28229031579508e-15,7.43268683171817e-16,-3.20810803185739e-15,7.57337707484986e-16,-5.97817003063725e-16,3.26810008588163e-16,1.1632782335756e-15,-2.14761952052534e-15,-4.5240575494026e-08,1.94240168512544e-07,-2.17470682446548e-15,9.90718983263671e-16,1.34259219228916e-15,4.27640183144907e-16,-3.59185337722723e-15,-1.35082776209737e-15,3.59295269355693e-16,-1.60245536711271e-15,-1.89084639604042e-09,5.90165363774574e-16,-9.22104972742844e-18,8.8006285136928e-16,8.92829852240684e-16,2.42723117015305e-09,2.75266559685285e-15,-1.98373220992612e-08,-7.91386557175896e-16,5.34459794194977e-16,8.68777310341753e-16,4.6886594210723e-16,-2.20803846462687e-16,2.3963478275994e-15,2.76195378406258e-16,-1.00096450055092e-15,1.25304376149854e-17,-4.83883189106873e-16,3.62790459869171e-16,1.11131160338629e-16,-3.19183536723678e-16,-3.50961573360608e-16,3.93693758497643e-17,-1.1021617538899e-15,9.20332244003262e-16,6.28273572660727e-16,-3.8643988553265e-16,1.16057601496826e-15,7.87591563147783e-16,2.34158585791228e-16,1.4836817892458e-15,3.95920411659478e-17,-3.63643120011092e-16,1.85496238476946e-10,-4.19975243421559e-16,-4.36172058397782e-16,-1.50837559890905e-16,1.14909369248975e-16,-3.44657304745365e-16,2.39465766734195e-16,-2.80567254707427e-16,-4.6087007554728e-16,6.60917071526615e-18,3.19675963673517e-16,-1.00077281531274e-15,-8.46195642673919e-16,-2.34957691862731e-16,-3.67224264000728e-19,2.69758536673341e-16,5.74348781826194e-17,-1.16315454866974e-16,-2.4031576953072e-09,-1.41893854152176e-16,-7.938040964413e-17,2.03614014045631e-17,-4.04874732099011e-16,5.12342861941242e-16,-3.48729153973466e-17,2.25878851860927e-16,-6.45936978563678e-17,4.41883857415902e-16,5.12511434096495e-10,-6.85550100309281e-18,2.5418980310499e-17,1.28122049502413e-16,5.01250283020435e-16,2.29763546276768e-16,-1.28424903818192e-16,4.4189473955093e-17,-4.14063179016847e-16,4.75781841716824e-16,2.02839276165143e-16,-2.46010856275818e-16,1.50786936165796e-16,-1.88612234904823e-17,2.60203674258585e-09,1.73743410231005e-16,-7.46516253869203e-17,3.76294898765385e-16,-9.16150835750251e-18,-7.85437110264197e-09,-7.72240792957717e-16,-2.44748368110134e-16,4.18263169404003e-16,-3.69763830162351e-17,-2.02949159655726e-16,-4.35287876910431e-16,2.471592771137e-16,1.10005780115038e-15,-2.02830960038394e-17,1.866262302566e-16,-1.35859064894008e-16,2.93924455789241e-16,-3.64338682063809e-17,-1.59627084159079e-16,3.27201079401302e-17,9.33746610626631e-17,-5.37958610530827e-16
"t628",-0.0385286992659887,0.0285861393474576,-0.0462059925663203,0.0174631904326333,0.00323049517929019,0.000266447304243982,-0.00491519863313036,0.0747220812772696,5.99258822654176e-05,-0.000116427185346423,1.94581918861843e-05,-0.0052011293802544,0.00927743839639466,-0.00138150398740097,0.000348162442696776,0.0413831841366756,-0.000716571240986568,0.000925775612577037,7.57757422612047e-06,-0.000287978676106753,0.252884387376076,0.0107480920687323,-0.000667678128195157,0.00427642097835197,-0.000661444088721612,0.000443147173435652,-0.000599456855672289,0.000608585615359291,-0.0139999066283412,0.005687504608564,-1.54696425165903e-05,2.52723842086693e-05,-0.00758110819861588,1.8430764188535e-05,-1.0177884116171e-05,-1.64898283154057e-05,-0.000664031458722557,4.82649724547346e-06,3.97241852027832e-05,1.13109400011299e-05,0.000666003452091185,-0.000106437613444534,0.00115054226098537,-0.0001384305111296,0.057078837935971,1.14174205430418e-05,-4.92617042768324e-06,3.8396760444001e-05,5.537899090284e-06,-2.10681005150253e-05,0.000196839995813824,-1.97755132547881e-05,2.80349700413087e-08,-0.000650333765917857,3.82533258503363e-06,-4.05105501697214e-05,1.65418556711502e-06,-0.000111192783581957,3.77337597752955e-05,-0.000352751340419599,-4.634319716578e-05,5.39587705367915e-06,-0.000175523035122024,9.33215383554059e-05,-6.61331019433565e-06,0.000153823269912388,-9.32365539297974e-07,3.25951424852199e-05,-8.87107649032768e-05,3.45513507332595e-05,-2.56062160838795e-05,0.000495281967439982,-3.2592340255984e-06,-0.000184530742309191,8.14271106621176e-05,2.02091075612431e-07,-0.00374661654106648,5.47782440685042e-06,-2.87043428891162e-05,-3.49445880709157e-05,1.07300088835899e-05,0.000162199187077678,-2.15866138940735e-05,-0.00013894386249581,9.38800257911065e-06,0.00163719097172254,-0.000501072109142535,-7.65000262901973e-06,-2.94443462911743e-06,0.00322685540362025,-2.89419241742204e-06,1.59919402626012e-05,1.71703801359716e-05,-0.00146907629066722,-3.38950453471414e-06,-0.0449057082636802,0.00176251478976394,0.254877580043163,0.00171529326086801,9.39822856484204e-05,1.14516400236717e-05,-5.31104679410025e-06,1.43038912685851e-05,-9.85497942566025e-07,3.80047499147873e-07,-3.87857567442261e-06,1.53808670945168e-05,-3.87266504947307e-06,2.05304160626558e-06,-3.43604777912094e-06,-1.77616860721999e-06,-3.01724230830509e-06,6.35537253740109e-06,-8.4851429420277e-07,9.30840280790073e-11,2.37525200671067e-07,-4.93430822396389e-07,8.92180541884787e-07,-1.20933311562718e-06,3.47821577194378e-06,-1.81732210808646e-05,4.07702977431486e-06,-4.27325154683653e-06,-1.18000191459308e-05,3.00126638685054e-05,-5.24374331064847e-05,3.97999556902401e-05,-1.33416338885927e-06,2.84390213068646e-06,9.38375510562927e-05,-1.56417852890738e-06,9.19759059957438e-06,-1.11044434468448e-05,-2.23921009803774e-06,3.65750817766822e-05,3.79635216262172e-06,-2.27754598989096e-08,-1.55267307892513e-05,4.95996393798468e-06,-1.42798765527136e-05,-9.17877852166479e-07,-3.56510940172413e-05,7.00726271816717e-06,4.64304717001154e-07,1.1220275572218e-05,-9.04842524103886e-08,-4.41403730432225e-06,7.64236239876911e-07,5.36473339339372e-08,-2.09175828892704e-07,-0.000250110211349503,-1.88398384443256e-06,-0.0195965146963059,-7.46051865194517e-06,-6.04464223408758e-07,-5.57535142802138e-08,8.62290711795574e-07,-6.01621393046803e-05,-2.8250873350417e-07,-9.35957281480456e-08,-4.53631301526802e-05,8.82068126735815e-07,-4.84881140600345e-07,-6.38908965506456e-05,7.47919375198637e-06,-2.68116856751737e-05,4.1666250742075e-06,7.132068229888e-08,3.54735183780214e-06,4.74630073882705e-06,-5.64546393331083e-05,-1.3332928855356e-05,8.60668170286228e-06,4.15400670877121e-07,7.30717654537974e-06,1.64876170478758e-07,6.53537119648743e-07,-5.02801235928195e-06,-7.28133398212529e-06,-0.00261502023122817,-6.64987453521848e-05,4.37453109978201e-05,-1.37602668112782e-06,-5.02802800760479e-08,-2.09693460324297e-07,-4.51371723916281e-07,-9.5453954516609e-06,4.45676829331803e-06,2.12511507640498e-05,-0.0032662116260797,-6.60403144530867e-08,2.46119619470496e-07,1.06303221554879e-06,1.48136283209989e-08,2.06863590369924e-07,-3.19303209542562e-07,-5.96966496087093e-07,-2.45105944643635e-05,3.68240700192999e-07,1.68828868980147e-07,1.68941285950005e-07,2.88780951586771e-05,-4.83843220171938e-09,-6.53317859995712e-06,-1.42889080695066e-06,-6.4090328436401e-05,9.46831285189956e-07,0.000265874623419765,-7.24400903387311e-06,-3.61095563885101e-07,-4.21044739417855e-05,0.000102351677019077,-0.000531901785684577,-0.00026503482536176,-0.461748571825199,5.26007339109062e-06,-4.03929709165549e-05,-4.95068645199603e-08,-5.0356662017984e-08,-4.75446609446101e-07,-2.89803254420857e-06,3.97398087665475e-05,1.20099232102874e-06,4.07072230988797e-06,-1.13396455961594e-06,-5.87951558357623e-07,-6.22338093932061e-06,-4.55868074863084e-07,-7.33919260887024e-07,-5.98023083321873e-07,1.66834385022851e-05,2.64054899273593e-06,2.06291340181569e-07,3.45711178737159e-07,-1.85475427942427e-08,-1.29794920369272e-05,-1.61287456637396e-06,8.15265506999417e-17,-2.67683963065353e-07,0.000138916705792442,-5.04334829073599e-07,-1.20024311489277e-05,-1.52900885700625e-06,7.68002861796135e-05,-2.97855371006814e-07,8.12538047939693e-05,-2.24595048105586e-08,1.56295721457661e-09,-2.50589345680803e-06,3.66489109659181e-06,-1.15133440960854e-07,1.57609439234991e-05,-7.33727430765131e-07,2.13276930334991e-06,-1.38882116251576e-07,8.64810951874309e-07,-1.13164414082817e-06,0.000514521882593661,3.66495630080452e-07,-7.17173247555982e-08,1.57355590614539e-06,-3.04858286471925e-07,3.34445713710152e-05,-1.6653451603482e-05,1.66120107590148e-07,-5.65349678165102e-08,6.64319741811149e-08,4.69872526134288e-06,-1.07282234334748e-05,7.03235933189796e-08,2.80917284513026e-08,-6.08126016663773e-08,5.26616605174303e-06,-4.80353266608816e-05,1.44536825815964e-06,-2.04090396006459e-05,0.000596846223745938,-8.50171464049922e-07,2.20948052695992e-06,-8.12775396106553e-07,4.43267964276059e-07,-8.50865611351947e-18,-1.10090104187755e-06,-3.77424184305123e-08,-3.51717096628224e-10,-3.05572816494129e-06,5.43102664722699e-08,-3.36805371934438e-08,-3.35426613424616e-05,0.00174578862457746,-7.01378949374023e-07,1.84146000619342e-06,6.78762533799171e-08,-6.05785494464198e-08,7.82920693108492e-07,-9.47929397256262e-07,2.11770573657663e-05,-4.58000630073792e-07,4.02667854643929e-05,2.56725114721527e-08,1.39047170300321e-07,1.09276280151022e-06,-9.09086252364692e-06,2.14541270707561e-07,-8.2020671573486e-07,1.10121384562744e-06,-3.99321253253185e-06,2.50459100054102e-07,2.26193215426922e-07,1.72358711002456e-06,-2.8985601187629e-06,-2.32559366654708e-07,1.89220238664026e-06,-1.23633473525116e-06,3.05379141880166e-08,2.83816571957993e-07,-5.50002165792156e-07,-2.5052369670237e-16,1.65624200145596e-09,6.98685797058731e-06,-4.80341878568257e-06,4.66109522653482e-07,4.17025575625944e-07,1.21975865353997e-07,2.83429961269416e-07,-4.15423343434462e-06,1.54966276423786e-06,-3.05711113485458e-17,-1.19977889264468e-06,-1.46482022339686e-08,-4.10955871105717e-08,1.36765784916423e-06,3.12277644370718e-07,-2.12222369676936e-08,-8.21270160826847e-07,2.2110333682052e-07,-7.53254307279157e-06,1.48303307088097e-06,-3.12577444956837e-07,-5.80910341648361e-07,-3.13467787368998e-08,-2.44086544639652e-07,-6.2121894014304e-07,2.71816719260888e-06,-7.33545836162012e-07,3.82682247520247e-16,-0.0100572403468041,-9.37055861735748e-06,-3.42497960264815e-08,2.63443988347969e-06,-3.5590205289449e-07,-1.36466587969227e-06,5.04591930167908e-06,-1.8469480802807e-05,-1.31550357548847e-07,3.07925789073106e-17,-2.48025851273512e-07,-6.91706908626365e-07,-3.2309170677202e-07,5.567586544812e-17,6.21738838886425e-07,8.14008652176914e-06,-1.24379735668477e-06,-5.1148908659312e-07,-1.71542395652506e-07,-9.21462252468301e-08,-3.3046261094657e-06,9.29098481940672e-08,9.88318218688148e-07,2.90675852540494e-07,2.18665114226455e-07,8.47154999105426e-05,1.22000168812783e-16,-6.26595135579922e-06,3.89641803847836e-07,2.53292662049799e-06,-2.5683732939517e-07,-1.62076845197055e-16,-2.52110678226763e-07,2.48815787436355e-06,-1.14791863897688e-07,-1.02333606020988e-07,-2.59840102460593e-07,7.84518409865444e-05,-3.68751587870909e-06,5.23671286081853e-07,-1.09091052903019e-16,1.94681662700988e-06,-1.955454633465e-05,7.23864276098217e-06,2.42846946658897e-06,-2.46897647046254e-07,-1.6601191899833e-09,-3.4781205693335e-16,9.27685172499112e-17,-1.61815776007009e-09,-1.09458587376244e-05,1.44459495705923e-06,-2.79690980212143e-07,6.74398613059311e-16,-1.35398963890224e-07,-1.61371810540213e-09,-6.16698368302985e-17,-1.60154698720691e-17,-2.48600360005234e-16,3.5272820467097e-07,1.04450201131917e-06,-1.53173609709783e-06,9.15836425320971e-07,4.57215272617986e-07,9.53715057656872e-07,-2.88634795268981e-06,-2.47866765016331e-16,-6.50910333442527e-07,2.39629469202586e-06,-9.85666353008243e-16,-2.76003127461819e-16,-1.21951068659624e-06,-9.56108893029258e-11,-5.59348826062111e-06,5.88363960672142e-07,3.07097187695159e-05,-4.10751737555519e-08,-4.25120819225742e-15,-1.38992839359482e-07,-2.38396033768435e-16,-4.81889015428065e-07,2.69119308001636e-15,-6.67196991618698e-06,-4.69571805480969e-17,7.05757713400454e-07,1.2694237583353e-06,6.16378592052968e-08,8.19578368419123e-07,2.83739283625482e-06,-2.50214206669635e-06,2.15444275015714e-06,1.13026865039135e-07,5.50086042944098e-07,5.15548725606769e-08,6.26576509367048e-06,-2.46106212415752e-06,-6.33857038539308e-07,-5.33682694019004e-08,-9.75784581927826e-06,-1.83620313042429e-16,1.29630382331356e-05,-2.39289588817488e-06,3.02274771512051e-07,1.86805336103589e-15,4.39119018457536e-08,1.40827585442973e-06,5.48714638440026e-06,-5.87096717338808e-16,-9.69259584079076e-06,-9.29497756165696e-07,2.80546680670998e-15,-1.41236744402564e-06,0.37193169541679,8.43966125271373e-15,-4.81567526776766e-15,1.80662446565985e-06,1.27796932007991e-06,5.17159059523635e-09,5.30591144514752e-06,-8.65534938242551e-07,-1.7065042623757e-06,-2.26051722364774e-07,-1.7979982561246e-06,2.3079945279134e-06,8.15084219736584e-15,-3.0018912403553e-08,-2.93377751793631e-09,-7.66787059729401e-09,-6.7342557819385e-07,-1.51327157649245e-16,-2.07810561811558e-15,-2.03654177377442e-07,-5.05176268305658e-16,-2.5531752808755e-16,-7.96882587872265e-07,8.24800724211076e-07,1.06590910644491e-06,7.55154511567019e-09,-2.24198725429499e-05,-4.89750106309351e-07,-2.13493365753483e-08,1.72110949686583e-16,-3.78824134266371e-08,-1.65371939347936e-09,-7.41985589831846e-09,4.64121882856845e-07,-1.47662962300807e-06,-4.88484525100245e-16,-6.16120949461736e-17,-1.02435681204503e-14,1.32438791590301e-08,3.75304344630599e-08,3.10536339748753e-08,-1.76061928988469e-15,2.39148050810308e-08,-6.20979225671413e-16,-2.41353556861134e-17,-1.80741124589561e-07,3.8784537240995e-09,3.11155181481615e-15,5.36393516640707e-09,1.09638661856631e-08,-1.28319386371799e-15,2.1506065210721e-09,1.07812498745914e-15,2.60910628878399e-09,4.03597327098433e-16,2.77692614804669e-09,2.51954353305853e-08,6.659958488551e-09,9.63697511212611e-10,7.54746578142166e-09,-2.82715126875748e-07,2.08845622801506e-08,7.17745098335505e-17,1.61916625559085e-06,-7.21041771396207e-08,5.982336994164e-17,-7.37340156812621e-08,-3.02863644610439e-08,2.0408911402259e-06,-8.65803477266096e-17,2.67801277852989e-08,2.51188525057565e-07,-1.81129569568392e-16,-9.30485150746142e-08,-2.08609810792273e-08,-7.90205830634065e-09,-2.77292051890782e-16,9.10300713120787e-17,2.24473884406478e-08,7.12881251727664e-09,5.80903868925404e-10,-9.56287348556012e-08,4.94045396579676e-09,-3.33123069726076e-16,2.32252712303352e-16,1.82561620001301e-08,1.26028218323564e-10,-4.42188507581087e-16,4.5061154182786e-08,-2.99146393040759e-17,1.64554924394375e-07,-8.99029058639839e-09,-5.26147488497413e-09,-3.51026851499786e-08,-4.80053044060881e-16,2.52117566373691e-16,2.53177886916924e-16,-4.28674823917785e-17,-2.06082249591678e-08,-2.85864414308615e-06,-3.21437685501167e-15,1.73200900733454e-16,3.51339591528043e-16,1.02434768261556e-07,3.6887754685776e-08,-5.18001744496249e-08,3.57333447326888e-16,-3.39287517352183e-16,-4.41839490342155e-16,-3.36868457132014e-07,7.15978406004013e-08,4.51700183445337e-16,5.08165042516643e-07,-3.36258938688728e-07,-1.4034740775135e-17,-8.90310768994732e-17,-3.40655870140804e-08,-3.49443046419124e-10,-1.70446395015911e-08,-1.0496841261896e-16,1.94514936323294e-08,2.85418061713977e-08,3.09398018762762e-08,-2.85863474209807e-08,-1.02183380176073e-07,3.48321531282992e-07,3.92875809687762e-16,4.89656819303547e-18,-1.79317480111196e-16,1.28994298797504e-06,-1.56171592285831e-07,-8.54256329800962e-09,-6.86557310661667e-09,-4.30555667283226e-16,-1.16288062789708e-16,3.99322721513422e-16,3.26986487541856e-16,1.17499342112205e-15,2.32056591045485e-07,9.45533288229335e-17,-5.73882413635425e-16,-5.48489080865645e-09,1.26681178933741e-16,-4.91292356757758e-09,3.24890133552402e-16,-6.09732913799789e-09,-1.43973296049093e-16,-7.6396673478994e-09,-9.80640809913005e-10,-0.000523853756805453,-1.63069421311067e-16,2.85262953518962e-08,1.53820922571631e-16,4.23529080087584e-08,-5.26166527414451e-07,4.21074163204283e-10,-3.1103636298656e-16,6.18328975069119e-08,8.63642770861301e-17,-1.53415573962178e-08,-8.6632003643072e-08,-2.97656489957461e-16,1.52156177221548e-16,1.56743658490584e-16,-2.80284025299189e-17,-2.92934309224374e-10,-3.82167778772819e-09,-8.55184627168471e-10,2.03021523837685e-16,-3.49765344885963e-16,-6.32849159990535e-08,3.84972231856108e-06,-1.25775988795318e-16,-1.34295359970462e-17,-3.98166286453126e-09,-9.3378057624336e-17,-2.82840132486104e-08,1.28446791697991e-15,2.68834431081009e-07,-3.42017878962151e-16,-1.55951800592901e-16,1.97288411207755e-16,-6.35340966746082e-16,-8.79437308190855e-17,8.28278260772466e-16,2.70208867676026e-07,-1.89003082350995e-06,-4.24819852092646e-16,-2.43932498191634e-08,9.29556295682458e-08,3.26821958579935e-16,-1.3730196370096e-16,-6.30782149403763e-16,-1.6051206544097e-15,9.23327844255747e-09,1.47914954352384e-09,3.54676852564247e-16,-2.17519493588046e-16,-1.68285573292783e-08,-6.00455306649441e-08,-6.28930392282574e-09,5.63647922019336e-16,-7.30529837558956e-17,-1.71161515902257e-16,-1.03878287203147e-16,-7.6929323620547e-16,-6.79796646534408e-16,3.5962863541493e-08,-3.40540650039592e-08,-6.55557577089962e-09,-1.73484722174562e-17,-9.90853439473167e-17,-4.36192888114139e-16,3.04624983999722e-16,-7.0902098736181e-16,2.46126312236379e-16,5.13502012555511e-17,-5.36665799134413e-17,9.00545871309729e-17,-2.23586265172406e-17,-4.12192298664141e-16,8.24197682789697e-16,6.69592294124069e-17,-1.33513926213946e-16,1.00073931389532e-06,-2.09289647577795e-16,-1.81421605396626e-15,3.60139738835227e-16,3.58915756285544e-07,-6.25886676992327e-10,-7.72487837153243e-16,-6.92061434296922e-08,3.29132343012881e-07,-1.48592630757818e-16,-8.23003514940157e-16,-9.21485048599878e-08,3.93535333457859e-16,8.16098229762219e-09,-1.18716078259341e-16,5.46946823392183e-16,-2.53440266296403e-16,-1.92156839471583e-16,1.16270455791203e-09,-1.59726523417424e-07,7.76032201621433e-16,-4.37914085005074e-16,1.32067636692003e-16,-8.33487738979752e-16,-6.0774952778675e-16,5.00590254598767e-16,6.36795437269027e-16,6.95161484731781e-16,5.34325752965406e-07,2.25351142638214e-16,1.7766685808206e-15,8.76767975120042e-16,2.04356751239015e-15,2.09508893066216e-16,-1.27467414191072e-15,-3.87936754429661e-08,-2.83196713232815e-16,9.13917657229038e-16,2.89432367179163e-08,8.32502049501032e-16,5.32304667326982e-15,7.07643778444198e-16,-6.46165478037096e-15,1.67949733101718e-07,-4.94390447870856e-17,-1.79789289458179e-08,-1.86455493461062e-15,2.49641734221322e-15,9.88904711871883e-15,1.8732059513146e-14,-3.70629989009452e-17,3.08853882540918e-15,6.5142282633779e-10,1.92395478475577e-15,1.03560095637264e-15,1.89597032312701e-07,-8.14954962573742e-08,2.62037752142548e-15,5.71892014342984e-08,8.38062369398624e-09,-2.01480584769966e-15,1.09719750244466e-14,-5.08458225500637e-15,-1.63903134856454e-15,-4.18254160611444e-15,-1.41872176058321e-08,-1.95671495366255e-14,-4.52993684358875e-14,-2.19738163955087e-14,5.69094872483244e-09,-0.707106781186546,3.46039173790803e-14,1.66940714797015e-14,5.94189833147987e-15,-2.59943655673027e-09,-1.83235423459678e-14,5.40199177745122e-09,7.01348031341699e-15,9.64513679188422e-15,-3.01388125572311e-15,4.34409808057455e-15,-7.50340748034485e-15,-9.55500711881271e-15,-7.13608350380564e-15,-1.21759596606562e-07,3.18067466110574e-15,2.21382810141655e-15,3.95930760651488e-08,-1.39191020642975e-14,-1.08677632090229e-15,3.94589954474549e-15,1.46474716684579e-15,-1.08973225798434e-15,2.10994861653359e-15,-4.17172723031985e-08,-7.14769019140771e-16,5.70013868269275e-15,8.5829085314268e-08,4.69602676383406e-15,3.32437121666724e-15,-2.24533550167473e-15,-1.02190296605378e-15,-6.28206796450309e-16,4.10701451534196e-15,-6.56504784801518e-16,5.93246075251985e-16,-3.81475915945314e-16,-1.31004720644477e-15,2.02471467176428e-15,-4.52405703527534e-08,1.9424015999403e-07,3.05553613971077e-15,-8.85236653110257e-16,-1.49664740743156e-15,-4.33484316141006e-16,3.62980045326422e-15,1.6945182063431e-15,-4.62561408699315e-16,2.22499190628746e-15,-1.89084719431515e-09,-6.21849864585297e-16,1.90990593285175e-17,-9.62762863154552e-16,-6.50762267156181e-16,2.42722966328895e-09,-2.83888239272443e-15,-1.98373194576114e-08,8.89652514553468e-16,-4.54713240666955e-16,-8.94324292059197e-16,-4.69838216255126e-16,2.88528460233254e-16,-2.16152167996732e-15,-4.02648558473244e-16,8.93120199993339e-16,7.94386800474924e-18,4.23439724513025e-16,-3.50590766143145e-16,-1.45782229067833e-16,3.45659185071576e-16,3.07451584002948e-16,-4.47733261453661e-17,1.24196337952659e-15,-8.90643691521053e-16,-6.38862616614353e-16,4.65941515912319e-16,-2.13435815874323e-17,-1.07471540347626e-15,-1.32662215280588e-16,-1.91481090678222e-15,-5.5558765264677e-17,4.32327357113033e-16,1.85498741043143e-10,3.44473072414618e-16,3.63576121609004e-16,1.75767817593119e-16,-3.707137532223e-16,3.30402831126218e-16,-1.34740476386999e-16,5.82733549611204e-17,3.42127034717076e-16,-5.48173931344407e-17,-2.89965880497814e-16,1.33199657900707e-15,8.53211053811867e-16,1.04206617094017e-16,2.84820601154641e-17,-7.50180370322142e-16,-1.26127307646709e-17,1.71039872830064e-16,-2.40315865294812e-09,2.20831467536445e-16,1.34467801580198e-16,6.44622003367726e-17,4.26320829798095e-16,-5.69771211126735e-16,-9.34471192624155e-17,-1.46362261992803e-16,-1.74883823037315e-16,-3.62142335854337e-16,5.12510239858755e-10,4.03682798722343e-17,-6.32865858210771e-17,-2.32822832141695e-16,-5.45500313750208e-16,-1.93204004156345e-16,-1.40774850072569e-16,-5.04328797490161e-17,3.55306334121542e-16,-5.74013794390593e-16,5.54922354975745e-16,3.2573515857939e-16,-1.26793832215484e-16,6.82519369591307e-17,2.60203632315592e-09,-2.13261647565846e-16,-3.96127934357805e-17,-4.74000922671288e-16,4.94884081631008e-16,-7.85437256191018e-09,2.30277993565552e-16,2.83650682870698e-16,-4.46293556429022e-17,2.00696505010838e-16,7.53615132367443e-17,6.12014478422782e-16,-6.07518947154276e-17,-1.50969623462365e-15,1.62577176774125e-16,-2.79506672184159e-16,5.76583292337115e-17,-1.92073144533463e-16,2.97187456100628e-17,-1.38172219255134e-17,2.29497825784732e-17,-1.28797826002031e-16,6.61066049216026e-17
"t156",-0.038511306031078,0.0285589568021723,-0.0461606356206603,0.0174402233347584,0.00322529484032721,0.000265944241055019,-0.00490573670784362,0.0745668244341589,5.97788896383118e-05,-0.000116081108329877,1.93848827854188e-05,-0.005177011890074,0.00923316857359793,-0.00137481259041637,0.000346403059539904,0.0411618026631714,-0.000712646994906547,0.000920614448431569,7.53435844536271e-06,-0.000286195502278403,0.251191718675512,0.0106614048283157,-0.000661994186451066,0.00423980994645517,-0.00065575930489042,0.000439158794989241,-0.000593998512531215,0.0006029949197859,-0.0138678840421496,0.0056242844597113,-1.5286416031589e-05,2.49596089644324e-05,-0.00748060182942319,1.8174996704546e-05,-1.0029538536317e-05,-1.62305899720984e-05,-0.000653461886545818,4.74847174620729e-06,3.90777065178544e-05,1.11241700897043e-05,0.000654695544570601,-0.000104587399691158,0.00113024936611431,-0.00013598599277405,0.0560536200812232,1.11995007699825e-05,-4.83043828608487e-06,3.7644300286632e-05,5.42682710592098e-06,-2.06350095958337e-05,0.000192661620851683,-1.93495206570362e-05,2.74297639665589e-08,-0.000636039130976015,3.7382891710963e-06,-3.95839910255748e-05,1.61281933740811e-06,-0.000108346670651216,3.67652632733908e-05,-0.000343183819529271,-4.50348143028239e-05,5.24055793811135e-06,-0.000170391841676196,9.05828367644719e-05,-6.41366380595333e-06,0.000149062809703941,-9.01941928802555e-07,3.15067741279594e-05,-8.57174030865296e-05,3.33634896557479e-05,-2.46393745394394e-05,0.000475297565875887,-3.12642032558326e-06,-0.000176858327095627,7.80330716577417e-05,1.93595036516502e-07,-0.00358857107363786,5.24290229243472e-06,-2.74275909911012e-05,-3.33677168877844e-05,1.02339656692498e-05,0.000154661901686059,-2.05455861297899e-05,-0.0001321694668737,8.90886615928955e-06,0.00155261145660796,-0.000474869387170248,-7.24917484974923e-06,-2.79007992360185e-06,0.00305747850136686,-2.74157904318084e-06,1.51121772910333e-05,1.62221860241097e-05,-0.00138587202186056,-3.18925477442737e-06,-0.0422361437496937,0.00165770604952205,0.23948219035059,0.00161108638391775,8.81488366299682e-05,1.07285192992182e-05,-4.9751687807654e-06,1.33977501840411e-05,-9.18267657656239e-07,3.53981408153145e-07,-3.61144893967063e-06,1.43137210307618e-05,-3.60342345751643e-06,1.90978941676004e-06,-3.19498383068371e-06,-1.65133635421424e-06,-2.80295391801709e-06,5.9034445423602e-06,-7.86524874451036e-07,8.6244923510092e-11,2.19857254600588e-07,-4.56525851215407e-07,8.2444847814857e-07,-1.11621365316083e-06,3.20754430239384e-06,-1.67505458709376e-05,3.75130974270059e-06,-3.9274075340796e-06,-1.08445461695421e-05,2.75779779203347e-05,-4.812745728221e-05,3.65251425223153e-05,-1.22315561797168e-06,2.59976691524727e-06,8.57792830883941e-05,-1.42951888888135e-06,8.38943739565447e-06,-1.01248737021722e-05,-2.04111464586167e-06,3.33015582833529e-05,3.45602777087165e-06,-2.06838403998381e-08,-1.40733484478079e-05,4.48368532206469e-06,-1.29076794773526e-05,-8.29295291098511e-07,-3.22029339158267e-05,6.32713684385473e-06,4.19178816399257e-07,1.01297543999375e-05,-8.16054777302375e-08,-3.97268998677195e-06,6.86372076609912e-07,4.81560586777072e-08,-1.87546118010454e-07,-0.000224226877906526,-1.68826245717371e-06,-0.0175560859270809,-6.68171848433792e-06,-5.39878009223196e-07,-4.97743587518015e-08,7.69575594916987e-07,-5.33105344315914e-05,-2.49895564973037e-07,-8.2768543981616e-08,-4.00555462889061e-05,7.78624900471791e-07,-4.27192632079424e-07,-5.62762796919622e-05,6.5753614532318e-06,-2.35283755035959e-05,3.63684266792502e-06,6.22404821946441e-08,3.09556906087757e-06,4.13877058263015e-06,-4.91858615704558e-05,-1.16148085681424e-05,7.48474010880564e-06,3.61055148109653e-07,6.34377819836864e-06,1.43097228369046e-07,5.67125886118558e-07,-4.35128087209205e-06,-6.28341449943464e-06,-0.00225551670041948,-5.73297949354447e-05,3.76611706822481e-05,-1.18401072600398e-06,-4.32411760250959e-08,-1.80247156807002e-07,-3.87337885595932e-07,-8.18782499620017e-06,3.80910611167651e-06,1.81607258365492e-05,-0.00278782609193832,-5.6177747948473e-08,2.08772991070955e-07,9.00842148972863e-07,1.25350963606235e-08,1.74853435739766e-07,-2.69010255977653e-07,-5.02579943782348e-07,-2.06039411839729e-05,3.09312576799989e-07,1.40975724324716e-07,1.41030059559783e-07,2.4046150265897e-05,-4.01878847607052e-09,-5.39364202869264e-06,-1.1796262216215e-06,-5.28802102677965e-05,7.79871458572049e-07,0.000218728151754955,-5.94035819979994e-06,-2.94928267338601e-07,-3.42777580737327e-05,8.32418539845392e-05,-0.000430618265566753,-0.000214019112259316,-0.372842817261629,4.23878921850684e-06,-3.23840051111323e-05,-3.96515193892623e-08,-4.01179950502405e-08,-3.77370830807604e-07,-2.29724765457797e-06,3.13326048923801e-05,9.45695375376885e-07,3.20086518449562e-06,-8.8778367371063e-07,-4.59902317261097e-07,-4.86694314501634e-06,-3.54794951784593e-07,-5.69515315762546e-07,-4.62529696879826e-07,1.2884047215504e-05,2.03601181735983e-06,1.58828026936063e-07,2.66058990317227e-07,-1.4218842135709e-08,-9.92605160768561e-06,-1.23016911026365e-06,6.25151084756551e-17,-2.03384348974479e-07,0.000105466419341779,-3.80840724412142e-07,-9.02556569641969e-06,-1.14578476398196e-06,5.75393223357057e-05,-2.21700252168298e-07,6.04119284391097e-05,-1.66900190322112e-08,1.15860946969026e-09,-1.85450567862999e-06,2.70393564479883e-06,-8.48289109967877e-08,1.16059179771134e-05,-5.38623311054135e-07,1.54506916548949e-06,-1.00131943365958e-07,6.21010087944056e-07,-8.0543154735675e-07,0.000365969537479695,2.5903723487909e-07,-5.05080026508076e-08,1.10248929664353e-06,-2.13238320980017e-07,2.33523328625659e-05,-1.15996821855288e-05,1.15286670876875e-07,-3.92186263450366e-08,4.56522979562022e-08,3.22827667709388e-06,-7.36905876415991e-06,4.81791158935378e-08,1.92271621957413e-08,-4.14939047404626e-08,3.59115268133559e-06,-3.21344702860634e-05,9.64825807699946e-07,-1.36001739787761e-05,0.000396145559220464,-5.62475734571518e-07,1.45110916854347e-06,-5.3265206560097e-07,2.89997967786202e-07,3.58769757512945e-17,-7.15971032942331e-07,-2.45264348125335e-08,-2.27970141826138e-10,-1.96844705443448e-06,3.47987043475467e-08,-2.15251171288103e-08,-2.14096846366773e-05,0.0010957792824891,-4.39749378248773e-07,1.15421112554938e-06,4.23292704760803e-08,-3.7227011646688e-08,4.79877994581789e-07,-5.79965634809587e-07,1.28787575198701e-05,-2.7199296746078e-07,2.366726698306e-05,1.50801106537537e-08,8.1661877270126e-08,6.24890586835534e-07,-5.03072219894098e-06,1.18207349072768e-07,-4.49011121174897e-07,5.98075585304276e-07,-2.16339688343182e-06,1.32859153229961e-07,1.19792130674542e-07,9.10083541702615e-07,-1.52734210502672e-06,-1.21709327593753e-07,9.82723339945822e-07,-6.3749465708776e-07,1.56964764050224e-08,1.45092044973958e-07,-2.77882468593528e-07,5.46203679742596e-16,7.7411637031839e-10,3.23827750541389e-06,-2.19795351989456e-06,2.13201117565891e-07,1.90672560936055e-07,5.55923044736678e-08,1.28396821607218e-07,-1.86824093460792e-06,6.86476345973e-07,-5.90955796254881e-16,-5.1261626776301e-07,-6.22955869753228e-09,-1.73017976749921e-08,5.75104234040093e-07,1.27979289689427e-07,-8.57077824478157e-09,-3.24675347858517e-07,8.60986326589784e-08,-2.83528024245411e-06,5.4015722342642e-07,-1.11381846000796e-07,-2.04392066427461e-07,-1.09414602113245e-08,-8.39744576613916e-08,-2.13376924214002e-07,9.23917582817003e-07,-2.47288868180126e-07,-2.05073725809724e-16,-0.00317730487152441,-2.91840356911706e-06,-1.06653792625837e-08,7.86422077490373e-07,-1.05542147633825e-07,-3.71256913256586e-07,1.33674793182992e-06,-4.86670941018163e-06,-3.39545661211533e-08,-4.12238317236617e-17,-6.24805469053615e-08,-1.72642630762847e-07,-7.78150843525519e-08,2.48819706348522e-17,1.43785192520869e-07,1.86395759278328e-06,-2.83338810757983e-07,-1.15264149699031e-07,-3.79489776819754e-08,-2.00977136376509e-08,-7.12676260201417e-07,1.93591993200286e-08,2.05071656613323e-07,5.88420344998564e-08,4.22987229468693e-08,1.63482950031274e-05,-1.25651463965174e-16,-1.09680874479013e-06,6.69723907598202e-08,4.17612498353938e-07,-3.95841977738608e-08,1.25880308531182e-16,-3.28882990155767e-08,2.56360694822987e-07,-1.0377735569745e-08,-8.64267153530903e-09,-2.00777876045848e-08,5.00359375024356e-06,-1.52820214808257e-07,-8.50311247204916e-09,-1.88400353086257e-17,-1.36744733146192e-07,1.46834903995847e-06,-6.17398415628882e-07,-2.41925177275175e-07,2.48696869782024e-08,1.74012719586764e-10,1.74426445509468e-15,2.07680471842509e-16,2.08266508388579e-10,1.64140407575695e-06,-2.2049468195315e-07,4.81420684433175e-08,-9.50631904519032e-17,2.92655777788713e-08,3.81333934537745e-10,-1.69814379138171e-16,9.98098172587027e-18,4.094340747537e-16,-1.06544915252487e-07,-3.24569582971408e-07,5.2271202291734e-07,-3.36851136141547e-07,-1.69608453777972e-07,-3.81561130901436e-07,1.16460278718212e-06,-5.41199271882227e-16,3.02717752407986e-07,-1.16839013046123e-06,2.06654618741968e-15,2.07165942850762e-16,7.07605972687475e-07,5.77198747431168e-11,3.55669937874394e-06,-3.87089405836934e-07,-2.15356963922283e-05,2.90981469159577e-08,3.43119851555232e-15,9.98312006611779e-08,5.52903854081502e-16,3.59969336264453e-07,-3.56735040812906e-15,5.12802753999718e-06,-6.90904147160462e-16,-5.62200640138503e-07,-1.01849185085753e-06,-5.42818235408705e-08,-7.35950878432251e-07,-2.56857396825614e-06,2.34567979922269e-06,-2.08132693872299e-06,-1.16964846945367e-07,-5.69595811433907e-07,-5.45099159538494e-08,-6.88127633525089e-06,2.84228588695433e-06,7.63377864097543e-07,6.64142249372849e-08,1.23397194419942e-05,1.44471730188376e-16,-1.72246189650464e-05,3.33372624746353e-06,-4.81058381230465e-07,-2.88562443720098e-15,-7.26181864688374e-08,-2.4677282787453e-06,-9.85592787878567e-06,1.28160214590647e-15,1.76328683540662e-05,1.77875927445475e-06,-6.40716953316047e-15,2.77121526338234e-06,-0.84945844701816,-1.8993745891612e-14,1.1426595420151e-14,-4.38334724282994e-06,-3.11768108401375e-06,-1.29446650878816e-08,-1.36903349804296e-05,2.39414307270437e-06,4.74909869416104e-06,6.34529904217829e-07,5.55177143479696e-06,-7.72129208885076e-06,-1.98227935802042e-14,1.03583331234977e-07,1.01776640666764e-08,2.71081901499884e-08,2.43596371990628e-06,1.10065082640789e-15,5.17974512224513e-15,7.60452936965784e-07,1.54980735149081e-15,5.39465388445969e-16,3.67580749618721e-06,-3.95562845567867e-06,-5.11617659038729e-06,-3.95878407727949e-08,0.000118986383361778,2.60606758288823e-06,1.1557034242302e-07,-2.69345630380358e-16,2.49144121322636e-07,1.1376153368058e-08,5.18211355283698e-08,-3.50411868023528e-06,1.30117799248678e-05,8.87592241301936e-16,2.57460503162486e-16,9.4376963327733e-14,-1.51400587616456e-07,-4.89491964604384e-07,-4.09351082616878e-07,2.94054157275095e-15,-3.64063447921924e-07,2.6412733891725e-15,2.18340600818595e-17,7.69215770441574e-06,-1.68687298825197e-07,-2.47349883630843e-15,-4.05363607882312e-07,-1.43405862276225e-06,7.17506831287624e-15,6.01866291025442e-07,-2.08270992576331e-15,1.56000199524341e-07,2.46961203488403e-17,1.55239511755582e-07,1.34110525521607e-06,3.36349193528036e-07,4.54380510254027e-08,3.09810224098193e-07,-7.85022016810109e-06,4.03230513981336e-07,5.68985269419193e-17,2.29052902958991e-05,-9.92355211738249e-07,-2.51014167243723e-16,-9.79607324476742e-07,-3.78661795417129e-07,2.42418957702552e-05,-2.17308522285978e-16,2.72612309481671e-07,2.48789628496436e-06,1.67716835864471e-16,-8.89857480247926e-07,-1.96189261496743e-07,-7.00388425533015e-08,7.27036659992853e-16,5.57139422339761e-17,1.75634279871124e-07,5.31848802364406e-08,4.29329931649533e-09,-5.9260523072553e-07,2.98586417221478e-08,-2.63191448468954e-16,4.88119066846193e-16,1.08499201311111e-07,7.47438249636343e-10,-1.83529155897519e-16,2.60034536153817e-07,-2.1486898409688e-17,9.25734846725195e-07,-4.89124531247663e-08,-2.85592744972261e-08,-1.88824797351949e-07,-2.13478262893715e-15,-3.9469536154732e-16,-2.70901578079824e-16,-1.90775987811588e-16,-1.0271698801256e-07,-1.41645731597389e-05,8.1079425952839e-15,1.74076373521104e-16,-2.69281690404405e-16,4.97076977409139e-07,1.77426950740787e-07,-2.433806523712e-07,5.90152982363111e-17,3.27944052122553e-16,1.03946528034332e-15,-1.47005178451703e-06,3.11695852979027e-07,-1.81829719991815e-16,2.15428988932903e-06,-1.41076453418152e-06,-4.49994544040455e-16,1.41445719928722e-16,-1.39549384682316e-07,-1.42880932522286e-09,-6.87525735023301e-08,1.02317969927272e-15,7.67496751333199e-08,1.11293493964283e-07,1.18716321419812e-07,-1.07371599201293e-07,-3.81663580938194e-07,1.28762589780611e-06,-1.51704869907517e-16,-1.73145418360917e-16,2.69050915041353e-16,4.51033424160864e-06,-5.456160869097e-07,-2.9645442807564e-08,-2.30579971777778e-08,3.0494216771675e-17,-1.44803401269128e-16,-1.62717635176684e-16,-1.8511559339945e-17,-1.86748504408562e-15,7.54537688132919e-07,-2.50231444698191e-16,2.47525739273954e-16,-1.76182949586071e-08,-1.68277827327509e-16,-1.57709118254029e-08,-1.25038068726561e-16,-1.95518295228171e-08,9.80734222104714e-17,-2.40012513084777e-08,-3.06620606788922e-09,-0.00162620377044192,-4.63705950511455e-16,8.77843222010077e-08,-3.64287999873769e-16,1.27923207651993e-07,-1.5525259496744e-06,1.24120284209448e-09,1.84606325628299e-15,1.80604576444076e-07,-2.85687034426133e-16,-4.4180165426837e-08,-2.49309451301931e-07,-1.09107354089499e-16,-4.00063959975649e-17,1.50888158923153e-16,-4.0758705710725e-18,-8.3346219546936e-10,-1.08412821818833e-08,-2.41768023167538e-09,3.94425392621453e-17,-3.42168496126308e-17,-1.76058422636126e-07,1.07023924567859e-05,-1.46123898124391e-16,6.45226406697e-18,-1.08575232369548e-08,5.96076469187451e-17,-7.68173646586362e-08,1.33077512825967e-15,7.21808040764094e-07,5.79002966817205e-17,-5.45066139579877e-17,4.15761781412306e-17,2.02384007276656e-16,7.72179128983754e-17,2.82805878114176e-16,7.0937823072226e-07,-4.9604661756553e-06,-1.97404485750383e-16,-6.35369860591928e-08,2.41362489919979e-07,-8.31233943420339e-17,-7.78670523618802e-16,2.31613830534769e-16,-7.97378935529344e-16,2.36581550434203e-08,3.77845819152837e-09,3.43755743683719e-16,-8.57199858645233e-17,-4.28436528781422e-08,-1.52802567611291e-07,-1.5981361716377e-08,3.78796253116485e-17,5.21786956436537e-16,-9.96703891050039e-17,1.6495626540283e-16,-1.46474196203527e-15,1.15408500507388e-16,8.92827879442251e-08,-8.43652619425858e-08,-1.62068036370465e-08,-8.78067479527651e-17,-1.59873338169378e-16,-2.29430931354171e-16,3.25437688576999e-16,-1.54029453911289e-17,-4.51988835198962e-16,4.21017332956873e-17,4.38415633587332e-17,9.77752269198818e-17,-1.83546132898991e-16,1.01527415614694e-16,-8.76579723159524e-16,2.4919535590916e-17,-6.27766581353756e-17,2.39170970321408e-06,1.37883635044693e-16,3.69020751530888e-16,-8.89626982103532e-17,8.54104737538566e-07,-1.48793925377833e-09,5.96094221510273e-17,-1.64425502099097e-07,7.7791451093428e-07,6.55552366244529e-17,4.94888411843197e-16,-2.16405432951134e-07,-3.02675345640908e-17,1.90182893758376e-08,4.13079627340845e-17,-1.80750634840999e-16,-3.17521299153982e-17,-9.52168682762578e-17,2.67754937425899e-09,-3.67536249976601e-07,-1.16628503243056e-15,1.54784342714123e-16,-4.77494598181097e-17,7.01307761503705e-16,6.40627958667372e-16,8.23898187703436e-18,-6.23377704271155e-17,4.54262081168225e-17,1.18231860646926e-06,2.44743342041895e-18,-1.98757824482742e-16,1.53869914390237e-16,3.6528170395123e-16,2.70606693704927e-16,-2.77369622195684e-16,-8.51576431635434e-08,7.48496073617865e-18,-3.01666834894855e-16,6.34422549447855e-08,1.31573483822942e-17,9.50344970977265e-16,-6.69063550847695e-17,3.25202537316745e-16,3.62042175763192e-07,1.76639316363825e-17,-3.86433227232135e-08,-3.33614814592804e-17,6.54546770822765e-16,-2.1427896859562e-16,-2.00632914331599e-15,-1.66690469597383e-16,2.20677816678257e-16,1.39190990098855e-09,-3.34985681505889e-16,3.4138170098092e-16,4.03308699165668e-07,-1.73317410538635e-07,1.644249630469e-16,1.21162233792364e-07,1.773428882486e-08,1.14609236208488e-16,-1.82070521374429e-16,2.1080272135683e-16,9.45739300081446e-17,-1.74031987878844e-16,-2.95098685980852e-08,-4.86467729512286e-16,1.33328034961309e-16,5.77193094479092e-17,1.17864060512329e-08,-8.10234260473255e-15,-2.15437781175546e-16,-1.53823884201442e-16,1.58763966927907e-16,-5.35339157743958e-09,4.6898719201051e-16,1.1105900925487e-08,4.15881935234946e-17,-1.85365643732455e-16,-2.2526376927031e-16,4.80006754646527e-17,1.68752017392783e-16,8.61515713352175e-18,-3.72176390668247e-16,-2.48079699737989e-07,-1.27683236963997e-16,4.28624819346625e-16,8.04915481023979e-08,5.89443789732042e-16,7.6992518031806e-17,9.8285717403672e-17,3.09374893568618e-16,9.21815377055838e-17,-1.10570960812182e-16,-8.42314505508085e-08,3.64905590876667e-17,-1.79302451584829e-15,1.72773711470512e-07,-5.65616431344209e-16,-1.2784761325069e-16,1.55089615948367e-16,5.2691952100279e-17,8.73797129263287e-17,-1.20420836792389e-15,-7.36975515217785e-17,-1.0649959070135e-16,2.5550734395807e-17,1.44310828309907e-16,2.48355071334379e-16,-9.00743665855885e-08,3.8623179247639e-07,-9.51093695091009e-16,5.89051931325294e-17,7.40398339754477e-17,5.01383704360013e-18,6.60008072500551e-16,-4.05707760657422e-16,5.78159461329237e-17,-8.25482638603094e-16,-3.73465604287432e-09,-1.33369192856786e-17,-7.08312055440018e-17,1.14598097249834e-16,-3.81477406138035e-17,4.76724766273115e-09,-9.01234606915624e-17,-3.87197917138289e-08,-4.20336401490929e-17,-7.0349298355051e-17,-2.0023296520986e-18,-8.14174629467902e-17,-2.91728884776622e-17,-3.54569387593988e-17,9.73053786007616e-17,-2.16323805324277e-17,-1.70108103118196e-17,4.95423314229393e-18,3.31683868376205e-17,5.40942272022136e-18,8.78431067766055e-17,-1.88918279016905e-17,3.05088686855505e-18,1.40014565796023e-17,1.15591610710527e-16,2.37931424411972e-17,-1.59396324481635e-16,-4.97617492676801e-16,4.66803245363634e-16,-1.5026145198703e-17,-6.22507739896106e-17,1.85995892831523e-17,1.02965080241284e-17,3.54152110892009e-10,1.50358603343603e-17,-1.72648901240019e-16,-6.66466412780519e-17,-1.57226001008874e-16,1.04056854353021e-16,-1.13657320867196e-16,1.14503181251692e-16,1.5601474581904e-16,9.39340075290919e-17,1.7491430771786e-17,-3.47541006390228e-16,-2.49306821461619e-18,1.16048155595591e-16,-6.37043241771319e-17,4.30210280108038e-16,1.32122494777769e-17,-5.26200811807066e-17,-4.52346709924819e-09,-8.86751959916402e-17,-5.5070302251334e-17,-5.64288646403747e-17,1.35605970950242e-17,1.93874822794414e-16,6.86473873449107e-17,6.45236204641927e-18,-2.49787545393777e-17,-2.97429243862847e-17,9.51237660399894e-10,3.64063049100142e-16,3.76535522805752e-17,4.44746261292321e-17,5.4949565425563e-17,-5.89638694660989e-17,1.54945561081982e-16,-2.17319394255154e-18,-2.00646643119962e-17,-3.66752971861654e-17,5.81167655130352e-16,-1.9456323357918e-17,-5.71317810907094e-17,-2.61031237890301e-17,4.76448199963136e-09,3.37191799306763e-17,5.31109470951663e-18,-8.99425231292459e-18,1.65015570652294e-16,-1.42939693099225e-08,3.89270869305083e-16,-2.42050112979377e-17,-4.42178665064034e-17,5.51202967895343e-18,-1.08286176150829e-16,-1.75475158190073e-16,1.50338915086585e-16,-4.028727560665e-16,-1.63957085508383e-16,1.35000494623578e-16,8.62410125206651e-17,-5.06196298436317e-17,-1.04543485139096e-17,1.85555047112336e-16,-1.66575056727867e-17,-1.08029063564585e-17,-3.00766809993681e-16
"t433",-0.0385170320556358,0.0285678806605829,-0.0461755234571206,0.0174477478750895,0.00322699575710579,0.000266108522471667,-0.00490882596494805,0.0746174707056464,5.98267372882786e-05,-0.000116193423433453,1.94085645221562e-05,-0.00518476293550766,0.0092473849132514,-0.00137696047568182,0.000346967100620208,0.0412326494744628,-0.000713901879488924,0.000922263891313762,7.54815897953008e-06,-0.000286763254103236,0.251729003282836,0.0106886873737402,-0.000663778013363271,0.00425129631099701,-0.000657542474721236,0.000440406621180735,-0.000595705090472415,0.000604741973470953,-0.0139090756551602,0.00564379367143186,-1.53426843910243e-05,2.50553178947824e-05,-0.00751117240638463,1.82524599403121e-05,-1.00742486118392e-05,-1.63080884604393e-05,-0.000656617171117367,4.771722512124e-06,3.9270199408427e-05,1.11796857633981e-05,0.000658045268398818,-0.00010513385384687,0.0011362314913173,-0.000136706496995539,0.0563551142392043,1.12630434030297e-05,-4.85827846762543e-06,3.78628502083658e-05,5.458972962307e-06,-2.07598634623539e-05,0.000193859817977801,-1.94713730879534e-05,2.7602815288756e-08,-0.000640113614894479,3.76294397797768e-06,-3.98461833270171e-05,1.62431714835216e-06,-0.00010913374561857,3.70329315290734e-05,-0.000345794337259557,-4.53882428640846e-05,5.2823009827341e-06,-0.000171765137820773,9.1315038158505e-05,-6.46661708474343e-06,0.000150316272121389,-9.0982069347976e-07,3.1786464152408e-05,-8.64838624667057e-05,3.3665641870815e-05,-2.48764397033703e-05,0.000480051800259575,-3.15786374783715e-06,-0.000178656389397181,7.88274525931856e-05,1.95574659420964e-07,-0.00362533044060656,5.29705663650915e-06,-2.7715834588662e-05,-3.37206333901173e-05,1.03433056203708e-05,0.000156317716990001,-2.07685581460595e-05,-0.00013360901038127,9.00714279913096e-06,0.00156978540168544,-0.000480134734872389,-7.32958240140163e-06,-2.82103022159578e-06,0.00309140279057532,-2.77202219581736e-06,1.52808115744035e-05,1.64032459706048e-05,-0.00140134638136386,-3.22473115737721e-06,-0.0427054584294098,0.00167612496115758,0.242134067562379,0.00162889983491053,8.91168189078451e-05,1.08455043616372e-05,-5.02938105347122e-06,1.35436239638625e-05,-9.27764122231945e-07,3.57623041108513e-07,-3.64844519599259e-06,1.44592040257863e-05,-3.63996503061756e-06,1.92907667554684e-06,-3.22704330291818e-06,-1.6678707202214e-06,-2.83064606177447e-06,5.96167131546853e-06,-7.9397361804762e-07,8.70537154160699e-11,2.21873015851954e-07,-4.6066637143149e-07,8.31689939032746e-07,-1.12568733373355e-06,3.23400657214693e-06,-1.68863892248262e-05,3.77979929087183e-06,-3.95582186710498e-06,-1.09228512454332e-05,2.77756312833664e-05,-4.84533223942144e-05,3.67712077937992e-05,-1.23095371140993e-06,2.61339118584768e-06,8.62276542398797e-05,-1.43684913528531e-06,8.42523840016534e-06,-1.01662835735624e-05,-2.04919648222553e-06,3.34150776678954e-05,3.46753739000029e-06,-2.07265938484823e-08,-1.40867813736785e-05,4.48049910860839e-06,-1.28978664827307e-05,-8.28412845552728e-07,-3.21636118166473e-05,6.3177942643405e-06,4.18518530220909e-07,1.01137846962203e-05,-8.14178505684279e-08,-3.95748995476886e-06,6.82594192200385e-07,4.78698586447854e-08,-1.86244266636135e-07,-0.00022265218550128,-1.67574207925988e-06,-0.0174217716012876,-6.62879891435278e-06,-5.34191953729296e-07,-4.92281351065346e-08,7.60886133031063e-07,-5.2270401060277e-05,-2.44438532310687e-07,-8.09305120882696e-08,-3.90817372826471e-05,7.59348865557011e-07,-4.15380184486395e-07,-5.46996228582272e-05,6.37115477860243e-06,-2.27240355722503e-05,3.47518726480939e-06,5.94491764821286e-08,2.95642431444907e-06,3.94625112256283e-06,-4.68052038522768e-05,-1.10494285078911e-05,7.09107106048084e-06,3.41603174723393e-07,5.98394148053177e-06,1.34877632256432e-07,5.34339590896136e-07,-4.06837251989399e-06,-5.82323100246889e-06,-0.00208693801903379,-5.29613451519302e-05,3.46235207571953e-05,-1.08640472296463e-06,-3.95996837259457e-08,-1.64760045970527e-07,-3.51745140561022e-07,-7.42283883098559e-06,3.39853302982897e-06,1.61939688342575e-05,-0.00247115661132651,-4.89001424414637e-08,1.78595306109405e-07,7.65583295170026e-07,1.05429775576617e-08,1.45856317049335e-07,-2.18309225959073e-07,-4.05165053124613e-07,-1.63644826063817e-05,2.43722287696649e-07,1.0303746989424e-07,1.02636915650174e-07,1.67726014630928e-05,-2.66626270515396e-09,-3.00950506256227e-06,-6.57509675751585e-07,-2.88436222942113e-05,3.94616198261816e-07,0.000104043434902219,-2.26136693411285e-06,-6.56366803719713e-08,-1.52143372656604e-06,-2.0085711122033e-06,0.000200546613223507,0.000187418032847888,0.331527255974282,-5.85795124606115e-06,0.000163595858948939,2.91058434859421e-07,-4.24225529434701e-07,-1.92585488265963e-06,-1.02438490537771e-05,9.91220309800487e-05,2.83593106054465e-06,9.12002352757258e-06,-2.24059403460603e-06,-1.13802351361582e-06,-1.1987415714644e-05,-8.01448462885308e-07,-1.23494094807304e-06,-9.65509760827702e-07,2.64901993192751e-05,4.12579559116037e-06,3.17814663107571e-07,5.30569094006775e-07,-2.75556305753913e-08,-1.8941167277646e-05,-2.3124009696737e-06,6.30531922388954e-17,-3.75148960086442e-07,0.000193866839672669,-6.85352301260239e-07,-1.60213712294114e-05,-2.01400906536696e-06,0.000101084231266003,-3.83600647881546e-07,0.000104295668521658,-2.87849973675374e-08,1.98917933394175e-09,-3.17486008667707e-06,4.60687681161512e-06,-1.44244464658544e-07,1.97194140020954e-05,-9.11493420136749e-07,2.58228102053613e-06,-1.66855344494544e-07,1.03278557955737e-06,-1.33567586901741e-06,0.000606819784536397,4.29155170208052e-07,-8.36692282521576e-08,1.82684688540327e-06,-3.53409749395171e-07,3.87130280411501e-05,-1.9238497737284e-05,1.91374807305848e-07,-6.51100640107965e-08,7.60492215892603e-08,5.37830056011189e-06,-1.22781850129644e-05,8.03739699831586e-08,3.20911313738743e-08,-6.93722869583064e-08,6.00593841798185e-06,-5.45607435701358e-05,1.64192008720554e-06,-2.31891567149199e-05,0.00067873817163121,-9.6794088610138e-07,2.5270651256935e-06,-9.31443322345472e-07,5.08916087293523e-07,-1.51779887370288e-15,-1.27476374069957e-06,-4.3766046844791e-08,-4.1004190320896e-10,-3.62766655619553e-06,6.6155260121422e-08,-4.17680631550921e-08,-4.20542025925239e-05,0.498570589904285,1.46418876908444e-06,-2.60748694031643e-06,3.45681186504424e-08,-5.26719706072207e-08,6.9358620140247e-07,-8.48634358862954e-07,1.94408990766718e-05,-4.37112591434426e-07,3.86582252746919e-05,2.46532331950594e-08,1.33536482506021e-07,1.05491546760198e-06,-8.76479415149186e-06,2.06751035243955e-07,-7.8982490499862e-07,1.05932036814671e-06,-3.83998069153795e-06,2.40071501539098e-07,2.16754309721159e-07,1.65084456017845e-06,-2.77527349723133e-06,-2.22409711285748e-07,1.80721515415821e-06,-1.17930544332447e-06,2.9112776585282e-08,2.70307602624979e-07,-5.22704588877241e-07,-2.29978431662298e-16,1.5516297523665e-09,6.53555522080836e-06,-4.4827619070844e-06,4.34963920974895e-07,3.89131419586887e-07,1.13751933870208e-07,2.64033718267269e-07,-3.86491922065768e-06,1.4379020260739e-06,1.16859815972468e-16,-1.10631718032797e-06,-1.34964666771896e-08,-3.78000811308083e-08,1.25772760916945e-06,2.85955954988269e-07,-1.93871504615022e-08,-7.47701958223964e-07,2.00820373703732e-07,-6.80603983491616e-06,1.33347811158086e-06,-2.80169102732697e-07,-5.19746328323827e-07,-2.80148163425216e-08,-2.17704328962776e-07,-5.53951101023321e-07,2.42036374321874e-06,-6.52448469847796e-07,-9.58749305317792e-16,-0.00886970167266276,-8.24927615776354e-06,-3.01509266764272e-08,2.30720691860756e-06,-3.11448228915047e-07,-1.18252121411523e-06,4.35990891489769e-06,-1.59494007340303e-05,-1.13354843269674e-07,1.62740935857974e-16,-2.1318725431104e-07,-5.93991567403344e-07,-2.76473708495494e-07,6.92530740922292e-17,5.29977613688096e-07,6.93233005517858e-06,-1.05874733143392e-06,-4.34959878406085e-07,-1.45633093803603e-07,-7.81302709080395e-08,-2.79920379931796e-06,7.84679317781354e-08,8.34400072287901e-07,2.44903987048704e-07,1.83562240414654e-07,7.11025781274834e-05,-3.03417921073366e-17,-5.22088905201182e-06,3.24238254283284e-07,2.10175103044122e-06,-2.12183352870177e-07,9.56441471419519e-17,-2.0626966809744e-07,2.01288878418218e-06,-9.23814921936165e-08,-8.21525975486385e-08,-2.079761763278e-07,6.24413009593998e-05,-2.90767726479798e-06,4.02975117972028e-07,8.01765200466856e-17,1.46371860376038e-06,-1.4671205326173e-05,5.40687819579424e-06,1.80261172679705e-06,-1.83178946698465e-07,-1.22947201354858e-09,4.08527378592538e-16,3.40394924424853e-18,-1.18584439627658e-09,-7.94613379912853e-06,1.04744972252812e-06,-2.01035386434696e-07,6.36554715553249e-16,-9.5398320562468e-08,-1.12650340093285e-09,9.89557168991075e-17,3.87873111595968e-17,-2.540225718649e-16,2.38784418067225e-07,7.04184859992969e-07,-1.01770746194538e-06,6.00721288751109e-07,2.99439111061612e-07,6.15741505517274e-07,-1.86035841676335e-06,-3.10500728015293e-16,-4.06766574123014e-07,1.48033258424588e-06,-1.94282203227419e-16,-2.33395052169886e-16,-7.17494772812947e-07,-5.55412876338064e-11,-3.19235591760584e-06,3.31691468951996e-07,1.68916908475647e-05,-2.25004042147998e-08,-1.2556745044412e-15,-7.57064669136569e-08,-7.3867190384353e-17,-2.58099888833318e-07,5.31218406936429e-16,-3.52803113452962e-06,-1.06740896219936e-16,3.66959717211201e-07,6.57742969167138e-07,3.04157621279959e-08,3.99962562816605e-07,1.37815981745264e-06,-1.18996033924079e-06,1.00522410751222e-06,5.0292588037642e-08,2.44658899161275e-07,2.25758668635342e-08,2.66326662511755e-06,-1.00230242625573e-06,-2.48317726080462e-07,-2.02361176302316e-08,-3.6383561526214e-06,1.74775096307327e-16,4.57286974215083e-06,-7.95840251935931e-07,8.17786031151912e-08,6.15336301145027e-16,1.1025317072221e-08,3.1020354928695e-07,1.13344814227926e-06,-4.62086537122107e-17,-1.9324363033816e-06,-1.57897373864861e-07,1.67675005719688e-16,-2.18572283099263e-07,0.0202197054835584,-4.35458099551973e-17,-3.7083989392581e-16,1.80387778056729e-08,7.46443392107448e-09,-7.21029421487655e-11,-2.01568583310032e-07,8.30021055607974e-08,1.72607311844055e-07,2.45592155373344e-08,3.52518054405627e-07,-6.37641914593841e-07,1.10729567875945e-15,9.27574658831709e-09,9.23444527862364e-10,2.57142352607608e-09,2.43009934763233e-07,-3.10600699390076e-16,2.66104898343759e-16,8.0888188128754e-08,-1.07412671715905e-16,-1.28297842130382e-16,5.34270189704563e-07,-5.99945721854686e-07,-7.76637601769205e-07,-6.54094647657113e-09,1.98712876602349e-05,4.36214084872803e-07,1.96265745912739e-08,-2.11580894405974e-16,4.85218537263771e-08,2.27352534184647e-09,1.04427922604722e-08,-7.34802959401085e-07,2.91658748641682e-06,-2.78197138109168e-16,-2.24822064394476e-16,2.16669814126781e-14,-3.69352416350192e-08,-1.23440374442922e-07,-1.03483240721464e-07,-1.02921147412991e-16,-9.48525979216785e-08,-7.04761518004966e-17,1.77314468295347e-16,2.25087158095415e-06,-4.94258178134492e-08,1.60125818854384e-15,-1.21778138321219e-07,-4.36901046884873e-07,2.01932613787506e-15,1.88491758812816e-07,-1.15596478085146e-16,5.04131397471439e-08,1.8047596546794e-17,5.03043081065886e-08,4.35490898604909e-07,1.09479800197114e-07,1.48383842691449e-08,1.01913492926561e-07,-2.65174052435092e-06,1.4103119091921e-07,-3.52267187711938e-17,8.33907726719509e-06,-3.6276481377325e-07,6.90452547174358e-17,-3.600399893191e-07,-1.40522645189727e-07,9.07341843051235e-06,1.43165301977848e-16,1.04932267648225e-07,9.62760698413908e-07,-5.3866371557045e-16,-3.46778483674509e-07,-7.67170346251484e-08,-2.77314766221246e-08,1.09533576457049e-16,-6.00275858203672e-16,7.15297667599209e-08,2.19106177285362e-08,1.77281914433297e-09,-2.56357447682536e-07,1.30087706076711e-08,4.73713398190215e-16,-6.23483806142514e-16,4.74997295455902e-08,3.27419335803618e-10,-5.62723363925575e-16,1.14825599897419e-07,-2.46163947100538e-16,4.11899974204974e-07,-2.19861006259355e-08,-1.28465346189428e-08,-8.51747597113434e-08,-1.06178948194e-15,6.07997064734813e-17,1.55067166918613e-16,2.39362249991679e-17,-4.74722407703452e-08,-6.55900745244683e-06,-8.87858863122433e-16,2.03977537726995e-16,-2.93706130194248e-16,2.31767065900151e-07,8.29712145369982e-08,-1.14716115872946e-07,1.99906831008552e-16,-8.03576768928366e-16,-1.2559126915529e-16,-7.10925851300339e-07,1.5086673757604e-07,-7.84572615774895e-17,1.05271526616822e-06,-6.91996718849356e-07,-1.9968353263038e-17,-3.61908623678817e-16,-6.90537125639831e-08,-7.0751377311844e-10,-3.42171408582582e-08,1.4268772162234e-15,3.85153524263986e-08,5.61020324246971e-08,6.02143500219632e-08,-5.49121190573381e-08,-1.95617996813045e-07,6.62644045596639e-07,7.54957374055863e-16,-3.94371383247521e-16,-1.47513094428194e-16,2.37339304909713e-06,-2.87204788768442e-07,-1.56476975687905e-08,-1.23360448569777e-08,-7.17187375744323e-16,-1.16447873719393e-16,4.0333711026585e-16,-9.46745040818899e-16,2.63286906364097e-16,4.09199294032529e-07,3.85311515984072e-17,-3.35717827123018e-16,-9.60430187863205e-09,5.46267709356028e-16,-8.59958896885127e-09,-1.50056719586176e-15,-1.06661676988402e-08,-1.29898739183872e-15,-1.32089590211148e-08,-1.69094571174616e-09,-0.000899618003597167,-2.89631446531357e-16,4.87473718671412e-08,6.93643505248556e-17,7.16205401009564e-08,-8.78268833438013e-07,7.02464047529518e-10,3.76815883710925e-16,1.02633290207652e-07,1.30862190719451e-15,-2.52671072441625e-08,-1.42626868101007e-07,3.20943743894584e-16,2.70721705981435e-16,3.3254798595168e-16,-3.8814048089129e-16,-4.79279478708338e-10,-6.24267510758008e-09,-1.3943346028017e-09,2.24061545994776e-16,2.36212420721406e-16,-1.02287366312631e-07,6.21994260043392e-06,9.52228325503235e-16,5.92619678902316e-16,-6.36665701540972e-09,-1.65320727250554e-15,-4.51286995743293e-08,1.84161310503001e-15,4.26324013409559e-07,1.10849286648207e-15,9.30066808435338e-16,-2.67514199329376e-15,-2.5751057964709e-15,2.39037457715733e-15,7.89688847174901e-15,4.23436206532756e-07,-2.9613628017957e-06,-1.54132257345803e-15,-3.80678757310817e-08,1.4482702855548e-07,2.24760359748883e-16,2.21366464444973e-15,-2.70727233605315e-15,2.43263718156299e-14,1.42860993847441e-08,2.28497724237532e-09,1.19717652009371e-14,-6.1740691063894e-15,-2.59510418368318e-08,-9.25742159082052e-08,-9.68903141486758e-09,2.95023357621927e-16,-8.36836940122644e-15,4.89105795681874e-15,-6.17991335692432e-14,-0.707106781186547,-8.45383890278298e-13,5.47412443615088e-08,-5.17793635544606e-08,-9.95710104738184e-09,1.30691941753113e-14,-2.60368529796024e-15,-4.60666102652469e-15,-8.49667524022729e-15,-3.38459653635102e-16,-7.61027450131633e-15,1.36819401045275e-14,-1.79490354308284e-15,-1.74703057871478e-15,4.58260126238548e-16,5.14698034800609e-15,-2.58744322136298e-16,-4.81652536893876e-17,-8.75563623117647e-16,1.49401782190266e-06,2.84138391966108e-16,-8.76113897056044e-15,-1.48556916115459e-15,5.34667134704739e-07,-9.31904737234901e-10,-8.27743891485621e-17,-1.03011460827016e-07,4.88620497318789e-07,-1.14652597835226e-15,-8.26924107496553e-16,-1.36361653610605e-07,7.43184931677053e-16,1.20300776938321e-08,-1.45151672440317e-15,-7.51912339322145e-16,7.37655442123458e-16,-5.0575286448157e-15,1.70381395018477e-09,-2.33969127692534e-07,-1.61937005615887e-15,1.50496747948821e-16,1.28774007447362e-15,-1.446265343094e-17,-3.66758489897534e-16,-5.31090842890728e-16,1.67370156003661e-15,6.57434292064083e-16,7.67737981426409e-07,-1.38634651318964e-16,-2.36743608733542e-16,-2.69568755524038e-16,-9.88502740694768e-16,-3.50571498922031e-16,7.9058028797936e-16,-5.55236268085255e-08,1.79531335511696e-16,-2.25583497258715e-17,4.13958525799279e-08,-1.30309834423027e-15,6.45920150529412e-15,3.3956628335756e-16,2.46751581463064e-16,2.38272773549129e-07,4.86161510421999e-16,-2.54710274492519e-08,2.74870096169656e-16,3.22493385396927e-16,4.10219523869191e-17,-6.44412501875705e-16,-3.66331373625339e-16,-8.19150328623535e-16,9.20261917662112e-10,-9.28021883216441e-16,1.3005375419853e-15,2.67267895546816e-07,-1.14868796504281e-07,6.20328026658338e-16,8.04615881067504e-08,1.17843066486724e-08,8.49655337580047e-16,1.42338907311251e-16,9.45289842651944e-16,3.43317051806611e-17,-4.43241349705287e-16,-1.97861705972516e-08,-5.92330398891702e-16,4.08670894747546e-17,-3.85721077960039e-16,7.9206289641085e-09,1.68772442601956e-15,5.40578249726914e-17,3.15586746893994e-16,1.47459513809029e-16,-3.60823798157686e-09,9.79033282541494e-17,7.49228970845136e-09,-7.72224253655811e-16,-5.41424336855768e-17,7.86476893838544e-16,9.99421376997036e-17,4.80386434333743e-16,-4.88352292503803e-15,-1.98230262068596e-16,-1.68158059417642e-07,-5.91377018113048e-16,5.14398683481705e-16,5.46239615608508e-08,3.52230533061114e-17,3.85939719191676e-17,7.08911540889656e-16,3.08296788036574e-16,2.89687150815072e-16,3.71948445627207e-17,-5.73697589881791e-08,8.09220436925244e-16,6.89454357201411e-17,1.17865026600378e-07,5.84284333702994e-16,-9.34715091459053e-16,5.15077705775557e-16,-1.03348578671221e-15,5.88653008068081e-17,-3.57343519760853e-16,5.16806250981093e-17,4.00581540977174e-17,-1.73282664543141e-16,4.26867716076416e-16,6.54887827588552e-16,-6.18085843078397e-08,2.65214177164339e-07,-2.68067738442407e-16,5.84306535545384e-17,-1.40124459899897e-17,1.87718601131055e-16,-5.34511671035354e-16,3.54999839117008e-16,-1.55908211878953e-18,-3.13395971941131e-16,-2.57369757115638e-09,-3.58035411281284e-16,1.42019623342581e-16,-1.13528810794567e-16,1.9319497103531e-17,3.29519216894643e-09,-1.94705416345116e-16,-2.68534185055287e-08,-4.20181617850429e-16,4.20351445313849e-16,7.45314456203396e-17,-1.36638464631293e-16,7.72864423385042e-17,4.25602482064162e-16,-2.35545821348289e-16,-1.6393305700555e-16,-3.68241299085995e-17,-1.78879807473205e-16,2.20226443049927e-16,-6.24899087776028e-16,2.63110204660097e-16,-6.21672560116255e-17,-2.65317595801395e-16,3.24278332913931e-16,-8.05092342487823e-17,7.84175040555165e-18,-1.60901924460838e-16,-1.3534695909745e-15,6.08860835013547e-16,-2.64687294238785e-17,2.20837999430715e-16,1.21246727574221e-16,-1.90350341775486e-16,2.4856351282012e-10,-1.79829293391587e-16,8.34865521762428e-16,1.44715033231049e-16,-1.9989823673641e-16,-2.58400916542149e-16,-4.08388842443096e-17,2.29776839670404e-16,9.98104348423928e-17,1.11578231312813e-16,-1.47813738685991e-16,-3.23146457509305e-16,-2.80345711764377e-16,3.790477330334e-17,-1.2920416341312e-16,-2.3154484736847e-16,2.30241005925261e-16,7.66167084769915e-17,-3.19939226906001e-09,4.02372638934622e-17,-1.25194037881059e-16,-1.80794975682352e-17,3.00715632542069e-17,-5.00670088668425e-16,-3.19332098415655e-17,-6.56114039032944e-17,3.3989385214458e-16,5.1537508171977e-17,6.77980680971504e-10,-1.77333847612908e-18,-2.26659311021038e-16,-2.35374883726676e-16,-2.62181149581772e-16,1.12220105827463e-16,9.78501998580844e-17,-2.46651397679355e-17,2.61280881445079e-16,-7.95380289043475e-17,5.3004699861095e-16,4.03964267268042e-17,2.07169551266067e-16,8.42796640817348e-17,3.4211469768806e-09,-1.56619284192597e-16,1.06635197149601e-16,5.31184923841797e-18,-9.11055085539569e-16,-1.02984889618565e-08,-8.41192814894278e-17,-9.99812592661685e-17,1.93039485434217e-16,-2.7715671911958e-17,-7.57433271528137e-17,1.39391233914846e-16,-4.45260224015072e-17,8.34974335960841e-16,-3.59704616574858e-16,-1.49227347942316e-16,8.3616597106117e-18,6.18655806379157e-17,-1.54966466972213e-16,-7.02147169332891e-17,4.59104888015309e-17,2.27661494644291e-16,-4.24168725048971e-16
"t434",-0.0385170320556358,0.0285678806605829,-0.0461755234571206,0.0174477478750895,0.00322699575710579,0.000266108522471641,-0.00490882596494805,0.0746174707056464,5.98267372882625e-05,-0.00011619342343345,1.94085645221482e-05,-0.00518476293550764,0.0092473849132514,-0.00137696047568182,0.000346967100620202,0.0412326494744629,-0.000713901879488914,0.000922263891313751,7.54815897953691e-06,-0.000286763254103239,0.251729003282836,0.0106886873737402,-0.000663778013363278,0.00425129631099702,-0.000657542474721233,0.000440406621180723,-0.000595705090472408,0.00060474197347097,-0.0139090756551602,0.00564379367143188,-1.53426843910116e-05,2.50553178947676e-05,-0.00751117240638465,1.82524599402871e-05,-1.0074248611825e-05,-1.63080884604298e-05,-0.000656617171117363,4.77172251211085e-06,3.92701994083983e-05,1.11796857634419e-05,0.000658045268398809,-0.000105133853846893,0.00113623149131727,-0.000136706496995542,0.0563551142392044,1.1263043403088e-05,-4.85827846760694e-06,3.78628502083971e-05,5.45897296235624e-06,-2.07598634623828e-05,0.000193859817977776,-1.94713730880079e-05,2.76028160410316e-08,-0.000640113614894497,3.76294397798142e-06,-3.98461833270303e-05,1.62431714834574e-06,-0.000109133745618618,3.70329315290789e-05,-0.000345794337259536,-4.53882428641975e-05,5.28230098298586e-06,-0.000171765137820759,9.13150381584975e-05,-6.46661708450691e-06,0.000150316272121415,-9.09820693504044e-07,3.17864641523241e-05,-8.64838624667085e-05,3.36656418708903e-05,-2.48764397034388e-05,0.000480051800259614,-3.15786374770393e-06,-0.000178656389397282,7.88274525931856e-05,1.95574659364351e-07,-0.00362533044060655,5.29705663647321e-06,-2.77158345888916e-05,-3.37206333903367e-05,1.03433056203844e-05,0.000156317716989945,-2.0768558146062e-05,-0.000133609010381275,9.00714279914349e-06,0.00156978540168552,-0.000480134734872335,-7.32958240133408e-06,-2.82103022156268e-06,0.00309140279057535,-2.77202219583462e-06,1.52808115743345e-05,1.64032459706833e-05,-0.00140134638136386,-3.22473115749186e-06,-0.0427054584294098,0.00167612496115754,0.242134067562379,0.00162889983491035,8.91168189076844e-05,1.08455043616304e-05,-5.02938105332752e-06,1.35436239637179e-05,-9.27764122581886e-07,3.57623041143008e-07,-3.64844519606278e-06,1.44592040264132e-05,-3.63996503085143e-06,1.92907667550316e-06,-3.22704330295493e-06,-1.66787072026882e-06,-2.83064606178259e-06,5.96167131542296e-06,-7.93973617910731e-07,8.70537639916393e-11,2.21873016135065e-07,-4.60666371635414e-07,8.31689938867579e-07,-1.12568733366763e-06,3.23400657220045e-06,-1.68863892244655e-05,3.77979929093581e-06,-3.95582186719052e-06,-1.09228512454155e-05,2.77756312833853e-05,-4.84533223942558e-05,3.67712077937142e-05,-1.23095371142199e-06,2.6133911858236e-06,8.62276542396646e-05,-1.43684913529209e-06,8.42523839990035e-06,-1.01662835736227e-05,-2.0491964821787e-06,3.34150776677959e-05,3.46753738995786e-06,-2.07265938472655e-08,-1.40867813736387e-05,4.48049910853301e-06,-1.28978664825039e-05,-8.28412845486889e-07,-3.2163611816795e-05,6.31779426416568e-06,4.18518530042893e-07,1.01137846967081e-05,-8.14178504880058e-08,-3.95748995469959e-06,6.82594192157088e-07,4.78698587286274e-08,-1.86244266564567e-07,-0.000222652185501338,-1.67574207927164e-06,-0.0174217716012871,-6.62879891444051e-06,-5.34191953810335e-07,-4.92281350955625e-08,7.60886133118849e-07,-5.22704010606257e-05,-2.44438532371508e-07,-8.09305120931755e-08,-3.90817372829025e-05,7.59348865535701e-07,-4.15380184524279e-07,-5.46996228581589e-05,6.37115477845081e-06,-2.27240355723191e-05,3.47518726462172e-06,5.94491763105185e-08,2.95642431430674e-06,3.94625112273153e-06,-4.68052038519013e-05,-1.10494285077747e-05,7.0910710598779e-06,3.41603174652641e-07,5.98394148045008e-06,1.34877632256287e-07,5.34339590844597e-07,-4.06837251969099e-06,-5.82323100251242e-06,-0.00208693801903379,-5.29613451519438e-05,3.46235207571898e-05,-1.08640472306165e-06,-3.95996837864514e-08,-1.64760045898342e-07,-3.51745140529053e-07,-7.422838830971e-06,3.3985330298544e-06,1.61939688344172e-05,-0.00247115661132658,-4.89001423292812e-08,1.78595305952212e-07,7.65583295137637e-07,1.05429775134732e-08,1.45856317149363e-07,-2.18309225839334e-07,-4.05165053309909e-07,-1.6364482606446e-05,2.43722287697211e-07,1.03037469913593e-07,1.02636915704093e-07,1.67726014629607e-05,-2.66626258934964e-09,-3.00950506257922e-06,-6.57509675509489e-07,-2.88436222941941e-05,3.94616198177508e-07,0.000104043434902192,-2.26136693399257e-06,-6.56366803352889e-08,-1.52143372664566e-06,-2.00857111249345e-06,0.000200546613223607,0.000187418032847863,0.331527255974281,-5.85795124616186e-06,0.00016359585894889,2.91058434977448e-07,-4.2422552914313e-07,-1.92585488273917e-06,-1.02438490536085e-05,9.91220309795477e-05,2.83593106039393e-06,9.12002352766614e-06,-2.24059403470811e-06,-1.1380235134426e-06,-1.19874157148039e-05,-8.01448462900844e-07,-1.23494094801877e-06,-9.65509760872158e-07,2.64901993191238e-05,4.12579559112452e-06,3.17814663201813e-07,5.30569093847968e-07,-2.75556307287042e-08,-1.89411672778706e-05,-2.31240096959353e-06,2.542481424995e-16,-3.75148959616575e-07,0.000193866839672702,-6.8535230128406e-07,-1.60213712296041e-05,-2.0140090654759e-06,0.000101084231266197,-3.83600647834516e-07,0.000104295668521892,-2.87849973151866e-08,1.98917929358906e-09,-3.17486008669385e-06,4.60687681141626e-06,-1.44244464670284e-07,1.97194140019678e-05,-9.11493420297662e-07,2.58228102090968e-06,-1.66855344652079e-07,1.03278557959502e-06,-1.33567586916355e-06,0.000606819784536298,4.29155170170208e-07,-8.36692281891735e-08,1.82684688528043e-06,-3.5340974938271e-07,3.87130280408275e-05,-1.9238497737061e-05,1.91374807552423e-07,-6.51100639659818e-08,7.60492215717629e-08,5.3783005601423e-06,-1.22781850132236e-05,8.03739695853544e-08,3.20911313569638e-08,-6.93722868236645e-08,6.00593841792854e-06,-5.45607435704401e-05,1.6419200872006e-06,-2.31891567149419e-05,0.000678738171630232,-9.67940886156259e-07,2.52706512582343e-06,-9.31443322327329e-07,5.0891608725385e-07,-1.61737376654171e-15,-1.27476374065773e-06,-4.37660469084838e-08,-4.1004184049449e-10,-3.6276665560829e-06,6.61552601063497e-08,-4.17680629510592e-08,-4.20542025927804e-05,0.498570589904285,1.46418876944301e-06,-2.60748694016091e-06,3.45681184271201e-08,-5.26719706305379e-08,6.93586201749566e-07,-8.4863435849321e-07,1.9440899076527e-05,-4.37112591741194e-07,3.86582252751271e-05,2.46532334717078e-08,1.33536482453352e-07,1.05491546764032e-06,-8.76479415159646e-06,2.06751035241906e-07,-7.8982490499537e-07,1.05932036812216e-06,-3.83998069166455e-06,2.40071501287942e-07,2.16754309638831e-07,1.65084456028654e-06,-2.7752734970722e-06,-2.22409711068637e-07,1.80721515381487e-06,-1.17930544336845e-06,2.91127765909497e-08,2.70307602810594e-07,-5.22704588875909e-07,1.04243703367129e-17,1.5516296119601e-09,6.53555522035812e-06,-4.48276190726096e-06,4.34963921063163e-07,3.89131419425187e-07,1.13751934145115e-07,2.64033718076581e-07,-3.86491922095809e-06,1.43790202613126e-06,4.59380641707019e-17,-1.10631718017237e-06,-1.34964664101826e-08,-3.78000811009374e-08,1.25772760935572e-06,2.85955955369749e-07,-1.93871506419354e-08,-7.47701958301133e-07,2.0082037387382e-07,-6.80603983467792e-06,1.33347811145676e-06,-2.80169102890909e-07,-5.19746328036329e-07,-2.8014816623683e-08,-2.17704329056166e-07,-5.53951101085398e-07,2.4203637428537e-06,-6.52448469945267e-07,-3.19036151822837e-16,-0.00886970167266263,-8.24927615836267e-06,-3.01509264863895e-08,2.30720691836347e-06,-3.11448229103151e-07,-1.18252121383939e-06,4.35990891451918e-06,-1.59494007343022e-05,-1.13354843727243e-07,-1.66440804528776e-16,-2.13187254353085e-07,-5.93991567720937e-07,-2.764737085276e-07,3.09172105350705e-16,5.29977613885676e-07,6.93233005489539e-06,-1.05874733179463e-06,-4.34959878732661e-07,-1.45633093688465e-07,-7.81302707446124e-08,-2.79920379908585e-06,7.84679317670684e-08,8.34400072229484e-07,2.449039867618e-07,1.83562240245506e-07,7.11025781272092e-05,3.17162087540402e-16,-5.22088905230907e-06,3.24238253962274e-07,2.10175102997606e-06,-2.12183352732029e-07,2.63919814598105e-17,-2.06269668161604e-07,2.01288878435042e-06,-9.23814922526426e-08,-8.21525971765388e-08,-2.07976176103965e-07,6.24413009585739e-05,-2.9076772647007e-06,4.02975117987831e-07,-2.16316618929108e-16,1.46371860494421e-06,-1.46712053263033e-05,5.40687819580955e-06,1.80261172689284e-06,-1.83178946526548e-07,-1.22947186474347e-09,6.07153216591882e-16,-1.97366752382392e-17,-1.18584389139519e-09,-7.94613379989765e-06,1.04744972245609e-06,-2.01035386228074e-07,7.01590767310359e-16,-9.53983209169883e-08,-1.1265034398868e-09,5.46810068523591e-18,2.17575385936616e-17,-7.17944734379785e-17,2.3878441809841e-07,7.04184860384601e-07,-1.01770746230815e-06,6.00721288144862e-07,2.99439111030682e-07,6.15741505780032e-07,-1.86035841697089e-06,-1.78241945582203e-16,-4.06766573636126e-07,1.4803325841884e-06,2.3392751047127e-16,2.11801232311745e-16,-7.17494773086908e-07,-5.55415981340583e-11,-3.19235591834412e-06,3.316914691951e-07,1.68916908486927e-05,-2.25004043248338e-08,-3.61658572140079e-15,-7.57064666392875e-08,1.18323205066508e-16,-2.58099888874053e-07,4.64553525855727e-16,-3.52803113513711e-06,4.57688739295924e-16,3.66959716779705e-07,6.57742969155379e-07,3.04157618225187e-08,3.99962562816524e-07,1.37815981749635e-06,-1.18996033910763e-06,1.00522410742563e-06,5.02925878843333e-08,2.44658898500081e-07,2.25758689944524e-08,2.66326662575862e-06,-1.00230242620807e-06,-2.48317726191399e-07,-2.02361178631313e-08,-3.63835615306911e-06,-2.34279056473314e-16,4.57286974260957e-06,-7.95840251940486e-07,8.17786028990325e-08,4.27567886503789e-16,1.10253170651661e-08,3.10203549305995e-07,1.1334481422872e-06,-1.02192980665461e-16,-1.93243630393889e-06,-1.57897373470272e-07,1.94504348659119e-16,-2.18572282975311e-07,0.0202197054835552,8.20510723428017e-16,-3.48718003615854e-16,1.80387772291565e-08,7.46443424718733e-09,-7.21021548871929e-11,-2.01568583364441e-07,8.30021055662438e-08,1.72607312106546e-07,2.45592153461581e-08,3.5251805384539e-07,-6.37641914950867e-07,8.67849628966022e-16,9.27574725563003e-09,9.23444521551136e-10,2.57142296924455e-09,2.43009935442152e-07,1.65343701684087e-16,-5.56700925013884e-16,8.08881882328649e-08,-1.34349642561383e-17,-2.09621282953971e-17,5.34270190054101e-07,-5.99945721992841e-07,-7.76637602106572e-07,-6.54094652630143e-09,1.98712876597254e-05,4.3621408499685e-07,1.96265747326288e-08,1.45378940685995e-16,4.85218545785865e-08,2.27352391583931e-09,1.04427922604645e-08,-7.3480295988325e-07,2.91658748630438e-06,1.56575370895466e-16,1.50325195201927e-17,2.17126258420285e-14,-3.69352418275189e-08,-1.23440374024443e-07,-1.03483241150278e-07,2.53406966320145e-16,-9.48525975952704e-08,-2.52059686901128e-16,5.52998339265701e-17,2.25087158062635e-06,-4.94258175959933e-08,-8.86010015355154e-16,-1.21778138496182e-07,-4.36901046760382e-07,6.8994180847667e-16,1.88491759196935e-07,3.80453060483796e-16,5.04131396609208e-08,-1.49752774882135e-16,5.03043092788645e-08,4.35490897830943e-07,1.09479801023785e-07,1.48383843528133e-08,1.01913492707749e-07,-2.65174052581341e-06,1.4103119102419e-07,-1.35356232730423e-16,8.3390772669396e-06,-3.62764814351756e-07,-1.84540559985231e-16,-3.60039990240068e-07,-1.40522646111913e-07,9.07341843046617e-06,-3.6467192914696e-18,1.04932267750449e-07,9.62760698769095e-07,5.62572549044494e-16,-3.46778483331851e-07,-7.67170347606428e-08,-2.77314773162381e-08,7.11844245679494e-17,6.46898058101694e-16,7.15297671704829e-08,2.19106177163511e-08,1.77281908305598e-09,-2.56357447732176e-07,1.30087722313458e-08,-4.9377199402514e-16,3.69344810364903e-16,4.74997301174168e-08,3.27419010477386e-10,5.45156943722492e-16,1.14825600542229e-07,2.73766899922613e-16,4.11899974589515e-07,-2.19861010749908e-08,-1.28465340275197e-08,-8.51747595058233e-08,-8.17056480954895e-16,3.37329258471552e-19,-2.80735617340572e-16,-2.598739957821e-16,-4.74722404155447e-08,-6.55900745229907e-06,5.11530538240179e-16,2.49625753437457e-16,2.78322406625522e-16,2.31767065854916e-07,8.29712141396819e-08,-1.14716116439253e-07,-3.24640102204626e-16,7.08288950494046e-16,3.98051275100897e-16,-7.10925851330162e-07,1.5086673717107e-07,-6.42597284086378e-16,1.05271526704198e-06,-6.91996718257956e-07,7.46438173755476e-17,4.06735085211929e-16,-6.9053715000457e-08,-7.07514004268705e-10,-3.42171404082078e-08,-1.3854954032496e-15,3.85153523128481e-08,5.61020325323676e-08,6.02143500642296e-08,-5.49121190281722e-08,-1.95617993703148e-07,6.62644046317619e-07,-6.95091165887495e-16,6.57748274167401e-16,3.65369236749654e-17,2.37339304725263e-06,-2.87204788038048e-07,-1.56476981733563e-08,-1.23360462913278e-08,5.26496701149045e-16,1.45716836043464e-16,-3.13660858134128e-16,1.03359308134255e-15,-3.56275129568324e-17,4.09199292674998e-07,-1.6743249687493e-16,6.40639772607832e-17,-9.60430216041659e-09,-4.58446596874782e-16,-8.59958983758884e-09,1.38332040500246e-15,-1.06661671783875e-08,1.30335142259139e-15,-1.32089577927922e-08,-1.69094414107761e-09,-0.000899618003589975,-5.8698675582324e-16,4.8747380394344e-08,4.43304264019373e-17,7.16205380088605e-08,-8.78268831957531e-07,7.0246310379426e-10,-1.14658290965779e-16,1.02633291055361e-07,-1.28390327811199e-15,-2.52671078490164e-08,-1.42626871805838e-07,-1.11704019638583e-16,-2.38337241229745e-16,-3.13262877034661e-16,3.45311458663692e-16,-4.79281268877813e-10,-6.24267539696039e-09,-1.39433357580789e-09,-1.81328009759784e-16,-1.70965895900062e-16,-1.02287366492831e-07,6.21994259994126e-06,-1.04625605015021e-15,-4.28016242861341e-16,-6.36666261896093e-09,1.63537258869585e-15,-4.51286987514495e-08,-8.31094504640098e-16,4.26324010268064e-07,-1.29308667738792e-15,-1.25483389892711e-15,2.71541689106167e-15,2.479397089342e-15,-2.39787688148058e-15,-8.09750592224572e-15,4.23436217790756e-07,-2.96136279522159e-06,1.67906095140288e-15,-3.80678762661998e-08,1.44827019333531e-07,-2.18501556311351e-16,-2.26671269949476e-15,2.75672551614699e-15,-2.52758934536353e-14,1.42861047170345e-08,2.28496752340813e-09,-1.17695059952673e-14,6.09450413506727e-15,-2.59510421023971e-08,-9.25742097649743e-08,-9.68901817296868e-09,-1.52976389026031e-16,8.21770777308221e-15,-5.01084693562482e-15,6.20037592288988e-14,0.707106781186548,8.45559037876956e-13,5.47410536701426e-08,-5.17793096694585e-08,-9.95706475585893e-09,-1.30384854486911e-14,2.72005537895967e-15,4.78063992707855e-15,8.49250554922021e-15,2.39759002298351e-16,7.5583098804825e-15,-1.36677683685106e-14,1.75911146279503e-15,1.51590153062879e-15,-3.68518115234578e-16,-5.23432058931007e-15,2.26143173454619e-16,4.01949884732592e-17,7.48157112180383e-16,1.49401781723673e-06,-1.81131430612066e-16,9.16896289999007e-15,1.44558533012588e-15,5.34667143085727e-07,-9.31898093962169e-10,8.40741635500585e-17,-1.03011462740975e-07,4.88620504216489e-07,1.18737953224588e-15,9.4749571058719e-16,-1.36361656366782e-07,-8.870856588088e-16,1.20300815947201e-08,1.38933103425086e-15,8.89478837731931e-16,-6.95190635251966e-16,4.75517927190309e-15,1.70381591328396e-09,-2.33969128539945e-07,1.00822087992183e-15,-2.79640522303492e-16,-1.24435688012507e-15,-2.60197075684394e-16,3.80311017053603e-16,5.5918522524346e-16,-1.8066218758351e-15,-7.22211032816255e-16,7.67737988616909e-07,1.33638709544248e-16,2.32421510141798e-16,2.6007786582691e-16,1.09283351529544e-15,5.44318108362918e-16,-6.47876474036283e-16,-5.55236275317839e-08,-2.01078803838345e-16,9.33876281564385e-17,4.13958542085499e-08,1.35310946517106e-15,-6.57072560421329e-15,-3.3916273442182e-16,-2.40590873443518e-16,2.38272771058952e-07,-5.3503716401224e-16,-2.54710251320284e-08,-3.12519990942356e-16,-3.56816636188315e-16,-2.99539281278867e-16,1.17513825327419e-15,2.582273389545e-16,1.03570294472712e-15,9.20261848548885e-10,1.07333246070688e-15,-1.22822713596881e-15,2.67267896406147e-07,-1.14868796857786e-07,-6.60827288279661e-16,8.0461588380906e-08,1.17843044364418e-08,-8.18255601501402e-16,-1.4898634704712e-16,-9.40082758408807e-16,-7.33168946585417e-17,5.51446319347333e-16,-1.97861698316776e-08,6.20711726055032e-16,-2.41530307008045e-16,4.20854449033946e-16,7.92062852615767e-09,-1.20173397806408e-15,1.50266895888488e-16,-2.15850460460773e-16,-1.55531924620406e-16,-3.60823740735799e-09,7.26171685417696e-17,7.49229101134253e-09,7.31475891231483e-16,-3.44573080988926e-16,-1.0358742906188e-15,-1.54132154348896e-16,-4.60983070761856e-16,4.52220430247816e-15,2.31072820071933e-16,-1.68158057517049e-07,8.24968276058744e-16,-4.13831410432761e-16,5.4623961494424e-08,-3.32364963810901e-16,-4.25477107875912e-17,-9.2006708197377e-16,-2.46301349070622e-16,-3.61984537712914e-16,-4.87921091053796e-17,-5.73697594319043e-08,-8.88587811666868e-16,2.02159745269257e-16,1.17865026378954e-07,-3.00177562714555e-16,6.42733209877126e-16,-7.50568795052456e-16,7.68197672560467e-16,-1.03996492250007e-16,2.01617918003481e-16,2.86705398154817e-17,-1.33199907217864e-17,1.28246835878153e-16,-3.97084456616756e-16,-5.68269952349565e-16,-6.18085844830292e-08,2.65214176747533e-07,4.63171406255008e-16,-3.10053364525908e-17,2.79860202992889e-17,-1.25794692545366e-16,2.36572914036337e-16,-2.8339500986688e-16,-6.35760043346295e-18,2.35133933779138e-18,-2.57369786846542e-09,3.241157198757e-16,2.7635669848527e-17,3.76455793658905e-17,-1.97596074090376e-16,3.29519255435828e-09,2.37954572333858e-16,-2.68534196945497e-08,3.98001617067631e-16,-2.82135491647745e-16,1.02330823280677e-16,2.17887745098293e-16,4.78361037834933e-18,-4.06982902773539e-16,1.90303387128278e-16,2.94592674034092e-16,5.94185473476848e-17,1.80990739086476e-16,-3.34680092625202e-16,6.80858042427272e-16,-1.42545667148467e-16,3.52143235630459e-17,2.60096530261018e-16,-3.44817398847496e-16,7.36253322781772e-17,-1.19591659358528e-16,2.46351958217946e-16,1.26854796932843e-16,-8.91349711054645e-16,-3.64530476716458e-17,1.13725601052729e-16,-1.16543630851492e-16,2.97347163972041e-16,2.48563284477137e-10,2.06484437064043e-16,-8.97797970086639e-16,5.02394924367509e-17,-9.58554344037667e-17,-1.65276681997323e-16,1.23490799342159e-16,-1.97519583663393e-16,-1.62194133846218e-17,-1.51870565134318e-16,1.05932518958579e-16,1.85344361386397e-16,2.09275088480186e-16,-2.38211120085429e-17,1.92271674676427e-16,2.38785815843948e-16,-2.23411134231884e-16,-1.62115146786012e-16,-3.19939219867368e-09,6.29964945293101e-17,1.67753485283266e-16,3.42710543324849e-16,-5.21684097808697e-17,3.22189772168952e-16,-5.08365475758826e-17,-1.3144007837135e-17,-5.53092088463268e-16,2.93024105076736e-17,6.77980848151114e-10,9.5696436830324e-17,9.24459352907137e-17,1.21792981108413e-16,2.11201648724364e-16,4.87180207608555e-17,6.37296277395806e-17,5.84318898181103e-17,-1.58476698441253e-16,1.73229253293572e-16,-2.6169357639076e-16,-1.23167305030998e-16,-1.67518283324832e-16,-6.54213446872716e-17,3.42114779009895e-09,8.16530722263474e-17,3.65593129677014e-17,-7.63692986891299e-17,5.52672057424486e-16,-1.02984899037574e-08,1.19994223419101e-16,8.03481373835516e-17,-3.18027579297911e-16,7.95344267135977e-17,3.57163520506171e-17,1.74766431589634e-17,5.69342113711353e-16,-1.07153135014052e-16,2.76609741714586e-16,3.06914477308491e-16,-3.71220956242017e-17,1.22573214710671e-16,2.70113948049667e-17,-1.39676035154196e-16,-8.44016696005831e-17,1.05261312092221e-16,-3.34830027652845e-17
"t412",-0.0385165149441172,0.0285670716979164,-0.046174173534419,0.0174470638664508,0.00322684078851137,0.000266093522962465,-0.0049085438239067,0.0746128397496717,5.98223495314508e-05,-0.000116183082181513,1.94063704411337e-05,-0.0051840398540945,0.00924605727169487,-0.00137675977322791,0.000346914307179943,0.0412260025581069,-0.000713784024950099,0.000922108858336174,7.54686051203444e-06,-0.000286709623704634,0.251678043308814,0.0106860702902533,-0.000663606259804496,0.00425018991535957,-0.00065737066734768,0.000440285983987717,-0.000595539955725267,0.000604572806835609,-0.0139050788598562,0.00564187320994609,-1.53371101980989e-05,2.50457922062092e-05,-0.00750810594516316,1.82446465744887e-05,-1.00697103839949e-05,-1.63001391790231e-05,-0.000656292935818313,4.76932776043389e-06,3.92503533515604e-05,1.11739493740932e-05,0.000657697629210604,-0.000105076925558355,0.00113560678364606,-0.000136631240333943,0.0563235324114268,1.12563148697138e-05,-4.85532051753299e-06,3.7839592736004e-05,5.45553664047465e-06,-2.07464508042845e-05,0.000193730236677158,-1.94581535028272e-05,2.75840326712387e-08,-0.000639669616395409,3.76023605041577e-06,-3.98173510104609e-05,1.62302424495906e-06,-0.000109044681841968,3.70026198339813e-05,-0.000345493992669655,-4.53470754418967e-05,5.27740836924974e-06,-0.000171603352638255,9.12286673374836e-05,-6.46030980268326e-06,0.000150165641187258,-9.08854653699314e-07,3.17518505610492e-05,-8.63885941558976e-05,3.36277862447285e-05,-2.48454099798895e-05,0.000479406944324028,-3.15357453516755e-06,-0.000178408180165249,7.87176286654315e-05,1.95299539426553e-07,-0.00362021106141443,5.28943590485506e-06,-2.76742793721274e-05,-3.3669240709708e-05,1.03271014256943e-05,0.000156071373772379,-2.07344087915358e-05,-0.000133386539821532,8.99133282650083e-06,0.00156699090584426,-0.000479267857082052,-7.31631877762478e-06,-2.81592224935997e-06,0.00308579691037856,-2.76696859567573e-06,1.52515402795715e-05,1.63716840464396e-05,-0.00139856863861623,-3.21801183656432e-06,-0.0426158133046646,0.00167260531257724,0.241616057661873,0.00162539104092184,8.89198609826818e-05,1.08210348130991e-05,-5.01801308790019e-06,1.35129483074885e-05,-9.25465232447468e-07,3.56731060498108e-07,-3.63929877597346e-06,1.44226268781423e-05,-3.63073391180822e-06,1.92416265403909e-06,-3.21876756937794e-06,-1.66358413656347e-06,-2.82327656769182e-06,5.94612647109826e-06,-7.91832939645025e-07,8.68173639620782e-11,2.2126125129989e-07,-4.59387457236541e-07,8.2933742093542e-07,-1.1224460184813e-06,3.22456960205547e-06,-1.6836741656627e-05,3.76839625439341e-06,-3.94368945236327e-06,-1.08893300540839e-05,2.76901891960467e-05,-4.83017517678973e-05,3.66560210891887e-05,-1.22704215277204e-06,2.60474467229979e-06,8.59422392030994e-05,-1.43207767486313e-06,8.39650582573659e-06,-1.01314336369896e-05,-2.04214553042076e-06,3.32983344332705e-05,3.45539718993559e-06,-2.06516775013961e-08,-1.4034557154055e-05,4.46331101793537e-06,-1.28483402390977e-05,-8.25213334130984e-07,-3.20390216695643e-05,6.29320510862414e-06,4.16886686504374e-07,1.00743491300035e-05,-8.10962567577556e-08,-3.94145345391307e-06,6.79756065444088e-07,4.76695491791092e-08,-1.85453934277381e-07,-0.000221706303870359,-1.66858509815374e-06,-0.0173471311890809,-6.60029785087673e-06,-5.31819436583262e-07,-4.90083675179066e-08,7.57476925686724e-07,-5.20162784276101e-05,-2.43226678170475e-07,-8.05280801077018e-08,-3.88841709100511e-05,7.55497234363632e-07,-4.13228463756114e-07,-5.44155487403044e-05,6.3373847433839e-06,-2.26012002075167e-05,3.45531240988843e-06,5.91085095392694e-08,2.9394742412457e-06,3.92345249963187e-06,-4.65323705261292e-05,-1.098493716233e-05,7.04894694027266e-06,3.39562660507112e-07,5.94776884052346e-06,1.34059914800879e-07,5.31095213388605e-07,-4.04297867478227e-06,-5.7858360017804e-06,-0.00207347072446583,-5.26179839401139e-05,3.43959413227977e-05,-1.07922593401228e-06,-3.93366569967623e-08,-1.63660330300348e-07,-3.49358614633877e-07,-7.37227153832353e-06,3.37455650835096e-06,1.60795887863462e-05,-0.00245349727647839,-4.85392750491668e-08,1.77241712964131e-07,7.59727205586566e-07,1.04612196043184e-08,1.44713621202516e-07,-2.16546091830885e-07,-4.01871168668335e-07,-1.62295741087298e-05,2.41698959817982e-07,1.02134747933772e-07,1.01735420124697e-07,1.66218808165947e-05,-2.64175925567259e-09,-2.98031253395403e-06,-6.51130169939594e-07,-2.85623661386174e-05,3.90709045909707e-07,0.00010300229112588,-2.23808994079072e-06,-6.49369587819155e-08,-1.50474900193985e-06,-1.98635051617717e-06,0.000198238268402797,0.000185212556351377,0.327623666905159,-5.78777367457391e-06,0.000161547624843907,2.87383194425857e-07,-4.18618322311725e-07,-1.89957502430672e-06,-1.01025047725789e-05,9.76899070562472e-05,2.7945022586469e-06,8.98516600818577e-06,-2.20620351585212e-06,-1.12042321056033e-06,-1.18016767422286e-05,-7.88505473848667e-07,-1.21448389560135e-06,-9.4905286020626e-07,2.60327504367791e-05,4.05357489696235e-06,3.12179853508973e-07,5.21127954501693e-07,-2.70484400852184e-08,-1.85850301877564e-05,-2.26789789041869e-06,-2.44959803492392e-16,-3.67680697904708e-07,0.000189981030517868,-6.70943936336699e-07,-1.5671685531519e-05,-1.96864947740141e-06,9.8803282102153e-05,-3.74413009484333e-07,0.000101772073984362,-2.80852077059222e-08,1.93971015755188e-09,-3.09467034166524e-06,4.48713641955321e-06,-1.40446849275016e-07,1.91974766999912e-05,-8.8664770718317e-07,2.50221719450483e-06,-1.61427178280122e-07,9.97774332004288e-07,-1.28596196409058e-06,0.000584078173930735,4.11919500367723e-07,-8.01709137646098e-08,1.74578656495226e-06,-3.37418077180216e-07,3.69244063000339e-05,-1.83231038951053e-05,1.81852141681736e-07,-6.18533404418039e-08,7.17545477082139e-08,5.07368833752433e-06,-1.15804954308437e-05,7.56435344404163e-08,3.01770593983107e-08,-6.50512619609069e-08,5.62875299515954e-06,-4.99295810123883e-05,1.49711431428024e-06,-2.10791113198995e-05,0.000612163141393067,-8.66748083534483e-07,2.21749253307449e-06,-8.1141695857456e-07,4.40543158901344e-07,1.55612938484871e-15,-1.07444238253105e-06,-3.67326791878676e-08,-3.38919760631983e-10,-2.85495073414111e-06,4.86897606810069e-08,-2.93420137737617e-08,-2.87092186074801e-05,-0.501421589282406,-2.96082926860165e-06,6.52012451019299e-06,1.07588034541686e-07,-7.30488330499773e-08,9.2917920761026e-07,-1.114448651543e-06,2.42933622499579e-05,-4.993218686244e-07,4.3341315521318e-05,2.76142955970732e-08,1.49534766344773e-07,1.14834678667607e-06,-9.36754878104496e-06,2.20585179210052e-07,-8.40677807080322e-07,1.12456282454536e-06,-4.07339004855133e-06,2.53247207460148e-07,2.28565186936378e-07,1.7396366740309e-06,-2.9232410379738e-06,-2.33938875754231e-07,1.89813128774317e-06,-1.23706927728921e-06,3.05226281594225e-08,2.83152599876996e-07,-5.46598423830823e-07,-9.68198380902456e-17,1.60972092446078e-09,6.7760798981045e-06,-4.64369611681808e-06,4.50568179272887e-07,4.0308084374486e-07,1.17805562622721e-07,2.73339459840951e-07,-3.99939189490187e-06,1.4866757494992e-06,3.01473697263153e-16,-1.1418437818232e-06,-1.39270704527667e-08,-3.89897142902299e-08,1.29724672330805e-06,2.94653737727141e-07,-1.99667737465802e-08,-7.69536460710154e-07,2.06593618616287e-07,-6.99544320065977e-06,1.36954895078033e-06,-2.87616944418042e-07,-5.33431259226545e-07,-2.87481302047012e-08,-2.23344620471009e-07,-5.68286784541188e-07,2.48255311913841e-06,-6.69120666726234e-07,5.17762618929675e-16,-0.00908759159380032,-8.45034397431682e-06,-3.08857688195959e-08,2.36223420099685e-06,-3.18852618032373e-07,-1.20959775600766e-06,4.45872366252738e-06,-1.63101641892825e-05,-1.15899731108956e-07,2.91314873201103e-16,-2.17933373444844e-07,-6.07174536814405e-07,-2.82540156611632e-07,-2.22166100637451e-16,5.41467142790448e-07,7.08219753490692e-06,-1.08160293049553e-06,-4.44321649348843e-07,-1.48752133623182e-07,-7.97974440381327e-08,-2.85876361844197e-06,8.01235931910284e-08,8.51988460139171e-07,2.50037155530207e-07,1.87372115990768e-07,7.25775967302812e-05,-1.79116273093498e-16,-5.32719586899841e-06,3.30819463385329e-07,2.14411783493655e-06,-2.16416788244974e-07,-2.29515802087309e-16,-2.10298039692487e-07,2.05131167260554e-06,-9.4127543713989e-08,-8.36982929345923e-08,-2.11868261833648e-07,6.35984484560846e-05,-2.960737713474e-06,4.10070653908768e-07,-1.17657489436083e-16,1.4887546936452e-06,-1.49215405142766e-05,5.4986748360994e-06,1.83300743458421e-06,-1.86266112237098e-07,-1.25015316238963e-09,-7.90166543307436e-16,2.48944697197821e-16,-1.20557746556131e-09,-8.07716096180312e-06,1.06470221684781e-06,-2.0432035081636e-07,4.77955360542128e-16,-9.69311136511991e-08,-1.14447286784346e-09,-7.65720700508357e-18,-4.38069276975391e-17,3.51712704310876e-16,2.42511648484909e-07,7.15147309295187e-07,-1.03340787790762e-06,6.09919613952397e-07,3.04020193931118e-07,6.25088625729008e-07,-1.88857414519942e-06,-1.22182008616946e-16,-4.12843008954054e-07,1.50233206878114e-06,1.82290987872356e-16,8.13997640922992e-17,-7.27951384109397e-07,-5.63465820079785e-11,-3.23839454302362e-06,3.36456162342495e-07,1.71325466322288e-05,-2.28208557904183e-08,-1.96922283312931e-15,-7.67829506679552e-08,9.28720488993725e-17,-2.61753109235833e-07,4.805726129542e-16,-3.57780213385096e-06,-1.00608285081052e-16,3.72114952694734e-07,6.66975543974384e-07,3.08380884515033e-08,4.0550353237682e-07,1.39723450879132e-06,-1.20636352434562e-06,1.01903266611542e-06,5.09779974986144e-08,2.47992987338787e-07,2.28827845164227e-08,2.69931721568883e-06,-1.01579277422519e-06,-2.51644236576883e-07,-2.05062166816098e-08,-3.68683234918772e-06,-5.47999826742819e-17,4.63346642302749e-06,-8.06332096996921e-07,8.28416342767472e-08,4.02040916971104e-16,1.11680683181471e-08,3.14196449768938e-07,1.14800178291151e-06,-1.51867394788123e-16,-1.95721777997852e-06,-1.5991223833802e-07,1.03388372681093e-16,-2.21354688552528e-07,0.0204735022358131,6.92830327051891e-16,6.11393052123265e-16,1.82639953602671e-08,7.5575851526211e-09,-7.3000271703649e-11,-2.0407200238665e-07,8.40270579653016e-08,1.74737707403632e-07,2.48621260547746e-08,3.56833639816907e-07,-6.45401638656713e-07,-2.10524956842373e-16,9.38837626948502e-09,9.34653481998957e-10,2.60259259736112e-09,2.45950899972906e-07,-3.47496217932244e-16,1.74568075452039e-16,8.18649902450383e-08,-2.02768413440923e-16,-6.6026452248567e-17,5.40636421520271e-07,-6.07078419351633e-07,-7.85870536743156e-07,-6.61832881970521e-09,2.01062202385722e-05,4.41370597251127e-07,1.98583720762095e-08,-1.07899225535449e-16,4.90895117358853e-08,2.30006966759619e-09,1.0564639727213e-08,-7.43348858676239e-07,2.95030936303258e-06,-5.13987179176541e-16,-2.5276049092943e-16,2.15606850921594e-14,-3.73587497359284e-08,-1.24850747315806e-07,-1.04665274101761e-07,-5.87457184245765e-16,-9.59323642682791e-08,-6.10089724545941e-16,-5.24088071234176e-16,2.27612035751909e-06,-4.99801426403762e-08,-7.36390115552155e-16,-1.23139077601566e-07,-4.41773629164971e-07,1.83342400812262e-15,1.90585149926624e-07,1.69449747144078e-16,5.09702322128543e-08,-1.78320835983073e-17,5.08599496702686e-08,4.40299486890567e-07,1.10688177396072e-07,1.50020725783304e-08,1.03036367367095e-07,-2.68082353221538e-06,1.42568155996819e-07,2.18606255868065e-16,8.4292475171184e-06,-3.66684120047271e-07,6.46254787116181e-17,-3.63925555713409e-07,-1.42036125165553e-07,9.17096586700033e-06,7.01296606597227e-17,1.06053482201242e-07,9.73035474142231e-07,-5.51744163345904e-17,-3.50473434395599e-07,-7.75338140183227e-08,-2.80258602023394e-08,-2.66565027946688e-16,-9.27166183694736e-17,7.22838719502285e-08,2.21409365511737e-08,1.79144334573283e-09,-2.59016794897891e-07,1.31434450447612e-08,2.5916254534276e-17,-1.72755608322372e-16,4.79907792639499e-08,3.30802772863624e-10,9.92290175701953e-16,1.16009644958693e-07,-3.90668717441416e-17,4.1613768904758e-07,-2.22115952524605e-08,-1.29782619213911e-08,-8.60473778294795e-08,-1.423468971148e-15,-8.58792909910689e-17,5.87440636766872e-16,-1.0805455978031e-16,-4.7954827722005e-08,-6.62564179782179e-06,1.00586552692851e-15,1.38984989699883e-15,-6.16974568399337e-16,2.34116238358998e-07,8.38113694363239e-08,-1.15874592587705e-07,-2.41404968899248e-16,-9.39373091032175e-16,1.29643474774954e-16,-7.1804018541454e-07,1.52376010478999e-07,-1.82515134838361e-16,1.06320953409252e-06,-6.98885267967621e-07,-8.23452359399703e-16,-1.41425993062624e-15,-6.97388182856055e-08,-7.14531625139383e-10,-3.45558636997185e-08,-2.26885610529206e-16,3.88953777805294e-08,5.66545868012717e-08,6.08059202132499e-08,-5.5449756497491e-08,-1.97531512002367e-07,6.69114871132798e-07,-7.19443689617579e-16,3.88512691887236e-16,-8.22164127226951e-16,2.39634531331067e-06,-2.89981834323428e-07,-1.57988124039451e-08,-1.24544394632691e-08,5.98227908739349e-16,-2.95381060392969e-16,3.41495093164567e-16,-1.64693879243172e-15,-2.72612837889467e-17,4.13101146824731e-07,-3.53323494239354e-16,1.66083655576212e-16,-9.69565133945022e-09,-9.29935491920337e-16,-8.68137252792392e-09,7.19254435108535e-16,-1.07675776397939e-08,9.17664704207746e-17,-1.33339953196289e-08,-1.70693403931316e-09,-0.000908111446506629,-2.33638805571327e-16,4.92067078449396e-08,9.59107990378985e-16,7.22925052952597e-08,-8.86463206989176e-07,7.090165164711e-10,-2.11018590247908e-15,1.03588487856471e-07,-5.82606279373944e-16,-2.55014304009136e-08,-1.43949337717107e-07,-1.81939446556269e-15,-6.10769360744243e-16,-2.11002518016829e-15,7.34691381982401e-16,-4.83710501339985e-10,-6.30034518899376e-09,-1.40720699470829e-09,4.29162746574454e-16,-8.59987650246139e-16,-1.03227396976675e-07,6.27709357791024e-06,6.94651354415091e-16,1.45427956632085e-15,-6.42484454845527e-09,-2.34133805314061e-15,-4.55406839387971e-08,4.20471735933041e-15,4.30203182061739e-07,3.8305792237398e-15,-3.2383537550946e-15,-3.97363873429744e-15,-3.58492869538427e-15,4.48316055292523e-16,-7.70791104354155e-15,4.2726357920019e-07,-2.98812760946738e-06,4.82656718077356e-16,-3.8411139771756e-08,1.46131674293251e-07,-2.06772428082244e-14,-1.0148236053586e-14,8.67588882802971e-13,-0.707106781186549,1.44155232347738e-08,2.30547890982058e-09,-1.60387732404205e-13,5.76281273195475e-15,-2.61833635285121e-08,-9.34028835574956e-08,-9.77571899875541e-09,2.11044631590984e-14,1.35501808007663e-14,3.30145822625502e-15,-6.51267856777911e-15,-2.46274362863528e-14,-1.72907648707809e-15,5.52271906185979e-08,-5.22387489266432e-08,-1.0045364419663e-08,-4.66579947067842e-16,-3.44662564875064e-15,-1.46307346435917e-15,-5.27560055700984e-17,4.43011756457898e-15,6.99682477196532e-15,-2.56446605816539e-15,2.62062098676387e-15,2.68358050846729e-15,1.75312638871923e-15,-7.37916912359426e-16,-2.77796457466339e-15,-3.91095225998591e-15,6.45493224183608e-16,1.50710698245295e-06,1.56650521368045e-15,-9.17774790239224e-16,3.06630076414669e-16,5.39343998934113e-07,-9.40052472660296e-10,-6.21563252985072e-16,-1.03911992703303e-07,4.92883802875702e-07,-1.70565773279646e-15,-4.21389878172401e-15,-1.37548569853813e-07,1.86313054567567e-15,1.21344833744971e-08,2.01996691749196e-16,5.39657066724228e-16,1.06819713857792e-15,-7.0251844963807e-16,1.71853289894691e-09,-2.35989640439697e-07,4.20683515167945e-16,3.76511242469686e-16,-6.02223741284258e-16,-9.35020256963413e-16,7.71951946809679e-17,-2.43386153946968e-16,-6.20852595948264e-16,-5.49539166161856e-16,7.74261879302409e-07,1.31196541225749e-16,4.6720561197587e-16,7.28245900440039e-16,4.84937012896753e-15,-5.92160384146193e-18,-2.25392500100908e-16,-5.59938094006723e-08,-1.30455410897164e-15,1.00134037930741e-15,4.17461763721523e-08,-5.7736408010994e-16,-1.51971922143851e-15,1.84039204788243e-17,-4.01108664805819e-16,2.40274191470863e-07,3.15494256935158e-16,-2.56846897522556e-08,-1.17366456081728e-16,-1.39436953836263e-18,-1.06995342687153e-16,-8.67623471169105e-16,-2.10858702011002e-16,3.94580107973417e-16,9.27960520901591e-10,6.85757414927824e-17,6.17380758304793e-16,2.69499077415428e-07,-1.15827632597478e-07,3.8203405471138e-16,8.11320100582355e-08,1.18824395453138e-08,-6.02771574511285e-16,-2.34949851983446e-16,-2.34800562514856e-16,-1.44859873016585e-16,7.83993389837176e-16,-1.99495682574551e-08,-1.24709515323068e-17,2.81004585192228e-16,-7.36694584351027e-16,7.98589780481915e-09,1.92105151721241e-15,-4.67848063202848e-16,-2.52287997872612e-16,4.24525970148204e-16,-3.63788662160869e-09,4.76438345207808e-16,7.5538011113144e-09,5.50834279582278e-16,-8.91153071683748e-16,-4.15058359220857e-16,2.66646441068922e-16,-2.92826666335161e-16,8.03255272585993e-16,-2.01223759688039e-16,-1.69532224226243e-07,-3.75206092586209e-17,1.01498007461006e-16,5.50698284357033e-08,5.17458295460832e-16,-7.42851332394978e-16,-7.23466427241001e-16,-7.15684454668239e-17,4.91288461720492e-16,5.41023741459932e-16,-5.78363489822234e-08,-1.95155401568734e-16,1.49100823209647e-16,1.18822076785098e-07,-7.42804042795009e-16,-3.09625806809117e-17,2.81048339794362e-16,-2.69545152800722e-16,-3.01840160928957e-16,-3.49863517101598e-16,3.7817240345266e-16,7.56416360687332e-17,-7.16795658944095e-17,6.33309967622422e-16,-2.00152005225999e-16,-6.2307475659526e-08,2.67353333659412e-07,-1.03854002293211e-15,-5.58182962830837e-16,-2.91429818182185e-16,-8.42875953510722e-16,3.31874284997813e-16,1.72648971252632e-15,5.49828606109137e-16,1.16689784690282e-15,-2.59437941173078e-09,1.22595075705695e-16,-1.26113210019634e-16,2.05668400823251e-16,-8.21282711569865e-16,3.32158706227791e-09,3.06377396720634e-16,-2.70677513813995e-08,-2.7552245496569e-18,-3.80643668261137e-16,1.04523899645822e-17,1.21247789895593e-16,-3.04645312173827e-18,4.17038033995589e-16,-4.35285255723023e-16,5.72966510323253e-16,-3.2637101795891e-16,-2.22385707366326e-16,1.02943390384014e-16,6.13632489715876e-18,2.02123850409301e-16,-1.64461261040509e-16,-5.05030389395898e-16,-2.73458498400824e-16,7.6789037592916e-17,3.29715258876433e-16,-1.7207279696916e-16,1.56858862333127e-17,-4.39156089965254e-16,7.3447060375328e-17,-3.38869973536224e-16,9.90291410379702e-17,8.23409332802552e-17,2.50521255167785e-10,-3.7536486863111e-16,-7.50422846827988e-16,-2.44025104433329e-16,-2.10300181615887e-17,5.19755586905947e-16,-4.83976966588379e-17,2.78317975564866e-16,-2.16978687318968e-16,1.9122751165784e-16,-1.91477206147529e-16,-7.05381933419069e-16,7.40410019794848e-17,6.03269044596057e-17,-2.24151488787291e-16,2.56854269984957e-16,-5.84616537814333e-17,3.42146752237562e-16,-3.22437211845106e-09,-2.27635018372139e-16,-1.92340413716982e-17,-3.60030596062764e-16,-2.78846049293642e-16,5.73256941930886e-16,-1.2156412733848e-16,2.8046936115424e-17,-1.83017371605786e-16,-1.33711316248208e-16,6.83226198693552e-10,2.38007329748869e-16,2.90749650315979e-17,-5.98356185199389e-17,1.4743533465963e-16,2.70232710121404e-16,-2.87533403481887e-17,2.94463264134814e-17,-1.81393100036767e-16,-3.16183220412293e-16,6.66540928220303e-16,-1.38336751717607e-16,-3.86137375735425e-17,-5.36474770274247e-17,3.44737768967261e-09,3.31021835327005e-17,-1.89804141471429e-16,9.98279668973277e-17,-8.75493254282045e-17,-1.03771138887827e-08,8.92339979841483e-17,-4.05943789757691e-17,-5.59284949968858e-16,-1.36274335070874e-16,1.64418622999346e-16,9.13262328619252e-18,2.18339853176666e-17,2.23594336852045e-16,-5.83694925632948e-17,1.04078498296172e-16,-2.74936047499031e-17,-4.19795167858002e-17,5.0332104973781e-17,-2.58762767640352e-17,1.09370870335116e-16,1.87133692899639e-16,-7.64753311252629e-17
"t413",-0.0385165149441172,0.0285670716979164,-0.046174173534419,0.0174470638664508,0.00322684078851138,0.000266093522962456,-0.0049085438239067,0.0746128397496717,5.98223495314587e-05,-0.000116183082181503,1.94063704411547e-05,-0.00518403985409448,0.00924605727169486,-0.0013767597732279,0.000346914307179938,0.0412260025581069,-0.000713784024950111,0.000922108858336178,7.54686051204355e-06,-0.000286709623704627,0.251678043308814,0.0106860702902533,-0.000663606259804477,0.00425018991535956,-0.000657370667347706,0.000440285983987697,-0.000595539955725278,0.000604572806835602,-0.0139050788598562,0.00564187320994608,-1.53371101980947e-05,2.50457922062099e-05,-0.00750810594516316,1.82446465744458e-05,-1.00697103839788e-05,-1.63001391790418e-05,-0.000656292935818307,4.76932776040392e-06,3.925035335156e-05,1.1173949374102e-05,0.000657697629210615,-0.000105076925558323,0.00113560678364606,-0.000136631240333905,0.0563235324114268,1.12563148696745e-05,-4.85532051753915e-06,3.78395927359697e-05,5.45553664047805e-06,-2.07464508042291e-05,0.000193730236677153,-1.94581535028384e-05,2.75840326988811e-08,-0.000639669616395431,3.76023605050634e-06,-3.98173510104527e-05,1.62302424497682e-06,-0.000109044681841958,3.7002619833968e-05,-0.000345493992669593,-4.53470754421196e-05,5.27740836909584e-06,-0.000171603352638314,9.12286673374242e-05,-6.46030980268257e-06,0.00015016564118725,-9.08854653939284e-07,3.17518505610588e-05,-8.63885941558846e-05,3.36277862447295e-05,-2.48454099798684e-05,0.000479406944324064,-3.15357453495732e-06,-0.000178408180165349,7.87176286654863e-05,1.95299539573234e-07,-0.00362021106141442,5.28943590496744e-06,-2.76742793718653e-05,-3.36692407095489e-05,1.03271014256838e-05,0.000156071373772404,-2.07344087916613e-05,-0.000133386539821393,8.99133282645133e-06,0.00156699090584428,-0.00047926785708207,-7.3163187774913e-06,-2.81592224956919e-06,0.00308579691037859,-2.76696859558351e-06,1.52515402795004e-05,1.6371684046432e-05,-0.00139856863861613,-3.21801183665066e-06,-0.0426158133046644,0.00167260531257732,0.241616057661874,0.00162539104092171,8.89198609826542e-05,1.08210348132775e-05,-5.0180130877817e-06,1.35129483074658e-05,-9.25465232604601e-07,3.56731060636623e-07,-3.63929877587136e-06,1.44226268785193e-05,-3.63073391173008e-06,1.92416265392815e-06,-3.21876756939396e-06,-1.66358413656167e-06,-2.82327656742583e-06,5.94612647105062e-06,-7.91832939758796e-07,8.68173326946205e-11,2.21261251424336e-07,-4.59387457243519e-07,8.29337420925279e-07,-1.12244601854209e-06,3.22456960200816e-06,-1.68367416566222e-05,3.76839625433954e-06,-3.94368945234745e-06,-1.08893300540636e-05,2.76901891961442e-05,-4.83017517678247e-05,3.66560210892496e-05,-1.22704215273454e-06,2.60474467228222e-06,8.59422392032137e-05,-1.43207767492054e-06,8.39650582580087e-06,-1.01314336370018e-05,-2.04214553031626e-06,3.32983344333363e-05,3.4553971900284e-06,-2.06516774785493e-08,-1.4034557153862e-05,4.46331101790362e-06,-1.28483402389824e-05,-8.25213334245371e-07,-3.20390216695479e-05,6.29320510850761e-06,4.16886686590725e-07,1.0074349129997e-05,-8.10962566230122e-08,-3.94145345383588e-06,6.79756065560962e-07,4.7669548971502e-08,-1.85453934317595e-07,-0.000221706303870527,-1.66858509812967e-06,-0.0173471311890811,-6.60029785085259e-06,-5.31819436484969e-07,-4.90083675017927e-08,7.57476925621686e-07,-5.20162784274921e-05,-2.43226678157066e-07,-8.05280801122457e-08,-3.88841709102614e-05,7.55497234486996e-07,-4.13228463728504e-07,-5.44155487403503e-05,6.33738474354802e-06,-2.26012002076565e-05,3.45531241024866e-06,5.91085093964298e-08,2.93947424160503e-06,3.92345249972824e-06,-4.65323705262075e-05,-1.09849371623873e-05,7.04894694034354e-06,3.3956266042854e-07,5.94776884051812e-06,1.34059914803231e-07,5.3109521344561e-07,-4.04297867473941e-06,-5.78583600174319e-06,-0.00207347072446564,-5.26179839401197e-05,3.4395941322752e-05,-1.07922593403653e-06,-3.9336656914275e-08,-1.63660330203184e-07,-3.4935861476844e-07,-7.37227153832104e-06,3.37455650835488e-06,1.60795887861688e-05,-0.00245349727647827,-4.85392750259595e-08,1.77241712796998e-07,7.59727205248134e-07,1.04612197225743e-08,1.44713621207034e-07,-2.16546091825749e-07,-4.01871168746983e-07,-1.62295741088317e-05,2.41698959778709e-07,1.02134748036152e-07,1.01735420158065e-07,1.66218808167279e-05,-2.64175918337359e-09,-2.98031253409158e-06,-6.51130169800341e-07,-2.85623661387272e-05,3.90709045839323e-07,0.000103002291125846,-2.23808994077784e-06,-6.49369590627189e-08,-1.50474900183808e-06,-1.98635051641711e-06,0.000198238268402506,0.000185212556351205,0.327623666905159,-5.78777367468689e-06,0.000161547624843859,2.87383194501827e-07,-4.18618321529998e-07,-1.89957502419359e-06,-1.01025047725103e-05,9.76899070561217e-05,2.79450225855086e-06,8.98516600816159e-06,-2.20620351607623e-06,-1.12042321057852e-06,-1.18016767424069e-05,-7.88505473646425e-07,-1.21448389570967e-06,-9.49052860129765e-07,2.60327504363431e-05,4.05357489695012e-06,3.12179853514032e-07,5.21127954391974e-07,-2.70484399310677e-08,-1.85850301876203e-05,-2.26789789035505e-06,-2.92436373103997e-16,-3.67680697740135e-07,0.000189981030517863,-6.70943936408807e-07,-1.56716855318502e-05,-1.96864947740876e-06,9.88032821027074e-05,-3.74413009382453e-07,0.000101772073984471,-2.8085207690115e-08,1.9397101794851e-09,-3.09467034171001e-06,4.48713641965076e-06,-1.40446849360684e-07,1.91974766998113e-05,-8.86647706907946e-07,2.50221719417617e-06,-1.61427178376806e-07,9.97774332052314e-07,-1.28596196408392e-06,0.000584078173931039,4.11919500451891e-07,-8.01709137470553e-08,1.74578656518443e-06,-3.37418077382228e-07,3.69244062998708e-05,-1.83231038952784e-05,1.81852141625442e-07,-6.18533405412219e-08,7.17545475487313e-08,5.0736883375317e-06,-1.15804954306412e-05,7.56435344770649e-08,3.01770595563578e-08,-6.505126199024e-08,5.62875299529677e-06,-4.99295810119003e-05,1.49711431425809e-06,-2.10791113199479e-05,0.00061216314139347,-8.66748083513567e-07,2.21749253263e-06,-8.11416958469546e-07,4.40543158674368e-07,1.59217009756781e-15,-1.07444238243882e-06,-3.67326785662617e-08,-3.38919753914078e-10,-2.85495073409506e-06,4.86897606167933e-08,-2.93420136692154e-08,-2.87092186072474e-05,-0.501421589282405,-2.96082926852468e-06,6.52012451028881e-06,1.07588034348125e-07,-7.30488331997657e-08,9.29179207732576e-07,-1.11444865122776e-06,2.42933622495855e-05,-4.9932186838646e-07,4.33413155220213e-05,2.76142957100882e-08,1.49534766450922e-07,1.14834678671953e-06,-9.36754878076424e-06,2.20585179309875e-07,-8.40677807222782e-07,1.12456282443394e-06,-4.07339004847963e-06,2.5324720734782e-07,2.28565187165493e-07,1.73963667367227e-06,-2.92324103785046e-06,-2.3393887558532e-07,1.89813128731611e-06,-1.23706927735726e-06,3.05226279570518e-08,2.83152600006197e-07,-5.4659842405095e-07,1.04320122636388e-16,1.6097212473728e-09,6.77607989764336e-06,-4.64369611634537e-06,4.50568179269457e-07,4.0308084368005e-07,1.17805562672686e-07,2.73339459758943e-07,-3.99939189486264e-06,1.48667574930696e-06,1.84056480863457e-16,-1.14184378185895e-06,-1.39270706776624e-08,-3.89897143936998e-08,1.29724672307644e-06,2.94653737549703e-07,-1.99667736588001e-08,-7.69536460573264e-07,2.06593618830224e-07,-6.99544320068174e-06,1.36954895076391e-06,-2.87616944084742e-07,-5.33431259157989e-07,-2.8748130256155e-08,-2.23344620136397e-07,-5.68286784566984e-07,2.48255311925314e-06,-6.69120666833861e-07,1.3372790274003e-15,-0.0090875915938008,-8.45034397432744e-06,-3.08857690867165e-08,2.36223420304425e-06,-3.18852618156984e-07,-1.20959775635817e-06,4.45872366266867e-06,-1.63101641892623e-05,-1.15899730473013e-07,-4.1963589258784e-17,-2.17933372892662e-07,-6.07174536904186e-07,-2.82540156257441e-07,2.13078743261676e-16,5.4146714299943e-07,7.08219753494629e-06,-1.08160293081873e-06,-4.44321649782287e-07,-1.48752133836386e-07,-7.97974443919967e-08,-2.85876361810297e-06,8.01235929924883e-08,8.5198846023935e-07,2.50037155784393e-07,1.8737211565333e-07,7.25775967303448e-05,1.12512411950837e-16,-5.32719586924912e-06,3.30819463017043e-07,2.14411783459515e-06,-2.16416788442017e-07,3.39724372100442e-18,-2.10298039827811e-07,2.05131167263842e-06,-9.4127543795405e-08,-8.36982929734918e-08,-2.11868262167553e-07,6.35984484548598e-05,-2.96073771373329e-06,4.10070653463832e-07,2.40860582115292e-16,1.48875469394206e-06,-1.49215405140568e-05,5.49867483631573e-06,1.83300743443594e-06,-1.86266112149163e-07,-1.25015318079383e-09,-3.22658566531686e-16,-3.41398717688917e-16,-1.20557734772855e-09,-8.07716096269738e-06,1.06470221762402e-06,-2.0432035109708e-07,5.78097767061228e-16,-9.69311137463748e-08,-1.14447269758865e-09,1.19795134892942e-16,2.84723158549582e-17,6.5921338607926e-17,2.42511649093667e-07,7.15147309053518e-07,-1.03340787843461e-06,6.09919614246425e-07,3.0402019318018e-07,6.25088625521512e-07,-1.8885741449441e-06,2.3314320222162e-16,-4.12843008694273e-07,1.50233206837233e-06,-4.58909371458583e-16,-1.54089532362108e-17,-7.27951383989727e-07,-5.63470040550938e-11,-3.23839454348535e-06,3.36456161876109e-07,1.71325466333307e-05,-2.28208553006823e-08,-2.83451781072649e-15,-7.67829508879974e-08,7.18095925603273e-18,-2.6175310898414e-07,-1.31571999389263e-15,-3.57780213201518e-06,-5.51925228298208e-17,3.72114953946534e-07,6.669755438546e-07,3.08380885494344e-08,4.05503531699847e-07,1.39723450879729e-06,-1.20636352520344e-06,1.01903266642438e-06,5.09779978610584e-08,2.47992987253922e-07,2.28827853698349e-08,2.69931721551009e-06,-1.01579277401139e-06,-2.51644236206678e-07,-2.05062174789839e-08,-3.68683234941481e-06,9.96500743943063e-17,4.63346642244739e-06,-8.06332097007275e-07,8.28416348372661e-08,4.3811928078702e-16,1.11680686904682e-08,3.14196449619276e-07,1.14800178331128e-06,5.77647255309843e-17,-1.95721778002482e-06,-1.59912239158846e-07,1.82860360898561e-16,-2.21354688708444e-07,0.0204735022358116,1.92966949084399e-16,-8.28252224312464e-16,1.82639953842905e-08,7.55758455721974e-09,-7.30000188660581e-11,-2.04072002355692e-07,8.4027058034693e-08,1.74737707277446e-07,2.48621256961732e-08,3.56833639336809e-07,-6.4540163883809e-07,1.2161766819313e-15,9.38837652245482e-09,9.3465258414383e-10,2.60259261060131e-09,2.45950898760477e-07,2.3225361501362e-16,-4.36607908123242e-16,8.186499014965e-08,1.530760711902e-16,1.08307768810347e-16,5.40636421368654e-07,-6.07078419885734e-07,-7.85870536710232e-07,-6.61832875781634e-09,2.01062202383175e-05,4.4137059735573e-07,1.98583719435029e-08,1.5530214161968e-16,4.90895116269556e-08,2.30006962329697e-09,1.05646393599035e-08,-7.4334885900596e-07,2.95030936279658e-06,4.70956978086546e-16,3.02931895578582e-16,2.19351140966679e-14,-3.73587497892857e-08,-1.2485074724309e-07,-1.04665274603346e-07,-5.68290501123943e-16,-9.59323638334531e-08,6.9413772631833e-16,4.52577545924459e-16,2.27612035767709e-06,-4.99801425041701e-08,1.70002900645727e-16,-1.23139077239769e-07,-4.41773629369552e-07,2.45828461018052e-16,1.90585150403803e-07,2.10202978832237e-17,5.09702324127615e-08,-1.3965038061848e-16,5.08599492050091e-08,4.40299487177744e-07,1.10688177808497e-07,1.50020723908316e-08,1.03036366958769e-07,-2.6808235323134e-06,1.42568156395153e-07,4.61528103567216e-17,8.42924751588605e-06,-3.66684120098437e-07,-9.17142568894056e-18,-3.63925557667768e-07,-1.42036125645424e-07,9.17096586501849e-06,-2.83270157229315e-16,1.06053481630651e-07,9.73035474526655e-07,1.23406945606561e-16,-3.50473433893891e-07,-7.75338157320446e-08,-2.80258601849538e-08,-1.41292815778126e-16,1.25122673248852e-16,7.22838722018449e-08,2.21409371309511e-08,1.79144330979937e-09,-2.59016795165062e-07,1.31434435992975e-08,6.16147044664284e-17,1.45209046253079e-16,4.79907783055134e-08,3.30804019203421e-10,-9.37119191183064e-16,1.16009645800645e-07,-2.88913013321643e-17,4.1613768787017e-07,-2.22115943269244e-08,-1.29782617519632e-08,-8.60473783112295e-08,-6.37031055353374e-16,5.05823631218981e-17,-3.21041699756398e-16,-3.70004061996095e-17,-4.79548278242186e-08,-6.62564179415539e-06,-7.67371622461711e-16,-1.62491810020747e-15,6.43551129195552e-16,2.34116237696771e-07,8.38113699103691e-08,-1.15874592458102e-07,2.58955696927618e-16,7.66747776381749e-16,-3.00933865500508e-16,-7.18040185066235e-07,1.52376011198876e-07,8.61358538617386e-16,1.06320953074448e-06,-6.98885267584855e-07,8.38459661951576e-16,1.35846808228618e-15,-6.9738819501293e-08,-7.14531444290798e-10,-3.4555863967108e-08,1.89806852243051e-16,3.88953777273449e-08,5.66545859960947e-08,6.08059209880889e-08,-5.54497573509233e-08,-1.97531514927947e-07,6.69114871379265e-07,7.96601590108354e-16,-6.48975696730232e-16,1.11104778546286e-15,2.39634531436738e-06,-2.89981834075908e-07,-1.57988124934115e-08,-1.24544395916912e-08,-6.16824125196245e-16,8.09509064556067e-17,-2.67264023575673e-17,1.57729631185752e-15,-5.83538260018566e-16,4.1310114637889e-07,4.25527845141209e-16,4.66670135051181e-17,-9.69564933731676e-09,8.97594244775606e-16,-8.68136861329355e-09,-6.2923887238012e-16,-1.07675792315537e-08,-4.95205530967768e-17,-1.33339960957967e-08,-1.70693557866891e-09,-0.000908111446506864,-5.02510665514922e-16,4.92067046569893e-08,-9.45130831873565e-16,7.2292506417742e-08,-8.86463205604282e-07,7.09015512994483e-10,1.84172829046428e-15,1.03588489375889e-07,4.98036487079336e-16,-2.55014310579112e-08,-1.43949339877989e-07,1.66683061984916e-15,5.57007657190138e-16,2.19507615768721e-15,-6.87119008011168e-16,-4.83712334417652e-10,-6.30034469885485e-09,-1.4071997562685e-09,-3.9441168796905e-16,8.68872444516656e-16,-1.03227397052272e-07,6.2770935803819e-06,-3.64026175280648e-16,-1.68930580062183e-15,-6.42485038475228e-09,2.41119597773327e-15,-4.55406805236104e-08,-3.26356882835717e-15,4.30203179726236e-07,-3.71193193510668e-15,3.25770820249297e-15,3.94453247335797e-15,3.51264221931405e-15,-4.63072945820152e-16,7.93086503787828e-15,4.27263549127924e-07,-2.98812762583893e-06,-5.5825693915349e-16,-3.84111373486131e-08,1.46131695895186e-07,2.05969392518646e-14,1.01657670084442e-14,-8.67664191402252e-13,0.707106781186549,1.44130026546844e-08,2.30542360746963e-09,1.59538485526802e-13,-5.80115741871414e-15,-2.61833839163777e-08,-9.34028865566577e-08,-9.7757098720556e-09,-2.12339529790809e-14,-1.36808139165755e-14,-3.13423764680725e-15,6.35395274175614e-15,2.46709983447009e-14,1.71492671623758e-15,5.52271836558991e-08,-5.22387470838617e-08,-1.00453640312403e-08,4.08880789225156e-16,3.30679045057335e-15,1.31465160025035e-15,6.2986382958521e-17,-4.18821894201164e-15,-7.0952557398757e-15,2.60090209728853e-15,-2.54628802643632e-15,-2.60175035219437e-15,-1.8018522267011e-15,8.73580004551812e-16,2.80177151545388e-15,3.92500426127691e-15,-6.54965718455861e-16,1.50710697977329e-06,-1.43826508000154e-15,8.44704271600357e-16,-3.44616383728976e-16,5.39344003087683e-07,-9.40047353395096e-10,6.63610714588288e-16,-1.03912001329331e-07,4.92883806792072e-07,1.70568312035759e-15,4.13115264333393e-15,-1.37548578474505e-07,-2.03662693185794e-15,1.21344846254484e-08,-1.55639385302467e-16,-6.80553892624117e-16,-1.0560406548008e-15,8.53129447673108e-16,1.71853391951905e-09,-2.3598964560895e-07,-5.64747899444191e-16,-4.41899438571404e-16,6.26933330530951e-16,7.94512601205838e-16,1.25767452008319e-17,1.48332270602984e-16,6.55001934245663e-16,7.54791247978166e-16,7.74261877759299e-07,-1.63389522243707e-16,-4.57528269500306e-16,-7.58437088464976e-16,-5.67526038298179e-15,-1.81678155424804e-16,5.05979391688767e-17,-5.59938104347125e-08,1.38360918992485e-15,-9.83195764699777e-16,4.17461763165916e-08,7.92393246340934e-16,1.12825774151671e-15,-5.09129010806849e-17,4.0936436480879e-16,2.40274192418092e-07,-2.75176394389832e-16,-2.56846883617375e-08,2.27030748644616e-16,-2.11129430251739e-16,3.92015582511266e-16,-3.37608486292488e-16,2.51101702528179e-16,-3.16656429094841e-16,9.27960382678567e-10,-2.11613280072725e-16,-7.14875866746685e-16,2.69499075550355e-07,-1.15827632151608e-07,-3.87209467911403e-16,8.11320096492946e-08,1.18824390890561e-08,5.98520221422586e-16,4.74118310326427e-16,2.21662865226999e-16,1.93116932868677e-16,-7.52880182918726e-16,-1.99495685869526e-08,-1.25354736454097e-16,-2.30123894301222e-16,6.07321105262748e-16,7.98589893106916e-09,-2.1341696880365e-15,6.01382469649974e-16,5.1933569513772e-16,-3.96290229760948e-16,-3.63788727494848e-09,-6.8077160644734e-16,7.55380058906148e-09,-5.00588614862483e-16,9.88772184566082e-16,5.82869739188891e-16,-2.77861336318609e-16,1.28739432014674e-16,-5.71725123793385e-16,1.04020352493416e-16,-1.69532224919801e-07,-2.59693727899098e-16,-2.84970260203372e-16,5.50698283170853e-08,-8.40236407951133e-16,7.29464256033213e-16,7.22456121220684e-16,1.06958377191928e-16,-4.31498265022866e-16,-6.29358168461924e-16,-5.78363498110033e-08,6.21125182364427e-17,5.20114521835628e-17,1.18822076950238e-07,5.94139598646908e-16,3.13192693541813e-16,-9.72766293151199e-17,2.38535301064092e-16,2.06346487378233e-16,8.38227899630112e-16,-4.24993190563415e-16,-1.95271339455953e-16,1.06799075621979e-16,-7.26566460688997e-16,1.30266805082365e-16,-6.23074759973453e-08,2.67353333697006e-07,9.09952942784201e-16,7.04238888545158e-16,2.92990422405018e-16,6.71411719259448e-16,-2.02312125385795e-16,-1.69837398774669e-15,-3.99841797354576e-16,-4.40994809418037e-16,-2.59437887089269e-09,-5.22902611453175e-17,3.60019790243688e-17,-2.74808251759872e-16,9.35690924969447e-16,3.32158747975152e-09,-1.46533210763287e-16,-2.70677509767363e-08,-5.35192468659646e-17,1.67023762977307e-16,-3.35231389028448e-16,-1.64034457044838e-16,-6.11402802185004e-17,-3.59921801195982e-16,4.25188740994557e-16,-6.69308254903716e-16,3.69328550145701e-16,2.49111504726299e-16,3.02490632335509e-17,-6.93066536293826e-17,-2.04024932160209e-16,1.95198356016094e-16,5.08751061100863e-16,2.46719389544283e-16,-1.78529159222974e-16,-3.17207578682219e-16,2.05969856966621e-16,5.74056311209563e-16,7.12402142485913e-16,-8.70082435956058e-17,5.6792961847634e-16,-1.05900736041772e-16,3.07363409428564e-17,2.50521621658615e-10,4.53258919840432e-16,5.74282472569121e-16,1.66056993202936e-16,-1.01715750930547e-16,-1.49731300693139e-16,-1.90917281821134e-17,-1.54267557339726e-16,2.47323263076435e-16,-1.94491070572568e-16,1.65460681168006e-16,6.5935755119706e-16,7.10200399314693e-18,-4.30124181932721e-17,1.7890215780546e-16,-4.06881738946445e-16,-1.92479748173447e-16,-2.85902157067288e-16,-3.22437261949823e-09,1.31187084748942e-16,3.6911751986055e-17,-2.04114430001393e-17,1.63149619547848e-16,-1.44480502874182e-16,1.66023319823222e-16,9.32449453803833e-17,1.56159389699126e-16,6.19684676894835e-17,6.83226450869174e-10,1.18921273628493e-16,1.31685416433009e-16,1.83976698750379e-16,-1.22996494996143e-16,-3.89556289731089e-16,-8.70534060293857e-17,-4.6159804620115e-17,1.30841511529161e-16,1.72118098723833e-16,-3.5919673681588e-16,1.19470144723389e-16,6.67885912511985e-17,8.50451273183753e-17,3.44737765411133e-09,3.75377448923583e-17,4.46457625025409e-17,-2.54272740193719e-16,5.19983361924048e-16,-1.03771135245681e-08,7.22136358587318e-18,-4.7216152742025e-17,3.82084149496524e-16,5.21976619107229e-18,6.76710189778325e-17,-1.05306738323585e-17,1.0604800715114e-16,-1.19241249526003e-16,1.13893690535648e-16,-2.65264196749989e-16,2.31475632532705e-16,4.67200197730505e-17,-1.48542528777636e-16,-1.12440849734675e-17,-6.50476600200407e-17,-6.7465611582308e-17,-2.14496244985031e-16
"t924",-0.0383989128552342,0.0283820102263222,-0.0458652476557746,0.0172899100273536,0.00319111094300051,0.000262623679416869,-0.00484324705557595,0.0735391165552634,5.88004060756861e-05,-0.000113759302451425,1.88870942742924e-05,-0.00501105423466462,0.00892790568490958,-0.00132862094366329,0.000334218403082985,0.0396215726631205,-0.000685290805380201,0.000884580482928828,7.23203434959134e-06,-0.00027362536322086,0.239165220123513,0.0100319151728599,-0.000620421673554544,0.00397182798978731,-0.000614125972861811,0.000409757154582054,-0.00055369172656759,0.000561656521482929,-0.0128878089327583,0.00514175494387775,-1.38707804002355e-05,2.252127506983e-05,-0.00668522356624092,1.61292269493442e-05,-8.82851783873721e-06,-1.40890381428791e-05,-0.000565842592714328,4.09878514528088e-06,3.36843364377935e-05,9.55934827134023e-06,0.00055915533081503,-8.88400775008474e-05,0.00095673257386858,-0.0001150757913483,0.0472353345258433,9.28570178425283e-06,-3.98423930905253e-06,3.0972677834803e-05,4.43344240975589e-06,-1.67246392611735e-05,0.000154446866123724,-1.54297287987328e-05,2.18559683053545e-08,-0.000503378396981376,2.91811036860271e-06,-3.08330189398732e-05,1.20493720614735e-06,-7.99395783550526e-05,2.70845400401785e-05,-0.000244571375064363,-3.12224752567927e-05,3.58091376160625e-06,-0.000115015539404425,6.09519627382156e-05,-4.21239427174646e-06,9.5657194884201e-05,-5.46911904655128e-07,1.85718709249572e-05,-4.98359038793206e-05,1.88998002202227e-05,-1.17952223886782e-05,0.000189992149354175,-1.20823760998055e-06,-6.33162057463875e-05,2.76496818224607e-05,6.61092320167407e-08,-0.00120678410311619,1.62561728754603e-06,-6.75000729283868e-06,-7.2824845186829e-06,1.71605988326801e-06,2.41562892978416e-05,-1.34986528414792e-06,-4.75344953176893e-06,-9.52538590902197e-07,-0.000234359061450268,9.4028956246323e-05,1.49254693744721e-06,5.80231688851562e-07,-0.000651816409258687,6.36562258284881e-07,-6.57657281781738e-06,-7.40141431713745e-06,0.000847177026717942,3.01952816258866e-06,0.042536378905079,-0.00167428441653057,-0.282197359526297,-0.00200903347729965,-0.000136001218047065,-1.97197405422024e-05,9.28989238087763e-06,-2.54658575655443e-05,4.39907787343749e-06,-1.85333614957471e-06,2.03366427650262e-05,-9.26074853918704e-05,2.42951902948577e-05,-1.38953596472933e-05,2.63167076158514e-05,1.42002780037528e-05,3.22438546623219e-05,-7.06684476235023e-05,5.5849792438631e-05,-2.12097022768627e-07,7.74284912910915e-06,-1.11757380789821e-05,1.11730886035906e-05,-1.07328255856788e-05,2.54452927479458e-05,-0.000121065577366639,2.08393274145089e-05,-1.90036678579451e-05,-5.22156475912811e-05,0.000130374054644047,-0.000201201397980675,0.000151225490127608,-4.59880609182167e-06,7.58652981949124e-06,0.000249628431599355,-4.07731567586356e-06,2.01972015888283e-05,-2.35417337705569e-05,-4.62543457487655e-06,6.75254668627388e-05,6.89411671101208e-06,-3.06771706215287e-08,-1.44419413860871e-05,1.07811930033296e-06,-2.75991061108247e-06,-3.74214492738247e-08,1.48548708179999e-06,-1.27401612057143e-06,-1.10523334158659e-07,-2.67944918531266e-06,6.2861012886409e-08,9.04177302636421e-06,-3.7965681591223e-06,-3.39454136637085e-07,2.53256766679988e-06,0.00322735449635243,3.45487551603531e-05,0.466068245707579,0.000260281615395925,-9.31333519756418e-06,-7.29955408812572e-07,1.02543513953144e-05,-0.000297147545840342,-1.27432078339404e-06,-4.17005655465056e-07,-0.000189928932503594,3.65036791060185e-06,-1.87872695905013e-06,-0.000245755376026638,2.72595929511245e-05,-9.33748028015686e-05,1.30464995006968e-05,2.22598886308037e-07,1.10625118926224e-05,1.46220457042864e-05,-0.000171543319734733,-4.04349656817648e-05,2.5440691068261e-05,1.2184862939349e-06,2.10920176085803e-05,4.74083901172093e-07,1.87550323595542e-06,-1.39408158107924e-05,-1.95393612070995e-05,-0.00697972396177107,-0.000176593893483683,0.000114479735125854,-3.58116220016438e-06,-1.30158055076548e-07,-5.40118289634662e-07,-1.14368083581884e-06,-2.40894936490689e-05,1.08764773845209e-05,5.1805979409634e-05,-0.00787614465850225,-1.54628401310719e-07,5.62514738048367e-07,2.40941300502954e-06,3.31598735849448e-08,4.58744908286946e-07,-6.88300817869561e-07,-1.2787791122544e-06,-5.17996912418386e-05,7.72876182763183e-07,3.34637257982102e-07,3.33882355199515e-07,5.55196087933789e-05,-9.02876886685056e-09,-1.11616647321032e-05,-2.44002589823144e-06,-0.00010837303283297,1.54987544603465e-06,0.000424439220071837,-1.06759487712188e-05,-4.61875580946062e-07,-4.49604263630307e-05,0.000101124425359862,-0.000257426222020357,-6.49817265690478e-06,-0.00438148247562069,-2.82876155834756e-06,0.000184645797651926,3.50404849679893e-07,-6.29246844349819e-07,-3.09045729412717e-06,-1.67840346077804e-05,0.000173200191707745,5.0134965889619e-06,1.63110922751101e-05,-4.12679959244506e-06,-2.1066475968564e-06,-2.22170525902829e-05,-1.52016152933856e-06,-2.36958673710623e-06,-1.87337236271948e-06,5.16340285344407e-05,8.07775588077863e-06,6.24690636319509e-07,1.04399890065268e-06,-5.47233557088425e-08,-3.78107484150084e-05,-4.64005759727445e-06,6.81719493006654e-17,-7.57898783435577e-07,0.000392161474329622,-1.3977584881689e-06,-3.2861171117208e-05,-4.14886326003293e-06,0.00020828618529785,-7.96267579104841e-07,0.00021674728765275,-5.98528491092568e-08,4.14645076274214e-09,-6.62888875430781e-06,9.64694914059061e-06,-3.02434071082062e-07,4.13665603275254e-05,-1.91739409509355e-06,5.49111460117908e-06,-3.56089479365562e-07,2.21053886980949e-06,-2.87645642973597e-06,0.00130738050535424,9.284277427176e-07,-1.81417517474737e-07,3.97357460983849e-06,-7.69461840872536e-07,8.43744286855092e-05,-4.19888308394672e-05,4.18532797395921e-07,-1.42426853183659e-07,1.67163622113947e-07,1.1823271763701e-05,-2.69946576078057e-05,1.76923919743149e-07,7.067197053607e-08,-1.52980070217901e-07,1.32475330951163e-05,-0.000121025728423251,3.64292955960997e-06,-5.14551706631864e-05,0.00150596103094887,-2.1466944507608e-06,5.589552267045e-06,-2.05743912515511e-06,1.12265323026394e-06,-6.67822267108002e-17,-2.79355351794442e-06,-9.57976482062297e-08,-8.9352961660465e-10,-7.78074775429079e-06,1.38582154321076e-07,-8.60315481429101e-08,-8.57241634038999e-05,0.000265546200857893,-1.82838773802997e-06,4.79062198330626e-06,1.75958102462294e-07,-1.58236244252023e-07,2.04831958696629e-06,-2.48285080268624e-06,5.56856008779694e-05,-1.22512648024776e-06,0.000108599805409718,6.92734685985738e-08,3.75254040489305e-07,3.018532184311e-06,-2.594196017403e-05,6.15068325729597e-07,-2.3679833470801e-06,3.20756659740008e-06,-1.16638952967087e-05,7.50090817116493e-07,6.78776321987708e-07,5.19153894274067e-06,-8.75316931239216e-06,-7.08413266802491e-07,5.82176952557901e-06,-3.84056254415937e-06,9.52729937948756e-08,8.92104566295306e-07,-1.75785245484238e-06,-1.94788944338399e-16,6.01501769269613e-09,2.57787665732798e-05,-1.81705697904461e-05,1.7645646989063e-06,1.58002175576404e-06,4.65104637597805e-07,1.09416279463839e-06,-1.62824533880719e-05,6.27534779718035e-06,-1.68054085690993e-18,-5.29202167707732e-06,-6.53784531473669e-08,-1.88311256764524e-07,6.28729513925594e-06,1.54312482573366e-06,-1.09652279742375e-07,-4.55065644573326e-06,1.29257970057164e-06,-5.04129565446224e-05,1.16004817267026e-05,-2.76247490852027e-06,-5.55689918972814e-06,-3.16443643481668e-07,-2.74041546265482e-06,-7.06349252918827e-06,3.37072387660412e-05,-9.80057786753418e-06,3.16255751240338e-15,-0.358430649722119,-0.000535312908031851,-1.96842951355018e-06,-0.000183235359483941,1.83253698452071e-05,1.57142129680719e-05,-4.66330584095371e-05,0.000164104423660111,1.01677196325113e-06,1.16733822488455e-15,1.66041566538176e-06,4.40450218608198e-06,1.72922226431886e-06,-3.18394848431673e-16,-2.81019175898274e-06,-3.5436982216738e-05,5.31204415025439e-06,2.10107506164606e-06,6.61307023317351e-07,3.39145334018064e-07,1.17383970667234e-05,-2.98100977781582e-07,-3.13397174584397e-06,-8.62045759723484e-07,-5.78979893870239e-07,-0.00022304480506519,1.18859593230062e-16,1.33899994979562e-05,-8.04103836624058e-07,-4.84638827455853e-06,4.39327799951431e-07,5.4408419101504e-17,3.41457541592637e-07,-2.61111483411451e-06,1.07468957739338e-07,9.08290122112534e-08,2.16289928479363e-07,-5.79098662660171e-05,2.22932591675599e-06,-1.83852233644964e-07,3.74043741802317e-16,-3.70669299768675e-07,3.48998031739363e-06,-1.11836635704365e-06,-2.99135989811585e-07,2.98408630824893e-08,1.86670227590855e-10,9.84455572616838e-16,-3.82299728086295e-17,1.08404510097561e-10,3.42659106125717e-07,-3.91368267238551e-08,-5.14335749907584e-10,1.682185273499e-17,-7.76839166915123e-09,-1.27462805257508e-10,-1.97366472749059e-16,-4.55141769473793e-17,1.89982373349717e-16,4.81012295386137e-08,1.49030110030214e-07,-2.49531713396752e-07,1.6327176057475e-07,8.22874491918813e-08,1.85513075384292e-07,-5.65980875049218e-07,-8.70807134175043e-17,-1.43476804886205e-07,5.45412540643486e-07,-2.43018357381915e-16,-8.05506900399143e-17,-3.04211759226795e-07,-2.42205376737535e-11,-1.44149280491443e-06,1.53064519796933e-07,8.09987671794337e-06,-1.08523897746643e-08,-4.55704076893565e-16,-3.68008865936168e-08,-7.51611998107665e-17,-1.28189110149847e-07,3.1750860621238e-16,-1.77866105800218e-06,-5.88048055677743e-17,1.88367557984373e-07,3.38820299315108e-07,1.63504448279324e-08,2.16780312457056e-07,7.49470085490715e-07,-6.56247665651695e-07,5.60738644503772e-07,2.87367553706502e-08,1.39823676754311e-07,1.29888714614083e-08,1.54992374447707e-06,-5.91324949430329e-07,-1.47970797918894e-07,-1.2141742512667e-08,-2.18969221916478e-06,-5.81186759729478e-17,2.77410836183496e-06,-4.85379104952493e-07,4.98142528613136e-08,3.14363177073691e-16,6.66997895509341e-09,1.84056112737755e-07,6.63874095051422e-07,-1.55687808985807e-16,-1.12269857081385e-06,-8.76155108888748e-08,-8.76558126185619e-17,-1.17177404730987e-07,0.00169252131098433,-3.11532758057641e-17,6.66696685226382e-16,-5.7165267405728e-08,-4.48068681895433e-08,-2.66173650846753e-10,-3.79865517992538e-07,1.04537655210449e-07,2.1379622405541e-07,2.97776317856729e-08,3.73717109455701e-07,-6.43978121921498e-07,1.70816052275091e-16,9.25639627407833e-09,9.19848373252643e-10,2.54639956477451e-09,2.39164690913671e-07,-2.80393191170151e-17,-6.99728109202846e-17,7.90439747984631e-08,5.24353105547909e-17,3.36030302912598e-17,5.1024708800675e-07,-5.72029690130254e-07,-7.40477922673792e-07,-6.22275508852953e-09,1.8901304553794e-05,4.14906792722674e-07,1.86642577758985e-08,-1.40046046171766e-16,4.61534273489415e-08,2.1635647279474e-09,9.93951192613546e-09,-7.00131190794193e-07,2.78596488938384e-06,-5.49381737473702e-17,1.85990277749442e-17,2.07003708572557e-14,-3.54423124726127e-08,-1.18713123100131e-07,-9.95374660798687e-08,-2.73423380974499e-16,-9.14405738701006e-08,7.79729824505473e-16,-6.92961309665477e-17,2.19297010803792e-06,-4.81610019554e-08,-8.5868812060852e-17,-1.1898258399537e-07,-4.27547191103404e-07,1.88446112884429e-15,1.85056812430003e-07,8.59589876270211e-17,4.96893064475913e-08,-1.36379374477592e-16,4.95995564256642e-08,4.29507316298904e-07,1.08008961360027e-07,1.46453413796485e-08,1.0068515093707e-07,-2.62932334083127e-06,1.40547296335627e-07,-1.9739004590354e-16,8.36237734729638e-06,-3.64018393199144e-07,-1.72100360437979e-16,-3.61600898425458e-07,-1.41356608630928e-07,9.14031333089929e-06,-3.659290930716e-18,1.06217342235411e-07,9.75475109814658e-07,1.30196768724419e-16,-3.51799327514739e-07,-7.78758231601196e-08,-2.8214613713379e-08,-3.16962731393828e-17,-1.07549748236008e-16,7.31643735356959e-08,2.24615247588997e-08,1.81822351663141e-09,-2.65436839388252e-07,1.34899070746364e-08,1.35338932784425e-16,3.18219232069706e-17,4.93077229721209e-08,3.39926363014417e-10,1.03538676906034e-16,1.19419592375777e-07,-1.83902883865405e-17,4.29095337723933e-07,-2.295600929523e-08,-1.34154072472281e-08,-8.90025022980304e-08,-1.02223536000664e-15,3.45843506955455e-18,-2.79752809068027e-16,-1.72940615510524e-16,-4.9883654702714e-08,-6.89530216560492e-06,2.18359074940714e-16,2.05065311799491e-16,4.67756493774727e-18,2.44047817006192e-07,8.74290422674085e-08,-1.21109323957786e-07,8.96639836871363e-17,-2.75461890710677e-16,-1.45499931547555e-16,-7.55326324083141e-07,1.60323641567404e-07,-1.68314531093944e-16,1.12143138365265e-06,-7.37887666206458e-07,-5.86705391659164e-17,-2.99050393747141e-17,-7.38022443535405e-08,-7.56305225139331e-10,-3.66259239136173e-08,-2.65017472624047e-16,4.13189819903258e-08,6.02598640990021e-08,6.47877451839054e-08,-5.92211341158083e-08,-2.11101032138045e-07,7.15936146018083e-07,-2.71059085308369e-16,-1.2750031275289e-16,-3.98919529630613e-17,2.58196668378585e-06,-3.1247849131897e-07,-1.70402868072401e-08,-1.35007035894019e-08,1.60768706460061e-18,1.75619880668602e-16,5.73587020632469e-16,3.40589491239093e-17,5.14887518221025e-16,4.5085318079477e-07,-1.04691531334573e-16,-1.90771690859858e-16,-1.0624043890381e-08,-7.23257378497696e-17,-9.51512381790315e-09,2.48656991186777e-16,-1.18070525257121e-08,4.67919911901941e-18,-1.49027293171606e-08,-1.94023824298757e-09,-0.00176449117899807,-7.59363996539103e-16,5.15300516797885e-08,5.31885050429519e-17,7.80935646751269e-08,-9.66186829149792e-07,7.72984743385158e-10,2.1532272914794e-16,1.13187135932184e-07,2.65352315594438e-16,-2.79481987825043e-08,-1.57782177165226e-07,4.14098630953018e-16,5.40413403336578e-17,1.49966285875753e-16,-5.41562557204263e-18,-5.31347149263601e-10,-6.92457338601679e-09,-1.54758744735235e-09,4.46542678812912e-17,7.52744690622077e-17,-1.13846017503312e-07,6.923629601061e-06,1.25807976046406e-16,4.64666408643111e-18,-7.10972790614266e-09,4.12843322210004e-17,-5.042901310918e-08,1.26526634807636e-15,4.77285956966406e-07,2.01738534331643e-16,-5.58130524826682e-16,-5.10610973831183e-17,1.73524818142851e-16,-3.46231203898521e-17,-1.43233476678328e-16,4.75779813267319e-07,-3.32758976039274e-06,2.98450299369199e-17,-4.28282008027453e-08,1.63020155708271e-07,2.12456215496437e-16,2.0553345538358e-16,9.77989979986384e-17,5.74856614296249e-16,1.61153866618565e-08,2.57883138645488e-09,1.1217313128344e-16,1.31586084674429e-17,-2.93045309824373e-08,-1.0454442606338e-07,-1.09444765081225e-08,-1.92312733432421e-18,-8.06012841334453e-17,2.42696310563769e-17,-2.16316086110129e-16,1.92924964099333e-16,-2.13165124704029e-16,6.20702451279073e-08,-5.87323785654593e-08,-1.12980430317269e-08,4.24372646446052e-17,-1.19888017360835e-16,-9.02585569688999e-17,7.80921244904793e-17,7.96228585792651e-17,-4.8034963824674e-16,-1.43980002111468e-17,-5.63691810333942e-17,5.42032502829503e-17,-5.0554623432503e-17,1.44014196075465e-16,8.90483273190687e-17,-1.6325041026712e-16,1.75200001564541e-17,1.70483440812013e-06,7.51099304645444e-17,7.10658544972504e-16,-1.60032657453551e-17,6.10556866988917e-07,-1.06435052647239e-09,2.24992251525803e-16,-1.17664610153952e-07,5.58620209441201e-07,2.54205730404227e-17,1.87533004718482e-16,-1.56067309333073e-07,4.27768582089637e-17,1.37867867704597e-08,2.20603897351427e-16,-2.03713231194853e-17,5.50609622309051e-17,-2.73964650773481e-17,1.95663021590342e-09,-2.68723057513144e-07,-3.37009441774667e-16,-6.23022514999436e-16,3.69969617283886e-17,-1.14169130169804e-15,-2.15647812107367e-16,1.13799253383145e-16,1.76897931176256e-17,8.74690700349069e-17,8.87884054474732e-07,-5.06306634328733e-17,1.73450959598967e-16,5.58918729460737e-17,5.47035255958914e-16,-2.23514243844166e-16,5.65414304153368e-16,-6.43048081309054e-08,-2.68165642241784e-16,7.67958570082745e-17,4.79552569795938e-08,-6.17182727353107e-16,-7.04948055123522e-17,-1.20412509366172e-17,2.03340948545883e-16,2.76866345162711e-07,4.16744189935113e-17,-2.96124507779882e-08,-1.27785215971347e-16,-1.59556211888306e-16,5.40893756071536e-16,-1.9411386289591e-15,-2.05632253782867e-17,1.12133854227383e-15,1.07104974507488e-09,-7.09118474301388e-16,1.21908564886681e-15,3.11317051291647e-07,-1.33806181523618e-07,1.78650278301135e-16,9.3792644369448e-08,1.37397810008185e-08,3.12849555876519e-17,-1.15079421128219e-15,7.45465595213147e-16,1.38187973318585e-16,-6.99939833963829e-17,-2.31435839828715e-08,-4.67900128456632e-16,2.3678174239284e-16,1.49496925205679e-16,9.27215975967386e-09,-1.72883235506612e-16,-5.57614771206102e-17,-2.42186268543225e-15,1.67730603269375e-17,-4.22842377979316e-09,-9.33677869822352e-16,8.78293694459909e-09,-3.95594843920028e-17,-8.12766293336038e-16,-2.50580428372363e-16,-9.77501512807834e-17,-2.59440657791563e-17,1.82741715741147e-16,-1.4515164700932e-16,-1.97463339003483e-07,-3.30183059475441e-15,-1.24755076918616e-16,6.41703870268397e-08,-1.36495974692718e-15,1.33812409856149e-16,1.3117746518751e-16,-1.04385261895061e-16,2.96688725340871e-16,1.16221114474892e-16,-6.74844605536331e-08,4.00390198207372e-16,-1.32631929220732e-16,1.38726203850439e-07,-3.56180880874364e-16,-2.65334763138581e-16,1.60429277795342e-15,-2.33795961102355e-16,-2.0810399948751e-16,3.26074747781853e-17,-5.40880977000403e-17,-1.24667995175414e-16,-1.00994749049056e-16,2.77268245203086e-17,-9.4637245615181e-17,-7.29027330938398e-08,3.12896864344487e-07,2.742605298069e-17,1.34633250325386e-16,-7.21339259725761e-17,3.46032349644431e-16,3.33500588256541e-16,2.16694912870312e-16,-2.52401383237556e-16,-1.06231247354789e-15,-3.04038803921931e-09,-2.49487055161324e-16,-4.72804392552449e-17,-7.75014834745581e-17,-3.14045838031171e-16,3.89698574230477e-09,-4.06922961379111e-17,-3.17964544758323e-08,3.03442301934692e-19,6.46899255179853e-17,6.0444285267684e-17,2.57176026722602e-16,1.25662222292037e-17,7.42034336833304e-16,4.03046084080517e-17,5.43477966955689e-16,9.907501706823e-17,3.1786322815977e-16,-1.75721226057868e-16,7.29460170221112e-17,1.31572992152631e-15,7.32557423797414e-17,-2.00686588098419e-16,9.70901909731303e-16,-4.93932644903915e-17,2.46393067862259e-15,4.13343018259509e-16,-4.74779520309038e-16,4.06277659084631e-16,-1.68484112088495e-16,5.02643359505726e-17,6.93073955227707e-17,-2.57737589508464e-16,2.95609170551248e-10,-1.24802853540495e-15,-1.37302214438825e-15,-2.88887214805116e-16,4.23359565394739e-16,-1.94168104036378e-16,2.54464436361099e-17,-7.86767387655822e-16,4.13494136438083e-16,-2.15207317612005e-18,-2.26863870798968e-16,-2.28869657600828e-15,-1.15423428667578e-15,2.07286896620559e-17,-6.71308456405139e-17,2.76360150214931e-16,9.30907493640731e-16,-2.201346088566e-16,-3.81578569553285e-09,-1.37723388081768e-16,-1.94763101284564e-16,2.0977537811337e-16,1.06222413379422e-15,-1.39463930995861e-15,6.65310244591287e-16,8.87226261007218e-17,8.88289155028436e-16,7.71089999008437e-16,8.10899706754744e-10,6.06346465076337e-15,-1.00181462777479e-15,-1.79341851082171e-16,2.70888016611997e-15,-1.38172356197893e-15,9.04768342988045e-15,-5.30035312206339e-16,-4.68677078321564e-14,-4.89280606133242e-14,0.707106781186547,8.54610194951357e-15,6.81395125619104e-16,3.47968572928124e-15,4.1031919502641e-09,-1.19062199278403e-16,-6.13999839071176e-16,-1.76751849833016e-15,6.54641271746748e-16,-1.23671244835585e-08,-3.53102906107224e-15,1.88459162799663e-15,3.34250372847438e-16,-1.34622338973567e-16,2.47372903694816e-18,1.97212622351613e-16,2.87524428901042e-17,-6.78758028049188e-17,9.82846585865402e-17,-1.05244555617023e-16,-5.79623648897016e-16,2.59018610005247e-16,-2.02974196962891e-16,7.80258571416558e-16,1.56698763912021e-16,-1.65044377602641e-16,3.79462447756936e-16
"t925",-0.0383989128552342,0.0283820102263222,-0.0458652476557746,0.0172899100273536,0.00319111094300051,0.000262623679416882,-0.00484324705557596,0.0735391165552634,5.88004060756831e-05,-0.000113759302451424,1.88870942742939e-05,-0.0050110542346646,0.00892790568490956,-0.00132862094366329,0.000334218403082986,0.0396215726631204,-0.000685290805380193,0.000884580482928818,7.23203434959329e-06,-0.000273625363220862,0.239165220123513,0.0100319151728599,-0.000620421673554566,0.0039718279897873,-0.000614125972861851,0.000409757154582058,-0.000553691726567577,0.000561656521482935,-0.0128878089327583,0.00514175494387775,-1.38707804001804e-05,2.252127506987e-05,-0.00668522356624093,1.61292269493423e-05,-8.82851783874646e-06,-1.40890381428439e-05,-0.00056584259271432,4.09878514530154e-06,3.36843364377507e-05,9.55934827137637e-06,0.000559155330815042,-8.88400775007755e-05,0.000956732573868571,-0.000115075791348226,0.0472353345258432,9.28570178425278e-06,-3.984239309022e-06,3.097267783482e-05,4.43344240975639e-06,-1.67246392611607e-05,0.000154446866123738,-1.54297287988008e-05,2.18559682811669e-08,-0.00050337839698136,2.91811036863576e-06,-3.08330189398533e-05,1.20493720629844e-06,-7.99395783550426e-05,2.70845400400632e-05,-0.000244571375064358,-3.12224752565808e-05,3.58091376167312e-06,-0.000115015539404386,6.09519627382555e-05,-4.21239427176523e-06,9.5657194884152e-05,-5.4691190429976e-07,1.85718709247458e-05,-4.9835903879349e-05,1.88998002203461e-05,-1.17952223886256e-05,0.000189992149354251,-1.20823761008602e-06,-6.33162057463921e-05,2.76496818222491e-05,6.61092320157625e-08,-0.00120678410311619,1.62561728754108e-06,-6.75000729298263e-06,-7.28248451847122e-06,1.71605988328426e-06,2.41562892978588e-05,-1.34986528423984e-06,-4.75344953181392e-06,-9.52538590924118e-07,-0.000234359061450282,9.40289562462574e-05,1.49254693739943e-06,5.80231688702009e-07,-0.000651816409258657,6.36562258171527e-07,-6.57657281797393e-06,-7.40141431705444e-06,0.000847177026718153,3.01952816259483e-06,0.0425363789050789,-0.00167428441653047,-0.282197359526295,-0.00200903347730008,-0.000136001218047494,-1.97197405421242e-05,9.2898923808472e-06,-2.54658575654468e-05,4.39907787335908e-06,-1.85333614959162e-06,2.03366427650885e-05,-9.260748539169e-05,2.4295190294859e-05,-1.38953596471405e-05,2.63167076158521e-05,1.42002780037777e-05,3.22438546624154e-05,-7.06684476236243e-05,5.58497924389275e-05,-2.12097022819066e-07,7.74284912890471e-06,-1.11757380789611e-05,1.11730886035627e-05,-1.07328255858442e-05,2.54452927479978e-05,-0.000121065577366686,2.08393274144593e-05,-1.90036678579107e-05,-5.22156475912009e-05,0.000130374054643849,-0.000201201397980585,0.000151225490127888,-4.59880609194166e-06,7.58652981944907e-06,0.000249628431599266,-4.07731567587782e-06,2.01972015886471e-05,-2.35417337704064e-05,-4.62543457488767e-06,6.75254668628006e-05,6.89411671084654e-06,-3.06771706341266e-08,-1.44419413859696e-05,1.07811930029394e-06,-2.75991061115232e-06,-3.74214493038322e-08,1.48548708150328e-06,-1.27401612052653e-06,-1.10523334420941e-07,-2.6794491850389e-06,6.2861012880439e-08,9.04177302627325e-06,-3.79656815911066e-06,-3.39454136645194e-07,2.53256766686462e-06,0.00322735449635251,3.45487551605987e-05,0.466068245707578,0.000260281615395953,-9.31333519761246e-06,-7.2995540880691e-07,1.02543513952881e-05,-0.000297147545840487,-1.27432078336604e-06,-4.17005655487589e-07,-0.000189928932503684,3.65036791058322e-06,-1.87872695911236e-06,-0.000245755376026596,2.72595929512549e-05,-9.33748028015453e-05,1.30464995006083e-05,2.2259888630752e-07,1.10625118927032e-05,1.46220457042476e-05,-0.000171543319734315,-4.04349656816109e-05,2.54406910680834e-05,1.21848629374152e-06,2.10920176084229e-05,4.74083901200854e-07,1.87550323613919e-06,-1.39408158104827e-05,-1.95393612073212e-05,-0.00697972396177108,-0.00017659389348358,0.000114479735126012,-3.58116220017425e-06,-1.30158055121531e-07,-5.40118289500765e-07,-1.1436808358432e-06,-2.40894936491009e-05,1.08764773844391e-05,5.18059794097498e-05,-0.00787614465850243,-1.54628401445972e-07,5.62514738157603e-07,2.409413005136e-06,3.3159873755373e-08,4.58744908028556e-07,-6.88300817954351e-07,-1.27877911219538e-06,-5.17996912415292e-05,7.72876182712396e-07,3.34637257995808e-07,3.33882355261581e-07,5.55196087934722e-05,-9.02876870959327e-09,-1.11616647320675e-05,-2.44002589821145e-06,-0.000108373032832962,1.54987544575864e-06,0.000424439220071695,-1.0675948771341e-05,-4.61875580833546e-07,-4.49604263629218e-05,0.000101124425359562,-0.000257426222019696,-6.49817265700102e-06,-0.00438148247562099,-2.82876155867918e-06,0.000184645797652289,3.50404849616865e-07,-6.29246843796066e-07,-3.09045729425272e-06,-1.67840346079509e-05,0.000173200191708429,5.01349658902829e-06,1.63110922752954e-05,-4.12679959245688e-06,-2.10664759685636e-06,-2.22170525906162e-05,-1.52016152928504e-06,-2.36958673692383e-06,-1.87337236270934e-06,5.16340285345326e-05,8.07775588049124e-06,6.24690636215718e-07,1.04399890082744e-06,-5.47233557150988e-08,-3.78107484158273e-05,-4.64005759717003e-06,-2.15204833123747e-16,-7.57898783673362e-07,0.0003921614743296,-1.39775848815059e-06,-3.28611711173687e-05,-4.14886326015299e-06,0.000208286185297973,-7.96267579068631e-07,0.000216747287652876,-5.98528492544647e-08,4.14645062214411e-09,-6.62888875418987e-06,9.64694914077188e-06,-3.0243407102075e-07,4.13665603270865e-05,-1.91739409489802e-06,5.49111460126362e-06,-3.5608947936624e-07,2.21053886988103e-06,-2.87645642972948e-06,0.00130738050535498,9.28427742830147e-07,-1.81417517555295e-07,3.97357460982885e-06,-7.69461840888206e-07,8.43744286856246e-05,-4.19888308395111e-05,4.18532797529112e-07,-1.42426853031567e-07,1.67163622039275e-07,1.18232717637953e-05,-2.69946576079683e-05,1.76923917018199e-07,7.06719704692176e-08,-1.52980070305149e-07,1.32475330950637e-05,-0.000121025728423139,3.6429295596344e-06,-5.14551706632864e-05,0.00150596103094934,-2.14669445075965e-06,5.58955226721229e-06,-2.05743912526191e-06,1.12265323022275e-06,-5.46538028878161e-17,-2.79355351798658e-06,-9.57976480936812e-08,-8.93529630472248e-10,-7.78074775413874e-06,1.38582154260267e-07,-8.60315485733199e-08,-8.5724163403704e-05,0.000265546200858028,-1.82838773844208e-06,4.79062198329493e-06,1.75958100983998e-07,-1.58236244210006e-07,2.04831958698611e-06,-2.48285080293431e-06,5.56856008783654e-05,-1.22512647984153e-06,0.000108599805409533,6.92734686043521e-08,3.75254040591413e-07,3.0185321839926e-06,-2.59419601737486e-05,6.15068325564686e-07,-2.36798334686093e-06,3.20756659739746e-06,-1.16638952967896e-05,7.50090817073981e-07,6.78776322008277e-07,5.19153894282762e-06,-8.75316931252941e-06,-7.08413266635267e-07,5.8217695254924e-06,-3.84056254434681e-06,9.52729939130001e-08,8.92104566206915e-07,-1.75785245468613e-06,-1.88843817998726e-16,6.01501731455975e-09,2.57787665731419e-05,-1.8170569789543e-05,1.76456469864182e-06,1.5800217557443e-06,4.6510463758682e-07,1.09416279387941e-06,-1.62824533879155e-05,6.27534779722036e-06,2.85634893945928e-17,-5.29202167670662e-06,-6.53784530972355e-08,-1.88311256784101e-07,6.28729513921031e-06,1.54312482563804e-06,-1.09652279934177e-07,-4.55065644564494e-06,1.29257970055627e-06,-5.0412956544727e-05,1.16004817266406e-05,-2.76247490813812e-06,-5.55689918980539e-06,-3.1644364343994e-07,-2.74041546257969e-06,-7.06349252929453e-06,3.37072387663586e-05,-9.80057786771816e-06,2.70835141812545e-15,-0.35843064972212,-0.00053531290803165,-1.96842951352485e-06,-0.000183235359484575,1.83253698452738e-05,1.57142129679627e-05,-4.66330584094681e-05,0.00016410442366006,1.01677196336692e-06,1.09622688267816e-15,1.66041566522123e-06,4.40450218615188e-06,1.72922226460269e-06,-3.33358407767035e-16,-2.81019175898032e-06,-3.54369822170422e-05,5.31204415020459e-06,2.10107506185889e-06,6.61307023419388e-07,3.39145333981704e-07,1.17383970667598e-05,-2.98100977897347e-07,-3.13397174520516e-06,-8.62045759709781e-07,-5.78979893874698e-07,-0.000223044805064561,9.60335452551114e-17,1.33899994990418e-05,-8.04103836515383e-07,-4.84638827405862e-06,4.39327800064737e-07,2.43139989804783e-16,3.41457541782881e-07,-2.61111483301917e-06,1.07468957830033e-07,9.08290120679341e-08,2.16289928711847e-07,-5.79098662660804e-05,2.22932591608573e-06,-1.83852233882452e-07,3.40784549657058e-16,-3.70669299610101e-07,3.48998031761985e-06,-1.11836635709213e-06,-2.99135989844664e-07,2.98408631270681e-08,1.86669987979789e-10,5.85469173142172e-16,-1.15543763070323e-17,1.08404637166024e-10,3.42659105762062e-07,-3.91368268254276e-08,-5.14335603585565e-10,1.27897580635817e-16,-7.76839178147524e-09,-1.27462872001234e-10,1.6544318214e-16,-6.98891148790931e-17,-1.51425181100404e-16,4.81012291754259e-08,1.49030109918784e-07,-2.49531712617541e-07,1.63271760630253e-07,8.22874493348397e-08,1.85513075248596e-07,-5.65980874963047e-07,-2.08907423678695e-16,-1.43476804976661e-07,5.45412540971766e-07,-2.82727314900464e-16,-4.97208329623568e-16,-3.04211758915438e-07,-2.42206262394179e-11,-1.44149280517641e-06,1.53064519884282e-07,8.09987671814963e-06,-1.08523902126161e-08,-1.55163234680538e-16,-3.6800886779094e-08,-3.166249243915e-16,-1.28189110122129e-07,9.74291177249786e-17,-1.77866105728652e-06,-2.30407553661699e-16,1.88367558409549e-07,3.38820299121949e-07,1.63504448624667e-08,2.16780312226151e-07,7.49470085543391e-07,-6.56247665603529e-07,5.607386443395e-07,2.87367553485455e-08,1.39823676855812e-07,1.29888716741071e-08,1.54992374487947e-06,-5.91324949316527e-07,-1.47970798688504e-07,-1.2141742426864e-08,-2.18969221931746e-06,-7.3596914874768e-17,2.77410836148209e-06,-4.85379104903045e-07,4.98142526516957e-08,2.88354719208003e-16,6.66997818066387e-09,1.84056112687415e-07,6.63874095127484e-07,-7.78066638922417e-17,-1.1226985712093e-06,-8.76155113202294e-08,-2.66868845244141e-16,-1.1717740466825e-07,0.00169252131098438,1.21474307240693e-16,-9.82572492399617e-16,-5.71652673646607e-08,-4.48068685282742e-08,-2.66173003410282e-10,-3.79865518701096e-07,1.04537655184573e-07,2.13796224241458e-07,2.97776317917984e-08,3.73717108584858e-07,-6.43978121905696e-07,1.35796322103809e-16,9.25639616667024e-09,9.19848195904152e-10,2.54639989222179e-09,2.39164691043165e-07,3.3210940957922e-17,8.6452051189613e-18,7.90439745774659e-08,1.62257638278148e-16,-3.91377817452602e-17,5.10247087640078e-07,-5.72029689735073e-07,-7.40477922574524e-07,-6.22275502864851e-09,1.89013045542435e-05,4.1490679275073e-07,1.8664257886793e-08,1.54128677021916e-16,4.61534271903581e-08,2.16356533788123e-09,9.93951168399273e-09,-7.00131191181549e-07,2.7859648894445e-06,1.68176201837432e-18,-7.14138729333398e-17,2.06840824690942e-14,-3.54423123826327e-08,-1.18713122992347e-07,-9.95374659329048e-08,-2.54877919682002e-16,-9.14405738788874e-08,1.44604191863473e-16,4.3998624073745e-17,2.19297010805754e-06,-4.81610019998597e-08,-1.66208193042028e-16,-1.18982584267779e-07,-4.27547191191101e-07,1.55825180019782e-15,1.85056812938743e-07,1.04474831026764e-16,4.96893063385153e-08,1.75056466974843e-16,4.95995564413866e-08,4.29507316370473e-07,1.08008961401243e-07,1.46453410290814e-08,1.00685150882321e-07,-2.62932334010227e-06,1.40547296271022e-07,1.15091354891678e-16,8.36237734717949e-06,-3.64018393218185e-07,-9.52983047913304e-17,-3.61600897968659e-07,-1.41356608600502e-07,9.14031333201644e-06,-2.62130942354486e-17,1.06217342157064e-07,9.75475109692682e-07,-9.87076266410869e-17,-3.51799327322658e-07,-7.78758225652549e-08,-2.82146136970015e-08,2.42521359315899e-18,1.29557167371608e-16,7.31643733003018e-08,2.24615243872503e-08,1.8182236902379e-09,-2.65436839718296e-07,1.34899070374381e-08,-4.01430925668151e-17,-2.16714938385026e-16,4.93077230724027e-08,3.39926454235563e-10,1.27740064165376e-16,1.19419592351314e-07,-1.28127611422736e-16,4.29095337795028e-07,-2.295600937005e-08,-1.34154069478349e-08,-8.90025013254296e-08,-1.06715116645704e-15,6.21195615761464e-17,1.97482443994224e-16,-9.59362468933961e-17,-4.98836547021853e-08,-6.89530216527337e-06,3.03110584806603e-16,-2.28881411482022e-16,-2.29510934425974e-17,2.44047816729395e-07,8.74290421733167e-08,-1.21109323746122e-07,-8.44612201314698e-17,8.52182907573606e-17,6.6063148874973e-16,-7.55326324164671e-07,1.60323641551845e-07,-4.42731946986131e-18,1.12143138378801e-06,-7.37887665858724e-07,-1.06598864978743e-16,-7.67507888581676e-18,-7.38022443276888e-08,-7.56305330821988e-10,-3.66259238949418e-08,5.11873969379073e-17,4.13189819355548e-08,6.0259864240924e-08,6.47877450287151e-08,-5.9221134038108e-08,-2.11101032496793e-07,7.15936145651954e-07,2.89590400391251e-16,2.22655372276086e-17,-2.25026741613665e-16,2.58196668619745e-06,-3.12478491309862e-07,-1.70402874122087e-08,-1.35007036286525e-08,-4.97021807482722e-17,8.75307894373439e-17,-4.35315355673486e-16,9.54332786427418e-17,-6.6011702509519e-16,4.50853180376009e-07,1.37779405352675e-17,9.37124499994972e-17,-1.06240443072177e-08,2.59444243476352e-17,-9.51512377490730e-09,-2.0861366157101e-16,-1.1807051814633e-08,-2.47341907047378e-17,-1.49027294250102e-08,-1.94023829888761e-09,-0.00176449117899899,-7.28473352082071e-16,5.15300515489387e-08,1.10141456774423e-16,7.809356486e-08,-9.66186829031312e-07,7.7298484033484e-10,5.63311608133591e-16,1.13187135838644e-07,-9.59050334497951e-17,-2.79481988273013e-08,-1.57782176601895e-07,-3.32060074355469e-16,-6.6268743131248e-17,-2.0951035148174e-16,-1.69570257885142e-16,-5.31347257088413e-10,-6.92457354422718e-09,-1.54758655414114e-09,-1.18200473970148e-16,-9.86824776484006e-17,-1.13846017492054e-07,6.92362960133758e-06,-1.67086273506409e-16,-2.3860423978684e-17,-7.10972848540188e-09,-2.84849324704992e-17,-5.04290124479234e-08,-1.22327990423834e-16,4.77285956610412e-07,-1.43161775834799e-16,7.66963600672191e-16,1.39562748653612e-17,-1.59777158856171e-16,-6.89902409583618e-18,-1.57313011940853e-17,4.75779811574211e-07,-3.3275897622273e-06,-5.56337290641445e-17,-4.28282008901064e-08,1.63020155999616e-07,-1.76089376973635e-16,-2.10385901399776e-16,-3.86956018797926e-17,-7.32312154414376e-16,1.61153865307645e-08,2.57883091317362e-09,3.248405884353e-17,-9.96473242850409e-17,-2.93045310014903e-08,-1.04544425884188e-07,-1.09444762495839e-08,3.77983109040743e-17,-9.64361149519805e-17,-2.06092178472784e-17,-2.13526265465822e-17,-7.06392105251052e-16,2.35781789592109e-16,6.20702452528172e-08,-5.87323780160565e-08,-1.12980430939727e-08,-6.52833044775384e-17,2.36197878765674e-16,1.45824030840714e-16,-1.28676613127164e-16,2.35427948191844e-17,8.50726546605653e-16,2.79443131032144e-17,-2.52847813787542e-17,-4.49174246404142e-17,-1.59965157762545e-16,-2.98042645552463e-16,-2.42639072673083e-17,1.54235860939228e-16,-1.29487669368765e-17,1.70483440992552e-06,8.99082830578733e-17,1.86771971782774e-16,-6.5628207472312e-17,6.10556867017213e-07,-1.0643530596899e-09,-2.21861164422697e-16,-1.17664608485144e-07,5.58620210156392e-07,9.97067789708502e-17,-1.24650709042443e-16,-1.56067309516628e-07,-1.05111285705348e-16,1.3786786641182e-08,-1.96937199724155e-16,1.19881123381711e-16,-6.8426487611543e-17,-4.57764824913068e-17,1.95663092164174e-09,-2.6872305811417e-07,-2.32790017284574e-16,5.36263484977952e-16,3.26087977965059e-17,8.60179589544754e-16,5.06051364007609e-17,-1.16565565609957e-16,-1.98107880715038e-17,-7.92035424008879e-17,8.87884055978249e-07,2.59232239130291e-17,-1.50242342440378e-16,4.20293292435089e-17,-9.08365678321846e-16,2.54683937575663e-17,-5.99045934150386e-16,-6.43048089934963e-08,2.27161860443824e-16,-4.43476504545905e-17,4.7955258040228e-08,7.55472608658351e-16,6.38308878921974e-16,-3.26745755077612e-18,-2.84005237603626e-16,2.76866345708118e-07,7.62172302284341e-17,-2.96124498826742e-08,2.91052904984665e-16,1.5207250581935e-16,-3.26218072849466e-16,7.08869379821152e-16,1.61486134086025e-18,-1.46134017422504e-15,1.07104991622783e-09,4.87352384548597e-16,-1.16812464043046e-15,3.11317052139267e-07,-1.33806181592194e-07,-1.64960902157261e-16,9.37926436142466e-08,1.37397804144039e-08,4.86741306375715e-17,2.72221619374206e-16,-7.97694363449528e-16,-1.05688844132343e-16,1.09043712394683e-16,-2.31435834611127e-08,6.03681260410168e-16,-5.55191633092508e-17,-5.50502878818181e-17,9.27216042971077e-09,-6.75855617613207e-16,4.72537572039601e-17,2.43337582433871e-15,7.47950957981111e-18,-4.2284241392536e-09,8.06665254474027e-16,8.78293749467242e-09,-9.62799666367719e-17,3.17514436068585e-16,3.48759426695597e-16,1.08663650250807e-16,1.04833949133507e-17,-1.93550697791382e-16,9.51734752303112e-17,-1.97463337008604e-07,2.74144998341329e-15,2.39600133406738e-16,6.41703874036539e-08,1.3130971127506e-15,-1.2450803836007e-16,-1.34266554138291e-16,1.71792429214972e-16,-3.05649196290518e-16,-1.28728895895196e-16,-6.74844599651821e-08,-2.6791395351276e-16,7.45416717404286e-17,1.38726202041881e-07,3.00346960945405e-16,3.48264093790246e-16,-1.04414315844995e-15,2.55944220026751e-16,1.70576957477487e-16,-6.37626267292108e-17,2.02634372860632e-17,9.28808021907897e-17,9.1558219543453e-17,-1.9286581057959e-17,-1.1130382670483e-16,-7.29027338401772e-08,3.12896861686022e-07,3.11475456559526e-16,-9.59542501449782e-17,4.01396237338245e-17,-2.43732996098579e-16,-2.47740196412938e-16,-1.1900329859614e-16,2.23753570857713e-16,1.08651249469744e-15,-3.04039003022446e-09,2.61873979421403e-16,1.87332922516981e-16,-8.17195417660884e-17,2.76039299462594e-16,3.89698452372927e-09,1.05695977285441e-16,-3.1796456090859e-08,-7.22521056874123e-17,-1.19786198733828e-16,-2.84089624594826e-17,-3.02487818556516e-16,1.83421073888967e-17,-7.07920221059636e-16,9.78028600434574e-17,-6.05834135300753e-16,-1.1669838129943e-16,-2.96497604199816e-16,2.87926515321094e-16,-9.2969563319479e-17,-1.29505530760904e-15,-5.51287147415592e-17,2.05276733655473e-16,-8.69040468278266e-16,6.4766178254372e-17,-2.39525986757359e-15,-4.32915587919231e-16,2.31361848924033e-16,5.95443833129039e-16,1.95354394602936e-16,-1.89127503734228e-16,-7.25161504002815e-17,3.64758764018965e-16,2.95609096884686e-10,1.26308602681715e-15,1.61330431950582e-15,1.76709760505053e-16,-5.52395856757195e-16,3.86640628600471e-16,-1.0975028381796e-18,7.55684062047184e-16,-3.18502238149735e-16,1.03090434776668e-17,2.10500829604035e-16,1.63682001980137e-15,1.14579207019881e-15,-3.09111768529786e-17,8.13695693946282e-17,-2.23071298468382e-16,-9.85114982504077e-16,2.3552055140877e-16,-3.81577972339999e-09,1.63044691660732e-16,1.52648881934275e-16,-1.46501278392023e-16,-1.23197185597761e-15,1.56864112579142e-15,-8.04096956390002e-16,-1.0223983163857e-16,-6.44920445497964e-16,-6.97849780505313e-16,8.10901835681846e-10,-5.61599483211948e-15,1.04750104575239e-15,1.80230218710043e-16,-2.61834106399e-15,1.34146047787472e-15,-9.09977746268005e-15,5.23163388565508e-16,4.70142032507137e-14,4.89309893382098e-14,-0.707106781186548,-8.55486837166713e-15,-6.64217703412261e-16,-3.41211712206553e-15,4.10318851193459e-09,1.01721665949258e-17,5.94992152407039e-16,2.07680832594373e-15,-1.95617176970697e-15,-1.23671299252064e-08,3.61503094483409e-15,-1.77381772339282e-15,-3.15256379576653e-16,1.56244160424082e-16,2.42399093813371e-18,-1.04692283242853e-16,1.76891967640661e-16,1.57557090539293e-16,-1.50216109452266e-16,1.23066060034587e-16,6.50599866609326e-16,-2.73467652817368e-16,1.60770409057928e-16,-8.03217223688293e-16,-1.43025428598354e-16,3.18569521086089e-16,-8.25343006265287e-16
"t55",-0.0383630662585402,0.0283261765623041,-0.0457721027710414,0.0172428525244312,0.00318047765732737,0.000261597055237068,-0.0048239427044935,0.0732227015275691,5.85016355479732e-05,-0.000113058533639381,1.87395284459386e-05,-0.00496283142996059,0.00883948204042866,-0.00131526324633878,0.000330712072465986,0.039181419893622,-0.000677496572077937,0.000874337707500692,7.14635843029497e-06,-0.000270104427385794,0.235837066244859,0.00986350233646985,-0.000609423914674944,0.00390102123285302,-0.000603134813593479,0.000402074846177453,-0.000543188393483286,0.000550906696081649,-0.012634541228695,0.00502247884005778,-1.35277045590664e-05,2.19389576774461e-05,-0.00649991820795276,1.56609969182128e-05,-8.55917169906467e-06,-1.36249495581567e-05,-0.000546968130380703,3.9598975640668e-06,3.25351998787098e-05,9.22839207310284e-06,0.000539241822454042,-8.55996861791415e-05,0.000921317380533695,-0.000110810869910389,0.0454542373909732,8.91326976541813e-06,-3.82148661791109e-06,2.96966392417868e-05,4.24643011490381e-06,-1.60012554359234e-05,0.000147544710468668,-1.47297854951988e-05,2.08623493643502e-08,-0.000480069186795367,2.77813315510086e-06,-2.93462124481122e-05,1.14129166648362e-06,-7.56154099202804e-05,2.56153385747542e-05,-0.000230534164689501,-2.9355312022837e-05,3.36247343844338e-06,-0.000107887212097396,5.71593331061126e-05,-3.94256949881885e-06,8.93716363046846e-05,-5.08964424178314e-07,1.72523697932575e-05,-4.62566631978583e-05,1.75160212199612e-05,-1.08439213941495e-05,0.000173579804660647,-1.10279166554461e-06,-5.76740278356165e-05,2.51794003122505e-05,6.0150168907566e-08,-0.001097621508193,1.47602611062341e-06,-6.10487474147752e-06,-6.57595447055631e-06,1.54532863441384e-06,2.17399925614647e-05,-1.20951900753941e-06,-4.25355530119511e-06,-8.47465799610722e-07,-0.00020817653894428,8.33895600810031e-05,1.32331855852731e-06,5.1440852402577e-07,-0.000577773164715751,5.63903963443242e-07,-5.79182419637976e-06,-6.51470735120857e-06,0.000742951408571786,2.6311749422482e-06,0.037029626592474,-0.00145746565656795,-0.245045424058272,-0.00174292974467464,-0.00011757467128549,-1.69989963316532e-05,8.00610504697267e-06,-2.19403375560745e-05,3.74034666244483e-06,-1.57422699566981e-06,1.72604121039849e-05,-7.84891222992215e-05,2.05832259397943e-05,-1.17641607990727e-05,2.22568959260447e-05,1.20055039042192e-05,2.72044678718387e-05,-5.96090633616909e-05,4.68542646670956e-05,-1.7772790207522e-07,6.47154586846676e-06,-9.33000503633008e-06,9.29811646211714e-06,-8.90422658772801e-06,2.106070910538e-05,-0.000100070652804624,1.71457817292681e-05,-1.55883356469935e-05,-4.28265041939999e-05,0.000106884278302894,-0.000164435881674363,0.000123559848204245,-3.74733607912737e-06,6.13376689342342e-06,0.000201808748190386,-3.29414006451416e-06,1.6231169923946e-05,-1.88991245696214e-05,-3.71043981844815e-06,5.39985268452794e-05,5.51066271517656e-06,-2.43578340995744e-08,-1.14047052232572e-05,8.44999568023079e-07,-2.16267683233419e-06,-2.92854863321195e-08,1.16174883400482e-06,-9.95298711517396e-07,-8.63087129074717e-08,-2.0923956306989e-06,4.89441732794493e-08,6.99847426540543e-06,-2.92076742275787e-06,-2.60749042219608e-07,1.93879229475512e-06,0.00247001390172595,2.64071172173153e-05,0.355963491635034,0.00019861879318015,-7.04973372460281e-06,-5.51819997031765e-07,7.74474616429641e-06,-0.000219657024448293,-9.36965939373817e-07,-3.0635680818175e-07,-0.000138893144211537,2.66694966950325e-06,-1.36442148996992e-06,-0.000178348990037214,1.96663136300233e-05,-6.69773708071202e-05,9.1997058614074e-06,1.56868859437451e-07,7.79469440956445e-06,1.02782732443056e-05,-0.000120245862714748,-2.83320326759388e-05,1.77264686323883e-05,8.47513487668213e-07,1.46142740070917e-05,3.2817293737913e-07,1.297639868005e-06,-9.55845252563788e-06,-1.32699454720343e-05,-0.00473234171370902,-0.000119542958838231,7.71304909715243e-05,-2.40838694451003e-06,-8.73759531721946e-08,-3.61967978587687e-07,-7.62053936941664e-07,-1.6028176264194e-05,7.14623673259634e-06,3.40240328659206e-05,-0.00515060678258505,-9.99146858555788e-08,3.59799281556868e-07,1.53565478804186e-06,2.10221292074606e-08,2.89660894745603e-07,-4.29363613679193e-07,-7.95580104224635e-07,-3.20438248289441e-05,4.76738662720905e-07,2.01797651488914e-07,2.01123527243734e-07,3.31149332310196e-05,-5.33228230944613e-09,-6.43281451158296e-06,-1.40610112642991e-06,-6.23076563285035e-05,8.84765630737247e-07,0.000241090533253468,-5.98313971055873e-06,-2.54465733675221e-07,-2.44237233390598e-05,5.46912653530137e-05,-0.000136419073701564,-3.40388487940582e-06,-0.0022944073127078,-1.46774953251725e-06,9.35378814783727e-05,1.76673859131725e-07,-3.09200357650049e-07,-1.49083182262872e-06,-8.04406163201032e-06,8.07535167628284e-05,2.32181796770423e-06,7.49772247037597e-06,-1.85326610459308e-06,-9.41514961734083e-07,-9.91761547273577e-06,-6.60697995065138e-07,-1.01274861183488e-06,-7.85465170384005e-07,2.1457558749089e-05,3.32570834628939e-06,2.54924521098989e-07,4.24959872421022e-07,-2.17504373565183e-08,-1.48002314615107e-05,-1.78568713319082e-06,-4.46409750331614e-17,-2.84438793687392e-07,0.000146424668319057,-5.03167045641813e-07,-1.14854202932896e-05,-1.41389603055078e-06,7.08724761610144e-05,-2.57849870722117e-07,6.95820593343603e-05,-1.91372370041146e-08,1.30008637967083e-09,-2.05049958464315e-06,2.90931167529256e-06,-9.01616366230353e-08,1.22730097302083e-05,-5.53778959678006e-07,1.40060980256695e-06,-8.64574626623408e-08,5.13817545340047e-07,-6.02608301216624e-07,0.000271727217076996,1.77720501399579e-07,-3.30336813146818e-08,6.69946510041775e-07,-1.26372080342634e-07,1.34692557063053e-05,-6.43357206863166e-06,6.01163103683704e-08,-2.03009277019748e-08,1.96748450988457e-08,1.38475103497001e-06,-3.14412499725377e-06,1.93916308807171e-08,7.56434522103398e-09,-1.51158573206591e-08,1.288605515601e-06,-5.56917783735991e-06,1.46427790122058e-07,-1.82944941240029e-06,3.73668619084249e-05,-3.46260384552942e-08,-2.10693605205941e-08,1.9822707253207e-08,-1.60547550640009e-08,-5.98476139576262e-18,8.52506150302513e-08,3.12995070405522e-09,3.54975421393297e-11,4.40621401448295e-07,-9.8923982739954e-09,6.75031245526767e-09,7.02807264918923e-06,-3.41306183329858e-05,2.40628685126006e-07,-6.34468553445672e-07,-2.57959598019279e-08,2.97373683772568e-08,-3.99949180048829e-07,4.97519243761808e-07,-1.21100904724766e-05,3.4963439266831e-07,-3.42336022232429e-05,-2.19592260576392e-08,-1.19150573753943e-07,-1.19318117007289e-06,1.27778464006631e-05,-3.10974070126102e-07,1.24306120048823e-06,-1.76055918478594e-06,6.48891896822918e-06,-4.65382372794562e-07,-4.24510098507189e-07,-3.29441283990654e-06,5.60976101605635e-06,4.68863817451714e-07,-3.9906368483532e-06,2.71806737019782e-06,-6.83650737736684e-08,-6.55204314953632e-07,1.35563820446332e-06,4.49483436267349e-16,-6.13372908084236e-09,-2.69934505864515e-05,1.97889109567865e-05,-1.92394581073233e-06,-1.7248372850046e-06,-5.12608044710259e-07,-1.22775966805838e-06,1.86627740306438e-05,-7.50718220300155e-06,-9.36090082106032e-17,6.97318891233201e-06,8.71772410249863e-08,2.57548937646411e-07,-8.62497669703657e-06,-2.25285724868913e-06,1.65641035355032e-07,7.21211321872816e-06,-2.11701031788672e-06,8.86250029665539e-05,-2.17608031879344e-05,5.40099975089471e-06,1.1120820228939e-05,6.42534241782944e-07,5.70972997021037e-06,1.47588962401074e-05,-7.17304710764143e-05,2.11547560594938e-05,-6.96441223495761e-15,0.860739654311231,0.00131444481577554,4.83447860929612e-06,0.000479585036863851,-4.84290794548297e-05,-4.67988197156535e-05,0.000143763228685266,-0.000509391751602863,-3.23948025382593e-06,-2.71880467394637e-15,-5.4510182019118e-06,-1.46227204731349e-05,-5.98849262706865e-06,1.58987670961762e-15,1.01929886363231e-05,0.000129958214845753,-1.95926692305084e-05,-7.84190825469918e-06,-2.51802122518085e-06,-1.31097966496665e-06,-4.59166262635741e-05,1.20811667016714e-06,1.27549245247506e-05,3.59602890161069e-06,2.52371072727277e-06,0.00097443092680831,-2.64664104767527e-16,-6.39063435459322e-05,3.89849914257342e-06,2.43331130933688e-05,-2.32851409682831e-06,-4.34969393793346e-16,-2.04372337904903e-06,1.80872004364343e-05,-7.98190690054921e-07,-6.97562887060134e-07,-1.73063806765145e-06,0.000501398767772176,-2.21355531392115e-05,2.7412796760483e-06,-8.63036747456862e-16,9.17463934396545e-06,-9.13630091136062e-05,3.32256512385376e-05,1.0881252529138e-05,-1.10425561885526e-06,-7.37534587865644e-09,-1.87523607753093e-15,3.1247349399672e-17,-6.92230316724653e-09,-4.53553905850423e-05,5.9624626872919e-06,-1.12271818989299e-06,3.23001677312448e-15,-5.12321802185668e-07,-5.95180426960778e-09,9.06776317738471e-18,2.2938984328907e-16,-2.45309597591375e-16,1.20314673215523e-06,3.52799446125405e-06,-5.00235352486162e-06,2.90717353503892e-06,1.44654132019645e-06,2.92752721265482e-06,-8.82910760663155e-06,-4.38580118627026e-16,-1.87246428624943e-06,6.74465460075042e-06,5.52561319567427e-16,5.80053708666606e-16,-3.14602617168889e-06,-2.41389231238306e-10,-1.37138661564192e-05,1.41399269923102e-06,7.09739560600027e-05,-9.43218476910275e-08,-1.04066509047526e-14,-3.16364038877346e-07,4.5620487955034e-16,-1.06888616626382e-06,-6.89945604988307e-16,-1.45150661383091e-05,3.41984178459119e-16,1.49725222034131e-06,2.67920330453843e-06,1.21193998267441e-07,1.58623925037246e-06,5.45505841824694e-06,-4.67015260068477e-06,3.91594340791196e-06,1.92533220958505e-07,9.36472018566331e-07,8.59439477640137e-08,1.00368621106023e-05,-3.72520738982515e-06,-9.11800284559915e-07,-7.35739418491788e-08,-1.31621960370516e-05,1.91673224400141e-16,1.62769184330429e-05,-2.78532555301429e-06,2.69738710159584e-07,1.54380608705678e-15,3.55585804831332e-08,9.59304923166092e-07,3.42801423869109e-06,2.38696440901509e-16,-5.76988276486976e-06,-4.42118380047023e-07,4.22277984745109e-16,-5.86140480328424e-07,0.0080585171665168,1.86379378809319e-16,1.04845716161208e-16,-2.67339710423381e-07,-2.09214396319963e-07,-1.23378107263899e-09,-1.74599042029485e-06,4.71684578514315e-07,9.63164119912142e-07,1.33854943851397e-07,1.64125181935518e-06,-2.77737233231344e-06,-2.35404686195484e-15,3.96564409691984e-08,3.93636776745223e-09,1.08539545658462e-08,1.01464140427976e-06,-2.51509131261759e-17,5.75574676650897e-17,3.33209419272029e-07,-2.79094655890804e-16,-7.45248523197776e-19,2.07067305851798e-06,-2.30694896462616e-06,-2.98589832560908e-06,-2.47602089339107e-08,7.50745786622545e-05,1.64735521087429e-06,7.39246229633592e-08,1.79999510304619e-17,1.78271617548652e-07,8.31382178602684e-09,3.81293613569227e-08,-2.66347140654198e-06,1.04422714620635e-05,-4.01122701295339e-16,1.13401891914135e-17,7.70393114866092e-14,-1.30139717639453e-07,-4.32161329107064e-07,-3.62119583120175e-07,-1.93272828377839e-16,-3.29962279477293e-07,-1.24326024340512e-15,-2.37751504343188e-17,7.64707730341516e-06,-1.67872152221382e-07,6.96491475604688e-16,-4.11420065895871e-07,-1.47158707330748e-06,3.71554153532794e-15,6.31065394045674e-07,-4.57834372266551e-18,1.67600937098869e-07,-7.45854615631391e-17,1.67135717746526e-07,1.44622420020445e-06,3.6337633925744e-07,4.92135260443988e-08,3.37445231837809e-07,-8.72622260367014e-06,4.60258459777266e-07,2.43279901258786e-16,2.69462128936919e-05,-1.17099864491702e-06,1.71390664285953e-16,-1.16061453943049e-06,-4.51867097554013e-07,2.91124044850815e-05,1.21097311209711e-18,3.34209022351857e-07,3.06200392227095e-06,-6.48465684340433e-17,-1.10082621635899e-06,-2.43307773551784e-07,-8.76508175514581e-08,-3.13691581975762e-17,1.49858330411874e-17,2.24308017795822e-07,6.84833319882165e-08,5.5373784475335e-09,-7.89736451850265e-07,3.99875982656065e-08,-1.06277535321572e-16,4.38717570535737e-16,1.45791183923795e-07,1.00475991175639e-09,-1.78935101584037e-16,3.5148880289735e-07,1.70426800752261e-16,1.25784057661935e-06,-6.69225513997539e-08,-3.9094059529094e-08,-2.58967704091708e-07,-2.76011630544474e-15,-7.82789398206004e-17,1.0547058218889e-16,-1.94958873753466e-16,-1.43193633097107e-07,-1.97716778706349e-05,-1.04425280572773e-15,-2.54261027191269e-16,-5.33353756041857e-17,6.97036280113896e-07,2.4928728389136e-07,-3.43742965394729e-07,-4.81468879137435e-19,3.32233426967449e-16,-2.39391839684799e-16,-2.11140096693751e-06,4.47929199026896e-07,2.03744250925334e-16,3.11500590991634e-06,-2.04486975611983e-06,2.03428425709712e-16,-9.91595961454223e-17,-2.03413374484694e-07,-2.08361993849949e-09,-1.00584834570617e-07,2.04697883900949e-16,1.12878082778257e-07,1.64149419288099e-07,1.75782273459123e-07,-1.59815618002167e-07,-5.68865018261915e-07,1.92411010994237e-06,-5.98484646595732e-17,-1.23217208427628e-16,1.67960339384297e-16,6.83591856507709e-06,-8.27119162623977e-07,-4.50204297983279e-08,-3.53359468252077e-08,1.8214002441125e-16,-1.70261943537443e-16,-6.62570537266345e-17,3.44653491772243e-17,-2.27228802043442e-16,1.16872205603948e-06,1.10103794659907e-16,-4.50028372634266e-17,-2.74377460301644e-08,-6.25586628873743e-17,-2.45689755147247e-08,-1.24501915394493e-16,-3.04768036654849e-08,-2.79921996114056e-17,-3.82222829137196e-08,-4.96878027435582e-09,-0.00450832353012403,-1.73584453531942e-15,1.31290146069494e-07,-1.78755320256409e-16,1.97754871823365e-07,-2.4274791510907e-06,1.94141292261404e-09,-1.23358807676176e-15,2.8338507092564e-07,-1.84736902797255e-16,-6.9628579716538e-08,-3.9299489231763e-07,-1.52903238047605e-16,-2.7297553659677e-17,4.80237920358458e-18,9.29656109347006e-17,-1.31811382771419e-09,-1.71595674479932e-08,-3.83030820329544e-09,2.67057332013968e-17,2.31215470609097e-17,-2.80127987037732e-07,1.70317908695258e-05,4.23812489545269e-17,1.16043552729173e-17,-1.73643294445693e-08,1.00418534860738e-17,-1.22977377293733e-07,5.30784027995244e-16,1.1588391296653e-06,9.15325090156199e-17,-4.29065066955048e-16,4.35511167917139e-17,-5.77296131586222e-17,7.00845722438981e-18,9.12440507255722e-18,1.1451095992777e-06,-8.00795333485603e-06,-2.22343462287443e-18,-1.02757011681851e-07,3.90640811195433e-07,-5.54034215224974e-17,-4.88098117230548e-17,-4.28537410390703e-17,2.48647789753605e-16,3.84099909924388e-08,6.13883614928344e-09,-1.65686388650213e-16,-1.50535543468148e-16,-6.96622764910093e-08,-2.48476759664957e-07,-2.59966160200943e-08,-7.66995744972462e-17,-9.13378039314656e-18,4.26273377669899e-18,1.14595257895591e-16,-2.84789946888497e-16,-3.46053094348651e-17,1.46009140709385e-07,-1.3803314903785e-07,-2.65290496092677e-08,8.20248140796742e-17,-7.42945062884856e-17,-9.70537189924943e-18,-7.15384846751991e-17,-1.98462397962268e-16,-2.47470570186681e-16,3.43488299300899e-17,4.18812983960944e-17,-6.70778647987186e-17,4.13306427753056e-17,2.31995603375994e-16,-1.44498322919535e-17,2.40755080946723e-17,-7.28871150950795e-18,3.94441433298687e-06,2.90655614586916e-16,-1.64861393161761e-15,-3.72253550869717e-18,1.40990503212263e-06,-2.45672441030001e-09,-4.93686652513021e-17,-2.71517416422051e-07,1.28601750524869e-06,-1.4139377229341e-16,-7.23128948005715e-17,-3.58242413851059e-07,1.50773803697907e-16,3.1534768903446e-08,-1.22909104575561e-16,-3.16083025503067e-17,1.7033128220424e-17,4.13410958935188e-17,4.45076801986674e-09,-6.11039379264444e-07,-1.97876585270356e-16,3.58587750919014e-17,-6.36148292223006e-17,-5.73544382708961e-16,-2.64274279543342e-17,4.94996661278858e-17,-2.19250335977636e-17,2.75275412941666e-17,1.98121796543561e-06,3.02696537285306e-17,-1.30922167314314e-17,-7.87229296345665e-17,-7.98000434976083e-16,-3.06681220395812e-17,1.55628274877078e-16,-1.42920994614283e-07,1.36453175067921e-17,-9.64181804926058e-17,1.06505718882736e-07,1.15439308328707e-17,-2.30751620001164e-16,7.156594364456e-17,1.73011883942994e-16,6.09722988591469e-07,-1.35585625804713e-16,-6.51155967314603e-08,-8.31667677846105e-17,-7.83943452706786e-17,1.37778239686632e-16,-1.36768250059136e-15,1.13274537665979e-16,2.3677338187913e-16,2.34799176627684e-09,-1.41152653257081e-16,-1.23748564520481e-16,6.80893742384168e-07,-2.92618475220393e-07,-3.04054581470368e-17,2.04704747655918e-07,2.99686954090621e-08,-1.65490030301069e-17,-3.55968185685339e-16,2.58541337387505e-17,-3.61856149204284e-17,-7.64688032435012e-17,-5.00203538052018e-08,-1.86034879054532e-16,7.61177816555392e-18,-6.9302218103725e-17,1.99933522357959e-08,1.55740385408876e-15,6.94152815176902e-19,-4.30656591834831e-17,-5.43533365837079e-17,-9.08976325425947e-09,1.06028084729947e-16,1.88627294729859e-08,1.87323787146137e-18,7.72981353274789e-16,-1.28326737721431e-16,-1.5300428085922e-17,1.30913325634535e-16,7.15295414850948e-17,7.51510399101603e-17,-4.21985509366453e-07,4.52908514069074e-16,-1.36657095978493e-16,1.36966605152408e-07,-7.47299114992126e-17,-2.02934615196251e-17,-7.24168090553381e-17,-4.84228670525612e-17,2.27095772184963e-17,-1.63744803307593e-16,-1.43490752121002e-07,-1.06483895341623e-16,1.3893183905206e-16,2.94468679475789e-07,1.22619875100973e-18,-2.12804525051473e-16,-5.9510383974867e-16,-1.91925404206121e-17,2.17451608082971e-17,7.28433767772832e-17,-2.39503192025771e-18,-1.89026273424366e-17,9.21876350050673e-18,6.854323509605e-17,1.43617771402198e-16,-1.53785606584373e-07,6.5955337529499e-07,-3.20495708837051e-17,-2.69397510122361e-17,1.52886529739556e-17,-1.23028413739542e-16,1.72659195968317e-16,-8.30698134718454e-17,1.45326768565777e-17,-5.80963609795327e-17,-6.38408755075806e-09,-4.98744587646168e-17,-1.57486686251592e-16,2.29271767022869e-17,9.26960652838314e-17,8.15608774268174e-09,-1.47164870273589e-16,-6.63049003164015e-08,6.23314509961977e-18,-3.19498137334936e-17,1.00276168701899e-16,2.99454311744299e-17,2.37822404350344e-18,7.02528395464544e-17,9.63810523927367e-17,3.97854748737999e-17,2.51883746863735e-17,-2.31621607053857e-17,1.2405469350545e-17,-3.53834189592098e-17,4.35134046037365e-17,3.64783208874761e-17,-1.5120342652773e-18,-8.15312924369328e-17,-5.4542692894425e-19,-4.60216125869504e-17,-4.72112452226808e-17,3.48002665509613e-16,-1.48888063336572e-16,-2.35707720648957e-17,-4.27900779207613e-16,3.09315853391833e-17,2.98764181833763e-17,6.08338193993441e-10,5.97892530420379e-17,6.20412569461415e-17,1.44094606298763e-16,-1.59054661633493e-16,-1.71044171245324e-16,4.31855581128123e-17,2.06267055182271e-17,-2.05721210012893e-16,3.26163891782905e-19,-5.45228872581205e-17,1.25984292442816e-16,5.03826574002162e-17,-8.44136225691879e-18,-4.20231178536627e-17,-1.30015436865683e-16,3.40842591146947e-17,1.64106738879615e-18,-7.7844294788767e-09,-4.69792096195377e-17,-6.54045662734154e-17,-7.79865622169342e-18,2.26714968035791e-16,-1.97796100114971e-16,1.28012754096273e-16,-1.58688430339249e-17,-1.58514659764077e-16,-8.8309167981027e-17,1.63978353770183e-09,1.20436141104847e-16,-2.19876972105237e-17,-5.20873709414884e-17,-3.31344063378156e-17,1.32700401324361e-17,4.36224103187771e-17,-2.88724033412689e-17,-1.48253986537117e-16,1.03422874125246e-16,-8.8846849911922e-16,5.02458761739697e-17,-1.47730398470506e-17,-3.7366056662766e-17,8.22579985535209e-09,8.45597803738347e-17,1.08892153547158e-17,-5.32046557292913e-16,5.24537011048487e-16,-2.4694431168551e-08,-2.90591827127214e-16,-3.53247626538746e-17,1.05635470811675e-16,2.13507144024009e-17,-4.80402809925827e-18,3.03629194886792e-17,2.36084983433423e-16,-2.1968357511027e-17,-4.01194872453147e-17,4.99725723769099e-18,2.26104728758418e-17,6.20148609214555e-17,-6.3317620709183e-17,6.83884318369169e-17,1.98453531000466e-17,1.44651225456909e-16,-2.60005625387549e-16
"t546",-0.0384152468544618,0.0284076221176953,-0.0459079924621528,0.0173116019097267,0.00319603198477405,0.000263100583000138,-0.00485221909563429,0.0736864798746927,5.89402603188657e-05,-0.000114089655639036,1.89574186190764e-05,-0.00503431183191045,0.00897063138107331,-0.00133508169741758,0.000335919249004117,0.0398359600035356,-0.000689093875788143,0.000889585131208971,7.27397055639819e-06,-0.000275360568132182,0.240816979241246,0.0101171333232165,-0.000626022187567087,0.0040079104877489,-0.000619729637532487,0.000413696631414673,-0.000559085957220008,0.000567183751354238,-0.0130184882171247,0.00520481887854411,-1.4054117679763e-05,2.28349082766773e-05,-0.006786340363906,1.63871035051101e-05,-8.97842306806408e-06,-1.43518512711285e-05,-0.000576563216701314,4.17797331925103e-06,3.43406138097874e-05,9.74905052031385e-06,0.000570651873360221,-9.07225605604281e-05,0.000977388177419485,-0.000117564086143553,0.0482793877487716,9.50789855771295e-06,-4.08187221122521e-06,3.17401387245376e-05,4.54674315070893e-06,-1.716640964744e-05,0.000158707638673717,-1.58640075008366e-05,2.24729171821928e-08,-0.000517943820897147,3.00669044110788e-06,-3.17757115203912e-05,1.24674640774156e-06,-8.28084998737172e-05,2.80604605106917e-05,-0.000254130209319901,-3.25186312282715e-05,3.73402420231005e-06,-0.000120051612325087,6.36367710437562e-05,-4.40628153662475e-06,0.000100235735029263,-5.75414714294624e-07,1.95770087138804e-05,-5.25803936388058e-05,1.99736133551323e-05,-1.25831728894524e-05,0.000204314718862489,-1.30101923479977e-06,-6.83669503440494e-05,2.98658386827271e-05,7.14957278012994e-08,-0.00130575590669726,1.76328260379144e-06,-7.36453553861654e-06,-7.96514164624817e-06,1.88514930782346e-06,2.656237027061e-05,-1.49538656321988e-06,-5.27828289725386e-06,-1.06909405229444e-06,-0.000263856118453376,0.000106206969952862,1.68675097411896e-06,6.55820612457522e-07,-0.000736990056377676,7.20656888032445e-07,-7.54058587992736e-06,-8.49681606639214e-06,0.000980997406163751,3.55408987065841e-06,0.050199125803288,-0.00197614556726174,-0.335393891096306,-0.00239411981245008,-0.00016378176448374,-2.39656543020613e-05,1.12995962137285e-05,-3.1004367293728e-05,5.62718283514548e-06,-2.38101352344986e-06,2.62168818152225e-05,-0.000120136202106139,3.15736883846074e-05,-1.81162977915225e-05,3.4481574151442e-05,1.86365948257964e-05,4.27447526319262e-05,-9.37987847648596e-05,7.63227731567391e-05,-2.91809828423754e-07,1.0819603463371e-05,-1.57313250162551e-05,1.60667104113273e-05,-1.5783241908067e-05,3.81093373555275e-05,-0.00018331936612429,3.28942637363489e-05,-3.09224843089257e-05,-8.50687617256844e-05,0.000213392972279659,-0.000341175200281363,0.000257233417116488,-8.0941120453973e-06,1.50634557775097e-05,0.000496436658206857,-8.20432870880711e-06,4.54543963685118e-05,-5.43616770178349e-05,-1.08918899470768e-05,0.000173926233048058,1.8004522650151e-05,-1.05122421333726e-07,-7.15121762588035e-05,2.35854165778267e-05,-6.80135496401583e-05,-4.41955696854925e-06,-0.00017273646318953,3.4332440053853e-05,2.28546084859089e-06,5.52334064132008e-05,-4.63678985582772e-07,-2.57552961762326e-05,5.79418728310339e-06,4.52286104228808e-07,-2.53402209798444e-06,-0.00315796300282326,-3.03918444178549e-05,-0.385172922550247,-0.000200351520238674,3.61230502504148e-06,2.50492387431234e-07,-3.21415739282366e-06,-3.03354933918015e-05,-2.0464736881578e-07,-7.03594150222424e-08,-3.99220663338402e-05,7.95927287479966e-07,-4.93732013261412e-07,-6.58081361022097e-05,8.30442098714461e-06,-3.13460181809992e-05,5.30854361843898e-06,9.10431834239245e-08,4.53052345051003e-06,6.10403661413171e-06,-7.31305351938284e-05,-1.72879776796837e-05,1.12897079835102e-05,5.46558989168647e-07,9.66974734983801e-06,2.18457313834096e-07,8.66457371533129e-07,-6.72552113755841e-06,-9.78801717244144e-06,-0.00351701702060055,-8.94705722288842e-05,5.88961534205122e-05,-1.85274582354413e-06,-6.76986371419078e-08,-2.82309821117145e-07,-6.07159967582792e-07,-1.28356262302868e-05,5.96452209117786e-06,2.8434530267569e-05,-0.00436010574354464,-8.74459455422497e-08,3.2310413653013e-07,1.39085136272638e-06,1.92774701548373e-08,2.68032371069478e-07,-4.07727802069639e-07,-7.59609856305587e-07,-3.09434467041369e-05,4.62942720776189e-07,2.04209408063455e-07,2.03909097056298e-07,3.41369255568203e-05,-5.58550370605675e-09,-6.99394498384739e-06,-1.52901193340572e-06,-6.79826192099958e-05,9.75283960974458e-07,0.000267639274548715,-6.76660642458272e-06,-2.94411540411311e-07,-2.87758717828501e-05,6.47983906593319e-05,-0.000165755414884894,-4.1941812982659e-06,-0.00282815567183428,-1.82906229063312e-06,0.000119855514305742,2.27603620802507e-07,-4.10025889731833e-07,-2.01749669368629e-06,-1.09631499435836e-05,0.000113363044698349,3.28278284106784e-06,1.06847963797562e-05,-2.70624005870278e-06,-1.38173491259974e-06,-1.45726361678329e-05,-9.97894102808067e-07,-1.55600057702116e-06,-1.2304498670948e-06,3.39159221395303e-05,5.30609568815774e-06,4.10349659436585e-07,6.8578591388284e-07,-3.59432319616397e-08,-2.48311843040302e-05,-3.04655326663203e-06,8.74235155128612e-17,-4.97400219484682e-07,0.000257344209748372,-9.16441748551961e-07,-2.15273950746181e-05,-2.71575405080776e-06,0.000136332569383473,-5.20283202076155e-07,0.000141577196312056,-3.90893227143957e-08,2.70596052006639e-09,-4.32367611883416e-06,6.28573527913424e-06,-1.96965429224293e-07,2.69352988876405e-05,-1.2470733658998e-06,3.55211869175153e-06,-2.29847758342802e-07,1.4241207998843e-06,-1.84483777762119e-06,0.000838217055227426,5.93224882528008e-07,-1.15685461925595e-07,2.52631107952817e-06,-4.8872556980706e-07,5.35345653815937e-05,-2.66020778276075e-05,2.64567776182788e-07,-9.00090822820606e-08,1.05008059375244e-07,7.42602489434917e-06,-1.69522235156183e-05,1.10915141553853e-07,4.42762375748771e-08,-9.56426892505102e-08,8.27906146091946e-06,-7.46114914033136e-05,2.24223064560883e-06,-3.16299141532713e-05,0.000922939089273055,-1.31237675065957e-06,3.39758313861898e-06,-1.24845830276269e-06,6.80292691081125e-07,1.68550579011155e-17,-1.68465091239753e-06,-5.77332943273978e-08,-5.3734744112767e-10,-4.65504746172942e-06,8.25319525168416e-08,-5.11221113147895e-08,-5.08829914784038e-05,0.000155274977755799,-1.0680468963852e-06,2.79765942814188e-06,1.02276141655653e-07,-9.06969795661392e-08,1.17108057533991e-06,-1.4169947249232e-06,3.159125411313e-05,-6.78236673044992e-07,5.94570483963483e-05,3.79011672851134e-08,2.05269737972109e-07,1.60232262693311e-06,-1.32349138077037e-05,3.12070620484911e-07,-1.19159200403692e-06,1.59749263908759e-06,-5.79025294979205e-06,3.618892120548e-07,3.26744159284912e-07,2.48863208818286e-06,-4.18382910784877e-06,-3.35341878339324e-07,2.725545760165e-06,-1.77911764189835e-06,4.39269161656458e-08,4.07976869961842e-07,-7.89528773849633e-07,-1.1452352068308e-17,2.36434277454361e-09,9.97188998114454e-06,-6.85453861543533e-06,6.651430891327e-07,5.9509894441379e-07,1.74059887380954e-07,4.04466937842931e-07,-5.92885987473995e-06,2.21262831839755e-06,-8.90887178272406e-18,-1.71733329150167e-06,-2.09772495347546e-08,-5.89222651571517e-08,1.96123820026935e-06,4.4965958989182e-07,-3.06532016999133e-08,-1.19294515693279e-06,3.22763864708564e-07,-1.11611340857093e-05,2.24493301960152e-06,-4.82666223778194e-07,-9.10029175706403e-07,-4.9624334617939e-08,-3.95160389217138e-07,-1.00855478043535e-06,4.50303259957849e-06,-1.23806733169846e-06,2.29621709042041e-16,-0.0244649556907892,-2.96006595007971e-05,-1.08592294190464e-07,-3.00985814154551e-06,1.88991079971716e-07,-1.10865451489891e-06,4.47086398123814e-06,-1.65753059430116e-05,-1.22874201264812e-07,2.02155131202793e-16,-2.39630857981279e-07,-6.75193190946187e-07,-3.25152866954884e-07,1.17121786749033e-16,6.40413069253713e-07,8.42172438729037e-06,-1.28961450410573e-06,-5.32563817711679e-07,-1.79744664466978e-07,-9.69616930619255e-08,-3.48788732159277e-06,9.88248069985916e-08,1.05208872819562e-06,3.10762220103857e-07,2.35208136112589e-07,9.11491222007676e-05,3.94990020667481e-17,-6.79456428082335e-06,4.22905846019578e-07,2.75380046129853e-06,-2.79715380946516e-07,1.5399516560549e-17,-2.7484613090704e-07,2.70680226968102e-06,-1.24653327058507e-07,-1.1101405998966e-07,-2.81510772261927e-07,8.47606191132547e-05,-3.96310689059398e-06,5.53555066840044e-07,1.62835843615154e-17,2.02082312905849e-06,-2.02628329132131e-05,7.47326730621563e-06,2.49400643030999e-06,-2.53456169034506e-07,-1.70161795854776e-09,2.64545330086463e-16,-3.2574255892973e-17,-1.64360998974651e-09,-1.10260481562294e-05,1.45363484560286e-06,-2.79249923152939e-07,7.42759077335087e-16,-1.32744973682125e-07,-1.56855109008264e-09,-4.80064780620244e-16,8.07427499801041e-17,3.46894348108358e-16,3.33044743170564e-07,9.82331698653984e-07,-1.42043666649959e-06,8.38739613455093e-07,4.18098467673356e-07,8.59985960901492e-07,-2.59837097078108e-06,-4.25313557329101e-16,-5.68282471260575e-07,2.0681258608103e-06,-6.29235961926237e-17,-8.58588604598702e-17,-1.0018468755031e-06,-7.75322614048375e-11,-4.45430937938596e-06,4.62640492110321e-07,2.35401394564977e-05,-3.13514097047131e-08,-3.02096026424814e-15,-1.05463211693421e-07,-1.17548053143174e-16,-3.59288527863022e-07,8.11620193795493e-16,-4.90828191792782e-06,8.35015212741152e-17,5.10093168016179e-07,9.14130068244233e-07,4.21513878050348e-08,5.53883436500696e-07,1.90792631172655e-06,-1.6449631897503e-06,1.38762718359233e-06,6.91581092002271e-08,3.3642139977109e-07,3.10008678122229e-08,3.6470935333054e-06,-1.36669530200972e-06,-3.37168564687525e-07,-2.73726781134922e-08,-4.9114271514301e-06,-2.35862899869062e-17,6.12873399368693e-06,-1.05769530365511e-06,1.04819406908594e-07,6.63964765178349e-16,1.390702239985e-08,3.78768786553776e-07,1.35891554511135e-06,-3.22712225223141e-16,-2.29193221319403e-06,-1.77027850517698e-07,-1.25293475716059e-16,-2.35606926526938e-07,0.00331328740356395,1.54635704428137e-16,-2.62001481615618e-16,-1.10861145201756e-07,-8.68235278780614e-08,-5.13834003185679e-10,-7.30162854593783e-07,1.99082140262571e-07,4.06839899994866e-07,5.66032678632294e-08,7.02407669283141e-07,-1.20010388074991e-06,-5.59909106925827e-16,1.71972286613022e-08,1.70807728394684e-09,4.71993212051768e-09,4.42366393065232e-07,9.04257510803649e-18,1.74600002228626e-16,1.45786328556986e-07,1.16401451995158e-16,-2.24974352471069e-16,9.25920200070351e-07,-1.03540797499893e-06,-1.34023917350729e-06,-1.1203768502469e-08,3.40075295700413e-05,7.46397938395289e-07,3.35447134732801e-08,1.76549661172665e-16,8.21880787361896e-08,3.84584035854772e-09,1.76576543471547e-08,-1.24029484807395e-06,4.9119618186608e-06,-1.24780006779412e-16,-1.72394822100947e-16,3.58343604177952e-14,-6.21141016623847e-08,-2.07571703322752e-07,-1.74013601848896e-07,7.52048272388116e-16,-1.59533138585924e-07,9.60103582216044e-16,7.75547236557036e-17,3.79933548991839e-06,-8.34336404152899e-08,2.27899296656453e-16,-2.05873943647981e-07,-7.39322425099368e-07,2.68884237635029e-15,3.19666391612569e-07,1.02058418393161e-16,8.5756639325771e-08,-3.72484505747751e-17,8.5596653351975e-08,7.4119173871995e-07,1.86380048670788e-07,2.52704314059623e-08,1.73710970591381e-07,-4.53540242292342e-06,2.42521139080971e-07,2.25397774674195e-16,1.44522304594349e-05,-6.29265973636604e-07,1.35376341479332e-18,-6.25304670842377e-07,-2.44615957057033e-07,1.58285457466544e-05,1.29422497829986e-16,1.84500551257851e-07,1.69562676061233e-06,1.37904057202639e-16,-6.12139376250866e-07,-1.3557731187603e-07,-4.9224025333082e-08,1.34554656719136e-16,1.43024361231365e-16,1.2841903953932e-07,3.95455386531665e-08,3.20327572819487e-09,-4.75917532537469e-07,2.42727560161244e-08,-4.21289422764253e-16,1.99768192422914e-15,8.89492782113883e-08,6.134188194422e-10,4.926523915736e-16,2.16495987836099e-07,1.06259391587128e-16,7.81622756258181e-07,-4.2112240107762e-08,-2.4623200806236e-08,-1.63702707754683e-07,-1.52081220295702e-15,5.98044661662917e-17,6.1440454366776e-17,-2.49293912844687e-16,-9.37440480827593e-08,-1.29838242629846e-05,-3.00002123667135e-17,3.84056312379916e-16,5.96050826394873e-16,4.63006568420283e-07,1.6643746852425e-07,-2.32827885266011e-07,-1.90404404665163e-16,-6.79198450953544e-16,1.55013805611115e-16,-1.51151987774509e-06,3.21344364432777e-07,1.96337602897336e-16,2.29154770451534e-06,-1.52061951050909e-06,-1.54737831622171e-17,4.91346344966703e-16,-1.55423532978927e-07,-1.59569098564573e-09,-7.83759210302893e-08,-9.99133178030097e-17,9.07547360842132e-08,1.34470943075938e-07,1.48098950287312e-07,-1.4051354995464e-07,-5.0640984152574e-07,1.75539068465878e-06,7.81743345167965e-16,-6.44246468828095e-15,-2.03415700075466e-16,7.48642710116566e-06,-9.09067922170645e-07,-5.10333991984592e-08,-4.89178887800431e-08,-5.86872845463845e-15,-3.66667640088637e-16,4.33054227235049e-15,-1.84293575150009e-16,7.73944683358767e-15,2.30470786026503e-06,1.68142062361844e-15,-2.72415017237732e-15,-6.78895780386255e-08,-7.62725612684956e-16,-6.16854000912378e-08,-3.53117949448684e-15,-7.84792078176567e-08,-1.34673351289817e-15,-2.23839816514819e-07,-4.49066360750014e-08,-0.402876429074595,-1.71093004659739e-13,-1.04342918456475e-06,5.47181313801206e-15,-3.95354255152506e-07,1.96610228366551e-06,-1.52110538323995e-09,3.23545550084027e-15,-1.64593463682225e-07,-1.01675912149213e-15,2.54249234325502e-08,1.40209742630105e-07,2.95411931278286e-15,3.49899899571948e-17,2.33944206813463e-16,8.38910135204178e-16,3.12145489545338e-10,3.61240222960713e-09,6.98020119119267e-10,3.73424973712886e-16,-1.23641514555998e-16,2.04445016678389e-08,-1.17396935695412e-06,-1.48515391955809e-15,4.64917520745501e-16,-4.43161201730578e-10,-5.40817334837633e-16,-5.14429532570707e-09,-2.65848105715142e-15,9.67251096328285e-08,-9.68314319084357e-16,5.15572218716256e-16,-2.18798176172708e-16,-3.32918450478766e-17,-8.88137504347631e-17,-9.53467639331864e-17,1.70597837667352e-07,-1.19884788386992e-06,-4.25101739487727e-16,-1.72761955402022e-08,6.8481693222655e-08,2.84556273823848e-16,-9.09687342400554e-16,4.51506095871407e-16,-5.26465205076028e-15,7.80621338533962e-09,1.28382056120032e-09,-5.8370012589195e-17,2.73883413399904e-16,-1.50092683020153e-08,-5.37363498681738e-08,-5.69201993586642e-09,3.0106419152157e-16,-2.56630163062807e-16,2.37314190538117e-16,-8.61337144949292e-16,3.30208107724586e-15,-5.84739975870749e-16,3.75391173322944e-08,-3.59182153065775e-08,-6.98352085435127e-09,-2.8952531292199e-16,-8.12608288211361e-16,1.73412618749794e-15,-6.26603510447196e-16,-1.36015903026592e-15,2.15201358727245e-15,1.14198026556774e-17,6.92276053138598e-16,3.79503345886377e-16,4.92832690006164e-16,-7.35649823528033e-16,2.68012732849804e-16,-9.57086117979945e-16,-5.86341200371872e-16,1.20767011375339e-06,7.91079843018028e-17,3.60507434886319e-15,8.29750108987378e-17,4.38398812136288e-07,-7.66541657336377e-10,-1.87257580853845e-15,-8.48980844254529e-08,4.09245081806692e-07,-7.31097423923155e-16,-3.01588059605212e-15,-1.16358278321826e-07,2.1086202585505e-15,1.04821328526326e-08,1.30302867988271e-15,1.50026659948792e-15,1.30331360756832e-15,-7.24683289670873e-16,1.52867931953914e-09,-2.10306570202654e-07,-2.76937348150471e-15,6.89005208743859e-16,3.46472100288932e-15,3.70805224679864e-15,-4.57937182098134e-15,9.02117721391928e-16,9.39401366078914e-16,-4.21908493919745e-15,7.45059677428111e-07,6.56496208413931e-15,-5.17456829944702e-15,-1.02903796041393e-14,-0.707106781186551,4.98856950591668e-15,5.84815524602245e-14,-5.45799191830318e-08,4.12885259117916e-15,-7.55698552317324e-15,4.07841513185507e-08,7.63353206130887e-15,7.49639517552668e-15,-1.06326984586277e-15,6.61652708605891e-15,2.40511663962686e-07,-3.21102379266496e-15,-2.58120893727998e-08,-3.0697760674549e-15,1.6703404451278e-15,-1.91805701774501e-15,-5.71372406141669e-15,-1.95585312184631e-15,1.08505793967041e-16,9.3982139139938e-10,-1.42903225374458e-15,-3.6166802830711e-16,2.74495121199706e-07,-1.18007897996038e-07,7.65959532449612e-16,8.30477361580856e-08,1.21805133132636e-08,-1.45760155097813e-15,-1.72627154255315e-17,-5.81710877775761e-17,1.01937151582031e-15,1.2370858840447e-15,-2.08545004989378e-08,9.96954441926426e-17,3.73130968027479e-16,-2.94771024542603e-16,8.38649106818973e-09,-3.32058569539242e-15,1.14322556506224e-15,-1.19691604705512e-16,8.48756411090975e-16,-3.84260661613212e-09,6.67674263048999e-16,7.99274076571139e-09,-2.1928890313857e-16,4.07657722805448e-16,6.55100086492313e-16,-3.48675450987698e-16,5.36036415962968e-17,6.87581983578829e-17,8.90874624348255e-16,-1.80963923905388e-07,-9.40752262139073e-17,-6.58427428508318e-16,5.89052720470544e-08,-3.27499288564609e-16,-6.26884269946967e-16,-1.01458337905684e-16,-3.14150567341453e-16,-2.5858299231116e-17,4.8331522938509e-16,-6.22536071614675e-08,2.18955946405429e-16,3.99606159339827e-16,1.2824219191234e-07,-1.13417671590435e-15,-9.68647738292812e-16,-5.07810032874892e-17,1.15560969379172e-16,-2.09096658789651e-15,1.28420683698814e-16,1.27609934256086e-16,4.26152202905421e-16,-2.29843957876242e-16,-2.12599320913348e-16,-8.1352202756459e-16,-6.78811312043203e-08,2.91581311163313e-07,5.66975639366294e-16,-2.32141898992139e-16,4.66885479877038e-16,8.21594130279684e-16,1.95004602743243e-15,-1.43091113817434e-15,-1.68994252541595e-16,-4.64737567819253e-17,-2.84483526436803e-09,7.89833234620225e-16,-5.41931290722983e-16,-2.66991051867764e-16,6.53970731018265e-17,3.65820131433683e-09,-2.41821770576916e-16,-2.99511801735285e-08,3.47078772709484e-16,-6.89784882364814e-16,-1.82144427614365e-16,-3.65769794575594e-16,2.7205061743804e-16,-2.169746743601e-16,6.42852744026826e-16,-1.12819319202357e-15,-2.64564624035277e-16,-5.5536123843823e-16,-5.39527723862862e-17,1.37204508470641e-16,-5.13163589654988e-17,1.61914189108687e-16,-1.15839738492374e-16,6.42823646464472e-16,3.07647359423404e-17,-9.83614134387483e-16,-6.44226485628088e-16,-5.21801599963077e-16,1.57073789738837e-16,2.48614895277876e-17,-4.05052107020836e-16,-1.1009678101217e-16,5.14411947043835e-17,2.81520133905667e-10,8.28028599400666e-17,-7.31916147883414e-16,-1.55964867556316e-16,-5.24481249334946e-16,-1.20350093799961e-16,2.5870396593797e-16,-2.30760679230197e-16,2.26818907114671e-16,-4.19108187641973e-16,1.46580599121559e-16,1.02744418875589e-15,1.60096139736397e-16,2.56025993381324e-16,-3.01622491871342e-17,-1.50127460674729e-16,-1.39541235572314e-17,-8.67831217305526e-17,-3.65613198515621e-09,1.31252276466456e-16,9.67255779365971e-16,2.72720631861611e-16,9.58729531217235e-17,4.67778241672748e-16,-2.63551013831031e-16,2.54141717837244e-18,2.06591863258211e-16,-3.8187549232622e-16,7.81168311396378e-10,-8.20808340488169e-17,-6.12697868390607e-17,5.03397179982741e-17,8.27908011716813e-17,-1.0097126095709e-16,4.82310570243844e-17,7.94436855861387e-17,-1.81554350564299e-16,7.17361219957331e-16,9.30054058918164e-16,-4.32876378453636e-16,1.33608179741102e-16,3.52719139015129e-16,3.97110398312603e-09,-1.63395840895345e-16,9.09688435501056e-17,-3.48199305526869e-16,6.01569575403582e-16,-1.19921164228543e-08,-5.88358145443737e-16,1.89365337242347e-16,2.12623435000958e-16,1.34932189602617e-17,-1.01172998362394e-16,7.19979793829946e-18,-1.5329018562765e-16,2.67174831436041e-16,-8.53423246661803e-17,1.26935529103173e-16,1.64930931620508e-16,1.3740437182961e-16,-2.84627956861813e-17,-4.20337605074121e-17,2.12306794029619e-16,2.87859421093953e-16,-4.83578965674714e-17
"t547",-0.0384152468544618,0.0284076221176953,-0.0459079924621528,0.0173116019097267,0.00319603198477407,0.000263100583000135,-0.00485221909563428,0.0736864798746927,5.89402603188636e-05,-0.000114089655639037,1.89574186190675e-05,-0.00503431183191043,0.00897063138107331,-0.00133508169741757,0.000335919249004119,0.0398359600035356,-0.000689093875788145,0.000889585131208986,7.27397055638919e-06,-0.000275360568132182,0.240816979241246,0.0101171333232165,-0.0006260221875671,0.0040079104877489,-0.000619729637532514,0.00041369663141468,-0.000559085957220027,0.000567183751354226,-0.0130184882171247,0.00520481887854411,-1.40541176797231e-05,2.28349082766884e-05,-0.00678634036390601,1.63871035050713e-05,-8.97842306806824e-06,-1.43518512711429e-05,-0.000576563216701326,4.17797331925721e-06,3.43406138098369e-05,9.74905052039386e-06,0.000570651873360205,-9.07225605604425e-05,0.000977388177419527,-0.000117564086143502,0.0482793877487715,9.50789855773143e-06,-4.08187221123436e-06,3.17401387245586e-05,4.54674315077487e-06,-1.7166409647336e-05,0.000158707638673729,-1.58640075008205e-05,2.2472917243242e-08,-0.000517943820897146,3.00669044094949e-06,-3.17757115203989e-05,1.24674640786083e-06,-8.2808499873756e-05,2.80604605107168e-05,-0.000254130209319858,-3.25186312282106e-05,3.73402420230628e-06,-0.000120051612325144,6.36367710437014e-05,-4.40628153659008e-06,0.000100235735029217,-5.75414714316665e-07,1.95770087139017e-05,-5.25803936388342e-05,1.99736133551801e-05,-1.25831728894126e-05,0.00020431471886244,-1.30101923464123e-06,-6.83669503440657e-05,2.98658386825957e-05,7.14957278024911e-08,-0.00130575590669725,1.76328260351457e-06,-7.36453553865678e-06,-7.96514164640584e-06,1.88514930781317e-06,2.65623702704748e-05,-1.49538656333916e-06,-5.27828289721757e-06,-1.0690940523186e-06,-0.000263856118453315,0.000106206969953034,1.68675097413487e-06,6.55820612493947e-07,-0.000736990056377726,7.20656887961566e-07,-7.54058588010951e-06,-8.49681606643825e-06,0.000980997406163774,3.55408987062473e-06,0.0501991258032877,-0.00197614556726166,-0.335393891096305,-0.0023941198124501,-0.000163781764483955,-2.39656543023157e-05,1.12995962137805e-05,-3.10043672940666e-05,5.62718283520954e-06,-2.38101352350341e-06,2.62168818153514e-05,-0.000120136202106115,3.15736883845532e-05,-1.81162977915312e-05,3.44815741514486e-05,1.86365948258644e-05,4.27447526319535e-05,-9.37987847648105e-05,7.63227731569344e-05,-2.91809828411887e-07,1.08196034634932e-05,-1.57313250162172e-05,1.60667104114886e-05,-1.57832419079994e-05,3.81093373556188e-05,-0.000183319366124191,3.2894263736303e-05,-3.09224843088799e-05,-8.50687617255525e-05,0.00021339297227964,-0.000341175200281479,0.000257233417116697,-8.09411204545545e-06,1.50634557774812e-05,0.000496436658206681,-8.20432870882953e-06,4.54543963686356e-05,-5.43616770176803e-05,-1.08918899471299e-05,0.000173926233048136,1.80045226501996e-05,-1.05122421310412e-07,-7.15121762591249e-05,2.35854165777798e-05,-6.80135496403055e-05,-4.419556968666e-06,-0.000172736463189712,3.43324400539318e-05,2.28546084855746e-06,5.52334064131302e-05,-4.63678985480068e-07,-2.5755296176326e-05,5.79418728309931e-06,4.5228610423453e-07,-2.53402209795913e-06,-0.00315796300282329,-3.03918444179593e-05,-0.385172922550245,-0.000200351520238678,3.61230502510996e-06,2.50492387402669e-07,-3.21415739277797e-06,-3.03354933919019e-05,-2.04647368783969e-07,-7.03594150618849e-08,-3.99220663337874e-05,7.95927287574675e-07,-4.93732013237829e-07,-6.5808136102137e-05,8.30442098723608e-06,-3.13460181810478e-05,5.30854361835873e-06,9.10431833181599e-08,4.53052345047514e-06,6.10403661410571e-06,-7.31305351939029e-05,-1.72879776798066e-05,1.12897079830291e-05,5.46558989082141e-07,9.6697473498718e-06,2.18457313820654e-07,8.66457371542056e-07,-6.72552113697845e-06,-9.78801717244732e-06,-0.00351701702060065,-8.94705722287428e-05,5.88961534204875e-05,-1.85274582345294e-06,-6.7698637239556e-08,-2.82309821174988e-07,-6.07159967714384e-07,-1.2835626230227e-05,5.96452209126538e-06,2.84345302675524e-05,-0.00436010574354446,-8.74459456210758e-08,3.23104136470524e-07,1.39085136286472e-06,1.92774703883465e-08,2.68032371033159e-07,-4.0772780209213e-07,-7.59609856261349e-07,-3.09434467043155e-05,4.62942720917975e-07,2.04209408076496e-07,2.03909097081545e-07,3.41369255568877e-05,-5.58550362080651e-09,-6.99394498389767e-06,-1.52901193342395e-06,-6.79826192100482e-05,9.75283960976905e-07,0.000267639274548913,-6.76660642452033e-06,-2.9441154031829e-07,-2.87758717828528e-05,6.47983906593271e-05,-0.000165755414885327,-4.19418129815808e-06,-0.00282815567183415,-1.8290622907844e-06,0.00011985551430599,2.27603620730713e-07,-4.100258897613e-07,-2.01749669370292e-06,-1.09631499433718e-05,0.000113363044697795,3.28278284087024e-06,1.06847963795514e-05,-2.70624005861189e-06,-1.38173491246112e-06,-1.45726361677547e-05,-9.97894102702463e-07,-1.55600057691143e-06,-1.23044986714947e-06,3.39159221394286e-05,5.30609568805328e-06,4.1034965943794e-07,6.85785913810152e-07,-3.59432319503813e-08,-2.48311843041386e-05,-3.04655326672068e-06,8.51455976393464e-17,-4.97400219577519e-07,0.000257344209748376,-9.1644174843852e-07,-2.15273950744231e-05,-2.71575405075399e-06,0.000136332569382944,-5.20283202146944e-07,0.00014157719631183,-3.90893228005349e-08,2.70596046986993e-09,-4.32367611886705e-06,6.28573527914748e-06,-1.96965429276506e-07,2.69352988876064e-05,-1.24707336589765e-06,3.55211869182203e-06,-2.29847758476944e-07,1.42412079994264e-06,-1.84483777760527e-06,0.000838217055227547,5.93224882381129e-07,-1.1568546198268e-07,2.5263110794688e-06,-4.88725569754019e-07,5.35345653814526e-05,-2.66020778276415e-05,2.64567776174423e-07,-9.00090822226702e-08,1.05008059203025e-07,7.42602489438437e-06,-1.69522235157333e-05,1.1091514163232e-07,4.42762374571781e-08,-9.56426891182488e-08,8.27906146093449e-06,-7.46114914030713e-05,2.24223064560372e-06,-3.16299141530537e-05,0.000922939089272587,-1.31237675068078e-06,3.39758313889036e-06,-1.24845830278594e-06,6.80292691167241e-07,3.32595811307306e-17,-1.68465091226567e-06,-5.7733294311046e-08,-5.37347423715261e-10,-4.65504746160827e-06,8.25319524357052e-08,-5.11221115485754e-08,-5.08829914784879e-05,0.000155274977755305,-1.06804689648378e-06,2.79765942818845e-06,1.02276141737059e-07,-9.06969796286337e-08,1.17108057528106e-06,-1.41699472486184e-06,3.15912541134322e-05,-6.78236673100449e-07,5.94570483964072e-05,3.79011673082538e-08,2.05269737854766e-07,1.60232262693115e-06,-1.32349138077002e-05,3.12070620742127e-07,-1.19159200396507e-06,1.5974926390807e-06,-5.79025294991144e-06,3.61889211874483e-07,3.26744159198202e-07,2.48863208818866e-06,-4.1838291077593e-06,-3.35341878271963e-07,2.72554576014494e-06,-1.77911764198603e-06,4.39269160415279e-08,4.0797687004775e-07,-7.89528773800515e-07,-8.25797556508296e-17,2.36434273953832e-09,9.97188998130438e-06,-6.85453861560333e-06,6.65143089069598e-07,5.95098944462685e-07,1.74059887574807e-07,4.0446693822561e-07,-5.92885987484036e-06,2.21262831845508e-06,3.53078485943491e-17,-1.71733329168172e-06,-2.0977249447171e-08,-5.89222651706578e-08,1.9612382003234e-06,4.49659589837879e-07,-3.06532016279461e-08,-1.19294515700998e-06,3.22763864725119e-07,-1.11611340857315e-05,2.24493301962961e-06,-4.82666223768691e-07,-9.10029175785549e-07,-4.96243346303333e-08,-3.95160389463198e-07,-1.00855478035226e-06,4.50303259967451e-06,-1.23806733155965e-06,1.49746386935565e-16,-0.0244649556907888,-2.96006595009679e-05,-1.08592294170913e-07,-3.00985814083245e-06,1.88991080108647e-07,-1.10865451462111e-06,4.47086398118556e-06,-1.6575305942741e-05,-1.22874201460587e-07,-6.02438145778709e-17,-2.39630857725493e-07,-6.7519319074181e-07,-3.25152866735947e-07,7.88943717723581e-17,6.40413069167864e-07,8.42172438701867e-06,-1.28961450479187e-06,-5.32563817694038e-07,-1.79744664381907e-07,-9.69616932390243e-08,-3.48788732170119e-06,9.88248066649233e-08,1.05208872807946e-06,3.107622200476e-07,2.35208136272587e-07,9.11491222014123e-05,1.39300750710585e-17,-6.79456428058463e-06,4.22905846178988e-07,2.75380046118801e-06,-2.79715381094561e-07,4.94445536196915e-17,-2.74846130933725e-07,2.70680226996197e-06,-1.24653327107469e-07,-1.11014060135585e-07,-2.81510772335892e-07,8.47606191143066e-05,-3.96310689068309e-06,5.5355506688782e-07,2.57302444174741e-17,2.02082312979418e-06,-2.02628329142658e-05,7.47326730633512e-06,2.49400643013961e-06,-2.53456169101923e-07,-1.70161806311454e-09,1.13624387676481e-16,1.78448155054703e-16,-1.64360999103588e-09,-1.10260481559439e-05,1.45363484548601e-06,-2.79249922880606e-07,9.28034425479402e-16,-1.32744973383398e-07,-1.56855108001956e-09,-6.15853314164918e-16,-3.29439619467645e-17,3.64987232474067e-17,3.33044743410009e-07,9.82331698579017e-07,-1.42043666624199e-06,8.38739613493834e-07,4.18098467723193e-07,8.59985960886223e-07,-2.59837097073895e-06,-4.80354342903438e-17,-5.68282471147423e-07,2.06812586034857e-06,1.81680747988682e-16,8.04888742756261e-17,-1.00184687539651e-06,-7.75324973648349e-11,-4.45430937932068e-06,4.62640492408312e-07,2.35401394567722e-05,-3.13514098157404e-08,-3.62464403388814e-15,-1.05463211530167e-07,1.30557763516222e-16,-3.59288527838989e-07,-4.20670442924376e-17,-4.90828191868297e-06,-2.05038761434731e-16,5.100931682901e-07,9.14130067666158e-07,4.21513881367039e-08,5.53883436762792e-07,1.90792631193878e-06,-1.6449631901439e-06,1.38762718347891e-06,6.91581094108835e-08,3.36421399863525e-07,3.10008680569287e-08,3.64709353325301e-06,-1.36669530225596e-06,-3.37168564792234e-07,-2.73726780657491e-08,-4.9114271520492e-06,1.43253403174149e-16,6.12873399354112e-06,-1.05769530366916e-06,1.04819406793856e-07,6.16202225883434e-16,1.39070218156719e-08,3.78768786967681e-07,1.35891554521379e-06,2.84391184194981e-16,-2.29193221270222e-06,-1.77027850328122e-07,7.9274004809576e-17,-2.35606926624887e-07,0.0033132874035648,6.98410361642759e-17,1.70618531551043e-16,-1.10861145518132e-07,-8.68235274889939e-08,-5.13834019876207e-10,-7.30162854680941e-07,1.99082140001509e-07,4.06839900134903e-07,5.66032678385964e-08,7.02407670801455e-07,-1.20010388065448e-06,-8.26053635216706e-16,1.71972283743316e-08,1.70807749575724e-09,4.71993230502234e-09,4.42366393096952e-07,-7.87142382834136e-17,-3.03048025519732e-16,1.45786328386397e-07,-1.98414173506515e-16,1.77460249120219e-16,9.25920200378328e-07,-1.03540797490356e-06,-1.34023917379083e-06,-1.12037686693943e-08,3.40075295710586e-05,7.4639793860016e-07,3.3544713332025e-08,1.81505490496873e-16,8.21880783195039e-08,3.84584058226141e-09,1.76576541301316e-08,-1.24029484834931e-06,4.91196181908533e-06,-7.81739061363572e-16,-1.57831927547653e-16,3.62285216303032e-14,-6.21141013754461e-08,-2.07571703108042e-07,-1.74013602251051e-07,5.94929651711908e-16,-1.5953313898286e-07,4.23098246183959e-16,6.58335995175705e-19,3.79933549006336e-06,-8.34336398299345e-08,1.80194401067091e-16,-2.05873944010105e-07,-7.3932242457959e-07,2.37583320915349e-15,3.19666391452125e-07,3.0946207582883e-16,8.57566389916787e-08,-9.67638193486932e-17,8.55966527727326e-08,7.41191739009509e-07,1.86380048821394e-07,2.52704315111605e-08,1.7371097056922e-07,-4.53540242382192e-06,2.42521138944129e-07,1.41223481211919e-16,1.44522304594525e-05,-6.29265973608233e-07,4.26204940791881e-16,-6.25304671144544e-07,-2.44615957457606e-07,1.58285457484737e-05,-1.15413893074705e-16,1.8450055078847e-07,1.69562676026338e-06,-1.14812508401363e-17,-6.12139376048792e-07,-1.35577311386818e-07,-4.92240249201502e-08,1.06111459542115e-16,-1.89718183821298e-16,1.28419039405586e-07,3.95455383136648e-08,3.20327594205778e-09,-4.75917532087343e-07,2.42727562852602e-08,-1.77896425266423e-17,-4.61960713838063e-16,8.89492780683907e-08,6.13419629958897e-10,4.79960591756954e-16,2.16495988368602e-07,2.39022101485344e-16,7.81622756192046e-07,-4.21122403446298e-08,-2.46232001533872e-08,-1.63702707640443e-07,-1.67836678880007e-15,-1.89515041636616e-17,-1.53914558911945e-16,1.20571639567056e-16,-9.3744048103029e-08,-1.29838242623183e-05,-9.87083998510557e-16,5.10376772182406e-16,-2.92615028495371e-16,4.63006568643407e-07,1.66437469359847e-07,-2.328278850448e-07,-8.00975242646414e-16,5.95850408943721e-16,-9.17600956155951e-16,-1.51151987747776e-06,3.21344364749371e-07,1.36380723964e-16,2.29154770608577e-06,-1.52061951008736e-06,1.30023054017401e-16,-1.0677222233957e-16,-1.55423533976895e-07,-1.59569142989067e-09,-7.83759203725057e-08,-6.39207890274758e-16,9.07547363748914e-08,1.34470943120261e-07,1.48098950124321e-07,-1.40513549198525e-07,-5.06409838591409e-07,1.7553906873673e-06,1.16223128039104e-15,-6.776709920154e-15,-4.23561500958046e-16,7.48642709674274e-06,-9.09067921752557e-07,-5.10333997058248e-08,-4.89178889278203e-08,-5.5410317361365e-15,-9.98192615941166e-16,3.54004075696048e-15,4.89732369399221e-16,8.18391563570856e-15,2.30470786020154e-06,9.56897614542e-16,-2.05002789523817e-15,-6.78895777977916e-08,-2.51306112344987e-17,-6.16854003148865e-08,-4.23283149079882e-15,-7.84792083784809e-08,-4.95217357970181e-16,-2.23839815975556e-07,-4.49066349666103e-08,-0.402876429074604,-1.72333531036973e-13,-1.04342918377736e-06,5.24603811382942e-15,-3.95354254485594e-07,1.96610228435788e-06,-1.52110603946984e-09,2.89985217477271e-15,-1.64593462866992e-07,5.02984309122661e-16,2.54249237975642e-08,1.40209742548513e-07,3.90350016747487e-15,-6.13900574031671e-18,-2.31052882029182e-16,1.87455074468203e-16,3.12145207616494e-10,3.61240377460567e-09,6.98020058177895e-10,1.03678640924724e-15,-2.6802903886935e-16,2.04445012810409e-08,-1.17396935812636e-06,-1.74269035411892e-15,3.10692850247743e-16,-4.43161266827173e-10,1.27962623052394e-16,-5.14429547400074e-09,-3.27595978200175e-15,9.67251097017748e-08,1.04674708712192e-16,-3.24476644028641e-16,-1.7274490397683e-16,-4.58765823831536e-16,1.94506666495166e-16,7.11866897606658e-17,1.70597831130941e-07,-1.19884788283643e-06,1.91351311775749e-15,-1.72761956462646e-08,6.84816918653266e-08,6.88264867006983e-17,-9.85229527175811e-16,-1.32847929586303e-15,5.22388505600846e-15,7.80621257624794e-09,1.28381990541949e-09,1.45771984404441e-16,3.88062111463164e-16,-1.50092689902467e-08,-5.37363495571338e-08,-5.69201921394243e-09,-4.41588365805841e-16,1.9949813536717e-16,1.04643416596317e-16,1.32759396594192e-15,1.1510874446843e-15,-2.72150172199596e-16,3.75391162494954e-08,-3.59182165515367e-08,-6.98352171864428e-09,1.7463025169393e-16,9.56346265587967e-16,-1.18514286200719e-15,-4.82368662937417e-16,1.38081970711032e-15,-3.35497483328954e-15,2.26453132497001e-16,-4.69803527671116e-16,-1.00967133558229e-15,-8.30747873578927e-17,9.48152192122922e-16,4.98804184922137e-16,1.03582659002774e-15,6.91124330382565e-16,1.20767011419287e-06,4.24129127719675e-16,-4.98527628107415e-15,-3.42699279211925e-16,4.38398813438311e-07,-7.6654047125256e-10,1.58069909756643e-15,-8.489809426481e-08,4.09245084983949e-07,9.56504257008843e-16,2.82685971594738e-15,-1.16358279603462e-07,-1.10492956931305e-15,1.04821343106924e-08,-1.12188368544104e-15,-2.08889108204797e-15,-1.32556987921416e-15,-5.43409832583409e-16,1.52867740448406e-09,-2.10306577643155e-07,3.07371715105853e-15,3.1175798301103e-16,-3.55590514884666e-15,-4.82776303691341e-15,5.52761504103716e-15,-8.98123255801034e-16,-6.78700502457634e-16,4.42100775304191e-15,7.45059728967478e-07,-6.55571817539573e-15,5.04131133937107e-15,1.01201516656422e-14,0.707106781186546,-4.93673408634052e-15,-5.82949361923235e-14,-5.45798886234996e-08,-4.17417115869042e-15,6.56677983155629e-15,4.07841248160352e-08,-7.9727059438082e-15,-3.59257058543161e-15,1.30569562160024e-15,-8.14590589016829e-15,2.40511651872099e-07,2.87046207435574e-15,-2.58120943999371e-08,2.96892829050193e-15,-1.98391784361441e-15,3.72407710203227e-15,1.53140094616406e-15,2.03445953405516e-15,6.27838833800094e-16,9.39820808791066e-10,9.94393262274344e-16,6.11978354008214e-16,2.74495115711054e-07,-1.1800789748397e-07,-5.95904482705907e-16,8.30477351994617e-08,1.2180513956741e-08,1.68665061062036e-15,-6.91853439469214e-16,1.58927345974948e-15,-9.22637890352789e-16,-8.12686780975432e-16,-2.08545009357901e-08,7.73123710793097e-16,1.87163190391901e-16,5.40422594383932e-16,8.38649054292094e-09,1.25099569184762e-15,-1.16392892505345e-15,-3.13589615333334e-17,-5.91515733707531e-16,-3.84260490642494e-09,-2.79400625047246e-16,7.99274488143945e-09,2.76335795353841e-16,1.10339026666575e-15,5.09660881148752e-17,2.62456747361376e-16,-5.9992843552636e-18,-1.48913701751615e-16,-8.75270171731536e-16,-1.80963924904481e-07,-2.51463429384251e-16,5.29005680676285e-16,5.89052733647399e-08,-9.14622254079131e-17,6.56310727664147e-16,3.82912860463418e-16,6.75419417317695e-16,1.14656597610895e-16,-4.10152143287691e-16,-6.22536077148312e-08,-4.14835924213294e-16,-5.53566525710743e-16,1.28242195017387e-07,1.03459065918694e-15,1.05113813939109e-15,7.36250795394719e-16,-1.79669668103968e-16,1.36947791811469e-15,1.24109446478867e-15,-4.70190174193997e-16,-4.15910905331844e-16,1.37922808514971e-16,-9.23867247516577e-17,6.99218411223012e-16,-6.78811324618325e-08,2.91581314144057e-07,-8.48831233992182e-16,3.73105746904919e-16,-1.94959082694602e-16,-6.62553497879342e-16,-1.71992411632238e-15,1.54923353177279e-15,3.40667994861934e-16,3.97574801581848e-16,-2.844835341714e-09,-1.0169698716053e-15,3.53651027731335e-16,1.02437389526801e-16,-1.51529108992398e-16,3.65820093101294e-09,7.12750610328672e-16,-2.99511785034248e-08,-3.76184086449725e-16,3.22262144994835e-16,2.67011626493457e-16,2.85920244602332e-16,-2.39177312343059e-16,6.29671218424846e-16,-7.64678520099898e-16,1.19705172498685e-15,3.81358912639683e-16,3.9198755269348e-16,-8.15784843346346e-17,3.43009743720416e-17,-3.89619890355421e-18,-2.18150446860861e-16,1.66647224810991e-16,-7.26542036163277e-16,2.01167322761179e-16,8.38330742293801e-16,1.79841577267013e-16,3.34122296166066e-16,1.41596803726607e-16,-2.59860122927762e-17,7.92557612706653e-16,1.26057703693464e-16,7.63066173220688e-17,2.81520717053707e-10,-1.35495764148783e-17,-6.10118435493783e-17,5.49813379000696e-16,5.06409377783599e-16,-4.17662164210191e-17,-3.60487079155881e-16,2.34410480758169e-16,-2.40343643554004e-16,3.33334475565733e-16,-2.24178751216174e-16,-3.47703636716101e-16,-3.73355773439879e-17,-2.95475692912222e-16,-8.34471962422657e-17,-2.93349014396e-16,1.02208203153792e-16,6.02729356568996e-17,-3.65613194040917e-09,-5.54519435876534e-17,-1.23934443586968e-15,-2.60188515799392e-16,-4.97271583884839e-16,-1.81753542821066e-16,-1.70459450324432e-16,-4.32511443943488e-17,-8.03207989861543e-16,2.16893455244613e-16,7.81168347261874e-10,2.34072519447958e-16,-1.21229186975191e-18,-3.83563250846223e-17,-8.43715294023685e-17,7.24569800303004e-17,-2.83133324917371e-16,-8.33312196086672e-17,2.70219195369999e-16,-8.61798351767532e-16,-6.68703084321585e-16,2.35733351163238e-16,-1.10626289157456e-16,-3.03653124265612e-16,3.97110285683353e-09,3.71881574082095e-16,-1.4313108764894e-16,-3.70816595829631e-17,1.18069616583671e-16,-1.19921148167562e-08,8.06014105858613e-16,-1.02156857514165e-16,-2.1915461002278e-16,-5.70683645821013e-17,-1.85924125038355e-17,9.09155086403859e-17,1.71372534154598e-16,6.78388414272277e-17,-1.21190518571496e-15,-9.36698805170339e-17,-1.70047082272162e-16,1.10903225377907e-16,-1.13008500271581e-16,-7.80095793458568e-17,-2.23120558975317e-16,2.21002231994981e-17,-9.34896042875427e-17
"t375",-0.0384100527411943,0.0283995338249823,-0.0458944993071009,0.0173047861159853,0.00319449206896819,0.000262951925422544,-0.00484942382624994,0.0736406660653339,5.88970082768986e-05,-0.000113988229752535,1.89360674793041e-05,-0.00502733682109723,0.00895784229427698,-0.00133314976701947,0.000335412164599382,0.039772311833714,-0.000687966841847002,0.000888104091442935,7.26158290026901e-06,-0.000274851566563904,0.240335922188222,0.0100928000579575,-0.000624433347090529,0.00399768119293618,-0.000618141782055697,0.000412586900498403,-0.000557568757715231,0.000565630974334174,-0.0129819064772319,0.00518759612563682,-1.40045847088186e-05,2.27508391339444e-05,-0.00675958999894969,1.63195132421005e-05,-8.93954321799881e-06,-1.4284860438614e-05,-0.000573838686731087,4.15792469257999e-06,3.41747334199915e-05,9.70127564865795e-06,0.000567777184225639,-9.02547649105451e-05,0.000972275365657536,-0.000116948367602723,0.0480222450338956,9.45412024327799e-06,-4.05836959087945e-06,3.15558639147577e-05,4.51973375471097e-06,-1.70619219968512e-05,0.000157710493074802,-1.57628783069705e-05,2.23293551513138e-08,-0.000514575598818343,2.98645809235031e-06,-3.15607987423733e-05,1.23753815998974e-06,-8.21826893203843e-05,2.78478239559055e-05,-0.000252096893685698,-3.22479696414002e-05,3.70234676126503e-06,-0.000119017536649088,6.30865422995901e-05,-4.36710907004386e-06,9.93226111158254e-05,-5.69893000468038e-07,1.93848536260223e-05,-5.2058955138182e-05,1.97718705620391e-05,-1.24438520671936e-05,0.000201900800092603,-1.28549901398836e-06,-6.75351964090053e-05,2.95016029841347e-05,7.06164578842953e-08,-0.00128964415593363,1.74117178769317e-06,-7.2688416990386e-06,-7.86017950274908e-06,1.85971500400721e-06,2.62021819885811e-05,-1.47436322611561e-06,-5.20328215213843e-06,-1.05321256719641e-06,-0.00025988995023013,0.000104591553893273,1.6610465658428e-06,6.45821603395524e-07,-0.000725739500470514,7.09606612985447e-07,-7.42011076003326e-06,-8.36056163031632e-06,0.000964875933845516,3.49324685064767e-06,0.0493345706514491,-0.0019421018331214,-0.329527893886819,-0.00235201346274758,-0.000160840924402203,-2.35281321367887e-05,1.10930063610541e-05,-3.04365832683625e-05,5.51650785400882e-06,-2.33394168720484e-06,2.56965039469524e-05,-0.000117734674187322,3.09412850501695e-05,-1.77521738740003e-05,3.37848755478794e-05,1.82594013579622e-05,4.18708779734727e-05,-9.18788689745931e-05,7.47195150859204e-05,-2.85646517718235e-07,1.0588364324054e-05,-1.53933381997884e-05,1.57165430145729e-05,-1.5434552040789e-05,3.72588444369672e-05,-0.000179204794587426,3.21414630086233e-05,-3.02059985768745e-05,-8.30967582360991e-05,0.000208437503780402,-0.000333152470077014,0.000251178315341743,-7.90154395993023e-06,1.46942372811294e-05,0.000484264574624764,-8.00268756085962e-06,4.43153039336725e-05,-5.29942246609628e-05,-1.06171613775903e-05,0.00016949044450207,1.75446371243093e-05,-1.02374948718335e-07,-6.96089786140203e-05,2.29423463937205e-05,-6.61578675745508e-05,-4.29848037681261e-06,-0.00016799440659454,3.33867837280725e-05,2.22242993141321e-06,5.37100937789156e-05,-4.50774701465226e-07,-2.50256564937016e-05,5.6270963316623e-06,4.39185926551222e-07,-2.45991796210323e-06,-0.00306554234281758,-2.94991609169591e-05,-0.373835288959965,-0.000194439841493612,3.50335256497144e-06,2.42910924233267e-07,-3.1166383676538e-06,-2.93639674103854e-05,-1.98009359074541e-07,-6.8072781988704e-08,-3.86107337860562e-05,7.69726403767119e-07,-4.77258320512454e-07,-6.36088282354395e-05,8.02326216833371e-06,-3.02715242042344e-05,5.12007826454788e-06,8.78070095494886e-08,4.36943353849726e-06,5.88597712940073e-06,-7.05037117549031e-05,-1.66665116857629e-05,1.08794889113501e-05,5.26632840687035e-07,9.31466773790702e-06,2.1042127753858e-07,8.34555667550653e-07,-6.47377441596881e-06,-9.41542944623933e-06,-0.00338275482074956,-8.60457029567406e-05,5.66234886551266e-05,-1.7810324335794e-06,-6.507037351883e-08,-2.71318688195696e-07,-5.83297406190084e-07,-1.2329985705767e-05,5.72483357133365e-06,2.72911222117733e-05,-0.00418361951994476,-8.38423188320832e-08,3.09592235081681e-07,1.33239432188755e-06,1.84611925781056e-08,2.5662007776042e-07,-3.90082743658649e-07,-7.26621387814722e-07,-2.95896929031851e-05,4.42614844120101e-07,1.94989037521895e-07,1.9469035717454e-07,3.25756132588082e-05,-5.3271457781046e-09,-6.66172446272711e-06,-1.45637330058906e-06,-6.47451509890505e-05,9.28495580718136e-07,0.000254734049259784,-6.43593191034974e-06,-2.79786944719445e-07,-2.73277967960394e-05,6.15245866384664e-05,-0.000157230941789681,-3.97637213988539e-06,-0.00268124840547861,-1.73333485830527e-06,0.000113463181586411,2.15421057604676e-07,-3.876592472033e-07,-1.90601174856495e-06,-1.03546425944937e-05,0.000106955864019338,3.09644904997662e-06,1.00754849624355e-05,-2.54972316093044e-06,-1.3015953223434e-06,-1.37268492189099e-05,-9.39091180560005e-07,-1.46347002304585e-06,-1.15653862450782e-06,3.18693757947751e-05,4.98441358956607e-06,3.85363230879878e-07,6.43976407209692e-07,-3.37269018677061e-08,-2.32892523216623e-05,-2.85593553045341e-06,2.81936857046266e-17,-4.65941483564045e-07,0.000241033209352055,-8.57494643660437e-07,-2.01270899143018e-05,-2.53747321147892e-06,0.000127377850151329,-4.85528966970388e-07,0.000132093417916138,-3.64674753720133e-08,2.52334162359765e-09,-4.03066858545387e-06,5.856538583533e-06,-1.83471568630031e-07,2.50874627053843e-05,-1.16087866161774e-06,3.29891202536589e-06,-2.13286244511187e-07,1.32058956184652e-06,-1.7081281058733e-06,0.000776017810526387,5.48619634669694e-07,-1.0692277585544e-07,2.33294948312317e-06,-4.51194408813026e-07,4.9409125814286e-05,-2.45422143105996e-05,2.43935945615581e-07,-8.2984227297476e-08,9.66650935748935e-08,6.83578207215831e-06,-1.56041949544236e-05,1.02052799724574e-07,4.07321626041084e-08,-8.79435431502751e-08,7.61190430801831e-06,-6.83932484089577e-05,2.0546737878333e-06,-2.89764749303957e-05,0.000844998309233924,-1.20096106115835e-06,3.10569635421899e-06,-1.14083387832668e-06,6.21488101597609e-07,2.14272586804416e-18,-1.53766944457452e-06,-5.26900629934286e-08,-4.90221246052739e-10,-4.24295727922042e-06,7.51671481456453e-08,-4.65429119753042e-08,-4.63166939220088e-05,0.000141003572131563,-9.69731905486404e-07,2.54002521460891e-06,9.27918804086241e-08,-8.21199662717159e-08,1.05995991075715e-06,-1.28222475261671e-06,2.85633820396858e-05,-6.1131012996377e-07,5.35186209628204e-05,3.41130277364638e-08,1.84749178396905e-07,1.4373259771089e-06,-1.18252899683544e-05,2.78690289314937e-07,-1.06333666094596e-06,1.42424509836096e-06,-5.16084669759342e-06,3.21786894050839e-07,2.90484080034594e-07,2.21172715264805e-06,-3.71746077919975e-06,-2.97739191928244e-07,2.41791693656937e-06,-1.57709427191745e-06,3.89257514875313e-08,3.61320263696846e-07,-6.98377303830423e-07,1.46349497319694e-17,2.07538568724732e-09,8.74633559434557e-06,-6.00504418682874e-06,5.82690461441584e-07,5.21309933395494e-07,1.52433310950561e-07,3.540192105471e-07,-5.18599270664145e-06,1.932821562336e-06,5.6903221661792e-17,-1.49554641361482e-06,-1.82610733544867e-08,-5.12503985400327e-08,1.70570976556228e-06,3.90267321624083e-07,-2.65739414866398e-08,-1.03250512769277e-06,2.79039933646623e-07,-9.62545725889604e-06,1.93162906558328e-06,-4.14694515510052e-07,-7.81222857459177e-07,-4.25783549127382e-08,-3.38739243477151e-07,-8.64464529523893e-07,3.85715123393815e-06,-1.05994440464334e-06,1.02123642989454e-16,-0.0208643299054859,-2.52237447129385e-05,-9.25345079067469e-08,-2.55884602442592e-06,1.60615125987729e-07,-9.38107062485656e-07,3.77835828650205e-06,-1.40044285982605e-05,-1.03718243332732e-07,1.03161771539237e-16,-2.02054241498869e-07,-5.6908612264415e-07,-2.7364011752571e-07,1.07770523022655e-16,5.3806617206207e-07,7.07305081845219e-06,-1.08287309685357e-06,-4.46999521736585e-07,-1.50759647849186e-07,-8.12828007436712e-08,-2.92267216966102e-06,8.27077390176989e-08,8.80376851025275e-07,2.59820243857927e-07,1.96354286538383e-07,7.60863761352701e-05,-3.36595784280698e-17,-5.65479842849378e-06,3.51780525514723e-07,2.28800982422126e-06,-2.31992928096225e-07,1.26773107711318e-17,-2.27079028081162e-07,2.22657766791887e-06,-1.02333509722806e-07,-9.10511938839288e-08,-2.30628905794584e-07,6.92947882137618e-05,-3.22884857375095e-06,4.47097717056122e-07,2.17566020803204e-16,1.6193920409578e-06,-1.62263945410197e-05,5.97585629887823e-06,1.99023964250884e-06,-2.02228684443585e-07,-1.35691202032105e-09,-2.26381413614973e-16,-1.72131353817715e-16,-1.30628572465883e-09,-8.73746296274861e-06,1.15149306484e-06,-2.20620244151354e-07,6.45763800489273e-16,-1.04258150639633e-07,-1.22867786976889e-09,1.04186625583562e-15,-9.50902075869595e-17,-3.36575813380153e-16,2.58683911739436e-07,7.62166138537161e-07,-1.09789247212469e-06,6.46171178030802e-07,3.2198230144646e-07,6.59956235621607e-07,-1.99318410085811e-06,-1.26310095728047e-16,-4.32768490299169e-07,1.57086697098961e-06,-2.29405191686489e-16,3.28229122489736e-17,-7.53094483055814e-07,-5.81324987296318e-11,-3.32824942404434e-06,3.44876182131654e-07,1.74687386878991e-05,-2.32481991436926e-08,-1.52666935492999e-15,-7.81257498396492e-08,-2.2172065972224e-17,-2.65377971877334e-07,-5.4162674779229e-16,-3.61748737279346e-06,1.34233018132e-16,3.74901631644817e-07,6.71475235697253e-07,3.07284505873648e-08,4.03121002642889e-07,1.38765104985506e-06,-1.19280450915613e-06,1.00355841296133e-06,4.97075257270564e-08,2.41790118914371e-07,2.22377627867145e-08,2.60685607244395e-06,-9.72173943085481e-07,-2.38852855442315e-07,-1.93275316900884e-08,-3.46226773687614e-06,-8.18640678970827e-17,4.29846909168554e-06,-7.38146251166503e-07,7.20965022797962e-08,4.45294051182968e-16,9.52412624998762e-09,2.57677842652688e-07,9.21815914137743e-07,-1.58171487895852e-17,-1.55240554368931e-06,-1.1919074262589e-07,1.26978481061176e-16,-1.58157400720423e-07,0.00218310665501539,-3.84103703368891e-17,-2.10033168941667e-17,-7.2493089823498e-08,-5.67354650035346e-08,-3.34676699808628e-10,-4.73742559409722e-07,1.28019630388746e-07,2.61413119878443e-07,3.63297388423071e-08,4.45281559861708e-07,-7.52860890450453e-07,6.12086336476692e-16,1.07446945025386e-08,1.0664447152829e-09,2.93962168688685e-09,2.74683786060122e-07,1.45838208887684e-17,1.00692338106089e-17,9.01487664724709e-08,5.59552970282151e-17,9.07511834991147e-17,5.5701326975987e-07,-6.19767040051075e-07,-8.02145658590828e-07,-6.63065018623368e-09,2.00952317874091e-05,4.40903694620589e-07,1.97724146860808e-08,-3.61211865900982e-16,4.72996954787604e-08,2.20150147704024e-09,1.00898736466839e-08,-7.02345377055927e-07,2.73408613495956e-06,1.21594047984047e-15,3.21894691293737e-16,1.96502373747948e-14,-3.36696322724445e-08,-1.11156678803622e-07,-9.3098090180376e-08,-1.66701683335437e-15,-8.43151908080454e-08,-4.68258617538971e-16,-2.20720971690854e-16,1.89187306092641e-06,-4.15117750845328e-08,-1.15532583500055e-15,-1.00771288133331e-07,-3.58331142031244e-07,2.80379872867356e-16,1.51706224344828e-07,-3.85578631618476e-16,3.9611744717487e-08,1.5987393230921e-16,3.94380008431695e-08,3.40826060385754e-07,8.55124337762045e-08,1.15578848328169e-08,7.88828002966917e-08,-2.00235950098879e-06,1.02567927097393e-07,-4.31197551814204e-16,5.75284195575295e-06,-2.48737263085447e-07,-3.38287708205451e-16,-2.44834641618474e-07,-9.40841745116652e-08,5.98706207211857e-06,-2.67981831042574e-17,6.55888216013709e-08,5.94813258308079e-07,-1.42055392235892e-16,-2.10843617968321e-07,-4.62667665135024e-08,-1.62034473018428e-08,-2.18482892516979e-17,6.82551030784315e-17,3.83681701248647e-08,1.12691522768351e-08,9.03544039859659e-10,-1.02036452464526e-07,4.90719842533676e-09,4.16340374176601e-16,-1.53870256590248e-15,1.72123181153808e-08,1.18019124348935e-10,-1.01657633580067e-15,3.83872598953155e-08,-3.2531222110155e-16,1.26773936977217e-07,-5.91819908301655e-09,-3.4214550073992e-09,-2.17202409468779e-08,-5.67220424268779e-16,4.00856132586445e-18,9.49668844865678e-17,-2.72072863609359e-16,-6.73642530093899e-09,-8.63254670121562e-07,1.23792216472788e-15,-1.01562028833187e-15,-3.27048442515421e-16,2.15412912740723e-08,6.26029660251625e-09,-2.91520291579352e-09,9.80212660900703e-16,-9.92112750460017e-17,1.12597106118051e-15,1.26250019746853e-07,-2.80107972425951e-08,-3.17844968073439e-16,-2.98447677757175e-07,2.25975857490848e-07,-9.14594846105094e-17,-2.62764239406709e-16,3.02167963740177e-08,3.16344810146582e-10,1.78015587098804e-08,7.10907982928313e-16,-2.52930732123292e-08,-4.15568262818766e-08,-5.24046090209725e-08,5.90594736428899e-08,2.22458141256045e-07,-8.3597653988565e-07,-1.90027865950367e-15,1.35642784115538e-14,6.26249577182206e-16,-5.46187786824544e-06,6.67383330440774e-07,3.94530601176448e-08,4.89329875316751e-08,1.14835839371139e-14,1.42218402707891e-15,-8.24165744997523e-15,-3.98402971400335e-16,-1.53711505045702e-14,-3.02185037217074e-06,-2.74640310337123e-15,4.81020211311988e-15,9.92046524218434e-08,9.47763237797558e-16,9.06669261132275e-08,7.96767701041924e-15,1.16493132225759e-07,1.85032903376997e-15,4.03808304241426e-07,8.49956181029503e-08,0.821795630986536,3.50395336930728e-13,2.34045547313595e-06,-1.08770290477439e-14,1.1073293157155e-06,-7.67154369865289e-06,6.03044968612548e-09,-7.03664770825528e-15,7.62867825541992e-07,3.10851793889722e-16,-1.56843227675467e-07,-8.78555790177394e-07,-6.86314982017641e-15,-4.15367171430797e-17,-1.78775561590354e-16,-1.0526924198013e-15,-2.62594630875784e-09,-3.32726016957184e-08,-7.20816497223368e-09,-1.35066773447256e-15,4.05570082278775e-16,-4.65598250913722e-07,2.81700658501491e-05,3.17332776670983e-15,-8.46125061629192e-16,-2.54524744873898e-08,3.42406161044279e-16,-1.76292552290773e-07,7.50249964839663e-15,1.56631878665326e-06,8.41668487931122e-16,1.55309057641758e-16,3.57000614255278e-16,4.97486760510214e-16,-1.28211746311993e-16,6.62846680503028e-19,1.4020619894559e-06,-9.79366419071861e-06,-1.4917562677319e-15,-1.22045442884426e-07,4.58623337549336e-07,-4.08970675257817e-16,1.94703250489164e-15,8.69643010373632e-16,2.86096006176665e-16,4.30670569255688e-08,6.81533858769754e-09,-4.13286697981038e-17,-6.93150961817363e-16,-7.65165266443479e-08,-2.72552319381307e-07,-2.83854473971856e-08,1.25592586562281e-16,9.50224745048585e-17,-3.54354995116637e-16,-5.7762653933581e-16,-3.98965538186212e-15,8.58910349155975e-16,1.49216279508509e-07,-1.40290860730286e-07,-2.68187557673521e-08,1.76648437609092e-16,-1.61759828195268e-16,-5.68193608303767e-16,1.21104460044453e-15,-1.28179723130381e-16,1.35887387222017e-15,-3.67842627563378e-16,-2.38373216850963e-16,5.2860150444923e-16,-3.04356707480123e-16,-1.56885142637072e-16,-8.02657737282644e-16,-7.39304897586971e-17,-1.26799947443536e-16,3.69114765041628e-06,-1.55583789601527e-16,2.13568935175727e-15,1.77957460074172e-16,1.30798770119418e-06,-2.27468272174634e-09,3.79095101952681e-16,-2.51095413233624e-07,1.17734946383076e-06,-2.22676553721144e-16,4.62310784831932e-16,-3.24069883019033e-07,-1.2190244570353e-15,2.81354783654048e-08,-2.59460659284583e-16,6.08581110788219e-16,5.54915677958511e-17,1.48396475003706e-15,3.89216894396118e-09,-5.33660789225484e-07,-1.22076517364168e-15,-1.05189808520428e-15,7.94861491110968e-17,1.13885697055253e-15,-1.10512727441447e-15,2.63369830817151e-17,-1.93973423035927e-16,-1.36849119978044e-16,1.63499846844408e-06,1.06659401730168e-17,1.19960221694951e-16,1.17428702173168e-16,6.27218272736125e-15,-8.54676148606111e-17,-2.59005316953551e-16,-1.16764534783075e-07,1.65005533248298e-16,9.29175203405289e-16,8.68586874745528e-08,1.82726598978101e-16,-4.2150339089808e-15,-2.36389727443318e-16,1.52760313637852e-15,4.87664247532193e-07,2.97749615984053e-16,-5.19129056251027e-08,1.24914263142545e-16,2.25968097562486e-16,-2.28011454287045e-15,2.50169592784782e-15,-3.98087333039242e-17,-1.33373115742119e-15,1.86009217894028e-09,-6.85658614170956e-17,-2.20734712710423e-16,5.36898685969311e-07,-2.30682416818157e-07,-1.77562587674203e-16,1.60752381508267e-07,2.35060664611639e-08,-1.4753128739689e-16,1.0301904554529e-15,-1.42937819389197e-15,-6.90049067137195e-17,-4.31370910036167e-16,-3.859735324113e-08,-8.56889033071934e-16,-5.62350852917573e-17,-1.5459825147723e-16,1.53681938352358e-08,1.8773781288044e-15,2.61636025207018e-17,2.26389021695558e-16,-2.73289749358143e-16,-6.95289673770324e-09,-2.69556402607856e-16,1.44072697642355e-08,3.48862977537158e-17,-1.13281486561272e-15,-6.17970884291379e-16,8.70357900061645e-17,-1.06102552459243e-16,3.23803416331367e-18,-4.38660358302254e-17,-3.19930371619129e-07,4.47434677645515e-16,1.44308751057425e-16,1.03659914483373e-07,3.09283456281287e-16,1.01419211901319e-17,-3.38319256133365e-16,-3.95058529603883e-16,-6.67993046104852e-17,-3.43188924304359e-17,-1.08023147392395e-07,1.76451723017063e-16,1.33377523808414e-16,2.21178425383379e-07,1.03539086738525e-16,8.32794313830656e-17,-6.49536159512635e-16,7.20730297463086e-17,6.32517155544778e-16,-1.29335357124071e-15,2.91839387181466e-16,-5.32351070331967e-17,7.45246670261853e-17,2.80819678880817e-16,5.84956264559033e-17,-1.14598840162735e-07,4.91046733906399e-07,5.47652353826334e-17,-1.52906956279983e-16,-2.62428350991537e-16,-6.17748326177901e-17,3.18809648819363e-16,1.18013291130576e-17,-1.57750328397901e-16,-3.01530604680897e-16,-4.73148701764835e-09,3.03735547809601e-17,1.85446093359624e-16,6.73619877647508e-17,-1.23112580875287e-16,6.02271388470346e-09,-4.28166928992316e-16,-4.87704925851464e-08,1.98622994753473e-17,3.58576165931393e-16,-4.35744771411699e-17,8.32331112657269e-17,7.78018146648311e-18,-3.33840230200708e-16,4.38970326162335e-17,-6.99235391722211e-17,-1.17426054040573e-16,1.32336591415244e-16,6.56093312036213e-17,-8.92533637085202e-17,1.81142386381877e-16,9.64148109453632e-17,-9.72927023509932e-17,1.46951770721393e-16,-2.09762723992742e-16,2.65681849819184e-17,3.44478394227802e-16,3.89281341300886e-17,9.57079467761579e-17,-2.95222373905974e-17,-3.72196298192085e-16,-2.45313504810727e-17,-6.04291692453672e-18,4.41835282680809e-10,-1.44878157379665e-16,8.73975337335836e-16,-3.23381882732563e-16,-1.33827608119001e-16,1.57730746008355e-16,5.57523925405651e-17,1.98973798447092e-17,4.43181373637215e-17,1.0676841104555e-16,6.48548425451995e-17,-5.55219932529827e-16,-9.77397009145971e-17,4.33330698783891e-17,9.28749737068773e-17,4.75770761293131e-16,-9.33009248571702e-17,-9.73056730463716e-18,-5.61337717735635e-09,-9.87640079369505e-17,1.76958741049927e-16,-3.98424296772162e-17,3.39892003578556e-16,-1.39268868564603e-16,3.94956558334059e-16,-2.31674692431917e-17,7.59149712006747e-16,1.47877553810771e-16,1.17488679066073e-09,4.48494502531795e-16,4.46415857517276e-17,-6.46899315801612e-17,4.54570736330049e-17,4.00433959696155e-17,2.11147937183969e-16,8.72251594442681e-18,3.53473006475947e-17,1.07426861886381e-16,-4.08663573399586e-16,8.79609205248548e-17,-1.98042634731186e-17,-7.34061473168442e-17,5.86096570177148e-09,-8.2530468407214e-17,4.24905660332298e-17,1.99058967881222e-16,-6.28349369063974e-16,-1.75541676732053e-08,-1.40576857190333e-16,5.45323812148317e-17,1.56066742500866e-17,3.36124221155929e-17,1.60876848824977e-16,-1.28259871041059e-16,3.36301266838026e-16,-2.25908026363984e-16,1.30923227525307e-15,4.08217480605552e-17,7.5582368505403e-17,9.49272372023561e-17,8.43790924177298e-18,3.47805932655439e-18,6.94285375436701e-17,-2.39248282280182e-16,-3.988710447396e-16
"t123",-0.00774379438274156,0.0230328626466715,0.0263517581986928,-0.00823220615865949,-0.131895777711252,-0.0292516009127651,0.0188476807682819,0.00030188420808364,0.00100179969817765,-0.00219166283804438,-0.000595104418759733,0.0035664807272524,-0.00523119894110839,-0.000509304103138757,-0.00354583777473519,-0.000984085537030027,-0.000916790995065795,0.000384906876967496,-0.0003417962336169,0.000250428347190801,-0.000927197045356843,0.000193842201952078,-0.000406423203675059,0.00084138534533829,-0.000132126267932817,0.000307554411932128,-0.000383220197706626,0.000354065650611963,-0.00304867988446954,0.00775241516280282,-1.85110456645859e-05,2.59229387482818e-05,-0.0011125241567103,0.000177817953673093,-2.22974904785586e-05,-2.30917946164199e-05,-0.000104997916937528,5.98381320076495e-06,4.69388770136418e-05,1.19475864572727e-05,0.000523378210084708,-5.34387177232722e-05,4.8380170438024e-05,-4.06354108635762e-05,0.000173229851109907,0.223228099647103,2.36617078639285e-05,-0.00027989408563513,0.00015429313918285,-0.000255779959108677,0.000241012694846741,-0.000144676126789507,2.01231578712984e-07,-6.72883924730835e-05,2.26479378205396e-05,-0.000236860419718245,9.35735388353052e-06,-0.000656170301752444,0.000224163888766071,-5.19544663322197e-05,-7.68122444634097e-05,0.000131688403212104,-0.0811930864756863,-0.0102543046382934,5.55384872902151e-05,-9.26350093916875e-05,5.77526843795456e-07,-3.13580906334366e-06,-7.36448149464032e-06,1.17485225896935e-05,-4.61414542520558e-06,1.48173543816417e-05,-3.7189161941755e-06,-3.42920988924382e-05,1.44375950635207e-05,1.02774786026683e-07,-0.000125920275844918,1.38556567301134e-05,-5.43698571915975e-05,-6.76233008311462e-05,2.30285926134292e-05,0.000361345744387376,-0.000114038073752442,-0.023529883264642,2.41942646992603e-07,6.16332913350359e-05,-1.41946951629658e-05,-1.75285139733867e-06,-0.000205993556360457,2.03161566867888e-05,-3.58926491204477e-06,1.72183347371246e-07,8.71056317043444e-06,-0.000114024949618856,-4.78883331669177e-07,-2.7838726395791e-05,-3.27099864803527e-06,1.68532593197831e-05,-0.000141447222460127,-3.89433048480287e-05,-8.64078380266407e-06,7.44134496207677e-07,-1.1852643630934e-05,4.68002297467608e-06,-2.06268900005926e-06,4.34782383888276e-06,-0.000114452149793151,5.35313764815876e-06,-1.83046798749136e-05,8.4607922220685e-07,2.10391818809186e-05,0.00517858389521966,1.02813806290387e-05,1.11760099287196e-05,-3.15524389282959e-07,0.00150186200500263,-1.78334761700974e-05,1.99594711471089e-05,-2.08646271035491e-05,5.23388931699761e-05,-3.79645471872248e-05,5.08752710998805e-05,-4.98240772109932e-05,-0.000137026339138116,8.34516987895329e-06,-8.89130391950924e-05,9.08544653493602e-06,-1.54354044778355e-05,3.33005536713771e-05,0.00109958513403896,3.55056359126081e-06,0.000116325479262217,-2.26790743689713e-05,-2.94679330876353e-05,1.95993190286324e-06,5.44476286153087e-05,-4.18662702289949e-07,-0.000405529565655757,0.000489920392724845,-0.00155072257712433,-0.000262268253130527,-0.0744155037558373,-0.00154080497043969,-6.83957122016392e-05,-3.59066927197112e-05,4.16642539311991e-06,7.4780570565676e-05,-6.46975594749309e-06,-3.76671085354009e-07,7.29713670500819e-07,2.04422979720257e-05,3.09226205187599e-06,1.15116260831804e-05,-2.2517403987431e-05,4.26430323830158e-06,3.48474809024298e-07,-4.99952288564535e-06,2.10879676056399e-05,4.18458056816222e-07,1.3278046695569e-07,9.44935998237847e-06,-9.74975257032648e-07,3.39901003968031e-07,8.58434525446035e-06,-0.000357282133095865,3.2173696732146e-07,3.23807189063413e-06,5.81548039220197e-08,2.92785010412136e-06,4.65814453029809e-06,-1.28344857078699e-05,-2.32213233498457e-06,4.06265313618361e-07,9.06633680277215e-07,4.21333013155637e-06,5.60001701092983e-07,4.39981429403266e-07,-0.102149486557206,1.00163341343075e-05,6.0198004190012e-05,-0.000163079853849705,-4.12297990487005e-05,5.55627105355982e-06,2.64992176680657e-08,5.30867829344714e-07,1.32305277796565e-07,1.3937007131278e-05,-2.18501829246999e-06,-9.68457080785821e-06,1.43943976053614e-05,1.77808937743993e-07,-2.63346144286199e-07,-9.73389708781278e-07,-2.06968960375052e-09,-1.38108939242847e-07,1.5397961718605e-07,2.69556897508268e-07,2.28332450687295e-07,-1.35949260495199e-07,-3.69304690082907e-08,-3.60234259356464e-08,-4.85644523055663e-06,6.32554796687978e-10,7.61716378786274e-08,8.65369121278665e-08,5.30774894370922e-07,-4.01216742044393e-08,-2.28353187144582e-07,1.13202479582977e-07,-1.73616513169576e-10,-4.52709522953651e-07,2.40032420464319e-07,-1.08565468225421e-06,-1.2117538538338e-07,-1.31935664477532e-08,-9.82533252284013e-06,3.03044639025157e-08,1.48475437324352e-08,-3.28646030170023e-08,-1.97672187358164e-07,-1.18611439368936e-06,6.1414310690188e-06,0.00229178181979553,-2.90105303172255e-06,9.82723828884536e-08,3.42995449456675e-06,3.44574875254464e-07,3.7441719907573e-09,2.42825537034941e-10,-4.30095762223414e-10,-1.1550485602264e-09,-1.25709407633211e-09,-1.06021868311444e-09,-2.06259908681578e-09,2.84748891411361e-10,1.29274260603876e-09,5.03810925515354e-08,-2.46599049938298e-16,9.67128165194146e-07,-1.68353664154429e-07,3.86853829925319e-08,1.72179019335741e-07,1.82642600776723e-07,-4.13997060735961e-08,5.41611353424291e-08,-4.02841105578494e-07,5.11306340157713e-09,-4.1608090400986e-10,1.53314170452378e-07,-2.37812522014574e-06,2.05278774775865e-07,-0.000277033914084841,-1.31120437962402e-07,-8.44053786826396e-09,6.86424549362422e-10,-3.7420778462143e-08,4.42068095363577e-08,-7.05489473937806e-07,-1.34862051258744e-07,2.78143729101845e-08,-6.63558843920783e-07,1.32012144115986e-07,-1.48696994277814e-05,1.29683737668044e-06,-8.20385825356453e-08,2.80903572722049e-08,-7.16261447117210e-09,-2.63454833036326e-06,1.11464085107258e-06,-4.2005043977638e-08,-1.69986107091876e-08,3.83134401305329e-08,-6.21642002136515e-07,9.50756511340953e-07,-1.16254697232453e-06,3.05738876217793e-06,-2.50459144267736e-06,1.91240618027876e-07,-2.63528497903368e-06,1.86062268529754e-07,-5.5676462665519e-07,-5.94418712777232e-16,1.52717230953897e-06,5.31333891720216e-08,9.75462075729026e-11,9.76888953274159e-07,-1.08142572279489e-07,7.33093541799334e-08,3.38017259919574e-07,-4.38970447275707e-07,0.0963216906042608,0.000172933787169545,2.95638724854619e-07,-2.56484320808985e-08,1.92219988443041e-07,-1.33972303807776e-07,-5.08144958458782e-07,3.25954036775623e-07,-8.76897963704177e-07,-2.36565502085169e-08,-2.39458832448112e-08,-1.4230482890553e-06,0.00132680507478794,5.88480324223887e-09,7.18212851074568e-07,-1.34783146999793e-06,5.15383066741749e-06,-4.27728259540717e-07,-4.00447068081696e-07,-0.000322951712595116,8.40532900167709e-07,4.07511612066316e-07,-6.620664839999e-07,2.39652390865349e-06,-6.02598139416243e-08,-5.76572398428033e-07,1.18460870109913e-06,1.25217539025983e-17,-4.86394628306984e-09,-3.9963334425647e-06,3.78553598181825e-07,-1.47602118882404e-06,-2.49792728540035e-07,-3.90362209771797e-07,-9.24837791214941e-07,1.3872019004082e-05,-5.42191037779207e-06,3.51667482825837e-16,4.6657769048972e-06,5.73688617916017e-06,1.66422943413369e-07,-1.0513786465326e-06,-1.358104641031e-06,9.57549071176151e-08,3.89920680994309e-06,-1.08607441410121e-06,7.51294804382268e-06,-8.24526171751188e-06,0.000173703759213097,3.33234097117808e-06,1.8021100691748e-07,3.51174973493157e-08,3.54966738645765e-06,-2.90393890028519e-06,4.0556478928533e-06,2.49476392904161e-15,1.88187103734565e-05,-1.53846739935266e-06,-4.4355728447519e-08,-4.39067132859235e-07,1.10578268666612e-05,2.95266356908278e-05,-2.15730662530351e-05,7.96944781905827e-05,3.15677640059227e-06,9.1733878399909e-16,6.25917456491907e-06,3.3712566846457e-06,9.21396749891249e-06,-2.91759688322927e-15,-2.01741604067974e-05,-4.00754895919373e-05,6.2416205401417e-06,1.83503023977245e-05,6.61117124494124e-06,3.76816756234575e-06,0.000142095113912266,-5.10038710516589e-06,-0.0047680789153482,-3.12472521900223e-06,-1.56004957170169e-05,-3.03581252126474e-05,-1.78609113986565e-15,3.43731736432263e-05,-0.000124099759259014,-0.913557274115174,-5.43513615142799e-05,-1.23267467225591e-15,-1.70822631363674e-05,2.42831972479033e-06,-3.75307614789973e-06,-0.000298843343699204,-7.31439039638663e-06,9.06441613808731e-06,-7.67939017660963e-05,7.86750358915398e-06,2.20751463581863e-16,2.36359878913868e-05,-5.90421632001956e-06,1.59636535965995e-05,2.70068505491705e-05,-2.73672883197623e-06,-1.81833711270052e-08,1.17666293375507e-14,2.51411507283972e-15,-1.66085256498279e-08,-2.68696992982509e-06,3.52417032324038e-07,-2.59214033396401e-06,6.85827746061043e-15,-1.14899004092319e-06,-1.32103223914146e-08,-1.12400694669664e-15,-1.51513735331148e-16,1.24931841714127e-15,2.61511685656344e-06,7.66617632202952e-06,-0.00100223896890869,6.12494932155074e-06,3.05027959580813e-06,6.19143881999527e-06,-3.55263185515814e-06,-1.41948228997301e-15,-7.60169436077954e-07,2.12575626097647e-06,1.2596447930271e-15,-1.34459595065423e-15,-1.35293734176363e-06,-5.58598101686171e-10,-8.39418113500098e-07,3.56717345299934e-06,9.63886243983657e-07,-2.8060409970902e-07,-7.15162837798366e-15,-9.90557435467961e-07,-3.34362622185408e-15,-4.228784597451e-06,1.9935144030328e-14,-2.0964560827539e-06,-2.5418196142072e-14,0.247306099133215,-7.08508529163348e-06,3.7373292159601e-08,8.46430490998115e-07,6.30338690174775e-07,-9.91299930713633e-08,7.21389974220784e-07,2.20909043357407e-07,1.07555360265828e-06,1.01799362564131e-07,3.1475650101881e-07,-9.13786228494463e-07,-1.20262070429308e-06,-9.84628319633757e-08,-4.49916997168461e-07,4.16558943669507e-16,4.24400786027724e-06,-7.34542505586951e-07,3.50441041483382e-05,2.2577888807384e-16,5.02496444937729e-08,1.35743872868344e-06,4.84787936479863e-06,-5.37604504289358e-16,-1.55439295389376e-06,-6.22069595352291e-07,-2.68445444775752e-16,-8.20798952910452e-07,2.40877710031353e-06,-7.89812399325555e-17,-2.96315236713983e-16,-8.84383224191414e-08,-3.58744972301891e-07,-2.04832017532458e-09,-2.85389534269103e-06,7.76278371782195e-07,3.03489192621316e-07,2.2231996520699e-07,0.0110728561932631,-3.6367730302438e-06,-1.67997126626629e-15,1.0268986717657e-08,5.35871622966803e-09,1.49446894909446e-08,1.41083952844968e-06,2.7753341689778e-16,-9.81525579437434e-17,4.67667026243041e-07,-1.47179134510697e-16,6.50943526289706e-16,0.000269412776048448,-3.24535865767166e-06,-8.05692721434783e-07,-3.29711988405422e-08,2.06188429653046e-05,3.98046056531429e-06,1.11824089293743e-07,3.21434752827111e-17,2.58094264791365e-07,1.2029709140968e-08,5.51631659249276e-08,-7.32355012912841e-07,2.87198516076396e-06,1.59287026913815e-16,1.28182412217673e-16,4.85755913320964e-16,-1.87934629907578e-07,-1.18838812026976e-07,-5.22702609694782e-07,-4.33581315916052e-14,-9.07178392530398e-08,-1.69448507509913e-16,1.95809123084011e-16,1.10143638008644e-05,-2.41787440587481e-07,-1.03888252167561e-15,-5.92359205921324e-07,-4.03749080659067e-07,-7.11879292147886e-16,8.24232509377827e-05,1.46792690141689e-16,2.40734319237672e-07,2.09343967412977e-16,2.40058872154948e-07,2.07716854328427e-06,9.94984260394171e-08,7.06781835556743e-08,4.84556461078346e-07,-3.18728070965814e-07,6.5981373061981e-07,-1.80808374896388e-16,5.68824305401861e-06,-3.20750074023619e-07,4.51935392650015e-16,-4.22026876995296e-08,-6.48234624814963e-07,1.98937883765274e-07,4.41351464780056e-16,4.78610865862369e-07,8.36412407292044e-07,-1.08835492304192e-16,-1.57605634440795e-06,-3.48302936056495e-07,-2.39302725573481e-08,2.22910345375158e-16,1.14304546314303e-16,3.20770588417621e-07,9.79116891520304e-08,7.91653504892805e-09,-1.66334919922851e-07,5.71372854186299e-08,1.38711749632449e-16,1.04169895277767e-15,2.08319451168215e-07,1.43569364709018e-09,-1.47531233679682e-17,5.02265712287563e-07,-2.53783536962609e-18,3.43210704044644e-07,-9.56611187700732e-08,-5.58832812045036e-08,-3.70212683200387e-07,-6.56321346737749e-16,-2.32347451728079e-16,-1.10425553693183e-16,-1.29709494411677e-16,-3.91333285799342e-08,-1.35682031484167e-07,1.245505946074e-16,-1.98483459942106e-17,2.24459104646797e-17,1.90694937860807e-07,1.71268065994318e-09,-9.41665851654385e-08,-1.68331870363659e-16,9.12166392766367e-16,8.27164942443503e-16,-3.04629994219315e-06,1.23393237329761e-07,8.19238706272799e-17,2.1671894617049e-08,-5.67548530573605e-07,1.89817295562082e-16,2.44676656786407e-17,-2.97769285139055e-07,-3.05246741105196e-09,-1.48345806307371e-07,-2.89125124156156e-17,1.69523855988665e-07,2.50840401652039e-07,2.81586810544713e-07,-3.77287780826167e-07,-0.0229027460772441,8.14621833658969e-09,9.88058375961844e-16,3.92474651393814e-16,-2.89929613815689e-16,2.29554779770184e-07,-2.07967659885338e-07,-5.94993272398737e-08,-4.73146668767425e-08,-3.96488956826839e-16,2.83291129149536e-17,-3.28120307026123e-16,-4.76537481605387e-17,-9.16484678946261e-17,2.99497892541618e-07,3.3580765580331e-16,-3.31879351274385e-17,-3.66414269400864e-08,3.70724413253643e-16,-3.27996623159706e-08,-4.90017325296348e-18,-4.06627493292973e-08,1.45469473242952e-16,-4.91907196621347e-08,-6.15395923075269e-09,-7.42243770472788e-07,3.63497159276104e-18,1.9725371740038e-07,-1.90827692492019e-16,2.79296438655327e-07,-6.4782096193536e-07,2.70939600700391e-09,3.59386347709658e-16,3.94634054552663e-07,1.49527777547989e-16,-9.67702225129351e-08,-5.46145278000339e-07,1.52853989481342e-16,2.76821383154083e-17,8.88656252291856e-17,-4.32226416544349e-16,-1.82979946475039e-09,-2.38150784361489e-08,-5.31452343415465e-09,3.57725836350063e-17,4.12762659125309e-17,-7.41029228792239e-08,6.04390300918507e-07,9.24385223465531e-17,3.27314626676947e-17,-2.40539480744805e-08,-1.27859541420967e-16,-1.70325667572263e-07,4.06281584881798e-16,1.60431901436239e-06,7.79512969627682e-18,-1.4103555937965e-16,-3.45247351840314e-17,1.90348704338346e-16,-1.26688037732391e-16,-1.76247815441269e-16,4.05743861231156e-08,-2.83742459805149e-07,-4.12888890094929e-17,-1.42135226038052e-07,5.40285250990364e-07,1.89647963886293e-17,6.04289352757591e-16,-1.56388269367286e-17,-4.75720717112503e-16,5.31035064313438e-08,8.48650374226056e-09,-1.15590388423345e-16,1.98429451864271e-17,-9.62943582203143e-08,-3.43466076636221e-07,-6.87580351380628e-09,-8.9941193061658e-17,-1.82165869194929e-16,-8.64439467752515e-17,-1.72974826938525e-16,-2.32527453544618e-16,3.63523428474994e-16,2.01695252912502e-07,-1.90666856776481e-07,-3.66429119740379e-08,-1.83959473540703e-17,-3.04908379624728e-16,1.87301329424172e-17,9.75213652925272e-17,-8.90682907013736e-17,1.26514478072034e-15,-4.71643550927611e-17,-1.88225694693918e-16,7.63648640749051e-17,6.87045659167905e-18,8.14799813127487e-17,-8.73177555029355e-17,-1.52654956645874e-17,7.26082426194974e-17,2.63425745388252e-08,1.60921447706632e-16,-1.30420091866655e-16,-7.13565892316951e-16,3.72408521491251e-07,-3.39010092242192e-09,2.31701376067979e-17,-9.60671801175231e-09,3.39639119381628e-07,-6.75769031571765e-17,1.74897331722424e-16,-4.94171783333378e-07,8.91357049333149e-17,8.32600262634502e-09,7.5580158074024e-17,-1.00036646883145e-16,6.50035460842099e-18,-1.60193887004574e-16,6.13636264413771e-09,-8.42434548229643e-07,3.68893603263015e-16,8.35936956749959e-17,4.64232227424191e-17,-4.01067853496401e-17,-1.8269348707467e-15,9.84613696040155e-17,6.30744695141409e-17,6.10770247741192e-17,1.32316297693263e-08,-1.06518737593989e-16,-8.9672816981777e-17,7.4548967863958e-17,1.45611474979289e-16,3.21124307311416e-17,1.61002057142748e-16,-1.96800076504299e-07,4.97977564813202e-17,-2.03715888006557e-17,1.46651152374029e-07,-3.8888357036881e-17,1.42664254563274e-16,7.17279249292967e-17,1.20499630971339e-15,1.60736645723177e-07,-3.26660816194017e-17,-8.96137459076474e-08,5.59345577754797e-18,-1.65636656712379e-16,1.6341549211672e-17,-8.07870378937998e-16,1.51984502773808e-16,-4.09680605717871e-16,3.23085723831704e-09,1.66369561510105e-16,-2.64734339811447e-16,2.40632772635308e-08,-4.02599266412618e-07,-1.86173153446139e-16,2.81612837232438e-07,4.12267218217429e-08,-1.40096366355494e-17,2.65482194417278e-16,-3.50067233311439e-17,-8.31156396408502e-17,2.00460862125545e-16,-6.87801453028861e-08,5.69396467480251e-16,-3.53519649969869e-17,1.28893176471121e-16,2.74886543816637e-08,2.8462864708721e-16,1.09365536762195e-16,-7.17804382739625e-18,3.0856500647859e-18,-1.24956072930406e-08,3.54158963694037e-16,4.96830832249184e-09,-7.75228281738804e-17,8.84486594259839e-17,1.03112259784074e-16,2.92557005757201e-17,2.39780148620797e-16,-9.68715479748884e-17,-1.3461108782229e-16,-8.5875044037843e-08,-1.57260233928127e-16,2.50906615312629e-16,3.60691047104529e-08,1.47920151673637e-15,1.14417935903939e-16,-1.10237787293138e-17,1.67303353429369e-16,3.42249544241797e-17,3.79362839430817e-17,-1.9715623023849e-07,-1.26733092510584e-16,4.73784109427255e-16,7.75332266523872e-08,-1.65118059979611e-16,1.27069239096553e-16,8.8300031036082e-17,-8.9246116064428e-17,-1.77640623514435e-16,9.75958948655998e-17,-5.05851979002609e-17,4.55267136298105e-17,-1.1187815504284e-16,-1.18532470008161e-16,-3.71498013501957e-16,-4.04844068076302e-08,1.341726574186e-07,1.87042533129297e-16,-3.52338271806022e-17,5.64416286668456e-17,4.65869273294317e-17,-5.46112634280949e-16,1.44101872601926e-16,-1.52075768379131e-16,-2.18495293696649e-16,-8.7669908783427e-09,2.25208829034477e-17,-1.35973121888446e-16,-9.26261555778855e-18,-1.49461790754642e-16,1.11988845842457e-08,7.35630088835483e-17,-2.34188220586208e-09,3.09290711764342e-17,-6.22324781814398e-17,2.50285684614503e-17,-2.56151788038382e-17,-8.40958337783908e-17,1.66719652886653e-16,-1.96354383092089e-16,5.42841095561611e-17,4.07634103631486e-17,2.23798309188408e-16,-5.46404826186761e-17,6.11995535882039e-17,-7.70264649848172e-17,-5.71549115358203e-17,-3.78868907570923e-17,3.92629014607663e-17,2.94462384945742e-17,-2.61614950864906e-17,1.00235525440137e-16,-3.71681052996632e-17,5.28017300022166e-15,-8.35786272669978e-17,1.65547027550568e-16,-2.42762085570624e-16,1.10838609680683e-16,8.34745588492483e-10,1.21905932112232e-16,1.38525983906757e-16,-6.5459075325998e-17,-4.73041946978189e-17,1.16211007190009e-16,-1.04646972991827e-16,-4.88397786494573e-17,-2.55595305393194e-17,7.52678681406483e-17,7.65372485324804e-18,-3.36048463361882e-16,-1.14366767507849e-16,-4.27230235295935e-17,-4.08553253377968e-17,1.7997648567826e-16,-2.40178431425292e-17,-4.96462499979817e-17,-1.06783246011184e-08,1.63242778907934e-17,-2.61932457268187e-16,1.86494954477524e-17,2.94321728640072e-16,-1.36252247702227e-17,-4.65068723716314e-17,6.05470471291261e-17,1.93245255996699e-16,-9.28930663772774e-17,2.24873796872059e-09,2.54849041183002e-16,-5.50209670100578e-17,-2.25043513548381e-16,-1.52821315535847e-17,-5.4459707768924e-18,2.26670018531801e-16,-2.44154192754697e-17,4.75649650354574e-17,-5.31586409162045e-17,-2.68985852178709e-16,-4.32875167208112e-17,-7.37043035193708e-17,2.65793669742059e-17,1.12776617651464e-08,9.29191625094195e-17,6.83948617087816e-17,-1.63292502354473e-16,-9.97910521577383e-15,-3.38526396887023e-08,-1.61573565319866e-16,6.85468947196037e-17,5.90695965753666e-17,4.9580685418087e-17,9.087483531157e-17,2.74973448264224e-17,1.57161905442588e-16,1.15173191202642e-16,5.39770654903403e-18,-1.14298274569434e-18,1.37675579100013e-16,5.37382710707361e-17,3.90467072161204e-17,-2.28358874861263e-16,1.6951722720535e-17,2.04296954745754e-17,-3.10840399042536e-16
"t664",-0.00775548974107915,0.0231062854962689,0.0264384859935486,-0.00826855529991639,-0.132609472583797,-0.029437456376873,0.0189697979415657,0.000303996698736757,0.00101008834992432,-0.00221368413148532,-0.000602708115230283,0.00362276864698285,-0.0053162079471183,-0.000517707509510571,-0.00360693052747989,-0.00100205677512298,-0.00093393943177353,0.000392239060599034,-0.000348460422234889,0.000255740511032195,-0.000948502366609558,0.000199240324262108,-0.000418392045082528,0.000866308669129225,-0.000136055889457885,0.000317149663025764,-0.000395321472099559,0.000365349483354162,-0.00314852176086901,0.00805383112984027,-1.92803351391461e-05,2.70512101484656e-05,-0.00116459122367203,0.000186552380475756,-2.34513293706749e-05,-2.43871266303455e-05,-0.000110966374849199,6.32964745236653e-06,4.96711432076779e-05,1.26539573407141e-05,0.00055526091146749,-5.67775071007119e-05,5.14506219113841e-05,-4.32176711512715e-05,0.000184441708879993,0.238657707668418,2.53294964451817e-05,-0.000299802894628728,0.000165548471184257,-0.00027494643071504,0.000259717799697167,-0.000156086761589339,2.17139990313795e-07,-7.27143088879792e-05,2.45451147828216e-05,-0.00025681491718529,1.02276616522836e-05,-0.000718805898300699,0.000245627502930373,-5.72466197907322e-05,-8.49985956963557e-05,0.000146034604965594,-0.0901950839765365,-0.0113962206317779,6.19257150843329e-05,-0.000103595422367731,6.50150459264939e-07,-3.54078043145495e-06,-8.32721746266678e-06,1.33181223274833e-05,-5.30232339250624e-06,1.72092239485333e-05,-4.32639770091851e-06,-4.00310611893302e-05,1.68610974790123e-05,1.20206242685563e-07,-0.000147365276617303,1.62631087686973e-05,-6.42466831711243e-05,-8.01268630790026e-05,2.74154254723428e-05,0.000430622228317979,-0.000136933312609543,-0.0283190611870447,2.94107029059569e-07,7.51285908807204e-05,-1.73513130984138e-05,-2.14362608434053e-06,-0.000251947011520656,2.48557543407815e-05,-4.39599180274161e-06,2.13052886498342e-07,1.07883323680938e-05,-0.000142134411817162,-6.03682381392574e-07,-3.51537639535669e-05,-4.13083281525026e-06,2.13766601726277e-05,-0.000179704599965526,-4.97843202383801e-05,-1.11027460347626e-05,9.56592343713586e-07,-1.52445299191459e-05,6.16313254032344e-06,-2.72128135658985e-06,5.744152563966e-06,-0.000151591364657986,7.0952208023798e-06,-2.4292065299267e-05,1.12496873787483e-06,2.79916396796909e-05,0.00691545071168518,1.37357937935636e-05,1.50789253618252e-05,-4.26617259654325e-07,0.00204016843634407,-2.42766024584649e-05,2.73295835845144e-05,-2.87311224346868e-05,7.23829757610959e-05,-5.26329651091116e-05,7.11384947098919e-05,-7.0059766446178e-05,-0.000192720093250082,1.17465343810465e-05,-0.000125882419752296,1.28693595308794e-05,-2.19746163945129e-05,4.81083691339412e-05,0.00158880244525984,5.13644297762831e-06,0.000169982079422334,-3.32060199412003e-05,-4.32083853780369e-05,2.89095962660804e-06,8.03785553371383e-05,-6.25997426831802e-07,-0.000612745582201078,0.000751130199256027,-0.00237850915819005,-0.000403288618277117,-0.114576586072313,-0.00237731615030138,-0.000105612515895329,-5.54455340152504e-05,6.47076816753199e-06,0.00011749856948106,-1.02887941204113e-05,-6.00840319466763e-07,1.17187811475113e-06,3.28469017322355e-05,4.98160193210643e-06,1.85735689905603e-05,-3.63945789091711e-05,7.00546000078272e-06,5.73994174184072e-07,-8.25050379428334e-06,3.63725803439409e-05,7.29900676242475e-07,2.32007187328891e-07,1.6671683919766e-05,-1.72362128998627e-06,6.08578792172225e-07,1.53939286289058e-05,-0.000648870152900869,5.91656498408576e-07,6.1827196361739e-06,1.1119163837887e-07,5.59999943045821e-06,8.9569816200088e-06,-2.48344834637682e-05,-4.49737192763654e-06,7.96832714349621e-07,1.78539118042605e-06,8.37013432936465e-06,1.11490909855856e-06,8.76938234314302e-07,-0.207909110251713,2.08481547370354e-05,0.0001257909927691,-0.000342063333896582,-8.74617340329608e-05,1.18386273036719e-05,5.67067593154037e-08,1.14071408225842e-06,2.88306673186334e-07,3.04773396551987e-05,-4.92984057202177e-06,-2.18735125696231e-05,3.28646168860266e-05,4.18631698258826e-07,-6.36757073677162e-07,-2.37595295874079e-06,-5.12480026791325e-09,-3.45718806697502e-07,3.98570036888658e-07,7.02976023659093e-07,6.05136675058859e-07,-3.63268036547271e-07,-1.05490568783202e-07,-1.03240011738923e-07,-1.43482212712483e-05,1.92818342758828e-09,2.51797977811021e-07,2.86175233823481e-07,1.76928970900829e-06,-1.3711454505719e-07,-7.94409530110486e-07,4.13788432394023e-07,-6.78046664662101e-10,-1.87328801893684e-06,1.01207769515511e-06,-5.01391177388448e-06,-5.91639997517415e-07,-6.45158503591337e-08,-5.03248607504904e-05,1.77031290116242e-07,8.91934829372614e-08,-2.33518494260997e-07,-1.61568212178211e-06,-1.02371423519935e-05,6.94408095588185e-05,0.0280385120196421,-3.90408300378714e-05,1.92357393343886e-06,7.40963615722828e-05,7.63881824851169e-06,2.03582212351675e-07,1.55245066906854e-07,2.42359495883417e-08,4.32162724841187e-08,3.47450266578441e-08,2.3464925774601e-08,4.31874081184442e-08,-3.94675545007921e-09,-1.47042679117919e-08,-4.77356071765202e-07,5.01518151030704e-17,-7.33282845472679e-06,1.22600828985665e-06,-2.19221751198089e-07,-8.24646205130009e-07,-7.70464450850379e-07,1.73363672536909e-07,-1.82916648725914e-07,1.31472999574803e-06,-1.64287090782258e-08,1.24223473268329e-09,-4.3598896788613e-07,6.19828518080665e-06,-5.150456742681e-07,0.000684306198624939,2.97565615201875e-07,1.34785928351687e-08,-9.64373255893641e-10,4.70740264492266e-08,-4.28795187669705e-08,6.70793151295067e-07,1.03865654211098e-07,-1.87431803768933e-08,3.59077843698215e-07,-6.59419637381432e-08,6.78479414109409e-06,-5.14674951804153e-07,2.54116448774295e-08,-8.42319817513134e-09,5.74409983112141e-10,1.979553817208e-07,-7.74194786710688e-08,3.9160915238955e-10,-2.24232921749716e-10,3.27348769982171e-09,-6.15402539007167e-08,5.46402641221665e-07,-7.36693249135084e-07,2.08451076913847e-06,-1.9969858293546e-06,1.71284943410645e-07,-3.00915570075577e-06,2.27215443401087e-07,-7.16482588738458e-07,-1.54772656117859e-15,2.34586767353715e-06,8.35265857316607e-08,1.65337119974314e-10,1.98211201639057e-06,-2.57340411164782e-07,1.88662110692904e-07,9.05000625556827e-07,-2.13059391473055e-06,0.489970752937125,0.000891143806724922,1.93581540931561e-06,-5.48715823396555e-07,6.45730483613398e-06,-7.37572162194255e-06,2.66475830667492e-05,-2.17688281875335e-06,4.36938906283506e-06,1.16184938827096e-07,1.17106466397116e-07,4.38574359448948e-06,-0.00289916523285907,-1.24029578029252e-08,-1.43913262374926e-06,2.54835358644537e-06,-9.57834632734307e-06,6.95624550076347e-07,6.45159159963852e-07,0.000511513572649227,-1.31606467447573e-06,-6.1488629483439e-07,9.60220350800572e-07,-3.35470760863067e-06,8.30844675492318e-08,7.75117061864852e-07,-1.51150804213504e-06,-2.31773822350529e-16,4.68792096270358e-09,3.75550373953636e-06,-3.42771021468098e-07,1.33504942137922e-06,2.25676578051953e-07,3.4952579606191e-07,8.14301764855057e-07,-1.19750262552703e-05,4.49925180279288e-06,-2.55578270344573e-16,-3.54672487513876e-06,-4.31476404349603e-06,-1.22366903294433e-07,7.70981462080985e-07,9.42605363151114e-07,-6.45055769303476e-08,-2.51962478086664e-06,6.8223180968306e-07,-4.44303683203908e-06,4.61695728152279e-06,-9.39674266377158e-05,-1.76817083856304e-06,-9.44836004587254e-08,-1.8025263960695e-08,-1.81773965099711e-06,1.46494118448141e-06,-2.02230463805317e-06,-2.92366124919659e-16,-8.60850279243804e-06,6.91344167497491e-07,1.99287376683169e-08,1.87555470831982e-07,-4.68767568808456e-06,-1.14029696625691e-05,8.11257016228423e-06,-2.98119599118149e-05,-1.15756908166721e-06,-3.88214070679269e-17,-2.24345662468469e-06,-1.19811458138373e-06,-3.17184589727811e-06,1.0753083516095e-15,6.70822106603999e-06,1.32168488477687e-05,-2.0497345904218e-06,-5.97336687521542e-06,-2.120450035984e-06,-1.19520083115418e-06,-4.46782293534935e-05,1.56256533611483e-06,0.00145625031855073,9.37346472100798e-07,4.53325355125432e-06,8.80720383442497e-06,8.43614398341604e-16,-9.36132295307525e-06,3.34243030235561e-05,0.240066542974331,1.37531823417602e-05,4.68177455272498e-16,3.97706036635525e-06,-5.1294755552036e-07,7.5767601371098e-07,5.90487716082773e-05,1.40804394875696e-06,-1.66075932410493e-06,1.29431911106719e-05,-1.05460374949963e-06,-3.71870247457277e-17,-2.48571446096073e-06,6.06361149297371e-07,-1.55755256920606e-06,-2.44376910851097e-06,2.46154906826871e-07,1.59924410663392e-09,-2.07819872422021e-15,4.93265103385127e-16,1.27061012624987e-09,1.78855691252593e-07,-2.30218913164875e-08,1.46174922889266e-07,-5.24307526070967e-16,4.20551859017807e-08,3.65075316310874e-10,6.8112453795448e-16,2.02870723805602e-17,3.80795405116418e-16,4.52088887012213e-09,4.34736801466359e-08,-1.98067353432089e-05,1.98633130218931e-07,1.03605486730751e-07,3.00547925604016e-07,-1.78699368733666e-07,-1.95089662100394e-18,-6.43305612404381e-08,2.09947514982738e-07,-3.78168133807268e-17,-4.53890804055393e-16,-2.33670024478597e-07,-1.10509756782052e-10,-2.00918307140487e-07,9.78727917157111e-07,3.54990555893862e-07,-1.09001301311652e-07,-7.58768629661861e-15,-4.15309514300497e-07,-4.03653126825731e-15,-2.27364768829426e-06,5.22837524143116e-15,-1.40832122443768e-06,-2.4968567364476e-14,0.239811464838972,-7.53372268855251e-06,-1.64254010864921e-07,-1.79310201120306e-06,-1.09796772768053e-06,9.7311838887926e-08,-5.12612657695521e-07,-9.4749363587346e-08,-4.59656974756393e-07,-3.86551637689333e-08,-9.87575067031026e-08,2.30223515164673e-07,2.57340438229946e-07,1.87022400562587e-08,8.07768194131357e-08,3.6462967066083e-16,-6.44538242638413e-07,9.5608331043603e-08,-2.9721336805436e-06,2.87570539772167e-19,-3.74905912586436e-09,-8.26535640471515e-08,-2.6928258487359e-07,-1.85633963545423e-16,8.22291675656147e-08,2.67667200464909e-08,2.74839519800974e-16,3.15965705270703e-08,-3.55301008601952e-08,2.21968561480786e-16,-1.36571308184198e-16,5.96553923913172e-10,2.17230496245592e-09,5.89965547244081e-12,-2.09451141832657e-09,6.59317228014298e-09,2.77359483267666e-09,2.23346859194846e-09,0.000215702449307958,-9.68927267008926e-08,-1.50573997714787e-15,3.00264181862565e-10,1.59049444730082e-10,4.66490532847518e-10,4.66055664681264e-08,3.50229309583884e-16,-5.36163889948038e-17,1.65941237842836e-08,1.10103354258787e-16,5.33988368720363e-17,1.34330937501815e-05,-1.6937034738031e-07,-4.20869069277219e-08,-1.88543802977669e-09,1.19260233983194e-06,2.30788433767145e-07,6.58425715004452e-09,2.58724507680054e-16,1.75781577623676e-08,8.42101707723397e-10,3.89573330291549e-09,-5.39547156162507e-08,2.27145603422703e-07,-9.74622530237669e-18,-4.98554682285803e-17,-3.25728537835797e-16,-1.62718838263496e-08,-1.06623029070793e-08,-4.70208217555055e-08,-4.08680327720338e-15,-8.43028163320419e-09,2.41344424643685e-16,1.8364012692074e-16,1.16137815521362e-06,-2.55312865129705e-08,7.84095011141517e-16,-6.42939974425858e-08,-4.45069238408568e-08,-6.95585137300989e-16,9.36820637825977e-06,-4.36486537280505e-17,2.83379520850418e-08,5.7560944216898e-16,2.83450282049439e-08,2.45842024514997e-07,1.18074084744118e-08,8.41828464651549e-09,5.81901675151671e-08,-3.94406886024897e-08,8.49550729448592e-08,-1.83161026049296e-16,7.67132787082559e-07,-4.34637379150897e-08,3.64340986722551e-17,-5.75481200537233e-09,-8.93990762074374e-08,2.77124427769554e-08,3.30495287996138e-16,6.89180778674801e-08,1.212108098364e-07,-5.20577023531963e-17,-2.30322516243008e-07,-5.1109654150535e-08,-3.56466402680302e-09,-6.28550924635966e-17,7.73607566880651e-17,4.9451658485634e-08,1.53099285378062e-08,1.24142670092149e-09,-2.76621962953781e-08,9.58993632007341e-09,1.3753994136937e-16,2.22572984598997e-17,3.51851094160486e-08,2.42681395368679e-10,2.53153442892748e-17,8.57979086104637e-08,1.23690040227262e-16,5.9221374873608e-08,-1.6733919124286e-08,-9.78507925358966e-09,-6.50703104739535e-08,-1.59359886469211e-16,8.147140022367e-17,-1.82580739083753e-16,-1.74302638160098e-16,-7.11553867657129e-09,-2.47394218960494e-08,4.21292279481027e-16,-6.43523931971867e-16,-5.53365495464547e-17,3.51217511923352e-08,3.16819382830611e-10,-1.76288850147331e-08,-2.59437252069981e-16,-2.28292319943979e-16,-5.2204334605177e-17,-5.95108958600865e-07,2.41432086063738e-08,2.69565177289117e-17,4.31992350628672e-09,-1.14050606966991e-07,5.81294930624182e-17,5.17079791308161e-17,-6.11233444949705e-08,-6.27764275006945e-10,-3.09692779430931e-08,-5.05082007478149e-16,3.65565952724441e-08,5.5482510295488e-08,6.59367812832861e-08,-1.17316544407818e-07,-0.0107290848561745,4.01813382327912e-10,2.16912439881311e-16,5.23871726007337e-16,1.92508181862648e-16,4.47910168409187e-08,-4.06425691869524e-08,-1.17672557132096e-08,-9.76590179873113e-09,7.91744599895281e-17,-1.68729495567114e-16,2.59673883381986e-16,-1.62810524923914e-16,-5.15420424557871e-16,6.37637263263822e-08,-2.07971905856764e-16,3.13986499725339e-17,-7.88260329167026e-09,-1.82220871835993e-16,-7.05991496515756e-09,7.03263402590708e-16,-8.76026144092074e-09,-2.407696093192e-16,-1.07740843968974e-08,-1.35292453020596e-09,-1.64093625900063e-07,6.79669543154699e-17,4.39013677684891e-08,-2.0263655685444e-16,6.30424670851943e-08,-1.48785974164318e-07,6.22727505874458e-10,1.03950460173133e-15,9.13171296535712e-08,5.80741480962179e-16,-2.26270463869806e-08,-1.27765384984645e-07,-8.5320329198668e-17,3.36851158255862e-17,-4.54807491528615e-16,-1.6560742133946e-16,-4.31665833236136e-10,-5.63047641952083e-09,-1.25966049420491e-09,-3.09896129009423e-16,7.77152235157329e-17,-1.77736778304756e-08,1.4503910040326e-07,-2.54601128461558e-16,-1.49733608006151e-16,-5.8556468015247e-09,-3.19153899912555e-17,-4.1588284617363e-08,-2.46522739534781e-16,3.95098948793838e-07,2.85512935107386e-16,-3.49759845978322e-16,3.26438692875057e-17,-3.06797749307584e-16,-3.04709534317396e-17,1.41009183037769e-16,1.01630417219538e-08,-7.10870725902406e-08,-4.34273884966672e-17,-3.58157598942612e-08,1.36469274506772e-07,-9.82277850552162e-17,-4.29557660389396e-16,2.58256969431976e-16,-7.77514919238527e-16,1.3550546614222e-08,2.17060675409515e-09,-1.44116701016868e-16,2.39674594865904e-17,-2.46935056384974e-08,-8.81073914445085e-08,-1.76581839341133e-09,-1.60719885742405e-16,-2.43575424855916e-16,1.08671859475133e-17,2.33819176388529e-16,-2.12060623714448e-16,3.11220167501141e-16,5.27467202264461e-08,-4.99457043723191e-08,-9.61454794239623e-09,1.06751906012617e-16,-1.68237096956079e-16,6.70285729243157e-17,4.6485597014347e-16,8.12575645495379e-17,-1.65430763135265e-15,1.53374572188334e-16,-4.32938079231115e-16,-5.56987420123613e-18,3.58344980272782e-16,1.34163833181409e-16,3.65425700922421e-16,-7.78502813978306e-16,-3.33126123982396e-16,7.10138657522575e-09,5.78400254789997e-17,4.0311789722634e-16,2.7312532762562e-20,1.00744245881096e-07,-9.17828168100221e-10,1.48886692279915e-16,-2.60219518813112e-09,9.2390570543091e-08,-1.37316285066622e-16,-1.2077542072214e-16,-1.35134480957771e-07,-5.70998115393998e-19,2.29131859757611e-09,8.26504448183737e-17,7.01347199427531e-17,-2.72742385665251e-16,-1.0113474839426e-16,1.70548212922275e-09,-2.34293706648518e-07,5.2199880247706e-16,-1.9533790925332e-16,-5.28221332610794e-16,6.64801310136671e-16,3.60849588057488e-15,3.0548794902342e-16,-2.24985081640976e-16,4.40859240078046e-16,3.80437239743924e-09,1.11205782827696e-15,5.73558802486388e-16,1.57128343007469e-16,7.99867762347527e-18,-1.16026083273182e-15,2.23057593082412e-16,-5.69775355592923e-08,1.06562216779363e-16,4.4518687701259e-16,4.25122583885566e-08,2.50751388954602e-16,1.69148496473365e-15,1.04364097676747e-15,9.67613652214201e-16,4.72845922335417e-08,3.44669585622841e-16,-2.64305143943656e-08,-5.2517578779006e-16,8.00653147557082e-17,-1.43987132917143e-15,-9.48869177403843e-16,-2.18310719724646e-16,3.50010649185985e-16,9.57925812348156e-10,1.36652961209495e-15,2.0121744922703e-15,7.16322088979424e-09,-1.1987095299461e-07,1.92130822881388e-15,8.4136023300787e-08,1.23302987126653e-08,-7.17364307063417e-16,-1.2221953018163e-15,-2.8942941435173e-16,-2.07966549626258e-16,-4.50611103480059e-16,-2.08953246474063e-08,-8.30038097252061e-15,3.66659470852412e-15,-8.4915688536705e-16,8.38419559956756e-09,1.37927072672324e-14,2.28249322445586e-15,2.80701369197854e-15,2.37032339144641e-15,-3.83112533088786e-09,6.10328560771808e-15,1.52570900708043e-09,-3.98867865110933e-15,4.19498435010812e-15,-6.24664732735956e-15,-9.21457409698843e-15,1.54766448418279e-15,-1.26005990696208e-14,9.87149735028531e-15,-2.65935449670299e-08,2.04334262760803e-14,2.84229162738106e-14,1.11929158536088e-08,-0.70710678118655,1.15628975675474e-13,1.81186718860264e-14,8.52536244200156e-15,-2.07026367699449e-15,9.17184061151143e-16,-6.15765994822568e-08,5.26812913179035e-15,-9.82070422461537e-15,2.42849744415987e-08,-1.53389211801949e-14,-4.05616985432226e-15,-3.44065265512484e-15,-1.03038681795704e-15,-1.8047479258491e-15,3.35195638537433e-15,5.12259646844007e-15,1.60968949523772e-15,1.07622827444023e-15,-2.27799367892574e-15,-4.37667580214027e-16,-1.28139816092655e-08,4.25208065312238e-08,3.83260374584504e-15,-1.71398108649754e-15,3.17919773959783e-15,2.36778207419738e-15,-6.50900774251673e-15,6.27523687726733e-16,4.22246486466396e-16,-1.2195933243402e-15,-2.79637493129162e-09,-1.92593031029228e-15,2.18129150284344e-16,6.18292716629108e-16,-2.28509854277534e-15,3.59155607572677e-09,3.94949333356635e-16,-7.55638148910349e-10,2.38133294229193e-16,4.51901523718763e-16,4.21719502902792e-17,-4.84102512544069e-17,-1.03698290870378e-16,-1.09397515210478e-15,-7.55969854780188e-16,1.30509063763254e-15,-3.21034309209329e-16,7.25957278418806e-16,-3.8526037579662e-16,2.56596915247468e-16,3.63322428961439e-16,1.32089604298598e-16,2.02053262205302e-16,-7.07935203650614e-16,-1.14157586571589e-16,-5.6823745156178e-16,2.1462949519115e-15,-8.00035159731912e-16,-2.08199343182391e-15,2.70736161136648e-16,1.13905188759798e-15,-3.43040859254844e-16,-2.3621238781541e-16,2.75299479745656e-10,2.12865724812154e-16,-1.75793613926059e-16,-1.69512828813172e-16,1.74793189429821e-16,2.47695340768512e-16,-4.3573650568797e-16,3.61480066864284e-16,-7.41958522628188e-17,2.64664604888634e-16,-2.28172089310682e-16,4.95100922065506e-16,6.11513199431553e-16,-1.87538737444136e-16,-2.67992692459361e-16,-1.80784423483403e-16,-7.31014616985945e-16,2.32199588295666e-16,-3.5725570014258e-09,-5.40440809880881e-16,2.28242856447819e-16,1.57634292621924e-17,-7.72802090004788e-16,3.28134442003595e-16,5.66582100084337e-17,-3.41008763760082e-17,-3.62728461229325e-16,-5.06322445100528e-16,7.63262936190159e-10,3.01971016932126e-16,-3.31048689521895e-16,3.66798450885837e-16,8.27801634047377e-17,3.80093764254881e-16,7.30684508351631e-17,2.61734210502372e-16,-4.85851970321732e-16,1.54426590644457e-16,-1.13982386535974e-15,-7.94186566135566e-17,1.44714858054342e-16,-1.88261868853951e-16,3.88224032098172e-09,-1.72448959737774e-16,2.61204126504941e-16,-1.40108625981101e-16,3.1342116402211e-15,-1.17289244540211e-08,-1.42621050570218e-16,7.17410306811127e-17,3.39792487446042e-16,-2.68415943556782e-17,-1.77115372496199e-17,-4.04401591627054e-17,2.47444354297652e-16,6.24234538880276e-16,5.19817963922763e-17,5.38141351790809e-17,1.89331049696672e-16,-4.68237102829504e-16,-3.25446961619934e-16,-6.80105115937969e-17,-8.66909512496358e-17,-1.59133827422163e-16,1.21324800473331e-16
"t665",-0.00775548974107915,0.0231062854962689,0.0264384859935486,-0.00826855529991638,-0.132609472583797,-0.029437456376873,0.0189697979415657,0.000303996698736763,0.00101008834992431,-0.00221368413148532,-0.000602708115230275,0.00362276864698285,-0.0053162079471183,-0.000517707509510558,-0.00360693052747989,-0.00100205677512299,-0.000933939431773532,0.00039223906059903,-0.000348460422234895,0.000255740511032198,-0.000948502366609557,0.000199240324262098,-0.000418392045082515,0.000866308669129231,-0.000136055889457889,0.000317149663025762,-0.000395321472099569,0.000365349483354192,-0.00314852176086901,0.00805383112984026,-1.92803351391452e-05,2.70512101484634e-05,-0.00116459122367206,0.000186552380475757,-2.34513293706719e-05,-2.43871266303378e-05,-0.000110966374849193,6.32964745240787e-06,4.96711432076281e-05,1.2653957340798e-05,0.000555260911467486,-5.67775071006187e-05,5.14506219113796e-05,-4.32176711512399e-05,0.000184441708880001,0.238657707668418,2.53294964452128e-05,-0.000299802894628715,0.000165548471184239,-0.000274946430715211,0.000259717799697146,-0.000156086761589222,2.17139990316353e-07,-7.27143088879775e-05,2.45451147828294e-05,-0.000256814917185199,1.02276616522503e-05,-0.00071880589830072,0.000245627502930382,-5.72466197907636e-05,-8.49985956963317e-05,0.00014603460496561,-0.0901950839765364,-0.0113962206317778,6.19257150843042e-05,-0.000103595422367706,6.50150459274403e-07,-3.54078043152464e-06,-8.32721746260773e-06,1.33181223276062e-05,-5.30232339272988e-06,1.72092239486149e-05,-4.32639770085963e-06,-4.00310611892707e-05,1.68610974789996e-05,1.20206242713188e-07,-0.000147365276617285,1.62631087686993e-05,-6.42466831711052e-05,-8.01268630790672e-05,2.74154254723399e-05,0.000430622228317782,-0.000136933312609831,-0.0283190611870447,2.94107028833795e-07,7.51285908807237e-05,-1.73513130985542e-05,-2.1436260842632e-06,-0.000251947011520777,2.48557543407893e-05,-4.39599180271904e-06,2.13052886522628e-07,1.07883323680649e-05,-0.000142134411817236,-6.03682381430989e-07,-3.51537639535517e-05,-4.13083281519961e-06,2.13766601725392e-05,-0.000179704599965488,-4.978432023808e-05,-1.11027460348987e-05,9.56592343768395e-07,-1.5244529919017e-05,6.16313254038279e-06,-2.72128135664427e-06,5.74415256400725e-06,-0.000151591364657918,7.0952208024025e-06,-2.4292065299201e-05,1.12496873770179e-06,2.799163967962e-05,0.00691545071168518,1.37357937936824e-05,1.50789253617149e-05,-4.26617259604402e-07,0.00204016843634413,-2.4276602458358e-05,2.73295835845083e-05,-2.87311224346563e-05,7.23829757611937e-05,-5.26329651091779e-05,7.11384947098722e-05,-7.00597664460601e-05,-0.000192720093250075,1.17465343810178e-05,-0.000125882419752206,1.28693595309866e-05,-2.19746163944681e-05,4.81083691339493e-05,0.00158880244525985,5.1364429777001e-06,0.000169982079422154,-3.32060199411062e-05,-4.32083853778948e-05,2.8909596262135e-06,8.03785553370902e-05,-6.25997426777613e-07,-0.000612745582200802,0.000751130199256087,-0.00237850915819003,-0.000403288618277164,-0.114576586072313,-0.00237731615030134,-0.000105612515895566,-5.54455340149901e-05,6.47076816755506e-06,0.000117498569480984,-1.02887941204186e-05,-6.00840319460795e-07,1.17187811469327e-06,3.28469017322152e-05,4.98160193209512e-06,1.85735689905992e-05,-3.63945789091494e-05,7.00546000080252e-06,5.73994174218235e-07,-8.2505037943365e-06,3.63725803438915e-05,7.29900676247869e-07,2.32007187323422e-07,1.6671683919654e-05,-1.72362128988597e-06,6.08578792213448e-07,1.53939286288307e-05,-0.000648870152900976,5.91656498337863e-07,6.18271963615206e-06,1.11191638281306e-07,5.59999943060032e-06,8.9569816200751e-06,-2.48344834637337e-05,-4.49737192767201e-06,7.96832714542769e-07,1.7853911803784e-06,8.37013432932246e-06,1.11490909852614e-06,8.76938234352809e-07,-0.207909110251714,2.08481547369925e-05,0.000125790992768891,-0.000342063333896667,-8.7461734032825e-05,1.18386273035753e-05,5.67067592652379e-08,1.1407140822255e-06,2.88306672986885e-07,3.04773396552682e-05,-4.92984057197043e-06,-2.18735125695146e-05,3.28646168861544e-05,4.1863169831199e-07,-6.36757073721209e-07,-2.37595295855722e-06,-5.12480038619161e-09,-3.45718806678136e-07,3.98570036973178e-07,7.02976023524003e-07,6.05136675129031e-07,-3.63268036638396e-07,-1.05490568781167e-07,-1.03240011659086e-07,-1.43482212713332e-05,1.92818342681647e-09,2.51797977796554e-07,2.86175233821171e-07,1.76928970909589e-06,-1.37114545152288e-07,-7.94409530134772e-07,4.13788432333847e-07,-6.78046846970882e-10,-1.87328801887333e-06,1.01207769534739e-06,-5.01391177394027e-06,-5.91639997464444e-07,-6.45158497887122e-08,-5.03248607504661e-05,1.77031290220368e-07,8.91934830621595e-08,-2.3351849429796e-07,-1.6156821217063e-06,-1.02371423520549e-05,6.94408095588131e-05,0.0280385120196425,-3.9040830037848e-05,1.92357393339055e-06,7.40963615726072e-05,7.63881824858732e-06,2.03582212336009e-07,1.55245067026547e-07,2.42359496035518e-08,4.3216272394661e-08,3.47450266439915e-08,2.34649258129347e-08,4.31874081642211e-08,-3.94675541383564e-09,-1.47042676741614e-08,-4.77356071804652e-07,8.63013346776955e-18,-7.33282845466859e-06,1.22600829003143e-06,-2.19221751220125e-07,-8.2464620497218e-07,-7.70464450825633e-07,1.73363672606132e-07,-1.82916648692107e-07,1.31472999564114e-06,-1.64287091515574e-08,1.24223464841261e-09,-4.35988967743859e-07,6.19828518059839e-06,-5.15045674374092e-07,0.000684306198625115,2.97565615185364e-07,1.34785930035731e-08,-9.64372987445183e-10,4.70740265569368e-08,-4.2879518757825e-08,6.70793151331799e-07,1.03865654462179e-07,-1.87431803060117e-08,3.59077843771806e-07,-6.59419636572311e-08,6.78479414105685e-06,-5.14674951808484e-07,2.54116447991128e-08,-8.42319822165617e-09,5.74410028364933e-10,1.97955381700461e-07,-7.74194785369744e-08,3.91609292386682e-10,-2.24232820074623e-10,3.27348775891242e-09,-6.15402538929826e-08,5.46402640991218e-07,-7.36693249142012e-07,2.0845107690899e-06,-1.99698582918697e-06,1.71284943462158e-07,-3.00915570101835e-06,2.27215443548117e-07,-7.16482588534761e-07,-1.50357314120857e-15,2.34586767378303e-06,8.35265856079038e-08,1.65337048804817e-10,1.98211201633869e-06,-2.57340411048352e-07,1.88662110666747e-07,9.05000625527656e-07,-2.13059391470265e-06,0.489970752937127,0.000891143806725073,1.93581540959629e-06,-5.48715823423708e-07,6.45730483620817e-06,-7.37572162195266e-06,2.66475830664866e-05,-2.17688281897262e-06,4.36938906273185e-06,1.16184938893986e-07,1.17106466363464e-07,4.38574359443516e-06,-0.00289916523285957,-1.24029574655793e-08,-1.43913262386847e-06,2.54835358652797e-06,-9.57834632730225e-06,6.95624550094459e-07,6.45159159951194e-07,0.000511513572649267,-1.31606467458519e-06,-6.14886294838108e-07,9.60220350909424e-07,-3.35470760870195e-06,8.30844678763663e-08,7.75117062008242e-07,-1.51150804218338e-06,-2.16208717571336e-16,4.68792123605293e-09,3.75550373964082e-06,-3.42771020932393e-07,1.33504942138295e-06,2.25676577891637e-07,3.49525796382542e-07,8.14301764865521e-07,-1.19750262551599e-05,4.49925180233456e-06,-5.92889870960848e-17,-3.54672487552425e-06,-4.31476404355936e-06,-1.22366903128014e-07,7.70981462164529e-07,9.42605363001124e-07,-6.45055770383968e-08,-2.51962478097252e-06,6.82231809656401e-07,-4.44303683221089e-06,4.61695728139748e-06,-9.39674266380549e-05,-1.76817083834185e-06,-9.44836006217574e-08,-1.80252640975484e-08,-1.81773965105908e-06,1.46494118445354e-06,-2.02230463801527e-06,-3.09313736012068e-16,-8.60850279249859e-06,6.91344167386577e-07,1.99287377534714e-08,1.87555471324102e-07,-4.68767568813046e-06,-1.14029696627872e-05,8.11257016208512e-06,-2.98119599119533e-05,-1.15756908160186e-06,-5.83020725238766e-17,-2.24345662492975e-06,-1.19811458129135e-06,-3.17184589767265e-06,1.34139527356104e-15,6.70822106609911e-06,1.32168488476067e-05,-2.04973459112706e-06,-5.97336687525469e-06,-2.12045003619016e-06,-1.19520083135813e-06,-4.4678229353481e-05,1.56256533632383e-06,0.00145625031855077,9.37346471995533e-07,4.53325355104835e-06,8.80720383463311e-06,9.60397542010037e-16,-9.36132295318406e-06,3.34243030233607e-05,0.240066542974334,1.37531823419186e-05,4.34899803472446e-16,3.97706036622741e-06,-5.12947555771786e-07,7.57676013457869e-07,5.90487716091415e-05,1.4080439487579e-06,-1.66075932343436e-06,1.29431911104571e-05,-1.05460374932229e-06,2.00984722524874e-17,-2.48571446082629e-06,6.06361149661826e-07,-1.55755256934777e-06,-2.44376910854745e-06,2.46154906769199e-07,1.59924393304562e-09,-2.17881268582687e-15,5.62791655839736e-16,1.27061024549684e-09,1.78855690976921e-07,-2.30218911022782e-08,1.4617492289706e-07,-4.26446116642721e-16,4.20551866837884e-08,3.65075308412817e-10,6.47925810229283e-16,1.65312328695287e-16,4.98787910868355e-16,4.52088868309821e-09,4.34736802146929e-08,-1.98067353427935e-05,1.98633130518765e-07,1.03605486703624e-07,3.00547925600426e-07,-1.78699368515143e-07,1.85622796580861e-16,-6.43305611330121e-08,2.09947514802359e-07,8.55369449030627e-17,-7.23732210709567e-16,-2.3367002452556e-07,-1.10509689093131e-10,-2.00918306883161e-07,9.7872791710673e-07,3.54990556282338e-07,-1.09001301211411e-07,-6.98054663255418e-15,-4.15309514390004e-07,-3.5903267199638e-15,-2.27364768839789e-06,5.58244856591061e-15,-1.40832122464228e-06,-2.51648752820358e-14,0.239811464838972,-7.53372268850102e-06,-1.64254010983366e-07,-1.79310201102623e-06,-1.09796772777666e-06,9.73118389269244e-08,-5.12612657587579e-07,-9.47493635764546e-08,-4.59656974970542e-07,-3.86551636859081e-08,-9.87575068698568e-08,2.30223515108312e-07,2.57340437768089e-07,1.87022403232377e-08,8.0776819627148e-08,2.45966405954165e-16,-6.44538242717376e-07,9.56083308930783e-08,-2.97213368037093e-06,-9.82785096413786e-17,-3.74905912553046e-09,-8.26535636445639e-08,-2.69282584780534e-07,-6.04584549030208e-16,8.22291677725619e-08,2.67667199237753e-08,-7.85566731923262e-17,3.15965703757172e-08,-3.55301000791139e-08,6.80364174234258e-17,-2.4255399607517e-17,5.96553934015731e-10,2.17230471781013e-09,5.89918858302752e-12,-2.09451139191379e-09,6.59317212420955e-09,2.77359481455203e-09,2.23346824740083e-09,0.000215702449307626,-9.68927267125997e-08,-1.5259061375561e-15,3.00264198601149e-10,1.59049402603381e-10,4.66490610800666e-10,4.66055667199682e-08,-1.89203998263386e-16,-2.17228155472582e-16,1.65941238484248e-08,-1.43185689312433e-16,-7.14103748581854e-17,1.34330937501353e-05,-1.69370347709794e-07,-4.20869067261739e-08,-1.8854380128205e-09,1.19260233959921e-06,2.30788433891947e-07,6.58425766164496e-09,-2.27310293114625e-16,1.75781578206325e-08,8.42101936410209e-10,3.89573339928034e-09,-5.39547155084752e-08,2.27145603077863e-07,-3.47451829286934e-16,9.93420954070425e-17,-5.66453786888948e-16,-1.62718842552582e-08,-1.06623024988793e-08,-4.70208217016562e-08,-4.4347286087666e-15,-8.43028156366016e-09,4.60421026121476e-16,-2.14385013336422e-16,1.16137815550062e-06,-2.55312865114194e-08,8.40039843241769e-16,-6.42939981641591e-08,-4.4506924014503e-08,-4.60115060162932e-16,9.36820637748398e-06,2.18710867021654e-16,2.8337952211295e-08,2.47179692879732e-16,2.83450281601368e-08,2.45842024307618e-07,1.18074079333681e-08,8.41828488100041e-09,5.81901673633684e-08,-3.9440687630394e-08,8.49550727514015e-08,-2.72399994046113e-16,7.67132787302002e-07,-4.34637378051469e-08,-5.39757341351712e-17,-5.75481181940174e-09,-8.93990761868802e-08,2.77124443562015e-08,-1.37701978670956e-16,6.89180780132099e-08,1.21210809616143e-07,9.42410421277692e-17,-2.30322516003976e-07,-5.11096540781968e-08,-3.56466362347992e-09,5.35177321065208e-17,4.0005787101936e-16,4.94516585261036e-08,1.53099285321475e-08,1.24142666764042e-09,-2.76621968612331e-08,9.5899358176812e-09,-2.38174758787795e-16,4.98441849714314e-16,3.5185109520677e-08,2.42681256994157e-10,3.0930165942988e-17,8.57979085835458e-08,-1.88344494547003e-16,5.92213746894197e-08,-1.67339192757408e-08,-9.78507995079314e-09,-6.50703104321871e-08,-1.48672144596693e-16,6.27567708309289e-17,-1.76016423742238e-16,1.5268867160267e-16,-7.11553882846083e-09,-2.47394225315656e-08,-5.71270471971152e-16,1.85151132520387e-16,3.19727611744381e-17,3.51217512455638e-08,3.16819972806462e-10,-1.76288845637631e-08,2.28106821235631e-17,-1.10043810001847e-15,7.60432298727021e-16,-5.95108958868832e-07,2.4143208814655e-08,-1.85597585339785e-16,4.31992400229174e-09,-1.14050606996795e-07,-3.01061832768374e-16,1.95769534023678e-16,-6.11233439974074e-08,-6.27763954681563e-10,-3.09692776338469e-08,2.06577407274792e-17,3.65565951790182e-08,5.54825104956544e-08,6.59367813909023e-08,-1.17316544781901e-07,-0.0107290848561757,4.01814860616744e-10,1.21936693607946e-15,-1.43551396482284e-16,-3.00547305239602e-16,4.4791016089621e-08,-4.06425693925618e-08,-1.1767255157962e-08,-9.76590161856255e-09,-2.64686188244909e-16,-1.18354631295426e-16,-2.06530730823281e-16,5.83097570125568e-17,1.97010138453974e-16,6.37637264673069e-08,4.81436212817271e-17,2.08367356804972e-16,-7.88260352481673e-09,-3.22885320044336e-16,-7.05991489545458e-09,-8.86613885437416e-16,-8.76026085286046e-09,-1.19512584953833e-17,-1.07740845508806e-08,-1.35292512933672e-09,-1.64093626670135e-07,7.32670960960766e-17,4.39013666246363e-08,7.94972496109052e-17,6.30424672544663e-08,-1.48785973463133e-07,6.22727423465392e-10,-3.41149986928003e-16,9.1317129444187e-08,-4.55687737407357e-16,-2.26270464824431e-08,-1.27765384888014e-07,9.93456629720647e-17,-1.46130646470627e-16,2.42233479782682e-16,6.48338779931842e-16,-4.31665266157751e-10,-5.63047656383279e-09,-1.25965983978621e-09,3.07337058616667e-16,-8.11219390474115e-17,-1.77736775416645e-08,1.45039102505528e-07,2.20797347026687e-16,4.41952369403237e-16,-5.85564809437661e-09,4.74380066987415e-17,-4.15882845883069e-08,-3.18727429374702e-16,3.95098949238602e-07,-3.35255985451686e-16,3.50144377319686e-16,1.12449171993718e-16,1.69820413995279e-16,3.40876031370924e-17,-3.91686449358312e-16,1.0163041424569e-08,-7.1087071959797e-08,1.07915225520796e-18,-3.58157597226542e-08,1.3646927484928e-07,1.12365999252592e-16,1.84655444793501e-16,-1.76364807273821e-16,2.65080299400665e-16,1.35505460317452e-08,2.17060768965007e-09,-2.81177394072668e-16,2.64640781726853e-17,-2.46935055823605e-08,-8.8107391502841e-08,-1.76581840665835e-09,-1.44810184818653e-16,1.927368193183e-16,-3.25432223336826e-17,-1.19746417804102e-16,5.30167753427581e-16,-5.05756173147465e-16,5.274672044153e-08,-4.99457045649338e-08,-9.61454764345895e-09,-1.64544204577901e-16,9.51671258067043e-17,-1.9453650631068e-16,-6.33979659939387e-16,-3.90110769291505e-16,1.04524383112278e-15,-2.68438707225708e-16,5.54690292372978e-16,1.59157457322254e-16,-1.72581099020111e-16,1.42825013429405e-16,-2.92732984494846e-16,8.24198771375611e-16,4.40105799278012e-16,7.1013840866724e-09,2.0951348176462e-16,8.04595806690372e-17,5.3791354506423e-16,1.00744246082673e-07,-9.17828357269463e-10,9.9362424348508e-18,-2.60219604597712e-09,9.23905710065049e-08,1.99186976927059e-16,6.58011396084123e-17,-1.35134481326922e-07,2.95343627328162e-17,2.29131973848116e-09,-6.68257992790329e-17,-1.43185424630091e-16,3.07424111804261e-16,-6.28369518629119e-17,1.70548233524013e-09,-2.34293707251434e-07,-4.4164155697409e-16,8.27720782564171e-17,5.19473085433128e-16,-8.39949332280143e-16,-2.47881142695361e-15,-2.98083359863083e-16,2.58863907348933e-16,-4.47926709526033e-16,3.80437503420974e-09,-9.02081434809359e-16,-5.22159394991033e-16,-8.58044786138241e-17,-2.35377032707852e-16,9.42572519647274e-16,-3.45996650769284e-17,-5.69775354883482e-08,-1.29191559954648e-16,-3.0207025589425e-16,4.25122586665761e-08,-1.44830673661242e-16,-2.1441359371488e-15,-1.05743196165811e-15,4.3083341769063e-17,4.72845908085411e-08,-2.66712779924725e-16,-2.64305132472851e-08,3.01385315912219e-16,1.12021767386368e-16,1.0506451353183e-15,1.08106222135003e-15,2.67130622358162e-16,-3.74667924763761e-16,9.57927073234347e-10,-1.88907485588784e-15,-2.17345877314875e-15,7.16321807048236e-09,-1.19870952150977e-07,-1.73910858281745e-15,8.41360244526609e-08,1.23302998232122e-08,7.78946863627261e-16,1.37706955289758e-15,2.13409878656394e-16,2.32760542708607e-16,2.83927962238504e-16,-2.08953190705576e-08,7.32504267236177e-15,-3.50411517238766e-15,9.76925615651062e-16,8.384194906352e-09,-1.36438816579576e-14,-2.3070456421644e-15,-2.76392119422754e-15,-2.41657681851698e-15,-3.83112001119102e-09,-5.7973832249743e-15,1.52570824696725e-09,3.71361589479939e-15,-3.96168532801574e-15,6.29168289555292e-15,9.02394904344035e-15,-1.41193552687622e-15,1.2838001418513e-14,-9.61933304839344e-15,-2.65935304011951e-08,-2.02496157621432e-14,-2.85302722497992e-14,1.11928277409334e-08,0.707106781186547,-1.15565927263832e-13,-1.81443933697196e-14,-8.6271391588217e-15,2.10665936680932e-15,-9.57068828560134e-16,-6.15765910271991e-08,-5.33345241364509e-15,9.67220856793683e-15,2.42849753635091e-08,1.51339941910239e-14,3.97559996015724e-15,3.62334666201578e-15,8.79397865182343e-16,2.00041696144684e-15,-2.93455891606771e-15,-5.22360572400303e-15,-1.78834068055181e-15,-9.01699508637989e-16,2.40538730891815e-15,9.47099229718969e-16,-1.28139853236234e-08,4.25208109532576e-08,-4.30220417479591e-15,1.66357980210482e-15,-3.20918147279771e-15,-2.12416132678715e-15,6.37814454029773e-15,-8.43369664080533e-16,-4.62591541514557e-16,9.61129917282189e-16,-2.79637577189173e-09,1.78598627454115e-15,-3.49809537041865e-16,-8.10765710445296e-16,2.15851172925584e-15,3.59155660296304e-09,-3.47229869548591e-16,-7.55635438627298e-10,-3.36168876429426e-16,4.09636598488649e-16,1.91092227670366e-16,3.17374043548197e-18,3.24463992384306e-16,1.06336141192592e-15,6.67946288041265e-16,-1.29794066005639e-15,4.20181209008142e-16,-8.32800876321661e-16,5.10461700960658e-16,-3.98805887218798e-16,-5.71240627091184e-17,-2.61492566269786e-16,-1.79377542459362e-16,6.76663619762556e-16,1.93799435189091e-16,6.5738567898189e-16,-2.35098782991854e-15,6.32666065773286e-16,4.50377582450479e-16,-2.58775645701719e-16,-1.39237044977548e-15,3.17739193830078e-16,3.68805666338043e-16,2.75299743429725e-10,-3.73043777240625e-16,-5.17608853936911e-17,-1.66493327664702e-17,-3.05321638123067e-16,-3.71159494947001e-16,5.52009142886078e-16,-8.42850156912735e-17,1.38406066049595e-16,-2.68946824202241e-16,2.73469957604695e-16,2.38199217295065e-16,-4.99807929751437e-16,1.43398998305539e-16,1.87098363000865e-16,1.00246269549954e-16,6.12197596348538e-16,-3.75708048361571e-16,-3.57255626143649e-09,5.26487608451877e-16,-2.30681293914291e-16,7.46628941497075e-17,7.09353746022427e-16,-3.11518402403873e-16,-2.16848104793043e-17,1.99289038577087e-16,7.53641399532175e-16,3.36938367335885e-16,7.6326231784683e-10,2.41984203413474e-17,2.95877414163526e-16,-3.44537976116403e-16,-1.12736491693714e-16,-3.24935394436419e-16,-1.41101877512699e-16,-2.2192642549482e-16,4.47256261445488e-16,-2.10749466769182e-16,1.44316312630025e-15,-1.23181107058856e-16,-8.46908500320935e-17,-1.25073402126326e-17,3.88224015920585e-09,5.18753391459145e-17,-3.7085191817529e-16,-7.0867485482705e-17,1.36284213081428e-16,-1.17289242085311e-08,8.31906961735656e-17,1.3149431844498e-16,-2.05489685696862e-16,3.22714753010084e-16,-3.30142627993656e-17,3.11828334142094e-16,-2.26397716256362e-16,-7.50638037854702e-16,-1.89439372559277e-16,2.64245903838771e-16,-1.52091073988924e-16,5.47670618720625e-16,1.91014821347403e-16,-8.66568428186589e-17,1.22298806255502e-16,3.16773206461949e-16,-5.48348335216523e-16
"t427",-0.00775088236180382,0.0230773670907376,0.0264043277588006,-0.00825424113016805,-0.132328459195703,-0.0293642859946998,0.0189217218127575,0.000303165092712425,0.00100682598015927,-0.00220501870230697,-0.000599717121620733,0.00360063595908967,-0.00528278403980578,-0.000514403559778574,-0.00358291311605629,-0.000994992692715746,-0.000927199164594724,0.00038935724397306,-0.000345841305649932,0.000253653225981855,-0.000940132886958667,0.000197121091539662,-0.000413694205625894,0.000856526338362231,-0.000134513548466147,0.000313384321105361,-0.000390572955440168,0.000360921895365399,-0.00310934990642889,0.00793566675292602,-1.89788527678244e-05,2.6609154177125e-05,-0.00114419984513408,0.000183132658708995,-2.29997251750783e-05,-2.38804191133302e-05,-0.000108631853911494,6.19439283834655e-06,4.86026182352987e-05,1.23777437517178e-05,0.000542796538548959,-5.5472478081113e-05,5.02506245053048e-05,-4.22084794342579e-05,0.000180060559380544,0.232631698006951,2.46782533949414e-05,-0.000292029459219599,0.000161154782834337,-0.000267466326644649,0.000252420136317448,-0.000151635666024181,2.10934527714089e-07,-7.05982047666531e-05,2.38054974477772e-05,-0.000249036074855444,9.88874750957422e-06,-0.000694421553276753,0.000237271904808001,-5.51879252689427e-05,-8.18158039466859e-05,0.000140458459338444,-0.0866969394261799,-0.0109525014546794,5.94448591944795e-05,-9.93399409405151e-05,6.21977882625478e-07,-3.38374283464315e-06,-7.95396062594379e-06,1.27097815596614e-05,-5.03606990937511e-06,1.62850826414267e-05,-4.09173633835244e-06,-3.78151601265132e-05,1.59253980737005e-05,1.13477354263942e-07,-0.000139087713125066,1.53342053627408e-05,-6.0439030067749e-05,-7.53082522651933e-05,2.57258476911585e-05,0.000403944054208584,-0.000128124909792991,-0.0264770771287829,2.74069273475783e-07,6.99464888103528e-05,-1.61396230516353e-05,-1.99363309965294e-06,-0.00023430873434391,2.31133901398466e-05,-4.08640018038874e-06,1.9738893195214e-07,9.99208668186075e-06,-0.000131370973373417,-5.55962722936e-07,-3.23572985624517e-05,-3.80213014566925e-06,1.96483726578659e-05,-0.000165090317773419,-4.56462705364005e-05,-1.0163605265051e-05,8.75552723131041e-07,-1.39508164726542e-05,5.59910826521124e-06,-2.4708757201641e-06,5.21334242080607e-06,-0.000137477403346875,6.43323722880889e-06,-2.2017238375268e-05,1.01903327302604e-06,2.53509688086231e-05,0.00625605791990577,1.24244147849212e-05,1.35990772014605e-05,-3.84505714618163e-07,0.00183623150825234,-2.1836259315019e-05,2.45401309198001e-05,-2.57558522047863e-05,6.48058649023572e-05,-4.70896332354269e-05,6.34887886027723e-05,-6.24256332596798e-05,-0.000171709568040696,1.04634918510249e-05,-0.000111946843799827,1.14431004688085e-05,-1.95113110271615e-05,4.25401200927981e-05,0.00140484352240608,4.54019575741691e-06,0.000149832900097186,-2.925386896124e-05,-3.80506699185497e-05,2.54172991434348e-06,7.06527910956903e-05,-5.48351435448367e-07,-0.000535240125363326,0.000653596904392759,-0.00206943653034498,-0.000350651154765369,-0.0995882787593251,-0.0020652025877751,-9.17277269308949e-05,-4.81560217354697e-05,5.61164764178968e-06,0.00010159375204381,-8.86887348263571e-06,-5.17523403971283e-07,1.00766724155539e-06,2.82403718639116e-05,4.28019357175693e-06,1.59523200267855e-05,-3.1244693051415e-05,5.99010343907809e-06,4.90484410098684e-07,-7.04692486025705e-06,3.07421612576442e-05,6.15318171390674e-07,1.95507892542906e-07,1.40179134544869e-05,-1.448600196274e-06,5.1001680743627e-07,1.28963265439296e-05,-0.000542071570351032,4.92929618398901e-07,5.11005742523194e-06,9.1874474347216e-08,4.62678154661425e-06,7.39220543472068e-06,-2.04694247100134e-05,-3.70619475106932e-06,6.54966971630211e-07,1.46633640491687e-06,6.86230373333336e-06,9.13669331332421e-07,7.18492474401702e-07,-0.169643782556873,1.69381650641454e-05,0.00010212335533249,-0.000277506635997971,-7.08058968001172e-05,9.5763222276425e-06,4.58337090053708e-08,9.21295253942887e-07,2.32258209781597e-07,2.45368161643326e-05,-3.94711106152791e-06,-1.7509962315861e-05,2.62595035829635e-05,3.32770568648629e-07,-5.03966272640592e-07,-1.8776304276324e-06,-4.04081479189375e-09,-2.72132403514283e-07,3.12146485474078e-07,5.49937410910607e-07,4.72284835307343e-07,-2.83180911690843e-07,-8.14791318089643e-08,-7.97058861911101e-08,-1.10336449380688e-05,1.47693939828004e-09,1.91034679992722e-07,2.17106432247109e-07,1.341072057391e-06,-1.03644725952594e-07,-5.99346838539225e-07,3.10593981008547e-07,-5.05702289710476e-10,-1.38988132378426e-06,7.4969348071966e-07,-3.68675101323777e-06,-4.33236600318021e-07,-4.72374421990614e-08,-3.67273749313267e-05,1.28124068219113e-07,6.44480917124053e-08,-1.67264549254047e-07,-1.15020065796814e-06,-7.27221722279333e-06,4.88909043272688e-05,0.0196986060120715,-2.73635756752075e-05,1.33844523511415e-06,5.14806781571932e-05,5.3053652703646e-06,1.40250145346077e-07,1.06417277356363e-07,1.65201922627259e-08,2.93823346822543e-08,2.35596926804824e-08,1.58709079072467e-08,2.91896414637207e-08,-2.64982255089247e-09,-9.83094890822878e-09,-3.17686878574236e-07,2.6094248524064e-16,-4.84766909161567e-06,8.09415130768789e-07,-1.43378548417509e-07,-5.35394043524285e-07,-4.97153630986091e-07,1.11823982976571e-07,-1.16623332273227e-07,8.36583622805926e-07,-1.04442963278956e-08,7.86269340272359e-10,-2.75133633991627e-07,3.88997428975471e-06,-3.22441903923624e-07,0.000427970162516075,1.8505791511134e-07,8.18199829573301e-09,-5.80251277094209e-10,2.81123937510858e-08,-2.51840374209248e-08,3.93495477850242e-07,6.0201940863615e-08,-1.07896638711732e-08,2.04664621907345e-07,-3.74642437330901e-08,3.84163941728113e-06,-2.90035516478917e-07,1.42188141735057e-08,-4.70926048233983e-09,3.15248509158603e-10,1.08595341215224e-07,-4.24505379651528e-08,2.1362386827419e-10,-1.22084261920366e-10,1.77126808975359e-09,-3.32605835712805e-08,2.84040939689545e-07,-3.8125664278292e-07,1.07494861451122e-06,-1.02133531895713e-06,8.70163947816993e-08,-1.50529477591974e-06,1.13143531984817e-07,-3.55480248575674e-07,-7.12423120029981e-16,1.14919852206668e-06,4.08488986051619e-08,8.04105877948811e-11,9.51188420405389e-07,-1.22053535050435e-07,8.89757277830291e-08,4.2561021353043e-07,-9.6501733029274e-07,0.221367918529469,0.000402343663283409,8.63929004774621e-07,-2.36648241771382e-07,2.76787373032104e-06,-3.14799085097848e-06,1.12107508218492e-05,-8.63970920776711e-07,1.68932031187059e-06,4.48500521305828e-08,4.51847348915486e-08,1.5775953922968e-06,-0.000951345478130286,-4.01862108498423e-09,-4.57499401675035e-07,7.91040277372924e-07,-2.95105251401602e-06,2.00642092636416e-07,1.85115683413751e-07,0.000145353232959891,-3.71477859501599e-07,-1.69700679255568e-07,2.58276506524713e-07,-8.80362377105108e-07,2.15642821980026e-08,1.97371414292464e-07,-3.68879489620623e-07,2.32124552820896e-16,8.2537092609224e-10,6.34450232091776e-07,-5.42122953411201e-08,2.10721168186574e-07,3.55437042792177e-08,5.41177804115312e-08,1.21965930596484e-07,-1.72117516772907e-06,5.90788844651899e-07,5.40035097293998e-17,-3.62078570485458e-07,-4.24509816552192e-07,-1.10617002742135e-08,6.89566234796494e-08,6.53534149521472e-08,-3.74346949529118e-09,-1.05346041478184e-07,2.0789636445502e-08,-2.4226958740963e-08,-8.39779943780392e-08,3.1584185845537e-06,7.49991681905536e-08,4.52858680893794e-09,1.04212544653872e-09,1.07084727150204e-07,-9.66723453725606e-08,1.44647502264117e-07,-1.83933575039253e-15,9.80674217964091e-07,-8.50059345332841e-08,-2.45216582750283e-09,-2.79848549926736e-08,7.18266435449695e-07,2.32273335027685e-06,-1.77304280271994e-06,6.60379337835222e-06,2.69485460402563e-07,6.74140044664648e-17,5.51533860107355e-07,3.00414919428683e-07,8.5404595762341e-07,-4.65410337781759e-16,-1.94327071736054e-06,-3.89317740807576e-06,6.08973233551441e-07,1.80610447122942e-06,6.59969129122483e-07,3.80025714795935e-07,1.44421165300272e-05,-5.29816264595334e-07,-0.000496523546586355,-3.29944685491911e-07,-1.68500120191984e-06,-3.28256266048639e-06,-1.54681186122867e-15,3.86070839809969e-06,-1.40201561195743e-05,-0.104464769437364,-6.31787998251749e-06,-7.19146231224378e-16,-2.04178845912626e-06,2.96054014781904e-07,-4.59889575162587e-07,-3.66761918386222e-05,-8.98734811119069e-07,1.11399035195161e-06,-9.38767363578035e-06,9.18058899232166e-07,-6.48040635234735e-16,2.51698921678622e-06,-6.21908807925528e-07,1.64053816289721e-06,2.66977623176274e-06,-2.69671167525293e-07,-1.77007725354974e-09,1.90472637662253e-15,-3.67721414035005e-15,-1.49103638989369e-09,-2.2068919913857e-07,2.85835915486733e-08,-1.89744497389929e-07,9.45732646259102e-16,-6.0099598394177e-08,-5.44228797005869e-10,-9.87779753959033e-16,-2.25146019273336e-17,-2.31062547646207e-15,-7.68301997667013e-09,-7.51188913020527e-08,3.62411858543175e-05,-3.81504377715462e-07,-2.00123131974237e-07,-6.11356636419859e-07,3.65676604044626e-07,-2.34288966306205e-16,1.46241623662804e-07,-4.95396158030264e-07,-5.84502892085008e-16,2.67991087541778e-15,6.39218578504468e-07,3.13449755479627e-10,5.9845880851312e-07,-3.01336734603374e-06,-1.16541787180684e-06,3.61612348899111e-07,2.59894462499834e-14,1.39772303383072e-06,1.4086748789152e-14,7.97769424575956e-06,-3.1040274517391e-14,5.09728366015464e-06,9.41917138430276e-14,-0.903338352517304,2.86104429046934e-05,6.96289385408034e-07,7.78605933493897e-06,4.81607100864294e-06,-4.46259918145964e-07,2.4450288377953e-06,4.96501353674336e-07,2.4107300729583e-06,2.08861695082633e-07,5.64184961013969e-07,-1.42079326081297e-06,-1.69911296779151e-06,-1.30471419131649e-07,-5.79377932709786e-07,-9.99540046890486e-16,5.05352988085688e-06,-8.208000493845e-07,3.41650756199503e-05,2.22895160879136e-16,4.75023879785385e-08,1.23154489678112e-06,4.32915843366658e-06,1.49437496724884e-15,-1.37729534583778e-06,-5.35565163566223e-07,-4.51016827429516e-16,-6.97526533516901e-07,1.91745346980482e-06,-6.64902941659379e-16,8.39423672483833e-17,-6.89528385370082e-08,-2.79212836338809e-07,-1.58151576404985e-09,-2.18387360019566e-06,5.8306367941136e-07,2.27606461761252e-07,1.66379913889782e-07,0.00811207182483945,-2.62393183684087e-06,5.91188339602033e-15,7.36958074101028e-09,3.84225984777026e-09,1.06823917980278e-08,1.00481368623943e-06,-3.99232297226058e-16,6.09159064447725e-16,3.31484318383732e-07,2.18099575143901e-16,-6.16595109476089e-16,0.000186026805793624,-2.23212192037565e-06,-5.54101911275714e-07,-2.24940635271087e-08,1.40523275374357e-05,2.71220107529571e-06,7.60875262796187e-08,-4.4409544047831e-16,1.73233519096615e-07,8.05317480721979e-09,3.68971591819078e-08,-4.87857767968016e-07,1.90005905224057e-06,7.84885436031289e-17,-2.0044822473435e-16,1.87907924574353e-15,-1.23251947703997e-07,-7.76725766625643e-08,-3.41550900536192e-07,-2.81869542597601e-14,-5.90962105334398e-08,-1.23730376338092e-15,-1.02806574981821e-17,7.0932077256953e-06,-1.55690716223536e-07,-2.81892564846231e-16,-3.80530740105374e-07,-2.59030638179742e-07,1.64296215536469e-15,5.27475305316316e-05,-1.44147330547545e-16,1.53637399057273e-07,-1.17185726823086e-15,1.53170599129225e-07,1.32510887304e-06,6.34612740909029e-08,4.5066891814115e-08,3.08781274594621e-07,-2.02670155216296e-07,4.18443130838522e-07,7.44586529362842e-16,3.59741544636257e-06,-2.02798863919993e-07,4.57836231007876e-17,-2.66742210336671e-08,-4.09475884065355e-07,1.25602085408164e-07,-9.88172942261629e-16,3.01729547730725e-07,5.27163598344819e-07,-1.9399747040348e-16,-9.93021702847194e-07,-2.19421794395737e-07,-1.50678872863607e-08,-6.54671124979114e-16,-3.63346681316236e-16,2.01797975981183e-07,6.15816834803398e-08,4.97891784833993e-09,-1.04614419672031e-07,3.59420524689913e-08,-7.32095819076005e-17,-5.27401267729175e-17,1.31062514393131e-07,9.03273727367989e-10,2.51498295684123e-16,3.16104485924011e-07,6.78835426122706e-17,2.16085929781679e-07,-6.02686936969361e-08,-3.52096481972288e-08,-2.33306677493465e-07,-9.21905922061095e-16,2.90884582371117e-17,5.01579463488374e-16,-1.51019367830342e-16,-2.47290582548026e-08,-8.57651129043976e-08,-2.52176259462168e-16,1.071164763068e-15,-7.04378673350216e-17,1.20680244035707e-07,1.0844734567482e-09,-5.97304560492988e-08,2.49461498385427e-16,5.75575828318242e-16,-6.42958993338216e-16,-1.9502133913313e-06,7.90309837747494e-08,-3.2431311670096e-17,1.3965930320015e-08,-3.66896614526009e-07,1.24897511278447e-16,-2.66736065784613e-17,-1.94385549384369e-07,-1.99460848288845e-09,-9.77491526842384e-08,-7.50669481172982e-17,1.14132896707282e-07,1.72199015957185e-07,2.02985860622165e-07,-3.57233718281818e-07,-0.0325760924616336,1.21346001171302e-09,5.65418075121004e-16,-3.09880533920885e-16,-4.51427945457333e-16,1.3131840613457e-07,-1.19103402069338e-07,-3.43582807762892e-08,-2.80039447896737e-08,9.72787459057709e-17,5.70182394559619e-16,1.72591359222312e-17,2.06112776010731e-16,-6.22959431235094e-16,1.79533965377569e-07,-7.35341042326498e-17,2.4927720739401e-16,-2.20399299031269e-08,1.30007631034161e-16,-1.97323751344667e-08,8.89989726945194e-17,-2.44695946261276e-08,-2.31454871962917e-18,-2.97394227461745e-08,-3.72404981580121e-09,-4.49775677638782e-07,-4.84725446077052e-17,1.19712844445867e-07,2.37928337673427e-17,1.70004782371977e-07,-3.95592416118742e-07,1.65470615829966e-09,-1.07473932033254e-15,2.41291107561845e-07,-2.36186869967462e-17,-5.9268095151995e-08,-3.34519781359933e-07,-6.78875856442956e-17,-4.37211188386282e-18,7.13692699381818e-17,-1.61154452235971e-17,-1.12221629968281e-09,-1.4610587774213e-08,-3.26169170004692e-09,1.14498140128009e-16,1.45658223198061e-16,-4.55573974166674e-08,3.7159766898818e-07,6.68042547529144e-17,-3.24324368079795e-16,-1.48184577603152e-08,-9.11377988349988e-17,-1.04971897244552e-07,1.54840827455107e-16,9.89878312938821e-07,-8.36312984492629e-17,-1.25881553784392e-16,-1.44507693652265e-16,-1.80956736241755e-17,-1.28552779066456e-16,4.18343988769846e-16,2.50903811797459e-08,-1.75465560842354e-07,5.57368719737708e-17,-8.79616986970804e-08,3.344637760574e-07,-1.37369810299614e-16,-3.94431028178491e-17,1.37785632531631e-16,6.93429156105902e-16,3.29168206045075e-08,5.26204151093025e-09,2.95005062988008e-16,-8.99346222781189e-17,-5.97270686948532e-08,-2.13045816310593e-07,-4.26555954039968e-09,2.34066716226597e-16,-1.05078916247773e-16,2.23398199036132e-16,-1.75963680307594e-16,-3.17491752361271e-16,-3.05066981739555e-17,1.25418031839781e-07,-1.18585802318761e-07,-2.27950108446344e-08,1.15215010567709e-17,-2.07138568312635e-17,-1.0414206191032e-16,3.37270132238251e-16,2.26342629593366e-16,-3.48088016560421e-16,8.96452344082974e-17,1.53542921148569e-16,-3.22786119569701e-16,1.44266820992921e-17,-1.89926667833658e-16,1.59968899977242e-16,-7.68742245114832e-17,-7.94166019516653e-17,1.64451822223353e-08,1.47797503682734e-16,7.05224082353717e-17,1.64086910401029e-16,2.32595007773748e-07,-2.11757798953389e-09,-6.63332185294604e-17,-6.00109612151368e-09,2.12284614176937e-07,-4.61014375348967e-17,3.45844907688776e-16,-3.09088845256273e-07,9.12729498074669e-17,5.21211209096954e-09,-6.58369952667752e-17,3.44055261867634e-17,-4.23274162968591e-17,-1.45203518059379e-16,3.84655405138104e-09,-5.28124785075012e-07,-6.75515439639126e-17,1.4816358177907e-16,-9.9384807894566e-17,1.10109204815439e-16,3.1826754773312e-16,-2.19243687473018e-18,2.90922967377777e-16,8.91991872738454e-17,8.33387760181256e-09,1.85146113209034e-16,7.23872929915613e-17,-9.20203887910185e-17,1.65101836523871e-16,-5.94116396377327e-17,-2.88954736313265e-16,-1.24078481011488e-07,-9.42828005230524e-17,-2.02347164215596e-18,9.24777501894676e-08,-1.1594480780565e-16,3.69379422154743e-16,-6.54991557582584e-17,4.64266870067069e-16,1.01581160927391e-07,-8.64060396231591e-17,-5.6655571378853e-08,7.33728279635042e-17,-3.49771718608948e-16,2.06010693168851e-17,6.8677876055676e-16,-2.01722335110657e-16,-1.24844400592143e-16,2.04424208094384e-09,-1.329904207986e-16,2.32740444654993e-16,1.52347514260425e-08,-2.54898348747899e-07,8.72157895370123e-17,1.78392199355274e-07,2.61200620161283e-08,-1.13087287410249e-16,-4.47653050119312e-17,2.89715441006755e-16,-1.10705882329842e-16,-9.00837392655452e-17,-4.36842830497674e-08,5.29240316121712e-16,1.29599692469236e-16,-8.711593464322e-17,1.74699207410428e-08,-2.67845160413061e-16,3.60776417714249e-16,1.63133621016452e-16,-1.66675040396961e-16,-7.94802778018869e-09,-2.46340877770379e-16,3.16099063706533e-09,8.73639723144499e-17,-2.18065597126572e-16,-5.98055336661432e-17,1.51927836077811e-16,1.20634438084813e-16,-1.83347956530757e-16,-1.62980546765815e-16,-5.47115088065232e-08,-2.76823896614963e-16,1.89887249481446e-16,2.29876933129833e-08,2.92424144147047e-17,-1.17847062342458e-16,1.17977257088433e-16,1.9130294654983e-16,5.43700510673266e-17,-9.93042705310058e-19,-1.25787343269669e-07,8.45917692921099e-18,3.77975797453599e-18,4.94906865910863e-08,1.22523345440217e-16,1.11565979726358e-16,-2.59142305885999e-16,-1.64743697175711e-16,-1.08889772027212e-16,-2.11701425246375e-16,6.32346837523631e-17,-9.99027355326123e-17,-3.09301632925508e-16,-6.85820731183214e-17,1.67961051481076e-16,-2.58879094783947e-08,8.58156101054393e-08,-2.13606503288416e-16,2.5914475047011e-17,-1.62231421591263e-16,-1.88183432983915e-16,-2.45246531416221e-16,-2.25001769842242e-16,-1.44170616142372e-16,-6.87179454827468e-16,-5.61356932917558e-09,7.11519533290421e-17,-4.27185970917588e-17,-7.36575688147164e-17,2.60620696568692e-16,7.17756505979212e-09,-4.45076579504038e-17,-1.50256973253937e-09,8.15171348941529e-19,8.34500670747448e-17,-1.5436854818445e-16,-4.16858894526901e-17,-7.63968319197031e-17,4.40888326137776e-17,3.92242495681827e-16,9.20588186510216e-17,-2.64372263789272e-16,-1.3449862553549e-16,8.74012658072443e-17,8.584841418977e-17,-6.70550014970848e-17,1.89553037362325e-16,7.5380522168242e-17,-2.86447340690793e-16,6.79741840915168e-17,9.13941644804883e-17,1.83470744479486e-16,5.43826111083771e-17,1.53094767765816e-15,-7.65792981332624e-17,-1.30113924700402e-16,1.43754256167195e-16,-1.79626569343861e-16,5.37711370636647e-10,-1.38893156984572e-16,7.29149174838195e-17,1.22131280539176e-16,5.68031850532518e-18,-5.41502179661294e-17,-3.0408583516338e-17,-1.92226870181688e-16,-2.05243933557888e-17,2.00219099432681e-17,1.29171503980945e-16,-9.03953561309789e-16,1.72434893759804e-17,1.97850646327638e-16,7.41610836264172e-17,-2.44193500074103e-16,-2.45622247731719e-16,1.86758881315121e-16,-6.89708890988873e-09,-9.78954892845487e-18,6.19515810236392e-17,-1.55757277871722e-16,-3.23116327543093e-16,4.24041482510902e-16,-3.0143954246181e-18,-1.30991023052442e-16,-3.41724162478467e-16,2.32624061731291e-16,1.45648630336151e-09,3.1041624762832e-16,1.34847741439901e-16,3.5429409347919e-17,1.22824414034544e-16,-1.84133005295083e-16,9.32970561530742e-17,-1.19448251455082e-16,-1.62788731936327e-16,7.16053282814753e-17,-1.54743613012402e-16,1.46061272725276e-16,1.14893140087622e-16,9.83137985137058e-17,7.32481116481882e-09,5.29041033964796e-17,-1.45804113971952e-17,-4.02786281959639e-17,2.44498431917206e-15,-2.20157352318352e-08,-5.20180610276526e-16,-9.5109864743063e-17,4.08065151225867e-17,-2.45633629724301e-16,1.08786775898547e-16,-2.02983534900705e-17,-6.57074602954999e-17,2.25530145276841e-16,1.04101203430371e-16,-1.09095256717989e-16,8.1234246413658e-17,-2.69466218846253e-19,-6.54858102796933e-17,3.94088544497883e-17,-5.39304944574043e-17,-4.48751781728662e-17,-4.44971278784267e-16
"t534",-0.00775676409933921,0.023114311129027,0.0264479677893925,-0.00827253766254493,-0.132687809494278,-0.0294578921650923,0.0189832285011349,0.000304229256272051,0.00101100298158249,-0.00221612209041995,-0.000603554136272789,0.00362906581331956,-0.00532572631887997,-0.000518648854711179,-0.0036137831273899,-0.00100407630962206,-0.000935868038246053,0.000393064187925684,-0.000349210979997941,0.000256340633701539,-0.000950916835282963,0.000199857354461817,-0.000419763973928051,0.000869166365927502,-0.00013650655204123,0.000318252872821996,-0.000396713727049533,0.000366648347669924,-0.0031600319229157,0.00808894687011551,-1.9370367177122e-05,2.71836928648199e-05,-0.00117073860479282,0.000187587605265242,-2.35886794512798e-05,-2.45424202015388e-05,-0.000111682787009999,6.37122308505467e-06,4.99998320676907e-05,1.27390585831511e-05,0.000559113153242359,-5.71819294834728e-05,5.1823127769293e-05,-4.35309908588105e-05,0.000185804655722664,0.240546479099138,2.55340922064226e-05,-0.000302247676229633,0.000166934546710391,-0.000277314051266855,0.000262038013550236,-0.000157504903380828,2.19117689021294e-07,-7.3390484166862e-05,2.47826712424765e-05,-0.000259315346344022,1.03381603272536e-05,-0.000726787310947713,0.000248363712779184,-5.79273364535443e-05,-8.60587891874265e-05,0.000147898855379806,-0.0913680969682672,-0.0115451223722332,6.27628977285999e-05,-0.000105038719959315,6.59812864052655e-07,-3.59491224650932e-06,-8.45618262559454e-06,1.35292019260554e-05,-5.396801146573e-06,1.75428344594665e-05,-4.41133468358112e-06,-4.08375377982716e-05,1.72018800256755e-05,1.22662750499943e-07,-0.000150390024137404,1.660413045658e-05,-6.5659423146567e-05,-8.1922373696171e-05,2.80496309872984e-05,0.000440652197297086,-0.000140283799521888,-0.0290221794920428,3.01872669640519e-07,7.71452741263014e-05,-1.78248452413871e-05,-2.20228377813356e-06,-0.000258846033631043,2.55375663867777e-05,-4.51733401865352e-06,2.19286272892631e-07,1.110563724617e-05,-0.00014646429007864,-6.23194298062992e-07,-3.63000208488826e-05,-4.26558187037691e-06,2.20896104920428e-05,-0.000185747322307592,-5.15104728757733e-05,-1.14973322989379e-05,9.90663529941268e-07,-1.57888341348489e-05,6.40831768030853e-06,-2.83040319125906e-06,5.97591454830793e-06,-0.000157774937008277,7.38552506064258e-06,-2.52913548061774e-05,1.17162401655447e-06,2.91555986471232e-05,0.00720755085478005,1.43170590825927e-05,1.57435380003359e-05,-4.45583110484555e-07,0.0021325834882049,-2.53855214172369e-05,2.86068324736022e-05,-3.01034951908045e-05,7.5897457657299e-05,-5.5212256024257e-05,7.47369890721269e-05,-7.36764813541539e-05,-0.00020267665655983,1.23551695399011e-05,-0.000132541481603969,1.35513066377752e-05,-2.31598565341607e-05,5.08364717144616e-05,0.00167894934879827,5.42905827890413e-06,0.000179991931879278,-3.5174111198223e-05,-4.57812911470952e-05,3.0664181875938e-06,8.52697772666899e-05,-6.65642451395701e-07,-0.000652806960051581,0.000802399186736731,-0.00254105265151963,-0.000431051245418475,-0.122493562600547,-0.00254257002785797,-0.000112970738971642,-5.93086471295404e-05,6.92904232943585e-06,0.000126093981549346,-1.10664674681991e-05,-6.46624615812981e-07,1.26278365744777e-06,3.53985325405392e-05,5.37122135804522e-06,2.00320472611839e-05,-3.9265435501784e-05,7.58144505001301e-06,6.21500078548598e-07,-8.93654238184109e-06,3.9731816719329e-05,7.99037289038112e-07,2.54068293256797e-07,1.82911720822902e-05,-1.89178739552242e-06,6.69598988439032e-07,1.69425497040729e-05,-0.000715903177178633,6.54363192821792e-07,6.88817519446814e-06,1.23911698335808e-07,6.24105309891052e-06,9.99266434595247e-06,-2.77399701897082e-05,-5.0244279648834e-06,8.92407700250614e-07,2.00110185767447e-06,9.39743281612504e-06,1.25227552225986e-06,9.85198566079123e-07,-0.234530647233857,2.36201617726256e-05,0.000142625263743445,-0.000388124829817145,-9.94564977043978e-05,1.34736923525162e-05,6.45929090020859e-08,1.30038791677795e-06,3.29554506362608e-07,3.48614089615099e-05,-5.67299691742258e-06,-2.51759894277815e-05,3.79050355527694e-05,4.85676257966392e-07,-7.42473918388902e-07,-2.77536126348136e-06,-6.00244623264736e-09,-4.05751659895545e-07,4.70703196071626e-07,8.31349016066905e-07,7.17767796235289e-07,-4.31529934830657e-07,-1.26833168936733e-07,-1.24200322056773e-07,-1.73544103748107e-05,2.34491391382893e-09,3.10460883490028e-07,3.52870407616865e-07,2.18451820460675e-06,-1.69988035266579e-07,-9.877242558398e-07,5.18554672332351e-07,-8.58427949847468e-10,-2.39204949496764e-06,1.29586163926531e-06,-6.50172892659756e-06,-7.72869283226527e-07,-8.42947700497525e-08,-6.61425281360614e-05,2.36348864788041e-07,1.19452585198689e-07,-3.18226077165854e-07,-2.23003401189825e-06,-1.41943408507932e-05,9.81948220694597e-05,0.0398431711706199,-5.5781443238495e-05,2.79644147914583e-06,0.000108110958823323,1.11554823925842e-05,3.0346768158129e-07,2.34480826233946e-07,3.71710163507424e-08,6.67605120227473e-08,5.4085285341223e-08,3.67944026042815e-08,6.78628476046032e-08,-6.32741363216121e-09,-2.38851898581398e-08,-7.86965061461211e-07,1.76401330092632e-16,-1.23621756664343e-05,2.07649638439165e-06,-3.84033595896576e-07,-1.48586464985925e-06,-1.42306693276873e-06,3.20699162195411e-07,-3.55899785631362e-07,2.58145382800535e-06,-3.23951637635216e-08,2.50134289775315e-09,-8.90922984071479e-07,1.3027802516662e-05,-1.09676938219546e-06,0.00146522865610159,6.57345208277295e-07,3.48276337448214e-08,-2.66879293225322e-09,1.38901342117758e-07,-1.49714492106642e-07,2.37477944001561e-06,4.28900109000198e-07,-8.58788712668626e-08,1.96937184568872e-06,-3.87116648538107e-07,4.30730762209866e-05,-3.69530425008969e-06,2.28419121277147e-07,-7.80125482879559e-08,1.88862062363575e-08,6.93922003595609e-06,-2.93235012345364e-06,1.09151436764671e-07,4.397723836542e-08,-9.78064408442348e-08,1.58317036147824e-06,-2.29026281750583e-06,2.79109757030174e-06,-7.32419183619063e-06,5.97919721395671e-06,-4.56062300231253e-07,6.30894844144538e-06,-4.46758022963625e-07,1.34086203430209e-06,1.15229220707095e-15,-3.73395561543536e-06,-1.30250599660066e-07,-2.414265412615e-10,-2.49195604108899e-06,2.8601318325688e-07,-1.98034499852779e-07,-9.23728176227485e-07,1.53235752742139e-06,-0.344669502299,-0.000623134815245828,-1.22368671087319e-06,2.59795765009087e-07,-2.90524004464643e-06,3.20197054138616e-06,-1.02626843048568e-05,5.08028896898337e-07,-7.97424488752931e-07,-2.08811091259777e-08,-2.09502482602107e-08,-3.36881643345278e-07,-3.51906004544462e-05,-2.70353835234625e-10,-5.08771362210356e-08,1.29798124550951e-07,-5.31958175307997e-07,6.32834371113971e-08,6.02840563455616e-08,5.00756164793986e-05,-1.32783937546529e-07,-6.79265240164967e-08,1.15794569258936e-07,-4.34571099584477e-07,1.10775174090893e-08,1.08201774603037e-07,-2.30218639490329e-07,1.0016132737739e-16,1.00405365811993e-09,8.22969712147991e-07,-7.75391072253525e-08,3.02276388178617e-07,5.11451316072606e-08,7.97961549150717e-08,1.88414619430447e-07,-2.81347935257559e-06,1.08814693695855e-06,-5.59889769339344e-18,-9.08472911359714e-07,-1.11226189791172e-06,-3.19608469037923e-08,2.0167832198932e-07,2.53971777353049e-07,-1.76393694146542e-08,-7.02421076358507e-07,1.92535518870665e-07,-1.28422254515918e-06,1.36037592092552e-06,-2.79941586695659e-05,-5.29834128581112e-07,-2.84107146253898e-08,-5.45234984507888e-09,-5.50185869865026e-07,4.4517679613557e-07,-6.16397786679383e-07,-3.10546551443651e-16,-2.67613427619522e-06,2.15681869469007e-07,6.21747222964232e-09,5.90509560983984e-08,-1.47775781736137e-06,-3.64232035700752e-06,2.59914842548399e-06,-9.55667142658057e-06,-3.71825835225189e-07,-4.75563948677107e-16,-7.22144653995656e-07,-3.85942093355906e-07,-1.02426770485598e-06,8.25525047061052e-17,2.17114101608258e-06,4.27968629521197e-06,-6.63869883350794e-07,-1.93555315899652e-06,-6.87581185755195e-07,-3.87746840306749e-07,-1.44996025338985e-05,5.07558913079783e-07,0.000473068484678018,3.04643784122227e-07,1.47419482618107e-06,2.86412668404157e-06,3.08957511105364e-16,-3.04502027406237e-06,1.08713121126808e-05,0.0780595391613452,4.4686187802085e-06,-3.17214320928886e-17,1.28853381848374e-06,-1.65335135273478e-07,2.43489080742756e-07,1.89470777979415e-05,4.50920889788243e-07,-5.29753067696581e-07,4.09844854572785e-06,-3.26310817288779e-07,2.24599975058899e-17,-7.49028211348664e-07,1.82244355598357e-07,-4.65535387156967e-07,-7.24558430337241e-07,7.29366898880063e-08,4.72746368135495e-10,-6.1409211049579e-16,1.60049423341962e-16,3.70292634423476e-10,5.14340944024764e-08,-6.60908700914865e-09,4.14287371744377e-08,-1.13469850307845e-16,1.15568131750853e-08,9.88254482774386e-11,1.79193533673762e-16,1.07759583066075e-16,2.09928009168477e-16,1.16056219721535e-09,1.10769744030884e-08,-4.91113091530312e-06,4.80394916647114e-08,2.49810391728681e-08,7.04049225449413e-08,-4.17159204912707e-08,4.61371191557173e-16,-1.40483724133055e-08,4.46553851494253e-08,-4.1447824602248e-17,-1.34171238106045e-16,-4.40090421997026e-08,-2.0103592705652e-11,-3.4745034192865e-08,1.63110611847757e-07,5.46754126880252e-08,-1.65571328426561e-08,-8.80564294066542e-16,-6.18649938944193e-08,-1.39252902779865e-16,-3.18883008826879e-07,2.97803231727456e-16,-1.88130668530351e-07,-3.46732730454647e-15,0.0299230574369167,-9.26270757824126e-07,-1.59551291986066e-08,-1.6354540885547e-07,-9.73706813274918e-08,7.52634551087259e-09,-3.4347342752693e-08,-3.88522598526184e-09,-1.87360660649528e-08,-1.24213192582314e-09,-1.52750034551128e-09,-2.02965249982116e-09,-8.04572289359256e-09,-9.43456889210255e-10,-4.88155659687316e-09,-6.6212868053637e-18,6.05753407398216e-08,-1.2495706824019e-08,8.00260251443713e-07,-8.01782284229677e-17,1.21331172327964e-09,3.51378869142413e-08,1.28718890554286e-07,2.55829574480013e-16,-4.17792134872591e-08,-1.74631055689225e-08,-7.02480876277131e-17,-2.3479055531445e-08,7.50028873377581e-08,4.51908234586402e-16,-1.16870086643182e-16,-2.81672261782765e-09,-1.14462910067999e-08,-6.586930639909e-11,-9.25306569051699e-08,2.55400592822898e-08,9.99520391393692e-09,7.33208019141312e-09,0.00036897456960633,-1.21457492365502e-07,-9.97303368360791e-16,3.42756855718994e-10,1.78829905301982e-10,4.98332215179432e-10,4.69814873263774e-08,3.94249388865515e-16,-2.36347809675788e-16,1.55344483659159e-08,2.09203209510293e-16,3.00664112400135e-16,8.64775541123597e-06,-1.03201096447336e-07,-2.56153714895482e-08,-1.02297304774218e-09,6.3733801846682e-07,1.22937792254699e-07,3.43520552188991e-09,3.63908734124964e-16,7.38318807470627e-09,3.37664218665797e-10,1.53821194556886e-09,-1.9710711480856e-08,7.15387528128729e-08,1.25361388422325e-15,-5.81221599152092e-16,-7.42392890837766e-16,-4.03181707841212e-09,-2.34524121106916e-09,-1.02439376605952e-08,-1.51670776125246e-15,-1.61389388685974e-09,-3.33788827455346e-16,-7.06890028843603e-17,8.84658345343756e-08,-1.90739734964964e-09,-5.34945351904348e-16,-2.94695502026427e-09,-1.28129514907028e-09,-6.15573111024564e-17,-6.33170148687411e-08,-9.58793367603988e-16,-1.44679712701525e-09,-5.45565887097329e-16,-1.56257887573016e-09,-1.43309937832378e-08,-7.30681502113081e-10,-5.63234881275674e-10,-4.55646111625735e-09,4.82832643715369e-09,-1.59718403650224e-08,8.02463118775702e-16,-2.13065927588527e-07,1.25152055923619e-08,-1.5894743668557e-15,1.73644358330233e-09,2.92780251573395e-08,-9.73992031132654e-09,-3.38183627440446e-16,-3.02648519444824e-08,-5.54804145132534e-08,9.28164456510491e-16,1.11268450464861e-07,2.53461403598013e-08,1.94407049172901e-09,4.87526304088756e-16,7.6496387774327e-16,-3.34128258131888e-08,-1.12967438946368e-08,-9.32542739661424e-10,3.01983385552467e-08,-1.11254423855977e-08,5.00279696981857e-16,-2.70930795108193e-15,-4.25756141324321e-08,-2.95232281924491e-10,-2.87328490664105e-15,-1.1212553062316e-07,4.73499885663739e-16,-8.30023135603245e-08,2.58570377854772e-08,1.52262155827054e-08,1.04096316014355e-07,-2.74230230634669e-16,-7.53367480056469e-16,-6.25620804662261e-16,4.58493938921458e-16,1.47640910029855e-08,5.24967137008085e-08,-1.01045575257239e-15,4.86805110327594e-16,-6.14666210658414e-16,-8.09690590964325e-08,-7.57798762865011e-10,4.67585283052495e-08,1.05185633230387e-15,-3.78386558197441e-16,-7.96454915907852e-16,2.35656625825647e-06,-9.71117780096951e-08,2.53536340456172e-15,-2.10022494450115e-08,6.03090412372287e-07,-7.09996910917915e-16,-1.79393028914614e-15,4.03260826556466e-07,4.22300319943192e-09,2.42620516754165e-07,6.94249645823777e-15,-3.88953885060246e-07,-7.2836248753323e-07,-1.26392842464468e-06,5.63063181655285e-06,0.844927117243995,1.78760440185204e-07,-3.22321047122084e-14,-5.51183820692637e-15,1.15733307099186e-14,5.55035058691647e-07,-4.96725119837581e-07,-1.29231409041133e-07,-7.2101021948938e-08,-8.05805734392373e-16,-1.1029291578348e-15,4.67562896220638e-16,5.2650555132271e-16,1.13660996647591e-14,3.57720282472463e-07,-4.80489524151505e-17,-2.59683162675534e-15,-4.06128908690065e-08,1.93550861627013e-15,-3.62190715558259e-08,-5.25922366698755e-16,-4.46225270786242e-08,-1.73009685381118e-16,-4.84078539054755e-08,-5.9178326712214e-09,-6.90273293881479e-07,2.61228479114024e-15,1.76521792318975e-07,-8.88700988354347e-16,2.31841372693161e-07,-4.9506846437447e-07,2.06378461567252e-09,6.16601250213149e-16,2.9193380344701e-07,-2.75021996820372e-15,-6.86160166654642e-08,-3.86489667975412e-07,-9.50325928938749e-16,4.30267225988623e-16,-2.01148292201203e-15,-3.06855396498364e-17,-1.25456985032985e-09,-1.61993945759918e-08,-3.5826386055982e-09,5.78201589097109e-16,-1.47431310758034e-16,-4.79896633179599e-08,3.90752041572098e-07,2.00066142904477e-15,4.32191925395133e-17,-1.48849331875441e-08,-4.49611035554356e-16,-1.0449763215672e-07,-2.56887188141358e-15,9.61352439287006e-07,5.3911797513774e-16,1.5006053269821e-15,-4.74260422210418e-16,-2.32900458943989e-16,9.94920435976604e-18,5.5699322139876e-17,2.33038082162724e-08,-1.62883509118512e-07,4.03946475145747e-16,-8.05181989315836e-08,3.04436720701171e-07,-6.30388738714468e-16,-6.33539861782241e-16,-1.69490192344035e-16,1.78532117113217e-15,2.9280288268081e-08,4.65701868571834e-09,-3.33418468761811e-16,-2.16050831043338e-16,-5.25682016177385e-08,-1.87377039342742e-07,-3.74269554138058e-09,-2.34170797620945e-16,2.41952929609705e-16,7.97458865763694e-17,-8.27920446659902e-16,-1.70348743507163e-15,4.6434692936907e-16,1.06198680521359e-07,-1.00107699770333e-07,-1.91857248152861e-08,2.39762237825865e-16,-7.69090449524604e-16,5.50990462841127e-16,5.00361005772809e-17,2.43618657740457e-16,1.08173908661309e-15,1.59624398489805e-16,4.89208280634877e-17,4.74659906193422e-17,-1.6107866407047e-16,-3.98085916244934e-16,-4.26176449997924e-17,8.63626672303355e-17,-3.1657586806325e-16,1.32393665202936e-08,-8.16795964774198e-16,-2.66896106826138e-16,-2.98135204148624e-16,1.86288900097115e-07,-1.69401928482519e-09,1.01206252802673e-16,-4.79729207636362e-09,1.68674688218997e-07,-1.24761805529296e-16,1.00299674175606e-15,-2.43818124308789e-07,-1.2432768840921e-15,4.07689571219551e-09,-4.58574395981893e-17,-2.47946139274334e-16,2.77652961994264e-17,-2.16944176531123e-16,2.97168022110056e-09,-4.07678613317395e-07,2.39369813913325e-16,-5.59434903600221e-16,5.21248086284646e-17,-1.37391577470849e-15,-5.50449442970891e-16,-9.413649256561e-17,-1.11116942557387e-16,-7.57112839325036e-17,6.20657680141997e-09,-9.63404786497879e-17,2.66927905429924e-17,-1.60862400154502e-16,-1.69372436397046e-15,-5.60963835678483e-17,5.54142257157386e-16,-9.1810663410226e-08,1.18301006587582e-17,2.97153140404993e-17,6.83494782373077e-08,-2.20714509707603e-16,9.10252918966355e-16,-1.00651571355251e-16,-5.39343736356782e-16,7.41405262946972e-08,1.60495251263091e-17,-4.12649292377558e-08,1.84015252698273e-16,-8.44910733406127e-16,6.98173479734195e-16,-1.00560175014504e-16,-6.15058502683599e-17,5.49099603826859e-16,1.48282735410457e-09,-2.24834310640704e-16,-3.03156754730864e-17,1.10175252324353e-08,-1.84310841929659e-07,-1.97690345922564e-16,1.28668285318865e-07,1.88250216333775e-08,1.20405964591014e-16,-7.15992973794187e-16,-3.22419807589236e-16,-1.15524087827394e-16,-2.25802580737635e-17,-3.11535892904242e-08,-1.87789365515656e-16,-4.06509906050258e-16,4.06063108664476e-17,1.24279493557641e-08,3.21720761860186e-16,-1.47876248148941e-16,3.79635396795615e-16,1.60020205718548e-17,-5.63648305480715e-09,-6.57570420678661e-17,2.23957664178774e-09,1.67886316532565e-16,-7.30922836852165e-16,-4.56250423990773e-16,-2.02758552150578e-16,-1.69933838419811e-16,3.9456293862318e-17,-1.20186453081128e-16,-3.85810150471595e-08,-1.01869198090254e-16,-1.74752173148048e-16,1.61922839841441e-08,8.87884167477075e-16,5.59944381421593e-17,9.29963889714518e-17,-1.97315258196598e-16,3.57980032063516e-18,-1.77033464417609e-16,-8.83075918251811e-08,8.11361645867331e-17,-3.95008058412238e-16,3.46948032498143e-08,1.69183433966427e-16,1.00920937783866e-16,-3.17093834146247e-17,-2.7157254970065e-16,2.96019762015444e-17,-5.39608356536214e-17,1.02435633512459e-16,-6.89001730524714e-17,3.54890622974765e-16,2.16685595145143e-16,2.74910933324781e-16,-1.80592950079698e-08,5.98313547183418e-08,3.77265177274975e-15,1.55796710727011e-16,1.11237089128261e-16,2.99432314378997e-16,3.72965547335014e-17,-2.24878711256991e-17,1.87831847193933e-17,3.9377843449276e-16,-3.90295233822905e-09,-1.5569910893933e-16,1.57622713620131e-16,-3.50249426546374e-18,8.98545191994285e-17,4.97931116378292e-09,-2.3539397150018e-16,-1.03994338859891e-09,-4.46885739248854e-17,-9.03901948038019e-17,5.68247350271976e-17,1.231907834478e-16,-4.94018068949222e-17,-1.37935824625476e-15,7.97331429977628e-18,1.3664409770794e-16,-1.7056900253847e-16,1.33231258683565e-16,9.87507044182748e-17,-3.5917905657929e-17,2.05919464505863e-17,-3.84184230413686e-17,-5.5488663577337e-17,3.84993334809198e-16,1.01911745605818e-16,-1.24455909864483e-16,-2.23448716036954e-16,2.56407521201181e-16,-1.72876036402814e-16,1.44681820131194e-16,2.96305860996363e-16,2.55789333851242e-16,2.31286420162619e-16,3.69439528678501e-10,8.41445197639015e-16,-3.05363581804251e-16,7.11752399675385e-17,1.22736414662742e-16,2.85349678431816e-16,-7.74597855385516e-17,1.16096534210033e-16,2.92721857537192e-16,-1.36841145697704e-18,7.77086181393595e-17,-7.52978408791183e-16,1.67992120051247e-16,4.57242940429587e-17,-2.78185243494735e-17,3.58301789901815e-16,1.58568349757718e-16,9.61647728176216e-17,-4.72015787894121e-09,-1.07895454660634e-16,7.78091698115711e-17,1.31648078894225e-16,-5.2345873985139e-17,-1.90845547353644e-16,3.20000515734806e-16,-1.29818485443116e-16,1.17326887947347e-16,1.27274092182664e-16,9.93493136990256e-10,-8.64868689946861e-17,-1.84095037240723e-16,-1.72880594694878e-17,-2.60567284389039e-17,1.39790781357203e-16,1.29735999884472e-16,-2.16304780279502e-16,1.35136872975806e-16,7.08765016868325e-17,2.30765738894736e-16,-1.31390379047246e-16,-8.37390958432635e-17,1.58502126556385e-17,4.98319530165027e-09,3.15014139163929e-16,3.12080233535094e-17,-1.31628254065221e-17,-3.30399770043233e-15,-1.49623578111039e-08,7.68388871234585e-16,7.16046347230912e-17,-4.06321181929981e-17,-1.90664316509354e-16,-3.8405170568161e-16,-2.11087581764038e-16,4.580777213184e-16,-2.53237093871768e-16,8.32954073034711e-18,-2.64060777622479e-16,1.31492680870063e-16,4.59501947061998e-17,-1.00652185543022e-16,3.13911301172271e-16,5.77121202459975e-17,-3.18973165330491e-17,-4.32458282833941e-17
"t718",-0.00775860809714599,0.0231258855439537,0.0264616394498386,-0.00827826700164585,-0.132800289837354,-0.0294871805720192,0.0190024723246661,0.000304562134596992,0.0010123089000381,-0.00221959100986534,-0.000604751574999303,0.00363792737764237,-0.00533910888996554,-0.000519971730414605,-0.00362339972453047,-0.00100690486526822,-0.000938566970782346,0.000394218135034041,-0.000350259750497756,0.000257176488607977,-0.000954268590162857,0.000200706188557347,-0.00042164574255312,0.000873084804038099,-0.00013712435908018,0.000319761211915106,-0.000398615936524214,0.00036842201452675,-0.0031757244384128,0.00813629497990153,-1.949118256859e-05,2.73608549190408e-05,-0.00117891188437956,0.000188958427860371,-2.37697281520622e-05,-2.47455971463722e-05,-0.000112618901149676,6.4254607461434e-06,5.04283227035139e-05,1.28498277713421e-05,0.000564112101011875,-5.77053592818844e-05,5.23044520244692e-05,-4.39357835996998e-05,0.000187562053680529,0.242964162365996,2.57953927421453e-05,-0.000305366733332281,0.000168697646318867,-0.000280315952379626,0.000264967076724944,-0.000159291549503485,2.2160855133314e-07,-7.4239950963847e-05,2.50796218525619e-05,-0.000262438566066491,1.04742963032843e-05,-0.000736583347937219,0.000251720498570168,-5.87546704565157e-05,-8.73381997659361e-05,0.000150140636322349,-0.0927746109408202,-0.0117235353722552,6.37606210775739e-05,-0.000106750470276861,6.71150129880434e-07,-3.65812050632902e-06,-8.60643437407622e-06,1.37741278074684e-05,-5.5041026999013e-06,1.79155662351032e-05,-4.50599219960219e-06,-4.17316255515988e-05,1.75794355938342e-05,1.25378182976174e-07,-0.000153730579430223,1.69790933685303e-05,-6.71972637333332e-05,-8.38689604089116e-05,2.87324424543625e-05,0.000451434618519524,-0.000143846163095863,-0.0297672781846852,3.09985285236725e-07,7.92438558641092e-05,-1.83156652414389e-05,-2.26304405514278e-06,-0.000265991156357423,2.62434032997231e-05,-4.64276286233553e-06,2.25638477804879e-07,1.1428567875906e-05,-0.000150832268732099,-6.42581055557151e-07,-3.74363167133207e-05,-4.39914564471015e-06,2.27921846537511e-05,-0.000191689223151573,-5.31939953888889e-05,-1.18796139889891e-05,1.02365265938442e-06,-1.63154996045387e-05,6.63851129738075e-06,-2.93262089203139e-06,6.19262959086527e-06,-0.000163538888620999,7.65589148768621e-06,-2.62205664014286e-05,1.21490529694074e-06,3.02345534780161e-05,0.00747708536153756,1.48531274688056e-05,1.6349154410798e-05,-4.62821155843407e-07,0.00221610886587046,-2.63852461858685e-05,2.97503593428719e-05,-3.13240176553062e-05,7.90073617918749e-05,-5.74881019602168e-05,7.78808885791613e-05,-7.68161403460027e-05,-0.000211317799770999,1.2882908057115e-05,-0.000138277575044111,1.41384119916235e-05,-2.41744932204307e-05,5.31343118449158e-05,0.0017548649860582,5.67515402187315e-06,0.000188319150832686,-3.68078732133582e-05,-4.79138186000245e-05,3.21092482773294e-06,8.9294610449422e-05,-6.97829510018042e-07,-0.00068498119621733,0.000842968260622743,-0.00266961911736332,-0.000452954768923641,-0.12873162087585,-0.0026725077355185,-0.000118751833309143,-6.23437253714871e-05,7.28703483807893e-06,0.000132732303938486,-1.16601267602681e-05,-6.81474012598098e-07,1.33153567599651e-06,3.73273506314294e-05,5.66502091213911e-06,2.11302556465038e-05,-4.14235976942067e-05,8.00796198136337e-06,6.56593327497316e-07,-9.44246137446529e-06,4.21142347798972e-05,8.47603885592996e-07,2.69542889472675e-07,1.94179644163373e-05,-2.00859754428953e-06,7.11543585874287e-07,1.80057006528174e-05,-0.000761453701094106,6.96553397075601e-07,7.34930079598978e-06,1.32217739748014e-07,6.65954310319224e-06,1.06660987173579e-05,-2.96204498850268e-05,-5.36531890851566e-06,9.53656514447093e-07,2.13893870722253e-06,1.00497584356629e-05,1.33936737521307e-06,1.05378249815704e-06,-0.251150102434296,2.53245281640469e-05,0.000152948594385735,-0.000416300393158142,-0.000106739242778405,1.44635916662715e-05,6.93539088636336e-08,1.39652970350895e-06,3.54169225018917e-07,3.74718001334714e-05,-6.10703839396087e-06,-2.71035695056158e-05,4.082797682568e-05,5.23863235259496e-07,-8.01789995251169e-07,-2.99829862917299e-06,-6.48852498552327e-09,-4.38807495089236e-07,5.09736322002833e-07,9.00552107164281e-07,7.77998246327206e-07,-4.67886467401544e-07,-1.37849522712479e-07,-1.35003292784497e-07,-1.88831702711743e-05,2.55404664946848e-09,3.38969886054974e-07,3.85278104555932e-07,2.38567951142333e-06,-1.85768794982506e-07,-1.07993415660382e-06,5.67684436541364e-07,-9.41239399399184e-10,-2.6261409061418e-06,1.42323652346432e-06,-7.15350327902759e-06,-8.51188222735767e-07,-9.28392298824001e-08,-7.29032682521551e-05,2.61019489556929e-07,1.31971233876644e-07,-3.52288455565339e-07,-2.47220511441124e-06,-1.57434468352048e-05,0.000109130905343536,0.0443018485060318,-6.20564216154032e-05,3.11603974863128e-06,0.000120506017030145,1.24354681321114e-05,3.38887783365133e-07,2.62131814367205e-07,4.16044712308235e-08,7.47641063173258e-08,6.06037316272451e-08,4.12509063630786e-08,7.60938288584193e-08,-7.10478881061782e-09,-2.68431515011361e-08,-8.8526433527163e-07,2.65917377604051e-16,-1.39253586938598e-05,2.33970801381952e-06,-4.33535554453997e-07,-1.67986079157302e-06,-1.61082141029956e-06,3.63037623942261e-07,-4.03800314070254e-07,2.9300124678793e-06,-3.67757804029633e-08,2.84198438863363e-09,-1.0128312986939e-06,1.48259613320148e-05,-1.24873153496369e-06,0.00166856298178586,7.49355729476668e-07,3.98793844908635e-08,-3.06075665051746e-09,1.59513453117348e-07,-1.72431574483659e-07,2.73568744672528e-06,4.95094681765931e-07,-9.92473525707338e-08,2.27969813340177e-06,-4.48355059548972e-07,4.99146641257874e-05,-4.28557248674553e-06,2.65210505431965e-07,-9.0589913665144e-08,2.19956904322359e-08,8.08226253021393e-06,-3.41563268573957e-06,1.27242933697716e-07,5.1281683539425e-08,-1.14160688951063e-07,1.84822169659536e-06,-2.68930181334469e-06,3.27952222779702e-06,-8.61030883762852e-06,7.03746627975585e-06,-5.3729231896563e-07,7.44870233974896e-06,-5.2780046942224e-07,1.58488776282723e-06,1.24284922149856e-15,-4.42112034368872e-06,-1.5425591387713e-07,-2.86134250313275e-10,-2.95863878281566e-06,3.40094613972871e-07,-2.35651379939183e-07,-1.09958712212488e-06,1.83264113055639e-06,-0.412336995210188,-0.000745533506160442,-1.46608690388208e-06,3.125022154236e-07,-3.49707706956728e-06,3.85612413509721e-06,-1.23791705274201e-05,6.16615168601736e-07,-9.70428391002995e-07,-2.5415272783637e-08,-2.55006012284257e-08,-4.12789411263474e-07,-4.34616044740238e-05,-3.34238206158154e-10,-6.29941030692777e-08,1.61006636585367e-07,-6.60235679346236e-07,7.8919995238426e-08,7.52068170225641e-08,6.25130780480209e-05,-1.65839782365697e-07,-8.49644844765795e-08,1.4508238170054e-07,-5.45337196280067e-07,1.39105349462223e-08,1.36032098185412e-07,-2.90156408820213e-07,5.21088310420592e-17,1.28544017669127e-09,1.05530026609346e-06,-9.96695130716513e-08,3.88576854191636e-07,6.57521437987937e-08,1.02646942493711e-07,2.42642692147606e-07,-3.62810167051578e-06,1.40706510716758e-06,-1.55472881552035e-16,-1.18224203384296e-06,-1.44860133122325e-06,-4.1697211782811e-08,2.63170547935051e-07,3.32833985253048e-07,-2.31719987397957e-08,-9.25884899180207e-07,2.54387582538466e-07,-1.70555495062185e-06,1.81540178677412e-06,-3.74739033565201e-05,-7.10502597965443e-07,-3.81403436635273e-08,-7.33393728372437e-09,-7.40213516929331e-07,5.99772345507632e-07,-8.31356782545817e-07,5.08572359400345e-16,-3.63919956224417e-06,2.93807287371885e-07,8.46974199963446e-09,8.08418906661915e-08,-2.02460670982646e-06,-5.03706228402157e-06,3.60417384909829e-06,-1.32591096555451e-05,-5.16931241955986e-07,-1.6740223049632e-16,-1.00631463308994e-06,-5.38284444274532e-07,-1.43328122074904e-06,2.86660323945158e-16,3.04905802031659e-06,6.01533148504145e-06,-9.33517990228215e-07,-2.7242214271758e-06,-9.69237012671501e-07,-5.47215331328196e-07,-2.04814858748541e-05,7.1890007365958e-07,0.000670264447862881,4.32443295468318e-07,2.09958988828504e-06,4.07986501127404e-06,2.56198595061371e-16,-4.36623390676258e-06,1.56063509064791e-05,0.11234603045458,6.45663108630754e-06,5.20356457316638e-16,1.87780072731229e-06,-2.43326557362129e-07,3.59961847626989e-07,2.80695895892294e-05,6.69728975369443e-07,-7.90567332009184e-07,6.16431748211021e-06,-5.00673932759282e-07,3.02551988810597e-16,-1.17050388942201e-06,2.85256596929781e-07,-7.31168792688823e-07,-1.14343913401614e-06,1.15145175947903e-07,7.47340187949212e-10,-2.20309881449055e-15,1.2765494940747e-17,5.90019328663608e-10,8.25279250125268e-08,-1.06138143464699e-08,6.69559456513544e-08,-2.80181542973365e-17,1.89447268050879e-08,1.63047797012311e-10,3.64082397545592e-16,-3.98855268072314e-17,1.75512913513287e-16,1.95478573522332e-09,1.8707879273224e-08,-8.3730031114804e-06,8.25717057530667e-08,4.29794563843731e-08,1.22205648619807e-07,-7.24831411272272e-08,-8.1861076630262e-17,-2.48632678915726e-08,7.95596648027521e-08,-1.96955837593878e-16,-1.894562724551e-16,-8.05456750149303e-08,-3.70399611805242e-11,-6.46035596634365e-08,3.05165701201672e-07,1.03535091981484e-07,-3.14150996038072e-08,-1.70698950381196e-15,-1.17699905280601e-07,-9.60785864193352e-16,-6.11486895803434e-07,4.81196029203379e-16,-3.6288591692725e-07,-5.83670297609839e-15,0.0581575556756456,-1.80305429885004e-06,-3.17123829736636e-08,-3.26544611664553e-07,-1.94788151068951e-07,1.51832430100864e-08,-6.98046761865631e-08,-8.035894228597e-09,-3.87583343070084e-08,-2.58373898627748e-09,-3.21003954028629e-09,-4.32550050332075e-09,-1.73547727246809e-08,-2.05485298662147e-09,-1.06834814117096e-08,-1.51884964311924e-16,1.34604089668114e-07,-2.81876242678966e-08,1.8881594529775e-06,2.29435289010281e-16,2.90219905417291e-09,8.58581344869079e-08,3.17469854994016e-07,-1.4026547636345e-16,-1.03545847400375e-07,-4.41420405242245e-08,3.93539273226857e-16,-5.99423227857805e-08,2.04076217148003e-07,1.13130446250171e-16,1.48423511443386e-17,-7.87311413931977e-09,-3.20732299514811e-08,-1.86751382818027e-10,-2.6605894646258e-07,7.59097617033832e-08,2.97953149541509e-08,2.1948552228888e-08,0.00115843731369685,-3.97607357570285e-07,1.22970210403306e-15,1.14079261167463e-09,5.9692214585075e-10,1.68052516023811e-09,1.60436326581861e-07,-3.02950135203997e-16,-4.45967389423517e-17,5.39904086076694e-08,-1.44956011694734e-16,-7.88736559977422e-17,3.39961395243438e-05,-4.15490497312984e-07,-1.0318077284446e-07,-4.3547908199232e-09,2.73450465228794e-06,5.28357533740672e-07,1.49271590447595e-08,-1.05150543424185e-16,3.65134226803585e-08,1.72245611936225e-09,7.9296475970464e-09,-1.07342662679425e-07,4.35856560292118e-07,-9.7074585059141e-16,-4.48805185025761e-17,8.65624716376734e-16,-2.99471850214846e-08,-1.93330339227403e-08,-8.51681133260028e-08,-6.22972181329577e-15,-1.50768729394938e-08,4.01154098222198e-16,-5.30888569905943e-17,1.99421463122137e-06,-4.38237006811274e-08,7.06899816460549e-16,-1.09624021439928e-07,-7.56307859093075e-08,5.51962760233709e-17,1.5827934327165e-05,2.82973832135333e-16,4.7638723028362e-08,2.55199132498482e-16,4.76339324840908e-08,4.13030994573804e-07,1.98316323648737e-08,1.4134015859216e-08,9.76259159450006e-08,-6.60533928413456e-08,1.42321982876645e-07,-4.70223851072449e-16,1.29139910368226e-06,-7.32268911043323e-08,1.88572149057581e-16,-9.70698964031335e-09,-1.51157984370063e-07,4.69725732056922e-08,6.32306715601545e-16,1.18062470807789e-07,2.08168177813629e-07,-3.97914140298987e-16,-3.96972650962766e-07,-8.82538141285493e-08,-6.20139074356599e-09,2.66675708019101e-17,-5.37828599436796e-16,8.78939894557688e-08,2.75095171005676e-08,2.23594894628407e-09,-5.30902824780555e-08,1.86475404415107e-08,-2.91964735331295e-16,1.65465387835258e-15,6.90734615120999e-08,4.77010386933953e-10,1.63587684513543e-15,1.71577926193817e-07,-3.56214809719967e-16,1.20584675752604e-07,-3.50099791284259e-08,-2.05137515543122e-08,-1.37535654890563e-07,2.13226356804363e-16,3.19085696397081e-16,-2.1506509863687e-17,-1.8831442853037e-16,-1.63976611124556e-08,-5.74862670932645e-08,1.45838218206181e-16,-9.18263065947361e-16,3.02645808273146e-16,8.42483884594277e-08,7.71247406053511e-10,-4.48131889799293e-08,-2.73911160939254e-16,-5.07176223761563e-16,1.16521917982448e-15,-1.83892331031833e-06,7.52404584927477e-08,-1.01914493212674e-15,1.49980501852369e-08,-4.16606442564932e-07,3.59457317216104e-16,4.27934931585762e-16,-2.57349705108417e-07,-2.67777496831094e-09,-1.46734406451659e-07,-3.00567790599117e-15,2.17053159751009e-07,3.88512453243633e-07,6.32360255691479e-07,-2.57499950222258e-06,-0.376999266217192,-7.61147217807507e-08,1.39502473753483e-14,2.83785624548348e-15,-5.36620300993127e-15,-1.77382599299476e-07,1.57998604585126e-07,3.95034853228071e-08,1.77632888316295e-08,4.41491611020825e-16,8.05518197016192e-16,-4.31183992584668e-16,-4.52338310616525e-16,-4.72419290579134e-15,-6.78405263384249e-08,-5.4556642969508e-16,1.41683438407787e-15,6.85440027973302e-09,-1.19544095939349e-15,6.07322398832277e-09,6.88864541335815e-16,7.40034836348538e-09,2.10574359482162e-16,6.3614120549517e-09,7.30872759061423e-10,7.70466263646168e-08,-1.259462527379e-15,-1.7177748834661e-08,5.47971436463779e-16,-1.55715199675603e-08,1.49523173657061e-08,-5.91302730832426e-11,-8.12034530462552e-16,-4.21141852541302e-09,8.18508069000686e-16,-5.02898218919518e-10,-3.2362549539457e-09,2.62976532864832e-16,-6.24475847422134e-16,8.00171607085697e-16,-1.30409705087989e-16,-3.21488753100008e-11,-4.87450467599491e-10,-1.26206133266476e-10,-4.00752598705711e-16,1.81870010348991e-16,-2.83613841517383e-09,2.34972307806749e-08,-7.7844006761294e-16,-3.43780766053023e-16,-1.31396698051361e-09,9.08845348214089e-16,-9.83033510628083e-09,2.58116875625322e-15,1.06197403825439e-07,-1.31301597947382e-16,-5.04160003992951e-16,2.11419408485576e-16,4.04276943077679e-16,1.92420899357947e-16,9.259067131788e-18,3.31002737462961e-09,-2.32005994484081e-08,2.00322647812601e-17,-1.2314350056249e-08,4.78747593338978e-08,9.43397464296505e-16,3.89726683876221e-16,1.0391240466285e-16,1.6725883019712e-17,5.13533831911462e-09,8.35967035358754e-10,-3.65711089796362e-16,1.01420676939233e-16,-9.67526471632203e-09,-3.45972273843357e-08,-6.98455927921133e-10,3.2376710364506e-16,-6.52282967959455e-16,-3.76016466599503e-16,7.73890443343196e-16,1.19022092860977e-15,-1.19580575478726e-16,2.30993448591983e-08,-2.20522877562669e-08,-4.27885691089829e-09,1.26116365782599e-16,1.18504539596124e-15,-4.78463598476525e-18,-1.41569104152683e-16,2.4848711329436e-17,2.21154149717348e-16,-2.84660819898734e-16,-9.70188236513834e-17,3.77753916523086e-16,2.73193421001593e-16,1.68762997783961e-16,-2.52589763374362e-16,-3.23613795146461e-16,5.6470657194684e-16,3.52873905566728e-09,4.18360533823093e-16,-6.53501490672043e-17,-9.34157163084683e-17,5.06632191233255e-08,-4.62809121488188e-10,2.3551138102961e-16,-1.31431389570679e-09,4.73131713206368e-08,9.62182035445885e-17,-9.45971772931646e-16,-7.03360556847713e-08,1.02174412487849e-15,1.21499925586984e-09,-1.11743127230304e-16,-5.58986864623006e-16,-5.37391126794185e-16,-3.93101969152477e-17,9.28872349062923e-10,-1.27824076902081e-07,-2.33260653517264e-16,-3.49318593299336e-16,-3.23864890681512e-16,2.11874816411118e-16,-1.42626795790468e-16,2.49107664070573e-16,-6.11514020238441e-16,-1.66637108541952e-16,2.2357141764151e-09,-9.02888207802217e-17,-1.1148915145432e-16,1.11641292364211e-15,3.38399918612642e-16,5.81826979681621e-17,-2.94662018440352e-16,-3.39251598907629e-08,4.87549486722891e-16,-6.11302117636193e-16,2.5371120119722e-08,3.82923510562707e-16,-6.06671689466644e-16,-2.61494791253757e-16,2.61892473684338e-15,2.89428141010982e-08,-4.44201866971441e-16,-1.62460764654801e-08,-9.41015178735595e-16,1.71688859646372e-15,-1.16028663529167e-15,3.40103887706746e-15,2.99213820721489e-17,1.13278587353402e-15,5.93698731613386e-10,1.02503237330612e-15,4.08270904193949e-16,4.4667354041135e-09,-7.47699249478136e-08,-1.48658347578638e-17,5.27472811035039e-08,7.74230680920492e-09,4.61676305122896e-16,-1.17359857343437e-15,-5.00291850603063e-16,-3.8966960300801e-16,9.98777162540786e-16,-1.34064843690298e-08,5.0597372291458e-16,2.45812497716975e-15,-1.27186973744929e-15,5.40696906825887e-09,-2.78299889274537e-15,-3.29630977736862e-15,-1.87860452178938e-15,-3.21863740233337e-18,-2.4868966231825e-09,-5.28565275613928e-16,9.9233105074238e-10,3.59537236260601e-16,-7.98280723999087e-16,6.27641942281167e-17,1.4911166202787e-15,-1.86734142011631e-15,-3.35728821482578e-15,-6.55686742531217e-16,-1.74705479137794e-08,7.71922264652511e-16,6.33368629364492e-16,7.37067186234395e-09,-4.53058838710407e-15,2.11731196284702e-15,-1.57883478409057e-15,2.31146672472061e-15,-2.63709774455543e-15,-8.45274019462313e-16,-4.08441699222906e-08,1.23490152312646e-15,2.0463274380815e-15,1.61589782015305e-08,-7.79833655007152e-17,4.15720893102999e-15,-2.3968887835723e-15,2.18448178432264e-15,1.33263658301777e-14,-6.52045477585447e-15,-1.27841147004394e-15,-4.93043632821028e-15,1.24077556243385e-15,4.73897826023986e-15,4.13572647461808e-14,-8.62078200201817e-09,2.86425807349061e-08,-0.707106781186551,1.74364440996043e-14,9.36455019521324e-16,1.40473174982076e-14,4.22350956291728e-15,-1.62279126462461e-14,2.03523022483474e-16,-7.05482381811956e-15,-1.89586085933786e-09,6.57682372801598e-15,-1.18198490746782e-15,1.11319091521216e-14,-2.5255164222297e-15,2.44777199900688e-09,-1.41432896743e-15,-5.17918235879187e-10,9.78986641190887e-16,1.96095238144606e-16,2.57520144650385e-16,-5.11115611306963e-16,-2.02649725049457e-16,2.94298945618938e-15,1.21592515630527e-16,-2.86677035431626e-17,-5.60465422835222e-16,-4.04951040177918e-16,-4.45698416207992e-16,7.85056965216848e-16,-1.77703021836408e-15,6.35443794906081e-16,-8.55917885839836e-16,1.27988040261308e-15,-5.96736509831831e-16,-1.57439550310435e-15,1.38285941760452e-15,-1.97080421510225e-16,-5.63730919583838e-16,4.68252076981305e-16,1.382298723464e-15,-9.16876513660473e-16,1.46371209173819e-15,1.92313918449029e-10,5.28429615570996e-16,-6.91030142981865e-16,-1.74899248721111e-15,-2.43695306268615e-16,-7.7241378476414e-16,2.58099591541926e-16,1.01737675815612e-16,-4.92377899094514e-16,-9.54738550540703e-16,9.39645940198931e-17,1.3182272114165e-15,5.1795569930707e-17,-1.22494916402276e-15,-2.47884935478106e-16,-8.81509337186048e-16,-4.06116616316518e-16,-1.10734370939446e-16,-2.52417897130828e-09,-3.26111571247562e-17,1.16903299055743e-16,1.31346750737254e-16,-1.15959527093947e-16,1.07210955508651e-15,2.49229688440494e-16,-1.15393594772997e-17,-1.60395315508762e-16,3.11434374998615e-17,5.45063271681413e-10,9.84054009491333e-16,4.56342178051736e-16,3.90357158520871e-17,4.51166290392073e-16,5.30266701587902e-16,-3.22353891760096e-16,-1.1964162071488e-16,-1.14131993205586e-16,-3.01190676546295e-17,-5.95520483445596e-17,-7.67665058772788e-17,3.23742786067538e-17,-1.21120062113883e-16,2.79965588990134e-09,-3.71089788340296e-16,5.80453141599759e-16,-3.91687448671442e-16,-1.89171595055271e-15,-8.49448408505152e-09,2.485103607473e-16,-7.10037851893482e-17,-5.81807858213759e-17,2.21635089321841e-16,-1.88657516045021e-16,8.64214387432636e-17,1.54036230715112e-16,2.15453411131085e-17,2.31370188694816e-16,-7.50026776176147e-16,-5.76293412367859e-17,-8.74132148432964e-17,-1.93990031417453e-16,-7.45500511900676e-16,1.78482700001297e-16,4.7098384589028e-17,-6.47547760273108e-16
"t719",-0.00775860809714599,0.0231258855439537,0.0264616394498386,-0.00827826700164584,-0.132800289837354,-0.0294871805720192,0.0190024723246661,0.000304562134596987,0.0010123089000381,-0.00221959100986535,-0.000604751574999305,0.00363792737764236,-0.00533910888996553,-0.000519971730414599,-0.00362339972453046,-0.00100690486526822,-0.000938566970782346,0.000394218135034045,-0.000350259750497755,0.000257176488607973,-0.000954268590162856,0.00020070618855734,-0.000421645742553123,0.000873084804038098,-0.000137124359080182,0.000319761211915121,-0.000398615936524211,0.000368422014526747,-0.00317572443841281,0.00813629497990153,-1.94911825685965e-05,2.73608549190379e-05,-0.00117891188437956,0.000188958427860371,-2.37697281520586e-05,-2.47455971464312e-05,-0.000112618901149673,6.42546074610181e-06,5.04283227036019e-05,1.28498277712044e-05,0.000564112101011851,-5.77053592820163e-05,5.23044520244627e-05,-4.39357835996696e-05,0.000187562053680533,0.242964162365996,2.57953927420825e-05,-0.000305366733332307,0.000168697646318873,-0.000280315952379597,0.000264967076724947,-0.000159291549503488,2.21608551340282e-07,-7.42399509638405e-05,2.50796218525369e-05,-0.000262438566066549,1.04742963033163e-05,-0.000736583347937218,0.000251720498570118,-5.87546704564962e-05,-8.73381997659273e-05,0.000150140636322324,-0.0927746109408202,-0.0117235353722553,6.37606210775893e-05,-0.000106750470276847,6.71150129865853e-07,-3.6581205062615e-06,-8.60643437406792e-06,1.3774127807361e-05,-5.50410270002166e-06,1.7915566235088e-05,-4.505992199315e-06,-4.17316255515814e-05,1.75794355934392e-05,1.25378182858006e-07,-0.000153730579430193,1.6979093368939e-05,-6.71972637331105e-05,-8.3868960409251e-05,2.87324424545464e-05,0.000451434618519544,-0.000143846163095482,-0.0297672781846851,3.0998528506955e-07,7.92438558639264e-05,-1.83156652415707e-05,-2.26304405520294e-06,-0.000265991156357341,2.62434032997578e-05,-4.64276286235146e-06,2.25638477730286e-07,1.14285678757223e-05,-0.000150832268731925,-6.42581055572786e-07,-3.74363167132913e-05,-4.39914564471545e-06,2.27921846539331e-05,-0.000191689223151471,-5.31939953890101e-05,-1.18796139888423e-05,1.02365265932581e-06,-1.63154996045026e-05,6.63851129733053e-06,-2.93262089212323e-06,6.19262959088973e-06,-0.000163538888620755,7.65589148762307e-06,-2.62205664012756e-05,1.21490529700108e-06,3.02345534780605e-05,0.00747708536153765,1.48531274688554e-05,1.63491544105042e-05,-4.62821155827038e-07,0.00221610886587041,-2.63852461858413e-05,2.97503593429049e-05,-3.13240176555301e-05,7.90073617917842e-05,-5.74881019602829e-05,7.78808885790451e-05,-7.68161403459457e-05,-0.000211317799770882,1.28829080570577e-05,-0.000138277575044221,1.41384119916096e-05,-2.41744932205017e-05,5.3134311844901e-05,0.00175486498605815,5.67515402179429e-06,0.000188319150832685,-3.68078732132668e-05,-4.79138186000444e-05,3.21092482754741e-06,8.92946104493635e-05,-6.97829510062977e-07,-0.000684981196217219,0.000842968260622793,-0.00266961911736326,-0.000452954768923672,-0.12873162087585,-0.00267250773551851,-0.000118751833309056,-6.2343725371407e-05,7.28703483801466e-06,0.000132732303938408,-1.16601267603894e-05,-6.81474012573398e-07,1.33153567608099e-06,3.73273506314744e-05,5.66502091208122e-06,2.11302556464037e-05,-4.14235976942757e-05,8.00796198140466e-06,6.56593327447889e-07,-9.44246137445981e-06,4.21142347796286e-05,8.47603885537577e-07,2.6954288944256e-07,1.94179644162473e-05,-2.00859754441658e-06,7.11543585793756e-07,1.80057006528096e-05,-0.000761453701094248,6.9655339714065e-07,7.3493007959011e-06,1.32217739675894e-07,6.65954310314586e-06,1.06660987172409e-05,-2.96204498851095e-05,-5.36531890828159e-06,9.53656514687004e-07,2.13893870716371e-06,1.00497584356739e-05,1.33936737526036e-06,1.05378249826327e-06,-0.251150102434295,2.53245281640189e-05,0.00015294859438582,-0.000416300393158171,-0.000106739242778371,1.44635916662889e-05,6.93539088728892e-08,1.39652970356019e-06,3.54169225004065e-07,3.74718001335907e-05,-6.10703839393855e-06,-2.71035695054764e-05,4.08279768256503e-05,5.23863235416445e-07,-8.01789995259964e-07,-2.99829862902889e-06,-6.48852504523456e-09,-4.38807495115958e-07,5.09736322121878e-07,9.00552107077339e-07,7.77998246575736e-07,-4.67886467441607e-07,-1.37849522725582e-07,-1.35003292858232e-07,-1.88831702712112e-05,2.55404673367087e-09,3.38969886093887e-07,3.85278104350291e-07,2.38567951136857e-06,-1.85768795225702e-07,-1.07993415660989e-06,5.67684436604148e-07,-9.41239327737024e-10,-2.62614090607204e-06,1.42323652348515e-06,-7.15350327906976e-06,-8.5118822265516e-07,-9.28392300779838e-08,-7.29032682522009e-05,2.61019489539569e-07,1.31971233937077e-07,-3.52288455867827e-07,-2.47220511449157e-06,-1.57434468352606e-05,0.000109130905343806,0.0443018485060318,-6.20564216152311e-05,3.11603974872924e-06,0.000120506017030065,1.243546813213e-05,3.38887783379411e-07,2.62131814424936e-07,4.16044713477122e-08,7.47641061139765e-08,6.06037315932178e-08,4.12509063269029e-08,7.60938286265932e-08,-7.10478881382127e-09,-2.68431515392503e-08,-8.85264335213179e-07,-1.10311624171785e-16,-1.39253586938128e-05,2.3397080138373e-06,-4.33535554477773e-07,-1.67986079160203e-06,-1.61082141024719e-06,3.63037623787192e-07,-4.03800314082239e-07,2.93001246740267e-06,-3.67757804431934e-08,2.84198435804161e-09,-1.01283129869388e-06,1.48259613320995e-05,-1.24873153496053e-06,0.00166856298178604,7.49355729621161e-07,3.98793846312074e-08,-3.06075672722476e-09,1.59513453089245e-07,-1.72431574467418e-07,2.73568744599397e-06,4.95094681860063e-07,-9.92473525326773e-08,2.27969813311047e-06,-4.48355059719126e-07,4.9914664125755e-05,-4.28557248667062e-06,2.65210505385236e-07,-9.0589913704071e-08,2.19956905549011e-08,8.08226253005435e-06,-3.41563268557896e-06,1.27242933843033e-07,5.12816835655665e-08,-1.14160688765202e-07,1.84822169656528e-06,-2.68930181322334e-06,3.2795222278363e-06,-8.61030883753023e-06,7.03746627889235e-06,-5.37292318840878e-07,7.44870233968688e-06,-5.27800469335486e-07,1.58488776297685e-06,1.26388388823544e-15,-4.42112034357651e-06,-1.54255914067025e-07,-2.8613421294543e-10,-2.95863878265586e-06,3.4009461406019e-07,-2.35651379890418e-07,-1.09958712228921e-06,1.83264113050134e-06,-0.412336995210186,-0.000745533506160457,-1.46608690376267e-06,3.1250221545931e-07,-3.49707706965588e-06,3.8561241350777e-06,-1.23791705277904e-05,6.1661516851103e-07,-9.704283909979e-07,-2.54152727787839e-08,-2.55006013169847e-08,-4.12789411245027e-07,-4.34616044741497e-05,-3.34238233998125e-10,-6.29941031356491e-08,1.61006636696114e-07,-6.6023567952969e-07,7.89199952904567e-08,7.52068170140151e-08,6.25130780482805e-05,-1.65839782578072e-07,-8.49644844457362e-08,1.45082381781688e-07,-5.45337196281397e-07,1.39105349574573e-08,1.36032098327049e-07,-2.90156408830292e-07,1.94997633356503e-16,1.2854403581231e-09,1.05530026604397e-06,-9.96695137702027e-08,3.88576854216364e-07,6.57521438637597e-08,1.02646942607258e-07,2.42642692025779e-07,-3.62810167024061e-06,1.40706510726513e-06,-1.23453246616186e-16,-1.18224203475586e-06,-1.44860133138956e-06,-4.16972119943972e-08,2.63170547900727e-07,3.32833985218525e-07,-2.31719988720483e-08,-9.25884899212796e-07,2.54387582581323e-07,-1.70555495072321e-06,1.81540178684542e-06,-3.74739033566359e-05,-7.10502597718148e-07,-3.81403437618541e-08,-7.33393692395898e-09,-7.40213516915688e-07,5.99772345665049e-07,-8.31356782336189e-07,3.10596296448938e-16,-3.63919956244671e-06,2.9380728730911e-07,8.46974225273687e-09,8.08418907979476e-08,-2.02460670978943e-06,-5.03706228395285e-06,3.60417384913776e-06,-1.32591096553908e-05,-5.1693124168285e-07,5.41082376325388e-17,-1.0063146335492e-06,-5.38284444345995e-07,-1.43328122040565e-06,6.95815750447219e-16,3.04905802023205e-06,6.01533148487557e-06,-9.33517990824512e-07,-2.7242214272006e-06,-9.69237012850948e-07,-5.47215331211427e-07,-2.04814858747382e-05,7.18900073445964e-07,0.0006702644478629,4.32443295525447e-07,2.09958988824176e-06,4.07986501083425e-06,4.48388320049055e-16,-4.36623390694435e-06,1.5606350906382e-05,0.11234603045458,6.45663108620392e-06,3.68368548926094e-16,1.87780072743542e-06,-2.43326557637191e-07,3.59961847791591e-07,2.80695895894072e-05,6.69728975716572e-07,-7.90567332254565e-07,6.16431748200141e-06,-5.00673933002446e-07,-6.51066185366143e-17,-1.17050389010779e-06,2.85256597129112e-07,-7.31168792659822e-07,-1.1434391340534e-06,1.15145175986988e-07,7.47340401488037e-10,-2.23952800748606e-15,-1.62874077650013e-17,5.90019247426669e-10,8.2527924154828e-08,-1.06138146121954e-08,6.69559460331144e-08,-9.92789315490415e-17,1.89447271214673e-08,1.63047840998842e-10,1.99595985140988e-16,1.71501263662943e-17,9.59086156485122e-17,1.95478575590538e-09,1.87078792431919e-08,-8.37300311114817e-06,8.25717058999322e-08,4.29794562672982e-08,1.22205648583813e-07,-7.24831412315159e-08,-4.11372745454972e-16,-2.48632675832427e-08,7.95596647776354e-08,-4.04117067900298e-16,-1.24224516203532e-16,-8.05456750768173e-08,-3.70398290535241e-11,-6.46035602920577e-08,3.05165701209024e-07,1.03535091412809e-07,-3.14150997854309e-08,-1.63631307469306e-15,-1.17699904607033e-07,-1.26645463606129e-15,-6.11486895848668e-07,9.21897107264424e-16,-3.62885917575971e-07,-6.12961545608487e-15,0.0581575556756449,-1.80305429925421e-06,-3.17123830667352e-08,-3.26544611766901e-07,-1.94788150846026e-07,1.51832429780246e-08,-6.98046763369837e-08,-8.03589443540908e-09,-3.87583341453861e-08,-2.58373966178027e-09,-3.21003915572692e-09,-4.3255004743604e-09,-1.73547726303126e-08,-2.05485303097622e-09,-1.06834817489405e-08,1.07148704004218e-16,1.34604089685108e-07,-2.81876240126337e-08,1.88815945282242e-06,2.33144754045484e-16,2.90219835114681e-09,8.58581348738537e-08,3.17469854938252e-07,-1.44558621533261e-16,-1.0354584721096e-07,-4.41420403868761e-08,1.42086907028211e-16,-5.99423228462211e-08,2.04076216006061e-07,-3.11288248268318e-16,3.76322828901358e-16,-7.87311412563868e-09,-3.20732297357662e-08,-1.86751241219008e-10,-2.6605894614399e-07,7.59097616791708e-08,2.97953150548489e-08,2.19485518738925e-08,0.00115843731369638,-3.97607357545128e-07,1.19083345614945e-15,1.14079230611936e-09,5.96922477412882e-10,1.6805253532718e-09,1.60436326666444e-07,-2.74152718073851e-16,7.98774926229722e-17,5.39904087981718e-08,-2.77729471804427e-17,-3.95906098231346e-16,3.39961395243575e-05,-4.15490497481968e-07,-1.03180772620709e-07,-4.35479079771839e-09,2.73450465172456e-06,5.28357533711049e-07,1.49271599585063e-08,1.251019890493e-16,3.65134227012343e-08,1.7224553271123e-09,7.92964700793382e-09,-1.07342662634259e-07,4.35856559828838e-07,-1.10319511570699e-16,4.71173335342685e-16,-4.29590112962957e-16,-2.99471852496269e-08,-1.93330335397966e-08,-8.51681128851639e-08,-6.78202789617988e-15,-1.50768729754614e-08,1.31756963413863e-16,-1.22373676802608e-16,1.99421463048491e-06,-4.38237002338878e-08,6.03683769639929e-16,-1.09624021306642e-07,-7.56307858726003e-08,3.81066791491085e-16,1.58279343272227e-05,5.80304934726895e-16,4.7638722917635e-08,2.54117420107479e-16,4.7633932777385e-08,4.13030994734035e-07,1.98316322693311e-08,1.413401542446e-08,9.76259159920889e-08,-6.60533927753176e-08,1.42321983178911e-07,-3.36812544238165e-16,1.29139910248792e-06,-7.32268911760842e-08,8.25388418975559e-16,-9.70698917627813e-09,-1.511579842343e-07,4.69725717310951e-08,1.00052666120794e-18,1.18062470903649e-07,2.08168177390386e-07,-1.96766736132005e-16,-3.9697265122902e-07,-8.82538138132834e-08,-6.20139048276337e-09,-1.82241669278848e-16,-3.97846393451706e-16,8.78939893392437e-08,2.7509517097882e-08,2.23594876269843e-09,-5.30902833423466e-08,1.86475404248469e-08,-4.85689814577503e-17,1.43097062460295e-15,6.90734614616079e-08,4.77010673683173e-10,1.13547475104233e-15,1.71577926094834e-07,-6.36449784863125e-17,1.20584675555711e-07,-3.50099794524794e-08,-2.05137514816535e-08,-1.37535654849804e-07,-4.87797909605131e-17,3.85581564838076e-16,7.41516282529977e-16,-1.94361521443861e-16,-1.63976611962138e-08,-5.74862673577618e-08,9.92967634528846e-16,-2.76716772896945e-16,2.03671019273947e-16,8.42483885250481e-08,7.71245976473169e-10,-4.48131891229135e-08,-6.94255485141793e-16,4.34331390297693e-16,2.65629532258949e-17,-1.83892330995669e-06,7.52404586392479e-08,-1.33605550509074e-15,1.49980497470083e-08,-4.1660644279587e-07,2.80705966431038e-17,1.11245605586731e-15,-2.5734970545749e-07,-2.67777491707278e-09,-1.46734405860652e-07,-3.16613316419436e-15,2.17053159784114e-07,3.88512453544117e-07,6.3236025537716e-07,-2.57499950237352e-06,-0.376999266217196,-7.61147201554119e-08,1.47029470652027e-14,2.21489855673624e-15,-4.88894080748853e-15,-1.77382599133134e-07,1.57998604665779e-07,3.95034848610029e-08,1.7763288955652e-08,5.87422682338532e-16,8.15267826625187e-17,-1.63103162667252e-17,-1.95546512035211e-16,-5.15231728642932e-15,-6.78405264531388e-08,2.32750467979471e-16,8.91152051635782e-16,6.85440016760634e-09,-9.59018033130982e-16,6.0732233597928e-09,-3.99661854556421e-17,7.40034788638969e-09,1.68647354227599e-16,6.36141195077130e-09,7.30872547731058e-10,7.70466254255792e-08,-1.15489979239658e-15,-1.71777484654624e-08,4.91903247124614e-16,-1.55715190253085e-08,1.49523173705481e-08,-5.91310678113563e-11,2.77401238491567e-16,-4.21141806635751e-09,1.34493990987606e-15,-5.02897726824817e-10,-3.23625533365033e-09,5.42561646879162e-16,1.96916426138659e-16,1.11775840230454e-15,8.60661977587357e-17,-3.21493965766547e-11,-4.87449883916526e-10,-1.26205758526797e-10,-2.05885117619478e-16,-5.22231794106615e-17,-2.83613802384607e-09,2.34972309890585e-08,-9.86821276863467e-16,2.14355949598613e-16,-1.31396673755547e-09,-4.84139362165297e-16,-9.83033476693876e-09,8.2896816590871e-17,1.06197403961098e-07,-3.37767911393769e-16,-7.80016718434924e-16,2.96533586445882e-16,-1.97466048961172e-16,-4.08665918889468e-17,1.66965192438351e-18,3.31002713957222e-09,-2.32005992620374e-08,-3.70896995047418e-16,-1.231434999681e-08,4.78747602949955e-08,-2.9440801267784e-16,1.44004612615231e-16,-6.89795835842567e-17,-1.83500191390037e-15,5.13533885018706e-09,8.35966727357847e-10,7.49635211454292e-16,1.03068219545768e-16,-9.67526578416491e-09,-3.45972273824235e-08,-6.98455970339477e-10,-4.31915183090215e-17,5.78595530224212e-16,1.79792379603845e-16,6.28179035715482e-17,6.01297807878767e-16,-4.59337758195948e-16,2.30993443142802e-08,-2.20522882516448e-08,-4.27885687538606e-09,-1.52456648484705e-16,-1.50065915561643e-16,-2.86852621463688e-16,-1.74873194127775e-16,-1.74934783142502e-16,-4.30722278384558e-16,1.04323264207611e-16,-6.94079794193507e-17,-3.89738460970641e-16,-1.82538859333173e-16,6.92289533434095e-17,3.29547911314234e-16,3.64418972492114e-16,-1.84367703977809e-16,3.52873940929826e-09,2.80786953633167e-17,-3.01272550879399e-16,2.59181913942888e-16,5.06632181337196e-08,-4.62808439384519e-10,-3.40267556621103e-16,-1.3143134056469e-09,4.73131711248126e-08,2.90932139988351e-17,1.24423272643878e-16,-7.03360558277114e-08,-1.26653366885611e-16,1.21499971025589e-09,2.23742244295465e-16,8.22048566532545e-16,6.082878837228e-16,5.4167132514086e-16,9.28871789472035e-10,-1.278240769043e-07,-2.53919386481079e-17,7.71043345826537e-16,3.21299236286225e-16,9.40472228847877e-16,1.58672987943254e-16,-1.66983191680096e-16,6.40353378540485e-16,2.62326119778691e-16,2.23571575974999e-09,-2.73123439090534e-17,5.61446222351863e-17,-1.04131591138531e-15,1.64914184350977e-15,9.93678013581744e-18,-3.28377317872862e-16,-3.39251603653876e-08,-2.74522484825459e-16,3.42341285085711e-16,2.53711196949087e-08,-2.63620084245766e-17,-4.77925761911616e-16,2.91027263810162e-16,-1.77781443446752e-15,2.89428141320791e-08,5.05478061033614e-16,-1.62460782274128e-08,1.00990982219986e-15,-8.15640035154114e-16,7.64754891232194e-16,-3.06476976162282e-15,6.91938410923592e-17,-1.41237880478523e-15,5.93700040604311e-10,-1.11971350249182e-15,-1.8538284130809e-16,4.46673198418634e-09,-7.47699237388061e-08,2.26331283520406e-16,5.2747280840063e-08,7.74230692745262e-09,-3.62087369342096e-16,1.11786277020043e-15,5.12758414032906e-16,5.79441151658455e-16,-1.14689677751857e-15,-1.34064860936702e-08,-7.35678280198658e-16,-2.3911420339929e-15,1.08332578596041e-15,5.40696892211201e-09,2.51007631914142e-15,3.33911036105803e-15,1.9031516303932e-15,1.3036318439214e-16,-2.48689711801799e-09,4.12996168372537e-16,9.92331747232369e-10,-4.88542144697297e-16,1.37177702543661e-15,4.37591059922545e-16,-1.35088283080634e-15,1.86172478176315e-15,3.41552607226539e-15,7.19424652059983e-16,-1.74705417468237e-08,-4.71535527340872e-16,-5.8376409388781e-16,7.3706724137268e-09,3.46255235821602e-15,-2.1844121472521e-15,1.19264512796756e-15,-2.37713367397799e-15,2.48860753782097e-15,9.12858796172726e-16,-4.08441688570721e-08,-1.49468893603322e-15,-1.38292475429771e-15,1.61589870825998e-08,-7.93700398258704e-17,-4.29501465611824e-15,2.64388087772634e-15,-1.77812213441325e-15,-1.33285539953467e-14,6.73279426707848e-15,1.20672206884896e-15,5.10971527087062e-15,-1.43620562004616e-15,-5.01455332402815e-15,-4.15148071809957e-14,-8.6208030109848e-09,2.8643006541777e-08,0.707106781186549,-1.74397898163775e-14,-1.06318138296755e-15,-1.43606549651219e-14,-4.0723717800728e-15,1.64813811611941e-14,3.01702289875223e-17,7.44089821722536e-15,-1.89585716106527e-09,-6.61002782333358e-15,1.27765231930747e-15,-1.12100933079682e-14,2.37402657454547e-15,2.44777119879558e-09,1.19526212106199e-15,-5.17933869722031e-10,-9.90213957447e-16,-9.71220539420335e-16,-4.60410349824496e-16,5.45015010223108e-16,1.65320179577438e-16,-1.97974923996733e-15,-2.29789382782973e-16,-2.23878639291665e-16,7.79097599953208e-16,3.97731998648517e-16,1.74578604497046e-16,-7.19022379783413e-16,1.80845047264442e-15,-7.08685203720668e-16,8.58889127665436e-16,-1.44938421993978e-15,3.63738168965821e-16,1.50449320324285e-15,-1.28795808469549e-15,3.0058202463112e-17,3.29326409892472e-16,-5.50549353089384e-16,-1.37633173168097e-15,8.02558473565916e-16,-1.52229906693455e-15,1.92315793233757e-10,-8.92646426568177e-16,1.06488948546703e-15,1.91724251717201e-15,-2.60618892218517e-16,5.39061335163227e-16,-1.03054009850807e-16,-1.35965299073563e-16,1.07073197737118e-16,9.17913208302466e-16,-2.76835703356977e-16,-1.76958057582222e-15,-1.95203771982341e-16,1.00559722634473e-15,2.53570334613342e-16,4.85185531824052e-16,3.54156547079972e-16,4.02382731555713e-17,-2.52418184945688e-09,1.20298768210408e-16,-2.90238556552463e-17,-1.84675951558993e-16,2.76929082539625e-16,-8.44876732140289e-16,-7.19022231580401e-16,9.11236478828934e-17,8.89560490472148e-17,-7.26269388728169e-17,5.45064351245259e-10,-6.91444922813454e-16,-2.93083379108793e-16,2.21816548457676e-17,-4.42650441270266e-16,-5.52204869938028e-16,-2.66984281215232e-16,2.7397804211313e-16,1.25034031059991e-17,-3.78952951550664e-17,-2.54393825797959e-16,1.80525036092531e-16,5.75901620860824e-17,2.52195789574599e-16,2.79965522996124e-09,5.56062761139715e-18,-6.05209834710985e-16,4.54822502517892e-16,-3.33717428691038e-16,-8.49448331627859e-09,-5.56485303281723e-16,-2.13353640930373e-16,7.22262368066427e-17,-5.6782029532486e-18,4.07918821900633e-16,6.02871864527512e-17,-3.45500078978915e-16,2.09386934074962e-16,-3.9355323614485e-16,9.33925944829559e-16,8.37824223707623e-20,1.6605979672278e-16,2.73509523927708e-16,5.20529780008477e-16,-6.94389159062886e-17,2.00551983096884e-16,9.47890341278888e-17
"t567",-0.00773148231415778,0.0229553153375386,0.0262601401371244,-0.008193723493401,-0.131138732544808,-0.0290540964072391,0.0187178780416351,0.000299636513987255,0.000992958804524908,-0.00216809395986096,-0.000586923617939411,0.00350557188974135,-0.00513912911688456,-0.000500198388387085,-0.00347954724597153,-0.000964547000182106,-0.000898131330394835,0.000376923319972823,-0.000334533843338623,0.000244620520492443,-0.000903825987415816,0.000187866258174301,-0.000393133477562599,0.000813702558396662,-0.000127760591244097,0.000296865410305672,-0.000369729989723996,0.00034147988168089,-0.00293713583400873,0.00741183024108292,-1.76374981683615e-05,2.4637137422977e-05,-0.00105283163653809,0.000167762041674659,-2.09627455106197e-05,-2.15815905813992e-05,-9.80300430348542e-05,5.57937992883833e-06,4.37412783903599e-05,1.11195612516353e-05,0.000485884554507069,-4.95014038516281e-05,4.47529416482026e-05,-3.75844545944602e-05,0.000159955300261321,0.204817206689077,2.1666884024609e-05,-0.000256054342703221,0.0001407723893478,-0.00023267555660862,0.000218358849674008,-0.000130826314900875,1.81916315450502e-07,-6.06823743432862e-05,2.0325582098057e-05,-0.000212413740740032,8.27496970495343e-06,-0.00057794622462446,0.000197345133905441,-4.5273180154671e-05,-6.63948750715351e-05,0.00011336012673732,-0.0696553174655475,-0.00878953256044145,4.72956476068532e-05,-7.84127386431407e-05,4.82134018972064e-07,-2.60091901940909e-06,-6.08961751800627e-06,9.66035093604626e-06,-3.67553726771968e-06,1.1491465703198e-05,-2.87167524345343e-06,-2.62381355304859e-05,1.10338294716257e-05,7.82263433453236e-08,-9.56870536421515e-05,1.04435574761087e-05,-4.02009716523954e-05,-4.95976657592605e-05,1.66506456919891e-05,0.00026044014915429,-8.02350154152009e-05,-0.016429892157218,1.63221205142655e-07,4.11674966991889e-05,-9.38378310267642e-06,-1.15680170284318e-06,-0.00013588584020678,1.3386762528933e-05,-2.35550494624792e-06,1.08537848630182e-07,5.46946484309152e-06,-6.96776082336012e-05,-2.7806756754019e-07,-1.60326323743507e-05,-1.88307585867644e-06,9.49561517503595e-06,-7.90409757089297e-05,-2.1066606803552e-05,-4.5447695860736e-06,3.90383448959279e-07,-6.19995809329479e-06,2.10518605706593e-06,-9.15727771681505e-07,1.91013435125925e-06,-4.93325614832054e-05,2.29486516946976e-06,-7.77095838947078e-06,3.53814098946325e-07,8.75434396195615e-06,0.00208997655032293,4.13383953970101e-06,4.11200573759867e-06,-1.1372302635483e-07,0.000516184236223845,-5.9931318210147e-06,6.28044688831459e-06,-6.12313733855344e-06,1.45015772152116e-05,-1.01592362096404e-05,1.19038461032084e-05,-1.0535917833788e-05,-2.88560595242715e-05,1.72989692953139e-06,-1.6303848403778e-05,1.64762408737642e-06,-2.47203507580688e-06,3.2150137016089e-06,0.000105350574883869,3.21073964044321e-07,5.21050934100784e-06,-8.06966421035824e-07,-8.50304220371989e-07,1.56835030142427e-09,-1.71851682616744e-07,2.74100992097901e-08,4.80786549550636e-05,-9.57899772092835e-05,0.000306694934791187,5.54781956652228e-05,0.0162679661429357,0.000354521056564326,1.60390680867249e-05,8.42239058804284e-06,-1.11121627075955e-06,-2.49370270086183e-05,2.62212504797301e-06,1.5965140015884e-07,-3.39846968713679e-07,-9.58982360699983e-06,-1.50126136396898e-06,-5.70077651119781e-06,1.14022593958019e-05,-2.61487892206644e-06,-2.19908727498387e-07,3.21892819349349e-06,-2.03952431585517e-05,-4.42107358148391e-07,-1.42161107564546e-07,-1.08743089599933e-05,1.13846249197952e-06,-4.34062401624759e-07,-1.10803133044446e-05,0.000501872433214356,-4.89456402947141e-07,-6.15244738285962e-06,-1.11344647048735e-07,-5.61674888296549e-06,-9.20357062604587e-06,2.62440210977143e-05,4.77177069762423e-06,-8.92987628441939e-07,-2.03511313742327e-06,-9.89474578563578e-06,-1.32976543858515e-06,-1.05070502463462e-06,0.270702016493419,-2.95332449154268e-05,-0.000180777511429702,0.000498365665701965,0.00013266869688763,-1.82377939389244e-05,-8.8689915765762e-08,-1.80968125516988e-06,-4.79711232263965e-07,-5.13125074669644e-05,9.18738609036537e-06,4.0901171857091e-05,-6.35756990791158e-05,-8.89370862421606e-07,1.46302607678349e-06,5.60981997229573e-06,1.26040716207254e-08,8.76748569709921e-07,-1.10890094525556e-06,-1.99616529682183e-06,-1.7951008669835e-06,1.10174698727324e-06,3.82664122262931e-07,3.77847873331591e-07,5.70456310234658e-05,-8.36709780080939e-09,-1.41263237471577e-06,-1.60781832866799e-06,-1.02407142283947e-05,8.79711774038253e-07,5.55877589876203e-06,-4.20164930313779e-06,-1.49148778543493e-08,1.64437364756218e-06,-2.04210236094185e-06,2.36758061411011e-05,3.38429718579902e-06,3.70654680410785e-07,0.000325698529043727,-1.48430866762368e-06,-7.83723635467036e-07,2.63637882781133e-06,2.18988062022134e-05,0.000148305239446556,-0.00136122085550498,-0.595962150497773,0.000911609130645496,-6.26854767265514e-05,-0.00261287328829639,-0.000274842123395381,-1.28112153754294e-05,-1.69430479450563e-05,-1.16186490248517e-05,4.3656603048115e-05,8.49620385333043e-06,3.3930172712569e-06,5.60684617702276e-06,-2.68477292027401e-07,-7.81389674426961e-07,-2.06872692977327e-05,-7.98994720145578e-16,-0.000254473492093784,4.09868017350488e-05,-5.91960946597256e-06,-1.96454605323576e-05,-1.68610327885031e-05,3.7763338982515e-06,-3.5230958201818e-06,2.48912488831749e-05,-3.08679558377654e-07,2.25629007012509e-08,-7.75698127809184e-06,0.000106657904667943,-8.74752443021019e-06,0.0115631099510212,4.9043659846836e-06,2.10908471417644e-07,-1.51240697279266e-08,7.46424080080468e-07,-7.20442769453862e-07,1.13406272090152e-05,1.90199414061109e-06,-3.65579369196702e-07,7.91149721400175e-06,-1.52658460523939e-06,0.000166588063966871,-1.39110684525558e-05,8.26023030625781e-07,-2.80817655385741e-07,6.12530415186735e-08,2.24508845138286e-05,-9.46121255699652e-06,3.42052356475439e-07,1.36308994585242e-07,-2.92609749497039e-07,4.704912033144e-06,-5.36615998817522e-06,6.34806770626722e-06,-1.62589315721446e-05,1.25219314107657e-05,-9.08920122620535e-07,1.11073520146487e-05,-7.55783104587958e-07,2.19461416648732e-06,4.65355724350481e-17,-5.39083512548962e-06,-1.84670296074621e-07,-3.21682529579309e-10,-2.80059516058896e-06,2.67736584951274e-07,-1.67084328123778e-07,-7.3634824474315e-07,2.03506035410761e-07,-0.0292841485998059,-4.48138868481626e-05,1.92071214090013e-07,-2.38459760950213e-07,3.1114102319384e-06,-3.78474599868146e-06,1.62019650340947e-05,-1.90909123575693e-06,4.18118440552342e-06,1.11667568275595e-07,1.12698370215998e-07,4.83063188546022e-06,-0.00346008793426296,-1.49005939255937e-08,-1.74371141091998e-06,3.11456269120621e-06,-1.17337575220023e-05,8.64173708843138e-07,8.02042660972693e-07,0.00063664241810936,-1.63917805213591e-06,-7.67294332416027e-07,1.19977919776633e-06,-4.19379411901153e-06,1.03868455711823e-07,9.68805529646787e-07,-1.88635794433966e-06,-6.47443015730395e-17,5.64996504301186e-09,4.50105942292288e-06,-4.07149261680609e-07,1.58535516148986e-06,2.67909644184435e-07,4.13972022611477e-07,9.60106030085572e-07,-1.40408042773453e-05,5.21251205406834e-06,-2.35904588485832e-16,-3.98361789259154e-06,-4.82600276211553e-06,-1.35607787303911e-07,8.53446123538892e-07,1.0182003926435e-06,-6.8678180665102e-08,-2.62514670894715e-06,6.99694855997747e-07,-4.39305012035641e-06,4.39943317145347e-06,-8.72948230594465e-05,-1.61819823406684e-06,-8.5647024334295e-08,-1.60560449415093e-08,-1.61597024323169e-06,1.28569176945861e-06,-1.75679463139958e-06,-5.4799538483932e-16,-6.87742923684628e-06,5.41819625988777e-07,1.56155321139231e-08,1.38601405296148e-07,-3.43169148918908e-06,-7.33533865290426e-06,5.00144196310668e-06,-1.82191620752414e-05,-6.83603610612612e-07,-5.72540629917332e-18,-1.27104829255538e-06,-6.67928315600129e-07,-1.65846615300636e-06,6.54489432946711e-16,3.24760095508144e-06,6.27510884064365e-06,-9.63185721445213e-07,-2.74637587037209e-06,-9.38432617731515e-07,-5.13293872464183e-07,-1.87248442429769e-05,6.06037830234793e-07,0.000559321036465835,3.39320722101701e-07,1.46010191879998e-06,2.81840747067258e-06,1.09773284254532e-16,-2.22265339262375e-06,7.43554662415691e-06,0.0453233377433476,1.86819372332043e-06,1.34028407651572e-16,5.23480789454814e-08,7.22755604417018e-08,-1.64288033852465e-07,-1.49873848228149e-05,-4.2183388461371e-07,6.4604939951725e-07,-7.09640954994039e-06,1.10186464269908e-06,-8.63822069495456e-17,4.1874058335024e-06,-1.06389203097021e-06,2.97587450864444e-06,5.26163399096851e-06,-5.34923229069536e-07,-3.59640241659177e-09,-3.53883589099269e-16,1.3929397213686e-17,-3.50073875903428e-09,-5.95302801806704e-07,7.85392591673922e-08,-6.01505144310878e-07,1.75478176390574e-15,-2.88192262320328e-07,-3.41569842792704e-09,1.17636108608496e-16,-9.48271777311632e-17,-1.19937525241582e-15,7.33133239886864e-07,2.16830763899862e-06,-0.000291583191667827,1.8197704497243e-06,9.08334680254284e-07,1.87919110112472e-06,-1.08042249258288e-06,-6.5477283862453e-16,-2.37558367301268e-07,6.6804893561519e-07,-1.81182217085351e-16,-1.63254653095742e-16,-4.21692115807823e-07,-1.71821300618189e-10,-2.50600984844485e-07,1.03185231719643e-06,2.50310457393323e-07,-7.09181873687508e-08,-2.99528636888121e-16,-2.39529735902053e-07,-3.1289985093416e-16,-8.35283181615307e-07,-2.18846208516199e-16,-3.03247285537633e-07,-6.06804223444729e-16,0.00556816155819638,1.17275137620768e-07,8.77042034895587e-08,1.16023471113859e-06,7.62777197503292e-07,-8.81136409286657e-08,5.60653903757574e-07,1.47379257481739e-07,7.16946959714555e-07,6.6111763737212e-08,1.97381907772799e-07,-5.55955628130306e-07,-7.19863025604127e-07,-5.8414123550226e-08,-2.66003386728704e-07,-1.60153754543626e-17,2.49027459217271e-06,-4.29298524185965e-07,2.04648790763323e-05,2.94375822484698e-16,2.93905221013519e-08,7.96582615808689e-07,2.84966838811632e-06,2.96920063206058e-16,-9.14540905494603e-07,-3.67451176499774e-07,4.09922934290729e-18,-4.85858581296141e-07,1.44615723358358e-06,1.80624978804329e-16,1.48505921700331e-16,-5.34208012803984e-08,-2.16820685298462e-07,-1.24130522963323e-09,-1.73514155154677e-06,4.75841639484729e-07,1.86181782491941e-07,1.36548486161258e-07,0.00720820161226332,-2.24114037070124e-06,8.18410009900683e-16,6.35969110307834e-09,3.32109953174909e-09,9.2838738938928e-09,8.78696964513875e-07,-3.26562316518977e-16,-7.47404821257557e-17,2.92222258359306e-07,-1.61981334433762e-16,-1.31832652758578e-16,0.000171371073412027,-2.07027993982211e-06,-5.13998467228821e-07,-2.11640704396583e-08,1.32460244895944e-05,2.55758909794872e-06,7.19322436089824e-08,6.16911949251584e-17,1.67983791973206e-07,7.84887107571776e-09,3.60205532127981e-08,-4.80118599245887e-07,1.8962893272657e-06,-5.18405565302483e-17,-3.29476762975539e-16,9.12914797116531e-16,-1.2533440411613e-07,-7.95898827946407e-08,-3.50181291027459e-07,-2.88075192138272e-14,-6.10209068678234e-08,2.03501716905544e-16,-2.02090932614142e-16,7.53657307472322e-06,-1.65477457448822e-07,-2.44812850547227e-16,-4.07051752807367e-07,-2.78092862173006e-07,3.11932900758364e-16,5.70397988485901e-05,2.54735596713531e-16,1.67530194308734e-07,4.14758959179678e-17,1.67143173673707e-07,1.4468035815907e-06,6.9333387859996e-08,4.92803221584447e-08,3.38313973087806e-07,-2.23654990780784e-07,4.66190427446424e-07,1.06930508527115e-16,4.05257315527876e-06,-2.28716757998566e-07,-3.99830549867811e-16,-3.01282009211195e-08,-4.63738767523213e-07,1.42583880260212e-07,5.18437893142277e-16,3.45187168250214e-07,6.0397912450171e-07,-5.06330633711442e-17,-1.13991413521294e-06,-2.52115894618427e-07,-1.73720655624207e-08,2.65404050320529e-16,-1.84478380316017e-17,2.34425092907006e-07,7.17543126627915e-08,5.80487382757049e-09,-1.23365248180786e-07,4.24508023137729e-08,3.33652899128895e-16,1.01653574521089e-15,1.54956258830065e-07,1.06808440371881e-09,-1.77731736728529e-16,3.74388638097654e-07,-1.85885967630202e-17,2.56296904521872e-07,-7.16085195117487e-08,-4.18392153657422e-08,-2.77354178226725e-07,-3.74236383803934e-16,6.50809195148867e-17,8.75801692956339e-18,-1.77108322928988e-16,-2.94740094542033e-08,-1.02231040115948e-07,3.21546275193046e-16,-5.28209503510072e-17,6.29877091245197e-17,1.43871030370697e-07,1.29282912508752e-09,-7.11744248593143e-08,7.2520250035345e-17,1.36147332557152e-15,-4.06440289410503e-16,-2.30713049355644e-06,9.34497906086494e-08,3.24869395985987e-16,1.6395264337907e-08,-4.28963608177223e-07,6.46523614169012e-17,-4.16228006120016e-17,-2.24170158518263e-07,-2.2969321420924e-09,-1.1114480627254e-07,4.92503611366244e-17,1.2534150719571e-07,1.82957463574515e-07,1.97621538768366e-07,-1.92785060090478e-07,-0.00239949081514341,9.74002819771054e-09,-4.67174019018223e-16,-2.07821503468794e-16,-3.57923088229452e-17,1.93022512967679e-07,-1.74779203420479e-07,-4.98168792527726e-08,-3.92517732624624e-08,1.59400210132184e-16,1.26391636095228e-16,-4.35567398286088e-16,-2.11180282990835e-16,-5.85328148346658e-16,2.47973624567313e-07,1.21032240947856e-16,1.37969866100676e-16,-3.03431537373647e-08,-6.61737984010164e-16,-2.71622707786971e-08,9.12489394699282e-17,-3.36750628545558e-08,6.92832366677333e-17,-4.07818048127849e-08,-5.10378125939286e-09,-6.15948300155689e-07,2.84970645513597e-17,1.63824354772231e-07,3.59692246839976e-16,2.32437143761318e-07,-5.40765852847552e-07,2.26197065554382e-09,-1.68197402696542e-16,3.29897504131907e-07,-4.37459163787844e-16,-8.1069808937732e-08,-4.57585443201992e-07,-5.7561358278351e-17,1.32350072408833e-17,-2.26720430353181e-16,1.4725016204569e-16,-1.53589265635002e-09,-1.99996364856069e-08,-4.4656284580002e-09,-2.89883561605859e-16,-2.12078915865907e-16,-6.24391897047985e-08,5.09323174137507e-07,-2.3081790821049e-16,-3.52741932490386e-16,-2.03418834707063e-08,-1.11498986694712e-16,-1.44149790028247e-07,1.95956371887646e-15,1.36076034802247e-06,-1.47384107234449e-16,1.43673099169771e-17,1.52205947517552e-17,-1.30506785063245e-16,-9.81576406270829e-17,2.38492312024982e-16,3.45697503432354e-08,-2.41765444352166e-07,-1.43851895964037e-16,-1.21298299286029e-07,4.61383199622254e-07,-1.24768403612491e-15,-2.5391235445738e-16,-2.88118059014574e-16,3.38781113851958e-16,4.5477035385225e-08,7.27251340437839e-09,6.95139503859437e-16,-2.75715713287933e-16,-8.25801759671354e-08,-2.94578028608589e-07,-5.8990243609282e-09,-8.38317739193123e-17,8.44309700451069e-17,4.67077838856283e-16,-1.74164703515856e-16,-3.64158311753344e-16,4.30261207549359e-16,1.73949051283054e-07,-1.64517862523479e-07,-3.1632804381224e-08,8.08570704611911e-17,1.05301318165162e-15,7.46671451778287e-17,-5.74558631408041e-16,-3.33955794483949e-16,-2.88751061433991e-15,7.72775040379992e-16,-8.1052795308921e-17,-3.79419170910043e-16,7.86863116534744e-16,-3.7138016988466e-16,-1.17428435731145e-15,-1.23874575813982e-15,1.55205899221645e-16,2.29252061011683e-08,-2.27955954773429e-16,1.88506440636628e-16,-7.97444079638166e-16,3.24440846814577e-07,-2.95416465604679e-09,-5.10418818252121e-17,-8.3726471730848e-09,2.96394210217777e-07,1.60297859657017e-16,2.71832107879976e-15,-4.31946481036697e-07,-6.30073700756606e-16,7.29191639059014e-09,3.28456642660818e-16,-4.3111895336074e-16,1.45468340397164e-16,2.94214466888867e-15,5.39077554629802e-09,-7.40229894817813e-07,-2.54653873613974e-15,-3.36852038657595e-15,1.22277067042342e-15,5.07882219053217e-15,-1.21891429241683e-15,-2.85954460686001e-15,-2.15738560567815e-15,1.92504926405807e-15,1.17497304321422e-08,4.89006707690212e-16,-1.06505426622027e-16,1.19736016131415e-15,-7.21996908706805e-15,-2.076933749762e-15,-1.19597262716221e-14,-1.75149679327223e-07,4.76055584042777e-15,1.37393245188977e-15,1.30571204150345e-07,-3.67757273666424e-15,9.4176464366814e-15,-7.07934151473944e-14,-0.707106781186551,1.43796372328281e-07,1.98138650771341e-15,-8.02371558682268e-08,1.47087909800769e-15,-7.17709513211427e-15,9.00859816133472e-15,1.24117093013888e-14,2.38576853815262e-15,3.74776063789035e-15,2.89778625801508e-09,-7.35256369034161e-15,2.6346786356627e-15,2.16109612679677e-08,-3.61593931226114e-07,-1.04867087299876e-15,2.53215555687609e-07,3.70825869377417e-08,3.17437687758233e-15,-1.74182667961595e-16,-7.57899301655545e-16,-1.11744463625049e-15,-1.09314250714536e-15,-6.21873103852549e-08,1.88609415758194e-16,-2.1100259179473e-15,7.64092518537629e-16,2.48865633835163e-08,6.57777660179723e-15,1.04517862563824e-15,-9.07068284769609e-16,-1.15974202135279e-15,-1.13324165475151e-08,-1.92696312169837e-15,4.50822331177556e-09,-7.82635936512104e-16,-6.9318713517262e-16,-6.95877684867803e-16,-1.60635909995359e-16,5.70471810799103e-16,1.01374954856434e-15,-4.06130687301179e-16,-7.81419610716738e-08,1.30498330378069e-15,5.86170085955918e-16,3.28438166956916e-08,-8.46492698414323e-16,-2.28004877747552e-15,-1.55494076590686e-15,-5.00946867400151e-16,-8.63613717517981e-16,-8.85257919768606e-16,-1.79915898873183e-07,-5.67482333208757e-17,-1.70245574668436e-15,7.08216536341975e-08,5.64156966268246e-16,-3.53569155590968e-16,-1.22753552042419e-15,1.160427500617e-15,4.27562768834787e-16,-2.75084759570481e-15,-5.72231599099932e-16,4.36231924843444e-16,9.99520363706651e-16,4.40975762110741e-17,-1.71431099338313e-16,-3.71108839014645e-08,1.23044069816699e-07,-1.77393053501554e-15,-7.95224579921279e-16,-1.05664464335576e-15,-1.28382716282083e-15,-1.12605237634344e-15,-8.13425440994217e-16,4.73713431474423e-16,-4.87539854002938e-16,-8.05747192888559e-09,4.15781708520354e-16,6.81179288634408e-16,-6.1885797384188e-16,-3.43595852897891e-16,1.0311591565784e-08,7.48709540327259e-16,-2.16079937168897e-09,-2.42137797805327e-16,6.18158079113462e-16,3.87321082611434e-17,5.81516011312842e-16,1.53233785740594e-16,-1.81392799362393e-15,-2.61998661306826e-16,2.83368956590535e-16,5.3091221628146e-17,2.26741809275532e-16,6.22737164366901e-16,1.46293424803223e-16,9.1447739600209e-17,5.62832373079291e-17,1.67842875645475e-16,2.70146211486944e-16,-1.88146561533717e-16,1.34198289988698e-16,-4.83584793085202e-17,4.15815026231888e-17,1.75223334106245e-15,4.61632533754031e-17,-4.50926625037244e-16,5.02920561923708e-16,8.42373775244926e-17,7.75983773558258e-10,-7.95575810600354e-16,1.728603385711e-16,-5.57769538012496e-16,-1.66525663661531e-17,-6.23854348634308e-16,3.56874165719924e-16,6.29641873408405e-17,-1.78683283966804e-16,1.16350061497457e-16,-4.25416526259094e-17,1.42269009073548e-15,8.09538211973539e-18,-1.03993747934279e-16,2.9210612446381e-16,7.51657843023164e-16,3.72696234623611e-16,-1.34925177583102e-16,-9.97563555317977e-09,5.07503134867639e-16,2.09796978610997e-16,-3.31559155330549e-16,4.39007351990731e-16,-7.41906243378645e-17,1.06274388832191e-15,-2.82994489444679e-16,-1.6114644444805e-16,-1.25707175486149e-16,2.11122505856454e-09,2.87260965665248e-16,7.81200520001348e-17,1.19563062838218e-16,-2.08883388469938e-16,1.17258319135284e-16,-5.08603416234707e-17,1.27303379059833e-16,1.05545432638207e-16,2.0749754049019e-16,-9.69379966354728e-17,1.0085153072542e-16,-2.05064011563206e-16,-4.39926655756066e-17,1.06398139251551e-08,8.74091664194591e-17,1.60421600544899e-17,-3.404611899855e-16,8.55001833222069e-16,-3.20094611429611e-08,-6.46778083162028e-16,-6.23584390873319e-17,-1.33315348008426e-16,-4.49926757367659e-16,-4.26790016148936e-17,-4.93138187170907e-17,6.39512827576552e-16,-1.79638768516803e-16,1.02792825603204e-16,2.39508648458549e-16,1.68439199383488e-17,2.69533440586146e-16,-7.22173114855401e-17,1.81470759979921e-16,1.84217446382129e-17,3.78620650262592e-16,-1.13377213131293e-16
"t568",-0.00773148231415778,0.0229553153375386,0.0262601401371244,-0.008193723493401,-0.131138732544808,-0.0290540964072391,0.0187178780416351,0.000299636513987259,0.000992958804524904,-0.00216809395986095,-0.00058692361793942,0.00350557188974135,-0.00513912911688456,-0.000500198388387091,-0.00347954724597153,-0.000964547000182108,-0.000898131330394845,0.00037692331997283,-0.000334533843338626,0.000244620520492438,-0.000903825987415832,0.000187866258174312,-0.000393133477562601,0.000813702558396657,-0.000127760591244096,0.000296865410305668,-0.000369729989723995,0.00034147988168089,-0.00293713583400871,0.00741183024108295,-1.76374981683656e-05,2.46371374229723e-05,-0.00105283163653807,0.000167762041674665,-2.096274551063e-05,-2.15815905813886e-05,-9.80300430348433e-05,5.57937992889546e-06,4.37412783903702e-05,1.11195612515972e-05,0.000485884554507083,-4.9501403851577e-05,4.4752941648203e-05,-3.75844545944272e-05,0.000159955300261325,0.204817206689077,2.16668840246476e-05,-0.00025605434270319,0.000140772389347732,-0.000232675556608745,0.000218358849673995,-0.000130826314900812,1.81916315457479e-07,-6.06823743432988e-05,2.03255820980648e-05,-0.000212413740740008,8.27496970496983e-06,-0.000577946224624446,0.000197345133905441,-4.52731801546742e-05,-6.63948750715431e-05,0.000113360126737287,-0.0696553174655474,-0.00878953256044141,4.72956476068234e-05,-7.84127386431236e-05,4.82134018960952e-07,-2.60091901944824e-06,-6.08961751801065e-06,9.66035093613318e-06,-3.67553726772268e-06,1.14914657031529e-05,-2.87167524386535e-06,-2.62381355304489e-05,1.10338294717814e-05,7.82263433183934e-08,-9.56870536421809e-05,1.04435574762765e-05,-4.02009716526072e-05,-4.95976657590053e-05,1.66506456918642e-05,0.000260440149154297,-8.02350154155095e-05,-0.016429892157218,1.63221205092363e-07,4.11674966991907e-05,-9.38378310264145e-06,-1.15680170283317e-06,-0.000135885840206753,1.33867625289582e-05,-2.35550494629336e-06,1.08537848811895e-07,5.4694648431534e-06,-6.96776082334162e-05,-2.78067567517332e-07,-1.60326323744416e-05,-1.88307585865007e-06,9.49561517504496e-06,-7.90409757088623e-05,-2.1066606803498e-05,-4.54476958630268e-06,3.9038344898838e-07,-6.19995809345299e-06,2.10518605702437e-06,-9.1572777144832e-07,1.91013435132266e-06,-4.93325614833239e-05,2.29486516941777e-06,-7.77095838949619e-06,3.53814098943939e-07,8.75434396194599e-06,0.00208997655032296,4.13383953962643e-06,4.11200573777976e-06,-1.13723026359992e-07,0.000516184236223902,-5.99313182099456e-06,6.28044688837687e-06,-6.12313733833388e-06,1.45015772151442e-05,-1.01592362094028e-05,1.19038461032196e-05,-1.05359178337743e-05,-2.8856059524178e-05,1.7298969296135e-06,-1.63038484037768e-05,1.64762408742716e-06,-2.47203507583407e-06,3.21501370154334e-06,0.000105350574883784,3.21073963991639e-07,5.21050934104967e-06,-8.06966421181188e-07,-8.50304220396381e-07,1.5683503883271e-09,-1.71851682474543e-07,2.74100991386244e-08,4.80786549545368e-05,-9.57899772093462e-05,0.000306694934791334,5.54781956652899e-05,0.0162679661429359,0.00035452105656433,1.60390680866824e-05,8.42239058797094e-06,-1.11121627070208e-06,-2.4937027008558e-05,2.62212504800602e-06,1.59651400075509e-07,-3.39846968656991e-07,-9.58982360694323e-06,-1.50126136383306e-06,-5.7007765112748e-06,1.14022593958018e-05,-2.61487892204273e-06,-2.19908727496051e-07,3.21892819346574e-06,-2.03952431581861e-05,-4.42107358170059e-07,-1.42161107548074e-07,-1.08743089599911e-05,1.13846249204863e-06,-4.34062401448807e-07,-1.10803133045107e-05,0.000501872433214303,-4.8945640285775e-07,-6.1524473827697e-06,-1.11344646854652e-07,-5.61674888302953e-06,-9.20357062608284e-06,2.62440210980624e-05,4.7717706977984e-06,-8.92987628912003e-07,-2.03511313741814e-06,-9.89474578572107e-06,-1.3297654386077e-06,-1.05070502476918e-06,0.270702016493421,-2.95332449154663e-05,-0.000180777511429818,0.000498365665701968,0.000132668696887698,-1.82377939389811e-05,-8.86899159139292e-08,-1.80968125516899e-06,-4.79711232188005e-07,-5.13125074669173e-05,9.18738609044514e-06,4.09011718570866e-05,-6.35756990790153e-05,-8.8937086265905e-07,1.46302607656603e-06,5.60981997231637e-06,1.26040715810501e-08,8.76748569743828e-07,-1.1089009452142e-06,-1.99616529686676e-06,-1.79510086712684e-06,1.10174698720792e-06,3.82664122240741e-07,3.77847873396635e-07,5.70456310235454e-05,-8.36709760897072e-09,-1.4126323747763e-06,-1.60781832884018e-06,-1.02407142282099e-05,8.79711774040175e-07,5.5587758987629e-06,-4.20164930311993e-06,-1.49148778094239e-08,1.64437364783384e-06,-2.04210236084728e-06,2.36758061408288e-05,3.38429718565386e-06,3.70654680112075e-07,0.000325698529043983,-1.48430866736614e-06,-7.83723635366018e-07,2.6363788278589e-06,2.18988062022538e-05,0.000148305239446437,-0.00136122085550521,-0.595962150497774,0.000911609130645616,-6.26854767264479e-05,-0.00261287328829627,-0.000274842123395545,-1.28112153754592e-05,-1.69430479449126e-05,-1.16186490247688e-05,4.36566030484419e-05,8.49620385322909e-06,3.39301727120318e-06,5.60684617687927e-06,-2.68477292057264e-07,-7.81389673985793e-07,-2.06872692974512e-05,-7.26728790950537e-16,-0.000254473492093885,4.09868017349976e-05,-5.91960946587537e-06,-1.96454605323409e-05,-1.68610327884312e-05,3.77633389870412e-06,-3.52309582024765e-06,2.48912488830377e-05,-3.08679558195105e-07,2.25629007597608e-08,-7.75698127802839e-06,0.000106657904668266,-8.74752443038229e-06,0.0115631099510214,4.90436598471426e-06,2.10908471684897e-07,-1.51240699761005e-08,7.46424079961723e-07,-7.20442769364332e-07,1.13406272091571e-05,1.90199414061567e-06,-3.65579369532455e-07,7.91149721406576e-06,-1.52658460502193e-06,0.000166588063966612,-1.39110684525081e-05,8.26023030637557e-07,-2.80817655349315e-07,6.12530414318259e-08,2.24508845138689e-05,-9.46121255672112e-06,3.4205235642853e-07,1.36308994538381e-07,-2.92609749442912e-07,4.70491203310358e-06,-5.36615998781849e-06,6.34806770631865e-06,-1.62589315719356e-05,1.25219314108057e-05,-9.08920122536355e-07,1.11073520146473e-05,-7.55783104481299e-07,2.19461416655681e-06,-7.13749031492569e-17,-5.39083512553921e-06,-1.84670295633008e-07,-3.21682644475808e-10,-2.80059516064719e-06,2.67736585132794e-07,-1.67084327988734e-07,-7.36348244711488e-07,2.03506035176404e-07,-0.0292841485998066,-4.48138868481686e-05,1.92071213944297e-07,-2.38459760915005e-07,3.11141023211044e-06,-3.78474599862748e-06,1.62019650347059e-05,-1.90909123546203e-06,4.18118440546509e-06,1.11667568405042e-07,1.12698370160849e-07,4.8306318854308e-06,-0.00346008793426184,-1.49005940389158e-08,-1.74371141082221e-06,3.1145626912603e-06,-1.1733757521607e-05,8.64173708957424e-07,8.02042660814297e-07,0.00063664241810924,-1.63917805215813e-06,-7.67294331995996e-07,1.19977919781033e-06,-4.19379411887913e-06,1.03868455890313e-07,9.68805529574195e-07,-1.88635794433707e-06,1.79343309702839e-16,5.64996506233507e-09,4.50105942296559e-06,-4.07149261772333e-07,1.58535516137379e-06,2.67909644003132e-07,4.13972022847963e-07,9.60106030326424e-07,-1.4040804277902e-05,5.21251205446415e-06,5.01261527315746e-17,-3.98361789174222e-06,-4.82600276230743e-06,-1.35607787459762e-07,8.53446123063147e-07,1.01820039245636e-06,-6.86781804136364e-08,-2.62514670890762e-06,6.99694856071149e-07,-4.39305012074687e-06,4.39943317136664e-06,-8.72948230593843e-05,-1.61819823393561e-06,-8.56470243654457e-08,-1.6056045180115e-08,-1.61597024337865e-06,1.28569176954323e-06,-1.75679463153239e-06,2.77133177582388e-16,-6.87742923717333e-06,5.41819625767491e-07,1.56155323252448e-08,1.38601405228873e-07,-3.43169148935184e-06,-7.33533865300122e-06,5.00144196282e-06,-1.82191620751578e-05,-6.83603610735845e-07,-2.9095941008524e-16,-1.27104829229118e-06,-6.67928315737976e-07,-1.65846615300448e-06,4.94608417861673e-16,3.24760095503803e-06,6.27510884042173e-06,-9.63185721172256e-07,-2.74637587021833e-06,-9.38432617471493e-07,-5.13293872309141e-07,-1.87248442431258e-05,6.0603783016749e-07,0.000559321036466054,3.39320722032797e-07,1.46010191895073e-06,2.81840747080191e-06,1.91674571887443e-16,-2.22265339307619e-06,7.43554662439026e-06,0.045323337743349,1.8681937230164e-06,5.48269152948918e-17,5.23480788294672e-08,7.22755604903283e-08,-1.64288033953079e-07,-1.49873848222839e-05,-4.21833884882349e-07,6.46049400542925e-07,-7.09640955024141e-06,1.1018646425607e-06,5.72670616148897e-20,4.18740583344091e-06,-1.0638920306372e-06,2.97587450840312e-06,5.26163399125717e-06,-5.34923229031781e-07,-3.59640236812417e-09,-4.63171168085807e-16,-1.09527231736891e-16,-3.50073862716872e-09,-5.95302801134668e-07,7.85392593716851e-08,-6.01505144189656e-07,2.06373111052814e-15,-2.88192262222376e-07,-3.4156985948638e-09,-4.28324975783688e-17,7.30872553807844e-17,3.80948478200725e-16,7.33133239960326e-07,2.16830763877904e-06,-0.000291583191667356,1.81977044990095e-06,9.08334679836083e-07,1.87919110097908e-06,-1.0804224919041e-06,-6.35902040599216e-16,-2.37558367061743e-07,6.68048935064624e-07,6.22147649244923e-17,-3.27352139175434e-17,-4.21692115635099e-07,-1.71821781823315e-10,-2.50600984044728e-07,1.03185231712697e-06,2.50310457052266e-07,-7.09181878561913e-08,-3.11549728475684e-16,-2.39529735963445e-07,2.27955760259341e-16,-8.35283181581708e-07,-8.80643214601351e-16,-3.03247285619546e-07,-4.41503335578097e-16,0.00556816155819695,1.17275137921211e-07,8.77042036197074e-08,1.16023471138417e-06,7.62777197856782e-07,-8.81136416720281e-08,5.60653903766706e-07,1.47379257744237e-07,7.1694695953408e-07,6.61117634643907e-08,1.97381908744923e-07,-5.55955628376513e-07,-7.19863026035718e-07,-5.84141238003834e-08,-2.66003387258585e-07,5.51478118877233e-17,2.4902745927282e-06,-4.2929852432441e-07,2.04648790770458e-05,1.78895393240184e-16,2.93905223315149e-08,7.96582614711554e-07,2.84966838813589e-06,-2.13319117825669e-16,-9.14540905164209e-07,-3.6745117651507e-07,1.50103497147894e-16,-4.85858581605826e-07,1.44615723409566e-06,1.00354593141826e-16,-3.88029860663506e-16,-5.34208009727705e-08,-2.16820685855505e-07,-1.24130469643822e-09,-1.73514155149109e-06,4.75841639379677e-07,1.86181782164966e-07,1.36548486342044e-07,0.00720820161226309,-2.24114037059868e-06,8.20198943485284e-16,6.35969128730742e-09,3.32109911065281e-09,9.28387430170708e-09,8.78696964173002e-07,2.17527979223103e-16,3.16192117568673e-17,2.9222225814031e-07,2.39289137470193e-17,4.94539053176143e-17,0.00017137107341166,-2.07027993971839e-06,-5.13998467087926e-07,-2.11640704288002e-08,1.32460244904099e-05,2.55758909772618e-06,7.19322439300784e-08,-8.70441169551119e-17,1.67983791908707e-07,7.84887102292323e-09,3.6020553086103e-08,-4.80118599130721e-07,1.89628932744643e-06,-1.01650043546809e-16,1.12779900621119e-16,-5.79050352049738e-16,-1.25334404582453e-07,-7.95898830624343e-08,-3.50181291452814e-07,-2.88150510838018e-14,-6.10209071771751e-08,-1.35297909469048e-16,3.17802208289085e-16,7.53657307503524e-06,-1.65477457605468e-07,5.26922255827955e-16,-4.07051753839037e-07,-2.7809286228207e-07,7.66822051523314e-17,5.70397988487964e-05,3.50175127317268e-17,1.67530194246145e-07,5.33925930608799e-17,1.67143173589822e-07,1.44680358156363e-06,6.93333877767355e-08,4.92803228571146e-08,3.38313972677434e-07,-2.23654991385444e-07,4.66190427412503e-07,-4.15697010367378e-17,4.05257315352233e-06,-2.28716757834794e-07,2.45249843020599e-16,-3.01282008707638e-08,-4.63738767559987e-07,1.42583880234971e-07,-2.72818823446623e-16,3.45187168035067e-07,6.03979124679959e-07,-2.35979495805222e-17,-1.13991413475035e-06,-2.52115894709122e-07,-1.7372065701987e-08,-1.51967780177757e-16,9.41864628235887e-17,2.34425092912527e-07,7.1754312814453e-08,5.80487373132358e-09,-1.23365248963609e-07,4.2450800985448e-08,-4.11648405425244e-16,-5.483659683413e-16,1.54956259239872e-07,1.06808436031753e-09,-2.08864306671665e-17,3.74388637691737e-07,5.20791578135267e-17,2.56296904345989e-07,-7.16085195140182e-08,-4.18392152545805e-08,-2.77354177741383e-07,-7.13444910027653e-16,-4.6509321303695e-17,-2.3242300836233e-16,1.25524689729856e-16,-2.94740104530769e-08,-1.02231039074361e-07,-1.71858291358192e-16,-1.2168739758058e-16,-1.44498903251355e-17,1.4387102998523e-07,1.29282841490735e-09,-7.11744247162571e-08,-5.32182638539912e-17,-1.22662568036863e-15,4.9629354445524e-16,-2.30713049252433e-06,9.34497896735591e-08,-2.45742939145413e-16,1.63952635186846e-08,-4.28963607738133e-07,6.27451701046888e-17,2.63479453983973e-16,-2.24170158427412e-07,-2.29693259670544e-09,-1.11144806295985e-07,3.52394348240668e-17,1.25341507210918e-07,1.82957464087379e-07,1.97621538841664e-07,-1.92785060286919e-07,-0.00239949081514188,9.74002707543812e-09,5.58458477977893e-16,2.97273054328224e-16,-1.81148855846147e-16,1.93022511589193e-07,-1.74779203080873e-07,-4.98168785530378e-08,-3.92517739973658e-08,-1.7493703491802e-16,-2.02049636566823e-16,6.68537106845659e-16,2.37728354294901e-16,3.29189936189229e-16,2.47973623697724e-07,-1.69606001789157e-16,-1.60183099787633e-16,-3.03431522332341e-08,6.45579869246919e-16,-2.71622709568869e-08,-2.81296554752592e-17,-3.36750614763576e-08,-1.35752359172301e-16,-4.07818050248777e-08,-5.10378063039586e-09,-6.159483031486e-07,1.51023595633844e-16,1.63824354894407e-07,-3.78841243134899e-16,2.32437143652523e-07,-5.40765853543438e-07,2.2619703168068e-09,4.17074328320498e-16,3.29897504800856e-07,3.45577542547433e-16,-8.10698104312047e-08,-4.57585442779657e-07,8.98054008629477e-17,-3.10757472364994e-17,3.60290979586744e-16,-1.70064126776477e-16,-1.53589290185211e-09,-1.99996361627377e-08,-4.46562881529547e-09,2.73173322240277e-16,1.07762564573865e-16,-6.24391901388295e-08,5.09323174625615e-07,1.61351885752357e-16,3.70103631192194e-16,-2.03418832947113e-08,1.13501441461826e-16,-1.44149790090345e-07,-1.68063962286887e-15,1.36076034824342e-06,1.58279459206844e-16,-1.11952823497163e-16,6.56152588282101e-17,2.09023435575525e-17,1.07989073134699e-16,-2.42148063564846e-16,3.45697514999142e-08,-2.41765443766053e-07,2.08048438917828e-16,-1.21298299508876e-07,4.61383199266699e-07,1.09757657217988e-15,2.69410517866182e-16,4.06283261414702e-16,-4.94548776643618e-16,4.54770367576557e-08,7.27251309565718e-09,-5.65270168552945e-16,2.59754575704238e-16,-8.25801766137923e-08,-2.94578028806383e-07,-5.89902318259506e-09,3.06024901788531e-16,-1.3245496713152e-16,-5.95462420146024e-16,2.25571605587803e-16,7.38983458241897e-17,-3.21092879553461e-16,1.7394905377979e-07,-1.64517868670832e-07,-3.16328034070304e-08,-8.22144055378071e-17,-9.49492358650026e-16,-4.54720864612904e-17,5.16781147244255e-16,3.03404218248974e-16,3.53335061126514e-15,-7.84581454760253e-16,-5.5904488079717e-17,3.54658335123073e-16,-7.05987771391489e-16,4.37825726954767e-16,1.02025927698301e-15,1.35552023455005e-15,-3.0026230458322e-16,2.29252103169492e-08,1.779457291046e-16,-1.20274275685627e-16,6.5200426935919e-16,3.24440849330685e-07,-2.95416375163091e-09,-4.08582808700942e-17,-8.37265396442965e-09,2.96394212633796e-07,-7.64467396416136e-17,-2.2887434368426e-15,-4.31946484027899e-07,4.53004884995211e-16,7.2919174573275e-09,-3.18746117645089e-16,4.76955937560851e-16,-1.02103320208453e-16,-3.10253620583785e-15,5.39077544404369e-09,-7.40229898708391e-07,2.81551826675986e-15,3.40972210408043e-15,-1.13101142752072e-15,-5.34639833780848e-15,1.41276964085724e-15,2.77979212485791e-15,1.93196813493022e-15,-1.96436671154752e-15,1.17497383774037e-08,-6.64653933107874e-16,6.80527160816423e-17,-1.32857515461118e-15,6.82121848328236e-15,2.0623314329807e-15,1.18382369757598e-14,-1.75149690159427e-07,-4.7966601077278e-15,-1.43907565340285e-15,1.3057119388759e-07,3.77756816718474e-15,-9.63218079361927e-15,7.08329909049239e-14,0.707106781186547,1.43796385715469e-07,-1.92072800734497e-15,-8.02371555676666e-08,-1.45912005930896e-15,7.17434304183679e-15,-8.89311900626328e-15,-1.25398891032309e-14,-2.31650004522203e-15,-3.81316661914344e-15,2.89778543156796e-09,7.01266666793765e-15,-2.61839611261195e-15,2.16109697341086e-08,-3.61593931441535e-07,9.44313367498013e-16,2.53215555463836e-07,3.70825867821894e-08,-3.1763633800633e-15,7.91950221996176e-17,7.52022635392483e-16,1.16727296424723e-15,1.18273947195184e-15,-6.2187313628265e-08,-5.27981470870197e-16,2.27413784297686e-15,-6.86758054475143e-16,2.48865635603442e-08,-6.45188578235713e-15,-1.08313791502596e-15,6.21095794324047e-16,1.21164979696751e-15,-1.1332415468232e-08,2.10063788637546e-15,4.50822622606207e-09,5.89159352331232e-16,8.06779491823359e-16,6.62980678154134e-16,1.81496507347509e-16,-6.72054697707175e-16,-1.0630840406447e-15,4.68007191917599e-16,-7.81419604205277e-08,-1.34602479031118e-15,-1.18708969688107e-15,3.2843818486682e-08,1.15767041097768e-15,2.21474283921802e-15,1.5218534089896e-15,6.71422971466208e-16,9.13550636847561e-16,8.01590505524636e-16,-1.79915901730454e-07,-1.18554422111225e-17,1.60375793444231e-15,7.08216526551609e-08,-5.91081852221381e-16,4.26435609461668e-16,9.18127575134132e-16,-9.29235542271583e-16,-2.64594514880578e-16,2.76107453263687e-15,5.42845649137183e-16,-5.61876940212358e-16,-6.38562244610013e-16,4.85329012694547e-17,1.67948461540125e-16,-3.71108829968001e-08,1.23044070054989e-07,2.30860434915732e-15,9.33849970998554e-16,1.27665480246091e-15,1.22768433846062e-15,1.19045398538908e-15,8.37908751139104e-16,-4.54980813998042e-16,1.09219276791374e-15,-8.05747172051877e-09,-5.07638983866299e-16,-6.82431007674578e-16,5.44982147642723e-16,3.16971594189952e-16,1.03115912098488e-08,-6.64187153742372e-16,-2.16080054183009e-09,3.79579841802905e-16,-6.20685125627801e-16,-2.76488149953329e-16,-5.79587581168975e-16,-8.97218506533094e-17,1.80419784368027e-15,2.00221459472633e-16,-1.36127712374977e-16,-6.81241952384764e-17,-2.71611768461013e-16,-6.83639129194608e-16,-2.23532416099205e-16,2.06035057688911e-16,1.10971311473465e-16,-1.85675625802181e-16,-2.03325577508149e-16,2.26689598038449e-16,-1.97074580650357e-16,5.73548165140445e-17,1.61352583735358e-17,-8.93328380019431e-16,1.23282928317491e-17,7.4015077660102e-16,-5.045638297508e-16,-1.02816415295728e-16,7.75984182647874e-10,7.80710349371616e-16,1.09347441104014e-17,5.13046851452662e-16,-2.17391274644409e-16,5.21149865031343e-16,-3.61578818760032e-16,3.97896902063579e-17,2.73438511671595e-16,-1.03446402834031e-16,9.68243440951971e-17,-8.41611936391873e-16,-1.97805838109052e-16,8.38808351583812e-17,-2.82709636348534e-16,-7.46499217456364e-16,-4.80823510683266e-16,1.2877667229992e-16,-9.97563720630637e-09,-5.49089903923616e-16,-1.2595190748261e-16,2.79814040549244e-16,-2.91504032505271e-16,-1.27819643990517e-16,-1.07014110382356e-15,1.75799725693225e-16,-1.29275895976927e-17,9.63673452182986e-17,2.11122550953242e-09,7.86401388883067e-17,-1.00602660624339e-16,-7.53776732316499e-17,2.12856829856172e-16,-1.50685382221116e-16,2.64044326277306e-16,1.13895035957226e-18,-7.36903158653429e-17,-2.43767505480997e-16,-3.79810714203694e-16,-1.53139994495429e-16,-1.80860861477771e-16,-1.51980142784734e-17,1.0639815052413e-08,-1.60962064886931e-17,8.8275549548938e-17,1.51471355633407e-16,-1.02337843060907e-15,-3.20094609673829e-08,9.90304084708553e-16,1.01011883137367e-16,-8.66628478153604e-17,4.05827648318272e-16,5.10775971333179e-17,1.13536857802396e-16,-1.05825718883174e-16,1.14192425199984e-16,-8.59805607188634e-18,-1.97570391006464e-16,-9.63179182515291e-17,-1.47924302207603e-16,-5.72223516335344e-17,-1.53629922062328e-16,5.67955512965979e-18,-2.41067728882613e-16,-2.87354142128597e-16
"t208",-0.00773556212786671,0.0229808940655875,0.0262903514859269,-0.00820637418308684,-0.131386922071425,-0.0291186787248266,0.0187603078059009,0.000300370190747376,0.000995834472681829,-0.0021757228105763,-0.000589551737080904,0.00352497715279727,-0.00516842413108673,-0.000503093667012231,-0.00350058258557019,-0.00097072924810094,-0.00090402823727583,0.000379443906542755,-0.000336823888496989,0.000246443190014261,-0.000911124552851857,0.000189707283999138,-0.000397209361149574,0.000822188606185104,-0.000129098423193706,0.000300127618112273,-0.000373842722779743,0.000345313739944844,-0.00297103028796276,0.00751354807961831,-1.78964163019672e-05,2.50161248436814e-05,-0.00107026240660169,0.000170679062711411,-2.1347023866546e-05,-2.20109780323645e-05,-0.000100006900315771,5.6938067486955e-06,4.46448961625675e-05,1.13529371281982e-05,0.000496397152180117,-5.06003623656702e-05,4.57624489230693e-05,-3.84333746605434e-05,0.000163636272272784,0.209857185607858,2.22107825203086e-05,-0.000262542042825444,0.000144432241768642,-0.000238892967785948,0.000224406829496175,-0.000134510028224462,1.87050877595487e-07,-6.24301908949761e-05,2.0934302602957e-05,-0.000218812371968642,8.55087211303439e-06,-0.00059773750993104,0.000204124405733339,-4.69306805700151e-05,-6.89417350592143e-05,0.000117808138484168,-0.0724384915420453,-0.00914232824518702,4.92582962260749e-05,-8.17637271776196e-05,5.04081286671852e-07,-2.72263702350083e-06,-6.37823114340724e-06,1.01286674969461e-05,-3.87540308323725e-06,1.21703589437917e-05,-3.04345484640671e-06,-2.78481686638841e-05,1.17130424973434e-05,8.30945470644363e-08,-0.00010166768615095,1.11102290691329e-05,-4.28907129418018e-05,-5.29787695422111e-05,1.78221549387571e-05,0.000278889060637941,-8.62041897730286e-05,-0.0176701625355714,1.76324139045204e-07,4.45273798726474e-05,-1.01624627522774e-05,-1.2530523758638e-06,-0.000147200013382327,1.45033355564107e-05,-2.55321399305853e-06,1.18198392393132e-07,5.95887755283041e-06,-7.61381460725376e-05,-3.05450878299253e-07,-1.76257187859204e-05,-2.07026649723587e-06,1.04612001829084e-05,-8.71461279888122e-05,-2.32959440526621e-05,-5.03810804572947e-06,4.32855565176888e-07,-6.87620192985717e-06,2.36214964606478e-06,-1.0284380003213e-06,2.14676682135783e-06,-5.55147157536819e-05,2.58337207380936e-06,-8.75347332995738e-06,3.9893396790332e-07,9.87385837693044e-06,0.00236170910296054,4.67237110271196e-06,4.67138454597846e-06,-1.29336162514003e-07,0.000588488601797957,-6.84019475491808e-06,7.19024385981239e-06,-7.03132868149454e-06,1.66910193973637e-05,-1.1708599930196e-05,1.37833467260927e-05,-1.22370576667042e-05,-3.35191745569717e-05,2.01034640875693e-06,-1.90083147181358e-05,1.92145144240277e-06,-2.89104566646976e-06,3.79144857343744e-06,0.000124251202414685,3.78940208813571e-07,6.18558454054854e-06,-9.59096273969469e-07,-1.01146213191533e-06,1.87217100416856e-09,-2.05243914881395e-07,3.29882463714946e-08,5.82349487924317e-05,-0.000117085105285319,0.000374975117633497,6.79381762744073e-05,0.0199380017246713,0.000435078352322158,1.96936426513828e-05,1.03415412851801e-05,-1.36946876342324e-06,-3.09658216260634e-05,3.28215439107838e-06,2.00246049786067e-07,-4.28211180620684e-07,-1.20877339337787e-05,-1.89565743768716e-06,-7.20598350322676e-06,1.44301683946203e-05,-3.34699959399742e-06,-2.82005922358393e-07,4.1333890145467e-06,-2.70574953889686e-05,-5.91637939806002e-07,-1.90502228838322e-07,-1.46840990580217e-05,1.53978386106484e-06,-5.93134897508607e-07,-1.51603217757139e-05,0.000693926870931375,-6.83962563498445e-07,-8.88903328493782e-06,-1.61072641756669e-07,-8.12789387173765e-06,-1.33840685008591e-05,3.83898057314077e-05,6.98614419618956e-06,-1.3232441179258e-06,-3.02743258285976e-06,-1.48465744279469e-05,-1.99955019583335e-06,-1.58168604520871e-06,0.416280775670529,-4.65073197363093e-05,-0.000285901006698626,0.000791440648389697,0.000213354296739812,-2.94760880642979e-05,-1.44053844617998e-07,-2.95334963862728e-06,-7.95875005287272e-07,-8.54907809165696e-05,1.59128096082102e-05,7.09386367325842e-05,-0.000111830435387754,-1.63145859536295e-06,2.79014528871321e-06,1.08536299817496e-05,2.49396751171708e-08,1.76565478645077e-06,-2.36496421944729e-06,-4.31516856676181e-06,-3.9989092837733e-06,2.4935123981841e-06,1.00011835396748e-06,9.9538769780768e-07,0.000162353873714654,-2.60159246442971e-08,-5.86799494504297e-06,-6.69011697194589e-06,-4.41241362664571e-05,4.27095375696966e-06,2.97286456628788e-05,-3.16411277674472e-05,-2.61935811447622e-07,-0.000131306544485435,5.71368239301441e-05,-0.000154886171345419,-1.48290213621638e-05,-1.6092710745821e-06,-0.00110246636980732,3.02113809129818e-06,1.46468980911561e-06,-3.23902463176958e-06,-2.05217608030037e-05,-0.000126710239138253,0.000790911219665632,0.314873042446618,-0.000432893444938197,2.09699413360254e-05,0.00080916674620932,8.34835939713131e-05,2.38886628881052e-06,2.13636710805047e-06,7.73527845457839e-07,-1.82756954514189e-06,-1.49607172063084e-07,1.3467188090868e-08,5.54549082743855e-08,-1.63778590040652e-08,-7.02465983695446e-08,-2.46135835137519e-06,2.00750411956869e-16,-3.99823738104632e-05,6.73350088315232e-06,-1.24406981283867e-06,-4.74755885549699e-06,-4.47599502150529e-06,1.0076611125759e-06,-1.07962186681903e-06,7.78103657920206e-06,-9.73558964533926e-08,7.40919342032497e-09,-2.61275084796273e-06,3.75014054359611e-05,-3.13078320453391e-06,0.00416805166993859,1.83432571819581e-06,8.94136436714147e-08,-6.64530103698397e-09,3.3700682609985e-07,-3.4272946088164e-07,5.41338851655326e-06,9.3701817317195e-07,-1.83064619242226e-07,4.04886454059422e-06,-7.86458188929946e-07,8.64059563680681e-05,-7.2815985199113e-06,4.38020098843104e-07,-1.49125532104643e-07,3.35235310263636e-08,1.2295273627648e-05,-5.1852301019929e-06,1.88884195290968e-07,7.54786339520589e-08,-1.63421170120382e-07,2.63177455398131e-06,-3.14187354304529e-06,3.73359464641555e-06,-9.59630618575461e-06,7.44900902897034e-06,-5.44000538284315e-07,6.73591953259146e-06,-4.60023982605773e-07,1.33963182416635e-06,1.89123674742667e-16,-3.32226337119303e-06,-1.13948224073598e-07,-1.99274035996293e-10,-1.75065085140975e-06,1.68613929524147e-07,-1.0558839734696e-07,-4.66115663549664e-07,1.31484523866483e-07,-0.01894401331642,-2.89999859420696e-05,1.24988736027981e-07,-1.57521199276346e-07,2.06043042309398e-06,-2.51060089500664e-06,1.08069622037771e-05,-1.2986552280266e-06,2.86608300494203e-06,7.65783489103852e-08,7.72952678796871e-08,3.37194864553089e-06,-0.00246014963678625,-1.06180039164497e-08,-1.24653765846767e-06,2.23503815170775e-06,-8.42998912572938e-06,6.2670937777766e-07,5.82051470505423e-07,0.000462598899108321,-1.19208119021932e-06,-5.59561803990211e-07,8.77609883274568e-07,-3.07613049194874e-06,7.62779110352325e-08,7.12889625688267e-07,-1.39391371520559e-06,2.99511043323521e-16,4.2756726879059e-09,3.4138261866491e-06,-3.09819976442634e-07,1.20649154634412e-06,2.03906154277862e-07,3.15325804415476e-07,7.32415738187955e-07,-1.07299451186769e-05,3.99752335513899e-06,2.40743456088297e-16,-3.07936389492368e-06,-3.73413564182325e-06,-1.05142790221235e-07,6.61876410703721e-07,7.93610169645558e-07,-5.36751937615686e-08,-2.05947556216786e-06,5.50341665064106e-07,-3.47439258908835e-06,3.49678576153744e-06,-6.9602151011383e-05,-1.29249169200917e-06,-6.84825421812735e-08,-1.28629689166758e-08,-1.29487485837332e-06,1.03162156326684e-06,-1.41110938682657e-06,-3.57944427906256e-16,-5.5672060935916e-06,4.39297438163482e-07,1.26609858626268e-08,1.1288501782607e-07,-2.79686526272605e-06,-6.02786032682436e-06,4.11956931308684e-06,-1.50135997922033e-05,-5.64308927962937e-07,-1.4362694020242e-16,-1.0513235986405e-06,-5.52872366102698e-07,-1.37657232491149e-06,6.08497581719246e-16,2.70364538014314e-06,5.22773463002565e-06,-8.02713370741205e-07,-2.29053665277875e-06,-7.83661075435264e-07,-4.29044929377165e-07,-1.56630703210241e-05,5.08057051389706e-07,0.00046901537662288,2.84965821446987e-07,1.22947966236273e-06,2.37356429631852e-06,-1.86290254114477e-17,-1.88164774038101e-06,6.3004975716766e-06,0.0384818486830066,1.59104372861299e-06,-1.40687183020807e-16,4.48781013194169e-08,6.24287117786428e-08,-1.4238946345714e-07,-1.30103872146382e-05,-3.66892440869531e-07,5.6391930071394e-07,-6.23070651700871e-06,9.81943211461599e-07,-5.35416739624319e-16,3.78303466587569e-06,-9.62326283718734e-07,2.69868255206319e-06,4.78869318491998e-06,-4.86976834850765e-07,-3.27740150322361e-09,-4.80518402845576e-16,-1.06833446756e-16,-3.20931461723412e-09,-5.48645011314449e-07,7.24319250965066e-08,-5.57430531575208e-07,1.81364688730888e-15,-2.70019107394795e-07,-3.21643976375767e-09,2.65091225054017e-16,-9.44879160992588e-17,-1.08859600759642e-15,7.01824486118016e-07,2.08024817596438e-06,-0.000281904563208518,1.77126350877116e-06,8.84832501624321e-07,1.84424136198003e-06,-1.06125583649625e-06,-4.74569177391347e-16,-2.37091606935472e-07,6.70678089396883e-07,8.68889012461163e-16,8.32179634100919e-16,-4.3394621547215e-07,-1.77947309258249e-10,-2.6184329416576e-07,1.08477331282967e-06,2.66384492853273e-07,-7.56261202567425e-08,-7.69367200306722e-16,-2.5615049031054e-07,4.04611433075541e-16,-9.00680541844357e-07,-2.25541156931297e-16,-3.2905616693162e-07,-7.40819840565283e-16,0.00609218359247789,1.28530981412431e-07,9.84349547199396e-08,1.30921615875871e-06,8.62689462816377e-07,-1.0067502933045e-07,6.46491223347315e-07,1.73843657544383e-07,8.45864715779668e-07,7.85787975055741e-08,2.37935906195866e-07,-6.8379706172279e-07,-9.01588759600253e-07,-7.42757393165787e-08,-3.40863432509779e-07,2.22657114644309e-16,3.27309897589266e-06,-5.79473323883688e-07,3.02326216226269e-05,-7.93623853065643e-17,4.48005731941652e-08,1.28045230210544e-06,4.69730856670082e-06,-1.65971974085947e-16,-1.52815072157046e-06,-6.51322713561794e-07,1.68656389034978e-15,-8.89614457828164e-07,3.4577711464481e-06,-6.46962374151618e-16,-4.76497954095886e-15,-1.49807032598338e-07,-6.18310318892252e-07,-3.85594633677977e-09,-6.06734026063417e-06,2.44487440800743e-06,1.00103433585394e-06,7.86824245768585e-07,0.393092162908225,1.56998349217243e-05,-1.12861109347051e-14,-2.96576202659405e-08,-1.46005722121616e-08,-3.37613607744954e-08,-2.61402577670793e-06,-2.1758625838379e-15,8.78037623462208e-16,-6.82849029628269e-07,5.07230913125769e-16,-2.08567095321911e-15,-0.000125696819126248,1.26445695172759e-06,3.12719053191291e-07,8.46934827095325e-09,-4.99018078238201e-06,-9.51004839424461e-07,-2.45440720058171e-08,-5.93810280997469e-16,-1.58790634055246e-08,-4.34530566835964e-10,-1.55580512368643e-09,-6.00031599938863e-09,1.83756576555414e-07,-2.03082484992327e-15,-2.34908941698173e-16,2.74362401670051e-15,-2.38764208884563e-08,-1.77943646109355e-08,-7.9121320579877e-08,-5.44381746511514e-16,-1.55215191555096e-08,2.99366941827357e-15,-1.16834929495292e-15,2.6511683164386e-06,-5.83763320550984e-08,-1.48492329543615e-15,-1.51220751427066e-07,-1.06150825156434e-07,3.62661490121722e-17,2.28826719265628e-05,3.1709942554221e-16,7.07614853651798e-08,1.22002285921078e-15,7.08986425785971e-08,6.15703709708527e-07,2.96130743688087e-08,2.11535783910085e-08,1.46820203112501e-07,-1.00811013883359e-07,2.1996567805895e-07,-1.36815353398552e-15,2.00580726321232e-06,-1.13725696047364e-07,-2.17182648015972e-15,-1.50710238932053e-08,-2.34442173917825e-07,7.27454367611572e-08,-3.56801633645458e-16,1.81247263395858e-07,3.18810983699292e-07,3.88691390706163e-15,-6.05830374839054e-07,-1.34434044236239e-07,-9.3731998383973e-09,-2.12825510856041e-15,-3.62754928470151e-15,1.29757664808454e-07,4.01154377323113e-08,3.25176019577606e-09,-7.17804722929938e-08,2.48363357729344e-08,-5.58203514903438e-14,-0.707106781186549,9.09957173436787e-08,6.27188302857504e-10,-7.4407393339444e-14,2.21288545290104e-07,8.01287703500335e-15,1.52347099261828e-07,-4.28839666177993e-08,-2.50690599922255e-08,-1.66520023719371e-07,-3.90158455045779e-15,-1.57378378156531e-15,-4.48869861171944e-16,-4.54553676433449e-16,-1.80016127233078e-08,-6.25219004418478e-08,3.74824964165854e-15,-3.34450932601971e-15,-3.09463096136011e-16,8.84037897414573e-08,7.95987756533707e-10,-4.40550504064366e-08,6.19350974263046e-16,6.07180321646195e-16,2.32574918525297e-15,-1.452225439399e-06,5.88541830428612e-08,2.32583298272691e-15,1.03883318050426e-08,-2.72444809380877e-07,7.31648362154899e-16,-1.54372850155882e-15,-1.43153787522539e-07,-1.46743612869822e-09,-7.12274412183203e-08,1.8388809807634e-15,8.07313965573538e-08,1.18160459357427e-07,1.28102274022741e-07,-1.25578705304153e-07,-0.0015650137557964,6.36777438467989e-09,-1.61853279759e-15,-5.01606434221556e-16,4.57038380759017e-17,1.27812484662663e-07,-1.15753994866597e-07,-3.3043873658806e-08,-2.62321919785607e-08,-2.04721186656756e-16,-1.37844899335571e-16,-5.87405700708084e-16,4.88045733560628e-16,2.27530874723212e-15,1.66956795478476e-07,-4.06979471490284e-16,-2.69257683378159e-16,-2.04867319901151e-08,4.82027553274742e-16,-1.83418036605701e-08,-7.21395623408078e-16,-2.27453134414146e-08,5.37797553537084e-16,-2.76750555897677e-08,-3.4672752627572e-09,-4.19138727946799e-07,6.87395702866272e-16,1.11702304089234e-07,1.24744555142929e-16,1.59165403915915e-07,-3.72290094929796e-07,1.55760882764969e-09,2.99281989899008e-16,2.27647318208177e-07,-2.24073450978946e-16,-5.612477367771e-08,-3.1683703546733e-07,4.44945396753615e-16,1.23232828895477e-16,5.33043985703884e-16,2.96083509406217e-16,-1.06625235560446e-09,-1.38936726549255e-08,-3.10469682940177e-09,-4.16997910580904e-16,-2.92239735388087e-16,-4.35709968926524e-08,3.55470663283147e-07,5.32103996030447e-16,-1.16474819944144e-17,-1.42602848948038e-08,1.93463277188602e-17,-1.0114695274399e-07,-1.72680820568591e-15,9.57338913121334e-07,-7.28300179482224e-16,-1.49081051795762e-16,1.53648355666807e-16,-1.32091170316367e-16,-7.35039814563225e-16,1.22761329362193e-16,2.44469815469929e-08,-1.7098258232577e-07,5.33730982570939e-16,-8.59352221769727e-08,3.27108670672042e-07,4.68088657986161e-17,-6.30436681091759e-16,3.40445104643544e-16,2.34079295718455e-16,3.23408373507324e-08,5.17545264663918e-09,7.81944236718682e-16,-4.08139607622864e-16,-5.88134701236465e-08,-2.09819119516865e-07,-4.2031231146541e-09,2.17243263394543e-16,-6.8820909476291e-16,-8.4825649886623e-17,-1.18565194574003e-16,5.33845066688474e-16,-2.54344853531486e-16,1.24607269217492e-07,-1.17908874172982e-07,-2.26819720089318e-08,3.30462376971113e-16,4.86930233782588e-16,2.50513865318719e-16,1.39183644817984e-16,1.66150464828796e-16,5.63564848215358e-16,-6.51879010253715e-17,-6.90274151469124e-17,-2.55045339354747e-16,2.29834117898905e-16,3.70835981384478e-16,2.05758284217739e-16,-2.32404071522286e-16,3.3953620914709e-16,1.65674378494707e-08,3.15185655008911e-16,-3.38549762722709e-17,5.11206382977278e-16,2.34698575771856e-07,-2.13751360540327e-09,1.69805485820004e-16,-6.05896810883986e-09,2.14748421553073e-07,-1.90872644795447e-16,-7.35293373632111e-16,-3.13426144609059e-07,3.09740646489819e-16,5.30059503424927e-09,-2.65011908425754e-17,-1.23220623036444e-17,-2.15378770316969e-16,1.18514766466275e-16,3.92946390598791e-09,-5.39670666621073e-07,9.28876409327287e-17,-1.21054611025338e-19,-1.16192443236259e-16,1.18257764017311e-16,-3.57244615833974e-17,-1.22463615587788e-16,2.26944608614764e-16,-1.06870349997263e-16,8.64474836953440e-09,-1.5528244309681e-16,-9.59124071350093e-17,3.33778595677955e-17,-1.81309177285847e-15,1.76781944355817e-16,2.06661515399544e-16,-1.2910542545853e-07,-8.2243302094449e-17,-2.08483133894615e-16,9.62787213856829e-08,-2.50849957729135e-16,4.2784368516546e-16,-9.87314162940425e-17,-8.20976826345285e-16,1.06446535134551e-07,1.19478138487487e-16,-5.94370560513957e-08,1.18958029463354e-16,-3.9837948161845e-17,-2.99734135037523e-17,2.16602418238922e-16,-5.35564830431192e-17,7.62292650124739e-17,2.14956489932751e-09,-5.16734941193379e-16,4.27744449737416e-17,1.60478052613042e-08,-2.68525512421026e-07,9.77773940310632e-17,1.88210911251029e-07,2.75705931622673e-08,1.47389739209981e-16,-4.96432519861669e-16,1.13940531588906e-16,-6.26619051778774e-16,1.13387538583969e-16,-4.64238906056766e-08,6.15247876412086e-17,-2.51749551891271e-16,4.36212183372998e-17,1.85972300889945e-08,-2.98216772090793e-16,3.2847767622387e-16,-2.35381766255917e-16,2.51659585949993e-16,-8.47980960462959e-09,-5.29763166856076e-16,3.37479099434758e-09,1.92918590201977e-16,3.58191581142732e-16,-1.01945225615174e-16,1.64881061064467e-16,-3.31590678504843e-16,-2.43638967849549e-16,-1.36912929980658e-16,-5.86212554329834e-08,-2.82969109783048e-16,1.26045368805956e-16,2.46520009533966e-08,3.27818090140429e-16,5.4252909560269e-17,8.69302498181539e-17,-5.00289063678743e-16,-2.86916015269998e-17,-2.95725902795465e-16,-1.35262149062016e-07,1.77481744654864e-16,-1.9701865832634e-17,5.32827424436029e-08,-9.96542406550086e-18,-4.39061854406432e-16,-2.55541440984945e-16,-7.72767850762057e-17,1.16101357424871e-16,3.26866752866889e-16,-1.66831757566015e-16,2.15634087174774e-17,8.70462464750702e-17,7.02581134736219e-17,4.39563021415816e-17,-2.799381418862e-08,9.28445844058822e-08,1.71345078090239e-16,-2.40338874205182e-17,8.05844118439187e-17,-2.34622031507603e-16,1.70328161297473e-16,9.35098417123025e-17,3.29890098327298e-16,6.17173779434797e-16,-6.08966712060328e-09,3.57847011966029e-16,6.11017836550337e-17,-2.16563518375381e-16,1.74908680306874e-16,7.80379924590823e-09,6.14617816104447e-16,-1.63774533329011e-09,4.55397628295622e-17,-2.45960386616131e-16,1.23153016461231e-16,2.22994947495103e-16,-2.66351463012526e-17,-2.20164020872773e-17,1.80569554113921e-16,-1.26390446910289e-16,-1.51863249493942e-16,1.88744206422111e-17,5.6425768522235e-17,-3.74954301155771e-17,-1.48722342032239e-17,-1.0252790453351e-16,1.48631824793501e-17,1.3370545380938e-16,9.10441771793997e-18,7.08428818310501e-17,-2.17809779180221e-16,2.14509690491776e-16,1.89789590293588e-16,9.84336608912496e-17,3.26376136662387e-16,1.89594617620501e-16,-1.23133992311099e-16,5.91297977964209e-10,1.68493731679753e-16,5.99537494210176e-16,-2.52892602787871e-17,-6.13569509151008e-17,1.87149578213733e-16,4.33513025789975e-18,-1.16598290040404e-16,-2.71744612587142e-18,1.31955104343578e-16,-1.05166287346573e-16,-4.07334756202804e-16,2.45605753871899e-16,-1.29277543656125e-16,1.71445122307826e-16,-1.84527906857705e-16,1.17818286413714e-16,-4.16108004470648e-17,-7.62772712663868e-09,-3.43800559001853e-17,1.21462760350302e-16,3.44748024846797e-17,-1.05254554787426e-17,9.54128664297613e-17,3.70289649894764e-16,3.81755007129972e-17,3.05920372591434e-16,5.64119139210669e-17,1.61988450411402e-09,-1.60347458925038e-16,1.36344213401792e-16,1.8860162565909e-16,2.18151037043637e-16,1.47372627384263e-16,-2.13273466303966e-16,-4.52982078576061e-17,6.02633252882653e-17,1.05427284799925e-16,-5.56936640860016e-17,-2.75696286412507e-16,1.73602290585766e-16,-2.57049393950152e-17,8.19093592353569e-09,5.95467422372522e-17,-9.85647206742257e-17,-5.71150722553814e-17,-1.57968256531138e-15,-2.46795113574626e-08,-1.94474368207856e-16,6.07458439616711e-17,1.48345080909889e-16,-4.59424857456263e-17,4.02293419630353e-17,3.80680097292615e-17,4.4847543534325e-16,2.02776323983032e-16,-1.13181848460197e-17,-1.31143798183778e-16,1.580875313533e-16,1.84474725551589e-16,-2.13259111463743e-16,-2.03864977486153e-16,1.22028515424286e-16,-1.29369670940713e-16,3.77344824765674e-18
"t209",-0.00773556212786671,0.0229808940655875,0.0262903514859269,-0.00820637418308684,-0.131386922071425,-0.0291186787248266,0.0187603078059009,0.000300370190747373,0.000995834472681822,-0.0021757228105763,-0.000589551737080905,0.00352497715279728,-0.00516842413108673,-0.00050309366701221,-0.00350058258557021,-0.000970729248100937,-0.000904028237275837,0.000379443906542759,-0.000336823888496973,0.000246443190014252,-0.000911124552851869,0.000189707283999142,-0.00039720936114957,0.000822188606185103,-0.000129098423193704,0.000300127618112265,-0.000373842722779744,0.000345313739944843,-0.00297103028796275,0.00751354807961831,-1.7896416301963e-05,2.50161248436876e-05,-0.00107026240660171,0.000170679062711421,-2.13470238665161e-05,-2.2010978032384e-05,-0.000100006900315771,5.69380674864844e-06,4.46448961626117e-05,1.13529371281898e-05,0.000496397152180125,-5.06003623655914e-05,4.57624489231009e-05,-3.8433374660569e-05,0.000163636272272795,0.209857185607858,2.22107825203862e-05,-0.000262542042825423,0.00014443224176863,-0.000238892967785957,0.000224406829496177,-0.000134510028224457,1.87050877596929e-07,-6.24301908949661e-05,2.09343026029448e-05,-0.00021881237196866,8.55087211302369e-06,-0.000597737509931049,0.000204124405733291,-4.69306805699804e-05,-6.89417350591904e-05,0.000117808138484162,-0.0724384915420453,-0.0091423282451871,4.92582962260941e-05,-8.17637271776076e-05,5.04081286661305e-07,-2.7226370235321e-06,-6.37823114337221e-06,1.01286674970762e-05,-3.87540308326095e-06,1.21703589438052e-05,-3.04345484586039e-06,-2.78481686641279e-05,1.17130424967153e-05,8.30945470850181e-08,-0.000101667686150929,1.11102290697729e-05,-4.28907129416635e-05,-5.29787695425511e-05,1.78221549385549e-05,0.00027888906063799,-8.62041897736023e-05,-0.0176701625355714,1.76324139109441e-07,4.45273798725248e-05,-1.01624627526112e-05,-1.25305237589633e-06,-0.000147200013382333,1.45033355563907e-05,-2.55321399303821e-06,1.18198393077914e-07,5.95887755301937e-06,-7.61381460723333e-05,-3.05450878335721e-07,-1.76257187859634e-05,-2.07026649725791e-06,1.04612001829093e-05,-8.71461279889292e-05,-2.32959440529514e-05,-5.03810804582973e-06,4.32855565212122e-07,-6.87620193005353e-06,2.36214964611616e-06,-1.02843800040429e-06,2.14676682129915e-06,-5.55147157537225e-05,2.58337207382206e-06,-8.75347332993008e-06,3.98933968032611e-07,9.87385837700644e-06,0.00236170910296045,4.67237110279791e-06,4.67138454619224e-06,-1.2933616258265e-07,0.000588488601798176,-6.84019475495991e-06,7.19024385971897e-06,-7.03132868142037e-06,1.66910193973639e-05,-1.17085999299168e-05,1.37833467261356e-05,-1.22370576667768e-05,-3.35191745570831e-05,2.01034640891906e-06,-1.90083147179475e-05,1.92145144236894e-06,-2.89104566648527e-06,3.79144857347189e-06,0.000124251202414614,3.78940208923524e-07,6.18558454064579e-06,-9.59096273796169e-07,-1.01146213186396e-06,1.87217088708658e-09,-2.0524391491708e-07,3.29882463496782e-08,5.82349487923343e-05,-0.00011708510528537,0.000374975117633586,6.79381762744307e-05,0.0199380017246713,0.000435078352322181,1.96936426512273e-05,1.03415412849933e-05,-1.36946876341193e-06,-3.09658216259624e-05,3.28215439114508e-06,2.00246049769205e-07,-4.28211180680849e-07,-1.20877339338223e-05,-1.89565743757184e-06,-7.20598350325733e-06,1.44301683946419e-05,-3.34699959391436e-06,-2.8200592214287e-07,4.1333890146338e-06,-2.70574953889484e-05,-5.91637939786301e-07,-1.90502228939321e-07,-1.46840990580445e-05,1.53978386111981e-06,-5.93134897514176e-07,-1.51603217757449e-05,0.00069392687093157,-6.83962563548692e-07,-8.88903328477341e-06,-1.61072641789953e-07,-8.12789387181814e-06,-1.33840685008712e-05,3.83898057315402e-05,6.98614419602893e-06,-1.32324411829043e-06,-3.02743258284689e-06,-1.484657442806e-05,-1.99955019576212e-06,-1.58168604514657e-06,0.416280775670531,-4.65073197362981e-05,-0.000285901006698626,0.000791440648389921,0.000213354296739737,-2.9476088064328e-05,-1.44053844574522e-07,-2.95334963863048e-06,-7.95875005292906e-07,-8.54907809165613e-05,1.59128096081537e-05,7.09386367324907e-05,-0.000111830435387686,-1.63145859527152e-06,2.79014528885257e-06,1.08536299814532e-05,2.49396749852899e-08,1.76565478647691e-06,-2.36496421938584e-06,-4.31516856669097e-06,-3.99890928373553e-06,2.4935123981493e-06,1.00011835391692e-06,9.95387697920066e-07,0.000162353873714561,-2.60159246546855e-08,-5.86799494509564e-06,-6.69011697188383e-06,-4.41241362664357e-05,4.27095375688455e-06,2.97286456630362e-05,-3.16411277676441e-05,-2.61935811616318e-07,-0.000131306544485374,5.71368239299683e-05,-0.000154886171345364,-1.48290213619617e-05,-1.60927107426369e-06,-0.00110246636980729,3.02113809135128e-06,1.46468980905187e-06,-3.23902463159967e-06,-2.05217608030798e-05,-0.000126710239138228,0.000790911219665242,0.314873042446621,-0.000432893444938223,2.09699413359717e-05,0.000809166746209321,8.34835939712376e-05,2.3888662888949e-06,2.13636710796512e-06,7.73527845379819e-07,-1.82756954535511e-06,-1.49607172149604e-07,1.34671880870557e-08,5.54549084854298e-08,-1.63778589670833e-08,-7.02465983872994e-08,-2.46135835135717e-06,2.76037709023896e-16,-3.99823738101751e-05,6.73350088349666e-06,-1.24406981280653e-06,-4.74755885560075e-06,-4.4759950215064e-06,1.00766111245878e-06,-1.07962186685925e-06,7.7810365786017e-06,-9.73558963876875e-08,7.40919339405143e-09,-2.61275084812099e-06,3.75014054358531e-05,-3.13078320451754e-06,0.00416805166993889,1.83432571826233e-06,8.94136435212147e-08,-6.6453009787081e-09,3.3700682619931e-07,-3.42729460956274e-07,5.41338851675138e-06,9.37018173052911e-07,-1.83064619339501e-07,4.04886454060068e-06,-7.86458188848033e-07,8.64059563678699e-05,-7.28159851982306e-06,4.38020098981001e-07,-1.49125532241567e-07,3.35235310419217e-08,1.22952736277235e-05,-5.18523010201261e-06,1.8888419540671e-07,7.54786340838135e-08,-1.6342117000082e-07,2.63177455410151e-06,-3.14187354216595e-06,3.73359464643648e-06,-9.59630618576363e-06,7.44900902887706e-06,-5.44000538357835e-07,6.73591953228933e-06,-4.6002398251569e-07,1.33963182415851e-06,3.50018286908707e-16,-3.32226337164428e-06,-1.13948223912263e-07,-1.99273859492729e-10,-1.75065085142157e-06,1.68613929326072e-07,-1.05588397349013e-07,-4.66115663216238e-07,1.31484524114091e-07,-0.01894401331642,-2.89999859421445e-05,1.24988735642877e-07,-1.57521199338943e-07,2.06043042305709e-06,-2.51060089520634e-06,1.08069622041357e-05,-1.29865522782001e-06,2.86608300499689e-06,7.65783487891135e-08,7.72952679870663e-08,3.37194864563773e-06,-0.0024601496367871,-1.06180039162035e-08,-1.24653765846843e-06,2.23503815179848e-06,-8.42998912544124e-06,6.26709377991506e-07,5.82051470718652e-07,0.000462598899108275,-1.19208118986809e-06,-5.59561803755125e-07,8.77609882931918e-07,-3.07613049180135e-06,7.62779115366834e-08,7.12889625705642e-07,-1.39391371519033e-06,-2.17740580056591e-16,4.27567274308299e-09,3.41382618651082e-06,-3.09819976362837e-07,1.2064915460918e-06,2.03906154207781e-07,3.15325804646878e-07,7.32415738801424e-07,-1.07299451188981e-05,3.99752335530114e-06,1.34337917085025e-16,-3.07936389457162e-06,-3.73413564187631e-06,-1.05142790201972e-07,6.61876410897591e-07,7.93610170052488e-07,-5.3675193843427e-08,-2.05947556222312e-06,5.50341664973406e-07,-3.47439258892748e-06,3.49678576190335e-06,-6.9602151011706e-05,-1.29249169250401e-06,-6.84825424860869e-08,-1.28629687311688e-08,-1.29487485875566e-06,1.03162156327025e-06,-1.41110938680529e-06,-2.07889604038058e-16,-5.56720609404835e-06,4.39297437799299e-07,1.26609860069121e-08,1.12885018596688e-07,-2.79686526302834e-06,-6.027860326902e-06,4.11956931309656e-06,-1.50135997924645e-05,-5.64308928489672e-07,-1.28846256486533e-16,-1.05132359928736e-06,-5.52872366226649e-07,-1.37657232441268e-06,5.69286900019215e-16,2.70364538059238e-06,5.2277346303e-06,-8.02713370233982e-07,-2.29053665284534e-06,-7.83661075571242e-07,-4.29044929530227e-07,-1.56630703208854e-05,5.08057051662939e-07,0.000469015376622411,2.84965821555745e-07,1.22947966286743e-06,2.37356429589432e-06,1.25259196941252e-16,-1.88164774103217e-06,6.30049757185538e-06,0.0384818486830078,1.59104372868936e-06,2.24560243127055e-16,4.48781014774626e-08,6.24287120667695e-08,-1.423894636264e-07,-1.30103872139499e-05,-3.66892440934413e-07,5.63919300153127e-07,-6.23070651651902e-06,9.81943211535556e-07,7.62562736728658e-17,3.78303466608768e-06,-9.62326283758497e-07,2.69868255270893e-06,4.78869318437679e-06,-4.8697683463148e-07,-3.27740169949123e-09,-9.55832635263221e-16,4.67564062874038e-16,-3.20931517386728e-09,-5.48645009643545e-07,7.24319251085344e-08,-5.57430531521249e-07,1.7739752186229e-15,-2.70019108028658e-07,-3.21643926417262e-09,9.7592356374037e-17,5.85440043082577e-17,9.09314181113715e-16,7.01824485578334e-07,2.08024817592656e-06,-0.000281904563207372,1.77126350859407e-06,8.84832501813865e-07,1.84424136182549e-06,-1.06125583642367e-06,-7.65255797529113e-16,-2.37091606444202e-07,6.70678089286253e-07,4.94951516534886e-16,-2.25559030351439e-16,-4.33946215283297e-07,-1.77948260812184e-10,-2.61843293752515e-07,1.08477331262529e-06,2.66384493357627e-07,-7.56261204084275e-08,-7.5513704679288e-16,-2.56150490990707e-07,-7.87142525939132e-16,-9.00680542752844e-07,-8.88937361220865e-16,-3.29056167592421e-07,-9.20189801194814e-16,0.00609218359247673,1.28530982621763e-07,9.84349542408185e-08,1.30921615802924e-06,8.6268946251377e-07,-1.00675029233543e-07,6.46491222694359e-07,1.73843657111598e-07,8.45864715013499e-07,7.85787966904387e-08,2.37935906500818e-07,-6.83797061227986e-07,-9.01588759024799e-07,-7.42757391697107e-08,-3.40863431636246e-07,6.80579442770095e-16,3.27309897569009e-06,-5.79473323964929e-07,3.02326216220253e-05,1.50965165733759e-16,4.48005742270185e-08,1.28045230244511e-06,4.69730856636984e-06,3.30504228071221e-16,-1.52815072170328e-06,-6.51322715068668e-07,1.44758756968133e-15,-8.89614457648075e-07,3.45777114707322e-06,1.33736805769455e-15,-3.72707217906975e-15,-1.49807032261883e-07,-6.18310318259499e-07,-3.85594504787726e-09,-6.06734026022714e-06,2.44487440869787e-06,1.0010343353339e-06,7.86824245897501e-07,0.393092162908227,1.56998349215908e-05,-1.04748024490342e-14,-2.96576213732945e-08,-1.46005714658724e-08,-3.37613598097864e-08,-2.61402577645187e-06,-3.57994814038838e-15,2.28193503210826e-16,-6.82849030033735e-07,-1.23355053765076e-16,-1.87881254801569e-15,-0.000125696819124061,1.26445695221129e-06,3.12719052513035e-07,8.46934853874062e-09,-4.99018078412502e-06,-9.51004838906195e-07,-2.45440705658157e-08,-7.09815818467065e-16,-1.58790652043329e-08,-4.34530981830258e-10,-1.55580535531857e-09,-6.0003154864898e-09,1.83756576230817e-07,-9.86165794801507e-16,1.30048786924933e-16,2.51073752205953e-15,-2.38764196040604e-08,-1.77943657489924e-08,-7.91213169734632e-08,-1.0587932057522e-14,-1.55215178084382e-08,-1.64189456842862e-15,1.77226119378012e-16,2.65116831710105e-06,-5.83763312463855e-08,1.03476255342017e-15,-1.51220753363716e-07,-1.06150824153663e-07,-3.16499356596607e-16,2.28826719295585e-05,-4.29285390579372e-16,7.07614848078982e-08,-4.30251103995104e-16,7.0898646606372e-08,6.15703707933448e-07,2.96130771218827e-08,2.11535787009553e-08,1.4682019848042e-07,-1.00811014159885e-07,2.19965676870485e-07,5.89106530428035e-16,2.00580726969815e-06,-1.13725693565389e-07,1.34568921740537e-15,-1.50710216440604e-08,-2.34442176162439e-07,7.27454332732093e-08,3.70690222951437e-16,1.81247266455325e-07,3.18810979016819e-07,-3.90606345977104e-15,-6.0583037740212e-07,-1.34434046975705e-07,-9.37320213834476e-09,2.2259990818503e-15,4.19725864326123e-15,1.29757664352503e-07,4.01154454053358e-08,3.25176379538802e-09,-7.17804385325628e-08,2.4836358455263e-08,5.57575650397635e-14,0.707106781186547,9.09939846351714e-08,6.27813585049316e-10,7.42902815426699e-14,2.21288552957059e-07,-8.04759394141549e-15,1.52347065765556e-07,-4.28839559639581e-08,-2.50691162025652e-08,-1.66520031666786e-07,3.31143362136501e-15,1.22439938772245e-15,5.14355957222946e-16,5.38280786119904e-16,-1.80016202232611e-08,-6.25219169426315e-08,-3.96061918033657e-15,2.36080089569697e-15,4.76679283419375e-16,8.84037905382009e-08,7.95988587804352e-10,-4.40550489860602e-08,-8.99166632854594e-16,-2.02862357988332e-15,-1.32644004287308e-15,-1.45222543552157e-06,5.88541848156373e-08,-2.43044723055815e-15,1.03883277356279e-08,-2.72444806354044e-07,-6.06776825765649e-16,1.58201525207881e-15,-1.43153789788398e-07,-1.46743649800372e-09,-7.12274420685366e-08,-1.96061535260078e-15,8.07313966793381e-08,1.18160462462621e-07,1.28102275321481e-07,-1.25578706018593e-07,-0.00156501375579173,6.36777435307543e-09,2.26044050722774e-15,1.21248787037479e-15,-3.13372997346136e-16,1.27812484331438e-07,-1.15753996434125e-07,-3.30438718061095e-08,-2.62321929035105e-08,-2.65541646280526e-16,1.14325861286913e-16,8.17507414553945e-16,-3.36704137791989e-16,-1.5141879424367e-15,1.66956793982141e-07,4.15216381197131e-16,4.06843292186312e-16,-2.04867327302387e-08,5.87056633028318e-16,-1.83418045273136e-08,9.10952749400111e-16,-2.27453169835947e-08,-6.00727166987407e-16,-2.76750550873963e-08,-3.4672761507702e-09,-4.19138725000662e-07,-2.34999655240766e-16,1.11702302709454e-07,-5.26129129597378e-17,1.59165403262919e-07,-3.72290094676483e-07,1.55760706660954e-09,-3.5471046159192e-16,2.27647316915472e-07,3.46602739714827e-16,-5.61247742806693e-08,-3.16837036078605e-07,-6.0225247905223e-16,-1.94317075484203e-16,-7.47624512002653e-16,-3.99766840076724e-16,-1.06625185122896e-09,-1.38936725192955e-08,-3.10469647351065e-09,2.62411243484558e-16,2.12007217256131e-16,-4.35709957653279e-08,3.55470659973729e-07,-4.95609533950667e-16,-1.79351150802959e-16,-1.42602845489451e-08,-1.08573014569027e-16,-1.01146951903883e-07,1.60900896869432e-15,9.57338913130477e-07,3.91744242596652e-16,8.01812639824163e-16,-4.42905073823364e-16,1.55256880392939e-16,6.91150587033779e-16,-1.47943624316657e-16,2.44469775727567e-08,-1.70982582176113e-07,-2.88046280241455e-16,-8.59352220629709e-08,3.2710866901593e-07,1.32887786459445e-16,9.8868335834986e-16,-1.0798255376772e-16,9.77156172031343e-17,3.23408372885273e-08,5.17545228837374e-09,-1.43657372609934e-15,4.34146517006988e-16,-5.88134702108557e-08,-2.09819119529246e-07,-4.20312383623633e-09,-2.71875350683363e-16,5.15505055421257e-16,3.19615598289012e-16,2.18476895102814e-16,-4.48944594206727e-17,8.52922043053495e-17,1.24607269584944e-07,-1.17908873913938e-07,-2.26819727763331e-08,-3.07926749716744e-16,-1.78613561915904e-16,-1.98128957514441e-16,-2.8844525883712e-16,-4.00924374075132e-16,-5.32563461897401e-16,5.86989139757388e-16,7.35251159176903e-17,5.75523114457218e-17,-2.77539600678013e-16,2.69597275196289e-20,-3.95290646807034e-16,7.22926282730726e-17,4.14599551845175e-17,1.65674373576702e-08,-1.96503632270891e-16,-1.10182815343772e-16,-1.43171302299362e-16,2.34698576501606e-07,-2.13751384713242e-09,-1.00043288145076e-16,-6.05896927945641e-09,2.1474842144661e-07,1.03243343224793e-16,9.48243966315069e-16,-3.13426143680189e-07,-2.29921841674801e-16,5.3005953931628e-09,-1.60731140316248e-16,2.52862776806623e-16,3.31338029759485e-16,1.01250725583814e-17,3.92946290650835e-09,-5.39670666401965e-07,-5.23576125900645e-16,-1.6620825002697e-16,1.08764370770417e-16,-8.58344119060344e-16,-3.99203239909163e-16,4.00838633029921e-16,-1.94576337996148e-16,2.87836760964811e-16,8.64474788628834e-09,6.1371657394148e-17,2.6303643981587e-16,-4.38419128408997e-17,4.30801097212048e-16,-1.23047374178063e-16,-1.77142665528523e-16,-1.29105425326798e-07,-1.09345864434914e-16,1.86820455976059e-16,9.6278721137455e-08,-1.35255545390047e-16,-7.78369130569893e-16,6.26765294942547e-17,6.68585992167261e-16,1.06446534951126e-07,-1.51896252592854e-16,-5.94370563653969e-08,-3.74592681567667e-16,4.02752939540539e-16,-1.94213161303118e-16,-3.1880054321518e-16,4.7634426818095e-17,-2.64454215351816e-16,2.14956509347743e-09,-6.17873450573864e-17,-1.34105422177378e-16,1.60478047278039e-08,-2.68525512015211e-07,-2.06843143622092e-16,1.88210911116119e-07,2.75705936188445e-08,-8.72386916692921e-17,6.173413018852e-16,-3.05329371368752e-16,4.39198152972209e-16,1.38324977222009e-16,-4.64238898398877e-08,1.65008934150115e-16,-3.49127847639413e-16,-6.07255037254543e-17,1.85972303160674e-08,4.73858376144768e-16,-3.9310142414962e-16,2.02111943476805e-16,-1.75665264482151e-16,-8.47980971630087e-09,1.1834108864514e-15,3.37479115368499e-09,9.95783594982479e-17,8.4415102410501e-18,-9.99040922995896e-17,3.3673078663155e-17,2.10934037396498e-16,-1.18682998394959e-16,7.76166009606425e-17,-5.86212554954697e-08,3.15737275219082e-16,6.28275831375091e-16,2.46520005646451e-08,-1.43269220382214e-16,-7.63156237140235e-17,-9.61819183102493e-17,1.83389172211138e-16,-1.14693860999986e-16,2.95323157733784e-16,-1.35262149532096e-07,-1.19839792400129e-16,7.97189815918961e-17,5.32827424988451e-08,2.30026489775382e-16,2.84192321356205e-16,1.07170505801137e-16,3.55697459737843e-16,-2.0636135819879e-16,-1.59845233162837e-16,6.56624136393262e-17,3.70010358598136e-17,-5.6912054500282e-17,-1.23261446572779e-16,-2.65329981492295e-16,-2.79938145347501e-08,9.28445847503953e-08,-6.48965773611922e-17,1.21842331345385e-16,-1.40717926058425e-16,3.59008464805135e-16,-4.43438688546571e-17,-2.47323679078905e-16,-2.00540318503895e-16,-6.44608916869586e-16,-6.08966741241263e-09,-3.45425504648093e-16,-2.02036698666863e-16,2.14263887163638e-16,-1.3955889571268e-16,7.80379930008352e-09,-3.0636842777869e-16,-1.63774501814041e-09,-1.17707807512343e-16,2.08600671619715e-16,2.21527876311075e-17,-7.09425744255009e-17,2.86675030158413e-17,8.76496696468661e-16,-6.65155128008177e-17,1.3773979193897e-16,9.04514406502173e-17,-1.9154164237625e-16,-4.76068921015621e-17,5.51446221284739e-17,-3.00036499353261e-17,-1.33781805883595e-16,-2.69111058961029e-17,-3.40161174305402e-16,5.8747591736349e-17,-2.27051411280181e-16,-2.92918455431202e-16,-1.71523286884538e-17,-4.46203404086409e-16,-4.15929461709081e-17,-4.07279426776261e-17,-1.88020815185258e-16,1.61413968587205e-16,5.91297683513574e-10,-6.1510556249984e-17,-1.72712608196933e-16,1.71155013185031e-17,-2.80561216587758e-16,-1.10609048056381e-16,1.60158293355897e-16,3.45401489039964e-16,6.43260451342579e-17,-1.15317456931728e-16,-1.31168838073735e-16,-2.8162151430311e-16,-1.84452772174819e-17,1.7220929957019e-16,-2.64179633804423e-17,-9.16810465984835e-17,1.36599223925238e-17,8.73829600914739e-17,-7.62772685024348e-09,4.37326725626436e-17,-2.72765384512906e-16,7.51637775405644e-17,-3.27386511613711e-16,-1.45914132630532e-16,-5.10106549718093e-16,5.80846077840212e-17,5.75828444419713e-17,-2.0457856974982e-16,1.61988430318752e-09,2.73407948968522e-16,-1.02179546386886e-16,-7.00311486941927e-17,-2.18075598877939e-16,-1.38745114094697e-16,6.67667420596357e-17,-8.00054272165675e-17,1.64159906656137e-16,-1.61014547354014e-16,-2.29062337491786e-16,3.17909835444942e-16,1.53752891117662e-16,-5.52450506555473e-17,8.1909352492153e-09,3.61811027075328e-16,-9.70445166557017e-17,-1.0555778439544e-16,-5.34511671035354e-16,-2.46795119148378e-08,-4.35772235487156e-17,3.65189116856255e-17,5.15445615601253e-17,1.2336463656165e-16,-2.77367345408077e-17,3.411460915009e-17,1.56430631164701e-17,-3.90099653383676e-17,-1.43977740769754e-16,1.56249957302897e-16,3.98848114360097e-17,1.26572983365979e-16,-7.36241102977039e-18,5.36568527608889e-17,1.31996679476606e-16,1.27215211916085e-16,-1.23214984109549e-16
"t486",-0.00773419491637384,0.0229723379796332,0.0262802469335085,-0.00820214821447898,-0.131304104530524,-0.029097150665309,0.0187461660829828,0.000300125796805903,0.000994877896718919,-0.00217319001604775,-0.000588681782767914,0.00351857457598352,-0.00515876342535585,-0.000502139140012627,-0.00349365304580579,-0.000968694941787179,-0.000902088752955446,0.000378615197593108,-0.00033607134053578,0.000245845336791782,-0.000908735102483412,0.000189107701372782,-0.000395884207251163,0.000819430126203772,-0.000128663602362233,0.000299068988841233,-0.000372508627521162,0.000344070493546885,-0.00296004928588006,0.00748080814789727,-1.78133144550646e-05,2.48947383596458e-05,-0.00106469874270987,0.000169750258829773,-2.12250034952605e-05,-2.18752531027601e-05,-9.93825245293073e-05,5.65770174258299e-06,4.43599014323454e-05,1.12794020481397e-05,0.000493090889848147,-5.02552952380713e-05,4.54457934139537e-05,-3.8167113724342e-05,0.00016248315432154,0.208285506644634,2.20414105625039e-05,-0.000260523092842426,0.000143295438745422,-0.00023696568908317,0.000222537213947805,-0.000133372748238672,1.85465974492107e-07,-6.18915583314589e-05,2.07473091195283e-05,-0.000216847726339315,8.46690870718092e-06,-0.000591729446883933,0.000202067023426347,-4.64307437514295e-05,-6.81771670911398e-05,0.000116475992511698,-0.0716065542562249,-0.00903692295085506,4.86740332584694e-05,-8.07694365731409e-05,4.97616739335041e-07,-2.68690437760352e-06,-6.29363436501497e-06,9.99178225420829e-06,-3.8178583329373e-06,1.19771819457901e-05,-2.99466512162298e-06,-2.73926175030697e-05,1.15209545714335e-05,8.17200524173081e-08,-9.99802229259274e-05,1.09227365902906e-05,-4.21398685641402e-05,-5.20377916066357e-05,1.7497816599497e-05,0.000273787196831569,-8.45672659200972e-05,-0.0173309111611856,1.7277954802495e-07,4.36212429915721e-05,-9.95310993812777e-06,-1.22718785516931e-06,-0.000144160065212113,1.42034286666985e-05,-2.50017334671919e-06,1.15635967843676e-07,5.82919912885421e-06,-7.44384823053995e-05,-2.98336063112926e-07,-1.72125843872469e-05,-2.02172674757259e-06,1.02120301082888e-05,-8.50583729260233e-05,-2.27256461944371e-05,-4.91261819452263e-06,4.22057462687901e-07,-6.70437198595129e-06,2.29854647658359e-06,-1.0005961971009e-06,2.08840537154122e-06,-5.39942600035207e-05,2.51247159036029e-06,-8.51235674933675e-06,3.87884608236185e-07,9.59989089419338e-06,0.00229548396366026,4.54118791352129e-06,4.5366068378365e-06,-1.25583164381074e-07,0.000571198497611861,-6.63811092533938e-06,6.97459443752425e-06,-6.8174086320983e-06,1.61777669151685e-05,-1.13463858720021e-05,1.33481099866873e-05,-1.18455652420023e-05,-3.24462834540145e-05,1.94587847551065e-06,-1.83906293532823e-05,1.8589444956453e-06,-2.79593212541298e-06,3.662712050286e-06,0.000120030856936891,3.66036474828186e-07,5.97056068757856e-06,-9.25622457820076e-07,-9.7605857286763e-07,1.80586570771574e-09,-1.97963166412781e-07,3.17891108202367e-08,5.60768591852584e-05,-0.000112632681308161,0.000360705564913736,6.53415181259277e-05,0.0191742630235092,0.000418353019389065,1.89355504265896e-05,9.94344407077405e-06,-1.31623904028781e-06,-2.97390987519788e-05,3.1496325183251e-06,1.92122752191888e-07,-4.10660448684928e-07,-1.15919002350913e-05,-1.8175946220417e-06,-6.90856266263643e-06,1.38330259556634e-05,-3.205190843467e-06,-2.70013012320761e-07,3.95714414575179e-06,-2.58345613363849e-05,-5.6452697376764e-07,-1.81754406844996e-07,-1.40019948056742e-05,1.46808974683152e-06,-5.65111524274765e-07,-1.44427898088887e-05,0.000660618165263775,-6.5068775427714e-07,-8.43976164347117e-06,-1.52920874174911e-07,-7.71640723174538e-06,-1.27030063129858e-05,3.64246217321185e-05,6.62821526922532e-06,-1.25465043876007e-06,-2.8699236022225e-06,-1.40680537999192e-05,-1.89449636743609e-06,-1.49850437541507e-06,0.393989328894784,-4.39706330925052e-05,-0.000270257754468715,0.000748006725640504,0.000201541938256216,-2.78386226952549e-05,-1.36024868078098e-07,-2.78822993997693e-06,-7.50914230118616e-07,-8.06488313868382e-05,1.4991574080773e-05,6.68288496926921e-05,-0.000105304403601848,-1.53434868810086e-06,2.62134822923812e-06,1.01933479850234e-05,2.34099044012313e-08,1.6566864939229e-06,-2.21634850545568e-06,-4.04294488109335e-06,-3.7445616375873e-06,2.33426542535434e-06,9.34230014324999e-07,9.29716133245312e-07,0.000151502887702387,-2.42550745579651e-08,-5.45880879777717e-06,-6.22353932592773e-06,-4.10384830522149e-05,3.96979702334063e-06,2.76203669828091e-05,-2.93631264554867e-05,-2.42726630663619e-07,-0.000121534842075117,5.28655874456489e-05,-0.000143072311442651,-1.3685367257077e-05,-1.48512368528798e-06,-0.0010166856550329,2.78096269601735e-06,1.3477718103075e-06,-2.97481111454332e-06,-1.88227914337496e-05,-0.000116166546888843,0.000723715157133191,0.287989595497234,-0.000395734737566695,1.91404261594566e-05,0.000738340522080616,7.61704482827053e-05,2.17589689135832e-06,1.94388502597746e-06,7.0301593856984e-07,-1.66009431126557e-06,-1.35822589472368e-07,1.22200152732599e-08,5.03119370765334e-08,-1.48387241567941e-08,-6.35907335641929e-08,-2.22607335666831e-06,2.75331332112288e-16,-3.61118885244711e-05,6.0800268891271e-06,-1.12123242657053e-06,-4.2725662645812e-06,-4.02330803641435e-06,9.05683778086833e-07,-9.68166892245153e-07,6.97508557034332e-06,-8.72564506035813e-08,6.63495590607595e-09,-2.33838104459428e-06,3.35279195235569e-05,-2.79774452514596e-06,0.00372395001974413,1.63713452955736e-06,7.94410075463703e-08,-5.89450707124892e-09,2.98522268140575e-07,-3.02678255748665e-07,4.77974864388686e-06,8.25574046799465e-07,-1.61097144397807e-07,3.55682417686881e-06,-6.9049654403953e-07,7.58182665518166e-05,-6.38411810089385e-06,3.83564271778548e-07,-1.30567598720251e-07,2.92597130768417e-08,1.07306737888141e-05,-4.52502960830718e-06,1.64692862480108e-07,6.5790537525253e-08,-1.42298849394854e-07,2.29117609520301e-06,-2.71802120375782e-06,3.22762519764326e-06,-8.29115149408308e-06,6.42752161746843e-06,-4.6890936143686e-07,5.79226781840359e-06,-3.95301001431511e-07,1.15051245495952e-06,2.38858294679022e-16,-2.84776341397502e-06,-9.76487498594889e-08,-1.70627135424738e-10,-1.49601018364701e-06,1.43840256130537e-07,-9.00006761464984e-08,-3.97142053701694e-07,1.11430798878938e-07,-0.0160490972574069,-2.45660488595347e-05,1.05708878257884e-07,-1.32607451278833e-07,1.73313977093917e-06,-2.11060420315042e-06,9.0680568700385e-06,-1.08169433037816e-06,2.37968502326982e-06,6.35704844712494e-08,6.41620514620514e-08,2.77642082911101e-06,-0.00200587023196528,-8.64618015989295e-09,-1.01311936752479e-06,1.81228479630665e-06,-6.83053641217885e-06,5.04694164411734e-07,4.68510530982826e-07,0.000372037717169315,-9.58143222441287e-07,-4.48869626977099e-07,7.02459074469177e-07,-2.457161388703e-06,6.08745910575845e-08,5.68056051125021e-07,-1.10703991622966e-06,-2.50962639830487e-16,3.32385844543627e-09,2.64790649325914e-06,-2.39492219493323e-07,9.32528635441346e-07,1.57587454451068e-07,2.43491986614651e-07,5.64662329966154e-07,-8.25652359604061e-06,3.06395200683179e-06,-3.19872333200711e-16,-2.33843067119456e-06,-2.8323206073722e-06,-7.954786119491e-08,5.00603133488432e-07,5.96406593661745e-07,-4.01923474432261e-08,-1.53417788985992e-06,4.08485328756612e-07,-2.55823653506986e-06,2.55524318793098e-06,-5.06092255965419e-05,-9.37135394961308e-07,-4.95657948801784e-08,-9.28020484799162e-09,-9.33878490663436e-07,7.42317018770948e-07,-1.01356665287046e-06,2.58188924609213e-16,-3.94421111625167e-06,3.10316907749502e-07,8.94338017208389e-09,7.90623253168099e-08,-1.9563013844205e-06,-4.14718956462979e-06,2.82047776916081e-06,-1.02691149324898e-05,-3.84549096114522e-07,3.5892946945077e-16,-7.13354181699576e-07,-3.74534510032444e-07,-9.26849283782878e-07,7.75622899672678e-17,1.80809999958706e-06,3.49047004611694e-06,-5.3550725733071e-07,-1.52540001726214e-06,-5.20347606561693e-07,-2.84248184290284e-07,-1.03587583646221e-05,3.34236613963994e-07,0.000308357521084063,1.8666375973389e-07,8.00068813429891e-07,1.54404275594666e-06,6.45885534260014e-17,-1.20783780185522e-06,4.03472805900533e-06,0.0245130680941297,1.00523305789955e-06,-2.39991795795885e-16,2.78386076535287e-08,3.78888539537508e-08,-8.55346124772631e-08,-7.77732784423064e-06,-2.18019306652118e-07,3.31334464973398e-07,-3.59169293903161e-06,5.37574911438319e-07,6.14316428471477e-16,1.96682035975758e-06,-4.97918227454133e-07,1.38213795257996e-06,2.41706023376038e-06,-2.45518543746241e-07,-1.64540968489098e-09,7.11236625150491e-17,-3.0098182713796e-16,-1.5713203406447e-09,-2.62516162115957e-07,3.45553653034793e-08,-2.60207722469601e-07,6.42359973594604e-16,-1.1972362465816e-07,-1.39133428543151e-09,-7.91091941983411e-17,-6.77744654749242e-17,3.66067106563169e-16,2.785279528204e-07,8.15662634304048e-07,-0.000105787901242242,6.38524732555938e-07,3.17415951804295e-07,6.31447468880267e-07,-3.61323014383704e-07,5.69213435204421e-16,-7.24132542305805e-08,1.96143533199153e-07,-1.24385109525657e-15,-2.73341449789582e-16,-1.03360473730913e-07,-3.98986289997031e-11,-5.36500067976526e-08,2.07786269285628e-07,4.39648193033246e-08,-1.21487055612587e-08,4.39112767229459e-16,-3.95928444879919e-08,-1.44073870962152e-16,-1.2313543116725e-07,-2.4573442239384e-16,-4.05395616818543e-08,2.62572749850808e-16,0.000643014199800626,1.30990490765148e-08,5.08296131087223e-09,5.28494310530388e-08,3.07098684566366e-08,-1.45098766436043e-09,-2.95561239879867e-09,-8.85438676612733e-09,-4.34430746735287e-08,-5.20993936036628e-09,-2.24990074948291e-08,9.18379841770714e-08,1.52884841157511e-07,1.47515583462058e-08,7.27153374953087e-08,-8.99926020943174e-16,-8.53833442945287e-07,1.79419010426461e-07,-1.41025044281256e-05,5.74256230881441e-16,-2.32043093651746e-08,-7.70538910746895e-07,-3.00641710755703e-06,-2.85978905062664e-16,1.00910803989618e-06,4.85548047242994e-07,-3.34271009919293e-15,7.03034419083015e-07,-3.83599710736196e-06,-8.0330083047965e-16,8.90365379256143e-15,1.89310985752781e-07,7.90548312220115e-07,5.2079804993603e-09,8.74190301273069e-06,-4.08374207291524e-06,-1.69380174884928e-06,-1.35597598747645e-06,-0.83105672120096,-3.95701567120481e-05,2.36683502657931e-14,8.0116397891002e-08,3.99218711120819e-08,9.63642589286085e-08,7.86501841431248e-06,6.19107145721258e-15,-1.01578110178857e-15,2.21294210916969e-06,-3.2358627050094e-16,4.06354315278002e-15,0.000704880836496621,-7.96801876454961e-06,-1.97564378467134e-06,-7.18583497941873e-08,4.43059201088987e-05,8.52781043890052e-06,2.35105266031751e-07,1.35679683889588e-15,4.6000042179073e-07,2.0833674334056e-08,9.46713574194756e-08,-1.20458475722174e-06,4.41524300788007e-06,2.79787140533144e-15,2.86408501301386e-16,-4.74138183264001e-15,-2.66795525971294e-07,-1.63819276715566e-07,-7.19012577584258e-07,-6.1629283081022e-14,-1.21607977369561e-07,-9.03443418389508e-16,9.14828188982551e-16,1.34671079878177e-05,-2.95342907541051e-07,1.196959198424e-15,-7.10471374033738e-07,-4.7942606776447e-07,5.78937140021357e-16,9.60095932837494e-05,1.89008278176938e-16,2.74564647879602e-07,-6.31155238208782e-16,2.73303544879607e-07,2.36156701396124e-06,1.12946524986632e-07,8.00598179666396e-08,5.46289209687618e-07,-3.53353465745688e-07,7.16188728359629e-07,6.30206191084776e-16,6.03307811899345e-06,-3.39418785819309e-07,9.96572065258685e-16,-4.45257408183527e-08,-6.80302516819753e-07,2.07816742704917e-07,-2.36427478951379e-16,4.92659890056387e-07,8.58606181645514e-07,3.67660411980419e-17,-1.61212318963556e-06,-3.55660350058965e-07,-2.42845423138447e-08,-1.65676883443304e-16,-7.05983199896015e-16,3.21124501483999e-07,9.74945914904339e-08,7.87435893459206e-09,-1.62040541160168e-07,5.54911315152314e-08,3.19879397027664e-17,-4.6384788970512e-16,2.01897053267779e-07,1.39106827746287e-09,-3.59127610712867e-17,4.84986128005693e-07,-3.43507649896001e-17,3.30330819523223e-07,-9.16723455384034e-08,-5.35368172614767e-08,-3.5424540971599e-07,-7.84044967634976e-16,4.43303290073684e-16,1.31147982850795e-16,-3.22118030972451e-16,-3.70537985775229e-08,-1.28361897098713e-07,1.44587142523964e-17,7.95385949169298e-16,-2.34812008081742e-16,1.79846569990069e-07,1.61305999836068e-09,-8.83580503765824e-08,3.16842745431739e-16,1.23496048456961e-15,-5.88748884713941e-16,-2.81825925546787e-06,1.14092344720668e-07,9.77279542389792e-17,1.98989596818389e-08,-5.19422714643909e-07,1.5844042859873e-17,-7.01954466046875e-17,-2.69988349206028e-07,-2.76523129347196e-09,-1.33394323500378e-07,-2.4313036017703e-16,1.49679899917928e-07,2.17893639683687e-07,2.34489424511718e-07,-2.27628406609049e-07,-0.00282950104963282,1.14580275346883e-08,-4.61977479632171e-16,-5.96681181315307e-16,-5.42000865955809e-17,2.24136410038146e-07,-2.02913643736778e-07,-5.77447582973948e-08,-4.51479955054258e-08,5.94383936878274e-16,3.21524427035096e-17,1.23646568364676e-16,-1.74844509634098e-16,-8.06943897492912e-16,2.83040691836209e-07,3.85257679285515e-21,-3.65231954560424e-16,-3.45337958663823e-08,-7.28496916201904e-16,-3.09088748310522e-08,-2.1131733556538e-16,-3.83101386834794e-08,7.83606347955069e-18,-4.61689950414272e-08,-5.77140698415405e-09,-6.95322113719815e-07,-3.69088513719319e-16,1.84549168739016e-07,3.82406067675801e-17,2.60672965665753e-07,-6.03061989048161e-07,2.52194700928516e-09,-2.72914181450008e-16,3.67005191682888e-07,-3.27073273358703e-16,-8.98819096684955e-08,-5.07240282829116e-07,1.18431578109639e-17,1.60228114357899e-16,3.12377290576203e-16,8.94618858556824e-18,-1.69789952435736e-09,-2.20934110556647e-08,-4.92907028389384e-09,1.95209048571772e-16,4.82194074732009e-17,-6.86527176674111e-08,5.59912802946313e-07,-3.25097530380531e-17,2.11291822871367e-16,-2.22586047900554e-08,8.69290306584876e-17,-1.57579501264949e-07,8.02022406930717e-16,1.48343126899265e-06,2.56353142759797e-16,-7.26449510758467e-16,2.30864656990514e-16,-2.04749831133635e-17,4.9228598329161e-18,-2.02456945379105e-16,3.74828574059332e-08,-2.62120312700205e-07,-2.71777223388084e-16,-1.31270782507649e-07,4.98938913695638e-07,-1.19610787109861e-16,-4.55772234212674e-16,-1.01791078802198e-16,-3.04525225615859e-16,4.90220068227917e-08,7.83367981075011e-09,9.13030358324075e-16,-1.13919660233383e-17,-8.88803528935771e-08,-3.17018630454015e-07,-6.34616241656205e-09,-8.86162955761116e-17,1.27977220273525e-16,-1.98819752148379e-16,-1.86893253170366e-16,-3.455990806595e-16,9.96970883762251e-17,1.86093788640327e-07,-1.75915007204641e-07,-3.38072708769613e-08,-4.86848863634981e-17,-2.43884584932849e-16,-5.48724311494973e-17,1.11113400283956e-16,2.76056074079964e-16,4.25096113314815e-17,-4.57786506755365e-16,9.68384474801916e-17,1.08358889849161e-16,6.27231958975776e-17,-1.38936221407864e-16,2.33410339731383e-16,2.19820796413183e-17,-4.15845819044276e-16,2.43039020471074e-08,2.0024419987654e-17,4.25378263566109e-16,-1.97935366930785e-16,3.4360016795356e-07,-3.12788275059501e-09,-2.77494315855334e-17,-8.86371267327431e-09,3.13389409534364e-07,1.13967131696731e-16,-8.25143086956815e-18,-4.56020066724918e-07,8.11328267073993e-17,7.68424220607269e-09,1.81816325017655e-17,-8.83412950742514e-17,-2.03835267802258e-16,-8.31168280042013e-17,5.66486045761376e-09,-7.77719637714111e-07,4.32507052909703e-16,1.13484041046303e-16,-2.66186912103964e-17,4.07637755050754e-16,7.67181457250743e-16,-2.74533535813926e-16,-1.13950631093235e-16,-1.0706129234801e-16,1.22317585446404e-08,2.31679454292514e-16,-1.73544178381403e-16,1.05551386278049e-16,1.06722079862289e-15,-7.08158086096536e-17,-8.602547808975e-17,-1.81995593918077e-07,2.14234447756093e-16,-6.55418090896262e-17,1.35628740231855e-07,1.09235327148291e-16,8.33008978382058e-16,-1.16151335874168e-17,-3.84619152122182e-16,1.48787502106349e-07,-2.13918608375722e-17,-8.29659674516418e-08,1.71778907347132e-16,-8.74052656606148e-17,1.99792780793583e-16,2.25761809014057e-17,8.41868205383221e-17,1.24000903222697e-16,2.99225106348984e-09,-1.16716074182004e-16,-8.67058131776796e-18,2.22924367325496e-08,-3.72976984389531e-07,1.10685224421463e-16,2.60957497250633e-07,3.82059124272319e-08,-1.53844846572847e-17,-1.82973119996665e-16,3.30378011319733e-18,2.25664425861728e-16,-1.14165621258853e-16,-6.38189451942304e-08,-4.98410443876751e-16,2.95228277745648e-16,8.56333060297531e-19,2.55143804471531e-08,-8.96717560830919e-17,6.70612595829747e-17,-4.13115630257926e-16,-8.97848164981169e-17,-1.16033931929849e-08,-9.9819443902623e-16,4.6142135482509e-09,-2.38585332088729e-16,-2.99387377167547e-16,1.79901962311853e-16,-1.65995008369824e-16,-1.60772626117372e-16,3.52343721982068e-16,-1.2808724037236e-17,-7.98158365830609e-08,-1.87262225046533e-16,-1.46371005298443e-16,3.35306443262951e-08,1.4927095166872e-16,5.04085365324497e-17,4.66070567467113e-18,2.48728011208236e-16,1.21472712495515e-16,-4.97306928708484e-19,-1.83394737374425e-07,2.53895618662772e-16,-2.99045465548895e-16,7.21418502022368e-08,-3.23041798154307e-17,-1.00976269605594e-16,2.27988385901253e-16,-1.10944355122261e-16,-1.47808570010743e-16,-1.29563939838016e-16,1.43872609654432e-16,1.81284649330745e-17,-3.61171615354086e-16,5.00779055412707e-17,-1.45315074846195e-16,-3.77096586881171e-08,1.24993054828088e-07,-3.215236834214e-16,-6.74142866947535e-17,-4.48825190138895e-17,-7.62812776912772e-17,-7.37257477290143e-18,2.80010440179199e-16,1.37000484189488e-17,1.01734462948869e-16,-8.1728570963773e-09,-5.2381443252241e-17,1.26888086518517e-16,-1.06674229111656e-16,5.22127817036262e-17,1.04462179003439e-08,2.52503010762285e-16,-2.18599193506408e-09,3.64721864452896e-18,-1.19586567103733e-16,7.8244682366423e-17,-2.71377516583567e-16,3.10381568162279e-17,-1.02729878687132e-16,-2.65549951122427e-17,-2.61164689406528e-16,1.04473050070118e-16,1.18015097150154e-16,7.40860845469847e-17,4.85043733155912e-17,-2.97881422501616e-17,1.73487970635695e-16,-2.84313697528871e-17,3.57401552502728e-16,-2.14326445746589e-17,1.08124838597689e-16,3.0888501733654e-16,-1.66665499792779e-16,5.1011712215443e-16,-1.86740522812915e-17,-5.37215956875338e-17,-9.54097699584674e-17,-1.19864787836638e-16,7.81233000899987e-10,-2.20217361158899e-16,-1.68610724519178e-16,6.78950478477343e-17,-1.07794616346158e-16,-2.61679444429632e-17,-1.81977947348636e-16,-2.70291189243193e-16,7.7590968162323e-18,-1.58336066526726e-17,-1.72586766139211e-17,-3.98390088279799e-16,-1.35346997889403e-17,-8.31509232321737e-20,-1.27061688832782e-16,1.92201743628115e-16,2.59690919341689e-17,-8.20231437499028e-17,-1.00122669904196e-08,-4.59457231744306e-18,2.71763435490529e-17,-1.66649585142745e-16,3.4235532626488e-16,2.95044592247217e-17,6.97805558636985e-17,-1.71138786906445e-17,-5.01608806535823e-16,1.35842707490605e-16,2.11260163157086e-09,3.63206079368007e-16,-9.0363241534319e-18,-1.27724047522323e-16,5.31549944840361e-17,-1.5207046555123e-17,2.56706656576684e-16,1.76533120111389e-16,-3.44774569884092e-17,4.5471321325405e-17,6.87060208249507e-16,5.1238570732643e-17,-2.91920887880009e-17,1.252770007969e-16,1.06162034695479e-08,-2.82683695503414e-16,8.80616352259678e-17,-3.07078195036435e-17,-2.25514051876985e-16,-3.18973039296853e-08,-4.89396292397042e-17,-7.48615539877452e-18,-1.7045181237047e-17,-1.10980297324438e-16,1.53713236173604e-17,1.74104001768309e-18,1.55315582539397e-16,-2.00943380280398e-16,1.17343158407006e-16,-9.59861292262521e-18,-1.18462768474317e-16,-1.37645976415276e-17,6.50198320344463e-17,1.51023691965521e-16,-3.25534225936249e-16,2.1342025774467e-16,-2.24164724439958e-16
"t618",-0.0076606415048077,0.0225093854460745,0.0257333162040807,-0.00797252487352912,-0.126788700644064,-0.0279195819908887,0.0179722905867748,0.000286727982372262,0.000942206897460427,-0.00203287313641384,-0.000540029177006956,0.00315675351124759,-0.00461193068973403,-0.00044806238172171,-0.00310007597192626,-0.000852736048387439,-0.000791363952006097,0.000331247474633554,-0.000292989496168635,0.00021141370627237,-0.000770267816132673,0.000153762053440818,-0.000317322927320905,0.000655794833451307,-0.000102858761735369,0.000235918852711295,-0.000292819164937327,0.000269730941297076,-0.0023013909174918,0.00547363966448709,-1.26695027668538e-05,1.73279155058449e-05,-0.000713754567434082,0.000110669145385608,-1.338884236675e-05,-1.3019511686062e-05,-5.85315025981436e-05,3.28719980909783e-06,2.56198760195244e-05,6.42778716287833e-06,0.000273507236091268,-2.72053078255248e-05,2.42163470657871e-05,-2.0310838846704e-05,8.48139604735256e-05,0.100677065853694,1.03857072335545e-05,-0.000121248728459375,6.4338261022298e-05,-0.00010210217543758,9.03799965603463e-05,-5.25976399817098e-05,7.2819522399199e-08,-2.3377906407693e-05,7.21628456613908e-06,-7.44244045091403e-05,2.17126752051201e-06,-0.000136932595700987,4.61497270548086e-05,-7.62530147151851e-06,-7.71391437159333e-06,1.01317512729841e-05,-0.00467924498612944,-0.000540733553009657,8.84322397807288e-07,1.65577036112008e-06,-5.48110489869426e-08,4.09746717700172e-07,1.08598862355479e-06,-2.09300393167091e-06,1.60937694696213e-06,-7.24846013503365e-06,1.90284432340332e-06,1.91638845746294e-05,-8.15481905173227e-06,-6.0186772807144e-08,7.47900322517287e-05,-8.8028833045108e-06,3.97916191434061e-05,5.22102759294414e-05,-1.93992345185285e-05,-0.000310006630700513,0.000111135402556467,0.023784664717742,-2.8368413495366e-07,-7.50993676926499e-05,1.79675122808775e-05,2.23231666191921e-06,0.000262757211124646,-2.60180464838819e-05,4.66249939821225e-06,-2.54609800404929e-07,-1.30292138717546e-05,0.000183987535301304,8.75463431751092e-07,5.18313496787055e-05,6.09526631275276e-06,-3.28768110696205e-05,0.000280609032663926,8.22471373632696e-05,1.91851051631128e-05,-1.65950134981552e-06,2.65640644373486e-05,-1.30169259452734e-05,5.82806226906027e-06,-1.24356475067552e-05,0.000334522182860616,-1.57408323013266e-05,5.44016797975109e-05,-2.5553742387182e-06,-6.38772434519835e-05,-0.016217675322999,-3.23169743602261e-05,-3.80780227398325e-05,1.09352690497999e-06,-0.00540252295497631,6.52277546887149e-05,-7.64079250095964e-05,8.34370697466666e-05,-0.000216292615061457,0.000159840462028639,-0.000228403210500602,0.000233157222961456,0.000642248850283288,-3.93482604161807e-05,0.000437494365096927,-4.4863588797251e-05,7.90709857689693e-05,-0.000189567471284404,-0.00626693053957628,-2.04111716215484e-05,-0.000718295412649963,0.000142029565337194,0.000186443918354959,-1.29340100450055e-05,-0.000361426968441072,3.04203145035355e-06,0.00317402113152517,-0.00425631051736838,0.0135128529897773,0.00232755935332365,0.666636829780348,0.0140137585586099,0.000625692601433072,0.000328504563773267,-3.9756635693529e-05,-0.000777932028341233,7.37839400963282e-05,4.39866324631008e-06,-8.98924403040131e-06,-0.000252918973059448,-3.9067834190628e-05,-0.00014726139930774,0.000292200425707212,-6.35585339733931e-05,-5.31782529265812e-06,7.76001971190571e-05,-0.000529149480404069,-1.23851754811824e-05,-4.04290055643617e-06,-0.000343134692069485,3.68916544811824e-05,-1.76653311362341e-05,-0.000468222108568205,0.0334233921160979,-0.000129620187195546,0.000103641030377191,1.76542392009032e-06,8.7696455063893e-05,0.000114724077774224,-0.000253978861241824,-4.45473913243291e-05,5.06826349210628e-06,9.81125280190235e-06,3.25879445813387e-05,3.95213425872285e-06,2.95706284954334e-06,-0.149442253625158,-2.81039511881201e-05,-0.000209133677741157,0.000668425516879809,0.000242820161981484,-3.64634462545315e-05,-1.91201057396912e-07,-4.15496258061737e-06,-1.3049303110254e-06,-0.000144491380138659,3.23777879456103e-05,0.000144981403807544,-0.000238033377401169,-3.76542997091214e-06,6.7268696073682e-06,2.64708043162784e-05,6.17106414455504e-08,4.40812938674698e-06,-6.01688854662787e-06,-1.10092900381617e-05,-1.02496286786747e-05,6.40198910713313e-06,2.57178013442706e-06,2.55867764704243e-06,0.000415315123844099,-6.60629576645677e-08,-1.44965393364564e-05,-1.65249234272202e-05,-0.000108636541013518,1.04039677455883e-05,7.18358997669625e-05,-7.46208437062853e-05,-5.95580219747713e-07,-0.000288148594546727,0.000123858633254673,-0.00031476591136473,-2.88402038445629e-05,-3.12586492681687e-06,-0.00205829818260235,4.95785150071409e-06,2.33003394670001e-06,-4.12218118988237e-06,-2.02435707124102e-05,-0.000110263787337377,0.000201614955062753,0.0202262982732754,7.44724320122426e-05,-2.40495477517384e-05,-0.00114138577105647,-0.000123546843824361,-8.95539646381409e-06,-1.40006462580707e-05,-1.10478837757174e-05,4.37556304063652e-05,8.94223328840244e-06,3.72213591999983e-06,6.2189938341358e-06,-3.25843884433942e-07,-9.940782126156e-07,-2.75268486632236e-05,-2.15353337567643e-17,-0.000357903560909457,5.82252575621204e-05,-8.93951437754248e-06,-3.08551490143209e-05,-2.72409479668479e-05,6.1108319027031e-06,-5.9596179939509e-06,4.23853002768203e-05,-5.27192635724295e-07,3.90642205202943e-08,-1.35473040933797e-05,0.000189066682310036,-1.56029163733133e-05,0.0206766665116915,8.88489664600124e-06,3.99624119072742e-07,-2.90269878152716e-08,1.44655252152287e-06,-1.42213735339471e-06,2.24126392264462e-05,3.79981442937575e-06,-7.34360748592347e-07,1.60059440218032e-05,-3.0950434837671e-06,0.000338472080662787,-2.83450357019842e-05,1.68975773750241e-06,-5.74703439338072e-07,1.26436446352806e-07,4.63504378440151e-05,-1.95367244640909e-05,7.07712483129852e-07,2.82223795244574e-07,-6.07118975126895e-07,9.76557427591848e-06,-1.12311561715778e-05,1.32920263443428e-05,-3.40531282139527e-05,2.62347706045152e-05,-1.90417601675583e-06,2.32375225979544e-05,-1.57989275888851e-06,4.58400356755512e-06,-7.19483735261031e-17,-1.12149949629247e-05,-3.8391206888142e-07,-6.66957395906406e-10,-5.75268220260134e-06,5.42626500769229e-07,-3.35481133746914e-07,-1.47009560625052e-06,1.80245811814304e-07,-0.00374990188720893,1.13660558734774e-05,6.48354433990499e-07,-5.81458283869692e-07,7.50374005062491e-06,-9.07117090180459e-06,3.82557613549529e-05,-4.39686260934412e-06,9.58375747106847e-06,2.55895371284891e-07,2.5823984160236e-07,1.09900007592845e-05,-0.00783082462221503,-3.37032572746972e-08,-3.94076659472137e-06,7.03186352363356e-06,-2.64836854553508e-05,1.94552474876007e-06,1.80529771382346e-06,0.00143248990195595,-3.68735820121003e-06,-1.72463270022723e-06,2.69423954233919e-06,-9.40944243401074e-06,2.32955308949007e-07,2.17138407680518e-06,-4.22171858178287e-06,6.92839921849581e-17,1.25113775864011e-08,9.95469276222825e-06,-8.98698225021248e-07,3.49913655198465e-06,5.91282822682827e-07,9.13190534848903e-07,2.1158931642239e-06,-3.09071283170201e-05,1.1445527158069e-05,2.37069480982162e-16,-8.69223296812086e-06,-1.05213941758234e-05,-2.95093175574062e-07,1.85674280453601e-06,2.20418557705117e-06,-1.48232950761615e-07,-5.64062392818843e-06,1.49844737693222e-06,-9.3341419746914e-06,9.2708761347823e-06,-0.000182880196342389,-3.37812074506341e-06,-1.78386692697585e-07,-3.32998680791299e-08,-3.3498638644956e-06,2.65672499146447e-06,-3.62088646907864e-06,1.00225946383075e-17,-1.38627315555642e-05,1.08621762436349e-06,3.13036513164868e-08,2.73047262597606e-07,-6.74075754056445e-06,-1.37875284306831e-05,9.24917004090308e-06,-3.35761964973401e-05,-1.24232070869817e-06,-8.65799827904962e-17,-2.2689919805855e-06,-1.1837305071279e-06,-2.8508394516193e-06,9.46017518666676e-16,5.35941368184641e-06,1.02411592720924e-05,-1.56250412865023e-06,-4.39740291646898e-06,-1.46696541872504e-06,-7.86503534666352e-07,-2.82077270037396e-05,8.6063419561385e-07,0.000787944169412086,4.53818695228624e-07,1.728285257391e-06,3.31058447622268e-06,-1.61913839243544e-17,-1.52528624476588e-06,4.15540820246285e-06,0.00899876123373391,-1.36360640803278e-06,-1.39661236073425e-16,-1.65361523888353e-06,4.17405337138155e-07,-7.65243934873713e-07,-6.52845810756121e-05,-1.72341993181479e-06,2.41693105180915e-06,-2.41731880800923e-05,3.32771890866123e-06,5.43906935643315e-17,1.19789869056294e-05,-3.03260880581005e-06,8.42304467554878e-06,1.47602071071259e-05,-1.49962021521455e-06,-1.00586173876647e-08,-3.22658566531686e-16,3.31639271824031e-17,-9.6708276586714e-09,-1.6291859078197e-06,2.14706821957244e-07,-1.63221960342964e-06,4.75778547900112e-15,-7.71173508481811e-07,-9.09076361343696e-09,-1.76842409766766e-16,-7.57548935486709e-17,1.44522025882995e-16,1.92291549914698e-06,5.67777005310389e-06,-0.000759367912444867,4.71871246305963e-06,2.35417407739331e-06,4.84913853611112e-06,-2.78659262222996e-06,-9.56006690786742e-16,-6.07590161775746e-07,1.70368293363679e-06,4.33809673688661e-17,5.5509841123705e-17,-1.06247670531094e-06,-4.31429057892869e-10,-6.2586281280299e-07,2.56558854088395e-06,6.14615839226138e-07,-1.736184102466e-07,-1.61884472675184e-16,-5.83589439515424e-07,1.76047131313317e-16,-1.98810932050612e-06,-5.47034206127561e-16,-6.89926215704952e-07,-4.25007944077841e-17,0.00124218366547886,6.97133239449931e-07,2.28980100362245e-07,3.00700118687126e-06,1.97206963083751e-06,-2.25974398545501e-07,1.43075426324685e-06,3.7313216029006e-07,1.81505038593294e-06,1.67058701520346e-07,4.97264887614819e-07,-1.39577372275553e-06,-1.80262628114269e-06,-1.46001975141371e-07,-6.64268273457842e-07,-1.78956595988437e-16,6.20247749270262e-06,-1.06668205211568e-06,5.0517279808833e-05,6.57328663827805e-16,7.2410735393239e-08,1.95666900606763e-06,6.99028376631049e-06,-5.12349027466981e-17,-2.24178306660836e-06,-8.98023654626126e-07,1.3475792150521e-17,-1.18550398635346e-06,3.48309123508979e-06,-9.72037889827473e-17,-2.40602450051408e-16,-1.27588403025014e-07,-5.17362913691355e-07,-2.94727005758546e-09,-4.08919967940625e-06,1.08743747315537e-06,4.2358078457526e-07,3.08417189907279e-07,0.0015980524676993,-6.23998764557673e-06,6.17127876578749e-16,1.70795594769037e-08,8.88155205966752e-09,2.45277699114729e-08,2.29659632147382e-06,-5.66880260236113e-17,-9.75520973030333e-17,7.55691752719272e-07,-6.37087921357962e-17,7.00702422040193e-17,0.000430672009597402,-5.19015103052244e-06,-1.28852270975926e-06,-5.28263877811589e-08,3.30458994021423e-05,6.37994139516453e-06,1.79315975425909e-07,7.0456894707024e-17,4.16350941019269e-07,1.94341917765117e-08,8.91605138889474e-08,-1.18665815504678e-06,4.67560800790136e-06,-4.92238124875688e-16,3.86409255514213e-16,8.2904809036979e-16,-3.08121871979274e-07,-1.9544122890583e-07,-8.59834577171367e-07,-6.99606109473692e-14,-1.49676295393224e-07,-8.26310432372654e-16,9.51100407909165e-17,1.84126555455142e-05,-4.04260746348157e-07,-1.27068494615301e-16,-9.93558198319398e-07,-6.78452053156913e-07,6.4294308773436e-16,0.000139021474520121,1.47340899267695e-16,4.07854678176293e-07,8.54763664764884e-17,4.0687204303001e-07,3.52164403177706e-06,1.68748826293199e-07,1.19927775806353e-07,8.23094625925922e-07,-5.43601388663191e-07,1.13159335842915e-06,2.17917676828257e-16,9.82139076674986e-06,-5.54202879590097e-07,-5.90174115421331e-17,-7.29876689681619e-08,-1.12299788598765e-06,3.45162401548052e-07,-1.99287662350565e-17,8.34635849458111e-07,1.46003996303632e-06,-1.64074486208719e-16,-2.75475707407071e-06,-6.09181573757072e-07,-4.19526642172777e-08,-1.51866953246031e-16,-3.1622212673403e-16,5.65401067913523e-07,1.72968384555685e-07,1.39914824870506e-08,-2.96658458115684e-07,1.02043725670454e-07,3.84293867140918e-16,-2.22876664015152e-18,3.72388762695524e-07,2.56672083896926e-09,-1.00889164000803e-17,8.99300137340331e-07,7.94598616697447e-17,6.15374912817196e-07,-1.71832178746829e-07,-1.00393358200016e-07,-6.65401655425549e-07,-1.44152649707766e-15,7.17169905917473e-17,-2.52047109994308e-16,-2.16194617403008e-16,-7.06025457257529e-08,-2.44853975502769e-07,3.66457843928378e-16,-6.45090211258708e-17,-1.14893681476059e-16,3.44420574374306e-07,3.09431513190034e-09,-1.70250998885947e-07,2.1084364936895e-16,-7.05612326380722e-16,-4.98597474071771e-16,-5.50598969337509e-06,2.22998304035871e-07,-7.75856778592498e-18,3.90791002536809e-08,-1.02191864364496e-06,-3.11768959032627e-18,2.46820450583389e-16,-5.33240132851225e-07,-5.4630115736481e-09,-2.64037451510407e-07,1.16914923784539e-16,2.96920891322475e-07,4.32319522284588e-07,4.63909103763268e-07,-4.25712130351125e-07,-0.00060844490176624,2.43028098356744e-08,-3.34879090028917e-16,8.84774962242587e-16,-2.21990453469854e-16,4.62896635902663e-07,-4.19102238082476e-07,-1.19360055581479e-07,-9.37839819373377e-08,-2.42107231428563e-16,-3.63209467924498e-16,1.22409523637941e-15,-4.03065354994725e-18,2.24906994461917e-16,5.91351166667055e-07,5.20255231274397e-16,1.51731649672187e-16,-7.23156267713733e-08,-6.16029506450364e-17,-6.47327114987768e-08,1.64466505438873e-16,-8.02496514316811e-08,-9.40374748932667e-17,-9.70920122636659e-08,-1.21483083163802e-08,-1.46564634853755e-06,2.99949715156133e-16,3.89670781348264e-07,8.22677177380941e-18,5.52432435353281e-07,-1.28398336833346e-06,5.37055551786195e-09,1.65936799647105e-15,7.82973315506989e-07,-4.30626455650227e-16,-1.92297316266455e-07,-1.08536044753178e-06,-2.25819524439436e-16,-1.71448790914707e-16,-9.51166924051233e-16,5.02057383470712e-17,-3.64131681185058e-09,-4.74095959100636e-08,-1.05843726212384e-08,-2.68035919210256e-16,1.08460012247354e-17,-1.47893545935026e-07,1.20634809837707e-06,2.75441284139726e-16,1.10532545342608e-17,-4.81412600778486e-08,-2.91264477288547e-16,-3.41087720688278e-07,7.73593318773548e-17,3.2182569631591e-06,-1.07328962045951e-15,2.53353048708615e-16,7.68763725756334e-17,-1.91011730223408e-16,2.64155306739776e-16,5.00897562797996e-16,8.16791044417386e-08,-5.71220052491011e-07,1.98275366458512e-16,-2.86495710157899e-07,1.08959355463339e-06,1.44497489595613e-15,-5.65752181506331e-16,1.40862577860311e-17,1.90573712309434e-16,1.07333545175818e-07,1.71619946183827e-08,-3.03243886311646e-16,-3.5052508523982e-17,-1.94846351173706e-07,-6.9503735867411e-07,-1.39174184726812e-08,-1.86226291581663e-16,-8.73540071923714e-18,-3.81878918327622e-17,-6.76139016543463e-16,-5.5210631526504e-16,5.85325204852782e-16,4.09949131637673e-07,-3.87683536618296e-07,-7.45347393589899e-08,8.05686838646739e-16,4.89571518559661e-16,1.7044705720733e-16,-2.63735280841553e-16,-3.26021630220391e-16,1.27707425627162e-15,-4.68898741575337e-16,5.38905760305014e-16,-6.12774721731378e-17,2.9675580770694e-16,5.26477160702477e-16,-1.80611137816834e-15,-2.81179905006129e-16,-5.50431297603165e-16,5.39280236904152e-08,-5.91855162105236e-16,2.44108379684402e-16,6.09245503848781e-16,7.63031334487422e-07,-6.94735939974975e-09,-1.37870216881206e-16,-1.96894961636652e-08,6.96828352882365e-07,-5.96848357412716e-16,-6.79218647028435e-16,-1.01517903108079e-06,-6.98207930079162e-16,1.7130873424011e-08,-3.78160524002952e-16,5.4936449131173e-16,-6.42586673032658e-16,1.06228306302199e-16,1.26565385717299e-08,-1.73784801451875e-06,1.04322449452367e-15,-1.03976288323574e-15,5.4689922246773e-16,-5.42792314988467e-16,2.51534904016637e-17,-2.02802693199203e-16,-7.89923285605409e-17,1.58446955979422e-15,2.75248608989133e-08,7.45092679684317e-16,-6.14462102877116e-16,5.06194961246011e-16,-2.08283645951077e-18,-5.38825289678483e-16,-1.12917992843806e-15,-4.10113516920504e-07,-1.17006402635721e-15,-1.08889881217475e-15,3.05706667690468e-07,1.03207896089662e-15,1.71496904835522e-16,1.192687794827e-15,5.45641563104689e-16,3.36333416948793e-07,-2.92860419690721e-16,-1.87637578083207e-07,5.72238017710071e-15,8.0624637656142e-16,3.42330274824837e-15,2.6131707576624e-16,-1.1531364310828e-15,-7.1067378077828e-15,6.77410921596683e-09,2.97930167381468e-15,1.56228739051144e-16,5.05054828848978e-08,-8.45044088575498e-07,2.43462577162277e-16,5.91621738899168e-07,8.66345325012941e-08,-1.67861612576038e-15,5.49381927588551e-15,-4.23482480144113e-16,8.82599445675733e-17,1.37471660396739e-14,-1.45123976091675e-07,0.707106781186549,-4.28151243994991e-13,-7.1879242501616e-14,5.80601702929397e-08,-2.02094515998757e-14,1.30734809015699e-14,-1.87971476421337e-14,6.77855367709525e-15,-2.64284393300061e-08,5.38611169619695e-15,1.05124436075658e-08,5.69835587533533e-15,-4.7654285849132e-15,2.60629549747362e-15,-2.98508183279097e-16,3.09686389806266e-15,-8.44549376106666e-16,2.07369731546425e-15,-1.82102055717523e-07,-9.33143311600103e-16,5.18696135966281e-16,7.65275497152361e-08,-7.67094309617363e-15,2.32070000223067e-15,3.04294446487433e-15,-9.4343721031984e-16,9.24037357751521e-16,2.42092093272963e-16,-4.19010926367143e-07,3.43940928773595e-16,-1.79854454353947e-15,1.64903010308365e-07,8.3780884917999e-16,-1.88069100536952e-15,-1.17549084487678e-15,-6.28659500604125e-16,-2.74916939260036e-15,-3.91345457899495e-16,1.9352177515448e-16,-5.51298412668e-16,-6.66785491227134e-16,-1.36451138962641e-16,-7.55745729145068e-16,-8.63415421989424e-08,2.86245000920684e-07,4.67684032883591e-16,7.93813520234613e-16,-1.39874600138949e-15,1.38313657918801e-15,-1.00342911063533e-16,-1.36682338343822e-15,2.92389854149327e-16,2.79221505813689e-16,-1.87352970534947e-08,1.77301073312636e-16,-1.21781233742562e-15,-4.72454019347659e-16,1.43449499253437e-15,2.39664973204683e-08,-9.92600445939537e-16,-5.01981187008973e-09,4.57676522851998e-16,-5.53793593925317e-16,3.85358216513569e-16,2.96708284507363e-16,-1.24657184611007e-16,-1.30118947707857e-16,7.51528333164395e-16,-4.37243532757289e-16,8.58945100639466e-17,-8.13873523851458e-16,5.30819833928849e-16,4.88715495721194e-16,-4.86519905407918e-17,-4.80873905905725e-16,-8.24158405137737e-19,2.43678411961254e-16,-8.81235232842627e-16,-1.32475367590935e-17,9.82036715087534e-16,-8.17875198777449e-16,1.15505478445743e-15,2.52942354303589e-16,-1.09152750330802e-15,-3.73194812389078e-16,4.10123573781967e-16,1.79956533027142e-09,3.65591451588082e-16,-4.28526268316292e-16,4.01617026807742e-16,5.19237495768493e-16,-1.25922778049047e-16,-1.87653632642033e-16,-8.67545792207179e-16,1.69520459496764e-16,1.08494476264208e-16,1.14230832435992e-16,4.43438688546571e-17,-3.07496829149067e-16,6.87964169145459e-17,2.74919108586837e-16,4.25563710563227e-16,-8.46887021199263e-16,2.10343548111485e-16,-2.31070900681302e-08,-3.50675751354893e-16,2.45546735304676e-16,2.31784677188444e-16,-1.37122391249258e-16,1.24613926129256e-15,-1.95884331998818e-16,1.01148687833825e-19,-1.27891080111553e-17,9.88631914936714e-17,4.88443566891047e-09,6.99808297027115e-16,1.15594712316839e-16,2.20035702669148e-16,-3.01797014719088e-17,3.95779195211199e-16,-2.3185763963216e-16,-2.92177785395377e-16,-4.35937572987717e-16,8.39839134765271e-17,2.49708998874384e-16,-9.04921185295233e-17,9.17589111387952e-17,1.15878776713098e-16,2.45860147128784e-08,-8.06068764229682e-16,4.00848331309976e-16,-2.44455512459609e-16,1.35167484843768e-15,-7.39244287795871e-08,-4.96979629081862e-17,-1.80089509106402e-16,2.62095626665667e-16,1.06866986287374e-16,2.6392818514025e-18,4.69874245428992e-17,-5.37776555520402e-16,-2.02049437017014e-16,2.27454629545982e-16,1.74030315704669e-16,-9.31433706218338e-17,3.16186788514165e-16,1.26110056314305e-16,-1.63643081345835e-16,1.58230584360981e-18,3.82624788677128e-17,-3.15541054698623e-16
"t619",-0.0076606415048077,0.0225093854460745,0.0257333162040807,-0.00797252487352912,-0.126788700644064,-0.0279195819908887,0.0179722905867748,0.00028672798237225,0.000942206897460427,-0.00203287313641384,-0.000540029177006959,0.00315675351124759,-0.00461193068973402,-0.000448062381721715,-0.00310007597192627,-0.000852736048387435,-0.000791363952006095,0.00033124747463354,-0.000292989496168635,0.000211413706272368,-0.000770267816132667,0.000153762053440807,-0.000317322927320903,0.00065579483345131,-0.000102858761735369,0.000235918852711302,-0.000292819164937336,0.000269730941297062,-0.00230139091749181,0.00547363966448708,-1.26695027668562e-05,1.7327915505839e-05,-0.000713754567434088,0.000110669145385589,-1.33888423667295e-05,-1.30195116859785e-05,-5.85315025981452e-05,3.28719980908303e-06,2.56198760195586e-05,6.42778716274898e-06,0.000273507236091283,-2.72053078256415e-05,2.42163470657715e-05,-2.03108388467149e-05,8.48139604735438e-05,0.100677065853694,1.03857072335951e-05,-0.000121248728459375,6.4338261022282e-05,-0.000102102175437512,9.0379996560382e-05,-5.25976399817715e-05,7.28195224142417e-08,-2.33779064076826e-05,7.2162845661528e-06,-7.44244045092363e-05,2.17126752057146e-06,-0.000136932595701009,4.61497270548051e-05,-7.62530147150174e-06,-7.71391437162531e-06,1.01317512729652e-05,-0.00467924498612956,-0.000540733553009685,8.84322397850721e-07,1.65577036110328e-06,-5.48110490016659e-08,4.09746717708611e-07,1.08598862358718e-06,-2.09300393156182e-06,1.6093769468054e-06,-7.24846013501262e-06,1.90284432328623e-06,1.91638845746663e-05,-8.15481905147171e-06,-6.01867728470599e-08,7.47900322517477e-05,-8.80288330486145e-06,3.97916191436054e-05,5.22102759295291e-05,-1.93992345181747e-05,-0.000310006630700327,0.000111135402557001,0.0237846647177419,-2.8368413494557e-07,-7.50993676929448e-05,1.79675122804603e-05,2.2323166618166e-06,0.000262757211124031,-2.60180464838776e-05,4.6624993982144e-06,-2.54609800052347e-07,-1.30292138716189e-05,0.000183987535301358,8.75463431748163e-07,5.18313496787343e-05,6.09526631283629e-06,-3.28768110696523e-05,0.000280609032664229,8.22471373631661e-05,1.91851051630669e-05,-1.6595013497047e-06,2.65640644371441e-05,-1.30169259452275e-05,5.82806226901694e-06,-1.24356475065641e-05,0.000334522182860518,-1.57408323013115e-05,5.44016797975495e-05,-2.55537423863217e-06,-6.38772434520891e-05,-0.016217675322999,-3.23169743602154e-05,-3.80780227396738e-05,1.09352690499454e-06,-0.00540252295497649,6.52277546885946e-05,-7.64079250095908e-05,8.34370697467556e-05,-0.000216292615061531,0.000159840462028838,-0.00022840321050069,0.000233157222961478,0.000642248850283364,-3.93482604160019e-05,0.000437494365096839,-4.48635887973846e-05,7.90709857689593e-05,-0.000189567471284404,-0.00626693053957621,-2.04111716217297e-05,-0.000718295412649909,0.000142029565337011,0.000186443918354927,-1.293401004475e-05,-0.000361426968441053,3.04203145030586e-06,0.00317402113152548,-0.00425631051736828,0.0135128529897772,0.00232755935332367,0.666636829780349,0.0140137585586099,0.000625692601433183,0.000328504563773985,-3.97566356934753e-05,-0.000777932028341549,7.37839400963544e-05,4.39866324633941e-06,-8.98924403048427e-06,-0.000252918973059493,-3.90678341907425e-05,-0.000147261399307879,0.000292200425707277,-6.35585339733002e-05,-5.3178252926501e-06,7.76001971189981e-05,-0.000529149480404303,-1.23851754811158e-05,-4.04290055641165e-06,-0.00034313469206946,3.68916544814763e-05,-1.76653311361743e-05,-0.000468222108568393,0.0334233921160978,-0.000129620187195713,0.000103641030377149,1.76542392019146e-06,8.7696455063871e-05,0.000114724077774299,-0.000253978861241974,-4.45473913241955e-05,5.06826349213577e-06,9.81125280179699e-06,3.25879445811729e-05,3.95213425866632e-06,2.95706284945638e-06,-0.149442253625158,-2.81039511880291e-05,-0.000209133677741241,0.000668425516879833,0.000242820161981534,-3.64634462545734e-05,-1.9120105722666e-07,-4.15496258062958e-06,-1.3049303112658e-06,-0.000144491380138619,3.23777879456816e-05,0.000144981403807569,-0.000238033377401102,-3.76542997094263e-06,6.72686960736637e-06,2.64708043164159e-05,6.17106414692759e-08,4.40812938668089e-06,-6.01688854665809e-06,-1.10092900382944e-05,-1.02496286782762e-05,6.40198910703804e-06,2.57178013447495e-06,2.55867764708782e-06,0.000415315123844178,-6.60629574914026e-08,-1.44965393364781e-05,-1.65249234273425e-05,-0.000108636541013454,1.04039677455805e-05,7.18358997671069e-05,-7.46208437062994e-05,-5.95580219894463e-07,-0.000288148594546732,0.000123858633255045,-0.000314765911364589,-2.88402038443632e-05,-3.12586492686207e-06,-0.00205829818260232,4.95785150079281e-06,2.33003394647656e-06,-4.12218118977362e-06,-2.02435707125104e-05,-0.000110263787337374,0.000201614955062643,0.0202262982732754,7.44724320121064e-05,-2.40495477518977e-05,-0.0011413857710565,-0.000123546843824341,-8.95539646364659e-06,-1.40006462579775e-05,-1.10478837757434e-05,4.37556304066458e-05,8.94223328856943e-06,3.72213592004001e-06,6.21899383443808e-06,-3.2584388428041e-07,-9.94078212662412e-07,-2.75268486633151e-05,9.06028001199341e-17,-0.000357903560909766,5.82252575620037e-05,-8.93951437756519e-06,-3.08551490142268e-05,-2.72409479669538e-05,6.11083190296616e-06,-5.95961799391053e-06,4.23853002766123e-05,-5.27192635853874e-07,3.90642203387319e-08,-1.35473040932108e-05,0.000189066682310363,-1.56029163733534e-05,0.0206766665116913,8.88489664608301e-06,3.99624119038041e-07,-2.90269878080074e-08,1.44655252156542e-06,-1.4221373535278e-06,2.24126392256867e-05,3.79981442948483e-06,-7.34360748680439e-07,1.60059440213577e-05,-3.09504348380605e-06,0.000338472080662854,-2.83450357021206e-05,1.68975773748813e-06,-5.74703439386627e-07,1.2643644615996e-07,4.63504378441273e-05,-1.95367244640897e-05,7.0771248323473e-07,2.82223795177611e-07,-6.07118975054473e-07,9.76557427587167e-06,-1.12311561716986e-05,1.32920263447054e-05,-3.40531282139114e-05,2.62347706039884e-05,-1.9041760167485e-06,2.32375225977587e-05,-1.57989275900412e-06,4.58400356789362e-06,7.62997252588723e-17,-1.12149949628194e-05,-3.83912068472625e-07,-6.66957481584225e-10,-5.75268220264631e-06,5.4262650074753e-07,-3.35481133781318e-07,-1.47009560548257e-06,1.80245812077673e-07,-0.00374990188720915,1.13660558735931e-05,6.48354434273262e-07,-5.81458283798829e-07,7.50374005081338e-06,-9.07117090180103e-06,3.82557613545501e-05,-4.39686260951001e-06,9.58375747109493e-06,2.55895371447194e-07,2.58239841587469e-07,1.0990000759239e-05,-0.00783082462221571,-3.37032573453258e-08,-3.94076659493307e-06,7.03186352358666e-06,-2.648368545552e-05,1.94552474880941e-06,1.80529771379274e-06,0.00143248990195617,-3.68735820125901e-06,-1.72463270034354e-06,2.69423954245473e-06,-9.40944243428048e-06,2.32955309046072e-07,2.1713840769422e-06,-4.22171858186776e-06,-1.53623212892799e-16,1.2511377425729e-08,9.95469276227496e-06,-8.9869822476581e-07,3.49913655199125e-06,5.91282822441178e-07,9.13190534822918e-07,2.11589316474094e-06,-3.09071283167431e-05,1.14455271584897e-05,4.24364384253793e-17,-8.6922329678483e-06,-1.05213941764015e-05,-2.95093175574503e-07,1.85674280439793e-06,2.2041855771389e-06,-1.48232950638566e-07,-5.64062392828656e-06,1.49844737708591e-06,-9.33414197506533e-06,9.27087613494876e-06,-0.000182880196342581,-3.37812074525439e-06,-1.78386692625191e-07,-3.32998673164479e-08,-3.34986386474599e-06,2.65672499150302e-06,-3.62088646892462e-06,2.15992685817875e-16,-1.38627315557064e-05,1.08621762421701e-06,3.13036515296394e-08,2.73047263214298e-07,-6.74075754077092e-06,-1.37875284306782e-05,9.24917004086422e-06,-3.35761964975901e-05,-1.24232070908099e-06,-1.36157768433111e-17,-2.26899198044392e-06,-1.18373050735398e-06,-2.85083945152359e-06,9.49637131805948e-16,5.35941368201555e-06,1.02411592717672e-05,-1.56250412817953e-06,-4.39740291631118e-06,-1.46696541882691e-06,-7.86503534487039e-07,-2.82077270037558e-05,8.6063419591456e-07,0.000787944169412564,4.53818695510817e-07,1.72828525734432e-06,3.31058447523834e-06,1.28106410161028e-17,-1.52528624564115e-06,4.15540820249472e-06,0.00899876123373273,-1.36360640808241e-06,1.73267976518665e-16,-1.65361523899248e-06,4.17405336668967e-07,-7.65243934823421e-07,-6.52845810759791e-05,-1.72341993211012e-06,2.41693105227873e-06,-2.4173188080376e-05,3.32771890881153e-06,-1.33013540692482e-16,1.19789869058912e-05,-3.03260880582656e-06,8.42304467550294e-06,1.47602071068673e-05,-1.49962021554175e-06,-1.00586173532644e-08,1.30104260698261e-16,1.68599101840329e-17,-9.67082811272155e-09,-1.62918590703955e-06,2.14706822209979e-07,-1.63221960342169e-06,5.05665438268411e-15,-7.71173508466191e-07,-9.09076377253311e-09,-1.43958203137107e-16,1.03339163318634e-16,1.07767757582641e-16,1.92291549944529e-06,5.67777005322247e-06,-0.000759367912445241,4.71871246314245e-06,2.35417407756178e-06,4.84913853592041e-06,-2.78659262219138e-06,-1.16759465820334e-15,-6.07590161756849e-07,1.70368293331673e-06,-1.3898924598266e-16,4.37640467846748e-17,-1.06247670534397e-06,-4.31428883603528e-10,-6.25862813155853e-07,2.56558854110917e-06,6.14615838303871e-07,-1.73618410066106e-07,-7.45727342558596e-16,-5.83589439514195e-07,-2.42031453367173e-16,-1.98810932084049e-06,3.6480692598706e-16,-6.89926216437823e-07,-1.75581762060337e-16,0.00124218366547784,6.97133239641925e-07,2.28980100266871e-07,3.00700118735964e-06,1.97206963082536e-06,-2.25974398471541e-07,1.43075426322939e-06,3.73132160208972e-07,1.81505038542545e-06,1.67058701636822e-07,4.97264887133396e-07,-1.39577372284885e-06,-1.80262628060205e-06,-1.46001975040578e-07,-6.64268272401643e-07,1.87892962567804e-16,6.2024774926308e-06,-1.06668205180426e-06,5.05172798085543e-05,5.9691052477915e-16,7.24107357656229e-08,1.95666900633642e-06,6.99028376628163e-06,-1.42354086481641e-18,-2.24178306626662e-06,-8.98023654656711e-07,3.05432386250079e-17,-1.18550398637836e-06,3.48309123591769e-06,5.03001507526233e-17,2.38784705105298e-16,-1.27588402869906e-07,-5.17362913716564e-07,-2.94727012699096e-09,-4.08919967930122e-06,1.08743747308083e-06,4.2358078491381e-07,3.08417190170238e-07,0.00159805246769977,-6.2399876455096e-06,7.05490353636318e-16,1.70795593206693e-08,8.88155166196717e-09,2.4527769762286e-08,2.29659632152151e-06,-3.50066800792249e-17,-4.8066502322219e-17,7.55691752944486e-07,2.01351300387377e-16,-3.62397560144218e-16,0.000430672009596612,-5.19015103095637e-06,-1.2885227099722e-06,-5.28263871111632e-08,3.30458994015282e-05,6.37994139521755e-06,1.79315975950359e-07,-1.00455129192643e-18,4.16350941348416e-07,1.94341920995062e-08,8.91605139358396e-08,-1.18665815477077e-06,4.67560800782455e-06,3.86549598859823e-16,-1.41642676094449e-16,1.23139598226471e-15,-3.08121871705305e-07,-1.95441228257756e-07,-8.59834577113388e-07,-7.26910169365147e-14,-1.49676295231368e-07,7.04691455394135e-16,2.72418693865028e-17,1.84126555458315e-05,-4.04260746496761e-07,-2.96854554826531e-16,-9.93558198338001e-07,-6.78452053316202e-07,-2.07599964053165e-16,0.000139021474519754,9.68204976099747e-17,4.07854678427031e-07,-1.24085518935565e-16,4.06872043782847e-07,3.52164403188059e-06,1.68748826116586e-07,1.19927775806352e-07,8.23094625274694e-07,-5.43601389027754e-07,1.13159335838087e-06,-1.05110857982305e-16,9.82139076682021e-06,-5.54202879827137e-07,6.09246447090593e-17,-7.29876693872938e-08,-1.12299788634667e-06,3.45162402472412e-07,-8.62167699382509e-21,8.34635849320104e-07,1.46003996289073e-06,1.7831890885037e-16,-2.75475707410104e-06,-6.09181573388294e-07,-4.19526643390679e-08,1.1980563466494e-16,2.14592943634166e-16,5.6540106798776e-07,1.72968384170567e-07,1.39914827378708e-08,-2.9665845748873e-07,1.02043725589943e-07,-3.64847243187891e-16,4.33295805386136e-16,3.72388762942173e-07,2.56672127630334e-09,8.17624104564355e-17,8.99300137126427e-07,-6.73548531482814e-17,6.15374912810616e-07,-1.7183217810725e-07,-1.00393358234358e-07,-6.65401656075925e-07,-1.38561054805195e-15,-3.98779036112591e-17,2.45779488598445e-16,-1.43700981036469e-16,-7.06025453314632e-08,-2.4485397546921e-07,-3.59208574227754e-16,5.22751305711987e-16,8.74102390619405e-17,3.44420574444501e-07,3.09431527434796e-09,-1.70250998128876e-07,-2.26163271638303e-16,7.41892441577519e-16,4.58753044232929e-16,-5.50598969375374e-06,2.2299830412031e-07,8.07731649062646e-17,3.90791005734862e-08,-1.02191864354498e-06,5.88991321134271e-17,-2.05011085919609e-16,-5.33240132764129e-07,-5.46301146610165e-09,-2.64037451468971e-07,-1.21345909627131e-16,2.96920891423289e-07,4.32319522316085e-07,4.63909103718872e-07,-4.25712129796587e-07,-0.000608444901766234,2.4302811032369e-08,2.80645364433541e-16,-5.74020266786306e-16,2.44078644436307e-16,4.62896638119251e-07,-4.19102237760549e-07,-1.19360055507673e-07,-9.37839819657698e-08,2.77676230719936e-16,3.40186579433991e-16,-1.1493409851161e-15,4.91411754527207e-17,-9.73732833670237e-16,5.91351166610689e-07,-6.10864192984848e-16,-7.24362491538712e-17,-7.23156263799267e-08,4.76835622426657e-17,-6.47327119347058e-08,-6.86540125067346e-17,-8.02496509473297e-08,1.78512742034842e-16,-9.70920127160431e-08,-1.21483089135338e-08,-1.46564634950812e-06,-1.17772304506276e-17,3.89670780971897e-07,9.63001306370404e-19,5.5243243523736e-07,-1.2839833680676e-06,5.37055567217426e-09,-1.77001969927587e-15,7.82973314558608e-07,3.94771014408692e-16,-1.922973164307e-07,-1.08536044823602e-06,1.16946141990733e-16,1.15667228962211e-16,8.93968120269256e-16,-2.7872673637075e-17,-3.64131563251976e-09,-4.7409595658702e-08,-1.05843722687098e-08,3.73644958988957e-16,4.2889670743658e-17,-1.478935460276e-07,1.2063480964795e-06,-6.66360225685062e-16,-3.72646751925054e-17,-4.81412605229732e-08,3.60544138224764e-16,-3.41087721569152e-07,-5.79421542194922e-17,3.21825696338588e-06,9.93244670565729e-16,-3.62456881189735e-16,-1.25799212169842e-16,2.5593847775355e-16,-2.59801596361984e-16,-4.76077014828734e-16,8.16791000702219e-08,-5.71220053583305e-07,-1.44432048451874e-16,-2.86495710288446e-07,1.08959355440923e-06,-1.46083172710894e-15,5.06612207410201e-16,9.99779572909037e-17,2.25418591199549e-16,1.07333546464121e-07,1.7161993504252e-08,-1.22301667999391e-16,-3.73615136387218e-17,-1.94846351914068e-07,-6.95037357774002e-07,-1.39174182401056e-08,1.72408364974766e-16,2.7503464370202e-17,6.64271898389011e-17,7.00051396894417e-16,9.01332171948082e-16,-5.21063291948039e-16,4.09949130517326e-07,-3.87683538203924e-07,-7.45347391975928e-08,-8.22402118660514e-16,-5.05963276999866e-16,-2.85385328562461e-16,2.63288009078006e-16,2.76902275644884e-16,-9.16266426763521e-16,5.56425676038949e-16,-5.36045308194831e-16,9.85391170457013e-17,-3.5549541113981e-16,-5.45481936839953e-16,1.84184469303924e-15,3.01551664075609e-16,5.79611527609359e-16,5.39280262336001e-08,9.4871151336924e-16,-5.88558910892886e-16,-6.17629131018431e-16,7.63031331983888e-07,-6.94735812607858e-09,1.04232532049355e-16,-1.96894944428168e-08,6.96828351473064e-07,6.00433998193722e-16,1.17150687731758e-15,-1.01517903404136e-06,5.78151289215462e-16,1.71308746916551e-08,3.51081654660342e-16,-6.2168136244917e-16,5.93462643965978e-16,1.4620073241628e-16,1.26565384946445e-08,-1.73784801190787e-06,-1.55647534480473e-15,8.42796087487464e-16,-5.26024284286963e-16,3.7834585072745e-16,4.77645267088489e-16,9.56347346576806e-17,1.51439214297685e-16,-1.51028778288365e-15,2.75248599524314e-08,-7.75417859402779e-16,6.43632083151912e-16,-5.77187318636186e-16,1.68541345179815e-16,5.13934333334064e-16,1.19337086040607e-15,-4.10113515608911e-07,1.14371038615727e-15,1.20530333182382e-15,3.05706669511185e-07,-1.14629962719229e-15,4.52982708428718e-17,-1.22095237147739e-15,-4.69610444935262e-17,3.36333420726288e-07,2.71722829239816e-16,-1.87637582950502e-07,-5.78099338699754e-15,-8.64802063120724e-16,-2.84983702650814e-15,-1.0367765860105e-15,1.17268311381117e-15,6.83740298217345e-15,6.77410574470892e-09,-3.25041323472233e-15,-8.88157139927678e-17,5.05054825929158e-08,-8.45044085178191e-07,-2.28142620253943e-16,5.91621746573286e-07,8.66345224070652e-08,1.72649728648502e-15,-5.22547063629313e-15,4.37909312960478e-16,-1.29312122782698e-16,-1.38551533558534e-14,-1.45124023586255e-07,-0.707106781186547,4.2818670577434e-13,7.17929576359602e-14,5.80601272130303e-08,1.9790232915271e-14,-1.33845408689749e-14,1.8964868231873e-14,-6.86427202097021e-15,-2.64284455956668e-08,-5.29176777948711e-15,1.05124574542794e-08,-5.63965324514527e-15,5.22744598908648e-15,-2.60424830469716e-15,2.94665120442503e-16,-3.09572169733128e-15,7.95590177871308e-16,-2.10872481834725e-15,-1.82102070874344e-07,9.97737326830674e-16,-6.59143329156021e-16,7.65275519545607e-08,7.67569156083003e-15,-2.29665716123393e-15,-3.15515926937593e-15,9.05948555544776e-16,-9.20381048281215e-16,-3.13995518145916e-16,-4.19010925388745e-07,-2.15579853952559e-16,1.68300789961721e-15,1.64903011254087e-07,-7.81192593008803e-16,1.82471433907172e-15,1.24287709412813e-15,5.70897602010454e-16,2.69111947865667e-15,5.83213941981709e-16,-1.98843238850826e-16,4.5834257321409e-16,6.58033067245249e-16,1.57576604966192e-16,7.32942354678772e-16,-8.63415443441175e-08,2.86244998318436e-07,-5.68541583135953e-16,-6.35252583576633e-16,1.38296375197121e-15,-1.36453233772994e-15,4.84475740775148e-16,1.37413855447563e-15,-3.33244331784238e-16,-2.42421074037974e-16,-1.87352965396748e-08,-1.93014048129062e-16,1.27690770712975e-15,3.57028725013098e-16,-1.514263574531e-15,2.39664965094461e-08,5.45935222418829e-16,-5.0198080868741e-09,-4.99054677867943e-16,5.63454424951294e-16,-3.6874664173013e-16,-3.12047565938853e-16,1.8239622839955e-16,2.12411076798644e-16,-6.74400269128358e-16,3.94575055045686e-16,-1.87095253024416e-17,6.87785441376586e-16,-5.57722015119041e-16,-5.04140320523238e-16,1.66396498898104e-16,3.94169865449318e-16,-3.47843875864165e-17,-2.55386433754956e-16,8.01008150686228e-16,-6.62654695670109e-17,-8.71007938951155e-16,7.83234779614657e-16,-4.57316476354386e-16,-2.38185656195889e-16,9.46935211290601e-16,3.80209318693352e-16,-3.14742605549053e-16,1.79956614775721e-09,-3.88916829453851e-16,-7.29079557410498e-17,-3.25974790428463e-16,-6.43579553616884e-16,1.45866664693453e-16,1.66442614650413e-16,9.06784164494256e-16,-2.12335987590205e-16,-1.74814224375889e-16,-7.00464238158777e-17,4.65556412865276e-16,3.31636869535296e-16,-9.54908556837373e-17,-2.45354394657047e-16,-4.10650409564271e-16,8.4581812445849e-16,-2.21339051028604e-16,-2.31070901935737e-08,3.7598642293727e-16,-3.39694589913827e-16,-1.73037772021399e-16,1.4612234410514e-16,-1.0884085257185e-15,1.69584038071167e-16,1.1668546653816e-17,-1.79790024458685e-16,-7.72732486742744e-17,4.88443561749843e-09,-3.86237019151616e-16,-1.33155081130886e-16,-2.31468321879694e-16,4.78741817284571e-17,-3.43055250829311e-16,4.97119767326733e-17,2.77146905846238e-16,3.44651500666205e-16,-1.63069590866802e-16,-4.5895634973707e-16,8.28096139792415e-17,-5.21046817925678e-17,-1.49992511351667e-16,2.45860143698097e-08,6.80111897034608e-16,-4.39836353742869e-16,3.55690175908273e-17,-7.70217223333702e-16,-7.39244295952536e-08,-3.33222623098508e-17,1.52960363352552e-16,-3.10588813607184e-16,-6.23198760662568e-17,-4.86841542617466e-17,-8.59030361689996e-17,9.05791406593151e-16,2.57052599655101e-16,-2.74075484517847e-16,-2.21774461059375e-16,1.75315395256027e-16,-2.62989781167221e-16,-1.76062031951379e-16,5.6782890999551e-17,-9.74498248595248e-18,1.86505134758449e-16,-1.97381296990542e-16
"t928",-0.00768218719152664,0.0226406246839901,0.025888039416502,-0.00803599914693453,-0.128010634648116,-0.0282316761875585,0.0181768134121126,0.000290227155504011,0.000955554908070052,-0.00206688580128752,-0.000550969036753228,0.00323080993643688,-0.00472209020337153,-0.000458862623129824,-0.0031766746203754,-0.000874455912841219,-0.000811751854002026,0.000339851694828759,-0.000300675016578051,0.00021712011032369,-0.000791359640603522,0.000157766640206204,-0.000325161226594363,0.000671879225785102,-0.000105368704443456,0.00024126041864168,-0.000299292669501038,0.000275577378833007,-0.00234799340391813,0.00549884547019546,-1.25942439753643e-05,1.70613073002539e-05,-0.000688971655230718,0.000104986932599059,-1.24088327808425e-05,-1.15239121468989e-05,-5.13787899998728e-05,2.85610081769575e-06,2.21661855633121e-05,5.51473737058975e-06,0.00023254907629883,-2.34037340563554e-05,2.14593214270021e-05,-1.80669491411945e-05,8.29469174432672e-05,-0.0153747864806739,1.45171283897981e-07,-3.93388960902521e-06,6.10568659868146e-07,8.2554240137323e-06,-2.44045230413662e-05,2.01598154595837e-05,-2.92201910931712e-08,1.33235325627257e-05,-7.17371573243934e-06,7.97206071635261e-05,-7.47655508938188e-06,0.000637550037460578,-0.000222814104662467,8.13787330604166e-05,0.000169918338152016,-0.000348276703084549,0.249848685971446,0.0328214011341997,-0.000243116677052297,0.000563595479434094,-1.13550585586782e-05,0.000339466502011105,-0.00086905479720633,0.000307172107830292,-2.86457395778073e-05,6.45180376726419e-05,-1.5559103002842e-05,-0.000133123697286694,5.55583980987746e-05,3.84071561126671e-07,-0.000465280711358928,4.85628982355196e-05,-0.00017114348413683,-0.000204383090978814,6.49557532678778e-05,0.00100369144040744,-0.000277726119405974,-0.0541488404419918,2.43093175779029e-06,0.000154419363887692,3.84348107615545e-05,4.24898740345385e-05,0.329125497853712,0.000284729079439007,-1.88779811460181e-05,4.82713498122563e-07,2.40682145362871e-05,-0.00029251531282147,-1.12839349699393e-06,-6.49049234693277e-05,-7.62250600233153e-06,3.82918789804563e-05,-0.000318521809051506,-8.49396000121146e-05,-1.83930819153147e-05,1.5806591140563e-06,-2.51175323359388e-05,9.04098095691412e-06,-3.96610899743363e-06,8.33518204125934e-06,-0.0002187960312311,1.02343508216377e-05,-3.5054395200067e-05,1.63495390683767e-06,4.09004771119877e-05,0.0132034657719467,3.61925324473991e-05,1.83065525244194e-05,-5.16324586694106e-07,0.00346188856010513,-2.79929962660441e-05,3.09296765593451e-05,-3.1560037145768e-05,7.75683984437526e-05,-5.55809274153559e-05,7.11693439733173e-05,-6.74928112945933e-05,-0.000185382178171195,1.12357802506308e-05,-0.000115484522688274,1.17639676085711e-05,-1.93303284743991e-05,3.73885682869362e-05,0.00123290058189518,3.94154164403654e-06,0.000118023426205961,-2.256675393327e-05,-2.88994531900039e-05,1.80376350921683e-06,4.96412062775683e-05,-3.23844822781491e-07,-0.000264053848350991,0.000227725897211425,-0.000712077577343043,-0.000111356273499125,-0.0302595496912501,-0.000581299839917137,-2.50258057987848e-05,-1.31326713972146e-05,1.17324852542183e-06,7.37180226226914e-06,7.27705519230291e-07,6.39271369018519e-08,-2.21403785117398e-07,-6.42962251906268e-06,-1.14055824137512e-06,-4.62352003654279e-06,9.90176748868861e-06,-3.55894841374859e-06,-3.15943008181787e-07,4.79679876375219e-06,-5.96447667227665e-05,-1.53988796405819e-06,-5.09847018857061e-07,-4.66662787711247e-05,5.09366775315328e-06,-2.69122812868531e-06,-7.23177058650464e-05,0.00749303733196521,-1.9974274753499e-05,1.9124603472401e-05,3.2687456675277e-07,1.62510627121577e-05,2.15060406297812e-05,-4.80998407214457e-05,-8.44622447574799e-06,9.64722346006772e-07,1.85793355690549e-06,5.98573930347633e-06,7.15909843333946e-07,5.31078544516178e-07,-0.00226259835737398,-1.06736695075122e-05,-7.5154576882924e-05,0.000232007258950134,7.99931734287978e-05,-1.19003077670631e-05,-6.20341748013573e-08,-1.34354731832261e-06,-4.21510591249371e-07,-4.67368254626747e-05,1.07403411264032e-05,4.81454654893283e-05,-7.99608956869783e-05,-1.30964966106118e-06,2.41220838876439e-06,9.59428707309919e-06,2.27273167485645e-08,1.6429810758474e-06,-2.32370067611139e-06,-4.284524675298e-06,-4.05409331732362e-06,2.55279580276312e-06,1.09090643499444e-06,1.08848578939368e-06,0.000181312629472728,-2.95805017765711e-08,-6.89538389615467e-06,-7.86238356758477e-06,-5.19764411483971e-05,5.06311118185075e-06,3.53745975498628e-05,-3.791867611156e-05,-3.14704654142037e-07,-0.000157158661426303,6.8221928044548e-05,-0.000181366405205016,-1.70622194677252e-05,-1.85068729050468e-06,-0.00162886918787035,3.13335274634398e-06,1.48692156357353e-06,-2.76474490770914e-06,-1.39805061142606e-05,-7.67023491266773e-05,0.000125708752108295,0.00260597798353649,8.00270386604632e-05,-2.18542754808491e-05,-0.00134537195175262,-0.00011088675210599,-8.52822121025708e-06,-1.3848179075903e-05,-1.14574175623213e-05,4.64379089485968e-05,9.73030439906556e-06,4.15005751978005e-06,6.98320803378798e-06,-3.92118498199592e-07,-1.25380580226438e-06,-3.66698679850213e-05,-3.00518835015504e-16,-0.000654688423267411,8.60899058653481e-05,-1.52362401918293e-05,-5.98957992960622e-05,-5.99703600654505e-05,1.35637724792143e-05,-1.79475443481682e-05,0.00013610263887657,-1.74659177422914e-06,1.52976548863188e-07,-6.0673652786762e-05,0.00115817836274761,-0.000114734341901607,0.16590413202604,0.000145198233323068,-1.72488030109505e-06,8.33712320954172e-08,-3.20413282757877e-06,2.03351770804425e-06,-3.11985725645944e-05,-4.14418356276042e-06,7.0713598888651e-07,-1.30422402946814e-05,2.39547543445506e-06,-0.000248434875536365,1.93539598604065e-05,-1.0388779671812e-06,3.49176156174735e-07,-5.92609906167721e-08,-2.15965110876603e-05,9.04272022470825e-06,-3.05404244875262e-07,-1.1864632221617e-07,2.34748351117606e-07,-3.71729493277106e-06,2.47613035486062e-06,-2.73754704216217e-06,6.63279455366835e-06,-4.46347371422154e-06,2.88187218836414e-07,-2.59098002888469e-06,1.58772599718041e-07,-4.21513369770791e-07,-5.35648948035192e-17,7.12936411150427e-07,2.30100011286391e-08,3.21779742791444e-11,1.22982067519908e-07,5.19880078113817e-10,-3.8129895290116e-09,-2.42187470253783e-08,1.36221172939362e-08,-5.92690779164611e-05,1.47139998161884e-06,7.00739671847503e-08,-9.50519131815388e-08,1.30327163781142e-06,-1.6410004032247e-06,7.86270517792186e-06,-1.39623952314218e-06,3.63602654754845e-06,9.81183763930235e-08,9.93305158753497e-08,7.0736463322694e-06,-0.0269804540385866,-1.13971152528913e-06,6.46075834179351e-06,-8.45465962088832e-07,-3.0708240111686e-06,9.43598243755107e-06,1.35570983668493e-05,0.168923546010373,5.15218007756232e-05,5.46693596864826e-06,-4.75916366112191e-06,1.19039107694116e-05,-2.62446745172044e-07,-2.06278287213384e-06,2.99459373104383e-06,-2.63337958793556e-16,-3.04166649752151e-09,-2.23235434664753e-06,1.79606967563124e-07,-6.97011425378122e-07,-1.17372782102545e-07,-1.76458590368769e-07,-3.89246197797284e-07,5.38123001826276e-06,-1.81618347600708e-06,4.86217990741122e-14,2.62793268816488e-06,0.497007310229322,-4.84910733488189e-09,1.32589798366487e-08,-7.09869460812406e-08,4.37347078565533e-09,1.22883736285666e-07,-2.34577808302788e-08,1.99690700160403e-08,9.06391753118493e-08,-4.05011922295938e-06,-7.05987009606088e-08,-4.15332755226533e-09,-9.13148205948554e-10,-9.3363193698196e-08,8.16164666554417e-08,-1.19099397184968e-07,-4.35375294847126e-17,-6.65672631799971e-07,5.53228517623586e-08,1.59523338274663e-09,1.60678648906008e-08,-4.04379258670167e-07,-1.00669559266021e-06,7.06765661015708e-07,-2.58768596622872e-06,-9.87670611615035e-08,3.86865510362035e-16,-1.8647859440198e-07,-9.84382278007452e-08,-2.47084515925124e-07,4.51796599639704e-16,4.8359160759669e-07,9.32289254816105e-07,-1.42880043511681e-07,-4.05774485647259e-07,-1.3735920012642e-07,-7.44274305323555e-08,-2.69122588148768e-06,8.57791317754585e-08,9.90924098825158e-05,4.43536350092667e-08,1.71494782126068e-07,3.28607236745201e-07,1.11775184283564e-16,-1.41740327674639e-07,3.62256035619437e-07,0.000210535994647877,-2.13623189502488e-07,-1.38397035836979e-16,-2.24889294477966e-07,5.78803401763296e-08,-1.07704242440274e-07,-1.20044537324096e-05,-2.46479839291059e-07,3.51432871836166e-07,-3.60906315590377e-06,5.27834166409366e-07,-2.77962752453363e-16,1.99147610811724e-06,-5.06094500583951e-07,1.41675024407636e-06,2.50912026691843e-06,-2.55127888192062e-07,-1.71627814774103e-09,-3.35668992601512e-16,-1.30315542657798e-16,-1.67739086835435e-09,-2.86459035074028e-07,3.78144813500192e-08,-2.90852698621374e-07,7.18219002672534e-16,-1.40791772956061e-07,-1.67675571009501e-09,5.33258547631835e-16,1.48786918899688e-16,5.34456728112912e-16,3.65799890942456e-07,1.08459738315495e-06,-0.000188768030057851,9.15590800487136e-07,4.57459634609403e-07,9.5307352299582e-07,-5.48350134663817e-07,-1.67870380516203e-17,-1.21934374226361e-07,3.44117842354025e-07,4.69439218258673e-16,-2.81542381165533e-16,-2.19713301378058e-07,-8.96897797704623e-11,-1.30998355312174e-07,5.39357151508282e-07,1.30223117920071e-07,-3.68283707318384e-08,-4.44642493708151e-16,-1.23979076700411e-07,5.21615387124642e-16,-4.23827080626704e-07,1.91266815753599e-15,-1.47092184122413e-07,2.52653365493681e-16,5.6129630366695e-05,1.57407767441487e-07,5.02623494947843e-08,6.61380489117761e-07,4.34130696328511e-07,-4.99424853440172e-08,3.17319955232392e-07,8.34321682741479e-08,4.0587351469875e-07,3.74496334097533e-08,1.11973808208955e-07,-3.16159148535089e-07,-4.10303624644561e-07,-3.33570905346226e-08,-1.52042542270984e-07,-6.8221447660155e-16,1.4275771213497e-06,-2.46794286095179e-07,1.52211040314701e-05,-1.25638630240554e-17,1.70568702083905e-08,4.63560668728738e-07,1.66005325063659e-06,6.16080329357597e-16,-5.33027030794307e-07,-2.145366198716e-07,-2.06944006825788e-16,-2.83861809377483e-07,8.4482623021726e-07,7.02215799579477e-16,-1.90044815025116e-15,-3.10873670963874e-08,-1.26106013967412e-07,-7.19648594381517e-10,-1.00036820536955e-06,2.66825027952449e-07,1.03944066159256e-07,7.56874967319175e-08,8.49579563937591e-05,-1.57614060779819e-06,-1.19755550961886e-15,4.3124150242825e-09,2.2426472029243e-09,6.19591438146331e-09,5.80572681219645e-07,-1.22797636835153e-15,9.74973856458444e-16,1.91287909659723e-07,-6.97381364126847e-16,1.92009127493118e-15,0.000141070585739286,-1.32525529254592e-06,-3.29044645882041e-07,-1.35718833906646e-08,8.49535218609421e-06,1.64035757832625e-06,4.61434964466183e-08,-5.05614988983572e-15,1.08052396181496e-07,5.05241612612936e-09,2.31928177141075e-08,-3.09553716865026e-07,1.2259082522563e-06,-2.08292880558413e-15,1.55769630035993e-14,2.01573216390688e-14,-8.13687256305429e-08,-5.17698492823302e-08,-2.27811588484964e-07,0.70710678120133,-3.97724390527269e-08,-3.08169779914279e-14,-1.0102029390632e-14,4.95537785764109e-06,-1.08815993979043e-07,-1.24082601832276e-14,-2.68322942040349e-07,-1.83622975190832e-07,-2.99428573430794e-15,0.000135237271118696,-2.16556045798238e-16,1.10941834328589e-07,1.0100819017516e-15,1.10726054719798e-07,9.5871474954253e-07,4.5957089289402e-08,3.26783129446907e-08,2.24535503077744e-07,-1.48889370813241e-07,3.11594135348298e-07,1.28657488494193e-15,2.72184649904981e-06,-1.53692660624424e-07,2.86305998454244e-16,-2.02592694581253e-08,-3.12219752355593e-07,9.61034578469146e-08,-3.86713293143271e-15,2.33535370382954e-07,4.08921888562669e-07,-1.35784172681577e-15,-7.72529942519495e-07,-1.70943426605248e-07,-1.17998610741342e-08,-2.71811200344002e-15,1.54443800829013e-15,1.59897192792387e-07,4.90285210292758e-08,3.96779835202281e-09,-8.49599686482492e-08,2.92703592497273e-08,1.29246654705201e-17,5.02708560505754e-15,1.06932216692343e-07,7.37139225711961e-10,-7.85884173006524e-16,2.58741338098119e-07,-6.77529379365335e-17,1.77361810093355e-07,-4.96432170457478e-08,-2.90090616450587e-08,-1.92397834101788e-07,1.13035613899011e-15,1.20588781832753e-15,4.72678223186101e-15,-9.38086977057584e-17,-2.05352425775826e-08,-7.1251666957618e-08,7.54803915247411e-16,1.39090189288075e-15,2.33171400913199e-16,1.00398698494404e-07,9.02668693655946e-10,-4.97656386011491e-08,-3.05983014413444e-17,1.07836103328124e-15,3.23444613106738e-16,-1.62035250774507e-06,6.56410122357893e-08,2.23923833176369e-16,1.15329101225357e-08,-3.01896476038799e-07,-6.76133660272523e-17,-1.55394532615752e-16,-1.5790832501115e-07,-1.61806805339248e-09,-7.83117248567737e-08,-1.19491853704519e-16,8.82590553929667e-08,1.28649988045224e-07,1.38225039308011e-07,-1.26412658300274e-07,-4.02445051942936e-05,7.31460570786558e-09,2.35652783996653e-16,7.9789702617095e-17,-4.18745693228405e-17,1.39829636469865e-07,-1.26613093998888e-07,-3.60895359379318e-08,-2.84791100547929e-08,1.5300987853209e-16,7.41588464574887e-17,-1.31328306441139e-16,4.26558519227769e-16,1.2711655975849e-15,1.80396228805614e-07,-4.15843554389473e-16,-9.30721913247305e-17,-2.20999466204382e-08,-1.57522754992176e-16,-1.97844653155962e-08,-1.28553381981205e-16,-2.45308965536115e-08,7.37068203501411e-17,-2.97714146556223e-08,-3.72778979800228e-09,-4.50249174401369e-07,-6.12833482448946e-16,1.19873032182586e-07,-2.45313964730597e-16,1.70456490265111e-07,-3.97733315582865e-07,1.66389328588592e-09,-4.03252172951028e-17,2.42961225322454e-07,5.15314322651374e-16,-5.98193404788589e-08,-3.37672096306321e-07,-7.16140870654295e-16,-6.03763864476568e-16,-1.80233849257805e-16,-8.1648719474449e-17,-1.13518275938009e-09,-1.47879224232785e-08,-3.30352177316582e-09,-6.54007778623739e-17,-8.68990986227012e-17,-4.629714891163e-08,3.77689536584271e-07,-3.08865425271327e-16,-5.63231702532e-16,-1.51279577491653e-08,-7.68108878070528e-17,-1.0726771879662e-07,-1.12657008833874e-15,1.01439154894909e-06,2.68859404912064e-16,-2.5342741853271e-16,-3.31669845697849e-17,-2.20366705736927e-16,-2.44856439736847e-16,-2.24941630917476e-16,2.58627650891866e-08,-1.80881113314102e-07,-4.73354639505043e-17,-9.08644386977948e-08,3.4580124862214e-07,4.45872198659286e-16,1.97766098349999e-16,1.42295230252545e-18,2.09347517261476e-16,3.41606516926404e-08,5.46567718774721e-09,2.64891916587537e-16,-1.99766456442367e-16,-6.2099229287715e-08,-2.21535533418518e-07,-4.43744827292779e-09,-1.69114957035155e-16,-1.08619293331748e-16,-1.79612859940752e-17,-1.45198461708101e-16,-3.39255691079754e-16,2.25686742701855e-16,1.31388056261545e-07,-1.24311886760444e-07,-2.39112222588293e-08,1.20988265817432e-16,1.71433340302145e-16,-1.74698702519519e-16,2.81511326103353e-16,7.60111735888391e-17,6.56218766145603e-16,8.5764758300179e-17,4.75415061762848e-17,8.18026881050921e-17,1.98485400451925e-16,-1.59279728943154e-16,-2.99453948571745e-17,4.85074208893776e-17,-5.88745069402121e-16,1.74392813851228e-08,-2.66651157039368e-16,3.84071580727264e-16,8.23128767777454e-17,2.47009082471934e-07,-2.24954996094049e-09,-1.29049840625004e-16,-6.37639863744855e-09,2.25957067097359e-07,5.26173610238292e-16,-2.0639287377568e-16,-3.2971382691247e-07,9.22307004614932e-17,5.57469856096345e-09,-8.92544457093285e-17,2.88209703717597e-16,1.89412570920511e-16,2.9784319262759e-17,4.13128673508005e-09,-5.67377447150537e-07,4.61159648115723e-16,-3.11635706574967e-16,-6.27874878457574e-17,-2.16119988785783e-16,-2.70237391492012e-16,-7.11041529108701e-17,-1.8965607563707e-16,5.410290116815e-17,9.08195533787902e-09,-1.8879576186665e-16,-1.65717192942158e-16,2.89562762136425e-16,1.32206870535674e-16,2.48320237374497e-16,-1.01615346107918e-16,-1.35624244275639e-07,1.30559421635097e-16,1.64548573419469e-16,1.01138861336676e-07,4.64163349241807e-16,1.022785274593e-16,-2.82444617511355e-16,-3.32223008165561e-17,1.11811471171612e-07,1.32783583823509e-17,-6.24325784282131e-08,-1.39570726318108e-16,2.99635446336361e-16,2.11217413513642e-16,-1.03008587276014e-15,-8.62664755535312e-17,3.42707123653194e-16,2.25791368796594e-09,-5.06774023656326e-16,1.28401112138918e-16,1.68569337581114e-08,-2.82064812516778e-07,3.22809626911693e-16,1.97704417227044e-07,2.89614816830808e-08,2.8495209850205e-16,-3.27314416581613e-16,3.56682223154568e-16,-4.39576678431411e-17,-3.88133639306186e-16,-4.87741253910347e-08,-1.89862373384458e-15,2.16700266576148e-16,-6.92898605059373e-17,1.95399357165517e-08,-2.49991407111615e-16,3.16293237609481e-16,7.76391683857508e-17,1.48713870544327e-16,-8.91048520426746e-09,7.35104494508434e-16,3.54630178201452e-09,2.47004715467286e-16,-6.86685287852853e-16,2.17308483700742e-16,-8.10852048878075e-17,-4.86375608420923e-18,2.85332028779972e-16,-6.01147350369284e-17,-6.16118033261019e-08,1.8547735603749e-16,1.44491115480229e-16,2.59109255716688e-08,3.15901331020219e-16,-6.62890463212096e-17,1.25629517047449e-16,1.12926142686203e-16,-8.72421336007091e-17,-2.59729096734948e-16,-1.42193985353678e-07,4.99303979454865e-17,-1.95696495000387e-16,5.60179570513792e-08,3.43085844637107e-16,1.30382989953406e-16,-5.19803576658122e-17,-6.31519095192912e-17,-1.94187124038479e-16,1.93744432729413e-16,9.17941888268784e-17,2.21199315880248e-16,6.57076796610826e-17,-1.53315507648885e-17,-3.9399742318341e-16,-2.94406754663297e-08,9.76474751315349e-08,1.74203026785051e-16,1.5469684635911e-16,-2.11509820420217e-16,3.92449450734563e-16,8.67144897553906e-16,-1.02285682808867e-16,-1.31704961093172e-17,-6.43963445716357e-16,-6.40619809863417e-09,-9.81142721604547e-17,-1.68823549927305e-16,-2.29117182078238e-16,-1.19844698709015e-16,8.21118086692191e-09,1.12861555660477e-16,-1.72368031767606e-09,-2.29765873030579e-16,-1.67469220241248e-16,-3.02740953764076e-16,-2.37569980551968e-16,-8.701579530142e-17,-4.07478661058284e-17,-5.55698874628922e-17,-2.29920983569677e-16,1.73251404213185e-17,7.44303893172852e-17,2.30870228819327e-17,6.43118950123154e-17,1.79753941000564e-16,-9.68249796586484e-17,8.8220772635581e-17,1.67929625174275e-16,-6.51899155438729e-17,-5.27287217808329e-17,-6.17466650562441e-17,2.01061663675001e-16,-6.02436937141571e-16,-2.15804634112748e-16,-7.2098303144939e-16,-5.40007226351433e-16,4.40213754306201e-17,6.2298194402746e-10,-2.57750752213149e-16,-7.39180257467004e-17,4.97681703467315e-17,-3.07065016884962e-16,3.41625219564223e-17,-6.94456563866673e-17,1.02623781064558e-16,-1.4305088644128e-19,-7.99670209286541e-17,1.43657028382779e-16,5.87095476400901e-17,-2.20184418992375e-16,1.90069132965412e-16,-8.13574350499992e-17,3.66957327071016e-16,-8.66956133455526e-17,7.77833623340783e-17,-8.04296482861115e-09,5.43999510529612e-17,-1.04137082066853e-16,1.41750550599823e-16,-3.43166734259434e-17,8.29789718311348e-17,3.20134451415202e-16,-1.01036982555054e-16,4.36785353541161e-16,-4.90452833153212e-17,1.70961602221901e-09,1.12508485030103e-16,3.83372278185266e-17,-5.51661585240529e-17,5.62334147841802e-17,3.44093767832087e-18,1.48229169504215e-16,2.19771730099933e-17,1.50639620402532e-16,-4.06189550269088e-18,3.08168520686682e-17,2.55944998315005e-16,8.25232059155479e-17,-6.98544141725538e-17,8.6530948645135e-09,2.70396364971532e-16,-2.96246123514198e-17,1.05317945368999e-16,-7.31944886644964e-16,-2.60843845230418e-08,3.10425240820959e-16,1.38490351058795e-16,-5.24253923892772e-17,-1.17591240917808e-16,-5.50303207851943e-17,-1.10690389307497e-16,4.93951937339297e-16,-7.36353885428294e-17,-6.98655408500077e-19,1.37912938778015e-16,1.50405418689616e-16,-4.43487305019313e-17,-2.34313984336905e-16,-1.65340046703711e-16,1.36199139340586e-16,5.8637789372315e-17,-5.11751568536973e-16
"t991",-0.00768218719152705,0.0226406246839926,0.025888039416505,-0.00803599914693578,-0.128010634648141,-0.0282316761875648,0.0181768134121167,0.000290227155504084,0.000955554908070318,-0.00206688580128824,-0.000550969036753484,0.00323080993643863,-0.00472209020337416,-0.000458862623130093,-0.00317667462037728,-0.000874455912841764,-0.000811751854002549,0.000339851694828986,-0.000300675016578267,0.000217120110323848,-0.000791359640604133,0.000157766640206381,-0.000325161226594699,0.000671879225785782,-0.000105368704443543,0.000241260418641926,-0.000299292669501353,0.000275577378833309,-0.00234799340392074,0.00549884547020266,-1.25942439753809e-05,1.70613073002665e-05,-0.000688971655231804,0.00010498693259927,-1.24088327808715e-05,-1.15239121468918e-05,-5.13787899999789e-05,2.85610081772079e-06,2.21661855633781e-05,5.51473737059807e-06,0.000232549076299257,-2.34037340563914e-05,2.14593214270429e-05,-1.80669491411212e-05,8.2946917443438e-05,-0.0153747864807089,1.45171283931303e-07,-3.93388960900473e-06,6.10568659830702e-07,8.25542401370527e-06,-2.44045230414316e-05,2.01598154596147e-05,-2.92201910857098e-08,1.33235325627569e-05,-7.17371573246097e-06,7.97206071636343e-05,-7.47655508939149e-06,0.000637550037462507,-0.00022281410466312,8.13787330605328e-05,0.000169918338152587,-0.000348276703085737,0.24984868597231,0.0328214011343137,-0.000243116677053182,0.000563595479436372,-1.13550585587473e-05,0.000339466502012452,-0.000869054797209652,0.00030717210783146,-2.86457395779354e-05,6.45180376730333e-05,-1.55591030029008e-05,-0.000133123697287344,5.55583980990362e-05,3.84071561448396e-07,-0.000465280711361192,4.85628982357598e-05,-0.000171143484137711,-0.000204383090979907,6.49557532685478e-05,0.00100369144041296,-0.000277726119407545,-0.0541488404423045,2.43093175778092e-06,0.000154419363888658,3.84348107618194e-05,4.24898740348511e-05,0.329125497855756,0.000284729079440787,-1.88779811460626e-05,4.82713497965571e-07,2.40682145364958e-05,-0.000292515312823421,-1.12839349695729e-06,-6.49049234698082e-05,-7.622506002408e-06,3.82918789808252e-05,-0.000318521809053819,-8.49396000125997e-05,-1.83930819155024e-05,1.58065911389034e-06,-2.51175323361472e-05,9.04098095707438e-06,-3.96610899757919e-06,8.33518204137213e-06,-0.000218796031233041,1.02343508217581e-05,-3.50543952004239e-05,1.63495390662148e-06,4.09004771123165e-05,0.0132034657720579,3.61925324477943e-05,1.83065525250351e-05,-5.1632458671202e-07,0.00346188856013621,-2.79929962661812e-05,3.09296765594497e-05,-3.15600371459172e-05,7.75683984444342e-05,-5.55809274156801e-05,7.11693439740551e-05,-6.74928112951816e-05,-0.000185382178173052,1.12357802508636e-05,-0.000115484522689419,1.17639676085078e-05,-1.93303284746502e-05,3.73885682873037e-05,0.00123290058190809,3.94154164410164e-06,0.000118023426206969,-2.25667539331522e-05,-2.88994531902612e-05,1.80376350867682e-06,4.96412062779607e-05,-3.23844822785537e-07,-0.000264053848354068,0.000227725897214169,-0.000712077577351399,-0.000111356273500306,-0.0302595496915979,-0.000581299839923848,-2.50258057990046e-05,-1.31326713970845e-05,1.17324852542497e-06,7.37180226265626e-06,7.27705519256152e-07,6.39271368189452e-08,-2.21403784970517e-07,-6.42962251917652e-06,-1.14055824122473e-06,-4.62352003675928e-06,9.90176748884251e-06,-3.55894841376673e-06,-3.1594300825917e-07,4.79679876382027e-06,-5.96447667237912e-05,-1.53988796404165e-06,-5.09847018777298e-07,-4.66662787713845e-05,5.09366775311146e-06,-2.69122812881593e-06,-7.23177058663439e-05,0.00749303733207311,-1.99742747538705e-05,1.91246034727618e-05,3.2687456682548e-07,1.62510627124627e-05,2.15060406299881e-05,-4.80998407222248e-05,-8.4462244757466e-06,9.64722345749543e-07,1.85793355698737e-06,5.9857393035518e-06,7.15909843343198e-07,5.31078544390412e-07,-0.00226259835741024,-1.06736695076347e-05,-7.51545768841884e-05,0.000232007258953927,7.99931734298637e-05,-1.19003077672627e-05,-6.20341747096512e-08,-1.34354731852303e-06,-4.21510591295603e-07,-4.67368254633234e-05,1.07403411269527e-05,4.81454654901514e-05,-7.9960895688662e-05,-1.30964966043419e-06,2.41220838874287e-06,9.59428707338556e-06,2.27273168355945e-08,1.64298107585144e-06,-2.32370067649239e-06,-4.28452467521094e-06,-4.05409331727178e-06,2.55279580276144e-06,1.09090643498458e-06,1.08848578952117e-06,0.00018131262947679,-2.95805018397663e-08,-6.89538389624858e-06,-7.86238356778948e-06,-5.19764411499214e-05,5.06311118180306e-06,3.53745975507219e-05,-3.7918676112502e-05,-3.14704654307638e-07,-0.000157158661430039,6.82219280460701e-05,-0.000181366405209217,-1.70622194680086e-05,-1.85068729101077e-06,-0.00162886918790783,3.13335274633245e-06,1.48692156388433e-06,-2.76474490792544e-06,-1.39805061147069e-05,-7.67023491285424e-05,0.000125708752111708,0.0026059779836024,8.00270386624114e-05,-2.18542754815168e-05,-0.00134537195178737,-0.000110886752108779,-8.52822121051252e-06,-1.38481790762808e-05,-1.1457417562343e-05,4.64379089488661e-05,9.73030439928665e-06,4.1500575198079e-06,6.98320803413452e-06,-3.92118498310465e-07,-1.25380580248532e-06,-3.66698679859713e-05,-2.49626886158276e-16,-0.000654688423285727,8.60899058672824e-05,-1.52362401921144e-05,-5.98957992974514e-05,-5.9970360067263e-05,1.35637724798786e-05,-1.79475443486339e-05,0.000136102638881251,-1.7465917743129e-06,1.52976549169602e-07,-6.06736527886009e-05,0.00115817836278424,-0.000114734341905159,0.165904132031292,0.000145198233327944,-1.72488030040913e-06,8.33712313890594e-08,-3.2041328276278e-06,2.03351770799763e-06,-3.11985725672966e-05,-4.14418356304262e-06,7.07135989096621e-07,-1.30422402954508e-05,2.39547543452182e-06,-0.000248434875545678,1.93539598613365e-05,-1.03887796737001e-06,3.49176156067881e-07,-5.92609906717454e-08,-2.15965110887953e-05,9.0427202250924e-06,-3.05404245006992e-07,-1.18646322014353e-07,2.34748351369287e-07,-3.71729493294942e-06,2.4761303557971e-06,-2.73754704237451e-06,6.63279455374771e-06,-4.46347371368076e-06,2.88187218887453e-07,-2.59098002907128e-06,1.58772599686542e-07,-4.21513369866621e-07,-1.56133084100866e-16,7.12936410730422e-07,2.30100018356998e-08,3.21778349931077e-11,1.22982066881044e-07,5.19880110733876e-10,-3.81298969323267e-09,-2.42187470912539e-08,1.3622118267054e-08,-5.92690779198513e-05,1.47139998159982e-06,7.00739667492314e-08,-9.5051913436871e-08,1.30327163783267e-06,-1.64100040307992e-06,7.86270517850011e-06,-1.39623952437622e-06,3.6360265470417e-06,9.81183764465798e-08,9.93305159372565e-08,7.07364633277696e-06,-0.0269804540400525,-1.13971152509365e-06,6.46075834211996e-06,-8.45465962403284e-07,-3.07082401097206e-06,9.43598243808249e-06,1.35570983677885e-05,0.16892354602009,5.15218007787856e-05,5.46693596891391e-06,-4.75916366167005e-06,1.19039107696441e-05,-2.62446745363293e-07,-2.06278287224e-06,2.99459373132871e-06,2.86702505005629e-16,-3.0416664091356e-09,-2.23235434686495e-06,1.79606967781265e-07,-6.97011425867505e-07,-1.17372782103867e-07,-1.76458590711527e-07,-3.8924619776905e-07,5.38123001749569e-06,-1.81618347624783e-06,4.90737214320427e-14,2.62793268658358e-06,0.497007310264383,-4.84910664473847e-09,1.32589801831129e-08,-7.09869463349506e-08,4.37347096105892e-09,1.22883735889393e-07,-2.34577807866616e-08,1.99690698079858e-08,9.06391755682852e-08,-4.05011922149796e-06,-7.05987012233666e-08,-4.15332733042925e-09,-9.13146947786143e-10,-9.3363194043345e-08,8.16164667529418e-08,-1.19099396878307e-07,-1.87086692095729e-18,-6.65672631552238e-07,5.53228508416541e-08,1.59523321140025e-09,1.6067865101469e-08,-4.04379259460126e-07,-1.00669559313636e-06,7.06765660681993e-07,-2.58768596642426e-06,-9.87670608552199e-08,-3.13618331095374e-16,-1.86478594911122e-07,-9.84382277596805e-08,-2.4708451477494e-07,4.96905058652586e-16,4.83591607903973e-07,9.32289254369555e-07,-1.42880044699578e-07,-4.05774485371726e-07,-1.37359199972657e-07,-7.44274303353543e-08,-2.69122588203899e-06,8.57791316459957e-08,9.90924098907788e-05,4.43536346277117e-08,1.71494781720413e-07,3.28607239551533e-07,2.34420900229925e-17,-1.41740329544694e-07,3.62256036236747e-07,0.000210535994669795,-2.13623189458752e-07,5.25061990257303e-16,-2.24889295121147e-07,5.78803395809941e-08,-1.07704242410127e-07,-1.20044537328706e-05,-2.46479838398295e-07,3.51432871418082e-07,-3.60906315721982e-06,5.27834166576774e-07,2.23085973382731e-16,1.99147610741879e-06,-5.06094498899643e-07,1.41675024498454e-06,2.50912026763208e-06,-2.55127888462618e-07,-1.7162782149837e-09,-9.8358821087885e-16,-1.76891855414304e-16,-1.67738992988118e-09,-2.86459035610389e-07,3.78144812569155e-08,-2.90852698402468e-07,9.03615735275982e-16,-1.40791773607382e-07,-1.67675624748307e-09,7.92303915584496e-16,1.63745347742348e-16,-4.68085766316404e-16,3.65799890993e-07,1.0845973830735e-06,-0.000188768030096758,9.15590800706407e-07,4.57459635582903e-07,9.53073523612392e-07,-5.48350134959095e-07,-4.92136018971346e-16,-1.21934374448935e-07,3.44117841837903e-07,-8.44539889961436e-16,4.21817176954887e-16,-2.19713301363237e-07,-8.96881591173117e-11,-1.3099835733897e-07,5.39357152204525e-07,1.30223119273404e-07,-3.68283710772735e-08,6.22185338962974e-16,-1.23979075820652e-07,-1.37213226171273e-15,-4.23827080436968e-07,-1.77310423288279e-15,-1.47092184074193e-07,-2.38776739554718e-16,5.61296303803241e-05,1.57407766159893e-07,5.0262348724713e-08,6.61380489176989e-07,4.34130694874859e-07,-4.99424824689788e-08,3.1731995531989e-07,8.34321694917464e-08,4.05873513724341e-07,3.74496333419323e-08,1.11973806599724e-07,-3.161591484368e-07,-4.10303627356899e-07,-3.33570916457206e-08,-1.52042542219649e-07,8.40591387369859e-16,1.42757712213692e-06,-2.46794285294907e-07,1.52211040406587e-05,3.88008697239315e-16,1.70568708536286e-08,4.6356066797978e-07,1.66005325154606e-06,-4.40578557279016e-16,-5.33027031984957e-07,-2.14536621781251e-07,1.8860178071456e-16,-2.83861809044806e-07,8.44826225200658e-07,-9.46994840726325e-16,2.07909711540916e-15,-3.10873672894624e-08,-1.26106016629949e-07,-7.19646981563763e-10,-1.00036820912998e-06,2.66825028598383e-07,1.03944067590637e-07,7.56874981880322e-08,8.49579564546977e-05,-1.57614060659742e-06,2.53361784677275e-15,4.31241722739155e-09,2.24264345975641e-09,6.19590900362884e-09,5.80572681682193e-07,1.12476270469031e-15,-6.98221350388059e-16,1.91287913140748e-07,7.00922985026927e-16,-2.28640245408649e-15,0.000141070585893665,-1.32525529534609e-06,-3.29044649983583e-07,-1.35718796815496e-08,8.4953521986528e-06,1.64035758118507e-06,4.61435039387615e-08,5.1039623730562e-15,1.08052392213358e-07,5.05240826134564e-09,2.31928208970525e-08,-3.09553718125336e-07,1.22590824166502e-06,4.6779086689784e-15,-1.53609428537199e-14,-1.93134375538733e-14,-8.13687061914365e-08,-5.17698204844198e-08,-2.27811671266164e-07,-0.707106781171766,-3.97724562898879e-08,3.19855683750664e-14,1.0035373130859e-14,4.9553778727268e-06,-1.088159968852e-07,1.25101751874412e-14,-2.68322937775171e-07,-1.83622975363613e-07,3.28805599152043e-15,0.000135237270895631,-1.30370587849741e-16,1.10941834943135e-07,-7.4493659396647e-16,1.10726053318755e-07,9.58714745670267e-07,4.59570870907202e-08,3.26783106225128e-08,2.24535505464905e-07,-1.48889377774958e-07,3.11594135864577e-07,-1.28012908396345e-15,2.72184649633934e-06,-1.5369266127697e-07,-3.01388180052934e-16,-2.02592697208768e-08,-3.1221975265539e-07,9.6103450019013e-08,3.58744564607977e-15,2.33535372026826e-07,4.08921888638596e-07,1.42990811996616e-15,-7.72529944254754e-07,-1.70943426971221e-07,-1.17998614347521e-08,2.61264398586153e-15,-1.20752057807323e-15,1.59897192696296e-07,4.90285200561606e-08,3.96779866369037e-09,-8.49599690464324e-08,2.92703593231863e-08,4.82181367907606e-17,-5.1682877066993e-15,1.0693221760558e-07,7.37141081883247e-10,8.50352599076533e-16,2.58741336148747e-07,1.95985055620957e-16,1.77361808074388e-07,-4.96432164382126e-08,-2.90090610202908e-08,-1.92397834425205e-07,-1.80187619149837e-15,-1.35491080443242e-15,-4.5664542292472e-15,-3.89648990190377e-17,-2.05352427025318e-08,-7.12516674723407e-08,-9.05607561335456e-16,-2.03316857953967e-15,9.39799075722942e-17,1.00398697912552e-07,9.02664918385086e-10,-4.97656384710501e-08,1.05112523686333e-16,-1.12624211172363e-15,-4.28178542968838e-16,-1.62035250617048e-06,6.56410129745067e-08,-1.97794773603774e-16,1.153291168158e-08,-3.01896474541282e-07,2.05878708448162e-17,2.71491945812547e-16,-1.57908324256192e-07,-1.61806720978842e-09,-7.83117260194518e-08,3.95778574323975e-17,8.82590556855039e-08,1.28649987851826e-07,1.38225040276982e-07,-1.26412658796501e-07,-4.02445051844898e-05,7.31460691173245e-09,-3.66431355853724e-16,-4.10575143338359e-16,1.27143074745304e-16,1.39829635982493e-07,-1.26613093303663e-07,-3.60895364062193e-08,-2.84791105126071e-08,-3.93674502988312e-16,-1.255336828705e-17,-3.52594052506567e-17,-3.50425706841278e-16,-8.88429695051419e-16,1.80396228954143e-07,1.36494788163996e-16,1.24967165161301e-16,-2.20999461693817e-08,1.57969286642188e-16,-1.97844637793742e-08,4.40376473141467e-17,-2.45308948991865e-08,-1.10238351609163e-16,-2.97714143873822e-08,-3.72779038048876e-09,-4.50249177080265e-07,6.90695057182725e-16,1.19873032273231e-07,3.44885732810266e-16,1.70456491388968e-07,-3.9773331538871e-07,1.66389266534343e-09,-2.06182236186283e-16,2.42961224080172e-07,-4.50967036822438e-16,-5.98193404250816e-08,-3.37672095331361e-07,5.25991695572375e-16,5.44465454819961e-16,2.31488261464374e-16,1.13642426741843e-16,-1.13518237012553e-09,-1.47879225099494e-08,-3.30352153389063e-09,2.37958278426395e-17,9.89733069091529e-17,-4.62971480601289e-08,3.77689534924357e-07,3.35486185806796e-16,4.20984201750804e-16,-1.51279574143441e-08,7.92890103593638e-17,-1.07267718581647e-07,5.08955368744155e-16,1.01439154884957e-06,-2.14531515640961e-16,8.21921755041845e-17,4.46649213895157e-17,9.01193695455326e-17,9.01056615001991e-18,1.0015639050266e-16,2.5862766404244e-08,-1.80881114974659e-07,2.98116704472783e-17,-9.08644390001478e-08,3.45801248183317e-07,-4.46341685805748e-16,-3.39181262334407e-17,-5.8447126677124e-18,3.45197965482182e-17,3.41606518989188e-08,5.465677577586e-09,-1.67107602891242e-16,1.52147092272507e-16,-6.2099229816442e-08,-2.2153553420044e-07,-4.43744889534976e-09,1.421482741961e-16,-1.32950626108276e-18,-7.75142924008392e-18,1.28431423433827e-16,-1.47576742014804e-17,-2.3140441826126e-16,1.31388054035314e-07,-1.24311886357372e-07,-2.3911222316409e-08,-1.3427913514718e-16,-8.03490667316888e-17,2.36937137728606e-16,-6.2817803378155e-16,-1.99918679484492e-16,-1.28949021453938e-15,-2.07767243821262e-16,2.0848507054522e-17,1.52610198165049e-16,-6.87084878798866e-17,1.73157660532632e-16,1.22617476343386e-16,7.09052734569002e-17,5.67176925853772e-16,1.74392809488665e-08,2.00427533183584e-16,-4.0522761776197e-16,-3.76073283076783e-17,2.47009081694694e-07,-2.24954882920691e-09,2.62678659343285e-16,-6.37640022085082e-09,2.259570663245e-07,-4.99305515541568e-16,3.14810182159585e-16,-3.29713826813673e-07,-2.63296087072081e-16,5.57469800995503e-09,8.50300556901151e-17,-2.58606569341713e-16,-1.75225093639512e-16,-1.39117198126813e-16,4.13128719712023e-09,-5.67377446295685e-07,-4.19022681546637e-16,1.40112813474333e-16,2.16251952817491e-16,2.28131851338567e-16,1.35850532212434e-16,1.32129998237918e-16,9.89326762489537e-17,7.05784825031973e-17,9.08195586599206e-09,2.40696218446202e-16,1.05084829168901e-16,6.0507432120427e-17,-1.88371839827519e-17,-2.33594685467546e-16,-2.539050937606e-16,-1.35624244458489e-07,-9.55925501127003e-17,5.89303629629167e-17,1.01138861433401e-07,-2.22639075684362e-16,-4.30840990949426e-17,3.335887083309e-16,3.94398748409864e-17,1.11811470659333e-07,1.33068975171459e-17,-6.2432577586368e-08,4.67887622320067e-17,1.0681549183113e-16,2.18274594360266e-17,3.90914175487332e-17,7.7051859335323e-17,-5.94043698585279e-16,2.25791353736711e-09,1.68947397846312e-16,-3.42084142276546e-17,1.68569344158731e-08,-2.82064812262129e-07,-2.52378264918202e-17,1.97704416724745e-07,2.89614817493084e-08,-8.92065679407794e-17,1.79387565145649e-16,-4.35291948763741e-16,-1.59037332291203e-17,2.37726972728539e-16,-4.87741257468625e-08,6.24638288412069e-16,6.60029408643321e-17,9.43645222559326e-17,1.95399359077952e-08,4.99527323016159e-16,-1.94510105866112e-16,-1.62165615615466e-17,-1.15508231536513e-16,-8.91048495843753e-09,-7.21715332915771e-17,3.54630166372551e-09,-1.27483776641096e-16,8.22986483953254e-17,5.45906073581165e-17,6.14253461262309e-17,-3.52430474622803e-17,-1.9701025503305e-16,1.38006492692236e-17,-6.16118036107819e-08,-7.70394124876741e-17,1.27270092933889e-16,2.59109256446386e-08,-3.68830626356323e-16,6.09242937394104e-17,-3.24803779971041e-16,6.97135796250646e-17,9.0902661179343e-17,2.70483330412372e-16,-1.42193985391249e-07,1.54332471148329e-16,3.59879113687801e-16,5.60179567314511e-08,-3.43529899978722e-16,-5.31745645224453e-17,1.15591003424951e-16,3.25281131160862e-17,3.56049411013529e-16,1.19939529213721e-16,-4.60002393897156e-17,-1.09149986692891e-16,-4.97842880954344e-17,1.10719746142322e-16,1.15007951960014e-17,-2.94406753006262e-08,9.76474745601067e-08,-1.51560526896635e-16,6.19081764792034e-17,1.78007840364714e-16,-2.04554777865285e-16,4.56828585376767e-16,1.07111383344634e-17,-8.95614583737167e-17,5.59842378921069e-16,-6.40619830287364e-09,3.88281996924135e-17,1.34828568686534e-16,1.59486786197412e-16,8.60105692775789e-17,8.21118100521927e-09,1.10574319128656e-16,-1.723680285971e-09,1.00055198972218e-16,-9.37165079435715e-17,3.1553263526286e-16,5.85957196527516e-17,1.45960531298585e-17,-6.52855083028329e-16,2.05545617029675e-17,1.12246466375133e-16,-4.50452305078562e-17,1.56877289931727e-16,4.51270463888556e-17,-8.58561157323126e-18,-8.62291078237561e-17,8.2397636803816e-17,-9.21034688669531e-17,-1.09618434890233e-16,5.54225141702549e-17,1.63961483391862e-16,2.96984554404528e-17,-5.45205454171305e-17,2.50450701844152e-17,8.47073304677376e-17,2.84235012770506e-16,5.40594887432921e-16,-3.35804533675674e-17,6.22981873946547e-10,3.70590707611939e-16,1.75556894142225e-16,-1.46805076623362e-17,1.01871288432691e-16,-5.64747690677563e-17,1.78639135948226e-16,-1.74892308592827e-16,-1.36604058940499e-16,4.40575862958871e-17,-2.40640234127693e-16,-3.31765864780564e-17,2.33834615948014e-16,-3.64386610344386e-17,1.83904894735566e-17,-4.30955166343742e-16,-2.02236110756465e-16,4.10651275021038e-17,-8.04296462191198e-09,-9.73362106526122e-17,-1.01247280654024e-16,-2.31297873745908e-17,-1.21901497325532e-16,2.06510111540927e-16,-2.44605459637228e-16,1.04885740451981e-16,-3.88686375618288e-17,4.70861495147291e-17,1.70961572140014e-09,8.22050343092285e-17,-1.5265307727196e-17,1.32422073537145e-16,-8.93788509486403e-19,6.36027064753566e-17,-2.75248191729347e-16,1.57766238578135e-17,-8.33949413509884e-17,2.19833857154988e-17,-5.68649361646646e-17,2.69038263106073e-16,5.37227439399321e-17,3.41881970314877e-17,8.65309519182189e-09,1.98660466340728e-16,5.90891066380154e-18,-1.54789829167882e-16,-1.04701403796925e-15,-2.60843843290975e-08,-2.55842552388885e-16,7.01502841299717e-17,-2.8784695525471e-17,-2.76254605082698e-17,1.30350477144347e-16,-1.54591871402083e-16,3.17986810217384e-17,3.19854882616474e-17,-7.34017230885366e-17,2.33373309116871e-17,5.01638611811473e-17,-7.2895166611441e-17,6.4576571149413e-17,-5.73852774354265e-17,-6.32502590015904e-17,-9.57150410200218e-17,-2.33821740287312e-16
"t128",-0.0076820767357866,0.0226399383984404,0.0258872292961567,-0.00803566203234672,-0.128004058298633,-0.0282299742910336,0.018175696113496,0.0002902078949983,0.000955479996897163,-0.00206668926825656,-0.000550902542806173,0.00323032931718598,-0.00472136714885214,-0.000458791295367166,-0.00317615924823219,-0.000874305650969482,-0.000811609027254223,0.000339790811937169,-0.000300619901515408,0.000217076862516771,-0.000791189097483833,0.000157725573502046,-0.000325071819467366,0.000671693423848593,-0.000105339450439286,0.000241190225332397,-0.000299204556419559,0.000275495515263751,-0.00234727708155987,0.00549686221521785,-1.25893976789415e-05,1.7054440804764e-05,-0.000688674164284337,0.000104939429285337,-1.24029284516707e-05,-1.15179858068958e-05,-5.13520287031837e-05,2.85458926200033e-06,2.21543736681585e-05,5.51175442065258e-06,0.000232419629017173,-2.33903866623735e-05,2.1446898082236e-05,-1.80564768008246e-05,8.28979877478076e-05,-0.0153651295465696,1.45078387504318e-07,-3.93135034434783e-06,6.10164970576429e-07,8.24982470546615e-06,-2.43874100258807e-05,2.01454616481713e-05,-2.91993400541447e-08,1.33138452322549e-05,-7.16830866659295e-06,7.96601958849882e-05,-7.47033676831635e-06,0.000637006710822861,-0.000222623673953046,8.13050427798398e-05,0.000169757854655517,-0.000347940993683464,0.249603897239345,0.0327891132709936,-0.000242870276897479,0.000563009100940189,-1.13425637153076e-05,0.000339083729952669,-0.0008680638958145,0.000306814843840628,-2.86089203794338e-05,6.442899365779e-05,-1.55374000306655e-05,-0.000132933942196614,5.54789915958858e-05,3.83517535913338e-07,-0.000464607081616287,4.84913248668764e-05,-0.000170881098160596,-0.000204064813131147,6.48519095922465e-05,0.00100207780783377,-0.000277261213930131,-0.0540571077453099,2.42660232389645e-06,0.000154140653713627,3.83645074274263e-05,4.24119859552421e-05,0.328521840027614,0.000284206113731322,-1.88431324913047e-05,4.81779807530707e-07,2.4021464305384e-05,-0.000291931001120333,-1.12603126564285e-06,-6.47681032680548e-05,-7.60643249720724e-06,3.82097120975897e-05,-0.000317833917942894,-8.47517047036648e-05,-1.835160302895e-05,1.57708844474717e-06,-2.50606838079422e-05,9.0187356264776e-06,-3.95629088228898e-06,8.31445064490648e-06,-0.000218247269795805,1.02086223156885e-05,-3.49659075840332e-05,1.63080111506325e-06,4.07963800307366e-05,0.0131694582874764,3.60991810790764e-05,1.82578554235805e-05,-5.14942167056611e-07,0.00345248773538977,-2.79165007378467e-05,3.08436934690069e-05,-3.14708581849476e-05,7.73465234506414e-05,-5.54208464746856e-05,7.09594851997006e-05,-6.72907804533207e-05,-0.000184826943311809,1.1202055784817e-05,-0.000115132562292763,1.17280694555697e-05,-1.92705694664355e-05,3.72686765014175e-05,0.00122894551491235,3.92886024919826e-06,0.000117634468714753,-2.2492035186895e-05,-2.88034436908715e-05,1.79768817814689e-06,4.94736902754775e-05,-3.22720256253389e-07,-0.000263115851563431,0.000226891890257635,-0.00070946748747234,-0.000110945987488135,-0.0301477666755985,-0.000579143357028536,-2.49328165327258e-05,-1.3083872816711e-05,1.16883857497455e-06,7.34345811675111e-06,7.24843112921072e-07,6.36742615442718e-08,-2.20517093968901e-07,-6.40384754831721e-06,-1.13596449992393e-06,-4.60484687825738e-06,9.86165160266005e-06,-3.54411336602231e-06,-3.14620080460466e-07,4.77664924337956e-06,-5.93757699613037e-05,-1.53282466202506e-06,-5.07502355736863e-07,-4.64485999312425e-05,5.06983883377837e-06,-2.67840843014979e-06,-7.19724651128121e-05,0.00745663484876109,-1.98755954134124e-05,1.90254863851723e-05,3.25177639161228e-07,1.61666611738897e-05,2.13936232043796e-05,-4.78465083983908e-05,-8.40169163509487e-06,9.5955975929494e-07,1.84794480589244e-06,5.95323491505698e-06,7.12012690499108e-07,5.28183913840322e-07,-0.00224997810342153,-1.06127096875577e-05,-7.47236084390049e-05,0.000230671686358158,7.95274155648568e-05,-1.18307149677326e-05,-6.16698455974812e-08,-1.33562477258465e-06,-4.1899132469126e-07,-4.64565579834503e-05,1.06740620571311e-05,4.78480772738018e-05,-7.9462257379061e-05,-1.30126662148565e-06,2.39643181027869e-06,9.5310710481082e-06,2.25759118305161e-08,1.63194586272987e-06,-2.30771008114395e-06,-4.25488574562802e-06,-4.02573633573948e-06,2.53484089231336e-06,1.08290176905264e-06,1.08048304352205e-06,0.000179955663181501,-2.9355229230169e-08,-6.84064605167708e-06,-7.79995747864454e-06,-5.15621812793462e-05,5.02228535550962e-06,3.50870504139608e-05,-3.76038042910016e-05,-3.12021807405163e-07,-0.000155790400411963,6.76241100373376e-05,-0.00017973010108039,-1.69057789839488e-05,-1.83371145273554e-06,-0.00161373948639108,3.10331067424904e-06,1.47257827351139e-06,-2.73719807670861e-06,-1.38380643186542e-05,-7.59148076067616e-05,0.000124376398620963,0.0025781486454425,7.91653322998667e-05,-2.16129513375442e-05,-0.00133044004129915,-0.000109654515557831,-8.43080600394267e-06,-1.3687330870373e-05,-1.1321841925836e-05,4.58837550408061e-05,9.61317169996245e-06,4.099688802577e-06,6.8982569893471e-06,-3.87245012730521e-07,-1.23801300772335e-06,-3.62012318289206e-05,-3.47286040741556e-16,-0.000646145502895878,8.49618418753695e-05,-1.50307525809171e-05,-5.90698053010969e-05,-5.91279900410091e-05,1.33730391882002e-05,-1.76863747046794e-05,0.000134110635346813,-1.72096051433168e-06,1.50702859681751e-07,-5.9764055493915e-05,0.00114053944752359,-0.000112974671116975,0.163352306377946,0.00014292922148694,-1.69606216237866e-06,8.19446420832802e-08,-3.14819812872507e-06,1.99642828131704e-06,-3.06277522126091e-05,-4.06597754361458e-06,6.93556503145961e-07,-1.27854309776902e-05,2.34792499931834e-06,-0.000243461441527322,1.89619156736869e-05,-1.01746143578131e-06,3.41963400662946e-07,-5.79804604938496e-08,-2.11293610870626e-05,8.84689007216056e-06,-2.98708150898265e-07,-1.16032931503287e-07,2.29500876551043e-07,-3.63397124082256e-06,2.41536187737165e-06,-2.66967509887561e-06,6.46700936459446e-06,-4.34980255459447e-06,2.80736429335891e-07,-2.52164683598072e-06,1.54480760662215e-07,-4.10027404157325e-07,2.1080057862237e-16,6.92960854013396e-07,2.23629050224462e-08,3.12618164756359e-11,1.19379019427538e-07,5.0426171941618e-10,-3.69705135733716e-09,-2.34779375059245e-08,1.31712988345708e-08,-5.72973752612343e-05,1.42238213944688e-06,6.76831116068517e-08,-9.15750512326663e-08,1.25500811514298e-06,-1.57970324309197e-06,7.56042901099572e-06,-1.33603830959814e-06,3.47110035551536e-06,9.36544236309196e-08,9.48073615035122e-08,6.70547252035171e-06,-0.025312835111492,-1.0675878840118e-06,6.03723287127363e-06,-7.87543834208503e-07,-2.85751162930126e-06,8.69560055824158e-06,1.24830289309704e-05,0.155298521933015,4.73143013606744e-05,5.00149874323764e-06,-4.33416787019134e-06,1.07909649158198e-05,-2.37399025042211e-07,-1.85874662608425e-06,2.67373433833317e-06,-6.70366823509466e-16,-2.41064981730278e-09,-1.72385594295122e-06,1.31750579169892e-07,-5.10360688954619e-07,-8.57745490539983e-08,-1.2688756663576e-07,-2.70174972748475e-07,3.54178704976369e-06,-1.00357235553559e-06,-4.88342433307064e-14,-1.20199892572961e-06,-0.502894992371067,4.65356384187355e-08,-2.71523797313865e-07,-1.46952977324576e-07,7.3539655315143e-09,1.78474565153189e-07,-3.20976141047683e-08,2.52408820838328e-08,1.09708356745319e-07,-4.80586857115498e-06,-8.29911179827803e-08,-4.85661344975837e-09,-1.05868956876425e-09,-1.08148120536098e-07,9.40313694528524e-08,-1.36680109753257e-07,6.90980435690572e-16,-7.46429694147937e-07,6.17996938456333e-08,1.7819244131617e-09,1.77803695800266e-08,-4.4690990732856e-07,-1.09812014475498e-06,7.68599514419507e-07,-2.81246187601458e-06,-1.07121427054791e-07,-2.49579919336219e-16,-2.01797381887889e-07,-1.06439270924327e-07,-2.66409927301978e-07,-2.88890771315147e-16,5.19948061911617e-07,1.0017481954069e-06,-1.53475818027603e-07,-4.35581498659592e-07,-1.47292326324347e-07,-7.97477971626872e-08,-2.88189672505759e-06,9.17016032117167e-08,0.00010591355665029,4.73547664123901e-08,1.82763879627479e-07,3.501687639719e-07,-1.97642387804938e-17,-1.50551200430279e-07,3.84572955344061e-07,0.000223256607912673,-2.2616784262889e-07,3.98047974561943e-16,-2.3735530870026e-07,6.09036292503881e-08,-1.13190636687261e-07,-1.26090410777865e-05,-2.58728564252914e-07,3.68481471111733e-07,-3.77774510918322e-06,5.50530631611208e-07,-8.3200507328877e-17,2.07172453328552e-06,-5.2637979989115e-07,1.47291794810095e-06,2.60712958683339e-06,-2.65082309618803e-07,-1.78296761223456e-09,-6.68735899989059e-16,7.59766984923479e-17,-1.74107914110208e-09,-2.97127256101341e-07,3.92194358418515e-08,-3.01480001939263e-07,1.20166524660119e-15,-1.45759951109831e-07,-1.7350572659467e-09,-2.33949021378623e-15,-1.8808891654822e-17,-5.49759306049901e-16,3.77975534955594e-07,1.12050714080694e-06,-0.000194907068764185,9.44933300301193e-07,4.72095347547402e-07,9.83107590265655e-07,-5.65600589916106e-07,-6.0311765992097e-16,-1.25659992461891e-07,3.54528862846077e-07,7.93450808516559e-16,-9.06320058903957e-17,-2.26120480329562e-07,-9.22821281088467e-11,-1.34744601407027e-07,5.54669671096681e-07,1.33870178362659e-07,-3.78575691609839e-08,-1.98026985711058e-16,-1.27433607724895e-07,-5.56966414795889e-16,-4.35538318345394e-07,7.94720192431875e-17,-1.5113213233469e-07,-5.56603774499689e-16,5.76596198398516e-05,1.61691911866449e-07,5.16038208019064e-08,6.78960848784544e-07,4.45651044953581e-07,-5.12582146796932e-08,3.25628095131306e-07,8.55861434317246e-08,4.16350694665456e-07,3.84122784334211e-08,1.14830239884338e-07,-3.241440932037e-07,-4.20581405824639e-07,-3.41873607313905e-08,-1.55815242891182e-07,9.68631939071943e-17,1.46266741943363e-06,-2.52806880732715e-07,1.55830732575074e-05,1.05224242959739e-16,1.74597705975846e-08,4.74401805719252e-07,1.69871437124105e-06,-1.60474424415902e-17,-5.45414265675167e-07,-2.19480804640798e-07,1.5172381835883e-15,-2.90377177914782e-07,8.63765318510336e-07,-1.02027249781237e-15,2.04182652485301e-16,-3.17781182960583e-08,-1.28905849971568e-07,-7.3556460962646e-10,-1.02240303520125e-06,2.72646759425127e-07,1.06210136419349e-07,7.73356632668202e-08,8.67854362690107e-05,-1.60971480591071e-06,3.49850357017623e-15,4.40394379558947e-09,2.29021650490715e-09,6.32704842171689e-09,5.92828631539955e-07,1.23521766872729e-15,1.91800705706802e-15,1.95311760774629e-07,-3.5246793162147e-15,-2.24979934411681e-16,0.00014397460851951,-1.35243749084371e-06,-3.35793144053207e-07,-1.38480562957582e-08,8.66804286052572e-06,1.67369472298052e-06,4.70799204122583e-08,3.81736137359176e-15,1.10212199392409e-07,5.15307851288563e-09,2.36544530228685e-08,-3.15683385866193e-07,1.24995834429978e-06,0.707106781186547,-2.49909603789807e-13,-1.62233086297136e-14,-8.29441365689478e-08,-5.27665838306639e-08,-2.32195958915369e-07,-1.01099786752238e-11,-4.05338023511773e-08,-1.68166901757884e-14,-1.04165712861803e-14,5.04808043601283e-06,-1.10851092854103e-07,-5.86987056183652e-15,-2.73313542757354e-07,-1.8702733786078e-07,-9.68375881744563e-15,0.000137728350230082,6.81615487938955e-16,1.12969636577175e-07,-1.55879485253425e-15,1.12748514381863e-07,9.76216707007608e-07,4.67955588743991e-08,3.32740113992048e-08,2.2862089893937e-07,-1.51579345855109e-07,3.17169042226696e-07,6.09733682971988e-16,2.76996447929002e-06,-1.56406261928697e-07,-4.80366551875837e-16,-2.061636676609e-08,-3.17706182336453e-07,9.77875745911489e-08,-1.39189498786455e-15,2.37589879719243e-07,4.16008345799321e-07,2.30913726916368e-16,-7.85885052648578e-07,-1.73895074286454e-07,-1.20027052028219e-08,1.66921452164634e-15,8.55637341178563e-16,1.6261744126725e-07,4.98589544759518e-08,4.03494349480751e-09,-8.6370745878835e-08,2.97549214358831e-08,-1.8914125724724e-18,-4.76285727987423e-16,1.08698741320025e-07,7.49315190575383e-10,8.8928228694889e-16,2.62999587402126e-07,-4.17693480445034e-17,1.8027086604149e-07,-5.04536914368649e-08,-2.94825073266194e-08,-1.95533844203487e-07,-9.07750242239668e-16,3.04845751527878e-16,-1.23427237994578e-15,-1.40427920230015e-17,-2.0866123746036e-08,-7.23986543441854e-08,-1.60509231973427e-15,-3.66497939025915e-15,-2.28657749017841e-16,1.02009409772839e-07,9.17129228221507e-10,-5.05597050902606e-08,1.79056558205696e-16,2.24931293209274e-15,-2.26525070402828e-15,-1.64586308169412e-06,6.66739810641931e-08,-1.27379370651094e-16,1.17134615554043e-08,-3.06612932333125e-07,6.38799781208869e-17,4.47510102213593e-16,-1.60363233543423e-07,-1.64321322881692e-09,-7.95252283533435e-08,-2.43189488585068e-16,8.96201756463619e-08,1.30628804956525e-07,1.40343378824623e-07,-1.2834035708374e-07,-4.08573872123791e-05,7.42572351780441e-09,8.27774902970665e-16,-1.41250032288871e-15,-2.64985269282022e-16,1.41924081855331e-07,-1.28509168765408e-07,-3.66290254493879e-08,-2.89010309466406e-08,-6.80405608268389e-16,4.84611611092966e-16,-2.21669204817153e-16,-5.53807109568362e-16,4.85526105175925e-16,1.83043985351847e-07,3.30368851819227e-16,-1.30924563908877e-16,-2.24231390841659e-08,5.38517465569783e-17,-2.00737390025856e-08,-5.26927394192583e-17,-2.48894524661907e-08,1.69862422856522e-16,-3.02038394849276e-08,-3.78185486955109e-09,-4.56764323687864e-07,2.72976324149405e-17,1.21602748685618e-07,1.18527300386521e-16,1.72901078365909e-07,-4.03392227140529e-07,1.68755854140018e-09,-1.23384104974921e-16,2.46405810314111e-07,-2.46963423047444e-16,-6.06631539355963e-08,-3.4243412728327e-07,-9.204753568099e-17,1.7767743312628e-16,2.41769466114643e-16,9.7389528922961e-17,-1.15112483016229e-09,-1.49953765959965e-08,-3.34980605296918e-09,-1.75925567199551e-16,1.70293266814977e-16,-4.69418763481256e-08,3.82947769969871e-07,-5.88548877296085e-16,4.70350672844794e-16,-1.53369891270311e-08,-3.02080654290335e-16,-1.08747522473883e-07,-3.53567743352801e-18,1.02832083010753e-06,3.99018629673364e-16,-8.0983602188949e-18,-3.21320474618493e-17,3.3742059150526e-16,3.06379095003302e-16,4.32126201195757e-16,2.62145977866697e-08,-1.83341483152585e-07,9.02901175615088e-17,-9.20963806816967e-08,3.50483273530385e-07,1.73664814491306e-16,-2.25636584717573e-17,9.63522467623646e-17,-3.44982549952225e-16,3.46204874312352e-08,5.53915131026852e-09,1.89057832682757e-16,-3.61096544166585e-16,-6.29327540685233e-08,-2.24508503747012e-07,-4.49695872483288e-09,2.1088682663084e-16,3.30988216648504e-16,1.24063628400964e-17,-5.56019881982183e-17,9.79529440700557e-17,8.90912859339325e-16,1.33131316558364e-07,-1.25959615669327e-07,-2.42278468679034e-08,-6.27251722662241e-17,-5.903350447477e-17,7.91685333457409e-16,6.07096583005399e-16,-2.85380469886911e-17,-2.64987131250276e-16,1.34098508864949e-16,-1.16408783037362e-18,-1.63331710907768e-16,-2.17217824650863e-16,-4.38464426643249e-18,-1.00644878494485e-17,-1.63116799999128e-16,9.64832406185212e-17,1.76664070394389e-08,2.2185655160522e-16,-4.36102542456714e-18,7.05923899888587e-17,2.50219050700939e-07,-2.27876772165761e-09,-2.03662598125196e-16,-6.45919635539486e-09,2.28883200250886e-07,-2.53019353816839e-16,-5.52786643161105e-16,-3.33969395311502e-07,3.291192101063e-16,5.64635786790108e-09,1.30643859681672e-16,1.4757161670717e-16,-1.61816439317476e-16,7.6030743932024e-17,4.18405380380794e-09,-5.74621119263766e-07,-4.4059249923903e-16,-3.56703641596997e-17,7.33700709069666e-17,-7.040907769335e-16,-4.82686807190547e-16,2.88358343574745e-16,-3.0268271242403e-16,-5.42559647599825e-17,9.19535852197983e-09,-1.17728762377481e-16,3.09789612543429e-16,-1.46910711006048e-16,2.70539638958366e-16,-5.51867888287379e-17,1.81127880473523e-16,-1.37309704529947e-07,3.65686344618898e-17,-4.00168921067609e-16,1.02394660019455e-07,-2.80797640311136e-16,2.69655096150409e-16,1.79043617122375e-16,1.46130065261651e-16,1.13185659333622e-07,-3.15107572836974e-17,-6.31984876966912e-08,5.36363213530986e-17,3.53229917274003e-16,1.02380800011746e-16,-1.16263107065415e-16,1.79008533527807e-16,-2.15120508432219e-16,2.28551075742471e-09,8.19675783886889e-17,-1.98815208969414e-17,1.70623758742765e-08,-2.85501945061545e-07,2.76497488156552e-17,2.00107659555537e-07,2.931325902773e-08,4.09485754961719e-16,7.29079452779574e-17,-1.22284694647154e-18,1.76672577271255e-16,2.16616322681568e-16,-4.93598648581233e-08,6.71500023923968e-16,-1.47937487436336e-16,-1.21520260675711e-16,1.97739118387741e-08,-2.38846534386122e-16,-1.65885717062243e-16,6.95343051023616e-17,6.57434540965125e-17,-9.01677126910233e-09,-1.86021116861183e-16,3.58855237992311e-09,2.99758213897852e-16,-6.42270153027997e-16,3.42008809509692e-16,-2.1582938209881e-16,-1.14104203700975e-16,-4.23507713934326e-16,-2.35350532692426e-16,-6.23412538255496e-08,-1.53310010762491e-16,-9.75121340101536e-17,2.62172199661134e-08,1.89248389399704e-16,-1.95261986517247e-16,2.40949806026271e-18,-7.95645806895705e-17,5.87042878953979e-17,-3.05944780357045e-17,-1.43866683767908e-07,1.59031317528122e-16,-1.50412899932429e-16,5.66754868211758e-08,1.54126361920113e-17,-6.70756521494061e-17,2.45945256441361e-17,-3.27119245141466e-16,-2.04244492380458e-16,-1.68341371228575e-16,-9.9091827334057e-17,-1.78989796522977e-16,1.34606395059617e-16,1.3203942786971e-16,-1.42694910014297e-16,-2.97834762041396e-08,9.87833638563009e-08,-5.844315547007e-16,-1.92976762773898e-16,-1.62432538203699e-16,1.41906622434281e-16,1.09070738552042e-16,-1.15116032424036e-16,7.90558641137974e-17,4.02709511078695e-16,-6.48034474158277e-09,-1.03290268989349e-16,3.50736430344573e-17,-6.08084632335134e-17,8.79654462363651e-17,8.30581394399755e-09,1.79736475643312e-16,-1.74344967027198e-09,-2.09329761620949e-17,9.44142321717024e-17,1.83312324925288e-16,-1.91352351370649e-16,2.05655746095027e-16,-6.03897621966689e-16,-2.51095886962958e-16,1.30552242638783e-16,-1.59104571754508e-16,-2.89712627427849e-16,1.66777306097051e-16,1.07458471369446e-16,-1.95268957742314e-16,-5.86219065793632e-17,1.86557162718796e-16,-3.19100488470191e-17,-7.34105814206956e-17,-3.2945829511701e-16,-2.04351612542332e-16,-2.58701286257164e-17,-5.90077032375236e-16,3.37305352147314e-16,-4.1164779089158e-16,-8.1729516386368e-17,3.57501819761385e-16,6.30002719151292e-10,1.68345906736772e-17,-6.51360586113054e-17,1.94477521488014e-18,-8.09730890362541e-18,-1.51256495976883e-16,1.6512003552914e-17,-2.42840875364354e-16,1.75450546667224e-16,-5.90883316855965e-17,1.75393890392287e-16,2.49258079454417e-16,3.87963222511961e-16,5.31850834689687e-17,-3.90665773705152e-18,-5.40365057135443e-17,-2.29233971414858e-17,-9.49658284817024e-17,-8.13254034984393e-09,-1.79430706940399e-17,1.7854751839806e-16,-4.23830003422473e-17,2.87069481056446e-16,-1.0814980651219e-16,-9.17959096711954e-17,8.00094574074689e-17,-1.6309711083706e-16,-7.92471219577756e-17,1.72842735462465e-09,4.01478363455357e-16,9.51420080921805e-17,-2.10122093552088e-16,-1.33288863087161e-16,-2.37976320968587e-16,2.8852041852388e-17,-2.1366966563723e-16,-4.18716572032821e-17,-2.27515448498014e-16,-1.07687041453972e-17,-3.02475615296778e-16,-1.33093880011678e-16,1.19422263347673e-16,8.74716524513529e-09,-2.0659276154127e-16,-4.36728892069881e-17,-4.44572948904504e-17,-1.54412073405386e-15,-2.63663747672919e-08,2.07081550516137e-16,9.8891152918291e-18,-4.6639178802732e-17,7.86700601982849e-17,5.04780925785026e-17,9.96658856953743e-17,2.40625875931749e-16,8.622779809403e-17,-1.49924963472819e-16,6.47830250491361e-17,-4.8492985853295e-17,1.79720194922832e-16,-6.41001155665207e-17,-4.82245063630446e-17,9.07390893653364e-17,6.22231905507512e-17,-2.03793293806561e-16
"t129",-0.0076820767357866,0.0226399383984404,0.0258872292961567,-0.00803566203234672,-0.128004058298633,-0.0282299742910336,0.018175696113496,0.000290207894998301,0.000955479996897146,-0.00206668926825656,-0.000550902542806173,0.00323032931718598,-0.00472136714885216,-0.000458791295367154,-0.00317615924823219,-0.000874305650969483,-0.000811609027254218,0.000339790811937161,-0.00030061990151542,0.000217076862516773,-0.000791189097483844,0.000157725573502041,-0.000325071819467371,0.0006716934238486,-0.000105339450439275,0.000241190225332398,-0.000299204556419573,0.000275495515263728,-0.00234727708155989,0.00549686221521784,-1.25893976789323e-05,1.7054440804773e-05,-0.000688674164284357,0.000104939429285344,-1.24029284516629e-05,-1.1517985806923e-05,-5.13520287031645e-05,2.85458926202851e-06,2.21543736682711e-05,5.51175442070568e-06,0.000232419629017179,-2.33903866623744e-05,2.14468980821948e-05,-1.80564768009433e-05,8.28979877478056e-05,-0.0153651295465697,1.45078387388083e-07,-3.93135034433897e-06,6.10164970529376e-07,8.24982470549252e-06,-2.43874100258555e-05,2.01454616481584e-05,-2.91993400596019e-08,1.33138452322401e-05,-7.16830866661609e-06,7.96601958849534e-05,-7.47033676830322e-06,0.000637006710822926,-0.000222623673953066,8.13050427798665e-05,0.000169757854655515,-0.000347940993683484,0.249603897239345,0.0327891132709935,-0.000242870276897472,0.000563009100940252,-1.13425637153093e-05,0.000339083729952656,-0.000868063895814486,0.000306814843840619,-2.86089203794337e-05,6.44289936577894e-05,-1.55374000306612e-05,-0.00013293394219644,5.54789915958048e-05,3.83517535904992e-07,-0.000464607081616275,4.84913248668642e-05,-0.00017088109816057,-0.000204064813131055,6.48519095929914e-05,0.00100207780783372,-0.000277261213930231,-0.0540571077453099,2.42660232355987e-06,0.000154140653713711,3.83645074274644e-05,4.241198595526e-05,0.328521840027614,0.000284206113731277,-1.88431324914535e-05,4.81779807580147e-07,2.40214643054305e-05,-0.000291931001120489,-1.12603126561577e-06,-6.47681032679605e-05,-7.60643249719129e-06,3.82097120977043e-05,-0.000317833917942683,-8.47517047036663e-05,-1.83516030290296e-05,1.57708844466432e-06,-2.50606838083462e-05,9.01873562649767e-06,-3.95629088235184e-06,8.31445064500263e-06,-0.000218247269795728,1.02086223158311e-05,-3.49659075839463e-05,1.63080111503674e-06,4.0796380030694e-05,0.0131694582874766,3.60991810791044e-05,1.82578554234139e-05,-5.14942167045944e-07,0.00345248773539007,-2.79165007376996e-05,3.0843693468825e-05,-3.14708581850074e-05,7.73465234507163e-05,-5.54208464744365e-05,7.09594851996452e-05,-6.72907804532458e-05,-0.000184826943311895,1.12020557848563e-05,-0.000115132562292674,1.1728069455695e-05,-1.92705694663913e-05,3.72686765013716e-05,0.0012289455149124,3.9288602491623e-06,0.000117634468714924,-2.24920351864315e-05,-2.88034436906759e-05,1.79768817767608e-06,4.94736902749318e-05,-3.2272025626272e-07,-0.000263115851563779,0.000226891890257822,-0.000709467487472751,-0.000110945987488286,-0.0301477666755986,-0.000579143357028574,-2.49328165327812e-05,-1.30838728170213e-05,1.16883857503257e-06,7.34345811717989e-06,7.24843112990756e-07,6.36742615814989e-08,-2.20517094195969e-07,-6.40384754839463e-06,-1.13596449986894e-06,-4.60484687863013e-06,9.86165160255009e-06,-3.54411336607219e-06,-3.14620080350169e-07,4.77664924332743e-06,-5.93757699612927e-05,-1.53282466202038e-06,-5.07502355797026e-07,-4.64485999310379e-05,5.06983883391647e-06,-2.67840843028004e-06,-7.19724651130909e-05,0.00745663484876105,-1.98755954134139e-05,1.90254863851939e-05,3.25177639115325e-07,1.61666611738569e-05,2.13936232043635e-05,-4.78465083984201e-05,-8.40169163519109e-06,9.59559759004506e-07,1.84794480591972e-06,5.95323491496335e-06,7.12012690528251e-07,5.2818391381153e-07,-0.00224997810342185,-1.06127096874776e-05,-7.47236084389475e-05,0.000230671686358077,7.95274155648324e-05,-1.18307149678264e-05,-6.16698456718436e-08,-1.3356247726148e-06,-4.18991324685333e-07,-4.64565579833034e-05,1.06740620570615e-05,4.78480772738826e-05,-7.94622573789596e-05,-1.30126662132513e-06,2.39643181044676e-06,9.53107104826276e-06,2.25759117214092e-08,1.6319458627832e-06,-2.30771008109391e-06,-4.25488574555685e-06,-4.02573633602181e-06,2.53484089218902e-06,1.08290176902613e-06,1.08048304352626e-06,0.000179955663180949,-2.9355229380446e-08,-6.84064605161345e-06,-7.79995747855668e-06,-5.15621812788249e-05,5.02228535537215e-06,3.50870504140849e-05,-3.7603804291204e-05,-3.1202180724355e-07,-0.000155790400412122,6.76241100375296e-05,-0.000179730101080074,-1.69057789839149e-05,-1.83371145283122e-06,-0.00161373948639047,3.10331067384405e-06,1.47257827343741e-06,-2.73719807671618e-06,-1.38380643186352e-05,-7.59148076068023e-05,0.000124376398620669,0.00257814864544241,7.91653323002379e-05,-2.16129513374434e-05,-0.0013304400412994,-0.000109654515558065,-8.43080600390389e-06,-1.36873308705767e-05,-1.13218419260109e-05,4.58837550409531e-05,9.61317169982273e-06,4.09968880256344e-06,6.89825698931658e-06,-3.87245012704577e-07,-1.23801300758528e-06,-3.62012318288015e-05,-1.81897534209405e-16,-0.00064614550289564,8.49618418760764e-05,-1.50307525809119e-05,-5.90698053011718e-05,-5.91279900410186e-05,1.33730391879267e-05,-1.76863747048243e-05,0.000134110635346539,-1.72096051456677e-06,1.5070285951256e-07,-5.97640554938418e-05,0.0011405394475236,-0.000112974671117094,0.163352306377945,0.00014292922148697,-1.69606216259618e-06,8.19446428330602e-08,-3.14819812868427e-06,1.99642828139198e-06,-3.06277522138876e-05,-4.06597754351934e-06,6.93556502853254e-07,-1.27854309776691e-05,2.34792499926329e-06,-0.000243461441526893,1.89619156734291e-05,-1.0174614357988e-06,3.4196340067274e-07,-5.79804603081139e-08,-2.1129361086955e-05,8.84689007215909e-06,-2.98708150905079e-07,-1.16032931277944e-07,2.29500876432293e-07,-3.63397124066335e-06,2.4153618773568e-06,-2.66967509885328e-06,6.4670093645003e-06,-4.3498025541455e-06,2.80736429646646e-07,-2.52164683587985e-06,1.54480760794941e-07,-4.10027403605671e-07,-7.09149825110514e-17,6.9296085417719e-07,2.23629048880508e-08,3.12619328422917e-11,1.19379019496573e-07,5.04261621741283e-10,-3.69705145186454e-09,-2.34779368568638e-08,1.31712986792424e-08,-5.7297375261255e-05,1.4223821396697e-06,6.76831120794966e-08,-9.15750513410899e-08,1.25500811455238e-06,-1.57970324317791e-06,7.56042901021483e-06,-1.33603830897191e-06,3.4711003554528e-06,9.36544235751886e-08,9.48073612605753e-08,6.70547252039623e-06,-0.0253128351114911,-1.06758788397879e-06,6.03723287132321e-06,-7.87543833948894e-07,-2.85751162967986e-06,8.69560055847931e-06,1.24830289307984e-05,0.155298521933017,4.73143013605361e-05,5.00149874321228e-06,-4.33416787007062e-06,1.07909649156767e-05,-2.3739902532242e-07,-1.85874662617161e-06,2.6737343382661e-06,-6.0457816147976e-16,-2.41064966945387e-09,-1.72385594288601e-06,1.31750578611961e-07,-5.10360688605295e-07,-8.57745491989919e-08,-1.26887566199352e-07,-2.70174973387458e-07,3.54178704908395e-06,-1.00357235591236e-06,-4.93014350450092e-14,-1.2019989261911e-06,-0.502894992371065,4.65356380069593e-08,-2.71523797444264e-07,-1.46952977156824e-07,7.35396547460914e-09,1.78474565375016e-07,-3.20976140491831e-08,2.52408821906485e-08,1.09708356471802e-07,-4.80586857067141e-06,-8.29911170685197e-08,-4.85661358623717e-09,-1.05868855026473e-09,-1.0814812078833e-07,9.40313696122814e-08,-1.36680109486746e-07,-6.54562958467336e-17,-7.46429694717681e-07,6.17996933766074e-08,1.78192445802737e-09,1.77803690273399e-08,-4.46909906918366e-07,-1.09812014462369e-06,7.68599514294706e-07,-2.81246187629987e-06,-1.07121427670347e-07,3.15889224928904e-17,-2.01797382242101e-07,-1.0643927027461e-07,-2.6640992765315e-07,-3.52514927472346e-16,5.19948061683497e-07,1.00174819510341e-06,-1.53475817306531e-07,-4.35581498550901e-07,-1.47292326767589e-07,-7.97477974227158e-08,-2.8818967247633e-06,9.1701603519198e-08,0.000105913556650532,4.73547662185254e-08,1.82763880019133e-07,3.50168764365798e-07,-7.17794906899881e-17,-1.50551201202161e-07,3.84572955191922e-07,0.000223256607912129,-2.26167842439217e-07,-1.43112383940118e-16,-2.37355308411278e-07,6.09036285618113e-08,-1.13190636865308e-07,-1.2609041079052e-05,-2.587285643051e-07,3.68481470578083e-07,-3.77774510860648e-06,5.50530631664611e-07,-9.80328047662922e-17,2.07172453328721e-06,-5.26379800258912e-07,1.47291794738804e-06,2.60712958621471e-06,-2.65082310033772e-07,-1.78296767919697e-09,5.56846235788555e-16,2.25773321963883e-16,-1.74107862585437e-09,-2.97127254615219e-07,3.92194360951831e-08,-3.01480002249979e-07,7.67990040737882e-16,-1.45759950035954e-07,-1.73505656844947e-09,-1.08053076204078e-16,-1.35026691116243e-16,4.17999135596659e-16,3.77975534477991e-07,1.12050714186022e-06,-0.000194907068763409,9.44933301962991e-07,4.72095346563266e-07,9.83107590546596e-07,-5.65600589423082e-07,9.29379507267609e-17,-1.25659992212245e-07,3.54528863516834e-07,-3.50435426174336e-16,-3.28253547888975e-16,-2.26120480167735e-07,-9.22816707499426e-11,-1.34744604594058e-07,5.5466967151579e-07,1.33870181834166e-07,-3.78575698117902e-08,-1.444131882816e-16,-1.27433607607136e-07,1.27402337121552e-15,-4.35538318970459e-07,-1.04774587443568e-15,-1.51132132631351e-07,8.36776353999078e-16,5.7659619839976e-05,1.61691911473989e-07,5.16038199083691e-08,6.78960850452421e-07,4.45651044685405e-07,-5.12582146598237e-08,3.25628095597709e-07,8.55861429354303e-08,4.16350695328665e-07,3.84122805878899e-08,1.14830236701274e-07,-3.24144090725387e-07,-4.20581405815949e-07,-3.41873614765666e-08,-1.55815244254128e-07,-4.80171421964829e-16,1.46266741933669e-06,-2.52806882496803e-07,1.55830732536508e-05,2.469109625548e-17,1.74597700807727e-08,4.7440180634227e-07,1.69871437103724e-06,-6.47129456513716e-18,-5.45414265705408e-07,-2.19480803993025e-07,-1.35749663894749e-15,-2.90377179503996e-07,8.63765317043501e-07,1.23150210244828e-15,-1.57189004044485e-16,-3.17781208835943e-08,-1.28905847838436e-07,-7.35569910428871e-10,-1.0224030308477e-06,2.72646759477452e-07,1.06210135233697e-07,7.7335661389866e-08,8.67854362642447e-05,-1.60971480647717e-06,-2.29671967208467e-15,4.40394448342855e-09,2.29021241277656e-09,6.32704937242573e-09,5.92828631893852e-07,-9.11078200062264e-16,-2.12318155474972e-15,1.95311761137277e-07,3.59907455287349e-15,4.13615658409973e-16,0.000143974608508116,-1.35243749416494e-06,-3.35793139590493e-07,-1.38480577708418e-08,8.66804285080922e-06,1.67369471957004e-06,4.70799208197288e-08,-3.77295292841486e-15,1.10212194020346e-07,5.15308533204733e-09,2.36544586496834e-08,-3.15683387533354e-07,1.2499579734315e-06,-0.707106781186548,2.49702813045674e-13,1.59642547481654e-14,-8.29441667725883e-08,-5.27665973554166e-08,-2.3219597340954e-07,-1.01170307408925e-11,-4.05337998838358e-08,1.60641530546683e-14,1.04783667755066e-14,5.0480804486604e-06,-1.10851088033837e-07,6.96296319213641e-15,-2.73313550338384e-07,-1.87027338618302e-07,9.25869648001833e-15,0.00013772835020279,-2.55300164337792e-16,1.12969634045812e-07,1.28071967856686e-15,1.12748510252263e-07,9.76216702318906e-07,4.67955561352762e-08,3.32740164009005e-08,2.28620898659682e-07,-1.51579342514601e-07,3.17169040128448e-07,-4.79506443373839e-16,2.76996447743498e-06,-1.56406259430443e-07,4.79036232743459e-16,-2.06163624110228e-08,-3.17706182719767e-07,9.77875745127759e-08,1.69070740321693e-15,2.37589880510994e-07,4.16008346244877e-07,-1.80596316054335e-16,-7.858850533191e-07,-1.73895073613957e-07,-1.20027065542708e-08,-1.62162554364752e-15,-8.7658039808085e-16,1.62617441036814e-07,4.98589555163138e-08,4.03494387804539e-09,-8.63707438665209e-08,2.97549205146593e-08,-4.99321045464307e-17,3.62233678212777e-16,1.08698740685827e-07,7.49314416597748e-10,-1.06990219512602e-15,2.62999588203911e-07,-2.96233242532853e-17,1.80270866189319e-07,-5.04536925063836e-08,-2.94825080594447e-08,-1.95533843999122e-07,4.79192115661624e-17,-2.1343236612671e-16,1.1924154942105e-15,-5.45314447081845e-17,-2.08661229279922e-08,-7.23986531565457e-08,1.88095354107231e-15,3.48303215108922e-15,-3.26217764541734e-17,1.02009409529644e-07,9.1712583955497e-10,-5.05597049703897e-08,-2.17656440337453e-16,-2.13116200034613e-15,2.32892047660749e-15,-1.64586308165144e-06,6.66739808980851e-08,2.96678654192927e-16,1.1713462681373e-08,-3.06612931236099e-07,-2.9770091732744e-17,-3.82940227200052e-16,-1.60363233448964e-07,-1.64321226101809e-09,-7.95252285041791e-08,2.94167684998457e-16,8.96201754699773e-08,1.30628803829661e-07,1.40343379118466e-07,-1.28340357078234e-07,-4.08573872103599e-05,7.42572316711619e-09,-3.70985891028378e-16,2.63152975557639e-15,7.27936283293521e-18,1.41924083146175e-07,-1.28509167485385e-07,-3.66290262110262e-08,-2.89010309073708e-08,6.62966623220307e-16,-5.13011481041314e-16,1.11982509316424e-15,5.39619437212458e-16,-5.51513192715004e-16,1.8304398571355e-07,-4.84123554830684e-16,1.71208816578379e-16,-2.24231392419242e-08,8.43060512794381e-17,-2.00737392728767e-08,2.27698946647391e-16,-2.48894521874638e-08,-1.14444934958761e-16,-3.02038389495097e-08,-3.78185496235975e-09,-4.56764322051018e-07,-6.77264149924222e-18,1.21602748965022e-07,-9.79493947158578e-17,1.72901078686094e-07,-4.03392225954487e-07,1.6875583064356e-09,-3.7812279685644e-17,2.46405811450563e-07,1.88480649571493e-16,-6.06631531805693e-08,-3.42434126905416e-07,1.66315688140227e-16,-2.14648732418505e-16,-2.92181854818664e-16,-2.08550269953883e-16,-1.15112482685408e-09,-1.49953769438384e-08,-3.34980694972205e-09,2.9285030070797e-16,-1.84260282142077e-16,-4.69418763154673e-08,3.82947769379631e-07,5.89708134952276e-16,-3.80593590268662e-16,-1.53369894013944e-08,3.29879788899805e-16,-1.08747523528393e-07,3.12860238322762e-16,1.02832083061241e-06,-4.21165376423318e-16,-9.38300869998279e-17,5.6853626185175e-17,-2.93484862783361e-16,-2.06253687139478e-16,-2.81278828299761e-16,2.62145970875568e-08,-1.83341483121481e-07,-6.43028429881227e-18,-9.20963805335871e-08,3.50483273875706e-07,-2.57325923286285e-16,-1.82922590293853e-16,-1.12280710594792e-16,5.8120795242089e-16,3.46204875457805e-08,5.53915091783718e-09,-3.34049909287584e-18,3.46223824793845e-16,-6.29327546750911e-08,-2.24508503115568e-07,-4.49695902435294e-09,-2.68800602494238e-16,-1.8569009281834e-16,4.75182693092576e-17,-1.09437951219573e-17,1.88021292742322e-16,-7.8451374519748e-16,1.33131316446654e-07,-1.25959616360988e-07,-2.42278470376252e-08,8.61140229719299e-17,-1.08340938943263e-16,-6.90685646903076e-16,-3.39673877642001e-16,-2.61170469761105e-17,2.48084230819641e-16,6.60938455363464e-17,-9.90270108098491e-17,5.31595758957178e-18,2.22397910123981e-16,2.51275673804824e-17,-3.59466416137145e-16,4.95849044552472e-17,-8.70565666319068e-17,1.76664072940521e-08,-2.00052088647945e-17,5.24729649747323e-16,-1.14822900223828e-16,2.50219050863797e-07,-2.27876814851898e-09,8.61459239291987e-17,-6.45919645904045e-09,2.28883200353036e-07,3.04859619837785e-16,5.1045604673344e-16,-3.33969394780374e-07,-5.23395978974066e-16,5.64635781411252e-09,-1.18929947781153e-16,-2.05975432451769e-16,1.41123741875368e-16,8.79993251976206e-17,4.18405368822611e-09,-5.74621118715159e-07,4.89070118332388e-16,2.55926881387255e-16,-1.28433221535235e-16,1.77446904429783e-16,5.15212872365112e-16,-4.12623728958224e-16,3.96118879345996e-16,-3.20583283908001e-17,9.19535815665718e-09,1.04467512559305e-16,-2.03800603306463e-16,2.42009815101839e-16,-2.7275167524868e-16,-1.28334078521946e-16,-4.57177071965527e-17,-1.37309704467673e-07,-8.44871627940434e-17,1.81263801678225e-16,1.02394659771277e-07,2.25780488064262e-16,-3.24901766687978e-16,-2.01485265654813e-16,-1.18555241493464e-16,1.13185659470664e-07,1.24505192997898e-17,-6.31984879743417e-08,7.96181274060939e-17,-7.25563506449926e-17,9.03293599527015e-17,5.52429806001571e-16,-3.78521602097105e-17,2.73312698951429e-16,2.28551052168371e-09,-1.45915617842441e-16,-7.20780090906244e-17,1.70623757069469e-08,-2.85501944842563e-07,-2.83944651966684e-16,2.00107659325815e-07,2.9313259058166e-08,-4.17761208433228e-16,-3.85481234896995e-17,-2.69480251448292e-17,-5.24070428648301e-17,-4.06468502171352e-17,-4.93598649046067e-08,-3.95668449176284e-16,1.29198140378116e-16,6.85056200848877e-17,1.97739119457937e-08,-1.17397260717157e-16,2.3872709954297e-16,2.80779937185832e-17,-4.92640929567891e-17,-9.01677131505534e-09,-3.91178994796804e-16,3.58855253678723e-09,-1.7922148075369e-16,7.57611040811742e-16,-5.74262059172509e-16,1.54084111492035e-16,2.92266128398405e-17,4.75101471903701e-16,2.82177893193275e-16,-6.23412541308669e-08,1.01336379963884e-16,1.96758629902496e-17,2.62172198488973e-08,-3.67459835340196e-16,2.06246944851754e-16,7.41254264918848e-17,-5.82589555157275e-17,-1.7444108606121e-18,-1.20812609796879e-17,-1.43866683755791e-07,-2.84332896809777e-16,-4.7926047973845e-16,5.66754866028712e-08,-6.99160425904629e-16,1.27594935315147e-17,-4.76939281390585e-17,2.50299591896786e-16,-3.12146639087091e-17,-3.97910585089884e-17,4.87125518599537e-17,-7.59350692928912e-17,-1.1307122590516e-16,-1.92384150381323e-16,4.01130149954598e-16,-2.97834760430946e-08,9.87833634744845e-08,1.97335057426043e-16,2.32442857756676e-16,1.78352645713055e-16,-3.92915278580998e-16,-6.9931040125315e-17,1.94561505795501e-16,4.52174094827401e-17,-2.60251681370746e-16,-6.48034470834773e-09,1.11203087286865e-16,-1.03905737018591e-16,4.56563776258759e-17,-1.42282045050052e-16,8.3058136398028e-09,-1.03074375720008e-16,-1.74345001488472e-09,-6.64590876975065e-17,1.79280047821551e-16,-2.13318336248439e-16,2.27202747583867e-16,-1.61956272896028e-16,6.45154424423899e-16,2.27256526283716e-16,-2.18044928750425e-17,1.88602045843093e-16,2.12380635089438e-17,-9.92569820145049e-17,-1.99888954335655e-16,1.84667229291789e-16,-5.15086386850134e-17,-1.86259934407848e-16,-8.49201122835651e-17,1.42184168275783e-16,5.87449017329293e-17,2.67880533332448e-17,-1.63656900976401e-16,5.76795555762288e-17,-2.35744344765937e-16,1.14434208252698e-16,7.20806868372837e-17,-2.64259862022031e-16,6.30002718275207e-10,-3.79011678249761e-16,-2.85984453985483e-17,1.45496081126701e-17,-9.00270916434913e-17,1.14617756939289e-16,-8.18571998773555e-17,1.29312693258799e-16,-1.3352997023191e-16,2.49589980641309e-17,-5.02788440280775e-17,-4.68104287970617e-16,-2.34725150574187e-16,-2.32815898411337e-16,2.05332376195943e-17,-1.37995850252993e-18,1.39347482894906e-16,6.19841989857232e-17,-8.13254042124921e-09,1.99342123818973e-17,-1.00063384877514e-16,-1.92015951962253e-17,-2.6128871394477e-16,5.77036229375665e-18,3.52172347279615e-17,-6.85280435887166e-17,-1.24199987956554e-16,1.07808839377108e-17,1.72842702286056e-09,2.5456896908357e-16,-4.97819850006451e-17,1.01111781704736e-16,1.01943896433203e-16,1.1400141290683e-16,1.24444965068581e-16,9.61293001904449e-17,1.09794530552348e-16,1.35070974280183e-16,-1.16996296933667e-16,-1.63257096406256e-16,9.13635455945296e-17,-3.77193608224371e-17,8.74716524300753e-09,-9.66036516969379e-17,7.60642533212649e-17,-7.66298498173653e-17,-3.34910051080772e-16,-2.63663746513762e-08,-1.47445288249665e-16,-1.31016299526003e-16,8.23605180127271e-17,1.06575188292062e-16,-4.84495953925664e-17,7.81845865155469e-17,-7.68336760227083e-17,-7.98141705527309e-17,1.13354924460532e-16,4.8712101307995e-18,-4.15017230074443e-17,1.10761003689636e-16,-1.89544046228572e-17,4.33015597929745e-17,-1.52174863711295e-16,1.75934229956257e-16,-2.49326193234669e-16
"t222",-0.00767014446933859,0.0225658059184632,0.0257997205812331,-0.00799924885349437,-0.127293748812561,-0.0280461603014405,0.018055022486251,0.000288127713275795,0.000947389842708021,-0.00204546594882524,-0.000543722779655098,0.00317844040054964,-0.00464330580701728,-0.000451090793068285,-0.00312052167287754,-0.000858084659434056,-0.000796190952165606,0.000333218628625263,-0.0002946704542216,0.000212408769060908,-0.000772782312012667,0.000153294116145766,-0.000315424639454004,0.000651645222592964,-0.000102182931705442,0.000233616790073466,-0.000289697832806434,0.000266663170921104,-0.00226999509939641,0.00528294765853073,-1.20667309024e-05,1.63139566399602e-05,-0.000656596891147749,9.98178081543499e-05,-1.17664132343328e-05,-1.08792075109258e-05,-4.84676124210348e-05,2.69167515948882e-06,2.08813190265638e-05,5.19027154511917e-06,0.000218469626826253,-2.19520806296935e-05,2.01082184897584e-05,-1.69280316287481e-05,7.76258185566621e-05,-0.0143247735962169,1.35071040450452e-07,-3.65781280616111e-06,5.66681335663661e-07,7.64673799547705e-06,-2.25444013306139e-05,1.85996834729808e-05,-2.69538854437043e-08,1.22706759403978e-05,-6.58612414199196e-06,7.31557671169106e-05,-6.80103659646516e-06,0.000578531869621776,-0.000202129034345068,7.33761066843296e-05,0.000152493132567526,-0.000311828702787225,0.223273811137762,0.0293162121610209,-0.00021637085372239,0.000499953840560026,-9.99931025824626e-06,0.000297938953445843,-0.000761556333640824,0.000268418050065697,-2.46539490623838e-05,5.48682816310679e-05,-1.32072911773735e-05,-0.000112563926894045,4.69549303489609e-05,3.24048020048126e-07,-0.000392300828123692,4.08096540273089e-05,-0.000142727744443372,-0.000169918071600493,5.37129968291497e-05,0.000828996578234117,-0.000227409298832207,-0.044221471371912,1.9625772205769e-06,0.000124271909196492,3.08310701248915e-05,3.40659425440536e-05,0.263837598323329,0.000228168985614314,-1.51091632125712e-05,3.81775854265201e-07,1.90144106720744e-05,-0.000229365261466317,-8.73200877249339e-07,-5.01251409527634e-05,-5.88619662286229e-06,2.9417410462158e-05,-0.00024423036691164,-6.4651811475218e-05,-1.39152931411043e-05,1.19519956898948e-06,-1.89807583253362e-05,6.64168976727858e-06,-2.90723676069631e-06,6.09944039159008e-06,-0.000159621234870678,7.46003049717167e-06,-2.55131567861901e-05,1.18720720845253e-06,2.96771656841494e-05,0.00953741312474004,2.61292906804482e-05,1.30588877199047e-05,-3.67364539877344e-07,0.00244908985161038,-1.97523645187963e-05,2.16689028010155e-05,-2.19569832398923e-05,5.3679883741617e-05,-3.83470610320575e-05,4.85833387164519e-05,-4.57535471764568e-05,-0.000125637307755302,7.60703321469445e-06,-7.76213143735125e-05,7.90218007474999e-06,-1.29028068954288e-05,2.44998390105228e-05,0.000807721341851973,2.57831752088055e-06,7.62256322534384e-05,-1.45379391410464e-05,-1.85833715186999e-05,1.15110951002907e-06,3.16459852091814e-05,-2.03091406542408e-07,-0.00016336906081013,0.000138246547041215,-0.000432048803619292,-6.73415691619138e-05,-0.0182681892037271,-0.00034998209797846,-1.50514608731174e-05,-7.89837159689696e-06,7.00311341180111e-07,4.3332322826995e-06,4.20966617040839e-07,3.68313396471649e-08,-1.26414581883829e-07,-3.668455567009e-06,-6.4849011434904e-07,-2.62340323717855e-06,5.60511796351489e-06,-1.97083955278703e-06,-1.74333751682731e-07,2.64007354637071e-06,-3.08913106816513e-05,-7.85134866913621e-07,-2.59319703603524e-07,-2.3413972150869e-05,2.54842935166373e-06,-1.32242774750447e-06,-3.54569194993138e-05,0.00360783220495028,-9.44608825468601e-06,8.56088091075898e-06,1.46025871468936e-07,7.25612441952324e-06,9.52711715125584e-06,-2.1110024568661e-05,-3.70185054728663e-06,4.14907194912958e-07,7.94247554359494e-07,2.52521363673263e-06,3.0103003958897e-07,2.22933567059649e-07,-0.000919866164393597,-4.191613074939e-06,-2.9332919793088e-05,9.00194886707814e-05,3.04915736514543e-05,-4.50467787356186e-06,-2.33211291492138e-08,-5.01796441171994e-07,-1.53937828792274e-07,-1.69720365308526e-05,3.70674199563045e-06,1.65871386397165e-05,-2.70598460225353e-05,-4.20920927393708e-07,7.40663721059625e-07,2.8978965159819e-06,6.69424452877798e-09,4.74682265355014e-07,-6.31984906074588e-07,-1.14938228392561e-06,-1.05555266479253e-06,6.54515860579374e-07,2.45727956194722e-07,2.43563230223211e-07,3.81271005118267e-05,-5.82348408769951e-09,-1.1308325398905e-06,-1.28821073190616e-06,-8.35590099434557e-06,7.65982207650294e-07,5.11729658835393e-06,-4.81115340163372e-06,-3.28826314713696e-08,-1.35406618086711e-05,5.4879147851757e-06,-9.8468702848366e-06,-6.74267988706916e-07,-7.24100857868968e-08,-4.47694531871772e-05,-8.04966982300091e-09,-1.25335681023806e-08,1.11097715750731e-07,8.75842204466236e-07,5.40864073246722e-06,-1.30088006615994e-05,-0.000290469237978144,-9.62442100720849e-06,3.2234888430136e-06,0.000205939359820026,1.71256311731276e-05,1.57848464557121e-06,2.82592796516564e-06,2.58379519517389e-06,-1.09298540092935e-05,-2.39023599121153e-06,-1.05975090044743e-06,-1.80251482217422e-06,1.11337397190635e-07,3.76510288480237e-07,1.16704029950806e-05,3.4917019940488e-16,0.000225516176415265,-3.01112837180753e-05,5.89652046249546e-06,2.49418537389701e-05,2.64556067907668e-05,-6.00390676833696e-06,8.79090575760571e-06,-6.77654242889467e-05,8.76162375669397e-07,-7.94973776133697e-08,3.22778758856433e-05,-0.000642528568755763,6.48244674517078e-05,-0.0944383493228414,-8.60516755836979e-05,1.19886428898665e-06,-6.11186125497255e-08,2.45292808011178e-06,-1.70535328509601e-06,2.63303093750822e-05,3.71877096451701e-06,-6.56279698239417e-07,1.26899212170207e-05,-2.36589823417137e-06,0.000249221456009492,-1.98365010895709e-05,1.09883406749178e-06,-3.70648539036304e-07,6.80323978697422e-08,2.48370704170174e-05,-1.04202905855377e-05,3.59362864456891e-07,1.40694398232789e-07,-2.85285483578661e-07,4.5381354853016e-06,-3.49227943257906e-06,3.92168752683731e-06,-9.61975947193226e-06,6.65868330324854e-06,-4.39686069539813e-07,4.15732608025776e-06,-2.58497650129061e-07,6.94212010580849e-07,2.96989166552983e-16,-1.22141248964625e-06,-3.96257657407038e-08,-5.63551596605493e-11,-2.24124636109237e-07,-9.80245588077437e-10,7.30636458347393e-09,4.67788778037074e-08,-2.91524467913922e-08,0.000127681286701151,-3.17544489924828e-06,-1.55852044448724e-07,2.30314264484417e-07,-3.20517402104115e-06,4.07772837550411e-06,-2.021762234239e-05,4.09536630618076e-06,-1.12791542518173e-05,-3.05369366903649e-07,-3.0944428327831e-07,-2.53849417063448e-05,0.114794561697216,4.95894908238127e-06,-2.90564986885315e-05,3.96022424369233e-06,1.45665051242661e-05,-4.98524903970633e-05,-7.22225772212471e-05,-0.913781427520351,-0.000281651535993659,-3.09471768437792e-05,2.80180074329466e-05,-7.27131025245005e-05,1.62944269793138e-06,1.31695582522228e-05,-2.03144745628099e-05,1.53231528878844e-15,3.09954787414601e-08,2.3752655345851e-05,-2.03689569798439e-06,7.91934439698568e-06,1.33617694925198e-06,2.03951240885126e-06,4.62550710038278e-06,-6.59449851503008e-05,2.33288941536026e-05,-9.03493712720572e-16,-1.61529146901531e-05,0.0126614550914741,-5.3414055642933e-07,3.35235388684488e-06,3.79552670309997e-06,-2.49292551621319e-07,-9.19628241090553e-06,2.39478357555716e-06,-1.4336856748462e-05,1.37784598288897e-05,-0.000347470740750258,-4.86996962568456e-06,-2.55548759681775e-07,-4.7180614694514e-08,-4.74054561811182e-06,3.73116906617014e-06,-5.0558687975384e-06,-1.27669967782268e-15,-1.85880537992166e-05,1.44506250128885e-06,4.16419996332602e-08,3.55497848785345e-07,-8.74861022390192e-06,-1.72450908309906e-05,1.14516665117205e-05,-4.14887330869389e-05,-1.52353938542759e-06,1.96519259049293e-16,-2.7587213691831e-06,-1.43458950046215e-06,-3.41316745328306e-06,1.08659371774162e-15,6.32985822379161e-06,1.20556833953759e-05,-1.83617258867944e-06,-5.14899943763587e-06,-1.70718879520347e-06,-9.11078358791779e-07,-3.25615739817715e-05,1.00369608235356e-06,0.00115500178449844,5.05731770736149e-07,1.8842979872621e-06,3.60393854654549e-06,-9.19000645457939e-17,-1.45380218652283e-06,3.67501411724125e-06,0.00208612720983939,-2.04563915655046e-06,-1.27417184642372e-15,-2.01229513627337e-06,4.83812846865462e-07,-8.75226454410226e-07,-9.63200921335549e-05,-1.94852259318003e-06,2.70542106694319e-06,-2.66801363431988e-05,3.57139114459612e-06,3.81626638120879e-16,1.26022041824712e-05,-3.18531995790908e-06,8.81850082707686e-06,1.53858782284223e-05,-1.56267422078912e-06,-1.04689604537014e-08,4.7271214720368e-16,2.5844525378616e-17,-9.99821501197799e-09,-1.67505500875557e-06,2.20603930070083e-07,-1.6691665599596e-06,4.97570374778034e-15,-7.8105709041601e-07,-9.1705972446955e-09,1.83373527133823e-15,-3.98071389503517e-17,-1.69657649478653e-16,1.91912742573388e-06,5.66178847004288e-06,-0.000968969503333356,4.63584367541552e-06,2.31257744885063e-06,4.75084324404386e-06,-2.72905994413469e-06,-8.64580232067916e-16,-5.90788945515386e-07,1.65235192535416e-06,-3.91107695221243e-16,6.19076550559237e-16,-1.02048135453659e-06,-4.1342584983881e-10,-5.9790112488498e-07,2.44583790262922e-06,5.83441107819256e-07,-1.64688084061396e-07,-6.63425586189e-16,-5.52970467488453e-07,-3.07590934970768e-17,-1.8764986975161e-06,1.3124267297937e-16,-6.47800608398079e-07,-4.68497224335318e-16,0.00024556245691265,6.87733803093858e-07,2.15891620751656e-07,2.83085039917621e-06,1.85546571146268e-06,-2.12119909912032e-07,1.34057009703148e-06,3.48247998805708e-07,1.69394865801274e-06,1.55735585365392e-07,4.62625782034339e-07,-1.29517004432248e-06,-1.66916416001316e-06,-1.34973105415243e-07,-6.13607366708618e-07,2.36325186034835e-16,5.71578036795558e-06,-9.8078688186594e-07,5.92842965139091e-05,7.40291072166437e-16,6.60646423819958e-08,1.7807587761885e-06,6.35516410512907e-06,-1.56295519025633e-16,-2.03700516106994e-06,-8.14266689296955e-07,-1.65625579480961e-16,-1.07382111344789e-06,3.13519172338194e-06,4.72725378679948e-18,-3.07584023661102e-16,-1.14542675834754e-07,-4.64347861784554e-07,-2.64206879068697e-09,-3.66010119996469e-06,9.68839263685403e-07,3.77175117279307e-07,2.74390982330601e-07,0.00030499901541404,-5.61465448946748e-06,4.70218482206963e-16,1.53178940934935e-08,7.96206124985805e-09,2.19595555543062e-08,2.05344254752988e-06,-3.03662696711483e-16,1.23452062572646e-16,6.74684978529666e-07,-9.79183941299701e-17,-1.47310341535077e-16,0.000489188917038812,-4.58254485146824e-06,-1.13772222393311e-06,-4.66408312709632e-08,2.91710546979022e-05,5.63162008248115e-06,1.58239923653484e-07,-3.3977620726035e-17,3.66220221067937e-07,1.70821425602145e-08,7.83515173504457e-08,-1.04159919490215e-06,4.09559471212358e-06,-1.19895183256158e-15,-1.14311063980223e-16,1.02229609395272e-15,-2.6912362842779e-07,-1.70498647448139e-07,-7.50032631193638e-07,-5.89647014527989e-12,-1.30413460502478e-07,-6.567559434302e-17,-1.67560025359873e-16,1.59690405006565e-05,-3.50592296392248e-07,-3.85325452101348e-16,-8.60934647268227e-07,-5.87761759385735e-07,-1.83467309519419e-16,0.00043079011722966,2.52541439119795e-16,3.51367309885446e-07,5.83727983436989e-17,3.50503687409157e-07,3.03360746019459e-06,1.45354151899798e-07,1.03291167688081e-07,7.08727842311754e-07,-4.67505659297482e-07,9.7137168037106e-07,-5.95587486792604e-17,8.41076153221849e-06,-4.74483358005083e-07,-1.85574177226749e-17,-6.24676611113056e-08,-9.60546634383288e-07,2.95069097296464e-07,7.74968089784444e-17,7.12175976715409e-07,1.2453626023451e-06,-1.73908727610828e-16,-2.34856937083501e-06,-5.19233924698273e-07,-3.5726630801689e-08,1.76674768645351e-16,-2.18951356509016e-16,4.80497816140793e-07,1.46866685037688e-07,1.18779931645657e-08,-2.5091099596314e-07,8.6256295208589e-08,-5.55342043272277e-17,4.61876800694691e-17,3.14646896508138e-07,2.16861807723454e-09,1.35736012820415e-16,7.59295677517854e-07,-2.09441718489585e-17,5.1922965938437e-07,-1.44855014387129e-07,-8.46264965564187e-08,-5.60759584455485e-07,-1.22229734521919e-15,6.8742530025435e-17,-8.51501183461293e-17,-1.91482715581771e-16,-5.93669783897829e-08,-2.058509610579e-07,-2.9256261503782e-17,1.80172186689338e-16,-2.04810475815797e-16,2.89367901571206e-07,2.59898011141585e-09,-1.42887696374337e-07,-1.2517533466287e-16,-9.10187723801581e-17,1.50866732301358e-16,-4.60905615792756e-06,1.8665482486607e-07,-1.28755647340176e-16,3.26767373536487e-08,-8.54141219343343e-07,-1.38888093498209e-17,-2.32107210823561e-16,-4.45247999784133e-07,-4.56116462955305e-09,-2.2031485826252e-07,3.13736477322329e-17,2.47480980333501e-07,3.60085240228538e-07,3.85913179543884e-07,-3.51729708962497e-07,-0.000111873778608831,2.02988450157238e-08,-1.33726782785505e-16,5.16837291348891e-16,2.44196746938158e-16,3.84326652418664e-07,-3.47949640760373e-07,-9.90585399352653e-08,-7.7694692276004e-08,-2.56259551410771e-17,8.3953652524798e-17,-8.86349534349329e-16,-8.33619494738023e-17,-1.29962185902e-16,4.89049146057589e-07,3.33387695971598e-16,-5.0076591529331e-17,-5.97655889781029e-08,-1.58050676392513e-16,-5.34967727083779e-08,-1.32363328088946e-16,-6.63164474636547e-08,-3.35788882290383e-17,-8.01438462251535e-08,-1.00250544891287e-08,-1.20899363718033e-06,2.39815867307068e-16,3.21275174592724e-07,-1.36219556824868e-16,4.5497848722201e-07,-1.05601668452329e-06,4.41676934260422e-09,2.22021362874829e-16,6.435649101637e-07,-1.58311278977106e-16,-1.579216333775e-07,-8.91300173957433e-07,2.56281213349836e-16,1.17150156903729e-16,-4.6400558571196e-18,7.34990144346008e-17,-2.98813419279557e-09,-3.88979652947829e-08,-8.68223934911164e-09,-6.15714013076277e-17,6.00489214799326e-18,-1.21190652596066e-07,9.88491203296731e-07,-7.10810632339194e-17,-4.33891204064955e-17,-3.93974429798165e-08,3.8088884700724e-17,-2.79061763545997e-07,1.83551282849946e-16,2.63099470721026e-06,5.7091824196038e-17,3.16469328480625e-16,1.39081520163758e-17,4.45374581931678e-17,1.05420076622675e-16,1.18189116386134e-16,6.66712978959266e-08,-4.66254127868295e-07,-2.84787473383367e-17,-2.33725379552835e-07,8.88701432359911e-07,-7.25513261719891e-18,5.79143031881457e-17,1.15887002893187e-16,-2.05742733614515e-16,8.74609535004308e-08,1.3981406024907e-08,-2.0797964671316e-16,-1.12952627662427e-18,-1.58697145307844e-07,-5.66071351455386e-07,-1.13337893147404e-08,1.36483472600097e-16,4.56194953874703e-17,-1.07887217849187e-17,1.70899962600918e-16,-6.37364097107242e-17,-7.42570921064722e-17,3.33271038887072e-07,-3.15119764376192e-07,-6.05742848525105e-08,-4.18753204093661e-17,1.53408853441657e-16,5.14915022055172e-17,2.15376620469091e-17,-3.04551267527821e-18,-1.61777436220715e-17,-1.31045450322087e-16,-6.97404533593746e-19,-1.13090363969442e-16,-9.89045774755825e-18,-7.92007382375762e-17,-1.7182998627366e-16,3.08757565070387e-17,3.0839157022226e-17,4.37123244864405e-08,1.27057690322466e-16,-2.82135312581038e-16,-5.10097435433552e-18,6.18276806891907e-07,-5.62893285271297e-09,5.2064043893462e-17,-1.59521667662997e-08,5.64324775883777e-07,-5.38673110675172e-17,4.87763664973776e-16,-8.21714089863378e-07,3.17126723739937e-16,1.38574604097688e-08,-2.76084394471024e-17,1.07832464741268e-16,5.65365617553656e-17,-1.36342114657006e-16,1.02280149885432e-08,-1.4042982748151e-06,-1.20503465820014e-17,5.35755343730915e-17,-6.29390461367683e-17,-3.23366259962667e-16,3.32036915323686e-16,1.14121575616124e-16,1.11698333788018e-16,3.66690436141202e-17,2.21672597271128e-08,-6.09646484533098e-17,-2.64985867697758e-17,-2.92983357641313e-16,1.09705576889448e-18,1.62944925506657e-16,2.51942024593718e-16,-3.30052697348633e-07,-8.38711822076624e-17,-1.36799471077802e-16,2.45995813923192e-07,-9.89450298294938e-17,6.58116590879635e-17,-7.47354468289935e-17,-6.0938105584372e-17,2.70231946605532e-07,1.75007985363426e-17,-1.50719726489773e-07,1.22818604545952e-16,-7.18572017833921e-16,1.88460746649161e-16,-1.36216450445648e-16,-3.45742068459196e-17,-2.24976815056902e-16,5.43833509216388e-09,-3.4573713640149e-16,1.83296028454889e-17,4.05295620760619e-08,-6.7811549392156e-07,5.48363394984332e-17,4.74584650787638e-07,6.94883750473966e-08,-2.21694661620691e-16,-1.49475453601219e-16,-1.85881769007604e-16,-9.42344341202655e-17,-5.4605676713082e-18,-1.16212044801495e-07,-1.99538554678562e-16,-2.45545382935339e-16,9.74242144422041e-17,4.64739383705781e-08,2.90396714297305e-16,-1.70905452377102e-16,-8.7657364672699e-17,-3.76332286331914e-17,-2.1142940801064e-08,7.2117388050728e-17,8.40862050276254e-09,-8.23765029718728e-17,2.95096752750165e-16,-2.07794810745916e-16,-3.81204464324448e-17,1.73913269246202e-16,-5.02900722428068e-17,5.98265029633866e-17,-1.45529611171955e-07,-1.06411167893383e-16,-6.20828032405716e-17,6.11448091397119e-08,1.05972470386623e-16,-2.92210419942489e-17,4.31882993137165e-17,2.34562543462967e-17,2.06578754603596e-17,7.09300132391172e-17,-3.34557765722138e-07,3.35476482463771e-17,1.31814080497023e-16,1.31626251620642e-07,-4.02644179088108e-16,-9.52144754575852e-17,-6.42331148897832e-17,5.17945527438304e-17,3.57641378997808e-16,-1.85378118855998e-16,-7.15706452936132e-18,3.68314070513954e-17,-7.71820632772387e-17,-1.23914978392618e-17,-3.28762219738562e-17,-6.88416196960621e-08,2.28197894324792e-07,1.9022988649597e-16,-1.12468292061645e-16,-2.43126237333537e-17,1.57475987917189e-17,1.9147010366094e-16,1.2668112971542e-16,-6.24321655492522e-17,-9.01610531384104e-17,-1.49257227686607e-08,-1.01520380334034e-16,7.26475752412132e-17,-6.4212520917125e-18,1.23946934210408e-16,1.9082150730776e-08,-9.66356449009147e-17,-3.99418333412232e-09,6.05468473107349e-17,-7.40975316900529e-17,8.54417682548069e-17,1.65930980961991e-17,2.92778322539117e-17,8.7478990286245e-16,3.19630379864099e-17,3.23745860187222e-17,2.4521995274831e-17,-6.55773974744839e-17,-1.61609876288136e-16,1.99399334316384e-18,-1.53111787735826e-17,5.00759524348969e-17,4.25076880962951e-17,2.79625528590747e-16,5.14228758095484e-17,1.41715741381627e-16,4.18188603661957e-17,1.36655186811447e-17,3.48625208562714e-16,-4.11435503125064e-17,-1.22525259689895e-17,6.0287659465671e-17,7.69482784688544e-17,1.42853114103918e-09,2.80973416525542e-16,1.59639470775134e-17,6.40632763931103e-17,-3.03719941041192e-16,7.43119435031759e-17,2.73585938716924e-17,9.23040668588681e-18,2.00347013585223e-16,-4.37316237323439e-17,-2.19881724858724e-17,-2.77447335939041e-16,-1.22998238564679e-16,1.43396381692009e-18,6.11905169750635e-17,-9.80629113462712e-17,1.38099445879645e-16,-1.24444517407997e-16,-1.83146045164072e-08,5.23653807006736e-18,4.17247371276586e-17,-4.36881562868868e-17,-2.05722877559852e-16,-4.01982317566949e-17,-1.07117389441054e-16,-7.74216142809653e-18,-8.97567721185679e-17,8.67373926610144e-17,3.86537558140099e-09,1.76220675305039e-16,-1.45913112914194e-16,-2.81499361754292e-17,-3.01253918124052e-17,2.05731177478085e-17,7.30698036926915e-17,9.02030878722067e-18,-4.45124165776371e-17,9.77593540177711e-17,-1.90860556209728e-16,-7.24226575622448e-17,-6.61581663322614e-17,-9.57753432226651e-17,1.94268990270861e-08,-1.16760573900547e-16,-9.19169441165289e-17,1.57241841845616e-17,-4.69784801337969e-16,-5.83714358734924e-08,-6.04543635172061e-17,-4.50404638861463e-17,1.72493784075866e-16,4.73658714659365e-17,-1.75282426771717e-16,5.43481118500317e-17,3.0544567803903e-16,2.05615052032162e-16,1.46581454332509e-16,-1.08443345828708e-16,-3.08994698078171e-17,8.66611982254494e-17,3.82780809579825e-17,3.40683062998249e-17,6.01848426252591e-17,1.63794701630084e-16,2.00446596585352e-16
"t107",-0.00765167757011723,0.0224510112591341,0.0256642080764656,-0.00794283981812408,-0.126193018349351,-0.027761224210969,0.0178679545750447,0.00028490246844864,0.000934841067876558,-0.0020125268297731,-0.000532569596790011,0.00309775565228504,-0.00452190561139705,-0.000439114073646345,-0.0030339669710115,-0.000832841344416376,-0.000772193675338485,0.000322988283439518,-0.000285408113417298,0.000205137230096681,-0.000744093394462368,0.000146376314285577,-0.000300356956739632,0.000620330708785222,-9.72523814524346e-05,0.000221781364756909,-0.000274839336738576,0.000252857398380055,-0.00214916201195808,0.0049478271214215,-1.12472167548198e-05,1.51521901549484e-05,-0.000606217625643517,9.17680969545456e-05,-1.07651657023347e-05,-9.87302691765454e-06,-4.39231179048446e-05,2.43492209010046e-06,1.88747216057658e-05,4.68340336078533e-06,0.000196462938344056,-1.9681991033802e-05,1.79947217676712e-05,-1.51464059428843e-05,6.92989073066675e-05,-0.0126793861529595,1.19237131494864e-07,-3.22492780370579e-06,4.978280528138e-07,6.69120941507163e-06,-1.96219464402822e-05,1.61476013391544e-05,-2.33916985531039e-08,1.06149936146883e-05,-5.66121887656109e-06,6.28208062898339e-05,-5.73475454183938e-06,0.000485305225680897,-0.000169451479841104,6.07107141593647e-05,0.000124876376077865,-0.000254022752666768,0.181102429024319,0.0237530642772376,-0.000173876492033561,0.00039874027443828,-7.83849455545061e-06,0.000231686417478966,-0.000589976088586872,0.000206510699213599,-1.82489063679324e-05,3.9331100884649e-05,-9.41857396042213e-06,-7.94055951832719e-05,3.30775034295404e-05,2.27182821010321e-07,-0.000274504060518831,2.82832104893124e-05,-9.67182012444744e-05,-0.000114064324885624,3.54653019634007e-05,0.00054536184909227,-0.000145515136328616,-0.0280519845728956,1.19727711703223e-06,7.4966754300487e-05,1.83842162376582e-05,2.02744721933098e-05,0.156945644345449,0.000135557658747786,-8.9359870540991e-06,2.15900858891848e-07,1.07067662392686e-05,-0.000125343214952511,-4.51333807976804e-07,-2.56788903950601e-05,-3.01421011916274e-06,1.47179493457887e-05,-0.000121111940002535,-3.09638855472451e-05,-6.46787475651934e-06,5.54014060774389e-07,-8.77099391512064e-06,2.62014742787158e-06,-1.13141157123164e-06,2.34823232866663e-06,-6.02569388294667e-05,2.8004537356332e-06,-9.48197942725342e-06,4.34454634641406e-07,1.08048381938612e-05,0.00336568067578139,9.18565426141564e-06,4.19607188643012e-06,-1.15618445935921e-07,0.000734942449751157,-5.79606367988271e-06,5.95647330913541e-06,-5.63521658773866e-06,1.3023810236082e-05,-8.99430237035996e-06,1.00131009113609e-05,-8.56530379253442e-06,-2.34280613898914e-05,1.39756676491966e-06,-1.27145725244538e-05,1.28115163287564e-06,-1.86578376077072e-06,2.2687682334829e-06,7.43157963996559e-05,2.25984576929198e-07,3.88058244691405e-06,-6.33028145679317e-07,-7.09395004913739e-07,1.82668958579686e-08,4.03007760173459e-07,7.36561818093815e-09,1.26622774938453e-05,-1.88746971643978e-05,5.9728507771717e-05,1.00136917661015e-05,0.00281455794457639,5.69634741744121e-05,2.50005257112086e-06,1.31227585623446e-06,-1.33320778650142e-07,-1.04114281653814e-06,-1.23486631607444e-07,-1.13056708880651e-08,4.26707350717278e-08,1.24732608476299e-06,2.28213853742265e-07,9.41735575799751e-07,-2.05739835157785e-06,8.74697534528559e-07,7.95913563082454e-08,-1.22932254595703e-06,2.13469805922597e-05,5.90390957173172e-07,1.97484235931576e-07,1.90981400109009e-05,-2.10761251886328e-06,1.19034611643464e-06,3.22393256142116e-05,-0.00355234815195506,1.00227910000404e-05,-1.11720084448058e-05,-1.91919715050998e-07,-9.55396875396858e-06,-1.28911556311895e-05,2.9484697647765e-05,5.19401925231381e-06,-6.19441926432953e-07,-1.20893157727597e-06,-4.00668343323373e-06,-4.82515691053284e-07,-3.59200192030402e-07,0.00163049452088511,8.19052887686853e-06,5.8283290959005e-05,-0.000181734986892961,-6.45189003356548e-05,9.70562438257264e-06,5.11440598958776e-08,1.11897766240884e-06,3.6304901245555e-07,4.05871889807497e-05,-9.99809661411018e-06,-4.49192884164458e-05,7.63092827580273e-05,1.32825310806527e-06,-2.56948966553461e-06,-1.03914899417644e-05,-2.52273544834164e-08,-1.85705398877482e-06,2.76937381045115e-06,5.16435449809901e-06,5.0040239776519e-06,-3.18831742579543e-06,-1.48902200356129e-06,-1.49181533746257e-06,-0.000257744608073529,4.3565304071532e-08,1.10346135955704e-05,1.25868347544311e-05,8.38379288710557e-05,-8.35610790159256e-06,-5.93120845266328e-05,6.62762574989209e-05,5.78677060866465e-07,0.00030085516088725,-0.000132221987339401,0.000371469036074575,3.60238197228003e-05,3.9105147436312e-06,0.00352371319230031,-7.19177298183875e-06,-3.45163155664116e-06,6.81478415074432e-06,3.59119954355624e-05,0.000199851397041489,-0.000347278074946572,-0.0072999514315042,-0.000227613380121691,6.51104106017074e-05,0.00404600339352256,0.000334242250990194,2.70452911033302e-05,4.52935813645253e-05,3.87867292868897e-05,-0.000159686564604397,-3.40075419156505e-05,-1.47272693617227e-05,-2.48885705612734e-05,1.4546446169501e-06,4.76941347946492e-06,0.000143352593301453,7.59913863747898e-16,0.0026623029584434,-0.000352870800717359,6.59929636617204e-05,0.000270834623853642,0.000281069785900821,-6.37085542882326e-05,9.02031366215471e-05,-0.000691977356082508,8.9275239835266e-06,-8.02217624356296e-07,0.000323781494228758,-0.00638285698556729,0.000641497449680012,-0.933153643731347,-0.000844058250175528,1.15782965214115e-05,-5.90462481602839e-07,2.37600841557747e-05,-1.67415551692165e-05,0.000258840556377456,3.71680359233133e-05,-6.6376948643579e-06,0.000130996951904942,-2.46061682277763e-05,0.00261369506557312,-0.000210642804671097,1.19098919141341e-05,-4.02738184389847e-06,7.89009631745032e-07,0.000288547734748735,-0.000121295890282597,4.27411523187494e-06,1.68756647474745e-06,-3.52116602863002e-06,5.63281582875811e-05,-5.56678355328091e-05,6.49640407917475e-05,-0.000164643073848049,0.000123859177727868,-8.82902405776509e-06,0.00010374482039279,-6.98135807808109e-06,2.00964696855672e-05,-1.41898741976238e-16,-4.79142790107017e-05,-1.63489244269385e-06,-2.81107034116745e-09,-2.36934936631244e-05,2.19409012038739e-06,-1.34517180494554e-06,-5.87056514247023e-06,6.42250637193864e-07,-0.00265225730328425,6.4949536024984e-05,2.51055127762616e-06,-2.18089998596504e-06,2.80673358976718e-05,-3.38746530584055e-05,0.000142305294441631,-1.65022281133119e-05,3.66515564617974e-05,9.80077189700133e-07,9.89500541362514e-07,4.79834313644248e-05,-0.110500630760051,-4.32292193785672e-06,2.17112829845426e-05,-2.40861934605115e-06,-8.27316902353058e-06,1.34699033686661e-05,1.80722487939751e-05,0.195922943340227,5.36510753736513e-05,3.55909961691111e-06,-1.02894894702311e-06,-2.27088772864809e-06,9.71887318918319e-08,1.39865493792015e-06,-4.04308512170298e-06,-5.29568109586122e-16,1.92681610429668e-08,1.55267767108523e-05,-1.42384297304723e-06,5.54609501894374e-06,9.37580472463421e-07,1.45276518302317e-06,3.38533934534888e-06,-4.97502428168014e-05,1.86129993408619e-05,1.4691429040955e-15,-1.43614431451552e-05,-0.000615161039173302,-4.89404475799352e-07,3.08025815289953e-06,3.67400540485712e-06,-2.47512768066063e-07,-9.43401868497235e-06,2.50782485171834e-06,-1.56271715156287e-05,1.55105731694351e-05,-0.000398506878583416,-5.64081878823399e-06,-2.97764233968822e-07,-5.55387936597245e-08,-5.58647757539596e-06,4.42757978052239e-06,-6.03104883004937e-06,3.63298798764738e-16,-2.29745306564852e-05,1.79798188400617e-06,5.18153139748066e-08,4.50248771970898e-07,-1.11084954360495e-05,-2.25261491679566e-05,1.50676165178554e-05,-5.46653561889395e-05,-2.01782402075241e-06,-2.08814023513649e-17,-3.67462882088748e-06,-1.91483805943061e-06,-4.5900136877314e-06,1.57588218498998e-15,8.57807511964719e-06,1.63662577989023e-05,-2.4949515320305e-06,-7.00924735442934e-06,-2.33102799007527e-06,-1.24678610926524e-06,-4.4636444273192e-05,1.38275841586819e-06,0.00159212617739703,6.99434655206339e-07,2.62064415512063e-06,5.01368531123043e-06,5.89669397736949e-17,-2.0433165807534e-06,5.17398042039253e-06,0.00294773886563197,-2.9059140531688e-06,6.27192892526145e-16,-2.88903951868306e-06,7.02085524956523e-07,-1.27574244109476e-06,-0.000140678329421442,-2.85253240537857e-06,3.97715291843885e-06,-3.94714958788317e-05,5.35676240393857e-06,-3.63778918263532e-16,1.90959508568566e-05,-4.83060832536772e-06,1.3395760791526e-05,2.34242817862972e-05,-2.37949867612893e-06,-1.59509884602326e-08,-2.10768902331182e-16,-5.64046178355664e-17,-1.52858519241867e-08,-2.56811909952865e-06,3.38334823394932e-07,-2.56605934752325e-06,7.72219216058971e-15,-1.20657557019263e-06,-1.41951434562587e-08,4.33920309616869e-17,-8.86632979703204e-17,-9.32657606601433e-17,2.9877472558058e-06,8.82042038071799e-06,-0.00151296790959597,7.25171106056207e-06,3.6182483244707e-06,7.44686048139302e-06,-4.27863650125862e-06,-1.67969117106931e-15,-9.29441342915075e-07,2.60247080639221e-06,3.35710959848871e-16,-4.84999179468137e-16,-1.61387707354459e-06,-6.54424032340778e-10,-9.47551537397395e-07,3.87911602509421e-06,9.26643712342049e-07,-2.61621616196814e-07,-6.13691911052511e-16,-8.78704643870563e-07,-1.90658823465535e-16,-2.98437986120003e-06,-5.02066921023725e-16,-1.03088074833059e-06,3.14694772090382e-17,0.000391068146970359,1.09540583338253e-06,3.44512120573741e-07,4.51908931490714e-06,2.96247824480997e-06,-3.38902733492958e-07,2.14303422928508e-06,5.57410680633737e-07,2.71138761777361e-06,2.49368070223391e-07,7.41261211830246e-07,-2.0770153854373e-06,-2.67862555410438e-06,-2.16714885094858e-07,-9.85467124131729e-07,1.02998104206809e-16,9.18667574141078e-06,-1.57747775057537e-06,9.55276901627562e-05,8.15265228151106e-16,1.0650598443027e-07,2.87290899877495e-06,1.02558593644394e-05,4.47564473334861e-17,-3.28777824944567e-06,-1.31500865401703e-06,7.02836998829126e-17,-1.73465810327219e-06,5.07245584757373e-06,-1.92923987055128e-17,1.0505942653116e-16,-1.85422779556831e-07,-7.51727349521282e-07,-4.27817756181472e-09,-5.92816537778285e-06,1.57008811357973e-06,6.11273994983575e-07,4.447251545545e-07,0.000494679998870084,-9.1113388060078e-06,2.17545165909216e-16,2.48624030802002e-08,1.29236132820665e-08,3.56477523079344e-08,3.33388553277746e-06,3.18204236028054e-17,-6.57641050274366e-17,1.09559304774406e-06,2.6350859365776e-17,-1.17483305437609e-16,0.000795229618675165,-7.45070849772078e-06,-1.84981648249282e-06,-7.58606746129286e-08,4.74485953524131e-05,9.16028556591579e-06,2.57406922202383e-07,1.8286321704954e-17,5.96120607718061e-07,2.78094297194327e-08,1.27560443267387e-07,-1.69613868417546e-06,6.67172486974119e-06,7.48193661783171e-16,1.04203652100242e-18,1.02469185873304e-15,-4.38619008406057e-07,-2.77935188706564e-07,-1.22266994209032e-06,-1.67331447412715e-12,-2.12633677275935e-07,4.63000889185908e-18,-5.9142263110888e-17,2.60560136574629e-05,-5.72051575100457e-07,6.27861478086356e-16,-1.40498944800917e-06,-9.5927604840822e-07,6.4896193621525e-16,0.000703210706832381,1.26269041897371e-16,5.73679027384724e-07,-6.05093099002181e-17,5.72279015240418e-07,4.95313858551671e-06,2.37331361742742e-07,1.6865530375663e-07,1.15727506583747e-06,-7.63514271408505e-07,1.58675577409891e-06,6.18762044483615e-17,1.37424819393619e-05,-7.75284830770441e-07,-8.29585966820585e-17,-1.02072611102878e-07,-1.56962780306803e-06,4.82195417852364e-07,-1.19381591362426e-16,1.16400154705442e-06,2.03551532386733e-06,1.75003596630732e-17,-3.83882095373145e-06,-8.48721441522597e-07,-5.84011592564366e-08,-7.49888110929144e-17,-2.25427039476495e-17,7.85558434363362e-07,2.4012206433579e-07,1.94203069949466e-08,-4.10304629082733e-07,1.4105439307734e-07,-6.74656549518988e-17,9.52607180960988e-17,5.14547034059879e-07,3.54638124848561e-09,7.97658958964186e-18,1.24171561369164e-06,-2.92281025722857e-17,8.49138018378519e-07,-2.36897863672389e-07,-1.38399503425493e-07,-9.17079482763621e-07,-1.95770694315782e-15,-1.63296502005185e-17,-2.7257584128247e-17,-1.19210429193133e-16,-9.70930022590856e-08,-3.3666381285083e-07,-2.52148110705512e-16,-3.62462556599755e-16,-1.26770490065373e-18,4.73255081104702e-07,4.2505802030842e-09,-2.3368994032108e-07,8.82327811292149e-17,1.36731446477578e-16,-3.18945174090923e-16,-7.53784871887787e-06,3.05262911975776e-07,1.33855594143384e-17,5.34398921763753e-08,-1.39685961542445e-06,1.86234958582529e-16,6.90718617301424e-17,-7.28139664997464e-07,-7.4591192303556e-09,-3.6028692696989e-07,-1.10607231571498e-16,4.04700031616581e-07,5.88828224804398e-07,6.31045521112103e-07,-5.75124325053865e-07,-0.000182926119922879,3.31900956950764e-08,-8.41730734558776e-17,-1.81022047565903e-17,-5.39991787325345e-17,6.2830449051067e-07,-5.68833149621414e-07,-1.61938715157827e-07,-1.26998088212163e-07,1.82147486906214e-16,-4.32324062573073e-17,6.99179704738014e-18,1.3012006705182e-17,4.3366477416955e-16,7.99275148085796e-07,2.61384147212098e-16,-1.3872663641619e-16,-9.7671734339186e-08,4.19446414651568e-17,-8.74266542107305e-08,4.77625171876705e-17,-1.08376502251941e-07,-2.10398229259475e-17,-1.30959226093719e-07,-1.63810148114137e-08,-1.97542076998748e-06,7.48426986944316e-17,5.24915628302741e-07,2.26057291925618e-17,7.43276031393652e-07,-1.72487129340637e-06,7.21418597478924e-09,5.41774745934024e-17,1.0510996042349e-06,-7.26947879158751e-18,-2.57894670730298e-07,-1.45553345361102e-06,-1.6163698173948e-19,7.78728339058318e-18,-7.0786536976603e-17,-5.05142129797482e-17,-4.87927103334328e-09,-6.35140794091638e-08,-1.4176244815235e-08,2.71644662263837e-17,-2.2735867392814e-17,-1.97847906936642e-07,1.61373456023265e-06,5.81128540815286e-17,6.81735727677928e-18,-6.4304271065229e-08,8.91985807692087e-17,-4.55462799113348e-07,4.28825770912818e-16,4.29354376123434e-06,7.68303652539092e-17,-1.17738786396065e-16,-3.00371560222975e-17,8.49692466403155e-18,-1.40823931841593e-18,1.18150420002051e-16,1.08771513621778e-07,-7.60671855258394e-07,2.66743238016209e-18,-3.81274105707672e-07,1.44966957591139e-06,1.43271229873139e-17,-1.64865089950654e-17,1.97459865751793e-18,-9.73954571623101e-17,1.42641886888551e-07,2.28015647684064e-08,-1.5755897969847e-16,-6.51414328165965e-17,-2.58798363431512e-07,-9.23125591502715e-07,-1.84822691678977e-08,-1.1412248427221e-16,3.27378509361975e-17,-2.38093119611026e-17,-1.40223579784121e-16,-4.19980265089382e-17,-5.01880135065701e-17,5.43275230207466e-07,-5.13668345847677e-07,-9.87370905179015e-08,-2.75004415947528e-18,7.78753766681551e-18,-1.6849888305457e-16,-5.3190301858854e-17,8.02741008158154e-18,2.95569517607119e-18,5.99206758507538e-17,-6.95288626193516e-17,-4.5083167071066e-17,4.59569722222319e-17,4.71311284030082e-18,2.20389298774581e-16,3.68380240011707e-17,7.32630447501633e-17,7.12083485512093e-08,3.9566167973779e-17,9.41292290776459e-17,-4.17205542409293e-17,1.00710185357277e-06,-9.16870504269276e-09,1.99879273085719e-17,-2.59834232150572e-08,9.1909473086927e-07,7.92437648854862e-18,4.9305307114073e-16,-1.33811831555121e-06,7.70062173199816e-17,2.25624445511887e-08,-2.32195909831038e-17,5.37927235295272e-17,5.5641142479067e-17,7.49110012528128e-17,1.66486615374309e-08,-2.2858064121795e-06,-2.42205261703649e-17,-1.03327551036564e-16,3.06998444547294e-18,-4.89473614377185e-17,-2.57552226073932e-16,-4.16685574686944e-17,-9.1346654648525e-18,5.72114110486799e-17,3.6046966054993e-08,2.49903343755216e-17,1.36960947621393e-17,-3.72110135060988e-17,-3.53931613959702e-17,-7.58787139530564e-17,7.07254657760014e-17,-5.36592297932856e-07,2.79912076898773e-17,5.2420964741337e-17,3.99918136196834e-07,-2.11094556799516e-17,1.51103322165088e-17,2.03897738653942e-17,2.98138993139124e-16,4.39104266278889e-07,-1.60991298489482e-17,-2.44885044770868e-07,4.81669384869739e-17,1.5546130966999e-17,9.31399010685597e-17,-2.68264228241383e-16,-1.69665367513497e-17,-1.78196835302125e-16,8.83442363989948e-09,-2.60069511726517e-16,-7.05238259111684e-18,6.58297604134914e-08,-1.10141475058021e-06,9.56623953718179e-17,7.70738582283039e-07,1.12846632670674e-07,6.05402727498372e-17,-1.83259502977613e-16,1.2784502919901e-16,4.9888978250795e-17,-9.50402130169054e-17,-1.88613150339569e-07,3.52448292692136e-17,1.17789545845643e-16,-1.83615155955913e-17,7.54159250502846e-08,-1.76215929789797e-16,2.46484225701605e-18,-1.32379113484116e-16,-5.43293522694129e-17,-3.43027679438753e-08,-4.11052702383935e-17,1.36414514136873e-08,-2.89083215599145e-17,-2.02964478762742e-16,2.71546561104974e-17,1.71036382460016e-16,4.53196866631076e-17,-1.23813178625815e-16,-2.70155352309331e-17,-2.36014006617651e-07,9.60994779754411e-18,-5.08190274408606e-17,9.91536084794529e-08,1.15703067058994e-16,6.14968600082778e-18,-5.41597572034129e-17,-2.64315432504083e-17,3.23657436087716e-17,-2.69907649317811e-17,-5.42376993915992e-07,-2.12639034136967e-16,-3.81711933700427e-16,2.13362913167277e-07,8.87254683247176e-17,3.11638643641322e-17,7.12842909202103e-17,1.35492475964871e-16,3.86061022295931e-16,8.01949785778162e-16,-1.52181031761392e-17,4.2257630890498e-18,4.16525492918853e-17,-1.22414653449097e-17,3.95102145018879e-17,-1.11538915399882e-07,3.697111306872e-07,5.2073255754036e-17,2.00017032937911e-17,-1.81360331945545e-17,-1.0175766025502e-17,1.84693840082906e-16,-2.62453050150501e-18,3.63594842435022e-17,-8.40112015868214e-17,-2.41745097421576e-08,3.21785160249432e-18,-4.30587751478993e-17,6.09526863488186e-18,-5.77095454884956e-18,3.0898617999703e-08,-4.04541474347235e-16,-6.46567132621335e-09,1.45393679906352e-16,-5.24687133466384e-18,-2.41612426231238e-17,-3.06536097454212e-18,4.46631483408808e-17,-7.06190048069882e-17,3.27845098844746e-17,3.64152744146902e-17,2.05861609999187e-17,1.19468783674176e-17,5.41351900230907e-17,-5.26577222940467e-17,-3.04623713760545e-17,-7.93233424940816e-18,-2.28552108148694e-17,-3.18112594574288e-17,-1.78478587752843e-17,-9.24300341504648e-17,4.71485236676354e-17,-3.34260230199991e-18,8.70831184940357e-16,-1.76022222030288e-17,-2.09222540028145e-17,-3.86284961091493e-17,-2.71459628804232e-17,2.30992729638403e-09,2.2815104282634e-17,-1.17406666395306e-16,-2.28976774345271e-17,8.5987878216582e-17,1.21874611861788e-16,1.98824788623331e-17,1.0292289444744e-16,2.91659112726467e-17,5.63514052333413e-17,-9.78029607510957e-17,-3.02492406123456e-17,4.57291158863668e-17,-1.10402233553399e-17,-5.05898201663068e-17,-2.1575837200157e-16,-6.37448525038712e-17,-4.91125050513714e-17,-2.9591941328804e-08,1.99860380347869e-17,-9.6646619815406e-17,8.85865694637065e-17,-2.36527975142536e-17,2.14978027021849e-16,7.84175879894679e-17,-1.54709686398262e-17,1.17214757230509e-18,-3.21693865507343e-17,6.24045189378e-09,2.14843640992897e-16,-1.42083271039222e-16,-1.9570701709585e-17,2.97990773343294e-17,2.92587959504848e-17,9.3482713683112e-18,6.11575835469744e-17,1.60994902443117e-17,-7.83113492061842e-17,3.61674141285974e-16,-6.67198962945621e-17,2.0903571200415e-17,2.06038358049812e-17,3.13376529419472e-08,2.16346169721363e-17,-3.65371349752544e-17,-1.48005849314649e-16,2.68882138776405e-17,-9.4122250200584e-08,-2.13854690905251e-17,7.84209078493642e-17,-4.1307208884714e-17,6.19487402041452e-18,1.22848867448795e-16,-1.44862589855407e-16,-6.93330988239549e-17,-4.08957446503675e-17,-7.47818286959011e-17,2.21121661097308e-17,9.53214228365129e-17,1.74485696856112e-17,-5.13480808142682e-17,2.178345861448e-18,5.77229822528929e-18,3.5154257128157e-17,-1.9835198365545e-16
"t232",-0.00768478329137388,0.0226570016804183,0.0259073896352578,-0.00804413382417528,-0.128170763904588,-0.0282734723602176,0.0182042839849734,0.000290702942620866,0.000957427022222006,-0.00207187739696279,-0.000552700483409265,0.00324367421262057,-0.00474152682517092,-0.000460784400773164,-0.00319065367339518,-0.000878570546858591,-0.000815678880830357,0.000341530993243174,-0.000302201520983574,0.00021833704909181,-0.000796237607223794,0.000158995710038777,-0.00032787745012761,0.000677533097369155,-0.000106259889891757,0.000243428218268358,-0.000302023613935378,0.000278121596007232,-0.00237044109071919,0.00556471725918229,-1.2759389881104e-05,1.72997645524607e-05,-0.000699636007642387,0.000106728780891943,-1.26309904972621e-05,-1.17567199750538e-05,-5.24379607432374e-05,2.91649855251766e-06,2.26401225945857e-05,5.63552881172166e-06,0.000237886773642844,-2.39629037063185e-05,2.19850390145648e-05,-1.85104773811759e-05,8.50442859127603e-05,-0.0158079786464559,1.49398239747499e-07,-4.05021455990918e-06,6.29419290165546e-07,8.52245466945527e-06,-2.52443732577704e-05,2.08738976624345e-05,-3.02595811789501e-08,1.38148021823527e-05,-7.45751496140498e-06,8.29082067423207e-05,-7.83886909657343e-06,0.000670122566178055,-0.000234269797890239,8.61472322517026e-05,0.000180924508179748,-0.000371996319881506,0.267576366033338,0.0351744512622294,-0.00026194990526049,0.000610448734983923,-1.24626372065141e-05,0.000375121936197236,-0.000963566090865612,0.000342773625103481,-3.34100921252274e-05,7.92518743162282e-05,-1.93077604344364e-05,-0.000169133032794255,7.08147074307942e-05,4.95273980377506e-07,-0.000602930434811573,6.46020226867102e-05,-0.000246066425921383,-0.000306394169627687,0.000106905261373835,0.00169415411316263,-0.000624822482719322,-0.142061110840141,-1.92144246578511e-05,-0.000368973261217236,-4.27729338342464e-05,-4.22238502136007e-05,-0.317578060893751,-0.000255177117830309,1.29623195625501e-05,6.99139317151404e-08,4.31766185432388e-06,-0.000102010733159941,-5.71193091502381e-07,-3.38981074493121e-05,-3.98649852514491e-06,2.13712947780357e-05,-0.000181388828112999,-5.14706914980062e-05,-1.1585217775511e-05,9.98644641693004e-07,-1.59224543790879e-05,6.34229880502549e-06,-2.79614654110827e-06,5.89826417455064e-06,-0.000155801968889402,7.29999965738731e-06,-2.50763581815126e-05,1.17451796642057e-06,2.94212303780679e-05,0.00956927502059805,2.62530576926408e-05,1.3502404089826e-05,-3.82010558357708e-07,0.00257758260600694,-2.08975966440464e-05,2.32451033249755e-05,-2.3855622115547e-05,5.88640322575551e-05,-4.22671483959362e-05,5.44774832803254e-05,-5.18560942941821e-05,-0.000142452166332476,8.6381987262253e-06,-8.90879917063641e-05,9.07747847554577e-06,-1.49552819372829e-05,2.91109579467055e-05,0.000960003285196712,3.07047213819358e-06,9.22490966487326e-05,-1.7648948204225e-05,-2.26109603677585e-05,1.41350512830235e-06,3.89089754176734e-05,-2.54535734090122e-07,-0.000207908517882988,0.000179633018120414,-0.00056171959177926,-8.7864776303652e-05,-0.0238789223233755,-0.000458809488501358,-1.97537485368383e-05,-1.03660885784766e-05,9.26491397216183e-07,5.82508983858852e-06,5.75228125408547e-07,5.05347130158991e-08,-1.75028536219164e-07,-5.08287442049289e-06,-9.01651830264955e-07,-3.65502579777758e-06,7.82752087243359e-06,-2.81242736814029e-06,-2.49648383261477e-07,3.7900154312744e-06,-4.69954037298737e-05,-1.21210520526409e-06,-4.01254845769513e-07,-3.66920013938037e-05,4.0041462927972e-06,-2.11271038498977e-06,-5.67621093602471e-05,0.0058726620574986,-1.56308671152381e-05,1.48904536926003e-05,2.54455542443011e-07,1.26500056174252e-05,1.67277121800844e-05,-3.73784061900654e-05,-6.56268355346983e-06,7.48168362505105e-07,1.43999552075108e-06,4.63298417448739e-06,5.53928988468204e-07,4.10845592613337e-07,-0.00174451284894546,-8.19928385846043e-06,-5.76939855411108e-05,0.000177991813952246,6.12514852142154e-05,-9.10528350003765e-06,-4.74286785213896e-08,-1.02648545479828e-06,-3.21250090310468e-07,-3.55978758792998e-05,8.13494595763016e-06,3.64593237555557e-05,-6.04333660099398e-05,-9.84231850084721e-07,1.80383276944354e-06,7.16179318572942e-06,1.69192689433276e-08,1.22058656647415e-06,-1.71530424160521e-06,-3.15820909452999e-06,-2.97912199003459e-06,1.87294404586642e-06,7.9014067603869e-07,7.87884691816099e-07,0.000130471771509073,-2.11582428785772e-08,-4.85623529678304e-06,-5.53685187136102e-06,-3.65476476764718e-05,3.54345421739104e-06,2.4674451405303e-05,-2.62064768206533e-05,-2.14883837668656e-07,-0.000106206580725201,4.59517215494941e-05,-0.00012026687416106,-1.12103912519781e-05,-1.21565490599989e-06,-0.00106198084159015,2.00205088040378e-06,9.46189087892807e-07,-1.71916510002234e-06,-8.54388972876295e-06,-4.65815057166787e-05,7.42663986658676e-05,0.00152882986235644,4.6580785524758e-05,-1.24012423729241e-05,-0.000759313319307745,-6.24993722114013e-05,-4.65899288308483e-06,-7.41119842890548e-06,-5.98323635207229e-06,2.39676385670103e-05,4.95920817741372e-06,2.0894671223271e-06,3.5034878008057e-06,-1.90073319271153e-07,-5.93849336715702e-07,-1.69095149255469e-05,5.71004417815679e-18,-0.000289534690506148,3.77361857583939e-05,-6.24562528642998e-06,-2.31359132707584e-05,-2.19201027894471e-05,4.94035131742654e-06,-5.78189794322697e-06,4.28188952905108e-05,-5.43331869609507e-07,4.49413298285611e-08,-1.70887608535705e-05,0.000299441763372203,-2.84408702442716e-05,0.0403825004766215,3.1664770899334e-05,-1.62201627884606e-07,3.471547602228e-09,1.98228635958276e-08,-2.55877219027205e-07,4.22079540739019e-06,9.7819590337384e-07,-2.11839362193121e-07,5.22614529059388e-06,-1.04465802115245e-06,0.000117980940791738,-1.02935462226533e-05,6.47915710392746e-07,-2.2164350888948e-07,5.46095057912942e-08,2.00657050501497e-05,-8.47959509960796e-06,3.15429010624352e-07,1.26996089848894e-07,-2.81351760306178e-07,4.54971543443165e-06,-6.11168610502094e-06,7.34846714168003e-06,-1.90618576780092e-05,1.51069162037881e-05,-1.12139095273947e-06,1.43925533796335e-05,-9.92986145592642e-07,2.91478289846295e-06,6.23952519246934e-17,-7.42334638927958e-06,-2.55471894882241e-07,-4.51612071464675e-10,-4.06096245717931e-06,3.97246971008497e-07,-2.49923559446565e-07,-1.10471020087236e-06,1.423976174991e-07,-0.000594337234376029,1.45962768814191e-05,5.92402407990759e-07,-5.93208635373396e-07,7.83065039678191e-06,-9.62082621789959e-06,4.29136229333107e-05,-6.40192164455664e-06,1.60652626576267e-05,4.32842756010299e-07,4.37991037052241e-07,3.12539863356655e-05,-0.171221624892011,-8.3433557490718e-06,6.79616484765662e-05,-5.2289330943494e-05,0.000167536038890033,-6.25622646904882e-06,-6.1090473222868e-06,-0.0215515662936305,2.832560158524e-06,2.77121838887304e-06,-4.00322935907903e-06,1.26260355603372e-05,-2.98761882129489e-07,-2.5818375859251e-06,4.30384938418777e-06,1.28478168090469e-17,-5.98564219418077e-09,-4.46238005593995e-06,3.66160747692734e-07,-1.42168779597967e-06,-2.39528289659045e-07,-3.6148828353111e-07,-8.02100506379584e-07,1.11329367868027e-05,-3.72039262768135e-06,-6.89184153638751e-16,2.23794002041608e-06,1.13779640728826e-05,6.93528930148158e-08,-4.33137838812033e-07,-4.40044862284507e-07,2.71123570275771e-08,9.08975599904051e-07,-2.20764985068433e-07,1.12206874054463e-06,-9.09757133236902e-07,2.03243759869497e-05,2.64637121411386e-07,1.32359312996375e-08,2.233011528669e-09,2.22054654788862e-07,-1.63164695864724e-07,2.09013198679492e-07,-2.18697727478227e-16,4.50159561233017e-07,-3.00830204656493e-08,-8.65513802634216e-10,-4.05146646543943e-09,8.75910167106497e-08,-1.07352595967568e-07,1.21699171189654e-07,-4.76502698061552e-07,-2.23975471538582e-08,2.47456958809895e-16,-5.05085330164741e-08,-2.81688852742134e-08,-8.36765105941075e-08,-3.38444130355387e-17,1.87755576230151e-07,3.71983676711481e-07,-5.77865125467743e-08,-1.6856225587999e-07,-5.94783381888683e-08,-3.31667630867661e-08,-1.22491040907747e-06,4.13213183765624e-08,4.80315572604428e-05,2.22432419246555e-08,9.06756058853421e-08,1.74179884465585e-07,-6.20941975627715e-17,-8.16398325319773e-08,2.11241995954777e-07,0.000125923015152882,-1.32229112355369e-07,-7.18389588702175e-17,-1.4787721094906e-07,4.00850883898181e-08,-7.60381383786498e-08,-8.54517776477887e-06,-1.77099370002613e-07,2.56559885198304e-07,-2.69453416386536e-06,4.10924523141186e-07,9.90673899363055e-17,1.59062644599226e-06,-4.04977422873695e-07,1.13789639839285e-06,2.02493469542557e-06,-2.05968169583222e-07,-1.38734115631502e-09,-1.60461921527855e-16,-1.47626811722973e-16,-1.3651358207418e-09,-2.34346960418524e-07,3.0954031724413e-08,-2.3906047241606e-07,8.89171902855581e-16,-1.16592044183236e-07,-1.39238803889897e-09,9.41517036128074e-16,1.03017512764748e-17,2.56906415635929e-16,3.05803623105336e-07,9.0730938560485e-07,-0.000158226245675001,7.68482064637483e-07,3.84011957320715e-07,8.00907671202911e-07,-4.60848948641585e-07,-3.33171119288921e-16,-1.02595023651709e-07,2.89575315676127e-07,1.28365503133065e-15,-5.45256541502903e-16,-1.8473923453238e-07,-7.53743299883261e-11,-1.10000918115839e-07,4.52604344900202e-07,1.09112452485066e-07,-3.08496394455089e-08,-3.93254252949952e-16,-1.03812131358597e-07,2.34102061339415e-16,-3.54461099874978e-07,-1.58022466639762e-17,-1.22900053805827e-07,9.33958960223744e-16,4.68361944766813e-05,1.31308844794144e-07,4.17560415372021e-08,5.48911227442056e-07,3.60154404313387e-07,-4.13535116836899e-08,2.62289037067927e-07,6.86590174201791e-08,3.33992527809902e-07,3.07722134389113e-08,9.17507044253384e-08,-2.58019578380533e-07,-3.33639981244086e-07,-2.70427905886673e-08,-1.23072426350661e-07,-2.03890208061642e-16,1.14981015160052e-06,-1.97752860580596e-07,1.19953678235199e-05,4.47457923508665e-17,1.3369313248323e-08,3.60168055427061e-07,1.2846806295155e-06,-9.69094013318865e-16,-4.11632946329894e-07,-1.64237397095376e-07,-4.22435662440055e-16,-2.16324625814472e-07,6.2404044209938e-07,-8.97418688355604e-16,-2.44130838644061e-16,-2.26359992429413e-08,-9.16986092540333e-08,-5.19900339677475e-10,-7.16946506195061e-07,1.87512474714701e-07,7.29154386589159e-08,5.29567545504587e-08,5.76417635384546e-05,-1.03852751114835e-06,1.71846044338952e-15,2.80694958333264e-09,1.45656907673444e-09,3.99291297951108e-09,3.70514874194278e-07,2.16024698352983e-15,-4.6043675652059e-16,1.20371993045325e-07,-5.24377025925854e-16,-6.74803680840076e-16,7.92797226024531e-05,-7.26168922017706e-07,-1.80198821299736e-07,-6.97214477653915e-09,4.32202425736329e-06,8.32770457386046e-07,2.31004195043001e-08,1.12728233889571e-15,4.44796339594605e-08,1.96333500738599e-09,8.82710141034961e-09,-1.04492889882521e-07,2.96752170084428e-07,1.28662130283297e-14,-5.62269612100282e-16,1.47218313312091e-15,-3.74964605805892e-09,3.76905664136467e-09,1.89183594350873e-08,6.28381235582601e-15,9.21837824597891e-09,5.05630262563597e-15,-6.02311091975028e-15,-1.01255219414396e-05,2.28496995195306e-07,6.30702087778268e-15,1.03539673481194e-06,1.14593586252824e-06,8.17804200163148e-14,-0.503667041922207,-4.36909309209076e-14,7.85028971968105e-07,8.52486616095079e-15,7.28171582541813e-07,5.98474909174768e-06,2.71628456217676e-07,1.80144407696718e-07,1.08175118788804e-06,-5.09543124778948e-07,8.12731466982081e-07,8.33402307785857e-16,5.8180299335381e-06,-3.23260659678046e-07,-8.43772574763464e-16,-4.17512315563317e-08,-6.21793962309604e-07,1.86107168540075e-07,1.23760784423744e-16,4.17639875491775e-07,7.21549024168975e-07,1.99948313972201e-16,-1.34038178861377e-06,-2.94256975989379e-07,-1.97630203741349e-08,1.24164100741126e-15,-4.20128400455561e-16,2.53615137348785e-07,7.6250769016504e-08,6.14736851942361e-09,-1.23080409642762e-07,4.20277439939402e-08,7.63627593191863e-15,-1.88586873598226e-15,1.52638333621127e-07,1.05144630991861e-09,-1.02304678240974e-15,3.65605177095134e-07,-1.78477588891757e-14,2.48467756857827e-07,-6.87797250959713e-08,-4.01610813642275e-08,-2.65580426388113e-07,-7.67988102949837e-16,-2.84242982284676e-14,1.50194645586102e-14,3.18940062896108e-14,-2.7672481896686e-08,-9.58430459559799e-08,-1.5582123090668e-13,0.707106781186555,5.75278355059324e-14,1.34198157643089e-07,1.20335490310124e-09,-6.58844299645977e-08,-2.63152907312637e-14,1.38911370470632e-14,-4.13203000461382e-15,-2.10041653569378e-06,8.50320325532234e-08,-4.49000355643352e-15,1.48314914648023e-08,-3.87152531933103e-07,-6.49895800603931e-15,-4.75082410716107e-15,-2.01216274006379e-07,-2.06081628053401e-09,-9.93851850729087e-08,5.80116330688083e-15,1.11371523557239e-07,1.61849863310046e-07,1.73189298544239e-07,-1.5754974261349e-07,-5.00881167372571e-05,9.08069386759779e-09,-3.22995786490373e-15,-5.69958028598679e-15,7.69597869688347e-16,1.71300305153013e-07,-1.55079758615732e-07,-4.41346171951561e-08,-3.45673003791306e-08,-2.66562887031867e-15,3.66592858857032e-16,-3.58827990384266e-15,-7.36961219246936e-17,8.65771333015943e-16,2.17384098634148e-07,3.31815198695307e-16,1.3920856454032e-16,-2.65601717798007e-08,1.31693186651374e-15,-2.37740424047632e-08,2.28746518250452e-16,-2.94706586574091e-08,-1.49509210122428e-15,-3.56085144729909e-08,-4.45413191811678e-09,-5.37153380245577e-07,-1.13185133395878e-16,1.42745904719765e-07,-3.16590448889718e-16,2.02189157794972e-07,-4.69510203563198e-07,1.96376997155631e-09,-3.10941469696956e-15,2.86216117464384e-07,-3.84943669888429e-16,-7.02683735886983e-08,-3.96601078327938e-07,-1.83765960849092e-15,7.681858620974e-16,-5.149594312477e-17,3.06056814018311e-16,-1.3302672749348e-09,-1.7319088336563e-08,-3.8663490927287e-09,4.71288936300681e-16,-6.23712139983193e-17,-5.4014233914786e-08,4.40584745964746e-07,-5.3317673652436e-16,4.52950179906738e-16,-1.75813839155843e-08,-2.08872980753718e-16,-1.2456808395925e-07,8.90375671167062e-17,1.17542308205438e-06,8.85752689620947e-17,-7.18523957777312e-16,5.44797098198116e-16,4.15350435915573e-16,-7.26246059786848e-17,3.61959353521249e-16,2.98420159230137e-08,-2.08700356510306e-07,-5.99526206992376e-17,-1.04691412804708e-07,3.98190907155127e-07,-9.55590652984415e-16,5.75133839827678e-16,4.99060169166175e-16,1.95414940824511e-15,3.92400311161071e-08,6.27487992857224e-09,-3.7413275535545e-16,-5.4099813817512e-16,-7.12493071600612e-08,-2.54157706649225e-07,-5.08952165334267e-09,-8.08069957048316e-16,-3.05412923639599e-16,2.84571874165802e-16,-7.89905988441034e-16,1.30169831905422e-16,-5.00060517710587e-16,1.50064436532994e-07,-1.41928739739505e-07,-2.7289614513303e-08,-1.50263819583306e-17,-8.17852589014684e-16,-4.40954362015776e-16,5.65983440543117e-16,-3.62597217606079e-16,-4.78962686624151e-16,1.34083440978117e-16,-1.27357851480327e-16,-4.49685526475549e-17,6.30519091409539e-16,-9.35769193660006e-17,-2.75761311647798e-16,-4.12860971832829e-16,-1.00402553976948e-15,1.97849475614779e-08,3.87470624895514e-16,1.08911478996139e-16,-6.99028421939627e-17,2.80023512138855e-07,-2.5497799408062e-09,1.26444362661165e-16,-7.22664431256294e-09,2.55856019065705e-07,1.2793582671729e-16,9.74561822572683e-16,-3.72930292485128e-07,1.61803024200328e-17,6.29705346194383e-09,2.55158232763445e-16,1.59510671202176e-16,1.10706605786286e-16,-1.18305479195178e-15,4.65717527143653e-09,-6.39514989480293e-07,-1.61146071607018e-15,-6.99938682279962e-16,6.07131622890878e-16,4.18679658988063e-16,1.00830802041152e-17,2.76514833769987e-16,-4.84537409427261e-16,7.03072532053886e-16,1.01698475063948e-08,-1.27991382637876e-17,1.94915640896674e-16,-5.24294139023727e-17,-1.39968464454666e-16,-2.49323629611275e-16,-7.91185984337755e-16,-1.51670582784576e-07,-1.8989217958398e-16,-4.19606547902043e-17,1.13078071746383e-07,5.56356319234681e-16,-8.95127975205257e-17,-2.15780252964822e-16,1.56615790116227e-16,1.2467004214968e-07,-3.22024424324808e-16,-6.95794396088154e-08,1.50478618270687e-17,4.20270244867331e-16,-2.50643892043795e-16,9.01711888614881e-16,3.79461521995601e-16,-2.05204973899459e-16,2.5139817148799e-09,6.73119879155339e-16,-1.48663762562131e-16,1.87551154854938e-08,-3.13815484024939e-07,4.05833928154329e-18,2.19824091059597e-07,3.21956134802467e-08,-8.02101597293078e-19,7.83166829889402e-16,-9.8843855135009e-17,1.92232885783232e-16,-2.20481689945574e-16,-5.4071847038534e-08,5.92050417690441e-16,3.67291055017633e-16,3.32045773462191e-16,2.16474645615237e-08,-1.27696480477238e-16,-3.64740253084969e-16,-1.66664566543375e-16,-1.6287354860068e-17,-9.86273200647048e-09,2.86863714843189e-16,3.92421709402203e-09,-2.60995081645166e-16,7.14357314949215e-16,9.68845203096904e-16,-5.19447647939829e-16,1.59123171452634e-16,-5.67853648164683e-16,-4.09556183662678e-16,-6.8080728703613e-08,1.89851677979413e-16,1.05543157482443e-16,2.8621518920343e-08,-7.60017876089209e-16,1.80062541590563e-16,1.44464923190866e-16,9.80707559935901e-17,-1.53926059167234e-16,1.72915373211411e-16,-1.56900578834845e-07,6.57630623112017e-16,2.76071796109773e-16,6.178239334421e-08,4.88863274995794e-16,-8.8633664942542e-17,1.13167677404249e-17,-1.51919594693486e-16,2.92970084071377e-16,3.86567009788402e-16,5.85840081778952e-17,-2.20249507693363e-17,-2.28213126421007e-16,-2.62790907209468e-16,2.01847375553267e-17,-3.2414645741823e-08,1.07489690329564e-07,-4.96985145558283e-16,-2.33920961623594e-16,-1.09376825952557e-16,-1.70934725528698e-16,-2.51209643364891e-16,-1.72005434030034e-16,-3.42644590720981e-17,-2.16181489854459e-16,-7.0445591190051e-09,1.08510245401638e-16,2.19975970795803e-17,1.89349507720643e-16,4.29366419875217e-17,9.0215640648943e-09,1.84285556919828e-16,-1.89197398035575e-09,-3.30365024081605e-16,8.72295259283058e-17,-7.26098301196377e-17,8.62884317148443e-16,1.11697581430585e-16,6.09447608181054e-17,2.07446735402599e-16,1.83120141972453e-16,-2.12373243904983e-16,-2.02720237216932e-16,1.08591120045244e-17,-8.14987312873263e-17,5.20892148522011e-17,5.5667950205396e-17,-2.37579586723886e-17,2.9722701395791e-16,-1.03284030814568e-16,6.58408683979847e-17,-2.19680797521395e-16,3.66536184592204e-16,-8.49906083011387e-16,-2.08661215107472e-16,-5.51858598367853e-16,1.73097293794338e-16,-2.02677049031877e-16,6.81494056865536e-10,4.74965011954684e-16,-2.84545183499988e-17,-3.20070443797974e-16,1.44116873274955e-16,9.92335042794183e-17,-2.45549621140596e-16,-1.9146688548199e-16,7.60459965220167e-17,2.097621479867e-16,-2.53345926951879e-16,-3.75188161788609e-16,1.72227658210801e-16,9.58055012411839e-17,-7.07489116865627e-17,-6.45884166639376e-16,-4.44820605559394e-17,-9.66866106937394e-17,-8.77938808243436e-09,-3.81311737049844e-17,1.24181686149036e-16,-1.4443305494073e-16,-7.44881576526563e-17,1.87399321656889e-16,1.78839174070017e-16,-1.50649758108306e-17,2.99427588543638e-16,9.98138226727919e-17,1.86218247493845e-09,2.34733589178507e-16,-1.23648157779131e-16,9.76209387793087e-17,2.95492551455825e-16,-7.58365309631309e-17,1.27462724260805e-16,1.88720856140321e-17,4.70133553832487e-17,-9.69918653867692e-17,-4.16967531226641e-16,-7.55311308070071e-17,1.21040044909389e-16,-8.23612427436991e-17,9.40606611073598e-09,2.22337193519181e-16,1.79865298635555e-16,4.37737236826637e-17,-3.36796562860897e-15,-2.83280801870248e-08,5.54761549844094e-17,7.20774246048425e-17,-1.58193941696648e-16,2.51168881083673e-16,-1.49587333860966e-16,9.48869474563004e-17,-3.26518583463145e-17,1.08640800917545e-16,1.18986372550981e-16,7.58060705321304e-17,1.51870807594018e-16,3.65748208828668e-17,7.16771246792874e-18,2.49022792872808e-16,-7.63379422266213e-17,1.44715089125411e-16,-1.13827629164541e-16
"t290",-0.00768478329137389,0.0226570016804183,0.0259073896352578,-0.00804413382417527,-0.128170763904588,-0.0282734723602176,0.0182042839849734,0.000290702942620872,0.000957427022222012,-0.00207187739696279,-0.00055270048340927,0.00324367421262055,-0.00474152682517094,-0.00046078440077317,-0.00319065367339518,-0.000878570546858589,-0.00081567888083035,0.000341530993243177,-0.000302201520983579,0.000218337049091803,-0.000796237607223781,0.000158995710038772,-0.000327877450127624,0.000677533097369153,-0.000106259889891742,0.000243428218268361,-0.000302023613935385,0.000278121596007211,-0.00237044109071918,0.0055647172591823,-1.27593898811146e-05,1.7299764552467e-05,-0.000699636007642375,0.000106728780891925,-1.26309904972322e-05,-1.17567199750865e-05,-5.24379607432519e-05,2.91649855256178e-06,2.26401225945644e-05,5.63552881178552e-06,0.000237886773642824,-2.39629037063058e-05,2.19850390145811e-05,-1.8510477381057e-05,8.50442859127378e-05,-0.015807978646456,1.49398239863938e-07,-4.0502145599216e-06,6.29419290163542e-07,8.52245466938744e-06,-2.52443732577864e-05,2.08738976624993e-05,-3.02595811411254e-08,1.38148021823631e-05,-7.45751496135035e-06,8.29082067422764e-05,-7.83886909656447e-06,0.000670122566178023,-0.000234269797890293,8.61472322517292e-05,0.000180924508179735,-0.000371996319881634,0.267576366033338,0.0351744512622293,-0.000261949905260345,0.000610448734984014,-1.24626372065074e-05,0.000375121936197237,-0.000963566090865518,0.000342773625103481,-3.34100921251783e-05,7.92518743162279e-05,-1.93077604344162e-05,-0.000169133032794307,7.08147074308296e-05,4.95273980103475e-07,-0.000602930434811604,6.46020226867854e-05,-0.000246066425921413,-0.000306394169627613,0.000106905261374259,0.00169415411316249,-0.000624822482719345,-0.142061110840141,-1.92144246580338e-05,-0.000368973261217159,-4.27729338341817e-05,-4.22238502135395e-05,-0.317578060893752,-0.000255177117830353,1.2962319562666e-05,6.99139314657739e-08,4.31766185426961e-06,-0.0001020107331599,-5.7119309146729e-07,-3.38981074494629e-05,-3.98649852513098e-06,2.13712947780978e-05,-0.000181388828112924,-5.14706914978319e-05,-1.15852177757497e-05,9.98644641715307e-07,-1.59224543789139e-05,6.3422988050831e-06,-2.796146541189e-06,5.89826417467032e-06,-0.000155801968889344,7.29999965732552e-06,-2.50763581813997e-05,1.17451796637172e-06,2.94212303776678e-05,0.0095692750205978,2.62530576926042e-05,1.35024040899404e-05,-3.82010558349217e-07,0.00257758260600683,-2.08975966439495e-05,2.3245103324785e-05,-2.38556221155603e-05,5.88640322574758e-05,-4.22671483959144e-05,5.44774832801969e-05,-5.18560942941994e-05,-0.000142452166332619,8.63819872631823e-06,-8.9087991706424e-05,9.0774784754586e-06,-1.49552819372427e-05,2.91109579467395e-05,0.000960003285196822,3.07047213816079e-06,9.22490966485257e-05,-1.76489482043908e-05,-2.2610960367803e-05,1.4135051284149e-06,3.89089754178807e-05,-2.54535734081079e-07,-0.000207908517882984,0.000179633018120404,-0.000561719591779295,-8.78647763037757e-05,-0.0238789223233753,-0.000458809488501286,-1.97537485369528e-05,-1.03660885784705e-05,9.26491397209556e-07,5.82508983862457e-06,5.75228125367082e-07,5.05347129607047e-08,-1.75028536045628e-07,-5.08287442045174e-06,-9.01651830288349e-07,-3.65502579791107e-06,7.82752087237563e-06,-2.81242736816642e-06,-2.49648383370226e-07,3.79001543128095e-06,-4.69954037299152e-05,-1.21210520535276e-06,-4.01254845761453e-07,-3.66920013940579e-05,4.0041462928611e-06,-2.11271038501698e-06,-5.67621093601423e-05,0.00587266205749827,-1.56308671152886e-05,1.48904536926345e-05,2.54455542356935e-07,1.2650005617554e-05,1.67277121798904e-05,-3.73784061898855e-05,-6.56268355336752e-06,7.48168362804991e-07,1.43999552082969e-06,4.63298417427575e-06,5.5392898842242e-07,4.10845592609719e-07,-0.00174451284894551,-8.19928385837981e-06,-5.76939855412998e-05,0.000177991813952278,6.12514852142168e-05,-9.10528350002074e-06,-4.74286784711395e-08,-1.02648545468947e-06,-3.21250090257666e-07,-3.55978758793996e-05,8.13494595756072e-06,3.64593237558022e-05,-6.04333660099936e-05,-9.84231850142306e-07,1.80383276936886e-06,7.16179318585017e-06,1.6919268931379e-08,1.220586566382e-06,-1.7153042417739e-06,-3.15820909465523e-06,-2.97912199016601e-06,1.8729440458356e-06,7.90140675982355e-07,7.87884691773036e-07,0.000130471771509195,-2.11582429115977e-08,-4.85623529681328e-06,-5.53685187123991e-06,-3.65476476765514e-05,3.54345421729711e-06,2.46744514052323e-05,-2.62064768207311e-05,-2.14883837596339e-07,-0.000106206580725582,4.59517215490377e-05,-0.000120266874160863,-1.1210391252011e-05,-1.21565490592424e-06,-0.00106198084159039,2.00205088028417e-06,9.46189087859832e-07,-1.71916510000963e-06,-8.54388972878382e-06,-4.65815057166124e-05,7.42663986659045e-05,0.00152882986235643,4.65807855242418e-05,-1.24012423730747e-05,-0.000759313319308035,-6.24993722115015e-05,-4.65899288302873e-06,-7.41119842917661e-06,-5.98323635209517e-06,2.39676385667378e-05,4.95920817732514e-06,2.08946712233417e-06,3.50348780083949e-06,-1.90073319349925e-07,-5.93849336684929e-07,-1.69095149255279e-05,-2.16364020122387e-17,-0.000289534690506437,3.7736185758622e-05,-6.24562528642029e-06,-2.31359132705292e-05,-2.19201027892439e-05,4.94035131767678e-06,-5.7818979433487e-06,4.28188952908355e-05,-5.43331869703526e-07,4.49413298619383e-08,-1.70887608535724e-05,0.000299441763372173,-2.84408702454125e-05,0.0403825004766221,3.16647708993384e-05,-1.62201628054229e-07,3.47154830077946e-09,1.98228636896807e-08,-2.55877218879533e-07,4.22079540777624e-06,9.78195903341623e-07,-2.1183936211037e-07,5.22614529054234e-06,-1.04465802105002e-06,0.000117980940791706,-1.02935462226052e-05,6.47915710314839e-07,-2.2164350887689e-07,5.46095057825318e-08,2.00657050499988e-05,-8.47959509946717e-06,3.15429010493469e-07,1.26996089745658e-07,-2.8135176024593e-07,4.54971543431477e-06,-6.11168610509274e-06,7.34846714168369e-06,-1.90618576780551e-05,1.51069162043484e-05,-1.12139095266969e-06,1.43925533796061e-05,-9.92986145657129e-07,2.91478289844384e-06,3.0520918579811e-17,-7.42334638906278e-06,-2.5547189500829e-07,-4.51612222161451e-10,-4.0609624571826e-06,3.97246971012655e-07,-2.49923559332546e-07,-1.10471020098064e-06,1.42397617942814e-07,-0.000594337234375486,1.4596276881475e-05,5.92402408215044e-07,-5.93208635414121e-07,7.83065039642223e-06,-9.62082621789443e-06,4.29136229329325e-05,-6.40192164446225e-06,1.60652626576625e-05,4.3284275602203e-07,4.37991036865836e-07,3.12539863355777e-05,-0.171221624892011,-8.34335574885833e-06,6.79616484763746e-05,-5.22893309432e-05,0.000167536038889901,-6.25622646930904e-06,-6.10904732226756e-06,-0.0215515662936311,2.83256015865771e-06,2.77121838881694e-06,-4.00322935923527e-06,1.26260355603586e-05,-2.98761882387282e-07,-2.58183758569043e-06,4.30384938409458e-06,2.52599334984145e-16,-5.98564197703279e-09,-4.46238005595701e-06,3.66160748196996e-07,-1.42168779555118e-06,-2.39528289958794e-07,-3.6148828297855e-07,-8.02100506232725e-07,1.113293678691e-05,-3.72039262776865e-06,-1.14951321762165e-15,2.23794002116929e-06,1.13779640726182e-05,6.93528931951055e-08,-4.33137838765114e-07,-4.40044862227264e-07,2.71123569949658e-08,9.08975600040246e-07,-2.20764985103756e-07,1.12206874069915e-06,-9.09757133234581e-07,2.03243759872489e-05,2.6463712173443e-07,1.32359312487595e-08,2.23301123913281e-09,2.22054655070379e-07,-1.63164695936011e-07,2.09013198581422e-07,-3.27057485401511e-16,4.5015956088877e-07,-3.00830206076798e-08,-8.65513930469762e-10,-4.05146645182188e-09,8.75910167141736e-08,-1.0735259575512e-07,1.21699171157458e-07,-4.76502698375026e-07,-2.23975472342393e-08,1.9303417863955e-16,-5.05085332217834e-08,-2.8168885107997e-08,-8.36765106658197e-08,7.40824932707952e-17,1.87755575968884e-07,3.71983676718722e-07,-5.77865123138842e-08,-1.68562256180081e-07,-5.94783388107689e-08,-3.31667634266416e-08,-1.22491040911249e-06,4.13213185028805e-08,4.80315572608338e-05,2.22432418930601e-08,9.06756055263809e-08,1.7417988422141e-07,-1.00036389210068e-16,-8.16398322194091e-08,2.1124199579689e-07,0.000125923015152511,-1.32229112413652e-07,-6.21021595040463e-16,-1.47877211354453e-07,4.00850881076002e-08,-7.60381385955265e-08,-8.54517776631933e-06,-1.7709936946927e-07,2.5655988461702e-07,-2.69453416391645e-06,4.10924522396844e-07,-1.76828918474187e-16,1.59062644556809e-06,-4.04977423307484e-07,1.13789639782673e-06,2.02493469498624e-06,-2.05968169595603e-07,-1.38734137971893e-09,-5.46437894932694e-17,2.03309282766619e-16,-1.36513568461154e-09,-2.34346960237509e-07,3.09540326057283e-08,-2.39060472672534e-07,9.12483051549249e-16,-1.16592044278136e-07,-1.39238729524805e-09,4.44964974380378e-16,-3.90302315896225e-16,4.81698471998151e-16,3.05803623293875e-07,9.07309385742001e-07,-0.000158226245674397,7.68482065458515e-07,3.84011957227948e-07,8.00907671248028e-07,-4.60848948244584e-07,-3.48986927395023e-16,-1.02595023449433e-07,2.89575314583986e-07,-3.97677368005738e-16,-9.1645296038443e-17,-1.84739234538945e-07,-7.53749805409082e-11,-1.10000919785529e-07,4.52604345140834e-07,1.09112454211428e-07,-3.08496402002242e-08,-3.38407175549296e-16,-1.03812131360847e-07,-9.53320240686492e-17,-3.54461100071331e-07,-1.23688494342578e-15,-1.22900055029103e-07,-5.39413821421771e-16,4.68361944750596e-05,1.31308845250602e-07,4.17560413568076e-08,5.48911226623479e-07,3.60154404658493e-07,-4.13535121953777e-08,2.6228903641928e-07,6.86590164438896e-08,3.33992527136217e-07,3.07722123972927e-08,9.17507043225997e-08,-2.58019578607331e-07,-3.33639980474209e-07,-2.70427902819477e-08,-1.23072426802835e-07,-2.45622865889076e-16,1.14981015171995e-06,-1.97752860215594e-07,1.19953678247381e-05,-1.0780551134857e-17,1.33693127095769e-08,3.60168055692434e-07,1.2846806292524e-06,-2.86751120699671e-16,-4.11632946698682e-07,-1.64237396962968e-07,-2.16776285609667e-16,-2.16324625699068e-07,6.24040441790555e-07,-4.62203104858261e-16,-3.18766626218788e-16,-2.26359993057665e-08,-9.16986083387383e-08,-5.19899915762248e-10,-7.16946505944285e-07,1.87512474470191e-07,7.29154385700601e-08,5.29567550996517e-08,5.7641763537291e-05,-1.03852751143546e-06,-3.05745012640912e-17,2.80694878321121e-09,1.45656863729644e-09,3.99291354842864e-09,3.70514874705851e-07,1.55036476193788e-15,1.77435309417107e-16,1.20371992490938e-07,1.14551476493803e-16,3.50668733846516e-16,7.92797226056987e-05,-7.26168922096233e-07,-1.80198822213366e-07,-6.97214481920884e-09,4.32202425663408e-06,8.32770457019242e-07,2.31004188120342e-08,7.27699032593974e-16,4.44796348161697e-08,1.96333562614041e-09,8.82710193070795e-09,-1.04492890800496e-07,2.96752169373893e-07,5.80870021961492e-15,-1.67193353619586e-15,2.30078433924791e-15,-3.74964375868723e-09,3.76905808726445e-09,1.89183581509481e-08,9.98056273697633e-15,9.21837805882945e-09,5.47153224113815e-16,-8.13471709541256e-15,-1.0125521943049e-05,2.28496993443392e-07,1.29412539712215e-14,1.03539673439939e-06,1.1459358631923e-06,7.9738216804221e-14,-0.503667041922229,-4.11323724622954e-14,7.85028972546726e-07,1.11486760578257e-14,7.28171580655791e-07,5.9847490906171e-06,2.71628456463337e-07,1.80144407419908e-07,1.08175119006044e-06,-5.09543128437507e-07,8.12731467026059e-07,1.37844026128646e-15,5.81802993809112e-06,-3.23260659260553e-07,-1.14117162693318e-16,-4.17512321738972e-08,-6.21793959297725e-07,1.86107165349861e-07,-5.83143707735772e-17,4.17639876963295e-07,7.21549024045829e-07,-1.69025874250975e-15,-1.34038178817225e-06,-2.94256975999176e-07,-1.9763022702829e-08,-2.36835406903868e-15,-5.31928505510199e-16,2.53615138582709e-07,7.62507670169881e-08,6.1473718511791e-09,-1.23080410692051e-07,4.20277551476423e-08,-7.20661243276902e-15,3.79095599597304e-15,1.52638328428417e-07,1.05145079645003e-09,6.26398524646561e-18,3.6560517879833e-07,1.87305170792519e-14,2.48467746543602e-07,-6.87797221316905e-08,-4.01610940840568e-08,-2.65580432259712e-07,-1.65349079137515e-15,2.91508852117074e-14,-1.62243942518331e-14,-3.28747210612094e-14,-2.76725194223207e-08,-9.58430833547117e-08,1.55910603140807e-13,-0.707106781186539,-5.61674528512314e-14,1.34198034681528e-07,1.20336628584893e-09,-6.58844091648172e-08,2.64537457528286e-14,-1.21464931212081e-14,2.89809951210807e-15,-2.10041654276781e-06,8.50320283330179e-08,4.27597203096267e-15,1.4831469167124e-08,-3.87152530714257e-07,6.30621520597404e-15,4.8637315438692e-15,-2.01216270888606e-07,-2.060819335318e-09,-9.93851923341296e-08,-3.76515472559329e-15,1.11371519331375e-07,1.61849864556678e-07,1.73189298411675e-07,-1.57549742350103e-07,-5.00881167360066e-05,9.08069377244998e-09,4.44029096998075e-15,4.33368417639142e-15,-4.03257703666734e-16,1.71300305765088e-07,-1.55079758605505e-07,-4.41346198102994e-08,-3.4567298236033e-08,1.85662413089753e-15,-8.5379304470273e-17,7.78059767508733e-16,-3.567736923911e-16,-1.0685198062384e-15,2.17384098608553e-07,-1.53758329010138e-15,5.9411145627159e-18,-2.65601716599962e-08,-1.63677395177127e-15,-2.37740454703749e-08,-6.36859118544927e-16,-2.94706569073697e-08,1.26334486016982e-15,-3.56085126407608e-08,-4.45413200122282e-09,-5.3715338183997e-07,-1.35691545790908e-16,1.42745903278677e-07,2.52360230608848e-16,2.02189156373577e-07,-4.69510204339743e-07,1.96376843890658e-09,2.44571097477819e-15,2.86216116351037e-07,1.03579443747315e-15,-7.02683747800318e-08,-3.96601078998987e-07,3.56699972988057e-16,-6.55593962611347e-16,8.96096109579238e-17,-3.73039229155603e-16,-1.33026755438841e-09,-1.73190888359935e-08,-3.86634745969029e-09,-5.13153508150704e-16,-2.74426751321683e-16,-5.40142340546778e-08,4.40584746861815e-07,2.21888666538388e-15,-3.49438576000943e-16,-1.75813832931483e-08,1.75187749553099e-18,-1.24568084195295e-07,-6.1052118504126e-17,1.1754230831879e-06,3.43383124441451e-17,-2.06258595817582e-16,-4.80028899787177e-16,-8.81751019864373e-17,-2.07338089216341e-17,-7.89450124472032e-17,2.98420187393161e-08,-2.08700357448926e-07,-8.59496329683802e-17,-1.04691414020828e-07,3.98190906981054e-07,7.34022223265806e-16,1.96602457031737e-16,-1.97979042225654e-16,-1.40063726438841e-15,3.92400316525115e-08,6.27487821787817e-09,-4.30542836274364e-17,4.46773923926792e-16,-7.12493067185891e-08,-2.54157704489362e-07,-5.08952154574952e-09,7.6346557807435e-16,3.54788229747372e-16,-1.84683560683999e-16,8.99509064543627e-16,1.14519413159492e-16,-1.19278346398318e-16,1.50064436964635e-07,-1.41928740909462e-07,-2.72896147466192e-08,-7.45790528115891e-17,8.794904780142e-16,-8.8990269468604e-17,-5.07985012450582e-17,-5.4309141923666e-17,1.65717278616277e-16,-2.62227444920307e-16,3.88096498359252e-17,2.2285283199842e-16,-6.03980955564699e-16,2.45017265219315e-16,5.71776198859016e-16,4.65272025683154e-16,1.13252042979836e-15,1.97849479578774e-08,-2.86021387686407e-16,-1.36039929101718e-15,6.47286991354766e-17,2.80023512298542e-07,-2.54978023688972e-09,-2.57246570373864e-16,-7.22664814022562e-09,2.55856018510377e-07,-7.46105441884229e-17,1.04218541473538e-16,-3.72930293042103e-07,-7.80542378033045e-16,6.29705374881328e-09,-3.2111480756643e-16,-4.97056719869147e-17,-3.31517037873923e-16,-3.25203250145512e-16,4.65717440165045e-09,-6.39514988853043e-07,1.01645553176906e-15,2.7820842072684e-16,-4.30477983203889e-16,-4.52137973491239e-16,1.07390225184689e-16,-5.93408805996673e-17,9.66065626944059e-17,-1.06161374244127e-15,1.01698482147388e-08,-8.67331228949935e-17,-3.38713249373467e-16,-6.28320869832296e-16,5.16280227446204e-17,-2.34932880766449e-16,4.80381570146279e-16,-1.51670582639807e-07,1.72783697422022e-17,1.68447714896936e-16,1.13078071668446e-07,-8.73261264653768e-16,-2.29745578698278e-16,2.69375146666299e-16,3.30100010338325e-16,1.24670042199603e-07,2.88312338296821e-16,-6.95794396370778e-08,-1.02099102198285e-16,-1.93308228067471e-16,6.66042405493725e-16,-9.62217357861387e-16,-3.44084736484651e-16,-1.2253443656539e-16,2.51398165916797e-09,-5.71348282006592e-16,6.13804640038533e-17,1.87551164197528e-08,-3.13815484237901e-07,5.23406354674867e-17,2.19824091175025e-07,3.21956134347575e-08,-7.26250858775355e-17,-1.31140942976786e-16,-1.90048764917296e-16,-2.14378950335644e-16,-8.36530711011855e-17,-5.40718470311202e-08,1.09339144001662e-16,-6.94590105241827e-16,-2.5645010590445e-16,2.1647464782555e-08,-5.36441978155254e-16,2.06556738127636e-17,-8.86939106088279e-17,1.64884281585855e-17,-9.86273202259685e-09,-2.87103027810752e-17,3.92421733825208e-09,2.89589392622033e-16,-5.43398514329649e-16,-3.55281447834761e-16,6.4480319317155e-16,6.12040442764576e-17,4.16581862820214e-16,2.7241925224303e-16,-6.80807300639572e-08,-1.41208970627572e-16,2.94660223621468e-16,2.86215196128133e-08,1.28827435685486e-16,3.38125030400142e-17,1.24904810722928e-16,-4.34034780250852e-18,9.36185829432305e-17,-2.87925782173331e-18,-1.56900579144937e-07,-7.05503992595295e-16,1.6901348948402e-16,6.17823939822725e-08,2.372695651142e-16,2.1324624101637e-16,-2.4705739237416e-16,-4.70160465163117e-17,-5.22937355771169e-17,-3.20309535544773e-16,8.92602162083091e-17,-3.12658792844038e-16,-2.89931457012431e-16,1.37109166088256e-16,1.0247806847511e-16,-3.24146455514876e-08,1.07489690594637e-07,2.9441974480807e-16,1.46453406258912e-16,-6.41222287099978e-17,2.02736443202396e-16,4.09882631308145e-16,4.94517083465474e-17,1.02973428142135e-16,2.31571713511491e-16,-7.04455899410336e-09,-2.60595756185025e-16,-4.54886281973677e-18,-1.2838738251312e-16,2.86661538609179e-16,9.02156484706356e-09,-2.91435512087003e-16,-1.89197423153723e-09,4.80202598186289e-16,-3.47753786290646e-16,1.08641794436308e-16,-5.41933383615259e-16,7.27713053157396e-17,-8.15612556903473e-17,-8.9790078614306e-17,-1.81165278006355e-16,1.27609691558203e-16,2.79645025701246e-16,-3.02581775218677e-16,2.23633915015904e-16,7.10921130547283e-17,6.1592647401567e-17,-1.10617625330391e-16,7.02029745756452e-19,1.46732849109263e-17,1.62882593471032e-16,-3.3136715369798e-16,-3.64546310487297e-16,7.58616260088107e-16,2.20922492852093e-16,2.14340300664075e-16,-2.02635547418678e-16,1.77040501240619e-16,6.81494240454864e-10,1.13993776992676e-15,7.26473342342694e-17,-3.42296794742855e-17,-2.12486477054671e-16,-9.95124497164625e-17,1.08143745517582e-16,-4.47421168895535e-16,4.14534763805989e-16,3.64964697044087e-17,1.25728609133678e-16,4.74880551548651e-17,-4.43482770986157e-17,5.72345370572001e-17,4.9416002964195e-17,5.11310446422691e-16,2.53379935163489e-16,1.06784197493249e-16,-8.77938948209573e-09,-6.22066209375147e-17,1.01087870870395e-16,1.32416290311622e-16,-1.37490588939988e-16,3.48713130666188e-16,2.33919413147894e-17,-7.67857285154237e-17,-4.70740908996829e-17,-9.94906369016807e-17,1.86218295710902e-09,-9.59751784838849e-17,3.51750726486288e-16,-4.2282902687852e-17,-1.08229488809417e-16,2.84733801908937e-17,-2.40589028744522e-16,3.48331612121655e-16,1.77558766189875e-17,1.51521051597801e-16,-1.65318591710011e-16,1.26812327713316e-17,-2.21847048377733e-17,2.2116858655264e-19,9.40606668910171e-09,-1.64102639915188e-16,-1.07141883193867e-16,3.34527766191213e-17,4.64797471344536e-16,-2.8328079805869e-08,-7.08879487422285e-17,-6.29547858172232e-17,1.57264451632804e-16,2.70115032372118e-16,-2.43631652896571e-16,-1.30172742254831e-16,2.82713398251039e-16,-5.09176687057969e-17,-2.07745124646092e-16,-9.1902915572537e-18,1.6228894005239e-16,7.01290748564551e-18,-2.01037673084894e-16,-1.48892929605067e-16,1.86449318911623e-16,1.52303012204191e-16,-1.88595911596742e-16
"t293",-0.00768533560109671,0.0226604317957017,0.0259114385799316,-0.00804581822561555,-0.128203614641445,-0.0282819718568193,0.0182098637527024,0.000290799117218895,0.000957800967831223,-0.00207285806347128,-0.000553032080447762,0.00324606954621039,-0.00474513009450668,-0.00046113983857996,-0.00319322150391574,-0.000879319081750593,-0.000816390320927291,0.000341834241000634,-0.000302476018624847,0.000218552380245219,-0.000797086505010913,0.000159199986179124,-0.000328322099164676,0.000678457129292216,-0.000106405374225392,0.000243777245130853,-0.000302461727667996,0.000278528624330548,-0.00237400237087128,0.00557457294488918,-1.27834707488443e-05,1.73338821399506e-05,-0.000701114143511528,0.00010696482082907,-1.26603318221677e-05,-1.17861799684777e-05,-5.25710014211193e-05,2.92401382009875e-06,2.26988525641913e-05,5.65036193521118e-06,0.000238530618637132,-2.40293062854693e-05,2.20468543002266e-05,-1.8562585694158e-05,8.52878000465274e-05,-0.015856082565819,1.49861133053174e-07,-4.06286948103501e-06,6.31432121333563e-07,8.55038929539609e-06,-2.53298219589643e-05,2.09456002975934e-05,-3.03637466841057e-08,1.38632253665347e-05,-7.48457687801832e-06,8.32106223133614e-05,-7.87013621835683e-06,0.000672858604580689,-0.000235228931356838,8.65199803000765e-05,0.000181739449919999,-0.000373704761847965,0.268824455476548,0.0353391565800188,-0.000263211751209449,0.000613463454683693,-1.25275397118932e-05,0.000377121097323659,-0.000968755626136987,0.000344654644719701,-3.36115042381989e-05,7.97625352820116e-05,-1.94334088691187e-05,-0.000170256129856313,7.12861189869056e-05,4.98599470943437e-07,-0.000606992582433457,6.50445408020984e-05,-0.000247814796926358,-0.000308602889653609,0.000107694847066673,0.00170673200819883,-0.000629637322552875,-0.14316791689129,-1.93711555727752e-05,-0.000372019913528509,-4.3130452299441e-05,-4.25774734062829e-05,-0.320239129210878,-0.000257318066372295,1.30715756873029e-05,7.05288285655914e-08,4.35578134478743e-06,-0.000102934527941883,-5.76589797049844e-07,-3.42203898860087e-05,-4.02441074652659e-06,2.15777586727107e-05,-0.000183151349575543,-5.198172496554e-05,-1.17022467036993e-05,1.00874790182044e-06,-1.60838175234189e-05,6.41154110616979e-06,-2.82683858318262e-06,5.96327814690651e-06,-0.000157532065712502,7.38122924140895e-06,-2.53564081872383e-05,1.18770700400454e-06,2.97521998859569e-05,0.00967806196070666,2.65518850479275e-05,1.36603276272853e-05,-3.86504105444857e-07,0.00260828065112264,-2.11478560343302e-05,2.35276863849499e-05,-2.41497895506668e-05,5.95976548403396e-05,-4.27970913121844e-05,5.5174629232336e-05,-5.25283934031769e-05,-0.00014429993253168,8.75045454801774e-06,-9.02610935167798e-05,9.19714020528864e-06,-1.51546501674513e-05,2.95114350624661e-05,0.000973214543154858,3.11283349905834e-06,9.35482333279614e-05,-1.78984893501654e-05,-2.29315813171482e-05,1.43378454427096e-06,3.94681006348586e-05,-2.5828348233019e-07,-0.000211029113662696,0.000182399419481596,-0.000570376451114697,-8.92247822563314e-05,-0.0242493462545017,-0.000465952057651869,-2.00616826754348e-05,-1.05276847547617e-05,9.41074108699695e-07,5.91852845678718e-06,5.84631701135533e-07,5.13647045923308e-08,-1.7793283932533e-07,-5.1672845998201e-06,-9.166835970112e-07,-3.71609904044482e-06,7.95865271184863e-06,-2.86066210637405e-06,-2.53945913423863e-07,3.85542929221056e-06,-4.78549512941326e-05,-1.23458017616248e-06,-4.087104958635e-07,-3.73816301300842e-05,4.0795806286568e-06,-2.15309447511594e-06,-5.78490125547774e-05,0.00598669944088606,-1.59384797408851e-05,1.5194830738439e-05,2.59663749953581e-07,1.29090141038385e-05,1.70719579471878e-05,-3.81522036954033e-05,-6.69865819103622e-06,7.63851483954958e-07,1.47029060420297e-06,4.73121904783201e-06,5.6569664451167e-07,4.19582140634281e-07,-0.00178228182519494,-8.38007791477656e-06,-5.89701204919085e-05,0.000181940547049998,6.26222920012651e-05,-9.30974493624959e-06,-4.84972004789933e-08,-1.04968266838218e-06,-3.2858515554376e-07,-3.64127492034724e-05,8.32526618569761e-06,3.73129143287286e-05,-6.18584838739103e-05,-1.00790277887635e-06,1.84792065794825e-06,7.33780646947709e-06,1.73385090719524e-08,1.25101580643144e-06,-1.75884109427981e-06,-3.23867896974862e-06,-3.0556489683805e-06,1.92125130876189e-06,8.11158879295841e-07,8.08872994276843e-07,0.000133992338437884,-2.17363556781797e-08,-4.99290915172121e-06,-5.69270201623116e-06,-3.75791627355393e-05,3.64428953831502e-06,2.53806058509959e-05,-2.69677837117919e-05,-2.2124160140754e-07,-0.000109394971175176,4.73373918128837e-05,-0.000123966646612283,-1.15590602244905e-05,-1.2534754678016e-06,-0.00109530194847437,2.06622099289884e-06,9.76639853907373e-07,-1.77569283965902e-06,-8.82897396530555e-06,-4.81436513696865e-05,7.68088583365233e-05,0.00158142369113485,4.81917693967307e-05,-1.28370987205502e-05,-0.000786086699075515,-6.47048445080526e-05,-4.82628217916661e-06,-7.68011005869428e-06,-6.20286054851321e-06,2.48520147594114e-05,5.14318597398018e-06,2.16737391638905e-06,3.63430309947141e-06,-1.9726395029161e-07,-6.16498176423832e-07,-1.75600967625381e-05,-7.65311084675474e-17,-0.000300814259047753,3.92099537453072e-05,-6.49374825119834e-06,-2.40671228583102e-05,-2.28118563420113e-05,5.14146323276768e-06,-6.02194402491972e-06,4.46024527501495e-05,-5.6599780042135e-07,4.68296994002704e-08,-1.78103048741039e-05,0.000312197532398002,-2.9657154873108e-05,0.0421122575136609,3.30330851359705e-05,-1.69470596002039e-07,3.6291189693693e-09,2.07321531773133e-08,-2.67884928329611e-07,4.41918694431027e-06,1.02490518734055e-06,-2.22044086771342e-07,5.48106130255398e-06,-1.095816962062e-06,0.000123782848294959,-1.08026793815002e-05,6.80236904807968e-07,-2.32710906805436e-07,5.73956461208757e-08,2.10899466546652e-05,-8.91266952466298e-06,3.31632577243818e-07,1.33533964476684e-07,-2.95935648373271e-07,4.78585070874903e-06,-6.44214363006493e-06,7.74757861663763e-06,-2.01008225712868e-05,1.59370270150279e-05,-1.18341077618958e-06,1.52002373118784e-05,-1.04894671543392e-06,3.0795974585001e-06,1.72220583355039e-16,-7.84793104463455e-06,-2.70105843340352e-07,-4.77608446677583e-10,-4.29744444210179e-06,4.20610070297258e-07,-2.64691301212829e-07,-1.17013795601829e-06,1.51085976163463e-07,-0.000630669945625265,1.54890292551915e-05,6.2895214295042e-07,-6.30719887356488e-07,8.32792460262411e-06,-1.02335877774165e-05,4.56735326157463e-05,-6.82913146413461e-06,1.71539728276378e-05,4.62201971292677e-07,4.67707394386568e-07,3.34565569282447e-05,-0.183826923809141,-8.96101733131102e-06,7.30339707804641e-05,-5.6230649060462e-05,0.000180202403434523,-6.74132682776811e-06,-6.58363726309016e-06,-0.0232316784948666,3.05390736308159e-06,2.98947489711843e-06,-4.32125923904641e-06,1.36371555532978e-05,-3.22771161216071e-07,-2.79055462007931e-06,4.65619819581889e-06,-3.25680056809692e-16,-6.51475445932844e-09,-4.85986254829649e-06,3.99150412128276e-07,-1.54981958483159e-06,-2.61123837073025e-07,-3.94170776983602e-07,-8.75002183631064e-07,1.21511480235947e-05,-4.06500781899961e-06,-3.99253305721985e-16,2.45135840433777e-06,1.2466935290279e-05,7.60421122102217e-08,-4.74953360482662e-07,-4.83347028460143e-07,2.98085852086e-08,1.00072552620034e-06,-2.43277707750641e-07,1.23905124093174e-06,-1.00655216654575e-06,2.25150514657507e-05,2.93370368894303e-07,1.46795747128269e-08,2.47853950587746e-09,2.46492175464938e-07,-1.81224297826646e-07,2.32250482367041e-07,3.32897883308176e-16,5.01895040113271e-07,-3.3564264661232e-08,-9.65678882264029e-10,-4.52960988933066e-09,9.79589225471755e-08,-1.20528298203704e-07,1.3679076535452e-07,-5.35713223205758e-07,-2.52022728495785e-08,-3.0397727401439e-16,-5.68895139304979e-08,-3.17393133036748e-08,-9.44137898602579e-08,2.52053833107093e-18,2.12171297444978e-07,4.20508749028459e-07,-6.53370314045282e-08,-1.90661315176362e-07,-6.73203314990523e-08,-3.75582832195534e-08,-1.38763734550372e-06,4.68651245510894e-08,5.44831702625867e-05,2.52512932163025e-08,1.03085406944959e-07,1.98032573405568e-07,-3.33597381643138e-17,-9.3085060623893e-08,2.4097752675896e-07,0.000143808865092771,-1.51269224702618e-07,2.37362595341553e-16,-1.69808909700094e-07,4.62314118481995e-08,-8.78736422114721e-08,-9.88460862205095e-06,-2.0509361888755e-07,2.9775325812643e-07,-3.13830973640427e-06,4.83017808351574e-07,-1.28797018665038e-16,1.88584227905574e-06,-4.80511267378147e-07,1.35232630182804e-06,2.41202301627314e-06,-2.4538456658217e-07,-1.6539163386479e-09,6.68735899989059e-16,-3.49934776448696e-16,-1.6336520320568e-09,-2.81393702951777e-07,3.71841356145955e-08,-2.88069983189875e-07,1.01773811593384e-15,-1.41484276182789e-07,-1.69510418370315e-09,1.3982835647612e-16,-8.47108429138144e-17,-6.12215196690835e-16,3.76215691709248e-07,1.11776807112885e-06,-0.000195880517521534,9.55407640494378e-07,4.7765958086212e-07,1.00086900168373e-06,-5.76222163256828e-07,-1.62323328192401e-16,-1.29549065698145e-07,3.66972776239575e-07,-1.19290474213564e-16,4.96296553585382e-16,-2.3761525939419e-07,-9.73141385238841e-11,-1.42752438208591e-07,5.89442215653932e-07,1.43092916877687e-07,-4.05034506407379e-08,7.03956228887186e-17,-1.36513535139402e-07,-7.17272311773527e-17,-4.68275206889368e-07,6.82342637253752e-16,-1.62926377294901e-07,-2.7140817065981e-16,6.2369917720067e-05,1.75020097766726e-07,5.63619588773846e-08,7.42983208652532e-07,4.88063013919228e-07,-5.63317515259291e-08,3.58940787252418e-07,9.50079225465113e-08,4.62213749346627e-07,4.27363566463283e-08,1.28268411996681e-07,-3.64035852721829e-07,-4.74511383593282e-07,-3.87118817801266e-08,-1.76755400872779e-07,4.25544514135747e-16,1.66863895077019e-06,-2.90007778105812e-07,1.81698957467045e-05,1.57564051860231e-16,2.04586009586301e-08,5.60143008548694e-07,2.01244155757838e-06,4.42394927273454e-16,-6.47268720614802e-07,-2.62309249186331e-07,3.70547217948983e-17,-3.48276778817256e-07,1.05994131576956e-06,5.1306067821055e-16,5.10699894842655e-16,-3.93768888225574e-08,-1.59873377592185e-07,-9.161769567667e-10,-1.28000397891297e-06,3.45522307537808e-07,1.34745774687707e-07,9.82660569649214e-08,0.000112254362119605,-2.11546231438729e-06,4.85559942947633e-16,5.8245716299221e-09,3.0323751363709e-09,8.41068772330276e-09,7.91918884117822e-07,-8.5699339068318e-16,5.22325867379227e-16,2.62708943942722e-07,1.08130372695725e-15,-2.05507089678844e-16,0.000203550932943394,-1.93123466631185e-06,-4.79604007592181e-07,-2.02504443868492e-08,1.27186321779452e-05,2.4576146314385e-06,6.94629735451644e-08,-1.26026255631384e-15,1.72348073054349e-07,8.17562606558749e-09,3.77155762678236e-08,-5.16714156736046e-07,2.16303168463389e-06,-7.48336559472157e-15,4.46122776150467e-16,-1.18936305330373e-15,-1.59402767230085e-07,-1.07512699399437e-07,-4.75414754073007e-07,-1.44263395551536e-13,-8.88497563398173e-08,-1.29244455913633e-15,6.21441488312985e-15,1.99223324175433e-05,-4.43536127539285e-07,-8.90650400653392e-15,-1.55859237621307e-06,-1.49735589542899e-06,-8.00227343744938e-14,0.496245555864302,4.174970332598e-14,-5.49986472784439e-07,-9.69630758928819e-15,-4.94424125696793e-07,-3.965701639116e-06,-1.75073534946698e-07,-1.11683913368178e-07,-6.13696928981472e-07,2.02253597870414e-07,-1.73243806167103e-07,-4.2776462861325e-16,-2.48768664235186e-07,8.84929048739868e-09,8.39312333055877e-16,3.16885215081619e-10,-1.65060206930838e-08,1.03064770573023e-08,-7.70979050593663e-16,5.92939200321939e-08,1.13473049550951e-07,1.86908203885154e-15,-2.36924432311183e-07,-5.47447569744069e-08,-4.3232793980007e-09,-2.53164417119097e-15,-1.63812211437655e-14,7.26739437418154e-08,2.37893334908835e-08,1.948596715372e-09,-5.02461149407583e-08,1.76862730384638e-08,1.12535046600456e-15,-2.17591273691629e-15,6.55121528969246e-08,4.52377419682797e-10,1.92143969279928e-15,1.62249140408098e-07,-4.6312956438189e-16,1.13367392914747e-07,-3.24985195821031e-08,-1.90210169448882e-08,-1.26937008677948e-07,-1.30272613626618e-16,-7.11578090060454e-16,-9.94727816584787e-16,2.19237544437217e-16,-1.4224542556137e-08,-4.95290261167317e-08,1.88817031337929e-15,-2.38350139950808e-15,-2.51409105579153e-15,7.06459525726068e-08,6.38370503673733e-10,-3.56564616912712e-08,-2.25767758098654e-16,1.19288124300274e-14,2.58121432214486e-16,-1.20605577856739e-06,4.89147316058421e-08,1.68291451815825e-15,8.70351233780961e-09,-2.28932260452137e-07,-4.45289315196806e-15,-7.70958210860298e-16,-1.21042627939942e-07,-1.24133847993973e-09,-6.04374703904859e-08,2.2060788192956e-15,6.87592496634806e-08,1.00721736167202e-07,1.0893315348747e-07,-1.00473533308693e-07,-3.20565762558741e-05,5.84975477253431e-09,1.47780043928729e-14,0.707106781186547,2.27317502093496e-14,1.14147789784203e-07,-1.03388445616834e-07,-2.95396356736348e-08,-2.35744180835281e-08,2.71099540340251e-14,1.29073455075038e-15,1.46815306893897e-14,-2.53453205986887e-15,6.42052458164489e-15,1.50927148358279e-07,3.60771936196678e-15,-2.02656160921289e-15,-1.85618313818055e-08,-6.52154034978789e-16,-1.66204268591315e-08,-1.58607205039831e-15,-2.0614818285367e-08,-3.01202331603469e-15,-2.51788893239881e-08,-3.15734939374846e-09,-3.82185694892514e-07,1.45531377613496e-15,1.0201978706395e-07,-2.00060195921698e-15,1.45871901260904e-07,-3.42663271510728e-07,1.43391378099504e-09,-5.56143611146205e-15,2.09918836642908e-07,1.04415699985821e-15,-5.1886940283579e-08,-2.92949749364173e-07,-8.01872491037419e-16,5.91454109781535e-16,-1.66243753956458e-15,8.70364419452482e-17,-9.87888140241884e-10,-1.28794245785942e-08,-2.87982315446578e-09,-2.89129344242873e-15,8.29128683326067e-16,-4.05313601925832e-08,3.30713399423511e-07,-2.09448133632626e-16,1.87980851505349e-15,-1.33126475625994e-08,9.79643313220479e-16,-9.4492663149939e-08,-6.81780725283691e-16,8.96168928867421e-07,-1.36954247084782e-15,-3.66508087553737e-16,8.25658150477569e-16,3.25263919601836e-16,-6.58280890928681e-16,3.72743661154655e-16,2.29754527547905e-08,-1.60698794180399e-07,4.42781538165591e-16,-8.08741201146455e-08,3.08012987574598e-07,3.9009497290786e-17,-6.24590783989147e-16,4.00831574999547e-17,3.27559809051171e-16,3.05237159344001e-08,4.88726037342133e-09,-1.23577319085819e-15,-6.80041729665958e-16,-5.55711998952109e-08,-1.98267336157376e-07,-3.97273794942857e-09,6.34982523593133e-16,-5.14976372224193e-16,-3.96766995717677e-16,-3.55326444992262e-16,-5.45869267951101e-16,-2.93184368255387e-16,1.18256677146476e-07,-1.11941056980021e-07,-2.15418277358783e-08,3.28421660560417e-16,1.25767730212406e-15,9.09709848259448e-16,1.3169575975721e-17,-9.75943224739423e-18,9.12623300985916e-16,-9.56481200154388e-17,9.40118273506009e-16,2.11836278631132e-16,2.76874460762039e-16,1.41875033882122e-16,-2.09150838814016e-16,2.00934381630527e-16,-6.29552642417654e-16,1.58282745660794e-08,4.29872190962902e-16,-9.82421491588937e-16,1.74386382789424e-16,2.24397252350228e-07,-2.04404967598575e-09,1.05685077592084e-15,-5.79466124173724e-09,2.05569245393792e-07,-1.99267794996572e-16,2.45288733200814e-16,-3.0036852651321e-07,-3.70530031567377e-16,5.08670815045467e-09,-3.76708753137899e-16,-5.08672901673963e-17,4.6754785682756e-16,-4.08249809430737e-16,3.77886799590627e-09,-5.19061522015825e-07,2.79332183332683e-16,-2.90181943840567e-16,-4.39735391202498e-16,-5.58973422544119e-16,-3.48896259105835e-16,-1.3244298147822e-16,3.71030466728865e-17,4.35256726817793e-16,8.37330160446869e-09,1.08699512825997e-16,-5.23731780854619e-16,4.19499931468414e-16,2.08824933201035e-16,-4.63237545457176e-16,2.67888617519442e-17,-1.25233335314457e-07,-2.85422224749425e-17,-4.24482625307094e-16,9.34159468094324e-08,4.35787894305482e-16,4.00244803405482e-16,-1.28047318820464e-17,-2.53724619323854e-16,1.03598722062104e-07,3.64666257627051e-16,-5.78781843653248e-08,2.8799379077475e-16,-8.11277346396332e-16,-3.98878413255193e-16,-1.66840291378916e-16,-6.56874719651791e-17,4.89142442374463e-16,2.09548011078218e-09,-6.1547731198724e-17,4.88775372762964e-16,1.56570710083277e-08,-2.61998391895259e-07,1.59771525383779e-16,1.83766892999922e-07,2.69255906147102e-08,-7.50324836446423e-16,-9.88012166495448e-16,5.20155219640904e-16,-1.2176330567618e-16,6.49387838726923e-17,-4.54851541154927e-08,-5.94921253602269e-16,8.39908058184278e-17,-5.12480882299461e-17,1.82361510410499e-08,4.53085766219727e-16,-3.78784301204737e-16,4.20036776093888e-16,2.73336708496104e-16,-8.32413657549326e-09,4.05291612793372e-16,3.3139332689658e-09,6.42759797961884e-17,-7.33615151159924e-16,-2.73362013963155e-16,-1.98865630928197e-16,-5.50633185084639e-17,6.83166158475296e-16,2.4798794608769e-16,-5.76642367918462e-08,-3.06143023243557e-16,-7.19295963638005e-16,2.42599105288941e-08,6.30695584679907e-16,-1.1295677484774e-16,-4.14235270114944e-16,-1.46900853150665e-16,2.23746061394455e-16,1.33772155484706e-16,-1.33288376193042e-07,-5.87501845573018e-16,2.28304403327442e-16,5.2536359841873e-08,8.86728704057873e-16,-4.76615760410875e-17,-4.42960208684925e-16,4.14915819624381e-17,-3.33467169266916e-16,8.57780799729558e-16,-7.92115617792776e-17,-2.80538627237286e-17,7.05740862385627e-17,2.83313321466824e-16,1.59388549611612e-16,-2.76615062394317e-08,9.17660921248503e-08,2.50930879613857e-16,1.9650069233925e-16,-1.25487046517466e-16,2.12585582732791e-16,8.08923240891435e-16,-4.24644566826751e-18,-1.57620228144406e-16,-1.57292316371597e-16,-6.02698332209883e-09,3.61580995269449e-16,1.73583278615902e-16,-9.07108271702006e-17,3.1493589390072e-17,7.73217068867713e-09,-7.06791562935978e-16,-1.62475707529928e-09,-1.66796508279862e-16,-2.9705590246306e-16,2.16122998294323e-16,-3.52690036662647e-18,1.4066291064247e-16,-1.18241092736513e-16,-1.09187493258757e-16,-1.76648433043808e-16,-1.91067095530349e-16,-7.8434775585594e-17,1.76914360556123e-16,5.70956214874301e-17,-2.79814863558819e-17,-4.92559461949248e-17,-9.72814069818704e-17,3.64108228311015e-16,9.75882395917766e-17,-2.51792287008159e-16,4.2705057105426e-16,1.67577699345981e-16,1.68972908581866e-16,3.6959002973148e-17,2.15728051404854e-16,4.0459999378009e-16,1.21878879259812e-16,5.89273644724629e-10,3.62399180782575e-17,-1.70540193827786e-16,1.68664989653113e-16,-3.20858970902002e-16,8.77367912971322e-17,-3.52674916832508e-16,-4.13394673257199e-16,-1.92115441048944e-16,-1.71867063761442e-16,1.12056865287273e-16,-2.33645568170626e-17,-6.3797156127232e-17,1.67746743771413e-19,5.4579274511266e-17,-3.61804139238995e-16,8.62040952602005e-17,1.50546130379339e-16,-7.62429562169138e-09,2.06127680198172e-16,-1.46038648485097e-16,1.0032704711293e-16,1.25350253403675e-16,2.81823221422229e-16,-3.98032464010292e-16,5.55888663394673e-18,1.69155562935269e-16,-1.74433276289335e-16,1.62402234541228e-09,-4.55475368709079e-17,-8.08346594131464e-17,-2.18536231715597e-17,-1.22075896174781e-16,1.52916212505882e-16,-4.08998935935708e-16,-9.62500485188689e-17,3.08556446915902e-17,-1.86695392947009e-16,3.25639394871055e-16,-4.02900049087542e-17,-1.37897912779267e-16,-1.19908456367645e-16,8.23609333566116e-09,-7.42181478590658e-18,-1.75433060141635e-16,3.83964351747581e-17,8.1380215066762e-16,-2.48491107373971e-08,5.53769592864217e-17,1.2192199045979e-16,-1.04259969879505e-19,-1.08744752747239e-16,1.60811148994432e-16,-1.74123005133299e-16,-7.72219259447823e-17,2.33052663647063e-16,-7.80855797856117e-17,-1.52527326986978e-16,-1.06879063236365e-16,1.62016546353884e-16,-7.68909512099482e-17,-5.88655542443141e-17,1.61064771071172e-16,7.63836150644334e-17,-4.42357267582433e-16
"t436",-0.00768533560109671,0.0226604317957017,0.0259114385799316,-0.00804581822561555,-0.128203614641445,-0.0282819718568193,0.0182098637527024,0.000290799117218894,0.000957800967831222,-0.00207285806347128,-0.000553032080447756,0.00324606954621037,-0.00474513009450667,-0.000461139838579957,-0.00319322150391574,-0.000879319081750604,-0.000816390320927294,0.000341834241000632,-0.000302476018624856,0.000218552380245225,-0.00079708650501092,0.000159199986179145,-0.000328322099164661,0.000678457129292214,-0.0001064053742254,0.000243777245130844,-0.00030246172766797,0.000278528624330555,-0.00237400237087128,0.00557457294488919,-1.27834707488232e-05,1.73338821399578e-05,-0.000701114143511538,0.0001069648208291,-1.26603318221414e-05,-1.17861799684462e-05,-5.25710014211305e-05,2.92401382011982e-06,2.26988525641834e-05,5.65036193520574e-06,0.00023853061863711,-2.40293062854801e-05,2.20468543002282e-05,-1.85625856942139e-05,8.52878000465562e-05,-0.0158560825658189,1.49861133072911e-07,-4.06286948101992e-06,6.31432121277845e-07,8.55038929548655e-06,-2.53298219589357e-05,2.09456002976108e-05,-3.0363746650457e-08,1.38632253665399e-05,-7.48457687809537e-06,8.32106223133381e-05,-7.87013621815232e-06,0.000672858604580684,-0.000235228931356804,8.65199803000926e-05,0.000181739449920005,-0.000373704761847972,0.268824455476548,0.0353391565800188,-0.000263211751209403,0.00061346345468355,-1.25275397119125e-05,0.000377121097323694,-0.00096875562613709,0.000344654644719628,-3.36115042382052e-05,7.97625352819994e-05,-1.94334088691717e-05,-0.000170256129856334,7.12861189868812e-05,4.98599470702224e-07,-0.000606992582433447,6.50445408020781e-05,-0.000247814796926467,-0.000308602889653561,0.000107694847067267,0.00170673200819885,-0.000629637322552939,-0.143167916891289,-1.93711555733387e-05,-0.000372019913528393,-4.31304522994561e-05,-4.25774734063438e-05,-0.320239129210876,-0.000257318066372338,1.30715756872517e-05,7.05288285664588e-08,4.35578134477074e-06,-0.000102934527941992,-5.76589797024287e-07,-3.42203898859908e-05,-4.02441074667745e-06,2.1577758672828e-05,-0.000183151349575053,-5.19817249656165e-05,-1.17022467037535e-05,1.00874790182079e-06,-1.60838175234518e-05,6.41154110619783e-06,-2.82683858318176e-06,5.96327814690504e-06,-0.000157532065712575,7.38122924133947e-06,-2.53564081873569e-05,1.18770700398735e-06,2.97521998858238e-05,0.00967806196070689,2.6551885047676e-05,1.36603276272985e-05,-3.86504105637856e-07,0.00260828065112204,-2.11478560341073e-05,2.35276863849814e-05,-2.41497895504648e-05,5.95976548403426e-05,-4.2797091312261e-05,5.51746292323641e-05,-5.25283934032301e-05,-0.000144299932531584,8.75045454792801e-06,-9.02610935168411e-05,9.19714020531639e-06,-1.51546501674297e-05,2.95114350623329e-05,0.000973214543154838,3.11283349903581e-06,9.35482333280943e-05,-1.78984893500294e-05,-2.29315813171431e-05,1.43378454415821e-06,3.94681006348616e-05,-2.58283482303048e-07,-0.000211029113662827,0.000182399419481494,-0.000570376451114647,-8.92247822561751e-05,-0.0242493462545014,-0.000465952057651625,-2.00616826755307e-05,-1.05276847545602e-05,9.41074108803596e-07,5.91852845666986e-06,5.84631700890227e-07,5.1364704650896e-08,-1.77932839212446e-07,-5.16728459993421e-06,-9.16683597101525e-07,-3.7160990405478e-06,7.95865271186831e-06,-2.86066210634315e-06,-2.53945914564626e-07,3.85542929241348e-06,-4.78549512941587e-05,-1.23458017630353e-06,-4.08710495691258e-07,-3.73816301299968e-05,4.07958062900653e-06,-2.15309447503125e-06,-5.78490125549532e-05,0.0059866994408856,-1.59384797409687e-05,1.51948307383532e-05,2.59663750020517e-07,1.29090141040081e-05,1.70719579473748e-05,-3.8152203695603e-05,-6.69865819089741e-06,7.63851483642887e-07,1.47029060410619e-06,4.73121904807139e-06,5.65696644470223e-07,4.19582140799849e-07,-0.00178228182519512,-8.38007791485513e-06,-5.89701204916697e-05,0.000181940547050212,6.26222920013473e-05,-9.30974493612178e-06,-4.84972005006265e-08,-1.04968266837341e-06,-3.28585155557941e-07,-3.64127492038135e-05,8.32526618554769e-06,3.7312914328303e-05,-6.18584838739815e-05,-1.00790277889921e-06,1.84792065815108e-06,7.33780646948944e-06,1.73385091212571e-08,1.25101580637614e-06,-1.75884109482852e-06,-3.23867896962897e-06,-3.05564896873838e-06,1.92125130891637e-06,8.11158879076941e-07,8.08872994129335e-07,0.000133992338437547,-2.17363557879622e-08,-4.99290915166523e-06,-5.69270201690996e-06,-3.75791627352192e-05,3.64428953839404e-06,2.53806058511229e-05,-2.6967783711542e-05,-2.21241601372012e-07,-0.000109394971175203,4.73373918129574e-05,-0.000123966646611692,-1.15590602248245e-05,-1.25347546779254e-06,-0.00109530194847458,2.06622099257891e-06,9.76639853799017e-07,-1.77569283961683e-06,-8.82897396535817e-06,-4.81436513697776e-05,7.68088583365646e-05,0.00158142369113489,4.81917693967451e-05,-1.28370987205064e-05,-0.000786086699075598,-6.47048445084936e-05,-4.82628217917172e-06,-7.68011005872777e-06,-6.20286054841003e-06,2.48520147593878e-05,5.1431859737193e-06,2.16737391649958e-06,3.63430309934907e-06,-1.97263950291695e-07,-6.16498176431568e-07,-1.75600967627871e-05,-1.16533773224667e-16,-0.000300814259047308,3.9209953745093e-05,-6.49374825122226e-06,-2.40671228580582e-05,-2.28118563418364e-05,5.14146323273819e-06,-6.02194402459071e-06,4.46024527499624e-05,-5.65997800145419e-07,4.68296995915753e-08,-1.78103048740674e-05,0.000312197532398015,-2.96571548733472e-05,0.042112257513661,3.30330851358574e-05,-1.69470596000748e-07,3.62911866172693e-09,2.07321531974804e-08,-2.67884928224553e-07,4.41918694447812e-06,1.02490518718509e-06,-2.22044086606594e-07,5.4810613025942e-06,-1.09581696222249e-06,0.000123782848295439,-1.08026793820213e-05,6.80236904642277e-07,-2.32710906613673e-07,5.73956463378344e-08,2.10899466549389e-05,-8.91266952536829e-06,3.31632577383949e-07,1.33533964486425e-07,-2.95935648232437e-07,4.78585070939274e-06,-6.44214363026773e-06,7.7475786167956e-06,-2.01008225710281e-05,1.59370270144038e-05,-1.18341077616737e-06,1.52002373119883e-05,-1.04894671560403e-06,3.07959745836902e-06,2.07162871796672e-16,-7.84793104493997e-06,-2.70105842989549e-07,-4.77608530005714e-10,-4.29744444180179e-06,4.2061007023651e-07,-2.64691301272981e-07,-1.17013795531384e-06,1.51085976477822e-07,-0.000630669945625319,1.54890292547886e-05,6.28952142512324e-07,-6.30719887486347e-07,8.32792460237121e-06,-1.02335877772631e-05,4.56735326150555e-05,-6.82913146443974e-06,1.71539728279733e-05,4.62201971367995e-07,4.67707394304678e-07,3.34565569279923e-05,-0.183826923809139,-8.96101733126043e-06,7.30339707805195e-05,-5.62306490607295e-05,0.000180202403435336,-6.74132682768293e-06,-6.58363726375552e-06,-0.0232316784948663,3.05390736399114e-06,2.98947489702725e-06,-4.32125923987766e-06,1.36371555536778e-05,-3.22771161593164e-07,-2.7905546200771e-06,4.65619819608589e-06,-6.93559400050746e-16,-6.51475501986573e-09,-4.85986254851683e-06,3.99150411514075e-07,-1.5498195853835e-06,-2.61123837435859e-07,-3.94170778212005e-07,-8.75002183794991e-07,1.21511480233806e-05,-4.06500781885414e-06,-6.50872397835088e-16,2.45135840451072e-06,1.24669352892569e-05,7.60421121191352e-08,-4.74953360774419e-07,-4.83347028160909e-07,2.98085858742199e-08,1.00072552620659e-06,-2.43277707875215e-07,1.23905124023197e-06,-1.00655216594379e-06,2.25150514648179e-05,2.93370368729189e-07,1.46795749263907e-08,2.4785396776964e-09,2.4649217560115e-07,-1.8122429584391e-07,2.32250482618678e-07,-1.33286405556271e-16,5.0189504021982e-07,-3.35642647971909e-08,-9.65678712261165e-10,-4.52961008617879e-09,9.79589232043323e-08,-1.20528298165453e-07,1.36790765200029e-07,-5.35713222743693e-07,-2.5202273013353e-08,-1.93351656156949e-16,-5.68895134131212e-08,-3.1739313301799e-08,-9.44137900198206e-08,-4.31709488494795e-17,2.12171297576308e-07,4.20508749462473e-07,-6.53370311416263e-08,-1.90661315124522e-07,-6.73203313391693e-08,-3.75582828668643e-08,-1.38763734574822e-06,4.6865124872182e-08,5.4483170263733e-05,2.52512935103016e-08,1.03085406843433e-07,1.9803257413244e-07,2.58053985571167e-16,-9.3085061093475e-08,2.4097752683434e-07,0.00014380886509276,-1.51269224410989e-07,1.16745652877706e-16,-1.69808909674842e-07,4.62314121838143e-08,-8.78736417702736e-08,-9.884608621767e-06,-2.05093620498544e-07,2.97753257561761e-07,-3.13830973665841e-06,4.83017808204929e-07,1.73214029872784e-17,1.88584227922925e-06,-4.80511267512588e-07,1.35232630131945e-06,2.41202301635802e-06,-2.45384566273871e-07,-1.65391705439528e-09,7.54604712049911e-17,6.4794930358051e-17,-1.63365279313851e-09,-2.8139370401109e-07,3.71841359341462e-08,-2.88069982913405e-07,5.07118572338845e-16,-1.41484275845757e-07,-1.69510415973733e-09,-1.54127344354168e-15,4.24915959991234e-16,-2.83102510556885e-16,3.76215691803001e-07,1.11776807151207e-06,-0.000195880517522009,9.55407641626375e-07,4.77659580668028e-07,1.00086900192529e-06,-5.76222163578089e-07,2.03267341012305e-17,-1.29549062909088e-07,3.66972777836253e-07,-4.35762227001465e-16,2.58491693322625e-16,-2.3761525864719e-07,-9.73148857788298e-11,-1.42752439361997e-07,5.89442215568466e-07,1.43092917211003e-07,-4.05034501083794e-08,1.5344550930114e-16,-1.36513535067054e-07,-6.78900406676042e-16,-4.68275206927665e-07,-3.22495936205813e-16,-1.62926377536789e-07,-2.8738332439315e-17,6.23699177207918e-05,1.75020095347402e-07,5.6361957765246e-08,7.42983208571245e-07,4.88063013432595e-07,-5.63317513743402e-08,3.58940790422959e-07,9.50079218870875e-08,4.62213749408404e-07,4.27363583862838e-08,1.28268410977979e-07,-3.6403585216145e-07,-4.74511383246544e-07,-3.87118827449398e-08,-1.76755399313182e-07,2.76060060003754e-16,1.66863895050239e-06,-2.90007778128623e-07,1.81698957459989e-05,3.43242483450555e-16,2.04586014762706e-08,5.60143008530076e-07,2.01244155721636e-06,7.54667396393866e-16,-6.47268720363027e-07,-2.6230924798545e-07,6.13716293474377e-16,-3.4827677938063e-07,1.05994131615348e-06,8.40309421982686e-16,1.04065668140425e-16,-3.93768883240969e-08,-1.59873378176793e-07,-9.16176693969506e-10,-1.28000397961894e-06,3.45522307484057e-07,1.34745774806977e-07,9.82660568979655e-08,0.000112254362120629,-2.1154623128923e-06,1.68918698473242e-16,5.82457022974423e-09,3.03237668481056e-09,8.4106883349226e-09,7.91918883418924e-07,-2.86981324528785e-15,-2.00475576383082e-16,2.62708944998903e-07,-5.36991554185866e-16,3.90392379655524e-16,0.000203550932943682,-1.93123466619705e-06,-4.796040053674e-07,-2.02504437878737e-08,1.27186321775471e-05,2.45761463155632e-06,6.94629728940493e-08,-5.13212823527595e-16,1.72348072356555e-07,8.17562759803893e-09,3.77155765134587e-08,-5.16714158245716e-07,2.16303168475872e-06,-1.23392474936915e-14,1.70419322048132e-15,-1.46626838750444e-15,-1.59402766968522e-07,-1.07512700434865e-07,-4.75414753142255e-07,-1.43906837033351e-13,-8.88497576314604e-08,-4.43682059472447e-15,8.05510861231527e-15,1.99223324178666e-05,-4.43536127956287e-07,-9.22178999829271e-15,-1.55859237378166e-06,-1.49735589438505e-06,-7.89593742947083e-14,0.496245555864303,4.18133423425469e-14,-5.49986474981471e-07,-9.69626074601915e-15,-4.94424129027799e-07,-3.9657016399425e-06,-1.7507353567925e-07,-1.11683915055242e-07,-6.13696929049532e-07,2.02253598404248e-07,-1.73243805916333e-07,-1.70176038753059e-15,-2.48768660971958e-07,8.84929325185918e-09,-7.95234111400166e-17,3.16884862888152e-10,-1.65060193082252e-08,1.03064794006592e-08,6.7606781540238e-16,5.92939204482023e-08,1.13473051271632e-07,-5.23922867827619e-16,-2.36924429910787e-07,-5.47447529812237e-08,-4.32328205358752e-09,3.51960297262346e-15,1.70729313435852e-14,7.26739428742493e-08,2.37893333078008e-08,1.94859330162779e-09,-5.02461133873289e-08,1.7686271222897e-08,-1.53018068954828e-15,-7.48653432085138e-17,6.55121524483259e-08,4.5237842064394e-10,-1.03207691246128e-15,1.62249138196257e-07,-4.07880928854998e-16,1.13367398657495e-07,-3.24985234099254e-08,-1.90210202601734e-08,-1.26937015033563e-07,8.94865880706877e-16,1.58894401922232e-17,2.1678332397865e-15,5.67831855928271e-16,-1.42245435237555e-08,-4.95290174215796e-08,-1.93837324626792e-15,-1.25273196209841e-14,1.1140329879123e-15,7.06459469840352e-08,6.38377759644481e-10,-3.56564603071924e-08,1.22960595673845e-16,-1.36317823348775e-14,1.20395230243653e-15,-1.20605577553264e-06,4.89147443912382e-08,-1.49499902856858e-15,8.70350722453631e-09,-2.28932264762347e-07,4.53736248841115e-15,7.09979554967112e-16,-1.21042628712983e-07,-1.24134323350954e-09,-6.04374680229364e-08,-4.39016881040484e-15,6.87592561380943e-08,1.00721724691938e-07,1.08933142395813e-07,-1.00473522813769e-07,-3.20565762652106e-05,5.84972603567494e-09,-1.62149978208639e-14,-0.707106781186547,-2.2893752877622e-14,1.1414785373741e-07,-1.03388618574632e-07,-2.95395706109062e-08,-2.35744061240653e-08,-2.6516000859275e-14,-1.4763757550617e-15,-1.18130527035998e-14,2.94266688508146e-15,-6.71726811369092e-15,1.50927138797513e-07,-2.62916630659264e-15,1.92104650905958e-15,-1.85618184696212e-08,9.67941453626978e-16,-1.66204199438308e-08,1.9871020366245e-15,-2.06148233697933e-08,3.22317224329323e-15,-2.51788535331725e-08,-3.1573426374972e-09,-3.82185671618538e-07,-8.95421394726008e-16,1.02019781008937e-07,2.04497721519484e-15,1.45871908979426e-07,-3.42663280723966e-07,1.43391309905449e-09,5.86705702166627e-15,2.09918839345569e-07,-1.78188425882784e-15,-5.18869404288467e-08,-2.92949749211104e-07,2.32585636160851e-15,-6.96826268313107e-16,1.60878728504563e-15,-3.48824848867761e-17,-9.87888360299256e-10,-1.28794241570357e-08,-2.87981717907856e-09,2.95936682313411e-15,-4.49946501064395e-16,-4.05313601913778e-08,3.30713396383842e-07,-1.68463461887702e-15,-1.9751543502244e-15,-1.33126480412432e-08,-7.78577493394168e-16,-9.44926640764861e-08,6.15972394738045e-16,8.9616893080155e-07,1.25063827840349e-15,1.19818961922913e-15,-8.76825727071403e-16,-6.79235310039552e-16,6.98787560829193e-16,-3.34711808919338e-16,2.29754540185228e-08,-1.60698792688826e-07,-3.76335882619111e-16,-8.08741203240605e-08,3.08012987482965e-07,1.42524596289244e-16,-8.21080871009169e-17,-3.24620095812043e-16,-5.25767405124533e-16,3.05237142951577e-08,4.887263376245e-09,1.35675391653159e-15,7.68043108840233e-16,-5.55712005586071e-08,-1.98267334270823e-07,-3.97273583300165e-09,-6.43418971401764e-16,4.87595601830305e-16,2.74997220287926e-16,2.08920111876851e-16,3.56401739402502e-16,9.98322521797189e-16,1.18256676321004e-07,-1.1194105990498e-07,-2.15418269473061e-08,-2.85412063637229e-16,-1.33893477479075e-15,-4.053187136286e-16,-5.23892158126345e-16,2.76909720870958e-16,-8.22696551315821e-16,1.67035091284682e-16,-8.00775358047565e-16,-1.74879989566185e-16,-3.33226746889085e-16,-3.47092548599897e-16,2.62984288396117e-16,-2.80817176183753e-16,4.63732006572284e-16,1.58282768521694e-08,-3.5898774879705e-16,2.45233099547147e-15,-2.0555630527122e-16,2.24397248934546e-07,-2.04404965195098e-09,-8.40834524184616e-16,-5.79465879273849e-09,2.05569244275294e-07,1.41665101603558e-16,-4.76719994484734e-16,-3.00368527664095e-07,8.15953580853129e-16,5.08670716278075e-09,3.44261246011046e-16,-3.00818399517572e-17,-2.81018903378712e-16,1.54235559945589e-15,3.77886991043215e-09,-5.19061522905449e-07,5.74366290595723e-17,7.64633157358362e-16,2.46712823465792e-16,4.10005164023835e-16,1.1069704181077e-16,-6.69226783690866e-17,4.01779322063867e-16,1.26892224131345e-17,8.37330402642167e-09,-4.61736429495959e-17,5.98733189879203e-16,8.61772972828381e-17,-4.32399009368209e-17,9.53788499377881e-16,-9.11299829671241e-17,-1.2523333563854e-07,2.54310476722176e-16,3.06612733276257e-16,9.34159480260723e-08,-1.06302242351406e-16,-7.19634889410525e-18,-2.54482367144748e-17,1.66453803881408e-16,1.03598721420821e-07,-2.50779077956462e-16,-5.78781885438264e-08,-8.69338609048973e-17,2.16268771529136e-16,4.97204449144988e-17,3.99101172439019e-16,5.51667572079148e-17,1.78166194129135e-16,2.09548102047575e-09,-6.28621737605238e-16,-4.31689464603168e-16,1.56570708394561e-08,-2.6199839150992e-07,-2.56283883401418e-16,1.83766892077523e-07,2.69255920474454e-08,8.42757554649584e-16,5.9172458243895e-16,-5.01830595169366e-16,1.72400019607405e-16,1.66449738661309e-16,-4.54851545510425e-08,7.74086336496971e-16,3.92564908503169e-16,1.31262849475009e-16,1.82361513351912e-08,4.97892083461894e-16,5.1847059081839e-16,-1.23216469692006e-16,-3.12586808463943e-16,-8.32413695094558e-09,-7.1525444701571e-16,3.31393307573236e-09,1.37575811558731e-16,5.19844534933465e-16,-2.65767262255457e-16,4.41048761152097e-17,-8.55088906675274e-17,-4.53155132355451e-16,-1.83193001815796e-16,-5.7664234633216e-08,2.07599150755643e-16,2.98293815721996e-16,2.42599087385306e-08,-4.78611012037198e-16,-5.53738294123159e-17,1.08270636546298e-16,2.01142731952543e-17,-5.66963831322521e-17,-2.73095113797557e-16,-1.3328837508309e-07,4.89798042156764e-16,-4.61102906360802e-16,5.2536362798868e-08,-5.4312584646934e-16,-1.78757956736787e-17,5.89027204711965e-16,2.25756906807928e-16,-5.03977100790907e-17,-9.05445134454376e-16,3.94199571890218e-18,3.15472052546768e-16,4.26109473098597e-16,-1.62783407090179e-16,-1.75816616306486e-16,-2.76615067697064e-08,9.17660939677357e-08,-2.54159715789681e-16,-1.51837666687348e-16,2.47274661903537e-16,-2.95925272731419e-16,-3.82398106235637e-16,1.9903800535611e-16,1.6283783021113e-16,2.39236307170721e-16,-6.02698328538359e-09,-2.14698487145141e-16,-1.03599540812444e-16,-5.26050662931398e-17,-3.77095446947704e-16,7.73217062884092e-09,8.11510614176283e-16,-1.62475640528882e-09,1.17468898674276e-16,3.98484232106695e-16,-2.31492590159242e-16,-1.74294308909481e-16,-2.70419471645195e-16,3.75023413131282e-16,2.04191722961556e-17,1.47021998440489e-16,3.0917259448858e-16,-2.424668733272e-17,1.30524996057687e-16,-8.7363204902148e-17,1.31667304503891e-16,5.69536404533491e-18,2.09535253052946e-16,-4.66168932748902e-16,3.73169688823857e-18,1.99337227177632e-17,8.76262680603399e-17,-1.2152118322244e-16,-9.43797991148632e-17,4.93421434547692e-19,7.96877838122358e-17,-2.72840252553345e-16,-1.99040717301779e-17,5.89275014530258e-10,-1.4929204196036e-15,-7.09020141763711e-17,7.55283423233344e-17,5.02620161028179e-17,-5.06749777804803e-17,4.68402886858131e-16,7.42644225629686e-16,-2.20963335469075e-16,-7.6222057781903e-17,8.32491602069454e-18,-2.98047177216265e-16,-1.31025574472135e-16,-7.95415333591785e-17,-3.54535256177889e-17,1.2282388729098e-16,-3.33054870068594e-16,-1.89808479285173e-16,-7.62429362429822e-09,-1.20781079961257e-16,-5.97987298385911e-17,-6.04532364776055e-17,-1.7288476219418e-16,-6.74466147784223e-16,2.10273223124216e-16,1.24405711724434e-16,-2.94645425536717e-16,1.7082717544375e-16,1.62402250688908e-09,5.67812737158453e-16,6.49227302020093e-17,-1.80327617454205e-16,-3.30423617765175e-17,-7.57741158986307e-17,5.35289800906604e-16,-2.42150931833105e-16,-1.08211207074737e-18,1.25424985212585e-16,1.38380459956983e-16,1.4639580692078e-16,2.55827662359259e-17,2.4866612424418e-16,8.23609287792979e-09,-1.39244878301819e-17,5.31874818757686e-17,-2.56528178429959e-16,-9.93888131517462e-16,-2.48491108722497e-08,-1.73969427915361e-16,-1.65992921295021e-16,1.05141471357523e-16,-3.24658074674944e-16,2.51864247369297e-16,3.51608780872429e-16,4.28620656651265e-16,-1.93438909539212e-16,1.28336180677078e-16,7.01748263752724e-17,-9.44109542157086e-17,7.20506811252037e-18,1.15585015197929e-16,-1.79026011684688e-16,-2.25899665818398e-16,-1.51455001936088e-16,-1.24032620038245e-16
"t91",-0.00766690691041256,0.0225459018157371,0.025776240447964,-0.00798954859844843,-0.127105747206439,-0.0279978107438039,0.0180233075379605,0.000287582899091703,0.000945289208927822,-0.00204002262233477,-0.000541917082635722,0.0031656822816988,-0.00462418199766342,-0.000449207952118731,-0.00310699554133393,-0.000854173481443347,-0.000792486646101265,0.000331644027994172,-0.000293250273478445,0.00021131028465734,-0.000768516186773267,0.00015231178988682,-0.000313319178732189,0.000647277242410824,-0.000101496024558523,0.000231992723775094,-0.000287667111031147,0.000264782178102649,-0.00225368742718342,0.0052408224552546,-1.19671710320685e-05,1.61764937973918e-05,-0.000650908640330862,9.89406549288566e-05,-1.16618970599512e-05,-1.07820913155716e-05,-4.80353076257037e-05,2.66770957866735e-06,2.06955930292418e-05,5.14423939129513e-06,0.000216547476308224,-2.17607950483634e-05,1.99343003387886e-05,-1.67817170360265e-05,7.69618367804318e-05,-0.014208751200149,1.34001457289056e-07,-3.629185500181e-06,5.62407533710063e-07,7.59176851286956e-06,-2.23947268419347e-05,1.84815740232449e-05,-2.67839160922621e-08,1.21981490620333e-05,-6.55300410695307e-06,7.27986032614219e-05,-6.79034784224653e-06,0.000578291971523222,-0.000202074742995006,7.36084378464263e-05,0.000153465969885682,-0.000314385370300657,0.225461208071251,0.0296157545879414,-0.000219310412781379,0.000508462752533681,-1.02615431027095e-05,0.000307246113483755,-0.00078727787910247,0.000278814961514346,-2.65270512885917e-05,6.17327050156159e-05,-1.49945660975284e-05,-0.000130531939129269,5.4609655432743e-05,3.80896544574873e-07,-0.000463186289871519,4.93626054965509e-05,-0.000185711240821949,-0.000230072973671865,7.95759038250951e-05,0.00125864645287821,-0.000457664832222339,-0.103604940738729,-1.3749845121718e-05,-0.000262647500111961,-3.02837779287738e-05,-2.98688340450537e-05,-0.2246008844164,-0.000180365133479132,9.14313397522502e-06,4.83442069471214e-08,2.98005323105806e-06,-6.95243910356563e-05,-3.80696384165284e-07,-2.25154775437931e-05,-2.64744862929341e-06,1.40684730063358e-05,-0.000119013178974724,-3.33482697246589e-05,-7.42817144375287e-06,6.39708037302433e-07,-1.01887762844874e-05,3.86318302989999e-06,-1.69663361967826e-06,3.56815820824544e-06,-9.37457032905941e-05,4.38575349302773e-06,-1.50251296872623e-05,7.0086890746737e-07,1.75330240385151e-05,0.00565718059826278,1.55054160200063e-05,7.80509251723606e-06,-2.19793326884512e-07,0.00146778735016354,-1.18443748483842e-05,1.30043627467237e-05,-1.31767600695475e-05,3.21974809768169e-05,-2.29899476700156e-05,2.90531988712567e-05,-2.72972531189322e-05,-7.49496489786038e-05,4.53629370344055e-06,-4.61486955665785e-05,4.69685092490931e-06,-7.64595230718138e-06,1.43661594946449e-05,0.000473567066482035,1.51019502004821e-06,4.42615622608121e-05,-8.42621189082019e-06,-1.07563740367983e-05,6.62443275830465e-07,1.81965868519453e-05,-1.15209558353373e-07,-9.15635620143364e-05,7.60859678351413e-05,-0.000237655099643486,-3.69192226278257e-05,-0.00999811521654394,-0.000191008638086057,-8.20572171137248e-06,-4.30595407403378e-06,3.78778611049366e-07,2.3048851099664e-06,2.19849859005175e-07,1.9143303490281e-08,-6.49940622423305e-08,-1.88441094244079e-06,-3.31693350466905e-07,-1.33841548031728e-06,2.85126868497811e-06,-9.74514294348451e-07,-8.57901276999152e-08,1.2947267249617e-06,-1.3856264784542e-05,-3.43330537531693e-07,-1.12939032670976e-07,-9.96397940544181e-06,1.07918832581044e-06,-5.42308257551404e-07,-1.44812493290355e-05,0.00142402180771709,-3.59781881762451e-06,2.88803563574253e-06,4.90231027678849e-08,2.43293130309363e-06,3.13327539907538e-06,-6.78110278065853e-06,-1.18500315107806e-06,1.26314077457754e-07,2.37784593088268e-07,7.27837237894478e-07,8.59249444861918e-08,6.33127265667226e-08,-0.000235896829223674,-9.46760976240105e-07,-6.46405816520444e-06,1.93591807210987e-05,6.06625311655367e-06,-8.67499807184451e-07,-4.34349065082966e-09,-9.04186530474302e-08,-2.45112593158394e-08,-2.61154531079505e-06,3.88439193916744e-07,1.70973369838155e-06,-2.30976471513129e-06,-1.38567513416315e-08,-1.12924906011585e-08,-9.55853762766395e-08,-4.05371048103488e-10,-3.89675529656209e-08,9.58368498317683e-08,1.9300127698405e-07,2.15265939423458e-07,-1.45841275815082e-07,-9.6196220623438e-08,-9.75711455723714e-08,-1.86309462739122e-05,3.42007535101438e-09,1.00881466734711e-06,1.15139481369588e-06,7.75782516535146e-06,-7.99149574264546e-07,-5.79347473765547e-06,6.80420601352173e-06,6.25046251000026e-08,3.36038565403352e-05,-1.49046690279957e-05,4.33789102414048e-05,4.27321144980382e-06,4.6404792084933e-07,0.00042251591198273,-8.79756252372912e-07,-4.23439840154505e-07,8.44645065383639e-07,4.46178304372451e-06,2.48293479913673e-05,-4.29451446828852e-05,-0.000900763928096188,-2.80058059577928e-05,7.91751993997724e-06,0.000490554927391077,4.0494579991418e-05,3.21317343442594e-06,5.30247526341372e-06,4.45497600128275e-06,-1.81657775913069e-05,-3.82779304506839e-06,-1.64021748156178e-06,-2.76330585310444e-06,1.56544536527382e-07,5.02190461860164e-07,1.47084940587384e-05,7.06579105427668e-17,0.000262044013915739,-3.44217251141577e-05,6.00861919856952e-06,2.3166950907895e-05,2.26717165115586e-05,-5.11960188261977e-06,6.35394435394207e-06,-4.7514238307214e-05,6.05604111972303e-07,-5.11643013910517e-08,1.97332728637584e-05,-0.000354782989696765,3.40801900225398e-05,-0.0486150074687438,-3.90952155064617e-05,2.21988939179578e-07,-4.92288535901709e-09,-2.89442012828954e-08,3.97741135079107e-07,-6.58985936416952e-06,-1.59422268466969e-06,3.53566866921894e-07,-9.02151676965548e-06,1.82278189571028e-06,-0.000208182305116949,1.84471907632784e-05,-1.1879760165764e-06,4.07448687023028e-07,-1.06326588242938e-07,-3.9119785732357e-05,1.65559921924947e-05,-6.254575421224e-07,-2.5326862549219e-07,5.71427493863636e-07,-9.27183901682075e-06,1.38844666108202e-05,-1.689341739745e-05,4.42349544691696e-05,-3.58200084010157e-05,2.7050287901182e-06,-3.60880131504183e-05,2.51794824192569e-06,-7.45704757949654e-06,-5.47155105599557e-16,1.95796349490945e-05,6.76534925905194e-07,1.21167316455466e-09,1.12373078483532e-05,-1.12876988716113e-06,7.1914105063297e-07,3.19857973739584e-06,-4.46741289155513e-07,0.00187428636495119,-4.60948862974802e-05,-1.9155473524269e-06,2.05171835636318e-06,-2.74022092017064e-05,3.39417066393768e-05,-0.000155523356549889,2.57311304191165e-05,-6.74710719429649e-05,-1.82254216520193e-06,-1.84563384292476e-06,-0.000147094166218383,0.919355607043649,4.55758096375099e-05,-0.000380771712227713,0.000302204635514998,-0.000977613131146986,3.9608072891644e-05,3.89185101406511e-05,0.138883716660344,-1.83982652177003e-05,-1.84756695543216e-05,2.74799572945059e-05,-8.90716636581026e-05,2.13315630393389e-06,1.88171092618351e-05,-3.27932420492881e-05,8.97692881316795e-16,6.11443215520389e-08,4.70581198682067e-05,-4.05402328829488e-06,1.57635238284588e-05,2.6599690849029e-06,4.06345374636805e-06,9.22763003145386e-06,-0.000131708260467743,4.66528252233022e-05,3.50191592857358e-15,-3.23435090224846e-05,-0.000167519186970663,-1.06333483051154e-06,6.67364522704242e-06,7.5351997060229e-06,-4.93817941456045e-07,-1.81525774423484e-05,4.71473536301386e-06,-2.80568231947078e-05,2.68084340606397e-05,-0.000673521262295282,-9.41955325352438e-06,-4.9362723438524e-07,-9.09197922072504e-08,-9.13291678069591e-06,7.17621012321767e-06,-9.71132561596645e-06,6.07115284529081e-16,-3.53593428030071e-05,2.7434183074986e-06,7.90548451620136e-08,6.71120448872642e-07,-1.65020639908951e-05,-3.22029425419498e-05,2.13247946990687e-05,-7.72161902568845e-05,-2.82967047435185e-06,8.12354592902547e-17,-5.11184228250806e-06,-2.65596847447735e-06,-6.29893549782663e-06,2.16063346121566e-15,1.16420004277297e-05,2.21554720706932e-05,-3.3730647089997e-06,-9.45077538196716e-06,-3.12906879625217e-06,-1.66814315105558e-06,-5.95700519129367e-05,1.83181766968093e-06,0.00210736577095147,9.21232948304377e-07,3.42269859111857e-06,6.54536960393557e-06,-7.06771825998635e-18,-2.62609763040236e-06,6.63228875477059e-06,0.00375724361135324,-3.67324128774303e-06,4.60551220602424e-16,-3.59067422157303e-06,8.57472630316986e-07,-1.5466228463795e-06,-0.000169978488385293,-3.43309979290791e-06,4.75275928011309e-06,-4.6654766649672e-05,6.17853791010064e-06,2.1247910575964e-16,2.16123336900862e-05,-5.45872210848489e-06,1.50895736384087e-05,2.62729786922756e-05,-2.66800995048866e-06,-1.78637649931624e-08,-7.26849136434282e-16,2.5559471800468e-16,-1.700511068596e-08,-2.84112813981566e-06,3.74048812862169e-07,-2.82339572904945e-06,8.28609572158603e-15,-1.31447087353826e-06,-1.53999943124396e-08,-7.19612689116378e-17,-1.22510576498073e-17,4.32560127548183e-16,3.2017829636517e-06,9.43828893309114e-06,-0.00161089923256968,7.68972558408731e-06,3.83500091034263e-06,7.86006713573589e-06,-4.51391430740307e-06,-1.87987558125487e-15,-9.72745199161939e-07,2.71641667860039e-06,-3.03738515702317e-16,-2.17836260931791e-16,-1.66789116249477e-06,-6.74797827625229e-10,-9.74168529129453e-07,3.98037370955964e-06,9.47409791842701e-07,-2.67332044432404e-07,-2.25714085627059e-16,-8.97189075975541e-07,9.28201669123754e-16,-3.04047439383055e-06,-3.97360096215937e-16,-1.04859228475522e-06,-9.48550647104697e-17,0.000396999949205459,1.11158145048757e-06,3.478269524382e-07,4.55779080298278e-06,2.98655125494425e-06,-3.41019532734969e-07,2.15299385005335e-06,5.5799600126961e-07,2.71415011831916e-06,2.49354217473312e-07,7.39788399813244e-07,-2.06766607758317e-06,-2.66106511628759e-06,-2.14951774707026e-07,-9.76695171583467e-07,-1.95088667435304e-16,9.08355223759153e-06,-1.55634345900989e-06,9.36911206661035e-05,9.47719800844135e-16,1.04287549173417e-07,2.8063076972422e-06,1.0008042927716e-05,4.93953924236873e-17,-3.20669224118765e-06,-1.28001681073576e-06,1.658781471039e-17,-1.68687163129051e-06,4.90541023164532e-06,-3.13855823891452e-17,-9.2276245759615e-17,-1.78947009940967e-07,-7.25341537007537e-07,-4.12451499090331e-09,-5.70962535501677e-06,1.50892520335721e-06,5.8735333731623e-07,4.27210748523406e-07,0.000473883100280968,-8.70930029846051e-06,1.85940672581264e-16,2.37462438527396e-08,1.23417347764379e-08,3.40264308629089e-08,3.18043745870281e-06,1.01139870232523e-16,-1.37230903279468e-16,1.04435796231723e-06,-2.181661559166e-16,-2.53968931529347e-17,0.000754534108397773,-7.06404273001856e-06,-1.75378965698586e-06,-7.18061231358916e-08,4.49029394461798e-05,8.66843130611821e-06,2.4351384301311e-07,-7.44123723818504e-17,5.62256834922739e-07,2.62137756434194e-08,1.20217564410413e-07,-1.5969698398763e-06,6.27134173121e-06,6.18820880994817e-16,1.03468103800146e-16,8.4708453184293e-16,-4.11457154094844e-07,-2.60538753254301e-07,-1.14608554235191e-06,-3.40392208848161e-13,-1.99210058878179e-07,-2.04582837971136e-16,-9.59778812145803e-17,2.44769341097469e-05,-5.37478054909197e-07,-1.00386279150433e-15,-1.32822696106108e-06,-9.15207735479754e-07,-1.41052153302423e-15,0.0108983451820234,1.0915345997257e-15,5.15863117550257e-07,-1.68239056898747e-16,5.15647092862918e-07,4.46894435268462e-06,2.14411804505045e-07,1.5260326750082e-07,1.04985807693173e-06,-6.95788829935067e-07,1.44814121192708e-06,-1.38884042938502e-16,1.25365633914555e-05,-7.07174224534872e-07,1.27594742695201e-16,-9.30903857570431e-08,-1.43104105181029e-06,4.39480547553519e-07,9.92386382315147e-18,1.05957967115101e-06,1.85242105399208e-06,1.52423930792637e-16,-3.49226733052445e-06,-7.7196357315907e-07,-5.30832659281472e-08,2.2071214371297e-16,3.99533722614728e-17,7.12835126755271e-07,2.17733846665189e-07,1.76069704424143e-08,-3.70791902110752e-07,1.2740332651811e-07,6.74954883115466e-17,6.65071792980814e-16,4.6458032584972e-07,3.20185083692151e-09,-5.48793293744343e-18,1.12039414291937e-06,-2.88525214725528e-17,7.65718923806887e-07,-2.13451765287397e-07,-1.24694740179702e-07,-8.2608052455127e-07,-1.87041607428718e-15,-2.0542587405748e-17,5.23152987216678e-17,-2.05251514563783e-16,-8.72819770831893e-08,-3.02594748618337e-07,1.04040163662423e-16,-7.27245330924559e-18,-5.70927942935863e-17,4.25110215022894e-07,3.81718121674368e-09,-2.09716103272048e-07,-6.2004689203859e-17,-2.37657116208823e-16,8.6465123255719e-17,-6.7487156658096e-06,2.73283252061485e-07,2.02527753544796e-17,4.77982853293931e-08,-1.24894126786004e-06,-4.81585664901571e-17,-1.60011432912105e-17,-6.50480451497833e-07,-6.66311893544382e-09,-3.21678829833649e-07,1.85144664881565e-16,3.61033840480641e-07,5.25056787265009e-07,5.62347739456999e-07,-5.12076597257766e-07,-0.000162835764900996,2.95323134982747e-08,7.00129513489426e-17,3.42799374116666e-16,-2.66062185235645e-16,5.57722365901646e-07,-5.04913532283753e-07,-1.43698361056597e-07,-1.1252321406528e-07,3.47909246905934e-16,-3.95254939831307e-17,2.19687111243507e-16,6.79294828302167e-17,-1.2714669626922e-16,7.07072688241688e-07,-1.01469234296895e-16,6.51038112816367e-18,-8.63523376632849e-08,2.95059467590609e-17,-7.72920976797443e-08,6.49049810683539e-17,-9.58082397905502e-08,3.13011009683043e-18,-1.15651702337624e-07,-1.4462714920345e-08,-1.74343485466305e-06,8.13942387111399e-17,4.63058470726992e-07,-3.36464008390176e-17,6.55030732094176e-07,-1.51812743975986e-06,6.34913685931363e-09,4.98407004241226e-16,9.24584881979879e-07,2.8678488573223e-17,-2.26669204513851e-07,-1.2792490801206e-06,-6.27480965745601e-17,-6.3128773952659e-17,-2.76865060578603e-17,-2.17142404860613e-17,-4.28547652171425e-09,-5.57748234084263e-08,-1.2446329961619e-08,6.1210609297738e-17,-4.83515488943262e-17,-1.73537250927524e-07,1.41538582937306e-06,2.86829220139334e-16,-2.6316234555472e-17,-5.63335321443899e-08,-6.84283544851451e-17,-3.98906312260361e-07,3.26391202395895e-16,3.75767762805047e-06,3.96044999004606e-17,-1.38561833829378e-17,-1.08558922428497e-17,-9.73024206156137e-18,1.72741678639889e-17,1.09007645754339e-17,9.50580226481504e-08,-6.64756785259549e-07,5.6989412774617e-17,-3.33031642749379e-07,1.2659797455405e-06,-6.64506540454662e-17,-1.14132649050211e-16,6.08719867717925e-17,-3.06895939572593e-16,1.24456521770847e-07,1.98904919623071e-08,3.17923878013368e-16,-1.24314239489032e-16,-2.2570579834304e-07,-8.05061443163778e-07,-1.61168372290474e-08,6.36534014164275e-17,1.19951996736339e-16,-7.79210159910192e-18,8.15146590235452e-17,-2.99766748379746e-17,-2.47983624796935e-17,4.72979460979285e-07,-4.47136585274332e-07,-8.59356402250254e-08,3.5756865508223e-17,3.45818586232411e-17,1.61742309681408e-16,-5.04104772875432e-17,1.23892602887935e-16,4.53980473253106e-17,3.18341880027802e-17,-2.80646238337749e-17,-4.33678682571881e-17,1.90421597436022e-16,9.27437040828345e-17,-2.32326470475324e-16,-5.75494691932295e-18,1.378272531367e-18,6.18238574664549e-08,4.65163253408292e-17,-1.0324913120926e-16,-5.89479670184885e-17,8.74096428216708e-07,-7.95722962302345e-09,-8.36805289393313e-18,-2.25491617081244e-08,7.97304600082157e-07,-2.53699478819811e-17,-1.27653361595246e-17,-1.16024021971655e-06,3.32901810199409e-16,1.95516521878752e-08,2.84264143982132e-18,4.17803044127148e-17,-3.72318484668918e-17,2.56933027288878e-16,1.44137531751642e-08,-1.97883819875186e-06,-3.90165986044355e-17,-8.23979853155319e-18,-1.08815801525492e-17,-1.12176301860237e-16,2.47360725652568e-16,-2.28788236530763e-17,-1.54045963296597e-16,-9.65320330642114e-18,3.11083900727986e-08,4.03207741514622e-17,-8.58517394361248e-18,2.21496408307656e-17,-5.19523264169253e-17,-2.54829467159723e-17,4.35766018619243e-16,-4.62771785070989e-07,4.5831076965238e-17,-6.25992293247982e-17,3.44858601409079e-07,7.13442414957494e-17,-2.94887939607621e-16,4.27395223895248e-18,-6.16572304074451e-16,3.78118235641836e-07,-3.24060348555771e-17,-2.1082111947528e-07,1.68724139279634e-17,1.71588660399291e-16,2.01134996496496e-16,-5.20416407518332e-16,-1.31257851104047e-17,-4.44170844639839e-16,7.60169707924087e-09,-1.07202974242747e-16,9.9458052872417e-17,5.66222514792063e-08,-9.47343146388067e-07,-4.34203131263111e-17,6.62704603670332e-07,9.70189543852739e-08,3.43830750752928e-17,-3.14435209402736e-16,-6.78992568717211e-17,-3.41575495826507e-17,2.58598872843049e-19,-1.61913407761939e-07,-4.69567680313461e-16,-2.85634639117445e-16,2.57885431607464e-18,6.47152730949127e-08,-4.40351305750667e-16,3.34916380807575e-16,-3.989107860593e-17,-5.94208321464426e-18,-2.94207132125516e-08,9.02900706941395e-17,1.16981475155624e-08,9.44629012495837e-17,-3.03492000261692e-16,1.75263796774939e-16,-4.37896920832227e-18,-8.55886339951481e-17,-5.15399918776398e-17,-1.51626285406666e-17,-2.02227014409849e-07,-6.00803928890107e-17,-8.48955830049695e-17,8.49419921167144e-08,2.30778976541466e-16,3.36784838754162e-17,-1.41554275295365e-16,8.00913605439376e-18,2.84693782140197e-17,-8.378923185213e-17,-4.64346275794065e-07,4.4849211424948e-17,3.52534479299721e-17,1.82615664254234e-07,-2.91839592912881e-16,-2.73855538808066e-17,2.31434332285854e-16,-5.97716263926838e-17,-2.90152669677639e-16,2.10551535070261e-16,-3.88789291165622e-17,-2.53763168370136e-17,4.99395174618144e-17,-2.85523227198726e-17,-3.60390199304334e-17,-9.53675615917494e-08,3.16070371905056e-07,3.47116186700397e-16,1.08915651140972e-16,3.28904697391257e-17,-9.85078213383148e-18,5.80102372388369e-16,2.07438779581143e-17,3.20961968123377e-17,1.1153407302058e-16,-2.06539816661855e-08,-3.83710307458988e-17,1.82121893790722e-18,-6.22188113308592e-17,1.99605160273583e-17,2.63847732288519e-08,2.15214342874544e-16,-5.51783531481843e-09,-1.20137135534401e-16,3.91825193132098e-17,5.62990647472197e-17,-8.67699453571916e-17,2.62313799928258e-17,8.47834508339094e-17,1.6102012006421e-17,-6.49724090767468e-17,5.83948607161458e-18,-8.36762938804775e-17,9.77829987278564e-17,-3.6311166661511e-17,2.50815363514378e-17,7.73510298482342e-19,-2.00565243101837e-17,-7.30160471559332e-17,3.81948521744718e-17,-4.57608802621856e-17,-9.56860443069271e-17,-8.90656022798829e-17,2.70291601600636e-16,-1.51482754637913e-17,-3.23765683943277e-16,-6.58736249847147e-17,3.03407874881378e-17,1.96706710529982e-09,-2.08291356574841e-16,1.11852066116987e-16,1.10444763149867e-16,-1.13671812984371e-16,-6.24074975921938e-18,1.2503962470197e-16,4.66107642398922e-16,7.81357552433966e-17,5.52562882848034e-17,1.0938937617451e-17,1.20834332123509e-16,2.03171011881468e-17,-1.03576914408843e-17,-4.77769469748102e-17,3.30519391991996e-16,-5.70162073968084e-17,3.75167340616842e-17,-2.51641132346817e-08,5.35727735466856e-18,1.52243923530225e-17,-5.64718824337259e-17,2.00698694576732e-17,-1.20148597972191e-16,-5.9457443626764e-18,3.11891436566627e-17,1.79642134015593e-17,2.70510125969133e-17,5.29917355682164e-09,4.47919271779234e-17,-8.51687881370301e-17,4.96281288195914e-17,-1.96266545540185e-17,-1.85934360751977e-17,-1.44801083308467e-16,9.97746954581836e-18,1.37395157681102e-17,-3.85315295569228e-17,1.18323700621182e-16,-1.04332517936443e-16,-2.78334921730983e-17,5.86258451454972e-17,2.65739328345731e-08,-2.92081572418729e-17,-4.49351755167989e-17,-8.92776981525956e-17,-1.44090468723324e-16,-7.97638818161568e-08,-2.09748285037887e-17,-4.08070248558734e-17,4.6236832821504e-17,-3.42192623177704e-17,-1.44824310739883e-17,1.97787655965777e-16,-6.3429729118425e-17,1.34570011651012e-16,-4.54988044845433e-17,-1.80392775220639e-17,-3.7659973254865e-17,1.36234255984033e-16,-2.11428846945149e-17,-9.72390053974013e-17,-2.28274644957766e-17,-3.26894038722974e-17,-2.32037253712123e-16
"t277",-0.00770393885952476,0.0227812481250105,0.0260544467187984,-0.00810713435162226,-0.129432044018946,-0.0286080447311475,0.0184246576698182,0.000294554137578282,0.000972921605860916,-0.00211451038613357,-0.000568241536726517,0.00336587205890075,-0.00492782929807278,-0.000479294146207558,-0.0033272249568046,-0.000919597915595849,-0.000855183603180405,0.000358541524609535,-0.00031780504953799,0.000231222372717685,-0.000849850058491174,0.000174059124959236,-0.00036245833503223,0.000749814905431382,-0.000117686344283374,0.000272239686579701,-0.000338667368210557,0.000312512700381289,-0.00268079946506878,0.00664525478594483,-1.57050790001832e-05,2.18425985924337e-05,-0.000928615119984257,0.000147798831997435,-1.85206045787549e-05,-1.95154977760096e-05,-8.93653051813894e-05,5.15318649486197e-06,4.06790632536842e-05,1.05330999911825e-05,0.000486072769291036,-5.37610103415643e-05,5.28436919243373e-05,-4.47660946396165e-05,0.000226428742265799,-0.0763799135571894,1.03495490740643e-06,-3.59261901975011e-05,3.95762847485632e-05,-8.1370145688501e-05,8.49114370527663e-05,-5.18941858669651e-05,7.2298763742788e-08,-2.43212584983901e-05,8.03234876918418e-06,-8.35346330171263e-05,2.69709808422623e-06,-0.000172526177729065,5.82174673887894e-05,-9.51856910603634e-06,-8.45783502514489e-06,8.87977193488455e-06,-0.00232927560481199,-0.00018700197386557,-3.93247753672066e-06,1.6425663313878e-05,-4.43694595527684e-07,1.22530070630243e-05,-2.88874215634293e-05,7.90986695639545e-06,1.93212554233518e-06,-1.41729947632924e-05,3.92881450580748e-06,4.41052890156606e-05,-1.90225598582798e-05,-1.47076097527154e-07,0.000186187955329801,-2.40425606134542e-05,0.000136570277791242,0.000199012670329512,-9.09055117234215e-05,-0.00152844624042368,0.000888644514390798,0.234860500046613,7.41738662161037e-05,0.00223917527438501,-0.000286535618735184,-3.64813055101539e-05,-0.0335324067081185,0.000331082963729653,-5.34386152587774e-05,1.24155886323815e-06,6.01868091760811e-05,-0.000621563533449802,-1.96421694091463e-06,-0.000110298496504935,-1.29394260833572e-05,6.14633069223544e-05,-0.000501512978059184,-0.000125047904924314,-2.57460381374429e-05,2.20285483986317e-06,-3.48320792228467e-05,8.90059413321047e-06,-3.62393927750745e-06,7.02830286237317e-06,-0.000144762944941702,6.04462503698265e-06,-1.50362621583455e-05,5.25125991960597e-08,-6.89832917694909e-06,-0.081221599784522,-0.000405218763924817,6.72767483899034e-05,-2.15234439860679e-06,0.382406774557689,0.000103075892107863,3.64257881218001e-06,-1.89534530001576e-05,5.75921760707371e-05,-4.39967209355189e-05,6.28387988941731e-05,-6.14545440366109e-05,-0.000168942924597561,1.02710992016422e-05,-0.000107293677849289,1.09403107380604e-05,-1.81176011465561e-05,3.53241748282761e-05,0.00116484772321084,3.72435768230108e-06,0.000111434117827259,-2.1298382995593e-05,-2.72663478568715e-05,1.69917379296903e-06,4.67515327378161e-05,-3.0376509008079e-07,-0.000246865061685412,0.000212086130937233,-0.000663113466376496,-0.000103645003155369,-0.0281571280427206,-0.000540710175173693,-2.32752685113165e-05,-1.2214029087883e-05,1.09031755641908e-06,6.84676642252595e-06,6.76646647958234e-07,5.94784579317766e-08,-2.06392295589453e-07,-5.99481615965976e-06,-1.06447465545775e-06,-4.3178741416408e-06,9.25452619043953e-06,-3.36266307512971e-06,-2.99254414482969e-07,4.55203107933144e-06,-6.27447783026654e-05,-1.72597079874983e-06,-5.78775830972651e-07,-5.81562543378457e-05,6.51353816748754e-06,-4.49827937943628e-06,-0.000127695967216647,0.0514826663436179,1.65698205133652e-05,7.4017288222483e-06,1.29290391900059e-07,6.46209689550136e-06,9.16087600943909e-06,-2.1766800150664e-05,-3.85054172583501e-06,4.75634305429075e-07,9.3263920584102e-07,3.10133933591811e-06,3.73366242984372e-07,2.7785860830269e-07,-0.00123704569647028,-5.98793774977246e-06,-4.22936081594632e-05,0.000130915264498166,4.54337960185135e-05,-6.77266319338115e-06,-3.53659585049161e-08,-7.67061919344064e-07,-2.4150566414727e-07,-2.6794344278312e-05,6.16794397699928e-06,2.76478486645866e-05,-4.58874668632808e-05,-7.48446447972368e-07,1.37085169991326e-06,5.43983015123982e-06,1.28377128396438e-08,9.25234344828007e-07,-1.29540123978902e-06,-2.38280649017303e-06,-2.24279605294953e-06,1.40838052320729e-06,5.87980872533991e-07,5.8598043771858e-07,9.65392632114414e-05,-1.5571362378182e-08,-3.52385613418473e-06,-4.01746061335862e-06,-2.64819738204411e-05,2.55658414497691e-06,1.77487046502749e-05,-1.86964602072508e-05,-1.51722242853709e-07,-7.4379442077761e-05,3.21048956914413e-05,-8.34170705505812e-05,-7.84797813830816e-06,-8.51750403540512e-07,-0.00280146468275148,1.30505846883081e-06,6.15937932575034e-07,-1.10284130941433e-06,-5.4099214702558e-06,-2.93546430422034e-05,4.58697100987941e-05,0.000940003592669725,2.85147441046881e-05,-7.7971085717982e-06,-0.00237623294330231,-2.72260877378228e-05,-2.65007104504092e-06,-4.16085500887374e-06,-3.29813926785223e-06,1.30909763672018e-05,2.68171818334635e-06,1.11883809660622e-06,1.87063189883807e-06,-9.86637457818425e-08,-3.0237633368502e-07,-8.41978999061994e-06,1.60932820134469e-16,-0.000645719068596824,1.78272595972792e-05,-2.78957193632706e-06,-9.74858933297126e-06,-8.71350775904425e-06,1.95627581086965e-06,-1.972907424311e-06,1.41429921704151e-05,-1.76614482210647e-07,1.3390464828702e-08,-4.7403964551277e-06,7.00452377660652e-05,-6.0173391956341e-06,0.00814481125768956,4.40524906938072e-06,9.80308426636256e-08,-7.6439499902296e-09,3.92967694729204e-07,-4.00689036896254e-07,6.32580953803116e-06,1.08734139879723e-06,-2.11353532082774e-07,4.63680735941509e-06,-8.9819512227891e-07,9.83935318917772e-05,-8.25753401144932e-06,4.93620741745348e-07,-1.67933261265975e-07,3.71340686167687e-08,1.36142493913416e-05,-5.73899124045553e-06,2.08099613836735e-07,8.30144288109376e-08,-1.78750254625433e-07,2.87567195873516e-06,-3.3151867173592e-06,3.92341544587051e-06,-1.00509180201198e-05,7.74135497044382e-06,-5.61703489727482e-07,6.84705820058913e-06,-4.65324217040601e-07,1.34961846953168e-06,-6.804937845805e-17,-3.29689228548265e-06,-1.12833459287318e-07,-1.95865132443873e-10,-1.6856230407275e-06,1.58613276915306e-07,-9.79278234481934e-08,-4.28798547105878e-07,4.85694655826409e-08,-0.000200919201567814,4.9224220441028e-06,1.91597906055429e-07,-1.68475987960344e-07,2.17016157955884e-06,-2.62022224237933e-06,1.10067046471422e-05,-1.24669569793044e-06,2.70120397738568e-06,7.21003181553359e-08,7.2753590116064e-08,3.06543352252844e-06,-0.00265406394482892,-3.92396164003197e-08,-7.57712567945868e-07,1.58715687721019e-06,-6.06502238151843e-06,4.61866235807172e-07,4.31596078121172e-07,0.000453380674187476,-8.22532838304369e-07,-3.95195710705342e-07,6.14343775602321e-07,-2.12759750151306e-06,5.24485952633757e-08,4.85002402124359e-07,-9.2490090240542e-07,1.78370568895312e-16,2.27927066750075e-09,1.76652784873782e-06,-1.52772999772489e-07,5.94031538560303e-07,1.00236286916908e-07,1.53059499916526e-07,3.46825113037474e-07,-4.92561231773815e-06,1.71226878211557e-06,-1.45953094865711e-15,-1.0790126396105e-06,-1.66341831730714e-06,-3.33043077168523e-08,2.0778190853226e-07,2.00054316257588e-07,-1.15419964250176e-08,-3.26702116182175e-07,6.42562663342908e-08,-5.61716220731723e-08,-3.18523972576916e-07,7.12317073810073e-05,2.77369594200036e-07,1.68213644577143e-08,3.9043880390333e-09,4.01624024772776e-07,-3.65231090808818e-07,5.4990667874682e-07,1.70105852100394e-15,3.9605849445534e-06,-3.48710500324432e-07,-1.00608448066304e-08,-1.20865050393618e-07,3.12953389856432e-06,1.1634526098962e-05,-9.38880242499989e-06,3.53986157774494e-05,1.51971098592708e-06,6.00638161754891e-15,3.33117023581664e-06,1.86827487211545e-06,6.07160326815099e-06,-8.96893964153962e-17,-1.71276271403551e-05,-3.67443258396727e-05,5.97825916503458e-06,1.94317235986207e-05,8.64194446855044e-06,6.09692291050669e-06,0.000287605796095176,-7.85973150815228e-05,-0.771536358012512,8.23886473884821e-06,1.15996952571484e-05,2.15419899673658e-05,-2.05972487411827e-15,-4.35618385825426e-06,1.02359662194896e-05,0.00507214190278036,-4.24541436253506e-06,-1.5912219910207e-15,-3.36631239833707e-06,7.70598863901971e-07,-1.88565780095078e-06,-0.407112714221067,-7.20064929165726e-07,2.23043766008622e-06,-2.39095284550892e-05,3.06831846232173e-06,-7.95928346603523e-16,1.0316362239938e-05,-2.59783146211697e-06,7.13807613255136e-06,1.23317580882149e-05,-1.25156786494302e-06,-8.36253688577448e-09,6.21031004399697e-15,-2.66151381313732e-16,-7.8733862104622e-09,-1.30454680726369e-06,1.71585942596722e-07,-1.28693252935667e-06,3.40491390111795e-15,-5.92751340744423e-07,-6.92290607054634e-09,3.04173908562472e-15,-4.05026078587463e-17,-6.2690906836139e-17,1.449280995093e-06,4.3040830806806e-06,-0.0030793936377635,3.17668872941142e-06,1.59251152160751e-06,3.32854483341656e-06,-1.91328525838243e-06,-8.77435648236685e-16,-4.14636702311559e-07,1.15810791848588e-06,-8.97995185849134e-16,1.36782207219126e-15,-7.10443770215329e-07,-2.87345909420709e-10,-4.14666513239779e-07,1.69390492692778e-06,4.03035865400834e-07,-1.13719602009569e-07,-1.30301186687415e-15,-3.81628549196542e-07,-3.94747059149584e-16,-1.29309993624069e-06,-2.40774197454718e-15,-4.45924117437711e-07,-1.73203080391502e-17,0.000168815903337326,4.72671982863339e-07,1.47906092067413e-07,1.93817230090954e-06,1.27003509289861e-06,-1.450334681854e-07,9.15759495478467e-07,2.37424762729014e-07,1.15486287972612e-06,1.06113914627894e-07,3.14908067169205e-07,-8.80525964266388e-07,-1.13368747674801e-06,-9.16072333447988e-08,-4.16318675099623e-07,4.24109827164854e-17,3.87418705210483e-06,-6.64205840139706e-07,0.000171233747931173,4.75390637125765e-16,4.45990331554425e-08,1.20152786883908e-06,4.28689582317401e-06,3.14319780337918e-16,-1.37388735273413e-06,-5.4892061376469e-07,-2.58586508723279e-16,-7.23729197530791e-07,2.11076258832539e-06,2.96628910851853e-17,-7.01851667136158e-17,-7.70944155716131e-08,-3.12528941468021e-07,-1.77809220523179e-09,-2.46303192842591e-06,6.51926901368284e-07,2.53799614489197e-07,1.84637466460604e-07,0.000205288039343804,-3.78153656258896e-06,2.33553410985965e-15,1.0321022457899e-08,5.36519350623245e-09,1.48022148681219e-08,1.38483160610712e-06,-6.5711549555995e-17,-3.60148816339427e-17,4.55405870617525e-07,1.3403505519649e-16,-9.41536771858112e-17,0.00138287266089611,-2.93952656983303e-06,-7.30475919481325e-07,-3.08281517840369e-08,1.93025773801982e-05,3.72725441921608e-06,1.04856883751445e-07,-9.32235864834549e-17,2.43994181543605e-07,1.13865581707309e-08,5.22346602865812e-08,-6.94812016874483e-07,2.73407459511342e-06,2.93072696224254e-16,-3.93642092162612e-16,1.62308473247537e-16,-1.79785392707154e-07,-1.13926703719952e-07,-5.0117796840484e-07,-5.22112425975209e-14,-8.71605762128188e-08,1.28661154308388e-15,-4.21873706651995e-17,1.06786299122225e-05,-2.34444098337097e-07,-5.20850723662036e-16,-5.75654772588808e-07,-3.92884593463598e-07,-5.3488812278421e-16,0.000102854393536249,2.96246788800165e-16,2.35534321528429e-07,-4.9004105657564e-17,2.34941353228515e-07,2.03334065313398e-06,9.7423425141375e-08,6.92282550574736e-08,4.74984406932328e-07,-3.13330729951396e-07,6.51199371707451e-07,-1.63567734152245e-16,5.64095955180692e-06,-3.18244289320098e-07,1.79316730603132e-16,-4.19010146275465e-08,-6.44381265433144e-07,1.97969843474957e-07,-1.06977871834765e-16,4.78016835586461e-07,8.35966036541373e-07,8.56283834431239e-17,-1.57668838739387e-06,-3.48602307385055e-07,-2.39912194987784e-08,-2.05345502367367e-16,3.39119575153475e-18,3.22834081810272e-07,9.86986711024269e-08,7.98273677268656e-09,-1.688049493704e-07,5.80407939742269e-08,1.10578084001774e-16,7.55367713034315e-17,2.11748133015543e-07,1.4594390816463e-09,1.05140226642434e-17,5.11099101708145e-07,9.16903440208919e-17,3.49576908156815e-07,-9.75529306953028e-08,-5.69930617921415e-08,-3.77682739886605e-07,-7.97656854733109e-16,-3.02882230211365e-17,9.05495318316762e-17,-7.31546511982786e-17,-4.00141842775431e-08,-1.38754952427776e-07,2.80181694419044e-17,2.43379539184398e-16,-3.56017638272228e-17,1.95093388219443e-07,1.75241679567677e-09,-9.63705311825233e-08,-6.97349086310926e-17,-1.86428563558882e-16,9.24282352043893e-18,-3.11143431953987e-06,1.26009072798504e-07,-1.49979571993783e-16,2.20678697088354e-08,-5.76920702730865e-07,7.7560256081342e-17,1.40752206610071e-17,-3.00844558608195e-07,-3.0819693519773e-09,-1.48897544814759e-07,-8.30013658856612e-16,1.67316662411508e-07,2.43493839492495e-07,2.61030878480013e-07,-2.37999494825961e-07,-7.57076465820258e-05,1.3739354769451e-08,5.10301129828549e-16,-4.32339184831344e-16,6.37175716579825e-17,2.60422367262433e-07,-2.35777122042773e-07,-6.71335395402452e-08,-5.26934583242206e-08,-1.10313640196593e-15,1.86121889156097e-17,-5.48380513008047e-17,-3.80272014168475e-17,1.06197165615693e-15,3.31936682579732e-07,-2.42644114385178e-16,1.40776530707327e-16,-4.05776956053056e-08,1.06585744752731e-16,-3.63220960121532e-08,-5.78177098585866e-18,-4.50273717403985e-08,-6.4750387946314e-17,-5.44451249370485e-08,-6.81132227455751e-09,-8.21588557775986e-07,2.06967118473459e-16,2.18380255971675e-07,-4.24749082591232e-17,3.09428598683044e-07,-7.18699273656827e-07,3.00603846904716e-09,-2.61474234926096e-16,4.38134326065256e-07,-2.22077790681177e-16,-1.07561162236391e-07,-6.07082396469622e-07,-1.15435256068234e-15,2.1387965365843e-17,1.08828420937413e-16,-1.02326382687643e-16,-2.03605214071624e-09,-2.65069267568457e-08,-5.91718476106477e-09,1.10884082947607e-16,-3.45623646285954e-17,-8.26412848916513e-08,6.74080322596218e-07,7.03175331701573e-16,-9.47175264831552e-18,-2.68852345195707e-08,3.4767044714222e-17,-1.90463571853889e-07,-6.46364342874889e-16,1.79648122656007e-06,-6.39506784216228e-17,8.69331619614235e-17,-7.30902440193733e-17,6.70364027031458e-17,-5.0331788708371e-18,-4.44339662015499e-17,4.55650548253433e-08,-3.18655053430707e-07,-2.4705937829322e-17,-1.59786797111465e-07,6.076426473031e-07,1.32933793674505e-16,-1.33121013143764e-16,2.89901544730899e-17,-8.95837687004269e-17,5.98348707155645e-08,9.56640967844482e-09,-1.12121245913256e-16,-5.72629300280695e-17,-1.08600510169936e-07,-3.87384593367488e-07,-7.75665969042804e-09,-8.67044972581788e-17,2.01782976401909e-17,-2.40079582610052e-19,-4.11291003309448e-17,2.78306070785002e-16,1.23665815266719e-16,2.28328849623197e-07,-2.15914796566186e-07,-4.15086242275543e-08,-2.60839391666535e-17,-9.93344597328795e-17,-8.6423275994483e-17,-5.34181277471402e-17,-9.50133232736095e-17,5.80695978018458e-16,1.34921477096559e-16,-3.64698698972711e-17,4.01436706610461e-17,-1.3207870460173e-16,-3.96500700576005e-17,3.84634260274449e-16,1.7861124888479e-17,-7.66453403912286e-18,3.00045830047606e-08,4.41513039067362e-17,-2.54235901115643e-16,7.51455376915609e-17,4.24487201016312e-07,-3.86482923868643e-09,-1.48880100369666e-16,-1.09531239686704e-08,3.87585926791509e-07,-1.87650574185286e-17,2.164225434699e-16,-5.6455995106014e-07,-7.59479323524288e-17,9.52483814646028e-09,1.53319867800407e-16,6.09336487197973e-17,-2.36463343873867e-17,7.62938534991121e-16,7.03488690809466e-09,-9.65928376512971e-07,-7.80130862840106e-17,-1.08757878828677e-15,-1.44820657162353e-16,-1.15073130353472e-16,-6.59574391631557e-16,1.00964329291655e-16,4.42985359597075e-17,-2.30361470876456e-16,1.52836907497416e-08,3.99748340283024e-17,2.07746663528614e-17,5.20655412851088e-17,2.16178291998021e-17,2.95779382697182e-16,-3.31986732140508e-17,-2.2767918232149e-07,-1.44565099401456e-16,-1.4821765299646e-17,1.69710625485533e-07,2.38450963140788e-16,-4.00084419165632e-16,-1.08113821748625e-17,3.13542873275149e-16,1.86639773324904e-07,-1.12722560158183e-16,-1.04117805888844e-07,2.87632438651084e-17,-1.70798375197404e-16,5.64692847282617e-17,-1.69534914942369e-16,4.43773965943782e-17,8.0580916996477e-16,3.75836893905755e-09,-2.20114074661108e-16,-7.89829832884264e-17,2.80183619983139e-08,-4.68793335356052e-07,-8.72202377656171e-17,3.28178333396137e-07,4.80557731186418e-08,1.1737373772604e-16,5.03828996366848e-16,-7.04089359047765e-16,-2.75021424007781e-17,-2.41644934805003e-16,-8.04704736579077e-08,-2.74348101436057e-16,-1.71652900050653e-16,2.76186443227046e-16,3.21912320043928e-08,-1.31894796132198e-16,-1.97170503517071e-16,-2.21461711844476e-16,8.44186568494285e-17,-1.46515167772529e-08,6.24069401288834e-17,5.82774319900207e-09,6.73066682231664e-17,2.99467536722959e-16,3.82710062477144e-17,-4.11298507891962e-18,9.22793256283139e-18,6.68761830040177e-17,-1.45457352075379e-16,-1.0093388725439e-07,2.84947992992077e-16,9.09048094629252e-17,4.2415273158267e-08,1.91177262317172e-16,1.03245321732394e-17,-9.25584082064547e-17,-8.37223070127104e-17,1.0958940842003e-16,-4.53185011091534e-17,-2.32207475997582e-07,-8.68278288224001e-17,-3.05291840276882e-16,9.13810964059536e-08,-9.08492246275167e-17,6.92700091316209e-17,-1.5647970394768e-17,2.25533478273328e-18,-2.12882889873813e-18,8.78972957157714e-17,-3.01955298657303e-17,1.32800200444362e-16,-1.21822948136104e-16,2.77697133802103e-17,6.41571380546254e-17,-4.78373836665507e-08,1.5859022352431e-07,6.35007377663983e-17,-1.21230699279543e-16,-8.7113747535649e-19,1.60849431260601e-16,6.01732205729455e-18,2.18635886993983e-16,-1.8157946079918e-17,-4.03639057002718e-17,-1.03789486765683e-08,-8.08706740655554e-17,-1.9224856328798e-17,-1.31727275377997e-17,1.61090215938766e-17,1.32758048722507e-08,-2.38314607693194e-16,-2.78038554727833e-09,-3.30336469690513e-17,-2.58411868946274e-17,6.71634091819549e-17,-1.33473629528261e-16,-3.79034457943595e-17,-2.0696995383545e-16,-6.0179152582683e-17,2.16169238633272e-16,6.73667721894028e-17,-2.01405529417804e-17,1.68916290609367e-16,-2.09417846334658e-17,7.38527087519927e-17,1.69911873266568e-16,1.3672250754822e-16,6.63018839307621e-17,-4.80778079336486e-17,2.74833299704048e-16,7.98172728402051e-17,7.1945094045185e-17,4.00070601647151e-16,-4.5853444638556e-17,-3.47993281331519e-16,-4.26490290697137e-17,1.22320207299215e-16,9.96475821413132e-10,-7.24736385551242e-16,-2.14998334021357e-17,-1.45927660428748e-16,-2.40831945439621e-16,-1.97150564288791e-16,8.97338576678488e-17,-2.238728239679e-16,-6.05726386886748e-17,1.43967173836538e-16,-1.88626591444386e-17,-9.4390641136588e-16,-2.06602304147332e-16,1.76815397296241e-17,2.00806841496251e-16,-2.39506002362597e-17,3.49768181778207e-17,5.48576537088193e-17,-1.27933511018942e-08,-1.22388655719032e-17,-5.09309240715799e-17,-1.07937658692909e-16,-2.6979607011493e-16,-2.61297387659521e-16,-1.07742704241752e-16,-4.8066894847783e-18,1.17405448632072e-16,-6.63030191206374e-17,2.70400921466109e-09,3.09072328285221e-17,3.92894471129021e-17,-8.47473776805945e-17,-1.0128902647572e-16,1.60592014036819e-16,-4.74051396965108e-17,2.41109107050288e-17,-1.70007086225631e-16,-1.90972575897567e-17,-2.84326324730597e-16,1.83700892817972e-17,4.82035854007747e-18,-9.23671536309008e-18,1.36098333100742e-08,1.99474422305189e-17,-5.97953473141409e-17,-2.6007412898411e-16,-9.22656048785164e-16,-4.09208422688853e-08,-7.61294813989952e-17,-1.85979960495967e-17,2.05802519242741e-17,7.6423541119354e-17,8.52539247974686e-17,1.55777634064915e-16,3.92051635310704e-16,-2.16305712032812e-16,7.8063906564226e-17,1.42013192443014e-17,-6.84739714643663e-17,-1.38164244834791e-17,-1.33234824063161e-16,2.20556980702671e-17,1.44390441103566e-17,1.42912903643821e-16,-3.05897147869319e-16
"t166",-0.00770474983707713,0.0227863036519755,0.0260604157446681,-0.00810962414205727,-0.129480721320441,-0.0286206693784146,0.0184329482329453,0.000294697231659866,0.000973479922396426,-0.00211598208678813,-0.000568743470148813,0.00336953651955035,-0.00493335146602627,-0.000479839391964049,-0.00333117531094289,-0.000920754300378692,-0.000856284721357849,0.000359011558914112,-0.000318231347008699,0.000231559390480211,-0.000851190169760683,0.000174390601655474,-0.000363187447361476,0.000751331865183806,-0.000117925378092143,0.000272819120345186,-0.000339396751823918,0.000313191825440038,-0.00268678221403261,0.0066627844281837,-1.57492769152263e-05,2.19068863886622e-05,-0.000931547176607294,0.000148287819360241,-1.85850368074937e-05,-1.95888690095231e-05,-8.97055906589842e-05,5.17312382658168e-06,4.08375290356954e-05,1.05747488474656e-05,0.000488050582959906,-5.39851233996389e-05,5.30673029324822e-05,-4.49557585492726e-05,0.00022740500646663,-0.0767305235972531,1.03979484654053e-06,-3.60956590510528e-05,3.97674992440973e-05,-8.17734300274993e-05,8.53464923836749e-05,-5.21641510566377e-05,7.26757118871409e-08,-2.44504577426251e-05,8.07657860901298e-06,-8.39970823480865e-05,2.71348225435655e-06,-0.000173599998342736,5.85808586738819e-05,-9.58151002623258e-06,-8.5161609802294e-06,8.94226454219396e-06,-0.00234593667187461,-0.000188345019801007,-3.96157244779874e-06,1.65504084701154e-05,-4.47257788676965e-07,1.23538313322983e-05,-2.91277775979014e-05,7.97699599632212e-06,1.95024008254579e-06,-1.43156348931357e-05,3.96877527708204e-06,4.45636708231028e-05,-1.9220789702528e-05,-1.48622904985526e-07,0.000188153250509478,-2.43008843254212e-05,0.000138096427849603,0.000201271440710653,-9.19645935360148e-05,-0.00154635312028624,0.000899482695748208,0.23775917566937,7.51360377346962e-05,0.00226860943864166,-0.000290352522539761,-3.69683092455656e-05,-0.0339802943506449,0.0003355113954393,-5.41569807860468e-05,1.25904232133826e-06,6.10379026613761e-05,-0.000630601000904567,-1.99413912622691e-06,-0.00011199036047973,-1.31379670930619e-05,6.24228858958283e-05,-0.000509392857525881,-0.00012706010665659,-2.61683341571133e-05,2.23904798655636e-06,-3.54054626540783e-05,9.05978266064862e-06,-3.68914632058124e-06,7.15535996399627e-06,-0.000147401764212282,6.15506447745476e-06,-1.5312108424518e-05,5.34819143476958e-08,-7.02591852575085e-06,-0.0827417239593974,-0.000412813409570418,6.85768386996017e-05,-2.1942062539944e-06,0.389949336157483,0.000105121686738731,3.71611545754406e-06,-1.93423291641671e-05,5.87882010925442e-05,-4.49166658929175e-05,6.41837331178878e-05,-6.2789587482186e-05,-0.000172615136877282,1.04948318974333e-05,-0.000109666444860696,1.1182555226804e-05,-1.85239687835802e-05,3.61457129119993e-05,0.00119194953632069,3.81126242371337e-06,0.000114096938282116,-2.18096843145942e-05,-2.7923108088365e-05,1.74066192166293e-06,4.78951935325535e-05,-3.11409540377286e-07,-0.000253218739005969,0.000217711917318319,-0.000680718045617623,-0.000106410705014719,-0.028910438655121,-0.000555236723008189,-2.39015704327305e-05,-1.25426969546463e-05,1.11999216866833e-06,7.03733506825585e-06,6.95908522552693e-07,6.11810596461676e-08,-2.12372951204521e-07,-6.1686969192599e-06,-1.09549330035525e-06,-4.44403915818352e-06,9.52577341747826e-06,-3.46403217307071e-06,-3.08315879157154e-07,4.69030216317491e-06,-6.47891574696814e-05,-1.78315298222983e-06,-5.97999845728365e-07,-6.01151736698348e-05,6.73356722877342e-06,-4.65296552014024e-06,-0.000132096635504998,0.0532877109985005,1.71604556331557e-05,7.67830697097961e-06,1.34129504294165e-07,6.70406402338315e-06,9.50608361407142e-06,-2.25931421857426e-05,-3.99687746530045e-06,4.93976255386296e-07,9.68769317411023e-07,3.2226718420609e-06,3.88008577300866e-07,2.88768876646555e-07,-0.00128673424709214,-6.23411148046033e-06,-4.40393048052668e-05,0.00013633940652529,4.73373906539946e-05,-7.05764700883674e-06,-3.68603686617572e-08,-7.99603051396886e-07,-2.51887593025081e-07,-2.79499652903481e-05,6.44155139417482e-06,2.88754324474712e-05,-4.79440464286301e-05,-7.82860276207889e-07,1.4352286522978e-06,5.69715252636349e-06,1.34515622072268e-08,9.69831688666749e-07,-1.35934229093667e-06,-2.50102673116558e-06,-2.35528177324549e-06,1.47939995845979e-06,6.1888425816604e-07,6.16838400161667e-07,0.000101712209184691,-1.64200508100137e-08,-3.72385957905582e-06,-4.24552190811507e-06,-2.79908877586373e-05,2.70391763906776e-06,1.87796160368899e-05,-1.98052368664995e-05,-1.60953306735265e-07,-7.8998483189973e-05,3.41112568482633e-05,-8.87800885627319e-05,-8.36051221201137e-06,-9.07399312949566e-07,-0.00298674142107207,1.39406916315873e-06,6.58196147151616e-07,-1.18091749763344e-06,-5.80129663929862e-06,-3.14941990959404e-05,4.93173193971024e-05,0.00101117278596527,3.06909676057996e-05,-8.40684290393537e-06,-0.00256296940392631,-2.93682293199924e-05,-2.86419124662806e-06,-4.50250328505212e-06,-3.57384379022078e-06,1.41942287983866e-05,2.90963114457985e-06,1.21467768778422e-06,2.03122802671073e-06,-1.07310595432017e-07,-3.29219203615521e-07,-9.17772517129304e-06,-1.61811596839999e-16,-0.000705019356901067,1.94710030896866e-05,-3.05399273655796e-06,-1.06925678121747e-05,-9.57223070833446e-06,2.14927207213572e-06,-2.17401777248253e-06,1.5592634704748e-05,-1.94763292359933e-07,1.47832708750327e-08,-5.23753589500302e-06,7.75022834570025e-05,-6.66223447590868e-06,0.00902012014347921,4.88586634567235e-06,1.0942696777141e-07,-8.55289872269977e-09,4.40588496504169e-07,-4.51296606815637e-07,7.12713462643844e-06,1.2291533554648e-06,-2.39374522104438e-07,5.26618032242807e-06,-1.02103707235759e-06,0.000111957710104082,-9.40853385639359e-06,5.63564561117816e-07,-1.91773371244321e-07,4.2632150755426e-08,1.56319362344315e-05,-6.59046025651804e-06,2.39331892392136e-07,9.55271379159779e-08,-2.06064964877222e-07,3.31622593433692e-06,-3.86755955436726e-06,4.58330305211714e-06,-1.17540834968014e-05,9.07595970372747e-06,-6.59893122884976e-07,8.08237526213351e-06,-5.50056797673656e-07,1.59718798599449e-06,-2.5232085273022e-16,-3.91724004247378e-06,-1.34135986406981e-07,-2.33253610491582e-10,-2.0159401154269e-06,1.90411509689226e-07,-1.17775038685849e-07,-5.16175162241073e-07,5.91938983176662e-08,-0.000245074788972257,6.00557514849026e-06,2.3466879177677e-07,-2.08769451445275e-07,2.69488826458519e-06,-3.25862351115255e-06,1.37574014586703e-05,-1.59111449156279e-06,3.48086791269325e-06,9.29650001518076e-08,9.38235729313802e-08,4.06021604303913e-06,-0.00364733117358753,-5.42094277065111e-08,-1.05515048443898e-06,2.23265506821211e-06,-8.55908706604858e-06,6.70893203260625e-07,6.2839145476568e-07,0.000662989112959294,-1.20645440674613e-06,-5.8561982364631e-07,9.21239909942804e-07,-3.22748278742557e-06,7.99787137363744e-08,7.463491411441e-07,-1.45291363964572e-06,2.09078153944305e-16,4.2626403368922e-09,3.38420275289897e-06,-3.04416450879331e-07,1.18512884415414e-06,2.00238426017721e-07,3.08954777789804e-07,7.14504643276934e-07,-1.04120307608758e-05,3.83543899388775e-06,1.02678252447344e-16,-2.87042920289447e-06,-4.54393537075869e-06,-9.67883441986241e-08,6.08643505787355e-07,7.1309598730867e-07,-4.75632085929134e-08,-1.78655301538806e-06,4.69897096513443e-07,-2.8550753065339e-06,2.75960240527934e-06,-0.000323379936564331,-9.64949393287666e-07,-5.05713519055954e-08,-9.2870896513744e-09,-9.32428716400609e-07,7.29792935343052e-07,-9.83738702284523e-07,-1.82748956277316e-15,-3.37743906557216e-06,2.56652826218992e-07,7.39410223022014e-09,5.76667858434535e-08,-1.39382147783535e-06,-1.80211319019588e-06,8.98836377574405e-07,-3.00725642447652e-06,-7.07148264687727e-08,2.01298001334768e-15,-2.29905305355964e-08,1.27349528422873e-08,3.2555688331116e-07,-2.25705835467123e-15,-1.66548826341107e-06,-3.91599236266331e-06,6.65249207127582e-07,2.34567456071607e-06,1.17274874818816e-06,8.92006664651978e-07,4.43537135182685e-05,-1.38146846705479e-05,-0.137439975897153,1.57486558288931e-06,2.44753076647698e-06,4.56494611596692e-06,9.69267932510167e-16,-1.04087733074397e-06,2.47684829383352e-06,0.00125117777361615,-1.05188256430846e-06,-2.05926325517939e-15,-7.10637597905611e-07,-3.19133565929944e-08,1.24657384850764e-06,0.85694135425717,-4.26547215781358e-06,3.00605921733633e-06,-2.15152356206794e-05,2.27901375511347e-06,1.65954840673891e-15,7.48124149036163e-06,-1.8831160257756e-06,5.1721946561342e-06,8.93825601328993e-06,-9.07209065317248e-07,-6.06316777461352e-09,-6.99093560818653e-15,1.79310824992029e-15,-5.72204093916376e-09,-9.50922904214845e-07,1.25125956661798e-07,-9.41473480000391e-07,2.68431834690362e-15,-4.37028859653241e-07,-5.12276380384447e-09,-3.51406050486328e-15,2.4891332012163e-16,1.18484882409042e-16,1.08477309966102e-06,3.22620292368455e-06,-0.00231954541846851,2.40255217858074e-06,1.20499203484226e-06,2.5291778037302e-06,-1.45449283874804e-06,1.38661165763636e-17,-3.17771430955582e-07,8.89981191392126e-07,7.18345085935245e-17,-4.52621669169975e-16,-5.51489228881759e-07,-2.23564217627808e-10,-3.23589344584268e-07,1.32443187482555e-06,3.16267720311964e-07,-8.92882439539081e-08,-7.68213761155494e-16,-2.99872015243597e-07,9.10857640051953e-17,-1.01830645344195e-06,3.90665147800839e-16,-3.51716497894392e-07,7.16910138195353e-16,0.000133413119401315,3.73693151035597e-07,1.17521621803245e-07,1.54159631301552e-06,1.01059890561202e-06,-1.15617580646449e-07,7.31156118685481e-07,1.90224350612599e-07,9.25302246343515e-07,8.51091104698789e-08,2.5304413046677e-07,-7.09260071756125e-07,-9.14984078992483e-07,-7.40470504707903e-08,-3.36761437147404e-07,3.05836693682911e-16,3.14081419475518e-06,-5.39590882138186e-07,0.000139880698372606,4.90239431294334e-16,3.64883211444321e-08,9.85210911609022e-07,3.518364007829e-06,9.83954350388107e-17,-1.1281160764786e-06,-4.51554131173082e-07,4.69709741203292e-16,-5.95882318006999e-07,1.74672056368291e-06,5.06140783864021e-18,4.32198323380139e-16,-6.39174968617802e-08,-2.5915454003547e-07,-1.47555669141006e-09,-2.0457763965448e-06,5.42549735444215e-07,2.11253529053194e-07,1.53721589819358e-07,0.000171342110282564,-3.16243300250232e-06,-7.28095968932641e-16,8.63755326040244e-09,4.49062965371092e-09,1.239470061814e-08,1.16019300925968e-06,8.63529374065158e-16,-1.94007377132851e-16,3.81799581664582e-07,-1.18846186631289e-16,-5.29376470269619e-16,0.00116425453063559,-2.47654433666744e-06,-6.1543323221299e-07,-2.60119060732546e-08,1.62902092983318e-05,3.14571161734946e-06,8.85209345844184e-08,1.72400099081075e-16,2.06567789195308e-07,9.64565028215863e-09,4.42569796269314e-08,-5.89256632304676e-07,2.32266892799963e-06,-8.28654263553218e-16,2.53511426177283e-16,-5.84996353760682e-16,-1.53095481825049e-07,-9.71107944591219e-08,-4.27234865663339e-07,-4.44929550024483e-14,-7.437154470235e-08,8.63480818934562e-16,-4.89788107843789e-16,9.14837914452985e-06,-2.00857981883935e-07,6.45100292628875e-16,-4.93654057528155e-07,-3.3710260710311e-07,-4.72191991956543e-17,8.83482230027513e-05,-8.18748409430782e-17,2.02579014724391e-07,-3.39189395069186e-16,2.02092396212986e-07,1.74920023832972e-06,8.381787480816e-08,5.95686332353453e-08,4.08837175085913e-07,-2.70011556121588e-07,5.62067949424431e-07,-2.55151444805337e-16,4.87833482798134e-06,-2.75275713231814e-07,-2.59366469391638e-16,-3.62534588779154e-08,-5.57803069275244e-07,1.71446178095598e-07,1.8296817150017e-16,4.14584929151249e-07,7.25244405923455e-07,-3.95165739129362e-16,-1.36838264020156e-06,-3.02603149196798e-07,-2.0839929210811e-08,5.04489834790262e-17,2.28646294482695e-16,2.80881368587677e-07,8.59306636794523e-08,6.95101885458547e-09,-1.47409461640546e-07,5.07073597477007e-08,-8.56266811452461e-17,-3.89829147243254e-16,1.85051544263032e-07,1.27548793400687e-09,3.2889137127197e-16,4.4691230856064e-07,-7.29462014226099e-17,3.05828219988672e-07,-8.54025778899595e-08,-4.98968989320644e-08,-3.30720190637857e-07,-8.17197826877514e-16,8.58772675807509e-18,3.13333477740077e-17,-4.480552799975e-17,-3.50974161424824e-08,-1.21721860106915e-07,-1.07869292878881e-16,-8.97130625884778e-16,1.69013453295607e-16,1.71227970993028e-07,1.53836924012889e-09,-8.46476002016198e-08,-1.39849755673915e-16,-1.10453096321961e-16,4.19125454828584e-16,-2.73813421424375e-06,1.10898036931975e-07,5.57986299690081e-17,1.94355728397473e-08,-5.08252110523425e-07,2.20504921115841e-16,-7.9681771544441e-17,-2.65216531208968e-07,-2.71712930815199e-09,-1.3132326399946e-07,7.31133873473472e-17,1.47665472596311e-07,2.14973060709064e-07,2.3057088356718e-07,-2.10369050765144e-07,-6.69304524400613e-05,1.21505588794808e-08,1.39297716891837e-16,-4.60048256760875e-17,9.46661705031478e-18,2.30741626650183e-07,-2.08911184382073e-07,-5.94979667809512e-08,-4.67554262387951e-08,-5.32768565752815e-16,-1.85418872463305e-16,1.48605308105413e-16,-2.45274689809217e-17,-1.06168880389578e-16,2.94888699620727e-07,2.45374841462248e-16,1.44365180121565e-16,-3.60657040143231e-08,-1.08989559340646e-16,-3.22841070390168e-08,-1.24294255441479e-16,-4.0023286285244e-08,1.31688575386809e-17,-4.8433507049574e-08,-6.060399739914e-09,-7.31224114051885e-07,-2.8007537250038e-16,1.9443044759981e-07,3.78569343680449e-18,2.75707049656933e-07,-6.41013884852263e-07,2.68122632959842e-09,-1.79878215831856e-16,3.90948408978437e-07,1.89930331386268e-16,-9.60372672833866e-08,-5.42057346523058e-07,1.75225467406603e-15,-5.43972832099769e-17,-1.21292362480132e-16,-5.76631028494325e-17,-1.81890074752685e-09,-2.36830753255862e-08,-5.28763803950207e-09,-1.69636961399321e-17,7.3233338280802e-17,-7.39036994971377e-08,6.02830217660182e-07,-9.25161205736578e-16,-1.17146965621186e-16,-2.40654428860444e-08,7.92392706824032e-17,-1.70520230369869e-07,-1.02664376111541e-15,1.60926789845996e-06,1.59664106789342e-16,-1.83059022206923e-16,-2.99126646616998e-17,1.83256290976085e-16,5.13780302985764e-17,-1.49946410382564e-16,4.08621887526427e-08,-2.85770118165518e-07,1.18272304748416e-16,-1.43351993487949e-07,5.45231016337899e-07,-2.6882408990319e-17,3.06522403689281e-17,-1.55791559571452e-17,-2.33693602055232e-16,5.37259247967596e-08,8.59107227502705e-09,1.87845285592122e-16,8.51602142295278e-17,-9.75454003273627e-08,-3.47958315598592e-07,-6.96775936877054e-09,-7.20473622485155e-18,-3.09551578141118e-16,-8.18189252518027e-17,-1.89019216999476e-16,-4.51375409913231e-16,-2.46784855545843e-16,2.05361070888225e-07,-1.94218056793906e-07,-3.73417763756342e-08,1.93737594841115e-16,-7.52196246651951e-18,2.58270258366836e-16,1.41142985215654e-19,2.26967848334121e-16,2.28093894938765e-16,-8.9286167625859e-17,9.41687404876511e-18,-1.0039016190156e-16,5.50093982071234e-17,1.66672981251038e-16,-6.51149665629947e-16,-6.32492515221569e-18,-1.71434602893128e-16,2.70435593440569e-08,1.5775205150534e-16,-1.32600075368466e-16,-1.63815745473305e-16,3.82690561415683e-07,-3.48448068141734e-09,2.71237902420724e-17,-9.8755437640418e-09,3.49559887504902e-07,7.39334207248159e-17,5.63622639781291e-17,-5.09360661948504e-07,-3.7844223386217e-16,8.59745011700576e-09,-1.43144453262661e-16,-1.90205997383503e-16,1.69491189999186e-16,-4.18916778770157e-16,6.35442414235712e-09,-8.72538807055272e-07,2.78583435592881e-16,1.19922871628983e-15,-4.78050726070924e-17,5.00484554637764e-17,3.92860657200123e-16,-8.65337859028071e-17,1.78119087897535e-16,1.05551933020399e-16,1.38393715199216e-08,1.3001304871797e-18,4.89883391386335e-17,-1.68253692452105e-16,1.51951186804805e-16,-3.01453500465431e-16,-3.6896427176885e-16,-2.06268167135171e-07,1.53211460741202e-16,8.70136392624794e-17,1.53765319221505e-07,-8.47248132641599e-17,-1.91147268053478e-16,-3.51266139722169e-17,-3.00685899942818e-16,1.69287328085932e-07,1.49869639897189e-16,-9.44558380383762e-08,-5.45658873505109e-18,-5.80684781958267e-17,-3.03727825107673e-16,3.25664686461492e-16,-3.98784026414958e-17,-1.55677010745427e-16,3.41093147816331e-09,5.08452147478647e-18,1.52203896504972e-16,2.54358244360167e-08,-4.25589622970659e-07,1.72733415441758e-16,2.98009846739165e-07,4.36416379879975e-08,7.09957308346205e-17,-1.53921895842263e-17,1.10752021842254e-17,-7.68239536129613e-17,3.28186558498991e-16,-7.31646856238869e-08,-4.45639307469586e-16,-2.5250584046677e-16,-6.7254076840798e-17,2.9277387819959e-08,-2.96439645630073e-16,-3.05611674817262e-17,-1.55673255480891e-16,-5.56911547471247e-17,-1.33305493995236e-08,-5.7724273476696e-17,5.302960394782e-09,-1.52391401576204e-17,5.62443297904367e-17,1.72114013950045e-16,4.14015442109295e-17,-1.69609584855675e-17,-9.04214573744305e-17,1.26572102136021e-16,-9.19033585940371e-08,-3.21932152038441e-16,2.18736565419579e-16,3.86264515818676e-08,-5.92393155816239e-16,3.25972088800726e-17,3.70926545389912e-17,9.00757878003925e-17,-1.68563155200898e-16,8.59139792080029e-17,-2.11568889186788e-07,1.2179210691542e-16,1.58853223343162e-17,8.32773524066826e-08,3.88522145137583e-16,-5.3274328948167e-17,-2.20631039255361e-16,1.31780571468668e-16,3.16443468529941e-16,1.29969590432871e-16,9.98699268718754e-17,-2.81974879357132e-16,-4.55307098083973e-17,-2.28673827050276e-17,-5.84526960036076e-17,-4.36300507547604e-08,1.44655918623245e-07,-7.0300701459597e-17,4.50139296659772e-17,-1.35506053259101e-18,-4.41698587133178e-17,2.26923514701216e-16,8.85134209383928e-18,3.12501725747347e-17,-1.10980390114772e-16,-9.47171781224615e-09,1.3061563365943e-16,-1.07226146966885e-17,1.04088872470583e-16,3.16997327622272e-16,1.21204336434996e-08,2.1288390707043e-16,-2.53960428522745e-09,9.34525266414478e-17,-1.14404433408446e-16,-8.50034968291636e-17,2.5814927059482e-17,-9.43071922179921e-17,1.21181985390463e-16,-2.36438046759659e-17,1.45492412803012e-16,-2.12352101998831e-16,-1.43261281375029e-17,-1.42086694109934e-16,-3.63297551648031e-19,6.90207746307677e-17,-1.3061785737857e-16,-1.17743727892078e-16,-3.43469085228964e-16,1.19696350705868e-16,1.10570421633769e-16,-2.49345611344937e-16,8.19951600736871e-18,2.16677804171228e-16,-1.32618544156576e-16,-1.12040976383993e-16,-1.34903112826266e-16,1.01186487363599e-16,9.11727670719032e-10,-2.36076085356309e-16,4.97157595903896e-17,3.50292646697984e-17,-1.47194836969131e-17,-8.81343808292271e-17,-1.02764630057471e-16,1.12135322493805e-16,-7.35296885163107e-17,-8.41871631755679e-17,9.73805957430524e-17,-7.62139917148685e-16,1.50638992846945e-16,1.17232172712364e-16,1.31916389553962e-17,1.79126039035982e-16,1.17956886164399e-16,1.11857354036874e-16,-1.17184104951416e-08,-3.06831230192212e-18,1.11503084962558e-16,-1.47663906592975e-16,1.60823920833216e-16,-3.77220307231157e-16,1.73819174303817e-16,-6.37657810944373e-17,-2.01132087605304e-16,3.08117666616352e-17,2.47961289839416e-09,1.90681770209425e-16,3.92848602672006e-17,6.29255394267023e-17,1.88810730625347e-16,-8.00363821561345e-17,-1.36987179457394e-16,4.12262596558491e-17,-2.01766147642823e-16,-1.92795247437657e-16,-1.34739667508782e-16,-7.08600689121879e-17,6.1297733994394e-18,4.91348311924854e-17,1.24942979796509e-08,-1.04894853471173e-16,-3.06373387856186e-17,3.39418227940358e-17,-6.51063404577545e-16,-3.75859366235039e-08,-1.93565990681988e-16,1.28824492562147e-16,-1.55251303735393e-16,-5.32729690926762e-17,2.93658796401432e-16,1.38004010240234e-17,-2.34629495198317e-16,-1.16300750240552e-16,-1.55167460362708e-16,5.42488825082427e-17,4.44218679607713e-18,8.77488012901766e-17,1.41784503964931e-16,1.59202760243915e-17,-4.1652424593839e-17,1.935922688805e-18,-1.96683680280323e-16
"t164",-0.0077058136302828,0.0227929349864101,0.0260682453001629,-0.00811288992383987,-0.129544568638996,-0.0286372281330379,0.0184438222852497,0.000294884914601532,0.000974212195632639,-0.0021179122660844,-0.000569401737118219,0.00337434205367614,-0.00494059311444296,-0.000480554411826385,-0.00333635562344063,-0.000922270701106225,-0.000857728637549055,0.000359627919475844,-0.000318790350400849,0.000232001307508049,-0.000852947343465309,0.000174825200088254,-0.000364143357240324,0.000753320683931304,-0.000118238764051709,0.00027357876857596,-0.000340352980474224,0.000314082159967241,-0.00269462548709166,0.00668576293397877,-1.5807210417624e-05,2.19911502558085e-05,-0.000935390085190908,0.000148928685938345,-1.86694777671334e-05,-1.96850176091669e-05,-9.01515085764292e-05,5.19924973469043e-06,4.10451813369267e-05,1.06293243168252e-05,0.000490642173285969,-5.42787777837637e-05,5.33602945305034e-05,-4.52042698120088e-05,0.00022868415215331,-0.0771898744022269,1.04613573318013e-06,-3.63176806625064e-05,4.00180021960145e-05,-8.23017400958959e-05,8.5916397487679e-05,-5.25177872318241e-05,7.31694869817085e-08,-2.46196950516395e-05,8.13451199980185e-06,-8.46028056846786e-05,2.73493941031375e-06,-0.000175006247139304,5.90567446081726e-05,-9.66392737386736e-06,-8.59252955256926e-06,9.0240856092236e-06,-0.00236775020565216,-0.000190103391682897,-3.99966253423152e-06,1.67137121936747e-05,-4.51921822260715e-07,1.24857981380761e-05,-2.94423670230444e-05,8.06485382745559e-06,1.97394267376262e-06,-1.45022435660376e-05,4.02105241510196e-06,4.51632963888706e-05,-1.9480099332177e-05,-1.5064627350713e-07,0.000190724013965856,-2.46387757556064e-05,0.000140092431915451,0.000204225481448758,-9.33495622915018e-05,-0.00156976967562323,0.000913653854048867,0.24154911402614,7.63938455497201e-05,0.0023070858070631,-0.000295341756692071,-3.76048874549987e-05,-0.0345657415350658,0.00034129990154253,-5.50959568075933e-05,1.28189120224666e-06,6.21501676699348e-05,-0.000642410548790514,-2.03323245811635e-06,-0.000114200721075643,-1.33973535915068e-05,6.36764544852753e-05,-0.000519686660998705,-0.000129688472630651,-2.67198994629097e-05,2.28631990553159e-06,-3.6154353594372e-05,9.26762235164182e-06,-3.77427959847615e-06,7.32124015536529e-06,-0.000150846760199414,6.29924236399772e-06,-1.56722169355704e-05,5.47472883025645e-08,-7.19247604704756e-06,-0.0847260124938337,-0.000422726986816114,7.02736471725565e-05,-2.2488404005214e-06,0.399792498879766,0.000107791398615602,3.81207079862706e-06,-1.98497180176413e-05,6.03486257335703e-05,-4.61168530447918e-05,6.59381581187411e-05,-6.45309712676219e-05,-0.000177405026946773,1.07866567174282e-05,-0.000112761098838912,1.14984976363358e-05,-1.90539277534522e-05,3.72168917881821e-05,0.00122728669685871,3.92457275709915e-06,0.000117568363709536,-2.24762317308838e-05,-2.87792631215995e-05,1.79474161712916e-06,4.93859363675493e-05,-3.21372238140001e-07,-0.0002614980684494,0.000225041341031295,-0.000703653633375938,-0.00011001379599199,-0.0298918173474469,-0.000574160732514853,-2.47174573535067e-05,-1.29708543128616e-05,1.15864655933156e-06,7.28553425477095e-06,7.20991613052363e-07,6.33981272090248e-08,-2.20160089847768e-07,-6.39509758358387e-06,-1.13587967953185e-06,-4.60830329869265e-06,9.87892380217891e-06,-3.59598324098288e-06,-3.20110708787411e-07,4.87027823767964e-06,-6.74487600934747e-05,-1.85753359227233e-06,-6.23005281011943e-07,-6.26629355446208e-05,7.01972954674583e-06,-4.85411629140034e-06,-0.000137819076916462,0.055634584113512,1.79282794075122e-05,8.03771353970914e-06,1.4041772295717e-07,7.01848876881768e-06,9.95463960119745e-06,-2.36668050277246e-05,-4.18700911181169e-06,5.17804571845747e-07,1.01570460346145e-06,3.38027647920516e-06,4.07027796653705e-07,3.02940284124095e-07,-0.00135126160578546,-6.55373253578857e-06,-4.63057550084834e-05,0.000143381356195204,4.98084901921763e-05,-7.42757580510457e-06,-3.88001391019121e-08,-8.41840393700603e-07,-2.65361274400909e-07,-2.94496839145923e-05,6.79652945361992e-06,3.04680839802193e-05,-5.06119759483901e-05,-8.27492503080766e-07,1.51870257684639e-06,6.03078235247789e-06,1.42473535067941e-08,1.02764258230301e-06,-1.44220690518131e-06,-2.65422606294568e-06,-2.50103250379797e-06,1.57141621948042e-06,6.58905526781543e-07,6.56799957358144e-07,0.000108409912892357,-1.75186765208463e-08,-3.98263824993455e-06,-4.54060315487754e-06,-2.99431351199801e-05,2.89451265500732e-06,2.01131045895575e-05,-2.1239072718471e-05,-1.72886756849321e-07,-8.49681653246453e-05,3.67040792059469e-05,-9.57081247338036e-05,-9.02247281874521e-06,-9.79271959133024e-07,-0.00322599367423429,1.50896196616571e-06,7.12737506839773e-07,-1.28164318976713e-06,-6.3060499706854e-06,-3.42532660333736e-05,5.37611669415437e-05,0.00110289733876951,3.34953983036802e-05,-9.19229666115219e-06,-0.00280350326957306,-3.21274548973288e-05,-3.13987858319779e-06,-4.94227542971704e-06,-3.92863093246371e-06,1.56137500669858e-05,3.20283974822491e-06,1.33795886178874e-06,2.23779981204025e-06,-1.18429089919322e-07,-3.63727527158926e-07,-1.01518734409267e-05,-5.25981428039791e-16,-0.000781210043709906,2.1582786224059e-05,-3.39354181026788e-06,-1.19042975657626e-05,-1.06741769355044e-05,2.39692757996404e-06,-2.43193222547174e-06,1.74515442553868e-05,-2.18034836983978e-07,1.65688138238709e-08,-5.8747587071228e-06,8.7057875274491e-05,-7.48851082980014e-06,0.010141557027303,5.50145168518209e-06,1.24005340859629e-07,-9.71513802207596e-09,5.01456067155196e-07,-5.15926742207179e-07,8.15043130943565e-06,1.41013715927117e-06,-2.75123091238942e-07,6.0687144625535e-06,-1.17765116496669e-06,0.000129248007066776,-1.08753618766683e-05,6.52668325285584e-07,-2.22142817681455e-07,4.96294527966376e-08,1.81997502070956e-05,-7.67405757164763e-06,2.79068343489498e-07,1.11445347300355e-07,-2.4080281866374e-07,3.87647347222174e-06,-4.56862104838282e-06,5.42063128522184e-06,-1.39148326403428e-05,1.0768420726753e-05,-7.84368827120081e-07,9.64717634250818e-06,-6.57364551072852e-07,1.91065955572976e-06,8.34581282015357e-17,-4.70221997820777e-06,-1.61089630539209e-07,-2.80546417319997e-10,-2.43348662303605e-06,2.30583331031234e-07,-1.42841629377509e-07,-6.26514330707313e-07,7.25853101579861e-08,-0.000300723108463102,7.37060319368134e-06,2.8891703167934e-07,-2.59433760404629e-07,3.35447158717505e-06,-4.06092660773394e-06,1.72118639714568e-05,-2.0224261152105e-06,4.45599860376912e-06,1.19058632612476e-07,1.20173365935319e-07,5.30012340662497e-06,-0.00488006183433215,-7.27774443098861e-08,-1.42376166894941e-06,3.03174971221613e-06,-1.16455730912522e-05,9.28813071488395e-07,8.71162926464117e-07,0.000921457371438597,-1.6797297166531e-06,-8.20134108948136e-07,1.29877581667256e-06,-4.57911481552141e-06,1.13794284018166e-07,1.06710697875195e-06,-2.09981842223368e-06,2.56167453094582e-16,6.66266263803265e-09,5.33892758066444e-06,-4.87253019152692e-07,1.89776775023145e-06,3.20794564480337e-07,4.96787980017852e-07,1.15704039250607e-06,-1.700693623299e-05,6.38067613273442e-06,1.2870113381223e-15,-5.00355403924161e-06,-7.97084722146695e-06,-1.72166971833838e-07,1.08449900272826e-06,1.31900165827251e-06,-8.99764542962755e-08,-3.49773046302726e-06,9.4381586125308e-07,-6.10016956896891e-06,6.30068889102857e-06,-0.000774886709208848,-2.38181047135529e-06,-1.27273709893814e-07,-2.42437707004012e-08,-2.44434485954334e-06,1.96731630617344e-06,-2.71305852200975e-06,-5.84211101833645e-16,-1.14969844320295e-05,9.23526260243287e-07,2.6621765598041e-08,2.51639131728874e-07,-6.29734209292445e-06,-1.59107729951254e-05,1.15840046463712e-05,-4.28069612430316e-05,-1.70417894199825e-06,-3.04338580572534e-15,-3.43024749638545e-06,-1.86403738448572e-06,-5.38578526622147e-06,-3.44490960140312e-15,1.33769514880269e-05,2.78455894336175e-05,-4.46005490599719e-06,-1.40343358168138e-05,-5.90950707555048e-06,-4.0003114320971e-06,-0.000182659202699542,4.5268893877048e-05,0.439186187729672,-4.37786667743674e-06,-5.44038911316524e-06,-1.00377468637727e-05,1.31106466742551e-15,1.55644860434454e-06,-3.47874739942331e-06,-0.00153516218074246,1.05679820294295e-06,1.64786388915176e-15,4.65688565373126e-07,1.24644022016164e-08,-3.7284820874969e-07,-0.223506461934606,9.30213211054098e-07,-4.4104104414756e-07,1.04963810035286e-06,2.92429745056082e-07,-1.0064004446454e-15,1.76881832352215e-06,-4.60214363845257e-07,1.34671934670064e-06,2.51395412068973e-06,-2.56560535068828e-07,-1.74872768960967e-09,2.67667832343221e-15,-5.07389903090426e-15,-1.82415694940162e-09,-3.25953319438149e-07,4.32457924156114e-08,-3.43849050737391e-07,-5.95121373451867e-14,-1.76331473740288e-07,-2.14486605251027e-09,0.707106781186549,1.72246090899123e-14,3.61872310234901e-14,4.99640248128344e-07,1.50145315298413e-06,-0.00111603582812135,1.18586593048425e-06,5.96462111383857e-07,1.28315498606345e-06,-7.39920946228427e-07,2.03168402246996e-15,-1.68824635034044e-07,4.79331613218498e-07,-6.41823625934648e-15,-7.40836947390846e-15,-3.11314913803965e-07,-1.27481386079849e-10,-1.86857836415848e-07,7.7101613907544e-07,1.86834789523482e-07,-5.28668204970635e-08,1.81579099045039e-15,-1.78096165913637e-07,1.66048059216451e-15,-6.09975313095052e-07,2.18230923783314e-15,-2.11963039728244e-07,-5.55255201876379e-16,8.10021944822736e-05,2.27222359873688e-07,7.27841985046344e-08,9.58272956461533e-07,6.29151922668401e-07,-7.24433359970058e-08,4.60606876330729e-07,1.21270830606459e-07,5.89953912201039e-07,5.44535155745312e-08,1.62906491917918e-07,-4.60249348040403e-07,-5.97541335762303e-07,-4.85915735541251e-08,-2.2150521575671e-07,-8.74002792716542e-16,2.08031917829305e-06,-3.59695497607976e-07,9.48170483113973e-05,-7.55728703456275e-17,2.48444365093509e-08,6.75186236506244e-07,2.41767150767291e-06,-1.25910223668197e-16,-7.7624575591421e-07,-3.12343733851293e-07,1.05232853088725e-15,-4.13210576252486e-07,1.22844758878753e-06,4.10578565647327e-16,2.73859464930224e-16,-4.51825019739563e-08,-1.83275280962408e-07,-1.04569058111705e-09,-1.4532648728598e-06,3.87439000575703e-07,1.50924550422076e-07,1.09890812374166e-07,0.00012329571193331,-2.28729607718324e-06,1.43223106985335e-16,6.25899902368232e-09,3.25506535796478e-09,8.99438272355941e-09,8.43024057008443e-07,4.93420371954941e-17,-3.66819098657876e-16,2.77921038653457e-07,4.75711246998359e-16,4.12898592536256e-16,0.000856546425515513,-1.82517351010863e-06,-4.53580860904271e-07,-1.92422453539657e-08,1.20565795490987e-05,2.32842357588458e-06,6.5566607675148e-08,1.75039143917871e-17,1.54069172662702e-07,7.20451464591009e-09,3.30718181357899e-08,-4.41346315859797e-07,1.74676531856346e-06,1.27424654989419e-15,8.00712865976776e-17,4.36616677515217e-16,-1.15785658854903e-07,-7.36174393245676e-08,-3.23934118152866e-07,-3.4534577363307e-14,-5.65146354160415e-08,-1.37945248836991e-15,-2.08420234281762e-16,7.01659205145389e-06,-1.54070554895661e-07,4.13731549020468e-16,-3.79482572010946e-07,-2.59459565876015e-07,8.50819787434215e-16,6.81693444556761e-05,-2.58450319086858e-17,1.56769131833676e-07,3.45381901367166e-16,1.56433236180459e-07,1.3542720940055e-06,6.49084969455632e-08,4.6144447244264e-08,3.16926713908472e-07,-2.09858525407054e-07,4.38406666338881e-07,-1.26087519279735e-16,3.821361146565e-06,-2.15729067466693e-07,8.19969501398182e-17,-2.8428093217291e-08,-4.37869649027707e-07,1.34712466935975e-07,1.85434516243458e-16,3.26803379235948e-07,5.72043042212937e-07,6.26505168785187e-18,-1.08021503602401e-06,-2.3897467782906e-07,-1.64824589771564e-08,-1.50550056113946e-16,2.31061323086079e-16,2.22918997735613e-07,6.82963204504277e-08,5.52617668923409e-09,-1.17904221770175e-07,4.05965623128191e-08,-5.89193813394797e-17,2.87420146156014e-16,1.48249996677187e-07,1.0219134061634e-09,-1.16485098535061e-16,3.58454891520234e-07,-4.95422438502128e-17,2.455520846748e-07,-6.8667697312436e-08,-4.01234692644444e-08,-2.66045477161535e-07,-4.35309730199044e-16,-1.04586332330397e-16,1.38662242712019e-16,-1.9573630672317e-17,-2.83318408352595e-08,-9.82855283515608e-08,-1.36467698836972e-16,2.9696132579284e-16,4.14866473879965e-17,1.38398675989268e-07,1.24395755784339e-09,-6.85276393445696e-08,-6.41795554434168e-17,3.26792087314287e-16,-3.6239457615328e-17,-2.22528728779393e-06,9.01388447054679e-08,1.36109005840058e-16,1.5820644298137e-08,-4.13962707620761e-07,-1.53602947042921e-16,1.32601535436104e-16,-2.16311277022841e-07,-2.21634030284212e-09,-1.07204880622868e-07,5.35722868160353e-16,1.20705221715678e-07,1.75850928800284e-07,1.8879855141675e-07,-1.72489156684911e-07,-5.48983958324134e-05,9.97293070208011e-09,-4.76538472047877e-16,-8.37947034005456e-16,5.2024043624164e-16,1.90096431061014e-07,-1.72121104742593e-07,-4.90429969992431e-08,-3.86292375492072e-08,8.21355576520453e-16,7.16604135519592e-17,4.20057549085404e-16,1.40178402332378e-16,-1.75526016135111e-16,2.44216851889949e-07,-4.3083997998971e-16,6.10442389750866e-17,-2.9895816332787e-08,-2.82944308565579e-16,-2.67624552435367e-08,1.91841364496392e-16,-3.31806981330425e-08,1.18051015153619e-16,-4.02162398781773e-08,-5.0340544024578e-09,-6.07732213154905e-07,2.19351023851335e-16,1.6170595987914e-07,7.28814689967112e-17,2.29646791332634e-07,-5.34950951216505e-07,2.23777243996175e-09,1.37309612897084e-16,3.26538790656311e-07,-3.71210814141173e-16,-8.03113475467307e-08,-4.5332304378163e-07,-3.57140231859292e-16,6.16349209379512e-17,1.05646631549031e-16,2.90206073149782e-17,-1.52264037211318e-09,-1.9830709972385e-08,-4.42885552454967e-09,8.46277131673158e-17,-6.80945626983252e-17,-6.198842526395e-08,5.05669259153992e-07,-1.61398049006091e-15,2.30160303510713e-17,-2.02217551754395e-08,5.84281807141619e-19,-1.43337554176309e-07,6.43207714275822e-16,1.35415941819399e-06,1.87096085062033e-16,-2.40935327005351e-16,8.04797500372027e-17,-9.96396607405194e-17,-2.03718688770802e-17,1.57190666922436e-16,3.44568967778449e-08,-2.40981192978501e-07,-1.67897476386176e-16,-1.20971715789716e-07,4.60247193805818e-07,-2.30360199209844e-16,2.29223924442523e-17,8.85756239213518e-17,-1.62865231583096e-16,4.54100515101587e-08,7.26347452114306e-09,-1.87946424355308e-16,-1.25522253690594e-16,-8.24986846273856e-08,-2.9429714281887e-07,-5.89406186577926e-09,-1.34869594951857e-16,1.40573099381222e-16,8.59689724145788e-17,9.52463331041244e-17,2.08689547406542e-17,1.32115928233823e-17,1.74118521294867e-07,-1.64705927971777e-07,-3.1674263339834e-08,-8.7988200568272e-17,1.62862594159109e-17,-4.0933887236567e-16,8.31415781039637e-17,-1.12306987346629e-16,1.36757732344399e-16,-4.31493958063796e-17,-1.62783424104493e-16,-8.24774311303143e-17,2.48513016686708e-17,7.11585122801252e-17,1.7397499778175e-16,8.46003966704334e-17,-1.14714435452968e-16,2.30193873329608e-08,5.65415988362187e-17,2.97378847426922e-16,-1.88012810634621e-17,3.25892908197868e-07,-2.9676357375761e-09,5.40788664889117e-17,-8.4112708181532e-09,2.97894728836823e-07,9.81117874621514e-17,3.19797703297964e-16,-4.34374416726337e-07,7.19909336652835e-16,7.33786828058744e-09,-1.21990657847281e-16,-1.23675619124903e-17,1.73212829692643e-17,-8.45100475145743e-16,5.43049326660112e-09,-7.45737097911108e-07,-4.36679567261453e-16,6.81390839788265e-18,1.7617150326629e-16,-9.95427938537523e-17,3.08997619158369e-16,-7.34311074616808e-17,-5.27432888236012e-17,7.59710609086276e-17,1.18802931158322e-08,1.69147286954385e-18,-1.8052227294134e-16,-3.93344724045975e-17,8.93531681661158e-17,-2.17216071791043e-17,2.34479397995425e-16,-1.77232375446289e-07,-1.58365154989258e-16,3.99411924784148e-17,1.3214249106862e-07,1.6213884780006e-16,3.56524946631207e-16,-2.82790959190749e-17,-1.82269494860317e-17,1.45766884160678e-07,-1.32521313177929e-16,-8.13605209379323e-08,-1.4901652887622e-16,2.05277159883903e-16,-7.6409874909251e-17,1.31219167815084e-16,-1.02076275458856e-16,2.12904337865841e-16,2.94010814955861e-09,-2.95669574371949e-16,-2.57048860285584e-16,2.19365838505671e-08,-3.67050580386595e-07,-7.27113022339985e-17,2.57137228301046e-07,3.76615129089335e-08,-1.76324429571276e-16,-8.46484072053891e-17,-1.76303219514494e-17,5.51894714852916e-17,-7.70064347174141e-18,-6.32717913683452e-08,1.91773650161025e-16,2.25706267226615e-16,-1.68492004553794e-17,2.53321810497043e-08,-1.43419861967363e-16,8.36957800278277e-17,2.42998095828138e-16,3.72346452862046e-17,-1.15423086417844e-08,7.71464920444875e-17,4.59257799357464e-09,7.34860367553236e-17,-1.15486027636331e-17,1.71105701723514e-16,1.43259562427339e-16,-7.24996224469147e-18,3.8476918056357e-17,-3.07462371603808e-17,-7.96821639245724e-08,1.23406657945362e-17,1.91436813918535e-16,3.34992889385205e-08,1.39582622752815e-16,-2.56570721904616e-16,-1.76844933401905e-16,1.08110221150537e-16,-6.10261455576152e-17,-6.09501642537911e-17,-1.83645592340937e-07,2.3039458760318e-16,9.04045990151592e-17,7.23142316979675e-08,3.06083157755989e-16,-1.73129567510653e-16,3.76910824473491e-16,-1.24494356357747e-17,-2.43527590458577e-16,5.44495644815937e-16,-1.36767221352145e-16,2.02090876151425e-16,1.4247796426023e-16,1.10371070742252e-16,1.03155781070977e-16,-3.79400123431969e-08,1.25811747230053e-07,-2.06771155255296e-17,6.07208497264644e-17,4.70860078075458e-17,-1.17509075192976e-16,2.82434665932474e-16,1.23321937327013e-16,1.39079619512622e-17,2.58990245125686e-17,-8.2450613662065e-09,-1.03450804236595e-16,-6.01628409584941e-17,-2.23181764994616e-16,2.68198051864849e-16,1.05585311651275e-08,-1.25598368633135e-16,-2.21416199886468e-09,8.57173826614303e-17,1.07729166300674e-16,1.86502123875958e-16,2.64854515497511e-17,1.44074743527444e-18,-1.06785406833591e-16,-9.36483755522035e-17,1.88343679282619e-16,9.36665162219999e-17,1.5496986738801e-17,-6.59698275635811e-17,5.41789336390952e-17,-9.12491706001501e-17,-1.24376620694619e-16,-1.11767206827326e-16,3.94187201397296e-17,-1.03209899869031e-17,-3.30524052854679e-16,1.36278805560959e-16,4.67425737158787e-18,1.59052458703624e-16,1.13325789473922e-16,4.52823515096545e-17,1.58966609365695e-16,-5.03289441113446e-17,7.97257615398327e-10,4.65579327398503e-16,5.5657224407351e-17,9.3207906574517e-18,9.2583316729308e-17,1.8353285375341e-16,-8.33862258872596e-17,-8.65816988192307e-17,-1.34523476362784e-16,7.84822820103006e-17,8.94834345458891e-17,9.15066633577766e-17,2.48390946715462e-16,-5.75077395014139e-17,-1.49858654473285e-16,1.43485075559923e-16,-1.38895517736479e-16,-4.96167170831056e-17,-1.02671307347215e-08,-7.61883483592136e-18,-7.80364809792051e-17,2.50200426732185e-16,1.53454797696041e-16,4.14826024467886e-16,3.80958445932787e-17,9.78227019133855e-17,3.51188987702421e-17,-1.74599147634778e-17,2.1767893172532e-09,1.12746962088248e-16,1.68798616358029e-16,-1.94286601035618e-17,-7.10159979853669e-17,-2.65155202639464e-16,1.58418290270435e-16,-9.90609341517537e-17,2.23042226186544e-16,3.46888318169034e-18,2.23586158455548e-16,5.30076069684463e-17,1.10620061128839e-16,-1.97932906580149e-16,1.09895353533625e-08,1.39822833845422e-16,6.02111628280925e-17,-5.91890932965444e-17,2.66822154648683e-16,-3.30883316013184e-08,1.82421628597283e-16,-1.10284450350835e-16,1.05724537746783e-16,1.40294259363506e-16,-2.78726299520213e-16,-3.62707293864018e-17,2.11518940713111e-16,2.56467598898201e-17,-7.1369729908807e-18,3.6537344711271e-17,8.80953255006883e-17,4.48897020111289e-17,-1.2161842746707e-17,-1.36715485037963e-16,3.16238179213391e-17,1.54346918599561e-17,-2.4271531623318e-16
"t38",-0.0077058136302828,0.0227929349864101,0.0260682453001629,-0.00811288992383987,-0.129544568638996,-0.0286372281330379,0.0184438222852497,0.000294884914601533,0.000974212195632631,-0.0021179122660844,-0.000569401737118237,0.00337434205367614,-0.00494059311444296,-0.00048055441182638,-0.00333635562344063,-0.00092227070110622,-0.000857728637549054,0.000359627919475853,-0.000318790350400852,0.000232001307508047,-0.000852947343465316,0.000174825200088238,-0.00036414335724032,0.000753320683931299,-0.000118238764051707,0.000273578768575957,-0.000340352980474224,0.000314082159967247,-0.00269462548709167,0.00668576293397878,-1.58072104176235e-05,2.19911502558154e-05,-0.000935390085190915,0.000148928685938337,-1.86694777671308e-05,-1.96850176091339e-05,-9.0151508576433e-05,5.19924973469541e-06,4.10451813369266e-05,1.06293243168098e-05,0.000490642173285976,-5.42787777838011e-05,5.33602945305009e-05,-4.52042698120032e-05,0.000228684152153319,-0.0771898744022269,1.04613573320472e-06,-3.63176806624982e-05,4.00180021960263e-05,-8.23017400959212e-05,8.59163974876714e-05,-5.25177872317896e-05,7.31694869986457e-08,-2.4619695051666e-05,8.13451199976092e-06,-8.46028056846416e-05,2.73493941033228e-06,-0.000175006247139265,5.9056744608283e-05,-9.66392737382853e-06,-8.59252955255702e-06,9.02408560923005e-06,-0.00236775020565213,-0.000190103391682909,-3.99966253430536e-06,1.67137121936657e-05,-4.51921822285721e-07,1.24857981381929e-05,-2.94423670229925e-05,8.06485382747376e-06,1.97394267371002e-06,-1.45022435660085e-05,4.02105241509367e-06,4.51632963888768e-05,-1.94800993321305e-05,-1.50646273562139e-07,0.000190724013965856,-2.46387757556299e-05,0.000140092431915347,0.000204225481448737,-9.3349562291487e-05,-0.00156976967562323,0.000913653854048859,0.24154911402614,7.6393845549774e-05,0.00230708580706312,-0.000295341756692039,-3.7604887455014e-05,-0.0345657415350657,0.000341299901542557,-5.50959568074979e-05,1.28189120216643e-06,6.21501676700876e-05,-0.000642410548790495,-2.03323245801981e-06,-0.000114200721075599,-1.3397353591429e-05,6.36764544854626e-05,-0.000519686660998324,-0.000129688472630868,-2.67198994626053e-05,2.2863199055243e-06,-3.61543535943989e-05,9.26762235176971e-06,-3.77427959843708e-06,7.32124015551995e-06,-0.000150846760199421,6.29924236415488e-06,-1.56722169355746e-05,5.4747288441505e-08,-7.19247604673503e-06,-0.0847260124938331,-0.000422726986816108,7.0273647172573e-05,-2.2488404005212e-06,0.399792498879766,0.000107791398615461,3.812070798491e-06,-1.98497180175299e-05,6.03486257335668e-05,-4.61168530449819e-05,6.59381581188245e-05,-6.45309712675519e-05,-0.000177405026946683,1.07866567173382e-05,-0.000112761098839052,1.14984976362521e-05,-1.90539277533727e-05,3.72168917881386e-05,0.00122728669685876,3.92457275698383e-06,0.000117568363709323,-2.24762317312313e-05,-2.87792631217226e-05,1.79474161705307e-06,4.93859363672979e-05,-3.21372238114819e-07,-0.000261498068449176,0.000225041341031383,-0.000703653633376359,-0.000110013795992046,-0.0298918173474472,-0.000574160732514853,-2.47174573535282e-05,-1.297085431309e-05,1.15864655941569e-06,7.2855342547971e-06,7.20991612905579e-07,6.33981272215839e-08,-2.201600897885e-07,-6.39509758364935e-06,-1.13587967961708e-06,-4.60830329866849e-06,9.87892380184562e-06,-3.59598324082812e-06,-3.20110708669049e-07,4.87027823786299e-06,-6.74487600935441e-05,-1.8575335925411e-06,-6.23005281040302e-07,-6.26629355447503e-05,7.01972954649332e-06,-4.85411629123211e-06,-0.000137819076916108,0.0556345841135134,1.79282794077618e-05,8.03771353946475e-06,1.40417722899703e-07,7.01848876870159e-06,9.95463960094689e-06,-2.36668050276459e-05,-4.1870091116683e-06,5.1780457179305e-07,1.01570460345874e-06,3.38027647941499e-06,4.07027796673937e-07,3.02940284067185e-07,-0.00135126160578574,-6.55373253571614e-06,-4.63057550085113e-05,0.000143381356195076,4.98084901921363e-05,-7.42757580517809e-06,-3.88001389557564e-08,-8.41840393647783e-07,-2.6536127431154e-07,-2.94496839146305e-05,6.79652945343879e-06,3.04680839802325e-05,-5.06119759483798e-05,-8.27492503250842e-07,1.51870257632413e-06,6.03078235262088e-06,1.42473531170073e-08,1.02764258207428e-06,-1.44220690487677e-06,-2.654226062958e-06,-2.5010325036278e-06,1.57141621957829e-06,6.58905527007967e-07,6.56799957405552e-07,0.000108409912892618,-1.75186764837856e-08,-3.98263824994945e-06,-4.54060315569738e-06,-2.99431351198151e-05,2.89451265452785e-06,2.01131045896165e-05,-2.12390727184866e-05,-1.72886756834215e-07,-8.49681653245521e-05,3.6704079205992e-05,-9.57081247336794e-05,-9.02247281849599e-06,-9.7927195880462e-07,-0.00322599367423344,1.50896196673115e-06,7.12737506867904e-07,-1.28164318984868e-06,-6.30604997101371e-06,-3.4253266033773e-05,5.37611669412138e-05,0.0011028973387694,3.34953983037533e-05,-9.19229666113506e-06,-0.00280350326957345,-3.21274548972542e-05,-3.13987858325868e-06,-4.94227542942821e-06,-3.92863093256069e-06,1.56137500672606e-05,3.20283974817135e-06,1.33795886176429e-06,2.23779981218181e-06,-1.18429089779568e-07,-3.63727527608322e-07,-1.01518734410185e-05,-3.91388029225069e-16,-0.000781210043711917,2.15827862236214e-05,-3.39354181019065e-06,-1.19042975656105e-05,-1.06741769352436e-05,2.39692758019074e-06,-2.43193222554509e-06,1.74515442554158e-05,-2.18034836886227e-07,1.65688141401233e-08,-5.8747587071009e-06,8.70578752750885e-05,-7.48851082991573e-06,0.0101415570273027,5.50145168550677e-06,1.24005340270838e-07,-9.71513830049908e-09,5.01456067058559e-07,-5.15926742611788e-07,8.15043130949461e-06,1.4101371595627e-06,-2.75123091371268e-07,6.06871446244292e-06,-1.17765116468882e-06,0.000129248007067267,-1.08753618768743e-05,6.52668325368174e-07,-2.22142817591943e-07,4.96294528930475e-08,1.81997502070088e-05,-7.67405757158017e-06,2.79068344022416e-07,1.11445347107605e-07,-2.40802818917168e-07,3.87647347241298e-06,-4.56862104828914e-06,5.42063128519701e-06,-1.3914832640266e-05,1.07684207265844e-05,-7.84368827167551e-07,9.64717634231576e-06,-6.57364551138687e-07,1.91065955693238e-06,2.35716931402966e-16,-4.7022199781437e-06,-1.61089631094977e-07,-2.8054618622139e-10,-2.43348662304576e-06,2.30583330943815e-07,-1.42841629189168e-07,-6.26514330653281e-07,7.25853103394975e-08,-0.000300723108463247,7.37060319380639e-06,2.88917031430284e-07,-2.59433760749164e-07,3.354471587395e-06,-4.06092660810501e-06,1.72118639710911e-05,-2.02242611526383e-06,4.45599860418567e-06,1.19058632623251e-07,1.20173365816292e-07,5.30012340664379e-06,-0.00488006183433166,-7.27774445079577e-08,-1.42376166890122e-06,3.03174971226543e-06,-1.16455730914787e-05,9.28813071125326e-07,8.71162926854733e-07,0.000921457371435764,-1.67972971569784e-06,-8.20134108367419e-07,1.29877581694551e-06,-4.57911481606351e-06,1.13794285176844e-07,1.0671069793878e-06,-2.09981842237863e-06,-4.43809705575574e-16,6.66266296444925e-09,5.33892758106341e-06,-4.87253019244307e-07,1.89776775054902e-06,3.20794565446714e-07,4.96787981156148e-07,1.15704039224053e-06,-1.70069362327373e-05,6.38067613240305e-06,4.4360822285232e-16,-5.00355403953967e-06,-7.97084721834083e-06,-1.72166971893938e-07,1.08449900228003e-06,1.31900165756183e-06,-8.99764552033486e-08,-3.49773046226482e-06,9.43815861614839e-07,-6.10016956926563e-06,6.30068889125948e-06,-0.000774886709208539,-2.38181046985517e-06,-1.27273709987471e-07,-2.42437711688579e-08,-2.44434486040841e-06,1.96731630620366e-06,-2.71305852212364e-06,7.40724214215533e-16,-1.14969844319841e-05,9.23526260958102e-07,2.66217662059525e-08,2.51639131161112e-07,-6.29734209338521e-06,-1.59107729962374e-05,1.1584004644739e-05,-4.28069612440319e-05,-1.70417894170927e-06,-4.72535288563091e-15,-3.4302474987307e-06,-1.8640373837684e-06,-5.38578526675329e-06,7.24734006650926e-15,1.33769514895936e-05,2.78455894346066e-05,-4.46005490645524e-06,-1.40343358173071e-05,-5.90950707445274e-06,-4.0003114317951e-06,-0.000182659202699738,4.526889387742e-05,0.439186187729672,-4.37786667740039e-06,-5.44038911353071e-06,-1.00377468630833e-05,-3.12335485350194e-16,1.55644860327789e-06,-3.47874739956231e-06,-0.00153516218074018,1.05679820170588e-06,1.98317855386888e-15,4.65688565021946e-07,1.24644014478791e-08,-3.72848210949164e-07,-0.223506461934612,9.30213204299223e-07,-4.41041036186543e-07,1.04963809866415e-06,2.92429744021582e-07,8.1253666620329e-17,1.7688183211265e-06,-4.60214366533726e-07,1.34671934732415e-06,2.51395412525276e-06,-2.56560534146772e-07,-1.74872929783101e-09,-1.32185928869433e-15,3.55504516764513e-15,-1.8241589901086e-09,-3.25953310442909e-07,4.32458052756652e-08,-3.43849017441877e-07,6.21894023437143e-14,-1.76331437797746e-07,-2.14485765244286e-09,-0.707106781186547,-1.73591104494432e-14,-3.62411637944089e-14,4.99640236822133e-07,1.50145314338934e-06,-0.00111603582815508,1.18586592817056e-06,5.96462109149001e-07,1.28315498642433e-06,-7.39920938623607e-07,-3.23748244663647e-15,-1.68824639665021e-07,4.79331611943764e-07,6.92313352496547e-15,6.32179450058917e-15,-3.1131491236872e-07,-1.27459332881674e-10,-1.86857827965436e-07,7.71016138652843e-07,1.86834789678498e-07,-5.28668056178386e-08,-5.74983220097354e-16,-1.78096163914366e-07,-1.06971409663427e-15,-6.09975311648006e-07,-8.39985633133145e-16,-2.11963044262211e-07,-1.59140858860622e-16,8.10021944834866e-05,2.27222358762631e-07,7.2784208503032e-08,9.58272954667938e-07,6.29151922195448e-07,-7.24433392306734e-08,4.60606877167122e-07,1.21270832650729e-07,5.89953914758039e-07,5.44535065538895e-08,1.6290649444515e-07,-4.60249349281518e-07,-5.97541335221551e-07,-4.85915781903411e-08,-2.21505214833779e-07,5.77078881776391e-16,2.08031917946313e-06,-3.59695496919045e-07,9.48170483144072e-05,2.078949978342e-16,2.48444407682559e-08,6.75186235789312e-07,2.41767150861714e-06,-2.12331335647918e-16,-7.762457563898e-07,-3.12343738296472e-07,-1.27421098626891e-15,-4.13210574776359e-07,1.22844758893144e-06,-4.03114388478944e-16,-7.21949141601094e-16,-4.51825026410834e-08,-1.83275282329326e-07,-1.04569078445233e-09,-1.45326487011059e-06,3.87438999134893e-07,1.50924550838369e-07,1.09890812719003e-07,0.000123295711933548,-2.28729607736808e-06,6.89932052461151e-16,6.25899922371070e-09,3.25506529262169e-09,8.99438095374649e-09,8.43024056953254e-07,-8.13534049619029e-16,7.42816874434549e-16,2.77921038621922e-07,-3.28180313264247e-16,4.35342873945755e-17,0.000856546425517914,-1.82517350978307e-06,-4.53580861555679e-07,-1.92422457805324e-08,1.2056579551464e-05,2.32842357602378e-06,6.55666072363387e-08,-6.45006202822912e-17,1.5406917250691e-07,7.20451588214897e-09,3.30718167973234e-08,-4.41346315879176e-07,1.74676531794308e-06,-6.46614735987505e-16,5.93881942881433e-17,1.42127556864261e-15,-1.15785659522855e-07,-7.3617438926267e-08,-3.23934118892204e-07,-3.4804254597738e-14,-5.65146356702647e-08,-1.73142046208216e-16,4.2761511737709e-16,7.01659205110931e-06,-1.54070555531375e-07,-2.91867224833098e-16,-3.79482571478198e-07,-2.59459566248136e-07,1.91008226577665e-16,6.81693444536262e-05,-1.31864750164787e-16,1.56769132387037e-07,-4.45001740217982e-17,1.5643323597696e-07,1.35427209486924e-06,6.4908496904312e-08,4.61444465096238e-08,3.16926713641836e-07,-2.09858524891787e-07,4.38406666544249e-07,4.69930752543802e-16,3.82136114656547e-06,-2.15729068016029e-07,-1.12167866059565e-16,-2.8428092446519e-08,-4.37869648743501e-07,1.34712466302744e-07,-1.92444105363924e-16,3.26803378532879e-07,5.72043041723695e-07,3.19065032227617e-16,-1.08021503595292e-06,-2.38974678441975e-07,-1.64824586812064e-08,2.86065805060601e-16,-4.55925640354148e-16,2.22918997551402e-07,6.82963204444366e-08,5.52617653638642e-09,-1.17904220846958e-07,4.05965616857137e-08,3.38778962873854e-17,7.64208093778464e-17,1.48249996592106e-07,1.02191328665138e-09,-1.22728862806688e-16,3.58454890847509e-07,6.09191912803907e-17,2.45552083997277e-07,-6.86676985608442e-08,-4.01234695001784e-08,-2.66045476709106e-07,-5.79029262028141e-16,1.72510642713398e-16,-2.99953109308994e-16,-2.07678385978675e-16,-2.83318412583553e-08,-9.82855282537633e-08,2.31252713832949e-16,6.2204489058692e-16,-1.74546350645293e-16,1.38398675598041e-07,1.24395741545067e-09,-6.8527638924779e-08,2.4701694402091e-16,2.02827121417726e-16,1.10425991267649e-16,-2.22528728764896e-06,9.0138845526827e-08,-2.33992869326601e-17,1.58206433489176e-08,-4.13962707880562e-07,-2.02645370584302e-16,-7.67143365789109e-17,-2.16311276646482e-07,-2.21633983520716e-09,-1.07204881287184e-07,2.03366834379474e-16,1.2070522148474e-07,1.75850928543859e-07,1.88798551647474e-07,-1.72489156372422e-07,-5.48983958324139e-05,9.97293045931262e-09,-1.02629245267296e-16,7.92234810955882e-16,-6.18859721523139e-16,1.90096431642349e-07,-1.72121104258509e-07,-4.90429973628413e-08,-3.86292371892291e-08,7.35225878311849e-16,9.44397495167247e-17,-3.35125610846249e-17,-5.0947829084289e-17,-5.19963501180236e-16,2.44216851887726e-07,5.79013768696478e-16,-3.07287165207991e-16,-2.98958159353784e-08,3.00812863709938e-16,-2.67624550693696e-08,-4.3173200862192e-17,-3.31806984081407e-08,-9.66647138666318e-17,-4.02162408544985e-08,-5.03405471901169e-09,-6.07732211141966e-07,5.57595126609814e-17,1.61705960023742e-07,5.17452340836517e-17,2.29646791145381e-07,-5.34950950684036e-07,2.23777225479203e-09,2.74434055869216e-16,3.26538790404913e-07,4.31325882086575e-16,-8.0311347296671e-08,-4.53323043628638e-07,-3.54578525839877e-16,-9.39660560621568e-17,-6.76271681153461e-17,1.06776072396239e-16,-1.52264033443595e-09,-1.98307097378203e-08,-4.42885496313572e-09,-1.98702229693654e-16,4.7939796802068e-17,-6.1988425505553e-08,5.05669260433134e-07,1.00861756432164e-15,5.21602889665987e-17,-2.0221754740595e-08,-7.51394992397957e-17,-1.4333755428455e-07,3.84179119996577e-16,1.35415941816879e-06,-2.68371874411026e-16,3.56883435015213e-16,2.32517372089376e-17,-1.71671963960066e-16,-3.86012243865995e-17,-6.34444751783981e-17,3.44568961966999e-08,-2.40981192407607e-07,-1.26714992300779e-16,-1.20971715697531e-07,4.60247193571805e-07,6.57806093634442e-17,1.10655424466757e-16,7.03447154612905e-17,-8.99882506034559e-17,4.54100514648812e-08,7.26347456766428e-09,1.05129455167883e-16,-5.20497942771038e-17,-8.24986848165569e-08,-2.94297142976652e-07,-5.8940615950891e-09,1.77997813047624e-16,1.2340729755256e-16,-3.4512602298978e-17,8.92465264789239e-17,-1.05947282393676e-16,1.25103956666866e-16,1.74118521116396e-07,-1.64705928616919e-07,-3.16742634187892e-08,-3.41933169109998e-17,8.52337178115694e-17,4.15665038002843e-16,-1.78671198729696e-17,-5.70561472730726e-17,1.80451099088694e-16,3.82210382800528e-17,8.91428615005217e-17,1.07694938840057e-16,-7.09393295756436e-17,-1.10580042998795e-16,2.20465158907545e-16,-7.91240610030174e-17,2.54963621440033e-16,2.30193883191774e-08,1.33734091184718e-17,1.51662074077803e-16,9.53959357288738e-17,3.25892908838792e-07,-2.96763624904138e-09,7.47147277190954e-17,-8.41127157535759e-09,2.97894729163736e-07,-1.91439861650312e-16,2.1763491634501e-16,-4.34374416849746e-07,-2.11750895146779e-16,7.33786843441918e-09,5.84576720444269e-17,1.33960630384272e-16,-1.0314257994637e-16,2.05637415071209e-16,5.43049375132408e-09,-7.45737098130793e-07,3.01255544349268e-16,-2.19998019659913e-17,3.78740169776262e-17,9.74478512729608e-18,-1.458251921993e-17,1.21102148081453e-16,-8.14521811577939e-17,1.3972019532281e-16,1.18802929381582e-08,-1.63186127170068e-17,7.2424451568923e-17,1.40704427502928e-16,-2.91188568088109e-16,-2.50746481584538e-18,-1.28003269584367e-16,-1.77232375433029e-07,3.23360357625622e-16,-3.18591202968784e-17,1.32142491142346e-07,-2.1411239528683e-16,-6.08151028071812e-19,1.06840671795103e-16,2.5120033226051e-17,1.45766884127908e-07,6.2416671298175e-17,-8.13605210968932e-08,1.998285684826e-16,-5.37038594358969e-18,1.04929701635296e-16,6.53462625400643e-17,6.38934483122947e-17,-3.25076791766304e-16,2.94010800639268e-09,-4.42574983499454e-17,5.477228269822e-17,2.19365832865054e-08,-3.6705058069194e-07,5.87499029765327e-17,2.57137228286145e-07,3.76615124495147e-08,1.08534890980084e-16,-1.04597719452046e-16,8.86848982026153e-17,2.10578956220638e-17,-8.26289303341936e-17,-6.32717918153889e-08,1.20548069244844e-16,1.41741585231193e-16,-1.92447791335992e-16,2.53321809826778e-08,4.36479129105262e-16,-3.5937854748057e-17,8.49380881415018e-18,-4.03929135059184e-17,-1.15423084640142e-08,-1.73935790955243e-17,4.59257804080815e-09,-3.00153580541494e-17,5.96292692899407e-17,-2.38362760272436e-16,-1.4872021559484e-16,-9.44059135884937e-17,-9.3265323803231e-17,-4.87362887550139e-17,-7.96821646316887e-08,2.27446766507571e-16,-2.21705877557576e-16,3.34992892411483e-08,2.38472756424597e-17,1.32265241421497e-16,1.03100229496712e-16,-1.22660753982819e-16,8.19709484628515e-17,-7.0682184991182e-18,-1.83645592391739e-07,-3.95412721177831e-17,3.45106185430005e-16,7.23142319834783e-08,-9.43384794067583e-17,1.37187389231257e-16,-1.51156338590218e-17,-2.50019066344851e-17,1.06130073340572e-16,3.2795337887984e-16,5.9136753530127e-17,-1.51758739734951e-16,-3.42086543661444e-17,-9.94732826042861e-17,-5.37722192966097e-17,-3.79400123778099e-08,1.25811746944745e-07,-1.15328277705683e-16,1.5423782091876e-16,-2.94961961715707e-17,-4.27559230383394e-17,1.01535533453267e-16,-1.87211050870402e-16,2.66565657753654e-17,8.0206162412476e-17,-8.24506147901328e-09,-1.79346804544882e-17,5.75487243274936e-17,1.11176227912573e-16,-5.15784737428829e-16,1.0558531261657e-08,-1.22309506493957e-17,-2.21416200054469e-09,-8.24952672172944e-17,1.09342470101043e-17,-4.78064256283412e-17,4.24454048138167e-17,1.0721332931025e-16,-1.21900149211935e-17,1.27823728624791e-16,-4.84658521922895e-16,7.3753687303394e-17,4.3882922757156e-17,1.16769767728047e-16,8.66726072857911e-17,6.00549466137972e-17,5.49192520526314e-17,9.44810533919235e-17,2.81256004323801e-16,5.12827544396966e-18,-4.66465961747431e-17,1.08009540951978e-16,-9.14757213784507e-17,1.14545959523094e-16,3.50822528263431e-17,-6.05899906335563e-17,-2.14868679311942e-17,-5.18164741900931e-18,7.97257890921323e-10,4.46843366851951e-16,-1.39065485771048e-16,8.45235824543547e-17,-1.71541178401352e-16,8.30499687238278e-17,-7.49393343153637e-17,-1.73710008041852e-17,1.76012441449488e-16,-1.19756012148381e-16,-1.72962677704262e-16,-4.7791631763161e-16,-1.25747472589656e-16,-2.96286562929242e-17,-6.87185665535563e-17,-2.02880055082074e-17,-9.39784340242035e-17,-4.48020138009698e-17,-1.02671315126109e-08,-3.20619883773827e-17,3.98135473232886e-17,1.83021581095475e-16,-4.15394346044309e-17,1.25359812643675e-16,-6.65245432322196e-17,-2.6430999666436e-17,-1.10887368107136e-16,2.51288372236359e-17,2.17678941183893e-09,-2.68982777278869e-17,-1.63579230401207e-16,-3.21419058617313e-17,-8.56935421910532e-18,2.18637070353489e-16,2.70775891004156e-16,3.4169318403461e-17,1.36059077398823e-16,2.48818599476735e-16,8.23888201893477e-17,8.19839981617678e-19,-8.30299905623595e-17,1.17098732557712e-16,1.09895361735322e-08,1.54468509659899e-17,3.98362190232389e-17,2.25497615583986e-17,-9.61362066342897e-16,-3.30883313628189e-08,8.54433231551482e-17,2.62637155287945e-17,3.53541239526709e-17,-8.12524694123143e-17,-9.00362337200066e-17,1.0551552664677e-17,1.08139994252768e-16,1.20868914792438e-16,-5.84061581284739e-17,-9.48456906346448e-17,2.19201177328499e-17,5.80598119164641e-17,-1.70317522970668e-16,-1.06684613219306e-17,1.13491158397751e-16,1.59964421171124e-16,-1.46115258697611e-16
"t311",-0.0077131411628533,0.0228401753750639,0.0261241373982584,-0.00813673475173958,-0.13002014881267,-0.0287629249875549,0.0185265749594384,0.000296328148093447,0.000979989402454924,-0.00213369342614627,-0.000575088244155286,0.00341846049103641,-0.00500771199447198,-0.000487215231190235,-0.00338533523750953,-0.000936913287651597,-0.000871798056232379,0.000365676139284433,-0.000324326305798343,0.000236534527681226,-0.000871641399174388,0.000179943196322344,-0.000375787759432551,0.000777636251387286,-0.000122080000825755,0.000283183323219399,-0.000352541430831885,0.000325501751032127,-0.00279714364765058,0.00702922658185576,-1.67268407925111e-05,2.33901024618362e-05,-0.0010042438541186,0.000161062541723673,-2.03737058951324e-05,-2.18497276144106e-05,-0.000100387014183289,5.8139998945232e-06,4.59847525326576e-05,1.19593357765821e-05,0.000556925553289557,-6.21188988976094e-05,6.1401436389941e-05,-5.20404136539354e-05,0.000265066339738053,-0.0920724633428748,1.26045241148997e-06,-4.39760938313339e-05,4.91806029501342e-05,-0.000102952000104859,0.000110384779153211,-6.84174825195573e-05,9.55233690287304e-08,-3.2756222713828e-05,1.12955943920205e-05,-0.000118330807390385,4.5834174398464e-06,-0.000316183986089459,0.000107780560578839,-2.3652124747407e-05,-3.31969552683822e-05,5.5318902047518e-05,-0.0333024432811031,-0.00418048306426125,2.166378093983e-05,-3.49803892977553e-05,2.46715086834498e-07,-3.64843269776944e-06,6.06680878836359e-06,-6.6756809023922e-07,4.82967918660558e-07,-5.08531268234762e-06,1.45629003966066e-06,1.73039037381012e-05,-7.51024994771432e-06,-5.92682300274773e-08,7.56065169645648e-05,-1.01016340774878e-05,6.09256718982061e-05,9.04941932782331e-05,-4.24897535880557e-05,-0.000718160458452145,0.00043117414687153,0.114859953411756,3.72749726657716e-05,0.00113200998446779,-0.000145669270749348,-1.85625142334836e-05,-0.0170658903192955,0.000168595354828311,-2.72663544946392e-05,6.44482961485639e-07,3.12900309195481e-05,-0.000326575965416405,-1.05588910272735e-06,-5.95564362217588e-05,-6.98824686595738e-06,3.36371712268708e-05,-0.0002760539906471,-7.07587729022529e-05,-1.50441138929916e-05,1.29160732667097e-06,-2.05048671735272e-05,9.35197473806552e-06,-4.3862684612206e-06,9.82889843903397e-06,-0.000299993337656816,1.48033631948491e-05,-5.67020027916265e-05,3.32480044516851e-06,9.17016351433252e-05,0.109369353374126,0.000482447233567435,-1.36834743116764e-05,3.18919952163889e-07,-0.0267236528437178,-4.81679770052943e-06,-1.96074425239066e-08,-2.83476178593883e-07,1.28822430820592e-06,-1.07039176154665e-06,1.36506352289837e-06,-8.62439958858303e-07,-2.30805947333071e-06,1.25476611537566e-07,1.84416486173888e-08,-1.48368300713873e-08,2.69860599673883e-07,-2.31438927302161e-06,-7.70873784528242e-05,-2.64598006692755e-07,-1.28579530778409e-05,2.6614837974624e-06,3.60139628778602e-06,-2.76808134266339e-07,-7.8261515444633e-06,7.37348126564114e-08,7.74496495541722e-05,-9.08243398769186e-05,0.000286341070729201,4.70427099240904e-05,0.0131050776044513,0.000261933644547096,1.14473985792581e-05,6.00840298829659e-06,-5.96842467159223e-07,-4.60209537177228e-06,-5.56512362682826e-07,-5.14087897747428e-08,1.98934421322493e-07,5.82843890766264e-06,1.07877817777581e-06,4.48406693580245e-06,-9.88162315286446e-06,4.64419028937526e-06,4.30956992395727e-07,-6.75369563262634e-06,0.000197355048989097,6.7911458279513e-06,2.36286832138108e-06,0.000295742428609671,-3.47868561251655e-05,3.41079504179323e-05,0.00101715962681329,-0.665538215315783,-0.000473339037727871,0.000107738059507893,1.79763999710218e-06,8.88318789440142e-05,0.000107852074944463,-0.000220449260461214,-3.82432733165499e-05,3.76155343827305e-06,6.95118424335401e-06,2.06339797334463e-05,2.42200611326593e-06,1.77984698527414e-06,-0.0064981432563713,-2.69351119601176e-05,-0.000185911928666466,0.000563433441032169,0.000184487534102841,-2.69333391570816e-05,-1.37904403991093e-07,-2.93799957775012e-06,-8.7475039024659e-07,-9.58028608399759e-05,1.99694318276383e-05,8.92496873979612e-05,-0.000143930775950763,-2.1879264456407e-06,3.81041527739014e-06,1.4880937464661e-05,3.43343918454401e-08,2.43533888713238e-06,-3.26431786696705e-06,-5.95226294939246e-06,-5.50396775748635e-06,3.42693117343238e-06,1.34929958558017e-06,1.3413774812784e-06,0.00021632220733997,-3.42213383580597e-08,-7.43283843024906e-06,-8.4725270168247e-06,-5.56568392719032e-05,5.31868245148472e-06,3.66741122092449e-05,-3.79810529560342e-05,-3.02370599152862e-07,-0.000146166862367449,6.28325648199589e-05,-0.000160459225354883,-1.49644223342434e-05,-1.62374347088317e-06,-0.00530636429678221,2.43551261441794e-06,1.146466575172e-06,-2.02705616271787e-06,-9.87249323311847e-06,-5.34563971105555e-05,8.31104503099039e-05,0.00170393829127306,5.18029791884049e-05,-1.55429280859062e-05,-0.0121138063218539,-8.16127004495552e-06,-4.50747155069259e-06,-7.11546918977065e-06,-5.64226568928999e-06,2.23835246504472e-05,4.58182055699211e-06,1.90998186424707e-06,3.19258030837764e-06,-1.6798997217955e-07,-5.14186326513499e-07,-1.43101841210838e-05,-1.03850790400153e-15,-0.00346171707107674,2.95247877900688e-05,-4.67922493777852e-06,-1.63244852988334e-05,-1.45667412913675e-05,3.27005718619255e-06,-3.28783824305497e-06,2.35578566920412e-05,-2.94120924316678e-07,2.22769502823867e-08,-7.88118092206983e-06,0.000116323453087706,-9.98824881179013e-06,0.013517117081425,7.30381261133724e-06,1.62033678110995e-07,-1.26257079157907e-08,6.48794750113219e-07,-6.61235647148469e-07,1.04390553458715e-05,1.79452281512362e-06,-3.48877182885604e-07,7.65717847505709e-06,-1.48353651252466e-06,0.0001625492631634,-1.36461689524448e-05,8.16202114940852e-07,-2.7769715565356e-07,6.15204928144987e-08,2.25560296299675e-05,-9.50887253032422e-06,3.45011609666932e-07,1.37664217570349e-07,-2.96664969501535e-07,4.77339561208136e-06,-5.53770700368648e-06,6.55917879730608e-06,-1.68146471256933e-05,1.29721099131783e-05,-9.42541678538835e-07,1.15279701975002e-05,-7.84249814183479e-07,2.27653550822513e-06,3.21477095765418e-17,-5.57803032126243e-06,-1.90982579119241e-07,-3.31979100125415e-10,-2.86678425529527e-06,2.7059936978406e-07,-1.67325365912911e-07,-7.33239836321673e-07,8.39639597360214e-08,-0.000347602078247695,8.51784639620682e-06,3.32734617146793e-07,-2.95836239184483e-07,3.81854858085303e-06,-4.61717342185905e-06,1.9491502928633e-05,-2.25499547193331e-06,4.93532047778425e-06,1.31813647055596e-07,1.33032212654312e-07,5.76770846837132e-06,-0.00520018750202393,-7.73350524654235e-08,-1.50666634210482e-06,3.1919081002916e-06,-1.22412730038003e-05,9.63044895356056e-07,9.02311194027415e-07,0.000952535470146268,-1.73404126449827e-06,-8.42862614916994e-07,1.32803277440281e-06,-4.65995308352477e-06,1.15558422775847e-07,1.07972103620904e-06,-2.10785256206147e-06,1.34787122457281e-16,6.33001805928173e-09,5.04072820183949e-06,-4.55607203839843e-07,1.77399392319876e-06,2.99779421215758e-07,4.63112907769386e-07,1.07358851687994e-06,-1.56911154822849e-05,5.81719778819862e-06,7.28300343394408e-17,-4.42799666180817e-06,-7.02612901404584e-06,-1.50449633563182e-07,9.46699471070326e-07,1.12533161201847e-06,-7.57327010511544e-08,-2.88469069402292e-06,7.66873204478157e-07,-4.78597068721363e-06,4.77361128837386e-06,-0.00133457739436207,-1.7136300993093e-06,-9.08528067897693e-08,-1.70061515610551e-08,-1.71107619698132e-06,1.3582588169223e-06,-1.85212192829429e-06,1.34866323792267e-16,-7.10383613619756e-06,5.56724872299418e-07,1.6044251825316e-08,1.39991502661956e-07,-3.45607966493358e-06,-7.06830914668167e-06,4.7409824892855e-06,-1.7210093801597e-05,-6.36697655453789e-07,-2.85523633810021e-16,-1.16274988884983e-06,-6.06594511289224e-07,-1.46117890658422e-06,4.75437619433701e-16,2.75107741620788e-06,5.26136429192162e-06,-8.03186253983908e-07,-2.26397642727513e-06,-7.58749028141512e-07,-4.09549160293991e-07,-1.48310339697359e-05,6.20569804365448e-07,0.00228103922825462,2.03857361191879e-07,8.10088921061571e-07,1.55150776794431e-06,-1.11300759915397e-16,-6.45486554261125e-07,1.6376200630578e-06,0.000936404121771865,-9.27356542989115e-07,3.7108790381709e-16,-9.29386361299184e-07,2.27620706829844e-07,-4.15152640094297e-07,-0.000207064805988805,-9.29905227699874e-07,1.30117055067715e-06,-1.29798292770479e-05,1.78295944377282e-06,1.82300524774794e-16,6.42407173694993e-06,-1.62660808686096e-06,4.51977348684787e-06,7.92578646997496e-06,-8.05298699810118e-07,-5.40271819106267e-09,-1.43982048506075e-16,1.33319173257022e-16,-5.20253710267417e-09,-8.78005001222168e-07,1.15739982823113e-07,-8.81732358428947e-07,2.84958393272249e-15,-4.19606924204973e-07,-4.9725102038151e-09,-8.32204472308342e-16,4.47616327745122e-17,-3.98396835010047e-18,1.10817262836631e-06,3.3467331932009e-06,-0.00513632932451735,2.17082141528273e-06,1.10071737234246e-06,2.41856592870041e-06,-1.39469786445092e-06,-5.68902455672804e-16,-3.13230443143031e-07,8.82340441021837e-07,-3.06589452807912e-16,-1.13010639644861e-16,-5.55719429977702e-07,-2.25967358381102e-10,-3.28292177005077e-07,1.34680566634798e-06,3.22933051010575e-07,-9.12269675966598e-08,-2.23936338898974e-16,-3.06640197968093e-07,-2.72194158433264e-18,-1.04370793158274e-06,-2.47821511575874e-16,-3.61076291751683e-07,2.16785961077032e-16,0.000137234062505362,3.84544531631949e-07,1.21514338752052e-07,1.59547985313198e-06,1.04632863625114e-06,-1.19902173268025e-07,7.59291097352747e-07,1.98136949275816e-07,9.63815825851802e-07,8.87289708133076e-08,2.64214477154124e-07,-7.42028890333544e-07,-9.5876719202929e-07,-7.76829756746745e-08,-3.5350011437293e-07,1.40279011325113e-16,3.30261971720898e-06,-5.68298120108692e-07,0.000328361676283167,2.36117997691509e-16,3.86002650899609e-08,1.04424301474047e-06,3.73180407758887e-06,1.12367835247674e-17,-1.19697347430136e-06,-4.79761459275031e-07,7.16423110869753e-16,-6.33511944143319e-07,1.86390596608505e-06,-3.71603850938893e-17,-4.8276415793426e-16,-6.83025238952576e-08,-2.76969137173456e-07,-1.57793864027272e-09,-2.18928715493832e-06,5.81582001074495e-07,2.26485551103079e-07,1.64840662949689e-07,0.00018420232362197,-3.40855460647616e-06,1.50541471649612e-16,9.32093316988555e-09,4.84700041366583e-09,1.33895410647611e-08,1.25474036840197e-06,2.20138975052801e-16,1.36733637417311e-16,4.1368854001897e-07,7.15968138424952e-17,-3.17561324258086e-16,0.00275220614019544,-2.47491441987445e-06,-6.16031999215366e-07,-2.73755509659221e-08,1.71771869628419e-05,3.3182207865264e-06,9.35733912018634e-08,1.84160727900489e-17,2.20607277509973e-07,1.03123103062364e-08,4.73309209084842e-08,-6.31061499051451e-07,2.49232759892455e-06,5.51825632081582e-16,1.64796035351769e-16,-1.51064235999533e-16,-1.64622413307186e-07,-1.04500466287169e-07,-4.59770198918882e-07,-4.86393373477202e-14,-8.00874998598769e-08,-3.74998490090161e-16,6.02480317359061e-16,9.87501456865395e-06,-2.16817351836164e-07,7.95153873300869e-16,-5.33142465083559e-07,-3.64169082287584e-07,-5.67160772701505e-16,9.5493642958327e-05,-1.51439105051677e-16,2.19097815692896e-07,-8.36355419038084e-16,2.18583171249877e-07,1.89201307406823e-06,9.06653475909766e-08,6.44391987164037e-08,4.42328347679245e-07,-2.9228153766291e-07,6.08838842944655e-07,8.63849804770891e-17,5.28840046400639e-06,-2.98438735264262e-07,-1.3390158665537e-16,-3.93081232906333e-08,-6.04916462369334e-07,1.8595783643269e-07,4.10169271165868e-17,4.49921335203882e-07,7.87141090425873e-07,-6.35840907792389e-16,-1.48537084592619e-06,-3.28495639550178e-07,-2.26285899157411e-08,-2.55050039374677e-16,1.96136234098354e-15,3.0515549779735e-07,9.33776075395892e-08,7.5537477291188e-09,-1.60334423764533e-07,5.5160870757842e-08,9.45728593092097e-16,-3.31863255727605e-16,2.01322660944295e-07,1.38765468244761e-09,1.80146746725446e-15,4.86287527835128e-07,-2.50008204646396e-16,3.32820895378245e-07,-9.29580761205795e-08,-5.43119621777189e-08,-3.60002378398956e-07,-9.7361609347193e-16,-9.52073984424595e-16,-6.88305816920245e-16,4.63681204925857e-16,-3.82222012932586e-08,-1.32563677148114e-07,-5.17239647217243e-16,2.64892768664006e-15,1.14721306858998e-15,1.86502918289139e-07,1.67569359418453e-09,-9.22171043106199e-08,1.59758333790039e-15,-2.71985667495145e-16,-4.3378928921145e-16,-2.98436372279985e-06,1.20872483945832e-07,1.77401843990234e-15,2.1187215905559e-08,-5.54095328353722e-07,-9.89583097366657e-16,2.28398139018495e-15,-2.8918246682393e-07,-2.96269337984469e-09,-1.43204251054357e-07,-4.52576884845216e-17,1.61047679962567e-07,2.34472783595219e-07,2.51511383146523e-07,-2.29506115501362e-07,-7.30216597763404e-05,1.32572374424284e-08,-5.20864123400844e-15,-1.32174949648777e-14,7.77625590210793e-15,2.51846317347132e-07,-2.28020321020489e-07,-6.49429835774154e-08,-5.1044674520206e-08,-2.47131364699083e-14,5.18599177407055e-13,0.707106781186548,-5.4468556463213e-13,-1.13795279315225e-13,3.22004592280947e-07,-4.74784051657692e-14,6.86318197719183e-15,-3.93849544409291e-08,3.1247883188845e-14,-3.52554270547101e-08,-7.95465027510801e-15,-4.37071674080527e-08,-2.74511230039648e-15,-5.28978797714411e-08,-6.61920806507526e-09,-7.98679925078504e-07,3.20971049031321e-15,2.12377344076407e-07,4.84144968834828e-15,3.01187654096521e-07,-7.00344593859995e-07,2.92940814918356e-09,-1.54544911636695e-15,4.27156475665502e-07,3.30012413256896e-15,-1.04939491493225e-07,-5.92305666540332e-07,5.60630816512247e-16,1.46123749830849e-16,4.02847149610078e-16,6.71786772046407e-16,-1.98762532141181e-09,-2.5880326330364e-08,-5.77830795772931e-09,-7.70439818111087e-16,1.43723337955034e-15,-8.07677777234612e-08,6.58822438487274e-07,1.94604785281124e-15,1.55642133328087e-16,-2.63029720160134e-08,-1.67893547698917e-15,-1.86377901063642e-07,-1.17666718107061e-16,1.75900758781947e-06,1.40498740290944e-15,-3.35037820410779e-16,-4.25443674794318e-16,-1.27679208457478e-16,-1.05693824481962e-15,-1.39029165235524e-15,4.46682587939328e-08,-3.123882465595e-07,-3.25098850009694e-16,-1.56708853598144e-07,5.96039631033708e-07,-1.23976360665829e-15,-1.17460071554271e-15,-3.97394525439043e-16,1.67914387634052e-16,5.8735111811644e-08,9.3921583162821e-09,6.77699965915018e-16,1.07299170649226e-15,-1.06642282261371e-07,-3.80408691239312e-07,-7.61760300642297e-09,3.5814116606167e-16,9.58964519965351e-16,-1.32024412365841e-16,8.0667366789083e-16,3.89318026912533e-16,6.50379380679881e-16,2.2452830406931e-07,-2.12346363048415e-07,-4.08274609483113e-08,2.16055749338264e-16,-4.18423292019872e-16,-6.01847369476608e-16,8.18496278545367e-16,1.8990717772396e-16,8.32542843086593e-16,1.22339837449984e-15,6.06138525269193e-17,-2.27577932281512e-16,-7.2113962050621e-16,4.88592992276714e-16,1.68433132584863e-15,1.36262805851236e-16,-8.45952284068509e-16,2.95698583590528e-08,2.96440940511756e-16,7.32826511147206e-16,-1.76219672603193e-16,4.18442384878513e-07,-3.81001371992621e-09,1.91426027015495e-16,-1.0798162096722e-08,3.82219624916533e-07,3.28535251594916e-16,-1.55647697097692e-16,-5.56954179385284e-07,5.33649723702418e-16,9.40082921699827e-09,-4.21964997063621e-16,-4.08609052967095e-16,-4.02980898388868e-16,2.96561059797802e-16,6.94823822796257e-09,-9.54076665315568e-07,-9.10068533931635e-16,2.78939018509563e-17,2.81122289789579e-16,-7.26768854689267e-16,-3.73832909073002e-16,9.64816780777346e-17,3.55989039287479e-16,-4.59095802375902e-16,1.51322691503566e-08,-8.33165184242136e-17,6.70135672914283e-16,1.11597779602127e-16,3.40366347420762e-16,-1.65402021483873e-15,-1.64718574395821e-16,-2.25535152999487e-07,5.35098992688949e-18,-1.48370247284986e-16,1.6812769276873e-07,-9.05384686284074e-17,6.93741437868579e-16,-3.14953081915132e-16,-7.66190237795012e-16,1.85092418368985e-07,-1.8290735026971e-16,-1.0327362827181e-07,4.32353440640882e-16,-4.12439548711013e-16,-2.22416376555258e-17,-1.66761538490645e-15,-2.32433172674578e-16,-1.06470731320933e-15,3.7292875277477e-09,-3.72472858983003e-16,6.40750894473543e-16,2.78094433616873e-08,-4.6530442106139e-07,-1.00323686451419e-16,3.25814873270088e-07,4.77132981849989e-08,2.4134091217505e-16,-4.25557799472588e-17,2.22247011824343e-16,-7.28207444622921e-17,-1.06748322796037e-16,-7.99849878937844e-08,-1.09900518776547e-15,-5.01586154166293e-16,-1.12118725896071e-16,3.20059117637423e-08,2.65345475524431e-16,7.35170355324882e-17,3.58747594774509e-16,5.16693844294925e-16,-1.45724741465683e-08,4.17841047693719e-16,5.79695022212048e-09,-2.01031411894169e-16,2.59864284607364e-16,2.79793676061754e-17,-2.54343073914624e-17,2.00261986579996e-16,2.94668273503874e-16,2.84790595173809e-16,-1.00459280804052e-07,2.62482999825137e-16,5.67379641535959e-16,4.22218853858567e-08,9.68019140054621e-17,-2.61381941810105e-16,-1.66723593634469e-16,1.02540305118459e-16,-1.20378004874275e-16,-3.76302185131956e-16,-2.31251984355264e-07,1.66198499425688e-16,4.0586167180764e-16,9.10231029767392e-08,-4.90881799282223e-17,2.63757532127062e-16,5.15846408607525e-17,5.85220824294703e-17,3.35663687979144e-16,1.9575879977245e-16,-4.94449561100732e-17,6.2659974679489e-17,-2.50204945617129e-18,-5.94104636627237e-17,-8.79052567021756e-17,-4.7684320649555e-08,1.58096299813017e-07,-3.05191474305122e-16,-3.60001525569717e-16,-4.6165125464877e-17,-8.80394611137063e-17,-1.22785896033983e-16,-1.54001062271836e-16,-2.03101355998139e-16,1.19439543881687e-16,-1.03512001102193e-08,-9.52770009250945e-17,5.58017336557935e-17,-7.75977260186591e-17,-6.00440253533703e-17,1.32452217765861e-08,2.93927012668624e-17,-2.77512555540634e-09,3.75060360734931e-17,-2.23978320773227e-16,5.85819020102706e-17,-9.6594217025204e-18,-1.50532873158377e-16,-6.22997905200562e-16,-1.96630532498598e-16,-2.96138630365834e-17,1.14378192057374e-16,-1.11540762126508e-17,-1.73333626562939e-17,1.34296669001489e-16,1.90039738731925e-16,5.0067665029607e-17,-2.88211977850372e-16,1.09460223244129e-16,6.69956381218675e-17,7.17045459969721e-17,-3.42437341554967e-16,-1.33108095688423e-16,-5.08382398678453e-16,1.9811133269064e-17,-2.16480412591958e-16,-9.71951683088068e-17,-5.81720235726111e-17,9.96053884238603e-10,2.04002068468309e-18,3.45854706334048e-16,2.90821565907386e-16,2.73314761665206e-17,-1.14057090153347e-16,5.67177929985908e-17,1.30057905810902e-16,-1.25523656321517e-16,8.73573445525973e-17,8.22143534939247e-17,-7.98785950578695e-16,3.15308949839706e-17,-1.62003223594352e-16,1.0503489334376e-16,2.64576838043831e-16,-3.21183120417364e-16,2.95026908713707e-16,-1.28000827798496e-08,-2.61448562225441e-16,5.56428465223995e-17,2.50803787860677e-16,-1.7796115756675e-16,-2.6321031312905e-16,-1.28117131271551e-17,3.05251850296214e-17,-7.90396728558937e-18,-2.0086769489085e-17,2.70798378874644e-09,9.82285097633404e-17,-5.93981551010351e-17,6.63070329908798e-18,-4.49898551642934e-18,1.03960419109312e-16,-2.99597614906631e-16,-1.52671905783974e-16,1.24664090081968e-16,-2.26848468213281e-17,-5.77191932987373e-16,7.66064991106132e-17,-9.87061349458237e-17,-2.89940223639105e-17,1.36422583676093e-08,-6.27614436128782e-17,8.0773408336669e-17,1.71856419470201e-16,-4.5775015722338e-16,-4.10352490476137e-08,-2.33183435424066e-16,-1.13914669683257e-16,-1.23187776137667e-17,2.78029688105359e-16,-2.61147414629417e-16,-1.05780759664887e-16,-6.85928177711971e-17,-2.823876522857e-17,-1.89334918897406e-16,1.28033348658511e-17,7.76877904059298e-17,1.79861487865341e-17,-2.17416785438881e-16,1.48593089925084e-16,4.50870317632617e-18,9.11088231566197e-17,-2.56830333971993e-16
"t312",-0.0077131411628533,0.0228401753750639,0.0261241373982584,-0.00813673475173958,-0.13002014881267,-0.0287629249875549,0.0185265749594384,0.000296328148093438,0.000979989402454936,-0.00213369342614627,-0.000575088244155288,0.00341846049103641,-0.00500771199447198,-0.000487215231190235,-0.00338533523750953,-0.000936913287651586,-0.000871798056232384,0.000365676139284444,-0.000324326305798347,0.000236534527681232,-0.00087164139917437,0.000179943196322334,-0.000375787759432551,0.000777636251387286,-0.000122080000825755,0.000283183323219393,-0.000352541430831888,0.000325501751032132,-0.00279714364765058,0.00702922658185574,-1.67268407925104e-05,2.33901024618335e-05,-0.00100424385411861,0.000161062541723674,-2.03737058951434e-05,-2.18497276144003e-05,-0.00010038701418329,5.81399989457726e-06,4.59847525326599e-05,1.19593357766661e-05,0.000556925553289558,-6.21188988975653e-05,6.14014363899528e-05,-5.20404136538945e-05,0.00026506633973804,-0.0920724633428747,1.26045241154797e-06,-4.39760938313356e-05,4.91806029500713e-05,-0.000102952000104831,0.000110384779153218,-6.84174825195314e-05,9.55233690181756e-08,-3.27562227138063e-05,1.12955943920102e-05,-0.00011833080739042,4.58341743988205e-06,-0.00031618398608947,0.000107780560578805,-2.36521247474246e-05,-3.31969552683828e-05,5.53189020475282e-05,-0.033302443281103,-0.00418048306426127,2.16637809398439e-05,-3.498038929774e-05,2.46715086826335e-07,-3.64843269778467e-06,6.06680878836965e-06,-6.67568090216797e-07,4.82967918567533e-07,-5.08531268236562e-06,1.45629003964498e-06,1.73039037380887e-05,-7.51024994769413e-06,-5.92682299930265e-08,7.56065169645583e-05,-1.01016340774836e-05,6.0925671898224e-05,9.04941932782885e-05,-4.2489753588064e-05,-0.000718160458452175,0.00043117414687147,0.114859953411756,3.7274972665786e-05,0.00113200998446777,-0.000145669270749352,-1.8562514233325e-05,-0.0170658903192958,0.000168595354828298,-2.72663544944507e-05,6.44482961559799e-07,3.12900309188208e-05,-0.000326575965416449,-1.0558891027402e-06,-5.9556436221721e-05,-6.98824686602724e-06,3.36371712268962e-05,-0.000276053990647257,-7.07587729022115e-05,-1.50441138930298e-05,1.29160732675249e-06,-2.0504867173668e-05,9.35197473788078e-06,-4.38626846110068e-06,9.82889843898446e-06,-0.00029999333765677,1.48033631948914e-05,-5.67020027914308e-05,3.32480044523518e-06,9.17016351436956e-05,0.109369353374126,0.000482447233567748,-1.36834743116914e-05,3.18919952123429e-07,-0.0267236528437174,-4.81679770104954e-06,-1.9607442219956e-08,-2.83476178661941e-07,1.2882243079042e-06,-1.07039176150971e-06,1.36506352276033e-06,-8.62439958844202e-07,-2.30805947325755e-06,1.25476611597942e-07,1.84416485912188e-08,-1.48368300674842e-08,2.69860599596301e-07,-2.31438927303552e-06,-7.70873784527523e-05,-2.64598006801849e-07,-1.28579530780162e-05,2.66148379785094e-06,3.60139628778381e-06,-2.76808134321921e-07,-7.82615154461924e-06,7.37348126726651e-08,7.74496495538439e-05,-9.08243398769082e-05,0.000286341070729433,4.70427099241158e-05,0.0131050776044516,0.00026193364454698,1.14473985791777e-05,6.00840298850642e-06,-5.96842467275842e-07,-4.60209537171319e-06,-5.56512362693459e-07,-5.14087896333815e-08,1.98934421220504e-07,5.8284389077162e-06,1.07877817776795e-06,4.48406693590112e-06,-9.88162315294972e-06,4.64419028948155e-06,4.30956992453341e-07,-6.7536956327321e-06,0.000197355048989181,6.79114582800043e-06,2.36286832131673e-06,0.000295742428609087,-3.47868561250977e-05,3.41079504179372e-05,0.00101715962681332,-0.665538215315784,-0.000473339037728008,0.000107738059508004,1.79763999703601e-06,8.88318789440758e-05,0.000107852074944559,-0.000220449260461454,-3.82432733166154e-05,3.76155343801652e-06,6.95118424326824e-06,2.06339797334274e-05,2.42200611324453e-06,1.7798469852372e-06,-0.00649814325637084,-2.69351119599094e-05,-0.000185911928666367,0.000563433441032135,0.000184487534103633,-2.69333391570341e-05,-1.37904403885747e-07,-2.93799957776083e-06,-8.74750390427354e-07,-9.58028608402522e-05,1.99694318276809e-05,8.9249687398206e-05,-0.000143930775950735,-2.18792644570073e-06,3.81041527720997e-06,1.48809374647692e-05,3.43343919140385e-08,2.43533888732469e-06,-3.26431786708927e-06,-5.95226294922351e-06,-5.50396775748419e-06,3.42693117339287e-06,1.34929958543803e-06,1.34137748126549e-06,0.000216322207339787,-3.42213381737283e-08,-7.43283843024456e-06,-8.47252701700372e-06,-5.56568392716149e-05,5.31868245136359e-06,3.66741122092913e-05,-3.79810529559334e-05,-3.02370599285807e-07,-0.000146166862367764,6.2832564820401e-05,-0.000160459225354781,-1.49644223341926e-05,-1.62374347064495e-06,-0.00530636429678183,2.43551261375995e-06,1.14646657506794e-06,-2.02705616270909e-06,-9.8724932331328e-06,-5.34563971105912e-05,8.31104503100471e-05,0.00170393829127326,5.18029791889199e-05,-1.5542928085859e-05,-0.0121138063218536,-8.16127004493665e-06,-4.50747155082147e-06,-7.11546918979491e-06,-5.64226568918197e-06,2.23835246500945e-05,4.58182055693547e-06,1.90998186426311e-06,3.19258030834416e-06,-1.67989972260008e-07,-5.14186326438181e-07,-1.43101841209331e-05,-1.07001157173215e-15,-0.0034617170710768,2.95247877900545e-05,-4.67922493773869e-06,-1.63244852987286e-05,-1.45667412913972e-05,3.27005718625152e-06,-3.2878382428992e-06,2.35578566919939e-05,-2.94120924418021e-07,2.22769504310115e-08,-7.88118092185369e-06,0.000116323453087356,-9.98824881184219e-06,0.0135171170814251,7.3038126114362e-06,1.62033678067276e-07,-1.2625708114525e-08,6.48794750012307e-07,-6.61235647212597e-07,1.04390553456866e-05,1.79452281512999e-06,-3.48877182963468e-07,7.65717847533021e-06,-1.48353651247689e-06,0.000162549263163154,-1.36461689525217e-05,8.16202114880514e-07,-2.77697155512279e-07,6.15204927116802e-08,2.25560296298358e-05,-9.50887253043687e-06,3.45011609245293e-07,1.37664217501211e-07,-2.96664969152539e-07,4.7733956120967e-06,-5.53770700348219e-06,6.55917879732678e-06,-1.68146471257861e-05,1.29721099139117e-05,-9.42541678546232e-07,1.15279701976186e-05,-7.842498141964e-07,2.27653550818238e-06,-1.20284707121362e-16,-5.57803032102781e-06,-1.90982579046123e-07,-3.31979131439933e-10,-2.8667842554848e-06,2.70599369779643e-07,-1.67325365805784e-07,-7.33239836718754e-07,8.39639595758218e-08,-0.000347602078247712,8.51784639609591e-06,3.32734616918807e-07,-2.95836239130237e-07,3.81854858041293e-06,-4.61717342195499e-06,1.949150292856e-05,-2.25499547206074e-06,4.93532047767431e-06,1.31813646860864e-07,1.33032212600893e-07,5.76770846825174e-06,-0.00520018750202395,-7.7335052376457e-08,-1.50666634190796e-06,3.19190810043263e-06,-1.22412730040099e-05,9.6304489538885e-07,9.02311193882348e-07,0.000952535470147596,-1.73404126469841e-06,-8.42862615012366e-07,1.32803277439904e-06,-4.6599530834404e-06,1.15558422625056e-07,1.07972103631357e-06,-2.10785256188291e-06,1.0248593382836e-16,6.33001800300188e-09,5.04072820191015e-06,-4.55607203786825e-07,1.77399392331751e-06,2.9977942103509e-07,4.63112907572428e-07,1.07358851720841e-06,-1.56911154823632e-05,5.81719778820522e-06,-1.54767993077349e-16,-4.42799666181925e-06,-7.02612901459886e-06,-1.50449633494869e-07,9.46699471035205e-07,1.12533161217005e-06,-7.57327012861773e-08,-2.88469069385308e-06,7.66873204315108e-07,-4.78597068709138e-06,4.77361128809957e-06,-0.00133457739436072,-1.71363009962044e-06,-9.08528067056556e-08,-1.70061520898747e-08,-1.71107619706498e-06,1.35825881703121e-06,-1.85212192822202e-06,-6.46167044643728e-17,-7.10383613630335e-06,5.56724872440148e-07,1.60442521237136e-08,1.39991502757961e-07,-3.45607966525696e-06,-7.06830914657183e-06,4.74098248966072e-06,-1.72100938015438e-05,-6.36697655862522e-07,2.45701334522135e-16,-1.16274988960853e-06,-6.06594511271941e-07,-1.46117890656516e-06,5.02331179573021e-16,2.75107741648709e-06,5.26136429224004e-06,-8.03186254063269e-07,-2.26397642760435e-06,-7.58749028408747e-07,-4.09549159809639e-07,-1.4831033969901e-05,6.20569804595814e-07,0.0022810392282545,2.03857360946885e-07,8.10088921183254e-07,1.55150776768144e-06,5.19854072583587e-17,-6.45486554512199e-07,1.63762006325056e-06,0.000936404121772114,-9.27356543229355e-07,-3.14323418993195e-16,-9.29386361329308e-07,2.27620706820628e-07,-4.15152640008763e-07,-0.000207064805988323,-9.29905227633456e-07,1.30117055070029e-06,-1.29798292772876e-05,1.78295944375519e-06,1.51393270802831e-16,6.42407173714023e-06,-1.62660808634331e-06,4.51977348709582e-06,7.92578647014305e-06,-8.05298700064771e-07,-5.40271773287505e-09,-5.18682319317065e-16,-3.464523757338e-17,-5.20253753610377e-09,-8.78005001825825e-07,1.15739982863482e-07,-8.81732358819644e-07,2.555406876746e-15,-4.19606924127545e-07,-4.97251036870333e-09,-2.78231327064083e-16,-1.833879286409e-17,-1.10915183826416e-16,1.10817262854391e-06,3.34673319341178e-06,-0.00513632932451726,2.17082141560683e-06,1.10071737205874e-06,2.41856592875216e-06,-1.39469786482837e-06,-7.0623512491416e-16,-3.1323044321502e-07,8.82340440999264e-07,1.39974487328622e-17,3.46507914612255e-16,-5.55719429988983e-07,-2.25967857287488e-10,-3.28292177496054e-07,1.34680566648011e-06,3.22933051054634e-07,-9.12269679303206e-08,-3.75402770527083e-16,-3.06640197221868e-07,-1.76564795690699e-16,-1.04370793123344e-06,-1.13461757350608e-16,-3.61076291690916e-07,-2.31962261313627e-16,0.00013723406250524,3.84544531330088e-07,1.21514338880831e-07,1.59547985212092e-06,1.04632863609503e-06,-1.19902174762956e-07,7.59291097027138e-07,1.9813694963747e-07,9.63815826233822e-07,8.87289700806467e-08,2.64214476553061e-07,-7.42028890592861e-07,-9.58767191781408e-07,-7.76829765413962e-08,-3.53500115176049e-07,-1.80057499160136e-16,3.30261971716319e-06,-5.68298120025171e-07,0.000328361676281897,3.46682171664047e-16,3.86002650499554e-08,1.04424301569088e-06,3.7318040773899e-06,-3.02978735784298e-17,-1.19697347436339e-06,-4.7976145878688e-07,-6.27772357651949e-16,-6.33511944088774e-07,1.86390596623244e-06,1.43929792809088e-16,3.80396942877748e-16,-6.83025236031691e-08,-2.76969137198624e-07,-1.57793884564291e-09,-2.18928715472438e-06,5.8158200090696e-07,2.26485550863062e-07,1.64840662571075e-07,0.000184202323622034,-3.4085546059546e-06,1.71320206285297e-15,9.32093281230065e-09,4.84700010397799e-09,1.33895419849461e-08,1.25474036856311e-06,-1.922858657181e-16,-5.70512282632225e-16,4.13688540292797e-07,5.28218690003359e-17,2.92822341040027e-16,0.00275220614019599,-2.47491441982559e-06,-6.16031999305488e-07,-2.73755502078929e-08,1.7177186961917e-05,3.31822078736239e-06,9.35733913800639e-08,3.75034529220804e-17,2.20607278457148e-07,1.03123105512152e-08,4.73309209243072e-08,-6.31061499233135e-07,2.49232759922784e-06,-1.10335159111594e-15,1.177492896219e-16,5.90591304629352e-16,-1.64622413387716e-07,-1.04500466284864e-07,-4.59770199892598e-07,-4.87597768496001e-14,-8.00875000746697e-08,4.62525665298244e-16,-1.05933604080385e-16,9.87501456885948e-06,-2.16817350231232e-07,-7.71301425506188e-16,-5.33142465131551e-07,-3.6416908257336e-07,8.29419527434743e-16,9.54936429625614e-05,3.53437994952903e-16,2.19097815077472e-07,9.38432514016962e-16,2.18583172690531e-07,1.8920130745364e-06,9.06653472736599e-08,6.44391983926163e-08,4.42328348497733e-07,-2.92281538914676e-07,6.0883884365319e-07,-1.95239163201599e-16,5.28840046353115e-06,-2.98438735487268e-07,1.15148470494059e-16,-3.93081213284448e-08,-6.04916463197038e-07,1.85957834293612e-07,-5.94455191378546e-17,4.49921337114667e-07,7.8714108918315e-07,6.23273542490685e-16,-1.48537084567348e-06,-3.28495637807511e-07,-2.26285901402798e-08,2.42032322671931e-16,-2.02526356461591e-15,3.05155498260339e-07,9.33776059189249e-08,7.55374654919487e-09,-1.60334423414064e-07,5.51608718489266e-08,-1.0016581469039e-15,5.86864454998181e-16,2.01322661988868e-07,1.38765353539997e-09,-1.82547889635564e-15,4.86287528259828e-07,2.40576191023571e-16,3.32820896665133e-07,-9.29580743465028e-08,-5.43119654329462e-08,-3.60002378677175e-07,-5.47535358905003e-16,8.83317099811529e-16,7.45726031717469e-16,-5.98645554468642e-16,-3.82221991164995e-08,-1.32563675399365e-07,7.66877346008138e-16,-2.18070542007889e-15,-1.24072702677764e-15,1.86502918886243e-07,1.67569761029151e-09,-9.22171051908575e-08,-1.59394231209223e-15,2.82272035606601e-16,2.78856798763272e-16,-2.98436372321224e-06,1.20872484029579e-07,-1.7512038543505e-15,2.11872212702087e-08,-5.54095327546359e-07,1.12404976540295e-15,-2.33577607904449e-15,-2.89182468859347e-07,-2.96269577607452e-09,-1.43204250196889e-07,-2.28865193872227e-16,1.61047684313587e-07,2.34472780457067e-07,2.51511382476125e-07,-2.29506117038725e-07,-7.30216597755563e-05,1.32572263224786e-08,5.30568477326366e-15,1.38665077244507e-14,-7.87261494635317e-15,2.51846307663291e-07,-2.28020323366521e-07,-6.49429895777659e-08,-5.10446745738123e-08,2.47034462638807e-14,-5.18619512792605e-13,-0.707106781186549,5.44695728235076e-13,1.13213850021331e-13,3.22004601061112e-07,4.74487939734989e-14,-7.16970981802718e-15,-3.93848884046405e-08,-3.12710611565005e-14,-3.52554327996205e-08,7.99987304588787e-15,-4.37071872715813e-08,2.71985496282345e-15,-5.28978571414053e-08,-6.61919284608592e-09,-7.98679938961967e-07,-3.205608827447e-15,2.12377339118293e-07,-4.88093687608237e-15,3.01187660023541e-07,-7.00344592914446e-07,2.92941096094028e-09,1.43643414402414e-15,4.27156470573648e-07,-3.28573962665481e-15,-1.04939485548039e-07,-5.92305669396737e-07,-4.50157486784342e-16,-1.67239148561781e-16,-5.46930818813399e-16,-6.84122274286006e-16,-1.98762376900695e-09,-2.58803251289675e-08,-5.77830598692423e-09,8.20253487958594e-16,-1.40082089157354e-15,-8.0767778561971e-08,6.58822441893187e-07,-1.55771328508034e-15,-1.5394582366541e-16,-2.63029734439779e-08,1.87162854363256e-15,-1.8637790003757e-07,5.5598767723332e-16,1.7590075870498e-06,-1.38239850451804e-15,3.21177245645539e-16,4.24252761602251e-16,1.4530719175727e-16,1.02381325028604e-15,1.52585643779305e-15,4.46682615657368e-08,-3.12388245671597e-07,2.97234839279103e-16,-1.56708853270483e-07,5.96039631491095e-07,1.21978696136874e-15,1.13067959877902e-15,4.83449794685333e-16,-1.59786258473031e-16,5.87351100669482e-08,9.39216081591201e-09,-6.80414744901492e-16,-1.06956721652826e-15,-1.06642280796421e-07,-3.804086920933e-07,-7.61760157542181e-09,-4.16022553742447e-16,-8.14134153865441e-16,1.38480818982462e-16,-6.34530717857447e-16,-3.61682434163692e-16,-6.06656347007676e-16,2.24528303854448e-07,-2.12346363444406e-07,-4.08274601499467e-08,-2.55683381044669e-16,4.02856893115566e-16,5.76566479535772e-16,-9.11895087387663e-16,-1.22704264798903e-16,-1.21279760325726e-15,-1.21315700569034e-15,-1.49728298647809e-16,3.62878735156841e-16,7.53068058164031e-16,-6.26854647416241e-17,-1.83205682733046e-15,-1.46983852008161e-16,9.53686514239415e-16,2.95698580675143e-08,-1.7401401475984e-16,-7.80719734130884e-16,1.21910034157588e-16,4.18442383966015e-07,-3.81001384739326e-09,-2.10799886848841e-16,-1.07981590895064e-08,3.82219625404805e-07,-3.15518779256053e-16,2.8061217267342e-16,-5.56954180731507e-07,-5.48014345228538e-16,9.40082911937763e-09,3.50966557899293e-16,3.19531069266589e-16,3.77296121365421e-16,5.94407329744313e-17,6.94823789111639e-09,-9.5407666536218e-07,7.9197309612784e-16,-1.17550353245032e-16,-2.74603008128866e-16,3.36924956186204e-16,5.2469964137436e-16,-6.83465055607758e-17,-3.69714416204233e-16,5.73406259356127e-16,1.51322700836932e-08,6.06670681122518e-17,-6.52931037345142e-16,-1.25060783912082e-16,-3.76521679173244e-16,1.5116235056491e-15,2.16037558471589e-16,-2.25535153509432e-07,-9.05071475475417e-17,2.70755541559945e-16,1.6812769268176e-07,2.2085689099834e-16,-4.90965808144492e-16,2.94152148526547e-16,6.43519405942175e-16,1.85092418096298e-07,2.12043095083604e-16,-1.03273629542376e-07,-4.64481517088124e-16,3.88486728215476e-16,-2.67988039884004e-16,1.46232233882103e-15,2.46307042179091e-16,5.24353493151043e-16,3.72928732774301e-09,3.04960501455935e-16,-5.89071887997992e-16,2.78094438300015e-08,-4.65304420874905e-07,1.35268126959457e-16,3.25814873181407e-07,4.77132977237894e-08,-2.39827381154959e-16,-1.13462530464349e-16,-7.27728593255985e-16,5.0739938433696e-17,1.64210367877436e-17,-7.99849877065393e-08,1.20749896609631e-15,5.06355948012012e-16,2.93329086939602e-17,3.20059116962016e-08,-3.60272251185368e-16,-1.22792125111971e-16,5.28888027875493e-16,-5.07305602323028e-16,-1.45724732634083e-08,-4.39679763107195e-16,5.79695009984767e-09,1.32220592411043e-16,2.26965519651982e-16,-1.03883959722258e-16,1.82753278753941e-17,-2.04468125085707e-16,-1.31051316012808e-16,-2.95648377301732e-16,-1.00459280919194e-07,-2.3713263294606e-16,-7.22123088588924e-16,4.22218862405679e-08,-2.34465605080252e-16,2.66517439656971e-16,1.15616483854211e-16,-6.14531128467488e-17,1.18528324500036e-16,3.38085595412037e-16,-2.31251983600344e-07,-1.48281229342729e-16,-3.33444894885996e-16,9.10231023336552e-08,-4.47830163281094e-17,-2.89042067221378e-16,-3.00296422997858e-16,-2.02888205172555e-16,-2.47536900720637e-16,1.88327324266021e-16,6.73962420822882e-17,-1.39048312151733e-16,-2.34019053131861e-17,6.82091959688283e-17,1.18814781168738e-16,-4.76843209153871e-08,1.58096300083194e-07,3.23077567559466e-16,3.01401204852581e-16,-1.02207549862573e-17,-1.7682090110471e-17,2.04480529730766e-16,2.04359621473195e-16,2.79164884130422e-16,-6.22511541368556e-17,-1.03512002466562e-08,5.50440656857853e-17,-2.99094718680002e-17,6.78250077281491e-17,5.95026843996584e-17,1.32452220702128e-08,1.92587106099643e-16,-2.77512538984048e-09,-4.60909912151901e-17,2.19660464913473e-16,-1.21818442163273e-16,-2.07064791564499e-17,1.72654789041597e-16,4.6711197725542e-16,2.34654419406373e-16,-1.7149337394983e-16,-7.49359364011578e-17,9.49260192901615e-17,3.43874419653706e-17,-4.8017120583037e-17,-1.1706959966594e-16,-1.27147405989174e-16,3.24306713252571e-16,-1.43382372103298e-16,-7.874033131424e-17,-3.24090932584119e-17,4.20933350004478e-16,1.28273232176082e-16,8.59230221694762e-17,-2.56841025380068e-17,2.13343068360448e-16,1.19211862191281e-16,1.70769100634584e-16,9.96053895670356e-10,2.39225887040469e-17,-2.71971125393229e-16,-2.09586400397673e-16,-2.3942751339668e-16,1.91283614536881e-17,7.94089851201168e-18,-1.24923725322245e-16,4.4345877891634e-17,-3.53691155501932e-17,-1.26893318711564e-16,3.59196179744448e-16,-7.055529430269e-17,1.16538270833226e-16,-1.18010687233527e-16,-1.56975708906594e-16,3.28642180552592e-16,-2.8027593580082e-16,-1.28000826089138e-08,2.51976336235285e-16,-6.59653372306349e-17,-1.87923119024928e-16,1.56264650928643e-16,7.61179337237431e-16,6.02873784633191e-17,-4.13554921580504e-17,-9.24989807288879e-17,3.61015623360377e-17,2.7079840107673e-09,2.25808612278785e-16,1.26604899844148e-16,-4.65383935028595e-17,8.09202468896791e-17,-1.1395251020419e-16,3.47894025773149e-16,9.34462262023765e-17,-2.59211798050817e-16,6.31196236171537e-17,4.13759052779554e-16,7.84171181325743e-18,9.61017974077422e-17,2.04311127689916e-17,1.36422586907862e-08,4.96647829811154e-17,-1.1090768829728e-16,-2.66043747954729e-16,-5.00142462167563e-16,-4.10352489229977e-08,2.38357344515406e-16,2.04690424174079e-16,2.44878157339964e-17,-2.72016740401133e-16,2.52787480097154e-16,8.72328661150238e-17,-9.98337293959329e-18,2.20772477864979e-16,1.148152806206e-16,-4.01932912056155e-17,1.34268046860877e-16,9.307216031583e-17,1.23941956832648e-16,-9.41827694073958e-17,3.83701779428528e-17,3.92348484485465e-17,4.24574791398159e-18
"t609",-0.00772943965073809,0.0229424649372012,0.0262449604941366,-0.00818736300421016,-0.131014013863938,-0.029021692337492,0.0186965949818262,0.000299269000665186,0.000991525290961642,-0.00216433099648813,-0.000585661276034856,0.00349668521422625,-0.00512584136536042,-0.000498892184263941,-0.00347021622217507,-0.000961878047766352,-0.000895618239413682,0.000375860465059279,-0.000333582217987714,0.000243911081620245,-0.000901221829467494,0.000187438429858747,-0.000392410261260606,0.000812251285273694,-0.000127537831172979,0.000296514986886945,-0.000369356957894186,0.000341182924309874,-0.00293594069721876,0.00745016465338908,-1.78052876205364e-05,2.49779526965952e-05,-0.0010782109947621,0.000173593341471604,-2.20558162001646e-05,-2.38292450748305e-05,-0.000109622655116629,6.35930869207943e-06,5.03337745611208e-05,1.31111279226188e-05,0.000612474214099025,-6.85020743128537e-05,6.78286811050116e-05,-5.74961082995682e-05,0.000293464863483889,-0.102742716061757,1.41000602771842e-06,-4.92516377055381e-05,5.52638212101069e-05,-0.000116110186280721,0.00012511422788541,-7.77302782640865e-05,1.0856350812902e-07,-3.73391292377637e-05,1.29530215416503e-05,-0.000135818233211177,5.35179534570371e-06,-0.000371006628024224,0.000126543293905966,-2.81187457819568e-05,-3.98575353770967e-05,6.67527330935195e-05,-0.0403526218494177,-0.00507083768188355,2.64872256015285e-05,-4.30834442018637e-05,3.0902974944005e-07,-4.6061609504158e-06,7.6879425738132e-06,-8.51748646480762e-07,6.40493021259378e-07,-6.96806386458744e-06,2.00609231180456e-06,2.41059930557169e-05,-1.04775052969011e-05,-8.30982115731937e-08,0.000106218346283065,-1.43343728648463e-05,8.85264931379127e-05,0.00013281259264909,-6.34738104453452e-05,-0.00107707499391953,0.000666417524540271,0.179225516719978,6.07475264377037e-05,0.00186838185691608,-0.000243621279679801,-3.11120775255457e-05,-0.0286199374597609,0.000283144880609257,-4.60300602859186e-05,1.14618311409425e-06,5.59316073847745e-05,-0.000605001946522025,-2.09449467747175e-06,-0.000119462964674072,-1.40249589915053e-05,6.95271031563879e-05,-0.000577127383348,-0.00015478616019152,-3.42489231615105e-05,2.95130365468818e-06,-4.70498257659255e-05,2.69491426949329e-05,-1.29083994227724e-05,2.94180570723895e-05,-0.000926302307115367,4.61208708942145e-05,-0.000179543717613047,1.07975572520925e-05,0.000300336763109714,0.377511361531902,0.00167620308927488,-5.59028013467465e-05,1.35582925664621e-06,-0.124983624549313,-2.36124760244277e-05,-1.11233311190411e-07,-1.90834833821798e-06,1.01523679621649e-05,-9.36486485992536e-06,1.97477855223555e-05,-2.24481517172133e-05,-6.20128343999339e-05,3.83793883862388e-06,-4.47132575240386e-05,4.59528871909554e-06,-8.18861844914903e-06,1.86109453574121e-05,0.000614565946904611,1.98460279474369e-06,6.38741871846881e-05,-1.23644896885511e-05,-1.59713047634753e-05,1.03030171246242e-06,2.84775817261641e-05,-1.97253709241865e-07,-0.00016784162562386,0.000152803655692284,-0.000478518655048586,-7.55129215018034e-05,-0.0206145088796256,-0.00039896488147358,-1.72248344568037e-05,-9.03933694106535e-06,8.24217694800378e-07,5.39937311433843e-06,5.57620564103668e-07,4.95717103097464e-08,-1.76451000044976e-07,-5.13574924013572e-06,-9.21096489516735e-07,-3.75861476182775e-06,8.11126342812589e-06,-3.1526761316845e-06,-2.83867270241356e-07,4.35470385335264e-06,-7.78644801487093e-05,-2.36329703419351e-06,-8.06281775714999e-07,-9.03498825100834e-05,1.03839681555111e-05,-8.76565016759822e-06,-0.00025653623562648,0.143478728800295,8.66354064756453e-05,-1.09600531182593e-05,-1.78262294445604e-07,-8.75075230600982e-06,-9.57483731448471e-06,1.71335410335742e-05,2.91249700711073e-06,-2.0829669555051e-07,-3.41378019190684e-07,-7.42297080026551e-07,-7.9505916841134e-08,-5.55762133953751e-08,1.97350365424724e-05,-6.34519977390246e-07,-5.18737777537783e-06,1.80209861240582e-05,8.06495385891362e-06,-1.2956591091228e-06,-7.21766593078596e-09,-1.65323077377606e-07,-6.04113251096291e-08,-6.91114637152931e-06,1.94270392115568e-06,8.75308552822543e-06,-1.52455388801033e-05,-2.76266924884586e-07,5.40579856515175e-07,2.18755990536589e-06,5.30206108370615e-09,3.89143506593828e-07,-5.7107114609729e-07,-1.05995039797367e-06,-1.01566230482696e-06,6.43166680010659e-07,2.83551344508249e-07,2.83205824039483e-07,4.75262291802829e-05,-7.79061122718114e-09,-1.82067381281916e-06,-2.07597336932346e-06,-1.37192677476906e-05,1.33435602254637e-06,9.30853931671799e-06,-9.92053952132194e-06,-8.14918094411468e-08,-4.0275485059314e-05,1.742288381687e-05,-4.56464752756737e-05,-4.30914163023673e-06,-4.67712812723251e-07,-0.00154146474409568,7.19977046967909e-07,3.39823254366949e-07,-6.07030677524733e-07,-2.96420197299174e-06,-1.60488213597548e-05,2.47790312454406e-05,0.000506233223170201,1.53155096956011e-05,-4.49047805997283e-06,-0.00347701465017652,-2.33850622117865e-06,-1.22498238095224e-06,-1.83435429647353e-06,-1.32623484542752e-06,4.94738462201483e-06,9.30086779999037e-07,3.47117628294636e-07,5.57879906855358e-07,-1.28353102655247e-08,2.46024942193511e-08,5.23429017777248e-06,1.50700932930686e-13,0.504640201555785,0.000131958372109229,-4.3345694227613e-06,-1.18957894632744e-05,-9.57537109797943e-06,2.13934001982983e-06,-1.9413159410029e-06,1.37517770565733e-05,-1.70855193327272e-07,1.26779457859137e-08,-4.43336779009113e-06,6.4293162970192e-05,-5.48444813688314e-06,0.00740341905150616,3.95221218308698e-06,8.50959885220981e-08,-6.59351607015281e-09,3.37651441246502e-07,-3.42518419203175e-07,5.40623506317272e-06,9.27978282966953e-07,-1.80338296013676e-07,3.95752634419724e-06,-7.66785780461106e-07,8.40235624439656e-05,-7.05523765070185e-06,4.22162734198097e-07,-1.4364091551235e-07,3.18746756590291e-08,1.16871474223082e-05,-4.92716815660545e-06,1.78874778230198e-07,7.1389250717364e-08,-1.53956915287121e-07,2.47754985620199e-06,-2.88956424199287e-06,3.42478019516167e-06,-8.78408169734326e-06,6.78492136713211e-06,-4.93471989499732e-07,6.04922360890269e-06,-4.11805062627479e-07,1.19603137335244e-06,-2.8712606510438e-16,-2.93595126403897e-06,-1.00546656251098e-07,-1.74916433975389e-10,-1.51334039405437e-06,1.43079404573603e-07,-8.85419283416075e-08,-3.88150311282821e-07,4.46675711557929e-08,-0.000184977804680084,4.53319361686803e-06,1.77337050157225e-07,-1.58313620677383e-07,2.04488158920039e-06,-2.47375183438111e-06,1.04596035512778e-05,-1.21730400038135e-06,2.67071252077749e-06,7.13400483826006e-08,7.20025801650624e-08,3.14008581668009e-06,-0.0028495403936542,-4.24113399574711e-08,-8.27238370625294e-07,1.75498817273073e-06,-6.73343065549251e-06,5.31599242027293e-07,4.98204237499914e-07,0.000526185968380981,-9.58205417413537e-07,-4.66247798547002e-07,7.35484509673888e-07,-2.58350092264853e-06,6.40957387054144e-08,5.99345539348614e-07,-1.17197606046294e-06,6.34477232570729e-19,3.55296051910245e-09,2.831827656403e-06,-2.5629358002164e-07,9.97966854311937e-07,1.68648927976416e-07,2.60620049698115e-07,6.04532796235518e-07,-8.84186709238129e-06,3.28263069064079e-06,4.19909011859753e-17,-2.50665963539088e-06,-3.97898269085145e-06,-8.52715248691628e-08,5.36620636067577e-07,6.3914961676149e-07,-4.30600678206506e-08,-1.64264212997912e-06,4.37128345552167e-07,-2.73395333134899e-06,2.73215821707218e-06,-0.000764762138302164,-9.82632439376042e-07,-5.21185244044453e-08,-9.76285689628393e-09,-9.82369745932237e-07,7.80208716315965e-07,-1.06431372943639e-06,-1.94937670097329e-16,-4.09399188339081e-06,3.21032208558804e-07,9.25187874960408e-09,8.08578967150181e-08,-1.99668898827199e-06,-4.09550615946208e-06,2.74923060219844e-06,-9.98147709645329e-06,-3.69490899964786e-07,-1.38425242690226e-16,-6.75226539618651e-07,-3.52346472170404e-07,-8.49524422151569e-07,1.51279720430491e-16,1.60104340463769e-06,3.0626589410476e-06,-4.67593226319534e-07,-1.31834878309282e-06,-4.42012142434953e-07,-2.38657325703712e-07,-8.64457275671786e-06,3.61965151035755e-07,0.00133059139597134,1.18972136052702e-07,4.73164155776817e-07,9.06256982759472e-07,2.5923993587134e-16,-3.77638712404678e-07,9.58342944773869e-07,0.000548315242497309,-5.43503287294812e-07,-2.4856119995159e-16,-5.45719617730823e-07,1.33928541622423e-07,-2.4448847991968e-07,-0.000121993353193068,-5.48127702198594e-07,7.67658063013351e-07,-7.66871745772466e-06,1.05696205533064e-06,-2.06173409425829e-18,3.81894997329193e-06,-9.67206491638234e-07,2.68884468217415e-06,4.71827249070445e-06,-4.79424100196334e-07,-3.21704223971498e-09,8.67361737988404e-17,6.97781394648996e-17,-3.10115278375998e-09,-5.2384144793775e-07,6.90613279221791e-08,-5.26544595845521e-07,1.43300644189267e-15,-2.51003827334319e-07,-2.97668682377803e-09,-5.00406953663657e-16,8.77771246457432e-17,1.14301632664883e-16,6.64865753077279e-07,2.00848135422056e-06,-0.0030853806239588,1.30502903905687e-06,6.61776523077454e-07,1.4552880042541e-06,-8.39289384208816e-07,-2.54588454418658e-16,-1.88796602727554e-07,5.3211617372518e-07,4.56683578806802e-16,-1.65289846477548e-16,-3.35844001926244e-07,-1.36628616277855e-10,-1.98626630231084e-07,8.15207749549605e-07,1.9562649275362e-07,-5.5270651580282e-08,-7.55624593689455e-17,-1.8581336111817e-07,-4.97841853682939e-17,-6.3276911571553e-07,-1.65042675706606e-16,-2.18990076398408e-07,-3.97846842824468e-17,8.32698433740711e-05,2.33352628586549e-07,7.38273567357262e-08,9.69595750058025e-07,6.35935493473788e-07,-7.29069481425232e-08,4.61869527468999e-07,1.20632115928884e-07,5.86806501638875e-07,5.40360208346601e-08,1.60985534182621e-07,-4.52408997014622e-07,-5.84865135032013e-07,-4.74077093600441e-08,-2.15774849526851e-07,-3.54023123199356e-18,2.01715840888791e-06,-3.47307236287689e-07,0.000200999822338534,2.52887785041937e-16,2.36391869826652e-08,6.39940988529054e-07,2.2876102909279e-06,1.0833254694512e-16,-7.33857342576237e-07,-2.94309153754197e-07,-2.09347784028078e-16,-3.8873678218267e-07,1.14562883052837e-06,-1.07024187583071e-16,4.22092213250291e-17,-4.20078562724321e-08,-1.70352900642074e-07,-9.70782703476469e-10,-1.3473098082457e-06,3.5815633475775e-07,1.39485038391402e-07,1.01528371244898e-07,0.000113554766759466,-2.10276605434102e-06,4.26199874004052e-16,5.751699866695e-09,2.99109186778788e-09,8.26403372420633e-09,7.74575393171845e-07,3.36168988771893e-17,1.1545725843446e-17,2.55444832583794e-07,-3.81847745803234e-18,-2.73489248661535e-16,0.00170218426681607,-1.53110459880098e-06,-3.81110083829656e-07,-1.69460355867072e-08,1.06338864078849e-05,2.05424706777289e-06,5.7935884450571e-08,1.1512530653761e-16,1.36747235200567e-07,6.39382713898082e-09,2.93484282378291e-08,-3.9145796471606e-07,1.54715133480184e-06,1.64281314429613e-16,-3.81673294658583e-16,-4.69965534378505e-16,-1.02297214934238e-07,-6.49657753620475e-08,-2.85839173434696e-07,-3.03913070925953e-14,-4.98114877611579e-08,-9.5531302498744e-17,-1.97743778398835e-16,6.15319298404164e-06,-1.35103542114476e-07,9.54097911787244e-18,-3.32360446750823e-07,-2.27081289184292e-07,-2.92123893140462e-17,5.95773962410265e-05,-2.72381219785524e-16,1.36778968485935e-07,4.31512767377151e-17,1.36465405518126e-07,1.18126954762477e-06,5.66092886206369e-08,4.02370768740948e-08,2.76241131445447e-07,-1.82640490675273e-07,3.80757397024608e-07,-1.17532361257567e-16,3.31057885974433e-06,-1.86844756315868e-07,-6.14032854669438e-17,-2.46132739446156e-08,-3.78873404908793e-07,1.16496715655e-07,-3.75378851226691e-16,2.82083357492912e-07,4.9358386143077e-07,4.13266780941367e-16,-9.31607326302267e-07,-2.06049601188539e-07,-1.41991872804949e-08,4.94528360802066e-17,1.73232864634289e-16,1.916520878098e-07,5.86677282674333e-08,4.74627156414214e-09,-1.00908821225109e-07,3.47255279645793e-08,-7.42019651112743e-17,-6.08751563329586e-17,1.2676224828678e-07,8.73752931438478e-10,-2.52885113532728e-16,3.06291151981937e-07,-1.6251044433661e-16,2.09691672583722e-07,-5.85915182693565e-08,-3.42338468586891e-08,-2.26942026969958e-07,-3.17064401881654e-16,-3.33225792021851e-17,1.43329975934463e-16,-1.14038189909032e-16,-2.41195027493449e-08,-8.3659158164291e-08,8.72252820847019e-18,-2.47854395686788e-16,4.71738899938244e-17,1.17735034269603e-07,1.05796610236619e-09,-5.8242818478653e-08,-1.56213150135762e-16,1.14200370080614e-15,2.30067701001424e-16,-1.88714307517272e-06,7.64360900021092e-08,1.62034914736174e-16,1.34044233590798e-08,-3.50623136906075e-07,2.72299628441878e-16,-1.90429643211205e-16,-1.8307163239303e-07,-1.87564815449336e-09,-9.06846595023865e-08,-8.92756864336146e-17,1.02028566229729e-07,1.48581268592472e-07,1.59431671689407e-07,-1.45549113305388e-07,-4.63148429123964e-05,8.41048295443604e-09,2.53341219969299e-16,-5.74877374006411e-16,-5.98514464109543e-17,1.59981638721752e-07,-1.44849423661868e-07,-4.12617411403239e-08,-3.24585837617208e-08,-3.51376110391611e-16,-1.65888534324413e-16,-6.18886359836616e-16,-8.15522204814299e-17,-6.82354254555619e-16,2.04937614390473e-07,2.01277094666377e-16,3.60528594483339e-16,-2.50748601159626e-08,-2.16220424885999e-16,-2.24461826550302e-08,3.13553164052386e-16,-2.78280398016702e-08,4.38667825371031e-16,-3.36997298135007e-08,-4.21750157304901e-09,-5.08998502023943e-07,-7.84556974642e-17,1.35384086323899e-07,-2.41912108911473e-16,1.92110080328047e-07,-4.47048787926363e-07,1.86998245111279e-09,-2.53633295005884e-16,2.7275833853581e-07,-2.4126609993095e-16,-6.70411219493455e-08,-3.78406496211779e-07,-1.57383614388924e-17,-4.63064625587766e-17,-1.48418395919362e-16,3.25755094072598e-16,-1.27034446809128e-09,-1.6542561771902e-08,-3.69391638466666e-09,-3.31642802211864e-16,-2.35566217561956e-16,-5.16631099132911e-08,4.2142681304781e-07,4.6944940004382e-16,-1.32014817554978e-16,-1.68374852066004e-08,4.06441528580533e-16,-1.19325915059054e-07,3.94136278945971e-16,1.1266909623458e-06,-2.45151251056381e-16,1.22442461909037e-16,1.95920934102018e-16,4.64351059914723e-16,-6.59546725185367e-17,7.77875662406121e-16,2.86374937930723e-08,-2.00279208149042e-07,2.37388697720845e-16,-1.00501775082808e-07,3.82308053424651e-07,-2.27347284446952e-16,-1.85291623981348e-16,6.40611113474319e-17,-4.67558282990341e-16,3.76952222970353e-08,6.02854304293349e-09,3.07116332441996e-16,1.15994086557466e-16,-6.84606880865076e-08,-2.44214091804068e-07,-4.89065580912219e-09,4.75348106106282e-16,-4.71712776419118e-16,-7.49048600521305e-17,1.29758483946926e-17,8.31955134055265e-16,7.24694149202663e-16,1.44305566690183e-07,-1.36489772918899e-07,-2.62452452436603e-08,-1.19108876503332e-16,7.68845482441409e-17,-4.35002665440628e-17,-7.21773871175497e-16,1.6638328976501e-16,-1.27525760881105e-15,4.74004372652089e-16,1.66363800257623e-16,2.99224778676743e-16,-4.8593195080664e-16,1.036777923939e-16,6.97236899074499e-16,6.32137197857591e-17,-4.10386666678062e-16,1.90401824165533e-08,-4.90688910806922e-16,9.71562748427527e-16,1.79105324993121e-16,2.69496711883316e-07,-2.45395428235561e-09,8.35911411976402e-16,-6.95509968951746e-09,2.46254658737931e-07,3.58953768882669e-17,-7.29147304233657e-16,-3.58953030026189e-07,4.51071039730089e-16,6.061272833429e-09,-9.24953884729196e-16,-6.03527412507734e-16,-7.14296628985484e-17,-2.37438457823451e-16,4.48286055600234e-09,-6.15577737802564e-07,2.07431969224437e-15,1.37468892224749e-15,6.81453002402713e-16,6.26091268764251e-16,-1.05763921925961e-16,7.93177629006086e-16,3.07898531870849e-16,1.33033615689421e-15,9.78573641597812e-09,8.25520919093189e-16,-3.6962669071835e-16,3.77187880680262e-16,-6.37725649568169e-16,1.88011532414312e-18,-4.67969885855939e-16,-1.45920714286298e-07,1.79379074123359e-16,-1.24401553012479e-15,1.08788062018686e-07,1.44785538975082e-15,3.2469183997371e-15,-1.51103344365188e-15,-6.72128817191681e-16,1.19892496994881e-07,7.96587008876364e-16,-6.69076039036969e-08,-3.97436479923458e-15,1.93538208918248e-15,-6.93449837291211e-16,-4.75418163360273e-15,-4.74440677616506e-16,-4.77771779701213e-15,2.41702422294241e-09,-7.10121697994851e-15,1.72799301636425e-15,1.80292032551799e-08,-3.01667213474585e-07,-3.30054718258943e-15,2.11287327873242e-07,3.0944035361218e-08,-6.28972767574133e-15,7.08750886830761e-14,0.707106781186548,4.46189669361299e-15,-1.63929230276968e-15,-5.19355275549728e-08,6.96224733685372e-16,-3.55154627421517e-15,1.51881416809698e-15,2.07883470007701e-08,-5.13553565128045e-15,6.29319512467284e-17,1.47323251522624e-15,-1.63447825025723e-15,-9.46890497507116e-09,-9.35689936565049e-16,3.76721870388284e-09,2.1762562102901e-15,-2.92774418191701e-15,-1.83104191153234e-15,2.49010389011552e-16,-2.38670166216707e-15,-2.9025761205547e-15,4.86362388148685e-16,-6.53281833141436e-08,-1.00697583718768e-15,-6.95112895010786e-15,2.74612257831246e-08,-9.46648377406788e-17,1.03059015862664e-15,1.76676884599947e-15,-5.14514090685507e-16,3.44836282468278e-16,6.82322608438991e-16,-1.50485087737646e-07,1.20188897858436e-15,3.51207534487987e-15,5.92462387511587e-08,-4.78117104326314e-15,1.96677122166308e-15,2.87298046456818e-16,-6.17209331861059e-16,-3.59046769299704e-15,-3.36433012317452e-15,5.2923713388298e-16,-2.06898385704799e-17,-6.36581790669237e-16,5.56968037135215e-16,-1.93345063006641e-15,-3.10640750316598e-08,1.03002899638074e-07,-6.7570368348161e-16,-1.204759976329e-16,-7.33456115942981e-16,1.30731601344391e-15,6.11923706150819e-16,1.87665830960401e-16,-7.91922969679187e-16,-5.80791352504692e-16,-6.7476583029446e-09,-6.42172405056448e-16,-2.62514648200704e-17,-5.55361330207739e-16,4.76291682417117e-16,8.63815502753500e-09,-4.39963098587046e-17,-1.81079597965046e-09,-3.46642273495278e-17,2.03180047556754e-15,-8.16502611973678e-16,-8.70048404051251e-17,3.46136644669054e-16,3.556427711982e-17,-6.9995049419639e-17,-3.14388152808928e-17,8.14755919776799e-16,-1.21423062167937e-16,-1.33431802145374e-16,-1.8555062287148e-16,2.17556349227005e-17,2.15404907102503e-16,-1.88948489921434e-16,3.07311968699633e-17,4.96466384361018e-17,1.76608080283245e-16,4.09611989704696e-17,-7.13377057021048e-16,-2.59341159658533e-16,-5.17802606314647e-16,5.37703138791064e-16,-3.41241273639961e-17,-8.79711207833192e-17,6.51177066285986e-10,-2.87900844860675e-17,1.22928694174655e-15,1.43445799386937e-16,3.22602488158899e-16,3.66091244327025e-16,-3.41661094614555e-17,-4.75941896764416e-16,4.93876713501368e-16,1.22450698316326e-16,3.80407324348192e-16,1.59540349681242e-16,-2.58123873849124e-16,-3.97026411800342e-16,-2.26211414250906e-16,-7.77871780029617e-16,-4.41122200596852e-16,4.6894116782371e-16,-8.37894746647005e-09,7.30869477020986e-17,2.98449961874025e-16,1.8871562589678e-17,3.57869801443576e-17,-2.38805002246839e-15,-2.67262773820542e-16,2.22202092916175e-16,-7.99582616152815e-17,-3.4313305808581e-16,1.77500793158964e-09,-4.49101194529907e-16,1.07976245719667e-16,5.29303029084534e-18,-7.98600722330706e-18,-4.69974581923436e-16,-4.14085554815719e-16,9.35364057309432e-17,-3.3689826754198e-17,1.80935228122397e-16,-8.92295142062422e-16,4.39329526774921e-16,-8.34318318335291e-17,-2.19129772193016e-16,8.9540584846678e-09,-2.75513072451595e-16,-1.14334528991629e-18,1.62267542891219e-16,-8.38847220852035e-16,-2.69501043158861e-08,-1.77793042878134e-16,5.23704182811844e-17,2.43157916816285e-17,-1.27291763263666e-16,7.26293725380463e-17,-6.56862523714211e-17,4.74241429681303e-16,2.33633582281216e-16,8.8314994675846e-17,-7.39559363001957e-17,-1.73696327758074e-17,-1.60056425682536e-16,-1.92940465748486e-16,8.98710657552102e-17,3.6457056123614e-16,-2.72989624103281e-16,-1.76573060957728e-16
"t610",-0.00772943965073809,0.0229424649372012,0.0262449604941366,-0.00818736300421016,-0.131014013863938,-0.029021692337492,0.0186965949818262,0.000299269000665196,0.000991525290961638,-0.00216433099648812,-0.000585661276034861,0.00349668521422626,-0.00512584136536043,-0.000498892184263932,-0.00347021622217508,-0.000961878047766338,-0.00089561823941369,0.000375860465059272,-0.000333582217987714,0.000243911081620244,-0.000901221829467503,0.000187438429858728,-0.000392410261260605,0.000812251285273693,-0.000127537831172982,0.000296514986886943,-0.000369356957894182,0.000341182924309869,-0.00293594069721875,0.00745016465338907,-1.78052876205294e-05,2.49779526965969e-05,-0.0010782109947621,0.000173593341471616,-2.20558162001606e-05,-2.38292450747942e-05,-0.000109622655116624,6.35930869206161e-06,5.03337745610792e-05,1.31111279226602e-05,0.000612474214099035,-6.85020743127745e-05,6.7828681105011e-05,-5.74961082996047e-05,0.000293464863483887,-0.102742716061757,1.41000602769777e-06,-4.92516377055426e-05,5.52638212101215e-05,-0.000116110186280671,0.000125114227885405,-7.77302782641039e-05,1.08563508117329e-07,-3.7339129237755e-05,1.29530215416387e-05,-0.000135818233211183,5.35179534570007e-06,-0.00037100662802422,0.00012654329390595,-2.81187457819715e-05,-3.98575353771225e-05,6.67527330935358e-05,-0.0403526218494179,-0.00507083768188361,2.64872256015059e-05,-4.30834442019056e-05,3.09029749451495e-07,-4.60616095038703e-06,7.68794257378414e-06,-8.51748646568865e-07,6.40493021385175e-07,-6.9680638645766e-06,2.00609231183203e-06,2.4105993055859e-05,-1.04775052969193e-05,-8.30982116325416e-08,0.000106218346283057,-1.4334372864838e-05,8.8526493137924e-05,0.000132812592649097,-6.34738104453448e-05,-0.00107707499391963,0.000666417524540252,0.179225516719978,6.07475264377233e-05,0.00186838185691604,-0.000243621279679757,-3.11120775254512e-05,-0.028619937459761,0.000283144880609269,-4.60300602861063e-05,1.14618311408644e-06,5.59316073847381e-05,-0.000605001946522053,-2.09449467748961e-06,-0.000119462964674131,-1.40249589916326e-05,6.95271031563318e-05,-0.000577127383347973,-0.00015478616019152,-3.42489231615639e-05,2.95130365462737e-06,-4.7049825765877e-05,2.69491426952116e-05,-1.29083994228581e-05,2.94180570723775e-05,-0.000926302307115353,4.6120870894197e-05,-0.000179543717613009,1.0797557252079e-05,0.000300336763109957,0.377511361531903,0.00167620308927487,-5.59028013467714e-05,1.35582925660469e-06,-0.124983624549313,-2.36124760243279e-05,-1.11233311160979e-07,-1.9083483383076e-06,1.01523679622461e-05,-9.36486485988131e-06,1.97477855221654e-05,-2.24481517172269e-05,-6.20128343997597e-05,3.8379388386235e-06,-4.47132575240404e-05,4.595288719135e-06,-8.18861844903398e-06,1.86109453574095e-05,0.000614565946904483,1.98460279464389e-06,6.38741871846656e-05,-1.23644896887055e-05,-1.59713047635043e-05,1.03030171224505e-06,2.84775817259836e-05,-1.9725370922698e-07,-0.000167841625623841,0.0001528036556924,-0.000478518655048695,-7.55129215018455e-05,-0.0206145088796257,-0.000398964881473659,-1.72248344568896e-05,-9.03933694112668e-06,8.24217694873359e-07,5.39937311419076e-06,5.57620564183331e-07,4.95717103232889e-08,-1.76450999969308e-07,-5.13574924013301e-06,-9.21096489607197e-07,-3.75861476193471e-06,8.11126342807137e-06,-3.15267613164975e-06,-2.83867270266172e-07,4.3547038532699e-06,-7.78644801487815e-05,-2.36329703423687e-06,-8.06281775536539e-07,-9.03498825099957e-05,1.03839681553788e-05,-8.76565016767041e-06,-0.000256536235626508,0.143478728800296,8.66354064759212e-05,-1.0960053118356e-05,-1.7826229446217e-07,-8.750752306072e-06,-9.57483731443822e-06,1.71335410335156e-05,2.91249700714993e-06,-2.08296695614755e-07,-3.41378019098753e-07,-7.4229707998984e-07,-7.95059167635982e-08,-5.55762134668617e-08,1.97350365424707e-05,-6.34519977411474e-07,-5.1873777753796e-06,1.8020986123946e-05,8.06495385874954e-06,-1.29565910915284e-06,-7.21766600023286e-09,-1.65323077316605e-07,-6.04113250581657e-08,-6.91114637173833e-06,1.94270392111395e-06,8.7530855282985e-06,-1.52455388802023e-05,-2.76266924823224e-07,5.40579856577533e-07,2.18755990534342e-06,5.30206117713171e-09,3.89143506570883e-07,-5.71071145962636e-07,-1.05995039804732e-06,-1.01566230461013e-06,6.43166679896355e-07,2.83551344598079e-07,2.83205824100147e-07,4.75262291807116e-05,-7.79061115664902e-09,-1.82067381285064e-06,-2.07597336948649e-06,-1.37192677477959e-05,1.33435602246384e-06,9.30853931671062e-06,-9.92053952127933e-06,-8.1491809405962e-08,-4.02754850593859e-05,1.74228838169903e-05,-4.56464752758427e-05,-4.3091416302467e-06,-4.67712812695625e-07,-0.00154146474409591,7.19977046391076e-07,3.39823254406617e-07,-6.07030677463481e-07,-2.96420197301588e-06,-1.60488213596203e-05,2.47790312455272e-05,0.000506233223170121,1.53155096956768e-05,-4.4904780600855e-06,-0.00347701465017616,-2.33850622120923e-06,-1.22498238091907e-06,-1.83435429654486e-06,-1.32623484528677e-06,4.94738462206932e-06,9.30086779840796e-07,3.4711762832144e-07,5.57879906907779e-07,-1.28353102387907e-08,2.46024942594783e-08,5.23429017763839e-06,1.50638358775604e-13,0.504640201555786,0.000131958372109311,-4.33456942281491e-06,-1.18957894633311e-05,-9.57537109808361e-06,2.13934001959236e-06,-1.94131594099147e-06,1.37517770567442e-05,-1.70855193398346e-07,1.26779456490963e-08,-4.43336779005429e-06,6.42931629703701e-05,-5.48444813696623e-06,0.00740341905150624,3.95221218298976e-06,8.50959885185747e-08,-6.59351590784774e-09,3.37651441337283e-07,-3.42518419127368e-07,5.4062350636106e-06,9.27978282905402e-07,-1.80338296152299e-07,3.9575263440726e-06,-7.6678578035046e-07,8.40235624442442e-05,-7.05523765068272e-06,4.22162733839215e-07,-1.43640915663407e-07,3.18746757649411e-08,1.16871474223898e-05,-4.92716815671868e-06,1.7887477806216e-07,7.13892507762403e-08,-1.53956915325562e-07,2.47754985624537e-06,-2.88956424216518e-06,3.42478019494636e-06,-8.78408169720336e-06,6.78492136702384e-06,-4.93471989601865e-07,6.04922360893778e-06,-4.11805062681326e-07,1.19603137300099e-06,-3.42108955493467e-16,-2.93595126392511e-06,-1.00546656430268e-07,-1.7491631488343e-10,-1.51334039405179e-06,1.43079404538183e-07,-8.85419283799951e-08,-3.8815031119175e-07,4.4667571142133e-08,-0.000184977804680107,4.53319361704172e-06,1.77337050270441e-07,-1.58313620686002e-07,2.04488158928247e-06,-2.47375183421427e-06,1.04596035517904e-05,-1.21730400019361e-06,2.67071252082866e-06,7.13400481486079e-08,7.2002580218056e-08,3.1400858165215e-06,-0.00284954039365433,-4.24113399300438e-08,-8.27238370421318e-07,1.754988172661e-06,-6.73343065565914e-06,5.31599241978616e-07,4.98204237562208e-07,0.000526185968381331,-9.58205417590844e-07,-4.66247798634871e-07,7.35484509979897e-07,-2.58350092273672e-06,6.40957386337344e-08,5.99345539354906e-07,-1.17197606060324e-06,-3.18792089771495e-16,3.55296069676891e-09,2.83182765651342e-06,-2.56293580147083e-07,9.97966854571988e-07,1.68648928011562e-07,2.60620050005189e-07,6.0453279590112e-07,-8.84186709219127e-06,3.28263069048682e-06,-1.91380884982472e-16,-2.50665963517952e-06,-3.97898269102004e-06,-8.52715249871866e-08,5.36620635971938e-07,6.39149616577846e-07,-4.3060067683495e-08,-1.64264213014262e-06,4.37128345959696e-07,-2.73395333074357e-06,2.73215821677834e-06,-0.000764762138302568,-9.82632439146969e-07,-5.21185244136595e-08,-9.76285679320341e-09,-9.82369745941883e-07,7.80208716429259e-07,-1.06431372939925e-06,1.09448757863641e-16,-4.09399188341785e-06,3.21032208469791e-07,9.25187886379313e-09,8.08578965997582e-08,-1.99668898834076e-06,-4.09550615889409e-06,2.74923060256882e-06,-9.98147709707413e-06,-3.69490899765027e-07,6.38105760316618e-17,-6.75226539863448e-07,-3.52346472148212e-07,-8.49524422107869e-07,2.99541135503066e-16,1.60104340457103e-06,3.062658941033e-06,-4.67593226260097e-07,-1.31834878290776e-06,-4.42012142472355e-07,-2.38657325358888e-07,-8.64457275685697e-06,3.61965151005448e-07,0.00133059139597201,1.18972135917752e-07,4.73164155938285e-07,9.06256983322048e-07,-1.17078424332281e-18,-3.77638712445101e-07,9.58342944705598e-07,0.000548315242497148,-5.43503287326087e-07,-1.19329812124375e-16,-5.4571961798232e-07,1.33928541490855e-07,-2.44488479896572e-07,-0.00012199335319261,-5.48127702589276e-07,7.676580630892e-07,-7.66871745779822e-06,1.05696205515102e-06,-2.23870495493391e-16,3.81894997334617e-06,-9.67206491565186e-07,2.68884468216947e-06,4.7182724906549e-06,-4.79424100192481e-07,-3.21704181290987e-09,-4.5102810375397e-16,3.94832952853673e-17,-3.10115290280467e-09,-5.2384144778731e-07,6.90613278031987e-08,-5.26544596070922e-07,1.55862249068209e-15,-2.51003827403885e-07,-2.97668720926413e-09,-6.04925389407306e-16,-1.08492824225855e-16,2.3973226762046e-16,6.6486575307658e-07,2.00848135418764e-06,-0.00308538062395761,1.30502903861866e-06,6.61776523114671e-07,1.45528800433034e-06,-8.39289384160062e-07,-4.05066964161089e-16,-1.88796602389734e-07,5.32116173564321e-07,-8.27693165547505e-17,1.03760034575311e-16,-3.35844001822329e-07,-1.36628558354415e-10,-1.98626630223744e-07,8.15207749750561e-07,1.95626493051425e-07,-5.52706515054796e-08,-1.87872251911339e-16,-1.85813360530101e-07,-1.54781264959272e-16,-6.3276911556384e-07,-2.39256314413239e-16,-2.18990076240282e-07,1.04330779373151e-16,8.32698433736877e-05,2.33352628535005e-07,7.38273561678677e-08,9.69595750037911e-07,6.35935493556102e-07,-7.29069482760312e-08,4.61869527337356e-07,1.20632116086551e-07,5.86806501616725e-07,5.40360209777461e-08,1.60985534441539e-07,-4.52408996959107e-07,-5.84865135301816e-07,-4.74077089398447e-08,-2.15774849433453e-07,-1.10714847401475e-16,2.01715840898896e-06,-3.47307236010032e-07,0.000200999822338721,2.05616751459793e-16,2.36391871840384e-08,6.399409887301e-07,2.28761029103401e-06,4.78765408418986e-17,-7.33857342493207e-07,-2.94309153961104e-07,-2.93512817093094e-18,-3.88736782188832e-07,1.14562883003455e-06,-1.98138179761531e-16,6.28751839913024e-18,-4.20078564909508e-08,-1.70352900831612e-07,-9.70783184611398e-10,-1.34730980859307e-06,3.58156334430695e-07,1.3948503850273e-07,1.01528371271739e-07,0.000113554766759492,-2.1027660542301e-06,6.14200530713038e-16,5.75169958761091e-09,2.99109188846649e-09,8.26403305835218e-09,7.7457539316554e-07,1.37676395036862e-16,3.14021303628718e-16,2.55444832640344e-07,5.34706657522592e-17,1.48433055330052e-16,0.00170218426681582,-1.53110459890309e-06,-3.81110083933453e-07,-1.69460354068678e-08,1.06338864078349e-05,2.05424706787918e-06,5.79358843261131e-08,-1.09032627056389e-16,1.36747235326648e-07,6.3938275338845e-09,2.93484286866826e-08,-3.91457964676315e-07,1.54715133466226e-06,-8.50469861609681e-17,4.84454715384813e-16,1.27328515693657e-15,-1.02297214942368e-07,-6.49657752995333e-08,-2.85839173438532e-07,-2.97340873886327e-14,-4.98114874769661e-08,4.52742959863588e-16,1.13135966695747e-17,6.15319298410618e-06,-1.35103542467081e-07,8.50014503228635e-17,-3.32360446515738e-07,-2.27081288971062e-07,2.50454172946709e-16,5.95773962412861e-05,2.58756640374805e-16,1.36778968861154e-07,-4.91098993977502e-17,1.36465405427793e-07,1.18126954744843e-06,5.66092887178601e-08,4.02370770991436e-08,2.76241131849052e-07,-1.8264049008647e-07,3.80757396629531e-07,-5.86541428378638e-18,3.31057886078663e-06,-1.86844756133107e-07,3.63655174971514e-18,-2.46132737182931e-08,-3.78873404988458e-07,1.16496715817549e-07,2.31905642256615e-16,2.82083357631482e-07,4.93583862079159e-07,-3.48314028775526e-16,-9.31607326873008e-07,-2.06049601335721e-07,-1.41991873715959e-08,6.28114744844878e-17,-1.42114709059669e-16,1.91652087828604e-07,5.86677287055111e-08,4.74627208282711e-09,-1.00908821995294e-07,3.47255284370164e-08,9.59597835277062e-17,-2.36263463818921e-16,1.26762248042756e-07,8.73752699908227e-10,3.04697203281758e-16,3.06291152367318e-07,1.46269975915433e-16,2.09691672745716e-07,-5.85915180758679e-08,-3.42338460206019e-08,-2.26942026598399e-07,-6.90456336867498e-16,7.98478295728825e-17,-5.71475007172604e-17,-1.42806768844422e-17,-2.41195028027762e-08,-8.36591589689807e-08,-4.55528933721678e-17,-1.41561518598572e-16,-1.75083705212742e-16,1.17735034065505e-07,1.057966290467e-09,-5.82428184544029e-08,1.66146235424864e-16,-8.76387721074345e-16,-4.0766001685455e-17,-1.88714307562084e-06,7.64360900752694e-08,-4.72245534885381e-17,1.34044227005994e-08,-3.50623136573441e-07,-2.77330919402124e-16,2.12930828249816e-16,-1.83071632668815e-07,-1.87564875345952e-09,-9.06846600297094e-08,1.11109821486412e-16,1.02028566909125e-07,1.48581267955842e-07,1.59431671443986e-07,-1.45549112728228e-07,-4.63148429130918e-05,8.4104830916449e-09,-4.77065255259287e-16,7.30701464118186e-16,-5.29343374466757e-17,1.59981638264171e-07,-1.44849424200233e-07,-4.12617415243046e-08,-3.24585833946535e-08,1.41704871166337e-17,2.48810803131591e-16,1.62806583893278e-16,1.46187150524061e-16,3.7133458092631e-16,2.04937613914865e-07,-3.99670091278344e-16,-4.1440364085471e-16,-2.50748597714201e-08,2.16025454243508e-16,-2.24461827490608e-08,-3.06611549008007e-16,-2.7828039794264e-08,-3.6079956980907e-16,-3.36997292798633e-08,-4.21750205106378e-09,-5.08998504623971e-07,2.56357866620566e-16,1.3538408647916e-07,2.49681382770546e-16,1.92110080190903e-07,-4.47048788789988e-07,1.86998296000059e-09,-1.34513276782695e-16,2.72758338006157e-07,3.24943731976102e-16,-6.70411221721013e-08,-3.78406497287647e-07,1.10575795639697e-17,7.68921136926397e-17,3.35432406443506e-17,-2.86991758141982e-16,-1.27034342584435e-09,-1.65425626592907e-08,-3.69391763454517e-09,1.442867621324e-16,2.06718269507138e-16,-5.16631108784665e-08,4.21426812667255e-07,-2.9300817995144e-16,1.08625478703238e-16,-1.68374854289686e-08,-6.04174211006878e-16,-1.1932591663562e-07,-8.19856904301841e-16,1.12669096226196e-06,3.14757205618468e-16,-2.11915920165784e-16,-1.93202924815481e-16,-3.11261410140385e-16,2.15808434169742e-17,-7.82643629506516e-16,2.86374933698206e-08,-2.0027920814769e-07,-2.08859580715397e-16,-1.00501775280088e-07,3.82308053030272e-07,9.90407532158709e-17,3.31296713110811e-16,-1.33231614565189e-17,2.316732406012e-16,3.76952240449165e-08,6.02854195565349e-09,-3.45965498283171e-16,-1.78075861460541e-16,-6.84606885438114e-08,-2.44214091686358e-07,-4.89065636042479e-09,-5.53025790435227e-16,4.46648836732342e-16,3.26476216940949e-17,-6.05328619197565e-17,-1.09771108744612e-15,-7.0655906785275e-16,1.44305566970034e-07,-1.3648977158985e-07,-2.62452453784201e-08,1.32896617144115e-16,-9.6104455720104e-18,-7.02044115858214e-17,1.01137717957687e-15,-1.72672967966301e-16,1.48039081345152e-15,-5.05207382118086e-16,-5.28153273218983e-17,-3.45006011037125e-16,4.23678053624159e-16,-1.82782846905998e-16,-8.72288223683539e-16,-6.60809653836152e-17,3.92390633931939e-16,1.90401841838095e-08,4.97814306277546e-16,-8.58570484922574e-16,-1.7928119637869e-16,2.69496711336929e-07,-2.45395440030526e-09,-7.95219491217997e-16,-6.95510261394042e-09,2.46254657214921e-07,3.88912166814779e-18,1.00145470768653e-15,-3.58953029857071e-07,-7.19026734024878e-16,6.06127375946923e-09,9.14018903639066e-16,7.15430053827864e-16,1.25900073391435e-16,7.1395085630732e-17,4.48285866085486e-09,-6.15577733440039e-07,-2.03372253784087e-15,-1.49403334108704e-15,-6.5573160204306e-16,-8.14583025459735e-16,3.45372602045257e-16,-6.55448679430723e-16,-1.362257279373e-16,-1.30669915468881e-15,9.78573511086547e-09,-8.68308904765542e-16,3.7321196555784e-16,-3.91165605450682e-16,6.92717657927284e-16,-2.5321001398405e-16,5.32750413414086e-16,-1.45920711992966e-07,-7.68077839413321e-17,1.56958868375925e-15,1.0878806096997e-07,-1.46008334970457e-15,-3.9461291993377e-15,1.45405581733173e-15,8.9269677385471e-16,1.19892490264518e-07,-7.75320693902143e-16,-6.69076097666558e-08,4.07658432354308e-15,-2.01085945467601e-15,7.65935743249211e-16,4.66946478635015e-15,4.73270261401433e-16,4.49661564077839e-15,2.41702065837279e-09,6.89362683177085e-15,-1.68306224331031e-15,1.80292161679844e-08,-3.01667211721347e-07,3.39134789039551e-15,2.11287341508562e-07,3.09440456328154e-08,6.22693329599744e-15,-7.09997588844369e-14,-0.707106781186546,-4.4349945458394e-15,1.71286664374252e-15,-5.19355312694267e-08,-8.94526023858335e-16,3.64384106458192e-15,-1.44821378934997e-15,2.07883454513512e-08,4.89719610345651e-15,4.0302246244056e-17,-1.63179761645029e-15,1.57961356582565e-15,-9.46891038230918e-09,8.15536321005422e-16,3.7672179921789e-09,-2.17268628648628e-15,2.8835794769217e-15,1.71616438614543e-15,-2.85015291415038e-16,2.53686895324494e-15,2.98396461408299e-15,-5.58734799935289e-16,-6.53281835121367e-08,8.73788596299662e-16,6.50930668724067e-15,2.74612299329181e-08,1.21202703272773e-16,-1.02939045143201e-15,-1.63303221153951e-15,4.72283234903681e-16,-5.58258765394678e-16,-7.15051004468633e-16,-1.50485088569597e-07,-1.57149747800261e-15,-3.54460184621212e-15,5.92462377490143e-08,4.96533170017813e-15,-2.17674256299384e-15,-3.77094627645071e-16,5.92379933781011e-16,4.30569573725042e-15,3.34690854765455e-15,-5.09185944304238e-16,6.53381155097681e-17,8.42175492271664e-16,-5.12646525943523e-16,1.95331728877133e-15,-3.10640748553655e-08,1.03002898026043e-07,4.80936685881803e-16,1.18818469348495e-16,7.40391390685208e-16,-1.24889598563051e-15,-8.23234709568244e-16,-8.99638464777665e-17,7.90066258687064e-16,4.66925723516517e-16,-6.74765641723508e-09,6.27336389276476e-16,-1.55682284342655e-17,5.58217149284273e-16,-4.78282741629429e-16,8.63815462040582e-09,1.39238176172069e-16,-1.81079483408344e-09,2.54568959026544e-18,-2.23477439359636e-15,8.31050541164184e-16,1.38278125900712e-16,-4.31844800850631e-16,1.90273830840055e-16,4.51256273764387e-17,1.77049835935386e-16,-8.55427134260695e-16,5.09372283657635e-17,6.45676911476029e-17,9.56460363924285e-17,-1.39021134851059e-16,-1.75065791880182e-16,1.34577775895997e-16,8.76620973849924e-17,-1.23655504825621e-17,-1.04332922896237e-16,-5.68849165078994e-18,7.41681777110619e-16,-1.30592151675879e-16,4.56647019595559e-16,-6.53692747235366e-16,-2.01031352154589e-18,1.01346400217343e-16,6.51177056825563e-10,1.88703410610685e-16,-1.10570506702686e-15,-2.26106304208271e-16,-5.7605160229292e-16,-3.08860958779044e-16,8.0713047142744e-17,4.91207269468844e-16,-4.36484610753288e-16,-1.43712546650409e-16,-3.97988822264085e-16,-5.64977752082196e-16,2.871234231946e-16,3.86045243890266e-16,7.25085955984395e-17,8.64102858359658e-16,2.77610721391112e-16,-5.23675436371228e-16,-8.37894710564568e-09,-9.01158024103146e-17,-2.83605502677901e-16,-2.75408810227151e-16,-1.59974504632893e-16,1.39018994703394e-15,3.56857886765486e-16,-2.61747930856723e-16,-1.67342804673983e-16,3.55440743719927e-16,1.77500778109731e-09,7.55528734264425e-16,-8.33816246498675e-17,3.79946914651356e-17,2.54813344485991e-17,4.35845973513796e-16,1.20344534290028e-16,-1.04497692980413e-16,1.15685650057324e-16,-1.50200165260479e-16,7.71896982435474e-16,-4.38823152495966e-16,8.79210339378848e-17,2.20709326746509e-16,8.95405913432329e-09,1.03769873807511e-16,-3.07510078050509e-17,-2.4898344639379e-16,-8.37871438896798e-16,-2.6950104071219e-08,1.04757917098367e-16,-1.26622402228497e-16,-5.65638879211117e-17,2.14372208204631e-16,-1.07794493229421e-16,1.38451788946849e-16,-2.96957930405328e-16,-1.77590885434241e-16,-9.76985886528672e-17,-3.04321608606563e-18,-1.49432668357586e-17,2.30629095096789e-16,3.07110293431473e-17,-1.76624491412378e-16,-2.81376175963255e-16,4.17666679793152e-16,-1.89825550924358e-16
"t880",-0.00773012017585712,0.0229467287873612,0.0262499963786499,-0.00818947081312858,-0.13105535035232,-0.029032444753899,0.0187036588423905,0.000299391121513887,0.000992003714106926,-0.00216559935521655,-0.00058609778661822,0.0034999049649843,-0.00513070130307373,-0.000499372462408614,-0.00347370483771458,-0.000962903029352957,-0.000896595789021099,0.000376278270761642,-0.000333961763486318,0.000244213036480329,-0.000902430513919813,0.000187743173821918,-0.000393084997839053,0.000813656121876225,-0.000127759307759929,0.000297055172364411,-0.00037003804063438,0.000341817871950663,-0.00294155565905694,0.00746708611693868,-1.78485203935238e-05,2.50414765835156e-05,-0.00108116005708788,0.000174091734135939,-2.21225355985976e-05,-2.39074028387069e-05,-0.000109987020488088,6.38080068287912e-06,5.0505105538609e-05,1.31564593368094e-05,0.000614656311367209,-6.87524074937993e-05,6.80804788792931e-05,-5.77098254157671e-05,0.000294575936432622,-0.10315823026721,1.41582136155973e-06,-4.94566335951944e-05,5.54997414932356e-05,-0.000116619402127708,0.000125682610649576,-7.80891541916813e-05,1.09065919807023e-07,-3.75153983964427e-05,1.30165541279096e-05,-0.000136488214751677,5.380953561909e-06,-0.00037308144174603,0.000127253158052222,-2.82865994556691e-05,-4.01065312644427e-05,6.71790458007177e-05,-0.0406149231525859,-0.0051039451786419,2.66658524372259e-05,-4.33824090067019e-05,3.11309620233468e-07,-4.64106567042718e-06,7.7469186863293e-06,-8.58427062549679e-07,6.46103163412378e-07,-7.03415661335981e-06,2.02534880336009e-06,2.43431007529856e-05,-1.05808758436565e-05,-8.3926649746822e-08,0.000107281665563168,-1.44807939990601e-05,8.94722177868842e-05,0.000134256916535877,-6.41851245447121e-05,-0.00108922321368647,0.000674291544414362,0.181372562814982,6.1518759631724e-05,0.00189247433823527,-0.000246812183509362,-3.15206053122469e-05,-0.0289959884671506,0.000286871403423668,-4.66394601196026e-05,1.16221541221311e-06,5.67178548740079e-05,-0.000613793780858694,-2.12668574293621e-06,-0.000121314388042667,-1.42424005858066e-05,7.06279322263121e-05,-0.000586336244357179,-0.000157328839423255,-3.48248745468073e-05,3.00103769466957e-06,-4.78445407698906e-05,2.74536774369965e-05,-1.3151903025568e-05,2.997627334622e-05,-0.000944063601156833,4.70077865145695e-05,-0.00018301419738129,1.10078968142203e-05,0.000306202223238018,0.384995254637208,0.00170949191151386,-5.7057147015343e-05,1.3840579087775e-06,-0.12763306510318,-2.41170615419069e-05,-1.13663149787337e-07,-1.95092059842728e-06,1.03824527691882e-05,-9.5790057927117e-06,2.02134039260305e-05,-2.29879652361664e-05,-6.35051864468047e-05,3.93056079468865e-06,-4.58142552185449e-05,4.70862978232435e-06,-8.39409474577408e-06,1.91013229214543e-05,0.000630767849847939,2.03713011897654e-06,6.56205248346245e-05,-1.27046863619557e-05,-1.64127579119552e-05,1.05931813911587e-06,2.92816797217334e-05,-2.03047097231313e-07,-0.000172929105105892,0.000157637946541706,-0.000493675954982695,-7.79223714960733e-05,-0.0212747256259425,-0.000411819165794184,-1.77810730000885e-05,-9.33125159142915e-06,8.51273990309128e-07,5.58247705146697e-06,5.77164926362996e-07,5.13235091687416e-08,-1.82800426914724e-07,-5.32082065515869e-06,-9.54518827516685e-07,-3.89555221040554e-06,8.40814840847414e-06,-3.27305973212668e-06,-2.94780223059199e-07,4.52291993383981e-06,-8.12181464421647e-05,-2.46782213614335e-06,-8.42088050035473e-07,-9.44536780963968e-05,1.08578065588735e-05,-9.17740995373374e-06,-0.000268629440076507,0.150437134110867,9.09542427876149e-05,-1.15520983238657e-05,-1.87919240004151e-07,-9.22515127584323e-06,-1.00996774699822e-05,1.80849577656327e-05,3.07452909832151e-06,-2.20187217008002e-07,-3.61024109935292e-07,-7.85772937494388e-07,-8.41827236119249e-08,-5.88526582820246e-08,2.09474276836711e-05,-6.7521311000686e-07,-5.52254428002001e-06,1.91936770796158e-05,8.60097748298103e-06,-1.38247981925055e-06,-7.70521001127891e-09,-1.76575489714731e-07,-6.46296935594379e-08,-7.39682168667152e-06,2.08703772744788e-06,9.40460904776409e-06,-1.64019322152915e-05,-2.98354023796094e-07,5.85763919230435e-07,2.37326909464805e-06,5.76278889462126e-09,4.2355698338698e-07,-6.24320689532419e-07,-1.15994309239687e-06,-1.11388736076761e-06,7.06152511818635e-07,3.1421350907368e-07,3.13977394454263e-07,5.29199203810738e-05,-8.7142874358908e-09,-2.06145564918502e-06,-2.35066064325701e-06,-1.55535674822672e-05,1.51860619491616e-06,1.06234279212618e-05,-1.14112566051123e-05,-9.47549328332055e-08,-4.72861025743006e-05,2.0521042381357e-05,-5.46187601191441e-05,-5.20734968048748e-06,-5.65358213537008e-07,-0.00187892830060063,8.99156061712709e-07,4.26626887386265e-07,-7.86887310415118e-07,-3.9480986785042e-06,-2.16031931732082e-05,3.51391934547244e-05,0.000728679042328546,2.24399618298536e-05,-7.02469381814037e-06,-0.00552613461554161,-3.73173466393978e-06,-2.18271849523068e-06,-3.5949202686547e-06,-3.02061911960087e-06,1.23682876135305e-05,2.62883385139369e-06,1.14181861430116e-06,1.93334992129348e-06,-1.19271869968132e-07,-4.30054380867587e-07,-1.64866390445021e-05,-1.47889107532492e-13,-0.495294342345343,-0.000105045230257685,4.20739892719939e-07,-1.80208534613939e-06,-2.70905480061634e-06,6.19267850775739e-07,-8.62083215956991e-07,6.37197587688692e-06,-8.06038117705742e-08,6.44496626021617e-09,-2.35041054796348e-06,3.63274642909295e-05,-3.17415777002692e-06,0.00432469297446234,2.41546540808919e-06,5.88990992715689e-08,-4.69847554992239e-09,2.45613044427482e-07,-2.58364518905664e-07,4.08706936370419e-06,7.15648421433909e-07,-1.40443455969734e-07,3.12100739219758e-06,-6.06961267657853e-07,6.67603018527615e-05,-5.63365118840401e-06,3.39439294345089e-07,-1.15581723313212e-07,2.60452079585317e-08,9.55279062770333e-06,-4.02879650978486e-06,1.46802628689075e-07,5.86674868454994e-08,-1.2704196532226e-07,2.04593619193126e-06,-2.43610251680898e-06,2.89296138162514e-06,-7.43122545784973e-06,5.75912152389262e-06,-4.19933336890812e-07,5.17560796920879e-06,-3.52856295877874e-07,1.02600045494247e-06,-4.6996072064351e-18,-2.52812080665644e-06,-8.66214154365649e-08,-1.50923112627661e-10,-1.31030611118072e-06,1.24233366676908e-07,-7.69785346007656e-08,-3.37669962443226e-07,3.9148925565976e-08,-0.000162195958037748,3.97536004090407e-06,1.55821463824792e-07,-1.39828684685553e-07,1.80763616206278e-06,-2.18800679682787e-06,9.26849272309541e-06,-1.08559312017972e-06,2.38748871925405e-06,6.37832541088497e-08,6.43782087647152e-08,2.82268001694159e-06,-0.00257525536187363,-3.83530654794748e-08,-7.48753477998609e-07,1.59016488406405e-06,-6.10298961450006e-06,4.83053421212193e-07,4.52791166713499e-07,0.000478381951766363,-8.7134955415049e-07,-4.24295596751403e-07,6.69835749256272e-07,-2.35457771667074e-06,5.84341148263157e-08,5.46684764916647e-07,-1.07013826466563e-06,4.65560198590924e-16,3.26283004841247e-09,2.60190454326428e-06,-2.35658966706411e-07,9.1763872583577e-07,1.55077606997708e-07,2.39690368429322e-07,5.5616901713238e-07,-8.13766525823286e-06,3.0235184419222e-06,5.4894156082401e-17,-2.31267557141904e-06,-3.67179423706762e-06,-7.87216198949416e-08,4.95426284657447e-07,5.90681273707354e-07,-3.98161464418952e-08,-1.52001642871928e-06,4.04695789365004e-07,-2.53371468177964e-06,2.53433761846464e-06,-0.000709784235806812,-9.12271481137833e-07,-4.83956956485329e-08,-9.06848511119719e-09,-9.12532723665904e-07,7.24910064605769e-07,-9.89053381987935e-07,5.44888712737926e-17,-3.80932803471904e-06,2.98785715958363e-07,8.61077491721195e-09,7.53075922557262e-08,-1.85982331484714e-06,-3.81942546756778e-06,2.56475481822002e-06,-9.31231479309748e-06,-3.44803939650048e-07,-6.33475776382332e-17,-6.3028463666635e-07,-3.28928027255833e-07,-7.93355793625894e-07,3.63965617205602e-16,1.49577315073747e-06,2.86154705123269e-06,-4.36908929773892e-07,-1.23195574646942e-06,-4.13113108372058e-07,-2.23080526228867e-07,-8.08110841688074e-06,3.38464251886144e-07,0.00124424153769223,1.1127190491197e-07,4.42681226414435e-07,8.47886370931919e-07,-2.91762032531158e-17,-3.53530496451075e-07,8.97255628749931e-07,0.00051347977939605,-5.09144220302597e-07,-7.19882367016248e-17,-5.11577269452349e-07,1.25643068667723e-07,-2.29437266868773e-07,-0.000114500120859185,-5.14550026282393e-07,7.20862189350209e-07,-7.20485370283479e-06,9.9418387348267e-07,-1.13747465934982e-16,3.59550894905646e-06,-9.10688296729308e-07,2.53213481832677e-06,4.44426954609466e-06,-4.51590239394785e-07,-3.03045774626655e-09,-1.56125112837913e-16,4.98817580800888e-17,-2.92231075855112e-09,-4.9377758085534e-07,6.51001780897863e-08,-4.96471425464611e-07,1.60879133857174e-15,-2.3679666760892e-07,-2.80885700287484e-09,8.61286335901295e-16,-1.13615882596333e-16,-2.50079273128543e-17,6.27817944387495e-07,1.89672700710831e-06,-0.00291455381939746,1.2330703497062e-06,6.2530384550081e-07,1.37542533650264e-06,-7.93253731815658e-07,-4.31648033374034e-16,-1.78527629537298e-07,5.03256760682109e-07,6.71795280359963e-17,3.85893241926576e-16,-3.17827305441386e-07,-1.29317680204558e-10,-1.88033920204354e-07,7.71829513215961e-07,1.85260519920021e-07,-5.23438963976353e-08,-1.67170457727094e-16,-1.759829161976e-07,2.70894266738375e-17,-5.99379420124885e-07,-1.20617491689012e-16,-2.07456353981876e-07,-3.01132346996088e-16,7.88946365162987e-05,2.21097553562448e-07,6.99741593864478e-08,9.19056312162686e-07,6.02805740583327e-07,-6.91176305143281e-08,4.37912010218709e-07,1.14403373329524e-07,5.56508432600156e-07,5.12498825422796e-08,1.5270578511025e-07,-4.29217660144005e-07,-5.54965793075754e-07,-4.49892926002661e-08,-2.04778915896731e-07,2.81278140323594e-17,1.91468991194933e-06,-3.29717637042691e-07,0.000190904038861185,1.60890278561487e-16,2.24546099173529e-08,6.07984101906346e-07,2.17354019928993e-06,-2.63997810902905e-16,-6.97291418158206e-07,-2.79687649287695e-07,3.74400967297199e-16,-3.69451659573541e-07,1.08926969410143e-06,-5.54248735235511e-17,2.62347962000024e-18,-3.99478693829347e-08,-1.62001485510782e-07,-9.23254019315601e-10,-1.28144846961613e-06,3.40708772184847e-07,1.32692045263978e-07,9.65859542694077e-08,0.000108051729823643,-2.0012295473035e-06,4.1096683348063e-16,5.47434086792716e-09,2.84688858886855e-09,7.86593812729711e-09,7.37298656364307e-07,-1.28918308695108e-16,-1.51635761587812e-16,2.4316766750548e-07,1.09754280975251e-17,-2.44806519233587e-16,0.00162103663636909,-1.45821328247462e-06,-3.6296709472339e-07,-1.61417131103776e-08,1.01293647975752e-05,1.9567922822996e-06,5.51888895974265e-08,-2.18045807430444e-17,1.30301044625098e-07,6.09279491891931e-09,2.79672115686672e-08,-3.7307174068411e-07,1.47474661471201e-06,1.29951361765959e-16,-9.40242781581994e-17,3.34590063123572e-16,-9.75344296062062e-08,-6.19477393250744e-08,-2.7256251095407e-07,-2.88735942466489e-14,-4.75027303798217e-08,-2.37868591198962e-16,3.50131734811258e-16,5.87059608992834e-06,-1.2889936540981e-07,2.42427605767759e-16,-3.17131735309628e-07,-2.16689839920404e-07,3.59128278307445e-16,5.68582222148574e-05,-3.30724817332609e-17,1.30555821847343e-07,-1.42724732443984e-16,1.30258272428221e-07,1.12755117785106e-06,5.40356083190024e-08,3.84083687049954e-08,2.63696100262e-07,-1.74370081412756e-07,3.63584732885262e-07,9.83760735485664e-17,3.16200557606298e-06,-1.784638907144e-07,-9.71469158348292e-17,-2.3510026316045e-08,-3.61912697953768e-07,1.11287585816103e-07,9.14547072191117e-17,2.69519139881523e-07,4.71616163805278e-07,4.72161033647285e-17,-8.90187097443064e-07,-1.96893035510065e-07,-1.35693721761646e-08,-1.05629623879607e-16,-1.99331347438736e-16,1.83188566809997e-07,5.60817509989576e-08,4.53714387340908e-09,-9.64985120181428e-08,3.3209807766012e-08,1.25889146173709e-16,2.01705423169809e-16,1.2123425342495e-07,8.35653456688484e-10,3.17419003778747e-16,2.92955900539389e-07,7.5682367884115e-17,2.0057555139395e-07,-5.60494304330807e-08,-3.27487680828076e-08,-2.17102702902235e-07,-4.52499538676088e-16,2.43562873170976e-17,3.99779558026298e-17,-4.3100759071185e-17,-2.30790207996412e-08,-8.00517033459457e-08,-5.18479743147529e-16,8.76097262080727e-17,3.85627652054136e-17,1.12665742624094e-07,1.01244307878983e-09,-5.57410576592594e-08,3.25186268972865e-17,4.45295384766953e-16,-3.32606121464241e-16,-1.8065609747782e-06,7.31728879587856e-08,1.05035809067925e-17,1.28334778883446e-08,-3.35702604056781e-07,-1.41119313307304e-16,-1.39070251203419e-16,-1.75298141407991e-07,-1.79601969312625e-09,-8.68396639540897e-08,1.4602844738153e-16,9.77118508804503e-08,1.42302370621748e-07,1.52705307967299e-07,-1.39422200212884e-07,-4.43663839966345e-05,8.05705366486312e-09,1.3137738631538e-16,-5.40505914182831e-16,1.96555921500349e-16,1.53301670488822e-07,-1.38801887132883e-07,-3.9540443512089e-08,-3.11100701333403e-08,-5.7181198326644e-16,1.07759604241811e-16,4.06744068401171e-16,2.01408675390195e-16,-3.4477718189647e-16,1.96459795458765e-07,-1.22847398113489e-16,4.43045980669592e-16,-2.40393080131725e-08,-6.8568728016849e-17,-2.15192736478205e-08,-1.34242052583317e-16,-2.66790619423902e-08,-5.45372675101455e-17,-3.23123635549981e-08,-4.04399389993773e-09,-4.88080484218409e-07,1.18028543458491e-16,1.29827529538553e-07,2.64050273955406e-17,1.84247798630157e-07,-4.28820756658572e-07,1.79374802729499e-09,-2.07599065860859e-16,2.61655339481861e-07,-3.23817163862058e-17,-6.43185994226632e-08,-3.63041297068453e-07,1.04350085610242e-16,-3.13975745838802e-17,2.630693213142e-17,-1.58758335737114e-16,-1.2188623241916e-09,-1.58725128316347e-08,-3.54438651197614e-09,3.22378665092563e-16,-2.80874996331622e-17,-4.95777834197214e-08,4.04418535635042e-07,3.78495479860184e-16,-1.19517574860482e-16,-1.61603725963587e-08,-4.94443234139688e-18,-1.14530934035387e-07,3.71825749020885e-16,1.08151602412742e-06,1.56281032291959e-16,1.41258896754946e-16,-4.59496056383497e-17,-3.24473890848508e-17,-2.6874811193503e-17,1.95174530353633e-16,2.74943962391268e-08,-1.92285306356583e-07,-1.18429976369398e-16,-9.64966210969771e-08,3.67082404926294e-07,6.96406901514336e-17,6.25546622520283e-17,-3.38245607624247e-17,2.55120497629956e-16,3.61981953294585e-08,5.78928158680138e-09,2.00350077043874e-17,1.04757592464581e-16,-6.5745598711871e-08,-2.34529698748039e-07,-4.69677759033158e-09,1.75529035215876e-16,1.82816662630266e-16,1.85212671392353e-17,-6.67405146914745e-17,-1.36185665741993e-16,1.27544402535027e-16,1.38614536300636e-07,-1.31109586194874e-07,-2.52112023300365e-08,-1.2241430113769e-16,-2.57524619059297e-16,2.37051275898619e-16,1.86086841414559e-16,7.81808431662641e-18,-7.69604495997701e-18,-2.78193949962538e-16,-1.51843303892266e-16,-5.67167435965434e-18,-3.39494628707453e-16,2.3300139231102e-16,-2.29078192926663e-17,3.97860304811018e-16,1.25664796111945e-16,1.82960696722467e-08,-2.88804063989238e-17,-7.98300139775433e-17,6.42229037648677e-17,2.58975759568829e-07,-2.35817775165395e-09,6.34084490722151e-17,-6.68368767051501e-09,2.36657581408896e-07,-4.96525477946328e-17,5.01382993010043e-16,-3.44986800869357e-07,-4.47279380055075e-16,5.82591330744344e-09,-3.59127040194387e-18,6.35808940590251e-17,-4.79084057738248e-17,2.06811235351345e-16,4.30933936169554e-09,-5.91755366026277e-07,1.43209723272349e-16,-1.35656589904315e-17,-6.43917232910836e-18,-4.51054793984349e-17,-3.39897381074206e-16,1.90703068644425e-16,1.1245991588811e-18,-2.27282123286228e-17,9.41120287374565e-09,-3.09341804619061e-17,-2.15017185265146e-17,-1.78103577197086e-16,2.02537864025585e-16,2.85951547112866e-16,-9.99171534422217e-17,-1.40349132115736e-07,1.90929622651793e-16,-4.30402846908651e-17,1.04636111288714e-07,4.02495797008419e-17,-2.3597735136746e-16,-1.07377463434618e-16,-2.81810221187488e-16,1.1534025563777e-07,-3.34327818099796e-18,-6.43695139140624e-08,-4.16900140617722e-17,1.54390810362832e-16,-6.00307752187249e-16,8.90854196780502e-17,-1.48284177474266e-17,5.78736437085783e-16,2.3255072597856e-09,-3.66307069774543e-16,-1.0798969822738e-16,1.73475584693838e-08,-2.9026256402663e-07,-2.80034335129908e-17,2.0330948026765e-07,2.97761012558995e-08,-1.65461490881213e-16,2.47560803856524e-16,1.84959646296584e-15,5.5580544721612e-17,7.05097466291111e-16,-4.99866059140207e-08,-1.15982965029314e-15,-1.74248949183816e-16,-4.69811911363702e-16,2.00094086354182e-08,-5.16395532072691e-16,2.94963205792386e-16,-2.80367220067786e-16,-2.21774673052244e-16,-9.11480689032575e-09,-2.87150585190112e-17,3.62642435493385e-09,-4.82718786849234e-17,5.85207712523148e-16,-2.29040730979172e-16,-2.00300166813177e-17,-6.26182220162286e-17,-2.35271501555481e-16,-9.23188045852246e-17,-6.28945184608441e-08,-4.01138580105714e-16,1.17999700947446e-15,2.64390356593184e-08,1.46280667824147e-16,-3.94502990484698e-17,4.13159432482953e-16,7.62172939360188e-17,-1.16451314574797e-16,3.2388647389638e-16,-1.44897640420658e-07,1.10954262281356e-17,-1.37555950960194e-16,5.70489292165905e-08,-7.42597858075859e-16,2.20416037435457e-16,-2.70039567580476e-16,-3.51191645546691e-16,-5.44777161801366e-16,1.8142158145858e-16,1.84182397162981e-16,-2.25405824041082e-17,-2.45475150013765e-16,-2.59317521262094e-16,3.6357117704118e-16,-2.9916766186431e-08,9.92005336686157e-08,9.29645030498758e-16,-6.53302147235304e-16,-3.13004697209634e-17,1.70906195363264e-16,-2.91541964181352e-16,2.27581810856123e-16,-4.02823481005658e-16,-1.54356394672563e-16,-6.49921646728065e-09,-5.31099674787417e-16,9.38935916716984e-17,2.61974485627901e-16,-7.69883813211142e-16,8.32081382346064e-09,8.84914726894968e-16,-1.74443955920465e-09,1.22989255402261e-18,1.96425223620661e-15,-5.79407224184047e-16,-2.62890321493238e-16,-3.50892192415653e-16,-6.72669994353173e-17,-5.7627010406574e-16,-1.07790819068153e-15,1.38530893532e-16,-1.87179093364308e-16,6.71410570511739e-16,-2.07668151222207e-16,3.17319519818831e-16,3.55184121036413e-16,-1.28269912894188e-15,-7.00733413161976e-16,3.60203707198423e-16,3.79248767473317e-16,-1.74234310562711e-16,-3.03304148219905e-16,1.29757316003065e-15,-9.6646944929887e-17,3.36306867575533e-16,-4.95488253841407e-16,2.48883319182544e-16,6.27534478765804e-10,9.33414110791758e-16,1.60213778492537e-15,-1.30780395887003e-15,4.38550830736589e-16,1.95025283572381e-15,-4.36820410768014e-16,8.14586589507898e-18,1.66416593173998e-16,-9.80922033137197e-16,1.90347805154806e-16,1.37325047167014e-15,2.86800777984874e-15,1.27382205331025e-15,1.25030862822469e-15,5.43255540273393e-15,3.08917403586315e-15,1.61493691855875e-15,-8.07661452830406e-09,1.96130753304408e-15,5.09172457138844e-15,4.11424625573201e-15,-2.91527868022824e-14,0.707106781186548,-9.70879087225368e-15,-1.99288172664464e-15,1.05414114235166e-15,-2.40206846823699e-15,1.71137196751647e-09,2.79294566621555e-15,5.93357531431522e-16,-1.57901046263294e-15,-2.76394196275624e-15,3.59016038991224e-15,-3.34918061650349e-15,-4.70727777058111e-16,1.83336854693228e-15,-2.50286456562378e-16,1.65855888619838e-15,-5.45217169901229e-16,-4.73621809029955e-16,-1.07051835909593e-15,8.63510695035764e-09,1.91340960700649e-16,3.30240248363186e-16,3.91964797501415e-16,1.76844216354111e-15,-2.59929891971866e-08,5.89571537402081e-16,-6.22459239656072e-16,4.00445631122175e-17,1.13149052652139e-15,-2.55135010769086e-16,1.13489341804579e-16,-7.38553548584177e-16,4.24190262239983e-16,-4.47613854850878e-16,-1.49444958415319e-16,-3.37862617790488e-16,7.69183437605397e-16,-2.70137989041043e-17,-1.1299611445635e-16,6.86657628105516e-16,1.4654703953077e-16,-2.46934812301376e-16
"t881",-0.00773012017585712,0.0229467287873612,0.0262499963786499,-0.00818947081312859,-0.13105535035232,-0.029032444753899,0.0187036588423905,0.000299391121513889,0.000992003714106923,-0.00216559935521654,-0.000586097786618224,0.00349990496498429,-0.00513070130307373,-0.000499372462408612,-0.00347370483771459,-0.000962903029352953,-0.000896595789021103,0.000376278270761638,-0.000333961763486315,0.000244213036480328,-0.000902430513919817,0.000187743173821915,-0.000393084997839052,0.00081365612187622,-0.000127759307759928,0.000297055172364412,-0.000370038040634388,0.000341817871950667,-0.00294155565905693,0.00746708611693867,-1.78485203935233e-05,2.50414765835167e-05,-0.00108116005708788,0.000174091734135934,-2.21225355986015e-05,-2.39074028387359e-05,-0.000109987020488085,6.38080068288956e-06,5.05051055386315e-05,1.31564593368028e-05,0.000614656311367205,-6.87524074938132e-05,6.80804788792935e-05,-5.77098254157752e-05,0.000294575936432637,-0.10315823026721,1.41582136155814e-06,-4.94566335951848e-05,5.54997414932072e-05,-0.000116619402127723,0.00012568261064958,-7.8089154191701e-05,1.09065919783704e-07,-3.75153983964488e-05,1.30165541278907e-05,-0.000136488214751686,5.3809535618604e-06,-0.000373081441746059,0.000127253158052156,-2.82865994556585e-05,-4.01065312644644e-05,6.71790458007096e-05,-0.0406149231525858,-0.00510394517864193,2.66658524372685e-05,-4.33824090066931e-05,3.11309620230119e-07,-4.64106567039452e-06,7.74691868633778e-06,-8.58427062522611e-07,6.46103163480197e-07,-7.03415661338171e-06,2.02534880337222e-06,2.43431007529093e-05,-1.05808758436117e-05,-8.39266498648401e-08,0.00010728166556318,-1.44807939990686e-05,8.94722177868615e-05,0.000134256916535856,-6.41851245446754e-05,-0.00108922321368643,0.000674291544414367,0.181372562814982,6.15187596317854e-05,0.00189247433823527,-0.000246812183509374,-3.15206053122575e-05,-0.0289959884671505,0.000286871403423683,-4.66394601196556e-05,1.16221541229854e-06,5.67178548737601e-05,-0.000613793780858736,-2.12668574298533e-06,-0.000121314388042623,-1.42424005858759e-05,7.06279322264006e-05,-0.000586336244357218,-0.000157328839423335,-3.48248745467823e-05,3.00103769463477e-06,-4.78445407699116e-05,2.74536774369441e-05,-1.3151903025521e-05,2.99762733459912e-05,-0.000944063601156926,4.70077865147171e-05,-0.000183014197381271,1.10078968142817e-05,0.00030620222323802,0.384995254637208,0.00170949191151415,-5.70571470153559e-05,1.38405790871466e-06,-0.12763306510318,-2.41170615421315e-05,-1.13663149468121e-07,-1.95092059847097e-06,1.03824527692215e-05,-9.57900579270486e-06,2.02134039258684e-05,-2.29879652360473e-05,-6.35051864465602e-05,3.93056079474088e-06,-4.58142552185847e-05,4.70862978225149e-06,-8.39409474580297e-06,1.9101322921466e-05,0.000630767849847988,2.03713011898121e-06,6.56205248346575e-05,-1.27046863618652e-05,-1.64127579119439e-05,1.05931813935738e-06,2.92816797215628e-05,-2.03047097196292e-07,-0.000172929105106014,0.000157637946541598,-0.000493675954982755,-7.79223714960815e-05,-0.0212747256259422,-0.000411819165794184,-1.77810730001353e-05,-9.33125159135622e-06,8.51273990268056e-07,5.58247705117499e-06,5.77164926352981e-07,5.13235091520958e-08,-1.8280042708831e-07,-5.32082065510372e-06,-9.54518827561026e-07,-3.89555221046761e-06,8.40814840843156e-06,-3.27305973212716e-06,-2.94780223192006e-07,4.52291993376895e-06,-8.12181464422683e-05,-2.46782213608755e-06,-8.42088050244537e-07,-9.44536780961766e-05,1.08578065589396e-05,-9.17740995369693e-06,-0.000268629440076654,0.150437134110867,9.09542427875876e-05,-1.15520983238373e-05,-1.87919239878553e-07,-9.22515127585658e-06,-1.0099677469918e-05,1.80849577658295e-05,3.07452909827313e-06,-2.2018721693258e-07,-3.61024109981421e-07,-7.85772937181642e-07,-8.41827236977455e-08,-5.88526582555985e-08,2.09474276832202e-05,-6.7521310996468e-07,-5.52254428020361e-06,1.91936770796246e-05,8.60097748270519e-06,-1.38247981925111e-06,-7.70520997243615e-09,-1.76575489786927e-07,-6.46296935263417e-08,-7.39682168669526e-06,2.08703772746374e-06,9.40460904772046e-06,-1.64019322151618e-05,-2.98354023822852e-07,5.85763919333715e-07,2.37326909459487e-06,5.76278902035114e-09,4.23556983543214e-07,-6.24320689701431e-07,-1.15994309226459e-06,-1.11388736090907e-06,7.06152511786393e-07,3.14213509270242e-07,3.13977394524172e-07,5.29199203812334e-05,-8.71428767507592e-09,-2.0614556491295e-06,-2.35066064324965e-06,-1.55535674824502e-05,1.51860619496867e-06,1.06234279212583e-05,-1.1411256605082e-05,-9.47549328765377e-08,-4.7286102574386e-05,2.05210423811526e-05,-5.46187601191561e-05,-5.20734968050861e-06,-5.65358213488725e-07,-0.00187892830060079,8.99156061872067e-07,4.26626887284735e-07,-7.86887310371301e-07,-3.94809867847444e-06,-2.16031931733621e-05,3.51391934548015e-05,0.000728679042328749,2.2439961829594e-05,-7.02469381821301e-06,-0.00552613461554145,-3.73173466412456e-06,-2.18271849526859e-06,-3.59492026860726e-06,-3.02061911953163e-06,1.23682876135317e-05,2.62883385126629e-06,1.14181861409161e-06,1.93334992127827e-06,-1.19271869948438e-07,-4.30054380756734e-07,-1.64866390445867e-05,-1.47784570622022e-13,-0.495294342345343,-0.000105045230257818,4.20739892755716e-07,-1.80208534619049e-06,-2.70905480062354e-06,6.19267850412382e-07,-8.62083215780208e-07,6.37197587713721e-06,-8.06038117251605e-08,6.44496633099125e-09,-2.35041054808368e-06,3.63274642912848e-05,-3.17415777014243e-06,0.00432469297446208,2.41546540804654e-06,5.88990994151701e-08,-4.69847583148969e-09,2.4561304473127e-07,-2.58364518887124e-07,4.08706936346438e-06,7.15648421371834e-07,-1.40443456046506e-07,3.12100739212379e-06,-6.06961267660721e-07,6.67603018530969e-05,-5.63365118839264e-06,3.39439294743399e-07,-1.15581723111765e-07,2.60452080108471e-08,9.55279062771945e-06,-4.0287965097567e-06,1.46802628768614e-07,5.86674869528462e-08,-1.27041965092763e-07,2.04593619200756e-06,-2.43610251658282e-06,2.89296138175259e-06,-7.43122545785763e-06,5.75912152392648e-06,-4.19933336936599e-07,5.17560796929012e-06,-3.52856295919187e-07,1.02600045511054e-06,5.59480229136081e-16,-2.5281208065261e-06,-8.66214156034488e-08,-1.5092294136941e-10,-1.31030611123131e-06,1.24233366705254e-07,-7.69785347234947e-08,-3.37669962432678e-07,3.91489254877455e-08,-0.000162195958037359,3.97536004093526e-06,1.55821463983478e-07,-1.39828684804131e-07,1.80763616184882e-06,-2.18800679689866e-06,9.26849272333614e-06,-1.08559312000695e-06,2.38748871919691e-06,6.37832535067368e-08,6.4378208745278e-08,2.82268001698096e-06,-0.00257525536187401,-3.83530655062749e-08,-7.48753477745338e-07,1.5901648840173e-06,-6.10298961456228e-06,4.83053421391072e-07,4.52791166747089e-07,0.000478381951766646,-8.71349554071923e-07,-4.2429559677453e-07,6.69835749573018e-07,-2.35457771701381e-06,5.84341146063802e-08,5.46684765069547e-07,-1.07013826463746e-06,-1.37325885312311e-16,3.26283013844599e-09,2.60190454331723e-06,-2.35658966887581e-07,9.17638725851392e-07,1.55077606931036e-07,2.39690368138198e-07,5.56169017107514e-07,-8.13766525820982e-06,3.02351844186435e-06,-1.23385866129076e-16,-2.3126755712648e-06,-3.67179423680748e-06,-7.87216197284829e-08,4.95426284693899e-07,5.906812737979e-07,-3.98161461045648e-08,-1.52001642853478e-06,4.04695789502083e-07,-2.53371468123859e-06,2.53433761841805e-06,-0.000709784235806668,-9.12271481587674e-07,-4.83956957642814e-08,-9.06848510488171e-09,-9.12532723498874e-07,7.24910064505752e-07,-9.890533819904e-07,3.71207658183901e-17,-3.80932803502457e-06,2.98785715824464e-07,8.61077495181189e-09,7.53075921337416e-08,-1.85982331492406e-06,-3.81942546826308e-06,2.56475481824966e-06,-9.31231479334405e-06,-3.44803939602178e-07,1.40457847906012e-16,-6.30284636459297e-07,-3.28928027282909e-07,-7.93355793582144e-07,2.23014514809001e-16,1.49577315060678e-06,2.86154705130799e-06,-4.36908930209495e-07,-1.2319557464556e-06,-4.13113108376208e-07,-2.23080526404348e-07,-8.08110841673444e-06,3.38464251982208e-07,0.00124424153769286,1.1127190498277e-07,4.42681226357159e-07,8.47886370381767e-07,-1.39144561564498e-16,-3.53530496505257e-07,8.97255628862172e-07,0.0005134797793961,-5.09144220246096e-07,1.74964485930591e-16,-5.11577269496951e-07,1.25643068470235e-07,-2.29437266804099e-07,-0.00011450012085939,-5.14550026085667e-07,7.20862189421288e-07,-7.20485370276251e-06,9.94183873770616e-07,-8.01758696609462e-17,3.59550894903144e-06,-9.10688296801055e-07,2.53213481839834e-06,4.44426954610686e-06,-4.51590239483589e-07,-3.03045765159152e-09,1.85615411929518e-16,-1.12769059954329e-16,-2.92231070156159e-09,-4.93777580339469e-07,6.51001774791963e-08,-4.96471425301906e-07,1.63598605184922e-15,-2.36796667705194e-07,-2.80885686607471e-09,1.27869419122083e-15,-1.84836029202322e-18,-2.84544017324615e-16,6.27817944245122e-07,1.89672700705282e-06,-0.00291455381939771,1.23307034973276e-06,6.25303845509477e-07,1.37542533623611e-06,-7.93253731440316e-07,-2.97075446191219e-16,-1.78527629444892e-07,5.0325676108412e-07,-6.25526260212641e-17,8.49420086353329e-17,-3.17827305419119e-07,-1.29317689841923e-10,-1.88033920850562e-07,7.71829513319856e-07,1.85260520193751e-07,-5.23438962083772e-08,-3.01923235239881e-16,-1.75982916432375e-07,2.19015908443049e-16,-5.9937942043385e-07,-5.84628916458496e-16,-2.07456354232833e-07,8.4457266238085e-17,7.88946365157325e-05,2.21097553562294e-07,6.99741594423696e-08,9.19056312567117e-07,6.0280574060077e-07,-6.91176307034783e-08,4.37912010351612e-07,1.14403373507871e-07,5.56508432554341e-07,5.12498825374296e-08,1.52705785081349e-07,-4.29217660245066e-07,-5.54965793549922e-07,-4.49892928599279e-08,-2.04778915352408e-07,2.34951425359513e-17,1.91468991208346e-06,-3.29717637161496e-07,0.000190904038860952,1.4055988698346e-16,2.24546096092983e-08,6.07984101689885e-07,2.17354019929614e-06,2.16694190195852e-16,-6.97291418012957e-07,-2.79687649405053e-07,-2.80205803061199e-16,-3.69451659358023e-07,1.08926969386478e-06,1.48776381775032e-16,1.36947525594726e-16,-3.99478695282524e-08,-1.62001485603121e-07,-9.23254179649656e-10,-1.28144846929494e-06,3.40708772401869e-07,1.32692045215845e-07,9.65859542917816e-08,0.000108051729823822,-2.00122954728781e-06,3.97468516433186e-16,5.47434083818027e-09,2.8468884416836e-09,7.86593831412075e-09,7.37298656285663e-07,2.19070130396727e-17,6.5984038301233e-17,2.43167667270305e-07,4.37920048846282e-18,5.5048378176427e-17,0.00162103663636925,-1.45821328257615e-06,-3.62967094555215e-07,-1.61417129242913e-08,1.01293647969743e-05,1.95679228246134e-06,5.51888901796014e-08,9.35721819563802e-17,1.30301045015955e-07,6.09279501875994e-09,2.79672119023221e-08,-3.73071740562844e-07,1.47474661456801e-06,-1.24428370448042e-16,-2.4455963698321e-16,6.05149607670235e-16,-9.75344297233337e-08,-6.19477392747676e-08,-2.72562511143526e-07,-2.91876701615549e-14,-4.7502730552757e-08,-3.0860515153588e-17,-2.28717179505953e-16,5.87059608991449e-06,-1.28899365108152e-07,-2.60859042700012e-16,-3.1713173477752e-07,-2.16689839764103e-07,6.71255282028577e-17,5.6858222214138e-05,2.69823426014325e-17,1.30555821828312e-07,8.18991784695045e-17,1.30258272460993e-07,1.12755117790865e-06,5.40356084692196e-08,3.84083687778083e-08,2.63696100407226e-07,-1.74370081101508e-07,3.63584732878457e-07,8.12079328869212e-18,3.16200557659333e-06,-1.78463890789326e-07,9.02712149651787e-17,-2.35100258586374e-08,-3.61912698044239e-07,1.11287586182024e-07,7.90753725091326e-17,2.69519140054543e-07,4.71616163576412e-07,2.7582231384858e-17,-8.90187097591823e-07,-1.9689303566383e-07,-1.3569372087292e-08,1.31287700476702e-16,2.23974753542219e-16,1.83188566968506e-07,5.60817509934722e-08,4.53714417408471e-09,-9.64985118911105e-08,3.32098077218532e-08,-1.38128887916536e-16,1.46561405484166e-17,1.21234253151225e-07,8.35653608184204e-10,-2.87646354628929e-16,2.92955900399042e-07,-3.0086575624082e-17,2.00575551084797e-07,-5.60494310461036e-08,-3.27487675893259e-08,-2.171027027392e-07,-4.35113264869598e-16,-4.68157371479105e-17,-6.37355455243017e-17,-7.75527378640532e-17,-2.30790205438747e-08,-8.00517021840463e-08,5.7216144411651e-16,1.75577427887291e-17,6.21560750270351e-17,1.1266574248813e-07,1.01244364064975e-09,-5.57410576274962e-08,-4.02828375527914e-17,-6.83562364697798e-16,2.61536669057816e-16,-1.8065609745948e-06,7.31728878108529e-08,-5.25485477171244e-17,1.28334774467184e-08,-3.3570260403873e-07,-6.77159213773683e-17,1.37911725476527e-16,-1.75298141183503e-07,-1.79601950081514e-09,-8.68396639466797e-08,-1.76494036670689e-16,9.7711850600046e-08,1.42302370660086e-07,1.527053078467e-07,-1.39422200516046e-07,-4.4366383996791e-05,8.05705297685145e-09,-1.69392447939917e-16,-2.356738696622e-18,-1.16007991389876e-17,1.53301670288446e-07,-1.38801887059576e-07,-3.95404438282323e-08,-3.11100700600566e-08,4.57418174458734e-16,-2.23914469061983e-16,-6.72105793387967e-16,-1.57622095562493e-16,4.29919081321212e-16,1.96459795681397e-07,8.0736707327635e-17,-6.24591741341485e-17,-2.40393079993175e-08,1.1551656198394e-16,-2.15192739346697e-08,4.47898353746478e-17,-2.66790615397413e-08,-6.13401089966241e-18,-3.23123632584688e-08,-4.04399386741293e-09,-4.88080484609369e-07,5.57489753968189e-17,1.2982752955228e-07,1.27867591404739e-17,1.84247798307558e-07,-4.2882075674485e-07,1.79374808525006e-09,3.13553007909986e-16,2.61655339655298e-07,-2.44348464538912e-17,-6.43185993431813e-08,-3.63041297166038e-07,-2.02306637471454e-16,3.33222320508877e-17,1.17087222671263e-16,1.19022909715247e-16,-1.21886281414555e-09,-1.58725134666836e-08,-3.54438685323043e-09,-1.95638595217298e-16,2.65951745383411e-17,-4.95777832944811e-08,4.04418535445089e-07,-3.22688955333519e-16,9.09724601157884e-17,-1.61603724728695e-08,-1.61380137645495e-16,-1.14530933868177e-07,-1.01459208145001e-16,1.08151602408427e-06,-1.09086446462062e-16,-5.02056162483284e-17,4.556302762989e-17,-1.101715430516e-16,2.36318831935873e-17,9.38293557107693e-18,2.74943961992255e-08,-1.92285306562808e-07,1.3290302579336e-16,-9.64966213687485e-08,3.67082405016382e-07,-5.41690625872409e-17,-1.0471602633787e-16,7.14980007755743e-17,-4.70088043454692e-16,3.61981958775797e-08,5.78928159166498e-09,-5.15116111882455e-17,-1.73863672802868e-16,-6.57455991376817e-08,-2.34529699112516e-07,-4.6967773865373e-09,-1.13881797589276e-16,-2.65853196931987e-16,-7.82973401798319e-18,4.75901436495165e-17,6.87511105388941e-16,-7.82617401909979e-17,1.38614536064506e-07,-1.31109586265127e-07,-2.52112023219256e-08,1.38742084681275e-16,2.35343855464507e-16,-2.55101680915868e-17,-3.65637437766536e-16,-8.03764325874292e-17,-6.04664348676495e-16,2.94148904340201e-16,9.68170739878163e-17,-1.35412453311369e-17,3.89287841230083e-16,-2.11382859278605e-16,-2.86965821778466e-16,-3.63656829928064e-16,-9.56687088560612e-17,1.82960700346411e-08,2.36280459958246e-16,1.37010407147291e-16,-7.31908276104234e-17,2.58975759028361e-07,-2.35817712790785e-09,-6.44635546948217e-17,-6.6836876768028e-09,2.36657581135165e-07,1.42673480841383e-17,-1.22823802883229e-16,-3.44986800634864e-07,2.81232525113734e-16,5.82591281823987e-09,3.46625771759835e-17,-1.49572533947789e-16,8.42969362336193e-17,-5.24172705498603e-16,4.30933911105884e-09,-5.91755365121177e-07,-6.93651973732099e-16,-6.60322196752463e-17,-2.39994919763502e-17,-4.64336270672017e-17,1.74664969987415e-16,-2.83208012736637e-16,-2.12201578102506e-16,5.17532468292119e-17,9.41120293090673e-09,9.39846220978633e-17,-8.46184544481793e-18,1.78076414066154e-16,-3.3601504310731e-16,-3.56616482747485e-16,-1.33436099692558e-17,-1.4034913197065e-07,-1.96204600546022e-16,-6.80732202668103e-16,1.04636111207374e-07,1.45163214688267e-17,1.26258584764318e-15,1.58719671701621e-16,1.45088076176641e-16,1.1534025565612e-07,-8.72825460821201e-17,-6.4369514394308e-08,1.08192769336648e-16,-2.29632106159575e-16,4.07231032105997e-16,-3.03684604996716e-16,4.23301572118949e-17,-4.95355665727387e-16,2.32550698317424e-09,-6.50914855516249e-17,4.05023001500854e-17,1.73475588232796e-08,-2.90262563757299e-07,-3.58019934961914e-17,2.03309479017487e-07,2.97761026523663e-08,3.90073581013432e-16,-3.11494417070976e-16,-1.76760787370933e-15,-1.03812738018832e-16,-7.75994267822232e-16,-4.99866055761091e-08,1.0844124324759e-15,2.04467951863054e-16,4.73538917878538e-16,2.00094087065306e-08,5.64041785966866e-16,-2.58134884434431e-16,2.45506899198156e-17,3.10048884167146e-16,-9.11480770458482e-09,1.00848310211907e-16,3.62642540593508e-09,8.46995916748079e-17,-3.9563611728011e-16,3.31800234543605e-16,1.89284703903096e-17,-8.19268143411052e-17,2.16022608076351e-16,6.75365195298781e-18,-6.28945160432189e-08,9.12997008273537e-17,-6.78142489137563e-16,2.64390349814024e-08,-2.04616746041974e-16,4.12647037434807e-17,-6.04279538348541e-16,7.59609104534777e-17,2.09413916883731e-16,-2.9883676508764e-16,-1.44897639170319e-07,-2.3717461365591e-16,5.2599133557101e-17,5.70489285650137e-08,3.53406942400456e-16,4.40603699341734e-17,5.70990386537155e-16,4.7258565103554e-16,1.81719872427654e-17,2.65041972459627e-16,-2.31908076524304e-16,5.28892336219157e-18,-6.97462936887724e-18,2.98151150026984e-16,-3.47492747783286e-16,-2.99167668521277e-08,9.92005339148175e-08,-9.01475532512944e-16,9.01291725033626e-16,-9.30415727764183e-18,-3.06775472173882e-16,6.96383055387439e-16,-2.17764631493548e-16,4.12530576173221e-16,3.59236172945163e-16,-6.49921729179183e-09,5.25864048002615e-16,-3.82910165160235e-17,-2.79946496413287e-16,8.03815330474597e-16,8.32081486957015e-09,-8.98913820912001e-16,-1.74443774668956e-09,-2.49832252799818e-17,-1.92802564637688e-15,5.54764069969125e-16,2.4813391979759e-16,4.24147210387897e-16,6.62421558402653e-17,5.77794750820772e-16,9.62662616273868e-16,-9.25010711934466e-17,2.20773644258544e-16,-5.75239579791941e-16,1.78280930538712e-16,-1.03706420320755e-16,-3.09566497758195e-16,1.273629606131e-15,6.97052755391479e-16,-3.77452412822562e-16,-4.95754715015175e-16,2.54233410299133e-17,3.23894760590182e-16,-6.59520181522932e-16,1.29013165010031e-16,-5.82717103931805e-16,5.3503591946244e-16,-2.00786293710817e-16,6.27533753565417e-10,-1.11404661821611e-15,-1.67394170956546e-15,1.31228530054682e-15,-7.02599003866419e-16,-1.93610479264438e-15,4.11809309456956e-16,1.29777913610094e-16,-2.06318531491865e-19,9.354788670959e-16,-2.45875330712389e-16,-1.00478436335094e-15,-2.85637716258934e-15,-1.20655627792445e-15,-1.13242010312145e-15,-5.46001978461809e-15,-3.02122119995283e-15,-1.66277890986091e-15,-8.07661413913021e-09,-2.00773775186702e-15,-5.19462587807977e-15,-4.04082090970414e-15,2.92955983216524e-14,-0.707106781186547,9.37111839985069e-15,2.01623889564963e-15,-1.00570850162488e-15,2.39626033781358e-15,1.71137106912344e-09,-2.43017119467905e-15,-6.69093891226264e-16,1.5266500484229e-15,2.79488860479978e-15,-3.55753230932264e-15,3.7461505974061e-15,4.99119503494952e-16,-1.86566624741893e-15,2.22844369271303e-16,-1.44458129555909e-15,4.45699853369946e-16,4.90426410318563e-16,1.12183087033272e-15,8.63510602684889e-09,1.16865530463817e-16,-3.92534657884679e-16,-5.96553439064157e-16,-1.60342659288881e-15,-2.59929903269354e-08,-5.32585893444713e-16,7.87098194289027e-16,4.4995350005936e-17,-1.18007474275654e-15,3.41370413208217e-16,-4.32309800084465e-17,1.23185958971675e-15,-5.01683876428057e-16,4.53884270437656e-16,3.87698568871418e-16,4.32828127211226e-16,-6.67387783768353e-16,2.74848075182363e-17,1.607919094546e-17,-8.20957943856058e-16,-1.37454963612844e-16,-3.25846831101789e-16
"t217",-0.00778319079101055,0.023283600344349,0.0266481850203954,-0.00835761196702596,-0.134378834852982,-0.0299034579675117,0.0192764499308883,0.000309334815884446,0.00103136225462523,-0.0022714644888187,-0.000623366223720348,0.00378190142522925,-0.00555806753577157,-0.000541697441205778,-0.00378309153811945,-0.00105462554869939,-0.00098441450136756,0.000413926057447933,-0.000368297683669905,0.000271950334255069,-0.00101524652113884,0.000217506037125982,-0.0004600013608446,0.000953211714169708,-0.000149786108726607,0.000351546443484869,-0.000438998656937589,0.000406292033014579,-0.00351670191463057,0.00931267249479602,-2.27008107624577e-05,3.23262994920365e-05,-0.00143206333506259,0.000235012367147942,-3.05376578096666e-05,-3.43124734941292e-05,-0.000158962221011928,9.30539616778657e-06,7.39459574035311e-05,1.94335852649984e-05,0.000924168997028728,-0.000105027667308773,0.000105072600913433,-8.91435601230013e-05,0.000460733899723718,-0.169450357728036,2.36322735502221e-06,-8.31905806699725e-05,9.5458175180563e-05,-0.000205710321362638,0.00022974521460746,-0.000145261177232367,2.03413341436103e-07,-7.15738641066735e-05,2.60367184853364e-05,-0.000275072811884235,1.26539856179119e-05,-0.000922105671391304,0.000316471712201566,-8.10917569369321e-05,-0.000131047035140288,0.000236527803505078,-0.152836422479252,-0.0195495810142298,0.000118150874522291,-0.000225159580953848,2.69644851742725e-06,-5.90119619363152e-05,0.000126699687733157,-2.98021723004901e-05,-4.03830347741057e-06,2.14677235551863e-05,-5.69516914732321e-06,-5.86061810393882e-05,2.50105412509077e-05,1.86534459386246e-07,-0.000232829096078901,2.80976854497758e-05,-0.000138185490471114,-0.000190560100218566,7.94976702459986e-05,0.00131132470497572,-0.000666404021144316,-0.169397198060176,-4.56143833523636e-05,-0.00132092514844054,0.000162199893555674,2.0514993421536e-05,0.0188242421049828,-0.000185059789368256,2.94124325661532e-05,-5.94026006594476e-07,-2.84435473812476e-05,0.000270998854479052,7.54357648565727e-07,4.16261934435095e-05,4.87936298535626e-06,-2.22284452481907e-05,0.000178769032991765,4.24841459953884e-05,8.4988265166489e-06,-7.25737529609371e-07,1.14516784812489e-05,-3.97148597690227e-06,1.82381320723284e-06,-4.0197294537089e-06,0.000119090913093461,-5.82754117919193e-06,2.19903009609148e-05,-1.26026538665189e-06,-3.44989477010082e-05,-0.0393151846470266,-0.000172468529834798,4.29591202578266e-06,-9.71278739449562e-08,0.0075761550563935,1.318524264548e-06,4.80733150922134e-09,6.05509902657804e-08,-2.38098448053946e-07,1.76947064426435e-07,-7.7163399080557e-08,-1.16892232742163e-07,-3.44027107915183e-07,2.61797631499522e-08,-7.00892470427926e-07,7.53295100824024e-08,-1.93684092420633e-07,7.98121669011221e-07,2.64799401829448e-05,8.84270513687833e-08,3.58941132145267e-06,-7.21821704084052e-07,-9.5733529242345e-07,6.81829842681735e-08,1.90864295457092e-06,-1.56463809551031e-08,-1.48517707238268e-05,1.52844741743079e-05,-4.80134045471164e-05,-7.71765457864671e-06,-0.00212623687037724,-4.17470349642288e-05,-1.81213246135582e-06,-9.51048540149809e-07,8.99943292934328e-08,6.30064401374467e-07,6.90217347828204e-08,6.21943445918122e-09,-2.27732892904465e-08,-6.6427170058623e-07,-1.20359775002088e-07,-4.94035109107042e-07,1.07318631785618e-06,-4.40749063282408e-07,-4.00030944085796e-08,6.17071768649959e-07,-1.21717406445188e-05,-3.75429647259066e-07,-1.2836483886616e-07,-1.45374289262419e-05,1.6738856777274e-06,-1.42544444755292e-06,-4.17465609501784e-05,0.0234020877926546,1.40629101852307e-05,-1.62064262775842e-06,-2.61610506268896e-08,-1.28163034423769e-06,-1.35376290555523e-06,2.29029513905307e-06,3.85510932891034e-07,-2.22301749826319e-08,-3.21634202700806e-08,-3.9139254500145e-08,-2.9893907246636e-09,-1.59474069145253e-09,-3.38112436489264e-05,-3.02390482978376e-07,-2.27512187646743e-06,7.43431604899335e-06,2.94912318786217e-06,-4.5910394544413e-07,-2.49283590440098e-09,-5.59449267714721e-08,-1.9449557719516e-08,-2.20492516026967e-06,5.90940498907599e-07,2.66009317015243e-06,-4.59724010427401e-06,-8.24349960569409e-08,1.61176220302706e-07,6.52805706647659e-07,1.58568827883457e-09,1.16640617004914e-07,-1.72739502018234e-07,-3.21389477521643e-07,-3.09669923336863e-07,1.96684107384695e-07,8.91128474232863e-08,8.91346858029857e-08,1.51673098815116e-05,-2.52362860865969e-09,-6.14678125249411e-07,-7.01017340936194e-07,-4.65249085425497e-06,4.58667118775225e-07,3.23139774939096e-06,-3.54256435874269e-06,-3.02826181514257e-08,-1.5526853590626e-05,6.80026477705483e-06,-1.89713267514291e-05,-1.86578128801898e-06,-2.02744070445311e-07,-0.000692502545721515,3.60973129862497e-07,1.74695563019072e-07,-3.67909549567096e-07,-2.10561169749601e-06,-1.22013553201463e-05,2.82418189258442e-05,0.000668309621733318,2.47788182606119e-05,-3.34840073051816e-05,-0.143059132231041,0.000711246378610449,1.78744728987539e-06,1.5688201679427e-06,7.56498411552539e-07,-2.4536624387515e-06,-4.10842824367622e-07,-1.42331536759847e-07,-2.25781417026705e-07,7.21639477985378e-09,1.56224082445567e-08,2.7791592525903e-07,-9.39352540303275e-17,2.12349641774271e-05,-1.48420420501092e-07,-3.3046293900648e-08,-2.31504122614157e-07,-2.77193371718332e-07,6.30984706035252e-08,-8.69315800131205e-08,6.46910812965211e-07,-8.21051364158955e-09,6.67599822048723e-10,-2.46284540241049e-07,3.88430688390872e-06,-3.42273609389211e-07,0.000467912641229282,2.65886424819104e-07,6.81820995767882e-09,-5.49634237320511e-10,2.89140789278985e-08,-3.06322372580594e-08,4.84665448621983e-07,8.4858426225151e-08,-1.66277567613151e-08,3.68078225476144e-07,-7.14643520790192e-08,7.84525272232666e-06,-6.60034338938172e-07,3.95629615514094e-08,-1.34628284889357e-08,2.98246261106198e-09,1.09340695308783e-06,-4.6089918111951e-07,1.67011659423481e-08,6.65993010687916e-09,-1.43178927250013e-08,2.30258319008143e-07,-2.59488388236088e-07,3.05933714683093e-07,-7.81239511459637e-07,5.96968015012341e-07,-4.30146634432449e-08,5.15095269027181e-07,-3.48059820878011e-08,1.00476591547181e-07,-7.75367565771136e-17,-2.41208123968299e-07,-8.23503005646983e-09,-1.41782718798206e-11,-1.1949498178819e-07,1.10243090129197e-08,-6.73878814815493e-09,-2.93574621217202e-08,3.08384324042182e-09,-1.26865580117634e-05,3.10344838955195e-07,1.17631310273042e-08,-9.47915627534081e-09,1.20026862438043e-07,-1.43144543042409e-07,5.75920618291596e-07,-5.29122621729621e-08,1.01947833452314e-07,2.70063191466296e-09,2.71890800305552e-09,7.36998564781647e-08,-1.36672168324921e-05,-9.47870833981713e-11,1.31560257586901e-09,-1.11588834188376e-08,5.28614367374811e-08,-1.10840796123362e-08,-1.08955680297722e-08,-1.24990417587553e-05,2.40069297634607e-08,1.3704073153606e-08,-2.52362394700274e-08,1.00709837388388e-07,-2.63158672500513e-09,-2.67484573073262e-08,6.14931550452564e-08,1.85790935236008e-16,-3.83907926136642e-10,-3.24254519310914e-07,3.19203022577409e-08,-1.24596751255045e-07,-2.11102720124836e-08,-3.32860358654137e-08,-8.0165746375285e-08,1.22531304519257e-06,-4.96641307730598e-07,7.37162630517834e-16,4.61687911739435e-07,7.50964376147813e-07,1.69618400495709e-08,-1.07417353954272e-07,-1.46285720456461e-07,1.06587819840346e-08,4.58880630651002e-07,-1.34262980564507e-07,1.10912024991733e-06,-1.98140397471002e-06,0.0624988620029955,-6.12530483066784e-07,-1.44625201704917e-08,-4.61281449154341e-10,-3.17937387032275e-08,-3.21652535070196e-08,8.66867786978799e-08,-8.62637557768321e-16,9.50154625749661e-07,-8.070068784451e-08,-2.32740410279013e-09,-2.4216581979351e-08,6.11364346625381e-07,1.57022788180777e-06,-1.11319856062863e-06,4.0841370772004e-06,1.57169368457061e-07,9.04958684405909e-16,2.99822694360636e-07,1.58924729957299e-07,4.05760077503297e-07,-3.19300598406068e-16,-8.12047158640638e-07,-1.57515678401855e-06,2.42222130755751e-07,6.93097243044887e-07,2.38164881878e-07,1.30971759879898e-07,4.81216006987336e-06,-2.10114122143739e-07,-0.000776205360360791,-7.1409230279538e-08,-2.98474621211382e-07,-5.73117113579143e-07,-6.86989881686945e-16,2.62928995717799e-07,-6.78418612332988e-07,-0.000402597466275361,4.21753566027067e-07,-6.11742513101855e-17,4.77088482200937e-07,-1.34020503617354e-07,2.60187744447984e-07,0.000133634946444848,6.21743870699863e-07,-9.29617759131052e-07,1.03506680467058e-05,-1.89803489451656e-06,2.66099022035586e-16,-9.10591636126289e-06,2.3685670441833e-06,-6.97057956079716e-06,-1.32784700449247e-05,1.35797661770009e-06,9.33374872323958e-09,1.57165946923499e-15,-4.33143242093076e-15,1.04059881851156e-08,2.01865077694708e-06,-2.71006524163244e-07,2.37163028370649e-06,-1.15327135107633e-14,1.62190195964481e-06,2.34835039742184e-08,-1.81753959343785e-14,2.4682769878816e-15,-5.81500843044826e-15,-1.45400331539085e-05,-5.56865234097806e-05,0.810829417282945,5.85441104973507e-05,2.61820483381725e-05,2.8109178419321e-05,-1.53288385033492e-05,2.17257704013086e-15,-1.80444359192915e-06,4.39231669187996e-06,-2.50820450491395e-15,-1.9034261498917e-15,-1.85583453052299e-06,-7.0327293660749e-10,-9.39332617390452e-07,3.66285091401271e-06,8.05279453648043e-07,-2.24578490935465e-07,-6.44290034264554e-16,-7.42054408173698e-07,-3.48729653749081e-15,-2.41101512304493e-06,-2.19477756281672e-15,-8.0803791294991e-07,-1.20293653975438e-15,0.000295776750560427,8.2281390366018e-07,2.38652210630913e-07,3.08379196387201e-06,2.00935813882436e-06,-2.24212323243859e-07,1.39008971633874e-06,3.47700307465631e-07,1.69078840058258e-06,1.53946056664785e-07,4.50390959258496e-07,-1.24242856109664e-06,-1.59098496569254e-06,-1.28644135680982e-07,-5.86007107739657e-07,2.07469222328263e-15,5.55789329325617e-06,-9.97602783238531e-07,0.456829047657268,-2.19060520061563e-14,-6.49120847118427e-09,6.85912912622978e-07,2.84302391806332e-06,-2.96054659056353e-16,-9.56984427284545e-07,-4.2813519524984e-07,-6.37978361243e-15,-5.82375196901481e-07,1.84731732532632e-06,2.50575690126811e-15,-1.22995301181822e-15,-6.86067724329294e-08,-2.78511001408898e-07,-1.59490474235123e-09,-2.22649555214322e-06,6.00957057224338e-07,2.34403231794744e-07,1.71000833511458e-07,0.000197613245314375,-3.82930930690603e-06,1.94186030103016e-15,1.07365183476012e-08,5.61039970601317e-09,1.57910668472374e-08,1.51934366174892e-06,7.75313184085372e-16,-9.69816201829632e-16,5.240306385869e-07,6.55467992104358e-16,-2.48501242549711e-15,0.0619016946590609,5.38355859583264e-06,1.29738223756039e-06,1.6065641743059e-09,2.45534120637774e-07,9.37540305977439e-08,1.00290872841058e-08,7.22557611395805e-16,9.94343024010617e-08,4.94836530552326e-09,2.31010667410249e-08,-3.29021342390331e-07,1.39669246925254e-06,-1.30332938612007e-15,8.99882707152102e-16,2.41801318185934e-15,-9.72279190595182e-08,-6.25359593759675e-08,-2.75371472813594e-07,-3.13158126260504e-14,-4.84078900400493e-08,-5.7421500382146e-16,-3.1742312292111e-16,6.07787415825579e-06,-1.33457428603995e-07,1.88434337577981e-16,-3.28521994992979e-07,-2.24459365962529e-07,-1.07975942425584e-16,5.8848581098336e-05,-4.22531536222859e-16,1.34856385937834e-07,-1.46200159373271e-15,1.34518853328595e-07,1.16422423117476e-06,5.57815840863923e-08,3.96376928105686e-08,2.71946308220003e-07,-1.79288957431035e-07,3.71993318432545e-07,-1.38563837097797e-16,3.21229149427103e-06,-1.8115673263837e-07,-2.01477711885973e-16,-2.38390390413641e-08,-3.66245732274872e-07,1.12414039190924e-07,5.2597336362008e-17,2.70503352250195e-07,4.72723085723449e-07,-2.49313745851202e-17,-8.90724349030139e-07,-1.9684186713042e-07,-1.35221075912638e-08,-9.2477844508796e-16,-7.31770009754851e-16,1.81140191088356e-07,5.5269738846601e-08,4.46838084652137e-09,-9.36524697267938e-08,3.21535047903447e-08,-1.35961634715826e-16,-5.93276633829824e-16,1.17185183877747e-07,8.07576053979016e-10,-2.25758553890778e-16,2.82329020852556e-07,5.0498368503779e-20,1.92783861402633e-07,-5.36755698029495e-08,-3.13536343159978e-08,-2.07642466090156e-07,-2.78660690292439e-16,1.40783173921072e-16,-1.23236356952889e-16,-3.07763175658499e-16,-2.18734023790662e-08,-7.58136442700776e-08,3.56504956653937e-17,9.09193470981497e-16,2.56500742718359e-16,1.06415901395095e-07,9.55177566795276e-10,-5.24238566106408e-08,-2.80653774590035e-16,3.94514065513163e-16,3.94649590784724e-16,-1.68129074567739e-06,6.80745628092457e-08,-1.60734359238322e-16,1.1891156141811e-08,-3.10549070491236e-07,5.54577202772858e-16,-9.26364928190522e-17,-1.61547869133627e-07,-1.65463853675548e-09,-7.98262970652463e-08,4.18498666163352e-17,8.94897063878465e-08,1.30064990130126e-07,1.39182836349949e-07,-1.26594272062695e-07,-4.0243523348091e-05,7.2945182574897e-09,-7.89344244699543e-16,-7.09258436013803e-16,-1.11083320619384e-16,1.3732791126369e-07,-1.24319021607552e-07,-3.53675911233852e-08,-2.76422631384872e-08,1.66018950202163e-15,6.68040604180916e-17,-2.55211659653651e-16,-5.13578921355073e-17,1.91552583928565e-15,1.73369327400228e-07,7.41395616772777e-18,2.98002376598451e-16,-2.11577904083212e-08,-1.28451437769315e-16,-1.89371587652306e-08,8.02806840410332e-17,-2.34722583231656e-08,-1.38313813007504e-16,-2.82994433200727e-08,-3.5379611143894e-09,-4.26307876134248e-07,5.77857003188609e-17,1.13169185718932e-07,-6.90974602599563e-17,1.59908882247261e-07,-3.70098416945748e-07,1.5477405323717e-09,8.54789167901359e-17,2.25265809728917e-07,-5.55166933218589e-17,-5.5179609750676e-08,-3.11403678592861e-07,-1.91994686597173e-16,2.66764051619383e-17,-3.3989064156704e-16,1.63543172258205e-16,-1.04250428649421e-09,-1.35656831794777e-08,-3.02662061269386e-09,-3.14471884744824e-16,-1.22224343872445e-18,-4.21603550085905e-08,3.43849795835351e-07,3.66935701230031e-16,-2.97755626854464e-16,-1.36703731690749e-08,1.82881585653753e-16,-9.67798777694504e-08,3.10835603110249e-16,9.11072365210541e-07,1.38202949182794e-16,-2.12168190946751e-16,-2.79842572606184e-17,-1.94190786559934e-16,7.83253888690967e-17,-5.01647449837159e-16,2.30187608936579e-08,-1.60971553750933e-07,-2.85762699805483e-16,-8.06107243501796e-08,3.06380148936117e-07,-1.25754752599831e-16,1.30808757831439e-17,-4.83350740440449e-18,1.21247245923536e-16,3.0098470534357e-08,4.80953183111307e-09,1.45853127511185e-17,1.3919575863641e-17,-5.45661834303035e-08,-1.94625624523316e-07,-3.89598836763154e-09,-2.75679931836151e-16,7.73973755222796e-17,1.88317286327692e-16,1.92094868810684e-16,4.0600063173435e-16,4.23272368027159e-17,1.14200447108821e-07,-1.07949436658586e-07,-2.07447820906736e-08,-4.96317734568551e-18,1.45054972786084e-16,-3.78166060317318e-16,1.07591446611896e-17,-2.14490003654611e-16,-1.02726640144249e-15,1.1801755568579e-16,3.0523617522454e-16,3.32378106349629e-17,-2.24661509518661e-16,3.20239163924161e-16,-1.60235054400263e-15,-5.76220990741628e-17,-9.04601039096396e-18,1.49005806939206e-08,1.19120543225121e-16,-9.61798192974062e-17,2.26579466283387e-17,2.10631777293095e-07,-1.91737763191051e-09,5.5441344908674e-17,-5.4333107392094e-09,1.92070534996287e-07,3.85979283268866e-17,-1.95673316928254e-16,-2.79426058555529e-07,2.80760965726481e-16,4.70722450349113e-09,1.47266669901005e-18,1.08104724864096e-16,1.26348112380324e-16,-2.39832227845748e-16,3.46861207634035e-09,-4.76185111685417e-07,9.68507477719772e-17,-7.12146293321281e-17,3.88154042937009e-16,3.93104962378329e-16,-5.4372738950148e-17,-5.13237004677773e-16,-2.06437504398842e-16,-5.32525820864615e-17,7.47595281695606e-09,-9.25291624060816e-17,9.30529539835863e-17,-8.99567889339274e-17,-3.78601672841589e-17,1.26255152618743e-16,3.30133628969886e-17,-1.1118782484612e-07,6.00546219694444e-17,1.89830452953509e-16,8.2854140418221e-08,-5.84364276284656e-17,5.86880176155968e-16,2.53752443809457e-17,-3.02244269450551e-16,9.08073051701995e-08,3.66535131135907e-18,-5.06266597285058e-08,2.89592128006869e-17,3.29788262855865e-16,-8.46232038033853e-16,-5.6107250667888e-17,5.17208918786279e-18,1.01229973613318e-16,1.8252508680616e-09,-2.31903112812297e-16,-1.03692651659998e-17,1.35944560772135e-08,-2.27446996205376e-07,1.48043342078346e-16,1.59097503806013e-07,2.32911628982805e-08,1.1561594845599e-16,-3.01255246645821e-17,6.01727993219304e-16,1.70448896724572e-17,4.87117369716896e-17,-3.88609157195236e-08,-1.99643560060193e-16,1.04153401386311e-16,4.57040055453979e-18,1.55316582340478e-08,5.72432725585972e-17,-5.92499107650394e-17,-7.37641496640614e-17,-2.87574080354261e-17,-7.06063275188169e-09,-2.0478749275476e-16,2.80738685019094e-09,8.81624876259876e-17,-1.94835836101785e-16,2.30399904699765e-16,6.43475419277533e-17,4.59671659474959e-18,-8.97275144279958e-17,2.31739759744067e-16,-4.85293912696147e-08,8.01842303163602e-17,2.1902227129617e-16,2.03838152596388e-08,-1.41356058178308e-16,1.82506689334616e-17,1.83072057014766e-16,4.70008177100192e-17,2.7916664255057e-17,9.88971768330629e-17,-1.11430050959632e-07,4.08697590766615e-17,-4.37197199375668e-16,4.38227803102595e-08,5.61995826887037e-16,-1.30661231155501e-16,8.66162916791277e-17,-9.11625436330982e-17,-3.21391951719904e-16,1.30103974663717e-16,-1.43866529091997e-17,1.47421173620316e-16,-2.84815122940802e-18,5.64896519231612e-17,-8.52604796025491e-17,-2.28866769205323e-08,7.58524796914145e-08,-1.15699022615544e-16,-1.38238828342774e-16,1.85828107038622e-16,2.43760737955634e-16,9.04007771418414e-16,1.35957486252203e-16,-1.14117431525836e-16,-5.47671424794955e-17,-4.95696173785719e-09,-1.83964137287318e-16,-1.14331985846701e-16,-8.71731078435615e-17,-2.97544937890585e-16,6.33277249338307e-09,-1.72950678430899e-16,-1.32449119628162e-09,-9.6660683072154e-17,6.06171422035712e-16,-9.31902233711192e-17,-7.2943693311308e-17,1.54636253221775e-17,-3.54850303681963e-16,-1.73862490203033e-17,1.46153797717551e-16,-9.35895773663981e-17,-3.45517108486532e-17,1.14484208217545e-16,5.98131015385731e-17,-1.54980851703559e-16,-3.22430641780368e-17,-5.36420868588043e-17,-6.19634514239928e-18,8.64315869768123e-18,-3.04167449715732e-17,-1.95436418364308e-16,4.44607552566826e-17,-4.58617518961368e-16,5.99832171327194e-18,-1.96871448669367e-16,-1.12551191444076e-16,3.06536386255526e-17,4.72402766909806e-10,-1.9937698967933e-16,-1.97774191126391e-16,1.12668262907925e-16,6.96916851557206e-17,5.80448633240298e-17,-1.75503248613893e-16,-8.62653730488633e-17,4.2368037237089e-17,-7.10032043164897e-17,1.42154272347665e-18,-3.24826970876657e-16,1.90356126423674e-16,-3.65692327518764e-17,-7.63435004414821e-17,4.50021614161815e-16,1.66933504193601e-16,-1.10770716913283e-16,-6.04610559358076e-09,9.63970347111641e-17,-4.8373373369382e-17,2.57028417241168e-16,-1.9018091184727e-16,-3.77753677548965e-16,2.41024940551037e-16,1.43763690891884e-16,-1.13685711968369e-17,-2.41225979590775e-17,1.27395755892003e-09,4.13993650923274e-16,9.46236260907362e-18,4.47635213535161e-17,-1.35748474896583e-16,-4.2945437451034e-17,-1.21536992955331e-16,-1.30277459053883e-16,2.45042537647182e-16,8.20699937440003e-18,3.48344923354417e-16,1.4103321885842e-16,-3.45583017146184e-18,-5.12819392611165e-17,6.39295629927421e-09,-1.46023859052634e-16,8.92790635461148e-17,8.02625492096486e-17,-1.96522485784723e-15,-1.91958015844884e-08,5.10766399982689e-17,9.34103394409825e-17,1.42385482281921e-16,2.40395806530312e-16,-1.1330270305402e-17,2.90420979567549e-16,1.8058086577924e-16,3.51628066227835e-18,-1.12955733820148e-16,-7.53718794598009e-17,8.24711963013362e-17,1.29595202830675e-16,-1.53961371273813e-16,2.30072842298161e-16,-6.73493049443344e-17,-2.00856315768794e-16,-4.30959246010458e-16
"t103",-0.00778589374310523,0.0233006519200019,0.0266683326228922,-0.00836608435700716,-0.134545685209836,-0.0299470335112392,0.019305092532203,0.000309831098898946,0.0010333173335052,-0.0022766886137595,-0.000625186681642,0.00379552199039796,-0.00557867330331173,-0.000543736259464914,-0.00379795405397354,-0.00105901468602266,-0.000988609824738339,0.000415722254595496,-0.000369933102035056,0.000273262929813493,-0.00102054965736472,0.000218879403756424,-0.000463070270888479,0.000959607766592181,-0.000150795169054306,0.000354028805807213,-0.000442135599436076,0.000409221608034995,-0.00354274708371947,0.0093942899229712,-2.29131664206423e-05,3.26426710014752e-05,-0.00144710776266043,0.000237600444893341,-3.08914518176312e-05,-3.47424112164312e-05,-0.000160979816917451,9.42541959846434e-06,7.49063554043321e-05,1.96898230507864e-05,0.000936712485026593,-0.000106488523279003,0.000106556381886628,-9.04039708557141e-05,0.000467364661984464,-0.172048744823104,2.40015442264904e-06,-8.45019443752653e-05,9.69999049617797e-05,-0.000209119605641821,0.000233683337850663,-0.00014778988556737,2.06962327677736e-07,-7.28465531063221e-05,2.65168822095819e-05,-0.000280173297329041,1.29118416240664e-05,-0.000941365907297217,0.00032310123137785,-8.28931795499202e-05,-0.000134085493134737,0.000242126734299079,-0.156514708544608,-0.0200220293630386,0.000121094105483213,-0.000230920171733201,2.76948772575235e-06,-6.06507127299019e-05,0.000130258332349,-3.06563640427221e-05,-4.16649072371983e-06,2.22006562901841e-05,-5.89173505476799e-06,-6.06743276316725e-05,2.58955724344012e-05,1.93198026946692e-07,-0.000241177704925448,2.91237785205087e-05,-0.000143440394105545,-0.000197923861548986,8.26536881642615e-05,0.00136368549168917,-0.000694142547449282,-0.176535464901882,-4.76382227269224e-05,-0.00138034452013436,0.000169597413569206,2.14527097572553e-05,0.0196851748532318,-0.000193535881394348,3.07666070720078e-05,-6.22727709165532e-07,-2.98238514082024e-05,0.000284536301250248,7.9391682961854e-07,4.38248582977971e-05,5.13717367389373e-06,-2.34243834029418e-05,0.000188451552245921,4.48432690316632e-05,8.98030808300042e-06,-7.66925327431388e-07,1.21028901554436e-05,-4.2178637662289e-06,1.93767666377492e-06,-4.27192699438397e-06,0.000126628179264874,-6.19726344623595e-06,2.33914580274299e-05,-1.34108803578897e-06,-3.67160814431819e-05,-0.0418735199906916,-0.000183708114108059,4.58505476725425e-06,-1.03709826915048e-07,0.00809721639337341,1.40980811968579e-06,5.14619508705548e-09,6.48929130135965e-08,-2.55391969045066e-07,1.8989238806314e-07,-8.29500892992275e-08,-1.2579807594039e-07,-3.70253821601798e-07,2.81800844975329e-08,-7.55313903775046e-07,8.11863280834706e-08,-2.08950779070876e-07,8.63509444008859e-07,2.86502895766416e-05,9.56972430005039e-08,3.89211806534892e-06,-7.82996799696208e-07,-1.0387606024766e-06,7.40672573576576e-08,2.07369263375841e-06,-1.70411342733077e-08,-1.62080236343885e-05,1.67263079232954e-05,-5.25467872218758e-05,-8.4503719896696e-06,-0.0023286690032031,-4.57395559160823e-05,-1.98573531287558e-06,-1.0421613786281e-06,9.87223386272516e-08,6.92668242775762e-07,7.6048841047574e-08,6.85646484845803e-09,-2.51369436301527e-08,-7.33289313382436e-07,-1.32928137215389e-07,-5.45776440527355e-07,1.18596113711604e-06,-4.88502439088654e-07,-4.43583484920145e-08,6.84485106644429e-07,-1.36073685630403e-05,-4.20528334594478e-07,-1.43827927918734e-07,-1.63158152238401e-05,1.87930026691282e-06,-1.60383789245851e-06,-4.69835454468756e-05,0.0263941606179889,1.58940450675274e-05,-1.84299460700429e-06,-2.97569157267972e-08,-1.4578745875574e-06,-1.54124707343372e-06,2.6101103849953e-06,4.39407398304367e-07,-2.53890763998753e-08,-3.67571765932936e-08,-4.47910747251561e-08,-3.42223187733024e-09,-1.82596615608263e-09,-3.88397564152433e-05,-3.48551239874176e-07,-2.62398369632072e-06,8.57914732372585e-06,3.40901671757593e-06,-5.31044993154837e-07,-2.88531364462778e-09,-6.47924002440288e-08,-2.25717380950666e-08,-2.5601870851649e-06,6.89235391285335e-07,3.10302870961359e-06,-5.37090347582555e-06,-9.6718060682296e-08,1.89783483569603e-07,7.69638546188979e-07,1.8730049937209e-09,1.3797044494812e-07,-2.05202560751425e-07,-3.82146343800049e-07,-3.68947199774731e-07,2.34569470334701e-07,1.0712162798825e-07,1.07188496917795e-07,1.83022021560423e-05,-3.05569629653872e-09,-7.50583745071207e-07,-8.56046497030759e-07,-5.68589776180931e-06,5.61918189900592e-07,3.9656067679205e-06,-4.36754185461882e-06,-3.75527338542334e-08,-1.93468101481512e-05,8.48596716835731e-06,-2.38371096465731e-05,-2.35346196471012e-06,-2.55764077302852e-07,-0.000876290860486119,4.60430089107531e-07,2.23176307897103e-07,-4.74014216166633e-07,-2.72928361491873e-06,-1.58488885316589e-05,3.70131363344739e-05,0.00087777246410522,3.26230556748033e-05,-4.44130305144688e-05,-0.190042834663712,0.000945189892687442,2.39547720957077e-06,2.11353458424135e-06,1.02524806661201e-06,-3.33447022176859e-06,-5.59929800763205e-07,-1.94508108650021e-07,-3.08788157805891e-07,9.94122869138823e-09,2.16207345103167e-08,3.86583295678507e-07,-3.14570621336368e-17,2.97588733773338e-05,-2.08312499652263e-07,-4.68789379652584e-08,-3.31206869515305e-07,-3.99428745054379e-07,9.09629746436737e-08,-1.27062111401845e-07,9.4780001240589e-07,-1.20426343495786e-08,9.84419362191259e-10,-3.64491242396522e-07,5.78771859129605e-06,-5.1155557213955e-07,0.000700220324291316,4.0069785289201e-07,1.06004389906104e-08,-8.64643425325766e-10,4.59482326438293e-08,-4.98147117714874e-08,7.89513545947254e-07,1.40622493065158e-07,-2.78305710687783e-08,6.25190882603608e-07,-1.21972714165087e-07,1.34589328571361e-05,-1.14055063004648e-06,6.91202586802366e-08,-2.35507980529421e-08,5.37328168069404e-09,1.97129330685763e-06,-8.31607132477526e-07,3.03889596412731e-08,1.21568130626272e-08,-2.64056729676827e-08,4.25478002952571e-07,-5.13421821585962e-07,6.10329283702202e-07,-1.56894636246986e-06,1.2177872346007e-06,-8.88895588228282e-08,1.09752385842056e-06,-7.48542620537676e-08,2.17710132607228e-07,-3.33448253500492e-16,-5.36773393930153e-07,-1.8392420722728e-08,-3.20492200151291e-11,-2.78229975241495e-07,2.6369527757402e-08,-1.6334626333277e-08,-7.16406911225898e-08,8.27653310727497e-09,-3.42792790341206e-05,8.40098806515055e-07,3.28772057545293e-08,-2.93373385474737e-08,3.78825677295648e-07,-4.58162558430614e-07,1.93520911988921e-06,-2.23659236167589e-07,4.88592390376647e-07,1.30476792742015e-08,1.31677638172897e-08,5.66139144084214e-07,-0.000502274300516837,-7.45048933238003e-09,-1.44578490019997e-07,3.04718382863781e-07,-1.16668745718064e-06,9.03941300223177e-08,8.45872534535266e-08,8.90867653777634e-05,-1.61913733106618e-07,-7.82676959465512e-08,1.22532133894451e-07,-4.27288924215488e-07,1.05663319670847e-08,9.82461013359946e-08,-1.89714054333664e-07,4.6255980592916e-16,5.24608119209641e-10,4.13710265837912e-07,-3.68355161122673e-08,1.4336121138094e-07,2.42143868797406e-08,3.72666803318939e-08,8.57726089994524e-08,-1.24278556909625e-06,4.52537285765382e-07,-1.66759753179161e-16,-3.30383585700304e-07,-5.21590682223123e-07,-1.10514733602833e-08,6.94558464095008e-08,8.07087974742145e-08,-5.38408662843921e-09,-2.0440091484345e-07,5.4809936181394e-08,-3.75066009256882e-07,5.71760024880597e-07,-0.0169591978690332,1.69123744491432e-07,4.26708481098385e-09,2.53102929023349e-10,2.22168813309446e-08,-5.75999309495872e-09,2.1619620389758e-10,-1.86253946131685e-16,-4.55006288971128e-08,3.15364514537342e-09,9.07405755767751e-11,2.80143566585896e-10,-4.49080035778308e-09,6.69432809281014e-08,-6.23495469710673e-08,2.39326499614009e-07,1.0727007970366e-08,-1.66712411554566e-15,2.36767271966266e-08,1.31716859399405e-08,3.94058517323708e-08,9.96974689709151e-16,-9.08400495560205e-08,-1.81532233899575e-07,2.83365211187442e-08,8.35509053333115e-08,3.01105399364782e-08,1.71271358734573e-08,6.4542498582938e-07,-3.02229821527318e-08,-0.000112527956908572,-1.08144818093023e-08,-4.8495599033025e-08,-9.34351307028899e-08,2.12276105281629e-16,4.82153091559212e-08,-1.26699993226286e-07,-7.81232450451046e-05,8.63373212076385e-08,-4.5119675735253e-16,1.07900336888753e-07,-3.32373680477752e-08,6.68981467152151e-08,3.49082761382884e-05,1.65402562016671e-07,-2.55304855703701e-07,2.97853826080512e-06,-6.00228360121707e-07,-1.143134971149e-16,-3.07100416844008e-06,8.02756210970521e-07,-2.38617117197511e-06,-4.60577728778595e-06,4.71490446490311e-07,3.25228054818127e-09,1.97064586870965e-15,-3.67307960662288e-16,3.69718319881175e-09,7.28422381323064e-07,-9.79720246801662e-08,8.68344295243578e-07,-4.34455256240169e-15,6.08662053463621e-07,8.89812202228706e-09,-9.30141758165227e-15,9.97487029219259e-16,-1.72163093949505e-15,-5.65062002994014e-06,-2.17001100839034e-05,0.318672667625593,2.31519016293325e-05,1.03608370671468e-05,1.11839620236967e-05,-6.10235983708996e-06,6.39826852266651e-16,-7.23600168088286e-07,1.76386614119887e-06,9.96663682666069e-16,-2.80127814644628e-15,-7.44604159441792e-07,-2.81623342905374e-10,-3.7471836363593e-07,1.45620740515102e-06,3.17377173938358e-07,-8.83609964479851e-08,9.91749110036239e-16,-2.91245376880858e-07,-2.26903001054873e-15,-9.3867929974661e-07,3.5913383811953e-15,-3.12408097804564e-07,8.63663432774226e-16,0.000113185176903939,3.14146953706079e-07,8.76819620479297e-08,1.121119191784e-06,7.2708054083243e-07,-7.93061271699669e-08,4.80393205440655e-07,1.11939611387768e-07,5.43922337455378e-07,4.81448541264106e-08,1.32284839782757e-07,-3.24809869891912e-07,-3.59437640485292e-07,-2.44891142617768e-08,-9.93945503827643e-08,-5.18262525045605e-15,4.77349014869209e-07,3.99093092694774e-08,-0.865635029009137,4.21088105653906e-14,1.29530361959455e-07,1.80920611783483e-06,5.63898258869434e-06,1.68506257194271e-15,-1.71007260321489e-06,-5.8179767326596e-07,1.35740464240581e-14,-7.24871303371063e-07,1.7396644890231e-06,-4.01629601753834e-15,1.43741314031287e-15,-6.11013913589342e-08,-2.46989767937563e-07,-1.38836476217866e-09,-1.90106858953571e-06,4.95054173897125e-07,1.92579824963908e-07,1.39973028850589e-07,0.000156383176028578,-2.9677246948918e-06,1.79630615937398e-15,8.26515447417731e-09,4.31424666235922e-09,1.2097728647595e-08,1.15905808183566e-06,1.55467918431981e-15,5.19751366050141e-16,3.97605509059404e-07,4.2773303996234e-16,4.2793873201006e-15,0.0457660810810138,3.96686233827776e-06,9.55908057205503e-07,1.1760467416426e-09,1.79593682250225e-07,6.85639775422342e-08,7.32661299260034e-09,-3.32148026075804e-16,7.19522771962312e-08,3.57479186159606e-09,1.66799467360908e-08,-2.36992088271297e-07,1.00225729574908e-06,2.2482365951184e-15,-1.47591258189487e-15,-1.79784817213905e-15,-6.94812745982245e-08,-4.46266117523671e-08,-1.96489813177186e-07,-2.43129431284915e-14,-3.45011372239031e-08,1.96345689109937e-15,-7.31212465147275e-17,4.31739446069132e-06,-9.47984657221602e-08,-1.64777046174347e-15,-2.33252720244132e-07,-1.59334193701693e-07,-2.81451019610175e-15,4.17609173688395e-05,-1.83844108833758e-16,9.56796320650542e-08,-2.55494896876782e-16,9.54393152286654e-08,8.25996577037373e-07,3.95758302630577e-08,2.81219160440223e-08,1.92937647564485e-07,-1.27208072116253e-07,2.64012351892491e-07,4.14284400175333e-17,2.2813348958905e-06,-1.28666732743528e-07,3.44826519072656e-16,-1.69337321889448e-08,-2.60218043201723e-07,7.98881472441206e-08,5.15279837730082e-16,1.92400137865663e-07,3.36294571499205e-07,-1.05063222476816e-16,-6.33820685426213e-07,-1.4008646138452e-07,-9.62801997241718e-09,2.57373689909416e-16,2.23391193070229e-18,1.29138673883545e-07,3.94257028191665e-08,3.18782723356018e-09,-6.69976778967933e-08,2.30131576324396e-08,4.29847129339162e-16,-5.96899839293732e-16,8.39006809478284e-08,5.78221286837189e-10,-5.53974641247701e-16,2.02262167637738e-07,-1.88831756794682e-16,1.3818883275689e-07,-3.85050654243004e-08,-2.24933082357682e-08,-1.48996977805713e-07,-4.95465445275856e-16,-2.27023938738879e-16,-6.05114998338181e-16,3.18362099946202e-16,-1.57274534153226e-08,-5.4520911461853e-08,-4.97658426362485e-16,-4.15157162347591e-16,1.47205860867951e-16,7.65755878555664e-08,6.87518281002863e-10,-3.77615161560255e-08,-9.83471353803765e-17,-1.06919952492374e-15,8.11931901920082e-16,-1.21414729067925e-06,4.91645543519733e-08,9.74941520425093e-17,8.59670105631267e-09,-2.2460369720817e-07,-3.18656821327813e-16,-3.17391596510262e-17,-1.16953196936535e-07,-1.19797597008722e-09,-5.78285003760005e-08,1.25884216581823e-16,6.48919456148775e-08,9.43651640601313e-08,1.01056385242582e-07,-9.20111688226897e-08,-2.92579030955469e-05,5.30603771758164e-09,3.63646245842483e-16,2.95932103633479e-16,5.9229081776389e-17,1.00191515766579e-07,-9.07046867262146e-08,-2.58145150916477e-08,-2.02150492933908e-08,-4.43306083931792e-16,1.14999788567279e-16,7.75637915710257e-16,3.39939153764127e-16,-1.67869225094134e-15,1.27045502099313e-07,1.39392074302221e-16,-4.89004209119686e-17,-1.55169039246684e-08,9.52106281603323e-17,-1.38889093531842e-08,1.04646321127365e-16,-1.72162851677486e-08,1.26489068421031e-16,-2.0785805437383e-08,-2.59947690388503e-09,-3.13383805060121e-07,1.87262303686888e-16,8.32439367205102e-08,1.06873536289071e-16,1.17785481272626e-07,-2.73093529535298e-07,1.1421575666269e-09,4.78193129507988e-16,1.66355327780339e-07,-1.15874537679616e-18,-4.07958575331594e-08,-2.30242506590357e-07,-1.17497254708733e-16,5.93835026847703e-17,1.03527721846819e-18,-1.3772742561449e-16,-7.71522941801746e-10,-1.00420059402393e-08,-2.24110506209819e-09,-3.34429368735966e-16,-6.13151688504506e-17,-3.12614026837352e-08,2.54976186175393e-07,2.51051850022811e-16,1.46014778851171e-16,-1.01544683453593e-08,5.00998781304167e-18,-7.19152198329245e-08,-1.34458485728508e-16,6.77716935580994e-07,-1.14880486019326e-16,-2.26621291266563e-16,1.87363018241019e-17,6.75056626718407e-17,-3.69410460159065e-17,-3.96604726215163e-17,1.71596107088443e-08,-1.2000151402395e-07,1.69097451396168e-16,-6.0138668768847e-08,2.28642343094208e-07,-2.96923030175441e-16,1.74024763190422e-16,8.9556432153656e-17,4.16608517453157e-16,2.24916409147435e-08,3.59513065776473e-09,2.44091435976745e-16,-8.16130492504753e-17,-4.08024219233393e-08,-1.45539859777218e-07,-2.91383927493962e-09,2.92921739043658e-16,2.7964320993083e-17,-1.19828904379125e-16,-1.44522380016294e-16,-1.22626814973915e-16,4.58295467611912e-17,8.56218819335728e-08,-8.09537476942907e-08,-1.55605280552411e-08,5.09496508272367e-17,-1.42341123670147e-17,-1.85448547063261e-16,3.32908656682065e-16,1.18585662895039e-16,-4.26809467079107e-16,-1.40481384919363e-17,-6.23110656601259e-17,9.10979215839828e-17,1.90094603166906e-16,-3.43350069716842e-17,-7.34092700360386e-16,-9.95589183534455e-18,-1.90521796264378e-16,1.12195352931406e-08,1.3334909263185e-16,-6.6712895168708e-16,6.32783716946944e-17,1.58676939878459e-07,-1.44460067697274e-09,1.33939743605043e-16,-4.0938896360243e-09,1.44810415800686e-07,-2.09431439377837e-16,-6.34272523865039e-17,-2.10832950145945e-07,-3.10513953794587e-16,3.55502436844941e-09,4.20961129642548e-17,2.78463760860285e-17,-1.72689375982242e-16,5.64344622506978e-17,2.62343639648932e-09,-3.60191708435735e-07,-3.71149956336489e-17,1.35839196088078e-16,-1.70303502351137e-16,-6.95374774396805e-17,-1.2045486136314e-16,5.12740950907717e-16,-8.18147003762543e-17,3.92545939282046e-17,5.68370201510027e-09,5.65054237244216e-17,5.04709625965319e-17,-8.14895266102516e-18,-2.54044600604828e-16,5.77672857056219e-16,2.673435072976e-17,-8.46238402504272e-08,2.09286849745267e-16,-1.29075940628451e-15,6.30719441404208e-08,-1.95380503939641e-16,6.1355209067435e-16,-1.29860498952023e-17,1.82949526016475e-16,6.92873892260835e-08,-9.56360178571305e-17,-3.86449780495384e-08,-2.72726507276877e-16,-3.60544379069361e-17,-1.49293328943961e-16,2.51475611710329e-17,1.40235158067007e-17,-6.24343883804432e-17,1.3944518769971e-09,-2.21140614918232e-16,-1.09815278275725e-17,1.03925963929828e-08,-1.73882804782485e-07,3.58498871937888e-17,1.21697449167051e-07,1.7819068786302e-08,1.38894676750572e-16,-6.53747153532664e-16,2.05431963066181e-16,-1.11105493410832e-16,-1.53834187320457e-16,-2.98072525020014e-08,2.41186112839577e-16,-3.33637626763338e-16,3.02860463886946e-16,1.19209914230984e-08,1.11240400003271e-16,9.50810406720677e-17,-1.5140190931803e-16,4.968603642358e-17,-5.42394134539663e-09,-1.41425415475405e-16,2.1571963767845e-09,-1.92353927801321e-16,1.23227085106484e-16,-2.61963144481311e-16,-1.09556529210685e-16,-1.66305854103577e-16,1.93783055963201e-16,-1.59098032226207e-16,-3.73426577078111e-08,3.56449952567979e-17,-6.41969876344663e-18,1.56905234893293e-08,-5.00903639805159e-17,-8.90558027514417e-17,-4.88464991076222e-17,-2.94626318575961e-18,-2.41204503311778e-17,1.92400974790137e-17,-8.58675793036803e-08,-4.7273215021516e-17,3.88715584396936e-16,3.37861717368061e-08,-6.26857399214345e-16,-1.84124534728507e-16,1.02584179374853e-16,6.51529253035623e-17,-3.11032844254538e-16,-3.48361088706324e-16,-5.05636371773279e-17,-1.22071267795175e-16,-2.66309148334006e-16,-4.64579014924452e-16,6.4009232971541e-17,-1.767672659092e-08,5.85979263302698e-08,-2.94699695989813e-16,5.06506560894157e-17,-1.4361854387302e-16,3.70849981335065e-17,-7.06899816460549e-17,-1.9744398899429e-16,3.03187381495431e-17,1.10557917563662e-16,-3.83366514251604e-09,1.64953664696524e-16,-1.84441344192856e-16,1.77265058852338e-16,1.06241242977304e-16,4.902346467721e-09,-3.59635133290443e-17,-1.02641168454174e-09,-1.7221823517699e-17,-1.07200822402801e-16,1.42457818584454e-16,-9.07151578006082e-19,-2.54562934894029e-17,5.6883751606512e-16,-6.17625448301174e-19,3.08062247540245e-16,2.68779035457341e-16,1.44348171769978e-17,1.16862731812771e-16,4.16249056888012e-18,1.05678363938557e-16,6.16171211786349e-17,-7.57318348248217e-17,-2.80671083207234e-16,6.10735859945311e-17,-5.49639528972167e-17,4.55622352727069e-17,1.18564270036314e-17,-1.9033169137983e-16,-4.50171391309956e-17,-9.10217418551741e-17,1.75574642440607e-16,8.54348949088211e-17,3.67510548220653e-10,8.35666383673448e-17,-1.50504390874408e-16,2.37680668240082e-18,-5.28351414516394e-16,3.69461218637557e-16,7.0171022322044e-17,6.42417241576961e-17,-1.38151303678771e-16,-5.3537737860546e-17,-1.63923598010802e-16,-4.17959937493162e-16,-1.64567444736027e-16,-2.43996599174806e-17,2.22168914338771e-17,-2.91494023218436e-16,-3.38373125354597e-16,2.1306055141231e-16,-4.71579273688236e-09,-9.16994580530959e-17,-1.60639256212912e-17,-2.39674888392514e-16,1.08092370597623e-16,-4.08051090160723e-17,1.9118067504937e-16,-9.03779983034222e-17,-1.07978544431973e-16,-9.30896492087024e-17,9.96267124448964e-10,-6.49166394595447e-17,9.21206060513957e-17,-1.69919130955657e-16,6.41823643592096e-17,-2.13229909666121e-16,4.4674933651849e-17,1.40360060526543e-16,-2.00280044539229e-16,-1.28882404186352e-16,3.46184369245215e-16,1.42097120810145e-17,-2.56245424083708e-17,8.7064667813786e-17,5.01248866405412e-09,2.24102338745893e-16,-1.17221055040275e-16,1.51974683614789e-16,-6.96166214952942e-16,-1.5068833571145e-08,-1.06973482245569e-16,-2.49503338924312e-16,1.72806039121641e-17,-8.9272734020694e-17,-2.14811305207146e-16,-1.54042055928637e-16,3.46694107924181e-16,-2.72965369699894e-18,3.91500008292091e-17,1.24402801777791e-16,7.86475597727738e-17,1.80586263143303e-16,-5.29968083337226e-17,8.87890861193826e-17,3.7513321525218e-17,5.59789914159429e-17,-7.62422008594963e-17
"t697",-0.00779039761041464,0.023329064541815,0.0267019040761636,-0.00838020168237513,-0.134823703511735,-0.0300196422416343,0.0193528189081116,0.000310658041365289,0.00103657502453887,-0.00228539341392073,-0.000628220051729873,0.00381821747258598,-0.00561300798424613,-0.000547133471858881,-0.00382271894486899,-0.00106632815000731,-0.000995600342550249,0.000418715193610706,-0.000372658140802947,0.000275450059662683,-0.00102938607561727,0.000221167791824045,-0.000468183877174547,0.000970265261615732,-0.000152476527278617,0.000358165069930195,-0.000447362565079436,0.000414103045259408,-0.00358614513830444,0.00953028592004986,-2.32670066510061e-05,3.31698291025071e-05,-0.00147217575163347,0.000241912868459414,-3.14809668910734e-05,-3.5458803133577e-05,-0.000164341675532598,9.62541106531603e-06,7.6506638265499e-05,2.01167846869591e-05,0.000957613354760807,-0.000108922709332734,0.000109028768507876,-9.2504161396535e-05,0.000478413340326657,-0.176378385021165,2.46168530479753e-06,-8.66870460654694e-05,9.95688644952925e-05,-0.000214800448768856,0.000240245390400915,-0.000152003449056299,2.12875971657659e-07,-7.49672259330821e-05,2.73169776605123e-05,-0.000288672225055256,1.33415098237855e-05,-0.000973459517537504,0.000334148098407112,-8.58949355394172e-05,-0.000139148578140423,0.000251456446185548,-0.162643990448498,-0.0208092902515297,0.000125998558294812,-0.00024051937095056,2.89119826518104e-06,-6.33814947113119e-05,0.000136188400383696,-3.20797811016311e-05,-4.38010568601003e-06,2.34220610867252e-05,-6.21930579960894e-06,-6.41208508679135e-05,2.73704597657755e-05,2.04302767017359e-07,-0.000255090559276748,3.08337604758561e-05,-0.000152197805742597,-0.000210195804530673,8.79133483497725e-05,0.0014509475411216,-0.000740371102668329,-0.188432044577132,-5.10112210124483e-05,-0.00147937552665112,0.000181926543659932,2.30155633069965e-05,0.0211200567765643,-0.000207662653496372,3.30235632717764e-05,-6.70565167876398e-07,-3.21244260469056e-05,0.000307099783636014,8.59854067991805e-07,4.74896111884681e-05,5.56689477911606e-06,-2.54178096195892e-05,0.000204590750454026,4.87756214299682e-05,9.78288824493708e-06,-8.35581241429378e-07,1.31883962373183e-05,-4.62858309856464e-06,2.12749170119079e-06,-4.69235262744723e-06,0.000139193278970603,-6.81361535874187e-06,2.5727291276625e-05,-1.47582630147112e-06,-4.04122408995339e-05,-0.0461385479943373,-0.000202445773473861,5.0671052964397e-06,-1.14683154876548e-07,0.00896593632950417,1.5619988687159e-06,5.71116934035321e-09,7.21321843990655e-08,-2.84225858002101e-07,2.11476627561642e-07,-9.25987783346263e-08,-1.40647942508908e-07,-4.13985057233535e-07,3.15154925903188e-08,-8.46060247114303e-07,9.09524405429997e-08,-2.34408145568048e-07,9.72550711664264e-07,3.22695870427522e-05,1.07821150607169e-07,4.39693836045655e-06,-8.85018591509595e-07,-1.17455452047658e-06,8.38807714742995e-08,2.34895566604138e-06,-1.93673719927474e-08,-1.84701503515085e-05,1.91313297660799e-05,-6.01086190378161e-05,-9.67258240980917e-06,-0.00266633816489898,-5.23993861197623e-05,-2.2753191662034e-06,-1.19414510351855e-06,1.13281749498467e-07,7.97104712356697e-07,8.77721815187807e-08,7.91923895353586e-09,-2.90804103700993e-08,-8.4843700976292e-07,-1.53897207369898e-07,-6.32102346845057e-07,1.37411761677004e-06,-5.68181429496749e-07,-5.16254056774935e-08,7.96970134470507e-07,-1.60033385734134e-05,-4.95799162014343e-07,-1.69636423063477e-07,-1.92841490961599e-05,2.22216445392362e-06,-1.90161846239916e-06,-5.57253689135552e-05,0.0313889775824492,1.89510357083118e-05,-2.21426853673596e-06,-3.57611794278512e-08,-1.75216224390313e-06,-1.85431098467486e-06,3.14415916135398e-06,5.29407703200989e-07,-3.06643694296839e-08,-4.4428796427473e-08,-5.42300768222758e-08,-4.14512012024719e-09,-2.21213761321731e-09,-4.72387807064303e-05,-4.25661060058436e-07,-3.20675552242346e-06,1.04916170946304e-05,4.17732277211497e-06,-6.51233518412915e-07,-3.54102147917132e-09,-7.95740651323135e-08,-2.77883867222677e-08,-3.15378128180798e-06,8.53497456102578e-07,3.84322867479574e-06,-6.66385739119391e-06,-1.20591546554206e-07,2.37605202313844e-07,9.64952365138795e-07,2.35335461174718e-09,1.73632484700489e-07,-2.59486930625572e-07,-4.8374675092483e-07,-4.68080562003611e-07,2.9793002900861e-07,1.37248839108973e-07,1.37391468220879e-07,2.35473725445444e-05,-3.94604485185555e-09,-9.78079034780372e-07,-1.11555347884054e-06,-7.41579569352439e-06,7.34774513375805e-07,5.19485526943907e-06,-5.74901148344126e-06,-4.97297792877018e-08,-2.57462685717089e-05,1.13101459751507e-05,-3.19914063881191e-05,-3.17087112925285e-06,-3.44632119140113e-07,-0.00118438220975475,6.2720960840475e-07,3.04479126104533e-07,-6.52017687945714e-07,-3.77584204984236e-06,-2.19702294724996e-05,5.17390324001286e-05,0.00122946681116152,4.57951579814809e-05,-6.27711951668141e-05,-0.268969683716412,0.00133819286042224,3.4172966582576e-06,3.02916679288595e-06,1.47712229851814e-06,-4.81564101654888e-06,-8.10668095841364e-07,-2.82270917102682e-07,-4.48413340179501e-07,1.45261865337932e-08,3.17160038238225e-08,5.69515159083976e-07,7.70464624608419e-17,4.41130953765996e-05,-3.09177593627724e-07,-7.01863342164773e-08,-4.99268730965448e-07,-6.05542106140381e-07,1.37949084766526e-07,-1.947759487951e-07,1.45555979175896e-06,-1.85097953499293e-08,1.51922572332017e-09,-5.64064551967665e-07,9.0023688788628e-06,-7.97495682792274e-07,0.00109264319669142,6.28503012376913e-07,1.70012429196533e-08,-1.39804921198833e-09,7.48061178625892e-08,-8.23481702879085e-08,1.30657786479146e-06,2.35283811327193e-07,-4.68567897401422e-08,1.06216306638172e-06,-2.07833284760035e-07,2.30041183479119e-05,-1.95787480734403e-06,1.19421322479098e-07,-4.07196957819528e-08,9.44791602431425e-09,3.46750999404223e-06,-1.46344286184811e-06,5.37276772776768e-08,2.15308052159736e-08,-4.70292038542745e-08,7.5858155321999e-07,-9.48069053962762e-07,1.13154401369764e-06,-2.91813470841001e-06,2.28187271436076e-06,-1.67564282083674e-07,2.09771961543572e-06,-1.43656256213037e-07,4.19179580210897e-07,1.99382100799152e-16,-1.04529006016904e-06,-3.58707745511771e-08,-6.28153295630712e-11,-5.51848365337363e-07,5.28498408894325e-08,-3.29024546395253e-08,-1.44665001447684e-07,1.72774806646482e-08,-7.17172707280341e-05,1.75866198863321e-06,6.95307886895378e-08,-6.39335942948562e-08,8.29990425168454e-07,-1.00758716599463e-06,4.30964806551535e-06,-5.23888523914303e-07,1.17053892953597e-06,3.13007412672007e-08,3.16014517835562e-08,1.4424570593681e-06,-0.00138246263739342,-2.0724630660413e-08,-4.08565968788234e-07,8.78235233919896e-07,-3.38334411464026e-06,2.76662013567987e-07,2.59990418967821e-07,0.000275979194099182,-5.04315616851443e-07,-2.48243415281329e-07,3.96743590195553e-07,-1.41098861368561e-06,3.51992588568511e-08,3.32273535966949e-07,-6.63408521252677e-07,-7.64231390462141e-17,2.34400585181124e-09,1.90375154633142e-06,-1.77527157987586e-07,6.91898413840305e-07,1.17039448573615e-07,1.82266130824025e-07,4.29154375974484e-07,-6.39423954247578e-06,2.47199047755651e-06,-2.3885648505918e-15,-2.11051329734068e-06,-3.40497255394403e-06,-7.57225788246569e-08,4.78744072293634e-07,6.3610445409085e-07,-4.61500415405827e-08,-2.0036465293844e-06,5.97141657106254e-07,-5.4162619464165e-06,1.19139755276513e-05,-0.496693156882372,6.44353073869176e-06,2.00292105824804e-07,2.03326542854278e-08,1.93755282264009e-06,-1.12318990979281e-06,1.23606577923229e-06,-2.75921813223911e-15,1.20722537733104e-06,-6.89363628561621e-08,-1.98008103431383e-09,-4.0532191998059e-09,6.17824587294474e-08,-5.69865599654318e-07,4.77318924253339e-07,-1.79617129551175e-06,-7.48979868184627e-08,8.23429731302553e-16,-1.53012627485958e-07,-8.28092120241349e-08,-2.24674659215313e-07,-6.01649579828725e-16,4.69757255891321e-07,9.18376531449196e-07,-1.41755311376171e-07,-4.0851673028445e-07,-1.41812931386038e-07,-7.84832570460303e-08,-2.89599913552876e-06,1.27661271498627e-07,0.000472009536499595,4.35941667675127e-08,1.82789294043231e-07,3.51000582258356e-07,2.37769282051411e-16,-1.60263236061487e-07,4.12712091720618e-07,0.000243637394915261,-2.52658765197645e-07,2.46544735671634e-16,-2.7771109690859e-07,7.493249769519e-08,-1.42579592667415e-07,-7.25231411235468e-05,-3.33431578325272e-07,4.87349221248218e-07,-5.22203802179145e-06,8.65703098125181e-07,3.43567343629747e-16,3.78044411077493e-06,-9.75146629159291e-07,2.81986619855852e-06,5.24145461512507e-06,-5.35025527318858e-07,-3.6518201698237e-09,-9.73179870022989e-16,5.99282316533276e-16,-3.9098189750553e-09,-7.31899478155319e-07,9.78204559213205e-08,-8.28788252755775e-07,3.49689724758039e-15,-5.27392416872633e-07,-7.39159381067348e-09,5.36953240741492e-15,-7.10727503401454e-16,1.46355580118938e-15,4.1231731208003e-06,1.55781040063219e-05,-0.216312111012658,-1.49915314804736e-05,-6.67210056152819e-06,-6.85091610873658e-06,3.71665400479293e-06,-7.19324964323036e-16,3.98482617041614e-07,-9.37557176355474e-07,-3.75897330721381e-16,1.06461599766726e-15,3.44443281140503e-07,1.25964361933531e-10,1.60192259359437e-07,-6.03863253987886e-07,-1.24112838783461e-07,3.42268634540019e-08,1.28359850601725e-16,1.11353245820904e-07,1.10556054942503e-15,3.45611534101306e-07,-7.08471909610653e-16,1.11856733288383e-07,-2.50551682078373e-16,-3.91024252332187e-05,-1.07744228635028e-07,-2.72861834983385e-08,-3.41624905653974e-07,-2.19608243271035e-07,2.30456024560369e-08,-1.34942246876952e-07,-2.90197069314496e-08,-1.40907040122134e-07,-1.21628497828308e-08,-3.18968830289262e-08,7.34808126462477e-08,7.69653844167005e-08,5.01695812661837e-09,1.99175453112331e-08,8.7533203972986e-16,-8.91946361157723e-08,-6.95507250242909e-09,0.121902089137587,-5.92159594618751e-15,-1.70585516199599e-08,-2.14129016397262e-07,-6.36155130587757e-07,-7.42845678546103e-16,1.88101564844339e-07,5.76212042552222e-08,-1.94178607479372e-15,6.7972857448731e-08,-1.10840909583939e-07,5.88283032587518e-16,2.29590211222683e-17,3.21703430937198e-09,1.27633033112064e-08,6.5454952574117e-11,7.96589303082926e-08,-1.50223084874172e-08,-5.65508519209226e-09,-3.91695487706762e-09,-2.08125261699616e-06,5.36418378958118e-09,4.99383520646823e-16,2.01305521528414e-11,1.36286561323161e-11,6.87842790528424e-11,1.00827131908436e-08,-1.07323429604385e-16,1.27863401148261e-16,5.08206967563013e-09,-2.8234206829266e-16,-4.71212043584291e-16,0.00170823292781824,1.64157579578811e-07,3.96385054133309e-08,5.89869343241807e-11,9.21607096971684e-09,3.53540503854861e-09,3.8945752119236e-10,-1.21099556750111e-18,5.00991206434846e-09,2.61100424735435e-10,1.23694893091712e-09,-1.88820701559051e-08,8.97184797159413e-08,-5.67481842626224e-16,-2.14086705633045e-16,8.50734908183392e-16,-7.17131024602905e-09,-4.86296119665141e-09,-2.14968051257063e-08,-1.95372236361467e-15,-3.96300289033041e-09,2.83357067677465e-16,-4.05181586754145e-17,5.95440187859364e-07,-1.31007975880937e-08,6.85432613445336e-16,-3.35004598863925e-08,-2.3381605316339e-08,5.0293397147318e-16,6.39156704236269e-06,-1.06165336033853e-16,1.53570410005057e-08,-3.10007128268937e-16,1.53816774934357e-08,1.33546666313915e-07,6.42147384095375e-09,4.58559378528303e-09,3.18083136943906e-08,-2.18234444517636e-08,4.77089716744138e-08,2.53921729442189e-18,4.37551694495518e-07,-2.48276285864523e-08,4.44006522648167e-16,-3.29370375228627e-09,-5.1341796057499e-08,1.59622060511149e-08,5.93070743389745e-17,4.00620434240315e-08,7.05771683074009e-08,-2.24611829334682e-16,-1.34396737693844e-07,-2.98538749611743e-08,-2.0897671544052e-09,1.95147685766301e-16,-5.00978086977933e-17,2.92127264700299e-08,9.06989425854084e-09,7.35854117144862e-10,-1.65543425700902e-08,5.7456350140521e-09,-1.9572864292355e-16,-2.91898883910595e-18,2.10956825566087e-08,1.45515245990962e-10,1.00064835562842e-16,5.150055495881e-08,-5.92926155319837e-17,3.5578518062907e-08,-1.00622594201607e-08,-5.88415354507474e-09,-3.91363532095069e-08,-3.71375233427339e-17,1.51689471148713e-16,5.40506777112631e-16,-1.00455695833809e-16,-4.28025688261531e-09,-1.48798317925791e-08,1.49348538220445e-16,5.60735870481429e-17,-1.27178812592733e-16,2.11105881997118e-08,1.90354921333952e-10,-1.05765819163861e-08,3.18091974631368e-17,-2.80225604006035e-16,-1.42003379541289e-16,-3.53087815071697e-07,1.43154888803335e-08,-6.93801922883941e-17,2.53836132735278e-09,-6.66874960237646e-08,1.67063774844333e-16,-1.00574677516948e-16,-3.51739540303514e-08,-3.60661221518619e-10,-1.7539174864877e-08,-2.3653780196359e-16,1.99223801125439e-08,2.91625383154716e-08,3.15146260828619e-08,-2.90442546492265e-08,-9.26526175880314e-06,1.69034411729691e-09,-2.56312765917344e-16,3.28431283309012e-16,2.25329686240038e-16,3.29811773569918e-08,-2.98728351111296e-08,-8.53613291560884e-09,-6.81894390926909e-09,-3.86846691727283e-16,1.51437504688082e-16,-7.05026736146413e-16,9.72275544007714e-17,-7.8461465037211e-16,4.37236345432847e-08,-2.56781480464582e-17,-3.92962417985276e-16,-5.38129301094264e-09,-4.03977774866098e-19,-4.81865383818333e-09,1.44063724288883e-16,-5.97713468698668e-09,-1.49377494077087e-16,-7.31082688603968e-09,-9.17084549251295e-10,-1.11072918268359e-07,-9.45205305910407e-18,2.96710268791776e-08,-9.78776743185947e-18,4.24958358279009e-08,-1.0005868997191e-07,4.18751181712654e-10,-1.42956210301928e-16,6.13638938467873e-08,1.78472085739457e-16,-1.5192035045467e-08,-8.5779931390097e-08,-8.31412404510794e-17,-2.06440856069735e-16,6.86365507910896e-16,-1.52561439718049e-16,-2.89660741284171e-10,-3.77778113778299e-09,-8.45065179712168e-10,4.35071828639205e-16,3.84992941131824e-17,-1.19182054971502e-08,9.72549477320974e-08,-4.24368414335559e-16,-5.99073124182736e-16,-3.92523520902383e-09,5.01022519143063e-16,-2.78769861933925e-08,1.86775498262211e-16,2.64823383181381e-07,2.32658866117079e-16,-2.96798958784809e-16,-1.28311369375019e-16,-2.92361407753069e-16,-7.85853618593541e-16,-3.58465100441871e-17,6.81249985012102e-09,-4.76512674414177e-08,-2.04331862932526e-16,-2.40099040534164e-08,9.1488679902889e-08,-7.79896026002466e-17,-2.36813438967743e-16,1.07088387160894e-16,3.24452100716257e-16,9.08604866877637e-09,1.45553592127902e-09,-2.32622549973639e-16,3.97330157835877e-16,-1.65596700251811e-08,-5.90860463650416e-08,-1.18421648181062e-09,2.79984879792199e-16,-3.27652265334066e-16,-2.78482187839806e-16,3.92937473841726e-16,-3.09930370816581e-16,4.547913908657e-17,3.53928198685186e-08,-3.35152447354722e-08,-6.45205183077345e-09,-3.23180119851724e-16,-4.70733981695732e-16,4.22322961531924e-16,-9.00043083452681e-16,3.12888350673679e-16,-1.40014335540783e-15,-4.33780854573493e-16,-1.12595629364212e-16,-1.66056401754812e-16,2.949027252828e-16,1.21268096418836e-16,-1.78171045804557e-15,1.25719505051965e-16,-3.69495993308432e-16,4.77061890028011e-09,3.0831195951732e-16,1.33529784371092e-15,-5.11745959459593e-16,6.76890444718135e-08,-6.16701208208383e-10,4.45177756419531e-16,-1.74848801146245e-09,6.20917839019784e-08,1.33505313007899e-16,-6.92113126643736e-16,-9.08401842295842e-08,-7.25678752506293e-16,1.54073684945136e-09,-8.73814239984227e-17,2.66530462695767e-16,-2.9314122702678e-17,-1.0967207029203e-15,1.14736294153962e-09,-1.57626289946557e-07,7.31586933681228e-16,-1.32971583319952e-17,-2.50521007500518e-16,-9.50286562910478e-16,-1.33589970682801e-15,4.17054498799019e-16,1.38235305123138e-16,-1.42493011429245e-16,2.56397216417876e-09,2.28983871269447e-16,-3.61343428671837e-16,-1.54101132271794e-16,2.00103881698644e-15,-1.30633509191554e-15,1.21849545733978e-16,-3.84149564147525e-08,-4.14818632796643e-16,-1.12508455978076e-15,2.86643181353837e-08,1.11301348645317e-15,-1.44591642205726e-15,-3.53880601301466e-17,-5.07742173379076e-16,3.19086494347108e-08,-1.60721826512282e-16,-1.78385335444904e-08,1.61545006706375e-15,-2.90266465243082e-15,-3.41197187862681e-15,-1.00813564920675e-15,5.49361501451848e-16,-1.20339436329792e-15,6.46722179709336e-10,-1.5144003400393e-15,1.80506176769419e-15,4.83720906650847e-09,-8.09479612360925e-08,-8.64378817758692e-16,5.68278291133316e-08,8.32875386133179e-09,-1.74528095133668e-15,-1.30652467357635e-16,-4.19905089984744e-15,1.02866144736287e-15,6.43814928771306e-17,-1.41272663672494e-08,-2.55147694866806e-15,2.81175742533224e-15,-2.11169850943835e-15,5.6698766500915e-09,6.39604016202531e-16,-9.32420665521812e-16,-2.20849499063539e-16,-4.57651563082116e-16,-2.59163930802466e-09,-2.6389277237597e-15,1.03219497059222e-09,-3.06593028484903e-15,-3.95346832343769e-15,-1.58410071433554e-15,4.2998574511228e-16,3.81657730270572e-15,9.36310747303863e-16,-1.04979563377545e-15,-1.80006423328141e-08,-1.83361807404231e-15,6.64256664784332e-15,7.57719292697788e-09,1.56648397134338e-15,-2.17529846763527e-15,-1.47863369014273e-15,-5.6032974223981e-15,-2.97589552826127e-15,7.84405773466624e-15,-4.17016692111466e-08,-9.91712633146751e-15,-1.3727579137485e-14,1.6449452971511e-08,1.58741308576924e-14,-3.85764954967077e-14,-2.27949212201381e-14,-1.75928982578695e-13,-0.707106781186549,-2.78928315242914e-14,3.662183441661e-15,3.05481268596261e-15,-5.10891631797348e-16,3.51950071023454e-16,-1.79246666126673e-15,-8.68518978118848e-09,2.88224115456255e-08,-1.37699925896756e-14,1.17665935383968e-15,-2.71233031771965e-16,-1.74957678508055e-15,-4.91143584135934e-17,1.75495257938171e-15,-1.77684701005962e-15,-1.37123410550054e-15,-1.89626296287709e-09,1.82188071139346e-16,-3.6561682842901e-16,-3.77926241927997e-15,4.59878119541958e-16,2.43631060547543e-09,-1.85869119378421e-16,-5.12781054875866e-10,5.30420466044082e-16,-7.23208804621285e-15,-8.03301979792522e-16,-2.10153422233548e-16,-8.91094867483994e-17,-7.74096314212159e-16,-7.84098581426623e-16,1.5363809521712e-15,1.13024549006436e-15,4.19795208289263e-16,-4.36835581642596e-16,-5.67674986177182e-16,-1.81130496707409e-16,-6.49414368379211e-17,-1.02389547989219e-16,1.1261930943414e-15,-2.92704345295359e-16,2.63882033187106e-16,2.56070392963856e-16,9.93273094262346e-16,-2.37006594905331e-16,-3.03765044065741e-16,-6.8214831216751e-16,1.39996622562138e-16,1.07747524498852e-15,1.87079295313425e-10,4.72636075377147e-16,6.98035493911786e-17,1.02129525252113e-15,3.79317918914674e-16,7.67484273666867e-16,-1.51559913273529e-17,5.98507440963088e-17,-2.06461772056331e-16,-3.16492953316507e-16,1.73425136077584e-16,1.49614478792137e-15,9.70951433121359e-16,6.71194647749072e-16,-2.58655795882149e-17,3.40983796242229e-16,7.30826428009246e-16,-2.26384840983717e-16,-2.42992344380914e-09,-3.24625332592238e-16,-3.91091464089242e-16,8.36278325979853e-16,-7.96561046226028e-16,-2.62829284114995e-17,-1.93364228234931e-16,3.98467130722177e-17,4.62724527593013e-16,3.34507864110629e-16,5.19624088230737e-10,-4.71595213734977e-16,3.53062156499863e-16,-1.21378779744738e-16,-1.13674125784844e-17,1.63422136897432e-16,7.60403043186432e-16,1.45866411461206e-16,4.0502842134917e-16,-3.85012121071254e-17,-4.568302320028e-16,-9.47350888780689e-17,2.21571467207315e-17,-6.42320478622249e-16,2.64542339287533e-09,1.46888608752064e-16,-3.85022845633155e-16,1.06719997444052e-15,-8.1076638458466e-16,-7.99563848947095e-09,2.36304793832658e-16,4.51110435346954e-16,-4.04295117695413e-16,-2.97311533577528e-16,4.64438402205025e-17,-1.91976193515606e-16,1.4232523883008e-18,9.3095165825474e-17,7.90002145271025e-18,-1.65994477651456e-16,2.82743751832058e-16,-1.14935032417413e-16,1.37027765715951e-16,-3.45403879033284e-16,-8.0124346168628e-17,-1.49206350056363e-18,-3.82909165455832e-16
"t698",-0.00779039761041464,0.023329064541815,0.0267019040761636,-0.00838020168237513,-0.134823703511735,-0.0300196422416343,0.0193528189081116,0.000310658041365301,0.00103657502453886,-0.00228539341392074,-0.000628220051729871,0.00381821747258599,-0.00561300798424613,-0.000547133471858884,-0.00382271894486899,-0.00106632815000731,-0.000995600342550254,0.000418715193610712,-0.000372658140802948,0.000275450059662684,-0.00102938607561727,0.000221167791824058,-0.000468183877174534,0.000970265261615726,-0.000152476527278609,0.000358165069930187,-0.000447362565079444,0.000414103045259409,-0.00358614513830444,0.00953028592004989,-2.32670066510111e-05,3.3169829102501e-05,-0.00147217575163347,0.000241912868459421,-3.14809668910829e-05,-3.54588031335838e-05,-0.000164341675532584,9.62541106527784e-06,7.65066382654814e-05,2.0116784686894e-05,0.000957613354760815,-0.000108922709332782,0.000109028768507858,-9.25041613964942e-05,0.000478413340326656,-0.176378385021165,2.46168530478092e-06,-8.66870460654741e-05,9.95688644953656e-05,-0.000214800448768792,0.000240245390400931,-0.000152003449056288,2.12875971626433e-07,-7.49672259330756e-05,2.73169776604734e-05,-0.000288672225055322,1.33415098237806e-05,-0.000973459517537528,0.00033414809840702,-8.58949355394225e-05,-0.000139148578140421,0.000251456446185585,-0.162643990448498,-0.0208092902515296,0.000125998558294782,-0.000240519370950592,2.89119826520913e-06,-6.33814947113309e-05,0.000136188400383668,-3.20797811016561e-05,-4.38010568605955e-06,2.34220610867107e-05,-6.21930579959618e-06,-6.41208508678316e-05,2.73704597657797e-05,2.0430276701531e-07,-0.00025509055927676,3.08337604758721e-05,-0.000152197805742613,-0.000210195804530699,8.79133483497667e-05,0.00145094754112162,-0.000740371102668351,-0.188432044577132,-5.10112210124637e-05,-0.00147937552665125,0.000181926543659952,2.30155633069803e-05,0.021120056776564,-0.000207662653496356,3.30235632714845e-05,-6.70565167827826e-07,-3.21244260470679e-05,0.000307099783636213,8.59854068043079e-07,4.74896111884201e-05,5.566894779146e-06,-2.54178096196282e-05,0.000204590750454134,4.87756214298439e-05,9.78288824506811e-06,-8.35581241345386e-07,1.31883962372681e-05,-4.62858309837643e-06,2.12749170112622e-06,-4.69235262716929e-06,0.000139193278970571,-6.81361535876775e-06,2.57272912766808e-05,-1.47582630158203e-06,-4.04122408996583e-05,-0.0461385479943372,-0.000202445773473764,5.0671052963592e-06,-1.14683154941216e-07,0.00896593632950426,1.56199886881883e-06,5.71116944906354e-09,7.21321843048559e-08,-2.8422585806278e-07,2.11476627651712e-07,-9.25987783205748e-08,-1.40647942452129e-07,-4.13985057126087e-07,3.15154925793819e-08,-8.46060247137965e-07,9.09524405959088e-08,-2.34408145523364e-07,9.72550711724845e-07,3.22695870426421e-05,1.07821150583979e-07,4.39693836031799e-06,-8.85018591610647e-07,-1.17455452039928e-06,8.38807715079119e-08,2.34895566608112e-06,-1.9367371972956e-08,-1.84701503515245e-05,1.91313297661165e-05,-6.01086190379616e-05,-9.67258240973268e-06,-0.00266633816489869,-5.23993861197834e-05,-2.27531916623999e-06,-1.19414510338506e-06,1.13281749379933e-07,7.97104712240739e-07,8.77721815054111e-08,7.91923906737626e-09,-2.90804106044414e-08,-8.48437009739935e-07,-1.5389720744957e-07,-6.32102346868842e-07,1.37411761679612e-06,-5.68181429459276e-07,-5.16254057211895e-08,7.96970134397425e-07,-1.60033385733452e-05,-4.95799162081154e-07,-1.69636423053205e-07,-1.92841490959405e-05,2.22216445387792e-06,-1.90161846240059e-06,-5.57253689134917e-05,0.0313889775824494,1.89510357083684e-05,-2.21426853673289e-06,-3.57611794557976e-08,-1.75216224397446e-06,-1.8543109847492e-06,3.14415916130004e-06,5.29407703236564e-07,-3.06643694423954e-08,-4.44287964592823e-08,-5.42300767583891e-08,-4.14512008564303e-09,-2.21213779101762e-09,-4.72387807062001e-05,-4.25661060153689e-07,-3.20675552250366e-06,1.04916170945005e-05,4.17732277189922e-06,-6.51233518364598e-07,-3.54102151608241e-09,-7.95740651497244e-08,-2.7788386761656e-08,-3.1537812816048e-06,8.53497456069732e-07,3.84322867498665e-06,-6.66385739097829e-06,-1.20591546617327e-07,2.37605202374135e-07,9.64952365158488e-07,2.35335471530853e-09,1.73632484708025e-07,-2.59486930457075e-07,-4.83746751016407e-07,-4.68080561936716e-07,2.97930028926266e-07,1.37248839158717e-07,1.37391468139891e-07,2.35473725448254e-05,-3.94604473843307e-09,-9.78079034692144e-07,-1.11555347876537e-06,-7.41579569350845e-06,7.34774513312396e-07,5.19485526958869e-06,-5.74901148347141e-06,-4.97297793327619e-08,-2.57462685718002e-05,1.13101459752651e-05,-3.19914063879234e-05,-3.17087112916023e-06,-3.44632118865078e-07,-0.0011843822097548,6.2720960778686e-07,3.04479126126046e-07,-6.52017687932692e-07,-3.77584204983832e-06,-2.19702294723943e-05,5.17390323996973e-05,0.00122946681116169,4.5795157981342e-05,-6.27711951668653e-05,-0.268969683716412,0.00133819286042217,3.41729665819244e-06,3.02916679302971e-06,1.47712229873493e-06,-4.81564101674538e-06,-8.10668095851475e-07,-2.82270917279992e-07,-4.48413339971104e-07,1.45261864795843e-08,3.1716004033176e-08,5.69515159015115e-07,2.83042837814524e-16,4.41130953757019e-05,-3.09177593465961e-07,-7.01863342514166e-08,-4.99268731091285e-07,-6.05542106142578e-07,1.37949084935024e-07,-1.94775948771296e-07,1.45555979103288e-06,-1.85097954120468e-08,1.51922578720956e-09,-5.64064551980543e-07,9.00236887857792e-06,-7.97495682696019e-07,0.00109264319669209,6.28503012467846e-07,1.70012430050784e-08,-1.39804904984589e-09,7.48061179786159e-08,-8.23481702126195e-08,1.30657786502363e-06,2.35283811456796e-07,-4.68567897504218e-08,1.06216306638688e-06,-2.07833284942864e-07,2.30041183477363e-05,-1.95787480717259e-06,1.19421322804905e-07,-4.07196958173521e-08,9.44791619714123e-09,3.46750999407669e-06,-1.46344286159801e-06,5.37276772791221e-08,2.15308054138401e-08,-4.70292037320951e-08,7.58581553169429e-07,-9.48069053459936e-07,1.13154401372342e-06,-2.91813470843571e-06,2.2818727143374e-06,-1.67564282037449e-07,2.09771961544119e-06,-1.43656256125093e-07,4.1917957984999e-07,1.57542263780307e-16,-1.04529006000463e-06,-3.58707747646055e-08,-6.28152550311597e-11,-5.51848365211728e-07,5.28498409597148e-08,-3.29024544628489e-08,-1.44665001179556e-07,1.72774805778605e-08,-7.17172707281059e-05,1.75866198876424e-06,6.9530789032142e-08,-6.39335942744713e-08,8.29990425188371e-07,-1.00758716588945e-06,4.30964806507133e-06,-5.2388852369382e-07,1.17053892962921e-06,3.13007410619716e-08,3.16014518110829e-08,1.4424570592341e-06,-0.00138246263739329,-2.07246307994675e-08,-4.08565968732013e-07,8.78235234004929e-07,-3.38334411449568e-06,2.76662013335173e-07,2.59990418988556e-07,0.000275979194099548,-5.04315616663172e-07,-2.48243415188729e-07,3.9674358985132e-07,-1.41098861353738e-06,3.51992588050765e-08,3.3227353591212e-07,-6.63408521173645e-07,-2.37572771192257e-16,2.34400603144361e-09,1.90375154623408e-06,-1.77527158159107e-07,6.91898414053784e-07,1.17039448551568e-07,1.82266130839348e-07,4.29154375992581e-07,-6.39423954233202e-06,2.47199047740476e-06,-2.45305158436041e-15,-2.11051329752873e-06,-3.40497255397213e-06,-7.57225787979187e-08,4.78744072082584e-07,6.36104453967322e-07,-4.61500416982247e-08,-2.00364652944155e-06,5.97141657549724e-07,-5.416261946661e-06,1.19139755273608e-05,-0.496693156882371,6.4435307389142e-06,2.0029210591294e-07,2.03326543257872e-08,1.9375528225446e-06,-1.12318990969324e-06,1.23606577931127e-06,-2.90189541941243e-15,1.20722537728035e-06,-6.89363627649807e-08,-1.98008103192784e-09,-4.05321941278602e-09,6.17824586997491e-08,-5.69865599991562e-07,4.7731892404763e-07,-1.79617129516305e-06,-7.48979866650012e-08,6.44963562933292e-16,-1.53012627443834e-07,-8.2809212087048e-08,-2.24674659258432e-07,-6.09611200696387e-16,4.69757255824528e-07,9.1837653122017e-07,-1.41755310905686e-07,-4.08516730340456e-07,-1.41812931559343e-07,-7.84832571868252e-08,-2.89599913573613e-06,1.27661271493727e-07,0.000472009536499611,4.35941667074828e-08,1.8278929425716e-07,3.51000582001245e-07,2.79621128509144e-16,-1.60263235999871e-07,4.12712091819411e-07,0.000243637394914835,-2.52658764812822e-07,2.65900935822179e-16,-2.7771109706742e-07,7.49324976017317e-08,-1.42579592768894e-07,-7.252314112401e-05,-3.33431578263976e-07,4.87349221984162e-07,-5.22203802157262e-06,8.6570309793281e-07,7.50194134237169e-17,3.7804441111309e-06,-9.75146629200003e-07,2.81986619880129e-06,5.2414546151927e-06,-5.35025527490199e-07,-3.65182008216962e-09,-1.08767161943746e-15,8.58028534078913e-16,-3.90981914535028e-09,-7.31899478071734e-07,9.78204562331062e-08,-8.28788252683049e-07,3.41136473305433e-15,-5.27392416816423e-07,-7.3915937146426e-09,5.46762995988254e-15,-8.07197112805772e-16,1.54393792897691e-15,4.12317312099227e-06,1.55781040060057e-05,-0.216312111012658,-1.49915314807017e-05,-6.67210056152355e-06,-6.85091610887384e-06,3.71665400474592e-06,-7.35793501848717e-16,3.98482616929643e-07,-9.37557176558525e-07,-3.69618684559764e-16,9.25645569724876e-16,3.44443281359861e-07,1.25964227051033e-10,1.60192260034746e-07,-6.03863253952692e-07,-1.24112838580649e-07,3.42268637281769e-08,4.34668204961167e-17,1.11353246706988e-07,1.27199234992457e-15,3.45611533960765e-07,-5.2583805365547e-16,1.11856732336036e-07,8.78800973887211e-17,-3.91024252330133e-05,-1.07744228562641e-07,-2.72861836426744e-08,-3.41624906185582e-07,-2.19608243346882e-07,2.30456026700634e-08,-1.3494224673888e-07,-2.901970679322e-08,-1.40907040055475e-07,-1.21628492003812e-08,-3.18968828428887e-08,7.34808124555775e-08,7.69653842545828e-08,5.01695823920822e-09,1.99175451960518e-08,8.14110932859892e-16,-8.91946363807801e-08,-6.95507259117414e-09,0.121902089137586,-5.78439225101203e-15,-1.70585518122414e-08,-2.14129016825679e-07,-6.36155130547544e-07,-4.898978041504e-16,1.88101564682739e-07,5.76212041865749e-08,-1.89572655635773e-15,6.79728574134831e-08,-1.10840909673556e-07,8.03500233958839e-17,-1.20152828570128e-16,3.21703449242283e-09,1.27633032592958e-08,6.54540360779633e-11,7.96589302416999e-08,-1.50223083954778e-08,-5.65508504076445e-09,-3.91695488163495e-09,-2.08125261695383e-06,5.36418392374652e-09,2.58961688898163e-16,2.01305317467468e-11,1.36286698862008e-11,6.87842120380441e-11,1.00827132875098e-08,-2.61520474823757e-16,-3.69728581970812e-17,5.08206969322411e-09,1.00904144337047e-17,-1.18746665349969e-15,0.00170823292781713,1.64157579883975e-07,3.96385052935423e-08,5.89869972775795e-11,9.21607106879947e-09,3.53540492048721e-09,3.89457737714774e-10,8.78266827981172e-17,5.0099121345628e-09,2.61100496094531e-10,1.23694858987502e-09,-1.88820701802009e-08,8.97184793076828e-08,-5.70254456892146e-16,4.9972990182388e-16,-8.21665183915966e-17,-7.17131069601104e-09,-4.86296084135657e-09,-2.14968052369775e-08,-1.43535137184833e-15,-3.96300295316579e-09,1.99656659961585e-16,-1.87797012485551e-16,5.95440187446417e-07,-1.31007978774236e-08,3.21574364359201e-16,-3.35004601599552e-08,-2.3381605496777e-08,4.73416567327171e-16,6.39156704252106e-06,5.3240037845322e-17,1.53570413256121e-08,6.76113304248674e-16,1.5381677712541e-08,1.33546666206897e-07,6.42147387715413e-09,4.58559379589168e-09,3.1808313519058e-08,-2.18234438578106e-08,4.77089716620946e-08,-1.32681201550846e-16,4.37551694732086e-07,-2.48276283573466e-08,-2.53918883703956e-16,-3.2937032970348e-09,-5.1341796267143e-08,1.59622053591489e-08,-1.36304033588899e-17,4.00620437421465e-08,7.05771685378745e-08,3.48240039784164e-16,-1.34396737586047e-07,-2.98538750578342e-08,-2.08976765817464e-09,-2.02289038262239e-16,-6.15319118585329e-17,2.92127265581043e-08,9.0698945705687e-09,7.35853942324778e-10,-1.65543426555183e-08,5.74563447328296e-09,9.24383953206918e-17,1.39062364889345e-16,2.10956825885512e-08,1.45515327527538e-10,1.92266965129949e-16,5.15005547311613e-08,2.30460261479254e-16,3.55785182756542e-08,-1.00622592806019e-08,-5.8841537671278e-09,-3.91363531121861e-08,-1.82570972613289e-17,-1.5138257051815e-17,-1.710146192563e-16,5.34799466213755e-17,-4.28025693815691e-09,-1.48798312625928e-08,3.8951142115231e-16,-3.30085712947811e-16,-1.00012669732446e-16,2.11105879966134e-08,1.90355097964449e-10,-1.05765826281444e-08,1.49094905390757e-16,8.69137119045849e-16,-3.18348862896056e-16,-3.53087815037869e-07,1.43154889924162e-08,-9.03842526621613e-17,2.53836051601702e-09,-6.66874957075159e-08,-1.51031216104824e-16,1.23632494617816e-16,-3.51739542391754e-08,-3.60660975788114e-10,-1.75391745378333e-08,5.60451268141469e-16,1.99223801550031e-08,2.91625384607919e-08,3.15146258406019e-08,-2.90442542410192e-08,-9.2652617586715e-06,1.69034471485822e-09,1.98810468737879e-16,6.03664807035869e-16,1.87924958644205e-17,3.29811771864977e-08,-2.98728356734576e-08,-8.53613298244523e-09,-6.81894411969916e-09,8.25789676410508e-17,-3.62399815266119e-16,-9.79569566827559e-16,-3.45880438619644e-16,1.09072976415776e-15,4.37236347622321e-08,4.58109715770641e-17,1.27959405055204e-16,-5.38129281522974e-09,-2.67572789355521e-16,-4.81865341187969e-09,-1.6252654871238e-16,-5.97713527646845e-09,1.30838618921449e-16,-7.31082713537927e-09,-9.17084376987318e-10,-1.11072919707196e-07,-4.13237471651571e-16,2.96710269558375e-08,-7.09821821299772e-17,4.24958358262957e-08,-1.00058689253632e-07,4.18750561968616e-10,-1.41522666855977e-16,6.13638933836635e-08,-1.41218243464706e-16,-1.51920345890344e-08,-8.57799311413902e-08,-3.39813162798713e-16,1.41495102346652e-16,-5.12523560197257e-16,1.61564129208465e-17,-2.89661308798359e-10,-3.77778116089883e-09,-8.45064866486993e-10,1.37494479710886e-16,3.62404030525838e-17,-1.19182053544213e-08,9.72549482102306e-08,2.6619978528396e-16,8.12093969029733e-16,-3.92523398776412e-09,-5.85989956769308e-16,-2.7876985988541e-08,-9.60362795630604e-16,2.64823383255706e-07,1.23521398532394e-17,2.01032315599672e-16,2.44203359103447e-16,5.23512538163849e-16,6.44299072199129e-16,-6.80473145670158e-17,6.81249944072309e-09,-4.76512678494903e-08,-7.05402114663626e-17,-2.40099038797509e-08,9.14886798183854e-08,1.50773128620225e-16,4.00150634729752e-16,-1.49514446501765e-16,-3.03584885431434e-16,9.08604776827615e-09,1.45553517814255e-09,-5.71633845788728e-18,-5.30412552115738e-16,-1.65596697306838e-08,-5.90860462929827e-08,-1.18421699404299e-09,-4.42817545634816e-16,2.55103979176601e-16,1.69350588244758e-16,-1.61467382259497e-16,2.37850808121833e-16,-6.62778025637916e-17,3.53928199931509e-08,-3.35152443715919e-08,-6.45205224018979e-09,4.29854721530283e-16,3.84958552561579e-16,9.45663803271946e-17,6.47744040888917e-16,1.90926337248922e-16,1.22817977424891e-15,3.50248498158452e-16,-1.0320314844989e-16,1.41013090202355e-16,-2.47558380404495e-16,-3.24375166625958e-16,5.51491020419812e-16,-1.1794549728369e-16,4.62456948830253e-16,4.77061882738079e-09,-3.32641283617572e-16,-1.03780388723912e-15,3.44549125334902e-16,6.76890424370907e-08,-6.16702512107448e-10,-4.5830349760851e-16,-1.74849215571604e-09,6.20917819555368e-08,1.07682838987305e-16,1.16745814041493e-15,-9.0840184390954e-08,5.71463283612254e-16,1.54073729069453e-09,1.84399950809697e-16,-3.81469595769526e-16,2.23739578954704e-17,8.95145995841157e-16,1.14736302662397e-09,-1.57626290856297e-07,-5.29827990985675e-16,7.06775990644808e-17,5.20349707969265e-17,4.78583480191748e-16,1.52064775701954e-15,-7.04346525509146e-16,-3.13442250961404e-16,1.33982413865078e-16,2.56397080427738e-09,-1.76373566083942e-16,3.70803572863929e-16,2.72863945262418e-16,-1.84010049523876e-15,8.04967253906162e-16,-2.29364195515549e-16,-3.84149570496138e-08,3.79714986159174e-16,1.66168497337877e-15,2.86643175022909e-08,-7.82837059104549e-16,8.34814724834644e-16,-3.25932863147103e-17,7.25807502780133e-16,3.19086505297547e-08,2.00300462485274e-16,-1.7838532767087e-08,-1.64790488769843e-15,2.74174711395181e-15,3.38849635913208e-15,7.02763119304396e-16,-5.7171226620486e-16,1.36518886698943e-15,6.46722838526162e-10,1.30534532839246e-15,-1.92531724859806e-15,4.83721513587016e-09,-8.09479616581723e-08,7.72709901913356e-16,5.68278298835759e-08,8.32875342240269e-09,1.57240514042701e-15,2.24423834838078e-16,3.89671111416427e-15,-9.08473956821013e-16,-2.19971666504344e-16,-1.41272695190827e-08,2.6710146222288e-15,-2.71710444820328e-15,2.13343854729203e-15,5.66987935869788e-09,-3.77882242354963e-16,9.58466836835342e-16,2.96725944068682e-16,3.95661267123028e-16,-2.59163938850888e-09,2.87223020799734e-15,1.03219643748387e-09,3.12509511937363e-15,3.99807040286929e-15,1.7140472250567e-15,-3.63465060061157e-16,-3.86224979182732e-15,-1.15936184312001e-15,1.10629110358093e-15,-1.80006356796615e-08,1.69452559039703e-15,-6.85244555288399e-15,7.57718246559239e-09,-1.55459097908829e-15,2.14634778639318e-15,1.10574867145329e-15,5.68809913670374e-15,2.98061426318877e-15,-7.98823308312859e-15,-4.17016816859902e-08,9.6404029327519e-15,1.37657768161055e-14,1.6449490574434e-08,-1.57018869931669e-14,3.88132188534802e-14,2.27173753045079e-14,1.76046493923789e-13,0.70710678118655,2.81859487670946e-14,-3.69346269337287e-15,-3.22785829446687e-15,4.74220911979626e-16,-1.90940765529268e-16,1.64580160033594e-15,-8.68518441635279e-09,2.88223837016872e-08,1.37630561101045e-14,-1.15185177213265e-15,2.35014323504042e-16,1.47583009143086e-15,7.36173275117658e-17,-1.64499769074461e-15,1.95937060912009e-15,1.31449278744536e-15,-1.89626350134186e-09,-3.2692633287453e-16,3.99332885088686e-16,3.86029243244032e-15,-6.17021221102459e-16,2.43631811034742e-09,-1.1518320789258e-17,-5.1277472508655e-10,-4.84248254093037e-16,6.63568490145143e-15,8.71776236279068e-16,2.18622463956717e-16,2.90123595188676e-16,1.12247217935606e-15,8.57748245127105e-16,-1.30231754208349e-15,-1.26589500592875e-15,-3.35708098384791e-16,3.36943992521106e-16,7.17925675978643e-16,2.45960596094596e-16,-5.24462515968174e-17,1.88595391400903e-16,-5.70281581315924e-16,2.82570785473541e-16,-5.94117904054387e-17,-3.84857875279113e-16,-1.17677128820011e-15,2.89265139619133e-16,3.91333404586491e-16,6.99558936448017e-16,-2.56645222435237e-16,-1.12169974911242e-15,1.87076301007381e-10,-1.71158286337833e-16,-1.51373693795865e-16,-7.3995117771715e-16,-5.58406099310941e-16,-9.50018760430673e-16,3.45140598889334e-17,3.61476789690214e-17,2.09765595364979e-16,3.66100266433884e-16,-1.42680887273321e-16,-1.84997416691202e-15,-8.04901233935015e-16,-7.12384070908932e-16,5.96813323948533e-17,4.45113151834511e-17,-1.00688918289384e-15,1.91280368377465e-16,-2.42992438742502e-09,4.39145265287434e-16,4.73652468719884e-16,-7.45592613337964e-16,5.83584914346074e-16,2.01465784740207e-16,-1.63651900378783e-16,-1.20238327812335e-16,-6.42698817942229e-16,-3.02439528039389e-16,5.19625582947215e-10,8.11774897836115e-16,-4.15751003557704e-16,9.98114157594534e-17,3.71278180117397e-17,-1.75333329083668e-16,-5.77859272929742e-16,-8.2251104669804e-17,-4.66247989234653e-16,-6.25130114753897e-17,-2.1487142935198e-16,-1.68334638161496e-16,1.93643519187566e-16,7.47955071043219e-16,2.64542166143707e-09,-4.21333198475318e-16,4.2261186671913e-16,-1.28257849652174e-15,-6.5670125587447e-16,-7.99563877496086e-09,-1.40705205604514e-16,-3.58002007785027e-16,1.90198868168564e-16,3.64964333368131e-16,-3.42231696390073e-17,2.89588843484852e-16,3.22481486877468e-16,-1.74133066765382e-16,-1.24591051296358e-16,2.67617249674962e-16,-2.92244259206216e-16,1.75996654016209e-16,-3.02115674127219e-16,2.0117564917706e-16,2.29470701069158e-16,1.49044368554604e-16,8.08853496605593e-17
"t470",-0.00778910584688376,0.0233209119164991,0.0266922709348561,-0.00837614961771654,-0.134743884045723,-0.0299987911091755,0.0193391128277302,0.000310420528037857,0.00103563904841837,-0.00228289127858281,-0.000627347523662668,0.00381168429830519,-0.0056031231546438,-0.000546155365193262,-0.00381558746146859,-0.00106422156245727,-0.000993586552820688,0.000417852929649385,-0.00037187297034199,0.000274819606964043,-0.00102683780330451,0.00022050706104709,-0.000466706831744599,0.000967186754372191,-0.00015199083846663,0.000356969811396537,-0.000445851985148694,0.000412692221206204,-0.00357359960458601,0.00949091332615972,-2.31644989776674e-05,3.30170388556028e-05,-0.00146490439665303,0.000240661291723675,-3.13097676117419e-05,-3.52505443913347e-05,-0.00016336419438322,9.56724933381826e-06,7.60411971505112e-05,1.9992576656722e-05,0.000951530504487149,-0.000108214022441841,0.00010830879505786,-9.18925619925959e-05,0.000475194962800308,-0.175115921194412,2.44373812412362e-06,-8.60496066492345e-05,9.88191343546734e-05,-0.000213141790377899,0.000238328277831178,-0.00015077210010496,2.11147728184564e-07,-7.43472450898878e-05,2.70829044256822e-05,-0.000286185541521038,1.32155492768379e-05,-0.000964045961239435,0.000330907671538588,-8.50132421658513e-05,-0.000137659902770379,0.000248711880494498,-0.160840165012131,-0.0205775780637056,0.000124553924390284,-0.000237689890469519,2.85526665949063e-06,-6.25747394403451e-05,0.00013443590577881,-3.16588738850323e-05,-4.31673968003099e-06,2.30588643403038e-05,-6.12186263766545e-06,-6.30948047615232e-05,2.69313357777007e-05,2.00995388011762e-07,-0.000250946265942792,3.03240605686715e-05,-0.000149583506291611,-0.000206530082833785,8.63405940433614e-05,0.00142484829534991,-0.00072652134871549,-0.184866098829894,-4.99979614736474e-05,-0.00144960838558037,0.000178218342486792,2.25454612863456e-05,0.0206884371090153,-0.000203412973606339,3.23444571792337e-05,-6.56139264400713e-07,-3.14305214486581e-05,0.000300284758701041,8.39890940732377e-07,4.63796711220778e-05,5.43674337605135e-06,-2.48134965123337e-05,0.000199696427908901,4.7581560059988e-05,9.53892529536003e-06,-8.14709700106201e-07,1.28583649277925e-05,-4.50310440488679e-06,2.06948012762219e-06,-4.56382472558805e-06,0.000135350057403922,-6.62506816101507e-06,2.50125599349662e-05,-1.43458254890264e-06,-3.92806951229478e-05,-0.0448318783343016,-0.000196704637781613,4.91911725460109e-06,-1.11312962287106e-07,0.00869888400256302,1.51519467556327e-06,5.5372208476127e-09,6.99008470815517e-08,-2.75331069078642e-07,2.04815078319881e-07,-8.96160029182582e-08,-1.36052383597389e-07,-4.00451083893019e-07,3.04830892299939e-08,-8.17940743024485e-07,8.79259447264524e-08,-2.26511464050683e-07,9.38634385186828e-07,3.11438019518034e-05,1.04049158515683e-07,4.23958816137261e-06,-8.53207305832477e-07,-1.13220163722544e-06,8.08167152900487e-08,2.26299785505599e-06,-1.86392741247086e-08,-1.77607985049875e-05,1.83752357792469e-05,-5.77311475373893e-05,-9.28814501576054e-06,-0.00256010290458059,-5.03033552805589e-05,-2.18416658502284e-06,-1.14630495480651e-06,1.08694305421764e-07,7.64132879353921e-07,8.40634412822661e-08,7.58285340028623e-09,-2.78308309278787e-08,-8.11946500829728e-07,-1.47249207691792e-07,-6.04726772973622e-07,1.31443239316521e-06,-5.42838943832491e-07,-4.93130744563556e-08,7.61167238822582e-07,-1.52353843592113e-05,-4.71631863444662e-07,-1.61347860838787e-07,-1.8329449316997e-05,2.11185637511076e-06,-1.80563302403525e-06,-5.29069112954071e-05,0.029775589923689,1.79617989360759e-05,-2.09348508447062e-06,-3.38074928959071e-08,-1.65640133732611e-06,-1.75236560910823e-06,2.97010312771142e-06,5.00071354893625e-07,-2.89418992055108e-08,-4.192253588476e-08,-5.11428218150219e-08,-3.90861378493021e-09,-2.08577592871596e-09,-4.44829408790076e-05,-4.00287835286705e-07,-3.0148977073113e-06,9.86170371958466e-06,3.92390946782998e-06,-6.1156978658006e-07,-3.3245143867609e-09,-7.46908808425927e-08,-2.60621245537405e-08,-2.95726983421877e-06,7.98918119935473e-07,3.59725246608423e-06,-6.23366273944592e-06,-1.12620944730818e-07,2.21592881302786e-07,8.99489047091978e-07,2.19211370986595e-09,1.61648205539301e-07,-2.41182927658834e-07,-4.49463131203313e-07,-4.34577003824243e-07,2.76499555070762e-07,1.26996224107585e-07,1.2711007404558e-07,2.17571512245472e-05,-3.64136641332772e-09,-8.99733030849798e-07,-1.02618047789278e-06,-6.81967333326749e-06,6.75099699723242e-07,4.76994496638504e-06,-5.26985847511275e-06,-4.54882501448802e-08,-2.35094675621195e-05,1.03219484719269e-05,-2.91241496959995e-05,-2.8826569545838e-06,-3.13295429736963e-07,-0.00107550784765782,5.67944626370892e-07,2.75557113722501e-07,-5.88327664326067e-07,-3.39985233083397e-06,-1.97679306893314e-05,4.64095684566619e-05,0.00110200319220341,4.10137332882519e-05,-5.60749773222008e-05,-0.24015243321049,0.00119466751666074,3.04211173268866e-06,2.69185568781501e-06,1.31003467839832e-06,-4.26702106282767e-06,-7.1763076086196e-07,-2.49651789973168e-07,-3.96493705492041e-07,1.28137237150453e-08,2.79349555587679e-08,5.00791710925972e-07,2.10827268519856e-16,3.86966792239533e-05,-2.71083337265512e-07,-6.13288519405057e-08,-4.35088895449564e-07,-5.26510762299625e-07,1.19928485443818e-07,-1.6860554119714e-07,1.25906140062679e-06,-1.60055515853605e-08,1.31153379685037e-09,-4.86407092139933e-07,7.74693517024566e-06,-6.8564445566844e-07,0.0009390358262928,5.39001698949251e-07,1.44460409924095e-08,-1.18386832910662e-09,6.31615052795649e-08,-6.90758116825314e-08,1.09546890372886e-06,1.96329566954415e-07,-3.89920502162051e-08,8.80356582141104e-07,-1.72034746720588e-07,1.90155103163385e-05,-1.6152804652664e-06,9.82385994870556e-08,-3.3485687943732e-08,7.71020484132017e-09,2.8292377850283e-06,-1.19382217758466e-06,4.37349530339772e-08,1.75121794677296e-08,-3.81522065927636e-08,6.15095423927257e-07,-7.56046809922696e-07,9.00610402197001e-07,-2.31897107642787e-06,1.80678505346403e-06,-1.32285331437325e-07,1.64472161560105e-06,-1.12403178858672e-07,3.2744756345122e-07,1.26970886803342e-16,-8.1185244475417e-07,-2.78384791949961e-08,-4.86256679819391e-11,-4.24567296703886e-07,4.04387886908513e-08,-2.51091203360796e-08,-1.10253141105632e-07,1.29329254995078e-08,-5.36179280464354e-05,1.3143920344562e-06,5.16719812361964e-08,-4.67082962716002e-08,6.04488290686311e-07,-7.32228197465412e-07,3.10880988573446e-06,-3.66420838770534e-07,8.07012225504593e-07,2.15611490451937e-08,2.17626488343429e-08,9.54175769554727e-07,-0.000864141588445506,-1.2848605147787e-08,-2.5015863829279e-07,5.29230114210858e-07,-2.02849517832722e-06,1.58371017862241e-07,1.48264021975171e-07,0.000156271260543139,-2.84158526964697e-07,-1.37544070273083e-07,2.15542493285267e-07,-7.51900517430968e-07,1.8593086831405e-08,1.72822901398101e-07,-3.33045176800979e-07,-1.50095620549792e-16,8.43290779226743e-10,6.50266478557987e-07,-5.54839656993289e-08,2.15625612967095e-07,3.63637665111648e-08,5.52607267421859e-08,1.23859391240286e-07,-1.72989855919626e-06,5.71360188294408e-07,2.4418372635389e-15,-2.61816967636434e-07,-3.70429259827996e-07,-5.63040564060321e-09,3.35510011586432e-08,-1.76587489614945e-08,4.17844525201095e-09,3.8629661550323e-07,-1.63896281381676e-07,2.67492244170964e-06,-9.19311401064554e-06,0.500852910984776,-7.54657908392173e-06,-2.57594097093018e-07,-3.09656981064535e-08,-3.007194966159e-06,1.97264338601184e-06,-2.39625507968555e-06,3.21370907886945e-15,-5.76557838712316e-06,4.28355888723239e-07,1.23388213131911e-08,9.61014896937211e-08,-2.34074923351762e-06,-4.26462708766764e-06,2.8010007389929e-06,-1.01303792836598e-05,-3.70031651002482e-07,-3.50978663175904e-16,-6.674322095303e-07,-3.4677251166077e-07,-8.24531714635421e-07,3.42219161486907e-16,1.53623212866292e-06,2.93216947193566e-06,-4.47186653611229e-07,-1.25817855529703e-06,-4.20536039276956e-07,-2.26609094732963e-07,-8.19689899702856e-06,3.42139275131394e-07,0.00125734990722368,1.12275056752076e-07,4.46097420178713e-07,8.5441125295654e-07,-3.31535030954921e-17,-3.57027780787918e-07,9.06985945818494e-07,0.000520413750328956,-5.18801757414335e-07,-1.2757323129805e-17,-5.30188978548725e-07,1.33813574632448e-07,-2.48059686820795e-07,-0.00012473784397487,-5.65970040864015e-07,8.08349841758951e-07,-8.37150546668685e-06,1.29349257161768e-06,-2.75653975968438e-16,5.37005264292065e-06,-1.37961569258294e-06,3.95677244382874e-06,7.27372147814184e-06,-7.41851963471871e-07,-5.04809231963076e-09,-3.01841884819964e-16,1.21228431306586e-15,-5.31348313451089e-09,-9.8069093870374e-07,1.30846680894768e-07,-1.09520217282492e-06,4.95271810397747e-15,-6.79453856601112e-07,-9.42031338179429e-09,6.77545665935632e-15,-7.21368382434056e-16,1.64284941167987e-15,5.08650207563938e-06,1.91402365805298e-05,-0.262127680129998,-1.79573762540833e-05,-7.98126658919316e-06,-8.09507205065831e-06,4.38540283292042e-06,-1.07544817505884e-15,4.58617648489016e-07,-1.06954151167496e-06,8.19809339649255e-16,9.49307021383332e-16,3.79227598902774e-07,1.37463261973811e-10,1.72711790387642e-07,-6.45680196230929e-07,-1.30554687895804e-07,3.59060677105157e-08,-3.89872415250227e-16,1.16381388461063e-07,1.16430986748917e-15,3.57281835607094e-07,-1.64148208914305e-16,1.14679108685563e-07,2.88429599876855e-16,-3.96567095715962e-05,-1.09027488687346e-07,-2.67639842816066e-08,-3.32726941085073e-07,-2.13247101011619e-07,2.20795663948602e-08,-1.27720904622954e-07,-2.66436915696029e-08,-1.29333298791342e-07,-1.10522003077722e-08,-2.84281844082816e-08,6.36714391222924e-08,6.49787762629801e-08,4.14252586984341e-09,1.62567339483794e-08,4.28265824457692e-16,-7.00206424051465e-08,-5.2315701149724e-09,0.0779136489768777,-3.78397792530722e-15,-1.02192751409315e-08,-1.13492514723889e-07,-3.16021769469346e-07,-4.55239198039116e-16,9.00311923573292e-08,2.29720963165442e-08,-1.46020501997329e-15,2.40494553812138e-08,4.43211110564674e-09,3.9538669988095e-16,-3.43195999197002e-16,-9.52179103872034e-10,-4.13211829578801e-09,-3.06117217116622e-11,-5.35925553745258e-08,2.06353416133285e-08,8.24701969828677e-09,6.21918661105348e-09,9.60994776787896e-06,-2.21737946808929e-07,1.68864488364617e-16,6.57857388377359e-10,3.4697161934196e-10,1.00803387692847e-09,1.0058073390977e-07,-5.08077500106075e-17,3.89057808683576e-16,3.63611473774732e-08,1.31466852312979e-16,-1.10172534241315e-15,0.00546300898873566,4.91710717743617e-07,1.18580558233522e-07,1.57411230487145e-10,2.42723951249078e-08,9.28561477394793e-09,1.00536425929993e-09,4.78298873496134e-16,1.12006246377859e-08,5.70076046682638e-10,2.68075391653335e-09,-3.95429196384594e-08,1.78167544448602e-07,9.05636877939929e-17,3.58166799352764e-16,4.57239632839421e-16,-1.34011506670911e-08,-8.88958241672374e-09,-3.92341919707136e-08,-2.32527795282248e-15,-7.09547827342246e-09,-2.89373253169627e-16,1.33268006298605e-16,9.96271051052589e-07,-2.19041836339078e-08,1.25550611573821e-16,-5.52650231969551e-08,-3.82886772883889e-08,1.00832479381897e-15,1.03191186974109e-05,2.1882442458928e-16,2.44086682458097e-08,6.33460919531049e-16,2.44151551813008e-08,2.11759097788598e-07,1.01704998598964e-08,7.25120877362053e-09,5.01211636028652e-08,-3.39563378372678e-08,7.30479398862521e-08,8.95520057742302e-17,6.58039834053664e-07,-3.72717599340044e-08,-5.25142433582348e-16,-4.93296022082192e-09,-7.65728573907683e-08,2.37192376356587e-08,-7.30889993786671e-16,5.8828574847193e-08,1.0340667874751e-07,-3.87296472346747e-16,-1.96338825836184e-07,-4.35514924869681e-08,-3.03298306033032e-09,2.50449313710747e-16,-9.75799643246964e-17,4.19161105266314e-08,1.2954429286428e-08,1.05004409856295e-09,-2.31969286855879e-08,8.02919480066343e-09,1.57018199312549e-16,-3.43139370796726e-17,2.94255843942825e-08,2.02926559077576e-10,3.90835350886791e-16,7.16008245106992e-08,1.16063971739645e-16,4.93224380311387e-08,-1.38958467290027e-08,-8.1237589966952e-09,-5.3975683659983e-08,-2.85416876506139e-16,5.23194601668758e-17,2.62313995496248e-17,1.87558491174861e-16,-5.85006481295059e-09,-2.03226053129527e-08,2.85958480555057e-16,-2.63469559128846e-16,5.18044235344676e-17,2.87592618467368e-08,2.59043261156539e-10,-1.43513830787483e-08,2.59498433930313e-16,5.56249924593688e-16,-9.47050597666088e-17,-4.74651211086823e-07,1.92381826215293e-08,1.73478627093469e-16,3.3995168287387e-09,-8.91903228695247e-08,3.63333951305217e-16,4.42465192852779e-16,-4.68952664118771e-08,-4.8072754028823e-10,-2.33359350473083e-08,-5.71825516993755e-16,2.64285743302632e-08,3.86246300035322e-08,4.16486095618667e-08,-3.82718304510597e-08,-1.2199488449495e-05,2.22247900992793e-09,-4.04843351825755e-16,-4.64619158127198e-16,6.91901020866885e-16,4.30263349161927e-08,-3.8966772800604e-08,-1.11240747121194e-08,-8.84454877910276e-09,-2.25884127688598e-16,-1.85011889712236e-16,2.08458834784722e-15,-4.55265244712357e-16,-4.50473464992964e-16,5.64449551895864e-08,-5.9340947546414e-16,-1.05774491482524e-16,-6.9345189708091e-09,-4.66752873416852e-16,-6.20889304529171e-09,7.02203789944789e-16,-7.70038038432684e-09,-4.10008082674826e-17,-9.39001292352401e-09,-1.17706458065764e-09,-1.42406908378731e-07,-6.17098028861446e-16,3.79914219814841e-08,-8.60968006604096e-16,5.4259284984558e-08,-1.27301466850979e-07,5.32681644363817e-10,5.98981607513829e-16,7.79495967535092e-08,2.8104384764073e-16,-1.92559830640523e-08,-1.0871495781622e-07,2.30459594653367e-16,-6.7828305488579e-17,1.23960798260405e-15,7.13833200324594e-16,-3.6645755194994e-10,-4.77716138461826e-09,-1.06804683546411e-09,-3.13162738092453e-16,-1.79974888291645e-16,-1.50250108480532e-08,1.22593523511124e-07,-5.74407305285748e-16,2.98935722656637e-16,-4.9327982210819e-09,5.56734687488398e-16,-3.50102446770222e-08,3.9344189781056e-15,3.31978105494597e-07,-1.334194124399e-15,2.63065950320556e-16,-7.37524792298479e-18,-2.83366711414701e-15,-2.34073851271106e-16,2.18418056150061e-15,8.50917062274651e-09,-5.95161856007386e-08,-1.85645730952192e-16,-2.99513231827828e-08,1.14069930659227e-07,-2.24443517394796e-15,2.61659990528729e-16,9.9481556145558e-16,2.34833805608504e-15,1.13041094569583e-08,1.80994938893608e-09,7.02073526864465e-16,5.15331443214603e-16,-2.05804945148622e-08,-7.34273676165508e-08,-1.47129450708716e-09,-1.69602443272172e-15,-3.25549101349839e-15,9.48782218889734e-16,-2.49672239972481e-15,3.3169724886611e-17,4.97864883388012e-15,4.38038395830386e-08,-4.14654632280818e-08,-7.97977212847574e-09,3.87617333849879e-15,-2.15647640558311e-15,7.17976013236162e-15,-7.77864437950949e-16,-8.22916120297761e-15,7.39136635624089e-15,-2.40109658357584e-15,9.76249258551121e-15,8.64585623253391e-14,-2.24708189651643e-13,2.11631657798072e-13,-0.707106781186546,5.94622757774e-14,-3.83706786923756e-14,5.86674684175532e-09,-2.64180227872161e-15,2.77453967616137e-14,-1.5823658961852e-14,8.31805186447682e-08,-7.57727644112405e-10,-1.2696699235277e-14,-2.14805371197454e-09,7.6213823894181e-08,-2.18885907184799e-15,1.00304033606582e-14,-1.11378789471683e-07,1.75453787276973e-15,1.88659660578409e-09,-2.32949767503487e-16,-2.52895407389912e-15,-4.07311485623675e-15,-9.0419995549197e-16,1.40204314762696e-09,-1.92588137377692e-07,1.57617934189584e-15,-1.02297710948867e-15,-1.00419889042399e-15,2.65883893313838e-15,1.5632026922896e-15,-1.17871827057241e-15,-5.38988492873844e-15,-6.23717273775979e-16,3.11132037679126e-09,1.95259235017145e-15,-1.42400099797495e-16,9.16526599346855e-16,1.68508314282776e-16,-2.91111566776061e-16,2.01893321593137e-15,-4.65498865142742e-08,-3.02861271275247e-16,1.80870808116617e-15,3.47254536559344e-08,-1.92247905176828e-16,-1.29832966985903e-15,-3.20956199798609e-17,1.15209562748475e-15,3.8540920993643e-08,2.54458201434299e-16,-2.15350227437864e-08,7.75433571834668e-16,7.50511054305311e-16,4.13471039137108e-17,-6.64060278120215e-16,-1.98265298726955e-16,-2.46699774686274e-16,7.79908455539611e-10,2.64925718124186e-16,-7.68404080941714e-16,5.8286906632454e-09,-9.75358473664814e-08,-2.8483533434979e-16,6.84258899373894e-08,1.00264240347324e-08,3.0634551985035e-16,1.86232169541403e-15,3.064349875903e-16,-5.43877290687418e-17,1.45559931533343e-17,-1.69537870232241e-08,-1.76753875104303e-15,1.25249280195603e-16,5.06516912890738e-16,6.79891488214146e-09,-3.52436027378979e-16,4.03381230546118e-16,-1.31450152020397e-16,1.26947473766914e-15,-3.10449844924953e-09,-8.15533199713542e-17,1.23606436558088e-09,2.20321378252163e-16,1.13860326599357e-16,6.04130352318774e-16,2.06772512713891e-16,3.17201936373393e-16,5.2697640217153e-16,-5.02481752288185e-17,-2.15201758962895e-08,6.85610443834757e-16,6.46026231035948e-16,9.05501001064529e-09,3.38938033059542e-17,-2.06530645810834e-16,8.94484974393316e-16,-6.15614532583333e-16,-3.12684990897111e-16,1.69110178059232e-16,-4.97717633527975e-08,5.99189241704978e-17,-1.04884516503247e-15,1.96217089559426e-08,-4.45879578630663e-16,-3.89111372188408e-17,-2.91735233621036e-16,1.95918846501848e-16,8.30836954612119e-16,-3.53833682640594e-16,6.94417882804189e-16,-4.09595967773964e-17,5.04493406312172e-18,-2.72595666223318e-16,4.11611544784569e-16,-1.0338871629669e-08,3.43019077634286e-08,3.43502149831666e-16,4.40004956448734e-16,-5.76205895749773e-17,1.31181739357647e-18,-6.8738417735581e-17,-4.64837102169979e-16,-3.31700269632133e-18,1.7278713826193e-16,-2.25392236732127e-09,-1.99369317790185e-16,4.88955009138883e-16,1.62053302280562e-16,4.23986484947367e-16,2.89277095673252e-09,4.20485083462505e-16,-6.08131072065743e-10,3.73642401697753e-16,3.06567082478188e-16,-4.50142240139034e-16,2.47612591166832e-16,-3.435964824739e-16,-8.65872148704559e-17,1.77457023153448e-16,-1.89932453743849e-16,1.5681520843347e-17,-1.42225738514323e-16,-3.50578978042654e-17,-3.45587628865897e-16,1.34797786318073e-16,-3.1781277110259e-16,-7.32754714749745e-17,3.71717696508104e-16,2.874711291459e-17,3.2107313541823e-16,-8.96527820238309e-18,-2.49065390977716e-16,2.70020551057515e-16,-1.31555130366813e-16,-4.2553989405492e-16,-1.99168846396674e-17,7.47710323761718e-17,2.20932303191022e-10,2.00171634625273e-16,-1.13209972207363e-16,1.33804693482866e-16,-2.91569819166633e-16,6.5156073191515e-16,-8.88082518342378e-17,-5.38714912107335e-16,3.20857135872046e-16,4.9359437566514e-17,-4.03747539699906e-17,-1.05785605969411e-15,-1.77861461341719e-16,4.05317505900257e-17,-3.61133388301246e-16,3.71659168306006e-16,5.80250957870879e-16,5.37541679087112e-17,-2.86179669440588e-09,-3.37819929189255e-16,1.00037203678627e-16,-1.75838698764772e-16,1.94132638926009e-16,1.57724891051792e-16,-7.90047144639854e-17,6.52719014406209e-17,8.99039502561366e-17,-5.91494661131967e-17,6.10304933992406e-10,-2.22256407220823e-17,6.09659101122164e-17,-1.86689250304336e-16,2.5844288957411e-16,-1.11540594306393e-16,4.66338518201811e-16,9.08572277918899e-17,1.1326017631488e-16,1.2406376055046e-16,3.61617844194714e-17,-8.91394654597588e-17,1.07565312587233e-17,7.94494549792513e-17,3.09881078156737e-09,2.17672825106238e-16,-5.62424690697277e-17,-2.26278694076824e-16,-4.42246066156837e-16,-9.35463660949374e-09,-9.58301968251721e-17,-7.04827538904367e-17,2.33842385917331e-16,-1.50295425995718e-16,-2.21858055630469e-16,-6.86640481694123e-17,4.43709399656076e-16,-2.1957949501727e-16,-9.6113929051966e-18,1.58334325308987e-17,-7.53412672096218e-17,-1.68196764878242e-16,7.40719872709268e-17,-1.05175153110916e-16,-2.49953381755895e-16,3.31598751200753e-16,-2.30949614600424e-16
"t471",-0.00778910584688376,0.0233209119164991,0.0266922709348561,-0.00837614961771653,-0.134743884045723,-0.0299987911091755,0.0193391128277302,0.000310420528037865,0.00103563904841837,-0.00228289127858282,-0.000627347523662671,0.00381168429830519,-0.00560312315464379,-0.000546155365193263,-0.00381558746146859,-0.00106422156245727,-0.000993586552820684,0.000417852929649383,-0.000371872970341985,0.000274819606964042,-0.00102683780330449,0.000220507061047086,-0.000466706831744601,0.000967186754372188,-0.000151990838466617,0.000356969811396547,-0.000445851985148698,0.000412692221206199,-0.00357359960458601,0.00949091332615972,-2.31644989776718e-05,3.30170388555905e-05,-0.00146490439665303,0.000240661291723679,-3.13097676117301e-05,-3.52505443913484e-05,-0.000163364194383211,9.56724933384769e-06,7.60411971505421e-05,1.99925766566898e-05,0.000951530504487165,-0.000108214022441792,0.000108308795057891,-9.18925619926082e-05,0.000475194962800301,-0.175115921194412,2.44373812414743e-06,-8.60496066492408e-05,9.8819134354653e-05,-0.00021314179037798,0.000238328277831182,-0.000150772100104956,2.11147728157089e-07,-7.43472450899074e-05,2.7082904425688e-05,-0.000286185541521049,1.32155492768557e-05,-0.000964045961239449,0.000330907671538585,-8.50132421659108e-05,-0.000137659902770393,0.000248711880494511,-0.160840165012131,-0.0205775780637056,0.000124553924390326,-0.000237689890469486,2.85526665947464e-06,-6.25747394403308e-05,0.000134435905778824,-3.16588738850895e-05,-4.31673967995577e-06,2.30588643403678e-05,-6.12186263766422e-06,-6.30948047615181e-05,2.69313357777449e-05,2.00995387988564e-07,-0.000250946265942744,3.03240605686919e-05,-0.000149583506291621,-0.00020653008283378,8.63405940433703e-05,0.00142484829534978,-0.000726521348715503,-0.184866098829894,-4.9997961473639e-05,-0.0014496083855803,0.000178218342486827,2.25454612863232e-05,0.0206884371090153,-0.000203412973606362,3.23444571792249e-05,-6.56139264352141e-07,-3.14305214486345e-05,0.000300284758701149,8.39890940724899e-07,4.63796711220791e-05,5.43674337606966e-06,-2.48134965122101e-05,0.000199696427908897,4.75815600599181e-05,9.53892529551116e-06,-8.14709700132488e-07,1.28583649277308e-05,-4.50310440468527e-06,2.06948012742387e-06,-4.56382472552942e-06,0.000135350057404036,-6.62506816096451e-06,2.50125599348927e-05,-1.43458254899681e-06,-3.92806951229463e-05,-0.0448318783343014,-0.00019670463778127,4.91911725463811e-06,-1.11312962352067e-07,0.00869888400256316,1.51519467544686e-06,5.53722063997925e-09,6.99008474829853e-08,-2.75331069077685e-07,2.04815078176419e-07,-8.96160028167955e-08,-1.36052383517019e-07,-4.00451083867938e-07,3.04830893160525e-08,-8.17940743123418e-07,8.79259446327774e-08,-2.26511463931219e-07,9.38634385173529e-07,3.11438019518627e-05,1.04049158514838e-07,4.23958816173248e-06,-8.53207305882049e-07,-1.13220163712578e-06,8.08167148704778e-08,2.26299785504678e-06,-1.86392741385263e-08,-1.77607985049945e-05,1.83752357792683e-05,-5.77311475375239e-05,-9.28814501584758e-06,-0.00256010290458076,-5.03033552805972e-05,-2.18416658504401e-06,-1.14630495491414e-06,1.08694305380471e-07,7.64132879342424e-07,8.40634413107536e-08,7.5828533183324e-09,-2.78308309712862e-08,-8.1194650078571e-07,-1.47249207603321e-07,-6.04726773027932e-07,1.3144323931036e-06,-5.42838943614598e-07,-4.93130743134159e-08,7.61167238357581e-07,-1.52353843593138e-05,-4.71631863423563e-07,-1.61347860789914e-07,-1.83294493175215e-05,2.11185637502442e-06,-1.80563302409449e-06,-5.29069112953843e-05,0.029775589923689,1.79617989357512e-05,-2.09348508453342e-06,-3.38074930086596e-08,-1.65640133719688e-06,-1.75236560919188e-06,2.97010312796632e-06,5.00071355030856e-07,-2.89418991879408e-08,-4.1922535795595e-08,-5.11428217758838e-08,-3.90861385745622e-09,-2.08577583173951e-09,-4.44829408789089e-05,-4.00287835207485e-07,-3.01489770750864e-06,9.86170371956829e-06,3.92390946760304e-06,-6.11569786718108e-07,-3.32451437853264e-09,-7.46908808025477e-08,-2.60621245911586e-08,-2.95726983400129e-06,7.98918119941471e-07,3.5972524662242e-06,-6.23366273930565e-06,-1.12620944679415e-07,2.21592881229927e-07,8.99489047197613e-07,2.19211379600873e-09,1.61648205460763e-07,-2.41182927541332e-07,-4.49463131239638e-07,-4.34577003701281e-07,2.76499555096912e-07,1.2699622417379e-07,1.27110074024572e-07,2.17571512246825e-05,-3.64136640211032e-09,-8.99733030935173e-07,-1.02618047764051e-06,-6.81967333342438e-06,6.75099699780934e-07,4.76994496636683e-06,-5.26985847489915e-06,-4.5488249995457e-08,-2.35094675624885e-05,1.03219484716831e-05,-2.91241496961934e-05,-2.88265695447455e-06,-3.13295429653717e-07,-0.00107550784765734,5.67944626218864e-07,2.75557113728199e-07,-5.88327664380033e-07,-3.39985233085611e-06,-1.9767930689069e-05,4.64095684566544e-05,0.00110200319220332,4.10137332885206e-05,-5.60749773222273e-05,-0.24015243321049,0.00119466751666053,3.04211173244726e-06,2.69185568786258e-06,1.310034678237e-06,-4.26702106287775e-06,-7.17630760999332e-07,-2.49651789927906e-07,-3.96493705364446e-07,1.28137237070507e-08,2.79349553815288e-08,5.00791710991453e-07,9.44357178094907e-17,3.86966792238124e-05,-2.71083337153189e-07,-6.13288520166241e-08,-4.35088895125908e-07,-5.26510762282247e-07,1.19928485165559e-07,-1.68605541093153e-07,1.25906140074785e-06,-1.6005551406813e-08,1.31153375166613e-09,-4.86407092310404e-07,7.74693517051062e-06,-6.85644455703784e-07,0.000939035826293198,5.3900169896541e-07,1.44460409778804e-08,-1.18386815520059e-09,6.31615054329322e-08,-6.90758116668738e-08,1.09546890367546e-06,1.96329566766038e-07,-3.89920503798007e-08,8.80356582062269e-07,-1.72034746534461e-07,1.90155103160995e-05,-1.6152804649753e-06,9.82385992074058e-08,-3.34856877191822e-08,7.71020494974057e-09,2.82923778496575e-06,-1.19382217754164e-06,4.37349529650347e-08,1.75121794842274e-08,-3.81522065920173e-08,6.15095423734068e-07,-7.56046810182118e-07,9.00610402158708e-07,-2.31897107657217e-06,1.80678505365457e-06,-1.32285331543044e-07,1.64472161563749e-06,-1.12403178848791e-07,3.27447563288304e-07,2.53815751859301e-16,-8.11852444824377e-07,-2.78384794372993e-08,-4.86255743753134e-11,-4.24567296648848e-07,4.04387887456021e-08,-2.5109120593179e-08,-1.10253140757454e-07,1.29329255022549e-08,-5.3617928046495e-05,1.3143920343713e-06,5.16719810633472e-08,-4.67082963151649e-08,6.04488290345061e-07,-7.32228197287297e-07,3.10880988532923e-06,-3.66420838547405e-07,8.07012225349118e-07,2.15611488593545e-08,2.17626488368421e-08,9.5417576940599e-07,-0.000864141588445299,-1.28486051658875e-08,-2.50158637996707e-07,5.29230114146157e-07,-2.02849517826398e-06,1.58371017670784e-07,1.48264022122265e-07,0.000156271260542947,-2.84158526714701e-07,-1.37544070440487e-07,2.1554249310772e-07,-7.51900517343985e-07,1.85930868241008e-08,1.72822901297226e-07,-3.33045176810344e-07,-1.61847534297788e-16,8.4329060981405e-10,6.50266478636786e-07,-5.54839657733799e-08,2.15625612682103e-07,3.63637665494371e-08,5.526072682446e-08,1.23859391295364e-07,-1.72989855920635e-06,5.71360188275844e-07,2.23961633953806e-15,-2.61816967504879e-07,-3.70429260042628e-07,-5.63040547930231e-09,3.3551001199624e-08,-1.76587493819448e-08,4.17844501271769e-09,3.8629661548501e-07,-1.63896281515666e-07,2.67492244157659e-06,-9.19311401077927e-06,0.500852910984773,-7.54657908345813e-06,-2.57594097000863e-07,-3.09656980815711e-08,-3.00719496602658e-06,1.97264338575698e-06,-2.39625507966379e-06,3.41972069641096e-15,-5.76557838710321e-06,4.28355888665343e-07,1.23388214726198e-08,9.6101489549733e-08,-2.34074923368917e-06,-4.26462708709193e-06,2.80100073864178e-06,-1.01303792844324e-05,-3.70031650779982e-07,-2.73205240577599e-16,-6.6743220968172e-07,-3.46772511751965e-07,-8.24531714655876e-07,6.4497889598498e-16,1.5362321287019e-06,2.93216947181702e-06,-4.4718665359678e-07,-1.25817855520895e-06,-4.20536039426671e-07,-2.26609095003903e-07,-8.19689899704811e-06,3.42139275036926e-07,0.00125734990722419,1.122750569552e-07,4.46097420621167e-07,8.5441125259352e-07,-1.86951248367719e-16,-3.57027780854218e-07,9.06985945971276e-07,0.000520413750328918,-5.18801757223175e-07,3.42070345331811e-17,-5.30188978454227e-07,1.33813574679936e-07,-2.48059686946155e-07,-0.000124737843973622,-5.65970040973123e-07,8.08349841070972e-07,-8.37150546671831e-06,1.29349257137985e-06,-3.31342896982018e-16,5.37005264277443e-06,-1.379615692719e-06,3.95677244387924e-06,7.27372147781419e-06,-7.41851963647093e-07,-5.04809248224257e-09,-7.35522753814166e-16,1.22394868010116e-15,-5.31348313665692e-09,-9.80690939004261e-07,1.30846680875676e-07,-1.09520217274645e-06,4.88031305309713e-15,-6.79453856657636e-07,-9.42031327260971e-09,6.8031503603331e-15,-7.70296648349462e-16,1.45772348313731e-15,5.08650207544882e-06,1.9140236580334e-05,-0.262127680129996,-1.7957376253645e-05,-7.9812665895611e-06,-8.0950720505194e-06,4.38540283339558e-06,-6.4341092986677e-16,4.5861764865299e-07,-1.06954151154112e-06,5.15122946317898e-16,7.90105927074667e-16,3.79227598961778e-07,1.37463314858039e-10,1.72711790558422e-07,-6.45680195697371e-07,-1.30554688291756e-07,3.59060677422513e-08,-6.23084302551849e-16,1.1638138827301e-07,1.52352681865656e-15,3.57281835323758e-07,-6.59845442174678e-16,1.14679108575862e-07,2.50953639607829e-16,-3.96567095711742e-05,-1.0902748836936e-07,-2.67639842675597e-08,-3.32726941461195e-07,-2.13247100944297e-07,2.2079567049075e-08,-1.2772090499691e-07,-2.6643691543598e-08,-1.29333298431821e-07,-1.10522005776202e-08,-2.84281839577027e-08,6.36714390398596e-08,6.49787769372811e-08,4.14252573590348e-09,1.62567340042371e-08,7.12509349866924e-16,-7.00206423554381e-08,-5.23156990339334e-09,0.077913648976878,-3.66897096072258e-15,-1.02192749485199e-08,-1.13492515008491e-07,-3.16021769593922e-07,3.08921830004293e-16,9.00311923329219e-08,2.29720960540064e-08,-1.42981066218996e-15,2.40494552931996e-08,4.43210960298589e-09,2.89424864529908e-16,2.7405854006978e-16,-9.52179357844859e-10,-4.13211793907825e-09,-3.06115281271672e-11,-5.35925559116146e-08,2.06353417227454e-08,8.24701978605064e-09,6.21918610833400e-09,9.60994776837167e-06,-2.21737946826004e-07,-1.87458555622744e-16,6.5785718397496e-10,3.46971745667055e-10,1.00803398914826e-09,1.00580733921796e-07,-3.36206254242318e-16,1.14993203947414e-16,3.63611477038676e-08,4.58659783364208e-16,-4.8483389847418e-16,0.00546300898873462,4.91710717541307e-07,1.18580558256663e-07,1.57411711366311e-10,2.42723941255831e-08,9.28561457881659e-09,1.00536377526516e-09,-9.34682678110889e-17,1.1200624764506e-08,5.70076094386393e-10,2.68075417142482e-09,-3.9542919723284e-08,1.78167543946235e-07,-3.03725108283408e-16,-1.54845684681713e-16,-3.23927926185786e-16,-1.34011506279673e-08,-8.88958216030473e-09,-3.9234191693599e-08,-2.10361888463e-15,-7.0954783986545e-09,-8.07947152269442e-16,2.64605769007294e-16,9.96271050974579e-07,-2.19041833164804e-08,4.38668198987635e-16,-5.52650231489977e-08,-3.82886772293469e-08,1.61115663711596e-16,1.0319118697609e-05,2.55709691721326e-17,2.44086680068811e-08,-3.15261300162475e-16,2.44151556490307e-08,2.11759097201265e-07,1.01704997633363e-08,7.25120853891827e-09,5.01211636117759e-08,-3.39563378109759e-08,7.30479399298353e-08,1.66738275527173e-16,6.58039833344262e-07,-3.72717597285206e-08,-7.68588263019971e-18,-4.93296110846209e-09,-7.65728586036075e-08,2.37192370347107e-08,1.10861826275419e-16,5.8828574930231e-08,1.0340667820389e-07,2.44249135258269e-16,-1.96338826218596e-07,-4.35514935925154e-08,-3.03298296423695e-09,-1.49513617370682e-16,5.18968187691215e-16,4.19161104164866e-08,1.2954429063433e-08,1.05004348925742e-09,-2.31969282268482e-08,8.02919538785841e-09,-3.81546083896571e-16,5.17435806905576e-16,2.94255850579175e-08,2.0292652812142e-10,-3.64051639772221e-17,7.16008249358622e-08,-2.94263622324282e-17,4.93224376934635e-08,-1.3895846508614e-08,-8.1237590867098e-09,-5.39756839536882e-08,-1.20150115376277e-17,-1.01165193638779e-16,1.27665562862918e-16,-3.25137766674608e-16,-5.85006480778871e-09,-2.03226033833968e-08,-3.5492339075274e-16,4.50258400457333e-16,-3.51053847350283e-16,2.8759260970613e-08,2.5904239095087e-10,-1.4351382398059e-08,-2.12354723268371e-16,-3.7539144969595e-16,-7.85775524508869e-17,-4.74651210055868e-07,1.92381827300815e-08,-7.17176926524982e-17,3.39951646074669e-09,-8.91903221068012e-08,-3.94506831715939e-16,-3.88882173633685e-16,-4.68952655770007e-08,-4.80727884377391e-10,-2.33359358885628e-08,-1.39962698742027e-16,2.6428573985541e-08,3.8624631416417e-08,4.16486096231596e-08,-3.82718315436661e-08,-1.21994884493599e-05,2.22247855283492e-09,1.06823535803916e-15,-1.14470812744123e-16,-1.09915725204248e-15,4.30263352599708e-08,-3.89667727344876e-08,-1.11240744516745e-08,-8.84454866465483e-09,-1.36095247147852e-16,2.09136292855067e-16,-1.18309455186464e-15,4.58970367692134e-16,-7.47870147319401e-16,5.64449566663099e-08,4.9851790928239e-16,-1.69957721149816e-17,-6.93451785855043e-09,6.07214722230088e-16,-6.20889372106369e-09,-7.31209426104917e-16,-7.70038318081563e-09,1.73618041764021e-16,-9.39001169529488e-09,-1.17706388416707e-09,-1.42406906896293e-07,9.28983962815828e-16,3.79914226687158e-08,9.29757364588126e-16,5.42592840573626e-08,-1.27301466615768e-07,5.32682617511512e-10,-7.70717361955097e-16,7.79495986642341e-08,-3.91178101764743e-16,-1.92559845293583e-08,-1.08714958176763e-07,2.82329120580378e-16,9.72528100557947e-18,-1.17165849854788e-15,-6.90308698375564e-16,-3.66459061334554e-10,-4.77715914653669e-09,-1.06804815750256e-09,4.61467483981437e-16,2.28398393515657e-16,-1.50250113248223e-08,1.2259352353129e-07,1.12910500271254e-16,-3.27253209424767e-16,-4.9327974987063e-09,-6.07360681392662e-16,-3.50102450902861e-08,-3.58334228544963e-15,3.31978105412203e-07,1.13166493902529e-15,-5.48649134118327e-17,-1.54895028634862e-16,2.52769263094885e-15,3.52692617234412e-16,-1.76654373481934e-15,8.50917380769342e-09,-5.95161799792754e-08,3.81565420386186e-16,-2.99513201247913e-08,1.14069927556358e-07,2.37368132082718e-15,-2.33416681231066e-17,-8.20629607953657e-16,-2.86987075009824e-15,1.13041121568978e-08,1.80995697941722e-09,-6.2334526500225e-16,-2.98564120120119e-16,-2.05805013725171e-08,-7.34273662723568e-08,-1.47129103647362e-09,1.68764703212613e-15,3.47642567944978e-15,-9.25168127633945e-16,2.24967631735644e-15,-1.31214303569523e-16,-5.0565203008617e-15,4.38038359176847e-08,-4.14654430101404e-08,-7.97977297183806e-09,-4.18240461230304e-15,2.28973788121025e-15,-7.16925250464456e-15,7.65290250490171e-16,7.80810541293317e-15,-7.21901678851934e-15,2.52762117506459e-15,-9.64628376135932e-15,-8.67882885044088e-14,2.24932352360081e-13,-2.11595314474989e-13,0.707106781186549,-5.94787145771009e-14,3.84413334359301e-14,5.86669099189889e-09,2.57315264462768e-15,-2.75853432331755e-14,1.5826412579484e-14,8.31805112686147e-08,-7.57701141951527e-10,1.26530647756041e-14,-2.1480855788436e-09,7.62138434850901e-08,2.20196021810161e-15,-1.00591464534836e-14,-1.11378784094725e-07,-1.97251791974834e-15,1.88659178356621e-09,5.66943490859428e-17,2.62054922005728e-15,4.05718558075274e-15,1.29008415659411e-15,1.40204318601608e-09,-1.92588134159576e-07,-1.42342856908797e-15,9.57767541596854e-16,1.26583614076927e-15,-3.12700596034345e-15,-1.3613242477728e-15,1.25487836140859e-15,5.84489539028813e-15,7.10346692333072e-16,3.11131877630535e-09,-2.03084321305655e-15,1.23035211792102e-16,-9.43703146666111e-16,-2.83164375525132e-17,-6.29532335203661e-17,-2.14308853127883e-15,-4.65498858976815e-08,3.07228296734531e-16,-1.43266899023164e-15,3.4725453139041e-08,2.39503940753189e-16,8.00953569576131e-16,4.16092838880363e-17,-1.20526747092882e-15,3.85409205692588e-08,-1.97507426903578e-16,-2.1535023521742e-08,-4.72635121950083e-16,-6.21391544520482e-16,9.82502303488288e-16,7.72043638126219e-16,2.45246051831421e-16,1.88824194654699e-16,7.79907829950721e-10,-6.27680170488231e-16,7.35645383057148e-16,5.82869200429213e-09,-9.75358480318019e-08,2.04948714629708e-16,6.84258878105912e-08,1.00264231386037e-08,-2.81440948201306e-16,-1.45468640229854e-15,-1.36627682780665e-15,3.8214369091583e-17,9.19461053449694e-17,-1.69537877392447e-08,1.66000181444273e-15,-1.82203350866974e-16,-7.20618322950024e-16,6.7989147780394e-09,2.49849285616396e-16,-3.10419424185084e-16,2.5851774906763e-17,-1.37201872441903e-15,-3.1044988372228e-09,8.01584691966614e-17,1.23606541646077e-09,-4.45243606562248e-16,-4.21021580398593e-17,-7.93036533381047e-16,-2.09082465837316e-16,-2.5837852062188e-16,-3.90403372455279e-16,-6.93741393844785e-18,-2.15201774077213e-08,-7.03043524921059e-16,-7.13330066095715e-16,9.05500962813869e-09,3.66082678930646e-16,2.33031738239987e-16,-6.32490668341535e-16,5.11600368547953e-16,1.82817549384319e-16,-2.87578560137538e-16,-4.97717633199732e-08,2.50856384407624e-16,9.08429356169468e-16,1.9621709048967e-08,3.26898956629306e-16,1.75450895175641e-16,4.50498558318446e-16,-1.0734476277442e-16,-1.36538967064246e-15,7.41785187457722e-16,-5.90184067107094e-16,8.94187571549742e-17,1.97828226270173e-16,2.9895270492129e-16,-3.61217365124759e-16,-1.03388700018343e-08,3.43019071106843e-08,-1.17453624330694e-16,-3.22937024092152e-16,7.59420200556932e-17,2.69485383891207e-16,2.05022630817009e-16,3.40321453614371e-16,4.11532682609941e-16,1.60026932214008e-16,-2.25392354365691e-09,2.46247964477794e-16,-4.07526512762477e-16,-5.43310855547413e-16,-6.5437702785172e-18,2.89277078763933e-09,-1.12489906830049e-16,-6.08132019441328e-10,-3.77481317344993e-16,-2.17675088803091e-16,3.23380878722623e-16,-1.8245530651515e-16,2.30609343855207e-16,-4.16076919380343e-17,-1.51092371007063e-16,-2.34920447107121e-16,1.92398162852389e-17,7.07196631779152e-17,1.56498215641425e-16,2.81067703048531e-16,4.48564275101988e-17,3.25322382412931e-16,2.79019895050498e-17,-3.24078919055446e-16,-9.4153292713748e-17,-4.83105769969774e-16,-4.34442529917598e-17,4.28177356953863e-16,-3.17833866864126e-16,1.06492997808878e-16,3.62349824690296e-16,2.55295750000126e-17,-7.00423549430947e-17,2.20931364209842e-10,-2.93100401541226e-17,4.63845875825021e-17,-2.93235862535728e-16,2.71158246005787e-16,-6.12254332366071e-16,1.69632151619068e-16,5.96300550664951e-16,-1.07792378392854e-16,-5.165790193592e-17,1.56948005176901e-16,3.46456804217743e-16,-3.38907436528914e-17,1.00246118901852e-16,3.65387489415647e-16,5.27892140945977e-16,-6.2007879262634e-16,-1.25147886793341e-16,-2.86179237644112e-09,3.38676945490562e-16,-2.66971427502834e-16,3.1580376368238e-16,-6.52837091556668e-17,7.57637310382815e-17,-8.95745524478612e-17,9.96600622432835e-17,-5.21866303767433e-17,2.15894490844724e-16,6.10304593871513e-10,4.00396366112767e-16,-1.10058107159602e-16,5.77302954919146e-17,-2.52268598354871e-16,1.74615978669008e-16,-6.64919649023193e-17,-1.2997896702906e-16,1.18217061660054e-16,7.09522990540236e-17,-2.68120332864413e-16,5.06313554764488e-17,2.97540620190386e-17,-2.52538843329729e-16,3.09881288746026e-09,-7.87916962642137e-19,-9.78803413221108e-17,1.9112092785974e-16,-3.99853761212654e-16,-9.35463623661372e-09,-2.5490784214402e-17,1.44646352445903e-16,-1.72817981273278e-16,1.72154279641548e-16,3.83201132106407e-16,-7.03848001854578e-17,-9.96410789459684e-18,3.24931694823501e-16,9.52727599545325e-17,-8.03085401739599e-17,8.48877627815185e-17,-7.61023128073229e-17,-1.52611440029615e-16,-6.18872811010727e-17,2.85317578098103e-16,-1.02425778726419e-16,-2.56042697984187e-16
"t864",-0.00778440973089329,0.0232912291574422,0.0266571945511256,-0.00836138035116367,-0.134452693838164,-0.0299226600028691,0.0192890639586663,0.00030955282855579,0.00103221579719878,-0.00227372551496442,-0.000624143563802859,0.00378763044452349,-0.00556671415240556,-0.000542551892192239,-0.00378929724929297,-0.00105644856724045,-0.000986153071966755,0.000414669099821585,-0.000368972658565436,0.000272487292591464,-0.00101739605050371,0.000218048510386131,-0.000461203139368202,0.000955714052795159,-0.000150180629018221,0.000352509318996376,-0.00044021291151022,0.000407424208228811,-0.00352671882879692,0.00934300146750866,-2.27785167955536e-05,3.24407499442118e-05,-0.00143740139306393,0.000235917959260291,-3.06594859326864e-05,-3.44565666022314e-05,-0.000159635220553893,9.34519027013261e-06,7.42635389767034e-05,1.95178222187829e-05,0.000928245008354569,-0.000105497549754562,0.000105546763834662,-8.95461236020397e-05,0.000462835230875657,-0.170249657484938,2.3744802111323e-06,-8.35884083566771e-05,9.59199701010346e-05,-0.00020671721195005,0.00023088603808608,-0.000145986988722539,2.04430615971246e-07,-7.19344182737516e-05,2.61695775266903e-05,-0.000276478954379405,1.27203105928598e-05,-0.000926960383452862,0.000318138644408796,-8.1521524197219e-05,-0.000131741774272623,0.000237780141386421,-0.153644222233476,-0.0196528518007896,0.000118771663655565,-0.000226334500203276,2.710205337821e-06,-5.93089386221997e-05,0.000127332768398719,-2.99489832188991e-05,-4.05615775449085e-06,2.15509710234836e-05,-5.71670366598386e-06,-5.8815429201364e-05,2.50991508515914e-05,1.87177273656901e-07,-0.000233622284083055,2.81877841607708e-05,-0.000138560132808003,-0.000191035292452922,7.96644964691189e-05,0.0013139589458903,-0.000667276297431247,-0.169580520642489,-4.56155160601604e-05,-0.0013205438597364,0.000162099847611641,2.05012269976165e-05,0.0188113427126217,-0.000184926350500107,2.93874179066936e-05,-5.9274488945155e-07,-2.83785746382257e-05,0.000270137414644604,7.50686191161723e-07,4.14123053830777e-05,4.85422897084771e-06,-2.20981627540404e-05,0.00017767275820694,4.21784801006135e-05,8.42993489540443e-06,-7.19794401583816e-07,1.13568239768993e-05,-3.91999624849554e-06,1.79945838974136e-06,-3.96481709683433e-06,0.000117398029780846,-5.74378915463712e-06,2.16681105039144e-05,-1.24126042691785e-06,-3.3973835028033e-05,-0.0386833003045891,-0.000169678774234516,4.21629411044408e-06,-9.5276801488842e-08,0.00742285141892249,1.29113127558174e-06,4.70012380080825e-09,5.91083427872132e-08,-2.32142605852847e-07,1.72398759871492e-07,-7.49895537712464e-08,-1.13404186288218e-07,-3.33739026896748e-07,2.53904469807778e-08,-6.78508981176538e-07,7.2912408042615e-08,-1.87161003244212e-07,7.67392909304254e-07,2.54589401203065e-05,8.49812120395774e-08,3.43698381995417e-06,-6.90657287594588e-07,-9.15506549242772e-07,6.50561851646235e-08,1.82053049829338e-06,-1.48483920273819e-08,-1.40328212113672e-05,1.43495880848026e-05,-4.50681448360789e-05,-7.23590899187873e-06,-0.00199233405687703,-3.9080358041547e-05,-1.69575084244418e-06,-8.89964383576868e-07,8.39870593889346e-08,5.84702641529248e-07,6.36631875522825e-08,5.7275253494605e-09,-2.08972898421454e-08,-6.09374304547149e-07,-1.10258430042144e-07,-4.52195999724853e-07,9.81361980747682e-07,-3.99357457322555e-07,-3.61906296018672e-08,5.57647510023051e-07,-1.06958799237898e-05,-3.27352950148125e-07,-1.1178910140133e-07,-1.25721343788008e-05,1.44546686203042e-06,-1.21924789806725e-06,-3.56649955919956e-05,0.019795115396605,1.17749150203373e-05,-1.31282380812644e-06,-2.11651377122412e-08,-1.03653999048763e-06,-1.08940389763417e-06,1.83198427740554e-06,3.08094512411956e-07,-1.75454783951428e-08,-2.52823130850518e-08,-3.0488540666487e-08,-2.32336124639056e-09,-1.23797858724013e-09,-2.56545453523183e-05,-2.23551956162703e-07,-1.67398690507772e-06,5.44486566699664e-06,2.12970511445917e-06,-3.29681991459148e-07,-1.78007749511911e-09,-3.97338773909781e-08,-1.35553395254043e-08,-1.52925177587806e-06,3.91606037652519e-07,1.75994074346747e-06,-2.99074239247626e-06,-5.09578242382765e-08,9.49169981908007e-08,3.77492951151978e-07,8.90962443820446e-10,6.40604996721495e-08,-8.79515887689874e-08,-1.60687869187724e-07,-1.48619968124702e-07,9.23564433339131e-08,3.40111660368411e-08,3.36168229656731e-08,5.07780859679058e-06,-7.31699101222583e-10,-1.0288418181106e-07,-1.16901557627669e-07,-7.17642678546496e-07,5.25589355020974e-08,2.77104568943698e-07,-1.26718840053301e-08,3.35863597176205e-09,3.33719636786109e-06,-1.69653385632348e-06,8.00226045805925e-06,9.90293999486163e-07,1.08221575834228e-07,0.00043388113641473,-3.24050467775144e-07,-1.6711953107691e-07,4.84698156084849e-07,3.41856813540698e-06,2.12651296175565e-05,-6.57382760333831e-05,-0.00166665947788586,-6.66683550060545e-05,0.000114060777566515,0.511703709027223,-0.00257486808748172,-8.52789991308025e-06,-8.9624721998672e-06,-5.36920268581395e-06,1.93639620566271e-05,3.64211106339091e-06,1.41702663172626e-06,2.32631426221096e-06,-1.06280986523935e-07,-3.03245077307097e-07,-7.90913163217503e-06,-7.77646140288009e-16,-0.00153065535050018,1.49760194447564e-05,-2.18298633505821e-06,-7.24716076937164e-06,-6.24712853176424e-06,1.3997158461329e-06,-1.33586059748018e-06,9.49966010063287e-06,-1.18204101782776e-07,8.81698483550559e-09,-3.08947435221803e-06,4.48686802758865e-05,-3.8272057761467e-06,0.00516565080344416,2.75333796341194e-06,5.84298431125431e-08,-4.4992960122588e-09,2.29214216564312e-07,-2.29998282529605e-07,3.62753943144207e-06,6.18294125409192e-07,-1.19709256673845e-07,2.61385735507511e-06,-5.05666632433158e-07,5.53232847872275e-05,-4.63551827997824e-06,2.76542610587934e-07,-9.4062359399435e-08,2.07296902162032e-08,7.59962082018713e-06,-3.20338839207129e-06,1.16098618941603e-07,4.63068216362784e-08,-9.96763806657581e-08,1.60349473459903e-06,-1.8526102214713e-06,2.19386951897723e-06,-5.62326257414368e-06,4.33723489923483e-06,-3.1511103891122e-07,3.85431078606788e-06,-2.62232458794804e-07,7.61281787767594e-07,-3.7410382352567e-18,-1.86613322997674e-06,-6.38979526815315e-08,-1.11100475192916e-10,-9.60112959786928e-07,9.06965550141224e-08,-5.61053003469251e-08,-2.459124182122e-07,2.82518337289703e-08,-0.000116987976617743,2.86693157741011e-06,1.12120743891527e-07,-1.00050772507375e-07,1.29230044217796e-06,-1.56333084549346e-06,6.61046568960036e-06,-7.70050749840828e-07,1.69066681669956e-06,4.51632144702864e-08,4.5583291835686e-08,1.99302700183732e-06,-0.00181628480242538,-2.70499386508838e-08,-5.28121698637215e-07,1.12179138756981e-06,-4.305703747994e-06,3.41126264561103e-07,3.19786782769676e-07,0.000337924278379033,-6.15596421751263e-07,-2.99904622091824e-07,4.73746872901078e-07,-1.66633690688853e-06,4.13659837015892e-08,3.87205277443524e-07,-7.58889602391728e-07,1.42105882003144e-16,2.33955271289473e-09,1.86840652537764e-06,-1.69624940367851e-07,6.6055515527228e-07,1.11640021447605e-07,1.72658059438461e-07,4.0110514846692e-07,-5.87746380405608e-06,2.19076031669814e-06,1.07399560225104e-16,-1.69041119706458e-06,-2.68721200679042e-06,-5.77774105386108e-08,3.63745881659138e-07,4.37330692002419e-07,-2.96471160566103e-08,-1.14327201036173e-06,3.07190332054849e-07,-1.99003828169111e-06,2.22524442425081e-06,-0.0178326414427892,-4.29785263483815e-07,-2.77748563903741e-08,-5.81736292435699e-09,-5.89311497208418e-07,4.8340707553564e-07,-6.70698351427308e-07,2.02570640016577e-16,-2.7316849634852e-06,2.15581443947918e-07,6.21324329481193e-09,5.51163671029034e-08,-1.36372059367567e-06,-2.85701952135217e-06,1.9283518579998e-06,-7.00859331888103e-06,-2.60477116597781e-07,-1.82237285996213e-16,-4.78152380013544e-07,-2.49924510368397e-07,-6.0631899872669e-07,1.75523280056749e-16,1.15034950415311e-06,2.2039955977203e-06,-3.36771943413203e-07,-9.51116232271325e-07,-3.19796722888901e-07,-1.73040002613346e-07,-6.2783667681304e-06,2.64210588467937e-07,0.000971825418747911,8.71975006688808e-08,3.48954581911335e-07,6.68570803880305e-07,1.94002876979379e-16,-2.82104004626324e-07,7.17499298790912e-07,0.000412562145500842,-4.12107399984489e-07,-3.52269740832168e-16,-4.21059431933599e-07,1.05540536696539e-07,-1.94627870539925e-07,-9.75886338525766e-05,-4.41103845536889e-07,6.24920806425919e-07,-6.36872092127544e-06,9.30432681946412e-07,-1.07732881496319e-16,3.59485258946958e-06,-9.16692853725838e-07,2.58670187661407e-06,4.64138629469067e-06,-4.72459773065209e-07,-3.19170766514974e-09,-2.68882138776405e-16,-1.83883894144383e-17,-3.21069661719412e-09,-5.66577574477666e-07,7.51430675597992e-08,-6.00648636437997e-07,2.22609924398098e-15,-3.29683070459113e-07,-4.27627886033379e-09,2.20494503095516e-15,-2.02989552506251e-16,8.28057391462317e-16,1.73557759676535e-06,6.22121389931392e-06,-0.0696242438759003,-3.78042625560882e-06,-1.62628967385926e-06,-1.12565482405176e-06,5.75386231880037e-07,-3.16182062990603e-16,-9.80523553069077e-09,8.83676910365743e-08,-1.91292915500075e-16,6.70094033867915e-16,-1.40539495495658e-07,-6.24026852592672e-11,-9.95116714887682e-08,4.29816434512082e-07,1.11877272948193e-07,-3.19765098592015e-08,-3.32869438172778e-16,-1.0915200558378e-07,1.11734718193949e-15,-3.87134609290243e-07,1.5241172039715e-16,-1.37701964200713e-07,5.25146287100684e-17,5.40807656068961e-05,1.52502794739063e-07,5.2027979898042e-08,6.93431913329007e-07,4.57561818862881e-07,-5.38191785162807e-08,3.48362759010902e-07,9.54637309945322e-08,4.64570347736298e-07,4.33993269558203e-08,1.3270592978268e-07,-3.8602928660522e-07,-5.1373091345707e-07,-4.2609291544845e-08,-1.96157236061467e-07,-6.05765504331127e-17,1.90081277416324e-06,-3.39294754470419e-07,0.00629794453348257,-3.37626433474266e-16,2.54012397290102e-08,7.35445759165876e-07,2.69414103577571e-06,-7.80290044762167e-16,-8.75140602371986e-07,-3.69041903359179e-07,3.7760241089481e-16,-5.00030634156828e-07,1.75061815497337e-06,-5.49590743325653e-16,3.46130071613379e-16,-6.95266654851548e-08,-2.84104109684821e-07,-1.67965728589069e-09,-2.44015628533151e-06,7.27970699246355e-07,2.86609424027391e-07,2.11909561567269e-07,0.000288265212398279,-6.56877485796919e-06,-3.43800508895153e-16,1.97594467967138e-08,1.04571954254582e-08,3.08207343901137e-08,3.14528058227926e-06,5.47286997017001e-15,1.43038283007839e-16,1.18429410287604e-06,4.41603812064268e-15,-4.45270310765712e-15,0.356165963847482,4.32272180891647e-05,1.05054440432952e-05,1.31634122857142e-07,-7.50105906177095e-05,-1.42094515301977e-05,-3.55828285767655e-07,2.43223582130753e-15,-3.65826403432186e-07,-1.5103515214488e-08,-6.66893798745465e-08,7.43467902286051e-07,-2.21355868845072e-06,-2.88940847618923e-15,1.30886694883316e-16,1.41237347446541e-15,1.0358903779814e-07,5.74719410375453e-08,2.50345805391208e-07,2.71155010198333e-14,3.85182228496165e-08,2.75243449210988e-15,-7.55157256707356e-16,-2.847371193124e-06,6.21266137432334e-08,2.89048299184635e-16,1.35115806084425e-07,8.58889887759785e-08,-4.66055903274539e-16,-1.94030634945045e-05,-8.48377317940319e-16,-3.6986561583968e-08,-2.64969693830019e-15,-3.62748761441373e-08,-3.09843080656346e-07,-1.46255041601929e-08,-1.01776598095901e-08,-6.65859389970425e-08,3.64531899221105e-08,-5.67611436545046e-08,-1.69964313853342e-16,-3.16869285951762e-07,1.69172907331508e-08,3.52130498018681e-16,2.06248881649661e-09,2.72414472635065e-08,-7.17540043501085e-09,3.85333288381182e-16,-8.20929727998945e-09,-1.14080143396307e-08,-3.24939062842042e-16,1.43081259085962e-08,2.39404012911589e-09,-2.56211465343917e-11,-1.9396610891369e-16,-5.31274479502353e-16,5.92577561657156e-09,2.48297544494286e-09,2.116506522938e-10,-8.8887483831565e-09,3.27808481608307e-09,2.93555572384525e-17,-4.95973332942356e-16,1.25045509108528e-08,8.66565832334564e-11,2.34294383615877e-16,3.25057344145676e-08,2.47100731992936e-16,2.36157012746696e-08,-7.10099111991259e-09,-4.16933655818681e-09,-2.816600830921e-08,1.97715751210936e-16,-4.13709896481356e-17,-3.44661743662039e-16,-1.88365104372043e-16,-3.46873023355241e-09,-1.21592771265515e-08,-5.9736824402926e-16,8.1469608763587e-17,-4.91531658217047e-16,1.77506481110113e-08,1.61940390229554e-10,-9.27081387571877e-09,8.80962513207232e-17,-6.10270297837778e-16,6.43230043881338e-16,-3.36818182939058e-07,1.36903334215243e-08,-3.81502011977126e-16,2.49409490899268e-09,-6.6195101155535e-08,-4.74132293376133e-16,1.41768052343238e-16,-3.57089589463169e-08,-3.66776702418838e-10,-1.80561349337045e-08,2.74313335347175e-17,2.09053205150532e-08,3.09049505029712e-08,3.38358846143908e-08,-3.17042827239576e-08,-1.01565566127571e-05,1.86718706872166e-09,4.01713126170324e-16,-1.42522032118402e-16,-3.24478117118304e-16,3.78515677041124e-08,-3.43021442982016e-08,-9.84384505290158e-09,-8.02192281596182e-09,1.82591003090105e-16,-1.16426413275744e-16,3.97352178863513e-16,-4.15418438265148e-17,5.00742693296482e-16,5.23824911618369e-08,4.7060044191687e-16,-7.64764087893135e-16,-6.48892315649473e-09,3.2062856027962e-16,-5.81243170888498e-09,1.39874766369999e-16,-7.21390400690127e-09,2.01314138239054e-16,-8.91584938861803e-09,-1.12104537916317e-09,-1.3625002579906e-07,2.84204182330975e-17,3.65477240578717e-08,1.26934378368222e-16,5.27935020284088e-08,-1.25565359289183e-07,5.25715135331516e-10,5.87158822532823e-17,7.73288438665696e-08,6.38099391191119e-17,-1.92525610011183e-08,-1.08736134982258e-07,3.47271342280029e-16,-8.20947172034211e-17,2.53639336371721e-16,-1.0437871700478e-17,-3.68779390061096e-10,-4.81497619240908e-09,-1.07844465073603e-09,2.16522762014902e-16,-1.15923347537698e-16,-1.52976419380506e-08,1.24862486027694e-07,-1.99621458837017e-17,9.49312026600485e-17,-5.07252298962818e-09,5.17543268463298e-17,-3.60722695403528e-08,7.87414637580914e-16,3.4392567797089e-07,-5.8999672316635e-17,-4.31756453095038e-16,2.68751817115616e-16,-4.05784309514913e-16,1.58639701355926e-16,-4.34159961592759e-16,8.90705229465703e-09,-6.23071296469595e-08,1.88191345692038e-16,-3.14620200131064e-08,1.19989036098729e-07,2.50057994332268e-16,-4.34313587913199e-16,-5.09490537118559e-17,-2.09121191681659e-16,1.19591511256527e-08,1.91731076130625e-09,-2.95914531805823e-16,-5.94817000716177e-16,-2.18322056967069e-08,-7.79075012233853e-08,-1.5620248404843e-09,1.91081099379107e-16,-3.46639187184678e-16,-1.15460472845819e-16,-1.02992058529264e-16,4.41528685968149e-17,-1.42766297862057e-17,4.6947507615806e-08,-4.44784960922775e-08,-8.56666057062767e-09,3.73267012654376e-16,8.30663951417999e-17,-4.60888967442344e-17,2.12458936367562e-17,-5.77160270027635e-17,-9.32471623433125e-16,1.00698005253515e-17,2.69424566535406e-16,1.95974895861438e-17,9.16280254301566e-18,-1.30694247328762e-16,4.44146919560306e-16,-4.5054495331291e-17,1.60322576737098e-16,6.37912565697972e-09,-7.97804942643546e-17,8.94457434769029e-17,-2.7333436741214e-17,9.05858872076461e-08,-8.25463686741907e-10,-8.74138634370139e-17,-2.3406454997134e-09,8.31999892290197e-08,5.83151749192997e-17,3.71559642463792e-16,-1.21860749221395e-07,2.57384149096305e-16,2.06961729004820e-09,1.80515583896058e-16,-1.36341686791782e-16,-1.78449009947428e-16,-2.9830433683746e-16,1.54418858555006e-09,-2.1216917053521e-07,-8.19276511405945e-16,-1.64210811809961e-18,3.06902936913016e-16,4.57797324674415e-18,-8.16404235881585e-16,-4.42564447807463e-16,-7.66709883270265e-16,-3.16617543111615e-17,3.46979977725775e-09,-3.18623403433054e-16,7.74607021726901e-17,-1.1669354654625e-16,-3.30521072375676e-16,2.14045909482552e-16,-4.07479763495207e-16,-5.20345733467955e-08,-9.06523548047127e-17,-1.60178809030681e-16,3.88332202087396e-08,1.17977595667414e-16,-6.31049296340928e-16,1.48794510489115e-16,-5.03855998361695e-16,4.3302740349724e-08,-1.17689128586512e-16,-2.42150316888137e-08,7.41284674174101e-17,2.94769035405553e-16,-1.63458406018791e-16,-1.86368212461391e-16,7.02381044283165e-17,-9.64771274700725e-17,8.78361729717091e-10,-1.9001497280648e-16,-9.18068730792313e-16,6.57227416746494e-09,-1.09985268497218e-07,9.28250568394565e-17,7.72366801606782e-08,1.13209564167735e-08,-6.28608145699319e-17,2.29121313166074e-16,-5.82148048102184e-16,1.46086612569816e-17,7.62061149794592e-17,-1.92258561203027e-08,1.65505940923377e-16,-1.28423521815744e-16,-2.89453834109948e-16,7.71817217616695e-09,8.47388567641655e-16,2.66254044911786e-16,3.2711670888557e-16,2.8369255276961e-16,-3.52900367036258e-09,6.43899804422315e-16,1.40565638821502e-09,-1.08766499329768e-16,9.79650310287962e-16,-7.93384409076512e-16,7.26074181670992e-17,3.09362058526709e-17,-2.10978455255965e-16,7.09979711875882e-17,-2.45240104491687e-08,-1.25241598926581e-15,3.29805908160039e-16,1.03241050731254e-08,-1.96548727160076e-17,4.92364307143404e-16,3.74857376299641e-16,2.82357628098376e-16,2.69410766497775e-16,-3.32867300226501e-16,-5.68345431023642e-08,-5.53214512467904e-17,-1.00375103354067e-15,2.24210335767622e-08,6.97624603729123e-16,-3.67967157724024e-16,1.74975527376297e-16,-2.67896119129157e-16,1.07606435308797e-16,-3.48554288420746e-16,-2.5706970632557e-16,-3.22716391209832e-16,9.1386431309529e-16,-5.01980177502975e-16,-9.25171110672457e-17,-1.18417284396115e-08,3.92987294348255e-08,6.09028061846559e-16,-2.81204342496446e-16,-7.67440637422536e-16,1.63578443419649e-16,4.43438688546571e-17,5.24712568556165e-17,1.440941918012e-16,-3.820255422529e-16,-2.58583604681804e-09,1.87281711059469e-17,2.46205523630002e-17,-3.38749906079974e-16,5.72229984529325e-16,3.32251869701676e-09,9.22610086982282e-16,-6.99333631573712e-10,-2.04551243401961e-16,-7.10745214257241e-16,-8.27618320153788e-16,2.57888013848999e-17,5.59081549235395e-16,6.5936348127138e-16,-7.29478702201892e-16,-5.77011979048171e-16,7.48193510022537e-16,5.91465570068985e-16,2.06245595205759e-15,-3.14405580386439e-16,-6.71529611026761e-16,1.60732046028569e-16,1.18443099432751e-15,-5.29905522576652e-16,-4.72876786972661e-17,-7.80235542315904e-16,6.8917912203503e-16,-5.21700307310328e-16,-3.94595380676099e-16,-5.86755363711704e-17,2.2582288560085e-16,1.18502450095017e-15,2.05612828006555e-15,2.55110297562166e-10,-6.7334249766169e-16,4.20276227606223e-15,3.1732575990457e-15,4.77184874598902e-16,4.4119922812689e-15,-2.77652761368296e-15,-4.26794785910857e-15,-3.1155262388849e-15,-2.84225324825833e-15,2.12840995098071e-15,-3.57184984714487e-15,5.79464770485062e-15,1.05541097972632e-15,-4.32709586685351e-15,-0.707106781186547,-9.37154414395411e-14,-1.26151105599967e-14,-3.31258469518369e-09,9.1493290687461e-15,-7.99639131692521e-15,-2.98307980261017e-15,3.03490425635605e-15,5.58433328887719e-15,-9.05383175483762e-16,2.02427912840919e-16,-6.44971299594888e-16,1.38041171433056e-16,7.08033183456042e-10,-5.21004936200368e-15,4.48984569413702e-16,3.45088041029205e-16,-8.61541467990406e-16,1.6147625477579e-16,-2.76086526655587e-16,1.5259208730791e-15,-1.81858078992007e-16,2.07319445669944e-15,5.12538136226612e-17,1.77469869345296e-16,-1.12860286137004e-17,-8.81071959749138e-16,3.60231070548475e-09,1.3245208757261e-16,1.02174518722337e-16,1.17244405670986e-15,-1.71965306577926e-15,-1.08840460425878e-08,-3.25194207248478e-16,-1.17888094559804e-16,-2.14240475733052e-16,7.6160281973827e-16,1.53240383415677e-16,9.76743797808041e-16,4.58060607923622e-16,-2.46954673486198e-16,2.7323672031985e-16,-3.29799036924111e-16,2.45629123002625e-17,3.2410717327113e-16,1.17805163289515e-16,-3.67674711489237e-16,3.83836135545289e-16,-1.18726839293841e-16,3.85113402928785e-16
"t865",-0.00778440973089329,0.0232912291574422,0.0266571945511256,-0.00836138035116367,-0.134452693838164,-0.0299226600028691,0.0192890639586663,0.000309552828555783,0.00103221579719878,-0.00227372551496442,-0.000624143563802852,0.0037876304445235,-0.00556671415240554,-0.000542551892192234,-0.00378929724929297,-0.00105644856724045,-0.000986153071966753,0.000414669099821586,-0.000368972658565444,0.00027248729259147,-0.0010173960505037,0.000218048510386133,-0.0004612031393682,0.00095571405279516,-0.000150180629018219,0.000352509318996375,-0.000440212911510215,0.000407424208228807,-0.00352671882879691,0.00934300146750868,-2.27785167955586e-05,3.24407499442104e-05,-0.00143740139306394,0.000235917959260295,-3.06594859326812e-05,-3.44565666022973e-05,-0.00015963522055388,9.34519027011136e-06,7.4263538976745e-05,1.95178222187768e-05,0.000928245008354565,-0.000105497549754552,0.000105546763834657,-8.95461236020705e-05,0.000462835230875661,-0.170249657484938,2.3744802110861e-06,-8.35884083566972e-05,9.5919970101071e-05,-0.000206717211950009,0.000230886038086106,-0.000145986988722614,2.04430615984166e-07,-7.19344182737434e-05,2.61695775266847e-05,-0.000276478954379519,1.27203105928249e-05,-0.00092696038345283,0.000318138644408813,-8.15215241972377e-05,-0.00013174177427263,0.000237780141386349,-0.153644222233476,-0.0196528518007896,0.000118771663655578,-0.000226334500203231,2.71020533783009e-06,-5.93089386222179e-05,0.00012733276839873,-2.99489832189142e-05,-4.05615775447659e-06,2.15509710234996e-05,-5.71670366598223e-06,-5.8815429201316e-05,2.50991508515711e-05,1.87177273654294e-07,-0.000233622284083078,2.81877841607719e-05,-0.000138560132807995,-0.000191035292452886,7.96644964691583e-05,0.00131395894589037,-0.000667276297431236,-0.169580520642489,-4.56155160601658e-05,-0.00132054385973644,0.000162099847611652,2.05012269967671e-05,0.0188113427126216,-0.000184926350500084,2.93874179067961e-05,-5.9274488940211e-07,-2.83785746381906e-05,0.000270137414644649,7.50686191371563e-07,4.14123053831022e-05,4.85422897074405e-06,-2.20981627539514e-05,0.000177672758206924,4.21784801005942e-05,8.42993489538391e-06,-7.19794401659806e-07,1.13568239769705e-05,-3.91999624861648e-06,1.799458389619e-06,-3.96481709716784e-06,0.000117398029780771,-5.74378915455837e-06,2.16681105039639e-05,-1.24126042697802e-06,-3.39738350279766e-05,-0.0386833003045892,-0.00016967877423468,4.21629411042205e-06,-9.52768014129249e-08,0.00742285141892223,1.29113127581457e-06,4.70012386455542e-09,5.91083426233675e-08,-2.32142605637697e-07,1.72398759970644e-07,-7.49895537242071e-08,-1.13404186302738e-07,-3.33739026924557e-07,2.53904470478628e-08,-6.78508981259398e-07,7.2912408034375e-08,-1.87161003083339e-07,7.67392909446038e-07,2.5458940120245e-05,8.49812120376803e-08,3.43698382006985e-06,-6.90657287618761e-07,-9.15506549251498e-07,6.50561849309765e-08,1.82053049821878e-06,-1.48483919648598e-08,-1.40328212115424e-05,1.43495880848766e-05,-4.5068144836073e-05,-7.23590899191507e-06,-0.00199233405687714,-3.90803580416707e-05,-1.69575084237326e-06,-8.89964383691348e-07,8.398705922675e-08,5.84702641034804e-07,6.36631873301884e-08,5.72752530928678e-09,-2.08972899863549e-08,-6.09374304464208e-07,-1.10258429781114e-07,-4.52195999666952e-07,9.81361980695473e-07,-3.99357457210924e-07,-3.61906296466462e-08,5.57647510027627e-07,-1.06958799237962e-05,-3.27352950098313e-07,-1.11789101483903e-07,-1.25721343781851e-05,1.44546686193543e-06,-1.21924789814797e-06,-3.56649955920571e-05,0.0197951153966049,1.1774915020814e-05,-1.31282380813116e-06,-2.11651376634524e-08,-1.0365399905273e-06,-1.0894038975445e-06,1.83198427727131e-06,3.08094512418554e-07,-1.75454781648286e-08,-2.52823130811122e-08,-3.04885406778148e-08,-2.32336123721483e-09,-1.23797859827172e-09,-2.56545453524912e-05,-2.23551956210043e-07,-1.67398690488005e-06,5.44486566679899e-06,2.1297051147027e-06,-3.29681991499748e-07,-1.78007763212479e-09,-3.97338773834188e-08,-1.35553395480573e-08,-1.52925177598277e-06,3.91606037596114e-07,1.75994074358936e-06,-2.99074239254393e-06,-5.09578241566917e-08,9.49169981324605e-08,3.77492951165697e-07,8.90962558030903e-10,6.40604998053348e-08,-8.79515888805497e-08,-1.60687869100769e-07,-1.48619968253187e-07,9.23564433298267e-08,3.40111660756747e-08,3.36168230044782e-08,5.07780859680233e-06,-7.31699093857911e-10,-1.02884181739101e-07,-1.16901557715555e-07,-7.17642678278176e-07,5.25589353542958e-08,2.77104568939795e-07,-1.2671884013147e-08,3.35863603777265e-09,3.33719636772854e-06,-1.69653385620878e-06,8.00226045805731e-06,9.90293999496451e-07,1.08221576052914e-07,0.000433881136414757,-3.24050467272675e-07,-1.67119531067369e-07,4.84698156076095e-07,3.41856813535331e-06,2.1265129617497e-05,-6.57382760332864e-05,-0.00166665947788577,-6.66683550059193e-05,0.000114060777566518,0.511703709027223,-0.00257486808748151,-8.52789991298371e-06,-8.96247220001374e-06,-5.36920268567295e-06,1.93639620566101e-05,3.64211106343751e-06,1.41702663167312e-06,2.32631426217895e-06,-1.06280986605451e-07,-3.03245077684776e-07,-7.90913163244778e-06,-6.76718156018314e-16,-0.00153065535050033,1.49760194447313e-05,-2.18298633513907e-06,-7.24716076970944e-06,-6.24712853175068e-06,1.39971584647345e-06,-1.33586059744332e-06,9.49966010059047e-06,-1.18204101691463e-07,8.81698502834351e-09,-3.08947435226486e-06,4.48686802760549e-05,-3.82720577621313e-06,0.00516565080344391,2.75333796342196e-06,5.84298428137332e-08,-4.49929601648719e-09,2.29214216496413e-07,-2.29998282554799e-07,3.62753943142583e-06,6.18294125410125e-07,-1.19709256892698e-07,2.61385735517977e-06,-5.05666632369437e-07,5.53232847873977e-05,-4.63551827990395e-06,2.76542610604297e-07,-9.40623592704922e-08,2.07296902263558e-08,7.59962082015981e-06,-3.2033883922446e-06,1.1609861902193e-07,4.63068216503906e-08,-9.96763806968058e-08,1.60349473466547e-06,-1.85261022173276e-06,2.19386951903458e-06,-5.62326257406273e-06,4.33723489875366e-06,-3.15111038864422e-07,3.85431078605039e-06,-2.62232458752139e-07,7.61281787522096e-07,-2.47967381199734e-16,-1.86613323003351e-06,-6.38979527951663e-08,-1.11100571084556e-10,-9.60112959888588e-07,9.06965549334813e-08,-5.61053003323405e-08,-2.4591241859726e-07,2.82518336897227e-08,-0.000116987976617584,2.86693157753976e-06,1.12120744075596e-07,-1.00050772487934e-07,1.29230044197904e-06,-1.56333084549493e-06,6.61046569028148e-06,-7.70050749744186e-07,1.69066681659222e-06,4.51632146896895e-08,4.55832918106901e-08,1.99302700216854e-06,-0.00181628480242585,-2.70499386655229e-08,-5.2812169851204e-07,1.1217913875133e-06,-4.30570374808035e-06,3.41126264496502e-07,3.19786782980554e-07,0.000337924278378947,-6.15596421783692e-07,-2.99904622197559e-07,4.73746872916364e-07,-1.66633690695495e-06,4.13659838170131e-08,3.87205277571084e-07,-7.58889602485953e-07,-1.64849668902671e-17,2.33955251803744e-09,1.86840652543205e-06,-1.69624940347685e-07,6.60555155509566e-07,1.11640021261811e-07,1.72658059558989e-07,4.01105148289424e-07,-5.87746380390961e-06,2.19076031658101e-06,-2.1954168494875e-16,-1.69041119737341e-06,-2.68721200670078e-06,-5.77774103704824e-08,3.63745881858609e-07,4.37330692102911e-07,-2.96471157602487e-08,-1.14327201030664e-06,3.07190332134764e-07,-1.99003828151982e-06,2.22524442405684e-06,-0.0178326414427894,-4.29785263917568e-07,-2.77748563851645e-08,-5.81736277598392e-09,-5.89311496941487e-07,4.83407075413638e-07,-6.70698351455322e-07,-5.05100305313071e-17,-2.73168496329296e-06,2.15581444004947e-07,6.21324321975897e-09,5.51163668070233e-08,-1.36372059369343e-06,-2.85701952140657e-06,1.9283518581449e-06,-7.00859331853854e-06,-2.60477116563754e-07,-4.84439821555117e-17,-4.78152379827918e-07,-2.4992451025961e-07,-6.06318998651244e-07,1.70217572272101e-16,1.15034950412126e-06,2.20399559785442e-06,-3.36771943400778e-07,-9.5111623227827e-07,-3.19796722576494e-07,-1.73040002493848e-07,-6.27836676807498e-06,2.64210588247992e-07,0.000971825418747888,8.71975008803276e-08,3.48954581590322e-07,6.68570804344425e-07,9.19922247303473e-18,-2.821040048345e-07,7.17499298642789e-07,0.000412562145501194,-4.12107399879698e-07,-9.12816861439505e-18,-4.21059431945995e-07,1.05540537241404e-07,-1.94627870735484e-07,-9.75886338526734e-05,-4.41103845542898e-07,6.24920807274619e-07,-6.36872092128204e-06,9.30432681868785e-07,-1.34699970838294e-16,3.59485258918534e-06,-9.16692853759394e-07,2.58670187658117e-06,4.64138629450561e-06,-4.72459772999724e-07,-3.19170762232792e-09,-5.16947595841089e-16,8.95667197949678e-17,-3.21069664388628e-09,-5.66577575167991e-07,7.51430673499216e-08,-6.00648636593573e-07,2.32512196435716e-15,-3.29683070406485e-07,-4.27627909993298e-09,1.81426163247956e-15,-2.22382167780619e-16,8.09568738699488e-16,1.73557759692087e-06,6.22121389965193e-06,-0.0696242438759003,-3.78042625502661e-06,-1.62628967368366e-06,-1.12565482420463e-06,5.7538623166241e-07,-4.05807596908742e-16,-9.80523552402641e-09,8.83676912828985e-08,-5.97438630599201e-17,4.86082967271147e-16,-1.40539495428739e-07,-6.24026226873367e-11,-9.95116715862474e-08,4.29816434328091e-07,1.11877273173329e-07,-3.19765096573051e-08,-3.46964066415098e-16,-1.09152006140106e-07,8.86695014479286e-16,-3.8713460973535e-07,7.54875762593032e-17,-1.37701963710664e-07,2.21063607822783e-16,5.40807656065902e-05,1.52502794645209e-07,5.20279799514572e-08,6.93431912994873e-07,4.57561818901736e-07,-5.38191787634819e-08,3.48362758863942e-07,9.54637309071493e-08,4.6457034767683e-07,4.33993273820187e-08,1.32705929662559e-07,-3.86029286357701e-07,-5.13730913184042e-07,-4.26092917252679e-08,-1.96157236399206e-07,-1.56102195482379e-17,1.90081277397512e-06,-3.39294754655713e-07,0.00629794453348174,-3.68591430068983e-16,2.54012399397167e-08,7.35445759039911e-07,2.69414103591592e-06,-7.14532366138205e-16,-8.75140602218199e-07,-3.69041902930741e-07,2.28105279333031e-16,-5.00030634151022e-07,1.75061815597528e-06,-4.87905188084776e-16,6.74960091097126e-17,-6.95266652914446e-08,-2.84104109591144e-07,-1.67965749057192e-09,-2.44015628525987e-06,7.27970699228519e-07,2.86609424136851e-07,2.11909561270557e-07,0.000288265212398663,-6.56877485777837e-06,-5.61616725347491e-16,1.9759446742665e-08,1.04571955632532e-08,3.08207346560595e-08,3.14528058202722e-06,4.8421819609875e-15,-9.73701630524849e-18,1.18429410296033e-06,4.0270768035015e-15,-4.72040747967238e-15,0.35616596384748,4.32272180892549e-05,1.0505444043279e-05,1.31634122579531e-07,-7.50105906170694e-05,-1.4209451530139e-05,-3.5582828593751e-07,2.52375455802193e-15,-3.65826403386128e-07,-1.51035151600727e-08,-6.66893798333228e-08,7.43467902310503e-07,-2.21355868827007e-06,-3.09846556115881e-15,1.53413089955507e-16,9.04262102809663e-16,1.03589038154725e-07,5.74719411996834e-08,2.50345805586315e-07,2.63355671258906e-14,3.85182228521889e-08,1.70270994870941e-15,-4.54192767615351e-16,-2.84737119319723e-06,6.21266138040546e-08,9.49761103097302e-16,1.35115805893104e-07,8.58889887480601e-08,-6.03885104451865e-16,-1.94030634946074e-05,-2.39033778719533e-16,-3.69865616699545e-08,-2.44590434955486e-15,-3.62748760839496e-08,-3.09843080782405e-07,-1.4625504113977e-08,-1.01776597478382e-08,-6.65859389303402e-08,3.64531905088265e-08,-5.67611436551331e-08,-2.20016624616444e-16,-3.16869285351113e-07,1.69172906865437e-08,3.23371192993566e-16,2.06248903776832e-09,2.72414475347722e-08,-7.17540058037498e-09,5.7137987617562e-16,-8.20929739994625e-09,-1.1408014186731e-08,-6.20017640047343e-17,1.43081262799896e-08,2.39404015903647e-09,-2.56211982770969e-11,-2.05292446380607e-17,-3.91568436750029e-16,5.92577572225249e-09,2.48297540795887e-09,2.11650366681173e-10,-8.88874831489925e-09,3.27808453335194e-09,-1.49952926848854e-16,-4.65590615805712e-16,1.25045513632599e-08,8.66568803098214e-11,-6.38166114275914e-17,3.25057343764884e-08,1.3416500027558e-16,2.36157014313639e-08,-7.10099087842816e-09,-4.16933714612657e-09,-2.81660083699812e-08,1.51823551771305e-16,-1.94251324455058e-16,-4.28816949360058e-16,-5.06948505320258e-17,-3.46873034603839e-09,-1.21592780769362e-08,-5.70584939642464e-16,1.18685191617283e-15,3.52288328094014e-16,1.77506483185141e-08,1.61939944389529e-10,-9.27081372806061e-09,9.38743407538913e-17,2.30664012196291e-16,7.22322592364155e-16,-3.36818183321781e-07,1.36903336472925e-08,2.94130119885538e-16,2.49409460817405e-09,-6.61951016373003e-08,3.90120133775617e-16,1.75853034523047e-16,-3.57089592217483e-08,-3.66776605742057e-10,-1.80561351344267e-08,-3.72950642299455e-16,2.09053205432916e-08,3.09049502929561e-08,3.38358849436935e-08,-3.17042827665735e-08,-1.01565566134398e-05,1.86718690925925e-09,-5.18721674438217e-16,5.29745353345657e-16,4.14929279454662e-16,3.78515673076373e-08,-3.43021447026701e-08,-9.84384473214546e-09,-8.0219228862251e-09,-5.26919368913882e-16,1.11081650666544e-16,1.91107886344371e-16,1.33480133805062e-16,-3.98223532124874e-16,5.23824912331435e-08,-9.82852686500894e-18,5.02837775545823e-17,-6.48892336676494e-09,1.94272699695542e-16,-5.81243152486644e-09,-1.82500077961052e-16,-7.21390314731466e-09,-1.7321524757369e-17,-8.91584904806907e-09,-1.12104513388897e-09,-1.36250026594321e-07,3.12760069183046e-17,3.65477242562595e-08,-1.29297674640852e-16,5.27935019878816e-08,-1.25565359752022e-07,5.25715291065187e-10,-4.11658164171329e-17,7.73288437766545e-08,3.57591092270887e-16,-1.92525610219079e-08,-1.08736135268113e-07,-2.1940632043328e-16,1.06805817597129e-16,-2.31568423658115e-16,-4.63358970463894e-17,-3.68779106530495e-10,-4.81497567308137e-09,-1.07844416514599e-09,-5.13947177882327e-17,2.92230947769618e-17,-1.52976421451519e-08,1.24862486163436e-07,-5.94912023380978e-18,1.73997391724728e-17,-5.07252292071328e-09,-9.5653506575744e-17,-3.60722696268772e-08,7.45306927162239e-16,3.43925677989433e-07,1.80192490102821e-16,-2.67157752533806e-16,-1.85926424283139e-16,1.3644465121299e-16,1.41793970987679e-17,3.99374668614103e-16,8.90705285670932e-09,-6.23071296724528e-08,9.82597685862987e-18,-3.14620199203097e-08,1.19989035834061e-07,1.9594290847194e-16,-1.12309375107503e-16,2.19150787278453e-16,1.73880075848693e-16,1.19591513848918e-08,1.91731093125505e-09,3.14279442373738e-16,5.54614153472114e-16,-2.18322063850821e-08,-7.79075007161718e-08,-1.5620249357573e-09,-1.48373601786503e-16,9.07074206995799e-17,7.49700701931998e-17,1.59308487711253e-16,-4.04514795904783e-16,1.399232167722e-16,4.69475076856422e-08,-4.44784964611316e-08,-8.56666077359117e-09,-1.89605574597231e-16,-3.16339112483211e-18,4.46517419696075e-16,1.19735646829961e-16,-1.88605202530234e-16,5.85465612340425e-16,2.36774068516726e-16,-2.26934101132594e-16,5.54364120921561e-17,-1.45366871748815e-16,2.67447719177867e-16,1.69389724986561e-16,1.39298659654e-16,1.16892809501381e-17,6.37912650405344e-09,-4.80593552620007e-17,-1.46376639610527e-17,1.15742698568409e-17,9.058588693459e-08,-8.25463178577566e-10,2.0865730412347e-16,-2.34064383264449e-09,8.31999892493758e-08,-3.02654652197098e-17,7.26590184661143e-17,-1.21860748904287e-07,-1.96148935729771e-16,2.06961706454177e-09,-1.19375085515166e-16,2.37952475698758e-16,1.18036619469424e-16,-1.16183969048567e-16,1.54419035052564e-09,-2.12169169935145e-07,7.69621765783475e-16,-6.25760576304446e-17,-2.20638039573842e-16,5.96554436041358e-17,1.1404722652375e-15,8.56552996577768e-17,-3.24552906651288e-16,9.20306990752663e-17,3.46979983679404e-09,3.1370533415606e-16,-9.45251266860915e-17,1.04685892808376e-16,6.60497997928052e-17,-3.15395537223892e-16,4.43343868338131e-17,-5.20345733042542e-08,1.5531715272821e-16,2.28029520703767e-16,3.88332206763188e-08,1.89032015788611e-16,2.70241411010056e-16,-1.1282797496367e-16,9.32107006582727e-16,4.33027404782021e-08,1.00699788007217e-16,-2.42150314897339e-08,-1.94666547497555e-16,-5.20184843719975e-16,1.70475874016118e-16,4.62110471077608e-16,-1.15885853921434e-16,4.89534156443536e-16,8.78361388099704e-10,-3.30431947903108e-17,5.79917245540034e-16,6.5722743348665e-09,-1.09985268684148e-07,2.72953569599312e-17,7.72366805265558e-08,1.13209566451505e-08,-2.36801922472742e-18,-2.91729416930139e-16,9.63124708699941e-16,2.11441016169763e-17,-1.26113220813694e-16,-1.9225855686449e-08,-6.20615753651662e-16,4.63144288546659e-16,1.56245325898242e-16,7.71817153270821e-09,-5.04789461657561e-16,-4.85149728922521e-16,-3.60984247058836e-16,-4.77621560793636e-16,-3.529003983099e-09,-3.7848965041928e-16,1.40565571755975e-09,1.91415292365575e-17,-7.76702998554524e-16,6.91826656637558e-16,-7.34662514375991e-17,1.61461643688518e-16,2.70517524574563e-16,-9.37457091058937e-17,-2.45240089520753e-08,1.17949873190772e-15,-3.2181719730205e-16,1.03241043716331e-08,-2.9827789483678e-16,-4.24865782077614e-16,-4.60094414674055e-16,-3.18484811404035e-16,-8.48712510899031e-17,1.88796756749689e-16,-5.68345429363186e-08,3.98354960111327e-17,1.06242625987728e-15,2.24210326030132e-08,-1.08998756304931e-15,3.42556617113425e-16,-2.35439929388105e-16,-1.48375686947348e-16,4.04496477446541e-16,4.79042197269894e-16,2.52510052732595e-16,2.79452755709692e-16,-9.18829692910569e-16,3.41924571824441e-16,1.06686215557103e-16,-1.18417284773553e-08,3.92987313558692e-08,-5.38421059125701e-16,3.18415619784022e-16,7.85308698496633e-16,-4.8644732864593e-16,3.24826970876657e-16,1.29482603358453e-16,-4.66414177938001e-16,4.24410052057498e-16,-2.58583742981913e-09,-5.14997054550152e-17,4.2699425155868e-17,1.77192357249993e-16,-6.55310251596206e-16,3.32251937224263e-09,-7.81081429596749e-16,-6.99332324242787e-10,1.23527862781332e-16,4.94497193385371e-16,7.2061811758709e-16,-2.05835140419986e-16,-4.78977630735928e-16,-4.5799382383484e-16,7.07808139074101e-16,6.19129178847822e-16,-9.04053498095968e-16,-5.43595399280255e-16,-2.00140175379244e-15,7.17890558873192e-17,6.59053871944362e-16,-1.68045468247558e-17,-1.12265402211069e-15,4.91164679932955e-16,-7.48410200590038e-18,7.76028335858892e-16,-5.30498131659022e-16,5.46380718561022e-16,7.19856032421751e-16,1.1005882071163e-16,8.22350958300939e-18,-1.09012604706911e-15,-2.10903386943807e-15,2.55109708217394e-10,8.17329817847489e-16,-4.28350496841631e-15,-3.0658166185519e-15,-7.91243638657488e-16,-4.3535255466651e-15,2.75690329002789e-15,3.66677198581975e-15,3.13763505506227e-15,2.9601503308084e-15,-2.14049722361542e-15,3.54046219425141e-15,-5.6174626194873e-15,-1.03887850810125e-15,4.42678505991048e-15,0.707106781186547,9.4081086851225e-14,1.26457792591128e-14,-3.3125534757617e-09,-9.54777379919686e-15,7.74787844768484e-15,2.82361247298478e-15,-3.15655845530478e-15,-5.28387444971993e-15,8.64998602888274e-16,-2.25150031671487e-16,4.64091254034069e-16,-1.56625838406751e-16,7.08028779779712e-10,5.6816288223512e-15,-4.40063228095931e-16,-2.90475323727489e-16,8.61059514280402e-16,8.28033044082771e-17,6.31667233953811e-16,-1.6641416466503e-15,1.0693478672486e-16,-2.20550508239282e-15,-3.4070318012164e-16,1.86257006039826e-17,-2.22560104023266e-16,8.96440609952512e-16,3.60231037846057e-09,-7.74653969675333e-17,5.97994241045918e-17,-1.4336147642159e-15,2.61292723569007e-17,-1.0884046196403e-08,2.48174143936385e-16,1.76359138218701e-16,2.38502469478808e-16,-7.1829612059899e-16,1.86812639491237e-16,-6.14578886171293e-16,-3.84672283117382e-16,4.6673780195981e-16,-2.0945553055247e-16,3.48008704928541e-16,-6.65084232156777e-17,-2.88627373410294e-16,6.48665859014604e-18,3.0056086476552e-16,-2.82081520290224e-16,3.10084964969612e-16,-8.5962908585534e-16
"t490",-0.0077807584003821,0.023268218494673,0.0266300076089834,-0.00834995570709734,-0.134227841137884,-0.0298639702580038,0.019250489629287,0.000308884673901103,0.0010295857016984,-0.00226670534115156,-0.000621701326423865,0.00376939138462853,-0.00553912923751613,-0.000539822945629528,-0.00376941274343076,-0.00105058006677105,-0.000980545231301792,0.000412268649659695,-0.000366787673746347,0.000270735450590561,-0.00101032591238695,0.000216222976921375,-0.000457127806199178,0.00094722136314203,-0.000148840894726978,0.000349216402335188,-0.000436052639966682,0.00040353964166609,-0.0034922018977566,0.00923523931153612,-2.24985930840915e-05,3.20242123132509e-05,-0.00141763315395391,0.000232522033715053,-3.01959973926468e-05,-3.38948082698769e-05,-0.000157000217196968,9.1885285998283e-06,7.30102850963273e-05,1.91836342834998e-05,0.000911903426018037,-0.000103596152859738,0.000103616680430877,-8.79066786432717e-05,0.000454216576012303,-0.166881243365665,2.32664931124671e-06,-8.18904864849837e-05,9.39259655418148e-05,-0.000202313076649963,0.000225806953540674,-0.000142728134035899,1.9985739570906e-07,-7.02959950703613e-05,2.55525937204345e-05,-0.000269926997907374,1.23908171098058e-05,-0.000902385472603459,0.000309681265006334,-7.92318430351249e-05,-0.000127890683184002,0.000230693837880459,-0.148994175512854,-0.0190557628355198,0.000115060072391193,-0.000219084450061833,2.61868906380398e-06,-5.72597905626434e-05,0.000122887131125039,-2.88837150358945e-05,-3.89777172139931e-06,2.06519777197387e-05,-5.47587832518381e-06,-5.62876524121356e-05,2.40177536172979e-05,1.79043700563781e-07,-0.000223436178510334,2.69384184307663e-05,-0.000132191835857968,-0.000182128509400588,7.58598430567642e-05,0.00125088269298026,-0.000634040529383133,-0.161041648549156,-4.32118847007441e-05,-0.00125011445576567,0.000153349410456537,1.9392380381941e-05,0.0177933804214976,-0.000174906441888106,2.77878459194268e-05,-5.59094861300909e-07,-2.67614272234175e-05,0.000254352188836516,7.04943017584728e-07,3.88732024032605e-05,4.55651714235607e-06,-2.07216654073493e-05,0.000166542119994339,3.94792496957869e-05,7.88117984259187e-06,-6.72868146156927e-07,1.06151745830891e-05,-3.64449054298555e-06,1.67231445622201e-06,-3.68351787427022e-06,0.000109007748495973,-5.33245416692457e-06,2.01107977752728e-05,-1.15156577654927e-06,-3.15145379093163e-05,-0.0358538917844226,-0.000157252680016612,3.89914566468627e-06,-8.80697009808645e-08,0.00685445877636355,1.19172630190889e-06,4.33286767653703e-09,5.44244959039347e-08,-2.13553614033919e-07,1.58512099779138e-07,-6.88263849391466e-08,-1.03963638896249e-07,-3.05942737530843e-07,2.3271867577668e-08,-6.21154545878583e-07,6.67425020589238e-08,-1.71147625826813e-07,6.99673412947292e-07,2.32115218006911e-05,7.74608116906552e-08,3.12662231037699e-06,-6.28045941311845e-07,-8.32276658065748e-07,5.90734337508226e-08,1.65284366576773e-06,-1.34476737929173e-08,-1.26838429134459e-05,1.2934930817176e-05,-4.06219626746728e-05,-6.51900742476495e-06,-0.0017945148903306,-3.51865668065557e-05,-1.52657006093979e-06,-8.01173310430384e-07,7.55282731920055e-08,5.24710479210143e-07,5.70087589502093e-08,5.12610386552525e-09,-1.86808321997399e-08,-5.4469003258977e-07,-9.85100736759282e-08,-4.03905598429943e-07,8.76295716992623e-07,-3.55607742744465e-07,-3.22115131773765e-08,4.96177335173835e-07,-9.44806599515273e-06,-2.88648784902512e-07,-9.854488118221e-08,-1.10658777045098e-05,1.27189091329749e-06,-1.07074471396717e-06,-3.13135875102279e-05,0.0173467292722234,1.02993869853268e-05,-1.14211000468576e-06,-1.84093790214553e-08,-9.01535159842701e-07,-9.46808761867741e-07,1.59080160479542e-06,2.67499869722489e-07,-1.5207308737687e-08,-2.19011635509957e-08,-2.63799848390614e-08,-2.00968725057253e-09,-1.07068120837927e-09,-2.2126512501458e-05,-1.92256671453468e-07,-1.43892990182102e-06,4.67809662087158e-06,1.82722704942058e-06,-2.82704752390777e-07,-1.52561946338339e-09,-3.4036943010232e-08,-1.15922390044915e-08,-1.30723531841337e-06,3.33536417325617e-07,1.49878511544084e-06,-2.54383003486149e-06,-4.31963050800027e-08,8.02319538873715e-08,3.18775373298582e-07,7.5127172933191e-10,5.3957295994291e-08,-7.38371370693646e-08,-1.34804105525921e-07,-1.24490715378824e-07,7.73028776620548e-08,2.82994742840792e-08,2.79635110426066e-08,4.21319951468749e-06,-6.05594306205128e-10,-8.4638425356237e-08,-9.61672225897984e-08,-5.90025444489553e-07,4.31380213033449e-08,2.27162094355079e-07,-1.0354828804467e-08,2.73357593751735e-09,2.70735824905676e-06,-1.37496331267112e-06,6.45603200431837e-06,7.96915490002704e-07,8.70828752924315e-08,0.00034843758011218,-2.58915074216703e-07,-1.33396627375591e-07,3.84854118968548e-07,2.70438320984137e-06,1.68010139027622e-05,-5.16626018802292e-05,-0.00130813136677486,-5.22535848436731e-05,8.90157849666343e-05,0.39899773701915,-0.0020073073455977,-6.61662864867137e-06,-6.93360586071881e-06,-4.14024957332301e-06,1.4909594786156e-05,2.79997753970039e-06,1.08780098818918e-06,1.78509389125768e-06,-8.12435679790045e-08,-2.31252281056225e-07,-6.01570509896605e-06,-3.85596625956518e-16,-0.00115983500874217,1.13392923236232e-05,-1.64418212644482e-06,-5.43605844155411e-06,-4.66999074904865e-06,1.04613143993783e-06,-9.92038570204312e-07,7.04700598000997e-06,-8.76419149402339e-08,6.52164923106073e-09,-2.28146867258248e-06,3.30350406529696e-05,-2.81407055097738e-06,0.00379611287365428,2.01725304202617e-06,4.22612368235081e-08,-3.23916753321033e-09,1.64373847052535e-07,-1.63521551151938e-07,2.57747004939234e-06,4.36633843109614e-07,-8.42450523565716e-08,1.8303369411329e-06,-3.53519746735931e-07,3.86119261285635e-05,-3.22765201763244e-06,1.91876910745638e-07,-6.5238127136722e-08,1.42476044462852e-08,5.22215575494388e-06,-2.20072158122913e-06,7.95609098974998e-08,3.17039284866561e-08,-6.80404998660214e-08,1.09395986881937e-06,-1.24090069548695e-06,1.46644244072813e-06,-3.75255634583808e-06,2.88336606394738e-06,-2.08842512129231e-07,2.53666491411848e-06,-1.72230666156294e-07,4.99184009340769e-07,-1.53527209594049e-16,-1.21675174273352e-06,-4.16313678357992e-08,-7.22079716426512e-11,-6.20370371704611e-07,5.83058014465969e-08,-3.59806193977066e-08,-1.57514544065985e-07,1.78115846954289e-08,-7.36792472885786e-05,1.80509076808082e-06,7.02575348352952e-08,-6.18328961625277e-08,7.96717951739925e-07,-9.62173078022132e-07,4.04555514217251e-06,-4.60909695866988e-07,1.00223468253876e-06,2.6757748347438e-08,2.70020602212998e-08,1.15174492993497e-06,-0.00101831003384245,-1.51051266830534e-08,-2.93172081647412e-07,6.18215647091192e-07,-2.36751144222774e-06,1.8399284582185e-07,1.72227832765479e-07,0.000181500651646245,-3.30020940320687e-07,-1.5978443899397e-07,2.50656493663882e-07,-8.7592234041031e-07,2.16819981774614e-08,2.01960323189867e-07,-3.91644835823378e-07,-2.15493101534486e-16,1.12623379187629e-09,8.92762530080913e-07,-8.01385053139474e-08,3.11970675848505e-07,5.27071392187285e-08,8.12860657746736e-08,1.87832298367173e-07,-2.73475660344326e-06,1.0059531656942e-06,-2.86703513451718e-16,-7.5213117633307e-07,-1.19083702214056e-06,-2.5381548550438e-08,1.59625542943455e-07,1.87708524892147e-07,-1.25658285712501e-08,-4.75819182936462e-07,1.26217006867372e-07,-7.94515677273776e-07,8.64248479302756e-07,-0.00680069305229569,-1.62190810175489e-07,-1.04124810794412e-08,-2.15501248072045e-09,-2.1801776681329e-07,1.77306359318204e-07,-2.44345191891047e-07,-1.35149862613578e-16,-9.4408432066863e-07,7.36562749780031e-08,2.12259598733037e-09,1.82053104325821e-08,-4.48093198117164e-07,-8.77572259151983e-07,5.80337995161267e-07,-2.10059856896542e-06,-7.68489577344867e-08,5.92780496403054e-17,-1.38496011644667e-07,-7.1886738792405e-08,-1.69804453920042e-07,1.39744492024361e-16,3.12634448944573e-07,5.94652590469653e-07,-9.05192941684715e-08,-2.53634601331561e-07,-8.41423383788278e-08,-4.50645627120495e-08,-1.62184422068695e-06,6.65944098316404e-08,0.000244222930651754,2.15339824129136e-08,8.34875971872659e-08,1.59691615582541e-07,-9.37765241992507e-18,-6.30592762674254e-08,1.58451297103304e-07,8.86481199033099e-05,-8.47861176016148e-08,1.32891211245042e-16,-7.81940158466039e-08,1.71649881313893e-08,-2.95956917904339e-08,-1.43544136792261e-05,-6.22371375213288e-08,8.11534984190721e-08,-7.09093148620818e-07,5.94897486921799e-08,3.56757564898575e-16,7.22857432459205e-08,-1.48483171806654e-08,2.06555841462241e-08,-1.63253656521334e-08,2.08144726973631e-09,2.45188105874371e-11,3.97251675998689e-16,4.79672551341436e-16,8.59012653983777e-11,2.47247881256468e-08,-3.43859545157949e-09,3.67408522418945e-08,-3.28595300360873e-16,3.15580647285994e-08,4.76551019137581e-10,-1.83675860423699e-15,1.59503899374628e-16,-6.41745106907839e-16,-2.81542192185722e-07,-1.05056702978556e-06,0.0133779072744392,8.0248777032593e-07,3.49094252838754e-07,2.66314289687722e-07,-1.37599932211407e-07,-6.45757373848792e-17,2.79487495154009e-09,-2.66577178442361e-08,1.271206028274e-15,-6.01445391828826e-16,5.1898059012224e-08,2.40986942823869e-11,4.07239843452578e-08,-1.82648684367449e-07,-5.09748078589335e-08,1.47303654238832e-08,3.59350959828121e-16,5.10366300244039e-08,-1.67683735536487e-15,1.88804658472011e-07,-1.32909633819567e-15,6.92277601295794e-08,-3.73348700084394e-16,-2.8237386068861e-05,-8.02306118043163e-08,-3.01610763014186e-08,-4.1012260093554e-07,-2.72876925456148e-07,3.32636283514904e-08,-2.21976859872727e-07,-6.51810093005187e-08,-3.17392009922631e-07,-3.02729315124773e-08,-9.61113285853742e-08,2.93715653397138e-07,4.07119466681648e-07,3.48502265714217e-08,1.62927046958984e-07,4.16379876213509e-16,-1.65500978866464e-06,3.08909679073396e-07,-0.00648537852898226,6.08433298780452e-16,-2.70854829814823e-08,-8.2612190785889e-07,-3.09374703658523e-06,1.54099409634028e-15,1.01636775677228e-06,4.4814505254513e-07,-1.11700512773018e-15,6.20611278989005e-07,-2.47423105872867e-06,1.21721058422121e-15,-4.88500078077625e-16,1.03345113735795e-07,4.24207199185929e-07,2.56157264869535e-09,3.81490628267745e-06,-1.20379706580223e-06,-4.76251921358269e-07,-3.54550310475342e-07,-0.000519803935287872,1.25949460407922e-05,2.59590526158204e-15,-3.87802807248809e-08,-2.06060070985645e-08,-6.15949717700889e-08,-6.3935720925008e-06,-1.2254483090793e-14,-2.32335731544079e-16,-2.46426160935449e-06,-1.0118285311436e-14,1.08478081134683e-14,-0.86038514465095,-0.000107207117568022,-2.60688281776038e-05,-3.4621381413802e-07,0.000198862580562813,3.77353103343613e-05,9.5543299162399e-07,-5.97349584973118e-15,1.10737640567182e-06,4.69369170692566e-08,2.09068670557062e-07,-2.43561351041405e-06,7.87617404552616e-06,6.80119603058125e-15,-2.75657773704935e-16,-2.57796999879305e-15,-4.17701318480843e-07,-2.45272199815127e-07,-1.07309800525664e-06,-1.13223964743473e-13,-1.74732464497326e-07,-5.59227445892765e-15,1.42788682520895e-15,1.70091529516633e-05,-3.72528145392083e-07,-8.93165749693559e-16,-8.74176338163918e-07,-5.81959697386159e-07,1.94071083854645e-15,0.000145235549590397,1.75385642487591e-15,3.15487961213043e-07,6.32324706959767e-15,3.13278287473243e-07,2.70193493933294e-06,1.28954858528529e-07,9.11428167266225e-08,6.17939773473479e-07,-3.90649250768288e-07,7.69018933130449e-07,5.11052290046006e-16,6.2710436045105e-06,-3.51662300396008e-07,-6.26298491269481e-16,-4.5935516810967e-08,-6.96528699872751e-07,2.11359055516913e-07,-1.03322724528766e-15,4.90371551735477e-07,8.51149444598259e-07,5.36551524392934e-16,-1.58965928017382e-06,-3.49801051766394e-07,-2.36619798280746e-08,6.72801347576067e-16,1.30118902617304e-15,3.06429709231598e-07,9.22550419422285e-08,7.43860731811189e-09,-1.48040125234389e-07,5.04418742481124e-08,1.58285958599697e-16,1.19362677383911e-15,1.82899923302169e-07,1.2596367134354e-09,-2.81713903528676e-16,4.36689483442997e-07,-4.81475619838208e-16,2.9585150303589e-07,-8.1519506849221e-08,-4.75837605918089e-08,-3.14240125378081e-07,-1.24430949717065e-15,2.29604656756178e-16,1.00760928503696e-15,2.06110068852125e-16,-3.23169283558414e-08,-1.11802053950074e-07,6.58175593426496e-16,-2.11700480159108e-15,6.89740487758456e-17,1.55893523134686e-07,1.39534970020501e-09,-7.60117194539477e-08,-9.03875796245664e-17,4.19559135697578e-16,-1.47147918849733e-15,-2.38075895810619e-06,9.63214574792952e-08,3.30164261641942e-16,1.66823131046409e-08,-4.34219774498911e-07,-7.28959287086646e-17,-3.88216319047245e-16,-2.2415390380006e-07,-2.29449054850768e-09,-1.10213104676195e-07,5.7206106993982e-16,1.2268238329355e-07,1.77631598461473e-07,1.89103908700943e-07,-1.70828545563504e-07,-5.42081266451729e-05,9.79328699499712e-09,-1.7639950617092e-16,-3.88310327222444e-17,7.70093653523082e-17,1.8113014261852e-07,-1.63929644023312e-07,-4.65372980754247e-08,-3.59978323890076e-08,2.61351619923963e-16,-3.85323653617008e-17,-1.1439069344242e-16,-5.49011411411813e-17,-3.76267172154146e-16,2.23494113984524e-07,-7.41282420874381e-16,7.69956612483101e-16,-2.7171514351075e-08,-3.46860083022214e-16,-2.4314843330642e-08,-3.33694897938716e-17,-3.01276681641741e-08,-2.5563483219149e-16,-3.60935968773245e-08,-4.50573751753209e-09,-5.41715651028697e-07,1.13548483399975e-16,1.43419621212783e-07,-2.70828631164462e-17,2.01497399476965e-07,-4.63049635030439e-07,1.9358778945177e-09,-1.61273153080651e-17,2.80979328648621e-07,-2.39814094264242e-16,-6.85344114934761e-08,-3.86691526812299e-07,-2.50870805748424e-17,-3.73209126601714e-17,8.43929672215774e-17,8.73603421372834e-17,-1.29015188487179e-09,-1.67733911049967e-08,-3.73847647265371e-09,-7.01271672815981e-17,1.35399584677232e-16,-5.18290939226384e-08,4.22618161131146e-07,-7.42567349458678e-17,-1.70931791136043e-16,-1.67070411330412e-08,-4.27138386590513e-17,-1.18139329629563e-07,-1.46153453733389e-15,1.10844878168814e-06,-1.88637676765574e-17,7.38645628999816e-16,-2.473605207959e-17,3.72935635666678e-16,-1.59129809427939e-16,6.00197068212904e-17,2.78251638508113e-08,-1.94567058943879e-07,-1.08519964353519e-17,-9.7223960837667e-08,3.6919338759673e-07,-3.09723250309037e-16,5.45253921572112e-17,-2.85164448937402e-16,4.82735750159226e-17,3.61332581450438e-08,5.76890968843914e-09,5.30417040859582e-17,1.19778092125535e-17,-6.53889021068541e-08,-2.33199356086462e-07,-4.6662290122144e-09,4.93533964799675e-17,-1.14705246088408e-16,-6.37703171705908e-18,-1.07881020475501e-16,1.81976210981842e-16,-1.50762253795877e-16,1.3589779567529e-07,-1.28384368816194e-07,-2.46576173719443e-08,8.89893362391132e-18,-2.34780937512488e-16,-3.20108344074985e-16,-2.30813510111198e-16,2.09004068388383e-16,-8.2533275049729e-17,-3.06828025411566e-16,-2.24648064075059e-16,1.16099782013851e-16,1.11999966497183e-16,-1.62737127482676e-16,-7.87412779636738e-16,1.75540680564233e-17,-1.28445416379815e-16,1.75493426631813e-08,9.59655895018854e-17,-6.33989026410392e-17,3.53823306450426e-17,2.47789279795495e-07,-2.25502907493716e-09,-1.87121663058152e-16,-6.38907988337527e-09,2.25545057688572e-07,-1.6953815901971e-17,-3.10607914184693e-16,-3.27570102643458e-07,2.59859383977872e-16,5.50708643592768e-09,-1.52598982619288e-16,-1.69349965190356e-16,1.47414337691916e-16,3.51513464328958e-16,4.04546532791338e-09,-5.55263583146747e-07,1.27353477829862e-16,-5.90454817215092e-17,-3.27680928134615e-16,-2.71277640851905e-16,-1.24086938640966e-16,4.94688127446448e-16,1.08322165028467e-15,4.00020551903951e-17,8.6311952230272e-09,4.6141676031759e-17,-1.12394428232666e-16,-5.15036853309455e-17,1.75791895137751e-16,2.79310146355011e-17,3.93309859202166e-16,-1.28115406405735e-07,-2.71665528327886e-16,9.63888559009241e-17,9.54338487703183e-08,-3.58145548380747e-16,1.91478772412113e-16,-5.75777912559349e-17,-3.40517752438619e-16,1.0416820818441e-07,-2.53040076353829e-17,-5.80345417319731e-08,1.87572104688839e-16,-3.73875584991694e-17,1.05334292035802e-16,-1.78796584945884e-16,9.64620055085444e-17,-1.98248323663293e-16,2.08935790816742e-09,-1.56323246555733e-16,5.01145610122427e-16,1.55448741924827e-08,-2.60065252056454e-07,-9.71131031456016e-17,1.81748673741744e-07,2.65996851634963e-08,8.26845408580786e-17,2.32401107543776e-16,3.39331113103047e-16,-9.24590241464184e-18,1.64868871429355e-16,-4.42022653274726e-08,5.20969307965911e-16,-2.43203511894048e-16,1.32535852013156e-16,1.76487939673357e-08,-1.00689376028869e-16,1.96995856032701e-16,2.04600123031334e-16,3.07558928886306e-16,-8.01266479058664e-09,1.73226815343535e-17,3.18466541761176e-09,3.2717741750415e-17,8.55500774237097e-17,3.15494421097404e-16,-3.09421030697841e-17,-1.40742007276861e-16,-1.49204936064003e-16,-1.14638743203982e-16,-5.49383608673282e-08,1.26580379599778e-16,2.77619542139308e-16,2.3064285033287e-08,-9.67110010434513e-17,-3.78944159736964e-18,-1.53570216864408e-16,-6.69330358360899e-18,-1.06619952625726e-16,1.20987751444854e-16,-1.2588933683053e-07,9.74961202689852e-17,2.66479568273491e-16,4.94758190087238e-08,3.65895422499688e-16,2.88248196166415e-16,-1.16963932966593e-16,3.01638921418471e-16,-8.25915812700872e-16,-2.96295307910442e-17,1.67236453019935e-17,-7.69018606514452e-17,1.30492240644702e-16,3.36728936573833e-16,5.4948042110268e-17,-2.57763456654368e-08,8.54052880089052e-08,8.59233975189051e-17,2.19606092509442e-16,-5.52864553112352e-17,1.80862505208249e-16,1.55691431968918e-16,-1.32253192437633e-16,-9.26442023671611e-17,-1.90658457511094e-16,-5.57308112086511e-09,6.95115024282953e-17,5.29644636486941e-17,6.96285684027067e-17,-1.53805555755031e-16,7.11127045652489e-09,-3.73722679160397e-17,-1.48532975159728e-09,7.60157274047068e-17,1.20156550981386e-16,2.49452786533871e-17,1.58706052118463e-16,-9.73132604619053e-17,-2.02233872546091e-16,-3.15093376039892e-17,-3.40660918037576e-16,1.10863411869196e-16,-4.70645967434915e-17,-9.79183736247379e-17,1.04058548173643e-16,1.18306110470734e-16,-4.61196795240574e-17,-3.08462624873555e-18,-1.68169926532191e-16,1.7512431513489e-16,-1.49777963432414e-16,-4.753896607037e-17,-9.0788119179979e-17,5.12285526499401e-17,-6.34080766954591e-17,-1.14738471852478e-16,3.24081867382289e-18,3.7207156194454e-17,5.27320862879433e-10,-4.36352490044983e-16,9.27751939035667e-17,-1.60939737506575e-16,1.41126157311863e-16,-1.55629677415993e-16,-6.306593705077e-18,4.38227917788889e-16,-1.52650062526384e-16,-7.10419782113343e-18,-5.51749807627102e-18,-2.68014777038417e-16,-8.0871057043463e-17,-8.42154988967754e-17,-1.21626868406048e-16,-1.33596478522675e-15,1.96703709177731e-17,-7.95984598979335e-17,-6.7295052602644e-09,2.61735225829637e-16,2.87272514380697e-16,-8.07374633524546e-17,1.56936085767393e-16,-1.62341033443121e-16,-4.54344060184188e-17,5.89734207933171e-17,1.27425339943493e-16,-1.05723737229717e-18,1.41399814422973e-09,1.96427686895135e-17,-1.25562250519275e-17,1.5899165579989e-16,8.46246990086124e-17,-9.61647863323592e-17,-1.02683099888502e-15,7.90350842499808e-17,1.67073596171079e-16,2.68473613297525e-17,2.1275238588105e-16,-4.71513048871684e-17,3.9338466020834e-17,4.0519485878533e-17,7.07705936062341e-09,-8.18753898597596e-17,-8.0974296697088e-17,2.1580317598377e-17,-1.83772268236293e-16,-2.12251003889412e-08,7.72304748924825e-17,-8.44549731335823e-17,8.65084241964961e-17,-2.05931990175671e-16,-2.8422237278268e-16,-2.77849181179658e-16,1.21176373649631e-17,1.62434315995068e-17,-6.11885649001715e-17,-6.71255870519296e-17,9.9597858004616e-17,4.15056597987664e-17,-6.1392335669067e-17,-1.22188113146712e-16,-2.13184072410078e-16,8.04652968803997e-17,-8.3601447371801e-17
"t701",-0.00769438047213596,0.022720741549447,0.0259829390211106,-0.00807699568141225,-0.128837322380807,-0.0284524318601026,0.018322346432761,0.000292779595993695,0.000965913341283768,-0.0020957191485651,-0.000561659206971585,0.00331634799466438,-0.00485284316975222,-0.000471871347179899,-0.00327304292491776,-0.000903567419637123,-0.000839848877743829,0.000351972059902741,-0.000311818880832928,0.000226403423267313,-0.000830321533490618,0.000168960954300051,-0.000351037052754428,0.000726004861014316,-0.000113929297371308,0.000262976202970162,-0.000326954384086509,0.000301569150547879,-0.00258337738216819,0.00633727371804441,-1.49009035649715e-05,2.06415222609303e-05,-0.000871274113163956,0.00013790857091927,-1.71648030922796e-05,-1.78609737895264e-05,-8.15958469484913e-05,4.69061479800469e-06,3.69763882832543e-05,9.54447166966919e-06,0.000437609361528496,-4.81104328407772e-05,4.71005938517233e-05,-3.98873053231435e-05,0.000200743132069817,-0.0662905833443211,8.91485176579829e-07,-3.08299567236056e-05,3.35810222379578e-05,-6.81054855445649e-05,6.95821210992337e-05,-4.20499988440823e-05,5.84825245056687e-08,-1.93665506380519e-05,6.16358001796742e-06,-6.36855752611884e-05,1.6973482768756e-06,-9.79865279906658e-05,3.25665645812817e-05,-2.59240238077471e-06,3.14681951734589e-06,-1.2418671909196e-05,0.0116125693398512,0.00160199853158372,-1.49899800173311e-05,3.78894124407919e-05,-7.09668687969792e-07,1.81449739079822e-05,-4.15994196137865e-05,1.09225528478273e-05,2.34307439769855e-06,-1.62545597776342e-05,4.47364772814279e-06,4.95216446065586e-05,-2.13223932570154e-05,-1.63909960984551e-07,0.000207030346091611,-2.6445815321676e-05,0.000146746440962851,0.000211879593312972,-9.52772155939812e-05,-0.00159649397535227,0.000904873791060634,0.237252536230353,7.22249555695131e-05,0.00215639315818951,-0.000272719076116822,-3.4654046546504e-05,-0.0318364170963643,0.000313928474288407,-5.04304202936489e-05,1.11339715551341e-06,5.36842169256885e-05,-0.000532447172996725,-1.53120581862025e-06,-8.44306317362254e-05,-9.89603358033551e-06,4.45609689357246e-05,-0.000355341545769214,-7.94958757132138e-05,-1.44052064985707e-05,1.21543935349938e-06,-1.89068739683717e-05,-5.85639041609397e-06,3.65172254345942e-06,-9.89919481985483e-06,0.000405208561248756,-2.15348019430975e-05,9.34511318957221e-05,-6.52953930336441e-06,-0.000190082944751724,-0.303837981562938,-0.00138364466078627,5.63071501362652e-05,-1.01264071999533e-06,-0.289803344369871,-0.000196966959013626,0.000108639377048106,-8.91988508797922e-05,0.000197594813796692,-0.000135051881028287,0.000152698869874083,-0.000136370479038081,-0.000373791787766824,2.24820450519559e-05,-0.000219913913753388,2.23179116612994e-05,-3.5373442704572e-05,6.30337900659295e-05,0.00207694381095581,6.60288217161155e-06,0.000189649033853245,-3.59971546156972e-05,-4.5861519059866e-05,2.80602482278589e-06,7.70225201407714e-05,-4.84667372561076e-07,-0.000385578746241661,0.000323234732502659,-0.00100999452188519,-0.000157268485006089,-0.0426445356338912,-0.000816479955678773,-3.51065600014276e-05,-1.8422392221867e-05,1.63174391242844e-06,1.00992358514903e-05,9.84466266077719e-07,8.62493097788357e-08,-2.97126824394215e-07,-8.62531552848751e-06,-1.52735639573601e-06,-6.18546576381004e-06,1.32329436515799e-05,-4.72586879847459e-06,-4.1935959614348e-07,6.36576330209833e-06,-8.22918915464815e-05,-2.20242324814906e-06,-7.34778639485686e-07,-7.13020886486117e-05,7.91455728095379e-06,-5.03824980553142e-06,-0.00014096447829077,0.0461209239488563,4.01187363000742e-06,1.51490736602137e-05,2.61115564851438e-07,1.30086699889138e-05,1.76919513354568e-05,-4.05591565702605e-05,-7.1438974783754e-06,8.43188830586182e-07,1.63627990834694e-06,5.34274655394949e-06,6.40777550444152e-07,4.75985526654033e-07,-0.00206551677030323,-9.84595715355611e-06,-6.94118612830872e-05,0.000214504914531565,7.41455355036135e-05,-1.10388708726453e-05,-5.75816478091419e-08,-1.24779360098487e-06,-3.92002919235899e-07,-4.34755613224783e-05,1.00007731044561e-05,4.48305609031134e-05,-7.44567297109378e-05,-1.2191561769091e-06,2.24496673947241e-06,8.9288661609334e-06,2.11523174770663e-08,1.52934404246231e-06,-2.16541450773692e-06,-3.99432837659981e-06,-3.7837672956074e-06,2.38425726520962e-06,1.02873028012131e-06,1.02714586988533e-06,0.000172352351110633,-2.83928523239981e-08,-6.87555340402124e-06,-7.84165731053409e-06,-5.2097854755566e-05,5.1632946695073e-06,3.658608858718e-05,-4.11557990593702e-05,-3.7477603911806e-07,-0.000211436632770831,9.66771303677234e-05,-0.000390622291955756,-6.82971070715349e-05,-7.61638073513e-06,-0.487347605053117,-2.49391711784307e-06,-8.53486911853596e-07,1.48042227081499e-07,-1.1651260366374e-06,-8.79801613644314e-06,2.48785932491609e-05,0.000548571183461644,1.77834274662279e-05,-5.54206861020261e-06,-0.00122569225939353,-2.30544219219909e-05,-2.1892559111556e-06,-3.58678841058116e-06,-2.9579203021956e-06,1.1926768984169e-05,2.48029008533276e-06,1.04843084145196e-06,1.75913477340927e-06,-9.55829955220342e-08,-2.97708070752594e-07,-8.42139239727125e-06,-1.6133861077913e-17,-0.000467961008921908,1.83209051269864e-05,-2.92927031857913e-06,-1.04000929179725e-05,-9.40685536337777e-06,2.11338090776226e-06,-2.17358869249783e-06,1.56291364889429e-05,-1.95442936878062e-07,1.49135008898884e-08,-5.30170993863409e-06,7.89165007554887e-05,-6.80075439209378e-06,0.00921695908372805,5.01910683410943e-06,1.14584235782908e-07,-9.00814341945732e-09,4.66143557723838e-07,-4.8178593326565e-07,7.61321353111087e-06,1.32043305164327e-06,-2.57922126730909e-07,5.6974020327603e-06,-1.10603981034208e-06,0.000121436180510838,-1.02231347370939e-05,6.13920626619882e-07,-2.08968507708036e-07,4.67392715979732e-08,1.71402048630474e-05,-7.22744168681807e-06,2.62877994215111e-07,1.04986181560124e-07,-2.26881689670097e-07,3.65245202785183e-06,-4.30345557460212e-06,5.10530071312303e-06,-1.31037312165383e-05,1.01373206769879e-05,-7.38166675486418e-07,9.07110705394376e-06,-6.1793274186784e-07,1.79561860980991e-06,-1.26500370774964e-16,-4.41511214737882e-06,-1.51234508733614e-07,-2.6326959099081e-10,-2.28110893130639e-06,2.15919724380752e-07,-1.33687656826299e-07,-5.86207953577486e-07,6.76544490485782e-08,-0.000280217443657871,6.86750450003378e-06,2.68847657492289e-07,-2.40440016279251e-07,3.10654493080958e-06,-3.75878451611248e-06,1.59024336087301e-05,-1.85424111641547e-06,4.07072086323207e-06,1.08740834231793e-07,1.09751834750709e-07,4.79233078362873e-06,-0.00435318085457115,-6.47970866285201e-08,-1.26403867807073e-06,2.682038213788e-06,-1.0290687798823e-05,8.12663065768684e-07,7.61624163964148e-07,0.00080442400527353,-1.46491509815483e-06,-7.12844252561874e-07,1.12453669252347e-06,-3.95025752774163e-06,9.80058714482405e-08,9.16450731317315e-07,-1.79210456740338e-06,9.05541975769272e-17,5.43190992391262e-09,4.3291969428103e-06,-3.91779397726456e-07,1.52552322136546e-06,2.57801274053922e-07,3.98381781550636e-07,9.24042941600291e-07,-1.35142466523581e-05,5.01666978051988e-06,9.33929647859824e-17,-3.82946771461311e-06,-6.07846106209078e-06,-1.30249872911972e-07,8.19661733215462e-07,9.75962398357312e-07,-6.5738100334126e-08,-2.50690704615152e-06,6.66929085433678e-07,-4.16722468330763e-06,4.15274132351849e-06,-0.000366777564620226,-1.51035718718018e-06,-7.98747055204814e-08,-1.49323624569107e-08,-1.50234358504068e-06,1.19238573795659e-06,-1.62597164394325e-06,-1.09275201212098e-16,-6.24462252111417e-06,4.89559153880317e-07,1.41086520039145e-08,1.23225170023651e-07,-3.0426037342255e-06,-6.23270346509196e-06,4.18197778931049e-06,-1.51817838697968e-05,-5.61768387006706e-07,-1.18952625043571e-16,-1.02605429288063e-06,-5.35293250599265e-07,-1.28924919903202e-06,2.40424625408255e-16,2.42527807777846e-06,4.63636173162192e-06,-7.07586529950071e-07,-1.99311271134339e-06,-6.66725722060717e-07,-3.58985225149301e-07,-1.29568169853475e-05,4.97178187303451e-07,0.00149951908846315,1.86548073531994e-07,7.27359652989499e-07,1.39264484339586e-06,1.67802486272657e-17,-5.76900218147845e-07,1.46333212653858e-06,0.000836551486718313,-8.28431069257808e-07,7.2118530955488e-17,-8.30620719173448e-07,2.03592046528988e-07,-3.71412578826355e-07,-0.000137320783357791,-8.32675320171977e-07,1.16543939240256e-06,-1.16328018293807e-05,1.59991902601932e-06,6.19497900267114e-17,5.7675468190962e-06,-1.46038176722881e-06,4.05783823498284e-06,7.11516452875194e-06,-7.2292852906603e-07,-4.84990436602991e-09,-1.37043154602168e-16,-6.51289309517886e-17,-4.66837750954176e-09,-7.87368518913449e-07,1.03781716465337e-07,-7.89908641297727e-07,2.29947775362194e-15,-3.74473627916166e-07,-4.42361080260418e-09,-3.48169925203383e-16,-1.2124525047329e-17,3.54032882881014e-17,9.51574066177882e-07,2.82900968088117e-06,-0.00154907275829676,2.20227274848475e-06,1.10322757530341e-06,2.31194668656799e-06,-1.32990259389045e-06,-5.24675893285506e-16,-2.92681548955237e-07,8.2209896169682e-07,3.63861607169731e-16,-2.12326391913411e-16,-5.14988108001354e-07,-2.09274606585963e-10,-3.03851470643247e-07,1.24614970349495e-06,2.98671797800849e-07,-8.4369007876605e-08,-1.79248603716405e-16,-2.83570857180645e-07,-9.96014909542104e-17,-9.65050378025674e-07,-4.47016555715773e-16,-3.33840073547378e-07,-9.05507150206724e-17,0.000126874824565444,3.55513930406772e-07,1.12339709563054e-07,1.47504268903299e-06,9.67353514458195e-07,-1.10857531151094e-07,7.02052771273017e-07,1.83229395007054e-07,8.91301025391742e-07,8.20578077789775e-08,2.4437570949853e-07,-6.86418864851576e-07,-8.87033299377688e-07,-7.18784669528412e-08,-3.27103377908566e-07,-3.85992494578226e-17,3.05647677472963e-06,-5.26010468640776e-07,0.000102732626681047,3.75578057821552e-16,3.5781290704267e-08,9.67769654019797e-07,3.45857585337865e-06,1.21820612750069e-16,-1.10935328214598e-06,-4.44676999966276e-07,2.8653937855241e-18,-5.8720719268874e-07,1.72789023273378e-06,-2.50526968137018e-16,-6.15080716780296e-17,-6.33153027703054e-08,-2.56743696621368e-07,-1.46264066390889e-09,-2.02915478428781e-06,5.38878568246906e-07,2.09847945737259e-07,1.52723170571976e-07,0.000170506814441743,-3.15060446762601e-06,4.07497386528677e-16,8.60839120668699e-09,4.47572765217579e-09,1.23559248634883e-08,1.15679160934502e-06,-1.47909984968158e-16,1.92569550073349e-16,3.80754757274939e-07,8.63416623137981e-18,-1.27718614485189e-16,0.000878056027268791,-2.51999009848935e-06,-6.26043747499947e-07,-2.62344403941057e-08,1.64258706792705e-05,3.17178071682347e-06,8.92361562183292e-08,2.83177495251432e-17,2.08278056819975e-07,9.7279367977252e-09,4.46384752816126e-08,-5.94616229561144e-07,2.34600011249086e-06,-2.6589622480548e-16,-1.84178407855048e-16,4.08657421631792e-16,-1.54853437092848e-07,-9.82868023637202e-08,-4.32429031305281e-07,-4.56369118819502e-14,-7.53206060334366e-08,7.05560867798983e-17,-1.46286919831261e-17,9.28887407814848e-06,-2.039490201316e-07,6.52906548270771e-16,-5.01556079574418e-07,-3.42618773255841e-07,9.68190447595072e-18,8.98575560579576e-05,-1.28921406747873e-16,2.06212610692029e-07,-2.20720482118752e-16,2.05732585855697e-07,1.780810312898e-06,8.5338107698648e-08,6.06545307867022e-08,4.16374370541538e-07,-2.75196393867254e-07,5.73449822582144e-07,-9.72884454635398e-17,4.98330936677885e-06,-2.81235875277898e-07,2.42336888690743e-16,-3.70448043926851e-08,-5.70157121509791e-07,1.7529233085764e-07,-8.34501633196319e-17,4.24283479288743e-07,7.42346219117557e-07,-1.82726559320462e-16,-1.40098907900383e-06,-3.09850507087048e-07,-2.13483876041401e-08,-3.82201066138047e-17,4.6045473299624e-17,2.88026639301743e-07,8.81540230388215e-08,7.13148464817465e-09,-1.51507354548588e-07,5.21317273346423e-08,-1.18823032505994e-16,-3.32222223227006e-16,1.90286488389187e-07,1.31160225604849e-09,7.55626708852647e-17,4.59715254233316e-07,3.03510928557496e-17,3.14687065206211e-07,-8.79134141663897e-08,-5.13653939342217e-08,-3.40493153658962e-07,-7.30644708064937e-16,-2.43609407965848e-17,-1.9196421192274e-16,-3.14891408711532e-16,-3.61718316115465e-08,-1.254584986863e-07,-3.73965862186123e-16,3.30183102658318e-16,-2.2333333710305e-16,1.76537183538361e-07,1.58627381224565e-09,-8.73138282231421e-08,-1.69933979195191e-16,8.32938319011989e-17,4.93799879458523e-16,-2.82764421192659e-06,1.14527783842055e-07,1.78894454104728e-17,2.00805351492447e-08,-5.25210562742102e-07,-4.2328365885322e-16,-1.5139324772654e-16,-2.74178465700928e-07,-2.80903567010088e-09,-1.35797713703988e-07,-2.67602498099464e-16,1.52757209850479e-07,2.22433774424921e-07,2.38644318205033e-07,-2.17823188820294e-07,-6.93095049959188e-05,1.25849789543137e-08,6.46126129452551e-16,1.15794925323362e-15,-1.74463495147402e-16,2.39259366391686e-07,-2.16626721197744e-07,-6.1703994418881e-08,-4.85228703999445e-08,-5.1714655333199e-16,-3.07638826741111e-16,1.83057198266888e-16,-7.44223125343455e-17,4.80786495333215e-16,3.06255122159644e-07,7.72439883942283e-17,2.21376058257001e-17,-3.74661899749268e-08,-3.44046706063398e-16,-3.35382402841463e-08,-2.07437332889297e-16,-4.15790865460238e-08,3.78691367643841e-16,-5.03400449722384e-08,-6.29966452940533e-09,-7.60222068082754e-07,3.17908949614499e-16,2.02182967783131e-07,8.51137416289691e-17,2.86829710646928e-07,-6.67259762054944e-07,2.7910767707976e-09,-5.67606241182499e-16,4.07059663753948e-07,-3.12100715662681e-16,-1.0003123929892e-07,-5.64610251455462e-07,9.95748898271159e-17,3.11318069125281e-16,-4.55168436257568e-16,2.0516364520669e-16,-1.89513836873113e-09,-2.46776415137526e-08,-5.51018751018885e-09,6.8160576109459e-16,-7.27387704239003e-17,-7.70470605338759e-08,6.28482348398549e-07,3.4199698393828e-16,3.82417025857498e-16,-2.51026214016693e-08,3.44368289602174e-16,-1.77888999917661e-07,-6.98222517015279e-16,1.67934306725159e-06,-3.15883123192221e-16,-2.70964167576134e-16,3.76543148814616e-17,1.08892876216425e-16,3.21477324927791e-16,4.97764506847897e-16,4.26685626262047e-08,-2.98405454555553e-07,1.95635861283579e-16,-1.49722918482614e-07,5.69514053225648e-07,-1.58331021661298e-16,4.69118935512202e-16,2.73844162533897e-16,3.30633132326497e-16,5.61404487684998e-08,8.97797139031097e-09,-3.72818173815824e-16,-6.65720611599193e-18,-1.01948495490289e-07,-3.6366947545591e-07,-7.28268770389313e-09,-6.56306778452411e-16,1.63438682882908e-16,-5.38660256559853e-17,-5.28586383317231e-17,4.4161379163479e-16,2.66327353266983e-16,2.14792795434586e-07,-2.03151090824304e-07,-3.9061798532528e-08,2.41743026984317e-17,1.27517603571478e-16,-7.86731876664448e-16,-3.44059354011582e-16,6.77952266609051e-16,-1.45695393736136e-17,1.05944213797747e-16,6.2322330503906e-17,5.24300552983399e-16,2.79585151165384e-16,3.71278842905038e-16,7.74437792717999e-16,-4.71750879653841e-17,-2.34500937085018e-16,2.83190473650646e-08,-1.00893482435519e-16,-5.45083086540047e-16,4.42249500007357e-17,4.00794690558255e-07,-3.64943766911958e-09,-2.45087846536947e-16,-1.0343256392541e-08,3.66176438503093e-07,4.04348506885574e-16,1.41502618842774e-16,-5.33683569414689e-07,1.56507727466571e-15,9.01025159516976e-09,-1.81401356222691e-16,-6.39178562796556e-16,-6.10696114478367e-16,1.25181426470886e-15,6.66212766013703e-09,-9.1481407109211e-07,-9.11523219484782e-17,1.48392841845976e-16,2.6274386214295e-16,-9.88574272030588e-17,-4.48968119626247e-16,-2.51674074067281e-16,4.27851710962059e-16,2.91195668440026e-16,1.4529103313193e-08,-7.99938299557181e-16,6.38154438506839e-16,-2.1531116234417e-17,4.64651330371776e-16,-1.51039680965684e-16,2.44512764453507e-16,-2.16608179095668e-07,-7.42646439203087e-16,5.41424918719406e-16,1.61481597366133e-07,3.36617384684781e-16,-2.84655292565691e-15,8.43919290271213e-16,2.96541890981609e-15,1.77887076484152e-07,2.79720928134415e-16,-9.92644894585864e-08,-3.56732143949317e-16,-9.18068206981744e-16,1.41893031274733e-15,3.24321016921438e-15,9.6930292144608e-17,6.31428898753718e-16,3.58533466251533e-09,-3.13509542733706e-16,2.93363788914385e-15,2.67406769960191e-08,-4.47425880552594e-07,1.46501990719473e-16,3.13343353371919e-07,4.5889108800527e-08,-1.40164843181345e-15,1.66757658474991e-15,-3.32995996884246e-15,-1.08031479531054e-15,-4.04428648365146e-15,-7.69809477913679e-08,-4.32265234448458e-16,-2.20901371431637e-16,-2.02564407285792e-15,3.08094107262574e-08,-3.59010897081526e-15,-1.16523983373665e-15,3.02901910513394e-15,-1.42794599184257e-15,-1.40310537543858e-08,1.62820019401944e-15,5.58198179651192e-09,2.76871400238192e-15,1.42366133854636e-16,-3.44453320276957e-15,-2.59728582323511e-15,2.0071791557437e-15,-1.11573687237464e-15,4.30694599960308e-15,-9.67717140502752e-08,1.72315827891581e-15,8.59205677395516e-15,4.06759798261477e-08,-3.44559534470324e-15,3.89054086131095e-15,7.34056932191447e-15,4.63993421713935e-15,1.13641807159225e-14,-6.74804153592774e-15,-2.22852725612984e-07,8.22654065334382e-15,-5.25965983289764e-14,8.77289937671663e-08,2.4439214392396e-14,3.37110284396449e-15,-5.13008905868133e-14,-2.03874713005143e-14,2.77672784177424e-14,-0.70710678118655,-2.0643331262622e-13,-5.64205446378791e-15,6.43696497171074e-15,-5.81937981667451e-15,4.03164970620914e-15,-4.59817459922788e-08,1.52460666499353e-07,6.27001901897094e-15,-1.92490767135736e-15,-2.31178381994464e-15,2.36556697266636e-15,5.34029201068598e-15,6.44384229578335e-15,2.80916496062742e-15,8.47026019747873e-16,-9.98536067634282e-09,-3.89010077592081e-15,2.02595584816985e-16,-1.81771982588466e-15,1.52114577346493e-15,1.27805161681966e-08,-3.91378213030889e-15,-2.67857313697453e-09,3.28962364672029e-16,-1.28366911627453e-15,2.8676547518941e-15,1.25388945456187e-15,2.42502229415236e-16,1.2417426493458e-17,7.40724990479755e-16,-8.586248003391e-16,1.52404689698755e-15,6.62078177106956e-17,3.54634246190186e-16,8.73969172554216e-17,-8.64426218924794e-16,-6.37405718832496e-16,-6.94850369527434e-16,2.19678866970689e-15,7.4770367884632e-16,-2.7558948782974e-15,-8.60694161762722e-16,-1.5040249421969e-16,4.3303034769071e-16,1.84509688279121e-16,7.28246163836925e-16,2.67146189601957e-16,1.45150162552107e-16,9.62464813675482e-10,1.56949912487102e-15,-5.3839545034098e-16,-3.51811688855133e-16,-6.32848534090438e-16,-7.31870491208643e-16,-3.47626488748484e-16,-1.91886539956031e-16,6.94617407605705e-16,-1.16577973164978e-16,-2.45267238278183e-17,-7.10694524064248e-17,-3.05386735382169e-16,-2.06041209328587e-16,-1.80641152689332e-16,-1.94151022204206e-16,-4.91750993277361e-17,6.89106716605664e-16,-1.2377686530691e-08,-5.24447456749964e-16,3.00556309879659e-16,-2.68000235047555e-16,-4.73925529271678e-16,4.94600842537364e-16,-3.15695876077194e-17,1.59094705299195e-16,-7.04047904200694e-17,4.61040034479954e-16,2.62063521578118e-09,7.18942999618474e-16,3.60065403426565e-16,2.31698335703218e-16,5.65110484312943e-16,-3.90920063333339e-16,-4.45480311090746e-15,2.9273626534675e-16,-6.98409513654852e-16,4.42437761541653e-16,-7.92316542940202e-17,-1.71908996622e-17,1.86066488914449e-16,2.22467236519508e-16,1.32123723592097e-08,-7.49607034315851e-17,-1.87050399306746e-17,-3.56313776282432e-16,9.83696631096098e-16,-3.97563669140393e-08,1.72760792513969e-16,-1.25012164613779e-17,3.49416447506143e-16,7.12869812894393e-16,-3.12722181229758e-16,-4.08219806535831e-16,-1.06779878839592e-15,8.73386564089762e-18,-1.87445189607349e-17,2.35746810987158e-18,3.32953732997231e-16,1.89885362993756e-16,-2.7347220671529e-16,2.64533959337904e-16,-4.82989722566138e-17,3.07300323768285e-16,-4.85473875910223e-17
"t702",-0.00769438047213597,0.022720741549447,0.0259829390211106,-0.00807699568141225,-0.128837322380807,-0.0284524318601026,0.018322346432761,0.000292779595993691,0.000965913341283769,-0.0020957191485651,-0.00056165920697158,0.00331634799466437,-0.00485284316975221,-0.000471871347179894,-0.00327304292491776,-0.000903567419637133,-0.000839848877743834,0.00035197205990274,-0.000311818880832931,0.000226403423267311,-0.000830321533490616,0.000168960954300053,-0.000351037052754422,0.000726004861014315,-0.000113929297371311,0.000262976202970162,-0.000326954384086512,0.000301569150547885,-0.00258337738216818,0.00633727371804438,-1.49009035649795e-05,2.06415222609394e-05,-0.000871274113163937,0.000137908570919276,-1.71648030922671e-05,-1.78609737895341e-05,-8.15958469484848e-05,4.69061479799793e-06,3.6976388283235e-05,9.54447166966326e-06,0.000437609361528482,-4.81104328407789e-05,4.71005938517292e-05,-3.98873053231452e-05,0.000200743132069823,-0.0662905833443212,8.9148517660231e-07,-3.08299567236068e-05,3.35810222379373e-05,-6.81054855445291e-05,6.95821210992346e-05,-4.20499988440884e-05,5.84825244996549e-08,-1.93665506380649e-05,6.16358001800579e-06,-6.36855752611875e-05,1.69734827683408e-06,-9.79865279906821e-05,3.25665645812503e-05,-2.59240238073337e-06,3.14681951734291e-06,-1.2418671909137e-05,0.0116125693398513,0.00160199853158376,-1.49899800173765e-05,3.78894124407775e-05,-7.09668688006003e-07,1.81449739080203e-05,-4.15994196137525e-05,1.09225528478949e-05,2.34307439774636e-06,-1.62545597776152e-05,4.47364772819383e-06,4.95216446065782e-05,-2.1322393257018e-05,-1.63909961053838e-07,0.000207030346091626,-2.64458153216727e-05,0.000146746440962832,0.000211879593312963,-9.52772155939033e-05,-0.00159649397535234,0.0009048737910606,0.237252536230354,7.2224955569506e-05,0.00215639315818939,-0.000272719076116882,-3.4654046546976e-05,-0.0318364170963642,0.00031392847428842,-5.0430420293753e-05,1.11339715553205e-06,5.3684216925681e-05,-0.000532447172996639,-1.53120581869781e-06,-8.4430631736188e-05,-9.89603358025872e-06,4.45609689357653e-05,-0.000355341545769133,-7.94958757132402e-05,-1.44052064982508e-05,1.21543935344354e-06,-1.89068739684744e-05,-5.85639041591837e-06,3.65172254332368e-06,-9.89919481990049e-06,0.000405208561248792,-2.15348019429762e-05,9.34511318958063e-05,-6.52953930332023e-06,-0.00019008294475174,-0.30383798156294,-0.00138364466078617,5.63071501364043e-05,-1.01264071996393e-06,-0.289803344369874,-0.000196966959013535,0.000108639377048192,-8.91988508801659e-05,0.000197594813797084,-0.000135051881028138,0.000152698869873849,-0.000136370479038032,-0.000373791787766776,2.2482045051858e-05,-0.000219913913753695,2.2317911661201e-05,-3.53734427044642e-05,6.30337900658758e-05,0.00207694381095578,6.60288217165658e-06,0.000189649033853444,-3.59971546158428e-05,-4.58615190598121e-05,2.80602482267421e-06,7.70225201404075e-05,-4.84667372704063e-07,-0.000385578746241742,0.000323234732502609,-0.00100999452188513,-0.000157268485006063,-0.0426445356338914,-0.000816479955678813,-3.5106560001455e-05,-1.84223922217113e-05,1.6317439124736e-06,1.00992358514926e-05,9.84466265902839e-07,8.62493097577999e-08,-2.9712682428129e-07,-8.62531552852579e-06,-1.52735639535666e-06,-6.18546576374859e-06,1.32329436515696e-05,-4.72586879859973e-06,-4.1935959609091e-07,6.36576330225548e-06,-8.22918915465647e-05,-2.20242324811685e-06,-7.34778639511569e-07,-7.13020886480552e-05,7.91455728094547e-06,-5.03824980547143e-06,-0.000140964478290775,0.046120923948857,4.01187363053434e-06,1.51490736601687e-05,2.61115564942026e-07,1.30086699889893e-05,1.76919513354157e-05,-4.05591565701513e-05,-7.14389747844978e-06,8.43188830824599e-07,1.63627990839873e-06,5.34274655394999e-06,6.40777550453374e-07,4.75985526705559e-07,-0.00206551677030333,-9.84595715346782e-06,-6.94118612829854e-05,0.000214504914531455,7.41455355039052e-05,-1.10388708727163e-05,-5.75816480734013e-08,-1.24779360106156e-06,-3.92002919197069e-07,-4.34755613225041e-05,1.00007731041962e-05,4.48305609032206e-05,-7.44567297109234e-05,-1.21915617677503e-06,2.244966739704e-06,8.92886616090185e-06,2.1152317521471e-08,1.52934404244966e-06,-2.16541450778845e-06,-3.99432837662992e-06,-3.7837672956545e-06,2.38425726523033e-06,1.02873028009121e-06,1.02714586988091e-06,0.000172352351110075,-2.83928523931347e-08,-6.87555340400519e-06,-7.84165731021247e-06,-5.20978547558371e-05,5.16329466940176e-06,3.65860885872061e-05,-4.11557990592807e-05,-3.74776039092848e-07,-0.000211436632770971,9.66771303669823e-05,-0.000390622291955869,-6.82971070713483e-05,-7.61638073541273e-06,-0.487347605053119,-2.49391711804644e-06,-8.53486911851413e-07,1.48042226979601e-07,-1.16512603666013e-06,-8.79801613624853e-06,2.48785932490503e-05,0.000548571183461814,1.77834274663606e-05,-5.54206861019932e-06,-0.00122569225939334,-2.30544219223603e-05,-2.18925591123081e-06,-3.58678841057537e-06,-2.95792030211125e-06,1.19267689842091e-05,2.48029008527394e-06,1.04843084131267e-06,1.75913477340785e-06,-9.5582995522063e-08,-2.97708070676364e-07,-8.42139239729541e-06,-1.04459362747214e-16,-0.000467961008921564,1.83209051269387e-05,-2.92927031853233e-06,-1.04000929173049e-05,-9.40685536344673e-06,2.11338090738405e-06,-2.17358869244865e-06,1.56291364889657e-05,-1.95442936873188e-07,1.49135008856168e-08,-5.30170993865222e-06,7.89165007552697e-05,-6.80075439193102e-06,0.00921695908372891,5.01910683399558e-06,1.14584236082738e-07,-9.00814327124688e-09,4.66143557699834e-07,-4.81785933244188e-07,7.61321353061239e-06,1.32043305167301e-06,-2.57922126718759e-07,5.69740203283011e-06,-1.10603981007627e-06,0.00012143618051126,-1.02231347372945e-05,6.13920626472579e-07,-2.0896850763112e-07,4.6739271558119e-08,1.71402048630826e-05,-7.22744168701327e-06,2.62877994269057e-07,1.04986181365395e-07,-2.26881689620246e-07,3.65245202773422e-06,-4.3034555740282e-06,5.10530071314041e-06,-1.3103731216499e-05,1.01373206775639e-05,-7.38166675516788e-07,9.07110705390961e-06,-6.17932741866247e-07,1.79561860959431e-06,-5.04961251152925e-17,-4.41511214763751e-06,-1.51234508708803e-07,-2.63269666856461e-10,-2.28110893153503e-06,2.15919724388974e-07,-1.33687656979944e-07,-5.86207953576873e-07,6.76544493295873e-08,-0.000280217443657972,6.867504500118e-06,2.68847657540197e-07,-2.40440016313623e-07,3.10654493087094e-06,-3.7587845159699e-06,1.59024336083532e-05,-1.85424111647151e-06,4.07072086314577e-06,1.08740834291296e-07,1.09751834804888e-07,4.79233078375458e-06,-0.00435318085457144,-6.47970864864281e-08,-1.26403867800629e-06,2.68203821389703e-06,-1.02906877988491e-05,8.12663065945981e-07,7.61624163940045e-07,0.000804424005273069,-1.4649150979026e-06,-7.12844252775066e-07,1.1245366920046e-06,-3.95025752755626e-06,9.8005872391735e-08,9.16450731335573e-07,-1.79210456741363e-06,6.04230475234723e-19,5.43190987503733e-09,4.32919694277201e-06,-3.91779397782401e-07,1.5255232213678e-06,2.57801274135729e-07,3.98381781454971e-07,9.24042941683522e-07,-1.35142466527123e-05,5.01666978066356e-06,-3.67011325508227e-16,-3.8294677146903e-06,-6.07846106243249e-06,-1.30249872673716e-07,8.19661733397814e-07,9.75962398503985e-07,-6.5738100281518e-08,-2.5069070462939e-06,6.66929085332191e-07,-4.16722468382631e-06,4.15274132348502e-06,-0.0003667775646203,-1.51035718758727e-06,-7.98747054608537e-08,-1.49323621826075e-08,-1.50234358531437e-06,1.19238573802242e-06,-1.62597164377622e-06,-1.4598191923955e-16,-6.24462252123692e-06,4.89559153876631e-07,1.41086519685327e-08,1.23225169818958e-07,-3.0426037342992e-06,-6.23270346445338e-06,4.18197778936769e-06,-1.51817838695361e-05,-5.61768386645586e-07,5.05716949421512e-17,-1.02605429286959e-06,-5.35293250490365e-07,-1.28924919904981e-06,6.48996520292667e-16,2.42527807767448e-06,4.63636173138362e-06,-7.07586529622669e-07,-1.99311271124629e-06,-6.66725722121362e-07,-3.5898522499662e-07,-1.2956816985369e-05,4.97178187263642e-07,0.00149951908846317,1.86548073490712e-07,7.27359652781448e-07,1.3926448435722e-06,6.21176744405905e-17,-5.76900217931537e-07,1.46333212630216e-06,0.000836551486718253,-8.28431069398432e-07,-4.28138111926476e-17,-8.30620718929016e-07,2.03592045284486e-07,-3.71412578596662e-07,-0.0001373207833577,-8.32675320009446e-07,1.16543939086953e-06,-1.16328018293179e-05,1.59991902565485e-06,1.54038068016096e-16,5.76754681857733e-06,-1.46038176735666e-06,4.0578382348985e-06,7.11516452870377e-06,-7.22928529075467e-07,-4.84990427310001e-09,-1.09287578986539e-16,8.82879493796852e-18,-4.6683777169825e-09,-7.87368517893695e-07,1.03781716525498e-07,-7.89908641492239e-07,2.47822231367588e-15,-3.74473627963278e-07,-4.42361075843415e-09,-4.74371216857945e-16,1.14150575078035e-16,7.53129736097514e-18,9.51574066123697e-07,2.82900968077483e-06,-0.00154907275829627,2.2022727480351e-06,1.1032275753883e-06,2.31194668635082e-06,-1.32990259355023e-06,-5.32224002236457e-16,-2.92681549067176e-07,8.22098961170595e-07,-5.80831329758857e-16,-3.15268233810368e-16,-5.14988107823001e-07,-2.09274787539888e-10,-3.03851470048834e-07,1.24614970352231e-06,2.98671798217032e-07,-8.43690078684279e-08,-3.64945330808843e-16,-2.83570857062158e-07,-1.34908872860787e-16,-9.65050377658203e-07,1.21674588807186e-16,-3.33840073370084e-07,-8.19354761738795e-17,0.000126874824565126,3.55513930523731e-07,1.12339709478145e-07,1.47504268884096e-06,9.67353514888661e-07,-1.1085753142349e-07,7.02052771469211e-07,1.83229395050879e-07,8.91301025295138e-07,8.20578077738587e-08,2.44375710226442e-07,-6.86418864797929e-07,-8.87033299618877e-07,-7.18784667010157e-08,-3.27103377144392e-07,-4.42540301398163e-17,3.05647677493976e-06,-5.26010468507856e-07,0.000102732626680505,2.1623588507265e-16,3.57812913137316e-08,9.67769653820075e-07,3.45857585335868e-06,-1.23688612030765e-16,-1.10935328175035e-06,-4.44676999772188e-07,-6.28279653446303e-17,-5.87207192581723e-07,1.72789023102882e-06,1.45615956215088e-16,-1.14038110345506e-16,-6.33153025694723e-08,-2.56743696492952e-07,-1.46264049361317e-09,-2.0291547843137e-06,5.38878568315913e-07,2.09847945403458e-07,1.52723170856857e-07,0.000170506814441405,-3.15060446753158e-06,4.39643980942872e-16,8.60839143522347e-09,4.47572726896491e-09,1.23559249295241e-08,1.15679160953535e-06,1.76588025619634e-16,-2.07209792624363e-16,3.80754756922032e-07,1.15247541403618e-17,2.69218859204933e-17,0.000878056027268289,-2.51999009844337e-06,-6.26043747453234e-07,-2.62344405498477e-08,1.64258706783051e-05,3.17178071684543e-06,8.92361562224782e-08,-3.80241044248145e-17,2.08278056782353e-07,9.72793670032052e-09,4.46384754400721e-08,-5.94616229805056e-07,2.34600011178191e-06,-2.70792740057154e-16,1.50776563680162e-16,8.66516282280064e-16,-1.54853437137708e-07,-9.82868021443538e-08,-4.32429031129315e-07,-4.60503187421722e-14,-7.53206059868628e-08,-1.48344331844921e-16,-6.55455895042208e-17,9.28887407816493e-06,-2.03949020225262e-07,-7.77806638541101e-16,-5.01556078743838e-07,-3.42618773175595e-07,3.01454261619027e-16,8.98575560579617e-05,1.0568458938877e-17,2.06212610441588e-07,6.05543815600433e-16,2.05732586010996e-07,1.78081031279137e-06,8.5338107483066e-08,6.06545307170994e-08,4.16374370523571e-07,-2.75196393582759e-07,5.73449822573298e-07,-3.628811991734e-17,4.98330936722743e-06,-2.81235875367205e-07,-9.96241081288687e-17,-3.70448034710725e-08,-5.70157121310532e-07,1.75292331221415e-07,3.42077228872283e-17,4.24283479456037e-07,7.42346218735321e-07,2.28805883615393e-16,-1.40098907889096e-06,-3.09850506870552e-07,-2.13483876602302e-08,9.73786070091111e-17,-6.66360150120434e-17,2.88026639146818e-07,8.8154023048368e-08,7.13148419576995e-09,-1.51507353835719e-07,5.21317278373921e-08,-2.16059571051244e-17,4.1664085191628e-16,1.90286488452266e-07,1.31160217795146e-09,-2.00743517749663e-16,4.59715253933563e-07,-3.33969894418824e-17,3.14687064461703e-07,-8.79134144049431e-08,-5.1365394044481e-08,-3.40493153891072e-07,-7.2893358712304e-16,9.59571949391055e-18,6.08063734723192e-16,1.34461163875869e-16,-3.61718317427705e-08,-1.25458496482292e-07,5.51475354379976e-16,-1.75336643192573e-16,1.7458403568612e-16,1.76537183514744e-07,1.58627408732361e-09,-8.7313828167364e-08,2.05811582765214e-16,-1.66330165786432e-16,-5.05400842704118e-16,-2.82764421110239e-06,1.14527783859454e-07,2.72628024548906e-17,2.00805354820064e-08,-5.25210562643974e-07,1.40450148464664e-16,8.39729372423147e-17,-2.74178466046104e-07,-2.80903608938679e-09,-1.35797714280386e-07,2.20453524418341e-16,1.52757209921498e-07,2.224337748721e-07,2.38644317848984e-07,-2.17823189206026e-07,-6.9309504995928e-05,1.25849784697505e-08,-6.661659050936e-16,-8.82033671485463e-16,1.96899932195296e-16,2.39259367404949e-07,-2.16626721256994e-07,-6.17039941401326e-08,-4.8522870105994e-08,3.81522369419882e-16,2.61343727296781e-16,-2.37197795118591e-16,3.78402433797365e-18,-4.88510646493982e-16,3.06255122902563e-07,-1.32635155426257e-16,-1.07602765328855e-16,-3.74661902166672e-08,3.83250836378709e-16,-3.35382406403426e-08,3.55920022125807e-16,-4.15790873312842e-08,-3.89401549240567e-16,-5.03400452343726e-08,-6.2996651329203e-09,-7.60222066009751e-07,-1.10698319092517e-16,2.02182967555627e-07,-1.05784365373231e-16,2.86829711317136e-07,-6.6725976156983e-07,2.79107671033498e-09,9.53011755987063e-16,4.07059663917284e-07,2.15560564392043e-16,-1.00031239784109e-07,-5.64610250712974e-07,-2.62567860256741e-16,-3.3280286135602e-16,2.01822000535567e-16,-1.84023304283648e-16,-1.89513806540147e-09,-2.46776413473158e-08,-5.51018674216546e-09,-5.80589623677775e-16,8.96789001779532e-17,-7.70470606956061e-08,6.28482348279287e-07,-1.20533254687525e-16,-5.13526248741818e-16,-2.51026213457741e-08,-4.43090596213155e-16,-1.77888998153713e-07,9.76425461623049e-16,1.67934306737993e-06,3.72299079617591e-16,1.63025729827003e-16,2.88188534446912e-18,-3.75585455453231e-16,-3.28988331892923e-16,-5.41009594610485e-16,4.26685620884339e-08,-2.98405453730942e-07,-1.79027384878449e-16,-1.49722918616753e-07,5.69514052907813e-07,1.16855192176309e-16,-4.51773190424231e-16,-1.18477766448552e-16,-5.16925856578833e-16,5.61404487606835e-08,8.97797179778649e-09,8.27031100888949e-17,-8.48959764028277e-17,-1.01948495004601e-07,-3.63669475397921e-07,-7.28268749422631e-09,6.47454592415256e-16,-1.1807967937273e-16,2.26872397184195e-18,9.1253739334991e-17,-3.99630689406271e-16,-2.54897430207426e-16,2.14792795346293e-07,-2.03151090722483e-07,-3.90617981202097e-08,-1.87491695996356e-17,-1.54527258987083e-16,6.62344802006378e-16,3.84216972407005e-16,-8.49087416370887e-16,-2.10240736534607e-16,-7.8082700766937e-17,-2.89153759758511e-17,-2.20688644309425e-16,-3.65373631671051e-16,-3.55104398578463e-16,-2.7488826480896e-16,8.60836952318734e-18,2.1126599662204e-16,2.83190479451664e-08,3.08724168973334e-16,6.03303841095928e-16,-9.62114826444976e-17,4.00794691030614e-07,-3.64943785033672e-09,1.97858407320568e-16,-1.03432586706652e-08,3.66176438313858e-07,-3.84510000057787e-16,2.84086997179178e-16,-5.33683569703866e-07,-1.42836775754877e-15,9.0102517809014e-09,4.89901501604771e-17,6.47688637802447e-16,7.39349679701265e-16,-8.56670392981492e-16,6.66212596062598e-09,-9.1481407192805e-07,1.72227569889921e-16,-2.21215567710206e-16,-2.02104720410636e-16,6.18755448560906e-17,5.41992666025504e-16,3.02144905500673e-16,-3.69738595697202e-16,-3.35077827911706e-16,1.45291025466821e-08,7.8933430277572e-16,-6.59309295912359e-16,-8.11801943746978e-17,-5.4736792631297e-16,1.61634984618963e-16,-4.96078634517032e-16,-2.16608180225695e-07,8.92269969287505e-16,-6.10910038853044e-16,1.61481599056166e-07,-2.52303732789589e-16,2.83276957157877e-15,-8.1065564667896e-16,-2.68586231623183e-15,1.77887075861698e-07,-3.06332670596227e-16,-9.92644885623001e-08,2.93612703866613e-16,9.15059456555718e-16,-1.71975718046493e-15,-3.68201474050653e-15,-1.51661911024801e-16,-8.457424673814e-16,3.58533459127097e-09,-2.5048656048348e-16,-2.75060257201722e-15,2.67406743890515e-08,-4.47425882633788e-07,-3.04546345373227e-16,3.13343354213331e-07,4.58891067654571e-08,1.42068720862477e-15,-1.82274118181272e-15,3.3823691526888e-15,1.01079871242666e-15,3.99158566985765e-15,-7.69809510576912e-08,3.53333874260139e-16,2.48768233425506e-16,2.00902170546198e-15,3.0809413963896e-08,3.6401756087288e-15,1.23032189487452e-15,-3.11788318635771e-15,1.38219045526637e-15,-1.4031048593759e-08,-1.55452485011339e-15,5.58198427071505e-09,-2.78180229479936e-15,1.66503179014957e-16,2.8500516074934e-15,2.68648936361407e-15,-2.09007658389676e-15,9.97683784175338e-16,-4.39960138582156e-15,-9.67717407725246e-08,-1.58394934051896e-15,-8.55221305053924e-15,4.06759926889291e-08,3.4862967389262e-15,-3.79991260233959e-15,-7.3918355132089e-15,-4.74155610465838e-15,-1.13085740674118e-14,6.78427145301569e-15,-2.22852749434217e-07,-8.13303832480857e-15,5.240068066905e-14,8.7729048542876e-08,-2.41720802433382e-14,-3.36563361165663e-15,5.10656473470582e-14,2.04545001943936e-14,-2.80527374965005e-14,0.707106781186546,2.06427078343159e-13,5.53047240876248e-15,-6.43736971280285e-15,5.7769007506499e-15,-3.98371053352412e-15,-4.59817639800161e-08,1.52460701813471e-07,-6.31683291464772e-15,1.93670033231881e-15,2.29267328555169e-15,-2.35978286155301e-15,-5.27843827674568e-15,-6.36507459711149e-15,-2.70986596893696e-15,-7.84953087468968e-16,-9.98535829371876e-09,3.82009732800631e-15,-2.06862326758345e-16,1.8544998563441e-15,-1.4477481421044e-15,1.27805207754023e-08,3.93606242132452e-15,-2.6785655786756e-09,-4.30203242477583e-16,1.29548699280658e-15,-2.949427840078e-15,-1.27851917068757e-15,-2.25909162915799e-16,2.37239398525045e-16,-7.35718928363655e-16,8.28355923212178e-16,-1.57287290081938e-15,-1.15585202305689e-16,-4.26042302724982e-16,-7.4605738892686e-17,5.29546494425713e-16,6.88733700569065e-16,6.87763463740956e-16,-2.39672590179723e-15,-6.72925321701643e-16,2.67075213649063e-15,1.02513755536659e-15,1.63452498053412e-16,-4.22838847269347e-16,-1.65902456491175e-16,-5.35743833900988e-16,-2.00362212790226e-16,-1.40867660040301e-17,9.62466156662234e-10,-1.47254144245782e-15,4.03342556679927e-16,4.4265566606155e-16,3.31164806865639e-16,6.26775574140707e-16,2.97559771350769e-16,7.77003222852223e-17,-6.58694190576569e-16,1.66495298500668e-16,1.26574583897984e-17,-9.59302082215174e-16,2.71496416757796e-16,1.43976889661002e-16,9.6199087407957e-17,-5.26678284670745e-16,-7.48817271840912e-17,-6.94074692167667e-16,-1.23776962464322e-08,4.99065838308918e-16,-2.73253668605213e-16,2.23968788285586e-16,3.66260284065117e-16,-2.34515632979238e-16,-2.11248332467046e-17,-1.84851825932093e-16,2.10357535448401e-16,-3.72266174574862e-16,2.62063621446199e-09,-2.73427248857508e-16,-4.46708032903161e-16,-2.15238152216677e-16,-5.96961103013269e-16,3.91419092847047e-16,3.94575899496071e-15,-2.46153712231066e-16,4.29814459764393e-16,-4.68505377925545e-16,-1.17080750871972e-16,1.23936008118697e-16,-1.75897442274802e-16,-2.04507709647879e-16,1.32123705951039e-08,1.02044897730731e-16,1.00776190741896e-17,4.04680993213584e-16,-1.76692428049963e-15,-3.9756367392511e-08,-1.2101724119087e-16,-7.81403734320977e-17,-1.83597736349452e-16,-7.19072068101228e-16,3.82150112640495e-16,4.66498381642203e-16,1.64133331348274e-15,-1.71571781989325e-16,-4.93597858686978e-18,-1.90308143599274e-17,-2.79918012317896e-16,-1.36603965136339e-16,1.2368822573412e-16,-3.45926802681866e-16,-5.88003363914114e-17,-2.70807224127983e-16,-5.50729263354599e-16
"t284",-0.00769256001182954,0.022709390546965,0.0259695368082928,-0.00807140469701246,-0.128728004553387,-0.0284240778758738,0.018303726315229,0.000292458205170364,0.000964659286156137,-0.00209241341150401,-0.000560531843793381,0.00330811955543196,-0.00484044401069552,-0.000470647123329185,-0.00326417422684043,-0.000900971723680807,-0.00083737743262146,0.000350917142581644,-0.000310862208815731,0.000225647399417134,-0.000827316729311783,0.0001682190357655,-0.000349406355039943,0.000722612391924838,-0.000113394763617953,0.000261681455955707,-0.000325324920910267,0.00030005222032253,-0.00257002100326837,0.00629831658173738,-1.48029291262978e-05,2.04993148480469e-05,-0.00086481445938024,0.000136834833411523,-1.70239209000364e-05,-1.77018922989295e-05,-8.08592662921638e-05,4.6475530351141e-06,3.66344632285436e-05,9.45480772970977e-06,0.000433371660599948,-4.76324167044525e-05,4.66251093386102e-05,-3.94841114528785e-05,0.000198675828103088,-0.065560732914105,8.81472968059207e-07,-3.04804835824987e-05,3.3190462142864e-05,-6.7291436310017e-05,6.87201460661688e-05,-4.15204704535336e-05,5.77443029194427e-08,-1.91171010727673e-05,6.08104439499813e-06,-6.28278085951564e-05,1.67205544124734e-06,-9.64870623395853e-05,3.20666386715591e-05,-2.55000355809232e-06,3.09290931736558e-06,-1.22010748632453e-05,0.0114053930380851,0.00157328851746351,-1.47122986644806e-05,3.71667331438216e-05,-6.9525687342527e-07,1.77662305705173e-05,-4.0720129011676e-05,1.06864444227654e-05,2.28631911776691e-06,-1.58271579803904e-05,4.35455813220452e-06,4.81697344192623e-05,-2.0738476763191e-05,-1.59372624854027e-07,0.000201274811249884,-2.56951125304455e-05,0.000142382981448454,0.000205462063827704,-9.23000986997597e-05,-0.00154627354625777,0.000875001164683331,0.229306888713118,6.96552874829484e-05,0.00207841544872304,-0.000262695088185122,-3.33769553833246e-05,-0.0306623568525731,0.000302331465285781,-4.85559054221303e-05,1.06956069681648e-06,5.15595268483043e-05,-0.000510627381587417,-1.4646499066494e-06,-8.07284226691162e-05,-9.46192377210685e-06,4.25624482961245e-05,-0.00033927389268921,-7.57892449194246e-05,-1.37166866321678e-05,1.15721783896739e-06,-1.79989647288856e-05,-5.5427041499182e-06,3.45454179895213e-06,-9.36130913995564e-06,0.000382944598205506,-2.03479078378252e-05,8.82722033182281e-05,-6.16466616583578e-06,-0.000179432318029661,-0.286538880247445,-0.00130471616856207,5.29582722289705e-05,-9.5187851025391e-07,-0.272074853295213,-0.000184813101249037,0.000101775326406045,-8.34340245746406e-05,0.000184605217628393,-0.00012608773422769,0.000142221618554773,-0.000126811697076505,-0.000347569761401476,2.09000577900047e-05,-0.000204097514410922,2.07098744765656e-05,-3.27765384425596e-05,5.81528580039473e-05,0.00191602323615358,6.08908000100525e-06,0.000174357260221518,-3.30743728858629e-05,-4.21190046302167e-05,2.57227283656951e-06,7.05879159290186e-05,-4.42379068072318e-07,-0.000350740208883471,0.00029260467414448,-0.000914157565318868,-0.00014222335046077,-0.0385479443206457,-0.000737519736272973,-3.17027879351579e-05,-1.66361799237806e-05,1.47060904693567e-06,9.06486290558683e-06,8.79818237701515e-07,7.69956084040705e-08,-2.64588509301088e-07,-7.67921689934377e-06,-1.35850755022429e-06,-5.4985085262749e-06,1.17555716650786e-05,-4.17219507757911e-06,-3.6984684826864e-07,5.61004181839245e-06,-7.12157091658193e-05,-1.89667375454133e-06,-6.32286586086021e-07,-6.10903621880968e-05,6.77487925402093e-06,-4.28755191048525e-06,-0.000119873067095003,0.0389842030584728,3.37040334129438e-06,1.24810811605435e-05,2.14969542744538e-07,1.07076486371859e-05,1.45202168542365e-05,-3.31721015994001e-05,-5.8398029990895e-06,6.84335337025219e-07,1.32492168185064e-06,4.30383871145582e-06,5.15508505535375e-07,3.82676656382505e-07,-0.00163931731805794,-7.70151851080477e-06,-5.41507804693149e-05,0.000166915606585031,5.7247479018017e-05,-8.49664922910163e-06,-4.41837727955097e-08,-9.54620823891667e-07,-2.96810209570162e-07,-3.28304920961674e-05,7.36720268640711e-06,3.29960258098099e-05,-5.43041295324505e-05,-8.65075141594754e-07,1.55220791407426e-06,6.11392697274389e-06,1.42643348587304e-08,1.01895169544168e-06,-1.3862728027412e-06,-2.53281934060951e-06,-2.34845089131267e-06,1.46306266952228e-06,5.67314024982941e-07,5.63022417475062e-07,8.89758492216096e-05,-1.36570360770622e-08,-2.58340356518167e-06,-2.94194232091616e-06,-1.8941704272511e-05,1.68162118158174e-06,1.0864908536978e-05,-8.60648715302524e-06,-2.59324265602161e-08,1.69702967224416e-05,-1.31147108861326e-05,0.000182990973618136,5.08878688834243e-05,5.74066241680283e-06,0.512265386567635,6.31978446425245e-06,2.63740938469556e-06,-3.24975974659304e-06,-1.39247666263525e-05,-7.29167535559494e-05,0.000102032834341544,0.00204890796192766,6.08893849131381e-05,-1.55608191213594e-05,-0.00333485733974239,-6.22654010338774e-05,-5.1611931855156e-06,-7.93488940489845e-06,-6.1682108419385e-06,2.42914786137683e-05,4.93860327470494e-06,2.04678951811353e-06,3.41593343844767e-06,-1.77428000803049e-07,-5.39180994305203e-07,-1.48872425830432e-05,-1.71442587069348e-16,-0.000802076421063694,3.12230245740476e-05,-4.81663948812209e-06,-1.66977226388838e-05,-1.48385845556543e-05,3.33033304145685e-06,-3.32833464478596e-06,2.38275083923445e-05,-2.97373398860635e-07,2.24843261595216e-08,-7.94595493155771e-06,0.000117068019146503,-1.00447853370517e-05,0.0135896467062167,7.33200775022866e-06,1.61896527608994e-07,-1.26000972924681e-08,6.46937938950883e-07,-6.58408098990363e-07,1.03935552064526e-05,1.78544579240934e-06,-3.47003467353447e-07,7.6133007123174e-06,-1.47489348478059e-06,0.000161587498129647,-1.35639174375911e-05,8.1117359482229e-07,-2.75982678353635e-07,6.11292245355514e-08,2.24125264712866e-05,-9.4483548275252e-06,3.42809895890326e-07,1.36785237476266e-07,-2.94770637740953e-07,4.74292302472359e-06,-5.5039660116258e-06,6.51958205536155e-06,-1.67139352835054e-05,1.28959380692162e-05,-9.37103663356514e-07,1.14644098519249e-05,-7.79988737246091e-07,2.26431483337758e-06,3.10170953743139e-16,-5.54939731573697e-06,-1.90008362214549e-07,-3.30321011800172e-10,-2.85321487875004e-06,2.69382017352136e-07,-1.66591730619878e-07,-7.300668684294e-07,8.36652121496892e-08,-0.000346383154361465,8.48809563001601e-06,3.31651220696173e-07,-2.95076701956103e-07,3.80920754991067e-06,-4.60626913455973e-06,1.94509351082365e-05,-2.25274587245863e-06,4.93265595675422e-06,1.31746002303141e-07,1.32965000454306e-07,5.77131309524864e-06,-0.00521013219935495,-7.7495476604029e-08,-1.51014741932334e-06,3.20019134150154e-06,-1.22741045949312e-05,9.66318986306782e-07,9.05426980962119e-07,0.000955917709856687,-1.74031392793848e-06,-8.46095047677149e-07,1.33344292734653e-06,-4.67995685043787e-06,1.16065451853617e-07,1.08463143295324e-06,-2.118150434435e-06,-2.09908811939712e-16,6.37313307004935e-09,5.07595802308084e-06,-4.58910106056003e-07,1.78686788343188e-06,3.01957338064565e-07,4.66506456937299e-07,1.08158092237273e-06,-1.5810076239296e-05,5.86287187092915e-06,-4.08011566442769e-16,-4.4653053627933e-06,-7.08579252743505e-06,-1.51747762560991e-07,9.54882899407678e-07,1.13539845579439e-06,-7.64206692296032e-08,-2.91131222424107e-06,7.73985364018826e-07,-4.82921475911339e-06,4.80633132189067e-06,-0.000424170723875331,-1.74593912635727e-06,-9.230874196338e-08,-1.72487808180457e-08,-1.73530929707798e-06,1.37683546363927e-06,-1.87701907740831e-06,9.77318213118848e-17,-7.19565960766471e-06,5.63911657522451e-07,1.62513658330435e-08,1.41795812218729e-07,-3.50061286118265e-06,-7.1581793201076e-06,4.80060584889319e-06,-1.7425920890222e-05,-6.44576850743943e-07,5.00250525118627e-17,-1.17682691513061e-06,-6.13860111824878e-07,-1.47766510252584e-06,5.60330793914444e-16,2.77809869352324e-06,5.31012235485543e-06,-8.10356923254445e-07,-2.28226478951125e-06,-7.63268107553831e-07,-4.10893018681185e-07,-1.48282553009151e-05,5.68756634934527e-07,0.00171532158466808,2.13335980330247e-07,8.3140761384004e-07,1.5918224242761e-06,-2.94370841268171e-17,-6.58805619291049e-07,1.67082805127377e-06,0.00095484681719077,-9.45097936181553e-07,-2.28552324253452e-16,-9.46590917542025e-07,2.317529862807e-07,-4.22577069988371e-07,-0.000156202080984559,-9.46910800762658e-07,1.32467470804171e-06,-1.3211935608671e-05,1.81381761837034e-06,-1.39779751102653e-16,6.52896426111015e-06,-1.6529728689852e-06,4.59179729589978e-06,8.04860814464077e-06,-8.17748267907901e-07,-5.48548422947456e-09,4.47558656802016e-16,1.70546326351176e-16,-5.27724585940127e-09,-8.8964261859136e-07,1.17255532040672e-07,-8.92095215141781e-07,2.65195934842914e-15,-4.22550177270267e-07,-4.98966936129924e-09,3.73807545614016e-16,-7.48144073455216e-18,5.18467464687459e-17,1.07213533451432e-06,3.18699460619841e-06,-0.0017442737057037,2.47881990318605e-06,1.24170784569532e-06,2.60109590946533e-06,-1.49616112861721e-06,-6.41244355033676e-16,-3.29011189135387e-07,9.23893916648718e-07,4.70986429357807e-16,-6.98102954830002e-18,-5.78165965391199e-07,-2.34893103096291e-10,-3.40940218504834e-07,1.39796932318401e-06,3.34929419203445e-07,-9.46052430213977e-08,-6.93149497195932e-16,-3.17948923689056e-07,2.97816186414908e-16,-1.08178686516248e-06,1.22596160653798e-16,-3.7415756358974e-07,3.59815527049179e-16,0.000142166236112578,3.98344269970211e-07,1.25802099194849e-07,1.65161036383948e-06,1.08309559933272e-06,-1.24095004837711e-07,7.85741288789955e-07,2.04986074485851e-07,9.97130582185418e-07,9.17894968895185e-08,2.73295411408312e-07,-7.67420720060314e-07,-9.91463699050645e-07,-8.03252977815839e-08,-3.65508878582973e-07,-9.68561260695522e-17,3.41436296354662e-06,-5.87442588549591e-07,0.000114645582080269,1.71012805333576e-16,3.99222036761388e-08,1.07943458261751e-06,3.85713802374995e-06,1.50252679304773e-16,-1.23711160129122e-06,-4.95758711101845e-07,1.01759613946391e-16,-6.54578836998732e-07,1.92470654087637e-06,-7.80172928378557e-17,-2.23657750192786e-16,-7.05074476882422e-08,-2.85900713842482e-07,-1.62855517473468e-09,-2.25902497048895e-06,5.99742965419578e-07,2.33543462180345e-07,1.69962075780142e-07,0.000189678427131436,-3.50375362361769e-06,6.75891634327463e-16,9.57217715251424e-09,4.97672449202737e-09,1.3738038834159e-08,1.28608017919445e-06,3.89998842921534e-16,-1.08730185482499e-15,4.23261201170132e-07,6.00910802551955e-16,-1.65181477331911e-17,0.000975392684408258,-2.79900993912649e-06,-6.95359204050774e-07,-2.91316151387617e-08,1.8239215260417e-05,3.521905473634e-06,9.90819868187124e-08,4.88475367110064e-16,2.31142810736662e-07,1.07947343997207e-08,4.95319671055065e-08,-6.59687944040684e-07,2.60192861869656e-06,-3.24562918996725e-16,-5.51224976749097e-16,4.50134958714851e-16,-1.71671264411352e-07,-1.08940804603755e-07,-4.79296269626269e-07,-5.08925553784021e-14,-8.34689712149706e-08,1.1024462847731e-17,-1.7716428127528e-16,1.02857892929499e-05,-2.25835393452564e-07,1.80194401067091e-16,-5.55275750310026e-07,-3.79274219332051e-07,-3.65927556936817e-17,9.94491399593146e-05,9.3236242846633e-16,2.28164029924638e-07,1.8211299521303e-15,2.27627538585339e-07,1.97029588444756e-06,9.44164876551812e-08,6.71051130927272e-08,4.60625891820708e-07,-3.04370316795474e-07,6.34029966612464e-07,6.90517322641985e-16,5.50748323622143e-06,-3.10804327392036e-07,1.85614543861296e-17,-4.09372226007601e-08,-6.29998779534888e-07,1.93671974520889e-07,-1.51266265052493e-15,4.68618991243094e-07,8.19865559996052e-07,-2.44240164666829e-15,-1.54715647999067e-06,-3.42163478873268e-07,-2.35710896509582e-08,7.44852526530283e-16,-1.13318312566738e-15,3.17899547236362e-07,9.72820528140702e-08,7.86967551894178e-09,-1.67079345019382e-07,5.74836993369452e-08,2.68849680297784e-16,-1.8343997496444e-15,2.09806314963955e-07,1.44613536301689e-09,-8.82368422163365e-16,5.06805869895044e-07,4.51768522099058e-16,3.46880379843011e-07,-9.68913604633972e-08,-5.66103047189647e-08,-3.75243781991874e-07,-5.33578123167491e-15,-2.60749154133504e-15,-8.73054872891779e-15,-6.17449306142926e-16,-3.9847280861603e-08,-1.38201837827426e-07,-2.05347465884484e-15,4.08654747176226e-15,-2.08572630666525e-15,1.9444542465371e-07,1.74710284803395e-09,-9.61525454332329e-08,-1.19390294067221e-15,7.04622991898329e-16,-3.41388159061373e-15,-3.1124022187134e-06,1.26059252951467e-07,-3.37514037677933e-15,2.20983065847367e-08,-5.77942813382784e-07,1.36713195784301e-15,3.34744507568646e-15,-3.01653795744437e-07,-3.09048584976594e-09,-1.49388539679181e-07,1.12372628141826e-14,1.68016612630062e-07,2.44630371972076e-07,2.62424179525754e-07,-2.39485595554812e-07,-7.61986515813599e-05,1.38345837006087e-08,0.707106781186548,-1.52819372177027e-14,1.25604567762546e-14,2.62884127750908e-07,-2.38014848742257e-07,-6.77918243907535e-08,-5.32929587741585e-08,8.68359789375226e-16,2.11780525473724e-15,5.74530149910815e-15,-1.48778135812191e-16,4.80229142067651e-15,3.3624825511534e-07,1.83812959368765e-15,5.30829768050295e-15,-4.1130026584715e-08,1.10509888760214e-15,-3.68176971144881e-08,3.29900265967519e-15,-4.56442623240138e-08,6.24764596405986e-16,-5.52491527409744e-08,-6.91362764620906e-09,-8.34243775414776e-07,8.65870001251863e-16,2.21846614400842e-07,1.75258666615449e-15,3.1465566833251e-07,-7.3178011116267e-07,3.06092005639007e-09,-2.66087096345368e-15,4.46362323985586e-07,1.72906921260539e-15,-1.09669268813361e-07,-6.19004955707266e-07,2.35200001799852e-18,2.51076823247893e-16,5.912860452333e-17,-5.86067952280427e-16,-2.07740063960027e-09,-2.70498949323474e-08,-6.03959911811232e-09,1.64581565421941e-15,8.73254513199958e-18,-8.44308500090916e-08,6.88706028964883e-07,1.30539676041833e-15,-6.05622020240947e-17,-2.750045663329e-08,8.85392340255313e-17,-1.94869718517039e-07,5.31303128343855e-18,1.83933494079499e-06,-6.74014639536841e-16,-3.20108641556448e-16,3.77065366737568e-16,1.05543060002385e-16,6.15268432469947e-16,1.13369682426837e-15,4.67175496880311e-08,-3.26720844405747e-07,9.75725496252267e-16,-1.63910375124222e-07,6.23448980217941e-07,-3.14314321052428e-16,-6.30934789295784e-16,3.28035659687072e-16,-6.82301828821674e-16,6.14439475543164e-08,9.82561495925095e-09,-3.05076975815498e-16,-1.57091551285264e-16,-1.11567618965175e-07,-3.97979824012982e-07,-7.96957751206745e-09,-1.57864831176636e-16,-3.76365164572003e-16,-4.1326732947279e-17,7.9243359953163e-17,1.0790087960942e-15,-8.70439574988854e-16,2.34958684813374e-07,-2.22215796735972e-07,-4.27259866968752e-08,3.59662895694126e-16,-3.59786795210877e-16,-2.32250542831176e-16,1.68319297476855e-16,4.25612153083834e-16,-2.77014590624536e-16,-9.16272161991127e-17,-4.55405178584074e-16,-8.78387068955743e-16,-2.5086927854431e-16,4.5100927048417e-16,-5.86717344530355e-16,2.21104845956581e-16,-3.42078054651621e-16,3.09564910508856e-08,1.65120337470883e-16,2.6918155884171e-16,-2.09640907170709e-16,4.3808644466576e-07,-3.98892273238641e-09,4.39399068512221e-17,-1.13052983240869e-08,4.00195193401996e-07,-8.06224908259364e-17,3.73341249749334e-16,-5.83191997999863e-07,-5.05692089712172e-16,9.84461951615377e-09,-1.18926019510029e-16,2.56784772926475e-16,-1.3045237620987e-16,2.69683903105202e-16,7.27732415126322e-09,-9.99274103770191e-07,-6.13056675906745e-16,5.2303012685927e-16,-3.40550306431679e-16,1.25819226913297e-15,7.06574555808803e-16,1.73467309635153e-16,3.83492504038289e-16,-2.55173650636299e-17,1.58573758400337e-08,-4.37546820856222e-16,-7.09325615912499e-17,-4.16388262641033e-16,-2.67472487059271e-16,-1.33636178828702e-15,-2.42226961712606e-16,-2.36368898585628e-07,3.56627121434841e-16,-2.76597887671044e-16,1.76207483573534e-07,2.40625645701269e-16,1.16479281975397e-15,-5.42207697463227e-18,-4.71698399083105e-16,1.94034817289993e-07,-2.12258884189222e-16,-1.08267845031271e-07,-8.90004807792101e-17,-2.01550162109246e-16,-1.2525034500131e-16,-5.09335734260588e-17,1.35499321106222e-16,-1.56589726557375e-16,3.90998164106804e-09,2.63331221149808e-16,-2.46425771212937e-16,2.91588930988922e-08,-4.87884941649698e-07,-1.48187364534819e-16,3.41646412176163e-07,5.00326456618642e-08,1.46581016628427e-16,-6.11512021743051e-16,-3.91067601232469e-16,2.03954442603949e-16,-3.88197602834757e-17,-8.38961815839016e-08,2.06472571295649e-16,-3.14467148279119e-16,-1.02168269171636e-16,3.35733599854167e-08,3.17118030406393e-16,-5.35430329291712e-17,3.84797865007683e-16,-8.89173165016827e-17,-1.52875815500066e-08,1.35905297201428e-17,6.08159822655232e-09,-2.24929280521061e-16,-4.32566434385113e-16,1.04192432318494e-15,-4.36589812930794e-16,-7.59465731874961e-19,6.98458893324229e-17,3.05120291033441e-16,-1.05408397415836e-07,-3.29296369003584e-16,-2.45658464102604e-16,4.43036402497754e-08,-4.11881903168155e-16,-1.41915919105192e-16,5.74829565110003e-16,3.77391117989346e-17,1.63006306183817e-16,-2.0266196793723e-17,-2.4268312175988e-07,2.19080339853851e-16,-8.59190218289379e-17,9.55276742491721e-08,-1.12155774414642e-15,2.91557117753476e-16,-3.46668914415458e-16,-2.84126124622967e-16,-2.0709562423214e-16,9.57715331215264e-16,5.67662510028128e-17,-1.3035621690684e-16,2.87398475134609e-17,1.47609005754831e-16,-1.79978327098305e-16,-5.005413018133e-08,1.65957338162101e-07,-1.81177515451106e-16,-1.09150106975168e-16,-2.25766159409583e-16,2.50403619499033e-16,2.64165859326093e-16,-1.96231342226471e-16,-3.60899915593334e-16,-1.83443297627941e-16,-1.08672577009788e-08,3.2028667737842e-17,1.89462563281492e-16,5.68337158075295e-17,3.03487974187714e-16,1.39070456532379e-08,-5.99916221666751e-17,-2.91414136526278e-09,-1.29148756020848e-16,-9.77934138487142e-17,-4.39191617034849e-17,-2.68576922504243e-16,-2.03516333394351e-16,-2.47123674953469e-16,2.77303883678379e-16,-3.21329201681394e-16,1.83474953799717e-16,-3.06360933114777e-16,2.79938662297099e-16,-1.58398498494464e-16,2.08121584217358e-16,2.42525420829544e-16,1.33932431836844e-16,-9.38607466000394e-17,8.66850027549512e-17,2.71885599869337e-16,1.763650954359e-17,-2.94053841313716e-16,-5.72458747072346e-17,3.69746185639657e-17,-1.76126194387386e-16,1.55786816807541e-16,-6.29178515665258e-17,1.04641564351348e-09,-2.26302455397062e-16,-3.35798551902552e-17,3.04000850454079e-16,-1.59300222307104e-16,2.96403119752347e-16,4.31728097113609e-18,4.48970520928024e-16,-1.7595104460446e-16,1.85753005032099e-16,3.33877891544163e-17,5.70073502292878e-16,5.94728890188954e-17,-1.34359290113552e-16,-9.67835038168019e-17,5.66922516825117e-16,4.58614080245607e-16,-1.81098277638364e-17,-1.34513158137211e-08,3.38926681933972e-17,-1.06954670819171e-16,3.62921990317064e-16,1.87948229980077e-16,-1.50379796805359e-16,-1.12634918806834e-17,9.98167098511044e-18,1.06306150981644e-16,-1.42982421161643e-16,2.84664243396791e-09,1.87820517649812e-16,-6.57162945555539e-19,-1.60070998888752e-16,-1.18964639946051e-17,4.18046010164534e-18,3.91705289250443e-16,-6.15758376214628e-17,1.31330656682135e-16,1.63777481617133e-16,3.12292840032815e-16,-1.3374379173123e-16,-3.29789883792431e-17,-1.12827253661651e-16,1.43452630312748e-08,-1.42899485397305e-16,-7.3828347841447e-17,-2.98859509575908e-17,4.90167802180697e-16,-4.31561161616201e-08,-6.96874091424581e-17,2.8667812658677e-16,-1.75310742192174e-16,-2.21683275982071e-16,2.87808952764228e-18,-2.91192335314425e-16,-2.46864513652736e-16,7.12908751981206e-17,4.24909915991513e-17,6.36555826801477e-17,-5.6790838171413e-18,1.48740875757182e-16,3.21825403677037e-18,7.0258409299159e-17,8.28982944047395e-18,2.44020743021433e-16,-3.30382050382835e-16
"t285",-0.00769256001182954,0.022709390546965,0.0259695368082928,-0.00807140469701246,-0.128728004553387,-0.0284240778758738,0.018303726315229,0.000292458205170375,0.000964659286156149,-0.00209241341150401,-0.000560531843793384,0.00330811955543197,-0.00484044401069553,-0.000470647123329183,-0.00326417422684043,-0.000900971723680808,-0.000837377432621463,0.000350917142581646,-0.000310862208815722,0.000225647399417134,-0.000827316729311785,0.000168219035765511,-0.000349406355039939,0.000722612391924836,-0.000113394763617954,0.000261681455955702,-0.000325324920910265,0.000300052220322528,-0.00257002100326838,0.00629831658173738,-1.4802929126293e-05,2.04993148480381e-05,-0.000864814459380229,0.000136834833411526,-1.7023920900029e-05,-1.77018922989372e-05,-8.08592662921543e-05,4.64755303510877e-06,3.66344632285504e-05,9.45480772971146e-06,0.000433371660599944,-4.76324167044643e-05,4.66251093386178e-05,-3.94841114528897e-05,0.000198675828103075,-0.0655607329141051,8.81472968102715e-07,-3.04804835824913e-05,3.31904621428428e-05,-6.72914363100136e-05,6.87201460661909e-05,-4.15204704535236e-05,5.77443029241171e-08,-1.91171010727612e-05,6.08104439500653e-06,-6.2827808595185e-05,1.67205544119744e-06,-9.64870623395935e-05,3.20666386715227e-05,-2.55000355810312e-06,3.09290931737769e-06,-1.22010748633347e-05,0.0114053930380851,0.00157328851746358,-1.47122986643748e-05,3.71667331438123e-05,-6.95256873434729e-07,1.77662305705601e-05,-4.07201290116663e-05,1.06864444227435e-05,2.28631911771561e-06,-1.58271579803566e-05,4.35455813223412e-06,4.81697344192747e-05,-2.07384767631459e-05,-1.5937262502605e-07,0.000201274811249879,-2.56951125304192e-05,0.000142382981448524,0.000205462063827717,-9.23000986996833e-05,-0.00154627354625767,0.000875001164683363,0.229306888713118,6.96552874829384e-05,0.00207841544872304,-0.000262695088185124,-3.33769553835466e-05,-0.0306623568525731,0.00030233146528577,-4.85559054221433e-05,1.06956069679523e-06,5.15595268482986e-05,-0.000510627381587313,-1.46464990666899e-06,-8.07284226691264e-05,-9.46192377199105e-06,4.25624482961329e-05,-0.000339273892689169,-7.57892449193727e-05,-1.37166866323965e-05,1.15721783916843e-06,-1.79989647285854e-05,-5.54270414975082e-06,3.45454179896096e-06,-9.36130913997828e-06,0.000382944598205599,-2.03479078378575e-05,8.82722033181731e-05,-6.16466616596892e-06,-0.000179432318029602,-0.286538880247445,-0.00130471616856172,5.29582722289387e-05,-9.51878510341962e-07,-0.272074853295212,-0.000184813101249101,0.000101775326406014,-8.34340245748621e-05,0.000184605217628179,-0.000126087734227768,0.000142221618554488,-0.000126811697076486,-0.00034756976140132,2.09000577900626e-05,-0.000204097514411027,2.07098744764845e-05,-3.27765384425986e-05,5.81528580038753e-05,0.00191602323615356,6.08908000086248e-06,0.000174357260221336,-3.30743728859748e-05,-4.21190046302769e-05,2.57227283680845e-06,7.05879159290379e-05,-4.42379067967796e-07,-0.00035074020888342,0.000292604674144316,-0.000914157565319097,-0.000142223350460794,-0.0385479443206458,-0.000737519736272798,-3.17027879352143e-05,-1.66361799239337e-05,1.47060904703415e-06,9.06486290547458e-06,8.79818237835595e-07,7.69956083509317e-08,-2.64588509162759e-07,-7.67921689935451e-06,-1.35850755010986e-06,-5.49850852636587e-06,1.17555716651795e-05,-4.17219507768026e-06,-3.69846848176851e-07,5.61004181844033e-06,-7.12157091658048e-05,-1.89667375455421e-06,-6.3228658611695e-07,-6.10903621878521e-05,6.77487925405707e-06,-4.28755191049806e-06,-0.000119873067094988,0.0389842030584727,3.37040334103328e-06,1.248108116059e-05,2.14969542678575e-07,1.07076486371373e-05,1.45202168540855e-05,-3.31721015993432e-05,-5.83980299916367e-06,6.84335337028373e-07,1.32492168186429e-06,4.30383871163795e-06,5.15508505483015e-07,3.82676656401285e-07,-0.00163931731805793,-7.70151851082068e-06,-5.4150780469353e-05,0.000166915606585191,5.72474790178637e-05,-8.49664922910207e-06,-4.41837725621978e-08,-9.54620823908298e-07,-2.96810209523266e-07,-3.28304920961712e-05,7.36720268663289e-06,3.29960258097893e-05,-5.43041295324077e-05,-8.650751416384e-07,1.55220791420465e-06,6.11392697284289e-06,1.42643347137083e-08,1.01895169528263e-06,-1.38627280270614e-06,-2.53281934070745e-06,-2.34845089152183e-06,1.46306266950677e-06,5.67314024901705e-07,5.63022417251281e-07,8.89758492216239e-05,-1.36570363741245e-08,-2.58340356515889e-06,-2.94194232076655e-06,-1.89417042722948e-05,1.68162118172544e-06,1.08649085369486e-05,-8.60648715319404e-06,-2.59324265119782e-08,1.69702967226374e-05,-1.31147108862265e-05,0.000182990973618256,5.08878688834358e-05,5.74066241680535e-06,0.512265386567634,6.31978446435408e-06,2.63740938469406e-06,-3.24975974674622e-06,-1.39247666262035e-05,-7.29167535557571e-05,0.000102032834341664,0.00204890796192753,6.08893849131005e-05,-1.55608191212041e-05,-0.00333485733974277,-6.22654010340467e-05,-5.16119318548727e-06,-7.93488940474747e-06,-6.16821084200715e-06,2.42914786133525e-05,4.93860327458573e-06,2.04678951817191e-06,3.41593343851373e-06,-1.77428000701869e-07,-5.39180994475328e-07,-1.48872425828919e-05,-2.48362933407449e-16,-0.000802076421063794,3.12230245740337e-05,-4.81663948830721e-06,-1.66977226387964e-05,-1.48385845559485e-05,3.33033304173275e-06,-3.32833464472163e-06,2.38275083922902e-05,-2.9737339884956e-07,2.24843260666778e-08,-7.94595493155234e-06,0.000117068019146595,-1.00447853368592e-05,0.0135896467062169,7.33200775016717e-06,1.61896527741528e-07,-1.26000970552989e-08,6.46937939177337e-07,-6.58408098851829e-07,1.03935552065833e-05,1.78544579248032e-06,-3.47003467287641e-07,7.61330071218823e-06,-1.47489348474433e-06,0.000161587498129419,-1.35639174376174e-05,8.11173594801524e-07,-2.75982678208457e-07,6.11292246895285e-08,2.24125264711116e-05,-9.44835482765786e-06,3.42809895816416e-07,1.36785237311241e-07,-2.94770637701391e-07,4.74292302465825e-06,-5.50396601117144e-06,6.51958205540374e-06,-1.67139352834076e-05,1.28959380693486e-05,-9.37103663456694e-07,1.14644098517584e-05,-7.79988737190419e-07,2.26431483345603e-06,3.46419225765202e-17,-5.54939731600087e-06,-1.90008362077066e-07,-3.30320912371929e-10,-2.85321487856586e-06,2.69382017553032e-07,-1.66591730599406e-07,-7.30066868198614e-07,8.36652121900556e-08,-0.000346383154361285,8.48809562970916e-06,3.31651220434919e-07,-2.9507670204846e-07,3.80920754991653e-06,-4.6062691347574e-06,1.94509351086483e-05,-2.25274587257116e-06,4.93265595665404e-06,1.31746002346092e-07,1.32965000351598e-07,5.7713130952804e-06,-0.00521013219935503,-7.74954767179389e-08,-1.51014741949582e-06,3.20019134168816e-06,-1.22741045954916e-05,9.66318986279301e-07,9.05426980526894e-07,0.000955917709856935,-1.7403139284584e-06,-8.46095047521663e-07,1.33344292764978e-06,-4.67995685068983e-06,1.16065452163638e-07,1.08463143277463e-06,-2.11815043448347e-06,-1.64952160718846e-16,6.37313357454277e-09,5.07595802317446e-06,-4.58910105733453e-07,1.78686788329957e-06,3.01957337970223e-07,4.66506456543081e-07,1.08158092223693e-06,-1.58100762394026e-05,5.86287187091794e-06,6.81418376840675e-17,-4.46530536282818e-06,-7.08579252778539e-06,-1.51747763061964e-07,9.54882899018798e-07,1.13539845587812e-06,-7.64206689513772e-08,-2.91131222405729e-06,7.73985364205e-07,-4.82921475898835e-06,4.80633132218974e-06,-0.000424170723874973,-1.7459391259042e-06,-9.23087419391293e-08,-1.72487810193279e-08,-1.73530929717206e-06,1.37683546364056e-06,-1.87701907774407e-06,1.77787286170791e-16,-7.19565960775992e-06,5.63911657759891e-07,1.6251366078889e-08,1.41795812006989e-07,-3.50061286109098e-06,-7.15817932011618e-06,4.80060584914825e-06,-1.74259208901194e-05,-6.44576850670989e-07,6.20830007111784e-18,-1.17682691557006e-06,-6.13860112095013e-07,-1.47766510226132e-06,3.40971238437353e-16,2.77809869346859e-06,5.31012235468905e-06,-8.10356923253074e-07,-2.28226478962012e-06,-7.63268107739246e-07,-4.10893019145453e-07,-1.48282553009641e-05,5.68756634604939e-07,0.00171532158466724,2.13335980138602e-07,8.31407612974816e-07,1.59182242406384e-06,4.63215013683302e-17,-6.58805619125905e-07,1.67082805167952e-06,0.000954846817190977,-9.4509793625179e-07,1.24102751239606e-16,-9.46590917763065e-07,2.31752986387765e-07,-4.22577070096218e-07,-0.00015620208098466,-9.46910800573915e-07,1.32467470863305e-06,-1.32119356087724e-05,1.813817618232e-06,8.46351228274072e-17,6.52896426167057e-06,-1.65297286903784e-06,4.59179729590052e-06,8.04860814443159e-06,-8.17748267789243e-07,-5.48548431771365e-09,-3.76434994286967e-16,-1.28863074130841e-16,-5.27724544299812e-09,-8.89642619185835e-07,1.17255532748544e-07,-8.92095215680905e-07,2.76016658626319e-15,-4.22550177072924e-07,-4.98966898430756e-09,-2.03812758428431e-17,-8.10245429567507e-17,-1.23912054328331e-16,1.07213533414625e-06,3.18699460617672e-06,-0.00174427370570487,2.47881990281924e-06,1.2417078456038e-06,2.60109590953804e-06,-1.49616112890407e-06,-6.65902643138923e-16,-3.29011188920953e-07,9.23893916606112e-07,-2.77410213678871e-16,-5.99833273695032e-17,-5.7816596539796e-07,-2.3489275465481e-10,-3.40940218261383e-07,1.39796932312552e-06,3.34929420273822e-07,-9.46052430641882e-08,2.60162368016262e-16,-3.17948922965632e-07,-1.11050621294327e-16,-1.08178686521106e-06,-7.39615617015299e-16,-3.74157563717992e-07,-2.45711896371846e-16,0.000142166236113876,3.98344269773476e-07,1.25802099055689e-07,1.65161036431153e-06,1.08309559910099e-06,-1.24095004468538e-07,7.85741289008944e-07,2.04986074668726e-07,9.97130582674771e-07,9.17894965242559e-08,2.73295412528178e-07,-7.67420720488337e-07,-9.91463699279532e-07,-8.03252982117985e-08,-3.65508878425295e-07,2.12748162922298e-16,3.41436296262175e-06,-5.87442588720636e-07,0.000114645582079401,4.76007065598436e-16,3.99222038025411e-08,1.07943458197186e-06,3.85713802362989e-06,-1.03674642517766e-16,-1.23711160102171e-06,-4.95758711433845e-07,-6.8313739731855e-17,-6.54578836966164e-07,1.92470654067386e-06,1.33213274843829e-16,4.87157631990797e-16,-7.0507447507083e-08,-2.85900717227627e-07,-1.62855552119594e-09,-2.25902497043979e-06,5.99742965270765e-07,2.33543461569109e-07,1.69962075004684e-07,0.000189678427132388,-3.50375362345356e-06,4.29127219869763e-16,9.57217689166075e-09,4.97672593216978e-09,1.3738038242715e-08,1.28608017954184e-06,-3.77519115718883e-16,1.10601658907961e-15,4.23261201820379e-07,-6.19980248173306e-16,-9.48810989025565e-17,0.000975392684408624,-2.79900993884864e-06,-6.95359204166538e-07,-2.91316157470062e-08,1.82392152610256e-05,3.52190547351312e-06,9.90819861600722e-08,-4.62424729216776e-16,2.31142810660444e-07,1.07947344550435e-08,4.9531967428068e-08,-6.59687944162198e-07,2.60192861975765e-06,6.8924809508764e-16,5.40213036431612e-16,6.37905207673376e-16,-1.71671263105657e-07,-1.08940805082014e-07,-4.79296269594031e-07,-5.04398474364971e-14,-8.34689716982854e-08,-1.96313535792969e-17,2.80900090429288e-16,1.02857892925927e-05,-2.25835393005526e-07,1.83663848019044e-16,-5.5527574956355e-07,-3.79274219746601e-07,2.97903943308694e-16,9.94491399573412e-05,-3.24930221087177e-16,2.28164030593982e-07,-2.15762096406924e-15,2.27627539563267e-07,1.97029588433014e-06,9.44164879484163e-08,6.71051138749117e-08,4.60625891889836e-07,-3.043703157213e-07,6.34029965895481e-07,-5.82042264718265e-16,5.50748323730525e-06,-3.10804327454147e-07,-4.79041082524584e-17,-4.09372233218761e-08,-6.29998779354564e-07,1.93671974656468e-07,1.43532808832653e-15,4.68618990140419e-07,8.19865561163784e-07,2.26022810153835e-15,-1.54715648128441e-06,-3.4216347736765e-07,-2.35710878117667e-08,-7.69821725925594e-16,1.17903667042226e-15,3.17899548244563e-07,9.72820506549691e-08,7.86967768392743e-09,-1.67079345255821e-07,5.7483699645452e-08,-2.13632413387023e-16,1.90978389322268e-15,2.09806314992319e-07,1.44613379456512e-09,1.08001344235692e-15,5.06805869811662e-07,-3.91174547036176e-16,3.46880377078116e-07,-9.68913598155841e-08,-5.66103065546371e-08,-3.75243778226492e-07,3.81345410005317e-15,2.59219374584742e-15,8.3594679168495e-15,4.90824517610385e-16,-3.98472808760542e-08,-1.38201836639519e-07,2.05280746377251e-15,-4.01542557546384e-15,2.05803054424262e-15,1.94445425878665e-07,1.74709214172394e-09,-9.61525448638124e-08,1.15778111632825e-15,-5.5982779176289e-16,3.64172667716156e-15,-3.11240221816096e-06,1.26059249307315e-07,3.40731135348289e-15,2.20983048700234e-08,-5.77942818178839e-07,-9.25031148189678e-16,-3.26402674234533e-15,-3.01653796761122e-07,-3.0904842253374e-09,-1.49388543126464e-07,-1.12702556571583e-14,1.68016617886853e-07,2.44630364737043e-07,2.62424188031084e-07,-2.39485558699111e-07,-7.61986516352236e-05,1.38347132565552e-08,-0.707106781186547,1.52362598400819e-14,-1.2504230913121e-14,2.62884111437197e-07,-2.38014864048283e-07,-6.77918424416806e-08,-5.32929607417299e-08,-5.73995018263707e-16,-2.0816965657051e-15,-5.46623638848365e-15,1.47632537086423e-16,-4.85285418228289e-15,3.3624826309871e-07,-2.11222577497508e-15,-5.37250183230697e-15,-4.11300176992944e-08,-1.16830039103084e-15,-3.6817698844638e-08,-3.49438297970118e-15,-4.56442570002696e-08,-6.17255300774126e-16,-5.52491619325084e-08,-6.91362631430706e-09,-8.34243778568198e-07,-7.52644591034163e-16,2.21846617670412e-07,-1.74491830386863e-15,3.14655654127709e-07,-7.31780117078321e-07,3.06092006936966e-09,2.12360471113104e-15,4.46362322215408e-07,-1.68891870273945e-15,-1.09669267696029e-07,-6.19004955936911e-07,1.37483368653681e-16,-2.40249041493876e-16,2.06379368022732e-16,5.11424327602375e-16,-2.07740028592928e-09,-2.70498960928721e-08,-6.03959739695601e-09,-1.6456109337178e-15,-3.37567155973291e-17,-8.44308503035661e-08,6.88706027741253e-07,-1.29672628876107e-15,1.62113525384723e-16,-2.75004550168943e-08,4.17718665611482e-17,-1.94869716363356e-07,-2.97727410296692e-16,1.83933493969601e-06,6.12408951443995e-16,4.09763944090834e-16,-4.18783110218548e-16,6.12569752697362e-17,-6.1933976399048e-16,-1.21051090297117e-15,4.67175478197324e-08,-3.26720845639638e-07,-8.07051501146216e-16,-1.63910374936131e-07,6.23448980814783e-07,3.53105360541925e-16,6.54712667655989e-16,-3.17020501844388e-16,7.96329814603533e-16,6.14439463960997e-08,9.82561522097525e-09,3.96070135148165e-16,1.32626089020153e-16,-1.1156762136676e-07,-3.97979823659197e-07,-7.96957662604759e-09,2.03822872536627e-16,3.26137696086849e-16,9.09169600105456e-17,-1.64225178400243e-16,-7.62047662048478e-16,8.86297056520434e-16,2.34958685269277e-07,-2.22215797533497e-07,-4.27259866651533e-08,-3.49116902497793e-16,3.91825888459129e-16,1.63032687112867e-16,-1.6524094682853e-16,-4.32186795509409e-16,1.37367470005725e-16,1.27472341722784e-16,4.56158134452451e-16,6.60691056853057e-16,1.96051687006971e-16,-5.1907451356212e-16,5.46788698566874e-16,-1.52286421506119e-16,3.40142393192069e-16,3.09564913941031e-08,-4.54341567187634e-17,-2.44296589358862e-16,2.06874712917346e-16,4.38086444972345e-07,-3.98892375985563e-09,-9.46638054008518e-18,-1.13052986029432e-08,4.00195193411557e-07,8.63964490587362e-17,-1.45139092067858e-16,-5.83191998472368e-07,5.56814739119319e-16,9.84462023469393e-09,1.65797440638962e-16,-1.63489810662098e-16,-8.30784536232674e-17,-3.4394100469076e-17,7.27732315896396e-09,-9.99274102813349e-07,4.93845975525222e-16,-5.49644600749377e-16,2.75089827544545e-16,-1.58173979643416e-15,-7.81547136036176e-16,-1.76653780612521e-16,-2.86491341599543e-16,3.15055921290357e-17,1.58573742654333e-08,4.45043381944788e-16,6.83074939398537e-17,5.14715742718599e-16,3.77925708975728e-16,1.22688389285882e-15,3.10404438130408e-16,-2.36368899145696e-07,-4.89296849306666e-16,2.30631489564567e-16,1.7620748392571e-07,-2.31888433675939e-16,-8.0675114652417e-16,-6.96834829006185e-18,2.91558887069615e-16,1.94034817634485e-07,1.48669711475522e-16,-1.08267844593692e-07,2.29744591887089e-16,1.42207726577656e-16,-2.01740801587888e-16,3.26098579088723e-16,-1.28303896596413e-16,2.6858016131697e-16,3.90998222374645e-09,-3.90754022794488e-16,1.57826736920312e-16,2.91588924595368e-08,-4.87884941447054e-07,9.78265880113644e-17,3.41646412246928e-07,5.0032645646729e-08,-1.22960992908336e-16,1.90228375814398e-16,1.92884133446501e-16,-1.55084952494158e-16,5.49824261993119e-18,-8.38961813536416e-08,-3.99353148255632e-16,1.89165089631133e-16,1.15518209343966e-16,3.35733601802394e-08,-4.07752218375964e-16,2.39630947795651e-16,-3.51824482885348e-16,4.50449395766519e-18,-1.52875820233423e-08,-2.279097620281e-16,6.08159827103807e-09,3.53249487206496e-16,4.95876543786724e-16,-4.20955637842456e-16,3.38913884834117e-16,7.22834085481653e-17,-1.28279734537875e-16,-1.14565168977224e-16,-1.05408397774233e-07,8.22494012368105e-17,4.583528192306e-17,4.43036404410558e-08,4.20753186317493e-16,1.00834863067464e-16,-5.98215352816565e-16,-3.27643329561371e-18,-1.7509789356397e-16,-2.84437878087787e-17,-2.4268312201383e-07,-1.08692586169475e-16,-1.0768107035e-16,9.55276742511168e-08,9.61752777717883e-16,-3.30401671113553e-16,4.51152578632947e-16,1.79759991693421e-16,2.35159273616002e-16,-9.2707163536772e-16,-6.13550294507263e-17,1.23057162646539e-16,-2.44391375751077e-18,-1.3004676202627e-16,1.81746358994911e-16,-5.00541304104456e-08,1.65957337709731e-07,3.63864214240629e-16,1.42444624292582e-16,2.20407893929388e-16,-3.16337496870917e-16,-1.6306400674182e-16,1.94126980362594e-16,3.31824602822056e-16,2.84829563284722e-16,-1.08672583381799e-08,-9.0456937556801e-17,-1.6846289339273e-16,-8.5645436637179e-17,-2.75280826874159e-16,1.39070455719625e-08,6.06078646197278e-17,-2.91414148007967e-09,1.13473338410542e-16,1.2122893571962e-16,1.28236258587984e-16,2.42545992653201e-16,2.02810226620215e-16,3.52430973605037e-16,-2.92319237628918e-16,2.33927918727723e-16,-1.45989502179334e-16,3.26304011944648e-16,-1.89644440787612e-16,1.91246655435284e-16,2.51231217795052e-16,-2.01487297324855e-16,-1.42180802616485e-16,3.3636912309675e-16,-6.10317514172619e-17,-2.87310234736438e-16,-9.43210926379824e-17,2.24612204173215e-16,9.51929507442273e-17,5.52323652251885e-18,3.68873591933433e-18,-2.07339392606413e-16,-5.38565467828666e-17,1.04641536160161e-09,1.55169919380329e-16,1.6645544563332e-16,-2.77613387744935e-16,3.37594906584165e-17,-2.98022921576378e-16,1.2639206920448e-16,-2.75804178784739e-16,8.23575424001979e-17,-1.42006200131768e-16,-1.00100884783782e-16,-3.67273485929465e-16,-2.77795086870916e-17,1.84369822658267e-16,1.20459155559656e-16,-3.55923331939027e-16,-4.52406284841213e-16,-3.25802797748257e-17,-1.3451315213465e-08,6.14785262610382e-17,1.17430602582395e-16,-4.61292836845653e-16,5.63355584743271e-17,1.74146261539398e-16,-1.23480982406569e-17,3.86146877753444e-18,-4.29778990162164e-16,5.15727893354933e-17,2.84664227564723e-09,3.04485723135409e-17,6.69628265491325e-17,6.0472390349464e-17,3.41488843649027e-17,1.99191371803105e-17,-3.11860575521419e-16,1.83525497842387e-17,1.17207736592305e-16,-1.33289724645914e-16,-3.06939241700735e-16,1.54037948884019e-17,3.4565518299484e-17,1.34149707908201e-16,1.43452630423718e-08,1.27573799812634e-16,4.76669108510749e-18,-3.06362855315716e-16,-1.42583427703569e-15,-4.31561162509753e-08,9.61690217724952e-17,-1.07561346543375e-16,9.03746630014545e-17,2.68337837087302e-16,-1.89565801122092e-16,2.53015415707644e-16,4.64002963062638e-16,6.94700763368189e-17,-4.05633057520337e-17,-1.14548402251761e-17,6.55314547325187e-17,2.2024325628591e-17,2.98492043303008e-17,-4.35759737945134e-17,1.3036673389308e-16,-3.93658236869329e-17,6.30583237068715e-17
"t683",0.0294120247573819,-0.00612680497710185,-0.00650366655119744,0.000240397495745005,0.000688564909530967,0.00451569260269004,0.000827946487326691,5.06158011981503e-06,-0.0125614109971284,0.0211370243590824,0.00804348146681189,-0.00479874173214514,0.0109673812972276,0.00250412272565543,0.0849921229015096,-0.00272493381129711,-0.00203598107483812,0.000272564092480369,0.14348363670219,-0.0891607143035585,-0.0012496414848641,0.000213904420996015,-0.0192702687219274,0.000120474353460763,-6.79764989077458e-05,0.00336373401613287,-0.0139787936172812,0.000214117268846378,-0.00259337004078229,0.0123015578558486,0.00113840030259114,-0.0428311427020377,-0.000201960811200585,0.0370101416977113,0.00217230438121436,-0.155931305434467,8.27272636044294e-05,-4.47490538105881e-05,-0.00115348980789309,-0.000120357785561707,2.1505128898582e-05,-0.000528220783245209,9.63445068493025e-06,-0.000545153025272189,2.97168351391826e-05,-9.05231080097891e-06,1.79414575838666e-06,-2.75450181840385e-05,0.00142329913184932,-0.00266284643508382,3.00925099686667e-05,-2.80781982545386e-05,2.3444545466183e-06,-1.0366533903447e-05,0.000228193922773171,-0.000689139475634001,0.000101813294487704,-0.00035786217907227,0.00288264790020918,-7.34426967300913e-06,-1.21605961173867e-05,0.191993128123302,0.000182608741672209,-9.0444082789761e-05,-5.00772969625224e-05,8.08802676764741e-06,-2.30527464204017e-05,0.000235349152700139,-5.78163692575422e-05,0.000266245225829461,-2.34908209523506e-06,6.15468089937808e-06,-2.10450499970181e-05,-1.33172185924322e-05,5.5779329650391e-06,1.64103202085364e-06,-4.75033281954708e-05,6.80098946982903e-06,-0.000674923593836633,-0.000250754923651115,1.41800129166794e-05,0.00108527171692958,-0.000480280436604993,-4.65208804923121e-05,0.000116466376361298,8.93102842038315e-05,-1.32701523489777e-05,-7.89945738591484e-05,-4.51819051003194e-07,1.74822074356235e-05,-0.000143901636645588,9.0848691937373e-08,6.23110440427932e-05,-5.20318248459917e-05,-7.77890220767426e-06,-1.06297821011634e-05,-1.24770782249511e-06,6.13812150898827e-06,-6.61755050290716e-05,-0.000469058464905529,-2.6546874807948e-05,1.7139855032176e-07,-3.49519200111191e-05,-0.343046888483565,-0.000224314078963016,1.03529897585339e-05,-0.00178198018545374,2.070950725333e-06,-0.000791205115445242,6.20818686260065e-07,1.98339689132102e-05,3.25091297238034e-05,-9.89818519642579e-06,7.84019608828167e-06,-6.60159082029798e-06,8.04177901987245e-06,-0.00033407640086649,0.000325932952123654,-0.000120038313146268,4.0234929190141e-05,-2.22833526015111e-05,4.13055003772889e-05,-0.0003282517373153,-0.000621483416226132,2.80278898072525e-06,-5.61810949460132e-05,5.81612268164486e-06,-0.000120126203427835,0.000127270278733951,0.00443581894265309,3.32736340721515e-05,-0.00660620320632158,-3.51892018403734e-06,8.9259222378999e-06,-1.20758418013466e-07,8.21735918865455e-05,-7.41791537097944e-05,-9.43627104075634e-06,0.000283965828274446,-0.000287949043329998,-0.00018700757628774,-2.05432130828372e-05,0.000176560194990807,1.0919203671184e-05,6.29629749945385e-08,-1.38794487067369e-05,-4.52914485758828e-06,7.01231846762947e-05,4.46101958390768e-06,-2.14759042241169e-06,-2.64001633565152e-06,-4.72233024307962e-05,-1.83541011399228e-06,0.000370968483688339,-1.33444690462743e-06,-8.43210694347053e-06,0.000125274561740918,-1.42679540375606e-05,-2.8321233262423e-05,-9.29650228320706e-06,-1.06366106211374e-05,1.54247820743255e-06,-4.10219053476705e-05,-1.48716038313992e-05,9.48637253586253e-06,-6.19940836791543e-06,0.000333335341575347,5.67759919782245e-06,0.000282015847932123,6.87235912816772e-06,-1.19339511176375e-05,-2.09966156787644e-06,2.42521330762551e-07,3.06940218456758e-05,1.50444533013358e-06,3.05022960192298e-06,1.33328860197771e-07,-4.82540074189682e-06,-0.000157147010556851,-2.06756129977215e-05,8.22340540405174e-05,2.12771737354828e-05,-4.36476390290131e-06,-1.70549897000275e-08,-5.07321611572604e-07,-1.59250997069111e-07,-0.000759868848766316,0.000169925547413267,0.000760820915391801,-1.60147352362074e-05,-2.05645025420671e-05,3.75475316218246e-05,3.95441754852971e-05,5.66286923269301e-09,5.49864176909846e-07,-3.65334102376561e-05,-0.000751047187910707,-1.03500130278292e-06,3.88890683746113e-05,1.65383998492676e-05,1.64732858523233e-05,6.62620461498381e-05,-4.75997129706253e-07,-2.49346299063551e-06,-0.000130696864164684,-1.6481737385059e-05,8.90108479497002e-05,1.30342575479434e-05,-0.00490208647183723,-1.16347258144213e-07,-0.00329827052808501,-3.13125765420074e-05,-1.79971595484206e-05,-0.000180033097285789,-1.53363349374122e-07,-1.85420117272885e-06,5.71864344212921e-07,3.67401244155442e-07,-3.41379310123233e-05,-4.5113977209545e-05,-2.08165280303774e-05,2.5599207393191e-05,5.68598331711895e-06,2.4365700333462e-05,-7.50124251272449e-05,-4.31262984604299e-06,-0.00040926729602386,-2.39716706330742e-06,-0.000183664642129589,-0.000150759820494282,1.00733025320469e-05,2.12446590919025e-06,5.43485573839329e-05,2.44740255092289e-05,-5.1200644267063e-06,-2.79179227512838e-07,-0.000129462666492982,2.60116223229211e-16,-1.33061408774118e-06,1.93749139176629e-05,-4.60724434679722e-06,-1.38481356325073e-05,-0.000219758449907179,3.07348844427844e-06,-7.00899056236012e-05,3.51258931699688e-05,-2.54038056562412e-05,2.4168471716049e-06,-2.0312486073414e-05,0.150959784298735,1.36795113437738e-05,-0.00101466427680388,0.00103486082772551,-2.85445393656502e-07,1.36762020237248e-08,-5.1474817697596e-07,2.99632624812205e-07,-4.55750521095864e-06,-2.90057104262509e-05,4.44798104593318e-06,-1.71503617126851e-06,9.78387521422309e-06,-2.73001671398831e-05,1.27838190295711e-06,-2.77038930533364e-06,8.65256826123386e-07,6.95297328942817e-09,5.94569975949715e-05,2.232160868243e-07,1.49054869899009e-06,1.4328107092463e-08,-2.02071244351799e-06,5.75984093219926e-07,-2.51118243261347e-06,4.55648832971604e-06,-9.88025075830957e-06,1.03148091785293e-05,-1.00532708645298e-06,0.000598116846251278,-5.98685354751106e-06,0.407174199288839,-5.6339029346979e-15,0.00884388256080798,1.27328689225523e-05,4.33937809916992e-10,2.46754927520805e-06,-2.74829865753451e-06,1.52434253032796e-06,4.11223413336082e-07,-2.8415249148063e-08,1.23366656335928e-06,-4.62930739113845e-05,-5.3801007613386e-06,8.68932798222929e-08,-7.24142784283897e-05,5.05959675412467e-05,-3.51542028345621e-06,1.51202494651603e-05,-5.15912548242244e-07,-7.41094276537441e-07,-1.37297017535509e-08,-2.01576531368649e-05,1.76864630271852e-06,-7.16650423391124e-09,1.95630684450598e-06,-1.90378266238861e-07,6.49827605616428e-07,-2.41017321406455e-07,-7.16083770861966e-07,-8.85236922080533e-08,2.52773191391833e-08,1.06003643715741e-07,-4.47149663065628e-09,-4.93339104815009e-09,1.57227232674011e-08,3.1288172519321e-07,-1.26780560394051e-06,-2.97438269314885e-16,1.39785987551847e-08,2.23926752654651e-07,-2.26209387055309e-08,4.54833966142839e-06,1.42382395232158e-08,1.21315125154847e-06,2.90923513037251e-06,-1.11416404306045e-06,5.08069394949807e-06,-5.94484889611197e-16,-1.57390509894602e-05,-3.62707029507654e-09,-5.63223249080664e-07,6.70174991765646e-08,1.31025552039996e-06,-3.21875124825645e-07,-1.29673080309643e-05,3.57666473397181e-06,-4.58667944099249e-07,2.56211001896144e-05,-1.03312109839397e-07,-0.000117845684185189,-1.30353728499819e-08,-1.93354263611396e-09,-1.01486397902057e-05,1.56287827133918e-07,-1.13445104558391e-05,-1.38045986788692e-16,-9.16615373886448e-07,7.33588864454751e-08,2.11456791835276e-09,1.97963652200023e-08,-2.53687664345158e-05,-5.74121465401443e-05,7.4683464955785e-07,-2.73526545096422e-06,-1.56848209003293e-06,5.93642495692904e-16,-1.02850334794756e-05,-1.02935087398799e-07,-1.34892830843594e-05,1.49662668144993e-15,7.5412329906872e-06,9.70045041243799e-07,-1.49074309969458e-07,-2.20772484986786e-05,-7.4588437942506e-06,-4.02486519047549e-06,-3.69300346371161e-06,4.19758788893367e-06,8.53961255624159e-07,4.8337654689721e-08,9.73228334936054e-06,3.5535624337237e-07,4.86235644963225e-16,-1.5438513763143e-07,5.80914295125111e-06,2.60239469620719e-06,-1.44849074958881e-05,-1.40971100265641e-16,-4.11586454053514e-07,9.2724384792315e-08,-9.78146965306342e-06,-1.7733190889009e-07,-2.49723473411075e-05,7.87055134892056e-07,-1.44525583116463e-05,0.299310796130314,-2.15853492891005e-15,-0.0119563522540904,-1.35556363662194e-06,-7.8087849604803e-07,-0.000124286125798487,2.1896133808263e-07,8.60287293472553e-08,-9.3119956190435e-15,-5.0984955169359e-16,7.50196855168673e-08,2.11069736131707e-07,-2.73456641564031e-08,9.55910263616977e-06,-6.42732480175868e-15,3.49053609768114e-06,3.70836806539318e-08,-1.32192686106121e-16,1.26118812373215e-16,-6.74827515240591e-16,-6.09667596897252e-06,-4.54981446685203e-07,5.43446445188511e-07,-0.00272130005287226,5.98160079775177e-06,-7.6927396744942e-08,3.72254001569962e-08,4.17453169000513e-16,9.99425888239116e-09,-2.57748250134031e-08,6.64773241545848e-16,-1.0479720571791e-15,9.44551788536968e-09,1.64204202332638e-10,3.43929395192015e-09,-5.60015611791018e-07,-1.22115726953909e-09,1.45691724093325e-08,-2.14560221020784e-16,1.00447005218882e-08,3.66964193440995e-16,-1.73162959017378e-08,-1.51571463713474e-16,-7.63760526557074e-10,-2.17514550717619e-16,6.39244502468094e-09,1.85229989411729e-09,6.36871447851886e-08,2.67962851262813e-07,1.23024597847206e-08,-1.64129925438105e-09,1.16149491750282e-08,5.08897033966952e-09,9.30827502443883e-07,4.34180614658813e-06,5.74188427635181e-09,-1.78837809886393e-08,-1.27384640341751e-06,-1.08887718213078e-07,-9.93490362893613e-09,1.01048344595085e-16,9.96819236013159e-08,-1.82371246347531e-08,1.0844984894278e-08,2.60450238869384e-16,7.57200971413972e-08,6.23577218437341e-07,2.03451587577702e-07,-2.04814503358152e-16,-4.97701451260136e-08,-1.0550228196282e-06,-2.36086650963141e-16,-3.68197106552729e-08,8.97415375591036e-08,5.63440170353339e-17,-1.96427829358032e-17,-3.39667046736872e-09,-7.01125923222246e-07,-4.04294251163845e-09,-5.68642587185918e-06,4.51107850143806e-07,1.19198032896206e-08,4.43138223414575e-07,1.10503193972572e-07,-2.83939725949559e-06,-6.63965410430123e-16,5.29012088690997e-10,1.40507322153931e-08,3.89666231958538e-08,3.66919716760011e-06,-1.64095331693501e-16,1.42157372987986e-16,1.21713906578859e-06,-4.22293451997349e-17,-6.44537262559345e-16,1.58007830081508e-07,-2.34355034616929e-07,-4.38836382900623e-08,-9.09151546535341e-08,1.14545533765911e-06,2.99366660859346e-07,3.20221621819041e-07,-1.83724372685902e-16,7.59428573947063e-07,3.56799234995998e-08,1.64044242063103e-07,-4.34858651551218e-08,1.74721236820798e-07,3.34512492755327e-16,1.253391970861e-16,-2.10905444458892e-16,-5.99141895897255e-07,-7.58709365490029e-09,-4.92199670017301e-07,-4.64683020586078e-17,-5.87350589018249e-09,-5.3790677178787e-17,-1.64244760406977e-16,9.99347658827564e-07,-2.50346349559662e-07,1.87350135405495e-16,-2.39648404199316e-05,-2.81153232741001e-08,4.64165029308947e-16,6.43198830135786e-08,5.17369045379007e-16,8.78544598934621e-07,-2.58466022037216e-17,8.77150680237153e-07,1.99017979588542e-07,7.21228010284548e-09,2.5953896395776e-07,1.78648535119704e-06,-2.36124022274901e-08,7.34929522856527e-07,-8.78494889585066e-17,4.41710342808055e-07,-2.49746123999321e-08,-1.2240779602688e-16,-3.29783138313471e-09,-6.74862873026009e-08,1.57386301101867e-08,-5.48547271386398e-17,5.11685399768752e-08,6.79155802318579e-08,4.4081058021029e-17,-1.90409167525675e-06,-6.56703972320518e-05,-1.95934700814795e-09,8.73596555751765e-17,6.61582351250376e-18,3.55523254988972e-08,4.16690321183999e-07,3.37479035925943e-08,-1.45797525486057e-08,2.53387608232728e-07,3.92315857518514e-16,1.21953317295303e-16,9.27170458832167e-07,6.39276244845872e-09,6.47660435163525e-17,2.24986751756151e-06,-1.80055683676527e-16,3.07329003459327e-08,-4.34233598506709e-07,-2.53805337917266e-07,-1.68489472570309e-06,1.17285013939137e-17,-2.17594526843738e-16,-1.27917844963919e-16,3.86118295592275e-17,-3.60730023974801e-09,-1.25251236624943e-08,2.53953467234868e-16,1.31996731560724e-16,-1.80218180980229e-16,1.76931551707863e-08,1.59247103742373e-10,-8.80497660986989e-09,-1.11807763802589e-16,-1.34766330039948e-16,1.88868018446975e-16,-3.82959442743405e-07,1.17240787896486e-08,-7.43395802053505e-17,2.06780074035304e-09,-5.42059486967138e-08,-3.87138290680345e-16,4.2900533226127e-17,-1.42724121239602e-06,-3.85585654668395e-10,-7.0920625781625e-07,5.22666214705598e-16,2.11461651049301e-08,3.42119012276209e-07,3.6835224618077e-07,-1.15352438894264e-06,-8.20604478835088e-08,1.33898525490378e-09,2.76720126586873e-16,5.77646352774858e-16,-1.76155633943076e-16,2.5794055742393e-08,-2.33590000294234e-08,-3.33793625925628e-07,-6.99545939750353e-09,7.39046194147669e-16,-9.84830882597305e-17,4.42857342117986e-16,3.51418704929233e-16,-3.57274877480426e-16,3.36704612465451e-08,5.40092149480626e-17,-1.50191603694138e-16,-2.06769296552737e-07,2.39471516326076e-16,-1.85123681521301e-07,-2.93274367022884e-16,-2.29574246615149e-07,3.52944634134383e-16,-2.79502370883951e-07,-3.50234665649303e-08,-8.47071574984423e-08,-4.5468030587791e-16,1.12909512132231e-06,6.0099162517668e-17,4.71569387151121e-07,-7.55121464425835e-08,4.18015175868438e-10,-5.51333807944982e-16,3.7904644410761e-06,-5.56863659140289e-17,-1.66816251272635e-07,-8.51740255195503e-08,-4.81500656929211e-17,5.82428779502579e-17,-4.05170043728204e-16,-1.40422368590244e-16,-1.08299967494144e-08,-1.41152257775241e-07,-3.1550772399961e-08,3.01989443690378e-16,3.7395440323582e-16,-8.88488423489668e-09,7.24922244836612e-08,4.55119424821255e-16,1.84756879599198e-16,-2.38715460364459e-07,-1.71375379110929e-16,-1.0315898998644e-06,4.61830273793449e-16,2.59321584508674e-07,-1.15999187432815e-16,-6.46591490309209e-16,-2.55337718630268e-16,-1.40484870091843e-16,5.10994026181385e-18,1.61370418630098e-16,5.02129510777606e-09,-3.51205137529361e-08,-1.8296907445506e-17,-2.33786191573186e-08,9.83318629123975e-07,-2.75133040985929e-16,-3.33446564476046e-16,1.53008999866686e-15,-1.70873839654164e-17,3.32201005818972e-07,5.31876993876357e-08,-1.36252270165553e-15,-1.42950418715646e-17,-1.77362871201443e-07,-5.72997204557448e-08,-8.68028468130968e-10,-2.1417621813569e-17,3.65965282085253e-16,-1.06087751882849e-16,-3.38230960218955e-16,2.89117850420841e-16,-2.79086312126101e-16,1.31239297122589e-06,-0.000293754208540355,-2.28282360222289e-07,-4.71564117450915e-16,-6.47290593939673e-17,3.91282584565136e-17,-4.35913403409676e-16,1.89761563342859e-17,1.98487780810083e-16,-4.90828094196177e-16,-1.60553545738191e-16,7.45522192907977e-16,7.66685245048298e-17,1.06639898267302e-17,9.30537992686106e-16,-2.22795942887579e-16,-6.91314435743102e-16,3.44361815359815e-09,7.23940569161038e-18,3.25620946720951e-16,-6.61715354487503e-17,4.88267829651349e-08,-2.21169529407318e-08,1.39171416189814e-15,-1.26092316083143e-09,4.47379684235747e-08,1.68575441685037e-16,1.29342525427965e-14,-8.64747577082784e-08,9.1483521806862e-17,1.10736013545479e-09,-3.48249375464634e-16,-7.05968431344063e-17,-3.35849494231057e-18,-3.93539956636201e-16,4.08756218430023e-08,-1.49497404224099e-07,-1.60563014638614e-16,-3.11161084929107e-16,5.86894588025037e-17,-2.07202409937961e-16,-6.13224748757801e-16,-4.62688796344034e-16,-1.04650712781866e-15,2.50738379566108e-16,1.82537223174359e-09,1.33170150413761e-16,-4.73265087650574e-16,6.75992467088829e-16,-5.10810827132257e-16,-4.42620286544489e-17,-1.13341852798861e-17,-3.98050023017211e-07,-8.16527820107053e-17,7.05601756339147e-16,2.6941826099751e-08,-8.39165272959649e-16,2.73973128929186e-15,4.85513260018742e-16,1.66437347119146e-15,2.26086971588435e-08,-6.14864914245899e-17,-6.26193831673351e-07,-1.01456575721252e-15,-7.14088607417165e-16,-9.53601343385454e-16,-3.28578818613225e-15,-4.04752582082452e-16,5.31636504018831e-16,2.26729479139889e-08,-4.42010681009698e-16,1.43099496678005e-15,3.42869855960837e-09,-2.83496621231488e-06,-1.74798608961076e-16,5.84561510477701e-07,2.91393880765347e-07,1.59413079913229e-16,-1.06608573010974e-15,3.19069639327793e-15,2.45971576202413e-16,8.29083575170622e-16,-4.92387974419983e-07,-1.7177300230854e-15,-2.22933028991404e-15,-3.90300432404046e-16,1.97430239677882e-07,-5.18591966442832e-15,2.87207292357578e-15,2.35968605373098e-15,9.68707949283839e-16,-9.01321239233726e-08,-2.61969552622119e-16,7.2502037888133e-10,1.81194591678859e-15,-2.8770190467314e-15,7.11136463128847e-15,-3.65015042221131e-17,-4.72707156608014e-15,6.73129411258635e-16,-2.65423268092629e-15,-1.26233872673939e-08,9.51107633480004e-15,-1.46301615515056e-15,5.31158910767382e-09,9.74400967520624e-15,2.18024371302111e-15,-8.73417975180822e-15,-6.72820129106445e-15,2.26170209538797e-14,2.20154059411096e-14,-3.86098322123267e-08,3.64799560532264e-14,-0.707106781186549,1.15108454832241e-08,1.10966375105274e-13,-4.98669108612138e-14,1.44101994491711e-14,6.14172459927531e-15,1.39238650866561e-14,5.28386026203197e-14,8.75364221677412e-16,1.70429036137676e-15,-1.6666654893635e-15,1.66613710299289e-15,1.20582260058814e-15,-6.06573769432138e-09,2.0124923887705e-08,-1.95023482689293e-15,2.27548375340901e-15,-1.51520543588283e-15,2.04900297241197e-15,-9.88532172785384e-15,-4.44954168242397e-15,-1.26780522352282e-15,1.71375413028054e-16,-1.92352622886338e-08,-2.13445018475201e-16,-1.44527472626233e-15,-6.20880201523526e-16,-2.42887945160153e-16,2.24454210350063e-09,3.28062476450121e-16,-3.56871487722401e-10,2.79233234429556e-15,-2.72562839433553e-16,1.37900863962672e-15,-2.4782180021426e-15,9.24306897352684e-16,-4.32652093921422e-16,-6.65268233822024e-16,1.87849996970391e-15,-1.12993767138255e-15,6.19161142595469e-16,1.68120058088614e-15,5.84049346347282e-16,-3.89153265368849e-16,-1.26009406630549e-16,-1.91066750636679e-16,-7.99570503403916e-16,-3.32215589421978e-16,-3.42257079954827e-16,1.21294078916442e-17,-1.89203718019727e-16,-4.67074295906755e-16,-8.69147477549656e-17,2.5637872972423e-15,-7.5806047939099e-16,8.34418272002214e-17,6.39884313571809e-09,-4.42970568663803e-16,3.49586113952549e-16,5.77768369115242e-16,3.35667224984914e-16,-4.77561504971816e-16,2.6372170952147e-16,8.6731425870812e-16,-8.36511798330013e-16,2.35076243329416e-16,-6.98553439307736e-17,-6.67001176513082e-16,-2.54901769052302e-16,2.02439870580872e-16,-3.10829978094594e-17,1.03199963274244e-15,-4.74906122778486e-16,-7.91897744715126e-16,-8.28524884091279e-08,-4.63205866768245e-16,4.21724426922709e-16,4.3575767071071e-16,-8.6196498516666e-16,-1.4114695705544e-16,2.86329364905837e-16,1.98813998027745e-16,-3.55442647517475e-17,-1.34952239956141e-16,5.20585230428383e-09,-1.0615173152178e-16,1.52789107220859e-16,-1.65005433593748e-16,-8.40439579589275e-17,4.30279749068547e-16,-5.32569083509117e-17,2.61692363926581e-16,-2.26719703812907e-16,4.15227029783303e-16,-5.08722560751459e-17,-2.67855381258233e-16,5.58145056099363e-16,-1.10979754745975e-16,8.96461753481774e-08,-2.61984409034575e-16,-2.31097918753215e-16,-3.88407232603788e-16,-3.41740524767431e-16,-7.26832978451015e-09,8.40221638317175e-17,3.65267190721696e-17,2.29934534023654e-17,-1.23644202350748e-16,-1.81956860456096e-16,3.61191984383045e-16,-4.87934119856504e-16,-2.61426592728158e-17,-2.24077864523345e-16,-2.47283888470028e-16,8.69039527936614e-17,-5.15911807886065e-17,1.9624930917547e-17,6.41718625917145e-18,-2.30992439638545e-17,2.27263323705539e-16,-4.88472419354232e-16
"t684",0.0294120247573819,-0.00612680497710183,-0.0065036665511975,0.000240397495745026,0.000688564909530942,0.00451569260269004,0.000827946487326709,5.06158011982506e-06,-0.0125614109971285,0.0211370243590824,0.00804348146681191,-0.00479874173214515,0.0109673812972277,0.00250412272565543,0.0849921229015097,-0.0027249338112971,-0.00203598107483812,0.000272564092480363,0.14348363670219,-0.0891607143035587,-0.0012496414848641,0.000213904420996011,-0.0192702687219274,0.000120474353460721,-6.79764989077276e-05,0.0033637340161329,-0.0139787936172812,0.00021411726884637,-0.00259337004078232,0.0123015578558486,0.00113840030259114,-0.0428311427020378,-0.000201960811200587,0.0370101416977114,0.00217230438121438,-0.155931305434467,8.27272636044205e-05,-4.47490538105971e-05,-0.00115348980789322,-0.000120357785561757,2.15051288985535e-05,-0.000528220783245256,9.6344506848858e-06,-0.000545153025272184,2.97168351391531e-05,-9.05231080104282e-06,1.79414575838754e-06,-2.75450181840479e-05,0.00142329913184927,-0.00266284643508388,3.00925099686754e-05,-2.80781982545033e-05,2.34445454651401e-06,-1.03665339034401e-05,0.000228193922773199,-0.00068913947563416,0.000101813294487723,-0.000357862179072237,0.00288264790020918,-7.34426967299721e-06,-1.21605961174358e-05,0.191993128123302,0.000182608741672429,-9.04440827897343e-05,-5.00772969623635e-05,8.0880267677787e-06,-2.30527464204758e-05,0.000235349152700037,-5.78163692575605e-05,0.000266245225829313,-2.34908209519166e-06,6.15468089943186e-06,-2.10450499970404e-05,-1.33172185924967e-05,5.57793296508244e-06,1.6410320208716e-06,-4.75033281954976e-05,6.80098946980487e-06,-0.000674923593836564,-0.000250754923651076,1.41800129166901e-05,0.0010852717169296,-0.000480280436604947,-4.6520880492145e-05,0.00011646637636125,8.93102842038558e-05,-1.32701523489829e-05,-7.89945738591345e-05,-4.51819050924251e-07,1.74822074354777e-05,-0.000143901636645468,9.08486922288065e-08,6.23110440428772e-05,-5.20318248459881e-05,-7.77890220746838e-06,-1.06297821011551e-05,-1.24770782288715e-06,6.13812150904066e-06,-6.61755050290793e-05,-0.000469058464905539,-2.65468748077637e-05,1.71398550266372e-07,-3.49519200112644e-05,-0.343046888483566,-0.00022431407896301,1.03529897587796e-05,-0.00178198018545379,2.07095072536696e-06,-0.000791205115445195,6.20818686232743e-07,1.98339689132477e-05,3.25091297239279e-05,-9.89818519665946e-06,7.84019608819391e-06,-6.60159082020671e-06,8.04177901972001e-06,-0.000334076400866685,0.000325932952123441,-0.000120038313146607,4.02349291903218e-05,-2.22833526014842e-05,4.13055003770307e-05,-0.000328251737315263,-0.000621483416226043,2.80278898075973e-06,-5.61810949460595e-05,5.81612268150261e-06,-0.000120126203427715,0.000127270278733959,0.00443581894265327,3.32736340721777e-05,-0.0066062032063215,-3.51892018394165e-06,8.92592223789164e-06,-1.20758417976856e-07,8.21735918866402e-05,-7.41791537098571e-05,-9.43627104072265e-06,0.000283965828274477,-0.000287949043329957,-0.000187007576287739,-2.05432130829541e-05,0.000176560194990721,1.09192036711434e-05,6.29629749355511e-08,-1.38794487067509e-05,-4.52914485755482e-06,7.0123184676244e-05,4.46101958376625e-06,-2.14759042233968e-06,-2.64001633565325e-06,-4.72233024307991e-05,-1.83541011404418e-06,0.000370968483688322,-1.33444690428257e-06,-8.43210694351536e-06,0.000125274561740876,-1.42679540373839e-05,-2.83212332624271e-05,-9.29650228315496e-06,-1.06366106214927e-05,1.54247820750404e-06,-4.10219053477214e-05,-1.4871603831533e-05,9.48637253598044e-06,-6.19940836813056e-06,0.000333335341575312,5.67759919792568e-06,0.000282015847932123,6.87235912806527e-06,-1.19339511175895e-05,-2.09966156796678e-06,2.42521331231713e-07,3.06940218457265e-05,1.50444533009729e-06,3.05022960193355e-06,1.33328860159719e-07,-4.82540074157448e-06,-0.000157147010556847,-2.06756129978564e-05,8.22340540405415e-05,2.12771737355368e-05,-4.36476390290095e-06,-1.70549896724732e-08,-5.0732161162732e-07,-1.59250997035858e-07,-0.000759868848766442,0.000169925547413353,0.00076082091539189,-1.60147352360468e-05,-2.05645025420322e-05,3.75475316218605e-05,3.95441754852415e-05,5.66286920203474e-09,5.49864176858692e-07,-3.65334102376334e-05,-0.000751047187910808,-1.0350013028515e-06,3.88890683746024e-05,1.65383998493521e-05,1.64732858523509e-05,6.62620461496077e-05,-4.7599712955835e-07,-2.49346299075373e-06,-0.000130696864164505,-1.64817373850912e-05,8.90108479497266e-05,1.30342575480683e-05,-0.00490208647183718,-1.16347258084019e-07,-0.00329827052808492,-3.13125765418812e-05,-1.79971595485206e-05,-0.000180033097285903,-1.53363349949872e-07,-1.85420117266825e-06,5.71864344367685e-07,3.67401244205306e-07,-3.41379310123801e-05,-4.51139772096174e-05,-2.08165280302575e-05,2.55992073933332e-05,5.68598331704075e-06,2.43657003333736e-05,-7.50124251271949e-05,-4.31262984629077e-06,-0.00040926729602376,-2.39716706329242e-06,-0.000183664642129622,-0.000150759820494243,1.0073302532235e-05,2.1244659092082e-06,5.43485573839936e-05,2.44740255091965e-05,-5.1200644267306e-06,-2.79179227235257e-07,-0.000129462666492837,9.95711002829329e-17,-1.33061408777222e-06,1.9374913917708e-05,-4.60724434685589e-06,-1.38481356324498e-05,-0.000219758449907194,3.0734884439671e-06,-7.00899056236894e-05,3.51258931709619e-05,-2.54038056562328e-05,2.41684717163863e-06,-2.03124860733794e-05,0.150959784298735,1.3679511343733e-05,-0.00101466427680407,0.00103486082772561,-2.85445393515325e-07,1.36762018754059e-08,-5.14748177063728e-07,2.99632624750509e-07,-4.55750521113331e-06,-2.90057104262209e-05,4.44798104598511e-06,-1.71503617130002e-06,9.78387521414475e-06,-2.73001671399193e-05,1.27838190302046e-06,-2.77038930542081e-06,8.65256826096708e-07,6.95297348802791e-09,5.94569975951462e-05,2.23216086688853e-07,1.49054869922063e-06,1.43281069590743e-08,-2.020712443648e-06,5.75984093084804e-07,-2.51118243304801e-06,4.55648832981049e-06,-9.8802507583159e-06,1.03148091783395e-05,-1.00532708645528e-06,0.000598116846251262,-5.98685354756931e-06,0.407174199288839,-5.45014082371677e-15,0.00884388256080793,1.27328689223575e-05,4.33937810010881e-10,2.46754927523181e-06,-2.74829865743947e-06,1.52434253037451e-06,4.11223413482443e-07,-2.84152492995838e-08,1.23366656354494e-06,-4.62930739113507e-05,-5.38010076152286e-06,8.68932798854696e-08,-7.24142784282601e-05,5.05959675414211e-05,-3.51542028339181e-06,1.51202494652102e-05,-5.1591254830903e-07,-7.410942763937e-07,-1.37297018246827e-08,-2.01576531367763e-05,1.76864630271857e-06,-7.16650433629772e-09,1.95630684453343e-06,-1.90378266328445e-07,6.49827605557161e-07,-2.41017321438806e-07,-7.16083770928844e-07,-8.85236921324026e-08,2.52773188240836e-08,1.06003643526325e-07,-4.47149658445243e-09,-4.93339078005212e-09,1.57227236280304e-08,3.12881725287509e-07,-1.26780560398108e-06,-1.71838558418937e-16,1.39785989261634e-08,2.23926753095238e-07,-2.26209385979781e-08,4.54833966132235e-06,1.42382396110651e-08,1.21315125141991e-06,2.90923513037943e-06,-1.11416404287352e-06,5.08069394945003e-06,-3.8711644050784e-16,-1.573905098924e-05,-3.62707096231789e-09,-5.63223249272734e-07,6.70174990388526e-08,1.31025552061349e-06,-3.21875124911746e-07,-1.29673080307415e-05,3.5766647343309e-06,-4.58667943934589e-07,2.56211001895815e-05,-1.03312109751499e-07,-0.000117845684185811,-1.30353730079048e-08,-1.93354289437092e-09,-1.0148639790315e-05,1.56287827045677e-07,-1.13445104558286e-05,1.76071590904225e-17,-9.16615374090001e-07,7.33588863734841e-08,2.11456784721051e-09,1.97963649267412e-08,-2.53687664342831e-05,-5.74121465401133e-05,7.46834649618648e-07,-2.73526545066818e-06,-1.56848209000491e-06,6.74513331642188e-16,-1.02850334795374e-05,-1.02935087258394e-07,-1.34892830843363e-05,1.57366719470021e-15,7.54123299066209e-06,9.70045041205747e-07,-1.49074310118995e-07,-2.20772484989018e-05,-7.45884379435642e-06,-4.02486519060758e-06,-3.69300346371131e-06,4.19758788867761e-06,8.53961255011548e-07,4.83376546395059e-08,9.73228334917436e-06,3.55356243381545e-07,4.49487753537046e-16,-1.54385137290868e-07,5.809142951337e-06,2.60239469687935e-06,-1.44849074961034e-05,-2.91341238243939e-16,-4.11586453763341e-07,9.27243844596817e-08,-9.78146965309636e-06,-1.77331908784853e-07,-2.49723473409762e-05,7.87055135365984e-07,-1.44525583116599e-05,0.299310796130312,-2.3115287447881e-15,-0.0119563522540915,-1.35556363671822e-06,-7.80878495916056e-07,-0.000124286125798685,2.18961338021153e-07,8.60287295769892e-08,-9.97812943381859e-15,-3.60604807023074e-16,7.50196856673132e-08,2.11069735896543e-07,-2.73456646126058e-08,9.55910263632555e-06,-6.66435439809699e-15,3.49053609742106e-06,3.7083680817383e-08,3.98967014302501e-16,8.43399122278389e-17,-5.74416197938898e-16,-6.09667596922839e-06,-4.54981446851542e-07,5.43446445435816e-07,-0.00272130005287307,5.9816007974891e-06,-7.69273970666242e-08,3.72254001398168e-08,2.64784612162087e-16,9.9942586548608e-09,-2.57748253003494e-08,1.01289334124161e-15,-6.87223206551474e-16,9.44551788467109e-09,1.64204310906967e-10,3.4392938137064e-09,-5.6001561150769e-07,-1.22115668844463e-09,1.45691725941633e-08,-5.44374521890887e-16,1.00447005431788e-08,6.66291909098905e-16,-1.73162958349919e-08,-1.99926880606327e-16,-7.63760507075317e-10,2.72453878490781e-16,6.39244500119812e-09,1.85229999711033e-09,6.36871446907631e-08,2.67962851205559e-07,1.23024597219737e-08,-1.64129829942742e-09,1.16149494245921e-08,5.08897024746919e-09,9.30827502271239e-07,4.34180614665162e-06,5.74188456260744e-09,-1.78837809501648e-08,-1.27384640381464e-06,-1.08887718054393e-07,-9.93490376037786e-09,2.01379702276235e-16,9.96819231640075e-08,-1.82371246995384e-08,1.08449854800874e-08,1.04499396387587e-16,7.57200970490499e-08,6.23577218596087e-07,2.03451587522957e-07,1.84467421356373e-17,-4.97701450809466e-08,-1.05502281946939e-06,2.8629348707582e-17,-3.68197108993854e-08,8.97415347709371e-08,-3.32718726400577e-16,2.71939524953477e-16,-3.3966704707648e-09,-7.01125923348922e-07,-4.04294222010825e-09,-5.68642587230703e-06,4.51107850218952e-07,1.19198030851624e-08,4.43138223130877e-07,1.1050319352614e-07,-2.83939725975411e-06,-2.25947732745979e-16,5.29011760939388e-10,1.40507324905214e-08,3.89666233186509e-08,3.66919716772236e-06,-1.41457551407823e-16,-2.10998767269048e-16,1.21713906563776e-06,2.45331035363548e-16,-3.49544090222221e-16,1.58007830312282e-07,-2.34355034872329e-07,-4.38836381539047e-08,-9.0915154681027e-08,1.14545533752557e-06,2.99366660987788e-07,3.20221621555517e-07,8.57749600875013e-17,7.59428574092246e-07,3.56799237079936e-08,1.64044242188237e-07,-4.34858651243384e-08,1.7472123647936e-07,-3.88662886068982e-18,-2.41901163141332e-16,1.05247272894902e-16,-5.99141895816434e-07,-7.5870935897408e-09,-4.92199669974604e-07,6.83114876586982e-17,-5.87350588694615e-09,5.7882146587217e-17,-1.24304621972136e-17,9.99347658823367e-07,-2.50346349820698e-07,2.51534904016637e-16,-2.39648404196756e-05,-2.81153233906052e-08,-1.66921950240488e-16,6.43198834070833e-08,1.86070961751239e-16,8.78544598923182e-07,-3.82338149776025e-17,8.77150680326434e-07,1.99017979785617e-07,7.21228037107055e-09,2.59538964062004e-07,1.78648535140896e-06,-2.36124019638122e-08,7.34929522794531e-07,-2.7928606810482e-16,4.41710342656716e-07,-2.49746125223392e-08,-2.56311388077518e-18,-3.29783117796851e-09,-6.74862869771101e-08,1.57386299808448e-08,-1.3132629915353e-16,5.11685399386234e-08,6.79155809805014e-08,2.15015551246991e-16,-1.90409167528338e-06,-6.56703972322852e-05,-1.95934659930722e-09,-1.65980815446643e-16,-2.1833196030392e-17,3.55523255811578e-08,4.16690321573772e-07,3.37479029711193e-08,-1.45797526141869e-08,2.5338760858223e-07,-3.75049044003061e-16,1.32746036104389e-16,9.27170458778294e-07,6.39276268139543e-09,-3.00233143782083e-17,2.24986751710949e-06,9.4425662190806e-17,3.07329004876523e-08,-4.34233598009838e-07,-2.5380533794996e-07,-1.68489472557325e-06,-1.42246709811318e-16,2.700272290679e-17,-1.56260130285452e-16,1.81015817145442e-16,-3.607300584416e-09,-1.25251242627926e-08,4.52287860672718e-16,-3.82100980759674e-16,1.83104581990375e-16,1.76931551713154e-08,1.59247036177978e-10,-8.8049766754305e-09,1.90893431514886e-16,-2.50233861409654e-16,-1.05644659686988e-15,-3.82959443014349e-07,1.17240793325565e-08,2.48326907835425e-16,2.06780017414246e-09,-5.42059482121313e-08,1.95758384569324e-16,1.31586123508436e-16,-1.42724121228374e-06,-3.85585131487989e-10,-7.09206257484067e-07,4.84586773253489e-16,2.11461652931036e-08,3.42119012665602e-07,3.68352246129427e-07,-1.15352438932698e-06,-8.20604470747554e-08,1.33898556930915e-09,-1.96311869615033e-16,-4.94572124342032e-16,3.77979639073359e-17,2.57940573420681e-08,-2.33590005380843e-08,-3.33793625611788e-07,-6.99545891580651e-09,-3.85403595859574e-16,2.86419004993027e-16,-5.41224361984174e-16,-3.35699504221026e-16,-2.10297561389934e-16,3.36704612183433e-08,-7.41845229577395e-18,4.92025271757103e-18,-2.06769296009337e-07,-1.36223183227444e-16,-1.85123681517491e-07,3.76883260912074e-16,-2.29574246345856e-07,-1.82771719222472e-16,-2.79502371327127e-07,-3.50234662907754e-08,-8.47071578369486e-08,2.98061877257339e-16,1.12909512120667e-06,-1.43959889795553e-16,4.71569386416445e-07,-7.55121460926323e-08,4.1801493804506e-10,2.68260766794828e-16,3.79046444052581e-06,1.38376145044167e-16,-1.66816251321606e-07,-8.51740251980373e-08,9.21893463818329e-17,7.68868538649685e-17,5.1503147826933e-16,3.7799233416499e-16,-1.08299962718801e-08,-1.4115225771585e-07,-3.15507726693005e-08,-3.39124546697233e-16,-3.37124669925051e-16,-8.8848837425249e-09,7.24922252625521e-08,-3.31137600548067e-16,-1.57839879529652e-16,-2.38715459130935e-07,2.46393586178497e-16,-1.03158990001045e-06,-3.9517925814767e-16,2.59321584808305e-07,6.30521187145475e-17,-8.39475766350862e-17,3.06450528751491e-16,1.58573248186924e-16,-6.88896211878022e-17,-6.88210403729515e-16,5.02129426817816e-09,-3.51205135595771e-08,-3.45615655455527e-18,-2.33786189056999e-08,9.83318628892631e-07,-2.92064805198089e-17,4.34297531823703e-16,-9.02827205807633e-16,1.55077625958047e-16,3.32201005336146e-07,5.31877002646148e-08,1.64769945656795e-15,2.44065041519617e-17,-1.77362871815559e-07,-5.72997193456779e-08,-8.68028140515169e-10,1.0158215654978e-16,-2.40823570287433e-16,5.00529400261893e-17,1.10330301552838e-16,-4.91685411146991e-16,1.85331390720654e-16,1.31239297122949e-06,-0.000293754208541669,-2.28282359511346e-07,4.96997477895498e-16,1.9992309201368e-16,-2.68565684584271e-16,4.66173503056523e-16,8.86968222889597e-18,-4.32626251169977e-17,7.35949873927705e-16,1.56429713505545e-16,-7.34617006264279e-16,-1.56974319471745e-16,1.84147831543409e-16,-1.20469751623454e-15,2.1046799740602e-16,6.8572916253009e-16,3.44361770193388e-09,6.36533212697166e-17,-2.19082194505487e-16,3.29714423004802e-17,4.88267805401285e-08,-2.21169524276113e-08,-1.27658166701667e-15,-1.2609200400658e-09,4.4737968933395e-08,4.85552850516615e-18,1.19391967235717e-14,-8.64747579932613e-08,-6.7978772759484e-17,1.10735990615115e-09,4.27566648789996e-16,2.33445636288035e-16,1.6803836040515e-16,1.52115333332094e-16,4.08756218176246e-08,-1.49497405642317e-07,1.11951023806978e-16,2.71171867131739e-16,-1.47381871419181e-16,-3.54979166037133e-16,2.15105711021124e-16,4.33603073072571e-16,1.22273779771799e-15,-2.14032711491763e-16,1.82537514282682e-09,-2.13310101662458e-16,4.8737138999312e-16,-7.21407957408963e-16,4.06136968586675e-16,-1.37274404743856e-16,3.77094795540208e-16,-3.98050025132788e-07,3.85788183811496e-17,-8.1274136369671e-16,2.69418265391512e-08,9.25186936840328e-16,-3.07866176936514e-15,-5.26716886085848e-16,-1.52841151775831e-15,2.26086983418984e-08,1.60509974694087e-16,-6.26193833297743e-07,1.04885028377162e-15,8.846080545351e-16,1.48967903944584e-15,3.31718939155286e-15,3.4154475273289e-16,-5.5072226375389e-16,2.26729512589686e-08,1.70689941462824e-16,-1.54582477313059e-15,3.42869752322438e-09,-2.83496620806234e-06,1.32738376051005e-16,5.84561510908265e-07,2.9139388178787e-07,-9.18888844053721e-17,9.86417229231924e-16,-3.43274445815973e-15,-2.83172283473245e-16,-1.1352188040236e-15,-4.92387989644943e-07,1.92011071782968e-15,2.09934688373434e-15,2.06835795898539e-16,1.97430238821355e-07,5.13070369107177e-15,-2.87295187262235e-15,-2.38951300914962e-15,-8.65541839199893e-16,-9.01321296313769e-08,2.06257756918943e-16,7.25020580456556e-10,-1.88054630843878e-15,3.21425916406448e-15,-7.18599463195671e-15,-8.73032841794654e-17,4.64930229604551e-15,-8.61427725637611e-16,2.51910314973786e-15,-1.26233868820147e-08,-9.67233645846636e-15,1.63064738301925e-15,5.31160060432340e-09,-9.77387838921799e-15,-2.20713941873707e-15,8.80100632165004e-15,6.71272185967616e-15,-2.25683170844177e-14,-2.20979164953882e-14,-3.86098213043178e-08,-3.6509130249795e-14,0.707106781186548,1.15106548325608e-08,-1.10866022028998e-13,4.98898390023555e-14,-1.45842556416706e-14,-5.97606122248233e-15,-1.36229163301284e-14,-5.24790153484386e-14,-9.58245383120891e-16,-1.58988391670305e-15,1.92320875772113e-15,-1.75111536270632e-15,-1.17965537249074e-15,-6.06572970728872e-09,2.01249267479935e-08,1.92235838767135e-15,-2.24445241692959e-15,1.48656504113458e-15,-2.12788029758844e-15,9.74133967934776e-15,4.5668103075998e-15,1.42872771099112e-15,-3.07273024928434e-16,-1.92352569461683e-08,2.84660304454562e-16,1.41001154834528e-15,4.89600204819203e-16,3.12612803021862e-16,2.24454232377749e-09,-2.78951485016087e-16,-3.56870499147317e-10,-2.8213303648555e-15,2.16490089874709e-16,-1.29859891201747e-15,2.57143043528279e-15,-9.35220325268578e-16,4.72829556621261e-16,6.74285963741502e-16,-1.78223875917409e-15,1.10589842239559e-15,-5.80337475666061e-16,-1.72634570976228e-15,-6.09437313292593e-16,3.08248060532507e-16,1.77419825225582e-16,2.06163652606205e-16,9.46208384463762e-16,3.28721928675013e-16,3.82531726093747e-16,-1.43770903816434e-16,1.68323368204947e-16,1.04343617080005e-15,5.46020888611665e-18,-3.0985669687805e-15,8.13654371459455e-16,4.36204425526088e-17,6.39884395899812e-09,3.0069450689141e-16,-1.97285461849137e-16,-4.57668770663122e-16,-6.37181889398636e-16,6.79899263419797e-16,-2.44952318168663e-16,-5.30111956628492e-16,1.00687372849405e-15,-2.55846433139457e-16,3.4760938306008e-17,2.6628005356244e-16,2.53188759012877e-16,-2.38569314774516e-16,8.07262677400368e-17,-8.92566760549529e-16,5.75166584222758e-16,8.76662818194851e-16,-8.28524907216897e-08,2.7504214650704e-16,-3.92139968269024e-16,-3.10463335215809e-16,6.51997710777832e-16,3.41115915689297e-16,-2.28894082054236e-16,-2.35640467677462e-16,-1.33795382580342e-16,1.46061379872712e-16,5.20585411327220e-09,4.83871090744831e-16,-2.06747773299669e-16,3.60075545416864e-17,1.78335101195819e-16,-4.97169390402415e-16,2.2055955199936e-16,-3.49189592123582e-16,3.66845632542549e-16,-3.3550220099943e-16,5.28799869845379e-17,9.65769384998783e-17,-4.19205783649352e-16,1.09028291196927e-16,8.96461742341983e-08,1.98734729861776e-16,1.38002056436125e-16,2.8136587516513e-16,-4.64905891561784e-16,-7.26832982136542e-09,-7.42857710199691e-17,8.18742042099847e-17,5.88001233484624e-17,-6.3702194437653e-17,1.30738545164747e-16,4.15253026102514e-16,7.5863237977466e-16,1.24227446570836e-16,1.22366110028652e-16,2.68918769087734e-16,1.73119970970117e-16,2.05020442629271e-16,1.57444965618062e-16,4.74280185996733e-18,4.21005752957005e-17,-2.64938196694465e-16,5.92790086478283e-17
"t60",0.0293904238892607,-0.00611732421123978,-0.00649327725390196,0.000239882885967759,0.000686760452855556,0.0045018108598629,0.000825351361912256,5.04445460446178e-06,-0.0125112265829473,0.0210346617917052,0.0079940871600839,-0.00476245428783143,0.0108820298531277,0.00248434089754298,0.0842915460886118,-0.00270115194581356,-0.00201778930753748,0.000270084732989317,0.142148347013094,-0.0882595788670456,-0.00123598484232753,0.000211085419115905,-0.0190021457044914,0.000118788569045035,-6.7021585758666e-05,0.00331423963988466,-0.0137706875160762,0.000210901177812784,-0.00255337730204154,0.0120777322342429,0.00111632017184362,-0.0419628264564564,-0.000197572662911684,0.0361681037917219,0.00212037393672194,-0.151907947820558,8.05658446691381e-05,-4.35614476321121e-05,-0.00112267040226508,-0.000117094511265863,2.09054257553055e-05,-0.000513136228203498,9.35524599899251e-06,-0.000529335463454823,2.88396739674349e-05,-8.76818725193788e-06,1.73679851353374e-06,-2.6657086201773e-05,0.00137632927452146,-0.00257275377304455,2.90407632590399e-05,-2.70821475466556e-05,2.26110686901988e-06,-9.99119893805092e-06,0.000219637055106628,-0.000663162664354913,9.76120379007015e-05,-0.000342742127139365,0.00276051312858008,-7.01517002027149e-06,-1.15930087008499e-05,0.182853732529835,0.000173778176506962,-8.60531747890168e-05,-4.75751770604032e-05,7.67356294348055e-06,-2.18059617979593e-05,0.000222318299041955,-5.4580727453831e-05,0.000251058262158816,-2.20162825832443e-06,5.74120273810069e-06,-1.96168539346421e-05,-1.23946499033466e-05,5.19052420231529e-06,1.52605095353672e-06,-4.41633531230931e-05,6.31464533766389e-06,-0.000624819124855311,-0.000231862234852452,1.30847795345478e-05,0.00100100098655126,-0.000441537329904526,-4.27256611712087e-05,0.000106507065988987,8.15768875305671e-05,-1.21065962312246e-05,-7.20541650868026e-05,-4.12101640142231e-07,1.59433915673871e-05,-0.000131175148548541,8.24551072767243e-08,5.65314060048546e-05,-4.70778629833582e-05,-7.00521436812061e-06,-9.5657125020385e-06,-1.12277145425173e-06,5.51345576344943e-06,-5.94006752536174e-05,-0.00041995751867396,-2.37179719056117e-05,1.53105131636913e-07,-3.12148879072345e-05,-0.303433879024911,-0.000198266654058634,9.14557834242445e-06,-0.00157255815042834,1.8270487415325e-06,-0.000697670718442604,5.47008605385983e-07,1.74715202726399e-05,2.85944526112071e-05,-8.70472236736559e-06,6.8678600886634e-06,-5.77800203517598e-06,7.02551921338093e-06,-0.000291615703695185,0.000283855885497225,-0.000104310357618588,3.49045213439036e-05,-1.93127337935335e-05,3.56805267666464e-05,-0.000282939794112853,-0.000535649385318442,2.41494039367402e-06,-4.82990865391285e-05,4.99921293216701e-06,-0.000103055166707139,0.000108580158973851,0.00378416670609149,2.83726335001291e-05,-0.00561201030812959,-2.98713220274694e-06,7.57294793734574e-06,-1.02228391992088e-07,6.9542961145266e-05,-6.24830954140826e-05,-7.91814521674412e-06,0.000237031178028919,-0.000240320130925702,-0.000155933734332243,-1.71217555507502e-05,0.000147044586109777,9.09124597492038e-06,5.24222942992732e-08,-1.1532241951218e-05,-3.74778395859944e-06,5.77817842788601e-05,3.67201883718381e-06,-1.76363063562666e-06,-2.16761348080085e-06,-3.87385271738832e-05,-1.50484206720984e-06,0.000303972299122849,-1.0874003859812e-06,-6.86493562259498e-06,0.000101926725058633,-1.14404020295608e-05,-2.26265708425934e-05,-7.423071851191e-06,-8.46686678089536e-06,1.22704835590448e-06,-3.25025200137801e-05,-1.17773163925894e-05,7.48295067484709e-06,-4.87137520664435e-06,0.000258977952943989,4.4093080682813e-06,0.00021899493791007,5.3282533718886e-06,-9.23554525585253e-06,-1.62447102548799e-06,1.86946638820854e-07,2.36329685029399e-05,1.15544521468728e-06,2.34118809590291e-06,1.02303353099788e-07,-3.68071053368028e-06,-0.000119128970340274,-1.565680720701e-05,6.22086466434986e-05,1.60468359054862e-05,-3.2879401620707e-06,-1.28325115570071e-08,-3.81301022145206e-07,-1.19251013296635e-07,-0.000568484442605812,0.000126110030068756,0.000564490797399357,-1.18498284689843e-05,-1.51014681914475e-05,2.73972998755076e-05,2.87900114172109e-05,4.10910421035566e-09,3.9799571171444e-07,-2.62447223838628e-05,-0.000538645395174365,-7.39695176163604e-07,2.77442147651912e-05,1.16368018847724e-05,1.15833356658323e-05,4.63149203498612e-05,-3.30732276476112e-07,-1.70744943498116e-06,-8.94912392704765e-05,-1.12700394402133e-05,6.06097307545671e-05,8.84934524343281e-06,-0.00330207567623208,-7.75993190777282e-08,-0.00218205895775067,-2.06633510587703e-05,-1.17398839804682e-05,-0.000116674371393431,-9.93732331206144e-08,-1.19528080902608e-06,3.63779173949449e-07,2.33109975740692e-07,-2.13581875836857e-05,-2.79465682432838e-05,-1.28503901974567e-05,1.55743306380661e-05,3.44712965484329e-06,1.47143867918993e-05,-4.4758005458194e-05,-2.56690748514432e-06,-0.000243451328076949,-1.40676439588106e-06,-0.000106882299674368,-8.69055088774062e-05,5.7815105149465e-06,1.21379049578404e-06,3.09183645447508e-05,1.39060233921472e-05,-2.87614628346172e-06,-1.55694664639436e-07,-7.16275541710304e-05,7.9584236592017e-17,-7.2768583514723e-07,1.05708701080773e-05,-2.47250886277921e-06,-7.33526067373376e-06,-0.000115132432902255,1.60914205064037e-06,-3.5933657813354e-05,1.79435458726458e-05,-1.29555388227357e-05,1.22268573719476e-06,-1.02197752491272e-05,0.0751833068126933,6.78183410498787e-06,-0.00050208373263427,0.000506741980014792,-1.3349601986587e-07,6.28727864649542e-09,-2.33196941005196e-07,1.3131856183133e-07,-1.99255401860861e-06,-1.23764537402758e-05,1.87141191804509e-06,-7.06851918827402e-07,4.00529503793214e-06,-1.10964418508888e-05,5.14416009339e-07,-1.0980041419428e-06,3.42331133113433e-07,2.64217435678826e-09,2.2572500450989e-05,8.46518272999579e-08,5.58854298666806e-07,5.34901001935454e-09,-7.43984494229682e-07,2.11512122750345e-07,-8.42270575913051e-07,1.51193269408545e-06,-3.25023469223168e-06,3.32510560475149e-06,-3.1872827422351e-07,0.000182354903549102,-1.80389496355751e-06,0.121529656528924,-1.74232640457679e-15,0.00255261791938831,3.65848106558577e-06,1.22830241702828e-10,6.73308389969273e-07,-7.25553694532433e-07,3.95960105413708e-07,1.05951812371231e-07,-6.53425172845822e-09,2.81443272196794e-07,-1.05383074961395e-05,-1.17976989706658e-06,1.69485414786782e-08,-1.38150513095185e-05,9.50162650708409e-06,-6.25286798554181e-07,2.09897934897071e-06,-6.2865849618024e-08,-8.95636177550631e-08,-1.65518485969723e-09,-1.55029986144081e-06,4.13749016239808e-08,-1.16883641252956e-10,1.14116258980886e-08,1.34398077294289e-09,-7.18583137883831e-09,1.08940894878074e-08,3.42482183587205e-08,4.66208373779675e-09,-1.4152394639901e-09,-7.10218198597303e-09,3.54773665105387e-10,4.48512560705169e-10,-1.50959402087038e-09,-3.2768695674566e-08,1.56701086337513e-07,-3.54722961049686e-16,-3.45774103850694e-09,-5.83542774079751e-08,6.35015814584583e-09,-1.27954733563364e-06,-4.0145764554661e-09,-3.48120389787772e-07,-8.62430657601991e-07,3.42988733022875e-07,-1.68358485478968e-06,1.40062936563204e-15,6.09648457736604e-06,1.43090267661619e-09,2.30921207292639e-07,-2.76019469402099e-08,-5.91176513955928e-07,1.52404418535143e-07,6.55824271670459e-06,-1.8901776357162e-06,2.65634692072274e-07,-1.6082170967723e-05,6.81571962520693e-08,7.99151687395414e-05,8.99066317706423e-09,1.37390907136402e-09,7.234802454355e-06,-1.13762166579878e-07,8.39138749203914e-06,2.00438266931495e-16,7.61915074912001e-07,-6.24314148416766e-08,-1.79999791068659e-09,-1.79988240004119e-08,2.32930033374387e-05,5.92997153657573e-05,-7.9711297824014e-07,2.93827782909519e-06,1.72633999224819e-06,-1.73763649179224e-15,1.16364135116933e-05,1.17655802510902e-07,1.60150838526807e-05,-2.01268967605933e-15,-9.32572826951674e-06,-1.21111671370756e-06,1.87045395826415e-07,2.79849920466006e-05,9.61769771944537e-06,5.2566478012904e-06,4.87166687704391e-06,-5.70315569233003e-06,-1.16431349649046e-06,-6.72504664075193e-08,-1.40284512562949e-05,-5.13147887930235e-07,-8.43668962123843e-16,2.38858020353692e-07,-9.09565051726938e-06,-4.18317001037555e-06,2.42281045369174e-05,5.54511629465364e-16,7.49855802373779e-07,-1.85927633087734e-07,2.04788145193202e-05,3.78824914962563e-07,5.46531823690127e-05,-1.80176457525934e-06,3.56052039577658e-05,-0.886964226657403,6.51573909622792e-15,0.0419537167479328,4.82880927834065e-06,2.87123083033177e-06,0.000477776740076245,-8.44624758945367e-07,-3.3608902391475e-07,2.95735658184526e-14,1.64714908706555e-15,-3.15656022363238e-07,-9.48915109117733e-07,1.23971952362997e-07,-4.60667021114471e-05,3.58516711266573e-14,-1.93441972610172e-05,-2.19346699274653e-07,5.94166810570572e-16,5.18011198749094e-17,1.90328704358441e-15,4.49210455737721e-05,3.45468155067179e-06,-4.59786032620203e-06,0.0253903701209092,-5.64766840385669e-05,8.13002287626791e-07,-3.98792795974736e-07,-1.27430116374588e-15,-1.39258814082124e-07,3.9947927483683e-07,-9.72254194917473e-15,2.11362912510791e-15,-2.50217237171094e-07,-5.18733310770162e-09,-1.45154449578638e-07,3.02978102891291e-05,1.39194832713975e-07,-2.01311488381901e-06,1.74078646767026e-16,-1.94983701386464e-06,-9.93436145955895e-16,-2.26994016291e-05,2.87096735274162e-16,-1.51674627183175e-07,-2.84316102351357e-16,6.16426401885795e-07,1.61979002751411e-07,2.53444349344127e-06,9.58604235727504e-06,4.2241482354768e-07,-4.80545378891448e-08,3.02147642328297e-07,1.05764206219417e-07,1.9311641538677e-05,8.49701449754437e-05,1.01957457874843e-07,-2.83288266756704e-07,-1.85388807233861e-05,-1.49129205045461e-06,-1.32280609120927e-07,-5.88278697175884e-16,1.22370668791435e-06,-2.08621878357441e-07,1.04782849074537e-07,-2.65927781689579e-16,7.01427412433956e-07,5.44578264705465e-06,1.73524357493692e-06,2.18328408989922e-16,-4.19491695343801e-07,-8.50121873293181e-06,2.31888810182892e-16,-2.90510507343353e-07,6.32063025907916e-07,2.59558006900666e-16,-2.71709718036633e-16,-2.30016422575718e-08,-4.73176233230471e-06,-2.68601625607065e-08,-3.71080979738493e-05,2.83228255767671e-06,7.45978827229287e-08,2.76077404073035e-06,6.56752694296047e-07,-1.62826009349325e-05,2.62333557654593e-15,2.99461391529442e-09,7.93635182899754e-08,2.18423090236576e-07,2.03820208447588e-05,9.2890970311396e-17,3.62048564913148e-16,6.67936699602806e-06,-3.69866652752127e-17,4.67238426306808e-16,8.07815458085888e-07,-1.18461481471639e-06,-2.21770137233697e-07,-4.48553524448796e-07,5.63352618086498e-06,1.4713375494168e-06,1.56701983283554e-06,4.96773724086873e-17,3.55600299170408e-06,1.65580657200012e-07,7.5906107587573e-07,-1.98353605508123e-07,7.77122157754077e-07,7.55973723043454e-18,3.00456719843572e-16,6.68839329926534e-16,-2.5748944618684e-06,-3.21471062491702e-08,-2.08326962786412e-06,-1.65871463979581e-16,-2.45310324227884e-08,-3.87413661730362e-16,5.02425204100168e-16,3.95084897456192e-06,-9.89079461705446e-07,-5.63785129692462e-16,-9.34936123272801e-05,-1.08897258830187e-07,-1.09080182584426e-16,2.4554882019746e-07,-6.5088895447096e-18,3.29769238905922e-06,-6.90366087094502e-17,3.28754557442752e-06,7.45055226006017e-07,2.6965190143614e-08,9.68608630792184e-07,6.64031055533798e-06,-8.64657447015391e-08,2.63746945833839e-06,3.43975658034916e-16,1.54744130505164e-06,-8.72742212962322e-08,3.09273556780654e-18,-1.14861157356624e-08,-2.33644636437096e-07,5.41981674699218e-08,3.56216614432918e-17,1.73090322209923e-07,2.28947232804931e-07,-2.86912593748996e-16,-6.38954676582727e-06,-0.000219876980441541,-6.50650125929205e-09,-1.75211914979223e-16,-3.77040750071713e-17,1.15841963697915e-07,1.34706623215892e-06,1.08924852330078e-07,-4.55337925410373e-08,7.8727668412762e-07,1.58617671968822e-16,3.47450227757964e-17,2.8705701995409e-06,1.97835223694062e-08,1.58757786116919e-16,6.92168393064359e-06,8.67892132868754e-17,9.40183698355597e-08,-1.31832453632771e-06,-7.70134142260573e-07,-5.10180727555803e-06,-4.18384241358728e-16,1.08769114813165e-16,3.61694351253726e-16,-2.12413753711347e-16,-1.07219883195411e-08,-3.7172933076669e-08,5.4722164454597e-16,4.448445975334e-16,-3.84080004191564e-17,5.22302086817681e-08,4.69015751492994e-10,-2.5771973062092e-08,-1.37406189302489e-16,-2.29850860566927e-16,5.46437894932694e-16,-1.09812706694239e-06,3.3595254126644e-08,-1.44700865336747e-16,5.8793567662121e-09,-1.53645495457478e-07,1.53647902383657e-17,-1.17982681438274e-16,-4.01627059741159e-06,-1.08441491687935e-09,-1.98618955506321e-06,-6.31752520845598e-16,5.88110178126339e-08,9.47887425701514e-07,1.01523577519641e-06,-3.15689228612735e-06,-2.24155920310517e-07,3.64477639532499e-09,-1.73342937982245e-16,1.4965789111438e-16,3.02949671280023e-16,6.88572224203676e-08,-6.23385813336648e-08,-8.88640981610496e-07,-1.83999275170595e-08,-5.04955773025873e-16,3.29772321828587e-17,-7.57286495588905e-17,3.01516147158222e-16,3.23793744198342e-16,8.74758797879595e-08,-1.91982997004148e-16,1.74899157623264e-16,-5.34640167030407e-07,-1.13021428254827e-16,-4.78550707019838e-07,-8.63426103680929e-17,-5.93205037829465e-07,-1.98417207131148e-16,-7.16368008840171e-07,-8.959374099323e-08,-2.16059247823517e-07,2.75053331870798e-16,2.86969021958078e-06,1.15415648383859e-16,1.18931020002649e-06,-1.88570439593398e-07,1.04343199132221e-09,1.24311516514373e-16,9.42439339761611e-06,-9.07610110781601e-17,-4.12211031782391e-07,-2.10405861594847e-07,-2.74186657038404e-16,-1.51949497150063e-16,-2.17842715517333e-16,-8.28530390979964e-17,-2.66191877221943e-08,-3.4648205947291e-07,-7.73283451006629e-08,1.47219336578153e-16,-7.95865638077827e-17,-2.16188055580946e-08,1.76332582119132e-07,2.14789089433562e-17,-9.77122812388681e-17,-5.75529549680956e-07,-1.36323672036567e-16,-2.48245305527606e-06,3.38758543520719e-16,6.2069250857762e-07,4.39721303840007e-17,3.48757407848949e-17,2.61869470381211e-17,-1.7693659407832e-17,-4.78614964012167e-17,2.38684180184298e-16,1.18903792978943e-08,-8.31535293979079e-08,6.51697867861239e-17,-5.51492894787465e-08,2.31606468342579e-06,-1.58838548253126e-17,6.30941193067099e-17,6.3749279287204e-16,-1.69359528154864e-16,7.77355357357745e-07,1.2427215997708e-07,-4.21219162480502e-16,1.48442621784051e-17,-4.13711050606869e-07,-1.33626418472639e-07,-2.02280848877354e-09,-9.51959380288453e-17,6.18475470328326e-18,-4.24505411074538e-17,1.46266746822629e-17,-6.90894709989802e-17,6.72275497209029e-17,3.02257860183057e-06,-0.000675813572592694,-5.24624595276151e-07,-7.95655606732779e-17,5.20271872567125e-18,-3.08584771307174e-17,-8.66360639295881e-18,-1.24047696607831e-16,-1.40831195469421e-16,-1.03296031087226e-16,-1.94758412272045e-16,7.9375579984143e-17,1.10544855340574e-16,2.43265384142181e-18,-2.3423609638065e-16,-1.39785293755542e-17,-1.89143372763939e-17,7.77491917793167e-09,-9.66293324224079e-18,-2.18249637127495e-16,2.50810747228444e-17,1.09986836818216e-07,-4.9794146187641e-08,-4.01434634104195e-17,-2.83791110600483e-09,1.00408358344518e-07,-1.1964324530347e-16,2.77091017211434e-14,-1.93409563045665e-07,-7.66377068108153e-17,2.4663274429913e-09,-2.91882660276423e-16,-1.44904798613569e-16,-2.22048245204405e-16,1.0313991682673e-17,9.04447044049859e-08,-3.30644331809999e-07,-1.00744455497846e-17,-1.19001953016638e-16,3.98735067469255e-17,-6.94335124746176e-16,3.08347097854877e-16,1.06447144605107e-16,-2.70000308817344e-17,1.24515432077347e-16,3.94865810672509e-09,7.71225945559312e-17,-5.70796970807197e-17,-6.1815465564621e-18,7.35438284676568e-17,-2.35658928260816e-16,1.21873070864104e-16,-8.57080394881657e-07,-5.96268551451341e-17,9.41077568085893e-18,5.79618583699302e-08,8.75611703884938e-17,4.10205375305491e-16,4.77961940384359e-17,-1.40226243360454e-16,4.81630219725397e-08,-2.41534049530101e-17,-1.33165100131276e-06,1.1943745234645e-16,1.48754091226487e-16,-5.53030497444717e-16,-2.15146368602592e-19,2.07746366841432e-18,-7.25024019390423e-17,4.80457379238541e-08,-3.81682298204846e-16,6.14940978464554e-17,7.24613355758852e-09,-5.9905417903959e-06,6.71708807466457e-17,1.2323856846391e-06,6.13880206633053e-07,6.29301060666971e-17,5.78885493795436e-17,5.81978429164659e-17,3.55379889283082e-18,2.65004902519707e-16,-1.0264406383815e-06,5.95994642804576e-17,-4.43237150659061e-17,5.4531415130018e-18,4.10466964614468e-07,2.84504192836623e-18,6.27313769377699e-17,2.79931738838757e-17,-2.19048042289336e-16,-1.86731639218185e-07,-1.82574166874302e-17,1.50044404976068e-09,-1.43591924500582e-16,-1.14000916744766e-16,1.32781218757342e-16,-6.96678058050923e-17,1.40678208045149e-16,-7.97004292036377e-17,-4.29649160490638e-17,-2.59765597787973e-08,1.46181485760598e-16,-2.23999015313652e-16,1.09150126204408e-08,8.84723052360101e-17,2.66284036362016e-18,-6.15759824043551e-18,1.94482562009877e-17,7.08803917110464e-17,8.81946470918336e-18,-7.8995830822819e-08,-2.50474576018343e-17,-1.44910398848888e-15,2.35054098572739e-08,3.08693245846322e-17,-5.68207350376592e-17,8.96486035336411e-17,-1.66189121126958e-16,-1.01667942051055e-16,-2.18495599705355e-16,-3.00515235821916e-17,-1.52907929394954e-16,-1.42784040584426e-19,4.14395210699639e-17,-5.73239305898987e-17,-1.22989968602368e-08,4.07712604263872e-08,-2.05937010197538e-16,5.51557863169854e-17,7.12420828064309e-18,-6.900663821014e-17,8.38738800634786e-16,-2.21145653237187e-16,1.65843081106012e-16,-1.05549343877824e-16,-3.87985941964965e-08,-7.69288463334283e-17,9.53592034042348e-17,-3.64698841359792e-17,-8.80745451657259e-17,4.51070283179184e-09,9.05431024100999e-17,-7.14229040244679e-10,-1.15985585612486e-18,8.1969203307469e-17,-3.4150156142279e-17,-5.49131269519924e-17,6.66183872270907e-17,4.06260654695475e-17,4.5934289611838e-17,5.29952421802848e-17,3.72069984005463e-17,-9.04481327000464e-17,-1.27087645868175e-16,-7.24594058103002e-17,1.71029874278552e-16,-8.86345021581539e-17,-8.09307986410121e-17,-1.03311774969808e-16,1.12556875250576e-16,1.7603895542153e-17,9.55663743008117e-17,-5.02002684194324e-17,2.04263689296269e-16,-3.41585765218938e-17,-1.13523830388263e-17,-6.16212609919342e-17,1.36517164248976e-17,1.26177005219178e-08,1.05977529823675e-16,-2.36409036995679e-16,-5.72290672589727e-18,-1.61902498247416e-16,-1.406223170368e-16,-8.15120638071395e-17,-2.44813411322625e-16,-1.70797842744579e-16,-2.69544095849939e-17,1.46045297458958e-16,-5.19549681055054e-16,7.32699893963941e-17,9.34676664511091e-17,-2.56637781703074e-17,6.19583439211665e-17,-2.4789931930097e-16,3.86224065087707e-17,-1.61792365116045e-07,-8.68870626925457e-17,-1.25981368824411e-16,-1.62830946725179e-16,1.48124141531135e-16,2.52130737909542e-17,-8.69569271481167e-17,7.46072640269825e-17,-4.54855757357407e-17,-1.97637458804856e-17,1.00668377595926e-08,2.69196389610462e-16,-4.03316772954377e-17,-4.88485249310943e-17,9.86414444796941e-17,8.4577484466966e-17,-6.2024465409576e-17,5.94661366135766e-17,-1.70976058195404e-16,3.83959287084569e-18,1.80559912132555e-16,3.84582076768334e-17,7.62318032292452e-17,4.73103471561226e-17,1.71699758883811e-07,3.86449888511593e-17,9.35772341488513e-17,-1.17614000145814e-16,-6.59194920871187e-16,-1.38601736420052e-08,4.96761938266893e-17,1.11205799225949e-17,-7.48625930611729e-18,2.99540512449839e-16,1.4435084305805e-16,-8.42092943774594e-16,1.35699390794743e-16,-2.30308864001641e-16,4.70319321628205e-17,7.0101032374663e-17,-2.25510618001341e-17,2.0456495138028e-17,-2.58461615701995e-16,-1.27673270057069e-16,-3.1211521911395e-16,1.17380186451111e-16,-1.86744952365388e-16
"t50",0.0293786829806681,-0.00611216386360968,-0.00648762191097215,0.000239602500759636,0.00068577648535465,0.0044942352803166,0.000823934997173988,5.03510386891604e-06,-0.012483796548326,0.0209786306104637,0.00796698948111837,-0.00474249845572264,0.010835074131561,0.00247345582022835,0.0839058222766728,-0.00268804722904202,-0.00200776137762046,0.000268717646293526,0.141411820573941,-0.0877618424323003,-0.00122843104221979,0.000209520131809329,-0.0188530789767106,0.00011785120648742,-6.64905664684847e-05,0.00328668472202648,-0.0136547945230179,0.000209109747848712,-0.0025310851714104,0.0119523751439336,0.00110392830868167,-0.0414747729307854,-0.000195100048256651,0.0356928003174084,0.00209100264717909,-0.149624948793394,7.93386916511079e-05,-4.28867019821041e-05,-0.00110515477382719,-0.000115238631290207,2.05639102678337e-05,-0.000504536044158239,9.19594677362904e-06,-0.000520310265979842,2.8338749771652e-05,-8.60540870345527e-06,1.70391080508495e-06,-2.61476331065642e-05,0.00134934468878441,-0.00252092051652834,2.8434493586689e-05,-2.65074651555187e-05,2.213012147606e-06,-9.77437198442649e-06,0.00021468283080736,-0.000648117615011106,9.51637677842003e-05,-0.000333915955118491,0.00268920373553791,-6.82221151855633e-06,-1.12591472884358e-05,0.177469212909565,0.000168568818725889,-8.34620229956089e-05,-4.60950150246367e-05,7.42783912687298e-06,-2.10631420996788e-05,0.000214537413287871,-5.26466933018024e-05,0.000241963660057912,-2.11244662734828e-06,5.48920856777331e-06,-1.87454094533236e-05,-1.18303442289288e-05,4.95348575296816e-06,1.45562429691176e-06,-4.21167303776178e-05,6.01600892180535e-06,-0.000593906861375372,-0.000220183865397676,1.24055376785413e-05,0.000948700571383408,-0.000417365950039042,-4.03541033749723e-05,0.000100240966704583,7.67021252868556e-05,-1.13717499238162e-05,-6.76695827381281e-05,-3.87008263292189e-07,1.4970973991342e-05,-0.000123127106702961,7.71104337327078e-08,5.28488452283257e-05,-4.39078372107166e-05,-6.50644575308578e-06,-8.87897409493251e-06,-1.0421347110873e-06,5.10912802676353e-06,-5.50108589436031e-05,-0.000388013638123265,-2.18714809609214e-05,1.41161082817944e-07,-2.87741159621424e-05,-0.277170394972201,-0.000180977565929021,8.3434442001658e-06,-0.0014332107632338,1.66468719651892e-06,-0.000635357743623082,4.97777784327306e-07,1.58951745621292e-05,2.59763753180007e-05,-7.90633320940293e-06,6.21344328121682e-06,-5.22297803551866e-06,6.3387002227949e-06,-0.000262882748074185,0.00025528206352368,-9.35934092751911e-05,3.12630549767417e-05,-1.72803846546337e-05,3.18126528419245e-05,-0.000251679525144701,-0.000476425854588881,2.14720684339731e-06,-4.28396208204999e-05,4.4332213172231e-06,-9.11929285650225e-05,9.54832072702552e-05,0.00332748361978793,2.49356150715023e-05,-0.00491082261580935,-2.61165201513244e-06,6.61687828099781e-06,-8.90907183524184e-08,6.0583788613421e-05,-5.41280828867736e-05,-6.82746361906436e-06,0.000203045693761138,-0.000205824250393864,-0.00013339767654775,-1.46386602472575e-05,0.00012560009373239,7.76258442073613e-06,4.47606966364205e-08,-9.82094984147935e-06,-3.17463153850831e-06,4.8672401803676e-05,3.08873609293173e-06,-1.47880164435218e-06,-1.81707937755692e-06,-3.24343196410009e-05,-1.25903848517465e-06,0.000254111255728748,-9.02034859515039e-07,-5.6875051716818e-06,8.43689832216109e-05,-9.26827979813154e-06,-1.82289132605178e-05,-5.97516050870881e-06,-6.78242233234673e-06,9.81944171414047e-07,-2.58441658494922e-05,-9.35726015307705e-06,5.90714045539233e-06,-3.82101746187375e-06,0.000199209226629739,3.38926458795244e-06,0.000168301868453436,4.08342526549838e-06,-7.05444214495237e-06,-1.24023267082415e-06,1.41774605345819e-07,1.78842114565412e-05,8.70295870975214e-07,1.76136109013328e-06,7.69204949728598e-08,-2.73637599081275e-06,-8.74917501031494e-05,-1.14740552861302e-05,4.54951691249368e-05,1.16628920236376e-05,-2.38388495442437e-06,-9.28176876779083e-09,-2.75166605464068e-07,-8.53893741373142e-08,-0.000406262115798481,8.85549834150867e-05,0.000396150373874597,-8.26523540814044e-06,-1.03502871467327e-05,1.84919851908736e-05,1.93260480006969e-05,2.73550378853821e-09,2.63277612714523e-07,-1.70239775027095e-05,-0.000347864369318697,-4.73185617746265e-07,1.76620992718355e-05,7.11931014702599e-06,7.0725884282274e-06,2.77668153514791e-05,-1.94579868261739e-07,-9.56372593257438e-07,-5.01135806672711e-05,-6.28055936345164e-06,3.32687363625883e-05,4.80505876445519e-06,-0.00173978238595116,-3.92721523704516e-08,-0.00106627739580556,-9.98330085964734e-06,-5.37014501211246e-06,-5.1633522529369e-05,-4.393740318457e-08,-5.14244218519614e-07,1.45038882315086e-07,9.14775962036044e-08,-7.63874922995678e-06,-9.28569320499607e-06,-4.1534920015766e-06,4.42939813520296e-06,9.47226815799876e-07,3.88572095177578e-06,-1.03053407034409e-05,-5.72914614253163e-07,-5.39127230750147e-05,-2.55746224383928e-07,-1.67321069868363e-05,-1.10672824191676e-05,6.57347820479501e-07,1.20514851864557e-07,2.64441928277438e-06,1.13453744649864e-06,-1.26984858095473e-07,-3.09371912758921e-09,5.23531880578162e-07,-3.80539350331973e-16,3.48934059461688e-08,-5.9533463502015e-07,2.88023941007883e-07,1.2161658004671e-06,2.40044667537151e-05,-3.39720593611012e-07,1.06364251303056e-05,-5.58049710614584e-06,4.11970402667082e-06,-4.30442450045382e-07,3.83968925245658e-06,-0.0316009285087723,-2.98870483697043e-06,0.000225539978003582,-0.000251833998441477,9.62112469994345e-08,-5.09513412277202e-09,2.07517359547305e-07,-1.41743505849711e-07,2.17950195397926e-06,1.53832099958918e-05,-2.49418227879162e-06,1.03875227305e-06,-6.07074916226454e-06,1.73690875045137e-05,-8.41742745080547e-07,1.9176562936669e-06,-6.0231813081633e-07,-5.47249867262867e-09,-4.69262190747689e-05,-1.76718257335525e-07,-1.21896176307005e-06,-1.18588554907176e-08,1.73708482691523e-06,-4.98620664668189e-07,2.71215681739434e-06,-5.03986544850835e-06,1.1136288808105e-05,-1.21382088385169e-05,1.22439572139323e-06,-0.000786968037359029,8.05575435369346e-06,-0.55768360920335,7.70041294868779e-15,-0.0128741758384301,-1.86848454271822e-05,-6.5366200196181e-10,-3.95497693498942e-06,4.64720335676424e-06,-2.64417455477353e-06,-7.22402462897628e-07,5.88945150266509e-08,-2.58483543427852e-06,9.72804642522598e-05,1.1883779349406e-05,-2.21978073628166e-07,0.000189837415941012,-0.000135065316240013,9.97117351386609e-06,-5.48892423527379e-05,2.09688131345889e-06,3.03268424278044e-06,5.62985359160999e-08,0.000113610498713625,-1.61430016002984e-05,7.06197692903853e-08,-2.17695233989201e-05,2.50204016272036e-06,-9.03445973103343e-06,6.2861451226684e-06,1.99513259477153e-05,2.81681639943428e-06,-8.90237876775113e-07,-5.71751393419301e-06,5.70737356043574e-07,-2.6009367569329e-06,2.57946046558198e-06,2.37927419707955e-05,-4.54143911356147e-05,1.58418019072659e-16,1.25816354825094e-07,1.88361727876505e-06,-1.7350272718715e-07,3.47956521466472e-05,1.08628936512982e-07,9.06260788041163e-06,2.09143702042371e-05,-7.66843257219108e-06,3.22100206659563e-05,-4.30818696624244e-16,-8.47329378156782e-05,-1.91719705574378e-08,-2.86593544075561e-06,3.39507457687356e-07,6.08270076429536e-06,-1.42873889287437e-06,-5.42101822537497e-05,1.43776854057287e-05,-1.70219642422345e-06,8.87798012014483e-05,-3.4333457585845e-07,-0.000382748783379756,-4.17461674672621e-08,-6.04143267422634e-09,-3.16245844650149e-05,4.78712534561966e-07,-3.42920678142008e-05,5.48605071458817e-16,-2.51798298045077e-06,1.97668459689902e-07,5.69671108910166e-09,5.05232312771568e-08,-6.42225278136846e-05,-0.000131761683452196,1.66695112371202e-06,-6.07169144308411e-06,-3.40984795742486e-06,2.03041400975646e-16,-2.18321198590745e-05,-2.16561867891595e-07,-2.74450911110321e-05,2.6464867656304e-15,1.47914138263942e-05,1.8861487296492e-06,-2.8854960185322e-07,-4.23338715168878e-05,-1.40781051570243e-05,-7.50636630008945e-06,-6.82294838818125e-06,7.53987439748372e-06,1.52875939172068e-06,8.48479727791529e-08,1.64918286677829e-05,6.01072515336724e-07,5.56252842043836e-18,-2.43030837437127e-07,9.02724454355449e-06,3.92849798208681e-06,-2.08938801596043e-05,3.54295274529447e-16,-5.34281068274799e-07,1.05212553133758e-07,-1.03696919368736e-05,-1.81779681502318e-07,-2.45415750344202e-05,7.10866231821997e-07,-1.11387324000338e-05,0.125062860793148,-7.17193667477142e-16,-0.000740544851751326,-3.83380451122496e-08,3.40416828880948e-08,1.82923931467473e-05,-3.40108339576834e-08,-1.59651356295332e-08,1.60982338570648e-15,7.85536241927297e-16,-2.76173029189056e-08,-1.13970111220349e-07,1.53767255203053e-08,-6.97897414692909e-06,7.37024952731602e-15,-4.00364277600013e-06,-5.0393189798147e-08,-7.24043129197843e-15,-1.15267216496165e-15,-5.9842052650481e-15,1.3233996130092e-05,1.04413588596512e-06,-1.50618631294288e-06,0.00883400141702042,-1.97806827253879e-05,3.01419279422446e-07,-1.48768026747029e-07,4.16616773872392e-15,-5.7275475025764e-08,1.69329227903714e-07,-0.707106781186544,1.85989745739363e-14,-1.17418762402674e-07,-2.48659564897068e-09,-7.14743384909597e-08,1.51748663275722e-05,7.18857559516808e-08,-1.04457244415608e-06,4.48563476318861e-15,-1.01819146535338e-06,2.83618553269814e-15,-1.20652186574518e-05,-5.59795265697716e-15,-8.16325229909127e-08,-2.16947663217239e-15,3.36874218393005e-07,8.87875222628512e-08,1.44227053746735e-06,5.49595677211643e-06,2.4292630796155e-07,-2.79974027197039e-08,1.77960005458648e-07,6.37962284491344e-08,1.16510131884988e-05,5.16217035353922e-05,6.27102435193051e-08,-1.76999485115122e-07,-1.17296222545801e-05,-9.52553546976592e-07,-8.4879177935309e-08,6.03598268759444e-17,7.95980956477265e-07,-1.37406512228528e-07,7.12818700555245e-08,7.61454447359826e-17,4.81295639800926e-07,3.78343507339151e-06,1.21172571846209e-06,1.09335842742486e-15,-2.93690309551568e-07,-6.01143175120327e-06,1.58465419288183e-16,-2.06405620331236e-07,4.61167217327829e-07,-1.33948631153158e-15,-4.50201892319378e-16,-1.69435840748938e-08,-3.48845023202955e-06,-1.98792563455757e-08,-2.75864348407392e-05,2.12612674165208e-06,5.60447284414632e-08,2.07653784410604e-06,5.00013517051812e-07,-1.25133200066764e-05,-8.28330459778925e-16,2.30928148707716e-09,6.12364534880623e-08,1.68876493438437e-07,1.57966795364487e-05,-7.73467985963556e-16,5.39180262133893e-16,5.19359150141267e-06,-2.47838854390883e-16,-6.76533085986122e-16,6.40329171813871e-07,-9.41947565465837e-07,-1.76352211422765e-07,-3.5907058664297e-07,4.51365814517946e-06,1.17907737804944e-06,1.25727314667055e-06,-2.15232356963359e-16,2.88861230314193e-06,1.34845318846021e-07,6.1867480567549e-07,-1.62327162169869e-07,6.4056178051657e-07,4.41388288717262e-16,-2.16204281573611e-16,-6.76952897679659e-16,-2.14343759536613e-06,-2.68701970226654e-08,-1.74183879688681e-06,3.49379377671784e-16,-2.05897780588041e-08,-1.29744318374612e-15,3.10361773331913e-17,3.36947421997204e-06,-8.4369565771406e-07,5.23886489744996e-16,-8.00459187507389e-05,-9.34310599666495e-08,-5.70383717232667e-16,2.11569312847616e-07,6.91279322726658e-16,2.85549117209424e-06,-6.21563336614644e-16,2.84795418359354e-06,6.45649716559017e-07,2.33764219296608e-08,8.40143645060005e-07,5.76646767217582e-06,-7.54175571260167e-08,2.31416746256152e-06,-4.0444739445779e-16,1.36742661726344e-06,-7.71785793867599e-08,4.40436678320669e-16,-1.01673786940054e-08,-2.07185292268967e-07,4.8136219461788e-08,7.20150342327647e-16,1.54540517931632e-07,2.04619866369493e-07,-1.4304735584114e-16,-5.71829470594772e-06,-0.000196907569788761,-5.84093024569467e-09,-7.9933916160506e-17,-1.08642966829364e-16,1.04573845007316e-07,1.21885353422421e-06,9.86038208193126e-08,-4.16189444129759e-08,7.20676107496559e-07,-2.30786432270078e-16,-3.48651113781947e-16,2.63044373934493e-06,1.81309683371345e-08,-4.82113565654754e-16,6.35443189533553e-06,-9.3545137709925e-17,8.64552050990213e-08,-1.21496946105884e-06,-7.09867566126806e-07,-4.70545025501161e-06,-8.58166354500221e-17,2.4469724648367e-16,3.33240451389906e-16,-2.38140425826702e-17,-9.94245629238965e-09,-3.4485228605774e-08,2.2619806970083e-16,5.75738883836649e-16,3.86165085562872e-16,4.85291394713867e-08,4.36071874106541e-10,-2.40047883283805e-08,1.18850860365768e-17,4.1589995336544e-16,-6.03683769639929e-16,-1.02890112195775e-06,3.14836716987775e-08,7.77601246994658e-17,5.52213476865345e-09,-1.44438656266836e-07,4.88626859340755e-17,1.60692240710598e-16,-3.78344338030543e-06,-1.02171902278951e-09,-1.87360642486578e-06,4.03403961402366e-16,5.55875677613652e-08,8.9690120307708e-07,9.62058485906245e-07,-2.99753972679329e-06,-2.12954376253142e-07,3.46607104136367e-09,5.39342198364224e-16,-1.90747366393334e-17,-3.21156295075337e-16,6.58414342820328e-08,-5.96131891145977e-08,-8.50368692252804e-07,-1.76670187812052e-08,-8.14742048981624e-17,-5.80288501164014e-16,1.27603112348252e-17,-1.42271602641864e-16,-1.34949504955874e-16,8.42800508412362e-08,-5.316073638656e-17,1.82427356216665e-16,-5.15785441140496e-07,1.91563905481419e-16,-4.617062289497e-07,1.841957269096e-16,-5.72391969300962e-07,1.53155664147846e-16,-6.92784956505617e-07,-8.66899574499585e-08,-2.09224073279396e-07,1.7726442174458e-16,2.78162348702522e-06,8.25580497021092e-17,1.15524899581572e-06,-1.83663053650212e-07,1.01639449354255e-09,7.67464887703896e-17,9.18999311070742e-06,-2.01547160419132e-16,-4.02629012568915e-07,-2.05531545762565e-07,5.42645556658983e-16,-1.74020183743631e-16,5.81438193762794e-17,-8.73547574302063e-17,-2.60377331645599e-08,-3.39033926376132e-07,-7.56971160681863e-08,1.77254832680714e-16,7.01662682979829e-17,-2.12038529069641e-08,1.72962797010193e-07,7.39587340507435e-17,-1.4329388388074e-16,-5.6586552336613e-07,-6.02555915789689e-17,-2.4419806406808e-06,1.27948322005562e-16,6.11442249484624e-07,1.21856566349352e-16,-4.86794235194952e-16,-7.08001703611659e-17,-9.12785185714799e-17,1.83497519332773e-16,2.83447556169681e-16,1.17462525034744e-08,-8.21485761780527e-08,-4.01153942486482e-17,-5.45352577474814e-08,2.29119263021309e-06,-1.48510978755962e-16,-2.63940469050114e-16,3.56851548538891e-16,-1.67668495964809e-16,7.70315911634796e-07,1.23195054191984e-07,-7.50181631177375e-16,-1.70298668508129e-17,-4.10303475077773e-07,-1.32533261272875e-07,-2.00664168510528e-09,-9.71601762430488e-17,-2.48843718692266e-16,4.45934078274429e-17,7.52183740301842e-17,3.66404835979161e-16,1.91984470854797e-16,3.00751308284935e-06,-0.00067263183694241,-5.22298182895735e-07,-5.25943986714243e-17,-1.09443015667407e-16,1.46887244825675e-17,-1.65887006712437e-16,-2.39275727458508e-16,1.54688826582398e-16,-3.69093970366781e-16,-2.18567613311363e-16,-3.66906483079524e-17,-7.12416111611528e-17,1.29900961671124e-17,-3.95696146367246e-16,-5.25036923955339e-19,1.22839197571627e-16,7.77532522456302e-09,1.24604381664506e-17,3.06558978686477e-16,-1.59202843245778e-16,1.10056193712807e-07,-4.98321633894162e-08,3.63245020681306e-17,-2.84031083845592e-09,1.0056391602377e-07,6.97244053789302e-18,2.77044284490287e-14,-1.9387707017243e-07,-1.76458915107917e-16,2.47488051263919e-09,1.5846583573321e-16,1.38191510659473e-16,8.08421360325269e-18,1.4192493387744e-16,9.09056625253582e-08,-3.3236563476164e-07,2.62980207770197e-17,1.06029611928466e-16,-5.86545921383963e-17,3.44893309448346e-16,-5.51642065360625e-16,-1.11335279619361e-16,2.54797234013154e-16,-9.44436893320742e-17,3.99074890161969e-09,-1.58086707350168e-16,2.02172526670898e-17,8.02249292325222e-17,1.29143574924099e-16,4.0214808301417e-16,-5.54914459363697e-16,-8.67182794249059e-07,1.75608468747295e-16,-5.66165602912033e-17,5.86569908176918e-08,-1.2109198997337e-16,5.64122768473583e-16,-1.61321115697372e-16,-8.70971090644909e-18,4.88551560279762e-08,6.53395286048251e-17,-1.35134472395195e-06,-2.46098111600818e-16,-1.63102696311859e-16,-2.97457727393359e-16,1.68903451880191e-16,-1.44038360781544e-17,-2.12358357675249e-16,4.87969530056953e-08,-8.32264267655125e-17,-7.29153294580107e-17,7.36409024380784e-09,-6.08825317091073e-06,1.71361398014874e-17,1.25316412390124e-06,6.24335725866661e-07,-1.72201822521443e-16,2.9226082353429e-16,2.74075207144812e-16,9.69937786090164e-17,-9.34450069062691e-17,-1.0464804271769e-06,-2.4988383367269e-16,4.45310081976994e-17,1.02793649975465e-16,4.18738574596477e-07,6.98211344745664e-17,3.67942338163059e-16,9.80688383047324e-17,-1.55811266118957e-17,-1.90648159986309e-07,2.02993687651823e-16,1.53229232402538e-09,1.46661288712468e-16,4.80911415660676e-17,1.05037107700598e-16,2.55569152800945e-16,-6.87421244012793e-17,-1.70658895208411e-17,1.10246036630312e-16,-2.65622039534709e-08,-2.19045293910936e-17,5.14539901467079e-18,1.11646222055061e-08,5.06448863269651e-17,2.88380725554615e-17,-2.83133177083331e-17,7.31344291117225e-17,3.95683362053138e-17,-5.2800522173871e-17,-8.08818157884538e-08,4.53884800727247e-16,3.37410880603973e-16,2.40770706037485e-08,-2.30646843726972e-17,1.07356528135923e-16,4.77778614295294e-17,9.36983637304069e-17,3.11141408894753e-18,-2.46429137505773e-16,3.05359767043184e-17,-1.9267166951167e-16,-7.04083948551982e-17,2.79852391859799e-16,9.7921814938855e-17,-1.26180454431061e-08,4.18367373836968e-08,1.17352000846059e-16,-1.29506633174602e-16,4.45685175769111e-17,1.28805646845996e-16,7.54604712049911e-17,1.94641178949533e-16,-1.13758117043568e-16,1.1426203067325e-16,-3.98510567352859e-08,-1.58508737272201e-16,8.76215083519131e-18,1.4710425124408e-16,-1.9317467420521e-16,4.63681435848241e-09,-5.26330962939726e-18,-7.34858718071407e-10,-3.27911672110688e-16,-6.85155771486635e-17,-1.14573064916981e-17,4.24328204240735e-17,1.14359757751471e-16,-1.03620275687415e-17,-8.20417851421e-17,-5.03509006324768e-16,1.92880707193071e-16,-4.53380482465609e-17,1.7181604766045e-16,1.24242852402939e-16,-8.52961099504713e-17,8.17668881047782e-17,-2.0962115150595e-17,-3.13130774072656e-16,-1.6889353058166e-16,2.16360464512053e-17,1.35595422493725e-16,-1.43742828275453e-16,9.14632952708772e-16,1.32951946259762e-16,-5.29518013957106e-17,8.68273104405975e-17,-8.05544978124446e-17,1.30236473338592e-08,-1.59306630600838e-16,1.55901693036979e-17,9.72227681925105e-17,1.65178427278328e-16,4.21006746848839e-17,1.74673755875595e-16,-7.07154131351645e-17,-5.19382130183862e-17,-4.94346466111956e-17,-1.40513567609557e-16,-1.44849410244063e-16,6.19545995694842e-19,-2.56008026692564e-17,9.5631552103922e-17,6.7103090519918e-17,5.02730985048142e-17,-1.82806354947228e-17,-1.67340327737037e-07,2.77655201514027e-16,-9.26793975474084e-19,4.4782181567093e-17,-6.94018055924753e-17,-8.09859083825112e-17,6.46154787204123e-17,1.62504444757893e-17,-8.73727223525155e-17,-4.22217192899435e-17,1.04331594170734e-08,2.12244149430881e-17,3.58413020643981e-17,7.87498306720881e-17,-7.71039612064725e-17,-1.37467074072124e-16,-1.23483965564577e-16,-2.33058618370283e-17,4.17151717884835e-17,-8.93044053493551e-17,-7.96066394315883e-17,1.94559514203674e-16,1.29149158160606e-17,9.02189780351295e-17,1.78295016256224e-07,1.08715505303308e-16,-9.76505486912904e-17,-2.68659443005698e-17,-3.34801630863524e-16,-1.44052317537444e-08,1.25496221065108e-16,5.5048136706579e-17,2.83117363190862e-17,-1.66452797564638e-16,-1.69272804715387e-16,2.91651851830274e-16,2.49047899774882e-16,3.76241929925291e-17,-1.78170801023357e-16,2.63366879417845e-17,-1.15548027688149e-16,1.60506463872361e-17,-3.51084785106256e-17,2.53152027178649e-17,1.52671568868657e-16,6.67986904506667e-17,-3.16110117177449e-16
"t51",0.0293786829806681,-0.00611216386360968,-0.00648762191097214,0.00023960250075963,0.000685776485354652,0.0044942352803166,0.000823934997173985,5.03510386891608e-06,-0.012483796548326,0.0209786306104637,0.00796698948111837,-0.00474249845572264,0.010835074131561,0.00247345582022835,0.0839058222766728,-0.00268804722904203,-0.00200776137762048,0.000268717646293525,0.14141182057394,-0.0877618424323003,-0.0012284310422198,0.000209520131809321,-0.0188530789767106,0.000117851206487385,-6.64905664684952e-05,0.0032866847220265,-0.0136547945230179,0.000209109747848733,-0.0025310851714104,0.0119523751439336,0.00110392830868169,-0.0414747729307854,-0.000195100048256654,0.0356928003174084,0.00209100264717907,-0.149624948793394,7.93386916510806e-05,-4.2886701982071e-05,-0.00110515477382714,-0.000115238631290238,2.05639102678781e-05,-0.000504536044158192,9.1959467736298e-06,-0.000520310265979831,2.83387497716208e-05,-8.60540870344556e-06,1.70391080510975e-06,-2.61476331065675e-05,0.00134934468878437,-0.00252092051652836,2.84344935866741e-05,-2.65074651555293e-05,2.21301214758152e-06,-9.77437198447159e-06,0.000214682830807346,-0.000648117615011099,9.51637677841733e-05,-0.00033391595511851,0.00268920373553794,-6.82221151852391e-06,-1.12591472884574e-05,0.177469212909565,0.0001685688187259,-8.34620229955198e-05,-4.60950150245616e-05,7.42783912684376e-06,-2.10631420996567e-05,0.000214537413287883,-5.26466933018388e-05,0.00024196366005797,-2.11244662730305e-06,5.48920856772474e-06,-1.87454094533543e-05,-1.18303442289759e-05,4.95348575305377e-06,1.45562429691292e-06,-4.21167303776442e-05,6.01600892173903e-06,-0.000593906861375342,-0.000220183865397599,1.240553767849e-05,0.000948700571383402,-0.000417365950038951,-4.03541033748669e-05,0.00010024096670462,7.6702125286886e-05,-1.13717499238136e-05,-6.76695827381055e-05,-3.87008263286487e-07,1.49709739914808e-05,-0.000123127106703008,7.71104334759687e-08,5.284884522832e-05,-4.39078372107497e-05,-6.50644575319139e-06,-8.87897409495008e-06,-1.04213471124611e-06,5.10912802670655e-06,-5.50108589435996e-05,-0.000388013638123244,-2.18714809604563e-05,1.41161082888667e-07,-2.87741159623209e-05,-0.277170394972201,-0.000180977565928872,8.34344420007998e-06,-0.00143321076323399,1.66468719655636e-06,-0.000635357743622924,4.97777784259218e-07,1.58951745620391e-05,2.59763753179216e-05,-7.90633320962745e-06,6.21344328121721e-06,-5.22297803543903e-06,6.33870022320583e-06,-0.000262882748074161,0.000255282063523854,-9.35934092750928e-05,3.12630549764215e-05,-1.72803846548353e-05,3.18126528426323e-05,-0.000251679525144792,-0.000476425854589085,2.14720684356363e-06,-4.28396208201579e-05,4.43322131719534e-06,-9.11929285652543e-05,9.54832072701749e-05,0.00332748361978794,2.4935615071488e-05,-0.0049108226158089,-2.61165201522883e-06,6.61687828102463e-06,-8.90907187666111e-08,6.0583788613196e-05,-5.4128082886789e-05,-6.82746361912522e-06,0.000203045693761104,-0.000205824250393616,-0.000133397676547744,-1.4638660247237e-05,0.000125600093732541,7.7625844207485e-06,4.47606964524788e-08,-9.82094984144125e-06,-3.17463153881663e-06,4.86724018037139e-05,3.08873609282842e-06,-1.47880164424334e-06,-1.8170793775708e-06,-3.24343196408883e-05,-1.25903848515638e-06,0.0002541112557289,-9.02034859863039e-07,-5.68750517180179e-06,8.43689832224044e-05,-9.26827979800456e-06,-1.82289132604651e-05,-5.97516050870344e-06,-6.7824223322546e-06,9.81944171436603e-07,-2.58441658494797e-05,-9.35726015273154e-06,5.90714045499558e-06,-3.82101746203668e-06,0.000199209226629691,3.3892645879405e-06,0.000168301868453632,4.08342526564521e-06,-7.05444214526568e-06,-1.24023267109992e-06,1.41774605014284e-07,1.78842114566907e-05,8.70295870783557e-07,1.76136109015245e-06,7.69204950316635e-08,-2.73637599109775e-06,-8.7491750103003e-05,-1.14740552863897e-05,4.54951691249896e-05,1.16628920233243e-05,-2.38388495452165e-06,-9.28176872154843e-09,-2.75166605575763e-07,-8.53893743017903e-08,-0.000406262115798425,8.85549834149615e-05,0.000396150373874786,-8.26523540805967e-06,-1.03502871466556e-05,1.84919851909134e-05,1.93260480007592e-05,2.73550380135298e-09,2.63277612697641e-07,-1.70239775027011e-05,-0.000347864369318568,-4.73185617603692e-07,1.7662099271733e-05,7.11931014717029e-06,7.07258842832139e-06,2.77668153517467e-05,-1.9457986832445e-07,-9.56372593224586e-07,-5.01135806675651e-05,-6.28055936321943e-06,3.32687363623553e-05,4.80505876436152e-06,-0.00173978238595097,-3.92721524033987e-08,-0.00106627739580531,-9.9833008589276e-06,-5.37014501204344e-06,-5.16335225295326e-05,-4.39374029678221e-08,-5.14244218856419e-07,1.45038882906604e-07,9.14775961758629e-08,-7.63874922982252e-06,-9.28569320499741e-06,-4.15349200212458e-06,4.4293981352661e-06,9.47226815636894e-07,3.88572095169694e-06,-1.03053407036808e-05,-5.72914615239225e-07,-5.3912723074365e-05,-2.55746224213354e-07,-1.67321069867159e-05,-1.10672824190755e-05,6.57347820696989e-07,1.20514851703279e-07,2.6444192827236e-06,1.13453744637049e-06,-1.26984858074371e-07,-3.09371945225524e-09,5.23531880496184e-07,-1.32003055009131e-16,3.4893405661725e-08,-5.95334635238726e-07,2.8802394092181e-07,1.21616580085363e-06,2.40044667538059e-05,-3.39720593728208e-07,1.06364251303752e-05,-5.58049710673426e-06,4.11970402665612e-06,-4.30442449847469e-07,3.83968925231168e-06,-0.0316009285087695,-2.98870483689764e-06,0.000225539978003955,-0.000251833998441446,9.62112470011201e-08,-5.09513377365892e-09,2.07517359766495e-07,-1.41743505825671e-07,2.17950195364423e-06,1.5383209995881e-05,-2.49418227888591e-06,1.03875227309536e-06,-6.07074916265176e-06,1.73690875040626e-05,-8.41742745405184e-07,1.91765629368657e-06,-6.02318130603867e-07,-5.47249836491515e-09,-4.69262190747542e-05,-1.76718257224034e-07,-1.21896176319669e-06,-1.18588555932577e-08,1.73708482666316e-06,-4.98620664652653e-07,2.71215681743619e-06,-5.03986544867286e-06,1.11362888080651e-05,-1.21382088378052e-05,1.22439572133549e-06,-0.00078696803735888,8.05575435399382e-06,-0.557683609203344,7.37039382371464e-15,-0.01287417583843,-1.86848454269716e-05,-6.53661933839551e-10,-3.95497693543548e-06,4.64720335681433e-06,-2.64417455461523e-06,-7.22402462802926e-07,5.88945147678229e-08,-2.58483543461718e-06,9.72804642520871e-05,1.18837793493749e-05,-2.21978073821958e-07,0.000189837415941107,-0.00013506531623974,9.97117351300196e-06,-5.48892423530278e-05,2.09688131402701e-06,3.03268424219902e-06,5.62985359908778e-08,0.000113610498713349,-1.61430015998991e-05,7.06197696509106e-08,-2.17695233989096e-05,2.50204016271903e-06,-9.03445973093374e-06,6.28614512343798e-06,1.99513259476241e-05,2.81681639872235e-06,-8.90237876577462e-07,-5.71751393438053e-06,5.70737356277388e-07,-2.60093675732083e-06,2.57946046580449e-06,2.37927419710306e-05,-4.54143911353197e-05,1.00882923738908e-15,1.25816354296082e-07,1.88361727916007e-06,-1.73502726830664e-07,3.4795652146645e-05,1.08628936093109e-07,9.06260788082444e-06,2.091437020392e-05,-7.66843257231717e-06,3.22100206659518e-05,1.59709934218718e-16,-8.47329378152854e-05,-1.91719699202958e-08,-2.8659354420532e-06,3.39507457638875e-07,6.08270076392439e-06,-1.42873889353398e-06,-5.42101822537984e-05,1.43776854047737e-05,-1.70219642371366e-06,8.8779801200561e-05,-3.43334577100128e-07,-0.000382748783376925,-4.174616739185e-08,-6.04143322803681e-09,-3.16245844652562e-05,4.78712533998618e-07,-3.42920678141774e-05,-5.53234740456607e-16,-2.5179829813838e-06,1.97668457472926e-07,5.69671154137966e-09,5.05232308899006e-08,-6.42225278134906e-05,-0.000131761683451361,1.66695112314215e-06,-6.07169144306504e-06,-3.40984795908936e-06,1.75512232771213e-16,-2.18321198599888e-05,-2.16561868912492e-07,-2.74450911107282e-05,2.53159100491411e-15,1.479141382662e-05,1.88614872961014e-06,-2.88549603339175e-07,-4.23338715165774e-05,-1.40781051570376e-05,-7.50636629905367e-06,-6.8229483868579e-06,7.53987439853571e-06,1.52875939059243e-06,8.48479726087306e-08,1.64918286690601e-05,6.01072514684054e-07,-1.656478167132e-16,-2.43030836708068e-07,9.02724454275613e-06,3.92849798380036e-06,-2.08938801597603e-05,-4.87218156566396e-16,-5.34281068719178e-07,1.05212556497387e-07,-1.03696919356333e-05,-1.81779681782328e-07,-2.45415750337204e-05,7.10866230650527e-07,-1.11387324011953e-05,0.125062860793135,-9.23929745197725e-16,-0.000740544851748562,-3.83380434876811e-08,3.40416812632285e-08,1.82923931456169e-05,-3.40108314277579e-08,-1.5965138155027e-08,-1.03528297046296e-14,-1.12635327987066e-15,-2.7617305440375e-08,-1.13970110967676e-07,1.53767206252388e-08,-6.97897414562496e-06,6.94817894122225e-15,-4.00364277559955e-06,-5.039318731621e-08,6.14608861718707e-15,1.04498622623891e-15,4.91138846962496e-15,1.32339961295098e-05,1.04413588672428e-06,-1.50618631041633e-06,0.00883400141708557,-1.97806827173352e-05,3.01419288317611e-07,-1.48768029285756e-07,-4.26861255191654e-15,-5.72754449271074e-08,1.69329229274227e-07,0.707106781186551,-1.90760106575905e-14,-1.17418757608163e-07,-2.48657698179901e-09,-7.14743527244539e-08,1.51748663338088e-05,7.18857503420333e-08,-1.04457243755923e-06,-3.8506873208351e-15,-1.01819146099407e-06,-2.70305669987462e-15,-1.20652186565784e-05,4.19174243926346e-15,-8.16325187849029e-08,2.3079502621711e-15,3.36874217234564e-07,8.87875152719468e-08,1.44227053907835e-06,5.49595677117219e-06,2.42926306166322e-07,-2.79973997727837e-08,1.77960005978234e-07,6.37962120679159e-08,1.16510131936304e-05,5.16217035312266e-05,6.27102438773909e-08,-1.76999483713122e-07,-1.17296222538614e-05,-9.52553546366784e-07,-8.48791788841833e-08,2.87316478437955e-16,7.95980957432426e-07,-1.37406510057745e-07,7.12818728654966e-08,1.20803287100321e-17,4.81295637301785e-07,3.78343507340332e-06,1.21172571906256e-06,-1.04555171856519e-15,-2.93690310459342e-07,-6.01143175085926e-06,-1.80505642224032e-16,-2.06405621808955e-07,4.61167220558108e-07,1.29390883254518e-15,4.59238220474973e-16,-1.69435818523786e-08,-3.48845023326926e-06,-1.98792568021923e-08,-2.75864348386061e-05,2.126126740468e-06,5.60447288503155e-08,2.07653784377109e-06,5.00013514794263e-07,-1.25133200067266e-05,3.24046345312468e-15,2.30928238234182e-09,6.12364540446208e-08,1.68876494433872e-07,1.57966795374752e-05,2.50526538123534e-16,-7.49546481566769e-16,5.19359150048729e-06,5.3311901992579e-17,-1.25129071924531e-15,6.40329173645625e-07,-9.41947567320278e-07,-1.76352209276952e-07,-3.59070586753911e-07,4.51365814332137e-06,1.1790773779838e-06,1.25727314513824e-06,2.76705800918513e-16,2.88861230243168e-06,1.34845320411426e-07,6.18674805519625e-07,-1.62327163454385e-07,6.40561780722573e-07,-8.28395018194641e-16,1.24667983202659e-16,8.36714863125637e-16,-2.14343759567365e-06,-2.68701964661349e-08,-1.741838797468e-06,-5.88716664008069e-16,-2.05897792489143e-08,1.31071356238502e-15,-1.78756104926097e-16,3.36947421995888e-06,-8.43695657811151e-07,-5.03069808033274e-17,-8.00459187506845e-05,-9.34310596848955e-08,5.74818379982236e-16,2.11569314067935e-07,-7.01652149111855e-16,2.85549117134898e-06,6.911762593256e-16,2.84795418382082e-06,6.45649716640715e-07,2.33764213125624e-08,8.40143643652584e-07,5.76646767360789e-06,-7.5417557287346e-08,2.31416746224919e-06,4.71677147648464e-16,1.36742661751436e-06,-7.7178579150448e-08,-2.82970334773979e-16,-1.01673775478472e-08,-2.07185292296891e-07,4.81362189568597e-08,-5.90993704745961e-16,1.54540517294877e-07,2.0461986673196e-07,2.31904073271531e-16,-5.71829470455876e-06,-0.000196907569794537,-5.84093045045193e-09,4.14849870310628e-16,2.10636378179552e-16,1.04573844904765e-07,1.21885353464475e-06,9.86038206957267e-08,-4.16189452325827e-08,7.20676108089521e-07,8.80552313523254e-17,3.99869252012791e-16,2.63044373951813e-06,1.81309679634151e-08,2.53475357994046e-16,6.35443189562104e-06,1.22462101248832e-16,8.64552041593798e-08,-1.21496946142367e-06,-7.09867566841237e-07,-4.70545025491639e-06,-1.91278864072557e-16,-1.65029532959363e-16,-3.83567957167124e-16,-7.85898039876816e-18,-9.94245535563171e-09,-3.44852283077412e-08,-4.61516121445385e-16,-9.70138715040105e-16,-4.53312671250818e-16,4.85291393609786e-08,4.36072030454261e-10,-2.40047889751499e-08,-3.15943668433581e-17,2.66496893996937e-16,4.03540048599105e-16,-1.02890112247217e-06,3.14836718408877e-08,-8.02565024537426e-17,5.52213468745814e-09,-1.44438657051222e-07,3.98776870927227e-17,-2.4483790448124e-16,-3.7834433803221e-06,-1.02171917029481e-09,-1.87360642493167e-06,-9.43302237160115e-16,5.55875675762863e-08,8.96901203504048e-07,9.62058485857979e-07,-2.99753972639784e-06,-2.12954376551878e-07,3.46607061235029e-09,-2.90696360732706e-16,-5.68792334047493e-17,1.22881547942415e-16,6.58414332228333e-08,-5.96131894932793e-08,-8.50368691618511e-07,-1.76670187235947e-08,-9.77304612218538e-17,3.08602134189973e-16,2.29042058553749e-16,-2.04720947834377e-16,1.06326243658898e-16,8.42800510864308e-08,1.26209350972508e-16,-2.25631338714318e-16,-5.15785441341345e-07,-1.27824819394624e-16,-4.61706228702686e-07,-1.33065600525764e-16,-5.72391969422654e-07,-1.57068847747764e-16,-6.92784955457808e-07,-8.66899573258209e-08,-2.09224072925973e-07,-8.46963297554261e-17,2.78162348726387e-06,-1.2356612392267e-16,1.15524899533239e-06,-1.83663054669611e-07,1.01639485956857e-09,1.05568655682582e-17,9.18999311025367e-06,1.98908919191663e-16,-4.02629012622187e-07,-2.0553154570253e-07,-3.32328172838666e-16,1.87234297448224e-16,-1.76686384506689e-17,3.53068265967712e-17,-2.60377334355391e-08,-3.39033926436216e-07,-7.56971161452153e-08,-1.47929235283324e-16,5.89715690884759e-17,-2.12038527262058e-08,1.72962796323242e-07,-1.58225447551173e-16,2.10963918472869e-16,-5.65865523475942e-07,4.96222389565481e-18,-2.44198064086894e-06,-2.69321715060729e-16,6.1144224974459e-07,-1.64873812163809e-16,-1.88925240909058e-16,-5.52025826314856e-17,1.39887610662539e-16,-6.25605754491874e-17,-1.48498589348696e-16,1.17462523715886e-08,-8.21485777300339e-08,-9.7227721255288e-17,-5.45352579522917e-08,2.29119263029551e-06,3.57016549017248e-16,1.32085481275433e-16,4.24247510100931e-16,3.78776835555769e-16,7.70315912032874e-07,1.23195053919167e-07,4.98960098940819e-16,4.68491909532341e-17,-4.10303475112005e-07,-1.32533261640747e-07,-2.00664190170968e-09,1.23579129719925e-16,1.10871656774801e-16,5.83160830090169e-17,-1.73962845074183e-17,-3.83442742024086e-16,-2.39920126384023e-16,3.00751308293297e-06,-0.000672631836941823,-5.22298183400849e-07,1.38266018958024e-16,-7.0061941094468e-17,1.45018436362675e-16,6.23438751990627e-17,4.80832028430577e-16,-2.28468502271892e-16,2.27773097176687e-16,-7.3681946476494e-17,-2.21354251016896e-18,1.46798662019595e-16,-1.23668778680152e-16,-2.6642866580529e-17,4.81139181646125e-17,-6.425534998805e-17,7.77532581254896e-09,-3.36090139556499e-17,-1.43648443568154e-17,7.40677165456837e-17,1.10056194758241e-07,-4.98321633204023e-08,-7.63131743334017e-17,-2.84031210479355e-09,1.00563915469194e-07,-2.60745863107308e-17,2.74860546522544e-14,-1.93877070035765e-07,2.08359784552255e-16,2.474880138923e-09,-1.55480935552186e-17,-8.98653083940444e-17,-3.14572207190199e-17,-2.65394161185762e-17,9.09056625390624e-08,-3.32365633720098e-07,-2.54347828254478e-16,-4.245379462827e-18,7.63321847352555e-17,-6.9214606869267e-16,8.23993651088983e-17,4.00855664712775e-17,-3.9655912239079e-16,-1.57259902142208e-17,3.99074802463368e-09,1.38707395975499e-16,-5.97889880972478e-17,-9.36264312098418e-17,-8.55662008966116e-17,-7.2165199404355e-17,1.83494982734671e-16,-8.67182794304901e-07,-9.35681886307042e-18,-3.02282423957829e-17,5.86569905226189e-08,-6.10417006865274e-18,-2.96594587647679e-16,1.0538465456791e-16,5.93070384076749e-17,4.8855155809696e-08,-1.32554016056632e-16,-1.35134472397496e-06,1.37475294885353e-16,-4.05048737453913e-16,2.70007105131726e-16,-4.56188228468643e-16,3.91566836164345e-17,5.62529013054034e-17,4.87969533633326e-08,-2.61442017364528e-17,2.12509081708191e-16,7.36409067670362e-09,-6.08825317106949e-06,-3.20599797334347e-17,1.25316412423546e-06,6.2433572531737e-07,1.21290992757209e-16,-2.23819523886216e-16,-1.95527199901258e-16,-8.21463192042067e-17,1.11049870338475e-16,-1.0464804270389e-06,-1.62494758638705e-16,2.50556526024254e-16,1.39226077300433e-16,4.18738574745321e-07,-6.22386850752977e-16,-3.41858189279679e-16,-3.30775160725909e-17,1.30027092489176e-16,-1.90648160351279e-07,-1.37569266851207e-16,1.53229238213005e-09,-5.06836681884543e-18,6.4435497678412e-17,1.08895502947946e-17,2.45312445662001e-17,1.8354980541695e-17,3.74612563363598e-16,3.57362319843409e-17,-2.65622041918849e-08,-5.30532906247197e-17,3.15864377752362e-17,1.11646222002064e-08,-1.80557058108556e-17,6.69495051384347e-17,-1.44892235657329e-16,-3.82237962061184e-17,-2.11272108104145e-16,1.2192252241977e-17,-8.08818157053355e-08,-3.60674206791289e-16,8.86666832726218e-17,2.4077069784551e-08,3.25258873709562e-16,6.61666733328116e-17,6.38529089513086e-17,-5.51564162729201e-17,-2.34495127578541e-16,3.57070571044153e-17,-1.23565051987948e-17,5.0386254194968e-17,-1.31666144659906e-16,-2.19386023822477e-16,-3.70650983561836e-17,-1.26180455755948e-08,4.18367373881388e-08,9.21740276699577e-17,1.6444035993754e-16,-1.21354015544583e-17,-1.1155098755721e-16,2.34187669256869e-16,-2.15559470018728e-16,-1.67266675332355e-16,8.55621329738125e-17,-3.98510566558672e-08,7.44570919211082e-17,-4.01461163793625e-17,-7.08037969654171e-17,1.17947255987046e-16,4.63681442089007e-09,-7.91432103385911e-17,-7.34858517057936e-10,3.54706893298116e-16,-2.4001492532691e-17,-8.66358350198058e-17,-1.46273954342516e-16,-7.86243808471668e-17,6.71185013921901e-17,1.1927661740402e-16,4.72299905881375e-16,-1.88742224842448e-16,4.97935075647325e-17,6.54906804687601e-17,-9.16367958458912e-17,1.94457569369016e-16,-5.76428005221312e-17,3.09396174932698e-17,3.51393674192223e-16,9.08237499145715e-17,-1.29705282359661e-16,-1.67164647749441e-16,1.67789483929423e-16,3.38271077815477e-16,-9.10837782096963e-17,1.37650940527243e-16,-1.07504982718517e-16,1.00166792560186e-17,1.30236474492923e-08,3.37350291489552e-16,-5.24977271284029e-17,-1.1898330268311e-16,-1.81098460702339e-16,2.59345295629001e-17,-9.9613577029489e-17,-8.31001623664828e-17,-9.27399595173832e-18,3.83057345379519e-17,1.01482135046174e-16,1.26634813746307e-16,-1.35026868662196e-17,-3.26804197387356e-18,-2.61055173656829e-17,-1.44551740704005e-16,-6.18581599666748e-17,-6.18288792390234e-17,-1.67340327888734e-07,-7.11533725412321e-17,9.05568690468088e-17,-1.3120779336251e-16,4.9230538770373e-17,1.69422432250322e-17,-1.14277453692804e-16,-3.75852018384868e-17,2.25280253687315e-16,1.35434175959148e-17,1.04331603169895e-08,1.06225865265951e-16,-1.67273933017248e-17,2.95662793937074e-17,-8.81424285554452e-19,2.26835030100538e-16,-3.87848203599911e-17,2.47704516530424e-17,7.56304983255612e-17,5.08782731913775e-17,-1.87372820736245e-17,5.91603737621346e-17,-2.12428746115688e-16,-8.15394237413596e-17,1.78295016162133e-07,-4.69437228458183e-17,9.42746333294124e-18,2.58369911392514e-17,-5.82867087928207e-16,-1.44052318066457e-08,-1.2161607642444e-16,-1.781514611139e-16,1.0374038945932e-17,1.63834883690886e-16,9.41831362487354e-17,-2.69374482825459e-16,4.06006035338647e-16,8.20567725037135e-17,1.05621044041267e-16,-1.5729599020323e-17,4.70210123423959e-17,8.78988386309804e-17,-7.54076823387103e-17,-5.063079644065e-17,9.87191753034779e-17,5.80729894092143e-17,-6.04488247463097e-17
"t236",0.0292891965384187,-0.00607286774318444,-0.00644455874630707,0.000237468747239346,0.000678292350061229,0.00443664348333012,0.000813168086549309,4.96404097109268e-06,-0.0122754765355796,0.0205534946705297,0.00776168208974564,-0.0045915414177587,0.0104799626172519,0.00239114620623323,0.0809902207650274,-0.00258904555400977,-0.00193202150535857,0.000258394066474952,0.135851245138955,-0.0840074709666961,-0.00117150673683542,0.000197754741330174,-0.017733578852722,0.000110812201761012,-6.25031979530795e-05,0.00307993775144042,-0.0127854144458003,0.000195673281575441,-0.00236396316510944,0.0110156517339968,0.00101146349409239,-0.0378368852004593,-0.000176701973245917,0.0321606192229443,0.00187304272817986,-0.132723230826504,7.02574340363069e-05,-3.78960068176971e-05,-0.000975631427867731,-0.000101521780940879,1.80422538119851e-05,-0.000441089384108485,8.02138031154233e-06,-0.000453767489042204,2.4647843683551e-05,-7.40896537490695e-06,1.46236709878477e-06,-2.2407314747198e-05,0.00115143172619407,-0.00214118814218411,2.39997223341552e-05,-2.23067885750715e-05,1.86149821180034e-06,-8.19107503116298e-06,0.000178572194962176,-0.000538486965638882,7.74160812793201e-05,-0.000270029063466864,0.00217313367272782,-5.43100558447133e-06,-8.85919043152153e-06,0.138821258322556,0.000131224800544241,-6.48928873917878e-05,-3.55130488746496e-05,5.67500786906468e-06,-1.57915032127365e-05,0.000159451845762671,-3.8970232531718e-05,0.00017778755249821,-1.49082195079858e-06,3.75185830625048e-06,-1.27483741480043e-05,-7.96229037002223e-06,3.32952845452631e-06,9.73993761909725e-07,-2.81305445392122e-05,3.98268065455856e-06,-0.000385333962189205,-0.000141701821026882,7.87437816193053e-06,0.000600401259021027,-0.000258583150540158,-2.48473615640798e-05,6.02205619148443e-05,4.58067763661708e-05,-6.75390346048868e-06,-4.01565073800155e-05,-2.29608764826188e-07,8.87735627972536e-06,-7.28738666272826e-05,4.51061296438682e-08,3.09030401316628e-05,-2.5732177743628e-05,-3.94766339965668e-06,-5.44543557918034e-06,-6.39489782866981e-07,3.25709874617869e-06,-3.57470374430352e-05,-0.0002814121053535,-1.87358234424578e-05,1.23430877390721e-07,-2.57880860637532e-05,0.0671823154954451,3.2520442173016e-05,-1.18419765370257e-06,0.000130597884165017,-1.32763714842811e-07,3.9364151016158e-05,-1.97715410463033e-08,-5.32441906936992e-07,-1.1615429287874e-07,1.38760961539005e-08,2.03457856214909e-07,-1.86901544034755e-07,2.47779525999988e-07,-1.03444881731535e-05,9.45813429262034e-06,-2.95392158972776e-06,8.05721191812773e-07,-3.79436342656808e-07,2.0229331470401e-07,1.35984163477204e-06,2.79949087884563e-06,-1.64624894294927e-08,9.02715510444729e-07,-9.85614663460976e-08,3.15689189186142e-06,-7.01049982810479e-06,-0.000245833930663328,-1.9259444959562e-06,0.000520345054520211,2.91964545126589e-07,-7.67947467784492e-07,1.19274031977528e-08,-8.26330319665313e-06,9.52559721826336e-06,1.43058034203765e-06,-5.23167485722335e-05,5.3320525054415e-05,3.56945120921362e-05,3.98104055951378e-06,-3.50466085854157e-05,-2.18712350273575e-06,-1.26130466741135e-08,2.96097662344179e-06,1.08556650543258e-06,-1.8725769611611e-05,-1.22208826165465e-06,6.21291460418169e-07,7.66991745352642e-07,1.39983235266674e-05,5.50463454466115e-07,-0.000112732884249237,4.54855001468504e-07,2.92467818797527e-06,-4.39851376588221e-05,6.43206847268526e-06,1.34789236862749e-05,4.46062051125924e-06,5.33359199142739e-06,-7.80342944572739e-07,2.19096761393656e-05,7.99427325031899e-06,-5.36486703436015e-06,3.67599431898431e-06,-0.000224881797836828,-3.84705541033675e-06,-0.000191303055733699,-4.7403960224634e-06,8.39251924881114e-06,1.48067155355666e-06,-1.77561594337632e-07,-2.27345521628187e-05,-1.14224542214954e-06,-2.32987325375575e-06,-1.02155335529156e-07,3.90949871844344e-06,0.000134621394063539,1.78796350493367e-05,-7.17518345167529e-05,-1.90569336160642e-05,3.94849151938648e-06,1.55790037848447e-08,4.67659110217708e-07,1.5131024346368e-07,0.000727361297768719,-0.000173225710715859,-0.000777187538625047,1.66996512295684e-05,2.26706957700077e-05,-4.33016747821953e-05,-4.63096060743431e-05,-6.78366583740995e-09,-6.69823514210796e-07,4.67454335065354e-05,0.000971146753418977,1.36824466250696e-06,-5.19787853255877e-05,-2.402225151302e-05,-2.40199716437276e-05,-9.99997071936241e-05,7.42770171209172e-07,4.20983975243151e-06,0.000220741276807103,2.80373209522497e-05,-0.000154762057688802,-2.30071532576967e-05,0.00900401694596136,2.2437658569485e-07,0.00661266388876981,6.35320138713417e-05,3.85253030035684e-05,0.000396955440653135,3.38414686818722e-07,4.18660476936818e-06,-1.36844895527097e-06,-8.89023153362113e-07,8.7658628685649e-05,0.00012070204975994,5.64926450563497e-05,-7.36806139468453e-05,-1.65972046160769e-05,-7.22283507119357e-05,0.000233126737541464,1.35321958952742e-05,0.00128722940178419,7.94458596289826e-06,0.000628547681729169,0.00053488175129262,-3.63336144568282e-05,-7.7955900371549e-06,-0.000202684337143866,-9.16931865090875e-05,2.002425848904e-05,1.12191686096255e-06,0.000536012256031011,3.03339253104499e-17,5.75444449081784e-06,-8.45328796253743e-05,2.13927598415613e-05,6.75721029210842e-05,0.00111846904880924,-1.56828714845035e-05,0.000388194422127025,-0.000197348059417338,0.000143677925897306,-1.41176015056114e-05,0.000121332051850979,-0.940366638838945,-8.68589226495931e-05,0.0064943721224244,-0.00692738817148862,2.36664299287943e-06,-1.24051764539487e-07,5.073023090411e-06,-3.66693754784895e-06,5.67844843205246e-05,0.000442394932511726,-7.81582186712542e-05,3.9085091036067e-05,-0.000247702974741939,0.000784846255120124,-4.5635804431497e-05,0.000159120902173754,-5.3569980831755e-05,4.55459964247067e-07,0.00369776400536021,1.31315257130309e-05,5.4984931286717e-05,4.60961485912395e-07,-4.52893296296432e-05,1.21770036934458e-05,-1.32290495263707e-05,2.0829025136242e-05,-4.02158127915224e-05,3.15419427994633e-05,-2.3696428900545e-06,0.000613909023709841,-4.1213349156822e-06,0.176364160748709,-2.26497890360957e-15,-0.00333505113266193,-6.0767181708549e-06,-3.44850634582405e-10,-3.70622371713635e-06,5.69568891061133e-06,-3.55865117235627e-06,-1.01267518422946e-06,1.15448829653507e-07,-5.13857487865575e-06,0.000194104949047679,2.50854846499049e-05,-5.25597812441945e-07,0.000456293548102172,-0.000327835590693902,2.49129019025393e-05,-0.000147971364175564,5.7715115176632e-06,8.35613088095445e-06,1.55171346110951e-07,0.00032384073378636,-4.6931979152116e-05,2.05623828198467e-07,-6.3507869925184e-05,7.31274832779604e-06,-2.64177393206106e-05,1.84269950253981e-05,5.84898641014648e-05,8.25894587463661e-06,-2.61036521814152e-06,-1.67665423461259e-05,1.67350281885857e-06,-7.62427125008017e-06,7.56000474984581e-06,6.97076761204111e-05,-0.000132916890700906,-5.72825320235947e-16,3.63766338587937e-07,5.43707204144493e-06,-4.99532181352964e-07,0.000100172450390104,3.12703720840548e-07,2.60710261505221e-05,6.00908281474348e-05,-2.1999443572234e-05,9.21114856706144e-05,-2.6472703346251e-16,-0.000240430868823638,-5.43456299461126e-08,-8.1060187038757e-06,9.60008676475967e-07,1.71029601882906e-05,-4.00431278672397e-06,-0.00015122419631055,3.99752408030231e-05,-4.69778027665921e-06,0.000243276463803714,-9.36383263528644e-07,-0.00104104364211923,-1.13351696940202e-07,-1.63534658703234e-08,-8.5574685318765e-05,1.29248921186947e-06,-9.2423973164968e-05,-1.39536564340084e-16,-6.69400533445948e-06,5.23923705642894e-07,1.50987841960511e-08,1.32728510247976e-07,-0.000168484461484295,-0.000339497543293499,4.27125353400764e-06,-1.55401168071359e-05,-8.68954183746137e-06,-3.1189378763949e-16,-5.53525181346881e-05,-5.47994062871539e-07,-6.89260726990793e-05,6.76987876835649e-15,3.68277544868553e-05,4.68620950807815e-06,-7.16116974194363e-07,-0.0001048196802953,-3.47191903918186e-05,-1.84553891455073e-05,-1.67341156750747e-05,1.835411192028e-05,3.71800367489637e-06,2.0523353644768e-07,3.94896454701803e-05,1.43849533874914e-06,-1.73210354180419e-16,-5.68830638133783e-07,2.10395376018137e-05,9.06686365562862e-06,-4.74487723718435e-05,-1.81970955616797e-16,-1.16364594345842e-06,2.1498982582949e-07,-2.04060931718409e-05,-3.50553358293824e-07,-4.60651875826808e-05,1.25611862117444e-06,-1.70666140740511e-05,0.0201871018443844,-5.44151519353003e-17,0.0128222595575014,1.60144232734744e-06,1.10485892220284e-06,0.000217934310743409,-3.89802518435003e-07,-1.61706330960769e-07,-1.56819002228303e-15,-5.2841468205813e-16,-1.86436762514569e-07,-6.4688156619665e-07,8.5890995805292e-08,-3.55538557484616e-05,3.29460739372092e-14,-1.8222049988192e-05,-2.23652817665122e-07,-2.74438015236587e-16,4.04433628389729e-16,-1.13979766051187e-15,5.93548436280731e-05,4.75872290835703e-06,-7.75061136248165e-06,0.0659850077763042,-0.000163788174228096,-7.6208197632143e-07,2.00444642093203e-07,-1.76056542554839e-16,-1.26237895214193e-07,4.05745228736485e-07,-1.57568790847816e-15,-1.86716983832195e-17,-3.13510316164507e-07,-6.69939992611696e-09,-1.94157319968897e-07,4.13781222593465e-05,1.9692453213345e-07,-2.86295227268815e-06,-1.88001384067011e-16,-2.79232129316349e-06,1.0815309593542e-16,-3.31289026976248e-05,-2.89698820488127e-16,-2.24265065894575e-07,-2.12175147083699e-16,9.25745479587792e-07,2.43995748341765e-07,3.96020552561416e-06,1.50853390796049e-05,6.66673591476919e-07,-7.6771363269877e-08,4.87584224819377e-07,1.74413857151071e-07,3.18522995675069e-05,0.000141024467818212,1.71080750459814e-07,-4.81944573663031e-07,-3.18847347336007e-05,-2.58587137045774e-06,-2.30266327001039e-07,-3.8928381209614e-17,2.15492924882418e-06,-3.71250989726895e-07,1.91506780922349e-07,2.93616379996643e-16,1.29096499248868e-06,1.01237015498323e-05,3.23902095719732e-06,-1.7009336062571e-16,-7.84642474310619e-07,-1.60275077148661e-05,-9.9023905956088e-19,-5.49760953468559e-07,1.22111146600087e-06,4.96882931243816e-17,5.5555930485866e-17,-4.47644142501716e-08,-9.21454773715564e-06,-5.24613965442063e-08,-7.27222398426411e-05,5.59135836062835e-06,1.47358008081048e-07,5.45824313061756e-06,1.31021522561755e-06,-3.27081379764793e-05,2.5283594662362e-16,6.03057445191705e-09,1.59890651982674e-07,4.40698824800651e-07,4.11956021734502e-05,-3.16724340366148e-16,-1.56319240656403e-16,1.35319811408162e-05,-2.73750571372797e-17,-1.6263960967042e-15,1.65920930018277e-06,-2.43849313399677e-06,-4.56527859088964e-07,-9.27674894132086e-07,1.16581023573281e-05,3.0452051784939e-06,3.24595918631228e-06,1.26902818046121e-16,7.42883342803724e-06,3.46509038991307e-07,1.58937049088082e-06,-4.1646603371122e-07,1.63951206586388e-06,1.31216685453987e-16,-1.44942546768845e-16,-1.23473570640451e-16,-5.46767652088321e-06,-6.84448243227489e-08,-4.43639925030922e-06,-5.94261711752944e-16,-5.23696293288231e-08,-3.7128689266388e-16,-5.90831559477001e-17,8.51985123093393e-06,-2.13316358166758e-06,4.68375338513738e-17,-0.000202098740484064,-2.35700429531444e-07,4.19264516063753e-17,5.328434873533e-07,4.15448367376756e-16,7.17738411138896e-06,1.03572178688e-16,7.15717069347785e-06,1.62235440876885e-06,5.87299323073917e-08,2.11028613244854e-06,1.44772899936961e-05,-1.89000820472645e-07,5.78494561391421e-06,-8.66959475901307e-17,3.4077866075554e-06,-1.92275343918897e-07,-4.78692599065005e-17,-2.53190640120549e-08,-5.15532180021801e-07,1.19691056532353e-07,6.61922471199852e-17,3.83346494964608e-07,5.07331769962598e-07,-1.04977630969579e-16,-1.41689954431014e-05,-0.000487754372636391,-1.44519182949888e-08,-8.25900238211657e-17,-1.04104373388092e-17,2.58049727384745e-07,3.00427512086635e-06,2.4298601316436e-07,-1.02060774158187e-07,1.76590201957574e-06,-1.93173229705973e-17,-1.4915734406295e-16,6.44199794545641e-06,4.43999859667373e-08,-8.72332187208438e-17,1.55468881436519e-05,3.86642412991459e-17,2.11337898610083e-07,-2.96641355491004e-06,-1.73303293142729e-06,-1.14838087242675e-05,-4.52714161405958e-16,-4.94216775880754e-17,1.37628785724292e-16,-6.62486040076988e-17,-2.4192676929786e-08,-8.38914509431067e-08,4.46155466446816e-17,6.00865021331234e-17,-4.73242338947105e-17,1.17952142064334e-07,1.05948950936686e-09,-5.82625456757939e-08,9.94362156537164e-18,-4.83554168928535e-16,8.67361737988404e-17,-2.48861490161288e-06,7.61408681381241e-08,-4.7088562254154e-17,1.33369310699634e-08,-3.48656342458317e-07,1.95733731085356e-16,8.86738547804947e-17,-9.12113881917938e-06,-2.46291300689282e-09,-4.51307290657344e-06,1.79658000725252e-16,1.3373097615945e-07,2.156265748436e-06,2.31071580024713e-06,-7.19031876041624e-06,-5.10645282120851e-07,8.30594022595873e-09,-2.57462679538793e-16,9.64808797617746e-17,8.45685069660174e-18,1.57201739823183e-07,-1.42323338626951e-07,-2.02926691616698e-06,-4.20609708314046e-08,-1.89714512597348e-17,6.14743573191542e-17,1.5119112856678e-16,4.60803265170955e-17,-1.94643645955961e-16,2.00163049472803e-07,9.52517961785143e-17,1.06140160600967e-16,-1.2238158441087e-06,-1.52833290609972e-16,-1.09544547623383e-06,-4.81226381147009e-17,-1.35794318359369e-06,2.74642547867774e-17,-1.64086887421711e-06,-2.05246152899111e-07,-4.95062027856257e-07,-8.02542872161323e-17,6.5770162793346e-06,-4.6878446900824e-17,2.72717402602629e-06,-4.32674289056144e-07,2.39421321201375e-09,-1.01218749004206e-16,2.16298832148852e-05,-1.39407943395404e-16,-9.46399660004918e-07,-4.83081205027091e-07,-1.07778839885239e-17,-1.05607196443452e-16,1.97095746563601e-16,-1.86071835947779e-17,-6.11332621612726e-08,-7.95782637418367e-07,-1.77618374899851e-07,-1.46944635137599e-17,-4.2380141519971e-17,-4.96757275441485e-08,4.05183864963382e-07,1.03729762325883e-16,-2.92574555376352e-17,-1.32305584910984e-06,-2.00497954737733e-17,-5.70730563839852e-06,-7.42499715275376e-17,1.42738127854502e-06,9.35782064486262e-17,-6.81744395221495e-16,9.1184761205057e-17,-1.01932470816877e-16,-6.6635521069812e-17,-1.77588555275496e-16,2.73588036282487e-08,-1.91331030100613e-07,2.4703902208468e-17,-1.2692241461626e-07,5.33079177882833e-06,2.66580424555335e-16,1.55149057479604e-16,9.81033641514769e-16,1.64071840679476e-16,1.79014623900024e-06,2.86228936527182e-07,1.0114016704877e-16,-7.81115040052385e-17,-9.53080172520588e-07,-3.07849208776531e-07,-4.6606713024917e-09,1.03364485059638e-17,7.44026920091972e-17,-6.07700391153899e-17,-2.5991082780281e-18,-5.56237040387779e-17,-3.94360416009804e-17,7.09855945177321e-06,-0.00300632281050305,-1.18005824267718e-06,7.13298446176027e-17,3.4179433888809e-17,-6.00001322547081e-17,1.36536476598051e-16,-6.86263019854509e-17,3.79929449596697e-17,1.1517762680096e-17,-8.98778722213651e-17,-6.19478776075759e-17,-2.33800903748748e-18,1.00863478439406e-16,3.32498209819897e-16,-4.28182462825003e-17,-8.35269733606668e-17,1.78635270875963e-08,1.83123566618867e-16,-1.68687456517336e-16,4.2401675386825e-18,2.52735738061577e-07,-1.14423387050414e-07,8.11502975876473e-18,-6.52141052179261e-09,2.30758049352309e-07,-3.40207118642655e-17,6.37415609390482e-14,-4.44530889231878e-07,-1.03928453342494e-16,5.66891804945547e-09,3.59315719156191e-17,-6.80160963358333e-18,1.08457070152946e-16,-3.73651865854557e-17,2.07893568497307e-07,-7.60008488730665e-07,2.12671073876947e-16,4.63432156920321e-17,2.06137835106666e-17,2.04634371815363e-16,-9.4542429440736e-17,-1.86377889543109e-17,2.47091762138377e-16,4.71320850286589e-17,9.07283740965345e-09,3.79886389686827e-17,1.19561076801787e-17,2.52308506283815e-17,-1.21215159627302e-17,-4.36870610276764e-17,-3.25927061076932e-16,-1.9690286057784e-06,1.17030994416691e-16,8.89286364320428e-17,1.33155844113777e-07,-6.64316765481879e-17,-1.12595945103749e-16,4.07097528388008e-17,3.95422713675357e-18,1.10602389671432e-07,-8.90045487041787e-17,-3.05778905058173e-06,4.58044872611273e-17,9.0991371573957e-17,1.54559725587981e-16,-2.46427295344694e-16,9.56166165756175e-17,9.07619700010605e-18,1.10306188209937e-07,-1.42896251201653e-16,5.11736728613024e-17,1.66338588480243e-08,-1.37514905891774e-05,-2.82123887736442e-17,2.82864158770312e-06,1.40895812576845e-06,2.88909507891011e-17,-4.74800064242687e-18,-1.91321857109964e-16,4.5490278829448e-17,-2.04072946979017e-17,-2.35439081673173e-06,-1.04923651947561e-16,1.84243365089113e-16,4.03778270081563e-18,9.41341684909031e-07,-1.0886651292234e-16,-1.67764301380807e-16,-2.4251122048468e-16,4.01945689463461e-17,-4.28137428416349e-07,1.53996713521264e-16,3.43994922484888e-09,7.34946362581973e-18,-4.87298324707674e-17,-1.0474626232724e-16,-9.4310822531447e-17,5.33574965503924e-17,-2.61595984157513e-17,-4.66198899574769e-17,-5.95296383114812e-08,-7.71312752807227e-17,9.35799177486067e-17,2.501089880595e-08,-1.50594459720157e-16,-7.68111184358448e-17,-1.12339464201339e-16,-3.99731402919963e-17,-3.08898911713265e-17,-8.82889027644974e-18,-1.8095005660297e-07,1.77148755540872e-17,-5.85753820624592e-16,5.38335306097986e-08,-5.43093262912332e-16,-3.60791812825702e-17,1.92383917431098e-16,-1.04407707519351e-16,-8.02852632682185e-17,-6.24112193838911e-17,2.78948508936625e-17,1.28719655598155e-17,-1.93689798339602e-16,1.66546888499452e-17,7.51747473547507e-18,-2.81505612176493e-08,9.33121539125637e-08,2.13522243051879e-17,1.34621280915615e-16,-8.74181184101234e-17,-1.76116688896561e-17,-1.77809156287623e-16,3.93037682902479e-17,1.72079912460128e-16,2.96541502158386e-16,-8.87610271757636e-08,-1.1100405669125e-17,-1.01675215663149e-16,-3.40253340365561e-17,1.05079629113371e-16,1.03155977797279e-08,-2.7112644730225e-17,-1.63269895253524e-09,5.71747649841374e-17,5.33017619945901e-17,-4.61769853489496e-17,1.42413862746335e-17,-4.41747344424541e-17,1.30864754821044e-16,-5.93383977854792e-18,-1.78301947349581e-17,-3.47616187985099e-17,1.45770904025908e-19,-1.34251560618734e-16,-2.86524523202608e-17,1.85268915587552e-16,7.36237779889765e-17,6.34332825112657e-17,8.27427813576643e-17,-2.24447537740681e-17,-2.72864329958855e-18,1.3931340714604e-16,-4.18660117116679e-17,6.03250088770935e-16,3.20796217661821e-17,-2.38519515513783e-16,4.93229711969251e-17,5.93792302532969e-17,2.87959598062962e-08,-7.80310184923328e-17,2.23944814525986e-17,-1.92744004536529e-17,5.97490019447402e-18,-1.45987758235335e-16,-3.41511976043908e-17,-1.35024633874642e-16,5.04903566492047e-17,-6.02170578444941e-17,-1.79211139298112e-16,-2.43728648374741e-16,1.2596985383329e-17,4.43902067617303e-17,-6.50741758938232e-17,6.67640028266771e-17,7.62756626533703e-17,-3.32838311520038e-17,-3.68794256216616e-07,-3.5340052809442e-18,-1.9795708414751e-17,6.54231084039582e-17,-1.23498070792314e-16,-5.60065634873399e-17,-3.18511163971555e-16,3.59226441901449e-17,-1.79023846269125e-16,3.15544470134796e-17,2.2916345530023e-08,1.4836481253235e-16,1.49578001222252e-16,-3.24237140244066e-17,-4.25764302342982e-17,-3.55720881248813e-17,7.98929372955184e-17,4.3969418054804e-19,1.28281184452774e-17,2.65744515464516e-17,-2.09499561652436e-16,-1.27253388854532e-16,9.4776212068426e-17,-4.75131048438937e-17,3.90314381208098e-07,-2.55369046041254e-17,1.2241070116025e-17,-1.85270436338025e-16,-2.70616862252382e-16,-3.14862104276155e-08,4.8186196901402e-17,2.12070116981531e-17,1.81221221674056e-17,8.40175326782039e-18,-1.15522486186803e-16,-3.5104972451737e-18,-7.70578777252048e-17,1.16316177884438e-16,1.44988753606434e-17,-3.30981886167636e-17,-5.90791440284476e-17,4.5580718061362e-17,-1.38571178631487e-16,-6.31604576740832e-17,1.23098718862829e-16,3.75463639016309e-17,-1.56470683952325e-16
"t496",0.029422541323314,-0.00613146946035726,-0.00650878133625911,0.000240652634470845,0.000689465139593197,0.00452265914368913,0.000829249873927768,5.07020932663711e-06,-0.0125869012273037,0.0211896001139974,0.0080692908942413,-0.00481806526965566,0.0110129665082511,0.00251470462134493,0.0853686139290813,-0.00273779791067639,-0.00204584898833029,0.000273911926395086,0.14421159215784,-0.0896573498742042,-0.00125725277736604,0.000215525011242582,-0.0194259918341023,0.000121454520478438,-6.85321396989335e-05,0.00339280337778243,-0.0141013171800897,0.000216014298924031,-0.00261709345463535,0.012439675103326,0.00115226365129318,-0.0433833303325605,-0.00020481157950109,0.0375655348118617,0.00220715269520222,-0.158709799313754,8.42273435586874e-05,-4.55785028438266e-05,-0.00117507401789039,-0.00012265712909734,2.19327726360121e-05,-0.000539090356559888,9.83697282061686e-06,-0.0005566326598424,3.03584807620442e-05,-9.26640888315311e-06,1.83776103385658e-06,-2.82233004238535e-05,0.00145962622384968,-0.00273347828732493,3.09323843329806e-05,-2.88805431623659e-05,2.41167922755078e-06,-1.06725975582006e-05,0.000235325357447191,-0.000710861389114348,0.000105550853111657,-0.000371551517885135,0.00299345937190707,-7.65639240664254e-06,-1.27179188068294e-05,0.201126471428196,0.000191561959625813,-9.49123398997743e-05,-5.26946731602083e-05,8.53270587272302e-06,-2.44701035284157e-05,0.000250567253324708,-6.16433197899015e-05,0.000284629192731296,-2.55242187663888e-06,6.79089340012429e-06,-2.32820551494385e-05,-1.48176445326074e-05,6.21103130911674e-06,1.8321001142481e-06,-5.30909105217504e-05,7.64240426101534e-06,-0.000768803641775312,-0.000287372451036087,1.64345112995519e-05,0.00126109385748928,-0.000569943724714172,-5.5600750741316e-05,0.000144277618761239,0.000111927148974721,-1.68431656645505e-05,-0.00010048052825502,-5.75037181199204e-07,2.22818660603752e-05,-0.000184375985417406,1.23553543042443e-07,8.53014014788497e-05,-7.49421388068193e-05,-1.27207048538356e-05,-1.78360292051058e-05,-2.09620518279021e-06,1.1145313026352e-05,-0.000124358386225599,-0.00104512615429434,-7.36734515250294e-05,4.879206319034e-07,-0.000102550113011169,0.368088694866211,0.000183479028293388,-6.84016949956032e-06,0.000787804226745315,-8.10931862071924e-07,0.000245921880836172,-1.27947686660856e-07,-3.48639073889797e-06,-8.18303566394258e-07,9.8653327192081e-08,1.81585476062846e-06,-1.76501195150409e-06,2.68303485714566e-06,-0.000119940980592832,0.000136311346360358,-5.56920689529724e-05,1.98361685820733e-05,-1.13157447277962e-05,2.27749354034902e-05,-0.000188611448540631,-0.00035761334901992,1.62135720836883e-06,-3.36358197421142e-05,3.49121906047939e-06,-7.39348362560788e-05,8.2868622617121e-05,0.00288978942854357,2.1758998050938e-05,-0.00444248649291324,-2.37791147457116e-06,6.05230945650259e-06,-8.29598709192741e-08,5.65490679627648e-05,-5.22528922452472e-05,-6.75222023994864e-06,0.000206885785480054,-0.000209884330275973,-0.000136682284792072,-1.50353326346902e-05,0.000129499956577588,8.01526142670806e-06,4.62185829332807e-08,-1.02450590651086e-05,-3.37680205479169e-06,5.27515135948734e-05,3.36280718952626e-06,-1.62591386949248e-06,-1.99938688767807e-06,-3.58201325327569e-05,-1.39346666053998e-06,0.000281929347965186,-1.02287409911734e-06,-6.47146275530862e-06,9.62294775113293e-05,-1.11424114623417e-05,-2.21886682568459e-05,-7.28691855547893e-06,-8.35828257497139e-06,1.21268302828908e-06,-3.23461029417563e-05,-1.17303770278108e-05,7.50221518314019e-06,-4.91418527223852e-06,0.000265769896572663,4.52760214031613e-06,0.000224904038127656,5.48440198150248e-06,-9.5311906236954e-06,-1.67710447981595e-06,1.93996929804452e-07,2.45634151555012e-05,1.20505794235847e-06,2.44376062076952e-06,1.06831260660995e-07,-3.87387209175949e-06,-0.000126383674033432,-1.66328860652221e-05,6.61724492239258e-05,1.71344648996593e-05,-3.51592842600231e-06,-1.37419468632165e-08,-4.08873315634882e-07,-1.28450663768366e-07,-0.000613021495107261,0.000137295222133378,0.000614751198360461,-1.29459920108341e-05,-1.66429793567381e-05,3.04128015622787e-05,3.2038545681837e-05,4.58975594674406e-09,4.45782903073238e-07,-2.96393835226612e-05,-0.0006094075794871,-8.40051247441294e-07,3.15683249880389e-05,1.34372727833386e-05,1.3384864116151e-05,5.38560804873884e-05,-3.86985225126855e-07,-2.02832189404911e-06,-0.000106316366506358,-1.34078118696685e-05,7.24197252343248e-05,1.06057074804114e-05,-0.00398964553734586,-9.47171152478332e-08,-0.00268568463423029,-2.5498705414863e-05,-1.46605595943965e-05,-0.000146686544568975,-1.24957416826767e-07,-1.51103731059361e-06,4.66275608803161e-07,2.99599753179069e-07,-2.78584677694665e-05,-3.68389225530798e-05,-1.70024667144261e-05,2.09340963002333e-05,4.65135299828168e-06,1.99399087730577e-05,-6.14713809878571e-05,-3.53522712897579e-06,-0.000335518290980664,-1.9690176244509e-06,-0.000151071444845084,-0.000124226081392658,8.30779454815966e-06,1.75384279158712e-06,4.49112308004863e-05,2.02300883540357e-05,-4.24457654694345e-06,-2.31920219163499e-07,-0.000107814225226987,-6.0797553915405e-18,-1.11260283969704e-06,1.62148159130633e-05,-3.88251005089739e-06,-1.17447330150283e-05,-0.000187522770683373,2.62368160186871e-06,-6.06711818630908e-05,3.04881500903127e-05,-2.2078112068741e-05,2.11420948173601e-06,-1.78542013603127e-05,0.133970358849656,1.21965454684158e-05,-0.000906471751683002,0.000935442616653839,-2.76714377979609e-07,1.37493229375625e-08,-5.371550755332e-07,3.50125733279673e-07,-5.38086247246054e-06,-3.88373118836946e-05,6.56341110266464e-06,-3.07394765287078e-06,1.90647770806075e-05,-5.90346987488546e-05,3.32302884600998e-06,-1.10281228978187e-05,3.69148957284181e-06,-2.74435140951058e-08,-0.000222087855715968,-7.85815359182948e-07,-3.16464658113229e-06,-2.61408672982589e-08,2.44747381514085e-06,-6.52054931910972e-07,5.04721978197191e-07,-7.60689726483382e-07,1.41702153721981e-06,-1.01920595420884e-06,7.10934858458732e-08,-1.52685544504168e-05,9.64431689913528e-08,-0.00392315863789602,3.12011644284512e-17,6.1079173042949e-05,1.08177100271504e-07,5.56628967107654e-12,4.54305739731594e-08,-5.11209167037033e-08,2.64543710045875e-08,6.75964443311973e-09,3.33479772566573e-10,-1.7943908561828e-08,7.09397590055984e-07,1.60172108354501e-07,-7.34372285663037e-09,6.96387815248848e-06,-5.29603516353825e-06,4.75265266453404e-07,-4.42893392285547e-06,1.9827921250281e-07,2.8921082166252e-07,5.38238728788113e-09,1.46805394639009e-05,-2.68437292763458e-06,1.20664003789788e-08,-3.86409321752803e-06,4.64011952540806e-07,-1.69733615809589e-06,1.30555270774344e-06,4.17284381269135e-06,5.96674100685423e-07,-1.90196783780901e-07,-1.25550887955386e-06,1.29037470494297e-07,-6.03504856979583e-07,6.0516451905629e-07,5.68527900763605e-06,-1.12668742934413e-05,1.32646850721015e-16,3.78330248382673e-08,5.75804449250596e-07,-5.43202718344266e-08,1.09013909305004e-05,3.40580895492357e-08,2.85764800772445e-06,6.66531880967897e-06,-2.47447214071997e-06,1.06519397376481e-05,-6.77222985976138e-17,-2.95500998072568e-05,-6.72847087536457e-09,-1.01931345602198e-06,1.20941110057547e-07,2.23690480400292e-06,-5.34402583141968e-07,-2.07543305392259e-05,5.59094044364947e-06,-6.8384163491339e-07,3.67061076966859e-05,-1.44498654340385e-07,-0.00016267900315313,-1.78509302387173e-08,-2.61097730567227e-09,-1.36833794653099e-05,2.08676822799137e-07,-1.50342159353773e-05,-4.15943156181946e-16,-1.15066938617782e-06,9.10862917912272e-08,2.62527767008844e-09,2.38291806550675e-08,-3.03948298327579e-05,-6.49528606055663e-05,8.3095415016189e-07,-3.03326143071904e-06,-1.71745338761612e-06,1.07828104451802e-16,-1.10977007705318e-05,-1.10455157818279e-07,-1.4172979801792e-05,1.25038232455089e-15,7.73879556313855e-06,9.89803122575055e-07,-1.51658826033221e-07,-2.23212692129871e-05,-7.46217562516871e-06,-3.99434787438721e-06,-3.64165294352737e-06,4.0596308858403e-06,8.23953780537674e-07,4.59964618427395e-08,9.02832825989525e-06,3.29212380096757e-07,-1.64656883002582e-16,-1.35440046171202e-07,5.04460656018886e-06,2.20780314351625e-06,-1.18313283368805e-05,-2.89495582953541e-16,-3.05781578692742e-07,6.00782424984951e-08,-5.8685552547481e-06,-1.02199260961493e-07,-1.36541467158601e-05,3.84219951590213e-07,-5.50540379758128e-06,0.00753366810978742,6.61798765250132e-16,0.00557086222452873,7.06023135340055e-07,5.0261753971886e-07,0.000103762968381996,-1.86262605996236e-07,-7.83115197105974e-08,-1.41553435639707e-15,-4.21759336549967e-17,-9.79700484177301e-08,-3.67596954021295e-07,4.93129924618276e-08,-2.20707742176431e-05,2.42956758285085e-14,-1.38437396295695e-05,-1.8931515821293e-07,-7.35840580385106e-16,1.13792317755512e-15,-3.05887586318171e-15,8.0204714917608e-05,6.98310606478109e-06,-1.63261041186143e-05,0.224736028502134,-0.000602120443179071,-1.06406237972599e-05,4.17188805728659e-06,8.953635014744e-16,3.29703461508577e-07,-7.47203160775602e-07,-1.097944005611e-14,-5.61878193521307e-16,2.57107185962735e-07,4.80039202329884e-09,1.18335106073466e-07,-2.28445999252933e-05,-9.14611886319924e-08,1.29529642896959e-06,3.96473152860138e-16,1.21969198641203e-06,1.02084322627512e-15,1.31290408024998e-05,-6.91937826480249e-16,8.30037521594226e-08,-4.5336607338672e-16,-3.15197293292785e-07,-8.17205965565497e-08,-1.07907541513238e-06,-3.94262522732573e-06,-1.71264730724278e-07,1.83219519055693e-08,-1.09321016575875e-07,-3.39745561359012e-08,-6.19700346662038e-06,-2.63026901180081e-05,-2.95628973036961e-08,7.53054161470082e-08,4.58211180526286e-06,3.48057091666244e-07,3.00131593327744e-08,-6.17361205546079e-17,-2.54273337843163e-07,3.97925718170377e-08,-1.55426492759433e-08,-1.87499966662771e-16,-9.63862491189414e-08,-6.6390976950209e-07,-2.0063467498055e-07,-2.97343819265821e-16,4.71751914695357e-08,8.53100260253193e-07,4.3520806850009e-17,2.74937426294536e-08,-4.00237182591496e-08,8.30771081083613e-17,5.29492847455322e-16,1.20306770840631e-09,2.42949912602128e-07,1.26014471851202e-09,1.55265477783949e-06,-8.73718990827644e-08,-2.23259964239251e-09,-7.90536119536779e-08,-9.92277967749083e-09,7.78907076274655e-08,9.41087485717418e-16,-3.09654662407063e-12,-3.15728189016259e-11,3.96827784369795e-10,9.05636184505496e-08,-1.25149080702609e-16,2.07989007091891e-16,5.32796845597951e-08,2.66062694564923e-16,-1.19153058968802e-16,2.31174317707945e-08,-3.78254664070407e-08,-7.09651938216565e-09,-1.74947229622036e-08,2.24928046487789e-07,5.90354574329688e-08,6.48583832894753e-08,6.58999361603217e-16,1.92834889687195e-07,9.40969549635362e-09,4.37802378068898e-08,-1.22639226376996e-08,5.37018026814387e-08,-3.4569321464784e-17,-2.28338092786301e-16,5.10557981882689e-16,-2.03246482005437e-07,-2.66697986205123e-09,-1.73459071545842e-07,1.50436416819323e-16,-2.13467876875503e-09,1.82077888784431e-16,-7.18282707000686e-17,4.03768456059064e-07,-1.01257022779298e-07,4.68375338513738e-17,-9.88929763052813e-06,-1.17282528524897e-08,-2.43771134006255e-17,2.73823468466456e-08,-6.55450631315293e-17,3.82179432826195e-07,-2.55394707854188e-16,3.82258987956938e-07,8.68507152744583e-08,3.15225853329474e-09,1.13676366350022e-07,7.86106797615308e-07,-1.05579209088488e-08,3.34888229883801e-07,8.54667174666793e-17,2.05039508400723e-07,-1.16124850989244e-08,3.16464154863028e-16,-1.53668222754702e-09,-3.15612918280134e-08,7.38269460484652e-09,1.6852956114847e-16,2.42045548628285e-08,3.21691707146142e-08,-3.88499374230325e-16,-9.03340808258824e-07,-3.11777658768158e-05,-9.32330340929538e-10,2.53127829010221e-16,-1.09102914266949e-16,1.6965976922255e-08,1.98885894014544e-07,1.6107208249511e-08,-6.90926869482541e-09,1.19800625107422e-07,-3.81022876089158e-16,8.59114309827893e-18,4.37574561733377e-07,3.01631736243788e-09,-1.61862799494102e-16,1.05791536175191e-06,-6.33599394802743e-17,1.43964839319551e-08,-2.02208956657678e-07,-1.18135393520039e-07,-7.82809252593562e-07,1.15801131605972e-16,-5.67882214279475e-17,-9.3744297485341e-16,3.45516738032112e-17,-1.64306622215026e-09,-5.69411155796416e-09,-4.0188885460426e-16,-5.04489400085152e-16,-8.03836053813797e-17,7.98520832313944e-09,7.16292068931407e-11,-3.92233593056943e-09,3.67962285937758e-17,-3.37945817163732e-16,1.67834496300756e-16,-1.63850780098384e-07,5.00810172470902e-09,-8.98618839699863e-17,8.66238451118365e-10,-2.25152018079947e-08,7.29606521418621e-16,9.37407929709598e-17,-5.80082062025455e-07,-1.56426099375451e-10,-2.83698817142981e-07,4.36249573043655e-16,8.24469587752792e-09,1.31350068686252e-07,1.38187733680037e-07,-4.17820586286013e-07,-2.94221857240368e-08,4.70561869048621e-10,-2.80957562686444e-16,-1.42604549279901e-15,1.08421587711192e-15,7.84965926713809e-09,-7.08945245217187e-09,-9.89871645256254e-08,-1.80227888005787e-09,-4.85500392213687e-16,-8.674804737544e-16,-1.61858500328735e-16,-9.49068369566678e-16,2.4137619986949e-15,7.03143053811592e-09,-3.57759028062824e-17,-6.82359427661119e-16,-3.86664847048694e-08,4.27043705736874e-16,-3.43941597181492e-08,4.1613944258032e-17,-4.21811925478582e-08,7.96989108844186e-17,-3.94164043858236e-08,-4.55068574781686e-09,-9.5057143853867e-09,2.43061245820239e-16,1.0054946706271e-07,-2.55548104489947e-16,1.52456986361558e-08,4.27509652495191e-09,-2.54758408109566e-11,-2.37317003340213e-16,-3.91898253648499e-07,2.19560053443705e-16,2.99551772833475e-08,1.56404393076061e-08,-2.20169854308734e-15,-7.77763696481763e-16,9.07536926926037e-16,5.4150988364944e-17,2.7847192065326e-09,3.92918214933421e-08,9.59413035874059e-09,9.1397827808898e-16,1.18714017402561e-16,3.95811467750786e-09,-3.28086851211079e-08,-9.80338378755364e-16,-1.76318704831725e-15,1.64414065418021e-07,-6.23053574569135e-16,7.74321421499783e-07,1.17845546060303e-15,-2.49255994604862e-07,-6.21855829978711e-16,-2.76842618605027e-15,-2.33447273499567e-15,-1.64177300804399e-15,3.86397565427288e-16,1.68581396191955e-15,-8.11859710686103e-09,5.71946676217166e-08,5.50444257737935e-16,4.64409275502373e-08,-2.13214267531601e-06,-2.04710370052477e-15,-4.9899757295664e-16,1.05071346766031e-14,-1.05099340151264e-15,-1.10081788173163e-06,-1.97654004059616e-07,-1.03938115004644e-14,6.2939284681698e-16,7.56636863524946e-07,2.49105403647236e-07,4.02948307251469e-09,-5.55699516838584e-15,-5.92017717541273e-16,6.70923469233352e-15,5.39940884141373e-15,-3.1457181633917e-14,1.24618567475599e-14,-8.20976875342248e-05,0.828941388795456,-1.54823318821485e-05,-1.38653946324383e-14,1.33707724056824e-14,2.52019773484148e-14,-2.53257511923223e-16,-2.23334983324182e-14,-6.64136429574515e-16,2.66412754597187e-15,2.15091410441508e-15,3.7665370293113e-16,-2.88197744103314e-15,-4.08656435866582e-15,-1.17562219680686e-14,2.0964146584586e-15,1.42739354085265e-15,1.57516293205007e-08,-1.17355781803757e-15,-7.62917736393817e-15,2.1697387868624e-15,2.03413367934674e-07,-9.03357109138357e-08,-1.38884780399158e-16,-5.08892291114416e-09,1.64327702832166e-07,8.21419112249407e-16,4.15269656951429e-14,-2.87479859954994e-07,5.7332940115126e-15,3.32391457561905e-09,-2.67522836322763e-15,1.87887026196325e-16,-9.04953261056578e-16,-1.50797797608905e-16,1.07846246041185e-07,-3.91429987718272e-07,3.89711651445763e-15,-2.10508233315478e-15,-2.07470645916779e-16,-1.08611220396819e-14,-8.40473524110763e-16,-5.24400672020224e-16,-2.08191043669119e-16,-4.99855589594311e-16,3.61460387033847e-09,3.74494547745431e-16,-4.42426409608278e-16,-9.4799603170508e-17,7.38389360220423e-16,-8.0144986166267e-16,8.05754736361873e-16,-7.56757295164191e-07,-2.2459156171799e-16,-8.5508367511294e-16,5.08632233352668e-08,-8.83319250438952e-17,1.17510210682336e-15,-4.37811109601904e-16,3.68348682691086e-15,3.96915599459502e-08,-3.41891582772148e-17,-1.08687236266281e-06,2.54608621358467e-16,-8.3461294934369e-16,-3.40007590679285e-18,-4.13746795613519e-16,-1.19581306887157e-16,2.13037533013992e-16,3.84970051109395e-08,6.78038531656294e-16,7.47532294620892e-16,5.7303729520219e-09,-4.73439984580342e-06,8.54461720490457e-18,9.63705470326156e-07,4.7850856797439e-07,-1.78678280231355e-16,-3.57661598476062e-16,9.2779253272403e-16,-1.4722968900896e-16,7.33482573160899e-16,-7.67502389853781e-07,-8.77910510777946e-16,-1.36991395634239e-15,-1.57265230401981e-17,3.04117748698364e-07,-1.95706124085834e-15,8.85405133384063e-16,-8.29281964027531e-16,8.54203208422954e-16,-1.36795888658299e-07,7.76717447081735e-16,1.09556072521806e-09,-2.80278444938167e-16,5.28509033008557e-16,-1.41977631075546e-15,-1.97314471153402e-16,4.8567939806782e-16,-3.19853204695976e-16,-3.25811180933108e-16,-1.86611088058966e-08,-7.71206058424582e-17,-6.05276754649095e-16,7.81200666280791e-09,1.93544727767124e-16,-1.75652411042785e-16,-8.45514819235113e-16,-3.64497022739416e-17,2.47512661430463e-16,2.47575634182581e-16,-5.5921031760414e-08,1.72210037691176e-16,1.05066625867185e-15,1.65633444616883e-08,4.12214114275693e-15,4.06902285794193e-16,-5.2072621540273e-16,1.94733392927202e-16,-2.45438762066934e-16,5.17734242866984e-18,-4.48757940055047e-17,2.16286358748928e-16,9.28197137443725e-16,1.9459188737647e-16,8.15678519283342e-17,-8.5348183906915e-09,2.82453529835229e-08,2.56237060761853e-16,1.87288403636155e-16,1.64020901732894e-16,-2.8116230334347e-16,-5.98479599211998e-17,-7.31650612099251e-16,5.53991709599485e-17,4.97579920292043e-16,-2.66564959430429e-08,-1.76724618437513e-16,1.59370634373009e-16,-1.3486826253071e-16,-7.20890516852013e-16,3.07914693822579e-09,1.6822842060683e-16,-4.84316481707023e-10,2.29489569853979e-16,-8.65253138361453e-17,-1.14943290102102e-16,-1.30981583810993e-16,7.34425381134516e-17,4.97309944857495e-16,-2.2812815191923e-16,1.38923776869369e-16,5.1354554872111e-17,1.92017198509479e-16,8.82096162996465e-17,-1.93257950283328e-16,-2.2307562345008e-16,-1.15301246858659e-16,1.74951350040035e-17,-3.81828663869005e-16,3.65245610635133e-16,-4.26268716522245e-16,2.33370732677626e-16,-3.59384610512733e-16,8.93382590128056e-17,-1.17007410183493e-16,-4.0914733019333e-16,-1.63557253742211e-16,4.26371934185427e-17,8.38784686368641e-09,-8.85246745824501e-16,1.05399550524463e-16,1.24083177936455e-16,-2.85903343212014e-16,-1.6775434580675e-16,3.15380268118854e-17,2.19303971226932e-16,1.15543871478891e-16,8.39004550652565e-17,1.76664678739546e-16,9.78384040450919e-16,2.60184766049171e-16,-2.51937193944933e-16,-3.83735282759544e-16,1.11891066973094e-16,2.03662803348066e-16,1.63085675456589e-16,-1.06482749593929e-07,1.38862186600401e-16,-2.99206984042661e-16,-1.75292938617065e-16,-4.65010801600231e-17,1.50982390675186e-16,3.19598436448547e-16,-1.64178979611089e-16,-7.76444030429658e-17,-1.43821431969948e-16,6.57204732886992e-09,4.1415716767578e-16,-2.07503769943268e-16,-1.415231635392e-16,-8.71284275054936e-17,-2.20284025059476e-17,8.39369181187094e-16,8.00580412267092e-17,4.30753174851046e-16,1.16285225229434e-16,2.96956501603363e-16,-2.07052045656099e-16,9.5011191920773e-17,1.42368370921738e-16,1.11392821451385e-07,3.05841478300669e-17,6.74869845133153e-18,-2.7294767012548e-16,2.51534904016637e-17,-8.9706369089516e-09,-1.79377361383287e-16,-9.99160556780057e-17,2.07096513265508e-16,-5.16227502613341e-17,-6.44927034673401e-17,-3.85885168650141e-16,-4.78722361127264e-17,-1.0059481897999e-16,9.01603759699459e-17,1.37197808104793e-16,2.78542426038342e-17,1.60470589015219e-16,-1.39612083001012e-16,2.37747037516302e-17,1.6049378876001e-16,7.95693484912854e-17,-3.9224951952278e-16
"t689",0.0294259729511594,-0.0061329754235398,-0.00651043160113869,0.000240734369642289,0.000689751720027718,0.00452486367434091,0.000829661996949581,5.07292887907041e-06,-0.0125948699376388,0.0212058524630148,0.00807713228004162,-0.00482382523779127,0.0110265142734805,0.00251784454916662,0.0854798124893909,-0.00274157256159784,-0.0020487363480515,0.00027430544196648,0.144423522690406,-0.0898003690276437,-0.00125942017491462,0.000215972404682165,-0.0194685454678141,0.000121722070959174,-6.86836940467462e-05,0.00340065885095324,-0.0141343469088005,0.000216524746956708,-0.0026234411240121,0.0124752095315503,0.00115576962363052,-0.04352122341214,-0.000205508619943107,0.0376993175235248,0.00221540560038106,-0.159349528810273,8.45710510283208e-05,-4.5767379320415e-05,-0.00117997580434522,-0.000123176215298003,2.20281920999464e-05,-0.0005414910606944,9.88141529169946e-06,-0.000559150457911806,3.04981325286655e-05,-9.31168013454531e-06,1.84690100710641e-06,-2.83648370902216e-05,0.0014671160921725,-0.0027478508589691,3.11002755563371e-05,-2.90395927101231e-05,2.42498881336076e-06,-1.07325580298509e-05,0.000236693485564163,-0.000715015288009558,0.000106224495919758,-0.000373977982621299,0.0030130616081702,-7.70933510032483e-06,-1.2809409607178e-05,0.20260124705426,0.000192988194158696,-9.56216866749581e-05,-5.30996233853264e-05,8.59990182606741e-06,-2.46731188260174e-05,0.000252693691821066,-6.21718853524048e-05,0.000287115035165995,-2.57686364750217e-06,6.86029698862209e-06,-2.35223140547105e-05,-1.49735985577095e-05,6.27656179354363e-06,1.85159289753508e-06,-5.36576556088193e-05,7.72531689024048e-06,-0.000777447535285625,-0.000290649318737311,1.66263951225482e-05,0.00127589259819605,-0.000576878732334367,-5.62845617690004e-05,0.000146132962054638,0.000113383640582208,-1.70649558718533e-05,-0.000101806178168815,-5.82627480462228e-07,2.25763468630694e-05,-0.000186823634172779,1.25262830351358e-07,8.64858721805357e-05,-7.60086816337694e-05,-1.2909321785358e-05,-1.81020972324398e-05,-2.12748401443124e-06,1.13141645330648e-05,-0.000126252966319163,-0.00106138348905563,-7.48387254207056e-05,4.95649293346478e-07,-0.000104177191948133,0.3743629913991,0.000186622796387735,-6.95784274958638e-06,0.000801453827036372,-8.25009999822043e-07,0.000250206145154531,-1.30188474227206e-07,-3.5475535836791e-06,-8.3280517722483e-07,1.00403716816541e-07,1.84892404509237e-06,-1.79733171824776e-06,2.73275233245323e-06,-0.000122175307014343,0.000138887417068373,-5.67590205574149e-05,2.02200781326707e-05,-1.15360092834273e-05,2.3227008253436e-05,-0.000192402175541154,-0.00036480409129267,1.65401674690705e-06,-3.43219462205126e-05,3.56250947578657e-06,-7.54608224721767e-05,8.46310484387636e-05,0.00295126888468782,2.22230257191407e-05,-0.00453909796644651,-2.42982069255982e-06,6.18479190213738e-06,-8.47961549582969e-08,5.78026817000268e-05,-5.3438335479717e-05,-6.90822327190874e-06,0.000211783533685287,-0.000214856444048053,-0.000139933594287948,-1.53937312777115e-05,0.000132597222558186,8.20720846757837e-06,4.73254306481493e-08,-1.04926536952116e-05,-3.45988467810532e-06,5.40728438312597e-05,3.44741203960243e-06,-1.66721750402224e-06,-2.05021686139513e-06,-3.67341191743228e-05,-1.42909881224555e-06,0.000289156126743952,-1.04967996845884e-06,-6.64165001384085e-06,9.8766382657761e-05,-1.14526055767962e-05,-2.28143551985789e-05,-7.49280080775942e-06,-8.59698355646426e-06,1.24739143480748e-06,-3.32845579454048e-05,-1.20712683450164e-05,7.72310479672681e-06,-5.06069313289491e-06,0.000273978672932261,4.66761686213366e-06,0.000231861317289724,5.65486372942547e-06,-9.82906949158922e-06,-1.72956066107236e-06,2.00130766032258e-07,2.53426925123647e-05,1.24356702928181e-06,2.52199280449918e-06,1.10254364095643e-07,-4.00008467094645e-06,-0.000130571715973493,-1.71856562774471e-05,6.83776579274655e-05,1.77101170857162e-05,-3.63441744748254e-06,-1.42064655842421e-08,-4.22733938592113e-07,-1.32846754319811e-07,-0.000634050877402329,0.00014210069823063,0.00063628232489396,-1.34024378668122e-05,-1.72404938883847e-05,3.15209854420661e-05,3.32119090900436e-05,4.75911755463996e-09,4.62324236082364e-07,-3.07574225514555e-05,-0.00063247666694496,-8.72088969720223e-07,3.27767455174869e-05,1.39663467891879e-05,1.39125649219188e-05,5.60043782986396e-05,-4.02598822852973e-07,-2.11238812577542e-06,-0.000110723315022435,-1.39649446802446e-05,7.54514806131887e-05,1.10519917257065e-05,-0.00415981783280117,-9.88245176711123e-08,-0.00280368837463269,-2.66235847544571e-05,-1.53190436753968e-05,-0.000153340306707355,-1.30627004706883e-07,-1.58012075761472e-06,4.88004633493694e-07,3.13612310031396e-07,-2.91866919279008e-05,-3.86184715334754e-05,-1.78274934342256e-05,2.19687202363842e-05,4.88223345031111e-06,2.0934358107264e-05,-6.45812343976548e-05,-3.71458855684303e-06,-0.000352552918881361,-2.07053760767625e-06,-0.000158932890027594,-0.00013075689990272,8.74656853295341e-06,1.84691277152345e-06,4.73050994368425e-05,2.13097495124823e-05,-4.47373114746376e-06,-2.44530632559199e-07,-0.000113721721444468,-7.17435881679492e-17,-1.17423680590764e-06,1.71150122443599e-05,-4.1013006948753e-06,-1.24141701433362e-05,-0.000198311422632531,2.77471264982374e-06,-6.42239869701756e-05,3.22785913650495e-05,-2.33763709045492e-05,2.23931210530066e-06,-1.8915138917879e-05,0.141992441761226,1.29293452754525e-05,-0.000961010880548071,0.000992154305264936,-2.94025131355731e-07,1.46189230790239e-08,-5.71437458868501e-07,3.7291136417241e-07,-5.73152319949174e-06,-4.14025470403273e-05,7.00018674199782e-06,-3.28069239588295e-06,2.03513676218968e-05,-6.30327962992249e-05,3.54918402022007e-06,-1.17841031861866e-05,3.94475004808404e-06,-2.93608650866889e-08,-0.000237610532531611,-8.40764927207339e-07,-3.38702616031109e-06,-2.79811281757743e-08,2.62076814658838e-06,-6.98273422125301e-07,5.41746726200575e-07,-8.16700386137576e-07,1.52166784059873e-06,-1.09498504504777e-06,7.64079689445151e-08,-1.64238513667899e-05,1.03766204180115e-07,-0.00422187504735805,-3.43355275056798e-17,6.57742161906237e-05,1.16502844036027e-07,5.99632296989141e-12,4.89750032670476e-08,-5.51420027190732e-08,2.8543281662169e-08,7.29442457615246e-09,3.60514220069956e-10,-1.94008841226132e-08,7.67022231911219e-07,1.73275823872058e-07,-7.95668510756814e-09,7.54714537096386e-06,-5.74067447429161e-06,5.15482975581918e-07,-4.81506018214778e-06,2.15781166684748e-07,3.14757632168428e-07,5.85793073109138e-09,1.60175639130878e-05,-2.93746309227122e-06,1.32090539623835e-08,-4.23236315733669e-06,5.08579172610999e-07,-1.86074910295156e-06,1.43375613436029e-06,4.58321946456121e-06,6.55513364261369e-07,-2.08987351671444e-07,-1.38030570898684e-06,1.41950287818266e-07,-6.64273932985611e-07,6.66265883605339e-07,6.26194053375774e-06,-1.24208790767955e-05,-1.74505474195334e-17,4.19419522396939e-08,6.38702685976806e-07,-6.03052608631055e-08,1.21028078377832e-05,3.7812559924162e-08,3.17333081230425e-06,7.40455644123219e-06,-2.75020493921364e-06,1.18502500453481e-05,-1.69668423398364e-16,-3.29472925178948e-05,-7.50407837570179e-09,-1.13748777895639e-06,1.34972021487368e-07,2.50010712038552e-06,-5.97771675037046e-07,-2.32423659892564e-05,6.26621439106007e-06,-7.6777544293426e-07,4.12780750327051e-05,-1.62665683379668e-07,-0.000183239300734397,-2.01143844262462e-08,-2.94396049378698e-09,-1.5429554701908e-05,2.35415640074821e-07,-1.69667363910689e-05,1.96990697695066e-18,-1.30209830433835e-06,1.03131632389446e-07,2.97246362701621e-09,2.70241363590314e-08,-3.44785384784429e-05,-7.3902229106617e-05,9.46264656634182e-07,-3.45477572061836e-06,-1.95739027652336e-06,-3.4986958500705e-16,-1.2657524795448e-05,-1.26015057974379e-07,-1.61863846821276e-05,1.75093380167931e-15,8.84817763241552e-06,1.13199786020327e-06,-1.73470179249541e-07,-2.55388198056305e-05,-8.54194940563458e-06,-4.57398895565829e-06,-4.17129912997276e-06,4.65399835244861e-06,9.44683061322468e-07,5.27668172053925e-08,1.03678991069176e-05,3.78078906961103e-07,-6.85279227095947e-17,-1.55860038838924e-07,5.80722912431767e-06,2.54356010502663e-06,-1.3646867864902e-05,-5.25910303389223e-16,-3.53618461575326e-07,6.9681338514798e-08,-6.81567088910087e-06,-1.18766931397783e-07,-1.58795150245987e-05,4.47463440729054e-07,-6.42620416067581e-06,0.00884391711628927,9.36567318984783e-16,0.00657323783923617,8.33433114984846e-07,5.93877885428192e-07,0.000122763513351511,-2.20392208004474e-07,-9.26951412063031e-08,-3.46944695195361e-16,3.11213699382325e-17,-1.16212753406205e-07,-4.36863226747171e-07,5.86187449221076e-08,-2.62800503415957e-05,2.90380920571327e-14,-1.65455514232411e-05,-2.26640886283785e-07,-4.92958636922964e-16,1.38136110549611e-15,-3.52149398787245e-15,9.65266819436947e-05,8.40991049459035e-06,-1.97083066471114e-05,0.271840078773511,-0.000728495548853395,-1.29017746955958e-05,5.0596875880482e-06,8.07131008214567e-16,4.01640250903594e-07,-9.11667125724499e-07,-1.2836484889036e-14,-3.56739162297806e-16,3.15663913634401e-07,5.90268605515694e-09,1.45807196782032e-07,-2.81870989623858e-05,-1.13152305956927e-07,1.60318618119131e-06,-4.0068239248752e-16,1.5105069229299e-06,9.02895302639006e-16,1.62873478723372e-05,-7.5091842466346e-16,1.03101811744357e-07,-4.64019010200973e-16,-3.92152769882546e-07,-1.01706135029325e-07,-1.34887398390839e-06,-4.93303600678464e-06,-2.14371988143128e-07,2.29731093528261e-08,-1.37279097123757e-07,-4.28136983479734e-08,-7.80951980947113e-06,-3.31830400237735e-05,-3.73709767651414e-08,9.54529796458033e-08,5.82138427993571e-06,4.42997830989177e-07,3.82343441708914e-08,6.46549639959352e-17,-3.24833568518507e-07,5.09737168819633e-08,-2.00672074124235e-08,-1.54540692657218e-16,-1.24733962897549e-07,-8.62215360120489e-07,-2.60960533831583e-07,7.1334227921333e-17,6.140796896973e-08,1.11398381041396e-06,1.5028140425841e-16,3.59577092585332e-08,-5.28505669921797e-08,1.58118311747862e-16,-1.88580287055284e-16,1.59477387396508e-09,3.2216451175177e-07,1.67376786161807e-09,2.06630484818908e-06,-1.16795598854444e-07,-2.98562044131778e-09,-1.05775418530004e-07,-1.33579515109996e-08,1.05390183237071e-07,-4.32813507256213e-16,-4.19722264943269e-12,-4.28180184826981e-11,5.38797079881137e-10,1.23140238290954e-07,-2.56209758022721e-16,-3.92963908374817e-16,7.25884875650097e-08,-1.45342377056574e-16,-5.2600694575653e-17,3.19027315807969e-08,-5.23202437777944e-08,-9.81639167759984e-09,-2.43236982037485e-08,3.1294648632906e-07,8.21494287789972e-08,9.03398757851741e-08,6.27899614275509e-18,2.71457701514274e-07,1.32771287003572e-08,6.18220315292147e-08,-1.73855786275573e-08,7.6687452175323e-08,2.12402316800381e-16,2.20068982166957e-16,1.81517213705978e-16,-2.93449878167747e-07,-3.86967927829522e-09,-2.51777768677508e-07,-2.83103276200147e-16,-3.11368593359789e-09,1.65570215575477e-16,1.36304409171218e-16,6.02594314300664e-07,-1.51164410467691e-07,-2.96637714392034e-16,-1.48526513012769e-05,-1.76777943931642e-08,4.65145023657924e-16,4.15844451187923e-08,2.77930776033035e-16,5.85888481966626e-07,1.40484474974704e-16,5.86517833353235e-07,1.33348813634245e-07,4.84360592676212e-09,1.74856011014859e-07,1.21211166826711e-06,-1.6432054025621e-08,5.28403213808961e-07,-1.39984651916997e-17,3.29489130382546e-07,-1.86987810777584e-08,-3.52765509500647e-16,-2.48120036126386e-09,-5.1219407522438e-08,1.20370442194439e-08,-1.63936985124104e-16,4.01246901845928e-08,5.35107442792068e-08,7.30364976700365e-16,-1.50959519475944e-06,-5.22225021887372e-05,-1.57540236934309e-09,-9.36016110326745e-18,-2.10226989542296e-16,2.93059863942553e-08,3.46981945996636e-07,2.81598254097005e-08,-1.2679910908899e-08,2.21785359937472e-07,3.307134779523e-16,-1.16418265930935e-16,8.150916828246e-07,5.62308985545731e-09,-6.38821365516858e-17,1.99347198549494e-06,-1.02995794414283e-16,2.74207542269291e-08,-3.91103427303754e-07,-2.28748132631426e-07,-1.52251349775271e-06,-4.06826092639036e-16,-3.94011198427394e-17,3.59710341226703e-16,-9.45968233496198e-17,-3.33576024882893e-09,-1.16039804915815e-08,-4.76967226270066e-16,2.68338216621171e-16,1.61199358299001e-16,1.65028382468271e-08,1.48967512962161e-10,-8.30178702586594e-09,-4.46337846973391e-16,-1.42355745247347e-16,-9.61470486560145e-16,-3.70849291565039e-07,1.13637957924518e-08,-7.56511639548922e-18,2.02534471073597e-09,-5.33187105696798e-08,-1.57309156142162e-16,-8.89984684278384e-17,-1.41808403246068e-06,-3.83422622059192e-10,-7.09452862582482e-07,-6.73372973041713e-16,2.13680621570753e-08,3.47660157019873e-07,3.77300614521129e-07,-1.19465882842864e-06,-8.52424818106694e-08,1.39883564393657e-09,9.80144859170314e-16,2.00517343042371e-16,-6.58586277984466e-16,2.78794923723573e-08,-2.52613921150147e-08,-3.62637366187265e-07,-7.78642923859693e-09,5.4900032232822e-16,4.47435837862799e-16,-5.98910331824131e-17,3.84201540808449e-16,-9.53908044760459e-16,3.85310707292057e-08,-2.59599403249714e-17,-2.50579010898342e-17,-2.39394284678929e-07,-2.30961334171358e-16,-2.14469851985007e-07,4.81884982548962e-16,-2.66253025961014e-07,-7.84825805200941e-17,-3.31266796317117e-07,-4.17363594867666e-08,-1.01809089189806e-07,1.56478313055751e-16,1.37196142758639e-06,4.16610048503831e-16,5.87927604071944e-07,-9.77803978624856e-08,5.42250896642984e-10,-2.8294781635097e-16,5.00220111845991e-06,-1.36663146789393e-16,-2.26778643623999e-07,-1.15968995521009e-07,1.05597603516728e-15,4.89040759810253e-16,-5.62664923775123e-16,-2.79614506983478e-17,-1.51550143533002e-08,-1.99052351935328e-07,-4.49057224338392e-08,-6.22709677450971e-16,2.54690864264134e-16,-1.32789105808279e-08,1.08600603437176e-07,4.38354047510858e-16,8.70795880724239e-16,-3.85583451044614e-07,5.49699435345307e-17,-1.69765897115513e-06,-2.0562167134325e-16,4.53474341676512e-07,6.87324440475664e-16,8.15012933966744e-16,7.66526692502561e-16,9.22509803349708e-16,-5.00177060327944e-16,-3.04708980542878e-16,1.03749569311602e-08,-7.27635870985266e-08,-1.68251111829445e-16,-5.24618213447371e-08,2.2924155107425e-06,1.21460092642932e-15,-3.28729655434637e-16,-4.62685227483154e-15,-1.88441365086675e-16,9.56601011740536e-07,1.63383820893673e-07,5.9164483083205e-15,6.07763512826769e-16,-5.91384333683235e-07,-1.93280346252582e-07,-3.05002565675572e-09,2.57802258061103e-15,-1.29316158960761e-16,-3.25845106209492e-15,-2.85435777532724e-15,1.55739661376732e-14,-6.72548724247361e-15,4.07873681060274e-05,-0.394852659713849,7.06821830971332e-06,7.07814759560518e-15,-6.21832003553405e-15,-1.22677938907478e-14,-3.7876812370845e-16,1.04643053680073e-14,-2.00605046414737e-16,-1.26255944140264e-15,-4.64634248413945e-16,-3.35355176944397e-16,1.68835086338733e-15,2.3781946794332e-15,5.09927344323967e-15,-6.71471018622394e-16,-9.54485419933994e-16,-2.95249282169755e-09,2.83162496789093e-16,2.29877671380283e-15,-1.23576087434293e-15,-3.23307906723191e-08,1.37812295124363e-08,-1.29917942535756e-16,7.56360296569706e-10,-1.90583279138773e-08,-3.15084153775285e-17,-2.34985878244985e-15,2.2360499384202e-08,-1.67576660714698e-15,-1.14260216730524e-10,7.73088326170957e-16,1.98426854570207e-16,2.46483811188005e-16,5.65146000705856e-16,2.96059756432846e-09,-1.2284892036437e-08,-2.88720134508229e-15,1.43916706348984e-15,1.89377055122533e-16,7.29060793965384e-15,9.55832635263221e-16,-1.31544978460536e-16,3.42042866292436e-16,1.54926323564961e-16,7.2054717083173e-10,2.22937074220774e-16,8.48238333862249e-16,1.43143480367134e-16,-1.6325221073744e-15,5.52945373705738e-16,-9.35787751684407e-17,-1.72809601484782e-07,-7.10968703848573e-16,4.76332549607076e-16,1.18754215084067e-08,-1.23404258437229e-15,-1.86015383867106e-15,-8.63398463932406e-16,-1.12840768716683e-15,1.14726444377767e-08,4.05021606263899e-16,-3.24093466084131e-07,-7.61916006395297e-16,1.30745995581547e-15,-1.11088256923679e-15,-2.16447919429343e-15,-2.03824161841255e-16,2.03908502984635e-15,1.21713304783664e-08,8.50090459846068e-16,1.71330743346807e-15,1.88739676000958e-09,-1.56245280545562e-06,1.12755443090594e-16,3.28613071291718e-07,1.64778852913879e-07,-6.63390985287076e-16,2.57073662218058e-15,4.58093540640228e-15,1.8635291697393e-16,-1.20411181475273e-15,-2.99805179941638e-07,-1.88408410389479e-16,3.79383975877701e-15,-4.70898630035621e-16,1.22117584930288e-07,5.32664121945494e-15,2.72829628396172e-15,-3.71199514580855e-15,8.83491419181529e-15,-5.68295670505357e-08,4.99127672372347e-16,4.59696569818074e-10,3.77846604723107e-15,-4.2770644756456e-15,-5.13431223894785e-15,2.43877561362949e-15,-6.32242998350677e-17,-5.22199419977093e-15,9.39434744919005e-16,-8.22465290543403e-09,7.64096007264615e-15,1.44226498900273e-14,3.48225978671731e-09,-1.51538488745021e-14,-8.0296981689159e-15,-1.76034812244448e-15,8.97537333241575e-16,-7.49035094019824e-15,1.30560377165324e-14,-2.57788382690727e-08,2.05648387896026e-14,1.11018041083647e-13,7.74342410135461e-09,0.707106781186547,1.77248399974395e-13,-1.03214246517361e-14,-1.97656687659238e-14,1.57817359104294e-14,2.4490045904405e-14,1.99352769576876e-15,2.99641405825781e-15,1.39207335574955e-15,-1.80161783337059e-15,3.70429664880305e-17,-4.18672681844649e-09,1.39301165318117e-08,-6.315730344203e-17,-3.75855197761376e-15,-5.49319292550808e-16,1.43076023316557e-15,-3.78256453936743e-15,1.84942029058485e-15,2.59380421073649e-15,1.06230798629168e-15,-1.35025210579872e-08,-3.09116805992852e-16,4.07204296951719e-15,-6.46874569102871e-16,-2.0347122108532e-15,1.59307104638184e-09,-1.37495197644173e-15,-2.56238832326744e-10,1.76251130948025e-15,6.13530501516858e-16,-7.35713117372879e-16,1.41314850520783e-15,-8.07067892402453e-16,1.80001171703458e-15,-9.75340823802699e-16,1.20916722756703e-15,-5.20277992699612e-16,-1.16841194069104e-15,-5.13154613241487e-16,6.18610811695956e-16,-1.38921113162952e-16,-1.54814126109162e-16,6.97941744417852e-16,-4.92153978791874e-17,-3.2076592494574e-16,2.64777904091446e-16,-8.79910844447249e-16,-8.140722316092e-16,1.02782365951626e-16,-3.31037751155334e-16,-1.04913238659455e-16,1.46094589633383e-16,4.12081042068043e-16,4.76333517968354e-09,2.31506899894663e-15,-5.54489500478102e-16,1.07790047831433e-16,7.06991245104113e-16,-3.21229668095458e-16,4.56112684545829e-16,-3.06832043225531e-16,-1.44934497719626e-16,-7.49895340735288e-17,2.40803984510967e-16,-1.50920942409982e-15,-2.49161836116166e-16,2.63615175989252e-17,-1.06574001114682e-16,7.14271788754287e-16,-4.05367658035201e-16,-1.14249251390589e-16,-6.29136128857909e-08,-7.40789088517723e-16,-4.84442449495869e-17,4.69061341177484e-16,-3.79547124695228e-16,6.87525273195407e-16,-1.132317293942e-17,-6.13261811761672e-17,6.49947660824198e-17,1.85718304849434e-16,4.02333117105495e-09,-7.52068431684447e-16,1.62435508901998e-16,2.45201437282204e-16,9.14643966574315e-16,3.08589346690875e-16,3.07522803252283e-16,-1.01801159764702e-16,-1.42577507120057e-16,-3.29433040172149e-16,2.77779343069141e-16,7.39291972869181e-16,-2.84140894571667e-16,-1.14868699653626e-16,7.03554835953411e-08,-1.90447818417548e-16,1.12439437789036e-16,2.66555624446716e-17,-4.32813507256213e-16,-5.74140445906254e-09,2.32928898945394e-16,-3.31531501541825e-16,-1.98656819951597e-16,2.92343762911435e-16,-3.17462705899665e-16,7.59482294209647e-16,-5.6756759049146e-16,1.01808330120826e-16,-3.69689188934271e-16,-9.20189363857557e-17,2.03613640609902e-16,-1.35277531690461e-16,1.3094325873932e-16,-6.37745426625218e-17,-1.01565153556626e-16,-2.64997311209779e-16,-2.34121952208684e-16
"t690",0.0294259729511594,-0.0061329754235398,-0.00651043160113869,0.000240734369642289,0.000689751720027718,0.00452486367434091,0.000829661996949581,5.07292887906976e-06,-0.0125948699376388,0.0212058524630148,0.00807713228004162,-0.00482382523779127,0.0110265142734805,0.00251784454916662,0.0854798124893909,-0.00274157256159784,-0.00204873634805152,0.000274305441966472,0.144423522690405,-0.0898003690276437,-0.00125942017491463,0.000215972404682164,-0.0194685454678141,0.000121722070959215,-6.86836940467159e-05,0.00340065885095326,-0.0141343469088005,0.000216524746956707,-0.0026234411240121,0.0124752095315503,0.00115576962363054,-0.04352122341214,-0.000205508619943102,0.0376993175235248,0.00221540560038105,-0.159349528810273,8.45710510283036e-05,-4.57673793204107e-05,-0.00117997580434523,-0.000123176215298042,2.20281920999747e-05,-0.000541491060694414,9.88141529171052e-06,-0.000559150457911758,3.04981325286707e-05,-9.3116801345748e-06,1.84690100719246e-06,-2.83648370902182e-05,0.00146711609217248,-0.0027478508589691,3.11002755563488e-05,-2.9039592710129e-05,2.42498881335101e-06,-1.07325580298336e-05,0.000236693485564162,-0.000715015288009581,0.00010622449591978,-0.000373977982621282,0.00301306160817019,-7.70933510032417e-06,-1.28094096071837e-05,0.20260124705426,0.000192988194158703,-9.5621686674965e-05,-5.30996233853742e-05,8.5999018261561e-06,-2.46731188259842e-05,0.000252693691821001,-6.21718853523927e-05,0.000287115035166034,-2.57686364754813e-06,6.86029698860474e-06,-2.35223140546807e-05,-1.49735985576692e-05,6.27656179349835e-06,1.85159289758065e-06,-5.36576556088063e-05,7.72531689024e-06,-0.000777447535285665,-0.000290649318737332,1.66263951225502e-05,0.00127589259819622,-0.000576878732334339,-5.62845617689249e-05,0.000146132962054591,0.000113383640582301,-1.70649558718446e-05,-0.00010180617816882,-5.82627480557194e-07,2.2576346863111e-05,-0.000186823634172763,1.25262830170947e-07,8.64858721807305e-05,-7.60086816339016e-05,-1.29093217855601e-05,-1.81020972323588e-05,-2.12748401437287e-06,1.13141645331085e-05,-0.000126252966319175,-0.00106138348905569,-7.48387254206772e-05,4.95649293070875e-07,-0.000104177191948154,0.374362991399099,0.000186622796387715,-6.95784274906217e-06,0.000801453827036566,-8.25009999938482e-07,0.00025020614515465,-1.30188474229808e-07,-3.54755358364178e-06,-8.32805177243316e-07,1.00403716844337e-07,1.84892404513119e-06,-1.79733171823829e-06,2.7327523324728e-06,-0.000122175307014685,0.000138887417068171,-5.67590205571081e-05,2.02200781326562e-05,-1.15360092836497e-05,2.32270082530603e-05,-0.000192402175541035,-0.000364804091292382,1.65401674702783e-06,-3.43219462206363e-05,3.56250947568942e-06,-7.54608224720884e-05,8.46310484386876e-05,0.00295126888468785,2.22230257193926e-05,-0.00453909796644634,-2.42982069227143e-06,6.18479190229077e-06,-8.47961549174221e-08,5.78026817002501e-05,-5.34383354797437e-05,-6.90822327184672e-06,0.000211783533685152,-0.000214856444047873,-0.000139933594287953,-1.53937312778022e-05,0.000132597222558279,8.20720846762194e-06,4.73254304087981e-08,-1.04926536951699e-05,-3.45988467772585e-06,5.4072843831212e-05,3.44741203954037e-06,-1.66721750409171e-06,-2.05021686140987e-06,-3.6734119174458e-05,-1.42909881228155e-06,0.000289156126743986,-1.0496799684003e-06,-6.64165001388075e-06,9.87663826578512e-05,-1.145260557681e-05,-2.28143551985675e-05,-7.4928008077176e-06,-8.59698355659479e-06,1.24739143469173e-06,-3.32845579453178e-05,-1.20712683449335e-05,7.72310479682444e-06,-5.0606931329063e-06,0.000273978672932227,4.6676168621585e-06,0.000231861317289767,5.6548637292832e-06,-9.82906949144088e-06,-1.7295606609962e-06,2.00130766374032e-07,2.53426925122789e-05,1.24356702943964e-06,2.52199280452483e-06,1.10254364060079e-07,-4.00008467079119e-06,-0.000130571715973495,-1.71856562774171e-05,6.83776579274668e-05,1.77101170858937e-05,-3.6344174474905e-06,-1.42064655121028e-08,-4.2273393852652e-07,-1.32846754329475e-07,-0.000634050877402353,0.000142100698230549,0.000636282324894062,-1.34024378666376e-05,-1.72404938884625e-05,3.15209854422806e-05,3.32119090899744e-05,4.75911762233973e-09,4.62324236014537e-07,-3.0757422551462e-05,-0.000632476666944842,-8.72088969817693e-07,3.27767455173963e-05,1.39663467892426e-05,1.39125649218074e-05,5.60043782986482e-05,-4.02598822706937e-07,-2.11238812576224e-06,-0.000110723315022375,-1.39649446804258e-05,7.54514806130252e-05,1.10519917257482e-05,-0.00415981783280144,-9.88245177437627e-08,-0.00280368837463224,-2.6623584754707e-05,-1.53190436755161e-05,-0.000153340306707259,-1.30627004451694e-07,-1.58012075764684e-06,4.88004633408599e-07,3.13612310032657e-07,-2.91866919278776e-05,-3.86184715335451e-05,-1.78274934340527e-05,2.1968720236558e-05,4.88223345050886e-06,2.09343581072025e-05,-6.45812343977942e-05,-3.71458855708577e-06,-0.000352552918882033,-2.07053760791218e-06,-0.000158932890027409,-0.000130756899902787,8.74656853303916e-06,1.8469127714456e-06,4.73050994367797e-05,2.13097495123531e-05,-4.47373114746589e-06,-2.44530632217138e-07,-0.000113721721444383,9.73530512584482e-17,-1.17423680560554e-06,1.71150122443287e-05,-4.1013006948375e-06,-1.24141701432023e-05,-0.000198311422632329,2.77471264987829e-06,-6.42239869701213e-05,3.2278591365449e-05,-2.33763709044946e-05,2.23931210527309e-06,-1.89151389179047e-05,0.141992441761226,1.29293452758063e-05,-0.000961010880548121,0.000992154305265025,-2.94025131141925e-07,1.46189231267288e-08,-5.71437458806995e-07,3.72911364213212e-07,-5.73152319955399e-06,-4.14025470403147e-05,7.00018674190034e-06,-3.28069239575973e-06,2.03513676216778e-05,-6.30327962993588e-05,3.54918402014516e-06,-1.17841031858697e-05,3.94475004795934e-06,-2.93608650807629e-08,-0.000237610532531819,-8.40764926992547e-07,-3.38702616019769e-06,-2.79811281269613e-08,2.62076814656669e-06,-6.98273422146437e-07,5.41746725997178e-07,-8.16700386144622e-07,1.52166784063967e-06,-1.09498504506711e-06,7.64079690546277e-08,-1.64238513667211e-05,1.03766204101989e-07,-0.0042218750473582,1.81932243486884e-16,6.57742161903672e-05,1.16502843906012e-07,5.99632584485924e-12,4.89750032771702e-08,-5.51420027668957e-08,2.85432815615598e-08,7.29442489276215e-09,3.60514659845068e-10,-1.94008843075508e-08,7.67022232011049e-07,1.73275823969014e-07,-7.95668514991789e-09,7.54714537109528e-06,-5.74067447421269e-06,5.15482976268977e-07,-4.81506018212247e-06,2.15781166593675e-07,3.14757632225639e-07,5.85793067285225e-09,1.60175639133417e-05,-2.93746309286606e-06,1.32090538290031e-08,-4.23236315732113e-06,5.08579172547557e-07,-1.86074910282148e-06,1.43375613428828e-06,4.58321946446742e-06,6.55513364646583e-07,-2.08987351594502e-07,-1.38030570893781e-06,1.41950287694044e-07,-6.64273932744352e-07,6.66265883664165e-07,6.26194053362953e-06,-1.24208790769319e-05,4.31111622055767e-16,4.19419524420882e-08,6.38702685528585e-07,-6.03052602394724e-08,1.21028078377545e-05,3.78125597479604e-08,3.17333081202064e-06,7.404556441423e-06,-2.75020493913979e-06,1.18502500454466e-05,1.87863647118619e-16,-3.29472925178959e-05,-7.50407805440605e-09,-1.13748777887871e-06,1.3497202131322e-07,2.50010712038718e-06,-5.97771675022829e-07,-2.32423659893673e-05,6.26621439115845e-06,-7.67775442849458e-07,4.12780750326392e-05,-1.62665683485615e-07,-0.000183239300734956,-2.01143842904231e-08,-2.94396047448818e-09,-1.54295547022448e-05,2.35415640365159e-07,-1.69667363907855e-05,6.64112210427509e-17,-1.30209830433894e-06,1.03131632395517e-07,2.9724634438212e-09,2.70241360856005e-08,-3.44785384784366e-05,-7.39022291070613e-05,9.46264656561362e-07,-3.45477572034069e-06,-1.95739027640042e-06,-2.71733281841431e-16,-1.26575247953033e-05,-1.2601505827974e-07,-1.61863846821169e-05,1.74062741116003e-15,8.84817763236835e-06,1.13199786025004e-06,-1.73470178954076e-07,-2.55388198058354e-05,-8.54194940578709e-06,-4.57398895575385e-06,-4.17129912980876e-06,4.65399835263388e-06,9.44683061300416e-07,5.27668170700259e-08,1.03678991066084e-05,3.78078907221182e-07,-1.22926588041241e-16,-1.55860038454261e-07,5.80722912423527e-06,2.54356010533708e-06,-1.36468678648904e-05,-1.92107412571036e-16,-3.53618461473043e-07,6.96813389753671e-08,-6.81567088923169e-06,-1.18766931043257e-07,-1.58795150245524e-05,4.47463440741522e-07,-6.42620416083785e-06,0.00884391711628944,1.23355446877054e-15,0.00657323783923555,8.33433115230743e-07,5.93877885358739e-07,0.000122763513351486,-2.20392207929061e-07,-9.26951412313861e-08,-4.9960036108132e-16,2.24778945258873e-16,-1.16212753329543e-07,-4.36863226706892e-07,5.86187447198082e-08,-2.62800503414422e-05,2.91051657907342e-14,-1.65455514235496e-05,-2.2664088653968e-07,1.38263941229527e-16,1.3962283296588e-15,-3.16412024864958e-15,9.65266819438308e-05,8.4099104946914e-06,-1.97083066468382e-05,0.271840078773511,-0.000728495548853313,-1.29017746956037e-05,5.05968758764087e-06,8.00040757546373e-16,4.01640251003812e-07,-9.11667125412607e-07,-1.26529704016309e-14,-7.28824447924322e-16,3.15663913801809e-07,5.90268610743568e-09,1.45807196427168e-07,-2.81870989621288e-05,-1.13152306216728e-07,1.60318618206751e-06,1.50200731352361e-16,1.51050692298486e-06,1.25231792326146e-15,1.62873478724445e-05,-7.70650904202697e-16,1.03101811511029e-07,-3.95472067045612e-16,-3.92152770400932e-07,-1.01706135014001e-07,-1.34887398396547e-06,-4.93303600668176e-06,-2.14371988327083e-07,2.2973109225539e-08,-1.37279097233634e-07,-4.28136983167716e-08,-7.80951980925362e-06,-3.31830400228318e-05,-3.73709769611601e-08,9.54529797144332e-08,5.82138428005755e-06,4.42997830989266e-07,3.82343445679203e-08,2.50214567695162e-17,-3.24833568762045e-07,5.09737167265191e-08,-2.00672061745425e-08,2.11843948173959e-17,-1.24733963050998e-07,-8.62215360215742e-07,-2.60960533787805e-07,-3.25074103388345e-17,6.14079691230902e-08,1.11398381033331e-06,1.30055719780887e-16,3.59577091548838e-08,-5.28505661065457e-08,-4.64095196279644e-17,-3.16337172683872e-16,1.5947741036516e-09,3.2216451094618e-07,1.6737679209419e-09,2.06630484793199e-06,-1.16795598924191e-07,-2.98562016169268e-09,-1.05775418474525e-07,-1.3357951381666e-08,1.05390183105075e-07,-4.03323208164608e-16,-4.19733993416489e-12,-4.28181906530447e-11,5.38796825740654e-10,1.23140238469214e-07,1.50742285061595e-16,-2.59492662261575e-16,7.25884873192284e-08,-2.66545189431784e-16,-2.99353697812049e-16,3.19027311116865e-08,-5.23202435945458e-08,-9.81639202275234e-09,-2.4323697999144e-08,3.12946486449898e-07,8.21494284408906e-08,9.03398760840109e-08,-3.67744933519892e-16,2.71457701249022e-07,1.32771284849538e-08,6.1822031511382e-08,-1.73855787933692e-08,7.66874527264777e-08,7.02300188206472e-16,3.49434976309338e-17,-9.41819341268555e-17,-2.93449877806402e-07,-3.86967889649768e-09,-2.51777768772333e-07,3.3814494706529e-16,-3.1136857292995e-09,-3.02696702721013e-16,6.10103993774408e-17,6.02594314574534e-07,-1.51164410638697e-07,3.79904441238921e-16,-1.48526513008787e-05,-1.76777946576622e-08,1.41169199039531e-17,4.1584444993838e-08,5.24713389169349e-17,5.85888482270587e-07,-6.49494245668722e-16,5.86517833494698e-07,1.333488138751e-07,4.84360591359418e-09,1.74856011029449e-07,1.21211166814057e-06,-1.64320542075502e-08,5.28403213898506e-07,1.9592692839087e-17,3.29489129940411e-07,-1.86987809921472e-08,1.67905147600098e-17,-2.48120014106324e-09,-5.12194075301088e-08,1.20370437808573e-08,-2.72408617900615e-16,4.01246902324027e-08,5.35107444926594e-08,-3.68643186831326e-16,-1.50959519477693e-06,-5.22225021881605e-05,-1.57540225470566e-09,-1.5636713624342e-17,4.96708621412382e-16,2.93059865488286e-08,3.46981946453674e-07,2.81598261101654e-08,-1.26799108115445e-08,2.21785359835128e-07,1.5605389175366e-16,1.67478831987629e-16,8.15091682771774e-07,5.6230898708765e-09,1.65814907392184e-16,1.99347198586176e-06,1.67928518085182e-16,2.74207542606073e-08,-3.91103427438057e-07,-2.28748130974136e-07,-1.52251349759034e-06,7.5007312643624e-17,6.75058721625975e-17,2.83920808863096e-16,4.267579341219e-17,-3.33576008302055e-09,-1.16039803374353e-08,2.63041936165933e-16,7.38344113845881e-16,-2.58833696089721e-16,1.6502838376247e-08,1.48967398720291e-10,-8.30178649743938e-09,1.86334701459514e-16,4.7271214720368e-17,1.03866568124111e-16,-3.70849291202129e-07,1.13637958215999e-08,8.62871512576292e-17,2.02534506633402e-09,-5.33187104539956e-08,-6.67480968603937e-16,-1.31725637547339e-16,-1.41808403270926e-06,-3.8342246550969e-10,-7.0945286233834e-07,1.9361658831146e-16,2.13680619169567e-08,3.47660157675978e-07,3.773006144298e-07,-1.19465882869858e-06,-8.52424814511412e-08,1.39883471526662e-09,-8.43283999405808e-16,1.70430654355011e-15,-5.81630314942065e-16,2.78794916127983e-08,-2.52613916096275e-08,-3.62637365574003e-07,-7.78642939631447e-09,3.75843791704864e-18,4.61364724370422e-16,2.42657416616941e-16,3.29784614339805e-16,-1.67108065482396e-15,3.85310710421607e-08,-1.39052983406259e-16,3.92073251224242e-16,-2.39394285043057e-07,-4.604416829157e-17,-2.14469852391097e-07,-4.37873283838797e-16,-2.66253025351779e-07,-4.55931132934264e-17,-3.31266795972365e-07,-4.17363603778408e-08,-1.01809088950199e-07,-3.5059697265537e-16,1.37196142734649e-06,-2.55783215602323e-16,5.87927603963762e-07,-9.7780397325982e-08,5.42250805731414e-10,2.23551553021885e-16,5.00220111949087e-06,2.07844085224757e-17,-2.26778644120306e-07,-1.15968996548792e-07,7.87534107535855e-16,3.38765795953995e-16,-3.78249470441564e-16,-7.60962024542202e-17,-1.51550151297606e-08,-1.99052352040966e-07,-4.49057219404502e-08,-2.65217975105047e-16,-2.77618097562886e-16,-1.32789115218165e-08,1.08600603860448e-07,9.00829623324811e-16,7.74736927282519e-16,-3.85583450247981e-07,4.52663879405254e-16,-1.69765897035524e-06,-9.67554944321576e-16,4.53474341140883e-07,-6.30412797264171e-17,1.14810614597775e-15,1.40972915853891e-15,7.69860376542459e-16,8.99599305057587e-17,-1.52075013720262e-15,1.03749586936405e-08,-7.27635861674222e-08,-3.45498215839912e-16,-5.24618219931484e-08,2.29241551091188e-06,6.99471719863885e-16,8.47389559329204e-16,-4.7056209735891e-15,1.38774711772807e-15,9.56601012143615e-07,1.63383820147153e-07,4.23809733225636e-15,-1.12815313470563e-15,-5.91384334947808e-07,-1.93280345277478e-07,-3.05002567038025e-09,2.66037693374918e-15,6.80361046906764e-16,-3.05752869445708e-15,-2.37197656740801e-15,1.50682941759975e-14,-5.29562405561911e-15,4.07873681059872e-05,-0.394852659713842,7.06821830974169e-06,6.12932482567794e-15,-6.69565573370597e-15,-1.19614203179157e-14,7.45450845270905e-16,1.03692229497772e-14,7.03944767154815e-16,-1.40071550145981e-15,-1.18106153736707e-15,-1.58829359669227e-16,9.42711499438356e-16,1.61907397631661e-15,6.34259434452976e-15,-1.27581914036331e-15,-5.58353257190406e-16,-2.95249069267676e-09,7.68494714398319e-16,5.36576782350696e-15,-8.23604983892623e-16,-3.23307919768038e-08,1.37812299634859e-08,3.22580177747564e-16,7.56357453357691e-10,-1.90583314037342e-08,-7.70626042818036e-16,-3.76832988499825e-15,2.23605005875986e-08,-3.88544268417341e-15,-1.14259683664734e-10,1.70668678644406e-15,-4.13082233061091e-16,4.36151920277226e-16,-3.57180253716763e-16,2.96059811388513e-09,-1.22848910828542e-08,-9.17368652543652e-16,2.85105528863258e-16,1.41342123288347e-16,4.67204285266725e-15,-3.56919355182228e-16,5.25504295891095e-16,-3.11519995796425e-16,4.69468473566095e-16,7.20549503506303e-10,-6.07122920159125e-16,-3.90899230573031e-16,-2.21570236008638e-16,7.40987280634334e-16,2.07352170331359e-16,-3.13929314198963e-16,-1.72809602691418e-07,1.03878554206348e-15,4.17506308681333e-16,1.18754224026093e-08,1.19704441830292e-15,7.33615217673691e-16,1.31992975236243e-15,-2.37952995891561e-15,1.14726463204939e-08,-3.61401949722894e-16,-3.24093460743869e-07,4.78452043466177e-16,-5.46040607294999e-16,1.02587666544238e-15,2.54795303237208e-15,1.78034683820868e-16,-2.33979066832072e-15,1.21713307229326e-08,-1.72681189030227e-15,-2.33530668942286e-15,1.88740275803347e-09,-1.56245280858181e-06,5.02910427110071e-17,3.28613070854378e-07,1.64778854923061e-07,8.50798519654997e-16,-2.40011352218994e-15,-5.33789272800645e-15,-2.67227086046469e-17,2.19698849496618e-16,-2.99805180638149e-07,1.29747754821254e-15,-2.31076057340262e-15,5.65254398858265e-16,1.2211758143735e-07,-3.4234519038897e-15,-3.76523632245416e-15,4.49090749577412e-15,-9.62015990721164e-15,-5.68295670018796e-08,-1.22302443219283e-15,4.59693950458471e-10,-3.39273028252049e-15,3.59123463734068e-15,6.53744694517492e-15,-2.20357645877795e-15,-4.13957579608772e-16,5.45540717758291e-15,-6.98038143159404e-16,-8.2246573609087e-09,-7.8601992690211e-15,-1.3883445029202e-14,3.48226100781359e-09,1.49139799964406e-14,8.32951853639207e-15,2.54096693740845e-15,-8.31356827013252e-16,7.41149790248714e-15,-1.31769495737998e-14,-2.57788486105183e-08,-2.08393434552608e-14,-1.10750358517406e-13,7.74511218323922e-09,-0.70710678118655,-1.77449970891038e-13,1.06857185850479e-14,1.95534774893598e-14,-1.55337501800114e-14,-2.41303813132597e-14,-1.9904716921416e-15,-3.23299391867269e-15,-2.05903784749882e-15,1.67120916280101e-15,-1.03317649139448e-16,-4.18672026395649e-09,1.3930121448506e-08,-2.61208823815217e-16,3.54079094095487e-15,4.77131757380715e-16,-1.39964331112597e-15,4.53109771925142e-15,-1.12717363246826e-15,-2.64846708408535e-15,-1.48344183834743e-15,-1.35025221640445e-08,6.71919270467488e-16,-4.06956591219932e-15,6.86371785461544e-16,2.73397779695045e-15,1.59307746770897e-09,1.42533200953971e-15,-2.56236316327235e-10,-2.02377718465477e-15,-4.44930702491978e-16,8.8746448151063e-16,-1.23701442372189e-15,8.70555956888433e-16,-2.06691970677242e-15,1.16591099330898e-15,-1.4737889425091e-15,4.88748350888035e-16,9.10403804129715e-16,3.49689315768783e-16,-3.54266533758529e-16,2.43793727944576e-16,1.08834091756035e-16,-7.41317129142392e-16,5.07273082163475e-16,1.05509214656399e-16,1.47125780563354e-16,5.24080666986693e-16,9.74361829454663e-16,-5.29090660172926e-17,4.47816881520693e-16,4.16262745654327e-16,9.35180722391024e-17,-3.36568588834314e-16,4.76333553938397e-09,-1.03412262217689e-15,2.07054105475717e-16,-3.12115686252806e-16,-8.22700887511887e-16,7.33547479360313e-16,-4.51310942007469e-16,2.87726724069679e-16,7.07108057657344e-17,1.16190900057292e-16,-3.82486961387184e-16,5.66387214906428e-16,-9.63514539977625e-18,2.29068520095449e-16,3.0874608457328e-16,-1.3659973827951e-15,-1.16879155438452e-16,3.86997603908759e-17,-6.29136141837884e-08,6.50447161869441e-16,5.13056317632375e-16,-4.86418425942784e-16,4.97882602351793e-16,-6.54631235296117e-16,-4.59053685025535e-17,1.87462034345847e-16,9.80068757456864e-17,-7.77194412268457e-17,4.02332879702616e-09,7.96172270624853e-16,-2.28074643386555e-17,-1.22131646188869e-16,-8.41273872562355e-16,-2.98777526151245e-16,-1.20931465585071e-15,1.09755169910649e-16,-1.59424077594788e-16,2.95858306133628e-16,-5.6836308274166e-16,-6.49655451198916e-16,1.80677164386821e-16,-2.1320885686167e-17,7.03554834423191e-08,1.74029947779604e-16,-3.14767530117435e-16,4.56164287083231e-17,-2.76688394418301e-16,-5.74140415003613e-09,-4.65328988476148e-17,3.94958199373214e-16,2.25620713359919e-16,1.36578352084091e-16,3.42854630159164e-16,-1.15346488510066e-16,5.73042057131353e-16,-4.69372756734553e-17,3.10465997685695e-16,-6.96244248755412e-18,-2.93492661636317e-18,1.711611051126e-16,-1.6203980587168e-16,1.34756510812965e-16,-6.2907398084118e-17,4.75532389222982e-16,-9.00390047520042e-17
"t105",0.02939471595056,-0.00611925238472961,-0.0064953932158103,0.000239989324477091,0.000687138767659371,0.00450475857370786,0.000825903354940672,5.04812273584457e-06,-0.0125221603700801,0.0210574927740891,0.00800550263197598,-0.00477116918732589,0.0109026498069228,0.0024891350357988,0.0844628978616633,-0.00270704436526884,-0.00202232163734281,0.000270705097420672,0.142484316371027,-0.0884911596286043,-0.00123957099416275,0.00021187026162354,-0.0190782203260256,0.000119267849492906,-6.72934565869258e-05,0.0033285737096297,-0.0138312244594369,0.000211839903303561,-0.00256517049235299,0.0121485319455986,0.00112351791704818,-0.0422521498257801,-0.000199088638264346,0.036466471538555,0.00213930675040268,-0.15344482443269,8.13980921375644e-05,-4.40233780459393e-05,-0.00113471065911161,-0.000118381769090608,2.11465119091096e-05,-0.000519300690295977,9.47053086516262e-06,-0.000535872208810511,2.92066473251678e-05,-8.89260905436067e-06,1.7622679169569e-06,-2.70540698096532e-05,0.00139772508016797,-0.00261463651213426,2.95432495298477e-05,-2.75641645956824e-05,2.3015171142984e-06,-1.01761220880903e-05,0.00022398871378445,-0.000676437256768233,9.9956725054887e-05,-0.000351389977430035,0.00283057296438741,-7.21584231957951e-06,-1.19557846839372e-05,0.188834795929985,0.000179669712272293,-8.89970103301844e-05,-4.93150054004906e-05,7.97148628782528e-06,-2.27717752451474e-05,0.000232765489800403,-5.7216863452346e-05,0.000263798840521772,-2.3469444085264e-06,6.20597911745076e-06,-2.12564427023836e-05,-1.35017600669747e-05,5.65805342100623e-06,1.66755410490662e-06,-4.83061451545235e-05,6.94194079462613e-06,-0.000695666844695376,-0.00025962945475511,1.48082470862006e-05,0.00113564204074339,-0.000511055673809525,-4.97912846972784e-05,0.000128480836569665,9.95188972508026e-05,-1.49525365874788e-05,-8.91790519638679e-05,-5.10326450270882e-07,1.97711234916145e-05,-0.000163502547464287,1.08945138750649e-07,7.51763159386629e-05,-6.58128592567015e-05,-1.11024535903551e-05,-1.55524821454047e-05,-1.82774808189478e-06,9.69482030425132e-06,-0.000108077909310371,-0.000905249239982059,-6.36372969773661e-05,4.2134995174997e-07,-8.85338671902291e-05,0.313790100916071,0.000156263014934025,-5.82118155114529e-06,0.000669549103005946,-6.8894767266275e-07,0.000208790773612438,-1.08520101364286e-07,-2.95604779984941e-06,-6.92472353137077e-07,8.34638423919916e-08,1.52835975979946e-06,-1.48392295461708e-06,2.25026448148947e-06,-0.000100484584365192,0.000113855293513236,-4.63817840084294e-05,1.6483571157696e-05,-9.39138171829558e-06,1.88193867107629e-05,-0.000155410899273704,-0.000294631886905155,1.33526229768605e-06,-2.76193645583925e-05,2.86604067545673e-06,-6.05411819023936e-05,6.73613906928374e-05,0.00234882905360519,1.76751763800449e-05,-0.00359081204443566,-1.92015870317161e-06,4.88375919255664e-06,-6.67473995502087e-08,4.5479481574232e-05,-4.17638052856107e-05,-5.36958703127352e-06,0.000163379672420307,-0.000165714819008518,-0.000107788277114907,-1.18496577036661e-05,0.000101960752774761,6.30836587728493e-06,3.63758881361664e-08,-8.04139780046655e-06,-2.63606090121695e-06,4.09501007925151e-05,2.60682923614306e-06,-1.25649079032467e-06,-1.54472429413337e-06,-2.76416973845034e-05,-1.07455735348214e-06,0.000217233296972284,-7.82352661636227e-07,-4.94386301341417e-06,7.34523382589153e-05,-8.34093742402919e-06,-1.65297384369379e-05,-5.42443690862191e-06,-6.1962748226357e-06,8.98236741829856e-07,-2.38306713707189e-05,-8.63657838294066e-06,5.49442806628457e-06,-3.58051652608497e-06,0.00019072195288406,3.24733582757205e-06,0.000161285591723067,3.92475245183979e-06,-6.80384480399162e-06,-1.19677362281023e-06,1.3775355755719e-07,1.74148591360023e-05,8.51472789329008e-07,1.72527885668492e-06,7.53899020572167e-08,-2.71208314482919e-06,-8.77458292926397e-05,-1.15311836249621e-05,4.58122957264429e-05,1.18137802701485e-05,-2.42028540778003e-06,-9.44486048764667e-09,-2.80603819206453e-07,-8.7714709883841e-08,-0.000418091153899991,9.26252066491424e-05,0.000414586665981472,-8.69860907116733e-06,-1.10683315689036e-05,2.00511690601409e-05,2.10591918819193e-05,3.00322944873039e-09,2.90698169321621e-07,-1.91307704910982e-05,-0.000392459581797826,-5.38411416317586e-07,2.01842783562224e-05,8.43071217214634e-06,8.39024254399728e-06,3.34839606575609e-05,-2.38644802360585e-07,-1.22601393873883e-06,-6.42566286638684e-05,-8.08833493849681e-06,4.34355931342041e-05,6.33535022214263e-06,-0.00235746021725485,-5.52055593870438e-08,-0.0015478418938978,-1.46441797139197e-05,-8.28540764852289e-06,-8.21486502216738e-05,-6.99628023163216e-08,-8.3996567868224e-07,2.54425481709588e-07,1.62885805886047e-07,-1.48505162668245e-05,-1.93650938008981e-05,-8.89394719978006e-06,1.07272671895786e-05,2.37161047132814e-06,1.01109050240478e-05,-3.06411926102098e-05,-1.75600397956657e-06,-0.000166513489057001,-9.58468256866319e-07,-7.26588844691172e-05,-5.89386278218257e-05,3.91694873762941e-06,8.21493369946508e-07,2.09061788147793e-05,9.40048302492209e-06,-1.94000054583079e-06,-1.04891215187219e-07,-4.82000178034342e-05,2.50745934247396e-17,-4.89042157303175e-07,7.10271064167933e-06,-1.65993909645666e-06,-4.92553856663013e-06,-7.73739183005946e-05,1.08148932220473e-06,-2.42385721136785e-05,1.2114707011899e-05,-8.75102007841554e-06,8.27950886456951e-07,-6.93432765227771e-06,0.0512394418788717,4.632657878812e-06,-0.000343321299198466,0.000348701131814241,-9.61165713331379e-08,4.64996695098349e-09,-1.77533447597929e-07,1.09796174148061e-07,-1.68085269986246e-06,-1.16657952330611e-05,1.92695452534711e-06,-8.72487617734066e-07,5.35120833594957e-06,-1.63748933305789e-05,9.06427990097954e-07,-2.93252191071025e-06,9.7871607016453e-07,-6.79195956646986e-09,-5.48736515535454e-05,-1.93799884502293e-07,-7.65146686412738e-07,-6.27304547034545e-09,5.73184549996882e-07,-1.52004716291454e-07,9.97220535054605e-08,-1.47260904034884e-07,2.69822127194047e-07,-1.86608634248463e-07,1.25975029002341e-08,-2.50041025519978e-06,1.54138421633941e-08,-0.00061474345448799,-9.994166976029e-17,8.90989043663423e-06,1.56252374516301e-08,7.78078244425006e-13,5.84222636021715e-09,-6.07906079344993e-09,3.02345498246028e-09,7.57036892110621e-10,2.73300553859328e-11,-1.43522496023491e-09,5.63632372870136e-08,1.12817188645599e-08,-3.26146633449665e-10,2.77456721361894e-07,-1.94120875328335e-07,1.2389569059653e-08,6.7754544379841e-08,-6.56884638523814e-09,-9.88469702585036e-09,-1.85642737795897e-10,-1.17383382320542e-06,3.62251278934162e-07,-1.71541909467881e-09,5.9047836350684e-07,-7.6965886416521e-08,2.88395779868019e-07,-2.6662538777033e-07,-8.63153615282132e-07,-1.26304963470027e-07,4.08917787293931e-08,2.83693322012963e-07,-3.07372893798146e-08,1.50663771239699e-07,-1.54122821240231e-07,-1.49672403857005e-06,3.17464029390228e-06,-3.72959898348657e-16,-1.51599702012229e-08,-2.37911626701579e-07,2.34695222665893e-08,-4.71616818350767e-06,-1.47544751665089e-08,-1.25132062944884e-06,-2.97762124865142e-06,1.13164914385002e-06,-5.1032454553553e-06,2.33799082251466e-16,1.56701623162499e-05,3.61171196440169e-09,5.61417232260681e-07,-6.68149346756927e-08,-1.31463545511184e-06,3.24655304873137e-07,1.3198742342587e-05,-3.66669142150728e-06,4.78479212233974e-07,-2.72044256466108e-05,1.11000907517365e-07,0.000127477520007249,1.41607692465324e-08,2.11647496100101e-09,1.11181235860461e-05,-1.72145188652322e-07,1.25481414669668e-05,5.12577521802442e-16,1.04587494792488e-06,-8.42331163639076e-08,-2.42816694405567e-09,-2.31319859774496e-08,2.97193035175782e-05,6.92479380384244e-05,-9.07505242396505e-07,3.32840429577825e-06,1.91847439033288e-06,8.23617410722182e-16,1.26496670505543e-05,1.26847853235781e-07,1.67351762285614e-05,-1.9301888808208e-15,-9.41401780787558e-06,-1.21249808085903e-06,1.8645240774585e-07,2.76473052485729e-05,9.35842707843928e-06,5.05623112057148e-06,4.64338578905397e-06,-5.28842514393289e-06,-1.07607325778478e-06,-6.095650934271e-08,-1.22748661036708e-05,-4.48178109691643e-07,5.23789772865405e-16,1.93750973793538e-07,-7.27837597904692e-06,-3.24571735558926e-06,1.78919788879043e-05,1.17428409382081e-15,4.91115542997008e-07,-1.03134701338187e-07,1.03772354855029e-05,1.83216673850003e-07,2.48835641394097e-05,-7.21764367683492e-07,1.08595167887693e-05,-0.0167385190550432,-3.44471283051327e-15,-0.0137272085217386,-1.75538404270995e-06,-1.27323771032109e-06,-0.000269747381921034,4.85179691393218e-07,2.05482693655004e-07,1.2490009027033e-15,-1.6618602356767e-16,2.68094433597924e-07,1.04330880244054e-06,-1.40596474000352e-07,6.50170447043441e-05,-7.61709401677328e-14,4.38079057971947e-05,6.18457004454486e-07,1.45930776703124e-15,-4.57795214392586e-15,1.12786634346335e-14,-0.000289585123408039,-2.55381808865309e-05,6.24153174416646e-05,-0.892268430195324,0.00240123326335914,4.41904365287639e-05,-1.74073225487622e-05,-3.45312028299602e-15,-1.49480285952736e-06,3.48932766815072e-06,4.0533343008275e-14,1.73162955410665e-15,-1.35076425717865e-06,-2.59601292987723e-08,-6.65480888532242e-07,0.000131918334302631,5.55972076099269e-07,-7.93999549462034e-06,-6.18328600432887e-17,-7.56287617763661e-06,-3.63750610318643e-15,-8.41650703951332e-05,2.65672900345848e-15,-5.45450500229446e-07,1.69401109936962e-15,2.13826409044038e-06,5.57987113137809e-07,8.03979462327506e-06,2.99383149928159e-05,1.31091576242143e-06,-1.45241777708622e-07,8.93755339181431e-07,2.9888727610915e-07,5.45535132576892e-05,0.000236948303763964,2.77991024914108e-07,-7.51084783322866e-07,-4.80907017410794e-05,-3.80628454714085e-06,-3.35041296792507e-07,1.34559092719532e-16,3.02996584553883e-06,-5.06158466899926e-07,2.41586669720529e-07,5.41172165072683e-16,1.5959941342222e-06,1.21603827007545e-05,3.84529865897526e-06,4.76942228330835e-16,-9.26023884220748e-07,-1.84919156071904e-05,-4.16276296940635e-16,-6.27539298366673e-07,1.31410625690791e-06,-2.48987987024706e-16,-3.94956059569986e-17,-4.71812946910545e-08,-9.69445897323288e-06,-5.47332658624241e-08,-7.51465305324457e-05,5.65867422321937e-06,1.48872162897247e-07,5.5008161384412e-06,1.28696915613079e-06,-3.15034148533908e-05,2.98285701694212e-15,5.76716033934762e-09,1.52721654555012e-07,4.19168365295177e-07,3.89874809926892e-05,-2.08385763936038e-16,5.53297225893386e-16,1.27207261993949e-05,2.60448799233025e-16,-1.09678569986431e-15,1.49945299563606e-06,-2.18976426010255e-06,-4.09907471217606e-07,-8.21826801185158e-07,1.03095910506154e-05,2.69194252659671e-06,2.86243551833518e-06,-3.7968595936796e-16,6.39095642274726e-06,2.96602151220742e-07,1.35822324027455e-06,-3.53042642616711e-07,1.37027109767406e-06,-1.07856287949119e-15,-2.71210914408314e-17,-1.40877553273398e-16,-4.48240594368092e-06,-5.56655779692866e-08,-3.60592855188313e-06,-3.78106645983005e-16,-4.22491530582845e-08,1.26261679307459e-16,-2.16894948467474e-16,6.66526360137658e-06,-1.66821069812671e-06,-9.8879238130678e-17,-0.000156938850849347,-1.82297422876877e-07,-2.28364290994334e-16,4.08812045449231e-07,2.29984669501085e-16,5.45520463848968e-06,8.21846316213531e-16,5.43533790092601e-06,1.23126906323454e-06,4.45403358774438e-08,1.59882283678452e-06,1.09439335256179e-05,-1.41698503981812e-07,4.28918768916712e-06,3.18499938838909e-17,2.49352720153631e-06,-1.40498099500419e-07,-1.68849139309374e-17,-1.84674727452837e-08,-3.74797234843106e-07,8.67638349880863e-08,1.69949465149668e-16,2.75212544399026e-07,3.63543448264343e-07,1.27216158720031e-16,-1.01282160650847e-05,-0.000348234011064211,-1.0272423648268e-08,-2.36893564202099e-16,-2.04728930958875e-16,1.81568876856383e-07,2.10501715754065e-06,1.70109175711581e-07,-7.02211447632079e-08,1.21172684422486e-06,-1.372469684704e-16,-1.31951652630556e-16,4.41224444352625e-06,3.0403322985249e-08,8.73272532876561e-17,1.06133181472161e-05,4.54138587751202e-17,1.43852768020809e-07,-2.01124231916351e-06,-1.17467961508762e-06,-7.77549927724307e-06,-2.69885577995016e-16,6.00983690540829e-17,2.17981200215726e-16,-3.32899161443528e-17,-1.62259040685961e-08,-5.62229592081501e-08,8.8058521125384e-16,-4.55109005721597e-16,1.72740425584902e-16,7.88357202053032e-08,7.07308080370462e-10,-3.87743423265687e-08,2.61534691753967e-16,4.36499794642664e-16,5.73326108810335e-16,-1.63934928278514e-06,5.0139881725706e-08,1.39498171449218e-16,8.74905619146943e-09,-2.2837243962083e-07,4.11179645969649e-17,1.38237344066954e-16,-5.95339122167774e-06,-1.60710105526407e-09,-2.93889217343135e-06,1.23407883305398e-16,8.67946029101526e-08,1.39693716147886e-06,1.49327975456902e-06,-4.63124167817049e-06,-3.28614395980076e-07,5.336385032497e-09,2.35988890689805e-16,-6.16291390251122e-16,1.50071065972797e-16,1.0010196777374e-07,-9.06158563121481e-08,-1.29060849130226e-06,-2.66083150830941e-08,1.388214435898e-16,-1.31198176278825e-16,-1.75127001655171e-16,2.54335419530556e-16,1.39303629332624e-16,1.25958009176784e-07,-6.04355812206124e-17,1.29780061958658e-16,-7.68592623803605e-07,-6.76979395313518e-17,-6.87900373522656e-07,-6.13395373490151e-17,-8.52589825617618e-07,5.3905568125056e-17,-1.02682202814634e-06,-1.28340724487264e-07,-3.09207355129498e-07,-2.27761456940405e-18,4.10221183927166e-06,1.17888502622709e-16,1.69605714193463e-06,-2.68147076681406e-07,1.48358512523297e-09,3.74092613567971e-16,1.33856765797108e-05,-1.04476138798863e-16,-5.845650123188e-07,-2.98359563338122e-07,3.17387660446494e-16,-3.55024654258733e-17,-7.78676838364833e-17,6.22438099032264e-17,-3.77038277950543e-08,-4.9062776414552e-07,-1.09465602514138e-07,-3.69778734671071e-18,-8.48415750052484e-17,-3.05662017660186e-08,2.49300626403021e-07,-5.70511722043563e-16,8.58678704509423e-17,-8.13073752528716e-07,1.05206349845532e-17,-3.50699312576988e-06,1.5339900477996e-16,8.77145771183368e-07,-5.33958710324552e-17,-7.1385811133767e-17,1.02954258136712e-16,-9.82977581083072e-17,3.42652146377286e-17,-2.90147577180149e-17,1.68599943629315e-08,-1.17917276513718e-07,3.5167602428416e-17,-7.84157478038528e-08,3.29809251849564e-06,-1.30248153525418e-16,-6.10148948643768e-17,2.44987143636652e-16,3.34319296079321e-16,1.11870094021034e-06,1.79554826154391e-07,1.52675141269179e-16,-9.57475400911375e-18,-6.01084004714489e-07,-1.94308402155129e-07,-2.95031638634168e-09,2.82897157894045e-16,2.37506827940026e-17,-3.42617367652929e-16,-1.772223644093e-16,7.67635422244951e-16,-2.80707280260562e-16,7.24696529200137e-06,-0.0320657565307068,-1.40502520524489e-07,5.91096185451332e-16,-3.39251576906661e-16,-6.47632951756054e-16,-1.52453249397692e-16,1.27105414477087e-15,-1.03014755445871e-17,6.22167461947753e-17,-5.44037202880933e-18,1.80213805318755e-16,2.38530143104557e-16,1.58885119110512e-16,7.79771789737647e-16,-1.12164613687587e-16,1.60848891593315e-16,1.00354768677384e-08,1.1509143481629e-16,-5.18580378873056e-19,-1.2739807329185e-16,1.42560746104498e-07,-6.45932568871494e-08,-5.15363897322076e-17,-3.68310008527527e-09,1.30753665227858e-07,7.29477628108905e-17,3.51412975735263e-14,-2.52598346494363e-07,-1.00942868107583e-16,3.22845810415294e-09,2.2034604635692e-16,2.16108211331715e-17,2.0553784291548e-16,1.36346271951334e-16,1.18608830216235e-07,-4.33635246508899e-07,-1.67006320510932e-16,2.65166309864015e-16,-1.20263861189051e-16,-1.1185091233359e-15,8.28330459778925e-17,1.18348640962031e-16,-6.67431460634473e-17,-4.87526440350233e-17,5.1724690525244e-09,2.27958236523771e-17,2.8500176068649e-17,1.77339047699396e-16,8.24769291972863e-17,-1.6440048574177e-16,-2.073930769431e-16,-1.1216837172965e-06,-1.6403267971288e-16,-5.69913070263977e-17,7.58423209779692e-08,2.0622548320011e-16,4.02478674075098e-16,-7.40117248493908e-17,-5.8374650489706e-17,6.28700803841695e-08,4.39329201514093e-17,-1.73747339009536e-06,6.4946765179359e-17,1.35194118105923e-16,1.43462717459792e-16,-1.63626436618797e-16,1.33387375283992e-16,-7.76519976736223e-17,6.26264162113689e-08,-3.69354554873295e-16,-1.39412333822166e-16,9.43785918477746e-09,-7.8021835190521e-06,-4.75081980251044e-17,1.60399066490573e-06,7.98813438949836e-07,4.30125524648716e-17,1.19500219366732e-16,7.0937698971593e-17,-2.61434911696284e-17,2.28487478236177e-16,-1.33128357641966e-06,-1.30778490682047e-16,1.32778392401435e-16,-7.74920375307803e-17,5.31909695301321e-07,-5.37973909295075e-16,3.05913888993631e-16,1.86976486001278e-16,-1.4542872832467e-16,-2.41698736312047e-07,-8.85026712941864e-17,1.94142146556514e-09,-1.04485070646388e-16,2.69108371223079e-16,1.44217933525637e-17,-2.97110866210545e-17,-1.23141549874641e-16,3.90283553645563e-17,4.82578699493985e-17,-3.35466195996305e-08,2.84745175313978e-16,1.25194387251153e-16,1.40891064861833e-08,9.41543329545801e-17,-1.04037535807983e-16,1.58313221406476e-17,4.46907257493305e-17,-9.55675054768463e-17,-2.11374435752245e-16,-1.0181408995257e-07,2.33158687882051e-17,-6.59073640072822e-16,3.02744973843038e-08,-2.11961566394186e-16,-1.25448155211232e-16,6.6924874929274e-17,1.01828047626611e-16,1.5465723942016e-17,-2.26968950868249e-16,6.41721936320884e-17,-5.09880743526442e-17,-2.07406382678564e-16,-1.01990998282665e-16,-2.5356614255349e-17,-1.58011246689214e-08,5.23650105388159e-08,-6.45862162825138e-17,1.7033056161852e-16,-9.09417958203103e-17,2.16541219284015e-16,1.15359111152458e-16,-5.30829023597133e-17,-4.66281700596514e-17,-2.75030989346026e-16,-4.97528186961998e-08,-2.4895217015928e-16,-1.09795577275488e-16,4.72783780708176e-18,-7.63817227968522e-17,5.77648535002564e-09,-2.02310827430363e-16,-9.13273994742702e-10,-5.72056309001151e-17,-2.3004066666743e-16,2.72672702394877e-20,-6.09689146995738e-17,-4.6131264439846e-17,-1.35110302816164e-16,1.01686834150339e-16,-6.57292797223739e-17,3.66972570666316e-17,9.62789979733645e-17,1.8880485530558e-16,9.54763839779811e-18,2.4623043495171e-16,1.07334902529975e-16,-5.7227193287255e-17,-7.24899514613211e-17,-6.51852033051762e-17,-2.5292575894472e-17,-7.66096888651682e-17,1.47091450411885e-16,1.21430643318376e-16,-1.27054512238636e-17,1.83520607030573e-17,-7.3946702356162e-17,-1.28808497010496e-16,1.6045095608937e-08,-4.45153817128047e-16,2.47604464538456e-16,1.01227841544449e-16,-8.21307769387514e-17,2.26000810770273e-18,-1.90014585756776e-17,3.00881875676714e-17,1.81398192751186e-18,1.96053451277745e-18,7.07334240830648e-18,-3.42607886505419e-16,5.28561467399355e-18,7.96605480744747e-18,1.33634290215822e-16,2.55045862433727e-16,2.77741997761179e-16,-8.55163355514829e-17,-2.04983352692375e-07,-1.18292743018238e-17,-2.31313193183874e-16,2.18112384906605e-16,-1.39714358990183e-16,9.36289203874354e-17,-1.31553442863649e-16,3.35763288553085e-17,-1.78798171684281e-16,4.29386701803873e-17,1.27064614545983e-08,2.37940206624593e-16,-7.96496801312091e-18,-1.32749440011559e-17,8.98168265152239e-17,-1.52466695222471e-17,6.63377033427982e-17,-6.30050387510803e-17,-9.22839337884727e-17,-1.71319386927524e-16,-5.04685092023738e-17,6.36844122887905e-17,-6.17731348496519e-17,2.33300479514329e-17,2.15919078732632e-07,3.63674548031786e-17,1.00785756793723e-16,5.48479898718149e-17,-3.70363462121048e-16,-1.74000002897764e-08,-3.20892657750309e-17,7.90752977988034e-17,-1.30567028328832e-16,-3.85246114749121e-16,1.14147086002665e-16,-7.45260779477393e-17,2.81970242376224e-16,9.99734945174298e-17,-4.78323865112456e-17,-3.48524238523935e-17,-5.41046264041322e-17,-5.01011129002568e-17,5.17988441198316e-17,-1.680056898214e-16,2.0007898719172e-17,1.93768519514643e-17,-2.11595298679527e-16
"t75",0.0293161684757591,-0.00608442908025582,-0.00645720893394646,0.000238084944543588,0.000680419980028064,0.00445276564165605,0.000816175859601714,4.98371967027243e-06,-0.0123318929494096,0.0206649031716111,0.00781257910248445,-0.00462646095687172,0.0105611545619892,0.00240984663781505,0.0816402002009702,-0.00261050666837068,-0.00194823658485291,0.000260582477534425,0.137014592825373,-0.0847521712591949,-0.00118213493831502,0.000199541851889001,-0.0178897512549751,0.00011178454172836,-6.30502070056022e-05,0.00310585797943437,-0.0128916726118751,0.000197282731005319,-0.00238273098453807,0.0110671273411178,0.00101392820200947,-0.0378530244264941,-0.000176045955558417,0.0319253350536827,0.0018502429125461,-0.129758653405935,6.85435616604028e-05,-3.68669653040099e-05,-0.000947915142566117,-9.83447593084026e-05,1.73662450592347e-05,-0.000421931226950089,7.6402737790603e-06,-0.000432049439374922,2.33393719953519e-05,-6.84270572279514e-06,1.33793404819857e-06,-2.04028465945743e-05,0.00103308210557381,-0.00188579165049032,2.0512608539836e-05,-1.87531455947681e-05,1.56091787175947e-06,-6.70693239897616e-06,0.000137904634994959,-0.000411474380505839,4.15905209186569e-05,-0.000116270135153213,0.000903434208620115,3.79505443457275e-07,9.09127359265508e-06,-0.306806511374104,-0.000601535997758016,0.000374451814985685,-0.000602273933963898,3.12623278761152e-05,-4.78522867925419e-05,0.000431971335759406,-0.000101537761410583,0.000437849441405749,-3.17727739993579e-06,7.72599801637623e-06,-2.6188698126562e-05,-1.63043422283873e-05,6.81616562132451e-06,1.99272138603259e-06,-5.75447727522663e-05,8.1476178990189e-06,-0.000791681197989413,-0.00029204187539626,1.63414585804543e-05,0.00124816589618252,-0.000545702649501787,-5.2712632182065e-05,0.000131067972385498,0.000100470711924616,-1.49339179841769e-05,-8.89105007372453e-05,-5.08553900293114e-07,1.96794692195329e-05,-0.000162060271633524,1.03459451540611e-07,7.1086115258156e-05,-6.03324558677389e-05,-9.52367771396584e-06,-1.31801192837044e-05,-1.54804071662325e-06,7.93284939702086e-06,-8.71720230334869e-05,-0.000684251860991557,-4.48115204379327e-05,2.94512356230081e-07,-6.13525986204941e-05,0.00368881936524277,-2.18350612644533e-05,1.69406162473011e-06,-0.000454589989913783,5.71784021005851e-07,-0.000244884636573921,2.18845945162624e-07,7.23700065687778e-06,1.38362517146488e-05,-4.27268503141264e-06,4.11401239240562e-06,-3.5502901283672e-06,4.51327093533715e-06,-0.000190382400090588,0.000192015383169635,-7.23659099850011e-05,2.45794148350628e-05,-1.36985435396116e-05,2.58091492658075e-05,-0.000206561191403786,-0.000391174136713667,1.76559527516741e-06,-3.55619095775582e-05,3.68271375257578e-06,-7.6268166774931e-05,8.10145537353075e-05,0.00282362736221054,2.11790836920077e-05,-0.00419774672831518,-2.23475712796795e-06,5.66604221548319e-06,-7.64895301242516e-08,5.20317737082152e-05,-4.66763690472023e-05,-5.90038501673458e-06,0.000175784427205294,-0.000178195735951433,-0.000115511944294259,-1.26769438813004e-05,0.000108780715062786,6.72333386884525e-06,3.87681776206977e-08,-8.50776160544673e-06,-2.75016813416238e-06,4.21466769936098e-05,2.6741710732869e-06,-1.27975331174138e-06,-1.5724364531124e-06,-2.80619755273528e-05,-1.08917897824682e-06,0.000219796719688096,-7.78992622905311e-07,-4.91026758787657e-06,7.28238914886399e-05,-7.95289476965566e-06,-1.56154566582017e-05,-5.1171501795869e-06,-5.79980674938129e-06,8.39420684900572e-07,-2.20489184418992e-05,-7.98115977558422e-06,5.02826214057315e-06,-3.24602763043716e-06,0.000168223604170956,2.8614737713427e-06,0.0001420853458045,3.44447919423405e-06,-5.94480066821574e-06,-1.04500064925694e-06,1.19225406803706e-07,1.5030554585976e-05,7.30464059141293e-07,1.47788077631902e-06,6.45298800232563e-08,-2.28856163379956e-06,-7.29436870115969e-05,-9.56101215231705e-06,3.78904687605874e-05,9.69879042268915e-06,-1.9812828011184e-06,-7.70988550163014e-09,-2.28446067025031e-07,-7.07668021012217e-08,-0.000336546365204358,7.30923069494015e-05,0.000326939735538554,-6.81321456622594e-06,-8.50544571259048e-06,1.5159208376304e-05,1.58303373196052e-05,2.23814220902324e-09,2.15232889724782e-07,-1.38861789123686e-05,-0.000283621462359837,-3.85457705963995e-07,1.43816269152658e-05,5.78290129112457e-06,5.74450110662039e-06,2.25407297663131e-05,-1.57925192885356e-07,-7.77033516566858e-07,-4.07167099124362e-05,-5.1040305596774e-06,2.70592223573103e-05,3.91103386687339e-06,-0.00141967223558128,-3.21923938320544e-08,-0.000878432554682292,-8.23951312112904e-06,-4.47697300234166e-06,-4.33525394740233e-05,-3.68982426503881e-08,-4.34645363973129e-07,1.2511895085006e-07,7.92862049617931e-08,-6.82522600781193e-06,-8.52786462841858e-06,-3.85678106049043e-06,4.34925856151611e-06,9.45367847373785e-07,3.95434227246244e-06,-1.12713068598865e-05,-6.37598817936499e-07,-6.0266003357696e-05,-3.21901343196024e-07,-2.32328895186744e-05,-1.77769058187896e-05,1.14888399854161e-06,2.33845527516968e-07,5.78074452574838e-06,2.5775465084166e-06,-4.90117517179139e-07,-2.50761418655979e-08,-1.08090448467652e-05,-2.31776492087414e-16,-9.91914718405514e-08,1.41005400262559e-06,-2.79891473324656e-07,-7.16447995462926e-07,-9.77701159744694e-06,1.35419195140078e-07,-2.18034493581406e-06,1.01855042435102e-06,-7.12110810074972e-07,5.67400139404651e-08,-4.1553042098771e-07,0.00227523296832241,1.74280506617571e-07,-1.19617196310069e-05,6.92917026686101e-06,3.49723311708205e-09,-2.44095883263074e-10,1.1300923044246e-08,-8.58831249102061e-09,1.32151778817765e-07,8.95248966209418e-07,-1.35245638784565e-07,4.54541446845655e-08,-2.3398436858877e-07,5.47163591509166e-07,-1.47255205980814e-08,-4.73506344895107e-08,1.99950174401268e-08,-1.05164702684112e-09,-8.72230513943055e-06,-3.17130805718572e-08,-1.66368987534075e-07,-1.50328828708491e-09,1.82914381396569e-07,-5.09974804015718e-08,1.26530002598482e-07,-2.117296129694e-07,4.27279948824121e-07,-3.65023447695799e-07,2.871710254318e-08,-6.61594489710073e-06,3.20501469331679e-08,-0.000252613746705319,-7.73879083966669e-16,0.000152373500814125,2.51772028659099e-07,1.23211838801815e-11,1.25779450169318e-07,-2.00769728311795e-07,1.28784735857508e-07,3.71674439364299e-08,-5.19460875621314e-09,2.34345137458327e-07,-8.88440152486296e-06,-1.22043682391417e-06,3.02483297947366e-08,-2.70091527556853e-05,1.97853123777277e-05,-1.601228908093e-06,1.19295927550092e-05,-5.08687494992117e-07,-7.40255113568935e-07,-1.37672206544231e-08,-3.5344393423131e-05,6.38458473704729e-06,-2.87345964869834e-08,9.22652436823998e-06,-1.11294868411475e-06,4.07778077811019e-06,-3.19236044295351e-06,-1.02197003893104e-05,-1.4656897325467e-06,4.68190291908119e-07,3.11305139394461e-06,-3.22702469608945e-07,1.5219984911493e-06,-1.53199419348519e-06,-1.44880827689202e-05,2.91400215879624e-05,1.90695857476203e-16,-1.08737598951637e-07,-1.67432190338209e-06,1.60775111146191e-07,-3.2282614180271e-05,-1.00913664869365e-07,-8.50449689412708e-06,-2.0002589583733e-05,7.50063020263395e-06,-3.29609319635679e-05,-8.88427560673228e-16,9.59966672774007e-05,2.19933799323103e-08,3.37644448696373e-06,-4.01252917042214e-07,-7.67382681413722e-06,1.86799173159653e-06,7.45205524040044e-05,-2.04540246889408e-05,2.60683119191049e-06,-0.000145439476818958,5.87098185387079e-07,0.000670480820591044,7.42330908213128e-08,1.10328679820554e-08,5.79226566928712e-05,-8.93504834915706e-07,6.49505866554892e-05,-2.09982416399615e-16,5.32173353291908e-06,-4.27411022472027e-07,-1.23205466129576e-08,-1.1661243374716e-07,0.000149700762530299,0.000346791767707816,-4.54343217648532e-06,1.66639433917755e-05,9.60771573673813e-06,-1.70228733972769e-16,6.33975799128753e-05,6.35992475302877e-07,8.40838908868976e-05,-7.54023118942191e-15,-4.74592346035629e-05,-6.11851668156376e-06,9.41373301713506e-07,0.000139747591752988,4.74029391334386e-05,2.56553331671349e-05,2.35944662294685e-05,-2.69997195333072e-05,-5.4971772888108e-06,-3.12568401711829e-07,-6.34148660422347e-05,-2.31635187090399e-06,1.49116100653083e-15,1.01991569386009e-06,-3.84561619707292e-05,-1.73000132974624e-05,9.6800232288427e-05,-1.33536366122602e-15,2.76488762762147e-06,-6.16469541320913e-07,6.41414612597927e-05,1.15217562917729e-06,0.000159997880304063,-4.85966752681615e-06,8.00264208026983e-05,-0.038301372312392,3.32290482265778e-15,-0.887899400779226,-0.000203616880859688,0.000186781364313803,0.00870545302955367,-1.47099042108355e-05,-5.07092808243762e-06,3.01147995429574e-14,2.3561715757837e-15,-2.96826616442187e-06,-7.21608656663347e-06,9.23636658111599e-07,-0.000303261718155,2.02192913852064e-13,-0.000105538868757813,-1.12007553327177e-06,2.9974562110897e-15,1.31241739403301e-15,2.16497176062165e-15,0.000184745740145448,1.3664143589609e-05,-1.43733966934084e-05,0.0182906674563627,4.09994694766443e-06,8.16582565822542e-06,-3.54949272848361e-06,-1.64477480447482e-16,-7.27916625945593e-07,1.97979606104959e-06,-1.31263349060645e-16,5.64372978863239e-16,-1.10121451027427e-06,-2.23913218505852e-08,-6.12174073557446e-07,0.000125970914172086,5.64384463986561e-07,-8.1311076373465e-06,-2.3427028496909e-15,-7.83479620440555e-06,-3.49954864668477e-16,-8.98944824379174e-05,-2.91108283312358e-15,-5.94429462419467e-07,-5.2695020620594e-17,2.38434700864556e-06,6.24877214080174e-07,9.42198435456991e-06,3.53155268297369e-05,1.54993493158787e-06,-1.7277743419077e-07,1.06002744961031e-06,2.8439291765784e-07,5.13613130761052e-05,-0.242459124280724,4.28248340017736e-07,-1.08774270636276e-06,-6.91597288736381e-05,-5.47904169291158e-06,-4.82959452665088e-07,-2.90261457694577e-15,4.39508002194716e-06,-7.39542881814005e-07,3.60492966511307e-07,2.18784681841739e-16,2.39520459479576e-06,1.83998913532969e-05,5.83770409202249e-06,-2.03962502607641e-15,-1.40818630123049e-06,-2.8300015482412e-05,4.16921330633953e-16,-9.63258889637865e-07,2.04977648857463e-06,-1.93660199269834e-16,8.22337296014641e-16,-7.39990696885681e-08,-1.52119550494617e-05,-8.60706786300627e-08,-0.000118462958760184,8.96745176078336e-06,2.36024106834262e-07,8.72638640447866e-06,2.05444169042729e-06,-5.05242501688553e-05,3.89358684182994e-15,9.26453689282205e-09,2.45405117207016e-07,6.74205658242759e-07,6.27805440784177e-05,-5.97994070672095e-16,-1.47399694588468e-15,2.05150989664178e-05,1.25656334491872e-16,-2.06512870257381e-15,2.43913204340496e-06,-3.56681588356657e-06,-6.67699689685847e-07,-1.34241262173072e-06,1.68463262530536e-05,4.39909345154402e-06,4.68003264735703e-06,3.79593796065687e-16,1.05009717441588e-05,4.87827242098105e-07,2.23461192537755e-06,-5.81750007201864e-07,2.26409776739787e-06,-3.25267266709495e-16,-2.52138523748881e-16,2.91559101038339e-16,-7.43342470919076e-06,-9.2452915129849e-08,-5.989634710579e-06,3.40618136430272e-16,-7.02782257957322e-08,6.97975719621375e-16,-5.15290756470271e-16,1.11557248278787e-05,-2.7923224363617e-06,-6.67868538251071e-16,-0.000263102043300886,-3.05901401938574e-07,1.77337909170707e-16,6.87380450517533e-07,9.30480728686253e-16,9.19688728919623e-06,3.92601859181875e-16,9.16574863543322e-06,2.07673873104857e-06,7.51419376455643e-08,2.69817851078673e-06,1.84829657171842e-05,-2.40073947772911e-07,7.30986457599777e-06,-1.90392712044379e-16,4.30369936820822e-06,-2.42991495773569e-07,4.99869283315324e-17,-3.2038593990018e-08,-6.54826708829707e-07,1.52912168686821e-07,2.01446626226144e-16,5.29998339636547e-07,7.47408579092115e-07,5.19406928630521e-16,-2.87231601096897e-05,-0.0371423949407092,-1.38487745546838e-08,3.03955680738177e-16,7.75018673582771e-16,2.85648599513317e-07,3.35790240168385e-06,2.71919667127476e-07,-1.14648801789619e-07,1.98148794240299e-06,-6.48027063950333e-16,5.78335500455875e-18,7.2220236673567e-06,4.97702251446465e-08,-6.85635224351152e-17,1.73978999752167e-05,-1.05088054277299e-16,2.36076341127294e-07,-3.30488194145616e-06,-1.93039562826665e-06,-1.27817159392149e-05,-3.33038510281189e-16,1.96913556322491e-16,6.77101559842133e-16,5.38348097210161e-17,-2.67292763027352e-08,-9.26293169043034e-08,-7.74759688428292e-16,4.75722024760752e-16,9.71394760915462e-17,1.29939997273473e-07,1.16600440321707e-09,-6.39449169005295e-08,-3.10114578429218e-17,-2.2811613709095e-16,5.22585447138013e-17,-2.70580162293289e-06,8.2759001630306e-08,1.52974540120621e-16,1.44430227493213e-08,-3.77013591871217e-07,-1.62462545135675e-16,-2.25747517621664e-16,-9.82869983407958e-06,-2.65323101468037e-09,-4.85190763730081e-06,3.90134261364637e-16,1.43283816626507e-07,2.305992978616e-06,2.46478290632449e-06,-7.64284954591034e-06,-5.42274600981452e-07,8.80498108625895e-09,-3.1093664817162e-16,-3.94629171390979e-16,-2.97048485495547e-16,1.65017091916683e-07,-1.49376791876017e-07,-2.12721084498432e-06,-4.38200631975789e-08,2.46674103373917e-16,-1.59756862278746e-16,-5.8023443197971e-18,-1.28825445202214e-16,4.34640903250997e-16,2.07216828159442e-07,-8.76990127524402e-17,6.48023859305821e-16,-1.26384306421787e-06,2.15087821635932e-16,-1.13112681206107e-06,-2.14058985493275e-16,-1.40186751695229e-06,2.77833576777514e-17,-1.6868361506689e-06,-2.10786452908544e-07,-5.07657100431205e-07,1.19090545298304e-16,6.73186293760843e-06,-1.29411581738761e-16,2.78017247595909e-06,-4.38808912976319e-07,2.42761777951529e-09,-1.17742390037912e-16,2.18863817097885e-05,9.41398032472535e-17,-9.54519333692751e-07,-4.87148618778948e-07,-1.4048897701768e-16,-1.09278246377273e-17,4.28823168063051e-18,1.05692422122625e-16,-6.14845466779189e-08,-7.99796471647349e-07,-1.78369760471439e-07,-3.65491965303297e-16,1.87102958448812e-16,-4.96940528198721e-08,4.05264273610137e-07,-4.64414432798713e-16,-2.9845765120672e-16,-1.31703786646264e-06,-2.49048746757201e-17,-5.67560240522264e-06,-1.41261507108118e-16,1.41530443736652e-06,9.09042221407162e-17,-5.85032004884715e-16,8.48889413837537e-18,1.64589035732492e-16,-5.59813308951766e-17,3.45805967553875e-16,2.6965547993364e-08,-1.88565881018491e-07,3.62334550305397e-17,-1.24821293416315e-07,5.23778525090269e-06,-2.36956418151183e-16,7.30557265202551e-19,1.52508306663073e-15,-6.0899056028194e-17,1.75170736720035e-06,2.7979338417123e-07,-1.2923797450041e-15,-2.39104828537635e-16,-9.30522854253023e-07,-3.00513938854679e-07,-4.5470536103621e-09,-1.55263495334697e-16,9.08231560032641e-17,6.1208898158369e-17,-1.43802004601472e-16,1.19155171755782e-15,-7.04018733302633e-17,6.64095359041763e-06,-0.000278452577647126,-1.19558900559949e-06,-6.18812583007017e-18,2.32058103167642e-17,1.73818834178533e-16,-7.11766608603083e-17,4.63110872897751e-16,5.86475981023965e-17,-1.17542373427831e-16,5.45528789531186e-17,-4.35657436942238e-17,-1.34256224469516e-16,-1.18172501927514e-16,-2.63005370578784e-16,-1.17635062025529e-16,6.674347550188e-17,1.72426892434097e-08,8.25823168285605e-17,-2.65661921184582e-16,1.56400786772124e-16,2.43600498138053e-07,-1.1025178138484e-07,-6.70970970566331e-17,-6.28240117178067e-09,2.21929055458497e-07,8.01769429094761e-17,6.09483594300527e-14,-4.26665794525881e-07,-6.92849986466459e-17,5.42820449126198e-09,-4.37277045819486e-17,9.54444815147838e-17,-2.8911335055657e-18,2.05226291712832e-16,1.98350505484995e-07,-7.24947763410998e-07,-1.69156590033914e-16,4.95514228865923e-17,1.11836341162751e-16,1.05115284866699e-16,7.91901266783412e-16,-2.25704498390998e-16,-7.70059293369698e-17,2.60011296844126e-16,8.55290413077649e-09,1.25903019393776e-16,5.86330278881797e-17,6.82133215451169e-18,5.05655649747011e-16,-6.66114977188443e-17,1.25559855859363e-16,-1.8517013416017e-06,-1.38065604788314e-16,-1.351085309365e-17,1.25166226937436e-07,3.08762359157211e-16,1.68344744806148e-16,7.26695451087303e-17,-1.63439271531229e-16,1.03436518221989e-07,4.74944263991876e-17,-2.85710633622196e-06,1.34109889899239e-16,-1.46800084487515e-17,-1.6270582191101e-16,-2.99939448820431e-16,3.67534491754627e-17,-1.09952444381621e-16,1.02879319360702e-07,-3.07265418308039e-16,1.00908130489549e-17,1.5492441909357e-08,-1.28069710519631e-05,-2.02395005083244e-17,2.6312403659198e-06,1.31014728964961e-06,2.12877824604194e-16,-2.2575464516434e-16,6.0712403489303e-17,-8.81102194895293e-17,-5.61836397357073e-17,-2.17752438625603e-06,-1.62899027968115e-16,5.4636910221506e-16,1.25952285922116e-16,8.69442483626794e-07,4.79093049708837e-16,6.79512280903242e-17,1.41543651562635e-16,-3.16612650677369e-16,-3.94731740656898e-07,-3.7247887488219e-17,3.16981017164456e-09,-5.72823505783853e-17,4.23726905705424e-16,-9.29351461310795e-17,1.99308402917204e-16,-1.02356327717515e-16,-1.42068789960339e-16,2.69786489782339e-17,-5.46976111557306e-08,-2.33544216094905e-16,8.09311700929894e-18,2.29645734471999e-08,-2.90215860368963e-17,2.77611155397985e-17,2.32357724925651e-17,-8.03440647760918e-17,9.16885475736287e-17,9.4187283375267e-17,-1.6578081098766e-07,-8.32287974004326e-17,-3.1464643114632e-16,4.92725533825579e-08,2.55370271254084e-16,-1.10957456474228e-16,-3.57370619942611e-17,1.40195968577169e-18,3.58111002455576e-16,-1.38796165550384e-16,2.06241423516624e-17,8.92380976391171e-17,2.77780779172671e-17,-1.79778392136891e-16,-1.4271484555776e-17,-2.56741763550658e-08,8.5067653602056e-08,-3.91471928396484e-16,1.0406788236739e-16,-6.2457706776586e-18,2.51925166237698e-17,-1.43982048506075e-16,3.9892016134564e-16,1.41589312825695e-16,-2.58061809653355e-16,-8.07419776038973e-08,2.01162048467132e-17,-1.65132248892563e-16,-1.86038278615692e-17,1.17305412343459e-16,9.36643676887079e-09,1.31108064741074e-16,-1.47944090652716e-09,-2.44805422851194e-17,2.94115263615525e-17,1.27854719901785e-16,3.01659082682599e-17,-6.06286015451927e-17,3.82866664326171e-17,-2.23296771208336e-17,3.62633808019029e-16,-1.43766577770702e-16,-1.03440218688891e-16,1.02140300509916e-16,-4.13253509573719e-17,-5.6672505503856e-17,-4.42132877137543e-17,-1.23045508996826e-17,1.06502959540374e-16,-4.44290228946742e-17,7.32351337094061e-18,-3.13739068385201e-16,1.17500347299511e-17,-3.69929781252054e-16,-2.79978305581581e-17,-6.12219622848092e-17,-3.75298790149885e-17,6.01713810375264e-17,2.5902654819103e-08,4.86324669476001e-17,2.09711501724749e-16,-3.05355009572235e-18,-1.39835060100698e-16,-2.86679445108602e-19,5.25821003757672e-17,6.32199755296634e-17,9.18571125205591e-17,8.65057465686387e-17,6.39037694540008e-17,-3.07913416985883e-16,3.02292637334375e-17,3.87481201819764e-17,-3.72660167772124e-17,8.51777120996322e-17,-1.98825968218863e-16,6.25851924372168e-17,-3.30166140474888e-07,-2.2311911639302e-16,2.61045247629259e-18,-1.73001340307619e-16,1.24666167318099e-16,-4.11788825433425e-17,-1.44683505883668e-16,-4.22505474232901e-17,-6.45466489958566e-17,9.86439226443301e-17,2.04189525959963e-08,2.80439730558758e-18,-4.14816063391469e-17,2.72222223316478e-17,-1.47828668281719e-17,-1.65723953853279e-16,-2.67685644234706e-16,-8.59885853254698e-17,2.45623446854528e-17,-3.31172909404628e-17,-8.78523215388482e-17,3.81738813778069e-17,3.23974375948331e-17,1.60805440951576e-16,3.46179821043202e-07,1.78697343607067e-16,-3.29142277396085e-17,-3.52544932807673e-16,-1.83013326715553e-16,-2.78675185415957e-08,-1.09449089081613e-16,1.12870348618316e-16,-2.07300065824936e-16,-4.49586638481714e-17,1.5663364583978e-16,-4.98603670125082e-17,1.71551733621998e-16,-1.69630043918978e-17,1.25124267448794e-17,4.43187369566206e-18,1.18755750812788e-16,7.80347516019441e-17,-1.14705123289026e-16,-1.24188220075726e-17,2.5408182799343e-17,-3.47549631782282e-17,-1.0579518811387e-16
"t414",0.0293580029914899,-0.00610274786220107,-0.00647728026784997,0.000239077547645301,0.000683895509471927,0.00447946616061449,0.000821166470225796,5.01662794932753e-06,-0.0124281421460048,0.0208606894079459,0.00790664267825068,-0.00469521630786006,0.0107227423779716,0.00244728140253493,0.0829642561424642,-0.00265537022911666,-0.00198252705785009,0.000265252990020448,0.139527877811299,-0.0864428255623397,-0.00120766870079365,0.000204759220781367,-0.0183842142171533,0.000114892180841306,-6.48100478004574e-05,0.00319676323040954,-0.0132735512141167,0.000203180187968146,-0.00245591003676979,0.0114700609473098,0.00105336075971517,-0.0393940608905586,-0.000183746461555711,0.0333901764985814,0.00193962256397889,-0.136546376535848,7.21762979634208e-05,-3.88531205778721e-05,-0.000999343435842211,-0.000103762899091229,1.83516238195637e-05,-0.000446476525259702,8.09164486432459e-06,-0.00045760645621509,2.47451015470083e-05,-7.28237792225761e-06,1.42556976308619e-06,-2.17512689332295e-05,0.0011030725501959,-0.00201696706821687,2.19894782240145e-05,-2.012483363804e-05,1.67535304457773e-06,-7.20828001809365e-06,0.000148605278773763,-0.000443580852621662,4.51656422456005e-05,-0.000126521714817198,0.000983329411301948,4.1515617516712e-07,9.9838116921366e-06,-0.337577810914942,-0.000662907800663429,0.000412818970911317,-0.000665947912783991,3.46599226695598e-05,-5.33694884749237e-05,0.000483078273470659,-0.000113693317007801,0.000491380721485136,-3.60928294795336e-06,8.85954332328909e-06,-3.00750567863524e-05,-1.87807826983966e-05,7.854459207476e-06,2.29929782062568e-06,-6.64328321571101e-05,9.43043369392144e-06,-0.00092174869030883,-0.000340839172856495,1.91507067844668e-05,0.00146404973448011,-0.000644323507423225,-6.23637427100157e-05,0.000156412707866239,0.000120184810052951,-1.79074576777921e-05,-0.000106655614669026,-6.10115692165025e-07,2.36156844993646e-05,-0.000194654935649279,1.25366151751405e-07,8.62080777010272e-05,-7.35703577779742e-05,-1.17250303599994e-05,-1.62502568232133e-05,-1.90876646388885e-06,9.81769728607913e-06,-0.000108033313483028,-0.000852459731373823,-5.60681245254498e-05,3.68635058296569e-07,-7.68270149864237e-05,0.00471131242956027,-2.79294212927018e-05,2.16943467054316e-06,-0.00058337297963064,7.34197273417737e-07,-0.000314770022655246,2.81743948155663e-07,9.32176136660248e-06,1.78767007039411e-05,-5.52241297749277e-06,5.36063004267157e-06,-4.6341505489457e-06,5.91370962247597e-06,-0.000249887116252508,0.000253231639167168,-9.58769733459348e-05,3.26789474394984e-05,-1.82488333660842e-05,3.46206389592758e-05,-0.000278333102391959,-0.000527182917710402,2.38102808631407e-06,-4.81815779116586e-05,4.99151817131768e-06,-0.000103790755711418,0.000111540829129599,0.00388807864809728,2.91910164996319e-05,-0.00583172637272256,-3.1094911488224e-06,7.89279378437068e-06,-1.07047280021747e-07,7.28658150521959e-05,-6.60194430649633e-05,-8.41346095201348e-06,0.000253477017184506,-0.000257035993447056,-0.000166941295643338,-1.83392098063691e-05,0.000157619341991388,9.74780582262432e-06,5.62083870169259e-08,-1.23891977183617e-05,-4.04026330911228e-06,6.24807381335307e-05,3.97337665487078e-06,-1.91110693426809e-06,-2.34912738118157e-06,-4.20039984806337e-05,-1.63217347517597e-06,0.000329801038214321,-1.18299426723366e-06,-7.47130800156422e-06,0.00011095919271652,-1.25107189503847e-05,-2.47613078855695e-05,-8.12421878166759e-06,-9.27118692142632e-06,1.34373460539277e-06,-3.56105236207086e-05,-1.29041376662815e-05,8.20153491820081e-06,-5.34018996304596e-06,0.000283878588470731,4.83316674191991e-06,0.000240045267358306,5.83990729929439e-06,-1.01211518200223e-05,-1.78020828158365e-06,2.04803927460742e-07,2.58873469987842e-05,1.26530352264828e-06,2.56358958858647e-06,1.12017183542149e-07,-4.0267458596233e-06,-0.000130182903398578,-1.71058851784736e-05,6.79517070841951e-05,1.75165370452625e-05,-3.58809576356818e-06,-1.40001248155929e-08,-4.15883625805636e-07,-1.29942611276507e-07,-0.000619297948490017,0.000137055814481875,0.000613433516853188,-1.28657615401361e-05,-1.63519786265319e-05,2.95912014122231e-05,3.10664192494313e-05,4.42758001373481e-09,4.28357608457312e-07,-2.81448552330282e-05,-0.000577161159663877,-7.9113697645832e-07,2.96455258819784e-05,1.23342358899259e-05,1.22724709550709e-05,4.88801506324695e-05,-3.47625567815438e-07,-1.77501263046731e-06,-9.30272726369527e-05,-1.17023852359717e-05,6.27157932963809e-05,9.13385569347933e-06,-0.00338427320224692,-7.87741427533552e-08,-0.00219653710944083,-2.07436042697683e-05,-1.16305555584986e-05,-0.00011466473511548,-9.76402735189826e-08,-1.16669153796398e-06,3.48627062288592e-07,2.22553974842098e-07,-1.9948822216527e-05,-2.56627727333517e-05,-1.17266025625273e-05,1.38179472988002e-05,3.03612922229767e-06,1.28529563503233e-05,-3.80415556201471e-05,-2.16882225541073e-06,-0.000205392831171938,-1.14605294594779e-06,-8.50334127935138e-05,-6.71684087657878e-05,4.40583915873124e-06,9.10904960206576e-07,2.28561587208814e-05,1.02348209848068e-05,-2.02652671815879e-06,-1.0643793085349e-07,-4.7245244542714e-05,-1.38630225946735e-16,-4.52992584778262e-07,6.49794784766608e-06,-1.37658947953547e-06,-3.71780283289975e-06,-5.31618224933991e-05,7.3845828090405e-07,-1.30622066707519e-05,6.20547860405373e-06,-4.37269976903969e-06,3.62084521924432e-07,-2.72419801003568e-06,0.0157032549554654,1.2317642450633e-06,-8.53899288031705e-05,5.23451452972118e-05,3.50790779648782e-08,-2.7749842259131e-09,1.44657306129923e-07,-1.51956907684418e-07,2.40410158996196e-06,2.25587170226157e-05,-4.35479766920469e-06,2.43506798728609e-06,-1.59452096140071e-05,5.2208426201571e-05,-3.17000766308208e-06,1.17334125673918e-05,-3.97598325730698e-06,3.8513226592364e-08,0.000313521124497991,1.11672865475595e-06,4.8219130069164e-06,4.0871106338038e-08,-4.15208877272429e-06,1.12304755984677e-06,-1.405967139097e-06,2.2290993350039e-06,-4.31808739829012e-06,3.37682817459051e-06,-2.48735885038227e-07,5.00497054741537e-05,-2.33792787382719e-07,0.00179189343286485,2.52534548534994e-19,-0.00098676746309412,-1.61190589741999e-06,-7.60555706882812e-11,-7.15343859335314e-07,1.06902938505725e-06,-6.65481079048582e-07,-1.89285513873254e-07,2.22591916195087e-08,-9.93888027540457e-07,3.75757629143699e-05,4.93079474696828e-06,-1.08265433328455e-07,9.47770942560006e-05,-6.84920101685117e-05,5.30579009035145e-06,-3.38819594721367e-05,1.36126071797766e-06,1.97423875211417e-06,3.667979927549e-08,8.21656253538314e-05,-1.28712383398682e-05,5.69400935265725e-08,-1.78346959020964e-05,2.08856466704171e-06,-7.58401927954863e-06,5.5194975480729e-06,1.7575128280525e-05,2.49605895236224e-06,-7.920372461426e-07,-5.15345764049816e-06,5.21736647219897e-07,-2.4082381514699e-06,2.40155443442729e-06,2.23577469043505e-05,-4.35096176621258e-05,-1.08974974857055e-16,1.34526323836671e-07,2.03508868002506e-06,-1.90373973512487e-07,3.81965321281625e-05,1.19303499812301e-07,9.99070259998758e-06,2.3220035181829e-05,-8.58556253794284e-06,3.66787561211497e-05,1.04611182856276e-16,-0.000100283761472965,-2.27991695144664e-08,-3.44317607322315e-06,4.08386745342146e-07,7.50413923481556e-06,-1.78741967790155e-06,-6.91762083925475e-05,1.85997447309344e-05,-2.26866166456418e-06,0.000121653499111965,-4.78976693228135e-07,-0.00053942820979789,-5.92105462223464e-08,-8.66687701770938e-09,-4.54249592896085e-05,6.93222813112222e-07,-4.99742039761825e-05,-1.0917118352675e-16,-3.85122768828264e-06,3.05453206504366e-07,8.80390942783297e-09,8.04345992845485e-08,-0.000102711478786867,-0.000223168908228425,2.87160515957031e-06,-1.04949124995293e-05,-5.97043172577388e-06,-5.93216574624998e-16,-3.8801581612515e-05,-3.87057038503233e-07,-5.01071686764961e-05,4.69798320372705e-15,2.76489618268172e-05,3.54564148220843e-06,-5.44019825895925e-07,-8.03025384348846e-05,-2.69811548766572e-05,-1.44989944269824e-05,-1.32602785092842e-05,1.4926531942495e-05,3.03315202844932e-06,1.70532040241512e-07,3.39214475509621e-05,1.23780143139249e-06,-6.40223960602079e-16,-5.24469849568247e-07,1.96442302544608e-05,8.70901905888118e-06,-4.76659684180389e-05,2.77679599247786e-16,-1.29862779611557e-06,2.74715961512927e-07,-2.79197010113341e-05,-4.96078830942179e-07,-6.79947089892317e-05,2.01593931154505e-06,-3.19275499724666e-05,0.0138889430831667,-1.35710618830813e-15,0.29621523939489,6.74400445378064e-05,-6.09383067932676e-05,-0.00278151421939982,4.69250302853938e-06,1.60813986147156e-06,-8.39606162372775e-15,4.39135476357048e-15,9.09980117557243e-07,2.14816969428385e-06,-2.73956021948767e-07,8.76155178563619e-05,-5.43448525808292e-14,2.87907913893054e-05,2.97888529813755e-07,1.92439772542929e-15,3.94635384216424e-16,-1.41458130932895e-15,-4.53930958459205e-05,-3.32379817840088e-06,3.37753444819318e-06,-0.00417461556068494,-9.32584500858499e-07,-1.80104766884953e-06,7.80109385089044e-07,1.12149918598312e-15,1.50472343592463e-07,-4.00708898515129e-07,-3.4303640719313e-15,2.42061048135263e-15,2.06058723215982e-07,4.11758742530592e-09,1.10138953279138e-07,-2.23604204657731e-05,-9.79774866333861e-08,1.40729131483042e-06,4.36410886301569e-16,1.35081095330982e-06,-1.06906784843304e-15,1.53640257911563e-05,-2.3635607360184e-15,1.01218365651155e-07,-6.4378439509274e-16,-4.05889868241269e-07,-1.0644692293619e-07,-1.68365073094901e-06,-6.47163762146239e-06,-2.87768111135018e-07,3.48126629597705e-08,-2.41847517505491e-07,-2.05522247474118e-07,-3.83846954257574e-05,-0.376909186765767,5.1798252864044e-08,-9.30043772181337e-09,1.28085775175423e-06,1.57610262133611e-07,1.54597787873473e-08,-4.05400191098331e-15,-1.65950335061395e-07,2.93434442598641e-08,-1.32979879827447e-08,-9.72353635428937e-16,-8.37542420183639e-08,-5.81150859389131e-07,-1.75182498978022e-07,-2.26408003277316e-15,4.10815810558747e-08,7.279737340689e-07,9.04852018638789e-16,2.30786478182748e-08,-2.61249790900639e-08,-2.11542489614463e-16,-9.32712370078296e-18,6.04659439171841e-10,1.1799927650551e-07,5.00063150332105e-10,4.1575336603861e-07,1.56145296463277e-08,5.18753731327787e-10,2.48234214574902e-08,2.0425048114504e-08,-7.98504697197886e-07,1.12670289764694e-15,1.67108606619103e-10,4.52091997455019e-09,1.33323726516554e-08,1.34393921035228e-06,-2.4495605153874e-16,-2.4961676254736e-15,4.852160508365e-07,3.01595320610076e-16,6.81260430407425e-17,9.27954860402047e-08,-1.44776365199775e-07,-2.71376325084262e-08,-6.21301129100087e-08,7.92695570223932e-07,2.0772502078766e-07,2.26003085843166e-07,5.08585976025804e-16,6.29856720797485e-07,3.05180375680688e-08,1.41714236627699e-07,-3.94160803503373e-08,1.7198254278823e-07,-7.24922773940847e-16,-7.78680700529528e-17,2.75813685322218e-16,-6.58673406913482e-07,-8.73334020243897e-09,-5.68530275649834e-07,-4.30826976866012e-16,-7.0883762992422e-09,-5.66154390429545e-16,-5.40485764145488e-16,1.46709405405372e-06,-3.68468743902751e-07,2.18575157973078e-16,-3.71332560874021e-05,-4.49381691187959e-08,-2.06148185633213e-15,1.09907408206029e-07,1.21887880712364e-16,1.63963197031352e-06,5.33258310116605e-17,1.65090851688096e-06,3.77060501521876e-07,1.37678302398925e-08,5.00742518274579e-07,3.53233865469784e-06,-5.16410819195821e-08,1.91060572073775e-06,-1.06170509281532e-15,1.56498896359298e-06,-9.24126398247218e-08,-8.14509125827567e-16,-1.29888319249524e-08,-3.02786571955495e-07,8.13656243752208e-08,1.3641270259785e-15,6.41366351091169e-07,1.25022815070399e-06,9.74965534467143e-15,-0.000102121188386042,-0.311416766570163,2.65632835115115e-08,2.27845187725321e-15,5.49050633992095e-15,-1.20611226836822e-07,-9.9914937136785e-07,-7.58508777176999e-08,9.84023745644532e-09,-1.39734447644472e-07,9.1681966137015e-17,2.49366437531062e-16,-4.41361304222192e-07,-2.98522403918472e-09,5.95377481652267e-16,-8.00274452306078e-07,-3.75996181468891e-16,-8.06254225130369e-09,6.60871044339103e-08,3.68106893909939e-08,1.98266041774548e-07,1.0682407130002e-15,-5.90402928558325e-16,2.52868311735866e-15,-4.66439664478691e-17,-3.04154042975538e-10,-1.22827853936453e-09,4.23386708978968e-16,1.53929832740135e-16,3.14206378786558e-16,2.56535735539854e-09,2.6126352802544e-11,-1.87103781712321e-09,2.37391379293604e-16,6.87167336921313e-16,-4.23489368572838e-16,-1.33162989257764e-07,4.12365141884619e-09,3.22104967048385e-16,8.1609902143855e-10,-2.22694304828741e-08,-2.89364327610294e-16,2.2117950117638e-16,-6.37401839879511e-07,-1.73255556316885e-10,-3.32496267931621e-07,1.03638641900073e-15,1.05603214728963e-08,1.76278929505218e-07,1.97546828635616e-07,-6.49683604463233e-07,-4.67834268909529e-08,7.80184984023751e-10,1.36587569267264e-16,-2.02742789556968e-16,-1.11997680450596e-15,1.66778637555484e-08,-1.51242123972254e-08,-2.18560236895241e-07,-4.82225523602048e-09,-1.25980937591428e-15,4.21459220073288e-16,-8.81624483647025e-16,2.60008190222001e-16,-1.88218169891735e-16,2.4304269540199e-08,1.60748982583929e-15,1.47589376811065e-16,-1.51697066083451e-07,-1.29157325547566e-15,-1.35931056920291e-07,-2.71283889337802e-16,-1.68807985062776e-07,-3.38605491674632e-17,-2.10928956177354e-07,-2.65856045344179e-08,-6.48608549735967e-08,1.06343173800742e-15,8.73532365746933e-07,1.58638731967766e-16,3.7269141875506e-07,-6.12094837025764e-08,3.39192823452882e-10,7.69895864843112e-16,3.10511195876902e-06,-1.97742509286658e-15,-1.38623862770437e-07,-7.08275350847909e-08,1.17429016502924e-15,5.64401695895175e-17,1.30149785078721e-15,1.04522852399409e-15,-9.10674903195396e-09,-1.19031955448433e-07,-2.66936042529206e-08,1.68193993204455e-15,-2.85229862397005e-15,-7.63083962634168e-09,6.2300530991044e-08,3.6557825155114e-16,-2.58130056142479e-16,-2.08733576651758e-07,6.24264426254894e-16,-9.05197371039659e-07,2.52701890465621e-15,2.29796201155352e-07,-3.75084199460793e-15,-2.21049176409704e-15,-1.46291364162908e-15,1.46951915471382e-16,7.38881002199651e-15,1.01049466896736e-14,4.5326608960353e-09,-3.17099997908997e-08,-1.57299373294746e-15,-2.12355174132604e-08,8.95365309646139e-07,1.17439553918585e-14,7.24169732261918e-15,1.17869122597011e-13,-1.60669549270492e-13,3.05546791471094e-07,4.90290986196334e-08,0.707106781186551,4.04509987994085e-15,-1.63891164020973e-07,-5.29638580728464e-08,-8.03148640188269e-10,-1.21342641837873e-14,7.69301064433306e-15,2.93968947694228e-15,-6.15979428009016e-15,1.18647808401664e-14,-3.52295710425879e-15,1.21473122125395e-06,-5.10946083338836e-05,-2.20071154705127e-07,-1.83794239971055e-15,-3.91805706323047e-16,3.6663319928172e-15,4.18021830789698e-15,-3.73144954942786e-15,-1.7825038959946e-15,1.13694975893435e-15,-1.29402291623944e-15,1.83294894990845e-15,-3.55052893275765e-15,9.8504168476138e-16,8.00515677986211e-16,8.92154451880262e-16,5.06829147920082e-16,3.33767925727241e-09,5.76832379812133e-16,3.04050383282799e-15,-7.16782262179256e-16,4.74552497468228e-08,-2.1509284100711e-08,-3.25113142843875e-15,-1.22676297747845e-09,4.36710124879194e-08,-1.27689126336304e-16,1.30298885003044e-14,-8.47569117844269e-08,1.36523519318676e-15,1.09065460676369e-09,-7.89595358292449e-16,3.92314835051181e-16,-9.88241753019291e-16,9.40902651758915e-16,4.05573247500475e-08,-1.48405749230241e-07,5.68456272102376e-16,5.51618838342673e-16,8.48785798501014e-17,-1.58895540753654e-15,-2.15105711021124e-16,5.5591752513367e-16,6.98151368636747e-16,-5.08436403625497e-16,1.85461347744386e-09,5.05762869070303e-17,-7.08225362215171e-16,6.62224870422397e-16,-2.12843362617789e-17,1.52783858070072e-15,1.3134183341661e-15,-4.06261508383888e-07,-6.40391956473401e-16,4.93804036829201e-16,2.75200986369748e-08,3.54046402415012e-16,-2.19770253242892e-15,-2.07838846683955e-16,4.54087296113118e-16,2.33079584095887e-08,-4.04124077084788e-16,-6.46584118041755e-07,-2.06474464488977e-16,1.6367839381935e-16,2.00119955804109e-15,1.55257751099924e-16,-2.86766413006734e-16,8.18018929389818e-17,2.34855212613432e-08,-1.08316218125299e-15,-1.64269627005659e-16,3.56002872381147e-09,-2.94390368025154e-06,2.86133836989354e-16,6.08243921180753e-07,3.03388047804118e-07,-7.34000388393866e-17,-3.20118083973355e-16,-4.27065494317086e-16,2.82923886824399e-16,1.85290589466855e-16,-5.17208166280309e-07,5.29320423600541e-17,3.01804895244417e-16,-1.42889852116789e-16,2.0783264135631e-07,-4.10932244441572e-16,-2.48281100334706e-16,8.53574639171213e-16,1.26560086858679e-16,-9.51476062437231e-08,2.09859460911153e-16,7.66016671818776e-10,-6.85122457722251e-17,7.83984461612731e-16,7.69415316634795e-16,-6.48805968338879e-17,3.83491447102696e-16,2.51670752392192e-17,-1.44350586238986e-16,-1.33959676901764e-08,-1.09109869991881e-16,1.85661324911457e-16,5.64267277591786e-09,-2.50750183769394e-17,3.63269607061976e-16,7.33247282468861e-17,-5.08704962898084e-16,1.94651737144228e-16,6.85357043603243e-17,-4.11507692047557e-08,-5.63682265319892e-18,-1.29045481917049e-15,1.22858548381788e-08,-1.06651396665005e-15,-7.10553636335847e-16,3.78919313911134e-16,2.00995691914936e-16,-1.68646827903839e-16,1.2382503850153e-17,-2.5430151375793e-16,1.86735747839605e-16,-3.0304796808652e-16,1.20402570064503e-18,4.53181178139628e-16,-6.50737176773101e-09,2.16030747832879e-08,-2.86201656778417e-16,-1.53777452788412e-16,1.79934079519221e-16,3.19704313396519e-16,5.55111512312578e-17,-2.75748456388327e-17,-8.7843630620212e-16,2.28318610777816e-17,-2.07112317898653e-08,-4.10889431031703e-16,-3.12175296616822e-16,-2.92766405458115e-16,-1.32633382286306e-17,2.42286838189362e-09,-3.23833300138998e-16,-3.86288650172922e-10,-2.65521639351045e-16,-2.94529543202297e-16,-1.59893176341569e-16,2.4499024564442e-16,3.40843488147192e-17,7.33317865575557e-18,5.82520621149427e-16,-1.17735640540357e-16,1.12070709955767e-16,-2.36934883609837e-16,7.83478205260154e-17,1.77217000447158e-16,1.49238675935567e-16,1.11229749860079e-16,-1.26725605829475e-16,1.37835929313141e-16,3.37481173504176e-16,1.25389191154565e-16,-5.42072798402056e-17,6.6490301117287e-17,-6.07153216591882e-18,-1.32948611062249e-16,2.57704051331673e-16,-2.12530813425488e-17,1.2056140679455e-16,6.9922203292168e-09,-1.55703381187019e-16,2.47811004914787e-16,7.27311094344155e-17,3.60138871195933e-17,2.68618858981757e-16,1.08138441260312e-16,-1.2312813633569e-16,2.96676364082263e-17,-1.69238795246323e-16,5.59494507070447e-18,-2.12503625807159e-16,-1.4003816807346e-16,4.36330165931744e-17,1.41991839417874e-16,-4.00506062205708e-16,-2.15697731816011e-16,-1.85587541072627e-16,-9.10643551111034e-08,-1.31131938730303e-16,1.84686954834809e-16,3.99414336631829e-17,-1.22685578181246e-16,-2.00659369138224e-17,1.00846602426018e-16,-8.88873518519868e-17,-3.1288528327696e-16,4.78138968376866e-17,5.75377070230832e-09,4.46706928282996e-16,-1.70211947723081e-17,1.96628874477579e-17,-2.95117548117161e-16,1.19667958477756e-16,1.52566805893116e-16,1.9641489252153e-17,-6.61701553537595e-17,-2.23063021233395e-16,-2.19076568306402e-16,4.95065446311184e-16,1.12607792625879e-16,-7.93001343575864e-17,9.95960091876566e-08,-8.77170599946198e-17,4.57981435306487e-17,-3.66382345584123e-17,-5.160802341031e-16,-8.0934909375342e-09,-1.27297540466641e-16,-1.13960135400376e-16,4.46810016428069e-17,-8.6884751478592e-18,-4.79935839181193e-17,-2.28129127541594e-16,7.99970475043372e-16,6.19482826771544e-18,1.49592935406406e-16,1.25825509527979e-16,-1.33485112699029e-16,-1.0481595645312e-16,-1.27831234647259e-16,3.9176303387633e-18,-1.33260745159817e-16,-5.35651079222147e-17,-2.86286282770081e-16
"t415",0.0293580029914899,-0.00610274786220107,-0.00647728026784997,0.000239077547645301,0.000683895509471925,0.00447946616061449,0.000821166470225797,5.01662794932757e-06,-0.0124281421460048,0.0208606894079459,0.00790664267825069,-0.00469521630786006,0.0107227423779716,0.00244728140253492,0.0829642561424642,-0.00265537022911666,-0.0019825270578501,0.000265252990020439,0.139527877811299,-0.0864428255623398,-0.00120766870079366,0.000204759220781366,-0.0183842142171533,0.000114892180841306,-6.48100478004609e-05,0.00319676323040954,-0.0132735512141167,0.000203180187968162,-0.00245591003676979,0.0114700609473098,0.00105336075971515,-0.0393940608905586,-0.000183746461555726,0.0333901764985814,0.00193962256397891,-0.136546376535848,7.21762979634148e-05,-3.88531205778862e-05,-0.000999343435842229,-0.000103762899091224,1.83516238196081e-05,-0.000446476525259706,8.09164486428892e-06,-0.000457606456215097,2.47451015469996e-05,-7.28237792227178e-06,1.42556976312681e-06,-2.17512689332324e-05,0.00110307255019589,-0.00201696706821683,2.19894782239878e-05,-2.01248336380999e-05,1.67535304449799e-06,-7.20828001810753e-06,0.000148605278773745,-0.000443580852621603,4.51656422455805e-05,-0.00012652171481721,0.000983329411301924,4.15156175168855e-07,9.98381169211138e-06,-0.337577810914943,-0.000662907800663486,0.00041281897091138,-0.000665947912784093,3.46599226694802e-05,-5.33694884750321e-05,0.000483078273470772,-0.000113693317007754,0.000491380721485202,-3.60928294791142e-06,8.8595433233498e-06,-3.00750567862727e-05,-1.87807826984225e-05,7.85445920744756e-06,2.29929782061487e-06,-6.64328321571305e-05,9.43043369404064e-06,-0.000921748690308888,-0.000340839172856543,1.91507067844375e-05,0.00146404973447999,-0.000644323507423331,-6.23637427101662e-05,0.000156412707866243,0.000120184810052865,-1.79074576776711e-05,-0.000106655614669038,-6.1011569217606e-07,2.36156844991911e-05,-0.000194654935649289,1.25366152119166e-07,8.620807770101e-05,-7.35703577780001e-05,-1.17250303598824e-05,-1.62502568231426e-05,-1.90876646395928e-06,9.81769728603308e-06,-0.000108033313483062,-0.000852459731373837,-5.60681245254059e-05,3.68635058310943e-07,-7.68270149864106e-05,0.00471131242956016,-2.79294212926752e-05,2.16943467051602e-06,-0.000583372979630251,7.34197273281663e-07,-0.000314770022655177,2.81743948145688e-07,9.32176136654971e-06,1.78767007038776e-05,-5.52241297747227e-06,5.36063004276095e-06,-4.63415054895473e-06,5.91370962234428e-06,-0.000249887116252416,0.000253231639167183,-9.58769733460005e-05,3.26789474395413e-05,-1.82488333659285e-05,3.4620638959513e-05,-0.000278333102391914,-0.000527182917710296,2.38102808623069e-06,-4.81815779116645e-05,4.99151817141136e-06,-0.000103790755711333,0.000111540829129581,0.00388807864809717,2.91910164997577e-05,-0.00583172637272261,-3.1094911489276e-06,7.89279378434612e-06,-1.07047280229512e-07,7.28658150523323e-05,-6.60194430649977e-05,-8.41346095195118e-06,0.000253477017184525,-0.000257035993447019,-0.000166941295643387,-1.8339209806581e-05,0.00015761934199146,9.74780582257671e-06,5.62083871174992e-08,-1.23891977183832e-05,-4.04026330911285e-06,6.2480738133459e-05,3.97337665496371e-06,-1.9111069342188e-06,-2.34912738120412e-06,-4.20039984807221e-05,-1.63217347516842e-06,0.000329801038214385,-1.18299426724875e-06,-7.47130800154899e-06,0.000110959192716556,-1.25107189506256e-05,-2.47613078856622e-05,-8.12421878163013e-06,-9.27118692154327e-06,1.34373460518129e-06,-3.56105236206976e-05,-1.29041376661633e-05,8.20153491815621e-06,-5.34018996296801e-06,0.000283878588470784,4.83316674170243e-06,0.000240045267358432,5.83990729916992e-06,-1.01211518198371e-05,-1.78020828153036e-06,2.04803927329384e-07,2.58873469988095e-05,1.26530352285923e-06,2.56358958849539e-06,1.12017183573261e-07,-4.02674585941248e-06,-0.000130182903398649,-1.71058851783247e-05,6.79517070840067e-05,1.75165370452317e-05,-3.58809576357301e-06,-1.40001247940015e-08,-4.15883625712388e-07,-1.2994261123881e-07,-0.000619297948490307,0.000137055814481902,0.000613433516853463,-1.28657615403662e-05,-1.63519786264658e-05,2.95912014122513e-05,3.10664192490857e-05,4.42757993704058e-09,4.28357608474307e-07,-2.81448552329071e-05,-0.000577161159663509,-7.91136976700259e-07,2.96455258820236e-05,1.2334235889957e-05,1.2272470955126e-05,4.88801506324811e-05,-3.47625567929224e-07,-1.77501263045032e-06,-9.30272726369248e-05,-1.17023852361669e-05,6.27157932962936e-05,9.13385569333014e-06,-0.00338427320224682,-7.87741427110531e-08,-0.00219653710944104,-2.07436042697347e-05,-1.16305555582466e-05,-0.000114664735115515,-9.76402741212355e-08,-1.16669153765922e-06,3.48627062403003e-07,2.22553974747589e-07,-1.99488222165005e-05,-2.56627727333681e-05,-1.17266025622491e-05,1.3817947298841e-05,3.03612922208646e-06,1.28529563503041e-05,-3.80415556201459e-05,-2.16882225550805e-06,-0.000205392831171948,-1.14605294589902e-06,-8.50334127935812e-05,-6.71684087658068e-05,4.40583915878076e-06,9.10904960299218e-07,2.28561587209512e-05,1.02348209848226e-05,-2.02652671819469e-06,-1.06437930912042e-07,-4.72452445427703e-05,1.57413801853336e-16,-4.52992584765674e-07,6.49794784774241e-06,-1.37658947967763e-06,-3.71780283286937e-06,-5.31618224933584e-05,7.38458281023102e-07,-1.30622066707021e-05,6.20547860388717e-06,-4.37269976898529e-06,3.62084521913242e-07,-2.72419801007158e-06,0.0157032549554654,1.23176424496266e-06,-8.5389928803029e-05,5.23451452972189e-05,3.50790777631959e-08,-2.7749839947612e-09,1.44657306067779e-07,-1.51956907850005e-07,2.40410159005214e-06,2.25587170227015e-05,-4.35479766918244e-06,2.43506798736409e-06,-1.59452096138902e-05,5.220842620182e-05,-3.17000766318038e-06,1.17334125673486e-05,-3.97598325720907e-06,3.85132266072628e-08,0.000313521124497725,1.11672865475394e-06,4.82191300679926e-06,4.087110632456e-08,-4.1520887729557e-06,1.12304755971398e-06,-1.40596713897492e-06,2.22909933493045e-06,-4.31808739828976e-06,3.3768281751746e-06,-2.48735885213771e-07,5.00497054742126e-05,-2.33792787440031e-07,0.00179189343286492,-1.15523513502811e-16,-0.000986767463093823,-1.61190589740876e-06,-7.60558655538001e-11,-7.15343859124487e-07,1.06902938507483e-06,-6.65481078985161e-07,-1.89285513158203e-07,2.22591924962729e-08,-9.93888027837263e-07,3.75757629141173e-05,4.93079474684779e-06,-1.08265433386189e-07,9.47770942559013e-05,-6.84920101686738e-05,5.30579009030182e-06,-3.38819594723588e-05,1.36126071804792e-06,1.97423875229805e-06,3.66797992311973e-08,8.21656253538845e-05,-1.28712383394001e-05,5.69400938107114e-08,-1.78346959019226e-05,2.08856466719936e-06,-7.58401927944767e-06,5.5194975481906e-06,1.757512828062e-05,2.49605895271751e-06,-7.92037246185794e-07,-5.15345764042321e-06,5.2173664746028e-07,-2.40823815151226e-06,2.40155443434935e-06,2.23577469043305e-05,-4.35096176620852e-05,5.9217112581596e-17,1.34526323728698e-07,2.03508867976907e-06,-1.90373973140388e-07,3.81965321280754e-05,1.19303499510594e-07,9.99070260009789e-06,2.32200351820284e-05,-8.58556253761018e-06,3.66787561210349e-05,6.30645668483253e-16,-0.000100283761472743,-2.27991696518608e-08,-3.44317607282774e-06,4.0838674519039e-07,7.50413923486608e-06,-1.78741967775161e-06,-6.91762083925038e-05,1.85997447306192e-05,-2.2686616650231e-06,0.000121653499112155,-4.7897669301462e-07,-0.000539428209797908,-5.92105459986586e-08,-8.66687710227715e-09,-4.54249592895714e-05,6.93222812668339e-07,-4.99742039762019e-05,1.32539268926514e-16,-3.85122768856218e-06,3.05453206232882e-07,8.80390929838929e-09,8.04345992672171e-08,-0.000102711478787112,-0.000223168908228424,2.87160515941131e-06,-1.04949124997904e-05,-5.97043172556315e-06,-5.00374110570488e-16,-3.8801581612592e-05,-3.87057038762851e-07,-5.01071686770931e-05,4.58927925634431e-15,2.76489618268274e-05,3.54564148222056e-06,-5.44019825668157e-07,-8.03025384347148e-05,-2.69811548769776e-05,-1.44989944270016e-05,-1.32602785090705e-05,1.49265319429123e-05,3.03315202857415e-06,1.70532040402038e-07,3.39214475524511e-05,1.23780143091336e-06,-7.17662087825469e-16,-5.24469850068305e-07,1.96442302542036e-05,8.70901905870185e-06,-4.76659684177457e-05,5.60859966611887e-17,-1.29862779640549e-06,2.74715961012025e-07,-2.79197010111386e-05,-4.96078830762257e-07,-6.7994708989064e-05,2.01593931156805e-06,-3.1927549972722e-05,0.0138889430831681,-1.09780103930555e-15,0.296215239394894,6.74400445376919e-05,-6.0938306793684e-05,-0.00278151421939968,4.6925030283021e-06,1.60813986166319e-06,-8.53483950180589e-15,4.15348265705282e-15,9.09980117495004e-07,2.14816969449201e-06,-2.73956022082145e-07,8.76155178565458e-05,-5.41926560440379e-14,2.87907913893522e-05,2.97888530032048e-07,1.94635298295177e-15,4.90586684111906e-16,-1.18575796920016e-15,-4.53930958463074e-05,-3.32379817861334e-06,3.37753444822225e-06,-0.00417461556068473,-9.32584500664646e-07,-1.80104766829543e-06,7.80109384974298e-07,9.38406305024864e-16,1.50472343834776e-07,-4.00708898039587e-07,-2.15701365745947e-15,2.35225139851382e-15,2.0605872284131e-07,4.1175866109616e-09,1.10138953670737e-07,-2.23604204659884e-05,-9.79774858937759e-08,1.4072913151659e-06,1.49815018564917e-17,1.3508109538233e-06,-8.69932194762853e-16,1.53640257912851e-05,-2.46721046370801e-15,1.01218365776998e-07,-4.37199113910285e-16,-4.05889868662658e-07,-1.06446922878319e-07,-1.68365073092534e-06,-6.47163762185082e-06,-2.87768111085994e-07,3.4812662858531e-08,-2.41847517649312e-07,-2.0552224730697e-07,-3.83846954258944e-05,-0.376909186765772,5.17982528054403e-08,-9.30043801482052e-09,1.28085775203262e-06,1.57610261870557e-07,1.54597780634484e-08,-4.04171616937999e-15,-1.65950335115478e-07,2.9343444123727e-08,-1.32979882778222e-08,-4.9416348569021e-16,-8.37542422887425e-08,-5.81150859353317e-07,-1.75182499061843e-07,-2.60011650394844e-15,4.10815811174811e-08,7.27973734044868e-07,9.21777553388359e-16,2.30786478454077e-08,-2.61249798597263e-08,-1.46336878790942e-16,1.85513179367266e-16,6.04658852467264e-10,1.17999276008417e-07,5.00062471489539e-10,4.15753365620944e-07,1.56145292896579e-08,5.18753885469711e-10,2.48234210489496e-08,2.04250466588885e-08,-7.98504697122328e-07,-6.24500451351651e-17,1.67108997666077e-10,4.52092056508941e-09,1.33323724389109e-08,1.3439392106429e-06,-7.0226884567017e-17,-1.73064469290933e-15,4.85216050769608e-07,2.11276491561341e-16,4.05885055931717e-16,9.27954860136383e-08,-1.44776365232853e-07,-2.71376320459708e-08,-6.21301130994695e-08,7.92695569851878e-07,2.07725020604539e-07,2.26003086337158e-07,3.58310471534664e-16,6.29856720971093e-07,3.05180370277071e-08,1.41714236873211e-07,-3.94160807036596e-08,1.71982543614491e-07,-6.72317470850932e-16,3.81799920912393e-16,1.20921028044972e-15,-6.58673407243394e-07,-8.73333974176615e-09,-5.68530275857739e-07,1.47491599310974e-16,-7.08837613336996e-09,-4.19136575840505e-16,-8.74044326863033e-16,1.46709405423111e-06,-3.6846874429058e-07,-1.00613961606655e-16,-3.7133256086445e-05,-4.49381691495112e-08,-1.84651167058259e-15,1.09907408546398e-07,2.1891463400748e-16,1.6396319698829e-06,-6.11250890843987e-16,1.65090851664271e-06,3.77060501415189e-07,1.37678302574884e-08,5.00742517963796e-07,3.53233865515507e-06,-5.16410813430034e-08,1.91060572003171e-06,-6.63782046417226e-16,1.56498896349505e-06,-9.24126394886856e-08,-5.30695889319226e-16,-1.29888314604886e-08,-3.0278657198895e-07,8.13656235048981e-08,7.5047754947862e-16,6.41366351441195e-07,1.25022815156453e-06,1.04862554469003e-14,-0.000102121188385888,-0.311416766570165,2.65632834442848e-08,3.94896445896501e-16,4.93664769440645e-15,-1.2061122692189e-07,-9.99149371597346e-07,-7.58508775734955e-08,9.84023725489319e-09,-1.39734448209056e-07,2.3135836145383e-16,-1.84872800654652e-15,-4.41361304728121e-07,-2.9852255033463e-09,2.64928540792836e-17,-8.00274451172768e-07,-7.76808145978856e-16,-8.06254275971496e-09,6.60871044000871e-08,3.68106892719655e-08,1.98266041917851e-07,1.10975340050765e-16,2.53219598567751e-16,2.08387182558711e-15,9.5412660692837e-16,-3.04154328106107e-10,-1.22827868222997e-09,2.7637692740485e-15,1.03844575068589e-16,-2.52710877914186e-16,2.56535716612972e-09,2.61275550772307e-11,-1.87103798048827e-09,6.53521660721932e-16,-3.45426812153882e-16,8.41124045414254e-16,-1.33162988465589e-07,4.12365234751889e-09,-8.21394826301432e-16,8.16098893820298e-10,-2.22694302180547e-08,-3.3973333803572e-16,-2.24259808838641e-16,-6.37401839268949e-07,-1.73255170155898e-10,-3.32496268302326e-07,2.73866209367116e-15,1.0560320194903e-08,1.76278929264594e-07,1.97546827507339e-07,-6.49683603770489e-07,-4.67834274754454e-08,7.80186146406499e-10,-4.49626240067529e-16,-2.50548074547525e-15,1.51391136083377e-15,1.66778647639741e-08,-1.5124212296251e-08,-2.18560235233428e-07,-4.82225613178614e-09,1.55596530998425e-15,-6.64100634463133e-16,4.26279351387189e-16,-5.49906779581634e-16,-1.15514020224973e-15,2.43042677243618e-08,-1.23320523538108e-15,-1.87307379220251e-15,-1.51697066577177e-07,1.32492569187466e-15,-1.35931056176949e-07,6.06280408891682e-18,-1.68807981929204e-07,1.0243122678185e-16,-2.1092895533093e-07,-2.65856049061101e-08,-6.48608550802487e-08,-6.20514953846821e-16,8.73532365692777e-07,-4.75266582081491e-16,3.72691418413422e-07,-6.12094817213154e-08,3.39193522253764e-10,1.01215597329917e-16,3.10511196112923e-06,1.93972127762736e-15,-1.38623863778748e-07,-7.08275380403019e-08,-1.1364584193893e-15,-1.48891684712254e-16,-1.63066605970128e-15,-1.08337887330646e-15,-9.1067489172269e-09,-1.19031955500815e-07,-2.66936033520175e-08,-1.7834536417843e-15,3.03017553590547e-15,-7.63084371714427e-09,6.23005274088401e-08,-9.17506995958494e-16,1.11848256672164e-16,-2.08733577577171e-07,-8.02224673565093e-16,-9.05197371791265e-07,-2.5133484179759e-15,2.2979620146151e-07,3.96380804472102e-15,1.64865527197147e-15,1.30283721750136e-15,-5.97971321629018e-16,-7.40916513933267e-15,-1.06839794464325e-14,4.53262201045417e-09,-3.17099860827048e-08,1.58906735928274e-15,-2.12355204773392e-08,8.95365295865328e-07,-1.20611259228649e-14,-7.06329366473681e-15,-1.18149911398827e-13,1.59708591191486e-13,3.05546830510379e-07,4.90293311397768e-08,-0.707106781186547,-4.20416396383454e-15,-1.63891240419082e-07,-5.29638526405473e-08,-8.03197361827632e-10,1.24222868334999e-14,-7.65381584987728e-15,-2.54674987700897e-15,5.61070065484919e-15,-1.14834819960174e-14,3.2159291636768e-15,1.21473120534599e-06,-5.10946083518459e-05,-2.20071158702319e-07,2.10400622202583e-15,4.07251340136341e-16,-3.6632581156298e-15,-3.88479684471181e-15,3.3220805725944e-15,2.23943904349047e-15,-6.39027389320894e-16,1.33958187592493e-15,-1.74117161285177e-15,4.13950094840696e-15,-1.10350798992951e-15,-1.49483737045838e-15,-3.00577339420767e-16,-1.5066766340436e-16,3.33767854028782e-09,-5.91166700277142e-16,-2.87924003694638e-15,4.80841572849714e-16,4.74552512842724e-08,-2.15092784408637e-08,2.86468878938419e-15,-1.22675031225796e-09,4.36710105721585e-08,5.91574869741929e-17,1.04704653443638e-14,-8.47569104819672e-08,-1.28610781870796e-15,1.09065436756744e-09,3.84546479344983e-16,-5.27191183480625e-16,9.61123339431207e-16,-1.44362418215414e-15,4.05573223720613e-08,-1.48405744340746e-07,-7.15906515184595e-16,-5.53060305116128e-16,-1.64788587261254e-16,1.17467593006277e-15,-4.39752401160121e-16,-4.68807809891917e-16,-8.83520648055221e-16,4.40235326243064e-16,1.85461031853867e-09,-2.96472995112906e-16,1.05974622121365e-15,-4.57321306462574e-16,-9.2664535363482e-18,-1.6492675085697e-15,-1.56196714242841e-15,-4.06261509945858e-07,6.26722124833099e-16,-5.50393197350969e-16,2.75200973857646e-08,1.11063953304822e-16,2.23491796570716e-15,5.2438744201623e-16,-6.20477475688882e-16,2.33079585083853e-08,3.77042252917505e-16,-6.46584116221552e-07,5.02274727011675e-16,-2.08030335245373e-16,-9.68736048668594e-16,1.77170493445393e-16,3.12374820236501e-16,2.38984034088172e-16,2.34855214678263e-08,8.32499795004641e-16,-3.12741259347228e-16,3.56002761845645e-09,-2.94390367770424e-06,-2.0351398763747e-16,6.08243921437275e-07,3.03388048452432e-07,-1.12974923008781e-16,3.27084537028815e-17,3.83528500216278e-16,-2.55166974969703e-16,1.20593352775204e-16,-5.17208165131986e-07,-1.94034817328674e-16,-1.3090019179455e-16,4.90192496549756e-17,2.07832641117035e-07,-4.59608340537292e-16,-1.91598798389534e-17,-6.23505271013734e-16,1.38390872489222e-16,-9.51476067054924e-08,-1.78595190142795e-16,7.66017436553963e-10,-1.87445348791642e-16,-1.10158203311978e-15,-8.1565481111926e-16,-5.80918085073451e-18,-4.1357808800397e-16,-3.26992727696924e-16,1.23863122587696e-16,-1.33959675170555e-08,3.8227543507823e-16,-3.73273797387666e-18,5.64267231972597e-09,-1.71315545677047e-16,-4.54579496370737e-16,-3.710831385619e-16,3.08455101548706e-16,-1.58718875731546e-16,-9.87317304486826e-17,-4.11507702897707e-08,1.13578400489548e-16,1.6704718743204e-15,1.22858561090257e-08,2.51096720343978e-16,4.92712986481314e-16,-3.07812968180757e-16,-2.90078746074929e-16,2.88787040302192e-16,2.78449975349126e-16,2.71254691607849e-16,-2.0166171454278e-16,6.26893506749338e-17,2.89148791570923e-17,-7.34499880298079e-16,-6.50737078355975e-09,2.16030745536525e-08,6.17471083166748e-16,-1.93136235103054e-16,4.92169902234128e-17,-6.20853639067202e-16,1.81278603239576e-16,-1.9875435748147e-16,7.42583533497497e-16,2.64883314471769e-17,-2.07112314674832e-08,4.15198941756967e-16,3.60219203808793e-16,2.20552321466851e-17,3.8627730133174e-17,2.42286817169644e-09,2.34496914567179e-16,-3.86288497082582e-10,9.57485108138377e-17,1.08520063531304e-16,-2.31684434039764e-16,-4.57600904599081e-16,4.48053556759724e-17,2.29077584010567e-16,-4.1774655720443e-16,4.23365747570941e-16,2.45547960802723e-17,4.25290662298044e-16,-3.13035252117493e-16,-2.01226288133014e-16,1.30699693953653e-16,2.76961603710586e-17,-1.13094291026641e-16,1.9762382668646e-18,-2.9071039063479e-16,-1.23048033024757e-16,1.28174095384577e-16,-2.65517359719343e-16,3.8597597340484e-16,-1.07644536909735e-16,-4.76300819441013e-16,-9.34313097168699e-17,-1.04668362099144e-16,6.9922200708034e-09,1.55420504983601e-16,-2.66100824843347e-16,1.30789183900495e-17,-2.40687637924876e-16,-2.41682237116096e-16,-7.19229379099759e-18,-4.45980499894092e-17,4.50003023041365e-17,1.88296957901247e-16,2.19919966363917e-16,2.73218947466347e-16,1.13943951503708e-16,8.66974730348305e-17,-1.24755196191185e-17,4.12496235065573e-16,2.13250179746539e-16,-2.01378524960953e-17,-9.10643548712567e-08,9.81073971743647e-16,-5.47296716367752e-18,-5.45132476093839e-17,1.9672973840747e-16,8.03592813994949e-17,-1.22496661673512e-16,2.20852342659391e-16,9.47701489883167e-17,1.49582469046342e-16,5.75377096842415e-09,1.25132563923795e-16,-1.33894646470634e-16,3.21762308744646e-17,-1.29090125337556e-16,-3.82878607267449e-17,2.55447259415745e-16,7.01502017850925e-18,1.79748833883333e-16,2.26344491797341e-16,-2.17595888992721e-16,-3.0800842925152e-16,2.12364325349922e-16,-7.59142651398861e-17,9.95960091726849e-08,-3.73759958765931e-17,2.14380430854005e-17,-1.87189735474119e-16,1.58727198051878e-16,-8.09349053670462e-09,-9.7123735644252e-17,1.1084743846069e-16,4.23859832187302e-17,-1.2532639898218e-16,3.95016228823654e-17,9.34219593851539e-16,-1.67650021005757e-16,-8.54463980653169e-17,-1.4570417826123e-16,-9.13320810834458e-17,-1.45394584100605e-16,-4.0661936637223e-17,1.25110284684846e-17,-1.29320868659001e-16,8.10796789603513e-17,4.44655170623319e-17,-1.63650078971644e-16
"t224",0.0293518214486794,-0.00610004152302645,-0.00647431504621383,0.000238930923511489,0.0006833821687984,0.00447552284283108,0.000820429431861436,5.01176815181134e-06,-0.0124139302293678,0.0208317853982362,0.00789275992497265,-0.00468507188378148,0.0106989022354784,0.00244175853861275,0.082768928628996,-0.00264875255415035,-0.00197746921041426,0.000264564113020253,0.139157197734779,-0.0861935168885013,-0.00120390408607178,0.000203990361306693,-0.0183113590148058,0.000114434302605257,-6.45507566541326e-05,0.0031833713645232,-0.0132172961929709,0.000202311450913856,-0.00244513117368158,0.0114107463976966,0.00104755751409764,-0.039167310866072,-0.000182613752126208,0.0331747521392498,0.0019264813417599,-0.13554880182508,7.16424407844294e-05,-3.85612661831799e-05,-0.00099178662480144,-0.000102966831184821,1.82068694990195e-05,-0.000442871281720953,8.02535288944102e-06,-0.000453852975938064,2.45386684575889e-05,-7.21783719489268e-06,1.4127070448532e-06,-2.15533658996044e-05,0.00109280197665196,-0.00199772145983378,2.17728483122832e-05,-1.9923654302523e-05,1.65856962408052e-06,-7.13476102242802e-06,0.000147036536238031,-0.000438874154988237,4.4641937353117e-05,-0.000125020315752672,0.000971628619734334,4.09937751590182e-07,9.85321651806926e-06,-0.33307626855083,-0.000653931127759793,0.000407207344762918,-0.000656637653442538,3.41632677711985e-05,-5.25634731084809e-05,0.000475614000766,-0.000111918194739996,0.000483565105607556,-3.54628515058643e-06,8.69439419665628e-06,-2.95089235290274e-05,-1.84201407159715e-05,7.70325893795303e-06,2.2546586656551e-06,-6.51387490774261e-05,9.24370485331798e-06,-0.000902826533563396,-0.000333741789276949,1.8742272142144e-05,0.00143266520133533,-0.000629995232770061,-6.09618309381772e-05,0.000152734130575318,0.000117324106371815,-1.7476065418646e-05,-0.000104081300092995,-5.95382086080813e-07,2.30446699359052e-05,-0.000189926933104391,1.22191058347931e-07,8.40165074171499e-05,-7.1652800216908e-05,-1.14064328370624e-05,-1.58059799192558e-05,-1.85656647768239e-06,9.54503505441769e-06,-0.00010501589115972,-0.000828141164175033,-5.44413284509627e-05,3.57923264749731e-07,-7.45908255705816e-05,0.00456380861954832,-2.70503696995028e-05,2.10087374461881e-06,-0.000564802545429649,7.10778557835848e-07,-0.000304694001320082,2.72676592796926e-07,9.02123623934913e-06,1.72944097507424e-05,-5.34231357993562e-06,5.18110317091969e-06,-4.4780856068355e-06,5.71212594545095e-06,-0.000241323060952383,0.000244424778988575,-9.24958635213926e-05,3.15144982819272e-05,-1.75947580277052e-05,3.33547672746094e-05,-0.000268026061177972,-0.000507651206736997,2.29265279960158e-06,-4.63701017372312e-05,4.80365326286855e-06,-9.98414783093326e-05,0.000107164662800917,0.00373548332250098,2.80425469458479e-05,-0.00559765184789406,-2.98419733517372e-06,7.57387042673485e-06,-1.02672302387495e-07,6.98831410636783e-05,-6.3252382300848e-05,-8.05418751564451e-06,0.00024237953170981,-0.000245774851759042,-0.00015959647500126,-1.75306211435568e-05,0.000150645885282666,9.31597456369746e-06,5.37182919450893e-08,-1.18351946002521e-05,-3.85624834726791e-06,5.95823165455167e-05,3.78821890167779e-06,-1.8211624176768e-06,-2.23848096603599e-06,-4.00181182916678e-05,-1.55483666466808e-06,0.000314135002602731,-1.12550968393932e-06,-7.10695393540547e-06,0.000105534300817819,-1.18638226712472e-05,-2.34639497401631e-05,-7.69769623156467e-06,-8.77903890862262e-06,1.27224343541423e-06,-3.36892087286404e-05,-1.22067356410202e-05,7.75226812589287e-06,-5.04387267864059e-06,0.000267541207499253,4.55466265526339e-06,0.000226208517608267,5.50163308266849e-06,-9.53154067701748e-06,-1.67641677815799e-06,1.92729004205507e-07,2.43557371617662e-05,1.18987907430958e-06,2.41049381334957e-06,1.05321307002865e-07,-3.78186374675913e-06,-0.000122125919947903,-1.60440314868468e-05,6.37215490453074e-05,1.64169116930096e-05,-3.36212279907929e-06,-1.31156453211993e-08,-3.89531806616886e-07,-1.21627382485202e-07,-0.000579571531399418,0.000128078956434543,0.000573227479192284,-1.20166745873425e-05,-1.52523555276497e-05,2.75704238852633e-05,2.89336887174081e-05,4.12124118214385e-09,3.98547826641269e-07,-2.61524725819338e-05,-0.000536153351256175,-7.34489105357517e-07,2.75146090391388e-05,1.14212620195122e-05,1.13628296012525e-05,4.52126592415337e-05,-3.21231499131723e-07,-1.6364086347093e-06,-8.57621982793769e-05,-1.07861358475417e-05,5.77670472851887e-05,8.40924282397362e-06,-0.00311196345225871,-7.23251440828132e-08,-0.00201422631707412,-1.90146381272529e-05,-1.06427361416905e-05,-0.00010482476009879,-8.92589827308283e-08,-1.0657413487486e-06,3.17850709788813e-07,2.02832108758052e-07,-1.81450314073105e-05,-2.33101544644776e-05,-1.06464784350769e-05,1.25203722220111e-05,2.74971943329948e-06,1.1634441188337e-05,-3.43803364216329e-05,-1.95945757913905e-06,-0.000185550809056744,-1.03352626646809e-06,-7.6602384375535e-05,-6.04364966824625e-05,3.96211316835705e-06,8.18703065969925e-07,2.05317853713213e-05,9.19260372537903e-06,-1.81763461052794e-06,-9.53833556946448e-08,-4.22983197101259e-05,1.74727195164382e-17,-4.05008059191113e-07,5.80804530201165e-06,-1.22809989923517e-06,-3.31189327293957e-06,-4.72999281359802e-05,6.56983917972594e-07,-1.1594602433448e-05,5.50614254487479e-06,-3.8792230472667e-06,3.20948862804433e-07,-2.41331646967143e-06,0.0138965442119979,1.08953414215543e-06,-7.55154273109403e-05,4.62427386185374e-05,3.08503797259977e-08,-2.43653302048341e-09,1.26842593903037e-07,-1.3284893406488e-07,2.10134933889456e-06,1.96766316604051e-05,-3.79395021038051e-06,2.11786924999312e-06,-1.38605809907573e-05,4.53568693038977e-05,-2.7517999215147e-06,1.01734103595857e-05,-3.44689404818977e-06,3.3287042750962e-08,0.000270957835522595,9.65046895458753e-07,4.16350797237668e-06,3.52794519296806e-08,-3.58049147355238e-06,9.6826470744753e-07,-1.20488171451811e-06,1.90899733923214e-06,-3.69601898266032e-06,2.88678564078999e-06,-2.12428239214162e-07,4.26475383091855e-05,-1.99084043269295e-07,0.00152507012442047,3.48085284256628e-16,-0.000838312304588082,-1.36907326675347e-06,-6.45477848527177e-11,-6.05974662360907e-07,9.04129060972536e-07,-5.62397254568278e-07,-1.59904092447831e-07,1.87110232694973e-08,-8.35189810693541e-07,3.15731254371786e-05,4.13698264466595e-06,-9.04500734427706e-08,7.91223684599906e-05,-5.71492441459503e-05,4.4195071799679e-06,-2.80344468256091e-05,1.12311284340867e-06,1.62857923489775e-06,3.02562060124041e-08,6.72878454837891e-05,-1.0449887826186e-05,4.61764057606725e-08,-1.44393343918602e-05,1.68751645635671e-06,-6.12388948987241e-06,4.43328615936869e-06,1.41107236340245e-05,2.00254881948031e-06,-6.35115565447345e-07,-4.12549383537852e-06,4.16883987717484e-07,-1.92090175796183e-06,1.91410353334054e-06,1.77964826548517e-05,-3.45360739588545e-05,-6.34813960773217e-17,1.04899988191219e-07,1.58399144039699e-06,-1.4776523194187e-07,2.96450911285688e-05,9.2585758530345e-08,7.74800281081928e-06,1.7984322730946e-05,-6.63938233357378e-06,2.82746522742092e-05,-5.63344491930293e-16,-7.67358731606303e-05,-1.74293703715477e-08,-2.62693659931987e-06,3.11499646484483e-07,5.69510574021746e-06,-1.35271373154077e-06,-5.21423028895184e-05,1.39806004828741e-05,-1.6948210904196e-06,9.0360909562167e-05,-3.54446696239009e-07,-0.000398335771604999,-4.36655912963629e-08,-6.37637581190481e-09,-3.34111870089883e-05,5.09020725142277e-07,-3.66467256258894e-05,2.00210435291099e-17,-2.79595942529556e-06,2.21286451299214e-07,6.37788391575266e-09,5.79150258709392e-08,-7.38859809482042e-05,-0.00015868142610969,2.03490933266243e-06,-7.43201774233744e-06,-4.21716781678511e-06,-9.63631014872122e-17,-2.73265021185681e-05,-2.72288805778122e-07,-3.51032483115748e-05,3.17241220967796e-15,1.9281659413487e-05,2.46995501747421e-06,-3.78759928815112e-07,-5.58433220302361e-05,-1.87261263500291e-05,-1.00480132443622e-05,-9.17884958274161e-06,1.02963471240563e-05,2.09140513983055e-06,1.17300621988484e-07,2.32329293656504e-05,8.47587911310092e-07,-2.81683098659446e-16,-3.56066005906036e-07,1.33164439756481e-05,5.88390562942842e-06,-3.20382228263392e-05,1.98730385147467e-16,-8.63007198255759e-07,1.80173239494163e-07,-1.82002313241297e-05,-3.22457135053592e-07,-4.40445141994512e-05,1.29737927684043e-06,-2.03266805367282e-05,0.00859838248224436,-3.76199279831583e-16,0.178612941274918,4.05688455638767e-05,-3.64749878898529e-05,-0.00165323382423155,2.78754126343467e-06,9.53385014003245e-07,-6.68909372336657e-15,1.53232420292933e-15,5.33181570916589e-07,1.24555164692923e-06,-1.58635320916006e-07,5.0247608969329e-05,-3.10199607565147e-14,1.61547993659942e-05,1.65477394671463e-07,1.15243144116579e-16,1.93013386939215e-16,-7.55842620303623e-16,-2.43987613296396e-05,-1.77874696293256e-06,1.77987055846525e-06,-0.00217049688546249,-4.84100213890143e-07,-9.21153793757324e-07,3.98296878855003e-07,-1.84214158571506e-16,7.44366475330681e-08,-1.95933784103506e-07,3.19714222282731e-15,2.02628311362675e-15,9.60037888830174e-08,1.89484107945295e-09,4.98283397502682e-08,-9.99820175801632e-06,-4.28042660332792e-08,6.12456460677936e-07,1.28332312590554e-15,5.84768488420428e-07,-7.65622277627185e-16,6.54846985291615e-06,-1.18655085756814e-15,4.26377292449825e-08,-8.4116364493793e-16,-1.6838241965786e-07,-4.40205595079389e-08,-6.66718984207949e-07,-2.53804843004085e-06,-1.12395926912646e-07,1.33524203121422e-08,-9.12669863092043e-08,-7.45534040182419e-08,-1.3919038506562e-05,-0.134949400605954,1.81064804757713e-08,-3.14343971048247e-09,4.20203238822025e-07,5.04547517819681e-08,4.88797594257217e-09,-1.46209486641896e-15,-5.04086233945068e-08,8.55457274632839e-09,-3.39596869895383e-09,1.11466461592752e-15,-2.04741355905388e-08,-1.32251650645319e-07,-3.85762522792886e-08,-7.81387055465972e-16,8.88922421502576e-09,1.46280704844427e-07,-2.16870076247325e-16,4.45849898009141e-09,-3.76772083111855e-09,-8.31742371659405e-16,-3.88832259760608e-16,7.49077557465679e-11,1.43986321382382e-08,5.66241691545552e-11,4.27122482179207e-08,1.22250933047559e-09,3.94951841660395e-11,1.81371619141405e-09,7.88421623866883e-10,-7.1610260627764e-09,-1.45326459199957e-15,-4.37820451216538e-13,-2.09076089090184e-11,-1.56485654498861e-10,-2.74180243182791e-08,3.19740247230383e-16,-1.94228427013498e-15,-1.57532030612889e-08,-8.24783522409332e-16,-4.4819856435674e-16,-1.0579320756708e-08,1.87032913919698e-08,3.51459313178125e-09,1.01868122971271e-08,-1.33776718834174e-07,-3.52703779631845e-08,-3.98883951764098e-08,-7.6091175582577e-16,-1.58792489129606e-07,-8.22051046063672e-09,-3.89936404244836e-08,1.2010978178042e-08,-6.22617565913001e-08,1.79118064119494e-17,-4.35848193428456e-16,-1.32653502099415e-15,2.98483520515353e-07,4.33317584491752e-09,2.8400069579403e-07,-2.91453063737657e-16,3.85294396324854e-09,-1.97942494879451e-16,7.08932351455285e-16,-1.12986302045732e-06,2.84966894779732e-07,2.15973072759112e-15,3.11628733171344e-05,3.95355254244838e-08,4.17993975228651e-15,-1.06435070475035e-07,-1.14827951840685e-15,-1.78162616277085e-06,4.24753408557666e-16,-1.8125373785014e-06,-4.17308950310986e-07,-1.53761689353338e-08,-5.66346757907372e-07,-4.11038845234883e-06,6.69041703587649e-08,-2.88250101513151e-06,3.0804396054145e-15,-2.87289556422769e-06,1.733376371565e-07,9.59162217697278e-16,2.50770934003447e-08,6.16582121499436e-07,-1.73986889160211e-07,-3.05081976572972e-15,-1.63155166809418e-06,-3.29669725089629e-06,-2.91897915204918e-14,0.000282703412994782,0.883391378549689,-8.27123882159471e-08,-3.37941590968789e-15,-1.38729879737166e-14,4.77738519470581e-07,4.43431918141936e-06,3.44929649767288e-07,-8.55053649504725e-08,1.40133554362425e-06,1.72778769061278e-15,1.56182658560028e-15,4.9392636756633e-06,3.39001991398101e-08,-1.51224618972085e-15,1.12609552666176e-05,1.62042586265732e-15,1.46204232408227e-07,-1.93989169595404e-06,-1.12909580292466e-06,-7.37516358236458e-06,-2.17000196094466e-15,3.61447495920273e-16,-5.53634575739197e-15,-9.56289529393321e-16,-1.39153267564178e-08,-4.78803459884393e-08,-2.9938753127055e-15,7.77926847946501e-17,-1.06696929468224e-16,6.5546159505501e-08,5.82348274570829e-10,-3.11391967221909e-08,-1.18696115088261e-15,-1.01481323344643e-16,-5.78963960107259e-17,-1.22843767076553e-06,3.74958767990666e-08,4.46836354947823e-16,6.40283538316261e-09,-1.6579001764529e-07,6.95342273923454e-16,5.97665512297227e-16,-4.24649486147058e-06,-1.1448027396766e-09,-2.07381588555241e-06,-4.71385086835306e-15,6.03611015694381e-08,9.64316878213192e-07,1.02089194105113e-06,-3.12815512770129e-06,-2.2128876539926e-07,3.57394182318896e-09,1.12667410231974e-15,2.39564880896344e-15,-1.12098832192772e-16,6.53034906271836e-08,-5.90946045981188e-08,-8.39297507881777e-07,-1.70849980626632e-08,-2.24201725996114e-16,2.21065230330631e-16,1.14556959421066e-15,2.1547873368074e-16,1.48262141980474e-15,7.99931534609771e-08,-2.50677436899028e-16,9.78473411233471e-16,-4.86291026870284e-07,-1.4349451596077e-16,-4.35153276604974e-07,8.40079153547124e-16,-5.39159578616228e-07,-9.95240828758945e-17,-6.45590046607642e-07,-8.05888392738222e-08,-1.93798475167952e-07,2.67120085962729e-16,2.5655061649626e-06,5.31611334033995e-16,1.05609733694546e-06,-1.66146249076306e-07,9.1906004678904e-10,-1.29865324100294e-15,8.27735713493e-06,-2.04328324250256e-16,-3.60517738436509e-07,-1.83983563011668e-07,-3.30333859415829e-16,1.21653946525763e-16,-4.43917464053637e-16,-8.50017359761042e-19,-2.32020120213996e-08,-3.0175911796745e-07,-6.72850719523517e-08,2.18056996363897e-16,-1.627080126363e-16,-1.87334151566675e-08,1.52771521256395e-07,1.04253329438756e-15,1.3367976154892e-16,-4.96364505166861e-07,-2.53756014223478e-16,-2.13906968184322e-06,-3.00286910023107e-16,5.33522383072791e-07,-2.77262156451014e-17,-4.11573755845728e-17,7.9408915347586e-17,-2.69296777388423e-16,-4.84736178034672e-17,4.47264221791534e-16,1.0175227070795e-08,-7.11550517652993e-08,-1.42788418223531e-16,-4.71254221560636e-08,1.97796278701118e-06,1.29366338466454e-16,-1.88342170541741e-16,4.7700056332224e-16,8.28902780488491e-16,6.62284514008981e-07,1.05816796534368e-07,-4.23449923597815e-16,1.02862180131676e-16,-3.52046332939837e-07,-1.13699388043485e-07,-1.72065753528178e-09,-3.58200071674365e-16,-3.56970608482467e-18,-1.15903828248012e-16,5.04325285489383e-16,3.47330208596381e-16,2.16929345898312e-16,2.52060763020536e-06,-0.000105721475735412,-4.54080052806902e-07,-4.96457672686317e-17,-2.57503736128563e-16,-1.66153425861752e-16,-4.30685079316503e-16,-3.27566900565898e-16,-8.94183770730014e-16,-2.37164536974345e-16,-2.91507739672263e-17,-2.44970952703865e-17,-4.48335764539023e-16,-1.25992075419639e-17,6.52159408032775e-16,-2.13134476446796e-16,-2.77648635815221e-16,6.58877421400161e-09,-2.34386103783371e-17,-6.75137776039196e-16,1.76252573877259e-16,9.3168600493451e-08,-4.21763138422925e-08,5.28583263230778e-16,-2.4036207945214e-09,8.50062606602231e-08,7.29165928944152e-17,2.41051652121294e-14,-1.63666563679044e-07,2.22886286389639e-16,2.08607686060143e-09,3.08788413972961e-16,3.34564201503116e-17,1.7309085959784e-16,-2.83025002438564e-16,7.64577126427233e-08,-2.79502646933949e-07,-6.0722345413047e-17,-1.55571348496615e-16,-4.67816617099228e-17,1.41319804015439e-15,3.86843335142828e-16,1.06306938167208e-16,4.52637317398879e-16,1.19276482167287e-16,3.33591825173e-09,9.65416570266761e-17,1.37758857238228e-17,-1.72374536281694e-16,-4.91007826334754e-16,4.30113362881293e-17,7.29366472690537e-17,-7.24143910388545e-07,-1.92189211641155e-17,1.64985037037905e-16,4.89728774668039e-08,-6.03455211387802e-16,-5.7174765248202e-16,-4.3014125496532e-16,-1.03179328638134e-16,4.0710923420026e-08,-1.97283763072513e-17,-1.12572612346096e-06,-1.17499043993649e-16,1.5530110146027e-17,-1.18996617531637e-15,-2.07814451411159e-16,2.76628866124094e-17,-9.46779620144385e-17,4.0625607285556e-08,-2.99490607115397e-16,3.22087441039467e-16,6.12829162929356e-09,-5.06645114357502e-06,-1.22579570296334e-16,1.04247783791888e-06,5.19314950433852e-07,6.09545000317605e-17,-5.68090470666046e-17,-2.64338468855682e-16,-1.13493654051372e-17,-5.7215849020853e-16,-8.69241825809963e-07,1.34676071907274e-16,-1.48257123172695e-16,3.52738204480521e-16,3.4771254676059e-07,1.84605201209455e-15,5.02235938222763e-16,-1.13233787974387e-16,-4.39084316282607e-16,-1.58251906820912e-07,-1.37391175317185e-16,1.27177767834883e-09,7.29662664160497e-17,3.4372645675613e-16,1.53337830222568e-16,3.58720871151866e-17,4.18310612698361e-17,2.88620743299998e-16,1.1192978287002e-16,-2.20348346069472e-08,-2.01580530919734e-17,1.26046477783499e-16,9.26061826642875e-09,-1.89930063396423e-16,1.81417352482177e-16,5.22412530939352e-16,2.27693338562314e-16,-2.45713765686786e-16,-2.9799968733593e-16,-6.70663975389944e-08,-7.64399893269949e-17,4.33321130031241e-16,1.9961861945458e-08,6.08032600875531e-17,3.60416108234822e-16,-1.51501233545868e-16,7.49294816918264e-17,1.04449633387169e-16,3.39570517306935e-16,2.45151053453633e-16,-2.54793069928677e-17,4.64815994063165e-16,9.48261210602599e-17,2.25234352760585e-16,-1.04571940766054e-08,3.46707742681784e-08,-3.09844078559796e-16,1.9759963787917e-16,-2.9258616139799e-16,6.56243900476174e-17,7.96238075473354e-16,4.2077949200436e-16,3.93462593783228e-16,1.03922126253723e-16,-3.30192083961914e-08,2.11954474032098e-16,-1.69533632032734e-16,-1.42965393365116e-16,-5.24929775850458e-17,3.84144389291859e-09,-5.83536457716048e-16,-6.08744982832452e-10,5.72155407183039e-17,-1.74846890721051e-16,-6.19615886356071e-17,3.51983691142114e-16,-6.89922482513958e-17,-1.22879251539242e-16,-3.08981250101688e-16,-4.36324232123397e-16,1.42372635598199e-16,-5.6937989414454e-17,-5.98246873138572e-17,1.2954013841555e-16,2.30801552883239e-17,-9.33187124547657e-17,1.25717996452246e-16,-6.41837673043612e-17,5.35973276533704e-17,-1.90373096201282e-17,-6.38065393219729e-17,3.9275406518639e-18,-2.16406753628107e-16,1.44926445993685e-16,1.99273357916163e-16,2.76488817015042e-17,-1.27978781585554e-16,1.0787939399741e-08,-6.49555100370903e-18,-3.2635945626135e-16,1.79907681922832e-16,-2.89771559146803e-16,9.24915482562629e-17,2.78771245389097e-16,9.24979596283948e-17,-2.95665012223602e-16,-1.23236044165822e-16,-6.62399254777145e-17,4.0766001685455e-17,-6.77827368901008e-17,1.55802407014301e-16,8.83880496564053e-17,6.67256958005597e-17,6.38899135634463e-17,3.52406995624145e-16,-1.38641452584048e-07,-4.63997202995994e-16,-7.00059418949968e-18,3.45613395700714e-16,1.33745433638889e-16,-1.72804064246276e-16,1.27289418753525e-16,1.07007142504808e-16,2.3912623603063e-16,-1.95143025151437e-16,8.64716133192969e-09,7.46498562150375e-17,9.9102702545349e-17,-7.03146868326006e-17,2.05662512511774e-16,-1.1320869141368e-16,-2.78056215714439e-16,5.41423691501926e-18,-2.29898190652109e-17,-4.05809652969641e-17,2.45412620212301e-16,-1.45686831919278e-16,-1.29027010040507e-16,8.55197598740688e-17,1.47853317476221e-07,-8.61844332748515e-17,-4.84518733438509e-17,9.67526862019583e-17,-3.48679418671338e-16,-1.19492905842565e-08,1.45982104368723e-16,-1.23091738881759e-16,-3.02495670415457e-17,7.33627110161764e-17,-1.43002836957172e-16,-4.39557042612538e-16,7.76352015386374e-18,1.74700247733192e-16,6.98485430368386e-17,7.79451604293365e-17,1.40631960522424e-16,1.14803653607435e-16,1.9817808203436e-16,-3.59931297921294e-17,-5.79462116741036e-17,-2.32585229288518e-18,-2.18169976807348e-16
"t229",0.0293487394376475,-0.0060986914891739,-0.00647283582392466,0.000238857753680799,0.000683125918133631,0.00447355383943318,0.000820061394890834,5.00934104803562e-06,-0.012406829683118,0.0208173366188886,0.00788581437643328,-0.004679992049366,0.0106869625841118,0.00243899236500694,0.0826710759165758,-0.00264543629779327,-0.00197493428351617,0.000264218821661851,0.138971374125764,-0.0860684740462896,-0.00120201493213205,0.000203603985333127,-0.0182747300436465,0.000114204086465397,-6.44203834211767e-05,0.00317663502551987,-0.0131889958675616,0.000201874377094962,-0.00243970680927168,0.0113808448812677,0.00104462979362515,-0.0390528533272778,-0.000182041469650574,0.0330658430044102,0.00191983293140223,-0.135043512307797,7.13719778786882e-05,-3.84133689134237e-05,-0.000987956782941446,-0.000102563279739332,1.81334538047656e-05,-0.000441042033019773,7.99170847947056e-06,-0.000451947973465244,2.44338649115251e-05,-7.18503270791118e-06,1.40616690497504e-06,-2.1452723776405e-05,0.00108757648310688,-0.00198792458683662,2.16624980123787e-05,-1.9821141375393e-05,1.65001706079405e-06,-7.0972817898772e-06,0.000146236171433812,-0.000436472530884298,4.4374127360734e-05,-0.00012425207263201,0.000965641070206914,4.07263382936457e-07,9.78621219918632e-06,-0.330765360866456,-0.000649320752900817,0.000404324907339721,-0.000651851275961365,3.3907740614397e-05,-5.21480670482807e-05,0.000471764058718033,-0.000111002287908932,0.00047952987302936,-3.51364684633354e-06,8.60860649305739e-06,-2.92147223115039e-05,-1.8232568699304e-05,7.62461047031486e-06,2.23143064724504e-06,-6.44652740829283e-05,9.14645677754833e-06,-0.000892955930930044,-0.000330037062978806,1.85288361703672e-05,0.00141626057112653,-0.000622492513743223,-6.0227352180002e-05,0.000150802418527493,0.000115820929859077,-1.72492422778441e-05,-0.000102727602442658,-5.87634241783211e-07,2.27443746096956e-05,-0.00018743987978116,1.20517015408939e-07,8.28607743224994e-05,-7.06401220676195e-05,-1.12377633634197e-05,-1.55706866547555e-05,-1.82892038877346e-06,9.40049137479717e-06,-0.000103415733057931,-0.000815227726528797,-5.35765440699181e-05,3.52228460211523e-07,-7.3401851431735e-05,0.00448499609345533,-2.65805118776887e-05,2.0642170276616e-06,-0.000554868616776737,6.98249336634628e-07,-0.000299301875603864,2.6782238837569e-07,8.86033015238533e-06,1.69824100646787e-05,-5.24580523267279e-06,5.084713532098e-06,-4.39425795861699e-06,5.60374971560303e-06,-0.000236716930782573,0.000239682716849599,-9.06733260267903e-05,3.08863047555822e-05,-1.72417351852806e-05,3.26704415472161e-05,-0.000262448311898299,-0.000497081022233028,2.24481864297122e-06,-4.53885697249942e-05,4.70185129972447e-06,-9.76994360734979e-05,0.000104784818224895,0.00365249656747473,2.74178345147168e-05,-0.00547010094622026,-2.91589905598031e-06,7.39998000389298e-06,-1.00284421246948e-07,6.82549524674875e-05,-6.17385960924612e-05,-7.85729259175339e-06,0.000236283073919458,-0.000239588068278445,-0.00015555962558374,-1.70861125064869e-05,0.000146811043873779,9.07847137257237e-06,5.23487601475576e-08,-1.15302153506529e-05,-3.75476076125295e-06,5.79807768876326e-05,3.68586090655966e-06,-1.77138825004652e-06,-2.17724558284216e-06,-3.8918632340047e-05,-1.51200905112031e-06,0.000305457162488619,-1.09358992218389e-06,-6.90455841216181e-06,0.000102519989198624,-1.15021149948201e-05,-2.27374287005158e-05,-7.45878723879725e-06,-8.50301220796237e-06,1.23213611174388e-06,-3.26095259426103e-05,-1.1814750866446e-05,7.49933799825096e-06,-4.87678650356577e-06,0.000258286486170399,4.39687133220111e-06,0.000218368739444389,5.30984922523259e-06,-9.19701519314149e-06,-1.61752271685492e-06,1.85867346728313e-07,2.34849895768115e-05,1.14695630796916e-06,2.32334832981135e-06,1.01509389239076e-07,-3.6421306640523e-06,-0.000117517446541299,-1.54364155288043e-05,6.13000032935468e-05,1.57866968412425e-05,-3.23255524974667e-06,-1.26082814583604e-08,-3.74409312459534e-07,-1.16848836286826e-07,-0.000556733841940692,0.000122902815532247,0.00055004198118567,-1.15265384416953e-05,-1.46158215166856e-05,2.63979385445855e-05,2.7695248982549e-05,3.94314147020917e-09,3.81201416726873e-07,-2.49899883656016e-05,-0.000512212825741518,-7.01377022958703e-07,2.6268265001947e-05,1.08847170362618e-05,1.08281224431594e-05,4.3052439037331e-05,-3.05653720828587e-07,-1.55420863018277e-06,-8.14535023819677e-05,-1.02424932238591e-05,5.482676561664e-05,7.97830682050873e-06,-0.0029496074611645,-6.84680404272939e-08,-0.0019049108036085,-1.7977118603539e-05,-1.00478593562704e-05,-9.88872939797397e-05,-8.42014255109824e-08,-1.00473059002881e-06,2.99177435136938e-07,1.90856996813066e-07,-1.70453319404766e-05,-2.18718216534652e-05,-9.98547364970379e-06,1.17230892989321e-05,2.57356828977916e-06,1.08842244495798e-05,-3.21189080315079e-05,-1.83005460686096e-06,-0.00017328499527573,-9.6371800137779e-07,-7.13606984334868e-05,-5.62410628558015e-05,3.68527243799355e-06,7.61112757627752e-07,1.90784047011819e-05,8.54073030923227e-06,-1.68661237507991e-06,-8.84374853590397e-08,-3.91841116139715e-05,1.71835253712168e-16,-3.74717656270608e-07,5.37230235036698e-06,-1.13395552090488e-06,-3.05378035122099e-06,-4.35633079562808e-05,6.05041076474696e-07,-1.06546776284697e-05,5.05790926714131e-06,-3.5628213231458e-06,2.94529155033301e-07,-2.21342049628462e-06,0.0127323852188549,9.97801975283456e-07,-6.91443457806069e-05,4.22970820333988e-05,2.80916408214629e-08,-2.21502603368548e-09,1.15152042092222e-07,-1.20235993143928e-07,1.90142245494464e-06,1.77655254612698e-05,-3.42118670691007e-06,1.90634094326703e-06,-1.24689255497328e-05,4.07777553819952e-05,-2.47186041410516e-06,9.12674577100676e-06,-3.09181362983523e-06,2.97587303769923e-08,0.000242218473473218,8.62613354841173e-07,3.71815103443119e-06,3.14948621327138e-08,-3.19286926692399e-06,8.63262636470705e-07,-1.06684968149496e-06,1.6889791730023e-06,-3.26800119980359e-06,2.54879728969694e-06,-1.87338004109964e-07,3.75098288677269e-05,-1.74962449434354e-07,0.00133944703273514,2.04482767486902e-16,-0.000734672590848551,-1.19946807150464e-06,-5.64976152672111e-11,-5.29195334794682e-07,7.88005819058569e-07,-4.89697869786054e-07,-1.3916778097754e-07,1.61828544440915e-08,-7.22042639186224e-07,2.72927028626824e-05,3.56931264462199e-06,-7.76057588720339e-08,6.78197341697206e-05,-4.89517009732357e-05,3.77687417473543e-06,-2.37402304316902e-05,9.47273715710094e-07,1.37327649732731e-06,2.55113159655433e-08,5.61467721314687e-05,-8.60694319828981e-06,3.79665859778942e-08,-1.18415162819841e-05,1.37950340938729e-06,-5.00116541735517e-06,3.58977124598472e-06,1.14183585364128e-05,1.61848606620213e-06,-5.1287908888886e-07,-3.32223787557515e-06,3.34665882869844e-07,-1.53752610122398e-06,1.53009233998106e-06,1.41944366775775e-05,-2.74127233120491e-05,-1.44879634180632e-17,8.06000243982587e-08,1.21274754921014e-06,-1.12520880143734e-07,2.25705945714613e-05,7.04790001562152e-08,5.8900310182671e-06,1.36365181856377e-05,-5.01868175928501e-06,2.12355622278414e-05,4.35551119859364e-16,-5.67459057579744e-05,-1.28632035732853e-08,-1.93032669462632e-06,2.28776537331655e-07,4.13644106474073e-06,-9.76267873546514e-07,-3.72842820316133e-05,9.9312200996333e-06,-1.18620475286682e-06,6.23388351442964e-05,-2.42188854483995e-07,-0.000270667217837216,-2.95664752773761e-08,-4.29015988598173e-09,-2.24638060307586e-05,3.40664973235615e-07,-2.44372491901487e-05,-1.37831484684577e-16,-1.81192669654883e-06,1.42507494543635e-07,4.10707288239707e-09,3.6608717897365e-08,-4.65687918753398e-05,-9.63122336534105e-05,1.22090181543283e-06,-4.44868181534185e-06,-2.5018133492668e-06,6.83037516859712e-16,-1.60418567364931e-05,-1.59208480227088e-07,-2.02129037807006e-05,2.03923962764394e-15,1.09118421343104e-05,1.39192444505002e-06,-2.12978410322296e-07,-3.1257339536568e-05,-1.04000803861764e-05,-5.54722323658172e-06,-5.04343769367559e-06,5.5767198364011e-06,1.13078039994401e-06,6.27759943999981e-08,1.22037221561381e-05,4.44784169379933e-07,1.97824761588483e-16,-1.79657452350666e-07,6.67073039293352e-06,2.89981186816466e-06,-1.53855522977942e-05,4.89604452884749e-16,-3.89780479289921e-07,7.51556182335654e-08,-7.29279833747485e-06,-1.26673387438588e-07,-1.68796204299962e-05,4.73430203039891e-07,-6.78223111702362e-06,0.00212783298138156,-2.02398576355361e-16,0.028411075361835,6.11526439424836e-06,-4.85132404991957e-06,-0.000177878198136468,2.94374882674172e-07,9.36476700794868e-08,-2.73392419813945e-15,-6.24705364943844e-15,2.88723273900625e-08,1.67760529183603e-08,-1.30746486494713e-09,-1.53268884105233e-06,1.88266552107772e-15,-1.98174414773715e-06,-2.76614898396812e-08,-3.20475120255965e-15,-9.79624579979921e-16,2.92831791518734e-16,7.87793677703003e-06,6.13184371366812e-07,-7.5473109471373e-07,0.00107737978525534,2.44555959737492e-07,5.4226599791e-07,-2.38468427137915e-07,-1.5256271706165e-15,-5.88270284757551e-08,1.69561985014553e-07,1.67285507436438e-15,-3.42626110621601e-15,-1.15813693427673e-07,-2.46620966288247e-09,-7.1673175177114e-08,1.53640351926389e-05,7.45348291879785e-08,-1.08804342811493e-06,8.27038762140642e-16,-1.067634906186e-06,1.39099385789154e-15,-1.29304499875794e-05,4.13211131977675e-15,-8.9174850520943e-08,1.17036341281184e-15,3.78828538171124e-07,1.00509136584133e-07,1.85085907472345e-06,7.34701793044918e-06,3.31110015364184e-07,-4.24645016598212e-08,3.10346952555315e-07,2.96812273459021e-07,5.54930330024297e-05,0.565190702412346,-8.30883962033133e-08,1.63458979776612e-08,-2.43422917438053e-06,-3.18888408008176e-07,-3.22710734074102e-08,6.00701625273255e-15,3.82318665766297e-07,-7.45837777279924e-08,4.57731210091395e-08,2.36329682885476e-16,3.17719021407221e-07,2.58163361857191e-06,8.36637572415167e-07,3.5411938946599e-15,-2.03925339540681e-07,-4.2581374103797e-06,-1.09410794333264e-15,-1.47471033138757e-07,3.43119091203054e-07,7.70988312971232e-16,1.55022866200185e-17,-1.27612801523876e-08,-2.63006448900295e-06,-1.50576431979599e-08,-2.1004409434294e-05,1.63646941055145e-06,4.31754547668575e-08,1.60169090358838e-06,3.90556061989516e-07,-9.86517981599985e-06,2.50233861409654e-16,1.82664301461488e-09,4.84652733142485e-08,1.33917875897692e-07,1.25556551551629e-05,6.18998528866109e-17,3.32172202598484e-15,4.14085140386726e-06,5.47165807856115e-16,-1.14879208474349e-15,5.19935414051316e-07,-7.67136984369743e-07,-1.43633005150105e-07,-2.94341962400683e-07,3.70319538465391e-06,9.67543600726653e-07,1.03294135555156e-06,-1.64717431960637e-16,2.40333971533575e-06,1.12495828458167e-07,5.16597194362614e-07,-1.36154252668193e-07,5.41800938039466e-07,2.66828470715369e-15,1.02093210238863e-15,8.85394425549274e-16,-1.83619006368186e-06,-2.31536978110619e-08,-1.50160479462166e-06,-9.24434278677009e-16,-1.78557890797833e-08,5.30540023820058e-16,1.70135512654165e-15,3.01357428541935e-06,-7.54923250482267e-07,-2.62116717220096e-15,-7.22960518011639e-05,-8.48845087551915e-08,-4.44725074016821e-16,1.94799542936579e-07,9.95472253969386e-16,2.67964499481359e-06,-8.11585009978427e-16,2.67766781695087e-06,6.07956793346764e-07,2.20496908667522e-08,7.94406746208105e-07,5.48395425528554e-06,-7.35341021090678e-08,2.36688977929504e-06,-1.0218817023497e-16,1.54930918087937e-06,-8.88673245559117e-08,3.28249564338839e-16,-1.19916045760438e-08,-2.57696368995347e-07,6.37384315328537e-08,1.31949104357359e-15,3.38668098340487e-07,5.90039879881811e-07,2.47730793886374e-15,-4.02247645308333e-05,-0.110178614655424,5.1621290079487e-09,3.15435542709642e-15,-1.3135306065935e-15,3.27982098685972e-08,5.24958292123454e-07,4.42114464686255e-08,-2.63537583691801e-08,4.66789364911723e-07,7.05048554492044e-15,3.88219883870327e-15,1.72706086625081e-06,1.19234738533477e-08,5.82993633127639e-15,4.26187736405416e-06,-1.01061480072615e-14,5.89326834472113e-08,-8.43911046213029e-07,-4.9366708754762e-07,-3.28746775798602e-06,-9.10365343735701e-16,-8.09304256211542e-15,-7.33715419018101e-15,-4.31006622858958e-14,-7.18261502125542e-09,-2.49684355310366e-08,0.707106781186547,1.55051020700896e-13,5.82837774217776e-14,3.54057945202272e-08,3.19172689840605e-10,-1.77049152819955e-08,8.14551684528968e-15,-1.37767401653388e-14,4.11498092545148e-15,-7.75403295884361e-07,2.37418626138343e-08,3.04015191394187e-15,4.19261081794031e-09,-1.0994338629207e-07,-4.08894862504599e-15,1.5266926166631e-15,-2.89615643403212e-06,-7.82446802608382e-10,-1.43924370481453e-06,3.63967579307208e-15,4.29066920026821e-08,6.94028710181691e-07,7.46922303425857e-07,-2.33714083278348e-06,-1.66218685608577e-07,2.71078136511018e-09,2.00871047362534e-15,-1.44603727363509e-15,3.64962953479132e-15,5.20200851360974e-08,-4.71059740299652e-08,-6.72742836506054e-07,-1.40546790862089e-08,-2.0256439428627e-16,1.01447834901567e-16,1.61367145648062e-16,-6.05965308472239e-16,2.04476408024229e-15,6.74024576964412e-08,-6.03151183976208e-17,-2.38474576620901e-16,-4.13296284307966e-07,1.20362202751179e-15,-3.70000425824459e-07,6.14153726474512e-16,-4.58779539199693e-07,1.09844057932787e-15,-5.57052039928896e-07,-6.97564975969739e-08,-1.68541299141372e-07,-1.89826653819914e-15,2.24372450563856e-06,2.16163632462288e-16,9.34465331487827e-07,-1.49075033088594e-07,8.25103603364191e-10,1.82161919228938e-15,7.47030783942594e-06,1.39785215952812e-17,-3.27954298371101e-07,-1.67428463715036e-07,-1.67920168054587e-15,5.80602403815055e-17,8.40871978229292e-16,-1.48917209558113e-16,-2.12450502711435e-08,-2.76745224492981e-07,-6.18196153180326e-08,-5.82537915441574e-16,4.27274558764908e-16,-1.73555894948464e-08,1.41585796141139e-07,-2.82144594864405e-16,5.74620345207027e-16,-4.64445848034671e-07,-7.71728298469536e-16,-2.00540422273983e-06,-1.54095864637746e-15,5.02905709211014e-07,-4.84782640247193e-16,3.56083218100742e-17,-4.04480050041044e-16,-1.00353517507751e-16,7.77056408112179e-17,5.37080571509408e-16,9.68962178177841e-09,-6.77678057998037e-08,3.89498973882242e-16,-4.50311101653062e-08,1.89261660144692e-06,5.30714451009626e-16,5.86585312364659e-16,4.68537178908625e-17,3.46983881826034e-16,6.37269022857085e-07,1.01948057362613e-07,-2.8717798950153e-16,3.7060306329066e-16,-3.3964353007072e-07,-1.0971321087132e-07,-1.66132618875137e-09,-6.73250991501012e-16,5.38818338206377e-16,2.16015268900047e-16,1.9550565235797e-16,-1.43595609713338e-15,5.32562986592138e-17,2.45605596579936e-06,-0.000103096865673065,-4.43157304423688e-07,8.35012623354385e-17,7.43976874931417e-16,-5.22940343537658e-16,4.39759335768784e-16,-6.16871798759903e-16,4.13843556007467e-16,-3.80659320333083e-16,9.01998256901017e-17,2.56533912501737e-16,1.34085234258397e-16,5.95647818433499e-16,4.32083387166207e-16,1.24266374720471e-16,1.61176308203669e-16,6.50902141700816e-09,1.8217050268605e-16,-2.89190688054523e-16,-2.08402199037227e-16,9.21757825362256e-08,-4.17407910827757e-08,-4.24979149167017e-16,-2.37928836524498e-09,8.4292432132039e-08,2.2005813872622e-17,2.31736544386255e-14,-1.62633907352057e-07,-9.35609149980138e-16,2.07806391740048e-09,-1.46441982035016e-16,5.02189970386675e-16,1.40147455170127e-16,-1.15488507717381e-17,7.6446985170706e-08,-2.79531368735124e-07,9.94618803075673e-17,-5.14710660639199e-16,-4.31601345073861e-16,-1.19149112490575e-15,-7.36390115552155e-16,2.63699296454296e-16,-2.26238159755357e-16,1.26176113423213e-17,3.37396834282978e-09,-1.70603978876652e-16,-3.42430316994006e-17,-2.02518648128565e-16,2.96733479973397e-16,-8.54503256550715e-16,-1.32419715552201e-16,-7.33956773846783e-07,4.98025746772416e-16,-3.76151016246039e-16,4.96553504670309e-08,-1.85617440218837e-16,-2.59481024374099e-16,1.80138342713514e-16,5.21031184188712e-16,4.14529885885865e-08,1.27200809185202e-16,-1.14706383025747e-06,-4.50024644965153e-16,-1.22043686643005e-16,-3.66185301278908e-17,-9.9461996798389e-17,-5.87079161133762e-16,-4.2563000960096e-16,4.14543839997609e-08,1.52981818738721e-16,-6.75185899926764e-16,6.25990612931015e-09,-5.17553239294426e-06,8.80473075200589e-17,1.06586417469425e-06,5.31109935052962e-07,2.52301727312771e-16,2.43709440027301e-16,1.32069988978485e-16,7.23748981288814e-17,-2.21953028141738e-16,-8.92380097439201e-07,-2.62948999074093e-16,1.26906012876588e-16,-3.65066615355458e-16,3.5729561185701e-07,5.57785183863865e-16,-6.74744439949382e-17,-2.26709831633115e-16,2.01597545247792e-16,-1.62804329648669e-07,-1.27854056720954e-16,1.3088258497093e-09,-1.29528310102454e-17,-1.72978951203329e-16,-6.7640002651375e-17,-1.52963232080727e-16,-3.32120878635755e-17,1.90357836112478e-16,9.08711951498501e-17,-2.27177358379545e-08,3.15239417036596e-16,-2.10163858031549e-16,9.55174359887328e-09,4.97699128328531e-16,2.85245295975509e-17,-2.61110556073888e-16,-1.57116344431142e-19,5.45551081959513e-16,7.61545356182983e-17,-6.92657627725959e-08,-2.24338399038428e-16,-6.91398014493563e-17,2.06282268284438e-08,7.39506526519974e-16,-4.69391669360715e-16,2.62196632030266e-16,-9.9897996351093e-17,-9.8634388898857e-17,-4.51813952100753e-16,-8.3671181518895e-17,-3.00742709016123e-16,-1.09267474061458e-16,-1.73344508820476e-16,-3.87726323999194e-17,-1.08279192541552e-08,3.59081695071591e-08,-1.867022862193e-16,2.44251962359315e-17,-3.53315100412666e-17,2.34933430930953e-16,-4.25007251614318e-16,1.6485668515561e-17,-1.85815392880118e-16,5.60581103602658e-16,-3.42375824017997e-08,8.65541169291317e-17,3.15379433266151e-16,-4.35705484466052e-17,3.20207627110538e-16,3.98696547249828e-09,8.94944898727841e-17,-6.32452116962227e-10,5.53414732333934e-18,-2.37678976282457e-17,1.6746288585271e-16,8.03136111454245e-17,6.51284772823715e-17,1.41947296724297e-16,-1.06092689114714e-17,1.11078852096304e-16,-2.19342731704243e-16,-6.46020493557083e-17,2.73532019646478e-16,-2.7563178523171e-17,-4.17522622219999e-17,1.56187794014142e-17,3.81589991568842e-17,2.66050376566977e-16,5.90206226107159e-17,-1.99908300639484e-16,2.74286381702553e-18,2.78083423248313e-16,3.17454396103756e-16,-7.62046777194e-17,2.51017926138887e-17,3.11605895351558e-16,-8.6119469779269e-17,1.1245947530378e-08,3.05906292389825e-16,1.69118427683026e-17,-1.76665262640043e-16,-2.606169585601e-16,-3.81890766429639e-17,-6.17375999184526e-17,-1.64115953380845e-16,-1.10191096491201e-16,-2.02584374456486e-17,-1.01002799735879e-16,-4.35415592470179e-16,-1.23377989611354e-16,-8.42910051966129e-17,-1.9489217363481e-16,-2.70961418986691e-16,-2.09628805296427e-16,-5.62070652114186e-17,-1.44811755828198e-07,7.38545519107354e-17,1.03146761616459e-16,1.1261567213474e-17,-1.40944789432821e-16,6.70465753928793e-16,-4.57122553736475e-18,-4.44942882864212e-17,-1.99929823397543e-16,1.99453230734168e-17,9.04820033477064e-09,1.1381143576526e-16,6.1801306538669e-19,-6.80007128376845e-17,1.41296183496461e-16,7.560617485819e-17,-2.86875827004277e-16,-2.43138280191174e-18,-3.52611895882474e-16,3.39401370608421e-18,4.81673947138056e-17,-1.13488625485385e-16,-1.15155030061611e-16,-3.11056425426447e-17,1.54955681054669e-07,5.57994518931969e-17,2.78234109961171e-17,-5.77509331943783e-17,-6.14959472233778e-16,-1.25316951986477e-08,-1.79306395986024e-16,5.66319185386767e-17,-1.26012528924947e-16,1.85040008554217e-16,1.40628708273982e-17,-5.29730027184925e-17,-4.28944962202743e-16,1.37258971011247e-16,-1.93145631459609e-16,-1.95575727678653e-16,2.12207889790669e-16,1.52666970222949e-16,-2.46054363853202e-16,-7.3522880611056e-17,9.9822322256894e-17,2.94546939917619e-16,-1.91245790283507e-16
"t440",0.0293487394376475,-0.0060986914891739,-0.00647283582392466,0.000238857753680796,0.000683125918133632,0.00447355383943318,0.000820061394890834,5.00934104803511e-06,-0.012406829683118,0.0208173366188886,0.00788581437643328,-0.004679992049366,0.0106869625841118,0.00243899236500694,0.0826710759165758,-0.00264543629779326,-0.00197493428351614,0.000264218821661874,0.138971374125764,-0.0860684740462897,-0.00120201493213205,0.000203603985333129,-0.0182747300436465,0.000114204086465376,-6.44203834211637e-05,0.00317663502551986,-0.0131889958675616,0.000201874377094961,-0.00243970680927167,0.0113808448812677,0.00104462979362514,-0.0390528533272778,-0.000182041469650564,0.0330658430044102,0.00191983293140222,-0.135043512307797,7.13719778787213e-05,-3.84133689134351e-05,-0.000987956782941413,-0.000102563279739279,1.8133453804783e-05,-0.000441042033019737,7.99170847948759e-06,-0.000451947973465236,2.4433864911513e-05,-7.18503270790448e-06,1.40616690493596e-06,-2.1452723776421e-05,0.0010875764831069,-0.0019879245868366,2.16624980123709e-05,-1.98211413754157e-05,1.65001706050227e-06,-7.09728178986679e-06,0.000146236171433845,-0.000436472530884205,4.4374127360763e-05,-0.000124252072631958,0.000965641070206893,4.07263382927675e-07,9.78621219924217e-06,-0.330765360866456,-0.000649320752900789,0.000404324907339891,-0.000651851275961005,3.39077406144596e-05,-5.21480670484302e-05,0.000471764058717937,-0.000111002287908953,0.000479529873029233,-3.51364684622459e-06,8.60860649301576e-06,-2.9214722311465e-05,-1.82325686992918e-05,7.624610470402e-06,2.23143064722854e-06,-6.44652740829409e-05,9.14645677774295e-06,-0.000892955930929594,-0.000330037062978399,1.85288361703482e-05,0.00141626057112663,-0.000622492513743272,-6.02273521797762e-05,0.000150802418527489,0.000115820929859056,-1.72492422780249e-05,-0.000102727602442651,-5.8763424180771e-07,2.27443746096748e-05,-0.000187439879781179,1.205170152771e-07,8.28607743225053e-05,-7.06401220676032e-05,-1.12377633633267e-05,-1.55706866547539e-05,-1.82892038881139e-06,9.40049137479614e-06,-0.000103415733057973,-0.000815227726528909,-5.357654406989e-05,3.52228460415044e-07,-7.34018514317895e-05,0.00448499609345503,-2.65805118778267e-05,2.06421702804287e-06,-0.000554868616776927,6.98249336699783e-07,-0.00029930187560409,2.67822388395206e-07,8.86033015243277e-06,1.69824100645363e-05,-5.24580523258415e-06,5.08471353195208e-06,-4.39425795866277e-06,5.60374971521756e-06,-0.000236716930782448,0.000239682716849788,-9.06733260269928e-05,3.08863047552447e-05,-1.72417351853568e-05,3.26704415474579e-05,-0.000262448311898369,-0.000497081022233034,2.24481864316345e-06,-4.53885697249221e-05,4.70185129957529e-06,-9.7699436073306e-05,0.000104784818224922,0.00365249656747505,2.74178345147566e-05,-0.00547010094622,-2.91589905604759e-06,7.39998000404814e-06,-1.00284421362491e-07,6.82549524675462e-05,-6.17385960924848e-05,-7.85729259172592e-06,0.000236283073919406,-0.00023958806827812,-0.00015555962558375,-1.70861125064359e-05,0.00014681104387365,9.07847137260105e-06,5.2348759954556e-08,-1.15302153506552e-05,-3.75476076089025e-06,5.79807768875678e-05,3.68586090645349e-06,-1.77138824997181e-06,-2.17724558285604e-06,-3.89186323399804e-05,-1.51200905136541e-06,0.000305457162488686,-1.09358992166004e-06,-6.90455841183069e-06,0.00010251998919844,-1.1502114994666e-05,-2.27374287004885e-05,-7.45878723880333e-06,-8.50301220778823e-06,1.2321361116976e-06,-3.26095259426262e-05,-1.18147508665996e-05,7.49933799820336e-06,-4.87678650352882e-06,0.000258286486170384,4.39687133206646e-06,0.000218368739444492,5.30984922531945e-06,-9.19701519353048e-06,-1.61752271693638e-06,1.85867346710132e-07,2.34849895766595e-05,1.14695630805807e-06,2.32334832973827e-06,1.01509389335096e-07,-3.64213066408189e-06,-0.000117517446541228,-1.54364155288582e-05,6.13000032933527e-05,1.57866968411168e-05,-3.23255524973504e-06,-1.26082815751391e-08,-3.74409312570195e-07,-1.16848836232659e-07,-0.000556733841940494,0.000122902815532136,0.000550041981185722,-1.15265384414948e-05,-1.46158215167411e-05,2.63979385445068e-05,2.76952489824081e-05,3.94314151032151e-09,3.81201416614137e-07,-2.49899883655903e-05,-0.000512212825741577,-7.01377023447515e-07,2.62682650017932e-05,1.08847170363129e-05,1.08281224431658e-05,4.3052439037392e-05,-3.05653720418893e-07,-1.55420863016666e-06,-8.14535023816923e-05,-1.02424932235885e-05,5.48267656166691e-05,7.97830682056425e-06,-0.00294960746116398,-6.84680405265494e-08,-0.00190491080360868,-1.79771186039479e-05,-1.00478593567918e-05,-9.88872939795572e-05,-8.42014248756959e-08,-1.00473059018882e-06,2.99177434735686e-07,1.90856996895368e-07,-1.70453319405781e-05,-2.18718216534522e-05,-9.98547364975953e-06,1.17230892992075e-05,2.57356828965448e-06,1.08842244497277e-05,-3.21189080315403e-05,-1.83005460731741e-06,-0.00017328499527554,-9.63718001481354e-07,-7.1360698433388e-05,-5.62410628558529e-05,3.68527243801933e-06,7.61112757576238e-07,1.90784047012698e-05,8.54073030921113e-06,-1.68661237494712e-06,-8.84374852620078e-08,-3.91841116140595e-05,2.23211093406657e-17,-3.74717656262847e-07,5.37230235041555e-06,-1.13395552103519e-06,-3.05378035133686e-06,-4.35633079562569e-05,6.05041076417211e-07,-1.06546776284874e-05,5.05790926617319e-06,-3.56282132322805e-06,2.94529155101093e-07,-2.21342049627082e-06,0.0127323852188554,9.97801975106242e-07,-6.91443457804308e-05,4.22970820333589e-05,2.80916400986952e-08,-2.21502597123543e-09,1.15152042068032e-07,-1.20235993184418e-07,1.90142245504767e-06,1.77655254612536e-05,-3.42118670696332e-06,1.90634094307938e-06,-1.24689255496627e-05,4.07777553819373e-05,-2.47186041431824e-06,9.12674577135792e-06,-3.09181362984757e-06,2.97587303728299e-08,0.000242218473473429,8.62613354648578e-07,3.71815103459837e-06,3.14948619862736e-08,-3.19286926679228e-06,8.63262636586959e-07,-1.0668496819861e-06,1.68897917291328e-06,-3.26800119981861e-06,2.54879729012309e-06,-1.87338004241725e-07,3.75098288677346e-05,-1.74962449584404e-07,0.00133944703273573,2.87402090107681e-17,-0.000734672590848492,-1.19946807173952e-06,-5.64976832118318e-11,-5.29195335002538e-07,7.88005819023822e-07,-4.89697869863204e-07,-1.39167781532076e-07,1.61828541786051e-08,-7.22042639373993e-07,2.72927028626978e-05,3.56931264447618e-06,-7.76057588602304e-08,6.78197341694675e-05,-4.89517009729763e-05,3.77687417470755e-06,-2.374023043175e-05,9.47273715949486e-07,1.37327649726358e-06,2.55113161277748e-08,5.61467721316034e-05,-8.60694319815702e-06,3.79665861265798e-08,-1.18415162819688e-05,1.37950340916652e-06,-5.00116541712104e-06,3.58977124588393e-06,1.1418358536333e-05,1.61848606624605e-06,-5.1287908914691e-07,-3.32223787550367e-06,3.3466588334013e-07,-1.53752610096848e-06,1.53009233979949e-06,1.41944366776513e-05,-2.74127233121343e-05,-9.22945929424388e-17,8.06000241958493e-08,1.2127475492492e-06,-1.12520880177561e-07,2.25705945716439e-05,7.047900004333e-08,5.89003101857473e-06,1.3636518185927e-05,-5.01868175941328e-06,2.12355622278408e-05,1.88958780778281e-16,-5.67459057579722e-05,-1.28632037169331e-08,-1.93032669487874e-06,2.28776537142125e-07,4.13644106439897e-06,-9.7626787391409e-07,-3.72842820313401e-05,9.93122009950437e-06,-1.18620475259664e-06,6.23388351442089e-05,-2.42188855098461e-07,-0.000270667217837973,-2.95664752304076e-08,-4.29016001803756e-09,-2.24638060307489e-05,3.40664973185895e-07,-2.44372491900583e-05,4.17362220573397e-16,-1.81192669801712e-06,1.42507494688485e-07,4.10707312777595e-09,3.66087173952666e-08,-4.65687918754198e-05,-9.63122336533259e-05,1.22090181525359e-06,-4.4486818147517e-06,-2.50181334923798e-06,7.28651892386972e-16,-1.60418567369061e-05,-1.59208480328175e-07,-2.02129037805309e-05,1.87897578877867e-15,1.09118421341506e-05,1.39192444516869e-06,-2.12978410224976e-07,-3.12573395367733e-05,-1.04000803865333e-05,-5.5472232363186e-06,-5.04343769374818e-06,5.57671983646308e-06,1.13078040034019e-06,6.27759945733566e-08,1.22037221565015e-05,4.44784168920284e-07,7.65172384838027e-17,-1.7965745308875e-07,6.670730393114e-06,2.89981186808236e-06,-1.53855522977343e-05,1.28975792278552e-16,-3.89780479210469e-07,7.5155617500211e-08,-7.29279833731603e-06,-1.26673387694876e-07,-1.68796204300303e-05,4.73430202205512e-07,-6.78223111673932e-06,0.00212783298138114,-1.51189901490106e-16,0.0284110753618367,6.11526439405537e-06,-4.85132404978608e-06,-0.00017787819813647,2.94374882602935e-07,9.36476700956226e-08,-2.2065682614425e-15,-6.15038828125583e-15,2.88723274379872e-08,1.67760529527295e-08,-1.30746388145971e-09,-1.53268884175279e-06,1.52631632024795e-15,-1.98174414749923e-06,-2.76614900186253e-08,-3.7012083223082e-15,-1.3349753210134e-15,8.61145840005422e-16,7.87793677711204e-06,6.13184370981285e-07,-7.54731094940708e-07,0.00107737978525341,2.44555959914869e-07,5.42265998114923e-07,-2.384684260821e-07,-1.2383789257714e-15,-5.8827027932904e-08,1.69561984154308e-07,7.67873395832672e-16,-4.15009529765977e-15,-1.15813693403253e-07,-2.46621044750782e-09,-7.16731752421374e-08,1.53640351926822e-05,7.45348286076362e-08,-1.08804342840772e-06,-6.86182209997304e-16,-1.0676349057949e-06,1.70487919689273e-15,-1.29304499873102e-05,3.04205445555983e-15,-8.91748516726766e-08,8.07434022053409e-16,3.78828538656657e-07,1.00509136490575e-07,1.85085907511749e-06,7.34701793049973e-06,3.31110014894232e-07,-4.246450081497e-08,3.10346952917154e-07,2.96812273544061e-07,5.54930330028812e-05,0.565190702412345,-8.30883962459063e-08,1.63458976958463e-08,-2.43422917586257e-06,-3.18888407675112e-07,-3.22710733279204e-08,6.48021545788441e-15,3.82318665581684e-07,-7.45837778953569e-08,4.57731218146666e-08,3.33238532037912e-16,3.17719021658695e-07,2.58163361847158e-06,8.36637572747935e-07,4.25305371906812e-15,-2.03925339737513e-07,-4.25813740982432e-06,-9.23358530228505e-16,-1.4747103335592e-07,3.43119077317177e-07,5.96478117465467e-16,-6.43537995481043e-16,-1.27612794557755e-08,-2.63006448736206e-06,-1.50576435815319e-08,-2.10044094346237e-05,1.63646941056188e-06,4.31754543216737e-08,1.60169090388975e-06,3.90556061837665e-07,-9.8651798156322e-06,-3.88144377749811e-16,1.8266441026709e-09,4.84652716832031e-08,1.33917875232867e-07,1.25556551539286e-05,-4.25809426971838e-16,4.350094113532e-15,4.14085140377546e-06,-2.93978743749922e-16,-3.89095948174002e-16,5.19935412579954e-07,-7.67136983843606e-07,-1.43633003508657e-07,-2.94341960943386e-07,3.70319538273164e-06,9.67543598633233e-07,1.03294135580599e-06,-3.28169756248049e-16,2.40333971493684e-06,1.12495827265917e-07,5.16597196675782e-07,-1.36154252704229e-07,5.41800937887149e-07,-9.80039959721193e-16,-6.87678994242472e-16,-5.66711667013681e-16,-1.83619006530999e-06,-2.31536969995369e-08,-1.50160479536967e-06,5.72916118345301e-16,-1.78557883826679e-08,-1.41556902903691e-16,-5.28153255626048e-16,3.01357428904011e-06,-7.54923253250568e-07,1.24379673227537e-15,-7.22960517996524e-05,-8.48845078075625e-08,3.38150209680826e-16,1.94799542969316e-07,-2.027542184715e-17,2.67964499523092e-06,6.46635032622709e-16,2.67766781836637e-06,6.07956792242582e-07,2.20496903121058e-08,7.94406744622311e-07,5.48395425543145e-06,-7.35340982540786e-08,2.36688977874675e-06,-1.02817431963538e-15,1.54930917828234e-06,-8.88673233881294e-08,-5.28702643776857e-17,-1.19916037399809e-08,-2.5769636928872e-07,6.37384277085935e-08,-6.07919779490142e-16,3.38668098735951e-07,5.90039877699185e-07,5.84198002627467e-15,-4.0224764532568e-05,-0.110178614655429,5.16212701232736e-09,-2.724166634534e-15,4.06105996013366e-15,3.27982055710787e-08,5.24958290761335e-07,4.42114454798087e-08,-2.6353760187047e-08,4.66789362045211e-07,-8.50696346084613e-15,-3.877791366932e-15,1.72706086079403e-06,1.19234675333228e-08,-4.87730596658623e-15,4.26187735652504e-06,9.76120500249851e-15,5.89326872587896e-08,-8.43911051864469e-07,-4.93667081785698e-07,-3.28746777887064e-06,1.15554985457606e-15,7.86431817254081e-15,7.59457118569807e-15,4.30435623572879e-14,-7.18264095146292e-09,-2.49689948554809e-08,-0.707106781186548,-1.55576704456338e-13,-5.84391014862858e-14,3.5405766404275e-08,3.19088287164565e-10,-1.77049160008412e-08,-7.84902718887901e-15,1.37020386356546e-14,-4.43633844937619e-15,-7.75403305796459e-07,2.37418573471927e-08,-3.02397999252199e-15,4.19261912542833e-09,-1.09943388029622e-07,4.18063069453017e-15,-1.93039813294421e-15,-2.89615643179651e-06,-7.82441852984943e-10,-1.43924369778573e-06,-3.06738765991732e-15,4.29066928422686e-08,6.94028711486834e-07,7.46922302032235e-07,-2.33714083205576e-06,-1.66218687513729e-07,2.71077493894157e-09,-2.3179962054182e-15,2.29906364000528e-15,-3.68549759669459e-15,5.2020078437677e-08,-4.71059723591268e-08,-6.72742836108166e-07,-1.4054676877892e-08,2.34609638582415e-16,4.41940138007434e-17,-8.44429181901381e-16,8.10308983400324e-16,-2.83361708752536e-15,6.74024535875771e-08,-1.50714035392579e-16,3.89192610117761e-16,-4.13296282732854e-07,-1.24108764400807e-15,-3.70000427834386e-07,-9.78953175095294e-16,-4.5877954182746e-07,-1.09451354142353e-15,-5.57052038547114e-07,-6.97564973086664e-08,-1.68541297074956e-07,1.19514839060292e-15,2.24372450563994e-06,-2.77485674493327e-16,9.34465330802687e-07,-1.49075034271523e-07,8.25103231934788e-10,-1.36894463582247e-15,7.47030784076572e-06,9.13728346618779e-17,-3.27954298341503e-07,-1.67428465256569e-07,2.08138418390819e-15,-6.48442906795444e-17,-1.21540190969797e-16,7.9591714456592e-17,-2.12450493437211e-08,-2.76745224085722e-07,-6.18196147270121e-08,8.73402360696954e-16,-5.63043454483877e-16,-1.73555886269364e-08,1.41585796427368e-07,1.97764578010697e-16,-3.37561015320234e-16,-4.64445849326326e-07,1.15696180160584e-15,-2.00540422240812e-06,1.90721837700169e-15,5.02905708860483e-07,1.75861863018149e-16,-6.14250654686176e-16,4.9182261080027e-16,6.39300188752365e-16,1.44465174910864e-17,-8.92439992912811e-16,9.6896238842351e-09,-6.7767805279783e-08,-2.80766403432448e-16,-4.50311104996797e-08,1.8926166010608e-06,-2.23357562727264e-16,-6.22161734949035e-16,1.2028031241127e-15,-1.29709085946365e-15,6.37269021781117e-07,1.01948057262762e-07,-2.57061786146684e-15,-7.46683369978987e-17,-3.39643530115511e-07,-1.09713212206875e-07,-1.66132614098074e-09,7.63193244973818e-16,-6.911343456714e-16,-5.65007162854874e-16,-9.72043919177607e-17,1.13183965306513e-17,1.88777264800449e-16,2.45605596663944e-06,-0.000103096865673275,-4.43157304979553e-07,-2.6571467684514e-16,-5.39336283805896e-16,6.46857211730696e-16,-4.33701212106709e-16,8.40381956192256e-16,2.72409224504879e-16,2.63917161750036e-16,-1.69542206715038e-16,-2.39705228360097e-16,-9.62057234885545e-17,-2.51230008566258e-16,-1.92325064233561e-16,-3.22152035993317e-16,-2.80297591270678e-16,6.50902113767489e-09,-1.11174848822161e-16,8.66135158176674e-16,9.903262823544e-17,9.21757830259014e-08,-4.17407907446257e-08,4.08867100046018e-16,-2.3792902786391e-09,8.42924320079754e-08,-5.99972098469585e-17,2.35356656611167e-14,-1.62633907122903e-07,6.27266998152876e-16,2.07806368022269e-09,2.02470788114846e-16,-4.25948807023919e-16,-2.87273108975789e-16,6.35121846365779e-16,7.644698469146e-08,-2.79531368087366e-07,3.73676872684915e-16,6.00853613971753e-16,4.75993620241616e-16,2.86276436141308e-16,7.71951946809679e-16,-2.13620565812914e-16,1.45588147186554e-16,-2.17291313623643e-16,3.37396888276142e-09,2.22150005283379e-16,-4.08525503186799e-16,1.18609660325824e-16,-2.99950904346345e-16,8.86144061809599e-16,1.94385924289232e-16,-7.33956774454566e-07,-3.29799674809884e-16,2.02469758895913e-16,4.96553502915254e-08,1.62868101692942e-16,1.97791688500361e-16,-1.81239501503663e-16,-1.83799017461595e-16,4.14529881252782e-08,-1.42113249696516e-16,-1.14706383145549e-06,2.58345102221685e-16,1.59116676846907e-16,1.81711097078772e-16,-4.07097586977573e-16,5.48831607014937e-16,5.56460743677272e-16,4.14543837877321e-08,-2.37991226438377e-16,7.16324297430231e-16,6.25990625126849e-09,-5.17553239340941e-06,-1.0744106626134e-16,1.06586417400795e-06,5.31109935878013e-07,-2.4696408197092e-16,-1.44800920141056e-16,8.02940681987329e-17,-1.92876268472849e-17,4.93795049166458e-16,-8.92380097138867e-07,4.07821236588053e-16,-4.7235963291046e-16,2.06375032780911e-17,3.57295611315516e-07,-6.77881129555306e-16,-1.97989975097129e-16,1.5470865495252e-17,2.26828575867545e-16,-1.62804329523504e-07,2.85678237346491e-16,1.30882602107926e-09,3.082701222897e-16,1.63886056659387e-16,1.17117557811781e-16,-2.25598215804789e-17,8.73128301117553e-17,-4.07311785688304e-17,-2.34457110250538e-16,-2.27177354767786e-08,-3.31667459354842e-16,-7.2881411432464e-17,9.55174365217503e-09,-5.88401014490305e-16,-1.05589927307887e-16,-1.36970339539685e-16,2.45101131416259e-17,-3.89269856968653e-16,1.97973543693744e-16,-6.92657626099788e-08,2.9426806568409e-16,-2.83992871333377e-17,2.06282272752699e-08,-9.31930762162536e-18,3.25207564128961e-16,-1.40560985695358e-16,1.66569866163188e-16,-4.28230481534308e-16,1.03615245823015e-16,-1.9098683444846e-16,1.32069530533302e-16,-1.66784831594678e-16,2.11813957734165e-16,1.19276343626021e-16,-1.08279190901828e-08,3.5908169746983e-08,6.7092199093556e-16,2.36764820738558e-16,6.1222085212527e-17,-1.59765826131063e-16,5.48172618408671e-16,-1.51142187282503e-16,-1.04084994290926e-16,-1.9678383731095e-16,-3.42375823829477e-08,-4.14471381068446e-16,-4.22335567698254e-17,3.51666126736998e-16,-3.3300572661946e-16,3.98696557373564e-09,4.92776596088793e-16,-6.32451852415574e-10,7.59730133271831e-17,2.49767737902994e-16,1.95480731882449e-16,-2.67224369393158e-16,5.31865158287808e-17,-1.36179186758906e-16,1.62618711969961e-16,-3.75240488348519e-16,9.52080077912114e-17,-5.00607448694713e-17,-4.73004467990174e-17,-3.20365457084972e-17,-2.36851174219915e-17,-2.19687719653587e-17,6.40376771744998e-17,-3.45057652516231e-16,-5.30728113973247e-17,9.72559708413942e-17,2.70113118728316e-16,-1.92613501359188e-17,4.27175655959289e-16,1.85531933424074e-16,-3.4233432364145e-16,-1.62508250898816e-16,1.95230882624258e-16,1.12459472660234e-08,-3.35380148126918e-16,1.36174081741702e-16,2.0716999269104e-17,2.92219821593248e-16,-2.87447033859658e-16,-2.79953895283812e-16,2.41014321583005e-16,3.19869448359672e-16,2.20915489476036e-17,-1.55506506141755e-16,3.13984949151802e-16,2.29327052078737e-16,-1.87057376874338e-16,-4.4979525594418e-17,-1.48093940092997e-16,2.17010851116029e-16,-1.89864513078565e-16,-1.44811756284341e-07,-2.86634922999776e-16,-3.31225453712161e-16,-1.88124776702704e-16,-2.51580479081712e-16,-2.34788654905758e-16,1.11537108147547e-17,-1.07311671282473e-16,9.97879013224872e-17,-1.00916984518243e-16,9.04819885276304e-09,9.51631583985077e-17,5.76562290989136e-17,-3.5785492714507e-17,1.73641749406002e-16,1.28858100719962e-16,3.49370162810122e-16,4.44946857065265e-17,3.02616662649065e-16,-1.98741438700156e-17,-9.58474687642902e-17,3.60271725057805e-17,-6.81684928814035e-17,4.07389089012045e-19,1.5495568112681e-07,1.27530284028388e-17,-1.12899375845299e-16,1.84475796296656e-16,5.55111512312578e-17,-1.2531695044491e-08,1.3732191294895e-16,-7.2332711567301e-18,2.16459003243717e-16,-4.11643222873219e-17,-1.22331894090988e-17,-1.53547502772806e-17,4.05867452661244e-16,1.91713198205859e-18,2.78028126042085e-17,1.4105814900841e-16,-1.37102650542374e-17,1.32875749752313e-16,5.88359013860107e-17,5.29706608455528e-17,1.66074522532923e-17,1.08792161204259e-16,-3.17736531004995e-16
"t874",0.0291830041543836,-0.00602418976330715,-0.00639107215726745,0.000234740368462303,0.000668471191075739,0.00435917550127068,0.000798637322265535,4.86681351426106e-06,-0.0119806082687143,0.0199222230779857,0.00743297315159565,-0.00432822077052453,0.00985202063911744,0.00224453148607438,0.0756838396974875,-0.00240322285967121,-0.00178794726485252,0.000238549925275974,0.125015273521104,-0.0762908976386281,-0.00104770533975823,0.000167541496698068,-0.014685188458108,9.15209509078779e-05,-5.15261458419536e-05,0.00247810296348747,-0.0102167209522363,0.000155512631948709,-0.00184643431312326,0.00719074503484709,0.0005760011163367,-0.0185828767405159,-5.46831290721868e-05,0.00374936071583962,-0.00042586084638731,0.228495455971531,-0.000165044394698652,0.000139089431527631,0.00449421796755956,0.000898294466164979,0.000450273883716043,-0.00321603266476863,4.29345429536527e-05,-0.00238033912536139,0.000102468160790762,-1.98236844196058e-05,3.62059141245699e-06,-5.37460701636475e-05,0.00255856958819385,-0.00444753180102451,4.63247096540657e-05,-4.17989810021807e-05,3.47366556598857e-06,-1.47782807431648e-05,0.000303449896403602,-0.000907222812032,0.000111311372252726,-0.000367627476543476,0.00293714709196127,-5.83437336091816e-06,-5.33083845806302e-06,0.00594669934955247,-0.000139106357398413,0.00010437495044334,-0.000313548706918443,2.01252310906398e-05,-3.75094267236179e-05,0.000353127574492561,-8.42198738857655e-05,0.000370697097174968,-2.79978460393329e-06,6.75204857621473e-06,-2.28172523238066e-05,-1.40975838657389e-05,5.88729017333542e-06,1.71446670306291e-06,-4.94285739756173e-05,6.93772622508124e-06,-0.000658223527922969,-0.000240085092597608,1.31475375580248e-05,0.000999134722570262,-0.000418991977899063,-3.98986013050192e-05,9.23183754070423e-05,6.91486266750103e-05,-1.00225801122175e-05,-5.9416588942229e-05,-3.39472414355652e-07,1.30993500390558e-05,-0.000106761837747494,6.07521068313188e-08,4.12282487518882e-05,-3.1856960703032e-05,-4.03306001879951e-06,-5.34875369090701e-06,-6.2692839352546e-07,2.83625855720907e-06,-2.9544757969617e-05,-0.000180195028408463,-8.73312751140823e-06,5.55060678566961e-08,-1.1115483336194e-05,-0.000165091320225053,6.64874206690621e-06,-5.57513916711828e-07,0.000175756499220323,-2.31007539927661e-07,0.00010673162153873,-1.06434817150752e-07,-3.64295581985011e-06,-8.44684733362102e-06,2.6660341247914e-06,-3.96733434311456e-06,3.72563611705837e-06,-5.66205378793102e-06,0.000258169749554345,-0.000320894099346812,0.00014734144846385,-5.80844948008518e-05,3.52513302511535e-05,-8.98692896592968e-05,0.000884949932283274,0.00168966989818166,-7.86669869651876e-06,0.00019994801272553,-2.11325212124379e-05,0.000547041021577786,-0.00138357915420349,-0.048867492415121,-0.000405550572843176,0.385606707808219,0.000614901010051867,0.00387638729792709,-3.63199921314129e-06,0.00220230786284035,-0.000795058268478298,-7.17267097334432e-05,0.00161235621596296,-0.00162437266994953,-0.00101570171833374,-0.000109544534023584,0.000915171701144998,5.60093303829067e-05,3.22919624439731e-07,-6.64089178049656e-05,-1.93136374330328e-05,0.000272270800933125,1.69690175755763e-05,-7.83357480665389e-06,-9.59941276776344e-06,-0.000169189908321394,-6.52056692320125e-06,0.00130561464541198,-4.3514564162867e-06,-2.7201493993832e-05,0.000401142060326784,-4.00847366364316e-05,-7.77346414784818e-05,-2.54315340582752e-05,-2.85964693052097e-05,4.13308741194411e-06,-0.000107808539979598,-3.89986242304338e-05,2.44778946729537e-05,-1.5782742493752e-05,0.00082548244480367,1.40507315786188e-05,0.000697805059729738,1.69640440491975e-05,-2.93877834090482e-05,-5.16889176987114e-06,5.95051942761592e-07,7.52599834033366e-05,3.68568264996644e-06,7.47206818094136e-06,3.26606177208062e-07,-1.18476329786952e-05,-0.000389023279129399,-5.12907908250342e-05,0.000204451750968343,5.33123558915698e-05,-1.09750618824909e-05,-4.30460079602303e-08,-1.2853930047866e-06,-4.09681936289726e-07,-0.00196338720508191,0.000461829477961804,0.0020722217051536,-4.46705038249287e-05,-6.29330509199111e-05,0.000130686011016557,0.000146750754877144,2.38906362534795e-08,2.6607597999438e-06,-0.000644735812190568,-0.499984994388896,5.75950280230027e-06,-0.000115991781860275,1.40483993230777e-05,1.49531816373999e-05,8.94378182848173e-05,-8.22714470223214e-07,-7.52239648413911e-06,-0.000395558014082451,-5.33297578785512e-05,0.000368587720206376,6.80370059492862e-05,-0.122845902629771,5.51267979286662e-07,0.00657972258528664,5.0861584275717e-05,1.29377375688138e-05,8.2971195105643e-05,6.98250267751836e-08,5.77501682926609e-07,-3.98882438659921e-08,-1.3462303213782e-08,-3.26253236067105e-06,-7.04537376797345e-06,-3.60018938528499e-06,5.75887001423095e-06,1.33048673237246e-06,5.91261575389252e-06,-1.96675815927361e-05,-1.14293554114935e-06,-0.000108726914000287,-6.59428050415029e-07,-5.08480572124707e-05,-4.157580623494e-05,2.76327280607709e-06,5.78293264732025e-07,1.46576805902672e-05,6.58097359209982e-06,-1.32950740883514e-06,-7.04404091911115e-08,-3.1461010891259e-05,-5.73569780805462e-17,-3.02473422006471e-07,4.33714608963701e-06,-9.07295421098446e-07,-2.39006737316349e-06,-3.29861732018871e-05,4.56965655907999e-07,-7.03580580899833e-06,3.21049273723997e-06,-2.21450850369119e-06,1.59885866118669e-07,-1.03909591597328e-06,0.00331990698494764,1.13221792665218e-07,-2.50594872221989e-06,-3.20203272572163e-05,5.98476740670943e-08,-4.02752977409632e-09,1.94740530631126e-07,-1.8727714598993e-07,2.95081522764979e-06,2.68417188900446e-05,-5.1200509543845e-06,2.82820464047808e-06,-1.8465515639087e-05,6.03032982505416e-05,-3.65095746551588e-06,1.34753425157937e-05,-4.56525558983562e-06,4.42454656188517e-08,0.000360234195706366,1.28332112266315e-06,5.55314687391064e-06,4.71171644377621e-08,-4.80630252615877e-06,1.30118840463362e-06,-1.74658573043026e-06,2.81266164286577e-06,-5.52740037815125e-06,4.5072041355922e-06,-3.47611966154408e-07,8.36896443778493e-05,-4.17401134172153e-07,0.000926929008252604,-6.68771508041937e-16,-0.0258304796525198,2.73272916466529e-05,1.32142382237184e-10,-4.41241888085208e-08,4.0773692739662e-07,-3.07673151913699e-07,-9.34851000545968e-08,1.53283651861954e-08,-6.90457151826863e-07,2.61630342521401e-05,3.54542200309659e-06,-8.20885371773652e-08,7.22739877509608e-05,-5.24168101275818e-05,4.10049553311454e-06,-2.66839854838064e-05,1.07475019768977e-06,1.55883355214834e-06,2.89625327111196e-08,6.47555101870144e-05,-1.00337292496997e-05,4.43042041547909e-08,-1.38365267023622e-05,1.6142274225151e-06,-5.85448130958049e-06,4.21398575953927e-06,1.34061583616306e-05,1.90081803616865e-06,-6.02465379296481e-07,-3.904873038381e-06,3.93583787004496e-07,-1.80903491405047e-06,1.80061016958868e-06,1.67085895002598e-05,-3.22835355240055e-05,-2.95199610667243e-17,9.49689167462207e-08,1.428806583817e-06,-1.3254467260207e-07,2.65870323558382e-05,8.302027608151e-08,6.93781779147486e-06,1.60609970613675e-05,-5.91039034333946e-06,2.50042023368791e-05,-6.97688257502834e-16,-6.68106092189002e-05,-1.51453958277785e-08,-2.27319438064053e-06,2.69419642460551e-07,4.87646775421351e-06,-1.15226262039296e-06,-4.4130893956457e-05,1.17935920594957e-05,-1.4303827965461e-06,7.89550627912302e-05,-3.61548167440879e-07,-0.0065799076607568,-1.54605863851806e-08,-3.9119503669402e-09,-2.07979097141282e-05,3.35252405216647e-07,-2.46631592413619e-05,-1.25091524963263e-16,-1.92984452190153e-06,1.52166696611167e-07,4.38553698237394e-09,3.91879568341865e-08,-4.98478366738825e-05,-0.000102513015659734,1.29574457999015e-06,-4.71843512696991e-06,-2.64682344236433e-06,-3.3514915969387e-17,-1.69180092247304e-05,-1.67693334024214e-07,-2.11829786682877e-05,2.0472552086511e-15,1.1366112032045e-05,1.44765217492338e-06,-2.21326271319128e-07,-3.24272462977797e-05,-1.07575421604944e-05,-5.72471851936754e-06,-5.19520820223872e-06,5.71169710830826e-06,1.15733151188887e-06,6.39799715194029e-08,1.2339861631052e-05,4.49556639089053e-07,-4.42234538770241e-17,-1.78422548663093e-07,6.60268207527019e-06,2.8480957898082e-06,-1.49199297929797e-05,6.69880735333913e-17,-3.65982855426635e-07,6.73509665920224e-08,-6.36848256167759e-06,-1.09147297566848e-07,-1.42942220365134e-05,3.86524667575565e-07,-5.13388761672385e-06,0.000314960185738812,-1.02325329809633e-16,0.00112280729844742,-2.22672013730496e-07,1.11128408212167e-06,0.000109214145548989,-1.9189463300808e-07,-7.54420852774836e-08,-4.30211422042248e-16,1.38703665076091e-16,-7.47933640980277e-08,-2.44402136687929e-07,3.22620842744609e-08,-1.2870314348144e-05,1.12244352285842e-14,-6.13368050059758e-06,-7.25010070434578e-08,2.78496984526295e-16,-3.66943684998529e-19,-6.28190071202331e-17,1.54219957236877e-05,1.16808308796773e-06,-1.29254130517131e-06,0.000453039652894957,4.32687675639363e-06,9.86143397427292e-07,-4.28646811132778e-07,-6.11616499527218e-16,-9.476631366245e-08,2.6629447913095e-07,-1.79104960605684e-16,3.02674035163802e-16,-1.67048023648107e-07,-3.48833844040163e-09,-9.87005794600931e-08,2.07660977548383e-05,9.69235099600862e-08,-1.40539051423938e-06,-4.49484720454525e-16,-1.36603964210298e-06,4.17613804674347e-16,-1.6065733909891e-05,-3.54317269968263e-16,-1.08152765962611e-07,3.31586310462557e-16,4.43695036758399e-07,1.16809955708627e-07,1.87264784296317e-06,7.11851318252849e-06,3.14333164724604e-07,-3.60785723267342e-08,2.28565848450764e-07,8.13581067600663e-08,1.4857358219523e-05,1.59962143427433e-05,7.95834265828636e-08,-2.23694288645418e-07,-1.47775739003016e-05,-1.19732604264412e-06,-1.06575336151838e-07,-3.28017923342383e-17,9.96315234952589e-07,-1.71515174475782e-07,8.83842496713491e-08,-1.2838604085065e-17,5.95777446723714e-07,4.67250501743407e-06,1.49508333190255e-06,4.83954612885646e-17,-3.62201068897481e-07,-7.40081443167147e-06,1.45102700055714e-16,-2.53904967840084e-07,5.64875309300008e-07,-1.90176271932535e-16,-2.75213620682766e-16,-2.07242908572203e-08,-4.26632480886562e-06,-2.42984434785535e-08,-3.36976383004828e-05,2.59366431684903e-06,6.83615485356001e-08,2.53250582217744e-06,6.08858671936765e-07,-1.52200877039238e-05,-4.41053443767103e-16,2.80769305014869e-09,7.44481320214475e-08,2.0526426008259e-07,1.91952318995014e-05,-3.99057354129476e-16,-1.11923980200613e-17,6.30872114444475e-06,-9.67208755094726e-17,-2.09058012460139e-16,7.76337515012283e-07,-1.14170776143771e-06,-2.13750286349109e-07,-4.34980096960249e-07,5.46749927345891e-06,1.42822341267384e-06,1.52280366978732e-06,-8.67575783457972e-17,3.49587774559406e-06,1.63172594313825e-07,7.48612299406868e-07,-1.96387655775525e-07,7.74842068688216e-07,-4.80490143328689e-16,2.01781921351858e-16,-5.64651410927785e-16,-2.59328663372738e-06,-3.25205327489826e-08,-2.10819074237255e-06,-5.11920453792609e-16,-2.49350826379864e-08,9.31540972366569e-16,-1.9438133371345e-16,4.16575739790876e-06,-1.04450607554711e-06,-1.90819582357449e-17,-0.00170618439746893,-1.06698731323756e-07,1.44812563502637e-16,2.50164684786757e-07,2.58580893203214e-16,3.40086351784182e-06,1.28963397526399e-16,3.39301786049332e-06,7.69403804184731e-07,2.78641382843602e-08,1.00175762819473e-06,6.88009254967193e-06,-9.01241527320479e-08,2.7685204866859e-06,1.90496567830015e-16,1.63690040826901e-06,-9.23908373571769e-08,-4.6562756718081e-17,-1.21718181215737e-08,-2.48037980194825e-07,5.7626810884013e-08,2.94888433058319e-17,1.84841323398903e-07,2.44522272602185e-07,-4.29034812647245e-17,-6.79560133204573e-06,-5.90937765667508e-05,-7.0164691153275e-09,-6.66140072184042e-17,3.30071374408324e-16,1.25440898556765e-07,1.46193730896293e-06,1.18267805350707e-07,-4.99200849517325e-08,8.64440525637806e-07,1.78187859627333e-16,6.67042330582828e-16,3.15523830050518e-06,2.1748294540665e-08,-1.25400185441888e-16,7.62247465555159e-06,-1.88714317953408e-16,1.03711321612329e-07,-1.45755092901774e-06,-8.51603505470119e-07,-5.64505497438238e-06,-3.55613548670332e-17,1.39066576804529e-16,6.24836427314986e-18,1.10132524589476e-16,-1.19296650948826e-08,-4.13783973146685e-08,-1.00857305766816e-16,3.01968842350128e-16,6.20481781745693e-16,5.82324736866361e-08,5.2327544456306e-10,-2.88069769526427e-08,1.98774532144966e-16,4.19152559882896e-16,-5.22585447138013e-16,-1.23501905535704e-06,3.77910570546224e-08,2.09845437343273e-16,6.62907232408613e-09,-1.7339902998192e-07,5.00974179626022e-16,4.84045015074583e-16,-4.54247507926893e-06,-1.22670485583208e-09,-2.24963748463787e-06,8.53336029547061e-16,6.67506273145446e-08,1.07707708637982e-06,1.15541607651605e-06,-3.60039737577493e-06,-2.55791021366795e-07,4.16352573292047e-09,3.91010205632255e-16,4.62004429197968e-16,-4.16348085158996e-16,7.91172142223552e-08,-7.1633539695267e-08,-1.02188212351336e-06,-2.12352401813412e-08,2.67130094858099e-16,9.77408738751143e-17,-3.18745819407962e-16,-3.89972816853885e-16,-1.27376045966184e-16,1.01327398261931e-07,-8.27501613188653e-16,8.22588288166774e-16,-6.20175077242535e-07,-3.73585634121234e-16,-5.55153746879581e-07,-2.1955308281164e-15,-6.88248016043889e-07,1.00190716249969e-15,-8.33154738114697e-07,-1.04259150354952e-07,-2.51643037415491e-07,-4.0525322690481e-16,3.34584678091012e-06,-3.62568209449855e-17,1.38982183651177e-06,-2.21006130607339e-07,1.22306281000876e-09,3.84423110766251e-16,1.10596631762169e-05,-2.60742274163232e-16,-4.84612312728405e-07,-2.47383607789463e-07,-8.83874438848709e-16,4.27969577672236e-16,1.45908968076401e-15,-9.94435144455896e-16,-3.13434307827319e-08,-4.08131241354739e-07,-9.11279031555979e-08,-4.69946359562414e-16,-2.44852249657773e-16,-2.55304503314406e-08,2.08256942418536e-07,-5.01276126683256e-16,-2.41291766065744e-16,-6.81463210313664e-07,-7.24011242831857e-16,-2.94094940631638e-06,5.76643671844844e-16,7.3645027676023e-07,9.27001297153602e-16,-2.71860582996169e-15,7.88862357217112e-17,-1.54665234236974e-15,2.30520277069454e-15,-1.79492330185827e-15,1.41495485966485e-08,-9.89562951298262e-08,-3.63822109527914e-16,-6.56933886439587e-08,2.75995267207899e-06,-3.39914376261136e-15,4.48405344013506e-16,1.68697643945021e-15,4.07904683304883e-15,9.27765001122101e-07,1.48363173531393e-07,1.4611919620498e-15,2.78334332100413e-16,-4.94063473019132e-07,-1.59585637832639e-07,-2.41604996861836e-09,7.39118079725639e-15,-7.26244050505952e-15,9.75607037701646e-16,1.23315199540989e-15,9.50333502496e-16,1.79997592054082e-15,3.55169194796649e-06,-3.80492967761825e-05,-6.44601666539037e-07,-1.25341116990108e-15,1.22660449541963e-15,-1.10510734266189e-15,1.08228365211131e-16,1.80337983006847e-15,-1.93824595527016e-15,-1.43887830500635e-15,-9.87738068615641e-17,-1.23030771250174e-14,-2.17648954118672e-15,8.42449647763301e-15,-1.03245272431612e-14,-1.42796681964767e-15,-1.50030239292055e-15,9.40198984630195e-09,2.14932709721865e-15,-1.27267954328755e-16,-1.96851395901238e-14,1.33074741185184e-07,-6.02543024938601e-08,7.28232529486051e-15,-3.4342522404296e-09,1.21594697120428e-07,-6.87412740085213e-15,-0.707106781189622,-2.34427532039734e-07,-1.40447025632219e-15,2.99267433971413e-09,-1.15968604699646e-14,-6.62724287369547e-16,-5.5696141995946e-16,1.30861297558109e-14,1.09942627407707e-07,-4.01972609339609e-07,1.52489984723727e-16,8.87127118874736e-16,3.02072974593758e-15,1.23813414995946e-14,-1.64148208914305e-15,1.8980184219497e-16,2.80780356843512e-15,9.50319020850329e-16,4.83017316658675e-09,1.01505168245896e-15,1.62313019567547e-15,-2.11882947582714e-15,2.86589177511917e-15,3.7058007133018e-16,-2.59698641851231e-15,-1.04978276889205e-06,-7.92099789730827e-17,4.32516528847891e-16,7.10106695911659e-08,-4.06288606994156e-16,8.06827034943369e-16,9.7402954899245e-16,-2.48858389477355e-15,5.91691142172311e-08,3.64070524498853e-16,-1.63675601354559e-06,-1.35134015638584e-15,1.57898894252548e-15,-1.19867492493807e-14,-1.86168863257254e-15,-1.66036274292747e-16,2.46405448717413e-15,5.91124111954654e-08,8.8104384619496e-16,1.63125503929848e-15,8.92191134991037e-09,-7.37622489140111e-06,4.10253525006451e-16,1.5184314975805e-06,7.56519037703745e-07,-2.41265651418248e-16,-2.09501556178495e-16,-9.5307771596741e-16,5.43022221570707e-16,-6.71572267970297e-16,-1.26867069291036e-06,-9.33328564570102e-16,-1.21353686939715e-15,2.37238334843617e-16,5.07711692172798e-07,7.95628342766412e-16,-3.49002027556046e-16,-1.00888573836988e-15,1.28631335049212e-16,-2.31196790872718e-07,-1.05777769977279e-15,1.85829223987333e-09,-3.59989733143887e-16,1.76380813251024e-17,9.85005860556285e-17,-1.02163779861105e-15,2.51201559636674e-16,-8.11140915018983e-16,-1.77953386727387e-16,-3.22225705859155e-08,2.37415386879323e-16,-4.66363566567158e-18,1.35447471841939e-08,7.52968520704348e-17,2.8443204637635e-16,-3.22531175551931e-16,-6.69486805651573e-16,-3.01156905892695e-16,4.46202002100931e-16,-9.81465471383112e-08,3.60591140248003e-16,-6.28299364945691e-16,2.92194118664669e-08,5.1007645151977e-16,-2.49202360204484e-16,-1.26183219133091e-15,1.16440588064068e-15,8.73736979710835e-16,2.80176392897996e-16,4.05762266736485e-16,-1.16262974863271e-16,1.22620793074015e-16,2.93084297361309e-16,-1.28321267667175e-15,-1.53187090760335e-08,5.07934199351802e-08,5.37912710021698e-16,-1.86544610184683e-16,1.46098862321864e-16,-2.83716996246046e-16,1.77028530723433e-15,2.57864910447096e-17,-1.06950666962415e-15,4.87123485511799e-16,-4.83940412608638e-08,4.42174150984695e-16,-2.18196248357023e-16,2.0430393354664e-16,-4.45604056866775e-16,5.6319539609301e-09,-2.49449893492387e-16,-8.9277430820346e-10,3.25121753277234e-16,1.71697651103688e-16,1.25197727980906e-16,-2.58082103842616e-17,-8.36833861121571e-18,-4.49811146386222e-16,-2.41817215531631e-16,4.09401660873797e-16,-7.91227562210124e-18,-2.68775458220996e-16,-2.45658181287443e-16,6.48727208470579e-17,1.26324658318489e-16,-7.227904050817e-17,4.59722749189401e-16,2.35606900894202e-16,-1.94840126005997e-16,5.21889193095345e-16,1.1443624411548e-16,1.60136185727915e-16,-1.4510961876546e-15,-8.21075750905756e-16,-1.57819162333957e-16,-3.89828866728869e-16,-6.28351996758759e-18,1.58356826657078e-08,-4.99037272671375e-17,-2.78155639140597e-16,-7.86261550178126e-17,1.57560360314106e-16,-7.07299071002499e-17,-4.06225738699625e-16,-4.9165374325036e-16,-1.28299839782752e-16,-1.83805208609059e-16,2.06844332759706e-16,-2.16406753628107e-16,-2.16552602331298e-16,-1.21987302425143e-16,1.47109675574472e-16,-8.78127899219501e-17,-3.18337589276511e-16,-1.73693293894212e-16,-2.03588494772437e-07,3.50765483858998e-16,-1.95117185489788e-16,4.16255036624283e-17,5.85009053203807e-16,2.07339730146836e-16,-2.58358809397228e-16,-1.97403440079298e-16,4.40550224679152e-16,6.73196917185116e-18,1.27006253528222e-08,1.03441143411569e-16,-2.4147621255969e-17,1.48314559924535e-16,-4.99696350018729e-16,1.58566377164653e-16,-1.16474094736826e-16,-9.66587874057187e-17,1.29358494697594e-17,-8.81499547105925e-17,1.73411313984638e-16,-4.40249970799099e-17,-1.62615781907875e-16,3.77230058783357e-17,2.17173218236491e-07,7.890545580335e-17,1.2391524461331e-17,1.74574828193258e-16,-3.12250225675825e-17,-1.75512210947268e-08,-1.34887475704902e-16,-1.74797348173471e-16,-1.50742779118839e-16,1.58333388298338e-16,3.62749963441548e-17,-9.41529009114812e-17,9.56266581136759e-16,-2.20436250030283e-16,1.93053783773349e-16,8.42942031270517e-17,6.7830838474138e-17,-1.32133230020847e-17,2.3471748052088e-17,-4.7606732456192e-17,3.38620322695711e-16,1.85152754931976e-16,-3.79018794313191e-16
"t489",0.0291830041543847,-0.00602418976330763,-0.00639107215726799,0.000234740368462331,0.000668471191075829,0.00435917550127137,0.000798637322265658,4.8668135142673e-06,-0.0119806082687167,0.0199222230779907,0.00743297315159801,-0.00432822077052623,0.00985202063912142,0.00224453148607531,0.0756838396975198,-0.0024032228596723,-0.00178794726485334,0.000238549925276091,0.125015273521164,-0.0762908976386679,-0.00104770533975881,0.000167541496698173,-0.0146851884581185,9.15209509079334e-05,-5.15261458419831e-05,0.00247810296348933,-0.0102167209522441,0.000155512631948808,-0.00184643431312471,0.00719074503485378,0.000576001116337285,-0.0185828767405351,-5.46831290722319e-05,0.00374936071584398,-0.00042586084638788,0.228495455971832,-0.000165044394698847,0.000139089431527807,0.00449421796756552,0.000898294466166168,0.000450273883716711,-0.00321603266477332,4.29345429537772e-05,-0.0023803391253649,0.000102468160790927,-1.98236844196887e-05,3.62059141253582e-06,-5.37460701637756e-05,0.002558569588198,-0.00444753180103192,4.63247096541275e-05,-4.1798981002308e-05,3.47366556600619e-06,-1.47782807431475e-05,0.000303449896404143,-0.000907222812033523,0.000111311372252969,-0.00036762747654432,0.00293714709196758,-5.83437336094418e-06,-5.33083845809413e-06,0.00594669934956675,-0.00013910635739874,0.000104374950443651,-0.000313548706919248,2.0125231090659e-05,-3.75094267237414e-05,0.000353127574493498,-8.42198738859523e-05,0.000370697097176025,-2.79978460397659e-06,6.75204857619738e-06,-2.28172523238565e-05,-1.40975838657811e-05,5.88729017329027e-06,1.71446670305904e-06,-4.94285739757656e-05,6.93772622512902e-06,-0.000658223527925369,-0.000240085092598514,1.31475375580847e-05,0.000999134722574128,-0.000418991977900706,-3.9898601305218e-05,9.23183754073314e-05,6.91486266754604e-05,-1.00225801123194e-05,-5.94165889424978e-05,-3.39472414410974e-07,1.30993500392917e-05,-0.000106761837747992,6.07521066127437e-08,4.12282487520302e-05,-3.1856960703153e-05,-4.0330600187919e-06,-5.34875369099624e-06,-6.26928393457241e-07,2.83625855715527e-06,-2.95447579697855e-05,-0.00018019502840932,-8.73312751123402e-06,5.55060686959883e-08,-1.11154833361358e-05,-0.000165091320226031,6.64874206692187e-06,-5.57513916568437e-07,0.000175756499221302,-2.31007539989625e-07,0.00010673162153935,-1.06434817201493e-07,-3.64295581996589e-06,-8.44684733355587e-06,2.66603412480436e-06,-3.9673343431316e-06,3.72563611701869e-06,-5.66205378782895e-06,0.000258169749555832,-0.00032089409934875,0.00014734144846454,-5.80844948014147e-05,3.52513302513393e-05,-8.98692896596835e-05,0.000884949932288967,0.00168966989819236,-7.86669869649881e-06,0.000199948012726427,-2.11325212127154e-05,0.000547041021581441,-0.00138357915421295,-0.0488674924154547,-0.000405550572845927,0.385606707810907,0.000614901010055833,0.00387638729795419,-3.63199921327076e-06,0.00220230786285585,-0.000795058268484118,-7.17267097339515e-05,0.00161235621597507,-0.00162437266996167,-0.00101570171834143,-0.000109544534024261,0.000915171701152006,5.6009330383273e-05,3.22919624075392e-07,-6.6408917805624e-05,-1.93136374329895e-05,0.000272270800935319,1.69690175757322e-05,-7.83357480664747e-06,-9.5994127678389e-06,-0.000169189908322794,-6.52056692310739e-06,0.00130561464542275,-4.35145641597584e-06,-2.72014939940673e-05,0.000401142060329983,-4.0084736636763e-05,-7.77346414791525e-05,-2.54315340584729e-05,-2.85964693051685e-05,4.1330874120665e-06,-0.000107808539980666,-3.89986242305411e-05,2.4477894672967e-05,-1.57827424938329e-05,0.00082548244481198,1.40507315787307e-05,0.000697805059736638,1.69640440493109e-05,-2.93877834095637e-05,-5.16889176991849e-06,5.95051942690258e-07,7.52599834039601e-05,3.68568264999418e-06,7.4720681810446e-06,3.26606177211864e-07,-1.18476329785963e-05,-0.000389023279133392,-5.12907908254974e-05,0.000204451750970512,5.33123558918988e-05,-1.09750618826398e-05,-4.30460079358907e-08,-1.28539300486622e-06,-4.09681936234455e-07,-0.00196338720510343,0.000461829477966954,0.00207222170517677,-4.46705038251828e-05,-6.29330509206795e-05,0.000130686011018194,0.000146750754878339,2.38906363658292e-08,2.6607597999166e-06,-0.000644735812198183,-0.499984994394876,5.75950280204342e-06,-0.000115991781861693,1.40483993231658e-05,1.49531816375613e-05,8.94378182858835e-05,-8.22714470374841e-07,-7.52239648422553e-06,-0.000395558014087525,-5.33297578788323e-05,0.000368587720211217,6.80370059507017e-05,-0.122845902631419,5.51267979267373e-07,0.00657972258537759,5.08615842761129e-05,1.29377375687619e-05,8.29711951067859e-05,6.98250268889534e-08,5.77501683219931e-07,-3.98882442805724e-08,-1.34623032630882e-08,-3.26253236058381e-06,-7.04537376810314e-06,-3.60018938512362e-06,5.75887001432743e-06,1.33048673270779e-06,5.9126157538287e-06,-1.96675815931645e-05,-1.14293554124439e-06,-0.000108726914002026,-6.59428050356896e-07,-5.08480572130102e-05,-4.15758062354805e-05,2.76327280597337e-06,5.78293264789847e-07,1.46576805904989e-05,6.58097359215229e-06,-1.32950740891488e-06,-7.04404093114732e-08,-3.14610108919063e-05,2.06736177254255e-17,-3.02473422024416e-07,4.33714608974803e-06,-9.07295421045217e-07,-2.39006737324899e-06,-3.29861732024181e-05,4.56965656186096e-07,-7.03580580913879e-06,3.21049273806853e-06,-2.21450850378207e-06,1.59885866037342e-07,-1.03909591621021e-06,0.0033199069850093,1.13221792797335e-07,-2.50594872226404e-06,-3.20203272576964e-05,5.98476742916804e-08,-4.02753026025257e-09,1.947405305501e-07,-1.87277145934861e-07,2.95081522706806e-06,2.68417188906399e-05,-5.12005095457081e-06,2.8282046412305e-06,-1.84655156398737e-05,6.03032982518835e-05,-3.65095746565686e-06,1.34753425160264e-05,-4.56525558994333e-06,4.4245465577364e-08,0.000360234195713927,1.28332112300995e-06,5.55314687392035e-06,4.71171642079031e-08,-4.80630252594142e-06,1.30118840477333e-06,-1.74658573058443e-06,2.81266164285323e-06,-5.52740037831908e-06,4.50720413586997e-06,-3.47611965995737e-07,8.36896443799269e-05,-4.1740113435462e-07,0.000926929008273519,-5.81418027676765e-16,-0.0258304796531261,2.73272916472625e-05,1.32142412394968e-10,-4.41241887026553e-08,4.07736927288498e-07,-3.07673152021086e-07,-9.34850993768374e-08,1.53283652319302e-08,-6.90457151889853e-07,2.61630342523617e-05,3.54542200301257e-06,-8.20885371344484e-08,7.22739877526658e-05,-5.24168101288388e-05,4.10049553321695e-06,-2.66839854843277e-05,1.07475019780166e-06,1.55883355220439e-06,2.89625327999945e-08,6.47555101885061e-05,-1.00337292492358e-05,4.43042042292577e-08,-1.38365267027446e-05,1.61422742259127e-06,-5.85448130994387e-06,4.21398575953368e-06,1.34061583619444e-05,1.90081803670627e-06,-6.02465379807785e-07,-3.90487303861104e-06,3.93583787160257e-07,-1.80903491427377e-06,1.80061016954009e-06,1.67085895007104e-05,-3.22835355250886e-05,-4.1208713034425e-17,9.49689167954546e-08,1.4288065839286e-06,-1.32544672630693e-07,2.65870323567313e-05,8.30202761779398e-08,6.9378177913792e-06,1.60609970616408e-05,-5.91039034317237e-06,2.50042023377522e-05,-3.66282810656393e-16,-6.68106092209636e-05,-1.51453958651611e-08,-2.27319438089553e-06,2.69419642610271e-07,4.87646775413885e-06,-1.15226262016344e-06,-4.41308939580716e-05,1.17935920598855e-05,-1.43038279703636e-06,7.89550627940776e-05,-3.61548167083597e-07,-0.00657990766099911,-1.54605865923355e-08,-3.91195045541110e-09,-2.07979097149175e-05,3.35252405192938e-07,-2.46631592423067e-05,2.12784420565803e-16,-1.92984452182648e-06,1.52166697086481e-07,4.38553717116658e-09,3.91879567016008e-08,-4.98478366760211e-05,-0.000102513015663678,1.2957445799931e-06,-4.71843512707046e-06,-2.64682344286392e-06,3.09476202149672e-17,-1.69180092250708e-05,-1.67693333439363e-07,-2.11829786685601e-05,2.11416583152251e-15,1.13661120324592e-05,1.4476521750318e-06,-2.21326271373937e-07,-3.24272462991612e-05,-1.07575421610964e-05,-5.72471851877963e-06,-5.19520820256954e-06,5.71169710816241e-06,1.15733151197125e-06,6.39799715945962e-08,1.23398616316602e-05,4.49556638652232e-07,9.16542862614358e-17,-1.7842254837663e-07,6.60268207547561e-06,2.84809579017375e-06,-1.4919929793725e-05,-5.96183108459967e-17,-3.65982855770703e-07,6.73509660225995e-08,-6.36848256207144e-06,-1.0914729755704e-07,-1.42942220374488e-05,3.86524667571405e-07,-5.13388761704081e-06,0.000314960185754148,6.15164424187487e-17,0.00112280729850413,-2.22672013532304e-07,1.11128408201056e-06,0.000109214145554543,-1.91894633030376e-07,-7.54420851358432e-08,-9.43689570931383e-16,-1.26499988982565e-16,-7.47933641801184e-08,-2.44402136522913e-07,3.22620841378527e-08,-1.28703143487672e-05,1.11261031444771e-14,-6.13368050046648e-06,-7.25010068701439e-08,-9.46579541932513e-17,1.07488278859694e-16,1.4546377639072e-17,1.54219957243723e-05,1.16808308825981e-06,-1.29254130484964e-06,0.000453039652919468,4.32687675669929e-06,9.86143397422719e-07,-4.28646811521141e-07,7.79045357283018e-17,-9.47663139020405e-08,2.66294479419253e-07,9.3878797107133e-17,-7.62595449873802e-16,-1.67048023654009e-07,-3.48833878223879e-09,-9.87005790506544e-08,2.07660977562532e-05,9.69235107146493e-08,-1.40539051443404e-06,1.73727350191839e-17,-1.36603964220403e-06,2.5944881529895e-16,-1.60657339108825e-05,-3.80554962542412e-16,-1.08152765887711e-07,-4.74179938368614e-16,4.43695036966782e-07,1.16809955512016e-07,1.87264784279016e-06,7.11851318309801e-06,3.14333165091283e-07,-3.60785720779814e-08,2.28565848569286e-07,8.13581066734568e-08,1.48573582202746e-05,1.59962143435554e-05,7.95834264729183e-08,-2.23694288640701e-07,-1.47775739013807e-05,-1.19732604245461e-06,-1.06575335283616e-07,1.54626366603001e-17,9.96315235314253e-07,-1.71515174374745e-07,8.83842495487192e-08,1.41743378765911e-16,5.95777446534115e-07,4.67250501764342e-06,1.49508333189321e-06,-7.68167170619732e-17,-3.62201069292634e-07,-7.40081443237574e-06,-1.39058599239984e-16,-2.53904967735274e-07,5.64875310102897e-07,1.28035338767418e-16,3.40994075924196e-16,-2.07242906906365e-08,-4.26632480927198e-06,-2.42984436885441e-08,-3.36976383030069e-05,2.59366431655832e-06,6.83615490861783e-08,2.53250582149214e-06,6.08858671599961e-07,-1.52200877052703e-05,1.88217497143484e-16,2.80769286863384e-09,7.44481318088998e-08,2.05264259704587e-07,1.91952319009042e-05,7.41487792699345e-17,1.25635986806573e-16,6.30872114507614e-06,-1.28490705008754e-17,-1.10828634325602e-15,7.76337514348476e-07,-1.14170776174182e-06,-2.13750286309145e-07,-4.34980096864594e-07,5.46749927413109e-06,1.42822341295401e-06,1.52280366972883e-06,1.25840135247582e-16,3.49587774614422e-06,1.63172594353443e-07,7.48612299540359e-07,-1.96387656435808e-07,7.74842069381662e-07,6.51530851498179e-16,-3.31421296809604e-16,2.84014683079053e-16,-2.59328663374391e-06,-3.25205324942861e-08,-2.10819074370724e-06,6.45580447859683e-17,-2.49350819558365e-08,-1.08399086628401e-15,1.00659913399049e-17,4.16575739866936e-06,-1.0445060763083e-06,-9.9399655173471e-16,-0.00170618439765852,-1.0669873048513e-07,8.29588295645648e-17,2.50164685729817e-07,6.90594981770671e-17,3.40086351875043e-06,-7.69620422515137e-17,3.39301786119108e-06,7.6940380420213e-07,2.78641371587038e-08,1.00175762825128e-06,6.88009255108795e-06,-9.01241530969904e-08,2.76852048725634e-06,-3.61020381483991e-16,1.63690040955448e-06,-9.23908363635468e-08,-1.07245635335273e-16,-1.21718176451549e-08,-2.48037979594045e-07,5.76268103662948e-08,1.89594504257191e-17,1.84841323540557e-07,2.44522273338727e-07,6.25566723634786e-17,-6.79560133343576e-06,-5.9093776576123e-05,-7.01646938100854e-09,-1.65808995010016e-17,-3.97926307794248e-16,1.25440898421641e-07,1.46193730959997e-06,1.18267805969805e-07,-4.99200843133106e-08,8.64440525876491e-07,-1.29216485774402e-16,-6.79428868658609e-16,3.15523830170949e-06,2.17482959944254e-08,3.39867905553956e-16,7.62247465637681e-06,1.01380133751975e-16,1.03711321401425e-07,-1.45755092967175e-06,-8.51603505011802e-07,-5.64505497467688e-06,-5.08950721459539e-16,-2.23402187037179e-16,3.80295875417398e-16,-7.26078538253312e-17,-1.19296655227973e-08,-4.13783975457968e-08,1.43806577253057e-16,-3.94184225001229e-16,-6.78962713966087e-16,5.8232472837759e-08,5.23275447328489e-10,-2.88069768810782e-08,-1.454898707775e-16,-7.36932216638397e-16,9.0877826097735e-16,-1.23501905501254e-06,3.77910561273763e-08,-1.31031637749468e-16,6.62907315956018e-09,-1.73399029550691e-07,-5.98216069615675e-16,-4.21793903790331e-16,-4.54247507975995e-06,-1.22670549476135e-09,-2.24963748494281e-06,-8.76718802666108e-17,6.67506267369048e-08,1.07707708654141e-06,1.15541607678669e-06,-3.6003973766473e-06,-2.55791023122513e-07,4.16352439948687e-09,-2.22985465488244e-16,-4.79408408045052e-16,6.50534663830254e-16,7.91172185968976e-08,-7.163353939345e-08,-1.02188212410937e-06,-2.12352403241304e-08,-1.58304061361713e-16,-6.36096275082694e-17,1.04220952587025e-16,3.08997380712353e-16,1.12097092102949e-16,1.01327398625484e-07,8.34344795644834e-16,-9.40993894564714e-16,-6.20175077577142e-07,4.5803588715665e-16,-5.55153745986006e-07,2.06300922901213e-15,-6.88248014868551e-07,-9.46108004101099e-16,-8.33154737299454e-07,-1.04259152699655e-07,-2.51643038025597e-07,3.19507234582791e-16,3.34584678246895e-06,6.8550632030627e-17,1.38982183670179e-06,-2.21006130679183e-07,1.22306538942387e-09,-4.43419048648771e-16,1.10596631818675e-05,2.78423045816885e-16,-4.84612313381154e-07,-2.47383608969486e-07,6.38107062754813e-16,-3.79549513183741e-16,-1.27396675102464e-15,1.1022020119364e-15,-3.13434325569226e-08,-4.08131241952072e-07,-9.11279036701216e-08,5.38349698196347e-16,2.43796519703638e-16,-2.55304505029077e-08,2.08256943431614e-07,3.28323789003415e-16,2.39306253499089e-16,-6.81463214026473e-07,7.57294199567356e-16,-2.94094940659496e-06,1.28376920059183e-16,7.36450277080266e-07,-9.03844757970913e-16,2.0775107283768e-15,-1.24875585267937e-16,1.52299632408908e-15,-2.30147869691357e-15,1.81113312382793e-15,1.41495337330938e-08,-9.89562997885769e-08,3.82550118959712e-16,-6.56933874287733e-08,2.75995267716964e-06,3.40475428131786e-15,-4.03872162938317e-16,-4.01040214480574e-16,-4.20962755100596e-15,9.27765003970489e-07,1.48363169534161e-07,-1.71732116593269e-15,-2.864958550311e-16,-4.94063474701616e-07,-1.59585639373266e-07,-2.41605887460966e-09,-7.20957635829709e-15,7.18205810505891e-15,-8.70960580913397e-16,-1.27325115397546e-15,-8.54518566082948e-16,-1.91635609088568e-15,3.55169194855512e-06,-3.80492968260175e-05,-6.44601678380948e-07,1.37655337059658e-15,-1.2050903367865e-15,1.00342322974728e-15,-7.45009979324774e-17,-1.78465091985178e-15,2.00384542638778e-15,1.32878557127663e-15,-3.33239138392492e-17,1.23209987867925e-14,2.18084008856107e-15,-8.58408462846624e-15,1.00374797517428e-14,1.45220238128722e-15,1.5256702806845e-15,9.40199872214982e-09,-2.06348779500326e-15,-2.58239579961234e-16,1.96153057858738e-14,1.33074732718815e-07,-6.02542982247178e-08,-7.28919359787953e-15,-3.43442101158836e-09,1.2159468686654e-07,6.91166552516618e-15,0.707106781183473,-2.34427624250208e-07,1.68767432026365e-15,2.99273720753851e-09,1.16096945550533e-14,6.6140043481272e-16,5.43301645857761e-16,-1.30135478733495e-14,1.09942648011381e-07,-4.01972607798475e-07,1.23589239345707e-16,-1.03318320604312e-15,-3.04182774887416e-15,-1.29653537328749e-14,1.48145384848419e-15,-1.05752478039702e-16,-2.69144280292578e-15,-9.4726328788191e-16,4.83017422380645e-09,-1.05199327741399e-15,-1.63765590299523e-15,2.10593883743223e-15,-2.90153190447656e-15,-3.64768990801055e-16,2.34963178334373e-15,-1.0497827685775e-06,1.91055886831868e-16,-6.1179441414482e-16,7.10106660556738e-08,5.22303172498601e-16,-5.84694679352226e-16,-9.80032088027382e-16,2.38111186509897e-15,5.91691140565315e-08,-3.49054521612254e-16,-1.63675601031129e-06,1.33218339052962e-15,-1.70079330588193e-15,1.14246467645507e-14,1.62597969214241e-15,1.9375164057242e-16,-2.67275990838125e-15,5.91124114664022e-08,-8.52558819965788e-16,-1.81783389906948e-15,8.92191052765356e-09,-7.3762248852564e-06,-3.39578266808405e-16,1.51843149462487e-06,7.56519038176582e-07,2.49218346801685e-16,7.35565443299484e-17,8.55573250778736e-16,-4.91901975659832e-16,6.81595751980134e-16,-1.26867069313282e-06,1.14284239450327e-15,1.59747410320616e-15,-2.43198001578932e-16,5.07711692541782e-07,-7.2267875734205e-16,5.49876692825782e-16,1.43002752465855e-15,-7.71952327178011e-17,-2.31196792357625e-07,1.13552241703142e-15,1.85829265480026e-09,3.73220161931646e-16,-1.6388446875745e-16,-1.43460558217946e-16,1.05812498499078e-15,-2.23158270622141e-16,7.51657055448843e-16,9.983520090072e-17,-3.22225721129461e-08,-1.9090991333381e-16,-9.47063224943053e-17,1.35447499585814e-08,-1.56920428478845e-16,-2.34758592507174e-16,1.44955998279841e-16,6.13973555432873e-16,3.37063110487988e-16,-4.78594365873312e-16,-9.81465464872973e-08,-4.61592356252031e-16,5.04776327523425e-16,2.92194138316278e-08,-4.82253341081462e-16,2.44261024092926e-16,9.49214343569997e-16,-9.69818080741899e-16,-8.49181417190815e-16,-9.79963105693997e-17,-4.8296350211487e-16,1.17826956041056e-16,-7.2801844556609e-17,-2.44040482036622e-16,1.30784865756035e-15,-1.53187087365648e-08,5.07934199482775e-08,-6.68781578285717e-16,2.25340731854059e-16,-1.3766740649719e-16,3.33602544619602e-16,-3.92047505570758e-16,7.24346562574471e-17,1.09011366467832e-15,-3.0260071358465e-16,-4.83940411080046e-08,-4.52131389979145e-16,2.79360492679442e-16,-1.67850249221541e-16,5.18376869167959e-16,5.63195358218075e-09,1.83843534129414e-16,-8.9277486372802e-10,-2.86933011768198e-16,-1.82191650288029e-16,-1.05069005805422e-17,9.53476949607168e-17,4.02591783186309e-17,4.80375633664639e-16,2.42779154370951e-16,-4.91836792995582e-16,1.50936355527487e-16,2.47890318816657e-16,2.75205769212175e-16,-1.07427911001488e-16,5.15552194792325e-17,-4.10069577396479e-18,-5.20690037061819e-16,-3.33069931967912e-16,2.27085401772893e-16,-4.77458680915118e-16,-2.03864564918821e-16,-1.64929720253069e-16,8.89045781438114e-17,8.14875037696894e-16,-5.61142370498648e-16,3.68098626790261e-16,-5.09059996604869e-17,1.58356837843293e-08,-8.99038046150565e-17,1.21698122071981e-16,1.22206513611022e-16,-2.88713753315047e-16,1.16465374926146e-16,3.60735465866203e-16,2.22784093289175e-16,9.28726744182919e-17,3.17689262558305e-16,-1.38348959295616e-16,-1.20996962449382e-16,2.0648234837371e-16,9.09505817245461e-17,-1.65867689093107e-16,2.13212337084357e-16,2.31283825471919e-16,1.59471688547627e-16,-2.03588494692399e-07,-3.38014117149549e-16,1.94216207635708e-16,-7.60711987087425e-17,-6.40204971520427e-16,-2.59333320233248e-16,2.25032928254671e-16,2.16237035169834e-16,-2.72588892959991e-16,3.18831526323135e-17,1.27006262540656e-08,2.28991754985318e-16,-2.97165485678644e-17,-1.24497265576678e-16,4.52124645407769e-16,-1.82350783275891e-16,2.69154975604182e-16,1.4988868572525e-16,1.97881715946992e-16,1.26089307854186e-17,-2.00532872512252e-16,5.42060743392341e-17,5.60215081506057e-17,-1.34022144194045e-17,2.1717321816597e-07,-3.09810805982972e-17,-8.30732068063291e-17,-1.14994042265177e-16,-3.98119037736677e-16,-1.75512212612528e-08,1.31588122136179e-16,1.23654855816374e-16,7.42705230492113e-17,-1.1396181352503e-16,9.08675407673867e-18,1.41498185051991e-16,-8.09594039534788e-16,2.65309644691839e-16,-2.41675676119982e-16,-3.74070392043919e-18,-5.01551660745032e-17,6.60987491777816e-17,-1.70551993529189e-16,-1.44373278771122e-17,-3.30056413158844e-16,-8.87423313194694e-17,-4.95205168586889e-17
"t267",0.02917841008776,-0.00602218600929162,-0.00638887726642846,0.00023463213506784,0.000668093244659531,0.0043562798122989,0.000798096288490306,4.8632514977061e-06,-0.0119702323745025,0.0199012465767398,0.00742300388024542,-0.0043210366555784,0.00983517819099039,0.00224063486525173,0.0755465754669014,-0.0023986000663898,-0.0017844235953552,0.000238071033597591,0.12475832512467,-0.0761201195069123,-0.00104516196797031,0.000167047065772971,-0.0146393129045854,9.12333388552039e-05,-5.13635544318125e-05,0.0024698926026097,-0.0101824515151727,0.000154986092010595,-0.00184000640890501,0.00716091007518374,0.000573442275932717,-0.0184963109920761,-5.44086452808051e-05,0.00372957882978947,-0.000423489818243684,0.227112566249027,-0.000164031703897377,0.000138221184622825,0.00446595493656742,0.000892553304994435,0.000447305334719838,-0.00319426476583791,4.26391639133868e-05,-0.0023639409684841,0.00010174865804289,-1.96746085637373e-05,3.59280241517623e-06,-5.33296064059686e-05,0.00253821338393049,-0.004411137029226,4.59314058349402e-05,-4.14380471915595e-05,3.44359652316331e-06,-1.46476630030409e-05,0.000300658044370041,-0.00089882583507455,0.000110167460419703,-0.000363743839843426,0.00290601760680689,-5.76832744714824e-06,-5.26750427465794e-06,0.00587436883545398,-0.000137382213341265,0.000103075169289819,-0.000309506574236183,1.98577287629028e-05,-3.69769353196983e-05,0.000347967579924246,-8.29728398018519e-05,0.000365076896632563,-2.75190352987046e-06,6.6260359659169e-06,-2.238577752872e-05,-1.3823720334988e-05,5.77253755454429e-06,1.68066114185171e-06,-4.84494772028604e-05,6.79719303111736e-06,-0.00064420837627096,-0.000234870421015549,1.2852204156679e-05,0.000976528139136882,-0.000409002410199984,-3.89323899606833e-05,8.9930305969423e-05,6.73278388569889e-05,-9.75391158328969e-06,-5.78192443444637e-05,-3.30339222321333e-07,1.27462565391867e-05,-0.000103864502901898,5.89955609017756e-08,4.00293203693877e-05,-3.08941389309053e-05,-3.90291181297232e-06,-5.17444882393894e-06,-6.06488752087888e-07,2.7414686551176e-06,-2.85482528860361e-05,-0.000173904015354979,-8.41959342695097e-06,5.35083588652062e-08,-1.0714309915296e-05,-0.00015834372357126,6.37446823416189e-06,-5.34348995083802e-07,0.00016835960074952,-2.21250532824814e-07,0.000102195001957553,-1.01867277076291e-07,-3.48613377647981e-06,-8.07643378455067e-06,2.54886402347187e-06,-3.78430451470879e-06,3.55197248720107e-06,-5.39209346782429e-06,0.000245735128643686,-0.000305002348450548,0.000139846826985979,-5.50697616605099e-05,3.34006078178448e-05,-8.49606226535544e-05,0.00083536013122502,0.00159489321309262,-7.42381196639484e-06,0.00018839066925854,-1.99083439282495e-05,0.000514624299532181,-0.00129607703768,-0.0457746992989437,-0.000379746939414853,0.359970715215663,0.000573666617007847,0.00361481049993727,-3.38053642148399e-06,0.00204928484888904,-0.000736711977015758,-6.62240440623779e-05,0.00148085181368574,-0.0014916572941308,-0.000931834656466278,-0.000100450427293991,0.000838532833967143,5.13033291468109e-05,2.95786146263501e-07,-6.06937694687646e-05,-1.75695879314859e-05,0.000246434559455583,1.53385842281385e-05,-7.0597795151291e-06,-8.64908877886653e-06,-0.000152261447210659,-5.8640405503869e-06,0.00117321468980928,-3.87986287169926e-06,-2.42215744722619e-05,0.000356859208646474,-3.47854443017254e-05,-6.69738975132058e-05,-2.18858011945012e-05,-2.44469987273653e-05,3.52836844421598e-06,-9.11820410758754e-05,-3.29449621896749e-05,2.04715523882834e-05,-1.30599614520116e-05,0.000658048978389153,1.11836524008538e-05,0.000555196459391715,1.34148737022775e-05,-2.30654367986345e-05,-4.05235881978131e-06,4.58997715434319e-07,5.77349844575214e-05,2.79219444629945e-06,5.64237214851091e-06,2.46214365412335e-07,-8.62771588939957e-06,-0.000270996595858862,-3.54174350907719e-05,0.000139951539306512,3.54816907589061e-05,-7.2182187122622e-06,-2.79664412540932e-08,-8.25002429382571e-07,-2.51146783170876e-07,-0.00118832750599119,0.000242130037823404,0.00107982660162686,-2.17336964863031e-05,-2.28319099667723e-05,2.73592689872353e-05,2.04083822744642e-05,2.26389441427647e-10,-3.03727613865364e-07,0.000484488162584488,0.497076574502905,-1.04255873044473e-05,0.000292833144083543,6.89860758921059e-05,6.82802925788816e-05,0.000268365999819793,-1.97994625600547e-06,-1.37935865030429e-05,-0.000724720452094409,-9.61464585241682e-05,0.000636006929974087,0.000114339087496258,-0.19481144166608,8.27891792155612e-07,0.00954842657996322,7.31276816783068e-05,1.79438982828819e-05,0.000113178803092744,9.52072756069593e-08,7.78352977642096e-07,-5.24202481074858e-08,-1.76163596698394e-08,-4.18339688946428e-06,-8.92627796910239e-06,-4.5439411260455e-06,7.16576382802117e-06,1.65044948711151e-06,7.31078992682304e-06,-2.40969457106464e-05,-1.39792339751506e-06,-0.000132928318868477,-7.99250640044296e-07,-6.1334547435827e-05,-4.99009686853459e-05,3.30948765780336e-06,6.91116575352128e-07,1.74831854814925e-05,7.84530646539484e-06,-1.57733588989233e-06,-8.33358722879093e-08,-3.71123318387512e-05,-1.49061845057676e-16,-3.55403139741632e-07,5.09224790469845e-06,-1.05997808286115e-06,-2.78240759725258e-06,-3.82956178962925e-05,5.30433647811077e-07,-8.12848900479638e-06,3.70630634709332e-06,-2.555632028345e-06,1.84219088825533e-07,-1.19597568207018e-06,0.00381401337460726,1.29968225278904e-07,-2.87565694491309e-06,-3.66800549546699e-05,6.81020670214206e-08,-4.57328699215998e-09,2.20755702211536e-07,-2.11565975270198e-07,3.33274137487846e-06,3.02486659485749e-05,-5.76307754685845e-06,3.1782164196845e-06,-2.07402484411969e-05,6.76965106354724e-05,-4.09564472733575e-06,1.51010829107458e-05,-5.11544237119718e-06,4.94552262551426e-08,0.000402628617554162,1.43426188821908e-06,6.20233066243191e-06,5.26129946864942e-08,-5.36297321394332e-06,1.45169742982562e-06,-1.94067159625232e-06,3.12390596621257e-06,-6.13704258499616e-06,5.0006295322524e-06,-3.85443931489875e-07,9.26807102430273e-05,-4.62078843758944e-07,0.00102585866895281,-7.15029941902679e-16,-0.0285604557346652,3.02117923230682e-05,1.46033805590747e-10,-4.87183765077799e-08,4.49850601252003e-07,-3.39332489980065e-07,-1.03086922388936e-07,1.68669295597784e-08,-7.59661368868796e-07,2.87843288916225e-05,3.89834788989236e-06,-9.01158487365268e-08,7.9320413230233e-05,-5.75166824314692e-05,4.49677143420975e-06,-2.92000262010801e-05,1.17509594920601e-06,1.70429419188577e-06,3.16646809845031e-08,7.06585841453564e-05,-1.09258194535643e-05,4.82312114516288e-08,-1.50575371734728e-05,1.75592254006115e-06,-6.36755407370715e-06,4.5784626832505e-06,1.45645626711754e-05,2.06477401360643e-06,-6.54368714328009e-07,-4.23996448229933e-06,4.27214005798138e-07,-1.96300521833133e-06,1.95360365078506e-06,1.81242270488868e-05,-3.50023854311933e-05,1.17459467422964e-16,1.0269815655159e-07,1.54472153783897e-06,-1.43247019460634e-07,2.87335105502262e-05,8.97218584666059e-08,7.49721412849357e-06,1.735322358063e-05,-6.38472523635205e-06,2.70007746414396e-05,-7.32218821854699e-16,-7.20856955377895e-05,-1.63395812178977e-08,-2.45191207473135e-06,2.90594030509713e-07,5.25703667110958e-06,-1.24184643989021e-06,-4.75438487021184e-05,1.27024284745936e-05,-1.53978305072879e-06,8.49532716338322e-05,-3.88899727587072e-07,-0.00707652407407208,-1.66257899694453e-08,-4.20603042802434e-09,-2.23609549462309e-05,3.60403093440599e-07,-2.6510851544686e-05,-2.705043537072e-16,-2.0729817421914e-06,1.63430111843783e-07,4.7101487593707e-09,4.20722265737975e-08,-5.3513589681447e-05,-0.000109976199579516,1.38981524723362e-06,-5.06080507714664e-06,-2.8384826769779e-06,1.33290905640459e-16,-1.81402170790583e-05,-1.79797602069243e-07,-2.27071308559182e-05,2.13402252509704e-15,1.21811546325645e-05,1.55137839335949e-06,-2.37178102406645e-07,-3.47477921323928e-05,-1.15262866762507e-05,-6.13338286131118e-06,-5.56576948923384e-06,6.11811888204173e-06,1.23965928858471e-06,6.8523795523643e-08,1.32137376838051e-05,4.81388439883976e-07,1.88171562172734e-17,-1.90987206367968e-07,7.06721298459438e-06,3.04806324575783e-06,-1.59642627060341e-05,5.05123835129159e-17,-3.91435264281836e-07,7.20022122029096e-08,-6.80694118344796e-06,-1.1665128091641e-07,-1.52753138205824e-05,4.12972482574472e-07,-5.48346006827345e-06,0.000336160396714958,4.29239433893507e-16,0.00119766487526518,-2.37505573531978e-07,1.18518979160866e-06,0.000116460769625875,-2.04625084401964e-07,-8.04437673285814e-08,2.08166817117217e-16,-5.10516765495356e-17,-7.97339941018856e-08,-2.60496569469708e-07,3.43858029202556e-08,-1.37152220634935e-05,1.21646710286756e-14,-6.53400941591148e-06,-7.72210726274092e-08,2.10108442318737e-16,2.50198492263561e-17,5.06681692891932e-18,1.64184013519233e-05,1.24348095767518e-06,-1.37570482087843e-06,0.000482110868191222,4.60444308786949e-06,1.04922731384112e-06,-4.56058743031187e-07,-3.24967580397115e-16,-1.00793417696405e-07,2.83198776831387e-07,-5.57723441450054e-16,3.68772193290718e-17,-1.7757643121057e-07,-3.70782752747067e-09,-1.04897138061351e-07,2.20679117455878e-05,1.02982794440726e-07,-1.49321129440165e-06,-3.94987967812311e-16,-1.45135008330823e-06,-5.13967674761772e-16,-1.70673311452573e-05,-1.86049092798513e-16,-1.14886969687269e-07,-2.95133675861157e-17,4.71278485006953e-07,1.24069449749228e-07,1.98855030548813e-06,7.55871441213056e-06,3.33764219374696e-07,-3.83053785336083e-08,2.4265439342843e-07,8.63576946968454e-08,1.57703427030312e-05,1.69782759564009e-05,8.44611605254047e-08,-2.37374474549692e-07,-1.56796561165915e-05,-1.27031173503307e-06,-1.13067364473347e-07,8.05757143725971e-17,1.05687665016873e-06,-1.81919766854592e-07,9.37161487711057e-08,1.9692963456212e-16,6.31662163671303e-07,4.95328177063803e-06,1.58483635541003e-06,-1.41810930084253e-17,-3.83933809264306e-07,-7.84399768118783e-06,-6.48505663008201e-17,-2.69094890914528e-07,5.98477858377479e-07,1.5783018591291e-16,-2.53298682289044e-16,-2.19544473300659e-08,-4.5195174134104e-06,-2.57391816157988e-08,-3.56935939033459e-05,2.74693058754699e-06,7.24003958411638e-08,2.68208552344424e-06,6.44710396250852e-07,-1.61141033892341e-05,1.69265643168437e-15,2.97246339771064e-09,7.88164560985476e-08,2.17301730794853e-07,2.03201701104836e-05,6.313774113519e-16,-8.94070789504405e-17,6.67811173292362e-06,2.10430260698337e-16,-6.40261963781607e-16,8.21542210174081e-07,-1.2081246860237e-06,-2.26184603231357e-07,-4.60232199477526e-07,5.78481932014411e-06,1.51110907463761e-06,1.61114472577782e-06,1.82653184523453e-17,3.69787414935058e-06,1.72592992478213e-07,7.91819757703443e-07,-2.07706937047855e-07,8.19390919068714e-07,-9.18348341037038e-17,-3.31551310168013e-16,5.15124137198839e-16,-2.74185772703398e-06,-3.43808272315164e-08,-2.22877315454991e-06,-3.44276209461216e-16,-2.63592189013031e-08,-1.28138410886444e-15,2.48167181447757e-16,4.40217746982437e-06,-1.1037804763005e-06,-5.91540705308091e-16,-0.00180285966189858,-1.12739073712376e-07,5.16171342154407e-16,2.64301092393927e-07,2.46636089753829e-16,3.59262262758192e-06,-6.97341080583933e-16,3.584297236615e-06,8.12771929616243e-07,2.94344566902512e-08,1.05819951240024e-06,7.26752936179079e-06,-9.51891279069982e-08,2.92367840994656e-06,8.27021774081556e-16,1.72832228177119e-06,-9.75490271146145e-08,5.62100439065883e-16,-1.2851039377421e-08,-2.6186690978898e-07,6.08371250382083e-08,-3.86958902514628e-16,1.95110610054232e-07,2.58099969103731e-07,2.08452789935727e-15,-7.17267435763654e-06,-6.2371606956522e-05,-7.4051528221522e-09,6.38807576102357e-16,-4.01614616795408e-16,1.3236844354046e-07,1.54256799092551e-06,1.24788916602798e-07,-5.26570030634249e-08,9.11790744025912e-07,-1.84731988735382e-15,-1.91513315645465e-15,3.32795854364953e-06,2.29387168682433e-08,3.8492815768758e-15,8.03925517727402e-06,1.34981392355251e-16,1.09376175839135e-07,-1.53705188864082e-06,-8.98048879488582e-07,-5.95280768211578e-06,-1.1384594098018e-15,-8.23766663134506e-16,-7.50965360187435e-15,2.85793648518192e-15,-1.25777367138797e-08,-4.36256020521925e-08,3.14125048857925e-15,4.534387537779e-15,-1.87338860528954e-15,6.13916920466412e-08,5.51653663260877e-10,-3.03671685502329e-08,-2.01956556698504e-16,8.48713460621653e-16,2.5955800009303e-16,-1.30162912272912e-06,3.98289944163913e-08,2.98407446495204e-15,6.98597007089372e-09,-1.82728556727125e-07,9.40777913971569e-15,5.42494369693287e-15,-4.78649935105328e-06,-1.29259394565194e-09,-2.37036455014599e-06,-0.707106781186548,7.03273879092381e-08,1.1347426034665e-06,1.21720372932872e-06,-3.79262806895562e-06,-2.69442259698461e-07,4.38554579126334e-09,1.16023625961535e-14,3.44508263743392e-15,-7.07060362435923e-15,8.33170850811921e-08,-7.54358787385472e-08,-1.07609266133498e-06,-2.23584750371934e-08,-5.55835979778099e-16,1.77901053725047e-15,1.7509892256416e-16,-2.53785606681958e-15,-1.15721697281326e-15,1.06670723553991e-07,1.39208514830674e-15,3.01924572264192e-16,-6.52839760837784e-07,4.59810747369156e-16,-5.84391884367978e-07,2.33815957898207e-15,-7.24491889635604e-07,-2.46991827046997e-16,-8.76938416027978e-07,-1.09735433060877e-07,-2.64850757731905e-07,2.00374081553583e-16,3.52129314887582e-06,4.58385083130282e-16,1.46255132355727e-06,-2.3254066837224e-07,1.28689018016391e-09,-2.20535859469068e-15,1.1636190523369e-05,-9.75925212790892e-16,-5.09831578060383e-07,-2.60256396884929e-07,-7.6189921035526e-17,4.21910825143269e-16,2.43859066255071e-16,-3.71815183189991e-16,-3.29721185453391e-08,-4.29330928308936e-07,-9.58593449213039e-08,-8.34516529744875e-16,1.0714705054394e-16,-2.68532789998029e-08,2.19046527990749e-07,-1.19224238336318e-15,3.54429759915166e-16,-7.16678407563802e-07,-6.71589208647623e-16,-3.09284205867606e-06,-4.021222674093e-16,7.74425660353222e-07,-6.37213577616061e-16,-5.66087904664385e-16,-9.5097147317108e-17,-6.79029479427893e-16,-2.42923719743739e-16,-8.43759253295832e-16,1.48768239471297e-08,-1.04042378150616e-07,1.10827809571211e-17,-6.90660514654698e-08,2.90158057224596e-06,-2.25306115433386e-17,4.19310569419658e-16,8.48496216199949e-16,2.55859359031804e-16,9.75277260356891e-07,1.55957487148305e-07,-7.42240216305613e-16,4.71572491298135e-16,-5.19339968729884e-07,-1.6774954721454e-07,-2.53962370579322e-09,5.09734974434871e-16,-6.51764233856071e-17,2.81785990572809e-16,-3.44136110002404e-16,-1.20457980774734e-15,3.34750183290376e-16,3.73266325618771e-06,-3.99873633401034e-05,-6.77423453527974e-07,-6.63785240297612e-16,-2.38547106712987e-16,4.32429366874999e-17,2.3987953435804e-16,-2.63358546392784e-16,3.75541712563659e-16,1.43926375647456e-16,1.25913771492517e-16,3.10011859603648e-16,-8.54137229063793e-16,-1.73174948420449e-16,3.23983940061253e-16,5.15580593710691e-16,-1.93184998058036e-16,9.8779233154455e-09,-2.17338675985787e-16,-7.24361216563975e-17,7.34497422455273e-17,1.398057256299e-07,-6.33014460611613e-08,1.56878399627661e-16,-3.60799568585962e-09,1.27737344967205e-07,-2.08682046457731e-16,1.10606484345231e-12,-2.46256158315656e-07,5.97980460688169e-16,3.1434893102477e-09,-1.34338710738699e-16,2.92468865852532e-16,-5.22801883785811e-17,-3.76439028878894e-16,1.15469241232302e-07,-4.22175842057562e-07,1.22396573739388e-16,-8.40610418299393e-16,1.35690846255148e-16,-1.25379405037924e-15,-4.94829871522384e-16,1.76980696082388e-17,-1.02766415424556e-16,3.47293883568538e-16,5.07099046878429e-09,5.24133607251616e-17,-2.9961825380287e-16,1.17506711984211e-16,-1.92235981641193e-16,7.81453913553822e-16,8.8499529806969e-17,-1.10203082268274e-06,-2.26815478612486e-16,3.11544160885584e-16,7.45437615291587e-08,-5.1460608000619e-17,3.40711539638259e-16,4.05345337979393e-17,1.92756524049088e-16,6.21019819616024e-08,-6.18549369190378e-17,-1.7178312543598e-06,1.21942781079819e-16,2.27320285312801e-18,5.8976875242915e-17,-1.48503510378518e-16,1.50659045541503e-16,-2.2636350337997e-16,6.20364605005691e-08,-4.02300669763318e-17,-4.77956274462101e-16,9.36277456633483e-09,-7.74069132769212e-06,2.0307275026595e-17,1.59339030064805e-06,7.93854631452955e-07,-3.74720084243923e-17,-6.68212192249601e-16,-8.4357038604755e-17,4.70392840299619e-17,8.67075879495436e-17,-1.33101712923127e-06,1.26772697991685e-17,-1.94507194152833e-16,-1.47737465890263e-16,5.32634968393994e-07,-5.27034004736833e-16,-5.69554144065247e-16,5.66659837467053e-17,-4.26767080904153e-18,-2.42529699889539e-07,5.08831903645725e-16,1.94934242989804e-09,-3.16121269080089e-16,9.14758448449454e-17,-3.21517434676916e-17,1.2362370420656e-17,-9.47929928907238e-17,-8.29591072411804e-17,-1.12971016390569e-16,-3.37976307655273e-08,2.16349722243945e-16,2.15936631560124e-16,1.4206435109437e-08,2.64090943316352e-16,-6.49019027910966e-17,2.45613384075821e-17,2.4860524786125e-16,1.72751719080347e-16,1.12662280019148e-16,-1.02932335120538e-07,1.63972592611269e-16,-4.19429243006518e-17,3.06430193224421e-08,-4.60249363121908e-16,-5.17116636802711e-16,1.55809548392116e-16,-2.41900454975241e-16,2.98764088059425e-16,1.43984066303687e-16,3.87112971383782e-17,-1.59201384335616e-16,-7.58570560520199e-17,9.31696272488603e-17,1.92492224078695e-16,-1.60627722511031e-08,5.32596590123514e-08,4.06267402461983e-17,3.39700510433381e-16,1.43014185439327e-16,-7.63385069242541e-17,-2.04697370165263e-16,4.46812310274293e-16,-1.39623460312944e-17,2.06767149622703e-18,-5.0739261545658e-08,-1.53280878748782e-16,-2.17155810161893e-17,-2.7620144750388e-16,-1.88468982739234e-16,5.90443738200554e-09,6.85669196910249e-17,-9.35888642049121e-10,1.01111373227213e-16,1.22834808255359e-16,2.50912363878299e-16,-4.56813934623268e-17,1.35587423160895e-16,2.79362918952309e-16,-5.99512250975783e-17,5.22353748198956e-16,-3.63484916492878e-17,1.49551412293991e-16,7.82131645311856e-17,2.50023319365196e-16,-1.6587687720172e-17,9.56177160156622e-17,-3.33443096903459e-17,3.43447933391351e-16,-1.51873858079795e-16,-6.35350901195859e-16,2.36486329307612e-16,1.60454632930776e-16,1.30277733045858e-15,1.79930721112245e-16,-1.89562180427559e-16,1.45700031356814e-16,-6.4957351031461e-17,1.65952255276051e-08,4.09186479850544e-16,9.33831117685846e-17,-9.41327979701115e-17,-1.30354292019175e-16,2.11213820413124e-16,-1.28328263423287e-16,4.71351714088507e-16,6.62036542971765e-17,4.35849814383022e-18,4.27372724457758e-18,-4.09394740330526e-16,-3.25892004792637e-17,-4.35053027713536e-17,-3.6501827868799e-17,-2.77853087170962e-16,-2.38308779952244e-16,3.80784542900396e-17,-2.13308442187515e-07,8.09637851337506e-17,-2.2939962223258e-16,-1.54802969361658e-17,2.03846817919485e-16,2.15200327960946e-16,9.68910682042354e-18,-9.43659494824149e-17,-1.81022019711908e-16,1.60832093265136e-16,1.33041113810236e-08,6.23315996311814e-17,1.04809518009302e-17,-2.7931925549769e-17,5.19268843568161e-16,-2.62534640309703e-17,-4.41772379577721e-16,6.17825749928479e-18,7.55970331820169e-17,1.25406712401678e-16,-1.42896412598765e-16,-6.08310128146224e-17,9.52760599147551e-17,-5.30794173352606e-17,2.27443206482833e-07,9.63544164369186e-17,-2.80330232832443e-17,3.76947489290469e-16,-6.11490025281825e-16,-1.83793590402086e-08,-2.10020056918239e-16,-9.98775085637399e-17,-2.67103193097132e-17,-5.26317697193232e-17,-5.54112660973808e-17,-3.18114708086635e-18,-2.60931930046478e-16,5.89903983222284e-18,-4.30646388395004e-18,-1.98898272283057e-17,5.45816964135483e-17,4.59363769164936e-17,-2.30543415695768e-16,-1.53749428122371e-16,9.19041239945096e-17,-9.88119174494094e-17,-1.97054808986537e-16
"t282",0.02917841008776,-0.00602218600929162,-0.00638887726642847,0.000234632135067842,0.000668093244659527,0.0043562798122989,0.000798096288490305,4.86325149770819e-06,-0.0119702323745025,0.0199012465767398,0.00742300388024542,-0.0043210366555784,0.00983517819099039,0.00224063486525173,0.0755465754669015,-0.00239860006638979,-0.00178442359535522,0.000238071033597577,0.12475832512467,-0.0761201195069124,-0.00104516196797031,0.000167047065772963,-0.0146393129045854,9.12333388551623e-05,-5.13635544318039e-05,0.00246989260260975,-0.0101824515151727,0.000154986092010604,-0.00184000640890502,0.00716091007518372,0.000573442275932724,-0.0184963109920761,-5.44086452808155e-05,0.00372957882978949,-0.000423489818243728,0.227112566249028,-0.00016403170389736,0.000138221184622853,0.0044659549365676,0.000892553304994383,0.000447305334719825,-0.00319426476583794,4.26391639134762e-05,-0.0023639409684841,0.000101748658042879,-1.96746085637629e-05,3.59280241522914e-06,-5.33296064059502e-05,0.00253821338393043,-0.00441113702922594,4.59314058349509e-05,-4.14380471915996e-05,3.44359652316838e-06,-1.4647663003034e-05,0.00030065804437004,-0.000898825835074608,0.000110167460419724,-0.000363743839843423,0.00290601760680689,-5.76832744713014e-06,-5.26750427466582e-06,0.00587436883545397,-0.000137382213341267,0.000103075169289827,-0.000309506574236186,1.98577287629186e-05,-3.69769353197517e-05,0.000347967579924251,-8.29728398018937e-05,0.000365076896632623,-2.75190352990358e-06,6.62603596589782e-06,-2.23857775286756e-05,-1.38237203349596e-05,5.77253755452079e-06,1.68066114182835e-06,-4.84494772028301e-05,6.79719303114846e-06,-0.00064420837627092,-0.00023487042101559,1.2852204156649e-05,0.000976528139136874,-0.000409002410200008,-3.89323899606393e-05,8.99303059693971e-05,6.7327838856985e-05,-9.75391158323765e-06,-5.78192443444319e-05,-3.30339222397407e-07,1.27462565391451e-05,-0.000103864502901898,5.89955610266757e-08,4.00293203694124e-05,-3.08941389308225e-05,-3.90291181296663e-06,-5.1744488239609e-06,-6.06488752073217e-07,2.7414686551437e-06,-2.85482528859415e-05,-0.000173904015354973,-8.41959342678134e-06,5.35083586816227e-08,-1.0714309915453e-05,-0.000158343723571316,6.37446823425425e-06,-5.34348994944689e-07,0.00016835960074948,-2.21250532918855e-07,0.000102195001957653,-1.01867277094072e-07,-3.48613377646237e-06,-8.07643378453536e-06,2.54886402350729e-06,-3.78430451466941e-06,3.5519724872288e-06,-5.39209346800831e-06,0.000245735128643592,-0.000305002348450536,0.000139846826986206,-5.50697616606892e-05,3.34006078178551e-05,-8.49606226538552e-05,0.000835360131225099,0.00159489321309271,-7.42381196638074e-06,0.000188390669258672,-1.99083439281975e-05,0.000514624299531826,-0.00129607703767998,-0.0457746992989437,-0.000379746939414879,0.359970715215664,0.000573666617008086,0.00361481049993735,-3.38053642160665e-06,0.00204928484888898,-0.000736711977015648,-6.62240440624024e-05,0.00148085181368575,-0.00149165729413077,-0.000931834656466278,-0.000100450427293934,0.000838532833967192,5.13033291467149e-05,2.95786146175992e-07,-6.06937694688131e-05,-1.75695879314211e-05,0.000246434559455645,1.53385842281754e-05,-7.0597795151753e-06,-8.64908877875725e-06,-0.000152261447210634,-5.86404055038522e-06,0.00117321468980945,-3.87986287179263e-06,-2.4221574472291e-05,0.000356859208646423,-3.47854443016286e-05,-6.69738975132391e-05,-2.18858011945811e-05,-2.44469987275565e-05,3.52836844422844e-06,-9.11820410758787e-05,-3.29449621898311e-05,2.04715523882126e-05,-1.3059961451984e-05,0.000658048978389212,1.11836524008411e-05,0.000555196459391661,1.34148737023164e-05,-2.30654367987275e-05,-4.05235881977489e-06,4.58997715580985e-07,5.77349844575877e-05,2.79219444624879e-06,5.64237214845584e-06,2.46214365314271e-07,-8.62771588925433e-06,-0.000270996595858869,-3.54174350910132e-05,0.000139951539306701,3.54816907589777e-05,-7.21821871226815e-06,-2.7966441141995e-08,-8.25002429313068e-07,-2.51146783196163e-07,-0.00118832750599104,0.000242130037823288,0.00107982660162664,-2.17336964862137e-05,-2.28319099666438e-05,2.73592689871751e-05,2.04083822747164e-05,2.26389443254942e-10,-3.03727613879092e-07,0.00048448816258438,0.497076574502907,-1.04255873041827e-05,0.000292833144083596,6.89860758920993e-05,6.82802925789473e-05,0.000268365999819813,-1.97994625567972e-06,-1.37935865031233e-05,-0.00072472045209421,-9.61464585240286e-05,0.000636006929974353,0.000114339087496227,-0.19481144166608,8.27891792095753e-07,0.00954842657996332,7.31276816785543e-05,1.79438982829902e-05,0.000113178803092944,9.52072753774499e-08,7.78352977735401e-07,-5.24202479799489e-08,-1.76163596333505e-08,-4.18339688958479e-06,-8.92627796904921e-06,-4.54394112610106e-06,7.16576382819896e-06,1.65044948743432e-06,7.31078992679614e-06,-2.40969457107316e-05,-1.3979233977401e-06,-0.000132928318868474,-7.99250640145016e-07,-6.13345474360408e-05,-4.99009686852847e-05,3.30948765779495e-06,6.91116575385113e-07,1.74831854813471e-05,7.84530646528804e-06,-1.57733588981811e-06,-8.33358719359586e-08,-3.71123318386459e-05,6.73591167288532e-17,-3.55403139748792e-07,5.09224790494131e-06,-1.05997808289306e-06,-2.7824075972245e-06,-3.82956178961713e-05,5.3043364771335e-07,-8.12848900477606e-06,3.70630634734171e-06,-2.55563202823969e-06,1.84219088808854e-07,-1.19597568198216e-06,0.00381401337460726,1.29968225435237e-07,-2.87565694525988e-06,-3.6680054954722e-05,6.81020670256808e-08,-4.57328724412856e-09,2.20755702137365e-07,-2.11565975216094e-07,3.33274137516978e-06,3.02486659485103e-05,-5.7630775468355e-06,3.17821641985988e-06,-2.07402484413491e-05,6.76965106355934e-05,-4.09564472772921e-06,1.5101082910624e-05,-5.1154423712549e-06,4.94552262376155e-08,0.000402628617554316,1.4342618876334e-06,6.20233066256455e-06,5.26129947031395e-08,-5.36297321417197e-06,1.45169742995582e-06,-1.94067159648499e-06,3.12390596639884e-06,-6.13704258489894e-06,5.00062953243497e-06,-3.85443931906934e-07,9.26807102430533e-05,-4.62078843878853e-07,0.00102585866895195,-6.87197900472778e-16,-0.0285604557346653,3.02117923229789e-05,1.46033978629698e-10,-4.8718376589548e-08,4.49850601166852e-07,-3.39332490144752e-07,-1.03086923173361e-07,1.68669295495673e-08,-7.59661368644946e-07,2.87843288921158e-05,3.89834788989135e-06,-9.01158486882884e-08,7.93204132305261e-05,-5.75166824315726e-05,4.49677143403453e-06,-2.92000262011662e-05,1.17509594902386e-06,1.70429419192296e-06,3.16646810885459e-08,7.06585841454122e-05,-1.09258194538249e-05,4.82312113176565e-08,-1.50575371736099e-05,1.75592254004432e-06,-6.36755407353998e-06,4.57846268346521e-06,1.4564562670891e-05,2.06477401392728e-06,-6.54368714247511e-07,-4.23996448246257e-06,4.27214005842219e-07,-1.96300521837903e-06,1.95360365090629e-06,1.81242270490966e-05,-3.50023854314613e-05,3.06729469737458e-17,1.02698156706224e-07,1.5447215381911e-06,-1.43247019281957e-07,2.87335105502708e-05,8.97218583423899e-08,7.49721412872906e-06,1.73532235805122e-05,-6.38472523599263e-06,2.70007746415157e-05,-5.28251577337934e-16,-7.20856955375574e-05,-1.63395812505281e-08,-2.45191207422765e-06,2.90594030285169e-07,5.25703667081004e-06,-1.24184644018052e-06,-4.75438487018445e-05,1.27024284742669e-05,-1.53978304997766e-06,8.49532716338271e-05,-3.88899727028474e-07,-0.00707652407407277,-1.66257899051223e-08,-4.20603073246831e-09,-2.23609549464744e-05,3.60403093433427e-07,-2.65108515447169e-05,1.42650071081193e-16,-2.0729817425214e-06,1.63430111953938e-07,4.7101490095728e-09,4.20722262631266e-08,-5.3513589681242e-05,-0.000109976199579567,1.3898152467029e-06,-5.06080507658215e-06,-2.83848267727486e-06,-8.76433996830681e-17,-1.81402170790307e-05,-1.79797602891465e-07,-2.27071308556715e-05,2.23061935386858e-15,1.21811546324781e-05,1.55137839301557e-06,-2.37178102423756e-07,-3.47477921325611e-05,-1.15262866762442e-05,-6.13338286157821e-06,-5.5657694891102e-06,6.11811888165485e-06,1.23965928725007e-06,6.85237956926054e-08,1.32137376840281e-05,4.81388439805797e-07,6.87241740130206e-17,-1.90987206634638e-07,7.06721298458992e-06,3.0480632461033e-06,-1.59642627059845e-05,-8.88585148039452e-17,-3.91435264551308e-07,7.20022112661589e-08,-6.80694118352615e-06,-1.1665128117925e-07,-1.52753138209396e-05,4.12972482540663e-07,-5.48346006777597e-06,0.000336160396714139,-2.25496119798186e-16,0.00119766487526504,-2.37505574041119e-07,1.18518979150583e-06,0.000116460769625822,-2.04625084364041e-07,-8.04437666976109e-08,3.19189119579733e-16,1.14263294523974e-16,-7.97339941010785e-08,-2.6049656954571e-07,3.43858030441578e-08,-1.37152220633923e-05,1.18587720151788e-14,-6.53400941563843e-06,-7.72210729099708e-08,-2.83259066595246e-16,1.31579337892907e-17,-4.43149756128352e-17,1.64184013519562e-05,1.24348095766667e-06,-1.37570482093593e-06,0.000482110868191647,4.60444308780504e-06,1.04922731381167e-06,-4.56058742585706e-07,-1.63579716648396e-16,-1.00793418004588e-07,2.83198776392996e-07,6.68464250436634e-16,3.24359002819343e-16,-1.77576430756103e-07,-3.70782682886836e-09,-1.04897137529197e-07,2.20679117459071e-05,1.02982794435071e-07,-1.49321129514337e-06,1.69881364052755e-16,-1.45135008339196e-06,-4.07696609946942e-16,-1.70673311456366e-05,-2.47631776195689e-16,-1.14886971451273e-07,4.38512330223652e-17,4.71278484974049e-07,1.24069449883713e-07,1.98855030598956e-06,7.55871441182973e-06,3.33764220114711e-07,-3.83053781839893e-08,2.42654393866726e-07,8.63576948175359e-08,1.57703427030234e-05,1.69782759571838e-05,8.44611597081903e-08,-2.37374475274686e-07,-1.56796561160468e-05,-1.27031173523158e-06,-1.13067363882024e-07,2.81215557862989e-18,1.05687664949373e-06,-1.81919767150697e-07,9.37161488169628e-08,2.96341836100458e-17,6.31662163044084e-07,4.95328177136317e-06,1.58483635543207e-06,2.59653829257269e-17,-3.83933809385917e-07,-7.84399768222384e-06,4.88576805468228e-17,-2.69094890737818e-07,5.98477860208905e-07,-2.65971088486893e-16,2.33804450667096e-16,-2.19544477750045e-08,-4.51951741378259e-06,-2.57391828703785e-08,-3.56935939029686e-05,2.74693058735695e-06,7.2400395942894e-08,2.68208552365996e-06,6.44710395900006e-07,-1.61141033893723e-05,-5.14345510627123e-16,2.97246295535229e-09,7.88164565906523e-08,2.17301731320681e-07,2.0320170111082e-05,-1.25020750933921e-15,-6.31955581063188e-17,6.67811173199968e-06,-1.29141206561753e-16,-9.50193601651072e-16,8.21542210923892e-07,-1.20812468639275e-06,-2.26184604241711e-07,-4.60232198399518e-07,5.78481932269746e-06,1.51110907465228e-06,1.61114472536688e-06,-3.63725060229734e-17,3.69787414963641e-06,1.72592994034797e-07,7.91819758625271e-07,-2.07706936693897e-07,8.19390918289662e-07,2.07469383084749e-16,2.17747639678767e-16,7.18814822752446e-17,-2.74185772615107e-06,-3.43808277429554e-08,-2.2287731525731e-06,5.65571627172015e-17,-2.63592179077817e-08,1.23526597390894e-15,-3.25849664940321e-16,4.40217746998389e-06,-1.10378047594364e-06,-3.38271077815477e-16,-0.00180285966189962,-1.12739074242262e-07,-4.35751344454954e-17,2.64301095252692e-07,1.60176655442662e-16,3.59262262724638e-06,6.46137626790659e-16,3.58429723821051e-06,8.12771930036557e-07,2.94344554151774e-08,1.05819951041128e-06,7.26752936332099e-06,-9.51891292451205e-08,2.92367840844616e-06,-7.24848960355521e-16,1.72832228144998e-06,-9.75490266315044e-08,-5.3710529365535e-16,-1.28510404425946e-08,-2.61866909355258e-07,6.08371239396795e-08,2.19162889625206e-16,1.95110609347362e-07,2.58099970626646e-07,-2.12827786162297e-15,-7.17267435676843e-06,-6.23716069495102e-05,-7.40515311933769e-09,-5.36446781984308e-16,3.61393418719523e-16,1.32368443126189e-07,1.5425679937684e-06,1.24788918537872e-07,-5.26570083952983e-08,9.1179074600825e-07,1.88902724128478e-15,1.77066126729773e-15,3.32795854343366e-06,2.29387198566935e-08,-4.15523219691222e-15,8.03925518061546e-06,-2.46610233695467e-17,1.09376184906774e-07,-1.53705189307262e-06,-8.98048880329721e-07,-5.95280768069363e-06,7.30539467878312e-16,9.36755594307947e-16,7.14102988597599e-15,-2.86437165699564e-15,-1.2577738642746e-08,-4.36256047754247e-08,-3.20740162689619e-15,-4.70270205236617e-15,1.88848818640165e-15,6.13916825749538e-08,5.51649327330402e-10,-3.03671762520923e-08,1.25283893862322e-16,-9.14632952708772e-16,-3.86409654273834e-16,-1.30162909106398e-06,3.98290117229127e-08,-2.9884563902182e-15,6.98598042979292e-09,-1.827285209427e-07,-9.23363276873011e-15,-5.41804383561998e-15,-4.7864993626842e-06,-1.29259867478775e-09,-2.3703645426455e-06,0.707106781186547,7.03273579438294e-08,1.1347426218502e-06,1.21720372992951e-06,-3.79262805211411e-06,-2.6944227152705e-07,4.38555303802192e-09,-1.17909187518893e-14,-3.19352321631745e-15,7.04093649040007e-15,8.33170818400069e-08,-7.54358777034836e-08,-1.07609266513358e-06,-2.23584742681619e-08,6.65138296766462e-16,-1.7581013027584e-15,-3.27403994427855e-16,2.56422765313316e-15,9.87145307638966e-16,1.06670717906147e-07,-1.54785887641468e-15,-2.27536969114253e-16,-6.52839763349211e-07,-4.43504474395877e-16,-5.84391879947501e-07,-2.30923844386969e-15,-7.24491892616824e-07,2.44234660637238e-16,-8.76938419083203e-07,-1.09735433283077e-07,-2.64850758998831e-07,-3.71234280538226e-17,3.52129315011884e-06,-3.94198952026849e-16,1.46255132444159e-06,-2.32540668322793e-07,1.28688919447553e-09,2.16353996559443e-15,1.16361905221738e-05,8.27061556690519e-16,-5.09831578218372e-07,-2.60256394620771e-07,6.523313516909e-17,-4.47290658605281e-16,-4.21729807413422e-16,3.5245649580514e-16,-3.29721184389484e-08,-4.29330930526229e-07,-9.58593458227193e-08,7.88365555116113e-16,-8.80000489277063e-17,-2.68532791763012e-08,2.19046527027977e-07,1.03213672098904e-15,-3.71515300615369e-16,-7.16678407365378e-07,7.12149442610922e-16,-3.09284205736454e-06,2.67432123406387e-16,7.74425660147445e-07,6.42685242491346e-16,-4.48608136089018e-16,1.09295501072999e-16,8.00251900573086e-16,1.80214070633782e-16,7.0795089596528e-16,1.4876819048221e-08,-1.04042378157642e-07,-4.33425064824506e-17,-6.90660518217754e-08,2.90158057187384e-06,3.03490466044941e-17,-4.70033442749337e-16,4.73897949539937e-16,-2.52521498287723e-16,9.75277259096854e-07,1.55957488839669e-07,8.72333027510117e-16,-4.1104194314024e-16,-5.19339968588965e-07,-1.67749548364179e-07,-2.53962371593375e-09,-5.75147783116656e-16,2.75379365657376e-17,-3.5434925832018e-16,2.62855644922613e-16,1.30239383527934e-15,-2.27765635428633e-16,3.73266325717162e-06,-3.99873633407436e-05,-6.77423453537097e-07,6.01452289096542e-16,2.55361720777003e-16,-2.01009978849693e-16,-2.06222360623741e-16,2.79061606310516e-16,-3.58856494743942e-16,-1.22637737501998e-16,-1.83931703830475e-16,-3.24939693036722e-16,9.04646515665943e-16,2.49524357356065e-16,-4.24893990063803e-16,-4.87807566967535e-16,2.19750263084019e-16,9.87792116365264e-09,2.34021293329679e-16,-4.38131620529651e-17,-1.58856512135558e-16,1.39805727064889e-07,-6.33014480716453e-08,-9.51558219539221e-17,-3.60799664688573e-09,1.27737345165987e-07,2.0862287233805e-16,1.10731933876871e-12,-2.46256158490454e-07,-6.00627285871632e-16,3.14348944032808e-09,1.21087463017272e-16,-2.72970956746568e-16,6.56663770097169e-17,3.11910830423786e-16,1.15469241014304e-07,-4.22175842006574e-07,-9.42542558763192e-17,7.40228172484814e-16,-8.44021883028958e-17,1.01370637304749e-15,1.35742111995185e-16,-4.97745923467309e-17,1.39303490196844e-16,-2.38847625687588e-16,5.07099241684973e-09,-4.81683995003361e-17,3.00954147850558e-16,-1.83522411774499e-16,1.53558718056242e-16,-6.65814589567054e-16,1.63390794871382e-16,-1.10203082281687e-06,2.66268668269233e-16,-3.72255196955609e-16,7.45437620825891e-08,-6.35881613252489e-17,-3.80625655124604e-16,-4.89230335624042e-17,-2.39992254756272e-16,6.21019814171672e-08,9.16314216949056e-17,-1.71783125496861e-06,-9.25379072360602e-17,-1.30346107705581e-16,2.50460747196658e-16,6.18672864674541e-18,-1.53153599723907e-16,3.73851010950569e-16,6.20364606774042e-08,-4.18534015898125e-16,5.58177019344382e-16,9.36277493255207e-09,-7.74069132784708e-06,3.67188488117668e-20,1.59339030116036e-06,7.93854632162091e-07,-4.66634071249347e-17,6.74463650879485e-16,1.17212993047626e-16,-8.41728435943735e-17,1.47006168107677e-18,-1.33101713002246e-06,-8.62963833840721e-17,1.12213600443318e-16,1.94980132015395e-16,5.32634968385445e-07,6.85379037694463e-16,7.64096299464156e-16,-6.93889609216109e-16,3.0273136750336e-17,-2.42529699450909e-07,-5.00240732016906e-16,1.94934195699268e-09,3.32863650765888e-16,2.90664666898568e-17,2.19861077022848e-17,-6.09586791392929e-17,2.21844944467017e-17,8.42922544792722e-17,1.79551558693501e-16,-3.37976314273223e-08,-1.96049403871812e-16,-2.20122172096364e-16,1.4206435134102e-08,-2.24955076223897e-16,6.5747793814043e-17,4.49704615766906e-17,-2.52589940823239e-16,-1.89451433586021e-16,-1.40734946575999e-16,-1.02932334994878e-07,-2.5435995152185e-16,-4.4588147890511e-17,3.06430190986614e-08,7.20709799299512e-16,5.93748951098942e-16,6.75926066981659e-17,-4.63293878319216e-17,-3.22342325925481e-16,-1.18521198676499e-16,-2.2441731136885e-17,6.05261440340442e-17,4.29229763782906e-17,-8.48050137116833e-17,-2.37980060944947e-16,-1.60627720490884e-08,5.32596589693055e-08,-6.82111169663011e-17,-3.2152157967338e-16,-1.60762325752671e-16,1.0567682004854e-16,1.97758476261356e-16,-4.34758774176069e-16,7.1604564043586e-17,-1.02222929049738e-16,-5.07392611928746e-08,6.87108501665448e-17,2.37312944115658e-17,1.36427996820719e-16,1.69363367568876e-16,5.9044369717146e-09,-2.52309239252672e-16,-9.35888820723244e-10,-6.0551016651657e-17,-1.57748695034928e-16,-3.59867984885589e-16,-7.0702074799865e-17,-1.03929998564286e-16,-2.70155045654603e-16,9.35362074998722e-17,-4.63151793091449e-16,-8.35314662372963e-18,-1.11582209473763e-16,1.33443472125121e-17,-2.34304037871916e-16,-5.36921684129695e-17,-4.21129711910396e-18,3.58302056191722e-17,-1.33452479903148e-16,1.48009036743929e-16,4.47653287250889e-16,-3.17680384541937e-16,-2.16704187941449e-16,-2.70183181383388e-16,-1.77693248848115e-16,2.81632083734639e-16,-2.04411654075855e-16,3.67064875712609e-17,1.65952257187833e-08,-2.29324262885984e-16,1.21138687384202e-16,8.96888122421904e-17,-6.07752271272487e-17,-2.09721488644981e-16,9.77581963526691e-17,-3.2686686148889e-16,-2.81924403435061e-17,6.37744619485194e-17,-3.70489701176423e-17,-1.6826817716975e-16,4.8717529137874e-17,-1.00746011578549e-16,4.12867743410561e-17,8.60240138453664e-17,2.15978555837776e-16,-5.85823552318441e-17,-2.13308442010871e-07,-7.0559050681648e-17,1.04768725007739e-16,2.63621571839487e-17,-1.76821966172662e-16,-1.02106604995651e-16,-7.23357908833958e-19,1.21224723715348e-16,4.24489602447013e-17,-1.83969596351125e-16,1.33041126528802e-08,2.86978289770175e-16,6.50920343323594e-17,-2.06022013122886e-17,-4.21904667499407e-16,8.10865253223475e-17,3.21094545444079e-16,-5.60934352415846e-17,-1.51984770880771e-16,-1.12669066632747e-16,-1.67324304121525e-17,1.9516994614122e-18,-3.78479024472532e-17,5.8589960911637e-17,2.27443206501486e-07,-6.52820716551318e-17,1.77760376688221e-17,-4.85752292712559e-16,-1.73472347597681e-16,-1.83793590435898e-08,2.19769225581719e-16,1.52177826277991e-16,1.30999621059158e-17,6.19296630054869e-17,1.61623327033607e-17,2.92547826322489e-17,-2.85567703758921e-16,7.60574861534704e-17,8.75247894381315e-19,-4.7386791159206e-18,5.00678375505254e-17,7.28643088652438e-17,2.0301340112849e-16,2.65551145976908e-16,-8.7576570240745e-17,2.04556669839418e-16,-1.30854132005311e-16
"t739",0.0292539509717699,-0.00605530052349675,-0.00642516186095496,0.000236427469480329,0.000674381422602316,0.00440459586010504,0.000807127164507045,4.92280238306349e-06,-0.0121443782357433,0.0202552356504922,0.00759266944063834,-0.00444445771629743,0.0101249533909781,0.00230772917584837,0.0779155256683983,-0.00247864316205903,-0.00184552142920336,0.000246383766187042,0.129224881030662,-0.0791050976801797,-0.00108987018029525,0.000175877334164054,-0.0154629626528526,9.64000748827909e-05,-5.42855448175342e-05,0.00261815957733478,-0.0108020894036339,0.000164515908853246,-0.00195668741571433,0.00771385087651364,0.000621305891359181,-0.0201266504529709,-5.96380384387911e-05,0.00410957853745815,-0.000469467856668964,0.254357212164398,-0.000184038060959224,0.000155434385583688,0.00502713696704475,0.00100693579813713,0.000506846654698336,-0.00363344754805644,4.86209468888028e-05,-0.00269612682964936,0.000116389354083594,-2.27599087632699e-05,4.17099968933439e-06,-6.20167899133049e-05,0.00296588651331731,-0.00518183571756559,5.43501744019266e-05,-4.92035234289502e-05,4.09101838045194e-06,-1.74782611827122e-05,0.000361948348844612,-0.00108353457927226,0.000136288616294684,-0.000453384183595359,0.0036254660505409,-7.33723093005595e-06,-6.80513378174918e-06,0.0076500791550856,-0.000180101226980089,0.00013535529623276,-0.000411685476786966,2.67315939377587e-05,-5.11894730363627e-05,0.000488180064398228,-0.000117147007966533,0.000521517006702495,-4.209712296254e-06,1.07737515707834e-05,-3.67719209434875e-05,-2.32086511846892e-05,9.71881957242961e-06,2.85758572551963e-06,-8.27055271668898e-05,1.18379269939723e-05,-0.00117792987063287,-0.000438634185654316,2.49391868495019e-05,0.00191145467232634,-0.000857149604032139,-8.34387421856788e-05,0.00021460716246445,0.000166080601919587,-2.49284815985254e-05,-0.000148651413520863,-8.50617855539548e-07,3.29509236170686e-05,-0.000272379791804801,1.80460425415474e-07,0.000124432437303129,-0.000108229212538055,-1.78763288069219e-05,-2.49187374165871e-05,-2.92776714889748e-06,1.52883462202629e-05,-0.000169210359291728,-0.00136602670176966,-9.16353581170384e-05,6.03567307220293e-07,-0.00012604550802594,0.00161695160737557,-5.62595791889542e-05,4.25885929569783e-06,-0.0011413940902042,1.43903275850857e-06,-0.00061967463935483,5.59466305654916e-07,1.85691495957028e-05,3.6373125747352e-05,-1.12671757425708e-05,1.17224607283945e-05,-1.03060899693294e-05,1.3682904631487e-05,-0.000589285989447339,0.000632058692520397,-0.000254549196528725,9.14028613860011e-05,-5.27039894630369e-05,0.000113561719743224,-0.00100886447052657,-0.00191883551758335,8.80529354416182e-06,-0.000202228824074926,2.11972476673351e-05,-0.000504231134738357,0.00101071765410475,0.0356077640450281,0.000290107906640311,-0.23729743376583,-0.000367500358410942,-0.00226830113782852,1.94946870842592e-06,-0.00116802863766982,0.000351317215793389,2.73157019693762e-05,-0.00049849318035919,0.00049919332918912,0.000300897296392879,3.18466826159359e-05,-0.000258067327574333,-1.56099628762711e-05,-8.99844902202542e-08,1.69947083350812e-05,4.14003298481847e-06,-4.80846789169279e-05,-2.84774637270748e-06,1.16920470959115e-06,1.41902370133246e-06,2.38644552784705e-05,8.94191569150322e-07,-0.000173303336946023,4.14113024764846e-07,2.4369719860831e-06,-3.43801097777071e-05,4.15796351242035e-07,-3.74232197656048e-07,-1.79374575089657e-07,-5.43449757888536e-07,8.83257734014891e-08,-3.8343864028497e-06,-1.45161321375784e-06,1.22382781244309e-06,-9.70744714280094e-07,7.48675071782025e-05,1.28733643167271e-06,6.40983399914815e-05,1.61780742625328e-06,-2.91964767135887e-06,-5.1643220369168e-07,6.38850961226509e-08,8.24792863666124e-06,4.21064415702965e-07,8.61907406174214e-07,3.78577595811466e-08,-1.48838553814092e-06,-5.22500167995734e-05,-6.95821314238064e-06,2.79913512397121e-05,7.48262384647449e-06,-1.5538660875666e-06,-6.14381507372081e-09,-1.84780628212983e-07,-6.01433031365082e-08,-0.000289521559965973,6.97959237372574e-05,0.000313278536800695,-6.76245819020583e-06,-9.33151486212768e-06,1.82163351298361e-05,1.96946123704998e-05,2.94922805547003e-09,2.98393839848582e-07,-2.94923062813896e-05,-0.00930390209267984,-4.36026228214459e-07,1.85925964640568e-05,1.08447973625809e-05,1.093098479387e-05,4.92332506600352e-05,-4.02767238957292e-07,-3.41109594980747e-06,-0.000179367558761865,-2.41892519184722e-05,0.000168167059768014,3.1295069925389e-05,-0.0585928078645223,2.83306775644609e-07,0.00369336693905069,2.9526192202845e-05,9.22136588699002e-06,7.02072941936774e-05,5.94010947800037e-08,5.91455952960557e-07,-1.16285641539973e-07,-6.88230646543074e-08,4.17350261428829e-06,4.11686370556173e-06,1.71535665275368e-06,-1.36899399500034e-06,-2.73197497396209e-07,-1.03850073177271e-06,2.17291939279311e-06,1.15010087355877e-07,1.06922992203277e-05,3.83895855282225e-08,2.09094657806208e-06,1.10455383862202e-06,-5.85872778113204e-08,-9.44643998894979e-09,-1.80961425753646e-07,-7.44221778914041e-08,4.57231278146472e-09,-6.49245656033222e-12,-9.13817314167686e-08,1.2550248273701e-16,-1.61276969794515e-09,2.43390353774076e-08,-5.33596244536631e-09,-1.02593415629088e-08,-6.34474287418403e-08,8.00719122073351e-10,3.58585060290809e-08,-2.09836912532532e-08,1.60030096566492e-08,-1.72122177735433e-09,1.39030715660857e-08,-6.18097927607183e-05,-2.39271320788089e-09,5.56452415060252e-08,9.10489953265903e-07,-3.68454075731955e-09,3.07354698116102e-10,-1.75224955027799e-08,2.33418870228064e-08,-3.75918965385795e-07,-4.20951778251639e-06,8.98130701730932e-07,-5.79764483230467e-07,3.97627716521288e-06,-1.3668808260621e-05,8.88243330198316e-07,-3.63901353479164e-06,1.24759349357559e-06,-1.57795213037083e-08,-0.000129268413943159,-4.63721722023307e-07,-2.15993788487286e-06,-1.88403468775418e-08,2.10079826066483e-06,-5.7835055497208e-07,1.41900527216477e-06,-2.47032681896758e-06,5.17734951027276e-06,-4.94511607305156e-06,4.38512645419498e-07,-0.000154350989822699,8.81743748450137e-07,-0.00220658675693726,2.55232026325578e-15,0.105960871142746,-0.000123488089907809,-8.85998093693633e-10,-2.79877734496752e-06,2.68433417703261e-06,-1.43072492577566e-06,-3.80037010959535e-07,2.42106802834959e-08,-1.04981217796471e-06,3.9382533387469e-05,4.56622855341938e-06,-7.45443718939575e-08,6.23379523829769e-05,-4.36678662932685e-05,3.06226381765394e-06,-1.36800531501661e-05,4.72716217917064e-07,6.79453145047516e-07,1.25899336094248e-08,1.84662605148141e-05,-1.34554583954374e-06,5.10358240020115e-09,-1.20946474810181e-06,8.61412436819482e-08,-2.50620528966266e-07,-2.02881441706735e-07,-7.40712701643109e-07,-1.30014595300308e-07,4.66786303201004e-08,4.21209284887474e-07,-5.61138443961489e-08,3.18089144124765e-07,-3.43447492844e-07,-3.61914256154761e-06,8.85916996003248e-06,7.83376940006942e-16,-7.12024047786913e-08,-1.16447001496043e-06,1.22188180444287e-07,-2.45986655216697e-05,-7.71060301921718e-08,-6.63980695156852e-06,-1.62642840973874e-05,6.40086420469877e-06,-3.10533817875423e-05,6.21081849267347e-16,0.000114796987937578,2.71427613766139e-08,4.46703525964221e-06,-5.35387123147769e-07,-1.23631523476881e-05,3.38301175460112e-06,0.00016292005798082,-5.20207457292649e-05,1.01976643603037e-05,-0.00112748457235109,1.24200808451331e-05,0.906551847801108,-2.61452164004293e-06,-1.36775355485952e-07,-0.000669879382667786,7.20620936016077e-06,-0.000423413569599685,1.82719434738003e-15,-1.39320683071564e-05,9.89852436582978e-07,2.85008617504436e-08,2.01255153864901e-07,-0.000248487181624937,-0.000383625349378937,4.55354690815878e-06,-1.6389049971632e-05,-8.81269705235061e-06,-1.40711693912269e-15,-5.38583813112167e-05,-5.25451667118646e-07,-6.27828743721912e-05,6.33061514371749e-15,3.18996466048888e-05,4.01407006994291e-06,-6.09925724165471e-07,-8.82512160503191e-05,-2.86876731896872e-05,-1.50427196174659e-05,-1.34984995529041e-05,1.43737706253197e-05,2.90184955039276e-06,1.57136017755476e-07,2.92825487639171e-05,1.06499787679049e-06,2.05825910062758e-17,-3.97816467959332e-07,1.45785269867731e-05,6.15920693416153e-06,-3.13201451983968e-05,-1.71912272632583e-16,-7.25213859598608e-07,1.26174701664625e-07,-1.16623192337562e-05,-1.97861472208112e-07,-2.56090333054433e-05,6.78193846191637e-07,-8.73015285359376e-06,0.000501226702502094,-1.86585869221655e-19,0.00170277811711875,-3.36402204341533e-07,1.66582490814621e-06,0.000162011147727717,-2.84438289670321e-07,-1.1150476846557e-07,-4.48252546192407e-15,1.13073936591634e-16,-1.08801834376351e-07,-3.50925520197463e-07,4.62507035046371e-08,-1.82482258254957e-05,1.57717387307602e-14,-8.50356211874886e-06,-9.95846803638936e-08,9.30916977426268e-16,1.60030277875063e-16,1.76493179258222e-16,2.06259208371218e-05,1.55730979270405e-06,-1.70520495673805e-06,0.000592631895987237,5.65461113069481e-06,1.27773228088298e-06,-5.5485653383039e-07,5.10442745581168e-16,-1.20709281659055e-07,3.37393456390191e-07,-1.91984722691578e-15,3.34842794663086e-16,-2.07607021912642e-07,-4.31669975472398e-09,-1.21460834864752e-07,2.54626826039797e-05,1.18056210480853e-07,-1.71002932908419e-06,-2.13279153430603e-16,-1.65980175896234e-06,6.10082114772701e-16,-1.94430481174676e-05,-1.23468943402649e-15,-1.30515666524018e-07,9.45076230693719e-16,5.33550509481556e-07,1.40367386808026e-07,2.2303870827331e-06,8.46310110933996e-06,3.73428034468913e-07,-4.27252860088666e-08,2.69949425527566e-07,9.55183293448461e-08,1.74423609815303e-05,1.87464533060183e-05,9.29753573225206e-08,-2.60291464711865e-07,-1.71399690136097e-05,-1.38535109790898e-06,-1.23167422218096e-07,1.61311125566133e-16,1.14740147668209e-06,-1.96894057355527e-07,1.00638065413677e-07,3.66729710706677e-16,6.76941923844226e-07,5.29319396824034e-06,1.69165368300328e-06,-2.21592879662066e-16,-4.09576252522497e-07,-8.34987803130867e-06,-1.2544550493659e-16,-2.86165555958786e-07,6.33281135766913e-07,2.36052569753032e-16,-1.51565825823984e-17,-2.31970329471667e-08,-4.77475050172573e-06,-2.7178566451997e-08,-3.76690555235951e-05,2.89618208718302e-06,7.63293029381398e-08,2.82739127227657e-06,6.79291470654823e-07,-1.69818583545664e-05,8.4220824758674e-16,3.1332737709012e-09,8.30845852184192e-08,2.29114654269799e-07,2.14309477020808e-05,-2.41976789302739e-16,-4.21731232175848e-17,7.04654899758873e-06,-3.66477651540164e-17,-1.46777266032505e-15,8.71902547757346e-07,-1.28421662710714e-06,-2.40439037389739e-07,-4.91314310003624e-07,6.17959827998026e-06,1.61446701894006e-06,1.72300117679839e-06,3.08970161934656e-16,4.00855113753277e-06,1.87817725192885e-07,8.62847774839755e-07,-2.28063760194259e-07,9.16052808194711e-07,9.86091242649736e-16,-5.33717802217498e-16,-1.14018569618097e-15,-3.19303714791308e-06,-4.11253027181806e-08,-2.67232061365525e-06,-5.05362196105107e-16,-3.27485231349612e-08,-2.05987995143533e-15,-6.01153891989839e-16,1.03546887412226e-05,-2.67359163692147e-06,-2.47232789796215e-14,-0.090759938962649,2.07366060612464e-07,6.11089122179669e-15,1.46789363296645e-08,-9.32387293369827e-16,1.61512099810784e-06,2.18481665057743e-16,1.6778921126213e-06,3.91369839898179e-07,1.45918538454324e-08,5.43989369053567e-07,3.9972191583968e-06,-6.11100686958958e-08,2.08295443780555e-06,5.39171803773309e-17,1.31400025034646e-06,-7.45225443232916e-08,2.06342759158188e-17,-9.87649486617247e-09,-2.03233541338348e-07,4.75832094402394e-08,-2.66835157769138e-16,1.55804946946208e-07,2.06785060950018e-07,-1.02065449501356e-16,-5.76993073413234e-06,-5.02676018360333e-05,-6.00573295990173e-09,-3.27028737560718e-16,1.001938277292e-17,1.08606117293883e-07,1.27055294362181e-06,1.0285857158228e-07,-4.39049876429929e-08,7.61241376033552e-07,1.82111378652576e-16,2.27758345568291e-16,2.78078567942599e-06,1.91691560170695e-08,6.52854327451462e-17,6.72673621940767e-06,4.07867138138619e-17,9.16201645776106e-08,-1.2892410429798e-06,-7.53326592847685e-07,-4.99516062529068e-06,-1.00129275688239e-16,-1.29717209490989e-17,-7.64428894853251e-17,-1.06187538678902e-16,-1.05796993216674e-08,-3.67011590710835e-08,-3.95324604723181e-16,3.23957700494953e-16,-1.38787574343717e-17,5.16740102891105e-08,4.64424920738385e-10,-2.55780456770976e-08,-5.89083881019568e-18,6.77409517368943e-16,-2.35271871429354e-16,-1.0975509688743e-06,3.35851497606986e-08,5.33256171031099e-17,5.89208503694645e-09,-1.54125551603875e-07,-1.59231978266611e-16,-2.6537052073407e-18,-4.03760583453219e-06,-1.09036133226163e-09,-1.99953275591725e-06,5.90525043289256e-16,5.93232977557371e-08,9.57150633956136e-07,1.02661831109907e-06,-3.1982619076682e-06,-2.27204172600906e-07,3.69766054249656e-09,4.22271230349273e-16,-1.9485576360725e-16,-1.13205434406911e-16,7.01898471820332e-08,-6.35494122163972e-08,-9.06414616251919e-07,-1.88194056399898e-08,2.24287928510487e-17,1.13482715973522e-16,-1.42536808336265e-16,1.83497386720308e-17,-1.71059114869851e-16,8.97089142312515e-08,4.01592655473727e-17,2.11393018318169e-16,-5.48832539567765e-07,-8.20060087528556e-18,-4.91279778643574e-07,-1.57429834352171e-16,-6.09037212817279e-07,-6.36262242024279e-18,-7.36703296566178e-07,-9.21721947787525e-08,-2.22405245469058e-07,2.93098586843591e-16,2.95603154500175e-06,-7.43527181237473e-17,1.22690012218864e-06,-1.9488519208888e-07,1.078456555575e-09,5.15370479718338e-17,9.74761125079893e-06,2.66785276226657e-16,-4.2680948259005e-07,-2.17868709752006e-07,1.03044203987348e-17,-8.44115840030679e-17,-1.44601062332785e-16,-9.60053610315645e-17,-2.75870382051577e-08,-3.59159760198393e-07,-8.01782961132526e-08,3.83168966749114e-17,3.39926674620928e-17,-2.24422281692568e-08,1.83058194687738e-07,3.63459666724657e-16,1.3182392488003e-16,-5.98312907048719e-07,2.22958813217389e-16,-2.58145796165654e-06,-2.93497246736286e-16,6.45959437554056e-07,4.14738493319631e-17,-2.33783490380047e-16,9.74663883589996e-17,-1.82141102186492e-16,-6.26751315151297e-17,2.14048988393113e-17,1.2392453071582e-08,-8.66662007244264e-08,-2.11957300600576e-16,-5.75043380470821e-08,2.41537904775355e-06,-1.56607062213292e-16,-9.8312841024742e-17,5.91121721483537e-16,-1.06147470264907e-18,8.11166285527963e-07,1.29688573518626e-07,2.48329512491208e-17,6.78220520544576e-17,-4.31768512255074e-07,-1.39459479733768e-07,-2.11112360630215e-09,-2.44824868401525e-16,-6.66179224460346e-17,-1.27232319357433e-16,-7.62266704727526e-17,-3.52461663558541e-16,-1.21316774710847e-16,3.09794263992029e-06,-3.31827695561412e-05,-5.62064059555405e-07,1.46388811766118e-17,-2.25114822306229e-16,-2.00675294769806e-16,-1.67020979446394e-16,-8.96704316729595e-17,4.2884342351405e-17,-2.69865926130634e-16,1.53350621075339e-16,-3.32082125022399e-17,7.65561469407655e-17,6.48094927148941e-17,-2.65209771450245e-16,-1.3564642371635e-16,-2.29646694206359e-17,8.17535113149536e-09,2.14203075015636e-16,4.68880514826021e-16,-7.00240534528423e-18,1.15670272554858e-07,-5.2369353822371e-08,-2.50401215842284e-17,-2.98475808831967e-09,1.05629209849725e-07,-2.18836751121876e-17,4.75751719178555e-13,-2.03532210820437e-07,2.23667610059909e-17,2.596503142498e-09,-8.99964233628059e-17,-2.62963984689466e-17,4.48956092942557e-17,9.18286322121176e-17,9.52839377411257e-08,-3.48351812654626e-07,-4.30796613584055e-16,-1.01991178829562e-17,1.59084359642671e-17,1.57595661941416e-15,-3.47378376064356e-16,7.04788698843541e-18,-5.96860732146649e-17,5.71074270626281e-17,4.17008511338643e-09,-1.05962677330682e-16,1.3074703594991e-16,-3.167143989924e-17,4.42809790042235e-17,1.86856134781119e-16,-5.39323882491905e-16,-9.05588972708363e-07,-2.21363036184236e-18,-1.11882813309043e-16,6.12478495202672e-08,-6.02652315619181e-17,1.58231899720879e-16,4.13660231735633e-17,-1.0333447759393e-16,5.09458341873376e-08,1.30743857599247e-16,-1.40884469773143e-06,3.02787025727475e-17,-8.71438750880764e-17,-1.56823444847269e-16,-2.96915541198733e-16,-9.11403642055597e-17,-3.70767257213435e-17,5.08492012679151e-08,-2.25989455673287e-16,1.69140087172861e-16,7.67103261681458e-09,-6.34190211107444e-06,1.77205785663311e-16,1.30497000751034e-06,6.50082953100737e-07,2.34939713868197e-16,-1.26331926859524e-16,5.69036999853949e-17,2.00334280360735e-17,1.54780120221552e-16,-1.08809700739338e-06,-9.87757619324131e-17,1.72435059178145e-17,-8.04788094946729e-17,4.3523458799184e-07,-1.80095012606062e-16,2.41061237160991e-16,-8.10031751130303e-17,-2.67330454648173e-18,-1.98065078924286e-07,-1.83219947861696e-16,1.59167296297562e-09,-9.0362968094076e-17,3.6573705124587e-16,4.7359076165644e-17,1.25798620387087e-17,-4.57103078483643e-17,-4.37880725031373e-17,7.72252656647741e-17,-2.75705168144108e-08,-3.38423321277429e-16,1.78998984944035e-16,1.15862580503801e-08,-2.17194832369998e-16,-5.26115980912989e-17,-3.93161352518104e-17,4.45250923985279e-17,9.42409754837238e-17,-9.13907604406017e-17,-8.38870942104189e-08,3.48900888815902e-18,3.86760227223059e-16,2.4965165902072e-08,-4.37407232492981e-16,5.34380108161656e-17,1.22676116425759e-16,-1.85876029108367e-16,-2.30988309423862e-16,2.59228412335644e-17,3.79542638991297e-17,-2.30662770975188e-17,1.31042131839229e-16,5.36426669876842e-17,5.61210517701681e-17,-1.3070978653981e-08,4.33335652347e-08,-5.35198075735551e-17,5.25434036211263e-17,4.00208288278454e-17,-2.14209533059964e-16,1.31838984174237e-16,3.64510367978111e-17,4.78534095561894e-17,6.34605994631876e-17,-4.12524772448495e-08,3.81325392126793e-17,2.34097358983973e-17,-6.79007541276154e-17,2.24855330296585e-18,4.79748899516112e-09,-4.56374290187005e-17,-7.59900398195485e-10,-4.01959570983438e-17,1.26574953039879e-17,-7.15260823239385e-17,6.55720087808123e-17,4.86484037358176e-17,1.3980417154877e-16,1.68465535403618e-17,8.23809505503523e-17,-2.86334374109769e-17,-5.38360932686382e-18,7.87120713173314e-17,-5.58875274320589e-18,1.55599241676344e-16,-4.29223977090053e-18,4.34670031729697e-17,3.34280463128556e-16,1.11553569257734e-16,-7.01610527162265e-17,3.23160089912873e-17,2.10934612347216e-17,-1.17527515497429e-16,2.38902159357763e-16,1.30522800723355e-16,5.44510950402273e-18,4.65675747428126e-17,1.34405435288358e-08,1.79131339699733e-16,-7.17607094439786e-17,2.29170391467855e-17,2.84048332887469e-16,2.01535028332278e-16,-4.01823045365949e-17,1.17754456810935e-16,-1.92584058506165e-16,9.35738571423334e-17,1.1973245279069e-16,-3.1788807697275e-16,-9.96935855545131e-17,3.21215423334624e-16,-3.45211362953966e-17,2.17042096325197e-16,-1.60438870818583e-16,1.39704636092168e-16,-1.72471184168195e-07,6.7572257059535e-17,-6.54567750490677e-17,4.98732402958938e-17,-1.59321860441653e-16,-3.53665382004462e-16,-6.10337743014927e-17,-2.70333082811037e-17,3.11698712171576e-17,4.60342292705699e-17,1.07389469392938e-08,1.49768226888481e-16,2.17972986943845e-17,-1.83770334026558e-17,-6.30857407659363e-17,-1.08441950776522e-17,-6.1739349231346e-18,3.7180640526587e-17,3.90829032375362e-17,9.09065214832022e-18,-3.01991896580207e-17,-5.54541522193758e-17,1.80430830239889e-17,1.62205668985687e-16,1.83285743132308e-07,-1.41691924898819e-16,6.93952683134842e-17,8.84387572917401e-17,-2.33320307518881e-16,-1.47998096534242e-08,8.22273937183163e-18,-7.99684590958154e-17,1.89605617933146e-16,1.39617848264991e-16,1.24214489324872e-16,-1.40645284238256e-16,-3.23739157518316e-15,9.26508507295256e-17,-2.1440754479486e-17,-1.36294867161145e-17,1.5837825237535e-16,1.51692554027081e-16,-2.38264670830331e-16,-7.1407114326941e-18,1.19934573729364e-16,1.7311287827296e-16,-1.81604676812928e-16
"t965",0.0293014668725473,-0.0060760610487656,-0.00644790516785493,0.00023755029720285,0.00067830641744587,0.00443469799555536,0.000812752237489038,4.95985694807072e-06,-0.012252464805476,0.0204741758612404,0.0076970415874204,-0.0045199314357385,0.01030199081637,0.00234870002333008,0.0793600244312203,-0.00252735070433327,-0.00188266782274102,0.000251434308567134,0.13193620111231,-0.0809109050446612,-0.00111682241433254,0.000181149349425817,-0.0159531488637804,9.94739453306567e-05,-5.60235241078193e-05,0.00270609211774541,-0.0111692997258273,0.000170160197142622,-0.00202567374055991,0.00803679366364603,0.000649111090442386,-0.0210700361237936,-6.26441823134826e-05,0.00432700881927795,-0.000495637280253833,0.269728998996538,-0.000195308890544547,0.000165113071911335,0.00534241653485924,0.00107107908427714,0.000540115400568538,-0.00387806795630323,5.19461020716607e-05,-0.00288075178748642,0.000124507150038368,-2.44554309229621e-05,4.48786852764662e-06,-6.67713855212302e-05,0.00319909386321603,-0.00560039850749189,5.88975040953822e-05,-5.33872213378347e-05,4.43968922336002e-06,-1.8997774779022e-05,0.000394640116759962,-0.00118196053985593,0.000149959800955007,-0.000500063837503776,0.00399988793357741,-8.14349194958378e-06,-7.58763805569975e-06,0.00854931460048202,-0.000201647755599026,0.000151620133512587,-0.000462779840563072,3.01451266884396e-05,-5.81380960720963e-05,0.000556242182140292,-0.00013368050358108,0.000596744162807074,-4.88787187680504e-06,1.26527784146523e-05,-4.32620312679878e-05,-2.74057515395104e-05,1.14817185068389e-05,3.38134221137135e-06,-9.7926942800329e-05,1.40608836117299e-05,-0.00140923317073583,-0.000526308965311164,3.00755383066802e-05,0.00230766640106275,-0.001043245814068,-0.000101804977440543,0.000264659721989622,0.000205420767456418,-3.09260029615495e-05,-0.000184505217223202,-1.05591606540445e-06,4.09167843388597e-05,-0.000338616171198846,2.2681557864182e-07,0.000156554384472561,-0.000137108040838412,-2.29200752672783e-05,-3.20080339244761e-05,-3.76102909602491e-06,1.9731529053419e-05,-0.000218768576620843,-0.00177786075150171,-0.000119914351780187,7.90215505428455e-07,-0.000165114736354412,0.0021722254594758,-7.57256881839719e-05,5.74110512099408e-06,-0.00154279272432628,1.94657044842292e-06,-0.000839352309059735,7.59340728346495e-07,2.52198675935922e-05,4.95961833991341e-05,-1.53705118095067e-05,1.61605305147063e-05,-1.42401009511275e-05,1.90003072407571e-05,-0.000820132445718281,0.000885139274777708,-0.000358626526737113,0.000129366059937882,-7.47893921314637e-05,0.000162623389684838,-0.00145334459850479,-0.00276485854461698,1.26985084032326e-05,-0.000293450516545045,3.07748165323876e-05,-0.000735994264686206,0.00149841107748025,0.0527985568948382,0.000430717846142047,-0.356083894078045,-0.000552626686279501,-0.00341616652341629,2.95454392069761e-06,-0.00177177722535716,0.00054016481240614,4.24668315541717e-05,-0.000787018916219618,0.000788471132408539,0.000476536098687696,5.05050730181716e-05,-0.000410166910545124,-2.48310908232292e-05,-1.4314180830793e-07,2.71988358953546e-05,6.70754791752256e-06,-7.88996048033828e-05,-4.68768123000153e-06,1.93834500059432e-06,2.35383961729244e-06,3.9693927202285e-05,1.48971348444189e-06,-0.000289252470613392,7.03086276442236e-07,4.14899867204944e-06,-5.86482540218105e-05,7.42827653304067e-07,-6.76435118611106e-07,-3.24812318360475e-07,-9.9405772839548e-07,1.61899505541573e-07,-7.1217116813446e-06,-2.70049298536175e-06,2.3068539809678e-06,-1.85360893370372e-06,0.000148610149870487,2.55892622426488e-06,0.000127458699472508,3.23462934444962e-06,-5.8753125210475e-06,-1.04020671980508e-06,1.30356716582034e-07,1.68991853833874e-05,8.70491650468114e-07,1.78583487630386e-06,7.85291750132532e-08,-3.15415287497708e-06,-0.000113277087012237,-1.51456377902046e-05,6.11611879617683e-05,1.6537522215202e-05,-3.44955822761695e-06,-1.3699111786794e-08,-4.13730515335244e-07,-1.36580188009268e-07,-0.00065981483105226,0.00016413219733743,0.000737488281765629,-1.60925514547944e-05,-2.28960237750559e-05,4.58906411473912e-05,5.00794944671074e-05,7.6057733861206e-09,7.7779905408188e-07,-7.94313697459013e-05,-0.0252410997713637,-1.20155170646205e-06,5.16438308010722e-05,3.2113964127413e-05,3.24710221352528e-05,0.000150527055090058,-1.26813692205722e-06,-1.15776560489344e-05,-0.000609014907654809,-8.27315168310152e-05,0.000588359178207099,0.000111270429183415,-0.21777872436439,1.1162654551443e-06,0.0152985355381404,0.000124280691268411,4.189439118707e-05,0.000333811319659083,2.82779895326456e-07,2.9223722989139e-06,-6.3633889695219e-07,-3.84621038971991e-07,2.63359485987416e-05,2.8560803507156e-05,1.23269621121948e-05,-1.15615714996998e-05,-2.4085784356899e-06,-9.62036227132772e-06,2.38493385450326e-05,1.31161836744992e-06,0.000123119597707504,5.63324161136169e-07,3.68918606418068e-05,2.52133770536442e-05,-1.54459953483167e-06,-2.9689512629214e-07,-6.94224296780782e-06,-3.04586679703274e-06,4.93980951393471e-07,2.26292887993695e-08,8.53811615201001e-06,-2.61637647881424e-16,6.25562605810606e-08,-8.44674862304773e-07,1.06799684728023e-07,1.54341615565445e-07,7.90936012981933e-07,-9.87965232146593e-09,-3.35326280028146e-07,1.88475792963166e-07,-1.41165036000736e-07,1.3981180572771e-08,-1.07164175860239e-07,0.000435536634308983,1.62382621672835e-08,-3.71965009695413e-07,-5.62173934886909e-06,1.71457223678425e-08,-1.31281656942997e-09,6.99974767863663e-08,-8.1554006999718e-08,1.30164986471434e-06,1.33867013610091e-05,-2.72963650415507e-06,1.65611743962416e-06,-1.11416186235197e-05,3.75459561832769e-05,-2.37460989277425e-06,9.35482410289366e-06,-3.19312184277657e-06,3.67481019394128e-08,0.000300417673120574,1.07515860804571e-06,4.88679654061326e-06,4.22435369311323e-08,-4.57898908767078e-06,1.25405800620857e-06,-2.62369605338831e-06,4.49247233668923e-06,-9.29362112498115e-06,8.61879943432295e-06,-7.46744166155979e-07,0.000249718369591179,-1.40585182452912e-06,0.00347806157645482,-3.9777131999243e-15,-0.160652183195241,0.000186282474934439,1.31485011345494e-09,3.99810248610425e-06,-3.71340818304406e-06,1.94964160629937e-06,5.14055001949684e-07,-2.98406005529861e-08,1.28638524150651e-06,-4.81812473302111e-05,-5.44055538369884e-06,8.25323319414757e-08,-6.81628443393329e-05,4.73380118988077e-05,-3.22719030634221e-06,1.29805203827041e-05,-4.29732018257349e-07,-6.16140790297239e-07,-1.14083662606157e-08,-1.50889260652956e-05,9.79024815311289e-07,-3.6596179831925e-09,8.49015941438622e-07,-5.89346641796463e-08,1.70121354178934e-07,1.29006312973257e-07,4.68697484351231e-07,8.15342384064712e-08,-2.9094112547997e-08,-2.57309312895296e-07,3.35270404004294e-08,-1.86201062909355e-07,1.99258468633582e-07,2.06819877183533e-06,-4.90231535534154e-06,-1.65528866814735e-16,3.24209390259771e-08,5.20021738313984e-07,-5.30017004842301e-08,1.06610052156228e-05,3.33872018541329e-08,2.85462334514328e-06,6.89894955920857e-06,-2.67196049365241e-06,1.25474148052048e-05,-6.46229147440766e-16,-4.30306690662187e-05,-1.0079370740166e-08,-1.62579998123807e-06,1.94389438829102e-07,4.26995860922562e-06,-1.13643500075305e-06,-5.2611265233113e-05,1.6346093796796e-05,-3.01879687789517e-06,0.000315705258703661,-3.35486370866215e-06,-0.239921847395812,6.83168127821924e-07,3.49329067890307e-08,0.000170658008128451,-1.80618604482502e-06,0.000104785089581838,-4.74062607192298e-16,3.12979603980635e-06,-2.17847339997919e-07,-6.27121658191029e-09,-4.17325799193386e-08,5.10600481316904e-05,7.03102614395403e-05,-8.06867135865052e-07,2.88457774117755e-06,1.51172727145475e-06,4.47163944552624e-16,8.96792055075448e-06,8.65176535487422e-08,9.90737765279603e-06,-1.16009457078546e-15,-4.80202584476255e-06,-5.97464904455783e-07,9.02497441551948e-08,1.28995898290535e-05,4.10728139419886e-06,2.12009524457378e-06,1.87899309743354e-06,-1.92753333103201e-06,-3.87399325286014e-07,-2.04342955320404e-08,-3.63216837232085e-06,-1.31777433420481e-07,1.23298286121915e-16,4.46643441411411e-08,-1.60829146232107e-06,-6.53194018823476e-07,3.12187925322035e-06,1.05232675760383e-16,6.26051015627072e-08,-9.07563502952277e-09,7.65604555851913e-07,1.24177038334471e-08,1.51936645179987e-06,-3.59821044653021e-08,3.7641867336408e-07,-9.88877224409748e-06,8.90804764252851e-17,-5.62476315745888e-07,-4.40677113289906e-10,7.84643638612764e-09,1.51877024065954e-06,-2.76758498373018e-09,-1.23054452839874e-09,1.97064586870965e-15,-7.81941803670744e-17,-2.00920266041148e-09,-8.70778287496987e-09,1.18387084706876e-09,-5.69154192064121e-07,6.11585362657912e-16,-3.67111184822218e-07,-4.81844413218789e-09,-4.49006809944496e-16,8.18460025528783e-17,-1.37721003240118e-16,1.32692731375534e-06,1.03294233073132e-07,-1.2475051176124e-07,4.67480697664012e-05,4.49817679801179e-07,1.09353447875242e-07,-4.78709652067534e-08,-1.83643173539305e-16,-1.18679589589787e-08,3.45879763949047e-08,5.13163460729754e-16,-1.43226259682917e-16,-2.46593980601708e-08,-5.29514226160763e-10,-1.55298965223831e-08,3.34407802266418e-06,1.62886906430394e-08,-2.37771997368784e-07,-1.03130752482181e-16,-2.33219101057047e-07,-3.58579348965618e-16,-2.81391094818196e-06,1.77158634984131e-16,-1.92942109006602e-08,1.86944266741896e-16,8.09826803738587e-08,2.14172076520064e-08,3.63937244737255e-07,1.40010826703953e-06,6.21323676732749e-08,-7.28517018827203e-09,4.70001741393972e-08,1.74328356441068e-08,3.18467250714899e-06,3.47150938090181e-06,1.76622591248902e-08,-5.11284351227071e-08,-3.46085623772858e-06,-2.85768706147367e-07,-2.56729382635538e-08,2.02618283512671e-16,2.46915784192411e-07,-4.3671688405877e-08,2.42712850758933e-08,-3.63287354327158e-17,1.67202353717504e-07,1.35504151200302e-06,4.39701233498654e-07,1.15365882812905e-16,-1.07295146212802e-07,-2.25631519996995e-06,-8.03880517456322e-16,-7.85182792353007e-08,1.90589271902011e-07,3.17824482473711e-17,-9.196318074025e-16,-7.24244404285635e-09,-1.49570251841454e-06,-8.64768117808091e-09,-1.22088779844206e-05,9.79299341297946e-07,2.59053975533215e-08,9.64644716714212e-07,2.45686314543416e-07,-6.4530998640328e-06,-1.50487261540988e-15,1.2136950506578e-09,3.22905666137778e-08,9.00966384011262e-08,8.5487040923913e-06,-1.8332610810888e-16,-5.37928879877139e-17,2.86721471956067e-06,-5.61473900403145e-18,-1.36063662661948e-15,4.05749651449562e-07,-6.1287201301611e-07,-1.14807288380301e-07,-2.48523675432443e-07,3.15128933975636e-06,8.24735031193977e-07,8.90221311288202e-07,5.76961505371282e-16,2.36129671196394e-06,1.14111105354215e-07,5.29754704132125e-07,-1.47839530306893e-07,6.62856916930238e-07,1.71122194969401e-15,-2.00151212554794e-15,-4.73183427361627e-15,-2.79889236419353e-06,-3.98424158904147e-08,-2.61016550862654e-06,-1.12145394481416e-15,-3.57591126502268e-08,-5.42278393720221e-15,-1.27996506244385e-15,2.6027808072816e-05,-6.84134740871948e-06,-9.49657019688743e-14,-0.362943470812584,1.25581961306958e-06,2.71617394510304e-14,-9.02280149412948e-07,-4.5519203950971e-15,-6.45753754619003e-06,8.2063995724436e-17,-6.16790764653302e-06,-1.35360387715154e-06,-4.72893630605837e-08,-1.61974664681918e-06,-1.00394223812174e-05,9.4814668165355e-08,-2.03004719847253e-06,-5.89496559615009e-17,-8.32356744018523e-07,4.53355694005978e-08,3.65417001839005e-16,5.70024397536780e-09,1.06906637170404e-07,-2.30916732798319e-08,-2.21137459798125e-15,-5.83586397097521e-08,-7.37405980431276e-08,-5.57329977063037e-16,1.92902217706338e-06,1.62838841453825e-05,1.73267775488389e-09,-2.61101728531115e-16,1.19381796432164e-16,-2.39029337348952e-08,-2.48984467117025e-07,-1.96789366025509e-08,4.87044304674196e-09,-7.64548797125996e-08,4.22609747255995e-16,-5.36835344714154e-16,-2.600510440682e-07,-1.77618597133657e-09,-4.76008084284128e-16,-5.48858657406896e-07,9.70472088108576e-17,-6.55114819348019e-09,7.54575377869564e-08,4.34233148787443e-08,2.70742520797402e-07,1.22728994167972e-17,2.38435084518731e-16,4.09900091626955e-16,2.24572210945615e-16,2.75018396445605e-10,8.76292642005831e-10,-1.43478189448409e-16,2.76889974999349e-16,1.82399470799561e-16,-8.49189722118253e-10,-6.18247690665383e-12,1.30892540975206e-10,1.04280899128402e-17,-8.61398626039733e-16,1.66750294128271e-16,-2.19146585588945e-08,6.97347954707283e-10,2.21861606613745e-16,1.73938850356485e-10,-5.0737545306444e-09,-1.73147695219691e-16,1.20840125809986e-16,-1.6414475299332e-07,-4.49857432803008e-11,-9.12064395251376e-08,-5.63354676927854e-16,3.12240290458443e-09,5.39551592399352e-08,6.30679195201006e-08,-2.17762002604839e-07,-1.58646135380773e-08,2.70032219347154e-10,1.7706535835651e-18,-3.2237857211166e-16,1.90075867500361e-16,6.32348077942351e-09,-5.7409562879252e-09,-8.37336150936729e-08,-1.92508690282756e-09,-3.97185682658814e-16,-1.22967210565856e-18,2.27136579684234e-16,-2.03079164088893e-16,-2.08916313738557e-16,1.00504693491995e-08,2.79160251631127e-16,1.23373737697519e-16,-6.34945973661908e-08,-1.89616782258962e-18,-5.69309678982025e-08,7.53033509517956e-17,-7.07743188314573e-08,-2.94186754172626e-17,-9.01274185865089e-08,-1.14076370263872e-08,-2.80050900499758e-08,-2.3162128735283e-16,3.79947435982154e-07,3.20299008526974e-16,1.64548987293473e-07,-2.75014213625998e-08,1.52508518948717e-10,1.66149402188265e-16,1.40519223620696e-06,-1.01565329953767e-16,-6.33422914794134e-08,-3.23784723217392e-08,-9.00234693144462e-17,1.75707724661655e-16,-1.05291409399123e-18,7.61005990101562e-17,-4.19427915378842e-09,-5.49267943152859e-08,-1.23444943257143e-08,2.67435969289712e-16,-8.51604564741218e-17,-3.5641294087086e-09,2.91109812072116e-08,-3.30293325481763e-16,2.4849684935202e-17,-9.86462013945513e-08,-2.46921854473102e-17,-4.28771046694361e-07,-1.25902427437387e-16,1.09547085414664e-07,-6.02552431013947e-17,-1.55449754346603e-16,-6.05562267033065e-18,-3.21668277537126e-16,1.40345381634799e-16,-6.17778283264209e-17,2.18682096784272e-09,-1.53010989335049e-08,-4.96062810105016e-17,-1.02867816089662e-08,4.34416225009305e-07,-4.63323011326789e-16,1.72938097971047e-16,4.5060391790814e-17,6.01792455272667e-17,1.49223587117204e-07,2.39802477896582e-08,-7.31471472338161e-16,3.14896553938966e-17,-8.02886217422169e-08,-2.59518325033843e-08,-3.93821998265648e-10,-1.31180371420341e-16,6.19280275429615e-17,-1.03272728505644e-17,2.02737986309118e-16,-3.09578182671596e-16,1.8874996035945e-16,6.00442154477576e-07,-6.45356736028037e-06,-1.09683653469307e-07,3.95257971918933e-17,3.12000276594067e-16,-1.57670941786722e-16,2.52097925566492e-17,-2.09986650326742e-16,-5.91213797077984e-17,-3.09954290808571e-16,2.65831949970295e-16,-7.04063279322805e-17,1.73780843731428e-16,-1.32985759943296e-16,4.93728339714438e-16,6.34677584455242e-17,1.73709175185408e-17,1.68341893026787e-09,1.55623113076789e-16,5.85032928044355e-17,8.57987613239364e-17,2.39782862456547e-08,-1.08727524210543e-08,1.8457876579511e-16,-6.20273144188141e-10,2.21290258491533e-08,-1.268426927134e-17,1.0244151471307e-13,-4.30621082235697e-08,5.09767794956275e-17,5.55878725667055e-10,9.52095214511169e-17,2.84328790970069e-16,1.54833783003735e-16,-4.59540162202937e-16,2.07704954842336e-08,-7.60267424875978e-08,3.11835244836899e-16,-1.17762196269088e-16,1.3968814088845e-16,-3.42773415199053e-17,2.15973072759112e-16,6.46578083592605e-17,3.42176089910757e-16,8.21597261181029e-17,9.64704896683141e-10,6.14813467379527e-17,-5.57720488190172e-17,4.14129976253195e-17,-3.12525531083669e-16,-2.9707040275949e-18,1.88803615752161e-16,-2.11963099080703e-07,-2.42065976812198e-16,-3.38280997082762e-17,1.43662184959965e-08,-1.50558185720639e-16,-5.73989532303771e-16,5.45460755733866e-17,2.82365751391614e-16,1.22434881661451e-08,-3.62530309908228e-17,-3.40013065687057e-07,2.06639775280197e-16,-8.32580171925134e-17,-5.50466100959699e-16,2.40220237907214e-16,-2.58516875944889e-16,-5.57512146949378e-16,1.23769978713032e-08,-2.05206545985898e-16,2.21430171185039e-17,1.87923547103756e-09,-1.55412948151818e-06,2.84961468958471e-17,3.21548749885148e-07,1.60455994771074e-07,-7.47527201527485e-17,-2.31055094999529e-16,-5.19672928303769e-16,-2.49560338203068e-18,-2.0261199342393e-16,-2.75252673098885e-07,6.48087615458381e-16,8.66219246681168e-16,-6.66185293424566e-16,1.10778388961639e-07,-2.99538522925852e-17,-1.66258451019384e-16,2.20022233513534e-17,7.50652883990374e-17,-5.08181524618991e-08,-1.23566297987612e-16,4.09381833824248e-10,3.6316460240139e-17,2.69038515610657e-16,-3.16479139123523e-17,4.87437323444211e-17,-3.40316965790675e-17,3.84036350316509e-16,6.91449927744437e-17,-7.18230763543109e-09,1.29576668097899e-16,-2.31121330291109e-16,3.02772573327928e-09,6.59630861336264e-17,1.19876422313508e-17,6.03144353922477e-17,-8.93135748227361e-17,4.16307336260251e-16,-7.63240410872101e-17,-2.2134498234501e-08,-2.68081066633911e-17,-8.02110357299995e-16,6.61554198336063e-09,5.51273930905752e-16,-3.80741285640817e-16,2.0727315765704e-16,-4.04473477152343e-16,-7.07380497428686e-17,-1.23164818375567e-15,4.5475185820629e-17,-2.22623490019139e-17,2.42445464434718e-16,-6.94886993599535e-17,-1.94601287817481e-17,-3.51772188683087e-09,1.16834695043495e-08,4.25679200632701e-16,-2.17025397541422e-16,-6.41863847481392e-17,2.00812263075976e-16,7.11236625150491e-16,5.47644552542807e-16,-1.23357514571615e-17,-4.52951224313277e-16,-1.12278582163298e-08,1.88770287636204e-16,-7.94227326489514e-18,-3.3034635967399e-16,2.82716521163783e-16,1.31609057053518e-09,1.88099053027289e-16,-2.10294946717529e-10,4.37268303053526e-17,-5.90175364013305e-17,9.18103723360614e-17,-1.84682411915175e-17,-9.74664219622295e-17,2.66021335123873e-17,1.07982505602817e-16,-2.22677323236603e-16,3.46389703714845e-17,-1.33602619653687e-16,-1.80056309951284e-16,8.15770298644506e-17,1.57680730497813e-16,-9.13155571955166e-17,-8.06609807630335e-17,-4.5172149508048e-16,3.73361603060273e-17,1.50024166646605e-16,-1.68583865098433e-16,-3.25834992804139e-16,3.05745012640912e-16,-1.20776502347428e-16,-3.03597435563583e-17,2.09361304911912e-16,4.12288899860116e-17,3.8365744114913e-09,-6.01583921510677e-16,1.10533513351662e-16,3.42058376203712e-16,-2.62378663145852e-16,-2.21889879567034e-16,1.0043413927953e-16,-7.0475454684854e-17,-2.97488343900577e-16,-3.61304956855504e-16,1.61283391853439e-16,5.27355936696949e-16,-5.67878347607736e-16,-3.24260857437739e-16,7.97643804224228e-17,2.61950636526209e-16,1.23372996861938e-16,-6.65272968544818e-17,-5.02203112049166e-08,5.6934222142439e-17,2.18887999212554e-16,7.39477182410071e-17,6.31983515586326e-17,8.32373337942489e-16,-5.77953108954172e-17,1.37507689929267e-17,-2.11569780194806e-17,-3.8108903769221e-17,3.18917428221095e-09,2.76195610730252e-16,-3.78215065128543e-17,-6.77717790590248e-17,7.12331944869493e-16,1.64268154430621e-17,6.51110686428498e-16,-4.33797075516187e-16,-1.83128553134472e-16,-1.3668040285797e-16,1.74458777760417e-16,7.638484661564e-16,8.3476296270854e-16,1.97376531081137e-16,5.54754932774274e-08,-1.6339181698072e-16,-1.29300801693944e-15,-2.47139444484531e-16,5.26488574958961e-16,-4.51821555188298e-09,7.56740750626191e-17,2.22103340458429e-15,-2.60461140852974e-15,2.56702345952533e-15,-7.09050162405335e-16,-5.19840430723949e-15,0.70710678118655,-6.76381079419052e-16,1.44148525309334e-15,-1.47177462154751e-15,-2.86923785159761e-15,2.69879194691417e-15,-5.68821121852578e-15,2.35129501353758e-15,-1.79941300676712e-15,-9.38779930537395e-16,-1.41378460339846e-15
"t966",0.0293014668725473,-0.0060760610487656,-0.00644790516785493,0.000237550297202849,0.000678306417445867,0.00443469799555535,0.000812752237489034,4.95985694807141e-06,-0.012252464805476,0.0204741758612404,0.00769704158742041,-0.00451993143573848,0.01030199081637,0.00234870002333009,0.0793600244312204,-0.00252735070433327,-0.00188266782274102,0.00025143430856714,0.13193620111231,-0.0809109050446612,-0.00111682241433254,0.00018114934942582,-0.0159531488637804,9.94739453306637e-05,-5.6023524107815e-05,0.0027060921177454,-0.0111692997258273,0.000170160197142611,-0.00202567374055991,0.00803679366364602,0.000649111090442383,-0.0210700361237936,-6.26441823134878e-05,0.00432700881927794,-0.000495637280253825,0.269728998996539,-0.000195308890544571,0.000165113071911362,0.00534241653485912,0.00107107908427709,0.000540115400568564,-0.00387806795630335,5.1946102071601e-05,-0.00288075178748638,0.000124507150038354,-2.44554309230263e-05,4.48786852768308e-06,-6.67713855212256e-05,0.00319909386321597,-0.00560039850749186,5.88975040953876e-05,-5.33872213378813e-05,4.4396892233273e-06,-1.89977747790497e-05,0.000394640116760034,-0.00118196053985601,0.000149959800954964,-0.00050006383750378,0.00399988793357743,-8.1434919495815e-06,-7.58763805571168e-06,0.008549314600482,-0.000201647755599004,0.000151620133512582,-0.000462779840563073,3.01451266885089e-05,-5.81380960720723e-05,0.000556242182140303,-0.000133680503581011,0.000596744162807042,-4.88787187677513e-06,1.26527784146836e-05,-4.32620312679573e-05,-2.74057515395787e-05,1.14817185068631e-05,3.38134221146869e-06,-9.79269428003538e-05,1.40608836117696e-05,-0.00140923317073588,-0.000526308965311161,3.00755383066637e-05,0.00230766640106276,-0.00104324581406806,-0.000101804977440534,0.000264659721989636,0.000205420767456456,-3.09260029616181e-05,-0.000184505217223144,-1.0559160653443e-06,4.09167843388389e-05,-0.000338616171198881,2.26815578648759e-07,0.000156554384472537,-0.000137108040838314,-2.29200752672318e-05,-3.20080339245033e-05,-3.76102909602752e-06,1.9731529053436e-05,-0.000218768576620901,-0.00177786075150172,-0.000119914351780114,7.90215505480387e-07,-0.000165114736354406,0.00217222545947593,-7.57256881837559e-05,5.74110512090084e-06,-0.00154279272432632,1.94657044798441e-06,-0.000839352309059262,7.59340728354301e-07,2.5219867593555e-05,4.95961833992538e-05,-1.53705118095366e-05,1.61605305147175e-05,-1.42401009511449e-05,1.9000307240805e-05,-0.000820132445718182,0.000885139274777743,-0.000358626526737181,0.000129366059937731,-7.47893921314048e-05,0.000162623389684951,-0.0014533445985048,-0.00276485854461704,1.26985084033416e-05,-0.000293450516545215,3.07748165322939e-05,-0.000735994264686082,0.00149841107748023,0.0527985568948383,0.000430717846142129,-0.356083894078046,-0.000552626686279282,-0.00341616652341643,2.95454392061998e-06,-0.00177177722535712,0.000540164812406129,4.24668315542064e-05,-0.000787018916219487,0.000788471132408603,0.000476536098687685,5.05050730181873e-05,-0.000410166910545274,-2.48310908232068e-05,-1.43141808301113e-07,2.71988358955465e-05,6.70754791743377e-06,-7.88996048033522e-05,-4.68768122990739e-06,1.93834500060762e-06,2.35383961729851e-06,3.969392720241e-05,1.48971348449392e-06,-0.000289252470613158,7.03086276460641e-07,4.14899867208501e-06,-5.86482540217073e-05,7.42827653363312e-07,-6.76435118607069e-07,-3.24812318374937e-07,-9.94057728504724e-07,1.61899505612593e-07,-7.12171168134702e-06,-2.70049298574308e-06,2.30685398129833e-06,-1.85360893357378e-06,0.00014861014987032,2.55892622431856e-06,0.000127458699472524,3.23462934431424e-06,-5.87531252103182e-06,-1.04020671998952e-06,1.30356716692101e-07,1.68991853832956e-05,8.70491650404761e-07,1.78583487635678e-06,7.85291750032541e-08,-3.15415287456782e-06,-0.000113277087012184,-1.51456377902698e-05,6.11611879617383e-05,1.65375222151836e-05,-3.44955822755407e-06,-1.3699112009755e-08,-4.13730515339464e-07,-1.36580187984396e-07,-0.000659814831052092,0.000164132197337481,0.000737488281765642,-1.60925514545784e-05,-2.28960237750492e-05,4.58906411473905e-05,5.00794944672775e-05,7.60577339972794e-09,7.77799054112406e-07,-7.94313697459049e-05,-0.0252410997713641,-1.20155170693344e-06,5.16438308010717e-05,3.21139641273978e-05,3.24710221352089e-05,0.00015052705509019,-1.26813692183793e-06,-1.1577656049133e-05,-0.000609014907654782,-8.27315168307516e-05,0.000588359178207052,0.000111270429183401,-0.21777872436439,1.11626545510451e-06,0.0152985355381408,0.000124280691268451,4.18943911869734e-05,0.000333811319659074,2.82779895301906e-07,2.9223722990076e-06,-6.36338896778952e-07,-3.84621039016276e-07,2.63359485986761e-05,2.85608035070727e-05,1.23269621123867e-05,-1.15615714996119e-05,-2.40857843577236e-06,-9.62036227126564e-06,2.3849338545082e-05,1.3116183670198e-06,0.000123119597707372,5.6332416105885e-07,3.68918606417604e-05,2.52133770536599e-05,-1.54459953486301e-06,-2.96895126444875e-07,-6.94224296792181e-06,-3.04586679685728e-06,4.93980951586276e-07,2.26292885276371e-08,8.53811615191167e-06,-4.3038740356719e-17,6.25562602131264e-08,-8.44674862318651e-07,1.06799684733582e-07,1.54341615312104e-07,7.90936012917241e-07,-9.87965206286508e-09,-3.3532627994296e-07,1.88475793428289e-07,-1.41165036029702e-07,1.39811805059635e-08,-1.07164175927695e-07,0.000435536634308686,1.62382621616161e-08,-3.71965009537245e-07,-5.62173934881329e-06,1.71457225157226e-08,-1.31281692765037e-09,6.99974768090363e-08,-8.15540069394578e-08,1.301649864385e-06,1.33867013611301e-05,-2.7296365042234e-06,1.6561174394835e-06,-1.11416186233362e-05,3.75459561833916e-05,-2.37460989283671e-06,9.35482410288166e-06,-3.193121842608e-06,3.67481018495388e-08,0.000300417673120379,1.07515860808053e-06,4.88679654046933e-06,4.22435373167932e-08,-4.57898908745795e-06,1.2540580061689e-06,-2.62369605339503e-06,4.4924723366966e-06,-9.2936211249056e-06,8.61879943437106e-06,-7.46744166204571e-07,0.00024971836959111,-1.40585182463962e-06,0.00347806157645489,-3.999514056623e-15,-0.160652183195242,0.00018628247493455,1.3148501943516e-09,3.99810248622979e-06,-3.71340818315585e-06,1.94964160608815e-06,5.14055002332624e-07,-2.98406004865157e-08,1.28638524106271e-06,-4.81812473303887e-05,-5.44055538358969e-06,8.25323319900775e-08,-6.81628443389658e-05,4.73380118987636e-05,-3.22719030653866e-06,1.29805203826975e-05,-4.29732018292911e-07,-6.16140790186725e-07,-1.14083661978037e-08,-1.50889260655375e-05,9.79024815253892e-07,-3.65961793860028e-09,8.49015941583094e-07,-5.89346637984478e-08,1.7012135396254e-07,1.29006312808744e-07,4.68697484221598e-07,8.15342382559217e-08,-2.9094112542317e-08,-2.57309312808832e-07,3.35270406712683e-08,-1.86201062985306e-07,1.99258468707971e-07,2.06819877188208e-06,-4.90231535543082e-06,-3.16971708953295e-16,3.24209389194767e-08,5.20021738290599e-07,-5.30017003237682e-08,1.06610052155924e-05,3.33872016410227e-08,2.85462334514958e-06,6.89894955968923e-06,-2.67196049358043e-06,1.25474148055437e-05,-5.73404379876959e-16,-4.30306690661466e-05,-1.00793704584174e-08,-1.62579998108818e-06,1.94389438816989e-07,4.2699586094109e-06,-1.13643500064654e-06,-5.26112652332942e-05,1.63460937956277e-05,-3.01879687822863e-06,0.00031570525870358,-3.35486370835798e-06,-0.239921847395817,6.83168127881071e-07,3.4932906848445e-08,0.000170658008128183,-1.80618604491448e-06,0.000104785089581697,-3.9057331329713e-16,3.1297960400209e-06,-2.17847339919856e-07,-6.27121652415482e-09,-4.17325799915978e-08,5.10600481313571e-05,7.03102614394074e-05,-8.0686713589667e-07,2.88457774059243e-06,1.5117272713449e-06,6.3543879958577e-16,8.96792055081213e-06,8.6517653484089e-08,9.90737765268001e-06,-1.09155795310504e-15,-4.80202584503653e-06,-5.97464904440386e-07,9.02497441077139e-08,1.28995898290823e-05,4.10728139417746e-06,2.12009524489297e-06,1.87899309741399e-06,-1.9275333308929e-06,-3.87399325697166e-07,-2.04342955968107e-08,-3.63216837194221e-06,-1.31777434059311e-07,5.50190248989497e-17,4.46643447969005e-08,-1.60829146225463e-06,-6.5319401892783e-07,3.12187925294701e-06,2.66526507276235e-16,6.26051017249878e-08,-9.07563467347078e-09,7.65604555892351e-07,1.24177032651816e-08,1.51936645132709e-06,-3.59821045648075e-08,3.76418673373309e-07,-9.88877224412943e-06,1.34402570625233e-17,-5.62476315681862e-07,-4.40676871295981e-10,7.84643625338614e-09,1.51877024070117e-06,-2.76758486926876e-09,-1.23054469619223e-09,1.60982338570648e-15,-6.10806230357157e-17,-2.00920254067616e-09,-8.70778325904849e-09,1.18387049058097e-09,-5.69154191991459e-07,3.48457876118202e-16,-3.6711118472736e-07,-4.818444248702e-09,-3.41149833912385e-16,1.75395723728844e-16,-9.47512828964075e-17,1.32692731384466e-06,1.03294232940053e-07,-1.24750511686213e-07,4.67480697659972e-05,4.49817679784248e-07,1.09353447900422e-07,-4.78709651302351e-08,-3.46980168965408e-16,-1.18679591467183e-08,3.45879760670955e-08,7.39187075896443e-16,-1.08680808393179e-16,-2.46593980837383e-08,-5.2951409573692e-10,-1.55298959690436e-08,3.34407802324548e-06,1.62886908124986e-08,-2.37771997498362e-07,-5.88953038447624e-17,-2.33219101147079e-07,-2.01017753711058e-16,-2.81391094828251e-06,-2.65846372693446e-16,-1.92942110585014e-08,2.49838691268734e-16,8.09826805414694e-08,2.14172076252534e-08,3.63937244689293e-07,1.40010826686326e-06,6.21323675236544e-08,-7.28517069870912e-09,4.70001745682529e-08,1.743283572829e-08,3.18467250741991e-06,3.47150938083319e-06,1.7662259070232e-08,-5.11284351748161e-08,-3.46085623756631e-06,-2.85768705941192e-07,-2.56729381581498e-08,1.790818841366e-16,2.46915783959956e-07,-4.36716885604296e-08,2.42712849135594e-08,-1.91977775528895e-17,1.6720235342515e-07,1.35504151204854e-06,4.39701233422827e-07,9.78305104251143e-17,-1.07295146440958e-07,-2.25631519975309e-06,-6.84376676989347e-16,-7.85182791773932e-08,1.90589271980931e-07,6.43651665153013e-17,-4.81159986824235e-16,-7.24244434342002e-09,-1.49570251845868e-06,-8.64768115106357e-09,-1.22088779845454e-05,9.79299341381259e-07,2.59053973478193e-08,9.64644716747153e-07,2.4568631454765e-07,-6.45309986391565e-06,-1.35915584342783e-15,1.21369495657469e-09,3.22905665394996e-08,9.00966384000188e-08,8.54870409249646e-06,-2.44308685601257e-16,-2.69630992548412e-16,2.86721471946502e-06,-1.9362882398952e-16,-1.34413143666129e-15,4.0574965156671e-07,-6.128720131231e-07,-1.14807287928103e-07,-2.48523675527732e-07,3.15128933956423e-06,8.2473503125396e-07,8.90221311062866e-07,6.96216322987162e-16,2.36129671189803e-06,1.14111105786159e-07,5.29754704346944e-07,-1.47839530028917e-07,6.62856917198576e-07,1.88694167367147e-15,-1.96610116912685e-15,-5.2091271176294e-15,-2.79889236460553e-06,-3.98424158726473e-08,-2.61016550898443e-06,-7.28147424223867e-16,-3.57591126142075e-08,-4.99907772819487e-15,-1.39882101798548e-15,2.6027808072956e-05,-6.84134740873234e-06,-9.49483547341146e-14,-0.362943470812585,1.25581961326702e-06,2.74430899147904e-14,-9.02280149677508e-07,-4.57099789187815e-15,-6.45753754630478e-06,-8.22076122601199e-17,-6.16790764598225e-06,-1.3536038770884e-06,-4.72893628099908e-08,-1.61974664676689e-06,-1.0039422381187e-05,9.48146686038064e-08,-2.0300471986221e-06,-7.57196491699294e-17,-8.32356744120877e-07,4.53355693240669e-08,2.63434210424319e-16,5.70024397325593e-09,1.06906637052626e-07,-2.309167384622e-08,-1.90281481105293e-15,-5.83586396194111e-08,-7.37405976419191e-08,-5.90245140424479e-16,1.92902217734306e-06,1.62838841449843e-05,1.73267785656683e-09,-3.23896984018483e-16,3.19776219142668e-16,-2.39029340794412e-08,-2.48984467173771e-07,-1.96789363703646e-08,4.8704425596914e-09,-7.64548799776328e-08,3.27187646180591e-16,-6.39579231455241e-16,-2.60051044357977e-07,-1.77618598986496e-09,-5.91161119353892e-16,-5.48858657820959e-07,1.49415815191335e-16,-6.55114797829344e-09,7.54575378631538e-08,4.34233150641082e-08,2.70742520546687e-07,1.73727351484585e-17,2.80144411134164e-16,6.48111664274573e-16,1.88437268626783e-16,2.75018349445472e-10,8.76292761323074e-10,-7.79826900794364e-16,-7.29829833267684e-17,3.81059950562236e-16,-8.49190004742813e-10,-6.18211924954329e-12,1.30892487469898e-10,1.51476205756118e-16,-8.46761896711179e-16,6.82180006927879e-16,-2.19146582605758e-08,6.97348143541321e-10,2.05414709475591e-16,1.73938275471716e-10,-5.07375395195104e-09,-4.79522912516615e-17,1.95704297737918e-16,-1.64144752923874e-07,-4.49856776163476e-11,-9.12064398962243e-08,-1.28535896597544e-16,3.12240294157772e-09,5.39551593293547e-08,6.30679192747998e-08,-2.17762002449073e-07,-1.58646130444941e-08,2.70032956963708e-10,-4.4879925942932e-16,-8.72107922310821e-16,-2.68333661431111e-16,6.32348010151255e-09,-5.74095644113635e-09,-8.37336147372312e-08,-1.92508714883387e-09,-2.75877012084842e-16,4.5990736950179e-16,1.68141191782282e-16,-1.57856806966854e-16,-9.12522880501828e-16,1.00504701373736e-08,5.66606304193955e-17,2.94580552290471e-16,-6.34945974432233e-08,-1.74456480011331e-17,-5.69309678278521e-08,-1.29066559242017e-16,-7.077431854917e-08,-1.70282095307351e-19,-9.01274185701828e-08,-1.14076368771087e-08,-2.80050896566237e-08,-2.43547287077531e-16,3.7994743575702e-07,1.58333074148732e-16,1.6454898689311e-07,-2.75014211646785e-08,1.52508449607596e-10,-2.64564449666752e-16,1.40519223574274e-06,-3.16947240524178e-16,-6.33422914106589e-08,-3.23784725384865e-08,-1.57578538192617e-16,8.42712293671411e-17,-3.80197353079305e-17,-9.84822530899822e-18,-4.1942792833279e-09,-5.49267946402853e-08,-1.23444941035353e-08,2.68670834026901e-16,-1.05207365534065e-16,-3.56412941884589e-09,2.91109813546631e-08,9.23291883002128e-17,5.76954558840911e-17,-9.86462018213936e-08,-1.87740255111397e-16,-4.28771047006839e-07,-2.12071068284845e-16,1.09547085393779e-07,-3.21207003005606e-17,2.52299045570847e-16,-8.06069423321061e-17,-4.200965755428e-16,-5.47510577979297e-17,-8.12934674311695e-17,2.18681984373841e-09,-1.53010989269751e-08,-7.33802241464526e-17,-1.02867817245675e-08,4.34416224632342e-07,-2.07474097854449e-16,-9.75649009814205e-17,1.71910780527787e-16,1.51454201127228e-16,1.49223586764789e-07,2.39802488259393e-08,2.49571534558812e-16,-5.58027343485958e-17,-8.02886215512093e-08,-2.59518329924271e-08,-3.93822017444158e-10,7.91791068456276e-17,1.22823113666888e-16,8.26382389774794e-17,1.91121129290601e-16,3.74836175505211e-16,9.8210282641777e-18,6.00442154756281e-07,-6.45356736028983e-06,-1.09683653479317e-07,-5.98324442543786e-17,-3.09545688092847e-16,8.37384342527194e-17,1.68242695273631e-16,1.5791067632214e-16,-4.38883005298383e-17,-3.04631382436083e-16,1.68686126371341e-16,1.66415579756692e-16,-1.64454303526926e-16,1.71134241361214e-16,5.8726210187971e-17,6.27284296475172e-17,9.80365018655386e-17,1.68341904204887e-09,1.30377243820841e-16,2.77078448038866e-16,4.13358887456937e-17,2.39782861371799e-08,-1.08727519105865e-08,1.90017637363442e-16,-6.20273921343518e-10,2.21290259675477e-08,-2.0116639670363e-17,1.00496628908107e-13,-4.30621077684215e-08,5.0788911928453e-16,5.55879139569695e-10,-2.57557618932567e-17,-2.89635109360912e-16,-2.76535370137262e-17,3.84315066899707e-16,2.07704950281267e-08,-7.60267427809285e-08,-6.67904032223182e-16,-1.89297558382928e-16,-1.88727556275067e-16,-1.18895265522242e-15,3.43475248243408e-16,-2.74224864298392e-16,7.40411666212861e-17,-1.27806554020889e-17,9.64705253385543e-10,-1.16421668591203e-16,-8.96364230193522e-17,1.37253711308196e-16,1.13893762679421e-16,-2.85387519515973e-16,-1.01220465387712e-16,-2.11963099081638e-07,1.33031258768313e-16,5.86293863890086e-17,1.43662186461449e-08,4.74025636710711e-17,2.39600053328771e-16,-2.63413401531891e-17,-5.83360478394253e-16,1.22434887274906e-08,-1.17706467393821e-16,-3.40013065751221e-07,-2.34738902621919e-16,2.07230573272327e-16,2.55509438594178e-16,-1.16372162557374e-16,1.97406839265553e-16,-6.86996211677857e-17,1.23769978512988e-08,3.914842197515e-18,5.61882096454209e-17,1.87923678010146e-09,-1.55412948189397e-06,1.79054177963227e-19,3.21548749934425e-07,1.6045599464511e-07,-1.87870302805684e-17,4.77308410127978e-16,2.39574942005502e-16,5.58881821111045e-17,5.89917476622576e-17,-2.75252673481358e-07,-5.98295516252154e-16,-8.02313686665399e-16,6.08154026306375e-16,1.10778389516869e-07,4.24053722301611e-16,-4.0296061634106e-16,1.52156955560969e-16,-5.31623805508124e-17,-5.08181533301773e-08,4.86569390887828e-16,4.09381077108724e-10,5.7589428583341e-17,-4.09780465745065e-16,3.38498024035308e-16,-3.76746676411561e-17,-8.69725913058315e-18,-4.5162528646392e-16,1.051824646627e-16,-7.1823079312555e-09,-5.76416229211381e-16,-6.16239814007287e-17,3.02772590461028e-09,-5.21507198460948e-16,-1.71975696319735e-16,9.85354712962267e-17,-5.45019719652114e-17,-3.88506204348038e-16,1.45693840959935e-16,-2.21344985667276e-08,-2.38356664171618e-16,8.30439770748738e-16,6.61554248323196e-09,-5.77038317794417e-16,2.00847192441885e-16,-1.17579023126405e-16,1.24706917963416e-16,1.71395553264801e-16,1.41770218490841e-15,2.43383935721089e-17,-4.24873673593881e-17,-3.84904892456189e-16,5.03082996967283e-17,6.85245892619276e-17,-3.51772185790973e-09,1.16834695383933e-08,-1.98678072455161e-16,7.12807447930477e-17,-1.86402303497418e-17,-4.039917606013e-16,-1.18828558104411e-16,-3.20242278579265e-16,-2.77818613500277e-16,1.0993447268758e-17,-1.12278585764712e-08,-2.8444815350195e-16,1.37470361938625e-16,2.60545525932209e-16,-5.87184217103455e-17,1.31609094229625e-09,3.51283518397772e-16,-2.10294589798029e-10,-6.79398107416191e-17,3.62702084836438e-16,2.94000598833613e-16,-1.36975554017226e-16,8.7787643215299e-18,-1.35729575713211e-16,-4.73935867186939e-17,2.91209089978316e-16,5.10573143695773e-17,1.45394687176953e-16,1.98717685389741e-16,5.22973485799443e-18,-7.26335907810979e-17,1.22775039813118e-16,-6.88517678494367e-17,3.23076046039472e-16,8.12223521357063e-17,-2.10960787583462e-16,1.30268474739804e-16,3.64323953331527e-16,4.87890977618477e-16,3.56234571982835e-17,-1.63716610772076e-16,-1.3515723591516e-16,-2.74193226866571e-17,3.83657410604857e-09,5.22220778209194e-16,-2.89320247860993e-16,-1.80968686344203e-16,-2.24285668996547e-16,-2.09334505988687e-17,-4.31555603128939e-17,-2.22376219759321e-16,4.9486923352911e-16,3.73679902283735e-16,4.33551624387194e-18,-5.73759789679329e-16,8.5513395173935e-16,3.04184277175697e-16,-1.93290096280771e-16,-3.82244565318747e-16,-6.63959195312077e-17,-7.07212579919268e-17,-5.02203116488872e-08,-1.30736322814224e-16,-3.18448209148965e-16,-2.10027137833552e-16,-1.27133940402487e-16,-8.93017297798942e-16,-7.20538020475324e-17,-1.64202684986895e-16,1.48361798266147e-17,3.99330529488687e-17,3.1891723965138e-09,-8.76626383558842e-17,-1.73695950176744e-18,1.59370934241387e-16,-4.05469993444668e-16,-1.66255127611949e-16,-4.21993419109894e-16,1.73311910249878e-16,3.37426415062836e-16,2.00277193801823e-16,-1.7393361125164e-17,-6.08408949703493e-16,-8.09383328898353e-16,-3.09143044279844e-16,5.54754933860221e-08,2.69476452242934e-16,1.23601510775894e-15,3.47752755124153e-16,-1.40165656858926e-15,-4.51821443643037e-09,-1.20592617606926e-17,-2.22876947231028e-15,2.49227718151727e-15,-2.551589230928e-15,6.53046009220008e-16,5.34708477192288e-15,-0.707106781186545,6.16811590617205e-16,-1.3490739763265e-15,1.41562019899677e-15,2.88502443631002e-15,-2.79690464549281e-15,5.62157617795633e-15,-2.45341944823268e-15,1.64900437017479e-15,7.64209577362145e-16,8.31460402120379e-16
"t550",0.0292886771089903,-0.00607047539353198,-0.00644178620457748,0.000237248293743964,0.000677250993237614,0.00442660553583976,0.000811240078420605,4.94989708114302e-06,-0.0122234217493498,0.0204153727373383,0.0076690285755471,-0.00449968992411177,0.0102545162075011,0.00233771390785764,0.0789727603771204,-0.00251429577961605,-0.00187271269375964,0.000250080893423516,0.131209718227779,-0.0804272549823618,-0.00110960693790216,0.000179739646206157,-0.0158221273670388,9.86523673616388e-05,-5.55590139883931e-05,0.00268259868524025,-0.0110711990966604,0.000168652425988052,-0.00200724919535583,0.00795067056492216,0.000641700664638492,-0.0208187293694277,-6.18439994047055e-05,0.00426916412570514,-0.000488679485360804,0.265646136520485,-0.000192315789332932,0.000162543345152724,0.00525871660878556,0.00105405399096343,0.000531288738099065,-0.00381318984056812,5.10644035518529e-05,-0.00283179752401668,0.000122355248006223,-2.40064197275632e-05,4.40398041949099e-06,-6.55128317506769e-05,0.00313738831356083,-0.00548969767751245,5.76955457307269e-05,-5.22816858087183e-05,4.34755725939767e-06,-1.85964015753035e-05,0.000386010633908419,-0.00115598223406819,0.000146358282784601,-0.00048777304171602,0.00390130846670145,-7.93149036073246e-06,-7.38208622382465e-06,0.0083132154195909,-0.000195992858857252,0.000147351849789805,-0.000449381510141795,2.92506116721489e-05,-5.63199476579448e-05,0.0005384454275836,-0.00012935871969784,0.000577091318667972,-4.71124124508838e-06,1.21645151525945e-05,-4.15761912304999e-05,-2.63163468416516e-05,1.10241811485437e-05,3.2454520795133e-06,-9.39782120571854e-05,1.34845713710479e-05,-0.00134935303192111,-0.000503624852543579,2.87479389243488e-05,0.00220527931523009,-0.000995232370672942,-9.70687129940652e-05,0.000251778995407706,0.000195302571967585,-2.93843440842189e-05,-0.000175289882599068,-1.00315052033304e-06,3.88695322735624e-05,-0.000321596953712143,2.14929597671526e-07,0.000148319538485041,-0.000129714194895972,-2.16316169170111e-05,-3.0197640354882e-05,-3.54824237356165e-06,1.85978698475097e-05,-0.000206128065303888,-0.00167294426089662,-0.000112717304945009,7.42717456226293e-07,-0.000155173427941751,0.00203156960823,-7.07964267839809e-05,5.36586644407568e-06,-0.00144122449797202,1.81816221111058e-06,-0.000783786356502822,7.08801814165716e-07,2.35384059857682e-05,4.62553759612723e-05,-1.43338886011748e-05,1.5041376218193e-05,-1.32484406466785e-05,1.7661070646631e-05,-0.000762013874587476,0.000821489972531637,-0.000332477805636961,0.000119835378418553,-6.92472581545325e-05,0.000150330371585111,-0.0013420834627475,-0.00255309215547922,1.17241426749248e-05,-0.000270643217265367,2.838042835384e-05,-0.000678103931507597,0.00137689739975028,0.0485154190548905,0.000395691581958549,-0.326543639973182,-0.00050660399822161,-0.00313087375440199,2.70498573760116e-06,-0.00162188809710955,0.000493378327789238,3.87195014590793e-05,-0.000715822550128916,0.000717093860190273,0.000433215655585239,4.59040051108956e-05,-0.000372672121936543,-2.25582301540746e-05,-1.30039401032086e-07,2.46859333669415e-05,6.07639199026935e-06,-7.13383778742269e-05,-4.23641228525337e-06,1.7498929258308e-06,2.12481266745074e-06,3.58172497571265e-05,1.34390174397328e-06,-0.000260870005049308,6.32518256704985e-07,3.73107673092957e-06,-5.27257717488941e-05,6.63509977167426e-07,-6.0325051949876e-07,-2.89599831055284e-07,-8.85100283398809e-07,1.44114031348728e-07,-6.32836817155284e-06,-2.399156993104e-06,2.0459628958015e-06,-1.64127210155918e-06,0.000130956343761735,2.25456082775779e-06,0.000112293520815916,2.847892611866e-06,-5.16885841709965e-06,-9.15029203015294e-07,1.14494131396634e-07,1.4835639438136e-05,7.63400059316036e-07,1.56573196150135e-06,6.88414501963572e-08,-2.75831267884927e-06,-9.88107013461534e-05,-1.32056449457474e-05,5.330485594711e-05,1.43954325367236e-05,-3.00130842734213e-06,-1.19134223837004e-08,-3.59641630322034e-07,-1.18548281016176e-07,-0.000572491937040754,0.000141955175747867,0.000637773397487917,-1.39017249587592e-05,-1.97201773930067e-05,3.94270759663632e-05,4.29888593439761e-05,6.52049296389833e-09,6.66171942949935e-07,-6.78362055307373e-05,-0.0215429847312079,-1.02414943464066e-06,4.39895986634543e-05,2.72133943742434e-05,2.75092429558074e-05,0.000127244804034879,-1.06966202107055e-06,-9.71441149055049e-06,-0.000510990936692981,-6.93816042624767e-05,0.00049268183388269,9.30790244535983e-05,-0.181670077661967,9.27974851373552e-07,0.0126825241821145,0.000102939899304577,3.45646887011122e-05,0.000274806156559665,2.32781672503184e-07,2.40155135392935e-06,-5.20650534638712e-07,-3.14430282043821e-07,2.14325889409837e-05,2.31699981317894e-05,9.98931572158492e-06,-9.32661509018087e-06,-1.94086724417711e-06,-7.7429766519475e-06,1.91251038613444e-05,1.05102390069978e-06,9.86400280975368e-05,4.49500108773346e-07,2.93649767720194e-05,2.00138555789881e-05,-1.22452927903102e-06,-2.35065495734809e-07,-5.48975047919926e-06,-2.40775613269287e-06,3.8923273059927e-07,1.77947162421091e-08,6.69923603182008e-06,-5.72106540121884e-17,4.89275231732916e-08,-6.60229421741571e-07,8.31092201658551e-08,1.19692219710876e-07,6.11622038481001e-07,-7.63851121222768e-09,-2.57875252679835e-07,1.44811908891752e-07,-1.08416247989179e-07,1.07162112580346e-08,-8.20270194624861e-08,0.000332544580011704,1.23846308699712e-08,-2.8356104170192e-07,-4.27486759242291e-06,1.28993599351847e-08,-9.83891975704643e-10,5.22906959604227e-08,-6.04932204837041e-08,9.6501596377439e-07,9.87484953572393e-06,-2.00783368686241e-06,1.21322228225317e-06,-8.15127630287015e-06,2.74308616719094e-05,-1.73153753952459e-06,6.80189245026691e-06,-2.32095664662699e-06,2.65146086936449e-08,0.000216721398093123,7.75471317672094e-07,3.51753945142705e-06,3.03841416694985e-08,-3.28555589192528e-06,8.99417729876645e-07,-1.85403911194017e-06,3.16933788291993e-06,-6.54777313525586e-06,6.05382928078061e-06,-5.2322495618609e-07,0.000173995135925862,-9.77943721368785e-07,0.00241627397497957,-2.59210757339059e-15,-0.111106443563287,0.000128755435751733,9.07034246502961e-10,2.7452653477703e-06,-2.53953482151452e-06,1.33076309242594e-06,3.50542685516584e-07,-2.00962411846077e-08,8.65612234661198e-07,-3.24141328723065e-05,-3.64646668575746e-06,5.47214847623428e-08,-4.51083758419027e-05,3.12855929318871e-05,-2.12348735880401e-06,8.39570506549278e-06,-2.7589732057038e-07,-3.95403577570684e-07,-7.32028076758909e-09,-9.50087016542588e-06,6.02529930060271e-07,-2.24552694484305e-09,5.18652707260573e-07,-3.58075020584988e-08,1.03188785731662e-07,7.714118648646e-08,2.79958334389685e-07,4.86035058386979e-08,-1.7319421844888e-08,-1.52476204220546e-07,1.97663849941498e-08,-1.09255659754582e-07,1.16672407856473e-07,1.20667422243747e-06,-2.83823479904374e-06,-1.94283929906935e-17,1.78598174500459e-08,2.84971321108936e-07,-2.88156707583739e-08,5.79474725576582e-06,1.81429537389614e-08,1.54819269868589e-06,3.7277309624937e-06,-1.43733206809139e-06,6.68812883634907e-06,1.85026970908698e-16,-2.24466035677258e-05,-5.24342581936284e-09,-8.40771733044896e-07,1.00455848666926e-07,2.17391214790511e-06,-5.73734887262643e-07,-2.62417276583548e-05,8.0844297719852e-06,-1.46531035373448e-06,0.000150541820884838,-1.58124040374286e-06,-0.112331817734159,3.18528686961262e-07,1.61660071156412e-08,7.89102869112763e-05,-8.30683825892621e-07,4.79894823826058e-05,-3.31492521872732e-16,1.38775144803957e-06,-9.59263107341499e-08,-2.76126184086467e-09,-1.8008915198336e-08,2.19658138739744e-05,2.90850200792592e-05,-3.29919164775411e-07,1.17674079288859e-06,6.11259485846377e-07,-1.71327343306765e-16,3.58912590885269e-06,3.44924694523632e-08,3.89241768716003e-06,-3.17778211013597e-16,-1.85625664942703e-06,-2.30058443128818e-07,3.46811086368883e-08,4.93626742507636e-06,1.56060287238961e-06,8.01224947161311e-07,7.07100255508526e-07,-7.16188139161062e-07,-1.43721293456362e-07,-7.5135888009269e-09,-1.31434730654126e-06,-4.76459825710047e-08,-1.15578687785537e-16,1.56326396347799e-08,-5.59645126130289e-07,-2.24364972100027e-07,1.05093179139047e-06,-5.37328923642764e-16,2.01375237227515e-08,-2.76360528775679e-09,2.27138881841056e-07,3.63846021459406e-09,4.38461098767242e-07,-1.00862601183509e-08,1.00402233965297e-07,-2.29675357349724e-06,-2.70060868822714e-16,-1.12918206782389e-07,-8.72340038746144e-11,1.50729146312139e-09,2.79321354613441e-07,-5.07247864787911e-10,-2.22672601274265e-10,-3.88578058618805e-16,-1.38033592228988e-17,-3.36436382297217e-10,-1.35444618324862e-09,1.82377235884209e-10,-8.15248707167058e-08,3.80277693741714e-16,-4.37374551370119e-08,-5.21574875987748e-10,1.55651109441657e-16,-3.30730964615576e-16,1.1443824943924e-16,9.73175893157231e-08,7.10678659009211e-09,-6.60839635446305e-09,1.83984041786928e-06,1.69803460470546e-08,2.51521596710617e-09,-1.0189757576773e-09,-1.96976493795571e-16,1.10465697907852e-10,-7.0244533571521e-10,1.82574896854217e-16,-2.28734502026157e-16,1.59257630113391e-09,4.00019574257803e-11,1.40413096816379e-09,-3.360828007467e-07,-1.95621062381707e-09,2.93161297813831e-08,-1.74297850332044e-16,2.9778339410299e-08,-1.2082119802444e-16,3.95132384107671e-07,-4.50377582450479e-16,2.89220102386471e-09,-9.62918278079667e-16,-1.31253911822674e-08,-3.52430780689022e-09,-7.20205764089717e-08,-2.87205194600528e-07,-1.29340001167535e-08,1.61355481361639e-09,-1.09594051729006e-08,-4.54683390673737e-09,-8.31417608056268e-07,-9.36296941195511e-07,-5.04628230965907e-09,1.57218669950875e-08,1.12878827082865e-06,9.74671962559707e-08,8.9465428068265e-09,-6.04096689807678e-16,-9.17913482240967e-08,1.72338188283381e-08,-1.12142208883098e-08,-2.32922822093945e-17,-8.06463316389377e-08,-6.96009341116071e-07,-2.31843409488157e-07,-7.54125130446105e-17,5.73334981762133e-08,1.27001664558662e-06,1.77021837094303e-15,4.53187990132602e-08,-1.27147501696546e-07,-4.16420438418187e-16,1.39708977700828e-15,5.10087133300457e-09,1.05850558604698e-06,6.25862190695556e-09,9.06936967238373e-06,-7.70960726761345e-07,-2.04956770720462e-08,-7.68567957777754e-07,-2.1105678722403e-07,5.88772998058942e-06,4.42527958721683e-15,-1.13258828264578e-09,-3.02491696654484e-08,-8.55491191496757e-08,-8.24979500388609e-06,2.81540551613045e-16,4.688330539481e-16,-2.82879377780695e-06,3.24923746412387e-16,3.18084144726529e-15,-4.59066090393425e-07,7.09816307057146e-07,1.33032784343239e-07,3.03026256755407e-07,-3.86891526785747e-06,-1.01403866426851e-06,-1.10500477434607e-06,-1.62488467025597e-15,-3.24195930011028e-06,-1.60077345689436e-07,-7.48451162290109e-07,2.16405422065247e-07,-1.03536025675185e-06,-4.77616595347314e-15,4.83945192393923e-15,1.16837614728402e-14,4.80444427698094e-06,7.12717530676875e-08,4.68391004340864e-06,2.49748962142804e-15,6.67987299924055e-08,1.31989935900941e-14,3.44379817092084e-15,-5.82944097072642e-05,1.53584070308917e-05,2.24100252244064e-13,0.853210858372353,-3.03352717544886e-06,-6.38062140202917e-14,2.30614797018805e-06,1.1021448330469e-14,1.76971953372924e-05,-1.41185857936562e-16,1.70114312913637e-05,3.75182541031239e-06,1.31809612886587e-07,4.55018992445951e-06,2.8706592068048e-05,-2.90146593525959e-07,6.85633808601844e-06,-3.13075280144429e-17,3.20295072750301e-06,-1.77001678911624e-07,-8.58159996774904e-16,-2.26933699943564e-08,-4.41252607135144e-07,9.85290595737195e-08,4.59038500162279e-15,2.80389745238208e-07,3.63120999145701e-07,1.2229795487236e-15,-9.82112970918483e-06,-8.43029918678212e-05,-9.56102719432458e-09,9.29991730208164e-16,-4.97829020268397e-16,1.55285916223099e-07,1.7450574105408e-06,1.40162607699446e-07,-5.17990142299357e-08,8.80434510308988e-07,-1.06790475708524e-15,1.18875544468216e-15,3.17392543933145e-06,2.18431865940218e-08,1.08624751515692e-15,7.50286636251134e-06,-2.81317590102519e-16,1.00195273764641e-07,-1.37419353277421e-06,-8.0155017323266e-07,-5.2785720425889e-06,-1.43044966721221e-16,-5.06198509505373e-16,-1.10771944255822e-15,-4.42021795602954e-16,-1.05606083988163e-08,-3.64767171302669e-08,7.55799563885436e-16,-2.60266815158162e-16,-6.35047321715677e-16,5.05807505688901e-08,4.51691588250922e-10,-2.4460261214511e-08,-2.16885568676996e-16,1.30429521350006e-15,-5.80265002714242e-16,-9.96438485435998e-07,3.04407209186289e-08,-4.46982529239099e-16,5.24426976879077e-09,-1.36216676497621e-07,1.76392365625684e-16,-3.22899503596e-16,-3.5117691671992e-06,-9.47175969167113e-10,-1.72140230110366e-06,7.03525752719876e-16,5.03389358562979e-08,8.05991791677067e-07,8.55592028545751e-07,-2.62965345777009e-06,-1.86154763716276e-07,3.01009103012914e-09,5.25611660218463e-16,1.40897346834885e-15,1.35896697738458e-16,5.52329953064178e-08,-4.99833575963867e-08,-7.10082628587277e-07,-1.44636301053188e-08,1.02469550520902e-15,-5.4650440351693e-16,-1.00205972847215e-16,1.36987327795881e-16,1.10451523463745e-15,6.76907985035742e-08,-5.63810772876275e-16,-6.17555687612236e-16,-4.11333568529407e-07,-1.2978361523532e-17,-3.680688997402e-07,1.91343968459226e-16,-4.56021471989858e-07,3.28846652224893e-17,-5.45486427232668e-07,-6.80733972993474e-08,-1.63624807383858e-07,4.46882355971212e-16,2.16471295381995e-06,-4.87086323176539e-16,8.89742256538824e-07,-1.39654977603219e-07,7.72437624301356e-10,4.93307327298959e-17,6.94981832000236e-06,1.90750521429859e-16,-3.02191259884545e-07,-1.54204727916819e-07,1.62781317802256e-16,-2.10562475322678e-16,1.41405369547033e-16,3.89424527010982e-18,-1.94185493665781e-08,-2.52453916606625e-07,-5.62654625042504e-08,-5.46437488654762e-16,1.59774127691294e-16,-1.56302843747205e-08,1.27452477849399e-07,1.00395317902446e-16,-2.19104989414477e-16,-4.12902566270023e-07,2.04123582606961e-16,-1.77827082255293e-06,5.71770353166742e-16,4.42714752248734e-07,1.86078470613154e-16,-5.87303617124098e-16,3.68229403029579e-17,8.59063698726002e-16,-6.03029640385505e-17,8.50197992017869e-17,8.41118467566284e-09,-5.88161834665349e-08,3.41449621798217e-16,-3.89008796857636e-08,1.63183269670284e-06,7.51325599545379e-16,-7.17766981501932e-17,3.4667072549051e-16,-1.92304805710538e-16,5.45041418077696e-07,8.70334400220127e-08,5.61531188359082e-16,-6.31985044897995e-17,-2.89365618244744e-07,-9.34475680203349e-08,-1.41376827568514e-09,2.02307678390425e-16,-1.58464194361651e-16,3.3517962118651e-17,-3.79601163654684e-16,2.05988391640224e-16,-6.66954732151872e-17,2.0558735919249e-06,-2.20032253900913e-05,-3.72405229208597e-07,2.79733578864745e-18,1.75730805592034e-16,2.61314133934309e-16,-5.0407566595919e-17,7.71212420069933e-17,-2.57369512064323e-16,8.46420106272547e-16,-4.56007377415843e-16,-2.55740902558738e-17,3.18577039258261e-17,-1.36995582974977e-16,1.33125675775903e-17,2.52260733191229e-17,-5.62576709212211e-17,5.35045565786677e-09,-4.42436001523504e-16,-1.89560373004564e-16,-1.42189484981539e-16,7.55886521794597e-08,-3.42108659101032e-08,-2.86631340871609e-16,-1.94941512294774e-09,6.88660718311481e-08,7.04528112814943e-17,3.09115127011497e-13,-1.32408913749193e-07,-5.61282186132266e-16,1.68486361934356e-09,1.70861315459625e-17,5.52840477036611e-17,-1.34710266852333e-16,-1.20671169525851e-16,6.15934357014082e-08,-2.25125013312073e-07,3.87313705766416e-16,1.76413448275279e-16,-5.57600676951436e-17,-4.69364717873809e-16,-4.92227786308419e-16,2.05419570729764e-16,-4.5066681756746e-16,-4.37317220132015e-17,2.66376838819104e-09,7.44631195594936e-17,5.25219708354979e-17,-1.94380419112199e-16,2.54198317744737e-16,1.51438682461801e-16,1.14223689902633e-16,-5.77205841215788e-07,-5.86359891655073e-17,9.32755411914297e-17,3.902294391401e-08,3.58043304807477e-17,3.96888859985387e-16,-7.13793737075221e-17,5.92914310998325e-16,3.23181480218251e-08,-8.81543273993087e-18,-8.93064059410176e-07,1.25500197477505e-16,5.6217449650811e-17,5.43178783489399e-16,-3.29116345721553e-16,1.71251532688587e-16,3.34864572766268e-16,3.21864226850189e-08,-1.17409699547179e-16,-2.57131132723384e-16,4.85036874152176e-09,-4.0097496670009e-06,-1.56998581316641e-16,8.24341790631372e-07,4.10539581008208e-07,-7.23941086866416e-17,-1.93402286025746e-16,2.527917040106e-16,-1.05358693825805e-16,1.30289111738104e-16,-6.84517015176406e-07,-4.36547785861802e-17,-3.05522680591462e-17,4.05171096422265e-17,2.73554055124881e-07,-3.83672050911602e-16,2.35785400910452e-16,-1.86492253837155e-16,-2.27765301918873e-17,-1.24343388688268e-07,-1.56083476068721e-16,9.98889049946465e-10,-1.31055159841497e-17,-1.82646498794393e-17,-3.73797252993168e-16,-1.26493460845189e-16,6.64642128428497e-17,5.76253534434279e-17,-3.03195713120139e-16,-1.72719391934236e-08,5.53713527246586e-16,7.89788783799425e-17,7.25534130473668e-09,4.40939507569739e-16,2.18059991726632e-16,-2.2358153241985e-16,1.04752570028395e-16,-1.0603516409869e-16,-2.2924063703544e-17,-5.24640065776789e-08,3.82408688065255e-16,-2.81693873147032e-16,1.56050694256152e-08,1.95529023590659e-16,2.14767016545949e-16,-1.61684933562061e-16,2.8195131236824e-16,9.74187366424725e-17,-3.3195870806922e-16,-9.22382787844027e-17,-1.87822380127881e-18,8.54381503371603e-17,-7.19724249786873e-17,-1.34992078083869e-17,-8.15504405047891e-09,2.70302864171694e-08,8.92813083599634e-18,1.64641889148481e-16,6.05525214999767e-17,3.36888641630601e-16,9.0205620750794e-17,-2.58935187203221e-16,3.08545176727521e-16,5.12770031648977e-16,-2.5704841545876e-08,-1.73329421165976e-17,-1.47994776406514e-16,8.25347883626563e-17,-2.25601795158481e-16,2.9868361548953e-09,-3.14571545227724e-16,-4.72678388158225e-10,-4.58587651596485e-17,-4.15855194364026e-16,-2.68148743793186e-16,-5.08383460537016e-18,8.62161065802056e-17,8.74686678179791e-17,-6.76804274956285e-17,-2.20683387623592e-16,-4.04464349637948e-17,-1.25783839932947e-17,-3.23927397272183e-17,-4.61984588327518e-17,-1.3514810707714e-16,-4.05659360579972e-17,1.2831491400932e-16,1.97679172782523e-17,-1.71871143558878e-16,-3.12796050021112e-17,2.38386974291636e-17,-5.86134732675767e-17,-1.07119174641568e-16,-1.35705420652628e-16,4.99862616659136e-17,-1.27143374642594e-16,-6.37139852887747e-17,8.33721774286105e-09,7.31911982385905e-17,9.40760062077643e-17,-9.63252035999118e-17,-1.11389205938955e-16,7.55296872830555e-17,1.52330623166923e-17,1.20983798188241e-16,3.05046629185121e-17,6.18634465651568e-17,-1.62770746497971e-16,-2.42861286636753e-16,-1.50422169914195e-16,-1.52930277407002e-16,6.42698956939739e-17,9.71401934685378e-17,-1.67905888735028e-16,2.66669577145636e-17,-1.06829819483822e-07,1.70169842855727e-17,1.85880990281483e-16,8.3325244319488e-17,2.76029557056397e-16,5.27862340164496e-16,1.64945044990572e-16,2.23721857940048e-16,-1.16286872690326e-16,-7.42790196178051e-17,6.64403115927384e-09,1.10529755714149e-16,-2.05965485734182e-17,-1.82402604501426e-16,-8.48330990383518e-17,1.61850635500005e-16,-1.99938087546861e-16,1.97639172203577e-16,-7.06180819659815e-17,-1.04121035251541e-16,5.90589627805587e-18,-8.94390214890354e-17,-6.46920686357025e-17,2.46389669701889e-17,1.13298368514888e-07,-3.38357862272677e-17,-1.58425190962067e-17,-2.24359431008198e-16,4.0766001685455e-17,-9.14573759404249e-09,-1.18024044959308e-16,1.10246556250859e-16,-2.38278008510919e-17,-1.91914242829162e-17,3.83896077525532e-17,-4.91823664156587e-18,-2.27114360176516e-16,6.25511312938375e-17,-5.63608621989446e-17,1.09666828754303e-16,8.47102809486409e-17,1.73143857741782e-16,1.06079875467834e-16,8.67660345732902e-17,3.01106768641487e-17,1.08434569853564e-16,-9.48487708394191e-17
"t119",0.0291998798764705,-0.00603166217033718,-0.0063992649449741,0.000235148451824718,0.00066990890671571,0.0043702834403265,0.000800715054152806,4.88055574645536e-06,-0.0120210924939153,0.0200053558481188,0.00747343662137317,-0.00435814959962957,0.00992246971085,0.00226086546509257,0.0762628545181157,-0.00242289668034058,-0.00180300047143986,0.000240601807133879,0.126120438505152,-0.0770362634754233,-0.00105897382149035,0.000169823954613862,-0.0148998254168615,9.28685385822373e-05,-5.2288719779128e-05,0.00251708183944335,-0.0103799309503591,0.000158026400145235,-0.00187734737990474,0.00734168751619503,0.000589234680674248,-0.0190378268100921,-5.61647471113737e-05,0.00385817119186766,-0.000439183341343298,0.23654337336042,-0.000170973550517065,0.000144211984591388,0.00466152312103848,0.000932530371910945,0.000468233252779839,-0.00334938772802174,4.47584791170905e-05,-0.00248166271245555,0.000106956047085547,-2.07868884650077e-05,3.80211242016236e-06,-5.64805415893263e-05,0.00269418546348917,-0.00469388172698148,4.90445516834414e-05,-4.43202623032655e-05,3.68402235811152e-06,-1.57036971061841e-05,0.000323732371902486,-0.000968459831451725,0.000120262087944156,-0.000398621679220317,0.00318617187703089,-6.38953427792993e-06,-5.88406428747303e-06,0.00659086330897576,-0.000154706882956352,0.000116183086800287,-0.000351393058251319,2.26996331512089e-05,-4.2964175888195e-05,0.000407533706451872,-9.75476374911556e-05,0.000432266520072935,-3.40157878190427e-06,8.52693291399781e-06,-2.90073484856984e-05,-1.8181843273298e-05,7.60712847748222e-06,2.22990364958841e-06,-6.44603531688146e-05,9.17087840550783e-06,-0.000899825105158584,-0.000333127952403806,1.87489831268128e-05,0.00143379534826265,-0.000632263476566173,-6.12282068441351e-05,0.000153888813034832,0.000118316400874526,-1.76403498671446e-05,-0.000105076049979089,-6.01096927531824e-07,2.32682605630641e-05,-0.000191841341361241,1.23917419114078e-07,8.5239338608049e-05,-7.29234845277813e-05,-1.16889029171907e-05,-1.62173956478501e-05,-1.90500366263383e-06,9.82744274681527e-06,-0.00010827058439696,-0.000858659687255298,-5.67428746068618e-05,3.73236874170665e-07,-7.78252546266568e-05,0.000926776018547991,-3.20512981955038e-05,2.41475081379374e-06,-0.000641629469317065,8.06987232606808e-07,-0.000346005155975181,3.10327752818702e-07,1.02776781762887e-05,1.98699562365175e-05,-6.14529971744379e-06,6.16679488203504e-06,-5.37837460225179e-06,7.0133224632003e-06,-0.000299560055520098,0.00031389267532342,-0.000123492958093825,4.35398490871563e-05,-2.48397178880175e-05,5.15115117101529e-05,-0.000445820892416943,-0.000847073701490567,3.87214911992965e-06,-8.64509910755801e-05,9.03981335386578e-06,-0.000209621797299781,0.000388240432203585,0.0136649463593727,0.00011056934120703,-0.0852031901007395,-0.000130335028378071,-0.000797188258030345,6.59258679118819e-07,-0.000392824099965238,0.000107996913053743,7.73911506361145e-06,-0.000124239843540245,0.000123922981871108,7.28941002254949e-05,7.61724182310327e-06,-6.04446169381146e-05,-3.62643943738742e-06,-2.09025116017987e-08,3.71354615010169e-06,7.88107455715376e-07,-7.7295577992079e-06,-4.36286007642529e-07,1.59402991087762e-07,1.91537214024214e-07,3.06531398389243e-06,1.11399009775178e-07,-2.08243199877048e-05,3.25295247607808e-08,1.74773403292899e-07,-2.29811774619695e-06,-2.12600676411779e-08,3.07347600393732e-08,1.56004191222057e-08,6.20358412436324e-08,-1.05828892814968e-08,5.98171023066314e-07,2.32964938885018e-07,-2.41353940047416e-07,2.27087817302039e-07,-2.60355036002381e-05,-4.53123955414801e-07,-2.263150674805e-05,-5.97958938466927e-07,1.1365331657107e-06,2.02508684535198e-07,-2.76065609138804e-08,-3.67003556744553e-06,-1.99235368309846e-07,-4.13891520882059e-07,-1.83164950415981e-08,8.2256844646391e-07,3.28089843501553e-05,4.46257533186968e-06,-1.83136182795449e-05,-5.18701895358623e-06,1.10095013006396e-06,4.44621233277294e-09,1.36396265276324e-07,4.7383406577123e-08,0.000231746109038172,-6.38102089859139e-05,-0.000287640975349763,6.48139836269436e-06,1.00336171825432e-05,-2.14838723794243e-05,-2.39676173879634e-05,-3.75902877084463e-09,-3.93553458704016e-07,4.3000016851633e-05,0.0138597550455101,6.79582806174697e-07,-2.96380130831857e-05,-2.05207559414062e-05,-2.08499948856173e-05,-0.000100901953468822,8.85694919707252e-07,8.88427445510137e-06,0.000467532512805686,6.40471844789092e-05,-0.000467194483708093,-8.99055285958003e-05,0.184108425028578,-9.96346053779394e-07,-0.0142467260625889,-0.000117237009151894,-4.18374182269669e-05,-0.000343809917222622,-2.91485142113648e-07,-3.08453153034433e-06,7.12320457664738e-07,4.35348956206055e-07,-3.15950384319012e-05,-3.56383965389367e-05,-1.55897861739968e-05,1.54418654525861e-05,3.25840185800994e-06,1.3197603533423e-05,-3.41236964040667e-05,-1.89252942089719e-06,-0.000178015054160795,-8.52064114386395e-07,-5.73304412059022e-05,-4.03669028382029e-05,2.50635062180401e-06,4.88476286792506e-07,1.1570514517386e-05,5.09506209394679e-06,-8.54527419809924e-07,-3.99675616310209e-08,-1.54214030732812e-05,4.13412988209392e-16,-1.16653445427087e-07,1.58517250003001e-06,-2.09382425636492e-07,-3.12878544040505e-07,-1.64793836726023e-06,2.0618369649456e-08,7.3614571808976e-07,-4.17286453176046e-07,3.13762581563929e-07,-3.16602664949046e-08,2.45746248111983e-07,-0.00102195683320736,-3.84914338998069e-08,8.85417468340369e-07,1.36923200467643e-05,-4.59665242440084e-08,3.6414767074118e-09,-1.99757644077334e-07,2.47646230233739e-07,-3.9701584787312e-06,-4.2655657802444e-05,8.914796573616e-06,-5.60348693844908e-06,3.81298078395203e-05,-0.000130040745945956,8.36268758247366e-06,-3.37725979499115e-05,1.15605438578608e-05,-1.41819472871539e-07,-0.00116109769498717,-4.16233883011127e-06,-1.92540595936704e-05,-1.67537316384615e-07,1.85457438240368e-05,-5.09913833486383e-06,1.21565421319371e-05,-2.1126706478122e-05,4.42259586997928e-05,-4.21567484380237e-05,3.73469977723019e-06,-0.00131455213082266,7.5137022483429e-06,-0.0188149778286178,2.22319040302714e-14,0.906558260915336,-0.00105713614321013,-7.60105028609682e-09,-2.4168672477663e-05,2.33502666099796e-05,-1.24956623664665e-05,-3.3262344313559e-06,2.19665337416187e-07,-9.55269549230522e-06,0.000358644186733209,4.21816777553195e-05,-7.23966592512988e-07,0.000611649919781305,-0.000431652577648619,3.10774479072181e-05,-0.000158381744488445,5.89572109610612e-06,8.51478722691257e-06,1.58001392157985e-07,0.00030254938447039,-4.10525540846228e-05,1.7869555086634e-07,-5.47019073496386e-05,6.23706122067753e-06,-2.24682253481835e-05,1.53581311610901e-05,4.86856403290016e-05,6.8587505922979e-06,-2.16452519034305e-06,-1.38381381170016e-05,1.37485901604552e-06,-6.24014249650878e-06,6.17828644491359e-06,5.68343509622072e-05,-0.000107921067416851,-1.01921456770039e-16,2.95163943212623e-07,4.4227883300241e-06,-4.08309072476298e-07,8.18926306634764e-05,2.55684908118695e-07,2.13473327038033e-05,4.9346388002059e-05,-1.81362614645214e-05,7.66612427108317e-05,-4.56420409378061e-15,-0.00020662826626922,-4.69517186378178e-08,-7.09122539358596e-06,8.41178507041152e-07,1.56049118611076e-05,-3.76393602834093e-06,-0.000150257625026081,4.18177652371485e-05,-5.88626284888021e-06,0.000449157204817691,-3.68281072057486e-06,-0.220167819067502,5.51070157637029e-07,2.13303925282286e-08,0.0001005331977941,-8.14745862618838e-07,3.60747434281388e-05,-3.82744625501434e-16,-1.4088911318614e-06,1.34157748369647e-07,3.87225977826021e-09,4.56427671909172e-08,-5.95666196996387e-05,-0.000146817045046205,1.9075177973577e-06,-6.97915340551832e-06,-3.97888329645876e-06,3.83183549272481e-16,-2.58327637343381e-05,-2.57382422355149e-07,-3.30593405274941e-05,3.29120898979695e-15,1.79939078212758e-05,2.29847484401937e-06,-3.51913432489657e-07,-5.17075674519408e-05,-1.72298942573031e-05,-9.19712130780106e-06,-8.36517188227453e-06,9.25166817616048e-06,1.87582082417507e-06,1.04061301074392e-07,2.0175589644257e-05,7.35197976464191e-07,-2.5666994137755e-16,-2.93984941427646e-07,1.08901694408244e-05,4.70678813805249e-06,-2.47159140555006e-05,-1.37242398601814e-16,-6.08228163698795e-07,1.12076347929743e-07,-1.05976197918164e-05,-1.81611639477897e-07,-2.37798665315514e-05,6.426766414539e-07,-8.52499615918281e-06,0.000520489480794705,-8.4456670525769e-17,0.00184560977695481,-3.65835371447364e-07,1.82386462258933e-06,0.000178982192162535,-3.14444882651542e-07,-1.23570201438038e-07,-9.43689570931383e-16,-8.9010347387976e-17,-1.22209956801716e-07,-3.98490975727717e-07,5.25883584137422e-08,-2.09385574001923e-05,1.83209043373996e-14,-9.93654744086191e-06,-1.17230728308016e-07,-2.77677423466279e-16,-3.07893193107884e-16,-1.38799653689784e-16,2.47915562151674e-05,1.87636552109726e-06,-2.07106140769706e-06,0.000724380188665671,6.91668457130622e-06,1.57288495257588e-06,-6.8351144551106e-07,-3.60168969262513e-16,-1.50447262161455e-07,4.22114644023718e-07,2.87980676334495e-16,-1.25960236955444e-16,-2.63259194175663e-07,-5.48994966887493e-09,-1.55055050512136e-07,3.25838533472678e-05,1.51739196051308e-07,-2.19942615779934e-06,3.04733145199476e-16,-2.13679487513912e-06,2.87853469221679e-17,-2.50953118432987e-05,3.94866431219221e-16,-1.68766872181372e-07,-1.54097547155823e-16,6.91476663287296e-07,1.81995694447022e-07,2.90793956005108e-06,1.10462621583884e-05,4.87629797398896e-07,-5.58991777928934e-08,3.53753641861097e-07,1.25610934874507e-07,2.29381772473087e-05,2.46782002554349e-05,1.22613350339882e-07,-3.44037442687653e-07,-2.26946277764367e-05,-1.83672165787023e-06,-1.63399014837821e-07,1.4705548163396e-16,1.52497197044015e-06,-2.62108629348644e-07,1.34488243622981e-07,4.59344753486265e-17,9.05466831200894e-07,7.08874321060212e-06,2.2665373538751e-06,2.4561996257881e-17,-5.48887008030344e-07,-1.11987808749373e-05,-1.21728620646466e-16,-3.83930003371563e-07,8.50640722968747e-07,2.3599543046573e-16,1.40312096036754e-16,-3.11610087718081e-08,-6.41397708255062e-06,-3.65074061396605e-08,-5.05928011886158e-05,3.88789787851241e-06,1.02460118798908e-07,3.79499813218341e-06,9.10574546065811e-07,-2.27276594804674e-05,8.13151629364128e-16,4.19032480916832e-09,1.11099309296405e-07,3.06217536134938e-07,2.86248838318751e-05,-3.00523687979559e-16,-2.38882758006888e-16,9.40306456623224e-06,-9.34193250758325e-18,-1.32028475720112e-15,1.15385470807658e-06,-1.69620493044973e-06,-3.17560502864164e-07,-6.45723989340135e-07,8.11568354467234e-06,2.11994153790471e-06,2.26004659024071e-06,9.57076879963681e-17,5.18373045286631e-06,2.4193906106026e-07,1.10997184642738e-06,-2.91202132166333e-07,1.1496821523743e-06,8.32809309856383e-17,-1.59611015276887e-16,-2.15708544973629e-16,-3.85918763981623e-06,-4.85188672994382e-08,-3.14606715772134e-06,-5.14418099160838e-16,-3.73553099892698e-08,-5.88473331457706e-16,1.75668614763146e-16,6.97756918781151e-06,-1.7614973076153e-06,-4.12517242587285e-15,-0.0163350666925945,-1.04847236512708e-07,1.49080576666928e-15,3.23448415292046e-07,1.65647433321718e-16,4.6109859522875e-06,3.75791358377763e-17,4.61011260007199e-06,1.04698519599348e-06,3.79777017732982e-08,1.36816218454834e-06,9.43393723202968e-06,-1.2477870050165e-07,3.85822332772254e-06,-3.47628243133504e-19,2.28900724342958e-06,-1.29222912348212e-07,1.15376799721984e-16,-1.70280426725637e-08,-3.47109829792144e-07,8.0660400005453e-08,1.78815952330413e-16,2.58773918786414e-07,3.42315200343303e-07,1.21178358210586e-16,-9.51272451966231e-06,-8.27177587838406e-05,-9.81920563928573e-09,-6.44761465275876e-17,-1.81077857888442e-16,1.75402633100457e-07,2.04329127000214e-06,1.65281975244826e-07,-6.95946698710635e-08,1.20459825865181e-06,2.94028611608746e-18,1.76153827623194e-16,4.395447446825e-06,3.02955434261212e-08,-1.1406860763601e-16,1.06124325144471e-05,-9.73025526219002e-17,1.44315728999666e-07,-2.02668843097121e-06,-1.18406999867512e-06,-7.84722614353699e-06,-3.98020878798247e-16,-5.51334178084268e-17,1.65366848764285e-16,7.58899088991869e-18,-1.6551145673253e-08,-5.73987460841656e-08,1.16954360727346e-16,6.34581235801466e-17,6.41300877416889e-17,8.07300788023503e-08,7.25250293314158e-10,-3.98975962974736e-08,-3.69151975027164e-18,1.10588621593521e-17,-9.49761103097302e-17,-1.70630315985936e-06,5.2207683439163e-08,-2.41292767858464e-17,9.14904052345252e-09,-2.39220327968184e-07,8.86010860740245e-17,-1.31953110226792e-17,-6.26092089902926e-06,-1.69064808668903e-09,-3.09874598859153e-06,-1.21461342434901e-16,9.18600665783155e-08,1.4814803715455e-06,1.58809666947267e-06,-4.94383025168593e-06,-3.51143022074563e-07,5.71275408406664e-09,-3.28131389541211e-16,-1.64042441463352e-16,-1.67409385304471e-16,1.08250507642851e-07,-9.80068717986105e-08,-1.39760482734353e-06,-2.89900632825306e-08,-1.42462252578098e-16,1.59052463057248e-18,2.83391004100306e-16,2.45086885466868e-16,6.59454524015347e-17,1.38066723562822e-07,1.46861090468725e-16,-8.84217274744469e-17,-8.4440583102356e-07,-6.63976443273827e-17,-7.55845160115452e-07,-2.14604227047867e-17,-9.36990769516835e-07,-4.63375488045423e-18,-1.13279522520275e-06,-1.41711634690897e-07,-3.41877701617379e-07,1.75795819857862e-17,4.54296043880076e-06,-1.73420037742261e-17,1.88468048541922e-06,-2.99199804507554e-07,1.65567393114403e-09,1.09908685804494e-16,1.49615214165599e-05,2.40632244105758e-17,-6.54887811516085e-07,-3.342879776563e-07,2.98832967524627e-17,8.90697785125768e-19,-4.39121670016119e-17,-9.40612913408072e-18,-4.23171142916707e-08,-5.50895038912347e-07,-1.22971288743688e-07,4.69221965393496e-17,6.78267575691582e-17,-3.44074982081768e-08,2.80652779389642e-07,-1.23281579434117e-16,-3.82254648170218e-17,-9.16893296154311e-07,-1.67802400049514e-16,-3.95563448595225e-06,4.69435362093953e-17,9.89565582901723e-07,4.11236465945987e-17,-3.30385450949842e-16,-2.96444977223817e-17,-7.04172112673252e-17,7.72130819471143e-17,1.16774960230082e-16,1.89748575166546e-08,-1.32699188033639e-07,4.44011044313331e-18,-8.80330077318418e-08,3.69742870153138e-06,-4.71262969310288e-17,2.37788912768575e-16,8.24585320107139e-16,9.1236730778008e-18,1.24135349583501e-06,1.98453007106735e-07,7.48173089567453e-17,1.02510272224188e-16,-6.60654119698144e-07,-2.13386513945586e-07,-3.23011784511531e-09,-1.30667804996913e-17,7.99834746997795e-17,-2.51314799726632e-17,1.71548682846692e-16,2.65315565464224e-17,-2.9687513695784e-17,4.73750913764927e-06,-5.07420984394735e-05,-8.5945060283774e-07,-6.87045521017402e-17,-1.01502415428888e-17,3.00906084515267e-16,-8.8348089208754e-17,-8.66652048632778e-17,7.13383192563043e-17,1.89451796396741e-16,1.59011626158326e-17,4.74984039711608e-18,-8.45916266481286e-17,1.83754659843968e-17,1.73263552201474e-16,-1.43105006503595e-17,4.77751927678738e-17,1.24911106239223e-08,5.8812747892187e-17,2.26571741587534e-16,9.10770079074792e-18,1.76714507530846e-07,-8.00050655002175e-08,-7.02819902305416e-17,-4.55977122458711e-09,1.61348146731752e-07,-2.89663727573755e-17,7.280513146025e-13,-3.10846630276212e-07,-2.17696935819582e-16,3.96479091673099e-09,5.68634170573201e-17,-5.86005138932867e-18,-2.81265470230325e-18,5.65921167797749e-17,1.45453281228929e-07,-5.31757068078423e-07,8.27596793191729e-17,2.04667796834321e-16,9.90209166782671e-17,4.2227814471977e-17,1.27502175484295e-16,-6.9855693856864e-18,3.30677202611497e-18,2.03074629926376e-17,6.35911972322008e-09,4.39014075157947e-17,-2.61211980617945e-17,5.02390591695751e-17,-5.81371100466706e-17,-5.09141390301723e-17,1.64649787521938e-16,-1.38066332852654e-06,1.98013709705041e-17,6.95592111201586e-17,9.33748518357119e-08,6.759738006188e-17,1.58177809248851e-17,-3.78141432618627e-17,-2.1841107146711e-17,7.7631995684011e-08,-2.378706418289e-19,-2.14663382547812e-06,-6.88103874583687e-18,-1.41127498715652e-16,6.88336038749368e-17,-9.08425895271292e-17,4.348962174919e-17,-1.41819626347952e-16,7.74645208487227e-08,-1.9554071335662e-17,2.02447419408166e-16,1.16846021663695e-08,-9.65998989913724e-06,-4.07787522135404e-17,1.98749959708524e-06,9.90055157591148e-07,1.25159171414045e-17,4.8373772052648e-17,2.23386518979284e-16,3.55989456673223e-17,-6.97649669017442e-17,-1.65623229900205e-06,9.10705914211961e-17,8.70533506128689e-17,8.5421231907603e-18,6.62392554166585e-07,-1.10413803194323e-16,-1.8642833619032e-16,3.65189691057811e-17,-2.80009626071545e-16,-3.0138254962816e-07,-1.36203962592446e-16,2.42180207371925e-09,1.50074677887539e-17,4.59474716478654e-17,-5.20895648816073e-17,2.56286151470318e-17,6.42061941280655e-17,4.37362415268931e-17,-4.80236261851047e-17,-4.19367430202741e-08,-6.27682233649862e-17,2.64763941310764e-16,1.76221660443222e-08,-1.18122319154991e-16,3.56399260583376e-17,1.89032738015054e-17,9.70967008689854e-17,-3.79336787910976e-17,-6.65870644032799e-18,-1.2755714830061e-07,7.42751384964522e-17,-7.10625226327944e-17,3.79573727284538e-08,-2.70614423180741e-17,-2.80909532105226e-16,1.47179742115294e-17,7.1535559899499e-17,-1.35725453402081e-16,7.49428379720667e-17,-1.46885270678563e-17,2.47081087339834e-18,-1.23476785550483e-16,1.57207702967533e-17,-1.64554302562844e-17,-1.98651185146391e-08,6.58545598942893e-08,2.45419724613549e-17,-4.83289551387351e-17,-7.78052700901528e-17,3.56609386371756e-16,1.29236898960272e-16,-7.37646875527984e-17,-1.58325597793095e-17,1.73882076561555e-17,-6.26755181093262e-08,-1.11667941662489e-16,-4.47375835114438e-17,-2.14195975740639e-16,-4.68635304633416e-17,7.28726544584238e-09,1.53468759999038e-16,-1.15397552144295e-09,-3.00681885497516e-17,5.95496425806285e-17,-7.32001157848592e-17,-1.09314068895753e-17,-5.01710218325986e-17,1.16858894223537e-16,6.60162273153939e-18,1.51114252454656e-17,-1.86179818285464e-17,-8.73775058939473e-17,-1.55536834042736e-16,-1.61416620875319e-18,-6.88550870323322e-17,6.1569220981458e-17,-1.74860512030284e-17,6.55560735130585e-17,-1.95538130968119e-18,1.47145793482985e-16,-2.63204240024559e-17,1.68407904348935e-17,-3.12250225675825e-17,-6.17039247164337e-17,-2.11773997529978e-16,6.3872133829727e-17,-5.07967193830798e-18,2.03910960467197e-08,-1.53415188384078e-16,9.42300656254189e-17,-2.06822343706087e-17,-2.02687235007722e-16,-5.2612032883574e-17,2.17022724816953e-17,-2.19102961063266e-17,1.05866300308681e-16,-9.03982321925588e-17,-1.27626983985976e-16,2.23345647532014e-16,-1.34482971275199e-16,1.08109521821358e-17,1.1488423551158e-16,-1.42040575088082e-16,2.51915206224983e-16,-6.35341625023257e-18,-2.6148775191381e-07,3.46153042793159e-17,1.09836657376052e-16,-1.1980037322967e-16,-1.57785736953017e-17,2.42698205032208e-16,3.83580077965837e-17,-1.12068479558033e-17,1.6363331966552e-16,7.52569101965526e-17,1.62701613935935e-08,2.45427761108119e-16,-3.82210133983536e-17,1.00438282683488e-16,-6.42085670831349e-17,1.81229628022734e-17,-3.4908320477232e-17,-8.37865289679237e-17,3.59287418811156e-17,3.94063555949854e-18,3.00811778055386e-18,-3.32455368336409e-17,1.12624914079678e-16,-6.46176019715022e-17,2.77489223054388e-07,2.22891954866226e-17,-1.04510069648352e-16,-2.09298173305471e-16,-4.98732999343332e-16,-2.2398839359316e-08,-3.09358092325677e-17,6.5123144527348e-17,1.80707691347183e-16,-6.72700907746147e-17,-1.16999090664512e-16,5.22362993961333e-17,-6.9382880895305e-17,-1.06978855606557e-16,-2.77368524776726e-17,1.16708133435737e-17,-7.9551431233686e-17,-4.18601632499808e-17,-7.94157331722502e-17,-1.01646209024226e-16,1.19048048711371e-16,3.14032567125753e-16,-2.235191652719e-16
"t238",0.0291791253142948,-0.00602256246918089,-0.00638929401651563,0.000234655042675384,0.000668180572985663,0.00435700242736766,0.000798232638635841,4.86418560871894e-06,-0.0119732159156135,0.0199080232380134,0.00742677706246282,-0.00432420222247367,0.00984276435054008,0.0022424103468441,0.0756112253693486,-0.00240087828111018,-0.00178619330570461,0.000238315063313703,0.124891719155541,-0.0762150777658353,-0.00104667389088992,0.000167394545091805,-0.0146732235473286,9.14470732562359e-05,-5.14848270372617e-05,0.00247629186525931,-0.0102094626485708,0.000155404673071452,-0.00184524820641432,0.00718960894037526,0.000576072510097314,-0.0185895542329953,-5.47272628216473e-05,0.0037537367761363,-0.000426550667107473,0.229061556352838,-0.000165480004948602,0.000139485997586369,0.00450745574208125,0.000901131607247526,0.000451892914062623,-0.00322888773016122,4.31174873721025e-05,-0.00239053482059498,0.000102940444138349,-1.99412971344553e-05,3.64368481569545e-06,-5.41005170514103e-05,0.00257705692485819,-0.00448289126302774,4.6741080422117e-05,-4.21961229712816e-05,3.50693625039822e-06,-1.49297327815268e-05,0.000306986208382588,-0.000917998261550343,0.000113142247203429,-0.000374205467036613,0.00299022542337283,-5.96302699051724e-06,-5.46670267488304e-06,0.00610926834628223,-0.000143128795711345,0.000107435759607395,-0.000323741218238676,2.08417513013453e-05,-3.91342416529175e-05,0.000369804311305517,-8.83581407032121e-05,0.000390253232888595,-3.0130094712813e-06,7.42875400783216e-06,-2.52025892219946e-05,-1.570562026248e-05,6.56621306041877e-06,1.91979217819131e-06,-5.54379566177592e-05,7.84606950882889e-06,-0.00076026408103452,-0.00027996175905683,1.56073656899852e-05,0.0011910008244707,-0.000516646539857307,-4.97700418733608e-05,0.000122095401534037,9.32035574553879e-05,-1.37925621865199e-05,-8.20548318357795e-05,-4.69249810992132e-07,1.81496693012484e-05,-0.000149198353933912,9.35249054694054e-08,6.41432886487354e-05,-5.37403843721959e-05,-8.27166338106162e-06,-1.13998299948373e-05,-1.3386771084464e-06,6.78447481251366e-06,-7.42332983604433e-05,-0.000572737055501438,-3.69352712630407e-05,2.42398693360215e-07,-5.04138299683791e-05,0.000521093494274505,-1.7785546853248e-05,1.32587357949155e-06,-0.000345491548965669,4.32094965602262e-07,-0.000183395482629824,1.61899549210118e-07,5.33361434561588e-06,9.97841779987276e-06,-3.07349238349203e-06,2.78894879045826e-06,-2.37352254561876e-06,2.92000557795335e-06,-0.000121230233865358,0.000116484859046011,-4.15469257988411e-05,1.34362852703743e-05,-7.25574194465808e-06,1.1897432606939e-05,-8.36386717190092e-05,-0.000157454613837041,6.94485296355921e-07,-1.12887237258397e-05,1.14214006511834e-06,-1.69417888181259e-05,-2.68816177573412e-05,-0.000971640346175076,-9.38013240385531e-06,0.0177650617469921,3.06461401727014e-05,0.000203253934512406,-2.2501315905569e-07,0.000139053847009567,-6.17439612700481e-05,-6.10349425564047e-06,0.000145383951258492,-0.000146577227764017,-9.19848114663344e-05,-9.93299588098866e-06,8.30809396444392e-05,5.08556233835713e-06,2.93206565034953e-08,-6.01271027826405e-06,-1.70289203426676e-06,2.27163615628543e-05,1.38994584913175e-06,-6.1177875938632e-07,-7.465180208166e-07,-1.28807850279128e-05,-4.89885040149317e-07,9.65524269951719e-05,-2.67147680111046e-07,-1.60759592824534e-06,2.30370803358822e-05,-3.85267841600021e-07,3.72530476438661e-07,1.80499309669338e-07,5.79995528540008e-07,-9.53930775011883e-08,4.45569626458026e-06,1.70166752238762e-06,-1.53766180003415e-06,1.30218130397574e-06,-0.000120540068712326,-2.08571653120943e-06,-0.000104018156964718,-2.68961888186776e-06,4.99242297499925e-06,8.86640825919228e-07,-1.15895357412142e-07,-1.52218246545737e-05,-8.06292174392176e-07,-1.66542609235927e-06,-7.34896838999524e-08,3.14465762823955e-06,0.000120357238214392,1.62669885501491e-05,-6.63664196882951e-05,-1.8492938854245e-05,3.90205663877342e-06,1.56708741229184e-08,4.78294432354206e-07,1.63534013292425e-07,0.00079688432725947,-0.00021338988783481,-0.000961131463304584,2.14885447235094e-05,3.26639434654435e-05,-6.91137481205549e-05,-7.68366169391074e-05,-1.19954579659728e-08,-1.2520856874687e-06,0.000135853685108221,0.0437387639229494,2.14040883899879e-06,-9.3275293899829e-05,-6.44859091880761e-05,-6.55282651989247e-05,-0.00031768737728777,2.79700973056066e-06,2.84000926836337e-05,0.00149465478594215,0.000205054330999184,-0.00150307614183644,-0.000290320603474181,0.601166990761441,-3.30718499110171e-06,-0.0480226619024455,-0.000397224548644484,-0.000145455122838369,-0.00121478853375465,-1.03036691395014e-06,-1.10526204980763e-05,2.65278038231807e-06,1.63452948498263e-06,-0.000124418350394057,-0.000145732962907544,-6.4651358424428e-05,6.82695986973994e-05,1.46501448737168e-05,6.04897632917199e-05,-0.000166775672145228,-9.38081019588594e-06,-0.000885487084116146,-4.61256535529317e-06,-0.000329135525338761,-0.000249394077110541,1.60609764964816e-05,3.25887002701836e-06,8.03610941040147e-05,3.58093128977013e-05,-6.77883282224418e-06,-3.46211242464496e-07,-0.000149027857135074,-2.331856171726e-16,-1.3652526741374e-06,1.93998248010432e-05,-3.83057140238891e-06,-9.70148561331853e-06,-0.000130004884593231,1.79794803694731e-06,-2.63778825066515e-05,1.19477084822109e-05,-8.21369165599851e-06,5.83941082659554e-07,-3.75751702535503e-06,0.0118011786783538,3.99576639723583e-07,-8.81822452597692e-06,-0.000110977890043386,1.96963962859619e-07,-1.30703651378579e-08,6.25673633004823e-07,-5.9177584651241e-07,9.31580326013139e-06,8.41583745455967e-05,-1.60180638542985e-05,8.84011401696085e-06,-5.77351167929784e-05,0.000188668253309973,-1.14393593725136e-05,4.23688770291776e-05,-1.43611886375533e-05,1.41648333430854e-07,0.00115390802146825,4.11338333309233e-06,1.79310046576698e-05,1.5260574767275e-07,-1.57381099073755e-05,4.27031277907314e-06,-6.5075960104593e-06,1.07287545322898e-05,-2.152507288859e-05,1.85625629804746e-05,-1.51326693825096e-06,0.000436047635278077,-2.3422408551405e-06,0.005575503816397,-5.56727219331154e-15,-0.22301869515294,0.00025335761275294,1.66798532599296e-09,4.20732564629829e-06,-3.21562970382185e-06,1.5147776670906e-06,3.76670456096173e-07,-4.3266964895335e-09,1.35699461611023e-07,-4.56645908374785e-06,4.84786880394814e-07,-5.37446668561361e-08,5.15458516610568e-05,-3.93318867946207e-05,3.51064767309533e-06,-2.96196646120488e-05,1.26317972823538e-06,1.83732156337983e-06,3.41651670130574e-08,8.32821105730087e-05,-1.36156336007869e-05,6.04125656015089e-08,-1.8990676002513e-05,2.23129653431063e-06,-8.10878934740093e-06,5.92097874982398e-06,1.885415142022e-05,2.67768656994307e-06,-8.49622826419023e-07,-5.52561039167773e-06,5.588741266497e-07,-2.57634470238258e-06,2.5674697308059e-06,2.38716999899784e-05,-4.6302738354958e-05,-6.62418999653133e-16,1.38609487022259e-07,2.08846451976594e-06,-1.94169747317133e-07,3.89509445483032e-05,1.21636179247616e-07,1.01704803663793e-05,2.3569424904592e-05,-8.68458669802811e-06,3.68411662991582e-05,-0.707106781186544,-9.91755187265211e-05,-2.25070141365293e-08,-3.3867605177512e-06,4.01529850854506e-07,7.32548767949246e-06,-1.74087532654857e-06,-6.73927125675322e-05,1.81935497894356e-05,-2.29142291137869e-06,0.000138929725702432,-7.97038047009164e-07,-0.0296132464822154,3.57775429837771e-08,-2.59768766198119e-09,-1.50814308048565e-05,3.22731451420564e-07,-2.61040151213746e-05,-8.86667377329101e-16,-2.46419228237937e-06,1.9663251191876e-07,5.66765115341506e-09,5.17707936551474e-08,-6.6008571920595e-05,-0.000138276464850811,1.75324688596751e-06,-6.38790668583515e-06,-3.59008522447848e-06,1.26780082906117e-16,-2.29896560506888e-05,-2.28016951193546e-07,-2.88611446049455e-05,2.54284789970252e-15,1.55130522395598e-05,1.97653522416665e-06,-3.02238936513225e-07,-4.42975953891575e-05,-1.47034748160756e-05,-7.82752232852571e-06,-7.10546829155738e-06,7.81754989107497e-06,1.58415315934723e-06,8.76125650776669e-08,1.69084283709402e-05,6.16012578019132e-07,-2.41995321420645e-16,-2.44693907127628e-07,9.05607721561678e-06,3.90715384698051e-06,-2.04722705927143e-05,-1.48857475646085e-15,-5.02267523708194e-07,9.24159227672951e-08,-8.73707555600336e-06,-1.49727660692075e-07,-1.96062681167929e-05,5.30024783894599e-07,-7.03630680702983e-06,0.000431004104510676,6.83680441710047e-17,0.0015340607120405,-3.0418675970147e-07,1.51763705183377e-06,0.000149085959320267,-2.61942757274295e-07,-1.02968539069967e-07,6.24500451351651e-16,1.84641468230499e-16,-1.02011169211829e-07,-3.3313496259138e-07,4.39717677946119e-08,-1.7531826377098e-05,1.52791991960959e-14,-8.34493337642841e-06,-9.85841409368717e-08,3.94854901866689e-16,3.17165096515898e-17,-2.68559469430169e-16,2.09342793888493e-05,1.58524562156875e-06,-1.75283818109016e-06,0.000613987260239879,5.863617784295e-06,1.33549078057006e-06,-5.8045302261129e-07,-1.53474297330558e-16,-1.28156631013415e-07,3.59954188832593e-07,2.72881016499595e-16,1.31007179995882e-17,-2.25397103059119e-07,-4.70480259781253e-09,-1.33044786070085e-07,2.79814664505168e-05,1.30507787984325e-07,-1.89214720761126e-06,-3.74706523196487e-17,-1.83888199768969e-06,-1.44922882625523e-16,-2.16171484936004e-05,-3.84024409494366e-16,-1.45477100202183e-07,-1.10899059062138e-15,5.96573333682813e-07,1.57044734530074e-07,2.51496887511008e-06,9.55801494652118e-06,4.22014905884831e-07,-4.84183870975533e-08,3.06634013881288e-07,1.09059048358343e-07,1.99158756786854e-05,2.1437265039596e-05,1.06606318244763e-07,-2.99475763994894e-07,-1.97742307950953e-05,-1.601567289677e-06,-1.42531060417016e-07,3.79886746671671e-16,1.33169400140557e-06,-2.29127774694431e-07,1.17899036263432e-07,5.40921747805177e-17,7.94400121665193e-07,6.22640766810979e-06,1.99177652965065e-06,2.85503525122105e-16,-4.82466739322218e-07,-9.85306356289545e-06,1.34178980213763e-16,-3.37950599967224e-07,7.50749436536098e-07,-4.53632625247215e-17,-1.7106563629962e-16,-2.75284354948056e-08,-5.66675512556164e-06,-3.2267082704288e-08,-4.47368510487348e-05,3.44131298651906e-06,9.06985963956613e-08,3.35976168945901e-06,8.07138887659038e-07,-2.01647835680701e-05,6.43582409587395e-16,3.71905160851457e-09,9.86098840196349e-08,2.71846866457999e-07,2.54178143181195e-05,-1.1029560832667e-16,2.99645597549724e-16,8.35212507254025e-06,-1.29662391065519e-17,-9.26660308263741e-16,1.02657156337115e-06,-1.5094309210797e-06,-2.82594262197561e-07,-5.74859752528377e-07,7.22537441809881e-06,1.88739736895797e-06,2.01225453150363e-06,-5.95199053128981e-17,4.61683073123689e-06,2.15474285774073e-07,9.88538312308325e-07,-2.59300791424308e-07,1.02300623339406e-06,-2.85524517748513e-17,-6.70919973123168e-17,-4.8962644073016e-17,-3.4253467758087e-06,-4.29770511825904e-08,-2.78619423846508e-06,-3.66569927600564e-16,-3.29829312106743e-08,7.09352342807629e-17,-1.64407110248937e-17,5.67576317503434e-06,-1.42585076469529e-06,-1.22818422099158e-15,-0.00541212217173272,-1.28415644966037e-07,3.26930312137716e-16,3.18807980867646e-07,3.23158287750531e-17,4.38206667615143e-06,3.51147032767537e-17,4.37410753136507e-06,9.92226025423432e-07,3.59470214089683e-08,1.29296115610384e-06,8.88816189506958e-06,-1.16679645052135e-07,3.58900920393675e-06,3.44615966122118e-16,2.12304493368394e-06,-1.1983129865791e-07,7.12225407005837e-18,-1.5786973629694e-08,-3.21703218698589e-07,7.47388812149868e-08,-1.71187302545926e-16,2.39671570608236e-07,3.17035216723645e-07,-2.5579316984053e-16,-8.81000416530586e-06,-7.66070243226534e-05,-9.0941021043757e-09,1.04876085132496e-16,5.61161572685317e-17,1.62497203631776e-07,1.89332412352763e-06,1.53157919315664e-07,-6.45674174074372e-08,1.11784260219553e-06,5.82117676162234e-17,-1.40513832444174e-16,4.07955830171258e-06,2.81188776312198e-08,1.26793483870993e-16,9.85277517097061e-06,-7.29492896919334e-17,1.34023521110383e-07,-1.88290768031093e-06,-1.10009965430514e-06,-7.29156286138293e-06,-4.02050997431738e-16,2.93261069181426e-17,1.2357151825591e-16,4.48837934150443e-17,-1.53955730290833e-08,-5.33960680917141e-08,2.22461877042239e-16,1.86883153021723e-16,6.07367147926003e-17,7.51250422162109e-08,6.74993263939516e-10,-3.714743776072e-08,9.39289689388956e-17,8.98803600990483e-17,3.14201789586299e-16,-1.59085664992352e-06,4.86776925054356e-08,-9.14919070078866e-17,8.53506618699444e-09,-2.23215891428118e-07,5.29193065198611e-17,1.86072109306064e-18,-5.84510102055629e-06,-1.57842985379605e-09,-2.8939568103713e-06,2.66198635741785e-16,8.58336968453894e-08,1.3846863690931e-06,1.48493135236344e-06,-4.62520801146974e-06,-3.28560858055478e-07,5.34684296151246e-09,-2.34406245197617e-16,2.25971736961627e-16,-1.79273788987557e-16,1.01477093376773e-07,-9.18766483642757e-08,-1.31045047762216e-06,-2.72099771363518e-08,3.97168372517619e-17,-6.75936673128206e-18,1.33705605438768e-16,-4.19071801784792e-17,1.78931719837952e-16,1.29727382663758e-07,2.83813837914967e-16,-5.00863162459621e-17,-7.9373469870097e-07,-3.28457423839239e-17,-7.1050421832067e-07,-8.67673562974847e-18,-8.80816491454681e-07,1.31221040394731e-17,-1.06565429613217e-06,-1.3333535802008e-07,-3.21754799265737e-07,4.16506430905159e-17,4.27694850905757e-06,4.25287490331359e-17,1.77558337471483e-06,-2.82140433835177e-07,1.56133558307472e-09,-1.22143524520735e-16,1.4114287469034e-05,-9.31920083528493e-17,-6.18166810365236e-07,-3.15552814930847e-07,1.53023531779776e-17,-6.23181186623255e-17,-3.70853981449698e-17,1.35001724373366e-18,-3.99648107025446e-08,-5.20338702746207e-07,-1.16167723493964e-07,-1.57907304824486e-18,3.26441111854135e-17,-3.25269091109852e-08,2.65321659174284e-07,5.43013176789948e-17,-9.9389805099982e-17,-8.67569559978106e-07,-1.47818735225994e-16,-3.74354444965004e-06,-2.41407855633183e-16,9.37014814945888e-07,3.60377424817026e-17,-3.07601010894794e-16,-2.63561686998072e-17,-8.73976094456107e-17,1.65455597975524e-17,-1.9750274812035e-16,1.79868485631023e-08,-1.25791411684034e-07,-5.94871444531621e-17,-8.34820452890403e-08,3.50684154712167e-06,9.19480523649692e-17,-1.20828516039618e-16,8.02927990160799e-16,-1.53871208662413e-16,1.17816841519436e-06,1.88381538587798e-07,-2.24668388510524e-16,-3.00015148502406e-17,-6.27236480613432e-07,-2.02597499557307e-07,-3.06703690130928e-09,2.60606593730555e-17,-3.44320879807204e-16,1.17794382187682e-17,-7.87520797513056e-18,1.76271071226092e-17,1.42951046425531e-16,4.50395036695742e-06,-4.82461314777668e-05,-8.17269216972452e-07,-5.17452034853584e-18,7.44900770832521e-17,1.79432992054365e-17,7.55563808062671e-17,1.66146797897467e-16,-1.67851237259417e-16,7.62650220275876e-17,-5.35651233932972e-17,-3.63507892472763e-17,-1.68053637747732e-16,3.125093446151e-17,-1.42731479954327e-16,1.09792161076874e-16,2.51263482987755e-17,1.19010180700055e-08,-4.72927238130659e-17,-2.11349265984651e-16,-6.56722086762014e-17,1.68409148377241e-07,-7.62493966359153e-08,-4.62533496882917e-17,-4.34588012091932e-09,1.53827499572879e-07,1.47061055995732e-17,6.94362493117574e-13,-2.96472366776197e-07,-1.33813941681057e-16,3.78323647646756e-09,-7.56241978940534e-17,8.42410778592826e-17,9.76512003971796e-17,-4.759925035293e-17,1.38895564921312e-07,-5.07808404570339e-07,6.44319402651304e-17,-1.83839707207553e-16,5.95675765993931e-17,-3.12477679663247e-16,9.93129189996722e-17,-1.04582943311078e-17,-1.92348512897898e-16,-1.00787542335948e-17,6.08830223250353e-09,5.26555348824427e-17,6.97811722615006e-17,-1.63272136893194e-17,1.87924680360933e-19,-1.173889654659e-16,-9.04834450751433e-18,-1.32258622013457e-06,9.42608420317422e-17,-1.27484094534526e-16,8.9456042643698e-08,3.92300341325109e-17,-2.52943135732732e-16,1.14525254883175e-17,1.33065873486276e-16,7.44611129412263e-08,-1.23508689564342e-17,-2.05938472487798e-06,2.77942424115518e-17,1.73011358540746e-17,2.29248379060285e-16,3.95039225940461e-17,5.62675665654167e-17,1.07458738770748e-16,7.43476267129577e-08,-4.5032097416455e-16,1.90694883213797e-17,1.12181078513094e-08,-9.27447801660804e-06,1.85893983478715e-17,1.90871628716059e-06,9.5089331597523e-07,1.57200387632028e-16,-7.85138958913485e-17,1.99261326675935e-16,-4.54510069942427e-18,-2.23211099957584e-16,-1.59277406199734e-06,1.26822534625691e-16,9.11909552404212e-17,4.97242655054154e-17,6.3722368080632e-07,-6.01921068478118e-17,3.15100299630181e-16,1.51370797998823e-16,-3.71334501898125e-17,-2.90057362410568e-07,-4.23095504544592e-19,2.33111038009902e-09,9.2502190360774e-17,-8.58235837605271e-17,1.89391832587311e-16,4.25744171347743e-17,-1.20176507463829e-17,-2.34793272445624e-17,3.31974599385469e-17,-4.03949167458917e-08,-1.49445688522728e-16,-1.46354916484741e-16,1.6977253278515e-08,1.10523770081323e-16,2.18282098803456e-17,4.54278866160034e-17,-1.74723422262009e-17,-6.48134816576454e-17,9.64242130081638e-18,-1.22956501291494e-07,-1.67720376640489e-16,1.7007728696756e-16,3.6597328677453e-08,-8.81554442610019e-17,1.50658561382025e-16,1.48396666405823e-16,1.32683473463993e-16,-2.04371389643588e-17,-4.7412245356004e-17,-1.52086454673213e-17,1.02485379211012e-16,-1.01251380781994e-16,-2.95281062439242e-17,-8.23474681746171e-17,-1.9170617407823e-08,6.35590901823526e-08,5.53518408044493e-17,-1.16720034964735e-16,-1.50681778707093e-17,-1.41821899325878e-16,5.46437894932694e-17,5.02777705342968e-17,-2.32186390989139e-16,1.3624813968747e-16,-6.05248658738176e-08,2.51730381326019e-17,-1.41669411274225e-17,5.68980918605033e-17,5.50020442831693e-17,7.04055767187431e-09,1.29263774799974e-16,-1.1155038994838e-09,-1.21892643346236e-17,-2.10611583528922e-16,1.12064701184257e-16,8.65377139590138e-17,1.20234753190694e-16,-4.18623814179983e-17,9.96000036724889e-17,-1.2720447173278e-17,4.73810944530642e-17,-7.35140365610135e-17,1.45958772494214e-16,-1.39915446383599e-17,-4.80636623442821e-17,-1.10713931345678e-16,-5.56062463011368e-18,-1.07976801066836e-16,3.37977176231521e-17,-1.04263976331548e-16,3.67882783900317e-17,4.93630120666316e-17,-2.31585584042904e-16,-6.47518960643708e-18,3.3406037754673e-17,3.02865509293026e-17,3.99086050941504e-17,1.97497169554231e-08,-8.28220954328847e-17,2.60531043357398e-16,7.59663376142223e-18,-8.339528948699e-18,-1.40435969039408e-17,7.16030080233876e-17,2.40334478920568e-16,-2.49073264643736e-16,-2.67578965761192e-16,1.01135379302041e-16,-2.47198095326695e-17,1.18630335883633e-17,-6.52662137412659e-17,1.82677763119185e-17,-2.28842077620565e-16,-5.20757361485145e-18,6.06247157962447e-17,-2.53591388233186e-07,8.7778280762102e-18,-4.476333228643e-17,-1.12109156426866e-17,-7.34715198365873e-17,-1.79824770179648e-16,-1.26564684442439e-16,4.4859488217584e-17,-2.12338444251461e-17,-1.14630533248816e-17,1.57996675901663e-08,2.17850121101424e-16,-4.69061919740587e-17,4.03495825670976e-17,-8.88379895854843e-17,5.47470762109591e-17,1.03994551405747e-16,2.26115593278554e-16,5.53514981031221e-17,9.77536987973163e-18,-1.659971359021e-16,-1.42980167065168e-16,6.68234680419671e-18,-2.86019108673957e-18,2.6981731484e-07,-1.17833577621831e-16,1.01380600072816e-17,-2.93617837600875e-16,-4.20670442924376e-16,-2.17926947945511e-08,-8.38006816224909e-17,-4.15517583904251e-17,1.07964746552712e-16,-6.60871524528179e-17,-8.51525222993011e-17,1.09375353799743e-16,2.09991211341978e-16,-1.54329075624563e-17,-9.75637302344849e-17,1.11390530522853e-18,2.72129848138769e-17,5.37872269020629e-17,-8.21662917027327e-19,-1.43752973879865e-16,2.06617425590992e-17,2.07383971814747e-16,-3.03970277524945e-16
"t143",0.0291791253142948,-0.00602256246918089,-0.00638929401651563,0.000234655042675383,0.000668180572985666,0.00435700242736765,0.000798232638635844,4.86418560872227e-06,-0.0119732159156135,0.0199080232380134,0.00742677706246282,-0.00432420222247367,0.00984276435054008,0.00224241034684408,0.0756112253693486,-0.00240087828111018,-0.00178619330570462,0.000238315063313681,0.12489171915554,-0.0762150777658353,-0.00104667389088992,0.0001673945450918,-0.0146732235473286,9.14470732562289e-05,-5.14848270372409e-05,0.00247629186525931,-0.0102094626485707,0.000155404673071452,-0.00184524820641431,0.00718960894037526,0.000576072510097318,-0.0185895542329954,-5.472726282163e-05,0.00375373677613632,-0.000426550667107482,0.229061556352838,-0.000165480004948644,0.000139485997586388,0.0045074557420812,0.000901131607247518,0.000451892914062655,-0.00322888773016126,4.31174873720878e-05,-0.00239053482059495,0.000102940444138349,-1.99412971344394e-05,3.64368481569441e-06,-5.41005170514067e-05,0.00257705692485817,-0.00448289126302773,4.67410804221092e-05,-4.21961229712659e-05,3.50693625039122e-06,-1.49297327814851e-05,0.000306986208382589,-0.000917998261550217,0.000113142247203373,-0.000374205467036654,0.00299022542337283,-5.9630269904974e-06,-5.46670267488999e-06,0.0061092683462822,-0.000143128795711384,0.000107435759607409,-0.000323741218238681,2.08417513013528e-05,-3.9134241652922e-05,0.000369804311305499,-8.83581407032415e-05,0.0003902532328886,-3.01300947123968e-06,7.42875400785645e-06,-2.52025892219981e-05,-1.57056202624533e-05,6.56621306044385e-06,1.91979217818555e-06,-5.54379566177535e-05,7.84606950883114e-06,-0.000760264081034517,-0.00027996175905684,1.56073656899881e-05,0.00119100082447072,-0.000516646539857294,-4.97700418733741e-05,0.000122095401534071,9.32035574554443e-05,-1.37925621865537e-05,-8.20548318357651e-05,-4.69249810977641e-07,1.81496693013733e-05,-0.000149198353933904,9.35249054485887e-08,6.41432886487222e-05,-5.37403843722119e-05,-8.27166338108302e-06,-1.13998299948628e-05,-1.33867710843449e-06,6.784474812512e-06,-7.42332983604642e-05,-0.000572737055501458,-3.69352712630698e-05,2.42398693331172e-07,-5.04138299683727e-05,0.000521093494274488,-1.7785546853058e-05,1.32587357957448e-06,-0.000345491548965559,4.32094965882632e-07,-0.000183395482630071,1.61899549125551e-07,5.33361434564369e-06,9.97841780012847e-06,-3.0734923835807e-06,2.78894879053517e-06,-2.37352254554536e-06,2.92000557802286e-06,-0.000121230233865545,0.000116484859045799,-4.15469257990097e-05,1.34362852703256e-05,-7.25574194478367e-06,1.18974326069579e-05,-8.36386717191257e-05,-0.000157454613837084,6.9448529654468e-07,-1.12887237257718e-05,1.14214006530916e-06,-1.69417888180484e-05,-2.68816177573998e-05,-0.000971640346175339,-9.38013240371619e-06,0.0177650617469923,3.06461401727151e-05,0.000203253934512512,-2.2501315912291e-07,0.000139053847009637,-6.17439612701266e-05,-6.10349425566651e-06,0.000145383951258259,-0.000146577227763756,-9.198481146639e-05,-9.932995881157e-06,8.30809396445224e-05,5.0855623384687e-06,2.93206561173092e-08,-6.01271027819768e-06,-1.70289203430874e-06,2.27163615630903e-05,1.38994584906856e-06,-6.1177875924247e-07,-7.46518020703843e-07,-1.28807850278609e-05,-4.89885040069804e-07,9.65524269948485e-05,-2.67147680049147e-07,-1.60759592843732e-06,2.30370803361046e-05,-3.85267841456324e-07,3.72530476498034e-07,1.80499309659614e-07,5.79995528653331e-07,-9.5393077378657e-08,4.45569626494551e-06,1.70166752306097e-06,-1.53766179993378e-06,1.30218130363778e-06,-0.000120540068712479,-2.0857165311482e-06,-0.000104018156964681,-2.68961888184995e-06,4.99242297517516e-06,8.86640826219763e-07,-1.15895357253462e-07,-1.52218246548111e-05,-8.06292174458791e-07,-1.66542609226625e-06,-7.34896842626562e-08,3.14465762812355e-06,0.000120357238214476,1.62669885502286e-05,-6.63664196883113e-05,-1.84929388539909e-05,3.90205663886533e-06,1.56708739045897e-08,4.78294432269832e-07,1.63534013320124e-07,0.000796884327260019,-0.000213389887835285,-0.000961131463305504,2.14885447237384e-05,3.26639434655007e-05,-6.91137481204481e-05,-7.68366169384637e-05,-1.19954582696215e-08,-1.25208568737519e-06,0.00013585368510782,0.0437387639229495,2.14040883897741e-06,-9.32752938996892e-05,-6.44859091881221e-05,-6.55282651987813e-05,-0.000317687377287547,2.79700973094659e-06,2.84000926837212e-05,0.00149465478594237,0.000205054330999835,-0.00150307614183654,-0.000290320603473598,0.601166990761437,-3.30718499119501e-06,-0.0480226619024444,-0.000397224548644743,-0.000145455122838788,-0.001214788533755,-1.03036691454833e-06,-1.10526204979773e-05,2.6527803814851e-06,1.6345294849264e-06,-0.000124418350394082,-0.000145732962907322,-6.46513584239573e-05,6.82695986973773e-05,1.46501448735726e-05,6.04897632913277e-05,-0.000166775672145014,-9.38081019581237e-06,-0.00088548708411563,-4.61256535515896e-06,-0.000329135525338699,-0.000249394077110162,1.60609764961444e-05,3.25887002709425e-06,8.03610941041318e-05,3.58093128976382e-05,-6.77883282211451e-06,-3.46211243476274e-07,-0.000149027857135617,4.06177015779807e-16,-1.36525267405733e-06,1.93998248012098e-05,-3.830571402372e-06,-9.70148561392317e-06,-0.000130004884593105,1.7979480368955e-06,-2.63778825066717e-05,1.19477084820772e-05,-8.21369165610177e-06,5.83941082647168e-07,-3.75751702590323e-06,0.0118011786783533,3.99576639898848e-07,-8.81822452427152e-06,-0.000110977890043611,1.96963963470164e-07,-1.30703657107503e-08,6.25673632444293e-07,-5.91775846129671e-07,9.31580325875327e-06,8.4158374545326e-05,-1.60180638537704e-05,8.84011401707381e-06,-5.77351167925628e-05,0.000188668253308798,-1.14393593721208e-05,4.23688770294721e-05,-1.43611886374131e-05,1.41648333758233e-07,0.00115390802146757,4.11338333435e-06,1.79310046581132e-05,1.52605747644091e-07,-1.57381099080446e-05,4.2703127783666e-06,-6.50759601016158e-06,1.07287545325522e-05,-2.15250728889975e-05,1.85625629799354e-05,-1.51326693800445e-06,0.000436047635277348,-2.34224085502139e-06,0.00557550381639714,-5.44121260359101e-15,-0.223018695152933,0.000253357612752781,1.66798555660892e-09,4.20732564712024e-06,-3.21562970389476e-06,1.51477766703481e-06,3.76670458719289e-07,-4.32669623636546e-09,1.35699461721211e-07,-4.56645908340139e-06,4.84786880978262e-07,-5.3744667118147e-08,5.15458516611766e-05,-3.93318867948577e-05,3.5106476748433e-06,-2.96196646127657e-05,1.26317972692306e-06,1.83732156377014e-06,3.41651667447012e-08,8.32821105737746e-05,-1.36156336053023e-05,6.04125650243396e-08,-1.89906760016234e-05,2.23129653435328e-06,-8.10878934829919e-06,5.92097875024834e-06,1.88541514168983e-05,2.67768656584912e-06,-8.49622821150011e-07,-5.52561039407224e-06,5.58874122686384e-07,-2.57634469834633e-06,2.56746973073982e-06,2.3871699987405e-05,-4.63027383517694e-05,4.51414332800346e-16,1.38609491091709e-07,2.08846452237111e-06,-1.94169750345093e-07,3.89509445550153e-05,1.21636184731958e-07,1.01704803539748e-05,2.3569424902425e-05,-8.68458670661258e-06,3.68411663084886e-05,0.707106781186553,-9.91755186177487e-05,-2.2507152449472e-08,-3.38676050189654e-06,4.01529846644062e-07,7.32548771392681e-06,-1.74087532328841e-06,-6.73927125559209e-05,1.81935497917037e-05,-2.29142292063423e-06,0.000138929725704302,-7.97038053807036e-07,-0.0296132464822177,3.57775443022644e-08,-2.59768767997895e-09,-1.50814308051289e-05,3.22731452122137e-07,-2.61040151205483e-05,9.06955263864709e-16,-2.46419228216733e-06,1.96632507175158e-07,5.66765184764236e-09,5.17707949261638e-08,-6.60085719187337e-05,-0.000138276464850874,1.75324688459536e-06,-6.38790668306196e-06,-3.59008522883146e-06,-3.48192327765284e-17,-2.2989656050461e-05,-2.28016953301761e-07,-2.88611446074725e-05,2.90299992666965e-15,1.55130522384842e-05,1.97653522554202e-06,-3.02238937215311e-07,-4.42975953888636e-05,-1.47034748158365e-05,-7.82752232952545e-06,-7.10546829120725e-06,7.81754989045136e-06,1.58415315667681e-06,8.76125645118143e-08,1.6908428371477e-05,6.16012576770929e-07,2.91094520575483e-16,-2.44693903126127e-07,9.05607721558012e-06,3.90715384763841e-06,-2.04722705927521e-05,1.94518095316073e-15,-5.02267524403577e-07,9.241592096405e-08,-8.73707555600879e-06,-1.49727661131809e-07,-1.96062681159365e-05,5.30024786298348e-07,-7.03630680806121e-06,0.000431004104512936,-1.50921049636396e-16,0.00153406071203902,-3.04186760381915e-07,1.517637051434e-06,0.000149085959321365,-2.61942755568972e-07,-1.02968539250538e-07,4.02455846426619e-16,-1.09386748797822e-16,-1.02011169154254e-07,-3.33134962258693e-07,4.39717682736717e-08,-1.75318263760851e-05,1.50401953586769e-14,-8.34493337705162e-06,-9.85841422776279e-08,-4.80272964655259e-16,6.00700105440719e-17,2.1602079907615e-16,2.09342793891852e-05,1.58524562191507e-06,-1.75283818170754e-06,0.000613987260240224,5.86361778422219e-06,1.33549078146013e-06,-5.80453022933037e-07,-5.24174800221412e-16,-1.28156631514241e-07,3.59954189064366e-07,-2.82701529545745e-16,1.77709184871988e-16,-2.25397103625356e-07,-4.70480264623794e-09,-1.33044787730946e-07,2.79814664512604e-05,1.30507787689607e-07,-1.8921472083086e-06,-2.14412446869265e-16,-1.83888199816609e-06,4.05333994948674e-16,-2.16171484935542e-05,8.52182907573606e-17,-1.45477099301832e-07,9.31893573519766e-16,5.96573333580149e-07,1.57044734192351e-07,2.5149688757993e-06,9.55801494585482e-06,4.22014905321627e-07,-4.84183861499507e-08,3.06634013721922e-07,1.09059048351649e-07,1.99158756776976e-05,2.14372650390255e-05,1.06606318713985e-07,-2.99475763963179e-07,-1.97742307950465e-05,-1.60156728892327e-06,-1.42531061267221e-07,-6.0327133551927e-16,1.33169400122545e-06,-2.29127774499911e-07,1.17899035948348e-07,8.04903948814862e-17,7.9440012146781e-07,6.22640766796615e-06,1.9917765297489e-06,-2.08434089964053e-16,-4.82466739532498e-07,-9.85306356330314e-06,-1.76703677680241e-16,-3.37950600012786e-07,7.50749435878404e-07,7.12407909221635e-18,3.23909981420305e-17,-2.75284356854286e-08,-5.66675512551719e-06,-3.2267083060234e-08,-4.47368510486968e-05,3.44131298697665e-06,9.06985960940698e-08,3.35976168883187e-06,8.07138886967152e-07,-2.01647835681514e-05,7.32053306862213e-16,3.71905170136704e-09,9.8609884335606e-08,2.71846865818745e-07,2.54178143177968e-05,-3.03386692482561e-16,-1.27071594708982e-16,8.3521250720227e-06,-2.6101684024919e-17,-1.39898022455704e-15,1.02657156296823e-06,-1.50943092108088e-06,-2.82594262261436e-07,-5.74859752661667e-07,7.22537441751116e-06,1.88739736964236e-06,2.01225453147248e-06,4.7941354440072e-17,4.61683073168467e-06,2.15474285921513e-07,9.88538311403896e-07,-2.59300791370762e-07,1.02300623348336e-06,-3.0519609780011e-16,7.8757547824509e-17,5.75144812601119e-16,-3.42534677582781e-06,-4.29770519658637e-08,-2.78619423769435e-06,1.31995902909926e-16,-3.29829310527162e-08,2.40721294491993e-16,-9.46496620992347e-17,5.67576317563379e-06,-1.42585076483603e-06,-1.28543009569881e-15,-0.0054121221717336,-1.28415644571997e-07,5.49652543420353e-16,3.18807980316529e-07,3.84048072813753e-16,4.38206667634942e-06,-5.10852462057751e-17,4.37410753157175e-06,9.92226025824191e-07,3.59470211827085e-08,1.29296115615124e-06,8.8881618951408e-06,-1.16679645110465e-07,3.58900920357065e-06,-2.28688801578519e-16,2.12304493356599e-06,-1.1983129873001e-07,9.67471068579509e-17,-1.57869735249941e-08,-3.21703218823042e-07,7.4738880969689e-08,-1.62586046330529e-16,2.3967157070184e-07,3.170352173469e-07,2.12151524488698e-16,-8.81000416518981e-06,-7.66070243216818e-05,-9.09410188816211e-09,-2.11881350130775e-16,7.71322782017252e-17,1.62497203523017e-07,1.89332412358304e-06,1.53157919252179e-07,-6.45674177926952e-08,1.11784260212237e-06,-3.93266565959584e-17,6.71654345051695e-17,4.07955830170074e-06,2.81188772304214e-08,4.29617328349375e-17,9.85277517114051e-06,1.3596446237966e-16,1.34023521520429e-07,-1.88290768023489e-06,-1.10009965402217e-06,-7.29156286148762e-06,-2.79961079602905e-16,3.40213606784568e-17,-1.35775862619227e-16,-1.02924507230419e-16,-1.53955730871018e-08,-5.33960689347916e-08,2.53573578260254e-16,-3.12627522434707e-16,-1.89246035025157e-16,7.51250421990673e-08,6.74993399762968e-10,-3.71474378364314e-08,-3.67861379155332e-17,-3.68628738645072e-17,-3.59955121265187e-17,-1.59085664955522e-06,4.86776925445349e-08,1.76988752647704e-16,8.53506561868309e-09,-2.23215890355247e-07,5.32250661441465e-17,-6.60391181454804e-18,-5.84510102033379e-06,-1.578429876454e-09,-2.89395681028219e-06,8.6697874885548e-17,8.58336968830028e-08,1.38468636869944e-06,1.48493135240936e-06,-4.62520801103317e-06,-3.28560857954783e-07,5.34684240523566e-09,1.67566828127319e-16,1.58939729811838e-17,1.69618827583216e-16,1.01477093677341e-07,-9.18766487163167e-08,-1.31045047776963e-06,-2.72099770669031e-08,-1.41819264003786e-16,3.99881962501563e-18,-1.90194899598189e-16,1.03228067320436e-16,-3.27641422902775e-16,1.2972738295343e-07,-3.48919482498896e-16,1.25364364962421e-16,-7.93734698854005e-07,5.90754701019612e-17,-7.10504218458133e-07,2.47245683557401e-16,-8.8081649062508e-07,-4.65186662912304e-17,-1.06565429580932e-06,-1.33335357992558e-07,-3.21754799315411e-07,-9.21720971682878e-17,4.27694850906252e-06,-4.06964547812787e-17,1.77558337460773e-06,-2.82140433100659e-07,1.56133566338753e-09,-2.52904485122411e-18,1.41142874687667e-05,-1.72641429114647e-16,-6.18166810189435e-07,-3.15552814607049e-07,1.39881139687028e-16,3.67567852718805e-17,5.00418283320176e-17,-2.7234393233472e-17,-3.99648109667434e-08,-5.20338702777207e-07,-1.16167723166466e-07,6.33751195633365e-17,-6.30207573082301e-17,-3.25269087490252e-08,2.65321659049383e-07,2.04017485260496e-16,8.09181779298562e-17,-8.67569560102757e-07,-1.07566040563992e-16,-3.74354444963897e-06,-1.24009504287948e-16,9.37014815223031e-07,-3.63067296296933e-18,-8.36768011405144e-16,4.1006894974509e-17,7.94428589369196e-17,-2.62210059469354e-17,2.43250163702359e-17,1.79868485631092e-08,-1.25791411392321e-07,4.29641081162827e-17,-8.34820451976658e-08,3.50684154707657e-06,-1.12309755004989e-16,4.52149842492168e-17,8.49744464625283e-16,1.50495035858916e-16,1.17816841480501e-06,1.88381538595619e-07,1.84681634214754e-16,-2.29865550479767e-16,-6.27236480517164e-07,-2.02597499538537e-07,-3.06703689823754e-09,-4.56463718675762e-17,2.83114432260266e-16,-7.29260818419771e-17,5.52962418691213e-17,-1.12107646058332e-16,-5.86781619646023e-17,4.50395036688079e-06,-4.82461314777604e-05,-8.17269216909149e-07,-4.26642588116019e-17,-2.92274106906413e-17,-1.52505543843584e-16,2.0887211812549e-17,-1.85275737338073e-16,-8.95176143141317e-17,-1.23859069445383e-16,6.11483798130204e-18,-1.36845523035062e-17,1.90870670379169e-16,2.79900136293762e-16,-1.30847274292151e-16,-7.63121332579326e-17,-1.1621676699804e-16,1.1901017985276e-08,-1.17352671094973e-17,6.79412125036006e-17,1.84598186287119e-17,1.68409148270232e-07,-7.62493964993e-08,8.11759315236024e-17,-4.34587972193475e-09,1.53827499695395e-07,-5.47260249629602e-17,6.94095066967382e-13,-2.96472367002606e-07,-1.36591362043123e-16,3.78323631112676e-09,-8.50456809237558e-18,-5.5111171457571e-17,-9.488968698884e-17,-1.97617280464004e-17,1.38895564874071e-07,-5.07808404938941e-07,-1.07845788732461e-17,2.24059805685655e-16,-9.56167991508555e-17,2.34177055805221e-16,-5.8113236445223e-17,-1.34771557670449e-17,1.53120613510372e-16,-9.97405273151219e-18,6.08830174550745e-09,-2.60433791501648e-17,-8.43020219113028e-17,1.96513089273899e-17,-4.42120541807015e-18,-2.89865071974893e-16,-1.37011305915088e-16,-1.32258621997342e-06,2.80153189521022e-17,9.42223850882141e-17,8.94560424581369e-08,1.7134849644065e-16,-1.84822436907272e-17,2.1294806319099e-17,-1.69172593564986e-16,7.44611127956186e-08,-4.11877041643013e-17,-2.05938472478053e-06,7.49797563718801e-17,1.49750759789776e-16,7.77446674018425e-17,-1.05912999724678e-16,-4.89353465129176e-17,-1.65109696922858e-16,7.43476267937373e-08,-2.24906504928097e-16,-6.72243509116197e-17,1.121810783852e-08,-9.27447801656229e-06,-6.54345825165763e-17,1.90871628673987e-06,9.50893316122888e-07,1.964059374937e-17,-5.78327331406044e-17,-3.24937610059404e-16,-3.91136986621388e-17,-6.42600787417806e-17,-1.59277406158502e-06,-1.72252449707335e-16,1.28031381697284e-17,8.94474949685451e-17,6.37223680597886e-07,1.15827042301018e-17,-1.78397301202661e-16,1.38367463517418e-16,1.69581002466328e-16,-2.90057362452786e-07,1.17360920671976e-16,2.331110040161e-09,-5.15186646211557e-17,-9.52425905973492e-17,1.42543094738363e-17,6.45641972428547e-17,-1.36484363171173e-17,7.1895678802911e-17,-3.00039028975615e-17,-4.03949159706876e-08,2.84743946237595e-16,2.13394961595023e-17,1.69772537339885e-08,-5.98804334806162e-18,-5.3070540079724e-17,-1.52408013867618e-16,-3.04517742950817e-17,5.75403412283133e-17,-7.57140265106817e-18,-1.22956501838393e-07,9.41733763337312e-17,-2.52894058051901e-16,3.65973291977619e-08,1.51765155192422e-16,-4.90230466733424e-17,-7.09880292622874e-17,1.63607985534978e-16,1.43491121665511e-16,5.85485797728648e-17,4.12125101670186e-17,-1.66278990257214e-16,1.17584119927344e-16,-3.05300724712925e-19,4.84313770167426e-17,-1.91706174623314e-08,6.35590899817759e-08,3.40591419201525e-17,1.75420565227534e-16,2.31297432105854e-17,7.1293987126504e-17,3.72965547335014e-16,-8.18685785967444e-18,2.24942905720214e-16,-1.60912718459782e-16,-6.05248660547913e-08,1.59846327809563e-17,-1.77780927981622e-17,-4.19305565311334e-18,-1.05592023897631e-16,7.04055762272777e-09,-2.58733766210425e-16,-1.11550391509667e-09,3.14525274202852e-17,1.270524837431e-16,-2.58129497470704e-17,4.59742652765142e-17,-7.76586624014859e-17,1.05866953261707e-16,-6.7797780917104e-17,-1.39816254767158e-17,-6.49709457441231e-17,6.16277679508392e-17,-7.92852877768413e-17,2.28324489875787e-17,6.32342219882539e-17,1.11065898000194e-17,-2.68634103825404e-18,-1.02923414036385e-16,1.46658280461163e-17,1.26068136517673e-16,-1.99021763870803e-17,-3.00850404752464e-17,2.12503625807159e-16,-2.3060622613249e-17,1.19058009381021e-16,7.44800431769592e-17,7.99807437952382e-17,1.97497168985236e-08,1.21246695678901e-16,-4.13108414625656e-17,5.97468144450206e-17,-2.43767193723805e-16,1.06352766330592e-16,-2.92330050441899e-17,6.50193082592545e-17,1.75607796367694e-16,4.64820801511607e-17,-1.09344667835708e-16,-2.2811613709095e-16,1.20095881021423e-16,7.79254156202417e-17,-7.31162954038484e-17,1.35712558771607e-16,-7.00657493533935e-17,-6.91610019942006e-17,-2.53591388151976e-07,-1.55472289149846e-16,-7.07931210611578e-17,1.74548992646468e-16,1.46757053191276e-16,1.23735751592922e-16,5.07200802200629e-17,-6.92566746374139e-17,-5.15278963449767e-17,-4.10053133500662e-17,1.57996677000684e-08,1.13549872108315e-16,8.37866532224428e-17,-1.02460022935729e-16,6.68999635718221e-17,-1.34102079018638e-16,-1.50450560966442e-16,-1.0520956411903e-16,-2.55635201508041e-16,7.2078379559678e-18,-5.42387280387029e-18,1.4328201451887e-16,-2.3136843591978e-17,2.08699251236612e-17,2.69817314812188e-07,1.09343995615961e-16,9.70340254541182e-17,-2.3463695561678e-17,-5.99346960949987e-16,-2.17926948642992e-08,4.1492997519756e-17,5.48999569824786e-17,-1.22883481546017e-16,5.01758849913934e-17,7.49053175206358e-17,-6.75305223767189e-17,3.53995418947499e-16,-4.45758268781016e-17,1.55925292317751e-17,1.858077166438e-17,-7.39509986013452e-18,2.31581081087144e-17,-1.13003719552693e-17,-1.83343030259118e-17,-3.21760792881173e-17,-1.23007668457006e-16,-2.09772603036943e-16
"t201",0.0281103813287615,-0.00554456754997746,-0.00586487131096206,0.000208336256623826,0.000574787474485137,0.0036301535277918,0.000662138979992459,3.96021305099887e-06,-0.00928029697304876,0.0142825538643628,0.00460370856892837,-0.00215009975054652,0.00468923150232689,0.00104297016047088,0.0326006763135747,-0.00091408800418512,-0.000639758516245574,8.10798074807979e-05,0.0395034614928066,-0.0166506036322353,-0.000110511766659347,-4.94454141393329e-05,0.00687270565972788,-4.46875183133261e-05,2.58938860942309e-05,-0.0017127816263236,0.00761461373148411,-0.000122622433636993,0.00171370914422948,-0.018437249632386,-0.0023656172234954,0.114254453775843,0.000869672191050065,-0.252827906165388,-0.0433436948670347,-0.024173915474096,-0.000211736374480718,0.000302593125447929,0.0107957729619811,0.00243468391267816,0.00131558465284622,-0.00941550468027797,0.000124362519819903,-0.00688697873231105,0.000290874930027316,-5.1431891967884e-05,9.12625022621806e-06,-0.000133659307536025,0.00612997014608199,-0.0102452338901537,0.000101459462050708,-8.94820933029787e-05,7.41179755776917e-06,-3.06691356782608e-05,0.000597411649474822,-0.00177219594345517,0.000189931492131278,-0.000605014644920809,0.00481292267240567,-8.722537586532e-06,-7.25385177190286e-06,0.000648921853721528,-0.000198309101555366,0.00014600361394494,-0.00040549188558749,2.46927855157195e-05,-4.11336429841919e-05,0.000367477962710245,-8.54817895846158e-05,0.000359196476858371,-2.03370283388127e-06,3.60994570661318e-06,-1.15017163697459e-05,-6.20037463514898e-06,2.54119193054054e-06,6.91297756066721e-07,-1.93661499114882e-05,2.32316245194334e-06,-0.000131558490354696,-3.42017734979748e-05,5.23590241374609e-07,1.67135286842104e-05,6.83105098795963e-05,8.84187675563116e-06,-4.64389596575282e-05,-4.08358675304487e-05,6.86512853168464e-06,4.16439188231656e-05,2.39350475718885e-07,-9.3744169639854e-06,8.05216202809501e-05,-7.18585938461191e-08,-5.06891125307918e-05,5.06421482109479e-05,1.0131468457953e-05,1.44772967755457e-05,1.70290679096106e-06,-9.43083997215021e-06,0.000106536243943636,0.000923355012365583,6.51898917253752e-05,-4.31219685247296e-07,9.04829688261562e-05,-0.000182688913376649,4.86329934461427e-05,-3.68054256140092e-06,0.000992648600839558,-1.25407391900261e-06,0.00054200169942944,-4.91952018234786e-07,-1.63552603743914e-05,-3.2315925758502e-05,1.00193482688838e-05,-1.05368821246094e-05,9.26249871863548e-06,-1.22525574172336e-05,0.000525979360502398,-0.000556014343610017,0.000218871993686386,-7.67331270898773e-05,4.35193807315226e-05,-8.68198790957862e-05,0.000718669745798994,0.00136264668743042,-6.17851466585921e-06,0.000128235598321086,-1.33097849675506e-05,0.000281320879891436,-0.000294608596892418,-0.010250641509255,-7.57519582337014e-05,0.00140108918638532,-1.91183410490792e-05,-0.000217210201153051,5.68606089124098e-07,-0.000375067951264011,0.000298252097106887,3.83811663167776e-05,-0.00120746125144907,0.00122618535162973,0.000803526704536497,8.86819036852028e-05,-0.000768003479524318,-4.76361779679238e-05,-2.7469345406284e-07,6.18660146240476e-05,2.10997296172875e-05,-0.000342023402282891,-2.20105590674999e-05,1.08692917379472e-05,1.3388649900317e-05,0.000241828767274014,9.45299677141761e-06,-0.00192309599131053,7.34347128591961e-06,4.68466574081674e-05,-0.000700710721511672,9.29649970125114e-05,0.000191482285717032,6.3212093231559e-05,7.46269524389429e-05,-1.08918950371393e-05,0.000301570984182591,0.000109864956153083,-7.28969703278819e-05,4.94923179314156e-05,-0.00297539099957046,-5.0880764850428e-05,-0.00252991501196684,-6.26083441861455e-05,0.000110706795488145,1.9528763692913e-05,-2.33853507488012e-06,-0.000299360784209755,-1.50403290874061e-05,-3.06806340700513e-05,-1.34529081609753e-06,5.16160856575799e-05,0.00178767250488979,0.000237742153916937,-0.000955358995643052,-0.000254884818030295,5.29135450363872e-05,2.09195232407095e-07,6.292356431286e-06,2.05117526937232e-06,0.00988027910123149,-0.00240224928306344,-0.0107862731543676,0.000233694195008303,0.000325722703801275,-0.000638562234754047,-0.000689714740531828,-1.02617433810821e-07,-1.02562903862496e-05,0.00073493501318636,0.00226859693493856,2.29240295492078e-05,-0.000878713713869163,-0.000452034100789949,-0.000454741338207693,-0.00200783611297763,1.59284026830946e-05,0.000109520824630987,0.0057483122904111,0.000744584267890734,-0.0043519940597325,-0.000666207802276919,0.0704298728768984,1.77595808712837e-05,0.948477365193503,0.0131664282095629,-0.00620195330374859,-0.0301263196805176,-2.53153746137863e-05,-0.000217891409926572,3.82534400891497e-05,2.26438150565559e-05,-0.00146633180623086,-0.00158563988048368,-0.000686891790558476,0.000667136953895214,0.00014071448215433,0.000570649217929975,-0.00149668825803929,-8.34036668148177e-05,-0.00785502736528,-3.90426996405887e-05,-0.00271377998947529,-0.00200009711999954,0.0001272494043766,2.55022101278321e-05,0.000621724885244386,0.000276156697169365,-5.07716182733858e-05,-2.54676325887476e-06,-0.00107506992138399,2.05935187909032e-16,-9.57259881359655e-06,0.000135236347044188,-2.55991459293282e-05,-6.24800953925017e-05,-0.000807457139655193,1.11398988611731e-05,-0.000147118644896913,6.47549919827542e-05,-4.38399880912912e-05,2.80579202965759e-06,-1.57755549679881e-05,0.0100641990867199,-3.45630246512128e-06,0.000391041040352989,-0.00116295495762775,1.31138701552943e-06,-8.3099617349423e-08,3.85176250438367e-06,-3.42448978109939e-06,5.36821504975345e-05,0.000465402247238624,-8.65343954424938e-05,4.61403107703188e-05,-0.00029792065749722,0.000961724484260377,-5.73031943810706e-05,0.000206573022352121,-6.97959982473276e-05,6.36569561437569e-07,0.00517537324065228,1.84074775742529e-05,7.82980611316352e-05,6.6004125663189e-07,-6.59198030169257e-05,1.77743937463817e-05,-2.0235777302083e-05,3.17517490784268e-05,-6.099433909238e-05,4.67431867687604e-05,-3.38101569674136e-06,0.000633501869255489,-2.73765927485194e-06,0.000749526278860742,-4.75855901618957e-17,-0.00180527597591467,-3.58721694582699e-05,-1.12528323146738e-09,-9.73255511709187e-06,1.41638659705981e-05,-8.73768841884533e-06,-2.47551617311037e-06,2.83958305234742e-07,-1.26853799858965e-05,0.000479693289790973,6.35420960956125e-05,-2.13914719857713e-06,0.0900322227256764,0.000111889787629685,4.21798531299021e-05,-0.000323522549212999,1.29337569027069e-05,1.87479131685539e-05,3.48265185992478e-07,0.000754413245454628,-0.000112491553680837,4.94369911329583e-07,-0.000153346093239825,1.77451683269216e-05,-6.41998486165016e-05,4.52960376033444e-05,0.000143891792950722,2.03476014501964e-05,-6.4374951859633e-06,-4.147910737802e-05,4.15404883520706e-06,-1.8982069579934e-05,1.88460555328959e-05,0.000174139788423121,-0.000333486554536155,-2.61133050840698e-16,9.32798480797216e-07,1.39672508683215e-05,-1.28655248330571e-06,0.000258014748324226,8.05495702698718e-07,6.71974220238259e-05,0.000155057135600488,-5.68409316376195e-05,0.000238594721313915,-3.88615186283645e-16,-0.000626039161957901,-1.41590128980303e-07,-2.11450492396925e-05,2.50459874686923e-06,4.47443064163829e-05,-1.049036923852e-05,-0.000396859234080147,0.000105015492128739,-1.23605690535057e-05,0.000639760802607277,-2.4439785006896e-06,-0.000384396996782061,-3.06876576896303e-07,-4.36679513871529e-08,-0.000228399076801152,3.44321686687708e-06,-0.00024604001787747,-3.08093180265995e-17,-1.78008854041157e-05,1.39322316081592e-06,4.0150837168255e-08,3.5293395385205e-07,-0.000448002137148477,-0.000902098062190416,1.13450679324285e-05,-4.12732494889032e-05,-2.307039438101e-05,-3.10487725922078e-17,-0.000146888413597256,-1.45391872913656e-06,-0.000182719233358901,1.77959227784175e-14,9.75218712447727e-05,1.24057709266745e-05,-1.89548061777781e-06,-0.000277354998939095,-9.1814340397804e-05,-4.87823788904818e-05,-4.42158437472229e-05,4.84375355011838e-05,9.81052049547324e-06,5.41038210469672e-07,0.000103915065887435,3.78495711612196e-06,-5.48468757994044e-17,-1.49029170759566e-06,5.50747162054762e-05,2.36862739968144e-05,-0.000123530146454415,-7.46763933100718e-17,-3.00155454019236e-06,5.46502102918844e-07,-5.14222596337247e-05,-8.79254800933746e-07,-0.000114821967987397,3.08786060196722e-06,-4.06115482062597e-05,0.000353897861694181,2.49991396862262e-16,0.00125449384484727,-3.49431108065683e-06,1.03250710774172e-05,0.000929575478507981,-1.62795583310387e-06,-6.33437343723931e-07,-4.85722573273506e-17,-4.54657955821155e-17,-6.07661089306885e-07,-1.9569627579983e-06,2.57958968204209e-07,-0.00010200570838088,8.79343042371918e-14,-4.79227065090453e-05,-5.63438794900876e-07,1.87982643879834e-17,-4.71693986042728e-17,-2.10789477636902e-17,0.000117845823456427,8.9012204149308e-06,-9.69012171481343e-06,0.000483814470092314,4.09989711601838e-05,7.64011052505727e-06,-3.31356379932554e-06,-1.74184114597102e-15,-7.19687180015807e-07,2.01524264209225e-06,-1.48481217427376e-16,1.86504203989029e-16,-1.25048793396972e-06,-2.60537424543002e-08,-7.35030181766613e-07,0.000154355386317335,7.17933826828019e-07,-1.04043368720386e-05,-5.67698393968594e-16,-1.010550520244e-05,-7.22898294662792e-16,-0.000118599289735807,8.55327093873814e-16,-7.97187577364117e-07,-1.15366812152886e-16,3.26426686101718e-06,8.59046843673614e-07,1.37050581689467e-05,5.20447686316625e-05,2.29718890293064e-06,-2.63193587954894e-07,1.66482962490304e-06,5.90508280126935e-07,0.000107833242722911,1.63752594766604e-05,5.75982955196932e-07,-1.61493462167017e-06,-0.000106466566357824,-8.61259521290875e-06,-7.66025333431002e-07,2.26472140847613e-16,7.1442950106715e-06,-1.22715331148971e-06,6.28533883119065e-07,6.20508486016216e-16,4.22957662226239e-06,3.30874650499159e-05,1.05758842439582e-05,-4.23137353091274e-17,-2.56073441901944e-06,-5.22114674684107e-05,5.52106767485347e-17,-1.78939441233747e-06,3.95679522181267e-06,-6.83544098159098e-17,7.1944689268707e-17,-1.44832779356987e-07,-2.98092995653992e-05,-1.69613148417714e-07,-0.0002349602678818,1.80394052160448e-05,4.75365051912331e-07,1.7604930889741e-05,4.21874970675723e-06,-0.000105183511978665,-3.61819949001863e-15,1.93844932286188e-08,5.13908420147983e-07,1.41608640036026e-06,0.000132331540533112,-1.50598418849393e-15,1.14950949419464e-17,4.34503404983505e-05,-1.83594849787342e-16,-5.56934452286849e-15,5.31505805294962e-06,-7.80851692206033e-06,-1.46187755131171e-06,-2.96828657503859e-06,3.72987478243789e-05,9.74257277574231e-06,1.03834230815318e-05,2.97447709078008e-17,2.37313564124673e-05,1.10661778341174e-06,5.0753915742842e-06,-1.32933811703255e-06,5.22928318268743e-06,-1.09526312561509e-16,1.8887421179158e-17,7.70624694636245e-16,-1.74215327843221e-05,-2.1799133765052e-07,-1.41291248752576e-05,-9.94824659487209e-16,-1.66719663031597e-07,-4.32815571090381e-16,1.05228921135777e-16,2.70530938002452e-05,-6.77282994677026e-06,8.01008565032291e-16,-9.18275487185786e-05,-7.51023917997142e-07,1.180186075946e-15,1.69426649029524e-06,1.50211436142545e-15,2.28033490555607e-05,5.21247423212467e-17,2.27378617745507e-05,5.15389616197172e-06,1.86564560949246e-07,6.70321895152283e-06,4.59800739710608e-05,-5.99986869034082e-07,1.83534235903732e-05,6.31874438728434e-18,1.08034389196627e-05,-6.09501594465658e-07,-4.04668674642034e-17,-8.02501137697657e-08,-1.63360840438108e-06,3.79177896498071e-07,-8.48151947239383e-17,1.2121527278292e-06,1.60216224983178e-06,-2.14052745248912e-17,-4.44201152041934e-05,-5.54549582343961e-05,-4.59231129375819e-08,2.49188529603669e-16,1.00829196958858e-17,8.17997078915733e-07,9.51995572192311e-06,7.69927953059422e-07,-3.23092786179214e-07,5.58964961601623e-06,6.13343685540179e-17,-1.47111974842554e-16,2.03894306801654e-05,1.4052810148123e-07,-1.31168923855257e-16,4.92005203457425e-05,3.48790025927086e-17,6.68734185641078e-07,-9.38517172899745e-06,-5.48293129197095e-06,-3.63307406951283e-05,-1.69168343176643e-15,5.89721390639735e-18,-3.18010806913769e-17,-1.97390510920898e-16,-7.65107767616606e-08,-2.65304614415547e-07,-2.60882039502552e-16,-2.05478797562596e-16,5.47657592109185e-17,3.72985347632635e-07,3.35015648309681e-09,-1.84209292584396e-07,2.07822331021102e-17,-5.99401171058611e-16,5.63785129692462e-18,-7.86561477149304e-06,2.40651187415824e-07,-7.19503406279896e-18,4.21476087821274e-08,-1.10177714603578e-06,1.08953334038272e-16,1.43177296723613e-17,-2.88202290542083e-05,-7.78204424217191e-09,-1.42590237238716e-05,8.81808848999044e-17,4.22479312064102e-07,6.81164826338785e-06,7.29902091265314e-06,-2.27103826592389e-05,-1.61281582847237e-06,2.62321775610865e-08,1.69041983193215e-17,-2.61906029921637e-16,-3.93264622629788e-18,4.96364932508676e-07,-4.49384907703679e-07,-6.4072295124116e-06,-1.32788782519148e-07,6.96367303991827e-17,7.56363941800583e-17,-7.22285080154413e-17,7.01472130832146e-17,-1.11750942765601e-16,6.31880719770542e-07,-6.39296800290251e-17,-1.86298974608199e-16,-3.8633528870932e-06,5.48172218105377e-17,-3.45811255438542e-06,4.80549448611472e-17,-4.28676913532793e-06,-9.33732369801779e-18,-5.18014166342596e-06,-6.47968151108982e-07,-1.56301024757488e-06,2.0968974026027e-16,2.07671063366594e-05,2.77701505789574e-17,8.61546871168261e-06,-1.37226985451105e-06,7.59829095446326e-09,6.51372186229185e-17,0.00222758025157345,-5.30351281891134e-17,-2.97050491237125e-06,-1.5165570188546e-06,-7.36216562812481e-17,1.35703637020459e-17,1.88996556811075e-16,2.50631923266496e-17,-1.92236538243801e-07,-2.50288713203299e-06,-5.58744677193059e-07,-1.02259926671633e-17,-1.63284876206392e-18,-1.56334971803016e-07,1.2751698608704e-06,-2.30476114078411e-17,1.56307279735636e-17,-0.00013517668820576,-2.24158447256054e-15,-1.79616302070003e-05,1.83095856339323e-16,4.49188251685112e-06,7.87321611508759e-17,-2.35744293632383e-15,2.06793373759812e-17,1.54267481500567e-16,-6.00350306069187e-17,-7.52245015064633e-18,8.60603487765334e-08,-6.01849478072021e-07,-3.99983729954278e-17,-3.99146046747592e-07,1.6762139471624e-05,7.721963572137e-17,-2.14580974469996e-17,3.9729572848437e-15,-1.92044518401786e-16,5.62438593561801e-06,8.9903677083826e-07,-1.6371471590474e-17,-2.00552086359543e-16,-2.99244601104987e-06,-9.66518712567887e-07,-1.46295674660244e-08,1.26741413506778e-16,-4.97033304641986e-18,-5.2563632674528e-17,4.51714332344924e-17,-2.0595134116702e-17,4.27813131732623e-17,2.14156905373522e-05,-3.3232658890614e-05,-3.89151567813132e-06,-6.12133585555024e-18,-3.91371702636928e-17,-1.08115940727636e-16,-5.02810096416159e-18,-5.44943676754695e-17,1.8392747066612e-16,-3.82042962990271e-18,-3.27474636459614e-17,-2.22517618996854e-17,-5.6946817589287e-17,1.29922600751773e-16,5.11896903833625e-16,3.06760277795559e-17,1.36375174727001e-16,5.64122763916106e-08,1.51431053614166e-16,2.72774917802379e-16,9.62887214969611e-17,7.97889204943517e-07,-3.6121381007855e-07,3.13351731824035e-17,-2.05861575903789e-08,7.28234501818503e-07,-9.59440294980242e-18,2.89775221512457e-14,-1.40248442162675e-06,-1.36793868909645e-16,1.78805997580962e-08,-2.49123626300364e-17,5.90284011451146e-17,-3.11029796503772e-17,2.80652157386208e-17,6.55519574111803e-07,-2.39637660293805e-06,1.65363109441787e-17,1.31663781967138e-17,3.64844132982405e-17,-1.58656182201081e-16,4.34114549863196e-16,-1.84606188086575e-17,1.13645848382788e-16,6.48064960577114e-17,2.85879866611446e-08,-2.17840997602067e-17,-1.75112325580375e-17,2.15724100815439e-17,-2.87504922366567e-17,2.39813706737536e-17,1.81271392690245e-16,-6.20362308140493e-06,4.18295311211491e-17,7.62453957438633e-18,4.19512889383553e-07,5.55008450505433e-17,-3.87172709419177e-18,-7.14757450239343e-17,-2.10968121585483e-16,3.48384384083391e-07,-1.35506085708419e-17,-9.63133398838756e-06,3.74741332761563e-17,-1.35663914189228e-16,4.398736715852e-17,4.79797577807462e-16,-3.32006466069966e-17,-1.44032404829918e-16,3.47414917023815e-07,-7.38729335592866e-17,-2.73684643878458e-18,5.23864445013169e-08,-4.33086424988323e-05,2.35547345119982e-17,8.90806956196255e-06,4.43708585737256e-06,-3.77919943668026e-17,6.05075692152152e-17,-8.98052615067989e-17,8.94042713845536e-17,4.89351145829851e-17,-7.41299310996015e-06,-7.86454308139506e-17,1.23439083358752e-15,-3.79648345361134e-17,2.96374794927579e-06,-3.67026224108278e-17,2.62928270035049e-17,3.53359403692105e-16,4.89694363510224e-17,-1.34787518048244e-06,1.29267395081854e-17,1.0829543577398e-08,-8.18581581616354e-17,8.70096379216162e-17,8.98116721172355e-18,-4.91508837390531e-17,1.67557797911797e-17,4.79393937053388e-17,-3.8491914859488e-17,-1.87390369876737e-07,-1.08544594458514e-16,3.20512215518542e-17,7.87285982867792e-08,-7.42205028803666e-17,-3.03730925390107e-17,1.9328952622739e-17,1.18751658390695e-17,4.0303582301643e-17,-2.15800899775206e-17,-5.69545226965649e-07,-1.72113706785491e-16,-6.33602909175085e-17,1.69436649764269e-07,2.30656746341057e-16,1.44386191324088e-16,1.54975949344246e-16,9.32222666355383e-17,-1.13667328912526e-17,-1.01934594051499e-16,9.02974177901249e-18,-5.41953425030871e-17,-4.52068624302443e-18,3.13604696791565e-17,-5.56869787049094e-17,-8.85903874905886e-08,2.93650794953952e-07,-1.00180190153674e-16,2.81404831106993e-17,-2.69672099201725e-17,1.58195768176398e-17,9.08561420542853e-16,-2.48070886641458e-17,1.73964634810856e-17,-6.79555950062508e-17,-2.79306535840074e-07,3.3897540881107e-18,-2.62268596830969e-17,4.32110731120627e-17,7.23108661238511e-17,3.24581849924653e-08,2.60803338882522e-16,-5.13692651351504e-09,-5.57325572315507e-18,5.90745982484102e-17,2.1057225188836e-17,-9.91699675343047e-17,3.0612754253133e-17,-1.02699900507823e-16,3.46372326344744e-17,7.05473340027243e-17,4.25016621591094e-17,4.94274341894326e-17,-8.7844603760458e-17,-8.67238627417222e-18,1.02403187847599e-16,2.31712112793146e-18,-1.39181980534048e-17,1.13689983263261e-16,7.03601782991037e-17,-4.14817849759338e-17,-5.37236583628409e-18,5.65693938593606e-17,1.3014762878516e-15,-8.76013694345161e-17,4.54072887408069e-17,-5.53746434140883e-17,3.17636605303968e-17,9.05750615870918e-08,9.65400302550845e-17,-1.94490187190473e-17,-1.97747422740403e-17,-2.01028133556388e-16,6.08987248332246e-17,9.54680959828795e-17,-2.38827610006327e-16,1.40547414170039e-17,-1.98151162057329e-17,2.07253121340701e-17,1.93204827136917e-16,1.79724470779098e-17,5.46921249274737e-17,8.00946968946743e-18,-1.31601269534011e-17,-5.07395648404701e-17,-2.67551075356476e-17,-1.15979048376637e-06,-4.08791033631595e-17,-2.83257680718574e-17,-2.56744312300733e-17,-2.92073235641019e-17,-1.83722158250471e-18,-5.37413289478088e-17,-5.46491399719596e-17,-8.30775651808945e-17,1.01699168360803e-17,7.20535929084451e-08,5.63561661788624e-16,6.51665282394675e-17,3.14846246587932e-17,6.75634996861054e-17,-5.79462030321977e-17,-1.17154285315824e-16,9.79610536250889e-18,1.41197344686192e-16,5.90365993085733e-18,5.30421855298942e-17,-2.0400722287877e-17,2.8784643024668e-17,-1.56658734919601e-17,1.22698190890532e-06,1.5854146853825e-17,-5.32705608910592e-17,5.770647682549e-18,-6.75241113023972e-16,-9.89699009594728e-08,-1.59409603757671e-17,1.65274885123973e-17,-5.48075641111212e-17,1.01310150263988e-16,-2.65005031496857e-17,3.6833785606783e-17,4.80254355261918e-16,-3.30329700206414e-17,3.03102837241649e-17,7.00796828501531e-17,-5.99575744413068e-17,-1.88086469858054e-18,-4.4750256850103e-18,2.57001972843984e-16,-7.67657373747802e-18,3.37815441609514e-17,-2.17127691086248e-16
"t629",0.0283246352542772,-0.00563455955272486,-0.00596320415719863,0.000213050755027142,0.000590812474603211,0.00374959749903888,0.000684370840530218,4.10422514681495e-06,-0.00968209083399878,0.0150408447344172,0.00491926491931068,-0.00233525204030116,0.00510611740226461,0.00113725017940049,0.0356908250553805,-0.00100647107876939,-0.00070615422520969,8.96664897559662e-05,0.0437966416438224,-0.0186391101621046,-0.000124957970052642,-5.75114741919256e-05,0.00807000794905875,-5.25265324084426e-05,3.04578625612713e-05,-0.00203233422630399,0.00905594277729552,-0.000146089875974862,0.00205259695353573,-0.022939238676261,-0.00299403507035203,0.146462243363675,0.00113923536567454,-0.336412724856027,-0.0587223197587256,-0.033768843315048,-0.000297370301485469,0.0004279025711726,0.0153124589113706,0.00347638741763311,0.00190349069916766,-0.0137829411208198,0.000183408528678788,-0.0101631532439837,0.000433105163320674,-7.92496168519206e-05,1.42161839831848e-05,-0.000209287495449227,0.00974135435040973,-0.0165503493038334,0.000167640751043806,-0.000149457157819111,1.23993252020383e-05,-5.20180645928042e-05,0.00104189117106247,-0.00310410554550076,0.000361428672554076,-0.0011798589466428,0.00941382140207762,-1.81921158559868e-05,-1.59461766114883e-05,0.0014662961323576,-0.000458544329267572,0.000339602520904494,-0.000986919145636868,6.27472088048596e-05,-0.000116010987700802,0.00109129338178001,-0.000260284920885216,0.00114647858561549,-8.79287357310214e-06,2.17162052645434e-05,-7.37250792756367e-05,-4.60252909776559e-05,1.9247169671411e-05,5.63261510534121e-06,-0.000162717291007784,2.30779297465684e-05,-0.002249381912441,-0.000830637998621461,4.65536068898797e-05,0.00355693214016515,-0.00155854266958659,-0.0001506437747503,0.000375563406586481,0.000288098837017716,-4.2854625944114e-05,-0.000255169938159259,-1.45957753338869e-06,5.64856447717258e-05,-0.000465291848340192,2.97868535583529e-07,0.000204716509261202,-0.000174058614794366,-2.75615772440453e-05,-3.81609914228113e-05,-4.48220809667572e-06,2.29951041222342e-05,-0.00025279031279607,-0.00198703768473606,-0.000130240552082642,8.56019593786295e-07,-0.000178335371927412,0.00027007746661606,-7.05231782241659e-05,5.25854527940348e-06,-0.00138180626516411,1.73322923891871e-06,-0.000739684916044625,6.58798886599187e-07,2.17687767387717e-05,4.15011912228927e-05,-1.2813117963838e-05,1.23184680369882e-05,-1.06306732061346e-05,1.3515914195104e-05,-0.000570175809834949,0.000575095013706613,-0.000216669066430332,7.35452032616534e-05,-4.09644065691632e-05,7.68948459280592e-05,-0.000612639828856375,-0.00115992751071122,5.23089514117381e-06,-0.000104492266732248,1.08113776029223e-05,-0.000221271734569151,0.000211984823158371,0.00736867288704593,5.40717296799187e-05,-0.000944488492451103,1.27466369364524e-05,0.000143673334996133,-3.64181170583909e-07,0.000239162190512359,-0.000177970853529471,-2.17420153433679e-05,0.000638317676657398,-0.000646970164174766,-0.00041906254579473,-4.59778285767473e-05,0.000394423688242932,2.43763774384432e-05,1.40559301766768e-07,-3.08529046769352e-05,-1.00044600133775e-05,0.000154200061277449,9.80081457525471e-06,-4.70989419762391e-06,-5.78909435314788e-06,-0.000103491255526855,-4.02102648399943e-06,0.000812426474816515,-2.91468004882414e-06,-1.84111848241792e-05,0.000273471853662499,-3.1073729901567e-05,-6.16874914682487e-05,-2.02498919680755e-05,-2.3176889284357e-05,3.36133359653579e-06,-8.94630065823044e-05,-3.24366346974289e-05,2.07138101204171e-05,-1.35553767274579e-05,0.000733188028241804,1.24914836926186e-05,0.000620515601185122,1.51373549885324e-05,-2.6321336963848e-05,-4.63190543232683e-06,5.3658187386932e-07,6.79788649835754e-05,3.33957965529666e-06,6.77493163715974e-06,2.96230777651019e-07,-1.07883337402232e-05,-0.000354051468758495,-4.66502294082887e-05,0.000185810396015256,4.82921431917329e-05,-9.92464375920504e-06,-3.88512134801461e-08,-1.15774329841891e-06,-3.65745224032364e-07,-0.00174808342653344,0.000397281205622396,0.00177982804152977,-3.76964069808798e-05,-4.93437649474369e-05,9.17846698273437e-05,9.7345314804142e-05,1.40937784863512e-08,1.38015132012498e-06,-9.30240012602894e-05,-0.000283333239868751,-2.78284835160828e-06,0.000105157550556535,4.83807514177744e-05,4.84119042132925e-05,0.000203683627592128,-1.54004231082601e-06,-9.40988289373613e-06,-0.000493613931230251,-6.32320675866204e-05,0.000357153146625735,5.33780122598439e-05,-0.00528999176540402,-1.22887074993912e-06,-0.0613267086438733,-0.00083337759957182,0.000355767298887074,0.00163336715357739,1.37046516572991e-06,1.12774283733986e-05,-1.75920905340392e-06,-1.01721713120829e-06,5.78591905440655e-05,5.69087775005586e-05,2.38316058076109e-05,-1.99967963649723e-05,-4.06638803305981e-06,-1.58297885297185e-05,3.64282688287041e-05,1.97467585342787e-06,0.000184709091568761,7.83597819841569e-07,4.90900517414533e-05,3.19644635643996e-05,-1.91614659941971e-06,-3.60184905347156e-07,-8.2490974879319e-06,-3.59811781695237e-06,5.53160943654261e-07,2.45277872690605e-08,8.94252284726711e-06,-1.82633403290495e-17,6.25904448834487e-08,-8.38123468963753e-07,1.01758308568391e-07,1.51511161833505e-07,1.01363929049479e-06,-1.32373093330922e-08,-1.04260109589829e-07,6.43155586198751e-08,-4.91405058743033e-08,4.77453730802178e-09,-3.25942893389921e-08,2.68911476375521e-05,-1.00767310793819e-08,1.17756528198971e-06,-4.05649817558744e-06,5.96710735289418e-09,-3.76708358300684e-10,1.67386071687556e-08,-1.14458273326492e-08,1.7379101748651e-07,9.06319103304789e-07,-8.68787668810958e-08,-2.97618373659173e-08,3.73832491681058e-07,-1.86454359284081e-06,1.70020397986417e-07,-9.64819773449911e-07,3.40562388200108e-07,-6.61026807837696e-09,-5.45036319445725e-05,-1.96919069053881e-07,-9.81340023852724e-07,-8.74932588463544e-09,1.03521614324538e-06,-2.87694013025103e-07,7.58163432257862e-07,-1.29121244837331e-06,2.64461153100578e-06,-2.34257650421868e-06,1.89916005710532e-07,-4.58851118926863e-05,2.13444565964908e-07,-6.19478672194812e-05,-1.09511174046872e-16,0.00018260133128603,3.72721609880334e-06,1.27690323306756e-10,1.36753824848698e-06,-2.41125786084848e-06,1.63544626220661e-06,4.86122503777413e-07,-1.1493678871355e-07,5.43652691060491e-06,-0.000208847399371402,-3.70698398449045e-05,6.08209109690945e-06,-0.590916210393882,-0.00582719009023611,0.000107933962481168,-0.000199614544526772,6.41862322434822e-06,9.20705067976729e-06,1.70506015236294e-07,0.000270004951925465,-3.31308695583876e-05,1.4300607092727e-07,-4.32925867048119e-05,4.87792199720736e-06,-1.75136111479861e-05,1.16951608423022e-05,3.70186987963071e-05,5.20129971683836e-06,-1.63856968633832e-06,-1.04182070413859e-05,1.02926869475304e-06,-4.64894631760479e-06,4.59351311940705e-06,4.21148337977251e-05,-7.94300654396098e-05,3.28481851323542e-16,2.08500913942518e-07,3.10858804790207e-06,-2.84646771758247e-07,5.70756618902006e-05,1.78153149479381e-07,1.48420445229228e-05,3.41633259466186e-05,-1.24886769003435e-05,5.21492926409247e-05,2.37768161623327e-16,-0.000135474390628935,-3.06073228645423e-08,-4.56098338925162e-06,5.40107158405461e-07,9.60366585125522e-06,-2.24653058436529e-06,-8.47497307102772e-05,2.2388087870954e-05,-2.62698011940019e-06,0.000135664422850244,-5.17659162610957e-07,-8.13730264459509e-05,-6.49417386126049e-08,-9.23626168722238e-09,-4.83063811744724e-05,7.28002449008348e-07,-5.20083884719612e-05,-1.77152392534615e-18,-3.75827211268536e-06,2.94107138584972e-07,8.47576485233918e-09,7.44867258406573e-08,-9.45496150678152e-05,-0.000190429724610021,2.39535104897775e-06,-8.71463494264356e-06,-4.87205885082246e-06,-3.89033880451956e-16,-3.10274416003493e-05,-3.07142244758055e-07,-3.86146827337598e-05,3.89877754688862e-15,2.06195381850178e-05,2.62333401959674e-06,-4.00845627073506e-07,-5.866144035132e-05,-1.9423585181351e-05,-1.03219383948535e-05,-9.3570704938066e-06,1.02551137063175e-05,2.07718193507886e-06,1.14591620387064e-07,2.20224646903081e-05,8.02162136835949e-07,1.8222957815552e-17,-3.16248247848596e-07,1.16898959085318e-05,5.03018039105724e-06,-2.62553638584003e-05,4.67974735121248e-16,-6.39154679411294e-07,1.16633735103983e-07,-1.09859392756986e-05,-1.87938255647476e-07,-2.45575336762128e-05,6.61156979657668e-07,-8.71166704544841e-06,7.62734445742106e-05,2.54499534966282e-16,0.000271520614852758,-7.56583222508785e-07,2.23729968767043e-06,0.000201642445236758,-3.53163404284921e-07,-1.37457502814315e-07,1.97758476261356e-16,1.06044114515042e-16,-1.32094344536527e-07,-4.26053033143075e-07,5.61711871170059e-08,-2.22421173126952e-05,1.94550528237962e-14,-1.04803450526146e-05,-1.23380682628793e-07,-2.88981824132792e-16,5.09832957459608e-17,-9.39884868408704e-17,2.59101914609347e-05,1.95806828067377e-06,-2.13535198044158e-06,0.000106772691241952,9.04959390717669e-06,1.6890157134971e-06,-7.32667997949459e-07,-2.38220382899713e-16,-1.59628441153509e-07,4.474716371693e-07,3.84588785164009e-16,-1.22045991426422e-16,-2.78828209825126e-07,-5.81512200184289e-09,-1.64273532726019e-07,3.45275680518462e-05,1.60862079476126e-07,-2.33184662574936e-06,-1.41577197324619e-16,-2.26569931666114e-06,2.14891553666923e-16,-2.66183336369852e-05,-7.01912486467116e-16,-1.79057251230507e-07,7.97440691947126e-17,7.33900878629752e-07,1.93176023044914e-07,3.08976604344274e-06,1.1739653010102e-05,5.18289170211667e-07,-5.94390619119033e-08,3.76295979579998e-07,1.33727321923732e-07,2.44204784766441e-05,3.71059601763347e-06,1.30655370420253e-07,-3.66847247376984e-07,-2.42132817902917e-05,-1.96052618526967e-06,-1.74452271622223e-07,8.09610691886655e-17,1.62926647017788e-06,-2.80222110359988e-07,1.44051418424201e-07,4.27476311474468e-17,9.70367666203402e-07,7.6028405718464e-06,2.43172137592083e-06,3.74490825937636e-18,-5.88989602949158e-07,-1.20249795461641e-05,2.54236001421174e-16,-4.12387615400297e-07,9.15387468624777e-07,-4.26551042364882e-17,5.41274698283836e-16,-3.35556593315195e-08,-6.90728816229108e-06,-3.93261215849795e-08,-5.45163406895657e-05,4.19229037307077e-06,1.10488288723722e-07,4.09268106985982e-06,9.82813706137102e-07,-2.45454691152171e-05,6.39028760462956e-16,4.52641402940963e-09,1.20014281179175e-07,3.30828456135876e-07,3.09296861179734e-05,-3.40038231380544e-16,-1.74539544729536e-16,1.01619501807686e-05,4.68151055247621e-16,-1.28134581575615e-15,1.24789215401159e-06,-1.83453055142519e-06,-3.43457821934367e-07,-6.98381362961426e-07,8.77738676445583e-06,2.29278133211392e-06,2.44425012721178e-06,4.45788362461042e-17,5.60212768364912e-06,2.61389154703678e-07,1.19907127886395e-06,-3.14366216048802e-07,1.23883740026825e-06,5.85934195867775e-16,-2.47657288760362e-16,-1.84759129524518e-16,-4.13772832717932e-06,-5.1830975473528e-08,-3.35970740729213e-06,-2.66510789862669e-16,-3.96852934592504e-08,4.10242584367267e-16,-2.02163971479791e-16,6.46924499731213e-06,-1.61968931652042e-06,-1.20563281580388e-16,-2.19847064528858e-05,-1.7992194073911e-07,-7.77118056325319e-16,4.06433591436139e-07,3.05302722145795e-16,5.47899527771341e-06,4.26214062955753e-16,5.46404474599293e-06,1.23864992940694e-06,4.48432029072308e-08,1.61148726336542e-06,1.10581908236851e-05,-1.44510054615288e-07,4.42964453250208e-06,-1.8739514495029e-16,2.61413502532158e-06,-1.47523002038732e-07,9.02976399817181e-17,-1.94307186698907e-08,-3.95803415606889e-07,9.19251926498382e-08,3.88529858384194e-16,2.94466348356147e-07,3.89368242549901e-07,-2.07881646263499e-16,-1.08010837765059e-05,-1.34878672560489e-05,-1.11805291447017e-08,5.30712192543151e-17,-4.84955998043268e-17,1.99616761062722e-07,2.32548299492536e-06,1.88112288196096e-07,-7.92846600924331e-08,1.37263814071515e-06,-2.45741697554915e-16,2.37904525240939e-16,5.00945410753751e-06,3.45283313146345e-08,2.33467492879277e-16,1.20988279074137e-05,1.80083486564056e-16,1.64579878407758e-07,-2.31230975231496e-06,-1.35098580545365e-06,-8.95461014662697e-06,-1.15738810445563e-16,-2.18725119753807e-16,-3.15753379170465e-16,-5.29372302164917e-17,-1.89108189482434e-08,-6.55892672122795e-08,1.5705517739108e-16,4.61974591734287e-16,-1.20356514886455e-16,9.22875290050552e-08,8.29227949531041e-10,-4.56404947240289e-08,-2.61042300915796e-16,-6.13116328540553e-17,2.76688394418301e-16,-1.95545824724265e-06,5.9834995242667e-08,1.82674079342026e-16,1.0493623299368e-08,-2.74463180014807e-07,-8.09294365436133e-16,-2.18291198371378e-16,-7.18874373762334e-06,-1.94130978089081e-09,-3.55980939671582e-06,-4.86121063999131e-16,1.05611173689881e-07,1.70401365177918e-06,1.82781173499686e-06,-5.69522739042605e-06,-4.04613219092167e-07,6.58579997539889e-09,3.35269402981785e-16,4.27004006233124e-16,3.20490196114045e-16,1.25167088887166e-07,-1.13328355596416e-07,-1.61678009195916e-06,-3.3615919967842e-08,-2.40997317982365e-16,5.41753648753058e-17,-3.7692750352823e-17,1.16281678180644e-16,2.00649507751775e-16,1.60594252129447e-07,1.92807424598449e-16,-2.97356943890057e-16,-9.83657192790007e-07,2.51447594406635e-16,-8.80568070050289e-07,7.55710873623039e-17,-1.09176546418977e-06,6.37552486168824e-16,-1.32436537641546e-06,-1.65842492243976e-07,-4.00791782250577e-07,2.58228150956677e-18,5.33991386341855e-06,6.03336640322064e-17,2.23647947428484e-06,-3.7507802152447e-07,2.09254336715392e-09,7.61564613591361e-16,0.00750918063223299,-4.77137386944746e-16,-7.16279379540136e-07,-3.66679295740004e-07,3.59359325532716e-16,-2.02418274212965e-16,-8.89428432282033e-17,5.71920396889231e-17,-4.76296361760248e-08,-6.22201714587982e-07,-1.39339089499593e-07,4.2777622250812e-16,3.41114127473385e-17,-3.93591266340494e-08,3.21135221413235e-07,-2.30515190291151e-16,2.08111052603234e-16,-0.000449480303164925,-7.7105543475876e-15,-4.55360365396386e-06,2.73211142248773e-16,1.14231593931241e-06,1.7698272670617e-16,-5.53008054675231e-16,-2.4390965628186e-16,1.39918793812993e-16,-2.42975236432596e-17,2.75031944223328e-16,2.19837952353543e-08,-1.53748193590216e-07,4.20782303023911e-17,-1.02102646170026e-07,4.29011745423076e-06,6.65245869750875e-16,5.99326973938485e-17,4.54708089640254e-16,-6.57375329965798e-16,1.44270181235542e-06,2.30724535413606e-07,2.31667525240589e-16,1.39992863021249e-16,-7.68384330800417e-07,-2.48194916527259e-07,-3.75765119608547e-09,-1.10862538832464e-15,1.00009537339169e-16,-1.9207762888412e-16,-4.70899786712385e-16,2.42181520457629e-16,-7.90768746578219e-17,5.52084230245082e-06,-8.57000708221137e-06,-1.00386644970746e-06,-1.99222538082107e-16,-1.11127022558831e-16,-1.0648280702316e-15,4.28318189444349e-16,-2.2860288156553e-16,8.65676391125324e-16,5.97429996945109e-16,2.105190486739e-16,5.09363424513871e-17,1.11646744054659e-15,1.38449799279833e-16,2.26019645721026e-16,-8.06805980380024e-16,4.20078365915038e-17,1.46290857257567e-08,-4.06731342943077e-16,-1.07961772545566e-15,7.62429539299856e-17,2.0705214440964e-07,-9.37495038760231e-08,3.40318935346203e-16,-5.34344925349597e-09,1.89180051405794e-07,4.01731400334945e-17,6.99723177015827e-15,-3.64707206360357e-07,-1.16412754550771e-15,4.65549363787612e-09,3.51630244529204e-16,3.83731409460391e-16,1.58090303818474e-16,-2.41598108984408e-16,1.7100440364277e-07,-6.25220550606446e-07,-1.6790885155455e-15,2.78780507642369e-17,2.42740634893882e-16,-1.52549597604872e-15,3.59304599961696e-16,1.34064846798771e-16,7.8397852506199e-16,-9.32071524877724e-16,7.50828450863308e-09,9.36001082591625e-16,-1.1272881974716e-16,-8.45610153159992e-17,1.21206822535149e-15,8.43643235176848e-16,2.68088343544289e-15,-1.63160612943374e-06,7.93608158001203e-16,8.19208340569175e-16,1.10364110233781e-07,-1.60042127227961e-15,-1.03326540994767e-16,3.59543833552544e-16,1.16423184431296e-15,9.1930502010926e-08,1.69545630959758e-15,-2.5428627688047e-06,6.21929620846585e-16,1.99759203096243e-15,1.8161107139235e-15,-1.8855961375088e-15,1.26163054010879e-15,-9.4796993877329e-16,9.18258614144376e-08,1.00895940312192e-15,-9.83451417688729e-16,1.38580993352793e-08,-1.1457178733726e-05,-2.26161509285844e-15,2.35832376282581e-06,1.17494346496905e-06,1.92652645775591e-16,9.99218778598763e-16,-8.83933275416893e-18,2.81072148368925e-15,9.43240573625216e-15,-1.9696086021784e-06,-1.32900972581382e-14,-1.82398572809834e-14,2.07927494834489e-14,7.88143017974437e-07,3.56797994839043e-14,0.707106781186547,7.17712649921517e-14,8.09480732265287e-15,-3.58849547827097e-07,4.78660387862469e-15,2.88422240666623e-09,1.11269633235016e-15,-1.11530602990695e-14,-8.16315622444996e-15,-5.47089340344469e-16,-8.2877896239947e-16,-5.02042260036197e-15,8.12687108497626e-16,-5.00010621214945e-08,-9.1417023989479e-15,-8.07365189276576e-16,2.10167934535604e-08,2.17953815917289e-15,-1.71297222998451e-15,3.83650904338791e-15,4.81534778064837e-15,-4.13840127407613e-15,4.82349266947591e-16,-1.5226404944419e-07,-2.04216772874864e-15,3.11708546701361e-15,4.53274174526164e-08,-3.04553525183132e-15,2.21242569113236e-15,-2.09349240152923e-15,1.52597175727509e-15,-1.06270151478344e-15,-1.31543668805645e-15,1.39471804861782e-15,-2.30718211714387e-16,-5.43236674125795e-16,9.14526562781719e-16,-6.52958899628874e-16,-2.37569416692454e-08,7.87700686522322e-08,-3.44339800093614e-15,6.28637051312877e-16,-3.92776454082081e-17,-5.47717928786032e-16,2.49149659237169e-16,1.13914855112362e-15,4.95044928738102e-16,-2.11116897956991e-15,-7.5036037495404e-08,-2.15708294701697e-16,-4.27356522545791e-16,-1.4644637179781e-15,-1.49317058133967e-16,8.73117772637997e-09,-1.5533548523357e-16,-1.38383100359931e-09,-5.30651123290571e-17,4.84593245113692e-17,4.58255611628673e-16,-4.37689274061979e-16,4.52120367799318e-16,-2.51036801572546e-16,-1.3928596744121e-15,-5.47913975077566e-16,-2.13803390602465e-16,-3.76669986261787e-16,-1.4304410494738e-16,-2.65561684731843e-17,4.78361989291006e-16,2.2138000365739e-16,8.67323935112986e-16,-8.84307556216854e-16,-2.73942712637491e-16,-4.32301067963373e-16,-3.13515314987819e-16,-1.41242290631168e-16,-8.95550994473027e-16,-3.55453273748653e-16,-1.51183586584644e-17,-1.40518906887779e-16,-1.16583627633633e-16,2.45309878809748e-08,1.25729825741464e-16,-7.07813387584422e-16,-1.49836335857037e-16,-5.1929652161455e-16,2.61011331028121e-16,-9.11781249057372e-17,-4.71472707030346e-16,2.99658507183565e-16,3.26962313226694e-16,-1.22544387213082e-16,1.36219160951079e-15,-4.50013829698385e-18,8.33909509236161e-17,-3.50190741692989e-16,1.80347719943092e-16,1.11107987337925e-15,2.27719559889954e-16,-3.15251238262846e-07,3.9744237961233e-17,-4.68673193228072e-16,1.15875327667727e-16,8.3571543780319e-17,6.63696016998374e-19,4.61068304717817e-16,-1.90373329424441e-16,-4.16275465663273e-16,1.50361670155751e-16,1.96585626830256e-08,-6.91180183351443e-16,4.17563223997223e-17,2.16101083701974e-16,4.77328544491751e-16,6.96537023114121e-17,-4.26662255389149e-16,2.27881113900112e-17,-1.04443878214258e-18,1.67021410551371e-16,8.06145869011416e-17,-2.47443868253911e-16,-1.77108888519146e-16,-2.45105892102077e-16,3.36015099566792e-07,4.25542442664671e-17,-1.58488857367568e-16,-5.41351117023507e-16,-8.74300631892311e-16,-2.71506387276389e-08,-9.01532329542402e-17,-5.11044618416314e-16,2.26285854642443e-16,-1.91352148036603e-16,1.64254736524552e-16,1.41216392060993e-16,-8.74307245499533e-17,-1.13028884207121e-17,-1.1120609073142e-16,3.12635589303917e-16,-1.64643483584528e-16,1.53740087229145e-16,1.25394962832008e-16,-3.31036369962356e-16,-8.70445091527219e-17,-6.07318491854777e-17,-1.66958670395252e-16
"t630",0.0283246352542772,-0.00563455955272486,-0.00596320415719862,0.000213050755027141,0.000590812474603216,0.00374959749903888,0.000684370840530215,4.10422514681512e-06,-0.00968209083399877,0.0150408447344172,0.00491926491931067,-0.00233525204030116,0.0051061174022646,0.00113725017940049,0.0356908250553805,-0.00100647107876939,-0.000706154225209709,8.9666489755964e-05,0.0437966416438224,-0.0186391101621046,-0.000124957970052643,-5.7511474191925e-05,0.00807000794905872,-5.25265324084548e-05,3.04578625612223e-05,-0.00203233422630398,0.00905594277729555,-0.00014608987597483,0.00205259695353573,-0.022939238676261,-0.00299403507035207,0.146462243363675,0.00113923536567453,-0.336412724856027,-0.0587223197587257,-0.033768843315048,-0.000297370301485489,0.000427902571172615,0.0153124589113706,0.00347638741763308,0.00190349069916756,-0.0137829411208198,0.000183408528678831,-0.0101631532439837,0.000433105163320671,-7.92496168519214e-05,1.42161839831796e-05,-0.000209287495449246,0.00974135435040974,-0.0165503493038334,0.00016764075104382,-0.000149457157819109,1.23993252020466e-05,-5.20180645927938e-05,0.00104189117106246,-0.00310410554550074,0.000361428672554048,-0.00117985894664283,0.00941382140207767,-1.819211585598e-05,-1.59461766115043e-05,0.00146629613235761,-0.00045854432926759,0.000339602520904497,-0.00098691914563689,6.27472088048485e-05,-0.000116010987700781,0.00109129338178002,-0.0002602849208852,0.00114647858561553,-8.79287357314872e-06,2.17162052644883e-05,-7.37250792756426e-05,-4.60252909776386e-05,1.92471696713926e-05,5.63261510533472e-06,-0.000162717291007817,2.30779297465571e-05,-0.002249381912441,-0.000830637998621478,4.65536068898798e-05,0.00355693214016517,-0.00155854266958661,-0.000150643774750315,0.000375563406586444,0.000288098837017694,-4.28546259441016e-05,-0.00025516993815928,-1.45957753338755e-06,5.64856447717033e-05,-0.000465291848340187,2.97868535623427e-07,0.000204716509261198,-0.000174058614794396,-2.75615772440148e-05,-3.81609914229007e-05,-4.4822080966777e-06,2.29951041222696e-05,-0.000252790312796074,-0.00198703768473604,-0.000130240552082629,8.56019593823544e-07,-0.000178335371927433,0.000270077466616037,-7.0523178224106e-05,5.25854527945172e-06,-0.00138180626516407,1.73322923912335e-06,-0.000739684916044795,6.58798886594633e-07,2.17687767384581e-05,4.15011912229714e-05,-1.28131179638512e-05,1.23184680370257e-05,-1.06306732061334e-05,1.35159141951241e-05,-0.00057017580983498,0.000575095013706594,-0.000216669066430351,7.35452032615842e-05,-4.096440656918e-05,7.68948459282071e-05,-0.00061263982885635,-0.00115992751071114,5.23089514117278e-06,-0.000104492266732188,1.08113776029796e-05,-0.000221271734569216,0.000211984823158347,0.00736867288704586,5.40717296800584e-05,-0.000944488492451187,1.27466369364099e-05,0.000143673334996146,-3.6418117051817e-07,0.000239162190512398,-0.000177970853529486,-2.17420153433426e-05,0.000638317676657244,-0.000646970164174822,-0.000419062545794784,-4.59778285767567e-05,0.000394423688242857,2.43763774384357e-05,1.40559301870577e-07,-3.08529046767754e-05,-1.00044600133964e-05,0.000154200061277329,9.8008145754558e-06,-4.70989419774086e-06,-5.78909435314137e-06,-0.000103491255526844,-4.02102648400522e-06,0.000812426474816744,-2.91468004874908e-06,-1.84111848241425e-05,0.000273471853662453,-3.10737299015484e-05,-6.16874914682871e-05,-2.02498919680393e-05,-2.31768892844508e-05,3.36133359652304e-06,-8.94630065822572e-05,-3.24366346973833e-05,2.07138101205152e-05,-1.35553767274683e-05,0.00073318802824174,1.24914836926095e-05,0.000620515601185052,1.51373549885386e-05,-2.63213369639172e-05,-4.63190543238449e-06,5.36581873959014e-07,6.7978864983432e-05,3.33957965527051e-06,6.77493163713714e-06,2.96230777642753e-07,-1.0788333740341e-05,-0.000354051468758417,-4.66502294083916e-05,0.000185810396015329,4.82921431916917e-05,-9.92464375927084e-06,-3.8851213422313e-08,-1.15774329835682e-06,-3.65745224209856e-07,-0.00174808342653353,0.000397281205622394,0.00177982804152977,-3.76964069807602e-05,-4.93437649475842e-05,9.17846698272931e-05,9.73453148045307e-05,1.40937782804017e-08,1.38015132019278e-06,-9.30240012603162e-05,-0.000283333239868699,-2.78284835156638e-06,0.00010515755055641,4.83807514178061e-05,4.84119042133287e-05,0.000203683627592122,-1.54004231090768e-06,-9.40988289375054e-06,-0.000493613931229747,-6.32320675864602e-05,0.00035715314662581,5.3378012259889e-05,-0.00528999176540406,-1.22887075003285e-06,-0.0613267086438732,-0.000833377599571917,0.000355767298887066,0.00163336715357724,1.37046516586694e-06,1.12774283736348e-05,-1.75920905344325e-06,-1.0172171313372e-06,5.78591905440698e-05,5.69087775005626e-05,2.38316058077601e-05,-1.99967963649793e-05,-4.06638803301687e-06,-1.58297885297863e-05,3.64282688287485e-05,1.97467585332717e-06,0.00018470909156896,7.83597819964022e-07,4.90900517414311e-05,3.19644635643533e-05,-1.91614659930872e-06,-3.60184905244949e-07,-8.24909748807871e-06,-3.59811781696571e-06,5.53160943807501e-07,2.45277873255487e-08,8.9425228472355e-06,-4.2003106247805e-17,6.25904449548489e-08,-8.38123468937732e-07,1.01758308570533e-07,1.51511162106267e-07,1.01363929034312e-06,-1.32373094118857e-08,-1.0426010965593e-07,6.43155586101918e-08,-4.91405060317556e-08,4.77453718762746e-09,-3.25942892101265e-08,2.68911476378442e-05,-1.00767311036693e-08,1.17756528219569e-06,-4.05649817550046e-06,5.96710734741229e-09,-3.76708339001885e-10,1.67386071417356e-08,-1.14458273231879e-08,1.73791017458512e-07,9.06319103288177e-07,-8.68787669827375e-08,-2.97618374650704e-08,3.7383249179224e-07,-1.86454359300218e-06,1.70020397945388e-07,-9.64819773402808e-07,3.40562388201713e-07,-6.61026811264493e-09,-5.45036319447769e-05,-1.9691906892833e-07,-9.81340023762523e-07,-8.7493259194126e-09,1.0352161433416e-06,-2.87694012862379e-07,7.58163432203543e-07,-1.29121244835743e-06,2.64461153098613e-06,-2.34257650422132e-06,1.89916005642559e-07,-4.58851118926174e-05,2.13444565891522e-07,-6.19478672195245e-05,-1.12955455944039e-16,0.000182601331285847,3.72721609870431e-06,1.27690474536259e-10,1.36753824852383e-06,-2.41125786089737e-06,1.63544626184916e-06,4.86122503441639e-07,-1.14936788636747e-07,5.43652691059811e-06,-0.000208847399371391,-3.70698398448241e-05,6.08209109696007e-06,-0.590916210393881,-0.00582719009023628,0.000107933962480999,-0.000199614544526774,6.41862322432176e-06,9.20705067997831e-06,1.70506015342767e-07,0.000270004951925413,-3.31308695581912e-05,1.43006070902452e-07,-4.32925867047281e-05,4.87792199723526e-06,-1.75136111481676e-05,1.16951608423884e-05,3.70186987961815e-05,5.20129971721764e-06,-1.6385696864614e-06,-1.04182070413458e-05,1.02926869467745e-06,-4.64894631755918e-06,4.59351311945826e-06,4.21148337976653e-05,-7.94300654395431e-05,1.59656981870783e-16,2.08500913772512e-07,3.10858804762268e-06,-2.84646771642021e-07,5.70756618903945e-05,1.78153149774394e-07,1.4842044523151e-05,3.41633259465682e-05,-1.24886769004141e-05,5.21492926409554e-05,-1.1051487542977e-16,-0.000135474390628671,-3.06073225883003e-08,-4.56098338918365e-06,5.40107158601983e-07,9.60366585128058e-06,-2.24653058463405e-06,-8.47497307102441e-05,2.23880878707417e-05,-2.62698011963957e-06,0.000135664422850167,-5.17659162416874e-07,-8.13730264456215e-05,-6.49417385515756e-08,-9.23626156449069e-09,-4.83063811744741e-05,7.28002449086518e-07,-5.20083884719208e-05,-1.97634015030475e-17,-3.75827211278113e-06,2.94107138709004e-07,8.4757645202977e-09,7.44867258793144e-08,-9.45496150679334e-05,-0.000190429724610012,2.39535104903653e-06,-8.71463494263251e-06,-4.87205885084511e-06,1.69791511963803e-16,-3.10274415998287e-05,-3.07142244640978e-07,-3.86146827340091e-05,3.69994523846958e-15,2.06195381849591e-05,2.62333401930228e-06,-4.0084562713979e-07,-5.86614403511755e-05,-1.94235851812836e-05,-1.03219383948829e-05,-9.35707049381606e-06,1.02551137067661e-05,2.07718193534311e-06,1.14591620431393e-07,2.20224646902658e-05,8.0216213699942e-07,2.74751482774875e-17,-3.16248248100398e-07,1.16898959084525e-05,5.03018039083176e-06,-2.62553638585434e-05,3.15677514277385e-16,-6.3915467927453e-07,1.16633735102031e-07,-1.09859392754445e-05,-1.87938255505346e-07,-2.45575336764393e-05,6.61156979687429e-07,-8.71166704531388e-06,7.62734445741339e-05,-4.40377990690054e-16,0.000271520614852518,-7.56583222388005e-07,2.23729968759553e-06,0.000201642445236988,-3.53163404277158e-07,-1.37457502762248e-07,6.24500451351651e-17,-1.78404626724344e-16,-1.32094345004842e-07,-4.26053033213955e-07,5.61711873722178e-08,-2.22421173130549e-05,1.90930585673367e-14,-1.04803450524292e-05,-1.23380682708259e-07,1.76327171001071e-17,-1.3888415794939e-16,1.00373832069795e-16,2.59101914610261e-05,1.95806828069002e-06,-2.1353519807116e-06,0.000106772691241362,9.04959390691445e-06,1.68901571359096e-06,-7.32667998007057e-07,-4.21462300846286e-16,-1.59628441292927e-07,4.4747163737565e-07,-3.01037702984702e-16,-3.29959569238946e-16,-2.78828209885256e-07,-5.81512204936603e-09,-1.64273532631105e-07,3.45275680516175e-05,1.60862079752181e-07,-2.33184662571051e-06,-8.39925369149725e-16,-2.26569931683745e-06,4.29182917047382e-16,-2.66183336372535e-05,-8.38413539983041e-16,-1.79057251347739e-07,-3.60485599364325e-17,7.33900878114383e-07,1.93176022940589e-07,3.08976604339986e-06,1.17396530101499e-05,5.18289170418812e-07,-5.94390618712928e-08,3.76295979809334e-07,1.33727322374457e-07,2.44204784765367e-05,3.71059601710832e-06,1.30655370186408e-07,-3.66847247321288e-07,-2.42132817903541e-05,-1.96052618592547e-06,-1.74452271360757e-07,1.79310385031551e-16,1.62926647043625e-06,-2.80222110442449e-07,1.44051418333972e-07,1.93783497328481e-16,9.70367666283775e-07,7.60284057167197e-06,2.43172137617849e-06,-5.30920568716738e-17,-5.88989602789601e-07,-1.20249795459389e-05,-1.91603601117497e-16,-4.12387615243308e-07,9.15387468579313e-07,1.29194155497444e-16,-2.53475550112744e-16,-3.35556592575501e-08,-6.90728816231274e-06,-3.9326121553012e-08,-5.45163406896488e-05,4.19229037296063e-06,1.10488288718142e-07,4.09268106921991e-06,9.82813706165657e-07,-2.45454691151474e-05,6.86299975183324e-16,4.52641468449692e-09,1.20014281121311e-07,3.30828455755604e-07,3.09296861180138e-05,-5.0556555565334e-16,-4.48289064784854e-17,1.01619501806283e-05,-6.71816223745673e-18,-9.14252690543226e-16,1.24789215391088e-06,-1.83453055139875e-06,-3.43457822204508e-07,-6.98381363147925e-07,8.77738676439012e-06,2.2927813319604e-06,2.44425012740852e-06,-1.00642275820798e-16,5.60212768360973e-06,2.61389155558709e-07,1.19907127951995e-06,-3.14366216173034e-07,1.23883740041315e-06,3.3075384662341e-17,3.18048812406891e-16,1.86742107368913e-16,-4.13772832642896e-06,-5.1830976120096e-08,-3.35970740702117e-06,5.44057090187279e-18,-3.96852933844478e-08,3.18878222544621e-16,1.13948268941984e-16,6.46924499776904e-06,-1.61968931605603e-06,-5.94142790522056e-17,-2.19847064525802e-05,-1.79921941281809e-07,-3.19577963273008e-16,4.06433591716233e-07,5.40185325289831e-16,5.47899527740682e-06,-3.42159925159655e-16,5.46404474667465e-06,1.23864992983589e-06,4.48432033527435e-08,1.61148726261794e-06,1.10581908238772e-05,-1.4451005412577e-07,4.42964453246739e-06,1.80911842018863e-16,2.61413502524005e-06,-1.47523002285431e-07,-1.17512277389036e-16,-1.94307189006304e-08,-3.95803415752408e-07,9.19251931578706e-08,-4.22167417161892e-16,2.94466348271005e-07,3.89368242413529e-07,-2.73348782311691e-17,-1.0801083776824e-05,-1.34878672555347e-05,-1.11805286764699e-08,-1.80657934848524e-16,-1.13539140336884e-16,1.99616761271239e-07,2.3254829945146e-06,1.8811228787783e-07,-7.92846609197783e-08,1.37263814144399e-06,2.11327385316003e-16,-2.20565826884202e-16,5.00945410721701e-06,3.45283309529744e-08,-1.62127448551282e-16,1.20988279066964e-05,-1.73039468947651e-16,1.64579878719648e-07,-2.31230975255674e-06,-1.35098580572388e-06,-8.95461014669414e-06,-4.37353757190476e-16,2.57987360973984e-16,5.45089417871537e-16,2.62553935867209e-18,-1.89108187144232e-08,-6.55892666947813e-08,1.30027945740679e-16,-1.03333367703393e-16,6.02264564201181e-17,9.22875297788611e-08,8.29228089696719e-10,-4.56404951609316e-08,1.81548579509363e-16,1.17148044737059e-16,-4.65881673517021e-16,-1.95545824698739e-06,5.98349945748581e-08,-1.67794643067967e-16,1.04936221954648e-08,-2.74463180678615e-07,1.03748337708444e-15,2.6995687187133e-16,-7.1887437372946e-06,-1.94131009498951e-09,-3.55980939675642e-06,7.01870069707177e-16,1.05611173910466e-07,1.70401365152607e-06,1.82781173497417e-06,-5.69522739065813e-06,-4.04613219190962e-07,6.58580082364005e-09,-1.84169628828755e-16,-2.30185237169645e-16,-9.40505420006773e-17,1.25167089729566e-07,-1.13328356676846e-07,-1.6167800926572e-06,-3.36159193716237e-08,3.18519400930642e-16,-2.66943600469754e-16,3.75886571803273e-16,-1.31620282534111e-16,-1.37811146146945e-16,1.60594254288334e-07,-1.87241581261971e-16,4.13133456324825e-16,-9.83657193900363e-07,-3.92344802708676e-16,-8.80568070269966e-07,2.95984606592466e-17,-1.09176546346787e-06,-5.71152130817647e-16,-1.32436537516051e-06,-1.65842492450043e-07,-4.00791782227644e-07,1.87069001052083e-16,5.33991386344087e-06,-1.20144364295434e-16,2.23647947437379e-06,-3.75078022048812e-07,2.09254386582519e-09,-1.0553489576494e-17,0.00750918063223748,7.55347989783514e-17,-7.16279379610439e-07,-3.66679296383506e-07,-8.09811058890341e-16,2.65360540317379e-16,2.4430496036292e-16,5.13788773396764e-17,-4.76296367921789e-08,-6.22201713185268e-07,-1.3933909050341e-07,-4.24983690721217e-16,-1.19839135760007e-16,-3.93591270709545e-08,3.21135221985694e-07,1.64581814304842e-16,-1.50760828984244e-16,-0.000449480303164635,-7.40670546672607e-15,-4.55360365274878e-06,-4.79017026393145e-16,1.14231593919161e-06,-6.89271524613904e-17,-9.88723448199268e-16,1.67303552570107e-16,-5.6883261446075e-16,2.87059479848304e-18,-6.9825661789953e-17,2.19837974384681e-08,-1.53748192620463e-07,-8.08287951123448e-17,-1.02102646084755e-07,4.29011745493937e-06,-8.71321823191668e-16,1.7946947779013e-16,1.32312445844845e-15,6.79825258871655e-16,1.44270181239315e-06,2.30724536223651e-07,-2.02225104218162e-16,-1.42731700277585e-16,-7.68384330014839e-07,-2.4819491754356e-07,-3.75765118111679e-09,1.01507333044776e-15,-2.21480873976154e-16,7.56104653967771e-17,4.24590781862377e-16,7.67253755688404e-18,2.18326276810258e-16,5.52084230261437e-06,-8.57000708058235e-06,-1.00386645002613e-06,1.66528524228246e-16,1.16351156303236e-16,9.97668840882102e-16,-4.16087321692274e-16,1.55765471329773e-16,-8.87045267977434e-16,-4.79306221802073e-16,-2.6496306822568e-16,-1.00350651762978e-16,-1.01970315760794e-15,-1.10452977495489e-16,-4.79367890187251e-16,7.88417606557954e-16,-3.33715646536726e-17,1.46290848314494e-08,5.57793019124963e-16,7.90414211918183e-16,-6.89185747384999e-17,2.07052143050192e-07,-9.37495048870595e-08,-4.24106184407397e-16,-5.34345114792557e-09,1.89180049891838e-07,6.55585969986019e-18,7.93298659128974e-15,-3.6470720266292e-07,9.09062180939852e-16,4.65548974354431e-09,-3.50349164976139e-16,-4.3720458295895e-16,5.07920130501321e-17,1.36877671644367e-16,1.71004406712176e-07,-6.25220549792259e-07,1.84822754955484e-15,2.26369358844466e-17,-3.2712988582237e-16,1.43667988448379e-15,-1.82362805412062e-16,-1.57808557162122e-16,-8.71212870137097e-16,9.75218919397227e-16,7.50828518352914e-09,-8.56705495256666e-16,9.91851057647956e-17,1.23900478809355e-16,-1.26166739942953e-15,-9.98387383001631e-16,-2.66735459132127e-15,-1.63160613147127e-06,-7.58837242846797e-16,-8.36726839225759e-16,1.10364112534903e-07,1.52777185928111e-15,3.0752185215563e-17,-3.73154854757987e-16,-8.7980002510459e-16,9.19305016414544e-08,-1.63959796259702e-15,-2.54286276840457e-06,-6.8129447157681e-16,-2.06254623354718e-15,-2.08951725406322e-15,1.69533644392948e-15,-1.246652515717e-15,1.34056426819275e-15,9.18258643517199e-08,-1.26049447210031e-15,8.7723515335731e-16,1.38580873094315e-08,-1.14571787335088e-05,2.25795310219326e-15,2.35832376869843e-06,1.17494346660427e-06,-1.2703370984576e-16,-1.24117676418746e-15,5.24718443139648e-17,-2.98536181346063e-15,-9.50331157553379e-15,-1.96960861852561e-06,1.32704485134646e-14,1.81957613064674e-14,-2.06996933002346e-14,7.88143014885333e-07,-3.56570107553796e-14,-0.707106781186548,-7.18139027016536e-14,-7.92902281650866e-15,-3.58849578357605e-07,-4.76833042032214e-15,2.88419846692303e-09,-1.24129292225493e-15,1.10062973958815e-14,8.16074025846324e-15,6.83702181446297e-16,7.58803329606624e-16,5.1041351686854e-15,-7.18374668142843e-16,-5.00010544164836e-08,8.90364804174038e-15,9.04023587223033e-16,2.10168092919578e-08,-2.31699329464246e-15,1.74246655558959e-15,-3.94936097827481e-15,-4.76439215273754e-15,4.13229740356127e-15,-5.18237378585804e-16,-1.52264050477455e-07,1.54972021312154e-15,-3.08058190989081e-15,4.53274204052042e-08,2.97293949283459e-15,-2.42687077303445e-15,2.13107206619635e-15,-1.406858098896e-15,1.07150708495555e-15,1.32483550665818e-15,-1.40120060583886e-15,2.72941083480744e-16,6.83166791429502e-16,-8.86122135121493e-16,7.88716656781001e-16,-2.37569370583895e-08,7.87700737749257e-08,3.45343799678957e-15,-5.82678905779365e-16,3.38321442214402e-17,4.21685973933133e-16,-3.04877650902924e-16,-9.53649203113384e-16,-3.5965241297657e-16,2.35710103312758e-15,-7.50360323893025e-08,2.40724312025607e-16,4.16508077810007e-16,1.27514824013331e-15,1.84876937414736e-16,8.73117784206758e-09,7.81961687566863e-16,-1.38383239137878e-09,1.50931194071412e-17,-1.20707127672434e-16,-5.01132483367458e-16,3.74407951622624e-16,-4.38036472993228e-16,-2.17904312391917e-16,1.34667400155335e-15,4.81565475645909e-16,1.13287926687745e-16,2.1611213781925e-16,2.70227214404412e-16,1.42601522782273e-18,-6.57659428317832e-16,-2.97270367182213e-16,-7.94096367196466e-16,6.75727409315904e-16,2.29584746381634e-16,4.74213777520487e-16,2.96739950363104e-16,9.34905815078039e-17,5.90239662701109e-16,3.94491110007394e-16,-4.4581552695758e-17,2.69578962511377e-18,1.65392965258094e-17,2.45309894152708e-08,-3.24060838553262e-16,6.92379508071986e-16,1.8046009475328e-16,4.59681038856538e-16,-4.85499332700917e-16,-1.7639511108367e-16,6.92295359892542e-16,-2.38999573906833e-16,-3.73044889977529e-16,9.82443746985736e-17,-9.36316996158482e-16,3.4396676658145e-16,-2.31370637701647e-16,4.05446511922985e-16,-3.72623545703569e-16,-9.70699081079106e-16,-1.48597698399225e-16,-3.15251237728056e-07,-5.97220589714068e-18,4.08600831869976e-16,-3.92611615030003e-17,-6.23386342759805e-17,3.25976399719213e-16,-2.91394355517181e-16,2.61682240396681e-16,1.20144999555573e-16,-1.57488908771633e-16,1.96585627865215e-08,9.45043525255057e-16,-1.10072844235018e-16,-3.30467710613462e-16,-3.7051908082057e-16,-1.66533320750958e-16,4.80146608082295e-16,1.48326408479165e-16,-5.34351841998267e-17,-1.389385614778e-16,-1.84018314131797e-16,3.11879252072275e-16,2.05781587748075e-16,1.81614152180502e-16,3.36015099151136e-07,-9.56548325942745e-17,-2.69025166008495e-17,2.64324723075233e-16,1.02348685082632e-16,-2.71506387375635e-08,5.3255316752317e-17,5.39126113430923e-16,-1.13988805702302e-16,1.0579188266471e-16,-1.9376368308421e-16,-1.47066233047652e-16,1.76643829647803e-17,-4.61219326553892e-18,1.32207494459577e-17,-3.62947529371966e-16,3.04239073541708e-16,-1.73875116829698e-16,-2.45168676864929e-16,-2.00238810220896e-16,1.91260595716849e-16,1.70370273735087e-16,-3.6255034833406e-16
"t376",0.0283485958168127,-0.00564462006094474,-0.00597419687884176,0.000213577669497956,0.000592603131537798,0.00376294171671815,0.000686854507250974,4.1203119399368e-06,-0.00972696104987951,0.015125495323183,0.00495447151029028,-0.00235589653422646,0.00515259568238029,0.00114776083857595,0.0360352730908066,-0.00101676648345803,-0.000713552849809916,9.06232547006865e-05,0.0442749615668341,-0.0188605784258108,-0.000126566313467018,-5.84085874802215e-05,0.00820312858104477,-5.3398072676434e-05,3.09652721050963e-05,-0.00206785041537766,0.00921612451119565,-0.000148697766590168,0.00209025002056648,-0.0234388100618712,-0.00306372999339432,0.150032810226853,0.00116909902485735,-0.345668272300692,-0.0604243098866636,-0.0348297875631646,-0.000306837681951317,0.000441753624986977,0.0158116673670798,0.00359150048458207,0.00196843309402367,-0.0142652305067192,0.000189927570251811,-0.0105248569229489,0.000448804203298914,-8.23173056989437e-05,1.47773359735714e-05,-0.000217624206110065,0.0101392994853978,-0.01724483967168,0.000174926444657859,-0.000156057929662385,1.29482247995617e-05,-5.43668511869197e-05,0.00109076113298112,-0.00325053307657843,0.000380249171163967,-0.00124291235813149,0.00991845387461719,-1.92294662288994e-05,-1.68974752209741e-05,0.00155570788273363,-0.000487000114449202,0.000360769780988974,-0.0010504431993381,6.69020895257302e-05,-0.000124174106495008,0.00117015002069429,-0.000279322956160011,0.00123217328120563,-9.52632762145277e-06,2.3676191675879e-05,-8.0458144777502e-05,-5.03312658108474e-05,2.1053284368951e-05,6.16664660385513e-06,-0.000178207800369472,2.53191702926119e-05,-0.00247772485723504,-0.000916455110746646,5.15079973443864e-05,0.00393788898369203,-0.00173329811028318,-0.000167766432684761,0.000420764903258688,0.000323308956622369,-4.81732803419644e-05,-0.000286917518098437,-1.64129192310313e-06,6.35294288370714e-05,-0.000523652327132427,3.37306177031205e-07,0.000231953745708352,-0.000197985081210185,-3.15645276223359e-05,-4.37488354576822e-05,-5.13877960582151e-06,2.64336584013507e-05,-0.000290879703295171,-0.00229509008602281,-0.000150900832474398,9.92087577651943e-07,-0.000206747399152508,0.000317661249785523,-8.30405202369954e-05,6.19727561149041e-06,-0.00163100588768439,2.04669402249879e-06,-0.000874134649800875,7.79457935059895e-07,2.57655755093511e-05,4.92330110504371e-05,-1.5204400412293e-05,1.47064447488756e-05,-1.27080861792738e-05,1.62038256525639e-05,-0.000684457323655628,0.000692853774001518,-0.000261950438317421,8.91526274804052e-05,-4.97333627408559e-05,9.38520583313368e-05,-0.000750345304028695,-0.00142083900936232,6.41074407192358e-06,-0.000128524453040154,1.33019055679248e-05,-0.000273100601540075,0.000264038502077191,0.00917902566773443,6.74069196723748e-05,-0.00118482550713738,1.6010047245621e-05,0.000180619601711985,-4.59537363493992e-07,0.000301940340352208,-0.000226490434065187,-2.78517548395433e-05,0.000825209706703593,-0.000836614564469635,-0.000542763748596713,-5.95982818141604e-05,0.000511939000360768,3.16550254519176e-05,1.82530740592614e-07,-4.02110233327607e-05,-1.31347421034183e-05,0.000203989815153988,1.29902694631063e-05,-6.26926144856572e-06,-7.70839366088421e-06,-0.000138028363298779,-5.36811333440551e-06,0.00108579551173062,-3.93565706033243e-06,-2.49019135820609e-05,0.000370321421664226,-4.32700494731758e-05,-8.65112913928499e-05,-2.84299570585033e-05,-3.27394563871455e-05,4.75421681199212e-06,-0.00012755569560759,-4.62935969710658e-05,2.980067104784e-05,-1.96564826763299e-05,0.00108873391988027,1.85650009159228e-05,0.000922422668170912,2.25779558452587e-05,-3.94151632147018e-05,-6.94007698600781e-06,8.10398340825744e-07,0.000102928409042082,5.08451368290942e-06,1.03289504272298e-05,4.51945848453928e-07,-1.66776115802892e-05,-0.000555067129310124,-7.33167926727823e-05,0.000292715703743554,7.661592278113e-05,-1.57889112349406e-05,-6.19753364428018e-08,-1.85158445269443e-06,-5.90074184953544e-07,-0.00282646276798875,0.000654955249037694,0.00293614164558992,-6.26047821025037e-05,-8.35167376986963e-05,0.000157910868382309,0.000168448507104742,2.46022529990493e-08,2.42522390407014e-06,-0.00016681048865376,-0.000510367829407669,-5.0614893166496e-06,0.000192204808468702,9.19984703143658e-05,9.22363917408504e-05,0.000395027880010073,-3.04128561945979e-06,-1.94583391349048e-05,-0.00102095144780155,-0.000131367536439433,0.000752340671953979,0.000113549254397802,-0.0115601299882708,-2.78151467706516e-06,-0.14302341441875,-0.00196220105629488,0.00087625864573916,0.00413116844877366,3.46870827185512e-06,2.91642973359475e-05,-4.82168280527734e-06,-2.82109360590055e-06,0.000171550774242758,0.000177472960530013,7.56991314634251e-05,-6.89066887828826e-05,-1.43077349705149e-05,-5.7027089917607e-05,0.000141754673263061,7.81289120222195e-06,0.000733835495630104,3.43249424087666e-06,0.000229725228361241,0.000162175782602492,-1.01146477439413e-05,-1.98525454808673e-06,-4.74511866411824e-05,-2.09581368718438e-05,3.65376587499276e-06,1.77137887976784e-07,7.19996451142295e-05,-7.12532125112353e-17,6.06138370115644e-07,-8.46541319911992e-06,1.47604585652978e-06,3.36909564705201e-06,4.10856748059001e-05,-5.648085763324e-07,6.6415186322536e-06,-2.86341549848409e-06,1.919931346822e-06,-1.17192945439382e-07,6.37405976091676e-07,-0.000381691796858827,1.27297988487083e-07,-1.422592241005e-05,3.94450394278928e-05,-3.10542597065448e-08,1.66681195538573e-09,-6.55950646318346e-08,3.55619044496695e-08,-5.31827324457106e-07,-2.40743156352781e-06,2.14292978807064e-07,6.64043392255762e-08,-8.08666948424519e-07,3.90682431185062e-06,-3.4115097389314e-07,1.81892109450115e-06,-6.37572943395692e-07,1.06551798349418e-08,8.7564812850942e-05,3.15195784806343e-07,1.5110507773245e-06,1.32812727177095e-08,-1.5025507945278e-06,4.14140400571309e-07,-8.46202685052754e-07,1.40306700491175e-06,-2.81373659640963e-06,2.37563287151608e-06,-1.85418771399968e-07,4.1165060136285e-05,-1.86884843628487e-07,5.32091347066532e-05,-2.82712124488599e-17,-0.000146900056432064,-2.97288162779702e-06,-9.90485273975269e-11,-9.93409819538767e-07,1.65609319558794e-06,-1.09383292240119e-06,-3.20895408982286e-07,6.40793423577743e-08,-2.99806351606091e-06,0.000114833299253528,1.93911765358576e-05,-2.75791386015575e-06,0.261331512799914,0.00253248752298123,-4.42668486086388e-05,6.51505398424606e-05,-1.89469004289403e-06,-2.70163125556592e-06,-4.99427885407375e-08,-6.05475746919107e-05,5.193315741799e-06,-2.12947773557595e-08,5.96185058717444e-06,-6.07550980488935e-07,2.11217393994744e-06,-1.04310561768548e-06,-3.21817456360722e-06,-4.3082974842913e-07,1.31172662373951e-07,7.40510728207676e-07,-6.32156286411249e-08,2.45093012515885e-07,-2.25047971885829e-07,-1.80099225840665e-06,2.37270969459833e-06,-7.46863933491749e-17,8.0704147865981e-09,1.39045915562498e-07,-1.52279375264033e-08,3.06797594421112e-06,9.62417607725664e-09,8.32987760385742e-07,2.05122213149586e-06,-8.07093882700636e-07,3.84294719445155e-06,-3.79645703503493e-17,-1.26438776018872e-05,-2.92803257216972e-09,-4.5878902481993e-07,5.46430231541644e-08,1.08428096151371e-06,-2.67632183925124e-07,-1.0818469835069e-05,2.9850077684803e-06,-3.81238010468283e-07,2.10851160117982e-05,-8.37247830406151e-08,-1.34437173633758e-05,-1.08673249436087e-08,-1.58003721781666e-09,-8.2833723359597e-06,1.26724770891393e-07,-9.15683617239489e-06,-8.48621743450201e-17,-7.15285073462771e-07,5.68069626824541e-08,1.63733284823603e-09,1.49705448987467e-08,-1.91116415143176e-05,-4.10614643247996e-05,5.25259802537161e-07,-1.91718386191043e-06,-1.08485271040338e-06,-1.96265995302788e-16,-7.00185192013343e-06,-6.96503995469938e-08,-8.91326738696024e-06,9.26563110933959e-16,4.84774603065101e-06,6.19361375377647e-07,-9.48437116537219e-08,-1.39415790618279e-05,-4.65021848619598e-06,-2.48461311762932e-06,-2.26181152402032e-06,2.50918780439447e-06,5.08958147869143e-07,2.83061933727824e-08,5.51583468040977e-06,2.01052155974045e-07,-1.88276248268277e-16,-8.13251450294298e-08,3.01902936885312e-06,1.31117353191733e-06,-6.93739356497555e-06,-1.05022728692643e-16,-1.73600521560175e-07,3.25912768797416e-08,-3.1068073425938e-06,-5.34376260559818e-08,-7.02723386280848e-06,1.91374833933859e-07,-2.5666113822957e-06,2.3372400782188e-05,-5.40421034028902e-16,8.57548702665693e-05,-2.39541324161571e-07,7.11935346632378e-07,6.46041871882493e-05,-1.13208243722997e-07,-4.4145824707852e-08,3.50414142147315e-16,-1.34148915124058e-16,-4.28733283790171e-08,-1.39500489513352e-07,1.84114892625857e-08,-7.34544205715141e-06,6.53427614618539e-15,-3.51532833816745e-06,-4.16551004493346e-08,-2.65684536460166e-17,4.10742491573323e-17,6.5297677692323e-17,8.91564150527665e-06,6.75307412189597e-07,-7.42107213786146e-07,3.73386305935708e-05,3.16691885804049e-06,5.9483627466536e-07,-2.58215125352453e-07,5.08489065058401e-18,-5.69391760971993e-08,1.60254011099728e-07,-2.7249551043582e-16,-7.98173024302841e-16,-1.01332885431371e-07,-2.12034131005713e-09,-6.0155549542724e-08,1.26790040457119e-05,5.93763716642738e-08,-8.61414797941648e-07,5.55375647892793e-16,-8.37899952821623e-07,4.68486499055351e-16,-9.87458734010126e-06,3.61581424523916e-16,-6.65730028021728e-08,-3.02615258483956e-16,2.73618340448601e-07,7.20609461728027e-08,1.16067892105302e-06,4.41632546418275e-06,1.9508944792768e-07,-2.24298996475164e-08,1.42301421916982e-07,5.0811115394381e-08,9.27919883171204e-06,1.41191549927893e-06,4.98400910681578e-08,-1.40389783972469e-07,-9.29035324252263e-06,-7.53718762235939e-07,-6.71314522382605e-08,-1.01295608317577e-16,6.28754047271364e-07,-1.08425099861352e-07,5.61168699951016e-08,1.6282214312808e-16,3.78697623698228e-07,2.97474503678338e-06,9.52452127788572e-07,-2.20893251577569e-17,-2.30816280977657e-07,-4.72194484593742e-06,2.90133306980134e-16,-1.62089693391378e-07,3.616469367629e-07,-2.31252913476583e-17,-1.27401242279643e-16,-1.32801292129288e-08,-2.73406552397903e-06,-1.55768366327952e-08,-2.16102214632775e-05,1.66450078693159e-06,4.38738521589627e-08,1.62546231287835e-06,3.91049400443209e-07,-9.77861845361022e-06,-6.37510877421477e-17,1.80402879087464e-09,4.78357105269237e-08,1.31893993298217e-07,1.23343208018775e-05,-2.849122518847e-16,1.13761919404976e-17,4.05384297478241e-06,-2.64139793127633e-16,-3.24796977085928e-16,4.98563065880639e-07,-7.33043195199528e-07,-1.37239510432651e-07,-2.79112185125485e-07,3.50797583244863e-06,9.1633638112664e-07,9.76882824669737e-07,-5.28681592493528e-17,2.23838171150042e-06,1.04424987140717e-07,4.79002205637979e-07,-1.25540448855691e-07,4.94305051261719e-07,-6.59132278857531e-16,3.56981044438133e-16,1.01590029955395e-15,-1.64804614692915e-06,-2.06237768357069e-08,-1.33673479095768e-06,2.64420055423904e-16,-1.57724305498503e-08,-9.02978951213492e-16,-1.82289180025935e-16,2.55457274152143e-06,-6.39518695345218e-07,-1.45283091113058e-16,-8.66274444924786e-06,-7.0804998841789e-08,1.35147263651483e-15,1.59492707212423e-07,-5.7787120275611e-17,2.14188717757118e-06,1.79652222441193e-16,2.13526254748826e-06,4.83906605765656e-07,1.7513307901097e-08,6.29070443479681e-07,4.31220109563673e-06,-5.6114303640894e-08,1.7085752084901e-06,2.400940985493e-16,9.98491189290641e-07,-5.62830164703507e-08,2.85019319287689e-16,-7.40164753494151e-09,-1.50328040290997e-07,3.4817083400526e-08,-4.69102760136903e-16,1.10385118389985e-07,1.45637261598021e-07,1.0737273536915e-15,-4.0277101321911e-06,-5.02186237285219e-06,-4.13800379533504e-09,1.66619265025853e-16,-7.44863836267805e-16,7.27200057653339e-08,8.40793750056913e-07,6.79035299743412e-08,-2.74831790578719e-08,4.72066155903385e-07,-6.58081423350896e-17,-5.35821716209242e-16,1.71301282590229e-06,1.1798460043403e-08,1.36844171642014e-16,4.09240349012769e-06,9.87640935373189e-17,5.50893723915055e-08,-7.62106654307635e-07,-4.44754046069863e-07,-2.93438565631771e-06,-4.36102943618024e-17,2.15613754639682e-16,-1.96240381576446e-15,6.54078470736979e-16,-5.91102322949837e-09,-2.04112948096445e-08,-4.05394191944179e-16,2.17662481794206e-16,-2.65277550463145e-16,2.82433280782914e-08,2.51840464541434e-10,-1.35575244506838e-08,1.469566910836e-17,-2.38399794696975e-15,5.16405494754846e-16,-5.28775505544037e-07,1.61173964861656e-08,1.03182364030399e-15,2.69478077763632e-09,-6.89823651213088e-08,3.03886178697284e-16,-9.19055926420774e-16,-1.70678581205309e-06,-4.58620297645946e-10,-8.08952299290519e-07,-6.83161440680269e-16,2.22615961418748e-08,3.4228027333409e-07,3.39775325043717e-07,-9.28095212908924e-07,-6.32224135912765e-08,9.41684823840308e-10,2.93839984427411e-16,-1.31350492749397e-15,-3.63288482762757e-16,5.54488180532256e-09,-4.80392292353921e-09,-4.18902149572492e-08,2.61437752405485e-09,3.22129203777122e-15,-6.04953062359136e-16,3.00846239854761e-15,1.2841631264514e-15,5.15856566911556e-15,-3.91194211539363e-08,-2.21100348331733e-16,-8.93391405286429e-16,3.30064209982254e-07,1.78472816028044e-15,3.0032660362798e-07,-3.25860200512063e-15,3.82661483446528e-07,-1.12764388019482e-15,7.71199417317945e-07,1.08828823031554e-07,3.1654583638313e-07,2.31963302115331e-16,-5.34534111776507e-06,-2.47788794702303e-15,-4.05986580934368e-06,2.53812273907668e-06,-1.56773249169206e-08,-3.15670599986972e-14,-0.724717691345248,1.63844593297617e-14,-4.68293562103442e-06,-2.29017819564327e-06,1.40993290866513e-14,-3.9758196437676e-15,-1.000636432132e-14,-5.44254420333037e-16,-1.76488597837089e-07,-2.10399987154994e-06,-4.29874911885227e-07,3.43426111913376e-15,-4.37984668747024e-16,-9.07413677792027e-08,7.34293091619181e-07,-4.20402259953211e-15,-1.22436340332838e-15,-0.480671184355672,-7.96617308215065e-12,-4.09491891095312e-06,8.59975553291725e-15,1.45241363868544e-06,-3.85224998076215e-15,5.02090582906663e-15,-3.66136797165502e-16,3.28362220617847e-15,-1.2824726155873e-15,-9.05000636621226e-16,2.59147948501078e-08,-1.8101721808736e-07,1.56218631208548e-15,-1.16412369175512e-07,4.82879486431704e-06,4.9291331837385e-16,4.17001903425299e-16,2.75292437496009e-15,-1.27011498321641e-15,1.5429270193574e-06,2.44076508922091e-07,-9.5455867481342e-16,-2.23149180863003e-15,-8.03381700530418e-07,-2.59112416512707e-07,-3.90344131978576e-09,3.28296873952978e-15,-3.32668003801013e-16,-3.21965515951948e-16,1.17851178397219e-15,-1.50238926270934e-15,1.99533397948121e-16,5.34547541912065e-06,-8.25077085226277e-06,-9.61161166483822e-07,1.40683692867125e-15,2.168213536096e-15,1.60800682703357e-14,2.6255226671923e-16,-1.05285306823987e-15,-9.54082554352013e-16,-1.50850845499454e-15,6.42795877020138e-16,4.56195900577619e-16,-6.36864378439046e-16,9.29820476138657e-16,1.19605620315802e-15,-6.93149461841797e-16,-3.03113178439716e-16,1.29770813492223e-08,2.45078501291413e-16,-9.08894833159389e-16,-8.76826562129871e-16,1.82168012721857e-07,-8.23305460062333e-08,-1.03073680838545e-16,-4.68728465469463e-09,1.6439028582516e-07,-1.22073093383474e-16,6.06313702314908e-15,-3.13430309101103e-07,6.65266570464717e-16,3.95088951782792e-09,-6.53491320505655e-16,3.60789473167068e-16,-3.10206820401001e-16,-3.05278720802263e-17,1.4254215287377e-07,-5.20563521070954e-07,1.50631713015605e-15,-7.43076338118152e-16,-8.10003572151077e-17,3.39398700059337e-15,-6.30138302648575e-16,3.42033940370562e-16,2.4421707471949e-16,-3.38306513568159e-17,5.95592127497869e-09,-2.21502126750136e-16,-1.70515666599174e-16,2.04591398382395e-16,3.21554718386744e-16,5.75683431532688e-16,-1.79654084127312e-15,-1.28363766358915e-06,-2.57235047964728e-16,1.02535361231917e-16,8.67012336821178e-08,3.6922035863093e-17,-4.10524358744466e-16,-7.97449145175871e-18,2.40440248401459e-16,7.11027855005675e-08,2.21246098905061e-16,-1.96177066632995e-06,-1.10439417932485e-16,-8.07561443903884e-16,-3.02208885233972e-16,3.60250735763779e-16,-3.62675704518768e-16,-8.99687291692708e-16,7.04915512735641e-08,3.85520065931012e-16,1.04699685797577e-16,1.05999792056061e-08,-8.76196579523242e-06,-4.65706459917602e-17,1.79817093778242e-06,8.95050854175845e-07,-1.88793017704955e-16,-4.56111488868962e-16,2.42850162546994e-16,3.70758317338242e-16,4.47533937056594e-16,-1.48198995200291e-06,7.33535641282668e-16,3.92139686386136e-17,-8.21201802791583e-16,5.91328517049537e-07,3.58813922424261e-16,-2.34762028652093e-15,-5.66863680666811e-18,-1.30666487172626e-16,-2.68271034199972e-07,5.05452636282574e-16,2.15388914287433e-09,2.33976503879044e-16,-2.09128201031651e-16,-1.64476921412797e-16,1.17833429753261e-16,-4.4451708198506e-17,-6.60271073125854e-16,-4.59812500306613e-17,-3.71402034160082e-08,-3.14330375627078e-16,-6.19793262189665e-16,1.55914132209833e-08,-5.37613280265541e-16,1.0030274523686e-16,-4.01893014472539e-16,3.67442716137461e-16,-6.36391063296346e-17,4.24727022838922e-16,-1.12532553508808e-07,6.13064472393682e-16,1.36079591232443e-16,3.34460302818231e-08,-8.77239587213388e-16,2.59517944712812e-16,7.10478855669494e-16,5.09436366795301e-16,2.26536093180518e-16,2.04955799023131e-16,-1.28708418196032e-16,5.33934460860466e-17,-4.59659326845491e-16,-1.5738488350241e-16,-7.34594040920764e-17,-1.74333870580634e-08,5.77674734649779e-08,3.70571840954743e-16,9.64523980380126e-17,-4.05762333376788e-17,3.29962470837926e-16,-1.67400815431762e-16,1.64405037343019e-17,1.34473189753291e-16,-1.9063616399726e-16,-5.48587586067112e-08,-1.61435481746171e-16,2.3771576177345e-16,-2.56960857994701e-16,-3.22670860946871e-16,6.36765419639492e-09,-1.39042418578055e-16,-1.00660889134308e-09,-2.91251471915235e-16,-2.79421042813885e-16,1.02141810532547e-16,1.19116082656708e-16,2.32722640687488e-16,1.44144862324759e-17,-1.40560988715043e-16,-1.58265825711281e-16,4.19793974874083e-17,-1.35510086297921e-16,-2.03305298111575e-16,1.06800316624719e-16,-8.7135571728876e-17,3.68894774887571e-16,-2.1810831284122e-16,2.40941457220291e-17,-7.94456409874904e-17,-5.59070818924455e-16,9.49134693625842e-17,-2.25921592276829e-16,1.84531209757033e-16,-4.53077108476052e-18,5.69067249503839e-16,-3.23235260540177e-17,1.66030148824251e-16,1.76992214621488e-08,3.521037524656e-16,6.23703403473106e-16,9.27069144523412e-17,-2.87381119129589e-17,-3.72137773179269e-16,9.55716876591825e-17,4.08700171889888e-16,2.3885925738226e-17,-5.57588603558133e-17,-1.39740255836685e-17,-9.83805051313347e-16,-3.11271878065511e-16,3.2567148857738e-16,8.22991329695187e-17,-7.15002917356426e-17,-4.13263267707442e-16,3.36682836044186e-18,-2.26455452302567e-07,2.28461366697386e-17,9.98386214646358e-17,-2.70151484936714e-16,-1.00497173949126e-16,-8.58204325045457e-17,-1.17157634815016e-16,-6.0926256234184e-17,-9.94658631231761e-17,-5.78227539873921e-17,1.40682818590712e-08,2.97375488234078e-16,-7.69282480397588e-17,7.97717732841115e-17,1.44394123603896e-16,9.71259272574796e-17,2.24446013946166e-16,6.07830839036033e-17,-3.13719892228353e-16,-8.29370725439209e-17,2.25195381145145e-16,5.87295656312935e-17,-2.57330124472998e-16,1.93108668634404e-16,2.39717466201742e-07,-1.18189490088313e-17,-1.0563632753181e-17,5.89593385832856e-17,-3.02275565688959e-16,-1.93455951181705e-08,3.95350803971496e-17,-1.23496004993466e-16,2.08399767045492e-16,4.93915139251545e-16,-2.23524849238381e-16,2.787691108573e-17,3.40616362344411e-16,1.05769869127352e-16,1.50223469563818e-16,2.54717517490551e-16,1.1754837995692e-18,2.53941122551623e-16,-3.56335157104433e-16,1.68882916918666e-16,-8.19303150202396e-17,-1.33475722405044e-16,-1.65431364327763e-16
"t446",0.0283509332221106,-0.00564560019768108,-0.0059752677491695,0.000213628954541479,0.000592777282670347,0.0037642385641193,0.000687095856955615,4.12187454139356e-06,-0.00973131524352872,0.015133698551219,0.00495787612414706,-0.00235788835781405,0.00515707840598002,0.00114877437523333,0.0360684695960774,-0.00101775793587635,-0.000714265101838622,9.0715336698759e-05,0.0443209809380996,-0.0188818584262569,-0.000126720647638624,-5.84943604416857e-05,0.00821584111911152,-5.34812909722109e-05,3.10137173881895e-05,-0.00207123769575242,0.0092313972228003,-0.000148946365453088,0.00209383699683742,-0.0234861880859027,-0.00307032684411394,0.150370296515185,0.0011719150689391,-0.3465395944908,-0.0605842370396129,-0.034929173306069,-0.000307724088224216,0.000443049597754548,0.0158583622159116,0.00360226102336435,0.00197449617852513,-0.0143102086069208,0.000190535117228897,-0.0105585642533617,0.000450266013580403,-8.26020883606715e-05,1.48293807132901e-05,-0.000218397063762531,0.0101761454086088,-0.0173090561304477,0.000175598901424871,-0.000156666652204316,1.29988379622015e-05,-5.45831990131519e-05,0.00109525314671718,-0.00326398807063582,0.000381968569780436,-0.00124866355907256,0.00996447338926296,-1.93236922784856e-05,-1.69836237401634e-05,0.00156379270782923,-0.00048957000044224,0.000362680837542538,-0.00105616519206601,6.72755674706742e-05,-0.00012490450094812,0.00117719099291942,-0.000281021182369479,0.00123980401618077,-9.59103222754865e-06,2.38478619328146e-05,-8.10472211806537e-05,-5.0707129337436e-05,2.12108924142025e-05,6.21320159100102e-06,-0.000179557671239673,2.55140940409983e-05,-0.00249749601527548,-0.000923872216848266,5.19348790901936e-05,0.0039706910532874,-0.00174827132559774,-0.000169231330743273,0.000424607260654884,0.000326296723724966,-4.86237910578807e-05,-0.000289605882397285,-1.65667821402525e-06,6.41257332650233e-05,-0.000528589570198629,3.40621048110223e-07,0.000234241766391679,-0.00019998691567478,-3.18971134706224e-05,-4.42126130752663e-05,-5.19327077664313e-06,2.67182711977888e-05,-0.000294029255540119,-0.00232046631573903,-0.000152597495136125,1.00325866747571e-06,-0.000209079283429045,0.000321512062887776,-8.40524337247013e-05,6.27310046125858e-06,-0.0016511049547783,2.07196591619148e-06,-0.000884966204064041,7.89167694132623e-07,2.60870922445423e-05,4.98536481147589e-05,-1.53963004547512e-05,1.48969935346832e-05,-1.28736520757392e-05,1.64174762643961e-05,-0.000693530186146857,0.000702171882869246,-0.00026552210431124,9.03807331817369e-05,-5.04224225060043e-05,9.51782361560949e-05,-0.000761081749871788,-0.00144117902337901,6.50268135158683e-06,-0.000130391172612274,1.34953081751821e-05,-0.000277114370502497,0.0002680380679123,0.00931811260524171,6.84307860089935e-05,-0.00120318055982674,1.62590205457643e-05,0.000183436185406192,-4.66784241308112e-07,0.000306709292357273,-0.00023015197224607,-2.83103680218421e-05,0.000839135674921313,-0.000850742679183907,-0.000551967602025851,-6.06110440423162e-05,0.000520667907276039,3.21954609564646e-05,1.85647079845773e-07,-4.09038796375743e-05,-1.33651857402022e-05,0.000207633929193086,1.32233658571062e-05,-6.38285897409163e-06,-7.84817580075196e-06,-0.000140540597476668,-5.46602957207057e-06,0.00110564958934573,-4.00924565440477e-06,-2.53691718433582e-05,0.000377287440313566,-4.41300110821724e-05,-8.82530638094728e-05,-2.90034822148404e-05,-3.34071188210019e-05,4.85138505113942e-06,-0.000130198772331215,-4.72544360787542e-05,3.04274243938927e-05,-2.00751385210622e-05,0.00111276659352128,1.89753126854911e-05,0.00094281595377197,2.30795125030178e-05,-4.02956445084582e-05,-7.09523311334417e-06,8.28715432491386e-07,0.000105262811593686,5.20067929605233e-06,1.0565359772839e-05,4.62299516064245e-07,-1.70661737805725e-05,-0.000568223041638302,-7.50596054577903e-05,0.000299693253305131,7.84572668768361e-05,-1.61695672758069e-05,-6.34740965186342e-08,-1.89649110791891e-06,-6.04523932835176e-07,-0.00289584206462386,0.000671362512465999,0.00300974395976699,-6.41847369064933e-05,-8.56634497456972e-05,0.000162031210291713,0.00017286646364238,2.52524376650567e-08,2.4896806200096e-06,-0.000171318402574467,-0.000524209579103976,-5.19980234908637e-06,0.000197476884684477,9.4595077292508e-05,9.48431719071862e-05,0.000406325520510443,-3.12927634519059e-06,-2.00368772437459e-05,-0.00105131029157271,-0.000135283574625357,0.000774938049808501,0.000116977689285801,-0.0119140017941642,-2.86810297279638e-06,-0.147535484880089,-0.0020243575872291,0.000904527401285379,0.00426578505210723,3.58176795265392e-06,3.01222736353202e-05,-4.98316981061478e-06,-2.91592697962431e-06,0.000177431290376006,0.000183638080378894,7.83408535043557e-05,-7.13567084652232e-05,-1.48187009307899e-05,-5.90734896514808e-05,0.000146916052359732,8.09819497979118e-06,0.000760652157562606,3.55991020299704e-06,0.00023833348806626,0.000168316379982811,-1.0499428599254e-05,-2.06114408367959e-06,-4.92733021369819e-05,-2.17639535378216e-05,3.79590875854793e-06,1.8407937479354e-07,7.48432773547507e-05,-8.47013819972133e-17,6.3034650612795e-07,-8.804258765642e-06,1.53603528549686e-06,3.50762423879615e-06,4.27911532118273e-05,-5.88267280324089e-07,6.92222932827125e-06,-2.98479410245573e-06,2.00142538768455e-06,-1.22199261850166e-07,6.64752552265054e-07,-0.000398196208335059,1.3282143977303e-07,-1.48440639381652e-05,4.11723604488673e-05,-3.24584704493587e-08,1.743030656658e-09,-6.86224456525262e-08,3.72362421777829e-08,-5.56902322258685e-07,-2.52251294022178e-06,2.24615539041769e-07,6.96380134263351e-08,-8.48183209679152e-07,4.09842845881893e-06,-3.57966329293929e-07,1.90924173018333e-06,-6.69259038718176e-07,1.11946814924643e-08,9.2000349639122e-05,3.31169429781591e-07,1.58801384245253e-06,1.39589962962736e-08,-1.57967895465129e-06,4.35422210973876e-07,-8.91246151380246e-07,1.47803953179774e-06,-2.96454505060365e-06,2.5038482976949e-06,-1.95481634529405e-07,4.34271205277865e-05,-1.97191439518955e-07,5.61519567464585e-05,5.41331596902038e-17,-0.000155104271910213,-3.13912679076636e-06,-1.0461061913641e-10,-1.04974451164554e-06,1.75079961518484e-06,-1.15663459097864e-06,-3.39355593828277e-07,6.78594405198901e-08,-3.17520692079252e-06,0.000121621281800351,2.05458449434906e-05,-2.92556427689701e-06,0.277274145742449,0.00268736483756208,-4.69961282024835e-05,6.9292824242105e-05,-2.01670431510068e-06,-2.87574030923286e-06,-5.31621086703555e-08,-6.45747441393123e-05,5.55132133328027e-06,-2.27694246404274e-08,6.37744926143874e-06,-6.50244389439626e-07,2.26096476788923e-06,-1.11810637230824e-06,-3.4499216368063e-06,-4.61942134597766e-07,1.40663546867015e-07,7.94429177043224e-07,-6.78507186330649e-08,2.63179743477501e-07,-2.41702146074371e-07,-1.93490600034496e-06,2.55092723265045e-06,-2.80250064387235e-17,8.71463837468707e-09,1.50212097264837e-07,-1.64618254869589e-08,3.31663332172033e-06,1.04044269554112e-08,9.00667708678696e-07,2.21857177889541e-06,-8.73264024102257e-07,4.16115203678556e-06,2.87664884044299e-16,-1.37147460107444e-05,-3.17671558659151e-09,-4.97988274627137e-07,5.93150855275065e-08,1.17836348236501e-06,-2.91043091036116e-07,-1.17756467667594e-05,3.2511800145441e-06,-4.15809061018431e-07,2.3026744997746e-05,-9.15102822799893e-08,-1.47007176215221e-05,-1.18868959925633e-08,-1.7291748160295e-09,-9.06574942460024e-06,1.38745410373097e-07,-1.00283051175075e-05,1.35021963222269e-16,-7.85058607187025e-07,6.23765574457071e-08,1.79787217349343e-09,1.64597136110205e-08,-2.10168747410538e-05,-4.52646056888991e-05,5.79431189134515e-07,-2.11520045159126e-06,-1.19753024374965e-06,1.44160360288651e-17,-7.73374309161435e-06,-7.69481060270659e-08,-9.85546093102259e-06,9.96953150899762e-16,5.36510165097946e-06,6.85608905122605e-07,-1.05000114701189e-07,-1.54381175016619e-05,-5.15140462387963e-06,-2.7532077985909e-06,-2.50689925686561e-06,2.78298913497417e-06,5.64541443344616e-07,3.14123890567538e-08,6.1262429107821e-06,2.23311101800782e-07,1.99210575164616e-16,-9.04782929526764e-08,3.3597925903756e-06,1.46010055565985e-06,-7.73289196536724e-06,-1.78021096067444e-16,-1.93917394130063e-07,3.64933966728268e-08,-3.48259429878693e-06,-5.99319461160774e-08,-7.8861201223418e-06,2.15012127283773e-07,-2.88904779489187e-06,2.64332560685799e-05,2.37850056972114e-16,9.73998747996787e-05,-2.72171863145297e-07,8.09552337159421e-07,7.35429455915684e-05,-1.28882823339147e-07,-5.02737885779137e-08,-2.74086309204336e-16,1.02721250123726e-16,-4.89125624825524e-08,-1.59402106071025e-07,2.10422870774362e-08,-8.40700403206187e-06,7.24042652154718e-15,-4.03608524309627e-06,-4.78936940743192e-08,3.49744077887353e-16,7.84492635429592e-17,-5.570491717136e-17,1.02971849386621e-05,7.8040471452448e-07,-8.59333988029792e-07,4.33115759671989e-05,3.67426805363987e-06,6.91415676654358e-07,-3.00204435079537e-07,-2.04194443910426e-16,-6.64518890396915e-08,1.87282692734085e-07,1.05927229819757e-16,1.19975681244938e-16,-1.19069342765062e-07,-2.4947899758306e-09,-7.09063473124557e-08,1.49631169236037e-05,7.02376444409974e-08,-1.01937582795063e-06,1.15377060789352e-16,-9.92067509471546e-07,-6.07243206412963e-16,-1.17091385146155e-05,-2.49366499671666e-17,-7.90298341258382e-08,5.17327026875675e-16,3.25282883975151e-07,8.56924298693113e-08,1.3856234211369e-06,5.27665365285253e-06,2.3317606047152e-07,-2.68500293593682e-08,1.70572899267791e-07,6.10982815988149e-08,1.11581704915429e-05,1.69948184428234e-06,6.00995045316855e-08,-1.69702555718402e-07,-1.1253492434373e-05,-9.1449465517152e-07,-8.15178540622274e-08,-7.58455288772988e-17,7.65448246959774e-07,-1.32326116040954e-07,6.89836277674294e-08,1.31695760937845e-16,4.66525493050507e-07,3.67667972115882e-06,1.17886487585292e-06,1.60632217050443e-16,-2.85894289158616e-07,-5.86589529528392e-06,-6.20526442414409e-17,-2.01652402399761e-07,4.54000170418946e-07,4.49318615932708e-17,-3.7714536763442e-17,-1.67325247138057e-08,-3.44597552183227e-06,-1.96635051298325e-08,-2.7330337220221e-05,2.11406734152853e-06,5.57445493192653e-08,2.0663459620585e-06,5.00035709364619e-07,-1.25656380208727e-05,6.26885696131119e-16,2.32259732385732e-09,6.1606288883157e-08,1.70058983770405e-07,1.59256667248616e-05,2.49217120955986e-16,-2.7263651905126e-16,5.24432610834463e-06,-3.25635559804553e-17,-8.54709830142756e-16,6.5319717564553e-07,-9.62598020872971e-07,-1.80225195496524e-07,-3.68406476739795e-07,4.63350309057671e-06,1.21052306930902e-06,1.29176493820477e-06,-6.12057863563519e-17,2.99172150688527e-06,1.39900890495021e-07,6.42238556376406e-07,-1.68994778902255e-07,6.70423391112543e-07,-5.69203874997365e-16,-4.16246462772302e-16,-2.47485381718123e-16,-2.26091734547282e-06,-2.84401514287813e-08,-1.84409258265405e-06,-3.35152812848489e-16,-2.18713119629005e-08,-6.10098286237607e-16,-1.6234951688248e-16,3.63049641805003e-06,-9.09168206338896e-07,1.80411241501588e-16,-1.23965122163038e-05,-1.01722290380942e-07,-4.84959721848636e-16,2.31047541125386e-07,2.86098716220013e-16,3.13559447047037e-06,-1.71113310676244e-16,3.12893670261649e-06,7.09635958238318e-07,2.57048470684556e-08,9.24417392392761e-07,6.35409923730587e-06,-8.3567300556797e-08,2.58500296624636e-06,-4.40032594388146e-16,1.54350834422178e-06,-8.72159612236269e-08,7.47591266159774e-17,-1.15071619378437e-08,-2.35138880358575e-07,5.47676158084839e-08,-3.63961173542328e-16,1.77203496660252e-07,2.34789408474836e-07,-2.22834287292615e-16,-6.53082525325093e-06,-8.16642837308516e-06,-6.80399969364275e-09,1.40953836788839e-16,2.02952116177786e-16,1.23007668324361e-07,1.44097756435917e-06,1.16697772952444e-07,-5.04868263838622e-08,8.78072733510345e-07,5.23316740495726e-16,7.46794055341438e-16,3.21485013677677e-06,2.21678912960692e-08,-6.34661013510658e-16,7.81091720097599e-06,-1.6470685327566e-16,1.0683854274418e-07,-1.51282276019119e-06,-8.84379792545085e-07,-5.87500384733073e-06,-4.35999124033543e-16,2.1647174076517e-17,1.99640802001949e-15,-2.55454282539564e-16,-1.26753643505113e-08,-4.40444866348598e-08,9.92506293973214e-16,-2.39266638498394e-16,-3.87372400613951e-16,6.24010367648506e-08,5.62407022562309e-10,-3.12207925310756e-08,-6.45988457846572e-18,5.93167008566819e-16,-3.552930519235e-16,-1.38143297394996e-06,4.23214851977789e-08,-2.18189131140555e-16,7.52844788656333e-09,-1.98099937292553e-07,-5.83000578538512e-16,9.08356214655307e-16,-5.26695707006519e-06,-1.42411390533397e-09,-2.63609232574743e-06,4.12996038991736e-16,7.95267150578436e-08,1.29581742735646e-06,1.41025169454947e-06,-4.48959137392376e-06,-3.20922608297805e-07,5.28641332177896e-09,-6.95918377362912e-16,5.56530764432199e-16,-4.77220094987234e-16,1.09128790474697e-07,-9.89560388201322e-08,-1.43003219170385e-06,-3.20932920116197e-08,-2.74061198612063e-15,2.4703549561676e-16,-7.87654958367827e-16,-9.54474605252156e-16,-3.99418861755916e-15,1.7098780925394e-07,3.68117964875535e-16,1.96178157725425e-15,-1.10659504880676e-06,-3.34148842810474e-16,-9.93791591850917e-07,2.58160739819603e-15,-1.23887060501652e-06,7.75811885888536e-16,-1.70196309382928e-06,-2.21028041506706e-07,-5.68569353383532e-07,-1.12280035216179e-15,8.29734690563442e-06,1.16759100524916e-15,4.63312948459766e-06,-1.94729684257736e-06,1.18177372450881e-08,1.95499934864851e-14,0.462155428232865,-1.05521371165156e-14,2.25102716812519e-06,1.08481715263965e-06,-7.91146578950504e-15,4.10647837186644e-15,6.43212214892983e-15,-3.61629905856236e-16,6.41975252414404e-08,7.08718573125423e-07,1.31761628956346e-07,-1.72168814883846e-15,2.24813625521537e-15,1.53693022101865e-08,-1.19890459828083e-07,-8.90655631506768e-15,-4.91173363963431e-16,-0.178915437851451,-2.96789579266398e-12,1.61639787835512e-06,2.61753503878548e-15,-7.13521439531386e-08,-1.40252975526021e-15,-3.47848479428078e-15,1.44081685761779e-15,6.82156474331028e-15,-9.49799539188519e-16,2.24908538094933e-15,2.37344295789419e-09,-1.68327817890381e-08,2.61646942108548e-15,-1.49438069207403e-08,6.86394659322367e-07,-5.55081993030612e-15,-2.67029219874225e-15,-8.58156739730268e-16,-2.62332597292307e-15,3.02589964673572e-07,5.06780778613464e-08,-3.06122765942561e-15,9.39596914543138e-17,-1.76783833624552e-07,-5.7428423899573e-08,-8.85838328859507e-10,-6.36109390815667e-15,1.72166857875404e-15,5.29908808893887e-15,6.82913652227156e-15,-5.99052221650034e-15,-2.36827864270434e-14,1.62276157471033e-06,-2.55737122102848e-06,-3.03894096253109e-07,1.22115928812939e-14,-3.83825227893074e-14,0.707106781186541,-2.81617808958837e-13,-3.87884926441267e-15,1.52281003856086e-13,-4.03771898565085e-14,-3.12897598353939e-16,-2.84119050476756e-15,4.86160956940656e-15,9.36700444256325e-15,6.36584737557542e-15,8.63145012124681e-16,-7.50289493149653e-15,5.27214242767985e-09,5.5671135728732e-15,7.44829223806621e-15,-6.03579346603678e-16,7.5867905593547e-08,-3.44782217042684e-08,-3.16203524667675e-16,-1.96959634711732e-09,7.1036864609924e-08,-4.70025299755936e-15,9.96980710244657e-16,-1.39887993025243e-07,2.8063674974566e-15,1.82832227934747e-09,1.84957368656508e-15,1.41138153683722e-16,1.28861277759008e-15,5.10580718181268e-15,6.93919924942937e-08,-2.54229106909799e-07,-1.87248372391696e-15,-1.96821111740771e-15,1.92863984676737e-15,3.09563831333136e-16,-2.65195851389954e-16,-6.69797810171788e-16,8.04020120465984e-16,4.13190688244182e-16,3.32250438195581e-09,-3.10730027505165e-16,-8.86817694779622e-16,-3.62546275732594e-16,1.23761587894894e-15,-5.40922894409515e-16,-1.37187905345915e-17,-7.32297625504562e-07,3.33827086003048e-16,-6.37304825378909e-16,4.96571073568401e-08,-1.32689175223622e-16,-5.32550268972648e-16,-3.16211183377204e-16,-7.9942682137439e-17,4.24893862140942e-08,-7.10629312660367e-16,-1.18047125008513e-06,2.14167060575772e-16,1.01062642411081e-17,-1.10367306021267e-15,5.31035447819822e-16,-1.27365522689549e-16,1.97317084888055e-16,4.29982761280392e-08,-8.2633354453016e-16,-7.85020269765003e-16,6.53047329117463e-09,-5.40076647380204e-06,-8.62159112626155e-16,1.11755569880996e-06,5.57680933648661e-07,2.95196742987387e-16,1.31611173780838e-16,-2.87115976313822e-16,-2.50695275266446e-16,3.77062210497806e-16,-9.55902706131146e-07,-8.11775884296768e-16,-8.74492563155338e-16,4.5003192661891e-16,3.84527795240159e-07,-1.02524406031814e-15,2.59684655457339e-15,-4.02964403990198e-17,-5.91910146607404e-16,-1.76259140792936e-07,1.66445572787937e-16,1.41952355748735e-09,-1.77479860739003e-16,-4.52431628705375e-17,1.12223444495665e-16,-3.27479100059042e-16,7.23964094555726e-16,-2.47430993955164e-16,1.28584695488257e-16,-2.48632330563892e-08,-8.88765985070038e-19,3.48463524614289e-16,1.04763209344593e-08,9.24630456921345e-17,-3.54720172264511e-16,1.0852508447689e-17,-4.99433248999377e-17,8.52831660410863e-16,3.27027608419588e-16,-7.64677135795137e-08,-1.16590340736068e-15,5.73773516679593e-16,2.28372729003952e-08,5.85820123307758e-16,2.44129894401245e-16,5.85878959124145e-16,2.79466337624372e-16,4.98681099968586e-16,-7.03023034629103e-16,-4.65539510978088e-17,-9.71176385617048e-17,-1.04442472231915e-17,1.2006009791394e-16,-5.62934185585718e-17,-1.21064121875668e-08,4.01935516733136e-08,8.67661597904732e-17,1.11333324035289e-16,1.45697493852679e-17,4.24131446860453e-16,6.1257422745431e-16,-2.36004575966313e-16,-7.76287264374363e-16,6.16598147507324e-16,-3.85448446503073e-08,-5.27114131410547e-16,1.2907886620451e-16,2.58965252284191e-16,-1.717939982508e-16,4.50962686212442e-09,-5.84912735887027e-16,-7.19000573530354e-10,3.29500073778598e-17,-1.7176680223667e-16,7.68838706935209e-19,-2.72311342184825e-16,-1.29545388233849e-16,1.4756800898818e-16,1.33199454129623e-17,3.87290197852047e-17,7.65240782994875e-17,-3.66992838560216e-16,-1.77306230546682e-16,4.78875060346074e-18,1.34356579044402e-16,-1.71184209976125e-17,-5.4603236277297e-16,3.58668705206867e-17,2.60111567270564e-16,-4.38638856444493e-16,-3.66943955465008e-17,2.62882456025317e-16,-9.21571846612679e-17,-5.20553575336855e-17,2.69677923367998e-16,1.53310827574076e-17,-2.2863698448364e-16,1.3004324061776e-08,6.58253313687155e-16,-1.09267300609004e-15,4.24032136813619e-16,-2.17776339740116e-16,-6.09309697992177e-17,-1.26936387385109e-16,3.35308682435195e-16,-3.23951396743855e-16,5.04318006733568e-16,-9.09368691457582e-17,-2.40909722726279e-16,-3.47905505203985e-16,1.39839095415032e-16,6.20231755765196e-17,-7.9471427239324e-17,-1.53217488742073e-16,-2.10921185556689e-16,-1.69176631619426e-07,3.47003409462105e-17,5.3504628194913e-17,3.24643292493257e-16,-3.92711556471049e-16,-1.93594586897476e-16,1.79028285504844e-16,6.58084039778992e-17,-5.72954272307124e-17,7.13508073467183e-17,1.0673425845793e-08,-1.09380221702302e-16,-1.16326787224108e-16,2.51384235267953e-17,-5.97339504950298e-17,2.06691719954888e-16,-3.38046023777653e-16,-6.17921371479913e-17,1.68226269324503e-16,7.28619253818594e-17,2.3883996081116e-16,-4.62905405025951e-17,-1.53647778838583e-16,-1.59882157986397e-16,1.8443516325241e-07,1.98737666316252e-16,1.53129135986469e-16,3.43524060169965e-16,-2.53269627492614e-16,-1.49748204849208e-08,-1.39936847229354e-17,-1.10950991345377e-16,5.65772496347608e-17,1.68822562948863e-16,3.14356144536079e-16,7.38053853602098e-17,1.52106717998365e-16,2.53027881471876e-16,-2.5708269873484e-16,-6.49541296882284e-17,1.65990904787999e-16,-1.36086621635306e-16,1.83265537728922e-16,-7.10655982602206e-17,9.8098337471568e-18,5.13641594895543e-18,4.36534083912313e-18
"t447",0.0283509332221105,-0.00564560019768108,-0.0059752677491695,0.000213628954541481,0.000592777282670347,0.0037642385641193,0.000687095856955615,4.12187454139313e-06,-0.00973131524352872,0.015133698551219,0.00495787612414706,-0.00235788835781405,0.00515707840598001,0.00114877437523334,0.0360684695960774,-0.00101775793587635,-0.000714265101838629,9.07153366987543e-05,0.0443209809380997,-0.0188818584262569,-0.000126720647638622,-5.84943604416884e-05,0.00821584111911154,-5.3481290972197e-05,3.10137173881787e-05,-0.00207123769575241,0.00923139722280025,-0.000148946365453111,0.00209383699683745,-0.0234861880859027,-0.00307032684411404,0.150370296515185,0.00117191506893909,-0.346539594490799,-0.0605842370396129,-0.034929173306069,-0.00030772408822425,0.000443049597754541,0.0158583622159115,0.00360226102336436,0.00197449617852516,-0.0143102086069208,0.000190535117228963,-0.0105585642533617,0.000450266013580408,-8.26020883606942e-05,1.48293807132902e-05,-0.000218397063762634,0.0101761454086088,-0.0173090561304477,0.000175598901424883,-0.000156666652204318,1.29988379622195e-05,-5.45831990131484e-05,0.0010952531467172,-0.0032639880706358,0.000381968569780426,-0.0012486635590726,0.00996447338926296,-1.93236922784845e-05,-1.69836237401422e-05,0.00156379270782918,-0.000489570000442208,0.000362680837542494,-0.00105616519206599,6.7275567470606e-05,-0.000124904500948132,0.00117719099291939,-0.000281021182369428,0.00123980401618076,-9.59103222755754e-06,2.38478619326377e-05,-8.10472211806471e-05,-5.07071293374078e-05,2.12108924141983e-05,6.21320159100571e-06,-0.000179557671239706,2.55140940409924e-05,-0.00249749601527548,-0.000923872216848272,5.19348790901923e-05,0.00397069105328746,-0.00174827132559778,-0.000169231330743311,0.000424607260654876,0.000326296723725064,-4.86237910578776e-05,-0.000289605882397287,-1.65667821399891e-06,6.41257332649973e-05,-0.000528589570198599,3.40621048061651e-07,0.000234241766391707,-0.000199986915674753,-3.189711347068e-05,-4.42126130753273e-05,-5.19327077666483e-06,2.67182711977997e-05,-0.000294029255540119,-0.00232046631573907,-0.000152597495136122,1.00325866746289e-06,-0.000209079283429031,0.00032151206288783,-8.40524337251978e-05,6.27310046124339e-06,-0.00165110495477831,2.07196591611045e-06,-0.000884966204064063,7.89167694129371e-07,2.60870922444603e-05,4.98536481148679e-05,-1.5396300454721e-05,1.48969935346448e-05,-1.28736520758507e-05,1.64174762643173e-05,-0.000693530186146791,0.000702171882869283,-0.000265522104311043,9.03807331819072e-05,-5.04224225059586e-05,9.51782361561067e-05,-0.000761081749871783,-0.00144117902337913,6.50268135154644e-06,-0.000130391172612299,1.34953081751005e-05,-0.000277114370502464,0.00026803806791236,0.0093181126052417,6.84307860090589e-05,-0.0012031805598267,1.6259020546009e-05,0.000183436185406076,-4.66784241244884e-07,0.000306709292357237,-0.000230151972246085,-2.83103680218393e-05,0.000839135674921382,-0.00085074267918391,-0.000551967602025825,-6.06110440423185e-05,0.000520667907276043,3.21954609564014e-05,1.8564707995092e-07,-4.09038796375503e-05,-1.33651857402308e-05,0.000207633929193259,1.32233658570655e-05,-6.38285897413476e-06,-7.8481758007125e-06,-0.000140540597476748,-5.46602957203013e-06,0.00110564958934635,-4.00924565432242e-06,-2.53691718433273e-05,0.000377287440313535,-4.41300110821735e-05,-8.82530638093514e-05,-2.90034822148072e-05,-3.34071188210449e-05,4.85138505102799e-06,-0.000130198772331414,-4.72544360786466e-05,3.04274243939124e-05,-2.00751385210678e-05,0.0011127665935213,1.89753126854058e-05,0.000942815953771865,2.30795125030727e-05,-4.02956445084383e-05,-7.09523311326783e-06,8.28715432674057e-07,0.000105262811593707,5.2006792962876e-06,1.05653597728347e-05,4.62299515977794e-07,-1.70661737806049e-05,-0.000568223041638327,-7.50596054578165e-05,0.000299693253304993,7.84572668769099e-05,-1.6169567275861e-05,-6.34740964635201e-08,-1.89649110803003e-06,-6.0452393281028e-07,-0.0028958420646238,0.000671362512465979,0.00300974395976712,-6.41847369066418e-05,-8.566344974579e-05,0.000162031210291747,0.000172866463642566,2.52524376981465e-08,2.4896806200227e-06,-0.000171318402574478,-0.000524209579104095,-5.19980234935167e-06,0.00019747688468445,9.45950772924536e-05,9.48431719071527e-05,0.00040632552051046,-3.12927634525283e-06,-2.0036877243752e-05,-0.00105131029157251,-0.000135283574625273,0.00077493804980839,0.000116977689285751,-0.0119140017941643,-2.86810297271398e-06,-0.147535484880089,-0.00202435758722919,0.000904527401285439,0.00426578505210721,3.58176795260994e-06,3.01222736354266e-05,-4.98316981064908e-06,-2.91592697974649e-06,0.000177431290375968,0.000183638080378807,7.83408535044428e-05,-7.13567084652479e-05,-1.48187009307889e-05,-5.90734896513114e-05,0.00014691605235995,8.09819497973465e-06,0.000760652157562735,3.55991020297502e-06,0.00023833348806616,0.000168316379982762,-1.04994285992674e-05,-2.06114408375238e-06,-4.92733021368355e-05,-2.1763953537835e-05,3.79590875856686e-06,1.84079374794929e-07,7.4843277354882e-05,1.27208265585126e-16,6.30346505976915e-07,-8.80425876558129e-06,1.53603528535696e-06,3.5076242387302e-06,4.27911532118217e-05,-5.88267280560559e-07,6.92222932826461e-06,-2.984794102556e-06,2.00142538765764e-06,-1.22199261850976e-07,6.64752552081868e-07,-0.000398196208335203,1.32821439684792e-07,-1.48440639377573e-05,4.11723604488823e-05,-3.24584698976511e-08,1.74303067639048e-09,-6.86224456785396e-08,3.72362421906433e-08,-5.56902322092057e-07,-2.5225129402186e-06,2.24615539004584e-07,6.96380134822311e-08,-8.48183209678494e-07,4.09842845863835e-06,-3.57966329324274e-07,1.90924173023108e-06,-6.69259038780569e-07,1.11946815041712e-08,9.2000349639292e-05,3.31169429439902e-07,1.58801384233391e-06,1.39589961958316e-08,-1.57967895453435e-06,4.35422211233141e-07,-8.9124615139922e-07,1.47803953189437e-06,-2.96454505064299e-06,2.50384829756355e-06,-1.95481634575745e-07,4.3427120527709e-05,-1.97191439721513e-07,5.61519567463783e-05,1.26847688281783e-16,-0.000155104271909901,-3.13912679064814e-06,-1.04610500325461e-10,-1.04974451206476e-06,1.75079961522657e-06,-1.15663459112709e-06,-3.39355593874616e-07,6.78594408475664e-08,-3.17520692105749e-06,0.000121621281800451,2.05458449433374e-05,-2.92556427683307e-06,0.277274145742449,0.00268736483756205,-4.69961282024816e-05,6.92928242419857e-05,-2.01670431530234e-06,-2.87574030947142e-06,-5.31621087709945e-08,-6.4574744139687e-05,5.55132133345543e-06,-2.27694245470618e-08,6.37744926146471e-06,-6.50244389386732e-07,2.2609647676611e-06,-1.11810637227407e-06,-3.44992163691222e-06,-4.61942134460954e-07,1.40663546582133e-07,7.94429176953295e-07,-6.78507185247431e-08,2.63179743787064e-07,-2.41702146199566e-07,-1.93490600024437e-06,2.55092723276333e-06,-6.71063901989561e-17,8.71463833804549e-09,1.50212097226409e-07,-1.64618254826221e-08,3.31663332158276e-06,1.04044268401489e-08,9.00667708359412e-07,2.2185717788643e-06,-8.73264024121414e-07,4.16115203653559e-06,-4.94756776883808e-17,-1.37147460108365e-05,-3.1767155951689e-09,-4.97988274465633e-07,5.93150854880373e-08,1.17836348263023e-06,-2.91043091242695e-07,-1.17756467667828e-05,3.25118001456514e-06,-4.15809061024383e-07,2.30267449975555e-05,-9.15102826589395e-08,-1.47007176219695e-05,-1.1886896048484e-08,-1.72917495231371e-09,-9.06574942464078e-06,1.38745410601429e-07,-1.00283051176255e-05,1.38068957885577e-16,-7.85058607251973e-07,6.23765574214209e-08,1.79787238406818e-09,1.64597130643326e-08,-2.10168747413614e-05,-4.52646056889144e-05,5.7943118922855e-07,-2.11520045136599e-06,-1.19753024376291e-06,1.52332712197835e-16,-7.73374309105461e-06,-7.6948105802162e-08,-9.85546093112834e-06,9.7069746027297e-16,5.36510165082521e-06,6.85608905706236e-07,-1.05000114591574e-07,-1.5438117501864e-05,-5.15140462377965e-06,-2.75320779849193e-06,-2.50689925690642e-06,2.782989134489e-06,5.64541443434199e-07,3.14123890954643e-08,6.12624291075941e-06,2.23311101447967e-07,7.18224541417782e-17,-9.04782928631332e-08,3.35979259061228e-06,1.46010055562544e-06,-7.73289196523522e-06,4.61618994398886e-17,-1.9391739414231e-07,3.64933969286985e-08,-3.48259429881824e-06,-5.99319455777011e-08,-7.88612012225135e-06,2.15012127527742e-07,-2.88904779473789e-06,2.64332560685954e-05,1.52662657706529e-16,9.73998747994717e-05,-2.72171862455094e-07,8.09552337174533e-07,7.35429455916278e-05,-1.28882823316426e-07,-5.0273789007645e-08,-4.16333634234434e-16,7.09382442254449e-17,-4.89125625604296e-08,-1.59402106194136e-07,2.10422869726938e-08,-8.40700403254248e-06,7.28527135375465e-15,-4.03608524277238e-06,-4.78936940426156e-08,-3.59541816072964e-16,-5.13509788456029e-17,1.56510653983519e-17,1.02971849386183e-05,7.80404714320718e-07,-8.59333988739075e-07,4.33115759668062e-05,3.67426805370256e-06,6.91415676735867e-07,-3.00204435902146e-07,-2.15487482437905e-17,-6.64518890727553e-08,1.8728269271649e-07,8.52369286347903e-17,6.40935349327744e-16,-1.19069342269562e-07,-2.49479041711856e-09,-7.0906347407395e-08,1.4963116923483e-05,7.02376449291927e-08,-1.01937582803504e-06,-5.14131049346519e-16,-9.92067509778304e-07,-1.07688419725281e-16,-1.17091385144104e-05,-7.83769750489771e-16,-7.90298339618636e-08,5.76067542741716e-17,3.252828841583e-07,8.56924300711542e-08,1.38562342093578e-06,5.27665365309567e-06,2.33176060072881e-07,-2.68500285209725e-08,1.70572899406974e-07,6.10982813801141e-08,1.11581704911363e-05,1.69948184445217e-06,6.00995046021207e-08,-1.69702555913853e-07,-1.12534924346026e-05,-9.14494656579088e-07,-8.15178540623981e-08,-1.31757825678044e-16,7.65448246803069e-07,-1.32326115422778e-07,6.89836279585153e-08,8.15935662449817e-17,4.66525493102787e-07,3.67667972075043e-06,1.17886487562301e-06,6.1513061390898e-17,-2.8589428908907e-07,-5.86589529524869e-06,-4.61983648959797e-17,-2.01652402518735e-07,4.54000170837733e-07,-6.27350780445241e-17,6.74248273933319e-16,-1.67325247485909e-08,-3.44597552225779e-06,-1.96635045120593e-08,-2.73303372203746e-05,2.11406734119319e-06,5.57445488239379e-08,2.06634596052587e-06,5.00035709680581e-07,-1.25656380214022e-05,1.11130722679764e-15,2.32259710898169e-09,6.16062892163261e-08,1.70058983085968e-07,1.59256667248756e-05,4.7156414493915e-17,4.23342272322275e-16,5.24432610853718e-06,2.79711295560708e-16,-7.97410871976025e-16,6.53197176124132e-07,-9.62598021346834e-07,-1.80225195527404e-07,-3.68406476586749e-07,4.63350309137095e-06,1.21052306914523e-06,1.29176493805829e-06,1.94931650407969e-16,2.99172150657185e-06,1.39900889787072e-07,6.4223855636181e-07,-1.68994778822623e-07,6.70423391191781e-07,1.03967853194069e-15,1.67270947448887e-16,7.70065236579543e-16,-2.26091734533398e-06,-2.84401516620162e-08,-1.84409258288874e-06,-6.89653838172852e-16,-2.18713118325002e-08,3.79879941195318e-16,4.91633621938026e-16,3.63049641748206e-06,-9.09168206260418e-07,-1.17961196366423e-16,-1.23965122157755e-05,-1.01722290477715e-07,-2.71769999354272e-16,2.31047541899399e-07,4.00321360329153e-17,3.13559447054978e-06,2.74817843957829e-16,3.12893670352496e-06,7.09635958690838e-07,2.57048468568442e-08,9.24417392344588e-07,6.35409923727969e-06,-8.3567300270676e-08,2.58500296636744e-06,2.68879758010155e-17,1.54350834464435e-06,-8.72159606646908e-08,-2.6961487812305e-16,-1.15071612873078e-08,-2.35138879509554e-07,5.4767615937333e-08,-1.32398763452888e-15,1.77203496815969e-07,2.34789407005058e-07,2.45307299963126e-16,-6.53082525276563e-06,-8.16642837312683e-06,-6.80399945858217e-09,-2.60146748986858e-16,5.96414419805831e-16,1.23007667911619e-07,1.44097756258704e-06,1.16697773283587e-07,-5.04868261795598e-08,8.7807273270053e-07,-1.2504171853957e-16,3.65471324121489e-16,3.21485013652276e-06,2.21678907712999e-08,2.93771577926861e-16,7.8109172005192e-06,-1.5753641704216e-17,1.06838542256057e-07,-1.51282276073065e-06,-8.84379793697526e-07,-5.8750038471063e-06,-1.27971415151615e-16,-1.05561436966199e-16,9.1025040081618e-17,-3.5339352295675e-16,-1.26753634213108e-08,-4.40444860077544e-08,2.13146699498483e-16,-6.20243927168513e-16,6.80516811583396e-16,6.24010381929593e-08,5.62406627155887e-10,-3.12207927500744e-08,-5.19747658141518e-16,2.2740056365711e-15,2.91108283312358e-16,-1.38143297430686e-06,4.23214863027288e-08,-3.04855685934731e-16,7.5284460117843e-09,-1.98099938244548e-07,-1.45597448158034e-16,-1.43040002928492e-16,-5.26695706884455e-06,-1.42411375605052e-09,-2.63609232496361e-06,2.52965505601682e-16,7.95267156115658e-08,1.29581742789672e-06,1.41025169457032e-06,-4.48959137398696e-06,-3.20922607621687e-07,5.28641475418574e-09,-8.90234302141112e-16,1.43171995374953e-15,-1.33045132745498e-15,1.09128790274629e-07,-9.89560385980258e-08,-1.43003219106432e-06,-3.20932918844364e-08,1.39792217273691e-15,3.79564041964081e-16,-2.3846850544195e-15,-1.62072581374829e-15,-2.918416060929e-15,1.70987806910979e-07,2.37373982890569e-16,-5.48137932768508e-16,-1.10659504904729e-06,-9.93503738767316e-16,-9.93791591403188e-07,1.11131572765164e-15,-1.23887060670591e-06,2.73110523734369e-16,-1.7019630938746e-06,-2.21028044311882e-07,-5.68569354354542e-07,-8.8091684162817e-16,8.29734690563555e-06,1.36412694920788e-15,4.63312948483578e-06,-1.94729684237788e-06,1.18177373487857e-08,2.01979321608863e-14,0.46215542823284,-1.24483325156318e-14,2.25102716918511e-06,1.08481715292864e-06,-6.62318532422238e-15,4.19962237000369e-15,5.66026645846852e-15,-2.70808003673368e-16,6.41975254658701e-08,7.08718571687988e-07,1.31761628397163e-07,-1.49345452448953e-15,-3.12473334615633e-15,1.53693026631901e-08,-1.19890456506955e-07,-1.1573536026657e-15,-2.00121848655841e-15,-0.178915437851462,-2.96381162365471e-12,1.61639787187796e-06,-1.77591143865989e-15,-7.13521435987362e-08,-1.9668789000674e-16,8.05959525144968e-16,-1.37332886284553e-15,5.06910124876871e-15,1.45583748915708e-15,3.85375880633656e-15,2.37344659780043e-09,-1.68327813424251e-08,-1.60929449939837e-15,-1.4943804927587e-08,6.86394659314024e-07,3.45228695724498e-15,-1.65634492068768e-15,6.97447150685352e-17,1.66067935588598e-16,3.02589971260165e-07,5.06780750821894e-08,4.82873207965371e-15,-7.14648045730958e-16,-1.76783830909018e-07,-5.74284238763186e-08,-8.85833002463166e-10,5.27282154412264e-15,-2.10617932682137e-15,-5.17313779018574e-15,-6.54910519380313e-15,3.99436503902023e-15,2.31930594307036e-14,1.62276158846022e-06,-2.55737117781579e-06,-3.0389413577056e-07,-1.2811512356136e-14,3.5138556477927e-14,-0.707106781186554,2.8038134474115e-13,5.26610101642226e-15,-1.53661171100737e-13,4.02952114791285e-14,3.50689269749564e-16,2.44330614513481e-15,-4.64180130641097e-15,-8.6813757551682e-15,-7.53618911644896e-15,-1.02366577986977e-15,7.12316976110261e-15,5.27214340149173e-09,-5.04282314127271e-15,-4.09455776039177e-15,8.99960474649658e-16,7.58679015504216e-08,-3.44782260142803e-08,6.92428687594506e-16,-1.96959372140146e-09,7.10368704866688e-08,5.12668406517131e-15,3.16252120918272e-15,-1.39887997134087e-07,-1.29777228703438e-15,1.8283266496224e-09,-2.53509460206962e-15,-3.40314206038945e-17,-1.97201068016187e-15,-4.10629747850598e-15,6.93920003233102e-08,-2.54229102999906e-07,1.70381128943628e-15,1.65492049492922e-15,-1.0030895793649e-15,-9.8609842231146e-16,8.79287961885744e-16,3.52590313650597e-16,-5.61732242110031e-16,-5.4946825414387e-16,3.32250176659e-09,2.1000695251904e-16,3.88026922979589e-17,4.9484969209623e-16,-1.81305523913254e-15,2.05239245069872e-16,4.85375891877231e-16,-7.32297624912511e-07,-4.47847630314036e-16,5.20299806136417e-16,4.96571082448917e-08,-4.9172267026167e-16,3.31589883475427e-16,3.6864080383203e-17,-3.28718720657342e-16,4.24893906916152e-08,5.4601118137466e-16,-1.18047124985798e-06,-7.92623139245758e-17,7.34402259202185e-16,3.91536706889633e-16,-4.43337044592901e-16,2.14588531455474e-16,8.82464383744781e-17,4.2998274519423e-08,-3.54888044191755e-16,8.25610442852681e-16,6.53047543838126e-09,-5.40076647272346e-06,8.55485335138336e-16,1.11755569793562e-06,5.57680934056977e-07,-1.03144523122124e-16,9.96362890011802e-18,5.38327863111096e-17,3.90478068613639e-16,-1.06354345068471e-17,-9.55902707344794e-07,1.84488529259927e-16,-7.108169986256e-16,3.89713120664145e-16,3.84527795858445e-07,1.02364472476402e-16,7.65359255320385e-16,3.42031359236284e-16,8.75715799050343e-17,-1.76259140123818e-07,-4.69077384566828e-16,1.41952397520762e-09,1.4875180883965e-16,-9.19343611868556e-18,4.81746323944756e-16,1.42394322165417e-16,-7.92788761879527e-16,3.17442634063174e-16,-2.93109525477408e-16,-2.48632343817205e-08,5.77176500866471e-16,-3.35508957857356e-16,1.0476323275973e-08,-4.25828386864545e-16,5.19132529376543e-16,9.82494287018134e-16,-2.18178831887824e-17,-7.60285543657479e-16,-5.13404734841538e-16,-7.64677127914897e-08,1.8952246376e-15,1.27622024762228e-16,2.28372721859913e-08,-1.03629503135869e-16,-9.9454406516765e-17,-5.92567664987154e-16,5.99105712185656e-17,8.29578466408066e-17,6.30168915452542e-16,-1.20346149409346e-16,3.16130648214109e-16,9.78539932327273e-17,3.47121217931799e-17,3.75392124258219e-17,-1.21064102086466e-08,4.01935520724708e-08,-2.41537660631437e-16,-1.38324094563199e-17,-4.92099211043044e-17,-8.50844239887787e-16,5.759281940243e-16,-1.55610740649584e-16,2.73097728822109e-16,-2.75792386106849e-16,-3.85448449977261e-08,4.2411581787684e-16,-7.29925557589486e-17,-1.90825997887541e-17,1.21464302246038e-16,4.50962762189001e-09,4.91751699109208e-16,-7.18999982316005e-10,1.69482891688923e-16,1.68368935816202e-16,-4.37495731085078e-17,3.05933006240032e-16,-4.6487573978276e-17,-8.0716986195842e-16,1.70013151388945e-16,-6.57648560948244e-16,-4.17673524276616e-17,2.76665444301778e-16,1.44959753570153e-16,-1.5856185579857e-17,3.26454058987005e-16,-2.13272748256873e-16,4.06890792690323e-16,-2.30905836142522e-16,-2.45735053296696e-16,2.09333219673038e-16,1.88295283012217e-16,3.11418004405095e-16,-2.72568426162856e-16,1.72950786637148e-16,-1.87266307767242e-17,-6.79282287401847e-17,2.17816380439278e-16,1.30043225235554e-08,-2.17300574025399e-16,4.59497929094522e-16,-3.19795626848326e-16,-1.98423282233563e-16,5.97347246098935e-16,2.67717688527486e-16,1.1612253422188e-16,1.51267601306145e-17,-3.63805916230645e-16,-1.53540668276009e-16,8.5868812060852e-17,-1.9775378287411e-16,-3.71879349676025e-17,-8.10879425146838e-17,2.20053015986497e-16,5.21739737821121e-17,8.88268928511495e-17,-1.69176631492377e-07,-3.25906160168585e-17,-3.14858300873588e-17,-5.92477699204124e-17,1.06188961290997e-16,2.81268080095352e-16,-1.94868835407442e-16,-3.97355286194586e-17,3.73469440139235e-16,1.66739388977528e-16,1.06734254383106e-08,5.19606116138008e-16,8.01530088400419e-17,-2.10959073480425e-17,3.94450982117388e-17,-2.2690568710933e-16,2.19204766694857e-17,-1.85468181310179e-16,-1.99254844014097e-17,-1.1877259145376e-16,-1.74059155676214e-16,2.71033978155657e-17,3.38732044158732e-16,-5.47094519703196e-17,1.84435163048005e-07,-8.65749514836178e-18,1.74703750593369e-17,-1.2905171409941e-16,-4.24139889876329e-16,-1.49748205471249e-08,7.36061509463694e-18,8.72531045822972e-17,-9.0078794613638e-17,-4.06347962212604e-16,-9.75194099647429e-17,-4.60660524452106e-17,6.13931421678569e-17,-1.74972537530674e-16,3.70226627101607e-17,-1.59611863906281e-16,-2.57428498605244e-16,2.17864718759501e-16,-4.37091393547575e-17,4.6638992290998e-17,6.8727615888885e-17,3.55813288937684e-16,-2.75116000945236e-16
"t392",0.0283494483892929,-0.00564497756926235,-0.00597458748267705,0.000213596375966709,0.000592666654198782,0.00376341475084942,0.000686942541271382,4.12088191079802e-06,-0.00972854928144183,0.0151284875406015,0.00495571339051356,-0.00235662308593542,0.00515423083467915,0.00114813054417071,0.0360473821345036,-0.00101712813527617,-0.000713812658112949,9.0656843501334e-05,0.0442917480996466,-0.0188683407913984,-0.000126622610660649,-5.8439875713732e-05,0.00820776587746274,-5.34284291709344e-05,3.09829440538478e-05,-0.00206908603802373,0.00922169574421411,-0.000148788451424348,0.00209155849454517,-0.0234560931307902,-0.00306613648161096,0.150155923683292,0.00117012631391674,-0.345986131418653,-0.0604826518618341,-0.0348660442375798,-0.000307161050328245,0.000442226407796175,0.015828702096589,0.00359542604181673,0.00197064498100009,-0.0142816391306968,0.000190149212230086,-0.0105371538501699,0.000449337494676025,-8.24212000517936e-05,1.47963229902096e-05,-0.00021790616130808,0.0101527417368275,-0.0172682674482845,0.000175171775399317,-0.000156280009093595,1.29666899404282e-05,-5.4445781417568e-05,0.00109239996798644,-0.00325544190859582,0.000380876478511313,-0.00124501064499523,0.00993524379569605,-1.92638444832906e-05,-1.69289067411008e-05,0.00155865766900487,-0.000487937753506115,0.000361467042757411,-0.00105253092387147,6.70383575876607e-05,-0.000124440604354778,0.00117271906805347,-0.000279942591973432,0.00123495754279497,-9.54993746609675e-06,2.37388334272727e-05,-8.06730971008979e-05,-5.04684184526533e-05,2.11107956196034e-05,6.18363459964261e-06,-0.00017870037127758,2.53902988878164e-05,-0.00248493955685427,-0.000919161706129093,5.16637735216348e-05,0.0039498590265217,-0.00173876218776437,-0.000168301011066573,0.00042216710733716,0.000324399298767063,-4.83376886666305e-05,-0.000287898604423476,-1.64690696697165e-06,6.37470431852465e-05,-0.000525454120567113,3.38515929600158e-07,0.000232788753918943,-0.000198715656199623,-3.16859085531389e-05,-4.3918096885361e-05,-5.15866684167954e-06,2.65375323308258e-05,-0.000292029185853838,-0.00230435168714995,-0.000151520072309553,9.96164752327344e-07,-0.000207598480772785,0.000319066768198961,-8.34098624750609e-05,6.22495129237679e-06,-0.00163834197894268,2.05591819033504e-06,-0.000878088144922428,7.83001989983342e-07,2.58829290146373e-05,4.94595449462341e-05,-1.52744444084483e-05,1.47759967967346e-05,-1.27685194783823e-05,1.62818110419697e-05,-0.000687769054911501,0.000696255059449018,-0.000263254176871605,8.96009171333081e-05,-4.99848880732029e-05,9.433615608312e-05,-0.000754264491345923,-0.00142826384580269,6.44430453141677e-06,-0.000129205880482368,1.33725053271163e-05,-0.000274565801706296,0.000265498552976037,0.00922979969460624,6.77806853223931e-05,-0.00119152618650935,1.61009375096717e-05,0.000181647826939034,-4.62182941984886e-07,0.000303681318149683,-0.000227827160532817,-2.80191845474387e-05,0.000830293887037025,-0.000841772548929704,-0.000546123964228397,-5.99680297718824e-05,0.000515125834736999,3.18523331440293e-05,1.83668485876505e-07,-4.04639805062048e-05,-1.32188769430099e-05,0.000205320301919064,1.30753746464771e-05,-6.31073711987095e-06,-7.75942965311471e-06,-0.0001389456108487,-5.40386383101609e-06,0.00109304451209611,-3.96252587538703e-06,-2.5072520459057e-05,0.000372864883736486,-4.35840601446965e-05,-8.71472996690507e-05,-2.86393802403412e-05,-3.29832567367794e-05,4.78969837649641e-06,-0.000128520845465221,-4.66444590630633e-05,3.0029541030503e-05,-1.98093643818143e-05,0.00109751035981779,1.87148419992402e-05,0.000929870061535608,2.27611196021556e-05,-3.97367087966074e-05,-6.99673896743908e-06,8.17087708119687e-07,0.000103780931922304,5.12693769521832e-06,1.04152879811815e-05,4.55727049843854e-07,-1.68195190050148e-05,-0.00055987192396047,-7.3953304092636e-05,0.000295264058700217,7.72884292438263e-05,-1.59279372187751e-05,-6.252272657078e-08,-1.86798571505973e-06,-5.95351733568247e-07,-0.00285180256948101,0.000660947928831742,0.00296302458639634,-6.31818592293584e-05,-8.43008417853961e-05,0.000159415887804453,0.000170062246397181,2.48397472174921e-08,2.44876833189308e-06,-0.000168457155770039,-0.000515424019699383,-5.11201360779652e-06,0.000194130652703873,9.29470282873119e-05,9.31886679264748e-05,0.000399155065424439,-3.07343041905082e-06,-1.96696997368426e-05,-0.00103204261818154,-0.000132798210663743,0.000760596431547938,0.000114801814222206,-0.0116894179381569,-2.81315078662226e-06,-0.144671991451884,-0.00198491136686146,0.000886587597402241,0.0041803560393273,3.51001919192828e-06,2.95143372939289e-05,-4.8806913667812e-06,-2.85574665507159e-06,0.000173699646923498,0.000179725887677638,7.66645071136761e-05,-6.9802040429657e-05,-1.44944673240147e-05,-5.77749527510665e-05,0.000143640965959785,7.91715973000283e-06,0.00074363605861243,3.47906176309506e-06,0.000232871401016987,0.000164420112083277,-1.02552827527125e-05,-2.01299196586454e-06,-4.81171708297055e-05,-2.12526640408169e-05,3.70572052475242e-06,1.79675107760527e-07,7.30390529490195e-05,-2.50420254784154e-17,6.14987158896899e-07,-8.58927182712486e-06,1.49797455872374e-06,3.41973500991217e-06,4.17091279252137e-05,-5.73384128763673e-07,6.74413895583367e-06,-2.9077885515586e-06,1.94972366419208e-06,-1.19023163278883e-07,6.47403479310021e-07,-0.000387725669419236,1.29317330699949e-07,-1.44519121459125e-05,4.00765510941233e-05,-3.15676774808142e-08,1.6946803470079e-09,-6.67020139072185e-08,3.61741480109308e-08,-5.40996358429329e-07,-2.44951412178146e-06,2.1806776745271e-07,6.75868717745934e-08,-8.23117896756776e-07,3.97689385927808e-06,-3.47300418218315e-07,1.85195233328727e-06,-6.49160917678747e-07,1.08524909527814e-08,8.91870187340419e-05,3.2103782245778e-07,1.53919882423143e-06,1.3529140634837e-08,-1.53075978868904e-06,4.21924070970428e-07,-8.62678539276327e-07,1.43049049691722e-06,-2.86889984583917e-06,2.42253284340851e-06,-1.8909972578655e-07,4.19925407731633e-05,-1.90655120562749e-07,5.42856628360569e-05,5.82451187826818e-17,-0.000149901362087705,-3.0336984528808e-06,-1.01083402348274e-10,-1.01401933352357e-06,1.69074147009474e-06,-1.11680912810352e-06,-3.27649168984004e-07,6.54624130706109e-08,-3.06287743321215e-06,0.000117316915859021,1.98136607633655e-05,-2.81925963298869e-06,0.267165221157479,0.00258916046020204,-4.52655753331818e-05,6.66664723572919e-05,-1.93934483715867e-06,-2.76535185352032e-06,-5.11209993399563e-08,-6.20215917576342e-05,5.32436783092546e-06,-2.18345969911394e-08,6.11399103878706e-06,-6.23180415472882e-07,2.16664455359432e-06,-1.07056447935275e-06,-3.3030209770557e-06,-4.42220616816513e-07,1.34647489223093e-07,7.60251926122045e-07,-6.4912719186252e-08,2.51715435229684e-07,-2.31145927779368e-07,-1.85002585247603e-06,2.43796786512168e-06,-9.25300517662639e-17,8.30636466503899e-09,1.43135674499412e-07,-1.56798807614093e-08,3.15905316259754e-06,9.90996366313197e-09,8.57777535796641e-07,2.11251985384591e-06,-8.31331498340582e-07,3.95950773136699e-06,1.08670106029256e-16,-1.3036179103549e-05,-3.01913597185793e-09,-4.73149770700397e-07,5.63546500667879e-08,1.11875050589956e-06,-2.76209656370886e-07,-1.1169184438095e-05,3.08253785333057e-06,-3.93906338677683e-07,2.17966597622109e-05,-8.65780358672765e-08,-1.39043975390794e-05,-1.12409950346138e-08,-1.63469716962013e-09,-8.5701197935453e-06,1.31130514190801e-07,-9.47624723850868e-06,-6.53574708871535e-18,-7.40861317888139e-07,5.88486055810335e-08,1.69618180010643e-09,1.55164649798207e-08,-1.98100947784548e-05,-4.26025145225558e-05,5.45122038438138e-07,-1.98978824022807e-06,-1.12616793630927e-06,2.48822358650139e-16,-7.27022104084351e-06,-7.2326345719328e-08,-9.25876863800639e-06,6.08514117240633e-16,5.0374685228514e-06,6.43655659663623e-07,-9.85682874911377e-08,-1.44903990003575e-05,-4.83402023756077e-06,-2.58311725408105e-06,-2.35169579480467e-06,2.60960607206123e-06,5.29343735664819e-07,2.94454409679879e-08,5.73972125846971e-06,2.09216348321445e-07,-9.11320898759243e-17,-8.46826396109132e-08,3.14402758956873e-06,1.36580446084341e-06,-7.22922069105072e-06,-4.81691943084248e-16,-1.81054521773997e-07,3.40230869725396e-08,-3.24470297677742e-06,-5.582078865171e-08,-7.3424213582895e-06,2.00049564245643e-07,-2.68495450632182e-06,2.44960836880272e-05,-7.05691176968559e-17,9.0030817364846e-05,-2.51523202578316e-07,7.47781536292061e-07,6.78867894275104e-05,-1.18964482170865e-07,-4.6396256157703e-08,-4.68375338513738e-16,7.42768281679573e-17,-4.50913710224962e-08,-1.46810365915344e-07,1.93777938978335e-08,-7.73538551301142e-06,6.74820676505666e-15,-3.7066475061768e-06,-4.39472357316875e-08,2.93887238632929e-16,7.7335199250277e-17,-1.27287801394238e-16,9.42334882645259e-06,7.13931009876299e-07,-7.8519265791475e-07,3.95341065510527e-05,3.35340707495361e-06,6.30339518437714e-07,-2.73650841468225e-07,-3.99667113688054e-16,-6.04367959558864e-08,1.70192529022768e-07,5.35784486793939e-17,9.80994284573577e-17,-1.07856329452904e-07,-2.25807128166976e-09,-6.41102704071814e-08,1.35192720373101e-05,6.33724093671844e-08,-9.19532262668603e-07,-1.07014782266491e-15,-8.94623123147731e-07,1.55795056892637e-16,-1.05496258425659e-05,-4.71627945031194e-17,-7.11568423280908e-08,-2.0341363397972e-16,2.92631047907084e-07,7.70774422106564e-08,1.24347554813185e-06,4.73300398248946e-06,2.09108995833e-07,-2.40570478611855e-08,1.52709463154314e-07,5.4598858752196e-08,9.97103873062079e-06,1.51780267367783e-06,5.36181134489314e-08,-1.51185424265855e-07,-1.00134304461523e-05,-8.1294141439365e-07,-7.24309639254793e-08,-4.13140375696768e-17,6.79113953641462e-07,-1.17231556911804e-07,6.08592731577318e-08,8.51585922700076e-17,4.11072223708565e-07,3.23352694492555e-06,1.03592899844549e-06,-1.30292497610502e-16,-2.5112385394848e-07,-5.1437822152904e-06,-2.81398740321195e-16,-1.76679606553658e-07,3.95718827109784e-07,-4.15582433977959e-17,-8.01709810948955e-16,-1.45540318563173e-08,-2.99675766696059e-06,-1.70849072980236e-08,-2.37212457523262e-05,1.83044608627179e-06,4.82556709890651e-08,1.78820908322354e-06,4.31290815911771e-07,-1.08079037116227e-05,1.00180280737661e-15,1.99555957815305e-09,5.29218759970019e-08,1.459909532418e-07,1.36609337766211e-05,-4.54164687741374e-16,5.60962428085648e-17,4.49363473718363e-06,-2.63259465830874e-16,-5.39159550733668e-16,5.5571996934689e-07,-8.17901173692269e-07,-1.53129771021859e-07,-3.12128315927792e-07,3.92414660802983e-06,1.02511446123404e-06,1.09331808440344e-06,-2.00770551052591e-17,2.51707456279807e-06,1.17550371838409e-07,5.39398459236299e-07,-1.4162094322897e-07,5.59499137479525e-07,-3.85611977374081e-16,-2.45148403923354e-16,-5.02269153313401e-16,-1.87502199945406e-06,-2.35191795354068e-08,-1.52467727396419e-06,1.60942070075289e-16,-1.80321426386382e-08,3.3433921971037e-16,-1.18950887765396e-16,2.9536135604048e-06,-7.39528191829135e-07,2.32452945780892e-16,-1.00479141467698e-05,-8.22766282113057e-08,-2.40990132317288e-16,1.86051319278028e-07,3.10215515005089e-16,2.51086799059288e-06,-3.2229931525154e-16,2.50424504579691e-06,5.67729492836043e-07,2.05552760142145e-08,7.38754094258204e-07,5.07058574503818e-06,-6.63148407549843e-08,2.03442016081285e-06,2.25358746248764e-16,1.20128501791862e-06,-6.77937984075344e-08,-9.54853516601613e-17,-8.92957687705075e-09,-1.81898772378632e-07,4.22451760276819e-08,2.14339940513104e-15,1.35281580241367e-07,1.78860300768342e-07,-8.62714395854521e-16,-4.9607008911023e-06,-6.19406241150762e-06,-5.1321945086809e-09,-1.7608397281911e-16,2.2168074636298e-17,9.14913771277428e-08,1.06492960212631e-06,8.6127206592849e-08,-3.60932070461184e-08,6.24089548633691e-07,-3.61893133468886e-16,-3.68710082882509e-16,2.27550978637734e-06,1.5682355474746e-08,1.87222787797605e-16,5.48585137383811e-06,4.69559449663227e-17,7.44908005371491e-08,-1.04375349738643e-06,-6.09697118415587e-07,-4.03789508659045e-06,-3.62858151995201e-16,-1.80060351647075e-16,-2.92369192099215e-16,-1.30163425714038e-16,-8.45433234198888e-09,-2.92985949942984e-08,-8.8406359398726e-16,5.1408586182866e-16,-1.20322172142686e-16,4.10964842881861e-08,3.687353673289e-10,-2.02111319539965e-08,5.69705643280091e-16,-5.13478148889135e-16,4.151410118447e-16,-8.50933137163816e-07,2.6019154884489e-08,-3.34167051252188e-16,4.52373636885822e-09,-1.17865622282195e-07,1.32787829549996e-16,1.21869027635554e-16,-3.05656668432044e-06,-8.24713650286913e-10,-1.50238455660515e-06,-2.89496869316967e-16,4.40293470752376e-08,7.05079664967652e-07,7.47627970708657e-07,-2.28778890787114e-06,-1.61663066719293e-07,2.60322431338901e-09,1.19646265119392e-15,-5.74313338569709e-16,1.93669905987539e-15,4.54614079724399e-08,-4.10908099958912e-08,-5.77510959863515e-07,-1.08678515876371e-08,-1.98487494261064e-15,8.63688058701938e-17,-8.26348587408981e-17,1.27358040109258e-15,1.43904212970806e-15,4.32353274601068e-08,-5.20641860387737e-16,-5.13538075305905e-16,-2.35472073970706e-07,-3.32314845863844e-16,-2.09222595766409e-07,-5.5147218367774e-16,-2.56067865706744e-07,-2.77785706434928e-18,-2.11756638883434e-07,-2.25943510540349e-08,-3.75316482900715e-08,1.87579692464176e-15,1.42367115344705e-07,1.28748145965172e-17,-5.11191884938176e-07,6.55814430530691e-07,-4.12153503116794e-09,-9.08565241718632e-15,-0.21792485390975,6.91378401612791e-15,-1.61988620068013e-06,-7.96229198142945e-07,8.94264265978751e-16,-4.44257277227205e-15,-2.45000538251352e-15,1.06194257732304e-15,-6.53159706425014e-08,-7.8569795431735e-07,-1.6147587390164e-07,-1.42298838994318e-16,1.39112174554598e-15,-3.12044010079389e-08,2.49353760796607e-07,1.44040188172047e-14,3.59118377379993e-15,0.839603074263696,1.39162126977528e-11,-9.62332644695528e-06,-9.15182495296586e-15,1.31433436234497e-06,5.31250877054574e-15,-3.49012820669981e-15,3.36433870411532e-16,-1.49220725685743e-14,7.94363308842167e-16,-5.27702942351406e-15,1.97958242450493e-08,-1.38203429481056e-07,-2.52705131407345e-15,-8.80920615658073e-08,3.64825405147259e-06,1.73646573982088e-15,3.76109163583269e-15,4.55287744696941e-16,3.7214532129987e-15,1.16682851532519e-06,1.84830714419554e-07,-9.3002741149305e-16,2.86693798848313e-15,-6.09472915699372e-07,-1.96621640831299e-07,-2.96467432649711e-09,-2.22935419944647e-15,8.50109432274042e-16,3.19512914379966e-16,-1.54518507228766e-15,3.31541398779649e-15,2.01555386398797e-16,4.13331175696348e-06,-6.39141698041408e-06,-7.45909046417373e-07,-7.81446267227086e-16,1.0978054230562e-15,-2.72664977838746e-15,9.51383404884204e-16,-3.17514339800482e-16,2.17655748302164e-15,1.44318207210789e-15,-6.58563872662589e-16,3.89721315148053e-17,4.65497003684237e-16,-1.69592883911527e-15,-2.09569669331635e-16,9.15226385963155e-16,6.38048836609825e-16,1.03709879100042e-08,-8.58970674464033e-16,-2.34111372839403e-15,5.44100130181224e-16,1.46109269747161e-07,-6.60879166005098e-08,-1.26072077021422e-16,-3.76445490607487e-09,1.32589870827657e-07,-3.13577229875896e-16,7.53471062242291e-15,-2.5410147609918e-07,-2.03655864932213e-15,3.22239964234676e-09,1.29660547398816e-15,-4.21638957590034e-16,8.29063902485315e-16,-8.94746184757153e-16,1.173028055517e-07,-4.2863885565969e-07,-1.54775716039776e-15,9.59216721738086e-16,-7.95560187999585e-16,-3.12424915217604e-15,-1.49619899803e-16,2.58204490495125e-17,-4.53198581033541e-16,1.91470997377548e-16,5.03519310738208e-09,2.48937065212723e-16,1.01500310401713e-15,-4.42635737042362e-16,2.14254674289264e-16,-2.87156802631815e-16,1.17250083141018e-15,-1.09047702224194e-06,3.78882316500753e-16,-4.18676030946345e-17,7.37183026763159e-08,6.52464254045088e-16,7.80520842467363e-16,2.9792686505847e-16,8.44130183690994e-17,6.10368574718006e-08,-1.12408644474775e-16,-1.68675149007354e-06,1.23141265333793e-16,1.42935651594573e-16,1.24565475481427e-15,-9.23055001303321e-16,3.1141146885295e-16,2.17616568286638e-16,6.08025371681875e-08,1.17114536963929e-16,-3.22651007477831e-17,9.16460967487427e-09,-7.57637851328446e-06,5.22363771818996e-17,1.55793194905446e-06,7.75942943277992e-07,8.59674172654233e-17,2.95115042949812e-16,-2.80647193825433e-17,-4.32206306259231e-16,-8.53007505922169e-16,-1.29572311796475e-06,-3.33119488400655e-17,9.72692135506619e-16,-2.45606027544771e-17,5.18060121050002e-07,5.87857198539545e-16,-4.22384533042817e-16,-4.68051001048997e-16,4.39364024637802e-16,-2.35644592314614e-07,-1.78601517655094e-16,1.89342650009038e-09,-8.57540911976338e-17,5.79982037423473e-16,-3.80350164787239e-16,-1.84236009788455e-17,2.29795971988053e-16,4.64831959164006e-16,8.22764324874269e-17,-3.27804200724864e-08,-2.51983888146568e-17,5.10768073630064e-16,1.37744172263481e-08,8.64756336480628e-16,-3.03266610875573e-16,-7.25706791088773e-16,-3.02556725521695e-16,-3.39765051841563e-17,-2.43146049974225e-16,-9.97102246548565e-08,-7.44880805143757e-16,-8.01534867822387e-16,2.96728210128176e-08,2.85865220775856e-16,-2.80305004412538e-16,-8.12075862568473e-16,-9.95984184613632e-16,-8.00308549984126e-16,1.93056214602506e-17,3.31961531766652e-16,-4.14701393502312e-16,3.24619863250654e-16,8.84994214343105e-18,5.66149278191916e-17,-1.55362767403679e-08,5.15078965907356e-08,-1.37969326058656e-16,-8.86110780890057e-17,7.62556936330886e-17,1.17583639895547e-16,-2.28766658394441e-16,3.2200565606752e-16,3.26887897683587e-16,-2.10220973365928e-16,-4.9043651528997e-08,1.51803066281899e-16,-2.84946090818975e-16,-8.44625562892666e-19,1.93413710778439e-16,5.70496230792546e-09,-4.81161121286395e-16,-9.03963932958611e-10,3.19482370553059e-17,1.70497878389566e-16,-7.78732806544841e-17,-5.54126451473799e-17,-2.10630647969919e-17,1.32408143986046e-15,7.23351868649535e-17,7.70491833159703e-16,1.99054503854686e-17,2.68784849498084e-16,2.73734948905529e-16,-4.48387577018687e-17,-7.12850964965656e-17,-4.76377425826259e-17,2.76504499320875e-16,4.48350953006212e-16,8.69008866390557e-17,6.75592309397358e-16,-3.03208317683976e-16,-3.50580430358124e-16,4.59701721133854e-17,-1.01455541401219e-16,-9.66883860040495e-16,2.77395853637546e-16,-1.52419258451234e-17,1.60201495102002e-08,-6.47737706514316e-16,-2.83767599272775e-16,-1.48122373532387e-16,-2.06541379953664e-17,-2.17198778387329e-17,-2.88409821904362e-17,-8.66239777232556e-16,2.48578469830903e-16,-4.45231799148089e-17,1.87473975401681e-16,1.66750294128271e-16,5.16561461013406e-16,-3.02694972382351e-16,-1.63534234699721e-16,1.12049649750295e-18,2.89330109955019e-16,1.73129849222475e-17,-2.05945695585135e-07,-4.77467116157469e-17,-1.3308979511135e-16,-6.07248033039003e-17,2.66513983110034e-16,-4.48043923546739e-17,-1.24798490051586e-16,5.69983517435005e-17,-3.15547042031305e-17,-1.44011941090985e-16,1.28513488579478e-08,1.40816619576152e-16,1.0790093000074e-16,-2.95244548676909e-17,-1.31340501367681e-16,5.16134187894066e-17,8.46847726685565e-17,2.98918592278784e-17,2.10016540049884e-16,7.59786638380481e-17,-3.51954348861172e-16,-1.50266680371013e-16,3.31001344165738e-17,1.26477465903431e-16,2.19881187159556e-07,-8.74989287404697e-17,-7.81499859977546e-17,-3.90522880527801e-16,-1.90385901488455e-16,-1.7776617917923e-08,-4.64655380488638e-17,1.2710055590513e-16,-2.46708031339469e-16,-2.68922276806741e-16,4.36042811693002e-17,7.77852259594202e-17,9.5838967780433e-17,-2.73503598315571e-17,5.5963587476363e-17,3.9264101418569e-17,1.70729647169317e-16,-7.03999842352665e-18,9.42057424978191e-17,-9.01205322387925e-18,-5.11267873248928e-17,-1.33955835377183e-18,-3.02820024044326e-16
"t775",0.0359300209195037,-0.0110368820965724,-0.0121249686817389,0.000769706588086574,0.00820013839212385,-0.0308624042906886,-0.00469799266292809,-1.74575415354043e-05,0.0468696778591299,-0.00228010172541738,-0.00261596497417934,2.89134302734903e-06,7.04406799479246e-05,2.50967681338504e-05,0.00170431651542815,-9.20092966556294e-05,-8.16814067966879e-05,1.24655330431481e-05,0.00788588735964385,0.0208231761556907,-1.23431032986163e-05,2.86626986862752e-06,-0.000144726370023975,-1.7991943752349e-06,2.56969785063363e-08,-4.56710250365171e-05,0.000582243412849698,3.39802625607744e-06,3.45684985844642e-05,-0.00111149300722594,-0.000287265069022353,0.00839141899269641,6.34293303476783e-06,-0.00957172491211092,0.0781340463411647,-0.000566897756126107,-1.58555069744512e-05,2.43489043212198e-05,0.00259715624462266,0.00049065697069636,4.73020252555474e-05,-0.000661709549458286,9.27036421828084e-07,-5.51056740535773e-05,-1.83943511825957e-06,5.72613108443809e-06,-1.7365733639924e-06,3.37085738165778e-05,-0.0135486099229114,0.0231202470032371,7.03745754613865e-05,-4.49127842030018e-05,2.04417921154539e-05,-1.24937442073695e-05,0.0560916295719543,0.000673586499960806,0.00226814584617797,-2.48018964262625e-05,0.000201962737319918,1.52523703321629e-07,4.65604203525219e-07,-3.21436789262445e-05,2.26142261494487e-05,-1.75403379000021e-05,0.000224821686463686,-5.34191536200001e-06,0.00590551763066741,-0.000153176452215243,3.91579623504047e-05,-0.000193126566166243,2.44026590685935e-06,-8.39111102491437e-06,2.99381252232174e-05,2.07164591252875e-05,-8.77695113627714e-06,-9.11029467776852e-05,7.90670989796605e-05,-1.23102696282234e-05,0.00392709717860573,0.000505473823125512,-3.47879757395644e-05,-0.00275681525491222,0.00457570637417285,0.000143370205684178,-0.0512108362562257,-0.00033827229406722,9.73475784080669e-05,0.0374214675963241,-3.495400361166e-06,-1.89155227300632e-05,0.000655140133840784,-6.50802514157167e-07,-0.000466279014986706,0.000533655180436552,0.000200429592854593,0.000267245614040816,3.16116637455216e-05,-0.000258500009232587,0.00360271246129325,0.687760355662736,-0.00271282915970317,1.63428579308853e-05,-0.00311398532281281,0.000679853587465686,-0.000723568607957487,1.97685202127342e-05,-0.00503714749665228,6.38939838514691e-06,-0.00711210855991963,1.97950917034173e-06,6.56246939050033e-05,0.000120128853307495,-3.6852405021797e-05,3.09977598426414e-05,-3.09382234531211e-05,3.21242522520009e-05,-0.00339871683414696,0.00319288806270325,-0.000431735761162219,0.0001429078287309,-7.85040069785225e-05,0.000143822746421213,-0.0143381551655666,0.0011219725641135,6.26928517707944e-06,-0.000165876498411669,1.71754574771182e-05,-0.000394664608431514,0.000321573203179514,0.0111725284243477,8.16850454135218e-05,-0.000279472717620491,2.20042605898758e-05,0.00142650241868813,-5.58407991872181e-07,0.000367535466901688,-0.0110297798232425,-3.67200311475489e-05,0.0655418954922058,0.0159401714358931,0.00251791225813529,3.57776700013659e-05,-8.24749247548736e-05,-1.67365407510413e-06,-9.41484875206948e-09,-4.29969496937356e-05,-7.18723963154391e-06,0.000382383354093948,2.48247115831405e-05,-4.58100956306551e-06,-5.8311954886103e-06,-0.0162544274746384,-2.03180272998824e-06,0.000664256394762729,-2.33379260135337e-06,-0.000484199021238199,0.000268234779449071,-2.48221040218343e-05,-0.00146737527873139,-1.88799033486103e-05,-1.80697745009719e-05,2.61820656424164e-06,-0.000195304490350972,-2.49246606061754e-05,1.5837161122699e-05,-1.02969288635091e-05,0.00147347331217439,0.000628755698415976,0.00123294274764814,9.41950831550211e-06,-1.75865461877387e-05,-3.10708194203379e-06,3.6762291214072e-07,0.000130951204077264,2.28764035122049e-06,4.63999722485473e-06,2.0285372913856e-07,-7.36127998755196e-06,-0.000289060319813737,-3.18534050364398e-05,0.000127442793220433,3.3696091820666e-05,-7.0040035980828e-06,-2.78556110804547e-08,-8.48385351325341e-07,-3.56939280614364e-07,-0.00296626837248215,0.00530326589807678,0.00198084324997834,-1.05199807536632e-05,-7.55590194985044e-05,0.00647828474160055,4.18684582989196e-05,6.32393114009931e-09,6.20912991947838e-07,-0.00125872480292134,-7.37243528328982e-05,-1.19895965171915e-06,0.00133151766265849,2.19850049402471e-05,5.14238099019766e-05,7.3209687286105e-05,-1.45591277532854e-06,-3.38107611494673e-05,-0.0123028251178635,-4.72668816842788e-06,0.00576757786079254,8.5990466292922e-06,-0.000545534713173633,-1.23958553787475e-07,-0.00258105897153612,-1.67973022815756e-05,-5.52436900801022e-05,-0.0246406725270966,1.38532982126874e-05,1.31847507312679e-06,2.45913525376148e-07,1.73938009007289e-07,-5.94491416674766e-05,-2.63601824724314e-05,-1.21750585028623e-05,1.46936209311189e-05,3.23668054256428e-06,1.37266741185153e-05,-4.06575110805583e-05,-2.31675234370863e-06,-0.00021936828425251,-1.21886951628756e-06,-0.000261771536991976,-8.43235584894509e-05,4.53181748590104e-06,9.32385968325126e-07,2.82249552299758e-05,1.03943981111296e-05,-5.87248479102423e-06,-1.04651812900975e-07,-4.5648276649913e-05,1.37563791054286e-16,-4.24689248473455e-07,6.05015453167441e-06,-1.20927559025853e-06,-3.06619060330328e-06,-4.07920937791052e-05,5.63719324483788e-07,-7.80074406415995e-06,3.45601199196099e-06,-6.62196414737616e-06,1.84734213374456e-05,-8.5268872155375e-07,0.000340814809195665,-2.21302905042988e-07,2.43037535379438e-05,-0.000204884325861112,8.34634098638005e-08,-5.40753761300167e-09,2.5517463674919e-07,-2.3546387674569e-07,3.70066637094935e-06,9.2681253446221e-05,-1.74126402047719e-05,3.36184338633187e-06,-6.08417513335466e-05,7.0781621539628e-05,-4.25646155039463e-06,4.29266374850765e-05,-1.45053664912939e-05,5.53746736298898e-08,0.000481704195160265,2.33893679253606e-06,0.000838201781487819,4.93625109699933e-08,-1.51356790392001e-05,1.37201754452872e-06,-1.64644529330199e-06,2.59500854142168e-06,-5.0021883457509e-06,3.86272671225398e-06,-2.81010991982555e-07,5.32576868319849e-05,-2.30620703021632e-07,3.77910033790032e-05,-1.89709811361293e-16,-9.19367706679303e-05,-9.13387231599896e-06,-9.72237712875388e-11,-8.44068145370544e-07,1.23399961245351e-06,-7.62714748656757e-07,-2.16273115846202e-07,2.48216276219871e-08,-1.10773815559976e-06,4.18762749978033e-05,0.000589644853687912,-1.28514537585718e-07,7.85770111910629e-05,-0.00199205666890322,4.99696080468223e-06,-9.4613017812988e-05,1.33867749076545e-06,2.33657998644022e-06,3.60508263840161e-08,9.49967211410534e-05,-1.19997033880129e-05,5.28900966666428e-08,-1.64803512767945e-05,1.91896708328987e-06,-6.95767077473922e-06,5.50286632013719e-06,0.00171192024797497,2.07520912756781e-06,-6.75566651170021e-07,-4.46752044788062e-06,4.5214687902177e-07,-2.08116916513685e-06,0.000225370484808397,2.30620244904367e-05,-0.000103261558280592,-1.02105131313561e-16,1.13168410817955e-05,1.63232427684593e-06,-2.44058346689181e-07,0.00078695272877859,3.38780270128964e-08,0.000204973164341645,4.84475042340796e-05,-6.46789180547338e-06,2.7537037940241e-05,8.32445294518125e-17,-0.000203627521413598,-1.60966489639018e-08,-0.000268269920510677,2.89159295627191e-07,5.2706516703465e-06,-0.000132087307885256,-5.67352733754572e-05,1.50711730936072e-05,-1.48976030538472e-06,9.3266186801543e-05,-2.98045762187525e-07,-2.84274201854765e-05,-3.79118288969137e-08,-5.9004108239689e-09,-0.00029401469265207,4.17465641187428e-07,-8.3350792117325e-05,-2.18911747604271e-17,-2.20740489857941e-06,1.73336645388554e-07,4.99549534408991e-09,4.44656810568751e-08,-6.76610811015713e-05,-0.000319201959787238,1.41638736743237e-06,-5.20130262191667e-06,-3.02365781826549e-06,3.85907383810708e-17,-0.00195621202700651,-1.52513809481862e-07,-6.20271202430039e-05,2.16464759702471e-15,1.21293877936969e-05,1.55342558833214e-06,-2.38657592287029e-07,-9.7145360789224e-05,-0.000307996511697576,-1.68148467781414e-05,-5.48170968103213e-06,1.69331222566384e-05,1.22797778407738e-06,6.80292518523178e-08,1.57738118448365e-05,4.78077232975159e-07,-1.88238646951627e-17,-1.89930607497876e-07,7.02790786961221e-06,3.03076921270581e-06,-1.90495808334518e-05,-2.18548121794892e-16,-3.88937358749717e-07,7.18107193332256e-08,-8.23945763021859e-06,-1.20199449937879e-07,-0.00154526077262197,3.9248424000122e-07,-5.27379253031288e-06,2.833638863434e-05,3.58397655271025e-16,0.000101982958932525,-4.83329061634971e-07,1.40257455776422e-06,0.000150614150461531,-1.97964337772876e-07,-2.500901939467e-07,-8.32667268468867e-17,3.94494648430754e-17,-2.30148972275199e-07,-2.65567259550034e-07,3.50463535431691e-08,-0.000361846906586975,1.18376185978274e-14,-1.80714285201884e-05,-2.13079570986269e-07,-2.07867536447943e-16,3.13935241141614e-17,3.08736394437944e-17,0.000419426547730897,1.18819341767196e-06,-1.32147885013012e-06,4.01302667404489e-05,5.69721152906228e-06,1.05328860756864e-06,-4.56923811178363e-07,-3.07336865101626e-16,-9.97182799324872e-08,2.7970162879156e-07,-9.50148843367852e-17,3.11677053792701e-16,-1.74684855492866e-07,-3.66989762679209e-07,-1.03066743620189e-07,2.59938865560796e-05,1.01212424220235e-07,-0.000146880566181011,-3.87110069308529e-17,-1.42247214094678e-06,-2.08832688353846e-18,-4.62147688026626e-05,-2.74465779964705e-16,-1.12385746144147e-07,-5.50293343068796e-17,4.61301893133549e-07,1.21447528247754e-07,5.37842125639903e-06,7.40408659708823e-06,3.26985696681816e-07,-3.75655390348337e-08,2.38413362010932e-07,1.456934903657e-07,0.000395113748304597,1.38679009333181e-06,8.19385934538138e-08,-2.32348974461572e-07,-0.000391542206320045,-3.35454081640066e-06,-1.08595658966984e-07,-2.84148297731205e-17,1.02000909337067e-06,-1.7584919475347e-07,9.07827051411696e-08,-3.76518837466914e-17,6.07345096123365e-05,4.81245118332257e-06,1.54324317288793e-06,2.29892095753554e-16,-3.74600056367784e-07,-0.000750216602063675,4.06986907024604e-17,-2.55059444968646e-07,5.80220968125919e-07,-3.27617226441212e-17,2.95342567343595e-16,-2.20905995787123e-08,-0.000423070004136872,-2.37047019401723e-06,-0.000352804103794237,2.58842879208411e-06,6.83165682427582e-08,6.9960133397612e-06,6.1351729469394e-07,-1.53666667611355e-05,-1.1817803680092e-17,2.83735386942372e-09,1.9308671009527e-06,2.05548321480699e-05,5.33701657056388e-05,-2.2295249414244e-14,-4.46274865112579e-17,7.61405467788763e-06,5.73841434645052e-17,-1.79362182160827e-15,7.82812984659696e-07,-1.1510939733921e-06,-2.15506967229845e-07,-1.20677732669186e-06,5.51021126892385e-06,1.43936558943629e-06,1.83916397314531e-06,3.12375439058812e-17,9.68603735850025e-06,1.62062442908897e-05,2.07322032802509e-06,-1.97550117290797e-07,7.78836624462914e-07,-5.25120039067938e-16,-1.42890500057452e-16,1.25375899039365e-16,-0.000202243057217435,-3.25434584418433e-08,-2.10966378839793e-06,8.1487861071631e-17,-2.49338227903263e-08,3.01401620592721e-16,-9.14235304612218e-17,4.06674998576794e-06,-1.01818152745324e-06,-1.96999534740616e-16,-8.39481854138169e-06,-1.131466192251e-07,3.04420972104271e-16,2.55587502712143e-07,8.00860169321384e-17,9.46590199457649e-06,1.10160360989745e-16,9.43990526860591e-06,7.78564006314272e-07,2.81972611854672e-08,2.78399983645223e-06,1.91033852459894e-05,-9.08472324102395e-08,2.78496610003976e-06,-1.95258476775051e-16,1.6435157775428e-06,-9.27478114817541e-08,2.70909289032583e-17,-1.22160242036157e-08,-2.48836656247718e-07,5.77913370277228e-08,-1.08722739486704e-16,1.85110081428289e-07,2.44760752640719e-07,-4.23586401692135e-17,-6.78882874928945e-06,-5.15196598446209e-06,-7.02843052960996e-09,-7.59960388328848e-17,-3.07788512293332e-17,1.2547139416409e-07,4.01082766060101e-06,3.24434135111324e-07,-4.98326116306866e-08,2.36617780345771e-06,7.95078270350228e-17,1.66785325521845e-16,8.63538438996981e-06,2.59791318031283e-08,7.82297163184414e-18,2.08580524346297e-05,8.92903788558303e-18,1.03461614637429e-07,-1.75084825417977e-06,-8.15804701330327e-05,-0.000141989293548258,-2.17455050209151e-16,1.29642486213977e-16,-1.56734444916188e-17,-9.04804778076785e-17,-1.18596770366026e-08,-4.11347095204619e-08,-2.62827883044392e-17,1.75878846310579e-16,2.7171601511781e-16,5.78815372219342e-08,5.20081934749185e-10,-2.86241894270127e-08,4.14658313815434e-19,-1.33613009978967e-15,-1.30386153263107e-15,-1.22599572762918e-06,3.75136510263219e-08,-1.27638510209589e-16,6.57788251924565e-09,-1.72035483944711e-07,5.08040855688793e-18,1.93344964174244e-17,-1.23432730372935e-05,-1.2153688603554e-09,-6.1109489670695e-06,-3.68391197834765e-16,6.61467145299309e-08,1.06712287838657e-06,1.14441336797141e-06,-4.26793181364675e-06,-2.53222276566171e-07,4.1209511446168e-09,-1.62411475070523e-16,-1.55812209024308e-16,4.36133940640708e-16,7.82495562786375e-08,-7.08507139895159e-08,-9.67026956191045e-05,-2.09713438676122e-08,-6.65238270598505e-16,-3.02126584494507e-17,-6.40497832731068e-16,8.25910631602765e-17,8.90349942835853e-17,1.00004362604829e-07,-2.01854220199867e-16,1.81291746387352e-16,-1.67601089415692e-06,-1.1629478529375e-16,-1.50096631404527e-06,1.01110449128685e-16,-6.48464533722837e-05,-6.03187871347897e-17,-7.83976036851935e-05,-2.81144483636042e-07,-2.47983617757485e-07,1.71815280310187e-16,9.02056580862064e-06,1.2329698607409e-16,1.3686181658358e-06,-2.1748607301809e-07,1.20354016557706e-09,2.65914905347344e-16,6.62510412100252e-06,-1.21612465025844e-16,-4.76618188016484e-07,-2.43297286566933e-07,-2.33923403695659e-16,5.53228988447487e-17,-1.71320755894334e-16,-1.09596236300374e-16,-3.68832291646706e-08,-1.09735913400868e-06,-2.44987256378829e-07,-7.40172561035584e-17,1.04911677741071e-16,-2.50833870710382e-08,2.04606506941417e-07,-1.06452475134551e-15,3.11938497380243e-18,-4.07865602176889e-07,-2.81024122948912e-17,-7.22171920945965e-05,2.33731810901779e-16,7.22241472287153e-07,1.23227088061288e-16,-9.93219488240191e-15,-3.85022924708122e-17,8.5920158963288e-16,1.48243907016648e-16,-3.53504042256273e-16,1.386881149364e-08,-9.69920475757963e-08,1.12668088217634e-16,-6.43727718234657e-08,2.70417738891437e-06,-9.97452118496226e-17,-3.17584163540777e-16,7.65783347794553e-16,-4.85486375225765e-16,2.2697487970366e-05,3.96958428810052e-07,5.13166609560013e-18,-1.01097133447174e-16,-4.83666246306507e-07,-1.56225103342565e-07,-2.36505878900323e-09,-3.17157786487224e-16,1.88581369960147e-16,-1.08684716316139e-17,-1.19435835690318e-16,-6.68405802707405e-17,4.05965067919262e-16,9.48151759663018e-06,-3.28139146631786e-06,-1.7240560035191e-06,4.27000991610207e-17,-2.3790351218105e-16,5.99361801720213e-16,-4.64832600565577e-16,2.45304744004461e-16,-5.28927895629054e-16,2.28614804576951e-16,-2.15896790820801e-16,1.27403635806726e-16,-1.50057212382605e-16,6.74906628502345e-16,-1.08244575645555e-16,4.11810645047299e-16,3.0133202174035e-16,9.18131954732877e-09,-1.51812582350794e-16,4.82691015289604e-17,-1.76658144409348e-16,1.29926011401605e-07,-5.54575550354231e-06,6.23777618620189e-17,-3.35277920315891e-09,1.18679157190914e-07,-9.51167480372835e-17,3.24291176117595e-15,-2.28737758069185e-07,-9.59816534750345e-16,2.91899701784704e-09,2.22628760599635e-16,-1.55956874700366e-16,-3.71090732549547e-16,-2.80989138891012e-16,1.00836546400908e-05,-3.91822024907644e-07,6.07379013221772e-17,3.07293523584965e-16,2.88784975717804e-19,-4.12392881743464e-16,-2.99348219823248e-16,3.98350578181879e-17,-1.1079142598967e-16,-3.20331544963963e-16,4.69888827516557e-09,4.01788022204288e-18,-9.6680667403708e-17,6.11667563708336e-16,5.50457535790561e-16,-4.86473918310586e-16,2.32698683328728e-16,-1.02081796355857e-06,-1.72206488137252e-16,-1.27226176377224e-16,6.9046087376253e-08,-7.53027139873672e-17,1.37181150685891e-15,-8.94536803951587e-17,1.51691250345248e-15,5.74918298105747e-08,-3.43173806361242e-16,-3.94779721858478e-05,5.35364894869503e-16,5.02592703985174e-17,-3.16914763351816e-16,-1.90098482033628e-15,5.88438946729809e-16,-1.66840959053082e-15,6.86483867068996e-08,-4.32393373156812e-16,6.21116050891489e-16,8.66417457826572e-09,-8.56419730386547e-06,-6.64676889186323e-16,1.47336453701941e-06,2.00233203581193e-06,2.62647844872353e-16,1.24959498606402e-15,-1.70616149113501e-16,-5.54964593864987e-16,-2.86862683364075e-17,-3.35339708024113e-06,-2.35945043114167e-16,6.84032661012421e-16,-6.79093045431225e-16,1.34155918112148e-06,2.46674664937987e-15,-4.34045832457428e-17,-8.24579933766885e-16,-3.42841526756829e-17,-6.10639709875612e-07,-2.61176866636829e-16,1.79987653007158e-09,4.37681121123298e-16,6.16363649542641e-16,-1.56863451702025e-15,5.22273026697759e-16,-7.56572302874793e-16,-1.263844442112e-15,-3.42713647860191e-16,-3.11915660057844e-08,-1.68523971097181e-15,5.32793889382286e-16,1.31094728733405e-08,1.02348174896869e-15,1.2093234651323e-16,4.94253010743043e-16,6.76101696831966e-17,-1.4322776952562e-15,1.59535767868722e-16,-9.49493732577632e-08,4.83068470717941e-16,3.63910525867553e-16,2.82618216529006e-08,2.0011443103766e-15,1.43463706400591e-15,-8.69992917602618e-16,8.17917380612747e-16,8.46990976915213e-16,7.14218414246958e-17,-3.47945237915764e-16,1.19809394328925e-15,1.77407744764415e-16,7.7643617484879e-16,-1.2336234348483e-15,-1.48055259844357e-08,4.90873831970248e-08,-2.11046009850048e-15,1.07309286891531e-15,1.3082476740365e-15,-3.8316513624352e-15,-3.5469131971777e-15,-1.54085454078152e-15,-4.87371013777922e-16,-6.06659033843712e-15,-4.67464909049835e-08,-4.29291127792541e-15,-1.2855948955436e-15,-2.34174339727883e-15,-1.96945825146025e-15,5.4380333957168e-09,3.58208808050691e-15,-8.61638499314355e-10,-1.72181225911748e-15,-3.42611701023429e-15,1.82021621246387e-14,-2.60791231116865e-14,-2.69994680477482e-12,-0.707106781186547,-3.71840516579565e-14,-8.4054754726987e-16,-5.67206770856219e-15,-8.39632027096874e-15,-7.51607149590966e-15,1.46921433306573e-15,7.18072362045858e-15,2.10434444886816e-15,-7.64845504252578e-16,6.30752379308554e-15,-1.53735392636644e-15,3.75914102435875e-15,3.87253643788331e-15,-4.06021118637727e-15,2.06831080040715e-14,-1.80490213824501e-15,8.36029517153647e-16,1.47790211191544e-15,9.29464646824232e-16,4.15538308391745e-08,2.06166951597079e-15,-1.296639665223e-15,2.2305234524338e-15,-2.86648638662697e-15,-3.12352933067784e-16,7.55594517659073e-16,-1.23298891492829e-15,-3.01126487669309e-15,3.74717227839915e-16,-2.37884855825843e-16,3.16852663898026e-15,9.98221499229929e-16,-1.87125111721109e-16,-5.86012839722695e-16,-5.38307179998202e-16,1.89306246711592e-15,3.28614797106804e-16,-4.83520494227979e-06,1.02299458829381e-16,2.06223965236447e-16,2.22946982463408e-16,-2.99600923613619e-16,-1.8635080024087e-17,-3.7513527550499e-16,-7.72016455764809e-16,4.60349475055297e-16,5.69765180160797e-16,1.2209287293142e-08,-6.90483105094407e-16,4.34034785884243e-16,5.24552626556692e-16,-6.56203311446765e-17,3.49069118770166e-16,-3.58991411837869e-16,3.07838477358787e-16,-4.42991850312193e-16,3.85234853702237e-16,5.66478546353946e-16,-7.76787728509516e-17,-7.46516519390767e-17,2.7244425290934e-16,5.67479642734737e-07,-3.92685346610961e-16,1.10113469297197e-16,-2.41026934416951e-16,7.50267903359969e-17,-1.68434530570959e-08,3.78118281444563e-16,-4.19442533445277e-16,1.67551983025631e-16,7.70352611657234e-16,-3.50618638382956e-16,-1.89565207264874e-18,1.56537410236816e-16,5.10249714859468e-18,-1.04264156635433e-16,1.26171980597177e-18,3.2425117300325e-16,2.52172337649121e-16,-1.03409636791018e-16,-1.27430391631635e-16,-1.29949519614113e-16,-3.94062697396259e-16,-2.43785974728273e-16
"t776",0.0359300209195036,-0.0110368820965724,-0.0121249686817389,0.000769706588086567,0.00820013839212385,-0.0308624042906885,-0.00469799266292809,-1.74575415354058e-05,0.0468696778591299,-0.00228010172541737,-0.00261596497417934,2.89134302734675e-06,7.04406799479326e-05,2.5096768133848e-05,0.00170431651542816,-9.20092966556398e-05,-8.16814067966949e-05,1.24655330431452e-05,0.00788588735964386,0.0208231761556906,-1.2343103298616e-05,2.86626986862351e-06,-0.000144726370023975,-1.7991943752375e-06,2.56969784950606e-08,-4.56710250365096e-05,0.000582243412849693,3.3980262560718e-06,3.45684985844734e-05,-0.00111149300722594,-0.000287265069022368,0.0083914189926964,6.34293303478409e-06,-0.00957172491211097,0.0781340463411647,-0.0005668977561261,-1.58555069744475e-05,2.43489043212424e-05,0.00259715624462268,0.000490656970696367,4.73020252555409e-05,-0.000661709549458277,9.27036421799875e-07,-5.51056740535567e-05,-1.83943511826499e-06,5.72613108442785e-06,-1.73657336397392e-06,3.37085738165839e-05,-0.0135486099229114,0.023120247003237,7.03745754614065e-05,-4.49127842030058e-05,2.04417921154456e-05,-1.24937442073591e-05,0.0560916295719542,0.000673586499960807,0.00226814584617796,-2.4801896426257e-05,0.000201962737319923,1.52523703320328e-07,4.65604203537006e-07,-3.21436789262609e-05,2.26142261494536e-05,-1.75403378999878e-05,0.000224821686463656,-5.34191536198764e-06,0.00590551763066738,-0.000153176452215209,3.91579623504415e-05,-0.000193126566166212,2.44026590686581e-06,-8.39111102493269e-06,2.99381252234639e-05,2.07164591253136e-05,-8.77695113613807e-06,-9.11029467776528e-05,7.9067098979649e-05,-1.23102696284027e-05,0.00392709717860564,0.000505473823125523,-3.47879757396774e-05,-0.00275681525491216,0.00457570637417286,0.000143370205684272,-0.0512108362562256,-0.000338272294067169,9.73475784082276e-05,0.0374214675963241,-3.49540036103198e-06,-1.89155227300611e-05,0.000655140133840959,-6.50802513895224e-07,-0.000466279014986735,0.000533655180436537,0.000200429592854577,0.000267245614040795,3.16116637455361e-05,-0.000258500009232533,0.0036027124612933,0.687760355662736,-0.00271282915970328,1.63428579308991e-05,-0.00311398532281303,0.000679853587465657,-0.00072356860795751,1.97685202128472e-05,-0.00503714749665219,6.3893983850099e-06,-0.00711210855991963,1.97950917032986e-06,6.56246939050342e-05,0.000120128853307382,-3.68524050215865e-05,3.0997759842432e-05,-3.0938223453152e-05,3.21242522518171e-05,-0.00339871683414726,0.0031928880627031,-0.000431735761162418,0.000142907828730909,-7.85040069783804e-05,0.000143822746421294,-0.0143381551655666,0.00112197256411347,6.26928517709018e-06,-0.000165876498411867,1.71754574771186e-05,-0.000394664608431616,0.000321573203179604,0.0111725284243476,8.1685045413827e-05,-0.000279472717620992,2.20042605899752e-05,0.00142650241868793,-5.58407991873089e-07,0.000367535466901594,-0.0110297798232425,-3.67200311476842e-05,0.0655418954922057,0.0159401714358934,0.0025179122581353,3.57776700010155e-05,-8.24749247548965e-05,-1.67365407512241e-06,-9.41484888548648e-09,-4.29969496936743e-05,-7.18723963175951e-06,0.000382383354093657,2.48247115835631e-05,-4.58100956306447e-06,-5.83119548859588e-06,-0.0162544274746384,-2.03180272999325e-06,0.000664256394762969,-2.33379260111845e-06,-0.000484199021238207,0.000268234779449067,-2.48221040217982e-05,-0.00146737527873135,-1.88799033485671e-05,-1.80697745010651e-05,2.61820656438011e-06,-0.000195304490350735,-2.49246606062478e-05,1.58371611225863e-05,-1.02969288635283e-05,0.00147347331217466,0.000628755698416167,0.00123294274764833,9.41950831557566e-06,-1.75865461880939e-05,-3.10708194206029e-06,3.67622912146956e-07,0.00013095120407719,2.28764035114401e-06,4.63999722491114e-06,2.02853729147844e-07,-7.36127998791975e-06,-0.000289060319813791,-3.18534050365199e-05,0.000127442793220414,3.36960918205145e-05,-7.00400359817845e-06,-2.78556112224717e-08,-8.48385351354595e-07,-3.56939280571764e-07,-0.00296626837248234,0.00530326589807693,0.0019808432499779,-1.05199807537223e-05,-7.55590194983115e-05,0.00647828474160031,4.18684582989224e-05,6.32393124076509e-09,6.20912991922569e-07,-0.00125872480292144,-7.37243528327679e-05,-1.19895965168632e-06,0.00133151766265848,2.19850049402736e-05,5.14238099019841e-05,7.32096872857364e-05,-1.45591277541961e-06,-3.38107611493868e-05,-0.0123028251178636,-4.72668816814546e-06,0.00576757786079231,8.59904662925707e-06,-0.000545534713173581,-1.23958553703294e-07,-0.0025810589715361,-1.67973022814726e-05,-5.52436900797737e-05,-0.0246406725270967,1.38532982130062e-05,1.31847507326048e-06,2.45913525823086e-07,1.73938009069983e-07,-5.94491416673127e-05,-2.63601824721384e-05,-1.21750585027147e-05,1.46936209312049e-05,3.23668054206989e-06,1.37266741186668e-05,-4.06575110805576e-05,-2.31675234366978e-06,-0.000219368284252713,-1.21886951625356e-06,-0.000261771536992007,-8.4323558489355e-05,4.53181748591406e-06,9.32385968555399e-07,2.82249552300697e-05,1.03943981112732e-05,-5.8724847910403e-06,-1.04651813223951e-07,-4.5648276649983e-05,-6.17452123728641e-17,-4.24689248655296e-07,6.05015453159418e-06,-1.20927559031203e-06,-3.06619060290926e-06,-4.07920937791368e-05,5.63719324585741e-07,-7.8007440641806e-06,3.45601199200496e-06,-6.62196414685948e-06,1.84734213375415e-05,-8.5268872151079e-07,0.00034081480919604,-2.21302905060464e-07,2.43037535383655e-05,-0.000204884325861079,8.34634099421554e-08,-5.40753744972082e-09,2.55174636872933e-07,-2.35463876774043e-07,3.70066637120371e-06,9.26812534463528e-05,-1.74126402052989e-05,3.36184338640354e-06,-6.08417513336926e-05,7.07816215397296e-05,-4.25646155045219e-06,4.29266374851007e-05,-1.45053664911149e-05,5.53746735735953e-08,0.000481704195160308,2.33893679234966e-06,0.000838201781487638,4.93625111949813e-08,-1.51356790390129e-05,1.37201754444493e-06,-1.64644529343977e-06,2.59500854137962e-06,-5.00218834565855e-06,3.8627267119027e-06,-2.81010991989795e-07,5.32576868320815e-05,-2.30620703211409e-07,3.77910033789456e-05,1.15466718577862e-16,-9.193677066818e-05,-9.13387231574234e-06,-9.72239938884554e-11,-8.44068145236742e-07,1.23399961261885e-06,-7.62714748723891e-07,-2.16273115486724e-07,2.48216274964374e-08,-1.10773815583176e-06,4.18762749978383e-05,0.000589644853687888,-1.28514537487991e-07,7.85770111905107e-05,-0.00199205666890327,4.99696080466747e-06,-9.46130178127464e-05,1.33867749065519e-06,2.33657998636208e-06,3.60508264870642e-08,9.49967211413113e-05,-1.19997033882384e-05,5.28900966327937e-08,-1.64803512767092e-05,1.9189670832112e-06,-6.95767077485002e-06,5.50286632018361e-06,0.00171192024797497,2.07520912923038e-06,-6.75566651011746e-07,-4.46752044781467e-06,4.52146879097625e-07,-2.08116916534148e-06,0.000225370484808612,2.30620244904837e-05,-0.00010326155828071,8.92918185572181e-17,1.13168410816229e-05,1.63232427705971e-06,-2.44058346487736e-07,0.000786952728778254,3.38780271893876e-08,0.000204973164341738,4.84475042341315e-05,-6.46789180540787e-06,2.75370379403896e-05,-9.5650240220487e-19,-0.000203627521413405,-1.60966485847688e-08,-0.000268269920510577,2.89159295805289e-07,5.27065167032339e-06,-0.000132087307885519,-5.67352733755318e-05,1.50711730940124e-05,-1.4897603056032e-06,9.32661868013694e-05,-2.98045762143906e-07,-2.84274201855701e-05,-3.79118288897546e-08,-5.90041075647731e-09,-0.000294014692652172,4.17465640915761e-07,-8.33507921171225e-05,1.31565573530373e-16,-2.20740489862249e-06,1.73336645665784e-07,4.99549529515242e-09,4.44656812482287e-08,-6.76610811015857e-05,-0.000319201959787186,1.41638736767196e-06,-5.20130262182685e-06,-3.02365781798592e-06,7.45990674456677e-17,-0.00195621202700649,-1.52513809429993e-07,-6.20271202431562e-05,2.14557465418387e-15,1.21293877937892e-05,1.55342558847044e-06,-2.38657592147402e-07,-9.71453607891789e-05,-0.000307996511697622,-1.68148467782085e-05,-5.48170968110228e-06,1.69331222561709e-05,1.2279777841845e-06,6.80292519146804e-08,1.57738118449474e-05,4.78077233530187e-07,-1.53731108002034e-17,-1.89930607116017e-07,7.02790786961094e-06,3.03076921246304e-06,-1.90495808336995e-05,2.66473869840227e-16,-3.88937358746622e-07,7.18107195331525e-08,-8.23945763045691e-06,-1.20199450492216e-07,-0.00154526077262182,3.92484239926262e-07,-5.27379253031455e-06,2.83363886342722e-05,-3.41392660176223e-16,0.000101982958932625,-4.83329061817415e-07,1.4025745581074e-06,0.000150614150461488,-1.97964337637985e-07,-2.50090193791168e-07,1.50920942409982e-16,-2.43697846504921e-17,-2.30148972245534e-07,-2.65567259606351e-07,3.50463528492412e-08,-0.000361846906587168,1.1982887864131e-14,-1.80714285202858e-05,-2.13079570722476e-07,1.12485599622755e-16,1.55167442658785e-18,6.03282894599272e-17,0.000419426547730673,1.18819341776087e-06,-1.32147885007264e-06,4.0130266740032e-05,5.6972115292792e-06,1.05328860758732e-06,-4.56923810871704e-07,-3.31399723563895e-16,-9.97182800923425e-08,2.79701628562255e-07,3.50620534802324e-17,-3.19571943178476e-16,-1.74684855603527e-07,-3.66989763228562e-07,-1.03066743813029e-07,2.59938865560888e-05,1.01212424813691e-07,-0.00014688056618081,-1.94471895601494e-16,-1.42247214120181e-06,7.69286540393913e-17,-4.62147688026317e-05,-9.89307377338711e-16,-1.12385745926694e-07,-7.64704855289144e-17,4.61301892998109e-07,1.21447528573861e-07,5.37842125634822e-06,7.40408659694341e-06,3.26985696419343e-07,-3.75655392969727e-08,2.38413362046341e-07,1.45693490291169e-07,0.000395113748304397,1.38679009358879e-06,8.19385928278204e-08,-2.32348974189937e-07,-0.000391542206319874,-3.35454081624727e-06,-1.08595658292421e-07,6.49574960345545e-17,1.02000909372742e-06,-1.7584919472014e-07,9.07827058142005e-08,6.77422141141556e-17,6.07345096124871e-05,4.81245118327267e-06,1.54324317286758e-06,-2.59553053729044e-16,-3.74600056041958e-07,-0.000750216602064003,-3.03371956768537e-17,-2.55059444987129e-07,5.80220967981779e-07,2.4180388795342e-17,1.40950979556087e-16,-2.20905995764486e-08,-0.00042307000413704,-2.3704701932149e-06,-0.000352804103794442,2.58842879208401e-06,6.83165678508006e-08,6.99601334081399e-06,6.13517294384205e-07,-1.53666667608022e-05,3.0406449927356e-16,2.83735375026545e-09,1.93086710099499e-06,2.05548321482604e-05,5.33701657058159e-05,-2.19419025627516e-14,-2.0335898210742e-17,7.61405467761661e-06,-9.89719634583099e-17,-2.50358285461027e-15,7.82812984324739e-07,-1.15109397342845e-06,-2.15506967235376e-07,-1.20677732651934e-06,5.51021126899066e-06,1.43936558951258e-06,1.83916397234423e-06,-9.07005425532479e-18,9.68603735852662e-06,1.62062442901582e-05,2.07322032832837e-06,-1.97550117562563e-07,7.78836624254039e-07,4.6823434252555e-16,7.2124559254985e-17,-9.2062627855109e-17,-0.000202243057217639,-3.25434585912305e-08,-2.10966378843993e-06,-4.79609027715744e-16,-2.49338230520686e-08,8.30305975599218e-17,-4.22332007888153e-17,4.06674998530684e-06,-1.01818152754287e-06,2.03396327558281e-16,-8.39481854135304e-06,-1.13146619358112e-07,-1.69848445173087e-16,2.55587502603349e-07,3.58411506518269e-16,9.46590199470568e-06,-1.24619981394401e-16,9.43990526830786e-06,7.78564006355363e-07,2.81972611585733e-08,2.78399983714385e-06,1.91033852461508e-05,-9.0847231689489e-08,2.7849661001498e-06,1.9664523823115e-16,1.64351577817921e-06,-9.27478112573885e-08,-6.10713289368112e-17,-1.22160245905233e-08,-2.48836656014024e-07,5.77913375488927e-08,8.19023237628766e-17,1.85110081536663e-07,2.44760752659157e-07,4.17000577617462e-17,-6.78882874930266e-06,-5.15196598429016e-06,-7.02843073610983e-09,-3.02146644970152e-16,2.59967653932751e-17,1.25471394358075e-07,4.01082765916476e-06,3.24434134805071e-07,-4.98326120917457e-08,2.36617780324713e-06,-9.47611969115869e-17,-4.60176175337001e-16,8.63538438944411e-06,2.59791316218572e-08,1.89550659595348e-16,2.08580524341322e-05,-1.82120158348499e-18,1.03461614467336e-07,-1.75084825393574e-06,-8.15804701327972e-05,-0.000141989293547696,-2.28408153978954e-16,-1.1644148260816e-16,3.43700567913494e-17,-1.05314961126438e-16,-1.18596770707409e-08,-4.11347103810204e-08,-8.08296408821507e-17,3.57974143160876e-16,-3.36674380364286e-16,5.78815375314263e-08,5.20081492693913e-10,-2.86241896912268e-08,1.32543301468653e-17,-7.30874236999635e-16,-1.50018344101388e-15,-1.22599572835434e-06,3.75136511355808e-08,1.4138231755137e-16,6.57788172508411e-09,-1.72035484294948e-07,-2.17621950023382e-18,2.86506507243932e-19,-1.23432730373214e-05,-1.21536898802221e-09,-6.11094896704761e-06,3.40018202390883e-16,6.61467145298803e-08,1.06712287889023e-06,1.14441336821897e-06,-4.26793181344506e-06,-2.53222274730922e-07,4.12095081155065e-09,2.07197712129111e-16,4.10873123201154e-17,-4.17569000935847e-16,7.82495563549592e-08,-7.08507135637441e-08,-9.6702695619002e-05,-2.09713440320546e-08,3.61684577897551e-17,1.9978950917292e-17,1.29972463180846e-16,-6.00511576766033e-17,4.95704811887526e-17,1.00004362915264e-07,-1.03947655691222e-16,-1.63549505485577e-16,-1.67601089422656e-06,3.88502577720674e-17,-1.50096631395429e-06,-1.15666093796973e-16,-6.48464533721881e-05,-1.45845404876376e-17,-7.8397603685628e-05,-2.81144483785768e-07,-2.47983617128642e-07,-1.97793403325203e-16,9.02056580851708e-06,-1.03283961295383e-16,1.3686181662355e-06,-2.17486072592306e-07,1.20354056187438e-09,-9.57495182941717e-17,6.6251041221397e-06,3.52777063754101e-17,-4.76618188185244e-07,-2.43297286385832e-07,1.4376490137728e-16,-6.63083694814401e-17,1.56821123385205e-16,-7.15814707520756e-18,-3.68832292450308e-08,-1.09735913369488e-06,-2.44987256289514e-07,1.1412559402951e-16,-8.28112696681058e-17,-2.50833871585631e-08,2.04606506359851e-07,9.05212834171496e-16,-2.30631587374953e-17,-4.0786560375761e-07,1.23534303799525e-16,-7.22171920938465e-05,-2.25240414195136e-16,7.22241473083729e-07,-1.45013566263714e-16,-9.6520960097171e-15,2.91426240062759e-17,-8.7871537235018e-16,-1.60401687883478e-16,2.71084500521955e-16,1.38688120416158e-08,-9.69920469679158e-08,-1.3178473091289e-16,-6.43727724098586e-08,2.70417738837901e-06,5.86685306506574e-17,3.57321708483007e-16,7.27784084541215e-16,4.1697834862205e-16,2.26974879706e-05,3.96958428338377e-07,-1.81815157873412e-17,1.99071137084191e-16,-4.83666245901196e-07,-1.56225103277878e-07,-2.36505816101748e-09,2.82005897346534e-16,-2.67378755010405e-16,4.29957563023835e-18,5.60905486308574e-17,3.12426806200928e-16,-4.19839973789367e-16,9.48151759652546e-06,-3.28139146693369e-06,-1.7240560035647e-06,-4.11350364289422e-17,2.63283880868953e-16,-6.4021508567858e-16,4.27182254255365e-16,-3.1000468359589e-16,4.70271630525295e-16,-2.44343623822668e-16,2.21664644622222e-16,-1.54304609134014e-16,1.78108168119312e-16,-6.5719531903884e-16,8.13101344211701e-17,-3.58000203777734e-16,-2.84830052610061e-16,9.18131893073798e-09,1.12888029184287e-16,-7.24196494224794e-18,2.6040778023456e-16,1.29926010587686e-07,-5.54575550360067e-06,-4.20372702871127e-17,-3.35277669399406e-09,1.18679156289138e-07,1.06924497476368e-16,2.43963465714313e-15,-2.28737756650101e-07,9.09733574809903e-16,2.91899770681959e-09,-2.5630228756879e-16,1.72911033437834e-16,3.66696020433186e-16,3.71204453172612e-16,1.00836546410348e-05,-3.91822023581448e-07,-1.17559644085722e-16,-4.188404406986e-16,-6.68476727429802e-18,-9.89551158299484e-17,1.7499023063916e-16,-4.16726421222968e-17,1.67965277637887e-17,3.41313227174411e-16,4.69888865546526e-09,-1.75853482414119e-17,8.66976151951425e-17,-5.34469316058109e-16,-5.98710322655954e-16,4.01732163103108e-16,2.85732721611095e-17,-1.02081796369071e-06,1.43120995960014e-16,1.77882342596769e-16,6.9046087883377e-08,2.87457570012664e-17,-1.60612730021254e-15,7.49475698860361e-17,-1.63452233882893e-15,5.74918279922265e-08,2.9134860795377e-16,-3.9477972185074e-05,-4.76308370768502e-16,5.44786739827711e-17,3.62447142625733e-16,2.425939630386e-15,-5.53817355615757e-16,1.7293723300415e-15,6.86483883801906e-08,1.66374548500047e-16,-7.41920246388061e-16,8.66417762210948e-09,-8.56419730437766e-06,5.60260626761718e-16,1.47336453741973e-06,2.00233203531451e-06,-2.21054846942736e-16,-1.33655294238307e-15,3.09964058686366e-16,4.63588339979354e-16,5.80267596785693e-17,-3.35339708521226e-06,3.64414401838398e-16,-8.39410516491299e-16,7.13163380202776e-16,1.34155918141976e-06,-1.94749095025578e-15,6.36776314120425e-17,9.7999955627946e-16,1.03347449779108e-17,-6.10639710563726e-07,3.57832577365922e-16,1.79987719184453e-09,-3.53000525175077e-16,-3.85872802764323e-16,1.48610568679671e-15,-5.30799203976741e-16,6.96038771414766e-16,1.24093445758942e-15,3.59402620175616e-16,-3.11915609368521e-08,1.88653646081211e-15,-4.94432152407511e-16,1.31094715772719e-08,-1.42307142791497e-15,-1.28415481469821e-16,-5.6744024265929e-16,-1.38321597524482e-16,1.41833620742925e-15,-1.8352835279305e-16,-9.49493742516645e-08,-3.8027763689509e-16,-3.97286291856699e-16,2.82618182678521e-08,-2.04233214838568e-15,-1.4420514498197e-15,8.26983265851544e-16,-7.66785640539767e-16,-8.29631880736258e-16,2.12916158843056e-18,3.83175247688222e-16,-1.20080053703749e-15,-1.99424279940197e-16,-7.73409300664387e-16,1.36862540651072e-15,-1.48055288110203e-08,4.90873815424165e-08,2.92799193118962e-15,-9.79423832643746e-16,-1.27933287281424e-15,3.80929467042084e-15,3.78977448381446e-15,1.58678164584009e-15,5.39516439673072e-16,6.207762495017e-15,-4.6746494820087e-08,4.24804464668331e-15,1.35886797519509e-15,2.25834406688267e-15,1.51980375849555e-15,5.43802913752955e-09,-3.42361002472888e-15,-8.61648151757175e-10,1.72723466958947e-15,3.3145581129241e-15,-1.82184676514929e-14,2.60267470026918e-14,2.69995987828513e-12,0.707106781186548,3.71649775676786e-14,8.21390076539045e-16,5.69090531082905e-15,8.39772739636062e-15,7.53343502931109e-15,-1.44347304053595e-15,-7.05800385207921e-15,-2.11128412093784e-15,7.88327299182293e-16,-6.28837991582373e-15,1.5617125633888e-15,-3.94658917867822e-15,-3.86459266346043e-15,4.12542877010089e-15,-1.72851641853933e-14,1.86695382299816e-15,-8.3352154979552e-16,-1.46301713893108e-15,-8.26737976665585e-16,4.15538216215234e-08,-2.13359914905701e-15,1.21955640789062e-15,-2.18225500734025e-15,2.63771385644969e-15,3.25903203972127e-16,-7.59227823182563e-16,1.37246105222301e-15,2.99530416546436e-15,-3.1367763757166e-16,2.35509966842717e-16,-3.60789956938001e-15,-1.00322435539472e-15,1.97448397966465e-16,5.84713263618461e-16,5.75500983031728e-16,-1.92460614049693e-15,-3.25474167846169e-16,-4.83520494605454e-06,-1.62566259390004e-16,-2.04950215051867e-16,-2.5720257326853e-16,2.56429274281645e-16,6.24441851834337e-17,3.71804955877875e-16,8.16099196709123e-16,-3.65906859748511e-16,-5.78096193128335e-16,1.22092871782844e-08,1.08729166745955e-15,-4.776711191819e-16,-5.57985270513506e-16,7.79230586464222e-17,-3.23108963145882e-16,4.10490144124837e-16,-3.22300080135433e-16,5.78094643834515e-16,-3.90887762437991e-16,-8.7979060073078e-16,5.65522219356534e-17,9.62996767666755e-17,-2.45331453465935e-16,5.67479644348701e-07,4.37780903754551e-16,-1.18576541867384e-16,5.38780154624709e-17,2.74628410290578e-16,-1.6843453001425e-08,-5.25608414825855e-16,4.45975546206198e-16,-8.56484535738559e-17,-7.73179285320512e-16,3.35786202939948e-16,4.52311678625383e-17,1.38181029933254e-16,-9.89528419105661e-18,7.48152993925846e-17,7.10713013702699e-17,-2.74940809919664e-16,-1.21621642133668e-16,-7.9477782394807e-18,1.09678666998568e-16,1.20268539657117e-16,4.96707661870939e-16,-2.11956667518949e-16
"t363",0.0374676597898205,-0.012139238550302,-0.0133836525144297,0.000885440324204083,0.00982893346040523,-0.0386501993239318,-0.00592041962613705,-2.26037386145121e-05,0.0655136310218765,-0.00366845381427417,-0.00621845131331217,0.000353431030960409,-0.000722170930731826,-0.000154690660361476,-0.00428553589726212,9.83808911006312e-05,6.23359586317896e-05,-7.25455063429347e-06,-0.00311853798102656,0.000896798359267993,-3.58703212934449e-06,1.88207137692821e-06,-0.000107222115452295,-1.34850366318795e-06,1.94129941578078e-08,-3.77251523528937e-05,0.000491393402268551,2.91443233357638e-06,3.10729565340228e-05,-0.00133734943400486,-0.000391855749762631,0.0126087292993356,1.13718137934455e-05,-0.0197915193849387,0.195064847891822,-0.00215424445312129,-6.6249561280169e-05,0.000116534456265841,0.0132730720544271,0.00295064236797993,0.000437674850471147,-0.0116453825761515,3.8413589324552e-05,-0.00257449035893004,0.000102567251642924,-3.3884786617197e-05,7.9941717187513e-06,-0.000140284018807034,0.0442521203482443,-0.0608859490759733,-0.00014608371976199,8.45902617228043e-05,-3.79789475570462e-05,2.07774841644028e-05,-0.0768156528068453,-0.0008976815811804,-0.00197937571635809,1.95891343081652e-05,-0.000157682411546095,-9.51079750564962e-08,-2.48236870124891e-07,1.59129717802519e-05,-1.05589766635751e-05,8.07191687284652e-06,-9.32031633192738e-05,2.03045266968419e-06,-0.00894668289216471,3.76596154872743e-05,-9.48008279770032e-06,4.40580513510022e-05,-3.57528081800537e-07,7.78413641004802e-07,-2.54119702903627e-06,-1.42280521065723e-06,5.84943734887721e-07,5.43017184629923e-06,-4.49003909811956e-06,5.26276534812052e-07,-3.32667294769762e-05,3.67674663146167e-06,-1.35949464419303e-06,-0.000130132548392301,0.000620684697393174,2.63051625661388e-05,-0.219238145542115,0.000474369419428366,-9.42322358609332e-05,-0.0547752766946115,6.99558408560002e-06,-4.70310745487051e-05,-0.000115283562097422,9.90120929932059e-08,6.74849605105334e-05,-5.69788967706029e-05,-1.36051212453805e-05,-1.69943075208289e-05,-2.00409488492197e-06,1.38855188916002e-05,-0.000181885198283092,-0.0273093188055528,8.75358550400525e-05,-5.17318543207654e-07,9.64472927406405e-05,-5.15817017001879e-06,4.53992785984812e-06,-1.04468704101119e-07,1.80988142010544e-05,-2.00375036389133e-08,1.66584844361361e-05,-2.33191960240329e-09,-5.30418448155828e-08,1.55553108064886e-07,-5.65898532500336e-08,1.95797840294526e-07,-2.23249322919715e-07,2.9073796285764e-07,-3.33588620231827e-05,3.74833978113547e-05,-5.76771800792364e-06,2.063552999242e-06,-1.1776426082577e-06,2.39615341625349e-06,-0.00025111119639845,1.96825818898839e-05,1.10658660787553e-07,-3.03976728780952e-06,3.15581550586414e-07,-7.42310248297553e-06,6.23777725899744e-06,0.000216735298436478,1.58506905073795e-06,-5.37172827096668e-06,4.21100665222065e-07,2.71990342710659e-05,-1.04392335496995e-08,6.84803743886938e-06,-0.000191509969760375,-5.8404476767586e-07,0.000870687888388447,0.000210405244456847,3.19101164884871e-05,4.43514729295086e-07,-9.84670178893358e-07,-1.96827334599688e-08,-1.10699568504122e-10,-4.47723229083407e-07,-5.30867598615984e-08,1.44791825599726e-06,6.91056337577119e-08,-8.08541839358318e-10,6.38615248654611e-10,6.58594737815819e-05,-3.39227982986749e-09,-3.8182367808949e-07,1.74440878566458e-08,4.14493224516115e-06,-2.50595871123753e-06,7.58553192695836e-07,5.4108128798738e-05,7.1533340995665e-07,7.90036911280078e-07,-1.17732913122233e-07,1.03841741951385e-05,1.35130549142141e-06,-9.98294300694518e-07,7.44553263370338e-07,-0.000154107122008273,-0.000231813962074685,-0.000127844296262715,-1.04205338711286e-06,2.05515566042778e-06,3.65934508612601e-07,-4.81266803588219e-08,-1.77148079710145e-05,-3.3203262766347e-07,-6.85152674321136e-07,-3.02189535702136e-08,1.28943146515783e-06,5.98826537267251e-05,6.79438076084235e-06,-2.79550687495173e-05,-8.03715278959123e-06,1.72632862958922e-06,7.09276357489476e-09,2.22845381513846e-07,1.04519128660031e-07,0.000893640811640679,-0.00607034011703323,2.98505980354525e-05,4.1182151592574e-06,4.5353350346992e-05,-0.0600752265127869,1.1901313923173e-05,-1.41636037121413e-09,-2.183135128867e-07,0.00073157408556181,4.61510566630479e-05,8.69288556836698e-07,-0.0010364154762854,-3.03887433439914e-05,-7.32862549878537e-05,-0.000141320373023371,4.09334882382888e-06,0.00158325596018963,0.616223515026945,-0.000620315375347953,0.0647386995384633,6.00321365563482e-05,-0.00196061872709323,-2.88436088915492e-07,-0.00477317948868541,-2.93022191938689e-05,-7.77441955519002e-05,-0.0315568855877381,1.77008985983993e-05,1.57979668267568e-06,2.57006742815193e-07,1.77692278635055e-07,-5.45723672844286e-05,-2.27352883851735e-05,-1.02953866506526e-05,1.1547548830823e-05,2.50397182638507e-06,1.0444736961747e-05,-2.95257790121215e-05,-1.66772934599192e-06,-0.000157578846199317,-8.37834794545432e-07,-0.000175614612895394,-5.51632246077827e-05,2.93270843663636e-06,5.96868767243e-07,1.78912298718109e-05,6.57080923645458e-06,-3.62355373997733e-06,-6.36661217295569e-08,-2.73675126627622e-05,-2.57621579085125e-16,-2.49631850524295e-07,3.54282400897156e-06,-6.9074737880898e-07,-1.72076778534409e-06,-2.25817239859898e-05,3.11815455024853e-07,-4.214890929213e-06,1.86041278560214e-06,-3.55864931333773e-06,3.26862552534616e-05,-4.52249619638444e-07,0.000179105920128936,-1.15840128076232e-07,1.27012071318406e-05,-0.000106155050824085,4.18597879782832e-08,-2.68424076112813e-09,1.25636015247618e-07,-1.14034187447426e-07,1.79022445203941e-06,4.43665952888186e-05,-8.28920584269657e-06,1.58839195354283e-06,-2.86801341258469e-05,3.32872629327168e-05,-1.99544234841218e-06,2.00367104279073e-05,-6.76745751252775e-06,2.57281172952673e-08,0.000223921390206917,1.08803946564384e-06,0.00123481118671103,2.18741503677782e-08,-6.85418590259929e-06,6.21520378638436e-07,-7.35846102518342e-07,1.15770026084127e-06,-2.22844364525897e-06,1.71530184797489e-06,-1.2447292082971e-07,2.34605574553594e-05,-1.01432847589825e-07,1.6601258004297e-05,6.23521626098928e-17,-4.02230147211685e-05,-3.9940469310945e-06,-4.24418562483987e-11,-3.670571990909e-07,5.34942320158642e-07,-3.30166526127845e-07,-9.35563907377453e-08,1.06691262552609e-08,-4.76244866212055e-07,1.80057926161917e-05,0.000789310214678684,-5.43995751411476e-08,3.32331563857545e-05,-0.000841995093722437,2.10763068180754e-06,-3.95889101043579e-05,5.58423554563415e-07,9.74525935222706e-07,1.50350782917778e-08,3.93614557812976e-05,-4.95132108388354e-06,2.18245219941289e-08,-6.80446054036679e-06,7.94023688585424e-07,-2.88242062305393e-06,2.73111481075725e-06,0.00215659848237404,7.18579345478112e-07,-2.50703521770661e-07,-1.7447347883892e-06,1.78947567107679e-07,-8.29018450834088e-07,0.000281882820032707,9.17337997372009e-06,-4.11708508851491e-05,1.89919078216444e-16,1.38978366328487e-05,6.49099430916755e-07,-9.6995525087002e-08,0.000312751773433369,1.34636239064169e-08,8.14488788016657e-05,1.92468836592323e-05,-2.56889495037814e-06,1.09331161168811e-05,-1.33248410862747e-16,-8.09237568046896e-05,-6.40223984563957e-09,-0.000327753950444713,1.12997883747882e-07,2.11368203057651e-06,-0.00522836992670822,-2.20813346814535e-05,5.89364285559484e-06,-5.84310270057544e-07,3.66175085172043e-05,-1.170744760704e-07,-1.1169693282109e-05,-1.48991282533692e-08,-2.3196833834479e-09,-0.000115593797523884,1.64178420627401e-07,-3.27880853786307e-05,4.25049703563019e-16,-8.70853529726135e-07,6.84471317267314e-08,1.97263983808559e-09,1.76242495084955e-08,-2.6838277214198e-05,-0.000129304199243673,5.85111003859331e-07,-2.16272893690091e-06,-1.32006118698455e-06,-5.72772006406497e-17,-0.00233182157220131,-3.61403809132259e-08,-2.25518831994733e-05,8.66668252579877e-16,4.57811449059696e-06,5.88890416412127e-07,-9.06514633877792e-08,-3.70320657933001e-05,-0.000117989258427149,-6.46145047620908e-06,-2.11100454976298e-06,6.55693474268427e-06,4.75785729673647e-07,2.64447249473415e-08,6.16497881116473e-06,1.86900910854297e-07,-2.2024192860868e-16,-7.50756091687466e-08,2.78396295634791e-06,1.20677686938043e-06,-7.65615151192006e-06,-2.85579041455081e-16,-1.61406266932369e-07,3.29878570102523e-08,-4.45334856345573e-06,-8.08640316623299e-08,-0.0100741151130045,7.82451494176861e-08,-1.62486201136785e-06,9.83903198068459e-06,6.16279763631346e-16,3.62759471949034e-05,-1.72141870338195e-07,5.00741971433883e-07,5.39259031223896e-05,-7.08933592926064e-08,-8.96243392178087e-08,2.83714024496007e-15,-2.1035226593216e-16,-8.27711150787105e-08,-9.57437318914752e-08,1.26385457240715e-08,-0.000130723388446003,3.19968336706031e-15,-6.54843264363646e-06,-7.72941704083188e-08,6.74249534112695e-15,3.84761930170034e-16,5.35753765320711e-15,0.00015253444151864,4.3222772690147e-07,-4.81106797407225e-07,1.46190141920109e-05,2.07557060361316e-06,3.83947701790564e-07,-1.66569553556532e-07,-2.27020867515121e-15,-3.63881485023831e-08,1.02098233845227e-07,1.88166321805065e-14,0.707106781186545,-6.38396685143595e-08,-4.04087624752063e-07,-3.76940544191772e-08,9.5101700491713e-06,3.71545853983573e-08,-0.000161677493873885,-6.07599919956577e-15,-5.19209805147875e-07,2.9813910267854e-15,-1.6905038477617e-05,2.76326541943234e-15,-4.11287989985899e-08,-5.6190122023904e-15,1.68892401046584e-07,4.44681388423734e-08,1.97139309893822e-06,2.71451773520876e-06,1.19893017792354e-07,-1.37801665190681e-08,8.7494700575146e-08,5.35284811608614e-08,0.0001451682619037,5.09722144504858e-07,3.0141222712534e-08,-8.55778689925949e-08,-0.000144394905160983,-1.23856007004165e-06,-4.01215401169647e-08,7.48298118764682e-16,3.77744029100459e-07,-6.53173522871911e-08,3.42904462716096e-08,-3.21646569489233e-16,6.89596275742209e-05,1.89609252853151e-06,6.26887428268109e-07,-2.03165591486557e-16,-1.56250626579463e-07,-0.00449690975849743,1.94297117895108e-16,-6.34050641793556e-08,2.01818792027107e-07,-2.51523805696667e-15,4.48264943078087e-16,-8.20710136571645e-09,-0.00044448164272229,-2.49363372304472e-06,-0.000123531338236881,9.13805063020546e-07,2.41291071170582e-08,2.47246296532207e-06,2.17864178919377e-07,-5.47037510753823e-06,1.948585065005e-14,1.0108361613388e-09,6.87981058247907e-07,2.19424533189273e-05,1.90303153763628e-05,-2.41433615410662e-14,9.20317180205952e-16,2.71653062974472e-06,3.30836421566567e-16,-1.16592580042006e-15,2.79984986796955e-07,-4.1183054483717e-07,-7.71030761018149e-08,-4.32001303406971e-07,1.97267766153861e-06,5.15306122035471e-07,6.58498149810902e-07,-1.00567285792251e-16,3.47083819716313e-06,1.73302651697436e-05,7.42974866051932e-07,-7.08131628146545e-08,2.79264343496358e-07,-4.98924689152913e-17,-1.62465442655003e-17,1.53244274896273e-15,-7.25409666712848e-05,-1.16740120031387e-08,-7.56785638732027e-07,2.91540219061251e-16,-8.94512294260954e-09,-1.20800807299886e-15,-6.78440144963547e-16,1.45931451259038e-06,-3.65365395304319e-07,1.22650370762423e-15,-3.01249536347872e-06,-4.0603392946434e-08,1.3431694271863e-15,9.17208614973433e-08,2.18482378193721e-16,3.39698570263441e-06,2.95114377281299e-16,3.38765626532523e-06,2.79399728463533e-07,1.01190207911923e-08,9.99080786113515e-07,6.85553096545134e-06,-3.26014674119772e-08,9.99381170681151e-07,-4.61246517249538e-17,5.89736389944103e-07,-3.32800738224672e-08,-1.91636131236283e-16,-4.38334603090879e-09,-8.92855507714364e-08,2.07358071393144e-08,6.81346533658068e-16,6.64134596100421e-08,8.78134330688355e-08,3.43930504159754e-17,-2.43559292782928e-06,-1.84832419847377e-06,-2.52142356291899e-09,-9.30201913768224e-17,2.50447555562243e-17,4.50077429335542e-08,1.43865506947738e-06,1.16371095607296e-07,-1.78710130977947e-08,8.48541486127952e-07,1.18058436565486e-16,4.90528554886519e-16,3.09672527685314e-06,9.31633765660599e-09,-3.22595953009386e-16,7.4798940632774e-06,-1.94939001892079e-17,3.71048760576735e-08,-6.30394371955767e-07,-8.64307277736491e-05,-5.08473267734648e-05,-5.9676227486466e-17,1.6358554294016e-17,6.98272618557296e-16,3.96765328577196e-17,-4.25052553805547e-09,-1.47426485099893e-08,-3.01132514155335e-16,1.78136352412861e-16,-4.384688028095e-16,2.07440873362948e-08,1.86388652593455e-10,-1.02579624761697e-08,-7.98229352270943e-17,3.73055332827422e-15,-7.15654749003369e-16,-4.39278939112506e-07,1.34411979525912e-08,3.98945578975631e-16,2.35669653016496e-09,-6.16343814265808e-08,1.17657761793536e-16,-3.00024400212871e-17,-4.42187081983778e-06,-4.3539316971169e-10,-2.18909797419709e-06,-1.08561949227791e-16,2.36939548162372e-08,3.82234065808788e-07,4.09901117489244e-07,-1.52859131614005e-06,-9.06923849427939e-08,1.47590581410288e-09,3.30486066538107e-17,-2.89980694084615e-16,2.99302356333039e-16,2.80432472847883e-08,-2.53944242331513e-08,-0.00010204566499793,-7.50711118404522e-09,1.47090905008618e-15,-2.48540096761593e-16,1.72074865827964e-16,-1.82292571015844e-17,-2.23023324711529e-16,3.5815365137762e-08,9.54621566867882e-18,-1.55534435476155e-16,-6.01312966305841e-07,1.49978194246992e-16,-5.39031967813044e-07,5.47172734106582e-17,-6.83977294803332e-05,4.87381129616124e-16,-0.000439590166148447,-9.99469284671744e-08,-8.84795795559378e-08,4.27739883084281e-17,3.22167490565588e-06,-6.36415064274843e-17,4.89077029419038e-07,-7.7729483519164e-08,4.30145732218742e-10,7.18648807309001e-16,2.36781144095238e-06,-3.79793326850739e-16,-1.70338431076473e-07,-8.6951769286839e-08,7.69269401639245e-17,2.56028658850406e-16,5.34641352831966e-17,-1.42492805006675e-16,-1.31811334887633e-08,-3.92163622947238e-07,-8.75498808937823e-08,1.13874621772095e-16,-2.9667249905668e-17,-8.96321416101125e-09,7.31131298335286e-08,1.07774783028789e-15,7.25237239778418e-17,-1.45728360016595e-07,-3.10171774511416e-16,-2.58021909846634e-05,4.12730275675017e-16,2.5802732985158e-07,-2.93226523383547e-16,-3.24194750373322e-15,-2.85926378507743e-17,2.50292718606462e-16,1.63054163064522e-16,-9.96163652824628e-17,4.95397057864847e-09,-3.46457026090469e-08,4.06243707432043e-17,-2.29927401552931e-08,9.65858008438451e-07,-9.63772852043305e-17,1.03567543829848e-16,2.37114841648832e-16,-1.89572670247176e-16,8.10607615189681e-06,1.41764434916297e-07,-2.83127379854415e-17,2.14691666275704e-16,-1.72725390697265e-07,-5.5790426179176e-08,-8.44589264923575e-10,-2.04175478332771e-17,2.56009877872851e-16,4.39493499101098e-17,-1.89317011103189e-16,-4.09975073659773e-16,-1.95844337716059e-16,3.38529264814942e-06,-1.17157042062198e-06,-6.15536437278507e-07,2.97605033697602e-17,1.65277479176723e-16,3.0154504127818e-16,2.83076576124115e-17,1.78543810403778e-16,2.01798556480747e-16,2.03485497110302e-16,-2.05469169580676e-17,7.27983660443606e-18,1.54611965191537e-16,-8.72969952218077e-17,-1.80941725523638e-16,-2.79881119599763e-16,2.83297586283588e-16,3.27698099847099e-09,7.24676816181189e-17,-4.95217423820592e-17,-9.46005926827048e-17,4.63714844506288e-08,-5.7966947320036e-06,-2.74367189227068e-16,-1.19657751466871e-09,4.23540986759124e-08,-1.25361481856182e-16,1.62485770490216e-15,-8.16266995053479e-08,-1.61260085079971e-16,1.04158692792485e-09,1.18844464204252e-16,2.58176019150931e-17,1.59087869600852e-16,-2.70863643118245e-16,1.05280916666898e-05,-1.39789935751048e-07,-5.45867670288855e-16,-1.41888879116934e-16,6.85422458399115e-17,2.57805697783494e-16,2.435253604674e-16,9.02774422928186e-17,-2.78799693570954e-16,-1.32801039159419e-16,1.67578818402367e-09,-1.30078921672222e-16,1.0384216892413e-16,4.39516225253238e-17,-5.83083736324765e-17,-4.12225365448948e-17,4.39095726716596e-16,-3.64027336786597e-07,-3.64343865268478e-17,-1.9264731689186e-16,2.46216825197742e-08,1.53116375911992e-16,1.79266221208569e-16,-2.05770942349333e-16,1.18365730420899e-17,2.04975840929627e-08,5.38894410986789e-17,-1.40746224050153e-05,2.56522412096666e-16,2.44095720675478e-16,2.04053525816487e-16,6.52606010393173e-16,-5.54982504906254e-17,5.28009272532812e-17,2.44727373592982e-08,-2.35390859292336e-17,3.41907484609889e-16,3.08856525351852e-09,-3.05291721933598e-06,1.03266382534734e-16,5.25193201486492e-07,7.13738100824644e-07,1.20601922102779e-17,-1.71538202448243e-16,1.70184953417468e-16,2.25801661418503e-18,-4.29945806788273e-17,-1.19508370486656e-06,-2.02744222912583e-16,3.89942377667262e-16,-3.34509365111408e-17,4.78079787003781e-07,-2.6472076640829e-16,-8.0498331173187e-17,-4.56716308754865e-17,-9.16309476804086e-17,-2.1759333916722e-07,-3.391332495702e-17,6.41348551781125e-10,1.30353483280267e-16,-1.41838073666494e-16,-6.81335937001926e-17,-7.28880904992888e-17,4.95436349102304e-17,-6.64364189406273e-17,-1.96806868004004e-16,-1.11132207701392e-08,1.51169158866332e-16,-1.10802863730671e-16,4.67063621576357e-09,1.25346099429629e-16,-1.30265814237617e-16,-3.38760126652634e-16,-1.69681820730724e-16,-1.29715795966662e-17,-8.57732193663839e-17,-3.38256033184534e-08,-3.38402359122526e-16,-2.46951032274127e-16,1.00678543741726e-08,-1.53957293420124e-16,-1.28335107924401e-16,2.17046022303941e-16,5.02453911616116e-17,1.71140318519325e-16,-1.58948367638726e-16,-1.09749860532467e-16,2.26854316460117e-16,-5.58806224478585e-17,7.09069739755554e-17,-1.26878649896111e-16,-5.27351113865175e-09,1.74839100405122e-08,1.74223616638111e-16,-1.064124241607e-16,2.30071084982617e-17,1.4805548592083e-16,1.54647887377901e-16,-1.76226816141787e-16,9.82492176988862e-17,-1.35816163816509e-16,-1.66486909629254e-08,-2.64594063299955e-16,-7.96663741607001e-17,-8.04301511034668e-17,1.18148373256381e-16,1.93660519257093e-09,1.63518896998688e-16,-3.06825467545189e-10,-3.3438739711345e-17,1.03687543817383e-16,-6.66923315695809e-17,-5.83137889908524e-17,2.74820201583052e-17,4.16264196180667e-16,-8.48573777902974e-17,-6.46810343043136e-18,1.48542942537209e-16,-9.46032528950949e-18,-2.17473998827708e-16,-2.58675149964901e-17,1.08828025668887e-16,1.38615786207832e-17,1.74970553050399e-16,1.12359874402691e-16,2.10600701672648e-17,-1.72803287101861e-16,-2.28098997105721e-16,-1.34922341863414e-16,-9.82937689575358e-16,4.98757319444479e-17,-1.59289476542179e-16,-5.10003687286129e-17,1.01169140106091e-16,1.47927076211097e-08,-1.21724251568689e-16,6.79752700550607e-17,1.57739445586582e-16,1.69086598103651e-16,3.02859947824022e-16,-5.09774546876281e-18,2.47017073904357e-16,1.47620960408807e-16,-1.46374720554508e-17,3.81284307857094e-17,-1.34102256209301e-16,2.48185204487704e-16,-2.07641797797162e-16,-4.96401489389434e-17,7.19976623916144e-17,-3.83099873089746e-17,-1.13933769509312e-16,-1.72095113670111e-06,5.3700924568033e-18,-1.97167323172671e-17,-4.69858606272678e-17,1.33696282615755e-16,-1.45035093975419e-16,-4.12106764580432e-17,1.34747286445954e-17,-4.68567914654374e-17,-2.19425690127059e-16,4.34471231934041e-09,2.49087735667115e-16,-9.00568837157351e-17,-1.4565476013356e-16,4.85682776653435e-17,8.49109021690667e-17,1.30564217251351e-16,8.92220912641179e-17,4.61230932134811e-18,1.03456668607786e-17,-1.62085403781014e-16,3.1878449710853e-17,2.12692720491337e-16,-7.43591919752207e-17,2.0190195100769e-07,7.84310293561814e-17,-5.21633247028766e-17,1.91032013201042e-17,-5.39878471789157e-16,-5.99218042928136e-09,1.4909103109708e-16,9.81469971295161e-17,-1.78068260920122e-16,-1.28543844039305e-16,1.53619619906597e-16,-4.56797953425341e-17,3.27287394191093e-17,-1.05755289074302e-16,9.87892681694364e-17,8.01877897055471e-18,2.87670247626743e-17,1.45171830326215e-16,-9.03662742068385e-17,-5.06306873904934e-17,1.33385692120523e-16,-1.40029242062663e-16,-1.93861438421125e-16
"t384",0.0374676597898205,-0.012139238550302,-0.0133836525144297,0.000885440324204081,0.00982893346040523,-0.0386501993239318,-0.00592041962613705,-2.26037386145103e-05,0.0655136310218766,-0.00366845381427418,-0.00621845131331218,0.000353431030960446,-0.000722170930731823,-0.00015469066036148,-0.00428553589726212,9.83808911006442e-05,6.23359586317987e-05,-7.25455063430914e-06,-0.00311853798102656,0.000896798359267984,-3.58703212933498e-06,1.88207137693665e-06,-0.000107222115452314,-1.34850366320649e-06,1.94129941391867e-08,-3.77251523529021e-05,0.00049139340226858,2.91443233362962e-06,3.10729565340421e-05,-0.00133734943400487,-0.000391855749762599,0.0126087292993356,1.1371813793463e-05,-0.0197915193849386,0.195064847891823,-0.00215424445312129,-6.62495612801728e-05,0.00011653445626586,0.0132730720544271,0.00295064236797995,0.000437674850471096,-0.0116453825761516,3.84135893245862e-05,-0.00257449035893003,0.000102567251642939,-3.38847866171687e-05,7.99417171868785e-06,-0.000140284018807036,0.0442521203482443,-0.0608859490759732,-0.000146083719762017,8.45902617227959e-05,-3.79789475570464e-05,2.07774841643874e-05,-0.0768156528068453,-0.000897681581180432,-0.00197937571635818,1.95891343081042e-05,-0.000157682411546113,-9.51079750372686e-08,-2.48236870115435e-07,1.5912971780257e-05,-1.05589766635968e-05,8.0719168728151e-06,-9.32031633192577e-05,2.03045266962762e-06,-0.0089466828921648,3.76596154872699e-05,-9.48008279786675e-06,4.40580513509976e-05,-3.57528081804044e-07,7.78413641182015e-07,-2.54119702906942e-06,-1.42280521064017e-06,5.84943734910257e-07,5.43017184626363e-06,-4.49003909808992e-06,5.26276534740492e-07,-3.32667294769747e-05,3.67674663146924e-06,-1.35949464424631e-06,-0.000130132548392288,0.00062068469739315,2.63051625660626e-05,-0.219238145542115,0.000474369419428463,-9.42322358609489e-05,-0.0547752766946117,6.99558408562594e-06,-4.70310745487128e-05,-0.000115283562097467,9.90120930031806e-08,6.7484960510526e-05,-5.6978896770522e-05,-1.36051212453838e-05,-1.69943075208081e-05,-2.00409488488008e-06,1.38855188915284e-05,-0.000181885198283133,-0.0273093188055528,8.75358550400521e-05,-5.1731854321763e-07,9.64472927406886e-05,-5.15817017004132e-06,4.5399278592094e-06,-1.04468704300765e-07,1.80988142009641e-05,-2.00375041324125e-08,1.66584844360407e-05,-2.33191962991492e-09,-5.30418443885871e-08,1.55553108027289e-07,-5.65898534349603e-08,1.95797840312272e-07,-2.23249322952221e-07,2.90737962987311e-07,-3.33588620228913e-05,3.74833978114455e-05,-5.76771800801328e-06,2.0635529993669e-06,-1.17764260832557e-06,2.39615341614665e-06,-0.000251111196398439,1.96825818899438e-05,1.10658660551529e-07,-3.03976728780994e-06,3.15581550688004e-07,-7.42310248303995e-06,6.23777725900474e-06,0.000216735298436523,1.58506905078863e-06,-5.37172827086148e-06,4.21100665007937e-07,2.71990342709623e-05,-1.04392335194159e-08,6.84803743902901e-06,-0.000191509969760146,-5.84044767755647e-07,0.000870687888388697,0.000210405244457016,3.19101164885069e-05,4.43514729190608e-07,-9.84670178867212e-07,-1.96827334447302e-08,-1.10699459162757e-10,-4.47723229183346e-07,-5.30867600799713e-08,1.44791825604408e-06,6.91056338492548e-08,-8.08541777742597e-10,6.38615263413313e-10,6.58594737817397e-05,-3.39227989380853e-09,-3.81823677872743e-07,1.74440875150659e-08,4.14493224523135e-06,-2.50595871153737e-06,7.58553192683363e-07,5.41081287986573e-05,7.15333409983963e-07,7.90036911556017e-07,-1.1773291333134e-07,1.0384174195604e-05,1.35130549152384e-06,-9.98294300942587e-07,7.4455326312247e-07,-0.000154107122007891,-0.000231813962075215,-0.000127844296262527,-1.0420533867807e-06,2.05515566048287e-06,3.65934508732427e-07,-4.81266801682931e-08,-1.77148079711234e-05,-3.32032627553538e-07,-6.85152674203281e-07,-3.02189534154413e-08,1.28943146531697e-06,5.98826537268811e-05,6.7943807609468e-06,-2.79550687495673e-05,-8.03715278923547e-06,1.72632862951024e-06,7.09276352470694e-09,2.22845381767265e-07,1.04519128378742e-07,0.000893640811640552,-0.00607034011703307,2.98505980348362e-05,4.11821515945015e-06,4.53533503470369e-05,-0.0600752265127875,1.19013139231089e-05,-1.41636042824912e-09,-2.1831351279971e-07,0.000731574085561533,4.6151056663592e-05,8.69288556475975e-07,-0.00103641547628564,-3.0388743343915e-05,-7.32862549877796e-05,-0.000141320373023581,4.09334882394808e-06,0.0015832559601901,0.616223515026941,-0.000620315375347895,0.0647386995384631,6.00321365567877e-05,-0.00196061872709288,-2.88436089344572e-07,-0.00477317948868509,-2.93022191932885e-05,-7.77441955514601e-05,-0.0315568855877381,1.77008985988117e-05,1.57979668293777e-06,2.57006743217606e-07,1.7769227862088e-07,-5.45723672844483e-05,-2.27352883853469e-05,-1.02953866511731e-05,1.15475488307439e-05,2.50397182666111e-06,1.04447369617217e-05,-2.95257790120685e-05,-1.66772934581088e-06,-0.000157578846199765,-8.37834794447496e-07,-0.000175614612895146,-5.51632246078525e-05,2.93270843621629e-06,5.96868766919403e-07,1.78912298717348e-05,6.57080923649306e-06,-3.62355374027996e-06,-6.36661213936355e-08,-2.73675126623878e-05,-2.40090228035012e-16,-2.49631850856547e-07,3.54282400864933e-06,-6.90747378818873e-07,-1.72076778535552e-06,-2.25817239859628e-05,3.11815455400056e-07,-4.21489092935361e-06,1.86041278595401e-06,-3.55864931284933e-06,3.26862552542707e-05,-4.52249618897903e-07,0.000179105920128595,-1.15840127855112e-07,1.27012071320371e-05,-0.000106155050823607,4.1859787835973e-08,-2.68424054440967e-09,1.25636014816554e-07,-1.14034186479879e-07,1.79022445170446e-06,4.43665952888703e-05,-8.28920584354837e-06,1.58839195346972e-06,-2.86801341259395e-05,3.32872629323744e-05,-1.99544234769373e-06,2.00367104277577e-05,-6.76745751208137e-06,2.57281172569236e-08,0.000223921390206454,1.08803946565988e-06,0.00123481118671071,2.18741504242511e-08,-6.85418590171953e-06,6.21520378582466e-07,-7.35846102494571e-07,1.1577002607722e-06,-2.22844364496338e-06,1.71530184770733e-06,-1.24472920237913e-07,2.34605574552718e-05,-1.01432847777235e-07,1.66012580038692e-05,2.43501767994936e-16,-4.02230147211466e-05,-3.99404693084833e-06,-4.24421229813424e-11,-3.67057199264716e-07,5.34942320091671e-07,-3.30166525692911e-07,-9.35563905578639e-08,1.06691261532317e-08,-4.76244866181301e-07,1.80057926163617e-05,0.000789310214678583,-5.4399575382761e-08,3.32331563858858e-05,-0.00084199509372339,2.10763068182676e-06,-3.95889101051467e-05,5.58423554480907e-07,9.74525935236912e-07,1.50350789333122e-08,3.93614557812043e-05,-4.95132108420041e-06,2.1824520190425e-08,-6.80446054008657e-06,7.94023688679493e-07,-2.88242062350837e-06,2.73111481136569e-06,0.00215659848237488,7.18579344392915e-07,-2.50703521131895e-07,-1.74473478850193e-06,1.78947567420189e-07,-8.29018451117929e-07,0.000281882820031908,9.1733799736728e-06,-4.11708508851266e-05,-1.2525815663989e-16,1.38978366340399e-05,6.4909943078306e-07,-9.69955263084642e-08,0.000312751773434417,1.34636235567236e-08,8.14488787986753e-05,1.92468836587929e-05,-2.56889494825798e-06,1.09331161166577e-05,-8.66247908701065e-18,-8.09237568040622e-05,-6.40223923665633e-09,-0.000327753950445746,1.12997883605421e-07,2.11368202980792e-06,-0.00522836992671444,-2.20813346812004e-05,5.89364285599551e-06,-5.8431026950338e-07,3.66175085172278e-05,-1.17074476373195e-07,-1.11696932817066e-05,-1.48991265808309e-08,-2.31968370370767e-09,-0.000115593797526429,1.64178420642724e-07,-3.27880853777888e-05,-3.20404717159922e-16,-8.70853528775808e-07,6.84471279366317e-08,1.97263980637293e-09,1.76242506884464e-08,-2.68382772132367e-05,-0.000129304199244383,5.85111005057547e-07,-2.16272893614359e-06,-1.32006118542949e-06,2.07207566982921e-16,-0.00233182157220646,-3.6140380280341e-08,-2.25518831997782e-05,5.93636997735295e-16,4.57811449097305e-06,5.88890416449857e-07,-9.06514639762911e-08,-3.70320657928081e-05,-0.000117989258426353,-6.46145047680753e-06,-2.11100454928036e-06,6.5569347440206e-06,4.75785727673984e-07,2.64447255984056e-08,6.16497881175356e-06,1.86900910548988e-07,1.37378388958431e-16,-7.50756072047668e-08,2.78396295777993e-06,1.2067768702269e-06,-7.65615151084348e-06,1.3848311697292e-16,-1.61406265862773e-07,3.2987856436479e-08,-4.45334856402532e-06,-8.08640327462325e-08,-0.010074115113,7.82451454827662e-08,-1.62486201095083e-06,9.8390319772283e-06,-1.9724919091932e-16,3.62759471967474e-05,-1.72141872754007e-07,5.00741980792985e-07,5.39259031220604e-05,-7.08933608542123e-08,-8.96243396523124e-08,-3.01690096515816e-15,3.00637510278609e-16,-8.27711231625745e-08,-9.57437142073399e-08,1.26385410146875e-08,-0.000130723388444024,5.32863451774506e-15,-6.54843264570946e-06,-7.72941624789587e-08,-7.34162966029155e-15,-2.76976154597254e-16,-5.35090860181451e-15,0.000152534441531428,4.32227718425879e-07,-4.81106802516687e-07,1.46190141891192e-05,2.07557061206399e-06,3.83947707022206e-07,-1.66569543624029e-07,2.03491714796508e-15,-3.63881647818555e-08,1.0209825529517e-07,-1.84943841587561e-14,-0.707106781186549,-6.38396337962171e-08,-4.04087617651934e-07,-3.76940775688131e-08,9.51017003862823e-06,3.7154582779481e-08,-0.000161677493881539,5.65165306988282e-15,-5.19209813158183e-07,-2.74013652538731e-15,-1.69050384722463e-05,-1.11629455679108e-15,-4.11288029365636e-08,5.41419492785374e-15,1.68892396820282e-07,4.44681307182765e-08,1.97139309507739e-06,2.71451773079998e-06,1.19893026356133e-07,-1.37801621906469e-08,8.74946881351097e-08,5.35284635146483e-08,0.000145168261900713,5.09722135159782e-07,3.01412265808219e-08,-8.55778658375985e-08,-0.00014439490515,-1.23856006417256e-06,-4.01215352342589e-08,-9.49587448529975e-16,3.77744034802837e-07,-6.53173536171065e-08,3.42904490437961e-08,3.67430133776457e-16,6.89596275667362e-05,1.89609252930978e-06,6.26887428044051e-07,2.4695571998326e-16,-1.56250628199946e-07,-0.00449690975850147,-1.3697233946001e-16,-6.34050627566924e-08,2.01818791589405e-07,2.56384425904004e-15,1.40058595138676e-16,-8.2070971273669e-09,-0.000444481642716455,-2.49363371503138e-06,-0.000123531338233474,9.13805063649977e-07,2.41291061127597e-08,2.47246296336895e-06,2.17864179639845e-07,-5.47037510721712e-06,-1.20143966390179e-14,1.01083818049154e-09,6.87981059094445e-07,2.19424533127418e-05,1.90303153767086e-05,-2.31774311415148e-14,-9.56599178780694e-16,2.71653063027121e-06,-3.02144243719046e-16,-2.12523760580956e-16,2.79984987595635e-07,-4.11830543028813e-07,-7.71030783715e-08,-4.32001302214355e-07,1.97267766186245e-06,5.15306120960126e-07,6.58498148571418e-07,-6.30217630733593e-17,3.470838196586e-06,1.73302651693076e-05,7.42974865273765e-07,-7.08131643814649e-08,2.79264339943467e-07,3.13708183458715e-16,-2.51547544638563e-17,-9.68796670637252e-16,-7.25409666683372e-05,-1.16740099987072e-08,-7.56785637701928e-07,-5.01712539686182e-16,-8.94512273062806e-09,4.76516842391598e-16,9.42191045090481e-16,1.45931451361729e-06,-3.65365396553226e-07,-1.54607229796433e-15,-3.01249536357929e-06,-4.06033927427934e-08,-1.34564857244966e-15,9.17208627093742e-08,-1.20334930691388e-16,3.39698570246528e-06,-1.12233627148502e-16,3.3876562645581e-06,2.79399729143661e-07,1.01190216825379e-08,9.9908078507572e-07,6.8555309644916e-06,-3.26014707724076e-08,9.9938117022123e-07,1.36827579862458e-16,5.89736389246203e-07,-3.32800730634599e-08,4.63052965005402e-17,-4.38334636937786e-09,-8.92855489961705e-08,2.07358088239989e-08,-9.00143731065019e-16,6.64134593827263e-08,8.78134335190362e-08,-4.27867659449123e-17,-2.43559292817942e-06,-1.84832419667809e-06,-2.5214217048932e-09,-9.14697590777382e-17,3.82913771509223e-17,4.50077422345328e-08,1.43865507070715e-06,1.16371096153407e-07,-1.78710135441623e-08,8.4854148599163e-07,-1.0670041428148e-16,-4.27467768436938e-16,3.09672527727592e-06,9.31633772158975e-09,1.92143398998019e-16,7.47989406398656e-06,-2.13449572916856e-18,3.71048760335709e-08,-6.30394372108176e-07,-8.64307277756662e-05,-5.08473267727365e-05,-2.15591114885379e-16,-8.40493434409356e-17,-8.17512540109019e-16,-6.13773319960443e-17,-4.25052584707851e-09,-1.47426492465668e-08,4.04458534291308e-16,-1.28192455097979e-16,3.85055420424637e-16,2.07440866288563e-08,1.86388416038741e-10,-1.02579630755137e-08,3.93961231614341e-17,-8.26080740271018e-16,1.42436382783925e-15,-4.39278938289732e-07,1.34411999890782e-08,-3.10981322384371e-16,2.3566960854743e-09,-6.16343809303297e-08,5.16730190863138e-17,1.68837905017126e-17,-4.42187081978812e-06,-4.3539318555608e-10,-2.18909797288562e-06,2.08176907327939e-17,2.36939557177601e-08,3.82234064897672e-07,4.09901117541851e-07,-1.52859131616066e-06,-9.06923848711514e-08,1.47590567272269e-09,1.14689242314932e-16,-3.68829918144092e-16,-3.21441940704263e-16,2.80432476495463e-08,-2.53944248273189e-08,-0.000102045664998701,-7.5071100476722e-09,-1.07569804693281e-15,1.92840588982642e-16,-1.0385367691404e-16,4.72968556095435e-17,2.29346130542692e-16,3.58153638845201e-08,1.83495787904017e-16,1.28078657138812e-16,-6.01312965839473e-07,-1.09554288275585e-16,-5.39031966852269e-07,-8.08085540998381e-17,-6.83977294788063e-05,-3.93409945336751e-16,-0.000439590166148528,-9.99469285320494e-08,-8.84795795141086e-08,1.08617028386474e-16,3.22167490546492e-06,1.48600166471938e-16,4.89077029507848e-07,-7.77294842656108e-08,4.3014572105863e-10,-7.97462012917939e-16,2.36781144209591e-06,1.79356618002935e-16,-1.70338431334709e-07,-8.69517697639667e-08,-1.77111985767941e-16,-2.09663212653437e-16,-1.22051576973731e-16,4.91195998947409e-17,-1.31811332503447e-08,-3.9216362234286e-07,-8.75498819160107e-08,-8.53112992968391e-17,4.29983795886181e-17,-8.96321376596593e-09,7.31131300403943e-08,-1.09988253891376e-15,-4.79135768313367e-17,-1.45728359488343e-07,1.53109755755378e-16,-2.58021909832501e-05,-1.12294140813684e-16,2.58027329950375e-07,1.894009068078e-16,-3.8491481197862e-15,3.12048841094283e-17,-2.49679788208771e-16,-1.75783544129649e-16,-8.14830839463998e-17,4.95397054440202e-09,-3.46457028858807e-08,-6.27535736120567e-17,-2.29927399408004e-08,9.65858008728234e-07,1.51581300444506e-16,-1.74289788702995e-16,2.86671875821161e-16,-1.00257711030796e-17,8.10607615264574e-06,1.417644348193e-07,5.49872855570755e-18,-1.6823633383788e-16,-1.72725390501514e-07,-5.57904264123554e-08,-8.44589217192085e-10,3.09999443274229e-16,2.07752437835431e-16,-2.05626841680282e-16,1.79989856392236e-16,1.95812809879921e-16,1.08546587929733e-16,3.38529264917e-06,-1.17157042057045e-06,-6.15536436877821e-07,-2.59101122113262e-17,-1.71084834480763e-16,-1.05022026505778e-16,-2.60872158889824e-17,-9.02789325198804e-17,-1.77346032536885e-16,-1.92192666043387e-16,4.96419815160303e-17,-1.88455104408033e-17,-1.52544813562878e-16,6.59840244812153e-17,9.56790082543453e-18,2.09715841868802e-16,-2.78983685914184e-16,3.27698138678999e-09,3.65081275474226e-17,-4.03405396314805e-16,2.01261436802036e-16,4.63714845381171e-08,-5.79669473377752e-06,3.24633731676621e-16,-1.19657714786606e-09,4.23540982500083e-08,1.32280571945196e-16,3.84313135130128e-16,-8.16266991402971e-08,6.68138973485981e-16,1.04158718523775e-09,-2.3480031946457e-16,-6.78000717212413e-17,-1.57702777175358e-16,-2.99696322831005e-16,1.05280916665403e-05,-1.39789935781099e-07,3.84784747571397e-16,-2.8696732946477e-18,-8.74530629822812e-17,-3.439807175042e-16,-2.59436027348625e-16,-5.1375705594192e-17,2.4338388841268e-16,1.55762490941414e-16,1.67578844651577e-09,1.59835122970022e-16,-1.4242988553931e-16,-6.25607718641299e-17,5.59285647087477e-18,8.8337632461909e-17,-2.45488159715524e-16,-3.64027336834427e-07,1.16777363274527e-16,3.64358861100828e-17,2.4621682790414e-08,-6.38356801251635e-18,-2.0406780158574e-16,2.05161468902214e-16,8.57256974759622e-17,2.04975824937549e-08,-5.65273350137366e-17,-1.4074622405535e-05,-1.98920044231899e-16,-2.24395476629659e-16,-2.55581053890159e-16,-8.21361231507595e-16,3.58025692696934e-17,-1.5525802289967e-16,2.44727375078772e-08,-1.75347429052268e-16,-2.29498674161826e-16,3.08856507717477e-09,-3.0529172193799e-06,-1.11461613289812e-16,5.25193202067906e-07,7.13738101429496e-07,-9.02830464295962e-17,2.24846478986513e-16,-2.69675617109014e-16,-2.76843523684674e-17,2.29316626120901e-17,-1.19508370486168e-06,1.29771157328237e-16,-1.67449347339381e-16,8.12648196828571e-17,4.78079787172177e-07,8.59484363755775e-17,2.69654558594517e-16,6.61078529032132e-17,6.37410341707699e-17,-2.17593339062725e-07,-7.87470143507706e-18,6.4134849207152e-10,-1.4091900849683e-16,1.23547486008097e-16,1.99227441430545e-16,3.98958746062047e-17,4.28484770279141e-17,1.77491251749955e-16,7.66384032604382e-17,-1.11132205316e-08,-3.70928784063209e-16,9.82000303837497e-17,4.67063560115308e-09,-2.43748689874511e-16,3.56046283952186e-17,2.27049315691271e-16,1.57167898367503e-16,-3.66677985037926e-17,6.99179841863683e-17,-3.38256041320067e-08,3.68519380855779e-16,1.71998042736235e-16,1.00678548308188e-08,2.09897877809671e-16,2.04116106784149e-16,-1.87350117318379e-16,-1.31454025776953e-16,-8.31481427801513e-17,-1.19722542190143e-16,-1.13636914290118e-16,-2.82694570123587e-16,1.41072201093179e-16,-3.44174435655306e-17,1.54050701989619e-16,-5.27351041894014e-09,1.74839103585729e-08,-1.80362700619577e-16,-1.87463036582591e-16,-6.1757784038311e-17,-1.11985778990066e-16,2.84047416664046e-16,1.24681366527936e-16,4.15826334898252e-17,-9.34843647817765e-17,-1.66486909033782e-08,1.90315890580445e-16,5.39529171455312e-17,6.2581288633947e-17,-2.44712214807036e-17,1.93660468286469e-09,5.11124345145574e-16,-3.06825581081041e-10,-4.27642724817669e-17,-6.48519854566285e-17,6.7607075960951e-17,4.5204518948288e-17,-4.66853673170144e-17,-1.80596038455295e-16,8.39634201231942e-17,-4.23979039535979e-19,-8.59990913245365e-17,7.15046374625368e-17,2.55799100746221e-16,-5.14003948717562e-18,2.04146888753634e-16,-7.07521581640347e-17,-2.42804810755965e-16,7.65795714553206e-17,8.44977451897242e-18,-1.43615895078665e-17,-8.15935941979556e-18,-2.72717153861863e-17,-3.19392407487074e-16,-3.4834179975043e-18,-7.83402318389399e-17,-6.14204694497971e-18,8.33510322949904e-18,1.4792707864439e-08,1.81111941585946e-16,2.11198377040499e-16,-5.00829253916488e-17,-1.14420795176921e-16,-2.12764828385982e-16,-3.80215442605688e-17,-1.18174739149262e-16,-1.30890983021669e-16,-5.30812230617427e-17,-9.38307880636833e-17,-1.14926785536179e-15,7.47688240061229e-17,1.38316961652724e-16,-3.22384619289686e-17,-1.17203087083548e-16,4.36453080552502e-17,4.21139958421929e-17,-1.72095113722608e-06,4.05153217557682e-17,1.45439877506535e-16,4.52730526255819e-17,-7.32006723809128e-17,9.35452745465706e-17,3.42758851335479e-17,-3.06351513144907e-17,1.18831550850782e-18,2.9278149950147e-16,4.34471233773531e-09,-2.06358491939686e-16,1.2898996442459e-16,1.13512160563112e-16,9.4169930613257e-18,-9.09571609079494e-17,1.16407490764124e-17,-2.84699075103457e-17,-2.01811622049823e-16,-1.72605815121339e-17,7.15501219757463e-17,-1.99291349190343e-17,-1.42373632161582e-16,8.38570980994491e-17,2.01901951203087e-07,-2.89744818986074e-17,-1.64760127647632e-18,6.43717463515985e-18,-5.5107285922007e-16,-5.99217991855807e-09,-9.42823856682403e-17,-6.49001672020415e-17,-1.06783599529174e-16,-2.15578259856279e-16,-1.36115659761113e-16,1.74402042807435e-16,9.56171682320647e-17,-4.95164807169189e-19,-4.56385703900558e-17,7.97171715397119e-18,3.58065702821774e-18,-3.81610037551962e-17,-5.80126570895434e-17,-2.28308481685527e-18,-1.34975327618304e-16,-8.09928744238833e-17,-1.59910126817218e-16
"t370",0.0375577588231185,-0.0122010279350535,-0.0134539984043862,0.000891696119234441,0.00991417857737789,-0.0390444359221372,-0.00598201439415776,-2.28579480755079e-05,0.0663866815287085,-0.00372800323221234,-0.00634741828959999,0.000362532274266765,-0.000741334511785242,-0.000158860343935757,-0.00440631361372491,0.000101324947692345,6.42480908185961e-05,-7.48131443249647e-06,-0.00321838977545002,0.000928131769745631,-3.72321386719431e-06,1.96941297415755e-06,-0.000112499021862451,-1.41527919980092e-06,2.03783788844752e-08,-3.96981891727253e-05,0.000517423436744225,3.07032106152593e-06,3.27835699318043e-05,-0.00142572094843295,-0.000419667119592217,0.0135492856356223,1.22894230632793e-05,-0.0214747921508651,0.212627121194489,-0.00236618799173834,-7.28636471172908e-05,0.000128384442482315,0.0146334826289539,0.00325833471599363,0.000484858826364845,-0.0129367831341382,4.27486807414434e-05,-0.00286544954006408,0.000114399562381088,-3.80942711768994e-05,9.00951502682319e-06,-0.000158286726776556,0.0500963976838278,-0.0691773808633777,-0.000166794436718039,9.68072044660822e-05,-4.34788906338909e-05,2.38559923650087e-05,-0.0887112965873409,-0.00103761916528433,-0.00232595373671105,2.31265639269935e-05,-0.000186261108142468,-1.1367208136554e-07,-2.99419799225972e-07,1.92830179694904e-05,-1.28438177429511e-05,9.82803866319018e-06,-0.000114302359493813,2.50661016781993e-06,-0.0112115941000972,4.7521599887464e-05,-1.20015756834002e-05,5.61080281758483e-05,-4.70463230779551e-07,1.05199763067345e-06,-3.44897634079808e-06,-1.94835503616147e-06,8.01913583243688e-07,7.47359040048402e-06,-6.18938526967139e-06,7.31129294128711e-07,-4.7060812842412e-05,5.24060470211723e-06,-1.96336159956846e-06,-0.000188480465383335,0.000918711566902435,3.91990493840151e-05,-0.33663605633825,0.000734599588909428,-0.000147206655250178,-0.0856906260541958,1.09480080675584e-05,-7.36723661328782e-05,-0.000181199919421729,1.60864270363093e-07,0.000109987598108233,-9.48985937032989e-05,-2.35708529593604e-05,-2.96255664255635e-05,-3.49468340560262e-06,2.46050025395513e-05,-0.000324264349313997,-0.0498478997470375,0.000162998126554973,-9.65027445591096e-07,0.000180284523084845,-1.0655456411753e-05,9.45560606952149e-06,-2.18996496192979e-07,3.83861163085694e-05,-4.26384389982997e-08,3.56575722836875e-05,-5.03674682965697e-09,-1.14906582709116e-07,3.4307723463697e-07,-1.25082376480205e-07,4.54885567115254e-07,-5.24468848922233e-07,7.00351699759698e-07,-8.12914725053508e-05,9.43889965976015e-05,-1.50131412373068e-05,5.51337136749752e-06,-3.19482067607155e-06,6.87088840236593e-06,-0.00074814169879332,5.87291897328857e-05,3.32068099137365e-07,-9.51281845231238e-06,9.91161267229921e-07,-2.42247580914646e-05,2.29917601340914e-05,0.000800040857024205,5.91469292270137e-06,-2.20550023410032e-05,1.7641672360119e-06,0.00011566285481779,-4.73389195908066e-08,3.1345069470291e-05,-0.00102579441301692,-3.64322944797722e-06,0.00707304364800665,0.00172424628177549,0.000276265836687132,3.95418153158812e-06,-9.2228633832896e-06,-1.88003652617237e-07,-1.05764538963565e-09,-4.99134318333259e-06,-8.96761481744253e-07,5.32068878152222e-05,3.62184131656682e-06,-8.78785147963724e-07,-1.18547670064654e-06,-0.00871137480608286,2.89586402343733e-07,2.31957686354273e-05,-2.85753827793169e-07,-6.06408915484266e-05,3.40676543886303e-05,-3.81390645417697e-06,-0.000233617944554507,-3.02192237387686e-06,-2.97760161796162e-06,4.33987538805364e-07,-3.35772490234444e-05,-4.30403219615505e-06,2.83290028137257e-06,-1.9056102126366e-06,0.000302814042541983,0.000451619980967382,0.00024852080457179,1.96052748832016e-06,-3.7243176928143e-06,-6.59612424865177e-07,8.07492029510531e-08,2.90781529087665e-05,5.20254114987379e-07,1.06153379504648e-06,4.65513206902387e-08,-1.79162210615872e-06,-7.51763632171049e-05,-8.38569653105071e-06,3.39510371597007e-05,9.31287519132364e-06,-1.96491716779276e-06,-7.93396026160509e-09,-2.45248348063751e-07,-1.08986767136801e-07,-0.000919607115102479,0.00558623980327382,-2.73704846908476e-05,-3.64071079938193e-06,-3.63282969211508e-05,0.0444137979664913,-8.56111563288789e-06,9.78408159004651e-10,1.46346192080244e-07,-0.000448824034262813,-2.77787500681592e-05,-5.02582333616296e-07,0.000587282015350844,1.47598903318873e-05,3.5338640792314e-05,6.3847230791445e-05,-1.73440525449783e-06,-0.000574366156957975,-0.223389422975876,0.000221643807441333,-0.0221265577693792,-1.9890940582191e-05,0.00059772468225931,7.91502750773548e-08,0.0012009083512311,7.17404191220038e-06,1.67777408063415e-05,0.00633291386614867,-3.54535896799274e-06,-2.98545660782467e-07,-4.16114303540551e-08,-2.78906189971866e-08,7.19361769522282e-06,2.62754653493472e-06,1.13407544345896e-06,-1.02592401550864e-06,-2.10333158384745e-07,-8.22922613911757e-07,1.87441608603816e-06,1.00891688046778e-07,9.41834921660187e-06,3.70329919353506e-08,6.17982728519225e-06,1.40838277455854e-06,-6.23794700486617e-08,-1.01077223982549e-08,-2.31551483908044e-07,-7.76897180757727e-08,6.26295031478397e-09,-2.76973502183075e-10,-2.9453617845232e-07,-5.22227468749956e-17,-4.90641357480383e-09,7.57825917306653e-08,-2.28126031132031e-08,-7.15457048293726e-08,-1.09226293201795e-06,1.52071973103894e-08,-2.56189842624195e-07,1.16706685161257e-07,-2.2641250721418e-07,2.2171055211622e-06,-3.19390458007561e-08,1.35438238028879e-05,-9.01151813473064e-09,9.99357782377854e-07,-8.86117167430205e-06,4.28022077393313e-09,-2.91077512570501e-10,1.42501795022466e-08,-1.41121994862914e-08,2.22818362086823e-07,5.82360591749175e-06,-1.11852957955793e-06,2.22416853586202e-07,-4.06166617731583e-06,4.76904576739863e-06,-2.90387502357907e-07,2.98143440814453e-06,-1.00948120987957e-06,4.04208747197711e-09,3.52192721018445e-05,1.71346386820785e-07,0.000197010581025714,3.50658255715666e-09,-1.11513664208527e-06,1.01390492020332e-07,-1.29875787745674e-07,2.0592466968908e-07,-3.98782442298884e-07,3.1112256122574e-07,-2.28135692705571e-08,4.39731794544974e-06,-1.91309258374782e-08,3.14632325076992e-06,-1.64677270670201e-16,-7.74691800895967e-06,-7.70833604376274e-07,-8.24509781849078e-12,-7.23892325981692e-08,1.06801206266879e-07,-6.62895798912863e-08,-1.88353712854598e-08,2.21928584019507e-09,-9.92566743629101e-08,3.75464146569501e-06,0.000166013947211441,-1.17010555547041e-08,7.1739138875369e-06,-0.000182201992438208,4.59625321217966e-07,-8.85625422745269e-06,1.26022009778554e-07,2.2003035517757e-07,3.39512760799884e-09,9.03521999484051e-06,-1.14671706641921e-06,5.05575057136485e-09,-1.5761959785051e-06,1.83787405067489e-07,-6.66908005478064e-07,6.27661910052244e-07,0.000495241467586347,1.64761006853364e-07,-5.74177957291096e-08,-3.97897218085725e-07,4.05785294245288e-08,-1.86809784019524e-07,6.33229641075658e-05,2.04889191621841e-06,-9.06114113019394e-06,-1.11220974744922e-15,2.41618853859695e-06,1.06890812122887e-07,-1.43494543874143e-08,4.60929273673276e-05,1.9762181433851e-09,1.15602444271657e-05,2.53857790645573e-06,-3.03604744280045e-07,9.01044125555075e-07,-1.12463894888074e-15,6.90681273127827e-06,7.95963448601171e-10,7.83342322865478e-05,-2.90047417096887e-08,-2.77522994924412e-06,0.503673082467874,-3.42038895994727e-05,6.22098709372153e-06,-4.23217001305605e-07,2.24540364837395e-05,-6.70038674033388e-08,-6.19705850642913e-06,-8.12591310201767e-09,-1.23146365314412e-09,-6.11983048378836e-05,8.54904416786174e-08,-1.68732393560339e-05,-1.17333208441919e-16,-4.19599293817254e-07,3.26497948596998e-08,9.40876197432681e-10,8.20753673775262e-09,-1.24596680690446e-05,-5.82494261697236e-05,2.61885005052051e-07,-9.66848633792621e-07,-5.87626150101489e-07,-6.60963125257798e-16,-0.00103342457199584,-1.59921469047795e-08,-9.9265728790059e-06,4.57455741286769e-16,2.00512623265586e-06,2.57646314381353e-07,-3.96395861729241e-08,-1.61755621868295e-05,-5.14480574761807e-05,-2.81396879753444e-06,-9.18491309960816e-07,2.845601982819e-06,2.06424162175729e-07,1.1455095730961e-08,2.66377148854777e-06,8.07466928016427e-08,4.69519916524384e-16,-3.23045649591312e-08,1.19720899403044e-06,5.18330019416129e-07,-3.28316714718178e-06,-1.92383062084065e-16,-6.9034047375632e-08,1.40829555982048e-08,-1.90019255720348e-06,-3.4497199777493e-08,-0.00429689911849571,3.33661902436744e-08,-6.92829506935289e-07,4.1991765369839e-06,-1.30370163148932e-15,1.55095735952743e-05,-7.36118974765736e-08,2.14214609515342e-07,2.30826303599934e-05,-3.03468328216004e-08,-3.83714151814677e-08,4.31512464649231e-16,6.95364119656569e-18,-3.5473577913627e-08,-4.10719311770522e-08,5.42230493056248e-09,-5.61336605043218e-05,1.74740909812951e-15,-2.81764011932201e-06,-3.3288854313739e-08,8.64672152315432e-16,-2.49894600119778e-16,7.92307585581286e-17,6.58907874489175e-05,1.86783731910894e-07,-2.08188938287599e-07,6.33341836856366e-06,8.99325321338712e-07,1.66568122231473e-07,-7.22733023002096e-08,-1.22765259930796e-16,-1.58285772049686e-08,4.44516464324534e-08,2.05403044384887e-16,-2.73321903090974e-15,-2.78917117322595e-08,-1.76694719566072e-07,-1.65008425552277e-08,4.16625094318618e-06,1.62999861590775e-08,-7.09453241065193e-05,-3.04131848931968e-16,-2.27904422346524e-07,6.80342931244678e-17,-7.42703262266941e-06,-1.19425546925636e-15,-1.80813443048278e-08,3.95314808921709e-18,7.43115447524963e-08,1.95689699607069e-08,8.69459091762876e-07,1.19776249380708e-06,5.29122426106744e-08,-6.08669854875718e-09,3.86744732402007e-08,2.37002608248716e-08,6.42756313362513e-05,2.25802818208481e-07,1.33647110380349e-08,-3.79922278565115e-08,-6.41698066624755e-05,-5.50863519025163e-07,-1.7851507877447e-08,5.4883001717363e-17,1.6827487111284e-07,-2.91306366588997e-08,1.53420531028102e-08,2.71341114900811e-16,3.08816269667501e-05,8.50265788761418e-07,2.81277072028398e-07,3.85480011149264e-17,-7.01284903351951e-08,-0.00202065045706303,3.33165759065602e-16,-2.85067238225045e-08,9.10417744887067e-08,-2.74826528226727e-17,9.09689384665199e-17,-3.70703627078104e-09,-0.000200789380656864,-1.12707318601981e-06,-5.58686698725742e-05,4.13860475586433e-07,1.09293397699908e-08,1.12009896125348e-06,9.88804517669589e-08,-2.4864739351835e-06,6.15027234869558e-16,4.59715238404792e-10,3.12914201515592e-07,9.98340140776708e-06,8.66189088747173e-06,-1.11417551149937e-14,2.98856698597502e-16,1.23713739706895e-06,4.02780064312782e-16,-3.16622002118931e-16,1.27939011641335e-07,-1.88293858115268e-07,-3.52528746348857e-08,-1.97764912135903e-07,9.03219354732671e-07,2.35948923217675e-07,3.01583681326714e-07,-1.01968127604971e-16,1.59348350313476e-06,7.96053955310646e-06,3.41338482199571e-07,-3.25605542744054e-08,1.28605107330145e-07,5.95311904553299e-16,-3.78191701418839e-17,-8.06802503198004e-16,-3.34791699620046e-05,-5.39285260289306e-09,-3.49624827092294e-07,3.89040054815215e-16,-4.1362509706888e-09,1.91940716706992e-16,2.75697027837523e-16,6.77442028751771e-07,-1.6961796050991e-07,1.43385737311208e-16,-1.39985934026843e-06,-1.88781983726307e-08,-2.53754251305153e-16,4.26929778520663e-08,3.6112262314106e-16,1.58332508287274e-06,-3.78938117258476e-16,1.57916835081905e-06,1.30255452432263e-07,4.71796344909061e-09,4.65887333310368e-07,3.1979069710333e-06,-1.52266191126888e-08,4.67574573502777e-07,-1.05574263551058e-16,2.76510398018751e-07,-1.56076393318617e-08,-6.78013286535438e-16,-2.05632124596795e-09,-4.19089807411851e-08,9.73786299583166e-09,-6.97568688224183e-16,3.12418124866056e-08,4.13225235689044e-08,-4.01592662022952e-17,-1.14663234516436e-06,-8.70348249918186e-07,-1.18826882570081e-09,-8.43536057754678e-17,8.24008567701866e-17,2.12516020509237e-08,6.79855121590471e-07,5.50018887920458e-08,-8.47665067483148e-09,4.02715409034259e-07,1.67345476330468e-16,6.22891199930556e-16,1.47028070803484e-06,4.42348558030083e-09,-1.39612934772556e-15,3.55390145625286e-06,3.8864930090927e-16,1.76409231793987e-08,-2.9997611694923e-07,-4.11310487576334e-05,-2.42034261079805e-05,6.16909426233603e-16,8.38978535360775e-17,-2.31145605108706e-16,8.80657200481185e-16,-2.02774447334042e-09,-7.03436103094481e-09,2.26557612200159e-16,1.35397114672562e-15,7.61790965457155e-16,9.90440184172501e-09,8.90167592818316e-11,-4.90289851354405e-09,-7.57400285145823e-16,9.02086700694041e-16,-3.2622965743731e-16,-2.10506975196682e-07,6.44173875336312e-09,9.9053036214428e-16,1.13060311005703e-09,-2.95806425221297e-08,-3.06123445492761e-18,1.42164346944845e-15,-2.12427185212858e-06,-2.09179066348624e-10,-1.05232345269347e-06,-1.19479829900352e-15,1.14007461041145e-08,1.84014431731483e-07,1.97477460591512e-07,-7.37158756570396e-07,-4.37477917393912e-08,7.12296996504933e-10,-1.20511858777375e-15,-4.95811865824938e-16,-1.99325210354442e-15,1.35725585273746e-08,-1.22910969999225e-08,-4.94087117819735e-05,-3.64143683788996e-09,2.48519998006648e-15,-1.73445758459522e-15,-1.65430043462954e-15,3.11978575260449e-15,-2.2209551457677e-15,1.740589943076e-08,-5.61759467199823e-16,2.34650610956803e-16,-2.9244986681447e-07,-7.45652516593841e-16,-2.62169791875556e-07,1.54185793584972e-15,-3.32689340918477e-05,1.59684988403915e-15,-0.000214095132957006,-4.86924811867404e-08,-4.3126065202984e-08,-2.78415770085338e-15,1.5711943980616e-06,-6.70179097392813e-17,2.38823144543702e-07,-3.80191354810311e-08,2.104114234809e-10,-8.51642301122054e-15,1.15900365020755e-06,-2.32927743193218e-15,-8.34659229490693e-08,-4.26086243227882e-08,-1.31553861074319e-14,-4.25632856268482e-15,-7.66080789381594e-15,-1.13713369131644e-14,-6.46472745268238e-09,-1.92382170680746e-07,-4.29605031558365e-08,-6.71915795793874e-14,-4.82391173948171e-14,-4.40389271541861e-09,3.59245142119943e-08,0.707106781186548,3.50924376935515e-15,-7.17182042470082e-08,-7.48374713547024e-15,-1.27025032393841e-05,3.82996812550981e-15,1.27152592004307e-07,2.29378088127469e-15,6.19994130234317e-15,6.06337796230408e-15,4.5992659620766e-16,3.92140995887368e-15,2.8084304243784e-15,2.44612240330164e-09,-1.71074485919106e-08,2.9123988178379e-15,-1.13612977665924e-08,4.77393450872685e-07,1.57105671120061e-15,2.73747037540425e-15,-6.4704481774697e-16,4.78171742300276e-16,4.01158604216277e-06,7.01776993936392e-08,-6.79011104415506e-16,-5.67303842357302e-16,-8.55320309285769e-08,-2.76280749050743e-08,-4.18310160936041e-10,-2.0329173300249e-15,1.6923024008188e-16,7.91036882732921e-18,6.1382508472101e-17,1.33877737759422e-15,-5.94747141366034e-16,1.68055211554251e-06,-5.81725203997808e-07,-3.05700609723189e-07,7.01844915638006e-16,1.60365542470565e-15,3.751502885518e-15,4.85612419790189e-16,-4.81966623375534e-16,-5.71742711087049e-16,-7.65999214093771e-16,5.89128161483648e-16,-1.32464879792537e-16,3.35125135013577e-16,4.02809657440064e-16,-1.43288043572524e-16,1.06688016050354e-17,-3.13142107713914e-16,1.63336108437581e-09,-6.5598331562871e-17,1.77453955008499e-15,-1.4443832558598e-16,2.31241787438403e-08,-2.89097007039203e-06,-1.48207290202113e-16,-5.96808528690255e-10,2.11369800921701e-08,1.13708388914364e-15,6.39274955751857e-18,-4.07658668371932e-08,-2.26492705334085e-16,5.20652184106184e-10,-3.4857243875363e-16,1.06299476665678e-15,4.41199954485228e-16,2.07573183012903e-15,5.27002307415551e-06,-6.99810030646355e-08,6.2451487439459e-16,-5.77909968522652e-16,-1.23502425100657e-15,-9.05697321524487e-16,-5.8651271773319e-16,8.31897116232837e-16,1.03420949088813e-16,4.27916933928807e-16,8.43059181206005e-10,5.29790075028534e-16,3.90250159942148e-16,1.40576024357863e-16,1.5129989813022e-16,6.1963139062517e-16,-4.26774767439761e-18,-1.83329482978964e-07,-2.02252142915756e-16,3.03188225749389e-16,1.24022547419648e-08,-3.38703751337834e-16,1.14174548207104e-15,-2.47106176813341e-16,-2.048819066738e-16,1.03485292473487e-08,4.64488340890637e-17,-7.10870704170391e-06,5.16839114974501e-16,1.79864390099881e-16,-2.10738670208231e-17,-1.88207719206899e-15,3.54313664520198e-16,-6.53508586929515e-16,1.23708453131758e-08,-1.4381336183325e-16,1.37529030888521e-15,1.56225571012115e-09,-1.54427427809875e-06,5.52023387191665e-17,2.6580822769012e-07,3.61296260414803e-07,5.54479873636233e-16,-1.13628077662476e-16,-2.21186881965933e-16,4.33402135566445e-16,1.79189235367811e-16,-6.06507809150546e-07,-3.95224689789611e-16,-2.06935931134498e-16,3.13585167324787e-16,2.42786913705756e-07,1.42945892711767e-16,3.30518588071163e-16,-3.43488493468135e-16,-2.73578956649497e-16,-1.10598659333585e-07,-4.14225134920749e-16,3.26073394891391e-10,3.62398868692605e-17,4.39655275879315e-16,1.69744984786219e-16,4.85186508962119e-16,-1.52041648768182e-16,4.93664995722208e-16,1.41805681458614e-16,-5.65824222236647e-09,-8.48709155385072e-16,-9.52461165729239e-17,2.37887495450458e-09,-5.12944049509221e-16,6.80074177733181e-17,-1.18206389303176e-16,-4.16056106553362e-16,-3.28344893249597e-16,-1.55459799123625e-16,-1.72474300023426e-08,2.43813795674019e-16,7.85730933817456e-16,5.13608671333521e-09,2.95429059300168e-16,1.4468516830291e-16,1.24226445417471e-16,3.97092198353406e-19,-2.91261824742763e-16,4.36701375690326e-17,1.09689494216943e-16,-6.50263581488939e-17,-2.05598870515659e-17,-1.6706543148823e-16,-3.5842431949707e-16,-2.69522346386986e-09,8.93778019788402e-09,-2.54705569026244e-16,-3.00729579265675e-16,6.7329056069729e-17,4.95230387779561e-17,6.32564205009511e-16,-2.14153315269881e-16,-3.52622488723393e-16,3.3846152819888e-17,-8.52064873678579e-09,2.10198881241557e-16,-2.60886574184894e-16,1.24410638884423e-17,-2.85400122546226e-16,9.92110356240485e-10,2.54703387099406e-19,-1.57358614761449e-10,-2.08324781140755e-16,-9.8490811437607e-17,7.86960975667694e-17,-2.65825561852001e-16,-1.56957323168714e-16,-8.36514072937836e-16,1.53217164921521e-17,2.51403108646904e-16,-2.54428616260042e-17,-2.4630579149498e-16,-1.05668113193301e-16,-1.2555977576e-16,1.92720925626871e-16,-1.43962576923472e-16,1.97505968007556e-16,-3.62759689999751e-17,3.31551913874584e-17,-2.63689929116504e-16,1.18993629634759e-16,2.73683867147282e-17,-1.03432887255117e-16,8.08941915523239e-17,1.68660122047215e-16,-3.374350265582e-16,3.03281932997466e-16,7.61756417413226e-09,-3.47021334352244e-17,5.51754996027104e-17,-9.08384498756871e-17,9.15310063469223e-17,-4.1382861968959e-17,2.34944327682974e-16,-1.80219212251859e-16,4.19925913968269e-16,-8.76979584766467e-17,-1.83722093024594e-17,8.45284671251167e-16,-3.09164273263348e-16,1.06232532987066e-16,-2.24824160243923e-17,8.37986537080922e-17,-1.90932320540406e-16,-1.55142929370728e-16,-8.88648040570952e-07,-1.14284465640222e-16,-5.00176914336944e-17,-1.20625893149154e-16,-9.34398918067561e-17,-1.14024650752586e-16,-2.83612045159313e-16,1.63816120457917e-16,-1.36759038268658e-16,-1.02355227501905e-16,2.24982993599111e-09,2.18486361191628e-16,-1.87311938466805e-16,4.35627944979944e-17,5.03023015981058e-17,2.99522747358845e-16,-8.95849823039989e-17,2.37503946555724e-17,6.57544004895191e-17,2.18283310916477e-16,-2.10553531309596e-16,-1.32681930054969e-17,-2.31692483189448e-17,-1.12950949480983e-16,1.04847655549269e-07,-2.48604725678139e-16,2.23100220600787e-16,-8.73015834352673e-17,-7.1768762807678e-16,-3.11583644457394e-09,2.03624398590063e-17,6.12247412544925e-17,6.76147959869267e-17,4.7073763435909e-16,2.1309961642003e-16,5.71422749100707e-17,3.12863535616225e-16,1.06277100946799e-17,-6.75886764380121e-17,1.47779496623e-16,-1.23246842509299e-16,-1.06788088023143e-16,1.63032586152098e-16,-1.37722797398512e-16,1.12361144502992e-16,4.06207539160241e-16,-1.32941917098736e-16
"t371",0.0375577588231185,-0.0122010279350535,-0.0134539984043862,0.000891696119234437,0.00991417857737788,-0.0390444359221372,-0.00598201439415776,-2.28579480755064e-05,0.0663866815287085,-0.00372800323221233,-0.00634741828959999,0.000362532274266766,-0.000741334511785234,-0.000158860343935754,-0.00440631361372491,0.000101324947692343,6.42480908185852e-05,-7.48131443249132e-06,-0.00321838977545001,0.000928131769745648,-3.72321386720714e-06,1.96941297415502e-06,-0.000112499021862451,-1.41527919980526e-06,2.03783788879717e-08,-3.96981891727258e-05,0.000517423436744257,3.07032106155273e-06,3.27835699318081e-05,-0.00142572094843296,-0.000419667119592195,0.0135492856356223,1.22894230632664e-05,-0.0214747921508652,0.212627121194489,-0.00236618799173831,-7.28636471172903e-05,0.000128384442482314,0.0146334826289538,0.00325833471599364,0.000484858826364873,-0.0129367831341382,4.27486807414241e-05,-0.00286544954006406,0.000114399562381094,-3.80942711768501e-05,9.00951502682062e-06,-0.000158286726776585,0.0500963976838278,-0.0691773808633777,-0.000166794436718135,9.68072044660625e-05,-4.3478890633892e-05,2.38559923650055e-05,-0.088711296587341,-0.00103761916528428,-0.00232595373671113,2.31265639269204e-05,-0.000186261108142498,-1.13672081364479e-07,-2.99419799227127e-07,1.92830179694959e-05,-1.28438177429713e-05,9.82803866320583e-06,-0.00011430235949383,2.50661016779307e-06,-0.0112115941000972,4.75215998874278e-05,-1.20015756835448e-05,5.6108028175828e-05,-4.70463230800354e-07,1.05199763063778e-06,-3.44897634077596e-06,-1.94835503616811e-06,8.01913583232748e-07,7.47359040050993e-06,-6.18938526969919e-06,7.3112929415249e-07,-4.70608128424119e-05,5.24060470214629e-06,-1.9633615995111e-06,-0.000188480465383352,0.000918711566902376,3.91990493839481e-05,-0.336636056338251,0.000734599588909383,-0.000147206655250155,-0.0856906260541958,1.0948008067573e-05,-7.36723661328752e-05,-0.00018119991942171,1.60864270377188e-07,0.000109987598108248,-9.48985937033597e-05,-2.3570852959376e-05,-2.96255664256006e-05,-3.49468340561584e-06,2.46050025395926e-05,-0.000324264349313832,-0.0498478997470377,0.000162998126554996,-9.6502744561281e-07,0.000180284523084878,-1.06554564118284e-05,9.4556060696495e-06,-2.18996496250896e-07,3.83861163086362e-05,-4.26384389520209e-08,3.56575722835427e-05,-5.03674685112417e-09,-1.1490658273028e-07,3.43077234627093e-07,-1.25082376484028e-07,4.54885567169215e-07,-5.2446884897967e-07,7.0035169954686e-07,-8.12914725056e-05,9.43889965975829e-05,-1.50131412373599e-05,5.51337136743768e-06,-3.19482067609991e-06,6.8708884024564e-06,-0.000748141698793247,5.87291897329817e-05,3.32068099155143e-07,-9.5128184523861e-06,9.91161267222657e-07,-2.4224758091707e-05,2.29917601340377e-05,0.000800040857024233,5.91469292296474e-06,-2.20550023409187e-05,1.76416723602281e-06,0.000115662854817837,-4.73389195432399e-08,3.13450694705279e-05,-0.00102579441301685,-3.64322944796683e-06,0.00707304364800647,0.00172424628177557,0.000276265836687113,3.95418153176103e-06,-9.22286338333833e-06,-1.8800365256647e-07,-1.05764530073615e-09,-4.99134318342609e-06,-8.96761481881869e-07,5.3206887814859e-05,3.62184131656054e-06,-8.78785148024248e-07,-1.18547670059552e-06,-0.00871137480608291,2.89586402385569e-07,2.31957686352602e-05,-2.85753827692114e-07,-6.06408915484353e-05,3.40676543887001e-05,-3.81390645423592e-06,-0.000233617944554522,-3.02192237387543e-06,-2.97760161806757e-06,4.33987538894314e-07,-3.35772490235584e-05,-4.30403219619415e-06,2.83290028104852e-06,-1.90561021280973e-06,0.000302814042541936,0.000451619980967493,0.000248520804571716,1.96052748836584e-06,-3.72431769295151e-06,-6.59612424853442e-07,8.07492029314214e-08,2.9078152908785e-05,5.20254115074151e-07,1.06153379496467e-06,4.65513206292033e-08,-1.79162210616253e-06,-7.51763632171552e-05,-8.38569653125635e-06,3.39510371599162e-05,9.31287519158559e-06,-1.96491716777346e-06,-7.93396038194344e-09,-2.45248348139969e-07,-1.08986767019259e-07,-0.000919607115102786,0.00558623980327377,-2.73704846911236e-05,-3.64071079936694e-06,-3.63282969209967e-05,0.0444137979664912,-8.56111563288252e-06,9.78408226883231e-10,1.46346192037404e-07,-0.000448824034262657,-2.77787500681468e-05,-5.02582333655099e-07,0.000587282015350861,1.475989033182e-05,3.53386407924144e-05,6.3847230791357e-05,-1.73440525451049e-06,-0.000574366156957901,-0.223389422975876,0.000221643807441442,-0.0221265577693789,-1.98909405821983e-05,0.000597724682259468,7.91502750331067e-08,0.00120090835123093,7.17404191243096e-06,1.6777740806334e-05,0.00633291386614861,-3.54535896788998e-06,-2.98545660857581e-07,-4.16114306443941e-08,-2.78906189526756e-08,7.19361769524112e-06,2.62754653491693e-06,1.13407544362659e-06,-1.02592401546868e-06,-2.10333158214975e-07,-8.22922613799531e-07,1.87441608603841e-06,1.0089168799961e-07,9.41834921664569e-06,3.70329919887629e-08,6.17982728517939e-06,1.40838277450309e-06,-6.23794699863676e-08,-1.01077224612984e-08,-2.31551483810727e-07,-7.76897181565647e-08,6.26295026430248e-09,-2.76973258669202e-10,-2.9453617831444e-07,-1.08980858561337e-16,-4.90641337222788e-09,7.57825917799965e-08,-2.28126033095149e-08,-7.15457046307816e-08,-1.0922629319853e-06,1.5207197425905e-08,-2.5618984255682e-07,1.16706685273861e-07,-2.26412507166139e-07,2.21710552108668e-06,-3.19390460214404e-08,1.35438238025606e-05,-9.01151840171213e-09,9.99357782309565e-07,-8.86117167419072e-06,4.28022083867615e-09,-2.9107756453089e-10,1.42501793860516e-08,-1.41121994345651e-08,2.22818361959698e-07,5.82360591766749e-06,-1.11852957949344e-06,2.22416853476465e-07,-4.06166617731846e-06,4.76904576741786e-06,-2.90387502362916e-07,2.98143440823292e-06,-1.0094812097063e-06,4.0420874565677e-09,3.52192721021444e-05,1.71346386656995e-07,0.000197010581025872,3.50658241531696e-09,-1.11513664218682e-06,1.01390491853464e-07,-1.2987578787321e-07,2.05924669576992e-07,-3.98782442156853e-07,3.11122560918359e-07,-2.28135691889221e-08,4.39731794559498e-06,-1.9130925908005e-08,3.14632325095184e-06,-2.11280881073663e-16,-7.74691800911998e-06,-7.70833604636497e-07,-8.24508451413502e-12,-7.23892327098072e-08,1.06801206148692e-07,-6.62895799946216e-08,-1.88353711746192e-08,2.21928572656332e-09,-9.92566741978876e-08,3.75464146562067e-06,0.000166013947211431,-1.17010556849858e-08,7.17391388738803e-06,-0.000182201992438046,4.5962532136757e-07,-8.85625422718136e-06,1.260220094492e-07,2.20030355272961e-07,3.39512759461256e-09,9.03521999473827e-06,-1.14671706599985e-06,5.05575057810735e-09,-1.57619597835718e-06,1.83787405069823e-07,-6.66908005395073e-07,6.27661910327171e-07,0.000495241467586033,1.64761007095331e-07,-5.74177954697381e-08,-3.97897218167674e-07,4.05785292870486e-08,-1.86809783749617e-07,6.33229641071351e-05,2.04889191606004e-06,-9.06114113003807e-06,-9.04366949829495e-16,2.41618853893836e-06,1.06890812186929e-07,-1.4349454549638e-08,4.6092927367214e-05,1.976218090196e-09,1.15602444267325e-05,2.53857790620647e-06,-3.03604744197508e-07,9.01044125664874e-07,-1.06050839261047e-15,6.90681273134355e-06,7.95963382215663e-10,7.83342322866681e-05,-2.90047420537235e-08,-2.77522994916121e-06,0.503673082467873,-3.420388959949e-05,6.22098709406923e-06,-4.23217001247259e-07,2.24540364832349e-05,-6.70038675762773e-08,-6.19705850593276e-06,-8.12591292184853e-09,-1.23146373652604e-09,-6.11983048378076e-05,8.5490441376022e-08,-1.68732393559164e-05,-4.19369152947085e-16,-4.19599293717363e-07,3.26497944261816e-08,9.40876059038874e-10,8.2075365335738e-09,-1.24596680688638e-05,-5.8249426169603e-05,2.61885005269849e-07,-9.66848633744935e-07,-5.87626150260267e-07,-6.25188838533512e-16,-0.00103342457199561,-1.59921467643451e-08,-9.92657287887358e-06,4.07327028086472e-16,2.00512623272875e-06,2.5764631448173e-07,-3.96395860608113e-08,-1.6175562187035e-05,-5.14480574760741e-05,-2.81396879801748e-06,-9.18491309884551e-07,2.84560198286938e-06,2.06424161639032e-07,1.14550959539523e-08,2.66377148866793e-06,8.07466926666754e-08,3.61639127697024e-16,-3.23045640052406e-08,1.1972089941382e-06,5.18330019043194e-07,-3.28316714716034e-06,-1.24906422802797e-16,-6.90340473080232e-08,1.40829551619761e-08,-1.90019255723823e-06,-3.44972010683558e-08,-0.0042968991184958,3.33661901468603e-08,-6.92829507009459e-07,4.19917653689943e-06,7.4553656997426e-16,1.55095735959194e-05,-7.36118970573398e-08,2.14214609209142e-07,2.30826303598942e-05,-3.03468329081996e-08,-3.83714151660629e-08,4.08527378592538e-16,-1.9172745542226e-16,-3.54735776822808e-08,-4.10719316091305e-08,5.42230465357333e-09,-5.61336605045135e-05,1.84331900676773e-15,-2.81764011897538e-06,-3.32888540678766e-08,-1.25385889625212e-15,-2.30356491821505e-16,-2.47848597423769e-16,6.58907874487445e-05,1.8678373172216e-07,-2.08188937486544e-07,6.33341836935027e-06,8.9932532136612e-07,1.66568122449649e-07,-7.22733022562284e-08,-3.84803797862713e-17,-1.58285771597455e-08,4.44516466099283e-08,1.0993901531798e-16,-7.43736649023e-16,-2.78917117127563e-08,-1.76694720381295e-07,-1.6500842524061e-08,4.16625094363926e-06,1.62999867168454e-08,-7.09453241060956e-05,-6.66445109922289e-16,-2.27904422139985e-07,-3.5300993663103e-16,-7.42703262327505e-06,-1.78086983094322e-16,-1.80813440027792e-08,2.21674805027183e-16,7.43115446817369e-08,1.95689694888466e-08,8.69459091685943e-07,1.19776249404853e-06,5.29122420627637e-08,-6.08669962638447e-09,3.86744731543664e-08,2.37002609842041e-08,6.42756313360713e-05,2.25802818773171e-07,1.33647112712121e-08,-3.79922283303889e-08,-6.41698066618494e-05,-5.5086351964026e-07,-1.78515079312492e-08,-2.13777186141482e-16,1.68274871453671e-07,-2.91306369742661e-08,1.53420530105554e-08,1.68432808700234e-17,3.0881626966939e-05,8.50265788816397e-07,2.81277072495831e-07,-1.53456138219228e-16,-7.01284902415738e-08,-0.00202065045706332,-3.62673063874484e-16,-2.85067239665968e-08,9.10417745323535e-08,-1.25736481191401e-16,2.60658556679428e-16,-3.70703580694141e-09,-0.000200789380656575,-1.12707318611378e-06,-5.58686698726494e-05,4.13860475812375e-07,1.09293401446545e-08,1.12009896079749e-06,9.88804518153923e-08,-2.48647393480946e-06,-7.72643125694639e-16,4.59715526114183e-10,3.12914202194752e-07,9.98340140737945e-06,8.6618908878646e-06,-1.03250085872125e-14,-3.7446007901788e-16,1.23713739677802e-06,-4.89054850841631e-16,-5.10657519976897e-16,1.27939011773631e-07,-1.88293859106804e-07,-3.52528744841914e-08,-1.97764911991917e-07,9.03219355745288e-07,2.35948922922517e-07,3.01583681377436e-07,1.92423140525049e-16,1.59348350357641e-06,7.96053955277371e-06,3.41338482626709e-07,-3.25605542793573e-08,1.28605108164016e-07,-6.27884915362907e-16,3.91179171228276e-17,3.22692216080043e-16,-3.34791699630471e-05,-5.39285327456705e-09,-3.4962482687575e-07,-1.85587170851038e-16,-4.13625104791163e-09,1.50171115117811e-15,-3.91600672401352e-16,6.77442027693957e-07,-1.69617959495481e-07,1.12919656264365e-15,-1.39985933991962e-06,-1.88781980868764e-08,6.6120057392351e-16,4.26929751529564e-08,-1.91531087385715e-16,1.58332508429118e-06,1.59037089557639e-16,1.57916834995288e-06,1.30255452191982e-07,4.71796299829925e-09,4.65887332922833e-07,3.19790697162612e-06,-1.52266180985261e-08,4.67574573866533e-07,9.65257871715631e-17,2.76510397460823e-07,-1.56076389409973e-08,8.00841444605714e-16,-2.05632150851902e-09,-4.1908981319623e-08,9.73786159085657e-09,8.39471095577975e-16,3.12418125773933e-08,4.13225239278946e-08,1.53708016783931e-16,-1.14663234410825e-06,-8.70348248483226e-07,-1.18826782125253e-09,-3.96590360413098e-17,-1.24068761099438e-18,2.12516012064431e-08,6.79855122536441e-07,5.50018873191486e-08,-8.4766493882605e-09,4.02715409238465e-07,-2.15386735732424e-16,-4.42100264971101e-16,1.4702807079053e-06,4.42348614206321e-09,1.98922911062139e-15,3.55390145784631e-06,-3.53220463504847e-16,1.76409222500955e-08,-2.9997611539342e-07,-4.11310487589733e-05,-2.42034261087782e-05,-5.9506450182816e-16,-1.21180100772028e-16,4.31772384172625e-16,-1.04397805907692e-15,-2.02774292848727e-09,-7.03436379104175e-09,-4.41581875207897e-16,-1.35593808631512e-15,-5.5522035538701e-16,9.9044024017867e-09,8.90187768467114e-11,-4.90289773215664e-09,8.25338018914558e-16,-1.78544719699018e-15,-1.23664777420054e-15,-2.10506974679762e-07,6.44173870051624e-09,-1.05394344509371e-15,1.13060319708478e-09,-2.95806418498306e-08,2.4715590994589e-16,-1.53517999106185e-15,-2.12427185001975e-06,-2.09180136532462e-10,-1.05232345275602e-06,1.48388585024437e-15,1.14007467888592e-08,1.84014432320265e-07,1.97477462025811e-07,-7.37158757180066e-07,-4.37477884284276e-08,7.12295082849131e-10,1.43987392428678e-15,1.21486942234424e-15,2.04433385948833e-15,1.3572557267221e-08,-1.22910959138253e-08,-4.94087117797229e-05,-3.64143683556185e-09,-1.91319689898686e-15,1.9180440331046e-15,1.76776684626757e-15,-3.12099871169049e-15,1.33209734613576e-15,1.74059014113486e-08,3.79379732073786e-16,-3.0463340148948e-16,-2.92449866217644e-07,5.13788531026121e-16,-2.62169791761058e-07,-1.65423773161643e-15,-3.32689340845722e-05,-1.60675527726733e-15,-0.000214095132950906,-4.86924884010176e-08,-4.31260596532793e-08,2.62241898993138e-15,1.57119439483422e-06,1.12069361081779e-16,2.38823143707761e-07,-3.80191306652715e-08,2.10405316250178e-10,8.40459832896677e-15,1.15900364365231e-06,2.47023528631423e-15,-8.34659277092512e-08,-4.26086214453676e-08,1.30709827842335e-14,4.3561684756195e-15,7.62814210405785e-15,1.14885041532591e-14,-6.46472917522874e-09,-1.92382181129229e-07,-4.29604782321988e-08,6.71961971694959e-14,4.82823191156496e-14,-4.40381481378175e-09,3.59242307207733e-08,-0.707106781186549,-3.63076486134191e-15,-7.17181817125913e-08,7.38724913561575e-15,-1.27025032338797e-05,-3.7379832649089e-15,1.27152603138736e-07,-2.08970783550735e-15,-9.5663087400436e-15,-6.13648421745196e-15,-9.94479300319144e-17,-3.85914502106107e-15,-2.79182616221533e-15,2.44611935017513e-09,-1.7107445840341e-08,-2.84210569518203e-15,-1.1361297419463e-08,4.77393448847841e-07,-1.52473903295024e-15,-2.66287953671491e-15,8.11488988348315e-16,-5.03716498963374e-16,4.0115860377037e-06,7.01776969238045e-08,7.37878578508232e-16,4.36350335110391e-16,-8.5532029053284e-08,-2.76280707401723e-08,-4.18310119623502e-10,1.59014838443297e-15,-4.66145810124832e-16,-3.71998728107687e-17,-6.86557476983285e-17,-1.0692492595921e-15,5.73930125513473e-16,1.68055211140414e-06,-5.81725205942442e-07,-3.0570060732115e-07,-6.61137927583726e-16,-1.7046631036776e-15,-3.86677925100016e-15,-2.88952333905967e-16,2.88887417871139e-16,4.98310624609416e-16,8.98652886856493e-16,-5.34031695497841e-16,2.90832549048218e-16,-2.91285962769333e-16,-4.4416965156407e-16,3.80381589361014e-16,1.93082775736863e-17,3.82079936890711e-16,1.63335844824882e-09,2.58408682872003e-17,-1.75388800015442e-15,1.04749664021835e-16,2.31241798989063e-08,-2.89097007376279e-06,2.95000099689254e-16,-5.96805141639562e-10,2.11369786176734e-08,-1.14771666869083e-15,8.86941055940094e-16,-4.07658658272549e-08,4.88544807118415e-17,5.20652663559074e-10,5.55368020609889e-16,-1.12790810157217e-15,-3.26559857573642e-16,-2.19744803988406e-15,5.27002307737754e-06,-6.99810031067828e-08,-3.5655256589157e-16,2.85831969628357e-16,1.25474519233138e-15,9.26577244868345e-16,3.89120159705048e-16,-8.08991373519498e-16,-4.71421829044586e-17,-3.59303400077877e-16,8.43058380278147e-10,-6.77164580890822e-16,-2.3406756411883e-16,-1.57079591827394e-16,-1.48888640171475e-16,-9.53375623913578e-16,-2.70766508780758e-17,-1.83329482816756e-07,2.60027706328526e-16,-1.43149935241952e-16,1.24022544969629e-08,1.72754375680404e-16,-1.1033450472211e-15,2.49851224396017e-16,8.87855572547232e-18,1.03485296689601e-08,-3.20983804691735e-17,-7.10870703959415e-06,-3.29629382789716e-16,-1.22260502999503e-16,1.9942574905965e-16,1.89861376335867e-15,-3.37335920411603e-16,1.66148254739698e-16,1.23708457083315e-08,-1.67797584514599e-16,-1.44647363540244e-15,1.56225551762673e-09,-1.54427427814632e-06,-1.63296878557566e-16,2.65808226791645e-07,3.61296261319502e-07,-3.33164298641092e-16,6.21210949769263e-17,2.9744129797203e-16,-2.87134854378839e-16,-1.72214139303025e-16,-6.06507810374682e-07,3.91580747393471e-16,7.74243318042358e-16,-1.81875639814823e-16,2.42786914433776e-07,8.7102840600958e-17,-4.34652694426046e-16,3.4093868941977e-16,1.99379773364362e-16,-1.10598658849674e-07,5.53302178711595e-16,3.26073476742272e-10,-1.04698412157335e-16,-4.46029478860702e-16,-5.0220400051336e-17,-3.25831760068696e-16,1.46501607846074e-16,-2.75426059271078e-16,-1.06659838563173e-16,-5.65824178917284e-09,8.04275790555196e-16,-2.00035225424631e-18,2.37887413175925e-09,3.03978158587105e-16,5.63809675027176e-18,4.94876525122323e-17,5.46737725283967e-16,4.16754981005771e-16,1.74782417072923e-16,-1.7247430521987e-08,4.00293686856092e-18,-5.82803232734433e-16,5.13608635345418e-09,-3.35115819866138e-16,-2.32726174829564e-16,-2.22372357055022e-16,-2.44733790479356e-18,2.87290546010917e-16,6.1071611388855e-17,-2.1311176093159e-16,7.5543436042398e-17,6.59284740345956e-17,2.34296202108854e-16,3.71743527182142e-16,-2.69522410301359e-09,8.93777965495524e-09,1.83024126906801e-16,4.03288946536071e-16,-1.01029643053697e-16,-2.20774368615956e-16,3.44193532182679e-16,1.46212812894654e-16,3.09434825377388e-16,2.79383299934611e-17,-8.52064927700444e-09,-3.46014574177757e-16,2.84059472386594e-16,1.04667669455852e-17,2.81419255113182e-16,9.92109931453449e-10,1.27996843262914e-16,-1.57358855209669e-10,9.57467740953664e-17,4.41587410586451e-17,-1.66930976420851e-17,1.90041346909298e-16,-5.00365813592245e-17,7.27220748793594e-16,-2.99382518415812e-17,5.1305187012135e-17,1.30339530392349e-16,1.87378475587972e-16,4.25551041854798e-16,2.71195655883317e-16,1.63423550851326e-18,1.25539048740998e-16,-2.7739285457724e-16,-8.13470488731096e-17,3.20759587755401e-17,5.10512900532632e-17,4.47965436633098e-17,-7.37899769907323e-17,4.07185678404087e-16,-6.29754787067323e-17,-4.10574888603164e-16,3.06764631677267e-16,-2.26667850395377e-16,7.6175627506796e-09,-3.57382754090544e-17,-2.50027411951962e-16,1.52836810081946e-16,-2.58031791957352e-16,-1.44777268158628e-16,-9.28151371571346e-17,2.25975141046246e-16,-4.43666575342982e-16,-4.14569621827711e-17,5.28690961912338e-17,-8.49878977957075e-17,-1.69611411536417e-16,-2.03731155056236e-16,-1.21407480938235e-16,-3.15350470036557e-16,2.38664683187234e-16,3.71056238586793e-16,-8.88648041246228e-07,1.20144832293373e-16,3.2726464137527e-17,1.89193202571432e-16,2.02898136452121e-16,6.66165565051789e-16,1.56105867776252e-16,-1.14790904558583e-16,-5.65157602185911e-17,6.67303941054208e-17,2.24982993190087e-09,-5.80796324131066e-18,5.25777442473324e-17,-1.94723807181138e-16,-9.26937022254951e-17,-2.4908085154775e-16,2.27448242423128e-17,-4.57550165626424e-17,1.83086337629631e-18,-2.27658643948142e-16,9.50833246984698e-17,-1.33699043564531e-16,2.59454827209476e-17,-2.45539049701053e-16,1.04847655333646e-07,-5.63851759678373e-17,-1.62292568028806e-16,-2.26482043094613e-16,2.64084544163157e-16,-3.1158363970885e-09,-1.06227607843582e-16,-2.49942585772326e-17,7.12884612018004e-17,-3.33370325227515e-16,-2.37517315018527e-16,-1.94678999154746e-16,8.07141423746103e-17,4.43370422682701e-17,6.96308115641425e-17,-1.19403587240943e-17,2.07493455786827e-16,2.22013959379008e-16,-1.90191035402652e-16,1.00216175311805e-16,-1.09999958411176e-16,-1.78381844636109e-16,-2.88656716837789e-16
"t491",0.0375606873310759,-0.0122030336303422,-0.0134562816591493,0.000891898986985354,0.00991694080344154,-0.0390572010209221,-0.00598400859160522,-2.28661750236165e-05,0.0664149075973979,-0.00372992580592466,-0.00635157312425161,0.00036282479291021,-0.000741950213696876,-0.000158994284526418,-0.0044101910809358,0.000101419387926974,6.43094074852662e-05,-7.4885841501952e-06,-0.00322158975861588,0.000929134579366622,-3.72756629989485e-06,1.97219390274602e-06,-0.000112666828278535,-1.41740238773671e-06,2.04090712761914e-08,-3.97608470307681e-05,0.000518249831425163,3.07526905898128e-06,3.28378288146856e-05,-0.0014285107612884,-0.000420543292008828,0.0135788722787698,1.23182153702088e-05,-0.0215275153260663,0.213176099338105,-0.00237279118100769,-7.30695942215962e-05,0.000128753156050329,0.014675798610353,0.00326789893103985,0.000486323479493693,-0.0129768224172547,4.28829877489775e-05,-0.0028744632895782,0.000114765794182962,-3.8224129642321e-05,9.04080511475131e-06,-0.00015884125068251,0.0502761679603676,-0.069432044587509,-0.000167429268093735,9.71813278793829e-05,-4.36472937853979e-05,2.39501416499863e-05,-0.0890742458180723,-0.00104188728998674,-0.00233645556673478,2.32335584170786e-05,-0.000187125322377496,-1.1423091935396e-07,-3.00955211231647e-07,1.93839383929622e-05,-1.2912143141146e-05,9.88053450735813e-06,-0.000114931392828066,2.52077150839875e-06,-0.0112785900892466,4.78125974185367e-05,-1.20758918742416e-05,5.64624389713704e-05,-4.73747824577335e-07,1.05988500002019e-06,-3.47511160000731e-06,-1.96344280059685e-06,8.08140237733379e-07,7.53216034959167e-06,-6.23806910330994e-06,7.36983748357132e-07,-4.74528413637441e-05,5.28494862537009e-06,-1.98041758311529e-06,-0.000190127071732578,0.000927069186300256,3.95599412311447e-05,-0.339894673413148,0.000741806169562715,-0.00014867024540804,-0.0865444373493627,1.10571541141803e-05,-7.44078802702565e-05,-0.000183018106611652,1.6255576955847e-07,0.000111149011393132,-9.59291916823485e-05,-2.38391546979639e-05,-2.99651397646177e-05,-3.53475303936653e-06,2.48920995661423e-05,-0.000328072397949594,-0.0504475585815844,0.000164997208215949,-9.76883181836833e-07,0.000182503641789309,-1.07980775148282e-05,9.58294158112174e-06,-2.21959647219947e-07,3.89098770694085e-05,-4.32215796738597e-08,3.61472556479177e-05,-5.10634841595153e-09,-1.16497655704322e-07,3.47884856651063e-07,-1.26837677732313e-07,4.61469676968148e-07,-5.3210975251812e-07,7.10700689474848e-07,-8.25003157778713e-05,9.581698092224e-05,-1.52440211082086e-05,5.59920341852655e-06,-3.24490247569125e-06,6.98117035764188e-06,-0.00076033232494787,5.96867049735176e-05,3.37493795273697e-07,-9.67064903315929e-06,1.00762683311289e-06,-2.46324758774031e-05,2.33932017248514e-05,0.00081401541941636,6.01831172626291e-06,-2.24508149465632e-05,1.79597677139702e-06,0.000117755433227178,-4.82072741707573e-08,3.19211395582777e-05,-0.00104519677805718,-3.71372886243948e-06,0.00721417204681341,0.00175867968918047,0.00028181161147083,4.03376783617449e-06,-9.40928169823628e-06,-1.91809850142172e-07,-1.07905779361802e-09,-5.09357007075658e-06,-9.15551110630738e-07,5.4347515352336e-05,3.69992555418279e-06,-8.97967849653309e-07,-1.21137955952983e-06,-0.00890261895212415,2.95961424740213e-07,2.37080138511458e-05,-2.92247484839651e-07,-6.20252017023361e-05,3.48478496005513e-05,-3.9077195288718e-06,-0.000239462963755827,-3.0977262685397e-06,-3.05336923675112e-06,4.4506301716666e-07,-3.44498808436103e-05,-4.41613522091075e-06,2.90799602638725e-06,-1.95698447569875e-06,0.000311380915906985,0.000464418225130407,0.000255566560833696,2.01647244907416e-06,-3.83140312983029e-06,-6.78598993825129e-07,8.31085222914942e-08,2.99317345343925e-05,5.35680594635085e-07,1.09308801087935e-06,4.79368146792844e-08,-1.84619986194539e-06,-7.75216376697437e-05,-8.64837497856709e-06,3.50186812357406e-05,9.60910926356327e-06,-2.02769530526792e-06,-8.18854064828546e-09,-2.53149727556136e-07,-1.12546100888501e-07,-0.000949741071921801,0.00577465446485523,-2.82945249005159e-05,-3.76480941212685e-06,-3.75996186939598e-05,0.0460021877240761,-8.8695856278987e-06,1.01405483230477e-09,1.51722304851724e-07,-0.000465720297187587,-2.88300404674887e-05,-5.21816184739118e-07,0.000609883039667511,1.53527086700725e-05,3.67608286413112e-05,6.64632869077466e-05,-1.80673060432004e-06,-0.000599342790135776,-0.233105504692735,0.000231321133728581,-0.0231040572832001,-2.07768600085441e-05,0.000624926655306633,8.28492930618397e-08,0.00125823841111217,7.51877441698718e-06,1.76080845832207e-05,0.00665149201165542,-3.72378545595735e-06,-3.13762348783821e-07,-4.38015348912391e-08,-2.93676273802967e-08,7.58726238903914e-06,2.77461872352229e-06,1.19805131648212e-06,-1.08569121495269e-06,-2.2268063804499e-07,-8.71638358507512e-07,1.98824985161969e-06,1.07050550255334e-07,9.99401313565493e-06,3.93605987183849e-08,6.5748841556004e-06,1.50013080900222e-06,-6.64780787681053e-08,-1.07777620910917e-08,-2.47029129508617e-07,-8.28949916205867e-08,6.69180935456465e-09,-2.96199743505217e-10,-3.15284086724609e-07,2.73220175164452e-16,-5.25943022155418e-09,8.12583052974816e-08,-2.45100125361183e-08,-7.69912035346963e-08,-1.17696812684081e-06,1.63878452006657e-08,-2.76785646689908e-07,1.26144372482903e-07,-2.44771424463463e-07,2.3992290082668e-06,-3.45858153166251e-08,1.46843790169862e-05,-9.77583661209861e-09,1.08436937972276e-06,-9.62724005474353e-06,4.67638944294413e-09,-3.18684376983272e-10,1.5629669084312e-08,-1.55409720119516e-08,2.45449913815264e-07,6.43414720611159e-06,-1.23791097110077e-06,2.46773035205702e-07,-4.51014274066199e-06,5.30022758435509e-06,-3.2312494859856e-07,3.32366089864279e-06,-1.12559451524578e-06,4.52904344030937e-09,3.9466737626569e-05,1.92035715967007e-07,0.000221102926100003,3.93744081934311e-09,-1.25424742027469e-06,1.1407455483944e-07,-1.47714191189502e-07,2.34507314265955e-07,-4.54599241337225e-07,3.55519838339713e-07,-2.61202168711499e-08,5.05777768344877e-06,-2.20345465428324e-08,3.62784879277049e-06,1.1539369726919e-16,-8.96724034542226e-06,-8.92723913149722e-07,-9.56631937214457e-12,-8.43326377803836e-08,1.24887993712439e-07,-7.76570132080902e-08,-2.20854345531214e-08,2.63497364398988e-09,-1.17949201801839e-07,4.46277276518813e-06,0.000198115414192916,-1.4134653572019e-08,8.68538157783183e-06,-0.000220939201903674,5.60343623987089e-07,-1.10463981446152e-05,1.58906428473316e-07,2.77629049794016e-07,4.28473656928921e-09,1.1765098719878e-05,-1.56365642042109e-06,6.94164091253147e-09,-2.18715418443988e-06,2.58542765094059e-07,-9.42318022604645e-07,9.24143521384438e-07,0.000731697600780927,2.45010869376919e-07,-8.57733484823406e-08,-6.03759915347093e-07,6.27303414519875e-08,-2.94220136165583e-07,0.000100593285875224,3.30498578646385e-06,-1.51509850561132e-05,9.89934597514416e-16,6.10081671451297e-06,2.92329044474202e-07,-4.56153260985632e-08,0.000147285889566007,6.34983477618451e-09,3.8870084211846e-05,9.40525104464757e-06,-1.29466365840241e-06,5.93424666549877e-06,1.15620357607127e-15,-5.78920131791092e-05,-4.83084311419555e-09,-0.000284803031688863,1.00174214277679e-07,4.06988672952768e-06,-0.496270930775324,1.91781944200425e-05,-2.25700839099438e-06,3.10679061058356e-08,2.21806233484806e-06,-1.2142875349338e-08,-1.36933298342003e-06,-1.97979496431179e-09,-3.45586066402938e-10,-1.7409157602834e-05,2.63432925903195e-08,-5.49034803763477e-06,2.74024619209328e-16,-1.80255102510928e-07,1.45933708870969e-08,4.20694465564947e-10,4.02704531441642e-09,-6.18717320195321e-06,-3.25163616901488e-05,1.50008522923584e-07,-5.56471697111736e-07,-3.44116266721941e-07,7.70330531629308e-16,-0.000616363392278037,-9.5999936230489e-09,-6.09506947544438e-06,2.95023514279744e-16,1.25859247945148e-06,1.62510144574255e-07,-2.50646176969497e-08,-1.02794895175484e-05,-3.29621393020309e-05,-1.81353166078193e-06,-5.94606129989404e-07,1.86568724345705e-06,1.35535811449679e-07,7.58301316844496e-09,1.78734822330343e-06,5.42156318056321e-08,-2.95411246499175e-16,-2.22080607853451e-08,8.26140998310987e-07,3.60548158525883e-07,-2.30988517138772e-06,7.24623918648622e-17,-4.96411324716629e-08,1.03409252905974e-08,-1.40703721601033e-06,-2.5639323570059e-08,-0.00320736920132875,2.50955539839741e-08,-5.27021766790344e-07,3.27048415811738e-06,-3.66840267933988e-16,1.22846589192676e-05,-5.83830686984373e-08,1.70357563593513e-07,1.84231910130382e-05,-2.42276012714552e-08,-3.06643702435707e-08,-3.90529622529279e-16,-4.93055003407441e-17,-2.85039440117813e-08,-3.31500208710102e-08,4.37881412026097e-09,-4.5502081645004e-05,1.59930227669961e-15,-2.30147720968999e-06,-2.72762664952992e-08,9.8202951322745e-16,2.73743386191156e-16,-1.86283662145332e-16,5.44775688872169e-05,1.54594477297587e-07,-1.72922054837419e-07,5.27557492427498e-06,7.49358911357168e-07,1.39193419350277e-07,-6.04151019675948e-08,-1.52832374604948e-16,-1.33034091553017e-08,3.7427253015805e-08,-4.34129867991299e-17,2.43257705632378e-15,-2.36376995398091e-08,-1.49964157091921e-07,-1.4031119417267e-08,3.54704200802889e-06,1.39090532197646e-08,-6.05605390202026e-05,3.95875580618555e-16,-1.94638916104426e-07,-6.3937344186571e-17,-6.35167457636977e-06,-1.22230242420585e-16,-1.54786137834003e-08,-2.28965485433223e-16,6.36927648600613e-08,1.67767477412625e-08,7.4772511923847e-07,1.03071939802487e-06,4.55449741605593e-08,-5.24513871822627e-09,3.33592157313353e-08,2.04869879752464e-08,5.55621977600859e-05,1.95317139962556e-07,1.1573619352836e-08,-3.29497177697903e-08,-5.5720507050207e-05,-4.78776705271105e-07,-1.55224337414512e-08,5.92076118096687e-18,1.46520208156972e-07,-2.53969455450203e-08,1.34212605204182e-08,-1.19378592155072e-16,2.70405398353399e-05,7.45527699010883e-07,2.46769018332029e-07,-9.73728041790443e-17,-6.15427091820234e-08,-0.00177526556055818,5.82158403240619e-16,-2.50585226278742e-08,8.02788299611693e-08,6.33954109550806e-18,2.29695724681013e-16,-3.2725560718274e-09,-0.00017727405825076,-9.95546906063533e-07,-4.93759663294099e-05,3.66206599069384e-07,9.67187590228148e-09,9.91370566478796e-07,8.76514196499278e-08,-2.20677575194562e-06,7.43329009456062e-16,4.08185155984449e-10,2.77860647018774e-07,8.86739648254593e-06,7.69606134772657e-06,-9.29906197749472e-15,1.76641081549564e-16,1.09966693692546e-06,2.63416889603097e-16,-4.05010865564401e-16,1.14018843631066e-07,-1.67879341704526e-07,-3.14310981292267e-08,-1.76488504349997e-07,8.06146744300918e-07,2.10596103301223e-07,2.69224136629221e-07,1.88748179750866e-16,1.4250126306575e-06,7.1215155063893e-06,3.05398758432518e-07,-2.91494855543697e-08,1.15254232017561e-07,6.1971171643607e-16,1.47101085359305e-17,3.69311548143975e-16,-3.00479294895478e-05,-4.8431575821993e-09,-3.14002205622936e-07,-1.3509032479126e-16,-3.71701226889942e-09,-1.21749480544034e-15,2.19886706118371e-16,6.10303583119574e-07,-1.52812486737119e-07,-1.2755638559292e-16,-1.26190920811992e-06,-1.70236278953254e-08,-4.20805159225384e-16,3.85253781932122e-08,-1.40575106998009e-16,1.42992889967231e-06,-6.22705707151246e-17,1.42627824195104e-06,1.17651126105818e-07,4.26169385246877e-09,4.20868837296966e-07,2.8894646830987e-06,-1.37680904314759e-08,4.2321155883933e-07,7.66124504935981e-17,2.50581049274954e-07,-1.41458720015271e-08,-2.99800084984207e-16,-1.8640495517661e-09,-3.80021019555429e-08,8.83251126921827e-09,-3.36897006919665e-16,2.83635628718121e-08,3.75223851242776e-08,2.8947916498591e-16,-1.04143550369528e-06,-7.90592391909299e-07,-1.07985091790577e-09,5.8884016395972e-18,-3.24123489280759e-16,1.93322545131958e-08,6.18717662457544e-07,5.00600772241714e-08,-7.72902966359528e-09,3.67302669022442e-07,1.31884931161063e-16,-5.46552417922531e-16,1.34125684307928e-06,4.03540542416382e-09,-9.43626129350956e-17,3.24318567144088e-06,1.18983091857892e-16,1.61037037090862e-08,-2.73954770791398e-07,-3.75642950208348e-05,-2.21072317934415e-05,9.7683721778335e-17,1.60627205851812e-16,2.72785129915356e-16,-1.68691343676941e-16,-1.85409930262356e-09,-6.43253232903389e-09,-6.57333717260457e-16,4.58813251917323e-16,-5.33179482714897e-16,9.05983655764122e-09,8.14369513601663e-11,-4.48704293001218e-09,-1.03372128665818e-16,-9.36140813305453e-18,-5.59407663421052e-16,-1.92885032223007e-07,5.90273046824463e-09,6.32719276421262e-16,1.0364793165437e-09,-2.71230651859272e-08,4.4581447901619e-16,2.01455919989532e-16,-1.9486318913091e-06,-1.91890764666109e-10,-9.6559263721469e-07,-9.46723541375029e-16,1.04655125837126e-08,1.68958093900525e-07,1.8137737577586e-07,-6.77351700845252e-07,-4.02030850537223e-08,6.54723157660713e-10,-5.69861858003552e-16,-8.0268440472158e-16,-3.92477720840962e-16,1.24905744284349e-08,-1.13114761112691e-08,-4.54776450197595e-05,-3.35425751769526e-09,-8.71550301698406e-16,-4.19859831403501e-17,7.39979109735385e-16,1.94547494663911e-16,7.51593819350317e-16,1.6045714993742e-08,-5.48407590879843e-16,-1.71964079420735e-15,-2.69677862343125e-07,-3.33734840219588e-16,-2.41759473776235e-07,-3.88599735575329e-17,-3.06797266790059e-05,-8.15715736142525e-16,-0.00019753548621476,-4.49317833413885e-08,-3.98027307464419e-08,1.50214883558835e-16,1.45044970983594e-06,2.43267781929354e-16,2.20579960560105e-07,-3.51375161233641e-08,1.94466797438893e-10,4.32184917337014e-17,1.07146386452016e-06,-5.81802264466636e-16,-7.71929600731911e-08,-3.94071073570406e-08,7.75209757267146e-16,4.05593007607208e-16,-3.49993327983372e-16,1.75871859156928e-16,-5.98096383427489e-09,-1.78001462773871e-07,-3.97531781086922e-08,-2.6587374556216e-16,-2.78651984857326e-16,-4.07703225526435e-09,3.32590330173982e-08,3.99224182232811e-17,-5.70955072799921e-16,-6.64364703136357e-08,9.86212525078938e-16,-1.17684938220978e-05,-1.8834586902638e-15,1.17845604003273e-07,6.41834084995543e-16,-6.85641592379969e-16,-1.20428895760265e-16,-1.14107670611141e-16,-4.40520157085598e-16,-2.5372856452304e-15,2.2687171646429e-09,-1.58668717793924e-08,-7.81380186841328e-16,-1.05400411569111e-08,4.42930821519329e-07,5.55936773820895e-16,1.23189059876607e-15,3.25955071391936e-16,-1.87827571640566e-15,3.72364756595043e-06,6.51472835789973e-08,1.40407608422635e-15,-4.92605517133757e-17,-7.9410089878983e-08,-2.56509788758942e-08,-3.88394687398616e-10,1.02192435693623e-16,-1.33575319942489e-15,9.94970759827122e-16,1.83359280430933e-16,-8.49794021827771e-16,8.28862593643978e-16,1.56162797418233e-06,-5.40599849023341e-07,-2.84109995528575e-07,-5.51499922579285e-17,1.28328384772923e-15,1.63627195491909e-15,2.10016834948195e-15,2.49612203527757e-15,-4.55631575550341e-15,-8.16865298809953e-16,2.54819498732932e-15,2.71954869794548e-15,-2.35028891443144e-15,-8.26837557425237e-15,-1.89545806432506e-15,-5.35973613642008e-15,6.41051879069577e-15,1.5198617190552e-09,2.30869827586518e-15,7.27854738950815e-15,1.14684313640664e-16,2.15208879181929e-08,-2.69062690109394e-06,2.65142032539295e-15,-5.55455919751991e-10,1.9676496406085e-08,8.54218055584591e-15,2.27213287755065e-15,-3.79583422253855e-08,-0.707106781186548,4.84937910488877e-10,5.90096441716919e-15,-1.78184924625018e-14,2.9136887474993e-16,-9.1631502568796e-18,4.91079835231087e-06,-6.52128627866492e-08,-2.62254455401356e-16,-3.43285572614069e-15,-1.30267923691629e-15,1.20620002158657e-16,4.59540446060697e-15,1.95210157007108e-15,-5.75690283046202e-16,1.79118437673949e-15,7.86862242620449e-10,-7.39223560732043e-16,-1.21455444059024e-15,1.1819192136932e-15,-1.67850115346722e-15,-1.03190341921847e-15,2.49430881920592e-16,-1.71165411892891e-07,-9.067719538007e-18,1.64832660066113e-15,1.15800624046275e-08,-2.42167215639407e-16,-2.10478790423296e-15,-1.21323517311664e-15,5.49395566231286e-16,9.66935961095504e-09,3.53941006618859e-16,-6.64300434624649e-06,-3.71302114179738e-16,2.51243478933488e-15,4.70127228914245e-16,-5.97986223696046e-15,-5.31239406208508e-17,2.04037846746473e-15,1.15633772685232e-08,3.54168030841566e-16,-1.96534475749135e-16,1.46057071554573e-09,-1.44377382246282e-06,4.50191682662338e-16,2.48551358196939e-07,3.3785786611643e-07,1.97171711634306e-15,3.0411230619682e-16,4.0670910212374e-16,5.73687712080204e-17,-1.88082618443335e-16,-5.67599442804453e-07,-7.49817433939984e-16,-8.47609239814528e-16,-3.01659840720928e-16,2.27256456342957e-07,-2.87137091327846e-16,-9.76480673630788e-16,-5.08666918695224e-16,3.54712276087182e-16,-1.03550741111215e-07,-9.33295689042827e-17,3.05318724652206e-10,-4.79595863558095e-16,7.65565859393325e-16,1.89714206976961e-16,5.49623874516892e-16,2.85585090080904e-16,1.3725108429214e-15,-3.28121523477918e-16,-5.30031298212403e-09,7.84884022937385e-16,-2.92652138525229e-16,2.22862196563541e-09,-7.52269568146628e-17,1.496160372936e-16,-1.27375939227528e-15,4.61961144801211e-16,-7.59699743654613e-16,1.83883278472932e-17,-1.61632906010019e-08,1.66861045199877e-16,-1.71863190913814e-16,4.81393661005414e-09,1.05466075389446e-15,-7.44497000393186e-17,-9.76521583764015e-16,4.72040758895357e-16,5.92841879259394e-16,-1.57455477254687e-15,-3.92537631375793e-17,2.01512846536006e-16,-6.73989344595515e-16,1.08693825235415e-16,4.44108333314347e-17,-2.52750663012265e-09,8.38213200820119e-09,-7.51809159286857e-16,5.30555566433738e-16,-3.0536685918323e-16,3.00346686295827e-16,2.94442204992751e-16,1.94729193073784e-16,2.72200398700682e-16,-8.85148576255708e-16,-7.99355387734897e-09,-2.74106341134476e-17,1.4397557117834e-16,-1.80766897402807e-16,-7.79610452579456e-16,9.30994129502716e-10,9.34915525395455e-16,-1.47710917781345e-10,2.91553678243297e-17,1.84884401083307e-16,-8.24680176896492e-17,3.11289770616876e-16,-4.55215986727563e-17,1.06075101806917e-15,-2.10274978600251e-16,-3.75917994596498e-16,-6.95482477697356e-16,2.52883517581243e-16,9.08583329050458e-17,-2.66928218068235e-16,-6.30209015260717e-17,-4.30610246177716e-17,2.51268756391953e-16,-1.60574625870322e-16,-3.45261029122128e-17,-8.59091962532593e-17,-2.58945731648229e-16,1.14463288699353e-16,-3.61459451779511e-16,-1.9957526488922e-17,3.90731130710835e-16,-1.6231854136654e-16,2.27659171650162e-16,7.15856590024755e-09,8.17094415090108e-17,4.13262640680042e-16,2.48352392812806e-16,-2.68483863196098e-16,-8.87872436754183e-18,2.69404504236682e-16,5.46611081138057e-16,-6.2309027147661e-16,1.07003310796019e-16,-2.45330052746944e-16,5.03354411103552e-16,2.37989866461242e-16,-1.68521059410628e-16,3.44461774130015e-17,-1.92258262369351e-16,1.00210202264046e-16,-9.98572186120752e-17,-8.35722141410855e-07,-1.90327104884556e-17,-2.20985276550823e-16,5.65259358622429e-17,-1.43614270007711e-16,-5.55967244169313e-16,3.6608239725321e-16,7.3622999120904e-17,7.83737295921599e-17,-3.03860011667888e-16,2.11742416872566e-09,-1.87333336167591e-16,9.09511287109245e-17,8.72549266183073e-18,1.47250292476309e-16,8.28097804770545e-17,-3.73901636106146e-16,2.22094231038404e-16,3.36408940681753e-16,-2.71486757504356e-16,1.09990573166755e-16,-8.60532526434057e-17,-8.53352226109053e-17,-3.65397353397941e-18,9.87502110514436e-08,3.8695235523182e-16,-8.25025377748843e-17,-9.83414734628684e-17,-1.59730085061427e-16,-2.93563072687319e-09,2.28432247498401e-16,-6.09231162344188e-16,1.80067656034551e-16,-9.01086143711558e-17,-3.73747556614758e-16,2.12754825650838e-16,-1.07004788683956e-16,2.89247725776857e-16,-1.3758481134601e-16,-9.25353289495736e-17,-6.92279431784152e-17,-1.27981728286463e-16,5.52070316303966e-17,-4.23710764740096e-17,-6.12467450151505e-17,2.35713916471417e-16,-1.27687561360398e-16
"t492",0.0375606873310759,-0.0122030336303422,-0.0134562816591493,0.000891898986985353,0.00991694080344154,-0.0390572010209221,-0.00598400859160523,-2.28661750236181e-05,0.0664149075973979,-0.00372992580592466,-0.00635157312425162,0.000362824792910215,-0.000741950213696871,-0.000158994284526421,-0.00441019108093579,0.000101419387926971,6.43094074852639e-05,-7.48858415020262e-06,-0.00322158975861587,0.000929134579366636,-3.72756629989603e-06,1.97219390274135e-06,-0.000112666828278508,-1.41740238773324e-06,2.04090713192071e-08,-3.97608470307915e-05,0.000518249831425145,3.07526905897117e-06,3.2837828814681e-05,-0.00142851076128838,-0.000420543292008844,0.0135788722787697,1.23182153701802e-05,-0.0215275153260664,0.213176099338105,-0.00237279118100767,-7.30695942216085e-05,0.000128753156050316,0.0146757986103529,0.00326789893103983,0.000486323479493653,-0.0129768224172547,4.2882987749087e-05,-0.00287446328957821,0.00011476579418298,-3.82241296423174e-05,9.04080511474101e-06,-0.000158841250682507,0.0502761679603676,-0.0694320445875091,-0.000167429268093769,9.71813278794005e-05,-4.36472937853977e-05,2.39501416499689e-05,-0.0890742458180723,-0.00104188728998672,-0.00233645556673483,2.32335584171024e-05,-0.000187125322377519,-1.14230919344467e-07,-3.0095521126067e-07,1.93839383929482e-05,-1.29121431411942e-05,9.88053450740342e-06,-0.000114931392828052,2.52077150830975e-06,-0.0112785900892467,4.78125974184997e-05,-1.20758918741213e-05,5.64624389713086e-05,-4.73747824578679e-07,1.0598850001124e-06,-3.47511159997664e-06,-1.96344280062791e-06,8.08140237733258e-07,7.53216034953491e-06,-6.23806910328737e-06,7.36983748369074e-07,-4.74528413637501e-05,5.28494862538435e-06,-1.98041758310377e-06,-0.000190127071732593,0.000927069186300247,3.95599412311241e-05,-0.339894673413148,0.000741806169562695,-0.000148670245408007,-0.0865444373493627,1.10571541141847e-05,-7.44078802702502e-05,-0.000183018106611625,1.62555769500357e-07,0.000111149011393143,-9.59291916823583e-05,-2.38391546979746e-05,-2.99651397644496e-05,-3.53475303935199e-06,2.48920995660984e-05,-0.000328072397949499,-0.0504475585815844,0.000164997208215942,-9.76883181842911e-07,0.000182503641789308,-1.07980775148147e-05,9.58294158101727e-06,-2.21959647213101e-07,3.89098770693746e-05,-4.32215799164238e-08,3.61472556479306e-05,-5.10634840302242e-09,-1.16497655717795e-07,3.47884856822914e-07,-1.26837677803261e-07,4.61469677026249e-07,-5.32109752475441e-07,7.10700689359256e-07,-8.25003157780152e-05,9.58169809220586e-05,-1.52440211083349e-05,5.59920341842936e-06,-3.24490247578764e-06,6.98117035757601e-06,-0.000760332324947975,5.9686704973323e-05,3.37493795256607e-07,-9.67064903309262e-06,1.00762683301521e-06,-2.46324758772492e-05,2.3393201724836e-05,0.000814015419416428,6.01831172628633e-06,-2.24508149466699e-05,1.79597677142788e-06,0.000117755433227257,-4.82072742346577e-08,3.19211395582916e-05,-0.00104519677805719,-3.71372886250778e-06,0.00721417204681335,0.00175867968918049,0.000281811611470789,4.03376783625277e-06,-9.40928169824617e-06,-1.91809850037945e-07,-1.07905785082366e-09,-5.09357007079955e-06,-9.15551110684281e-07,5.43475153521262e-05,3.69992555390335e-06,-8.97967849826414e-07,-1.21137955956948e-06,-0.00890261895212438,2.95961424618522e-07,2.37080138509189e-05,-2.92247484662613e-07,-6.20252017023619e-05,3.48478496006542e-05,-3.90771952894607e-06,-0.000239462963755917,-3.09772626856327e-06,-3.05336923701766e-06,4.45063017093413e-07,-3.44498808435338e-05,-4.41613522089663e-06,2.90799602637171e-06,-1.95698447557766e-06,0.000311380915907,0.000464418225130132,0.000255566560833765,2.01647244921902e-06,-3.8314031298165e-06,-6.78598993732965e-07,8.31085219792456e-08,2.99317345344406e-05,5.35680594723416e-07,1.09308801080275e-06,4.79368147595126e-08,-1.84619986204465e-06,-7.75216376696602e-05,-8.6483749783902e-06,3.50186812356426e-05,9.60910926357164e-06,-2.02769530517739e-06,-8.18854061575336e-09,-2.53149727451885e-07,-1.12546100829328e-07,-0.000949741071921953,0.00577465446485517,-2.82945249004726e-05,-3.76480941202906e-06,-3.75996186939714e-05,0.0460021877240764,-8.86958562768671e-06,1.01405490335467e-09,1.51722304721578e-07,-0.000465720297187497,-2.88300404673369e-05,-5.21816184516365e-07,0.000609883039667428,1.53527086701635e-05,3.67608286413456e-05,6.64632869078804e-05,-1.80673060415976e-06,-0.00059934279013561,-0.233105504692736,0.00023132113372857,-0.0231040572832002,-2.07768600084113e-05,0.000624926655307109,8.28492930926632e-08,0.00125823841111231,7.51877441692273e-06,1.76080845832232e-05,0.00665149201165551,-3.72378545566959e-06,-3.13762348880809e-07,-4.38015348666302e-08,-2.93676272339528e-08,7.58726238913583e-06,2.77461872343207e-06,1.198051316016e-06,-1.08569121517298e-06,-2.22680638103922e-07,-8.71638358435189e-07,1.98824985167215e-06,1.07050550012177e-07,9.99401313571435e-06,3.93605985588039e-08,6.57488415534852e-06,1.50013080906779e-06,-6.64780786727396e-08,-1.07777621904286e-08,-2.47029129524596e-07,-8.2894991558479e-08,6.6918094017681e-09,-2.96199285200915e-10,-3.15284086633916e-07,2.87152306843021e-16,-5.25943010807183e-09,8.12583052958553e-08,-2.45100125728697e-08,-7.69912035756766e-08,-1.17696812687221e-06,1.63878453492656e-08,-2.76785646832382e-07,1.26144372514678e-07,-2.44771424385949e-07,2.39922900830954e-06,-3.45858152848873e-08,1.46843790169315e-05,-9.77583667217546e-09,1.08436937977e-06,-9.62724005474871e-06,4.67638922486948e-09,-3.18684335471882e-10,1.56296691439085e-08,-1.55409720418559e-08,2.45449913751404e-07,6.43414720598227e-06,-1.23791097062399e-06,2.46773035356959e-07,-4.51014274078293e-06,5.30022758451614e-06,-3.23124948454634e-07,3.32366089867158e-06,-1.12559451497506e-06,4.52904349347157e-09,3.9466737626417e-05,1.92035716269741e-07,0.000221102926100183,3.93744101686669e-09,-1.25424742043618e-06,1.14074554955462e-07,-1.47714191485401e-07,2.34507314289374e-07,-4.54599241501988e-07,3.55519838345705e-07,-2.61202168979836e-08,5.05777768358192e-06,-2.20345464940362e-08,3.62784879275082e-06,-3.56364880382392e-17,-8.96724034525267e-06,-8.92723913046588e-07,-9.56626595932957e-12,-8.43326377458892e-08,1.24887993722422e-07,-7.76570130343749e-08,-2.20854339836045e-08,2.63497365986306e-09,-1.17949202073584e-07,4.46277276523672e-06,0.000198115414192924,-1.41346536776356e-08,8.68538157771274e-06,-0.000220939201903467,5.60343624108008e-07,-1.10463981444193e-05,1.58906428903826e-07,2.77629049861718e-07,4.28473657910337e-09,1.17650987199466e-05,-1.56365642095831e-06,6.94164087665815e-09,-2.18715418442478e-06,2.58542765198079e-07,-9.42318022442328e-07,9.24143521234748e-07,0.000731697600781136,2.45010869617976e-07,-8.57733479776927e-08,-6.03759915342384e-07,6.27303414987918e-08,-2.94220136141742e-07,0.00010059328587504,3.3049857865411e-06,-1.51509850559008e-05,9.15898619227628e-16,6.10081671434686e-06,2.9232904514138e-07,-4.5615325776501e-08,0.000147285889566218,6.34983488923255e-09,3.88700842120126e-05,9.40525104487047e-06,-1.29466365796943e-06,5.9342466651711e-06,1.27779431952948e-15,-5.7892013178978e-05,-4.83084329963619e-09,-0.000284803031688568,1.00174214180937e-07,4.06988672939008e-06,-0.496270930775324,1.91781944203829e-05,-2.25700839114422e-06,3.10679058803446e-08,2.21806233497688e-06,-1.21428754093191e-08,-1.36933298347407e-06,-1.97979501709131e-09,-3.45586199454874e-10,-1.74091576025067e-05,2.63432926011991e-08,-5.49034803746053e-06,2.67530185980894e-16,-1.80255102741066e-07,1.45933705602099e-08,4.20694490181042e-10,4.02704538218592e-09,-6.18717320181318e-06,-3.2516361690091e-05,1.50008522895927e-07,-5.56471696960562e-07,-3.44116266712288e-07,6.81791520949155e-16,-0.000616363392278558,-9.59999346717252e-09,-6.09506947573601e-06,6.49258276782444e-18,1.25859247960334e-06,1.62510144463063e-07,-2.50646174347113e-08,-1.02794895178522e-05,-3.29621393020147e-05,-1.81353166089513e-06,-5.94606130070052e-07,1.86568724345026e-06,1.35535810970758e-07,7.58301306462963e-09,1.78734822342721e-06,5.42156318457196e-08,-5.11266617165949e-16,-2.22080606008474e-08,8.26140998072505e-07,3.60548158633281e-07,-2.30988517153079e-06,2.88278947437774e-16,-4.96411324267225e-08,1.03409254117705e-08,-1.40703721604035e-06,-2.56393226852176e-08,-0.00320736920132945,2.50955543230824e-08,-5.27021766719297e-07,3.27048415794116e-06,5.62304502038299e-16,1.22846589190321e-05,-5.8383068957033e-08,1.70357564058995e-07,1.8423191012833e-05,-2.42276013279379e-08,-3.06643705178574e-08,-4.20670442924376e-16,1.44832878906226e-16,-2.8503943938983e-08,-3.31500203729617e-08,4.37881326846186e-09,-4.55020816452201e-05,1.5978000479742e-15,-2.30147720969164e-06,-2.72762670435338e-08,1.41445923911143e-16,1.83660697600592e-16,2.4108753166715e-16,5.44775688867394e-05,1.54594477195208e-07,-1.72922055039246e-07,5.2755749244717e-06,7.49358911480786e-07,1.39193419094484e-07,-6.04151014716843e-08,2.48654764354649e-16,-1.33034091118802e-08,3.74272530803811e-08,-4.13245640110926e-16,3.31354522763217e-15,-2.3637699393053e-08,-1.49964157263811e-07,-1.40311188795002e-08,3.54704200875122e-06,1.39090532704162e-08,-6.05605390202413e-05,-1.88563600459827e-16,-1.94638916250352e-07,3.29510285925949e-16,-6.35167457610152e-06,-4.04251556274798e-16,-1.54786142119414e-08,2.41326325834802e-16,6.36927649498114e-08,1.67767477891696e-08,7.47725119116259e-07,1.03071939794455e-06,4.55449743258762e-08,-5.24513834573458e-09,3.33592158989535e-08,2.04869876584974e-08,5.55621977604697e-05,1.95317140401324e-07,1.15736191486073e-08,-3.29497178628611e-08,-5.57205070498836e-05,-4.78776704594158e-07,-1.55224313213547e-08,2.74298583832121e-16,1.46520208204305e-07,-2.53969453998112e-08,1.3421259997939e-08,-1.21502214676314e-17,2.70405398351305e-05,7.45527698741789e-07,2.46769018403874e-07,1.06290929001829e-16,-6.15427093594339e-08,-0.00177526556055917,-4.44432873307676e-16,-2.50585228758792e-08,8.02788298218935e-08,1.49197755832305e-17,-2.2473462567037e-16,-3.27255609108417e-09,-0.000177274058250667,-9.95546906230842e-07,-4.93759663289171e-05,3.66206599277232e-07,9.67187602192978e-09,9.91370566990789e-07,8.76514195463983e-08,-2.20677575169499e-06,7.69878410154801e-16,4.08185262764666e-10,2.77860647225507e-07,8.86739648150735e-06,7.69606134790616e-06,-1.00368754446027e-14,-3.83131252474583e-17,1.09966693673981e-06,-1.77261501396209e-16,-1.33598828433285e-16,1.14018843840029e-07,-1.67879341290035e-07,-3.14310984140621e-08,-1.76488505148105e-07,8.06146744882971e-07,2.1059610340214e-07,2.69224136606524e-07,-1.55232995536612e-16,1.42501263065563e-06,7.121515506978e-06,3.05398757798531e-07,-2.91494851204586e-08,1.15254231653933e-07,-4.66295330929237e-16,6.56670212386363e-17,2.65471766264533e-16,-3.00479294894519e-05,-4.84315769040307e-09,-3.14002204777773e-07,-4.08038366657441e-17,-3.71701209732257e-09,-2.34882376516738e-16,-1.29286640036443e-16,6.10303582335816e-07,-1.52812486966116e-07,-3.12033385241328e-16,-1.26190920712304e-06,-1.70236281836476e-08,8.08924554332107e-17,3.85253772312612e-08,1.49592123114631e-16,1.4299288990685e-06,2.05287622966935e-16,1.42627824199211e-06,1.17651126090757e-07,4.2616934419306e-09,4.20868836244015e-07,2.88946468375235e-06,-1.37680908569507e-08,4.23211558739186e-07,-1.59802411314304e-16,2.5058104964511e-07,-1.41458715667229e-08,2.04088956250155e-16,-1.86404923208302e-09,-3.80021027452701e-08,8.83251112258092e-09,2.65960353564312e-16,2.83635632026582e-08,3.75223847192886e-08,-3.63390374659713e-16,-1.04143550368417e-06,-7.90592392257907e-07,-1.07985099949762e-09,-1.46158946858877e-16,1.53965187627481e-16,1.93322543544344e-08,6.18717663549823e-07,5.00600780059352e-08,-7.72902927971025e-09,3.67302669167507e-07,-1.1444581147839e-16,4.83144024347168e-16,1.34125684355001e-06,4.03540550513748e-09,-1.08075601671245e-16,3.24318567183228e-06,-1.09472119979013e-16,1.61037030428071e-08,-2.7395477067492e-07,-3.75642950221724e-05,-2.21072317947753e-05,-2.42086390454776e-16,-5.40842263185009e-17,-3.46535687241289e-16,2.5144690083049e-16,-1.85409835276042e-09,-6.43253269220745e-09,8.05170210843767e-16,-3.68822036099298e-16,2.26953031668864e-16,9.05983634175493e-09,8.14386382651147e-11,-4.48704241033605e-09,3.51310789570529e-17,7.08898814216069e-17,1.31296205461637e-15,-1.92885032613493e-07,5.90273078269456e-09,-5.35648900951862e-16,1.03648050127957e-09,-2.71230646015527e-08,-8.35918582248262e-16,-9.60557629638291e-17,-1.94863189179702e-06,-1.91890508545184e-10,-9.65592636191537e-07,6.51067455070999e-16,1.04655123593124e-08,1.68958094526794e-07,1.81377375568836e-07,-6.773516994858e-07,-4.02030829583612e-08,6.54721268204042e-10,2.02470430717788e-16,2.62571692621398e-16,2.94207555673897e-16,1.24905753890965e-08,-1.13114766682278e-08,-4.54776450208342e-05,-3.35425693554424e-09,4.44217126039263e-16,-1.68966047069486e-16,-5.09809634303567e-16,-1.6115875745313e-16,-2.58503055312856e-16,1.60457159429597e-08,5.00196249500768e-16,1.88656641390208e-15,-2.69677862219108e-07,5.2945955208347e-16,-2.41759471837639e-07,1.66996292496749e-16,-3.06797266809357e-05,7.71480888677414e-16,-0.000197535486212598,-4.49317821506167e-08,-3.98027287435226e-08,-6.22939161436546e-17,1.45044970928397e-06,-2.9704721823635e-16,2.20579960738999e-07,-3.51375129396585e-08,1.94465448089933e-10,-5.10383812825988e-16,1.07146386380449e-06,5.16711169720387e-16,-7.71929584793965e-08,-3.94071084050223e-08,-1.05171564110042e-15,-5.36432746207153e-16,3.34493399304619e-16,-2.4688455328884e-16,-5.9809632113049e-09,-1.78001461812679e-07,-3.97531769494753e-08,2.94635313194631e-16,2.17031874982949e-16,-4.07703204120768e-09,3.32590336207025e-08,2.06947866671783e-16,6.33578538420174e-16,-6.64364672965079e-08,-9.66583006310091e-16,-1.17684938222862e-05,1.90529669704987e-15,1.17845604323546e-07,-7.53815759050709e-16,-2.47108523853149e-15,1.97061552389645e-16,-2.56329241343406e-16,3.93239719569774e-16,2.70643105694151e-15,2.26871363277303e-09,-1.58668711866867e-08,7.60485650986814e-16,-1.05400409456743e-08,4.42930820656115e-07,-7.24716969973443e-16,-1.24902121040062e-15,-3.26298459887778e-17,1.95483877125241e-15,3.72364756039553e-06,6.51472842139359e-08,-1.46359791182754e-15,2.12616297694924e-16,-7.94100909728577e-08,-2.56509814687034e-08,-3.88394809956632e-10,1.15104087285324e-16,1.24494211329012e-15,-8.66676770563307e-16,-2.25258739369926e-16,6.62006697409969e-16,-7.9126060188993e-16,1.56162797297186e-06,-5.40599858919492e-07,-2.84109997400984e-07,-4.81332218943611e-18,-1.1575605947676e-15,-1.63759823267327e-15,-2.36941066706464e-15,-2.44065226939524e-15,4.54241708318325e-15,7.10250785461124e-16,-2.67008890652583e-15,-2.88758898937825e-15,2.35764879813646e-15,8.36581955243153e-15,1.85544078040327e-15,5.41388931858303e-15,-6.39292188461571e-15,1.5198755882426e-09,-2.32541244466535e-15,-6.91842952278469e-15,-9.19629510620734e-17,2.15208860376007e-08,-2.69062689131442e-06,-2.82527510504233e-15,-5.55465861241086e-10,1.96765111236723e-08,-8.52488983019127e-15,-1.11901977412211e-15,-3.79583429307227e-08,0.707106781186547,4.84939372308059e-10,-6.04640457006156e-15,1.79688452669137e-14,-3.9418715807271e-16,4.12458655143315e-16,4.91079833049099e-06,-6.52128658633523e-08,-7.75335988709417e-17,3.39204486636585e-15,1.30562228089466e-15,-3.78844833601016e-16,-4.63945017386419e-15,-1.98332004476195e-15,6.05067200085492e-16,-1.75669574334984e-15,7.86856621365212e-10,8.57815012531243e-16,1.05536288255821e-15,-1.10253221824166e-15,1.63062847952604e-15,1.26172500822824e-15,-3.06934239153913e-16,-1.71165410911027e-07,-7.46914231180382e-17,-1.79720668883126e-15,1.15800611463011e-08,2.90006048423328e-16,2.06820206679629e-15,1.2040343077669e-15,-4.55042814829389e-16,9.66935930574017e-09,-3.76760963490059e-16,-6.64300434858821e-06,2.21564481907078e-16,-2.69488244825147e-15,-5.96131251173153e-16,4.34613579324071e-15,1.0336491754154e-16,-1.54979426627835e-15,1.15633778080014e-08,-7.10185573717516e-16,1.01423499200431e-16,1.46057056443529e-09,-1.44377382135769e-06,-3.48079020686109e-16,2.4855135695247e-07,3.37857863037319e-07,-2.05332284100384e-15,-4.53365628032636e-16,-5.06224444767818e-16,-2.16044570697219e-16,2.29635967779422e-16,-5.67599436740945e-07,7.5413675159604e-16,3.87683281670408e-16,1.71202594217803e-16,2.27256456200654e-07,-1.27517203884046e-16,1.0162475202511e-15,4.79710023456961e-16,-2.79248517971889e-16,-1.0355074115191e-07,-9.65071788961344e-19,3.05318767396712e-10,5.11840222715714e-16,-8.43119107646732e-16,-3.04549009386729e-16,-6.69899743806534e-16,-3.2727291177808e-16,-1.64215771280159e-15,3.34982494643765e-16,-5.30031307758907e-09,-6.15140834679547e-16,4.36944964734191e-16,2.22862177578348e-09,-7.94122136965183e-17,-1.73407959031771e-16,1.17237802230979e-15,-5.57411774854729e-16,7.43413107168703e-16,-5.85935736019272e-17,-1.61632898168751e-08,-4.43166173569435e-16,2.08645585658228e-18,4.81393577743163e-09,-1.12177351849325e-15,1.00262690661083e-16,1.03201774013197e-15,-4.9366157443141e-16,-5.89803750613712e-16,1.41987518558618e-15,2.61594328130334e-16,-3.09341899691102e-16,5.85914259899631e-16,-2.04786911757474e-16,-7.47593472372124e-17,-2.52750671805689e-09,8.38213183173529e-09,4.27779374890388e-16,-2.38353648646689e-16,3.38456934480244e-16,-1.96142016065713e-16,-5.40013997060718e-16,-2.78221262695939e-17,-2.7916589655572e-16,1.14259197273016e-15,-7.99355333797683e-09,1.32722483382447e-16,-1.65902740163931e-16,1.86036371826461e-17,6.38050899369655e-16,9.30994997239709e-10,-3.7309962131665e-16,-1.47711069299857e-10,2.60496662268857e-17,-2.13367983190389e-16,3.5289771510504e-17,-2.83191334481779e-16,2.48787541865572e-16,-8.89453410467228e-16,2.13872303308469e-16,1.03554872608959e-16,5.61761345765208e-16,-3.28122172778723e-16,-3.64459339006128e-16,1.69554685802922e-16,-1.79113521308511e-16,9.51387865952438e-17,-1.56480523028616e-16,2.48265052927408e-16,2.23244665743577e-17,3.10943726103197e-16,2.4245023174333e-16,2.16394817800118e-17,-3.28648783534669e-17,-4.7372553009365e-17,-2.17817996178122e-16,2.37712518842893e-16,-4.08946027355064e-16,7.15856612777812e-09,-4.80699218991425e-16,-1.68899715836043e-16,-2.78150670641649e-16,-1.2460316988943e-16,1.94003073884328e-16,-3.09581670037132e-16,-4.06029478677811e-16,6.593061426751e-16,6.81620268053498e-17,2.04320451654031e-16,-1.15674885035194e-15,1.76431723116424e-17,2.88557449482957e-16,1.39528455893411e-16,4.33550565721081e-16,-2.84931188051086e-16,-6.97490556668872e-17,-8.35722141335156e-07,2.15820628557927e-17,7.81983523083622e-17,-1.19186378062299e-16,-1.45165052388769e-17,1.856761396642e-16,-2.38335012369215e-16,-1.04892521079948e-16,-6.5031428166112e-17,3.18340929224392e-16,2.11742411290561e-09,6.52516771693994e-16,-1.49477312254701e-17,9.22151284641651e-17,-1.17863971202398e-16,-1.30551870691955e-16,3.94676933837662e-16,-2.59908068970121e-16,-2.92683671586824e-16,2.56615275853274e-16,-3.91816844528259e-17,1.72802869573746e-16,5.96635215472554e-17,3.82512581633336e-16,9.87502108118567e-08,-1.24745687952345e-16,9.91974597508702e-17,5.85149706082072e-17,-6.50575513599927e-16,-2.93563086282118e-09,-1.63280574116436e-16,5.62347065375343e-16,-5.6293772385627e-17,2.3174509306627e-16,3.87159130136313e-16,-9.06142848253712e-17,3.1601215124522e-16,-2.28529332834768e-16,6.87855731149506e-19,-1.25717119505462e-17,1.1205674100715e-16,1.41218976456132e-16,-1.33212256474137e-16,-1.44679465527717e-17,8.88591434117294e-17,5.44608788473262e-17,-2.80732156099741e-16
"t502",0.037646371032968,-0.0122623180388516,-0.0135238127646068,0.000897940562157341,0.00999970762609281,-0.0394419276622592,-0.0060441583761602,-2.31151198490894e-05,0.0672758464320618,-0.0037892251741763,-0.00648196920204541,0.000372185314931954,-0.000761712756137736,-0.000163300468377585,-0.00453544911206305,0.000104491010848937,6.63095538382262e-05,-7.72626389089582e-06,-0.00332652362881873,0.00096239776070096,-3.87366752312722e-06,2.06872412705198e-06,-0.00011855741178819,-1.49202432371499e-06,2.14887036877119e-08,-4.19877767637481e-05,0.00054770034183732,3.25197004776279e-06,3.47877623296376e-05,-0.00153337640874738,-0.000454148841674492,0.0147308580701206,1.34682348439293e-05,-0.0236724822829887,0.235989123461412,-0.00265723817667774,-8.19973705718332e-05,0.000144866307079986,0.0165315869232366,0.00369063696233546,0.00055207431710036,-0.0147990284771077,4.90489537021612e-05,-0.00328858149930294,0.000131769145788506,-4.45002829559883e-05,1.05724921215245e-05,-0.00018615144892566,0.059284481847533,-0.0824409947285238,-0.000200727462699155,0.000117054991341514,-5.26097394532974e-05,2.90422787909917e-05,-0.109356145234106,-0.00128160464736829,-0.00298654227636863,3.00501663571341e-05,-0.000242377341350227,-1.52763983219245e-07,-4.13607233684703e-07,2.70331918131722e-05,-1.8234225115796e-05,1.39983856357605e-05,-0.000167004932976342,3.75493924563896e-06,-0.0178958244570022,7.84073613234265e-05,-2.01307497996368e-05,9.71523986101319e-05,-1.0263407565202e-06,3.1402646986199e-06,-1.1036870320552e-05,-7.42749571516211e-06,3.13688186217715e-06,3.22274294261581e-05,-2.78635526681683e-05,4.26893844488171e-06,-0.00133995209246629,-0.000173211701887327,1.22708237338063e-05,0.000983179772720058,-0.00193095213326745,-6.70048269112587e-05,0.264877990443519,-0.000471366997296246,7.64600688015159e-05,0.0429743504604747,-5.44017773235064e-06,3.57681293116246e-05,8.08494163537036e-05,-2.67179943396314e-08,-1.61125383919629e-05,3.07846188484461e-06,-2.62873386110096e-06,-3.825415187032e-06,-4.54051043176679e-07,4.20403352298843e-06,-5.99453115679534e-05,-0.011603527347096,4.34987572193233e-05,-2.60279743947615e-07,4.91964748951982e-05,-4.11587304820711e-06,3.71592562069864e-06,-8.7179868168507e-08,1.56188380927263e-05,-1.74512396043499e-08,1.47432472083741e-05,-2.11369185001975e-09,-4.84483802282839e-08,1.48561202720256e-07,-5.43290126354139e-08,2.09920282169719e-07,-2.44836860454335e-07,3.34816213304539e-07,-3.925657012007e-05,4.67818186262404e-05,-7.6134139699839e-06,2.84132423347873e-06,-1.66090312303875e-06,3.67386222067996e-06,-0.000406763521841674,3.19507108907519e-05,1.81074042991248e-07,-5.27045332698731e-06,5.49843026373289e-07,-1.36126688590242e-05,1.33606491632819e-05,0.000465071484651196,3.44700947722859e-06,-1.31136751659491e-05,1.05290161340821e-06,6.92163535141391e-05,-2.86347898087179e-08,1.89879081382081e-05,-0.000634770475707274,-2.29105386972781e-06,0.00454129944672371,0.00110769646234917,0.000178091028901678,2.5534534283492e-06,-5.97238087851555e-06,-1.21873246485584e-07,-6.85627784957192e-10,-3.2601179459861e-06,-5.94380224456045e-07,3.57844366115395e-05,2.44467497065853e-06,-5.978773841086e-07,-8.07040611851305e-07,-0.00594835276901606,1.98087565267408e-07,1.58987353158088e-05,-1.99520796015127e-07,-4.24673588304756e-05,2.39083935550193e-05,-2.81415396173355e-06,-0.000174669876512333,-2.26410812645618e-06,-2.25726649819172e-06,3.2981226591066e-07,-2.59292847578856e-05,-3.33040184729087e-06,2.22923477419716e-06,-1.52593230623557e-06,0.000257339859209892,0.000384723041207636,0.000211839842014966,1.68722380857198e-06,-3.24290276779659e-06,-5.7534718601881e-07,7.22312774084756e-08,2.62322332849107e-05,4.7850776417606e-07,9.81238232613602e-07,4.31419351882321e-08,-1.75101099151211e-06,-7.86356497693369e-05,-8.88993610259567e-06,3.6475504167917e-05,1.04438855726996e-05,-2.24377198869648e-06,-9.2305781576019e-09,-2.90665951870632e-07,-1.38514954424679e-07,-0.00119168527947787,0.00900101096565516,-4.45112838685692e-05,-6.57014488210799e-06,-0.000102869239139214,0.324223728705498,-0.000175562440419072,-9.93190877283192e-09,-6.56930265685745e-07,0.000653573715688556,3.42633011755507e-05,4.53191000513125e-07,-0.000459002216434333,-4.39555171552971e-06,-1.00795875561492e-05,-1.23028976145946e-05,2.22938360219457e-07,2.24831551203844e-05,0.00868555968052581,-7.4984865088058e-06,0.000462355510278732,2.77330833343601e-07,-1.49949222497289e-06,-4.7296729466625e-11,-9.34911613443991e-06,-8.25185450406137e-08,-6.21921378033482e-07,-0.000365502064974992,2.06782859331737e-07,2.32718957826732e-08,5.95346491776307e-09,4.41900296304754e-09,-1.86890522394551e-06,-9.30037357851976e-07,-4.45044713791533e-07,6.09890269639396e-07,1.37954432322472e-07,6.0147094809525e-07,-1.92326738047311e-06,-1.11159539906977e-07,-1.0561552635146e-05,-6.29561800811818e-08,-1.40487756634818e-05,-4.70705837179818e-06,2.57266842429983e-07,5.38285489399207e-08,1.65448687247285e-06,6.11876112594025e-07,-3.58822505852817e-07,-6.53526848217964e-09,-2.91539890271576e-06,1.54920269059907e-16,-2.79594548575297e-08,4.00638867084462e-07,-8.31991820109219e-08,-2.16792347994333e-07,-2.94604273237623e-06,4.07628542365768e-08,-5.85128083765641e-07,2.6075445454173e-07,-5.00958949464214e-07,4.69638942881768e-06,-6.58601406364807e-08,2.67125377810841e-05,-1.74555583330409e-08,1.92194999285269e-06,-1.64283341276917e-05,7.05912440644821e-09,-4.65350997319591e-10,2.22666615921783e-08,-2.11449687756903e-08,3.32980243509383e-07,8.49832400004283e-06,-1.61308954539909e-06,3.15916055937433e-07,-5.74317811721976e-06,6.71287603050093e-06,-4.06301608939568e-07,4.13705503349335e-06,-1.39949543198862e-06,5.50331789609335e-09,4.79333632298639e-05,2.33105313745611e-07,0.000266885160701708,4.74307418803115e-09,-1.50141061046338e-06,1.36398926708907e-07,-1.71010157143913e-07,2.70654679364295e-07,-5.23419401894136e-07,4.07174548452734e-07,-2.97937280586434e-08,5.71925251298673e-06,-2.48566152406839e-08,4.08487817610108e-06,4.34781181239615e-17,-1.00349277769684e-05,-9.98232712155068e-07,-1.06694008318723e-11,-9.35258015807416e-08,1.37855724773747e-07,-8.5536478056612e-08,-2.43008680511319e-08,2.86281889846031e-09,-1.28049709926227e-07,4.84393767151784e-06,0.000214298360799323,-1.51479415114577e-08,9.29363078175093e-06,-0.000236159778572517,5.96868761414823e-07,-1.16165502033467e-05,1.66225287191203e-07,2.90326118928194e-07,4.48028161083397e-09,1.21380267546468e-05,-1.58573565206762e-06,7.02267000220572e-09,-2.20460441395749e-06,2.59393951935417e-07,-9.44018037051255e-07,9.13326788334199e-07,0.000722323489389626,2.41365463281558e-07,-8.43734558835366e-08,-5.90939296279144e-07,6.1036058667004e-08,-2.84597727376338e-07,9.70415249950168e-05,3.17311848446306e-06,-1.43858710884173e-05,4.5389529760495e-17,5.15953057700848e-06,2.42421252509025e-07,-3.65499839592514e-08,0.000117882623432796,5.07613209352427e-09,3.07754235910727e-05,7.30238670793304e-06,-9.79421669340838e-07,4.20968745883026e-06,-7.74656954535682e-17,-3.1853652314041e-05,-2.52666057013232e-09,-0.000130040867126314,4.48605387702804e-08,8.44761443877091e-07,-0.00037737077350478,-9.23849137378096e-06,2.47711728979563e-06,-2.49658116713638e-07,1.59176804677519e-05,-5.14838312729536e-08,-4.94476566039503e-06,-6.62352492887639e-09,-1.03907329023948e-09,-5.18224926782864e-05,7.40069944498771e-08,-1.48435273407015e-05,-1.62043589828927e-16,-4.07695870401868e-07,3.22796991008103e-08,9.30365338822914e-10,8.49409304594773e-09,-1.29787022797581e-05,-6.5363205623118e-05,2.99880953693386e-07,-1.11154415114661e-06,-6.8583086348476e-07,9.99519665971315e-17,-0.00122712849925872,-1.91127907972941e-08,-1.21569927820995e-05,5.55610959038056e-16,2.52337242560895e-06,3.26375382788072e-07,-5.03864604276912e-08,-2.07087077371424e-05,-6.66755818795705e-05,-3.68115997530403e-06,-1.21053771464552e-06,3.83700802489554e-06,2.7911968053593e-07,1.57478180146725e-08,3.77714931710546e-06,1.14685677986423e-07,-4.85107370071358e-17,-4.9212313487933e-08,1.84914261639409e-06,8.2708528008889e-07,-5.54307696436595e-06,2.71489618505349e-16,-1.37802116454569e-07,4.05224084843163e-08,-7.77190787940986e-06,-1.87392008210449e-07,-0.044411965845686,-2.50635298589529e-07,6.83104011510773e-07,1.74626939121351e-06,-5.65214943452877e-17,1.12020844157874e-05,-5.44894492418205e-08,1.66047535055189e-07,1.88999015446236e-05,-2.49434760701474e-08,-3.19764317803771e-08,1.41163122857613e-16,2.59669401277755e-16,-3.16888095538645e-08,-3.85831669746343e-08,5.12319366965289e-09,-5.51413218616543e-05,2.04880122788172e-15,-2.97821322443272e-06,-3.6217626740675e-08,7.57757832818085e-16,-1.4085357727125e-16,7.32383508642264e-17,7.78079179190802e-05,2.22741260641913e-07,-2.56650683844919e-07,8.02601558061461e-06,1.14333007188054e-06,2.18007565791276e-07,-9.49095184505854e-08,-3.59257029452938e-17,-2.20468850945978e-08,6.32285246195451e-08,5.22445814369841e-16,4.03892298745084e-16,-4.31991097803197e-08,-2.79610789840805e-07,-2.68947873073207e-08,6.93024243516182e-06,2.82319564866037e-08,-0.00012370718447623,-9.34669579973997e-16,-4.01100005370037e-07,-3.88888875013913e-16,-1.34334661916861e-05,-9.15988205424378e-16,-3.33908070770934e-08,6.14025387750405e-16,1.41026752621337e-07,3.73475949956895e-08,1.79591532324847e-06,2.5190865900374e-06,1.12140338754833e-07,-1.33514476794732e-08,8.75309768052339e-08,5.80235497111326e-08,0.000157477284710627,5.67826076952023e-07,3.53440548140335e-08,-1.0814116101016e-07,-0.000195561657554037,-1.78022723657019e-06,-5.94884910610967e-08,-1.0018268926268e-15,6.22199239152549e-07,-1.20924465482082e-07,1.01625896993431e-07,-7.90134919636243e-16,0.000251121523960666,1.07841870863335e-05,4.74623183850863e-06,-1.04649747713163e-15,-1.43112606016155e-06,-0.289002982749432,3.13528753378226e-15,1.96640347241879e-06,-5.80902672502812e-07,-4.16517096174854e-17,1.90483668093757e-15,1.68919809505508e-08,0.000891164409721165,4.45016451507329e-06,0.000194497218782379,-1.12124188475921e-06,-2.90261207308474e-08,-2.89325798792024e-06,-1.9351180892226e-07,3.97843204174339e-06,1.52113564799716e-15,-6.84481207385048e-10,-4.6026788784889e-07,-1.40760429297113e-05,-1.16155540208156e-05,1.41015912013259e-14,6.52037736626151e-16,-1.55077856222247e-06,2.42242518925655e-16,1.35603793603526e-15,-1.0719677284304e-07,1.47447339851721e-07,2.75663483139502e-08,1.3340928418131e-07,-5.97199595349331e-07,-1.55338580634373e-07,-1.93112655972968e-07,2.10197998806958e-17,-7.54386546469315e-07,-3.52442869136215e-06,-1.47775673232791e-07,1.25779399085469e-08,-3.98128783630864e-08,-3.45481135383319e-16,-1.25552372506287e-17,3.23766966472387e-16,7.18523895506078e-06,9.60976174693489e-10,6.13672226376725e-08,2.49949944932056e-16,5.905484933203e-10,1.11761892319085e-15,-2.38206492504173e-16,-1.33155558535821e-08,3.10254821724676e-09,1.36717893950422e-16,-1.06940440084005e-08,-4.17579740488461e-10,-6.07913120754003e-16,2.15375107276581e-09,4.29124208669498e-16,1.30596184961722e-07,7.51669541847037e-16,1.34637043668731e-07,1.13840799088586e-08,4.23694413490241e-10,4.33912914970951e-08,3.21553051972994e-07,-1.94042958308641e-09,7.60591997176042e-08,3.29034069041799e-16,5.62295652495685e-08,-3.23883094779198e-09,-3.44649652100716e-16,-4.38011521424844e-10,-9.34027482318503e-09,2.25543137594221e-09,2.11224337154188e-16,8.13817055429411e-09,1.09939273556029e-08,9.2998992247237e-16,-3.13458596801482e-07,-2.41047478208888e-07,-3.44717396295726e-10,4.85342605077647e-16,2.6342864670556e-16,6.80809173867293e-09,2.26365782122816e-07,1.84547292906599e-08,-3.29961175666286e-09,1.60257800035573e-07,-1.56805757772279e-16,-1.12205727980962e-16,5.93909231508255e-07,1.79020202373038e-09,-2.20910796357951e-16,1.47435375160103e-06,-1.39844623142945e-16,7.49237744427591e-09,-1.3149788987997e-07,-1.80704050088144e-05,-1.07265500069125e-05,8.37801529835561e-17,4.42794339360953e-17,-2.83136538470266e-16,-2.52438980939209e-16,-9.70711113421704e-10,-3.3886351245564e-09,-9.05229376902316e-16,-9.50728280759819e-16,2.27208664001293e-16,4.88058672826321e-09,4.42974413581482e-11,-2.50607103864043e-09,6.7334380362094e-17,-9.40270945956265e-16,-1.22501970590064e-15,-1.18132855899187e-07,3.62703126468629e-09,-5.27171656177008e-16,6.61537269756590e-10,-1.7586884437191e-08,2.79108064107218e-16,6.8619576431083e-17,-1.31316266738283e-06,-1.29725525955919e-10,-6.68488344137319e-07,-8.23983458727357e-16,7.55521374444381e-09,1.24988305600074e-07,1.39084781624242e-07,-5.47906716947528e-07,-3.3022857671086e-08,5.54208891225144e-10,2.75498422655355e-15,-1.07862881983401e-14,-2.05023818404688e-16,1.31727706927915e-08,-1.19804941282107e-08,-4.99894756868615e-05,-4.71075788488975e-09,-5.4982531300175e-15,-2.16920261973633e-15,-6.27289836970535e-15,1.65125841025078e-15,1.17173381183468e-15,3.62363241471483e-08,-2.88277607161649e-15,9.98078479660768e-15,-8.67455601184828e-07,-1.12274390527702e-15,-7.97105560380315e-07,-5.84894487358828e-17,-0.000105652063942698,-1.01633324536176e-14,-0.385029880338109,5.44995750003344e-07,1.78639440935234e-07,7.04285174750063e-15,-3.42818293139898e-06,3.09535237535949e-15,-2.16674342590024e-07,1.43098693014511e-08,-7.62412578745966e-11,5.10823411322876e-15,-2.90359778969608e-07,1.35856820330853e-15,1.02402881829561e-08,5.00721163218240e-09,-1.80155283295104e-15,1.64135731539766e-15,6.14802789607857e-16,-7.07818919663734e-16,2.68865197798016e-10,4.7039303109573e-09,2.49295902717336e-10,9.28429172528994e-16,3.57235009227722e-17,-3.01609444770945e-10,2.56210627404751e-09,5.28220005894793e-16,3.20202720908382e-17,-9.9688194645586e-09,-1.19725003355969e-15,-1.91874479161775e-06,1.57317906527556e-16,2.31897010922159e-08,1.18162853291916e-15,-3.78289090911796e-16,-3.40046488284333e-16,8.69133918928745e-16,4.85255398966395e-16,4.17921384670313e-16,5.71185358823676e-10,-4.00467764156156e-09,-1.51611055581169e-15,-2.8283266865026e-09,1.21638207980802e-07,6.07907034758749e-16,-1.23462602783531e-16,1.51865317412018e-16,3.29900769861009e-16,1.11491738308027e-06,1.9852265759095e-08,1.06672245973404e-15,-4.55836109800261e-16,-2.46538296275625e-08,-7.98244435646198e-09,-1.21816981234219e-10,-9.07330429395564e-16,3.97688929641082e-17,-5.47367820699879e-16,1.23294164307708e-15,5.29701307727623e-15,1.97827125030058e-15,5.45158597842417e-07,-1.90319315913585e-07,-1.0084051747093e-07,-9.78315909938189e-16,1.86411827038859e-15,4.67091685798644e-15,-7.70653008323723e-16,-1.14897178005366e-15,-3.08703573279193e-15,3.55598267623795e-15,6.01503185594829e-16,1.04960440885824e-15,2.85625640982206e-15,8.68771372996769e-16,1.46632117086655e-15,-1.9901542068503e-17,5.93452573745293e-16,6.03287012563390e-10,1.42932850808632e-15,-3.37773601120304e-15,2.47445268852448e-15,8.64566310539472e-09,-1.08383940322778e-06,4.85324424904878e-15,-2.24122361599881e-10,8.0501354473147e-09,-5.83643541212222e-16,-1.24909407553472e-14,-1.57851906625768e-08,8.96247425335388e-16,2.05452073086388e-10,-1.03062410923816e-14,2.48057822830659e-14,5.09372378043705e-14,-0.707106781186546,2.13755149359142e-06,-2.84346333600735e-08,1.16469907612737e-15,-6.93148990542524e-15,-3.66510680181145e-17,1.35491357397229e-15,4.80210760479133e-15,-2.17574426941127e-15,-5.18599444986289e-16,-3.74025725916539e-15,3.70119946337323e-10,-2.06828568077411e-15,-1.00767582549985e-15,-9.60120982033189e-16,2.83232735401692e-16,1.79268099727984e-15,5.45475635103758e-17,-8.16123915251361e-08,-1.09350730740172e-15,1.7168580871724e-15,5.53477837222164e-09,-2.30060015066766e-17,5.92181265734718e-17,-1.74032839643031e-16,-3.2646715645016e-15,4.74608006193287e-09,8.46797209882739e-16,-3.27516876295688e-06,1.33198758442325e-15,1.06973949836108e-15,-2.52967899226619e-15,8.45660690352277e-15,-1.93336554599359e-16,-9.84726636486674e-16,5.75146642232927e-09,-1.43244330222751e-15,6.258255122475e-16,7.31223536863018e-10,-7.23050012229212e-07,-1.47546120602252e-15,1.25157566457139e-07,1.70414644799308e-07,-3.00944203591609e-16,-8.04635897926827e-16,-2.33464005577139e-16,3.29077758329785e-16,-1.61391189421482e-15,-2.93103135456086e-07,1.98861780934392e-16,-9.11117188658547e-17,-8.28807159265983e-16,1.18018481053288e-07,5.431976373099e-16,-8.19549783451971e-16,7.08986497521976e-16,1.09683698134966e-16,-5.41671258296696e-08,9.5002724656057e-16,1.60060639100148e-10,2.96699335564244e-16,3.67682048316265e-16,1.20091226020211e-16,2.0111043951044e-16,9.00033854363924e-16,-4.05500744815722e-16,-6.34546392381106e-16,-2.80999347921728e-09,-3.17877937391497e-16,-1.20498021233289e-15,1.18470016164847e-09,-5.22637095330349e-18,-9.44743057433053e-17,-1.12027137421308e-15,2.88059171336964e-16,9.06344936498641e-16,-8.44038864293427e-16,-8.6631158195468e-09,-7.64584480666154e-16,1.31952734515572e-16,2.58940087781553e-09,2.84825938780483e-16,1.46218026808659e-16,5.10717984791425e-16,-1.52394763751916e-16,9.10026270632937e-16,-1.04873769101388e-15,3.13208223489969e-16,-3.01921413830134e-16,-2.19846019620468e-16,-9.73323640749962e-16,8.27638173499629e-17,-1.37689573447613e-09,4.5730066934629e-09,3.60952678607661e-16,3.44676665549983e-16,4.81028128009215e-17,1.18778477895507e-16,1.35525271560688e-19,6.42984992804243e-16,3.48970377357469e-16,1.0254676778735e-16,-4.39386775176642e-09,-4.5491436943014e-16,-6.79873298935337e-17,-1.21374440280511e-16,4.83196586665851e-16,5.14907410202864e-10,9.28842255681518e-16,-8.22452658156006e-11,2.40504996185867e-16,-6.811616132098e-17,-2.71404760841385e-16,-8.11246251409912e-17,-7.79539649005007e-18,1.60537205912193e-16,9.14508519734149e-18,-3.1204108397697e-16,-4.53138022881616e-16,2.05013697860964e-16,-1.43566863003038e-16,-2.64175867788245e-16,7.21219354297472e-17,3.41684330090907e-16,-1.9299602437587e-16,-2.52233665875e-16,4.46194666769721e-17,-4.5922215538123e-16,1.7404775819627e-16,-4.43501289650197e-16,9.26233915954366e-16,-5.95899708420737e-17,3.71405672868748e-16,-9.00665183457655e-18,-8.79710956826525e-18,4.07809583059088e-09,-2.00083186713117e-16,2.66146163847669e-16,-1.02024343660248e-17,-3.20011420014195e-17,-3.39440853060488e-16,-4.63560706412505e-17,-4.66363993218855e-16,-4.84480192302151e-16,3.8425394027489e-16,1.80836649202247e-16,-1.86252380705854e-16,-9.57998210864193e-17,5.15147576877289e-16,-1.42175343572234e-16,4.41727829466082e-16,7.34431906183887e-17,7.66254515906192e-16,-4.82795399751535e-07,-1.06006775134757e-16,1.85602660632747e-16,2.29210038234854e-16,-6.56113819509828e-17,4.01808117010963e-16,-1.04245754274293e-16,-2.64467053550774e-17,-2.23617020983493e-16,-1.19036173760623e-16,1.23966406688589e-09,1.0961351276183e-16,2.25610175158663e-16,-2.0146032461264e-16,-3.7606438517997e-16,-2.40627254420473e-16,-2.33960739080038e-16,1.77872017138175e-16,-6.1109388916843e-17,-9.36430497323067e-17,1.47503857074505e-16,7.56343494469254e-17,2.70179775465684e-16,1.63962798422944e-16,5.85376029550693e-08,3.21950763595051e-17,1.19689535791182e-16,-1.02662565133917e-16,-1.05162189720232e-15,-1.74978448896907e-09,-3.31449265939535e-17,-1.05785109478526e-16,-1.14524745714515e-16,1.41719386970737e-16,-1.36041850106249e-16,-1.8225031260546e-17,-4.25846989421397e-16,8.79041394662794e-17,-1.26434516078554e-17,2.39505698676283e-16,-3.76048067310223e-17,-4.96150460412814e-18,-2.05666716053527e-16,1.23890293943648e-16,-2.23209865988344e-16,1.97141718483158e-16,-5.58600534073147e-16
"t503",0.037646371032968,-0.0122623180388516,-0.0135238127646068,0.00089794056215734,0.00999970762609281,-0.0394419276622592,-0.00604415837616021,-2.31151198490911e-05,0.0672758464320618,-0.00378922517417632,-0.0064819692020454,0.000372185314931971,-0.000761712756137739,-0.000163300468377582,-0.00453544911206305,0.00010449101084894,6.63095538382228e-05,-7.72626389089544e-06,-0.00332652362881873,0.000962397760700959,-3.8736675231008e-06,2.06872412705586e-06,-0.00011855741178819,-1.49202432371933e-06,2.1488703698825e-08,-4.19877767637134e-05,0.000547700341837361,3.25197004775787e-06,3.4787762329647e-05,-0.00153337640874739,-0.000454148841674466,0.0147308580701206,1.34682348439666e-05,-0.0236724822829886,0.235989123461412,-0.00265723817667768,-8.19973705718247e-05,0.000144866307079992,0.0165315869232366,0.00369063696233547,0.000552074317100366,-0.0147990284771077,4.90489537020603e-05,-0.00328858149930295,0.000131769145788497,-4.45002829559469e-05,1.05724921215189e-05,-0.000186151448925627,0.0592844818475331,-0.0824409947285239,-0.000200727462699172,0.000117054991341513,-5.26097394532961e-05,2.90422787909876e-05,-0.109356145234106,-0.00128160464736821,-0.00298654227636848,3.00501663571904e-05,-0.000242377341350193,-1.52763983223385e-07,-4.13607233687222e-07,2.70331918131704e-05,-1.82342251157962e-05,1.39983856357069e-05,-0.000167004932976314,3.75493924561027e-06,-0.0178958244570021,7.84073613234149e-05,-2.01307497996781e-05,9.71523986101796e-05,-1.02634075656805e-06,3.14026469856033e-06,-1.10368703205744e-05,-7.42749571505443e-06,3.13688186210661e-06,3.22274294262054e-05,-2.78635526681814e-05,4.26893844487274e-06,-0.00133995209246628,-0.000173211701887326,1.22708237337588e-05,0.000983179772720039,-0.00193095213326746,-6.70048269113661e-05,0.264877990443518,-0.000471366997296299,7.6460068801523e-05,0.0429743504604747,-5.4401777324306e-06,3.57681293116328e-05,8.08494163536955e-05,-2.67179944043582e-08,-1.61125383919725e-05,3.07846188473865e-06,-2.62873386103828e-06,-3.82541518703607e-06,-4.54051043149233e-07,4.2040335231477e-06,-5.99453115677592e-05,-0.0116035273470961,4.34987572193203e-05,-2.60279743923602e-07,4.91964748951474e-05,-4.11587304834806e-06,3.71592562073618e-06,-8.71798683052766e-08,1.56188380928419e-05,-1.74512392751437e-08,1.47432472083801e-05,-2.11369189838872e-09,-4.84483804964952e-08,1.48561201852872e-07,-5.4329012581189e-08,2.09920282180544e-07,-2.44836860473744e-07,3.34816213811683e-07,-3.92565701201537e-05,4.67818186265297e-05,-7.61341397023342e-06,2.84132423347355e-06,-1.66090312300003e-06,3.67386222053719e-06,-0.000406763521841634,3.19507108909202e-05,1.81074043025411e-07,-5.2704533267902e-06,5.49843026535703e-07,-1.36126688585201e-05,1.33606491631416e-05,0.00046507148465144,3.44700947698174e-06,-1.31136751659568e-05,1.05290161335456e-06,6.92163535141343e-05,-2.86347899020102e-08,1.89879081381958e-05,-0.000634770475707273,-2.29105386965931e-06,0.00454129944672371,0.00110769646234908,0.000178091028901599,2.55345342820495e-06,-5.97238087845799e-06,-1.21873246541874e-07,-6.85627856032785e-10,-3.26011794583887e-06,-5.94380224278866e-07,3.57844366115681e-05,2.4446749708203e-06,-5.9787738402587e-07,-8.07040611925113e-07,-0.00594835276901605,1.98087565385228e-07,1.58987353159524e-05,-1.99520795933757e-07,-4.24673588304267e-05,2.39083935550791e-05,-2.81415396176414e-06,-0.000174669876512272,-2.264108126409e-06,-2.25726649812015e-06,3.29812265924729e-07,-2.59292847579031e-05,-3.33040184731337e-06,2.22923477449447e-06,-1.52593230613209e-06,0.000257339859209684,0.000384723041207535,0.000211839842015052,1.68722380846805e-06,-3.2429027676663e-06,-5.75347186026882e-07,7.2231277302876e-08,2.62322332849464e-05,4.78507764274993e-07,9.81238232656005e-07,4.31419351110066e-08,-1.75101099195328e-06,-7.8635649769378e-05,-8.88993610267618e-06,3.64755041678071e-05,1.04438855724781e-05,-2.2437719887697e-06,-9.2305781645256e-09,-2.90665951895013e-07,-1.38514954365761e-07,-0.00119168527947798,0.00900101096565497,-4.45112838688715e-05,-6.57014488201029e-06,-0.000102869239139223,0.324223728705497,-0.000175562440418985,-9.93190873395451e-09,-6.56930265843145e-07,0.000653573715688708,3.42633011757851e-05,4.53191000441434e-07,-0.000459002216434345,-4.3955517154589e-06,-1.00795875561901e-05,-1.23028976146111e-05,2.22938360175592e-07,2.24831551203928e-05,0.00868555968052664,-7.49848650904376e-06,0.000462355510278636,2.77330833481403e-07,-1.49949222496547e-06,-4.72967424606464e-11,-9.34911613441839e-06,-8.25185450429105e-08,-6.21921378116904e-07,-0.000365502064974995,2.06782859530654e-07,2.32718958912321e-08,5.95346483456239e-09,4.41900290857277e-09,-1.86890522398499e-06,-9.30037357843754e-07,-4.45044713911587e-07,6.09890269476856e-07,1.3795443222057e-07,6.01470947951926e-07,-1.92326738045591e-06,-1.11159539850551e-07,-1.05615526354874e-05,-6.29561800461047e-08,-1.40487756635133e-05,-4.7070583719064e-06,2.57266842383685e-07,5.38285489747815e-08,1.65448687255746e-06,6.11876112566613e-07,-3.58822505888723e-07,-6.53526880697614e-09,-2.9153989031248e-06,-7.42850754413695e-17,-2.79594549692195e-08,4.00638866957718e-07,-8.31991821584854e-08,-2.16792348232871e-07,-2.9460427322537e-06,4.07628542502038e-08,-5.85128083730164e-07,2.60754454463985e-07,-5.00958949411529e-07,4.69638942867398e-06,-6.58601406879795e-08,2.67125377810634e-05,-1.74555583320732e-08,1.9219499933299e-06,-1.64283341276797e-05,7.05912411209468e-09,-4.65350907276601e-10,2.22666616915521e-08,-2.11449687677565e-08,3.32980244027915e-07,8.49832399991104e-06,-1.61308954556021e-06,3.1591605593723e-07,-5.74317811728458e-06,6.71287603067322e-06,-4.06301609022788e-07,4.13705503349288e-06,-1.39949543211433e-06,5.50331797376951e-09,4.79333632299248e-05,2.33105313409807e-07,0.000266885160701423,4.74307404764757e-09,-1.50141061105484e-06,1.363989267627e-07,-1.71010156798751e-07,2.70654679497979e-07,-5.23419401888806e-07,4.0717454862589e-07,-2.97937283558531e-08,5.71925251293299e-06,-2.485661538505e-08,4.08487817622992e-06,3.40621224175052e-17,-1.00349277771897e-05,-9.98232712416226e-07,-1.06694280595479e-11,-9.35258013083525e-08,1.37855724950383e-07,-8.55364779299666e-08,-2.43008679451949e-08,2.86281902763541e-09,-1.28049709645804e-07,4.84393767137618e-06,0.000214298360798965,-1.5147941516328e-08,9.29363078155857e-06,-0.000236159778572432,5.9686876122181e-07,-1.16165502035507e-05,1.66225287193426e-07,2.90326118866478e-07,4.48028166363727e-09,1.21380267542971e-05,-1.58573565227686e-06,7.02266995650144e-09,-2.20460441400661e-06,2.59393952066338e-07,-9.44018037284452e-07,9.13326788551552e-07,0.000722323489389401,2.41365462932402e-07,-8.43734559609503e-08,-5.90939296463572e-07,6.10360585388754e-08,-2.8459772746701e-07,9.70415249953737e-05,3.17311848431841e-06,-1.43858710882863e-05,-9.42501374308704e-17,5.15953057706968e-06,2.42421252463422e-07,-3.65499841892649e-08,0.000117882623432774,5.07613238290695e-09,3.077542359131e-05,7.30238670786612e-06,-9.79421669329328e-07,4.20968745862879e-06,-4.15783829079639e-18,-3.18536523139989e-05,-2.52666048257147e-09,-0.000130040867126475,4.48605387110003e-08,8.44761443868309e-07,-0.000377370773504619,-9.23849137421896e-06,2.47711728981383e-06,-2.49658116503547e-07,1.59176804677911e-05,-5.14838316702128e-08,-4.94476566044136e-06,-6.62352484133846e-09,-1.03907316677596e-09,-5.1822492678134e-05,7.40069943824205e-08,-1.48435273408199e-05,3.79558691181432e-17,-4.0769587053357e-07,3.22796985416601e-08,9.30365480070382e-10,8.49409262189062e-09,-1.29787022796859e-05,-6.53632056228991e-05,2.99880953466824e-07,-1.1115441504219e-06,-6.85830863414864e-07,-2.64047738073298e-17,-0.00122712849925831,-1.91127906855125e-08,-1.21569927821758e-05,1.74298795088578e-16,2.52337242565702e-06,3.26375382904644e-07,-5.03864604366799e-08,-2.07087077373513e-05,-6.66755818798646e-05,-3.68115997543719e-06,-1.21053771447188e-06,3.83700802528751e-06,2.79119681700795e-07,1.57478182769553e-08,3.77714931748775e-06,1.14685677935717e-07,1.44770674654398e-17,-4.92123137175848e-08,1.84914261662046e-06,8.27085279738319e-07,-5.54307696416711e-06,-2.32693753974701e-16,-1.37802116443505e-07,4.05224085517673e-08,-7.77190787930653e-06,-1.87392007124283e-07,-0.0444119658456869,-2.50635298650501e-07,6.83104011013297e-07,1.74626939116992e-06,2.14100697538661e-16,1.1202084416325e-05,-5.44894492433113e-08,1.66047535103542e-07,1.88999015444381e-05,-2.49434763541134e-08,-3.19764316255212e-08,-3.79470760369927e-16,-7.08584894739618e-18,-3.16888099284413e-08,-3.8583166524316e-08,5.12319317082084e-09,-5.51413218619483e-05,2.21189831527214e-15,-2.97821322436712e-06,-3.62176264585174e-08,2.27937661048102e-15,-2.32644076782314e-17,-3.57716590320038e-17,7.78079179187109e-05,2.22741260532351e-07,-2.56650683853986e-07,8.02601558081271e-06,1.14333007178327e-06,2.18007565746988e-07,-9.49095187998058e-08,-1.03892913112409e-16,-2.20468850459685e-08,6.32285248220007e-08,3.0344899774754e-16,4.0396475707178e-16,-4.31991098595194e-08,-2.7961078935371e-07,-2.68947876024024e-08,6.93024243468581e-06,2.82319563376249e-08,-0.000123707184475256,-1.5835371942026e-16,-4.01100004788593e-07,3.32273750459535e-16,-1.34334661916569e-05,-4.14781869875064e-16,-3.33908075019914e-08,6.4400008164445e-16,1.41026752432042e-07,3.73475948988716e-08,1.7959153230952e-06,2.51908658947804e-06,1.12140338626766e-07,-1.33514483458522e-08,8.75309766965185e-08,5.80235494632226e-08,0.000157477284710637,5.67826076207794e-07,3.53440545000769e-08,-1.08141161140269e-07,-0.000195561657554112,-1.78022723645061e-06,-5.94884911027615e-08,-1.29696476062727e-15,6.22199238698952e-07,-1.20924465375546e-07,1.0162589716544e-07,-1.03096860407253e-15,0.000251121523961313,1.07841870863452e-05,4.74623183873024e-06,-7.20637074710998e-16,-1.43112606031096e-06,-0.289002982749432,2.75044489189645e-15,1.96640347256997e-06,-5.80902672513252e-07,-1.45583466055406e-16,1.18861972729301e-15,1.68919806839058e-08,0.0008911644097209,4.45016451509253e-06,0.000194497218781989,-1.12124188483282e-06,-2.90261208386706e-08,-2.89325798828103e-06,-1.93511808988283e-07,3.97843204177473e-06,9.55100798796793e-16,-6.84480963081537e-10,-4.60267888128353e-07,-1.40760429295593e-05,-1.16155540202969e-05,1.37898841096658e-14,4.84084917854934e-16,-1.55077856197962e-06,6.40418308627711e-16,1.77450156653534e-15,-1.07196772215373e-07,1.47447339486918e-07,2.75663483399791e-08,1.33409284763169e-07,-5.97199595560868e-07,-1.55338580696507e-07,-1.93112655463215e-07,8.67393440767952e-17,-7.54386546238172e-07,-3.52442869161471e-06,-1.47775673198429e-07,1.25779403718274e-08,-3.98128793874409e-08,-2.34539948420981e-16,-4.4571396571262e-17,6.22301064339542e-16,7.18523895565154e-06,9.60975528773365e-10,6.13672229740381e-08,2.38345616415808e-16,5.90548648753742e-10,3.95919747075828e-16,-2.09787766342407e-16,-1.33155566858663e-08,3.10254849521117e-09,-5.49419450907029e-16,-1.06940438298023e-08,-4.17579233490308e-10,-8.10950306343287e-16,2.1537491813804e-09,1.23235189246464e-16,1.3059618521432e-07,1.01734575223574e-15,1.34637043070602e-07,1.13840798039936e-08,4.23693774074892e-10,4.33912913030094e-08,3.21553052154417e-07,-1.94042937487216e-09,7.60591993540895e-08,1.17067312395021e-16,5.6229565257798e-08,-3.23883100478382e-09,1.71961155793706e-16,-4.38011031889745e-10,-9.34027475705887e-09,2.25543172929096e-09,-4.43489965856688e-16,8.13817097551264e-09,1.09939269450549e-08,4.83204628498658e-16,-3.13458596699865e-07,-2.4104747796698e-07,-3.4471719761794e-10,-4.10074635413365e-16,-4.43734304172999e-16,6.80809129462934e-09,2.26365781749784e-07,1.84547291759342e-08,-3.29961162512718e-09,1.60257800154223e-07,-1.7103406187269e-16,-3.2930914589329e-16,5.93909231425602e-07,1.79020151533209e-09,-8.48590320700145e-16,1.47435375202054e-06,1.21523037921377e-16,7.49237786683747e-09,-1.31497889616261e-07,-1.80704050080213e-05,-1.07265500075573e-05,1.65692606154417e-16,-1.85971213473975e-16,3.68880324945412e-16,-2.54717904870806e-16,-9.70711266250607e-10,-3.38863563005556e-09,-6.03021581901277e-17,-1.51187977466045e-16,2.72953275544616e-16,4.88058613537893e-09,4.42977626660716e-11,-2.50607216016403e-09,-2.86972044565563e-16,7.69519268185165e-16,-4.62486765464426e-16,-1.18132855813115e-07,3.62703173759367e-09,1.47531091828504e-16,6.61535974750158e-10,-1.7586883461317e-08,3.01825010562834e-16,2.43023585632848e-16,-1.3131626670357e-06,-1.29724456877831e-10,-6.6848834471013e-07,-1.37067824012552e-15,7.55521383143505e-09,1.24988305203072e-07,1.39084781025177e-07,-5.4790671695921e-07,-3.30228571061627e-08,5.5421051588561e-10,2.35480790762436e-15,-8.53857386491728e-15,3.38131284878105e-16,1.31727704797712e-08,-1.19804947130367e-08,-4.99894756879368e-05,-4.71075799214171e-09,-5.65546879777502e-15,-8.0801919382073e-16,-6.35939884155763e-15,1.31525979591201e-15,3.93037806108906e-15,3.62363247315809e-08,-3.37241251473512e-15,1.16874381644828e-14,-8.6745560368421e-07,-4.87436681669493e-17,-7.97105558922198e-07,-1.35499867883617e-15,-0.000105652063943987,-1.08774418057243e-14,-0.3850298803381,5.44995748969438e-07,1.78639438480457e-07,5.95290428020486e-15,-3.42818293104886e-06,2.15171238822682e-15,-2.16674342174503e-07,1.43098688703022e-08,-7.62414350566118e-11,4.82682435297937e-15,-2.90359779691541e-07,-1.16374342833706e-16,1.02402879789495e-08,5.00721278528566e-09,-2.56848521476148e-15,-6.35153681296589e-16,-6.93056255678931e-16,9.45467649171593e-17,2.68864394703614e-10,4.70393027528737e-09,2.49294409992648e-10,5.69511280365581e-16,-5.23082238868477e-16,-3.01610295066306e-10,2.5621048801972e-09,-3.71589005301792e-15,8.13035242011024e-16,-9.96881815490966e-09,4.85825190841979e-17,-1.91874479329677e-06,6.46302051368883e-16,2.31896998297441e-08,-9.64360761310138e-16,-1.60629090167731e-15,1.48722727509331e-16,-1.09753193523131e-15,2.74455705100991e-16,-3.99642978244106e-17,5.71189039982052e-10,-4.00467769093042e-09,7.60953069002087e-16,-2.82832768421325e-09,1.21638209281535e-07,3.24261657220378e-17,1.74380634248427e-16,-5.99459577007806e-17,-1.05899396181489e-15,1.11491738200198e-06,1.98522661797586e-08,-1.44783320373478e-15,5.73482939073892e-16,-2.4653833579894e-08,-7.98244416717587e-09,-1.21818366702083e-10,1.23940476255244e-15,2.41484333357985e-16,9.36982107539234e-16,-2.26407818142353e-15,-4.36148475913645e-15,-1.99364024498343e-15,5.45158594610096e-07,-1.90319315530437e-07,-1.00840514825631e-07,7.99536262687926e-16,-1.3555701342229e-15,-4.70077396493965e-15,4.14223171397901e-16,9.04610561209169e-16,2.19037190347203e-15,-2.23833201370286e-15,2.64994585291773e-16,-1.50858603999252e-15,-3.03648852494096e-15,-8.63224560249029e-16,-7.64779277010991e-16,-1.91069405371269e-16,-5.89623181998574e-16,6.03278922896068e-10,-1.4726377620305e-15,2.96094361598242e-15,-2.1875835547521e-15,8.64566778825735e-09,-1.08383941513609e-06,-4.48511027774871e-15,-2.24124142525931e-10,8.05012296825207e-09,4.38056562080823e-16,1.37218566229688e-14,-1.57851857581401e-08,-3.90446102811088e-18,2.0548838734402e-10,9.82044353991673e-15,-2.41918958565301e-14,-5.06707894900831e-14,0.707106781186552,2.1375514544815e-06,-2.84347201699097e-08,-5.66040226608884e-16,6.91398062756719e-15,-4.04480692608055e-16,-9.06461107168602e-16,-4.50889867976978e-15,2.5796089242482e-15,3.6638338212261e-16,3.45161966211476e-15,3.70111639376038e-10,1.91320837846216e-15,9.45230978694947e-16,7.79199645433375e-16,2.03445197203059e-16,-1.97071295551181e-15,-2.11399125244581e-17,-8.16123964149008e-08,8.25609666542374e-16,-1.33183278251555e-15,5.53477852047857e-09,-2.36966364761194e-16,-2.43743398945537e-16,2.02066914899424e-16,3.19985183055233e-15,4.74608691633097e-09,-1.18903333360516e-15,-3.27516876651604e-06,-1.25329774983998e-15,-8.93177876056061e-16,2.21561686457423e-15,-7.61971384061961e-15,2.06798490405707e-16,1.80481752924811e-15,5.75146643691736e-09,1.1849732231995e-15,-7.67131716471938e-16,7.31225512343782e-10,-7.2305001482766e-07,9.48888509638086e-16,1.2515756638154e-07,1.70414644628228e-07,6.8478244557827e-16,4.5358046012169e-16,5.49909362736461e-17,-3.35679142423516e-16,1.19771246896727e-15,-2.93103132398862e-07,1.15396945691179e-16,-2.59576407679373e-16,7.10969371907843e-16,1.18018480928195e-07,3.53032883858381e-16,-2.48163571352077e-17,-4.08468391066353e-16,9.79225796702949e-17,-5.4167126657763e-08,-9.81386124128561e-16,1.60062349213417e-10,-2.20853276735826e-16,-8.84959963165873e-17,2.44367768009802e-16,-1.24825196603175e-16,-8.63268029544242e-16,8.63857925168658e-16,5.53511998822749e-16,-2.80999208986236e-09,-8.23614709087902e-16,1.11352987911079e-15,1.18469899596939e-09,-6.23144585466094e-17,3.20495631843038e-16,7.9409808292156e-16,-5.3489578979733e-16,-7.20376919044265e-16,8.90360857356538e-16,-8.66311505781776e-09,2.40790709358777e-16,-3.68805204961084e-16,2.5893987394895e-09,-4.47443402328495e-16,-4.31597053493129e-16,-3.04878092756541e-16,3.75136089944738e-17,-1.1155630065253e-15,1.04454306122256e-15,-3.8497226496392e-16,5.40685262136878e-16,2.01965408391337e-16,7.62476354239902e-16,9.66463971858005e-17,-1.37689488238905e-09,4.57300928721741e-09,-2.29175074056155e-16,-4.77684711936015e-16,4.97976319288125e-17,9.79009015865287e-17,1.96168764825949e-15,-3.93805454774547e-16,-2.85378095863295e-16,-2.24664855706982e-18,-4.39386717772492e-09,3.53624350916613e-16,-1.51358337770862e-17,2.34895921810659e-16,-4.1134471411439e-16,5.14907178505627e-10,4.57474982011452e-16,-8.2245498488788e-11,-1.60558779478872e-16,-8.96604257620946e-17,1.92273149211906e-16,6.77092427873122e-17,1.91354740459695e-16,-4.19787508721972e-16,-5.33623643520197e-17,1.35663079327365e-16,2.9242587799077e-16,-4.6531734604919e-16,3.15160037404056e-16,9.9857371149698e-17,-6.6661379875487e-17,-4.28223155600395e-16,1.21614965783202e-16,6.24980576969009e-16,5.65899519413353e-17,4.88415185500754e-16,2.21954780776629e-16,5.65948972789009e-16,-5.13098678128765e-17,1.29429306555982e-17,-9.5709280619472e-17,-3.60606067309777e-17,1.4601777212284e-16,4.07809608694773e-09,8.33878875311476e-17,-3.08264147135135e-16,-5.0243709676735e-17,-5.21203145810284e-16,7.28506144062958e-16,1.8015394151735e-16,2.37028043695817e-16,-6.93672577817567e-16,-1.84952017979054e-16,-3.59408300337379e-16,1.74800495258975e-16,1.39064723030253e-16,-6.04426317911565e-16,1.04561457278418e-16,-3.07530869234996e-16,-2.58525081242526e-17,-4.59786645559871e-16,-4.82795398781133e-07,1.02459320889051e-16,1.84782439039847e-16,2.23744778465922e-17,1.84305533016982e-16,-3.60385015213834e-16,6.38944762236326e-17,-3.73141016163314e-17,-3.65391017542524e-16,-1.57270353814776e-17,1.23966381215612e-09,2.73680406513206e-16,5.80278601616628e-17,4.90082127667729e-17,3.5060182067995e-16,3.13780513389366e-16,2.41424691599973e-16,-2.70554656510795e-16,2.11458921334407e-19,-4.93429619560311e-17,7.45165221174632e-17,-2.09037042624086e-16,-2.65856487072045e-16,-4.77735894699452e-17,5.85376026452205e-08,1.14121077275192e-16,-1.82131178028743e-16,-2.1866189549854e-16,-6.31547765472806e-17,-1.74978447590052e-09,8.39758596611735e-17,3.38345921296242e-16,2.5050340658576e-16,-2.97659117079228e-16,1.71285283574153e-16,1.82774160011129e-16,4.23760830355846e-16,-1.11064180172019e-16,-2.48586324610843e-17,-1.17015534213591e-16,1.42722286187387e-16,1.5939750119855e-16,-1.94435184323888e-17,-2.98673155655508e-16,-7.00718804896917e-18,-8.74753569068014e-17,-3.00866930296866e-16
"t366",0.0376419858049718,-0.0122593101529755,-0.0135203883093231,0.000897635984807067,0.00999555667848975,-0.0394227276927236,-0.00604115854593857,-2.31027380428009e-05,0.067233312342107,-0.00378632287549827,-0.00647567925849292,0.000371741019841733,-0.000760777098976343,-0.000163096866935938,-0.00452955012073532,0.000104347162486788,6.62161098285051e-05,-7.71518065489471e-06,-0.00332164241911665,0.000960864921472133,-3.86700003930351e-06,2.0644367595267e-06,-0.000118298131553263,-1.48874296096164e-06,2.14412608918991e-08,-4.18907226258529e-05,0.000546419593644173,3.24429838732e-06,3.47035277350895e-05,-0.0015290039635312,-0.000452769488046955,0.0146841213937642,1.34224831886952e-05,-0.0235883360732987,0.235108413449736,-0.00264654844402693,-8.16634250459337e-05,0.000144267178400772,0.0164627634687143,0.00367504947714798,0.000549677362684087,-0.0147332595025554,4.88278111991298e-05,-0.00327373697965599,0.000131164251521845,-4.42833373316039e-05,1.0520023036944e-05,-0.000185219923782077,0.0589809309859586,-0.0820084708171918,-0.000199640395965779,0.000116411791930469,-5.23200458790768e-05,2.88794821044161e-05,-0.108721828818617,-0.00127413280896827,-0.00296752724672861,2.9854394318511e-05,-0.000240794010313382,-1.51710271707069e-07,-4.10639351541311e-07,2.68354764675076e-05,-1.80988164246643e-05,1.38940364152343e-05,-0.000165724894239269,3.72544730737653e-06,-0.0177477582701687,7.77437989239726e-05,-1.99586175084017e-05,9.63062924711543e-05,-1.01654172117134e-06,3.10826966067447e-06,-1.09233280068757e-05,-7.34956701222184e-06,3.1038894980008e-06,3.18856239573614e-05,-2.75670490415999e-05,4.22277237034873e-06,-0.00132493572400956,-0.000171243089345661,1.21280319284885e-05,0.000971680942124416,-0.00190753702636341,-6.61836040571809e-05,0.261483871921445,-0.000465255106319304,7.5456874314437e-05,0.0424094315558832,-5.36862842858734e-06,3.5297119765068e-05,7.97800042902073e-05,-2.6349743712374e-08,-1.58896394261468e-05,3.0348168334981e-06,-2.58990821043654e-06,-3.76857326915836e-06,-4.47302396210745e-07,4.14059451692419e-06,-5.90356831057474e-05,-0.011423757584452,4.28135538427983e-05,-2.56173740623286e-07,4.84191040264366e-05,-4.04601691158229e-06,3.65253073526444e-06,-8.56865758276993e-08,1.53494002713108e-05,-1.71495966984094e-08,1.44875222939604e-05,-2.07683609371211e-09,-4.76021626584764e-08,1.45940095554063e-07,-5.33693234667307e-08,2.0611455688568e-07,-2.40373839405024e-07,3.28640263451729e-07,-3.85286256032619e-05,4.59018062422683e-05,-7.46823739930004e-06,2.78659209687298e-06,-1.62872597086063e-06,3.60128738140646e-06,-0.00039862793134524,3.13113701048135e-05,1.77444293682392e-07,-5.16346919059161e-06,5.3867026897391e-07,-1.33330958157811e-05,1.30779334316784e-05,0.000455227188405522,3.37387121547964e-06,-1.28299542000167e-05,1.03003538228307e-06,6.77090549828942e-05,-2.80042680793688e-08,1.85691656074012e-05,-0.000620446006337227,-2.23840601186074e-06,0.00443437903228163,0.00108159918195108,0.00017387800439573,2.49292167507405e-06,-5.83032730865927e-06,-1.18970791426026e-07,-6.69299142406743e-10,-3.18176841320662e-06,-5.7983865226434e-07,3.48932297306032e-05,2.38352254191174e-06,-5.82777167684399e-07,-7.86642158591021e-07,-0.00579745565453836,1.93051748006839e-07,1.54935725752994e-05,-1.94323064985586e-07,-4.13571858652897e-05,2.32818485654239e-05,-2.73629773358211e-06,-0.000169775390381105,-2.2005412153162e-06,-2.19321116909175e-06,3.2043265980468e-07,-2.51818349538352e-05,-3.23424130257204e-06,2.16402567701325e-06,-1.48073812255016e-06,0.000249445184205119,0.000372906094928393,0.000205331045667617,1.63513914914083e-06,-3.14224376982036e-06,-5.5747446156163e-07,6.99631865686855e-08,2.54057614061082e-05,4.63322726711934e-07,9.50044422951629e-07,4.1769201719668e-08,-1.69436497418851e-06,-7.60485126137418e-05,-8.59661174036864e-06,3.52686934380565e-05,1.0095551411052e-05,-2.16870429774938e-06,-8.92082759930444e-09,-2.8088437306186e-07,-1.33809272084158e-07,-0.00115110623651236,0.00868832551056514,-4.29639961020253e-05,-6.34024202476079e-06,-9.92042856822014e-05,0.312501122824082,-0.000169182730256682,-9.56829063852563e-09,-6.32745686572415e-07,0.000629116508543254,3.29766349444408e-05,4.36046322366199e-07,-0.000441573613889313,-4.22391305117571e-06,-9.68548523078163e-06,-1.18162398993206e-05,2.1401939562999e-07,2.15593553875973e-05,0.00832863947076958,-7.18959778529949e-06,0.000443168078053242,2.65762870605606e-07,-1.43609924998655e-06,-4.5264075029843e-11,-8.94206008415302e-06,-7.89113588330239e-08,-5.94245751596014e-07,-0.00034907728286216,1.97488149540487e-07,2.22179076858425e-08,5.67867276016165e-09,4.21430016648033e-09,-1.78066737873352e-06,-8.85552905274726e-07,-4.23662744042808e-07,5.80050294496207e-07,1.31175748246564e-07,5.71777690994544e-07,-1.82696549786996e-06,-1.05577725236298e-07,-1.00308412575789e-05,-5.97440465760661e-08,-1.33253819816953e-05,-4.46222007615118e-06,2.43823876017183e-07,5.10025736576582e-08,1.56724455897717e-06,5.79571352418759e-07,-3.39660569116321e-07,-6.18379679273718e-09,-2.7574092566361e-06,-7.67701377907223e-17,-2.64277844750577e-08,3.78643782335914e-07,-7.85634538468228e-08,-2.04575942264053e-07,-2.77849295726923e-06,3.84432772018846e-08,-5.51262990138459e-07,2.45620227968428e-07,-4.71845409788447e-07,4.4217597274638e-06,-6.19927526371318e-08,2.5132003318519e-05,-1.64192784043381e-08,1.80769261445852e-06,-1.54443190342184e-05,6.62297240745771e-09,-4.36285960307768e-10,2.08634198933386e-08,-1.97864886358231e-08,3.11558441471808e-07,7.94427839916622e-06,-1.50714387503512e-06,2.94948351070754e-07,-5.3607194518812e-06,6.26427547461596e-06,-3.79018083887532e-07,3.85725892833703e-06,-1.30476829652482e-06,5.12406681507526e-09,4.46287731012172e-05,2.17027339571533e-07,0.000248388085629746,4.41375396940368e-09,-1.39656905170778e-06,1.26864285444723e-07,-1.58644051890345e-07,2.51010736601817e-07,-4.85318922153248e-07,3.77337035469361e-07,-2.75988035182135e-08,5.29284156764138e-06,-2.29969511720198e-08,3.77842861671001e-06,-1.40664202930592e-16,-9.27501900071762e-06,-9.22547178786819e-07,-9.85725791428401e-12,-8.63388989247779e-08,1.27176676827143e-07,-7.88850734043389e-08,-2.24076495002314e-08,2.63434992853291e-09,-1.17814857771713e-07,4.45660671810132e-06,0.000197042090401926,-1.39038159949318e-08,8.52772961219472e-06,-0.000216651524823481,5.47179277564328e-07,-1.06206521734352e-05,1.5179979894679e-07,2.65112948779719e-07,4.09111262378686e-09,1.10517160352666e-05,-1.43890199999317e-06,6.36958486280676e-09,-1.9982882492712e-06,2.34933008170981e-07,-8.54788561003916e-07,8.25304342430929e-07,0.000652607558696077,2.18007472659274e-07,-7.61933520734567e-08,-5.33302932130562e-07,5.50435297561686e-08,-2.56484933125302e-07,8.74301643620135e-05,2.85742201486893e-06,-1.29408359756625e-05,-9.08114728908147e-18,4.61058131558917e-06,2.16482406618722e-07,-3.26060207023594e-08,0.000105159207604873,4.52810613322102e-09,2.74460057279216e-05,6.50930765348205e-06,-8.72559478011044e-07,3.74607252830312e-06,2.63386046069136e-18,-2.82702235062302e-05,-2.24167201295023e-09,-0.00011529062073553,3.97687030580698e-08,7.47543096299346e-07,-0.000333610585960905,-8.15568332612999e-06,2.1846511743515e-06,-2.19714010101666e-07,1.3980856649998e-05,-4.51619358947984e-08,-4.33445700504249e-06,-5.80341022347179e-09,-9.09688696055101e-10,-4.53655780086303e-05,6.47490791585822e-08,-1.29809175070435e-05,-7.68300231274092e-17,-3.5534754934359e-07,2.81152740035388e-08,8.10332669392097e-10,7.38340527953026e-09,-1.12781713246849e-05,-5.65858310122311e-05,2.59329840199966e-07,-9.61030325614278e-07,-5.92479664836981e-07,-1.33405003893619e-16,-0.0010591093285561,-1.64901004289634e-08,-1.0475063516267e-05,3.24803813087446e-16,2.17116193026087e-06,2.80725258334742e-07,-4.33313053019339e-08,-1.78025962450973e-05,-5.72838671872354e-05,-3.16119138432906e-06,-1.03917355803695e-06,3.29031700331938e-06,2.39320674052128e-07,1.3492391889922e-08,3.23195179527873e-06,9.81252606725902e-08,-4.27756769260054e-17,-4.1997391013224e-08,1.57732898432245e-06,7.04802597622356e-07,-4.71633743100578e-06,1.98385590869327e-16,-1.16859734514186e-07,3.42338682108147e-08,-6.55448133365896e-06,-1.57910260756642e-07,-0.037388364359801,-2.10615233897485e-07,5.72323886931926e-07,1.45213036334073e-06,7.29081057271847e-16,9.25203228178392e-06,-4.49769148443634e-08,1.36887207912395e-07,1.55534697720607e-05,-2.05241881581877e-08,-2.62979886473365e-08,-2.05347891468755e-16,1.41995123228573e-16,-2.59862866209935e-08,-3.15598019151895e-08,4.18927736994141e-09,-4.49860439604872e-05,1.48191885060588e-15,-2.41736312362151e-06,-2.93298079891127e-08,-8.87601697524817e-17,2.38320094351933e-16,-1.4139343299017e-16,6.25513269691036e-05,1.78896673952876e-07,-2.05453623145614e-07,6.40686151388551e-06,9.12373199662721e-07,1.73440065361593e-07,-7.54803833185138e-08,6.01364116328897e-17,-1.74237991323381e-08,4.98577012068988e-08,-6.39747392840042e-16,4.40744239140448e-16,-3.37590050366081e-08,-2.18025933140703e-07,-2.09085246198915e-08,5.37681512619538e-06,2.18180782274674e-08,-9.55418149952564e-05,-1.20143751737959e-16,-3.09507765289266e-07,3.68685857370814e-17,-1.03396830040343e-05,-6.94987145090364e-16,-2.56525013850687e-08,3.80478596239554e-16,1.08083199632289e-07,2.86092685097315e-08,1.36672844771159e-06,1.91436190228009e-06,8.51696392195416e-08,-1.01139868762945e-08,6.61557085224488e-08,4.36197648552295e-08,0.000118379392616958,4.26137030659314e-07,2.6443124577687e-08,-8.0570075333392e-08,-0.000145184411199377,-1.31789418883392e-06,-4.39772092604478e-08,-6.47587824223473e-16,4.57945698922703e-07,-8.86197929257993e-08,7.35475883171719e-08,-6.30458404556702e-16,0.000181059884617883,7.73090611423454e-06,3.39399364952095e-06,-7.62692606435208e-16,-1.02206822991543e-06,-0.205331792916837,3.12484535949654e-15,1.3934906995835e-06,-4.05090623312552e-07,-6.46088854193984e-17,1.85264566081786e-15,1.17025776345139e-08,0.000617020744446871,3.0725363625625e-06,0.000133839446261649,-7.65636861253488e-07,-1.98070018331061e-08,-1.97242302690798e-06,-1.30521688580684e-07,2.65927381031561e-06,2.23706144754365e-15,-4.55926403850665e-10,-3.06394524193048e-07,-9.35026231345741e-06,-7.69587873801333e-06,9.04797660929349e-15,1.6869589316541e-16,-1.02378667440932e-06,4.86049576788351e-16,5.54544699654386e-16,-6.91103846425744e-08,9.46510254671566e-08,1.76940790138625e-08,8.4807445067532e-08,-3.7912915435723e-07,-9.85876501551552e-08,-1.22333896604347e-07,-1.11917311226974e-16,-4.68160023107563e-07,-2.17717230435371e-06,-9.11466198782479e-08,7.69788909524786e-09,-2.40087381660647e-08,1.04116200833852e-16,-1.15396347336533e-16,-4.30220821021626e-16,4.2355396442054e-06,5.60597472645353e-10,3.57704289704609e-08,3.76873617776191e-16,3.40641961327264e-10,-3.97066862286822e-16,-5.23663844062545e-17,-7.29914649003604e-09,1.69953033489253e-09,-1.46096242742422e-16,-5.77692196422617e-09,-2.23686088685792e-10,5.84153538490812e-16,1.13318914866065e-09,-1.91560116288205e-16,6.71492826748971e-08,-1.22361656651052e-15,6.90783719914317e-08,5.83106758233114e-09,2.16609051542013e-10,2.21241998370714e-08,1.62958095102243e-07,-9.60171691890513e-10,3.62922295683668e-08,-1.02563884151211e-16,2.54952117189129e-08,-1.45991506671429e-09,-5.08135822775173e-16,-1.95866222543789e-10,-4.11471684181416e-09,9.79792922913926e-10,-2.30415393500014e-16,3.35713948995049e-09,4.4853220041991e-09,-1.15369731820935e-15,-1.2596133293236e-07,-9.61224582116289e-08,-1.33430863360633e-10,2.83182486658808e-16,-4.18281026578794e-16,2.43411544412221e-09,7.78840315549358e-08,6.29733011204446e-09,-9.06361489652792e-10,4.20793093005122e-08,6.37275818349586e-16,-6.32193853521004e-16,1.50838818625907e-07,4.52691684259087e-10,5.96829908948741e-16,3.50699522299259e-07,4.02342353973308e-16,1.66918917239432e-09,-2.64449928646274e-08,-3.60539875116479e-06,-2.07263045554736e-06,-9.90555152064764e-18,8.64442621935026e-17,-3.75966376138769e-17,4.87920802176016e-16,-1.27934353317759e-10,-4.28098383980536e-10,7.80291508340867e-16,1.02861582306195e-15,-4.36838860775859e-16,5.17347208051145e-10,4.2931045335374e-12,-1.78410782490267e-10,2.36051606082456e-16,4.88670247929951e-16,2.27183723222613e-15,3.34663422932724e-09,-1.16567596429041e-10,1.09782170597746e-16,-5.11900593673348e-11,1.70226816075062e-09,-6.34285332540242e-16,-1.64923755686348e-16,1.91046525816296e-07,1.94038883637567e-11,1.20676082196657e-07,1.84847468808531e-15,-1.78446285676355e-09,-3.3647235143148e-08,-4.42719732493264e-08,2.14741506765791e-07,1.36424602057126e-08,-2.51951204224383e-10,-5.25758805253945e-15,2.10295694946518e-14,-3.98718874725665e-16,-9.84468127003015e-09,9.01852117293904e-09,3.99479549565674e-05,5.07357935854022e-09,1.16653299397008e-14,2.91055538479125e-15,1.32289354857157e-14,-3.2643475919358e-15,-5.72479245582487e-15,-5.35890190189995e-08,6.45332918405089e-15,-2.39261168578626e-14,1.45953894699648e-06,1.21645670951917e-15,1.35059178923784e-06,1.23157088469576e-15,0.000181141204859127,2.28504998090583e-14,0.836771464963269,-1.25701472498966e-06,-4.52551990523978e-07,-1.3625090220617e-14,9.8033912244868e-06,-5.57419468009637e-15,8.32279665892682e-07,-8.94109409913228e-08,4.88591704911075e-10,-1.16589783620234e-14,2.4191394612975e-06,-1.10027154564724e-15,-1.52087916744107e-07,-7.71869460063411e-08,4.64349316854353e-15,-1.43490636147094e-15,-1.49983052391257e-16,7.98373764906791e-16,-1.0710858553913e-08,-3.12093698492621e-07,-6.80855481896271e-08,-1.8445066363227e-15,6.84231663072342e-16,-6.33289047813914e-09,5.14624381954196e-08,3.60558358301612e-15,-1.06366376136934e-15,-9.34585249434576e-08,1.04534675271268e-15,-1.62674090689967e-05,-1.00119583332555e-15,1.55526956773878e-07,-4.1481784921644e-16,-4.64726788313578e-16,2.01370864574778e-16,8.80036093965648e-18,-6.44012683220155e-16,-1.68541032205337e-16,2.77113815027502e-09,-1.93634346507582e-08,8.12097958290802e-16,-1.25731053865481e-08,5.23638500060342e-07,-8.28400555024856e-16,-5.14338220045305e-16,2.08507657740381e-16,3.39237145224839e-16,4.24839337039151e-06,7.37639735561335e-08,4.46963721025163e-16,2.22766670000429e-16,-8.91778389625435e-08,-2.87759651449772e-08,-4.34186838282434e-10,-4.93739838365275e-16,-3.6427688720075e-16,-3.79091694819376e-16,6.95189515485116e-16,-6.02427001269033e-16,-4.04338415386922e-16,1.65997550728937e-06,-5.72262810670929e-07,-2.99536812297119e-07,-2.79530190886049e-17,-4.04295838545722e-16,-6.70008776063147e-17,-6.85110592942249e-17,2.01387011970924e-16,1.11558587590574e-15,-1.23675535166124e-15,-1.09970319355379e-15,4.48306549919029e-16,3.00140931751107e-16,-3.64231284367769e-16,-8.15684499391311e-16,2.37876948621674e-16,-2.11433158852674e-17,1.51281640882468e-09,1.28170165047902e-16,1.31440651566618e-16,-3.44115800104591e-16,2.12850431110503e-08,-2.65732873397874e-06,-5.16869850680501e-16,-5.48103310183519e-10,1.92731570292215e-08,1.50020817021931e-16,-2.89905675875599e-16,-3.68578684702705e-08,-1.36887872189385e-15,4.66196001792466e-10,2.77271310520853e-16,-6.47106459444815e-16,-2.25034255557126e-16,-5.79500778958596e-15,4.65349279459356e-06,-6.17390138443378e-08,-7.49281689513718e-16,-2.86833709187869e-16,5.73345688326931e-16,-8.13200698628758e-17,-4.01845982704596e-16,-4.87369221224675e-16,5.62491597791599e-16,3.24347735332034e-16,7.15819375704811e-10,6.70053123337733e-17,1.26656768395048e-16,2.20229711289688e-17,-4.16262563520024e-16,-1.74219555082211e-16,-5.96615604328875e-16,-1.54634226722272e-07,3.28003018727355e-16,-3.94516586686987e-16,1.04488394430812e-08,2.64540748623608e-16,6.90456112047908e-16,-1.04909953029433e-16,2.46507782025718e-16,8.60968824991757e-09,3.11525546864793e-16,-5.90212004374007e-06,-4.08079262284047e-17,-1.14091694496057e-16,4.56987482712463e-16,5.06549260561917e-16,-2.83022331340772e-17,-9.23432423024519e-16,1.02299113890079e-08,-3.52934817827348e-16,3.04775396958978e-16,1.28810065055659e-09,-1.27309006626086e-06,4.66511781020519e-16,2.18599702597081e-07,2.96907994880282e-07,-4.4088680958773e-16,2.43778749575027e-16,3.82492718520486e-16,7.70522736023903e-17,3.1846396417793e-16,-4.93424405973438e-07,-2.48499709722933e-16,1.41841053746935e-16,3.86809036720572e-16,1.97058221029668e-07,-7.83475693032971e-16,7.34599606687264e-16,-5.84327129787654e-16,-2.17120148800946e-16,-8.95035698116983e-08,3.04091880212535e-16,2.6364837123625e-10,-8.02068022745772e-17,9.55886603962597e-17,-5.01837065654636e-16,-4.86099337730071e-17,-2.19237576167957e-17,-1.5711639491584e-16,1.47469167549988e-16,-4.55490162729104e-09,8.87763399922526e-16,-3.4600379742258e-17,1.91302393981035e-09,1.38847627580904e-16,-1.2683094175954e-16,2.23874041858368e-16,1.45676163128366e-16,-1.52979170774133e-16,-9.67440554256389e-17,-1.38269550615625e-08,5.07214739110261e-16,2.52153862467118e-16,4.1120711141302e-09,2.33757652919045e-16,5.33010421690797e-16,-3.38826796126684e-16,1.67505563243857e-16,1.40271768515107e-16,2.96484381946708e-16,1.43158290003793e-16,-2.40637976149366e-16,9.55647634452957e-17,9.6267846889751e-17,-3.62239376278755e-16,-2.14807949975517e-09,7.11971844086869e-09,5.53854827742197e-17,3.14744619109437e-16,1.01542834921396e-17,-2.54513860345817e-16,-8.9578138743468e-16,2.25904217329098e-16,-1.40854987184334e-16,-1.21545577489729e-16,-6.77006173026382e-09,2.79878262341971e-18,1.5348393824862e-16,-7.94374870948868e-17,-4.05185945012724e-17,7.86671709217971e-10,2.74573419801115e-16,-1.24505109134776e-10,-5.59703730615834e-17,1.27739328673435e-16,-6.68915760849487e-17,-1.29757670952223e-16,4.88895543898168e-17,2.44054287515321e-16,5.77278663570004e-17,2.82398099536108e-16,1.39553407207525e-16,1.16045723593792e-16,-1.15465513936453e-16,1.37731437119288e-16,4.85306390648086e-17,2.68208206549641e-16,1.15131258580417e-16,-4.72805004125089e-16,1.12108679661875e-17,-1.3414946939751e-16,-1.59238944155459e-16,6.10716073172323e-18,3.22983827183432e-16,8.33588505007752e-18,2.14310227396822e-17,-1.71064014187918e-16,-2.15162820056546e-17,5.98625985244231e-09,-1.92402277745203e-16,4.34911730609734e-16,2.28110217272713e-17,5.09436877300385e-16,-1.65146915778499e-16,-2.36212411650022e-16,-2.07425418358977e-16,9.94426207180265e-16,-2.96685763421005e-16,3.04193401515485e-17,-1.10331123577556e-16,-3.3435371286965e-16,2.81339019863487e-17,-1.55641225073331e-16,-9.80543080272333e-17,4.33173578113273e-17,-6.00974237833867e-17,-6.95749025230756e-07,4.63348853408021e-17,-3.78539721134501e-16,5.57640956672454e-17,-1.79489711224455e-16,2.08118582790102e-16,-1.11137545647004e-16,2.27754983527521e-16,1.07583058479949e-16,1.40497519615339e-16,1.75578595717624e-09,1.72785684682392e-16,-2.26592799422852e-17,-5.62742420354943e-17,-1.80899699251516e-16,1.91789293847165e-17,-2.89497585672212e-16,1.29035637965482e-16,-1.49777323845208e-16,2.05348349002476e-16,1.67035922513121e-18,1.69550364284116e-16,-8.02964850146803e-18,-1.23249209460767e-16,8.16029053479902e-08,-1.18564950822717e-16,7.87144079925025e-17,4.8483747667331e-17,-7.9770174840621e-17,-2.42238876104443e-09,-3.24767101933845e-17,-2.18628665035177e-16,-1.37368292233594e-16,4.05394042321511e-16,5.84718887164216e-17,-1.2711579559647e-16,2.41632933099134e-16,1.34221137178543e-16,1.66392432318296e-16,-1.40392690348196e-17,1.38481427877849e-17,-1.54320812626306e-16,7.58179923051941e-17,-1.30234076150681e-17,3.81342119994573e-16,1.05086618835475e-16,-8.78008142523879e-17
"t153",0.037620758846946,-0.0122447462606085,-0.0135038071451644,0.000896160952300595,0.00997545083501859,-0.0393297148971334,-0.00602662579751916,-2.30427490012608e-05,0.0670271945394956,-0.00377225444318689,-0.0064451763024105,0.000369585380431264,-0.000756237120364008,-0.000162108916413499,-0.00450092267416152,0.000103648960491229,6.57625253660289e-05,-7.66137883037295e-06,-0.00329794567210527,0.000953421450005342,-3.83461372519676e-06,2.04359568222348e-06,-0.000117037446949724,-1.47278773891357e-06,2.12105720696334e-08,-4.14186942077204e-05,0.000540190237596939,3.20698297832426e-06,3.42937504225293e-05,-0.00150771343426729,-0.000446050365844173,0.0144563902998481,1.31994432473077e-05,-0.0231779818266496,0.230811816920496,-0.00259436498064732,-8.00330457555888e-05,0.000141341728352949,0.0161266894622259,0.00359892374095144,0.000537968173028422,-0.0144119046457837,4.77471316882951e-05,-0.00320119391474272,0.000128207726247536,-4.3222321116789e-05,1.02633634525224e-05,-0.000180662833097174,0.0574955618538649,-0.0798914141841924,-0.000194317614028662,0.000113261845984352,-5.09012911492454e-05,2.80820241179364e-05,-0.105613314455084,-0.0012375141492048,-0.00287422739255276,2.88935014087385e-05,-0.000233022367819873,-1.46534090388782e-07,-3.9605125901846e-07,2.58633481415598e-05,-1.74328742611058e-05,1.33808134324787e-05,-0.000159426352013141,3.5802693825818e-06,-0.0170182121285531,7.44729614087266e-05,-1.91099781779142e-05,9.21334053108588e-05,-9.68124980746374e-07,2.94995983215145e-06,-1.03614039332993e-05,-6.96372190000123e-06,2.94052655447085e-06,3.01928309564915e-05,-2.60984995004113e-05,3.99402957380244e-06,-0.00125046845576548,-0.000161477172925058,1.14192437593085e-05,0.000914595763599088,-0.00179118350392569,-6.21016382656751e-05,0.244592229551713,-0.000434827539806943,7.04608416802888e-05,0.0395959095903457,-5.01227913709951e-06,3.29511846487562e-05,7.4452939090614e-05,-2.45131110453503e-08,-1.47778156669285e-05,2.81694823677201e-06,-2.39584170963081e-06,-3.48439758505341e-06,-4.13562873404189e-07,3.82327407738814e-06,-5.44848880920279e-05,-0.0105237459353938,3.93811177319718e-05,-2.35604197298025e-07,4.45245402687642e-05,-3.69512637950934e-06,3.33403267669804e-06,-7.81830728688353e-08,1.39951580660036e-05,-1.56333722403153e-08,1.32019318368281e-05,-1.89151636740485e-09,-4.33468675846697e-08,1.32754363314707e-07,-4.85412843725291e-08,1.86948601875727e-07,-2.1789268471528e-07,2.97515558459251e-07,-3.48592277780785e-05,4.14632008963647e-05,-6.73557196136559e-06,2.51025357234532e-06,-1.46622554614067e-06,3.23445677738543e-06,-0.000357483633843534,2.80779494016885e-05,1.59085627200852e-07,-4.62205234513665e-06,4.82125378913198e-07,-1.19174921886044e-05,1.16444030825588e-05,0.000405310196269958,3.00297018590381e-06,-1.13897804188607e-05,9.13944403604681e-07,6.00555317297413e-05,-2.48009435733784e-08,1.64416095834909e-05,-0.000547581253820638,-1.97034920643973e-06,0.003889295328771,0.000948549589361661,0.000152394375481088,2.18421534691863e-06,-5.1057367579238e-06,-1.04164853731876e-07,-5.86003152469518e-10,-2.78189594183627e-06,-5.05549770916684e-07,3.03357357208139e-05,2.070720293458e-06,-5.05495079252824e-07,-6.82239397446451e-07,-0.00502497590182206,1.67268955404025e-07,1.34188944902248e-05,-1.67673042879646e-07,-3.56638806818635e-05,2.00682628040378e-05,-2.33563118924103e-06,-0.000144566653150709,-1.87310288817176e-06,-1.86302836699501e-06,2.720772017301e-07,-2.13250123761416e-05,-2.73800150864964e-06,1.82721878821e-06,-1.2471121271712e-06,0.000208534585061325,0.000311664790909699,0.000171598469889066,1.36511403868904e-06,-2.62018741990325e-06,-4.64774381902022e-07,5.81901758879726e-08,2.11147334805581e-05,3.84440600817631e-07,7.87980025384319e-07,3.46368244001037e-08,-1.39968364577357e-06,-6.25726358650327e-05,-7.06840765937214e-06,2.89799537284309e-05,8.27923917909379e-06,-1.7771863916949e-06,-7.3049339451821e-09,-2.29844938686217e-07,-1.09237124759731e-07,-0.000939171254387566,0.00705262348405151,-3.48694839852196e-05,-5.13687682791713e-06,-7.9992571954016e-05,0.250975088428715,-0.000135684521273589,-7.65780705914931e-09,-5.05617029967283e-07,0.000500371748885306,2.62014241120717e-05,3.45708281906768e-07,-0.000349709383712036,-3.31692637888286e-06,-7.60268901495022e-06,-9.24152042582374e-06,1.66782389028456e-07,1.66541440604926e-05,0.00643343459200981,-5.54904600065003e-06,0.000341186993729165,2.0424822207881e-07,-1.09854395051045e-06,-3.44227270576548e-11,-6.76803986067045e-06,-5.96379648884006e-08,-4.4609549548131e-07,-0.000261061891710791,1.47679262586943e-07,1.65651427078756e-08,4.20184066984225e-09,3.11371253958454e-09,-1.30523954224721e-06,-6.45513196441256e-07,-3.08225437036837e-07,4.18606503159476e-07,9.44822632056466e-08,4.10956414877209e-07,-1.3044963410558e-06,-7.52841078018337e-08,-7.15032135017744e-06,-4.22769919379671e-08,-9.38719334164773e-06,-3.12761058209867e-06,1.70504039963606e-07,3.55800450922729e-08,1.09085840633977e-06,4.03143216008123e-07,-2.34855313086279e-07,-4.25966467726935e-09,-1.89162398742937e-06,-8.85269012725563e-17,-1.80220661548782e-08,2.57901055766277e-07,-5.30643112072979e-08,-1.37274218866538e-07,-1.8542526942122e-06,2.56470053450639e-08,-3.6399286415798e-07,1.61895805447076e-07,-3.10755641550438e-07,2.90083300725179e-06,-4.05618113013172e-08,1.63638460563022e-05,-1.06675948439712e-08,1.17339873547266e-06,-9.9755241400237e-06,4.18757648372362e-09,-2.73719929128101e-10,1.30037789196752e-08,-1.2154139022062e-08,1.91177868665476e-07,4.82405182534141e-06,-9.09760372087857e-07,1.7651355101953e-07,-3.19921130825127e-06,3.72746394303555e-06,-2.2460478669087e-07,2.27180218806757e-06,-7.67924975850828e-07,2.96805509399043e-09,2.58410871745382e-05,1.25611388727704e-07,0.000143128225122023,2.53912310197935e-09,-7.99162926021805e-07,7.25239484526292e-08,-8.77311356764981e-08,1.38286126848797e-07,-2.66564438657837e-07,2.0580965344264e-07,-1.49681011338033e-08,2.83344881122427e-06,-1.22638852885472e-08,2.00881731260397e-06,-9.70805642616328e-17,-4.87886692790371e-06,-4.84592880765584e-07,-5.15383775756844e-12,-4.46413392271844e-08,6.5118049451489e-08,-4.0202369645587e-08,-1.13930240325215e-08,1.29853269953265e-09,-5.79542833517967e-08,2.19102723247491e-06,9.59577920089819e-05,-6.58511596534271e-09,4.01891591827036e-06,-0.000101748679426182,2.54012578461131e-07,-4.70614563305983e-06,6.58885832796228e-08,1.14930898758601e-07,1.77291667892865e-09,4.535039868121e-06,-5.50666377892816e-07,2.41461509385012e-09,-7.46879874873849e-07,8.62763178285768e-08,-3.12187881379678e-07,2.87326766508296e-07,0.000226352150700471,7.5091615221508e-08,-2.61191346371677e-08,-1.79919849536858e-07,1.82364683354813e-08,-8.35259172528161e-08,2.82550825128644e-05,9.11347310927799e-07,-4.00947610185218e-06,-1.59640319577054e-16,1.16087304077532e-06,5.31998004882506e-08,-7.71546132191658e-09,2.48549536155814e-05,1.06894422745223e-09,6.41732453433761e-06,1.49422352524171e-06,-1.95847168802084e-07,8.01649355405469e-07,1.56683708036088e-16,-5.35749789065935e-06,-4.17887024614923e-10,-2.07239955914823e-05,7.11685448739922e-09,1.21276997908531e-07,-5.09982000531172e-05,-1.13737298290717e-06,2.84252341625169e-07,-2.40739608181898e-08,1.26186279046134e-06,-3.50950848697628e-09,-3.05861410793903e-07,-3.83593085666526e-10,-5.28548881094729e-11,-2.5956573481605e-06,3.33467267447145e-09,-6.10609843992276e-07,2.85124140267073e-16,-4.6332829580306e-09,1.63909102924523e-10,4.66647626605272e-12,-1.10957797395396e-10,2.05358443910389e-07,3.27876289621731e-06,-1.80385983433856e-08,6.90670209082968e-08,4.7789577001847e-08,1.00948299284551e-17,9.61555259092039e-05,1.55975050704778e-09,1.1408178276478e-06,1.01761930649968e-16,-2.70606311570941e-07,-3.60398658011067e-08,5.64726709634367e-09,2.39196590528732e-06,8.08604162442589e-06,4.62455279217344e-07,1.56214811910176e-07,-5.34247222624344e-07,-3.9202404970684e-08,-2.32313654268982e-09,-6.04617698531113e-07,-1.84319494093941e-08,-4.4286540953724e-17,9.14070937847308e-09,-3.51610578251142e-07,-1.65350173589289e-07,1.19122954766833e-06,1.12264304342558e-17,3.41570359012235e-08,-1.15902746316605e-08,2.35938236537426e-06,5.84375902713856e-08,0.0142932115915428,8.5359410874681e-08,-2.53828672975942e-07,-7.88539244173021e-07,-1.00243264129386e-15,-5.89581398911107e-06,2.90441049871686e-08,-9.0849941760433e-08,-1.07151597331799e-05,1.41797341052852e-08,1.83585958419351e-08,5.5944832100252e-17,-5.55276147240598e-16,1.9239415081958e-08,2.45576559239748e-08,-3.279783753798e-09,3.67843025150759e-05,-1.70502810285911e-15,2.16760196924138e-06,2.73668784656586e-08,-2.99603176583428e-15,-3.18489464732813e-17,9.06874404008291e-17,-6.58429325868458e-05,-1.91152100131507e-07,2.31034980866442e-07,-7.518276639921e-06,-1.07596144752115e-06,-2.13896404020111e-07,9.35646790932776e-08,8.99778422629261e-17,2.36017203139999e-08,-6.96447946195276e-08,-2.03283618933947e-16,-2.48796233551776e-15,5.30842127275448e-08,3.52608389852398e-07,3.51047183811121e-08,-9.25567445545053e-06,-3.93869638959457e-08,0.000173800847639275,2.00527854459188e-16,5.68940363994074e-07,-7.59805308360574e-16,1.95853299886823e-05,1.51187927194957e-15,4.96729770911073e-08,-1.80717185200269e-15,-2.15220533291789e-07,-5.72903650604851e-08,-2.94823206575505e-06,-4.19533965909188e-06,-1.87885595896394e-07,2.2960959847442e-08,-1.53971917235376e-07,-1.07556377612382e-07,-0.000292046117273175,-1.07012425314437e-06,-6.85998822282515e-08,2.18332077917374e-07,0.000408150624563826,3.81389992577969e-06,1.29098612639483e-07,3.48206248352541e-15,-1.40533633786465e-06,2.83885620406131e-07,-2.66459379295581e-07,2.99253291426621e-15,-0.000680109515847048,-3.0682688333507e-05,-1.37932925460015e-05,2.86547509589226e-15,4.20491478345452e-06,0.887165287457411,-1.02651759927549e-14,-6.16916350372484e-06,2.08417717961519e-06,2.30126664982403e-16,-5.54968510622951e-15,-6.39896428366352e-08,-0.00339258439139139,-1.73400186062352e-05,-0.000779074281682264,4.78681723450365e-06,1.24614265414764e-07,1.25203531825488e-05,9.15006848269044e-07,-2.02869216763723e-05,-1.5952544190137e-15,3.59440596128716e-09,2.42935340575459e-06,7.56460091250138e-05,6.38071752043637e-05,-7.81987187812131e-14,-1.39906148614945e-15,8.78279080777191e-06,-1.59204872214065e-15,-5.35802608434492e-15,7.46489662440218e-07,-1.06740132357098e-06,-1.99723311010271e-07,-1.05628899253229e-06,4.78774562709331e-06,1.2486932451339e-06,1.57966855903275e-06,5.38624702114847e-17,7.54849255134037e-06,3.69806771640008e-05,1.57570523941975e-06,-1.45788088320428e-07,5.46588377714815e-07,3.58042530871958e-16,1.27672218520695e-16,-4.25223698808857e-16,-0.000132945184583519,-2.08417885890406e-08,-1.34847908243497e-06,-1.24878956999838e-15,-1.55600273160257e-08,-7.65703499780271e-16,5.1014520386716e-16,2.30966848445457e-06,-5.77641425242982e-07,1.02267369919695e-15,-4.66515431073095e-06,-6.21486293856494e-08,6.35764901584142e-16,1.37189277160369e-07,-1.76241692320085e-16,4.94848118031804e-06,-4.78068060914666e-16,4.92352953864379e-06,4.05350638954919e-07,1.46512330507973e-08,1.4425515980777e-06,9.83752983092259e-06,-4.57393770571758e-08,1.3609841981439e-06,-2.99204457869742e-16,7.75840827470924e-07,-4.362782447501e-08,7.78160299486345e-16,-5.7195217369987e-09,-1.15531454244883e-07,2.66331427171626e-08,4.74538956181243e-16,8.32502346109591e-08,1.09563779643336e-07,-2.05849093629314e-16,-3.02033944359732e-06,-2.28525196748371e-06,-3.08370831407568e-09,-1.00314048160555e-15,6.47514930131893e-16,5.37048732044052e-08,1.69949259844532e-06,1.37191421781569e-07,-2.022877706284e-08,9.54560361181694e-07,-3.34017262941691e-16,1.09975207058448e-15,3.46900998444604e-06,1.04308136226551e-08,1.06895984483318e-15,8.31654630493527e-06,-3.46558453287445e-16,4.09842049470493e-08,-6.90190094686523e-07,-9.45707195058286e-05,-5.5502086425374e-05,-2.71970641277168e-16,1.20150958411968e-17,8.14468056045133e-17,6.78478543300006e-17,-4.54399341502669e-09,-1.57346846750736e-08,1.98733344919802e-16,-2.62467263494138e-17,-1.93933622883631e-16,2.20108729011287e-08,1.97279184666959e-10,-1.0785458339972e-08,-1.62598079717931e-16,1.43843135102725e-16,1.22914645041966e-16,-4.52206644100438e-07,1.38272561277199e-08,3.36219660946882e-16,2.4060455017411e-09,-6.27390886637523e-08,1.17663427192623e-16,-1.95954792822544e-16,-4.47095889921554e-06,-4.39995898788328e-10,-2.203941101875e-06,5.77846590489819e-16,2.3712697730528e-08,3.81351084073154e-07,4.0728866713631e-07,-1.51120024349679e-06,-8.95496975557366e-08,1.45415851155651e-09,2.15935564235854e-16,-6.82526026821524e-16,2.17248921677403e-16,2.74398691618461e-08,-2.48479914895702e-08,-9.98662857922195e-05,-7.40717308305416e-09,-1.24406953860638e-15,-4.67491550544849e-17,-7.16396244926386e-16,3.74203802748244e-16,2.72070954038135e-16,3.6938213298297e-08,-1.35915306655896e-16,1.95002194850129e-15,-6.55772615403349e-07,4.80298722568527e-17,-5.90608632174948e-07,2.62286448067126e-16,-7.55821887485255e-05,-1.52006504851599e-15,-0.0574524709453368,-5.81528784772211e-09,-4.99382192072327e-08,2.61157023975558e-16,2.26350864445767e-06,3.03494097603431e-16,3.85130626298046e-07,-6.3491483084589e-08,3.51626313821727e-10,1.33379380356975e-15,1.94637775824022e-06,-6.6572434409168e-17,-1.40665338198951e-07,-7.18142553089797e-08,-2.81563120378339e-16,4.39277354882967e-16,3.67463989941521e-17,-1.73263637953912e-16,-1.09009166944848e-08,-3.24359998674898e-07,-7.24152168507434e-08,3.98702209669506e-16,-1.90888960585713e-16,-7.40630958417872e-09,6.0408580341946e-08,-3.88377578027807e-16,1.42058099830104e-17,-1.20033138218221e-07,9.61066105195152e-17,-2.12350854134704e-05,1.20848958448372e-16,2.11797403092659e-07,2.41333420008177e-16,-3.0982696893657e-15,-4.86257530478543e-17,2.67494804309672e-16,-1.45682963839727e-16,1.77755911895597e-17,4.04173970772721e-09,-2.82636192173552e-08,-1.72527390338506e-16,-1.87146073382784e-08,7.85385690267154e-07,1.6458618453425e-16,4.80704780361844e-16,3.71182279940785e-17,5.43398402601021e-16,6.56347278379674e-06,1.14670827989409e-07,-6.09217698610165e-17,-2.11259455345899e-16,-1.39557242160852e-07,-4.50704621526834e-08,-6.81965336582573e-10,1.50369611117781e-16,1.29089351359035e-16,-4.84461577391991e-17,2.84852926046838e-16,-1.80384870502059e-16,4.20295526042528e-16,2.71127456830345e-06,-9.37589925732071e-07,-4.92229674259039e-07,1.62765820550923e-16,-4.5330707216906e-17,2.09928468310607e-16,4.15447870474483e-16,-1.17057225960131e-16,-1.66675477501564e-16,-1.50521802131535e-16,2.13994186427253e-16,-7.24613117883951e-17,-6.9451945994883e-17,5.01578139408252e-16,7.56789381520692e-17,6.06672267443553e-17,7.15861327042842e-17,2.58729962243047e-09,-3.57910904330964e-17,8.68279139587631e-16,-3.24665266708826e-18,3.6550785491155e-08,-4.567291536671e-06,1.79428747886129e-17,-9.42573386318334e-10,3.3295195166142e-08,9.08314560369793e-17,8.49534900589216e-16,-6.40056347054375e-08,4.42980750666439e-16,8.14225414716365e-10,2.3015525754607e-16,5.92124465916538e-17,1.06195540932142e-17,8.82708139175525e-16,8.19062497873555e-06,-1.08718437788297e-07,-1.53612881699886e-16,2.47924635157403e-16,-1.16687362508967e-16,-6.60765719383974e-16,1.36135135282711e-16,8.24896950660232e-17,-4.20915174335823e-16,1.89576679331502e-17,1.28239595789755e-09,5.85812559849612e-17,-7.11551276276027e-17,7.44789764324134e-17,-7.95908688862865e-17,2.34885731344621e-16,6.48427095680685e-16,-2.77637903589034e-07,-1.22320341892055e-16,2.45713493402536e-17,1.87670536678186e-08,1.43948348905924e-16,-3.91679005849956e-16,8.41815247411994e-17,-6.24963313163768e-17,1.55132910707389e-08,7.90074045289772e-18,-1.0638896375706e-05,-1.71728536008764e-17,-4.84684141265544e-17,6.47497799171987e-17,-7.99711863469163e-17,1.28743197862109e-17,1.84671674061529e-18,1.8452140488124e-08,-2.76750122801283e-16,-2.68553031516815e-16,2.32428037267729e-09,-2.29723266347699e-06,-5.81682274366821e-17,3.9454645036662e-07,5.3591512116341e-07,1.44624509348324e-16,7.98899535126931e-17,-6.63566628684592e-17,1.05445946785652e-16,1.06328916774044e-17,-8.90704228132181e-07,3.36061773142517e-18,2.24246215375446e-16,-1.99622880189274e-16,3.55651037533901e-07,9.77938258120913e-18,-6.24569242717968e-17,1.86138785590617e-16,-2.66768918471947e-17,-1.6147579597323e-07,-1.46273739456281e-16,4.75587556656745e-10,1.68537351844756e-17,-2.36440958394445e-16,1.49659376566531e-16,2.25325985351492e-17,-1.20339634533133e-16,-1.23507564439786e-16,-1.72333885442342e-16,-8.20871351301225e-09,4.4249329835527e-16,1.15210704653665e-16,3.4466278286061e-09,-2.42118862670655e-17,-8.21757775395118e-17,7.05952854739688e-17,1.70028798223055e-16,-5.12373178797627e-19,1.63349856004911e-17,-2.48867401122273e-08,-1.2909834223206e-17,5.91996531481012e-18,7.39750825583682e-09,2.7750910258195e-17,-2.20004891883763e-16,-6.30747328591474e-17,-1.05253931048509e-16,2.49495466492636e-17,-1.21173110457105e-16,-1.20275244653191e-17,-1.3629136006985e-17,-3.57031500306306e-17,1.70197909621031e-16,1.1793135726823e-16,-3.85624315129591e-09,1.27778113957248e-08,-3.62984496037542e-17,-1.17409015832976e-16,-1.69515427401037e-16,-2.10599722247597e-17,-2.88546855679861e-16,-3.87369032945811e-16,5.34680095196148e-17,1.54950069646647e-16,-1.21317358208524e-08,1.78663897319358e-16,-6.65017078941491e-17,-1.67538479110709e-16,1.05173881179248e-16,1.40772207809305e-09,1.28056533614116e-15,-2.22424319990713e-10,-8.57441315639389e-17,6.0134927074766e-17,2.24988573199131e-16,1.33635376970548e-16,-2.94574168985122e-16,2.29981859453209e-16,-5.24653459194765e-17,-6.789354109319e-17,8.6052165276623e-17,1.20804969950251e-16,-7.59832836857538e-17,-3.8741694475914e-17,-3.27118236579749e-17,-1.91625746684141e-16,-1.45052982542655e-16,1.20972925973306e-16,-1.7084345238315e-17,3.75983053093895e-16,-1.49182692440471e-16,-1.13650784768576e-16,-3.61852475067037e-18,-5.54794101112216e-17,-1.50885266854578e-16,2.37640084040751e-16,-7.38240097906842e-17,1.06202886877748e-08,5.60619092279866e-16,-1.80425120964173e-18,8.52356389281074e-17,-2.28282716615052e-16,-1.52654736895127e-16,1.01983596472883e-16,1.76127856933136e-17,1.2634527682849e-16,1.45392255763471e-16,1.32616836497708e-16,-2.42888391691065e-16,2.67033242117828e-16,7.18127822892971e-17,1.83616129260127e-16,-3.41810103262495e-16,-1.91722584475954e-16,-1.70709554393449e-16,-1.22789563565919e-06,-2.92404243657673e-17,-3.95128127902482e-17,-3.34143788847191e-16,7.14504286208068e-17,1.01822314726504e-16,5.58715020922624e-17,-7.92970079040548e-17,9.27973802153902e-17,3.04161635156222e-17,3.08099420395576e-09,3.49088107804218e-16,-2.32819127361878e-16,1.86044390522147e-16,2.06392736206311e-16,-3.30115313286019e-17,1.55044518070073e-16,-7.98772513128301e-17,-3.81553797330235e-17,3.953529417236e-17,-2.70793492172677e-16,1.17251607032576e-17,-3.72954864450407e-17,3.58072292154252e-17,1.42334840341767e-07,1.67132921449416e-17,-9.5711526328578e-17,3.26548783484447e-18,-6.11083449467142e-16,-4.21309892460187e-09,-1.1135463871701e-17,-5.69043346333864e-17,1.30705035603479e-17,-1.49626311700173e-16,-3.94746798443784e-17,4.14708029549778e-17,3.06851075472738e-16,-6.52431377646721e-17,-2.00029878824769e-16,-9.28880178712248e-17,1.14206566613121e-16,1.46359534591228e-16,-6.9211075715413e-17,-9.24323333046812e-17,-1.57683560518789e-16,1.67114217953615e-16,-2.89051541641805e-16
"t749",0.0375992748225051,-0.0122299171060703,-0.013486917732895,0.000894652456318573,0.00995481585926041,-0.0392339342240224,-0.00601165392392789,-2.29808336894937e-05,0.0668134966421064,-0.00375757726985462,-0.00641304808223238,0.000367291056391404,-0.000751397233813399,-0.000161054794633182,-0.00447030080669365,0.000102899456543211,6.52748709626497e-05,-7.60346737635573e-06,-0.00327239961076046,0.000945349881751347,-3.79928275128966e-06,2.02048262561193e-06,-0.000115631808461602,-1.45498771423323e-06,2.0953107182631e-08,-4.08893105802492e-05,0.000533195139668928,3.16503994779936e-06,3.38318072757467e-05,-0.00148322305900757,-0.000438253649432809,0.0141904474829482,1.29362148776354e-05,-0.0226900798787183,0.225660366545176,-0.00253093435637979,-7.80466058200082e-05,0.000137766744737752,0.0157154650707718,0.00350550915461147,0.000523519183741109,-0.0140134306139074,4.6403013733139e-05,-0.00311094408754575,0.000124516186523987,-4.18795338139822e-05,9.93718965356807e-06,-0.000174860114574859,0.0555937233873563,-0.0771644613336033,-0.000187405997207304,0.000109156192138705,-4.90510564003592e-05,2.70371184254077e-05,-0.101502186413699,-0.00118901609952098,-0.00274744588856057,2.7578484605388e-05,-0.000222377573114112,-1.39318762538842e-07,-3.75441977536126e-07,2.44807833063115e-05,-1.64806152702302e-05,1.26459289021996e-05,-0.000150315167714536,3.36832251404715e-06,-0.0159311767311116,6.95541593099484e-05,-1.7828283955517e-05,8.5782114962373e-05,-8.91330574178316e-07,2.69075074955011e-06,-9.43679163290306e-06,-6.32232791816454e-06,2.66861849051411e-06,2.73627799933432e-05,-2.36390106258783e-05,3.60759787379173e-06,-0.00112215840522012,-0.000144514714456676,1.01711120072112e-05,0.000813771519030738,-0.00158112091394578,-5.46829698877666e-05,0.212999816094041,-0.000377468676308128,6.09672776234203e-05,0.034242658659601,-4.33402832123294e-06,2.84822888180325e-05,6.42740837104789e-05,-2.09003785078517e-08,-1.25849485716414e-05,2.37939366704322e-06,-1.99363718192067e-06,-2.89262334213255e-06,-3.43287207228268e-07,3.15424460861603e-06,-4.48465484480006e-05,-0.00858452994132528,3.18804521178936e-05,-1.90598447449229e-07,3.59912348362619e-05,-2.87500749363881e-06,2.58595434611519e-06,-6.04912994093732e-08,1.07801953416103e-05,-1.20269658557538e-08,1.01336971800796e-05,-1.44694061613782e-09,-3.31214051202012e-08,1.00750308359765e-07,-3.68087531392779e-08,1.39121773068094e-07,-1.61472652399164e-07,2.18418596882894e-07,-2.54814618481996e-05,2.9941604976384e-05,-4.80485140416974e-06,1.77366309897377e-06,-1.03023840785811e-06,2.22767603573605e-06,-0.000242878730140093,1.90663351146467e-05,1.07810186075185e-07,-3.08653213238176e-06,3.21552289217139e-07,-7.8437946732848e-06,7.35746499686436e-06,0.000255969990878073,1.88981047587107e-06,-6.95256922481054e-06,5.54406548755114e-07,3.62629551709439e-05,-1.46873246673438e-08,9.70992381516734e-06,-0.000309255259671378,-1.06945959427002e-06,0.00198697931402319,0.000483712721841274,7.68444375006399e-05,1.09497557882713e-06,-2.53527426786345e-06,-5.15327602531946e-08,-2.89894877735983e-10,-1.33911617399758e-06,-2.29351433255197e-07,1.28575967809188e-05,8.61692882448762e-07,-2.01552823637078e-07,-2.71063156589006e-07,-0.00196227520967846,6.46422894332234e-08,5.12354297376574e-06,-5.65603641213915e-08,-1.1764772003957e-05,6.51308076066249e-06,-4.41902104951012e-07,-2.19152114081077e-05,-2.72791673843821e-07,-2.08303084707998e-07,2.84788826653057e-08,-1.24460270469007e-06,-1.43843681330721e-07,7.45426743962618e-09,5.70077530911598e-08,-4.35846377215304e-05,-6.71158537746851e-05,-3.72337667828557e-05,-3.30330795697054e-07,7.1297345795354e-07,1.28522701418753e-07,-1.97467347604369e-08,-7.59948263666546e-06,-1.56010668744203e-07,-3.28911480231546e-07,-1.46653943834077e-08,7.56648511573626e-07,4.23001186815625e-05,4.95495190956265e-06,-2.10194244637153e-05,-6.62421475893335e-06,1.47531819671615e-06,6.28411625355778e-09,2.04404649139456e-07,1.08336622657592e-07,0.000956451384628161,-0.00896980242725669,4.46682423213685e-05,7.07317538996662e-06,0.000133958680093442,-0.493725376842718,0.000282203412865062,1.73092571931948e-08,1.21655986796003e-06,-0.00145461451814894,-7.94255770892393e-05,-1.14657730791849e-06,0.00121419439451098,1.67961253210838e-05,3.92429958421301e-05,5.71287055552327e-05,-1.25255366263951e-06,-0.000225119165581603,-0.0872523234034149,8.05799076782997e-05,-0.00625920511434345,-4.539160308406e-06,5.13274861687777e-05,-7.14297050072507e-09,-0.000284194067904613,-2.03268914606393e-06,-8.50206891778592e-06,-0.00406944255958643,2.2913949803812e-06,2.26871778417032e-07,4.52270705863811e-08,3.22841276881955e-08,-1.14512261695819e-05,-5.16865087457736e-06,-2.39956036014127e-06,2.94642231625144e-06,6.51237777730469e-07,2.7714827831121e-06,-8.28540990317957e-06,-4.72911029041996e-07,-4.4796903551773e-05,-2.50930149800073e-07,-5.41259218149247e-05,-1.75131204110245e-05,9.43008244449868e-07,1.94388157722923e-07,5.89472447859454e-06,2.17190158655833e-06,-1.23237392774441e-06,-2.20185089599643e-08,-9.63040172662005e-06,-8.54028157901798e-17,-8.99353712103474e-08,1.28217501854297e-06,-2.5756439190011e-07,-6.55541264682014e-07,-8.74805095566221e-06,1.20914376856977e-07,-1.68268760949949e-06,7.46196904201612e-07,-1.43038930221784e-06,1.32703401430198e-05,-1.84827791787676e-07,7.4064804193956e-05,-4.8147721307644e-08,5.29013052025027e-06,-4.47117699493626e-05,1.84141251550716e-08,-1.19773991518314e-09,5.67072025871376e-08,-5.27116866318754e-08,8.28881479876627e-07,2.08684847482527e-05,-3.93254155986011e-06,7.62612291019321e-07,-1.38216305977091e-05,1.610464446541e-05,-9.70595537668452e-07,9.82244151973452e-06,-3.32048909644743e-06,1.28687788087932e-08,0.000112050152979419,5.44718223158936e-07,0.000621345988704735,1.10275602082469e-08,-3.47598903807234e-06,3.1553924594046e-07,-3.86623594222314e-07,6.10500332562964e-07,-1.17853926250512e-06,9.13140111665995e-07,-6.66093343526386e-08,1.27012537041505e-05,-5.50984998549272e-08,9.04163886902242e-06,-1.36814399989763e-16,-2.21048877755155e-05,-2.19754708653796e-06,-2.34414806433148e-11,-2.04560375682415e-07,3.00411841034806e-07,-1.86085012780512e-07,-5.28233229330716e-08,6.16251452194029e-09,-2.75480523302871e-07,1.04194138187936e-05,0.000459780705634048,-3.22852633648208e-08,1.97869137559312e-05,-0.0005024432677361,1.26698647589355e-06,-2.44763215639127e-05,3.49351942399668e-07,6.10087756852874e-07,9.41442517723116e-09,2.53832180853903e-05,-3.30582293113369e-06,1.4637286148846e-08,-4.59398982882861e-06,5.40446549335885e-07,-1.96682010844346e-06,1.90352480861459e-06,0.00150553632218232,5.03141696724737e-07,-1.75899050253083e-07,-1.23243887074856e-06,1.27361115917593e-07,-5.94204080106837e-07,0.00020266825485134,6.63044939079364e-06,-3.00994111127984e-05,7.68310210207921e-17,1.09420216474156e-05,5.15094716601339e-07,-7.7899174253358e-08,0.000251267568831216,1.08208894229351e-08,6.56565494169779e-05,1.56029103103916e-05,-2.09669186673776e-06,9.04887813948792e-06,4.82596330523931e-16,-6.92077071828933e-05,-5.49765875957623e-09,-0.000283868797666787,9.7965746366427e-08,1.86087164235458e-06,-0.000835617174178708,-2.06183594244773e-05,5.56042996244045e-06,-5.68078636578875e-07,3.67274295329638e-05,-1.19944889028911e-07,-1.1586353942651e-05,-1.55770239237593e-08,-2.4601848763411e-09,-0.00012279192545591,1.76230737972818e-07,-3.54866512524782e-05,1.21794790687545e-15,-1.00693667112677e-06,8.03233101115517e-08,2.31525190602053e-09,2.16246641045038e-08,-3.31625548173817e-05,-0.000175502870674577,8.18187016342521e-07,-3.042643121702e-06,-1.90138964683407e-06,-5.57523880653495e-16,-0.00345429324876471,-5.41182634901111e-08,-3.52227972673123e-05,1.32613818821366e-15,7.5099007508009e-06,9.77820410610663e-07,-1.51486911437527e-07,-6.27195157361835e-05,-0.000204510211305383,-1.14023199861002e-05,-3.77921403616245e-06,1.22736252179931e-05,8.95505789943322e-07,5.14311299856754e-08,1.27543338369504e-05,3.87949305228328e-07,-6.85440126983835e-16,-1.79339912026266e-07,6.83581841060854e-06,3.16066777811022e-06,-2.23830861501524e-05,3.32364034019711e-16,-6.42326827816586e-07,2.35511268170446e-07,-5.15092002032449e-05,-1.33345615907777e-06,-0.347803625325019,-2.44354921359038e-06,1.18061575282687e-05,-2.2307535224925e-05,6.28928866431086e-17,-4.68332071234724e-05,2.13222111408983e-07,-5.7036071092905e-07,-5.49607927393183e-05,7.16555939756432e-08,8.78785951033163e-08,-1.21430643318376e-16,-2.97071536409324e-16,6.85866291411409e-08,6.90289337562076e-08,-8.95888987096597e-09,8.2173938749909e-05,-2.12936183665513e-15,3.1903323848188e-06,3.36859988872542e-08,1.85039295130306e-15,-2.46915332116733e-16,1.92368332121217e-16,-4.67442154418202e-05,-1.26493072251315e-07,1.19648473094491e-07,-3.14782365072396e-06,-4.39237417013392e-07,-6.90045577574608e-08,2.93562888794101e-08,-1.1139663385879e-16,4.39305689670605e-09,-1.05567656980776e-08,2.19827170038965e-16,-2.68648820126921e-16,2.82456388628808e-09,1.28214241791531e-08,5.97435977527404e-10,-5.44515175043701e-08,4.68788315313376e-10,-2.49944633162366e-06,-1.97196654320795e-16,-1.00178647657674e-08,-3.56308231497089e-17,-5.07536904806762e-07,8.91078660511524e-18,-1.54829688511504e-09,-8.38516978708365e-16,7.94171294914308e-09,2.17348525097067e-09,1.42470543918133e-07,2.09029490828509e-07,9.46667166884888e-09,-1.20325011682485e-09,8.25897417734301e-09,5.90361182064206e-09,1.60305482713453e-05,5.87146345184224e-08,3.73153211498154e-09,-1.15692054408719e-08,-2.08999675246144e-05,-1.88658912279873e-07,-6.26268119517687e-09,-5.21745101373543e-17,6.34925603522582e-08,-1.1781654425988e-08,7.76277656336189e-09,7.22465572984692e-17,1.70935655130982e-05,5.77753352249653e-07,2.21452508918589e-07,-1.09249937309684e-16,-6.14322885228902e-08,-0.00778144477570835,2.08957352931456e-16,3.60447595448461e-08,2.56697348836421e-08,1.86494994506921e-17,1.87801470929758e-16,-1.25397646947799e-09,-6.87106609200712e-05,-4.0462109754052e-07,-2.10064139011344e-05,1.68486588861095e-07,4.47500512307013e-09,4.62244982298546e-07,4.38367829233052e-08,-1.15354868388458e-06,4.49713508619831e-16,2.16520956372733e-10,1.47747904365709e-07,4.75441761021487e-06,4.16618392590471e-06,-5.0630452637031e-15,-2.05013741838487e-16,6.02791966683945e-07,-5.95135021407636e-17,-5.85459288328438e-17,6.6762659432739e-08,-9.92573812173354e-08,-1.85870983255545e-08,-1.06459240676462e-07,4.8751965234786e-07,1.27427875212739e-07,1.63470504168035e-07,-7.21258038514627e-17,8.95233131291484e-07,4.50381670887297e-06,1.93558305031032e-07,-1.86685863769317e-08,7.51479664948015e-08,-1.33863654405605e-17,1.30514462810571e-16,2.55802976189446e-17,-2.00585088829797e-05,-3.26378764235936e-09,-2.11754006949556e-07,-2.60680747268175e-16,-2.52864722901214e-09,5.37827688928702e-16,3.19042348512209e-16,4.29867061232391e-07,-1.07676714419281e-07,4.35849273339173e-17,-8.96071651492167e-07,-1.21412633271831e-08,-4.15615479709924e-16,2.77154430087581e-08,-5.24079342428637e-17,1.03902249022625e-06,2.74396878954627e-16,1.03727593668398e-06,8.56207680715735e-08,3.10380996052351e-09,3.06843723983344e-07,2.11158650892656e-06,-1.01484733954179e-08,3.15536673390596e-07,5.66859203370407e-17,1.89343709621735e-07,-1.07035997608469e-08,-8.58787324749338e-17,-1.41301428127273e-09,-2.89011621018445e-08,6.73674857710402e-09,-9.85399605439224e-17,2.18414151846422e-08,2.89473504664489e-08,-1.2264687227844e-16,-8.05378718831792e-07,-6.12114993872759e-07,-8.39691861578186e-10,1.38446386232976e-16,-5.4176434018905e-17,1.51813012413966e-08,4.87833243832279e-07,3.95025295282717e-08,-6.20059659550469e-09,2.95418850647084e-07,-1.77304920795698e-16,3.90125853365494e-16,1.08063592886314e-06,3.25199282905413e-09,2.04460147578104e-16,2.62111489861142e-06,-2.73306380329577e-17,1.30505745920766e-08,-2.22834947797753e-07,-3.05627241505653e-05,-1.80049176036715e-05,-1.30079635934588e-16,5.59061902853936e-18,8.40568026729844e-17,-1.76134936523182e-16,-1.52346112312717e-09,-5.28916163585618e-09,1.43410861330705e-16,-3.88512017995676e-16,2.55675651145899e-16,7.46830674365035e-09,6.72047385757802e-11,-3.71358430571626e-09,-1.02942076198169e-16,3.68835414684202e-16,4.11386961822469e-17,-1.61160525807797e-07,4.93345377056221e-09,-2.79828217381539e-16,8.69369274307041e-10,-2.27822300308522e-08,2.88651502264849e-16,-1.83162437716831e-16,-1.64216391312769e-06,-1.61753505486696e-10,-8.15493923950955e-07,9.89304532652719e-17,8.8664644633235e-09,1.43387378661911e-07,1.54290398292776e-07,-5.78030926697311e-07,-3.43371175996871e-08,5.60076747754038e-10,-6.21558204412509e-18,1.17193187391127e-15,8.31623124995073e-17,1.07806983824456e-08,-9.76435431162905e-09,-3.930255320089e-05,-2.91637801368491e-09,-7.88322509878992e-16,-2.63148119906418e-17,1.12858818905754e-16,7.73904983516354e-17,-1.81639080927695e-16,1.40630311195203e-08,1.22660655148146e-16,1.9504184303003e-16,-2.37599237279673e-07,-2.18365721530772e-18,-2.13082957735156e-07,2.69567456779045e-16,-2.70590130492609e-05,-1.18277169070661e-16,-0.00135720214910233,-3.76336051366832e-08,-3.43135111350732e-08,2.11565023402599e-16,1.26168413030608e-06,6.18870421554349e-17,1.93396373144727e-07,-3.09880040053527e-08,1.71538051437122e-10,-8.43291268883323e-16,9.46967131546815e-07,-1.40962533588674e-16,-6.84173911033042e-08,-3.49318370299071e-08,2.81449378322833e-16,1.87476822916173e-16,5.02202630555089e-17,1.18008230182173e-16,-5.31335204668724e-09,-1.5822136025616e-07,-3.53584821542523e-08,4.74686180953403e-16,1.40684365105795e-16,-3.63717531002756e-09,2.96746741913203e-08,-2.69644156871381e-17,3.00044214795361e-16,-5.94864041876611e-08,1.10883737162621e-16,-1.05450841577648e-05,7.14469336338952e-16,1.05814823527154e-07,1.57789798575753e-16,-8.35690017958644e-16,1.1455974844818e-16,1.1615988141592e-16,1.94558672852071e-16,2.78967159399887e-16,2.04539965812436e-09,-1.43057957381777e-08,-1.51084876243075e-16,-9.51609106274531e-09,4.00127489419411e-07,-2.44697491666346e-16,-2.26717037188427e-16,1.10688153591581e-16,6.94256703033805e-18,3.3718902627279e-06,5.90255704899841e-08,2.15162549385211e-16,7.28862889729729e-18,-7.19919696369129e-08,-2.32566212132241e-08,-3.52234508178918e-10,3.41784185544558e-16,-2.18720904289931e-16,3.10089829803431e-17,1.85812709005161e-16,-2.31508545382909e-16,-2.70645329317524e-16,1.42220993710088e-06,-4.92525353979828e-07,-2.58942804444693e-07,4.71204515725009e-16,6.51547338657699e-17,3.16885673285324e-16,3.47469968004789e-16,-5.99110112721887e-16,-5.35592766788553e-16,-6.78751208918055e-16,2.27313001311548e-16,-1.30173281317983e-16,1.33412872549026e-16,-1.90886053276716e-16,1.31756345813869e-16,4.8053278601425e-16,-5.5781263958145e-17,1.39377974820776e-09,-2.03416628362964e-16,7.37052375489281e-16,1.94748620587618e-16,1.97509880900019e-08,-2.46979123435485e-06,-7.73804748787902e-17,-5.09928817396463e-10,1.80807139819144e-08,-1.16328923141699e-16,2.88776917464863e-16,-3.4920641549296e-08,3.9241984828361e-16,4.46758698006094e-10,-4.90725854193109e-17,1.23658554831721e-16,2.44953996708286e-16,-8.7457632302662e-17,4.53400218613645e-06,-6.02179522835009e-08,-3.66052353479878e-16,-7.11564457070894e-16,-2.25597908162736e-16,-5.65564304842515e-16,6.66377760263903e-17,-3.63071894102127e-16,-5.78786117679187e-17,-5.72015117924408e-16,7.31814503361881e-10,4.41604254444876e-17,-8.12360230993271e-16,-3.82996221821921e-18,-5.16358103950693e-16,-9.4826274905555e-17,4.052899325892e-16,-1.59424759353686e-07,-1.67021101184001e-16,2.63919378544022e-16,1.07886308487602e-08,4.59219498212498e-16,9.12016463147187e-17,-9.0627805076143e-17,6.35473542680085e-16,9.03613518142333e-09,4.70346682982499e-17,-6.21129495734913e-06,2.94635725498744e-16,-3.25427449433121e-16,-6.99690043161322e-16,-4.1411356087968e-16,4.57994857015748e-16,2.60581790053446e-16,1.08236066309025e-08,4.23689966664288e-16,-1.41645468846596e-15,1.36825096320786e-09,-1.35257140513809e-06,-1.91631665625656e-16,2.33013158218741e-07,3.16805630323067e-07,-6.84616534867496e-16,4.97223190016082e-16,2.48149536929064e-16,-4.39017998983172e-16,1.7277474551573e-16,-5.33909427858558e-07,5.54074014736809e-16,1.37638796850573e-15,-2.80268735717701e-16,2.13936266643726e-07,-2.63599135678855e-15,6.32208069673359e-16,2.36020336908593e-16,-5.70474694334491e-18,-9.75817613720667e-08,6.2938285549515e-16,2.87809687138333e-10,-3.55245148574589e-16,-4.72808758656488e-16,5.53562732240268e-16,7.0028690445081e-16,-4.20905572328089e-16,-5.90278395769491e-16,4.2902793355328e-16,-5.00458041101693e-09,-2.22584471739471e-15,1.27054131506786e-16,2.10512154886984e-09,3.60416643643216e-16,9.20888890061113e-16,1.65302363346103e-15,6.2174822556799e-16,2.2469530545901e-16,-9.91046343354801e-16,-1.52866333977855e-08,1.94032038952805e-16,8.04036225311965e-17,4.55534896400525e-09,1.29966871639705e-15,1.21906493364609e-15,2.54888394271091e-15,5.69298600113356e-16,-6.12246497821973e-17,-3.83835550611659e-15,-1.70523028576544e-15,6.26322951676689e-16,-2.19008947609125e-15,-1.68495856046129e-15,-8.6489535274168e-16,-2.39651271037658e-09,7.9495957653857e-09,-1.33080970829375e-15,-9.01049451681923e-15,6.22278717123075e-16,3.23219485217527e-15,-7.54711777014444e-15,-4.52415964582539e-15,-7.8102972132104e-16,3.33277802166082e-15,-7.59029812227896e-09,8.33030618898838e-15,-1.31008633946747e-14,6.53755389951561e-15,7.7872158886953e-14,8.84863896321294e-10,0.707106781186545,-1.4056049417504e-10,-7.81009156489171e-15,-1.25957342165127e-15,-4.70343284869401e-15,3.59404442024699e-15,9.31608376634068e-16,3.62175256180751e-15,1.00520617866205e-15,3.57062004284702e-15,-2.36861514779562e-16,2.55198774177195e-15,3.21492400748897e-16,8.74640636703352e-16,-9.91730327727373e-16,1.44381024946772e-16,-1.69667571147143e-15,6.59695004921034e-16,-4.92488228993947e-16,-3.68448929796877e-15,-1.21523631050727e-15,-9.77750291747534e-16,-1.58956235760815e-15,-6.17910116263494e-16,2.28039931007431e-16,1.19882743748316e-15,1.05955842750226e-15,6.83909441413504e-09,3.41059389922375e-15,3.5505127833825e-16,6.17618016202288e-17,-3.17736093001318e-16,-2.55525215182796e-16,1.69977086089272e-17,-3.04098566060576e-16,1.14092099483124e-15,1.40557804297766e-15,1.47383792721383e-15,-4.79935644177865e-16,-1.81941923642615e-15,-1.27506206217652e-17,-3.13758865171948e-16,7.64356023364007e-16,-1.0627174281336e-15,-5.39344003668207e-16,-8.00448567619398e-07,1.29767351834068e-16,-3.59652872663343e-16,1.45277550438709e-16,-4.2018265615874e-16,-9.11020524521224e-16,-6.4588376163149e-16,5.40773281250185e-16,2.05040487070839e-16,-1.81249674139138e-16,2.03310446806772e-09,9.58380203767911e-16,5.14424538186616e-17,1.09431511484486e-16,4.00516696829223e-16,-5.52168941555573e-16,2.04210779256139e-16,-3.34724476256678e-17,6.8323992747464e-16,2.23297116011117e-16,-9.8859893564196e-17,4.77246673438888e-16,6.08254027890374e-17,-4.14473160270033e-16,9.5043645205086e-08,-1.24108142750466e-16,-5.62617734087583e-16,6.17876021530174e-16,2.81784144628983e-16,-2.8284647107184e-09,-3.82239434072494e-16,3.57597424092529e-16,-3.27774748714382e-16,-3.36181255183769e-16,1.68183978342899e-17,-2.10202111733368e-16,3.61697995793885e-16,-7.75476949113008e-17,-6.16757536265152e-16,-1.65106273500493e-16,3.56322384150597e-16,4.65871579401755e-17,1.38389236422179e-16,-2.15130315627474e-16,3.97656690758844e-16,1.6136709820479e-16,2.89681771532312e-16
"t932",0.0375992748225051,-0.0122299171060703,-0.0134869177328949,0.000894652456318565,0.00995481585926041,-0.0392339342240224,-0.0060116539239279,-2.29808336894967e-05,0.0668134966421063,-0.0037575772698546,-0.00641304808223238,0.000367291056391392,-0.000751397233813398,-0.000161054794633176,-0.00447030080669364,0.000102899456543198,6.52748709626481e-05,-7.60346737634578e-06,-0.00327239961076044,0.000945349881751346,-3.79928275129483e-06,2.02048262560662e-06,-0.000115631808461614,-1.45498771423214e-06,2.09531071844471e-08,-4.08893105802333e-05,0.000533195139668932,3.16503994779296e-06,3.38318072757315e-05,-0.00148322305900756,-0.000438253649432824,0.0141904474829482,1.29362148776219e-05,-0.0226900798787183,0.225660366545176,-0.0025309343563798,-7.80466058200111e-05,0.000137766744737726,0.0157154650707718,0.00350550915461147,0.00052351918374111,-0.0140134306139073,4.64030137331321e-05,-0.00311094408754572,0.000124516186523993,-4.18795338140151e-05,9.93718965359305e-06,-0.000174860114574861,0.0555937233873562,-0.0771644613336033,-0.000187405997207362,0.000109156192138743,-4.90510564003554e-05,2.70371184254098e-05,-0.101502186413699,-0.00118901609952103,-0.00274744588856052,2.75784846054459e-05,-0.000222377573114156,-1.39318762527458e-07,-3.75441977544269e-07,2.44807833063214e-05,-1.64806152702013e-05,1.26459289021522e-05,-0.000150315167714557,3.36832251408502e-06,-0.0159311767311116,6.95541593099136e-05,-1.78282839555405e-05,8.57821149623455e-05,-8.91330574136423e-07,2.69075074958681e-06,-9.43679163287787e-06,-6.32232791817437e-06,2.66861849051047e-06,2.73627799931068e-05,-2.36390106258881e-05,3.60759787379166e-06,-0.0011221584052201,-0.000144514714456686,1.01711120071583e-05,0.000813771519030763,-0.00158112091394579,-5.46829698878047e-05,0.21299981609404,-0.00037746867630806,6.09672776234053e-05,0.0342426586596008,-4.33402832129101e-06,2.84822888180461e-05,6.42740837104563e-05,-2.09003785129475e-08,-1.2584948571589e-05,2.37939366703944e-06,-1.99363718191877e-06,-2.8926233420823e-06,-3.43287207250192e-07,3.15424460862554e-06,-4.48465484479767e-05,-0.00858452994132519,3.18804521178757e-05,-1.90598447439606e-07,3.59912348362434e-05,-2.87500749364248e-06,2.58595434606397e-06,-6.04912993840257e-08,1.07801953415935e-05,-1.202696584148e-08,1.01336971801316e-05,-1.44694061203141e-09,-3.31214050657784e-08,1.00750308433086e-07,-3.68087531806014e-08,1.39121773092694e-07,-1.61472652324535e-07,2.18418596874635e-07,-2.54814618481968e-05,2.99416049763664e-05,-4.80485140422193e-06,1.77366309898151e-06,-1.03023840787291e-06,2.22767603569871e-06,-0.000242878730140111,1.90663351148469e-05,1.07810186087938e-07,-3.086532132283e-06,3.21552289232968e-07,-7.84379467345247e-06,7.35746499684263e-06,0.00025596999087801,1.88981047603967e-06,-6.95256922494482e-06,5.54406548799194e-07,3.6262955170891e-05,-1.46873247547092e-08,9.70992381506502e-06,-0.000309255259671395,-1.06945959437986e-06,0.00198697931402324,0.000483712721841315,7.68444375006776e-05,1.0949755787356e-06,-2.5352742678119e-06,-5.15327602160042e-08,-2.89895005094163e-10,-1.33911617400189e-06,-2.29351433261935e-07,1.28575967810185e-05,8.6169288242059e-07,-2.0155282365574e-07,-2.71063156533034e-07,-0.00196227520967846,6.46422893488185e-08,5.12354297369338e-06,-5.65603642086958e-08,-1.17647720040364e-05,6.51308076046869e-06,-4.41902104901388e-07,-2.19152114081421e-05,-2.7279167389058e-07,-2.08303084828372e-07,2.84788827270385e-08,-1.24460270475591e-06,-1.43843681165874e-07,7.45426707795667e-09,5.70077532436563e-08,-4.35846377215609e-05,-6.71158537746973e-05,-3.72337667831138e-05,-3.30330795616613e-07,7.12973458000783e-07,1.28522701456503e-07,-1.97467347169018e-08,-7.5994826366635e-06,-1.56010668813512e-07,-3.28911480253229e-07,-1.46653943168387e-08,7.56648511919689e-07,4.23001186815599e-05,4.95495190968438e-06,-2.10194244636579e-05,-6.62421475900807e-06,1.47531819677203e-06,6.2841162774778e-09,2.04404649138452e-07,1.08336622633041e-07,0.000956451384628232,-0.00896980242725659,4.4668242321576e-05,7.07317538987756e-06,0.000133958680093477,-0.493725376842715,0.000282203412865209,1.73092571976135e-08,1.21655986793183e-06,-0.00145461451814925,-7.9425577089167e-05,-1.14657730784822e-06,0.00121419439451084,1.67961253211183e-05,3.92429958421082e-05,5.71287055553883e-05,-1.25255366260805e-06,-0.000225119165581633,-0.087252323403414,8.0579907678201e-05,-0.00625920511434331,-4.53916030837803e-06,5.13274861685569e-05,-7.14297052265208e-09,-0.000284194067904338,-2.03268914618022e-06,-8.50206891783145e-06,-0.00406944255958652,2.29139498028158e-06,2.26871778208787e-07,4.52270703453179e-08,3.22841277080189e-08,-1.14512261694935e-05,-5.16865087448788e-06,-2.39956036001024e-06,2.94642231618458e-06,6.51237777782612e-07,2.77148278303257e-06,-8.2854099032796e-06,-4.72911028948719e-07,-4.47969035516501e-05,-2.50930149779382e-07,-5.41259218148627e-05,-1.7513120411057e-05,9.43008244509864e-07,1.94388157920384e-07,5.89472447855867e-06,2.1719015866371e-06,-1.23237392777818e-06,-2.20185088866873e-08,-9.6304017263458e-06,9.38725986582854e-17,-8.99353711141948e-08,1.2821750186335e-06,-2.57564391960494e-07,-6.55541264647686e-07,-8.74805095572991e-06,1.20914376989767e-07,-1.68268760960373e-06,7.46196904060486e-07,-1.43038930234286e-06,1.32703401430951e-05,-1.84827791605493e-07,7.40648041939987e-05,-4.81477212396724e-08,5.2901305204773e-06,-4.47117699494398e-05,1.84141251112137e-08,-1.19774010108316e-09,5.67072026451707e-08,-5.27116866104344e-08,8.28881479490221e-07,2.08684847482934e-05,-3.93254155981532e-06,7.6261229121108e-07,-1.38216305977149e-05,1.61046444653293e-05,-9.70595537443003e-07,9.82244151973941e-06,-3.32048909645877e-06,1.286877891621e-08,0.000112050152979353,5.44718223131176e-07,0.000621345988704705,1.10275599462709e-08,-3.47598903757978e-06,3.1553924603051e-07,-3.86623594193941e-07,6.1050033258562e-07,-1.17853926253625e-06,9.13140111689393e-07,-6.66093343743412e-08,1.2701253704068e-05,-5.50984999129683e-08,9.04163886898112e-06,-6.52405440202797e-17,-2.2104887775413e-05,-2.19754708659418e-06,-2.3441385930453e-11,-2.04560375718194e-07,3.00411841042744e-07,-1.86085012818565e-07,-5.28233228195126e-08,6.16251427159663e-09,-2.75480523221987e-07,1.04194138186368e-05,0.000459780705634299,-3.22852632674259e-08,1.97869137552171e-05,-0.000502443267735966,1.26698647575719e-06,-2.44763215639345e-05,3.49351942610952e-07,6.10087756871514e-07,9.41442529702536e-09,2.53832180854485e-05,-3.30582293091723e-06,1.46372860779269e-08,-4.59398982886519e-06,5.4044654932411e-07,-1.96682010862803e-06,1.90352480854608e-06,0.00150553632218238,5.03141696675838e-07,-1.75899050360947e-07,-1.2324388710827e-06,1.27361115924116e-07,-5.94204080202013e-07,0.000202668254851478,6.6304493906778e-06,-3.00994111128807e-05,1.11538056033938e-16,1.09420216476373e-05,5.15094716236945e-07,-7.78991742287195e-08,0.000251267568831215,1.08208895362465e-08,6.56565494166235e-05,1.56029103103188e-05,-2.09669186696189e-06,9.04887813950139e-06,-9.03053703749789e-17,-6.9207707182912e-05,-5.49765868066946e-09,-0.000283868797666661,9.7965746648753e-08,1.86087164288169e-06,-0.000835617174178926,-2.06183594241829e-05,5.56042996225317e-06,-5.68078636401841e-07,3.67274295328071e-05,-1.19944888809667e-07,-1.1586353943082e-05,-1.55770239926478e-08,-2.46018479262714e-09,-0.000122791925455893,1.76230738118669e-07,-3.54866512524954e-05,1.05050145339177e-15,-1.00693667129071e-06,8.032331008507e-08,2.31525220031077e-09,2.16246642271164e-08,-3.31625548174837e-05,-0.000175502870674463,8.18187016363936e-07,-3.04264312150268e-06,-1.90138964667075e-06,-4.94191360392391e-16,-0.0034542932487646,-5.41182635638767e-08,-3.52227972671637e-05,1.51911306390186e-15,7.50990075070259e-06,9.77820410701507e-07,-1.51486911482053e-07,-6.27195157359244e-05,-0.000204510211305364,-1.14023199859587e-05,-3.77921403616155e-06,1.22736252178681e-05,8.95505789948863e-07,5.14311298927663e-08,1.27543338370664e-05,3.87949305436738e-07,-5.07342662442322e-16,-1.79339912260644e-07,6.83581841071806e-06,3.16066777809227e-06,-2.23830861501946e-05,3.97132448585737e-16,-6.42326827675593e-07,2.35511268074467e-07,-5.15092002033207e-05,-1.33345615871618e-06,-0.347803625325016,-2.44354921326976e-06,1.18061575283946e-05,-2.23075352250794e-05,-7.80931783182729e-16,-4.68332071237791e-05,2.13222110946171e-07,-5.70360710953079e-07,-5.49607927391332e-05,7.16555939002208e-08,8.78785947790291e-08,-3.7470027081099e-16,-1.76842095177037e-16,6.8586629242975e-08,6.90289340748818e-08,-8.95889028218517e-09,8.21739387497454e-05,-2.2947134972975e-15,3.19033238485488e-06,3.36859987831579e-08,1.6757286294847e-15,-2.6664466445535e-16,1.39107696304796e-16,-4.67442154416959e-05,-1.26493072029634e-07,1.19648472877652e-07,-3.14782365046801e-06,-4.39237417059504e-07,-6.90045574710031e-08,2.93562883763096e-08,-4.0896956829749e-16,4.39305685529964e-09,-1.0556765355268e-08,1.5954591677171e-16,-5.98993364047234e-16,2.82456388034178e-09,1.28214241528101e-08,5.9743573144763e-10,-5.44515177606642e-08,4.68788523345194e-10,-2.49944633184987e-06,-1.89038032972847e-16,-1.00178649323681e-08,-3.72028975592848e-16,-5.07536904904699e-07,-4.26118558841115e-16,-1.54829677084908e-09,3.74628669765462e-16,7.94171305585235e-09,2.17348498415075e-09,1.42470543787279e-07,2.09029490668759e-07,9.46667204468275e-09,-1.2032510036779e-09,8.25897411575966e-09,5.90361165688466e-09,1.6030548271479e-05,5.87146348602523e-08,3.73153232765432e-09,-1.15692055209768e-08,-2.08999675248451e-05,-1.886589122006e-07,-6.26268029840837e-09,-1.0501439718973e-16,6.3492560059843e-08,-1.1781654095531e-08,7.76277652622829e-09,7.59498656959873e-17,1.70935655124849e-05,5.77753351873322e-07,2.21452508686553e-07,-3.81009764554646e-16,-6.1432288248329e-08,-0.00778144477570761,1.16517946041899e-16,3.60447597365148e-08,2.56697348721074e-08,6.06471791250524e-17,2.22271550917392e-16,-1.25397640972132e-09,-6.8710660919855e-05,-4.04621097421307e-07,-2.10064139007729e-05,1.68486589181127e-07,4.47500516527246e-09,4.62244982339333e-07,4.38367827755716e-08,-1.15354868400401e-06,4.4323540063923e-16,2.16520838879636e-10,1.47747904483852e-07,4.75441761010695e-06,4.16618392611352e-06,-5.13926207165949e-15,-1.36963034411546e-16,6.02791966800935e-07,1.04597253385685e-16,2.41090978407223e-17,6.67626596195275e-08,-9.92573809357191e-08,-1.8587098202475e-08,-1.06459240477073e-07,4.87519652209104e-07,1.27427875010605e-07,1.63470504120387e-07,8.25962468787876e-17,8.95233131231472e-07,4.50381670956204e-06,1.93558305102514e-07,-1.86685861139113e-08,7.51479669370049e-08,-1.4713928436169e-16,-1.77032563354018e-16,2.18026044861527e-16,-2.00585088829166e-05,-3.26378778492883e-09,-2.11754006936397e-07,-2.21632307126072e-16,-2.52864721781431e-09,5.06358720872308e-16,-2.74269613652817e-16,4.29867060846989e-07,-1.07676714307441e-07,-6.41142954699303e-16,-8.96071651938757e-07,-1.21412630542609e-08,-1.93648801816051e-16,2.77154433561121e-08,-5.70802269829104e-18,1.03902249036102e-06,-2.51603320136107e-16,1.03727593740615e-06,8.56207679688542e-08,3.10381019665522e-09,3.06843724471568e-07,2.11158650933363e-06,-1.01484728509994e-08,3.15536673271066e-07,-1.52192636527923e-16,1.89343710189696e-07,-1.07035997302285e-08,-1.21718038271746e-16,-1.41301433323534e-09,-2.89011621084171e-08,6.73674842673253e-09,-9.03109840101442e-17,2.18414147344798e-08,2.89473500100001e-08,-2.65137930456149e-16,-8.05378718289735e-07,-6.121149948018e-07,-8.39691824535434e-10,1.3699527920983e-16,-7.7794168438982e-17,1.51813008397759e-08,4.87833243142909e-07,3.95025298754745e-08,-6.20059623303401e-09,2.95418850519692e-07,2.34544937957746e-16,-4.46150829624266e-16,1.08063592908726e-06,3.25199215668654e-09,-1.91524774000784e-17,2.62111489815274e-06,-7.25420737374519e-17,1.30505743928936e-08,-2.22834947902059e-07,-3.05627241512904e-05,-1.80049176032505e-05,6.63810276482201e-17,-5.41339179768857e-17,-7.23822076739048e-17,1.79362465677344e-16,-1.52346136041648e-09,-5.28916165085948e-09,-1.72897071657707e-16,1.37225084225485e-16,-1.26162458410475e-16,7.46830668452927e-09,6.72040917130322e-11,-3.71358452525201e-09,1.78138915768158e-16,-5.7927228010006e-16,-6.49728480652673e-16,-1.61160525776948e-07,4.9334534431561e-09,4.23412282065439e-16,8.69368831621474e-10,-2.27822302565327e-08,-3.07863196340837e-16,1.41142245840784e-16,-1.64216391304099e-06,-1.61753909112014e-10,-8.15493924230657e-07,-3.44297561499588e-16,8.86646506048599e-09,1.43387378623521e-07,1.54290398395555e-07,-5.78030927080967e-07,-3.43371179784465e-08,5.60076411111448e-10,4.46427236159586e-18,-6.45718983485892e-16,-6.92753334874684e-17,1.07806985816175e-08,-9.76435426035407e-09,-3.93025532000115e-05,-2.91637787400484e-09,7.26940235178382e-16,6.45063083123665e-17,-2.05247486419641e-16,-1.04528837254206e-16,1.19579422276854e-16,1.40630313955194e-08,-2.18283789189759e-16,2.58881987966103e-17,-2.37599237389243e-07,-1.08100131660153e-16,-2.13082957491202e-07,-5.28340394104763e-16,-2.7059013049697e-05,1.11882410853597e-16,-0.00135720214910284,-3.76336049000544e-08,-3.43135119319117e-08,4.13531853915426e-17,1.26168413035097e-06,3.37243030329961e-17,1.93396372691011e-07,-3.09880023743048e-08,1.71538125736254e-10,2.53191245879418e-16,9.46967131427859e-07,-6.28038031660746e-17,-6.84173902977187e-08,-3.4931837588393e-08,1.82377448500644e-16,-2.56192084934965e-16,-1.27398553099449e-16,-8.62847391929934e-17,-5.31335239511959e-09,-1.58221359877866e-07,-3.53584818003025e-08,-4.4969819491696e-16,-1.83311822030892e-16,-3.63717527065719e-09,2.96746744466499e-08,1.43852917196237e-16,-2.41268475471063e-16,-5.94864045163935e-08,-1.10436744902535e-16,-1.05450841579866e-05,-2.81616895875077e-16,1.05814824312742e-07,-6.89357473589786e-17,-1.98032942277152e-15,-3.56758371506941e-17,-1.99485078379328e-16,-1.5148659960345e-16,-2.22449240320336e-16,2.04539909260713e-09,-1.4305795976625e-08,1.87976183304053e-16,-9.51609112683016e-09,4.00127488989013e-07,2.47473496228153e-16,1.20021658302389e-17,1.82839313983107e-16,-3.10535431864867e-16,3.37189026231284e-06,5.9025569821962e-08,-2.57728542376071e-16,5.10248324601503e-17,-7.19919698098051e-08,-2.32566212445902e-08,-3.52234191171286e-10,-4.4241340405934e-16,7.4687302520202e-17,2.16986985187198e-17,-3.06501696878775e-16,3.51180962140308e-16,2.55872637307244e-16,1.42220993664636e-06,-4.92525353582407e-07,-2.58942805664166e-07,-4.62138174139017e-16,2.11675419797375e-16,-3.48407025882991e-16,-2.36195433865394e-16,4.6989989448825e-16,-3.78898523803394e-17,7.92450886092924e-16,-2.57786447341283e-16,6.27023973354538e-17,-1.68129264116339e-16,3.03928021402256e-16,-3.46763495853617e-16,-3.79041807699706e-16,5.88772688104321e-17,1.39378059396021e-09,1.72190712200744e-16,-4.2521234683325e-16,-2.37099773269123e-16,1.97509890014301e-08,-2.46979123440043e-06,1.67047454804822e-16,-5.09926680868186e-10,1.80807146923857e-08,2.60847518452488e-17,6.26302374432549e-16,-3.49206412632802e-08,-7.94195861530002e-16,4.46759706972056e-10,-4.67946083855528e-18,-2.33747424843042e-16,-4.24904048148425e-16,-4.5830886690816e-16,4.53400218637741e-06,-6.02179509837425e-08,2.88832825076831e-16,7.67141725138939e-16,4.58209431257337e-16,2.52140973655793e-16,-1.32055824608734e-16,3.79149885774181e-16,9.48380446142171e-17,6.35168426373904e-16,7.31816491693903e-10,-1.45451321753654e-16,8.4504565167998e-16,-7.13591266964189e-17,4.09190393460183e-16,8.46658563190407e-17,-6.35784710353901e-16,-1.59424758487853e-07,2.46133400608214e-16,-3.49200483873288e-16,1.07886315528674e-08,-7.98555813857249e-16,-2.95841697573708e-16,1.26360238998782e-16,-9.10035748790891e-16,9.0361328167108e-09,-2.53632885808539e-16,-6.21129495596364e-06,-1.70017215689392e-16,2.29300482691534e-16,6.50223040775055e-16,8.14226672992872e-16,-4.04482258435473e-16,-4.96841790793957e-16,1.08236071524344e-08,-6.17750828023253e-16,1.40071972517737e-15,1.36825108331176e-09,-1.35257140506225e-06,3.92711579418658e-16,2.3301315970442e-07,3.16805630055861e-07,7.85877779189155e-16,-3.46828239029918e-16,-1.71634636790604e-16,3.18040273685073e-16,-3.76862836322997e-16,-5.3390942883892e-07,-4.68382956052641e-16,-1.74349187424782e-15,2.49117984113276e-16,2.13936267777172e-07,2.67453432649445e-15,-3.61771833416285e-16,-1.07717893159961e-16,-8.56245913108072e-17,-9.75817629461142e-08,-6.01903295783267e-16,2.8780991636536e-10,3.4560081887639e-16,3.30395318565393e-16,-5.30397534376461e-16,-8.05712228617455e-16,3.40661288390583e-16,4.85926274769677e-16,-4.42010071467292e-16,-5.00457925403102e-09,2.41166503232469e-15,-3.20128990188485e-16,2.10511983262358e-09,-3.01079660872645e-16,-9.03348098231383e-16,-1.82049708367864e-15,-7.46675009269369e-16,-2.17525769300596e-16,1.03911058019971e-15,-1.52866339553585e-08,-3.29833086718378e-16,-1.65157712867755e-16,4.55535119604217e-09,-1.51802568610484e-15,-1.30374097009228e-15,-2.29839962786203e-15,-4.94769921896624e-16,-1.72688858938134e-17,3.93257873818581e-15,1.63949738900593e-15,-8.01583264285342e-16,2.15000751032215e-15,1.48945374685061e-15,9.83837590031007e-16,-2.39651976961358e-09,7.94959153595385e-09,1.48553787021599e-15,9.11706615350555e-15,-6.52003738117071e-16,-3.04262040111139e-15,7.79474954634013e-15,4.60098793612109e-15,7.4188052431661e-16,-3.28731527769125e-15,-7.59028759344069e-09,-8.37352620552398e-15,1.31114256701105e-14,-6.69912980921623e-15,-7.79101037781893e-14,8.84987590356717e-10,-0.70710678118655,-1.40559298679623e-10,7.75661937527653e-15,1.04403301066785e-15,4.6681805178196e-15,-3.58903656491734e-15,-7.015993033427e-16,-3.54985975923096e-15,-1.01698247088292e-15,-3.29872383728716e-15,4.19839499893315e-16,-2.50730002562357e-15,-2.41676967433089e-16,-8.94398838881413e-16,1.2550170903787e-15,-2.14038253584961e-16,1.69280300590203e-15,-6.8151192928697e-16,5.16279709213917e-16,3.4882939154822e-15,1.21417978479317e-15,9.82736890973622e-16,1.59156813162725e-15,6.2350375796171e-16,-3.15660353439737e-16,-1.13370369476593e-15,-1.13468986123561e-15,6.83909283094189e-09,-3.3173277096153e-15,-1.53276910231578e-16,-1.89629939286408e-17,-8.98838400919178e-19,1.91728698887918e-17,-3.01436449138837e-17,4.52517878175386e-16,-1.55857989794509e-15,-1.39215486552495e-15,-1.48801613809438e-15,-4.6840244356805e-16,1.82045211117962e-15,-2.85129804012144e-17,4.1647709231121e-16,-7.01735443481814e-16,1.0863889759327e-15,5.06603928821096e-16,-8.00448567918988e-07,-1.57310761649304e-16,2.7691924882381e-16,-1.58782592412525e-16,3.25822144376199e-16,8.4783758265417e-16,7.16779683290465e-16,-4.5669372536128e-16,-1.01044088177235e-17,1.55556996354834e-16,2.03310439683945e-09,-3.75757674529815e-16,-5.55075192441231e-17,-1.134927514605e-16,-2.85553915705008e-16,4.92746915079534e-16,-6.81788240047415e-17,-9.23983071538023e-17,-4.75303209864272e-16,-3.16668467612763e-16,-9.95272943833234e-17,-5.67421154681612e-16,-1.92509080580539e-16,5.28294499934005e-16,9.50436452246605e-08,1.00801429216873e-16,5.45656778853118e-16,-4.23823400376727e-16,-7.22322592364155e-16,-2.82846473683709e-09,2.44763686621501e-16,-2.81209285986934e-16,3.85352952722474e-16,4.13154944668884e-16,8.41870136706494e-17,2.81651100012781e-16,1.134107907198e-16,1.28255431572042e-16,4.40962285247568e-16,2.76018166139322e-16,-4.00437695649194e-16,-1.21847481153833e-17,-1.05801798566938e-16,3.82183362450748e-16,-3.11411218640335e-16,2.94740562653362e-16,-3.92352888762199e-16
"t56",0.0375704901888215,-0.0122101895530268,-0.0134644592048421,0.000892656060165727,0.00992762128558419,-0.039108206243688,-0.00599201123633982,-2.28997794344998e-05,0.0665352363789483,-0.00373860726616149,-0.00637199288920888,0.000364395583211217,-0.000745301034312789,-0.000159728417888734,-0.0044318860108387,0.00010196320843699,6.46668249237959e-05,-7.53136112774898e-06,-0.00324065052697063,0.000935388808057357,-3.75599524008747e-06,1.99272079318666e-06,-0.000113954372616151,-1.43376066854715e-06,2.06462215166089e-08,-4.02620159451579e-05,0.000524918957794434,3.11547376902537e-06,3.3287838318617e-05,-0.00145508417975437,-0.000429390444758412,0.0138904768301529,1.26431286157239e-05,-0.0221517756934147,0.220035073695267,-0.00246283590181149,-7.59201933033044e-05,0.000133953989497611,0.0152775954038174,0.00340639395982621,0.000508294729153478,-0.0135960994662714,4.50006391058328e-05,-0.00301681243884535,0.000120683279090321,-4.05086909382732e-05,9.60593628593609e-06,-0.000168981552800538,0.053680359464016,-0.0744416665660156,-0.000180574782754518,0.000105117639513647,-4.7232336925221e-05,2.60161416441551e-05,-0.0975324222045851,-0.00114226989866665,-0.00262919418648566,2.6363088172505e-05,-0.000212549925593766,-1.32806746487249e-07,-3.57162653866149e-07,2.326514981611e-05,-1.56492518375393e-05,1.20054914241848e-05,-0.000142480307339475,3.18825829798121e-06,-0.0150322896391378,6.55364327785393e-05,-1.67873572398315e-05,8.06771354141246e-05,-8.32953434723489e-07,2.5021272172209e-06,-8.76853676576878e-06,-5.86529080979704e-06,2.47521109356742e-06,2.53621627825061e-05,-2.19046292432706e-05,3.33838626617608e-06,-0.00103522269965927,-0.000133151901208806,9.35125040557341e-06,0.000747825960238777,-0.00144800516445942,-5.00269812021285e-05,0.193988819705974,-0.000343353012080417,5.53874655933132e-05,0.0311023829350632,-3.93636003402959e-06,2.58654385907155e-05,5.83408002614088e-05,-1.88846801169908e-08,-1.1366430293829e-05,2.14290453701993e-06,-1.78663112240281e-06,-2.59032810828185e-06,-3.07401001934426e-07,2.81911533114806e-06,-4.00532002859455e-05,-0.00764631247759471,2.83334151635355e-05,-1.69358922291987e-07,3.19734053031463e-05,-2.52833524984959e-06,2.27238821931102e-06,-5.31243823357259e-08,9.45720868399883e-06,-1.05478145203412e-08,8.88267752895284e-06,-1.2672936661797e-09,-2.90015552606377e-08,8.80806318543209e-08,-3.21739209997326e-08,1.21102511279642e-07,-1.40433989378087e-07,1.89590876693875e-07,-2.20989560371791e-05,2.59044221538583e-05,-4.14729759666321e-06,1.52822784088749e-06,-8.86782560059102e-07,1.91079386579374e-06,-0.000207856753263988,1.6315635423428e-05,9.22261700218573e-08,-2.63417859057114e-06,2.74372751007772e-07,-6.67934454209643e-06,6.22866414990978e-06,0.000216684198470033,1.59900021652532e-06,-5.85938777961587e-06,4.6686991748244e-07,3.05200050704438e-05,-1.2332551309215e-08,8.15052167617564e-06,-0.000258304505288812,-8.89668189821341e-07,0.00164377932936161,0.000400100498527375,6.35006091707033e-05,9.04393509970822e-07,-2.09235676712221e-06,-4.25170674666277e-08,-2.39176372171066e-10,-1.10244288848713e-06,-1.87998017529705e-07,1.04924386681407e-05,7.02398987200412e-07,-1.63887710864362e-07,-2.20364843620004e-07,-0.00159375110501851,5.24728843052163e-08,4.15635347037249e-06,-4.5614554776746e-08,-9.47903130664225e-06,5.24415352056177e-06,-3.50339132148725e-07,-1.73077080026472e-05,-2.15311742382743e-07,-1.63872252522451e-07,2.2389214723656e-08,-9.74311917143159e-07,-1.12546567903695e-07,5.80796875296807e-09,4.42361875013621e-08,-3.34154426300885e-05,-5.14342020702252e-05,-2.85309242211006e-05,-2.52698692877643e-07,5.44346515928829e-07,9.80977222022062e-08,-1.50133344861226e-08,-5.77072368713505e-06,-1.18151327902928e-07,-2.4892972793154e-07,-1.10954385530188e-08,5.68866836254616e-07,3.15932884613972e-05,3.69654069868812e-06,-1.56639644115282e-05,-4.92044142488341e-06,1.09448299187933e-06,4.65619461565574e-09,1.51276129850385e-07,7.98625111552927e-08,0.000704374731449911,-0.00654936549883416,3.26054931025508e-05,5.14806200939169e-06,9.67126401727868e-05,-0.35402272635149,0.00020187081336795,1.2337857439242e-08,8.64829964898902e-07,-0.00102575262420629,-5.59098197544173e-05,-8.04078350884273e-07,0.000849887161166584,1.15835633261974e-05,2.70450311212863e-05,3.91193244511156e-05,-8.52232018921526e-07,-0.000150789361837024,-0.0584390862292468,5.38908679671567e-05,-0.00416720997252151,-3.0125159712212e-06,3.37769791260695e-05,-4.6505960885271e-09,-0.000183419004659746,-1.30832134387755e-06,-5.40432570412956e-06,-0.00256852524201096,1.44599710673803e-06,1.42373625431836e-07,2.7976880451479e-08,1.99145609796941e-08,-6.95700854471303e-06,-3.10645854464468e-06,-1.43674313250697e-06,1.73643825114954e-06,3.82328298736183e-07,1.62020057853114e-06,-4.7804759106432e-06,-2.72125486270404e-07,-2.57602892246451e-05,-1.42176936709092e-07,-3.03876259571898e-05,-9.73072660809681e-06,5.2146314520826e-07,1.06957694186768e-07,3.22819237685888e-06,1.18782766210167e-06,-6.65590384990782e-07,-1.17976441610424e-08,-5.11505513474151e-06,2.8069275246413e-16,-4.71607355429767e-08,6.70612930235787e-07,-1.3227938271637e-07,-3.31844473231922e-07,-4.37483456359436e-06,6.04237531637071e-08,-8.21518104116351e-07,3.62850553126778e-07,-6.94262185923411e-07,6.38363299112271e-06,-8.83680167324945e-08,3.50119085882081e-05,-2.2644714205827e-08,2.48278566206644e-06,-2.07402465898361e-05,8.11268631327222e-09,-5.17593138976095e-10,2.41032989809779e-08,-2.15797865552209e-08,3.38404223002519e-07,8.28719963721799e-06,-1.53681766210159e-06,2.9107898991294e-07,-5.23485728304529e-06,6.04967670246477e-06,-3.60414377746625e-07,3.58419371062656e-06,-1.20919216764511e-06,4.47260532696018e-09,3.89004393565708e-05,1.8887422529075e-07,0.000212601777804139,3.75437173979326e-09,-1.16441283359864e-06,1.05379555208956e-07,-1.16041706481703e-07,1.80905741681282e-07,-3.45646595917281e-07,2.61395379461357e-07,-1.86902030827184e-08,3.39949935119768e-06,-1.45375423820874e-08,2.35827139903262e-06,2.92060564257004e-16,-5.53377391667033e-06,-5.47081779495279e-07,-5.72944802784767e-12,-4.77732390193239e-08,6.73196982448767e-08,-4.08581498516981e-08,-1.1479539116988e-08,1.15715618214737e-09,-5.11927241137508e-08,1.93077105703047e-06,8.10967368480256e-05,-4.85886474722729e-09,2.8875643122968e-06,-7.17209191002862e-05,1.67415009484192e-07,-2.21179642167472e-06,2.52237280428877e-08,4.3395575515539e-08,6.66642207670883e-10,6.10138214732749e-07,1.10410955807818e-07,-6.00258411888932e-10,2.40111907204272e-07,-3.57373911814039e-08,1.38513353251753e-07,-2.03977550582928e-07,-0.000165586979862911,-5.79587428668428e-08,2.08919602444227e-08,1.60994760523248e-07,-1.83307620774514e-08,9.29335761113007e-08,-3.28116219159721e-05,-1.13578956944342e-06,5.76864769205553e-06,1.08442950775856e-16,-3.56112621430393e-06,-1.75026224360051e-07,2.81691066998419e-08,-9.10246988494113e-05,-3.92745566534209e-09,-2.41859985113038e-05,-5.90828827783075e-06,8.19876876797191e-07,-3.76952446822729e-06,-4.54780088306292e-16,3.30413142913689e-05,2.66752775570512e-09,0.000142523466648687,-4.93848045755576e-08,-1.01780524739882e-06,0.000477359809373314,1.2504593523015e-05,-3.51030059617676e-06,3.90106696157044e-07,-2.7174201813124e-05,9.29590060569509e-08,9.21374014928572e-06,1.25852647749808e-08,2.04403395406583e-09,0.000102334217802961,-1.49779341220473e-07,3.06202337109988e-05,-2.38765649058975e-15,9.70388893961785e-07,-7.91641789294817e-08,-2.28234272752464e-09,-2.27021042372234e-08,3.51441656578441e-05,0.000208297864668199,-1.00237971106392e-06,3.75094183610133e-06,2.39988756809831e-06,1.52228656765326e-15,0.0044781525290838,7.0859267958593e-08,4.78556320016437e-05,-2.14166347926545e-15,-1.06174476333258e-05,-1.39542245745248e-06,2.17232413537584e-07,9.08432904778316e-05,0.000301211164249371,1.70058060404717e-05,5.69197332687304e-06,-1.90292565307224e-05,-1.39318236821314e-06,-8.16207914401796e-08,-2.09600663196211e-05,-6.386793163346e-07,1.39141710144225e-15,3.16079761284315e-07,-1.21913068889058e-05,-5.7857242160154e-06,4.26250313550577e-05,-1.14014240187371e-15,1.33205333525354e-06,-5.37683390670345e-07,0.000122822868608998,3.24489495067645e-06,0.867293726774967,6.37716019799918e-06,-3.31965585292342e-05,7.57831129718626e-05,6.98806442651612e-16,0.000189541964146033,-8.76621472683499e-07,2.42385848354695e-06,0.000244707328462772,-3.20193139491569e-07,-3.97956816094038e-07,6.20380483096206e-16,6.45957955035419e-16,-3.35855894509772e-07,-3.62601346654815e-07,4.74805573408178e-08,-0.00046483251815798,1.41305356498653e-14,-2.09768113596801e-05,-2.37754943865373e-07,-3.78587233925712e-15,5.71875255525191e-16,-4.31142631786846e-16,0.00042066023165611,1.17745594043926e-06,-1.25926536528935e-06,3.70886081791368e-05,5.24730771214689e-06,9.41408627734129e-07,-4.07035695736671e-07,3.31527934630065e-16,-8.41671517585214e-08,2.32059588575199e-07,-5.29935445369972e-16,3.01927615534289e-15,-1.36567998434623e-07,-8.53362346670581e-07,-7.83145201290984e-08,1.95551503461732e-05,7.49931172460744e-08,-0.000325403641637854,2.84099799403819e-16,-1.04101013853287e-06,1.02988789848017e-15,-3.35377257751914e-05,4.69662828593564e-16,-8.09943824511444e-08,6.27147468033723e-16,3.29648758958413e-07,8.66437577358715e-08,3.76200019322792e-06,5.15983316501272e-06,2.27535695500695e-07,-2.59828284746426e-08,1.64130345684207e-07,9.94243229774113e-08,0.000269616886573975,9.44395090854293e-07,5.56420632034082e-08,-1.5750428850974e-07,-0.000265587511634553,-2.2802849514604e-06,-7.39419153818259e-08,-1.82816815408802e-16,7.00264025243692e-07,-1.22377476320079e-07,6.96732444217955e-08,-5.67363133588188e-16,0.000147850815682841,4.7435876969336e-06,1.78041092135366e-06,3.45946678181516e-16,-4.88714714831082e-07,-0.0594655396167498,5.69232184827393e-16,2.70303122018202e-07,1.73723771781612e-07,-1.07641571434031e-16,7.23647267131042e-16,-8.18802202482663e-09,-0.000447263322837728,-2.59630918769886e-06,-0.0001325968996384,1.02646166048978e-06,2.71821408031074e-08,2.79609964047537e-06,2.53882297019832e-07,-6.46311423161856e-06,9.35761342545083e-16,1.19862708531739e-09,8.16245340757547e-07,2.60803835547334e-05,2.2662059605369e-05,-2.84737806679441e-14,4.39899301357263e-16,3.24198299882054e-06,1.42944056482019e-16,-1.06085473764012e-15,3.36068951075929e-07,-4.94348684978314e-07,-9.25520546047502e-08,-5.1828499733266e-07,2.36637578365269e-06,6.18130568788148e-07,7.89736193514355e-07,5.02833117558677e-18,4.14888595498641e-06,2.06967660689462e-05,8.87020325170941e-07,-8.44011183028858e-08,3.31730641074426e-07,-1.46631859981135e-16,-1.34738100368205e-17,-1.97854375157404e-16,-8.57059285547646e-05,-1.37585689241065e-08,-8.91749978031667e-07,5.77910640231847e-16,-1.05145745252462e-08,-1.37199255646514e-15,-2.54100794937121e-16,1.6962154312073e-06,-4.24616763953365e-07,7.16766056230167e-16,-3.4911834913169e-06,-4.6977908917381e-08,6.53827400313892e-16,1.05762856165631e-07,2.30258934487489e-16,3.90112274989731e-06,-1.66230752290887e-16,3.88898507152754e-06,3.20656288193417e-07,1.16094898194827e-08,1.1457277441466e-06,7.85391079248627e-06,-3.72088377565834e-08,1.13465857530287e-06,1.20111984298791e-16,6.65246516024148e-07,-3.75155189680974e-08,1.82387037432475e-17,-4.93669504640728e-09,-1.00390343517961e-07,2.32801108905498e-08,1.52441410844181e-16,7.41875244338987e-08,9.79952962995158e-08,3.14554137101531e-16,-2.71442804793094e-06,-2.05859559287265e-06,-2.80156099437996e-09,8.82273151703596e-17,5.97442672777056e-18,4.97292091537062e-08,1.58583119096587e-06,1.28214256849153e-07,-1.94925567439312e-08,9.24049344253461e-07,-2.95730182946033e-17,4.54589173139089e-17,3.36857169784469e-06,1.0132760641351e-08,-4.27809589885496e-16,8.12035134486292e-06,4.54365945330429e-17,4.02104986645668e-08,-6.81509347613281e-07,-9.34229332156968e-05,-5.49240422201526e-05,-1.566768397407e-16,1.27658050459546e-16,-1.33835638075661e-16,-5.81442600300042e-17,-4.56408017487232e-09,-1.58225630215843e-08,-5.5342624420483e-17,2.46190073122971e-16,-1.24639288950369e-16,2.22250222495158e-08,1.99545905171778e-10,-1.09599239256666e-08,7.5677749098879e-17,-5.57720373790122e-17,7.71057480017379e-16,-4.66192541974946e-07,1.42614611028826e-08,-1.0448639984424e-16,2.49411297590998e-09,-6.51614266378169e-08,6.74185037529788e-18,7.05722110065439e-17,-4.66373150861564e-06,-4.59119995015642e-10,-2.30518483863991e-06,6.77222742102237e-17,2.48931284651139e-08,4.0107658792373e-07,4.29365313092626e-07,-1.59746611718181e-06,-9.4720578139993e-08,1.53970312599506e-09,5.93578259169382e-18,-8.33279581552482e-16,-1.11543589518927e-16,2.90761025965444e-08,-2.63274022095887e-08,-0.000105718422461572,-7.7521398951337e-09,3.01383282558265e-16,4.62994852819037e-17,-8.335336762009e-18,-6.58658751170703e-18,-9.66296938997757e-17,3.69309564755724e-08,-1.05875633890131e-16,1.41855200952016e-17,-6.21052445644375e-07,2.34148512969626e-17,-5.56832095726743e-07,1.41889013640239e-16,-7.06815881742917e-05,-2.18529199195099e-16,-0.0035169554738942,-9.73373821782652e-08,-8.84960306923369e-08,6.45827767506713e-17,3.24254402366746e-06,-6.51773990317508e-17,4.93266265951519e-07,-7.82707095514584e-08,4.33096291321356e-10,1.625590223873e-16,2.38162198330304e-06,1.39420855910311e-16,-1.71026553290667e-07,-8.72950756692086e-08,-2.46249263871725e-16,4.62167955993134e-17,2.34950693541413e-16,-9.02628933252931e-18,-1.32124587443144e-08,-3.92929461884484e-07,-8.76774894081219e-08,1.28434489203925e-17,5.96214217810577e-17,-8.95473650029792e-09,7.30361086418579e-08,6.50284737534082e-17,6.45141400544217e-17,-1.45132920745721e-07,6.36281398956923e-17,-2.56800325761046e-05,-4.52086161710652e-16,2.56321689439351e-07,-7.68122626519826e-17,-3.59390289572352e-15,-2.01410312667267e-17,-2.3915273743227e-17,-7.32973145161299e-17,-9.1558637720232e-17,4.90247944572982e-09,-3.42838907068762e-08,5.57783718431756e-17,-2.27225265893267e-08,9.53980408359957e-07,-2.07283597767248e-17,3.25300518928127e-16,1.43740715733909e-16,1.54230966627426e-16,7.98746311681633e-06,1.39613328818231e-07,-7.47410235374077e-18,9.016798555895e-17,-1.70000629171337e-07,-5.49059670262662e-08,-8.30977173976872e-10,1.86535415074107e-17,-3.09288032767807e-17,-3.28983423310178e-17,1.18776488484023e-16,-2.75830204759445e-17,1.85746137496022e-19,3.3164073915475e-06,-1.14727268548767e-06,-6.02531991700319e-07,3.32360845956628e-17,-3.42141160862248e-16,-1.1517679975393e-16,-1.23282269199605e-16,1.52700474457165e-16,3.74291971150255e-16,-5.36245016199881e-17,2.24379802675223e-17,-2.7628950240678e-17,4.92085722578017e-17,-1.9594347428738e-16,5.63577898683983e-17,-1.17039967606813e-16,-1.07886401764497e-16,3.18675633150586e-09,4.75211005188771e-17,-4.88144722437133e-16,5.59222092739197e-17,4.50561434478037e-08,-5.63116001603131e-06,9.47215354738397e-17,-1.16226479001288e-09,4.10965892791053e-08,-9.16847969121368e-19,1.09577185596216e-15,-7.91007026172028e-08,3.72531693513997e-16,1.00776665942624e-09,-1.94019651341581e-17,1.38268411019742e-16,1.42638328946197e-16,4.12912287258051e-16,1.01612774820822e-05,-1.34897135493309e-07,1.9176893549867e-16,1.95231651427904e-16,-2.3291508204464e-16,9.93495704658125e-17,-1.12485975395371e-18,-5.33075161942504e-17,-1.22215932324441e-17,-2.22469317596174e-17,1.60368147322213e-09,1.6180596578056e-16,-4.81907488329936e-17,3.21721957041728e-17,-2.39463782689738e-17,-8.38167571633989e-17,1.05498584286981e-16,-3.477534703734e-07,6.64971253285627e-17,-9.07428694177787e-18,2.35134159885251e-08,1.43324052054292e-16,2.58212449462537e-16,-9.31774027913073e-17,1.08569818217505e-16,1.9502061572462e-08,2.51850520334906e-16,-1.33822060780629e-05,-3.27257479325169e-17,5.52901699342149e-17,-1.88390253240076e-16,-7.5748568286176e-18,-3.48087799170501e-17,1.85540308939034e-16,2.32375961222247e-08,3.40550994697971e-17,5.5190257650834e-17,2.92968776772853e-09,-2.89572472663775e-06,-6.98876840270665e-17,4.97715189709878e-07,6.76210172959469e-07,-1.07866636334227e-16,-1.08006759396752e-16,-1.77660185331138e-16,3.0976974802684e-17,3.1141374669018e-16,-1.12771999282604e-06,-2.10192938959346e-16,5.49205396582771e-17,5.7490615065177e-17,4.50672760340467e-07,-3.34449916219435e-17,-9.70021601680751e-17,8.96213647666909e-17,1.07209857129992e-16,-2.0484514801768e-07,-6.67916543272271e-17,6.03525457335921e-10,8.91693489462077e-19,6.97995870789286e-17,5.65388721809839e-19,2.6071966625153e-17,7.87146296307775e-17,-1.11876500790768e-16,9.64054801436718e-17,-1.04352650699888e-08,-4.26191015408768e-16,3.076541859228e-16,4.38337506776873e-09,-5.44052217548676e-17,-5.39759089238827e-17,-1.7485703773369e-17,5.86604627469937e-17,-8.56936135742699e-18,-9.54545288198269e-17,-3.16925425304754e-08,1.04157983651472e-16,3.78740496045364e-17,9.42600432757542e-09,1.06638496602866e-16,6.51122275424648e-17,-1.22863737497919e-16,8.81664245141661e-17,1.628306685447e-17,9.79781621459733e-17,1.51659266376725e-17,2.96173528937843e-17,7.209404935229e-18,1.58930876246082e-16,6.98828837238358e-18,-4.92399670904131e-09,1.63198753396864e-08,-2.49764945319461e-16,1.11323961763646e-16,6.50360549641162e-17,-1.86456379538358e-16,2.17748453816557e-16,-9.74324620679718e-17,1.07593195793471e-16,-7.16395935613726e-17,-1.55143495486039e-08,-1.44256518282782e-16,-1.22313241089573e-17,1.16562304178694e-16,-9.60051585254132e-18,1.80212240290503e-09,3.19662733814023e-17,-2.85070751433984e-10,1.28641177232442e-16,9.59820052007906e-17,-6.11675428427842e-17,-9.38053536392037e-18,-1.66432628002587e-16,-2.52847274026318e-16,-4.73358132302536e-17,-4.32117025834344e-16,-2.49130520952615e-16,-6.51692189782523e-17,7.3929085743892e-17,6.19791366685157e-17,-1.68924469610035e-16,3.77957222259921e-17,8.50910778340403e-17,1.37805833350216e-16,-1.59122541776096e-17,-2.84495623507382e-16,-8.62528421435275e-17,2.7041974942318e-17,-1.09626392165441e-16,6.23291089386896e-17,-4.96559172503739e-18,-5.06746406006845e-17,4.08552009582519e-17,1.36663578520853e-08,-5.85026890221368e-17,-6.2115077301596e-17,-3.07805114028128e-17,-1.6078177727975e-16,2.74844663344535e-16,9.22405972298704e-18,-8.61304330033785e-17,6.59256841793573e-16,-5.38607396295445e-17,6.80302836495823e-18,5.25160427297666e-17,2.77728935156175e-17,7.8525264840263e-17,-1.29382307428037e-16,3.90666433717832e-17,-4.69248417608345e-17,-8.00199888640944e-17,-1.58403703350642e-06,-1.06776281849053e-17,-1.31703653780587e-18,-3.44055570075344e-18,-6.59082988071887e-18,1.00373867174345e-16,-1.16616216395313e-16,-1.13841739550602e-16,3.83088343453532e-17,-8.23793926726746e-18,3.98420624978241e-09,-8.68128303706564e-17,-1.51896744227915e-17,2.0935914691442e-17,-6.12483673717291e-17,5.92779732134584e-17,7.62151395550438e-17,1.44144485033588e-16,8.87623438329263e-17,-6.02560613811144e-17,1.02667645958975e-16,-3.9924338678628e-17,1.86288883584826e-16,-1.25885755473016e-16,1.84476554139417e-07,1.01493010665967e-17,3.85914881519463e-17,-2.42817164173717e-16,-3.52690966709535e-16,-5.46592727546518e-09,-1.57536885790614e-17,1.34555574129842e-17,1.45638686847373e-17,-1.21315799146045e-16,-2.12342281513048e-16,3.2937529821799e-17,-8.24798722760695e-17,-1.00826954243454e-17,1.56712830778245e-16,-6.89595498583013e-17,-1.42184964952113e-17,1.57773041801588e-16,-6.68020790760944e-17,8.82608894274139e-17,1.1366927134015e-17,-3.910499213168e-16,-1.33577336356813e-16
"t185",0.0395007980707261,-0.0136612534798522,-0.0151262991770958,0.00105065734785178,0.0122207277846068,-0.0504081352233803,-0.00777300932398305,-3.05270763509843e-05,0.0954016510974934,-0.00603164322719423,-0.0130115555597074,0.00110657279619631,-0.00246360194549699,-0.000554533018582783,-0.0181042418396509,0.000562360825396021,0.000422069918401286,-5.74917966431852e-05,-0.0319006177614498,-0.0572221739937685,2.54614157115167e-05,-3.49593088584979e-06,0.000155646213133181,1.9106598826632e-06,-2.70536861068753e-08,4.35274267079149e-05,-0.000541626121208037,-3.10398752174739e-06,-2.99539487329994e-05,0.000717615170037012,0.000168630480556756,-0.00464792418363323,-3.26416430786397e-06,0.00477159520580127,-0.0385725385067586,0.000303902902423776,8.79892596661005e-06,-1.43175148596404e-05,-0.0015756037549683,-0.000324287824414142,-4.1121942589798e-05,0.000947884550039113,-2.84415959581009e-06,0.000189091720566988,-6.69385762504639e-06,1.33074052930168e-06,-2.60168865607636e-07,4.14760487166589e-06,-0.000966460605039414,0.000882018984226514,9.19491391652652e-07,-2.6298372518653e-07,1.01667091829452e-07,1.32628964651105e-08,-0.000397690699425956,-5.04994723129058e-06,-1.02627881136602e-06,-1.27881974303033e-07,1.19608967407438e-06,4.12183251882726e-09,2.44395710534432e-08,-2.25869677026261e-06,2.00582830537879e-06,-1.65044739911948e-06,3.35084040661969e-05,-1.30113359857797e-06,0.195201144767039,0.000112597771820104,-2.01449686468185e-05,6.61526716721195e-05,-3.473317084036e-07,8.88538085759864e-07,-3.06371361595607e-06,-1.9904309134844e-06,8.37208620846623e-07,8.48544591555887e-06,-7.29840282353883e-06,1.09147568797003e-06,-0.000326080333122047,-4.13390300057055e-05,2.82575208757158e-06,0.000224461245336967,-0.000403408023594657,-1.33759999589116e-05,0.0181748605727931,4.63717526657825e-05,-7.58783275879128e-05,-0.0705693684078338,1.04924648473914e-05,-0.000114759952460155,0.000327288733021375,-2.15238281798397e-08,-1.35286304679745e-05,6.91238551269847e-06,6.24896610768376e-07,6.41099857394824e-07,7.48625608807447e-08,-2.61817322511248e-07,2.30754518290534e-06,-0.00021596252168177,1.94054334047184e-06,-1.20779294459542e-08,2.37822658790276e-06,-3.65592471987863e-07,3.34256162378124e-07,-7.91041325031913e-09,1.436129655535e-06,-1.60984835767158e-09,1.36730675191484e-06,-1.97419419136965e-10,-4.53446899467027e-09,1.40461258800661e-08,-5.1417472858915e-09,2.01061907555973e-08,-2.34636316472232e-08,3.20641458756592e-08,-3.75538824646094e-06,4.45256263309914e-06,-7.19271689168321e-07,2.66563282850613e-07,-1.55129889942576e-07,3.37147657718526e-07,-3.68448635463604e-05,2.8926033155355e-06,1.63608982214718e-08,-4.69256094589909e-07,4.88933513086154e-08,-1.1942565174257e-06,1.12452469440954e-06,3.91248149059073e-05,2.88967955224167e-07,-1.06754366939759e-06,8.52198581894189e-08,5.57889913093422e-06,-2.26921111322679e-09,1.50124167713538e-06,-4.85376236961603e-05,-1.71389935886197e-07,0.000335146071580589,8.17527488514042e-05,1.31586556946347e-05,1.88876432329974e-07,-4.42937204699959e-07,-9.0505093430385e-09,-5.09168701514853e-11,-2.45871059413924e-07,-4.859631407371e-08,3.74537063043848e-06,2.90155574325666e-07,-1.23920637404281e-07,-1.81290025640796e-07,-0.00244749317312205,1.9169148493812e-07,-2.03735789436177e-05,4.69314511574931e-09,7.13733107711971e-07,-3.14547925337565e-07,-9.89990758398632e-09,-4.41686537486075e-07,-5.27525401764386e-09,-2.41094156856192e-09,2.57441740286069e-10,3.06497943012309e-08,4.78305144789066e-09,-7.94569239075219e-09,8.7434956917836e-09,-4.35235431638654e-06,-0.000296659669060697,1.78529309784818e-06,-1.97131851770555e-08,4.31565409320397e-08,7.76068831713492e-09,-1.13001842701908e-09,-4.2662363349822e-07,-8.4011902743694e-09,-1.75328526690404e-08,-7.77702340577661e-10,3.65615671566646e-08,1.87450495705203e-06,2.16717567725257e-07,-9.08626803751223e-07,-2.78305795373195e-07,6.15183797304289e-08,2.60805597327816e-10,8.47169408577359e-09,4.63085380679539e-09,4.17648880071303e-05,-0.0046660874615426,0.000871605139360938,-2.26673925216787e-07,-5.24026223298116e-08,-6.46770363435221e-05,-1.30241046600791e-07,-2.89312604829718e-11,-3.33029662218679e-09,9.18042818492559e-06,5.65475533603363e-07,1.01220454453932e-08,-1.17441047446855e-05,-2.57512579137582e-07,-6.09625808770234e-07,-9.66442221333121e-07,2.14938808391272e-08,1.52160829840124e-06,0.00057916237597409,-3.17996637714641e-07,-5.33702716470329e-05,-1.06804468946037e-07,8.6542776938014e-06,2.26941713251342e-09,5.15136711217333e-05,3.43440145419435e-07,1.24812591851577e-06,0.000585714051488988,-3.29725650180648e-07,-3.25905341149232e-08,-6.6550977541923e-09,-4.78634087270356e-09,1.78202335040551e-06,8.35937531970714e-07,3.93502399950322e-07,-5.12387975104057e-07,-1.14868540863647e-07,-4.9652046079334e-07,1.55662303806864e-06,8.9703507737219e-08,8.51720484520669e-06,5.02330819719427e-08,1.11760984467238e-05,3.74156954538822e-06,-2.04581120423606e-07,-4.28427422575892e-08,-1.31843220906586e-06,-4.87794162290572e-07,2.87508862685302e-07,5.25847580729758e-09,2.35841383800922e-06,-6.80135970825802e-17,2.2821757164875e-08,-3.27661263599052e-07,6.90656078100614e-08,1.82301756840293e-07,2.50584789028766e-06,-3.46966687759856e-08,5.09650340334287e-07,-2.28048405372269e-07,4.38961400596359e-07,-0.00011615752857441,5.85894360013149e-08,-2.40491454596713e-05,1.57995874885863e-08,-1.74349799751918e-06,1.50883649624216e-05,-6.84984909744544e-09,4.61019956693627e-10,-2.24566943565853e-08,2.22163069506505e-08,-3.50919220513398e-07,-9.24027067752257e-06,1.78730863070229e-06,-3.60544214914805e-07,6.62339144592367e-06,-7.83267847888473e-06,4.82615657463928e-07,-5.07380998150916e-06,1.72374836748555e-06,-8.75221107561231e-09,-7.77990233724639e-05,-3.88370070809548e-07,-0.00807080996386567,1.00980572418867e-09,1.32630951555785e-06,-1.26410828409675e-07,2.14032106613329e-07,-3.43088371450057e-07,6.69964287738261e-07,-5.32385911103456e-07,3.95976205773344e-08,-7.87727552260822e-06,3.45870742460592e-08,-5.72997686355422e-06,-8.67604584373472e-17,1.4472977712812e-05,1.44502710873976e-06,1.56326356016718e-11,1.41107910482077e-07,-2.13592589618598e-07,1.3431297896837e-07,3.84211868968966e-08,-5.25757603137335e-09,2.41537082199912e-07,-9.21759997997385e-06,-0.00843650380410277,2.53828748771793e-08,-1.58708467038389e-05,0.000408078650896937,-1.06744646149596e-06,2.32303340398256e-05,-3.48154932324624e-07,-6.09754039675066e-07,-9.41737219714865e-09,-2.89567270516038e-05,4.65322672425986e-06,-2.14135267227334e-08,7.18677818035433e-06,-9.42769662829278e-07,3.58266625609421e-06,-1.65293841056358e-05,-0.043645706589088,2.90522294600797e-06,-4.47065209520488e-07,-2.99341828741792e-07,-5.05295031200326e-08,4.36774788959128e-07,-0.00562559183653131,-5.08344103850525e-06,2.92920053130718e-05,-5.41403326082825e-17,-0.000424483283879349,-8.16776182179178e-07,1.29188532721307e-07,-0.000417252186252276,-1.79940105793519e-08,-0.000110373581510771,-2.67718658765078e-05,3.68620181589133e-06,-1.67248697686164e-05,-8.2322071021147e-16,0.000146924531983718,1.20590407605434e-08,0.0138488070329888,-9.50165235538088e-08,-4.163419330212e-06,0.000341595828898761,5.21622159780626e-05,-1.47232205173561e-05,1.66799032701999e-06,-0.000119519281282831,4.19015991768947e-07,4.22194953296011e-05,5.83218019981376e-08,9.68493648223923e-09,0.000486149862677495,-7.24334280208264e-07,0.000150317342096985,-4.30537475922077e-15,5.55167334831717e-06,-4.73146989918684e-07,-1.36472709924265e-08,-1.59118462119498e-07,0.000253752829746129,0.00276137198036912,-1.90509502795812e-05,7.84598557612095e-05,8.38719086331803e-05,-4.64013533235946e-14,0.962508879126378,-1.45195413747916e-05,-0.00109328713893313,3.54856527770496e-14,0.000114762786571258,1.32684328927502e-05,-1.94101716357341e-06,-0.00071933753570736,-0.00198487808811991,-9.8817891336545e-05,-3.01502840855174e-05,7.84104447422777e-05,5.58255850476172e-06,2.79867527239688e-07,5.5718500249507e-05,1.67675872936581e-06,6.96008696130159e-16,-5.25945455796609e-07,1.87901845058193e-05,7.53732183775531e-06,-4.29234687778148e-05,4.01237011546916e-17,-7.34474978073289e-07,1.16854568392704e-07,-1.29158307098557e-05,-1.90925480851076e-07,-0.00659771642571151,4.88963609285316e-07,-6.28590722708498e-06,2.89260623609258e-05,-1.47086678256418e-15,9.27145219312819e-05,-4.35392196311308e-07,1.24004555955271e-06,0.000129869760843124,-1.7037803761785e-07,-2.13768173180451e-07,2.77902700851484e-15,-1.58828282935268e-15,-1.89385428344205e-07,-2.11833697707687e-07,2.78504140536135e-08,-0.000280080130051004,9.59425588541646e-15,-1.32591590155683e-05,-1.52919436111171e-07,-2.9075863875425e-15,-5.47532315121344e-16,-1.0200782522301e-15,0.000282480625522335,7.942345650945e-07,-8.61429365335496e-07,2.56353156465354e-05,3.63098801315621e-06,6.57671229978389e-07,-2.84646561198737e-07,5.01945752843982e-16,-5.97826918832488e-08,1.65584694623771e-07,1.7043739690132e-15,-4.13514266510492e-15,-9.8981682586123e-08,-0.0760201588767093,-5.71698914188538e-08,1.43652195238804e-05,6.04799308497574e-08,-0.00550709131169555,-1.18560591241788e-15,-6.91208352065206e-07,-2.25649856650933e-16,-2.37853457273065e-05,-1.3952597757716e-15,-5.78862658190228e-08,2.49659121640639e-16,2.36545252471389e-07,6.22012891372248e-08,2.70384499983759e-06,3.70662141681735e-06,1.63408445280011e-07,-1.8630934363505e-08,1.17473368362029e-07,7.07342457865787e-08,0.000191803267289745,6.70237088683337e-07,3.92892864566277e-08,-1.10280651348787e-07,-0.000184320424125826,-1.56940053944618e-06,-5.06554023304646e-08,-3.46911718790379e-16,4.71634447761437e-07,-8.06789890044278e-08,4.10489646051698e-08,5.46433167112346e-16,0.00178596807396526,2.14593184725914e-06,6.90453318102055e-07,-1.5010287032472e-16,-1.6815043964404e-07,-0.000987318947137957,1.35452618254218e-16,-1.07790261058929e-07,2.75144442788648e-07,-2.36483349280639e-17,6.29535124377322e-15,-2.62265162844334e-08,-0.0109316458644789,-6.79671743477689e-05,-0.000113599205549128,9.37415184521926e-07,2.48309671993349e-08,2.55418312222804e-06,2.28927689824257e-07,-5.75166247135478e-06,-1.27381829043149e-14,1.0624637546933e-09,7.23230513784269e-07,0.00053433164124417,1.98997956186727e-05,-5.76859784795565e-13,-2.21930332155206e-16,2.83773265237181e-06,2.30221458662092e-16,-9.07719447304145e-16,2.88439615782433e-07,-4.23158691718869e-07,-7.92196065709152e-08,-4.41410107586953e-07,2.01421497654761e-06,5.26077938443235e-07,6.71628152959862e-07,-1.97119244762726e-16,3.55387301903417e-06,0.0113060497360603,6.96398305676874e-07,-6.97353811151927e-08,2.74520305699029e-07,-2.5963857250707e-16,-1.23962755963187e-16,1.25536887215737e-16,-7.06270278328738e-05,-1.13144729808893e-08,-7.33222189225722e-07,-6.45230761813703e-16,-8.62815788631914e-09,-8.23202651803344e-16,-3.25942901341528e-16,1.38037953759742e-06,-3.45518890359501e-07,-1.84964890626027e-16,-2.83544573047241e-06,-3.81128489673709e-08,-7.58025977643479e-16,8.56188459359464e-08,9.89718960947628e-17,3.15012980451464e-06,-6.1738686571108e-16,3.13962932790902e-06,2.5882553201361e-07,9.36906565654277e-09,9.24373649683566e-07,6.33272248765599e-06,-2.99354872068192e-08,9.10133655596607e-07,-3.47648090192753e-17,5.31708199966594e-07,-2.99737222473421e-08,8.32923593522796e-17,-3.94232920699565e-09,-8.00984249533787e-08,1.85598518732446e-08,-8.18015131947532e-17,5.89903597613102e-08,7.78816526139181e-08,-7.95911310353714e-17,-2.15584898569325e-06,-1.63444107422096e-06,-2.22166815880897e-09,2.34644610188448e-16,5.16196176229568e-16,3.93290287576635e-08,1.25280356664818e-06,1.01266823568572e-07,-1.53366939523682e-08,7.26828850643022e-07,1.02031443220774e-16,3.94026264534637e-16,2.64948629409009e-06,7.96978250544182e-09,5.11818613227833e-16,6.39041968381963e-06,-2.06168425480238e-18,3.1722429860384e-08,-5.987524478734e-07,-0.001473333091851,-4.15394875351941e-05,-3.27354287258855e-16,2.46519684888874e-16,4.37098519831998e-16,-1.79697793871835e-16,-3.54418856877371e-09,-1.22868242286723e-08,-3.23614292859896e-16,-2.10945162700807e-16,-1.45092139849327e-16,1.72551815119507e-08,1.54901534658789e-10,-8.50357730503173e-09,-1.80946559531493e-16,7.45226363257911e-16,-1.02928733244911e-15,-3.60946669009077e-07,1.1041038940758e-08,-6.73943275705156e-17,1.92935941537538e-09,-5.03912116594669e-08,-4.15760586689794e-17,9.60780064409486e-17,-3.60422491417903e-06,-3.54799111556871e-10,-1.78082173691886e-06,-1.19897648145573e-16,1.92223999097881e-08,3.09662316861621e-07,3.31475162470902e-07,-1.23354298903845e-06,-7.31533278393536e-08,1.18964498061764e-09,-2.5028655347366e-16,6.71004003306708e-16,-8.42021141129117e-17,2.30741446624373e-08,-2.09637533382337e-08,-0.00172440028209436,-6.01277061571431e-09,-2.82554191277063e-16,6.26499340463771e-16,-8.87879314094848e-17,2.45086791776845e-16,-5.16269120145818e-16,3.07932547430588e-08,-2.20062314867918e-16,2.49636010448097e-15,-8.91868515478274e-07,8.80217285943443e-16,-1.02752595214096e-06,-5.69883984373083e-15,-0.0206212447327085,-2.81305055439474e-16,-5.8298144352584e-05,-7.20165645062201e-08,-6.44087492246145e-08,-6.50214836756882e-17,2.36440326387508e-06,2.22118995872796e-17,3.61700640797022e-07,-5.75890840977662e-08,3.18684853514694e-10,-4.90255622318381e-16,1.75347608074974e-06,-4.00081557225755e-16,-1.2596913855073e-07,-6.42973956076926e-08,2.80150994715015e-16,-5.02981801756296e-17,-4.09044631790051e-17,4.01918235634616e-17,-9.73146589651545e-09,-2.89394579393219e-07,-6.45705769233081e-08,1.9534753239986e-17,-8.92508314202826e-17,-6.59126217149325e-09,5.37576425297358e-08,1.71667981445512e-16,-1.17494616413219e-16,-1.0671386255517e-07,1.14526580578786e-16,-1.88772516185995e-05,-1.31108142980377e-16,1.88269594417047e-07,1.9198779719507e-17,-2.58437458388185e-15,2.89672482211848e-18,2.05572672005944e-16,8.9765069062338e-17,-5.0867980181277e-17,3.59431167617289e-09,-2.51350088489133e-08,3.447374214832e-16,-1.66474239346126e-08,6.98718915768101e-07,-1.41921469323664e-16,1.91161767088284e-16,2.13943063308871e-16,-4.95629941647887e-16,5.84263379043785e-06,1.02092147308519e-07,-5.01194802794081e-17,-1.47114885766935e-16,-1.24269680141359e-07,-4.01341884265363e-08,-6.07319863511998e-10,-1.92041770644863e-17,8.6331114127573e-17,-9.1672445896101e-17,-5.5953804540041e-17,-4.95839210914857e-17,1.32229338866667e-16,2.41762815987434e-06,-8.36147821260929e-07,-4.39027613540169e-07,3.590825750116e-17,-5.35900286091132e-17,5.00100576307872e-16,5.85400724137377e-16,3.11207893147849e-16,9.25932081162474e-17,-1.06724164986112e-17,1.26965229462226e-17,-1.03181026213302e-16,-2.0535759622997e-17,-3.19784419963068e-16,1.1910472114695e-16,-7.95842997839268e-17,5.88677785253305e-17,2.31268841061098e-09,-4.81968966297289e-18,-2.03988266402271e-17,-2.19759411712505e-17,3.26896017787428e-08,-8.40263969470523e-05,7.10003126563418e-17,-8.42391084549271e-10,2.97818293861737e-08,-1.99161552518963e-16,2.91804188180457e-16,-5.72849686883263e-08,2.25237095053893e-16,7.29435597200497e-10,1.10794140549959e-17,1.43609487834717e-17,6.78709019131699e-17,1.02259875764526e-17,0.00247275005073334,-9.52803130487629e-08,6.58044637156649e-17,-6.55835417435581e-17,1.29630241869376e-16,-2.42525041464829e-15,8.6541017407793e-16,1.56710957398652e-16,-5.16895930253021e-17,-5.24550037188261e-17,1.14938489594712e-09,-6.64909647965109e-18,1.04955185025077e-16,-5.13892917256243e-17,-1.71577983284093e-16,1.29561112416303e-16,-1.37549556394274e-15,-2.48923726640076e-07,-9.39390542287344e-17,7.77679406112008e-17,1.68270318167322e-08,7.26283686245437e-17,-2.92730103673641e-16,9.66981794749855e-17,-1.07579980720336e-16,1.39169682433804e-08,-7.06342674038661e-19,-9.54485649961692e-06,9.68585213026506e-17,-2.78715769762747e-16,7.47071772626481e-17,2.60314781679754e-15,-3.95485070025451e-18,-1.87522275258929e-16,1.65568388822449e-08,6.07406903886374e-17,5.96890744917994e-17,2.08572392388726e-09,-2.06146036111465e-06,-2.2184884439062e-17,3.54075361483463e-07,4.80951592089699e-07,1.92144896065607e-16,1.63651365823388e-16,-1.46787311780613e-16,2.51044280202822e-17,1.34947622506687e-17,-7.99480620084475e-07,1.99976249995587e-16,1.93622371297759e-16,-1.71014523521405e-16,3.19229286635473e-07,-5.82044647536872e-17,2.70345184018013e-16,-3.23541074594228e-16,-1.18387055062153e-16,-1.44938382711674e-07,2.77547158231442e-17,4.26878234518045e-10,-9.04949311354353e-17,1.58635781950684e-16,2.73133524798488e-16,-4.60076947798593e-17,4.40308737474184e-17,-1.1736037706135e-16,1.39197236810963e-17,-7.36749171148266e-09,3.93303105532184e-16,1.2409394366398e-16,3.09334326178673e-09,1.59040822424583e-16,-1.14283800384116e-17,3.33186617691793e-16,5.65539155323556e-18,-4.3630733603857e-17,-1.97735534016873e-17,-2.23335731544117e-08,6.49117586585188e-16,1.53099129159513e-16,6.63821945683061e-09,2.92705909120421e-17,9.58529982612702e-18,-2.02693136932942e-16,-9.26378955574242e-17,-3.00139306871153e-17,7.62543336756296e-17,9.71777469494605e-17,5.11434356371597e-16,6.00589082478567e-17,-2.0737719965127e-16,2.7894273774043e-17,-3.45953599656218e-09,1.14628815978402e-08,2.71545554416761e-16,8.42105567475363e-17,-5.1300516936081e-17,3.44577069039284e-16,-1.12832920090566e-15,2.09342953865103e-16,-1.15130899387981e-18,-2.73186544161421e-17,-1.08809804607358e-08,-1.80020939964564e-16,-1.4891841205981e-17,1.60012368730251e-16,1.61099719113557e-16,1.26232931530052e-09,-8.5997965759622e-17,-1.99400211184939e-10,4.48308864891855e-17,1.07679312723599e-17,-7.20900691254779e-17,4.07509377336529e-17,1.58436534659146e-16,-4.25078347830929e-17,-1.20606561717237e-17,2.39065154089958e-16,1.41692136869707e-16,-1.94953897896227e-17,3.55468891515193e-17,-2.47386109587183e-17,-1.00361228998547e-16,2.82330018373529e-18,-7.21775528058729e-17,3.0238645291337e-16,-3.8580684681428e-17,3.86399425983411e-16,3.96991446919801e-17,-6.75080356806396e-17,7.00394603425636e-16,1.38204297555734e-16,-4.57849695933783e-17,-1.84016365628191e-16,8.57821361411318e-17,9.50953437499188e-09,-5.16186561716496e-17,-2.08157317907638e-16,2.56677515880008e-17,9.59146402746701e-17,-1.02477143013592e-16,1.04418818067454e-16,-9.15905996015957e-17,7.71827182634623e-17,-7.41226264007485e-17,4.48013983313403e-18,-4.82469966756049e-16,-1.5665566124269e-16,-6.09191568601093e-18,-2.48575501376784e-17,-2.38229067162058e-16,-1.06305722450665e-16,-9.55421458238798e-17,-1.0983620503391e-06,-1.26573643341521e-17,-4.07764423122999e-18,-9.56142945817829e-18,-8.41566040306825e-18,7.49960174746122e-17,-1.02293337420491e-16,2.69835577223555e-16,2.00944222746503e-16,-4.75291670205505e-17,2.75266702290328e-09,-5.43319946363539e-16,-1.26423267481662e-16,-4.08867551931187e-17,2.55833671984334e-17,1.84352503777715e-16,3.67179002338682e-16,3.55654529164072e-17,-9.24314257216928e-17,-2.30977407431348e-16,-2.9718210697128e-16,4.33202163280714e-17,2.42205326693009e-19,4.74437388027089e-17,1.26994445976852e-07,-1.69729262979466e-16,-8.7644971204861e-17,3.31155995075004e-16,-4.92444626742916e-16,-3.7564652995869e-09,-5.42158293444148e-17,3.49503745854995e-18,2.81612889192256e-17,2.50479913047153e-16,-1.15582067178921e-16,6.6930225660085e-17,2.76771993104051e-16,-7.19079643163493e-17,2.24230171920343e-17,1.26791949584759e-16,1.51897253305555e-17,1.15658747385105e-16,-1.68836966656697e-17,-2.22086728524065e-17,2.5090194299612e-16,9.60264718724408e-17,-1.67806452850041e-16
"t374",0.0396420319285587,-0.013764616758422,-0.0152444788775487,0.00106168929640379,0.0123782198176822,-0.0511720382008943,-0.00789315387737829,-3.10370923265737e-05,0.0972899067363722,-0.00617702221009257,-0.0134120552034043,0.00114884315473588,-0.00256057099769472,-0.000576703455218279,-0.0188609296809586,0.000587314231790619,0.000441265913523881,-6.01561438003501e-05,-0.0334148509370855,-0.0601852291667331,2.68935963857735e-05,-3.73609848705252e-06,0.000166982705560164,2.05067684055493e-06,-2.90446218961533e-08,4.68954792976813e-05,-0.000584071231268884,-3.34959466936121e-06,-3.23929727775311e-05,0.000787675932761208,0.00018630454783,-0.00515974767260043,-3.65274772086118e-06,0.00537005472119968,-0.0436912475701615,0.000347936053352062,1.00924469975079e-05,-1.64609394646223e-05,-0.00181333581712422,-0.000374061056798582,-4.76446721360045e-05,0.00110249617323419,-3.31618158646133e-06,0.000220518593129789,-7.82919237983081e-06,1.57358121404715e-06,-3.08695331862115e-07,4.92914984244387e-06,-0.00115380755762447,0.00105824855708591,1.11064751866246e-06,-3.18664332203885e-07,1.23250088762802e-07,1.61426640119325e-08,-0.000487882471853119,-6.20270449911434e-06,-1.28891235984262e-06,-1.61615203716082e-07,1.51273311877841e-06,5.29536585145763e-09,3.17818019487875e-08,-2.95528790042758e-06,2.63760788287335e-06,-2.17304457034035e-06,4.45389788289404e-05,-1.74447705898957e-06,0.26687050922459,0.000155325269094367,-2.79061147958272e-05,9.23405540916136e-05,-5.05473987981262e-07,1.33710567648787e-06,-4.63486191879018e-06,-3.04464138274563e-06,1.2824188345134e-06,1.30609235597097e-05,-1.12555845767449e-05,1.69948747151741e-06,-0.000519101005524248,-6.64139432052825e-05,4.6124414692438e-06,0.000367665429766933,-0.000678177104637889,-2.26675515756342e-05,0.0319070000875573,8.22202235903043e-05,-0.000135911911741183,-0.12661251982673,1.88332981416018e-05,-0.000206211649065636,0.00059041649276314,-4.03342753892491e-08,-2.54427993573819e-05,1.33230738536959e-05,1.25874508546059e-06,1.30027099396824e-06,1.51884195645024e-07,-5.40663346061767e-07,4.79704649348887e-06,-0.000460629781092775,4.22907632236555e-06,-2.63729133377999e-08,5.20440275004681e-06,-8.88671154427553e-07,8.19382521754714e-07,-1.95203121693629e-08,3.58642017390211e-06,-4.03377571555194e-09,3.44661351877212e-06,-5.02213177186288e-10,-1.15698492971384e-08,3.64917001117882e-08,-1.33873533223112e-08,5.50016685073528e-08,-6.48902750678672e-08,9.08645356911942e-08,-1.07616239485232e-05,1.31666749401729e-05,-2.19459918008108e-06,8.33395343501549e-07,-4.9191633958674e-07,1.12462978041638e-06,-0.000127197417057259,9.99936884554849e-06,5.68442456934696e-08,-1.69177247925738e-06,1.7682626726051e-07,-4.46477389595326e-06,4.65587658011596e-06,0.000162184129155388,1.20848585927717e-06,-4.81856001547796e-06,3.90752009756697e-07,2.58778471449445e-05,-1.10533417246042e-08,7.36386954196619e-06,-0.0002667277754386,-1.04369700180203e-06,0.00239758963513286,0.00058776380604265,9.75546584649059e-05,1.42292518270612e-06,-3.42615942076254e-06,-7.07297861232201e-08,-3.97970237109164e-10,-2.07575503775304e-06,-4.88723559939114e-07,4.68395441037221e-05,3.86440018958329e-06,-1.92726127824863e-06,-2.85771814259887e-06,-0.04126485470567,3.37008762423385e-06,-0.000376515190572194,1.64312389771555e-07,2.91868946105941e-05,-1.4603299097256e-05,2.17719042680184e-07,7.12119876306264e-06,8.16932299350649e-08,3.06337663649713e-08,-3.15459024255442e-09,-3.0687856504836e-07,-4.68445005866789e-08,6.61745982741573e-08,-6.3568027158168e-08,2.30498499516297e-05,0.00155603866542413,-9.34121674376661e-06,9.94595565200091e-08,-2.08971343005977e-07,-3.73614539389965e-08,5.03882367763892e-09,1.85911516497486e-06,3.48918475710488e-08,7.1984848666674e-08,3.17440573365889e-09,-1.34657394055501e-07,-6.26499517916996e-06,-7.12882475763379e-07,2.94448810048217e-06,8.63809291304525e-07,-1.87875013844757e-07,-7.8413477145645e-10,-2.51028110496403e-08,-1.30845613359967e-08,-0.000116658340476455,0.0118536432059681,-0.00220754837870953,5.57114606071135e-07,1.19010202008606e-07,0.000138072566916764,2.72354035506819e-07,5.87038570386343e-11,6.61036011246898e-09,-1.71051288743634e-05,-1.03968051385753e-06,-1.81018931851926e-08,2.07181804047531e-05,4.10870745704442e-07,9.6827684659873e-07,1.47464173274406e-06,-3.15649896091151e-08,-2.04729742199565e-06,-0.000778948915049714,4.24374129164818e-07,6.95668871834965e-05,1.3699286262412e-07,-1.06454769202065e-05,-2.6551929920611e-09,-5.79645193534045e-05,-3.81903709179192e-07,-1.31734183834092e-06,-0.000601017905882451,3.38092034426801e-07,3.27044307665323e-08,6.33139256528289e-09,4.5080697261113e-09,-1.59266120441883e-06,-7.21217391336589e-07,-3.35444157907261e-07,4.16066072870951e-07,9.22213735891601e-08,3.93732673535412e-07,-1.18938873253089e-06,-6.80355676138921e-08,-6.44819152228822e-06,-3.65581381480753e-08,-7.94439689003704e-06,-2.59183801165612e-06,1.40082062795232e-07,2.89875231521394e-08,8.82198193950829e-07,3.25374540249007e-07,-1.86348048333997e-07,-3.34852153382935e-09,-1.47355903799853e-06,2.12515901136764e-20,-1.3880462143304e-08,1.98226314706423e-07,-4.02842932224848e-08,-1.0342668867713e-07,-1.38995432874107e-06,1.92198056452916e-08,-2.70910117379608e-07,1.20393334605665e-07,-2.31011287313997e-07,6.02195515265812e-05,-3.0069625017352e-08,1.21186898307895e-05,-7.89760157755652e-09,8.68615882503847e-07,-7.38222955171759e-06,3.11113559532966e-09,-2.04049119723222e-10,9.72945153225499e-09,-9.19378921169019e-09,1.44751742525101e-07,3.69298065851697e-06,-7.01877754830574e-07,1.38103932457186e-07,-2.51697131040318e-06,2.95190269890889e-06,-1.79806686677529e-07,1.85858457336906e-06,-6.30209438349881e-07,3.06622741505871e-09,2.72294257575976e-05,1.3578009240237e-07,0.00278944278660323,-3.4752363989014e-10,-4.50302430593538e-07,4.28105528248895e-08,-6.68598506809001e-08,1.06234037526498e-07,-2.06005331513149e-07,1.61105219842536e-07,-1.18307082929246e-08,2.28691543985301e-06,-9.95802107770306e-09,1.63891056978666e-06,5.09963813694151e-17,-4.04724577360263e-06,-4.02892814991354e-07,-4.31650664984351e-12,-3.80865667703408e-08,5.65359969717226e-08,-3.52239305192565e-08,-1.00300673332144e-08,1.29415205110109e-09,-5.92299188305095e-08,2.25804035508275e-06,0.00203139075381533,-5.82053229477679e-09,3.60873306907258e-06,-9.22464000292751e-05,2.36670754614526e-07,-4.78390915276028e-06,6.95080589023511e-08,1.21515476203126e-07,1.87574002299229e-09,5.34048216233994e-06,-7.84681567353912e-07,3.56972635759102e-09,-1.17803972512158e-06,1.51398497930373e-07,-5.7171678701421e-07,2.5016531113552e-06,0.00657917010381047,-4.34723698461327e-07,6.65605511127725e-08,4.38339016844425e-08,7.26429858608454e-09,-6.17283505319958e-08,0.000789127224579529,7.04068250257038e-07,-3.94808472065148e-06,2.01042854029581e-16,4.82992329942938e-05,9.13439298030866e-08,-1.40770757815246e-08,4.54309620555074e-05,1.95761480067127e-09,1.19312242356555e-05,2.85919865879042e-06,-3.88037893880362e-07,1.70941945782838e-06,-4.04032347175569e-16,-1.40210065352537e-05,-1.14091063067623e-09,-0.00128615143471625,8.80469809030269e-09,3.68305979201088e-07,-2.94452152613584e-05,-4.33288660022044e-06,1.19189406827492e-06,-1.2760632557664e-07,8.67068557356014e-06,-2.93670290900973e-08,-2.90138073825412e-06,-3.9589642797332e-09,-6.43104144915606e-10,-3.22028791944576e-05,4.7230180500155e-08,-9.68147773022649e-06,2.32020208626022e-16,-3.25426398407726e-07,2.71836313398346e-08,7.83918883542287e-10,8.62370723514924e-09,-1.36302525446784e-05,-0.000132519464279563,8.84256848094856e-07,-3.61756611527683e-06,-3.76993130910194e-06,2.0905222312511e-15,-0.0420062074462374,6.26666727062593e-07,4.52385037339705e-05,-1.66283945554035e-15,-4.53144808145129e-06,-5.18054746423398e-07,7.53430061684255e-08,2.75844899541355e-05,7.45629704287495e-05,3.65455011569014e-06,1.1013633689248e-06,-2.75989783547701e-06,-1.95621057284087e-07,-9.55422901736903e-09,-1.81478902727997e-06,-5.44801549515795e-08,-2.36115677328435e-17,1.55146978591459e-08,-5.44699435329047e-07,-2.10102289547262e-07,1.12513010491137e-06,4.39527228040441e-16,1.6700225790073e-08,-2.22080682652209e-09,2.24513469584764e-07,3.17673208448208e-09,0.000103954323853031,-6.91712351524877e-09,7.29768504048373e-08,-1.65437791552862e-07,1.04885820165499e-15,-8.757076006118e-08,2.37894915409726e-10,3.42019005722588e-10,1.81374728464946e-07,-2.52444049841691e-10,-3.83443698406109e-10,7.3899220076612e-16,3.79731697160449e-15,-6.73484577578692e-10,-1.06813679404713e-09,1.45500846401371e-10,-1.82498401793399e-06,-3.0748772656581e-17,-1.22349592883681e-07,-1.5875619532777e-09,5.0814213566415e-15,1.84537357123066e-18,8.21612338895618e-16,3.89812503210616e-06,1.128927267543e-08,-1.34439969892816e-08,4.29123556475874e-07,6.12520978711809e-08,1.18507528745813e-08,-5.16579949983428e-09,-1.24660276530026e-15,-1.21067534683935e-09,3.45928522595199e-09,-4.24268433640486e-15,2.63076607811635e-15,-1.99801275669795e-09,0.32912964226496,-1.69238100970606e-09,4.13980679856636e-07,1.75388264970615e-09,-0.000160210444281635,-6.17665686017728e-15,-2.02044725981069e-08,3.16491768398368e-15,-7.06068311001149e-07,-5.59507952122007e-15,-1.73945541428233e-09,3.46357001506408e-17,7.22194379854185e-09,1.90519784239267e-09,8.63666294593867e-08,1.19424462049241e-07,5.2837123044222e-09,-6.11671366307739e-10,3.90659416592183e-09,2.41998342505657e-09,6.56362797270975e-06,2.3127416987448e-08,1.37586504938489e-09,-3.93509162255156e-09,-6.67622301747586e-06,-5.74894031724968e-08,-1.8656078166179e-09,-1.22848080518699e-16,1.76508012435832e-08,-3.06363354996096e-09,1.61716053685392e-09,-2.63738168257355e-16,7.10326400958616e-05,8.6506627527364e-08,2.79851759186953e-08,6.00764672104597e-16,-6.83401097083824e-09,-4.05446057313372e-05,2.92638005822492e-16,-4.44791163130592e-09,1.16501433575434e-08,1.15265083902776e-16,1.69155879479741e-16,-1.12017661756119e-09,-0.000467256993232895,-2.91512972282214e-06,-4.89126734448871e-06,4.06987509741068e-08,1.07880307892471e-09,1.1107613359185e-07,1.00572088725649e-08,-2.54735914843966e-07,5.37937749900408e-15,4.72035301116541e-11,3.21495265041205e-08,2.37989079362565e-05,8.88477101974443e-07,-2.52287918344753e-14,-2.35282323960325e-16,1.27140233968335e-07,-8.26733960888945e-17,1.35146914482515e-15,1.33624676208663e-08,-1.98070122737447e-08,-3.70898032061836e-09,-2.14042264001351e-08,9.83411049383573e-08,2.5725004798057e-08,3.32039716374736e-08,1.84163070692634e-16,3.07706047099246e-07,0.0262499159437836,-7.77510323920094e-08,-1.10691659520686e-09,8.17134331931247e-09,4.54879595173948e-16,-7.06004591850833e-17,-7.95242685381821e-16,-2.3300233040979e-06,-3.76101352014859e-10,-2.43768200205901e-08,1.15515637811027e-15,-2.86346586609818e-10,9.16901325883222e-16,-1.64345458569235e-15,4.29524036320192e-08,-1.07375816102773e-08,-1.10848830114918e-15,-8.57520119191453e-08,-1.13224529378474e-09,-1.47457271655919e-15,2.44023492420269e-09,7.85161051778971e-17,8.45747276426706e-08,-6.23763763843175e-16,8.37924799669897e-08,6.87542299904491e-09,2.47546115139741e-10,2.42382090955867e-08,1.63132106674932e-07,-7.15496200427625e-10,1.90703481865097e-08,8.06232854917544e-17,8.85346496663537e-09,-4.83975541178867e-10,-5.95311224189426e-17,-6.09510228245706e-11,-1.13486182246967e-09,2.40420022155003e-10,-7.0705125663159e-16,4.97480945644043e-10,5.81280472416652e-10,-8.55311158399019e-16,-1.32240849707963e-08,-8.92520210134758e-09,-6.34168936497828e-12,9.30888272373769e-16,-5.06207316993727e-16,-1.58938837268539e-10,-9.18024396056846e-09,-8.13147131636188e-10,3.9279486154479e-10,-2.11014747530849e-08,-3.74188902082611e-16,2.44152708683001e-15,-8.34593419915371e-08,-2.53593059934047e-10,-3.88453815955516e-16,-2.31434356334545e-07,7.04017661407062e-16,-1.29229974220460e-09,2.83927879717235e-08,7.05981672646877e-05,2.07293062518653e-06,-7.15625474563419e-16,3.18842865532758e-17,-1.0522812879294e-15,-4.89607095620495e-16,2.48955228761585e-10,8.86338340311965e-10,-1.92338913277738e-15,1.11159638137103e-15,-7.95484143572552e-16,-1.36862905918633e-09,-1.2795264211371e-11,7.83003048649743e-10,2.4165768876993e-15,-7.15616801927332e-15,-3.74591850593742e-16,4.76548778195089e-08,-1.47579261339938e-09,8.47124221629971e-16,-2.96646032742348e-10,8.20109797573666e-09,2.31195090626375e-15,-1.19244441521347e-15,6.71754534372407e-07,6.68581278276242e-11,3.63954737680784e-07,1.4283142757754e-15,-4.51373081872619e-09,-7.86614094738092e-08,-9.42467894218768e-08,4.1207759927303e-07,2.5562123343039e-08,-4.53302400006816e-10,3.35117025419917e-15,-3.23136500292002e-15,1.96969738688278e-15,-1.57009598740887e-08,1.44164433500521e-08,0.00129841029053844,8.02986082580233e-09,-2.10494739965385e-15,-1.85735489498544e-14,-1.24618946778299e-14,-1.3453765205205e-14,2.14224823114176e-14,-1.33496328187583e-07,2.60579534554818e-15,-9.71422993903705e-14,1.83499645307262e-05,-3.64389522515122e-14,2.62193450739337e-05,2.44239767730325e-13,0.881001519689795,9.03406799700142e-15,-0.00021924361946614,-2.17816238317677e-07,-1.50951791004508e-07,1.52102520762536e-14,4.37556822986753e-06,-1.95033338298514e-15,4.67862427072119e-07,-5.50666345124069e-08,3.01509861503304e-10,6.10431864621361e-15,1.51423407313753e-06,3.99926981680989e-15,-9.62650479424474e-08,-4.8870351778599e-08,-1.98092775786785e-15,-4.79784824294749e-16,-1.697602265116e-15,4.55744119847186e-16,-6.79813222699339e-09,-1.98083493986385e-07,-4.32014024778847e-08,1.69825724737327e-15,1.85809891336923e-16,-4.00054672426339e-09,3.24998816166391e-08,4.28657762617894e-15,1.96837051490094e-15,-5.84211373973725e-08,-1.17991359291659e-15,-1.01426962361986e-05,-4.78284502062127e-15,9.62055669268279e-08,4.09169712340123e-16,-1.50073242494186e-15,-6.34291343392742e-16,4.05218341929124e-16,-3.43674071367016e-16,8.98543012941436e-16,1.68469449404727e-09,-1.17691494703358e-08,-2.0680840195621e-15,-7.59457073252128e-09,3.15471286594211e-07,7.95365298119904e-16,-6.63138648761128e-16,4.09065284233036e-16,1.13531674277889e-15,2.5309719486484e-06,4.38308449349381e-08,1.67141379427821e-15,-1.00528749218268e-16,-5.28375037263231e-08,-1.70432736443818e-08,-2.56835070881865e-10,3.36303980919139e-16,-5.98357086898147e-16,8.44053617329933e-17,7.27043804114115e-16,-2.67550979130053e-16,9.34236700458098e-17,9.62580907538517e-07,-3.31246690646775e-07,-1.73076424326638e-07,7.18154524070512e-16,-1.86843302792962e-15,-1.28833462431248e-15,1.83620348957914e-16,-1.35523657774283e-15,8.33011981335336e-17,-2.44060052774413e-15,2.82196367380867e-16,-4.02513433310825e-16,5.04874487740593e-16,8.99424767323232e-16,1.67107822911191e-15,-5.80631408236715e-16,-6.01667284289957e-16,8.50925677635984e-10,5.21682874066244e-16,1.72734499315627e-15,4.08462596341287e-16,1.19406581901366e-08,-3.06434540122754e-05,4.51302869066074e-16,-3.06909384163175e-10,1.07649702049346e-08,-1.07999830670647e-16,-7.23664646102826e-16,-2.05371849534159e-08,1.38639160155373e-15,2.60183739728896e-10,-4.77992404338458e-16,-1.21713145767325e-16,1.95186132129293e-16,1.00192466420608e-15,0.013018162266067,-2.25911797515234e-08,4.89605876299678e-17,-5.60461315382872e-17,-1.15436709087006e-17,2.16961739955602e-17,-4.61978545696073e-16,-3.07863819860934e-16,3.19057288655641e-16,3.22315472869245e-16,3.71814558854381e-10,2.07665444968557e-16,-1.92872388278678e-16,-2.00455881636126e-16,2.51030554068987e-16,2.73514796507085e-16,1.78660014553901e-15,-7.98819791582911e-08,4.50078687061483e-17,3.42777416948898e-16,5.39217632046979e-09,-1.63414446037306e-16,-4.69605137824192e-16,2.24779993006029e-16,-1.08551725710435e-15,4.38929727099965e-09,9.59906439741913e-17,-3.00243727444415e-06,7.8033783683615e-16,-1.20287380356728e-16,3.13507920455317e-16,-7.40532953697175e-16,-8.8464554915736e-17,-1.71011010582637e-16,5.18121319961838e-09,-1.68919680550564e-16,1.17452127694476e-17,6.50222631691173e-10,-6.42538305071849e-07,1.45668098765756e-16,1.1001606336109e-07,1.49294567526691e-07,-2.25800100316887e-16,-7.06059416098072e-16,-5.2392733882495e-17,4.79314421963216e-17,-3.07130052711213e-16,-2.44965195507659e-07,2.73745877045995e-16,1.24349765705689e-16,4.1140747805041e-16,9.75211030651411e-08,-2.01338619338097e-16,2.14168985371616e-16,2.64497436601492e-16,-2.11331171454418e-16,-4.41112626976199e-08,-3.34812756295689e-17,1.29773437995622e-10,2.03391096109254e-16,2.14247925059991e-16,-4.07295763574193e-16,-2.33934119373197e-16,-6.59700586804216e-17,-3.53762868320943e-16,-4.69574241707735e-17,-2.22739345398223e-09,2.55996741823034e-15,2.57787610235564e-16,9.34000478876154e-10,-4.56389327976444e-16,3.17778634276621e-16,-4.26587578672462e-16,-8.48895550916725e-17,-4.87507097318518e-17,-1.78741602379821e-16,-6.71762303693639e-09,-2.52421572040996e-15,-6.49561249027673e-17,1.99346838219889e-09,3.18744895669794e-16,2.12951311236108e-16,-1.7331177108821e-15,-2.35069708580288e-16,3.73781735478735e-16,3.77662920846257e-16,-8.26379000365879e-17,-2.55846193320948e-16,2.04350291413521e-16,-1.08080993016486e-16,5.9673539379545e-16,-1.03327927252842e-09,3.42163145377386e-09,2.03827752964334e-16,3.93341917761164e-17,-1.1193655014272e-16,1.63793221279784e-16,1.07064964532944e-15,7.494223030694e-17,-5.82376612788082e-16,5.30304592210157e-16,-3.23834421392999e-09,3.11650659036184e-16,3.46390823243836e-17,-4.52301862764529e-16,9.82628737031811e-17,3.74827770168136e-10,1.00069889165019e-16,-5.906921581363e-11,1.20495440225138e-16,-4.86192271130443e-16,-2.50153154411181e-16,1.86268677553628e-16,9.57563938194351e-17,7.77120081333844e-17,-1.59984704168141e-16,-6.85368570036668e-17,2.79212931573293e-16,-9.81950172110034e-17,2.9713805596924e-16,2.31860464519916e-16,1.00789853388368e-17,1.21422653866665e-16,-3.09770901266005e-16,-3.88486193868455e-16,-1.93824023083112e-17,1.98021728758617e-16,2.1725287797988e-16,4.3574004499044e-17,1.22298005056365e-16,-1.74029779157254e-16,-2.76225918154472e-16,1.71647875608509e-16,-2.32514424300255e-16,2.79800189830376e-09,2.17915838794908e-16,-2.65532495879335e-16,-1.17980025043226e-16,-1.25489457681745e-17,-3.58988557276458e-16,-8.938779346904e-17,-5.32906760786035e-16,2.77742998134573e-16,-4.78598818074926e-16,-1.19872168217639e-16,-5.56954656005804e-16,1.69574342548078e-16,-1.11039758253645e-17,1.90268827407498e-16,-7.13814358629032e-16,3.75357052417148e-17,2.56090740705196e-16,-3.22173445323756e-07,-7.21894774932146e-17,-3.54594579843841e-16,4.83023067722244e-17,7.55501412533301e-17,3.16889945625818e-16,-7.48488228991777e-17,-3.976721026707e-16,-3.36110298659129e-16,-1.91130452342444e-17,8.05708252381965e-10,3.67628156803801e-16,-6.8250228918968e-17,3.25402493686832e-16,1.92445440279845e-16,-8.06887961065719e-17,1.63140511850649e-16,-3.2229068243869e-16,4.00655877483362e-17,1.39206438806074e-17,2.10250579726752e-16,7.25942878320139e-17,7.25770500962625e-17,3.04292455288459e-16,3.71280203113904e-08,2.01499024896333e-16,1.61546284057704e-16,-1.58213202401114e-16,-9.01188845769951e-16,-1.09796357705079e-09,1.678465648091e-17,9.59996785484328e-18,6.14580699533244e-20,2.3848305960174e-17,3.10364286446467e-17,-1.89386808490091e-16,2.13051450372935e-16,1.19298007362983e-16,-1.08894775119706e-16,2.19415312679205e-16,-4.39978877745496e-17,-5.23541705632968e-17,-1.32835363779525e-16,9.96688436975576e-17,6.88880861549643e-17,1.80259609798141e-16,-3.79751844465799e-16
"t659",0.0396498328926967,-0.0137703218903951,-0.0152510015148395,0.00106229788734691,0.0123869043996893,-0.0512141453385429,-0.00789977602151115,-3.1065197317345e-05,0.0973939053266435,-0.00618502323266385,-0.0134340718884966,0.0011511639948589,-0.00256589402415939,-0.000577920355753964,-0.0189024506172716,0.000588682893136128,0.000442318597186383,-6.03022325493903e-05,-0.0334978625781547,-0.0603475528225383,2.69719985193279e-05,-3.74922019845831e-06,0.00016760168468454,2.05832132067155e-06,-2.91533154691756e-08,4.7079248509287e-05,-0.00058638679063153,-3.36299201809291e-06,-3.25259698274662e-05,0.000791487032798094,0.000187264959920735,-0.00518753901639566,-3.67382059138872e-06,0.00540248027580901,-0.0439683097511452,0.000350315527062423,1.01623268664446e-05,-1.65766922223196e-05,-0.00182617221990786,-0.000376747654294588,-4.79965116464543e-05,0.00111083115426692,-3.34161856527368e-06,0.000222212116706866,-7.89034636795123e-06,1.5866404721609e-06,-3.11303639103054e-07,4.97114813956343e-06,-0.00116386845261518,0.00106770560889125,1.12089566542119e-06,-3.21648095209815e-07,1.24406582484393e-07,1.62968847765635e-08,-0.000492707138470302,-6.26435896981231e-06,-1.30291591452477e-06,-1.63412320762702e-07,1.52960038836984e-06,5.35774737252183e-09,3.21714669478619e-08,-2.99222767607066e-06,2.67108898642375e-06,-2.20073502486333e-06,4.51227358190046e-05,-1.76791378467855e-06,0.270649982202784,0.000157576016277524,-2.83147381553728e-05,9.37180702833718e-05,-5.13751777700207e-07,1.36049718788629e-06,-4.71674508003241e-06,-3.09951726432986e-06,1.30559030525642e-06,1.32989351827687e-05,-1.14613902779411e-05,1.73107671216365e-06,-0.000529106140308802,-6.77124671280598e-05,4.70481766330376e-06,0.000375066845850944,-0.000692342017594227,-2.31461791952921e-05,0.0326120186315968,8.40590324565382e-05,-0.000138988425357619,-0.129484107182504,1.92606562284127e-05,-0.000210896885725608,0.000603892251741349,-4.12944164418505e-08,-2.60507469832169e-05,1.36495165651939e-05,1.29090628170783e-06,1.33369895021846e-06,1.55790026041516e-07,-5.5478440594243e-07,4.92305297610038e-06,-0.000472989694370212,4.34450396857689e-06,-2.70938135226928e-08,5.34690503457018e-06,-9.14857531905505e-07,8.43655800190509e-07,-2.01009681408501e-08,3.6938838176309e-06,-4.15488929945351e-09,3.55046924790612e-06,-5.17428148504723e-10,-1.19209852183542e-08,3.76107366197448e-08,-1.37983891044791e-08,5.67361807566357e-08,-6.69481600757435e-08,9.37815360859831e-08,-1.1108982715829e-05,1.35979893591874e-05,-2.26750511957853e-06,8.61372433143266e-07,-5.08527635476857e-07,1.16337828514764e-06,-0.000131636408075128,1.03485012293976e-05,5.88326194596713e-08,-1.75172205893429e-06,1.8309899325452e-07,-4.62491238704659e-06,4.82810920132338e-06,0.000168185767827346,1.25331667514326e-06,-5.00095693204648e-06,4.0560110908798e-07,2.6864020898749e-05,-1.1479439476531e-08,7.64819107733551e-06,-0.000277274883716001,-1.08575233666622e-06,0.00249666452301788,0.000612068886908987,0.000101605912113126,1.48214436561744e-06,-3.56924453678577e-06,-7.36875504458508e-08,-4.14612809717006e-10,-2.16338250346112e-06,-5.09741188311721e-07,4.88915961891022e-05,4.03447710838836e-06,-2.0129369092806e-06,-2.98485774132722e-06,-0.043107708635242,3.52092870317701e-06,-0.000393410253906109,1.71856657799073e-07,3.05318571421644e-05,-1.52779612229435e-05,2.28363777381573e-07,7.47405145599224e-06,8.57493511453422e-08,3.21718606497677e-08,-3.31334100632251e-09,-3.22542289214979e-07,-4.92396362646178e-08,6.96045688599768e-08,-6.69061258698302e-08,2.43058287336934e-05,0.0016409355595416,-9.85103791556068e-06,1.04914759349141e-07,-2.20499415008991e-07,-3.94242376172413e-08,5.3201943746528e-09,1.96329679935116e-06,3.68620450653276e-08,7.60571045704913e-08,3.354156187678e-09,-1.42416662410545e-07,-6.63247512154164e-06,-7.54824544652865e-07,3.11822671940061e-06,9.15213261204465e-07,-1.99091680698183e-07,-8.31099116271716e-10,-2.66108120955734e-08,-1.38784958051727e-08,-0.00012375434413254,0.0125900723847093,-0.00234479153333788,5.91993514095275e-07,1.26604429101743e-07,0.000147021941150248,2.90101805643494e-07,6.25597311881081e-11,7.04711344285503e-09,-1.82550757720172e-05,-1.10983782847005e-06,-1.9333052801593e-08,2.21328170836556e-05,4.39774212939371e-07,1.03648658652245e-06,1.57981908027542e-06,-3.38436969903263e-08,-2.19937260842127e-06,-0.000836817499661251,4.55983233853956e-07,7.47897144900648e-05,1.4733420717998e-07,-1.14607491027995e-05,-2.8621518970408e-09,-6.25462373729772e-05,-4.12220506463039e-07,-1.423942665265e-06,-0.000650168010473973,3.6574821017799e-07,3.54015589485499e-08,6.86432700170769e-09,4.88900880472171e-09,-1.73004154780673e-06,-7.84308980436449e-07,-3.64930605761076e-07,4.53368010060177e-07,1.00527951420652e-07,4.29377728725121e-07,-1.29873524108291e-06,-7.43097655778006e-08,-7.04328946654378e-06,-3.99885226068721e-08,-8.69732947732198e-06,-2.84020446309955e-06,1.53572603308191e-07,3.17935329270686e-08,9.68006177243377e-07,3.57065394969369e-07,-2.04725777356504e-07,-3.68131445943326e-09,-1.62123338602478e-06,2.11818838058004e-16,-1.52881182986386e-08,2.18376537060826e-07,-4.44463128574631e-08,-1.14245608329378e-07,-1.53683199855683e-06,2.1252011080772e-08,-3.00094083336028e-07,1.33403236326562e-07,-2.5601053521856e-07,6.67809796527088e-05,-3.33610794598946e-08,1.34563691351129e-05,-8.7725819618803e-09,9.64997139991835e-07,-8.20819702435316e-06,3.47140399254921e-09,-2.27963590170542e-10,1.08811470006781e-08,-1.03056761426536e-08,1.62284445962051e-07,4.14696819167503e-06,-7.88877164142948e-07,1.55424133161348e-07,-2.83381933737683e-06,3.32495963445962e-06,-2.02653818376063e-07,2.09664150371553e-06,-7.11003366790307e-07,3.46732843970325e-09,3.07930119264984e-05,1.53559163591762e-07,0.0031566835271872,-3.93368775805586e-10,-5.10088568740706e-07,4.85012338906123e-08,-7.60937341841013e-08,1.20967154886398e-07,-2.34669781862462e-07,1.83692283996098e-07,-1.34994209335776e-08,2.61388971076198e-06,-1.13873885278491e-08,1.87489049120944e-06,-2.01087932873178e-16,-4.63623055834712e-06,-4.61606791532725e-07,-4.94869746575312e-12,-4.37224687960883e-08,6.4979181604737e-08,-4.05072600357813e-08,-1.15377393575453e-08,1.49411531712324e-09,-6.8397916765046e-08,2.60772154492289e-06,0.00234851292472427,-6.7500579596289e-09,4.18730018164092e-06,-0.00010707599751188,2.75060336327175e-07,-5.58668739393273e-06,8.13382251348312e-08,1.42214259931143e-07,2.1953295122075e-09,6.28259391178999e-06,-9.28735098387454e-07,4.2283912777163e-09,-1.39701949643849e-06,1.79794791472789e-07,-6.79243442333497e-07,2.98307012990474e-06,0.00784744662163956,-5.18791222263979e-07,7.94599578195334e-08,5.23893454206494e-08,8.69328621991967e-09,-7.3959391715458e-08,0.000945981879189277,8.44767056586128e-07,-4.74610182822296e-06,5.35610619919988e-17,5.87583247749174e-05,1.11259694497043e-07,-1.71777486009366e-08,5.54407825640048e-05,2.38907410357892e-09,1.45674387198522e-05,3.49391728117008e-06,-4.74661414537575e-07,2.09536406807163e-06,-4.73019324430441e-18,-1.72695336238797e-05,-1.40609629497701e-09,-0.00158715279379605,1.08669693531543e-08,4.56043820511359e-07,-3.65252703223361e-05,-5.38849246650366e-06,1.48490048008299e-06,-1.59591963229852e-07,1.08831487028344e-05,-3.69460359447862e-08,-3.65496233011662e-06,-4.99131910496941e-09,-8.11988058117396e-10,-4.06661458804893e-05,5.97048497462657e-08,-1.22485153066569e-05,1.32984397920628e-16,-4.14237455574062e-07,3.46466460842201e-08,9.99149080545573e-10,1.10318590364017e-08,-1.74462173784561e-05,-0.000170796019215589,1.1419390376954e-06,-4.67361185369094e-06,-4.87777285570168e-06,2.89144249351312e-15,-0.0544439095696449,8.12740523625714e-07,5.88129188284957e-05,-2.02825164095877e-15,-5.90671230293814e-06,-6.7570272572539e-07,9.83023125801244e-08,3.6014471173354e-05,9.74596828638971e-05,4.78084433309444e-06,1.44175208270865e-06,-3.62003954747457e-06,-2.56648236328948e-07,-1.25520130364662e-08,-2.38999307276823e-06,-7.17567526878956e-08,-1.236680547246e-16,2.05330252156007e-08,-7.21492821923504e-07,-2.78813733617927e-07,1.49734044310961e-06,-1.80446520629189e-17,2.23632112258654e-08,-2.99504621440166e-09,3.03766525651998e-07,4.30463981919783e-09,0.000141121099846455,-9.42228714137438e-09,9.99648140424234e-08,-2.29854998300958e-07,9.52319402338809e-16,-1.23250931907766e-07,3.35205939774093e-10,4.83080793007297e-10,2.57040281418004e-07,-3.578504640987e-10,-5.44065930310719e-10,1.42420797377696e-15,5.51298582639695e-15,-9.60893386160523e-10,-1.53138581862318e-09,2.08731871557121e-10,-2.62964495223653e-06,5.11670212349151e-16,-1.78034368314936e-07,-2.32036695243297e-09,8.40180014766281e-15,-5.85444439274439e-17,1.3126557841819e-15,5.77880586433594e-06,1.6766707068478e-08,-2.00953688201146e-08,6.44976546587088e-07,9.21223358337673e-08,1.79299947193918e-08,-7.82118917981515e-09,-1.65718174850084e-15,-1.8557831338925e-09,5.32613776707722e-09,-6.93225031457542e-15,2.18388048107758e-15,-3.13158040667965e-09,0.518138053864272,-2.68021300702074e-09,6.58277375331444e-07,2.81087307638353e-09,-0.000257091659821435,-8.99576567028505e-15,-3.24794133748766e-08,4.54804770577312e-15,-1.14083308145965e-06,-8.48854406904076e-15,-2.82121336677477e-09,1.16272817636162e-16,1.17704074631597e-08,3.10819189794495e-09,1.42789492198026e-07,1.98014844663021e-07,8.77141992760364e-09,-1.02083306294127e-09,6.55026195546041e-09,4.10253607110825e-09,1.11282517502868e-05,3.93462127538923e-08,2.3556718874379e-09,-6.79599591685836e-09,-1.16157246156416e-05,-1.00617245664627e-07,-3.27477216612031e-09,-5.7275104518351e-16,3.12702086087757e-08,-5.47692214353831e-09,2.96913971951134e-09,-4.06751743851374e-16,0.000131466655842716,1.62096940727472e-07,5.27215936019581e-08,4.95599205405632e-16,-1.29106603123529e-08,-7.74619463959989e-05,3.72223907536379e-16,-8.5459276210771e-09,2.31907277526943e-08,1.88969836050968e-16,-3.05759004038594e-16,-2.26266576506294e-09,-0.000945081954381052,-5.93349170766822e-06,-1.0030860796993e-05,8.4933640593829e-08,2.25480697957694e-09,2.32668568811994e-07,2.15889882723571e-08,-5.58408604159839e-07,5.58440012982109e-15,1.04325147560516e-10,7.11545015717989e-08,5.29373247753919e-05,1.98838556852968e-06,-5.69377077309508e-14,-1.18489720739972e-16,2.86960618856706e-07,2.29142286387807e-17,1.59021697623137e-17,3.19302124630264e-08,-4.78326108028359e-08,-8.95895042288229e-09,-5.29534907025099e-08,2.44104877501898e-07,6.39009786815972e-08,8.28627152882529e-08,1.36789910492959e-16,8.09086076323494e-07,0.0698471650244349,-2.07710393072604e-07,-3.0178419682435e-09,2.31714203156682e-08,5.04021681875372e-16,-9.5061853433744e-16,-5.57785747431292e-16,-7.03255283758098e-06,-1.16903543315772e-09,-7.59450848717533e-08,-4.2852611005475e-16,-9.19352252217172e-10,-4.06163595589745e-16,9.31637906163868e-16,1.61075366351544e-07,-4.03569884911798e-08,5.8113236445223e-17,-3.37283325299057e-07,-4.58035609993033e-09,8.83435841405721e-16,1.05008262953164e-08,-2.14872361484309e-16,3.95575345963787e-07,9.08723548717196e-16,3.95078863174231e-07,3.26221024296209e-08,1.18301397999798e-09,1.1701379398496e-07,8.06185789139049e-07,-3.89175591449312e-09,1.2178479853774e-07,2.73715494814525e-16,7.37274495332504e-08,-4.17202910083604e-09,-4.57263909194542e-16,-5.51516273898647e-10,-1.13094676227799e-08,2.64251967766084e-09,-1.23430055247767e-16,8.64339768972679e-09,1.14770261686898e-08,-1.49938443387275e-16,-3.20138675389532e-07,-2.43632849640596e-07,-3.35894411321769e-10,-3.68030157873011e-16,3.04261355397556e-16,6.15352345603682e-09,1.98977333631324e-07,1.61337981559475e-08,-2.61862749694154e-09,1.2559437984542e-07,5.53100247799467e-16,-7.57295856138894e-16,4.61683241159738e-07,1.39025452042475e-09,-2.25029724176734e-17,1.13097631489607e-06,-2.27314828077612e-16,5.69517120145916e-09,-1.09693175838446e-07,-0.00027031519583019,-7.6656977195219e-06,4.30916710497641e-16,-2.24857472014729e-16,2.34865782824139e-16,2.28251163537125e-16,-6.91279167842606e-10,-2.40808828381585e-09,1.63772267960716e-16,-9.49027439274059e-16,1.21639715367517e-16,3.44279226521468e-09,3.11523043092076e-11,-1.7487432971935e-09,-1.69914886439045e-15,2.54909483278498e-15,-1.14545959523094e-15,-8.08074912566936e-08,2.47981501158071e-09,-4.29448498730303e-16,4.50236547604606e-10,-1.19538820113423e-08,-1.44684255194417e-15,-1.21242788990248e-16,-8.91016625792512e-07,-8.80176915840983e-11,-4.5357698243965e-07,-9.35742486257128e-16,5.13569800895653e-09,8.51382631076255e-08,9.51539587830237e-08,-3.78314191135307e-07,-2.28751080115417e-08,3.86630362764494e-10,-9.33392075504163e-16,1.18469303853219e-15,-7.64532886684945e-17,1.01282669096458e-08,-9.25888158055871e-09,-0.000803847128432265,-4.10616280291882e-09,2.14645477247984e-17,6.93077914121959e-15,4.13417284384592e-15,5.51026385623856e-15,-7.59147924908119e-15,5.50938700135809e-08,-5.53886868560492e-16,3.6859368694219e-14,-6.92551512156459e-06,1.34794473475694e-14,-9.84742899173207e-06,-9.09373459288321e-14,-0.328174150106026,-3.24252648437767e-15,6.91861856289477e-05,6.59300226585228e-08,4.27895218263634e-08,-5.51338062076739e-15,-1.14003211647758e-06,8.67076738686665e-16,-9.96512492800821e-08,8.59273763534802e-09,-4.63366343763543e-11,-2.6950775279118e-15,-2.00142910200542e-07,-1.87366025952217e-15,9.59592062828019e-09,4.79587884089953e-09,5.78803118600784e-16,-5.71055965768852e-16,1.57141514359877e-15,1.22720878578676e-16,4.94401663909199e-10,1.31129023794835e-08,2.53651470967379e-09,-1.10342255719229e-15,-1.86776062617788e-16,9.7075069156612e-11,-7.40515114071999e-10,-9.93154601900538e-16,-1.04485230180866e-15,-9.98800640320085e-10,2.1594905310421e-16,-2.558015050641e-07,2.51916611005343e-15,4.6203045355108e-09,-4.159917019842e-16,-8.79671318353312e-17,5.93709724577802e-16,-4.07028030471273e-16,5.84776583351105e-16,-3.58584877143222e-16,1.53738609127139e-10,-1.0803646445421e-09,1.27143577147903e-15,-8.04845413305773e-10,3.52630493514818e-08,-5.82386445328387e-16,2.41165310350977e-16,-3.27633550185378e-16,-8.62509149864421e-17,3.44119455009959e-07,6.19864120631232e-09,-8.57604540075984e-16,-1.27510320150184e-16,-7.78955230160025e-09,-2.5258131657777e-09,-3.87320965144888e-11,-7.18329969877364e-17,-4.01618759921162e-16,9.92611490807097e-18,-1.90750687976048e-16,-3.85553366034175e-16,-1.17950368174319e-15,1.83933106876881e-07,-6.4481306758155e-08,-3.43014884146673e-08,-1.33611236215178e-16,9.8613138927629e-16,5.071046538686e-16,-3.89852241348586e-16,1.50066533336466e-16,-6.49585023633107e-16,8.80956558436857e-16,1.37122261045612e-16,2.74428612811382e-16,-5.84131480033308e-16,8.81431367544101e-16,-7.51369844011721e-17,-1.27535093715297e-16,-4.62306009396018e-17,2.15624340478471e-10,5.46744100155445e-16,-1.4076660347309e-15,-2.29748931739397e-17,3.10671464675279e-09,-8.02022940714299e-06,5.47408703571024e-16,-8.06207544030426e-11,2.91518272100157e-09,7.42940168166647e-16,8.33331033312901e-16,-5.76431477559499e-09,4.75357373894055e-16,7.60834059865183e-11,7.95890792701502e-17,1.53559207750691e-16,-7.70823438998849e-17,-1.09159624572546e-16,0.00403831634994243,-7.03448236033724e-09,9.0795244598811e-16,1.47725315693648e-16,5.56814427205393e-16,7.83751726288292e-16,6.19187860706472e-16,1.13384236664171e-15,1.40216097715863e-15,-7.35904255085559e-16,1.36577472350009e-10,-1.86837445083395e-16,1.06313087928438e-15,3.8485337833218e-16,1.08412109081858e-16,5.91796079634934e-16,-1.92088821283136e-16,-3.02165499675946e-08,3.86566718420819e-16,3.23414797464943e-16,2.05033737436634e-09,1.71498479455678e-16,7.48806651520845e-16,-1.20347723394797e-15,1.80546459135523e-15,1.76722129351707e-09,4.23408993340008e-16,-1.22040952417775e-06,-6.14332329216135e-16,1.87086517783696e-15,1.75084887582691e-15,-1.26588311637503e-15,-3.33014514407114e-16,1.41417446430987e-15,2.14601683428267e-09,2.4642700080698e-15,3.76229014987661e-15,2.73085805253718e-10,-2.70046859787649e-07,-1.78092183394978e-16,4.67775390774358e-08,6.37057734474931e-08,2.09713744849591e-15,-1.46010630290267e-15,8.64762844127628e-16,3.57785424841038e-16,-2.23305441045055e-15,-1.09846853033624e-07,8.90435539071536e-16,-5.20988592257951e-16,4.07696730758842e-15,4.42519089584495e-08,3.4657148273138e-15,8.80057303720392e-15,5.38835271574733e-15,-2.99771717688058e-15,-2.03220182394449e-08,-4.82394710262621e-15,6.00603916085716e-11,-5.54802322329177e-15,1.04162498879653e-14,-1.98323793066873e-15,-1.49756441941835e-14,8.17552428487328e-15,3.54135415423864e-14,5.12720530184644e-14,-1.05508036585577e-09,0.707106781186546,5.93174618776089e-13,4.44912360469901e-10,2.05766253806049e-14,-5.02528505497743e-15,1.8729685149871e-14,-5.94076935196686e-15,-4.00436894053741e-15,-8.10777989242905e-15,-3.25484343756876e-09,8.22231462486391e-15,9.66044906870272e-15,9.73015687004322e-10,-7.83566225010753e-15,8.11522032485451e-16,-3.87972902430836e-15,1.275612597774e-15,-1.86358734295251e-15,1.46034995828601e-15,-8.99141322162428e-17,-9.18460871692346e-16,-5.90312143044365e-15,3.55270524246636e-15,-3.31694143850828e-15,-5.17607120165464e-10,1.71916887507333e-09,6.25619762456483e-16,-2.46837545172157e-15,1.02499846270153e-15,2.63164129324001e-15,-5.18031798013574e-16,-3.93911287460569e-15,-2.87546262329113e-15,3.50636115136261e-15,-1.65206511952249e-09,7.17882178869712e-16,-1.21701767373318e-16,-1.7740822465125e-15,-9.54750610165152e-16,1.93614447556615e-10,2.55001667590644e-15,-3.09263820491353e-11,-9.13267320876633e-16,8.74578474158739e-16,-1.51072983859943e-15,8.239703762663e-16,3.2994672357989e-17,-1.37744826061698e-15,6.52534245687711e-16,-2.91881434991873e-16,-5.46640994550437e-16,2.90527350476529e-16,2.05196691554712e-16,-1.27876108449402e-16,6.91550716474818e-16,2.02255874157943e-16,4.69305396335839e-16,5.69209622999714e-16,9.85446276754867e-19,-1.01183283945085e-15,-2.88241982039484e-16,-5.53916171109035e-16,4.6674903525501e-16,-2.70852974376328e-16,-1.17384127889524e-16,-2.39454171068018e-16,1.24372205502434e-16,1.53309436249363e-09,-9.17868323957053e-16,-5.59062143054776e-16,-2.66245874937503e-16,-5.51726666127434e-16,5.49809523589529e-16,-8.56060808577331e-17,4.05542445104027e-16,-1.3511394632293e-16,7.43619233972457e-17,7.11004729057402e-17,6.05418493115906e-16,-2.92086655502114e-16,-4.89872370099165e-16,3.87559760049695e-18,-9.76077919930179e-16,1.07642742155047e-15,2.1733705121158e-16,-1.81422384891396e-07,-1.12724264034681e-16,2.1345255361373e-16,-4.53921375242883e-16,2.86841405247318e-16,2.7460619554671e-16,-2.99014656142827e-16,-4.97889279491856e-16,5.87607978069967e-17,3.63057148305233e-16,4.65565282218028e-10,2.6294942442672e-16,-3.26329599927464e-16,-1.19619425803385e-16,-1.66713061193507e-16,-3.66610692290893e-16,-2.39791304615361e-16,2.39016871875046e-16,-2.65994029157056e-16,-6.12169058114781e-16,2.67299527818088e-15,-1.34181228651177e-16,-5.54453367091879e-17,-9.23492147553684e-17,2.19691947307589e-08,-1.89552115155522e-16,3.57763681062081e-18,-3.21947226037155e-17,4.83554168928535e-17,-6.56469391680597e-10,-1.30297544348963e-16,2.17032488753068e-16,-7.32568960912706e-17,8.35375066680705e-17,4.29608293870086e-17,-6.50053887373363e-17,-3.87434073435344e-16,2.44737824705882e-16,3.69916431541846e-17,-2.73697843401891e-16,-2.31643013694574e-16,2.19987820325496e-17,-3.08629760680279e-17,1.74533127601852e-16,-1.4301403830786e-16,-7.89137998139549e-16,-7.79679269652282e-18
"t660",0.0396498328926967,-0.0137703218903951,-0.0152510015148395,0.00106229788734692,0.0123869043996893,-0.0512141453385429,-0.00789977602151115,-3.1065197317342e-05,0.0973939053266435,-0.00618502323266385,-0.0134340718884966,0.0011511639948589,-0.00256589402415939,-0.000577920355753963,-0.0189024506172716,0.000588682893136129,0.000442318597186374,-6.03022325493944e-05,-0.0334978625781547,-0.0603475528225384,2.69719985193317e-05,-3.74922019845289e-06,0.000167601684684537,2.05832132067069e-06,-2.91533154763313e-08,4.70792485092843e-05,-0.000586386790631539,-3.362992018103e-06,-3.25259698274565e-05,0.00079148703279808,0.000187264959920721,-0.00518753901639566,-3.6738205913614e-06,0.00540248027580901,-0.0439683097511452,0.000350315527062425,1.016232686644e-05,-1.65766922223169e-05,-0.00182617221990786,-0.00037674765429459,-4.79965116464552e-05,0.00111083115426694,-3.34161856527345e-06,0.000222212116706862,-7.89034636797551e-06,1.5866404721554e-06,-3.11303639111079e-07,4.97114813956044e-06,-0.00116386845261518,0.00106770560889126,1.12089566540991e-06,-3.21648095214969e-07,1.24406582454597e-07,1.62968847800329e-08,-0.00049270713847026,-6.26435896980155e-06,-1.30291591452726e-06,-1.6341232075163e-07,1.52960038837535e-06,5.35774736257428e-09,3.21714669084743e-08,-2.99222767613345e-06,2.67108898642847e-06,-2.20073502490907e-06,4.51227358189457e-05,-1.76791378469117e-06,0.270649982202784,0.000157576016277484,-2.83147381554376e-05,9.37180702833564e-05,-5.13751777699665e-07,1.36049718784791e-06,-4.71674508000707e-06,-3.09951726428279e-06,1.30559030535293e-06,1.32989351828069e-05,-1.14613902779269e-05,1.73107671220704e-06,-0.000529106140308826,-6.77124671281811e-05,4.70481766333207e-06,0.000375066845850933,-0.000692342017594178,-2.31461791953344e-05,0.0326120186315968,8.40590324565827e-05,-0.000138988425357373,-0.129484107182504,1.92606562284345e-05,-0.000210896885725597,0.00060389225174133,-4.12944162258774e-08,-2.60507469831946e-05,1.36495165652994e-05,1.29090628174571e-06,1.33369895017391e-06,1.55790026001635e-07,-5.54784405981021e-07,4.92305297617693e-06,-0.000472989694370013,4.34450396863162e-06,-2.70938135548651e-08,5.3469050346976e-06,-9.14857531891893e-07,8.43655800158306e-07,-2.01009681321352e-08,3.69388381757294e-06,-4.15488938274459e-09,3.55046924779842e-06,-5.17428168345622e-10,-1.19209851317896e-08,3.76107366668831e-08,-1.37983890016112e-08,5.67361804915533e-08,-6.69481599573927e-08,9.37815361932186e-08,-1.11089827157605e-05,1.35979893591252e-05,-2.26750511949938e-06,8.61372433113974e-07,-5.08527635391297e-07,1.16337828519267e-06,-0.000131636408075176,1.03485012294971e-05,5.8832619579584e-08,-1.75172205893982e-06,1.83098993069772e-07,-4.62491238720993e-06,4.82810920119946e-06,0.000168185767827405,1.25331667464948e-06,-5.00095693191869e-06,4.05601109025196e-07,2.6864020898574e-05,-1.14794392431334e-08,7.64819107705551e-06,-0.000277274883716039,-1.08575233676112e-06,0.00249666452301794,0.000612068886909058,0.00010160591211309,1.48214436564335e-06,-3.56924453672889e-06,-7.3687550462111e-08,-4.14612927845915e-10,-2.16338250354003e-06,-5.09741188416777e-07,4.88915961889212e-05,4.03447710845799e-06,-2.01293690925326e-06,-2.98485774139271e-06,-0.043107708635242,3.52092870298979e-06,-0.000393410253906134,1.71856657952838e-07,3.0531857142206e-05,-1.52779612229521e-05,2.2836377758623e-07,7.47405145601753e-06,8.57493511360771e-08,3.21718607154208e-08,-3.3133410706303e-09,-3.225422891972e-07,-4.9239636300975e-08,6.96045689534159e-08,-6.69061260401673e-08,2.43058287334405e-05,0.00164093555954136,-9.85103791587351e-06,1.04914759268278e-07,-2.20499415295309e-07,-3.94242376594797e-08,5.32019451484353e-09,1.96329679932746e-06,3.68620452435317e-08,7.60571046095886e-08,3.35415619940845e-09,-1.42416662773565e-07,-6.63247512157416e-06,-7.5482454462969e-07,3.1182267193375e-06,9.15213261167165e-07,-1.99091680625503e-07,-8.31099081163275e-10,-2.6610812050988e-08,-1.38784958015203e-08,-0.000123754344132773,0.0125900723847093,-0.0023447915333383,5.91993514001098e-07,1.26604429131734e-07,0.000147021941150527,2.90101805475095e-07,6.25597923111397e-11,7.04711334840624e-09,-1.82550757719718e-05,-1.10983782811645e-06,-1.93330528320117e-08,2.2132817083758e-05,4.39774212961392e-07,1.03648658650529e-06,1.57981908026496e-06,-3.3843696995342e-08,-2.19937260832579e-06,-0.00083681749966155,4.55983233894722e-07,7.47897144901401e-05,1.47334207113194e-07,-1.14607491026488e-05,-2.86215183699863e-09,-6.25462373731785e-05,-4.12220506172017e-07,-1.42394266552161e-06,-0.000650168010473659,3.65748210138391e-07,3.54015587705706e-08,6.86432698842315e-09,4.88900875587116e-09,-1.73004154783576e-06,-7.84308980506285e-07,-3.64930605381633e-07,4.53368009840313e-07,1.00527951413999e-07,4.29377728557676e-07,-1.29873524101094e-06,-7.43097655337628e-08,-7.04328946628737e-06,-3.99885225778619e-08,-8.69732947732804e-06,-2.84020446318119e-06,1.53572603202984e-07,3.17935329660701e-08,9.68006177189709e-07,3.57065395049097e-07,-2.04725777434609e-07,-3.68131449573772e-09,-1.62123338607513e-06,4.8442556943451e-17,-1.52881181625503e-08,2.18376537002712e-07,-4.44463127807963e-08,-1.14245608040248e-07,-1.53683199814916e-06,2.12520115333298e-08,-3.00094083326915e-07,1.33403236428237e-07,-2.56010535134499e-07,6.67809796526285e-05,-3.33610794259442e-08,1.34563691350695e-05,-8.77258194578775e-09,9.64997139658431e-07,-8.20819702423582e-06,3.47140414787038e-09,-2.27963524793151e-10,1.08811469287883e-08,-1.03056760600558e-08,1.62284445676212e-07,4.14696819165792e-06,-7.88877164211097e-07,1.55424133127713e-07,-2.83381933744104e-06,3.32495963450101e-06,-2.02653818482655e-07,2.0966415036899e-06,-7.11003366909926e-07,3.46732826725286e-09,3.07930119263645e-05,1.53559163619528e-07,0.00315668352718691,-3.93368737536074e-10,-5.10088568492169e-07,4.85012337651137e-08,-7.60937341697356e-08,1.2096715481316e-07,-2.34669781844679e-07,1.83692283777329e-07,-1.34994210193344e-08,2.61388971081407e-06,-1.13873885748834e-08,1.87489049121071e-06,-2.11136479532645e-16,-4.63623055865029e-06,-4.61606791428841e-07,-4.94863173299932e-12,-4.37224688736747e-08,6.49791816811855e-08,-4.05072599561405e-08,-1.15377395987142e-08,1.49411580676652e-09,-6.83979170012921e-08,2.6077215448929e-06,0.00234851292472431,-6.75005806723616e-09,4.18730018187737e-06,-0.000107075997511635,2.75060336202329e-07,-5.58668739383023e-06,8.13382251450227e-08,1.42214259815136e-07,2.19532965202323e-09,6.28259391180879e-06,-9.2873509826025e-07,4.22839115434943e-09,-1.39701949639994e-06,1.79794791458437e-07,-6.79243442691748e-07,2.98307012963167e-06,0.00784744662163967,-5.18791221991028e-07,7.94599577570966e-08,5.23893454836356e-08,8.69328609406724e-09,-7.39593919217681e-08,0.000945981879189243,8.44767056470503e-07,-4.74610182814935e-06,1.47489395953648e-16,5.87583247747286e-05,1.11259694374001e-07,-1.71777492555779e-08,5.54407825639347e-05,2.38907403344375e-09,1.45674387198667e-05,3.49391728109928e-06,-4.74661414870111e-07,2.09536406806061e-06,4.39772539622317e-16,-1.72695336239908e-05,-1.40609638032905e-09,-0.00158715279379576,1.08669693649836e-08,4.5604382040118e-07,-3.65252703224126e-05,-5.3884924663981e-06,1.48490047972168e-06,-1.59591963257613e-07,1.08831487025811e-05,-3.69460358200171e-08,-3.65496233051838e-06,-4.99131917327099e-09,-8.11987838403826e-10,-4.06661458804977e-05,5.97048499211637e-08,-1.22485153070265e-05,4.74726890001957e-16,-4.14237454773853e-07,3.46466462303706e-08,9.99149415428923e-10,1.10318585772492e-08,-1.74462173784233e-05,-0.000170796019215766,1.14193903764822e-06,-4.67361185347084e-06,-4.87777285563278e-06,3.05057444194357e-15,-0.0544439095696445,8.12740523430166e-07,5.88129188286383e-05,-2.00116504519353e-15,-5.90671230290266e-06,-6.75702725621709e-07,9.83023126993598e-08,3.60144711733346e-05,9.74596828639393e-05,4.78084433389009e-06,1.44175208282742e-06,-3.62003954781916e-06,-2.56648236541818e-07,-1.25520132032849e-08,-2.38999307246314e-06,-7.17567530445498e-08,-1.03148560650747e-16,2.0533025153819e-08,-7.21492821941911e-07,-2.78813733286616e-07,1.4973404432191e-06,4.55176900789199e-16,2.23632110090598e-08,-2.9950464377473e-09,3.03766525620691e-07,4.3046394290584e-09,0.000141121099846136,-9.42228684713970e-09,9.99648141101648e-08,-2.29854998595168e-07,1.02909586630567e-15,-1.23250931553046e-07,3.35206024450283e-10,4.83080818955622e-10,2.57040281322738e-07,-3.57850476989629e-10,-5.44066161200217e-10,1.69829428298129e-15,5.36149278630102e-15,-9.60893781031899e-10,-1.53138577830441e-09,2.08731576454548e-10,-2.62964495233118e-06,1.76769013992419e-16,-1.7803436832175e-07,-2.32036709544177e-09,8.44994018762658e-15,6.15317895436626e-17,1.33287729243248e-15,5.77880586400438e-06,1.67667071979583e-08,-2.0095368809754e-08,6.44976546264901e-07,9.21223362474783e-08,1.79299948266079e-08,-7.82118973377293e-09,-1.7720139589676e-15,-1.85578343522389e-09,5.32613779325319e-09,-7.07842634177262e-15,2.70007801906406e-15,-3.13158058191301e-09,0.518138053864273,-2.68021325983403e-09,6.58277376393561e-07,2.8108727689026e-09,-0.000257091659821643,-8.72010726793064e-15,-3.24794133349894e-08,5.35910822184632e-15,-1.1408330811711e-06,-8.376979665492e-15,-2.82121372468558e-09,-2.71804887794775e-16,1.17704074762049e-08,3.10819179350812e-09,1.42789492429357e-07,1.98014845050532e-07,8.77141996204492e-09,-1.0208334348909e-09,6.55026183511394e-09,4.10253604635521e-09,1.11282517505632e-05,3.93462126586582e-08,2.35567208896779e-09,-6.79599579273307e-09,-1.16157246154433e-05,-1.00617245349787e-07,-3.27477261494169e-09,-6.25404331670447e-16,3.12702085917264e-08,-5.4769219768384e-09,2.96913977526119e-09,-3.36235013184661e-16,0.000131466655842676,1.62096940718994e-07,5.27215939049056e-08,4.87257344259369e-16,-1.29106603409292e-08,-7.74619463954909e-05,2.99215718733752e-16,-8.54592751009676e-09,2.31907280516027e-08,-1.67793121225247e-16,4.05148331688841e-17,-2.2626659560565e-09,-0.000945081954381231,-5.93349170826552e-06,-1.00308607969607e-05,8.49336408226395e-08,2.25480708247063e-09,2.32668568492688e-07,2.15889886194728e-08,-5.58408604153319e-07,5.88418203051333e-15,1.04324932518691e-10,7.11545014485711e-08,5.29373247758817e-05,1.98838556857748e-06,-5.7275878231879e-14,9.29964653497936e-17,2.86960618861576e-07,-2.23262456688889e-16,6.09413027476522e-18,3.1930212085386e-08,-4.78326107597261e-08,-8.95895007527165e-09,-5.29534902735584e-08,2.4410487731117e-07,6.39009786551539e-08,8.28627149675523e-08,1.80140681679311e-16,8.09086076356938e-07,0.0698471650244337,-2.07710393251322e-07,-3.01784174262059e-09,2.3171419921625e-08,3.01216046089718e-16,-1.19771909440975e-15,-9.70216951069391e-16,-7.03255283741475e-06,-1.16903553501406e-09,-7.59450853309333e-08,-1.44881217908678e-16,-9.19352394255496e-10,-4.7397366521514e-16,3.9910992263432e-16,1.61075366159369e-07,-4.0356988879457e-08,3.28079577394114e-16,-3.37283324242352e-07,-4.58035617911279e-09,7.78999220108053e-16,1.05008262319998e-08,-1.80892728661899e-17,3.9557534619469e-07,1.43804269142082e-17,3.95078864248443e-07,3.26221020428162e-08,1.18301411131514e-09,1.17013793879349e-07,8.06185789200434e-07,-3.89175667945196e-09,1.21784798558063e-07,-7.14952718297895e-17,7.37274497181918e-08,-4.17202919446782e-09,-8.17884396742174e-16,-5.51517078249551e-10,-1.13094676417359e-08,2.64251870872815e-09,-2.46471275977132e-16,8.64339753455395e-09,1.14770263684916e-08,-3.05791193742528e-16,-3.20138675370791e-07,-2.43632849879778e-07,-3.35894470761913e-10,-1.87872969788978e-16,4.75843345164234e-16,6.15352327988800e-09,1.98977333370419e-07,1.61337978382494e-08,-2.61862790473719e-09,1.25594379854636e-07,1.16393755219786e-16,-2.65155218090607e-16,4.6168324133767e-07,1.39025409151889e-09,-1.83120938436374e-17,1.13097631568963e-06,-3.29437595590605e-16,5.69517206782188e-09,-1.09693176429711e-07,-0.000270315195831043,-7.6656977193446e-06,2.6283974067378e-16,-1.48303916675024e-16,-6.22789685095477e-17,4.74905366985578e-16,-6.91279215861537e-10,-2.40808898623756e-09,2.76987282473781e-16,-5.17892233785631e-16,7.80194140516079e-16,3.44279198454277e-09,3.11536385464874e-11,-1.74874317761218e-09,-1.64424580310358e-15,1.04040040471709e-15,-6.21844156029061e-16,-8.08074907134803e-08,2.47981459031916e-09,7.32568741401116e-17,4.50236674090153e-10,-1.19538818720958e-08,-4.90803988260901e-16,1.3577522524708e-16,-8.91016625648279e-07,-8.80172893619692e-11,-4.53576983141313e-07,-1.02772522823614e-15,5.13569882100186e-09,8.51382637586814e-08,9.51539590823605e-08,-3.78314190931083e-07,-2.28751081605799e-08,3.86630570545769e-10,-1.21007810434317e-15,5.3336582278098e-16,-9.12089291891415e-16,1.01282657272335e-08,-9.25888146366245e-09,-0.00080384712843228,-4.10616270928552e-09,1.44707023174384e-15,7.17015751497894e-15,4.91549609803021e-15,4.72915514228305e-15,-7.4786813912635e-15,5.50938701057856e-08,-8.70839165382506e-16,3.6873882779685e-14,-6.92551512235495e-06,1.34872915813334e-14,-9.84742899152197e-06,-9.11995000234532e-14,-0.328174150106023,-3.52488784189012e-15,6.91861856304307e-05,6.5930022245955e-08,4.27895226309543e-08,-5.71655002703281e-15,-1.14003211624838e-06,8.18500236624912e-16,-9.96512494503298e-08,8.59273581553517e-09,-4.63363649470207e-11,-1.97429499757016e-15,-2.00142909731315e-07,-1.28674720065464e-15,9.59592063607620e-09,4.79587859772585e-09,1.15211252400512e-15,8.92826236890589e-16,3.56933422441625e-16,-5.64144361445876e-16,4.9440160133173e-10,1.31129028480955e-08,2.53651423905862e-09,-4.33873010626977e-16,2.8086741024122e-16,9.70756978088351e-11,-7.40515236370004e-10,-2.85463631630234e-15,-6.02127898446173e-16,-9.98800579530937e-10,6.68018278774436e-16,-2.55801504820838e-07,1.34918275244613e-15,4.6203040234911e-09,2.27577713159128e-16,2.48018723828643e-16,9.27371796695538e-17,-1.5506165923237e-17,-1.76200917972151e-16,-4.26225540179128e-16,1.5373966081394e-10,-1.08036261896805e-09,3.32710731044421e-16,-8.04845308019606e-10,3.52630495864553e-08,-3.70745535757099e-16,4.66787259972705e-16,-2.31479850899679e-17,-4.8268588976746e-16,3.44119454348367e-07,6.19864049248011e-09,-1.29174444925742e-15,3.51604483455976e-16,-7.78955319657632e-09,-2.52581336598631e-09,-3.87325748853245e-11,-5.24756241660612e-16,5.44090699570992e-16,1.71673828301494e-17,1.05070186223027e-17,9.78379762600303e-16,6.79989132854006e-16,1.83933106757925e-07,-6.44813066333316e-08,-3.4301488783981e-08,-5.73499629827955e-16,5.46398789042533e-16,-1.26532792321656e-16,-1.11176321848631e-16,1.03575438185794e-15,-1.43466364279177e-16,6.76975860597994e-16,-4.8798599874027e-16,1.0072505101761e-17,-3.53403418662842e-17,-1.47479765900947e-15,-1.50948769642242e-15,7.07058986111159e-16,6.41452530674058e-16,2.1562343077102e-10,-5.6089026576321e-16,-3.43413149098077e-16,-3.16609033402957e-16,3.10671439713889e-09,-8.02022940890344e-06,-9.87788074567078e-16,-8.06197083670762e-11,2.91518342815867e-09,-5.66276972021361e-16,1.39119436819893e-16,-5.76431567641664e-09,-9.81670602318113e-16,7.60851009787854e-11,3.8364548917201e-16,-5.52858398461386e-16,-3.42754304531986e-16,-4.03989560596013e-16,0.00403831634994305,-7.03448264283868e-09,-4.69411412248757e-16,1.76841268724577e-16,-3.07092499533457e-16,-1.33828901048677e-16,1.08853898117545e-16,-1.1421522362382e-15,-1.38043027095987e-15,1.63579712361772e-16,1.36570381684319e-10,2.20630869288208e-17,-1.02568437249162e-15,-3.82181893657983e-16,-2.58478958004251e-16,-6.44854290565783e-16,-1.24458909165175e-15,-3.02165495264799e-08,-3.53768437497181e-16,-3.88952811802811e-16,2.05033724533518e-09,-3.39435570121968e-16,-4.12837019685167e-16,9.40091549521587e-16,-9.38605559658821e-16,1.767225066543e-09,-5.78862402217572e-16,-1.22040952145286e-06,-1.19076061945571e-16,-2.15154308415175e-15,-1.85349960943767e-15,2.09310353947658e-15,3.05251925583595e-16,-1.33969876786433e-15,2.14601767230711e-09,-2.44350128963176e-15,-3.50396470425369e-15,2.73090220828677e-10,-2.70046859852549e-07,6.84949360075066e-17,4.67775374011493e-08,6.3705767815255e-08,-2.10947758005479e-15,1.6774390690565e-15,-9.94252121833326e-16,-2.67841099290757e-16,1.844961192525e-15,-1.09846849986748e-07,-9.27969353345234e-16,7.4641410122445e-16,-4.25340026042773e-15,4.42519086701109e-08,-2.78996795621872e-15,-8.88432316459297e-15,-5.41558727064779e-15,2.65467311301321e-15,-2.03220157322299e-08,4.79575018751551e-15,6.00601747746155e-11,5.40749822521069e-15,-1.07064004390619e-14,2.25970877951302e-15,1.52309093428276e-14,-8.17007424227078e-15,-3.58726052443914e-14,-5.1293993043847e-14,-1.05524864765875e-09,-0.707106781186549,-5.93368987231564e-13,4.44940533274607e-10,-2.04657158715178e-14,4.80149232831726e-15,-1.88627068121455e-14,6.11357629209959e-15,3.88071101138953e-15,8.34578849094898e-15,-3.25485069014453e-09,-6.54788270423535e-15,-9.7031322705358e-15,9.73021784378071e-10,7.58535449809313e-15,-7.65943230013776e-16,6.09586537459006e-16,-1.16477468106582e-15,1.4088112044543e-15,-2.08585038954502e-15,-3.70023465756446e-16,4.77168738903786e-16,5.63089070482522e-15,-3.0104656339564e-15,3.09627026766767e-15,-5.17612614352504e-10,1.71917482578199e-09,-6.69048700451982e-16,2.16040726632697e-15,-1.03717360147171e-15,-3.13855073394304e-15,1.16985414411186e-16,3.96900614894331e-15,3.24171794952216e-15,-3.77115849131109e-15,-1.65206443288109e-09,-1.01663398355103e-15,1.08941344044251e-16,1.89998663066923e-15,1.3494811399856e-15,1.93616508409013e-10,-2.28335640157732e-15,-3.09274614000308e-11,8.77149441532296e-16,-4.671393957956e-16,1.69645195394255e-15,-8.57935378108884e-16,1.4816673209738e-16,1.98631582538736e-15,-3.40692915921752e-16,-1.86979011530271e-16,1.79311522635131e-16,-3.67415732468776e-16,-4.08232523421997e-17,4.92173412650658e-17,-4.69745052790496e-16,-2.24953400499369e-16,-1.33359125747269e-16,-4.58241297193708e-16,1.47760324202054e-16,6.80698160568336e-16,-5.33838809008914e-17,3.56489441026799e-16,-4.69134280034478e-16,4.01591814293486e-16,4.65435526193637e-16,2.96499949993962e-16,-1.76233456501781e-18,1.53309132258494e-09,6.11063057694039e-16,6.9086033149514e-16,3.70412885906251e-16,3.67363100834351e-16,-6.15744201185213e-16,2.39608146286679e-16,-1.12541094668616e-16,3.88014248587104e-16,3.63806956479572e-16,1.36742782420677e-17,-1.12030610482927e-15,1.63103160941779e-16,2.88932709943508e-16,-2.84386621267542e-16,1.37962216362837e-15,-1.17289213412655e-15,-3.84023413650685e-16,-1.81422384819873e-07,1.22777511388418e-16,8.43417179802855e-18,4.1379180090613e-16,-2.28226809544453e-16,-1.08327695713504e-16,5.67206837854586e-16,1.83481019075944e-16,1.2945595771258e-16,-2.36449457912759e-16,4.65565116160303e-10,-3.58160367288166e-17,3.63685566354684e-16,-8.18426945056639e-17,3.10482362363375e-17,3.98318418906355e-16,8.43620173736687e-16,5.53136805251376e-17,9.61356485387205e-17,6.24840023205383e-16,-3.51144630968852e-15,-1.88289559085038e-17,2.81105339214864e-16,-1.52568095696502e-16,2.19691943701817e-08,-5.79847761125678e-17,-2.19858734886301e-16,-2.48678642720773e-16,-4.55364912443912e-18,-6.56468128377877e-10,-9.76945454142451e-17,-3.20307362902589e-16,-1.8707742190751e-17,3.12712528659454e-16,1.3548415103895e-16,2.3380172642797e-16,4.59278651446168e-16,-2.45158405491394e-16,3.31512283880075e-17,1.5564881246114e-16,1.72001830477974e-16,2.27729969118434e-16,1.50215808539572e-16,-3.32267803158517e-16,6.26025178574383e-17,8.99112131917963e-16,-3.40881766696475e-16
"t693",0.0396538682372653,-0.0137732763562052,-0.0152543795649347,0.00106261330752795,0.0123914083803886,-0.0512359963326497,-0.00790321278558395,-3.10797882004114e-05,0.0974479417557384,-0.006189185258063,-0.0134455448675365,0.00115237572515326,-0.00256867405131713,-0.000578556000628832,-0.0189241490513094,0.000589398611503355,0.000442869235042057,-6.03786653416297e-05,-0.033541306117935,-0.0604325957488576,2.70131197777681e-05,-3.75612335735325e-06,0.000167927644174895,2.06234739555389e-06,-2.9210564696236e-08,4.71761272581647e-05,-0.000587607782960797,-3.37005769239713e-06,-3.25961494612363e-05,0.0007935055784172,0.000187774461632455,-0.00520229976425727,-3.68503480177411e-06,0.00541975962336305,-0.0441161821864646,0.000351588709012721,1.0199733607261e-05,-1.66386888184438e-05,-0.0018330489750509,-0.000378187683501688,-4.81852937213808e-05,0.00111530734525201,-3.35528684074893e-06,0.000223122155086592,-7.9232302808872e-06,1.59368020527409e-06,-3.12710751947123e-07,4.99381329543399e-06,-0.00116930351315276,0.00107282010496886,1.1264462040635e-06,-3.23265263416742e-07,1.25033453560348e-07,1.63805517492191e-08,-0.000495329065333784,-6.29787329565198e-06,-1.31056393901528e-06,-1.64395090038356e-07,1.5388258347123e-06,5.39197622315135e-09,3.2385800561857e-08,-3.01257099637102e-06,2.68954581059138e-06,-2.21600349854175e-06,4.54452159183687e-05,-1.78088240870416e-06,0.272749105243925,0.000158828176961419,-2.85422445013578e-05,9.44860959160512e-05,-5.18401449798743e-07,1.3737114132092e-06,-4.76304288956569e-06,-3.13060134498014e-06,1.31871863196897e-06,1.34338925022724e-05,-1.15781228595415e-05,1.74902175756475e-06,-0.000534809742700061,-6.84537642285654e-05,4.75768123228724e-06,0.000379304641678405,-0.000700483708695355,-2.34216050454331e-05,0.0330197578568921,8.51239445026331e-05,-0.000140772604548798,-0.131149816946489,1.95085666210827e-05,-0.000213615192345855,0.000611714831634021,-4.18545694118658e-08,-2.64055912777716e-05,1.38406454872064e-05,1.30983748069291e-06,1.35339173181724e-06,1.58091081337886e-07,-5.63120716865846e-07,4.99749727318434e-06,-0.000480313030750108,4.41305717217306e-06,-2.75220506541493e-08,5.43157582806996e-06,-9.30583681533172e-07,8.58244762296324e-07,-2.04501783162776e-08,3.75858524615314e-06,-4.22783176032764e-09,3.61305244900969e-06,-5.26604665364479e-10,-1.21328133298618e-08,3.82869077080598e-08,-1.40468029151809e-08,5.7788930592768e-08,-6.81983163797326e-08,9.55571408955423e-08,-1.13206126603494e-05,1.38614176003274e-05,-2.31213863547385e-06,8.78530908572674e-07,-5.18725794586709e-07,1.18725095485869e-06,-0.00013437747385024,1.05641084067632e-05,6.00609449297358e-08,-1.78884301367264e-06,1.86983840682643e-07,-4.72429025675946e-06,4.93561172885212e-06,0.000171932055662866,1.28131372141146e-06,-5.11530799405885e-06,4.1491763098538e-07,2.74831011274121e-05,-1.17475327242137e-08,7.82713730148556e-06,-0.000283944908003446,-1.11245131273177e-06,0.00255989614969484,0.000627583209758364,0.000104194239151365,1.5199967314923e-06,-3.66077135653901e-06,-7.558007281715e-08,-4.25261598147641e-10,-2.21956553824509e-06,-5.23271768264613e-07,5.02181427096605e-05,4.14453704279765e-06,-2.06850605442192e-06,-3.06733539046978e-06,-0.0443042433775162,3.618917657554e-06,-0.000404391995869976,1.76786834552981e-07,3.14115467851622e-05,-1.5719501794917e-05,2.35427901803875e-07,7.70901101948873e-06,8.8451675345078e-08,3.31995546993653e-08,-3.41947492589298e-09,-3.33053373988764e-07,-5.08476106231809e-08,7.1915670308995e-08,-6.91632604541306e-08,2.51638380710879e-05,0.00169895307189421,-1.0199476021452e-05,1.08648368891077e-07,-2.284023751739e-07,-4.08386950802955e-08,5.51376232920014e-09,2.03504171469871e-06,3.82218417541347e-08,7.88692417413758e-08,3.4783194073103e-09,-1.47804253627726e-07,-6.88900742219239e-06,-7.84130870076276e-07,3.23973125709075e-06,9.51257130333728e-07,-2.06964638544659e-07,-8.64096042070778e-10,-2.76713172520356e-08,-1.44385917898661e-08,-0.000128764268403009,0.0131135407505523,-0.00244236861268083,6.16848220884016e-07,1.32050226413087e-07,0.000153473289553395,3.02918952130751e-07,6.53519629752835e-11,7.36402831601029e-09,-1.90945647808062e-05,-1.16112186426156e-06,-2.02355305321808e-08,2.31712421076225e-05,4.61222320109735e-07,1.08712825186791e-06,1.65826859791063e-06,-3.55510996573281e-08,-2.31458084116065e-06,-0.000880659475469012,4.7995511685577e-07,7.87630159631362e-05,1.55218561417175e-07,-1.20859261670015e-05,-3.02200001582245e-09,-6.61056265208575e-05,-4.35815058404281e-07,-1.50758526173821e-06,-0.000688908541550396,3.87549662011139e-07,3.75352782229263e-08,7.28977079609765e-09,5.1936454025442e-09,-1.84093741704902e-06,-8.35570459504242e-07,-3.88942366969794e-07,4.84029893372096e-07,1.07371193164891e-07,4.58815602728167e-07,-1.38972251644868e-06,-7.95384997812943e-08,-7.53941246079915e-06,-4.28722034775646e-08,-9.33348085353413e-06,-3.05124016172787e-06,1.65065033359034e-07,3.41903440402305e-08,1.04148520582386e-06,3.84222227691832e-07,-2.205785643579e-07,-3.96957443906974e-09,-1.74972356925625e-06,1.32628309467401e-16,-1.65208810113287e-08,2.36046193829824e-07,-4.81291143487266e-08,-1.23886222069566e-07,-1.66847605829229e-06,2.30740811395924e-08,-3.2654652437324e-07,1.4521715768242e-07,-2.78730901771444e-07,7.27685648912928e-05,-3.63729627102003e-08,1.46866263745306e-05,-9.57910748575485e-09,1.05392047083341e-06,-8.97414365510523e-06,3.81278770516883e-09,-2.50801044971057e-10,1.1988146874146e-08,-1.13897910401811e-08,1.79396754229647e-07,4.59457323928638e-06,-8.75144643354567e-07,1.72740046009814e-07,-3.15142724575851e-06,3.69995108171447e-06,-2.25708335799353e-07,2.33824440130769e-06,-7.93054734133253e-07,3.88072908279993e-09,3.44671331671703e-05,1.7189672583448e-07,0.0035369964238167,-4.40917765628013e-10,-5.72396224014387e-07,5.44372604993868e-08,-8.60150840329256e-08,1.36849736172576e-07,-2.65652192126716e-07,2.08254764887513e-07,-1.53229763246799e-08,2.97520662500085e-06,-1.29720474202747e-08,2.13718653075098e-06,-6.31987464863465e-17,-5.29678827025234e-06,-5.27533759168802e-07,-5.66116874686946e-12,-5.01341767621797e-08,7.46617177398572e-08,-4.6589294973701e-08,-1.32766251092252e-08,1.73052816429806e-09,-7.92546201985989e-08,3.02199380541346e-06,0.00272701148354368,-7.88348822341104e-09,4.89543879463835e-06,-0.000125274337136086,3.22582095562199e-07,-6.6147530165677e-06,9.67115379266626e-08,1.69135495286893e-07,2.61110015681684e-09,7.55478437178539e-06,-1.1322297111653e-06,5.16436559168837e-09,-1.7109234524558e-06,2.20938971713678e-07,-8.35559344744596e-07,3.70293080391027e-06,0.00974799268654494,-6.45270011164844e-07,9.89199736202935e-08,6.54129660499601e-08,1.0890612853011e-08,-9.2944922714841e-08,0.0011904696229275,1.0656301177976e-06,-6.01806727877069e-06,9.20503423783083e-17,7.71583370596362e-05,1.46663179170596e-07,-2.27774556848127e-08,7.35266877404836e-05,3.16902986413624e-09,1.93516541789166e-05,4.65438995644866e-06,-6.34453272981284e-07,2.82046602613102e-06,1.52683262787582e-16,-2.36430291090152e-05,-1.92925954282998e-09,-0.00218809396801943,1.49901348562999e-08,6.36829443345624e-07,-5.13643871416375e-05,-7.65595183534598e-06,2.12523261678206e-06,-2.32223754234583e-07,1.60942211317007e-05,-5.52315860187828e-08,-5.49836643295211e-06,-7.53865092026647e-09,-1.23526061037924e-09,-6.19144399950568e-05,9.13779344838465e-08,-1.88238383866248e-05,1.06564587174383e-16,-6.57790572836635e-07,5.5417184655418e-08,1.59825079909524e-09,1.8030494880047e-08,-2.86106117404447e-05,-0.000292766694818507,1.98443237789984e-06,-8.14418813928343e-06,-8.59116284693647e-06,4.32062529932505e-15,-0.097104330766774,1.45653858222165e-06,0.00010736446350227,-3.63044239558571e-15,-1.10119987028776e-05,-1.26620154318824e-06,1.84704112425552e-07,6.80492318993918e-05,0.000185921018336364,9.18747365197158e-06,2.78687076287618e-06,-7.1230297107876e-06,-5.0609035405405e-07,-2.50692119062031e-08,-4.8863350171332e-06,-1.46886860328804e-07,-8.59391341744485e-17,4.41817862443628e-08,-1.56690958228643e-06,-6.18410625156076e-07,3.43546354216323e-06,-1.06383675407817e-17,5.56879914053873e-08,-8.32746438136651e-09,8.94732430547165e-07,1.30515419997287e-08,0.000443848035752865,-3.19228226089784e-08,3.9062469130101e-07,-1.58441839425032e-06,-5.66213737741135e-16,-4.51708754855291e-06,2.09910484565059e-08,-5.84799592562527e-08,-5.93773126206118e-06,7.7711491427396e-09,9.66435664101815e-09,-1.15012166457262e-15,-1.97696185287071e-15,8.13083494694495e-09,8.68546018666214e-09,-1.13529244421541e-09,1.09440933862723e-05,2.57280725058243e-16,4.70649630134616e-07,5.19278678474817e-09,-3.03828193988784e-15,3.3295925115424e-16,-1.12299223064917e-16,-8.28542836543636e-06,-2.28429049941892e-08,2.31082347049433e-08,-6.46572167685672e-07,-9.09061383309221e-08,-1.53658645984374e-08,6.59617190584679e-09,5.1502272274714e-16,1.18780917450763e-09,-3.09776133338406e-09,2.92635215178636e-15,-9.40109785794466e-17,1.24916071642426e-09,-0.188323668755932,8.57978725715058e-10,-1.93153795523712e-07,-6.94158814994333e-10,6.16959264802257e-05,3.95760920030037e-15,7.49156368650207e-09,-3.40615477384951e-15,2.34067124310555e-07,3.27553739340458e-15,5.29274213047771e-10,3.40542559515575e-17,-1.96124455069365e-09,-5.05263483243944e-10,-1.62471915691911e-08,-2.0692612451386e-08,-8.83529104438562e-10,8.67845520008665e-11,-4.73261931190873e-10,-1.86713307407764e-10,-5.0401615752821e-07,-1.48887743177021e-09,-5.9022154680089e-11,6.51651765324201e-11,-2.37680854771915e-08,-1.0432017073732e-09,-4.65052951296034e-11,6.83465310607981e-17,7.82361215370765e-10,-1.86076860649369e-10,1.54146812977327e-10,-1.93216448990087e-15,7.24420249538675e-06,9.43288684609755e-09,3.1037500930758e-09,-1.2030413731386e-17,-7.62591056488869e-10,-4.55457038929338e-06,1.07329102204992e-15,-4.95930475597762e-10,1.01107283604291e-09,4.91687955830037e-17,9.53379405117843e-16,-7.38552168442938e-11,-2.97570149020493e-05,-1.5232952524356e-07,-1.79989523724115e-07,-3.0594349055765e-10,-1.29853216745939e-11,-2.07042658381613e-09,-1.09420929651365e-09,5.46367810347324e-08,-5.67189524514067e-15,-1.24908110873583e-11,-8.80419178907574e-09,-7.33276678734751e-06,-3.1374238451865e-07,8.89372906234288e-15,9.82807672218425e-16,-5.37070543427983e-08,4.91069355432574e-16,-3.51384550073059e-15,-1.61308725165516e-08,2.88139900970868e-08,5.41714320163378e-09,4.85013195312041e-08,-2.37663862872462e-07,-6.30457935972625e-08,-8.92333151193492e-08,-1.48026963375446e-15,-3.48251177868697e-06,-0.578646294868131,2.41454915113122e-06,-4.16272141412929e-08,7.44486869008924e-08,-2.8645341826307e-15,8.54563202671847e-15,2.604348437013e-15,-1.23077186067293e-05,-1.76726780263455e-09,-1.13707508402695e-07,3.032519304143e-15,-1.23529615825948e-09,-2.60641346466235e-15,-1.04736669916018e-15,1.61556923266119e-07,-4.03757041979981e-08,-1.28109328700887e-15,-3.22364669315329e-07,-4.27475409610525e-09,1.44117673470227e-15,9.38376043037109e-09,2.70138780113023e-16,3.38058452798389e-07,-1.76694116169916e-15,3.36397882681801e-07,2.76988800686488e-08,1.00133176854315e-09,9.86178442781897e-08,6.7306573215997e-07,-3.14496281377278e-09,9.46233884519105e-08,1.89183657645844e-16,5.49604693107904e-08,-3.09753926277169e-09,9.60536795814763e-16,-4.07322330265096e-10,-8.27504252138003e-09,1.9178487177326e-09,6.73987768809628e-16,6.1117152732037e-09,8.07569821424976e-09,9.83186864683721e-16,-2.23825393767843e-07,-1.69806914211488e-07,-2.31473496667943e-10,2.90024759374416e-16,-2.58610332816725e-16,4.13303946410004e-09,1.32232917510721e-07,1.06987855023705e-08,-1.65909186403885e-09,7.89771594472788e-08,-7.24879570785455e-16,-2.95954862966183e-16,2.8880399261955e-07,8.69089211168966e-10,4.85953341779063e-16,7.00716646864577e-07,2.23765323957833e-16,3.49769341864244e-09,-6.65425505786021e-08,-0.000163833818771151,-4.62973587942101e-06,1.21658502574663e-16,-2.85629250466383e-16,6.45919945431453e-16,-6.19137095816652e-17,-4.03786244459379e-10,-1.40251893814319e-09,8.61140929912482e-16,-7.04915475624257e-17,-5.40861376983127e-16,1.98369889781552e-09,1.78647954330953e-11,-9.89401567649802e-10,1.35515016448881e-15,2.25996521843741e-15,1.37194942906316e-15,-4.34222279778246e-08,1.32991649258865e-09,-5.26930040760611e-16,2.35868620167531e-10,-6.19954387403425e-09,4.33562766598842e-16,-1.94934527470779e-16,-4.50495606412686e-07,-4.4406115056917e-11,-2.25135204043029e-07,6.62543122008842e-16,2.47470367909386e-09,4.03019126744823e-08,4.38529626540738e-08,-1.67354700635686e-07,-9.99869642533538e-09,1.65029907047657e-10,-3.61396159198771e-16,-7.37528246307002e-16,-3.59174977118341e-16,3.61238167394301e-09,-3.29058526422252e-09,-0.000277013371850125,-1.15619907483581e-09,2.05811810183532e-16,1.01454951396246e-15,8.72733435780567e-16,1.20242430201293e-15,-1.67162107036146e-15,1.07434189815965e-08,-1.70858275179692e-16,5.01926786136458e-15,-1.05983125876249e-06,2.27045846105126e-15,-1.4833689557705e-06,-1.28182564285731e-14,-0.048096908649789,-5.16590485571812e-16,3.92805762043023e-06,2.09416843295365e-09,-4.19261447508595e-10,-1.46451560317147e-15,7.68324266459403e-08,-7.21978861006144e-17,2.25757301770032e-08,-4.6845270624445e-09,2.61095646183293e-11,-7.47299698466259e-17,1.52217294761183e-07,-1.11619300382015e-16,-1.17048471081675e-08,-5.99121114706975e-09,6.57020132655031e-16,-1.08160882680595e-17,3.86234670565304e-17,-3.32470929910049e-17,-9.45581039648131e-10,-2.83927143565173e-08,-6.40265748781546e-09,1.19960557886607e-16,3.59738152599289e-16,-6.82654701225737e-10,5.57716866005781e-09,1.28214589734942e-16,4.79618985125472e-17,-1.15476983700616e-08,-1.2415998635412e-16,-2.05879504750691e-06,3.24697457653913e-16,2.09673360624967e-08,-2.50191235946176e-16,-6.69116927196107e-17,1.29719267485217e-16,-4.65028615368979e-16,-1.64618902617068e-16,-2.05942629607442e-16,4.15151237104096e-10,-2.90441125700909e-09,3.60840617908268e-16,-1.94547945792014e-09,8.20272241998207e-08,-2.88006801648142e-17,-3.45368802652818e-16,1.69758342984391e-16,-8.53819848560295e-17,6.98808965119963e-07,1.22615513555648e-08,6.20021465023089e-16,2.28288504153327e-16,-1.49932098341268e-08,-4.84505551611088e-09,-7.34612385749914e-11,3.66224354219566e-16,3.74611313161018e-16,1.13087334559379e-16,-5.25028588806144e-16,-1.31410055868596e-15,1.05350317393748e-15,3.01487100800331e-07,-1.04557116871681e-07,-5.50478886716332e-08,1.97855643427276e-16,-6.23443056195664e-17,1.09678302829706e-15,-4.60044726068978e-17,1.22013275048262e-16,-4.87218096085838e-16,-4.36547159416245e-17,-2.62456973956337e-16,-5.60985544750012e-18,4.88480798931867e-16,-4.89049933808313e-16,3.27569314637918e-16,-3.73461270909599e-16,-6.56712221209609e-16,3.03800875066634e-10,-1.42212139493476e-16,5.82639692082936e-16,1.63443876780462e-16,4.32435498878475e-09,-1.1134240415005e-05,-7.36405608174209e-17,-1.11743052131578e-10,3.98948950507629e-09,-1.76024708297738e-16,9.86370670146097e-16,-7.7896148955292e-09,1.14745790605879e-15,1.02134497420074e-10,-2.48575845577775e-18,-5.93977173960955e-16,4.48734709014711e-17,-4.53490749676554e-17,0.0135296710957031,-1.8646571024493e-09,9.18355808052315e-16,4.83551307287516e-16,-2.79196972945749e-16,-4.93393441442367e-16,-6.39679281766448e-16,5.06383644433909e-16,-2.65199031559058e-16,4.81914947898294e-16,1.58295393876465e-10,-3.51680748505192e-16,-2.52016745961418e-16,1.36924847326164e-16,4.81594102375799e-16,6.04871680250478e-17,1.40111603777005e-16,-3.46676708089225e-08,-4.91037980113682e-16,-1.15775098024133e-17,2.3480579141252e-09,5.28779836518435e-16,-4.39268831425227e-18,-5.15575629024806e-16,7.92813662426963e-16,1.98325449572883e-09,-7.28276882499139e-17,-1.36499679111148e-06,1.49706273417507e-15,4.01022359656513e-16,-4.32279491158925e-16,3.6837793218939e-15,6.46092485837343e-16,-5.49316922301478e-16,2.38443706315683e-09,7.36635537590162e-16,3.16625466658287e-16,3.01957066343566e-10,-2.98523367606969e-07,1.72849608318096e-16,5.15024302938036e-08,7.00539279719969e-08,1.25327378801714e-15,-3.50474750115169e-16,3.41919699915263e-16,-9.2310862998875e-16,1.27306734669052e-15,-1.18774719643064e-07,-1.3006869880053e-15,-1.15113278357638e-15,-3.19305350409547e-16,4.76604772752392e-08,1.78751640849942e-15,-2.44698388242445e-15,2.52796436770036e-15,-3.64341431534618e-16,-2.17786579880842e-08,2.22707168658625e-16,6.42680406396863e-11,-1.06176472408511e-15,-6.26574521982244e-16,6.32125696397549e-16,1.05291498118531e-15,1.37356893083378e-15,-5.3731660641427e-15,1.86525044592835e-15,-1.12069082070769e-09,-1.99331109911516e-15,-1.76419328571845e-16,4.71717189898634e-10,2.8773594443908e-15,-2.86561698573566e-15,4.75234487109293e-15,6.23420128123866e-15,8.58637571557329e-15,-5.65818417740644e-15,-3.43251509410145e-09,2.91008889326254e-15,-1.44296649207149e-14,1.02380439607291e-09,-1.04201369719594e-14,-2.29975543024494e-14,-0.707106781186548,-8.38514905460347e-14,2.32111886735167e-14,5.08662182107128e-14,5.46838719152165e-14,-4.69929338281908e-15,3.65867308598667e-15,3.75204328943001e-15,-1.64159131069902e-15,-5.40334744995156e-10,1.79302706997161e-09,2.62747288663647e-15,1.58010702517911e-17,1.63799063933062e-15,1.06984523461836e-15,-5.81988884168494e-15,-1.06362379524767e-15,1.71197938215799e-15,-1.6444417969214e-15,-1.71527254358672e-09,-3.06571398445431e-16,1.53816157492641e-15,9.25591936523695e-16,-5.25946367520471e-16,2.00293910085678e-10,2.37587737560161e-15,-3.1868982730164e-11,-5.46929039984486e-16,-1.57240526591752e-15,8.24939278776601e-16,3.88006568632674e-16,-1.3703629462395e-16,5.92827908074485e-16,1.13199088494497e-16,1.63962301969026e-15,3.34988208187395e-16,-6.05670787366112e-16,1.18995672020337e-15,-1.75248737310517e-16,1.70378933252953e-15,-9.36878999663248e-16,3.11183403843734e-16,1.98882938073848e-15,7.78196575814124e-16,-1.80224439897611e-15,3.38774296016751e-16,-6.82073353989063e-16,1.17386569215006e-15,-4.52049584683113e-16,-4.32729179959948e-16,-3.00324120168774e-16,-4.87516622519597e-16,1.56016321829438e-09,2.30705240652498e-16,1.7427274990439e-16,6.81064663377248e-17,-2.94839239745716e-16,-1.72145214772207e-15,2.48974335096114e-16,-6.20638194625205e-16,-2.65101228217814e-16,-1.91741014510425e-16,-5.71375321881789e-16,5.03611909119517e-16,-8.53247187606233e-16,1.72384526468088e-16,-3.75060529056657e-16,1.7670431416222e-18,4.06224283213097e-17,-9.64924570622737e-17,-1.83310843225734e-07,-6.82279292095598e-17,-3.43051325415599e-16,-3.27654770190528e-16,8.92784234377164e-16,-4.04624562381532e-16,1.27781440049214e-16,-1.16125064980546e-16,-6.14281869440645e-17,5.12322072209626e-16,4.67387695620341e-10,7.41592899901341e-16,4.70771262421689e-16,-2.42292340319974e-16,-3.98189563401973e-16,3.71078707120654e-16,2.26850128589133e-17,-2.13612062732994e-16,-2.8032480622103e-16,9.2910463137795e-16,7.93080614026285e-16,-5.61183285809581e-17,-6.65471183365886e-16,-1.02482151452647e-16,2.19304276410999e-08,1.3597870665241e-16,3.40016678974898e-17,-4.06800918515519e-16,-6.39462441331951e-16,-6.53738962293602e-10,3.90841731140714e-16,2.94669329471699e-16,1.78798684872528e-16,-2.43070755262341e-16,8.30285051060996e-17,2.22257648679339e-17,1.73407927320384e-16,1.86126616022223e-16,-2.05125062125864e-16,2.80545045685035e-16,-3.30678253396247e-17,-3.53557533967539e-17,-1.83302320646053e-16,-8.20368203480454e-17,7.28952590805962e-17,1.04614659954895e-17,-7.94994414337491e-17
"t694",0.0396538682372653,-0.0137732763562052,-0.0152543795649347,0.00106261330752795,0.0123914083803886,-0.0512359963326497,-0.00790321278558396,-3.10797882004127e-05,0.0974479417557384,-0.00618918525806302,-0.0134455448675365,0.00115237572515326,-0.00256867405131714,-0.000578556000628825,-0.0189241490513094,0.00058939861150335,0.000442869235042041,-6.0378665341646e-05,-0.033541306117935,-0.0604325957488576,2.70131197777839e-05,-3.75612335734766e-06,0.000167927644174884,2.06234739556777e-06,-2.92105646899476e-08,4.71761272581757e-05,-0.000587607782960816,-3.3700576923942e-06,-3.25961494612316e-05,0.000793505578417192,0.000187774461632449,-0.00520229976425726,-3.68503480173985e-06,0.00541975962336303,-0.0441161821864645,0.000351588709012727,1.01997336072693e-05,-1.66386888184516e-05,-0.00183304897505089,-0.000378187683501689,-4.81852937213919e-05,0.001115307345252,-3.35528684073898e-06,0.000223122155086603,-7.9232302808885e-06,1.59368020527972e-06,-3.12710751952623e-07,4.99381329544791e-06,-0.00116930351315275,0.00107282010496885,1.12644620406849e-06,-3.23265263431717e-07,1.2503345360236e-07,1.63805517578927e-08,-0.000495329065333783,-6.29787329566036e-06,-1.3105639389968e-06,-1.64395090045011e-07,1.53882583471737e-06,5.39197622171478e-09,3.23858005275227e-08,-3.01257099637533e-06,2.68954581058313e-06,-2.21600349855929e-06,4.54452159183521e-05,-1.78088240869733e-06,0.272749105243925,0.00015882817696145,-2.85422445013548e-05,9.4486095916063e-05,-5.18401449808206e-07,1.37371141313808e-06,-4.7630428895334e-06,-3.13060134494339e-06,1.31871863202777e-06,1.34338925022951e-05,-1.15781228595287e-05,1.74902175761515e-06,-0.000534809742700047,-6.84537642286438e-05,4.75768123230385e-06,0.000379304641678413,-0.000700483708695288,-2.34216050453984e-05,0.0330197578568922,8.51239445026619e-05,-0.000140772604548624,-0.131149816946489,1.95085666211187e-05,-0.000213615192345806,0.000611714831634046,-4.18545692817615e-08,-2.64055912777338e-05,1.38406454872166e-05,1.30983748072671e-06,1.35339173179916e-06,1.58091081296655e-07,-5.63120716848275e-07,4.99749727318843e-06,-0.000480313030750052,4.41305717219366e-06,-2.75220506711538e-08,5.43157582814563e-06,-9.30583681505269e-07,8.58244762271044e-07,-2.04501783116041e-08,3.75858524619182e-06,-4.22783180363982e-09,3.61305244902471e-06,-5.26604651269851e-10,-1.21328134445391e-08,3.82869075976279e-08,-1.40468029175852e-08,5.77889305145098e-08,-6.81983168822514e-08,9.55571407858855e-08,-1.13206126602668e-05,1.38614176002984e-05,-2.31213863540023e-06,8.78530908626866e-07,-5.1872579445359e-07,1.18725095489385e-06,-0.000134377473849902,1.05641084069155e-05,6.00609451804576e-08,-1.78884301351483e-06,1.86983840565549e-07,-4.72429025676092e-06,4.93561172878386e-06,0.000171932055662917,1.28131372110038e-06,-5.11530799408953e-06,4.14917630879272e-07,2.74831011272384e-05,-1.17475326444068e-08,7.82713730136663e-06,-0.00028394490800339,-1.11245131282302e-06,0.00255989614969477,0.000627583209758463,0.000104194239151383,1.51999673145288e-06,-3.66077135644335e-06,-7.55800729508558e-08,-4.25261649903048e-10,-2.2195655382477e-06,-5.23271768337861e-07,5.0218142708994e-05,4.14453704292192e-06,-2.06850605446197e-06,-3.06733539048626e-06,-0.0443042433775161,3.61891765752726e-06,-0.000404391995870099,1.76786834977544e-07,3.14115467852037e-05,-1.57195017946117e-05,2.35427901767631e-07,7.70901101950804e-06,8.84516753578395e-08,3.31995547238424e-08,-3.41947495020147e-09,-3.33053373959722e-07,-5.0847610811733e-08,7.1915669975778e-08,-6.91632603878689e-08,2.51638380715037e-05,0.00169895307189423,-1.01994760211799e-05,1.08648369012839e-07,-2.28402375147319e-07,-4.08386951908647e-08,5.51376241739067e-09,2.03504171476705e-06,3.82218419496841e-08,7.88692418976896e-08,3.47831946188623e-09,-1.47804253447383e-07,-6.88900742211303e-06,-7.84130870075822e-07,3.23973125739609e-06,9.51257130345291e-07,-2.06964638465307e-07,-8.6409594305352e-10,-2.76713172022224e-08,-1.44385917922442e-08,-0.000128764268402863,0.0131135407505524,-0.00244236861268036,6.1684822083089e-07,1.32050226385206e-07,0.000153473289553357,3.02918952245381e-07,6.53520136764188e-11,7.36402834885625e-09,-1.90945647810936e-05,-1.16112186459418e-06,-2.0235530561129e-08,2.31712421076719e-05,4.61222320032511e-07,1.08712825179617e-06,1.65826859787158e-06,-3.55510996643415e-08,-2.31458084110178e-06,-0.000880659475469169,4.799551168972e-07,7.87630159632503e-05,1.55218561376409e-07,-1.2085926167069e-05,-3.02200001108369e-09,-6.6105626520869e-05,-4.35815058354704e-07,-1.50758526201153e-06,-0.000688908541550152,3.87549662261924e-07,3.75352782210791e-08,7.28977091309968e-09,5.1936455112032e-09,-1.84093741709029e-06,-8.35570459373705e-07,-3.88942367201004e-07,4.84029892997521e-07,1.0737119319816e-07,4.58815602687741e-07,-1.38972251641234e-06,-7.95384995428761e-08,-7.53941246085691e-06,-4.28722034652477e-08,-9.33348085344718e-06,-3.05124016162975e-06,1.65065033182707e-07,3.41903440339973e-08,1.04148520570684e-06,3.84222227611054e-07,-2.20578564383067e-07,-3.96957452204106e-09,-1.74972356916708e-06,-4.68762863095957e-17,-1.65208809904082e-08,2.36046193827222e-07,-4.81291142741858e-08,-1.23886222071756e-07,-1.66847605840133e-06,2.30740810089906e-08,-3.26546524281754e-07,1.45217157826148e-07,-2.78730901580517e-07,7.27685648912434e-05,-3.637296267231e-08,1.46866263745438e-05,-9.57910745482012e-09,1.05392047100926e-06,-8.97414365499881e-06,3.81278751309516e-09,-2.50800984797836e-10,1.19881468747587e-08,-1.13897910273093e-08,1.7939675439012e-07,4.59457323883207e-06,-8.7514464332119e-07,1.72740046185463e-07,-3.15142724551589e-06,3.69995108195368e-06,-2.25708335979122e-07,2.33824440131668e-06,-7.93054733980075e-07,3.88072911636443e-09,3.44671331670806e-05,1.71896725734906e-07,0.0035369964238165,-4.40917698812866e-10,-5.72396223856497e-07,5.44372604719393e-08,-8.60150840927736e-08,1.36849736290592e-07,-2.65652192106112e-07,2.0825476494098e-07,-1.53229763518444e-08,2.97520662495783e-06,-1.29720474802816e-08,2.1371865310427e-06,-6.18231391486384e-17,-5.29678827018691e-06,-5.27533759122022e-07,-5.66110942041331e-12,-5.01341767489473e-08,7.46617177999482e-08,-4.65892949495412e-08,-1.32766248456422e-08,1.73052841488402e-09,-7.9254620254699e-08,3.02199380537684e-06,0.00272701148354379,-7.88348790360228e-09,4.89543879484116e-06,-0.000125274337136199,3.22582095493588e-07,-6.61475301646551e-06,9.67115380535143e-08,1.69135495192419e-07,2.6111001640895e-09,7.55478437191333e-06,-1.13222971140674e-06,5.1643658095067e-09,-1.71092345261217e-06,2.20938971643021e-07,-8.3555934465766e-07,3.7029308037589e-06,0.0097479926865451,-6.45270011327466e-07,9.89199735266535e-08,6.54129659694381e-08,1.08906130171779e-08,-9.29449228319886e-08,0.00119046962292723,1.06563011762668e-06,-6.01806727886043e-06,1.41352846480282e-16,7.71583370599002e-05,1.46663179739347e-07,-2.27774566640641e-08,7.35266877403698e-05,3.16902990265796e-09,1.93516541786469e-05,4.65438995654252e-06,-6.344532730211e-07,2.82046602622255e-06,9.80412130968011e-17,-2.36430291090971e-05,-1.92925987815139e-09,-0.0021880939680192,1.49901350474379e-08,6.36829443334236e-07,-5.13643871414777e-05,-7.6559518356471e-06,2.12523261678904e-06,-2.32223754488684e-07,1.60942211317559e-05,-5.52315861453506e-08,-5.4983664330156e-06,-7.53865106687647e-09,-1.23526073208093e-09,-6.19144399948393e-05,9.13779344448035e-08,-1.88238383868424e-05,5.79383151870738e-18,-6.577905718275e-07,5.5417184690763e-08,1.59825072419625e-09,1.80304948797083e-08,-2.86106117404133e-05,-0.000292766694818508,1.98443237790657e-06,-8.14418813948777e-06,-8.59116284701008e-06,4.83785376007877e-15,-0.0971043307667733,1.45653858230132e-06,0.000107364463502264,-3.30601355355375e-15,-1.10119987029695e-05,-1.2662015430934e-06,1.84704112428871e-07,6.80492318993157e-05,0.000185921018336128,9.187473652039e-06,2.78687076288897e-06,-7.12302971068604e-06,-5.0609035450029e-07,-2.50692118484443e-08,-4.88633501710557e-06,-1.46886860604692e-07,6.03429762747378e-17,4.41817858882155e-08,-1.56690958243748e-06,-6.18410625018883e-07,3.43546354216062e-06,8.0781983497677e-17,5.56879912416699e-08,-8.32746475053735e-09,8.94732430496596e-07,1.30515423401309e-08,0.000443848035753,-3.19228226438926e-08,3.90624691226234e-07,-1.58441839408439e-06,-5.35991908878979e-16,-4.51708754855821e-06,2.09910487099924e-08,-5.84799591592097e-08,-5.93773126207636e-06,7.77114925462808e-09,9.66435655816238e-09,-1.00787433954252e-15,-1.95192964599349e-15,8.13083503689919e-09,8.68546031885349e-09,-1.13529242448558e-09,1.09440933861762e-05,-3.83961709599112e-16,4.70649630189327e-07,5.19278651661309e-09,-3.51614484631209e-15,4.15473450831079e-16,5.40974317883774e-17,-8.28542836521366e-06,-2.28429050657492e-08,2.31082347306784e-08,-6.46572167626664e-07,-9.09061384643259e-08,-1.536586445433e-08,6.59617125216033e-09,3.89940888423223e-16,1.18780906108286e-09,-3.09776046727488e-09,3.13110650140655e-15,-6.14596771759045e-16,1.24916087572411e-09,-0.188323668755927,8.57978779782865e-10,-1.93153795601502e-07,-6.94159154441199e-10,6.16959264798349e-05,3.86234848692042e-15,7.49156422266745e-09,-3.47958537067801e-15,2.34067124463294e-07,3.39393227064e-15,5.29274273691518e-10,1.40704843062731e-16,-1.96124497209379e-09,-5.05263275819132e-10,-1.62471912553955e-08,-2.0692612310571e-08,-8.83529083941768e-10,8.67841702843571e-11,-4.73261925131798e-10,-1.86713148566438e-10,-5.04016157487752e-07,-1.48887761359642e-09,-5.90216492127542e-11,6.5165088188141e-11,-2.37680853418104e-08,-1.04320208890844e-09,-4.65060979313372e-11,-8.57370169015633e-19,7.82361094918829e-10,-1.86076629983514e-10,1.54146957852083e-10,-1.84414804906804e-15,7.24420249452578e-06,9.43288688088872e-09,3.10375007256482e-09,1.53749706125091e-16,-7.62591161107536e-10,-4.55457038896198e-06,5.46371544384346e-16,-4.95930377154882e-10,1.01107305319283e-09,-4.17880351789124e-17,1.89238245416737e-15,-7.38552501324032e-11,-2.97570149026368e-05,-1.52329525024025e-07,-1.79989523247588e-07,-3.05943265960476e-10,-1.29854445052205e-11,-2.07042656915882e-09,-1.09420893564951e-09,5.4636780793626e-08,-5.76275138719495e-15,-1.24907899640214e-11,-8.80419175579892e-09,-7.33276678796051e-06,-3.13742383809252e-07,9.1083325057265e-15,7.65575388291876e-16,-5.37070543524909e-08,6.03330227996345e-16,-3.18616267723894e-15,-1.61308728028736e-08,2.88139902030391e-08,5.41714300397097e-09,4.85013200318432e-08,-2.37663862909646e-07,-6.30457936266289e-08,-8.92333152268851e-08,-1.71601864693407e-15,-3.48251177890438e-06,-0.578646294868131,2.4145491515039e-06,-4.16272142366686e-08,7.44486872156814e-08,-2.86872320871867e-15,8.20765561771465e-15,2.65216961554945e-15,-1.23077186071553e-05,-1.76726746811461e-09,-1.13707508539134e-07,3.16934214182088e-15,-1.23529626048117e-09,-2.43091162612304e-15,-9.33627594228255e-16,1.61556922720918e-07,-4.03757041851958e-08,-1.10393465202474e-15,-3.2236466907607e-07,-4.27475388927219e-09,1.47203922716856e-15,9.38376010160535e-09,-2.45231272940182e-16,3.38058452714278e-07,-1.97180221570888e-15,3.3639788270607e-07,2.76988804568667e-08,1.00133147952397e-09,9.86178443168739e-08,6.73065732334198e-07,-3.14496273007238e-09,9.46233886387606e-08,-3.35056081531031e-16,5.4960470032758e-08,-3.09753912677457e-09,1.006565139121e-15,-4.07322163640031e-10,-8.27504243878554e-09,1.9178482851973e-09,7.32395075252803e-16,6.1117151809144e-09,8.0756982296807e-09,4.15806198724811e-16,-2.23825393667276e-07,-1.69806913913696e-07,-2.31473832492284e-10,4.17566241302173e-17,-1.01601836681628e-15,4.13303949580303e-09,1.3223291782736e-07,1.06987852664016e-08,-1.65909139900527e-09,7.8977158941354e-08,-3.48160090877467e-16,-7.29863606709057e-16,2.88803992214611e-07,8.69089573773868e-10,6.7811027588409e-16,7.00716647018068e-07,3.85815757727341e-16,3.4976935853423e-09,-6.65425507148154e-08,-0.000163833818771269,-4.62973587912557e-06,-6.30736282653336e-17,1.5864104638498e-16,1.36559599781357e-15,1.40697418453966e-16,-4.03786246326144e-10,-1.40252037756541e-09,3.66312805525119e-16,-1.18461972216314e-16,-6.89369743300383e-16,1.98369868606519e-09,1.78651869349394e-11,-9.8940103647347e-10,6.01661423196093e-16,3.43136435064506e-15,2.29867123599514e-15,-4.34222276765912e-08,1.3299163854161e-09,8.02754945797953e-17,2.35869303222085e-10,-6.19954365074744e-09,-3.401289142047e-16,2.07209225071011e-16,-4.50495606466614e-07,-4.44060518661592e-11,-2.25135203338797e-07,3.74391680269253e-16,2.47470374105458e-09,4.03019124163518e-08,4.38529624268093e-08,-1.67354700419596e-07,-9.99869609546073e-09,1.65030821376405e-10,1.34406601853825e-16,1.68638432222139e-16,-2.59336663425319e-16,3.612381200767e-09,-3.29058491785597e-09,-0.000277013371849947,-1.1561987486823e-09,7.43765928995651e-16,4.09384499612196e-16,5.20021172648471e-16,2.85066833329173e-16,-5.25639974551514e-16,1.07434192708709e-08,-1.46855601130325e-16,5.52422925466943e-15,-1.05983125884267e-06,2.02783849725051e-15,-1.48336895623285e-06,-1.33028864037409e-14,-0.0480969086497878,-2.08956804245156e-16,3.92805762090053e-06,2.09416899816119e-09,-4.1926032197545e-10,-8.05017348184695e-16,7.68324265982659e-08,3.18785963303522e-16,2.25757303762857e-08,-4.68452720256054e-09,2.61100087119993e-11,-5.29264364769389e-16,1.52217295632797e-07,-3.18444264148538e-16,-1.17048474694642e-08,-5.99121225200892e-09,-5.01425842603713e-16,1.24576408177165e-16,8.06499496739123e-17,-2.23354227580361e-16,-9.45581299004113e-10,-2.83927137827157e-08,-6.40265655010475e-09,-3.2186441948503e-17,-3.61396708011649e-16,-6.82654587096187e-10,5.57716786728918e-09,1.1150134538653e-16,-1.40889586845518e-16,-1.15476970147913e-08,9.72253388785269e-18,-2.05879504736106e-06,4.2503758625901e-16,2.09673359899662e-08,-6.34530991689909e-17,7.4105615600346e-17,-2.23328627336065e-16,2.28732369464993e-16,-1.10441638998089e-16,5.99084259726558e-16,4.15150923097018e-10,-2.90441047584777e-09,1.93962297830335e-16,-1.94547950347055e-09,8.20272238479976e-08,7.05235327090552e-16,4.39203772373739e-16,1.37730642208938e-17,2.98457620494553e-16,6.9880896491911e-07,1.22615509659426e-08,-1.40894586980717e-16,-4.35317266847284e-17,-1.49932105626425e-08,-4.8450554283278e-09,-7.34611832837803e-11,-4.71171257922972e-16,2.00344578249711e-16,-9.96212025714798e-17,2.23522627592528e-16,5.1307461174284e-17,-5.60928002107568e-16,3.01487099685329e-07,-1.04557116112805e-07,-5.50478890502138e-08,-2.65954296458023e-16,4.41791150686783e-16,-2.41283063371582e-16,4.5747106260533e-16,-3.00614227309011e-16,1.72483507498292e-17,3.09868765920612e-16,-5.37197807600547e-17,2.88105545181095e-17,-4.92487241275676e-16,-9.21566995377127e-16,-2.5126895254776e-16,-3.29371396986234e-17,1.08479333100906e-15,3.03801221275243e-10,-3.55549873927678e-16,-1.2165809079766e-16,-1.23414551681141e-16,4.32435400912188e-09,-1.1134240414201e-05,1.93551994178361e-16,-1.11742795821532e-10,3.98948782910689e-09,2.3383455830223e-16,-1.16987124718516e-15,-7.78961407583343e-09,-5.33816033454676e-16,1.0213490514683e-10,-7.26822280110276e-16,8.3242793677275e-17,3.27030033884594e-16,9.57668342910393e-16,0.013529671095712,-1.86465721814672e-09,-2.03576296670362e-16,3.27380935962725e-16,2.8900841317752e-16,1.59281482628013e-15,4.74880551548651e-16,-2.76390812116608e-16,1.10654084750115e-16,-2.99396047144869e-16,1.58292301581129e-10,1.75266940455681e-16,3.70288082251821e-16,-2.96410185091202e-17,-2.8075614173835e-16,-5.51709150804857e-16,-3.33059635284097e-16,-3.46676701969138e-08,4.92832734821913e-16,-2.88700845560438e-16,2.34805801280367e-09,-4.54154189988774e-16,3.14563211259217e-16,7.27929459892451e-16,-7.29681055752931e-16,1.98325535015676e-09,2.30650799267225e-16,-1.36499678746364e-06,-1.57895506108865e-15,-2.7985282122819e-16,1.16934475684945e-16,-2.00355055761164e-15,-4.31432819578392e-16,9.16876334764527e-16,2.38443736584546e-09,-7.27315225783165e-16,3.39298983623161e-16,3.01958688800196e-10,-2.9852336756213e-07,-1.21467017153093e-16,5.15024319302937e-08,7.00539247729283e-08,-1.45327958778722e-15,-2.52652312938252e-16,-8.14489910525424e-16,1.11939104230239e-15,-7.50491932194498e-16,-1.1877471643918e-07,8.5918831457883e-16,9.73693410324288e-16,4.21848604891777e-16,4.76604732152215e-08,-2.23176509470166e-15,1.89598494108549e-15,-2.33439207747339e-15,8.21636469759167e-16,-2.17786557510064e-08,-4.92167859847076e-16,6.42707688372678e-11,1.13686444037961e-15,6.50385222362403e-16,-6.69992099018286e-16,-1.03545344695019e-15,-1.72755578496776e-15,5.6979531933897e-15,-2.22970889492326e-15,-1.12067790514676e-09,2.57633201599446e-15,3.78065753360289e-17,4.71722396916087e-10,-2.94732973016583e-15,3.25113206958678e-15,-4.28506469832977e-15,-6.11067551489241e-15,-8.66227282609362e-15,5.24684851328921e-15,-3.43251719809204e-09,-2.65805391953583e-15,1.46470862640713e-14,1.02378298552735e-09,1.05543720744962e-14,2.29946086997629e-14,0.707106781186549,8.38842120483095e-14,-2.31943148767334e-14,-5.10802060300102e-14,-5.45310849246705e-14,5.20236582208698e-15,-3.73363070775819e-15,-3.91833235619463e-15,1.3906759490647e-15,-5.40330164726875e-10,1.7930368032056e-09,-3.06551894899257e-15,3.29074775934705e-16,-1.51273390510806e-15,-5.88844803065601e-16,5.89513247245543e-15,6.92348876823476e-16,-1.7261320567671e-15,1.81684479337755e-15,-1.7152764855098e-09,1.44078577647179e-16,-1.64232363249586e-15,-7.65178674975559e-16,-8.95585827230395e-18,2.00296569592193e-10,-2.69437626256181e-15,-3.18712770906674e-11,3.89373013895825e-16,1.56217173286086e-15,-9.9575960236355e-16,-5.46997558944464e-16,2.83032124818908e-16,-1.36323515213578e-15,-1.03580817038138e-16,-1.1692570128138e-15,-3.18079917834952e-16,6.06512987486115e-16,-1.08692173315827e-15,1.73175521443309e-16,-1.69559600342356e-15,9.71143215161807e-16,-1.23173092138793e-17,-2.2024173426527e-15,-8.31829492551626e-16,2.14648702494295e-15,-4.11728672637879e-16,1.3280536336729e-15,-1.3387728425851e-15,4.33900050038933e-16,3.60039448561452e-16,-6.76241530982955e-17,1.7694692358305e-16,1.56016307339906e-09,-3.50879921425876e-16,1.68336743010027e-16,-2.40845251682849e-17,-3.09155511908837e-16,1.12887046933868e-15,-3.38231228082044e-16,3.36943372686892e-17,1.57131729241474e-16,1.61540176771968e-16,4.59482792404797e-16,-6.09430041154102e-16,9.67093525174917e-16,-1.17071782528576e-16,6.26339694200756e-16,2.5049674518949e-16,-8.64660215133951e-19,1.75454813689081e-16,-1.8331084248331e-07,-3.08307904231966e-18,3.53726335473448e-16,2.67953693850807e-16,-9.43062216615951e-16,2.02066301033678e-16,-1.80324590538873e-16,3.17956321756515e-16,5.57292453219543e-17,-6.74033177064569e-16,4.67387524669714e-10,-8.04085296957019e-17,-2.33342221784368e-16,5.17094281700595e-16,4.50871958610812e-16,-5.3374211398181e-16,-4.03524754611388e-16,2.97531024875924e-16,4.11479031169236e-16,-6.83516940611832e-16,-1.85450645695361e-15,2.77330129077568e-17,3.81499421208925e-16,6.61810145595436e-17,2.19304275015697e-08,-2.43295785718807e-16,-2.59124963649501e-17,1.97707666443504e-16,-1.4810201676152e-16,-6.53738431169182e-10,-3.78542616734459e-16,-3.95136642639586e-16,2.63650200323067e-17,-1.92517671047323e-16,-4.31421106871971e-17,-1.20857707921274e-17,-2.13998834563856e-16,-4.42550407457821e-16,-2.31008774796208e-18,-3.1838227959549e-17,1.22990229445317e-16,-6.28894248901511e-17,-1.41892712888432e-17,6.2218241895015e-18,-9.48934595833395e-19,4.18337673599738e-16,-2.72838420962558e-16
"t525",0.0396564975743429,-0.0137752007006384,-0.0152565797538493,0.00106281869564941,0.0123943405355768,-0.0512502186874571,-0.00790544964169397,-3.10892837573443e-05,0.097483098126227,-0.00619189204387836,-0.013453001933644,0.00115316280059101,-0.00257047962746856,-0.000578968818120447,-0.0189382388260843,0.000589863257262097,0.00044322667642497,-6.04282773273908e-05,-0.033569502320874,-0.0604877711440755,2.70397890684747e-05,-3.76059584646353e-06,0.00016813875977398,2.06495488753837e-06,-2.92476413342197e-08,4.72388503913484e-05,-0.000588398239690957,-3.37463165521121e-06,-3.26415719881258e-05,0.000794810409064936,0.000188103635876131,-0.00521183248258246,-3.69227236702001e-06,0.00543090644477484,-0.0442115244756204,0.000352408907600394,1.02238279516163e-05,-1.66786145432111e-05,-0.00183747724044067,-0.000379114821852233,-4.83067957485236e-05,0.00111818740135407,-3.36407957476993e-06,0.000223707569094759,-7.94437925405456e-06,1.59820396132012e-06,-3.13614734585846e-07,5.0083724823432e-06,-0.00117279358681666,0.00107610311255641,1.13000733591124e-06,-3.24302569413015e-07,1.25435536046176e-07,1.6434201157052e-08,-0.000497009344451136,-6.31934929933328e-06,-1.31545704564709e-06,-1.6502357849946e-07,1.54472527016103e-06,5.41384116052937e-09,3.25226009948535e-08,-3.02555000305521e-06,2.7013173207061e-06,-2.22574070586398e-06,4.56507439363527e-05,-1.7891431295547e-06,0.274084534645144,0.00015962433424876,-2.8686861411658e-05,9.49740699645196e-05,-5.21348301826133e-07,1.38207025302591e-06,-4.79232054289963e-06,-3.15024617290408e-06,1.3270149661529e-06,1.35191550386183e-05,-1.165186369773e-05,1.76035189690764e-06,-0.000538406648508351,-6.89210313378125e-05,4.79097595322721e-06,0.000381973233122976,-0.000705603992278818,-2.35947516986985e-05,0.033275652737899,8.57919699625705e-05,-0.000141891309290467,-0.132194160886149,1.96639950257458e-05,-0.000215319361022856,0.000616618114815714,-4.22050901336887e-08,-2.66276038626631e-05,1.39601030954561e-05,1.32164842913586e-06,1.36567448793756e-06,1.59526274279123e-07,-5.68316578075954e-07,5.04388506437662e-06,-0.000484871931903573,4.45569894963792e-06,-2.77884058880537e-08,5.48423525540186e-06,-9.40329319422464e-07,8.67283239047628e-07,-2.06664833003853e-08,3.79864710565783e-06,-4.2729916356659e-09,3.65179152596895e-06,-5.3228316329243e-10,-1.22638866317751e-08,3.87050756145771e-08,-1.42004207910572e-08,5.84390161713626e-08,-6.89700675017348e-08,9.66525305519591e-08,-1.14511302585316e-05,1.40237465039333e-05,-2.33962071015742e-06,8.89089510943239e-07,-5.24999171525076e-07,1.20191888195255e-06,-0.000136060364321819,1.06964775987434e-05,6.08149764736994e-08,-1.81161255689873e-06,1.89366603314811e-07,-4.78520227930009e-06,5.00137626031473e-06,0.000174223792848124,1.29843781043286e-06,-5.18515867482757e-06,4.20607122328759e-07,2.78610963457946e-05,-1.19110998397662e-08,7.93630326731119e-06,-0.000288007429056096,-1.12869186750572e-06,0.00259829092333927,0.000637003165100444,0.000105765337594646,1.54296932810403e-06,-3.71630514456207e-06,-7.67282493770618e-08,-4.31721894893916e-10,-2.25362799761563e-06,-5.31463884769714e-07,5.10201899758895e-05,4.21105767778372e-06,-2.10206660737241e-06,-3.11714409564413e-06,-0.0450266265784945,3.67806631484838e-06,-0.000411019563163241,1.79756897008066e-07,3.19413414805499e-05,-1.59853662122264e-05,2.39661710275147e-07,7.84967187621659e-06,9.00691663859659e-08,3.38140940652136e-08,-3.48292821815962e-09,-3.39329749237839e-07,-5.18076189256888e-08,7.32937932338541e-08,-7.05076223765569e-08,2.56731301108776e-05,0.00173338659502779,-1.0406268392615e-05,1.10863168499873e-07,-2.33087887151671e-07,-4.16772331613482e-08,5.62839137263157e-09,2.07751375791752e-06,3.90262285759333e-08,8.05324567541004e-08,3.55174791194403e-09,-1.50984908485656e-07,-7.0401848326868e-06,-8.01396088493541e-07,3.31129206075804e-06,9.72466866515701e-07,-2.11595860646503e-07,-8.83499778457476e-10,-2.82947535321232e-08,-1.47675093435565e-08,-0.000131705592936784,0.013420177398039,-0.00249952292017837,6.31395480720778e-07,1.35230952247209e-07,0.000157234763472449,3.1038750881683e-07,6.69774121705686e-11,7.54840435686524e-09,-1.95819854026772e-05,-1.19088518064396e-06,-2.07588094609543e-08,2.37730672116665e-05,4.73608096596396e-07,1.11636765552641e-06,1.70349438404499e-06,-3.65339250148875e-08,-2.38065668926961e-06,-0.000905803919543946,4.93698942517033e-07,8.10386822686248e-05,1.59731000151479e-07,-1.24430494201465e-05,-3.11309441907219e-09,-6.81301630150725e-05,-4.49227381267695e-07,-1.55500425806538e-06,-0.0007108385840647,3.99890428083937e-07,3.87416629768426e-08,7.52959619301904e-09,5.36527243958172e-09,-1.90322208692472e-06,-8.64299870337022e-07,-4.02389722233871e-07,5.0114880105972e-07,1.11189052537325e-07,4.75225811645705e-07,-1.44031849790215e-06,-8.24446264749749e-08,-7.81512349346517e-06,-4.44704029250896e-08,-9.68546555167366e-06,-3.16779075666103e-06,1.71406710949729e-07,3.55117796171546e-08,1.08196318534538e-06,3.99178844505748e-07,-2.29290655651925e-07,-4.12777722345953e-09,-1.82013803939421e-06,-8.33057353713719e-17,-1.71950239591516e-08,2.45704842164081e-07,-5.01362977720601e-08,-1.29128517262408e-07,-1.73992513556252e-06,2.40628870635568e-08,-3.40851143656767e-07,1.51601928120109e-07,-2.91006620320487e-07,7.599936711546e-05,-3.79966723929656e-08,1.53487739096995e-05,-1.00128784930916e-08,1.10173143318127e-06,-9.38528720090955e-06,3.99475928083592e-09,-2.6294396770609e-10,1.25755145955917e-08,-1.19623756908149e-08,1.88431786338553e-07,4.83013485341574e-06,-9.20461567794507e-07,1.81812321650252e-07,-3.31768972436935e-06,3.89607832801269e-06,-2.377513504421e-07,2.46421879176796e-06,-8.35828209451086e-07,4.09522158856981e-09,3.63732376249819e-05,1.81408942628261e-07,0.00373402104716443,-4.65538933020113e-10,-6.04610182513428e-07,5.75053928692944e-08,-9.10950849763743e-08,1.44973506643067e-07,-2.81486131590813e-07,2.20783579106901e-07,-1.62516960200819e-08,3.15857566425654e-06,-1.37754376656725e-08,2.27005676137064e-06,-2.32112854242536e-16,-5.63046147629399e-06,-5.60823591778125e-07,-6.02010667423817e-12,-5.33584664532061e-08,7.9518626543371e-08,-4.96364878930276e-08,-1.4147316130717e-08,1.84799180633012e-09,-8.46461338144443e-08,3.22769619662177e-06,0.00291451680702284,-8.44126052467081e-09,5.24351560514727e-06,-0.000134212252755197,3.45859195525348e-07,-7.11308166131936e-06,1.04130041275177e-07,1.82123112547514e-07,2.81166490317445e-09,8.16154969356196e-06,-1.22797362711779e-06,5.60395874408283e-09,-1.8579674588576e-06,2.40150769301684e-07,-9.08477055720557e-07,4.03592783966844e-06,0.0106265958126545,-7.03671197083639e-07,1.07898335714148e-07,7.14057667804078e-08,1.18987134842988e-08,-1.01631121294637e-07,0.00130219099344259,1.1663470711238e-06,-6.59552392905664e-06,-8.14086407809476e-17,8.52781611544142e-05,1.62240570666231e-07,-2.5230364665129e-08,8.14480302878984e-05,3.51059040596899e-09,2.1444471057177e-05,5.16097435167416e-06,-7.04034304130573e-07,3.13460400946874e-06,9.30044022497296e-17,-2.63714507202423e-05,-2.15288237488522e-09,-0.00244412868916874,1.6746150711076e-08,7.13198667919191e-07,-5.76042837650098e-05,-8.60320512280046e-06,2.39151988562724e-06,-2.62126657214995e-07,1.82194863039638e-05,-6.26434609385668e-08,-6.2429643231822e-06,-8.5653344441528e-09,-1.40519099714421e-09,-7.04412374859925e-05,1.04052583375097e-07,-2.14493420175145e-05,4.90750853776308e-16,-7.53430916270646e-07,6.35446671135107e-08,1.83266976521084e-09,2.07410815185174e-08,-3.29278355775212e-05,-0.000339016028011179,2.30206101789471e-06,-9.45113525875285e-06,-9.98346764990299e-06,5.37974921922938e-15,-0.113019317607789,1.69626269887589e-06,0.000125314830003135,-4.06154895329202e-15,-1.28847855767208e-05,-1.48241181809358e-06,2.16309303617099e-07,7.97437701646835e-05,0.000218105087494418,1.07865882742625e-05,3.27401480977991e-06,-8.38403530949399e-06,-5.95819808021012e-07,-2.95530350456685e-08,-5.77389165415898e-06,-1.73588548741495e-07,-6.70143604317239e-17,5.24613394019827e-08,-1.86210745123934e-06,-7.36289508939792e-07,4.1021059797984e-06,-3.58928198868781e-16,6.69206037848067e-08,-1.0082573864245e-08,1.0870993555956e-06,1.58838667515352e-08,0.00054125192920721,-3.90759896436889e-08,4.81188550313976e-07,-1.98458055233538e-06,-6.93327219893534e-16,-5.74961632934617e-06,2.67578432734629e-08,-7.47770844884727e-08,-7.62574652816732e-06,9.98377208688846e-09,1.24316223549705e-08,-1.12583553590895e-15,-2.96795557615051e-15,1.05365488620265e-08,1.13303713283273e-08,-1.48226296826182e-09,1.43773322110885e-05,-8.97330192886661e-16,6.27122071777256e-07,6.96502210782903e-09,-4.43633620317208e-15,-2.83326450633892e-17,-9.56218465995033e-16,-1.13606258549538e-05,-3.14142408062542e-08,3.21156115267643e-08,-9.0700105664123e-07,-1.27663767267554e-07,-2.18040725805028e-08,9.37140527326353e-09,1.10705109797275e-15,1.72601208686711e-09,-4.53946498736517e-09,3.48498624714074e-15,-1.04502256087955e-15,1.89725195399916e-09,-0.288721281481831,1.3326420521168e-09,-3.02749398443703e-07,-1.10800459872954e-09,9.87779913650326e-05,5.273854857103e-15,1.20449263974954e-08,-2.05519505679204e-15,3.81045291534945e-07,4.85793046414718e-15,8.6983681137214e-10,3.55344423112553e-17,-3.26370563703429e-09,-8.42983744661612e-10,-2.81063073255485e-08,-3.60926500056085e-08,-1.5464803475998e-09,1.54300349886486e-10,-8.53437576501898e-10,-3.48753704971505e-10,-9.41735264047819e-07,-2.8141374112578e-09,-1.1404555666161e-10,1.29949254447618e-10,-4.87714505064642e-08,-2.19253247450068e-09,-9.89557506970599e-11,5.18731466139186e-16,1.73341415459663e-09,-4.30276845319131e-10,4.12927151887048e-10,1.37350481549044e-15,2.0440758523225e-05,2.90997547914659e-08,9.9937471193466e-09,-1.16629432536994e-16,-2.5134173775947e-09,-1.66344225900707e-05,-9.34197421609939e-16,-1.91858798719412e-09,6.55435880933352e-09,-7.93287842085791e-17,-5.3684429920464e-16,-6.9168253840921e-10,-0.000290886900916349,-1.88498869924569e-06,-3.30513015322446e-06,3.03397358757711e-08,8.11040656607843e-10,8.45113407949454e-08,8.72531249329612e-09,-2.46961522624977e-07,1.88271707252108e-15,4.78061711161325e-11,3.28086231996269e-08,2.4953236231362e-05,9.63086592186092e-07,-2.84247018778543e-14,-3.91375378552206e-16,1.44452316013908e-07,-2.43833816675771e-16,1.31280262970832e-15,2.17560567268994e-08,-3.49677942084396e-08,-6.55967431159768e-09,-4.69017791841356e-08,2.23013930851323e-07,5.87803491693067e-08,7.98148454885473e-08,8.577584407973e-16,1.99405445403135e-06,0.300105974500175,-1.21138515632097e-06,1.761695637353e-08,-2.24109318011298e-08,1.40958959851443e-15,-4.07317572771187e-15,-9.9591169196948e-16,1.98131474956107e-06,1.95048414511758e-10,1.21349589534419e-08,-2.27168488735462e-15,7.75010498734436e-11,1.62459258892939e-15,7.25486388202329e-16,1.46902132977938e-08,-3.7359451904931e-09,1.14166488762724e-15,-3.94972630104411e-08,-5.93841178331429e-10,-1.01769817867472e-15,1.59758802107102e-09,-1.14229581113306e-16,6.91273329414515e-08,1.02574346085145e-15,6.97651874592841e-08,5.80629528834545e-09,2.12409397467297e-10,2.12602060137822e-08,1.50240915859554e-07,-7.87221431813347e-10,2.69053920010034e-08,1.00823557642468e-16,1.76672933294889e-08,-1.00704718983067e-09,-7.8007325715459e-16,-1.34376089462304e-10,-2.80006598710292e-09,6.63117612781868e-10,-7.06593232097061e-17,2.25683876694964e-09,3.01732000721535e-09,2.97637255337698e-16,-8.48953993137043e-08,-6.48711986706892e-08,-9.07085518737586e-11,-3.48852407334255e-16,4.6695179412722e-16,1.70818551914514e-09,5.57626655639592e-08,4.52956541111898e-09,-7.55186088399759e-10,3.63083883552028e-08,2.23318961799976e-16,-7.30834441415894e-16,1.33652872110362e-07,4.02528362962003e-10,-4.11827263430963e-16,3.28018031026352e-07,-1.43379572474401e-16,1.6534031139374e-09,-3.18546595976267e-08,-7.84967782796929e-05,-2.22566254053166e-06,-9.16167847464664e-17,2.98075457115204e-16,1.71123017531247e-16,-7.75191607312882e-17,-1.99495572217854e-10,-6.94342267541798e-10,2.78655073956594e-16,7.71279891953617e-16,1.10835856884222e-16,9.89073001334246e-10,8.93340364288681e-12,-4.98600386280269e-10,-1.92122634298847e-16,-3.21899625010946e-16,-6.2753621743461e-16,-2.23812095598528e-08,6.85949626572815e-10,1.61901443957709e-16,1.22549122736609e-10,-3.22991835980956e-09,1.29521559050639e-17,3.50490573121861e-16,-2.36112554998911e-07,-2.32840356204227e-11,-1.18426089707178e-07,-2.22786046894544e-16,1.30802723715662e-09,2.13528407963861e-08,2.33043840012496e-08,-8.92499766127989e-08,-5.33671758140713e-09,8.82096296053445e-11,4.05218526559107e-16,-5.99749057318242e-16,-5.37599005024599e-16,1.93996102445918e-09,-1.76719385801272e-09,-0.000148793056403099,-6.20572569376286e-10,4.59643270347284e-16,6.02751909033938e-16,5.62809634855422e-16,1.41800297608838e-16,-9.36212522418302e-16,5.74452404938799e-09,-3.18604107390087e-16,9.99609423515899e-16,-5.6532861186272e-07,6.49674461002317e-16,-7.91135309975783e-07,-7.59611797623158e-15,-0.0256455288172454,-1.14407223321966e-16,2.08255208454199e-06,1.10846097434438e-09,-2.21313584198236e-10,-1.62459220142364e-15,4.04069445636996e-08,-1.07079821927104e-16,1.17575029281186e-08,-2.39983249092086e-09,1.33653125202443e-11,-6.84295978625476e-17,7.72805506164366e-08,-9.02264671246861e-16,-5.85467329645102e-09,-2.99436680130189e-09,1.39868903306643e-16,-1.94723949301508e-16,1.25547937604962e-15,5.69277041045744e-17,-4.65803040532242e-10,-1.39282144092224e-08,-3.12502660674876e-09,-1.20379513055285e-16,-1.00144958869769e-15,-3.24157014241837e-10,2.64469663226533e-09,-2.03583745976925e-15,-4.12001889366499e-16,-5.23970062418765e-09,2.20145854776115e-16,-9.23842467982817e-07,8.63485831945248e-16,9.0725044382245e-09,8.5944254242337e-17,4.2798765153002e-16,4.69281698199437e-16,-1.09409160010277e-16,5.18065828858877e-17,6.24214789790079e-17,1.62599498704466e-10,-1.1357336643038e-09,2.88697312681742e-16,-7.261371818371e-10,2.99530346174943e-08,-1.32827207021804e-15,1.24273030943686e-16,-1.48405629287716e-15,6.08929092999943e-16,2.27232866388654e-07,3.85559621521715e-09,1.40880222873257e-15,-9.41361921562723e-16,-4.52449447727184e-09,-1.45380703473014e-09,-2.16102035821024e-11,1.0841951116708e-15,-1.32731322004981e-17,-1.88729295048743e-16,-1.64495171519995e-16,1.34094873863161e-15,3.44415909152461e-16,5.0947904739544e-08,-1.60481463029509e-08,-7.55426663239882e-09,-6.88570902855053e-17,-3.0451338001554e-15,-4.55784091105639e-15,-2.11678946561275e-15,-1.12924322876432e-15,3.45534936994047e-15,1.53801353063228e-15,2.23000165630161e-15,1.13914954971096e-15,2.23308962648258e-15,3.94469752648089e-15,-1.01741827289645e-16,1.05934107525386e-15,-2.90755892632196e-15,-1.16820772124964e-10,-1.78445734835057e-15,-6.47256011707639e-15,-6.05341352635891e-16,-2.28202705207675e-09,6.30135569391654e-06,-4.63077753479736e-16,6.60169275290894e-11,-3.38866974120986e-09,3.06598672252093e-15,1.23134125587864e-14,1.05174688482901e-08,-1.3080479415165e-14,-2.69005687542633e-10,3.64442946872362e-15,1.92741902369658e-14,-2.27638984159241e-16,-2.31539148212522e-14,-0.833200986677385,-7.0058943265201e-07,-1.93910476730368e-14,-8.31761211663338e-15,-6.83276622458034e-16,-1.3795083767532e-14,4.06207185943419e-15,-1.02218661049538e-15,2.49218819240524e-15,-1.09072859998318e-15,2.91396889694415e-10,2.86099747163188e-16,2.43102522197248e-16,8.6995684182769e-16,-1.19100313120908e-15,-3.944741744816e-16,8.30869939150212e-16,-5.75534859950918e-08,9.44807024115053e-16,1.49971017020026e-15,3.83598880836735e-09,-1.86550689502786e-15,6.90302015617818e-16,-4.91190385816572e-16,7.98883257028426e-17,2.80684876114045e-09,-3.54617374529692e-16,-1.89495170489523e-06,-5.00889969668047e-15,-5.99197986259298e-16,1.97029551938415e-17,-4.21614884660564e-17,1.37694263382222e-16,-2.66111442372289e-15,3.19597764962602e-09,-7.0735071904045e-16,-2.02226860137902e-15,3.95259565763955e-10,-3.90322409508445e-07,-4.25750128787133e-16,6.61137350398227e-08,8.94405074884901e-08,6.43263039140681e-16,8.79682795886586e-16,1.41264052544138e-15,3.80396901366866e-16,-2.08335860803527e-16,-1.41951307658181e-07,5.62297731963847e-17,-5.50827091581453e-17,-5.58958775080255e-16,5.61945851590111e-08,9.00321893790878e-17,-1.72961036043293e-15,-1.00247286862024e-16,-1.13516067774743e-16,-2.52649021027661e-08,-7.51869710084189e-16,7.42110162073262e-11,-7.96588158862469e-17,1.05642711355461e-15,6.04275736996155e-16,-5.49544702391056e-17,4.27353730868037e-16,1.26484947080349e-15,3.75700807160625e-16,-1.26542672436529e-09,-1.07010340535874e-15,9.89759583820721e-16,5.29990363447774e-10,1.12378234949284e-16,-5.61253437429845e-16,8.20745795970344e-16,-1.41011055597771e-17,-7.88106429790136e-17,4.04255722087516e-16,-3.80109882736204e-09,-6.5264311785048e-16,-1.30578451143591e-16,1.12701042052741e-09,-4.13900944501254e-16,-4.62773478461413e-17,6.51819432108278e-15,8.81504910326758e-17,1.61809254583823e-16,-1.11265432796795e-15,1.99543698622604e-16,-4.3959355894803e-16,4.10824636900416e-16,-6.49153372600937e-17,-3.244307426129e-16,-5.83342887498551e-10,1.93168201364564e-09,-1.29180329250111e-16,5.18914650754266e-16,-6.21064792655071e-17,-2.4704061202138e-18,1.11889664200504e-16,5.21485123282114e-16,1.17994217002231e-16,2.56776196385495e-16,-1.82899552031513e-09,3.39271098992159e-16,-1.69755018693624e-16,-7.46119898066345e-16,2.29504857418002e-16,2.11892947841442e-10,-1.55832148943892e-16,-3.34431205951627e-11,-9.14697103857364e-17,6.70387793887129e-16,3.98965765073342e-16,-1.43411742337557e-16,7.08153643944139e-17,6.85432505730224e-16,-2.33647560188682e-16,-6.43462446782498e-16,-1.73718448479192e-16,3.61371483679363e-16,-1.01263214992393e-16,1.22119543807515e-16,-4.81300853199226e-16,1.78136118513764e-16,1.01479424548664e-16,2.1392492542234e-16,-4.83038292139429e-18,4.90852301179087e-16,-3.71261177387848e-16,-3.95482386497888e-16,-4.57858577440629e-16,1.26869022765125e-16,-9.55710891938362e-16,2.4630972088176e-17,3.51237430282571e-16,1.59844683777916e-09,7.11134532048203e-17,-6.39162440881509e-16,-8.81066474926274e-17,-1.72515129168145e-16,1.46252751157028e-15,-9.42006655398788e-17,8.03699057520852e-16,1.66022910411512e-17,6.79639189269463e-18,-1.19564218808943e-17,3.11491284155085e-16,2.92930526849542e-16,-1.12867358973401e-16,1.43472538739444e-16,1.09472775464151e-15,-3.84646065658809e-17,-6.83836120698284e-17,-1.85531875598448e-07,9.95288283291245e-17,3.74946516779272e-17,2.01542824545219e-16,4.99182312633337e-16,2.99186196592383e-16,1.90437098967034e-16,-1.54717310844254e-16,6.16535870454116e-17,3.87884268335242e-17,4.68273985851139e-10,6.65142031854184e-17,6.23405472588565e-17,-8.02729590235746e-17,1.3277311296275e-16,2.02653370040985e-17,-1.6382473916987e-17,3.57637405440761e-16,4.93489490489929e-16,4.82154403494844e-17,-5.61537665190077e-16,1.54596260812558e-16,4.24539843808386e-17,1.37648334231229e-16,2.17909715386864e-08,4.14491730043281e-16,-6.23185625669469e-17,3.88632684338576e-16,-1.2641797331181e-16,-6.47429198209433e-10,1.5165632067488e-16,-1.03328284674132e-16,3.05331414757854e-20,4.13891821872377e-16,-2.15918943317959e-16,3.58218714548062e-17,5.83906462174034e-16,1.34290670691743e-16,2.75803468311649e-16,7.01962303993623e-17,-1.09432144894883e-16,3.37282998731355e-17,-1.66897528317817e-16,9.11106505928028e-19,1.29675469566565e-17,-5.93947970546196e-18,-2.62890761638905e-16
"t590",0.0396583992395401,-0.0137765916313999,-0.0152581700073997,0.00106296708570057,0.0123964582148873,-0.0512604869563061,-0.00790706453622047,-3.10961377809376e-05,0.0975084628682203,-0.00619384370842446,-0.0134583734706641,0.00115372915370641,-0.00257177864651991,-0.000579265793110079,-0.0189483722223587,0.000590197311151567,0.00044348361683148,-6.04639357532914e-05,-0.0335897650782848,-0.0605273985280496,2.70589314956706e-05,-3.76380072906282e-06,0.000168289958312779,2.06682223409353e-06,-2.92741925615823e-08,4.72837454765421e-05,-0.000588963949565139,-3.37790480408381e-06,-3.26740669646989e-05,0.000795741976121499,0.000188338438927291,-0.00521862789665733,-3.6974261983483e-06,0.00543883811289484,-0.0442793095568567,0.00035299123759511,1.0240930580921e-05,-1.67069461218246e-05,-0.00184061916108296,-0.000379772452310306,-4.83929303673319e-05,0.00112022812630238,-3.37030795117513e-06,0.000224122239474344,-7.95935441899598e-06,1.60140282719817e-06,-3.14253699036562e-07,5.01866137679973e-06,-0.0011752586458603,0.00107842053373034,1.13251906709854e-06,-3.25033925788873e-07,1.25719010146289e-07,1.64720070786398e-08,-0.000498192317770015,-6.3344670124896e-06,-1.31889272860856e-06,-1.65464561028558e-07,1.54886429689522e-06,5.42915492912025e-09,3.26182880701234e-08,-3.03462240424244e-06,2.70954130080259e-06,-2.23254254048359e-06,4.57941706814311e-05,-1.79490266306966e-06,0.275013773284207,0.000160177832193509,-2.87873590455506e-05,9.53129202154492e-05,-5.23386492972175e-07,1.38783412159519e-06,-4.81249960237335e-06,-3.16377289463291e-06,1.3327268296649e-06,1.35778320341016e-05,-1.17026030871044e-05,1.76814151777916e-06,-0.000540874979828339,-6.92414465972639e-05,4.81377755258476e-06,0.000383800285370629,-0.000709102454605454,-2.37129823191594e-05,0.0334499258612675,8.62465897732849e-05,-0.000142652079846135,-0.132904278645676,1.9769677699532e-05,-0.000216478010990187,0.000619950887777315,-4.244271359366e-08,-2.67780733987017e-05,1.40409340970068e-05,1.32961792696034e-06,1.37395883604191e-06,1.60494249444535e-07,-5.71817197459413e-07,5.07512554456772e-06,-0.000487937558972794,4.48433812671347e-06,-2.79672764754556e-08,5.51959428775205e-06,-9.46836992595418e-07,8.73316189884347e-07,-2.0810814504244e-08,3.82536324886413e-06,-4.30310266738989e-09,3.67761399317381e-06,-5.36066499133223e-10,-1.235120652965e-08,3.89834224390822e-08,-1.43026638290949e-08,5.88707397621601e-08,-6.94823481001851e-08,9.73788925823372e-08,-1.15376375921662e-05,1.41312020605811e-05,-2.35779061663992e-06,8.9606395667463e-07,-5.29140860834093e-07,1.21158519374841e-06,-0.000137168112106739,1.07836045551335e-05,6.1311205722174e-08,-1.82657925695953e-06,1.90932666218301e-07,-4.82519521230082e-06,5.0444280038829e-06,0.000175723994127577,1.30964477638822e-06,-5.23078250979381e-06,4.24321843126704e-07,2.81078235425753e-05,-1.20177411699693e-08,8.007465398446e-06,-0.000290649235192931,-1.13923222471695e-06,0.00262314313880942,0.000643100064424774,0.000106781737648784,1.55782765697435e-06,-3.75221007189028e-06,-7.74704871572624e-08,-4.3589851474914e-10,-2.27562497199503e-06,-5.36743386503487e-07,5.15360018815767e-05,4.25381613073882e-06,-2.12361410167253e-06,-3.14912076954132e-06,-0.0454901863166677,3.71601276580511e-06,-0.000415270192187499,1.81656648642612e-07,3.22800702169229e-05,-1.61552970863117e-05,2.42349136115923e-07,7.93880649701477e-06,9.10938802849495e-08,3.42028609823539e-08,-3.52305802283933e-09,-3.4329183039748e-07,-5.24135069478021e-08,7.41620055186791e-08,-7.13530977462177e-08,2.59918181637944e-05,0.00175492944517489,-1.05356392294512e-05,1.12247810601719e-07,-2.36014803055141e-07,-4.22009849973808e-08,5.6998743278229e-09,2.10398628094728e-06,3.95270544001302e-08,8.15677287757102e-08,3.59744738399499e-09,-1.52959456116924e-07,-7.13379092185008e-06,-8.12081561813887e-07,3.35556215710109e-06,9.85571322681872e-07,-2.14455865113002e-07,-8.95476919294916e-10,-2.8679396888053e-08,-1.49701343277416e-08,-0.000133516870989261,0.0136083900008802,-0.00253460025822525,6.40313811913189e-07,1.37175048587573e-07,0.000159528051339493,3.14936969576662e-07,6.79663187707644e-11,7.66046313029897e-09,-1.98773737293983e-05,-1.20891116795718e-06,-2.10753110388843e-08,2.41368349821608e-05,4.81056296757795e-07,1.13394655505203e-06,1.73062530411444e-06,-3.71222599948804e-08,-2.42000758540981e-06,-0.000920778118591095,5.01879870328005e-07,8.23912880538661e-05,1.62410382233136e-07,-1.26545317815414e-05,-3.16685939011551e-09,-6.93218676098921e-05,-4.57115741452105e-07,-1.5827890634431e-06,-0.000723661568662729,4.07105952111159e-07,3.94458782007842e-08,7.66901470085262e-09,5.46496559888202e-09,-1.93924817092497e-06,-8.808683897337e-07,-4.10137031770741e-07,5.10969923684662e-07,1.13377160745038e-07,4.84620553071391e-07,-1.46918711167894e-06,-8.41016519269898e-08,-7.97230307414513e-06,-4.53781612559009e-08,-9.88494028478607e-06,-3.23367653228434e-06,1.74987571490449e-07,3.62570556610175e-08,1.10476712768863e-06,4.07602263753387e-07,-2.34183016931907e-07,-4.21645704252887e-09,-1.85953095110876e-06,3.77341233202271e-19,-1.7571104708747e-08,2.51090012645498e-07,-5.12510239761337e-08,-1.32031117151479e-07,-1.77938683880158e-06,2.4608927767256e-08,-3.48713745277749e-07,1.55108592361812e-07,-2.97746290645943e-07,7.77700869974614e-05,-3.88855432276264e-08,1.57104781195459e-05,-1.02496043907643e-08,1.12781349370532e-06,-9.60909358785498e-06,4.09292117090064e-09,-2.69472731997435e-10,1.28904880281753e-08,-1.22676159255767e-08,1.93246262501828e-07,4.95513871905161e-06,-9.44453596624883e-07,1.86599439434634e-07,-3.40532653862628e-06,3.99934064775179e-06,-2.44082182028498e-07,2.53028828712973e-06,-8.5825557303313e-07,4.20702291580778e-09,3.7366631157923e-05,1.8636561246008e-07,0.0038365220272172,-4.78340502581762e-10,-6.21327171149362e-07,5.90969896615557e-08,-9.3699825269892e-08,1.49133539762434e-07,-2.89586080112984e-07,2.2717765191443e-07,-1.67247704035509e-08,3.25158060345426e-06,-1.41824073042663e-08,2.33729748481055e-06,2.36981150359648e-16,-5.79874423188987e-06,-5.77605203982756e-07,-6.20106936775068e-12,-5.49757912767021e-08,8.1947545362762e-08,-5.11581891157325e-08,-1.45818112143042e-08,1.90607039940899e-09,-8.73103137354187e-08,3.32932619181153e-06,0.0030069030368144,-8.71393884393053e-09,5.41344817218081e-06,-0.00013857163920567,3.57176777107046e-07,-7.35245675209159e-06,1.07675276413621e-07,1.88327908255801e-07,2.90747555122802e-09,8.44768751838991e-06,-1.27244205655088e-06,5.80772720051284e-09,-1.92593111344496e-06,2.48999180747369e-07,-9.4202440533538e-07,4.18773487277139e-06,0.0110268563424596,-7.30242811278529e-07,1.11979782262219e-07,7.41221868396704e-08,1.23542069183999e-08,-1.05544187418106e-07,0.00135245513497294,1.21156002945709e-06,-6.85352367171148e-06,-2.37558902142349e-16,8.88002389543953e-05,1.68977124672975e-07,-2.62863457055861e-08,8.48577232797925e-05,3.65759236128267e-09,2.23441795371037e-05,5.37829824917116e-06,-7.33809555800194e-07,3.26834342285117e-06,3.80487168319221e-16,-2.75193203580079e-05,-2.24682262910715e-09,-0.00255134137496269,1.74811892119464e-08,7.44912076552429e-07,-6.01840508477308e-05,-8.99237277202898e-06,2.50044537186418e-06,-2.74242945424795e-07,1.90730527639063e-05,-6.56034152101577e-08,-6.5393666543933e-06,-8.97320821856252e-09,-1.4724586940365e-09,-7.38152765326748e-05,1.0905517047254e-07,-2.24835564038742e-05,8.88533978983518e-16,-7.90545875063439e-07,6.66888162513882e-08,1.92335313679857e-09,2.17802890410832e-08,-3.45807536052721e-05,-0.000356427545095541,2.42105923650242e-06,-9.94030633197882e-06,-1.05026856495014e-05,5.72961267532059e-15,-0.118929513614598,1.78514746569731e-06,0.000131931455166117,-4.07698126531499e-15,-1.35706987588766e-05,-1.56147929356225e-06,2.27858128319903e-07,8.40101005605625e-05,0.000229814156070838,1.13671718291075e-05,3.45059410842097e-06,-8.83892887777713e-06,-6.28170174130977e-07,-3.1164228866698e-08,-6.09095063611086e-06,-1.83124231626205e-07,-1.00093061918108e-16,5.53838850362558e-08,-1.96609502830191e-06,-7.77627038094594e-07,4.33427777563946e-06,-3.02593203265955e-16,7.07742444144958e-08,-1.0674457763234e-08,1.15146647651205e-06,1.68281088907089e-08,0.000573581369870782,-4.14307028684855e-08,5.106000470613e-07,-2.11016063564481e-06,8.02445038694531e-17,-6.1245254992981e-06,2.85071380679296e-08,-7.96920801618989e-08,-8.13072684193074e-06,1.06452794498689e-08,1.32570510762442e-08,-1.54390389361936e-15,-3.18063767560198e-15,1.12446246297061e-08,1.2099760273514e-08,-1.58304606297566e-09,1.5363995879878e-05,-7.52446881956957e-16,6.71034928312831e-07,7.45708148104815e-09,-4.11824584610094e-15,-2.17229475707492e-16,-7.73847200206743e-16,-1.21856270157011e-05,-3.3703480273508e-08,3.44841561844652e-08,-9.74571678235771e-07,-1.37185806963007e-07,-2.34478744431174e-08,1.00787825643944e-08,1.13602146987596e-15,1.85912782108386e-09,-4.89220873586268e-09,3.57654450123012e-15,-1.72070821562494e-15,2.04905531580204e-09,-0.311984727977575,1.44102598348948e-09,-3.27526191201627e-07,-1.19976899579093e-09,0.000106974475564874,5.07128742177002e-15,1.30470222873111e-08,-1.70999662234281e-15,4.12986458254421e-07,4.70831056434418e-15,9.43155841396807e-10,9.27242958748995e-17,-3.54073912120919e-09,-9.14640690063038e-10,-3.05404419447671e-08,-3.9230838846062e-08,-1.6811659257895e-09,1.67835583721442e-10,-9.28767657601331e-10,-3.79982611090896e-10,-1.0260737428072e-06,-3.06727553564363e-09,-1.24387172869428e-10,1.41860616015898e-10,-5.32823394270015e-08,-2.39676163605907e-09,-1.08204882937313e-10,4.37096027442772e-16,1.89719334147814e-09,-4.71353092590688e-10,4.53513249022881e-10,1.52402211405849e-15,2.24668113219052e-05,3.20208495713341e-08,1.10023734654488e-08,-6.81337694168071e-16,-2.76779162235441e-09,-1.83365795152131e-05,-8.38512622454563e-16,-2.11597882449159e-09,7.25100852374045e-09,-2.45537216438608e-16,-5.15660107504558e-16,-7.66142238474873e-10,-0.000322236800075614,-2.0892318546979e-06,-3.66551032497826e-06,3.36953478520927e-08,9.00853749994262e-10,9.3886254001067e-08,9.7117976838658e-09,-2.75320792317778e-07,2.17046432909873e-15,5.33282050109779e-11,3.66022360547286e-08,2.78488282459327e-05,1.07532370149606e-06,-3.22380826938822e-14,-3.42704850789293e-16,1.61385850215883e-07,-3.08840083025697e-16,1.80599170030663e-15,2.44029963951609e-08,-3.9249733019058e-08,-7.36304074500584e-09,-5.27279386373399e-08,2.50770252029243e-07,6.6099170984215e-08,8.97792217031108e-08,1.02778113684725e-15,2.2502054842307e-06,0.338894297879439,-1.36827366941899e-06,1.99218459679652e-08,-2.53983608751509e-08,1.42625105227719e-15,-5.26092905885207e-15,-1.17717705527685e-15,2.25274236086238e-06,2.22090331174783e-10,1.38189255312309e-08,-2.29791642541302e-15,8.83820719369964e-11,1.58698702521015e-15,1.08396912382778e-15,1.68637590916501e-08,-4.2890827796917e-09,1.31101726696947e-15,-4.54228978399047e-08,-6.83626413504397e-10,-9.52071000340998e-16,1.8430371093378e-09,2.74320104008692e-16,7.99580820092259e-08,1.12120272503882e-15,8.0715319917635e-08,6.71889149388446e-09,2.45846098335212e-10,2.46142597701346e-08,1.74059979861077e-07,-9.14378650866601e-10,3.13684018450569e-08,-5.65825498988581e-16,2.0699412817911e-08,-1.18052067936389e-09,-1.19248584482842e-16,-1.57637598700755e-10,-3.28921008157101e-09,7.79916239099948e-10,8.14853315073747e-17,2.66588122872094e-09,3.56735454116066e-09,-1.07179850012659e-16,-1.0049087534923e-07,-7.68338066824038e-08,-1.07676585708342e-10,-4.82349152732678e-16,1.19296803181272e-16,2.0390033220165e-09,6.67268683947403e-08,5.42297673111877e-09,-9.14787133303207e-10,4.4072104906528e-08,6.00118739760565e-16,1.63174107968272e-16,1.62465307881014e-07,4.89393854262603e-10,-7.52238188380999e-16,3.99795967755399e-07,-1.88874420941788e-16,2.02016971851172e-09,-3.90563001827703e-08,-9.62673895183401e-05,-2.73223782391068e-06,1.84430353670747e-16,3.28765425187452e-16,-7.93970922465105e-16,-2.33965187665801e-16,-2.47215555351705e-10,-8.61130134776791e-10,5.96137050611895e-16,2.6882081208798e-16,3.09450116279444e-16,1.23032152259855e-09,1.11267301562097e-11,-6.23313357993834e-10,-2.45218859094087e-16,-1.47153339860595e-16,-3.85162821775475e-16,-2.83576742989557e-08,8.69546432230375e-10,-5.57918535063294e-16,1.56242537721149e-10,-4.12775385802806e-09,6.45631545429414e-17,2.35340261899813e-16,-3.0350956099516e-07,-2.9945006336132e-11,-1.52848486240063e-07,-7.33497493835785e-16,1.69874826441701e-09,2.78300435238459e-08,3.05298172255246e-08,-1.17783713645303e-07,-7.05729065462787e-09,1.1710462439934e-10,-3.22175684856058e-16,5.4072976379135e-16,8.8782221373617e-16,2.63956832151544e-09,-2.40548336181407e-09,-0.000203237716353085,-8.63714991169747e-10,7.79093582916615e-17,3.46346222343801e-16,3.80101031197753e-17,3.26103623208808e-16,-1.8673327149372e-15,8.1758528550897e-09,-9.49454146409015e-17,4.54451602888898e-15,-8.12379094766266e-07,2.07721000525153e-15,-1.13746516620018e-06,-1.06432536676258e-14,-0.0369051586139816,-1.21031484148218e-15,3.05195143198979e-06,1.63194782992806e-09,-3.2821755203376e-10,-4.14528008047681e-16,6.04882469138512e-08,-1.16258594741892e-17,1.79963043691224e-08,-3.79674439933024e-09,2.11778451084734e-11,6.09871418930423e-17,1.24312737570901e-07,5.19122447650867e-16,-9.66612680582386e-09,-4.95042484551806e-09,-1.74465556922378e-16,-3.31191174133473e-16,-2.09017094287451e-15,1.3105110602581e-16,-7.88756180050195e-10,-2.37443394188492e-08,-5.37049103055984e-09,5.27010491788837e-16,1.49119169555667e-17,-5.81141932294429e-10,4.75104502658044e-09,-7.36235538900142e-16,1.646146655937e-16,-1.00343459227761e-08,-7.29905667137855e-16,-1.7970083082143e-06,1.03491669616919e-16,1.85505323234783e-08,2.52021607502147e-16,-4.05180756585806e-16,-3.63762375448678e-16,4.58789745930115e-16,-2.0677554084464e-16,-1.72488434469639e-16,3.78767346525369e-10,-2.65102533866929e-09,4.99034484394755e-17,-1.79735300873192e-09,7.61850857246936e-08,7.55578419506391e-16,3.6394996389883e-16,3.11164658304521e-16,-4.87966537750427e-18,6.65398407865721e-07,1.17497226019666e-08,-6.84704213778861e-16,-7.56014984174009e-18,-1.4473482913462e-08,-4.6816956639509e-09,-7.12234627072983e-11,-4.70656507907319e-16,-1.60666773836802e-16,6.49913653180221e-16,-8.78782912556118e-16,1.01510009790863e-15,-6.78032134180358e-16,3.12145664917512e-07,-1.09073266389679e-07,-5.78752959584265e-08,6.59307658580018e-16,2.45567042042732e-15,2.87879564356914e-15,1.13172513196262e-15,5.62693708231605e-16,-6.87705512361297e-16,-5.44748110901484e-16,-8.69530743015989e-16,-5.77706735682926e-16,-5.94837536992657e-16,-5.49998481139893e-15,-9.76405563316677e-16,5.3327561866066e-16,6.8085815167339e-16,3.94955302788777e-10,1.46202961364111e-15,2.59841655226019e-15,-7.77140640467406e-17,5.90822016191051e-09,-1.54084631761028e-05,1.217740322251e-15,-1.55917015434351e-10,6.03960917350508e-09,-2.35991785994087e-15,-3.83841371901376e-15,-1.35693605658207e-08,5.43614939276446e-15,2.37271661262164e-10,-1.19878802843518e-15,-9.57492474594371e-15,-1.20768638006039e-15,1.16404519264763e-14,0.390641613395947,3.13346776684967e-07,7.56076265040753e-15,2.3060362474237e-15,-1.30065692378311e-15,5.20665349638306e-15,-3.0370671255664e-15,-1.08249302592101e-15,-5.44725841227996e-16,3.2954774187386e-16,5.20900293013892e-11,-8.42410860863649e-16,-1.60789818279309e-15,-3.08744154420339e-15,8.03462512077771e-17,-3.52860579507868e-15,-1.57529407512529e-15,-1.43408712660924e-08,8.16707777955577e-16,1.86053255565833e-15,1.00066650287158e-09,-5.90561536897548e-15,-2.64910625259406e-15,5.07019630513438e-16,2.68442325697623e-15,1.05356485051498e-09,-6.38538188805071e-16,-7.43339795452222e-07,-1.50755063908835e-14,-8.16044686865887e-15,1.42952426343111e-15,-9.03613392878172e-15,1.00046500298028e-14,3.61408894966428e-15,1.35555483458035e-09,-1.49815815758019e-14,0.707106781186548,1.76508020257922e-10,-1.74689303950978e-07,1.62611581353652e-14,3.07689197945373e-08,4.21050862388147e-08,1.21141441488682e-14,1.27475038198272e-14,-2.15273212791259e-15,1.42300633631479e-15,2.11785357637032e-15,-7.65698822707966e-08,-2.5715485057867e-18,-4.29471241734995e-15,-7.54762658116786e-16,3.11520631463611e-08,1.61088758433345e-15,1.78049464347347e-15,1.14190711012918e-15,-3.03991220344746e-16,-1.44702523714237e-08,-9.51414538645158e-16,4.29006690952561e-11,5.25467358317907e-16,-6.3947106047073e-16,-2.79843395440472e-15,-3.81634639226755e-16,-1.72533744108694e-15,3.33701632643657e-17,-1.73577617244411e-15,-7.65009821416839e-10,-4.13545929294828e-15,-3.87466425257137e-15,3.23618647891437e-10,1.97103467717124e-15,-8.20390054684507e-16,6.75870764960027e-16,-5.75314471479199e-16,5.28007084393067e-16,1.26780688896378e-16,-2.38915333518691e-09,-3.69285706253163e-16,1.39787111331978e-15,7.16854735168154e-10,-1.76336384619545e-15,-5.62515350461948e-16,-1.15699687314767e-15,2.03372114103364e-16,1.68414187933051e-15,3.31453341116706e-15,1.12089857637493e-15,4.77077404617487e-16,-5.79170444329151e-16,-1.29061926226277e-15,-9.45616123611325e-17,-3.85860213395281e-10,1.28318972548204e-09,8.4722863683541e-16,-4.44779998109013e-16,1.13303067199382e-18,-1.40550140964432e-16,2.50125441192406e-16,-9.434310968602e-16,1.83310891594968e-15,1.84638074526817e-16,-1.2406279260809e-09,-7.45346230275593e-16,-1.18518236320332e-16,1.11455959235832e-15,2.37597013136329e-16,1.46072356390673e-10,1.57632607188794e-15,-2.34439458739401e-11,-5.08164164898918e-16,-4.10204271612861e-16,2.91624919977443e-16,-4.25324486970235e-17,-9.53841307588728e-16,4.44490162899571e-16,-2.84702250649179e-16,2.65982259401471e-16,9.87839126205943e-17,-3.7780338478641e-16,6.98821424897844e-16,1.66362045534217e-16,-5.72637757248919e-16,-2.47504643469749e-16,-9.48258692405323e-16,8.82799733028325e-16,6.75659531782822e-17,-3.91236355836614e-16,7.62347426235202e-16,-3.72087535803506e-16,2.76037873114809e-16,-1.58393860521242e-16,6.79606191328815e-16,6.76503843205925e-17,-2.99884395419797e-16,1.17871795617798e-09,2.40052320642775e-16,8.84214078410192e-16,-1.59444053754336e-16,2.42010608974737e-16,-6.76307619808315e-16,-1.82621430127554e-16,-1.26265740210016e-16,-6.94470457385418e-16,5.22322570763884e-17,-1.938692570703e-16,-6.08779519850611e-16,-2.38339345258233e-16,3.45883671268368e-16,5.20763341627879e-17,-1.32266451691862e-15,4.38644086835119e-16,-4.03086840040393e-17,-1.40542956684301e-07,-1.96868517067599e-18,-2.24807008825718e-17,-2.54277060100732e-16,-5.31519641151943e-16,-6.93410875110192e-17,-4.22325901332666e-16,2.69450547196831e-16,1.52019648399938e-16,1.44036567652355e-16,3.63072770835008e-10,-1.06491697387399e-16,-1.98527803245465e-16,-4.35255251258691e-16,8.07924474052106e-18,-8.34659279621279e-17,1.6635120914358e-16,-6.17793537683882e-16,-3.57322444526604e-16,-1.72788281595356e-16,-1.16333845252772e-15,-1.27053560963186e-16,-3.59006561353005e-17,-2.73002322762122e-16,1.72337475985577e-08,1.90183891056707e-16,-7.35948476157796e-17,-4.40744980357184e-16,-2.65629532258949e-16,-5.16267371850255e-10,-5.19531773794142e-18,5.17800647641928e-16,-1.25654289941942e-16,-4.31267061132137e-16,-4.76964602615337e-16,-1.1131257874643e-16,1.61426673883065e-16,-3.37383405291474e-17,-2.96653928252792e-16,-6.13582810414701e-18,2.31665345315776e-16,1.15609963591111e-16,-5.30025005981028e-17,-1.1747181430246e-16,-1.70012565991425e-16,4.53294956001702e-17,-3.46205673981543e-16
"t591",0.0396583992395401,-0.0137765916313999,-0.0152581700073997,0.00106296708570057,0.0123964582148873,-0.0512604869563061,-0.00790706453622047,-3.10961377809376e-05,0.0975084628682202,-0.00619384370842445,-0.0134583734706641,0.0011537291537064,-0.00257177864651992,-0.000579265793110077,-0.0189483722223587,0.000590197311151567,0.00044348361683149,-6.04639357532843e-05,-0.0335897650782848,-0.0605273985280496,2.70589314956686e-05,-3.76380072906639e-06,0.000168289958312784,2.06682223410221e-06,-2.92741925557276e-08,4.7283745476542e-05,-0.000588963949565133,-3.37790480407069e-06,-3.26740669647067e-05,0.000795741976121507,0.000188338438927291,-0.00521862789665732,-3.69742619835524e-06,0.00543883811289486,-0.0442793095568568,0.000352991237595116,1.02409305809531e-05,-1.67069461218286e-05,-0.00184061916108296,-0.000379772452310303,-4.83929303673239e-05,0.00112022812630238,-3.37030795118533e-06,0.000224122239474349,-7.95935441900162e-06,1.60140282719481e-06,-3.14253699035382e-07,5.01866137679709e-06,-0.00117525864586032,0.00107842053373035,1.1325190671039e-06,-3.25033925790374e-07,1.25719010144641e-07,1.64720070526189e-08,-0.000498192317770003,-6.33446701249193e-06,-1.31889272862439e-06,-1.65464561019356e-07,1.5488642968769e-06,5.42915493760413e-09,3.26182881052988e-08,-3.03462240416468e-06,2.70954130083296e-06,-2.23254254044316e-06,4.57941706814937e-05,-1.79490266307531e-06,0.275013773284207,0.000160177832193573,-2.87873590455344e-05,9.53129202154681e-05,-5.23386492977165e-07,1.38783412163227e-06,-4.81249960240442e-06,-3.16377289468601e-06,1.33272682952546e-06,1.3577832034065e-05,-1.17026030871313e-05,1.76814151772705e-06,-0.000540874979828372,-6.92414465972278e-05,4.81377755257718e-06,0.000383800285370624,-0.000709102454605504,-2.37129823191607e-05,0.0334499258612676,8.62465897732556e-05,-0.000142652079846312,-0.132904278645677,1.97696776995236e-05,-0.000216478010990187,0.000619950887777344,-4.24427136370281e-08,-2.67780733987163e-05,1.40409340969672e-05,1.32961792697223e-06,1.37395883602238e-06,1.60494249496158e-07,-5.7181719744401e-07,5.07512554456869e-06,-0.000487937558972905,4.48433812673872e-06,-2.79672764862989e-08,5.51959428762755e-06,-9.46836992620378e-07,8.73316189865376e-07,-2.08108144433722e-08,3.82536324872863e-06,-4.30310264047225e-09,3.67761399317868e-06,-5.36066529165623e-10,-1.23512065169199e-08,3.89834224177867e-08,-1.43026637779973e-08,5.88707398659051e-08,-6.94823477600683e-08,9.73788925090733e-08,-1.15376375921083e-05,1.4131202060583e-05,-2.35779061664635e-06,8.96063956779222e-07,-5.29140860955188e-07,1.21158519372688e-06,-0.000137168112106686,1.07836045553334e-05,6.13112056960718e-08,-1.826579256981e-06,1.90932666264271e-07,-4.82519521222892e-06,5.04442800381163e-06,0.000175723994127612,1.30964477611162e-06,-5.23078250981668e-06,4.24321843089109e-07,2.81078235425223e-05,-1.20177413738291e-08,8.00746539875288e-06,-0.000290649235193002,-1.13923222467187e-06,0.00262314313880942,0.000643100064424836,0.00010678173764872,1.55782765694164e-06,-3.75221007183433e-06,-7.74704871555253e-08,-4.35898519417986e-10,-2.27562497198659e-06,-5.36743386598207e-07,5.15360018814796e-05,4.25381613067193e-06,-2.12361410161939e-06,-3.1491207695604e-06,-0.0454901863166677,3.71601276575788e-06,-0.000415270192187967,1.81656648485482e-07,3.22800702169333e-05,-1.61552970864908e-05,2.42349136108342e-07,7.93880649693114e-06,9.10938803013052e-08,3.42028610755851e-08,-3.52305796725654e-09,-3.4329183032376e-07,-5.24135070492673e-08,7.41620052414859e-08,-7.13530976845516e-08,2.59918181638936e-05,0.00175492944517497,-1.05356392294313e-05,1.12247810565923e-07,-2.36014802922894e-07,-4.2200984963623e-08,5.69987465142929e-09,2.10398628094734e-06,3.95270541361976e-08,8.15677287470529e-08,3.59744736807679e-09,-1.52959455989649e-07,-7.13379092192864e-06,-8.12081561765498e-07,3.35556215708785e-06,9.85571322728095e-07,-2.14455865238397e-07,-8.95476902494839e-10,-2.86793968303438e-08,-1.49701344731366e-08,-0.000133516870989555,0.0136083900008803,-0.00253460025822542,6.40313811932583e-07,1.3717504847621e-07,0.000159528051339279,3.14936969738545e-07,6.79663856952731e-11,7.66046289558114e-09,-1.98773737291248e-05,-1.20891116775327e-06,-2.10753109442741e-08,2.41368349823613e-05,4.81056296827897e-07,1.13394655515896e-06,1.7306253041163e-06,-3.71222602104296e-08,-2.42000758530568e-06,-0.00092077811859091,5.01879870397564e-07,8.23912880539065e-05,1.62410382266963e-07,-1.26545317812895e-05,-3.16685933783459e-09,-6.93218676095225e-05,-4.57115741251249e-07,-1.58278906337825e-06,-0.000723661568662831,4.07105952490039e-07,3.94458782264926e-08,7.66901504171784e-09,5.46496557676275e-09,-1.93924817093804e-06,-8.8086838960946e-07,-4.10137031364178e-07,5.10969923724783e-07,1.13377160850735e-07,4.84620553144845e-07,-1.46918711182299e-06,-8.4101651761978e-08,-7.97230307387475e-06,-4.53781612383597e-08,-9.8849402846247e-06,-3.23367653244123e-06,1.7498757157574e-07,3.6257055675003e-08,1.10476712786381e-06,4.07602263805875e-07,-2.3418301688844e-07,-4.21645691748754e-09,-1.85953095101154e-06,1.58442078414111e-17,-1.75711046924531e-08,2.51090012720091e-07,-5.12510238979943e-08,-1.32031117048744e-07,-1.77938683872599e-06,2.46089279195326e-08,-3.48713745345067e-07,1.55108592346101e-07,-2.97746290781036e-07,7.77700869975447e-05,-3.88855432547083e-08,1.57104781193227e-05,-1.02496043781505e-08,1.12781349346869e-06,-9.60909358785505e-06,4.09292134806695e-09,-2.69472948837869e-10,1.28904879974849e-08,-1.22676159768723e-08,1.93246261946101e-07,4.95513871892082e-06,-9.44453596667675e-07,1.86599439266609e-07,-3.40532653869376e-06,3.99934064753792e-06,-2.44082182059199e-07,2.53028828717396e-06,-8.58255573129429e-07,4.2070228599439e-09,3.73666311580182e-05,1.8636561208654e-07,0.00383652202721711,-4.78340582311517e-10,-6.2132717124335e-07,5.90969896279068e-08,-9.36998252636036e-08,1.491335399256e-07,-2.89586080136687e-07,2.27177651890244e-07,-1.6724770347948e-08,3.25158060364109e-06,-1.4182407412363e-08,2.33729748454939e-06,4.58841852042634e-16,-5.79874423162507e-06,-5.77605203904115e-07,-6.2010468147809e-12,-5.49757914936647e-08,8.19475453746367e-08,-5.11581892697483e-08,-1.45818115412193e-08,1.90607046349794e-09,-8.73103137388334e-08,3.32932619164928e-06,0.00300690303681452,-8.71393890707009e-09,5.41344817211163e-06,-0.000138571639205265,3.57176777189197e-07,-7.35245675231794e-06,1.07675276563241e-07,1.88327908163604e-07,2.90747542541394e-09,8.44768751785718e-06,-1.27244205629361e-06,5.80772722843581e-09,-1.92593111348825e-06,2.48999180955494e-07,-9.42024405822743e-07,4.18773487263028e-06,0.0110268563424595,-7.30242811276583e-07,1.11979782298089e-07,7.4122186910173e-08,1.23542067126055e-08,-1.05544186930864e-07,0.00135245513497352,1.21156002925607e-06,-6.85352367134466e-06,-2.5171807781439e-16,8.88002389547321e-05,1.6897712460403e-07,-2.62863457198975e-08,8.4857723279501e-05,3.657592246318e-09,2.23441795370306e-05,5.378298248971e-06,-7.33809555916514e-07,3.26834342269272e-06,1.13340770548724e-16,-2.75193203575931e-05,-2.24682260541956e-09,-0.00255134137496257,1.74811890199146e-08,7.44912076423349e-07,-6.01840508480616e-05,-8.99237277173793e-06,2.50044537183763e-06,-2.74242945468888e-07,1.9073052764769e-05,-6.56034153476974e-08,-6.53936665436297e-06,-8.97320833306546e-09,-1.47245829206855e-09,-7.38152765329169e-05,1.09055170344654e-07,-2.24835564041474e-05,8.11938733807759e-16,-7.90545875255216e-07,6.66888162214642e-08,1.92335323510657e-09,2.17802889781424e-08,-3.45807536053763e-05,-0.00035642754509542,2.42105923643463e-06,-9.94030633188564e-06,-1.05026856495584e-05,5.3055589167064e-15,-0.118929513614598,1.78514746549971e-06,0.000131931455166121,-4.12396968380012e-15,-1.35706987586091e-05,-1.56147929349432e-06,2.27858128229794e-07,8.40101005604623e-05,0.000229814156070592,1.13671718288048e-05,3.45059410846855e-06,-8.83892887757796e-06,-6.28170174139664e-07,-3.11642290522485e-08,-6.09095063557706e-06,-1.83124231422598e-07,-4.52177097766151e-17,5.5383885206387e-08,-1.96609502814047e-06,-7.77627037825033e-07,4.33427777579873e-06,-4.2920079460888e-16,7.07742445856067e-08,-1.06744573465751e-08,1.15146647652362e-06,1.68281091899831e-08,0.000573581369870774,-4.14307028759523e-08,5.10600047216748e-07,-2.11016063580897e-06,-3.01211698503868e-16,-6.12452549943976e-06,2.85071379921439e-08,-7.96920799770862e-08,-8.13072684210287e-06,1.06452793836856e-08,1.32570513931426e-08,-1.10501885419723e-15,-3.23818521488911e-15,1.12446250025574e-08,1.20997601092167e-08,-1.58304671038052e-09,1.5363995879634e-05,-1.19612895778352e-15,6.71034928121185e-07,7.45708162817413e-09,-4.56087195263837e-15,-1.34537325288046e-16,-1.03298597503154e-15,-1.21856270157133e-05,-3.37034805708057e-08,3.44841563601386e-08,-9.74571678125937e-07,-1.37185807191376e-07,-2.34478745765075e-08,1.00787832285613e-08,9.79592325800535e-16,1.85912827185516e-09,-4.89220858746906e-09,3.69797014500977e-15,-1.0786352982808e-15,2.04905553101222e-09,-0.311984727977574,1.4410259314554e-09,-3.27526191471115e-07,-1.19976929710547e-09,0.000106974475565497,5.3815183208996e-15,1.30470223189898e-08,-2.03457738797737e-15,4.12986458151486e-07,4.72582042942982e-15,9.43155535966679e-10,-2.40101611209311e-16,-3.54073967145421e-09,-9.14640664266504e-10,-3.05404418207342e-08,-3.92308387518717e-08,-1.68116612402203e-09,1.67835956191316e-10,-9.28767656223595e-10,-3.79983020613545e-10,-1.02607374280465e-06,-3.06727519494285e-09,-1.24387100946061e-10,1.4186041489256e-10,-5.32823391092428e-08,-2.39676179271675e-09,-1.08205062664787e-10,5.65147129620702e-16,1.89719315635052e-09,-4.71353089221059e-10,4.5351334332905e-10,1.54382209008892e-15,2.24668113215599e-05,3.2020849478766e-08,1.10023734645578e-08,-7.35645802184887e-16,-2.76779138012025e-09,-1.8336579515494e-05,-9.1256168054664e-16,-2.11597829962057e-09,7.25100787849065e-09,1.49039762485653e-16,-5.7804954927161e-16,-7.6614223219127e-10,-0.000322236800075221,-2.08923185369363e-06,-3.66551032507941e-06,3.36953478094011e-08,9.00853838973965e-10,9.38862537239253e-08,9.71179753191617e-09,-2.75320792289354e-07,2.00360561475321e-15,5.33281074133986e-11,3.66022362406415e-08,2.78488282451664e-05,1.07532370126771e-06,-3.15204047856555e-14,-4.9559749386891e-16,1.61385851276476e-07,-4.35865461872142e-16,1.86866587507769e-15,2.44029953972841e-08,-3.92497328202628e-08,-7.36304090682485e-09,-5.27279386859994e-08,2.5077025182969e-07,6.60991709917335e-08,8.97792222473906e-08,9.98418055246558e-16,2.25020548411986e-06,0.338894297879437,-1.36827366955809e-06,1.99218457324125e-08,-2.53983600177471e-08,1.55294881013158e-15,-5.05162549090807e-15,-8.18841262896517e-16,2.25274236134961e-06,2.22090558765153e-10,1.38189254360686e-08,-1.87205170269731e-15,8.83820779667696e-11,1.28267858044778e-15,6.11903141176953e-16,1.68637589679987e-08,-4.2890825123146e-09,1.28391221265733e-15,-4.54228981666369e-08,-6.83626449314971e-10,-6.84724532297978e-16,1.84303719159578e-09,-1.08644979154387e-16,7.99580815732582e-08,1.46619936587178e-15,8.07153193936125e-08,6.71889120272393e-09,2.45846082420112e-10,2.46142595486107e-08,1.74059979443493e-07,-9.14377327109958e-10,3.13684016440075e-08,2.39782854644396e-16,2.06994129747292e-08,-1.18052031035884e-09,4.78924032081881e-19,-1.57637691238125e-10,-3.28921012726835e-09,7.79916736022567e-10,-3.25091887247043e-16,2.66588087879864e-09,3.56735382705532e-09,-1.93480322103828e-16,-1.00490874994741e-07,-7.68338058129626e-08,-1.07677060341964e-10,-2.81778772536205e-17,5.82493064951806e-17,2.03900345485335e-09,6.67268689496082e-08,5.42297691533216e-09,-9.14786413825609e-10,4.40721054019502e-08,-1.54966534584518e-16,7.76297222806054e-17,1.62465307876646e-07,4.89393376093368e-10,1.38800239788245e-17,3.99795968389388e-07,-3.15828797821076e-16,2.02016884671376e-09,-3.9056300660214e-08,-9.62673895178707e-05,-2.73223782324795e-06,-4.92363439070901e-17,-3.37840761421973e-16,-7.42058854084022e-16,2.36858255474326e-16,-2.47216027485823e-10,-8.61130559786491e-10,-6.90173048173709e-16,-2.48242554164366e-16,6.50207292928249e-16,1.23032123889867e-09,1.11266968689412e-11,-6.23313911167248e-10,-4.12392619016578e-16,-3.15773882736403e-16,2.31477163825655e-16,-2.83576740238457e-08,8.69546459049653e-10,4.83070454642631e-16,1.56242439429807e-10,-4.12775302376359e-09,-4.49889075743554e-16,5.42183239378461e-16,-3.0350956045742e-07,-2.99451987925868e-11,-1.52848486060403e-07,4.86897156101088e-16,1.69874844413408e-09,2.7830043914981e-08,3.05298169329304e-08,-1.17783714646285e-07,-7.05729061601318e-09,1.17105534773101e-10,-9.86791908149561e-16,1.57711726493215e-15,-3.74004650692948e-16,2.63956821055698e-09,-2.40548337186389e-09,-0.000203237716352574,-8.63715655972479e-10,-8.78474801299339e-16,1.3058426718658e-15,1.19257873148338e-15,9.0579193663322e-16,-5.37409722040347e-16,8.17585359270304e-09,-4.85413222297342e-16,3.99942484694613e-15,-8.12379094570184e-07,1.24936786346702e-15,-1.13746516615423e-06,-9.69997415476123e-15,-0.0369051586139818,1.32927603653664e-16,3.05195143246939e-06,1.63194805996254e-09,-3.28217948229238e-10,6.36738660872212e-16,6.04882464890083e-08,6.20156519708018e-17,1.7996304389805e-08,-3.7967440154192e-09,2.11770231748399e-11,-6.37510379174383e-16,1.2431273735098e-07,1.98649428417707e-16,-9.66612653909799e-09,-4.95042456849787e-09,-1.80628157526812e-16,5.76970562237033e-16,4.32524182315969e-16,8.31050202117204e-17,-7.88756024505187e-10,-2.37443397073111e-08,-5.3704917676122e-09,-5.21194212366989e-16,8.28746434996792e-16,-5.8114194724104e-10,4.7510454537561e-09,2.11743326254164e-15,9.39177651363515e-17,-1.00343461224183e-08,7.07264838430846e-16,-1.79700830856368e-06,-5.8744065697023e-16,1.85505323393029e-08,-2.78422883260725e-16,-1.14329130867014e-15,-5.18889125944318e-17,-3.15087706682322e-16,2.20696447566145e-16,-2.60213942750883e-16,3.78766088413356e-10,-2.65102588009105e-09,-7.47525037771309e-16,-1.79735293660768e-09,7.61850861581183e-08,5.79998909404136e-17,-7.2731073115616e-16,1.08338856071991e-15,-6.77346177406132e-16,6.65398408585146e-07,1.17497232568e-08,-8.41588397399588e-16,6.71861738937907e-16,-1.44734825425329e-08,-4.68169621481666e-09,-7.12224729211781e-11,-3.04807900448669e-16,2.32179922672903e-17,-5.4532825648896e-16,8.24654146157183e-16,-1.92350608356488e-15,3.92853642398874e-16,3.1214566567163e-07,-1.09073265214088e-07,-5.78752939493781e-08,-5.13882021333997e-16,5.40336361808642e-16,1.37597731944411e-15,4.82518218767704e-16,5.80457402738528e-16,-1.95061117533681e-15,-3.77726430012429e-16,-1.09408164570257e-15,-3.89965335305586e-16,-1.39092230620129e-15,3.0142347502155e-15,9.00133433715523e-16,-1.0933417838568e-15,1.76516036252838e-15,3.94955374771046e-10,3.16265707107847e-16,3.74680348395809e-15,5.64524914674201e-16,5.90822057951924e-09,-1.54084631748928e-05,-8.95913835890143e-16,-1.55917006434646e-10,6.03960733650864e-09,-6.12296518549563e-16,-7.3347491359097e-15,-1.35693599969727e-08,6.1441390217776e-15,2.37272332392719e-10,-1.73124966590259e-15,-8.62624557304487e-15,1.28243581465078e-15,9.99331597234956e-15,0.39064161339595,3.13346775506283e-07,1.06446741412829e-14,4.98709289671145e-15,1.64896988248347e-15,7.88920684032903e-15,-1.50910100388257e-15,2.12017476871591e-15,-1.92445326396841e-15,1.0131541700043e-15,5.20917792645372e-11,6.51553636221059e-16,1.39028192409963e-15,2.20909170605503e-15,7.10764636507088e-16,3.92145366849165e-15,8.01636228932566e-16,-1.43408702639397e-08,-1.75571114639917e-15,-3.49054040216813e-15,1.000667262626e-09,7.90683749449017e-15,1.78945804973469e-15,-2.87838992993006e-16,-2.57353592445329e-15,1.053560985705e-09,9.05400699520811e-16,-7.43339807188416e-07,2.0205342071883e-14,9.17586954124411e-15,-1.44205982060244e-15,7.37140883204953e-15,-1.01145102656674e-14,-1.79315262626603e-15,1.3555878806478e-09,1.49419524088942e-14,-0.707106781186546,1.76433382009791e-10,-1.7468925162726e-07,-1.59127389800282e-14,3.07689135677286e-08,4.21050772790002e-08,-1.23193187580112e-14,-1.31593986176305e-14,1.45469243399584e-15,-2.10652089891311e-15,-2.01028497991811e-15,-7.65698930140079e-08,8.01724695966965e-18,4.32722494132325e-15,1.09449530817514e-15,3.11520627235391e-08,-9.39256486446782e-16,3.00013331117887e-16,-1.66085436895472e-15,6.47447089771419e-16,-1.44702474721019e-08,1.9774430111514e-15,4.29045610592287e-11,-5.51530988639289e-16,-1.03150131039812e-16,2.51042209804556e-15,3.99179514139404e-16,1.58455053500681e-15,-7.03287722316561e-16,1.64344359091357e-15,-7.65008403368335e-10,3.69644347752403e-15,2.94345362227327e-15,3.23618197266471e-10,-2.17073426633743e-15,9.43542269670051e-16,-1.81961108167498e-15,4.11501467791462e-16,-2.56934811133829e-16,-1.83987202264371e-16,-2.38915265130008e-09,9.89009185801828e-16,-1.23304438548167e-15,7.16855366483726e-10,1.74804036868069e-15,3.14399025098233e-16,-1.23681386060812e-15,-2.80527983383132e-16,-1.80812394154065e-15,-2.38555545924321e-15,-9.23497845493854e-16,-4.05212922014771e-16,2.08641754136522e-16,1.22505594685506e-15,2.96382604849089e-16,-3.85859073675127e-10,1.28318958549777e-09,-2.4060510653201e-16,2.68015519162305e-17,1.47775754813585e-17,-2.77872395774351e-16,-2.16840434497101e-18,8.55444878378131e-16,-1.70446008434456e-15,-5.0431056896037e-16,-1.24062799793261e-09,4.99460819650294e-16,3.08129390035581e-16,-5.56427883695763e-16,-6.71977439898323e-16,1.46073133531805e-10,-1.38794617629399e-15,-2.34435907568907e-11,5.88812013561968e-16,-3.09292761936141e-16,-3.45813408692541e-16,1.21636949565008e-16,4.54954177967932e-16,-6.81911857964659e-16,4.84263287868971e-16,1.3275699350497e-16,6.43015384355102e-17,1.74453417064731e-16,-1.10015605893529e-15,-3.76206375989384e-16,1.14941806856553e-15,-8.73122847594732e-18,5.20578163583904e-16,-6.841180688704e-16,-3.19467088555797e-17,6.63526115588339e-17,-3.25120524759301e-16,3.19478488607857e-16,4.91252004353182e-16,7.71921766873577e-18,-8.71212562622001e-17,1.4031538635098e-16,3.77922520944165e-16,1.17871840692495e-09,7.02504911532937e-17,-5.02046819329775e-16,3.42785464809135e-16,-1.43906911568193e-16,4.14869228750231e-16,3.18813057037548e-16,5.05250561199393e-18,2.68912311448047e-16,5.16142934153475e-17,1.90617308892253e-16,7.8387817070702e-17,-2.19726206337211e-17,-1.08389014719115e-16,-3.92012371135592e-16,2.70800120382662e-16,-3.92119184387002e-16,-5.25525742279826e-17,-1.40542956653407e-07,8.0331298848798e-17,1.91160755282333e-17,6.965895258998e-17,-9.13574429979769e-17,-2.34491172887591e-16,6.5841443717305e-17,2.24557162969067e-16,-3.91122411799375e-16,-1.21448418147444e-16,3.63072670425611e-10,9.94050714311763e-17,3.70053030998928e-17,9.34239774517847e-17,-1.53311843738147e-16,1.4689847252491e-16,-7.04039522976798e-17,1.68729368562207e-16,4.41104572381528e-17,-7.69060170544544e-17,1.20901955979077e-15,5.19283631216581e-17,1.08317521749908e-18,6.21134015606913e-17,1.72337476550743e-08,-2.31654336231371e-16,1.71506945499428e-16,-4.1868233496438e-17,-5.27139096262452e-16,-5.16267613164748e-10,1.3654508223084e-16,-1.93996757405269e-16,8.50483216507916e-17,-8.4072776959839e-17,5.2006457951887e-16,1.06511735269268e-16,2.17036963007764e-17,-9.53390651016143e-18,2.05430764253971e-16,-3.23358754528372e-16,4.37773189960966e-17,6.10453591586218e-17,1.43526521183105e-16,9.38870365067123e-17,-2.01680294281281e-17,-2.65693982308676e-16,-2.14527073601027e-17
"t92",0.0397935040108721,-0.0138784471386045,-0.015374839961079,0.00107407851628432,0.0125579400376758,-0.0520571532417851,-0.00803264631519755,-3.1634260247737e-05,0.0995475545377757,-0.00635602974425276,-0.01392844604034,0.00120625132457512,-0.00269335216778637,-0.000607195327796723,-0.0199151439755874,0.000622724787559244,0.000468723693441818,-6.39909117147821e-05,-0.0356120040146828,-0.0646214006677554,2.9109312498255e-05,-4.14413954767513e-06,0.000186867664476031,2.29713052226493e-06,-3.25574725987526e-08,5.30170420224935e-05,-0.000661821400688802,-3.80221118008103e-06,-3.69707991842026e-05,0.000937972163245935,0.000226647802821267,-0.00638452885756498,-4.66224017852453e-06,0.00702266420057197,-0.0588885981975421,0.000496648175499053,1.45647803073264e-05,-2.4100807888231e-05,-0.00267217812822844,-0.000559387318137139,-7.34703878860009e-05,0.00174987644632033,-5.36633834724074e-06,0.000357439224429239,-1.30043053815712e-05,2.9059552707122e-06,-5.92466517590402e-07,9.64504782474773e-06,-0.00239460265554389,0.00236237898982821,2.78538926055678e-06,-8.51933678526203e-07,3.32808219691402e-07,4.78116091657058e-08,-0.0018242860305583,-2.42251150547517e-05,-0.000172619904714261,2.06173074916533e-06,-1.69474995512176e-05,-1.5142169592741e-08,-5.23921982643476e-08,3.88899820507808e-06,-2.93030150757494e-06,2.31674647733345e-06,-3.54334809164914e-05,1.07957513114545e-06,-0.0950091751876154,-4.24371761775067e-05,6.69635791088458e-06,-1.72309616588974e-05,-7.44476802854067e-10,1.1215068813691e-07,-4.34477826805067e-07,-3.41786586296313e-07,1.46731484976249e-07,1.58829927585363e-06,-1.39975506861312e-06,2.32922366168839e-07,-8.37069592923979e-05,-1.12569756391011e-05,8.38671557028975e-07,6.77366411143532e-05,-0.000135147599276853,-4.60198917505823e-06,0.00687597284795262,1.7925046814492e-05,-2.9928214640004e-05,-0.0279213587420106,4.15479446623199e-06,-4.55345692206097e-05,0.000130790249598363,-9.11585437256973e-09,-5.75600258892385e-06,3.02438774667245e-06,2.83848073759601e-07,2.92541039751388e-07,3.41676837738258e-08,-1.20738615809525e-07,1.0677718681495e-06,-0.00010101350940733,9.13387247179559e-07,-5.68747584712164e-09,1.12044626004203e-06,-1.71585132112662e-07,1.5647600808649e-07,-3.69477163830587e-09,6.67708598584624e-07,-7.47414405306423e-10,6.33116880431509e-07,-9.10096728881649e-11,-2.0871508458701e-09,6.39924279448965e-09,-2.33934509271057e-09,8.80807855566431e-09,-1.01734797501273e-08,1.35476692826892e-08,-1.56588571195202e-06,1.77967905473037e-06,-2.73300747472617e-07,9.6708525557602e-08,-5.4618701856647e-08,1.04190883672636e-07,-1.01493485453408e-05,7.92791355737431e-07,4.397758826373e-09,-1.06831323351645e-07,1.09497628212815e-08,-2.18204928167895e-07,3.36752110421098e-08,1.09125156021109e-06,3.65562416173626e-09,1.42519285093665e-07,-1.42331330279244e-08,-1.07355252658059e-06,6.97981973090225e-10,-4.88045632634206e-07,3.15160370961738e-05,1.73892042832093e-07,-0.000587600647944494,-0.000145497014583138,-2.56376106905634e-05,-3.85336675309187e-07,9.73076652563144e-07,2.04530663627711e-08,1.1510931311491e-10,6.81152568446604e-07,2.04022258667965e-07,-2.47827760389569e-05,-2.16830586833179e-06,1.23133844114393e-06,1.84486846840318e-06,0.0280032575787394,-2.3555282625944e-06,0.000272194088799874,-1.63719321030098e-07,-3.06952277360096e-05,1.59666275980678e-05,-7.77502435064387e-07,-4.31796382544455e-05,-5.5108633457896e-07,-5.07364115317128e-07,7.30140250079998e-08,-5.25839174781372e-06,-6.68766830213364e-07,4.15849642109416e-07,-2.6754627236253e-07,6.53375199597289e-05,0.00632096164033346,-6.28436818710307e-05,1.92196619580065e-07,-4.04201754945805e-07,-7.1964216796641e-08,9.02980021633723e-09,3.25586004674879e-06,5.83069363163631e-08,1.18994996235031e-07,5.21896995559297e-09,-2.02971326104424e-07,-8.88142492589392e-06,-1.00312622732903e-06,4.11795595900676e-06,1.19327327097617e-06,-2.58966425245565e-07,-1.08021772542079e-09,-3.4615374222798e-08,-1.83376425263145e-08,-0.000164759050046221,0.0198671316300169,-0.00373977160866682,1.08837682903678e-06,1.50404747464675e-06,-0.000155685464164766,-1.73186297077623e-07,-1.64200604388008e-11,-8.87327846905947e-10,-1.25109397030002e-06,-1.00125370410162e-07,-2.39059436397233e-09,3.00129768901265e-06,7.4489814725697e-08,1.7558558530926e-07,2.62193097075715e-07,-5.33556424538789e-09,-2.75377344788426e-07,-0.000104625850301253,5.5356191146482e-08,8.21170347233071e-06,1.49296127223073e-08,-8.8752368211286e-07,-1.29971514010055e-10,-1.12163392539894e-06,-3.77675994141692e-09,4.56134352055001e-08,3.64316598740335e-05,-2.07298930045487e-08,-2.68866784065041e-09,-8.72325530860797e-10,-6.7117645946969e-10,3.35451640835037e-07,1.84588017650667e-07,9.12891482499021e-08,-1.42305700303488e-07,-3.31478612344852e-08,-1.49177465274842e-07,5.24118457784059e-07,3.08622508212328e-08,2.94567341633244e-06,1.93852187425761e-08,4.58825801083954e-06,1.64010358480948e-06,-9.22926100418968e-08,-1.99002450279999e-08,-6.29082773321403e-07,-2.34507585585915e-07,1.4796265073542e-07,2.82029154021455e-09,1.32171176620728e-06,-1.92063591642827e-16,1.36061215899104e-08,-1.97753473270279e-07,4.53245721993997e-08,1.27542076017412e-07,1.84806870215151e-06,-2.56701492057092e-08,4.16297869083814e-07,-1.89460019012731e-07,3.67566644764295e-07,-0.000516000197702206,5.21725074573456e-08,-2.24673059192667e-05,1.50797792387485e-08,-1.67892367236146e-06,1.52642065268363e-05,-8.6758033576439e-09,6.38686474150815e-10,-3.37161046147016e-08,4.07065223344111e-08,-6.53220253637483e-07,-2.04009346529268e-05,4.41039549314237e-06,-1.07227408951594e-06,2.11072480396203e-05,-2.70027326618185e-05,1.87964529173772e-06,-2.45811648624204e-05,8.59390705245668e-06,-1.3556961833181e-07,-0.00126974206529022,-6.74610717868984e-06,-0.453787447145587,3.88814662928072e-07,-2.80387900525815e-05,2.22263491144196e-06,-4.69481423653775e-07,6.61198591300248e-07,-1.16735965147296e-06,7.36205520058693e-07,-4.52046363855888e-08,5.40770267020911e-06,-1.96403099709913e-08,2.72885668509942e-06,6.21464282369002e-16,-2.40059058144122e-06,-1.79864634037398e-07,2.04322026256849e-13,5.2427941560144e-08,-1.60302733725237e-07,1.30417067654546e-07,4.20372752525068e-08,-3.20934182599065e-08,1.77426462638738e-06,-7.15328381003684e-05,-0.498624747211682,-1.10703852794014e-07,5.98325096673605e-05,-0.00140978086770996,2.92167582652769e-06,-3.77286977835576e-05,4.92294922302449e-07,8.56007099761617e-07,1.31925180984909e-08,3.19865596405894e-05,-4.54513652294139e-06,2.09157293257493e-08,-7.09022698513067e-06,9.61825668956778e-07,-3.71626471310866e-06,2.54955159049244e-05,0.072214983256654,-5.67147877032765e-06,1.01758104367989e-06,2.38486893114654e-06,-1.19146312721239e-07,3.3935315377645e-07,-0.00302836316195316,-1.52077674547463e-06,1.80861897651905e-06,3.07231930966106e-16,0.0332481074508989,1.17913881057694e-07,-1.92958672260921e-08,6.23331353478085e-05,2.68857776457564e-09,1.65014422937011e-05,3.99627491796937e-06,-5.47543868765099e-07,2.44671563772496e-06,5.64121761440077e-16,-2.17092150112931e-05,-1.85616977499124e-09,-0.00737328149065703,-3.66059732152125e-08,4.38861242233649e-07,-3.56150859050082e-05,-5.19562091188451e-06,1.40885889643825e-06,-1.44363119752792e-07,9.3118966326127e-06,-3.03426451787546e-08,-2.92750046447048e-06,-3.93325586495477e-09,-6.20672045063917e-10,-3.0976808360026e-05,4.44473677797967e-08,-8.950738091191e-06,5.95956551572389e-16,-2.57235993017846e-07,2.06657880922907e-08,5.95721536208703e-10,5.76981542281965e-09,-8.92324000803211e-06,-6.13134357533821e-05,3.55440132180634e-07,-1.40949846400011e-06,-1.28854272773668e-06,5.42203885462754e-16,-0.0119702082797023,1.64910331876221e-07,8.06843721793361e-06,1.3914480965667e-16,-3.635324525821e-07,-2.90322288266026e-08,3.26543324261452e-09,4.61710492458317e-07,-2.16240179716082e-06,-2.35083957819043e-07,-1.01953870449535e-07,4.95482231753811e-07,3.7203802444463e-08,2.4216839163657e-09,6.74087623634134e-07,2.05774700532367e-08,-1.4348446167657e-17,-9.90029995754663e-09,3.74633927149635e-07,1.68582753207281e-07,-1.115383878008e-06,1.98811365644485e-17,-2.46250288884962e-08,4.86169241388328e-09,-5.82636716446038e-07,-8.91973441389072e-09,-0.000320816658961934,2.54773289744854e-08,-3.62040606442221e-07,2.03718277568882e-06,1.45912327928243e-17,7.51073419517266e-06,-3.56601160351935e-08,1.03863157449887e-07,1.12081248684998e-05,-1.4737179874381e-08,-1.86427672183913e-08,-2.08166817117217e-16,-4.8278107267697e-17,-1.72865448264531e-08,-2.00747333402198e-08,2.65131257020922e-09,-2.7530134479019e-05,4.11806914746075e-16,-1.3924397498058e-06,-1.65152714226059e-08,1.45662724760651e-16,9.3999831367885e-16,1.76449200705608e-16,3.31882590404625e-05,9.43008921016292e-08,-1.06063613001764e-07,3.25618333357327e-06,4.62910629107957e-07,8.67652815544157e-08,-3.77049734335548e-08,-1.26932711715675e-16,-8.5489400099278e-09,2.44228651347059e-08,6.60454729405347e-16,5.44755572791315e-16,-1.7370625067802e-08,-2.73530913077681e-06,-1.24980908754682e-08,3.72013815530877e-06,5.84830090019344e-08,-0.0438627650740753,-4.51730967745793e-15,4.23070980606758e-07,5.92517461216235e-15,1.03279957038731e-06,5.45462112977457e-16,-1.28532792852845e-09,2.52790086286422e-15,1.41363509793883e-08,4.02858270995556e-09,2.74109349392367e-07,3.91994826194189e-07,1.75514081337512e-08,-2.11788683387363e-09,1.38854439007629e-08,8.9588400185734e-09,2.43054536850783e-05,8.64121627877248e-08,5.21204421404854e-09,-1.51313715835643e-08,-2.59522602525449e-05,-2.25311143458134e-07,-7.34139889513971e-09,1.13025960167328e-15,7.04097751731159e-08,-1.24263609367076e-08,7.9697952696109e-09,-4.9297468314145e-16,0.0149279437017719,2.71007772153353e-07,9.39000991275328e-08,2.18421792016252e-15,-2.34118084559715e-08,-0.000145486616253917,-1.38408578508337e-15,-1.61694156368519e-08,4.40930124873159e-08,6.2104043648486e-14,-0.707106781186553,-4.28460243411787e-09,-0.0017893776127487,-0.000992479277717843,-1.87898819715096e-05,1.57939666394497e-07,4.18985615534125e-09,4.31884984448904e-07,3.96451404876498e-08,-1.02872496339341e-06,9.7644331856217e-15,1.98485527787323e-10,1.37812974450926e-07,0.00485308985015789,3.22338975820939e-06,-3.18087474294305e-13,-2.26654674119601e-15,4.84151390690974e-07,-1.41409162733679e-15,-3.9968677890674e-15,5.18913284555706e-08,-7.6516821540188e-08,-1.43262062311045e-08,-8.0630176194251e-08,3.68385047768028e-07,9.62410389428786e-08,1.23072358614376e-07,-1.04095744634951e-15,6.53142735651859e-07,7.34188593779933e-05,1.39635927729566e-07,-1.33540768023643e-08,5.28204171606371e-08,1.08850623680073e-16,2.76276017854214e-15,-2.95706288840437e-15,-1.37682445476172e-05,-2.21866630188757e-09,-1.43842550664853e-07,-1.92898710779008e-15,-1.70224198623602e-09,1.27503161476441e-15,-5.80687637332741e-16,2.78978570349267e-07,-6.98508567555649e-08,-1.16616785672541e-15,-5.76498681337074e-07,-7.77454210519341e-09,-8.85245059732412e-16,1.75814718403261e-08,1.31344248070737e-16,6.51965744474216e-07,8.51207047206988e-16,6.50246363451128e-07,5.36341339180865e-08,1.94265078426443e-09,1.91829100354755e-07,1.3166877778962e-06,-6.26826321756127e-09,1.92427155642127e-07,1.79487870382634e-16,1.13746121065396e-07,-6.42008126582335e-09,-4.55320827497018e-17,-8.45793655275431e-10,-1.72356050424938e-08,4.0043602747409e-09,4.79882796115132e-16,1.28420024192323e-08,1.69843571930968e-08,3.79026212037233e-16,-4.71238988356193e-07,-3.57674485564368e-07,-4.88234161701657e-10,5.16768787081855e-16,8.89811157407605e-18,8.72839833124782e-09,2.79190452751208e-07,2.25866264365397e-08,-3.48164602426512e-09,1.65467286978775e-07,-1.1370257250554e-17,5.7244733409094e-16,6.04345662662331e-07,1.81834888610869e-09,-8.35802234807662e-16,1.46277478811042e-06,4.48795158343123e-17,7.28414764601385e-09,-1.38077414917387e-07,-0.000339866495880425,-9.59372302670071e-06,1.92392305707754e-16,1.77296979731662e-17,-1.04183927597706e-18,1.21956038716972e-16,-8.27354094250862e-10,-2.87074705396177e-09,4.09818919106683e-16,-5.27810553165502e-17,1.38487176280169e-16,4.04438437070495e-09,3.63570585486437e-11,-2.00335263511066e-09,-4.740735909535e-16,1.09127659166097e-15,3.20381741969467e-17,-8.61402122628107e-08,2.63614855134635e-09,-4.43243551578706e-16,4.63061893503853e-10,-1.21203885936826e-08,2.57574318970856e-16,6.36077614071622e-16,-8.71462375997297e-07,-8.5823456193358e-11,-4.3216540441665e-07,4.27548417166974e-16,4.69181072326043e-09,7.584333833026e-08,8.16154625951516e-08,-3.06362319360259e-07,-1.82187145279966e-08,2.98056986421111e-10,-3.0034974676517e-16,3.15420948811411e-17,4.54578990417081e-16,7.1817394779134e-09,-6.69149247170061e-09,-0.00449897752665333,-1.35903006434253e-09,1.39866950797063e-15,-6.35782692958605e-16,-4.03876206236272e-16,4.51228453466549e-16,5.06209441390587e-16,6.76389974108049e-09,-5.73069104778615e-16,-6.49959322854234e-16,-1.18957037275596e-07,3.3247824755793e-16,-1.09539320137413e-07,4.09146194766053e-16,-0.000272541852269698,-2.56655447716307e-16,-1.56584465614282e-05,-1.90941109456657e-08,-1.6889416133158e-08,6.247861525205e-16,6.15818259517031e-07,-2.13391389122488e-16,9.37734271118375e-08,-1.49490282638401e-08,8.27353290620656e-11,1.67507890886587e-16,4.55882235493305e-07,-1.04405665217356e-16,-3.28407173192466e-08,-1.67650673940491e-08,1.82385445224608e-16,-1.34177463270192e-16,6.67472731233537e-16,-1.05237863932305e-16,-2.54392701621442e-09,-7.57048702742817e-08,-1.69055732662587e-08,-2.16892845846931e-16,3.19011609181076e-17,-1.7328227160457e-09,1.41353672339188e-08,-2.35502063475208e-16,-2.70730247931816e-16,-2.82102522976247e-08,-1.72200346694684e-16,-4.99605226229606e-06,8.01645470668252e-17,4.99954745932733e-08,-9.24065876553361e-18,-1.00809823396114e-15,-4.5682900451772e-17,1.51802492298058e-16,-6.76599692981684e-17,1.23746487882252e-16,9.61066733361899e-10,-6.72134108331214e-09,1.10469405811192e-16,-4.4623937416562e-09,1.87482064984112e-07,-1.57119439160943e-17,6.57557359839969e-17,2.81145744317116e-16,-7.46257924256144e-16,1.57450460917854e-06,2.7540071152253e-08,8.88983630175949e-17,-1.25181568604026e-16,-3.35602293364458e-08,-1.08402071104156e-08,-1.64117428431358e-10,-5.12954007567624e-17,-9.97016770187243e-17,6.55157030871003e-17,-6.56377053314237e-17,-1.85919950904489e-16,-3.66981046022904e-16,6.58553397788422e-07,-2.27933553549261e-07,-1.19767398350624e-07,-6.59361144861386e-18,-1.61474506180445e-16,-2.80182159261926e-16,-7.83034834513181e-17,-1.63569723501359e-16,2.21075888397236e-16,-6.13454404602855e-17,1.34404822429419e-16,1.98550744859256e-16,-1.63929202589971e-17,1.92296116016146e-15,3.90545303455781e-16,-3.30754134350505e-17,-9.50895045103117e-17,6.39655764248007e-10,6.58317021608862e-17,3.35162183069923e-16,1.55669845590475e-16,9.13500515751003e-09,-0.000769111164445575,-5.31741106613895e-17,-2.28944849833308e-10,8.2383548668371e-09,-3.24291355455829e-16,3.82166570961105e-16,-1.58972203366379e-08,-3.30096890914274e-16,2.02992128548688e-10,-5.47029347262738e-17,2.51737404717061e-16,-9.80571329185424e-17,-6.24904660844611e-16,4.21008358427661e-05,-2.72269517135312e-08,1.22827553468402e-16,-1.77314197511233e-16,7.73152344891253e-17,1.05145709868836e-15,-4.50486002667727e-16,-9.12739239421979e-18,-2.36216165914508e-17,-2.14907334143149e-16,3.27326204744147e-10,1.16143592247563e-18,6.76260168063185e-17,1.11296801364542e-16,3.66743257985812e-16,-4.74828169337387e-17,-2.2081338698045e-16,-7.11268690226497e-08,-2.21268568922418e-17,-1.45097887408092e-16,4.81107769923771e-09,-3.50866857957228e-17,4.52711119443476e-17,5.76462927401703e-17,-3.10031739416093e-16,4.00784829855796e-09,1.28121698905687e-16,-2.75229340238787e-06,-3.04879723345528e-16,-1.47578618977409e-16,-1.80956958681431e-17,-1.60530107680109e-15,1.41793763621409e-16,2.42419339717369e-16,4.78674271126446e-09,-1.44804745229896e-16,1.34127558632231e-16,6.04212623887992e-10,-5.9724391301964e-07,-7.36379368411116e-17,1.02759046329636e-07,1.39656094940723e-07,2.55385625200122e-16,-3.01393398541425e-16,2.48470750278988e-17,-1.88640064356896e-16,-7.91422937314062e-16,-2.33996907968066e-07,-4.23668033388988e-16,-2.97182513518232e-16,7.9595514082987e-17,9.36236388687478e-08,-4.87214892478701e-16,3.80078592257325e-16,6.1509061206454e-16,-1.04039530846605e-16,-4.26213184652204e-08,1.09164676237259e-16,1.25633422231007e-10,-1.58725799558622e-16,8.847342460039e-17,3.33562052414913e-16,7.11365791698059e-17,3.70228664976128e-17,-2.77804878494139e-16,-4.49388080959958e-17,-2.17773735231377e-09,-3.5981751548881e-16,1.34094440792179e-16,9.1533445900559e-10,2.18363316078071e-16,6.90144201458818e-17,-1.26511120307788e-16,6.46706020172007e-17,1.35219886986699e-16,2.84013723291388e-17,-6.63083327590541e-09,5.9045630012985e-20,3.92168583505523e-17,1.97384150014054e-09,3.16239014830957e-17,6.00833503761667e-18,4.77259145877798e-16,1.13404142504472e-16,-3.51759235234854e-18,-2.53714883917888e-16,-2.58807808747187e-16,-1.44788597198054e-16,-1.39665290250552e-16,1.14677538522285e-16,4.25378023329906e-17,-1.03435345795772e-09,3.42949787701976e-09,6.25603096394015e-18,-6.60107511799355e-17,-1.8558421614713e-17,-8.95036290756804e-17,-8.69530142333375e-16,-1.03957322974288e-16,3.07620124258196e-17,2.72776640504121e-16,-3.26657066632913e-09,3.23617634122543e-17,-6.18139219074756e-17,-3.11991343882721e-17,-2.81316989724585e-16,3.80061556984339e-10,-1.40372285060096e-16,-6.02314119104938e-11,1.13136265259789e-16,4.65102587073682e-17,3.81650276237444e-18,-1.0695088194127e-16,1.2382468949786e-16,1.67893326889256e-16,-2.06730517426685e-16,7.4755531882292e-17,3.74558316369764e-17,2.1885050177352e-17,-2.55013864544749e-17,3.99200070671196e-17,-9.97137821430082e-17,-1.39678974821509e-16,2.59021135382075e-16,-2.61590142944487e-16,5.17619210180592e-17,6.97639764158821e-17,1.49672581336937e-16,-5.88386096463327e-17,-1.70219741080224e-17,-2.75722591332482e-18,3.09078906682138e-16,6.81489683448947e-17,5.04449154015755e-17,2.90661431251974e-09,-9.76307209380032e-18,2.56915504828202e-16,1.22660694494725e-16,-2.77162812002473e-16,-3.49227618466923e-16,7.560016801364e-17,2.26196532602052e-16,-2.53195601297742e-16,-1.82503705135947e-16,-5.95113657678111e-18,-5.03069808033274e-16,3.71280816173817e-16,-1.11827583012949e-16,7.8072616825134e-18,-3.57845673062405e-16,6.38787536053344e-17,8.8198021999699e-17,-3.38363499285728e-07,-1.38046400120227e-16,2.57626280398049e-17,-9.38612724228808e-17,2.63817409392011e-17,-9.55953896048524e-17,-2.80396603770905e-17,-1.23136597384519e-17,-2.1953773502341e-17,2.09400744715735e-16,8.54786150936971e-10,3.42015308679523e-16,-9.9037259440004e-17,1.67433112282407e-16,2.48364803985622e-16,-1.95434985521341e-16,8.04551769448616e-17,1.04886997633181e-16,-1.55183495340672e-16,5.93453545391519e-17,2.31186510625663e-15,6.13509858199216e-18,-1.88623688691881e-16,-1.14508623283244e-16,3.97482298304326e-08,-1.00099643613354e-16,-5.25117737331097e-17,5.95113529628735e-17,-2.90566182226115e-16,-1.18002939997815e-09,5.02922491186818e-17,-8.59547798290904e-17,1.06486131038494e-16,5.72108652002412e-17,8.28222404134404e-17,8.08286647991244e-17,-1.3918099132148e-16,8.71691413630028e-17,-1.88649706320287e-16,-1.01654183388216e-16,-9.17941158067094e-17,2.25481238062241e-16,-3.58439748783018e-17,-7.11968514562636e-17,1.68051039841018e-17,4.573876104316e-17,-3.70818291210409e-16
"t93",0.0397935040108721,-0.0138784471386045,-0.015374839961079,0.00107407851628432,0.0125579400376758,-0.0520571532417851,-0.00803264631519755,-3.16342602477349e-05,0.0995475545377757,-0.00635602974425277,-0.01392844604034,0.00120625132457516,-0.00269335216778634,-0.000607195327796743,-0.0199151439755874,0.000622724787559251,0.000468723693441828,-6.39909117147953e-05,-0.0356120040146828,-0.0646214006677554,2.91093124982531e-05,-4.14413954768472e-06,0.000186867664476034,2.2971305222684e-06,-3.25574725983189e-08,5.30170420224868e-05,-0.000661821400688811,-3.80221118009155e-06,-3.69707991842111e-05,0.00093797216324594,0.000226647802821257,-0.006384528857565,-4.66224017858525e-06,0.007022664200572,-0.0588885981975422,0.000496648175499052,1.45647803073103e-05,-2.41008078882325e-05,-0.00267217812822844,-0.000559387318137147,-7.34703878860046e-05,0.00174987644632034,-5.36633834724429e-06,0.000357439224429246,-1.30043053815014e-05,2.90595527071498e-06,-5.9246651758719e-07,9.64504782474991e-06,-0.00239460265554391,0.00236237898982822,2.78538926056643e-06,-8.51933678522578e-07,3.3280821968311e-07,4.78116091683078e-08,-0.00182428603055828,-2.42251150547487e-05,-0.00017261990471424,2.06173074916182e-06,-1.6947499551227e-05,-1.51421695317546e-08,-5.23921982815321e-08,3.88899820503311e-06,-2.93030150756775e-06,2.31674647732152e-06,-3.54334809164988e-05,1.07957513113062e-06,-0.095009175187616,-4.24371761774991e-05,6.69635791088895e-06,-1.72309616588948e-05,-7.44476784106687e-10,1.12150688199794e-07,-4.34477826799053e-07,-3.41786586281666e-07,1.46731484947209e-07,1.58829927587534e-06,-1.39975506860683e-06,2.32922366156802e-07,-8.3706959292378e-05,-1.12569756390882e-05,8.38671557038347e-07,6.77366411143387e-05,-0.000135147599276861,-4.60198917507171e-06,0.00687597284795257,1.79250468144951e-05,-2.99282146399974e-05,-0.0279213587420102,4.15479446623013e-06,-4.5534569220582e-05,0.000130790249598339,-9.11585447144897e-09,-5.75600258892924e-06,3.02438774669958e-06,2.83848073741221e-07,2.92541039785134e-07,3.4167683782561e-08,-1.20738615847824e-07,1.06777186811766e-06,-0.000101013509407406,9.13387247158283e-07,-5.68747582967228e-09,1.12044626005262e-06,-1.71585132094597e-07,1.56476008095712e-07,-3.69477164686799e-09,6.67708598595853e-07,-7.47414427641623e-10,6.33116880434933e-07,-9.10095659858307e-11,-2.08715086814177e-09,6.39924279761118e-09,-2.33934510552195e-09,8.80807862336215e-09,-1.01734799450181e-08,1.35476693163967e-08,-1.56588571198616e-06,1.77967905473207e-06,-2.73300747469344e-07,9.67085255303927e-08,-5.46187018777534e-08,1.04190883646777e-07,-1.01493485453945e-05,7.92791355505582e-07,4.39775870266553e-09,-1.0683132344326e-07,1.09497630034275e-08,-2.18204928348071e-07,3.3675211106742e-08,1.09125156017208e-06,3.65562422796817e-09,1.42519285027986e-07,-1.42331329753842e-08,-1.07355252671319e-06,6.97981836367566e-10,-4.88045632614557e-07,3.15160370960957e-05,1.73892042923576e-07,-0.000587600647944529,-0.00014549701458319,-2.56376106905557e-05,-3.85336675248347e-07,9.73076652690343e-07,2.04530664024501e-08,1.15109315251127e-10,6.81152568512002e-07,2.04022258646094e-07,-2.47827760387839e-05,-2.16830586836628e-06,1.23133844100258e-06,1.844868468388e-06,0.0280032575787397,-2.35552826252776e-06,0.000272194088799984,-1.63719320791746e-07,-3.06952277359785e-05,1.59666275981362e-05,-7.77502435093688e-07,-4.317963825435e-05,-5.51086334608899e-07,-5.07364115396006e-07,7.30140251047587e-08,-5.25839174782398e-06,-6.68766830181847e-07,4.15849641778766e-07,-2.67546272299961e-07,6.53375199597146e-05,0.00632096164033338,-6.28436818710065e-05,1.92196619649199e-07,-4.04201754921924e-07,-7.19642166400044e-08,9.02980016913378e-09,3.25586004672877e-06,5.83069364682535e-08,1.18994996302081e-07,5.21896998002973e-09,-2.02971325931113e-07,-8.8814249259939e-06,-1.00312622732447e-06,4.11795595903638e-06,1.19327327097959e-06,-2.58966425261368e-07,-1.08021767553649e-09,-3.46153741516556e-08,-1.83376425623593e-08,-0.000164759050046154,0.0198671316300165,-0.00373977160866677,1.08837682909701e-06,1.50404747469933e-06,-0.000155685464164456,-1.73186297091648e-07,-1.64200917144183e-11,-8.87327910550732e-10,-1.251093970263e-06,-1.00125370275632e-07,-2.3905941632594e-09,3.00129768905752e-06,7.44898149901697e-08,1.75585585236899e-07,2.62193097036554e-07,-5.33556430983529e-09,-2.7537734500544e-07,-0.000104625850301595,5.5356191127766e-08,8.21170347248742e-06,1.49296129417498e-08,-8.87523681974708e-07,-1.29971674684853e-10,-1.12163392553629e-06,-3.77675996216669e-09,4.56134352639615e-08,3.64316598740952e-05,-2.07298930288515e-08,-2.68866813169679e-09,-8.72325519133944e-10,-6.71176424868299e-10,3.35451640822879e-07,1.84588017410906e-07,9.12891483803596e-08,-1.42305700169043e-07,-3.31478613094476e-08,-1.49177465200319e-07,5.24118457804496e-07,3.08622508398427e-08,2.9456734163643e-06,1.93852186179572e-08,4.58825801087152e-06,1.6401035848305e-06,-9.22926098262084e-08,-1.99002449157358e-08,-6.29082773433679e-07,-2.34507585573977e-07,1.47962650702023e-07,2.82029159610538e-09,1.32171176634007e-06,-2.28174016460647e-16,1.36061216482551e-08,-1.97753472807975e-07,4.53245718873952e-08,1.27542075964726e-07,1.84806870239588e-06,-2.5670149277059e-08,4.16297868973768e-07,-1.89460019029154e-07,3.67566644982871e-07,-0.000516000197701421,5.2172507294433e-08,-2.24673059191851e-05,1.50797793125519e-08,-1.67892367238407e-06,1.52642065269472e-05,-8.67580329467833e-09,6.38686010979647e-10,-3.37161045557405e-08,4.07065224154406e-08,-6.53220253475452e-07,-2.0400934652816e-05,4.4103954930928e-06,-1.07227408953378e-06,2.11072480395741e-05,-2.7002732661987e-05,1.8796452916198e-06,-2.45811648623348e-05,8.59390705248519e-06,-1.35569618186668e-07,-0.00126974206529037,-6.74610717881606e-06,-0.453787447145591,3.88814663024939e-07,-2.80387900522953e-05,2.22263491141879e-06,-4.69481423821284e-07,6.61198590968079e-07,-1.16735965146698e-06,7.36205520084921e-07,-4.5204636405134e-08,5.40770267035435e-06,-1.96403098449251e-08,2.72885668512514e-06,5.93639762276883e-16,-2.40059058172986e-06,-1.79864633831318e-07,2.04538632378026e-13,5.24279414167459e-08,-1.60302733953714e-07,1.3041706783111e-07,4.20372753917014e-08,-3.20934178107281e-08,1.77426462684316e-06,-7.15328381005712e-05,-0.498624747211692,-1.10703852838837e-07,5.98325096675145e-05,-0.00140978086770991,2.92167582679524e-06,-3.77286977835371e-05,4.9229492364816e-07,8.56007099862136e-07,1.31925180255301e-08,3.19865596409354e-05,-4.5451365227335e-06,2.09157295390882e-08,-7.09022698534067e-06,9.61825668784192e-07,-3.71626471320764e-06,2.54955159044627e-05,0.0722149832566566,-5.67147877071095e-06,1.01758104378206e-06,2.38486893116977e-06,-1.19146313214887e-07,3.39353153360458e-07,-0.00302836316195389,-1.52077674550094e-06,1.80861897642586e-06,1.61066396122756e-16,0.0332481074508945,1.17913880539078e-07,-1.92958665712339e-08,6.23331353471881e-05,2.68857751226096e-09,1.65014422932454e-05,3.99627491855717e-06,-5.47543868317559e-07,2.44671563762398e-06,4.73595617663648e-16,-2.17092150115188e-05,-1.85616973749017e-09,-0.00737328149065738,-3.66059738557742e-08,4.38861241972401e-07,-3.56150859053135e-05,-5.19562091212489e-06,1.40885889684819e-06,-1.44363119704817e-07,9.31189663179869e-06,-3.03426450136755e-08,-2.92750046474082e-06,-3.93325589657891e-09,-6.20672508939817e-10,-3.09768083598745e-05,4.44473677214324e-08,-8.95073809130833e-06,-1.03661199585098e-16,-2.57235993409971e-07,2.0665786860637e-08,5.95722175709433e-10,5.76981547839371e-09,-8.92324000938858e-06,-6.13134357528068e-05,3.55440133564095e-07,-1.40949846374932e-06,-1.28854272769734e-06,7.79410999839334e-16,-0.0119702082797054,1.64910332638235e-07,8.06843721842314e-06,-4.02977872930492e-16,-3.63532452180106e-07,-2.9032228781867e-08,3.26543314824526e-09,4.61710492287518e-07,-2.16240179736132e-06,-2.35083957150966e-07,-1.0195386994868e-07,4.95482231752364e-07,3.72038025944524e-08,2.42168405457579e-09,6.7408762311631e-07,2.05774693582802e-08,1.2931674148485e-16,-9.90029963060208e-09,3.74633927496882e-07,1.68582753075559e-07,-1.11538387774039e-06,-1.96210338297421e-16,-2.46250285993724e-08,4.86169327105351e-09,-5.82636716589239e-07,-8.91973487926019e-09,-0.000320816658961555,2.54773282564016e-08,-3.620406061894e-07,2.03718277543086e-06,2.41574614373072e-16,7.51073419622308e-06,-3.56601215113902e-08,1.03863158547056e-07,1.12081248683338e-05,-1.47371809993559e-08,-1.86427673195889e-08,-2.08166817117217e-16,6.89340812028022e-17,-1.7286544336697e-08,-2.00747334857333e-08,2.65131283120019e-09,-2.75301344783206e-05,9.66717328188262e-16,-1.39243974834123e-06,-1.65152707184792e-08,-1.04785176668334e-15,-6.94583717485943e-16,-1.49150615535409e-16,3.31882590417601e-05,9.4300892494602e-08,-1.06063612252966e-07,3.25618333362913e-06,4.62910631295817e-07,8.6765283054199e-08,-3.77049742918451e-08,1.02896686691574e-16,-8.548942010216e-09,2.44228661324535e-08,-2.36530606932042e-16,3.22276701421403e-16,-1.73706253042727e-08,-2.73530912985671e-06,-1.24980889623437e-08,3.72013815236923e-06,5.84830066476676e-08,-0.0438627650740837,-6.0357619250784e-15,4.23070979553572e-07,1.5800690184156e-16,1.03279956978297e-06,9.89768163262017e-16,-1.28532612798627e-09,-3.48331211875898e-16,1.4136351325091e-08,4.02858320332101e-09,2.74109346321718e-07,3.91994828035117e-07,1.75514108514776e-08,-2.1178912037309e-09,1.38854416238182e-08,8.95883930786319e-09,2.43054536882263e-05,8.64121635463909e-08,5.21204517851435e-09,-1.5131367342706e-08,-2.59522602462161e-05,-2.25311145479766e-07,-7.34138632348687e-09,-1.54243253014336e-15,7.04097770865488e-08,-1.24263582977787e-08,7.96979781334316e-09,2.08275171641631e-15,0.0149279437017504,2.71007776123172e-07,9.39000971091789e-08,-2.2561197674798e-15,-2.34118060381252e-08,-0.000145486616243113,7.81235699913453e-16,-1.61694038889794e-08,4.40930316318434e-08,-6.23001264482212e-14,0.707106781186543,-4.2847626644049e-09,-0.00178937761219982,-0.000992479278010812,-1.87898819586299e-05,1.57939688179031e-07,4.18984620230033e-09,4.31885003536092e-07,3.96451556841343e-08,-1.0287249726781e-06,-7.18522463749593e-15,1.98494617114212e-10,1.3781297034866e-07,0.00485308985028681,3.2233897516207e-06,-3.18445866011982e-13,3.15198311705923e-15,4.84151393930717e-07,1.26937912927591e-15,3.60278309107264e-15,5.18913277930663e-08,-7.65168208577984e-08,-1.43262086107424e-08,-8.06301750282702e-08,3.68385038174265e-07,9.62410340728277e-08,1.23072366192883e-07,8.97624249034016e-16,6.53142736591959e-07,7.34188593812471e-05,1.39635928985254e-07,-1.33540777762778e-08,5.28204162626946e-08,-4.96830111975471e-16,-2.99484799582462e-15,2.367976087947e-15,-1.3768244550073e-05,-2.21866837372646e-09,-1.43842549448911e-07,2.34953085356411e-15,-1.70224171742635e-09,-2.11629857066167e-15,7.1429248490577e-16,2.78978571459586e-07,-6.98508600143849e-08,5.21718085400025e-16,-5.76498683572521e-07,-7.77454161144932e-09,1.40722420102232e-15,1.75814710048323e-08,1.25682652637422e-16,6.51965742341708e-07,-1.23547177816478e-15,6.50246361040867e-07,5.363413232968e-08,1.94265377741759e-09,1.91829097560944e-07,1.31668777797208e-06,-6.26825342043939e-09,1.92427155185222e-07,2.81544034493753e-17,1.13746122924896e-07,-6.42008134200034e-09,1.68804159244187e-16,-8.45794982570819e-10,-1.72356059917395e-08,4.00436099637934e-09,-4.39725830904673e-16,1.28420028835631e-08,1.69843567112979e-08,-6.60279643516136e-16,-4.71238988666115e-07,-3.57674485074209e-07,-4.88235760338796e-10,-6.63150486712943e-16,-8.67705637881073e-17,8.72839765387715e-09,2.79190454339313e-07,2.25866250127852e-08,-3.48164535931175e-09,1.65467286585384e-07,-1.04427697656801e-16,-7.30274768603701e-16,6.0434566254183e-07,1.81834617763268e-09,1.05797685593038e-15,1.46277478802347e-06,3.40639957160744e-17,7.28414566965365e-09,-1.38077414980571e-07,-0.000339866495877171,-9.59372302622428e-06,-1.11003769371495e-16,-6.74095155999101e-17,2.73376965813785e-16,-4.40013023371465e-16,-8.27353962535572e-10,-2.87074748432425e-09,-3.77488275970362e-16,-1.88619701420068e-17,-1.20605665116566e-16,4.04438528559695e-09,3.63569399783582e-11,-2.00335239689717e-09,4.48194765088212e-16,-3.33213274680833e-15,5.97124346496392e-16,-8.61402125754911e-08,2.63614893802219e-09,2.55402715968712e-16,4.63062214896779e-10,-1.21203881773333e-08,2.05138328159579e-16,-7.37852272819075e-16,-8.71462376753896e-07,-8.58241441896242e-11,-4.32165404569787e-07,-3.40274709643383e-16,4.6918098112867e-09,7.58433380552645e-08,8.16154630083473e-08,-3.06362319752524e-07,-1.8218714066083e-08,2.98057184594675e-10,7.04487972657357e-16,-2.61140708514187e-16,-1.81491457978005e-15,7.18174012794163e-09,-6.69149157294157e-09,-0.00449897752665388,-1.35903002199223e-09,-6.28188431734146e-16,4.9557780970911e-16,8.58048339537036e-16,-2.50541347070991e-16,-3.4774215290546e-16,6.76390105624117e-09,4.57724053451318e-16,1.72737643923838e-15,-1.1895703683094e-07,-3.29541735081168e-16,-1.09539319514659e-07,-3.77965566968484e-16,-0.000272541852269843,2.77844642661724e-16,-1.56584465623554e-05,-1.90941110946404e-08,-1.68894161148688e-08,-6.21978722096212e-16,6.15818259560299e-07,4.1454684703489e-17,9.37734269346762e-08,-1.49490275033428e-08,8.27353155808854e-11,-7.30509483601164e-17,4.55882234958617e-07,-2.01875822323637e-16,-3.28407172361704e-08,-1.67650669484078e-08,6.56136160720471e-17,-3.46216984489305e-17,-7.99350072962606e-16,-2.29902516344463e-18,-2.54392746302541e-09,-7.57048710228461e-08,-1.69055734129835e-08,1.10211497470141e-16,2.2017155701919e-17,-1.73282312855453e-09,1.41353663496435e-08,7.67643778926584e-18,3.43099567995593e-16,-2.82102511943754e-08,1.59233734798185e-16,-4.99605226177072e-06,-7.88881824515603e-16,4.99954752046668e-08,6.78244845157684e-17,-5.13934084390164e-16,1.4333486169008e-17,-1.16802943164343e-16,3.6312732074833e-17,7.05934763763694e-17,9.6106619827639e-10,-6.72134188282442e-09,-4.41674045381586e-17,-4.46239358756533e-09,1.8748206469099e-07,-1.448931895724e-16,2.6995836583629e-16,-1.69420331429459e-16,7.35698716696794e-16,1.57450460891929e-06,2.75400714472043e-08,9.691780462582e-17,6.30883264478639e-17,-3.35602288543485e-08,-1.08402075243326e-08,-1.64117611283806e-10,-1.98245284028185e-18,-1.87813938021181e-16,-2.04396852938682e-16,4.37183575787341e-17,-1.11434562957277e-16,4.00546819024816e-16,6.58553398328805e-07,-2.27933554403489e-07,-1.19767398590617e-07,-8.97740248206281e-17,2.79385669699146e-16,3.70943249944537e-16,2.62055305425219e-17,5.55813472358335e-16,-1.13020795772748e-16,2.33778078006874e-16,-1.91436518090418e-16,-1.39806101802283e-16,1.96396692733799e-16,-6.00195816806239e-16,-4.50097397880586e-16,-9.51850957182843e-17,1.35330246912777e-16,6.39656260025402e-10,3.39953081968031e-17,-1.24539553374483e-16,-2.10767880244207e-16,9.13500487185538e-09,-0.000769111164451653,-1.02801593193482e-16,-2.28944508975861e-10,8.23835441207134e-09,2.97171177839675e-16,-2.88933257404432e-16,-1.58972203468278e-08,2.06484381874044e-16,2.0299203812593e-10,6.23660039700345e-17,-1.00330355166639e-16,1.12794097327672e-16,1.95009311366412e-16,4.21008358432611e-05,-2.72269519950386e-08,4.2987369819265e-16,2.33541508569481e-16,2.96807293936856e-17,-1.14197876382904e-15,3.02275565688959e-16,1.12128702758164e-16,1.12186269622714e-16,3.61263129068723e-16,3.27326331417196e-10,1.28846712102817e-16,4.24281836023023e-17,3.99866083384566e-17,-1.75529709787178e-16,-9.44470734218407e-17,4.95840860900696e-16,-7.11268685924109e-08,5.07002192629779e-17,6.85031122405441e-17,4.81107777415471e-09,1.40985519646466e-16,-2.58344685105635e-16,-1.16879621539185e-16,9.19383613805248e-17,4.00784810321266e-09,-1.12337862745816e-16,-2.75229340205566e-06,1.67408823319431e-16,6.72919333738627e-17,6.45999833882622e-17,6.89022762592273e-16,-1.60623140436719e-16,7.29179938263725e-20,4.78674264619457e-09,-2.2156046899347e-16,-2.38983002329545e-16,6.04212354115237e-10,-5.97243913020398e-07,-9.66337937492417e-18,1.02759045820459e-07,1.39656094303028e-07,-2.70227483238358e-16,2.02623680246719e-17,-3.90729093809483e-17,1.76773776664929e-16,6.34701732026638e-17,-2.33996907595544e-07,7.06106935518633e-17,-1.35649942345055e-16,-1.75800263427998e-16,9.36236388167666e-08,1.43823263381722e-16,-3.77905234462135e-16,7.29811561298245e-16,-4.10818315222823e-18,-4.2621318544703e-08,4.94257376357895e-17,1.25633054006216e-10,6.66126798173436e-17,2.26377158251273e-16,-9.22037335750788e-17,-2.13420085342975e-16,-1.96204124691944e-16,-6.07152907640535e-17,5.8985631602381e-17,-2.17773777925162e-09,3.25970868045871e-16,1.61395814798163e-16,9.15334210199869e-10,-7.32721865607695e-17,-6.90982438617931e-17,1.94583618477691e-17,-2.26118817170216e-16,-5.93924491760189e-17,-4.16764068759981e-17,-6.63083360261118e-09,3.27247625120206e-17,-1.25683203240176e-17,1.97384199980038e-09,-1.94295622922214e-16,1.6503265039535e-17,-6.05556425864123e-16,3.22473055673797e-17,1.85813311687872e-16,1.51770079244324e-16,1.89473378441174e-16,-1.02248381610399e-16,1.66746552967056e-16,7.05219230792335e-17,-1.17606619806061e-16,-1.03435246840566e-09,3.4294985185463e-09,-1.54643562921836e-17,5.50330609166658e-17,1.63439228900078e-17,3.26001542697765e-17,3.5301622736128e-16,9.6019715002369e-17,1.0805246387946e-16,-2.68601094221696e-16,-3.2665707906132e-09,-2.10827112936183e-16,1.0162506087363e-16,-8.3060972516244e-18,7.38643593581722e-17,3.80062103156792e-10,-2.75291408129882e-17,-6.02307859769007e-11,-2.3249647882897e-16,-5.4726528339403e-17,-2.46583592111623e-16,7.90065843798914e-17,-1.14672727711702e-16,-2.87500643595416e-16,2.25050910443019e-16,-5.69108453308634e-17,-1.07349823087638e-16,-3.44696556999568e-19,-4.74371831937295e-17,1.03425552489584e-19,2.14839208901592e-16,1.1175426095732e-16,-3.2518649991725e-16,3.16015234886652e-16,-4.39589604719331e-17,1.20715994366909e-16,-1.88633546600395e-16,-2.4215791716728e-17,2.43186547288499e-16,1.20782963592413e-16,1.61979776930174e-16,2.18820328136931e-17,-1.20880469969544e-16,2.90661456803993e-09,2.0262980605776e-17,2.917883849764e-17,-1.05670486613764e-16,2.09814863663495e-18,1.61245348274899e-17,-1.28564361317345e-16,-1.49783952135325e-16,1.85788156437254e-16,1.62347244388986e-16,-2.10023855612621e-16,-5.29090660172926e-17,-2.52818209034434e-16,1.01762880703695e-16,-1.15170081393531e-16,6.27456757617694e-16,-1.43719300493255e-17,-1.44422878224957e-17,-3.3836349899504e-07,4.92464333033721e-18,-3.79720853176601e-17,-1.83647099201798e-16,5.80716523806903e-17,1.59940881817703e-16,-1.4148794176383e-17,9.52963503119356e-17,-1.01103701452983e-16,-2.47887002660925e-16,8.54786069789337e-10,3.41446102538975e-16,6.11363049455388e-17,-1.30177187349779e-16,-1.22592344110163e-17,8.2810290817908e-17,2.21157796138775e-16,-2.89974843360745e-16,1.23314497386948e-16,-8.13299086165564e-17,6.7838349876481e-16,-1.66646102917868e-16,-9.66836932078824e-17,5.93975951833507e-18,3.97482295270391e-08,3.6327131411544e-17,-1.7405556982934e-16,-1.63960953383651e-16,-7.50051062925472e-16,-1.18002850966971e-09,-4.66088185099636e-17,2.78674786104203e-16,-8.82173963945456e-17,-2.99422581713386e-16,-3.60981251390622e-19,-6.78895939261437e-17,2.66788926340388e-16,-9.53980464041906e-17,1.27655801155285e-17,-1.31533416397088e-16,2.87181667267935e-17,5.51594532373361e-17,-8.13082181829798e-17,-6.29690917199164e-17,1.18047802607924e-16,-1.47372530236697e-16,-1.57988202389186e-16
"t121",0.0399195443466765,-0.0139715992613678,-0.0154814099123323,0.00108409356175571,0.012701777319227,-0.0527588618947221,-0.00814309452788531,-3.21046229996332e-05,0.101302989517328,-0.00649272741004011,-0.0143118944454649,0.00124757133196948,-0.00278845645219164,-0.000628978162310488,-0.0206625159192151,0.000647557375998735,0.000487889349299557,-6.66578668155919e-05,-0.0371328123970459,-0.0676364613246039,3.05869732795968e-05,-4.40219757178712e-06,0.00019922253351376,2.44996281264717e-06,-3.47329826651168e-08,5.67468791916326e-05,-0.00070899277384254,-4.0759164630556e-06,-3.97117320315146e-05,0.00102182721137472,0.000248455329379372,-0.00703116058717925,-5.17432320407086e-06,0.00783714905088848,-0.0661336087444638,0.000563650194534365,1.65598890619738e-05,-2.74659607534892e-05,-0.00304837858983449,-0.000639571779640764,-8.43739561774671e-05,0.00201735234194118,-6.20177714846857e-06,0.0004131700698712,-1.50759883880422e-05,3.40631926306838e-06,-6.96884938055625e-07,1.13635323211401e-05,-0.00283436172957599,0.00281049148675446,3.33671881812665e-06,-1.02390557559492e-06,4.00181728793225e-07,5.77282295828943e-08,-0.00222085555384286,-2.95284761673117e-05,-0.000215405354737571,2.58996386962065e-06,-2.13066818134017e-05,-1.93610813305808e-08,-6.78826994597225e-08,5.07278314303116e-06,-3.84342592725633e-06,3.04293879320098e-06,-4.70329919002069e-05,1.44691957337852e-06,-0.130181504777158,-5.87476285905196e-05,9.31491969787434e-06,-2.41815250166306e-05,-1.09756131796327e-09,1.72235300069899e-07,-6.71648096282553e-07,-5.35712209247284e-07,2.30389780798223e-07,2.50913287761704e-06,-2.21669982686668e-06,3.73386364801423e-07,-0.000138075635190695,-1.87919361560798e-05,1.42977359832368e-06,0.000116016785588473,-0.000239763101329755,-8.25478422290978e-06,0.0129609260930803,3.42730131569939e-05,-5.80733520517477e-05,-0.0543105619557572,8.08672314532536e-06,-8.87681601340496e-05,0.000256442399206218,-1.89220632452677e-08,-1.20136411319322e-05,6.55795491048421e-06,6.60911260055092e-07,6.88961894569886e-07,8.05113587271524e-08,-2.9312062996458e-07,2.62201357339378e-06,-0.00025942178650221,2.4383659866534e-06,-1.52371541827595e-08,3.01382992959418e-06,-5.67954601543598e-07,5.2740844685874e-07,-1.26341514452623e-08,2.34408760398744e-06,-2.64368166832269e-09,2.26979272279615e-06,-3.33157682322859e-10,-7.69343419579754e-09,2.46092656375642e-08,-9.04331872006869e-09,3.85503776293843e-08,-4.58407475997571e-08,6.53090828909537e-08,-7.79534534036176e-06,9.74453621151409e-06,-1.65842832350057e-06,6.39878563497804e-07,-3.81145167542987e-07,8.99618351802115e-07,-0.000103915141891821,8.17573799383864e-06,4.66200340404333e-08,-1.41858938378382e-06,1.48549725799765e-07,-3.82473072118413e-06,4.2277182040738e-06,0.000147368728644193,1.10351044573932e-06,-4.5879677949265e-06,3.75218000055684e-07,2.50035383357338e-05,-1.09604970528149e-08,7.32887207986787e-06,-0.000281425177783948,-1.15865120827316e-06,0.00287218523572968,0.00070571695895978,0.000118781493079601,1.74513067255769e-06,-4.25191865493938e-06,-8.81788154742524e-08,-4.9617970361507e-10,-2.6766693143241e-06,-6.77661594237895e-07,7.05548372664961e-05,5.95237807975199e-06,-3.12689242618444e-06,-4.65653525380115e-06,-0.068668934360674,5.67977524903234e-06,-0.000643972929569996,3.27184326550392e-07,5.97501017668047e-05,-3.05082881139919e-05,9.63132859854463e-07,4.72701666535071e-05,5.91053531306818e-07,4.80687365922398e-07,-6.72432962831858e-08,3.91071189984962e-06,4.81658728981489e-07,-2.0996136883923e-07,5.73446433284486e-08,0.000948860885749828,0.21802784311994,-0.0032704936154816,-1.75729256370351e-06,1.78025751857787e-06,2.97532307381884e-07,-2.20554337108434e-08,-7.20354937084627e-06,-1.0931730495046e-07,-2.15722105637423e-07,-9.30741400443464e-09,2.86444759950991e-07,1.06242712156724e-05,1.17138908783609e-06,-4.70355605107196e-06,-1.28224322442082e-06,2.72206203662157e-07,1.11195341488196e-09,3.49563205187441e-08,1.7426044502298e-08,0.000154338610427816,-0.0165961798960463,0.00311297720478804,-8.74633421175787e-07,-1.10333071841237e-06,0.000106414088224197,1.15621785870793e-07,1.05918215163088e-11,5.5819469060635e-10,7.31998291454853e-07,5.76916213267717e-08,1.33406385834496e-09,-1.64858065372945e-06,-3.63625177191975e-08,-8.52510495547598e-08,-1.21324518983044e-07,2.35691822564789e-09,1.09132754954013e-07,4.14431108298936e-05,-2.17124876949061e-08,-3.12600663094269e-06,-5.56734579444662e-09,3.13488618653873e-07,4.29657179373187e-11,3.51763688944817e-07,1.16546631738237e-09,-1.30920894846074e-08,-1.00473552404399e-05,5.71101869114842e-09,7.18121989044505e-10,2.15459816399448e-10,1.63312872027154e-10,-7.53686585650165e-08,-3.92516336715821e-08,-1.90461256747176e-08,2.74484956889497e-08,6.2751944104366e-09,2.76672440639815e-08,-9.1298548790509e-08,-5.30823231550832e-09,-5.05073771660331e-07,-3.10235187831418e-09,-7.04028829920348e-07,-2.40092930932253e-07,1.32240293402514e-08,2.78858683812088e-09,8.63268588625291e-08,3.1990154866202e-08,-1.91016942256037e-08,-3.51709007122997e-10,-1.58719868325458e-07,4.14334056977782e-17,-1.54704903865562e-09,2.22392593871718e-08,-4.72096509292143e-09,-1.25113575579108e-08,-1.72435988505838e-07,2.38794777522083e-09,-3.52257074983889e-08,1.57744714038265e-08,-3.03759434264515e-08,4.11378381475817e-05,-4.05876586413588e-09,1.67060287221992e-06,-1.09882072610367e-09,1.21316623126268e-07,-1.05308520856326e-06,4.89133515032565e-10,-3.34039070275932e-11,1.65368146879865e-09,-1.72618197478649e-09,2.74055231093847e-08,7.68567027586095e-07,-1.56071225574733e-07,3.45928804209287e-08,-6.60487361008894e-07,8.17995235194029e-07,-5.43884535343129e-08,6.6328450413011e-07,-2.30016752915918e-07,2.99989600804775e-09,2.79682119842315e-05,1.47828045143724e-07,0.00940772485617408,-7.89264615520813e-09,5.31341561052504e-07,-4.15715787465332e-08,5.35648550764167e-09,-7.06084181330446e-09,1.17995761923783e-08,-6.49342047296553e-09,3.5283045517148e-10,-2.96076579486523e-08,9.30205215989376e-11,-1.11731664113264e-08,3.27405865303707e-16,1.51488593525802e-10,-2.65779375175702e-10,-1.14210680996938e-14,-2.15564347667704e-10,3.56865799738926e-10,-2.07489941937556e-10,-5.48931261910927e-11,-4.85531258443756e-11,2.9429445142979e-09,-1.21425515644621e-07,-0.00115508492417142,-4.13639992275676e-10,2.35441147669912e-07,-5.7309895531043e-06,1.29998691630955e-08,-2.0001834294771e-07,2.64753639346062e-09,4.60307474947265e-09,7.09376032656373e-11,1.54873872567422e-07,-1.36631137901185e-08,5.6011134521478e-11,-1.53083192973263e-08,1.4114631806976e-09,-4.61355057419344e-09,-2.29487970531126e-08,-7.79895727718082e-05,8.03452106056788e-09,-1.68107279420038e-09,-5.85501629706553e-09,4.04733085535273e-10,-1.46586615640364e-09,1.43490149879144e-05,8.31986582135982e-09,-1.2895840870773e-08,1.14733390643693e-16,-0.00352430820285629,-1.72406746109607e-09,3.92316170435419e-10,-1.27401475551891e-06,-5.52519208896477e-11,-3.5291566417631e-07,-9.1250061376355e-08,1.33817684302337e-08,-6.74535000466775e-08,2.2494645534653e-16,7.56181595442537e-07,6.63900757368771e-11,0.000278724922345321,1.39276972453762e-09,-1.8998962269373e-08,1.64949053020905e-06,2.63690025412648e-07,-7.59691711298889e-08,8.82307072187656e-09,-6.34726186972989e-07,2.21156383090181e-09,2.21398349689442e-07,3.04275384791645e-10,4.9962580784841e-11,2.50439692446479e-06,-3.69455603802728e-09,7.60048257190967e-07,6.28395336872173e-16,2.54783110930917e-08,-2.11101721433321e-09,-6.08710401492144e-11,-6.42435999248106e-10,1.00631150655971e-06,8.04815879219216e-06,-4.86553501657532e-08,1.94535990031935e-07,1.83434584072317e-07,1.35839414079264e-16,0.00176476947029331,-2.4629685621149e-08,-1.26430265716774e-06,8.97356070124372e-17,5.9963283141326e-08,4.8465902979097e-09,-5.48521198121572e-10,-7.85562580567054e-08,3.75863208546899e-07,4.15200648110514e-08,1.82327640458796e-08,-9.19238166294116e-08,-6.93219436319217e-09,-4.62688747016321e-10,-1.34558201005152e-07,-4.11673062054614e-09,4.70549224071907e-17,2.15582455858689e-09,-8.27780291093851e-08,-3.84629673245383e-08,2.67081853780159e-07,-3.63928520797231e-16,6.53686516372742e-09,-1.44700916830318e-09,1.82507335687608e-07,2.86125070549812e-09,0.000105881013006813,-8.86350956251486e-09,1.37183475703205e-07,-9.54018121157939e-07,2.37760669183211e-15,-4.2533765704819e-06,2.05364626946233e-08,-6.19573872174918e-08,-7.0232281227934e-06,9.26972964112945e-09,1.18916992592729e-08,1.45716771982052e-15,-3.62117261873872e-16,1.19625644031077e-08,1.49321985615513e-08,-1.99013268785283e-09,2.20778764895887e-05,8.95702884921146e-16,1.29721923706431e-06,1.64885259022829e-08,9.92732008588003e-15,5.27608523371021e-17,6.62989778076779e-16,-4.17270915814434e-05,-1.22324115101723e-07,1.53848918282692e-07,-5.2212578618583e-06,-7.51323615632777e-07,-1.57902508829792e-07,6.95666516297175e-08,-7.58738206900887e-17,2.05161417533808e-08,-6.50991613774959e-08,-3.0415577135772e-15,-2.44052487292837e-15,7.75189968670825e-08,1.43817975725043e-05,8.54869019390138e-08,-3.16421248682434e-05,-9.06008029263305e-07,0.780416972801747,9.41784977537208e-14,-9.42494706449857e-06,-6.02733484169943e-14,-8.0036488845368e-05,-1.63233684381814e-14,-1.27187471149402e-07,-1.6216646311537e-14,3.6505855153026e-07,9.06858446026105e-08,2.33752167142758e-06,2.96532358145199e-06,1.26844413956087e-07,-1.28477523408179e-08,7.4129577373476e-08,3.76911157025094e-08,0.000102069331749883,3.41402585063614e-07,1.86184931574814e-08,-4.8099742962557e-08,-7.57730827896449e-05,-6.19711527454554e-07,-1.96499953194942e-08,2.2157043786483e-15,1.74749994351667e-07,-2.90665132821567e-08,1.91029795375588e-08,-7.34926653247298e-16,0.0658233334614855,2.52792348844163e-07,1.03764602546645e-07,-2.38085912222121e-16,-2.67733848153951e-08,-0.000171906306285568,4.04584477059273e-16,-1.89279507926477e-08,4.34167742468136e-08,-1.90480243929964e-15,5.43963594196266e-14,-3.76251407801575e-09,-0.00155279186704141,-0.00211318199263522,-1.38216065048175e-05,8.26564427745221e-08,2.09480789056243e-09,2.00846565780104e-07,-6.98849255587022e-09,2.32406668682292e-06,-5.64818374362841e-14,-1.27822821111498e-09,-1.16163567039692e-06,-0.534963400132952,3.44336476171518e-05,-2.82682882096393e-12,-5.07732540057882e-14,2.41561124382957e-06,1.0236585639477e-15,4.7353144446656e-15,9.89830379870433e-08,-1.37826405699286e-07,-2.57768125187749e-08,-1.31636504549616e-07,5.94818992438291e-07,1.55038689301685e-07,1.95409757601862e-07,3.02862339313601e-15,9.18933177837069e-07,0.000101223617935806,1.91293019941728e-07,-1.77570968038381e-08,6.69822637857421e-08,-7.71245613079934e-16,6.30344995001904e-16,4.38088988081877e-17,-1.64940188450682e-05,-2.60132495317598e-09,-1.68386000304182e-07,1.6924228367526e-15,-1.95465377558947e-09,1.250604745875e-15,-1.07966595353594e-15,2.97951816300735e-07,-7.45412338983862e-08,1.62933902481122e-15,-6.05832163117687e-07,-8.10015707820208e-09,-3.85477131941808e-15,1.80112410128718e-08,-5.56335314690882e-16,6.55218356966625e-07,9.75741562617721e-16,6.5240273866967e-07,5.37429169731565e-08,1.94377984700412e-09,1.91556786560834e-07,1.30897146124956e-06,-6.13140794023361e-09,1.84261486729986e-07,-2.06532413179669e-16,1.06271938269025e-07,-5.98316310799329e-09,-3.56762116624477e-16,-7.85626046546166e-10,-1.59145370208839e-08,3.67802452903837e-09,-3.15650591116205e-16,1.15931835576402e-08,1.52820301312818e-08,1.52552903607433e-16,-4.22168333305126e-07,-3.1975064793928e-07,-4.33099710261681e-10,-5.34618800587258e-16,-1.97462721920072e-16,7.607927164384e-09,2.41609616359046e-07,1.95179857156202e-08,-2.92193408381807e-09,1.3824511478526e-07,-1.67078260837449e-18,4.89391728088894e-16,5.03381168299842e-07,1.51398616654678e-09,4.01071529346214e-16,1.21177158521421e-06,1.12130018556235e-16,6.00527416651483e-09,-1.13101868991186e-07,-0.000278264989687673,-7.84091451887033e-06,2.12954178425124e-17,2.64744484417808e-17,-2.0512485920648e-16,1.59014127937473e-16,-6.65819361609744e-10,-2.30741625631837e-09,7.26521374769311e-17,-5.26745202417875e-16,-3.08120171991738e-16,3.23647281178636e-09,2.90388093385555e-11,-1.59208179470213e-09,5.08553908659724e-16,1.44188046918847e-15,-1.52905032385631e-15,-6.73387120345158e-08,2.05963718706932e-09,1.51633247498522e-16,3.59581777541061e-10,-9.38897751549904e-09,5.05771078029438e-16,2.74857482531975e-16,-6.71272948726528e-07,-6.60783237909909e-11,-3.31660351361317e-07,4.81804738785878e-16,3.58148285446243e-09,5.77273782883107e-08,6.18739828625953e-08,-2.31023065953933e-07,-1.37190847110691e-08,2.23856641090952e-10,1.51776461729398e-16,-1.61859823555492e-16,1.18616776381811e-15,5.31687341261991e-09,-4.95287001494413e-09,-0.00332415183757157,-9.95435785649610e-10,3.57707925545098e-16,-4.57173461548054e-16,-5.58761000884174e-16,5.36932873908223e-17,-1.02180782467647e-15,4.91108422495043e-09,4.14004251913745e-16,-4.06206498874945e-16,-8.60840033464799e-08,2.68874045170722e-16,-7.92548347184841e-08,-4.69843964985875e-16,-0.000197133352815464,-5.98762012555791e-17,-1.12621761937066e-05,-1.37150997464897e-08,-1.2107203759527e-08,3.90201488606001e-16,4.40374561824447e-07,-1.45114908457731e-16,6.67071735864485e-08,-1.05640768063252e-08,5.84504842003479e-11,-5.84356742315235e-16,3.21230317757222e-07,-3.95892100962111e-16,-2.30472333618237e-08,-1.17632220949614e-08,-9.3825634306585e-17,9.25518212170784e-17,-5.49336702020953e-17,6.12599219868277e-17,-1.77913234025602e-09,-5.29001991648733e-08,-1.180146952388e-08,-3.2988167155735e-18,1.60524691332195e-16,-1.20407233458676e-09,9.82014243620238e-09,5.44629040467963e-16,-2.19849370639366e-16,-1.94897400662673e-08,-5.67613984529547e-17,-3.44765734615932e-06,8.72811844862191e-16,3.43874849491854e-08,-1.99081042364547e-16,-6.67924040578272e-16,-5.79143163269496e-17,4.80657479947437e-17,2.21425702812066e-16,-1.44872380316311e-17,6.56831456832608e-10,-4.59326417256078e-09,-6.01839248038866e-17,-3.04307383828931e-09,1.27740001420434e-07,3.05797511346031e-16,-4.17852318508231e-16,-8.01678250185912e-18,-1.94626521705295e-16,1.06891473394531e-06,1.86815809906613e-08,1.71879044996111e-16,-5.93896708310174e-17,-2.27452499639989e-08,-7.34605578586936e-09,-1.11174649722528e-10,2.48362240148183e-16,-3.14441082416995e-16,-7.69038750532666e-18,-2.42119564204282e-16,-1.94834536207553e-17,8.6466808058846e-17,4.43711549282684e-07,-1.53513382323625e-07,-8.06340421340534e-08,3.45194578461202e-17,1.55966214784026e-16,4.91979879760004e-17,6.73829811416012e-17,3.58393195632729e-16,-1.97174045571677e-16,-6.29289105717769e-18,-5.88371913430994e-17,1.71711358120207e-16,1.07789574694907e-16,-5.6069585109119e-16,6.72338857051423e-17,-3.33640428680577e-17,5.71220879677787e-16,4.41179677486298e-10,-1.05824513379323e-16,1.08610232063915e-15,4.8663756085635e-17,7.35979250388718e-09,-0.0105417813083918,-2.06522900244854e-15,-9.66279218417467e-11,5.23645717828387e-09,-1.79517619717094e-16,4.5869690052932e-18,-1.02897315228085e-08,-2.91564692712014e-16,1.31993423112951e-10,6.2007837567225e-17,-3.73613962249829e-17,1.28462376638199e-16,-4.99877621402461e-16,2.73867963469724e-05,-1.7709848280339e-08,-3.97646958021109e-16,-2.20184883605816e-16,-1.69063130626966e-16,5.36872397005571e-16,-1.22840106142608e-16,-1.3097537623874e-17,1.21480224151783e-16,4.38121566847314e-17,2.11099994272406e-10,-4.74135222515986e-17,-2.85894884154531e-16,-5.05823178850263e-16,1.84845109269356e-16,-6.83940952372847e-17,-1.09625577414535e-15,-4.57714867949825e-08,1.01886404219968e-16,1.799889280375e-16,3.09477145944652e-09,3.89397081716737e-16,6.61233890235329e-16,1.04115625198788e-16,4.09708117130352e-16,2.56591399274783e-09,-7.9355826008486e-17,-1.76059579992653e-06,4.97477706427387e-16,1.98299078491413e-16,-3.6404112861808e-17,4.23121332757256e-16,7.45508405106769e-17,-2.54429874704174e-16,3.05676476465063e-09,-1.15984316585001e-16,4.72699340189901e-16,3.85341532644366e-10,-3.80872022426238e-07,-7.22439773267741e-18,6.54580414635805e-08,8.89306575602184e-08,-1.38297832260617e-17,2.5040271892186e-16,2.71366071597166e-16,-2.1605244773845e-16,-3.15286263364283e-16,-1.48252254162064e-07,3.39202427096275e-16,1.59456770062667e-16,2.02591410305138e-16,5.92409946926901e-08,-2.70923285416002e-17,8.86604417941853e-17,6.93233509788452e-16,1.43331104485663e-16,-2.6923944341649e-08,-1.21906005421554e-16,7.93219873254233e-11,-1.35208959288047e-16,1.26830879396224e-16,-2.01970612348869e-16,1.98865416521996e-17,-3.40184692855432e-17,-2.86032604057601e-16,-8.80255311452532e-17,-1.37131022926673e-09,-4.16915152306503e-16,6.81151011848461e-17,5.7600509098771e-10,2.45870675005482e-17,4.09440706254055e-17,-9.36444612631429e-16,-9.9609711239129e-17,-5.71030448381614e-17,-5.92136061291408e-17,-4.16421973724987e-09,3.58287855064477e-17,-7.58189192439572e-17,1.23847803479554e-09,6.01710143059181e-16,-6.63807837327122e-17,8.32677141569921e-17,1.47561742804165e-16,2.10205600422366e-17,6.49366687593971e-17,-7.23347222410916e-17,1.9611663899105e-17,1.6178914026586e-17,-1.60933854536981e-16,1.06613501868491e-16,-6.46895990288531e-10,2.14402336047872e-09,1.46029179064605e-16,3.31723777256757e-17,-2.08504295871811e-16,-2.70040675423717e-16,6.27753057869107e-16,1.26535036088604e-16,-2.78624896127188e-16,-3.26864130999171e-16,-2.03812932148895e-09,-9.17597675198521e-17,-3.38153992069786e-17,-4.17831613394022e-17,1.90820233205649e-16,2.36743512727446e-10,-6.12164694588459e-17,-3.74495359160928e-11,2.21368463140172e-16,-2.95569402998685e-16,3.46220748371016e-16,-1.32859667684123e-16,2.046099083706e-16,-2.40850005793455e-17,1.99194586323184e-16,3.73379728104597e-16,-2.74512490931716e-17,3.67523554272978e-17,3.20892496662508e-17,4.99814798881883e-17,-7.05824000272689e-17,2.54835980970091e-16,5.11437603770726e-17,1.0084482594401e-16,-3.57492669187376e-17,5.0678246273446e-16,1.11579951991412e-17,-1.88934134392939e-17,1.30971622436249e-16,-5.73859412544534e-17,-3.05373251460295e-16,5.36377251970065e-17,-5.22967220112372e-17,1.79566136157493e-09,2.20617315524331e-16,-3.90286714751673e-16,-9.86378988895514e-18,-3.5251770202367e-17,-1.78091252320779e-16,1.41923829103799e-16,-1.24346671178685e-16,1.83120613979336e-16,1.59207435966927e-16,2.74821689304339e-16,-2.7972416050126e-17,-1.83172850290482e-16,9.34160786791807e-17,-1.68442745244661e-16,7.73671871334254e-17,1.96504783719179e-16,-1.29877517395075e-16,-2.0818560439893e-07,-3.50109303052832e-17,3.00572856749162e-17,4.41757618479144e-18,-1.62737243594976e-18,-6.64074533889452e-17,-8.47253872260449e-17,-5.37842257805987e-17,1.5122907319566e-16,-5.70213893017463e-17,5.23835298495922e-10,2.61568464015132e-16,2.59836306524994e-16,-1.05708998746968e-17,8.03391255332491e-17,-5.14103971147317e-16,3.07854305944656e-16,9.86578226930499e-17,6.20671420934433e-17,4.24943985217506e-17,-3.60284576363993e-16,7.38165601226068e-17,3.55868860415548e-18,4.96944934414959e-17,2.42667599019012e-08,5.31540653011159e-17,3.19516374746844e-18,8.73113308919229e-17,4.2782617726278e-16,-7.19203974475755e-10,-2.79932285324923e-16,-2.12671335198922e-16,-1.96073319557759e-16,-2.63459177201108e-16,2.42234924081016e-17,-4.26900708517988e-17,1.78293561172983e-16,-3.22077751695081e-17,-2.04540251748935e-19,6.5101989484498e-17,7.68831876012697e-17,-2.81371439449239e-17,-1.20215100803941e-16,-3.53516079429564e-17,1.22904177531007e-16,1.9282380008871e-16,-8.55891532694607e-17
"t516",0.0399721310281006,-0.0140104236837317,-0.0155258238282635,0.00108826449913148,0.0127616438183509,-0.053050749419289,-0.00818903375158431,-3.23002003313552e-05,0.10203232584461,-0.00654945955297098,-0.014470766226804,0.00126465974919122,-0.00282777681936292,-0.000637982791570063,-0.0209713286354104,0.000657811712566692,0.000495801459774594,-6.77586290418475e-05,-0.0377603418710872,-0.0688792703169821,3.11954158001462e-05,-4.50814497804278e-06,0.000204290047620071,2.51264254780281e-06,-3.5625141310688e-08,5.82751249160015e-05,-0.00072831617892752,-4.18801834898121e-06,-4.08337523107112e-05,0.00105602949217144,0.000257336048365948,-0.0072941863634481,-5.38222137555413e-06,0.00816737221424025,-0.0690665428689264,0.000590706130749829,1.73651830637962e-05,-2.88235100800143e-05,-0.00320010705622198,-0.000671894713996423,-8.87647569171032e-05,0.0021249673880841,-6.53771520151982e-06,0.000435578939261027,-1.59084372259532e-05,3.60687690166789e-06,-7.38706114963707e-07,1.20515617835259e-05,-0.00301024824101454,0.00298951967309469,3.55665469655851e-06,-1.09246030975166e-06,4.27036682168509e-07,6.16775018436738e-08,-0.00237851465590812,-3.16363093930447e-05,-0.000232328868804648,2.79862437339193e-06,-2.30283533929648e-05,-2.10218421945894e-08,-7.39650318263023e-08,5.53700692625586e-06,-4.20114039943651e-06,3.32734895392384e-06,-5.15670886118847e-05,1.59025795744858e-06,-0.143852250482237,-6.50759213678873e-05,1.03300580472764e-05,-2.68720319450539e-05,-1.23314985835773e-09,1.95165670330028e-07,-7.62073101588947e-07,-6.09501535246479e-07,2.62214011037799e-07,2.85911988888069e-06,-2.52709336823458e-06,4.26663653310456e-07,-0.000158617101037853,-2.16342590088425e-05,1.65213963496009e-06,0.000134168435965816,-0.000278922931034077,-9.6202836953708e-06,0.0152225377406158,4.03394420230078e-05,-6.85006134371068e-05,-0.0640847126214508,9.54294841814479e-06,-0.000104777347287822,0.000302941960123271,-2.25296297173827e-08,-1.43144790795655e-05,7.85238302685091e-06,7.98145163801446e-07,8.33098448801639e-07,9.73608973761466e-08,-3.55636767996519e-07,3.18514388086045e-06,-0.000316610303121158,2.98728732420771e-06,-1.86736844954773e-08,3.69497647485809e-06,-7.08602176967109e-07,6.58890578967244e-07,-1.58002138118377e-08,2.93693282495621e-06,-3.31401140659375e-09,2.84793094276827e-06,-4.18598284073618e-10,-9.67085466719243e-09,3.10182051487422e-08,-1.14021356590385e-08,4.89544223767839e-08,-5.83016462739346e-08,8.33423670811269e-08,-9.96290611463995e-06,1.25062511426059e-05,-2.13706556298395e-06,8.27083481661441e-07,-4.9351482311134e-07,1.17191925062329e-06,-0.000135903065905213,1.06940709445891e-05,6.10148476465886e-08,-1.86418125643209e-06,1.9527684872768e-07,-5.04555602688154e-06,5.63408288395836e-06,0.000196413821055041,1.47198737559504e-06,-6.16226610097751e-06,5.04653439778373e-07,3.36618981259425e-05,-1.48157699489338e-08,9.9123251856321e-06,-0.0003839255582321,-1.59177966317084e-06,0.00398422434287669,0.000979222375072603,0.000165091325239708,2.42757947669726e-06,-5.9227929600404e-06,-1.22894906100711e-07,-6.91531208212276e-10,-3.74460257323145e-06,-9.55238156271425e-07,0.000100230833869864,8.4725071345381e-06,-4.47001553203946e-06,-6.65899363403734e-06,-0.0983612712986534,8.14363449447057e-06,-0.000924351201748415,4.74481984268231e-07,8.67929025253162e-05,-4.43683426291244e-05,1.43920218509237e-06,7.11132289682966e-05,8.90105900680216e-07,7.28086508844555e-07,-1.01973037502171e-07,5.97504208348442e-06,7.36582846812223e-07,-3.2346466349834e-07,8.89828330433573e-08,0.00150397016641113,0.345842744352417,-0.00518877481170604,-2.79625061466852e-06,2.84262869884071e-06,4.75323029104764e-07,-3.54790196187069e-08,-1.16131561566619e-05,-1.77071846005869e-07,-3.49834581944113e-07,-1.51028004155481e-08,4.70019386437525e-07,1.76383024174406e-05,1.94868783904678e-06,-7.83992667220345e-06,-2.14963979651121e-06,4.57367642022398e-07,1.87244352398323e-09,5.89862878489207e-08,2.96124436166274e-08,0.000262730747413466,-0.0286875018445645,0.00538372575450472,-1.52051387999341e-06,-1.94611052856293e-06,0.000190013404759238,2.07340133646313e-07,1.91164432364005e-11,1.01230568280358e-09,1.34694844236229e-06,1.0649728699035e-07,2.47943575610102e-09,-3.07449091693821e-06,-6.96620738986077e-08,-1.63531613722512e-07,-2.3546504284294e-07,4.62791924754811e-09,2.20524175394124e-07,8.37552175811913e-05,-4.39988399297453e-08,-6.38749297770819e-06,-1.14423809966999e-08,6.54468186725282e-07,9.14929382189378e-11,7.61352365658926e-07,2.53539366681857e-09,-2.91544194899328e-08,-2.26730350414027e-05,1.28921306710406e-08,1.63819160116709e-09,5.05075029863124e-10,3.84880391052303e-10,-1.82856259970192e-07,-9.72226164447883e-08,-4.75202401553944e-08,7.06193595362848e-08,1.62659498736967e-08,7.23118528847657e-08,-2.44840817131668e-07,-1.43109749542083e-08,-1.36345262193857e-06,-8.62390489193684e-09,-1.99320463089087e-06,-6.94049788541933e-07,3.85972248674016e-08,8.22161662759269e-09,2.56963198541552e-07,9.54829355351247e-08,-5.84938075699787e-08,-1.09479024006399e-09,-5.03087333330957e-07,4.84726556114347e-17,-5.03614310567444e-09,7.27903237207964e-08,-1.60588386835767e-08,-4.38942682115453e-08,-6.21097882148981e-07,8.61497558528920e-09,-1.33755464723363e-07,6.0432863270343e-08,-1.16853731954423e-07,0.000161455364143148,-1.6151020428031e-08,6.82144728183405e-06,-4.53943755491523e-09,5.03625516946714e-07,-4.49177697640296e-06,2.36033860088293e-09,-1.69141043944269e-10,8.73423004920445e-09,-1.00670613114276e-08,1.61029220849861e-07,4.87705775058637e-06,-1.03710933304365e-06,2.46554178886118e-07,-4.82005813477392e-06,6.12322159232502e-06,-4.22248896381268e-07,5.45017414267589e-06,-1.90274209563312e-06,2.92119265812161e-08,0.00027346112503403,1.45208536455916e-06,0.0971568486756755,-8.31023242134789e-08,5.96624685096904e-06,-4.72645493169275e-07,1.03346001528151e-07,-1.47705563715314e-07,2.64541017656887e-07,-1.7438979605561e-07,1.1266814205579e-08,-1.6564531008921e-06,6.67057882822877e-09,-1.03174019330483e-06,-1.09404870741229e-16,2.04322262147439e-06,1.97280904025429e-07,1.90630366755992e-12,1.26699005114927e-08,-1.34441402995135e-08,6.67452409555957e-09,1.64653306339855e-09,7.75105429358204e-10,-4.55929282766843e-08,1.86625325652187e-06,0.015653200525678,4.18530739223522e-09,-2.28129350385854e-06,5.39373124341812e-05,-1.11733063309831e-07,1.28668942105577e-06,-1.53801289291128e-08,-2.65891447194251e-08,-4.0907373195488e-10,-7.18688827475062e-07,5.14522547560184e-08,-2.05883809591814e-10,5.43591025532623e-08,-4.81236418490564e-09,1.55388396424368e-08,7.01091794300956e-08,0.000236587354500235,-2.4062881957888e-08,4.9911378175127e-09,1.69012227787778e-08,-1.13330948372785e-09,3.99325114508046e-09,-3.86293717959406e-05,-2.1958602306705e-08,3.26603511786398e-08,-8.43310427195482e-18,0.00711706859232129,3.41064347983501e-09,-7.52985677282547e-10,2.4430968984637e-06,1.05854296114401e-10,6.71216087745038e-07,1.71196168097438e-07,-2.47057982877324e-08,1.20607946073239e-07,-2.3072971882038e-16,-1.25967486252527e-06,-1.09654310957681e-10,-0.00045208576164493,-2.25419722495958e-09,2.94318266283576e-08,-2.49566485941761e-06,-3.86123768822813e-07,1.08813614388671e-07,-1.20620644380259e-08,8.32379449077121e-07,-2.82590685075564e-09,-2.78846148527429e-07,-3.79832826244215e-10,-6.13978791311025e-11,-3.07230926427381e-06,4.48270003377211e-09,-9.14379495889399e-07,1.96025076328729e-16,-2.88078519493121e-08,2.35707151604973e-09,6.79579904394506e-11,6.9242741637953e-10,-1.07893536598077e-06,-8.10321209877706e-06,4.81394822326536e-08,-1.91814615074741e-07,-1.7854662675071e-07,2.67154065360483e-16,-0.00169280467799033,2.34977542180569e-08,1.18221481639353e-06,-3.45897471735095e-16,-5.48787805647048e-08,-4.41339353202859e-09,4.98196783644726e-10,7.09677928082832e-08,-3.36530856620231e-07,-3.69273399083869e-08,-1.61315949271083e-08,8.00906465315411e-08,6.02888735615258e-09,3.98204499676761e-10,1.13707366924687e-07,3.47558475449793e-09,5.51258131073767e-17,-1.7570262761123e-09,6.70577738948383e-08,3.07476932598936e-08,-2.09291242773231e-07,9.76953535993136e-17,-4.9105801855384e-09,1.03787221482007e-09,-1.2825871958304e-07,-1.99189219349413e-09,-7.28862914226936e-05,5.9766595067191e-09,-8.94985414289536e-08,5.75139053422489e-07,-1.1215859452732e-15,2.39865438684233e-06,-1.15156755501776e-08,3.4334284226341e-08,3.82929072341998e-06,-5.04789352928687e-09,-6.44627031502845e-09,-2.98372437868011e-16,1.85330304138415e-16,-6.31834967415806e-09,-7.71317812845265e-09,1.02517294933199e-09,-1.11514590550224e-05,-1.73386817675511e-16,-6.28142878403148e-07,-7.83876896643532e-09,-3.25239116723358e-15,1.55508044503021e-16,-3.67839250434724e-16,1.87558251782547e-05,5.46003171152246e-08,-6.70535898656852e-08,2.23085747787491e-06,3.20273986055661e-07,6.59248066250111e-08,-2.89753779595528e-08,-5.50991561418684e-16,-8.20268428723951e-09,2.5664789774232e-08,1.34584865630594e-15,1.28956542085464e-15,-2.89827948735561e-08,-5.31141661874588e-06,-3.10664526007995e-08,1.13777460166329e-05,3.19396297864027e-07,-0.274261807750698,-3.3019975177255e-14,3.29816649113927e-06,2.09271244702858e-14,2.76730963299862e-05,5.8825557272546e-15,4.35966164193269e-08,6.08236018684509e-15,-1.23793596685046e-07,-3.06864072937704e-08,-7.69832608359224e-07,-9.71271440897603e-07,-4.14537620894693e-08,4.15891736961981e-09,-2.3806654668509e-08,-1.18992278892431e-08,-3.22190709464216e-05,-1.07245571838243e-07,-5.80011252034949e-09,1.48355788484599e-08,2.32029847183607e-05,1.88849698319438e-07,5.97560988717549e-09,-5.9886529017202e-16,-5.28705163707207e-08,8.76968661025279e-09,-5.80354177455226e-09,-2.40713398661967e-15,-0.0201431650486859,-7.86813299497482e-08,-3.26156936982447e-08,-3.97655945681111e-16,8.46409606179659e-09,5.59012404347239e-05,-3.59777776235255e-16,6.26401947426538e-09,-1.72979265393935e-08,1.95133019429444e-16,1.74942547126237e-14,1.71937668256346e-09,0.000720554483130654,0.00106299419288516,7.82478801818302e-06,-7.22912503154959e-08,-1.93918918814726e-09,-2.03271419814614e-07,-2.53094393873092e-08,1.29776855366109e-06,-1.43678471897779e-14,-5.06350356998894e-10,-4.36478835783372e-07,-0.1687300479608,8.95093351552857e-06,-7.05645033188793e-13,-1.60582763904518e-14,4.92471039741145e-07,8.54067254339983e-17,2.24082354412681e-15,5.41853324950059e-09,-5.99038405370038e-09,-1.11480283304921e-09,-3.25444176199469e-09,1.35063494851091e-08,3.45550741965864e-09,3.84707636128146e-09,8.34862928143435e-16,3.49696871781515e-10,-2.33057036216782e-07,-5.9427655760153e-10,1.16905863729402e-10,-7.42122770425011e-10,-3.45001791081857e-16,4.60447824452418e-16,-1.73974180783633e-15,2.40294694082444e-07,3.97903842671927e-11,2.58238058342497e-09,1.26790958454182e-15,3.06374851708766e-11,5.63124340121539e-16,-1.56118175454973e-16,-4.28383416469536e-09,1.06890752783337e-09,-6.78710559975926e-16,8.19131775629704e-09,1.05135227994697e-10,-3.51541081549832e-16,-2.11525302758101e-10,2.31887909352042e-16,-6.59326872782769e-09,9.99825218345909e-16,-6.46054140876054e-09,-5.25486002088005e-10,-1.87300702145571e-11,-1.80754093623564e-09,-1.17546478917638e-08,4.40799229257417e-11,-8.32766908459548e-10,-4.46197293031675e-16,-1.05420456551845e-10,3.62240167288674e-12,-1.52879178965304e-16,6.94860402491676e-14,-1.36937161131137e-11,6.33526668750728e-12,3.75413028193146e-16,5.44551129969053e-11,8.08641112870024e-11,-2.5929191227314e-16,-2.56808450121869e-09,-2.07012278446305e-09,-3.43367163106913e-12,3.94972065428604e-16,3.91179686510175e-16,8.65499827090684e-11,3.10272117237522e-09,2.56500834432523e-10,-5.67769729109518e-11,2.8246885634812e-09,1.57486320498732e-16,7.75582663640884e-17,1.06306998778505e-08,3.21043658294665e-11,-4.40159579305599e-16,2.70858720756786e-08,-3.10443612912157e-16,1.40814403804916e-10,-2.81973163650843e-09,-6.96643098971187e-06,-1.99503790878909e-07,1.24214033895206e-16,-2.18421342519468e-16,5.56583059943417e-16,1.19716885458515e-16,-1.93213168896797e-11,-6.76130506191555e-11,3.06558298564713e-16,-2.91995677073771e-17,-5.4801112434368e-16,9.81268855336362e-11,8.93236095080654e-13,-5.0806962659922e-11,-3.03633303698006e-16,1.14299303528853e-15,6.38540869485338e-16,-2.39798124052025e-09,7.35920264423984e-11,-5.62135965888129e-17,1.33238201270369e-11,-3.52720299556057e-10,-5.86374315340598e-16,2.48041180995311e-16,-2.59981997720572e-08,-2.56569284773417e-12,-1.30891506872835e-08,1.22476381945692e-15,1.44995648774667e-10,2.36753491983643e-09,2.58042996719183e-09,-9.83315220557644e-09,-5.8684673659062e-10,9.66068489213585e-12,-5.23137308511214e-16,-2.28931447094761e-16,1.95432823978949e-15,2.37640318507863e-10,-2.21444606360515e-10,-0.00014899624379754,-4.48479634805588e-11,1.72823805846153e-16,5.63430646648989e-17,-1.83130258109734e-16,-1.99658556939136e-17,-2.10646719216979e-15,2.19051056062017e-10,4.12161333690115e-16,4.77703917584313e-16,-3.80497757003024e-09,4.21673462666587e-16,-3.5011090781179e-09,-7.98728821657407e-16,-8.699815866036e-06,-2.33129802585255e-16,-4.84765487333557e-07,-5.8579586365898e-10,-5.10262375377308e-10,-1.80837474093778e-15,1.82069482197277e-08,-1.85255081708085e-16,2.61121763955259e-09,-3.71889944346305e-10,2.04589826462679e-12,2.6034584046545e-15,1.05900461175442e-08,-1.05865269738383e-16,-6.72269318046768e-10,-3.40693873465942e-10,-3.12518262211716e-16,2.06846839200986e-16,7.62753959515058e-16,5.6812427671433e-16,-4.4792180628734e-11,-1.27324206217697e-09,-2.68159807028891e-10,2.95315650463167e-16,-2.07741722181603e-16,-1.83978118905873e-11,1.46377066717607e-10,-1.88407846716415e-15,1.10017075112798e-15,-5.15586491395185e-11,-3.53056486733974e-16,1.68008215154485e-09,-1.96063985315143e-15,-3.72364281097421e-10,-6.86177476878097e-16,5.24579343949232e-16,-4.48951559675389e-16,-1.6693070594386e-15,-1.72466361004493e-16,-3.50105705530138e-15,-2.59515972916196e-11,1.83627437550136e-10,-3.81560674000305e-16,1.62611799899593e-10,-7.63334581973311e-09,-9.68025533474575e-16,3.33684064560065e-16,4.04191944978274e-16,-2.86215261910882e-15,-9.93917848745879e-08,-1.91441957631353e-09,3.24373599075893e-15,-1.51720310945559e-16,2.59359677358337e-09,8.49308810598009e-10,1.34637075465478e-11,1.83515246625383e-15,5.88846441817773e-16,2.0397175242317e-15,-4.11688203186311e-15,-3.95915378149344e-15,-1.38440828467449e-15,-1.15621581518449e-07,4.31890908528118e-08,2.4521286431333e-08,-1.0729138673638e-15,-2.16953704980866e-15,-2.43997326718227e-15,4.39902101791596e-15,5.58050776096855e-16,-1.40637788664524e-15,-1.49613432803094e-16,-5.32897586044715e-16,3.37031341655442e-15,-3.03148425418877e-15,3.2559538384754e-15,-1.58225372657719e-14,1.81769811912597e-14,-1.93727413854964e-14,-1.37990075986938e-09,-4.66540871654556e-15,-8.06298147951416e-14,1.48291421484572e-14,-1.08876372034354e-07,0.83817927605139,1.57799902075626e-13,-4.60291884484949e-09,1.79056950181638e-08,2.95172692553297e-16,-2.51693280290043e-15,-1.73543378762212e-08,-6.02643481435243e-15,1.4463242929671e-10,-2.86407731254012e-15,-1.03921145438156e-15,2.84135365008778e-17,7.23284578821194e-15,2.06036660897533e-05,-1.30776652006306e-08,2.34136382858843e-15,-4.71682744615716e-15,-6.22692711208235e-16,8.82690290919836e-17,1.82644697976908e-15,-1.42424899425107e-15,-2.26005866165484e-15,8.06587047837133e-16,9.35439817241666e-11,2.80718626439517e-16,-2.03652834264898e-15,-9.23963405385096e-17,-8.83623096069597e-16,7.02772285407712e-16,4.21650521334444e-15,-1.92299516793675e-08,-1.15923079088233e-16,-3.34302048826376e-17,1.2889279713364e-09,-8.45046232939368e-16,3.20000447096389e-17,-1.3504414295148e-16,-8.89586182385537e-16,9.83980655477587e-10,-9.87193033343551e-17,-6.67324974193896e-07,-1.30429440607042e-15,1.57657994461789e-16,-1.58696496494747e-15,-2.20940073961812e-16,-1.14243766373911e-16,-1.59258510252267e-15,1.13398771146406e-09,-8.13620724184684e-16,7.22198781992509e-16,1.40877908105695e-10,-1.39147593879679e-07,-4.21914341490607e-17,2.36440014348359e-08,3.20146007819969e-08,-1.11752907969196e-16,-3.85807936587521e-16,-5.96691095687739e-17,2.93137103354761e-16,-3.30065578863808e-16,-5.12619227861365e-08,6.65144612881567e-16,2.18584041599612e-16,-8.7675185535464e-16,2.03214480057063e-08,-9.58689973382356e-16,-6.21710170178662e-16,3.78494668495442e-16,-4.5983045568819e-16,-9.1501403614827e-09,-9.56356306678574e-16,2.68880942305168e-11,1.74112291883153e-16,-4.53584334437427e-16,-3.77510257761069e-16,-2.6095349303068e-16,4.00926900403534e-16,5.18136319083619e-16,8.76380221073309e-17,-4.59270115890538e-10,-1.17762351845613e-15,1.29898299728439e-15,1.92418959061371e-10,-1.32118283480143e-17,3.90614787693812e-16,-1.67635728950859e-15,4.16954025227231e-16,-3.80679276770051e-17,-4.78381761020579e-16,-1.38134889811746e-09,4.11782797070987e-17,-2.61289532231809e-16,4.09717721602161e-10,9.69910602388775e-18,6.87689646350164e-16,-4.73606016125259e-16,5.75206965811666e-16,6.66866060888036e-16,1.51564526328049e-16,2.97081275455112e-16,-5.57062826071816e-17,-3.10849029746704e-16,1.05070041360353e-15,-8.8979512616867e-17,-2.12323550429849e-10,7.03175079324817e-10,-5.01305183549515e-16,2.06030759447373e-16,-6.07650590857294e-16,-3.73132593527936e-16,3.62340366044656e-16,-1.24195845678232e-16,-1.97043692884473e-16,3.07576659849481e-16,-6.66230809032505e-10,-5.75695678626332e-16,7.8063064570558e-17,-2.38590539598005e-16,7.22160372455968e-16,7.722453731194e-11,-1.72607355651292e-19,-1.2196324640531e-11,2.42992630930881e-17,5.36288741683061e-16,-1.24643258405591e-16,1.34749293748477e-16,-3.910318896067e-16,-3.87729399924794e-17,9.99553066708598e-17,8.40918761184472e-16,-2.5684854930911e-16,-1.46879970504738e-16,-4.85583113364887e-16,4.99623157314243e-16,-1.21135209089762e-16,-3.58976887729668e-16,-8.0614090526618e-17,-3.74269829085813e-16,-2.71886211877007e-16,2.62749614930771e-16,-2.95719883821604e-16,-1.80331640934112e-16,-1.39753660033382e-16,1.31082499544613e-18,-5.06959345247634e-16,-1.22664544659887e-16,2.63125771633159e-16,5.84359575334392e-10,-3.00499825193039e-16,1.27669355793685e-16,-1.48167495535555e-16,-3.47790679319546e-16,-1.16370403219189e-17,1.7202601162548e-17,2.95367910798213e-17,8.65681140826313e-17,7.3403486237506e-17,1.15619314619029e-16,-5.40908463853018e-16,8.00277838132643e-16,1.57465594551108e-17,1.99566624110002e-16,-2.31308630780223e-16,-3.1104565303342e-16,-1.51850682485549e-17,-6.7958284801319e-08,7.68520114516443e-17,1.59752525919914e-16,-1.92575051232077e-16,-2.45023829607489e-16,3.35490613694695e-16,1.06058888728052e-16,3.09056990682904e-16,-1.05922873661068e-16,-9.69958522898728e-17,1.71911123948105e-10,3.7878992705405e-16,-1.7283748775995e-16,1.52667892392493e-16,-4.37911490353314e-17,2.7954418972183e-16,-8.38891484157747e-18,-2.15222463378719e-16,-1.53231146073655e-16,1.62890855041328e-16,-1.5867933878473e-15,1.86596777661971e-16,-5.32456030922311e-17,1.34488386692911e-16,8.02000185032443e-09,-2.61133748139745e-16,-8.90410519603914e-17,5.86212294264777e-17,-4.05057931640584e-16,-2.3857897237201e-10,-2.35746797266656e-16,7.79155848145385e-18,-3.1455053081996e-16,-1.26375171360781e-16,-1.28331577893308e-17,-2.50949709066375e-17,4.54321317554289e-16,6.96553911382919e-17,5.1949285045586e-17,-1.64342490990815e-16,2.44353698117569e-16,8.04158529843863e-17,4.49250632575422e-17,1.17748483729781e-16,-4.66302040945669e-17,4.9375039918183e-16,-3.43365285044572e-16
"t670",0.0399759165931894,-0.0140132177521963,-0.0155290200989211,0.00108856460611921,0.0127659506100083,-0.0530717444797728,-0.00819233802637136,-3.23142664242784e-05,0.102084769221851,-0.00655353771434278,-0.014482181515132,0.00126588698717817,-0.00283060047338943,-0.000638629401196103,-0.0209935014135601,0.000658547851787011,0.000496369414432948,-6.7837640616121e-05,-0.0378053820340991,-0.0689684468454553,3.1239061663485e-05,-4.51573911862823e-06,0.000204653187537677,2.51713407909207e-06,-3.56890708004282e-08,5.83846095968733e-05,-0.000729700440383241,-4.19604857290073e-06,-4.09141152801005e-05,0.00105847686294745,0.000257971255774969,-0.00731299409486646,-5.39707986493224e-06,0.00819096510063686,-0.0692760054756201,0.000592637160958533,1.74226520395919e-05,-2.89203767503217e-05,-0.00321093284749305,-0.00067420064189035,-8.90779165831866e-05,0.00213264095541147,-6.56166610843731e-06,0.000437176574385174,-1.59677764783161e-05,3.6211642623622e-06,-7.41684805415922e-07,1.21005618525762e-05,-0.00302277132585348,0.00300226290766163,3.57230392091895e-06,-1.09733737482255e-06,4.2894712661709e-07,6.19583894762715e-08,-0.00238972317726152,-3.1786152667644e-05,-0.000233530521361477,2.81343547452951e-06,-2.31505560184928e-05,-2.11396267337644e-08,-7.43961399398218e-08,5.5699005306131e-06,-4.22648079349907e-06,3.34749523678316e-06,-5.18881142696313e-05,1.6004024536452e-06,-0.144818878538052,-6.55231947064133e-05,1.04017925199316e-05,-2.70620896755758e-05,-1.24271019230212e-09,1.96780211375158e-07,-7.68438595007708e-07,-6.14693620572765e-07,2.64453153259759e-07,2.88374006616949e-06,-2.54892661215474e-06,4.30409778474748e-07,-0.000160060202465217,-2.18338712600013e-05,1.66774676277004e-06,0.000135442274581116,-0.000281668469946313,-9.71599299721466e-06,0.0153808620892868,4.07639805803143e-05,-6.92300826125717e-05,-0.0647684539553464,9.64481579740997e-06,-0.00010589719812947,0.000306194207460189,-2.27816398749164e-08,-1.44751883694906e-05,7.94272809519008e-06,8.07710979059229e-07,8.43143435223367e-07,9.85351438093653e-08,-3.59991350990699e-07,3.22436164068142e-06,-0.000320590260426438,3.0254669437124e-06,-1.89126964128348e-08,3.74234775380263e-06,-7.18358529112487e-07,6.68009383100001e-07,-1.60197595866398e-08,2.97803174122969e-06,-3.36047845731016e-09,2.88800197117883e-06,-4.24519065516868e-10,-9.80787405625969e-09,3.14621203420756e-08,-1.15655115653106e-08,4.9674287983031e-08,-5.91636393641561e-08,8.4589238112672e-08,-1.01127450979567e-05,1.26970502867736e-05,-2.17011452709335e-06,8.4000408496021e-07,-5.01268524155257e-07,1.1906927284957e-06,-0.000138107241172107,1.08675968011398e-05,6.20066453975573e-08,-1.89486528350279e-06,1.98494388998355e-07,-5.12957942525013e-06,5.73074345704394e-06,0.000199784678062588,1.49730988090762e-06,-6.27035574917144e-06,5.1353873820008e-07,3.42561872302118e-05,-1.50802455425798e-08,1.00895393159691e-05,-0.000390948716656481,-1.62142991763748e-06,0.00406025560634016,0.000997921566711267,0.000168256791680641,2.47422258459739e-06,-6.03697174227378e-06,-1.25267063443279e-07,-7.0487930435616e-10,-3.81753974589554e-06,-9.7417790190308e-07,0.000102253741791375,8.64425395598186e-06,-4.56150065668735e-06,-6.79538276345481e-06,-0.100383230602424,8.31139587871607e-06,-0.000943439243656294,4.84497434867514e-07,8.86313007796234e-05,-4.53104304795855e-05,1.47145744411517e-06,7.27274108700912e-05,9.10349396058079e-07,7.44822372721879e-07,-1.0432208801963e-07,6.11455024683803e-06,7.53808922744048e-07,-3.31128075558217e-07,9.11172322287092e-08,0.00154133200186212,0.354444664096753,-0.00531787205499916,-2.86614850739774e-06,2.91407504284969e-06,4.87279125996651e-07,-3.63810631707837e-08,-1.19094057437852e-05,-1.81621496509362e-07,-3.58838990540171e-07,-1.54918822960019e-08,4.82329523336539e-07,1.81080797989318e-05,2.00073795755536e-06,-8.04990509538789e-06,-2.20767737092005e-06,4.69753996493485e-07,1.92330511825586e-09,6.05930752715372e-08,3.04267251128624e-08,0.000269972121281258,-0.0294940677927975,0.0055351911305881,-1.56357409354782e-06,-2.0022192894269e-06,0.000195572623829869,2.13436800919376e-07,1.96828020799152e-11,1.04245970344668e-09,1.38772790674069e-06,1.09732820933841e-07,2.55532072481319e-09,-3.16893353118903e-06,-7.18623842087695e-08,-1.68703522127278e-07,-2.42998589933618e-07,4.77766233526393e-09,2.27851518923468e-07,8.6538483518471e-05,-4.54645008159953e-08,-6.6018401211005e-06,-1.1828311928877e-08,6.76839307274135e-07,9.46717403496765e-11,7.88150211410823e-07,2.62498829152015e-09,-3.02030979087934e-08,-2.34965482188062e-05,1.33605084588304e-08,1.69815718448967e-09,5.23914377501479e-10,3.99288140640912e-10,-1.89832144661969e-07,-1.00979796370344e-07,-4.93648200951571e-08,7.34105863493647e-08,1.69116067028699e-08,7.51955671456932e-08,-2.547431727824e-07,-1.48914044055041e-08,-1.41879020701666e-06,-8.9792619198742e-09,-2.07608795075707e-06,-7.23201878483108e-07,4.02257825574449e-08,8.570142171085e-09,2.67903857395278e-07,9.95533044520503e-08,-6.10157793119329e-08,-1.14232512125296e-09,-5.25096310759106e-07,-1.36921022083482e-17,-5.25884684226032e-09,7.60160820010777e-08,-1.67810301184345e-08,-4.58904985344379e-08,-6.49604034098856e-07,9.01058780755635e-09,-1.4000186355873e-07,6.32630115881785e-08,-1.22333203949417e-07,0.000169072973063533,-1.69162011671716e-08,7.14706567931337e-06,-4.75684651731371e-09,5.27778878246935e-07,-4.70881142316186e-06,2.47795201004876e-09,-1.77660478125827e-10,9.17807102630492e-09,-1.05885016620708e-08,1.69381270278981e-07,5.13337167062464e-06,-1.09201585434264e-06,2.59743638186237e-07,-5.07876462772888e-06,6.45301409226696e-06,-4.45100239196297e-07,5.74722087765875e-06,-2.00652929028649e-06,3.08339371430807e-08,0.000288651383905417,1.53278273752928e-06,0.102582116903076,-8.77510484439803e-08,6.30188772763621e-06,-4.99262816878738e-07,1.09364716432763e-07,-1.56339203372024e-07,2.800486529344e-07,-1.84680554715428e-07,1.19351861565041e-08,-1.75588832245546e-06,7.07238196556944e-09,-1.0940556891123e-06,-2.20283845429594e-16,2.16777980400688e-06,2.09322019906122e-07,2.02293758035245e-12,1.34535579331278e-08,-1.42823415220077e-08,7.09223233152253e-09,1.7497689000926e-09,8.24875747388817e-10,-4.85249599352571e-08,1.98631940250475e-06,0.0166672654672131,4.46179871558045e-09,-2.43250901810714e-06,5.75209049983403e-05,-1.19213859174111e-07,1.37537473626456e-06,-1.64530663327497e-08,-2.84453374953417e-08,-4.3763715975952e-10,-7.70375011346434e-07,5.5279196736735e-08,-2.21262667685435e-10,5.84448515004357e-08,-5.17680579070176e-09,1.67183183250887e-08,7.55339506804544e-08,0.000254919918081457,-2.59323789854381e-08,5.37960950166291e-09,1.8224484705706e-08,-1.22262224211414e-09,4.30984592212003e-09,-4.17000457831626e-05,-2.37118842668115e-08,3.52928781124678e-08,-6.86623206290104e-17,0.00772422076858712,3.7032309985029e-09,-8.18121967524274e-10,2.65448589468997e-06,1.15015770386292e-10,7.2942643912509e-07,1.86099918251128e-07,-2.68664004266534e-08,1.31252989632016e-07,-1.58090894673041e-16,-1.37320959529106e-06,-1.1956333547286e-10,-0.000493164638969385,-2.45916138944816e-09,3.21446182191549e-08,-2.72742189567174e-06,-4.22359966502592e-07,1.19099209978314e-07,-1.32200398567747e-08,9.13428109741417e-07,-3.1035494147498e-09,-3.06381102280696e-07,-4.17457399890289e-10,-6.75134734359414e-11,-3.37852091225992e-06,4.93124141749703e-09,-1.00615176488653e-06,-1.36799971259757e-16,-3.1765276088124e-08,2.60018011961037e-09,7.49675643506351e-11,7.64796175641058e-10,-1.19192472566605e-06,-8.97256118285483e-06,5.33395423315304e-08,-2.12562508590173e-07,-1.97958060398403e-07,-2.57502035351217e-19,-0.00187791620841077,2.6072830882906e-08,1.31281853308759e-06,-1.57772793538002e-16,-6.09943095755005e-08,-4.90621476585965e-09,5.53886411735883e-10,7.89181553302075e-08,-3.74369881704088e-07,-4.1090808737121e-08,-1.79543003676098e-08,8.91976822005455e-08,6.71494205271514e-09,4.43715484780677e-10,1.26802800664391e-07,3.87601587861748e-09,-1.32420104876742e-16,-1.96249720626433e-09,7.49199501212139e-08,3.43732300170163e-08,-2.34182164436677e-07,1.41051088911361e-16,-5.50544285507412e-09,1.16620460218018e-09,-1.44263668703576e-07,-2.24151357713524e-09,-8.20669515419947e-05,6.73659400731238e-09,-1.01052583003953e-07,6.5219511521351e-07,-1.40562990003615e-15,2.73054304779918e-06,-1.31134770587921e-08,3.91258738919825e-08,4.36799650361324e-06,-5.75846891629661e-09,-7.35574282968561e-09,-9.36750677027476e-16,1.60589226178248e-16,-7.22140487258516e-09,-8.82802195467615e-09,1.17355536605078e-09,-1.27817328504475e-05,-3.56744413238741e-16,-7.21992443760796e-07,-9.02123543020888e-09,-3.31937760507895e-15,1.24311449464348e-16,-3.43357889621304e-16,2.16707014684707e-05,6.31179385877732e-08,-7.76506512144879e-08,2.58730469076193e-06,3.71513072273094e-07,7.65952131760928e-08,-3.36715342658495e-08,-4.94700340714466e-16,-9.5636069586332e-09,2.99579474457113e-08,1.61134670173715e-15,3.37697847240621e-15,-3.39882573344263e-08,-6.23576650839992e-06,-3.65285079604616e-08,1.3391879631045e-05,3.76679962313498e-07,-0.3235541859229,-3.87484478288904e-14,3.89264349311028e-06,2.50928106631593e-14,3.27023990826128e-05,7.769121717488e-15,5.1568114105524e-08,7.44433570930019e-15,-1.46603987773109e-07,-3.63495368221756e-08,-9.14851407184445e-07,-1.15503650821314e-06,-4.93111288093479e-08,4.9534823908267e-09,-2.83862422362018e-08,-1.422488598014e-08,-3.85170496820533e-05,-1.2831165335096e-07,-6.94961681646954e-09,1.78110157132269e-08,2.79033501335783e-05,2.27407895479202e-07,7.20039878282306e-09,-5.72096339040133e-16,-6.38373975343248e-08,1.06098025638359e-08,-7.06149760621351e-09,-2.99021609860518e-15,-0.0245505458587253,-9.61427662626135e-08,-3.98978775683848e-08,-1.59621274644715e-16,1.03597871197242e-08,6.85769446080779e-05,-6.12908614554902e-16,7.69306155378482e-09,-2.1391418196149e-08,5.38946455219268e-16,1.54853407936958e-14,2.13215021742617e-09,0.000893762818747367,0.00132007028739471,9.73066191375909e-06,-9.01854783987312e-08,-2.41986664412113e-09,-2.53757121552585e-07,-3.17325889108331e-08,1.63300439941531e-06,-1.79943950365247e-14,-6.38030437567699e-10,-5.50119694132315e-07,-0.212838951634498,1.13023271465943e-05,-8.91991754998358e-13,-2.02161781867493e-14,6.22713280260773e-07,3.20521874078005e-16,2.30102886874997e-15,6.91387904874108e-09,-7.65587223030235e-09,-1.42479673519182e-09,-4.17430506868001e-09,1.73323865837987e-08,4.43483817068395e-09,4.94073686902658e-09,1.15617778489393e-15,4.52442781410186e-10,-3.02021606791425e-07,-7.70544997833218e-10,1.51992482223551e-10,-9.69750020427531e-10,1.29332755981868e-16,5.13339075294565e-17,-1.26542239144338e-15,3.1638834745791e-07,5.25687359356817e-11,3.41257487572721e-09,5.01118903212277e-16,4.06225298726937e-11,1.62422476549812e-16,8.71469740217175e-16,-5.76924089475791e-09,1.43984342725588e-09,-1.48318857196017e-16,1.10788557986034e-08,1.42541056667569e-10,1.23720939412187e-15,-2.88235485966399e-10,-1.53349652206651e-16,-9.04112358733225e-09,5.59157619370488e-16,-8.86424003368387e-09,-7.21321641304606e-10,-2.57234615971095e-11,-2.484196967072e-09,-1.61810888097193e-08,6.10571030583776e-11,-1.16398592299009e-09,-1.63606372423797e-16,-1.4912659252254e-10,5.1306621294458e-12,3.41067476188857e-16,9.79954273569611e-14,-1.94958065245286e-11,9.04512930247923e-12,1.39002478140287e-16,7.85994497718453e-11,1.1697299276685e-10,-6.45170102255924e-16,-3.72589622746895e-09,-3.00787514725577e-09,-5.01727274893468e-12,-5.03841944579256e-16,-2.19958863594712e-16,1.28236489005265e-10,4.6259651385157e-09,3.82927481316795e-10,-8.73425936156672e-11,4.36848192774185e-09,-1.61381177368705e-16,1.79480381366846e-16,1.65024353518009e-08,4.98607332029431e-11,-3.78053372327299e-16,4.23400340340319e-08,1.23871997360398e-16,2.21542575764197e-10,-4.47705368301145e-09,-1.1068367146213e-05,-3.17809713611934e-07,-6.43741650656935e-17,-1.11540980288645e-16,-5.45042598523453e-17,-1.11951644160179e-16,-3.156082116451e-11,-1.10690402188059e-10,6.21196703076831e-17,1.10846885349351e-16,1.03271992069584e-16,1.61944843643704e-10,1.47926783973494e-12,-8.49965412727062e-11,4.60371708006316e-16,1.51435938441913e-16,2.65792162584821e-16,-4.16395582802897e-09,1.27965992275248e-10,3.88604594081587e-16,2.35464023076189e-11,-6.27591232071208e-10,8.63080505616043e-16,2.35547769846316e-17,-4.70400429555336e-08,-4.64771603309684e-12,-2.39634130931575e-08,-8.2138131198931e-16,2.70341353836945e-10,4.46106237697118e-09,4.93744778133567e-09,-1.92389152786568e-08,-1.1553939363426e-09,1.92486740492389e-11,-1.94679011820663e-16,-8.72993829819081e-17,2.57201758693277e-15,5.1214618831051e-10,-4.77885750328493e-10,-0.000325229973578482,-1.04327535640875e-10,-1.76542376638801e-16,-3.05055119282439e-16,1.54915401134758e-17,4.35647218445812e-16,2.18310142685861e-16,5.51957942527905e-10,-1.16489369131348e-16,-5.9173558068868e-16,-9.93898031309314e-09,4.57657047885803e-17,-9.16360507572634e-09,3.21061938181494e-17,-2.28478934370208e-05,-2.3520189542948e-16,-1.36710933679205e-06,-1.68321975672266e-09,-1.51095603984267e-09,6.27531830475369e-16,5.61003833245107e-08,3.6611877605833e-17,8.89015324885291e-09,-1.49375270479804e-09,8.28614278910427e-12,-8.30930051084476e-16,4.66579924400157e-08,4.57986057399359e-16,-3.48043200877227e-09,-1.77983185578122e-09,-3.94584532107568e-16,-2.42840159706101e-17,-4.18356729488847e-16,-3.31471094210559e-16,-2.78168414424098e-10,-8.34404877372877e-09,-1.88071459189554e-09,-2.60417499320436e-16,3.30106231714857e-16,-2.01817331116867e-10,1.64976574111922e-09,9.69465319062664e-16,-2.88393734122973e-16,-3.50061488205638e-09,1.92929468754299e-16,-6.28589893134262e-07,4.6943441656304e-16,6.55921206016381e-09,3.81715503589379e-16,3.46961593963709e-17,-8.24366175004574e-17,1.23829315794724e-15,1.30584036641032e-17,2.54657358016626e-15,1.38792109064265e-10,-9.720093922136e-10,1.10703286409843e-16,-6.70548837410517e-10,2.86545588461279e-08,-8.54119840059337e-17,-3.11410837732988e-16,9.01184064632133e-17,7.40151729822784e-16,2.60957327586158e-07,4.66191982704764e-09,-1.88963422477109e-15,2.55032553439138e-16,-5.82326631349418e-09,-1.88721300626213e-09,-2.88981596513999e-11,-1.1144042740855e-15,-2.70327267921122e-16,-8.77312777536009e-16,1.39928152978207e-15,2.66101735964404e-15,9.10770343138309e-17,1.47361086068871e-07,-5.25592599811719e-08,-2.8508294399286e-08,5.14066991043781e-16,1.23005345218751e-15,1.74527523346892e-15,-2.88968595856595e-15,-1.30039883042795e-15,1.11383041810947e-15,-4.41789639162264e-16,5.09142192970139e-16,-1.52564520746387e-15,1.17737410062035e-15,-1.16046574995946e-15,7.94391053920506e-15,-7.77201441117793e-15,9.33291144455325e-15,7.30007004609553e-10,2.00972764836362e-15,3.63227946371001e-14,-6.89814062818967e-15,5.13505561912288e-08,-0.384724636706305,-7.31528250972217e-14,2.07714229523563e-09,-6.94875153516491e-09,-5.10270613029204e-16,9.00465145774246e-16,5.49443375330872e-09,1.35904637779264e-15,-3.44839488493819e-11,1.46742675614716e-15,2.93927255025852e-16,9.05189663812056e-17,-4.06403928925577e-15,-2.72566895216149e-06,1.64435030168971e-09,-1.07417442740201e-15,3.03715599812816e-15,-5.11639834405954e-17,-9.20577645795819e-16,8.53267109746092e-17,6.13632895344549e-16,1.5584014281244e-15,-1.10270014084468e-15,1.25559210634782e-11,4.33319309935696e-16,2.77808840189275e-16,-5.5617423317566e-16,4.46599781581191e-17,7.23516810167341e-16,-1.72907674432901e-15,-3.37468803938713e-09,-4.05470682327569e-16,-7.30079352417393e-16,2.35458128576464e-10,2.01365450007607e-15,5.42832725107885e-16,7.5186803271103e-16,-1.18420885703459e-15,2.54606022163881e-10,3.00487297360354e-16,-1.80811072637564e-07,-1.99226715773537e-15,6.83663756284938e-16,5.22837983086939e-16,4.22085834979238e-16,-5.12676109857142e-16,2.09752541926012e-16,3.3414689297794e-10,-1.51603135261765e-15,-1.60184682163804e-15,4.39377083413408e-11,-4.35146642371701e-08,-3.90146870247425e-16,7.72863851656425e-09,1.06032233175726e-08,4.45402251034195e-16,-2.08570849339015e-15,-1.63475899017457e-15,-6.8952643804618e-16,1.00447645306264e-15,-1.99630309416003e-08,-3.86160073520407e-15,-2.48081357687452e-16,-1.54021265996787e-15,8.18709038860405e-09,4.79840733038928e-15,-3.51461049623295e-15,8.85323391758354e-15,-1.77006806861694e-15,-3.84135420957677e-09,5.13136926981588e-16,1.14252758081454e-11,1.95819296012398e-15,-4.81382270558262e-15,6.04022210022048e-15,1.68264526686693e-15,1.84093489467489e-15,1.15235636920187e-14,4.00915514995614e-15,-2.06776854989485e-10,-1.85805824372884e-14,-5.24556537439628e-15,8.77486670373053e-11,1.84099338785088e-14,-7.54306044616063e-14,0.707106781186549,3.50457081615077e-14,-9.70726402848253e-15,-4.5354568043056e-15,-6.54945903134812e-10,1.47531359846386e-14,-8.73840961703425e-15,1.97403168538508e-10,1.9028250769521e-15,5.99764366039361e-15,4.5663982850732e-15,1.44515151185794e-15,-1.81608004965036e-15,7.50998792147165e-15,-9.51987344309209e-16,1.86947607399267e-15,3.54518924869584e-15,-1.19215929819558e-15,7.05330890996512e-16,-1.07948158032568e-10,3.59620794616394e-10,-1.05874831461153e-15,-2.51658712287744e-15,9.14898299741493e-16,7.14084351160741e-16,-2.25514051876985e-15,1.18860971749403e-16,-4.10867340308881e-16,-3.42980965005349e-15,-3.50858461009481e-10,-3.97739614102026e-15,-2.66185915665295e-15,1.1789118696024e-16,5.67249303143555e-16,4.1612864414449e-11,-1.64459207745974e-15,-6.73250400776659e-12,1.27931230278704e-15,-6.24038100971029e-16,3.03211783446692e-16,1.78511789504665e-15,3.30033606113436e-16,5.72856686388316e-16,1.92004021574334e-16,2.56945883060517e-16,7.04857267426839e-17,5.15394240047725e-17,7.10051216996083e-17,2.65448736619975e-17,-3.34330482670261e-16,1.7296445183661e-16,5.1624997037538e-16,-3.41001594567443e-16,3.3717213563211e-16,-7.17883807711052e-17,-2.46016188167952e-16,-4.83250964744165e-16,-6.10405823109339e-16,9.05335687351049e-17,1.12137898177603e-15,1.15901324153735e-15,1.27063841205388e-16,3.47473095662466e-10,-1.21236737578545e-15,5.59346793634841e-16,2.74300835366324e-16,4.91385724899611e-16,-7.49686891188869e-17,-4.242260599485e-16,-3.29348146570934e-16,5.93201746201863e-16,-1.52880390264585e-16,2.65984419794275e-16,-6.07695317678125e-16,-3.56367678526462e-16,-3.01884334596282e-16,-1.43035431576767e-16,5.38389639266654e-16,6.28169594171497e-16,-3.38376143957253e-16,-4.20858709346259e-08,3.71981559305363e-16,3.51805393799511e-16,-3.21229985650541e-16,9.82402008504868e-17,-6.93019218103908e-16,-4.95825458133035e-17,-3.041913274585e-16,3.53898367577429e-16,-5.26840356316572e-17,1.1034710624888e-10,-3.20448519557536e-16,-9.56876479957948e-16,1.52819633530511e-16,4.27374657206671e-16,1.28625029903667e-16,-1.32344058708834e-16,-6.84291734892068e-16,5.1786881235207e-16,-2.0503719286284e-17,4.73706144423176e-16,-4.66338417145688e-16,3.17606300720405e-16,-2.23006200899368e-16,5.3102697686989e-09,1.00501297335672e-16,8.76715477029687e-17,2.51987470266168e-16,1.17093834628434e-17,-1.60046074022268e-10,2.15328986294661e-16,-2.68286239190308e-16,1.07142916068875e-16,1.01889822846792e-16,2.44415762221789e-16,3.788835859951e-17,3.7432727692611e-19,1.97141563584405e-16,-2.09027637661089e-17,-2.81796997165777e-16,-1.11211024451025e-17,2.03300783671268e-16,9.93921280021e-17,-6.06989508710876e-17,4.48871966548641e-17,-6.27749023535477e-16,-9.257738660046e-17
"t671",0.0399759165931894,-0.0140132177521963,-0.0155290200989211,0.00108856460611921,0.0127659506100083,-0.0530717444797728,-0.00819233802637136,-3.23142664242735e-05,0.102084769221851,-0.00655353771434277,-0.014482181515132,0.00126588698717817,-0.00283060047338943,-0.0006386294011961,-0.0209935014135601,0.000658547851787011,0.000496369414432946,-6.78376406161368e-05,-0.0378053820340991,-0.0689684468454553,3.12390616634941e-05,-4.51573911861926e-06,0.000204653187537668,2.51713407910074e-06,-3.56890707915378e-08,5.83846095968746e-05,-0.000729700440383238,-4.19604857291016e-06,-4.09141152800906e-05,0.00105847686294745,0.000257971255774972,-0.00731299409486646,-5.39707986493007e-06,0.00819096510063691,-0.0692760054756202,0.000592637160958531,1.74226520396075e-05,-2.89203767503186e-05,-0.00321093284749305,-0.000674200641890355,-8.9077916583188e-05,0.00213264095541148,-6.56166610844365e-06,0.000437176574385181,-1.59677764782974e-05,3.62116426235621e-06,-7.4168480539856e-07,1.21005618525715e-05,-0.00302277132585349,0.00300226290766163,3.57230392093543e-06,-1.09733737482119e-06,4.28947126638019e-07,6.19583894832104e-08,-0.00238972317726148,-3.17861526676387e-05,-0.000233530521361468,2.81343547450105e-06,-2.31505560184756e-05,-2.1139626745528e-08,-7.43961398976202e-08,5.56990053062091e-06,-4.22648079351035e-06,3.34749523678025e-06,-5.18881142696498e-05,1.6004024536673e-06,-0.144818878538052,-6.5523194706402e-05,1.04017925199374e-05,-2.70620896755897e-05,-1.24271019576479e-09,1.96780211399444e-07,-7.6843859500887e-07,-6.14693620568502e-07,2.64453153262812e-07,2.88374006618441e-06,-2.54892661214726e-06,4.30409778460711e-07,-0.000160060202465188,-2.1833871259961e-05,1.66774676277267e-06,0.000135442274581122,-0.000281668469946328,-9.71599299720774e-06,0.0153808620892869,4.07639805803038e-05,-6.92300826125761e-05,-0.0647684539553464,9.64481579742921e-06,-0.000105897198129446,0.000306194207460188,-2.27816399061415e-08,-1.44751883694952e-05,7.94272809515817e-06,8.07710979021442e-07,8.43143435186978e-07,9.85351437943188e-08,-3.59991351006224e-07,3.22436164065623e-06,-0.000320590260426444,3.02546694373971e-06,-1.89126963977787e-08,3.74234775376729e-06,-7.18358529106571e-07,6.68009383092998e-07,-1.6019759556254e-08,2.97803174124452e-06,-3.36047844427983e-09,2.88800197118961e-06,-4.24519044158085e-10,-9.80787404705445e-09,3.14621203441159e-08,-1.1565511554026e-08,4.96742880078025e-08,-5.91636393236995e-08,8.45892380789898e-08,-1.01127450979683e-05,1.26970502867676e-05,-2.17011452707742e-06,8.40004084942845e-07,-5.01268524164263e-07,1.19069272852851e-06,-0.000138107241172047,1.08675968012299e-05,6.20066454164495e-08,-1.89486528340225e-06,1.9849438906254e-07,-5.12957942520547e-06,5.7307434569542e-06,0.000199784678062587,1.49730988099866e-06,-6.27035574919751e-06,5.13538738218021e-07,3.4256187230338e-05,-1.50802453872763e-08,1.00895393160339e-05,-0.000390948716656273,-1.62142991763262e-06,0.00406025560634015,0.000997921566711254,0.000168256791680577,2.47422258456598e-06,-6.0369717422726e-06,-1.25267063425986e-07,-7.04879265531558e-10,-3.81753974574036e-06,-9.74177901928576e-07,0.000102253741791566,8.6442539558759e-06,-4.56150065669156e-06,-6.79538276343247e-06,-0.100383230602424,8.31139587871387e-06,-0.000943439243656126,4.84497435025226e-07,8.86313007796296e-05,-4.53104304794962e-05,1.47145744414607e-06,7.27274108700806e-05,9.10349396081496e-07,7.44822372711827e-07,-1.04322087958534e-07,6.11455024681792e-06,7.53808922689785e-07,-3.31128075830208e-07,9.11172322472232e-08,0.00154133200186219,0.354444664096754,-0.00531787205499906,-2.86614850733534e-06,2.91407504289791e-06,4.87279126021107e-07,-3.63810630836172e-08,-1.19094057437747e-05,-1.81621496588387e-07,-3.58838990510107e-07,-1.5491882259284e-08,4.82329523500503e-07,1.81080797988945e-05,2.00073795749402e-06,-8.04990509526956e-06,-2.20767737089452e-06,4.69753996449011e-07,1.92330519169917e-09,6.05930752416938e-08,3.04267249526435e-08,0.000269972121281151,-0.0294940677927976,0.00553519113058796,-1.56357409355276e-06,-2.00221928947089e-06,0.000195572623830042,2.1343680088277e-07,1.96828877355413e-11,1.04245977551712e-09,1.38772790687469e-06,1.0973282095119e-07,2.55532080927932e-09,-3.16893353125981e-06,-7.1862384174758e-08,-1.68703522133223e-07,-2.42998589929191e-07,4.77766227066521e-09,2.27851518933917e-07,8.65384835184586e-05,-4.5464500774816e-08,-6.60184012122594e-06,-1.18283119635715e-08,6.76839307186262e-07,9.46717727802453e-11,7.88150211521634e-07,2.62498832485428e-09,-3.02030978112533e-08,-2.34965482186322e-05,1.33605082992413e-08,1.69815713879569e-09,5.23914335576207e-10,3.99288201080371e-10,-1.89832144720819e-07,-1.00979796407866e-07,-4.93648201883582e-08,7.34105863750807e-08,1.69116067461922e-08,7.5195567099553e-08,-2.54743172818647e-07,-1.48914045059848e-08,-1.41879020700784e-06,-8.9792620235172e-09,-2.07608795076018e-06,-7.23201878576822e-07,4.02257826153057e-08,8.57014219748977e-09,2.6790385737248e-07,9.9553304411133e-08,-6.10157792798343e-08,-1.14232513260151e-09,-5.25096310894786e-07,8.78656533639274e-17,-5.25884657618948e-09,7.60160819950062e-08,-1.67810299495532e-08,-4.58904985469765e-08,-6.49604034262879e-07,9.01058793561588e-09,-1.40001863488053e-07,6.32630115997727e-08,-1.22333204044191e-07,0.000169072973063511,-1.69162011018658e-08,7.14706567943958e-06,-4.7568465358904e-09,5.27778878231706e-07,-4.70881142311465e-06,2.47795218108928e-09,-1.77660714698741e-10,9.17807101557816e-09,-1.05885018263247e-08,1.69381270330503e-07,5.1333716706026e-06,-1.09201585428066e-06,2.59743638298591e-07,-5.07876462768935e-06,6.45301409221362e-06,-4.45100239272898e-07,5.74722087769279e-06,-2.00652929016085e-06,3.08339371063808e-08,0.000288651383905314,1.532782737363e-06,0.102582116903077,-8.77510481695922e-08,6.30188772766366e-06,-4.99262816847911e-07,1.09364716460573e-07,-1.5633920323941e-07,2.80048652858095e-07,-1.8468055475953e-07,1.19351861423645e-08,-1.75588832241697e-06,7.07238210289327e-09,-1.09405568887788e-06,2.10113153431415e-17,2.16777980405427e-06,2.0932202013679e-07,2.02296242887732e-12,1.34535578977643e-08,-1.42823414793854e-08,7.09223226503314e-09,1.74976897927838e-09,8.2487563700529e-10,-4.85249598230161e-08,1.98631940282267e-06,0.0166672654672129,4.46179879132957e-09,-2.43250901805505e-06,5.75209049985274e-05,-1.19213859116317e-07,1.37537473619121e-06,-1.64530663112825e-08,-2.84453375275461e-08,-4.37637208468044e-10,-7.70375011219067e-07,5.52791965559612e-08,-2.21262461966088e-10,5.84448514954988e-08,-5.1768058272141e-09,1.67183188374091e-08,7.5533950554502e-08,0.000254919918081592,-2.59323788668803e-08,5.37960953891932e-09,1.82244848430659e-08,-1.2226217311289e-09,4.30984560662823e-09,-4.17000457831054e-05,-2.37118842886944e-08,3.52928777928823e-08,1.54388073870953e-17,0.00772422076858698,3.70323119868908e-09,-8.18121668718155e-10,2.65448589471838e-06,1.15015777516026e-10,7.29426438863536e-07,1.86099918578557e-07,-2.686640055095e-08,1.31252989903252e-07,-5.56595266696676e-16,-1.37320959625321e-06,-1.19563347128038e-10,-0.00049316463896925,-2.45916102345658e-09,3.21446182387818e-08,-2.72742189588346e-06,-4.22359966663059e-07,1.19099210071803e-07,-1.3220039586976e-08,9.13428109731611e-07,-3.10354887649519e-09,-3.06381102385762e-07,-4.17457319175067e-10,-6.7513698787363e-11,-3.37852091218993e-06,4.93124116630751e-09,-1.00615176487972e-06,-2.50529338213538e-17,-3.17652761542529e-08,2.60018019398664e-09,7.49674139690145e-11,7.64796524385956e-10,-1.19192472526152e-06,-8.97256118273221e-06,5.33395423034822e-08,-2.12562508263001e-07,-1.97958060339446e-07,2.12972360447107e-16,-0.00187791620841021,2.60728307457883e-08,1.31281853306249e-06,-8.4817925664846e-17,-6.0994309686114e-08,-4.9062146529915e-09,5.53886841346619e-10,7.8918155160033e-08,-3.7436988168574e-07,-4.10908088104843e-08,-1.79543002867474e-08,8.91976824650744e-08,6.71494220551125e-09,4.43715690774174e-10,1.26802800628371e-07,3.87601561710072e-09,-1.81576488684986e-16,-1.96249680719789e-09,7.49199499690449e-08,3.43732300525692e-08,-2.34182164521376e-07,9.98929818926712e-17,-5.50544298899105e-09,1.16620448823053e-09,-1.44263668644273e-07,-2.24151358463282e-09,-8.20669515420328e-05,6.73659439686188e-09,-1.01052583152057e-07,6.52195115283709e-07,-1.08430800605035e-15,2.73054304776646e-06,-1.31134772317224e-08,3.9125873998203e-08,4.36799650376108e-06,-5.75846876484689e-09,-7.35574264600542e-09,-1.17267306976032e-15,-1.39281172280854e-16,-7.22140454430034e-09,-8.82802211901409e-09,1.17355554366151e-09,-1.27817328505632e-05,-2.71529282499446e-16,-7.21992443665678e-07,-9.02123516386833e-09,-3.42714850275718e-15,9.44099892150833e-17,-2.96783994272155e-16,2.16707014687879e-05,6.31179383694752e-08,-7.7650651102792e-08,2.58730469077752e-06,3.71513071891382e-07,7.65952127719575e-08,-3.36715338294522e-08,-4.22697967809045e-16,-9.5636066978523e-09,2.99579473685202e-08,1.70134450461336e-15,2.96893056353861e-15,-3.39882570681966e-08,-6.23576650874671e-06,-3.65285080505749e-08,1.33918796307864e-05,3.76679961978219e-07,-0.3235541859229,-3.85516922396385e-14,3.89264349295596e-06,2.51805306925784e-14,3.27023990828068e-05,7.80679774298187e-15,5.1568113913941e-08,7.45135565772695e-15,-1.46603987962012e-07,-3.63495367463367e-08,-9.14851407295463e-07,-1.15503650804085e-06,-4.93111288589303e-08,4.95348286116615e-09,-2.83862424232777e-08,-1.42248858875846e-08,-3.85170496822137e-05,-1.28311653632854e-07,-6.94961714634165e-09,1.78110159698256e-08,2.79033501341689e-05,2.27407895295188e-07,7.20039818440783e-09,-7.73092659949927e-16,-6.38373976028381e-08,1.06098023885556e-08,-7.06149754837555e-09,-2.90608494320792e-15,-0.0245505458587257,-9.61427665316892e-08,-3.98978774527806e-08,6.0441582016666e-17,1.03597872173168e-08,6.8576944608476e-05,-8.27052346196018e-16,7.69306149604293e-09,-2.13914183156895e-08,-2.06808984044648e-17,1.60231111697945e-14,2.13215038253329e-09,0.000893762818747206,0.00132007028739621,9.73066191366777e-06,-9.018547829603e-08,-2.4198658859607e-09,-2.53757121565993e-07,-3.17325888765563e-08,1.6330043995223e-06,-1.79198019270577e-14,-6.38030680005586e-10,-5.50119693506958e-07,-0.212838951634497,1.13023271466984e-05,-8.92476346135231e-13,-2.0099380432402e-14,6.22713280084184e-07,1.79552697554123e-16,2.49585762552514e-15,6.91387918720725e-09,-7.65587222000701e-09,-1.42479697897216e-09,-4.17430529691616e-09,1.73323866087573e-08,4.43483816099684e-09,4.94073745364335e-09,1.37666093630952e-15,4.52442856364345e-10,-3.02021607024294e-07,-7.70545158153789e-10,1.51992281937627e-10,-9.69749159090182e-10,8.69123327967492e-17,3.32584766998638e-16,-7.58699425567144e-16,3.16388347966742e-07,5.25687025356448e-11,3.41257496670431e-09,6.70892866031749e-16,4.06225468109464e-11,5.02184332352466e-16,3.33294326257843e-16,-5.76924091966107e-09,1.43984357136112e-09,-2.09901540593194e-16,1.10788554880877e-08,1.42541199216587e-10,1.2700353089599e-15,-2.88236041542726e-10,-5.0490637888981e-16,-9.041123756854e-09,1.11702092426061e-15,-8.8642402244706e-09,-7.21321306884428e-10,-2.57232969303774e-11,-2.48419701157259e-09,-1.61810887346418e-08,6.10579754074456e-11,-1.1639858406436e-09,-5.67504979058073e-17,-1.49126254791445e-10,5.13080343718795e-12,2.79130093765604e-16,9.84051233233835e-14,-1.9495718575407e-11,9.04508658650182e-12,-2.09130744584244e-16,7.8599522392311e-11,1.16972362422281e-10,-1.18762116183268e-16,-3.7258964036935e-09,-3.00787417063798e-09,-5.01826420610025e-12,1.18344417761959e-16,3.8217749130619e-16,1.2823603326923e-10,4.62596568820012e-09,3.82927378138703e-10,-8.73416692045728e-11,4.36848163937667e-09,-9.00205316364189e-17,-8.58161075667042e-17,1.65024350960708e-08,4.98606930220242e-11,1.30293200031598e-16,4.23400334533121e-08,2.75482742725546e-16,2.21541854260159e-10,-4.47705338947518e-09,-1.10683671455446e-05,-3.17809713516878e-07,-1.82139149772491e-16,1.37763464819153e-17,-2.18724471659693e-16,1.51205247892163e-16,-3.15608900303537e-11,-1.10691075022824e-10,8.73005842264199e-17,-4.07229563122049e-17,2.06196522794909e-16,1.61944868048065e-10,1.47919091874143e-12,-8.49960013766924e-11,3.86134221379283e-17,8.49743452685514e-16,-4.10912623372006e-17,-4.1639557085712e-09,1.27966058813411e-10,3.29830952987438e-18,2.35463104034473e-11,-6.27590569287584e-10,1.80754147023802e-16,-1.97262174414911e-16,-4.70400422381864e-08,-4.64755605170695e-12,-2.39634128477299e-08,-6.79905706126967e-16,2.70340780361415e-10,4.46106235633283e-09,4.93744774795549e-09,-1.92389159530505e-08,-1.1553936485519e-09,1.92492646601155e-11,7.40493798289288e-16,-3.45645172406906e-16,2.06040897458743e-15,5.1214616517677e-10,-4.77886343267974e-10,-0.000325229973578207,-1.04327165593634e-10,-2.44705235486719e-16,3.15232160944477e-16,-8.86662270241452e-17,-3.37209352117312e-16,1.10265978550342e-15,5.51958371838491e-10,-5.94135572037377e-16,-5.59059189458265e-16,-9.93898077972028e-09,-4.45909166057449e-16,-9.16360544210876e-09,8.83298368573168e-16,-2.28478934375367e-05,2.95255314468337e-16,-1.36710933609472e-06,-1.68321898743017e-09,-1.51095660676357e-09,7.11070216965035e-16,5.61003833423411e-08,1.23072375523907e-16,8.89015366716312e-09,-1.49375280401933e-09,8.28656413581758e-12,-9.30357175736019e-16,4.66579936510189e-08,-3.58779213821384e-18,-3.48043225596362e-09,-1.77983188421103e-09,1.47644541343098e-16,-4.9111478120018e-18,-3.4573604038479e-16,-2.89212225878751e-16,-2.78168626454221e-10,-8.34404897102054e-09,-1.88071421621285e-09,-6.57690355182572e-17,-1.83922716577638e-16,-2.0181793496962e-10,1.64976642546763e-09,7.45129740745879e-16,-2.58352444793119e-16,-3.50061554974474e-09,1.1507959606688e-16,-6.28589893837185e-07,1.20749345954211e-15,6.55921156166849e-09,1.01752843288561e-16,-1.98693981775647e-16,2.27966580572127e-16,3.17714805893117e-16,9.60773656521061e-17,1.1997505364504e-15,1.38791926900063e-10,-9.72010387451267e-10,3.74042963847095e-16,-6.70548793102005e-10,2.86545592311527e-08,5.93134111136523e-16,1.68226048635255e-16,-3.25107526946585e-16,2.39725978180272e-15,2.60957327723275e-07,4.66191935405516e-09,-1.30918388476006e-15,4.69788328758331e-17,-5.82326525734798e-09,-1.88721222095494e-09,-2.88980423075069e-11,-4.62536972784949e-16,-9.49398339569651e-16,-9.88712081619702e-16,2.36832237421396e-15,8.95604574913578e-16,1.12154339412049e-15,1.47361086294275e-07,-5.25592612419114e-08,-2.85082942031333e-08,5.04388217406831e-16,8.71319912757517e-16,7.2090291046234e-16,-1.12305856638221e-15,8.17620584639691e-16,2.89728850729718e-16,4.30712865723103e-16,1.56945702513125e-17,-1.63410258656735e-15,1.64543715934812e-15,-1.85145245577557e-15,6.53818520601803e-15,-8.61079978057028e-15,8.2757219219851e-15,7.30007794385108e-10,2.26304942669991e-15,3.78493512602422e-14,-6.85263465955348e-15,5.13505563148998e-08,-0.384724636706308,-7.15761455482548e-14,2.07714122307183e-09,-6.94875292873631e-09,-1.11293920505615e-16,1.32714438829854e-15,5.49443408116448e-09,3.69215514977707e-15,-3.44842739827704e-11,1.44719577332179e-15,7.01083494897266e-16,-4.22576361588439e-16,-2.07319169509959e-15,-2.72566895352288e-06,1.64434865133518e-09,-1.37120495524593e-15,9.24301378845506e-16,6.07082767649662e-16,1.13765142962726e-15,-1.82286911259988e-15,1.01129635051562e-15,4.94478147418365e-16,1.87352960402673e-16,1.25554404173802e-11,-8.25145146959453e-16,1.45447145105909e-15,8.36665703389455e-16,6.04182512131302e-16,-1.55098325257561e-15,-1.50264281467132e-15,-3.37468666304432e-09,6.63121301829511e-16,4.55401678656594e-16,2.35458740786284e-10,-1.43221881053206e-15,-4.64480981836668e-16,-7.0504591700421e-16,1.72009851554585e-15,2.54607126192373e-10,-1.54142825291259e-16,-1.80811072539134e-07,3.00805904381581e-15,-1.10539333097385e-15,1.07769334418145e-15,3.59069548318833e-16,6.43090146379772e-16,1.38193741233661e-15,3.34147656564348e-10,2.09846979537638e-15,9.06025739622234e-16,4.39361173468623e-11,-4.35146665598492e-08,4.70514579779721e-16,7.72863895926992e-09,1.06032203643368e-08,-4.86620510429234e-16,2.38497226464438e-15,1.92567020820453e-15,5.26361466135776e-16,-1.44009809075538e-15,-1.996302771593e-08,2.99165618505387e-15,-9.28913692233068e-17,2.25200848646232e-15,8.18709131200758e-09,-3.58072017082632e-15,4.44385407933194e-15,-7.79218330178082e-15,2.11640865429041e-15,-3.84136222844063e-09,4.37910439946733e-16,1.14207681265158e-11,-2.09872112976179e-15,5.49450726099542e-15,-5.66410069304743e-15,-9.64102738783096e-16,-2.16603753594788e-15,-1.21310400924673e-14,-3.9980000252978e-15,-2.06765106553746e-10,1.92785382828941e-14,3.88581983408408e-15,8.78083471608202e-11,-1.83409173219972e-14,7.48697397771971e-14,-0.707106781186546,-3.53013873671983e-14,9.4962397424031e-15,4.80747849313529e-15,-6.549450271797e-10,-1.45298173157251e-14,9.00760393051534e-15,1.97411370198835e-10,-2.42294131501652e-15,-6.74660904922242e-15,-4.70358378134266e-15,-1.86394095077951e-15,1.05024145608225e-15,-7.65692301460392e-15,7.24900685788013e-16,-1.70308326382779e-15,-2.99232052866214e-15,2.62445146038185e-16,-3.68402965083811e-16,-1.07941112249649e-10,3.59620996659859e-10,1.4048412188011e-15,2.40049765442951e-15,-2.18778250172917e-16,-1.98466956803046e-16,2.86619686318268e-15,6.28370432363036e-18,9.29406951584458e-16,3.55804994755148e-15,-3.50860680320602e-10,4.73055643156408e-15,2.59372754710638e-15,3.24543669315374e-17,-1.07117682378436e-15,4.16172383245993e-11,1.8782295437717e-15,-6.73104944129653e-12,-1.58358521131928e-15,2.14080662012028e-16,-2.13637723098378e-16,-2.08789157212751e-15,-1.39343606226491e-16,-3.31110460182029e-16,-1.83215172697091e-16,-1.06068969815871e-15,2.01310231074837e-16,-3.48684452413237e-17,4.20984299690651e-16,-4.15651206752576e-16,6.86478459538108e-16,1.58807955610965e-17,-4.24744752179758e-16,4.47561506864147e-16,1.65370063936089e-16,4.12918305056039e-17,4.65083515217579e-16,5.80750086610358e-16,1.19500763451352e-15,3.81091345059447e-17,-7.47013069541081e-16,-5.55481305876195e-16,-2.68943642574715e-16,3.47473239933051e-10,1.31588001032426e-15,-1.01215004527428e-15,-8.02820590752326e-17,-2.21991206575812e-16,1.99783592782841e-16,4.18767092713941e-16,5.7062185486762e-16,-7.97278472173817e-16,-1.53168094205339e-16,-5.83702307940199e-16,3.95733792957209e-16,-2.95477026113467e-16,1.01484190638209e-16,-4.59212969201579e-17,-3.74695345547045e-16,-7.16032177774339e-16,3.99312237132412e-16,-4.20858708413678e-08,-5.63724270414738e-16,-5.88548713474391e-16,3.90283280749703e-16,1.31789936984487e-16,3.84551758417353e-16,-5.30560463256288e-17,-1.20704703668917e-16,-3.17734590974511e-16,7.98664334810083e-17,1.10347200812132e-10,5.46289802181687e-16,5.23671684042015e-16,-2.31579457051211e-16,-3.93180067558811e-16,-1.99210947368006e-16,2.22505833033977e-16,6.3266748137972e-16,-4.31461358377662e-16,-6.42557612927945e-17,7.41999272592543e-16,1.69813474521725e-16,-4.19543442339085e-16,1.88882017315332e-17,5.3102698015454e-09,4.73306038374605e-17,8.46609426639969e-17,-4.32821788784645e-16,-6.38595079593962e-16,-1.60045895769982e-10,-6.51687503894139e-17,1.93298397660088e-16,-3.6164810602913e-17,4.11998859291014e-16,-2.29368063345675e-16,-2.20976041063451e-17,1.22661987416831e-16,-3.59742151272612e-16,-1.01157738756241e-16,2.99543339920911e-16,-1.54785387150719e-16,-5.08615558996807e-17,-3.13260289771325e-17,-5.72596165704014e-17,9.29039813680656e-17,2.59713212149086e-16,-2.03176059464397e-16
"t296",0.0399543705951435,-0.0139973101258828,-0.0155108222510508,0.00108685561028895,0.0127414206507296,-0.0529521437520571,-0.0081735144279627,-3.22341280665805e-05,0.101785916679851,-0.00653029064213126,-0.0144170784969417,0.00125888416740934,-0.0028144869217312,-0.000634939277423317,-0.020866947866369,0.000654345499675819,0.000493126916808891,-6.73865303115306e-05,-0.0375482087576343,-0.0684591094493997,3.09896995576383e-05,-4.47231531082203e-06,0.000202576164722719,2.49144347049327e-06,-3.53234002655606e-08,5.77582135639292e-05,-0.000721780142318034,-4.15009996409036e-06,-4.04542136781978e-05,0.00104445672384464,0.000254330766849725,-0.00720516886861525,-5.31185032649718e-06,0.00805558361959794,-0.06807355313469,0.000581544112804868,1.70924751276548e-05,-2.83637644343996e-05,-0.00314872195731968,-0.000660947621200284,-8.72775657940277e-05,0.00208851496358906,-6.42391795789167e-06,0.000427988025209718,-1.56264337878012e-05,3.53892204154053e-06,-7.24535014078075e-07,1.1818416490921e-05,-0.00295064269858526,0.00292884421953957,3.48210635363826e-06,-1.06922208644091e-06,4.17933498036554e-07,6.03387026124752e-08,-0.00232506124074346,-3.09216461148123e-05,-0.000226588818265763,2.72784453919569e-06,-2.24443372266024e-05,-2.04583464153362e-08,-7.1900903328361e-08,5.37945080518271e-06,-4.07972382430157e-06,3.23081167785008e-06,-5.00278582041339e-05,1.54159123610781e-06,-0.139209369799013,-6.29264155145433e-05,9.98522917919252e-06,-2.5958002846229e-05,-1.18706047286223e-09,1.87367690284053e-07,-7.3131996462059e-07,-5.84402554660803e-07,2.51389004035183e-07,2.74006453997699e-06,-2.42150397426104e-06,4.08537651289413e-07,-0.000151626574375164,-2.0666872821649e-05,1.57644291445376e-06,0.000127989089406978,-0.000265587785918026,-9.15524626073981e-06,0.0144520180206127,3.82724197051231e-05,-6.49473352635455e-05,-0.0607539354576991,9.04670232770705e-06,-9.93217437191014e-05,0.000287095208046462,-2.12997150134467e-08,-1.35300345938191e-05,7.41095597742728e-06,7.51326038521795e-07,7.83921302863219e-07,9.1612080537026e-08,-3.34303764930927e-07,2.99296991624973e-06,-0.000297089756023808,2.79988592341036e-06,-1.75004360515272e-08,3.4624254078916e-06,-6.60543718112667e-07,6.13961097731223e-07,-1.47182686683505e-08,2.73432105764313e-06,-3.08491287143758e-09,2.65033223003597e-06,-3.89393953062825e-10,-8.99494474885676e-09,2.88272649930515e-08,-1.0595745810445e-08,4.53964988059851e-08,-5.404002948065e-08,7.7174045216128e-08,-9.22143603423411e-06,1.15613550381966e-05,-1.97327402286689e-06,7.63012336523396e-07,-4.55053119567711e-07,1.07869115385989e-06,-0.000124949378172769,9.8317074168351e-06,5.60854449408506e-08,-1.7115637881689e-06,1.79272331395607e-07,-4.6273456100619e-06,5.15209811014302e-06,0.000179605161068294,1.34569892685859e-06,-5.62254331618904e-06,4.60275973420317e-07,3.06932176432032e-05,-1.34936864379028e-08,9.02636362025814e-06,-0.000348761377589447,-1.44314456068404e-06,0.00360245418127085,0.000885325126749298,0.00014919156672186,2.19326296477562e-06,-5.34907092540641e-06,-1.10974306802566e-07,-6.24452620402312e-10,-3.37784438203006e-06,-8.5988067541894e-07,9.00328084224545e-05,7.60640680094687e-06,-4.00833911847495e-06,-5.97067194922358e-06,-0.0881541913798325,7.2966212392125e-06,-0.00082795981731543,4.23821498057002e-07,7.74913820588995e-05,-3.96008766344237e-05,1.27527267218445e-06,6.29009751443706e-05,7.8709931372444e-07,6.42852632292029e-07,-9.00074130509667e-08,5.2636044200153e-06,6.48724366280253e-07,-2.84335334688192e-07,7.80728808393059e-08,0.00131239872599144,0.301731853175284,-0.00452674169879438,-2.43764905437402e-06,2.47589975838718e-06,4.13948823038616e-07,-3.0843975782781e-08,-1.00904388899079e-05,-1.53670999087919e-07,-3.03513308309985e-07,-1.31010819616444e-08,4.06587834456958e-07,1.52137099899291e-05,1.67997413984276e-06,-6.75560388102743e-06,-1.84969879038658e-06,3.93334881398963e-07,1.60942989394979e-09,5.06749919295073e-08,2.53964955842277e-08,0.000225229690069889,-0.0245020356560741,0.00459768232494811,-1.29689679813519e-06,-1.65418301430541e-06,0.0001610441616643,1.75553047436307e-07,1.61615000786518e-11,8.54866399369563e-10,1.13364843357253e-06,8.95669868573895e-08,2.08203109259604e-09,-2.5796964206476e-06,-5.80975362628328e-08,-1.36344653816536e-07,-1.95809984514072e-07,3.8386485748364e-09,1.81778630870098e-07,6.9037639621871e-05,-3.62462976093804e-08,-5.25268292633788e-06,-9.39787067437414e-09,5.35755591196434e-07,7.45889022618446e-11,6.18613541427349e-07,2.05791865631032e-09,-2.35526159200724e-08,-1.82682719079424e-05,1.03868093863054e-08,1.31711548221244e-09,4.03939270300415e-10,3.07497209134093e-10,-1.45289581548533e-07,-7.69520030445492e-08,-3.75620615769784e-08,5.5510753859786e-08,1.2768877557421e-08,5.66819967291938e-08,-1.91056238730204e-07,-1.11570303976202e-08,-1.06272706265376e-06,-6.68828100118299e-09,-1.54110348258243e-06,-5.34784607157619e-07,2.96936459546837e-08,6.31476095124787e-09,1.97062998743909e-07,7.31932440737692e-08,-4.46580874745868e-08,-8.33717558967496e-10,-3.82057488179404e-07,4.6945386415275e-17,-3.80929313249587e-09,5.50136306596422e-08,-1.20691198594495e-08,-3.2845123247289e-08,-4.63067467084888e-07,6.4215973617927e-09,-9.90220330513828e-08,4.46878852209813e-08,-8.63628052279171e-08,0.00011902032836137,-1.18853154987312e-08,5.00374444434962e-06,-3.32506395209933e-09,3.68679536886102e-07,-3.27754728402851e-06,1.69855769104736e-09,-1.21108265993888e-10,6.22748033300392e-09,-7.11104697980083e-09,1.13669356690874e-07,3.41983016946134e-06,-7.24487632363061e-07,1.71298677517685e-07,-3.34294752843628e-06,4.2388984613368e-06,-2.91554948278455e-07,3.74877751167458e-06,-1.30817981807206e-06,1.98850998993574e-08,0.000186107121292363,9.87977352223007e-07,0.0659230674043738,-5.63289868379751e-08,4.03084692941729e-06,-3.19127799483647e-07,6.83754017251001e-08,-9.75003011676189e-08,1.74304238532725e-07,-1.1441955194872e-07,7.36713961709529e-09,-1.07470690729785e-06,4.31795721591044e-09,-6.66643201445531e-07,5.85240345171865e-17,1.31187409992828e-06,1.26560147906579e-07,1.21942996793147e-12,8.05271759573892e-09,-8.4961232257663e-09,4.20648449952648e-09,1.03628342145604e-09,4.79173497916247e-10,-2.81525444791795e-08,1.15199936220232e-06,0.00961018510129398,2.52941578880357e-09,-1.374886199497e-06,3.24437667396601e-05,-6.67752249228238e-08,7.49584538149735e-07,-8.86076995825803e-09,-1.53084196971802e-08,-2.35473913430163e-10,-4.01961827668919e-07,2.77722999570737e-08,-1.10605507793573e-10,2.89991732866188e-08,-2.54520231137028e-09,8.19630061991319e-09,3.61408446512573e-08,0.000121743282606346,-1.23419035318931e-08,2.55422129525448e-09,8.58501200277207e-09,-5.70869004425231e-10,1.99571559015153e-09,-1.92389754411794e-05,-1.08714700543584e-08,1.59626345208723e-08,1.32226250489137e-16,0.00319244233762893,1.51570485055847e-09,-3.29909144274054e-10,1.06994753401959e-06,4.63376768234276e-11,2.92786579310128e-07,7.41751324673898e-08,-1.0617985528919e-08,5.09708159699632e-08,5.90136163429285e-16,-5.11290751847394e-07,-4.42765693852682e-11,-0.000180493888516639,-8.98757668980122e-10,1.14001988509844e-08,-9.5082970774777e-07,-1.43606730340599e-07,3.97831384574264e-08,-4.24304868306953e-09,2.82010169297543e-07,-9.33672400368209e-10,-9.07980137870952e-08,-1.2254749255828e-10,-1.94815303212331e-11,-9.73032193289993e-07,1.40264441055865e-09,-2.83393742148544e-07,-1.12970901853041e-16,-8.27823409580462e-09,6.66088302569978e-10,1.92010980754531e-11,1.86140282247654e-10,-2.87781798294129e-07,-1.94995524196685e-06,1.12186656372482e-08,-4.44121430472643e-08,-4.03156714769933e-08,-2.2944783680315e-16,-0.000371061815308046,5.09260862763454e-09,2.45214843697814e-07,3.01456422087771e-16,-1.082327724604e-08,-8.59717173337036e-10,9.64199535456670e-11,1.35498279962736e-08,-6.27753590376509e-08,-6.76589686268576e-09,-2.91366948712521e-09,1.38443236217265e-08,1.03656401684762e-09,6.63195020793266e-11,1.78502152359653e-08,5.43903147534399e-10,1.03545980309708e-16,-2.4145466436038e-10,8.98994512398855e-09,3.89308671391125e-09,-2.4108111044896e-08,8.01510616141083e-17,-4.42200228412097e-10,6.32614626915745e-11,-6.10013122073373e-09,-8.21735693220448e-11,-2.45175129627733e-06,1.15619635701635e-10,3.85092190559797e-10,-3.75354965981476e-08,7.37269336110481e-16,-2.93076740608572e-07,1.46580353855164e-09,-4.73882375499831e-09,-5.86200015012362e-07,7.7862626351864e-10,1.02202760049524e-09,4.19803081186387e-16,-7.66911650028071e-18,1.1601882804628e-09,1.58815646686416e-09,-2.13960699239401e-10,2.55495097979856e-06,3.00120817269223e-16,1.7280513993172e-07,2.32128778245734e-09,2.34315951889392e-15,-3.40729533604642e-16,2.64672230574851e-16,-6.83619239094053e-06,-2.03924014562054e-08,2.71619184992424e-08,-9.64870248602295e-07,-1.39564027928133e-07,-3.0706349290014e-08,1.35977546578473e-08,7.27931230430923e-16,4.36807823996589e-09,-1.42582460924975e-08,-1.11918985895328e-15,-3.58042336002146e-15,1.88364370243233e-08,3.57827569442603e-06,2.19393830793888e-08,-8.28798836036372e-06,-2.46585258507714e-07,0.213705846732198,2.58840334904618e-14,-2.60246008343618e-06,-1.53832754737057e-14,-2.26318992223078e-05,-6.94312229237992e-15,-3.65945761122446e-08,-5.26453018099707e-15,1.07363345044117e-07,2.67886075737031e-08,7.3177410345249e-07,9.39825866364024e-07,4.04094846905344e-08,-4.18580843430876e-09,2.46276390101944e-08,1.31076850744562e-08,3.55107533564189e-05,1.20477286251991e-07,6.74535374459327e-09,-1.80628116527696e-08,-2.93488659119489e-05,-2.46092264117327e-07,-7.90126587128328e-09,4.80913394578731e-17,7.31170416785147e-08,-1.2658923922654e-08,9.44364687896065e-09,6.35611740270528e-15,0.0339233329074738,1.39533465630461e-07,5.91269027513887e-08,2.62930634109154e-16,-1.55185291105446e-08,-0.000107190623639199,1.0241633137633e-15,-1.22790316136373e-08,3.87223952587835e-08,-4.75732916891745e-17,-4.87369717393338e-14,-4.05520136228421e-09,-0.00170745341106463,-0.0025750450024148,-1.94535539362885e-05,1.90657081906955e-07,5.14060091744275e-09,5.42779355679622e-07,7.31878948868679e-08,-4.00889801730296e-06,5.09432990583591e-14,1.60411354307688e-09,1.38879074819407e-06,0.545149969110585,-2.94596379116383e-05,2.33280923057166e-12,5.08945141772572e-14,-1.66270540891302e-06,-9.50790407277521e-16,-5.81008211927536e-15,-2.15801498316141e-08,2.45727118522647e-08,4.57580215184288e-09,1.42663320680346e-08,-5.97449251531476e-08,-1.53149967954753e-08,-1.72659549559303e-08,-3.03735712198675e-15,-1.80189798677477e-09,1.23830506983339e-06,3.19006627429001e-09,-6.60912958273784e-10,4.62959142478628e-09,-2.14998127171535e-17,-4.23008595554952e-16,1.78995003641305e-15,-1.74576374620346e-06,-3.10210418108606e-10,-2.02435505828381e-08,-2.1504563908869e-15,-2.57974414813507e-10,-1.01913462888628e-15,-1.84599854907829e-16,5.19173119399307e-08,-1.30224416108645e-08,9.18969761398714e-16,-1.11034823458767e-07,-1.52303293553044e-09,1.39461638074172e-15,3.55248779978394e-09,5.49744604309845e-16,1.35984987726602e-07,-2.06996184235882e-15,1.35979686350941e-07,1.12383268351433e-08,4.07964605404888e-10,4.04076960827537e-08,2.79208995261831e-07,-1.36004258603859e-09,4.29073934590172e-08,2.03316944245917e-16,2.60853726655164e-08,-1.47626777210397e-09,2.54035335641797e-16,-1.95164737661005e-10,-4.0014786581e-09,9.34577181549749e-10,-4.072859120388e-16,3.04684468068907e-09,4.04175068355448e-09,1.38343827759357e-15,-1.12575219328529e-07,-8.56048069739477e-08,-1.17633634797615e-10,1.41220493502197e-15,3.62764690607604e-15,2.13328529877066e-09,6.86166799478751e-08,5.55725214697153e-09,-8.74836497163085e-10,4.17038648725214e-08,-5.90387618223772e-17,-2.71065256856929e-16,1.52629186101995e-07,4.59345333517801e-10,3.19973216736665e-15,3.70761330373092e-07,-1.04347859773408e-15,1.85205484854126e-09,-3.52528892149225e-08,-8.6797093234602e-05,-2.45284923141383e-06,-7.8741872403892e-16,-1.18997027050639e-15,-3.80196072669714e-15,6.54900956261127e-16,-2.13562908040388e-10,-7.41569252996366e-10,3.24875751253204e-15,8.82411566380294e-16,-3.5446816924674e-16,1.04751080613739e-09,9.42793447167648e-12,-5.21018621050012e-10,3.26281574309982e-15,1.40626442782232e-15,2.3543992276609e-15,-2.26185101166697e-08,6.92412021154861e-10,-9.14411680225286e-16,1.22056221513948e-10,-3.19916184973357e-09,-4.0502002838761e-15,-3.42195192592966e-15,-2.30759350981802e-07,-2.27307190771088e-11,-1.14675026702058e-07,7.52438561145396e-15,1.2487244135952e-09,2.0218662925847e-08,2.18061718961107e-08,-8.21001571863792e-08,-4.88618713978628e-09,8.00465293252406e-11,1.24960708685723e-14,2.3687093659314e-14,-0.707106781186551,1.94471369264534e-09,-1.81219124998197e-09,-0.00121963285341338,-3.70268141651099e-10,-3.97548616011533e-16,2.82757957464665e-15,8.56291975617025e-15,-2.48124200303571e-15,-8.32350985293918e-15,1.85230624700228e-09,-1.19722105932346e-16,-4.57075421140582e-15,-3.26412730225931e-08,-8.06807932777599e-16,-3.00602588956197e-08,-1.66594993010267e-15,-7.48053978455698e-05,-2.29099742487495e-15,-4.31250672956332e-06,-5.26298007213428e-09,-4.66103487862424e-09,-4.76195475825544e-16,1.70207431974463e-07,1.35145611666402e-15,2.60043368254507e-08,-4.16348209734789e-09,2.30457329754223e-11,-1.8942599040589e-15,1.27215927334041e-07,1.38575275665132e-15,-9.1900296994355e-09,-4.69212486552013e-09,7.86954826917358e-16,6.41720322440896e-16,-1.96268205265302e-15,6.9690299054557e-16,-7.13644237475896e-10,-2.12505982670616e-08,-4.74888441167963e-09,4.40016468472221e-16,-2.61841767447624e-16,-4.88474873610217e-10,3.98532255807549e-09,-2.06394083765587e-15,-2.25250663686848e-15,-7.98974493707367e-09,-5.34292794806516e-16,-1.4164005600873e-06,-1.17240579889018e-15,1.42159786552616e-08,-3.83413297546783e-16,1.56084481680307e-15,1.35086388052648e-15,6.58196208321671e-16,1.29991071547418e-15,-1.15727517794967e-16,2.75053948467394e-10,-1.92380208498862e-09,-2.84622618833517e-17,-1.28041826402849e-09,5.38536196340885e-08,5.32971654303058e-16,1.55466638403406e-16,-3.06178043324109e-16,1.0569848347287e-15,4.54569948877907e-07,7.9613300152466e-09,-1.46491286577717e-15,-2.84308983473773e-16,-9.7163255159919e-09,-3.13908024532982e-09,-4.75570500505882e-11,5.25731875324457e-16,-5.48792921304699e-16,-3.67701365559369e-16,3.04539589524378e-16,7.00923952178374e-16,4.87808194183859e-16,1.93644372470112e-07,-6.71492531935073e-08,-3.5354742676849e-08,-9.3120973184574e-18,4.56297097422202e-16,2.77645213288822e-16,1.07421418035353e-15,-5.64184957539517e-16,-1.30671990492603e-15,5.52163025924357e-16,5.88401550863387e-16,1.67788302836731e-17,8.23446876106686e-16,3.84408216757085e-16,-3.37487889955021e-16,-6.30087770342299e-16,4.12464149223705e-16,2.28111682660774e-10,6.6817617146582e-16,2.62013709867004e-15,-8.90045280029495e-16,5.96442101326503e-09,-0.0256417400315085,-5.3569706414527e-15,7.28213913391967e-11,1.86228177056656e-09,5.0370581370643e-16,7.39141857017662e-16,-4.12216088085897e-09,1.0136488476486e-15,5.50806212630667e-11,4.83571009400205e-16,2.55756390524936e-16,-2.80849593569e-16,-2.22714402321303e-16,1.17446534869693e-05,-7.60442785651077e-09,2.92081679921615e-16,-3.50596436412642e-16,4.59745024131482e-17,-8.86723466002931e-16,-3.2385118892142e-16,-4.74294338750119e-16,-1.86498288146159e-16,-9.48212141329803e-17,9.43305002019183e-11,6.03742564686496e-16,1.95356093501697e-16,-1.789544394386e-16,1.82811412948551e-16,-1.35156127783484e-16,3.08670907410751e-16,-2.05764201911295e-08,-1.35910506917642e-16,-3.01762985404275e-16,1.39273226556677e-09,6.0946680806591e-18,4.46875824611006e-16,7.23967987630832e-16,-1.56626257955411e-16,1.16848967106139e-09,-9.04712951752411e-17,-8.03371205264381e-07,7.87284697843957e-16,1.85998945355918e-16,-5.47003892555967e-17,-4.81902454681389e-17,1.9713843745941e-16,3.60755615846161e-16,1.40044448002177e-09,-2.13601071250953e-16,4.23221093682893e-16,1.77076431431732e-10,-1.75049186554153e-07,-1.50850471060035e-16,3.01616290070524e-08,4.1009881216076e-08,8.98019661883645e-17,1.35377299982359e-16,-1.60242521369339e-16,4.96986649910409e-17,-2.46953617182676e-16,-6.91496117075838e-08,-1.28025754633547e-16,1.24852877905895e-16,-3.37832280787915e-16,2.77105210601415e-08,-2.09826341095784e-16,-3.68611921868475e-17,3.79287146788949e-16,-4.10925423115398e-17,-1.26406812141918e-08,1.94592287695013e-16,3.7282976355291e-11,1.50996771808149e-16,-1.48951652368867e-16,1.20424752098502e-16,-1.85293244640397e-16,-1.45509195198305e-16,1.23750390361564e-16,2.51677362062567e-17,-6.48378452725247e-10,5.76018689591977e-16,-1.46229416119507e-16,2.72739364760539e-10,-4.42447244774739e-16,3.13520227505333e-16,3.90942317322414e-16,-1.12593289100326e-16,2.63493587638038e-16,1.92187402299017e-16,-1.98065025040921e-09,2.23015116846804e-16,-1.30354170410281e-17,5.90238131558468e-10,1.70614970945531e-16,-9.21510156140126e-17,3.8427277450224e-16,3.99248286721922e-17,-2.08538844528884e-16,1.31989138161812e-16,-3.45400984858667e-16,7.48561499377189e-17,-1.05435809235225e-16,-4.67067917225367e-17,-3.75875256650489e-16,-3.10538301578908e-10,1.03010994322565e-09,1.95247112702021e-16,2.00374320926005e-17,-1.81391155383773e-16,-4.39621728624287e-16,1.08637057683048e-16,1.85701791489146e-17,1.61437358775346e-16,-3.07764111013566e-16,-9.83588918496662e-10,-1.11738459967384e-16,3.54455185303492e-17,-1.82748386740428e-16,-3.18181569096307e-16,1.14677285681601e-10,-3.06033148113702e-18,-1.82157394661997e-11,1.21586219431199e-17,4.96171980543654e-17,1.63525951725744e-16,-9.20134638137664e-17,1.47607268511745e-16,-3.73676137993248e-16,-1.29463738919934e-16,1.03668477757235e-16,5.56317532881829e-17,-9.67640747200945e-17,2.31098595419299e-16,6.73831674659639e-17,-1.71239949846475e-16,1.09582227995454e-16,-8.4150542760149e-18,7.90049757627324e-17,-5.57689404427045e-17,1.57529013742775e-16,1.98475527430274e-16,-8.51089234039573e-17,3.53124647578529e-16,1.1758639009246e-16,2.46560908681452e-17,-2.86673125643258e-17,-4.653324816461e-16,8.86473096851843e-10,-3.88982031132049e-16,4.39169628877755e-16,-6.22570928088294e-17,-5.03136846584592e-17,-6.75741321497459e-17,-4.1714311918746e-16,-3.30396374498538e-16,1.34894569361851e-16,3.1159520581337e-16,-1.02131524876617e-16,8.09899022846672e-17,-1.97025122127362e-16,1.49515727812802e-17,2.65289563736651e-16,9.80170675183515e-17,8.54849509341455e-17,1.57767353855302e-16,-1.0377270433956e-07,1.34695660151646e-16,8.84437494925178e-17,1.65070623711356e-16,1.1098903798722e-17,2.074055975887e-16,-1.24394055998527e-16,1.83786438528774e-16,2.24735659564208e-16,-2.52944461982739e-17,2.636479722872e-10,-3.95086127731356e-18,-1.46547643030541e-17,-1.15368007406525e-16,2.54950862326534e-16,4.73352685685389e-17,1.98195549063298e-16,-1.78941318381324e-16,7.88056001128556e-17,-1.02200068510076e-16,8.88593500888429e-17,1.33053308020042e-16,1.698657817449e-16,7.27502904857372e-17,1.23292559739909e-08,-8.43304841875078e-17,-1.3719571831498e-16,-2.18159635216046e-16,-3.34584790429027e-16,-3.66982709621712e-10,-1.22003980309927e-17,-5.17712059355183e-17,2.00192883379542e-16,-8.51987129970125e-17,1.44715872837429e-16,1.02070165850686e-16,3.13462230271079e-16,1.66708836900751e-16,1.45555980812974e-16,1.17661872721258e-16,-7.58008152242392e-18,5.85177158187404e-17,-9.46705953552005e-17,8.2463327680778e-17,5.08129363176005e-17,-1.5852471635671e-16,-3.242073307759e-16
"t297",0.0399543705951435,-0.0139973101258828,-0.0155108222510508,0.00108685561028895,0.0127414206507296,-0.0529521437520571,-0.0081735144279627,-3.22341280665789e-05,0.101785916679851,-0.00653029064213125,-0.0144170784969417,0.00125888416740933,-0.00281448692173121,-0.000634939277423314,-0.020866947866369,0.00065434549967582,0.00049312691680888,-6.73865303115325e-05,-0.0375482087576343,-0.0684591094493997,3.09896995576395e-05,-4.47231531082271e-06,0.000202576164722714,2.49144347049327e-06,-3.53234002701142e-08,5.77582135639259e-05,-0.000721780142318038,-4.15009996409914e-06,-4.04542136782176e-05,0.00104445672384467,0.000254330766849722,-0.00720516886861523,-5.31185032649328e-06,0.00805558361959796,-0.06807355313469,0.000581544112804864,1.70924751276464e-05,-2.83637644343908e-05,-0.00314872195731967,-0.000660947621200287,-8.72775657940251e-05,0.00208851496358905,-6.4239179578934e-06,0.000427988025209699,-1.5626433787809e-05,3.53892204154848e-06,-7.24535014078636e-07,1.18184164909379e-05,-0.00295064269858525,0.00292884421953957,3.48210635365317e-06,-1.06922208643195e-06,4.17933498055746e-07,6.03387026202815e-08,-0.00232506124074348,-3.09216461148246e-05,-0.000226588818265782,2.72784453916023e-06,-2.24443372265954e-05,-2.0458346414767e-08,-7.19009033429797e-08,5.37945080518995e-06,-4.07972382431417e-06,3.23081167786499e-06,-5.00278582041291e-05,1.54159123611751e-06,-0.139209369799013,-6.29264155145594e-05,9.98522917922086e-06,-2.59580028462415e-05,-1.18706045835341e-09,1.8736769022247e-07,-7.31319964651533e-07,-5.84402554695556e-07,2.51389004004089e-07,2.74006453996895e-06,-2.42150397431319e-06,4.08537651250825e-07,-0.000151626574375205,-2.06668728216374e-05,1.57644291445444e-06,0.000127989089406946,-0.000265587785918083,-9.15524626076892e-06,0.0144520180206127,3.82724197050874e-05,-6.49473352636636e-05,-0.0607539354576991,9.04670232771617e-06,-9.93217437191187e-05,0.00028709520804646,-2.1299715105387e-08,-1.35300345938103e-05,7.41095597746194e-06,7.51326038508579e-07,7.83921302865956e-07,9.16120805018917e-08,-3.34303764997606e-07,2.9929699162573e-06,-0.000297089756023849,2.79988592339945e-06,-1.75004360295957e-08,3.4624254078534e-06,-6.60543718105709e-07,6.13961097742687e-07,-1.47182686321848e-08,2.73432105757651e-06,-3.08491287520392e-09,2.65033223003721e-06,-3.89393971385842e-10,-8.99494476242094e-09,2.88272649944089e-08,-1.05957457629184e-08,4.53964988476964e-08,-5.404002950307e-08,7.71740452627172e-08,-9.22143603426039e-06,1.15613550382059e-05,-1.97327402289162e-06,7.63012336535285e-07,-4.55053119636949e-07,1.07869115384645e-06,-0.000124949378172619,9.83170741675678e-06,5.60854448673959e-08,-1.71156378821492e-06,1.79272331408617e-07,-4.62734561022139e-06,5.15209811012042e-06,0.000179605161068228,1.34569892656989e-06,-5.62254331622157e-06,4.60275973382472e-07,3.06932176432949e-05,-1.34936864668368e-08,9.02636362033836e-06,-0.000348761377589559,-1.44314456063352e-06,0.0036024541812708,0.00088532512674928,0.000149191566721765,2.19326296475232e-06,-5.34907092544858e-06,-1.10974306804764e-07,-6.24452584796435e-10,-3.37784438188226e-06,-8.59880675405267e-07,9.00328084226506e-05,7.60640680078841e-06,-4.00833911832408e-06,-5.97067194917783e-06,-0.0881541913798324,7.29662123927619e-06,-0.000827959817315002,4.23821498220503e-07,7.74913820589318e-05,-3.96008766344021e-05,1.27527267220546e-06,6.29009751444608e-05,7.87099313784484e-07,6.42852632263147e-07,-9.00074131220368e-08,5.2636044200675e-06,6.48724366292694e-07,-2.84335334566501e-07,7.80728808582392e-08,0.00131239872599164,0.301731853175284,-0.00452674169879425,-2.43764905448772e-06,2.47589975848515e-06,4.13948823045034e-07,-3.08439758325289e-08,-1.00904388897887e-05,-1.53670999019735e-07,-3.03513308355296e-07,-1.3101082028543e-08,4.06587834539953e-07,1.52137099899628e-05,1.67997413984152e-06,-6.75560388103045e-06,-1.84969879036764e-06,3.93334881441229e-07,1.60943003062048e-09,5.06749919410718e-08,2.53964956299756e-08,0.000225229690069981,-0.024502035656074,0.00459768232494812,-1.29689679808966e-06,-1.65418301432802e-06,0.000161044161664348,1.75553047521142e-07,1.61614598946854e-11,8.54866405436152e-10,1.13364843321283e-06,8.9566986952094e-08,2.08203126001041e-09,-2.57969642055377e-06,-5.80975362638958e-08,-1.36344653802159e-07,-1.95809984514617e-07,3.838648546216e-09,1.8177863097278e-07,6.9037639621964e-05,-3.62462976609071e-08,-5.25268292650745e-06,-9.39787066743525e-09,5.35755591491739e-07,7.45888148277091e-11,6.18613541530964e-07,2.05791864906819e-09,-2.35526158545824e-08,-1.82682719078096e-05,1.03868093250076e-08,1.31711533045175e-09,4.03939260560171e-10,3.07497235070142e-10,-1.45289581575485e-07,-7.69520031026765e-08,-3.75620613849864e-08,5.5510753897733e-08,1.27688776057256e-08,5.66819965556704e-08,-1.91056238757839e-07,-1.11570304477301e-08,-1.06272706257103e-06,-6.68828096376757e-09,-1.54110348273149e-06,-5.34784607089134e-07,2.96936460494514e-08,6.31476094748959e-09,1.9706299869131e-07,7.31932439746492e-08,-4.46580874825701e-08,-8.33717376537987e-10,-3.82057488048762e-07,9.57169398091717e-17,-3.80929290653183e-09,5.50136306570401e-08,-1.20691199038367e-08,-3.28451233523964e-08,-4.63067466923185e-07,6.4215972156774e-09,-9.90220330691344e-08,4.46878851882723e-08,-8.6362805403005e-08,0.000119020328361164,-1.18853153807837e-08,5.00374444453498e-06,-3.32506387075727e-09,3.68679537109213e-07,-3.27754728409282e-06,1.69855796619696e-09,-1.21108130793877e-10,6.22748031156262e-09,-7.11104687063548e-09,1.13669357003568e-07,3.41983016935263e-06,-7.24487632332234e-07,1.71298677682359e-07,-3.34294752836826e-06,4.23889846159576e-06,-2.91554948249994e-07,3.74877751173192e-06,-1.30817981776265e-06,1.98851001388651e-08,0.00018610712129223,9.87977352315202e-07,0.0659230674043731,-5.63289869732177e-08,4.03084692936987e-06,-3.19127799829952e-07,6.83754016747389e-08,-9.75003014266864e-08,1.74304238219725e-07,-1.14419551934624e-07,7.36713958882377e-09,-1.07470690746439e-06,4.31795731568994e-09,-6.6664320150374e-07,1.17932825003714e-16,1.31187410023024e-06,1.26560148134106e-07,1.21950704395501e-12,8.05271801687865e-09,-8.49612319888464e-09,4.20648464578327e-09,1.03628339237534e-09,4.79173622459637e-10,-2.81525447905179e-08,1.15199936278061e-06,0.00961018510129368,2.52941579792364e-09,-1.374886199186e-06,3.24437667398952e-05,-6.67752249899154e-08,7.49584538311239e-07,-8.86077001051658e-09,-1.53084199208757e-08,-2.35473858569136e-10,-4.0196182671788e-07,2.77723002156268e-08,-1.10605255735462e-10,2.899917318898e-08,-2.545202102377e-09,8.19630035713914e-09,3.6140844100649e-08,0.000121743282606099,-1.23419031334223e-08,2.55422092979602e-09,8.58501185958459e-09,-5.70869498716866e-10,1.99571606131899e-09,-1.92389754412887e-05,-1.08714702071642e-08,1.59626346665971e-08,3.07941402232787e-19,0.00319244233762968,1.51570456936396e-09,-3.29908973403792e-10,1.06994753405306e-06,4.63377607201153e-11,2.92786578630728e-07,7.41751327434208e-08,-1.06179855070412e-08,5.09708159071334e-08,1.06896786297458e-16,-5.11290751759818e-07,-4.42766757912996e-11,-0.000180493888517123,-8.98757794471898e-10,1.14001989623343e-08,-9.50829707637135e-07,-1.43606730067332e-07,3.97831387505221e-08,-4.24304862226323e-09,2.82010169908798e-07,-9.33672121131367e-10,-9.07980137419019e-08,-1.22547632646373e-10,-1.94819555453252e-11,-9.73032193607889e-07,1.40264436259875e-09,-2.83393742130988e-07,-1.47876927228159e-16,-8.27823446704387e-09,6.66088268959711e-10,1.92013893767276e-11,1.86139900029701e-10,-2.87781798064415e-07,-1.94995524152905e-06,1.12186655146482e-08,-4.4412142851877e-08,-4.03156714272083e-08,-1.08316246393653e-16,-0.000371061815308387,5.09260846399715e-09,2.45214843642684e-07,3.27171413759419e-17,-1.08232769321625e-08,-8.59717022178924e-10,9.64198290864177e-11,1.35498276701744e-08,-6.27753590972136e-08,-6.76589676714672e-09,-2.91366953287572e-09,1.38443237638215e-08,1.03656397195943e-09,6.6319269106253e-11,1.78502146237999e-08,5.43903051034318e-10,9.7197345804841e-17,-2.41454476189894e-10,8.98994519527891e-09,3.89308687830551e-09,-2.41081109727693e-08,-2.87242490041936e-17,-4.42200047741047e-10,6.32622955756834e-11,-6.10013140165458e-09,-8.21735558637831e-11,-2.45175129619482e-06,1.15619206691412e-10,3.85092318633402e-10,-3.7535496195521e-08,1.37469926149761e-15,-2.9307674108464e-07,1.46580364615871e-09,-4.73882368217158e-09,-5.86200014826792e-07,7.78626240608379e-10,1.02202856143074e-09,6.80011602582908e-16,2.15026003204158e-16,1.16018852842833e-09,1.58815627584129e-09,-2.1396117153142e-10,2.55495097957931e-06,8.27979256317382e-16,1.72805139792217e-07,2.32128801886921e-09,1.4498853744149e-15,-1.70099862862394e-16,1.59961269517118e-16,-6.83619239142007e-06,-2.03924015902925e-08,2.71619186333538e-08,-9.64870248210854e-07,-1.39564028254347e-07,-3.07063495476514e-08,1.35977554458107e-08,9.89535644444734e-16,4.36807795520297e-09,-1.42582461454197e-08,-1.47270808750341e-15,-4.15689481708188e-15,1.88364372243635e-08,3.57827569392905e-06,2.19393831058617e-08,-8.28798835959701e-06,-2.46585258858e-07,0.213705846732202,2.50737685493819e-14,-2.60246008334502e-06,-1.77911261045887e-14,-2.26318992223605e-05,-6.08459680209728e-15,-3.65945754677044e-08,-5.73501642884366e-15,1.07363345134233e-07,2.67886075624978e-08,7.31774102968918e-07,9.39825866343549e-07,4.04094845065295e-08,-4.18580814963041e-09,2.46276387834368e-08,1.31076854953524e-08,3.55107533561113e-05,1.20477286069214e-07,6.74535500147444e-09,-1.80628116310371e-08,-2.93488659117975e-05,-2.46092264140997e-07,-7.90126532771958e-09,4.05647490602117e-16,7.31170409505719e-08,-1.26589243162064e-08,9.44364710075991e-09,5.75109581767319e-15,0.0339233329074737,1.39533465498301e-07,5.91269022874591e-08,3.76311627179936e-16,-1.55185289449281e-08,-0.000107190623639784,3.25009505065117e-16,-1.22790311523951e-08,3.87223957781844e-08,5.32448128595285e-16,-4.6382951642382e-14,-4.05520142102096e-09,-0.00170745341106411,-0.00257504500241372,-1.94535539367717e-05,1.9065708294071e-07,5.14060042460313e-09,5.42779355849192e-07,7.31878950021634e-08,-4.00889801711194e-06,5.07548647207812e-14,1.60411371545009e-09,1.38879074848615e-06,0.545149969110595,-2.94596379121909e-05,2.33408785669325e-12,5.25370199323376e-14,-1.66270540896386e-06,-3.52836290539722e-16,-6.0541954438235e-15,-2.15801497452055e-08,2.4572710978316e-08,4.57580220109241e-09,1.42663322195905e-08,-5.97449253912521e-08,-1.53149976329191e-08,-1.72659541782266e-08,-3.08049981789794e-15,-1.80189800379594e-09,1.2383050692006e-06,3.19006641110008e-09,-6.60913440034593e-10,4.62959250272632e-09,5.74782585980433e-16,-1.09936180437089e-15,2.40934807443656e-15,-1.74576374623119e-06,-3.10210268384254e-10,-2.02435501154059e-08,-2.17257233123345e-15,-2.57974218557293e-10,-5.80744256705363e-16,-2.43425103859123e-16,5.1917308659986e-08,-1.30224417418296e-08,-3.72965547335014e-17,-1.11034823516179e-07,-1.52303293831818e-09,-7.76971114045369e-16,3.55248805608e-09,1.38575007255313e-16,1.35984989501685e-07,-1.45221444469109e-15,1.35979685899794e-07,1.1238325755408e-08,4.07964109817586e-10,4.04076950384663e-08,2.79208995399973e-07,-1.36004631168252e-09,4.29073936671054e-08,6.21885598828372e-16,2.60853731757277e-08,-1.47626718941045e-09,-8.36624899211069e-16,-1.95165639190199e-10,-4.00147922786608e-09,9.34577728942117e-10,2.06766170972828e-16,3.04684521088548e-09,4.04175109845327e-09,-8.43648859713072e-17,-1.12575220166623e-07,-8.56048067553409e-08,-1.17633346719164e-10,-8.67873945480637e-16,-4.17742411809061e-15,2.13328619884751e-09,6.86166819381551e-08,5.55725274976308e-09,-8.74840233873202e-10,4.17038669033939e-08,1.04393121193029e-16,-3.14866031447728e-16,1.52629186413632e-07,4.59347112794057e-10,-2.02096864311952e-15,3.70761332976342e-07,7.58880914915024e-16,1.85206083304747e-09,-3.5252886065521e-08,-8.67970932322111e-05,-2.45284923031333e-06,9.3545606278848e-16,1.5283761361104e-15,3.55881954776199e-15,-8.67987829880831e-16,-2.13560804143716e-10,-7.41564289940411e-10,-3.93928916634091e-15,-4.85900867060992e-16,5.6982803106789e-16,1.0475077724377e-09,9.42620727886107e-12,-5.21018956460899e-10,-3.90224157580293e-15,-2.30514934397574e-15,-1.60955233516336e-15,-2.26185058452667e-08,6.92412489740857e-10,6.02320903454734e-16,1.22054555544065e-10,-3.19916837977755e-09,2.80830459373784e-15,3.18812759046115e-15,-2.30759344552296e-07,-2.27325020748762e-11,-1.14675029669967e-07,-7.80834457691982e-15,1.24873006089011e-09,2.02186682321139e-08,2.18061765124423e-08,-8.21001768149319e-08,-4.8862063939763e-09,8.00640641391044e-11,-1.28896409071317e-14,-2.28924527221467e-14,0.707106781186545,1.94470532475878e-09,-1.81216459838528e-09,-0.00121963285350407,-3.70273437162535e-10,7.48370918109756e-16,-2.7568808930846e-15,-7.97788866815989e-15,2.41501075964227e-15,9.16775436104183e-15,1.85231313742869e-09,4.97869510528602e-17,4.89971900776109e-15,-3.26412724549602e-08,6.20755117056215e-16,-3.00602636226166e-08,1.75110658902009e-15,-7.48053978483529e-05,2.54693963242051e-15,-4.31250672886693e-06,-5.26297663181003e-09,-4.66103596475389e-09,4.32155035126291e-16,1.70207435691592e-07,-1.12309798293929e-15,2.60043355524395e-08,-4.16347987397784e-09,2.30484541478086e-11,1.74611227637169e-15,1.27215928712349e-07,-1.43029860332798e-15,-9.19002921399502e-09,-4.69212346825043e-09,-3.71821798519085e-16,-8.28481529997647e-16,2.09873643194462e-15,-6.49187821291766e-16,-7.13645129467789e-10,-2.12505985998042e-08,-4.74888889201331e-09,-2.28398412293823e-16,2.34408539606361e-16,-4.88473785563071e-10,3.98532257021855e-09,2.01778886494096e-15,1.74541622625683e-15,-7.98974812822333e-09,4.99959884534613e-16,-1.4164005602782e-06,1.49853433913674e-15,1.42159745700337e-08,7.14797138420211e-16,-1.98560898733187e-15,-9.83381571719021e-16,-5.69033213499979e-16,-1.43089952643199e-15,-1.3151621193172e-16,2.75055200093357e-10,-1.92380230543254e-09,-8.38649284745167e-17,-1.28041886989788e-09,5.38536216028429e-08,-4.56429110461195e-16,-1.79826508011974e-16,1.94613671426178e-16,-1.27909922653234e-15,4.54569948988926e-07,7.96133219381926e-09,9.82655402487557e-16,1.80114002773786e-16,-9.71632546934777e-09,-3.13908263057839e-09,-4.75584715743778e-11,-5.14378110009199e-16,1.45082386202465e-15,3.11760477181611e-16,1.04228843168965e-16,2.02358654316074e-16,-4.15228329981694e-16,1.93644374099709e-07,-6.7149254923753e-08,-3.53547435359272e-08,2.70310603368693e-17,-4.97945852965898e-16,-4.52781046851427e-16,-1.41444271177904e-15,3.86862572282209e-16,1.48862442046524e-15,-3.82086619873991e-16,-4.11373723851022e-16,-3.01937413587069e-16,-7.92027107321472e-16,-4.01470336679805e-16,1.40314471236994e-15,-8.18370372673231e-16,6.38018157854705e-16,2.28114198965201e-10,-2.27407167632365e-16,1.75017327019846e-15,-2.08396305667723e-17,5.96441983480473e-09,-0.0256417400315094,-4.31201925644534e-15,7.28207164187121e-11,1.86228033472655e-09,1.65717696244664e-17,-7.95791000391407e-17,-4.12216039108835e-09,3.01140029994747e-16,5.50805646658218e-11,-5.65821653794308e-16,-1.16505880484884e-16,5.56228053131397e-16,-4.14884519350877e-16,1.17446534862157e-05,-7.60442975826536e-09,-3.49325518136943e-16,1.21506233384243e-15,1.59989295242029e-16,-9.44104865953732e-16,1.81712284108571e-16,2.25245548881151e-16,2.27723986891819e-16,3.3743792348969e-16,9.43284559005245e-11,-5.35682323164515e-16,2.48627613952671e-16,3.86186439949838e-16,-2.78747522356228e-17,8.40581928846246e-17,-2.99246332899551e-16,-2.05764197461004e-08,4.54959906582269e-17,4.95336072669598e-16,1.39273119558776e-09,-3.50974043779266e-16,-7.00642330784142e-16,-6.95928329852952e-16,2.41281700208393e-17,1.16849076179709e-09,2.13293368492818e-17,-8.03371205051707e-07,-7.34432633957647e-16,-1.66039756639192e-16,1.01057060129608e-16,4.8614227809887e-16,-7.89697134514444e-17,-3.39367982458527e-16,1.40044389402585e-09,-5.02985081658367e-16,-7.90190575248818e-16,1.77076488837775e-10,-1.7504918663081e-07,1.61124291798829e-16,3.01616276023673e-08,4.10098813064809e-08,7.81520356671801e-17,-2.63961435030211e-16,-3.53014947904706e-16,4.53715751643812e-17,2.4873816579033e-16,-6.91496124148744e-08,2.07537024446428e-16,-1.25626623058465e-16,3.88969298153173e-16,2.7710521250666e-08,-2.66532091216733e-16,-2.35013858964694e-16,6.37526694024432e-16,-3.07310705638761e-17,-1.26406814793359e-08,-1.5036984081216e-16,3.72841211357075e-11,-1.04653605779686e-16,-6.95812793070098e-17,4.07174657153819e-16,-3.25693982027888e-16,4.68427072263448e-17,2.01508064234308e-16,-6.40209786255597e-17,-6.48377796038333e-10,-9.38431620789093e-17,1.26303159371707e-16,2.72738918418476e-10,3.1639126502349e-16,-2.67676455959862e-17,1.51619226926236e-16,5.50056978687226e-17,-1.45139792524302e-16,1.21532426530277e-17,-1.98064927128004e-09,-5.1925106334282e-16,-1.24897308444494e-16,5.90238170544536e-10,-4.3513575844266e-17,1.83385346609675e-16,3.50556147627947e-16,-7.44877835087337e-16,3.23201084552579e-16,-4.04320674723712e-16,3.14130951022307e-16,2.92851248359773e-16,-1.73144737697607e-16,-2.89725794593259e-17,1.1310959803509e-16,-3.10539419177323e-10,1.0301098849374e-09,-3.02210407292319e-16,1.467590395136e-16,1.93815875649874e-16,4.05727022032722e-16,-4.11129463806503e-16,-1.41891131619908e-16,-3.38692256043842e-16,3.49527454666641e-16,-9.83588121609083e-10,-7.44608380265788e-17,-6.78988811406979e-17,3.67708759700086e-17,3.17148876755929e-17,1.14675858219129e-10,-3.43225964011155e-16,-1.82158032724968e-11,2.24940554068065e-16,-4.21772384657328e-17,-3.40967138116931e-16,4.26453789062931e-16,1.39458480920135e-18,3.27654223814828e-16,-1.26633518701528e-16,-5.01391416395971e-16,-1.07036039968693e-17,6.86584498715192e-17,-1.16352809541669e-16,-1.83534116040142e-16,4.93597256194857e-16,-5.53987717543001e-17,2.02360413424636e-17,2.79246774551753e-16,-8.84355054932106e-17,-3.64033641930454e-17,-2.33373226062748e-16,4.57863327854801e-17,1.37585255688411e-16,-8.99448420447373e-17,-1.11580688368235e-16,-3.28891710553901e-16,5.11004696890399e-16,8.86472784817681e-10,5.13567233783345e-16,-2.58378943845101e-16,1.66084850356923e-16,-3.55905455229199e-16,2.52540581238604e-17,3.40380646772081e-16,1.2310655091269e-16,5.44625941708549e-18,-1.56506424576061e-16,-3.80435186439647e-18,-3.664603343001e-17,2.2435643926473e-16,1.37557195356153e-16,-1.45529061072013e-16,-4.10176984522018e-16,1.0878790195354e-16,-2.01526747438328e-16,-1.03772704459231e-07,7.85134941103666e-17,-1.14749983835447e-16,-7.48506642719e-17,1.53827699132697e-17,1.14148415780859e-16,5.45139735324606e-17,4.94431587165904e-17,-4.85429290145806e-16,1.35881023147668e-16,2.63647983547731e-10,2.50836649256782e-16,3.47129496982728e-16,5.48012683742139e-17,-6.94052617872755e-17,4.49196187981407e-18,-2.21195647760948e-16,5.08827501785197e-16,6.01170228868044e-17,4.53421336978591e-17,-1.28763702423673e-16,-8.58564100024207e-17,1.21114642520011e-16,-1.79421848479283e-17,1.23292560649907e-08,1.69095300002413e-16,-1.00245807675682e-16,-1.94048270245588e-17,-1.66316613259276e-16,-3.66983013624778e-10,2.07946122752983e-16,6.6329256639289e-17,2.08091920056762e-16,-1.79949309439021e-16,-8.8707270339312e-17,-6.50825015984273e-17,-2.31123903340873e-16,-1.54426164133446e-16,-9.43663747077684e-17,2.59125040443255e-17,1.87286544910716e-16,-5.03491441819819e-17,-1.23828105056934e-16,-2.37539398095985e-16,-9.20375211503501e-17,3.09410674791529e-16,-2.5947786461017e-16
"t632",0.0399152576922675,-0.0139684020675314,-0.0154777501430771,0.00108374754506655,0.0126967813545093,-0.052734367413303,-0.00813923657595999,-3.20881484852339e-05,0.101241095227492,-0.00648786346455691,-0.0142980613997834,0.00124605844095117,-0.00278496637186265,-0.000628177821667996,-0.0206349591921117,0.000646637216550023,0.000487177673869952,-6.65586729489166e-05,-0.0370761276750964,-0.0675231728501448,3.05309952128203e-05,-4.39220423101816e-06,0.000198740703203268,2.44399797084786e-06,-3.46480310033093e-08,5.66003077328024e-05,-0.000707136044463608,-4.06512953284022e-06,-3.96033019162633e-05,0.00101842398017142,0.000247560653409103,-0.00700442401613039,-5.15287787906807e-06,0.00780273622301684,-0.0658244681466407,0.000560745414912742,1.64731608623315e-05,-2.73191781683734e-05,-0.00303194515395353,-0.000636057768643384,-8.38931015714057e-05,0.00200549247579949,-6.16460815629102e-06,0.000410689887733126,-1.49834226309798e-05,3.38363122121961e-06,-6.92129070095582e-07,1.12850972858235e-05,-0.00281417214209416,0.002789787813754,3.31103154257957e-06,-1.01586184401739e-06,3.97028635761686e-07,5.72618770776703e-08,-0.00220202907749774,-2.9276349605996e-05,-0.00021331915975484,2.56403140823243e-06,-2.10925039893397e-05,-1.91503452870022e-08,-6.70993756535964e-08,5.01255989593937e-06,-3.79674627073344e-06,3.00577006607479e-06,-4.6433947986818e-05,1.4277968108738e-06,-0.128318691457625,-5.7877191248763e-05,9.17468689961713e-06,-2.38069685151229e-05,-1.07791923418082e-09,1.6881539565165e-07,-6.58102550789894e-07,-5.24558994517853e-07,2.25574185453552e-07,2.45596946017546e-06,-2.16947879636096e-06,3.65220632814015e-07,-0.000134874804558557,-1.83461221651226e-05,1.39450855941712e-06,0.000113131294931178,-0.000233431353307749,-8.03288659279602e-06,0.0125856413785805,3.32607786129865e-05,-5.63238394406536e-05,-0.0526691738072844,7.84212039635586e-06,-8.60775279143463e-05,0.000248611076035864,-1.83028249804359e-08,-1.16180346267955e-05,6.33289986427033e-06,6.36615608384749e-07,6.6337770822413e-07,7.75202106294481e-08,-2.81950861283658e-07,2.52116337109207e-06,-0.000249092102955093,2.338559650865e-06,-1.46119577318264e-08,2.88983180010097e-06,-5.41702290625629e-07,5.02828937062645e-07,-1.20415897155914e-08,2.23290816137495e-06,-2.51790319554519e-09,2.16121100321771e-06,-3.17088751848431e-10,-7.32137890057873e-09,2.34004678264553e-08,-8.5982970383586e-09,3.65773817257503e-08,-4.34756608373045e-08,6.18809719137019e-08,-7.38306370940972e-06,9.21869636094398e-06,-1.56726944763823e-06,6.04235391765634e-07,-3.59758566833367e-07,8.47926625156764e-07,-9.78597774224086e-05,7.69907389939247e-06,4.38967481396658e-08,-1.33463611751115e-06,1.39749406696116e-07,-3.59585537388639e-06,3.96894536626976e-06,0.000138346736683968,1.03586002920177e-06,-4.30436003401113e-06,3.52002029348257e-07,2.34556805786071e-05,-1.02815154152055e-08,6.87490804672972e-06,-0.000264137653643308,-1.08874487693386e-06,0.00270687780986232,0.000665173375616996,0.000112036702263723,1.64667100474538e-06,-4.01466116819281e-06,-8.32803304758319e-08,-4.68618204145654e-10,-2.53328950808101e-06,-6.44858390845506e-07,6.76564020328485e-05,5.72111641167322e-06,-3.02288607579224e-06,-4.50392421057688e-06,-0.0665858289513109,5.51606835448481e-06,-0.000626567868247748,3.25169755635698e-07,5.96347731545894e-05,-3.05462512921936e-05,1.10301303534939e-06,5.78454925435515e-05,7.32273200498059e-07,6.46867375871973e-07,-9.23819515530385e-08,6.3954592206642e-06,8.10421083524336e-07,-4.95708328317725e-07,3.24495978439953e-07,-0.00043032042380879,-0.0895027681394679,0.00130835598112402,4.67385989570145e-07,-2.67850193613377e-07,-4.06159226078747e-08,-2.01419729133347e-10,-3.02534110100463e-07,-1.08515068292196e-08,-2.39503575015911e-08,-1.08663503946358e-09,5.57560444599537e-08,2.54014942440034e-06,2.86244357886515e-07,-1.17061199919819e-06,-3.32922516485411e-07,7.1556504462343e-08,2.95343635784081e-10,9.36196351270381e-09,4.75578726659364e-09,4.22389615136698e-05,-0.00454003213999213,0.000851010373583022,-2.36989269510618e-07,-2.86446628059757e-07,2.6149309548823e-05,2.77612971682497e-08,2.44687135761932e-12,1.24833880391149e-10,1.4576335054149e-07,1.11528065887316e-08,2.40723168205533e-10,-2.86379831558319e-07,-4.20287266463103e-09,-9.59724609788787e-09,-1.02433509962389e-08,1.29206065272752e-10,-2.65370455082783e-09,-1.02397927417923e-06,7.07967877132734e-10,1.79452528034386e-07,4.18706232879762e-10,-3.91385300365164e-08,-8.22036851267507e-12,-8.76208215619736e-08,-3.12042728866852e-10,4.67363471765502e-09,4.12282445240823e-06,-2.35171336941709e-09,-3.27045278167765e-10,-1.23804092401089e-10,-9.78208419360456e-11,5.56106482170707e-08,3.31020377870794e-08,1.6794119190992e-08,-2.88666080881455e-08,-6.87146759617761e-09,-3.16486410698805e-08,1.18909688443678e-07,7.09324108476422e-09,6.79156230952642e-07,4.77915827610693e-09,1.17559493314612e-06,4.37904627213725e-07,-2.50942423522353e-08,-5.5120375540122e-09,-1.772489216179e-07,-6.63919269795644e-08,4.37501527438238e-08,8.56194701197147e-10,4.12657226220126e-07,-3.54642398596965e-16,4.41856932256034e-09,-6.47205640399995e-08,1.56385605844079e-08,4.5798507746808e-08,6.85546238331395e-07,-9.54093446510846e-09,1.64263887960152e-07,-7.55105428883426e-08,1.47173838394257e-07,-0.00021121749630891,2.16774741458836e-08,-9.5938790785963e-06,6.5181167667754e-09,-7.29359983467257e-07,6.81685677040818e-06,-4.36449359278279e-09,3.35805090114979e-10,-1.84115593587171e-08,2.42432854933895e-08,-3.91548866552123e-07,-1.30572445051497e-05,2.93449348714224e-06,-7.56370732727931e-07,1.51833551193893e-05,-1.9836871027111e-05,1.42296530775621e-06,-1.94970653362688e-05,6.85398220497761e-06,-1.23529852836405e-07,-0.00116084129365854,-6.19075463582357e-06,-0.433768086584915,3.77560412254395e-07,-2.86902591860137e-05,2.29744709397607e-06,-7.45764771222662e-07,1.12131621234836e-06,-2.09349991287985e-06,1.52598328632869e-06,-1.07472564777125e-07,1.96740332508053e-05,-8.51229664707114e-08,1.39796110107276e-05,-1.03270903252568e-15,-3.49469428149605e-05,-3.49259232091353e-06,-3.80519828557157e-11,-3.5868416057505e-07,5.83974771543419e-07,-3.85759641574767e-07,-1.13550766702278e-07,3.8616375194316e-08,-2.05299230961659e-06,8.19139715491835e-05,0.483492595247837,7.15840627426613e-08,-3.63143924898149e-05,0.000819463114068056,-1.47870471548843e-06,1.16260783541491e-05,-1.23543770331374e-07,-2.12235387033259e-07,-3.25913392567151e-09,-4.56416390290497e-06,2.69904836958303e-07,-1.05820081002378e-09,2.71554575171015e-07,-2.32740061077977e-08,7.44404265043855e-08,3.12813299307272e-07,0.00105059012170379,-1.05947742301898e-07,2.18518008622741e-08,7.27040962900645e-08,-4.78992235662572e-09,1.66353751092833e-08,-0.000160012028185464,-9.01692029477037e-08,1.32257021867629e-07,-1.54988850521085e-16,0.126179494365168,-1.5174814902397e-08,-4.53779549526578e-10,1.57930728712666e-06,7.31187015589110e-11,6.58422271907392e-07,2.3014651242193e-07,-3.96871848627538e-08,2.27125806523814e-07,-3.83852755787473e-16,-2.6217705508633e-06,-2.29081609429855e-10,-0.000949229191164337,-4.73481967033534e-09,6.18203165067542e-08,-5.21902747283837e-06,-7.99864841061087e-07,2.23598507536446e-07,-2.42885218706667e-08,1.64150767222837e-06,-5.49526997470321e-09,-5.37882632893183e-07,-7.28973578297121e-10,-1.16764827190821e-10,-5.83699826111579e-06,8.46117264474161e-09,-1.71713154667709e-06,-7.23042208026467e-18,-5.20449240676997e-08,4.22381115044827e-09,1.21769194904506e-10,1.2121436928571e-09,-1.88208260917062e-06,-1.35322972089847e-05,7.9392218284566e-08,-3.15560227984584e-07,-2.90984984933018e-07,1.05906648321658e-16,-0.00272931357706095,3.77336619428593e-08,1.87008512966737e-06,-2.12728415915035e-16,-8.53997504560768e-08,-6.84134402295489e-09,7.7071930389189e-10,1.09332651517983e-07,-5.14846912979342e-07,-5.61974083377057e-08,-2.44486326495072e-08,1.19904707148055e-07,9.01277589637381e-09,5.90267980504124e-10,1.66045730478196e-07,5.07146958526278e-09,-2.89735620466736e-16,-2.48889425667865e-09,9.44973846298054e-08,4.283393257804e-08,-2.86477047480431e-07,3.24006738206286e-16,-6.46773159132527e-09,1.30767439910327e-09,-1.58339432382806e-07,-2.43555653448845e-09,-8.80929452102727e-05,7.06792709561389e-09,-1.0208228355895e-07,5.96973707102001e-07,2.31135530845717e-17,2.27443399372526e-06,-1.08294753629564e-08,3.17293453624362e-08,3.45229082009091e-06,-4.54217125141716e-09,-5.75932056399258e-09,1.38777878078145e-17,3.21537474218284e-16,-5.41277750712359e-09,-6.36071809856549e-09,8.41322834384764e-10,-8.83075082146763e-06,5.90071423237017e-17,-4.57679729835512e-07,-5.49006982365436e-09,-4.83382349875003e-16,-4.79716628639835e-17,-1.72541002492698e-16,1.14622599269171e-05,3.27412302742818e-08,-3.75387895535091e-08,1.17301707283181e-06,1.6712309920366e-07,3.19877529271223e-08,-1.39364174953856e-08,-1.76636536083127e-16,-3.32831644487855e-09,9.72445556100092e-09,2.32582859746743e-16,6.62329050601877e-17,-7.87319563923993e-09,-1.30272112037669e-06,-6.51081272678212e-09,2.10963619161876e-06,4.42622715754498e-08,-0.0359134087090199,-4.93676110506206e-15,3.9734262784583e-07,2.50791028190125e-15,2.49345804446104e-06,4.66423774603264e-16,2.94355953515641e-09,8.31447727300963e-16,-4.76757498570864e-09,-1.00063632428537e-09,3.60945676118919e-08,6.23433509628562e-08,2.96212212996671e-09,-4.29961186909707e-10,3.1312023708625e-09,2.36402200098682e-09,6.42057397549617e-06,2.36496133979669e-08,1.50973716923164e-09,-4.68395743457569e-09,-8.46688867472251e-06,-7.66460179090431e-08,-2.55123723463386e-09,-9.85436093232452e-17,2.63111291690938e-08,-5.06682603005667e-09,6.32057542540692e-09,1.99726996315876e-15,0.0383171503540379,-6.84377096084763e-08,-6.00842352371387e-09,1.75059205180449e-16,2.27445553773259e-10,-1.54249765485322e-05,-4.69390965162952e-16,-2.21157768249303e-09,9.79940662986499e-09,1.89411157073004e-16,2.42821168319495e-15,-1.03225605173218e-09,-0.000434902089849292,-0.00240414654070621,-4.59373346755148e-06,4.08454599203289e-08,1.08752356178222e-09,1.12666057141648e-07,1.08662281403652e-08,-2.97266379536798e-07,1.83913214518716e-15,6.09744036747503e-11,4.3430428837882e-08,0.00341390799064402,7.9089101133574e-07,-8.10284601739854e-14,3.12313131627031e-17,1.3024379719656e-07,-7.82998704736841e-18,-3.0501413854664e-16,1.51225482838985e-08,-2.24510333145461e-08,-4.20407048919848e-09,-2.39740733231656e-08,1.09713037478467e-07,2.86726123229616e-08,3.67474973450975e-08,-1.52249442064374e-16,1.9913754764789e-07,2.24737922531088e-05,4.27978080912071e-08,-4.1182636423416e-09,1.64604371825739e-08,1.39225842626092e-17,-2.48979602121524e-17,4.42416065202097e-16,-4.34929876367302e-06,-7.04681960932666e-10,-4.57049950060567e-08,1.33491850188455e-16,-5.43594132884611e-10,-5.54173394085349e-16,-1.7901853014109e-16,9.08868125648991e-08,-2.2761593749284e-08,-3.86843335142828e-16,-1.88698407933801e-07,-2.5512054458718e-09,4.69095952432216e-17,5.79852306740703e-09,-1.17490664019894e-16,2.16285567970204e-07,-6.36161302309782e-16,2.15826119247227e-07,1.78090119231838e-08,6.45339091613709e-10,6.37642262418709e-08,4.38276463960262e-07,-2.09714276673545e-09,6.48219735647974e-08,2.80537628514421e-17,3.86298262221057e-08,-2.18219254105339e-09,-9.1620368654945e-17,-2.8780739121381e-10,-5.87677148775108e-09,1.36780684562448e-09,1.8715349311657e-16,4.41286999332909e-09,5.84306881173333e-09,3.4484213421658e-16,-1.62366813621727e-07,-1.23330191102256e-07,-1.68813257619914e-10,-4.67346794323244e-16,1.67887278442592e-16,3.03717649252727e-09,9.74052868924556e-08,7.88435840866074e-09,-1.22885773866602e-09,5.85038741892318e-08,-1.30252655333591e-16,-1.15691716085442e-16,2.13931701303462e-07,6.43771627979563e-10,-2.9606712115083e-17,5.18916123422123e-07,-7.79731238727941e-18,2.58896146386084e-09,-4.92029378568884e-08,-0.000121131159138787,-3.42172389722394e-06,-6.06538151251623e-17,-8.60667944588003e-17,4.48861045451583e-16,2.93974662040122e-16,-2.96956088874144e-10,-1.03090246624458e-09,2.93409352997083e-18,1.3372295402024e-16,-3.9516402758222e-16,1.45502804628588e-09,1.30904071313101e-11,-7.22842755951219e-10,-8.31057661600937e-17,7.64362531602281e-18,4.46149193977785e-17,-3.13017832134909e-08,9.58158401940156e-10,-3.86199864344891e-17,1.68763799011892e-10,-4.42207475561876e-09,3.40978489512475e-16,-7.41994383175773e-17,-3.18754676164666e-07,-3.13981730252917e-11,-1.5833799259061e-07,7.23985337767092e-17,1.72320264046396e-09,2.78928887566646e-08,3.00712820714724e-08,-1.1316251393386e-07,-6.73402929119074e-09,1.1030577982097e-10,-6.07717460937158e-16,-5.8122530503631e-16,-3.46866331057347e-16,2.67645895893144e-09,-2.49401905278478e-09,-0.0016783053994515,-5.09200638976674e-10,-6.37765644361269e-17,-1.53497211940305e-16,3.98488342590592e-16,-1.67603832627426e-16,-5.39185867259629e-16,2.54575720688226e-09,3.78076364477503e-16,8.0837090118445e-17,-4.48506762734705e-08,1.82543204745018e-16,-4.13037299043898e-08,-2.44253866089507e-16,-0.00010278278294422,-2.41940406825005e-16,-5.92299703544304e-06,-7.22771752673454e-09,-6.40010444380102e-09,4.19200960347783e-17,2.33669574046049e-07,5.37284229609933e-17,3.56849983379859e-08,-5.71002201409891e-09,3.16068955055107e-11,3.44820095855388e-16,1.74420169421629e-07,3.16159610551942e-16,-1.25944109870366e-08,-6.43013986156756e-09,-2.57165777930478e-16,6.36931130407372e-17,2.66815945477481e-16,3.22554484221093e-17,-9.77589387017654e-10,-2.91068968508095e-08,-6.50365461043953e-09,-1.63723180057844e-16,-1.08291674788578e-16,-6.68494420033377e-10,5.45386460645836e-09,1.91870057375555e-16,-2.16024850869199e-16,-1.09220543872862e-08,1.83898103585834e-16,-1.93571986211313e-06,-3.34999851303786e-17,1.94117034469367e-08,-2.40749786464577e-16,-5.81179606801918e-16,1.13436547170154e-16,1.2296826817246e-16,-6.03696481855812e-16,4.13318806341999e-16,3.74740512401899e-10,-2.62094534186847e-09,-1.05742941769072e-16,-1.74264219901265e-09,7.32599397685093e-08,-2.17548594095871e-17,-7.06747396875182e-16,4.62900198570196e-16,-2.42545611569012e-16,6.16870566749985e-07,1.07964504647142e-08,-6.44971196121307e-16,-1.65251355070254e-16,-1.31654796690703e-08,-4.25292622955549e-09,-6.44068611306263e-11,1.48324461147418e-16,3.88948816630696e-16,-6.82294442361063e-17,9.99282395065714e-16,2.04976079723605e-16,-2.97653983529813e-16,2.59703582394437e-07,-8.99275858578156e-08,-4.72737462301294e-08,-9.83138680393955e-17,-7.04444094950564e-17,1.72383371498363e-16,-4.96337508830632e-17,2.74617124815281e-16,7.11155890298209e-16,-6.10665888204498e-16,4.24152122361214e-16,-5.20467292745618e-16,-3.9301143109805e-16,-8.67765309247438e-17,9.00018003096634e-17,-9.44303451203781e-16,-2.59169418766746e-18,2.54817229092375e-10,1.9258825479301e-16,-7.04734113672083e-16,3.88942572080169e-16,3.67744693819346e-09,-0.000634141296585162,2.28286273793496e-16,-8.9328501188621e-11,3.27605669583177e-09,-4.2456781045219e-16,-1.0991465827662e-15,-6.33760427365096e-09,-3.78605866274706e-16,8.10984734963067e-11,1.63055172200121e-17,-1.88498558414721e-17,-2.07101636129561e-16,6.83395927114172e-16,1.68703092921602e-05,-1.09123045535543e-08,-3.70904913285094e-16,-7.84163807124028e-16,6.70189688552823e-16,1.25995224770209e-15,-5.69748241641133e-16,1.66697262203929e-16,5.73775344332476e-17,-4.56442582954773e-16,1.32471034482912e-10,-6.81418128843666e-16,-6.38239376697121e-17,4.91191031737318e-16,3.69701338001883e-17,-4.37602582806919e-16,-1.99929204337422e-15,-2.88443685938805e-08,-6.09593803865412e-16,-5.46957217131278e-16,1.95178575993284e-09,-4.96057402400707e-16,-1.12350223041357e-16,6.55734003944453e-16,-8.20304026141843e-16,1.63303631915911e-09,-1.43130084125337e-15,-1.12231885672717e-06,-1.231816744795e-15,-1.75387265908148e-15,2.32997691278486e-15,4.88964676582417e-15,-1.5220393321053e-15,8.8259816377258e-16,1.95500180664976e-09,3.02047045444682e-15,-1.2580135970802e-15,2.47070064750221e-10,-2.44235932658598e-07,2.8087842934344e-15,4.20657020761472e-08,5.71885408920631e-08,-2.90572090358577e-16,6.67333863106138e-15,-1.50130257021747e-15,-2.1479014404848e-15,1.13775191025552e-15,-9.62793336281943e-08,1.89011652391282e-14,3.68163111945346e-15,2.79000230595489e-15,3.85690563079425e-08,1.75761110496495e-14,-7.12976823130913e-14,0.707106781186546,-2.17532653107707e-14,-1.75865316567066e-08,-2.64315526711591e-14,5.18744243428838e-11,-6.64513741271628e-15,7.95438976256266e-15,9.65130987240251e-15,-2.54083109822734e-15,-6.58639775897093e-15,5.38001180393919e-15,1.90113367161022e-15,-9.01385407221497e-10,-5.3521041891519e-15,-5.69297289347639e-15,3.79108586019473e-10,2.84550627182125e-15,3.06599061443487e-15,-8.32740122017067e-15,-3.08071517396714e-15,3.54880635188732e-15,5.59228520021641e-16,-2.75191161993938e-09,-1.11232821291032e-15,2.48035987895281e-15,8.19921336723925e-10,4.08573645776288e-15,-2.20852775303237e-15,2.48409486363585e-15,1.64052910347176e-15,-3.65385497587972e-16,3.07403400428931e-15,1.71437906153961e-15,6.27969086810538e-16,1.6659311822838e-15,-2.26548426173986e-15,2.46722564632294e-16,-4.31095331831875e-10,1.42990884119728e-09,-2.0259409672415e-15,6.65170538998602e-16,-5.59966820559542e-16,6.96512521441733e-16,2.99890320909491e-16,2.6156832577205e-16,-6.54315199358216e-17,6.75324404654698e-16,-1.36480623663926e-09,-2.49581560103684e-16,-2.57551154736759e-16,3.37534866100619e-16,-1.43629393293499e-15,1.5907298813321e-10,-6.33601371332862e-17,-2.52592276277217e-11,-3.26716066592474e-16,-9.84227531101056e-18,1.02088065995783e-15,6.8807936068746e-16,2.63309889410836e-16,-1.09968739427502e-15,-2.58713000578495e-15,-3.25422439263645e-16,-7.71073303552107e-16,3.19648676400708e-16,1.84525470642539e-15,6.41595027965498e-16,-8.46437043594487e-16,4.51032529599593e-16,4.11222240571197e-16,7.74240119122593e-16,-2.00126935579331e-16,-1.51680666930508e-16,5.72196719008794e-18,4.95058650138173e-16,-3.66568754517349e-16,4.76041911241275e-16,-2.51493299119201e-16,-4.74813500196295e-16,1.12111442509702e-17,1.22774752134173e-09,3.45526547154006e-16,-7.04804826525317e-16,5.59564746275962e-16,6.0342837717631e-17,5.05009513353253e-16,5.41812717555514e-17,3.5348787221229e-17,6.80837596557464e-16,4.59502859536361e-16,6.23809706811112e-17,-1.56558793706907e-16,2.72865123424856e-16,2.31717891724439e-16,-2.19871122890784e-16,4.31929453507852e-16,2.49717073828389e-16,-5.73683160270384e-16,-1.43610897375803e-07,-6.24877200426966e-17,1.76091026825109e-16,-4.84576613208541e-17,1.23582953510933e-16,2.19197483545105e-16,-2.43566681811608e-16,2.85907894122267e-16,-1.61165955030121e-16,3.90388687639175e-17,3.6457306979772e-10,-1.4335838291395e-16,-3.54563603753401e-16,-3.05500238916753e-17,2.28929182075201e-16,3.12116048064989e-16,7.86386642406257e-16,1.73486825582988e-16,-7.13137571177492e-16,2.33021555653624e-16,2.85081938940206e-15,-5.68547016899378e-16,4.21445750172238e-16,-7.07627293545341e-17,1.70354181914462e-08,-2.81735619859656e-16,7.15876765079851e-17,-1.25523300923793e-16,5.52943107967607e-17,-5.06875732383032e-10,-5.47011473191999e-18,-1.26174772107024e-16,-6.51223721062991e-17,-1.55164664120502e-16,-3.00653010315206e-16,6.37910581423148e-17,3.5331597344022e-16,-6.32792569678249e-17,9.44546388704952e-17,6.10344933120361e-17,-5.16072566808647e-16,4.8922207066837e-17,9.83469131996379e-17,-2.52010717953305e-16,-1.14062030660404e-16,-3.12823310890186e-16,-1.02941294986512e-16
"t633",0.0399152576922675,-0.0139684020675314,-0.0154777501430771,0.00108374754506654,0.0126967813545093,-0.052734367413303,-0.00813923657595999,-3.20881484852377e-05,0.101241095227492,-0.0064878634645569,-0.0142980613997834,0.00124605844095117,-0.00278496637186266,-0.000628177821667987,-0.0206349591921117,0.000646637216550019,0.000487177673869933,-6.65586729489064e-05,-0.0370761276750963,-0.0675231728501448,3.05309952128352e-05,-4.39220423101576e-06,0.000198740703203264,2.44399797086174e-06,-3.4648031005044e-08,5.66003077328061e-05,-0.000707136044463605,-4.06512953282743e-06,-3.9603301916277e-05,0.00101842398017144,0.000247560653409114,-0.00700442401613039,-5.15287787910407e-06,0.00780273622301681,-0.0658244681466406,0.000560745414912739,1.64731608623309e-05,-2.73191781683704e-05,-0.00303194515395353,-0.00063605776864339,-8.38931015714051e-05,0.0020054924757995,-6.16460815628594e-06,0.00041068988773313,-1.49834226309516e-05,3.38363122121845e-06,-6.92129070087595e-07,1.12850972858276e-05,-0.00281417214209417,0.00278978781375398,3.31103154257339e-06,-1.01586184400612e-06,3.97028635752854e-07,5.72618770724662e-08,-0.00220202907749776,-2.92763496059898e-05,-0.000213319159754835,2.56403140824577e-06,-2.10925039893274e-05,-1.91503452820962e-08,-6.70993756820781e-08,5.01255989592399e-06,-3.79674627074059e-06,3.00577006606341e-06,-4.64339479868383e-05,1.42779681088267e-06,-0.128318691457625,-5.78771912487759e-05,9.17468689958896e-06,-2.38069685151239e-05,-1.07791923334479e-09,1.68815395663359e-07,-6.58102550777015e-07,-5.24558994501098e-07,2.25574185531893e-07,2.45596946017562e-06,-2.16947879635684e-06,3.65220632845873e-07,-0.00013487480455856,-1.83461221651911e-05,1.39450855941562e-06,0.000113131294931178,-0.000233431353307716,-8.03288659280039e-06,0.0125856413785805,3.3260778613011e-05,-5.63238394405433e-05,-0.0526691738072843,7.84212039636415e-06,-8.60775279143515e-05,0.000248611076035877,-1.83028248468622e-08,-1.16180346267805e-05,6.33289986429753e-06,6.36615608372308e-07,6.63377708176846e-07,7.7520210627991e-08,-2.81950861303296e-07,2.52116337108349e-06,-0.000249092102954958,2.3385596508923e-06,-1.46119577447632e-08,2.88983180010897e-06,-5.41702290608567e-07,5.02828937049597e-07,-1.20415897155419e-08,2.23290816140058e-06,-2.51790317803935e-09,2.16121100321232e-06,-3.17088696987801e-10,-7.32137890715689e-09,2.34004677819761e-08,-8.5982970348845e-09,3.65773816381311e-08,-4.34756607815521e-08,6.18809719158457e-08,-7.38306370939244e-06,9.21869636094339e-06,-1.5672694476541e-06,6.04235391756719e-07,-3.59758566777912e-07,8.47926625135286e-07,-9.78597774224384e-05,7.69907389943239e-06,4.38967481960172e-08,-1.33463611751798e-06,1.3974940667183e-07,-3.59585537391021e-06,3.96894536620282e-06,0.000138346736683993,1.03586002912029e-06,-4.30436003400948e-06,3.52002029234063e-07,2.34556805786934e-05,-1.02815154844373e-08,6.87490804680809e-06,-0.000264137653643037,-1.08874487697032e-06,0.00270687780986216,0.000665173375616962,0.000112036702263732,1.64667100478849e-06,-4.01466116820692e-06,-8.32803305916124e-08,-4.6861828149162e-10,-2.53328950809045e-06,-6.44858390838113e-07,6.76564020329355e-05,5.72111641148086e-06,-3.02288607577587e-06,-4.50392421055715e-06,-0.0665858289513108,5.51606835444129e-06,-0.000626567868247547,3.25169755704968e-07,5.96347731545455e-05,-3.05462512921262e-05,1.10301303538071e-06,5.78454925435646e-05,7.32273200408625e-07,6.46867375900466e-07,-9.23819515498134e-08,6.39545922065589e-06,8.10421083443665e-07,-4.95708328537222e-07,3.24495978360994e-07,-0.000430320423808877,-0.0895027681394663,0.00130835598112383,4.67385989511497e-07,-2.67850193676098e-07,-4.06159228081444e-08,-2.0141971014795e-10,-3.02534110161966e-07,-1.08515069024402e-08,-2.39503575866411e-08,-1.08663503169352e-09,5.57560443342305e-08,2.54014942434528e-06,2.86244357893014e-07,-1.17061199930962e-06,-3.32922516504901e-07,7.15565044975633e-08,2.9534367118571e-10,9.36196343298576e-09,4.75578719741401e-09,4.22389615136103e-05,-0.00454003213999216,0.000851010373582934,-2.36989269561657e-07,-2.86446628045175e-07,2.61493095487691e-05,2.77612970547583e-08,2.44684797357082e-12,1.24833755783986e-10,1.4576335014852e-07,1.11528062591511e-08,2.40723105687725e-10,-2.86379831499053e-07,-4.2028729087205e-09,-9.59724607050589e-09,-1.02433510358072e-08,1.29205904464502e-10,-2.65370474700998e-09,-1.02397927407213e-06,7.07967929818184e-10,1.79452527752235e-07,4.18706201654739e-10,-3.91385299551708e-08,-8.22030023489767e-12,-8.76208213409751e-08,-3.12042578303357e-10,4.67363463322108e-09,4.12282445240861e-06,-2.35171313416789e-09,-3.27045248285098e-10,-1.23804061382213e-10,-9.78207706230629e-11,5.56106480633864e-08,3.31020378497792e-08,1.67941192321324e-08,-2.88666082479992e-08,-6.87146754298143e-09,-3.16486410134945e-08,1.18909688431174e-07,7.09324099225857e-09,6.79156230974981e-07,4.77915837440643e-09,1.17559493309089e-06,4.37904627134258e-07,-2.50942424139798e-08,-5.51203740869798e-09,-1.77248921579916e-07,-6.63919270025877e-08,4.37501526607952e-08,8.56194581481111e-10,4.12657226256763e-07,-3.94506979626496e-16,4.41856944880362e-09,-6.47205638812723e-08,1.56385607444455e-08,4.57985076939328e-08,6.85546238312732e-07,-9.54093445493432e-09,1.64263887833088e-07,-7.55105428805635e-08,1.47173838341956e-07,-0.000211217496308887,2.16774741268137e-08,-9.59387907844058e-06,6.51811659116792e-09,-7.29359983505161e-07,6.81685677043226e-06,-4.36449380317937e-09,3.35805010968221e-10,-1.84115594020772e-08,2.4243285531164e-08,-3.91548866566986e-07,-1.30572445050461e-05,2.93449348729977e-06,-7.56370732743316e-07,1.51833551193763e-05,-1.98368710271005e-05,1.42296530796685e-06,-1.94970653363269e-05,6.85398220493907e-06,-1.23529852830943e-07,-0.00116084129365862,-6.1907546360191e-06,-0.433768086584913,3.77560412286141e-07,-2.86902591859941e-05,2.29744709384186e-06,-7.45764771077162e-07,1.1213162123991e-06,-2.09349991302412e-06,1.52598328629368e-06,-1.07472564708032e-07,1.96740332507909e-05,-8.512296639444e-08,1.39796110105985e-05,-1.02655872131554e-15,-3.4946942815261e-05,-3.49259232084389e-06,-3.80520051549284e-11,-3.58684160563126e-07,5.83974771827063e-07,-3.85759641677105e-07,-1.13550766879779e-07,3.86163749358328e-08,-2.05299230944735e-06,8.19139715488871e-05,0.483492595247833,7.15840627400792e-08,-3.63143924900339e-05,0.000819463114067794,-1.47870471548485e-06,1.16260783541974e-05,-1.23543770482945e-07,-2.12235387130799e-07,-3.2591338669555e-09,-4.56416390303302e-06,2.69904836864928e-07,-1.05820080465659e-09,2.71554575099653e-07,-2.32740062030346e-08,7.44404270381201e-08,3.12813299387416e-07,0.00105059012170379,-1.0594774226083e-07,2.18518007741203e-08,7.27040962112155e-08,-4.78992226257922e-09,1.66353751415368e-08,-0.000160012028185255,-9.01692028809984e-08,1.32257021869567e-07,-3.24723926664412e-16,0.126179494365167,-1.51748149092791e-08,-4.53779583136846e-10,1.57930728687618e-06,7.31186947286624e-11,6.58422271355174e-07,2.30146512413899e-07,-3.96871848933675e-08,2.27125806426837e-07,-5.16473355811248e-16,-2.62177055079279e-06,-2.29081588222526e-10,-0.000949229191163909,-4.73481933801606e-09,6.18203165883135e-08,-5.2190274729813e-06,-7.99864841230325e-07,2.23598507497877e-07,-2.42885218676098e-08,1.64150767225878e-06,-5.4952701415979e-09,-5.37882632956297e-07,-7.28973767853041e-10,-1.16764844212795e-10,-5.83699826135312e-06,8.46117257080702e-09,-1.71713154673915e-06,8.62217286594513e-17,-5.20449241215482e-08,4.22381123328132e-09,1.21769062076453e-10,1.21214360987934e-09,-1.8820826091688e-06,-1.35322972091109e-05,7.93922183533399e-08,-3.15560227831606e-07,-2.90984984834983e-07,2.91140527513931e-16,-0.00272931357706124,3.77336618495316e-08,1.87008512971067e-06,-2.07324456393789e-16,-8.53997506577704e-08,-6.84134384685743e-09,7.70719249813039e-10,1.09332651577219e-07,-5.14846912855068e-07,-5.61974082258813e-08,-2.44486325117595e-08,1.19904706981118e-07,9.01277617486077e-09,5.90267971165288e-10,1.66045730760254e-07,5.0714695318411e-09,-2.64896284842235e-17,-2.48889422091141e-09,9.44973846115339e-08,4.28339325589638e-08,-2.86477047316527e-07,1.52111983382833e-17,-6.46773134536103e-09,1.30767441200528e-09,-1.58339432442996e-07,-2.43555641925161e-09,-8.80929452100583e-05,7.06792717035349e-09,-1.02082283511641e-07,5.96973707142524e-07,-1.93438596655487e-16,2.27443399352558e-06,-1.08294751323466e-08,3.17293453697474e-08,3.45229082014447e-06,-4.54217107716818e-09,-5.75932034883868e-09,-1.42247325030098e-16,1.1692838694147e-16,-5.41277775451442e-09,-6.36071825992188e-09,8.41323637262943e-10,-8.83075082155593e-06,2.91691394028761e-16,-4.57679730055201e-07,-5.49007020572596e-09,-3.82278395341341e-16,-1.13617562309118e-16,4.01902103167649e-17,1.14622599269198e-05,3.27412306506327e-08,-3.75387897566109e-08,1.17301707269858e-06,1.6712309942215e-07,3.19877525976185e-08,-1.39364170990168e-08,9.293904474121e-17,-3.3283161160425e-09,9.72445516618779e-09,1.99066411124903e-16,1.09453597755075e-16,-7.87319584130301e-09,-1.30272112023373e-06,-6.51081297602516e-09,2.10963619151831e-06,4.42622713676221e-08,-0.0359134087090194,-4.34748367178907e-15,3.97342627551617e-07,2.68844611354479e-15,2.49345804443014e-06,5.53051528184856e-16,2.94355964929559e-09,8.84667331225254e-16,-4.76757540991967e-09,-1.00063611654444e-09,3.60945679408364e-08,6.23433507913491e-08,2.96212209866419e-09,-4.29960727876665e-10,3.13120240377436e-09,2.36402211208329e-09,6.4205739754913e-06,2.36496130904459e-08,1.50973786820386e-09,-4.6839573986039e-09,-8.46688867506237e-06,-7.66460175426173e-08,-2.55123697596588e-09,-3.68975051444843e-16,2.63111292179294e-08,-5.06682599350125e-09,6.3205755676497e-09,1.71427893180942e-15,0.0383171503540379,-6.84377096398377e-08,-6.00842360988433e-09,-1.70620678877366e-16,2.27445877160485e-10,-1.54249765481723e-05,-4.94247265284523e-16,-2.21157756224482e-09,9.79940664855233e-09,-1.49950103325609e-16,2.23439642766941e-15,-1.0322558884506e-09,-0.000434902089849371,-0.00240414654070671,-4.59373346752444e-06,4.08454599019138e-08,1.08752352077229e-09,1.12666056969026e-07,1.08662285217824e-08,-2.97266379867273e-07,1.97606687957208e-15,6.09742686949404e-11,4.34304288791976e-08,0.0034139079906438,7.90891010898527e-07,-8.0503753864859e-14,1.61546627796835e-16,1.3024379725605e-07,-2.02684442642075e-16,-2.13379736964864e-16,1.51225482936894e-08,-2.24510332729375e-08,-4.20407007147382e-09,-2.39740731232933e-08,1.09713037588957e-07,2.86726122665376e-08,3.67474976105521e-08,1.43782959765364e-16,1.99137547721466e-07,2.24737922525922e-05,4.27978080196855e-08,-4.11826336217758e-09,1.64604369046962e-08,1.74985121761248e-16,-1.10137354307339e-16,9.52810053024882e-17,-4.34929876331874e-06,-7.04681871470498e-10,-4.57049952990078e-08,-2.89531682118834e-16,-5.43594459345681e-10,2.3933384716605e-16,1.61416354881307e-16,9.08868127633155e-08,-2.27615937182843e-08,-1.77809156287623e-16,-1.88698408152474e-07,-2.55120520729638e-09,-4.21237319086841e-17,5.79852342016625e-09,3.63490167732797e-17,2.16285567893299e-07,3.08085270108527e-16,2.15826118992648e-07,1.78090120003668e-08,6.45339073129675e-10,6.37642266332207e-08,4.38276463378782e-07,-2.09714280896512e-09,6.48219734605015e-08,9.25391268209986e-17,3.86298260883066e-08,-2.18219246828559e-09,1.04466998179702e-16,-2.87807515026813e-10,-5.87677101889431e-09,1.36780724108607e-09,1.27289511132073e-16,4.41286972384432e-09,5.84306876241795e-09,-2.19861639023762e-16,-1.62366813246078e-07,-1.23330191566086e-07,-1.68813322181523e-10,2.4180561325946e-16,2.42929481661348e-16,3.03717635642577e-09,9.74052865591974e-08,7.88435851230682e-09,-1.22885778001333e-09,5.85038744477362e-08,1.70321459050678e-16,4.28142014999623e-16,2.13931701243955e-07,6.43771821187575e-10,4.09062199679587e-16,5.18916123612617e-07,-2.89542816723541e-17,2.58896078386304e-09,-4.92029381412108e-08,-0.000121131159138429,-3.42172389744516e-06,1.93095296199144e-17,1.02309103976586e-16,-3.28748723992632e-16,-2.37032650826375e-16,-2.96956132040236e-10,-1.03090259670797e-09,-2.16825129909506e-16,6.65101056513856e-17,2.66815788576398e-16,1.45502776502964e-09,1.30901921604788e-11,-7.22843104791892e-10,-9.60393686385322e-17,-1.06682783267142e-15,2.97613496347271e-16,-3.13017830889028e-08,9.5815813921425e-10,9.04323947269326e-17,1.68763580322515e-10,-4.42207454854825e-09,-2.23035305991688e-16,2.0058123497827e-17,-3.18754676031209e-07,-3.13980239013101e-11,-1.58337992434008e-07,-1.53182495247029e-16,1.72320248487269e-09,2.78928886562019e-08,3.00712821143748e-08,-1.13162513570323e-07,-6.73402889938647e-09,1.10305434423099e-10,4.83375846819954e-16,4.46099147566742e-17,-2.00868011631747e-16,2.67645897134555e-09,-2.49401848907033e-09,-0.00167830539945224,-5.09200619012221e-10,-6.88347743038877e-16,4.21474901283086e-16,-2.38137907021386e-16,-8.32816313604321e-17,5.00469305720404e-16,2.54575697895443e-09,-6.04094504139009e-16,1.13861562523046e-17,-4.48506764745934e-08,-2.62277802985198e-16,-4.13037288873644e-08,1.84623653767999e-16,-0.000102782782943833,3.66478492870025e-16,-5.92299703622131e-06,-7.22771716304923e-09,-6.40010406224222e-09,1.18674707775585e-16,2.33669574699934e-07,1.25023920036262e-17,3.56849981740241e-08,-5.71002266767476e-09,3.16076859390482e-11,-7.06527463892995e-16,1.74420169842872e-07,-1.27926111662512e-16,-1.25944107348951e-08,-6.43013996898013e-09,2.65411857017725e-16,-1.5754626253557e-16,-1.76388787145102e-16,-1.12781716886044e-17,-9.77589126045544e-10,-2.9106896531616e-08,-6.50365424896426e-09,1.7585451116318e-16,1.70756427746502e-16,-6.6849430879659e-10,5.45386522575464e-09,-3.32339397080472e-16,2.57418726061212e-16,-1.09220550837829e-08,-2.31076372841447e-16,-1.93571986146209e-06,-2.01452564875018e-17,1.94117039437872e-08,2.52736472178924e-16,-2.09649251719219e-16,-1.12555959718217e-16,-1.20482765236113e-16,5.93903604771779e-16,-1.91016776266412e-17,3.74741894990644e-10,-2.62094441939919e-09,3.8054904768721e-17,-1.74264303385876e-09,7.32599396167483e-08,-5.54727294551908e-17,8.65594088514979e-16,-1.00141335599712e-16,1.07851646548388e-16,6.16870567435248e-07,1.07964507811568e-08,9.30361215503248e-16,2.18046976512379e-16,-1.31654793204758e-08,-4.25292559384071e-09,-6.44077566611484e-11,-9.64897723237435e-17,-2.82674390532449e-16,-4.29572303148634e-17,-8.68902289038484e-16,-2.19891743773685e-16,1.54419237607631e-16,2.59703581625149e-07,-8.99275871146579e-08,-4.72737464203532e-08,1.17342500695285e-16,-1.84728150505566e-16,-8.35465847689855e-17,7.07914188156714e-17,-8.15774938203778e-16,-6.76406471641639e-16,5.74462104097788e-16,-5.7148668185403e-16,4.3711313387724e-16,3.47730316780249e-16,-9.94593064059779e-17,9.45506954944664e-17,8.61856245972997e-16,-5.71147233138384e-18,2.54816643268573e-10,-2.43990733316631e-16,6.41411333568991e-16,-5.15731370443889e-16,3.67744658141514e-09,-0.000634141296585474,-3.69017441746074e-16,-8.93288113818933e-11,3.27605675944757e-09,4.40095563578045e-16,1.29733780844788e-15,-6.33760678961379e-09,4.78364420598991e-16,8.1098980339905e-11,8.52229261049694e-17,1.22001773584882e-16,4.47596991692665e-17,-7.97690124429306e-16,1.68703092918105e-05,-1.09123037306187e-08,5.37764751941775e-16,8.23835971949153e-16,-6.75086677085299e-16,-2.2471978347601e-15,4.65447992648027e-16,-1.96947875006067e-17,-3.70391898688338e-17,3.53235603092472e-16,1.3247195970771e-10,7.30817316066709e-16,1.95798031331729e-17,-5.11412143988499e-16,-7.3606965429982e-17,3.25095215798727e-16,2.23881867348784e-15,-2.88443684039852e-08,6.33288322532711e-16,3.95170419335012e-16,1.95178678311194e-09,4.40549368506765e-16,-5.825218922345e-17,-6.79840679819373e-16,7.79085832483263e-16,1.63303565199956e-09,1.50363815566534e-15,-1.1223188621904e-06,1.32143246472586e-15,1.72762717897616e-15,-2.43311775806516e-15,-5.84087111833785e-15,1.51991261615721e-15,-6.60763370820828e-16,1.95500219557078e-09,-2.86523777517311e-15,1.2454426325335e-15,2.47071262950124e-10,-2.44235929697325e-07,-2.7503441767437e-15,4.20657068179692e-08,5.7188540744895e-08,3.48536885322735e-16,-6.72176254090358e-15,1.61435620596328e-15,2.14960665856279e-15,-1.34655152382623e-15,-9.62793168589255e-08,-1.89979524008497e-14,-3.73343929641172e-15,-2.73752147115354e-15,3.85690418193797e-08,-1.79877936038035e-14,7.11755504857125e-14,-0.707106781186551,2.17606544098009e-14,-1.75864942805961e-08,2.62949767801616e-14,5.18551739253847e-11,6.59087265420098e-15,-7.65022716150103e-15,-9.30266908197869e-15,2.4295477840504e-15,6.83663224609441e-15,-6.01208516611319e-15,-1.86954000123519e-15,-9.01386232916556e-10,5.49975910972358e-15,5.62046575215817e-15,3.79112578031727e-10,-3.0853207042454e-15,-2.9930301838122e-15,7.54157262013161e-15,3.18298008422008e-15,-3.56803697353048e-15,-6.84546196626973e-16,-2.75191405273509e-09,1.10566140952633e-15,-2.36693473657163e-15,8.19920988110963e-10,-4.09205972373102e-15,2.54686116066053e-15,-2.68634259085179e-15,-1.22150292598945e-15,1.88586778851107e-16,-3.13948222595924e-15,-1.64512014521385e-15,-9.37701365220495e-16,-1.66280949032457e-15,2.38716373257177e-15,-1.67789886882138e-16,-4.3109623065092e-10,1.42991017274747e-09,2.0051775016905e-15,-6.85481096214967e-16,5.68210451429793e-16,-4.46390964892553e-16,-3.57786716920216e-16,-4.91845335767545e-17,-1.90624620351721e-16,-7.17109432637503e-16,-1.36480472849584e-09,1.64898060863662e-16,1.48509061800259e-16,-3.71317752845556e-16,1.60522006714452e-15,1.59072717223232e-10,2.59318344165058e-16,-2.52590121974217e-11,2.08457521589854e-16,-6.95655110732309e-17,-1.06528690776368e-15,-7.93402744223202e-16,-3.91868581051435e-16,1.14152715206579e-15,2.73481290874898e-15,3.06684734080411e-16,8.63112460635873e-16,-3.61389247165026e-16,-1.81798215142903e-15,-7.07145540342791e-16,8.29751059362847e-16,-3.7776888424306e-16,-4.22650205061125e-16,-4.83156318159851e-16,2.15933343962894e-16,8.79791286571522e-16,-8.99343808298043e-17,-6.37526306588264e-16,4.40402922463612e-16,-5.54098447461763e-16,2.64729236519038e-16,4.53951244793996e-16,7.57641021507269e-17,1.22774756490745e-09,-2.78461457461263e-16,5.58615965072045e-16,-4.57150193063114e-16,-6.15979121939706e-17,-2.62660640068266e-16,-1.01411527305812e-17,-2.81599712589069e-16,-6.93174895604917e-16,-3.73992356476425e-16,5.16723876093019e-17,9.93129189996722e-17,-2.65001207557367e-16,-1.51219832375699e-16,4.03657138760691e-16,-5.22027901020091e-16,-2.0945341529946e-16,6.79638809605014e-16,-1.43610897207635e-07,-9.8313954339385e-19,-2.17901833146483e-16,2.95873624272016e-16,-4.39296757930067e-17,-1.75384954210271e-16,1.19860117109039e-16,-2.69440273588462e-16,2.5706105852598e-16,-2.77565353345755e-17,3.64572999898538e-10,5.5353966850542e-16,4.45799380494083e-16,-3.14983853476842e-17,-2.38902767719554e-16,-2.75573891992576e-16,-4.0513746708167e-16,-1.51115851623868e-16,6.51866750955448e-16,-2.13983416776946e-16,-2.08173843995891e-15,6.35856117242725e-16,4.17742892459513e-17,1.02848390248215e-16,1.70354179196287e-08,4.52059884682325e-16,1.66426103881826e-16,4.83226309399941e-17,-7.89732862438441e-16,-5.06875033845834e-10,-1.02843506064433e-16,6.98544803740783e-17,1.68328357070286e-16,1.37780848750602e-16,1.6237235651825e-16,2.64203562835352e-17,5.45541328013516e-17,-8.49209490062693e-17,-8.83267848692227e-17,-2.68320399700922e-18,2.80260899460775e-16,1.8241585380697e-17,-1.72467182998812e-16,3.04117213491942e-17,2.42546535921956e-17,2.46249339209702e-16,-2.1119448293833e-16
"t587",0.0399851576837697,-0.0140200755750549,-0.0155368677167762,0.00108930411967165,0.0127765973535198,-0.0531238036016949,-0.00820053457453955,-3.23492167850066e-05,0.102215610995732,-0.00656377030082461,-0.01451107416598,0.00126902296303586,-0.00283782648700013,-0.000640285446414145,-0.0210504197394277,0.000660443718814172,0.000497834181029535,-6.80416344236265e-05,-0.0379218320732555,-0.0692002571731938,3.13531474428425e-05,-4.53589356386414e-06,0.000205621749730471,2.52912025335873e-06,-3.58597374756648e-08,5.86782140335441e-05,-0.000733416968522305,-4.21762793917076e-06,-4.11306605184241e-05,0.00106519713325712,0.00025972983070477,-0.00736537650819326,-5.43887730112495e-06,0.00825780056088231,-0.0698741113343511,0.000598223633694849,1.75892833980943e-05,-2.92020430848867e-05,-0.00324245082087617,-0.000680932430038413,-8.99970470222926e-05,0.00215526807714387,-6.63249789305286e-06,0.000441902530145334,-1.61439216376409e-05,3.6641315109402e-06,-7.50678957665782e-07,1.22487992448993e-05,-0.00306086015745028,0.0030412481946556,3.62055673641524e-06,-1.11243084889143e-06,4.34862743633946e-07,6.28321743479862e-08,-0.00242491029505037,-3.22572124524658e-05,-0.000237405223172083,2.86153159852889e-06,-2.35477199729263e-05,-2.15292038325079e-08,-7.58413744707609e-08,5.68091697995776e-06,-4.31247572510275e-06,3.41595832331045e-06,-5.29903894484349e-05,1.63556243754103e-06,-0.148239982965487,-6.71213398631017e-05,1.06592445672776e-05,-2.77497013717511e-05,-1.27882670117594e-09,2.03089752275759e-07,-7.93446699078223e-07,-6.3531745926007e-07,2.73359745298311e-07,2.98214185458622e-06,-2.63635671288892e-06,4.45553220531681e-07,-0.000166021306473602,-2.26657431137209e-05,1.73378762863109e-06,0.000140850439833805,-0.00029361519664701,-1.01355963647261e-05,0.0160980746742551,4.27047071470187e-05,-7.25957824149992e-05,-0.0679279270581735,1.0115716111571e-05,-0.000111079038385047,0.000321296809952807,-2.39925141923975e-08,-1.52498319847574e-05,8.38772423708061e-06,8.56661070453659e-07,8.94847813323135e-07,1.04580981012585e-07,-3.82751253751134e-07,3.43049698971016e-06,-0.000341964745427514,3.23420406754842e-06,-2.02215261204332e-08,4.0022218287606e-06,-7.7659747100592e-07,7.2280353657428e-07,-1.73458423385473e-08,3.22858741463953e-06,-3.64449897914056e-09,3.13406492872869e-06,-4.61133196623213e-10,-1.06571741298772e-08,3.42519404834284e-08,-1.25939670246693e-08,5.43777532874753e-08,-6.48416150814373e-08,9.29515461403214e-08,-1.11259089893828e-05,1.40169192661037e-05,-2.40391516935269e-06,9.32999363198304e-07,-5.57632076095714e-07,1.33202836780016e-06,-0.000155092968917218,1.22060243344991e-05,6.96825954214048e-08,-2.13827149881624e-06,2.24071184914791e-07,-5.81219427588599e-06,6.568798911629e-06,0.000229032250734768,1.71823236005386e-06,-7.25828105495971e-06,5.95515373093863e-07,3.97768939030067e-05,-1.76084588282058e-08,1.17904501531838e-05,-0.000462798737630984,-1.94183555528973e-06,0.00495060462248407,0.00121741539581609,0.000205957145860122,3.03391553224859e-06,-7.42385466779072e-06,-1.54216388345171e-07,-8.67791314520288e-10,-4.73885526775257e-06,-1.23144358312616e-06,0.000132029812504704,1.12263892222625e-05,-6.00532112834323e-06,-8.95645145383142e-06,-0.13304519002276,1.10528327535695e-05,-0.00125954621320575,6.73829043810363e-07,0.00012419546495735,-6.38423334145935e-05,2.51278302490611e-06,0.000134803092651273,1.71255702759061e-06,1.54328479675841e-06,-2.21321922027472e-07,1.57349833747217e-05,2.00050712033638e-06,-1.25726123836964e-06,8.45705081272832e-07,-0.00122108592292195,-0.254785959818008,0.00372753327174245,1.34831915340351e-06,-7.84284309069672e-07,-1.19184544036211e-07,-6.09327696312855e-10,-9.24249126090407e-07,-3.38776625132707e-08,-7.51778083040219e-08,-3.42038047416926e-09,1.8515139105877e-07,8.95237981430768e-06,1.01970574906985e-06,-4.21359930558209e-06,-1.23666715710894e-06,2.69138121000716e-07,1.12471444231676e-09,3.60779886220885e-08,1.90988988595725e-08,0.000171430442221625,-0.0203140335528882,0.00382089393311481,-1.10259668983912e-06,-1.48281468470385e-06,0.00014964106028422,1.64947227198573e-07,1.54238710243064e-11,8.24748864157626e-10,1.12640971051198e-06,8.95201026957035e-08,2.10594736577342e-09,-2.624353618625e-06,-6.15095119350941e-08,-1.44600285540529e-07,-2.10793264107111e-07,4.19014771902696e-09,2.04617283211459e-07,7.77219833180726e-05,-4.09154143299499e-08,-5.97738339741785e-06,-1.07534290465228e-08,6.218085012843e-07,8.80487664451566e-11,7.39959799041122e-07,2.47150621994497e-09,-2.87950286577899e-08,-2.25528895120699e-05,1.28261918616738e-08,1.63871129376896e-09,5.12144628389436e-10,3.91276421954566e-10,-1.88452655123964e-07,-1.01144622181282e-07,-4.95981850921085e-08,7.47040065823426e-08,1.72621366446657e-08,7.70118173208514e-08,-2.63597390674604e-07,-1.5441349308223e-08,-1.47194493748134e-06,-9.4233692684684e-09,-2.19429624895809e-06,-7.70540397405792e-07,4.30173468926231e-08,9.20031512985209e-09,2.886543356078e-07,1.07375751155736e-07,-6.64543661659133e-08,-1.25189092668185e-09,-5.7941730760299e-07,2.23855012188329e-16,-5.86165511222461e-09,8.49036705125733e-08,-1.90177819535764e-08,-5.26186512082974e-08,-7.52309041452324e-07,1.04415539694349e-08,-1.65423877773793e-07,7.50049254983994e-08,-1.45267883165006e-07,0.000202314260069471,-2.03494771252477e-08,8.68324694451116e-06,-5.80534642054029e-09,6.45321286367111e-07,-5.818166321643e-06,3.21312559586014e-09,-2.3480482304588e-10,1.23358374208821e-08,-1.48103463489981e-08,2.37635733340415e-07,7.43072158829579e-06,-1.61080791307822e-06,3.94320409689499e-07,-7.7855009431506e-06,9.99633998396763e-06,-6.99951060553446e-07,9.25223567920677e-06,-3.23918990088297e-06,5.32406929556665e-08,0.000499251374218657,2.65613725278276e-06,0.181456208172944,-1.56456237623087e-07,1.1534760559327e-05,-9.18472932784331e-07,2.46974255474768e-07,-3.63445660441016e-07,6.66997871960453e-07,-4.67168008920555e-07,3.18522325003915e-08,-5.40939060042509e-06,2.2887421988717e-08,-3.69221750981811e-06,6.54905121573878e-16,8.66866134819895e-06,8.59075968042415e-07,9.10394933062646e-12,8.02127298158142e-08,-1.22951901557772e-07,7.88605998902066e-08,2.28722036931947e-08,-6.33009137683612e-09,3.31707621488033e-07,-1.31831895225015e-05,-0.0726818369080972,-8.65543837586108e-09,4.2092984069371e-06,-9.2148377583791e-05,1.49490469840196e-07,-6.79121718047991e-07,5.01436220475514e-09,8.39299161895883e-09,1.27873976932122e-10,-2.62447069559741e-08,1.67757590862518e-08,-7.40517152903082e-11,2.22131440609814e-08,-2.25373543043643e-09,7.56503925408803e-09,4.56094399196161e-08,0.000157067251676279,-1.6576264054075e-08,3.52566996309085e-09,1.29595127886365e-08,-9.51787782149789e-10,3.65389068132041e-09,-3.67244227874534e-05,-2.23097681928675e-08,3.85864880997971e-08,-2.31169394844448e-17,0.236384060580262,-5.57913339870972e-08,3.67689412836096e-09,-1.16790442873143e-05,-4.95011613842943e-10,-2.67742704908638e-06,-5.31670885283628e-07,6.02415331924649e-08,-2.00441426670815e-07,-7.34919282919054e-16,1.11962256608138e-06,9.1339485760334e-11,0.000329566437891286,1.61809034677217e-09,-1.55751332315736e-08,1.12587566742906e-06,1.39653082332657e-07,-3.38169586984141e-08,2.67664974897251e-09,-1.31979455540247e-07,3.52659187732915e-10,3.00117786459037e-08,3.7054690266529e-11,4.95495246395639e-12,2.42396572472948e-07,-3.03748705639431e-10,5.44015047112995e-08,5.34259586854321e-16,1.94374603438052e-10,5.95577320100515e-12,1.78873490270009e-13,1.82986231744705e-11,-3.20767549224107e-08,-5.2569413636303e-07,3.53092355717665e-09,-1.43765503472816e-08,-1.44299280786379e-08,-3.33841659318963e-17,-0.000147524622760262,2.10092514518252e-09,1.15181928794819e-07,3.35562034874684e-16,-5.78359142632562e-09,-4.7295573598558e-10,5.38391637524261e-11,7.79991100735339e-09,-3.79937877780858e-08,-4.24923575899173e-09,-1.88297903364281e-09,9.72434383747386e-09,7.35236665761552e-10,4.97641870796007e-11,1.47769371260059e-08,4.52518650857638e-10,-3.93075288771808e-19,-2.43834739350488e-10,9.39643897597115e-09,4.39543400643885e-09,-3.07417250017122e-08,1.58204436893646e-16,-7.56302314664053e-10,1.66118402345448e-10,-2.07988267807657e-08,-3.24725286022907e-10,-1.19503113650971e-05,9.88656686288758e-10,-1.49532152145354e-08,9.64844348567346e-08,-1.67555182619318e-16,3.95279896721224e-07,-1.89306291063958e-09,5.61294219572564e-09,6.20573931182203e-07,-8.17472489788323e-10,-1.04111247166136e-09,-2.35922392732846e-16,-2.34269403250429e-17,-1.00283728860124e-09,-1.20268959847875e-09,1.59472080220333e-10,-1.70320605658357e-06,-1.68998954501048e-16,-9.14917284144003e-08,-1.11406683165597e-09,-6.70115292787476e-17,2.198842325332e-16,-6.04920791637906e-16,2.43010986273618e-06,6.97812414054778e-09,-8.14336293356451e-09,2.58157898359825e-07,3.68413880141671e-08,7.15628372650693e-09,-3.12304266957879e-09,-5.11757173726956e-16,-7.67101991154454e-10,2.26242784964263e-09,6.10358651329843e-17,-2.68189699944449e-15,-1.89580250970191e-09,-3.16110853412803e-07,-1.5956742093138e-09,5.20361812111106e-07,1.10463251774464e-08,-0.00897901309590971,-2.24574385354426e-15,9.95860214102851e-08,3.51304951194448e-16,6.29191755174344e-07,-4.03268998055983e-15,7.46306734120806e-10,9.12928700714538e-16,-1.21567138465629e-09,-2.55430365919781e-10,9.3321323745279e-09,1.61542132074091e-08,7.68194022449357e-10,-1.1187064425535e-10,8.16398095363449e-10,6.17346570963863e-10,1.67666655467663e-06,6.17146591046928e-09,3.92715301212613e-10,-1.20707423748462e-09,-2.15119043451738e-06,-1.91439444078241e-08,-6.30283694532176e-10,-4.97969651426744e-16,6.18742022855981e-09,-1.09605424968137e-09,2.78126293367542e-10,2.66232782603572e-15,-0.00459682171461248,7.18147560902213e-08,2.20959816820801e-08,-9.09922550202663e-16,-5.35891732914887e-09,-3.29840556592818e-05,5.0867055049643e-15,-3.7790367271237e-09,1.93666616752525e-08,-9.63402075994344e-15,-1.05472464542595e-13,-4.77132594180676e-09,-0.00238156656790621,-0.516950208899784,1.81750056114527e-05,-3.67294419393919e-08,-8.97509376009491e-10,-8.2722175953298e-08,-2.56813437709819e-09,2.31872199881676e-08,1.06321201842619e-14,-2.38021268420243e-12,-1.43485509459594e-09,-4.63702297916681e-05,5.6868757220552e-09,-4.19945415503742e-16,-4.07244166980629e-16,4.14465155932246e-09,-1.41467030267697e-15,1.32533732175198e-17,1.93086571749605e-09,-3.10317209007021e-09,-5.81960059735938e-10,-3.78652554549934e-09,1.75848658018327e-08,4.60976890265426e-09,6.02225267906805e-09,1.52919589672455e-16,3.80557998554104e-08,4.40108110685078e-06,8.44517048257919e-09,-8.41520611287281e-10,3.54793778502643e-09,2.04960932450128e-15,5.466725098393e-17,1.0330303706352e-15,-9.95726500120949e-07,-1.64871312221319e-10,-1.0710204410556e-08,-9.4748089711807e-16,-1.29812378340871e-10,1.63023706872843e-15,-7.9606970668974e-16,2.32115527072008e-08,-5.81722942151624e-09,-1.03649727689614e-16,-4.88798903826226e-08,-6.65789977646883e-10,-4.4382294442606e-16,1.53518114775382e-09,-2.52048293736486e-16,5.81884913310879e-08,7.41955985172712e-16,5.81450280563017e-08,4.80296894107028e-09,1.74252811325144e-10,1.72457429663395e-08,1.18971803117977e-07,-5.76836646157264e-10,1.81367849370682e-08,1.39777314637897e-16,1.10202922495659e-08,-6.23761107573012e-10,-9.3124264183167e-16,-8.2480537463271e-11,-1.69200660524395e-09,3.95427586582649e-10,4.74629399858655e-16,1.2929343201863e-09,1.71634507943132e-09,-1.81592180128788e-16,-4.78536742321006e-08,-3.64079610862176e-08,-5.01336489847651e-11,1.09917128603114e-15,-1.14670176616743e-16,9.14195248959915e-10,2.94810138189549e-08,2.38896229720927e-09,-3.80806375029404e-10,1.81923611624006e-08,-3.63459064341667e-16,7.35798825707408e-16,6.66812853714891e-08,2.0072068456214e-10,1.13999799687116e-15,1.62427039495889e-07,3.35426934865041e-17,8.13404919370976e-10,-1.55365468585829e-08,-3.82624440843152e-05,-1.08233674995037e-06,-2.28244924109847e-16,1.26687430248843e-16,-2.54225471486885e-16,-3.02981346750353e-16,-9.50779300563981e-11,-3.30381520927985e-10,1.59046722447365e-16,6.7583800862745e-16,4.321948047173e-16,4.6792652185849e-10,4.21505056417904e-12,-2.33741927651001e-10,1.90714068901133e-16,-8.72321962927525e-16,4.26958815524792e-16,-1.02563049982692e-08,3.14087034246229e-10,-7.28093167176341e-17,5.55974498128145e-11,-1.45968337739354e-09,1.29566923439488e-16,1.34439260340977e-17,-1.05704820850051e-07,-1.04168625766386e-11,-5.26678395721935e-08,-6.00128890391064e-16,5.75726920638269e-10,9.34159784803183e-09,1.01047274328136e-08,-3.81965062382353e-08,-2.27569519667154e-09,3.73594476888286e-11,4.86811726730033e-16,3.01032267660198e-16,-3.09136692717154e-18,9.17767258402261e-10,-8.55366405540401e-10,-0.000576490833185614,-1.76254912717288e-10,5.41655618809593e-16,2.42696831406183e-16,-1.58638515233237e-16,1.9302071697411e-17,5.6035582891439e-16,8.881294739431e-10,6.89950031266954e-16,-1.85184147122116e-16,-1.56942890419136e-08,4.4608313431817e-16,-1.44554512778434e-08,-1.75394256918628e-17,-3.59815708786267e-05,-5.23018117395414e-16,-2.08425749395602e-06,-2.54648972054054e-09,-2.2591009228814e-09,-5.44155957322437e-16,8.26684430679307e-08,-4.43076589331249e-16,1.26873032187031e-08,-2.04302883243955e-09,1.13119931307179e-11,-1.75979567286674e-16,6.2582325347291e-08,8.25515250527554e-17,-4.53688747259783e-09,-2.31678217073964e-09,-1.68082082686736e-16,5.39552878858594e-17,1.58614241099599e-15,2.57681713026268e-16,-3.53370188800771e-10,-1.05302811306975e-08,-2.35521560716807e-09,-7.59148650040333e-17,5.33211734399717e-16,-2.43225149716786e-10,1.98475060301725e-09,-2.50948606394226e-17,-2.56131700434376e-16,-3.99769240961417e-09,-1.8485821829543e-16,-7.09376737753459e-07,-1.39857011583599e-15,7.13873905704264e-09,-1.74305893796941e-16,4.12498995624053e-16,-1.13203758131506e-16,1.07525855007143e-15,3.49544612679329e-18,-4.83426521879032e-16,1.38783422468673e-10,-9.70742158533049e-10,-3.17119944034024e-16,-6.4700256109049e-10,2.72270063654316e-08,3.47390645715429e-16,-4.95006909051219e-16,-9.75762595773216e-16,-6.06651910080855e-17,2.3024895016137e-07,4.03383318657897e-09,-7.59382487835475e-16,3.65827727033116e-16,-4.92441837526384e-09,-1.59099362782572e-09,-2.41017675507737e-11,1.22506228098491e-15,2.38178366282235e-17,2.31334398172683e-16,8.61908637795566e-16,1.55690844995123e-15,-6.8030695519293e-16,9.79624867811127e-08,-3.39459905685088e-08,-1.78577434105418e-08,-4.69386690918288e-17,-4.42592799544536e-16,-4.14817301007408e-16,-5.56949036435079e-16,-1.06532632111243e-16,-2.26216032776998e-15,7.53606421728269e-17,-3.02221339117842e-16,2.92713699825514e-16,-5.59826925086494e-16,8.11017452126277e-16,-3.71485771686101e-17,-2.94086704572333e-16,-8.2216289870342e-16,9.74076773976571e-11,1.00717451306443e-15,-1.90026144511383e-15,-1.12231717112437e-15,1.40794955037115e-09,-0.000242873013113516,4.55387294170816e-17,-3.42206534038454e-11,1.25736909052827e-09,-2.38096909283676e-17,-7.08811882654583e-16,-2.43811922519853e-09,-7.2484331000475e-16,3.12926606106427e-11,-5.86595761635407e-16,-7.32362158817394e-16,2.00342928757442e-15,1.49922535396507e-15,6.53780215988405e-06,-4.23015537720966e-09,-3.8219941107428e-16,8.92524212412876e-17,-4.72529819011657e-16,-7.85855009998652e-16,2.20201461231806e-16,1.24079338815264e-15,-2.52114103445145e-15,-2.65613907037545e-16,5.21426466846578e-11,1.47942649142017e-15,-1.65181408719152e-15,8.565175246895e-16,1.18167612705518e-15,-2.15320033199481e-15,-4.04719502139034e-16,-1.13901487068387e-08,2.41685640372673e-15,8.69982508425576e-16,7.7115797570107e-10,9.00679828651937e-15,-3.06066343672357e-15,-5.28914504198516e-15,7.4764692885445e-15,6.4969646821519e-10,8.19327677149633e-15,-4.47057877806129e-07,-4.64227143758808e-15,7.83550805164816e-16,3.57224840302009e-14,2.19839236062242e-14,1.14557857231231e-14,3.50532538089381e-14,7.80892050962994e-10,-0.707106781186549,-1.52821357073758e-14,9.88371483544565e-11,-9.77246983275672e-08,1.33848503358785e-14,1.68589710451236e-08,2.29315690979606e-08,-1.26526632798024e-14,-4.2523789633826e-15,-6.84442111106785e-15,6.32452451327356e-15,-5.78125283596107e-15,-3.88966763942265e-08,3.5129880648617e-15,1.25604072682679e-15,6.72120362117328e-15,1.56116583978069e-08,-2.17649487804493e-15,1.40945867332007e-15,3.37308371889349e-15,3.48329203721613e-16,-7.13647352379839e-09,1.73668258803695e-15,2.1046976355354e-11,-4.47458681321351e-16,9.26712348041718e-16,-3.48541189804463e-15,-1.25411058457448e-15,3.15444578026871e-16,1.06072179498102e-15,-2.51076400611375e-16,-3.67545081859283e-10,2.8203940910315e-15,-7.78393648140191e-16,1.54753082463487e-10,-1.90200691488529e-15,1.54283871682378e-15,-2.45396042982318e-15,8.58209081036914e-16,-4.93876062488132e-16,5.28191764922228e-17,-1.12683577189526e-09,1.75244047164616e-16,4.48502997905032e-16,3.36200662430528e-10,1.46324417523252e-15,7.18543902462769e-16,-8.23702635248653e-16,3.50362472392706e-16,1.05591515170698e-15,1.57082334394459e-16,-4.00482834253854e-16,-2.28235621574521e-16,-6.67166903355097e-16,-3.40944109299122e-16,-5.01749893464273e-17,-1.77693473335703e-10,5.89726991297304e-10,-1.06216301986718e-15,1.10130761711002e-15,2.69191781187655e-16,7.24908122211504e-16,-1.57729732053191e-15,3.08576403247259e-16,-2.10376648495546e-16,-1.81054821183185e-16,-5.64693543471347e-10,1.30744383550585e-17,-3.64401001408754e-16,2.28872412772873e-15,-3.3991608103382e-16,6.59967357356533e-11,5.98257557850289e-16,-1.05105295650551e-11,-2.41577781541288e-18,4.05623206523212e-16,-7.12870069233608e-16,3.93018955166225e-16,1.11741123384662e-16,4.28314404608393e-16,-2.15792646752486e-16,7.11241756140558e-16,-3.90960982416581e-16,1.06505356388411e-17,-1.67144727560255e-16,-1.18094594642554e-16,-6.03235323759062e-16,1.02100717612676e-16,2.93556168223662e-16,1.11501457640687e-16,5.91873341179785e-17,-6.54651447372502e-17,-1.86292336443953e-16,-2.09076670594034e-16,3.24501710224911e-16,7.17178035655555e-16,5.48755296303075e-17,-5.15856121247044e-16,1.53909455718781e-17,5.16599303319641e-10,6.75819172825406e-17,5.1439076065295e-16,5.11703842652465e-16,-1.55722134414915e-16,-4.19720647199743e-16,-1.11794021514571e-16,-5.59841385213334e-17,2.88970197721368e-16,-3.32360682965621e-16,-3.73408536806413e-16,-3.95625372739961e-16,1.62657594765357e-16,-2.79354379765327e-16,9.2589368875732e-17,2.55481251156888e-16,3.99553334236013e-16,-1.79528008168996e-16,-6.08716696015755e-08,-4.16161427859451e-16,4.51604707572631e-17,-6.32298431143066e-17,-2.51459471873118e-16,-4.13437541098463e-17,8.34437442475447e-17,-7.90052068834246e-17,5.29930415983369e-17,2.1841086811897e-16,1.55683869961003e-10,6.70549752611424e-17,8.20143402841112e-17,1.66711247613978e-16,8.38326766822239e-17,4.02049548162746e-16,-1.09413720699836e-15,5.07016518465293e-17,-3.37381255894866e-16,2.27359307453838e-16,-1.12912572843822e-15,-1.81634804954903e-16,-2.27890748425034e-16,-1.39055076729134e-16,7.32841410832998e-09,-1.4370487534262e-16,1.22519086055194e-16,7.47429180955881e-16,-9.12681388798298e-16,-2.18792621096451e-10,1.68466377649853e-16,5.70341054467799e-17,3.58613103998278e-16,1.61913679070131e-16,-2.06926146620551e-16,2.45352520044064e-17,-3.4339423913863e-18,-9.22685911233106e-17,-1.02594289784961e-16,6.62266357566765e-17,-1.86512913669025e-16,3.52729670526014e-17,1.60723678090103e-16,-9.14073587429211e-17,2.79206515458176e-16,-1.49412549888044e-16,-1.5580696397319e-16
"t588",0.0399851576837697,-0.0140200755750549,-0.0155368677167762,0.00108930411967166,0.0127765973535198,-0.053123803601695,-0.00820053457453956,-3.23492167850116e-05,0.102215610995732,-0.00656377030082461,-0.01451107416598,0.00126902296303586,-0.00283782648700014,-0.000640285446414126,-0.0210504197394277,0.000660443718814174,0.000497834181029557,-6.80416344236178e-05,-0.0379218320732555,-0.0692002571731938,3.1353147442849e-05,-4.53589356386415e-06,0.000205621749730459,2.52912025335526e-06,-3.58597374702438e-08,5.86782140335203e-05,-0.000733416968522308,-4.21762793918106e-06,-4.11306605183797e-05,0.00106519713325712,0.000259729830704775,-0.00736537650819327,-5.43887730119087e-06,0.00825780056088232,-0.0698741113343511,0.000598223633694851,1.75892833981091e-05,-2.92020430848907e-05,-0.00324245082087616,-0.000680932430038409,-8.99970470222798e-05,0.00215526807714386,-6.632497893068e-06,0.000441902530145321,-1.61439216376374e-05,3.66413151095298e-06,-7.50678957672512e-07,1.22487992449727e-05,-0.00306086015745028,0.0030412481946556,3.62055673633691e-06,-1.11243084897846e-06,4.34862743630338e-07,6.28321743297716e-08,-0.00242491029505038,-3.22572124524615e-05,-0.000237405223172102,2.86153159851523e-06,-2.35477199729332e-05,-2.15292038310442e-08,-7.58413745025355e-08,5.68091697992748e-06,-4.31247572509633e-06,3.4159583232581e-06,-5.29903894484536e-05,1.63556243752992e-06,-0.148239982965487,-6.7121339863155e-05,1.06592445672481e-05,-2.77497013717773e-05,-1.27882670911856e-09,2.03089752305249e-07,-7.93446699033874e-07,-6.35317459123029e-07,2.73359745176735e-07,2.98214185463108e-06,-2.63635671288154e-06,4.45553220481798e-07,-0.000166021306473597,-2.26657431137257e-05,1.73378762863044e-06,0.00014085043983383,-0.000293615196647071,-1.01355963647392e-05,0.0160980746742551,4.27047071469981e-05,-7.25957824147468e-05,-0.0679279270581735,1.01157161115949e-05,-0.000111079038385014,0.000321296809952829,-2.39925141420905e-08,-1.5249831984742e-05,8.38772423707832e-06,8.56661070446109e-07,8.94847813320208e-07,1.04580981033347e-07,-3.82751253728975e-07,3.43049698959456e-06,-0.000341964745427498,3.23420406748617e-06,-2.02215260998846e-08,4.00222182879991e-06,-7.76597471047715e-07,7.22803536575944e-07,-1.7345842430647e-08,3.22858741466257e-06,-3.64449895319064e-09,3.13406492866476e-06,-4.61133213753608e-10,-1.06571741669171e-08,3.42519404327432e-08,-1.25939671512017e-08,5.43777529107248e-08,-6.48416150081152e-08,9.29515460815945e-08,-1.11259089892834e-05,1.40169192660857e-05,-2.40391516941407e-06,9.32999363409969e-07,-5.5763207648928e-07,1.33202836781688e-06,-0.000155092968917113,1.22060243344895e-05,6.96825954901975e-08,-2.13827149895166e-06,2.24071184869688e-07,-5.81219427588673e-06,6.56879891159452e-06,0.000229032250734791,1.71823235998837e-06,-7.25828105500626e-06,5.955153731016e-07,3.97768939031869e-05,-1.76084587373902e-08,1.17904501532431e-05,-0.000462798737631224,-1.94183555523614e-06,0.00495060462248391,0.00121741539581597,0.000205957145860252,3.0339155322367e-06,-7.42385466799353e-06,-1.54216388654943e-07,-8.67791368710068e-10,-4.73885526773907e-06,-1.23144358302292e-06,0.000132029812504715,1.1226389222288e-05,-6.00532112823129e-06,-8.95645145382903e-06,-0.13304519002276,1.10528327534832e-05,-0.00125954621320571,6.73829043727585e-07,0.000124195464957242,-6.3842333414595e-05,2.5127830251782e-06,0.000134803092651199,1.7125570276883e-06,1.54328479682072e-06,-2.21321921852829e-07,1.57349833747332e-05,2.00050712037077e-06,-1.25726123858827e-06,8.45705081434425e-07,-0.00122108592292222,-0.254785959818008,0.00372753327174263,1.34831915352001e-06,-7.84284309207573e-07,-1.19184544436386e-07,-6.09327709414761e-10,-9.24249125975073e-07,-3.38776625084276e-08,-7.51778082369096e-08,-3.42038076244942e-09,1.85151390860456e-07,8.95237981459378e-06,1.01970574913824e-06,-4.21359930589524e-06,-1.23666715689435e-06,2.69138121254015e-07,1.12471440212195e-09,3.60779886386092e-08,1.90988988703383e-08,0.000171430442221829,-0.0203140335528886,0.003820893933115,-1.10259668986235e-06,-1.48281468444395e-06,0.000149641060284301,1.64947227265412e-07,1.54237136939381e-11,8.24748603051309e-10,1.1264097104113e-06,8.9520103027395e-08,2.10594739648344e-09,-2.62435361842761e-06,-6.15095116775796e-08,-1.44600285305331e-07,-2.10793264303493e-07,4.19014776924079e-09,2.04617283348533e-07,7.77219833179833e-05,-4.09154140402579e-08,-5.97738339770749e-06,-1.07534290673394e-08,6.2180850197853e-07,8.8048700409482e-11,7.39959798981345e-07,2.47150631173963e-09,-2.87950285249298e-08,-2.25528895119244e-05,1.28261914648466e-08,1.63871098364395e-09,5.12144521369893e-10,3.91275899209144e-10,-1.88452655491071e-07,-1.01144621992999e-07,-4.95981842843154e-08,7.47040071198545e-08,1.72621367046767e-08,7.70118168558566e-08,-2.6359739058228e-07,-1.54413495072847e-08,-1.47194493758219e-06,-9.42336919111316e-09,-2.19429624932447e-06,-7.70540397823439e-07,4.30173469193622e-08,9.20031544285586e-09,2.88654335767671e-07,1.0737575098047e-07,-6.64543662856776e-08,-1.25189096740677e-09,-5.79417307569683e-07,1.47341938639811e-16,-5.86165520410121e-09,8.49036704006836e-08,-1.90177819600995e-08,-5.26186514491792e-08,-7.52309041587067e-07,1.04415537893519e-08,-1.65423877763518e-07,7.50049255510509e-08,-1.45267883213306e-07,0.000202314260069509,-2.03494775834009e-08,8.68324694464974e-06,-5.80534694408993e-09,6.4532128645606e-07,-5.81816632165901e-06,3.21312570903576e-09,-2.34804799952373e-10,1.23358378988556e-08,-1.48103455894438e-08,2.37635733591229e-07,7.43072158824452e-06,-1.61080791288402e-06,3.94320410065672e-07,-7.7855009429765e-06,9.99633998443276e-06,-6.99951060214718e-07,9.25223567932174e-06,-3.23918990096102e-06,5.32406922621213e-08,0.0004992513742185,2.65613725332847e-06,0.181456208172944,-1.56456237319735e-07,1.15347605593501e-05,-9.18472933522462e-07,2.46974255554782e-07,-3.63445660612871e-07,6.66997871497872e-07,-4.67168008980702e-07,3.18522325522679e-08,-5.40939060069231e-06,2.28874221362499e-08,-3.69221750980665e-06,8.1986980284312e-16,8.66866134788118e-06,8.5907596749739e-07,9.10406320704647e-12,8.02127298462651e-08,-1.22951901360925e-07,7.88605999612337e-08,2.28722035449466e-08,-6.33009169784208e-09,3.31707621630683e-07,-1.31831895227593e-05,-0.0726818369080975,-8.65543794051257e-09,4.20929840690616e-06,-9.21483775839916e-05,1.49490469793434e-07,-6.79121717820087e-07,5.01436219000999e-09,8.39299130855351e-09,1.27873835146165e-10,-2.62447075251982e-08,1.67757593013216e-08,-7.40520264416815e-11,2.22131442656565e-08,-2.25373490764589e-09,7.56503911332333e-09,4.56094399014892e-08,0.00015706725167608,-1.65762643007437e-08,3.52567019875953e-09,1.29595125481457e-08,-9.51788147023459e-10,3.65389086451526e-09,-3.67244227876776e-05,-2.23097688611532e-08,3.8586488093851e-08,-5.12466367959845e-17,0.236384060580262,-5.57913336502017e-08,3.67689446728256e-09,-1.16790442874679e-05,-4.95011919391338e-10,-2.67742704940477e-06,-5.31670884934991e-07,6.0241533102132e-08,-2.00441426738029e-07,-9.00211786179881e-16,1.11962256590596e-06,9.13396057470566e-11,0.000329566437891235,1.61809137747722e-09,-1.55751330573157e-08,1.12587566736143e-06,1.39653081722736e-07,-3.38169583705262e-08,2.67665006483608e-09,-1.31979455684643e-07,3.52659145606371e-10,3.0011778779994e-08,3.70550755735126e-11,4.95527214096694e-12,2.42396572663023e-07,-3.03749946210033e-10,5.44015048349676e-08,7.29731942948124e-16,1.94374672586977e-10,5.95566174502182e-12,1.7750896254363e-13,1.82987970695537e-11,-3.20767545852883e-08,-5.25694136253957e-07,3.53092396784991e-09,-1.4376550089525e-08,-1.44299279466177e-08,2.81778736030863e-16,-0.000147524622760189,2.10092508689178e-09,1.15181928589079e-07,-3.43782362558773e-17,-5.78359184626888e-09,-4.72954703786572e-10,5.38389445806724e-11,7.79991020224821e-09,-3.79937876534038e-08,-4.24923578172842e-09,-1.88297937739653e-09,9.7243438929848e-09,7.35236696521845e-10,4.97660793237458e-11,1.47769373241959e-08,4.52518635930482e-10,2.15631808584708e-16,-2.43835030430396e-10,9.39643913447548e-09,4.39543441082425e-09,-3.07417250193114e-08,-6.1915033835958e-16,-7.56303063816335e-10,1.66117706396074e-10,-2.07988270382664e-08,-3.24725414348555e-10,-1.19503113651762e-05,9.88657393678371e-10,-1.4953215168574e-08,9.6484434423871e-08,-8.52205124907964e-17,3.95279896705773e-07,-1.89306285816419e-09,5.61294158681832e-09,6.20573931028817e-07,-8.1747283824566e-10,-1.04111294118092e-09,-2.4980018054066e-16,-3.4515803122858e-17,-1.00283711682124e-09,-1.20268924166781e-09,1.59472283366256e-10,-1.70320605670949e-06,-5.26963679400261e-16,-9.14917284283737e-08,-1.11406705991485e-09,1.29554764985853e-16,2.42108705699779e-16,-6.34446353806972e-16,2.4301098611448e-06,6.97812396719138e-09,-8.1433631953442e-09,2.58157898238517e-07,3.68413880301385e-08,7.15628348289817e-09,-3.12304358074959e-09,-6.03369452204278e-16,-7.67100206987742e-10,2.26242775754034e-09,-1.19684892811654e-16,-2.38277225930847e-15,-1.89580268846026e-09,-3.16110853812581e-07,-1.59567408336148e-09,5.20361812508438e-07,1.10463247871156e-08,-0.00897901309590953,-2.45257574673662e-15,9.95860216201318e-08,1.15259306856033e-16,6.29191756586337e-07,-3.87672749804779e-15,7.46306230644845e-10,6.64969859472902e-16,-1.21567158118799e-09,-2.55430539782121e-10,9.33213233773142e-09,1.61542131721487e-08,7.68194565708536e-10,-1.11870038290627e-10,8.16398130653277e-10,6.17346215449191e-10,1.67666655364189e-06,6.17146586010572e-09,3.9271499619319e-10,-1.20707351012761e-09,-2.15119043402441e-06,-1.914394468169e-08,-6.30284081583246e-10,-8.79610760567337e-16,6.18742069001489e-09,-1.09605402563432e-09,2.78126435944024e-10,2.15309190017068e-15,-0.00459682171461152,7.18147555375862e-08,2.20959827554765e-08,-8.93132934511327e-16,-5.35891752816733e-09,-3.2984055658977e-05,5.40056931204888e-15,-3.77903700066179e-09,1.93666615418129e-08,-9.87118850259839e-15,-1.055041342222e-13,-4.77132658398349e-09,-0.00238156656790643,-0.51695020889979,1.81750056114193e-05,-3.67294419927242e-08,-8.9750789289226e-10,-8.27221758534686e-08,-2.56813444504376e-09,2.31872195931367e-08,1.06837282076722e-14,-2.3791399664467e-12,-1.43485487488753e-09,-4.6370229791392e-05,5.68687574846181e-09,-8.39013806336452e-16,-3.86445085472404e-16,4.1446520425825e-09,-1.40222231770744e-15,3.22900708859762e-16,1.93086584135404e-09,-3.1031722615151e-09,-5.81961265175459e-10,-3.78652506111835e-09,1.75848648674832e-08,4.60976915367932e-09,6.02225257539427e-09,2.85858511671421e-16,3.8055799988137e-08,4.40108110721302e-06,8.44517072045426e-09,-8.41520105138905e-10,3.54793607681333e-09,1.6794288300952e-15,3.9085730602457e-16,1.59186865824009e-15,-9.9572650006788e-07,-1.64873115453498e-10,-1.07102042937294e-08,-2.91747811918141e-16,-1.2981564549831e-10,2.44932470498691e-15,-8.32714927550376e-16,2.32115537977992e-08,-5.81722957403888e-09,-4.78349998500605e-16,-4.88798902592397e-08,-6.65790589392028e-10,-5.58451913177981e-16,1.53518149575969e-09,-5.01165416020111e-16,5.81884900862472e-08,-2.18232253582963e-16,5.81450277309118e-08,4.80296903144395e-09,1.74251497245615e-10,1.72457432365071e-08,1.18971802792034e-07,-5.76837056202525e-10,1.81367848235701e-08,-4.83297473331568e-16,1.10202903101664e-08,-6.23760320977045e-10,9.08756288257573e-17,-8.24809233132218e-11,-1.69200787711763e-09,3.95426634004195e-10,1.53184567892844e-16,1.29293299863798e-09,1.71634559810275e-09,-1.95754403606819e-17,-4.78536741199288e-08,-3.64079606018039e-08,-5.01323728403504e-11,1.59411377620234e-15,-5.50596848435439e-16,9.1419384073881e-10,2.94810132587871e-08,2.38896296697146e-09,-3.80805983567071e-10,1.81923622792558e-08,4.77677156190389e-16,7.19426323921516e-17,6.66812849105479e-08,2.00718826611196e-10,6.01696636828003e-16,1.62427039264317e-07,1.23089933019927e-16,8.13404509082235e-10,-1.55365473297558e-08,-3.82624440836388e-05,-1.08233675092165e-06,6.16395140465319e-17,1.84574538618599e-17,-3.4377834496952e-16,3.64241020754946e-16,-9.50758700526331e-11,-3.30381436758056e-10,1.50006616285519e-16,-8.8242723858728e-16,-1.85017802555e-16,4.67927697779359e-10,4.21626850487853e-12,-2.33742457722874e-10,-2.50315152333065e-16,-5.62890662900162e-16,1.80465451610212e-16,-1.02563045403335e-08,3.1408796889644e-10,2.49610630641747e-16,5.55969228899466e-11,-1.45968426385671e-09,-6.9446574671509e-18,-1.73211795449889e-18,-1.05704821038629e-07,-1.04143680068759e-11,-5.26678400855655e-08,-3.58119396864752e-16,5.75727912966954e-10,9.34159731271936e-09,1.0104728129378e-08,-3.81965067565848e-08,-2.27569482650948e-09,3.73600233545946e-11,4.0645809858473e-17,-4.821129883302e-16,2.29204644011236e-16,9.17767006581483e-10,-8.55366841143948e-10,-0.000576490833185811,-1.76254924478197e-10,5.89391854618003e-16,9.36881735528798e-17,2.77018699831081e-16,1.45084943234032e-16,1.48331007564982e-15,8.88129823443754e-10,-8.35257944448834e-16,5.85055303376864e-16,-1.56942893122537e-08,-1.92552640021911e-16,-1.44554512632435e-08,1.1089708899049e-16,-3.59815708787471e-05,5.70141314613261e-16,-2.08425749359822e-06,-2.54648868562917e-09,-2.2591010585368e-09,2.34805930687383e-16,8.26684452898793e-08,3.07775379247289e-16,1.26873072641552e-08,-2.04302726469166e-09,1.13120987440588e-11,9.98482610438937e-16,6.25823263473987e-08,9.29758489419849e-17,-4.53688964418068e-09,-2.31677928961237e-09,6.05830064289134e-17,-1.4358342000305e-16,-1.257123386798e-15,-3.27958498218173e-16,-3.53370111235157e-10,-1.0530280995339e-08,-2.35521577083565e-09,4.08750196555426e-16,-3.35068359708266e-16,-2.43225784459506e-10,1.98475024523054e-09,-9.36301515255872e-17,-3.64775985194694e-16,-3.99769260550882e-09,2.52135999571008e-16,-7.09376740342034e-07,1.46178914655063e-15,7.13873866988236e-09,-2.26056242855562e-16,-1.00460151027979e-15,-5.57042293136649e-17,-4.19666779426182e-16,8.86513285965537e-17,1.90323813157787e-16,1.38784239963014e-10,-9.70741930029394e-10,2.58035018419283e-16,-6.46997680649452e-10,2.72270041173895e-08,-7.77272714312888e-17,2.85345808600874e-16,8.20726263346055e-16,2.60282473062455e-16,2.30248948950097e-07,4.03383218443324e-09,1.07944349440342e-15,-4.01882824836908e-16,-4.92441772902820e-09,-1.59099563887288e-09,-2.41094454948101e-11,-1.48567595628636e-15,3.13799335878261e-16,-2.6764579177705e-16,-3.37197163312147e-16,-6.61168552108854e-16,8.39835337447332e-17,9.79624832063526e-08,-3.39459917875831e-08,-1.78577421773724e-08,7.22664750891683e-17,4.31632802996448e-16,3.7088483371535e-18,5.47666671180717e-16,2.20138825409953e-16,2.00905401718712e-15,-1.37000303033603e-16,3.45812777044481e-16,-2.97672814288881e-16,6.72970886004062e-16,-5.45883322191568e-16,3.93546751263912e-16,3.49645031695531e-16,8.54819653681755e-16,9.74072950626581e-11,-1.16927945570889e-15,1.55270564186711e-15,9.26078645885804e-16,1.40793394381025e-09,-0.000242873013112257,-1.5252144027535e-16,-3.42193299194645e-11,1.25737171850632e-09,-2.17845761356154e-16,7.86831726209459e-16,-2.43813452719875e-09,3.57909692379112e-16,3.12841647084701e-11,8.1746347726864e-16,6.0987513084565e-16,-2.14448392567881e-15,-1.43319823099899e-15,6.53780215896762e-06,-4.23014545338555e-09,5.96739133187775e-17,2.10819800946377e-16,7.23358100372306e-16,1.09592693816302e-15,-2.00685822127067e-16,-1.24889891356093e-15,2.52092587347382e-15,3.32250184032187e-17,5.21423561813628e-11,-1.39615432325139e-15,1.42977516159866e-15,-8.48900406272691e-16,-1.22281275122483e-15,1.86199467809001e-15,1.13537782541537e-15,-1.13901454555659e-08,-2.57062861486518e-15,-4.50320234840707e-16,7.7120653074336e-10,-8.11384049139383e-15,3.24233183575588e-15,5.01214246415783e-15,-6.98620551545909e-15,6.49700290617725e-10,-8.26227798187696e-15,-4.47057858076166e-07,4.63106153562493e-15,-9.79390076876968e-16,-3.57566002075888e-14,-2.20224695345549e-14,-1.16705663639135e-14,-3.54333314401129e-14,7.80474814568947e-10,0.707106781186547,1.4665001709645e-14,9.88615004327349e-11,-9.77246539338743e-08,-1.32692880664199e-14,1.68589780631262e-08,2.29315648109262e-08,1.28974143462802e-14,4.14547154780066e-15,7.43203140185279e-15,-6.62369371913568e-15,4.70254008717584e-15,-3.88966489225126e-08,-3.50156354652714e-15,-1.14166560136133e-15,-6.7310783089365e-15,1.56116473068763e-08,2.18407067216991e-15,-1.12544709895025e-15,-2.94591080647824e-15,-4.91935036519491e-16,-7.13647400658367e-09,-1.62648696477107e-15,2.10793186860695e-11,3.85589293144514e-16,-1.0255495141726e-15,3.51469094379917e-15,1.11213750089615e-15,-6.01907608797108e-16,-4.21934837246528e-16,2.08019594199946e-16,-3.67569753669378e-10,-2.445282178804e-15,6.80624138618959e-16,1.54738283965338e-10,1.46450987092343e-15,-1.66244493547027e-15,1.28330378040658e-15,-6.57937958571329e-16,5.04988544442419e-16,-1.24952940240513e-16,-1.12682434955186e-09,-6.35819345092508e-16,-3.26483072565211e-16,3.36214539434138e-10,-1.26431735515312e-15,-9.22771457675056e-16,9.83126751944779e-16,-1.08407456441095e-15,-1.61979519934486e-15,-1.50642577599456e-17,2.0414619041136e-16,-3.44552544125097e-16,4.69307655461274e-16,2.79663761609831e-16,1.99921456684096e-16,-1.77677032185722e-10,5.89740333259178e-10,7.3125969082886e-16,-1.05498912924432e-15,-2.34920400559596e-17,-1.06474639262227e-15,1.55995008577214e-15,-5.72387059403806e-16,-2.55948469176291e-16,-6.14269269958275e-17,-5.64691130603026e-10,4.92746719075269e-17,4.1132153255311e-16,-2.643647173776e-15,3.2555473897462e-16,6.59945326102672e-11,-3.33464550920219e-16,-1.05118146295055e-11,-1.63420626981321e-16,-4.14572053298197e-16,5.74025748003619e-16,-4.26333347371996e-16,-1.12918490796134e-16,2.02323372835324e-16,2.29664454598474e-16,-5.50830209383776e-16,3.11258005161218e-16,-5.97062168313747e-18,4.71245772628574e-17,-8.14288988101474e-17,5.08020872156105e-16,-1.29602459749307e-16,-5.72185766999707e-16,-1.76130686476163e-17,5.39632454352269e-17,1.14716405018681e-15,-1.06961263188171e-17,1.52817446417229e-17,-2.82543086149722e-16,-7.71241808869115e-16,-1.6546288482175e-17,4.91693475183112e-16,-7.54789882033694e-17,5.16596183564799e-10,-8.7621682368539e-17,-5.86209969691396e-16,-5.67447719000764e-16,3.31545832267267e-16,1.23616348714659e-16,1.85800342908629e-16,3.29452024996593e-16,-3.66992806988704e-16,5.29257836022689e-17,1.65964357845889e-16,-1.78351257373865e-16,-1.99022011815854e-16,3.38152704667985e-16,-1.30273690953035e-16,-1.37223027947039e-16,-4.37251263003157e-16,1.26557031813411e-16,-6.08716701369201e-08,2.86104002026783e-16,-1.16599598167622e-16,-2.03684252326025e-16,1.3724873160127e-16,2.55943612940272e-16,-5.53277370013679e-17,9.17113612728239e-17,-1.65965251914746e-16,-9.41850777235863e-17,1.55685372783177e-10,2.53809542562312e-17,1.32383225163885e-16,-2.73476957177556e-16,1.21891005242136e-16,-4.26428826753014e-16,1.30695302618036e-15,-1.94061372026082e-16,-2.3521588825207e-16,-3.14115127737301e-16,1.72992430757662e-16,1.15659606705626e-16,1.1149631152898e-16,-1.81003404659109e-16,7.32841299020327e-09,-1.88804584851375e-18,1.63550482764908e-16,-4.42093868353886e-16,1.38777878078145e-16,-2.18788440453806e-10,-1.34204786247514e-16,-3.26044489198175e-17,-1.28058819369722e-17,-3.066467079572e-17,1.16603843256248e-16,-1.48418590167891e-16,1.19356861547369e-16,1.9043767017881e-16,-4.40805563762638e-17,-9.22067879985423e-17,2.97513531111127e-16,1.68949418597903e-16,-3.62856701434672e-16,-7.91921135823599e-17,-9.52290681365089e-17,4.71916560241806e-16,-1.15038980111315e-16
"t807",0.0399885162945534,-0.0140225566098726,-0.015539706040747,0.00108957076878356,0.0127804259114332,-0.0531424761724222,-0.00820347351305533,-3.23617309208862e-05,0.102262298004888,-0.00656740405792339,-0.0145212594102671,0.00127011960575673,-0.00284035025375289,-0.000640863454495823,-0.0210702473249018,0.000661102336030251,0.000498342437125948,-6.8112353098172e-05,-0.0379621539058116,-0.0692801598440603,3.13922887095788e-05,-4.54272039435797e-06,0.000205948456868533,2.53316150720592e-06,-3.59172613912002e-08,5.87767996617256e-05,-0.000734663662248775,-4.22486116188783e-06,-4.12030789093496e-05,0.0010674092348675,0.000260304731329478,-0.00738241506893342,-5.45235976163018e-06,0.00827923286834965,-0.0700646366218105,0.000599983815193694,1.76416869214715e-05,-2.92904126926255e-05,-0.00325232897705136,-0.000683037445756755,-9.02831716003447e-05,0.00216228451788001,-6.65440827464872e-06,0.000443364111171177,-1.61982386223717e-05,3.67723761537255e-06,-7.53413184744852e-07,1.22937919218783e-05,-0.00307236920467074,0.00305297084229438,3.63497131417896e-06,-1.11692587757461e-06,4.36623694453468e-07,6.30912803971026e-08,-0.00243526531396946,-3.23956774677846e-05,-0.000238520334796871,2.87529226039818e-06,-2.36612717420423e-05,-2.16389729611362e-08,-7.62440572565763e-08,5.71167668191937e-06,-4.33619422452066e-06,3.43481958289068e-06,-5.32914656879596e-05,1.64509168254776e-06,-0.149151232964607,-6.75436769437511e-05,1.07270312267448e-05,-2.79295474899781e-05,-1.28794120480884e-09,2.04638124857385e-07,-7.9955698480282e-07,-6.40311020947306e-07,2.75513797170032e-07,3.005846424488e-06,-2.65738507872714e-06,4.49167257722882e-07,-0.000167418862814253,-2.28593594567268e-05,1.74896714589993e-06,0.000142090114429614,-0.000296298914384475,-1.02292772308271e-05,0.016253964150368,4.31234084539504e-05,-7.33164375078452e-05,-0.0686035927357013,1.021638757859e-05,-0.000112185942507325,0.000324513548193972,-2.42433398590577e-08,-1.54098796793139e-05,8.47805853440849e-06,8.66294195810409e-07,9.04974635344223e-07,1.05764855056218e-07,-3.87153995763212e-07,3.47019072029976e-06,-0.000346009498037094,3.27313770598996e-06,-2.04653330798242e-08,4.05056018990115e-06,-7.86717570362495e-07,7.32274637689921e-07,-1.75741032355468e-08,3.27139625863121e-06,-3.69292426232867e-09,3.17586304634963e-06,-4.67317817472515e-10,-1.08003652837167e-08,3.47171317613605e-08,-1.27652300934946e-08,5.51380540901352e-08,-6.5753528139829e-08,9.42754786599863e-08,-1.12852754556883e-05,1.42208062467151e-05,-2.43939605822013e-06,9.46920936884955e-07,-5.66003943080325e-07,1.35244999143612e-06,-0.000157502700168618,1.23957698253721e-05,7.07678959554721e-08,-2.17202876043231e-06,2.276125946922e-07,-5.90511851750349e-06,6.67726649315269e-06,0.000232815500047739,1.74668832130549e-06,-7.38105296616009e-06,6.05629702287416e-07,4.04544722336901e-05,-1.79120424016885e-08,1.1994064669417e-05,-0.000470993508423008,-1.97690639891997e-06,0.00504241504899726,0.00124000943281187,0.000209796647210558,3.09060327792864e-06,-7.56307423535068e-06,-1.57112436222922e-07,-8.84088262466021e-10,-4.82873613909547e-06,-1.25526099271345e-06,0.000134633840299191,1.14488793499336e-05,-6.12560349450259e-06,-9.13599329622973e-06,-0.135722941777062,1.12758132664718e-05,-0.00128502437832028,6.87794075788658e-07,0.00012677929887512,-6.51741525934218e-05,2.56844623570263e-06,0.000137831927768109,1.75111913617885e-06,1.57845105059969e-06,-2.26377348053239e-07,1.60998631811621e-05,2.04698162302253e-06,-1.28689686946419e-06,8.6591866591837e-07,-0.00125144682962468,-0.261129619079763,0.00382037405693171,1.38207970490549e-06,-8.04043594791804e-07,-1.2218994844601e-07,-6.24880207297849e-10,-9.47929254998796e-07,-3.47527391265783e-08,-7.71235651254666e-08,-3.50899766252455e-09,1.90039094858639e-07,9.19326610188787e-06,1.04723323195661e-06,-4.32770150710633e-06,-1.27046318615736e-06,2.76519067763319e-07,1.15566502884712e-09,3.70740118232772e-08,1.96318870714815e-08,0.000176227262179282,-0.0208955562517837,0.0039303552966654,-1.1344235506477e-06,-1.52650829351446e-06,0.000154125720149201,1.69919364341251e-07,1.58926617595806e-11,8.49985314554032e-10,1.16153279194637e-06,9.23228214004499e-08,2.1724475638015e-09,-2.70757809913201e-06,-6.35245605186572e-08,-1.49344556290602e-07,-2.17803648664367e-07,4.33135303724583e-09,2.11731720647619e-07,8.04247220733694e-05,-4.23422898094831e-08,-6.18765748321539e-06,-1.11339959535037e-08,6.44165898265451e-07,9.12765594539583e-11,7.67508476180292e-07,2.56395713163845e-09,-2.98952434669266e-08,-2.34247097693773e-05,1.33221626105048e-08,1.70265270499275e-09,5.32586939349138e-10,4.06961482720923e-10,-1.96182329951196e-07,-1.05358760898283e-07,-5.16758364561096e-08,7.79031132872478e-08,1.80052284822055e-08,8.03459140320446e-08,-2.7520808764182e-07,-1.61238585340246e-08,-1.53706030103481e-06,-9.8480895311978e-09,-2.29431377460064e-06,-8.06101746810531e-07,4.5013835893839e-08,9.62979878994036e-09,3.02202396193059e-07,1.12423191099584e-07,-6.96226162475332e-08,-1.31210011298525e-09,-6.07548766958416e-07,2.78000224397997e-16,-6.15011008899999e-09,8.90930637468049e-08,-1.99736823296754e-08,-5.53011182752969e-08,-7.91108356428256e-07,1.09804367915143e-08,-1.74145653298975e-07,7.89736231278005e-08,-1.52967015771851e-07,0.000213121271659136,-2.14422496201792e-08,9.15405263403583e-06,-6.12145628157352e-09,6.80521697187118e-07,-6.1385864343816e-06,3.39725859057313e-09,-2.48449707855591e-10,1.30610351379086e-08,-1.57030651195683e-08,2.51985047482613e-07,7.88726840153027e-06,-1.71073958321989e-06,4.19122419961193e-07,-8.27735423353544e-06,1.063077966228e-05,-7.44659252838289e-07,9.84880325407651e-06,-3.4482714655286e-06,5.67601168659535e-08,0.000532271877074878,2.83192169242242e-06,0.19354265915925,-1.66902476790246e-07,1.23107958495493e-05,-9.80353381934679e-07,2.64389647238773e-07,-3.89202341568881e-07,7.14454052541351e-07,-5.00709360314371e-07,3.4155764006038e-08,-5.80703255263366e-06,2.45778575036265e-08,-3.96594350307757e-06,7.65952806723641e-16,9.31964016971613e-06,9.23698067368029e-07,9.7924648557676e-12,8.63593570129036e-08,-1.32479313028188e-07,8.50038362323799e-08,2.46586135204601e-08,-6.84141193596396e-09,3.58559774372353e-07,-1.42510095275784e-05,-0.0786273322984789,-9.38354783672082e-09,4.5651076333752e-06,-9.99638406538433e-05,1.6231062793698e-07,-7.39874947222064e-07,5.47095081108832e-09,9.15801438783067e-09,1.39533228823171e-10,-2.87448029367322e-08,1.84569511488074e-08,-8.15212356859041e-11,2.44750909348119e-08,-2.48589254282262e-09,8.34708033026240e-09,5.04661683319506e-08,0.000173830011395098,-1.83526099433721e-08,3.90454939621149e-09,1.43650863937969e-08,-1.05607751884529e-09,4.05806034510207e-09,-4.08034731679154e-05,-2.48052051099332e-08,4.29676663955718e-08,-1.20679411506711e-16,0.265802181683515,-6.27987725258411e-08,4.14512447218136e-09,-1.31669071030194e-05,-5.58100618069357e-10,-3.01982324472045e-06,-6.0009747387763e-07,6.80537731546211e-08,-2.26839427706061e-07,-6.72644572137529e-16,1.27240761810041e-06,1.03858853237098e-10,0.000375169485175087,1.84224435051947e-09,-1.77841058864834e-08,1.28764680330199e-06,1.60092456445842e-07,-3.88296752403241e-08,3.08450781918665e-09,-1.52609073803002e-07,4.0869126851739e-10,3.48243494924999e-08,4.30316766765667e-11,5.76240043095172e-12,2.81936482405847e-07,-3.53657796032926e-10,6.33908287201319e-08,8.25311194006328e-16,2.2788411799387e-10,6.99047980959322e-12,2.09900767318287e-13,2.15629961980808e-11,-3.78209925348714e-08,-6.24379079293827e-07,4.20279763739053e-09,-1.71194997921735e-08,-1.72111959409715e-08,4.17373901122192e-16,-0.000176291884005066,2.51238841435048e-09,1.38110691531412e-07,-3.17628865656924e-16,-6.95549588317295e-09,-5.69191325797182e-10,6.48177339852423e-11,9.39765055158024e-09,-4.58355577886876e-08,-5.13126856233579e-09,-2.27558547012206e-09,1.1778947221237e-08,8.90825633732116e-10,6.03923894081156e-11,1.7984220954578e-08,5.50817031139513e-10,-2.64294970926726e-16,-2.985231933095e-10,1.15157113478229e-08,5.39911050480886e-09,-3.78950967558725e-08,2.44102806109837e-16,-9.39669829411954e-10,2.08327527321042e-10,-2.61978054601461e-08,-4.09867660893328e-10,-1.5121636238289e-05,1.25700126423322e-09,-1.91647903738778e-08,1.26335317664442e-07,-1.10339407119286e-16,5.2858111672344e-07,-2.53637884284862e-09,7.5513423474754e-09,8.39771509961999e-07,-1.10672235372817e-09,-1.41186467751881e-09,-2.8796409701215e-16,4.50317281584656e-16,-1.37355158810943e-09,-1.66223167448834e-09,2.20658662626241e-10,-2.37674837600699e-06,1.55791386389316e-16,-1.30214423043553e-07,-1.60042113670194e-09,3.83829390229927e-16,-1.34030388219405e-16,3.31676158504461e-16,3.6034601928833e-06,1.03925103813203e-08,-1.23184962953696e-08,3.96015326206461e-07,5.6610250406058e-08,1.11720187205288e-08,-4.88475200701986e-09,4.54025913867373e-16,-1.24304610624500e-09,3.71622545850341e-09,5.43061578173027e-16,2.04228406561041e-15,-3.30600927812342e-09,-5.60291957276981e-07,-2.89436805251341e-09,9.59491796547572e-07,2.1067018614344e-08,-0.017223176601344,-1.42000272014269e-15,1.92559233650423e-07,1.85268735748286e-15,1.2462621286028e-06,3.39561278400735e-15,1.50623118186745e-09,-1.67910911421354e-16,-2.51626590907971e-09,-5.31520050679874e-10,2.09832911272064e-08,3.70010489432027e-08,1.77360934136287e-09,-2.67857119784538e-10,2.0226629975146e-09,1.67374942971718e-09,4.54976571549e-06,1.72807301572381e-08,1.17101840265955e-09,-3.96797174816998e-09,-7.79348406400824e-06,-7.58367235619827e-08,-2.62249138901993e-09,4.78609900320148e-16,3.08400175156321e-08,-6.90012202235754e-09,1.66568746656648e-08,5.0296514897791e-15,0.140470528960623,-6.17127423568601e-07,-1.41713836229005e-07,8.66673593722807e-16,3.02274645580669e-08,0.000122301982248275,-6.26462014806179e-15,1.1800060030643e-08,-2.67002774182397e-08,9.21022716513278e-15,9.96033903322061e-14,4.99773205416282e-09,0.00243477754026424,0.471871437594508,-1.45215000109433e-05,2.15735896637717e-08,5.12927032710751e-10,4.54658459790434e-08,8.91608070392901e-10,-5.08036972897634e-09,-9.68788851224422e-15,4.22809454472929e-13,2.44304384386982e-10,6.80326024421423e-06,-6.80702374054285e-10,-1.16510339833946e-15,1.77509874047762e-17,-3.51539023396724e-10,1.08339266774292e-15,-6.84086008795988e-16,1.7485750463817e-10,-3.56600023528421e-10,-6.7168487429719e-11,-6.20993591497114e-10,2.9919321804453e-09,7.90313241318922e-10,1.08244708447893e-09,-2.73536189953663e-16,9.82101900257931e-09,1.20043145474495e-06,2.34329965662906e-09,-2.5246138480888e-10,1.19744100052427e-09,-1.86301799965045e-15,-3.87481678416437e-16,-1.20379081298803e-16,-3.82933282670783e-07,-6.64111938647691e-11,-4.32848530449618e-09,7.39790544435894e-16,-5.46020976063503e-11,-2.17656113341266e-15,7.06151947785924e-16,1.12090111753166e-08,-2.81320239806899e-09,4.95263552391378e-16,-2.42811612989573e-08,-3.35619796724396e-10,7.92427536040244e-16,7.95893136190164e-10,4.73075861721836e-16,3.11079945774126e-08,6.79378285092076e-17,3.11660439370035e-08,2.57958863080706e-09,9.37975562507267e-11,9.31217317521598e-09,6.46843005658031e-08,-3.21384775075258e-10,1.04219783495316e-08,3.88081400209085e-16,6.55172207289742e-09,-3.72088007460448e-10,3.81012347425446e-16,-4.94197346532088e-11,-1.02180136858398e-09,2.40444116603882e-10,-6.09201076811532e-16,8.03715804505093e-10,1.07133693280052e-09,9.62498561646931e-17,-3.00311418071369e-08,-2.29078712567725e-08,-3.1842179592342e-11,-3.07652416543602e-16,3.13579472863147e-16,5.92857288161607e-10,1.92775822961336e-08,1.56473293913247e-09,-2.57631722014762e-10,1.23671775601566e-08,7.12553868778417e-17,-8.01659347828872e-16,4.5477162650861e-08,1.36948251595547e-10,-5.10101929582662e-16,1.1141418328361e-07,-1.61388776861264e-16,5.60744395229367e-10,-1.07821171486327e-08,-2.65658486463315e-05,-7.52835218964766e-07,-1.23682303461418e-16,-1.31515407579502e-16,-1.59886584579122e-16,1.62922730400057e-16,-6.71644364987528e-11,-2.33678081001341e-10,-1.98377366196521e-16,1.47447746481807e-16,-3.45122471115246e-16,3.32396278876512e-10,3.00068991207149e-12,-1.67163765709066e-10,-5.02576652945549e-17,7.49129491078859e-16,5.04099800097135e-16,-7.45040627263328e-09,2.28277558317271e-10,-3.359081792246e-16,4.06383498256715e-11,-1.06934003840466e-09,4.74869543831904e-17,1.62713173760495e-16,-7.78382853330942e-08,-7.67372955970389e-12,-3.89135630872748e-08,7.9839616003289e-16,4.27426043897373e-10,6.95324366190713e-09,7.54788256936425e-09,-2.86657069394412e-08,-1.70997370280791e-09,2.81367765461111e-11,4.27060480244172e-16,-1.69327237332515e-16,-8.7225561805792e-16,6.99792678897264e-10,-6.52331102577451e-10,-0.000440310159629936,-1.35610011154412e-10,-6.2442162560517e-16,-3.79545684309731e-16,3.9270919874059e-17,2.10700100786603e-16,-1.13279555769232e-15,6.88312947284249e-10,1.36952601197165e-16,-1.94894268247876e-16,-1.21967436791546e-08,-3.42433264073063e-16,-1.12356154594831e-08,-2.30366236073564e-16,-2.79737768629643e-05,1.41948429083105e-16,-1.62790474802109e-06,-1.99107195200485e-09,-1.76924443321442e-09,4.50331226518991e-17,6.487098473015e-08,1.88841738386493e-16,9.99808340453704e-09,-1.61854733929794e-09,8.96367072862251e-12,-3.04076553365033e-17,4.96939978335823e-08,7.04359546400549e-17,-3.6141736584813e-09,-1.84587951433442e-09,-3.88426909275635e-16,-8.04001469909107e-17,-4.7727308766788e-16,8.21627058184373e-17,-2.82276262026192e-10,-8.4173829351456e-09,-1.88411158302585e-09,3.20641713528935e-17,-7.45392511249326e-17,-1.95288015866405e-10,1.59382867147284e-09,1.18112027718006e-16,-1.85794380174393e-17,-3.22445384592328e-09,4.5558475689071e-17,-5.72693547189551e-07,2.40529369180327e-16,5.7783362477058e-09,2.16710698063976e-16,-4.50862389936462e-16,-2.21542028689926e-16,-8.23861531373248e-16,-1.08733473922255e-16,5.72741465313214e-17,1.12913029815928e-10,-7.89841286579147e-10,1.72731393716784e-16,-5.27342573446515e-10,2.22074659729949e-08,-1.4155891518778e-16,2.34976965165418e-16,-1.55157693885474e-16,-6.02307713584976e-16,1.88370639778907e-07,3.3024417648465e-09,-1.12875014050865e-17,-1.89142822766505e-16,-4.03465164877548e-09,-1.30365527940548e-09,-1.97589507317577e-11,-6.86153500150634e-17,-2.18106696557735e-16,6.35686047643588e-17,-1.8324529079458e-16,-4.86985686127567e-16,9.49609928643965e-17,8.072421644113e-08,-2.79860838668073e-08,-1.47294779306037e-08,3.39786102305714e-18,2.77869487380352e-16,-9.63074674959969e-17,-1.18960105926456e-16,3.27465036101475e-16,1.02167299757369e-16,9.28654372126762e-17,-2.92332519885371e-16,7.74799319357108e-17,-6.07614365976231e-17,-6.51125082315511e-16,-5.62140285048048e-16,1.05926640716108e-16,-2.46901783488352e-17,8.09671086499371e-11,1.95408730997551e-16,1.59389371878532e-15,-4.24840376359057e-17,1.17144819437134e-09,-0.000202122822633343,1.13481992233363e-16,-2.84820242834686e-11,1.04779335259139e-09,3.35848663788992e-17,-5.10270406883378e-16,-2.03470974530499e-09,5.18049677137772e-16,2.61575383093654e-11,-2.60049739390136e-16,2.00065970293309e-16,-6.84275604475167e-17,4.7863668202686e-16,5.48043935917114e-06,-3.54664774875525e-09,-1.29933937309657e-16,-4.52487980469494e-16,-4.12907920163925e-17,-3.56721328547252e-16,3.55618312575245e-17,4.7820719781534e-16,-2.2061174010364e-16,7.02232102640976e-16,4.41079754721244e-11,-5.60463843616188e-17,7.3990867378805e-16,-2.09484531940028e-16,8.98056787279887e-16,-3.58768333767062e-18,2.85113195941877e-16,-9.65251754427476e-09,6.29678885372976e-17,-3.53243975921882e-16,6.53749991917181e-10,4.40330574048929e-17,2.6429675708934e-16,4.06895783733622e-16,3.65597425439425e-18,5.52853724917752e-10,1.05014345770521e-16,-3.80670869042834e-07,-1.0153947490333e-15,-6.41020428103334e-16,1.17231179785746e-15,9.3444039466384e-16,6.25282006799887e-16,-7.25134385329037e-16,6.65642792731534e-10,1.18811171088403e-15,-5.29333516955902e-17,8.43681368203593e-11,-8.34126674438102e-08,-2.20459384737614e-17,1.44023520597906e-08,1.95953386267447e-08,-3.10173734679921e-16,-2.48930138291379e-16,1.27203221774748e-16,3.66211759224082e-16,-1.06021782407325e-15,-3.33671362650782e-08,1.03665409115524e-16,-1.38848731354726e-15,2.07712193545927e-16,1.34053594386359e-08,7.11089034113085e-16,-6.2743106974813e-16,-4.09438639467624e-16,9.71835610955459e-16,-6.13572014961835e-09,-1.00227958841316e-16,1.81161848544662e-11,-1.58094574759814e-16,7.34331310608866e-16,2.08478211884903e-15,-9.09760650965399e-18,-9.77483625440937e-17,-2.4783244768226e-15,1.83150213225976e-16,-3.16780238394116e-10,-9.70241612709957e-16,-7.02004772674588e-17,1.33434368415129e-10,5.15310114110312e-16,4.59021045932033e-16,4.08880689930825e-16,-3.83279656278709e-16,4.5581456713028e-16,-6.51627031894058e-16,-9.73144084276912e-10,-1.03924791194744e-15,1.63782096990686e-16,2.90549381823485e-10,7.45106687145266e-17,-4.03137263922989e-16,1.97961994665161e-15,5.91289773814481e-17,3.64221114623334e-16,2.63825820062291e-15,4.95055552366319e-16,4.5820904378527e-16,-1.78975159273124e-15,-4.58124266183652e-16,-3.37209549008171e-16,-1.5393384633441e-10,5.11056385924923e-10,1.46933754311186e-15,1.45758888517508e-15,-5.69640929835953e-16,-3.23233510596946e-16,-9.09645622715338e-16,2.52938886671398e-15,-1.96292731383868e-15,1.16410769603079e-15,-4.90095384154e-10,1.10501008237068e-15,1.08215341707707e-15,1.30484389077493e-15,1.0425337856492e-16,5.73509887351566e-11,-3.56881142409359e-15,-9.14918303661827e-12,3.66902987781344e-15,1.19853918303257e-15,-1.3825004975361e-15,-1.20711437316174e-15,-3.35580467902966e-16,-3.87601370466948e-15,-3.50968864681913e-15,1.18939155807478e-15,-4.25046718355093e-15,1.05744604414704e-16,-1.09649478085277e-14,-2.94795546177017e-15,-1.5474474968672e-14,-6.71241299318694e-15,-3.55487571207313e-14,1.11320559404203e-14,1.94938031428187e-15,-0.707106781186547,-5.02149080559752e-14,-2.04978246038587e-14,4.73156670094399e-15,8.96829643462535e-15,-4.42953986249171e-16,5.7675182612616e-15,4.52219811075856e-15,4.51777249941596e-10,-1.0875821245714e-14,-5.90917724673041e-15,-5.70187975472355e-16,2.18708215510328e-15,-1.45650263086504e-15,-7.27407843570725e-16,-3.1050787997543e-15,1.02863792471309e-15,-4.77377641091758e-16,8.6741635133109e-16,4.55364912443912e-16,5.74367265471575e-16,1.06043673720372e-16,7.00434391163349e-16,1.02024340641527e-15,1.04451764738947e-15,1.84409601751822e-15,-5.34025338240334e-08,1.76855386391249e-15,-5.86541628627585e-17,2.08562880972946e-18,3.12268201669671e-16,2.72117638507676e-16,-1.9109256157366e-15,-4.43215689334698e-16,5.49685348207391e-17,-2.35351944782613e-16,1.37009952459979e-10,8.45343715283816e-16,2.81972201421245e-17,-4.96851081151043e-16,2.06739403334958e-16,4.81526368399853e-16,-7.9444847312364e-16,-1.34209417715309e-16,-2.31557735483977e-15,-5.5320678204594e-17,2.27962542899897e-15,-6.14719283009687e-16,1.16984715478668e-16,-1.60667559506429e-16,6.46881743842604e-09,-3.01071153272456e-16,4.84414167044167e-16,4.54366245801527e-17,-9.32630708772031e-16,-1.93391977108489e-10,-1.74961974516369e-16,-1.10530353862322e-16,2.55364707882891e-16,8.54144560584091e-17,-5.81729278626102e-17,3.26647422394171e-16,1.33272887013746e-16,-5.78391934591062e-16,8.20284103460697e-17,4.61001770519592e-17,-4.42642274963162e-16,5.64600102470732e-17,-1.68617178902975e-16,-3.75578890222895e-16,2.65230633416111e-16,2.91146383870685e-16,-4.66695854325473e-16
"t808",0.0399885162945534,-0.0140225566098726,-0.015539706040747,0.00108957076878356,0.0127804259114332,-0.0531424761724222,-0.00820347351305533,-3.23617309208887e-05,0.102262298004888,-0.00656740405792337,-0.0145212594102671,0.00127011960575671,-0.00284035025375288,-0.000640863454495816,-0.0210702473249018,0.000661102336030242,0.000498342437125931,-6.81123530981691e-05,-0.0379621539058116,-0.0692801598440602,3.13922887095701e-05,-4.54272039436307e-06,0.00020594845686854,2.53316150718857e-06,-3.59172614026928e-08,5.87767996617199e-05,-0.000734663662248753,-4.22486116189238e-06,-4.1203078909357e-05,0.00106740923486747,0.000260304731329462,-0.00738241506893342,-5.45235976162541e-06,0.00827923286834964,-0.0700646366218104,0.000599983815193695,1.76416869214713e-05,-2.92904126926306e-05,-0.00325232897705135,-0.000683037445756744,-9.02831716003191e-05,0.00216228451788001,-6.65440827464275e-06,0.00044336411117117,-1.61982386223669e-05,3.67723761537119e-06,-7.53413184746489e-07,1.22937919219083e-05,-0.00307236920467074,0.00305297084229437,3.63497131416514e-06,-1.11692587758761e-06,4.36623694408856e-07,6.30912804023068e-08,-0.00243526531396947,-3.23956774677925e-05,-0.000238520334796887,2.87529226038574e-06,-2.36612717420275e-05,-2.16389729600791e-08,-7.62440572608677e-08,5.71167668189427e-06,-4.33619422453306e-06,3.43481958289922e-06,-5.32914656879842e-05,1.64509168253605e-06,-0.149151232964607,-6.75436769437832e-05,1.07270312267722e-05,-2.79295474900031e-05,-1.28794119630208e-09,2.04638124856951e-07,-7.99556984745566e-07,-6.40311020892631e-07,2.75513797286327e-07,3.00584642452138e-06,-2.65738507876855e-06,4.49167257802375e-07,-0.000167418862814263,-2.28593594568019e-05,1.74896714591974e-06,0.000142090114429584,-0.000296298914384423,-1.0229277230849e-05,0.016253964150368,4.31234084539414e-05,-7.3316437507639e-05,-0.0686035927357012,1.02163875786079e-05,-0.000112185942507356,0.000324513548193968,-2.42433396925243e-08,-1.54098796792924e-05,8.47805853445914e-06,8.66294195803575e-07,9.04974635344019e-07,1.05764855053989e-07,-3.87153995782253e-07,3.4701907203199e-06,-0.000346009498036973,3.27313770603928e-06,-2.04653331037445e-08,4.05056018993649e-06,-7.86717570360307e-07,7.32274637708926e-07,-1.75741032189358e-08,3.2713962586141e-06,-3.69292423088786e-09,3.17586304634453e-06,-4.67317831458723e-10,-1.0800365310902e-08,3.47171317404331e-08,-1.27652300781142e-08,5.51380539812601e-08,-6.57535281925764e-08,9.42754786139269e-08,-1.12852754556602e-05,1.42208062466701e-05,-2.43939605822488e-06,9.46920936849571e-07,-5.66003943020331e-07,1.35244999142541e-06,-0.000157502700167826,1.23957698250207e-05,7.07678960811041e-08,-2.17202876042765e-06,2.2761259461327e-07,-5.90511851752011e-06,6.67726649323575e-06,0.000232815500047777,1.74668832128127e-06,-7.38105296611131e-06,6.05629702372666e-07,4.04544722332803e-05,-1.79120424539585e-08,1.19940646695337e-05,-0.000470993508423111,-1.97690639898194e-06,0.00504241504899804,0.00124000943281217,0.000209796647210624,3.09060327799638e-06,-7.56307423488543e-06,-1.5711243616813e-07,-8.84088367133882e-10,-4.82873613898127e-06,-1.25526099267743e-06,0.000134633840299105,1.14488793497033e-05,-6.12560349458368e-06,-9.1359932961701e-06,-0.135722941777063,1.12758132663736e-05,-0.00128502437832036,6.87794075776554e-07,0.000126779298875053,-6.51741525934485e-05,2.56844623578528e-06,0.000137831927768188,1.7511191362457e-06,1.57845105061452e-06,-2.26377347980832e-07,1.60998631811284e-05,2.04698162297668e-06,-1.28689686964822e-06,8.65918665856911e-07,-0.00125144682962511,-0.261129619079764,0.00382037405693167,1.38207970503983e-06,-8.04043594987923e-07,-1.22189948296527e-07,-6.24880217716355e-10,-9.47929255006901e-07,-3.47527387764795e-08,-7.71235651682229e-08,-3.50899746789596e-09,1.90039094802281e-07,9.19326610185041e-06,1.04723323204807e-06,-4.32770150698083e-06,-1.27046318615796e-06,2.76519067580815e-07,1.1556649399659e-09,3.70740116192361e-08,1.96318869497017e-08,0.000176227262179554,-0.0208955562517835,0.00393035529666565,-1.13442355064675e-06,-1.52650829366123e-06,0.000154125720149111,1.69919364689969e-07,1.58927156171448e-11,8.49984971993897e-10,1.16153279218318e-06,9.23228221329827e-08,2.17244757551766e-09,-2.70757809885151e-06,-6.35245601941352e-08,-1.49344556052235e-07,-2.1780364870491e-07,4.33135310322568e-09,2.11731720680577e-07,8.04247220735802e-05,-4.23422898257868e-08,-6.18765748348462e-06,-1.11339959699835e-08,6.44165897989915e-07,9.12764868548174e-11,7.67508476023162e-07,2.56395702774308e-09,-2.98952436219273e-08,-2.34247097690067e-05,1.33221623367916e-08,1.70265267277826e-09,5.32586859897554e-10,4.06961521189444e-10,-1.96182329836435e-07,-1.05358760915968e-07,-5.16758366515759e-08,7.79031131044496e-08,1.80052283309564e-08,8.03459139092392e-08,-2.75208087643708e-07,-1.61238585491017e-08,-1.53706030113363e-06,-9.84808952556464e-09,-2.29431377425351e-06,-8.0610174671447e-07,4.50138357814445e-08,9.62979897053286e-09,3.02202396171135e-07,1.12423191064751e-07,-6.9622616423563e-08,-1.31210029631261e-09,-6.07548766943292e-07,1.40445698384789e-16,-6.15011022729209e-09,8.9093063790173e-08,-1.99736823323956e-08,-5.53011181800311e-08,-7.91108356481416e-07,1.09804367863936e-08,-1.74145653291684e-07,7.89736232205472e-08,-1.52967015321969e-07,0.00021312127165919,-2.14422496248978e-08,9.15405263387123e-06,-6.12145623324326e-09,6.80521697033188e-07,-6.13858643439581e-06,3.39725842302821e-09,-2.48449895747828e-10,1.30610350441282e-08,-1.57030651446097e-08,2.5198504712131e-07,7.88726840162652e-06,-1.71073958336905e-06,4.19122419936378e-07,-8.27735423360875e-06,1.06307796616634e-05,-7.44659253093513e-07,9.84880325396283e-06,-3.4482714655423e-06,5.67601168586143e-08,0.000532271877075071,2.83192169192663e-06,0.193542659159251,-1.66902476822831e-07,1.23107958495876e-05,-9.8035338160991e-07,2.64389647254657e-07,-3.89202341598438e-07,7.14454052590755e-07,-5.00709360279772e-07,3.41557640597098e-08,-5.80703255265547e-06,2.45778576893069e-08,-3.9659435031734e-06,7.47519647351822e-16,9.31964016937482e-06,9.23698067447209e-07,9.79268519965823e-12,8.6359357259148e-08,-1.32479312918794e-07,8.50038361959352e-08,2.46586136193881e-08,-6.84141187110698e-09,3.58559773904377e-07,-1.4251009527397e-05,-0.0786273322984792,-9.38354833597511e-09,4.56510763362535e-06,-9.99638406541168e-05,1.62310627911997e-07,-7.39874947397159e-07,5.47095096743028e-09,9.15801460089484e-09,1.39533330164417e-10,-2.87448024353157e-08,1.84569511218818e-08,-8.1521186154023e-11,2.44750909561163e-08,-2.48589268313588e-09,8.34708050660695e-09,5.04661684041737e-08,0.000173830011395352,-1.83526096537578e-08,3.9045495200233e-09,1.43650862590969e-08,-1.05607738956348e-09,4.05806036238948e-09,-4.08034731679444e-05,-2.48052050669992e-08,4.29676663381128e-08,7.56193611667297e-18,0.265802181683515,-6.2798772630737e-08,4.14512451251368e-09,-1.31669071025713e-05,-5.58100743771925e-10,-3.01982324510467e-06,-6.0009747406919e-07,6.80537729694735e-08,-2.26839427512652e-07,-6.46736238029108e-16,1.27240761805223e-06,1.03858861027674e-10,0.000375169485174473,1.84224420637793e-09,-1.77841060627367e-08,1.28764680352094e-06,1.6009245637228e-07,-3.88296754275325e-08,3.08450789961227e-09,-1.52609073680826e-07,4.08691339533398e-10,3.48243494586732e-08,4.30316984245892e-11,5.76228555973154e-12,2.81936482294129e-07,-3.5365775717247e-10,6.33908286579079e-08,1.01179158510148e-15,2.27884192443685e-10,6.99045443926238e-12,2.0991098751195e-13,2.15627768480929e-11,-3.7820992761782e-08,-6.24379079331853e-07,4.2027976810506e-09,-1.7119499592486e-08,-1.72111957797938e-08,1.42430304210062e-17,-0.000176291884005468,2.51238854028383e-09,1.38110691705159e-07,-4.2027021069743e-16,-6.95549580631074e-09,-5.69191110411527e-10,6.48176266223405e-11,9.39765128506005e-09,-4.58355569806759e-08,-5.13126858477282e-09,-2.27558549133733e-09,1.17789468473982e-08,8.90826004225829e-10,6.03922318764136e-11,1.79842208906727e-08,5.5081726428459e-10,-3.43900621759391e-16,-2.98523043175028e-10,1.15157116174646e-08,5.39911065174956e-09,-3.78950969658256e-08,6.47778996041966e-17,-9.39669638193611e-10,2.08328133498477e-10,-2.61978053059571e-08,-4.0986768883775e-10,-1.51216362381152e-05,1.25700108744623e-09,-1.91647903888099e-08,1.26335317740309e-07,-2.00313583184307e-16,5.28581116671251e-07,-2.53637886290636e-09,7.55134263904494e-09,8.39771509835313e-07,-1.10672222737897e-09,-1.41186471093289e-09,-1.59594559789866e-16,5.35433174109865e-16,-1.3735511568046e-09,-1.66223171834431e-09,2.20658320180138e-10,-2.37674837637442e-06,1.76512099563481e-16,-1.30214422700968e-07,-1.60042145045421e-09,4.50258768366253e-16,-2.17102281632506e-16,2.466219912018e-16,3.60346019489524e-06,1.03925101710217e-08,-1.2318496117794e-08,3.96015326239029e-07,5.66102504750343e-08,1.11720186811226e-08,-4.88475183150731e-09,5.06077745758283e-16,-1.24304604155436e-09,3.71622556659764e-09,6.89943751176645e-16,2.43346251176466e-15,-3.30600905220366e-09,-5.60291956793474e-07,-2.89436826633565e-09,9.59491796649087e-07,2.10670187013837e-08,-0.0172231766013444,-1.30303763452225e-15,1.92559233514666e-07,1.69924180641224e-15,1.24626212826102e-06,3.26767692765406e-15,1.50623176587465e-09,-3.29053686699566e-16,-2.51626573454844e-09,-5.31520398366133e-10,2.09832912021518e-08,3.70010490343356e-08,1.77360930195132e-09,-2.67857339534107e-10,2.02266314501802e-09,1.67374939602023e-09,4.54976571545615e-06,1.72807304388574e-08,1.17101865326547e-09,-3.96797165371166e-09,-7.79348406455716e-06,-7.58367243214611e-08,-2.62249144480849e-09,6.20756865716623e-16,3.08400174935073e-08,-6.90012164768044e-09,1.66568745167793e-08,5.0121453509418e-15,0.140470528960621,-6.17127423502672e-07,-1.41713836519192e-07,4.58218901332228e-16,3.02274644602368e-08,0.000122301982247764,-6.41618749760683e-15,1.18000600852586e-08,-2.67002773398231e-08,8.95600276206269e-15,9.95692668258503e-14,4.99773214508567e-09,0.00243477754026399,0.47187143759451,-1.45215000103123e-05,2.15735897920253e-08,5.12927096498014e-10,4.5465846063714e-08,8.91608151327104e-10,-5.08036937916369e-09,-9.41662112868835e-15,4.22774961757052e-13,2.44304484261751e-10,6.80326024438047e-06,-6.80701836528688e-10,-1.2229295415834e-15,-1.62428298269826e-16,-3.51538945943973e-10,1.14350433693606e-15,-5.95166817743106e-16,1.74857419901629e-10,-3.56599883615571e-10,-6.71682336716248e-11,-6.20993332227832e-10,2.99193240916665e-09,7.90313014572503e-10,1.08244743598815e-09,-2.70552994612267e-18,9.82101887509946e-09,1.2004314550839e-06,2.34330040318129e-09,-2.52461802593525e-10,1.19744045702396e-09,-1.59658565865116e-15,-2.56807502830177e-16,-5.28920677567527e-16,-3.82933282589447e-07,-6.64114640330654e-11,-4.32848502138501e-09,5.68345986281925e-16,-5.46018244081667e-11,-1.88318957806524e-15,9.00178849562604e-16,1.1209011673219e-08,-2.81320187325199e-09,1.49186218934005e-16,-2.4281161256484e-08,-3.35620070977296e-10,7.73980852514971e-16,7.9589318456003e-10,5.78683185142301e-16,3.1107994336643e-08,-9.08486552517787e-16,3.11660435171483e-08,2.57958882981215e-09,9.37978121911177e-11,9.31217324668517e-09,6.4684300146901e-08,-3.21384500826319e-10,1.04219786141612e-08,-1.30659616604824e-16,6.55172170505245e-09,-3.72088136688077e-10,3.8891520388124e-16,-4.94197831130226e-11,-1.02180154984816e-09,2.4044504433084e-10,9.47627789741946e-17,8.03715929639742e-10,1.07133704140839e-09,1.6677878117539e-16,-3.00311415245222e-08,-2.2907871643959e-08,-3.1841849893117e-11,-1.04300123234135e-15,1.30336636394768e-16,5.92857333599732e-10,1.92775821636874e-08,1.56473318070533e-09,-2.57632055068925e-10,1.23671774919141e-08,-7.0708684330127e-17,-4.3762090386236e-16,4.54771627206398e-08,1.36948269875038e-10,-1.3293929397386e-15,1.11414183519585e-07,1.61191468575711e-17,5.60744575527738e-10,-1.07821179701242e-08,-2.65658486459346e-05,-7.5283521978732e-07,-5.24342883106561e-17,-1.2191359538908e-16,6.52487846688386e-16,5.56514334297048e-17,-6.71642768205155e-11,-2.33677548859867e-10,9.95047620139397e-17,-5.19662981942914e-19,-4.06519333472671e-16,3.3239607957849e-10,3.00082768478368e-12,-1.67163611821784e-10,1.83457341681008e-16,6.51605505663788e-16,-1.16768573976689e-16,-7.45040700551948e-09,2.28277686488841e-10,2.92073552739477e-16,4.06380917486043e-11,-1.06933998803949e-09,-4.03234974552303e-16,1.01205959942422e-16,-7.78382853906974e-08,-7.67388498563518e-12,-3.89135626046847e-08,-2.1765255604107e-16,4.27426486601747e-10,6.95324349412609e-09,7.54788267582115e-09,-2.86657071257612e-08,-1.70997356068965e-09,2.81358348362613e-11,-3.31042489459672e-16,1.66566976356789e-16,-3.44676588385324e-16,6.99792460259849e-10,-6.52330768546248e-10,-0.000440310159630074,-1.35609821328712e-10,-1.16838864337017e-19,6.97913036739602e-17,-2.25670975553689e-16,-2.13239281166377e-17,-7.18555622300824e-16,6.88313254384339e-10,-7.19551299604535e-17,-2.15976290960744e-18,-1.21967435060439e-08,-1.16573591489563e-16,-1.12356149279815e-08,1.32285179741625e-16,-2.79737768632625e-05,-2.94493134060455e-16,-1.62790474823237e-06,-1.99107165078556e-09,-1.76924455566034e-09,3.38174341534496e-16,6.48709857486911e-08,1.0367673545267e-16,9.9980833441815e-09,-1.6185473887813e-09,8.96384731894955e-12,-6.43869018552958e-17,4.96939976176118e-08,-2.81533045072747e-16,-3.61417375353407e-09,-1.84587944996853e-09,6.26827407445883e-16,1.38858653743245e-16,-1.87446219549682e-16,-3.99049184430997e-17,-2.82276039575713e-10,-8.41738232256637e-09,-1.88411153192461e-09,-3.42617205294881e-16,-1.38344813772926e-16,-1.95288073780377e-10,1.59382896637583e-09,2.17523331678414e-16,4.32245037058799e-16,-3.22445512375275e-09,-9.10277988382285e-17,-5.7269354700021e-07,-5.34012834075232e-16,5.77833614275821e-09,1.14390936845769e-16,5.0649436157345e-17,3.41625891553699e-16,2.08793814538754e-16,7.73092017153583e-17,2.55100385428479e-16,1.12913381103891e-10,-7.89841097595296e-10,-1.26249107679985e-16,-5.27343264018742e-10,2.22074659941136e-08,-3.14019828965477e-16,-6.24251158581199e-17,2.71752876435531e-16,1.10792098849059e-16,1.88370638538431e-07,3.30244172480434e-09,-4.25445899653484e-16,1.72187548549043e-16,-4.03465197407309e-09,-1.30365592196445e-09,-1.97596568630185e-11,-1.36115362887782e-16,-5.25257161437037e-17,-8.27024787170966e-17,3.22976236221504e-17,-1.32123119903726e-16,4.856531992357e-16,8.07242176674889e-08,-2.79860834377654e-08,-1.47294782093575e-08,-3.57933046209049e-19,-1.6517600406767e-16,5.15907878997188e-16,4.49114410243399e-17,-4.57998403830027e-16,-1.57282726946125e-16,1.85927549886189e-16,8.8213157094777e-17,2.67684229254041e-17,-1.8295916789422e-16,3.07310767135203e-16,4.26229902854683e-16,-2.89005751712528e-16,8.43128956321684e-17,8.09667280260969e-11,-5.85035542288225e-17,-1.43233135339109e-15,8.64315130679959e-17,1.17144831431571e-09,-0.000202122822633816,-1.43263780992511e-16,-2.84825383052736e-11,1.04779292307218e-09,2.55930830400063e-16,4.62549871581834e-16,-2.03470889540174e-09,-4.69257439558701e-17,2.61574251500765e-11,7.20418318753303e-18,-1.44269615829537e-16,4.98587568367409e-17,-5.73176965076991e-16,5.48043935991097e-06,-3.54664877176994e-09,-6.23679992896085e-17,2.5697294873204e-16,-2.88474425041096e-16,4.05960689711304e-16,-3.49113099540332e-17,-5.40427294179218e-17,-8.01136148587413e-17,-5.6640864308838e-16,4.41072999111274e-11,-1.81636414503643e-16,-4.31273105019005e-16,2.41249616483066e-16,-9.20024049092015e-16,3.64112119418012e-16,-5.26327214462964e-17,-9.65251721959062e-09,-2.71128658090638e-17,1.34883135773667e-16,6.53750322915718e-10,-3.13283522959038e-16,-1.55786028164977e-16,-1.71355125568221e-16,-4.40716322374045e-16,5.52853880785833e-10,-7.07374341215221e-17,-3.80670870936342e-07,9.00761400455899e-16,7.97297252800569e-16,-9.26223879274606e-16,-5.6920614055489e-18,-3.96382513565806e-16,1.05791767607343e-15,6.65642447513835e-10,9.78876645871956e-17,5.91188285915924e-16,8.43686325689704e-11,-8.34126665142003e-08,-1.36116257850608e-17,1.44023531353396e-08,1.95953393475157e-08,7.54090446288905e-17,2.59614708965847e-16,-3.98770975489008e-16,-2.00432627814066e-16,1.47761433558276e-15,-3.33671344030819e-08,-1.17754761681458e-16,1.28894995140569e-15,-3.64054682991249e-16,1.34053579986934e-08,-4.12882483775726e-16,4.43798052164335e-16,3.12975805496069e-16,-8.31979227586793e-16,-6.1357188276803e-09,-6.14493195251021e-17,1.81159683011901e-11,2.61350248161381e-16,-6.86231019934775e-16,-2.46445558657501e-15,-7.36618705807488e-18,2.93272933414378e-16,2.61923099504428e-15,-1.14549204896062e-16,-3.16780548228914e-10,8.33792303195584e-16,3.55461914078229e-16,1.33434032098258e-10,-4.77836954001499e-16,-5.08520642264794e-16,3.27192444220453e-16,3.0553751013651e-16,-4.21341092794044e-16,7.24499532867923e-16,-9.73138958874724e-10,1.3439665386882e-15,-4.38671335802266e-16,2.90550847404152e-10,-1.33385788141945e-16,4.15003623794298e-16,-2.23419053637503e-15,2.39360275989835e-16,5.41632709134198e-17,-2.92681279439791e-15,-1.99407670463886e-16,-3.4690471419936e-17,1.68197101148962e-15,4.16530235481983e-16,1.63907535465705e-16,-1.53937791419271e-10,5.11055552096007e-10,-1.4818257871808e-15,-1.42393384408428e-15,3.53562621160905e-16,4.06220344206302e-16,1.00613961606655e-15,-2.32064261336225e-15,2.37245058551665e-15,-1.04291200115406e-15,-4.90093433498643e-10,-1.11403923182347e-15,-1.07577263330616e-15,-7.88529652495906e-16,-7.04339365418476e-17,5.73486428295575e-11,3.31699624650011e-15,-9.14499790815802e-12,-3.68168524111621e-15,-9.10457696899709e-16,1.38610371366701e-15,1.49140802012662e-15,4.42013049577238e-16,3.4273942041156e-15,3.60935844211427e-15,-1.52713042934529e-15,4.22715148118846e-15,-6.95133603321612e-17,1.09843060242102e-14,3.17187991967724e-15,1.53020517145633e-14,6.71112933801103e-15,3.58647640100573e-14,-1.14072147506873e-14,-2.10046160996628e-15,0.707106781186545,5.03399831020088e-14,2.06789412066893e-14,-4.56449114616397e-15,-8.92004295540158e-15,4.70242398581057e-16,-5.61541168277361e-15,-4.47070305560802e-15,4.51775049254281e-10,1.08688491058491e-14,5.93310229740545e-15,6.43623866103604e-16,-2.88868203307861e-15,1.58617493159277e-15,7.06268121970835e-16,2.72316380668587e-15,-9.10017518899643e-16,7.40131797806251e-16,-8.97040702510963e-16,-5.09683441285436e-16,-3.95309790374182e-16,-1.57310367647976e-16,-6.87328925508059e-16,-7.23720713902218e-16,-1.17752587960658e-15,-1.989687791914e-15,-5.34025332443807e-08,-1.77633823664994e-15,4.52643443737206e-17,1.11118692835318e-16,-5.87922252998438e-16,-2.63808134228728e-16,1.98827151276063e-15,5.35944167575437e-16,-1.59569734397255e-16,2.37793677542958e-16,1.37009894234532e-10,-4.84891035192961e-16,-1.95758894271225e-16,4.85686893944653e-16,-5.34248034518806e-16,-6.31250311558748e-16,3.31182298633919e-17,1.45769840517456e-16,3.13095089048675e-15,8.04006602403839e-17,-2.46900868476884e-15,4.92753704049398e-16,-1.20786449172523e-16,1.01455996127362e-16,6.46881747845963e-09,4.21040818462655e-16,-8.30382542715034e-16,-4.41175112768243e-16,-2.02528965820292e-16,-1.93390328963545e-10,4.64377715183747e-17,1.36112077197398e-16,-2.96553130093277e-16,1.10069040922876e-16,2.11123439274785e-16,-2.1966793439814e-16,2.58310812199723e-18,3.43621891287032e-16,-3.68774887623189e-17,3.31783301847217e-17,5.30102110552712e-16,-2.34790069033114e-16,1.97888039680994e-16,3.48106354729563e-16,-3.09936936610439e-16,-1.39940687796644e-16,2.51440450301443e-16
"t117",0.039942968444484,-0.0139889096455733,-0.0155012136140945,0.00108595453330286,0.0127285035245807,-0.0528892396996171,-0.00816361574232471,-3.21920141090111e-05,0.101629123047837,-0.00651812201688861,-0.014383121741919,0.00125524605991138,-0.00280612080351921,-0.000633024009071502,-0.0208013271584507,0.000652169494974517,0.00049144892718574,-6.71531889913273e-05,-0.0374152634228699,-0.0681964166934759,3.08613980774543e-05,-4.45012200645162e-06,0.000201516989281926,2.47834572881384e-06,-3.5137003031975e-08,5.74395649508364e-05,-0.000717753222219117,-4.12674787653427e-06,-4.02207715264383e-05,0.00103740231410283,0.000252506126186873,-0.00715128163109247,-5.26946192417992e-06,0.00798848596429757,-0.0674799586084716,0.000576104385780592,1.69307531198598e-05,-2.80915363876386e-05,-0.00311831547856359,-0.000654479256789566,-8.64013486993232e-05,0.00206709218550353,-6.35714728131935e-06,0.000423534640649079,-1.54613068144194e-05,3.4994186425743e-06,-7.16315822148549e-07,1.16833390102138e-05,-0.00291621452276735,0.00289391591031528,3.43938828792546e-06,-1.05593493091298e-06,4.12730145231455e-07,5.95755492698719e-08,-0.00229475827350702,-3.05168424767449e-05,-0.00022338846983647,2.68855947798938e-06,-2.21203662501475e-05,-2.01493370134752e-08,-7.07792273675773e-08,5.29422848129588e-06,-4.01429992408023e-06,3.17884420542895e-06,-4.92053132223317e-05,1.51575962453954e-06,-0.136783025151336,-6.1811253382543e-05,9.80694639845418e-06,-2.54884056704711e-05,-1.16421266135853e-09,1.83617410127752e-07,-7.16602657567237e-07,-5.7251574890138e-07,2.46269134530683e-07,2.68401569863307e-06,-2.37188716477495e-06,4.00099085443297e-07,-0.000148443106746369,-2.0230417599605e-05,1.54285062981582e-06,0.00012525694111682,-0.000259855362747508,-8.95711483957181e-06,0.0141368594346653,3.74369844176626e-05,-6.35289339683713e-05,-0.0594270755461189,8.84912216896041e-06,-9.71525341536116e-05,0.000280825078495727,-2.08364520732848e-08,-1.32359836066041e-05,7.25100341029615e-06,7.3543107793795e-07,7.67402926545727e-07,8.96820525204089e-08,-3.27341138856549e-07,2.9309299094641e-06,-0.000291056631821263,2.74415552275786e-06,-1.71527728908797e-08,3.39379317029352e-06,-6.49191147352258e-07,6.03565867027484e-07,-1.44720869782922e-08,2.68962149757316e-06,-3.03481794911206e-09,2.60781518704561e-06,-3.83266532334899e-10,-8.85431823176634e-09,2.83947379101518e-08,-1.04375925785967e-08,4.4803984991846e-08,-5.33585235877322e-08,7.62795036868206e-08,-9.11899914106902e-06,1.14492304866943e-05,-1.95705802045404e-06,7.57660261329147e-07,-4.52188039291391e-07,1.07479798476439e-06,-0.000124738564824791,9.81587312385446e-06,5.60113864291674e-08,-1.71301976749735e-06,1.79458649576109e-07,-4.64153970899878e-06,5.20215646084903e-06,0.000181364953002366,1.35969586089905e-06,-5.7112574915133e-06,4.68064598295333e-07,3.1238615322811e-05,-1.37827518034447e-08,9.22451892555324e-06,-0.0003595175985073,-1.49978731551514e-06,0.00379324065678274,0.000932593519647139,0.000157555093279806,2.31928269010798e-06,-5.66875474258626e-06,-1.17706521027825e-07,-6.62342866344272e-10,-3.60568984275777e-06,-9.31137726566363e-07,9.91931087239043e-05,8.42072347492181e-06,-4.48843807970622e-06,-6.6922357022266e-06,-0.0992751151148249,8.24070999747978e-06,-0.000938223105923362,4.9768191043778e-07,9.16036977170474e-05,-4.70428681874136e-05,1.81039209366591e-06,9.65799322856234e-05,1.22590563691662e-06,1.0994534616251e-06,-1.57516620020028e-07,1.11293008811631e-05,1.41387687750536e-06,-8.83143192467402e-07,5.9050450399853e-07,-0.000837658255227268,-0.174671067860146,0.00255503175060456,9.21933709277025e-07,-5.34718237699054e-07,-8.12250597685877e-08,-4.12873277452029e-10,-6.25120504744541e-07,-2.28228997430069e-08,-5.05968229033961e-08,-2.30086188874037e-09,1.233939623987e-07,5.9082011558234e-06,6.71819385277782e-07,-2.77155959052021e-06,-8.09512191563194e-07,1.7584576726076e-07,7.33499131252672e-10,2.34878471912585e-08,1.23610145221484e-08,0.000110788871421922,-0.0129607446079717,0.00243675686345688,-7.00115636894188e-07,-9.30148333046208e-07,9.29056777377394e-05,1.02040745936904e-07,9.49032432251244e-12,5.05408558415822e-10,6.81867458449093e-07,5.40452261750082e-08,1.26414715369662e-09,-1.57079318906836e-06,-3.59900725281176e-08,-8.4515621513577e-08,-1.21993175941064e-07,2.40119008844572e-09,1.1444341212082e-07,4.34653161565861e-05,-2.28293027805957e-08,-3.31175023841397e-06,-5.92856895693938e-09,3.38291092664063e-07,4.71036663373245e-11,3.90415920195123e-07,1.2983746799715e-09,-1.48290880977797e-08,-1.1483870434878e-05,6.52909823819373e-09,8.26748394267593e-10,2.52448271623778e-10,1.91992944561726e-10,-9.02027585588345e-08,-4.75625860190906e-08,-2.31782199141338e-08,3.40040009799893e-08,7.80720100368372e-09,3.45841058485424e-08,-1.15788039107391e-07,-6.7519981288267e-09,-6.42913206204516e-07,-4.01351056901535e-09,-9.19970573757831e-07,-3.17308631684221e-07,1.75682431084013e-08,3.7248811383063e-09,1.15906802594167e-07,4.30146032895721e-08,-2.60396443499753e-08,-4.83662073053479e-10,-2.20382832023001e-07,-7.57309340663584e-17,-2.17872255100833e-09,3.14101037584072e-08,-6.80517777229009e-09,-1.83320159305869e-08,-2.56198106398248e-07,3.55092438425832e-09,-5.38186543712355e-08,2.4214505440996e-08,-4.67305804869518e-08,6.39622316622747e-05,-6.35707021802691e-09,2.6526822294423e-06,-1.7556463358862e-09,1.94336771304622e-07,-1.71147473838919e-06,8.4938302054118e-10,-5.95386559065075e-11,3.0159752543544e-09,-3.3242593094467e-09,5.29959048933222e-08,1.55109530819979e-06,-3.23207215474638e-07,7.4520905830986e-08,-1.44200243487383e-06,1.81184394273678e-06,-1.22997464943512e-07,1.54953747835901e-06,-5.39427921999052e-07,7.7325908183784e-09,7.22639258338632e-05,3.8298795536193e-07,0.0250991113129965,-2.12977888889434e-08,1.48924524509596e-06,-1.17379408601032e-07,2.08208840286558e-08,-2.88526373916398e-08,5.03378593794093e-08,-3.10261466810653e-08,1.88257585969527e-09,-2.29272451282166e-07,8.57474945380564e-10,-1.23888999525202e-07,-4.2319436347533e-16,1.73208328683992e-07,1.5616956688291e-08,1.12073850567598e-13,-1.45936770147541e-10,1.73454656976666e-09,-1.57704785354156e-09,-5.24368281024644e-10,3.89526980391965e-10,-2.1256774830295e-08,8.53901301306152e-07,0.0055591903918538,9.57338076070625e-10,-4.90997376246713e-07,1.113795306724e-05,-2.01734541800507e-08,1.29592894435267e-07,-1.07991864777869e-09,-1.81975014763516e-09,-2.77805508792076e-11,7.38239973387058e-09,-6.07035591608097e-09,2.76005252063087e-11,-8.63802506719376e-09,9.21582157994394e-10,-3.14075506538239e-09,-2.14066851439955e-08,-7.43835419454789e-05,7.97969382702512e-09,-1.71622833195139e-09,-6.54122394637059e-09,4.99773483832983e-10,-1.98912232015796e-09,2.03070561227282e-05,1.26656028291314e-08,-2.31565489927956e-08,3.50469695623434e-17,-0.196928797323056,4.8020961119466e-08,-3.32412193972988e-09,1.05739515426147e-05,4.48865116891903e-10,2.45741716397898e-06,4.9930462292476e-07,-5.81489604988865e-08,2.04718117811752e-07,4.46748633115516e-16,-1.30843895443121e-06,-1.08618671791862e-10,-0.000407066876581442,-2.00778853997839e-09,2.1330345380322e-08,-1.63382236509407e-06,-2.21149125632748e-07,5.71319326014123e-08,-5.29503833726666e-09,3.11690773890654e-07,-9.56550199458837e-10,-8.9137085377361e-08,-1.17148215465554e-10,-1.77592520225235e-11,-8.82230626261812e-07,1.22900358066504e-09,-2.41731239589331e-07,-8.81731525545238e-16,-5.69901806320064e-09,4.36621318093688e-10,1.2579770469834e-11,1.04655808614755e-10,-1.57757439771719e-07,-7.25842116705126e-07,3.5851536611344e-09,-1.37223017768613e-08,-1.08120695657555e-08,-8.53915431573939e-16,-8.16951876318176e-05,1.02785554079573e-09,3.20800022338563e-08,1.75449980185462e-18,-5.27716343731981e-10,-2.44861366084052e-11,1.71839941436789e-12,-6.16684139391722e-11,2.70940538321245e-09,4.9479461465498e-10,2.83222421165283e-10,-2.38206780415085e-09,-1.87947713180752e-10,-1.57013122092444e-11,-6.11171442916599e-09,-1.89329569187352e-10,3.75964722397498e-16,1.43740090277686e-10,-5.79868396207082e-09,-2.97213500554544e-09,2.34196048539907e-08,2.5318056376407e-16,7.06574472133874e-10,-1.85280600866096e-10,2.48396037855015e-08,3.99648564692575e-10,1.52273505886659e-05,-1.33917562305818e-09,2.21995590181077e-08,-1.74807836759008e-07,-6.46566189547147e-16,-8.36640901764962e-07,4.05902839042006e-09,-1.23617238053788e-08,-1.41774295224019e-06,1.87279136111609e-09,2.40970293236377e-09,3.67761376907083e-16,-2.15603691500153e-15,2.46041104634963e-09,3.10156338271053e-09,-4.13796489382914e-10,4.61873339041176e-06,5.94449765435535e-16,2.72925134504864e-07,3.46584767355941e-09,-2.44459350067378e-15,-3.1446579627864e-17,7.45095965732732e-16,-8.61881441987569e-06,-2.51668675137914e-08,3.11215549566537e-08,-1.03659901218408e-06,-1.48794287616834e-07,-3.04818657283865e-08,1.33848040430062e-08,9.91944283366524e-16,3.66934450520973e-09,-1.12580647765956e-08,-2.14520569177852e-15,5.0497676264184e-15,1.107255845473e-08,1.92200663263835e-06,1.02509175578729e-08,-3.47144926120707e-06,-7.93847871446068e-08,0.0653267499245351,1.0156262195214e-14,-7.36929125018345e-07,-3.94089838970371e-15,-4.89356544352225e-06,2.72102219228687e-15,-6.02697056375594e-09,-1.43435684195035e-15,1.03121344561848e-08,2.1887975801278e-09,-9.20740301208949e-08,-1.64556763511106e-07,-7.93221575909715e-09,1.22745002441443e-09,-9.46547537503426e-09,-8.22051755801307e-09,-2.2355418222265e-05,-8.61674764817059e-08,-5.99721039387314e-09,2.10502779753317e-08,4.25638441792951e-05,4.235654017267e-07,1.48069843291678e-08,2.12642578834707e-15,-1.79917886145715e-07,4.14768520243222e-08,-1.0748070396649e-07,-4.77255126919585e-14,-0.919556578651018,4.09271822978144e-06,9.40949697654826e-07,1.29140382120689e-15,-2.00564948965858e-07,-0.000800130109825577,8.35588056987506e-15,-7.59932312230066e-08,1.12399342830577e-07,1.94209092284561e-15,1.46850249940853e-14,-8.60568752041822e-09,-0.00344001379144613,0.139458029200733,-4.35910637842359e-05,3.00872338094149e-07,7.89472525704737e-09,8.01777499502462e-07,6.462794383121e-08,-1.57475205989759e-06,7.30307741364511e-15,3.10661852009124e-10,2.1984652177835e-07,0.0169012353740932,3.81572164411795e-06,-3.81478966094635e-13,4.23874567374724e-15,6.07490802096673e-07,4.51037898358091e-16,1.98365538602129e-15,5.89238471308214e-08,-8.51884029753231e-08,-1.59432675330049e-08,-8.61146139253238e-08,3.91341469665126e-07,1.0212206863977e-07,1.29643383137753e-07,-3.22343409841084e-16,6.40295908429567e-07,7.09681033232205e-05,1.34360580823882e-07,-1.25688836336769e-08,4.78709112555972e-08,-1.34774920202142e-16,9.96032922352327e-16,-4.01585016517798e-15,-1.18769438994503e-05,-1.87651870845062e-09,-1.21482187204295e-07,-3.48301535789953e-16,-1.41179148161945e-09,1.13309771406017e-15,6.00856176912696e-16,2.154536515082e-07,-5.39014000069323e-08,-1.58293517182884e-16,-4.37964710543401e-07,-5.85448925727058e-09,-9.4428100132459e-16,1.30110607862494e-08,-3.04011917512048e-16,4.72970304352852e-07,-6.59244071976798e-17,4.70904633217872e-07,3.8789532542478e-08,1.40285816882124e-09,1.38237434659363e-07,9.44434305211974e-07,-4.42047329882005e-09,1.32701054948972e-07,-6.2440526051486e-17,7.64358423226351e-08,-4.30280924949779e-09,1.13282758762903e-16,-5.6488708856671e-10,-1.14394477181698e-08,2.64306320113035e-09,1.47317638040828e-16,8.32375084336568e-09,1.09705345135789e-08,-1.31095248853932e-16,-3.02999899001146e-07,-2.2946954433006e-07,-3.10704627266097e-10,-1.28212204637607e-16,-4.98263197139542e-16,5.45386106717307e-09,1.7315407229693e-07,1.39871872409385e-08,-2.09208753826884e-09,9.89726306891357e-08,-6.22581902261883e-16,4.44404636544978e-16,3.6035845563334e-07,1.08381654551448e-09,-2.02097047730522e-15,8.67390247711879e-07,7.68557608545818e-17,4.29826876909363e-09,-8.09459316702993e-08,-0.000199150644541725,-5.61154123246329e-06,-1.07043171962042e-16,4.91009087453254e-16,-1.29827431695874e-16,-3.9615190039e-16,-4.76474581040644e-10,-1.65123746629668e-09,-2.09666270117864e-16,4.26532462036073e-16,4.99656020284936e-16,2.31611633551557e-09,2.07808679928439e-11,-1.13939027359895e-09,1.38217827726958e-16,1.38672168366327e-15,-5.71049284248115e-16,-4.82032455504644e-08,1.47437286895198e-09,-2.9115362302027e-16,2.57439966228105e-10,-6.72242118324804e-09,-1.67293173265502e-16,-7.37176740536278e-16,-4.80707003536617e-07,-4.73207394546393e-11,-2.37536011771018e-07,-2.11669022265015e-16,2.56558535340765e-09,4.13577997298322e-08,4.43363869626273e-08,-1.65584557341528e-07,-9.83379507420416e-09,1.60480652534446e-10,-2.7449852871993e-16,-9.5416733851395e-17,-9.37983529915578e-16,3.81501641876199e-09,-3.55388510860428e-09,-0.00238550606365255,-7.14817389910155e-10,-3.03820444148517e-16,-2.68857649988906e-16,-1.34464808787286e-16,-1.52397611251904e-16,-2.59543098578957e-16,3.52920991224818e-09,3.27681490367092e-16,-4.47065826903686e-16,-6.18803277128217e-08,4.98198520482846e-16,-5.69721931049344e-08,7.3699307555414e-17,-0.000141712816766096,-1.60251209612577e-16,-8.10036748931287e-06,-9.86593243646029e-09,-8.71105116376146e-09,-4.60142318123823e-17,3.16926120093742e-07,-5.88605871737441e-17,4.80343689841506e-08,-7.61266332304327e-09,4.21217107334425e-11,5.50501434892515e-16,2.31563345743505e-07,-3.80365515726348e-16,-1.6622090783855e-08,-8.48405851559289e-09,-2.68249513768815e-16,2.12705716094118e-16,5.62348452105904e-16,9.83597003860414e-17,-1.28369774656041e-09,-3.81732207243525e-08,-8.51710663964772e-09,8.29259287199671e-17,2.06658984753987e-16,-8.6949859631764e-10,7.09162048008471e-09,-1.93228339721344e-16,2.01689594079329e-16,-1.40848826831634e-08,-2.86618511812502e-17,-2.49194364225314e-06,6.63756545760812e-16,2.48659245589383e-08,3.18020619114436e-16,8.77337713920108e-16,2.76588053301727e-16,3.03523560529003e-16,1.54269961644757e-17,-3.52923040727136e-16,4.75353432761169e-10,-3.32421023882706e-09,7.27362275051031e-17,-2.20288003483307e-09,9.24802336233839e-08,4.21410363297218e-16,-3.09123927181869e-16,1.92854492818443e-17,5.87329739515597e-17,7.74152115260709e-07,1.35308967337729e-08,1.04276861614385e-16,-1.09093436381121e-17,-1.64752590840147e-08,-5.32107174915398e-09,-8.05310628880039e-11,1.16969893270758e-16,-6.39822314450598e-17,2.62011319010681e-16,-2.28211756065446e-16,2.81581579983785e-17,-1.40313859815809e-16,3.21357456236628e-07,-1.11170659640811e-07,-5.83859638659139e-08,6.81047543881034e-17,7.22967801116132e-17,9.31360911897111e-17,-8.79322952454349e-17,3.24655631236331e-17,4.35549902818511e-16,2.28356965050213e-16,1.71501228125534e-16,4.54075465018724e-17,2.39130425899085e-16,-4.75988110678045e-16,1.10976795383497e-16,2.93789448296709e-16,1.93953538522367e-17,3.09921103241986e-10,1.3830178259535e-16,1.37465162113986e-15,2.01667979718811e-16,4.46390382426869e-09,-0.000769410977593318,-3.87652452980603e-17,-1.08353002234711e-10,3.96429127820305e-09,4.24969189488762e-17,-2.23493824365845e-17,-7.64649420660828e-09,-2.12660259558575e-16,9.75008797122378e-11,2.66115460387829e-16,-1.40982133413284e-16,1.72197546185496e-16,4.02924670874332e-16,2.01712888287751e-05,-1.30426951928436e-08,2.87811153088644e-16,5.92080912950914e-16,1.22333836706484e-16,2.53901528216791e-17,6.92805188218237e-17,-3.12034100455396e-16,3.3319828502137e-16,5.64061851490122e-16,1.55471185969425e-10,-7.80502598889873e-17,-1.33803541801714e-16,-1.43806398652839e-16,-4.57442864442534e-16,3.4206247848721e-16,-7.06716567241949e-17,-3.37258108536023e-08,1.8111592418792e-16,-2.27401988658531e-17,2.2805353512057e-09,-1.34876390489786e-16,2.72970815029075e-16,4.04072551306977e-17,5.38689767137721e-16,1.8931322239831e-09,8.52638206409127e-17,-1.29927577281308e-06,-7.48875703357531e-17,5.45116187669543e-17,2.51705005654622e-18,-8.50756080573957e-16,-1.90564722554647e-16,-1.62665014186888e-16,2.2569362319654e-09,6.86671801296487e-16,9.1989078697747e-17,2.84624793605145e-10,-2.81329244902439e-07,-1.65025197581274e-16,4.83668722970715e-08,6.57179151668025e-08,-4.3963382207253e-17,-1.40806810217925e-16,-2.20912777095013e-16,-1.6151976539649e-16,-6.73984738558235e-16,-1.09737431024787e-07,-2.3433521178767e-16,-1.56069367808555e-16,-5.081342551628e-17,4.38699451887284e-08,6.94022003360341e-17,-2.2716304619885e-16,2.77362168884809e-17,-8.11606298494898e-17,-1.99498310662566e-08,2.43354040704569e-16,5.87862715179815e-11,-5.85298522698881e-17,-2.94840678768889e-16,9.99847622733136e-17,3.04812635774308e-16,-1.99778126492913e-16,-7.85285183324917e-17,-9.62761064934181e-17,-1.01728117208463e-09,-3.157947322199e-17,-1.71501361985284e-16,4.27403707288687e-10,1.89409527510709e-16,7.82774444403219e-17,2.14343652285643e-16,1.28797701112423e-16,1.63364218030273e-17,-1.18603372960465e-16,-3.09230582876318e-09,1.45323946825691e-16,-4.7055311825652e-17,9.20002954552673e-10,1.4311611844368e-16,-1.51171408900814e-16,-6.89942064908795e-16,-1.27849633301526e-16,-5.68960744714127e-17,4.46411430087478e-16,-1.07695516788384e-16,-7.44225117863319e-18,3.26734071579821e-16,1.822294265998e-16,3.2461906882038e-18,-4.81172927780503e-10,1.59501401975248e-09,-3.38627767278296e-16,8.17978996449679e-17,1.39134777531e-16,2.24361173672702e-16,3.73616068638505e-16,4.32259653254258e-17,-1.85053000445505e-16,2.17667060125099e-16,-1.51748846689715e-09,-1.95253758719127e-16,6.91049515740292e-17,-2.17060655400063e-16,2.63078273159255e-16,1.76391699873751e-10,3.26954418874408e-16,-2.79251730000039e-11,2.6184263942842e-16,-2.8246817074925e-16,1.49315159147577e-16,-5.50338076100638e-17,3.91509198030197e-17,-9.40080837878526e-18,-2.21680443493627e-16,1.18878914549225e-16,-8.52308331339754e-17,-9.07193230516184e-18,-1.33308948431631e-16,5.60416472855339e-17,8.90612836316043e-17,-1.2365655436873e-16,-2.3376567130872e-16,1.70691083114137e-16,-5.78525135295203e-17,-1.42513667439785e-15,4.7047897264024e-17,-2.04695052166169e-18,1.86699614102004e-16,7.80233475362997e-17,-3.77877563024041e-16,-6.55452090990678e-16,7.95061796715148e-17,1.34295824804665e-09,2.09680262638266e-16,-8.77905465194656e-17,-9.02440269028127e-18,-2.64234812703128e-16,1.10647910468143e-16,-3.87339660891801e-17,-2.50552689237479e-16,-1.17896737779734e-17,-1.45784166601181e-16,2.08639137482049e-16,-3.69279259948563e-16,-8.50989073223629e-17,7.19431107963455e-17,7.662157856324e-17,-8.15679851014725e-17,3.64960481015638e-17,8.47074209084015e-17,-1.56015344546166e-07,1.8570992955477e-16,-2.29639511698236e-16,1.03977431501247e-16,-2.38615872624302e-17,3.01205252516607e-16,-8.49082557838554e-17,-1.78585233621533e-16,1.0540919706517e-16,-2.05251735892451e-17,3.93387197643471e-10,2.45521379332931e-16,7.53133419024078e-17,9.91843845009845e-17,2.62837550916257e-16,6.37517878847042e-16,2.05284359942323e-16,-1.5220455199259e-16,3.36525979513184e-16,-8.72769988293722e-17,5.37416148872257e-16,-3.40014776485223e-17,-1.57442589897116e-16,1.81391392233275e-16,1.82621191062279e-08,-3.77726694800321e-17,2.07138924660653e-17,-1.71422419347669e-16,-8.47629258449167e-16,-5.41772798072036e-10,4.76829219486627e-17,2.17789284414228e-17,-1.46789068069226e-16,7.67685735223749e-17,1.19991838924468e-18,-7.23984782808177e-17,2.54258124613562e-16,-5.69626769190848e-17,5.44547564589365e-17,-1.48432498715263e-16,-5.33293839616238e-17,1.81244552974605e-16,1.1897011723786e-17,-2.54063498545895e-16,2.34579309669191e-16,-5.06574558564354e-17,-2.54204908850348e-16
"t614",0.0399635534120121,-0.0140041050674433,-0.0155185965344283,0.00108758680748069,0.0127519298631595,-0.0530034484842168,-0.00818159048895576,-3.22685345809211e-05,0.101914446879119,-0.00654031277290529,-0.0144452498004171,0.00126192692887227,-0.00282149285342044,-0.000636544239375532,-0.0209220457716264,0.000656177699105878,0.000494541492670808,-6.75834261424451e-05,-0.0376605268115645,-0.068682088688677,3.10991353895998e-05,-4.49150334763376e-06,0.000203496039510317,2.50282414985571e-06,-3.54854161261405e-08,5.80363234333026e-05,-0.000725298529672751,-4.17051992873012e-06,-4.06588549090403e-05,0.00105075050618389,0.000255971389877488,-0.00725390105479962,-5.35055605522692e-06,0.00811727609773749,-0.0686236451063056,0.000586652018209895,1.72446796925071e-05,-2.86207189918421e-05,-0.00317745894616126,-0.000667078025608205,-8.8112615570891e-05,0.00210903041087703,-6.48805741378335e-06,0.00043226701023885,-1.57856783187999e-05,3.57755023643793e-06,-7.32607076748229e-07,1.19513494393738e-05,-0.00298472223055652,0.00296364084850047,3.52503494431187e-06,-1.08262980214801e-06,4.23187246225165e-07,6.11132599422082e-08,-0.00235613738533956,-3.1337438678397e-05,-0.000229974796728062,2.76975978900646e-06,-2.27903490299565e-05,-2.07954975997755e-08,-7.31454161124099e-08,5.47481359440283e-06,-4.15344638024401e-06,3.28947502748175e-06,-5.09688708817313e-05,1.57150844019731e-06,-0.142099450457963,-6.42721810885864e-05,1.02017050406531e-05,-2.65346469176631e-05,-1.21693790786517e-09,1.92535256603784e-07,-7.51770870682649e-07,-6.01216017163569e-07,2.58647251136671e-07,2.82014886279278e-06,-2.4926215860734e-06,4.20824090578857e-07,-0.00015643551307713,-2.1336440512331e-05,1.6293961989029e-06,0.000132321949807214,-0.000275103034723301,-9.48886916471901e-06,0.015018148241746,3.98013853697114e-05,-6.7593855821749e-05,-0.0632375292142359,9.41683713997279e-06,-0.00010339392641273,0.00029895512343882,-2.22443203969427e-08,-1.4133978757017e-05,7.7565429090218e-06,7.89098931659791e-07,8.2378264034785e-07,9.62729003509183e-08,-3.5180926982945e-07,3.1513832720532e-06,-0.000313465158769355,2.9594163223972e-06,-1.85005169277783e-08,3.6609489172177e-06,-7.04603337137273e-07,6.55387596467816e-07,-1.57203368443846e-08,2.92349070025385e-06,-3.29929701524164e-09,2.83598706883616e-06,-4.17002132260466e-10,-9.63521162775869e-09,3.09279809124271e-08,-1.13700599210602e-08,4.89276597834467e-08,-5.83004177310041e-08,8.34412083412069e-08,-9.98037349774961e-06,1.25487504096462e-05,-2.14798079555233e-06,8.32447949535044e-07,-4.97119727098692e-07,1.18404046410562e-06,-0.000137601444699342,1.08286301827714e-05,6.1802328872731e-08,-1.8927420075909e-06,1.98309471687724e-07,-5.13522212183701e-06,5.77522116939924e-06,0.000201351671615779,1.50995873584533e-06,-6.3571089193586e-06,5.21232092004261e-07,3.47984770582815e-05,-1.5374167658676e-08,1.02915548370422e-05,-0.000402257844280236,-1.68199138037601e-06,0.00426766636203267,0.00104932917355251,0.000177374047257188,2.61175774209913e-06,-6.38649532462765e-06,-1.32632600116488e-07,-7.46334666075786e-10,-4.06795476466874e-06,-1.05311498844048e-06,0.000112471216350548,9.55397256410359e-06,-5.09960786891951e-06,-7.60433337436504e-06,-0.112865803958359,9.37180612022865e-06,-0.00106738335012885,5.68067591347941e-07,0.000104614386810654,-5.37446796736056e-05,2.08620146193811e-06,0.000111529883120728,1.4161299079561e-06,1.27235257702993e-06,-1.82355256554823e-07,1.29143469463906e-05,1.64111722364229e-06,-1.02743250647998e-06,6.88510775922051e-07,-0.000983056837264417,-0.205037417043085,0.00299939896971387,1.0832449229093e-06,-6.28938820862232e-07,-9.55518922974326e-08,-4.86712881127198e-10,-7.37404064182689e-07,-2.69606990164029e-08,-5.979101243361e-08,-2.71945176188822e-09,1.46330045932821e-07,7.03078416576386e-06,7.99948801023131e-07,-3.30204698186269e-06,-9.6609901887367e-07,2.09998314559708e-07,8.76523365845179e-10,2.80848382632785e-08,1.48106500879401e-08,0.000132812171885305,-0.0156062638059382,0.00293457585892833,-8.44409123928306e-07,-1.12651653252498e-06,0.000112911531137818,1.24163618976661e-07,1.15687329277712e-11,6.16928655540075e-10,8.35702754431914e-07,6.62968524930774e-08,1.55363144435449e-09,-1.93231855733259e-06,-4.45991308243397e-08,-1.04768761874533e-07,-1.51703566708976e-07,2.99528816914042e-09,1.43841954419584e-07,5.463272585826e-05,-2.87149645715964e-08,-4.17456041782782e-06,-7.48439370461956e-09,4.28788111812116e-07,6.00049142267506e-11,4.99382378430242e-07,1.6628612747565e-09,-1.91016940963703e-08,-1.48404928722119e-05,8.43821067678562e-09,1.07119880168909e-09,3.29219948196027e-10,2.50694132770021e-10,-1.18581063841687e-07,-6.28228573084342e-08,-3.0665401152168e-08,4.52979426952571e-08,1.04174083222776e-08,4.62304614378255e-08,-1.55645261695808e-07,-9.08650700249056e-09,-8.65441875458712e-07,-5.43624842002229e-09,-1.25083327749036e-06,-4.33271264252131e-07,2.40354706733067e-08,5.10642546097362e-09,1.59199530410563e-07,5.91131332894372e-08,-3.59658067203472e-08,-6.70149719998417e-10,-3.0641451965372e-07,-2.25135232505991e-16,-3.04444277012392e-09,4.39352222389791e-08,-9.58592699005034e-09,-2.59649781020506e-08,-3.64534526329287e-07,5.05386754925619e-09,-7.72601691494762e-08,3.48124016863555e-08,-6.72284354053967e-08,9.2317566367206e-05,-9.19551052663818e-09,3.85270367417092e-06,-2.55448561940409e-09,2.82974026414668e-07,-2.50236462914521e-06,1.2640058506732e-09,-8.91720682754185e-11,4.54161184939667e-09,-5.06620930972531e-09,8.08362559893875e-08,2.38631121099842e-06,-4.99673993359906e-07,1.16022491852264e-07,-2.25019483472448e-06,2.83411494565816e-06,-1.93040110943508e-07,2.44414396526527e-06,-8.51348800345271e-07,1.23631827646966e-08,0.00011557334762992,6.12728837670524e-07,0.0402993963358036,-3.42418564537422e-08,2.40466043113496e-06,-1.89682876327256e-07,3.45586328126361e-08,-4.80355818274821e-08,8.40087943489201e-08,-5.20707795750302e-08,3.173863720124e-09,-3.90572940039218e-07,1.46521872821002e-09,-2.12213396473511e-07,-9.76127076725479e-16,2.99219192360553e-07,2.70088693720411e-08,1.94478775199993e-13,-2.55574208413981e-10,3.06116969284011e-09,-2.7935410747177e-09,-9.30565377490219e-10,7.08325425716241e-10,-3.87162559986364e-08,1.55594121597931e-06,0.0102051978161145,1.79594553337482e-09,-9.24652052305756e-07,2.10316763631893e-05,-3.84370446770362e-08,2.55908473657243e-07,-2.16639457501638e-09,-3.65395791323816e-09,-5.57970820027308e-11,1.54512528996203e-08,-1.3381376069206e-08,6.12682048910801e-11,-1.93749035415716e-08,2.09383681710996e-09,-7.16445592062998e-09,-5.05509845421346e-08,-0.00017612719351202,1.89886660550588e-08,-4.09798201462006e-09,-1.57979912832056e-08,1.22265230415522e-09,-4.92572402403881e-09,5.05585420869025e-05,3.18265840400097e-08,-5.93759535773842e-08,2.25817386399093e-16,-0.580459947680391,1.43782689249834e-07,-1.01964993249985e-08,3.24584574280595e-05,1.37892593074554e-09,7.59522710549574e-06,1.56122111951334e-06,-1.84392617275148e-07,6.68564366608042e-07,1.60226903455869e-15,-4.59476902422847e-06,-3.85090473410666e-10,-0.00147369588035165,-7.28720144809979e-09,8.17663954804652e-08,-6.4665313208606e-06,-9.1801790992181e-07,2.45516737127117e-07,-2.46661460494991e-08,1.57655703221531e-06,-5.12414039072721e-09,-4.94127085683447e-07,-6.63865003071238e-10,-1.04808721163724e-10,-5.23112109090085e-06,7.51128121460222e-09,-1.51372535396951e-06,-1.06976805237623e-15,-4.39269478291683e-08,3.53878845497924e-09,1.02012743723343e-10,9.96954248733929e-10,-1.54411321341952e-06,-1.08264899004283e-05,6.31616130586484e-08,-2.507877338529e-07,-2.30394823968589e-07,6.61707529233794e-17,-0.00215260685314152,2.97202196030426e-08,1.46613395609139e-06,2.93649190533127e-16,-6.66659100686917e-08,-5.33571619250363e-09,6.00826453580469e-10,8.51540375737907e-08,-4.00412136026282e-07,-4.36623324748688e-08,-1.898106889593e-08,9.29036653854365e-08,6.98169551994384e-09,4.56709907793802e-10,1.28251404635154e-07,3.9168248964927e-09,1.29833786256867e-16,-1.91789013376792e-09,7.27991987212269e-08,3.29845657385141e-08,-2.20537407774059e-07,-3.75461864970016e-16,-4.98223258303814e-09,1.00995470764687e-09,-1.22504398630686e-07,-1.88610424527968e-09,-6.83021760141555e-05,5.49382398196829e-09,-7.97260629321706e-08,4.73349424489626e-07,2.2377030521551e-16,1.83446718428188e-06,-8.74899403824955e-09,2.57239601403282e-08,2.81306440316036e-06,-3.7026112119947e-09,-4.7016990515842e-09,-3.57353036051222e-16,1.83491562343361e-16,-4.45786222639932e-09,-5.28127840932087e-09,6.99274898978685e-10,-7.39654179482814e-06,1.13923811823186e-16,-3.90367920864981e-07,-4.72329783951962e-09,1.26261086483867e-16,4.54415756661669e-17,-3.71821918242507e-17,1.01575267708885e-05,2.91324919268799e-08,-3.38915909094692e-08,1.07295988403281e-06,1.53108218014334e-07,2.97408891887853e-08,-1.29802582928932e-08,-3.75261788764203e-16,-3.20309371957386e-09,9.47593948888646e-09,2.35218834225545e-16,-1.44453919510981e-15,-8.09994785227025e-09,-1.35989657051816e-06,-6.93755534893189e-09,2.28067714435147e-06,4.9281796074228e-08,-0.0401861122788373,-5.22790869819295e-15,4.4770730521161e-07,2.75873672879197e-15,2.86825306185171e-06,3.13876528934554e-17,3.44057361526943e-09,6.00220496088088e-16,-5.69264384156572e-09,-1.20012452520781e-09,4.61497103386362e-08,8.09138560630216e-08,3.86920225823104e-09,-5.78183429300434e-10,4.32519242599294e-09,3.49902981739316e-09,9.50947803171295e-06,3.58581469834193e-08,2.3969526934766e-09,-7.96718135218897e-09,-1.53811090053691e-05,-1.47536928615076e-07,-5.06452703260328e-09,-6.78478959329137e-16,5.8132139313151e-08,-1.26753436549327e-08,2.78933157570723e-08,1.15882408743608e-14,0.227181093319544,-9.36927415153158e-07,-2.0834901102629e-07,-1.44026956308214e-16,4.36462900552046e-08,0.000162309308996141,-2.52916036510478e-15,1.48779309028878e-08,-1.75014775456393e-08,-1.4086714971235e-16,-2.78237356150645e-15,1.21412511062251e-09,0.000480907406178275,-0.0186637934143292,5.53344094871305e-06,-3.36377031432975e-08,-8.72528165395399e-10,-8.71664535371885e-08,-5.79163460889068e-09,1.17672494502124e-07,-1.24097780662691e-15,-2.15131059687512e-11,-1.50189869570632e-08,-0.00109960107438634,-2.3345521641972e-07,2.24306336080139e-14,-6.70931012996906e-16,-3.3980546896746e-08,5.73491594461988e-17,-1.31411917822518e-16,-1.44820515966472e-09,1.6547121360185e-09,3.079717109262e-10,7.15268114154728e-10,-2.67706750847951e-09,-6.66658930938435e-10,-5.85371187125192e-10,1.33076505525251e-16,1.03878901104812e-08,1.45492323937836e-06,2.94283039644602e-09,-3.62036844026326e-10,1.96661806267114e-09,-2.13997167190593e-16,-2.86502202350558e-16,9.81938971616234e-16,-6.89876066486544e-07,-1.22360984700676e-10,-7.98653513356426e-09,3.32085264726435e-16,-1.02327725817458e-10,1.66846844222087e-16,-1.65250031183589e-16,2.17088555010311e-08,-5.44945392815732e-09,2.03396327558281e-16,-4.71773610029261e-08,-6.5290423719616e-10,1.8559467999099e-16,1.55073535968131e-09,-2.58418057596083e-17,6.0644356589637e-08,5.09673374860052e-18,6.07569182436608e-08,5.0287360411025e-09,1.82849380918982e-10,1.81523358379951e-08,1.26073232483007e-07,-6.25797060981211e-10,2.02468441666346e-08,9.11940368894176e-17,1.26777208047077e-08,-7.19655546027623e-10,-8.16511696833472e-17,-9.55212329731952e-11,-1.97258629551081e-09,4.63653455629738e-10,-2.83165820283662e-16,1.54352243543382e-09,2.05575570480605e-09,9.80026586950193e-17,-5.7560834975226e-08,-4.38829468026487e-08,-6.08683284408212e-11,-4.80609395747747e-16,5.45942562918724e-16,1.12747824732545e-09,3.65795588428938e-08,2.96773849263909e-09,-4.83805829196009e-10,2.31864903614627e-08,2.29586926272476e-16,2.17185508700588e-18,8.5166660881634e-08,2.5643112330547e-10,1.25380900661074e-15,2.0822430226176e-07,3.31539925992803e-17,1.04606929043363e-09,-2.00636595134584e-08,-4.94256573236614e-05,-1.39966754121704e-06,1.27342545540711e-16,-9.03000177091051e-17,-2.15592291429382e-16,2.51866773800181e-16,-1.24092605306188e-10,-4.31516662739275e-10,5.60878599854871e-16,-1.10532941389753e-16,2.61078460350894e-16,6.12678098236521e-10,5.52583153445665e-12,-3.07205194965345e-10,-2.37540134868082e-17,5.81457625103976e-16,3.22441726097189e-16,-1.35925136707946e-08,4.16365077903386e-10,-3.95418939761049e-17,7.39140004311516e-11,-1.94273587250496e-09,-8.88848509877594e-17,2.59671852628912e-16,-1.41038623334451e-07,-1.39004337337748e-11,-7.03848824843878e-08,2.10072298926039e-16,7.71111518267669e-10,1.25264731523298e-08,1.35710192231901e-08,-5.14032250248173e-08,-3.06413001835076e-09,5.03511214424718e-11,-1.42629229367358e-16,2.27148091115173e-16,-5.83297942404714e-17,1.24294469848752e-09,-1.15851318595917e-09,-0.000781235248668201,-2.39475168468602e-10,2.8755629818882e-16,-5.29461083230296e-16,-8.41695400546808e-17,-1.44708717161335e-16,-5.39583387143728e-16,1.2095751666671e-09,-3.19659586988961e-16,3.61988883019001e-16,-2.13927927216483e-08,2.17730724064039e-16,-1.97050084417593e-08,-1.16321774736042e-16,-4.90520532548317e-05,4.53891339054842e-19,-2.8452347835497e-06,-3.4772877648374e-09,-3.08624460508756e-09,-5.5696769426469e-17,1.12996769942102e-07,-1.09160181815351e-16,1.73606972892919e-08,-2.79908609896015e-09,1.54991322729728e-11,-9.58479210219292e-16,8.57853589004924e-08,-4.84526715293426e-16,-6.22312719137927e-09,-3.17796387992955e-09,8.81571194540693e-17,1.61805561154515e-16,-1.25868794151647e-15,8.59646844028922e-17,-4.8496554535178e-10,-1.44535511739649e-08,-3.23315666274352e-09,-3.9311029512686e-16,-2.35477991833285e-16,-3.34099776864179e-10,2.72636442501945e-09,-4.73212172288956e-16,-1.69341264007186e-16,-5.49506216713077e-09,4.3392377471482e-17,-9.75201275843668e-07,-4.86475111615741e-16,9.81708006585787e-09,2.19671595167315e-17,3.80720711304663e-16,1.47462112180769e-16,-9.31061845310119e-18,-3.35178775968359e-16,2.64471781441336e-17,1.9095511907351e-10,-1.33567908190092e-09,-6.51030301486697e-17,-8.9036396182011e-10,3.74703331701626e-08,-4.4171733723385e-16,-1.80153967567192e-16,-1.32146678400031e-16,8.46700573797374e-16,3.16938776746695e-07,5.55281169572897e-09,-2.81750497811279e-17,-8.60948738830862e-17,-6.77903280140066e-09,-2.19019881648896e-09,-3.31850513699443e-11,3.55671991397081e-17,2.06262122778417e-16,1.6624919316564e-16,4.20346651924678e-16,-3.33146633275878e-16,-2.76164417520013e-16,1.34882661574976e-07,-4.67399043574502e-08,-2.45882834729742e-08,-6.50202995606107e-16,-4.50838538941829e-16,-1.10466043014664e-16,-3.35338627994799e-16,1.60288682652663e-16,3.93963839474901e-17,-4.44062512899858e-16,2.3470622949426e-16,1.47249796824179e-16,2.95252337746977e-16,-4.55882028771877e-16,-9.2994926667475e-17,-7.84140214007341e-18,1.0059533578652e-15,1.34105729973878e-10,2.08175361547707e-16,-6.09192897608876e-16,4.084590233002e-17,1.93827775411462e-09,-0.000334353453562003,-1.22483107440886e-16,-4.71069472025419e-11,1.73084749557433e-09,2.8668397319988e-16,-5.56891158626006e-16,-3.35592046708072e-09,-2.72860886483461e-16,4.30607192594354e-11,-4.48554248769813e-16,-7.66905216299228e-16,-3.6031436117646e-16,-1.60781106112468e-15,8.99544089854795e-06,-5.82020972409597e-09,6.59558751365393e-16,-2.94148475846382e-16,1.64707231455947e-16,7.01838823626999e-16,4.79217360238593e-16,-2.10070483877746e-15,-4.96646851690508e-16,2.01859657049882e-15,7.16531990669461e-11,-2.23801333274438e-15,5.79731066220336e-16,-9.90728472647051e-16,1.18919330316361e-15,6.07750442957282e-16,-9.4090346595407e-16,-1.56474515890024e-08,-2.38887078760491e-16,-9.65013165802484e-16,1.05936337831086e-09,-2.20185226144784e-15,-2.07412274628678e-15,1.66954665702699e-15,-1.34736540448186e-15,8.91789100746972e-10,-1.70682143895999e-15,-6.13548713257747e-07,2.32578287406795e-15,-1.36394754848817e-15,3.87120607613417e-15,-2.10803969495198e-15,-9.35427298610386e-16,4.4912770614486e-15,1.071089111803e-09,-5.64423697863652e-15,-2.23825800876598e-15,1.35586269821421e-10,-1.34042278062469e-07,-3.94272800992265e-15,2.31192712868046e-08,3.1444649792522e-08,-2.66293911976961e-15,7.91206048609789e-16,2.00434375393245e-15,1.11614895535435e-14,0.70710678118655,-5.32792879823774e-08,-1.3446573280329e-14,-1.9268210876048e-14,5.98051064830793e-15,2.13780741049311e-08,-4.60827167360969e-15,-9.32914074679314e-15,-7.80281205389135e-16,2.43664061415913e-15,-9.76859421907234e-09,-1.41245765495397e-16,2.88286036781605e-11,-3.06376167319066e-16,2.73699447018671e-15,6.47680738487665e-15,-9.26781038347813e-16,2.9891253253149e-15,-4.04875069539029e-15,-6.30112583122277e-16,-5.027228008293e-10,2.27804570608715e-15,5.35844650065276e-15,2.11614985534169e-10,-1.50977051015613e-17,-1.27321766707043e-15,-1.37224316621765e-15,4.91124234055427e-16,-1.36974318585829e-15,1.99993797732967e-16,-1.54011211843572e-09,-1.60449496778339e-15,1.34552387925778e-15,4.59401733803981e-10,6.16956170222872e-16,1.86119203674641e-15,1.40123831148268e-15,1.66698296760107e-15,2.4073446515348e-16,-4.24996163932121e-15,-1.42979093537357e-16,2.670883649151e-16,-5.68688450652275e-16,-1.3404001028324e-15,-4.0823161157659e-16,-2.42566754745352e-10,8.04978512273985e-10,1.31771617640934e-15,1.10767813044804e-16,7.0833680149327e-16,-2.23571180910737e-16,-5.48389458843168e-16,5.78472950548892e-16,8.12203385990721e-16,-1.67015297564055e-16,-7.7032645546044e-10,9.47977863399807e-17,1.75321654891667e-16,-5.55674952422292e-16,7.36906569101476e-16,8.99796380296264e-11,-3.29929749301263e-16,-1.43230123002797e-11,9.75908786585419e-16,-4.60109148280568e-16,-3.11816056682218e-17,-5.42155077120579e-16,-2.3543072427398e-17,1.73479060521285e-16,-9.96142592032324e-16,1.45804720285413e-16,1.98305608908568e-17,-3.02358913874903e-16,6.79125048409187e-16,3.17235302354905e-16,-8.11481288597063e-16,-3.78038403848012e-16,3.79748754032492e-17,9.37895857212407e-16,1.40566734987238e-16,-1.2750297714497e-15,-4.23484668419953e-16,-4.14907910292038e-16,-4.86806775445991e-16,3.91032364786856e-17,2.47092490057349e-16,3.58440201105369e-16,-1.79236689570576e-16,7.02285538325872e-10,-1.36924297265018e-16,3.52775312954737e-16,-3.05811095027882e-17,-1.06451828543099e-16,-1.21325288219297e-16,-4.28907112456334e-16,1.7424879349996e-16,-9.3113465486034e-16,-2.18585586290498e-16,-8.38668209402226e-17,4.06575814682064e-17,-2.19974957203441e-16,-6.16685563048024e-16,6.78022805609245e-17,-2.3780780241512e-16,-5.3424780728282e-16,4.88781516843523e-16,-8.26159392136959e-08,-4.25729657607359e-16,2.03039366182625e-16,-1.17446876262929e-16,6.92924275825614e-16,-8.50362583551194e-16,9.17382683546537e-17,1.84362126860616e-17,-3.78214598198144e-16,2.36201906406445e-17,2.10929658113693e-10,7.01080505869049e-16,6.60757219704701e-17,1.61720124454887e-16,-4.52470339254316e-16,1.01675286570868e-15,1.32192225355487e-16,3.0217515393797e-17,-5.76883768063483e-16,6.20407903734358e-16,8.13048938223548e-17,3.95969726082646e-16,2.21398889979982e-16,3.91679471229959e-17,9.91112047325110e-09,3.07160077733391e-16,2.53099612544093e-16,3.94874612578458e-16,-8.45677694538693e-18,-2.95647199959299e-10,6.82461762703578e-17,-5.86553307645939e-18,4.73762323767104e-16,-1.58826752350991e-16,1.17880834254037e-16,-8.86075961173417e-17,2.93186163625501e-16,2.91126117148835e-16,-3.15833312335719e-16,1.10483155865446e-17,3.2847779927455e-16,-2.46791944681861e-16,-2.30747394535587e-17,8.2849447270183e-16,-9.74441631798044e-17,-1.62332391877931e-16,-6.34166848337974e-16
"t615",0.0399635534120121,-0.0140041050674433,-0.0155185965344283,0.00108758680748069,0.0127519298631595,-0.0530034484842168,-0.00818159048895576,-3.22685345809211e-05,0.101914446879119,-0.00654031277290529,-0.0144452498004171,0.00126192692887228,-0.00282149285342044,-0.000636544239375534,-0.0209220457716264,0.000656177699105878,0.000494541492670813,-6.75834261424501e-05,-0.0376605268115645,-0.068682088688677,3.10991353895977e-05,-4.49150334763482e-06,0.000203496039510323,2.50282414985051e-06,-3.5485416126791e-08,5.80363234333037e-05,-0.000725298529672755,-4.17051992872709e-06,-4.06588549090438e-05,0.0010507505061839,0.000255971389877491,-0.00725390105479962,-5.35055605523256e-06,0.00811727609773748,-0.0686236451063055,0.000586652018209892,1.72446796925213e-05,-2.86207189918321e-05,-0.00317745894616126,-0.000667078025608212,-8.81126155708973e-05,0.00210903041087703,-6.48805741379248e-06,0.000432267010238855,-1.57856783188047e-05,3.57755023644235e-06,-7.32607076754149e-07,1.19513494393612e-05,-0.00298472223055651,0.00296364084850045,3.52503494431669e-06,-1.08262980215297e-06,4.23187246231582e-07,6.11132599361366e-08,-0.00235613738533957,-3.13374386783992e-05,-0.000229974796728053,2.76975978898729e-06,-2.27903490299411e-05,-2.07954975996942e-08,-7.31454161069464e-08,5.47481359439468e-06,-4.1534463802618e-06,3.28947502747345e-06,-5.0968870881726e-05,1.57150844019284e-06,-0.142099450457963,-6.42721810886005e-05,1.02017050406572e-05,-2.65346469176787e-05,-1.21693790580265e-09,1.9253525660335e-07,-7.51770870666999e-07,-6.01216017157948e-07,2.58647251151375e-07,2.82014886279344e-06,-2.49262158609129e-06,4.20824090595763e-07,-0.000156435513077131,-2.13364405123472e-05,1.62939619890024e-06,0.00013232194980721,-0.000275103034723301,-9.48886916472472e-06,0.015018148241746,3.98013853697252e-05,-6.75938558217458e-05,-0.0632375292142359,9.41683714000739e-06,-0.000103393926412714,0.000298955123438814,-2.22443204186268e-08,-1.41339787570076e-05,7.75654290903137e-06,7.89098931679974e-07,8.23782640349516e-07,9.62729003814621e-08,-3.51809269845815e-07,3.15138327204902e-06,-0.000313465158769314,2.9594163223716e-06,-1.85005169260181e-08,3.66094891719441e-06,-7.04603337148218e-07,6.55387596475487e-07,-1.57203368403408e-08,2.92349070024435e-06,-3.29929701525266e-09,2.83598706885715e-06,-4.17002135946754e-10,-9.635211631069e-09,3.09279809468984e-08,-1.13700599149149e-08,4.89276597816692e-08,-5.83004177696015e-08,8.34412083821859e-08,-9.98037349779085e-06,1.25487504096386e-05,-2.14798079554642e-06,8.32447949536389e-07,-4.97119727133827e-07,1.18404046410219e-06,-0.000137601444698848,1.0828630182713e-05,6.18023288524294e-08,-1.89274200758165e-06,1.98309471708541e-07,-5.13522212183958e-06,5.77522116948319e-06,0.00020135167161577,1.50995873580944e-06,-6.35710891930885e-06,5.21232092035646e-07,3.47984770584935e-05,-1.53741676953617e-08,1.0291554837061e-05,-0.000402257844280194,-1.68199138035492e-06,0.00426766636203267,0.00104932917355252,0.000177374047257375,2.6117577420917e-06,-6.38649532454515e-06,-1.32632599918554e-07,-7.4633469857644e-10,-4.06795476470172e-06,-1.05311498844278e-06,0.000112471216350537,9.55397256432762e-06,-5.09960786873798e-06,-7.60433337436504e-06,-0.112865803958359,9.37180612021183e-06,-0.0010673833501289,5.68067591310168e-07,0.000104614386810793,-5.37446796735741e-05,2.08620146193892e-06,0.000111529883120937,1.41612990793978e-06,1.2723525770202e-06,-1.82355256680717e-07,1.29143469461888e-05,1.64111722363816e-06,-1.02743250642937e-06,6.88510775918543e-07,-0.000983056837264475,-0.205037417043086,0.00299939896971389,1.08324492284385e-06,-6.28938820928357e-07,-9.55518922033459e-08,-4.86712886224643e-10,-7.37404064198532e-07,-2.69606989082111e-08,-5.97910124883196e-08,-2.71945163400326e-09,1.46330046222016e-07,7.03078416564969e-06,7.99948801016531e-07,-3.30204698189533e-06,-9.66099018937635e-07,2.09998314441892e-07,8.76523498418546e-10,2.80848380325945e-08,1.48106499601926e-08,0.000132812171885269,-0.0156062638059378,0.00293457585892817,-8.44409123910566e-07,-1.12651653244807e-06,0.000112911531137636,1.24163619082633e-07,1.15686345684851e-11,6.16928538748439e-10,8.35702754518253e-07,6.6296852473475e-08,1.55363141239085e-09,-1.93231855787861e-06,-4.45991308374333e-08,-1.0476876174782e-07,-1.51703566680767e-07,2.99528806689567e-09,1.43841954287551e-07,5.46327258582534e-05,-2.87149645699362e-08,-4.17456041765622e-06,-7.48439369160914e-09,4.28788111880031e-07,6.00049402894118e-11,4.99382378452008e-07,1.66286136821304e-09,-1.91016940793733e-08,-1.48404928721491e-05,8.4382106455793e-09,1.07119902890367e-09,3.29219914822506e-10,2.50694088980638e-10,-1.18581063880276e-07,-6.28228573465302e-08,-3.06654012006696e-08,4.52979426924704e-08,1.04174082342695e-08,4.62304616645104e-08,-1.55645261612296e-07,-9.08650689944871e-09,-8.65441875413967e-07,-5.43624836666222e-09,-1.25083327733985e-06,-4.33271264223685e-07,2.40354706843444e-08,5.10642562789279e-09,1.59199530385096e-07,5.91131332887279e-08,-3.5965806716481e-08,-6.70149780612518e-10,-3.06414519569188e-07,-1.42106653953813e-17,-3.04444273241824e-09,4.39352222224992e-08,-9.58592699678569e-09,-2.59649781049237e-08,-3.64534526404305e-07,5.05386778495793e-09,-7.72601691672022e-08,3.48124017017851e-08,-6.72284356076435e-08,9.23175663671723e-05,-9.19551056671443e-09,3.85270367403383e-06,-2.55448564724836e-09,2.82974026511614e-07,-2.50236462926801e-06,1.26400584181218e-09,-8.91721228107878e-11,4.54161178065268e-09,-5.06620923156597e-09,8.08362560687058e-08,2.38631121114572e-06,-4.996739935677e-07,1.16022491877584e-07,-2.25019483469725e-06,2.83411494575425e-06,-1.93040111028915e-07,2.4441439652801e-06,-8.5134880035532e-07,1.2363182826127e-08,0.000115573347629777,6.12728837695067e-07,0.0402993963358041,-3.42418565916436e-08,2.40466043121706e-06,-1.89682876203786e-07,3.45586328383859e-08,-4.80355819055957e-08,8.40087944246609e-08,-5.20707796620552e-08,3.17386370884057e-09,-3.90572940171425e-07,1.46521879644206e-09,-2.12213396494538e-07,-8.59082771205504e-16,2.99219192490592e-07,2.70088695274212e-08,1.94515047719591e-13,-2.5557396966991e-10,3.06116960490656e-09,-2.79354103136229e-09,-9.30565556299192e-10,7.0832563243753e-10,-3.87162561692632e-08,1.55594121586938e-06,0.0102051978161151,1.79594553391005e-09,-9.24652052207446e-07,2.10316763636878e-05,-3.8437044621816e-08,2.55908473284194e-07,-2.16639457935319e-09,-3.65395782558626e-09,-5.57974275554332e-11,1.54512525473124e-08,-1.33813760502946e-08,6.1268142076939e-11,-1.93749036227593e-08,2.09383690265421e-09,-7.16445576322346e-09,-5.05509847864558e-08,-0.00017612719351183,1.89886659694196e-08,-4.09798211791411e-09,-1.57979912425819e-08,1.2226523439871e-09,-4.92572375013943e-09,5.05585420863392e-05,3.18265837781224e-08,-5.9375953542961e-08,2.88927284248979e-17,-0.580459947680392,1.43782689300525e-07,-1.01964991181328e-08,3.24584574280799e-05,1.37892588835447e-09,7.59522710575794e-06,1.56122111949901e-06,-1.84392616922064e-07,6.68564366731215e-07,1.69972330119832e-15,-4.59476902439649e-06,-3.85090659350293e-10,-0.00147369588035172,-7.28720173849008e-09,8.17663956381006e-08,-6.46653132086816e-06,-9.1801791012843e-07,2.45516737004775e-07,-2.46661460648911e-08,1.57655703214644e-06,-5.12414033263579e-09,-4.9412708550843e-07,-6.6386486244415e-10,-1.04808394385189e-10,-5.23112109070581e-06,7.51128070253379e-09,-1.51372535377608e-06,-1.55713697842899e-15,-4.39269479454357e-08,3.53878846018341e-09,1.02012757271146e-10,9.96954061131609e-10,-1.54411321360793e-06,-1.08264899005665e-05,6.31616130723894e-08,-2.5078773392628e-07,-2.30394824075013e-07,-8.41968241583544e-18,-0.00215260685314168,2.9720219782268e-08,1.46613395620918e-06,1.88961926275537e-16,-6.66659100328494e-08,-5.33571659935616e-09,6.00826625371536e-10,8.51540375917755e-08,-4.00412136194223e-07,-4.36623322278719e-08,-1.89810690067857e-08,9.29036654110767e-08,6.98169543126711e-09,4.56710042761271e-10,1.28251404440919e-07,3.91682489356297e-09,1.73700993902827e-16,-1.91789024346885e-09,7.27991985102683e-08,3.2984565532147e-08,-2.20537407641367e-07,4.68297024464461e-17,-4.98223257549695e-09,1.00995466373668e-09,-1.22504398636443e-07,-1.88610388667319e-09,-6.8302176013897e-05,5.49382407280686e-09,-7.97260633800555e-08,4.73349424066814e-07,2.4896189290214e-16,1.83446718430591e-06,-8.74899403445484e-09,2.57239603396925e-08,2.81306440342203e-06,-3.70261124277601e-09,-4.70169844356604e-09,4.16333634234434e-17,4.31091171012826e-16,-4.45786175481201e-09,-5.28127847445432e-09,6.99274750731508e-10,-7.39654179466952e-06,4.87275112900621e-19,-3.90367920601476e-07,-4.72329812257858e-09,1.0642053670075e-16,-5.32704898974646e-17,3.40393332910301e-17,1.01575267723479e-05,2.91324919038562e-08,-3.38915907437788e-08,1.07295988349013e-06,1.53108218094186e-07,2.97408893265289e-08,-1.29802583869074e-08,-3.27862122000187e-16,-3.20309362225474e-09,9.47593935853904e-09,6.29130618566115e-16,-1.63108982295563e-15,-8.09994798071089e-09,-1.35989657083691e-06,-6.93755528937701e-09,2.28067714441002e-06,4.9281795642186e-08,-0.0401861122788377,-4.91165370074252e-15,4.47707305117378e-07,2.69502468341022e-15,2.86825306244735e-06,-1.28044276570538e-16,3.44057358354656e-09,8.81765375561833e-16,-5.69264358369217e-09,-1.20012440504692e-09,4.61497099109852e-08,8.09138560210599e-08,3.86920231089607e-09,-5.78183386355758e-10,4.32519260998948e-09,3.49902989353698e-09,9.50947803160824e-06,3.58581472273683e-08,2.39695227473739e-09,-7.96718114536704e-09,-1.5381109005525e-05,-1.47536928914914e-07,-5.06452703166032e-09,-9.13226071828504e-16,5.81321394703734e-08,-1.2675343732793e-08,2.78933159730747e-08,1.15768997919006e-14,0.227181093319545,-9.36927415032384e-07,-2.08349011244665e-07,-5.17354361085448e-16,4.36462900014096e-08,0.000162309308996156,-1.85139818619775e-15,1.4877930664929e-08,-1.75014773916263e-08,3.57605707601129e-17,-1.94491607628847e-15,1.21412538233723e-09,0.000480907406178402,-0.0186637934143282,5.53344094872234e-06,-3.36377033663748e-08,-8.72528004275087e-10,-8.7166453503651e-08,-5.79163428906712e-09,1.17672494072893e-07,-1.21842640143921e-15,-2.15131748710723e-11,-1.50189870102723e-08,-0.00109960107438586,-2.33455215874463e-07,2.28494041007186e-14,-4.776439781338e-16,-3.39805470598015e-08,1.45362377969111e-16,-5.33438371290734e-16,-1.44820550535911e-09,1.65471229060677e-09,3.07971184497678e-10,7.15268437849296e-10,-2.67706759930071e-09,-6.66658952931275e-10,-5.85370731153499e-10,-1.71994381578499e-17,1.03878898732782e-08,1.4549232388255e-06,2.94283032770736e-09,-3.62037110137248e-10,1.96661879749874e-09,2.20560580239819e-17,-1.41041326749147e-16,4.67722116478626e-16,-6.89876067143559e-07,-1.2236054564988e-10,-7.98653483654627e-09,-2.73110584338646e-16,-1.02327446827605e-10,-2.88890762718617e-16,-1.01998261459105e-16,2.17088549374875e-08,-5.44945374684205e-09,2.02962646689286e-16,-4.71773609463999e-08,-6.52904096793425e-10,3.51890964459518e-16,1.55073578458658e-09,1.02291187547343e-16,6.06443558778382e-08,5.59837294686508e-16,6.07569185669208e-08,5.02873637558459e-09,1.82849498252047e-10,1.81523362114815e-08,1.26073231869789e-07,-6.25797479429039e-10,2.02468441172435e-08,-2.56045502293339e-17,1.26777209025197e-08,-7.19656140186651e-10,-3.25658691295087e-16,-9.55212239382654e-11,-1.9725865397039e-09,4.63653671020727e-10,-1.3895973628882e-16,1.54352241770758e-09,2.05575497520445e-09,-2.04232649233348e-16,-5.75608346931112e-08,-4.38829475735899e-08,-6.08684341561562e-11,-1.00481646967803e-16,-6.30373567272646e-17,1.12747840654057e-09,3.65795589225134e-08,2.9677384867238e-09,-4.83806380404079e-10,2.31864903854248e-08,2.06316056873975e-16,-1.35033934067995e-16,8.51666609806742e-08,2.56431038154605e-10,-1.91752054506512e-16,2.08224302011752e-07,-3.9362530372483e-17,1.04607037524077e-09,-2.00636601891081e-08,-4.94256573235509e-05,-1.39966754108654e-06,8.30769073393749e-17,-1.44459819025485e-16,4.9697425278504e-16,-1.59373594924973e-16,-1.24093021873095e-10,-4.31516174103451e-10,-8.98035154314939e-17,-1.69288132730662e-16,-1.23622692690606e-16,6.12678122577807e-10,5.52579679128987e-12,-3.07205090930905e-10,-1.15807517662651e-16,-7.22620747961589e-16,-2.23562487966511e-16,-1.35925140967661e-08,4.16365135810014e-10,2.72809848598497e-16,7.39142154869720e-11,-1.94273572303953e-09,3.53963527201265e-16,1.2918672491682e-16,-1.41038622919367e-07,-1.3900446496492e-11,-7.03848834925156e-08,1.07990532293576e-16,7.71111300134892e-10,1.25264738147863e-08,1.35710187767825e-08,-5.14032247819053e-08,-3.06412979623382e-09,5.03517009977155e-11,-1.4719615179099e-16,1.73995983722999e-16,5.57404310685633e-16,1.24294468117989e-09,-1.15851293495845e-09,-0.000781235248668441,-2.39475138949112e-10,1.36969298518292e-16,4.84400869248468e-16,2.66734252214784e-16,1.43952795851931e-16,1.22986136349718e-16,1.20957531098221e-09,2.87120619899209e-17,-1.87771168775404e-16,-2.13927923246404e-08,-4.42295238341366e-16,-1.97050090339835e-08,3.15596335957607e-17,-4.90520532549197e-05,1.47990177129701e-16,-2.845234783153e-06,-3.47728825614536e-09,-3.08624531838729e-09,-6.9534562390047e-17,1.12996769424586e-07,1.18088649210648e-16,1.73606971168275e-08,-2.79908651898881e-09,1.54990344324652e-11,-1.25432116941649e-16,8.57853590577236e-08,6.47184727069999e-16,-6.22312689026727e-09,-3.17796261077028e-09,-4.40795437441668e-16,-2.86844974493641e-16,7.2503000530561e-16,-1.25976453023605e-16,-4.84964282848375e-10,-1.44535521702561e-08,-3.23315592888079e-09,4.58548648288068e-16,5.26112058328731e-17,-3.34099100867301e-10,2.72636454298064e-09,2.0950336488847e-16,1.93727542348106e-16,-5.49506364948135e-09,-9.45356369199098e-17,-9.75201275425934e-07,1.78030883703575e-16,9.81707980124579e-09,-1.39389291592823e-16,-8.54164352941434e-16,-2.94975495226225e-16,-4.82204480108105e-16,1.73555182249814e-16,-1.84850272746128e-16,1.90956720659341e-10,-1.33567987406159e-09,-1.4782441419877e-17,-8.90364050565528e-10,3.74703337055616e-08,3.38755033728717e-16,4.0417501254836e-16,-4.24090799424908e-17,-7.04643514606588e-16,3.16938775403529e-07,5.55281171586902e-09,1.64841091647884e-16,-1.59799569693854e-18,-6.77903303968635e-09,-2.19019944510711e-09,-3.31856662643874e-11,-2.23872845921092e-16,-2.2104610819011e-16,-2.67449321947235e-16,-2.52998447612357e-16,3.36702087849887e-16,4.82606025181226e-16,1.34882660066429e-07,-4.67399031339035e-08,-2.45882822459809e-08,6.01530815875073e-16,5.18626145764984e-16,1.41009587360976e-16,2.59913578412926e-16,-3.33966411919644e-16,-3.76069951176244e-16,1.10990851857167e-17,-2.63772933056326e-16,-1.27440470239085e-16,-2.49728398119874e-16,8.20570978613123e-16,-2.14580585631577e-16,-1.13747829560353e-16,-8.70884169595235e-16,1.34103376147426e-10,-3.62240162478309e-16,9.94416467668614e-17,-3.93279273302519e-17,1.93827694142413e-09,-0.00033435345356198,-1.51463938792555e-16,-4.71109232976653e-11,1.73084771409897e-09,-2.76355327527936e-16,7.29720040440108e-16,-3.35591930704631e-09,-3.2765377216586e-17,4.30609766963137e-11,9.02739330844111e-17,7.82300196691945e-16,4.6367560684354e-16,1.41248019878541e-15,8.99544089869194e-06,-5.82020772682292e-09,-4.49051548601758e-16,-2.66206710163921e-16,-2.17930494106526e-16,-1.74433700961016e-16,-4.32705087038965e-16,1.76172872490681e-15,4.72969450921376e-16,-2.2790924227154e-15,7.16568589032720e-11,2.38661072918957e-15,-4.85880049275887e-16,9.78046170139476e-16,-9.67435308478515e-16,-9.42796603131499e-16,4.33302458880573e-16,-1.56474467499625e-08,1.06978937582185e-16,6.98058399770103e-16,1.05936139254463e-09,1.80368084349522e-15,1.97703138350536e-15,-1.6720234236038e-15,1.18051942831923e-15,8.91786791433754e-10,1.6665601931365e-15,-6.13548713506132e-07,-2.06593873008641e-15,1.30236862817547e-15,-3.88835598437094e-15,2.49259604113723e-15,1.03394733929256e-15,-4.19497123543284e-15,1.07108642889799e-09,4.62423920512313e-15,1.75068881097174e-15,1.35587097278961e-10,-1.340422751898e-07,3.98560620723905e-15,2.31192782945801e-08,3.14446455173785e-08,2.88366837697196e-15,-5.97385909250276e-16,-2.12202312643725e-15,-1.09652727574084e-14,-0.707106781186547,-5.32793595052731e-08,1.3815536185811e-14,1.916590741155e-14,-5.95037015881696e-15,2.13780832400397e-08,4.42967448632995e-15,9.5503811180546e-15,1.29578062911144e-15,-2.29060294123306e-15,-9.76860023552063e-09,2.72161107811198e-16,2.88263589435514e-11,3.34725423733789e-16,-2.62789537540727e-15,-6.57419048738999e-15,8.56618794679439e-16,-2.66789996117053e-15,4.01679915833979e-15,5.37282148675969e-16,-5.02725163868355e-10,-1.91528229207733e-15,-5.3905998886872e-15,2.11617219018627e-10,1.06245824849435e-16,1.17382620875983e-15,1.21216056722601e-15,-7.15576384957478e-16,1.41694199376722e-15,-1.50856956678147e-16,-1.54011184114935e-09,1.49929717376553e-15,-1.11069816967558e-15,4.59403298158701e-10,-1.08588799893428e-15,-1.69941432067699e-15,-9.1314925253874e-16,-1.80868940527308e-15,-6.75185688528771e-17,4.02623067223833e-15,1.09366842366009e-16,-5.198209061228e-16,5.02636927200755e-16,1.09387671502105e-15,4.16701883261218e-16,-2.42565872556335e-10,8.0497561670215e-10,-7.71582951458751e-16,-1.19184183271318e-16,-8.07461697528345e-16,1.33322743043155e-16,4.23706209007335e-16,-6.9815042493875e-16,-2.59463683557356e-16,1.15624288333048e-16,-7.70327565424539e-10,-2.42910053355276e-17,-1.20122406484447e-16,4.38721731273055e-16,-1.05209571620862e-15,8.9980770955571e-11,-1.94766601503971e-16,-1.43225700543243e-11,-1.07455915262568e-15,4.23127831056132e-16,1.46686932571332e-16,3.83955911052279e-16,-1.13479303058534e-16,1.34645800863646e-16,9.69940278579737e-16,-2.90439415464816e-16,1.38156821858403e-16,3.67476032508486e-16,-3.13374413124579e-16,-3.82497192385879e-16,9.31818267156801e-16,3.37485011620002e-16,3.11010884010302e-17,-1.0661518211937e-15,4.7595860897655e-17,1.08186935648506e-15,4.42096035167238e-16,7.27711724993615e-16,6.81204224972642e-16,-1.36911947763317e-16,-2.2107278428547e-16,-3.4934547091812e-16,1.23541204369408e-16,7.02285508012439e-10,1.73811898274949e-17,-3.62825225940007e-16,4.26252220555471e-17,-2.86678853747194e-18,2.93878134781235e-16,4.59932711635509e-16,-5.38256866755227e-17,8.84091610923058e-16,2.23484382950159e-16,6.34724915363194e-17,-5.77771337717525e-16,1.5258379120832e-16,4.25287016373305e-16,-2.87162705765114e-16,3.43769789169799e-17,4.85342229314359e-16,-4.54257687879535e-16,-8.26159390417898e-08,4.68557718808412e-16,1.94251566767e-17,6.46079422612619e-17,-5.27987724262007e-16,6.12557706759832e-16,-1.2518421033519e-16,-5.16460037858946e-17,3.47510347205468e-16,-7.72421806299558e-17,2.10929583598041e-10,-4.74953590625978e-16,-1.46204809107948e-16,-2.79308155060873e-16,3.54253849981668e-16,-1.13266728919256e-15,-2.20369147950047e-16,1.41927181732169e-16,1.25342971239239e-16,-4.7069709523046e-16,-5.42508543968641e-17,-2.46625787047885e-16,-1.61090273110554e-16,3.10161215042977e-16,9.91112057959185e-09,-2.58963633662798e-16,-3.15326507479627e-16,-4.75582421427751e-16,2.10335221462188e-17,-2.95647288684945e-10,-1.0048435188525e-16,1.5772349325907e-16,-4.75575093816566e-16,-1.52151471441799e-16,-2.53966863171897e-16,2.61629051383375e-16,5.6250863093608e-17,3.38553094340504e-17,3.42121349464556e-16,2.42124626499514e-16,-2.57578797439433e-16,2.85215854985691e-16,-8.09931891258133e-17,-2.86200837325492e-16,-2.27963113344943e-16,3.50285539197653e-16,-1.27671929455262e-16
"t594",0.0397128894523177,-0.0138185993565905,-0.0153063526260864,0.00106762294907694,0.0124649774565938,-0.0516024937118756,-0.00796105941730592,-3.13289732025077e-05,0.0984043156773983,-0.00626658325594428,-0.0136757164018943,0.00117879986361983,-0.0026300902591572,-0.000592696169268086,-0.0194167163271619,0.000606118575614203,0.000455892129090808,-6.22037415751223e-05,-0.0345916808595203,-0.0625894194474296,2.810881980793e-05,-3.9671703885929e-06,0.000178359521572196,2.19183561921479e-06,-3.10581713364004e-08,5.04367555942112e-05,-0.000629156166281107,-3.61253179003774e-06,-3.50669604106163e-05,0.000878792748031118,0.000211150570763922,-0.00592267279376649,-4.29338819704075e-06,0.00643248991475513,-0.053603426480901,0.000447225127889406,1.30903076831323e-05,-2.16077808598806e-05,-0.00239318139116122,-0.00049978282944191,-6.53282697349997e-05,0.00154934894313296,-4.73844004131198e-06,0.000315544391514228,-1.14423076066805e-05,2.52447929919584e-06,-5.1258409823562e-07,8.32823205513366e-06,-0.00205608616138317,0.00201570791070992,2.35599550447443e-06,-7.17573379917137e-07,2.80145458197255e-07,4.00295482594348e-08,-0.00151063796949418,-2.00256775025863e-05,-0.000137995672595479,1.63166266173957e-06,-1.33958419813039e-05,-1.16526747989828e-08,-3.94308791427789e-08,2.89274843202671e-06,-2.15820173171495e-06,1.70197677773473e-06,-2.55261173512736e-05,7.63282938396439e-07,-0.0641751900499208,-2.80209815697733e-05,4.37307228742856e-06,-1.10214215127306e-05,-4.17097718020199e-10,5.47965304628813e-08,-2.07055106863727e-07,-1.5406932386147e-07,6.56551904349862e-08,6.92214393975074e-07,-6.03463418700286e-07,9.48987101708196e-08,-2.92863881322815e-05,-3.65767394740898e-06,2.34720002057591e-07,1.82668279359994e-05,-2.56862402763449e-05,-7.55519966031564e-07,0.000288181833875167,8.96931890619155e-08,1.01854080777149e-06,0.00113156774565588,-1.75460229145151e-07,2.11858465068437e-06,-8.12243717098175e-06,2.04047909384969e-09,1.38217154452164e-06,-1.07993514291876e-06,-1.68246017741479e-07,-1.85075768629922e-07,-2.16809099490412e-08,8.95936231528092e-08,-8.37464198440489e-07,9.66341120124263e-05,-1.01733842727849e-06,6.4188793292379e-09,-1.28338193803829e-06,3.67161024342286e-07,-3.50361910599237e-07,8.57039430640578e-09,-1.64937000428169e-06,1.87901529288e-09,-1.64210187301686e-06,2.47494787359616e-10,5.76431430353304e-09,-1.93826677999732e-08,7.16460765998621e-09,-3.46022198901302e-08,4.22136160126682e-08,-6.35434723264671e-08,7.77058625599105e-06,-1.03680496681315e-05,1.87555603683597e-06,-7.56999823356361e-07,4.62430646986443e-07,-1.18868853819414e-06,0.000144901116260553,-1.14237030301915e-05,-6.56417060614371e-08,2.10865453454187e-06,-2.21799786094025e-07,5.97890426166612e-06,-7.51359197464421e-06,-0.000262276594421834,-1.98421598348478e-06,8.97214130629261e-06,-7.45840095725109e-07,-5.02904038188093e-05,2.31317736049231e-08,-1.55705792906521e-05,0.000661352362056286,2.95203171207922e-06,-0.00817154938354064,-0.00201409555501414,-0.000345487591901583,-5.12524212288754e-06,1.26835370392651e-05,2.64611486520231e-07,1.48908125791179e-09,8.38453763317479e-06,2.31382760118177e-06,-0.000263398030873121,-2.27293125991352e-05,1.25570054495495e-05,1.87755608831809e-05,0.282324273410845,-2.36224568719608e-05,0.00271384334718931,-1.5618459634412e-06,-0.00029117950955478,0.000150890786223639,-7.02678043955384e-06,-0.000389923655397058,-4.97731056832169e-06,-4.59289648321587e-06,6.61443843112805e-07,-4.79466496548937e-05,-6.10394211594753e-06,3.83054783229058e-06,-2.48866956582717e-06,0.000348566814233647,-0.00654881521615666,0.000418254461936117,2.51867900652992e-06,-4.75206020692153e-06,-8.41684549528159e-07,1.04171499459796e-07,3.77510877062096e-05,6.87653723092489e-07,1.41058079607035e-06,6.20357866926233e-08,-2.56719519616797e-06,-0.000122152420375816,-1.40252146522717e-05,5.85178246883753e-05,1.785242493298e-05,-3.95774594815858e-06,-1.68708302417217e-08,-5.52241151550289e-07,-3.16149907390157e-07,-0.00290039209087609,0.43314050453813,-0.082215255701371,2.617541459037e-05,4.9769885614859e-05,-0.00773848996717118,-1.05032334724183e-05,-1.49963670639088e-09,-1.32223519292784e-07,0.000194320401433793,1.06567655415755e-05,1.51482122765788e-07,-0.000157607893989603,-1.63190047948858e-06,-3.73879766987759e-06,-4.43767829641259e-06,7.46462549586372e-08,2.66760094022401e-06,0.00101201830436422,-5.19968680330921e-07,-7.07721129338622e-05,-1.21559473741269e-07,6.27605385828333e-06,7.84666658918692e-10,6.02591335833091e-06,1.9604083766527e-08,-2.04349933410025e-07,-0.000151149008459827,8.58345713278545e-08,1.05090831385909e-08,2.96689057737924e-09,2.22491076063202e-09,-9.74443155069666e-07,-4.9146590467007e-07,-2.3600826664225e-07,3.26968362320664e-07,7.41070458304655e-08,3.23754617042213e-07,-1.04080115425782e-06,-6.02143242926696e-08,-5.72246805580653e-06,-3.42804952887551e-08,-7.67196297012671e-06,-2.57888041801931e-06,1.41163340948539e-07,2.95832325402997e-08,9.10676311411677e-07,3.36943174128846e-07,-1.98441832925749e-07,-3.62463292237425e-09,-1.6223334887986e-06,1.08559260001029e-17,-1.56396424780833e-08,2.24352850194433e-07,-4.69810850522646e-08,-1.23325713220851e-07,-1.68735346379281e-06,2.33571115505854e-08,-3.40320421017656e-07,1.52102571782957e-07,-2.92635037374578e-07,0.000394670999385439,-3.88331272368873e-08,1.59065681668905e-05,-1.04404112492437e-08,1.15169613180064e-06,-9.95098059423779e-06,4.5336027379325e-09,-3.07323298753825e-10,1.51122154439291e-08,-1.54990210854616e-08,2.45705646129421e-07,6.77626095035741e-06,-1.36007500025315e-06,2.95289560764022e-07,-5.59363527170552e-06,6.86486549897027e-06,-4.50010011867276e-07,5.35164848739216e-06,-1.84986275479499e-06,2.18058028339056e-08,0.000202648892783888,1.06721673584176e-06,0.0650638952515476,-5.35924033793493e-08,3.36575125567777e-06,-2.59373738321025e-07,-3.1475305239774e-09,1.5937296134606e-08,-4.5523275007245e-08,5.76039360904733e-08,-5.29573565688968e-09,1.40037270671343e-06,-6.51053385026147e-09,1.12315398355318e-06,1.50674680820619e-16,-3.19128476133128e-06,-3.23057413566114e-07,-3.6496352334086e-12,-3.63455221923076e-08,6.01153092900037e-08,-3.96157215990627e-08,-1.16193923981182e-08,3.17054038319415e-09,-1.63714147356346e-07,6.47803502710009e-06,0.0320887794668127,8.92963266051247e-10,-4.10120667925214e-09,-7.43613676211795e-06,6.37160806111561e-08,-2.79069731183917e-06,4.54460093144999e-08,7.98964061840403e-08,1.23533859430054e-09,4.25332608651294e-06,-7.77421528181874e-07,3.66982928356018e-09,-1.28870425220745e-06,1.81940786780549e-07,-7.11234258540036e-07,5.3301180330203e-06,0.0151890696960266,-1.20598078057322e-06,2.1796826128143e-07,5.22880385711575e-07,-2.67693303774723e-08,7.78999621857482e-08,-0.000701494404640754,-3.57569448340146e-07,4.38214764471362e-07,-5.11362615689098e-17,0.000860764946793007,3.57712837433478e-08,-5.75521144825265e-09,1.85936423610522e-05,8.02094054601385e-10,4.93009963153465e-06,1.19885815480787e-06,-1.65266197791457e-07,7.48928066089201e-07,5.70119890741394e-17,-6.86930268073798e-06,-5.89693500712217e-10,-0.00236232768426821,-1.1739879470177e-08,1.43591685576003e-07,-1.17761405276834e-05,-1.74255417064178e-06,4.76964391707898e-07,-4.98184424234501e-08,3.26639081938319e-06,-1.07486853100139e-08,-1.04260780533717e-06,-1.40536542561701e-09,-2.23026832624814e-10,-1.11377599004143e-05,1.60436107989495e-08,-3.24046895852861e-06,-5.50187242836281e-16,-9.50871646206852e-08,7.66989561597729e-09,2.21104652223932e-10,2.16498648661636e-09,-3.35354413963492e-06,-2.34632131022724e-05,1.36663949128482e-07,-5.42436549192645e-07,-4.97576043537831e-07,2.37353293631778e-16,-0.00463977543468344,6.400861640823e-08,3.14732671031661e-06,1.77548358314695e-17,-1.4253650052705e-07,-1.13965444707217e-08,1.28261244834667e-09,1.81576830882995e-07,-8.52138803477695e-07,-9.277859091632e-08,-4.0283787003787e-08,1.96428020432851e-07,1.47547144288545e-08,9.62543780266803e-10,2.68933799152315e-07,8.21111031792449e-09,1.46528345941101e-16,-3.97752148783758e-09,1.50679937241173e-07,6.79670074129303e-08,-4.51236805480085e-07,-2.16466121976784e-16,-1.00292958767696e-08,1.99283141854786e-09,-2.3942777588931e-07,-3.66948472302934e-09,-0.00013214585788873,1.05167134343323e-08,-1.49891322102537e-07,8.47470192065706e-07,5.85722365756485e-17,3.12814154568372e-06,-1.48515344431679e-08,4.32500062113529e-08,4.66548785386385e-06,-6.13426705726294e-09,-7.75882736348334e-09,-2.74086309204336e-16,5.09333261932131e-17,-7.18617639147535e-09,-8.33322531277128e-09,1.10035629097021e-09,-1.14060153328099e-05,4.22415766980224e-16,-5.73950041962691e-07,-6.78740239590713e-09,-3.36474265742159e-16,2.79354382526084e-16,2.80640863744675e-16,1.34704255845643e-05,3.81978121210442e-08,-4.26261956055923e-08,1.29826934835676e-06,1.84378090696137e-07,3.42037760240245e-08,-1.48440511267561e-08,-2.17689569980058e-16,-3.26866775640755e-09,9.20808885763744e-09,-3.38238588438111e-16,-3.31658013238814e-16,-5.9485521320249e-09,-8.9623356482131e-07,-3.73318558179756e-09,9.99375984208053e-07,8.4458432711478e-09,-0.00455263080399838,-2.12796410168741e-16,1.04737610850143e-08,9.13470477172266e-16,-9.75368432640394e-07,-9.55182113959729e-17,-2.76045675574198e-09,5.07287769781806e-16,1.22210556828345e-08,3.2477198111824e-09,1.52783186489594e-07,2.11542204553986e-07,9.3615166589741e-09,-1.08312643389444e-09,6.90377431496477e-09,4.24357245423317e-09,1.15087462927622e-05,4.04342648352106e-08,2.39188338216026e-09,-6.78685064188848e-09,-1.14369224491427e-05,-9.79699600955271e-08,-3.17126204073653e-09,1.1622955741002e-16,2.97837702406784e-08,-5.138616543801e-09,2.77358906585308e-09,-2.12194622328587e-16,0.00149486696736907,1.31061096167466e-07,4.27677516992517e-08,-6.60180350833561e-16,-1.04620093792614e-08,-6.20507647833633e-05,6.23975500637649e-16,-6.79255363266484e-09,1.74135723161286e-08,-4.46794206401557e-17,9.81160612387905e-16,-1.65786196743685e-09,-0.000690953983337374,-9.14344852077724e-05,-7.15465301601135e-06,5.88009369427783e-08,1.55689550552974e-09,1.6004688185389e-07,1.42346622038965e-08,-3.55901507600561e-07,-1.40068078663402e-15,6.61073489791173e-11,4.51830070302725e-08,0.00042670525660493,1.18726784169646e-06,-1.15944746654131e-13,-2.8964610590102e-16,1.70340705426902e-07,7.17974359221155e-17,3.9342449100413e-16,1.68021277414401e-08,-2.4468420561507e-08,-4.58000283689937e-09,-2.50651144105389e-08,1.14073488881114e-07,2.97769435185043e-08,3.78724706253765e-08,-1.4911246084251e-16,1.88997267044323e-07,2.0945721422332e-05,3.96470379330502e-08,-3.69980401164858e-09,1.39447053549675e-08,-5.25342318613426e-16,-5.63835234429663e-16,-2.93684809573232e-16,-3.35843315525869e-06,-5.20770747607172e-10,-3.36603147751413e-08,-1.95764949876122e-16,-3.82612800867448e-10,-7.33284162710572e-17,6.08748781021677e-16,5.01475851649367e-08,-1.25129958376946e-08,3.12683906544819e-16,-9.61707210453943e-08,-1.23914786547436e-09,5.58709222245187e-17,2.52369589449518e-09,-1.7990784208331e-17,8.03464038010307e-08,2.84606091730941e-15,7.8902744395466e-08,6.42895220251962e-09,2.29602438064836e-10,2.22213404650127e-08,1.45470264871948e-07,-5.60856113504885e-10,1.10851923169085e-08,-4.3103862121136e-16,1.49568186305432e-09,-5.16917537068275e-11,2.49977648440164e-16,-9.72582865214017e-13,2.02807528802029e-10,-9.53479701084127e-11,2.6342688618656e-16,-8.73325053282982e-10,-1.31425180047248e-09,-2.85639635118734e-17,4.25002992867189e-08,3.45713740810629e-08,5.93628510483385e-11,1.07482777791385e-15,-1.91777296013567e-15,-1.63220754502996e-09,-6.08673457840326e-08,-5.07366875291883e-09,1.36012207909924e-09,-7.00253822534666e-08,2.36152786879442e-15,-1.07554697155773e-15,-2.69994452454267e-07,-8.17906481916425e-10,3.66651907410532e-15,-7.19650805501073e-07,5.44965865456203e-17,-3.90160015240819e-09,8.29459025234846e-08,0.000205821611710269,5.99701621087511e-06,2.24597324983808e-16,-1.31944344856046e-16,-8.21502700380677e-16,3.35474328619272e-16,6.86168067192276e-10,2.43676414099737e-09,2.73615136145578e-16,-1.54909431600434e-15,7.31502653832398e-16,-3.7345930776083e-09,-3.48248794695059e-11,2.12183355747469e-09,2.86291608918388e-16,3.29868510978715e-16,-5.72681008517706e-15,1.30439388425212e-07,-4.04386854331481e-09,1.09258124708114e-15,-8.26168832540976e-10,2.3042517872182e-08,1.24748197961998e-15,9.18017431304049e-16,1.93869205021712e-06,1.9344858999367e-10,1.07531195461366e-06,1.98455135978656e-15,-1.39472281879116e-08,-2.50790200585715e-07,-3.17126630021303e-07,1.53334113269446e-06,9.84365314409856e-08,-1.88302223484101e-09,-1.0640340819058e-14,3.82506064463525e-14,5.32767198160556e-14,-3.16523882592862e-07,3.21535142716182e-07,0.831676598347978,-2.02652550664876e-08,8.23342290719424e-15,1.68607658616414e-14,-3.55258323935109e-15,-1.98421174559081e-15,1.0291178426901e-14,5.02792167542576e-08,-6.84607002765327e-15,1.14539007100109e-15,-7.48608198939743e-07,3.7998838230631e-15,-6.83872932226513e-07,-2.94846241906907e-15,-0.00167916748825569,-3.2912818244549e-16,-7.75414179639571e-05,-9.05159849053106e-08,-7.52568183189415e-08,-8.67705413564112e-17,2.56015555397113e-06,1.00049988037365e-16,3.42074588517418e-07,-4.75134058001788e-08,2.6156340469649e-10,2.01736414424066e-15,1.37446170017643e-06,3.48214599187653e-16,-9.25176962410453e-08,-4.70825712445699e-08,4.27439127899271e-16,1.75291346144556e-16,6.25917156050006e-15,6.19550495305635e-16,-6.79567718977676e-09,-1.99725397952236e-07,-4.39747793449471e-08,5.4064920307956e-16,-3.3500530592379e-16,-4.23357965073565e-09,3.44450441789115e-08,1.34226579325309e-15,-5.13451315938407e-17,-6.42234354901842e-08,-6.28887384844296e-16,-1.12234625643872e-05,-4.04907673939907e-16,1.08285857607246e-07,1.26682332988793e-15,-2.44843283239426e-15,7.85240759311639e-17,-1.53699173735354e-16,5.19359622025321e-16,2.61385763180286e-15,1.94889373740795e-09,-1.36189793860885e-08,1.5980945727504e-16,-8.85659014378285e-09,3.69004443716772e-07,-1.28987194493868e-15,1.05266434922893e-15,-4.32679471826232e-17,2.87847223451441e-17,2.99511381413392e-06,5.19949739444527e-08,1.04797383360121e-15,-4.25473779206481e-16,-6.28419734265504e-08,-2.02769848919171e-08,-3.05900217348835e-10,4.94088210904992e-16,1.30153768366314e-16,3.40142123674223e-16,-3.22651899207504e-15,4.47641351878812e-16,2.16849429491856e-16,1.16381638170898e-06,-4.00962742880913e-07,-2.09737452813682e-07,2.21567576765172e-16,-2.9044790206834e-16,2.69914842396018e-16,9.34658040031404e-16,1.08886532464537e-15,6.68458011608531e-16,4.89951446465829e-16,3.42344223075014e-17,-2.47423401718251e-16,6.14384494213437e-19,-3.17632630298191e-16,-2.40338382754769e-16,-2.75316008738361e-16,2.57330584393401e-16,1.04538163074907e-09,-1.56081478691728e-16,9.30577464536453e-16,-2.62953567726251e-17,1.47177186272568e-08,-0.00037858694861279,-1.79687981881605e-16,-3.75360629065791e-10,1.32284542174944e-08,4.46971494365002e-16,6.51282038138329e-16,-2.52202556737077e-08,6.34976880011051e-16,3.17691262527572e-10,-1.81705752812573e-16,-1.85666603889801e-16,2.65576594899481e-17,6.87111507637456e-16,6.45868054131314e-05,-4.17145156111644e-08,-3.86729615765498e-17,3.6136098663751e-16,1.88138539728105e-16,-2.31112970379609e-16,-2.91541964181352e-16,2.28787309856622e-16,-2.12227150063231e-16,1.833098101412e-16,4.72510577585059e-10,1.07457766716453e-16,2.39447420361581e-16,-1.98203323817658e-16,2.79640812055894e-16,-1.17551805704638e-16,-1.12324736035671e-15,-1.01536834049203e-07,-2.1401012192257e-16,-2.95719392261456e-16,6.85433326515391e-09,-6.921017845038e-16,-2.43611755885681e-16,1.89292338225254e-16,-5.8540560055234e-16,5.58447891730437e-09,-2.4280234176539e-18,-3.82062043034679e-06,-2.65192186219859e-17,-1.08056614726544e-16,1.49801491815266e-16,-6.30992958892355e-16,2.71065929721244e-16,-1.8122075428821e-16,6.59528690753258e-09,-1.62624835599755e-17,3.3671039902064e-16,8.27879749266932e-10,-8.18104964450143e-07,3.78884845645026e-17,1.40103457787612e-07,1.9013478990441e-07,-3.34789668189559e-17,-1.68425198105755e-16,-2.83286834705268e-16,4.33738650708176e-16,3.87655498742617e-16,-3.12191549574957e-07,5.95436785541729e-17,2.19172090027274e-16,1.07137220685077e-15,1.24300019431935e-07,-4.12107931213232e-16,-4.14633526970736e-16,-4.67914506771739e-16,-3.28635718503077e-16,-5.62318983926453e-08,-4.25990740020633e-16,1.65438252419778e-10,7.56161687942469e-17,-3.23859380530216e-16,3.69173981976614e-16,-1.65382053002219e-16,-4.34637844612954e-18,1.14361832810015e-16,-1.97868706685293e-16,-2.83992439596909e-09,1.22415787057467e-16,-1.61156097803753e-17,1.19087420334846e-09,-1.7430612080152e-16,2.88076586382266e-16,1.80228567880421e-16,-3.50221158872181e-17,1.07860048911912e-17,2.36455696066962e-16,-8.56544541320878e-09,-2.19052881285905e-16,-7.19354439986927e-17,2.54181435217945e-09,2.67747072347059e-16,1.61843877674519e-16,5.83947248270251e-17,-3.00880107632964e-15,1.2680573257731e-16,-2.67381531300475e-16,-3.20412636702562e-18,1.34325982995821e-16,1.57539994497725e-17,-1.77489244658488e-16,-6.11448386996539e-17,-1.31740432139229e-09,4.36241751231984e-09,2.84210809055108e-16,1.09729939594317e-16,-4.63226031341635e-17,2.45519001301723e-16,2.1467203015213e-17,3.8502641753366e-16,4.79203090785179e-16,-4.76658251255271e-16,-4.12826560601247e-09,3.36193621865713e-17,2.27830542864818e-16,2.02847187240853e-16,5.26074864957697e-17,4.77771534298481e-10,6.17376634279379e-16,-7.52788049848404e-11,2.07112753301201e-16,-2.74041001682514e-16,1.21228006274817e-16,7.49505765972161e-17,4.22554872923614e-17,-1.89794963596897e-16,1.05729336390173e-16,-2.65976782702037e-17,-1.39788234988348e-16,-1.1130885541464e-16,1.26373888164399e-16,2.30391757250309e-17,2.1594723963254e-18,-1.28322648120514e-16,4.26730461404416e-16,2.37523509406367e-16,1.80957340398182e-16,2.17858968122716e-16,5.0608747065013e-17,-1.48283837309079e-16,1.31730563956989e-16,1.88540120592109e-18,-7.22685561460523e-17,1.26088189390218e-16,8.31948497615214e-17,3.56255941061243e-09,2.49889430436394e-16,5.21213800325009e-16,-6.3115095035913e-17,-1.65619204577847e-16,3.11572430068154e-16,-6.48862879495785e-17,1.6652731286127e-16,1.41265225401817e-17,-7.67242761167168e-18,2.04739172301556e-16,-1.06143392686331e-16,-6.48134923132502e-17,-9.62139343644742e-17,6.46834108321089e-17,-3.43975458254527e-16,-2.54140144979088e-16,-5.82058653260587e-17,-4.09874678691264e-07,-4.48524127666614e-17,3.53789395008434e-17,-9.55128891074679e-17,1.72014506069439e-16,-4.3551041895062e-16,1.37548331031634e-16,-1.09984393899626e-16,-3.50773100496947e-16,-1.41369445425515e-16,1.02404440979464e-09,1.34594799167192e-16,-4.83160887938918e-17,-9.07130655291242e-17,1.04661333697859e-16,1.16978210159522e-16,-8.23750062994682e-16,-2.17715884708458e-16,1.49216684328949e-16,-3.17402204996644e-16,-2.54665459511917e-16,-8.21992397936633e-17,-7.61763911365181e-17,6.44556812083266e-18,4.71382346210578e-08,-8.4654647653218e-17,2.03111244295808e-17,5.96884561698438e-17,-8.26378895868451e-16,-1.39324388537037e-09,-8.39123666584796e-17,1.26245380916304e-16,-4.41288713211017e-17,-2.03459963443746e-16,1.03775267716903e-16,3.39892612244359e-17,3.47601271759462e-16,-2.51481113204028e-16,1.36211901064051e-16,6.72212228309067e-17,-3.4916475494869e-16,1.05930296965644e-16,2.23286001271313e-16,-6.03424880634277e-16,-1.33306346273364e-16,-2.55727398400113e-17,2.52148197153468e-16
"t695",0.0397214106461348,-0.0138248446639566,-0.015313493827744,0.00106829028215877,0.012474513886008,-0.0516487961381124,-0.00796834274484384,-3.13599091238336e-05,0.098519024553163,-0.00627543507363551,-0.0137001991697027,0.00118139702319078,-0.00263605332586983,-0.000594060166636729,-0.0194633353960685,0.000607659118290075,0.000457078316232855,-6.23685005948869e-05,-0.0346854090061969,-0.0627735403487547,2.81982004667293e-05,-3.9823691039361e-06,0.000179080737126179,2.20074862326662e-06,-3.11849598889306e-08,5.06523634215656e-05,-0.000631877154238515,-3.62829404046503e-06,-3.52240237897366e-05,0.000883431637660186,0.000212338165225242,-0.00595747869857766,-4.32041400998291e-06,0.00647487146158703,-0.0539743467456877,0.000450562767933261,1.31892180556181e-05,-2.17735978593007e-05,-0.0024116691973957,-0.000503700172788332,-6.58547625503845e-05,0.00156213236677704,-4.77810791679456e-06,0.000318189133546701,-1.15398526667958e-05,2.54734640064992e-06,-5.17311383614433e-07,8.40568434891768e-06,-0.00207565553928356,0.00203537045700012,2.37972580143306e-06,-7.24907771709729e-07,2.83014967176269e-07,4.04470182147412e-08,-0.00152694622638182,-2.02429818827871e-05,-0.000139632593330209,1.65147270663284e-06,-1.35589273696468e-05,-1.18025679438896e-08,-3.99588030084967e-08,2.93223414039977e-06,-2.18811933333046e-06,1.72566120617599e-06,-2.58914966308082e-05,7.74482528202971e-07,-0.065167898374271,-2.84644976489742e-05,4.44301783084728e-06,-1.12010214392314e-05,-4.24560428056753e-10,5.58440158737912e-08,-2.11052301641351e-07,-1.57103859450794e-07,6.69515511734744e-08,7.05999378381607e-07,-6.15521687902872e-07,9.68264233864451e-08,-2.99033162549127e-05,-3.73583821387373e-06,2.39858277315194e-07,1.86687749087377e-05,-2.62727232943041e-05,-7.72959522765644e-07,0.000295143771100707,9.18864015668616e-08,1.04374992510785e-06,0.00115962894227005,-1.79813594393842e-07,2.17121625043469e-06,-8.3251443283301e-06,2.0935961159152e-09,1.41828828810506e-06,-1.10887378490595e-06,-1.72947917189392e-07,-1.90280138165943e-07,-2.22907575494728e-08,9.21532818689126e-08,-8.61527644463175e-07,9.94707034750786e-05,-1.04771630461544e-06,6.61083729019335e-09,-1.32182687845086e-06,3.79000573072716e-07,-3.61720157073314e-07,8.84938655101433e-09,-1.70345656909323e-06,1.94075800960956e-09,-1.69625430087468e-06,2.5570103456482e-10,5.95577811552398e-09,-2.00332051497479e-08,7.40536955445762e-09,-3.57966497957101e-08,4.36790249598672e-08,-6.57765235692788e-08,8.04515386933597e-06,-1.0739872276602e-05,1.94377159453084e-06,-7.84823318922928e-07,4.79528200719401e-07,-1.23353470964326e-06,0.000150438612844012,-1.18604814064258e-05,-6.8156089525406e-08,2.19048485416669e-06,-2.30416413705969e-07,6.21376241331915e-06,-7.81803762443445e-06,-0.000272907491595468,-2.06484248581107e-06,9.34418226367287e-06,-7.76889052431387e-07,-5.23899169151785e-05,2.41086876001857e-08,-1.62292123842959e-05,0.000690006230221654,3.0823763791884e-06,-0.00854161094410952,-0.00210537157482329,-0.000361211689814189,-5.3590135478432e-06,1.32640764911416e-05,2.76739155874411e-07,1.55733012344502e-09,8.77248430704752e-06,2.42290196131423e-06,-0.000276048387218533,-2.38259799217686e-05,1.31690061921981e-05,1.96913709503159e-05,0.296147803386491,-2.47816852506076e-05,0.00284735946472809,-1.64048037037636e-06,-0.000305893134919878,0.000158535144216435,-7.40364262816989e-06,-0.000411119124314972,-5.24842219767675e-06,-4.84590074918997e-06,6.97963835816666e-07,-5.06319331316612e-05,-6.44638649526022e-06,4.0484220764139e-06,-2.63208972249958e-06,0.000369416002649581,-0.00694103259793298,0.000443312591441779,2.67033006194389e-06,-5.03985119732584e-06,-8.9270062455505e-07,1.10557964298194e-07,4.00737529191662e-05,7.30287215549374e-07,1.49819870379336e-06,6.58928233230716e-08,-2.72964044712715e-06,-0.00013002157702433,-1.49314985258818e-05,6.23101599550082e-05,1.90193289240991e-05,-4.21729072698055e-06,-1.79807564321289e-08,-5.88682763708038e-07,-3.37223595482104e-07,-0.00309420597982899,0.462707560873275,-0.0878313624065539,2.79761001826084e-05,5.32601390181683e-05,-0.00828978816045902,-1.12555434559281e-05,-1.60791271912549e-09,-1.4182708008299e-07,0.000208683392766326,1.14474206591207e-05,1.62810536860309e-07,-0.000169441116611532,-1.75816507909669e-06,-4.02848352240802e-06,-4.78584514768564e-06,8.05746018245822e-08,2.88564973955792e-06,0.00109475119378763,-5.6258803402175e-07,-7.66195235733547e-05,-1.3165870767131e-07,6.80511255103887e-06,8.51999539986471e-10,6.55036017590822e-06,2.13176732025986e-08,-2.22561630742638e-07,-0.000164763531974989,9.35681543330314e-08,1.14637617560676e-08,3.2420379276663e-09,2.43206070233416e-09,-1.06707489742499e-06,-5.38853729537609e-07,-2.58875858561938e-07,3.59287551175283e-07,8.14667151152388e-08,3.5607279525518e-07,-1.1463267563061e-06,-6.63384818358225e-08,-6.30492257101065e-06,-3.78287717623873e-08,-8.47412894517222e-06,-2.85154938833791e-06,1.56164128196485e-07,3.27432964883716e-08,1.00842769220375e-06,3.73160094548785e-07,-2.20042683002914e-07,-4.02227954839868e-09,-1.80182116435179e-06,9.15800318505473e-17,-1.73908644692333e-08,2.49534540381485e-07,-5.23417199656551e-08,-1.37575209011775e-07,-1.884329614077e-06,2.60854211862833e-08,-3.8083121372198e-07,1.702656723934e-07,-3.27630385084986e-07,0.000442196480015423,-4.35312017629736e-08,1.78473664143955e-05,-1.17190575011967e-08,1.29296342486177e-06,-1.11819021648289e-05,5.11430373608398e-09,-3.47171032265108e-10,1.70915456473439e-08,-1.75736978246253e-08,2.78646155048496e-07,7.6985038882496e-06,-1.54673934377108e-06,3.36302229058411e-07,-6.37349318667127e-06,7.8257706609476e-06,-5.13347484461817e-07,6.11101979154899e-06,-2.11259160681983e-06,2.49668971431742e-08,0.000232039770455676,1.22208013882014e-06,0.0745575939123185,-6.14283276614139e-08,3.8610882979446e-06,-2.97591969436842e-07,-3.62970257664205e-09,1.83891232935421e-08,-5.2550241421244e-08,6.65643694338022e-08,-6.12457434084403e-09,1.62259355460453e-06,-7.54781338947219e-09,1.30266526126866e-06,-1.46265291292161e-16,-3.70690101492581e-06,-3.75328233680818e-07,-4.24291810685159e-12,-4.23185202888557e-08,7.00874994197068e-08,-4.62165298703551e-08,-1.35596693632371e-08,3.7150496179293e-09,-1.91881140259309e-07,7.59312204715321e-06,0.0376578072002332,1.05156933900624e-09,-4.83257033800168e-09,-8.76589864653681e-06,7.52146360623555e-08,-3.31207987798352e-06,5.40601723956948e-08,9.50532836786986e-08,1.46974934980387e-09,5.08960573073569e-06,-9.36635090590446e-07,4.42530264904007e-09,-1.55601494428675e-06,2.20028142282895e-07,-8.60543540451796e-07,6.47565458945223e-06,0.0184592369444768,-1.46646695858019e-06,2.65152651700363e-07,6.36895533172994e-07,-3.26534857903636e-08,9.51506421605485e-08,-0.0008573416529093,-4.37445958519991e-07,5.37257206984754e-07,1.03873348402038e-16,0.00106956865506328,4.4509708545989e-08,-7.17593294117733e-09,2.3185057168859e-05,1.00022395937209e-09,6.15103655962228e-06,1.49719281904074e-06,-2.06629295575525e-07,9.38565228706768e-07,2.11175070467216e-16,-8.65559415389842e-06,-7.43544108284112e-10,-0.00298302203472814,-1.48270931606944e-08,1.82015398625444e-07,-1.49576959555913e-05,-2.21975423233695e-06,6.08801223362674e-07,-6.38676048786933e-08,4.20463725326824e-06,-1.38725670317484e-08,-1.34762533654494e-06,-1.81819627206029e-09,-2.89020612726908e-10,-1.44360550024033e-05,2.08192606072649e-08,-4.2089162549762e-06,-3.49314539724935e-16,-1.2436524616533e-07,1.00461515274188e-08,2.89610692385086e-10,2.84764392982748e-09,-4.41377750911702e-06,-3.11249859971656e-05,1.81703209494121e-07,-7.21527985552232e-07,-6.6298953933068e-07,3.78784551692287e-16,-0.00619436084126223,8.55178164856339e-08,4.21654421912145e-06,-2.0212309939503e-16,-1.91534349403255e-07,-1.53251001921255e-08,1.72538631721181e-09,2.44446503837385e-07,-1.14866374262758e-06,-1.25184811416325e-07,-5.43957010999071e-08,2.65840225385156e-07,1.99739999877268e-08,1.30507308225398e-09,3.65648196393487e-07,1.11655890849822e-08,-2.11305429638985e-17,-5.43848711968739e-09,2.06224098598528e-07,9.32197039234944e-08,-6.2090950898738e-07,-3.06295797631701e-17,-1.38989936260596e-08,2.78433101683247e-09,-3.3576807345524e-07,-5.15498477587232e-09,-0.000186032238970775,1.48634483378677e-08,-2.13214426920359e-07,1.22538087927912e-06,-3.72845492341705e-17,4.59122000406294e-06,-2.18267487786549e-08,6.373995226545e-08,6.90256069687526e-06,-9.07832974482748e-09,-1.14952666310176e-08,-1.07552855510562e-16,2.02713365489239e-18,-1.07153324021617e-08,-1.24961215483565e-08,1.65121254640377e-09,-1.7204160955848e-05,6.28598313664503e-16,-8.75676654556246e-07,-1.04092756413409e-08,3.28962367077637e-17,-7.14501537510672e-17,-2.90199797047588e-16,2.10039248563584e-05,5.96890296749695e-08,-6.71120056899074e-08,2.05731208996272e-06,2.92399481352348e-07,5.46245468122033e-08,-2.37257825406695e-08,9.60784127773791e-17,-5.3010502170862e-09,1.50118946380019e-08,3.66671102221639e-16,3.02488835587918e-16,-9.90466218682445e-09,-1.50010031291576e-06,-6.29302727622915e-09,1.69277768659623e-06,1.44403749448914e-08,-0.00779581719581752,-9.89821525967432e-16,1.79726756702517e-08,4.84154489364974e-16,-1.68392628435876e-06,-1.27447965375671e-16,-4.78744964036733e-09,-7.20595649561173e-17,2.13187688562866e-08,5.67214271118891e-09,2.71131117563833e-07,3.76710674903309e-07,1.66951301650362e-08,-1.94400472219183e-09,1.24607073389712e-08,7.76169821666066e-09,2.10525655419646e-05,7.42731157123553e-08,4.4275854584583e-09,-1.26956611728645e-08,-2.15877069651443e-05,-1.86259366770366e-07,-6.05080228678426e-09,5.82514837512486e-17,5.74711841474522e-08,-1.00260500133452e-08,5.59190411889589e-09,3.60864803647855e-16,0.00304381958725036,2.70980935036725e-07,8.90185786388214e-08,2.91247068675667e-16,-2.1851753895998e-08,-0.000131431496867071,-5.14159128976333e-16,-1.44890936627702e-08,3.88338932826587e-08,1.05231704309375e-16,9.10957270460344e-16,-3.76621912773904e-09,-0.00157232302020966,-0.000209739287561555,-1.65695760778613e-05,1.39248385159781e-07,3.69421293864338e-09,3.80826147035167e-07,3.49557459957401e-08,-8.98067992162393e-07,2.21860290555709e-15,1.68598327765634e-10,1.15447137664464e-07,0.00109743818269534,3.07799713712246e-06,-3.00127558943188e-13,2.78720442641337e-16,4.46552606146617e-07,-6.48008683035306e-18,-4.08006695684849e-16,4.75117109195108e-08,-7.01792991103023e-08,-1.31401390402574e-08,-7.4277675321068e-08,3.39577965220115e-07,8.87273612767292e-08,1.1356594987908e-07,2.84690070760404e-16,6.09022563962525e-07,6.86242744192096e-05,1.30622339341317e-07,-1.25433903789244e-08,5.00039883838028e-08,5.86540620788685e-16,2.64740858671344e-16,6.39667527563474e-16,-1.31919683874532e-05,-2.1374856892261e-09,-1.38638058233995e-07,2.31649595880638e-16,-1.64963692318774e-09,5.52707600345729e-17,-4.47285142169474e-16,2.77474924845326e-07,-6.94985301628576e-08,-7.41594285980085e-17,-5.77570518407516e-07,-7.82124110403099e-09,3.40762869513662e-17,1.78417144620284e-08,1.37023937505453e-16,6.68909748291831e-07,-1.43806555755308e-15,6.67821146304497e-07,5.51271320206438e-08,1.99851326947025e-09,1.97591892093912e-07,1.360096455419e-06,-6.54647077860801e-09,2.04267401908563e-07,1.50186662284587e-16,1.23430404196988e-07,-6.98392698327276e-09,1.59241783055503e-16,-9.23146881131464e-10,-1.89286448455966e-08,4.422910954398e-09,-1.99632205146088e-16,1.44787414281314e-08,1.92311210336877e-08,-6.47433746228364e-17,-5.36679946868176e-07,-4.08531666874251e-07,-5.6388144970071e-10,-8.38776384386428e-16,8.56023342195537e-16,1.03702790502153e-08,3.3606389605847e-07,2.72626866899172e-08,-4.48927159796255e-09,2.15999771419175e-07,-9.68016876164603e-16,1.33468878053672e-16,7.95883263164061e-07,2.39736028587389e-09,-1.8959186629645e-15,1.9586977521177e-06,-2.91451027121882e-16,9.90854511937832e-09,-1.92187213033811e-07,-0.000473855929692741,-1.34665239309934e-05,-1.24680884455357e-16,1.09707468982809e-16,1.53161551415715e-17,-2.00584362840288e-16,-1.24270102925712e-09,-4.33870900021241e-09,-2.93022433567093e-16,8.58123529527763e-16,-4.68434829072731e-16,6.2568186699051e-09,5.68439618137068e-11,-3.22899225326491e-09,-2.35639130659903e-16,-4.38749514150572e-16,2.34165985213419e-15,-1.57429226773779e-07,4.84238799668636e-09,-7.35081675588969e-16,9.05247902151459e-10,-2.43621302528581e-08,-2.72824927053278e-16,-5.4686800414548e-16,-1.8842047082363e-06,-1.86745349529339e-10,-9.8785671929687e-07,-1.15145942679762e-15,1.17900579903628e-08,2.02445594867129e-07,2.39950569819171e-07,-1.0609080264657e-06,-6.64753591757502e-08,1.21474353636492e-09,5.28875065191931e-15,-1.81341193835495e-14,-2.49280843107797e-14,1.55616620013306e-07,-1.57394375675997e-07,-0.392556731788615,7.89169452383798e-09,-3.99163588132852e-15,-8.03847042211478e-15,1.43274926344751e-15,7.2688382009614e-16,-5.15737720965897e-15,-1.5694886069582e-08,2.57558566971327e-15,-1.08122332488966e-15,2.12702820614385e-07,-2.01194676028492e-15,1.93309428519838e-07,1.1322004663945e-15,0.000470525793365275,-2.32817166423184e-16,1.81842205772583e-05,2.02839725415544e-08,1.5690675105242e-08,2.83165513175453e-17,-4.85950490373712e-07,-1.33210197019542e-16,-5.15711835387058e-08,4.91585264657969e-09,-2.65460000815385e-11,-1.12140208057368e-15,-1.14721740350754e-07,1.16068343807845e-16,5.18837101053007e-09,2.57873656677023e-09,-6.94908538221559e-16,1.44219389017743e-16,-1.79831722475157e-15,-3.44848254959155e-16,2.25698662066392e-10,5.52333549013241e-09,9.35427274627389e-10,-5.98830961764318e-16,1.47995194504586e-16,-3.48739377881361e-11,3.27584465196346e-10,-7.96615495264581e-16,-2.09035509515155e-16,-2.82353475274631e-09,2.56360201159882e-16,-5.72613131229044e-07,4.06540332004952e-16,7.67660027095491e-09,-6.19663382012205e-16,5.00877613146058e-16,-4.13734902523021e-16,-1.00184633775772e-16,-5.0027681435665e-16,-1.08452176197207e-15,2.12116000358559e-10,-1.48877023794366e-09,1.14013013492079e-16,-1.07911922497873e-09,4.68567555638439e-08,6.87860736058534e-16,-3.55802414312379e-16,-1.33224421064774e-16,-3.21384524575277e-16,4.4467507386716e-07,7.97250245670573e-09,-6.29955357833538e-16,3.53775156317091e-16,-9.9723584800428e-09,-3.23178368157312e-09,-4.94674371521084e-11,2.35638212466009e-16,-7.62474576899869e-17,-2.4152476048086e-16,1.33047221127836e-15,-1.28712125007792e-15,2.20999065591267e-16,2.30284100612434e-07,-8.063315424072e-08,-4.28453912970868e-08,-5.04122106082613e-16,3.3910073779858e-16,-1.61003872461763e-16,-1.62307277461414e-16,1.46417125772956e-16,1.33864066073647e-17,-2.33369151667245e-16,1.45606669154182e-16,1.09379239609046e-15,-2.65910807691238e-16,-5.48820800544446e-17,2.23664736200176e-16,5.0240475730307e-16,3.31704200152828e-16,2.66009677462972e-10,8.83096344199766e-17,-1.37545676930138e-15,7.47032927489739e-16,3.83642881376732e-09,-9.92220773330979e-05,6.12630925567263e-17,-9.8705804609231e-11,3.57709509728812e-09,-5.39955312115156e-16,8.5797616027441e-16,-7.04868629767069e-09,5.2470498491511e-18,9.22287508748082e-11,-5.18727630582996e-17,-2.99838228204349e-16,-5.8269247196852e-18,-2.32474908587144e-16,1.98118983418031e-05,-1.28412905559557e-08,-7.36106148469443e-16,-9.89610930098429e-16,-2.9198502454155e-16,6.47978038097893e-16,-1.00180280737661e-16,1.86951448767894e-16,7.95480507664703e-16,-3.94460256786668e-16,1.70101335145054e-10,6.52018393541469e-18,-1.47682613658976e-17,1.42163292093903e-17,-5.88457835208014e-17,6.14657192208291e-16,6.38532392540935e-16,-3.75976087590405e-08,-8.94910456776302e-16,2.04870845261535e-16,2.55081988004733e-09,-6.04947486001087e-16,-6.40079128989275e-16,1.50275581001785e-16,1.33585203920558e-15,2.19617732407079e-09,-2.4457380350563e-17,-1.51644332201541e-06,-7.97178712311544e-16,1.35191619352714e-15,9.32518690240418e-17,-8.43569006016504e-16,-8.53023976335843e-17,-1.35485858899144e-15,2.66598854421806e-09,7.25843808511984e-16,-1.0192922241378e-15,3.39207787443263e-10,-3.35428372598988e-07,6.11476710073859e-16,5.80967568060903e-08,7.91188271072671e-08,-1.8869782448554e-16,1.10781363663646e-15,6.72753256854396e-16,1.70283225142525e-16,-1.3242125589121e-15,-1.36371950535145e-07,7.05736141940537e-16,-1.6384270025417e-15,-1.91567213845844e-15,5.49330396764346e-08,-1.06943814202796e-15,-1.09852879264644e-15,-1.29049956607901e-15,-3.62211537912631e-16,-2.5224500021831e-08,-4.75897090774666e-16,7.45483572943619e-11,-1.16362253959919e-16,2.34021691747561e-15,-2.9931128739375e-15,3.03543868627407e-15,-4.3511114809095e-15,-3.5798846443818e-15,-5.30260602573013e-16,-1.30944605407035e-09,-1.44644746241821e-15,-2.12875689300503e-15,5.52120858620205e-10,-8.31618392704644e-16,-1.80548917052976e-16,-1.38946861235623e-15,-4.29928937345265e-16,-6.00882180686119e-15,8.25828423091236e-15,-4.03848049224171e-09,1.65996766787488e-15,5.92459018525702e-15,1.20723571423376e-09,1.9515169381334e-14,-4.76966331682866e-15,-8.39415734570547e-14,0.707106781186549,-1.76290151021265e-13,-2.02938852197978e-14,-2.6619930206816e-15,3.32322327697926e-16,-1.31925920228382e-15,5.50513864809093e-16,-4.4076926984534e-15,-6.42028315790666e-10,2.13233987882314e-09,1.64762238603382e-15,-4.02106202109236e-15,5.20138547402346e-16,-1.58013541750417e-15,3.02156303449985e-15,4.5281907190672e-16,-4.71349317599137e-15,2.36938051473925e-15,-2.04874742078027e-09,-5.52965377623316e-15,-1.03964065460544e-15,-4.12984835134659e-15,-1.66034427117394e-16,2.40062196080876e-10,-8.18357733096309e-16,-3.83397363020512e-11,6.25292787571218e-16,1.40136517781432e-15,-3.06949606221129e-15,2.62604584866534e-15,3.35843391348422e-16,8.14906376616241e-16,2.04926634427366e-15,2.54119878151298e-16,7.48871199550447e-17,4.44482399165671e-16,-5.96516145998577e-17,-2.86329208677429e-16,3.64722571885547e-16,1.08473080795488e-15,-8.44708910910215e-16,-8.17468599747938e-17,-5.70479944813725e-16,-5.13395751625503e-17,5.51426855473867e-17,2.76552765728839e-16,7.49400541621981e-16,6.26903821965245e-16,-7.3960866899898e-16,2.81909164763948e-16,-9.26948696115093e-16,1.89907112694329e-09,1.93974264993666e-15,-4.5878661101135e-16,3.15421873270869e-16,1.02859265676095e-15,2.64507672429405e-16,-1.72001391072247e-16,6.55846324071015e-16,2.99899523635542e-17,-3.51573724562201e-16,-2.34066869987878e-16,-1.44198888940572e-16,-3.9576376491248e-16,-7.69477117440952e-16,1.50147230582164e-16,1.50695185756274e-16,-9.30065714194975e-17,1.52452041198364e-16,-2.24594192601374e-07,-9.86045676790615e-17,-3.06716981796231e-16,7.4203740247214e-17,-8.66581626572295e-17,6.85635433129231e-16,-7.48282941231995e-17,-7.65834345383288e-17,-2.62864143617035e-16,-2.2880471760553e-16,5.75953309496819e-10,3.91821729164391e-17,4.70783617415915e-16,-9.03853402250515e-17,-5.3740578823532e-17,7.32742171207823e-16,-5.03862029569248e-17,-1.31534598539238e-17,2.59527220579935e-16,1.32028848740994e-16,3.30515059668258e-16,3.29750241778166e-17,1.37521507087438e-17,-2.8883332110953e-16,2.7157713021783e-08,3.31190608019048e-17,1.27494008015641e-16,7.96174347157465e-16,4.31295624214734e-16,-8.11208310103867e-10,3.05132399152385e-16,1.39899305230615e-16,4.76389737098291e-18,3.0581533182252e-16,-3.6568551689118e-16,-1.80826797764193e-16,2.82827838871945e-16,6.46460766865423e-16,6.08723758448264e-18,1.85172184394269e-16,1.73786632142607e-16,2.01848947065017e-16,-3.53074380155153e-17,-2.27850928405768e-17,6.59600368365332e-17,1.70268584194691e-16,-3.84023168208037e-16
"t696",0.0397214106461348,-0.0138248446639566,-0.015313493827744,0.00106829028215877,0.012474513886008,-0.0516487961381124,-0.00796834274484384,-3.13599091238356e-05,0.098519024553163,-0.0062754350736355,-0.0137001991697027,0.0011813970231908,-0.00263605332586981,-0.000594060166636746,-0.0194633353960685,0.000607659118290069,0.000457078316232851,-6.23685005948884e-05,-0.0346854090061969,-0.0627735403487547,2.8198200466715e-05,-3.98236910393516e-06,0.000179080737126184,2.20074862325448e-06,-3.11849598861116e-08,5.06523634215554e-05,-0.000631877154238507,-3.62829404046471e-06,-3.52240237897353e-05,0.000883431637660171,0.000212338165225241,-0.00595747869857766,-4.32041400998985e-06,0.00647487146158704,-0.0539743467456877,0.000450562767933259,1.3189218055629e-05,-2.1773597859301e-05,-0.0024116691973957,-0.000503700172788329,-6.58547625503772e-05,0.00156213236677703,-4.77810791678417e-06,0.000318189133546697,-1.1539852666791e-05,2.54734640065253e-06,-5.17311383615497e-07,8.40568434890712e-06,-0.00207565553928356,0.00203537045700013,2.37972580143908e-06,-7.24907771703213e-07,2.83014967176197e-07,4.04470182329558e-08,-0.00152694622638181,-2.02429818827845e-05,-0.000139632593330202,1.65147270663844e-06,-1.35589273696537e-05,-1.18025679429138e-08,-3.99588030224351e-08,2.93223414038993e-06,-2.18811933333508e-06,1.72566120616618e-06,-2.58914966308275e-05,7.74482528208074e-07,-0.0651678983742709,-2.84644976489603e-05,4.44301783084514e-06,-1.12010214392192e-05,-4.2456042716398e-10,5.58440158521072e-08,-2.11052301635714e-07,-1.57103859440717e-07,6.69515511783093e-08,7.0599937838792e-07,-6.15521687888018e-07,9.68264233941976e-08,-2.99033162549302e-05,-3.73583821388062e-06,2.39858277314336e-07,1.86687749087445e-05,-2.62727232943118e-05,-7.72959522774653e-07,0.000295143771100778,9.18864015736921e-08,1.0437499251317e-06,0.00115962894227004,-1.79813594412814e-07,2.17121625040173e-06,-8.32514432832127e-06,2.09359616622218e-09,1.41828828810527e-06,-1.10887378489279e-06,-1.72947917211171e-07,-1.90280138182396e-07,-2.22907575669497e-08,9.21532818706541e-08,-8.61527644472344e-07,9.94707034750818e-05,-1.04771630462903e-06,6.61083729376098e-09,-1.3218268784325e-06,3.79000573070079e-07,-3.61720157065856e-07,8.84938655848834e-09,-1.70345656910153e-06,1.94075801281029e-09,-1.69625430087373e-06,2.55701015266022e-10,5.95577811449124e-09,-2.00332051178488e-08,7.40536957550131e-09,-3.57966498131853e-08,4.36790249882567e-08,-6.57765235134827e-08,8.04515386933444e-06,-1.07398722766157e-05,1.94377159454653e-06,-7.84823318924092e-07,4.79528200740372e-07,-1.23353470963454e-06,0.000150438612843866,-1.18604814063308e-05,-6.81560895242947e-08,2.19048485419721e-06,-2.30416413687755e-07,6.21376241337196e-06,-7.81803762447051e-06,-0.000272907491595463,-2.06484248578949e-06,9.34418226368346e-06,-7.76889052386086e-07,-5.23899169153789e-05,2.41086875421145e-08,-1.62292123842389e-05,0.000690006230221969,3.08237637919216e-06,-0.00854161094410917,-0.00210537157482317,-0.00036121168981415,-5.35901354785109e-06,1.32640764913048e-05,2.76739155893233e-07,1.55733012156291e-09,8.77248430699241e-06,2.42290196130279e-06,-0.000276048387218615,-2.38259799216277e-05,1.31690061921843e-05,1.96913709503053e-05,0.296147803386491,-2.47816852506102e-05,0.00284735946472803,-1.64048037044018e-06,-0.000305893134919738,0.000158535144216398,-7.4036426281342e-06,-0.000411119124314959,-5.24842219754339e-06,-4.8459007491802e-06,6.97963835778818e-07,-5.06319331316501e-05,-6.44638649521191e-06,4.048422076611e-06,-2.63208972250555e-06,0.000369416002649615,-0.0069410325979328,0.000443312591441868,2.6703300620959e-06,-5.03985119728941e-06,-8.92700624608994e-07,1.10557964362932e-07,4.00737529191206e-05,7.30287215475678e-07,1.49819870382646e-06,6.58928232867323e-08,-2.72964044717141e-06,-0.000130021577024308,-1.49314985258917e-05,6.23101599549764e-05,1.90193289240767e-05,-4.21729072700562e-06,-1.79807564638338e-08,-5.88682763774215e-07,-3.37223595470426e-07,-0.00309420597982902,0.462707560873275,-0.087831362406554,2.79761001825914e-05,5.3260139018168e-05,-0.00828978816045906,-1.12555434560024e-05,-1.60791286139438e-09,-1.41827080098019e-07,0.000208683392765839,1.14474206589983e-05,1.62810536904937e-07,-0.000169441116611824,-1.75816507896894e-06,-4.02848352241198e-06,-4.78584514768955e-06,8.05746018204352e-08,2.88564973984331e-06,0.00109475119378734,-5.62588034008509e-07,-7.66195235732722e-05,-1.31658707628809e-07,6.80511255140619e-06,8.51999512757565e-10,6.55036017598189e-06,2.13176732984743e-08,-2.22561630672615e-07,-0.000164763531975443,9.35681539968938e-08,1.14637616210924e-08,3.24203789649581e-09,2.43206069718946e-09,-1.06707489752412e-06,-5.38853729503267e-07,-2.58875858526435e-07,3.59287551199061e-07,8.14667150929761e-08,3.5607279502538e-07,-1.14632675624846e-06,-6.63384820567816e-08,-6.30492257105676e-06,-3.78287717835969e-08,-8.47412894519288e-06,-2.85154938831877e-06,1.56164128209694e-07,3.27432964055299e-08,1.00842769223563e-06,3.73160094473742e-07,-2.20042682965777e-07,-4.02227950592083e-09,-1.80182116437713e-06,-5.51242135289541e-17,-1.73908645304175e-08,2.49534540371944e-07,-5.2341719992994e-08,-1.37575209204499e-07,-1.8843296140258e-06,2.60854209113584e-08,-3.80831213482448e-07,1.70265672415169e-07,-3.27630385113512e-07,0.000442196480015312,-4.35312018277213e-08,1.78473664144737e-05,-1.17190573735363e-08,1.29296342470369e-06,-1.11819021647418e-05,5.11430353268585e-09,-3.47171054165991e-10,1.70915457150395e-08,-1.75736979223184e-08,2.78646155011626e-07,7.6985038882726e-06,-1.5467393437339e-06,3.36302229013469e-07,-6.37349318678375e-06,7.82577066096443e-06,-5.13347484491712e-07,6.11101979163801e-06,-2.11259160690278e-06,2.49668972068165e-08,0.000232039770455608,1.2220801389105e-06,0.0745575939123183,-6.14283274655963e-08,3.86108829781816e-06,-2.97591969396062e-07,-3.62970246231293e-09,1.8389123249346e-08,-5.25502411452282e-08,6.65643694388513e-08,-6.12457437070189e-09,1.62259355465962e-06,-7.54781326018834e-09,1.30266526119485e-06,5.32326055831986e-17,-3.70690101502313e-06,-3.75328233759053e-07,-4.24273304443919e-12,-4.23185204201959e-08,7.00874993604386e-08,-4.62165299485869e-08,-1.35596694009638e-08,3.71504969866428e-09,-1.91881140512036e-07,7.59312204673111e-06,0.0376578072002332,1.05156927148206e-09,-4.83257042948593e-09,-8.76589864611287e-06,7.52146361148065e-08,-3.31207987762771e-06,5.40601722939967e-08,9.50532838533227e-08,1.46974945416612e-09,5.08960573103328e-06,-9.36635090665686e-07,4.42530262185849e-09,-1.55601494426806e-06,2.20028142269222e-07,-8.60543540099184e-07,6.47565458949697e-06,0.0184592369444761,-1.46646695856332e-06,2.65152651461576e-07,6.36895533260575e-07,-3.26534855524611e-08,9.51506423021493e-08,-0.000857341652909184,-4.37445958689077e-07,5.37257206901374e-07,1.11629805177464e-16,0.00106956865506319,4.45097082589053e-08,-7.17593288263041e-09,2.31850571689473e-05,1.00022387130642e-09,6.15103655897537e-06,1.49719281896314e-06,-2.06629295542937e-07,9.38565228786915e-07,6.36150779687595e-17,-8.65559415408768e-06,-7.43544138062913e-10,-0.00298302203472861,-1.4827093621596e-08,1.82015398585112e-07,-1.49576959556669e-05,-2.21975423211762e-06,6.08801223361684e-07,-6.38676048093951e-08,4.20463725340391e-06,-1.38725669803619e-08,-1.34762533660704e-06,-1.8181962993884e-09,-2.89020432586717e-10,-1.44360550025535e-05,2.08192609190848e-08,-4.20891625511302e-06,-2.10521161386183e-16,-1.24365246209052e-07,1.00461513162162e-08,2.89610817001056e-10,2.84764397014093e-09,-4.41377750900688e-06,-3.11249859970221e-05,1.81703209409445e-07,-7.21527985504656e-07,-6.62989539556109e-07,2.91083463232015e-16,-0.00619436084126221,8.5517816338787e-08,4.21654421930232e-06,-2.33897635317695e-16,-1.91534349432821e-07,-1.53251000879428e-08,1.72538635113001e-09,2.44446504026801e-07,-1.14866374337524e-06,-1.25184811409686e-07,-5.43957011218944e-08,2.65840225414855e-07,1.99739998693132e-08,1.30507294919143e-09,3.65648196290552e-07,1.11655888153382e-08,-1.46971540564876e-18,-5.43848705884501e-09,2.06224098670365e-07,9.32197040246018e-08,-6.20909509127345e-07,-5.89896891387699e-17,-1.38989935361593e-08,2.78433132008381e-09,-3.35768073471435e-07,-5.15498452913117e-09,-0.000186032238970796,1.48634482835495e-08,-2.13214426252439e-07,1.22538087957324e-06,-8.48200633064176e-17,4.59122000401318e-06,-2.18267484759457e-08,6.37399522932774e-08,6.90256069685629e-06,-9.0783298655937e-09,-1.14952667950032e-08,-1.17961196366423e-16,5.55476676890945e-17,-1.07153323029916e-08,-1.2496121431466e-08,1.65121260835512e-09,-1.72041609559172e-05,2.21379174373575e-16,-8.75676654420491e-07,-1.04092754303246e-08,5.19917881222221e-17,1.07978402443756e-17,-1.66457423619928e-17,2.10039248561994e-05,5.96890292427795e-08,-6.71120055982042e-08,2.05731208968583e-06,2.9239948144692e-07,5.46245467590456e-08,-2.37257830876958e-08,2.72385063516161e-17,-5.30105043516679e-09,1.50118953059905e-08,1.24457401623842e-16,4.30117957827399e-16,-9.9046621240266e-09,-1.50010031288068e-06,-6.2930270003088e-09,1.69277768673034e-06,1.44403750154728e-08,-0.00779581719581741,-1.03693688662552e-15,1.7972675428955e-08,-2.28057358811672e-16,-1.68392628439333e-06,1.93150617028293e-16,-4.78744969531075e-09,8.2137091793264e-17,2.13187687115765e-08,5.67214270855303e-09,2.71131117497635e-07,3.76710674729553e-07,1.66951304776454e-08,-1.94400501503118e-09,1.24607072124363e-08,7.76169825128806e-09,2.10525655420592e-05,7.42731159456534e-08,4.42758520211998e-09,-1.2695661280895e-08,-2.15877069648626e-05,-1.86259366853953e-07,-6.05080229992831e-09,-1.79448102368662e-17,5.74711842507088e-08,-1.00260499338975e-08,5.59190402525097e-09,3.34207191491179e-16,0.00304381958725056,2.70980935244458e-07,8.90185787465882e-08,3.67168312721653e-16,-2.18517542809072e-08,-0.000131431496866777,-9.04966095230813e-17,-1.44890938048646e-08,3.88338933657681e-08,-1.89601856826961e-17,7.41824202339597e-16,-3.76621914154466e-09,-0.00157232302020916,-0.00020973928756054,-1.65695760776935e-05,1.39248385282829e-07,3.69421294317007e-09,3.80826146898293e-07,3.49557462657566e-08,-8.98067991798533e-07,2.04057690883497e-15,1.68598050243391e-10,1.15447137666031e-07,0.00109743818269461,3.07799713744619e-06,-3.00370920218411e-13,4.25326461162621e-17,4.46552606229209e-07,5.44012935301856e-17,-3.33424392286438e-16,4.75117103941621e-08,-7.01792993324757e-08,-1.31401388319973e-08,-7.42776760292347e-08,3.39577965279412e-07,8.87273612054944e-08,1.13565950102822e-07,-3.74402184049156e-17,6.09022564552775e-07,6.86242744191979e-05,1.30622339206308e-07,-1.25433903749765e-08,5.0003988039277e-08,8.02470608678507e-18,2.56568988756816e-16,-5.76778154897443e-17,-1.31919683883735e-05,-2.13748573765265e-09,-1.38638058265645e-07,1.0019024789084e-16,-1.64963710827815e-09,4.18688551988133e-16,-1.60057870654711e-16,2.77474925222338e-07,-6.94985301017825e-08,-4.20236762055382e-16,-5.77570517917594e-07,-7.8212415328953e-09,-1.50720891151125e-16,1.78417147297016e-08,1.73178263273845e-16,6.68909749001999e-07,-2.02682033239609e-15,6.67821145817651e-07,5.5127132195533e-08,1.99851301549161e-09,1.97591892188448e-07,1.36009645560642e-06,-6.54647115948823e-09,2.04267402172459e-07,2.19312559494559e-16,1.23430404509069e-07,-6.98392688588505e-09,-2.70944039561569e-16,-9.23146439071348e-10,-1.89286447446292e-08,4.422910809618e-09,-9.0496983337567e-17,1.44787418878146e-08,1.92311204457833e-08,1.06385534112973e-16,-5.3667994665587e-07,-4.08531666391408e-07,-5.63881535259377e-10,-8.12412016435066e-16,8.93512332350469e-16,1.03702793203256e-08,3.36063896158425e-07,2.72626863605243e-08,-4.48927123444677e-09,2.15999771141271e-07,-1.23725482720152e-15,8.34404704523955e-16,7.95883263362621e-07,2.39736018605893e-09,-1.97093604534426e-15,1.9586977522794e-06,1.72224539620847e-16,9.90854491355483e-09,-1.92187212353412e-07,-0.000473855929692669,-1.34665239309749e-05,-8.50758073349719e-17,-2.83236204103239e-17,2.22681882886675e-16,-1.33646718973837e-16,-1.24270101096147e-09,-4.33870920002709e-09,8.28870910575002e-18,5.84978257321008e-16,-1.73160280112197e-16,6.2568187509647e-09,5.68439900063941e-11,-3.22899221939304e-09,-5.38458117565126e-17,-5.72458747072346e-17,3.19151172503696e-15,-1.57429226672519e-07,4.84238840309398e-09,-2.13210533040513e-16,9.05247635169432e-10,-2.43621298508756e-08,-8.781115987608e-16,-2.6929935712398e-16,-1.88420470845142e-06,-1.86745402143633e-10,-9.87856718948564e-07,-7.43866615967932e-16,1.17900580872725e-08,2.02445594843614e-07,2.39950570089011e-07,-1.06090802672645e-06,-6.64753596127673e-08,1.2147428615699e-09,5.1327883229083e-15,-1.81393755662616e-14,-2.54398130187858e-14,1.5561662003929e-07,-1.57394376036903e-07,-0.392556731788621,7.89169425415419e-09,-4.1327625817694e-15,-7.80771893420177e-15,1.70273365521843e-15,1.08808629594689e-15,-4.9241653077923e-15,-1.56948869893781e-08,3.73848867876518e-15,-2.98486457141999e-17,2.12702820171015e-07,-1.68547771669169e-15,1.93309428661108e-07,1.56691648704827e-15,0.000470525793365036,4.8909388197968e-16,1.81842205774815e-05,2.02839730240589e-08,1.56906752284887e-08,3.89075297280595e-17,-4.85950491066589e-07,2.0225896677402e-17,-5.15711832794102e-08,4.91585237481117e-09,-2.65463234119067e-11,-8.0570898650378e-16,-1.14721740274191e-07,-3.7641894184529e-16,5.18837115580119e-09,2.57873678502582e-09,4.66443225309963e-16,-2.57078955669935e-16,-4.15554524348444e-15,-2.63429001769632e-16,2.25697998424697e-10,5.52333438584221e-09,9.35427183922249e-10,5.4566720404955e-17,1.65813559457982e-16,-3.48738281399593e-11,3.27584521574859e-10,-3.82924355896966e-16,3.07595659130607e-16,-2.82353642187024e-09,3.63363452437849e-16,-5.7261313006476e-07,-3.19843160137591e-17,7.67660013242744e-09,-5.59371403818068e-16,1.73746814521787e-16,4.18646251287078e-16,1.66094044710376e-16,4.1614742605333e-17,-1.1315219261493e-15,2.12116791398076e-10,-1.48877018642457e-09,-2.83555284299906e-16,-1.07911922180661e-09,4.68567551436843e-08,3.60147661613743e-16,-6.20384105974519e-16,2.95003603053174e-16,4.12373989677242e-17,4.4467507397124e-07,7.97250232018677e-09,-5.65444280311512e-16,1.24098078211752e-17,-9.97235835798217e-09,-3.23178261318414e-09,-4.94673665590483e-11,-7.36596079662739e-16,-3.40527162731757e-17,-3.63851330052755e-17,1.1708599626825e-15,1.01554407679469e-15,-1.85944749424086e-16,2.30284099610624e-07,-8.06331539888277e-08,-4.28453901356094e-08,3.41614476666807e-16,-7.37707275070201e-17,-2.07926040784428e-16,-7.78738945820589e-16,-1.27386851358591e-15,-7.43020830605369e-16,-1.97153229067932e-16,-2.11996101354897e-16,-8.40356603689276e-16,2.87524880024794e-16,3.7735408395896e-16,-1.9859381495987e-16,-3.58876835846725e-16,-6.43740455291459e-16,2.66008621813835e-10,1.29321069482157e-16,5.57892547442579e-16,-7.38904323519188e-16,3.83642985546952e-09,-9.92220773322138e-05,-1.37232604298562e-16,-9.87052985047951e-11,3.57709501900942e-09,1.68274315818088e-16,-9.01603661576626e-16,-7.04868634492346e-09,-5.52918233567653e-16,9.222865055706e-11,1.66376741158662e-16,4.59151743287937e-16,-6.46864702197072e-17,-3.0479833433866e-16,1.98118983415886e-05,-1.28412896888112e-08,7.39005101043942e-16,3.99402152260993e-16,1.20405098295036e-16,-7.68979333646404e-16,1.2641797331181e-16,-3.77129100130838e-16,-5.24228797144193e-16,2.53341578333061e-16,1.70102954396111e-10,-1.07134750263561e-16,-2.35356627320845e-16,1.85413656441321e-16,-2.78328730608429e-16,-7.06303679652447e-16,4.47912709959038e-16,-3.75976074512543e-08,1.14615777963324e-15,5.06726046054742e-17,2.55081852165937e-09,1.04232491523472e-15,9.12571380658714e-16,-3.52530578158491e-16,-9.2555101795296e-16,2.1961766878511e-09,1.0505238737519e-17,-1.51644332144817e-06,7.37435296336711e-16,-1.2540105695877e-15,-3.14198056745282e-16,1.51919975419621e-15,-4.85757279663022e-18,1.19095655612088e-15,2.66598640384787e-09,-1.03191725438563e-15,6.59200459803989e-16,3.39208422951067e-10,-3.3542837009799e-07,-5.91989511758379e-16,5.80967577777625e-08,7.91188244773268e-08,2.05786564364115e-16,-1.1748114230817e-15,-5.54739810129779e-16,-6.00930145023636e-16,1.92568990179847e-15,-1.36371945471182e-07,-6.14286308833511e-16,1.36011028831999e-15,1.10934805741238e-15,5.49330306829093e-08,1.39008313106936e-15,1.5675910081775e-15,1.85979353248163e-15,7.38361240430001e-16,-2.52244924776267e-08,6.50635588005181e-16,7.45452396038966e-11,8.11740981123196e-17,-1.98768098468833e-15,2.51269841111364e-15,-2.83186276786224e-15,4.40414672066939e-15,3.72869837140702e-15,6.81307006112759e-16,-1.30944579236955e-09,1.4221892657241e-15,2.09872652576343e-15,5.52128779382906e-10,8.14483890399844e-16,-1.37623889927315e-16,1.10750271415102e-15,5.13139196132022e-16,6.01855855570448e-15,-8.53424819392098e-15,-4.0385000652555e-09,-1.42688864031257e-15,-5.90576591019612e-15,1.20717821068499e-09,-1.99423683679118e-14,4.6450749991692e-15,8.37613804787275e-14,-0.707106781186545,1.76151037283629e-13,2.06736845811101e-14,2.65259927001769e-15,-4.89059074314213e-16,1.34061119072165e-15,-3.9858294686434e-16,4.53066711352173e-15,-6.42026625304402e-10,2.13234039042118e-09,-2.03429849224666e-15,3.86303618134665e-15,-5.26975513053551e-16,1.26145858443955e-15,-2.81393831846888e-15,-6.98558077880084e-16,4.34597268387434e-15,-1.7115019957056e-15,-2.04875210836532e-09,5.46441018140712e-15,8.50638333515441e-16,3.89580903802612e-15,4.93147330850856e-17,2.40073523979708e-10,2.66575439773503e-16,-3.83397573222772e-11,-9.38356910558306e-16,-1.05236183912071e-15,2.9008309360081e-15,-2.90352193013396e-15,-2.86875725373126e-16,-8.71033588699465e-16,-2.14920120559699e-15,-2.47735032667873e-16,5.17453300010206e-18,-3.21705270223002e-16,-1.23675474701861e-16,2.23040651969554e-16,-3.46573018421701e-17,-1.01681144516689e-15,4.38138890049214e-16,-1.86603874528138e-16,4.75264910951238e-16,4.4367113977537e-17,-9.2771834112596e-17,-2.12198348258912e-16,-3.50739402799061e-16,-6.69665436990719e-16,5.40928964396494e-16,-3.27636648443012e-16,7.22703255865458e-16,1.89907153471708e-09,-2.22693677855074e-15,2.59562348985738e-18,-2.55842453154718e-16,-1.09714959614137e-15,-5.38225467298594e-16,1.68722932652513e-16,-4.54855239015819e-16,-2.1132294561187e-17,3.96162234205344e-16,1.08582321724866e-16,-5.12827627585644e-17,5.81043542498198e-16,8.37786096779553e-16,-2.1955332299854e-16,1.36898624379989e-16,2.55991723316295e-16,-1.33779318526126e-16,-2.2459419237887e-07,1.526115283358e-16,2.63822980760214e-16,8.29114789049581e-17,-3.6944159102227e-16,-9.66686524003335e-17,5.28251048296676e-17,1.89294008615849e-16,3.82125286512007e-16,4.52760814549097e-16,5.75953252552238e-10,4.18070174618655e-16,-4.47107766175278e-16,6.06069341125012e-17,-2.77671261736449e-16,-8.57616939396582e-16,2.91043314080861e-16,3.97223249845971e-16,-2.18278033432237e-16,5.38741212355435e-17,-2.44024844099036e-16,-1.04207150060327e-16,-2.03985329004441e-16,2.17673819425383e-16,2.71577129514602e-08,1.24611022986124e-16,-1.79959615070429e-16,-9.43981417065415e-16,-2.99456640040496e-16,-8.11208221082672e-10,-2.30831153909467e-16,-2.32057532620436e-16,-2.83227119945858e-17,2.2130684618084e-16,3.76286185935919e-16,2.30690492444125e-16,-1.56154440948132e-16,3.16051685880284e-16,-1.83115830586362e-16,-1.56613893869152e-16,4.30851420765552e-18,-2.18456251001406e-16,-2.95855009496571e-16,7.18444765243278e-16,2.27595662896082e-17,6.68166632713042e-17,-5.22314407234898e-16
"t125",0.0394739777985965,-0.0136424011451298,-0.0151048007953797,0.00104870878906282,0.0121936727424267,-0.0502805207144766,-0.00775301544602979,-3.04435665878201e-05,0.0951052726666052,-0.00601026534939659,-0.0129592402457848,0.00110189246562901,-0.00245318359194078,-0.000552190305211876,-0.0180282719084791,0.000560047332757158,0.000420355129415132,-5.72608898483742e-05,-0.0317747118329953,-0.0570171938649177,2.5384239283856e-05,-3.49440755710697e-06,0.000155773624742974,1.91250776673032e-06,-2.70826799317943e-08,4.36341885827261e-05,-0.000543167620286411,-3.11379038224154e-06,-3.00783768721301e-05,0.000727435679617683,0.00017193221804421,-0.00476291753781651,-3.37910344051047e-06,0.00498297732130842,-0.0407570591193767,0.000329148542126154,9.57809616599788e-06,-1.56917442875941e-05,-0.00173220030907342,-0.000359083023888363,-4.6244884204792e-05,0.00108226398456479,-3.28161334865971e-06,0.000218373216616892,-7.8363009984924e-06,1.65909987813684e-06,-3.32353643438359e-07,5.36487113897788e-06,-0.00129979552906533,0.0012473168699906,1.41438249305268e-06,-4.24417551631954e-07,1.65327577727078e-07,2.31698342803566e-08,-0.000839601344779849,-1.10583613964385e-05,-6.6620653176188e-05,7.53826784722118e-07,-6.15493756164654e-06,-4.71224203494464e-09,-1.41401355784481e-08,9.67429528096155e-07,-6.77761961349878e-07,5.25549425787482e-07,-6.84752877383041e-06,1.7500410016217e-07,-0.00855216134400047,-2.37692569648839e-06,2.67309701211165e-07,-1.77732131304621e-07,1.18615807101785e-10,-3.42929237862402e-08,1.43309079577058e-07,1.30196846228863e-07,-5.68545944959002e-08,-6.51652062665281e-07,5.87152003632798e-07,-1.08420876488208e-07,4.81643127940654e-05,7.0048211282018e-06,-5.91994703290314e-07,-4.90830194886736e-05,0.000117426732605562,4.21104444157589e-06,-0.00776168054732967,-2.13682134907052e-05,3.7662918820549e-05,0.035444105689416,-5.28616835208139e-06,5.82642721864554e-05,-0.000170787480883601,1.43458342210731e-08,9.21117255422653e-06,-5.41015789701328e-06,-6.12931339474507e-07,-6.49746132707851e-07,-7.59877131869162e-08,2.88405946714213e-07,-2.61916683832904e-06,0.000273969392765181,-2.690175361116e-06,1.68750653981578e-08,-3.35215308181397e-06,7.56724926688982e-07,-7.11661523608591e-07,1.72158009187115e-08,-3.24978056383372e-06,3.68271040414105e-09,-3.18867338061739e-06,4.74006527930414e-10,1.09910670477961e-08,-3.60181769651877e-08,1.32737422552354e-08,-6.0180763629268e-08,7.24849881539346e-08,-1.06170237709995e-07,1.28289801181031e-05,-1.65781695887904e-05,2.91107526257459e-06,-1.14954653327418e-06,6.93703507455768e-07,-1.71124062135687e-06,0.000203259032903898,-1.60087632287288e-05,-9.16490788685032e-08,2.8682110176958e-06,-3.01044894701098e-07,7.93733210123733e-06,-9.37291869125303e-06,-0.000326955034559963,-2.46117233139154e-06,1.06797314132453e-05,-8.80665228128327e-07,-5.90359021315116e-05,2.65127284235261e-08,-1.77872194238982e-05,0.000718059421540743,3.07498504410898e-06,-0.00803381212120304,-0.00197686417950292,-0.000335697128208417,-4.95433704890046e-06,1.21586791626369e-05,2.52850947360095e-07,1.42283863106469e-09,7.82829961178227e-06,2.06055324534751e-06,-0.000223127785423254,-1.90091987535629e-05,1.02037638081268e-05,1.52215060209106e-05,0.22632967544579,-1.88116415561049e-05,0.00214473215409761,-1.14751201239997e-06,-0.000211340394498991,0.000108564757976254,-4.0324730146358e-06,-0.000209551969629948,-2.64679728126955e-06,-2.29790904249286e-06,3.26625487969882e-07,-2.16962938936081e-05,-2.73102731678474e-06,1.55485390438448e-06,-9.06956295300869e-07,3.23191204316485e-05,-0.0135187511091508,0.000278349665669492,6.48199882061038e-07,-1.04062564392119e-06,-1.80814503811033e-07,1.72034486368987e-08,5.68420463693226e-06,8.20610422279956e-08,1.57494631670046e-07,6.68187377400821e-09,-8.62992438422874e-08,5.71040432716148e-06,8.56658683357023e-07,-4.38254913042362e-06,-2.08191861994238e-06,5.26660903499686e-07,2.52041609239296e-09,9.11164890601745e-08,6.91918580073339e-08,0.000674617098891155,-0.155211130896209,0.0298225495715859,-1.06836995940954e-05,-2.70294144028527e-05,0.00517054980682879,7.50554227199232e-06,1.18058068560446e-09,1.11655076601386e-07,-0.000200594910081872,-1.14774901548462e-05,-1.78321481704976e-07,0.000193917829786763,2.82319632412292e-06,6.57453197353311e-06,9.06098225767794e-06,-1.77669817841845e-07,-9.61831216175245e-06,-0.00365677001797905,1.96243847150628e-06,0.000307619576179322,5.87860556348213e-07,-4.23350590223589e-05,-9.66663590971894e-09,-0.000197267046230006,-1.27358884066824e-06,-4.01808265194203e-06,-0.00174683772354127,9.81412616930303e-07,9.14751975518661e-08,1.61350535682043e-08,1.12858869050503e-08,-3.625630027885e-06,-1.53627146269653e-06,-6.98131658357255e-07,7.85412092534382e-07,1.69994924471341e-07,7.06896174648117e-07,-1.9659437625444e-06,-1.10541302974172e-07,-1.04324460337733e-05,-5.36982486097293e-08,-1.09677821105934e-05,-3.32784220059687e-06,1.73788486636236e-07,3.46690485863414e-08,1.01843322280273e-06,3.7180231160069e-07,-1.92852402539355e-07,-3.24208507178299e-09,-1.32064773340483e-06,-6.34580288098416e-17,-1.10108582931426e-08,1.53168475711812e-07,-2.53905336111508e-08,-5.37477719225012e-08,-5.93685313753296e-07,8.10123348886432e-09,-6.39436149956836e-08,2.37519708972524e-08,-4.07317897090537e-08,-0.0186282736902057,-5.43242017838488e-09,7.05886111080145e-07,-1.37646067140848e-10,9.99445589642366e-10,6.30727997660121e-07,-1.39234843224794e-09,1.18740246910116e-10,-6.78857380196995e-09,8.87730768134896e-09,-1.42680821228334e-07,-4.40663875061609e-06,9.26316481132371e-07,-2.0983462211422e-07,4.00217782502865e-06,-4.92655606234202e-06,3.21662947918638e-07,-3.71927464829217e-06,1.27879687219139e-06,-1.06991742053496e-08,-9.77332646898285e-05,-5.04351820208897e-07,-0.0227377592640838,1.56548538150127e-08,-1.77300330411021e-07,-1.01625342370156e-09,1.60843182165228e-07,-2.67207827991371e-07,5.35700884107239e-07,-4.49959020733141e-07,3.48576783210396e-08,-7.54565955186426e-06,3.39118628596221e-08,-5.72109436800108e-06,-9.00353357780391e-16,1.53641573672876e-05,1.54632956587128e-06,1.71704095726102e-11,1.64964344406801e-07,-2.6407134923348e-07,1.70778267818786e-07,4.95609188201319e-08,-9.19985977342399e-09,4.43616795184403e-07,-1.7190575104794e-05,-0.0426947243699484,3.3874811227064e-08,-2.22455329719171e-05,0.000588873195934569,-1.66900558497667e-06,4.62951993592732e-05,-7.67083345306176e-07,-1.35155651572511e-06,-2.09116387633435e-08,-8.54049191516823e-05,2.18411408239704e-05,-1.08814927669722e-07,4.15799405317768e-05,-6.56981325523334e-06,2.66525327407666e-05,-0.000289542068801216,-0.853424845675623,7.22907186278976e-05,-1.36884471223706e-05,-3.88664096489239e-05,2.48678734476399e-06,-9.36250195078013e-06,0.0965336333240992,6.50240800971698e-05,-0.00024131796061269,-2.48382978240693e-16,0.00586027753699251,1.88922652359057e-06,-2.73306893585701e-07,0.000880587952295847,3.78788655439188e-08,0.000227873845199275,5.34270519592878e-05,-7.10168571875814e-06,3.06888776506574e-05,2.5200048100862e-15,-0.000348330788920696,-3.4499887310392e-08,-0.396996137220826,-3.18140856797036e-06,8.59261273157995e-07,-0.000133905075571123,-2.40348991249745e-05,6.84452694305553e-06,-7.23790756589194e-07,4.6504250220647e-05,-1.50214230028841e-07,-1.44057607032118e-05,-1.92773672192306e-08,-3.01924632739809e-09,-0.00015055775010016,2.14833712588079e-07,-4.30734090128026e-05,-1.27284751370206e-16,-1.19707511232057e-06,9.55074911928189e-08,2.75296089998608e-09,2.61541421289545e-08,-4.03329376641362e-05,-0.000268001853174316,1.53965090829642e-06,-6.09476373894249e-06,-5.53521286018069e-06,2.67463484433132e-15,-0.051043820100745,7.01322324775978e-07,3.39753862610165e-05,-7.43274298128301e-16,-1.51500999138152e-06,-1.20701390535233e-07,1.35592774271735e-08,1.91233770685268e-06,-8.91878570941698e-06,-9.66579872875931e-07,-4.18184886108994e-07,2.01804465273862e-06,1.51402012898303e-07,9.80851322283117e-09,2.70806801189558e-06,8.26336519833779e-08,-1.88710700954193e-16,-3.9152433574006e-08,1.47773316646014e-06,6.61251380954296e-07,-4.33882656595217e-06,-1.57020790532667e-16,-9.41661367765017e-08,1.82581577572822e-08,-2.17114765331164e-06,-3.3120636507646e-08,-0.0011862470455249,9.34854318639138e-08,-1.31253002792795e-06,7.18012122703428e-06,1.92768015477195e-16,2.58541601890944e-05,-1.22504412563066e-07,3.55303292026522e-07,3.81185137196659e-05,-5.00982977557581e-08,-6.32707910243316e-08,5.46437894932694e-16,-2.05771543070968e-16,-5.81130543072406e-08,-6.69268263598906e-08,8.82995747492371e-09,-9.09956600837875e-05,3.14308982266624e-15,-4.52450781085467e-06,-5.32402896470557e-08,-1.96777887218349e-16,-8.31156744432726e-18,6.23910017057374e-17,0.000104135935127453,2.94773950026362e-07,-3.26970761408474e-07,9.90813629189199e-06,1.40629742625696e-06,2.59447755080854e-07,-1.12524459349963e-07,-2.82971703404452e-16,-2.447441604463e-08,6.85952807164246e-08,-4.48528652096564e-16,-2.41997287905379e-16,-4.29225170620985e-08,-6.37116605605844e-06,-2.56571087359058e-08,6.57111055240273e-06,3.40319256072164e-08,-0.0085230504897944,-8.61215368051008e-16,-2.3694275947635e-07,1.82594043150998e-15,-1.01391809581739e-05,2.37440275774325e-16,-2.5357433996205e-08,4.20151959001561e-16,1.05623968426409e-07,2.78580451417598e-08,1.24712198119849e-06,1.71823071402706e-06,7.59024252128381e-08,-8.72694993945652e-09,5.54049366564458e-08,3.38595782362855e-08,9.18253358894831e-05,3.22261201800974e-07,1.9036176874424e-08,-5.39605773892723e-08,-9.09096056330726e-05,-7.7879209334531e-07,-2.52114986326421e-08,5.59946136587796e-17,2.36862447813793e-07,-4.08676763534525e-08,2.14381719776982e-08,2.40635908454271e-16,0.00306301973306941,1.11404857122876e-06,3.60589545943991e-07,-4.22147254500675e-16,-8.80409500511339e-08,-0.000521444512996707,2.8568777567359e-16,-5.71462067968918e-08,1.48881641079104e-07,-3.00037630398617e-17,3.15110177456305e-15,-1.429588957274e-08,-0.0059626897363965,-0.000182350628817235,-6.23489696122627e-05,5.18440686393079e-07,1.37416971247986e-08,1.41479346458266e-06,1.28045129934843e-07,-3.24373870910235e-06,-3.12141805458577e-16,6.01947698106086e-10,4.10329021662169e-07,0.0010137256137531,1.12417914538499e-05,-2.48819079368743e-12,1.27942802050407e-16,1.61058981573336e-06,-1.03616202883408e-16,-6.38368604049302e-16,1.66428658954528e-07,-2.44762384224374e-07,-4.58243229552426e-08,-2.56601595891409e-07,1.17162438033119e-06,3.06047180561806e-07,3.91035948800737e-07,-2.15889359987812e-17,2.05823107834538e-06,0.000230993871739488,4.39101860433842e-07,-4.18880844687428e-08,1.64964031090134e-07,1.99250368941285e-16,-1.73734450217554e-16,-2.37966986904264e-16,-4.27496332246338e-05,-6.87236895622315e-09,-4.45475432963206e-07,-3.17755201386308e-16,-5.25997586608125e-09,-3.61615095618355e-17,-1.68589681965403e-16,8.54114495494528e-07,-2.13830164284174e-07,2.81892564846231e-17,-1.76102930922563e-06,-2.37197786803647e-08,3.86857014380613e-16,5.35081505843354e-08,-3.63329269715675e-17,1.97846874234143e-06,-1.3283824979785e-15,1.97274343772152e-06,1.62685004453359e-07,5.89120157135233e-09,5.81550968789395e-07,3.98889404315186e-06,-1.89404587024088e-08,5.79392962940643e-07,5.92444120293486e-17,3.41021066029552e-07,-1.92393051217124e-08,3.84783342992636e-16,-2.53310914074469e-09,-5.1563784961742e-08,1.1968219947954e-08,5.56302541531896e-17,3.82566695085654e-08,5.05643826778467e-08,-8.93663090927608e-19,-1.4017402048959e-06,-1.06348819696503e-06,-1.44944657377841e-09,-4.28767506740368e-16,3.61721455856492e-17,2.58187427697207e-08,8.24586795198749e-07,6.66885398584595e-08,-1.02119709079465e-08,4.84808452114417e-07,-1.00773978416647e-16,4.83291380526999e-17,1.76937937446264e-06,5.3231860452837e-09,-6.96292058756044e-16,4.2768812696611e-06,-3.99345175348193e-17,2.12716068965073e-08,-4.0254676595548e-07,-0.000990718177293562,-2.79527562021222e-05,-1.66007705643557e-16,1.20501768665823e-16,-2.3926787197874e-16,1.39772132625842e-16,-2.40027830941649e-09,-8.32547462346231e-09,2.03589972570492e-16,-1.01835835451486e-16,-1.91046257368906e-17,1.17137537317139e-08,1.05239271490632e-10,-5.78978126235328e-09,9.45813290771814e-17,-7.02400377444734e-16,1.06414443229452e-16,-2.47519290823572e-07,7.57322326374814e-09,-4.4976054746239e-17,1.32697510428791e-09,-3.46956785422415e-08,6.66544063401747e-18,6.74886054415751e-19,-2.48791052758763e-06,-2.44959576689966e-10,-1.23133045700687e-06,-1.0925502717044e-16,1.33240507302105e-08,2.14937932487415e-07,2.30526541681198e-07,-8.60290315200813e-07,-5.10596571356778e-08,8.3171626047423e-10,4.03440039770315e-16,1.78929509796692e-16,-5.98160669736373e-16,1.69706310019431e-08,-1.55177900154004e-08,-0.00364699461161301,-4.0823418280766e-09,-8.38516118591059e-17,-2.25628957807462e-16,1.94246477724982e-16,-4.62908716194999e-17,1.2269840660043e-17,1.97100290607588e-08,7.91131281172623e-18,2.094988319306e-16,-3.44801645690854e-07,5.02007819287516e-19,-3.17426871577341e-07,-1.63855420063441e-16,-0.000789464208504568,-9.93569671906927e-17,-4.50706139819901e-05,-5.48926246873188e-08,-4.84710772359447e-08,3.20973360246932e-17,1.76395611226396e-06,-1.6447624193433e-17,2.67628162501619e-07,-4.24942871937008e-08,2.35147207565534e-10,2.29208442291775e-16,1.29381892589311e-06,7.18231050636977e-17,-9.30036378651995e-08,-4.74731884998055e-08,2.62914364628411e-16,-7.09654077910537e-17,1.17680938340727e-16,-4.57230167775654e-17,-7.1915673694373e-09,-2.13922663424797e-07,-4.77473821563496e-08,3.79602040293971e-17,-3.0556680327233e-17,-4.88301139117156e-09,3.98288724635758e-08,1.41225067924431e-16,-3.1704945497165e-17,-7.92751363978458e-08,-2.35167780896301e-17,-1.40319135538678e-05,3.84909812094455e-16,1.40196838803244e-07,8.08842074066664e-17,-1.73167808625224e-15,4.0711019307482e-17,8.375784691915e-17,7.78736486777176e-17,-2.344723239001e-16,2.68674138269225e-09,-1.87893290794429e-08,3.30974034571071e-17,-1.24615069005699e-08,5.23329067805673e-07,4.32189809098308e-17,5.65998953563682e-17,2.85112805065235e-16,9.29456238106174e-17,4.38693363201414e-06,7.67004886353949e-08,-1.6365554981153e-16,-3.55450376652266e-18,-9.34229870647499e-08,-3.01744866280155e-08,-4.56738141486708e-10,-6.23751664250247e-17,4.26460554512562e-17,-1.69996203605648e-16,4.10454615363792e-16,-2.7811021485402e-17,-4.74889411153997e-17,1.82669311876143e-06,-6.32046140214557e-07,-3.32005917436703e-07,6.16293987800068e-17,1.42264074096394e-17,-9.78103859412421e-18,7.9036072028404e-17,-1.76463226806777e-16,-1.72261906211003e-16,-5.3706969621802e-18,-5.59528662030279e-17,-1.81834257303917e-16,7.21818541636221e-17,5.36287922304684e-17,1.99339781539624e-16,8.37744034275503e-17,9.74187955280379e-17,1.7617341402523e-09,-7.07442069388274e-17,3.41338160228495e-17,-3.84236872054571e-18,2.49382799619849e-08,-0.00018953294074308,-6.59838939928055e-17,-6.41753876053551e-10,2.27351749887749e-08,-4.06022352484547e-17,4.06827780219225e-16,-4.37899930771365e-08,1.62327168383614e-16,5.58334385437719e-10,4.05818751393499e-17,3.40794920819759e-18,-1.12799137488518e-16,-2.03692583127589e-16,0.000115569728188247,-7.47302530925608e-08,-2.91683815602629e-16,3.28083765069018e-16,-2.29762997388715e-17,2.39535702545458e-16,1.69460799559484e-16,-1.09436662404311e-16,-8.58874470699685e-17,-2.680371927125e-17,8.92770393357323e-10,7.89002434681282e-17,3.54233326414344e-17,4.95604529030999e-17,-4.66940862294731e-17,-3.10114040684642e-17,4.92181068337674e-17,-1.937420513783e-07,1.4673066293656e-17,1.20950387975052e-16,1.31017214074981e-08,1.45129206444722e-16,4.36582066315913e-17,-1.34273370826503e-17,-5.41638695161329e-17,1.08839051815375e-08,6.38200123534769e-17,-7.47055683637504e-06,-1.77216079756003e-18,-9.1571083446331e-17,2.0886351616418e-17,-2.90903301339122e-16,-2.61804185944671e-17,-5.17392065586949e-17,1.29795851822233e-08,-4.80445390651268e-16,1.14997029799178e-16,1.63710350407978e-09,-1.61815960709002e-06,1.76112993100348e-18,2.78229256144504e-07,3.78053102079263e-07,1.03889642652593e-16,-7.56218486259811e-17,-4.21663380541373e-17,2.56510526970133e-17,-4.22891047295655e-16,-6.31515234091783e-07,-3.73035641234004e-17,9.13179254618469e-17,1.35622896500761e-16,2.52477216963229e-07,-1.13870430825669e-17,-9.11919588720916e-17,5.23988330035497e-17,-6.22288617655606e-17,-1.14820494356911e-07,1.45159381245372e-16,3.38345579798382e-10,9.80628340346002e-17,-1.33969101261255e-16,-8.3889401027104e-18,1.55722273605513e-16,8.80691787374827e-17,-5.97404763743112e-17,4.46574934270986e-17,-5.85517701336101e-09,-1.89807817248616e-16,5.64896933889129e-17,2.46000499106588e-09,8.32638041161124e-17,6.92276822379969e-17,-1.89563950132575e-16,3.04256490541574e-17,2.46060116110824e-17,5.47731416597173e-17,-1.77977944233667e-08,-2.53916467452673e-17,-1.61013885325164e-16,5.29494254993099e-09,-1.00527459940434e-16,2.6284458318336e-17,2.59236065543217e-16,5.63046818216211e-16,2.84216485552426e-17,-1.38707625177727e-16,-7.32098066287178e-18,-2.35402243652288e-16,-1.46383607796437e-16,1.11830208595792e-16,-4.50160284395024e-17,-2.76886622019812e-09,9.17813061440033e-09,-5.44647549374484e-17,-2.2066914712255e-18,4.38502199516368e-17,1.32165217534455e-16,1.22514845490862e-16,-1.56617979735582e-16,1.90655227923029e-17,-1.81105413055899e-16,-8.73062462314358e-09,1.02791908943811e-17,7.49769398702798e-18,1.80410172212974e-16,-1.46170371332705e-16,1.01467020749811e-09,1.12125775216198e-17,-1.6060044658713e-10,3.50314272885866e-17,-3.5115525945784e-18,1.53930448832659e-16,5.226617884606e-17,6.92789488924551e-17,2.13080093361653e-16,-5.66845921678203e-18,-1.27146445945776e-17,2.77449975369155e-17,-5.55778110096284e-17,-1.2990021893621e-16,-5.11628596313496e-18,1.16144121794705e-17,4.06493778975278e-17,1.60937668226855e-17,-1.73994632402875e-17,-3.88288912278246e-20,-1.39942127006338e-16,-1.03364476797038e-16,-1.17332151821807e-17,-2.29417179697933e-16,-8.25739665645061e-17,-6.42795784785749e-17,1.72178943914749e-17,2.08554245024607e-17,7.71504361027341e-09,-4.39873494866263e-18,-9.57470877262203e-17,-3.9797947085785e-17,-1.98577500637544e-16,4.80303297908139e-17,-1.49590511258076e-17,1.28743715619333e-16,-1.67792725710523e-16,1.30536887121133e-17,1.5590378438036e-17,-2.55871712706579e-17,-1.31429457701409e-16,5.09117301600424e-17,1.309404109338e-16,9.34168576441914e-17,-1.93222194930019e-16,2.07496843211629e-17,-8.95398718811882e-07,5.56071577865051e-17,6.13818817191237e-17,-1.9983001363583e-19,1.56120726195944e-16,-3.07792631418581e-17,-2.62071304273439e-17,3.04490474608286e-17,-1.04244331902928e-16,6.38795342255596e-17,2.25499766973353e-09,3.46610177734995e-16,-1.06322243087137e-17,4.50747084119021e-17,-5.58498353679685e-17,-9.192712876909e-17,3.98264529121633e-16,5.50030821576033e-16,-2.35238965685165e-16,-6.33375248326002e-17,2.28593977423893e-17,1.71244282983348e-16,-1.35847962883681e-17,3.11483617282451e-16,1.04537281407555e-07,-1.60652622120959e-16,2.10299254522844e-17,-2.10480875123661e-16,-4.48642858974502e-16,-3.09905199032057e-09,7.81509626465086e-17,2.47065721142675e-17,1.6553766012425e-16,-1.79637738925572e-16,2.0219119857245e-16,3.03215191467302e-16,-7.52288752972176e-17,-2.97309660522952e-17,-1.03879249180199e-16,-1.32437616774728e-16,2.26449086058373e-16,-6.87238994364874e-17,-1.43010791438032e-16,-8.06151172238704e-17,-4.41636300739733e-17,1.26883105173756e-16,-2.66793243043583e-16
"t327",0.0395096602959367,-0.0136684266204427,-0.0151345506286965,0.00105147964084844,0.0122331512662382,-0.0504716539550587,-0.00778306899180122,-3.05710158992094e-05,0.0955759780067084,-0.00604638471781243,-0.0130582526570287,0.00111228888296623,-0.00247701478964477,-0.000557636710915784,-0.0182139417319209,0.0005661602505526,0.000425054427800074,-5.79127968267114e-05,-0.0321449618550475,-0.0577399044690343,2.57327257767745e-05,-3.5525233387538e-06,0.000158512891945586,1.94633563901057e-06,-2.75636402201004e-08,4.44469502963005e-05,-0.000553407726223621,-3.17303368251455e-06,-3.06664070423184e-05,0.000744310500164012,0.00017619438931258,-0.00488655304336447,-3.47339487195798e-06,0.00512888459437072,-0.0420140190920389,0.000340148194852745,9.90243252467165e-06,-1.6231950741419e-05,-0.00179225834583834,-0.000371727334776625,-4.79224591949852e-05,0.0011225250158618,-3.4056080008377e-06,0.000226634970895547,-8.13822536253547e-06,1.72734012788993e-06,-3.4629177131664e-07,5.59190721998529e-06,-0.001356198247359,0.00130290580336241,1.47965320742086e-06,-4.4431916101988e-07,1.73098108146447e-07,2.42804619942846e-08,-0.000881398024956648,-1.16119788141934e-05,-7.02998453238526e-05,7.96543957429783e-07,-6.50478237887847e-06,-4.99702063294595e-09,-1.50338401665326e-08,1.02991712545689e-06,-7.22307480125827e-07,5.6024137754144e-07,-7.31417906599116e-06,1.87270142479916e-07,-0.00918878387574831,-2.55858227982045e-06,2.87986120569356e-07,-1.91777998125693e-07,1.29064965215836e-10,-3.75586753633902e-08,1.57116752723269e-07,1.43043780867211e-07,-6.24812766143555e-08,-7.16803882048131e-07,6.46092640797249e-07,-1.19521054436545e-07,5.33157842861502e-05,7.7671481371472e-06,-6.58333260422337e-07,-5.46178656591708e-05,0.000131280853562189,4.71457572907936e-06,-0.00874361161269503,-2.41126317409786e-05,4.25739528005694e-05,0.0400771195923336,-5.97758098276235e-06,6.58972436979955e-05,-0.000193290151281438,1.63393852519247e-08,1.04973655352884e-05,-6.19024357305321e-06,-7.06220796588334e-07,-7.49436060080693e-07,-8.76507986272976e-08,3.33577750111646e-07,-3.03247192038501e-06,0.000318428558039958,-3.13668181417952e-06,1.96815229198802e-08,-3.91089447405053e-06,8.95938849014228e-07,-8.43536608101556e-07,2.04239954918788e-08,-3.86145716631623e-06,4.37780283949071e-09,-3.79348542136436e-06,5.64583964432139e-10,1.30964187034687e-08,-4.30168608977351e-08,1.58573524293005e-08,-7.23380014541573e-08,8.72433387767085e-08,-1.28160594270195e-07,1.55065672997763e-05,-2.01113461847675e-05,3.54399439097021e-06,-1.40324691008814e-06,8.48102551199777e-07,-2.10333503958801e-06,0.000250706969148571,-1.97484387193974e-05,-1.13115676211086e-07,3.55290472714114e-06,-3.73022985640861e-07,9.86617930367717e-06,-1.17578334596215e-05,-0.000410190301733431,-3.09005995854695e-06,1.34930933571936e-05,-1.11404155574182e-06,-7.47477992029468e-05,3.36938156003884e-08,-2.26166797580078e-05,0.000920335213429165,3.96706631233303e-06,-0.0104592443157175,-0.00257435487220099,-0.00043784987008564,-6.46716427189397e-06,1.58920686246905e-05,3.30655095198462e-07,1.86066926751956e-09,1.02740297510987e-05,2.72399473708579e-06,-0.000297191060129454,-2.53669285313677e-05,1.36738273203527e-05,2.0404848704804e-05,0.303891866983558,-2.52824141500963e-05,0.00288560861502256,-1.55960966087027e-06,-0.000287709246028619,0.000147967624946565,-5.64852168500301e-06,-0.000295572320880657,-3.73730700261232e-06,-3.26412203107448e-06,4.6453699706277e-07,-3.10992901471509e-05,-3.9183907798601e-06,2.24828647017362e-06,-1.3215145991696e-06,4.81847446089737e-05,-0.0201719370522467,0.00041542683944338,9.70547348114981e-07,-1.56407913516661e-06,-2.71917557424284e-07,2.60701570987544e-08,8.63481415565419e-06,1.25319738068689e-07,2.40833781214461e-07,1.02245036327916e-08,-1.33730185528683e-07,8.96833607763771e-06,1.34856863840306e-06,-6.91464075407647e-06,-3.30692759592356e-06,8.38740776306802e-07,4.02427149616214e-09,1.45838660379523e-07,1.1166883220151e-07,0.00109103185966225,-0.255667336777166,0.0491548514056478,-1.77208917257896e-05,-4.56397760325248e-05,0.00886538246928797,1.29386788128484e-05,2.05185663913076e-09,1.95259662281378e-07,-0.000357469147695339,-2.05390790613773e-05,-3.21980977501507e-07,0.000351737513964093,5.31083955378466e-06,1.23896510664728e-05,1.73554199336532e-05,-3.45966143777222e-07,-1.95269435852208e-05,-0.00742539789933676,4.0009234885626e-06,0.000635015161488661,1.2242471131357e-06,-9.03114344541096e-05,-2.12755619055448e-08,-0.000445775003311254,-2.90223217892308e-06,-9.5239139381757e-06,-0.00423682016925841,2.38181320761454e-06,2.26160078429192e-07,4.19238676550144e-08,2.96191249740257e-08,-1.00650646943608e-05,-4.44725899590791e-06,-2.0517786891412e-06,2.4662218602063e-06,5.42802237828968e-07,2.30003936060856e-06,-6.79716050552021e-06,-3.87163260881979e-07,-3.66562002164268e-05,-2.03305695337661e-07,-4.36258656740651e-05,-1.40421649372018e-05,7.54442806828183e-07,1.55176029994146e-07,4.69626517592387e-06,1.72937278552422e-06,-9.76421294186106e-07,-1.7392969008759e-08,-7.58226392130107e-06,8.59356907496683e-16,-7.04539226477938e-08,1.00334940393056e-06,-1.99757307230457e-07,-5.03089418804278e-07,-6.61604367712432e-06,9.13369593573342e-08,-1.14379422130469e-06,4.72575122445475e-07,-8.5485494422843e-07,-0.531658793754914,-2.05752148018303e-07,6.78941010109749e-05,-4.30114987891032e-08,4.69009763556775e-06,-3.86451651365779e-05,1.56005832041667e-08,-1.01824648691094e-09,4.84651869011988e-08,-4.59331486175695e-08,7.23636425795562e-07,1.86397246715483e-05,-3.5746685452837e-06,7.17359941560723e-07,-1.31886415601671e-05,1.56368862224963e-05,-9.70666812374246e-07,1.04455859666628e-05,-3.56293642056142e-06,2.5195709954196e-08,0.000229313191120219,1.1785263771166e-06,0.0509131012309311,-3.45103753117367e-08,3.72237291941597e-07,2.11462507413053e-09,-2.55701989674997e-07,4.13211047976587e-07,-8.10635920566953e-07,6.48290735365047e-07,-4.83222237992858e-08,9.60744970662935e-06,-4.21432841548375e-08,6.97560643492613e-06,1.96332383674338e-17,-1.75609167960314e-05,-1.75261460741596e-06,-1.89372486571607e-11,-1.70711674433523e-07,2.58929437756153e-07,-1.63260730458498e-07,-4.67911304808547e-08,7.41262592414307e-09,-3.53848314560146e-07,1.3674678756677e-05,0.0324409374159819,-2.26198366989057e-08,1.4527150955815e-05,-0.000378648117316135,1.01975568489693e-06,-2.32577052246002e-05,3.54605906980774e-07,6.21752522520823e-07,9.60593929487054e-09,3.17522151518022e-05,-6.25840054358064e-06,3.01077278025801e-08,-1.09204233944521e-05,1.61716499967329e-06,-6.42882178451562e-06,5.84844823673456e-05,0.169982445411807,-1.40292438973645e-05,2.60913292446363e-06,6.97429939766325e-06,-4.16380424404974e-07,1.466532945326e-06,-0.0146745224052202,-9.38242472265059e-06,3.09666114069472e-05,1.55805275152515e-16,-0.000256168272850022,-6.8588316668913e-08,6.97645611983169e-09,-2.22018647183683e-05,-9.42494019282276e-10,-5.08140550059157e-06,-9.34183543085506e-07,8.41831625894132e-08,-2.21812505105689e-08,5.16895854506317e-16,-8.14291987332785e-06,-9.05279797201903e-10,-0.0128156039092882,-1.04966541097545e-07,4.07129621235511e-08,-7.36732470767281e-06,-1.57350423754523e-06,4.95755581632401e-07,-6.28955038017444e-08,4.62871673210071e-06,-1.61161195809275e-08,-1.60701579596165e-06,-2.20086772026051e-09,-3.58536888112743e-10,-1.79541026008144e-05,2.63045708979208e-08,-5.37949474738832e-06,2.78420366074601e-16,-1.70507168654868e-07,1.3936455958664e-08,4.01805267918209e-10,4.06897730465476e-09,-6.33213748743664e-06,-4.65435016599664e-05,2.74361304239785e-07,-1.09145118520681e-06,-1.00957810772749e-06,1.79454898139149e-16,-0.00949978400783111,1.31483089435005e-07,6.54083020715256e-06,1.51725381938414e-16,-2.99725303098436e-07,-2.40283237666673e-08,2.70792204024878e-09,3.84419454866263e-07,-1.81229656884075e-06,-1.97976427878758e-07,-8.61801745632434e-08,4.23322828123952e-07,3.1824960951992e-08,2.08620974566071e-09,5.87661861686768e-07,1.79498188686096e-08,4.90258942533399e-17,-8.82471024880585e-09,3.3512019254442e-07,1.51954921799529e-07,-1.01654127686831e-06,2.087038624581e-16,-2.29401291130033e-08,4.62922928896187e-09,-5.59792203556777e-07,-8.60459574107069e-09,-0.000310938806987383,2.48997405334874e-08,-3.5830768335419e-07,2.07014621745632e-06,1.66567449212685e-16,7.77379294119029e-06,-3.6960596672055e-08,1.07953462436855e-07,1.16922242063107e-05,-1.53778511194592e-08,-1.94722728334808e-08,5.20417042793042e-17,-1.25631079797832e-16,-1.81500117502367e-08,-2.11605247688978e-08,2.79597379383716e-09,-2.9118615925448e-05,1.09559321279722e-15,-1.47982519320141e-06,-1.75742600660259e-08,1.78146383283582e-16,1.36905196466744e-16,-4.07212230809242e-16,3.53166158334279e-05,1.00296563979545e-07,-1.12480211426372e-07,3.43919301011211e-06,4.88640933120368e-07,9.09836148191597e-08,-3.95014216571189e-08,-1.89866200761551e-16,-8.74461941193677e-09,2.46547843042288e-08,6.56316056325255e-16,1.15699334723778e-16,-1.57703360539765e-08,-2.35263035085813e-06,-9.53655848832087e-09,2.45295434514777e-06,1.2806201710494e-08,-0.00321129537058999,-5.55306694404798e-16,-8.94288372535043e-08,9.54818017423923e-16,-3.84558401281665e-06,-1.4792312340306e-15,-9.65164538823217e-09,-5.86946497976787e-17,4.03811401647597e-08,1.06598312669872e-08,4.8266498506107e-07,6.66558478570813e-07,2.94737409707094e-08,-3.40298474422137e-09,2.16818505768656e-08,1.33577366453042e-08,3.62279983641991e-05,1.27450143061227e-07,7.5614526598615e-09,-2.15564115207082e-08,-3.64871230764223e-05,-3.1370224091298e-07,-1.01731513806422e-08,-7.31550855866265e-17,9.60879384432777e-08,-1.66619800353049e-08,8.85962276895684e-09,-7.97019317009075e-17,0.00127059895969448,4.6469427288681e-07,1.50758722918972e-07,5.3853397163652e-16,-3.68525250103626e-08,-0.000219279040022301,-1.09738196131382e-15,-2.40850324751081e-08,6.35650383751006e-08,-3.23849654735753e-16,1.07999837567243e-17,-6.13323775487132e-09,-0.0025592163047622,-7.84221418605404e-05,-2.68761777312426e-05,2.24632121878939e-07,5.95667082961043e-09,6.13655901426682e-07,5.59072461744487e-08,-1.42372746465998e-06,-1.51549779670024e-15,2.64719962037544e-10,1.80510612934306e-07,0.000446473698070088,4.95809182180209e-06,-1.0971838739842e-12,1.46928966710449e-15,7.11679030953274e-07,3.51800720333166e-17,-3.10665166665347e-16,7.43904426886303e-08,-1.09614610046233e-07,-2.05228317559994e-08,-1.15398030537651e-07,5.27191227885614e-07,1.37727154270039e-07,1.76108058560063e-07,8.71533636203659e-16,9.34349965966358e-07,0.000105035720737032,1.99773909302327e-07,-1.91089015203926e-08,7.56204345910303e-08,-1.35693918132987e-15,1.20342017036517e-15,6.04376833603723e-16,-1.97306272540285e-05,-3.18104101765956e-09,-2.0624409359871e-07,9.20906496860171e-16,-2.44195620076622e-09,-6.10028070449395e-16,-9.46271763266725e-16,4.01219812558625e-07,-1.00461104366878e-07,-8.17835382749266e-15,-8.29687820716061e-07,-1.11934198447457e-08,4.86749793860573e-15,2.5333786756117e-08,-9.86712786476197e-16,9.40390068147199e-07,-0.707106781186547,9.3799619696538e-07,7.73740111654788e-08,2.8027328045985e-09,2.76790832263998e-07,1.90033342662967e-06,-9.05541179850112e-09,2.78364397096329e-07,-3.3182204914073e-16,1.64822745963109e-07,-9.30463743993659e-09,-8.50233354905518e-15,-1.2261049247899e-09,-2.49965135779596e-08,5.80974100640425e-09,1.49937191913867e-15,1.86567845142582e-08,2.46812633374223e-08,1.48614286517229e-15,-6.85032367742068e-07,-5.20034789287421e-07,-7.10313624627007e-10,-3.69209278492261e-16,-8.82975632738705e-16,1.27173817253405e-08,4.07036154187252e-07,3.2933552855748e-08,-5.0897116157002e-09,2.41987871623551e-07,-6.09683124669656e-16,-8.72811763449516e-16,8.84064751043502e-07,2.66005351211561e-09,-1.33501495524069e-15,2.1408399464297e-06,5.79593783348377e-16,1.06651501676209e-08,-2.02278923322807e-07,-0.000497912370022768,-1.40571173622519e-05,-1.35631437716325e-16,-3.21401867494923e-16,1.67872221481789e-16,1.16752253563354e-15,-1.21375143570848e-09,-4.21184180878093e-09,-8.43492609293012e-16,-1.30470545641545e-15,1.5208747134806e-16,5.93556119378236e-09,5.33632211740449e-11,-2.94138727422931e-09,-6.70511238146581e-16,-9.54097911787244e-16,3.2650748424401e-16,-1.26548095671152e-07,3.87276628037158e-09,1.28304591773878e-15,6.8024360374387e-10,-1.78034108154758e-08,1.23202948900472e-17,-3.88673964218982e-17,-1.27956678526424e-06,-1.26009936301771e-10,-6.34260335619898e-07,5.72154074780033e-16,6.87863309281163e-09,1.11099665024985e-07,1.19360796456799e-07,-4.46470238262165e-07,-2.65151726162998e-08,4.32409726095423e-10,2.05721496488179e-15,-1.22743929221738e-16,1.66704386959807e-16,8.88077674558897e-09,-8.1213066778586e-09,-0.00191024259195636,-2.1471195678908e-09,-2.29005711745459e-16,1.19504378526797e-16,-9.36657319626667e-16,-3.66483132958642e-16,2.60260303890356e-16,1.04109713916992e-08,6.77810825041931e-16,4.59381550449415e-16,-1.82429542356635e-07,4.73162122914838e-16,-1.67960806416138e-07,-1.48089344346723e-16,-0.000417793215385388,2.9442520156575e-16,-2.39203393845975e-05,-2.91529769102488e-08,-2.57692401527196e-08,-1.02500398463324e-16,9.38986150795078e-07,1.11323478560339e-16,1.42859132650303e-07,-2.27647917523262e-08,1.25991674913676e-10,1.00673651947272e-15,6.94224250447632e-07,3.7243519853531e-16,-5.00163306149989e-08,-2.5533391086022e-08,-4.04111879259692e-17,2.48065758426348e-17,6.03045298244091e-16,-8.89332386141553e-17,-3.87518454297008e-09,-1.15329061634168e-07,-2.57560191348308e-08,-5.59116242469034e-17,-1.92818982975028e-16,-2.64115993334202e-09,2.15455287382905e-08,-2.86917180607209e-16,-4.68718493288087e-16,-4.30280410748585e-08,-1.12169345995864e-17,-7.6214993035389e-06,-9.20517033593933e-17,7.63050021396861e-08,-7.15136447246118e-16,-6.67297055708984e-16,8.25822654956927e-17,-2.79733101443985e-16,-7.79188661677468e-17,-4.96391840317096e-16,1.46836463672046e-09,-1.02693464337011e-08,5.30379255224803e-17,-6.8206041012013e-09,2.86606445855307e-07,1.31849032559569e-16,3.50448633599863e-16,2.09498282872058e-16,-8.22760039647509e-17,2.40869803994982e-06,4.21383240455948e-08,3.06878197660155e-16,-1.00823019583476e-16,-5.13593604437056e-08,-1.65898715026515e-08,-2.51186404838917e-10,4.84674128848846e-16,2.66333648161598e-16,1.95068098333886e-17,4.06202803596688e-16,-2.81291790558574e-16,-1.20056384017921e-16,1.00930678109134e-06,-3.49377402033161e-07,-1.83602572142754e-07,4.51475344081467e-18,7.62145481345287e-17,-1.13347292409783e-16,2.26241960457201e-16,-1.83148288887531e-17,1.46155279091577e-17,-1.31379726651434e-16,8.88816779998321e-17,-3.98988793668684e-16,9.73793403963281e-17,-6.7202832251323e-17,-5.10496032525505e-16,3.71808946614524e-16,-3.79002973190768e-16,9.81273364538782e-10,-3.58524636230727e-17,1.77532723350429e-16,4.03689639601242e-17,1.39035308706046e-08,-0.000105690880790103,1.48707136289144e-16,-3.57914763175443e-10,1.2694339786274e-08,-1.30241230992515e-16,2.06203448913301e-16,-2.44854429511667e-08,2.31109216006441e-16,3.12741313185228e-10,-1.93394904609346e-16,-2.5426040426688e-16,2.19743758041963e-16,2.11901741567501e-16,6.49113666027208e-05,-4.1981047169392e-08,6.10327910052231e-16,4.7402562546345e-16,-6.59666052189567e-16,-6.43102140470702e-16,1.91686944095437e-16,1.07772127483798e-16,-1.87153364767002e-16,-1.70684033095342e-17,5.06271646256884e-10,-2.90751771543431e-16,1.02582601905459e-16,-7.78876625514467e-18,-1.88277336848425e-17,4.32028216576407e-17,6.70133062959491e-16,-1.10086996705782e-07,1.22660716482453e-16,1.28141350419942e-17,7.4473184230798e-09,5.26228498258915e-16,2.48099082717695e-16,1.70370354249088e-16,-3.52766679626245e-17,6.21323177832423e-09,6.6812659229973e-17,-4.26792956909652e-06,-3.20427456945119e-17,1.43347961554011e-16,3.41645420422041e-16,1.03002171001438e-16,2.04379577475608e-17,-1.81012202345063e-16,7.4267630791661e-09,-4.74789190362581e-16,-1.19058918163657e-16,9.37844551631949e-10,-9.27047701409181e-07,5.82308357552792e-17,1.59560998911393e-07,2.16878042565902e-07,2.58680709726152e-16,-2.30437127823283e-16,1.41877276489863e-16,6.40116542680334e-17,-2.05067856086799e-16,-3.63989267126965e-07,2.11784814354795e-16,1.34638226702522e-16,6.94187463743025e-17,1.45696573508832e-07,-2.6988106178889e-16,2.94692834698019e-16,-5.99883752081357e-16,1.60754955300023e-16,-6.63644178081829e-08,-1.04188394564011e-16,1.95653793647546e-10,9.11717644287452e-17,5.13824138089832e-17,-2.62290816060651e-16,-2.23184894913786e-16,4.30674373279987e-17,1.01403582519655e-16,5.0285866989039e-17,-3.39458959284408e-09,1.86933382451809e-16,-1.03470984464571e-16,1.42711801088485e-09,-1.21904930238325e-16,8.15063459968918e-17,-4.54786539274468e-16,-2.98280553028095e-18,-2.83836696650391e-17,-1.46950387471382e-16,-1.03456198704981e-08,-1.67826683936439e-16,1.93939945467279e-17,3.08062253069568e-09,3.98143195861174e-16,-2.13204330116845e-17,-7.83854465129863e-18,4.5023052934531e-16,4.42206964861448e-16,3.00118167606814e-16,1.71049422330227e-16,-1.7393336987648e-16,-1.19547873300739e-16,4.09629063198373e-17,-7.94638276523726e-17,-1.61622143908377e-09,5.35948552347166e-09,1.46945478755857e-16,-1.73652102611409e-16,-2.25136474688959e-16,6.70135100165525e-16,2.72568426162856e-16,-3.04790054234083e-17,-4.59733641532328e-17,-4.72100681191311e-17,-5.10857219869071e-09,1.37735246637557e-16,2.52090628086124e-16,-5.88103660880668e-16,5.69802599137266e-16,5.94741347119082e-10,1.90465596158018e-16,-9.43172888074101e-11,1.87441177787143e-16,-9.87100955819445e-17,-1.95011961685295e-16,1.69566625187668e-17,-3.25377374886864e-17,-6.23503585696556e-17,-2.97023091192948e-16,-3.7194149831225e-17,-1.97510288906851e-16,1.38111042694189e-16,2.00817235181525e-16,2.33120835144318e-16,-7.33490770958627e-17,-1.30725030497995e-16,1.77577080447697e-16,-7.00207583959511e-17,-4.39969299293211e-17,-3.79434878287043e-16,-2.41795404586657e-16,-4.45401269252036e-17,-1.60461921527855e-16,-1.23437240676826e-16,-5.37350060303166e-17,4.12772288572906e-17,1.67650769985532e-16,4.56295990857943e-09,3.73490779939956e-16,-3.57708014074094e-16,-1.65643560599261e-16,-2.39402082755322e-16,4.80707576608164e-18,2.04326489794364e-17,-6.37409457196297e-17,3.24741298108656e-17,-2.6984945290787e-17,-4.91316219652184e-18,-3.67761376907083e-16,-3.89572945994942e-17,-2.70420325194042e-17,-9.0041795898066e-17,1.320974696735e-16,3.87818061660445e-17,7.50836134595456e-17,-5.32062477431208e-07,1.72059069610651e-16,-2.8490922872655e-17,2.73463123490094e-17,-3.92436581742458e-17,-9.43142685695367e-17,1.22969812307985e-17,-1.05985154760042e-16,-9.85723897149954e-17,-5.93070884802358e-17,1.34637570049681e-09,1.78363766129433e-16,2.35982911455161e-16,7.51317468449502e-17,9.90400923178962e-17,6.6657784651233e-18,-6.26390774917487e-16,-2.80535904342574e-16,-1.03912913240168e-16,6.94600706019019e-17,1.55453830887686e-18,-7.80453537214875e-17,8.74083436834804e-17,-1.4501001768459e-17,6.27113386429755e-08,1.59164117330332e-16,-2.86644360473941e-17,-2.52206026439617e-16,-5.91757545742588e-16,-1.86316475353275e-09,-1.67137939532056e-16,-1.25739994359417e-16,8.23142040895533e-17,-7.72727756434908e-17,-1.80159079610693e-17,-1.6300942047477e-17,2.40033970414032e-16,1.45283647924283e-16,2.34705011425283e-16,1.0813972818137e-16,-4.31386958840462e-17,-2.29969631145731e-17,-1.53285110134523e-16,-2.97050357968532e-16,9.8330111487368e-17,1.11654438325069e-16,5.92443279930346e-17
"t163",0.0395096602959367,-0.0136684266204427,-0.0151345506286965,0.00105147964084843,0.0122331512662382,-0.0504716539550587,-0.00778306899180123,-3.05710158992091e-05,0.0955759780067084,-0.00604638471781244,-0.0130582526570287,0.00111228888296621,-0.00247701478964479,-0.000557636710915785,-0.018213941731921,0.000566160250552611,0.000425054427800076,-5.79127968266951e-05,-0.0321449618550475,-0.0577399044690343,2.57327257767943e-05,-3.55252333873653e-06,0.000158512891945581,1.94633563899323e-06,-2.75636402151131e-08,4.44469502963089e-05,-0.00055340772622362,-3.17303368251259e-06,-3.06664070423032e-05,0.000744310500163995,0.000176194389312572,-0.00488655304336447,-3.47339487193326e-06,0.00512888459437072,-0.0420140190920388,0.000340148194852742,9.9024325247077e-06,-1.62319507414155e-05,-0.00179225834583832,-0.000371727334776635,-4.79224591950099e-05,0.00112252501586179,-3.40560800083848e-06,0.000226634970895549,-8.13822536258144e-06,1.72734012789528e-06,-3.46291771314847e-07,5.59190721998395e-06,-0.001356198247359,0.0013029058033624,1.47965320743533e-06,-4.44319161012239e-07,1.73098108144671e-07,2.42804620350506e-08,-0.000881398024956655,-1.16119788141936e-05,-7.02998453238521e-05,7.96543957425026e-07,-6.50478237886106e-06,-4.99702064630874e-09,-1.50338401810773e-08,1.02991712547781e-06,-7.22307480123635e-07,5.60241377539316e-07,-7.31417906599102e-06,1.87270142496226e-07,-0.00918878387574828,-2.55858227980751e-06,2.87986120579216e-07,-1.91777998123367e-07,1.29064964473835e-10,-3.7558675472461e-08,1.57116752714813e-07,1.430437808545e-07,-6.24812766340136e-08,-7.16803882050949e-07,6.46092640766132e-07,-1.19521054449419e-07,5.33157842861669e-05,7.76714813714356e-06,-6.58333260421138e-07,-5.46178656591694e-05,0.000131280853562194,4.71457572907602e-06,-0.00874361161269498,-2.41126317409677e-05,4.25739528005504e-05,0.0400771195923335,-5.97758098276475e-06,6.58972436980284e-05,-0.000193290151281437,1.63393852588636e-08,1.04973655352818e-05,-6.19024357305708e-06,-7.06220796584512e-07,-7.49436060063318e-07,-8.76507986421626e-08,3.33577750084555e-07,-3.03247192036679e-06,0.000318428558039995,-3.13668181421614e-06,1.96815229103044e-08,-3.9108944740448e-06,8.9593884900642e-07,-8.43536608108936e-07,2.04239954953221e-08,-3.86145716632606e-06,4.37780284334101e-09,-3.7934854213653e-06,5.6458394524176e-10,1.30964187132541e-08,-4.30168608664713e-08,1.58573524518451e-08,-7.23380014529905e-08,8.7243338772091e-08,-1.28160594202314e-07,1.55065672997678e-05,-2.01113461847783e-05,3.54399439098048e-06,-1.40324691010558e-06,8.48102551194447e-07,-2.1033350395856e-06,0.000250706969148576,-1.97484387194013e-05,-1.13115676244479e-07,3.55290472714022e-06,-3.73022985721526e-07,9.86617930366529e-06,-1.17578334596491e-05,-0.000410190301733482,-3.09005995844365e-06,1.34930933571969e-05,-1.1140415556871e-06,-7.47477992030101e-05,3.36938156193258e-08,-2.26166797580237e-05,0.000920335213429134,3.9670663123573e-06,-0.0104592443157175,-0.00257435487220104,-0.000437849870085582,-6.46716427188139e-06,1.58920686248005e-05,3.30655095117457e-07,1.86066926977437e-09,1.02740297510115e-05,2.7239947371118e-06,-0.000297191060129472,-2.53669285312969e-05,1.36738273202716e-05,2.04048487047236e-05,0.303891866983558,-2.52824141500796e-05,0.00288560861502252,-1.55960966085813e-06,-0.000287709246028582,0.000147967624946592,-5.6485216849987e-06,-0.000295572320880797,-3.73730700243525e-06,-3.26412203113206e-06,4.64536997002175e-07,-3.1099290147092e-05,-3.9183907798152e-06,2.24828647032117e-06,-1.32151459919374e-06,4.81847446090832e-05,-0.0201719370522467,0.000415426839443533,9.70547348096598e-07,-1.56407913510421e-06,-2.71917557548612e-07,2.60701571489962e-08,8.63481415562391e-06,1.25319737599948e-07,2.40833781226987e-07,1.02245035552496e-08,-1.33730185665551e-07,8.96833607756982e-06,1.34856863834436e-06,-6.91464075449469e-06,-3.3069275959127e-06,8.38740776267144e-07,4.02427160284779e-09,1.45838660378687e-07,1.11668832123781e-07,0.00109103185966235,-0.255667336777165,0.0491548514056478,-1.77208917258041e-05,-4.56397760322149e-05,0.00886538246928774,1.29386788129889e-05,2.05185646059949e-09,1.95259662288607e-07,-0.000357469147695093,-2.05390790613436e-05,-3.21980977462313e-07,0.000351737513963954,5.31083955390301e-06,1.23896510664933e-05,1.73554199336432e-05,-3.45966143846633e-07,-1.95269435852365e-05,-0.00742539789933666,4.00092348854252e-06,0.000635015161488864,1.22424711303682e-06,-9.03114344541533e-05,-2.12755618158794e-08,-0.000445775003311322,-2.90223217899835e-06,-9.52391393817547e-06,-0.00423682016925879,2.38181320797896e-06,2.26160079069252e-07,4.19238676949296e-08,2.96191250466643e-08,-1.00650646943907e-05,-4.44725899561823e-06,-2.05177868903481e-06,2.46622186020141e-06,5.42802237931393e-07,2.30003936062369e-06,-6.79716050541212e-06,-3.87163260939157e-07,-3.66562002162838e-05,-2.03305695328225e-07,-4.36258656741525e-05,-1.40421649372177e-05,7.54442806850387e-07,1.55176029918818e-07,4.69626517582263e-06,1.72937278544524e-06,-9.76421294116216e-07,-1.73929689436563e-08,-7.58226392110666e-06,7.85087987925531e-16,-7.04539226750299e-08,1.00334940393229e-06,-1.99757307184344e-07,-5.0308941910036e-07,-6.61604367715878e-06,9.13369589689831e-08,-1.14379422137478e-06,4.72575122394307e-07,-8.54854944116862e-07,-0.531658793754911,-2.05752147822557e-07,6.78941010110709e-05,-4.30114986516634e-08,4.6900976354501e-06,-3.86451651363269e-05,1.56005828758281e-08,-1.01824679406542e-09,4.84651869880717e-08,-4.59331487719036e-08,7.23636425621603e-07,1.86397246716326e-05,-3.57466854483005e-06,7.17359941764745e-07,-1.31886415597928e-05,1.56368862224342e-05,-9.70666812309907e-07,1.04455859667532e-05,-3.56293642054165e-06,2.51957099816371e-08,0.000229313191120219,1.17852637699695e-06,0.0509131012309304,-3.45103754959455e-08,3.722372920352e-07,2.11462513763955e-09,-2.55701989626263e-07,4.13211047841261e-07,-8.10635920175484e-07,6.48290735420859e-07,-4.83222239398047e-08,9.60744970654463e-06,-4.21432839885993e-08,6.9756064350998e-06,6.64857849551322e-17,-1.756091679599e-05,-1.75261460773471e-06,-1.89372179713753e-11,-1.70711674377912e-07,2.58929437711228e-07,-1.63260730488926e-07,-4.6791130405739e-08,7.41262589552281e-09,-3.53848314716799e-07,1.36746787567018e-05,0.0324409374159819,-2.26198365340146e-08,1.45271509559405e-05,-0.000378648117315084,1.01975568487876e-06,-2.32577052244383e-05,3.54605906773041e-07,6.21752522803799e-07,9.60593930762031e-09,3.17522151522658e-05,-6.25840054362158e-06,3.01077279049996e-08,-1.09204233943304e-05,1.61716499944711e-06,-6.42882178430943e-06,5.84844823676274e-05,0.169982445411805,-1.40292438973546e-05,2.60913292425483e-06,6.97429939759958e-06,-4.16380424392902e-07,1.46653294524848e-06,-0.0146745224052179,-9.38242472281575e-06,3.09666114076058e-05,3.70807256581711e-16,-0.000256168272849212,-6.85883168411252e-08,6.97645609294348e-09,-2.22018647186411e-05,-9.42493919775837e-10,-5.08140550088477e-06,-9.34183543502864e-07,8.41831622191017e-08,-2.21812506854812e-08,5.30010786164556e-16,-8.14291987208392e-06,-9.05280243913775e-10,-0.0128156039092889,-1.04966541137782e-07,4.071296208651e-08,-7.36732470755295e-06,-1.57350423784942e-06,4.95755581767139e-07,-6.28955037980161e-08,4.62871673251553e-06,-1.61161194459556e-08,-1.60701579622048e-06,-2.20086758075093e-09,-3.58537202043482e-10,-1.79541026012502e-05,2.63045708530562e-08,-5.37949474761253e-06,2.77356396384881e-16,-1.70507168558383e-07,1.3936457153238e-08,4.01805647596399e-10,4.06897762758856e-09,-6.33213748743854e-06,-4.65435016600503e-05,2.74361304454415e-07,-1.09145118559403e-06,-1.00957810781531e-06,6.45807282411744e-16,-0.00949978400783,1.31483089156693e-07,6.54083020697937e-06,-4.46058972294748e-16,-2.99725303352513e-07,-2.40283239127678e-08,2.70792177942675e-09,3.84419454772005e-07,-1.81229657019837e-06,-1.97976427510195e-07,-8.61801740903171e-08,4.23322828668229e-07,3.18249606879324e-08,2.08620960512649e-09,5.87661861366516e-07,1.79498196975271e-08,-3.14167382902263e-18,-8.82471026736667e-09,3.35120192622242e-07,1.51954921458956e-07,-1.01654127667642e-06,-3.43140328535289e-16,-2.29401292074615e-08,4.62922757429613e-09,-5.59792203511301e-07,-8.60459517093577e-09,-0.000310938806987188,2.48997414415287e-08,-3.5830768314112e-07,2.07014621743014e-06,-4.50925089535202e-16,7.7737929416391e-06,-3.69605965216762e-08,1.07953463021222e-07,1.16922242066193e-05,-1.53778509791122e-08,-1.94722725152683e-08,-1.02348685082632e-16,1.28216561208378e-16,-1.81500120171296e-08,-2.11605247717303e-08,2.79597288522174e-09,-2.91186159260538e-05,8.16587343534261e-16,-1.47982519302028e-06,-1.7574261073537e-08,-2.78547046299497e-16,-2.84454311668512e-16,2.90711257572023e-16,3.53166158331438e-05,1.00296562598711e-07,-1.12480209906943e-07,3.43919301144446e-06,4.88640932795011e-07,9.09836140816894e-08,-3.9501421190091e-08,9.27238103656009e-17,-8.74461889554549e-09,2.4654785244517e-08,-5.47027224776008e-16,-4.94541123061062e-16,-1.57703365555001e-08,-2.3526303507266e-06,-9.53655891914438e-09,2.45295434539259e-06,1.28062008990101e-08,-0.00321129537058889,-3.2459524836344e-16,-8.94288366295656e-08,-4.43152018859453e-16,-3.8455840122706e-06,1.10241676898326e-15,-9.65164470751711e-09,9.08262543263542e-17,4.0381138246843e-08,1.06598312548984e-08,4.82664984843305e-07,6.66558478493983e-07,2.94737414637556e-08,-3.4029862575559e-09,2.16818510044297e-08,1.33577355494824e-08,3.62279983610667e-05,1.27450143221451e-07,7.56145318890695e-09,-2.15564112177932e-08,-3.6487123076493e-05,-3.13702239962493e-07,-1.0173151075131e-08,-1.23004563031289e-16,9.60879385068189e-08,-1.66619805520359e-08,8.85962348452994e-09,2.09218574865898e-16,0.00127059895969454,4.64694274000744e-07,1.50758724108824e-07,-5.05758113762181e-16,-3.68525286495865e-08,-0.000219279040021453,7.66291145140624e-16,-2.40850325112522e-08,6.35650382455978e-08,5.05966330741026e-16,2.106316594538e-15,-6.13323790174535e-09,-0.00255921630475725,-7.84221418600633e-05,-2.68761777323031e-05,2.24632123059079e-07,5.95666974039842e-09,6.13655902058761e-07,5.5907244812207e-08,-1.4237274649449e-06,2.65857214715171e-15,2.64717953379974e-10,1.80510609678467e-07,0.000446473698074252,4.95809182282893e-06,-1.09782138115746e-12,-1.40930872053393e-15,7.11679030687011e-07,-1.08912455513443e-17,-5.57374202947907e-17,7.43904530634702e-08,-1.09614609276319e-07,-2.05228301360821e-08,-1.15398035085839e-07,5.27191227323741e-07,1.37727153766543e-07,1.76108056817396e-07,-8.11534590211822e-16,9.34349963337973e-07,0.000105035720732262,1.99773908850919e-07,-1.9108901604106e-08,7.56204292147191e-08,1.58029405096748e-15,-1.15665655634241e-15,-2.39457394981553e-16,-1.97306272585763e-05,-3.18104270730715e-09,-2.06244083590237e-07,-1.14637937245008e-15,-2.44195480523994e-09,7.32525927212255e-16,8.36258221032392e-16,4.01219833546228e-07,-1.00461103555477e-07,8.48691776578203e-15,-8.29687820584847e-07,-1.11934292290563e-08,-4.92337538046436e-15,2.53338142494416e-08,1.04897470129174e-15,9.40390066473646e-07,0.707106781186549,9.37995512422458e-07,7.73739975810737e-08,2.80275947405163e-09,2.76790950445518e-07,1.90033337872714e-06,-9.05544462245084e-09,2.78364397857263e-07,5.78742684501761e-16,1.6482274117668e-07,-9.30463453591173e-09,8.56707723422992e-15,-1.22610712443632e-09,-2.49965140833377e-08,5.80974552115765e-09,-1.67259573374944e-15,1.86567829309941e-08,2.46812684110471e-08,-1.46570213183174e-15,-6.85032372092812e-07,-5.20034790087233e-07,-7.10309908212217e-10,6.44122595985594e-16,9.08580721977556e-16,1.27173826764327e-08,4.07036150890884e-07,3.29335495863546e-08,-5.08971308712707e-09,2.41987871553989e-07,6.04987197751874e-16,6.44817134706036e-16,8.84064751278197e-07,2.66005341721848e-09,8.80973369601295e-16,2.14083994792105e-06,-5.525538405595e-16,1.06651515950767e-08,-2.02278921497819e-07,-0.000497912370021177,-1.40571173611774e-05,1.12332576298647e-16,3.89122084672263e-16,8.49027867495329e-17,-1.10563209034688e-15,-1.21375111822914e-09,-4.21184071244522e-09,8.59998867778848e-16,1.30422115639516e-15,-2.80793574262818e-16,5.9355614755125e-09,5.33648899457757e-11,-2.94138714205881e-09,6.09706868126445e-16,1.1315275973145e-15,1.05763921925961e-16,-1.26548095943555e-07,3.87276667635962e-09,-1.3875291580038e-15,6.80243081819721e-10,-1.78034111670578e-08,-1.15106113209488e-17,6.68579977207631e-17,-1.27956678522449e-06,-1.26008670026981e-10,-6.3426033573281e-07,-5.39433185854894e-16,6.8786343408812e-09,1.11099664174253e-07,1.19360796996377e-07,-4.46470238078447e-07,-2.65151718699255e-08,4.32407401819585e-10,-1.97908039375163e-15,-2.5653665560777e-16,-6.56477790870616e-16,8.88077655445926e-09,-8.12130554361789e-09,-0.00191024259196169,-2.147120021845e-09,-1.21367941181936e-16,-2.25730564124696e-16,7.53288060239669e-16,1.70518790337067e-16,-3.28475107701332e-16,1.04109729401891e-08,-6.44755445340527e-16,-4.68131818305093e-16,-1.82429542027938e-07,-3.63716742872944e-16,-1.67960806695384e-07,-1.84958415778692e-16,-0.000417793215384424,-2.60976413045905e-16,-2.3920339382346e-05,-2.91529770247478e-08,-2.57692404120398e-08,1.00283656061943e-16,9.38986149880697e-07,-9.1662223927048e-17,1.42859132119836e-07,-2.27647918364966e-08,1.25990877950768e-10,-1.22849598899521e-15,6.94224250390995e-07,-5.48646208104199e-16,-5.00163308038784e-08,-2.55333912449353e-08,-1.24859386209467e-16,-1.10869096736487e-16,-7.47447105718165e-16,7.55031327942325e-17,-3.87518459980893e-09,-1.15329061968255e-07,-2.57560197548289e-08,-1.52685803112696e-17,1.70569397376498e-16,-2.64116020294051e-09,2.1545528498465e-08,2.4379329942891e-16,3.25348086098705e-16,-4.30280405103151e-08,6.17436717554218e-17,-7.62149930381159e-06,9.10396622255261e-17,7.63050010988778e-08,7.22917549007168e-16,-1.22024736166187e-15,2.21872618882727e-18,3.12503602078617e-16,-1.20867468704129e-17,2.87377910172688e-16,1.46836561814063e-09,-1.02693458150831e-08,-1.29571633196169e-16,-6.82060378536078e-09,2.86606445841393e-07,-1.44143808015209e-17,-4.74219794757377e-16,-9.55145077530541e-17,7.34032840713722e-17,2.40869804020171e-06,4.2138323886953e-08,-4.0774777130465e-16,1.51948754348978e-16,-5.13593608552048e-08,-1.65898724527657e-08,-2.51186457889061e-10,-4.29388160202452e-16,-1.23085360082265e-16,8.02006098693027e-17,-2.75376903723633e-16,3.36134539372559e-16,-5.44226466724079e-17,1.00930678026376e-06,-3.49377402080164e-07,-1.83602572413055e-07,2.23577572897015e-17,3.38953512636614e-16,8.77540764415334e-17,-2.17772449958279e-16,-1.39830520674854e-17,-7.96420890011901e-17,1.34712539861545e-16,-1.71067951695255e-17,4.23948443914626e-16,-3.29675234660478e-17,2.96148945344745e-18,4.8251897630906e-16,-3.21713429581259e-16,3.9319954034707e-16,9.81273001981035e-10,2.03597793119219e-18,-1.07829303332942e-16,2.69200617864674e-17,1.39035299281472e-08,-0.00010569088079041,-2.20749242462502e-16,-3.57915057753636e-10,1.26943406069004e-08,1.16953802363351e-16,5.04073205664086e-16,-2.44854430404221e-08,-3.22276521071162e-16,3.12741141830741e-10,7.53215734602571e-17,2.66957756319669e-16,-1.53292232410309e-16,-2.30796658328977e-16,6.49113666028184e-05,-4.19810468385124e-08,-6.84595643776376e-16,-7.64890653681897e-16,3.70070379723084e-16,9.43247434583191e-17,-5.39932681897781e-17,-6.99330813166446e-17,2.68702515698541e-16,-9.80404179696431e-17,5.06272163314776e-10,2.61095966517976e-16,-8.48177132873209e-17,-9.94474567942764e-17,1.95576279518161e-16,8.49602819367061e-17,-4.51316536348558e-16,-1.10086996561662e-07,-2.43449054262844e-17,-1.36995905372039e-16,7.44731812896207e-09,-3.32011109117108e-16,-1.0947363690475e-16,-2.34120255977653e-16,2.83093286816894e-17,6.21323167635702e-09,-4.52893641846462e-17,-4.26792956863096e-06,1.08570603398655e-16,-1.39819264392638e-16,-3.16260460104708e-16,3.22887688943918e-16,2.2481156505449e-17,-1.57799190898663e-17,7.42676333686959e-09,3.08953019965531e-16,-1.0815593850846e-16,9.37844575391064e-10,-9.27047701367013e-07,-3.78440423632987e-17,1.59560998317816e-07,2.16878042644387e-07,-5.9636189099774e-17,1.80041899559726e-16,-3.50820944438349e-17,-1.28268484386113e-16,1.15466455342912e-16,-3.63989266945899e-07,-2.04666351259922e-16,-1.65480793102722e-16,-5.69108624641591e-17,1.45696573254593e-07,2.27749082714337e-16,-1.66884999091385e-16,5.01198688163812e-16,-1.39743786434397e-16,-6.63644180604937e-08,2.5698376407644e-16,1.95653698907661e-10,-1.66429227432836e-16,2.20267224697033e-16,5.20306521494126e-16,-6.08208176604291e-17,-2.69083299183123e-17,-3.24724163011771e-16,-3.4174970579249e-17,-3.39458949969439e-09,-2.86091829901648e-16,-3.00416531292929e-17,1.42711808404994e-09,1.01802768246006e-16,-2.0617894563176e-17,3.74401370349974e-16,1.80118691414072e-17,1.55708939882202e-16,1.35503188805723e-16,-1.03456201219687e-08,1.33093383853592e-16,3.21416956440665e-17,3.08062225860852e-09,-3.2228306377803e-16,-1.44889128534004e-18,-1.7213468467459e-16,-1.80521430163018e-16,-3.24829918036079e-16,-3.9968160491592e-16,-1.49864669037127e-16,1.96188991441344e-16,2.14242611184461e-16,-2.77765671428875e-17,3.88822882702997e-17,-1.6162210037555e-09,5.3594857938178e-09,3.06267213068382e-17,3.6166717159452e-16,2.6635851834193e-16,-7.01164841544254e-16,1.6230506522108e-16,4.48212001536984e-17,1.34473477265509e-16,8.61079090768833e-18,-5.10857164863266e-09,-1.17421896662951e-16,-1.88280338370933e-16,1.37221338721114e-16,-1.87254244114085e-16,5.94740995338944e-10,-2.14616878730622e-16,-9.4317212954053e-11,-5.3601401484123e-17,-5.43266711952895e-17,3.00761407876245e-17,2.81311005975897e-17,-5.92410367103636e-17,2.65707036373076e-16,2.88825230364879e-16,-1.40136775515732e-16,1.85595724985681e-16,-1.58100988309135e-16,-4.30953401207953e-17,-2.25292852194166e-16,-1.06875442271034e-16,1.78144486300404e-16,-1.74238657942328e-16,8.45257463641837e-17,6.05040317832205e-17,3.04919714081442e-16,1.95431756049192e-16,3.10688921979092e-17,3.35560572384264e-16,1.79101167067024e-16,-8.01759865118105e-17,6.97017436244375e-17,-1.64786368740363e-16,4.56295990651242e-09,-1.52694127998047e-16,7.00097429714372e-17,1.8685719252981e-16,9.22904008625451e-17,1.27968044777534e-16,2.88094901171819e-17,2.06023057388323e-16,6.47401586901277e-17,6.53133051038717e-17,-4.23361617567625e-18,-2.55654872272082e-16,1.42786853497684e-16,4.22759081276507e-17,9.7078108591488e-17,-1.11198082439734e-16,8.22497962335852e-17,-1.55297539658141e-17,-5.32062477776663e-07,-2.33608881466777e-16,-2.56034989472037e-17,-1.47525810741376e-16,-6.78480896662725e-17,1.91128798128966e-16,-5.16184043847191e-17,1.17770518572553e-16,6.76801147067887e-17,2.5503804999397e-18,1.34637573536425e-09,1.02334088783884e-16,-3.83032761616771e-16,-3.15611773550407e-17,-6.87158264334739e-17,2.22029103567954e-17,1.14674259515818e-15,-5.93054176215632e-17,-7.07512663020958e-17,-4.61899570379496e-17,1.0304855001925e-16,-4.28323909221759e-17,1.37261205885156e-16,-1.2205955027277e-16,6.27113384660558e-08,-1.7039569257684e-16,6.10264654683338e-17,-2.16279163507328e-16,-6.53773910008759e-16,-1.86316479864308e-09,6.5949197705283e-17,1.42713903680998e-16,1.49057967540908e-17,-5.60805997212246e-17,-8.81260504381255e-17,3.70660789358558e-17,2.05923093518493e-16,-1.62738939844643e-16,-1.00288657345713e-16,5.57739535001861e-17,8.23286370741779e-17,1.04779024688522e-16,1.72581469367889e-16,3.81128405075019e-17,-1.65247204632537e-16,1.32499776045775e-16,-2.49126671484116e-16
"t106",0.039513637642151,-0.0136713275384949,-0.0151378666800342,0.00105178849193142,0.0122375517050443,-0.0504929584190726,-0.00778641887771817,-3.05852218865193e-05,0.0956284445156412,-0.00605041070156825,-0.0130692888641159,0.0011134476930447,-0.00247967107171101,-0.000558243780095024,-0.0182346369097145,0.000566841609410048,0.000425578221379208,-5.79854597096373e-05,-0.032186230659841,-0.0578204591002348,2.57715686519793e-05,-3.55900099669923e-06,0.000158818213839666,1.95010613254169e-06,-2.76172486351166e-08,4.45375415844384e-05,-0.000554549099183142,-3.1796370022029e-06,-3.07319494737416e-05,0.000746191382269683,0.000176669454628101,-0.00490033356765381,-3.48390468788307e-06,0.0051451475772847,-0.0421541213958265,0.000341374233163154,9.93858357793925e-06,-1.62921630699037e-05,-0.00179895251891676,-0.000373136692752028,-4.81094450799575e-05,0.00112701259853756,-3.41942873078819e-06,0.000227555845165544,-8.17187859604787e-06,1.73494639609505e-06,-3.47845360815171e-07,5.61721343041861e-06,-0.00136248510220554,0.00130910196993188,1.48692857666237e-06,-4.46537489365958e-07,1.73964248830386e-07,2.44042583199058e-08,-0.000886056925340503,-1.1673688281324e-05,-7.07099577036412e-05,8.01305585869348e-07,-6.5437791599191e-06,-5.02876508091791e-09,-1.51334632923948e-08,1.03688279757204e-06,-7.2727312677543e-07,5.64108617986042e-07,-7.36619891408384e-06,1.88637514893868e-07,-0.00925975405251457,-2.57883347212648e-06,2.90291155187015e-07,-1.93343867791935e-07,1.30229927525296e-10,-3.79227957942457e-08,1.58656277661391e-07,1.44476215414971e-07,-6.31086539382279e-08,-7.24068403565128e-07,6.52664631325419e-07,-1.20758768051962e-07,5.38902192528847e-05,7.85215599482552e-06,-6.65730987502508e-07,-5.52350872000087e-05,0.000132825891365006,4.77073149534265e-06,-0.00885312923697544,-2.4418731813757e-05,4.31217206589813e-05,0.040593879639571,-6.05470028390215e-06,6.67486180257054e-05,-0.000195800101176473,1.65617663567749e-08,1.06408422254323e-05,-6.27726862659892e-06,-7.16629191991725e-07,-7.60558761121654e-07,-8.89520848351461e-08,3.38617940503945e-07,-3.07858858764278e-06,0.000323389659921637,-3.18650938312783e-06,1.99947092075074e-08,-3.97324751661113e-06,9.11478971846569e-07,-8.58257857516069e-07,2.07821337120591e-08,-3.9297422955965e-06,4.455400850468e-09,-3.86100597024205e-06,5.74696247296509e-10,1.33314657455252e-08,-4.37982518536968e-08,1.61458098402882e-08,-7.36955306937004e-08,8.88913692930783e-08,-1.30616372045974e-07,1.5805596675049e-05,-2.05059608847023e-05,3.61469017417732e-06,-1.43158661735657e-06,8.65350426035128e-07,-2.14714179539391e-06,0.000256008577041575,-2.01662938534914e-05,-1.15514293123735e-07,3.62941792046961e-06,-3.81066463699814e-07,1.00817446192472e-05,-1.20244372440794e-05,-0.000419494996317388,-3.16036351343516e-06,1.38076582446851e-05,-1.14013657567974e-06,-7.65046759008036e-05,3.44968831162567e-08,-2.31567713873694e-05,0.000942961938546746,4.06687642053645e-06,-0.010730695765182,-0.00264122590750465,-0.000449283406039244,-6.6364935308172e-06,1.63099621533471e-05,3.39364182738424e-07,1.90967823775674e-09,1.05478297611615e-05,2.79828654136055e-06,-0.000305486932025614,-2.60791125627005e-05,1.40626014377067e-05,2.09855803236886e-05,0.312582327125698,-2.60074591165474e-05,0.0029686267629219,-1.60580545936245e-06,-0.000296270701751907,0.000152385158984727,-5.82991359827863e-06,-0.000305230645690177,-3.85975499083995e-06,-3.37264362731736e-06,4.80027629743153e-07,-3.21558583701183e-05,-4.05181516307214e-06,2.32623755072831e-06,-1.36813445938279e-06,4.99710986670143e-05,-0.0209210714031902,0.000430861612820406,1.00684983395271e-06,-1.62304245351193e-06,-2.82179985260311e-07,2.70693902998584e-08,8.96737905632126e-06,1.30196940543866e-07,2.50230570997494e-07,1.06239636370656e-08,-1.39082412447365e-07,9.33627197959715e-06,1.40413086843941e-06,-7.20068619036906e-06,-3.44537367068759e-06,8.74016851738802e-07,4.19428871169263e-09,1.52026220232901e-07,1.16474430458643e-07,0.00113814915781756,-0.267048241334341,0.0513451453985075,-1.85185403281767e-05,-4.77519412011579e-05,0.00928520673088461,1.35562735332002e-05,2.15095894927030e-09,2.04773834853125e-07,-0.000375348687689571,-2.15722203989626e-05,-3.38372414592582e-07,0.000369751594440202,5.59570620833282e-06,1.30556646474862e-05,1.83068384429608e-05,-3.65301337213951e-07,-2.06701474229767e-05,-0.00786021074270296,4.23621720906104e-06,0.000672855384447121,1.29787090476143e-06,-9.58767940140984e-05,-2.26271501353871e-08,-0.000474801526907874,-3.09266363285823e-06,-1.01710044380669e-05,-0.00453038462920638,2.54693212034485e-06,2.42082137201543e-07,4.4995062835375e-08,3.18058095315215e-08,-1.08401330005834e-05,-4.80017918295292e-06,-2.21633732701217e-06,2.67312969414625e-06,5.88848600304962e-07,2.49757078389113e-06,-7.40404801934538e-06,-4.22013183667934e-07,-3.99623799158967e-05,-2.22506733237006e-07,-4.78709074205402e-05,-1.54576647018801e-05,8.31788913805761e-07,1.7137625822846e-07,5.19529923513232e-06,1.91408594609047e-06,-1.08612769818805e-06,-1.94167592585152e-08,-8.50214451562557e-06,-6.40860597391573e-16,-7.96134972341051e-08,1.13582862463612e-06,-2.29768915768414e-07,-5.90163262636641e-07,-7.97361094113455e-06,1.10317656244403e-07,-1.65107006430774e-06,7.62158639843545e-07,-1.50469280273472e-06,0.44748958711751,-1.15114308255355e-07,5.86902169615541e-05,-3.91984202596024e-08,4.34155180667696e-06,-3.77646453752506e-05,1.63756155017104e-08,-1.08020610793853e-09,5.17742490245492e-08,-4.96581584822596e-08,7.82896397118203e-07,2.03016678999396e-05,-3.90676006796833e-06,7.87623206329517e-07,-1.45010175204897e-05,1.72180856985516e-05,-1.07095625552955e-06,1.15582150477277e-05,-3.94373381547634e-06,2.80872580281182e-08,0.000255670904548631,1.31422461925741e-06,0.0568826705259799,-3.85837462706972e-08,4.17100028019218e-07,2.3704606463806e-09,-2.90507121709384e-07,4.70159090965278e-07,-9.23456391887634e-07,7.40554095809075e-07,-5.53222844155127e-08,1.10554612136524e-05,-4.85681183357599e-08,8.04870237914016e-06,2.89335360744165e-16,-2.0347305606434e-05,-2.03183408670037e-06,-2.19944054300801e-11,-1.99145153997773e-07,3.03227557162918e-07,-1.91549174390567e-07,-5.49498890057304e-08,8.81474551843632e-09,-4.21133890321027e-07,1.62786805634947e-05,0.0387693779748528,-2.734850073061e-08,1.76010033688394e-05,-0.00045944620701273,1.24352898681864e-06,-2.89498047449117e-05,4.45578635787898e-07,7.81703859981737e-07,1.2079195526003e-08,4.09779305103896e-05,-8.36759130523537e-06,4.04561497450391e-08,-1.47847718869063e-05,2.21029632453856e-06,-8.81307885341498e-06,8.23283006933199e-05,0.23978784065237,-1.98678869861201e-05,3.70497145461453e-06,9.99327812993003e-06,-6.02767886905569e-07,2.14371618900163e-06,-0.0215428919517172,-1.38753150304457e-05,4.65213116591031e-05,9.30475903465188e-16,-0.000374902747239888,-9.25947484350113e-08,6.72671200121697e-09,-2.09962148100064e-05,-8.72276633866642e-10,-3.76112197751759e-06,-1.87668155787637e-07,-9.50641255731455e-08,1.68166419059506e-06,2.71670625601453e-15,-8.84137475554746e-05,-1.06601726122903e-08,-0.202614724266807,-1.744933168516e-06,-1.59211191368546e-06,8.17782681586861e-05,7.68454664739857e-06,-1.63632530527534e-06,1.06367193127896e-07,-4.59971013086731e-06,1.14419582739193e-08,9.37142701613697e-07,1.13015483513621e-09,1.44813129207295e-10,7.05234185564827e-06,-8.56191134240199e-09,1.49360677855977e-06,-4.97748694302369e-16,1.46208822223869e-09,4.62013215445783e-10,1.34792321148261e-11,5.46626176741211e-10,-9.35033842345365e-07,-1.3076278706967e-05,8.534587734325e-08,-3.45656396576621e-07,-3.40330658953335e-07,1.82024242252024e-16,-0.00340859764993417,4.8187810491179e-08,2.57376353716181e-06,-3.91267996816017e-16,-1.25873065920767e-07,-1.02319921337209e-08,1.16121163110482e-09,1.67179006202607e-07,-8.05996655030353e-07,-8.94623316820457e-08,-3.9412835332831e-08,2.00132489289462e-07,1.51018960084541e-08,1.01076735417588e-09,2.94431542851635e-07,9.0078093738131e-09,6.6748187321177e-17,-4.68409604203448e-09,1.79434482977763e-07,8.28586306250154e-08,-5.68574715189037e-07,3.36715982275094e-18,-1.34506351896107e-08,2.83452601212812e-09,-3.48605885783535e-07,-5.39825906290444e-09,-0.000196741682737158,1.59904252710776e-08,-2.35157538580908e-07,1.41965625458145e-06,4.32475592980191e-16,5.49493586400801e-06,-2.61870825037612e-08,7.68517509349305e-08,8.37650567274069e-06,-1.10221617634891e-08,-1.39809663640676e-08,-8.77770078844264e-16,-5.81121281144219e-17,-1.31558788022897e-08,-1.54563981477959e-08,2.04416390854622e-09,-2.14263546386056e-05,1.33434132375697e-15,-1.1030536831831e-06,-1.31690180805875e-08,6.27798458008871e-16,2.14303381385442e-16,-6.84707229570877e-16,2.68624516254318e-05,7.64211679186834e-08,-8.62041262055067e-08,2.64808313331208e-06,3.7643958832969e-07,7.04215459452577e-08,-3.05902666390612e-08,2.42700660955284e-16,-6.83136802640189e-09,1.93160075787906e-08,3.1958692798848e-16,1.06217599241333e-16,-1.24843473920801e-08,-1.86673260345846e-06,-7.58959318139802e-09,1.95595367168317e-06,1.0248106206278e-08,-0.00257126901791467,6.6614805211146e-16,-7.16597596803418e-08,4.22135795948143e-16,-3.08810701224213e-06,-5.97449607148137e-16,-7.76247706782584e-09,-1.05103584902035e-16,3.25392491051464e-08,8.59299078090591e-09,3.90967636276927e-07,5.4045811398505e-07,2.39076168332617e-08,-2.76515801029391e-09,1.7644055299728e-08,1.09061633742175e-08,2.9579846439576e-05,1.04164280960948e-07,6.19082621029542e-09,-1.76893035284765e-08,-2.99971201081537e-05,-2.58270462804177e-07,-8.3812933749078e-09,-1.60913569370681e-15,7.93281271305107e-08,-1.37824050480942e-08,7.36631277297228e-09,5.23059524119508e-16,0.00105792463641107,3.87710509918333e-07,1.25890894561444e-07,6.09778399158435e-16,-3.07870577908414e-08,-0.000183498822589496,-8.89706133326877e-16,-2.0171450162235e-08,5.34846384536134e-08,-3.32041770700438e-18,1.64154703193697e-16,-5.16946531824324e-09,-0.00215738828685786,-6.61553924242247e-05,-2.26906726650575e-05,1.89990142601917e-07,5.03881973799521e-09,5.19210455126881e-07,4.74107924651131e-08,-1.20952024872048e-06,-3.67713672011494e-14,2.2506211441195e-10,1.53470506927041e-07,0.000379742176321347,4.21901791181754e-06,-0.707106781178818,-2.41908609084854e-13,6.05978426362323e-07,4.00408679192152e-15,2.10218319560903e-15,6.35846808508427e-08,-9.3751613032746e-08,-1.75530785512824e-08,-9.88334394506793e-08,4.51598306482819e-07,1.17983284137196e-07,1.5089965159464e-07,1.20650321743045e-15,8.02670119639675e-07,9.02809940665398e-05,1.71741046067342e-07,-1.6441676094636e-08,6.5165686389056e-08,1.04452956444083e-15,-5.17382899240246e-15,2.940483999303e-15,-1.703935240388e-05,-2.74962631593145e-09,-1.78285308321629e-07,-1.22596107180905e-15,-2.1127302269341e-09,2.09889963040871e-15,6.89423040365136e-16,3.48386583320204e-07,-8.72360696138094e-08,1.78849990373209e-15,-7.21080121709241e-07,-9.73296446523148e-09,-1.98560199477562e-15,2.20502464900461e-08,-1.34615370284012e-15,8.19465906499722e-07,-2.48969845370319e-16,8.1746483525124e-07,6.74370068343196e-08,2.4430168314551e-09,2.41295674144015e-07,1.65710808780894e-06,-7.90475126262631e-09,2.43343378299574e-07,-6.24729232714325e-16,1.4433876712246e-07,-8.14976474002589e-09,8.36845773871762e-16,-1.07418564864577e-09,-2.19090204243941e-08,5.09415644719649e-09,7.34801654699289e-16,1.63805932378225e-08,2.16757029429226e-08,-3.10054659568341e-16,-6.01819432176667e-07,-4.56941777236541e-07,-6.24522954215588e-10,-1.46651149406188e-15,-2.25113068698377e-15,1.11976389781474e-08,3.58612662190427e-07,2.90191706173586e-08,-4.4963321342835e-09,2.13863318203285e-07,2.5369882271595e-16,-9.32707222670952e-16,7.81535339363917e-07,2.35163746707423e-09,9.21185026867971e-16,1.89351287543847e-06,-1.39844900252007e-16,9.43727965013086e-09,-1.79100361765586e-07,-0.000440877106558406,-1.24490052023008e-05,1.87060945100634e-16,-9.82586986263757e-17,-3.6254674348006e-16,6.84805567584897e-17,-1.07652030735242e-09,-3.73609214123370e-09,3.91768475324489e-16,3.77026117566833e-16,-7.41009419894917e-16,5.26742156755713e-09,4.7364913661665e-11,-2.61211704495722e-09,3.88446284989945e-16,-4.18502038579405e-17,-1.47272602099568e-15,-1.12573623950941e-07,3.44530329126168e-09,-1.43739405159688e-16,6.0555495724004e-10,-1.58527967679917e-08,-5.12020739506454e-16,4.7661117897319e-16,-1.14006908446886e-06,-1.12277032089457e-10,-5.65342593123038e-07,-8.63307672129011e-16,6.13483825465889e-09,9.91183841711254e-08,1.06536353856729e-07,-3.98742253012035e-07,-2.36845152439806e-08,3.86362241749862e-10,2.59622913376727e-16,1.24536910328112e-15,5.1951359929362e-16,7.94854003133721e-09,-7.26897905929075e-09,-0.00171012659157391,-1.9242301852182e-09,-2.67050074937235e-16,-5.16995788075349e-18,3.48288712576704e-17,1.55421693472527e-16,-4.12480960505142e-18,9.34041927007746e-09,1.95368902475117e-16,-2.06765521729224e-16,-1.63739628620204e-07,-1.32930439268774e-16,-1.50756603318162e-07,1.86086860264824e-17,-0.000375012891908391,-3.90789162777107e-16,-2.14865930438744e-05,-2.61913378991957e-08,-2.31574088826475e-08,-1.38366764477805e-16,8.44086045477874e-07,8.61191000357771e-17,1.28510365764286e-07,-2.04966582877032e-08,1.13442315338622e-10,-2.02372053034946e-16,6.25304837934486e-07,4.77497427074295e-16,-4.50763348437702e-08,-2.30121510678246e-08,-9.22075268445307e-17,-1.95143879414695e-16,3.91369419382197e-16,-4.48029513078553e-17,-3.4941481994646e-09,-1.04001676056805e-07,-2.32295801494657e-08,-8.70459908299838e-17,-1.72586499577959e-16,-2.3836773870517e-09,1.94456611533542e-08,-4.82254918950115e-16,4.88779077618411e-16,-3.88663688986859e-08,-8.13308493448767e-17,-6.88554514041032e-06,-2.71960084792085e-16,6.89712896695046e-08,4.5203972977613e-16,-1.11178841753298e-15,4.30934074074637e-17,-9.37109473110039e-17,6.9077052515143e-17,-1.31189224132065e-16,1.32857146788134e-09,-9.29178857220604e-09,2.34528575976819e-16,-6.1734718390528e-09,2.59450851163331e-07,7.17635807771696e-17,3.52087324227332e-16,1.54506689541075e-16,2.42535379393422e-16,2.18182033170888e-06,3.81747201575357e-08,-1.78013665517885e-16,-1.75852310660262e-16,-4.65357878188789e-08,-1.50320928383008e-08,-2.27616007122709e-10,1.23167518598498e-16,1.16694727961864e-16,-1.04863016422293e-16,3.77123987849749e-16,2.4480622085697e-16,-1.26240087170918e-18,9.15619058668086e-07,-3.16979611915338e-07,-1.6659416056823e-07,-9.79750265281233e-17,-3.05389724231583e-16,1.13447723357495e-16,5.15449228917131e-17,-1.95587044770138e-16,-8.79087079043587e-17,-4.39039194246104e-17,3.71335885623726e-17,-1.5015415516296e-16,6.94678779922511e-18,-1.54813671923587e-16,-1.002533024245e-16,2.08033352351324e-16,6.56277691666519e-17,8.91885193774381e-10,8.62660751548205e-18,8.93344454875115e-17,-1.06904876141848e-16,1.26397997481392e-08,-9.60892457775478e-05,-3.43944033658628e-17,-3.25410203202644e-10,1.15445950554899e-08,1.26030527709264e-16,6.35653123117811e-16,-2.22752297051166e-08,-2.77110213734012e-16,2.84627216679031e-10,-5.70457697152651e-17,-7.7725668816253e-17,-1.30251895353348e-17,-2.40126875580266e-16,5.91137709334926e-05,-3.82331275334087e-08,-6.14478198869954e-17,1.87586552509699e-16,2.56323127566184e-16,5.9856423688478e-16,-5.18465478882568e-16,1.99608399909524e-16,2.43575634024144e-16,1.12792156728807e-16,4.62077061066242e-10,3.91625252075704e-17,8.38391453039915e-18,1.39070573818635e-16,-9.54981838390883e-18,2.00919667284409e-16,-8.56567258831962e-16,-1.00523089713476e-07,-1.05293333501465e-16,1.96317856014535e-16,6.80089677669453e-09,3.95594457607806e-16,-1.91135577568415e-16,-3.31898152693468e-16,2.7111977327185e-16,5.6794751130896e-09,-6.81444705584252e-17,-3.90196326839564e-06,-3.83228450346457e-16,4.17764375054936e-17,9.15310599058226e-17,1.14787787429535e-16,-2.13436696381342e-16,3.19569618935007e-16,6.79232534271634e-09,-4.88742093039484e-16,-3.81046127149747e-16,8.57959072230354e-10,-8.48093341486529e-07,-3.76341232156181e-17,1.46005250918649e-07,1.98467159967828e-07,4.72470158326545e-17,-3.08745343217366e-16,-9.757960086352e-17,-1.13627343189956e-16,-2.31736412513211e-16,-3.33442522646804e-07,-2.55436225120399e-17,4.56300744502149e-17,-1.20572581792887e-16,1.33505377645524e-07,-2.24179386212154e-16,1.10415207918164e-16,-1.95047411845574e-16,5.61663943951688e-17,-6.0832922240315e-08,-3.09386092826279e-17,1.79365781491522e-10,-2.76999533893312e-17,2.17419137833931e-16,4.52451852895393e-17,-1.16400025932531e-16,-2.44520874136373e-16,1.99605006817715e-16,-2.7029248930459e-18,-3.11377552872917e-09,2.61027840881115e-16,7.04221420298766e-17,1.30924635188431e-09,-4.0827267226229e-16,8.73858782540612e-17,2.35973622022626e-16,-2.84434790983896e-17,-3.16967131672446e-17,-5.82830128677319e-17,-9.49533365472114e-09,1.04684801530709e-16,-4.37219512032037e-17,2.82798965964632e-09,-2.30585392938167e-16,3.04575560714012e-17,1.36935352347846e-16,-1.81659448284132e-17,-8.90571906153123e-17,2.69666398265811e-16,5.32370437617704e-17,1.5486945090176e-16,1.19430042838343e-16,1.26935766524367e-16,-1.62724313293915e-16,-1.48475168974563e-09,4.92395007353305e-09,-2.99812000011411e-18,1.70309860771392e-16,5.26447197680676e-17,-2.20817965077457e-16,-1.68051336735253e-17,9.94532653589663e-17,6.5440988874737e-17,6.71484228759891e-17,-4.69552979399515e-09,-1.07777313082048e-17,-7.25570652631492e-17,2.06793849498091e-16,-5.33647810039859e-17,5.46861601369789e-10,1.88790326632947e-16,-8.67609890533376e-11,3.1949868628526e-16,3.75694953049149e-17,-1.27285838405361e-16,-1.76699372024184e-16,1.3994364233457e-16,1.46177524242369e-16,-5.95735149252922e-17,1.86075534600024e-16,9.60642181848776e-17,-4.06898042236204e-17,6.00492796439997e-17,2.21823219376593e-16,-1.57029369319165e-16,-3.08162269318936e-16,-1.95336312886261e-16,-1.58839473978958e-16,-9.67736013019102e-17,-1.36971009754072e-16,6.48471463223439e-17,1.1437700481501e-16,-6.50521303491303e-18,-2.6005730413119e-18,6.01211764506878e-17,1.30102078955215e-16,7.11348066261166e-17,4.20383112372016e-09,1.64915735313063e-16,6.24158640009474e-18,1.13462335533707e-16,4.83784258479775e-18,-9.04037158147717e-17,-5.32787732463453e-17,2.66130087470224e-16,1.58396300211757e-16,-6.03562613231462e-17,1.99314631729511e-16,-4.63171168085807e-16,-6.76054708282121e-17,1.38647897578942e-16,-8.18382028179959e-17,-4.65156612993714e-16,1.11907040525884e-16,-1.11504493756679e-16,-4.90682115982769e-07,-3.42460165114325e-17,9.24427619601372e-17,1.06402479991813e-16,2.44072155995802e-16,4.45113399912127e-17,3.93721807707376e-18,-6.28574352767265e-17,-4.97700893297224e-17,-7.50191662347067e-17,1.24293283528202e-09,7.35734383956068e-17,9.23195303173231e-19,-7.9421355176531e-17,-4.47335482591126e-18,1.31427555954824e-16,-3.94885690705288e-18,-1.04509819740631e-16,-3.50172733323249e-17,-5.59390339899993e-17,-2.29051446152258e-16,-1.13342324092555e-18,4.47914329996719e-17,-6.54326854424967e-17,5.7951437239256e-08,-2.09893435753198e-17,-2.25260043224721e-18,-1.72410352364533e-16,-2.35271871429354e-16,-1.72254204564513e-09,1.00609137151556e-17,-2.03069229113557e-16,1.74808649930416e-17,2.33253118962663e-16,-2.58924080603442e-17,-8.04979769644328e-17,1.68954301090785e-16,2.19523005786496e-16,-4.50932716330369e-17,6.84427810009335e-17,5.36493744424724e-16,-1.07588869487535e-16,-4.88933755695282e-17,1.83324715910689e-16,3.73707193924564e-17,1.104910267759e-16,-4.12237476296562e-16
"t286",0.0395136376421496,-0.0136713275384939,-0.015137866680033,0.0010517884919313,0.0122375517050427,-0.0504929584190649,-0.00778641887771695,-3.05852218865157e-05,0.0956284445156223,-0.00605041070156683,-0.013069288864112,0.00111344769304426,-0.00247967107171007,-0.000558243780094788,-0.0182346369097071,0.0005668416094098,0.000425578221379018,-5.79854597096076e-05,-0.0321862306598262,-0.057820459100206,2.57715686519596e-05,-3.55900099667414e-06,0.000158818213839566,1.9501061325226e-06,-2.76172486090957e-08,4.45375415844035e-05,-0.000554549099182715,-3.17963700220334e-06,-3.07319494737097e-05,0.000746191382268978,0.000176669454627946,-0.00490033356764895,-3.48390468786269e-06,0.00514514757727893,-0.0421541213957769,0.000341374233162724,9.93858357795519e-06,-1.62921630698816e-05,-0.00179895251891441,-0.000373136692751518,-4.81094450798925e-05,0.00112701259853598,-3.41942873076033e-06,0.000227555845165208,-8.17187859602359e-06,1.73494639606125e-06,-3.47845360815282e-07,5.61721343041556e-06,-0.00136248510220335,0.0013091019699297,1.48692857665457e-06,-4.46537489349851e-07,1.73964248832382e-07,2.44042583199058e-08,-0.000886056925338854,-1.16736882813228e-05,-7.07099577034932e-05,8.01305585845278e-07,-6.54377915989216e-06,-5.02876510211406e-09,-1.51334632979889e-08,1.0368827975849e-06,-7.27273126806817e-07,5.64108617998754e-07,-7.36619891408009e-06,1.88637514882551e-07,-0.00925975405248999,-2.57883347213904e-06,2.90291155250272e-07,-1.93343867803338e-07,1.30229937854016e-10,-3.79227958677546e-08,1.58656277657847e-07,1.44476215402016e-07,-6.3108653943117e-08,-7.24068403573058e-07,6.52664631315769e-07,-1.20758768052102e-07,5.38902192526884e-05,7.85215599478709e-06,-6.65730987508333e-07,-5.52350871997962e-05,0.000132825891364496,4.77073149532372e-06,-0.00885312923693848,-2.44187318136712e-05,4.31217206588167e-05,0.040593879639398,-6.05470028386822e-06,6.67486180253446e-05,-0.00019580010117563,1.65617664235618e-08,1.06408422253789e-05,-6.27726862656934e-06,-7.16629191989089e-07,-7.60558761091364e-07,-8.89520848359382e-08,3.3861794044842e-07,-3.07858858761307e-06,0.000323389659919793,-3.18650938311872e-06,1.99947092026309e-08,-3.97324751657781e-06,9.11478971809715e-07,-8.58257857531556e-07,2.07821337106768e-08,-3.92974229556578e-06,4.45540087199227e-09,-3.86100597020127e-06,5.74696175305485e-10,1.33314657543897e-08,-4.3798251847667e-08,1.61458098416498e-08,-7.3695530709473e-08,8.88913692847704e-08,-1.3061637203249e-07,1.58055966749636e-05,-2.05059608845609e-05,3.61469017414145e-06,-1.43158661734966e-06,8.65350426023303e-07,-2.1471417953903e-06,0.000256008577039841,-2.01662938533265e-05,-1.15514293093729e-07,3.62941792040808e-06,-3.81066463839459e-07,1.00817446191909e-05,-1.20244372439617e-05,-0.000419494996314469,-3.16036351341439e-06,1.38076582445663e-05,-1.14013657568056e-06,-7.65046759000966e-05,3.44968831643471e-08,-2.315677138724e-05,0.000942961938539424,4.06687642048217e-06,-0.0107306957650977,-0.00264122590748388,-0.000449283406035731,-6.63649353073332e-06,1.63099621536184e-05,3.39364182767185e-07,1.90967817986204e-09,1.05478297613067e-05,2.79828654135654e-06,-0.000305486932023093,-2.60791125627995e-05,1.40626014375771e-05,2.09855803234544e-05,0.312582327123028,-2.60074591163476e-05,0.00296862676289636,-1.60580545938513e-06,-0.000296270701749523,0.000152385158983353,-5.82991359822102e-06,-0.000305230645686979,-3.85975499050913e-06,-3.37264362726593e-06,4.80027629992279e-07,-3.21558583699153e-05,-4.05181516297356e-06,2.3262375507637e-06,-1.3681344594129e-06,4.99710986663234e-05,-0.0209210714029701,0.000430861612816295,1.00684983399061e-06,-1.62304245343747e-06,-2.82179985372774e-07,2.70693903093087e-08,8.96737905631084e-06,1.30196940098573e-07,2.50230571053363e-07,1.0623963702809e-08,-1.3908241267416e-07,9.33627197942695e-06,1.40413086838089e-06,-7.20068619054617e-06,-3.44537367061869e-06,8.74016851765813e-07,4.1942885349787e-09,1.52026220190281e-07,1.16474430545822e-07,0.00113814915780433,-0.267048241331121,0.0513451453978881,-1.85185403279022e-05,-4.77519412008411e-05,0.00928520673076776,1.35562735330519e-05,2.15095903149729e-09,2.04773834826287e-07,-0.000375348687684277,-2.15722203983353e-05,-3.38372414514756e-07,0.000369751594435197,5.5957062079645e-06,1.30556646469051e-05,1.83068384427423e-05,-3.65301336956315e-07,-2.06701474228593e-05,-0.00786021074258847,4.23621720900862e-06,0.000672855384436837,1.29787090474408e-06,-9.58767940127491e-05,-2.26271500928382e-08,-0.000474801526900533,-3.09266363285438e-06,-1.01710044379713e-05,-0.00453038462913292,2.54693212061899e-06,2.42082137287408e-07,4.49950628268e-08,3.1805809474906e-08,-1.08401330001863e-05,-4.80017918281607e-06,-2.21633732676707e-06,2.6731296941343e-06,5.88848600250197e-07,2.49757078383033e-06,-7.40404801908611e-06,-4.22013183979616e-07,-3.99623799150743e-05,-2.22506733255833e-07,-4.78709074199218e-05,-1.54576647017584e-05,8.31788913717828e-07,1.713762584739e-07,5.19529923501876e-06,1.91408594597565e-06,-1.08612769824674e-06,-1.94167589374804e-08,-8.50214451557199e-06,-4.78512415817258e-16,-7.96134972799927e-08,1.13582862430045e-06,-2.29768915833093e-07,-5.90163263045684e-07,-7.97361094119033e-06,1.10317655838753e-07,-1.65107006416508e-06,7.6215863986365e-07,-1.50469280252649e-06,0.447489587107653,-1.15114308425134e-07,5.8690216960555e-05,-3.91984201270615e-08,4.34155180650661e-06,-3.77646453744969e-05,1.63756153454553e-08,-1.0802062123472e-09,5.17742489071566e-08,-4.96581584475343e-08,7.82896397091138e-07,2.03016678994167e-05,-3.906760068101e-06,7.87623206172404e-07,-1.45010175200663e-05,1.7218085698081e-05,-1.07095625570392e-06,1.15582150472978e-05,-3.94373381538829e-06,2.80872579202958e-08,0.000255670904541649,1.31422461944393e-06,0.0568826705244349,-3.85837462455916e-08,4.17100028223491e-07,2.37046063242531e-09,-2.90507121651108e-07,4.70159090914213e-07,-9.23456391794474e-07,7.40554095826019e-07,-5.53222841806686e-08,1.10554612133288e-05,-4.85681184962399e-08,8.04870237875732e-06,3.2159956423237e-16,-2.03473056059601e-05,-2.03183408643905e-06,-2.19942069398133e-11,-1.99145154305719e-07,3.03227556979493e-07,-1.91549174680999e-07,-5.4949888830198e-08,8.81474556794554e-09,-4.21133890720428e-07,1.62786805625022e-05,0.0387693779735764,-2.73485015909923e-08,1.76010033681317e-05,-0.000459446206995628,1.24352898687265e-06,-2.89498047441704e-05,4.45578636065671e-07,7.81703860070611e-07,1.20791954972501e-08,4.09779305096645e-05,-8.36759130506562e-06,4.04561497597313e-08,-1.47847718861213e-05,2.2102963243035e-06,-8.81307885254697e-06,8.23283006898169e-05,0.239787840642277,-1.98678869857755e-05,3.70497145419951e-06,9.99327812955945e-06,-6.02767886704249e-07,2.14371618853189e-06,-0.0215428919507773,-1.38753150301272e-05,4.65213116571612e-05,8.70233905624054e-16,-0.000374902747220618,-9.25947496434357e-08,6.72671189518199e-09,-2.09962148088954e-05,-8.72276437395484e-10,-3.7611219768141e-06,-1.87668155413814e-07,-9.50641254863425e-08,1.68166419032084e-06,2.83456948276197e-15,-8.841374755099e-05,-1.06601721295416e-08,-0.202614724256027,-1.74493316996632e-06,-1.59211191379903e-06,8.17782681539159e-05,7.68454664740456e-06,-1.63632530513952e-06,1.06367192999423e-07,-4.59971013045462e-06,1.14419583788897e-08,9.37142701472282e-07,1.13015494306578e-09,1.44813203583564e-10,7.05234185466169e-06,-8.56191096959069e-09,1.49360677907171e-06,-2.97067749414086e-16,1.46208823798593e-09,4.62013666473887e-10,1.34791243560622e-11,5.46626691291525e-10,-9.35033843107222e-07,-1.30762787058327e-05,8.53458773024463e-08,-3.45656396908766e-07,-3.40330659336317e-07,1.35787869217418e-16,-0.00340859764968961,4.81878104568321e-08,2.57376353691149e-06,1.75867897689016e-16,-1.25873065755852e-07,-1.02319924950259e-08,1.16121145312267e-09,1.67179006565382e-07,-8.05996655004949e-07,-8.94623316467411e-08,-3.94128357692275e-08,2.00132489474064e-07,1.51018968732325e-08,1.01076740604344e-09,2.94431542929675e-07,9.00780868716521e-09,-7.847162020041e-17,-4.68409639104678e-09,1.79434482643736e-07,8.28586309578247e-08,-5.68574715103671e-07,-1.04169815396697e-17,-1.34506350211895e-08,2.83452518303872e-09,-3.48605885930023e-07,-5.39826048178604e-09,-0.000196741682718774,1.59904254456225e-08,-2.35157539061533e-07,1.41965625498462e-06,-3.23246640483362e-16,5.49493586346678e-06,-2.61870832586912e-08,7.68517499975849e-08,8.37650567206716e-06,-1.10221618700964e-08,-1.39809670296044e-08,2.60208521396521e-16,1.35354801272883e-16,-1.31558783669144e-08,-1.5456396980964e-08,2.04416408518383e-09,-2.14263546352275e-05,1.1447770375906e-16,-1.1030536838235e-06,-1.31690177715534e-08,-2.94205064016517e-16,-1.71362341508248e-16,7.70144077697976e-16,2.6862451622051e-05,7.64211688564877e-08,-8.62041267395385e-08,2.64808313327992e-06,3.76439588686166e-07,7.04215457497237e-08,-3.05902658560317e-08,-2.71213493803422e-16,-6.8313675942005e-09,1.93160063711754e-08,-8.07919297481606e-16,1.08823172987766e-15,-1.24843471771919e-08,-1.86673260511461e-06,-7.58959254809668e-09,1.95595367219458e-06,1.02481065355834e-08,-0.00257126901735576,-1.83076955112307e-15,-7.16597581755129e-08,2.66902939419055e-16,-3.08810701209849e-06,8.73324849937074e-17,-7.76247805686556e-09,1.69122792254073e-16,3.25392486301378e-08,8.59299000779544e-09,3.90967635060859e-07,5.40458113091513e-07,2.3907616719865e-08,-2.7651550081328e-09,1.76440543590449e-08,1.09061643270226e-08,2.95798464310125e-05,1.04164280771418e-07,6.19082521216524e-09,-1.76893034878222e-08,-2.99971201008502e-05,-2.58270460896926e-07,-8.38129280739276e-09,1.78057300480439e-15,7.9328126400155e-08,-1.37824021144711e-08,7.36631419154184e-09,-2.95736070179814e-16,0.00105792463588974,3.87710506653475e-07,1.25890890657904e-07,-7.50462950887663e-16,-3.07870508605467e-08,-0.000183498822475512,9.31782640759667e-16,-2.01714498292809e-08,5.34846401602014e-08,-2.2668063427569e-16,4.61161133850218e-16,-5.16946092992729e-09,-0.00215738828453448,-6.61553923465606e-05,-2.26906726349836e-05,1.89990149018891e-07,5.03882111393241e-09,5.19210450227196e-07,4.74108029854826e-08,-1.20952032780656e-06,3.87003797064356e-14,2.250161608202e-10,1.53470427727796e-07,0.000379742169902404,4.21901729389546e-06,0.707106781194278,2.41844875018872e-13,6.05978423730992e-07,-4.17773633457082e-15,-2.4018868241384e-15,6.35846605257535e-08,-9.37516093968039e-08,-1.75530790523323e-08,-9.88334391072412e-08,4.51598307927047e-07,1.17983288262518e-07,1.5089965095627e-07,-1.2870628653619e-15,8.02670114538898e-07,9.02809941479728e-05,1.71741044500554e-07,-1.64416727007737e-08,6.51656840849164e-08,-9.34882666714397e-16,5.07035026389751e-15,-2.55797240215709e-15,-1.70393524141744e-05,-2.74962840252865e-09,-1.78285306908416e-07,1.09434479114579e-15,-2.11273031777858e-09,-1.95367868375269e-15,-8.14154954332434e-16,3.48386585781034e-07,-8.72360699159232e-08,-2.03396327558281e-15,-7.21080122323935e-07,-9.73296467191861e-09,1.98894679725137e-15,2.20502517067581e-08,1.61235449347218e-15,8.19465906581798e-07,4.17304900513818e-16,8.17464836581354e-07,6.74370060817141e-08,2.44301751431575e-09,2.41295673581271e-07,1.65710809112858e-06,-7.90475053827084e-09,2.43343377522209e-07,4.44008981386384e-16,1.44338768229569e-07,-8.14976519912318e-09,-6.64697274412214e-16,-1.07418682371957e-09,-2.19090190567055e-08,5.09415482518303e-09,-6.23200012347267e-16,1.63805929818554e-08,2.16757024661364e-08,2.66768735785817e-16,-6.0181943271149e-07,-4.5694177786517e-07,-6.2452210085498e-10,1.31839830075273e-15,2.26939206247956e-15,1.11976382311659e-08,3.5861266362131e-07,2.90191698604383e-08,-4.49633147821845e-09,2.13863318613936e-07,-2.81317708574285e-16,8.38365980590244e-16,7.81535339453181e-07,2.35163684543287e-09,-6.84959656385273e-16,1.89351287518478e-06,1.70046008507327e-16,9.43727835842046e-09,-1.79100362564584e-07,-0.000440877106636851,-1.24490052043345e-05,-2.68995893080103e-16,9.16016386180246e-17,6.47695330142425e-16,-1.5706304204176e-16,-1.07652101540084e-09,-3.73609291438865e-09,-3.4394120010229e-16,-2.65139964567592e-16,6.26410590282989e-16,5.26742247649188e-09,4.73671346946663e-11,-2.612117382706e-09,-3.48989422200563e-16,2.31477163825655e-16,1.03817779026349e-15,-1.12573622663286e-07,3.44530328249566e-09,1.88052881755731e-16,6.05555307124514e-10,-1.58527966071149e-08,4.78816854002077e-16,-5.74510570834227e-16,-1.14006908506957e-06,-1.12277548704932e-10,-5.65342591517363e-07,8.92996388805667e-16,6.1348385878127e-09,9.91183831876107e-08,1.06536353865136e-07,-3.98742253327583e-07,-2.36845160167104e-08,3.86363920672011e-10,-3.87077128076357e-16,-1.51112434190972e-15,-6.44202034132068e-16,7.9485400132808e-09,-7.2689790157092e-09,-0.00171012659179465,-1.92423015295298e-09,2.33414047992028e-16,-1.53703500920785e-16,-4.586057900478e-17,-2.35690610021479e-17,-2.31197494583875e-16,9.3404186375824e-09,-1.66334790515132e-16,2.70008637782813e-16,-1.63739629502899e-07,1.6495770959103e-16,-1.50756603237294e-07,-2.04672258958539e-16,-0.000375012891953462,3.97495307820214e-16,-2.14865930463399e-05,-2.61913382013709e-08,-2.31574089528797e-08,5.64496897208095e-17,8.44086046172985e-07,-1.10399527880387e-16,1.28510365867964e-07,-2.04966587231385e-08,1.13443061896005e-10,2.73958524552054e-17,6.25304837450947e-07,-5.27617278171127e-16,-4.50763349600309e-08,-2.30121510446004e-08,2.57130272874204e-16,2.50387188664128e-16,-4.42713096586256e-16,3.60610394355832e-17,-3.49414779858914e-09,-1.0400167474015e-07,-2.32295800301184e-08,1.08036431364786e-16,2.21894365159248e-16,-2.38367741325906e-09,1.94456610896031e-08,2.29258245784572e-16,-5.17110480334216e-16,-3.88663684993264e-08,8.54070208580611e-17,-6.88554514147425e-06,1.45261369879363e-16,6.89712910156869e-08,-2.70168446822132e-16,-8.40637674801087e-16,-1.87758071441193e-16,-7.49033834926457e-17,-1.00430022843537e-16,2.07190273900749e-16,1.32857138946686e-09,-9.29178817341403e-09,-1.71545313340686e-16,-6.17347174798e-09,2.59450850706187e-07,-2.15652699826168e-16,-2.40313413456191e-16,-1.83238791273104e-16,-4.22251107243854e-16,2.18182033231808e-06,3.81747197853235e-08,1.34701445702919e-16,9.33939762715424e-17,-4.65357878759672e-08,-1.50320925586567e-08,-2.27615905377125e-10,-1.70949090439871e-16,-3.65071195333044e-17,8.70065778779934e-17,-3.26819739776565e-16,6.44994229106215e-17,-4.36987351367904e-17,9.15619058829596e-07,-3.16979611692574e-07,-1.66594160015348e-07,5.22302415384931e-17,-2.62242439942565e-16,-2.3038240358001e-16,-1.8098098950049e-17,3.02126465653011e-17,3.33188907861237e-17,1.58015406888921e-16,-6.2193821248995e-17,1.74544609617232e-16,-2.59105221868335e-17,2.41461445693179e-16,-2.19887864313708e-17,-1.97977569618867e-16,-1.65267347070342e-16,8.91885032355107e-10,3.37227130791857e-17,-1.52659496709419e-16,5.72401488016629e-17,1.26398004000926e-08,-9.60892457867498e-05,-5.77767175705816e-18,-3.25409673590311e-10,1.15445946845243e-08,-1.95764590641513e-16,6.46047945768934e-18,-2.22752290071642e-08,2.985355584557e-16,2.84626983367511e-10,5.44600270690497e-17,1.34635210485808e-16,-6.22647421968521e-18,2.05462077695907e-16,5.91137709383715e-05,-3.82331278527412e-08,1.65284768973526e-18,-2.04271203350905e-16,-1.49504591066204e-16,-3.49726415957929e-16,3.64400350172378e-16,-2.61939848360168e-16,2.50823718190668e-17,1.36678503692651e-17,4.62077107318929e-10,-6.96342509404016e-17,-5.10626549234501e-17,-1.32793153571271e-16,8.30329782683571e-17,-1.75334844470239e-16,-1.65570617430698e-17,-1.00523089448957e-07,-1.95456108610851e-17,-2.2469195020945e-16,6.8008969303131e-09,3.55249294449411e-17,2.39803299082219e-16,2.9435753804248e-16,-2.55581483787336e-16,5.67947525045076e-09,2.93372203100061e-17,-3.90196326877459e-06,2.71513681250714e-16,2.46429534428189e-17,3.10086951073269e-17,-3.33478988916386e-16,2.5354438537689e-16,-3.02518630830026e-16,6.79232541032199e-09,-3.13262643972601e-16,2.40947803629601e-16,8.57959011466911e-10,-8.48093342173195e-07,4.74638860755062e-17,1.46005251122266e-07,1.98467159985941e-07,-2.71858417713139e-17,3.48389691945922e-16,1.32504797818679e-16,1.10246647290868e-16,3.18783877118011e-16,-3.33442522138146e-07,-9.00138618906918e-17,1.93220483311572e-16,2.15038901126147e-16,1.33505377472841e-07,3.17008006602095e-16,-1.70224425157877e-16,1.99121005716676e-16,-1.11276472623868e-16,-6.08329223682909e-08,-2.89668542563358e-17,1.79365938879439e-10,8.5076407387405e-18,-1.21014577572827e-16,-6.88824357346561e-17,1.37019751930328e-16,9.58604669697448e-17,7.04193716147697e-17,-3.2435622878564e-17,-3.11377557583027e-09,-3.40013253616098e-16,-1.85232584802599e-16,1.30924607445449e-09,3.68927682600575e-16,-1.85526002466937e-16,-3.11989800222994e-16,5.67260799371841e-18,1.46444054674587e-16,-2.15253391059794e-17,-9.49533336529909e-09,-1.56723337059167e-16,8.38543627423707e-17,2.82798972707488e-09,2.41791729306629e-17,-3.30881647281582e-17,1.45228338991067e-16,-2.83060675598797e-16,2.83913242476157e-18,-3.60520455348969e-16,1.53128493380611e-17,-7.76911547308633e-17,-1.89796208013362e-16,-4.93334087870483e-17,1.54776167542025e-16,-1.4847519382743e-09,4.92395014151593e-09,-9.88361961103026e-17,1.43510699204798e-17,-2.32590732881953e-16,2.2450035547849e-16,2.2659825404947e-17,-1.21645924459779e-16,-1.30158674250493e-16,1.0422910515681e-16,-4.69552963891391e-09,-5.86320602245973e-17,-2.58375401704347e-17,9.38279856516686e-17,-3.80454706202383e-17,5.46861659177171e-10,-1.25802096366513e-16,-8.67609332086407e-11,-3.51495902673624e-16,-9.9780902604523e-17,2.83318099473618e-17,1.15527723367756e-16,-4.19167678155483e-17,-5.0898559043148e-17,1.12864426391263e-16,-6.18856400002427e-17,-8.79666214685792e-17,7.93644135948337e-17,1.54827218987951e-16,-1.6529879863102e-16,7.15627560428931e-17,2.85097781300314e-16,1.72671808539407e-16,1.74446935912326e-16,6.35217398093604e-17,1.2446226854705e-16,-6.43775277976457e-17,-2.10467773315433e-16,-2.49366499671666e-18,-7.45637973904675e-17,-6.05505253469268e-17,8.01135375482761e-18,-1.31305374561731e-16,4.20383112258034e-09,-1.97644502817069e-16,2.68414276773318e-17,-3.22292926557497e-17,-1.45855003096235e-16,1.43124343912897e-16,-5.65902104728995e-17,-1.05939627285291e-16,-1.38696298675194e-16,7.52554743926802e-17,-2.74423485554985e-16,-4.53738609185184e-16,7.45248932079771e-17,-7.7519491463221e-17,-1.04815405327828e-16,-1.03995274958643e-16,-2.75586147825491e-16,5.57673452009654e-17,-4.906821162095e-07,4.8021534101365e-17,-1.57322598199711e-18,7.47980963575726e-17,-2.65130187833589e-16,-6.00144694044038e-17,-1.82373767579073e-17,7.87613168249465e-17,3.28211073302181e-17,1.01059007089474e-16,1.24293289141298e-09,2.61519884995981e-16,-1.53191273231276e-16,-1.10108000609696e-16,-1.36262925225684e-16,-5.64360561487798e-17,4.32942885631284e-17,-3.46420199909052e-16,5.39272135656699e-17,6.65822382402615e-17,-1.38857564465527e-16,8.44207704000124e-17,4.24891106431661e-17,-8.76465453401009e-17,5.79514370491958e-08,-4.38087836395037e-17,-6.38035808830738e-17,-1.39761592445032e-16,-2.12720466241656e-16,-1.72254205914574e-09,1.23185313143043e-17,1.89171279810421e-16,-2.10214705874626e-17,3.18821910511474e-16,-1.24550016184834e-16,-1.15068733398448e-16,8.09181125038885e-17,-8.80183606418121e-18,4.20605190671944e-17,-1.34983098039603e-16,1.53439186882995e-17,5.80033435341963e-17,-1.71123093967553e-16,9.24206556827945e-17,-2.0792703560432e-17,-8.16455561811351e-17,-1.58529608594793e-16
"t400",0.0394883505755673,-0.013652885126032,-0.0151167851508078,0.00104982506510438,0.0122095781248478,-0.0503575299798747,-0.00776512437154609,-3.04949189375732e-05,0.0952949448975034,-0.00602482124359862,-0.0129991478855763,0.001106083529971,-0.00246279081823201,-0.000554385981342709,-0.01810312634939,0.000562511953942768,0.000422249851512267,-5.75237390000563e-05,-0.0319240005681139,-0.0573086266241366,2.55247802828441e-05,-3.51785144405117e-06,0.000156878742882982,1.92615526873989e-06,-2.72767196399237e-08,4.39621175746448e-05,-0.000547299333583835,-3.1376944604509e-06,-3.03156527389822e-05,0.000734247138875933,0.000173652880753038,-0.00481283526178234,-3.41718032432527e-06,0.00504190520320884,-0.0412647824561177,0.000333592668614692,9.7091411911088e-06,-1.59100207156436e-05,-0.00175646796565764,-0.000364192461734747,-4.69228402929148e-05,0.00109853597555675,-3.33172994432283e-06,0.000221712496152937,-7.95834201125587e-06,1.68668973361203e-06,-3.37989300146015e-07,5.45667262925794e-06,-0.00132260401327733,0.00126979861355915,1.4407835213857e-06,-4.32467984373728e-07,1.68470878082531e-07,2.36191374999861e-08,-0.000856512893199855,-1.12823686457644e-05,-6.81100166125167e-05,7.7112116710388e-07,-6.2965770988128e-06,-4.82757446629398e-09,-1.45021627435041e-08,9.92745380339606e-07,-6.95810611944931e-07,5.3960601809445e-07,-7.03664195508841e-06,1.7997581405729e-07,-0.00881029388621232,-2.45059457632435e-06,2.75695449050405e-07,-1.83429518297184e-07,1.22857428372955e-10,-3.56193617439757e-08,1.48917795524825e-07,1.35416282872428e-07,-5.91406496645992e-08,-6.78124634458088e-07,6.11101615022791e-07,-1.12931980353684e-07,5.02586275156441e-05,7.31478861909867e-06,-6.18975272129451e-07,-5.13342223416056e-05,0.000123063946341124,4.41595557436085e-06,-0.00816148865644522,-2.24858089686299e-05,3.96631121063751e-05,0.0373311110450503,-5.56777933090912e-06,6.13732155561233e-05,-0.000179953441257683,1.51583030450625e-08,9.73538485585629e-06,-5.72820432952721e-06,-6.50988545260087e-07,-6.90418038343506e-07,-8.07460865719325e-08,3.06839610501811e-07,-2.78784231668832e-06,0.000292119650175149,-2.87250795698702e-06,1.80211200460905e-08,-3.58032871558757e-06,8.136454830138e-07,-7.65586434026422e-07,1.85277554749e-08,-3.49995096835602e-06,3.96700739908312e-09,-3.43606098180147e-06,5.11059295685463e-10,1.18523345009586e-08,-3.88817723076006e-08,1.43308811688405e-08,-6.51576398676561e-08,7.85273441066794e-08,-1.15175639642381e-07,1.39256111394602e-05,-1.80256389219056e-05,3.17044258784824e-06,-1.25353411685382e-06,7.56996870742345e-07,-1.87204168403247e-06,0.000222723202629256,-1.75428753208649e-05,-1.00455587226719e-07,3.14918191776317e-06,-3.30582529415105e-07,8.72906909614436e-06,-1.03525598239339e-05,-0.000361145500806666,-2.719515027837e-06,1.18360041379266e-05,-9.76590531549776e-07,-6.54944556749823e-05,2.94654412989168e-08,-1.97730717968952e-05,0.000801285206047404,3.44221221236461e-06,-0.00903293411258103,-0.00222299672010428,-0.000377783313632865,-5.57764870057473e-06,1.36970523991134e-05,2.84911974508978e-07,1.60325704457889e-09,8.83639200009066e-06,2.33416158304198e-06,-0.00025368904278161,-2.16330007247807e-05,1.16362842690228e-05,1.73613596412043e-05,0.258353688044342,-2.14834923319562e-05,0.00245067231130778,-1.31781071048245e-06,-0.000242903459492642,0.000124851246217425,-4.70174931108415e-06,-0.000245194185825309,-3.09868010935566e-06,-2.69845406856586e-06,3.83801852731749e-07,-2.5596782394002e-05,-3.22359439168012e-06,1.84267325224369e-06,-1.07911543179758e-06,3.89181350956021e-05,-0.0162861764245177,0.000335368408727727,7.82312970534438e-07,-1.25846486927929e-06,-2.1872914670396e-07,2.08954198772234e-08,6.91299492533448e-06,1.00082580200389e-07,1.92216663911959e-07,8.15792395279848e-09,-1.0607792364827e-07,7.07014671058709e-06,1.06199525380124e-06,-5.43966668427841e-06,-2.59356640622833e-06,6.57028751453912e-07,3.14873852316935e-09,1.1398340262914e-07,8.69512156135228e-08,0.00084874049188477,-0.197265411612978,0.0379160027879993,-1.36309767135988e-05,-3.48323134920146e-05,0.00672116321581592,9.78642086863452e-06,1.54653051109357e-09,1.46783446800716e-07,-0.000266583531218059,-1.52901633150169e-05,-2.38798414668547e-07,0.000260373627039284,3.8729328416713e-06,9.02864890061623e-06,1.25646915874854e-05,-2.48827528021877e-07,-1.38175757925802e-05,-0.00525392667223062,2.82654640177212e-06,0.00044649667877841,8.57937897675264e-07,-6.27224724028588e-05,-1.46080898419154e-08,-0.000303195064180046,-1.96811484454381e-06,-6.37085089644296e-06,-0.00281213246139121,1.58056824081769e-06,1.49154606615413e-07,2.7207272926039e-08,1.91611108828762e-08,-6.399605897811e-06,-2.7929049536427e-06,-1.28292583105318e-06,1.51395906397773e-06,3.31724301590704e-07,1.39868089075816e-06,-4.07025172384497e-06,-2.31107618994485e-07,-2.18640032664741e-05,-1.19168083225718e-07,-2.52966606280675e-05,-8.04386377690088e-06,4.2977222136927e-07,8.78866865118627e-08,2.64540027963847e-06,9.7265486331067e-07,-5.41431512239337e-07,-9.56054498629565e-09,-4.12934612764207e-06,-3.0076442658208e-16,-3.78893903781091e-08,5.38317869332866e-07,-1.05716449620302e-07,-2.65094546569158e-07,-3.50866110124549e-06,4.84823964642225e-08,-6.96847753765639e-07,3.19402565297966e-07,-6.28506022536543e-07,0.183943959596391,-4.67967738929561e-08,2.3367611211155e-05,-1.5459843771555e-08,1.70555504299976e-06,-1.45114758409239e-05,5.68035024528256e-09,-3.59763764894334e-10,1.66340599710379e-08,-1.46429645530885e-08,2.29350874108126e-07,5.55746196966783e-06,-1.026370634111e-06,1.94262151820922e-07,-3.5006009263565e-06,4.06117779915355e-06,-2.44293255923868e-07,2.50168640507427e-06,-8.48288993852894e-07,5.18020171753487e-09,4.6969940981272e-05,2.40375859582189e-07,0.00991516640224474,-6.60095877319e-09,6.70302845681295e-08,3.76329264426407e-10,-2.68593124304328e-08,3.98464623593721e-08,-7.25669075272698e-08,4.75529130450926e-08,-2.9046794546586e-09,2.80295418363305e-07,-8.3853259457419e-10,8.69425166788638e-08,2.7473489410254e-17,2.41240353431167e-07,3.02567233651589e-08,5.46596586254967e-13,9.75773968064236e-09,-2.13317566601707e-08,1.54563923029735e-08,4.71793797543852e-09,-1.37207045016027e-09,6.7537675680601e-08,-2.63143291795167e-06,-0.00711537510223478,6.80906010268993e-09,-4.59088625224494e-06,0.000123669777000149,-3.69658393080066e-07,1.19669610859213e-05,-2.0797946672659e-07,-3.67377801142123e-07,-5.68842956687791e-09,-2.53167685499175e-05,6.84717165084301e-06,-3.42551519976072e-08,1.31531540336982e-05,-2.08640971397188e-06,8.47058879555242e-06,-9.1795279549051e-05,-0.270331928119744,2.28563146874287e-05,-4.3215045010075e-06,-1.21955451618024e-05,7.73190492121333e-07,-2.87919451291997e-06,0.0295198532901449,1.96704106635779e-05,-7.0905629405738e-05,-2.99516240089891e-15,0.00089684012630539,2.32150252831466e-07,-1.81116455689415e-08,5.66528831599293e-05,2.35892091228894e-09,1.03531531923942e-05,5.34281995128411e-07,2.81832958230583e-07,-5.4224436834899e-06,-1.05949394156371e-14,0.000349445076124746,4.32676374893737e-08,0.871531493926314,7.55866846971671e-06,8.02694575571993e-06,-0.000450823766811448,-4.84683449069947e-05,1.14005178716339e-05,-9.42466426334034e-07,5.30912846099971e-05,-1.61609702480187e-07,-1.50744474397581e-05,-1.98604416870309e-08,-3.03379674550588e-09,-0.000150895873240302,2.1196768266148e-07,-4.20223794037335e-05,2.07444458108633e-15,-1.09410404624426e-06,8.63938295861833e-08,2.49001423893704e-09,2.30695675881112e-08,-3.54581032075576e-05,-0.000227953193303209,1.29998713729727e-06,-5.13903478507036e-06,-4.64431045521624e-06,1.94199268656145e-15,-0.0426067199357713,5.84334165908268e-07,2.81292466178463e-05,-1.34178352864293e-15,-1.24670869341546e-06,-9.91935637047526e-08,1.11356210234968e-08,1.56837466063077e-06,-7.29854806207027e-06,-7.89736979445667e-07,-3.41266742680958e-07,1.64136262183923e-06,1.23095267822992e-07,7.95780922539525e-09,2.18956366269834e-06,6.68009708210476e-08,-2.84522929586857e-16,-3.1468739188672e-08,1.18666858626152e-06,5.30020222159282e-07,-3.46883328955751e-06,3.29701173784501e-16,-7.49368973711194e-08,1.44717586351983e-08,-1.71838013139794e-06,-2.61974982660912e-08,-0.000937637593551582,7.38075809865447e-08,-1.0346377001684e-06,5.64564246401394e-06,-6.29913158072009e-17,2.0306745729186e-05,-9.62137598833771e-08,2.79023653714114e-07,2.99317874112924e-05,-3.93384196737807e-08,-4.96807199365418e-08,-6.93889390390723e-18,2.23640319301476e-16,-4.56277026090649e-08,-5.25483858785828e-08,6.9329814343229e-09,-7.14511919756675e-05,2.29064261980774e-15,-3.5536780224799e-06,-4.18235993057176e-08,-5.58335117969194e-17,-1.38459721729489e-17,-1.4397794901866e-16,8.18621865244208e-05,2.31748356767238e-07,-2.57158260237186e-07,7.79529532794596e-06,1.10646016798477e-06,2.04210054640614e-07,-8.85715212100371e-08,1.09664606956909e-16,-1.92807965897575e-08,5.40556951654417e-08,5.79321124150138e-16,-5.08073563502823e-16,-3.3867365380315e-08,-5.02865186022885e-06,-2.02593229734075e-08,5.19015987562815e-06,2.68948598697746e-08,-0.00673622990079429,-2.3289227916737e-16,-1.87291806942646e-07,7.84382296217401e-16,-8.01738348079106e-06,5.06972935854222e-16,-2.00562244719998e-08,7.92551770048818e-17,8.35702584252215e-08,2.2042930276317e-08,9.87683090562817e-07,1.36104762829064e-06,6.01287583772351e-08,-6.91576323745583e-09,4.39194806847343e-08,2.68592565612032e-08,7.28412952470505e-05,2.55691494014086e-07,1.51097816656005e-08,-4.28530818564772e-08,-7.22279591051285e-05,-6.18965094469163e-07,-2.00408636478412e-08,-3.15502588105014e-16,1.88382105742681e-07,-3.25191610037856e-08,1.70824902277994e-08,-8.64660391085731e-17,0.00244166405003699,8.88584715169927e-07,2.8768517601033e-07,3.21582785078749e-16,-7.024983733394e-08,-0.000416284973862754,-4.6238751031375e-17,-4.56329637823057e-08,1.19062873066281e-07,9.61255615602695e-17,2.04235554157513e-15,-1.14391569481225e-08,-0.00477141477395772,-0.000145953848150409,-4.99181382186232e-05,4.15335752465994e-07,1.10094067445861e-08,1.13357302220048e-06,1.02677504293148e-07,-2.60282378280651e-06,8.43292449759225e-16,4.83131588694534e-10,3.29349568904226e-07,0.000813785365163954,9.0261482298182e-06,-6.31568552355985e-12,1.0814488316366e-16,1.29347384647113e-06,1.98386288137287e-16,-6.10176744605797e-16,1.33861655244373e-07,-1.96917530936242e-07,-3.68670257642256e-08,-2.0655884322661e-07,9.43203702563743e-07,2.46383976797268e-07,3.14837028902344e-07,4.33510474340681e-17,1.65896785877979e-06,0.000186227868093174,3.54032035068041e-07,-3.37856291696224e-08,1.33146136698928e-07,-1.94209237187123e-16,1.84762581423009e-16,-4.78634082163114e-16,-3.45379399419187e-05,-5.55459952278491e-09,-3.60067444573896e-07,4.4642696974351e-16,-4.25323029844348e-09,7.71296452850891e-18,2.63942417814894e-16,6.91850917415841e-07,-1.73210759185182e-07,1.40512601554121e-16,-1.42710923105425e-06,-1.92268665846786e-08,4.2400178482202e-17,4.33946880785175e-08,-1.18250958888949e-16,1.60549190050397e-06,2.60497980237074e-16,1.6009325647491e-06,1.32028643267052e-07,4.78128996039302e-09,4.72016979422894e-07,3.23807358348803e-06,-1.53838838319142e-08,4.70960030456808e-07,-5.58075805843253e-17,2.77464323815877e-07,-1.56552307661212e-08,5.7214925420809e-17,-2.0614976117088e-09,-4.19740120782783e-08,9.7445421089527e-09,-2.09422604880583e-17,3.11720973672084e-08,4.12067302171141e-08,-1.67845504733273e-17,-1.14255397578272e-06,-8.66930186507397e-07,-1.18198072551851e-09,3.35610485503502e-16,-4.52795765289726e-17,2.10723336895086e-08,6.73241376984716e-07,5.44524916284727e-08,-8.3513355568468e-09,3.96576108281701e-07,8.22210343095302e-17,-1.03880058457699e-16,1.44761517398771e-06,4.35525306783737e-09,1.37353255792619e-16,3.50023027196176e-06,2.46225741677383e-17,1.74137719216638e-08,-3.2966846779088e-07,-0.000811377867256152,-2.28952101247271e-05,1.26899638213702e-17,-1.11087884083514e-16,2.77063836714693e-16,-1.372407620368e-17,-1.96789916833288e-09,-6.82628926788574e-09,-2.1357055359365e-16,1.54552778302056e-16,-3.82392470089419e-17,9.60718810960734e-09,8.6324524128613e-11,-4.75075208710006e-09,-1.79376091348384e-17,5.31394589789458e-16,4.0462425077159e-16,-2.03331160151345e-07,6.22146440784236e-09,1.64739525272018e-16,1.09060253776824e-09,-2.85204757538065e-08,-1.73007546748152e-16,1.11339883021614e-16,-2.04596601027977e-06,-2.01452539047985e-10,-1.01288429954399e-06,-2.63775652309938e-16,1.0964783508975e-08,1.76919265994227e-07,1.89810322187762e-07,-7.08647882744662e-07,-4.20642703419022e-08,6.85336845792316e-10,-3.98640220357692e-17,2.36804935754858e-17,2.87205144396702e-17,1.40009739308894e-08,-1.28026018645242e-08,-0.00300933797212766,-3.37120609817093e-09,-1.13910492987455e-16,2.9630433253394e-16,2.45250910118846e-16,2.72426397184976e-16,-3.23493982049837e-16,1.62898856747624e-08,-2.55470360373117e-17,-1.40645300770305e-16,-2.85061623068866e-07,-5.27629625134353e-17,-2.62434244847995e-07,-1.56611970056067e-16,-0.000652712165540265,1.18872300355658e-17,-3.72840385535018e-05,-4.54151321899393e-08,-4.01103544207819e-08,8.46352149159845e-17,1.46005401273213e-06,-7.20411311043263e-17,2.21639842340897e-07,-3.5216954343443e-08,1.9488314221166e-10,-3.30464689106879e-16,1.07258384462674e-06,2.96406009987466e-17,-7.71351700086311e-08,-3.93740828415344e-08,1.63791188906467e-16,8.53229843042353e-17,2.55431477880006e-17,3.35035466226674e-17,-5.96686245404365e-09,-1.77509505765494e-07,-3.96244788728235e-08,-4.54702825090762e-18,1.26101858244464e-17,-4.05449392895865e-09,3.30717670614551e-08,8.94748214188702e-17,1.86274184921011e-17,-6.58700981874006e-08,-2.58302171575049e-17,-1.16608549439302e-05,1.24062211918238e-17,1.16555163827399e-07,-2.37815663156367e-16,-1.64700134089912e-15,-2.62957569471693e-17,5.10091901565914e-17,-9.62867024194392e-18,-3.79451084754907e-17,2.23554221947902e-09,-1.56341053271386e-08,8.56036767263251e-17,-1.03719119773997e-08,4.35628151021383e-07,1.23403696571432e-16,-9.45058049263713e-17,2.61056469054172e-16,8.83516726668934e-17,3.65367030193591e-06,6.38880055013804e-08,1.70110560653901e-16,5.72641970320393e-17,-7.7827637032432e-08,-2.51378220026409e-08,-3.80522919372096e-10,2.34521974418465e-17,-2.04233866039347e-16,-9.44883615707339e-17,-3.27478113378954e-16,-1.77775862718771e-16,8.20864170061534e-17,1.52334417734352e-06,-5.27133107445869e-07,-2.76921141281903e-07,-1.90239503684461e-17,2.0406845850744e-16,1.31691275369413e-16,-1.83209466709698e-16,7.69214731865708e-18,1.35707553187214e-16,-1.18770152361402e-16,2.52245876525808e-17,2.54463470350251e-17,-9.00401413073851e-17,-1.18064356732281e-16,-5.05182529948564e-17,1.63296607255309e-17,-9.07987729309214e-17,1.47163886695559e-09,-6.88105724955921e-17,-1.99838615693265e-16,-1.07060702516949e-16,2.08359548361416e-08,-0.000158362166579492,2.2128111430682e-18,-5.36225545501256e-10,1.90012762614058e-08,4.36271339853012e-17,5.44486383647721e-16,-3.6609220040934e-08,-5.96984460385711e-17,4.66950076810635e-10,1.44397607025182e-16,6.23041410542086e-18,2.58171655321246e-17,1.65090703888354e-16,9.67101134776882e-05,-6.25376151921238e-08,5.88391168241429e-17,-7.68817108984069e-17,1.68679125133453e-16,3.03271700756079e-17,-1.86916454536501e-16,1.17999101063833e-16,5.7419426931904e-17,3.97499406404954e-17,7.48620024290505e-10,4.77601756002959e-17,-9.46747075198717e-17,1.41080305713824e-17,-1.18973800177022e-17,-1.0090797045903e-16,-2.29472979362127e-16,-1.62529958237242e-07,9.19910812570239e-17,-6.93392458785471e-17,1.09918922926106e-08,-4.53379957127393e-17,-1.1010840597929e-18,-3.81968892833861e-18,1.07536033443785e-16,9.13974229690945e-09,-7.52959417598065e-17,-6.2744347249515e-06,1.74991974585024e-16,5.4914924030931e-17,8.74970653363746e-17,-1.43898192244297e-17,-1.84477105484045e-16,-6.63230518572755e-17,1.09051108584747e-08,-6.51266368802848e-17,2.48750857331234e-18,1.37581047507825e-09,-1.35990800677043e-06,4.88514327315633e-18,2.33877463099818e-07,3.17811001416775e-07,-1.06301817702236e-16,7.83241093218097e-17,-1.69929080116888e-16,2.27485956561812e-17,1.15324316467522e-16,-5.31435927867353e-07,-1.72966673256072e-16,7.77472749401555e-17,-1.8887895248509e-17,2.12522622899743e-07,1.82435190345588e-16,7.0197166136081e-17,2.08811746538829e-16,4.36884988269713e-17,-9.66841995362189e-08,7.05273298155148e-17,2.84933672667901e-10,2.73729384950113e-17,5.10489542671421e-17,4.17211243731018e-16,3.58793332843237e-16,-3.11150218543811e-17,5.45729720005359e-17,-2.24807837987639e-17,-4.93370484174894e-09,1.1561154532537e-16,2.40828772757185e-16,2.07315154675217e-09,-6.03808639127645e-17,-7.48676683785688e-17,6.20965081416002e-17,6.12778515804127e-17,-1.97937953984332e-17,-1.67279820694938e-17,-1.50056726969067e-08,1.26002028577147e-17,4.96673802178797e-17,4.46516437678116e-09,1.27092322689895e-16,3.72583405700322e-17,2.14171488293785e-17,-1.19106749989953e-16,-2.06472602552682e-17,-2.43631699696173e-16,-3.75695755425964e-18,9.38216013484222e-17,-1.78199632370619e-17,-8.96602507914304e-17,-2.22171721269012e-17,-2.33667632592775e-09,7.74621019848134e-09,4.72841669438594e-17,-8.58070576273674e-18,1.11486145021148e-16,-3.84230482734579e-17,1.50487261540988e-16,8.41754306404221e-17,1.84626948257301e-16,-6.6946559317394e-17,-7.37192314534078e-09,-7.44599381578392e-17,-4.79617470464068e-19,-1.82794897418846e-16,-2.11776762238475e-16,8.57097778069214e-10,1.04563439275931e-16,-1.35719993117785e-10,-2.51731683215941e-17,6.91810301715351e-17,2.40775037423901e-16,8.0371736876285e-17,-3.90554160777681e-17,4.18214165431945e-17,-5.31940143209729e-17,1.28281914219849e-16,-2.77390674888195e-17,-6.22352932522961e-17,-1.46912905167724e-16,-4.46878563491939e-17,2.30854219914931e-16,-3.2304296878519e-17,-4.7431619440368e-18,-1.18926048800424e-16,-1.26628998606034e-17,1.22847240303255e-16,1.26715967384526e-16,1.64156886537392e-16,1.84531209757033e-16,2.23820219622519e-17,-2.64218817816182e-16,8.69165459166133e-17,-4.18122784389846e-17,6.53036832267883e-09,-2.7236762693679e-16,2.34533472919039e-17,-5.04210444513767e-17,-1.06244747286743e-16,-2.84683993714275e-16,2.27662138289392e-17,1.27552515263837e-16,1.61377366080711e-17,4.58665531664907e-17,8.46674332924387e-17,-2.25297211442488e-16,-9.13653368770845e-17,-6.76044075538315e-17,7.53974154001402e-17,-2.45630757800111e-16,-9.40273016796684e-17,-4.39422902361559e-17,-7.58729360543613e-07,-4.23384968303083e-18,-9.00152671633442e-17,6.65689499032098e-18,2.7094871283965e-16,7.638264886183e-17,-7.59455796414369e-17,-1.0953402819154e-16,2.43970208332032e-16,-2.8940533193866e-17,1.91293106584334e-09,7.25261853949162e-17,1.47693737861569e-16,8.4185200672273e-17,2.18845741860955e-17,-1.49610579255423e-16,5.83175499224375e-16,1.1172197664521e-16,-5.75663373751392e-18,1.07614715986976e-17,-3.75355084863559e-17,6.54057096410355e-17,6.07198118738861e-17,1.22959332971675e-16,8.87781359605379e-08,1.6802409878594e-16,4.07635673471431e-20,3.53642096347744e-16,-2.68231617472914e-16,-2.63321841968284e-09,-2.61459929970671e-18,-3.78368365801521e-17,1.06377480995186e-17,1.7707034337985e-16,-1.33162918256118e-16,1.39595057902252e-16,1.32616920363248e-16,-4.74078541763575e-17,-1.87598089711147e-16,7.90046438118313e-17,-1.58258971628371e-17,3.20446123530657e-16,4.67077760686698e-17,-3.6138856090577e-16,1.80693653054676e-17,-1.21109012350516e-17,-1.14790523230145e-16
"t911",0.0394295288914376,-0.0136079262129903,-0.0150652448268177,0.00104487331970531,0.0121370747266057,-0.049997378578106,-0.00770830139394406,-3.02505381571026e-05,0.0943608025127296,-0.00594966131249587,-0.0127777191934933,0.00108093906502162,-0.00240445131946881,-0.000540966813189892,-0.017636971247796,0.000546751561500022,0.000409995622337362,-5.5808715891307e-05,-0.0309387183693626,-0.0552994341134777,2.45115478790212e-05,-3.32681332500863e-06,0.000147505362693684,1.80989972071912e-06,-2.5618853415196e-08,4.10564859806097e-05,-0.000510341940593525,-2.92231670032041e-06,-2.81303479461492e-05,0.000661154628593798,0.000153911268273022,-0.00421121497349008,-2.91884399152877e-06,0.00422407516462905,-0.0337308469367941,0.000259838451162429,7.49160918171735e-06,-1.2123592868702e-05,-0.00133091557585932,-0.000272422180470827,-3.41555828065724e-05,0.000779102183333729,-2.32156554613677e-06,0.000154256700315623,-5.41368390814248e-06,1.03774188584722e-06,-2.00285184353968e-07,3.17250097869331e-06,-0.000725054364970755,0.000646156270686817,6.48549356038075e-07,-1.81629276290334e-07,6.9984087623525e-08,8.84973285885521e-09,-0.000243801711704476,-3.04280151792624e-06,5.39945643580324e-06,-1.61840178779726e-07,1.42797035286247e-06,3.17301169922555e-09,1.64156915316484e-08,-1.43031350496349e-06,1.21160826781693e-06,-9.85080876733975e-07,1.82460529225566e-05,-6.47424410442793e-07,0.0758966566439971,3.78302546490455e-05,-6.25410981453898e-06,1.7365340697196e-05,1.50398344314296e-08,-3.19918043611978e-07,1.2794323930015e-06,1.08572862663057e-06,-4.70871405401104e-07,-5.28303999453147e-06,4.72429087994654e-06,-8.4624823461488e-07,0.000362643561003371,5.25162422701972e-05,-4.45622219661784e-06,-0.000370441363949146,0.000919475220641207,3.35403662645659e-05,-0.0687015444733566,-0.000196620341172177,0.000362223154626417,0.343507632339013,-5.13349861929749e-05,0.000568729437371065,-0.00169898410543177,1.79318584768266e-07,0.000118225353036036,-8.59315461139816e-05,-1.81861514753112e-05,-2.24729522684196e-05,-2.64893029230734e-06,1.79589936428078e-05,-0.000233755921829413,-0.0345018038686857,0.000109784884032736,-6.48544606507746e-07,0.000120863370393519,-6.60933809055009e-06,5.84266686431107e-06,-1.34936385833803e-07,2.35406414910262e-05,-2.6115886219252e-08,2.17936483361762e-05,-3.06905589093562e-09,-6.99500685187548e-08,2.07771552571713e-07,-7.57083266183738e-08,2.72608081561426e-07,-3.13836671949177e-07,4.18009339970327e-07,-4.84790165617006e-05,5.62181370122428e-05,-8.94332482582063e-06,3.28772781743353e-06,-1.90693409677546e-06,4.12293405592282e-06,-0.000451267589577853,3.54326183992735e-05,2.00519513637518e-07,-5.78570178394648e-06,6.03230212810682e-07,-1.48569258839709e-05,1.45297255902776e-05,0.00050579605348099,3.75074207900047e-06,-1.44000994661894e-05,1.15955066672896e-06,7.64065692623998e-05,-3.19882598950029e-08,2.12532548188133e-05,-0.00074001959570688,-2.81110147099761e-06,0.00621621096812943,0.00152229796659137,0.00025107655315086,3.65049907589317e-06,-8.74491576710717e-06,-1.80179218762865e-07,-1.01377521675675e-09,-5.21498238271761e-06,-1.19484321217086e-06,0.000111386019893876,9.12566404935391e-06,-4.48050405000158e-06,-6.63524667244523e-06,-0.0952288113100543,7.74913413814286e-06,-0.000862152704901016,3.610988189636e-07,6.36787100915359e-05,-3.16925436900813e-05,3.72404826114836e-07,9.54859215288408e-06,1.01531900745978e-07,-4.07965535646883e-09,3.3002680132531e-09,-1.37743623363285e-06,-1.91629865797881e-07,1.96043790149483e-07,-1.68564874543388e-07,5.13907415696078e-05,0.00308141203759812,-1.3670304469069e-05,2.32954217321385e-07,-4.79488599097725e-07,-8.55465265054134e-08,1.12724806122112e-08,4.13342653907765e-06,7.66167923206135e-08,1.57607601232502e-07,6.93999020123066e-09,-2.86954163141723e-07,-1.30216105737974e-05,-1.47532789758981e-06,6.06847091183606e-06,1.75800759149411e-06,-3.80436338713027e-07,-1.57977871615374e-09,-5.03240534746832e-08,-2.5756229432554e-08,-0.000228475409566106,0.0217595836077902,-0.0040386392358286,9.7390328997562e-07,-1.08673846554447e-07,0.000334350294619768,6.2359151448479e-07,1.2830786788845e-10,1.4132146071396e-08,-3.51045413006573e-05,-2.1202362175028e-06,-3.64822725463113e-08,4.15354377163125e-05,7.97405748974818e-07,1.87677371497939e-06,2.82683095957644e-06,-5.99046991766107e-08,-3.80147638995268e-06,-0.00144623555811194,7.8642220044293e-07,0.000128183936094623,2.51445294130286e-07,-1.93442009322229e-05,-4.76730407217474e-09,-0.000103102062661488,-6.77359677581661e-07,-2.30703016890428e-06,-0.00104527474799334,5.87893890016192e-07,5.65644958430182e-08,1.08041106626642e-08,7.67297962195841e-09,-2.67401230330541e-06,-1.19953207015036e-06,-5.56095676118564e-07,6.80521717085151e-07,1.50353754137423e-07,6.39662079850712e-07,-1.9114954001677e-06,-1.091016622239e-07,-1.03347290792523e-05,-5.789503652463e-08,-1.2488926937861e-05,-4.04096235350242e-06,2.17579701277829e-07,4.48474609124162e-08,1.35982354764239e-06,5.01005176219428e-07,-2.8412965820973e-07,-5.07398349135082e-09,-2.21772549130177e-06,2.05183011097924e-16,-2.06841199215191e-08,2.9479725038601e-07,-5.90716621172049e-08,-1.49980941108156e-07,-1.99676088585097e-06,2.75947865846966e-08,-3.82017763997778e-07,1.69243874076638e-07,-3.24279271776624e-07,7.79291230790301e-05,-4.17203619509767e-08,1.66662213574762e-05,-1.08180498809913e-08,1.18785606176621e-06,-1.00033096239458e-05,4.04689099105659e-09,-2.61316288486385e-10,1.22930093427804e-08,-1.12598879746745e-08,1.76870424292427e-07,4.40710199602663e-06,-8.25998285428655e-07,1.59159012785686e-07,-2.88045955200007e-06,3.35292063801595e-06,-2.02050630247806e-07,2.05379117009007e-06,-6.95014601840556e-07,3.19877423520447e-09,2.83483917875947e-05,1.41014642468537e-07,0.00272574536505785,-1.96201252904014e-10,-4.73716928756387e-07,4.47179403095299e-08,-6.14889941524463e-08,9.63212061210294e-08,-1.84637062321845e-07,1.40466904610589e-07,-1.00783080040547e-08,1.84047046103835e-06,-7.87230049049414e-09,1.27687794406311e-06,5.26377521876831e-16,-2.98858620889116e-06,-2.9528343066261e-07,-3.08469954009804e-12,-2.55076919510291e-08,3.55601172477861e-08,-2.14472424359273e-08,-6.0054798192708e-09,5.87910191301031e-10,-2.62807601931286e-08,9.95341476307778e-07,0.000756289237347836,-1.43713300353655e-09,7.85750418810095e-07,-1.81680081349116e-05,2.96142518595636e-08,9.9576827349432e-07,-2.68263699797992e-08,-4.82681984967493e-08,-7.51413520111602e-10,-5.38973017508658e-06,1.81263329009284e-06,-9.17071197841645e-09,3.55078114775502e-06,-5.59634103702427e-07,2.25671675656321e-06,-1.87165253302031e-05,-0.0521019495302899,3.82977440867449e-06,-6.30373756299124e-07,-3.88419118477582e-07,-2.25592712387753e-07,5.51444533502384e-06,-0.570703942991085,4.67438131104306e-05,-8.15828584401362e-05,1.16031366265649e-15,0.000217702026831413,4.15520454627835e-07,-5.89412425863051e-08,0.000189781046101041,8.15773231150104e-09,4.87910289128136e-05,1.12978761313007e-05,-1.47478975785348e-06,6.0357896349518e-06,2.49441948367521e-17,-4.26071583458986e-05,-3.40469114092051e-09,-0.00348748074876125,2.73235556775266e-08,9.76704589262946e-07,-7.46315817065888e-05,-1.03184771169024e-05,2.7205998058312e-06,-2.65695541096218e-07,1.65527861021418e-05,-5.29233807984049e-08,-5.05627596246681e-06,-6.75398865937075e-09,-1.05533077773574e-09,-5.26145464572042e-05,7.49972193572453e-08,-1.50281326130956e-05,3.27584058276769e-16,-4.17805069244032e-07,3.33566094773852e-08,9.61495551024387e-10,9.15446507705174e-09,-1.41216934620516e-05,-9.38616863375214e-05,5.37751081057188e-07,-2.12690821280735e-06,-1.92292128080291e-06,1.59896560514078e-16,-0.0175732777121149,2.40239336799839e-07,1.12301123691658e-05,-1.12406507758279e-16,-4.23455187344127e-07,-2.87595554219077e-08,2.68402298860072e-09,-1.64860078155044e-07,-5.76457174567506e-06,-4.83328589315888e-07,-1.93945611906497e-07,8.57346359433776e-07,6.39852424603156e-08,4.05672143531603e-09,1.09927297669011e-06,3.35231563748083e-08,1.17254847945132e-16,-1.57143927876303e-08,5.92860987755778e-07,2.65261662482127e-07,-1.74285897757536e-06,-9.62635000825288e-18,-3.80685466899788e-08,7.45560293049282e-09,-8.91029678789833e-07,-1.36253061512816e-08,-0.000489435732850197,3.87859372171434e-08,-5.49600882425182e-07,3.0779635718887e-06,-1.31627707180974e-16,1.13193735573416e-05,-5.37336417544645e-08,1.56448529870863e-07,1.68748706341635e-05,-2.21874148521903e-08,-2.80638444541566e-08,-1.35308431126191e-16,2.0986296124613e-16,-2.60033324199933e-08,-3.01777140664425e-08,3.98529556773601e-09,-4.13546936453729e-05,1.34843590155188e-15,-2.08787263276896e-06,-2.47368956635547e-08,-2.48635898182111e-16,2.34049974352819e-16,-1.1161084863867e-16,4.94479758928165e-05,1.40364581241912e-07,-1.57225026210299e-07,4.80442098453409e-06,6.82581440640974e-07,1.27070775291324e-07,-5.5169217372383e-08,-2.36164756750086e-16,-1.22230670193153e-08,3.44811620453343e-08,-2.00570130876817e-17,-1.20524690767301e-16,-2.20910845962979e-08,-3.08130017392739e-06,-1.32859776494152e-08,3.38639700455008e-06,1.45827810845364e-08,-0.00125693885415243,4.15995268834792e-17,-1.70690246895271e-07,1.93745611830364e-16,-5.95419969513311e-06,-1.88651178012478e-16,-1.46802853788219e-08,3.08490103409606e-16,6.1019861653842e-08,1.61016312560717e-08,7.3372994641569e-07,1.01627913189724e-06,4.49981160849771e-08,-5.22945086595468e-09,3.35360511305438e-08,2.10323354677356e-08,5.70525470786622e-05,2.01970652998541e-07,1.21325813959982e-08,-3.52425560474741e-08,-6.07254378055636e-05,-5.30247192262363e-07,-1.73361276054997e-08,-3.15200109139791e-16,1.68326922876882e-07,-3.00899588168524e-08,1.78255158122402e-08,1.47274776766615e-16,0.000769450656266583,1.08602884106711e-06,3.66695329565925e-07,-6.79182885599821e-16,-9.17268880347847e-08,-0.00060880833681673,4.11156716135201e-16,-7.14695072414407e-08,4.34888195168065e-07,-5.31015741221953e-16,4.1186378294073e-14,-1.73060811681858e-07,-0.10648533895652,0.000429809216621698,0.00024424454829628,-6.70361733058184e-07,-1.65949118151583e-08,-1.55672480108391e-06,-5.92178152650916e-08,7.622243602448e-07,-2.68296669603263e-15,-1.05954378278891e-10,-6.84469254497693e-08,-3.89706983711577e-05,-1.18934282676448e-06,3.09273313456135e-14,6.3415798452711e-17,-1.07424013251245e-07,1.25846489502088e-16,-1.17098571769726e-15,1.51525359911386e-08,-2.67005914626159e-08,-5.0153640769779e-09,-3.6759411803789e-08,1.72626041381553e-07,4.53559735746243e-08,6.00802088519747e-08,1.42061775625942e-16,4.15318546049958e-07,4.55462118422981e-05,9.35001527748382e-08,-9.44421075543414e-09,4.05095140989578e-08,7.0480255737886e-19,-5.43976538002901e-17,-3.37314873784941e-16,-1.15254467461947e-05,-1.91464817185055e-09,-1.24401779600852e-07,4.86909107754448e-17,-1.51089247256276e-09,-2.49739177957494e-16,-7.63604405197358e-17,2.70391995133461e-07,-6.77618442345508e-08,3.30681662608079e-16,-5.68736673395485e-07,-7.74044039421372e-09,-3.82576661621252e-17,1.78129400610853e-08,1.97307594670975e-17,6.73287779904137e-07,3.26490867089906e-16,6.72603718334349e-07,5.55475545388744e-08,2.01477811928412e-09,1.99336422463718e-07,1.37408542813421e-06,-6.64209792266938e-09,2.0790911514915e-07,1.02671356310056e-16,1.2561958300054e-07,-7.10600458623637e-09,3.62123837571538e-17,-9.38903831957757e-10,-1.92338000031616e-08,4.48948863555171e-09,2.03712569362171e-16,1.4623387031299e-08,1.93993397927246e-08,8.20748303402759e-17,-5.40427952529073e-07,-4.11011266018837e-07,-5.65259259775312e-10,4.59904669988656e-16,-1.05870335187377e-16,1.02957338202988e-08,3.32228107001139e-07,2.69284869249344e-08,-4.41457967660759e-09,2.14060701427423e-07,3.27284680726442e-16,-3.83185583449282e-16,7.96492882349054e-07,2.40307481136147e-09,3.33278702452653e-16,2.03322955366963e-06,-1.5811744403285e-16,1.12356131144546e-08,-8.50683799175154e-07,-0.0149774805392988,2.9582692703783e-06,-6.84617304874255e-16,2.74629729116607e-16,5.22498866087558e-16,1.8630715014292e-16,-8.61911388058283e-10,-3.02116291087578e-09,1.77233240734924e-16,-4.98815912790198e-17,-2.40155970361344e-16,4.37439462532866e-09,3.96709877176418e-11,-2.22647669521849e-09,1.05005003762475e-16,7.12510562703161e-16,1.51950934473843e-16,-9.90350649834174e-08,3.03307330334069e-09,-3.45755916863951e-16,5.36796757605857e-10,-1.40858750332947e-08,-1.57660204573037e-17,-6.42203636820773e-17,-1.01785287342022e-06,-1.00275467543813e-10,-5.06095360877507e-07,-2.68616655295271e-16,5.51022668278689e-09,8.91641053260166e-08,9.60102524020004e-08,-3.59974008807606e-07,-2.13881406391514e-08,3.49008642599738e-10,-7.29693417107685e-17,6.8317942045198e-16,1.71979282855452e-16,6.86453617341463e-09,-6.23646576164687e-09,-0.000484282291448642,-1.79473055466557e-09,-2.24543997183519e-16,-2.13019169244827e-16,4.54444174216315e-16,1.13548123052043e-16,6.82513406387469e-16,8.67106175495315e-09,-1.35558616581908e-16,5.34622105618789e-17,-1.5160837201153e-07,-2.11072774152755e-16,-1.39370357647575e-07,-8.9401372891539e-17,-0.00032771078024216,-1.72147531240396e-17,-1.9962414089331e-05,-2.43354735757652e-08,-2.15203769880041e-08,-2.80811063757492e-17,7.84627932248888e-07,3.16062013592966e-17,1.19539478118518e-07,-1.90838538619919e-08,1.05627580547055e-10,5.38823225707437e-16,5.82447518309504e-07,-5.38371416160437e-16,-4.20113648061715e-08,-2.14480383167543e-08,-2.61542687907353e-16,-2.33658215361624e-17,8.94490228822282e-17,8.28478199837304e-17,-3.25815812730183e-09,-9.69890760721524e-08,-2.16662170727373e-08,5.40580290620888e-17,-8.82688397601125e-17,-2.22464736704423e-09,1.81488053288027e-08,2.82606693617548e-16,-3.18469254555962e-17,-3.63002647649793e-08,-1.83829514446342e-17,-6.43185842929036e-06,-1.50706675040765e-16,6.44524201323693e-08,-1.59071231049927e-17,-4.62224809717105e-16,-4.77183741954038e-17,1.93716347992913e-16,-5.96166736332378e-17,-2.52509036863717e-16,1.24243031672045e-09,-8.68940681846435e-09,6.41307216860221e-17,-5.77457360880498e-09,2.42708876812148e-07,-5.74819336782426e-17,3.50319364313362e-16,-1.85460544267974e-16,-1.18377796318639e-16,2.04179539649239e-06,3.57276727535991e-08,1.96123045575834e-16,-2.55274307734128e-17,-4.35566662576304e-08,-1.40699309519748e-08,-2.13055013682617e-10,1.04366053783523e-16,-1.52898697169171e-16,-4.52673995895141e-17,6.94827342205235e-17,-2.18550224463642e-17,-6.63756119905289e-18,8.57523797721007e-07,-2.96881240067002e-07,-1.56038114040751e-07,8.14004564910751e-18,8.49779887253381e-18,2.35779169913449e-16,-1.01625454348278e-16,-7.8363914196558e-17,1.70937762251984e-16,1.11656831184898e-16,2.51824336274346e-17,2.28408514754541e-17,-1.49991102903198e-16,-7.83279650958906e-17,2.73099321374005e-16,3.37881246839237e-17,7.19624488918753e-17,8.35816821457682e-10,5.69860315526532e-17,-2.53209334080932e-16,6.8654184397494e-17,1.18394580286079e-08,-2.86926693736635e-05,-1.85388715148034e-16,-3.05354528095683e-10,1.08232860959371e-08,1.16251595607774e-16,6.22174220157048e-17,-2.08840395857565e-08,-5.35688807670918e-16,2.66870907959317e-10,1.52962776388435e-16,-1.00039432901342e-16,2.81155831727451e-16,-4.38471308005622e-17,5.22455163077811e-05,-3.58552491281535e-08,2.70741382571095e-16,6.1947746172144e-16,-1.81235484151217e-17,-6.33714822279268e-17,-1.3162214373974e-16,1.00221647457253e-16,5.47383012045399e-17,1.60436786120465e-17,4.33411346108489e-10,-8.40938160809722e-17,-2.23354864219326e-17,1.29242087914788e-17,1.22079371399982e-16,-2.84723505164546e-16,-2.37772316389489e-16,-9.42886543521595e-08,5.06275344488125e-17,-2.15601330435947e-17,6.37911863026224e-09,-4.92908075953743e-16,8.5817315670979e-17,1.31100037361309e-17,1.24374630163356e-17,5.32722954541977e-09,-1.07833804564419e-16,-3.65994024114828e-06,1.26903477499006e-16,8.51455876227748e-17,-9.17880232715281e-17,4.27529503973004e-16,8.99474062011983e-17,-2.04233895274693e-16,6.37092541365731e-09,-1.40376649176091e-15,-3.85498863321466e-16,8.04718049314042e-10,-7.95463747676052e-07,-1.33634689823024e-16,1.36942440373183e-07,1.86146890179609e-07,-1.57738125567858e-16,1.51965689652993e-16,3.80652650577876e-16,1.34070363358084e-16,1.3982177694781e-16,-3.12709106656824e-07,1.88012208459781e-16,-2.16898330315274e-16,-1.62961548189638e-16,1.25199566385748e-07,-9.93328145084779e-17,4.725570552834e-16,-6.08449762329014e-16,-3.92806847691231e-17,-5.70453668167564e-08,-1.72316640678894e-16,1.68195610781111e-10,2.50252377855619e-16,-6.0176020385641e-16,9.16168508833309e-16,1.59732934036766e-16,3.05211697128371e-16,-2.09531777071256e-18,-1.81095778615974e-16,-2.91957495536426e-09,4.27362167434435e-16,3.75047488480422e-16,1.22755925093431e-09,7.90641824647419e-20,3.90501308609131e-16,1.48514278513024e-16,-1.9549121641041e-16,-2.19524472594457e-17,-4.50371722722999e-17,-8.90213581188464e-09,-1.25869038553535e-16,-6.79320701604649e-17,2.65121062909554e-09,-5.00933956718721e-16,-8.94684875078112e-17,6.14772859785225e-17,1.05889677764234e-16,5.36433980825911e-16,-3.51650937010557e-15,-2.907784564478e-16,-5.44201638661873e-17,4.26036718201611e-17,1.66770733386444e-16,-1.62887491027487e-16,-1.39171608964445e-09,4.61531818669677e-09,2.17648690025437e-17,-4.02828441248674e-16,-6.05885644486017e-17,1.96700246698116e-16,9.54097911787244e-17,4.29191096716701e-16,-8.73368635174443e-17,-1.97598286634229e-16,-4.40073167985126e-09,-5.24783602740767e-16,1.14999319308323e-16,1.60923902301883e-16,-3.29713850631442e-17,5.12478402466415e-10,-2.65842361813262e-16,-8.12959116393089e-11,-3.92081917613389e-16,6.29610960955919e-16,6.34620182642715e-16,-9.56891750868789e-18,6.16183458416125e-18,-3.39950433021171e-16,1.09875975847206e-16,5.15033336852929e-16,1.23053962873839e-17,4.39037116457367e-17,3.24355072548944e-17,-1.92372636013399e-17,3.27559182411626e-17,4.18267150465152e-16,1.93068817282547e-16,9.89850652306375e-16,1.09110009550822e-16,-4.07928236773573e-16,-1.71249291836998e-16,-2.28157948248754e-16,3.07046055247895e-16,-1.05761844118402e-16,-7.90323782061975e-16,2.49231544810935e-16,1.70063576759755e-15,3.93724529700358e-09,-6.21173059178978e-16,7.17670848174e-16,-2.78077943425076e-17,-4.45005811595788e-16,-5.949064810181e-16,-2.32955340879516e-16,1.20631416522526e-15,8.25388166167005e-16,-4.49260635749778e-16,-3.76421823295762e-16,-1.22612423686386e-15,-2.06801482546942e-15,-6.6965302644606e-16,2.06978158243616e-16,-3.87953490315137e-16,4.40259701231591e-16,-4.20036085432065e-16,-4.59409257328919e-07,-4.02502521228505e-16,-1.86756317168333e-15,-1.03073839886161e-15,-2.68950367410683e-15,3.62151627068957e-15,5.40931044951817e-16,1.13808841785038e-15,2.58517494691916e-15,1.11088610407852e-15,1.16329225638753e-09,4.80460533540997e-15,1.0231782074281e-14,1.3586476168116e-14,7.93914764966165e-15,4.2188010641171e-14,0.707106781186545,3.1280758943225e-15,1.66669693985036e-15,5.46721538188421e-16,-8.93274270040399e-15,1.06837987360862e-15,3.60177863381419e-15,1.70470802495401e-15,5.421698343446e-08,-2.45770067067443e-16,-7.42390386143394e-16,-2.71146169039252e-15,-4.16984155537925e-15,-1.61124227747835e-09,2.07067585402201e-16,1.75368116209714e-16,6.41125975305771e-16,1.9915811456119e-15,-3.39301593131093e-17,1.18609202394983e-16,3.12380954016139e-16,-1.13728429532019e-15,3.82827025351324e-16,5.70938277235639e-16,-4.58215761991492e-16,5.85849673531906e-16,1.90221085366004e-16,-7.09874167725966e-16,-6.55941969565175e-16,1.14325837241702e-16,-1.04559743083291e-15
"t912",0.0394295288914376,-0.0136079262129903,-0.0150652448268176,0.00104487331970531,0.0121370747266057,-0.049997378578106,-0.00770830139394407,-3.02505381571078e-05,0.0943608025127296,-0.00594966131249586,-0.0127777191934933,0.00108093906502163,-0.00240445131946882,-0.00054096681318989,-0.0176369712477959,0.00054675156150002,0.000409995622337352,-5.58087158913116e-05,-0.0309387183693626,-0.0552994341134777,2.45115478790239e-05,-3.32681332499543e-06,0.000147505362693678,1.80989972071045e-06,-2.56188534084739e-08,4.10564859806035e-05,-0.000510341940593517,-2.92231670032377e-06,-2.81303479461468e-05,0.000661154628593784,0.000153911268273023,-0.00421121497349007,-2.91884399151814e-06,0.00422407516462906,-0.0337308469367941,0.000259838451162433,7.49160918173686e-06,-1.21235928686972e-05,-0.0013309155758593,-0.000272422180470833,-3.41555828065845e-05,0.00077910218333372,-2.32156554612921e-06,0.000154256700315626,-5.41368390817544e-06,1.03774188585868e-06,-2.00285184356588e-07,3.17250097870544e-06,-0.000725054364970721,0.000646156270686811,6.48549356029509e-07,-1.81629276288111e-07,6.99840876161805e-08,8.84973286492674e-09,-0.000243801711704508,-3.04280151793658e-06,5.39945643579981e-06,-1.61840178779983e-07,1.42797035285702e-06,3.17301169534953e-09,1.64156915395699e-08,-1.43031350493865e-06,1.21160826781474e-06,-9.85080876717194e-07,1.82460529225585e-05,-6.47424410443308e-07,0.0758966566439969,3.78302546490322e-05,-6.25410981455443e-06,1.73653406971949e-05,1.50398344329932e-08,-3.19918043638215e-07,1.27943239298749e-06,1.08572862662449e-06,-4.70871405440247e-07,-5.28303999454788e-06,4.72429087995988e-06,-8.46248234616951e-07,0.000362643561003385,5.25162422702201e-05,-4.45622219662043e-06,-0.000370441363949144,0.000919475220641207,3.35403662645629e-05,-0.0687015444733563,-0.000196620341172192,0.000362223154626422,0.343507632339011,-5.13349861928783e-05,0.000568729437371083,-0.00169898410543179,1.79318584766532e-07,0.000118225353036023,-8.59315461139702e-05,-1.81861514753913e-05,-2.24729522684296e-05,-2.64893029238241e-06,1.79589936428e-05,-0.000233755921829374,-0.0345018038686855,0.000109784884032666,-6.48544606452576e-07,0.000120863370393574,-6.6093380905538e-06,5.84266686429949e-06,-1.34936385789025e-07,2.35406414910003e-05,-2.6115886205953e-08,2.17936483361664e-05,-3.06905590177764e-09,-6.99500685280608e-08,2.07771552792072e-07,-7.57083265138215e-08,2.7260808153616e-07,-3.13836671949888e-07,4.18009340277713e-07,-4.84790165617849e-05,5.62181370121424e-05,-8.94332482570481e-06,3.28772781735517e-06,-1.90693409678201e-06,4.1229340559822e-06,-0.000451267589577821,3.54326183992724e-05,2.00519513614939e-07,-5.78570178392808e-06,6.03230212882673e-07,-1.4856925883955e-05,1.45297255900686e-05,0.000505796053480982,3.75074207909728e-06,-1.44000994661381e-05,1.15955066678453e-06,7.64065692622301e-05,-3.1988259935912e-08,2.12532548188562e-05,-0.000740019595706672,-2.81110147096e-06,0.0062162109681292,0.00152229796659112,0.000251076553150851,3.65049907583432e-06,-8.74491576708798e-06,-1.8017921880167e-07,-1.01377525427862e-09,-5.21498238247468e-06,-1.19484321220645e-06,0.000111386019893962,9.12566404934745e-06,-4.48050404976929e-06,-6.63524667248057e-06,-0.095228811310053,7.74913413813925e-06,-0.000862152704901091,3.61098819107386e-07,6.36787100915929e-05,-3.16925436902408e-05,3.72404826130919e-07,9.54859215305817e-06,1.01531900720367e-07,-4.07965542387528e-09,3.30026787682255e-09,-1.37743623372363e-06,-1.91629865779932e-07,1.96043790049388e-07,-1.68564874630663e-07,5.13907415694927e-05,0.00308141203759814,-1.36703044689687e-05,2.32954217262523e-07,-4.79488599019345e-07,-8.55465265172008e-08,1.12724806060609e-08,4.13342653909144e-06,7.66167922319335e-08,1.57607601238001e-07,6.93999020606901e-09,-2.86954163385964e-07,-1.30216105737782e-05,-1.47532789761631e-06,6.06847091167712e-06,1.75800759144511e-06,-3.80436338805175e-07,-1.57977858465626e-09,-5.03240534958951e-08,-2.575622950583e-08,-0.000228475409566007,0.0217595836077895,-0.0040386392358283,9.73903289967678e-07,-1.08673846716873e-07,0.000334350294619917,6.23591514451503e-07,1.28307741956479e-10,1.41321460678195e-08,-3.51045413005853e-05,-2.12023621763989e-06,-3.6482272500104e-08,4.1535437716336e-05,7.97405749045081e-07,1.87677371483504e-06,2.82683095964657e-06,-5.99046991880363e-08,-3.80147638991603e-06,-0.00144623555811192,7.86422200465339e-07,0.000128183936094238,2.51445294130286e-07,-1.93442009323314e-05,-4.76730402626613e-09,-0.00010310206266123,-6.77359677364757e-07,-2.30703016886094e-06,-0.00104527474799319,5.87893890196034e-07,5.65644955432701e-08,1.08041105648225e-08,7.67297960864899e-09,-2.67401230329619e-06,-1.19953207005615e-06,-5.56095676040758e-07,6.80521717167829e-07,1.50353753837459e-07,6.39662079410094e-07,-1.91149540008951e-06,-1.09101662658204e-07,-1.03347290792675e-05,-5.78950366775635e-08,-1.24889269377798e-05,-4.04096235355406e-06,2.17579701297838e-07,4.48474609843658e-08,1.35982354754242e-06,5.0100517626087e-07,-2.84129658161607e-07,-5.0739836327365e-09,-2.21772549131023e-06,5.16739678100195e-17,-2.06841201284174e-08,2.94797250350448e-07,-5.90716621195517e-08,-1.49980941025691e-07,-1.99676088583058e-06,2.75947867610823e-08,-3.82017764197023e-07,1.69243874034182e-07,-3.24279271937794e-07,7.79291230788067e-05,-4.17203616338973e-08,1.66662213575881e-05,-1.08180499430761e-08,1.18785606163569e-06,-1.00033096242056e-05,4.04689123110345e-09,-2.61316463368196e-10,1.22930093731193e-08,-1.12598880903193e-08,1.76870424321612e-07,4.40710199582738e-06,-8.25998285481987e-07,1.5915901299817e-07,-2.88045955211901e-06,3.35292063816184e-06,-2.02050630426075e-07,2.05379116990712e-06,-6.95014602162695e-07,3.19877423702092e-09,2.83483917875272e-05,1.41014642374671e-07,0.0027257453650572,-1.96201002054219e-10,-4.73716928803215e-07,4.47179403251871e-08,-6.14889941829124e-08,9.63212062432391e-08,-1.84637062242805e-07,1.4046690461835e-07,-1.00783079705611e-08,1.84047046078548e-06,-7.8723003246847e-09,1.27687794400385e-06,3.79889648607858e-16,-2.98858620890202e-06,-2.95283430638967e-07,-3.08481049027271e-12,-2.55076919279316e-08,3.55601172372829e-08,-2.1447242476005e-08,-6.00548008496434e-09,5.8791015228707e-10,-2.62807597927783e-08,9.9534147598486e-07,0.000756289237347753,-1.437133129911e-09,7.85750418519809e-07,-1.81680081347546e-05,2.96142518438178e-08,9.95768272923208e-07,-2.68263700275041e-08,-4.82681982523486e-08,-7.51413468943639e-10,-5.38973017509735e-06,1.81263328994135e-06,-9.17071231313962e-09,3.55078114764184e-06,-5.59634103499374e-07,2.25671675672892e-06,-1.87165253304319e-05,-0.0521019495302902,3.82977440863264e-06,-6.30373756425616e-07,-3.88419118491588e-07,-2.25592712227483e-07,5.5144453351035e-06,-0.570703942991082,4.6743813110124e-05,-8.15828584400008e-05,1.23032228069899e-15,0.000217702026831106,4.15520454288066e-07,-5.89412426689213e-08,0.000189781046100913,8.15773217028432e-09,4.87910289127705e-05,1.12978761315311e-05,-1.47478975787944e-06,6.03578963517458e-06,-2.65949873190593e-16,-4.26071583460394e-05,-3.40469128605626e-09,-0.00348748074876068,2.73235551056109e-08,9.76704589343724e-07,-7.4631581706687e-05,-1.03184771168215e-05,2.72059980544777e-06,-2.65695541383856e-07,1.65527861023758e-05,-5.29233807433197e-08,-5.05627596254484e-06,-6.75398836987969e-09,-1.05533085357568e-09,-5.26145464572839e-05,7.49972199145747e-08,-1.5028132613364e-05,3.9089355238063e-16,-4.17805069180833e-07,3.33566095244396e-08,9.61495590429987e-10,9.15446490857837e-09,-1.41216934619946e-05,-9.38616863372232e-05,5.37751081184277e-07,-2.12690821275374e-06,-1.92292128081204e-06,6.66232200257966e-17,-0.0175732777121143,2.40239336990398e-07,1.12301123692556e-05,-2.38380710052173e-16,-4.23455187487421e-07,-2.87595551736796e-08,2.68402293289141e-09,-1.64860077908704e-07,-5.76457174601907e-06,-4.83328589268087e-07,-1.93945611889501e-07,8.57346358996194e-07,6.39852430215771e-08,4.0567214392181e-09,1.09927297657571e-06,3.35231564639945e-08,-1.72329851991276e-17,-1.57143929726842e-08,5.92860987443735e-07,2.65261662192324e-07,-1.74285897758282e-06,2.39616295953764e-17,-3.80685469838461e-08,7.45560253324114e-09,-8.91029678847728e-07,-1.36253059337293e-08,-0.000489435732850213,3.87859374109034e-08,-5.49600882661442e-07,3.07796357195481e-06,1.0650906095811e-16,1.13193735578254e-05,-5.37336417265463e-08,1.56448529759232e-07,1.68748706342005e-05,-2.21874149802984e-08,-2.80638443794348e-08,-4.21537804662364e-16,2.51106559281411e-16,-2.60033321164388e-08,-3.01777141335004e-08,3.98529543635009e-09,-4.13546936456375e-05,1.23111622504459e-15,-2.08787263307714e-06,-2.47368955975741e-08,-1.36830359435825e-16,1.48878326873002e-16,-1.03272150076586e-16,4.94479758932103e-05,1.40364581228175e-07,-1.5722502675475e-07,4.80442098454389e-06,6.8258144059435e-07,1.27070775844737e-07,-5.51692171066867e-08,-1.54133932489533e-16,-1.22230669942072e-08,3.44811617043518e-08,9.85998034411046e-18,-4.47645243713668e-17,-2.20910846718236e-08,-3.08130017347844e-06,-1.32859777222024e-08,3.38639700457158e-06,1.45827810729703e-08,-0.0012569388541521,3.83821166364935e-16,-1.70690246921985e-07,-1.6739610047465e-16,-5.95419969533971e-06,-9.25908655302621e-17,-1.46802855996726e-08,1.84125849269821e-16,6.1019861755221e-08,1.61016311263137e-08,7.33729946137397e-07,1.01627913184366e-06,4.49981159871694e-08,-5.22945054041821e-09,3.35360510316605e-08,2.10323355467707e-08,5.70525470790087e-05,2.01970652909394e-07,1.21325814356183e-08,-3.52425558889976e-08,-6.07254378058903e-05,-5.30247192238897e-07,-1.73361276331803e-08,-1.97991393494619e-16,1.68326922652601e-07,-3.00899587341734e-08,1.78255159747326e-08,4.03170034990438e-17,0.000769450656266028,1.08602884074236e-06,3.66695329120462e-07,-8.83405122859665e-16,-9.17268875102857e-08,-0.000608808336816445,4.75217551255556e-16,-7.14695072430253e-08,4.34888194828344e-07,-6.67734281990717e-16,4.12421687577477e-14,-1.73060811774111e-07,-0.106485338956521,0.000429809216621072,0.00024424454829641,-6.70361733008654e-07,-1.65949119212013e-08,-1.55672480100864e-06,-5.92178157407406e-08,7.6222436034785e-07,-2.59091793158861e-15,-1.05954303200648e-10,-6.84469253293638e-08,-3.89706983714033e-05,-1.18934282685875e-06,3.08538770001897e-14,9.17540162692321e-17,-1.07424013267305e-07,1.35042064192723e-16,-1.43240578837558e-15,1.51525384554851e-08,-2.67005912910912e-08,-5.01536379492762e-09,-3.67594118047574e-08,1.7262604128388e-07,4.53559736426425e-08,6.00802087726764e-08,2.35701191899245e-16,4.15318545674823e-07,4.5546211842464e-05,9.35001528800637e-08,-9.44421089132249e-09,4.05095142671232e-08,-2.00546575919252e-16,2.19735645154329e-17,-5.122246106443e-16,-1.15254467464993e-05,-1.91464827674401e-09,-1.24401779364173e-07,4.12964350412937e-16,-1.51089232028921e-09,-3.10827048214829e-17,-3.17453410133106e-16,2.70391994410495e-07,-6.77618442635274e-08,6.55074952615742e-16,-5.68736673727669e-07,-7.74044035682807e-09,-1.02451752135728e-16,1.78129404036941e-08,3.37642674509514e-16,6.73287779648369e-07,2.1570777031006e-15,6.72603718747352e-07,5.55475545469793e-08,2.01477821593968e-09,1.99336422469388e-07,1.37408542807831e-06,-6.64209810758007e-09,2.07909115239125e-07,-2.76730121041078e-17,1.25619583073674e-07,-7.10600476144092e-09,2.05705539854635e-16,-9.38904076814773e-10,-1.92338000294822e-08,4.48948877044039e-09,-1.70722464792662e-16,1.46233872224379e-08,1.9399340558336e-08,1.83553404538698e-17,-5.40427952976601e-07,-4.11011266701816e-07,-5.65259178247896e-10,-4.12581622930078e-16,-1.34720087922525e-16,1.0295733557837e-08,3.3222810632678e-07,2.69284872648122e-08,-4.41457959871011e-09,2.14060701779304e-07,2.44565779743462e-16,-1.79120879575808e-16,7.96492882821727e-07,2.40307475300615e-09,3.32164019974061e-16,2.03322955341709e-06,-2.37544667195611e-16,1.12356127600676e-08,-8.50683799143106e-07,-0.0149774805392981,2.95826927024609e-06,-5.44056924233629e-16,4.14854522116493e-16,2.05318097310215e-16,-4.7037904848832e-18,-8.61911333208567e-10,-3.02116206837606e-09,-4.28304645596023e-16,3.44956197645903e-16,-8.49175628674699e-17,4.37439422073394e-09,3.96708966700645e-11,-2.22647621086191e-09,1.33416788393959e-16,1.03392229673649e-15,5.91811755851213e-16,-9.90350649551309e-08,3.03307341292895e-09,-1.69696144575216e-16,5.36796148478895e-10,-1.40858744851577e-08,1.16087239725561e-16,-1.97956284183988e-16,-1.01785287283709e-06,-1.00275452447986e-10,-5.06095360911312e-07,2.57984818241933e-16,5.51022638370305e-09,8.91641049731508e-08,9.601025193017e-08,-3.5997400819554e-07,-2.13881401939475e-08,3.49008439441808e-10,8.26818771926876e-16,-1.18276554902213e-16,-3.06446276175701e-16,6.86453643352754e-09,-6.23646583788658e-09,-0.000484282291449487,-1.79473046021238e-09,3.59722812690024e-16,3.34775387426029e-16,-2.51175934541618e-16,1.99646172028582e-16,-2.13484615463469e-16,8.67106230159782e-09,1.51228659904662e-16,1.36884038663508e-16,-1.5160837302931e-07,-5.31736360898856e-18,-1.39370358010802e-07,-5.7050713585841e-17,-0.000327710780242373,2.49908914791649e-17,-1.99624140898017e-05,-2.43354735126445e-08,-2.15203766110497e-08,-2.38348151387599e-17,7.84627932123404e-07,-6.59548095883444e-17,1.19539477726651e-07,-1.90838538529193e-08,1.05627626208778e-10,-2.03412698660229e-16,5.82447518174096e-07,6.14275821017654e-17,-4.20113647218387e-08,-2.14480383708951e-08,2.14372794385992e-16,-1.80189222245161e-16,2.09767830971947e-17,-6.45963959897176e-17,-3.25815818053078e-09,-9.6989076100976e-08,-2.16662169582384e-08,1.32628838278528e-16,-5.64001311189882e-17,-2.2246471966104e-09,1.8148805295843e-08,1.32331962115664e-16,3.48611187285538e-17,-3.63002648849669e-08,-1.39287551799392e-16,-6.43185842944186e-06,4.42027190611565e-17,6.44524190045175e-08,7.74111494446404e-17,-1.21642212493108e-15,1.31798237124816e-16,5.33226344476568e-17,-6.06883079425868e-17,4.87804535300141e-16,1.24242963931776e-09,-8.68940700039707e-09,-1.95632091564905e-16,-5.77457363386152e-09,2.42708876510159e-07,-1.41715170767296e-17,-2.24571895575172e-16,1.21277630299054e-16,-2.16976422908135e-16,2.04179539594914e-06,3.5727672918373e-08,5.53497678061161e-17,-4.94173798377993e-17,-4.35566659547828e-08,-1.40699305457145e-08,-2.13055099247655e-10,-4.87770945194107e-18,3.83287282001908e-16,-3.79271531843144e-17,1.79918144349879e-16,5.93663998385372e-17,-1.48394135716684e-16,8.57523797405074e-07,-2.96881238591926e-07,-1.56038114692099e-07,-9.7683131043236e-17,2.97122020970881e-16,-1.87465018934678e-16,9.60631341994354e-17,8.87957025342632e-17,2.32417685197192e-17,1.40398444568396e-16,3.73012469574997e-17,-1.38990683637411e-16,1.61264662707788e-16,-3.49240625217482e-17,-2.17111211252661e-16,-9.2072871110126e-17,-1.38127110756909e-16,8.35815730101146e-10,1.54994805542365e-17,7.86658822181215e-18,-1.02310945068297e-16,1.18394580735542e-08,-2.86926693736051e-05,1.60022594515826e-16,-3.05355396651513e-10,1.08232867890989e-08,-1.6326435322829e-17,2.13765364702201e-16,-2.08840399240249e-08,1.10832516994395e-16,2.6687051302001e-10,-7.35463111365192e-17,4.54308022646431e-17,-2.75386950862207e-16,1.65656746444592e-16,5.22455163078396e-05,-3.58552492814406e-08,5.51611027995574e-17,-4.7611277386048e-16,-1.52077960661808e-17,1.385001860438e-16,1.67075554780016e-16,-1.81122199887375e-16,-3.35656388059703e-16,2.35913521815458e-16,4.33411894797207e-10,-1.66194781959141e-16,3.32819525581199e-17,-1.7720684207752e-17,-1.48854664685665e-16,1.95847150983784e-17,2.32345368896755e-16,-9.42886544296644e-08,5.98787661439878e-17,9.06088777848394e-17,6.37911861963311e-09,5.87049420061337e-16,-3.95839739893724e-16,1.21633167948706e-16,1.49337639760852e-16,5.32722913080941e-09,3.92111626256682e-17,-3.65994024081688e-06,-3.80406464957183e-17,-9.95359350111509e-17,3.34705305563346e-16,7.0449000772561e-17,-3.86246061141873e-18,4.3520192268016e-17,6.37092508590546e-09,1.00156506310368e-15,-2.33220317495532e-16,8.04717841611465e-10,-7.95463747261488e-07,4.1628901118596e-17,1.3694244012308e-07,1.86146890472986e-07,2.10016078763979e-16,-7.73975048826342e-17,-2.76173979908724e-16,-6.00449879366933e-17,5.71206701028922e-16,-3.12709105844784e-07,-2.420708086563e-16,-1.13539981959515e-16,7.45843555362065e-17,1.25199565660215e-07,-1.17840826442417e-16,-3.69810381270928e-16,5.42690728272439e-16,-9.14243333424792e-17,-5.70453667289545e-08,1.52325008887534e-16,1.68194904240767e-10,-9.25947979779294e-17,5.23418051105915e-16,-1.1573295282033e-15,5.95516056282842e-17,-1.81951752880966e-16,-2.21485421702815e-16,2.57318324093121e-16,-2.91957557882991e-09,-4.15213323871264e-16,-5.2714980120199e-16,1.22755982458916e-09,6.98720965498708e-17,-3.53408477576349e-16,-2.16875163715993e-16,5.8311387756541e-17,-3.16625536312124e-16,-5.63377905477998e-17,-8.90213623433733e-09,-5.10869640054805e-17,-1.96348497144636e-17,2.65121034817217e-09,1.05122007748139e-15,1.2837112612377e-17,-3.89780406654373e-16,-2.45714982188699e-16,-5.82121702829324e-16,4.83806129025996e-15,3.24596764454816e-16,1.89998258350349e-16,-6.06393438892865e-17,-2.11532336300207e-16,3.98530596664951e-16,-1.39171616336859e-09,4.61531643362357e-09,3.34847462896443e-17,6.72974688709178e-16,-1.7643747269229e-16,-6.77680471313094e-18,2.04588949948015e-16,-4.32952650671146e-16,4.90450629522766e-17,6.78238306882929e-16,-4.40072984330307e-09,2.70915345936632e-16,-1.26197139768992e-16,-1.87155380483126e-16,3.57414573200339e-16,5.12477090839183e-10,1.27269499489294e-16,-8.12972300430208e-11,4.08612099732132e-16,-4.39201508019366e-16,-7.94745499494398e-16,5.51990884229136e-17,1.38616381183556e-16,6.1085902102981e-16,-1.64959752964782e-16,-4.66869189016862e-16,-1.01426142785438e-16,8.21448019628606e-17,-2.01090507684912e-16,8.62140587093614e-18,8.28470174497114e-17,-4.09834021001802e-16,-1.58741567567583e-16,-8.28417559936381e-16,-1.52115016677361e-17,3.92931397467834e-16,1.21977761065894e-16,2.96572233903066e-17,-3.51498344319801e-16,-1.99082717766161e-17,8.6270506021805e-16,-3.96381065166995e-16,-1.49164750356527e-15,3.93724522261328e-09,7.67948703596088e-16,-5.52255156458269e-16,-1.1017872797934e-16,1.22746762829987e-16,7.12343661603275e-16,3.8075223701192e-16,-1.43216908626015e-15,-6.21964284941445e-16,3.9550290074211e-16,3.19637609138303e-16,1.39786186098556e-15,2.09743320247855e-15,7.38853315889389e-16,-2.94162343899177e-16,8.26494955543743e-16,-4.16587107868922e-16,4.13257504913592e-16,-4.59409250743609e-07,2.41883607222679e-16,1.86131777942453e-15,1.03066963627124e-15,2.49437654265495e-15,-3.59978592820088e-15,-6.09455113726198e-16,-1.15811897165498e-15,-2.72499307230024e-15,-1.08058960045282e-15,1.16328068280245e-09,-4.5652731271171e-15,-1.00223097727953e-14,-1.35019269834177e-14,-7.9572239821705e-15,-4.21817622518039e-14,-0.707106781186547,-3.14276310377718e-15,-1.48835413692845e-15,-5.81851986145032e-16,8.80095213773108e-15,-1.05134684541276e-15,-3.54567316019515e-15,-1.93061783137126e-15,5.42169790196941e-08,1.07104840830872e-16,8.01801935384056e-16,2.17707530260468e-15,3.75339950092757e-15,-1.61124262573495e-09,-2.44694628228182e-16,-1.81862786876936e-16,-7.81815374977239e-16,-2.01530995553479e-15,2.93481790217023e-16,-1.80688101159986e-17,5.03207850727963e-17,9.780631035888e-16,-1.97314552012125e-16,-2.91853787938718e-16,3.3588543584893e-16,-5.03813175176257e-16,-4.07696198445493e-16,4.58812167824133e-16,5.98961262294134e-16,-1.06359094941299e-16,7.98216331760839e-16
"t624",0.0394211826080511,-0.0136018632952918,-0.0150583160423187,0.00104422979263275,0.012127929233313,-0.0499532104458701,-0.00770135876801553,-3.02211371266789e-05,0.0942525951446757,-0.00594139986453029,-0.012755257956876,0.0010786035239882,-0.00239910618873648,-0.000539746277803174,-0.0175954683387056,0.00054539015863135,0.00040895073149487,-5.56639476873289e-05,-0.0308566344120622,-0.0551402604651947,2.44353397150226e-05,-3.31437659868928e-06,0.000146923742471668,1.80272339025782e-06,-2.55168830145397e-08,4.08854660782131e-05,-0.000508191593658613,-2.90989559083787e-06,-2.8007654927141e-05,0.000657764677485468,0.000153071370315269,-0.00418722285289414,-2.90105606936836e-06,0.00419715688267866,-0.0335053398901671,0.00025796829055746,7.43703408393969e-06,-1.20339312812401e-05,-0.001321008580801,-0.000270365484677505,-3.38906429184544e-05,0.000772919090835336,-2.30287936882765e-06,0.000153013651718143,-5.36933383368495e-06,1.02872518677991e-06,-1.98514385769366e-07,3.1442234846215e-06,-0.000718445342570014,0.000640124791589142,6.42305327047362e-07,-1.79855697328163e-07,6.92992983367757e-08,8.7616229584031e-09,-0.000241292303479249,-3.0113271821103e-06,5.33862305208836e-06,-1.59975808228664e-07,1.41147724684725e-06,3.13438646047594e-09,1.62081079103844e-08,-1.41189151847118e-06,1.19577292465263e-06,-9.72159036653781e-07,1.8000231695118e-05,-6.38495368210301e-07,0.0747965128924832,3.72699401024206e-05,-6.16056424435597e-06,1.71010243505988e-05,1.47900840357764e-08,-3.14270511165725e-07,1.25664102342614e-06,1.06602840431574e-06,-4.62308061190904e-07,-5.186206787572e-06,4.63743047383566e-06,-8.30453176962368e-07,0.00035564687823039,5.14897203246668e-05,-4.36719586748768e-06,-0.000363006142955682,0.000900395583902773,3.28375435722992e-05,-0.0672022070218933,-0.000192282924364559,0.000354146376098982,0.335834947143814,-5.01878373608277e-05,0.000556006060959863,-0.00166082148801184,1.75138435834672e-07,0.000115460208923583,-8.38770631990442e-05,-1.77352390210511e-05,-2.1912772971031e-05,-2.58288449637158e-06,1.75051987883793e-05,-0.000227820270730243,-0.0336096167869012,0.000106904477111553,-6.31507138895662e-07,0.000117683698236288,-6.42442384946753e-06,5.67848241897173e-06,-1.31131616894983e-07,2.28728696613792e-05,-2.53738260406603e-08,2.11725743483034e-05,-2.9812057146918e-09,-6.79448975149807e-08,2.01764947208321e-07,-7.35174265388927e-08,2.64546215756714e-07,-3.04513465798252e-07,4.05469296104585e-07,-4.70183502793103e-05,5.45042715628545e-05,-8.66764266191279e-06,3.18554633948912e-06,-1.84739342459742e-06,3.99217732475064e-06,-0.00043681420499754,3.42973440979724e-05,1.94085791685867e-07,-5.59822097736596e-06,5.83667134059981e-07,-1.43710734962027e-05,1.40434890934634e-05,0.000488865367937065,3.62496299863677e-06,-1.39100144207477e-05,1.11997504035041e-06,7.37934691851703e-05,-3.08851818505243e-08,2.05195294868344e-05,-0.000714036595421783,-2.71109935026147e-06,0.0059912507917382,0.00146718106754573,0.0002419600381494,3.51775906225034e-06,-8.42619663795388e-06,-1.73606598643619e-07,-9.76794182233173e-10,-5.0235591505637e-06,-1.15045323909453e-06,0.000107198874461368,8.78163543457149e-06,-4.31054204648639e-06,-6.38342458608655e-06,-0.0916062570269169,7.45395221735895e-06,-0.000829260850718746,3.47132893521146e-07,6.12106449141734e-05,-3.04623736693655e-05,3.57493076015683e-07,9.16364122272243e-06,9.74344829717586e-08,-3.9141103352114e-09,3.16620181808527e-09,-1.32110606588797e-06,-1.83787002854505e-07,1.87970940783948e-07,-1.61584610938176e-07,4.92318093867789e-05,0.0029519022677192,-1.30956831773852e-05,2.23145163849622e-07,-4.59258987603415e-07,-8.19363212132569e-08,1.07950219605849e-08,3.95816003109936e-06,7.33607372274447e-08,1.50906027427908e-07,6.64481769969631e-09,-2.74692983353845e-07,-1.24629922246187e-05,-1.41199902607686e-06,5.80783568036938e-06,1.68238885175676e-06,-3.64063641922148e-07,-1.51175693997374e-09,-4.81562732791313e-08,-2.4645329249408e-08,-0.000218618294266395,0.0208193316095361,-0.00386412093763176,9.31810565148979e-07,-1.03978344277833e-07,0.000319921854189391,5.96698603434001e-07,1.22780725502743e-10,1.35240341254549e-08,-3.35999890409412e-05,-2.02945945109043e-06,-3.49240936578434e-08,3.97637932048869e-05,7.63830666872201e-07,1.79780925566509e-06,2.70873682315155e-06,-5.74219652095423e-08,-3.64756700199358e-06,-0.00138768937831307,7.54665521469185e-07,0.000123048829131298,2.41431275816058e-07,-1.85867940288936e-05,-4.58509499402926e-09,-9.92477831988504e-05,-6.5222395965672e-07,-2.22451017683446e-06,-0.00100874052682282,5.67359048452347e-07,5.46269439663061e-08,1.04542459640604e-08,7.42747388351489e-09,-2.59438140738233e-06,-1.16584356687875e-06,-5.40821935155728e-07,6.63692300666456e-07,1.46740306345664e-07,6.24791302892809e-07,-1.87190582280603e-06,-1.06900854463381e-07,-1.01276370213755e-05,-5.69143090523076e-08,-1.23026600387483e-05,-3.9903462994883e-06,2.15100914131496e-07,4.43906738407087e-08,1.34755444133383e-06,4.96652666164769e-07,-2.82575837129474e-07,-5.05700827786415e-09,-2.21564608708928e-06,1.22065343647849e-16,-2.07404038451525e-08,2.95823917244309e-07,-5.96055015435299e-08,-1.52033389433482e-07,-2.03225124251785e-06,2.8092244145284e-08,-3.92075192873458e-07,1.73951424588019e-07,-3.33524517136184e-07,8.04164082410795e-05,-4.3151465367223e-08,1.73134659598984e-05,-1.12607497027638e-08,1.23750520812929e-06,-1.04708184135574e-05,4.33223824918672e-09,-2.82303493949476e-10,1.33885200866065e-08,-1.25044908330234e-08,1.96713423004209e-07,4.97771036944854e-06,-9.41679949084095e-07,1.8404819229542e-07,-3.34694594158462e-06,3.91611403962107e-06,-2.37743971999418e-07,2.44456857526212e-06,-8.28377544131477e-07,3.93898603238059e-09,3.49365219020473e-05,1.73944345472286e-07,0.0033954015378142,-2.45322938535838e-10,-5.99686025629043e-07,5.67434027262906e-08,-8.54381802391463e-08,1.35448491909829e-07,-2.62201954887726e-07,2.04266503910743e-07,-1.49559311229517e-08,2.87274400969494e-06,-1.24868694496978e-08,2.05229770029015e-06,1.2008879872238e-16,-5.04510178970688e-06,-5.019357878451e-07,-5.36799039020453e-12,-4.71623032794613e-08,6.97688794511659e-08,-4.34002133325858e-08,-1.23487859937377e-08,1.57454631866886e-09,-7.19466022853515e-08,2.7414241219806e-06,0.00233003635508353,-7.14070577582399e-09,4.42538916724661e-06,-0.000113108797751106,2.90323088090856e-07,-5.9385595668525e-06,8.7207920828735e-08,1.52573040148126e-07,2.3556841008471e-09,7.04789018820115e-06,-1.18010200608088e-06,5.51409074469833e-09,-1.90438570883119e-06,2.61930722083286e-07,-1.0133888788589e-06,5.96710583635864e-06,0.0161879760759041,-1.13484697899448e-06,1.80825518986393e-07,1.00083941611262e-07,5.15475864653696e-08,-1.12534300997269e-06,0.110776388385989,-8.32453332631105e-06,1.2019806856503e-05,2.03059689039123e-16,-6.25870308500194e-06,-8.90146201988168e-09,6.80745342040989e-10,-2.14000125918095e-06,-8.96424981583217e-11,-4.28037200027729e-07,-5.40272553941648e-08,5.05077583308503e-10,4.65617894877481e-08,-6.88737990963128e-17,-9.33919250916225e-07,-7.93745691607442e-11,-9.08473136452041e-05,7.20078644479134e-10,3.09241148414363e-08,-2.52437366719727e-06,-3.7180269503803e-07,1.00698300919451e-07,-1.0031364951287e-08,6.11023346741939e-07,-1.88808787038305e-09,-1.75714773952945e-07,-2.30297680225206e-10,-3.4603188749701e-11,-1.71697649869255e-06,2.36838214992732e-09,-4.61353822131547e-07,-2.86730728794474e-16,-9.39689213876722e-09,6.81902335595772e-10,1.96356633985491e-11,1.28025312168471e-10,-1.82668143293921e-07,1.37243292598314e-07,-3.26760945437832e-09,1.49172577462038e-08,2.04596081563442e-08,2.77625974429826e-16,0.000262313573536954,-3.9792012465327e-09,-2.56846692777498e-07,3.33103886747782e-16,1.27184636744566e-08,9.13835522567727e-10,-8.77259503751579e-11,5.70085801598244e-09,2.17941912535175e-07,1.94642847378636e-08,8.18905705561625e-09,-4.12644683712118e-08,-3.12524916580822e-09,-2.15119354908353e-10,-6.66171646494046e-08,-2.04474336447715e-09,9.84751983996376e-17,1.20430212481562e-09,-4.71093338787294e-08,-2.27574462082558e-08,1.66766205904304e-07,7.93795232756597e-17,4.49923341955571e-09,-1.0840607661761e-09,1.4106719466849e-07,2.24115301459103e-09,8.41822199917913e-05,-7.22567739091119e-09,1.15690549576527e-07,-8.49052361838024e-07,-6.4213161013964e-16,-3.85392739357012e-06,1.86149149911173e-08,-5.61717577215798e-08,-6.36084430885552e-06,8.39427802441342e-09,1.07621683414034e-08,2.04697370165263e-16,-1.09100097435104e-15,1.07634164404947e-08,1.33230981957824e-08,-1.77343024120676e-09,1.94666891428457e-05,-7.69319469872042e-16,1.10703147165242e-06,1.38059546017364e-08,-4.15791177766543e-16,-7.733362130749e-16,-4.04485595289412e-16,-3.22321122653944e-05,-9.32767916321557e-08,1.11588853400327e-07,-3.60251748067006e-06,-5.15104134116172e-07,-1.01595530608823e-07,4.44017122005543e-08,-7.8366936187656e-16,1.10351289680144e-08,-3.23992494285702e-08,6.36787660056462e-16,3.66669438316964e-15,2.42309864411354e-08,3.50713379951986e-06,1.58884427338979e-08,-4.18596534830258e-06,-1.92046435040779e-08,0.0016723319508499,-2.60137007386925e-15,2.3029871574527e-07,1.39798923442968e-16,8.36383279791569e-06,2.55291664544299e-15,2.12432349694386e-08,-2.55271855041929e-15,-9.17058073626964e-08,-2.43850514301432e-08,-1.23035958130129e-06,-1.74179892540667e-06,-7.78307249509271e-08,9.4135200672994e-09,-6.25093931076527e-08,-4.25433273185462e-08,-0.00011548792036812,-4.1935660513245e-07,-2.64008235627687e-08,8.17270849818689e-08,0.000148689904204326,1.35594675389215e-06,4.52989016143746e-08,1.71947457573673e-15,-4.70700802967501e-07,8.99615847914135e-08,-6.50793788549284e-08,-2.50719856000782e-16,-0.00298690322977049,-4.64163145816541e-06,-1.63540684701843e-06,6.65478605609007e-15,4.18312958088151e-07,0.00304185983710032,-2.79326165635188e-15,3.74193031861553e-07,-3.11839077362017e-06,4.10735205733334e-15,-3.47415870940356e-13,1.43291627383101e-06,0.893816923511937,-0.0038536047202169,-0.0023765849192938,8.02086338591216e-06,2.02481125836153e-07,1.95379016737526e-05,1.06506671319253e-06,-2.0640562907183e-05,2.7712424369164e-14,3.52188214719644e-09,2.36676344750868e-06,0.00156769475565284,5.93890423041664e-05,-1.60137124339871e-12,2.48798585101601e-16,7.95799581382894e-06,-3.15626702228501e-16,8.06407140750628e-15,6.00006198446013e-07,-8.4556868704117e-07,-1.5816975597103e-07,-8.13773103289801e-07,3.67616185433346e-06,9.58103042942408e-07,1.20663857194074e-06,-1.1215554866827e-15,5.54357015925504e-06,0.000568837439217963,1.14368221466908e-06,-1.04899145474392e-07,3.87006330396173e-07,1.52695221357683e-15,8.50795003527785e-16,9.60880205448994e-16,-9.23796827468123e-05,-1.43849646742006e-08,-9.30268299061707e-07,-1.71289948270552e-15,-1.06723870872907e-08,1.36868048539479e-15,1.61045923275059e-15,1.55455388069975e-06,-3.88720739840425e-07,-1.49294639151254e-15,-3.12940708562978e-06,-4.16219972765035e-08,8.12960254725642e-16,9.16210180405415e-08,-3.23521590343419e-16,3.29668931893762e-06,-3.17754012079367e-15,3.27950141497851e-06,2.69964451503723e-07,9.75640084292223e-09,9.60433882849046e-07,6.54731002436639e-06,-3.04167333364629e-08,9.05447204172691e-07,-1.50273107275942e-16,5.17957051962447e-07,-2.91435774268841e-08,-3.67967869685911e-16,-3.82397718243882e-09,-7.73823891942708e-08,1.78728204454615e-08,-6.52580371861342e-16,5.63626929172364e-08,7.43449166617102e-08,2.16194654309462e-16,-2.0562365244564e-06,-1.55854216177735e-06,-2.11885322870081e-09,4.61603315469376e-15,-4.45684591482522e-16,3.7843601348161e-08,1.21614528269093e-06,9.85302572512632e-08,-1.70288535895043e-08,8.53006249234488e-07,2.20753168782888e-15,-7.94443862889029e-15,3.27668633649154e-06,9.93328047214912e-09,-3.73017308405731e-15,9.16626149590394e-06,-1.82381573714744e-15,5.93700846651593e-08,-9.27500940013141e-06,-0.187724238216427,0.000150217907498452,-5.72084379889323e-15,4.35707040967288e-15,4.65021742895466e-15,-2.9777254931651e-16,-1.17203450228216e-09,-4.41152162611671e-09,2.71549140036748e-17,2.01144483758422e-15,1.34111924819357e-16,7.49890377549088e-09,7.09952482014972e-11,-4.30447359612448e-09,6.26240354039949e-17,7.86859726681355e-16,-9.42171687889903e-16,-2.10717994921264e-07,6.46219009316063e-09,1.05639903907903e-16,1.15632882854572e-09,-3.04244797102912e-08,2.90713508888717e-16,-1.01797703985964e-15,-2.2062744599367e-06,-2.17384703281097e-10,-1.09775248577723e-06,1.12637033490251e-16,1.19429427840294e-08,1.93039387485538e-07,2.07403168137918e-07,-7.74542707195981e-07,-4.59641129918843e-08,7.48222392277111e-10,-1.76877868025238e-15,6.36337803220335e-17,-3.7797543476038e-17,1.44784203509683e-08,-1.31501207949713e-08,-0.00101881276033209,-3.73069220034128e-09,2.83049511323798e-16,-3.79552163158332e-16,4.49354227802117e-16,-5.10430958294122e-16,1.59477813505463e-15,1.77916956621515e-08,-2.88093446703615e-16,-1.91773854654368e-16,-3.09478260618495e-07,5.15530956221258e-16,-2.84418434564599e-07,2.41716267302861e-17,-0.000668461785576861,1.26437116869659e-16,-4.03552625584294e-05,-4.90906118157162e-08,-4.32703225324283e-08,-1.36298983886599e-16,1.57130363402921e-06,-6.00748741213502e-17,2.37301420393601e-07,-3.74576689370526e-08,2.07223755610722e-10,-8.00067408825865e-16,1.1374973153718e-06,-5.45374585143964e-16,-8.14647773410022e-08,-4.1575729976536e-08,5.0252603809311e-16,1.03503117043155e-16,-1.04540098826202e-16,-8.30299747378551e-17,-6.27914999462611e-09,-1.86633000338796e-07,-4.16179477270485e-08,2.16363141386654e-16,-6.88363327023044e-17,-4.23756905244685e-09,3.45575628768295e-08,3.29951875784219e-16,2.69156429834476e-16,-6.84147016147663e-08,-3.31171795785665e-17,-1.20958668709625e-05,-5.72787039275499e-16,1.20460355823551e-07,-9.21651468468729e-17,-1.4562083840042e-15,-9.63098698033226e-17,-4.46872111583616e-16,2.62487464243903e-17,-3.60045544733271e-16,2.29359684718189e-09,-1.60385886510708e-08,-1.16222912693273e-17,-1.06135818319503e-08,4.45313903070965e-07,9.41615759825379e-17,-2.8022033643555e-16,2.34673621747691e-16,4.67525316801889e-16,3.7183357156371e-06,6.49520416523296e-08,-2.93165016261505e-16,2.52992168736591e-16,-7.9033793413433e-08,-2.55236293457059e-08,-3.86170477160799e-10,2.47087694727251e-17,-2.80773578380473e-16,-3.25186952855577e-18,-1.9392828015579e-16,-1.80302091532351e-16,-1.19809170315997e-16,1.53370383751885e-06,-5.30330189042193e-07,-2.78399151776972e-07,-1.44394626460734e-17,-1.3613058511774e-16,-1.61840123547769e-16,-1.29762639648315e-16,8.07715597192357e-17,-5.74492312520156e-17,-2.04651362063758e-16,-1.23549094011823e-16,7.19793322145441e-18,-1.21067633009715e-16,1.47669489319572e-16,-2.44423403792586e-16,2.58746639158774e-16,-1.76115272066372e-17,1.46192856828723e-09,-3.82231271740304e-17,-1.77310918379144e-16,-2.24691992408168e-17,2.06555836513203e-08,-5.00289844637206e-05,-2.83977790118622e-17,-5.32228345538919e-10,1.88062818713109e-08,-7.08201738673196e-17,6.06030127824397e-16,-3.61488583033551e-08,-1.17591369960322e-16,4.59799330366324e-10,-2.07356142420661e-16,1.03606878805414e-16,6.03645947675995e-17,1.87735941580542e-16,8.9371477727837e-05,-6.13046626140767e-08,-6.26929554606781e-16,8.25133028994872e-16,2.8601631849965e-17,4.55711108560767e-16,-3.4184894498468e-16,6.82641570394119e-17,-1.48225246937164e-16,3.34903050723043e-16,7.23479649185004e-10,-1.21759240367346e-17,-7.63947762487946e-17,8.98688732904833e-17,-1.62059594418484e-16,-1.15122550091154e-16,-2.25064450269685e-16,-1.56615656194354e-07,-5.36518212420041e-17,-1.30715580144349e-16,1.05862934356691e-08,-4.0924093154952e-17,-2.54757490434966e-16,1.75188622469717e-16,5.7769689321188e-17,8.74894063291684e-09,2.96094700674162e-17,-5.99972925729818e-06,-1.13037444400182e-16,-1.49613348504982e-17,-1.43949711871322e-16,-3.25035764498155e-16,8.28774330846365e-17,9.60443528263011e-17,1.04051637347173e-08,4.88639674096973e-17,2.04980819563041e-16,1.31058742669522e-09,-1.29533232693753e-06,7.01827082829034e-17,2.22460781914608e-07,3.02165472787546e-07,1.77169773615559e-16,2.47413100081168e-16,-2.91417456042199e-16,-6.6712731590406e-17,-3.35504114059842e-16,-5.02099058718178e-07,-1.07463003676191e-16,4.84578875482215e-17,1.64007769055242e-16,2.00473447579916e-07,2.12932845276823e-16,-1.71414605844316e-16,-1.75726371250458e-16,-2.22005849724238e-16,-9.10143924218318e-08,-8.36335661370546e-17,2.68055286715394e-10,1.2510058968876e-18,-6.95265211388745e-17,1.29633001206592e-15,-9.78642376638123e-18,-1.36953702187716e-16,-7.86200825338415e-17,-2.03391289802778e-16,-4.62615735764417e-09,-7.08533294980183e-17,-9.20541804261401e-17,1.94235183122811e-09,-1.84933075980906e-16,-1.81841276757832e-16,-1.32582740143684e-16,-1.67688645811703e-17,3.0398555039632e-16,6.41369907002706e-17,-1.40237725222606e-08,-5.6704774083656e-17,-2.27597045787494e-17,4.16836803899208e-09,-7.11502494115359e-16,2.17715506737058e-16,2.88978123340879e-16,3.34306782837819e-16,2.54301744537595e-17,-1.15511036175295e-16,-3.92857437385628e-17,-3.72709794174994e-16,-3.75465055780572e-18,-1.25328328595871e-16,8.84825335132893e-17,-2.17262970352785e-09,7.1989750832729e-09,-8.3017674801354e-19,-2.00765859691271e-16,-6.79591909217036e-17,-1.19333321654408e-16,7.48099499014998e-18,1.87805441868657e-16,-4.80107921621951e-16,-3.22128221331117e-16,-6.83440172497145e-09,6.02134905831213e-17,-1.17661021406132e-16,1.50330991651959e-17,-3.92876995127439e-16,7.92983079600148e-10,7.18475966615938e-17,-1.25283482512373e-10,-2.33289837883911e-16,-1.22276849898321e-16,3.33145826525625e-16,-8.04394810379943e-17,-1.82087496846184e-16,5.29422728991307e-17,1.73269833664797e-16,-3.64102475790001e-16,2.60421842383179e-16,-4.87127454948735e-17,2.73431065560394e-16,5.58838363358122e-17,-2.43117061483131e-16,1.08122364656216e-16,1.62621595223667e-16,1.08519102321157e-16,-2.29444671454788e-17,1.76292723909331e-16,-1.84273679113335e-17,4.28667577782298e-17,-4.10695782937509e-16,2.92594750546468e-18,1.45242000224301e-16,-2.58590445080833e-16,-2.35802619586955e-16,5.98029536359583e-09,8.57332731480024e-17,-2.65227584373738e-17,1.67690743472739e-16,-1.15515070082683e-16,3.61438823135922e-16,-1.40872446750615e-16,-1.18362192845657e-16,-3.22679037897766e-16,-2.95617416273795e-17,3.30794458302828e-17,-5.06322414550731e-16,2.08902091505221e-16,-8.9173757238225e-17,2.03334411273602e-17,3.05828779227624e-16,2.05941028425015e-16,1.46881777089227e-17,-6.91295702987489e-07,1.47205276961064e-16,-1.57390470103446e-16,9.80239372650419e-17,1.02966450449909e-16,3.04253386081827e-16,-3.63453723847475e-17,-8.91364926429292e-17,-2.1821453233993e-17,6.98250261265962e-17,1.73423237655394e-09,1.29321945188532e-16,-7.86364969514943e-17,5.73930733969693e-17,2.03348740562619e-16,3.06554649018943e-16,-5.63933974037988e-16,-5.34031139355614e-17,1.09724689460754e-16,1.85935362681851e-16,-2.84412659227684e-16,-2.83311890693233e-17,-3.14475652585471e-17,6.85730551521018e-17,8.01016684734443e-08,-3.35918731856289e-17,-4.03915067554797e-17,2.51073143207405e-16,-4.64363790475542e-16,-2.3707837920025e-09,1.5967484302388e-16,2.14102741196218e-16,1.00899113288579e-16,3.98664858375461e-17,-1.41666086379021e-16,5.33202269202582e-17,1.91105942308629e-17,5.03823678927594e-17,4.08460902576202e-17,-1.21530725977578e-16,1.69228068185709e-16,1.11762467920522e-16,-9.82328545589957e-17,1.66898767260323e-16,1.98050047223678e-17,-8.29854161904895e-19,-2.59563676549518e-16
"t372",0.0394373702510786,-0.0136136371181976,-0.0150717723676408,0.00104548063147502,0.01214571877362,-0.0500391854656919,-0.00771487413017656,-3.02783949067686e-05,0.0944635269378374,-0.00595752544119962,-0.0127991892734476,0.00108318174425142,-0.00240958756054281,-0.000542140091940934,-0.0176769112544434,0.00054806373967614,0.000411003405362328,-5.59484153109184e-05,-0.0310179817897527,-0.055453534959173,2.45855228977429e-05,-3.33897363935576e-06,0.00014807540973574,1.81693505519036e-06,-2.57188380913334e-08,4.12245377517076e-05,-0.000512456152834078,-2.9345343462489e-06,-2.82511881186827e-05,0.000664523599102423,0.000154749238080682,-0.00423522057747847,-2.93672665249408e-06,0.0042512275814121,-0.0339591769312577,0.000261743844901793,7.54727186795992e-06,-1.22151652981806e-05,-0.00134103967099653,-0.000274526678223543,-3.44273718863207e-05,0.000785459162474069,-2.34080403338815e-06,0.000155536638042767,-5.45942593852987e-06,1.04709925031333e-06,-2.02126400216518e-07,3.20192948067702e-06,-0.0007319498752786,0.000652466621772118,6.55106396366963e-07,-1.83495013959414e-07,7.07046442520336e-08,8.94264741597983e-09,-0.000246459391676511,-3.07615742294058e-06,5.46470186791173e-06,-1.6384640650305e-07,1.44572543289322e-06,3.21493578202899e-09,1.6642427995859e-08,-1.45049857410618e-06,1.2290036244894e-06,-9.99284885431038e-07,1.85175696363865e-05,-6.5732983525403e-07,0.0771289948046487,3.84606648006875e-05,-6.3595734087336e-06,1.76644366922488e-05,1.5328097021276e-08,-3.26537335671763e-07,1.30620928284416e-06,1.10898865397697e-06,-4.80988430876939e-07,-5.39768827739445e-06,4.8272197947345e-06,-8.65044453560364e-07,0.000371050156414085,5.37544595656883e-05,-4.5643327078464e-06,-0.000379483669246314,0.000942930030290453,3.44071836375215e-05,-0.0705770582364774,-0.000202067159052275,0.000372405930868359,0.353187158724914,-5.27824219696738e-05,0.000584790154019694,-0.00174722966994093,1.84679764470702e-07,0.000121776461860635,-8.85938514107477e-05,-1.87796996498929e-05,-2.32120905633683e-05,-2.73608527350748e-06,1.85614774662268e-05,-0.000241654302838384,-0.035699262381027,0.000113678242050664,-6.71588149644317e-07,0.000125167000640713,-6.86786948605962e-06,6.07278435685038e-06,-1.40279385677144e-07,2.4481624312271e-05,-2.71625604546557e-08,2.26711715670566e-05,-3.19350354992774e-09,-7.27929693356608e-08,2.16330698121999e-07,-7.88321473707567e-08,2.84257620196027e-07,-3.2734763921867e-07,4.36297303227128e-07,-5.06152754721853e-05,5.87444835372175e-05,-9.35280305625536e-06,3.44038050761281e-06,-1.9961777586385e-06,4.32117883703801e-06,-0.000473345144028884,3.71672483175572e-05,2.10360458088751e-07,-6.07469726781329e-06,6.3340553378699e-07,-1.56113747508516e-05,1.52995505053616e-05,0.000532607097000555,3.9502401096473e-06,-1.51877646486744e-05,1.22332280994158e-06,8.06252971658312e-05,-3.37830540370138e-08,2.24483792401835e-05,-0.00078305310394982,-2.97899607687123e-06,0.00660108659513946,0.00161664601674263,0.000266733024737897,3.8788437401236e-06,-9.29466436115608e-06,-1.91527788953773e-07,-1.07762930591604e-09,-5.54796087912395e-06,-1.27321771596616e-06,0.00011889323591636,9.74486808255304e-06,-4.78904524276527e-06,-7.09270612067776e-06,-0.101831219344509,8.28817292639341e-06,-0.000922350344520252,3.87188776864332e-07,6.83046691406179e-05,-3.40037262822375e-05,4.02003893883749e-07,1.03233350396687e-05,1.09795912681845e-07,-4.41753343237165e-09,3.57457034241142e-09,-1.49448971276201e-06,-2.07958250921655e-07,2.13111649042255e-07,-1.83547152918024e-07,5.62380110864763e-05,0.00337266239882396,-1.49630917923498e-05,2.55162521065773e-07,-5.25631911550309e-07,-9.37902018180264e-08,1.23791070440506e-08,4.54157418552895e-06,8.42776761082854e-08,1.73415321584158e-07,7.63715572957803e-09,-3.1663053666556e-07,-1.44091473149798e-05,-1.63334311677948e-06,6.72162404429394e-06,1.94997696480979e-06,-4.22210546925489e-07,-1.75419419278718e-09,-5.59086670847259e-08,-2.86640595481932e-08,-0.000254379988835565,0.0243189985063462,-0.00451425068811991,1.09001079485102e-06,-1.22074072267058e-07,0.000376746150190229,7.03429194825012e-07,1.44972180708663e-10,1.59873490374191e-08,-3.98618272885445e-05,-2.40955230288066e-06,-4.15335606910875e-08,4.73284931180891e-05,9.15048564415615e-07,2.15439028979228e-06,3.25504061423144e-06,-6.91936034530982e-08,-4.4249429301647e-06,-0.00168348879440182,9.16103315075539e-07,0.000149658813162859,2.94036189701051e-07,-2.27179396725924e-05,-5.62940879778198e-09,-0.000122298719791632,-8.04620440722565e-07,-2.75850873036241e-06,-0.00125452936950313,7.05655541105149e-07,6.80975845938587e-08,1.31086626692043e-08,9.32394535210821e-09,-3.27679474780885e-06,-1.47883888849878e-06,-6.87045220260568e-07,8.48414409879616e-07,1.87863690971281e-07,8.01209629898784e-07,-2.41270889648173e-06,-1.3792793857844e-07,-1.30704262686938e-05,-7.38694904410121e-08,-1.60234721336945e-05,-5.21759008239631e-06,2.81760412445601e-07,5.82558676050219e-08,1.77156523178365e-06,6.53251384212026e-07,-3.7340467121124e-07,-6.70207127986887e-09,-2.94580963531254e-06,-2.46538609147397e-17,-2.77035851260963e-08,3.9551037406358e-07,-8.02130725971347e-08,-2.05644217575184e-07,-2.76061881485614e-06,3.81704506033488e-08,-5.37041307538052e-07,2.3859519969098e-07,-4.57758567813097e-07,0.000110706896888663,-5.95285014471802e-08,2.39755675299076e-05,-1.56203827167848e-08,1.71781921801217e-06,-1.45913633163358e-05,6.13870485743767e-09,-4.02463199160492e-10,1.91857943710405e-08,-1.81251923115281e-08,2.85371088143286e-07,7.28072751121555e-06,-1.38382721908684e-06,2.72303698025335e-07,-4.96278040774926e-06,5.82019392666448e-06,-3.54483822810525e-07,3.66261094027485e-06,-1.24181898313575e-06,5.9796747659547e-09,5.30517903002879e-05,2.64224875345458e-07,0.00517570598601494,-3.74441634966654e-10,-9.19152363347636e-07,8.70400495408298e-08,-1.34538238405393e-07,2.13928274348145e-07,-4.15114106007476e-07,3.25187305938906e-07,-2.39164785489305e-08,4.64146900000883e-06,-2.02364414620698e-08,3.33406235612566e-06,-1.62097782480472e-16,-8.2655015061996e-06,-8.23257294690202e-07,-8.83687166477111e-12,-7.83287256029642e-08,1.16774860912714e-07,-7.2911516350905e-08,-2.07842047620134e-08,2.71615963158282e-09,-1.2431410824181e-07,4.73891175215831e-06,0.0040582638845085,-1.27153811261009e-08,7.91137757138634e-06,-0.000202766568325053,5.25279134188247e-07,-1.11497141392158e-05,1.66447316708425e-07,2.91489322701087e-07,4.50182204177075e-09,1.40659943303032e-05,-2.48937209943223e-06,1.17196068180851e-08,-4.09323083168255e-06,5.70895409584334e-07,-2.21839892190647e-06,1.35668947568512e-05,0.0369144871511692,-2.60208426133206e-06,4.16183730255983e-07,2.33273063858534e-07,1.21874922754615e-07,-2.69698408979834e-06,0.267089404394904,-2.02801984292989e-05,2.99565263871833e-05,-6.4083747506345e-16,-1.83270451362545e-05,-2.65559038343813e-08,2.09045970529613e-09,-6.57735866047227e-06,-2.7577366652644e-10,-1.32645901078546e-06,-1.69787407405854e-07,1.61455139789771e-09,1.54295924944567e-07,-2.41822406093462e-17,-3.38789324535438e-06,-2.91447434352295e-10,-0.000342582489956251,2.72422361665156e-09,1.25580524648045e-07,-1.06934935158008e-05,-1.67921503361691e-06,4.76896128280063e-07,-5.32321488314836e-08,3.66077782714263e-06,-1.23547728140436e-08,-1.21378435658847e-06,-1.64833023080433e-09,-2.64849777092263e-10,-1.3243609891063e-05,1.92324428057846e-08,-3.90785179002538e-06,-1.08849528486223e-16,-1.18988375248465e-07,9.65702108557398e-09,2.78404889515032e-10,2.76680261280311e-09,-4.29390624221794e-06,-3.04810360067996e-05,1.77516394157926e-07,-7.04309629149802e-07,-6.44145012598712e-07,3.51418111755006e-16,-0.00596130896435226,8.18661681815408e-08,3.88973827717242e-06,-1.46639940351814e-16,-1.49113018114664e-07,-1.01651205388089e-08,9.50489630043149e-10,-5.86100603934742e-08,-2.06254563651498e-06,-1.73746673352753e-07,-6.99711236179521e-08,3.12525377239922e-07,2.3352171655725e-08,1.49063897014228e-09,4.08570034151162e-07,1.24667092271733e-08,-3.92368710215435e-17,-5.96528539911853e-09,2.25809146169433e-07,1.01759231043783e-07,-6.75526480684142e-07,-1.38161643999571e-16,-1.50558546841684e-08,3.00718765210498e-09,-3.6225192716292e-07,-5.5589161518837e-09,-0.000200495824912868,1.60024153130251e-08,-2.29159801031413e-07,1.31083794806087e-06,1.68422476760687e-16,4.88735553064614e-06,-2.32238126554032e-08,6.77528714848146e-08,7.32678503664715e-06,-9.63521152436745e-09,-1.21954233941201e-08,-1.6826817716975e-16,1.72940261237698e-16,-1.13403863378765e-08,-1.31956764390292e-08,1.74315463017549e-09,-1.81241020971891e-05,3.30438858786615e-16,-9.17986239644665e-07,-1.08867857720408e-08,9.82223916885063e-17,-3.36197918354955e-17,4.987557527162e-18,2.17909312471107e-05,6.18555945669964e-08,-6.92612595768335e-08,2.11505506043479e-06,3.00463657829341e-07,5.58728216845068e-08,-2.42541323968308e-08,3.01613245445959e-16,-5.35506553196087e-09,1.50827918630938e-08,5.9915219697934e-16,-1.39129068852854e-15,-9.58645343907953e-09,-1.3339966220018e-06,-5.73234741967161e-09,1.45750194333502e-06,6.24448197025032e-09,-0.000537763499276703,2.38074049269518e-17,-7.29387272131653e-08,-2.79766495708265e-16,-2.5350750699683e-06,-6.507381439258e-16,-6.23270077925239e-09,7.37061449048952e-16,2.58094570679567e-08,6.80513526511209e-09,3.06658138113792e-07,4.2365658285751e-07,1.87378391551026e-08,-2.16694605105582e-09,1.38346070616153e-08,8.58073878659945e-09,2.32738043905462e-05,8.20926837462374e-08,4.8973638997993e-09,-1.40862385756499e-08,-2.40577899871975e-05,-2.08532291211464e-07,-6.79236520724824e-09,3.38297428791484e-16,6.51533449400183e-08,-1.15009103484616e-08,6.53795608059458e-09,1.24045665479086e-16,0.000278356372769893,3.84069409164308e-07,1.28328997615055e-07,-1.95119823023768e-16,-3.19216997623774e-08,-0.000206902792862927,-6.9958947027125e-16,-2.3982771684882e-08,1.32596646412177e-07,2.70488487313839e-16,9.97830381463816e-15,-5.01281555856579e-08,-0.0306850697119962,0.000120706491201106,6.63007204197385e-05,-1.64952082851404e-07,-4.04119244831957e-09,-3.73306417075671e-07,-1.1042678093396e-08,8.15491873406623e-08,2.55741608445881e-15,-5.94992236715162e-12,-3.09996935439702e-09,2.71398236133715e-09,9.12470656043233e-08,-3.75294631737927e-15,-4.30760663660201e-16,2.83537308201095e-08,1.27658083915853e-16,-1.21621166328488e-15,8.57945756797451e-09,-1.33616396084748e-08,-2.50420543582048e-09,-1.52551380752551e-08,7.02208098856803e-08,1.83730570273901e-08,2.37096963646678e-08,-1.97041176044948e-16,1.30526967657219e-07,1.37100041281113e-05,2.7749691726387e-08,-2.61234441427389e-09,9.8054580850297e-09,-5.30548366018352e-16,3.49060394888185e-16,1.19558264402825e-15,-2.23258509954402e-06,-3.30115906279575e-10,-2.12446499977873e-08,2.87186089715214e-16,-2.26057879094879e-10,-6.1776294637492e-16,5.01803356911836e-16,1.22844131017366e-08,-2.97947044925402e-09,2.56955914879065e-16,-8.18198480906334e-09,2.92576447935466e-11,-1.06708797827563e-15,-7.72947718521594e-10,-4.54087399292986e-16,-6.4750906376809e-08,-1.25558417472243e-15,-6.80811073359718e-08,-5.84193029627128e-09,-2.20965569192155e-10,-2.3126545849374e-08,-1.79469153832603e-07,1.26019599388984e-09,-5.94259936604847e-08,-6.50794912701797e-16,-5.46547296219177e-08,3.22245977893506e-09,-1.8296217584957e-15,4.49605709243177e-10,1.01525932045244e-08,-2.58314782431654e-09,2.02762348008714e-15,-1.12155478808123e-08,-1.57424704519297e-08,-2.07382097766081e-15,4.72777568433911e-07,3.73175129497629e-07,5.89833902544743e-10,-1.54196056201746e-14,5.20989409078887e-16,-1.51465566750719e-08,-5.7183966526143e-07,-4.79200335850293e-08,1.89619056595108e-08,-1.12624780008385e-06,-1.05950010261031e-14,3.44597112217724e-14,-4.91800182158583e-06,-1.51643026393655e-08,1.35664843819576e-14,-1.78930663117191e-05,8.17870365914041e-15,-1.54137950520421e-07,4.09845335199966e-05,0.870526793743649,-0.0008608050161903,2.67448623058267e-14,-1.98601365308893e-14,-1.86944017850116e-14,5.43523522448696e-16,-7.9525194804244e-09,-2.58895230736103e-08,3.60076980605015e-15,-7.85353191951347e-15,7.20366007484502e-17,3.00053131287791e-08,2.51176936664127e-10,-1.17390725620704e-08,-2.42104471579083e-15,-8.25254036114498e-15,4.47070765824398e-16,-3.47350549937309e-07,1.05278193053649e-08,2.42127677915288e-15,1.67381741619661e-09,-4.2268456626223e-08,-9.28831468361947e-16,3.33979881349099e-15,-2.81521851659124e-06,-2.75674553266447e-10,-1.33351230102257e-06,4.29358544930117e-16,1.36160221816093e-08,2.13335402625053e-07,2.20322915663786e-07,-7.84398364413368e-07,-4.60051392746941e-08,7.3338392799763e-10,-1.00285842037632e-15,-2.06039288425301e-15,-1.41246146717301e-15,1.2879215576078e-08,-1.16830814876699e-08,-0.000896052544323516,-3.13612583884508e-09,-2.15798319113567e-15,-1.11516917756686e-16,-1.94558834558623e-15,6.0879276686095e-16,-5.36683297745076e-15,1.43887499574162e-08,4.89728095340034e-16,4.47418200279041e-16,-2.47009570401608e-07,1.76682454972073e-16,-2.26854899237396e-07,-4.13330266631925e-16,-0.000532569154740421,-4.77568803761113e-16,-3.15017057807362e-05,-3.81491592589864e-08,-3.34050258240339e-08,9.98599986800269e-17,1.20373575966735e-06,-4.02277364782312e-16,1.79000028282897e-07,-2.77638862455179e-08,1.53487692258583e-10,-6.34785786826801e-17,8.37232647422013e-07,1.91373305821476e-15,-5.94111687758269e-08,-3.03076305746739e-08,-2.14215265184854e-15,-3.11665582079433e-16,-2.44647544626093e-16,-5.73507802967884e-17,-4.54584622263141e-09,-1.34880741035861e-07,-3.00184536157179e-08,-4.88036406046109e-16,-2.56792481057704e-16,-3.02986043236452e-09,2.46996320583948e-08,-1.18219590393145e-15,-1.22366813281725e-15,-4.84372367107918e-08,-3.09957164428397e-16,-8.54802306551603e-06,8.93884718234852e-16,8.47020305814718e-08,-4.39939378807234e-16,-1.0277531692139e-15,-2.31979908662792e-16,-6.82849366779045e-16,4.32605633145706e-16,-7.67643586018481e-16,1.59857135341591e-09,-1.11772698631596e-08,1.98374806768802e-16,-7.37672830429991e-09,3.09174191848845e-07,5.49940465044958e-16,1.2499459521493e-16,7.85569209384887e-18,1.90569664648824e-17,2.57058432292201e-06,4.48618059291667e-08,-1.24231874094673e-17,-1.44159025369719e-16,-5.45338202698151e-08,-1.76092359580961e-08,-2.66313805171123e-10,-8.43189199471731e-16,-2.3582234143048e-16,-4.06866158033228e-16,-2.20758931307808e-16,-2.95027290247415e-16,4.33202099292871e-16,1.05131137207025e-06,-3.63348419235475e-07,-1.90650739284943e-07,-3.13662686067314e-17,-1.39862944593122e-16,-4.40664835943118e-16,1.22743984045603e-16,1.94419301908385e-16,5.09786752265703e-17,-8.90314716492223e-17,1.62910980147241e-16,3.44593486665247e-17,-4.10205768310628e-16,-3.22671951763009e-16,7.11216536308789e-18,-1.00856316924283e-16,-2.4807841510539e-16,9.94751969166115e-10,6.0176656895465e-17,9.51920779341162e-16,2.42592339903186e-16,1.40457695993363e-08,-3.40147795981317e-05,4.97879185249704e-16,-3.61831173345712e-10,1.27761394221841e-08,1.71874331566552e-16,-9.01382535014774e-17,-2.45380713907218e-08,9.078061549984e-16,3.11844039175252e-10,-3.09889093655683e-16,1.84913743204442e-16,8.12102785327502e-17,-4.14609193819856e-16,6.05457181469046e-05,-4.15288324172951e-08,2.90422547797081e-16,-1.0271734462211e-15,3.5973397240014e-16,-2.22686267668166e-15,8.58362859956774e-16,-4.41148441931059e-16,-1.22355434148944e-16,-7.35379722406339e-16,4.89220526577981e-10,-2.73341277585901e-16,-1.64903683141149e-16,1.16970485405409e-16,-4.98352284090677e-16,-6.86493200545263e-16,8.75146716684288e-17,-1.05900657200563e-07,7.58368664688307e-18,5.48536962823984e-17,7.15829793829106e-09,-4.20160293595264e-16,-3.13868340236148e-16,-3.5775739703153e-16,1.32572979114482e-16,5.91778534535856e-09,-9.45003459937948e-17,-4.05863715004375e-06,6.54556696405894e-16,6.80708115669053e-17,-1.3857815098883e-16,3.43997867571864e-16,1.86671941487254e-16,-5.7013450824235e-16,7.04054894333356e-09,-6.63816097212818e-16,4.65952224705791e-16,8.86997805794568e-10,-8.7668403610585e-07,6.89405943148197e-17,1.50595282592368e-07,2.04566611534063e-07,3.58290210349788e-17,5.64108969154267e-17,5.30558145462697e-16,-1.63074213783786e-16,-1.09649049166878e-17,-3.40369786988475e-07,1.79598649594171e-16,1.34105102842151e-16,1.60341435170615e-16,1.3595444083836e-07,3.92706611001087e-17,-8.3322898127833e-17,1.14872487176964e-17,2.53569987949616e-16,-6.17581023075037e-08,2.12701093992785e-17,1.81923204659016e-10,-1.16685479882473e-16,4.68188795359966e-17,-1.00022960177777e-15,-9.09629375557545e-17,-3.04544120345523e-16,3.99460054870547e-16,6.90549343161328e-18,-3.14292083032332e-09,-2.89292860443424e-16,6.45854851017553e-17,1.31995453541922e-09,3.28887663312979e-16,3.57949338131322e-17,1.63467074964068e-16,-8.79615000018128e-17,-3.25099972855663e-16,2.06406526170805e-16,-9.5385523357599e-09,6.23087006551678e-16,3.80201931626325e-18,2.83637948241945e-09,9.95646036681878e-16,-2.08911502676515e-16,-2.07605668772759e-17,-4.34196735937157e-17,-1.79362406204879e-16,3.70428829848401e-16,-6.04305114226674e-17,2.76027037426498e-16,5.12572751456149e-17,-2.42424136767025e-16,-5.38336931325851e-16,-1.48077274227094e-09,4.90751705722798e-09,-1.12627637899305e-16,3.54317931229496e-17,3.97988386470626e-16,1.49544161802668e-16,-1.93530087788663e-16,-1.28490970281563e-16,7.60339252092603e-16,-3.03670310700016e-16,-4.66407084280783e-09,-3.71591476000729e-17,2.64084436443346e-16,2.38780813045336e-17,-3.72411479300701e-16,5.41683660313911e-10,-2.6156129164833e-16,-8.56770221152787e-11,-4.03284599618178e-17,-8.23429327568621e-17,-1.04343532693578e-16,-6.51968518123732e-17,2.34750299583532e-16,-1.38089169463863e-16,1.12182319460392e-16,-1.84537998944219e-16,1.20351131361261e-16,9.12990142587258e-17,-5.05581053404417e-17,5.13643526776077e-17,1.13334735346322e-16,-1.00133439706203e-16,-1.11607401771704e-16,-1.62236078825436e-16,-2.26432207026139e-16,-1.90625077676106e-16,-7.17035735328395e-17,2.79534243668061e-16,4.0690107533381e-16,1.31969073242969e-17,1.96457958690759e-17,3.63218590577917e-16,2.28477385894399e-16,4.10777239110957e-09,-5.76551206674195e-17,4.04496840507589e-18,5.5786673117117e-18,-1.57137740249717e-16,-6.37033866298367e-17,-2.79216116362174e-16,-1.02130570932986e-16,3.06956962711946e-16,5.12888298002373e-17,9.21623434071672e-17,-8.20741044571527e-17,1.23061735499672e-16,-7.31806148861951e-17,1.52228955796997e-16,3.29929706117338e-16,-1.71527578500717e-16,-1.35910544027402e-16,-4.76355717071941e-07,-9.78857685875052e-17,-1.1660490795241e-17,-3.12066430038734e-17,-1.56810765718666e-16,2.90889763423773e-16,-3.24280189087247e-17,1.63973058130106e-16,-1.02247115413756e-16,5.38520601859683e-17,1.19911456266637e-09,4.53784706401948e-17,8.26215395441193e-17,-1.74250709339622e-16,2.5315658752748e-16,1.54015738367799e-16,-7.17237311080526e-17,-7.7206229322094e-17,-1.08911130186889e-16,-8.89498045329377e-17,2.78707152656431e-17,-1.64029916783195e-16,3.09629580644495e-17,-4.04938905578495e-17,5.55820625970827e-08,2.74681471818034e-16,-3.00005586566408e-17,-2.09000218649983e-17,-3.92372766222504e-16,-1.64784149051137e-09,-2.41362320182266e-17,-5.77183980390185e-17,1.45472495378962e-16,8.76279838804582e-18,-1.14393020004089e-16,1.24679903098122e-16,3.34523603957907e-16,-1.82744499003669e-17,-1.0312068158552e-16,5.44375901334246e-18,-1.61573669038765e-17,-7.19882352177008e-17,-3.01266767754185e-18,-6.43970953511616e-17,1.57158765158447e-16,1.73801187929546e-16,-3.14506550828011e-16
"t644",0.0394482505960308,-0.0136215492829495,-0.0150808150922472,0.00104632109709414,0.0121576706316397,-0.0500969415508237,-0.00772395332086272,-3.03168566643383e-05,0.0946051962211852,-0.00596835384580092,-0.0128286805975324,0.00108625412844082,-0.0024166211185784,-0.000543746425448928,-0.0177315580300378,0.000549857467268873,0.000412380495892216,-5.61392509070195e-05,-0.0311262167716448,-0.0556636472292209,2.4686231439598e-05,-3.35545925961796e-06,0.000148847160125522,1.82645834471279e-06,-2.58541672701861e-08,4.14517137031082e-05,-0.000515313269063616,-2.9510410141586e-06,-2.84143276726913e-05,0.000669048461501993,0.000155872206802239,-0.00426733827699032,-2.96058779797456e-06,0.00428738877368467,-0.0342626133620393,0.000264267111449291,7.62094025284727e-06,-1.23362669736358e-05,-0.00135442402877766,-0.000277306854647617,-3.47859089491544e-05,0.000793834718938481,-2.36613164546025e-06,0.000157221576248589,-5.5195858101962e-06,1.05936357275307e-06,-2.04537037145932e-07,3.24043977544799e-06,-0.000740960630812362,0.000660700045471371,6.63644056853182e-07,-1.85921969162354e-07,7.1641812829818e-08,9.06334768260159e-09,-0.000249903620733019,-3.11936946757793e-06,5.54867202574359e-06,-1.66423712405234e-07,1.46852959381298e-06,3.26854049969888e-09,1.69313449395645e-08,-1.47617537284918e-06,1.25110103609986e-06,-1.01732199853254e-06,1.88614620233743e-05,-6.6984623530388e-07,0.0786780742919762,3.92512425851566e-05,-6.49168766144171e-06,1.80383755859372e-05,1.56847324429692e-08,-3.34660928308882e-07,1.33903055778531e-06,1.13742578905178e-06,-4.93353252356356e-07,-5.53765257028225e-06,4.95282098902125e-06,-8.87930776708186e-07,0.000381235305580915,5.52516225946841e-05,-4.69460194918695e-06,-0.000390371158410183,0.00097101639772361,3.54434466643332e-05,-0.072803237130155,-0.000208519726835565,0.000384445057314935,0.364627612927925,-5.44930358727585e-05,0.00060376708478351,-0.00180419226822978,1.9096439258029e-07,0.000125936494947079,-9.16988261529195e-05,-1.94666329197886e-05,-2.4066525581525e-05,-2.83682991249911e-06,1.92558462179291e-05,-0.000250747255636171,-0.037072099456349,0.000118126657058607,-6.97908920338881e-07,0.000130081011068267,-7.15854545014473e-06,6.33121226129689e-06,-1.46274262475672e-07,2.55357055961784e-05,-2.83345063971082e-08,2.36529345267126e-05,-3.33256485775257e-09,-7.59684571802573e-08,2.25868689729576e-07,-8.23122376237608e-08,2.97155516695459e-07,-3.42286611387509e-07,4.56459434852422e-07,-5.29673851912692e-05,6.15161155026255e-05,-9.80048411938519e-06,3.60683847610936e-06,-2.09334738566095e-06,4.53592081408325e-06,-0.000497180152797553,3.90397213848609e-05,2.2097830825035e-07,-6.38543682894086e-06,6.65841958700196e-07,-1.64199541126772e-05,1.61176183320148e-05,0.000561095606526974,4.16207297997042e-06,-1.60193476704076e-05,1.29057490224609e-06,8.50706046326059e-05,-3.56679219546859e-08,2.37028989805824e-05,-0.000827905619195013,-3.15298546050676e-06,0.00699680622167488,0.00171363072550818,0.000282805287415075,4.11309095721122e-06,-9.85799779144963e-06,-2.03151859459397e-07,-1.14303331345853e-09,-5.88798408654991e-06,-1.35276486216142e-06,0.000126465581840767,1.03684747665726e-05,-5.09871610402697e-06,-7.55171500475187e-06,-0.108447311190055,8.82791206442337e-06,-0.000982573243556252,4.13079359330759e-07,7.28893219080507e-05,-3.6292164601007e-05,4.30701112381503e-07,1.10705997538428e-05,1.17760485901994e-07,-4.74173915215638e-09,3.83753499876936e-09,-1.60607003450889e-06,-2.23512399660816e-07,2.2927997394024e-07,-1.97663386250175e-07,6.07336182177778e-05,0.00364263174734274,-1.61612456723249e-05,2.75700546588565e-07,-5.68196354252638e-07,-1.01391707969114e-07,1.33943857937995e-08,4.91543570776777e-06,9.1270890036938e-08,1.87833121114152e-07,8.27274541361261e-09,-3.43468655975621e-07,-1.56535039290022e-05,-1.77484737089157e-06,7.30572022656583e-06,2.12094685995285e-06,-4.5935617553531e-07,-1.90904392956831e-09,-6.085952351292e-08,-3.12291959675036e-08,-0.000277203597710588,0.0265500701463229,-0.00492869954026214,1.19082391312947e-06,-1.33593782052908e-07,0.000412889550348284,7.71295718110069e-07,1.59076883663098e-10,1.75524863904434e-08,-4.38365587679571e-05,-2.65076655735871e-06,-4.57261590405491e-08,5.21259388832724e-05,1.01078122217608e-06,2.38011505580169e-06,3.60060680555386e-06,-7.66343185881532e-08,-4.91544339241189e-06,-0.00187012766154694,1.01794809731818e-06,0.000166437585733092,3.27194341119205e-07,-2.53194844352492e-05,-6.28629630108304e-09,-0.000136784588890724,-9.0036319637454e-07,-3.09355560328063e-06,-0.00140863290113839,7.92362364383411e-07,7.65383990224358e-08,1.47695458974388e-08,1.05102485789247e-08,-3.70303206673506e-06,-1.67413488217594e-06,-7.78249773235425e-07,9.63461548287386e-07,2.13466771693583e-07,9.1100362442205e-07,-2.74887870843171e-06,-1.5721012082477e-07,-1.48991528272794e-05,-8.43921438410046e-08,-1.83308308548527e-05,-5.97795604451155e-06,3.23044100270439e-07,6.68392896032856e-08,2.03395127137416e-06,7.50146888155542e-07,-4.29547070274036e-07,-7.71824820923478e-09,-3.39652509294993e-06,-6.62769840615104e-17,-3.1997480096446e-08,4.56970296217746e-07,-9.29004869405662e-08,-2.38614816338158e-07,-3.20816148951932e-06,4.43626309618154e-08,-6.25961007160837e-07,2.78235341140164e-07,-5.3393005177057e-07,0.000129267261079309,-6.95592080618726e-08,2.80528485317396e-05,-1.82876075331345e-08,2.01163364525944e-06,-1.71099887685328e-05,7.23924889886562e-09,-4.75581168305102e-10,2.27099976830096e-08,-2.15346843350956e-08,3.39142116295342e-07,8.6753865918753e-06,-1.65135284506938e-06,3.25637980457329e-07,-5.93887022258129e-06,6.96992905864603e-06,-4.24933851661636e-07,4.39704383034242e-06,-1.49108390072522e-06,7.20731555191902e-09,6.39490519109401e-05,3.18530154867898e-07,0.00624594780940028,-4.52044740812161e-10,-1.11102190965105e-06,1.05233614850975e-07,-1.63895564714365e-07,2.60829249252733e-07,-5.06462081067093e-07,3.97360019455539e-07,-2.92608598611257e-08,5.69469465378493e-06,-2.48489135674413e-08,4.09667101143482e-06,-4.58752355715512e-16,-1.01790612268055e-05,-1.01415375840164e-06,-1.08965437302512e-11,-9.68098298244493e-08,1.44616652825463e-07,-9.03816266348193e-08,-2.57764573818598e-08,3.38941864496778e-09,-1.55190440191705e-07,5.91657483617431e-06,0.00507611285640949,-1.59887775472277e-08,9.95724430087829e-06,-0.000255365963904689,6.62953866126632e-07,-1.41889756522844e-05,2.1256929239391e-07,3.72337277917242e-07,5.75081035195145e-09,1.81298119927563e-05,-3.24297901718337e-06,1.5288685187037e-08,-5.35069858824721e-06,7.48144613674993e-07,-2.90940050694634e-06,1.79091093942242e-05,0.0487535106932197,-3.4397473748113e-06,5.50505739985456e-07,3.09198593734616e-07,1.61914380643821e-07,-3.59070249495119e-06,0.355930911116147,-2.70692457451996e-05,4.01225316919293e-05,-8.21234766839908e-16,-2.50855312191715e-05,-3.64305388128288e-08,2.8774927757387e-09,-9.05456526077057e-06,-3.7967727227088e-10,-1.82775520377276e-06,-2.34322805216652e-07,2.23243669179343e-09,2.14168616731343e-07,1.80636749446435e-16,-4.74500333538537e-06,-4.08656935791744e-10,-0.000481528374118023,3.83024182491337e-09,1.77645406152989e-07,-1.5178555506535e-05,-2.39513224068391e-06,6.82519900859588e-07,-7.67508945569323e-08,5.31490283516076e-06,-1.80180345655352e-08,-1.77469077631067e-06,-2.41389124532618e-09,-3.88964555876614e-10,-1.94560383401198e-05,2.83116836943409e-08,-5.76180113251428e-06,7.59286425105427e-17,-1.77563683236482e-07,1.44476470756612e-08,4.16525870064488e-10,4.16983520279421e-09,-6.47855524681161e-06,-4.66325003987467e-05,2.72679790963509e-07,-1.08274622732109e-06,-9.93282171531498e-07,1.19218140643381e-15,-0.00922476946578175,1.26849702994865e-07,6.05696993090761e-06,-5.47764125811153e-16,-2.33456480143506e-07,-1.59353907340747e-08,1.49103702263093e-09,-9.20694496142371e-08,-3.24758983714025e-06,-2.74056085293991e-07,-1.10520485465648e-07,4.95679378157711e-07,3.7055822024943e-08,2.37216594333817e-09,6.53501222490022e-07,1.9945506686875e-08,8.52517096065005e-18,-9.64108796823674e-09,3.65604704040976e-07,1.65410563578107e-07,-1.10476187846858e-06,4.67942554995782e-17,-2.49536758985441e-08,5.06184097556154e-09,-6.1411828459366e-07,-9.4555890107559e-09,-0.000342423671196814,2.75389727942457e-08,-3.99364979714199e-07,2.35994866008976e-06,2.07021876824236e-16,9.07094154161866e-06,-4.32215159532306e-08,1.26821722134474e-07,1.38258062973148e-05,-1.81932334736986e-08,-2.30806520472699e-08,-2.56739074444567e-16,2.76859421507862e-16,-2.17537894142867e-08,-2.56183442964885e-08,3.38931899476798e-09,-3.56300664107762e-05,1.32097497010813e-15,-1.85016228147465e-06,-2.21938463728571e-08,3.13907965854597e-16,2.2865791958627e-16,3.51120841612355e-16,4.61114998580213e-05,1.31539209935657e-07,-1.49866966669039e-07,4.64631204573029e-06,6.61240658725544e-07,1.25022531630042e-07,-5.43775085778946e-08,4.53492965704574e-16,-1.24370881194945e-08,3.54857784383761e-08,-5.47998341374521e-16,-9.6090984561934e-16,-2.37940283376863e-08,-3.35645765578904e-06,-1.46957502969889e-08,3.78493516080697e-06,1.66334099485314e-08,-0.00143846781558848,1.09923001496632e-15,-1.96236647368427e-07,1.4752220869107e-16,-6.93707328795429e-06,-1.28624324732818e-15,-1.72747112400793e-08,4.79927333377007e-16,7.27328921372341e-08,1.92428915425278e-08,9.08754328512242e-07,1.26863172547788e-06,5.63578405000544e-08,-6.64593445682614e-09,4.31751635784685e-08,2.79335567678585e-08,7.57943398512488e-05,2.70986134553155e-07,1.65831562180441e-08,-4.9427548239766e-08,-8.7111194116383e-05,-7.74768271982907e-07,-2.55665505375898e-08,-7.90181915631637e-16,2.55724086586073e-07,-4.71110732018277e-08,3.06947628145472e-08,1.10438818715362e-17,0.00136640792162699,2.02719714297752e-06,7.00173764771969e-07,-2.40793381616494e-15,-1.7726319783522e-07,-0.00123723154573873,1.28901948170558e-15,-1.49134323202389e-07,1.09699405371114e-06,-1.64008797297577e-15,1.16885468285814e-13,-4.79354033836576e-07,-0.297648273909501,0.00125601798624296,0.000755134135682711,-2.40339206888791e-06,-6.03608265421113e-08,-5.78203179840376e-06,-2.9062002093857e-07,5.25717363531826e-06,-9.13277699993165e-15,-8.73350554370303e-10,-5.84190207682756e-07,-0.000380667920231094,-1.4136423490395e-05,3.81047602226325e-13,-4.60434578560135e-17,-1.84251754973971e-06,-1.96442442438941e-17,-2.61210045379458e-15,-1.15271276389487e-07,1.56883406715819e-07,2.93244268649524e-08,1.39336784962593e-07,-6.22464006798965e-07,-1.61841663888952e-07,-2.00669717100277e-07,3.63481442686124e-16,-7.70586649471134e-07,-7.58166219702487e-05,-1.50281332793568e-07,1.28055813764501e-08,-4.07252130262973e-08,-7.65246007247462e-16,-7.94949239517391e-16,-1.14015423511832e-15,7.50824509654099e-06,1.02116427095312e-09,6.53110423680213e-08,3.40813436479519e-16,6.43517749389343e-10,-3.54193522958881e-16,-7.38717148813317e-16,-2.57166180543973e-08,6.21488476029261e-09,2.32886626649886e-16,1.5920776955851e-08,-5.471475045469e-11,-1.2892653065814e-16,1.33488604290072e-09,2.61664755255755e-16,1.01845477358841e-07,5.15819444981694e-16,1.06199761658958e-07,9.05461318371233e-09,3.40015660514013e-10,3.52305322317416e-08,2.67309222470204e-07,-1.726258515365e-09,7.25670002999748e-08,1.84698583350281e-16,5.7962531870823e-08,-3.36669743113855e-09,9.03566423037849e-16,-4.60462636311307e-10,-1.00274366305381e-08,2.46926727640868e-09,-4.11170858330034e-16,9.58850028908798e-09,1.3163340634987e-08,1.3224304486124e-15,-3.83806552411728e-07,-2.98554582961897e-07,-4.46880693314148e-10,6.42789788680564e-15,2.46150595067057e-16,1.00710673106978e-08,3.59292332349097e-07,2.97585520483958e-08,-9.0997599401917e-09,5.17215362050157e-07,3.97482902516519e-15,-1.26194781665629e-14,2.19007605840834e-06,6.72648247861012e-09,-4.2352712612615e-15,7.52841513299308e-06,-2.77879601880116e-15,6.15573168248404e-08,-1.52081816831482e-05,-0.321315435062124,0.000311121243227563,-9.70106892249882e-15,7.46499077207019e-15,6.3524780678243e-15,3.859815607965e-17,2.35450171814639e-09,7.53341464682701e-09,-1.70342432274275e-15,1.90343669268898e-15,1.57601304950382e-16,-8.18888651390683e-09,-6.66228291299564e-11,2.87440164691591e-09,9.98635379418647e-16,3.67547246978017e-15,7.92877048738649e-16,6.25927229906128e-08,-1.87492838147059e-09,-8.34440131984133e-16,-2.58964811995931e-10,6.15170424915532e-09,3.38021517072694e-16,-1.00271407341694e-15,3.50361994572222e-07,3.38520552140408e-11,1.4773336313008e-07,-4.48604223604029e-16,-1.24253589517037e-09,-1.7231966169171e-08,-1.4648462618096e-08,3.73018691835343e-08,1.95913259854246e-09,-2.44938846862277e-11,6.29989644527989e-16,8.61734652293335e-16,6.75572311401922e-16,2.06870187509644e-10,-1.96100300707485e-10,-2.03861856208379e-05,-1.6262167382479e-10,4.36960475532311e-16,3.20692161054168e-16,6.82972841593816e-16,-3.94510637312984e-16,1.50295859247974e-15,1.15960959050899e-09,-2.25226513852137e-16,6.38113964108859e-17,-2.25762685159689e-08,-1.29251621716461e-16,-2.08634238441374e-08,1.12636345710266e-17,-4.94894898774372e-05,1.09516524179985e-16,-3.49869611741597e-06,-4.39786227822375e-09,-4.06385570611629e-09,-2.45144439779006e-16,1.55742283629464e-07,3.4689552517096e-16,2.61125869380568e-08,-4.62285908622815e-09,2.5691069536152e-11,1.12652483079276e-15,1.46889997628177e-07,8.38264414730083e-17,-1.11641641979353e-08,-5.71347522421674e-09,6.92138092358741e-16,3.33264912482931e-17,2.13588904887167e-16,1.37063204457016e-16,-9.02459202307558e-10,-2.71286282232941e-08,-6.12791167574619e-09,1.26803872311193e-16,3.70840037501337e-16,-6.61230600259277e-10,5.40560184808525e-09,4.93603619279732e-17,9.36762040121585e-16,-1.14190408821787e-08,6.10153305902241e-17,-2.04525043276714e-06,-8.4184508958446e-17,2.11143796885608e-08,-1.95101390011985e-16,-8.41159554965518e-16,2.03640197032602e-16,7.77695832990601e-16,1.43154033568514e-16,6.17111930859723e-16,4.29770435222202e-10,-3.00775533167299e-09,-2.39732447228738e-17,-2.03369999418773e-09,8.60789745923449e-08,1.42644132438865e-16,-7.37111550876617e-16,-1.17343743247472e-17,-7.22302428532657e-16,7.45300483360868e-07,1.31252647023869e-08,-7.9556084643791e-16,-4.77658015161447e-16,-1.61140196901416e-08,-5.20994824651489e-09,-7.91310903200106e-11,4.79802094658071e-16,-3.36600837840862e-16,4.16656737112564e-16,3.82638239349718e-16,9.87528262675914e-16,6.05311817919806e-18,3.33487068350624e-07,-1.15920126378626e-07,-6.11671997746582e-08,-6.30777166015761e-16,1.13860832510417e-15,4.4630859363117e-16,4.21416551769177e-16,5.0893002726849e-16,-1.08297498812945e-16,7.20745061797498e-17,7.21984441001693e-17,3.82293359509224e-16,5.77179292045017e-16,-4.18507041265473e-16,6.30109329969945e-16,-1.3742278625102e-16,-4.63124510624024e-16,3.48048784491773e-10,-1.31859567937648e-16,-1.52103424080909e-15,-4.71739641354408e-16,4.96609953531458e-09,-1.20551496329384e-05,8.60930067211485e-16,-1.28424693911283e-10,4.59152605898756e-09,-2.03814506718556e-16,2.77091826865336e-16,-8.95264932711853e-09,1.08444663230421e-16,1.15825719435329e-10,-1.28510573027186e-17,3.31567389644796e-16,-5.83001893439012e-16,1.37082483461587e-16,2.30997110916982e-05,-1.58723061758029e-08,-6.76300523259635e-18,6.31271558427243e-16,-3.79943041912116e-16,-1.86237148395931e-16,-4.51136523971218e-16,-1.7300555008842e-15,5.9445744240759e-16,5.75322498002355e-16,2.03166728567482e-10,-8.62825534171486e-16,-7.80921698324944e-17,-2.1567590127503e-16,3.78909406924989e-16,1.65240112168748e-16,1.28260250773614e-15,-4.46896124977532e-08,1.21644368408266e-16,-3.5818115174509e-16,3.02950939657677e-09,1.28478188378612e-15,2.2074440268192e-15,2.78836071649305e-16,-8.05938355866306e-16,2.58733702672573e-09,4.73215756782683e-17,-1.78441066886407e-06,2.41351098563283e-16,-5.61573540401059e-17,2.81675709825364e-15,-3.72197500210091e-16,-5.59349838813852e-16,2.16317174663245e-15,3.13013469481991e-09,-3.3565529397918e-15,2.45287381317115e-15,3.97656716095826e-10,-3.93197036658919e-07,-6.1324448824058e-16,6.80210985843212e-08,9.2601456961518e-08,-1.28997271491461e-17,1.69837985696789e-15,1.80240890790754e-15,-3.10077422898714e-17,-7.27036742259177e-15,-1.589385114374e-07,-3.09895849846035e-15,1.70945060999023e-15,-9.99124581031808e-16,6.39710550879268e-08,-3.10808822803951e-15,7.86984440671808e-15,-9.96565619461495e-15,8.90468401805912e-15,-2.93472893884422e-08,-2.89909144828819e-14,8.67127395705043e-11,-6.65582156479025e-14,-3.69354888862431e-14,0.707106781186547,1.82687681816483e-14,7.68550452097568e-15,-6.27199062651094e-15,-9.47641532800068e-16,-1.52135271879714e-09,2.23695123344432e-15,4.15395958444939e-15,6.41339372670381e-10,-6.71340629027941e-15,-2.30693109445066e-15,-5.70898118801391e-15,3.08219353889321e-15,-8.82784283319508e-16,-2.77993510785242e-15,-4.68831909976e-09,-5.60204734810246e-15,7.06673987973716e-15,1.40117552863523e-09,5.86800531347291e-15,-1.09640060194214e-16,8.26933814923964e-16,2.72445485741943e-15,-1.40159440619363e-15,-2.83618607765346e-15,1.31671348443907e-15,-1.38397549727227e-15,-7.06246971587699e-16,-7.11155306275437e-16,2.982181464552e-16,-7.44851885970489e-10,2.47378668570006e-09,-2.77507162069282e-16,6.19287124963929e-16,-7.04890340623842e-16,1.1341572830535e-15,-7.41919546631831e-16,4.94631049178852e-16,1.64519755555435e-15,-7.44487665621207e-16,-2.37668276572208e-09,8.79277086388305e-16,-6.12959648558978e-16,4.55341131030642e-16,-2.25638721616099e-15,2.78509804219745e-10,-4.65590721755133e-16,-4.44866522355572e-11,-2.00612120857675e-16,-7.84492391419654e-17,1.07252085281568e-15,1.40345882450435e-15,-8.57416205621888e-16,-1.47433177761414e-15,-6.96822651534325e-16,5.4234479947277e-16,-5.59069030333264e-16,-2.32733686676246e-16,-1.34751614464486e-15,-3.0139346656974e-16,-3.77177209162176e-16,2.19260797147128e-16,1.03794418892718e-15,-1.43017033431399e-15,-1.89615146833181e-16,2.20126333920731e-15,-3.40996310689843e-16,8.80981310693582e-17,1.11889664200504e-16,1.7927032114234e-16,7.64800158002196e-16,3.93405054866696e-16,-8.72789311724678e-16,2.20664679136898e-09,1.83448472260565e-16,5.93051422501245e-16,-5.65143868622161e-16,-8.2009236523951e-16,-9.36777317163926e-16,-2.3700798256595e-16,-5.62042074814941e-16,-2.51493805561828e-17,-4.56491475581797e-16,-3.90269678615621e-16,-5.12827627585644e-17,4.58227756718981e-16,-2.02273704728306e-16,-8.03224754053507e-17,-1.33870747676355e-15,-3.56848352680078e-16,2.66155893229539e-16,-2.6135435587599e-07,5.06782670993172e-17,1.9529817424279e-17,-4.9536526129541e-16,2.76365309160857e-16,2.07258856473883e-16,8.99105916149656e-17,1.32513585046916e-16,2.01559144981453e-16,1.90696617495737e-16,6.71452398762203e-10,1.56958987447059e-16,-1.73571390284637e-16,9.0538859935129e-17,-4.15164653162855e-16,-9.14729342225906e-17,-1.06877521656076e-15,2.77327254728715e-16,-1.9496751625146e-16,-2.30977910176722e-16,2.97760048104022e-16,-9.91936737205369e-17,-3.32003001682158e-16,4.11956386407771e-16,3.17266538082636e-08,-2.13643245846708e-16,-8.86252444109126e-17,2.2005455587008e-16,-1.36392633298676e-15,-9.48661000303939e-10,8.64676366424911e-17,2.36068253314003e-16,-1.97500849482962e-16,-3.38700062040306e-16,2.25792982068899e-17,-5.87214004975738e-17,2.85078346824828e-16,8.11224244093572e-18,-2.59803688977052e-17,-3.25769895661326e-16,3.98763773593164e-16,1.46560830968536e-16,9.19426040746169e-17,3.05374923379411e-16,1.08763202007927e-16,1.08597577989045e-16,-7.33512512823923e-16
"t745",0.0394482505960308,-0.0136215492829495,-0.0150808150922472,0.00104632109709414,0.0121576706316397,-0.0500969415508237,-0.00772395332086272,-3.03168566643387e-05,0.0946051962211852,-0.00596835384580092,-0.0128286805975324,0.00108625412844082,-0.0024166211185784,-0.000543746425448926,-0.0177315580300378,0.000549857467268874,0.000412380495892189,-5.61392509070219e-05,-0.0311262167716448,-0.0556636472292209,2.46862314395968e-05,-3.35545925961662e-06,0.000148847160125524,1.82645834470412e-06,-2.58541672708366e-08,4.1451713703112e-05,-0.000515313269063625,-2.95104101415014e-06,-2.84143276726902e-05,0.000669048461501985,0.000155872206802234,-0.00426733827699031,-2.96058779796935e-06,0.00428738877368467,-0.0342626133620393,0.000264267111449281,7.6209402528454e-06,-1.2336266973639e-05,-0.00135442402877767,-0.000277306854647614,-3.47859089491505e-05,0.000793834718938478,-2.36613164547421e-06,0.000157221576248602,-5.51958581019923e-06,1.05936357274648e-06,-2.04537037135997e-07,3.24043977546259e-06,-0.000740960630812359,0.000660700045471386,6.63644056861151e-07,-1.85921969168785e-07,7.16418128277878e-08,9.06334768693839e-09,-0.000249903620733005,-3.11936946756869e-06,5.54867202574327e-06,-1.66423712409205e-07,1.46852959382608e-06,3.26854049948204e-09,1.69313449212775e-08,-1.47617537285672e-06,1.25110103610941e-06,-1.01732199853242e-06,1.88614620233867e-05,-6.69846235304618e-07,0.0786780742919761,3.92512425851552e-05,-6.49168766143478e-06,1.80383755859369e-05,1.56847324468486e-08,-3.34660928298473e-07,1.3390305577884e-06,1.13742578904784e-06,-4.93353252340891e-07,-5.53765257030153e-06,4.95282098903448e-06,-8.87930776716042e-07,0.000381235305580884,5.52516225946605e-05,-4.69460194918188e-06,-0.000390371158410184,0.000971016397723592,3.5443446664312e-05,-0.0728032371301549,-0.000208519726835549,0.00038444505731492,0.364627612927925,-5.44930358729129e-05,0.000603767084783499,-0.00180419226822975,1.90964392544728e-07,0.000125936494947071,-9.16988261528996e-05,-1.94666329197004e-05,-2.4066525581517e-05,-2.83682991244e-06,1.92558462179097e-05,-0.000250747255636152,-0.0370720994563491,0.000118126657058691,-6.97908920356501e-07,0.000130081011068188,-7.15854545019921e-06,6.33121226128807e-06,-1.4627426253126e-07,2.55357055960946e-05,-2.8334506384783e-08,2.36529345267205e-05,-3.33256486447463e-09,-7.59684571745621e-08,2.25868689655787e-07,-8.23122377070822e-08,2.97155516610072e-07,-3.4228661137439e-07,4.5645943498226e-07,-5.29673851912917e-05,6.15161155026923e-05,-9.80048411942996e-06,3.60683847616293e-06,-2.09334738570766e-06,4.53592081405021e-06,-0.00049718015279753,3.9039721384883e-05,2.20978308230834e-07,-6.38543682898783e-06,6.65841958691522e-07,-1.64199541126471e-05,1.61176183319748e-05,0.00056109560652697,4.16207297999168e-06,-1.60193476704107e-05,1.29057490227127e-06,8.50706046325543e-05,-3.56679218997637e-08,2.37028989806278e-05,-0.000827905619194916,-3.15298546042368e-06,0.00699680622167441,0.001713630725508,0.000282805287415067,4.11309095723922e-06,-9.85799779094166e-06,-2.03151859412966e-07,-1.14303335776174e-09,-5.88798408629411e-06,-1.35276486204166e-06,0.000126465581840727,1.03684747670179e-05,-5.09871610484586e-06,-7.55171500473571e-06,-0.108447311190055,8.82791206438325e-06,-0.000982573243556189,4.13079359337397e-07,7.28893219083233e-05,-3.62921646009612e-05,4.3070111242417e-07,1.10705997538046e-05,1.17760485867109e-07,-4.741739128741e-09,3.83753479871616e-09,-1.60607003448394e-06,-2.23512399653035e-07,2.29279974013607e-07,-1.97663386253465e-07,6.07336182177454e-05,0.0036426317473429,-1.61612456722194e-05,2.75700546625899e-07,-5.68196354287619e-07,-1.01391707868963e-07,1.33943857288109e-08,4.9154357077519e-06,9.12708901465603e-08,1.87833121073744e-07,8.27274541451404e-09,-3.43468656008561e-07,-1.56535039291137e-05,-1.77484737088565e-06,7.30572022646275e-06,2.12094685988543e-06,-4.59356175466833e-07,-1.90904391022214e-09,-6.08595235060567e-08,-3.12291959355428e-08,-0.000277203597710551,0.0265500701463227,-0.00492869954026213,1.19082391310674e-06,-1.33593781836596e-07,0.000412889550348139,7.71295718152335e-07,1.59076768101837e-10,1.75524864219575e-08,-4.38365587679429e-05,-2.65076655728099e-06,-4.57261590591567e-08,5.21259388831857e-05,1.01078122204466e-06,2.38011505555564e-06,3.6006068056608e-06,-7.66343185116691e-08,-4.91544339242491e-06,-0.00187012766154684,1.01794809726934e-06,0.000166437585732787,3.27194341085378e-07,-2.53194844353969e-05,-6.28629631130521e-09,-0.000136784588890541,-9.00363196290225e-07,-3.09355560322016e-06,-0.00140863290113839,7.92362364286492e-07,7.65383999566766e-08,1.47695458633573e-08,1.05102486382542e-08,-3.70303206673961e-06,-1.67413488214831e-06,-7.78249773150695e-07,9.63461548297914e-07,2.13466771704698e-07,9.11003623947663e-07,-2.74887870837235e-06,-1.57210120514206e-07,-1.48991528273195e-05,-8.43921439680323e-08,-1.83308308549522e-05,-5.97795604445469e-06,3.23044100263883e-07,6.68392893092326e-08,2.03395127146644e-06,7.50146888198903e-07,-4.29547070307971e-07,-7.71824833668254e-09,-3.39652509317106e-06,-2.44365624945054e-17,-3.19974802376707e-08,4.56970296192592e-07,-9.29004868142492e-08,-2.38614816332636e-07,-3.20816148946515e-06,4.43626313194627e-08,-6.25961007174795e-07,2.78235341134103e-07,-5.33930051828259e-07,0.000129267261079319,-6.95592081418874e-08,2.8052848531837e-05,-1.82876075982002e-08,2.01163364511171e-06,-1.71099887686e-05,7.2392490925378e-09,-4.75581184676555e-10,2.27099976861226e-08,-2.15346843708449e-08,3.39142116461369e-07,8.6753865919825e-06,-1.65135284513537e-06,3.25637980415666e-07,-5.93887022237145e-06,6.96992905839056e-06,-4.24933851557491e-07,4.39704383035922e-06,-1.49108390040298e-06,7.2073154133744e-09,6.39490519109283e-05,3.18530154878446e-07,0.00624594780939998,-4.52044743623743e-10,-1.1110219094763e-06,1.0523361454737e-07,-1.63895564749331e-07,2.60829249271241e-07,-5.06462081364708e-07,3.97360019249488e-07,-2.92608599566495e-08,5.69469465375809e-06,-2.4848913631231e-08,4.0966710112979e-06,-2.91462106949355e-16,-1.01790612267427e-05,-1.0141537582963e-06,-1.0896436440439e-11,-9.68098297138316e-08,1.44616652854964e-07,-9.03816266839466e-08,-2.57764573620134e-08,3.38941844914915e-09,-1.55190440119789e-07,5.9165748359702e-06,0.00507611285640955,-1.59887774191137e-08,9.95724430091554e-06,-0.000255365963904647,6.62953866209765e-07,-1.41889756520778e-05,2.125692924221e-07,3.72337277979037e-07,5.75081008372335e-09,1.81298119926238e-05,-3.24297901704091e-06,1.52886851876656e-08,-5.35069858826498e-06,7.48144613640856e-07,-2.9094005067688e-06,1.79091093942136e-05,0.0487535106932197,-3.43974737442303e-06,5.50505739861985e-07,3.09198593883386e-07,1.6191438075491e-07,-3.59070249516056e-06,0.355930911116149,-2.70692457453451e-05,4.01225316917819e-05,-6.96915343210173e-16,-2.5085531219149e-05,-3.64305388603128e-08,2.87749295549942e-09,-9.05456526071991e-06,-3.79677228281388e-10,-1.8277552038971e-06,-2.34322805008418e-07,2.23243674176896e-09,2.14168616455062e-07,1.63736565259614e-16,-4.74500333522558e-06,-4.08656834351514e-10,-0.000481528374117644,3.83024143508801e-09,1.77645405901454e-07,-1.51785555066265e-05,-2.39513224042799e-06,6.82519900779255e-07,-7.67508941989012e-08,5.31490283508754e-06,-1.8018034805665e-08,-1.77469077621801e-06,-2.413891202027e-09,-3.88964715688014e-10,-1.94560383399965e-05,2.83116838493677e-08,-5.76180113220389e-06,-1.78029282697848e-16,-1.77563683441048e-07,1.44476470765285e-08,4.16525774727866e-10,4.16983522753681e-09,-6.4785552467604e-06,-4.66325003987871e-05,2.72679790973146e-07,-1.08274622746021e-06,-9.93282171423297e-07,7.43866731253802e-16,-0.00922476946578141,1.2684970318203e-07,6.05696993080682e-06,-4.29912681778872e-16,-2.33456480119717e-07,-1.59353908227571e-08,1.49103708203856e-09,-9.2069449191761e-08,-3.24758983732788e-06,-2.74056084900777e-07,-1.10520485557598e-07,4.95679378213554e-07,3.70558219073982e-08,2.37216586628031e-09,6.53501222603306e-07,1.99455071409176e-08,-1.21453405948771e-16,-9.64108832862343e-09,3.6560470402207e-07,1.65410563496469e-07,-1.10476187857321e-06,1.2310196660101e-17,-2.49536759871257e-08,5.06184112572354e-09,-6.14118284759656e-07,-9.45558884630893e-09,-0.000342423671196902,2.75389731573654e-08,-3.99364980388031e-07,2.3599486598368e-06,2.25941783750819e-16,9.07094154173914e-06,-4.32215159426597e-08,1.26821722065011e-07,1.38258062972116e-05,-1.81932332644785e-08,-2.30806519836845e-08,-9.0205620750794e-17,1.92067721104779e-16,-2.17537895650787e-08,-2.5618344381761e-08,3.38931860668385e-09,-3.56300664106827e-05,1.43297401614175e-15,-1.85016228141772e-06,-2.21938464138368e-08,6.20519539677942e-16,2.47167820879571e-16,3.70942135074552e-17,4.611149985776e-05,1.31539209960378e-07,-1.49866966581457e-07,4.64631204555563e-06,6.61240658925693e-07,1.2502253168562e-07,-5.43775085408804e-08,2.99437745971116e-16,-1.24370881081216e-08,3.5485778587085e-08,-7.24290632959595e-16,-1.12929646412228e-15,-2.37940283920921e-08,-3.35645765605658e-06,-1.46957506932327e-08,3.78493516093531e-06,1.66334098206261e-08,-0.0014384678155887,6.03356598852928e-16,-1.96236647108558e-07,-4.36994076353555e-17,-6.93707328796278e-06,-9.64506252643105e-16,-1.7274711063493e-08,7.6345357565393e-16,7.2732892228712e-08,1.92428915764407e-08,9.08754328532676e-07,1.26863172557921e-06,5.63578406471438e-08,-6.64593461196743e-09,4.31751639294438e-08,2.7933556858635e-08,7.57943398510541e-05,2.709861345808e-07,1.65831558143238e-08,-4.94275480663502e-08,-8.71111941158414e-05,-7.7476827199347e-07,-2.55665503658886e-08,-5.7455497481181e-16,2.55724086507755e-07,-4.71110729343424e-08,3.06947631679201e-08,-6.57817001146854e-18,0.00136640792162658,2.02719714299202e-06,7.00173765158487e-07,-2.03419085618548e-15,-1.77263198210498e-07,-0.00123723154573849,1.07393218186691e-15,-1.49134323339917e-07,1.09699405414812e-06,-1.33595304253463e-15,1.16399288344905e-13,-4.79354034003691e-07,-0.297648273909499,0.00125601798624251,0.000755134135682727,-2.40339206882416e-06,-6.03608264275267e-08,-5.78203179821904e-06,-2.90620021384608e-07,5.25717363522288e-06,-9.21170691808859e-15,-8.73350497967672e-10,-5.84190207291976e-07,-0.000380667920230211,-1.41364234909968e-05,3.80559901300742e-13,1.78630878211866e-16,-1.84251754944656e-06,-3.6491803979115e-17,-2.16733208897678e-15,-1.15271277149649e-07,1.56883406813106e-07,2.93244265612769e-08,1.39336784856613e-07,-6.22464006639943e-07,-1.6184166409422e-07,-2.00669717396285e-07,5.63407113286713e-16,-7.70586649886545e-07,-7.5816621970266e-05,-1.50281332768098e-07,1.28055817723128e-08,-4.07252129020904e-08,1.10796301527562e-16,-3.26025871379407e-16,-1.79760897801897e-16,7.50824509727708e-06,1.02116484348161e-09,6.53110421532703e-08,4.40548632209257e-16,6.43517637803967e-10,3.84164124888573e-17,-7.97610107275642e-16,-2.57166172664489e-08,6.21488501463847e-09,3.65809812996609e-16,1.59207762823619e-08,-5.47145959871727e-11,5.91723171635214e-16,1.33488530461527e-09,4.59204528572993e-16,1.0184547744193e-07,1.3168306320613e-15,1.06199761327773e-07,9.05461324954491e-09,3.40016098149543e-10,3.52305316698878e-08,2.67309222447488e-07,-1.72625825933066e-09,7.25670002066144e-08,4.75993154845712e-16,5.79625317079265e-08,-3.36669718600641e-09,7.68867124207854e-16,-4.60463378616373e-10,-1.002743694523e-08,2.46926692927924e-09,-9.90295971061558e-16,9.58849999525425e-09,1.31633399810994e-08,4.31531449156548e-16,-3.83806552085234e-07,-2.98554582653968e-07,-4.46880806746784e-10,4.22352821243822e-15,-1.75011113994342e-16,1.00710671165009e-08,3.59292331810641e-07,2.97585514698539e-08,-9.09975991989735e-09,5.1721536182796e-07,3.80620569275585e-15,-1.27160520118862e-14,2.19007605816258e-06,6.72648272134902e-09,-5.95820279882371e-15,7.52841513324859e-06,-3.10894411463908e-15,6.15573173598602e-08,-1.52081816829632e-05,-0.321315435062126,0.000311121243227085,-9.87526328287175e-15,7.07958327611891e-15,6.77083696938238e-15,-4.78203617290281e-16,2.35450186657039e-09,7.53341360141364e-09,-1.73173251243543e-15,3.5557347266723e-15,-9.244511206144e-17,-8.18888659003335e-09,-6.66231195629613e-11,2.8744016725839e-09,1.04313046344768e-15,2.94878596367176e-15,-1.61004022614097e-16,6.25927227607646e-08,-1.87492892779474e-09,-1.06395849424573e-15,-2.58965314125348e-10,6.15170328133209e-09,2.33649116473889e-16,-1.00540741601164e-15,3.5036199442773e-07,3.38517761421221e-11,1.47733362897487e-07,-7.85521225488709e-17,-1.24253542685697e-09,-1.7231965724234e-08,-1.46484628540841e-08,3.7301869714141e-08,1.95913190883002e-09,-2.44940777205282e-11,1.83735619354353e-15,6.52155428344187e-16,7.19216714334571e-16,2.06869766920198e-10,-1.9609988724367e-10,-2.03861856199171e-05,-1.62621566463601e-10,1.19870906345937e-15,-2.18818835110935e-19,1.00844221990176e-15,4.82358646620828e-17,1.45146569640421e-15,1.15960840655848e-09,8.46030489493723e-17,-4.98015713869289e-16,-2.25762690742162e-08,-1.88126814385094e-16,-2.08634237351715e-08,5.26138752005991e-17,-4.94894898780747e-05,2.03013123204332e-16,-3.49869611826467e-06,-4.39786301356792e-09,-4.06385682878556e-09,2.70034340885816e-16,1.55742284081435e-07,1.34435581308384e-16,2.6112586753227e-08,-4.6228584022025e-09,2.56914764531987e-11,-6.62085150921395e-16,1.4688999822291e-07,-1.03652004574872e-15,-1.11641641906923e-08,-5.71347398368466e-09,6.99055931729422e-16,3.54770526121765e-16,-5.09055034803807e-17,-3.26853306465954e-17,-9.02459351276598e-10,-2.71286277692841e-08,-6.12791072206004e-09,9.43630629700441e-17,1.29303138645761e-16,-6.61231056186064e-10,5.40560186673353e-09,3.64355327712489e-16,-6.9950775043043e-17,-1.14190412082464e-08,4.28649177914867e-16,-2.04525043250699e-06,-1.864884127788e-16,2.11143791838319e-08,6.63050214955335e-16,-1.49794703351018e-17,4.18838629087016e-17,1.50053382976622e-17,-5.14464519892176e-16,3.54599479846652e-16,4.29769027488119e-10,-3.00775604606714e-09,-6.1967522437425e-17,-2.03369979279721e-09,8.60789747248505e-08,-8.04561970074613e-16,7.06839600564808e-16,1.9395944839786e-16,3.76055233523714e-16,7.4530048419969e-07,1.31252654806769e-08,7.63043128643764e-16,4.32171808233205e-16,-1.61140202720411e-08,-5.20994949513964e-09,-7.91320409810818e-11,1.48648074599216e-16,5.37992753651331e-16,1.14469555752711e-16,-2.22251370899111e-16,-5.54170654167847e-16,-1.62044967287166e-16,3.33487067961977e-07,-1.15920128846008e-07,-6.11672015499031e-08,7.61821786887876e-16,-1.12897311166923e-15,1.06635968290731e-16,-4.65998589809241e-16,-8.22780164674614e-16,7.20326129017535e-17,-9.0324186054856e-18,-1.30420509758614e-16,-3.98566132656388e-16,-3.92116151533012e-17,7.70855966624894e-16,-6.88318291398105e-16,6.45988683357682e-17,8.47826057922025e-16,3.48048088096389e-10,2.44639016641939e-17,1.0428870435451e-15,2.56260128674229e-16,4.9660987143524e-09,-1.20551496336096e-05,-1.27625787182198e-15,-1.28425483209194e-10,4.59152738764095e-09,5.65797576145023e-17,1.77336250223574e-16,-8.95265020117583e-09,-6.78622759868614e-16,1.15825024104904e-10,4.4738815357504e-16,-5.68932025151398e-16,4.56968567084542e-16,-3.67411307125845e-17,2.30997110908295e-05,-1.58723045064141e-08,9.37900471871966e-17,-5.70354431375791e-16,4.95708158537851e-17,1.31150006145204e-15,-2.32236105346395e-16,2.13279325173766e-15,-3.84826939556021e-16,-2.17340537379986e-16,2.03165208985905e-10,1.34032890189235e-15,2.5578011243661e-16,5.4385020613493e-17,2.14275978970606e-16,6.12260813941245e-16,-7.79732136414952e-16,-4.46896167159133e-08,-1.04596041150106e-16,2.78921573338291e-16,3.02951091527861e-09,-1.04272903034095e-15,-1.32729867443777e-15,-1.98373397451465e-16,6.38836720158948e-16,2.58733565275153e-09,3.97443259554768e-17,-1.78441066871333e-06,-7.57360852903973e-16,-1.56539196322572e-16,-2.76174442184826e-15,4.77525411926452e-16,2.64991606346699e-16,-1.66841239688261e-15,3.13013317859498e-09,3.64077979380717e-15,-2.78658095739796e-15,3.97656882544788e-10,-3.93197036998275e-07,6.21423809186161e-16,6.80211016715842e-08,9.26014500087216e-08,-1.7575213462322e-16,-2.26291533518939e-15,-1.91858346982877e-15,2.00845910562129e-16,6.80414501921256e-15,-1.58938512126456e-07,3.05815937916384e-15,-1.77642878114011e-15,7.32660501670832e-16,6.39710557448994e-08,3.01879088904715e-15,-7.69489416683317e-15,1.01028031549528e-14,-8.90090314134235e-15,-2.93472773715962e-08,2.90975533207531e-14,8.67044297926221e-11,6.66183376109029e-14,3.7216065687921e-14,-0.707106781186549,-1.84334247478457e-14,-7.4449558181357e-15,6.14728179405972e-15,1.10395871295412e-15,-1.52137174798329e-09,-1.86444532945349e-15,-4.05417505446323e-15,6.41330655345175e-10,6.15998301133456e-15,2.38631421037269e-15,5.60181572434552e-15,-2.81028433298637e-15,1.25430890384982e-15,2.51675851104597e-15,-4.68831395971666e-09,5.08258481606934e-15,-7.31733896334811e-15,1.40118183245924e-09,-6.05382735546864e-15,1.81629103365712e-16,-6.86838714437297e-16,-3.08860864630788e-15,1.48407150032807e-15,3.21444745694648e-15,-1.27616558315418e-15,1.1946348836478e-15,7.06258889117727e-16,1.05649511456626e-15,-1.1057080900099e-16,-7.44853647882791e-10,2.47378139809313e-09,3.26503313458942e-16,-5.48811253316838e-16,5.83610871506691e-16,-1.39586818765647e-15,1.41043860618639e-15,-4.31069693745925e-16,-1.87547283229237e-15,1.04929862897986e-15,-2.37668449831455e-09,-7.3556353282714e-16,5.12874856847361e-16,-6.33912177911703e-16,2.56549780711792e-15,2.78512025533469e-10,6.61354483840862e-16,-4.44871720695601e-11,4.21485259903366e-16,2.72835201484797e-17,-1.179026430734e-15,-1.36993038305581e-15,6.59739754922669e-16,1.51208478052759e-15,5.31499293339893e-16,-8.20612899837507e-17,3.60612416963154e-16,1.49504843175935e-17,1.35938834960769e-15,1.92600026785364e-16,5.95777021955748e-16,-2.66212867493997e-16,-1.13936385626581e-15,1.4364325197824e-15,3.78514080217127e-16,-2.33475407679708e-15,3.81500002326672e-16,-2.02488486465812e-16,2.9468615048156e-16,-1.33516437489558e-16,-1.07918379190684e-15,-4.70085623936889e-16,6.94396679151681e-16,2.20664690667847e-09,-3.62457781368946e-16,-7.83397445577728e-16,5.82920286900231e-16,7.69683743822407e-16,6.38736121997057e-16,5.38540754344043e-16,9.40933078433563e-16,-1.23563944167426e-16,4.68876127718921e-16,2.87744433779045e-16,-2.68448457907411e-16,-7.54865953608836e-16,2.80436325257797e-16,-4.19481423036605e-17,5.3877651720071e-16,2.57670097861837e-16,-1.33770361016304e-16,-2.61354354910096e-07,-1.39472152560505e-16,3.57112764467084e-17,5.40350397559052e-16,-1.62484121980135e-16,-5.03861105320676e-16,-3.70655414339704e-17,-1.70165826091484e-16,-1.33138577592787e-16,-3.24882222268897e-16,6.71452263138053e-10,2.13866048975392e-16,3.95115812032704e-17,-8.72698665283265e-17,1.17086623606146e-16,-3.10611118705872e-16,7.86728563437632e-16,-1.31941728181825e-16,1.50215499957902e-16,1.7938187978027e-16,-4.87391209844076e-16,1.77616859382965e-16,2.42774314772723e-16,-2.0471281939566e-16,3.17266538407796e-08,1.59023167364897e-16,1.8855814347728e-17,-2.51632534033183e-16,5.36680075380325e-16,-9.48661111260058e-10,-1.74518612125644e-16,-2.52076284516601e-16,1.68703014596785e-16,2.68387950959952e-16,-5.93288561376962e-19,-5.68533988800724e-17,-1.15416882845205e-16,1.01118710659025e-16,-1.27698014991275e-16,1.79440697863135e-16,-3.76820716622475e-16,-8.02898143797789e-18,-2.62787198548674e-18,-2.38844524849827e-16,-1.7148228390305e-16,3.15509604734362e-17,2.31245749652343e-16
"t211",0.0361466064714726,-0.0111626689755004,-0.0122664311783843,0.000780487117161158,0.00832261783886088,-0.0313088601228384,-0.00476508069833636,-1.76870217297188e-05,0.0472046665329649,-0.00224881977140905,-0.00227493665579564,-6.47274492247981e-05,0.000237303337095291,6.46898963406759e-05,0.00320127825906386,-0.000148303600140256,-0.000127311239860476,1.9051755866451e-05,0.0118177823001107,0.0299627305559979,-1.75067502318722e-05,4.10018011283851e-06,-0.000209009144013112,-2.60129839989211e-06,3.71827881901149e-08,-6.67779872510679e-05,0.000853803480988932,4.99423657177749e-06,5.11691038639192e-05,-0.00174082611686931,-0.000462264134750357,0.013779258830625,1.0767253049358e-05,-0.0166051882495222,0.138280454805581,-0.00100395759338792,-2.78063391391636e-05,4.17869369360864e-05,0.00439497074730253,0.000792505220571655,6.00276928647626e-05,-0.000143047634015785,-2.77671596206373e-06,0.000204744216715785,-1.92093637653244e-05,2.26265192147213e-05,-6.7774921823357e-06,0.000131760698057074,-0.0540718846838803,0.0962321008648053,0.000317144235713245,-0.000211773096894612,9.70705190055069e-05,-6.32985163630355e-05,0.331369158210472,0.00408735184352905,0.0297454408144616,-0.000498876901078948,0.00434418322773689,-6.68310171059701e-06,-5.89624586046735e-06,0.00029765013571539,-0.000171146649343103,0.000126827670633824,-0.00121402411265472,2.33110547871922e-05,-0.012203257527267,0.000405901190681891,-9.75642007557852e-05,0.000434008192183085,-3.49202360996426e-06,9.050974033305e-06,-3.10060310000639e-05,-1.97643375158397e-05,8.28910924540282e-06,8.31034070670476e-05,-7.11416968261831e-05,1.0362351348753e-05,-0.00285382343436745,-0.000346514264633113,2.16038504566042e-05,0.00167584929156603,-0.00237776491657377,-7.09934672427109e-05,0.0175787451285672,0.000135366365256392,-3.38909832034528e-05,-0.011509914659147,9.42565267718551e-07,1.07236226746295e-05,-0.000245075991142685,1.86861538396289e-07,0.000131051822714429,-0.000129420760239769,-3.67207835442772e-05,-4.67359308005184e-05,-5.51605916272537e-06,3.97970622035363e-05,-0.000527896574355504,-0.0820918862008328,0.000266214210039599,-1.5734595776382e-06,0.000293329924416051,-4.03780560109543e-06,-2.87141335321307e-07,1.05171984521927e-07,-7.0788896580745e-05,1.05343860482125e-07,-0.000147901200890267,5.40660972560151e-08,1.93168051194564e-06,5.05046296464502e-06,-1.60484470837537e-06,2.38394860774229e-06,-2.60220995640276e-06,3.21448866564593e-06,-0.000364742972961525,0.000407528930115434,-6.38396868672768e-05,2.33949552626263e-05,-1.3578292583558e-05,2.97310429313928e-05,-0.00330370169938896,0.000259574573513134,1.47278474968046e-06,-4.34037143000888e-05,4.53427883326382e-06,-0.00011418319953176,0.000121423196274192,0.00423163957514747,3.16429221475991e-05,-0.000131607931544836,1.0794571856584e-05,0.000721321899689725,-3.21979179362072e-07,0.000216046209941516,-0.00911739465683501,-4.46533467920057e-05,0.229315393270062,0.0589708446846185,0.0143296537929613,0.000281573741512503,-0.001713551264552,-9.43366327447377e-05,-5.43162265444644e-07,0.000210011224169086,1.06282273486053e-05,-0.000314513763888123,-1.81782074879375e-05,2.60131763297856e-06,3.2290221722651e-06,0.00618125896480623,1.26784871946655e-06,-0.00035203408434975,7.78115169362197e-07,0.000151743798662406,-8.04991792545788e-05,2.71243957924861e-06,0.000117507435627286,1.43347330031423e-06,9.81055919927292e-07,-1.31185179714088e-07,4.98169482038692e-06,5.65480416191772e-07,-1.83958885632358e-08,-1.85740074759811e-07,9.95287598207988e-05,3.28813379507636e-05,8.60036711087257e-05,7.1474921486792e-07,-1.46121386779004e-06,-2.61360603519671e-07,3.60667010087581e-08,1.34152287175234e-05,2.55638297139303e-07,5.29066198550017e-07,2.33662308258091e-08,-1.00563031328745e-06,-4.59141215745815e-05,-5.18278157013589e-06,2.12079009688316e-05,5.9799822769595e-06,-1.2731752453253e-06,-5.18195369489535e-09,-1.61251280091488e-07,-7.27621425915639e-08,-0.000614970039516652,0.00100581524641559,0.000528114177381728,-2.67304554975111e-06,-2.16757853757793e-05,0.00160377979713495,1.42735125441813e-05,2.25888538613202e-09,2.31427167100504e-07,-0.000539104573918428,-3.261428367639e-05,-5.69721351478757e-07,0.000656901763785113,1.5302830356477e-05,3.64985024888623e-05,6.32044798522015e-05,-1.60207504200451e-06,-0.00010192737478,-0.0369114796896019,-3.48292220410957e-05,0.351804586824885,-7.49651965015366e-05,0.00112135755983587,1.24733973671105e-07,0.00177582165205641,1.0443510660508e-05,2.25626778038339e-05,0.00769583057185997,-4.28816252468843e-06,-2.44963907835435e-07,-7.37272168408485e-08,-4.77172716586711e-08,1.14782968761823e-05,4.13403432974942e-06,1.77981663760637e-06,-1.60539097925712e-06,-3.29349827703063e-07,-1.29015361151942e-06,2.95945192152825e-06,1.59626649590778e-07,1.49095024120753e-05,5.96234335849577e-08,1.01190589133537e-05,2.37785292002607e-06,-1.0762481961664e-07,-1.80095448257981e-08,-4.3225171399114e-07,-1.47671813767613e-07,2.62147271338574e-08,-1.25242293029235e-10,-3.20125562163582e-07,9.91327126348256e-17,-6.30032032438645e-09,9.88047909530887e-08,-3.15796749392641e-08,-1.01353823078923e-07,-1.56764766279615e-06,2.18405046913366e-08,-3.74195117651762e-07,1.70852676922162e-07,-3.31791508497609e-07,7.52958804649767e-07,-4.7150359471311e-08,2.00891096643299e-05,-1.339266164473e-08,1.48638257430847e-06,-1.3233493955243e-05,6.48487395902832e-09,-4.42948622225714e-10,2.17607033352233e-08,-2.17027992955204e-08,3.42831681283712e-07,9.00144363951672e-06,-1.73314488898284e-06,3.4578854075816e-07,-6.32111286284333e-06,7.42976775219784e-06,-4.53026381752167e-07,4.65984146914291e-06,-1.57806648046422e-06,6.30469413346427e-09,5.48952511172918e-05,2.66818280198354e-07,7.48988875890854e-05,5.74732471158455e-09,-1.78130928972099e-06,1.61847589071191e-07,-2.08479904113297e-07,3.30936193765744e-07,-6.41467004536864e-07,5.01544996143837e-07,-3.68414681232439e-08,7.1300460347646e-06,-3.10570113864785e-08,5.11257623371623e-06,-3.59814049319762e-17,-1.26298078691339e-05,-1.25723989580798e-06,-1.34676065781371e-11,-1.18638644091059e-07,1.75548697665171e-07,-1.09110390167884e-07,-3.10234291084723e-08,3.68039156013579e-09,-1.645712744396e-07,6.22460550880598e-06,6.89676197358307e-05,-1.97739547386906e-08,1.21395908583826e-05,-0.000308622600131167,7.81234144180211e-07,-1.52816815635898e-05,2.18990444595659e-07,3.82512327264088e-07,5.90301434346217e-09,1.60176644976004e-05,-2.08594796263291e-06,9.22743938876607e-09,-2.89014075329068e-06,3.38553313646758e-07,-1.22966633931481e-06,9.66750041995099e-07,0.000240753690690112,3.80136451007674e-07,-1.23145444488946e-07,-8.14016606564437e-07,8.26811492727631e-08,-3.82030743747646e-07,3.23507414175328e-05,4.25609627713612e-06,-1.91829704032192e-05,5.34379957635077e-17,1.71102649003617e-06,3.16337381867826e-07,-4.75495933417378e-08,0.000153344941371762,6.60252889018583e-09,3.99988843756817e-05,9.47695327333572e-06,-1.26879849676256e-06,5.43263236947819e-06,1.44759426980053e-16,-4.06780367757841e-05,-3.22027879450937e-09,-4.21765958275167e-05,5.81706309456267e-08,1.06687794099825e-06,-2.10400708337863e-05,-1.16011080301262e-05,3.09390711961457e-06,-3.08393509669455e-07,1.94514670459286e-05,-6.24497648414306e-08,-5.97181927524189e-06,-7.97691105278136e-09,-1.24497104701696e-09,-6.20553493382286e-05,8.82843194079736e-08,-1.76534517418502e-05,5.09758166702707e-16,-4.72671529904071e-07,3.7197941434009e-08,1.07205328275304e-09,9.60017309342323e-09,-1.46209264969178e-05,-6.9619901599963e-05,3.09254806109724e-07,-1.13554894911408e-06,-6.58003201778348e-07,7.54157954751165e-17,-0.000339386146250004,-3.51181239281704e-08,-1.38692394199042e-05,5.77685502779517e-16,2.7131139307573e-06,3.47650335038544e-07,-5.34263520717721e-08,-2.17614409348883e-05,-6.90773830280345e-05,-3.77488202135737e-06,-1.23159144905252e-06,3.81359209886738e-06,2.76639757410493e-07,1.53519407479781e-08,3.57053155974038e-06,1.08233706953793e-07,1.86785898304489e-16,-4.32599609201631e-08,1.60240712834208e-06,6.92627651654244e-07,-4.36853239394741e-06,-5.97645003716378e-18,-8.98391647120224e-08,1.67030082185685e-08,-1.91828694954931e-06,-2.79037466215494e-08,-0.000285546393269756,9.31837603998294e-08,-1.25516183573309e-06,6.83713683727245e-06,1.81675557381917e-16,2.49222138543535e-05,-1.18245252681459e-07,3.43931573986645e-07,3.70514333003419e-05,-4.87116741412139e-08,-6.15936640501555e-08,-7.97972798949331e-16,5.89504482070372e-17,-5.69784492790654e-08,-6.60451739981777e-08,8.72075145078978e-09,-9.04057291626205e-05,2.60461404263661e-15,-4.55528933248248e-06,-5.39234295960622e-08,5.91513375653799e-18,2.0518693309205e-16,2.17113505080822e-17,0.000107465773782598,3.04922889837135e-07,-3.40994370164623e-07,1.04037568614223e-05,1.47781171945636e-06,2.74589385341549e-07,-1.19187975568404e-07,-3.30672553744676e-16,-2.62802477774725e-08,7.39846090769959e-08,-4.61059014915325e-16,-4.68216063902393e-16,-4.68868010467745e-08,-7.79505231502289e-08,-2.78988188307414e-08,7.05935373908388e-06,2.76551339801535e-08,-3.16998378366459e-05,-1.00206190833988e-15,-3.89880508089744e-07,1.27982448140388e-16,-1.2717215678412e-05,-2.07299455379228e-16,-3.10211813152266e-08,-4.19765907555411e-17,1.27837249717816e-07,3.36831492080274e-08,1.50809682011315e-06,2.08104684436282e-06,9.19971701492168e-08,-1.061568029924e-08,6.76354079659747e-08,4.17151015782573e-08,0.000113138783406804,3.98255530296079e-07,2.36585311897215e-08,-6.75871185910026e-08,-0.000114627753990644,-9.87168751178448e-07,-3.20401389411855e-08,8.29102883394982e-18,3.03420292514171e-07,-5.273836267612e-08,2.79083642217835e-08,8.91319322008405e-16,1.48654234798735e-05,1.50855428205609e-06,4.86182508702263e-07,2.1775798015102e-16,-1.1830362125175e-07,-0.000189722463517628,-1.19865492857517e-15,-8.25087817124191e-08,1.94587063625419e-07,1.72423526115843e-16,-1.51770089443056e-15,-7.49616232583789e-09,-0.000114344972500063,-6.46166500659873e-07,-0.000122931652681682,9.23131572873598e-07,2.4416520836991e-08,2.50807163802963e-06,2.28067087128553e-07,-5.91035318512379e-06,1.93530087788663e-15,1.10684038010655e-09,7.55111775166267e-07,6.40743935961615e-06,2.12976680506522e-05,-6.20784588958382e-15,6.7629918241679e-17,3.08783317609139e-06,4.25022388417053e-16,-3.02121678682673e-15,3.60955195037204e-07,-5.46144218589262e-07,-1.02312747589647e-07,-6.15753492061067e-07,2.84253916868109e-06,7.44295767711965e-07,9.66158339107454e-07,1.32594136503047e-15,6.35143649994655e-06,8.97396841095914e-06,1.4872608138067e-06,-1.62846288589831e-07,9.56888789900969e-07,7.5602374649346e-15,1.21926851649276e-14,-4.0597279417798e-14,-0.401815233560093,6.63194838092469e-08,3.95835637652584e-06,-4.85815967939107e-15,2.17557062594108e-08,7.21603167782771e-15,-4.68981901515537e-15,-4.73195141064685e-07,1.15350861268545e-07,-2.59948312875125e-15,5.21916146475099e-07,4.3559853264339e-09,-2.82291144812239e-16,8.40447664081634e-11,1.04957712405556e-15,3.34193671069802e-07,-2.3964305964134e-15,3.58557428280615e-07,3.11534280825792e-08,1.19171234249651e-09,1.26171378191794e-07,9.91242283022092e-07,-6.65954435872954e-09,2.69336978782666e-07,-2.77004090559752e-15,1.95180129247878e-07,-1.12008774960112e-08,7.99704393764864e-15,-1.50692703164149e-09,-3.18109542078734e-08,7.6076225357202e-09,-1.44452854046026e-15,2.64976439840782e-08,3.55374283233981e-08,-9.8411897332522e-15,-1.00345981629304e-06,-7.67953844574015e-07,-1.07872874146572e-09,-7.9410620209003e-16,7.86574237809185e-16,2.04184896694191e-08,6.66771442385113e-07,5.41591192192415e-08,-8.95727451057217e-09,4.29565906751312e-07,-4.0196391799027e-14,-7.39301428341672e-14,1.57807285536374e-06,4.75145955014094e-09,0.707106781186546,3.85550631209386e-06,-6.90664298306127e-14,1.93112276182459e-08,-3.30802687339615e-07,-1.22317737069395e-05,-2.69562653261719e-05,-1.0839763960672e-14,-1.38209417159142e-14,-1.93923659150299e-17,1.02022425934347e-14,-2.3146761500008e-09,-8.04522814703454e-09,-4.93113602722051e-15,-7.25843597235126e-17,-3.86621742615415e-15,1.14046234178104e-08,1.02786991310887e-10,-5.7039658521377e-09,-4.34983043304161e-15,9.45967750746318e-15,-1.0024533286801e-15,-2.50537442149255e-07,7.67223481913197e-09,4.33717094561661e-15,1.35725005062574e-09,-3.56190681213021e-08,-2.79682576428669e-15,-1.76763570007465e-16,-2.57569603448636e-06,-2.53770623705166e-10,-1.28160874990746e-06,4.10458899184908e-15,1.39716098449174e-08,2.26255491509035e-07,2.43892600520168e-07,-9.15728158620808e-07,-5.44273147119495e-08,8.88636939715076e-10,5.56443019587877e-16,-1.3041684133653e-15,2.59438303693492e-15,1.71667905554916e-08,-1.55473058871655e-08,-1.68625618390424e-05,-4.65854195774006e-09,-7.50888435237402e-16,6.98136061005445e-16,-1.86962871699163e-15,2.38492286241755e-16,1.90770061418018e-15,2.24338220333133e-08,4.94553894338347e-16,2.68299143487903e-15,-3.77307210328159e-07,-4.02302869849391e-16,-3.37932647321148e-07,-2.74414234989022e-16,-1.15862208629598e-05,3.15621917841803e-15,-1.40951662807716e-05,-6.38260947106807e-08,-5.64167686369785e-08,-6.26654816351713e-16,2.05755297255362e-06,9.83116661762624e-16,3.1392388203415e-07,-5.02351564472258e-08,2.78077655795043e-10,-6.14644258007749e-16,1.53491765607309e-06,-2.72427381532489e-16,-1.10891773173114e-07,-5.66180326871066e-08,1.62225374468747e-16,-2.30431943179533e-16,9.02789965600688e-16,1.62013876699188e-16,-8.61236120210479e-09,-2.56464215070299e-07,-5.73146309429461e-08,-1.13774899633229e-16,-5.78242194955108e-18,-5.89647468789849e-09,4.81079470767299e-08,2.01126199626739e-15,2.35247143456401e-16,-9.64538470924475e-08,-2.82692903093038e-17,-1.70988017471757e-05,1.61639656961572e-15,1.71592391842994e-07,-2.04620130484041e-16,-2.58645546847293e-15,5.53687572708994e-18,6.88449765716483e-16,2.1917153897083e-16,-7.09922502242743e-17,3.31726737401578e-09,-2.32014385883383e-08,4.1986086061662e-16,-1.54337573762978e-08,6.48954977856725e-07,-7.53733726515972e-16,-5.1076885356633e-16,5.37052246142593e-16,9.96188180231382e-16,5.46883981562112e-06,9.57329595215389e-08,-2.58482052050409e-16,2.82410282004199e-16,-1.16762677913428e-07,-3.77195389727678e-08,-5.71282131415385e-10,2.34933004539131e-16,1.30446539943486e-16,-3.03942237711137e-16,-1.02712781253845e-15,-4.76920063626235e-16,-5.77137918207829e-16,2.3064680955133e-06,-7.98743106194262e-07,-4.19929993318593e-07,-2.43120428142329e-16,-6.20939533154936e-16,2.00144472047039e-16,1.23612433679657e-16,-9.77995951536636e-17,-4.96797958679979e-16,2.83756604342188e-16,1.62541567335204e-16,-7.40685676554742e-18,1.03577282250949e-16,2.70514820988568e-16,2.26271980997243e-16,-1.06843260271506e-16,4.04962383095016e-17,2.25960159199473e-09,-7.99345905250914e-17,-4.9126269772251e-16,2.91734492688233e-17,3.20183365631226e-08,-1.08573756981862e-06,-1.5457667632004e-16,-8.2665308313906e-10,2.93083779649796e-08,3.79584726594207e-16,5.81273984683152e-16,-5.66001195006741e-08,-5.70725971193806e-17,7.24027239799283e-10,-2.64252469326991e-16,-1.01549177113387e-16,-1.41354410102865e-16,5.41549056228733e-16,1.99420354963949e-06,-9.75737205950774e-08,-5.03117556806889e-16,4.65498122080961e-16,2.93271843358242e-16,-1.62506104789379e-16,-1.19262238973405e-18,3.14027143575338e-16,4.16001808964921e-16,-3.62116182640679e-16,1.1847396035354e-09,6.74184685913961e-17,-4.75578815326881e-16,-2.67408474305399e-17,1.19337756557836e-16,-5.63372687806927e-17,3.6815982141591e-17,-2.58041861816543e-07,2.36043948895206e-17,2.11212669544545e-16,1.74616167570923e-08,-2.45721542259809e-16,-4.64055561711678e-16,1.43265399038259e-16,-2.07586781144564e-16,1.46185598652145e-08,-2.68566455681911e-16,-1.00477320523888e-05,3.5908069794127e-16,-5.45393385427039e-17,-8.21100500719406e-16,7.08664609606153e-16,-9.26498593033509e-17,-3.83594593672064e-16,1.75058698829497e-08,1.73343462082789e-16,2.73329058135489e-16,2.21268574888018e-09,-2.18731548199888e-06,5.81745669365938e-17,3.76774692486731e-07,5.12245833107814e-07,-1.54699933986522e-16,-4.68839665776247e-16,2.49089520757839e-16,-1.26733518431264e-16,-5.18969109724245e-16,-8.6281436054175e-07,-2.70189028067901e-17,-1.4725246654849e-16,-2.56295731742435e-16,3.45678794538237e-07,-6.05143951670488e-16,-4.84653956904735e-16,7.91858702696551e-17,1.81660775061897e-17,-1.57643252043412e-07,5.14962487987664e-16,4.64929631002303e-10,2.70154320781802e-16,-3.11876577814318e-17,-1.06181018653446e-15,3.34787734539662e-17,-2.06023599670062e-16,-2.97204193743408e-16,-1.70711588103259e-16,-8.08192947049379e-09,6.80528771684821e-19,6.66332022376715e-16,3.39931299090443e-09,-1.0257972964709e-16,1.55227321520913e-16,-9.62874498097328e-18,-1.729470915578e-17,1.88172454641594e-16,2.38739498117755e-16,-2.46786388225688e-08,1.41800310404131e-17,-5.84859700761338e-17,7.35333215533249e-09,1.48414346020569e-17,-1.75111051330353e-16,-2.89889435740099e-16,5.77378331144451e-16,-1.8857072295369e-16,2.33639211596547e-16,-2.94720673739096e-17,1.28698238700966e-16,-1.35522426010935e-17,-1.55495187929525e-16,4.85932420020568e-17,-3.86696046262008e-09,1.28266594519808e-08,2.59539685069179e-16,8.53091946334031e-17,9.41458753827722e-18,-7.04719007106634e-17,2.8872303853289e-16,1.63416601561895e-16,5.67757313538496e-16,7.3042789461094e-17,-1.22438812744607e-08,1.09281917745023e-16,-5.66916322725396e-17,-1.68073195143249e-16,-5.73446142284341e-16,1.42717132276587e-09,-9.35894151631236e-17,-2.26635740036269e-10,2.72373114115469e-16,1.14260424040064e-16,4.42296438547813e-17,-7.95729821886381e-17,-2.72164556548573e-17,-6.85602893718784e-17,3.97709807697645e-16,1.60861922588865e-16,-1.13063788154553e-16,-2.00949583238288e-16,1.15839732244842e-16,2.27115909897958e-17,-1.22301631722681e-16,1.2483006837549e-17,5.65703472034149e-17,1.17635245445003e-16,-2.78160019630793e-16,3.31047799768178e-16,-6.87548036774866e-17,1.34770234419188e-16,1.58949459497237e-15,1.34142450636884e-16,-8.61589759013594e-17,4.36580883655082e-16,-1.28391813955656e-16,1.10177743875191e-08,1.70568277752315e-16,4.65188881275255e-16,-1.20215722706163e-16,2.41634455869346e-16,-3.75499147207896e-17,1.05140072521466e-16,-9.78569950338185e-18,-1.92604523770511e-16,1.29337791720269e-16,2.83505530587828e-16,5.91432285090843e-16,-1.34328759648688e-16,-1.7010813226601e-18,-6.11744988366312e-17,4.18148179810626e-16,3.39831373379838e-16,3.47700783094887e-17,-1.28880051216044e-06,-2.4149739627318e-16,-1.29693517142955e-16,4.34573523439078e-17,1.72588647798234e-16,-1.79221959160069e-16,-1.37702282808926e-16,-1.10863795549514e-16,1.03789727886188e-16,1.4298943627258e-17,3.27166887738776e-09,6.04830600183487e-17,1.91970427124419e-18,-1.22090026846502e-16,-2.86098665261516e-17,1.11170888316305e-17,1.11771577721083e-16,-1.3320444678859e-17,1.75445531792663e-16,-2.01913629920637e-16,1.06215402677241e-16,1.54215027013796e-16,2.20246178838335e-17,3.49522100480008e-17,1.5286152967958e-07,2.24487740145231e-16,1.52699772399142e-16,-6.31045258148495e-17,7.22078646875346e-17,-4.54799521652386e-09,1.1312509443646e-16,1.31864626951761e-16,2.07168672309491e-16,-2.21730003631728e-16,2.00926897509904e-16,2.08488474562781e-16,2.68106183463982e-16,2.58704092227713e-16,-1.49059951104571e-16,-1.62541294831759e-16,-2.29057674010869e-16,1.24342560746413e-16,3.18194310348533e-17,-4.96439153867027e-16,-8.94617276458564e-18,2.59201020785778e-18,3.5759738251869e-16
"t212",0.0361466064714726,-0.0111626689755004,-0.0122664311783843,0.000780487117161152,0.00832261783886089,-0.0313088601228384,-0.00476508069833636,-1.76870217297215e-05,0.0472046665329649,-0.00224881977140905,-0.00227493665579564,-6.47274492247962e-05,0.0002373033370953,6.46898963406746e-05,0.00320127825906385,-0.000148303600140254,-0.000127311239860467,1.90517558664536e-05,0.0118177823001106,0.0299627305559979,-1.75067502318756e-05,4.10018011283708e-06,-0.000209009144013131,-2.60129839987563e-06,3.71827881869707e-08,-6.67779872510737e-05,0.00085380348098894,4.994236571784e-06,5.11691038639172e-05,-0.0017408261168693,-0.000462264134750351,0.013779258830625,1.07672530493582e-05,-0.0166051882495222,0.138280454805581,-0.00100395759338788,-2.78063391391611e-05,4.17869369360662e-05,0.00439497074730255,0.000792505220571711,6.00276928647627e-05,-0.000143047634015799,-2.77671596208588e-06,0.000204744216715806,-1.92093637652881e-05,2.26265192147413e-05,-6.77749218229037e-06,0.000131760698057069,-0.0540718846838803,0.0962321008648052,0.000317144235713263,-0.000211773096894586,9.70705190054987e-05,-6.32985163630433e-05,0.331369158210471,0.004087351843529,0.0297454408144612,-0.000498876901078997,0.00434418322773686,-6.68310171059637e-06,-5.89624586048958e-06,0.000297650135715372,-0.00017114664934312,0.000126827670633987,-0.00121402411265481,2.33110547871651e-05,-0.012203257527267,0.000405901190681977,-9.75642007557678e-05,0.000434008192183064,-3.49202360991588e-06,9.05097403335465e-06,-3.10060310000367e-05,-1.97643375159067e-05,8.28910924540567e-06,8.31034070670006e-05,-7.11416968261515e-05,1.03623513486638e-05,-0.00285382343436743,-0.000346514264633151,2.16038504565971e-05,0.00167584929156597,-0.0023777649165737,-7.09934672425758e-05,0.0175787451285671,0.000135366365256347,-3.38909832034809e-05,-0.011509914659147,9.42565267752839e-07,1.07236226746408e-05,-0.000245075991142675,1.86861538381544e-07,0.000131051822714452,-0.000129420760239788,-3.6720783544284e-05,-4.67359308005507e-05,-5.51605916269994e-06,3.97970622035056e-05,-0.000527896574355474,-0.0820918862008325,0.000266214210039608,-1.57345957765845e-06,0.000293329924416038,-4.03780560108864e-06,-2.87141335335416e-07,1.05171984563561e-07,-7.07888965807925e-05,1.05343860499163e-07,-0.000147901200890292,5.40660972713023e-08,1.93168051195556e-06,5.05046296465362e-06,-1.60484470831741e-06,2.38394860772451e-06,-2.60220995639828e-06,3.2144886656626e-06,-0.000364742972961558,0.000407528930115435,-6.38396868672632e-05,2.33949552626099e-05,-1.3578292583454e-05,2.97310429313855e-05,-0.00330370169938899,0.000259574573513166,1.47278474964649e-06,-4.34037143001443e-05,4.53427883329374e-06,-0.000114183199531752,0.00012142319627417,0.00423163957514749,3.16429221475782e-05,-0.00013160793154484,1.07945718565174e-05,0.000721321899689728,-3.21979179274029e-07,0.000216046209941503,-0.00911739465683511,-4.46533467920312e-05,0.229315393270061,0.0589708446846183,0.0143296537929612,0.000281573741512535,-0.0017135512645523,-9.43366327446623e-05,-5.43162265394787e-07,0.000210011224169355,1.0628227348581e-05,-0.00031451376388818,-1.81782074877884e-05,2.60131763256175e-06,3.2290221722728e-06,0.00618125896480575,1.2678487195375e-06,-0.000352034084349633,7.78115169352935e-07,0.000151743798662563,-8.04991792545989e-05,2.71243957931117e-06,0.000117507435627228,1.43347330022925e-06,9.8105591998018e-07,-1.3118517974547e-07,4.98169482042704e-06,5.65480416120895e-07,-1.83958884905592e-08,-1.85740074851893e-07,9.95287598209386e-05,3.28813379512135e-05,8.60036711086814e-05,7.14749214563975e-07,-1.46121386785443e-06,-2.61360603614147e-07,3.60667012716712e-08,1.34152287175284e-05,2.5563829692365e-07,5.29066198665708e-07,2.336623081909e-08,-1.00563031358297e-06,-4.59141215745712e-05,-5.18278157023746e-06,2.12079009689852e-05,5.97998227696197e-06,-1.27317524514509e-06,-5.18195367266145e-09,-1.6125128010241e-07,-7.27621425170843e-08,-0.000614970039516603,0.00100581524641538,0.000528114177381852,-2.67304554976749e-06,-2.16757853762203e-05,0.00160377979713516,1.42735125442215e-05,2.25888524361343e-09,2.31427166844259e-07,-0.000539104573918033,-3.26142836767607e-05,-5.6972135148595e-07,0.00065690176378522,1.53028303564815e-05,3.64985024884492e-05,6.32044798521845e-05,-1.60207504168788e-06,-0.000101927374779982,-0.0369114796896022,-3.48292220410955e-05,0.351804586824885,-7.49651965015335e-05,0.00112135755983613,1.24733973488634e-07,0.00177582165205645,1.04435106604608e-05,2.25626778039075e-05,0.00769583057186006,-4.28816252480094e-06,-2.4496390775367e-07,-7.37272162244912e-08,-4.77172716114598e-08,1.14782968761506e-05,4.13403432952622e-06,1.77981663749537e-06,-1.60539097920325e-06,-3.29349827563506e-07,-1.29015361079716e-06,2.95945192159243e-06,1.59626649526334e-07,1.4909502412213e-05,5.96234336967221e-08,1.01190589136666e-05,2.37785292012261e-06,-1.07624819581932e-07,-1.80095446348396e-08,-4.32251714047583e-07,-1.47671813678526e-07,2.6214727400374e-08,-1.25242381705221e-10,-3.20125561972173e-07,3.27664097297314e-17,-6.30032036939556e-09,9.88047908524747e-08,-3.15796748092202e-08,-1.0135382317289e-07,-1.56764766258984e-06,2.18405046226375e-08,-3.74195117577508e-07,1.70852677181077e-07,-3.31791508555918e-07,7.52958805405662e-07,-4.71503596416196e-08,2.00891096645404e-05,-1.33926615919022e-08,1.48638257431975e-06,-1.32334939552168e-05,6.48487328175334e-09,-4.42948461926423e-10,2.17607034253586e-08,-2.17027993101934e-08,3.42831681285768e-07,9.00144363977985e-06,-1.73314488875951e-06,3.4578854068554e-07,-6.32111286302002e-06,7.42976775235117e-06,-4.53026381449871e-07,4.65984146930094e-06,-1.57806648048429e-06,6.3046941602067e-09,5.48952511171859e-05,2.66818280240861e-07,7.48988875886612e-05,5.74732460099704e-09,-1.78130928947046e-06,1.61847589543958e-07,-2.08479904239119e-07,3.30936193807214e-07,-6.41467004795922e-07,5.01544996320044e-07,-3.68414680047684e-08,7.13004603475989e-06,-3.10570112244111e-08,5.11257623398529e-06,-2.04321737534718e-16,-1.26298078692638e-05,-1.25723989585715e-06,-1.34676944617531e-11,-1.18638644003603e-07,1.7554869773419e-07,-1.09110390398098e-07,-3.10234289579891e-08,3.68039151437108e-09,-1.64571274441659e-07,6.22460550913787e-06,6.89676197360784e-05,-1.97739544140043e-08,1.21395908583719e-05,-0.000308622600131458,7.81234144166986e-07,-1.52816815637103e-05,2.18990444743653e-07,3.82512327088434e-07,5.9030144510221e-09,1.60176644976655e-05,-2.08594796260522e-06,9.22743909030315e-09,-2.89014075305438e-06,3.38553313734502e-07,-1.22966633979962e-06,9.66750042037065e-07,0.000240753690690194,3.80136450956161e-07,-1.23145443923712e-07,-8.14016606440934e-07,8.26811490206896e-08,-3.82030744064703e-07,3.23507414163978e-05,4.25609627693743e-06,-1.91829704037103e-05,7.98079314679316e-18,1.71102648953394e-06,3.16337382415016e-07,-4.75495935838401e-08,0.000153344941371595,6.60252903755927e-09,3.99988843763842e-05,9.4769532733618e-06,-1.26879849707381e-06,5.43263236950926e-06,4.93474877581418e-17,-4.06780367763063e-05,-3.22027865853804e-09,-4.21765958270722e-05,5.8170631202053e-08,1.06687794139105e-06,-2.10400708331564e-05,-1.16011080303224e-05,3.09390711945309e-06,-3.08393509643051e-07,1.9451467046051e-05,-6.24497647408447e-08,-5.97181927490071e-06,-7.97691109194988e-09,-1.24497097402304e-09,-6.20553493381042e-05,8.82843200057218e-08,-1.76534517416701e-05,-2.57026081163207e-16,-4.72671530234663e-07,3.71979406655265e-08,1.07205340135061e-09,9.60017310411017e-09,-1.46209264969818e-05,-6.96199015999335e-05,3.09254805699448e-07,-1.13554894908194e-06,-6.58003202018416e-07,1.14615129444034e-16,-0.000339386146249213,-3.51181235137834e-08,-1.3869239419669e-05,3.11868069561066e-16,2.71311393109742e-06,3.47650335650062e-07,-5.34263522007475e-08,-2.17614409346215e-05,-6.90773830299089e-05,-3.77488202147244e-06,-1.23159144895752e-06,3.81359209906333e-06,2.76639757119844e-07,1.53519407730783e-08,3.570531559939e-06,1.08233706674925e-07,-2.43408268605477e-16,-4.32599602260861e-08,1.6024071283525e-06,6.92627651759984e-07,-4.3685323941154e-06,-2.04997188199513e-16,-8.9839165319653e-08,1.67030085344508e-08,-1.91828694935346e-06,-2.79037461683402e-08,-0.000285546393270419,9.31837620806708e-08,-1.25516183584077e-06,6.8371368371679e-06,-1.25934681682726e-16,2.49222138541606e-05,-1.18245253082181e-07,3.43931573004062e-07,3.70514333002955e-05,-4.87116741363889e-08,-6.15936644734928e-08,4.75314232417645e-16,-1.07386285915577e-17,-5.69784495103977e-08,-6.60451745461605e-08,8.72075079494938e-09,-9.04057291613637e-05,3.32649562789283e-15,-4.55528933256695e-06,-5.39234286643363e-08,1.9932960406881e-16,-2.3273778768365e-19,1.66981261479504e-16,0.000107465773782566,3.04922891439455e-07,-3.40994370680452e-07,1.04037568613627e-05,1.47781172036676e-06,2.7458938547993e-07,-1.19187975850271e-07,1.85142105561001e-17,-2.62802476983846e-08,7.39846079651923e-08,3.55136424410442e-16,-1.1265485752408e-15,-4.68868007031899e-08,-7.7950523188671e-08,-2.7898818442904e-08,7.05935373853435e-06,2.76551344103413e-08,-3.16998378358363e-05,2.75128250848018e-16,-3.89880507199828e-07,5.27421445010425e-16,-1.27172156788816e-05,-4.8209049599568e-16,-3.10211825571106e-08,-4.63248328515061e-17,1.27837249525694e-07,3.36831492225361e-08,1.5080968189925e-06,2.0810468451328e-06,9.19971695128831e-08,-1.0615678745157e-08,6.76354080373417e-08,4.17151010627114e-08,0.000113138783406877,3.98255531107866e-07,2.36585311561395e-08,-6.75871183811174e-08,-0.000114627753989558,-9.87168751341422e-07,-3.2040139363576e-08,-1.52446545203117e-16,3.03420291969967e-07,-5.2738362626771e-08,2.79083648877873e-08,1.08479457807883e-15,1.48654234824096e-05,1.50855428224965e-06,4.86182505511903e-07,9.42915389265481e-16,-1.18303619313154e-07,-0.000189722463516019,7.94664845078234e-16,-8.2508781513513e-08,1.9458706391301e-07,-1.99237290972448e-16,2.27454129771687e-16,-7.49616140222469e-09,-0.000114344972501094,-6.4616650364576e-07,-0.000122931652680879,9.23131572588767e-07,2.44165214507637e-08,2.50807163959654e-06,2.28067087088575e-07,-5.91035318510505e-06,4.23543578681462e-16,1.10683974910747e-09,7.5511177451523e-07,6.40743936059749e-06,2.12976680511486e-05,-7.89719543346551e-15,8.24384484970557e-17,3.0878331769509e-06,9.85150260055905e-16,-3.64264442574339e-15,3.60955195516901e-07,-5.46144218009515e-07,-1.02312747711568e-07,-6.1575349280241e-07,2.84253916927664e-06,7.44295768282032e-07,9.66158340420807e-07,1.06471094949403e-15,6.35143650047949e-06,8.97396840942649e-06,1.48726081413747e-06,-1.62846288255393e-07,9.56888789817503e-07,9.56218462303283e-15,1.16526843142534e-14,-3.6526859329288e-14,-0.401815233560089,6.63194842939109e-08,3.95835637804139e-06,-6.39693443403149e-15,2.17557064961306e-08,1.24252707509145e-14,-2.17992054289637e-15,-4.73195140658838e-07,1.15350860954137e-07,1.1967423579895e-15,5.21916148222965e-07,4.35598323283538e-09,1.46224436082546e-15,8.40459880062152e-11,-2.04006130650118e-15,3.34193672285257e-07,-2.17392024119305e-16,3.58557426935385e-07,3.11534271512372e-08,1.19171254063138e-09,1.26171379653951e-07,9.91242291010798e-07,-6.65954731307204e-09,2.69336979295014e-07,2.57439295652505e-15,1.9518013005046e-07,-1.12008798183655e-08,-7.36107383800541e-15,-1.50692820411505e-09,-3.18109497489074e-08,7.60762122208774e-09,1.35676257646321e-15,2.64976515740389e-08,3.55374377983632e-08,1.12380104413472e-14,-1.00345982330327e-06,-7.6795384693235e-07,-1.07872618448163e-09,-5.8038883423459e-17,-6.62523399549695e-16,2.04184955241253e-08,6.66771435084774e-07,5.41591205356713e-08,-8.95724015987958e-09,4.29565982063728e-07,4.10676104096398e-14,7.4580155797383e-14,1.57807270449233e-06,4.75143987419048e-09,-0.70710678118655,3.85550641834501e-06,6.88784157223092e-14,1.93112998353028e-08,-3.30802688531531e-07,-1.22317736844605e-05,-2.69562653341846e-05,1.09239941700163e-14,1.42649922497486e-14,-2.6846227199329e-16,-1.05717037203826e-14,-2.31467794906789e-09,-8.04521672022191e-09,5.89166643280917e-15,-1.33226981542895e-15,4.39182769395094e-15,1.14046252217603e-08,1.02798835421089e-10,-5.70395756864343e-09,4.18894866121996e-15,-7.96044274335023e-15,1.23504179973255e-15,-2.50537444047917e-07,7.67223547127288e-09,-4.67139712132169e-15,1.35724121575201e-09,-3.56190692865216e-08,2.21558485768286e-15,-5.88246861155974e-16,-2.575696034383e-06,-2.53767303235732e-10,-1.28160875118425e-06,-3.74317662619788e-15,1.3971609833175e-08,2.2625549519347e-07,2.43892599339042e-07,-9.15728158918283e-07,-5.44273195255751e-08,8.88635965620454e-10,-1.15226065551965e-15,1.39262671442973e-15,-2.61274488588378e-15,1.7166789654703e-08,-1.55473060944481e-08,-1.68625618327738e-05,-4.65854522458742e-09,5.11014473318477e-16,-1.93713770175026e-16,1.84385631250511e-15,-5.37377185889617e-16,-1.91140150681301e-15,2.24338256645843e-08,-2.79598386221884e-16,-2.52913136534807e-15,-3.77307210345357e-07,7.37121459021733e-16,-3.37932648253608e-07,2.1200858660587e-16,-1.15862208636369e-05,-3.56065613158867e-15,-1.40951662793828e-05,-6.38260962883861e-08,-5.64167704138227e-08,6.5711436456769e-16,2.05755297307219e-06,-9.83368139757084e-16,3.13923882334202e-07,-5.02351564158986e-08,2.7807730615662e-10,8.03392401328821e-17,1.5349176556384e-06,7.39230026534731e-16,-1.10891772318186e-07,-5.66180321637904e-08,-3.37636680241761e-16,9.49951021948404e-17,-4.91020582816931e-16,-3.73161643572144e-16,-8.61236188352983e-09,-2.56464216218404e-07,-5.73146328948074e-08,2.85155750300702e-16,-1.04919763652094e-16,-5.89647494401269e-09,4.8107946846879e-08,-1.29669463887205e-15,-1.53063837159642e-16,-9.64538468441023e-08,2.403398832048e-16,-1.70988017450656e-05,-1.78548769081724e-15,1.7159238903574e-07,-3.38960420924673e-17,-2.22129075466723e-15,-1.02634253179198e-16,-6.40595641610723e-16,-6.42502800687625e-17,1.30940404401157e-16,3.31726862996069e-09,-2.32014400158056e-08,-4.36823215624401e-16,-1.54337576557556e-08,6.48954978847522e-07,6.49960653754224e-16,3.65902545181411e-16,-4.58856788780019e-17,-8.10297920264394e-16,5.46883981894479e-06,9.57329603366656e-08,3.97447427339406e-16,5.00619833871792e-17,-1.16762678435312e-07,-3.77195402369518e-08,-5.7128233550322e-10,-4.85983233558032e-17,-7.38717400705356e-17,4.07853864518574e-16,8.51565144421746e-16,4.74216362674863e-16,6.67257219425989e-16,2.30646809600832e-06,-7.98743106480435e-07,-4.19929992966356e-07,1.69460172705714e-16,6.03418502457067e-16,-3.7653497734312e-16,-2.66219901379676e-16,-4.01388146242826e-16,2.5281933994957e-16,-3.25868821515204e-16,-9.8344598044898e-17,6.27893941077822e-17,-5.14302931071558e-17,-5.36675103157548e-17,-3.38578657447783e-16,2.39004856893332e-16,-1.09545537422012e-17,2.25960074577515e-09,1.24682395440995e-16,-8.65962962606949e-16,-9.41773669823609e-17,3.2018335550817e-08,-1.08573757036654e-06,2.38099224192714e-16,-8.26652246135787e-10,2.93083804105876e-08,-3.93769323031627e-16,1.0771883343303e-15,-5.66001208246003e-08,1.55731643888942e-16,7.24027551866557e-10,2.2220565213805e-16,2.13628834461824e-16,3.1976999602071e-16,-7.62674089627606e-17,1.99420354972493e-06,-9.75737197069398e-08,1.24223106572802e-15,-3.63984315756672e-16,-2.46240585290828e-16,-2.52820145783082e-16,2.03233697232408e-16,-2.01808500675885e-16,-2.5274563731625e-16,5.38983896482603e-16,1.18473969203348e-09,-1.64492909822701e-16,3.07985311298786e-16,3.6368572024106e-17,8.89627825920483e-17,3.24392458151885e-16,1.05297769204004e-15,-2.58041861472471e-07,-1.53286131035396e-16,-5.32904831479787e-16,1.746161750817e-08,-2.13513413317103e-16,4.41894961390676e-16,-1.66291841854825e-16,-7.5001799366289e-17,1.4618559446306e-08,1.74037428565399e-16,-1.00477320519882e-05,-2.03980994082393e-16,-9.18206515436414e-18,9.86535628732827e-16,2.94998070364387e-16,1.04983422516808e-16,5.33389328202291e-17,1.75058692694862e-08,-2.09940345333922e-17,-4.08145802420443e-16,2.21268726004282e-09,-2.187315481894e-06,-1.069579554129e-16,3.76774692191469e-07,5.12245832543988e-07,3.17341956483867e-17,-3.36409475957109e-17,-2.97304116326021e-16,1.56938993773002e-17,1.03092617277319e-15,-8.62814359881825e-07,-2.74445261011558e-16,-1.5688153709288e-16,1.36804289948496e-16,3.45678794442637e-07,5.08123561424142e-16,6.99174591899565e-17,-5.81984383972665e-16,-1.67613356269597e-16,-1.57643251334323e-07,-3.62120012001442e-16,4.64929456804898e-10,-3.16677723954277e-16,1.70473948800839e-16,2.95103101266262e-16,-3.61069429042779e-17,4.81841317640473e-17,-1.08424556560176e-16,1.32698440373335e-16,-8.08192969480173e-09,3.23286167591425e-17,-4.79832729074915e-16,3.39931256347469e-09,-1.60750536923487e-16,-2.29061831383251e-16,-4.43663972996575e-16,8.11928304522186e-17,-2.4131534916207e-16,1.38353679112027e-18,-2.46786393451068e-08,-2.00043083425787e-16,8.74932211889111e-18,7.35333165085326e-09,-2.17614004399453e-16,1.55079873061415e-16,-6.18686226711714e-17,2.80539255548261e-16,-5.77246833779831e-17,-1.84874864581276e-16,-2.72358117113848e-17,4.63632090933625e-17,-3.05031315292528e-16,-2.69393095448569e-17,-2.3931095649738e-16,-3.86696107138607e-09,1.28266587245626e-08,-1.77868209995236e-16,-2.11796645447476e-16,-7.22772747601914e-17,1.41145380201372e-16,-3.37945817163732e-16,1.22761470106365e-16,-9.93864737667272e-17,-2.1460835783761e-18,-1.22438811864173e-08,-3.16682520867023e-16,7.1430786698403e-17,-1.63457897288297e-16,-7.48929830694572e-16,1.42717088885419e-09,4.84541748925113e-17,-2.26635022619861e-10,-3.02229165671853e-16,-1.37447419754561e-16,1.01977224062216e-16,4.68506684569856e-17,1.71932652200009e-16,-4.39281949112666e-17,7.775779031269e-17,-6.5677092889431e-17,2.36368490949681e-16,1.96193978688067e-16,2.41650048192968e-17,3.41262485951156e-17,7.58332498814935e-17,1.49445659878192e-17,-1.19901861945153e-16,6.16049718706949e-17,1.54841796702277e-16,-5.3181278036692e-16,-1.87271730935676e-18,5.2022408482693e-17,5.49798921667399e-16,-5.81387975504478e-17,-1.41724337241239e-16,-2.0635497703361e-16,2.37043120798931e-16,1.10177742256786e-08,3.95923560102174e-17,-7.42829179308093e-16,2.05042117562559e-16,-5.31887323227491e-16,9.84777216627995e-18,-1.07273503974254e-16,1.578526636532e-16,2.46806240904552e-16,-1.33659992934279e-17,-2.39600475562136e-16,-3.19622800448727e-16,-2.13270017362252e-17,-1.03819645937335e-16,-1.12508863000305e-16,-2.21251707988118e-16,-1.79984767627562e-16,-8.34509581090413e-17,-1.28880051093455e-06,2.3126471841047e-16,1.14175478340797e-16,6.08258450011274e-17,-3.28494629328184e-16,4.01450417577042e-16,1.38772581484037e-16,-1.68428830345049e-16,-1.35019708906817e-16,-1.00705879548655e-16,3.27166877006022e-09,9.29549150842915e-17,1.71056103579614e-16,1.42625576285402e-16,-1.88912495291351e-16,-1.92643150139524e-16,1.52044643910362e-16,-9.16260180057936e-17,1.6594196925806e-16,9.45965695372644e-17,3.39344028704851e-19,-2.27599178413443e-16,-1.33623219427499e-16,6.73588016156483e-17,1.52861529442881e-07,-2.04704485745202e-16,-1.25820920770904e-16,1.00176774775263e-17,-1.69959532558828e-15,-4.54799513149954e-09,1.29209351440586e-16,-1.46836523585026e-16,-1.38153353360638e-16,4.31704123962398e-16,5.98781001328525e-18,2.79832707213071e-18,3.20252334370261e-16,-1.52881661548351e-16,8.80760932686938e-17,1.10750224974712e-16,2.38346317198827e-16,-7.69258425234814e-17,-2.23468393714698e-16,7.78691356677097e-16,-1.66938260168895e-16,2.24381163625362e-16,-9.45667591508733e-16
"t159",0.0361424331046971,-0.0111599542563044,-0.0122633516378017,0.000780224592580178,0.0083191913938459,-0.0312937419500749,-0.00476273469036154,-1.76776228292248e-05,0.0471750532855694,-0.00224711018045272,-0.00227274464484453,-6.46506883998316e-05,0.000237013736110802,6.46097622183832e-05,0.00319714094972617,-0.000148100698912096,-0.000127132928494601,1.90245919607588e-05,0.0118005452387535,0.0299152813358816,-1.74767814518096e-05,4.09172268604283e-06,-0.000208554094567786,-2.59560289201776e-06,3.71010596562351e-08,-6.66242809042094e-05,0.000851815232029652,4.98250319305656e-06,5.1045696704156e-05,-0.0017358773607658,-0.000460863889926006,0.0137356457247836,1.07307466097367e-05,-0.0165462566096207,0.137765013061281,-0.000999921154125301,-2.76931480541101e-05,4.16141764928928e-05,0.00437667903695097,0.000789158579774371,5.97670442205557e-05,-0.000142411710484127,-2.76419118673606e-06,0.000203819582101815,-1.91211267955098e-05,2.25160754362053e-05,-6.74380910892101e-06,0.000131100356074995,-0.0537945370893295,0.0957261989641078,0.000315422595013367,-0.000210606458575353,9.6534622921403e-05,-6.29427041965221e-05,0.329440886944118,0.0040634442325382,0.0295552156146865,-0.000495611368957737,0.00431566903750428,-6.63674724795571e-06,-5.85367567945775e-06,0.000295459101423869,-0.000169867173135427,0.000125875847588546,-0.00120465177386281,2.31265677811527e-05,-0.0121014277638766,0.000402435285979778,-9.6722328652536e-05,0.000430192526424205,-3.45830623586333e-06,8.95758482109149e-06,-3.06829319634535e-05,-1.95541985757618e-05,8.20075723868972e-06,8.22100020118733e-05,-7.03742876092235e-05,1.02487108739722e-05,-0.00282136388185478,-0.000342515802754077,2.13484601101511e-05,0.00165593546282795,-0.00234844264761136,-7.01083523599062e-05,0.017349330832862,0.000133578139690244,-3.34377986746711e-05,-0.0113557045285137,9.29930306319999e-07,1.05796895889668e-05,-0.000241771458641458,1.84232935129813e-07,0.000129201273180246,-0.000127546441814239,-3.61660528363128e-05,-4.60254968758664e-05,-5.43218512593942e-06,3.91823914512235e-05,-0.000519696103300896,-0.0807889906366158,0.000261915850919412,-1.54801558646353e-06,0.000288578475907598,-3.96737274201294e-06,-2.82105704667735e-07,1.03319882780309e-07,-6.95330773821074e-05,1.0347119520477e-07,-0.000145262479421494,5.3096221709441e-08,1.89696724514835e-06,4.95874886719527e-06,-1.57566522716447e-06,2.33941696888124e-06,-2.55332471501054e-06,3.15335229553704e-06,-0.000357767779000993,0.000399618336674055,-6.25828101336644e-05,2.29294609603135e-05,-1.33065081967735e-05,2.91237282364118e-05,-0.00323533822611782,0.000254200553556992,1.44223702372108e-06,-4.24915776787259e-05,4.43888690798569e-06,-0.000111754103797446,0.00011875810850783,0.00413872844598832,3.09464216760639e-05,-0.000128651330608561,1.05511080073797e-05,0.000705006455806157,-3.14611232184831e-07,0.000211094427305446,-0.00890331701765246,-4.35846949743383e-05,0.223685573682525,0.0575220461882605,0.0139760824854027,0.000274610934331706,-0.00167102912187135,-9.1992511311301e-05,-5.29665269678937e-07,0.000204742589661904,1.03565345977478e-05,-0.000306321206186101,-1.77024942103129e-05,2.53254745162627e-06,3.14358885866316e-06,0.00601708477334257,1.23409850652268e-06,-0.000342638845881989,7.56859466193422e-07,0.000147583348654114,-7.82863411376843e-05,2.63346617594426e-06,0.000114039461409298,1.39107991062222e-06,9.51710883627941e-07,-1.27252112928538e-07,4.83017299303041e-06,5.48251006776373e-07,-1.78275657211815e-08,-1.7992530923463e-07,9.62936172649444e-05,3.18111479512766e-05,8.32035694351934e-05,6.91361019446394e-07,-1.41311832414974e-06,-2.52750720359065e-07,3.48648024600053e-08,1.29665651256551e-05,2.47022274176902e-07,5.11200781193574e-07,2.25764390154449e-08,-9.71030090953851e-07,-4.43055232807125e-05,-5.00064080943406e-06,2.04603868819149e-05,5.76737343551385e-06,-1.22775895461956e-06,-4.99650422020178e-09,-1.55462850543752e-07,-7.01234416469871e-08,-0.00059261212042608,0.000968451450632505,0.000508482034340662,-2.57296662218763e-06,-2.08483123003334e-05,0.00154157204589763,1.37168371399772e-05,2.17007177177223e-09,2.22273225723727e-07,-0.00051739942488994,-3.12961695925048e-05,-5.46510205586507e-07,0.000630031412102627,1.4657512160164e-05,3.49571838149221e-05,6.05013159616563e-05,-1.53270512036084e-06,-9.7383200857406e-05,-0.035265655931267,-3.32721055646765e-05,0.335948414169637,-7.15674734158077e-05,0.00106977790541692,1.18892087804178e-07,0.00169145054723143,9.94514277729617e-06,2.14645972231945e-05,0.0073172227132069,-4.07714011679238e-06,-2.32807997704537e-07,-6.99910789659505e-08,-4.52895148954852e-08,1.08818377676434e-05,3.91608959565804e-06,1.6855187969162e-06,-1.51859273171836e-06,-3.11457550082685e-07,-1.21969744828115e-06,2.79525609787431e-06,1.50742092472855e-07,1.40790183218721e-05,5.62451001948092e-08,9.53977747073458e-06,2.24017420133168e-06,-1.01361265808983e-07,-1.69558626720109e-08,-4.06836711469042e-07,-1.389770500158e-07,2.4651263234265e-08,-1.17713405829254e-10,-3.00714471783187e-07,-1.10808457850479e-16,-5.91358859457168e-09,9.27250710745092e-08,-2.96036656012861e-08,-9.493020920672e-08,-1.46724698895713e-06,2.04408431424634e-08,-3.49747894401258e-07,1.5965439470344e-07,-3.10012498882821e-07,7.03183706159204e-07,-4.40185644117295e-08,1.87431539261423e-05,-1.24919217965269e-08,1.38625633992213e-06,-1.23343514516633e-05,6.02828943341672e-09,-4.11370838814592e-10,2.01932841621638e-08,-2.01043636968198e-08,3.17541932466981e-07,8.32712547900802e-06,-1.6021920556273e-06,3.19341164931564e-07,-5.83576206307513e-06,6.85696467405613e-06,-4.17902676586646e-07,4.29554057696926e-06,-1.45457821885956e-06,5.80087208458471e-09,5.05063486776359e-05,2.45474557692266e-07,6.88734556885955e-05,5.28399286250027e-09,-1.63674274331439e-06,1.48696140788858e-07,-1.90850076750267e-07,3.02828874870289e-07,-5.86797304532127e-07,4.58461350852772e-07,-3.36567075183705e-08,6.50488809792959e-06,-2.83227380068692e-08,4.66099858304385e-06,1.12231665042959e-16,-1.15017633835118e-05,-1.14478376114957e-06,-1.22573720642383e-11,-1.07855634701904e-07,1.59438932320759e-07,-9.90518234284246e-08,-2.81570245014993e-08,3.33037905210112e-09,-1.48891172594302e-07,5.63123761075443e-06,6.23374799883264e-05,-1.78271062690872e-08,1.09394570603014e-05,-0.000278024484867638,7.03046689764792e-07,-1.3696617855391e-05,1.95934905264134e-07,3.42206062698317e-07,5.2808384614478e-09,1.42662935209055e-05,-1.84805084059697e-06,8.16941470830685e-09,-2.55614627487379e-06,2.99055139595337e-07,-1.08578500655149e-06,8.50845696829073e-07,0.000211836683474078,3.34324661081701e-07,-1.08270600122897e-07,-7.1494715477614e-07,7.2534326234496e-08,-3.34784644759489e-07,2.83364284267048e-05,3.72495122275534e-06,-1.67597739877045e-05,1.01542830215555e-17,1.4783869799582e-06,2.73011274854005e-07,-4.09656367501192e-08,0.000132105170913572,5.68770277430411e-09,3.44419262954554e-05,8.15369085895797e-06,-1.09057290990343e-06,4.66019894405017e-06,-8.6764928991639e-18,-3.47313106468519e-05,-2.74788129647539e-09,-3.59436955960187e-05,4.9566551787398e-08,9.0617320932054e-07,-1.78388103858375e-05,-9.81080258362876e-06,2.61177788138995e-06,-2.59314988528688e-07,1.62955855440914e-05,-5.21921967411965e-08,-4.98410891309264e-06,-6.65187738810059e-09,-1.03658226278816e-09,-5.16595019183374e-05,7.34140686309171e-08,-1.46674365065996e-05,-1.39553461263099e-16,-3.90170977568846e-07,3.06629743299872e-08,8.83702369839083e-10,7.88201597735733e-09,-1.19968779388061e-05,-5.66910208004839e-05,2.51262804562078e-07,-9.22199523347967e-07,-5.33473815154963e-07,-3.04728534375587e-16,-0.000274620816464397,-2.83957551209754e-08,-1.11835129758597e-05,4.32062765767695e-16,2.18111572965533e-06,2.79280204936917e-07,-4.290325344854e-08,-1.74616382390504e-05,-5.53559745152265e-05,-3.02205468525581e-06,-9.85207857136754e-07,3.04359539629688e-06,2.20722630706253e-07,1.22290843671563e-08,2.83605727457506e-06,8.5956836905318e-08,1.69803596851056e-16,-3.41587887144732e-08,1.26399957427955e-06,5.45119350693552e-07,-3.42622706989031e-06,2.07779828215458e-16,-6.99199651594825e-08,1.28831894015218e-08,-1.47343654653936e-06,-2.13906864852948e-08,-0.000218375069469034,7.09439690081791e-08,-9.48474097959549e-07,5.06637056959725e-06,-1.2712679080353e-16,1.81258227673082e-05,-8.58537060502255e-08,2.48825883360114e-07,2.66710328470078e-05,-3.50508157174553e-08,-4.42561921951618e-08,5.759281940243e-16,-1.51769115596339e-17,-4.05946760731585e-08,-4.6698196286274e-08,6.16020966274061e-09,-6.34142020023884e-05,2.05645356035896e-15,-3.14440389461873e-06,-3.69462795905066e-08,-4.68281052778377e-16,-2.61990205259816e-16,-2.64580699998788e-16,7.1840117982216e-05,2.03167900153298e-07,-2.24565312816798e-07,6.78150975030664e-06,9.62105824326492e-07,1.76741659602875e-07,-7.66134208759605e-08,1.00230946908205e-16,-1.64829977890627e-08,4.59815590355148e-08,2.28312049041129e-16,1.74523950448436e-15,-2.80409019009609e-08,-4.6156082303249e-08,-1.62925285978385e-08,4.08321873814387e-06,1.56929576887285e-08,-1.79308801196876e-05,4.30486029777752e-16,-2.19565161221937e-07,-7.80286725330871e-16,-7.06943887023554e-06,3.90990408452585e-16,-1.7075261224949e-08,1.69916308785399e-16,6.94623946031996e-08,1.82534833564153e-08,7.87434566497665e-07,1.07750265908348e-06,4.74639219869019e-08,-5.39063521287169e-09,3.38572253210613e-08,2.01582437565611e-08,5.46548963530328e-05,1.9019422550942e-07,1.10545333972717e-08,-3.06151028187644e-08,-5.04956551989497e-05,-4.24893350866435e-07,-1.36280854522976e-08,1.20433150333873e-16,1.24158232597034e-07,-2.07253887340578e-08,9.57649056992409e-09,-1.86133508302703e-15,4.86846868140762e-06,4.5672665515528e-07,1.41843145036367e-07,-1.15637456858319e-15,-3.38316653363439e-08,-4.97617635029299e-05,3.72648273003807e-16,-2.06396159415195e-08,3.30032458981785e-08,-4.71573067816826e-17,1.38625986655075e-15,-1.00474055167475e-09,-1.49464018128386e-05,-7.42213582258283e-08,-1.17528392770457e-05,4.54700497542275e-08,1.10012295024759e-09,9.79634455010473e-08,-7.02673678816281e-09,5.60466566837783e-07,-2.17024748866423e-15,-1.33835168179499e-10,-9.47751070834582e-08,-9.09314019342409e-07,-3.4551110980189e-06,1.47825670691733e-15,-2.00884281253316e-16,-5.90225906308438e-07,-1.37538074615981e-15,5.27656611040057e-15,-1.47271166840556e-07,2.47422509464547e-07,4.64509565285014e-08,3.46418676066197e-07,-1.64433560087974e-06,-4.33114051455138e-07,-5.83996288224026e-07,-2.42194845038572e-15,-5.64041655252303e-06,-8.62746240915227e-06,-1.46765434572396e-06,1.82968976819073e-07,-1.36512292116255e-06,-1.76349886014085e-14,-2.44059403373798e-14,7.89301323595831e-14,0.822809397687159,-1.60774602069526e-07,-9.72437403363555e-06,1.12335783593937e-14,-6.36927498416289e-08,-2.00171530331872e-14,7.06968816774645e-15,4.10497336207878e-06,-1.02140418052416e-06,1.87436871579294e-15,-7.54993972658644e-06,-9.633193813573e-08,-8.6390170946544e-16,1.97549428820612e-07,1.13683043402227e-15,6.65030500390745e-06,2.77971659521772e-15,6.58133259554885e-06,5.3963100384413e-07,1.94167127495094e-08,1.90002541645594e-06,1.27866408118287e-05,-5.69285740483697e-08,1.61617918429258e-06,1.84852980122422e-16,8.82858104684049e-07,-4.94600737045085e-08,-3.67256536752452e-16,-6.45318071729139e-09,-1.2929379447157e-07,2.96050241108484e-08,5.07864217774987e-16,9.07583630234527e-08,1.19055147930616e-07,-1.43426352906662e-15,-3.26860806666375e-06,-2.46837774090998e-06,-3.30913522321385e-09,-4.52323313146363e-16,-1.39286878434141e-16,5.69218531142406e-08,1.79380750962463e-06,1.44691735853761e-07,-2.1081817540681e-08,9.93576649583222e-07,-8.89932734886121e-16,-6.44513644923095e-16,3.60801942340328e-06,1.08477873296231e-08,2.63587578760724e-15,8.63907781344863e-06,1.83634374602013e-16,4.25307702903915e-08,-7.12387575294935e-07,-2.63006479980561e-05,-5.76142377629683e-05,-4.32974388648907e-16,-4.8746703135769e-16,-4.81355555854879e-18,4.64114060121616e-16,-4.70645998411901e-09,-1.62965083789586e-08,-9.29488482250102e-16,1.29293931811386e-15,-4.88326774287603e-16,2.27944746462314e-08,2.04298551557177e-10,-1.1169608127597e-08,1.46718688005118e-16,-1.3394504689429e-15,-6.72313767158261e-16,-4.68632573706754e-07,1.43299943244247e-08,3.53473951349665e-16,2.49450313710301e-09,-6.50560755334159e-08,5.76410972807584e-16,8.15457834246173e-16,-4.63770068871491e-06,-4.56416707074273e-10,-2.28658102608268e-06,-6.24400315929107e-16,2.46064106878342e-08,3.95735615269773e-07,4.22618974704509e-07,-1.56744442222378e-06,-9.28653804300368e-08,1.5073133033181e-09,8.06481350179312e-16,2.02424855148777e-16,3.6688866228205e-17,2.8223792304769e-08,-2.55497146204927e-08,-2.76085759628446e-05,-7.4917950744461e-09,2.45782846793171e-16,-5.02475551885142e-16,7.14321051937116e-17,2.82314666672117e-16,-1.75726126109201e-16,3.5454007550829e-08,-2.4586475001282e-16,-1.0158091525623e-16,-5.9243028986949e-07,-3.00162618986857e-16,-5.30425079548689e-07,7.41632739240521e-17,-1.81755092452448e-05,4.37685983450865e-16,-2.18735810764662e-05,-9.88012384687296e-08,-8.70033419773916e-08,2.5065500033903e-17,3.15864826689762e-06,-9.09561789994359e-17,4.77285376846364e-07,-7.54678405551022e-08,4.17542283078876e-10,1.86314682466999e-15,2.29404129264236e-06,-7.6635442210285e-16,-1.64554883497746e-07,-8.39878852701246e-08,1.9726073855239e-16,1.85914484405741e-16,-5.39249897490621e-16,2.32944098253307e-16,-1.27029810374271e-08,-3.7771700103254e-07,-8.42681738603903e-08,-1.31759108195943e-16,7.81448710836125e-17,-8.60057323450468e-09,7.01457034746941e-08,-5.59363242012709e-16,-1.71908411885281e-16,-1.39310812978502e-07,-2.66486732582536e-16,-2.4647770659838e-05,4.29203648929287e-16,2.459733364486e-07,2.74531227955607e-16,-3.20736715340686e-15,9.45004218284163e-17,-2.20008320123011e-16,-1.61538887932775e-16,1.66998751637203e-16,4.70401900684384e-09,-3.28960405409118e-08,-8.26960137226589e-19,-2.18034442599158e-08,9.15416330601654e-07,-7.99342753192882e-17,1.62391298033156e-16,1.24245921485166e-16,3.7972526065116e-17,7.66589377421396e-06,1.33999947302803e-07,-2.55387684818561e-16,-2.91485691108548e-16,-1.63176468616643e-07,-5.2702420404828e-08,-7.97652667644524e-10,-3.75217847336783e-16,-1.1421480701922e-16,-8.02883184873469e-17,-3.93295069090912e-18,-7.53773260765028e-18,-2.01973301127657e-17,3.1855941597236e-06,-1.10210663242174e-06,-5.7885831259586e-07,9.94652337151909e-17,7.31945277850518e-17,4.60574421063229e-17,7.69556182645717e-17,4.82002034870945e-16,2.12619021287731e-16,2.3833242613587e-17,-4.18451269356351e-17,-3.79680565163602e-17,-7.83740583202921e-17,-4.24032506515661e-17,6.67388423263751e-17,-3.2877032286035e-17,-5.17069452537194e-17,3.06675521974095e-09,-8.62842068968336e-17,6.30073119510223e-16,7.84685803467326e-17,4.33707807974812e-08,-1.47003931018913e-06,-1.89212737719288e-16,-1.11894022155591e-09,3.95777655729507e-08,3.74843628068765e-17,6.69769977277199e-16,-7.6211784991429e-08,-3.01966207905258e-17,9.71526467145173e-10,-2.03471285981541e-17,-1.58502076796427e-16,-1.24950944790416e-16,-2.44443319265247e-16,2.66172304270354e-06,-1.3018850902312e-07,-3.35527640006837e-16,1.01296331885986e-16,-7.66858204313601e-17,-2.97400679815057e-16,-2.11094162982928e-16,-1.19154744479952e-16,-1.15117835209988e-16,-1.84531044679096e-16,1.55375630972358e-09,9.65930117608104e-17,7.08130227602095e-17,-6.06830657015405e-17,-3.31953887855741e-17,-2.49194058527295e-16,-8.05944673436157e-16,-3.37244943240464e-07,9.2122492433332e-17,2.52855780672505e-16,2.28069106700694e-08,4.91668389729861e-16,2.61574230155289e-16,7.66648673626025e-18,3.88690829049014e-16,1.89567271023051e-08,7.10719630849046e-17,-1.30131763200591e-05,-1.46315794080622e-16,3.79775384369786e-17,-2.37553381463426e-16,-3.5757580571635e-16,1.16005958108108e-16,3.2217070634984e-16,2.26154107410074e-08,-1.02472332189042e-16,2.48656618194433e-16,2.85307787431325e-09,-2.82009538784657e-06,1.10675754761705e-17,4.84988055341398e-07,6.59035560823968e-07,9.55312041090508e-17,3.09695846997528e-16,-5.33075176716768e-17,7.32259996585662e-17,-3.78505755667109e-16,-1.10204234310395e-06,2.04692734740516e-16,-4.69732361177256e-17,1.84265832985559e-16,4.4072580561146e-07,8.83095286667e-17,4.08667651132303e-16,3.42909831434458e-16,1.78572953974547e-16,-2.00515676771189e-07,-1.71534074613591e-16,5.90946111807285e-10,3.88632077749771e-17,2.53106946249428e-16,5.41584213261147e-16,-2.08261671083815e-17,7.66654554047988e-17,3.98882860607558e-16,-2.84129292093816e-17,-1.02341044544929e-08,8.98607230769107e-17,-4.08118095846102e-17,4.30060426155683e-09,2.83579935229206e-16,8.43579249254378e-17,3.27329339979581e-16,-7.76804756879039e-17,-1.31698314126599e-17,-2.62362921150378e-16,-3.11337621049073e-08,1.6231806894027e-16,-4.3471137137278e-17,9.26515848342783e-09,1.3473708271226e-16,7.89512105453189e-17,2.52525239515667e-16,-3.14283111859412e-16,3.26593912719648e-16,-2.5274430283349e-17,4.4712982187183e-17,-1.69544397913064e-16,9.3428440816506e-17,1.86140198339675e-16,1.5941344952008e-16,-4.85045053482574e-09,1.6080345901121e-08,1.32782246845134e-16,2.97099197594065e-16,5.4248999275797e-17,-1.17614010672096e-16,3.14201789586299e-16,-1.76429640508442e-16,-2.50714620464432e-16,4.64122278322874e-16,-1.53078015063041e-08,7.99923700278498e-17,-1.25261431446534e-17,2.97845545940762e-16,-1.36678615962534e-15,1.78024483619755e-09,1.59263273765336e-16,-2.81991905838295e-10,4.722792859733e-17,-4.23533501826712e-17,-1.78712283725638e-16,-2.05840730585061e-17,-1.08330118243066e-16,2.83088726843076e-16,-4.90675817801425e-16,-2.86695186495616e-17,-9.14201500636173e-17,-2.56742024556423e-17,2.97266745588932e-17,-3.05831431526851e-17,8.25447586050741e-17,3.35177408539941e-17,2.7030474801989e-17,-1.03087195523409e-16,1.81833168668576e-16,9.21703990219457e-17,-3.10035525432118e-17,-1.35311289335162e-16,-2.09684700158697e-16,-5.61552578893648e-18,5.83370329502996e-18,-1.35363151979575e-16,4.7009716712379e-17,1.35879085655527e-08,-3.21774760082042e-17,1.22292150087463e-16,-5.58909718519339e-17,2.62459192237845e-17,-3.336035640691e-17,-8.85524564928122e-17,-3.67799372528528e-17,-5.57459494004963e-17,-1.08206471684548e-16,-8.29601070903352e-17,2.0794997668272e-16,1.23710679987988e-16,9.75708947008294e-18,1.78331685781719e-16,-8.64807084584563e-17,-2.8045549236207e-16,-7.22518839371865e-18,-1.58051677714531e-06,-4.30494453166468e-18,-5.20879927772075e-17,-1.27401257661434e-16,-5.36409564542809e-17,-1.27041433879157e-16,-1.93211323107671e-16,2.38008164482637e-16,2.37254935192317e-16,2.58117744283005e-16,3.99009022480623e-09,5.2197203922023e-16,-2.4162533477084e-16,-2.7967999149239e-17,1.91309693987229e-16,2.08588160295665e-16,-4.4827704593862e-16,3.70100331398302e-17,3.27793676805366e-17,1.05729001585882e-16,8.63875127501493e-17,-7.5713656478288e-20,1.2380851018587e-16,-8.8548225963758e-17,1.85445989365949e-07,4.38924818275317e-17,-4.0938899174013e-18,-2.4308169318482e-16,-4.84855211535518e-16,-5.50437596561884e-09,-1.79996452584056e-16,9.72705453266897e-18,-1.77255214939051e-17,-1.26716954765067e-16,-1.6607304449463e-16,-5.32641537983949e-17,2.15732185073263e-17,-3.71421838187723e-17,-5.63242708362566e-17,1.6542616764006e-16,7.19991038413207e-17,1.25923474721529e-16,1.38487038571607e-16,-5.50925646461996e-17,-1.45618755812028e-17,2.60438602192198e-17,1.99440260736409e-17
"t746",0.0361226235322474,-0.0111470310601121,-0.0122486891271089,0.000778972221101824,0.00830281755130938,-0.0312213801245642,-0.0047515033065706,-1.76325860434305e-05,0.0470328443966972,-0.00223887540127787,-0.0022621368055619,-6.42773125108818e-05,0.000235603953873411,6.42195027082859e-05,0.00317696694693618,-0.000147109594492198,-0.000126261283023344,1.88917282144605e-05,0.0117161715054515,0.0296823472788622,-1.73292216592393e-05,4.04973748871774e-06,-0.000206289018605629,-2.56724446053881e-06,3.66940447949675e-08,-6.58569407937161e-05,0.000841883103038047,4.92386152889184e-06,5.04280189050602e-05,-0.0017108537364324,-0.00045375199094272,0.0135134120156749,1.05437176656127e-05,-0.0162431859549704,0.135102778199285,-0.000978924462517549,-2.71036332643352e-05,4.0713020953645e-05,0.00428120122582856,0.000771664040465939,5.84005275351818e-05,-0.000139069265615662,-2.69825512339751e-06,0.00019895124277287,-1.86556617262697e-05,2.19293171510562e-05,-6.56446672986569e-06,0.000127580779711824,-0.0523119737323764,0.0930132791048351,0.000306150629589256,-0.000204310838930138,9.36418724711661e-05,-6.10171958476497e-05,0.318953809581777,0.00393332195456536,0.0285054431204641,-0.000477520807708679,0.00415763193577511,-6.37736356823639e-06,-5.61371271455539e-06,0.000283063111807508,-0.00016260673385004,0.000120470609072994,-0.00115112745339018,2.2067598918613e-05,-0.0115102273924083,0.000382208656996743,-9.17974190462167e-05,0.000407773544379209,-3.25550914893614e-06,8.38553461241323e-06,-2.86981671724471e-05,-1.82556899443981e-05,7.65439885356935e-06,7.66710783818024e-05,-6.56116334498663e-05,9.53986968790454e-06,-0.00261654563830957,-0.000317166705264944,1.97161996964368e-05,0.00152843669126189,-0.00215824915778564,-6.43444552153171e-05,0.0158295277417914,0.00012167539537791,-3.04067595780386e-05,-0.0103234916558315,8.45340292530112e-07,9.61557410888037e-06,-0.000219595633842371,1.66279792121124e-07,0.000116541536771683,-0.000114581503798022,-3.22539593468316e-05,-4.1000550825229e-05,-4.83885669191072e-06,3.48013189015872e-05,-0.000461082588327868,-0.0713763322983032,0.000230588212231853,-1.36242673195748e-06,0.000253890596784679,-3.43179556200699e-06,-2.43694447460171e-07,8.91576820882968e-08,-5.98884053590323e-05,8.9071576571493e-08,-0.000124928336670385,4.55976639985364e-08,1.62829413162294e-06,4.24433757151887e-06,-1.34819567987955e-06,1.98629788068909e-06,-2.16425620999832e-06,2.66282405180076e-06,-0.000301597420023783,0.000335268436916223,-5.22577262663688e-05,1.90768116806318e-05,-1.10474744241949e-05,2.40001942713085e-05,-0.00265295844649161,0.000208402812601951,1.18154057290877e-06,-3.46282065541631e-05,3.61583399624945e-06,-9.06105479248137e-05,9.49600096088335e-05,0.0033088320367549,2.47120557202959e-05,-0.000101718353685206,8.32556909386157e-06,0.00055548766951445,-2.46383315281749e-07,0.000165173811532324,-0.00687311918281306,-3.32620460143682e-05,0.167891058043561,0.0431531315075018,0.0104537455757684,0.000205087776886075,-0.00124488197294293,-6.84671046706965e-05,-3.94207988146276e-07,0.000151325734980785,7.54469456264796e-06,-0.00021970346779805,-1.26456886242673e-05,1.79269756223636e-06,2.22358814669799e-06,0.00424096332945452,8.67973309661056e-07,-0.000240400560454581,5.18739634742471e-07,0.000100754634588358,-5.3295488763726e-05,1.66777805438254e-06,7.07618232672685e-05,8.60369545539233e-07,5.77814611981286e-07,-7.6955926052399e-08,2.84704351399233e-06,3.22106108604542e-07,-1.01926208783439e-08,-9.99921489001002e-08,4.86063561550918e-05,1.59957712576391e-05,4.17961756292962e-05,3.42039572532153e-07,-6.86255862940893e-07,-1.22407871445126e-07,1.6231403935467e-08,5.95779855088197e-06,1.1017429030737e-07,2.26272286649676e-07,9.95362481204799e-09,-3.95456563108533e-07,-1.63669032274288e-05,-1.81294362370016e-06,7.28170176792108e-06,1.9357225961558e-06,-4.02186558493706e-07,-1.59663129085328e-09,-4.84805503260059e-08,-1.9986762118776e-08,-0.000164822628137775,0.000207415940518119,0.000107752775500659,-4.84917036028519e-07,-2.46107194131021e-06,8.02009870692024e-05,3.75786992469864e-07,-2.43455174910513e-11,-9.26021019894022e-09,7.32688189027418e-05,5.17479132235756e-06,1.19337370988202e-07,-0.000155249229340743,-7.39425457203034e-06,-1.81360559809195e-05,-3.98779090802778e-05,1.25743703467177e-06,0.000131019861306681,0.0475534498655931,4.69342191935295e-05,-0.544418159342231,0.000127872596136115,-0.00250030298661558,-4.00816281763127e-07,-0.00805224597503191,-5.34479333639881e-05,-0.000236286340387035,-0.160320177272501,9.15949999362712e-05,1.8601928302136e-05,-1.19623398462475e-06,-6.40438751748975e-07,8.40845320867027e-05,2.3788958645349e-05,9.58129631898814e-06,-6.95377186998391e-06,-1.36833600117059e-06,-5.13798464644263e-06,1.05428409763005e-05,5.57498067773635e-07,5.18253916244902e-05,1.88616385790711e-07,3.04812064712011e-05,6.82241681568752e-06,-3.0257374778462e-07,-4.96268504522189e-08,-1.1699723808427e-06,-3.97738460581956e-07,6.76525386424847e-08,-3.15436510716193e-10,-7.8663537111816e-07,6.28227612781366e-17,-1.49853257979843e-08,2.33565582878365e-07,-7.17496524186628e-08,-2.24033932844733e-07,-3.39340583618247e-06,4.72198394865563e-08,-7.81093894509759e-07,3.54681572610762e-07,-6.87064788979144e-07,1.54117296482238e-06,-9.57786070150495e-08,4.02676271304127e-05,-2.66923544465524e-08,2.95559550111077e-06,-2.59921447914921e-05,1.21670633668393e-08,-8.19265660466275e-10,3.97970225066335e-08,-3.88012650485604e-08,6.1199536320407e-07,1.58385287102321e-05,-3.02628030484238e-06,5.97509379410366e-07,-1.08873258434389e-05,1.27542093386274e-05,-7.74161554398093e-07,7.91122405137666e-06,-2.67719718914245e-06,1.05305607904276e-08,9.16586708543705e-05,4.453358976345e-07,0.000124511949897574,9.54035464490674e-09,-2.94337006121684e-06,2.67206199703612e-07,-3.35598288143192e-07,5.31351405373187e-07,-1.02786813129239e-06,8.00025295847211e-07,-5.85588404441826e-08,1.12458053608939e-05,-4.88776559509966e-08,8.03248041968686e-06,4.86678057056071e-17,-1.9729556516448e-05,-1.96253510303501e-06,-2.09726678640687e-11,-1.83736764544706e-07,2.70630427252455e-07,-1.67849525787459e-07,-4.76750132999108e-08,5.58358614081897e-09,-2.49476027693513e-07,9.43395726322386e-06,0.000104155265654391,-2.95752202404537e-08,1.81274981508863e-05,-0.000460340141760702,1.16108755265769e-06,-2.24182909500425e-05,3.19614768367108e-07,5.58109561503867e-07,8.61211659476567e-09,2.30911917050298e-05,-2.96920431198191e-06,1.311438287714e-08,-4.09843142188816e-06,4.78817850064989e-07,-1.73772051800185e-06,1.35722412607402e-06,0.00033783168366922,5.32946604687894e-07,-1.72544759767321e-07,-1.13832754857023e-06,1.15375561057955e-07,-5.32059320305057e-07,4.50173833614029e-05,5.9141417781737e-06,-2.65768172914919e-05,-7.64139260266231e-17,2.33069878133709e-06,4.30219506165111e-07,-6.45160534470772e-08,0.000208046558565057,8.95714998032508e-09,5.42325976124854e-05,1.28356545307149e-05,-1.71630816036092e-06,7.33021528450191e-06,7.94142946255149e-17,-5.45780132281038e-05,-4.31770617890641e-09,-5.64672541184318e-05,7.78670345027373e-08,1.42305403509672e-06,-2.80102199775261e-05,-1.54028747071803e-05,4.1003165300952e-06,-4.07127486931568e-07,2.55893745000202e-05,-8.19754411336943e-08,-7.8293690544478e-06,-1.04502205378727e-08,-1.62879818093871e-09,-8.11751988494875e-05,1.15376509202861e-07,-2.30539905526198e-05,8.28460855081775e-17,-6.13960579486516e-07,4.82639017411685e-08,1.39096180985614e-09,1.24174666518466e-08,-1.89028409132753e-05,-8.95051402997486e-05,3.96959011597821e-07,-1.45713634399628e-06,-8.43359677723132e-07,-1.48915634285608e-16,-0.000434409982708266,-4.49285004249235e-08,-1.77109676124225e-05,6.10839662007655e-16,3.45776466499118e-06,4.42860931929706e-07,-6.80417186364169e-08,-2.77007000907577e-05,-8.78569911731606e-05,-4.79812934184603e-06,-1.56467012664262e-06,4.83796163717414e-06,3.50887936148934e-07,1.94530000054316e-08,4.51648789123434e-06,1.36896396169568e-07,-5.14563602614717e-17,-5.4530952701505e-08,2.0187135534094e-06,8.71445792325719e-07,-5.4856308169038e-06,1.75088462836896e-16,-1.12339556835866e-07,2.07884058163704e-08,-2.38245191781039e-06,-3.46215471001244e-08,-0.000353874521162464,1.15229672981416e-07,-1.54662221083147e-06,8.35104104308584e-06,5.5939756254792e-17,3.02031136106374e-05,-1.43202449390668e-07,4.15924617227769e-07,4.47176259321881e-05,-5.87814022050556e-08,-7.42842379812644e-08,1.31838984174237e-16,5.67634009242176e-17,-6.84930953761263e-08,-7.91640989221174e-08,1.04492442716469e-08,-0.000108043139509499,3.70627040910084e-15,-5.41265964317671e-06,-6.39061905365131e-08,-2.15632990083903e-16,3.31838226228892e-17,4.44247040450421e-17,0.00012630626542598,3.57993755113612e-07,-3.9883701255272e-07,1.21290949301269e-05,1.72222836493872e-06,3.18878245960941e-07,-1.38355169215902e-07,-1.11211006416195e-16,-3.02832293519675e-08,8.50277728935134e-08,-2.8821819505145e-16,-2.34739825185548e-17,-5.33071082003268e-08,-8.83854645320669e-08,-3.15172174384191e-08,7.95491090975532e-06,3.10105254124992e-08,-3.55172563626071e-05,1.50147963980888e-16,-4.36346331039303e-07,1.01976959386054e-16,-1.41868033516562e-05,-3.50359932038691e-16,-3.45220633096068e-08,-1.02172339066605e-16,1.41818453565869e-07,3.73430086009623e-08,1.65742042928409e-06,2.28270814013216e-06,1.00830356180872e-07,-1.15934808078048e-08,7.36318649669279e-08,4.50699213600509e-08,0.000122229219625284,4.29219362933259e-07,2.53833216123965e-08,-7.2063828347663e-08,-0.000121557887788896,-1.04224602647972e-06,-3.37529605888164e-08,1.78340427065581e-16,3.17394704852496e-07,-5.4777720939553e-08,2.83602890457255e-08,6.36516792902241e-17,1.50022727730351e-05,1.50584357705063e-06,4.82938468909383e-07,-5.00497359360723e-17,-1.17212178076728e-07,-0.000185991297301796,-1.62680973072819e-16,-8.04462060856974e-08,1.82888395627696e-07,3.20500745927575e-16,7.78488249751615e-17,-6.9301257718928e-09,-0.000105546866632535,-5.92032272022894e-07,-0.000111613730143444,8.19784501811052e-07,2.16391270583232e-08,2.21634046440069e-06,1.94739975496291e-07,-4.88595612105348e-06,5.41721615482382e-16,9.02765258858449e-10,6.14418143642567e-07,5.16911911781825e-06,1.69987073552075e-05,-5.5811722786287e-15,2.61094414255845e-16,2.4268432002066e-06,6.36552157912318e-17,-3.55961399084462e-16,2.50778778216758e-07,-3.69140821851393e-07,-6.91118196380539e-08,-3.87982618040456e-07,1.7722145791574e-06,4.62971828930893e-07,5.91884991541583e-07,1.86952290127016e-18,3.14070905211507e-06,4.16396915496688e-06,6.74383513094096e-07,-6.45947561857189e-08,2.59332026104995e-07,2.55274973692981e-17,2.12727102694131e-16,-7.48588593245165e-16,-0.0056351821084979,-9.38803459598052e-09,-6.13353503665463e-07,1.09253807882346e-16,-7.60184999380452e-09,4.99025726056621e-16,1.05275706729619e-16,1.28655770001099e-06,-3.22167955317962e-07,2.01661604082304e-17,-2.66422365665342e-06,-3.59618037363616e-08,-2.79151163791485e-16,8.14449882502117e-08,7.20944588224711e-17,3.02422218436768e-06,3.84251664691527e-16,3.01655736198882e-06,2.48833530728415e-07,9.01364454837431e-09,8.90166341324328e-07,6.11153518212516e-06,-2.91194131276024e-08,8.94796532493653e-07,-3.15021298195335e-17,5.29450564276916e-07,-2.98862087984374e-08,-1.702986326056e-16,-3.93776029534283e-09,-8.02613227182202e-08,1.86507197828597e-08,-2.58836122813867e-16,5.98487319871634e-08,7.91623725345202e-08,-2.34798010563774e-16,-2.19670630392478e-06,-1.66743141133149e-06,-2.27662822450567e-09,-3.82953630386066e-16,6.40104063347606e-18,4.07194737678749e-08,1.30266656593206e-06,1.05389001522325e-07,-1.62411878462157e-08,7.71575103082324e-07,6.3120924075969e-17,1.88461273676473e-16,2.81687632076429e-06,8.4748173675436e-09,-4.5712453956778e-16,6.80829976370727e-06,-4.14659233175063e-17,3.37901203850678e-08,-5.72025414454939e-07,-2.11341301961689e-05,-4.64290960201772e-05,-9.19611959273836e-17,-5.8915486419985e-17,3.56218274594323e-16,-7.07809955812391e-18,-3.88512752194583e-09,-1.34774899471294e-08,-2.47446680523241e-16,1.57420782400454e-16,2.31505402277224e-16,1.89752161268677e-08,1.70539120685316e-10,-9.3923474516264e-09,1.85541478799582e-17,2.64409804814902e-16,8.67361737988404e-19,-4.03179644502551e-07,1.23376388454499e-08,2.28964219308724e-17,2.16522332309542e-09,-5.66480319514609e-08,-7.78497168992236e-17,-1.85474367615317e-16,-4.0677127903083e-06,-4.00549616482159e-10,-2.01494682277318e-06,-1.40123796230719e-16,2.18276835694407e-08,3.52292187798023e-07,3.78037157612195e-07,-1.41099915837136e-06,-8.37349708016763e-08,1.36326830162695e-09,-2.59693610716172e-16,-1.93200653119538e-16,-3.62068154745554e-16,2.59444440246535e-08,-2.34918415116425e-08,-2.54340898653872e-05,-6.96679056181832e-09,-7.78914105860502e-16,1.42789120905661e-16,2.38351889960372e-16,2.45121694221716e-17,-1.2926754873657e-16,3.32727240625693e-08,-1.17972141644829e-16,-3.70653911523979e-17,-5.57883150126393e-07,6.42530499961227e-17,-4.99583444935383e-07,-4.71190019242505e-18,-1.7123859239664e-05,1.09169561072266e-16,-2.07255899063577e-05,-9.37392215228196e-08,-8.27098571396486e-08,1.24901466833765e-16,3.0099902693106e-06,3.34501367657164e-17,4.57146372025517e-07,-7.27415772589792e-08,4.02566350201125e-10,1.49564743931543e-15,2.21719095352292e-06,-4.23907930826724e-16,-1.59643413434308e-07,-8.14959075558124e-08,7.30412145182505e-16,-7.97483710032762e-17,1.46210103904179e-16,1.57216784360003e-16,-1.23632439824863e-08,-3.67902592794797e-07,-8.21525607264746e-08,2.73927608288889e-16,-1.48154486166842e-17,-8.41997763705446e-09,6.86853392547343e-08,1.12802692530475e-16,-1.56955578833274e-16,-1.3709376583665e-07,2.27798771289513e-16,-2.42806175055592e-05,-4.65115043596873e-16,2.43021322358006e-07,2.00186409022469e-16,-3.03100860101884e-15,2.34525950004035e-16,2.76402818795481e-16,1.67527251528388e-17,1.64317755363168e-16,4.67407170030643e-09,-3.26889756591705e-08,9.6347721534429e-17,-2.17074627399236e-08,9.12101148712753e-07,3.49928541928921e-16,5.38339221197469e-16,-5.79362914134997e-16,-8.66286558833758e-16,7.663376200944e-06,1.34056730788508e-07,3.16146927595796e-17,-3.1455318147714e-17,-1.63381213331319e-07,-5.27742202215016e-08,-7.99028730503464e-10,-1.17109005990961e-16,-2.16321606047176e-17,1.17060715861545e-16,2.90683888061721e-16,1.49804170222945e-16,8.96727432826362e-19,3.20923231790594e-06,-1.11085229039724e-06,-5.83746208717054e-07,-5.26976382785942e-17,4.98239116430669e-16,2.03665516771122e-16,-1.6740581236088e-16,3.82165975913797e-16,-5.96165091701216e-17,5.46407332127154e-16,8.12995964492726e-17,6.95357672911294e-17,1.53340302427226e-16,8.04230052317597e-17,2.00315544841318e-16,1.38619268281121e-16,4.01496316938657e-16,3.1176624288745e-09,3.82729630804273e-17,1.36571005303294e-15,-2.01930440418365e-16,4.41352280230209e-08,-1.4962954713222e-06,-1.68650008249065e-16,-1.13908747655966e-09,4.03394171167741e-08,-1.05722197032076e-16,5.49799489638956e-16,-7.77940035529244e-08,-7.37797358166107e-16,9.93462786764768e-10,1.42192401768614e-16,-2.81364823005446e-16,1.67048202377049e-16,3.21672202165498e-16,2.729235642136e-06,-1.3351477658707e-07,1.15318559341266e-15,9.51189914219404e-16,1.34209199383011e-16,1.26756065734604e-17,-5.70398762944624e-16,-2.33266664105582e-16,-6.33674527316729e-17,3.55803461897938e-16,1.60744913896052e-09,-4.48279295177549e-16,-1.22376034408289e-17,-3.04525970947228e-16,3.04254417618837e-17,1.7719490821453e-16,3.27751032791527e-16,-3.49508199927854e-07,-1.37973218061993e-16,-2.42051927165315e-17,2.36437124387291e-08,1.03225088842176e-16,2.37620466729685e-16,-9.59911613517413e-17,-2.83667157769115e-16,1.9723104632784e-08,-2.097787116107e-16,-1.35477128386535e-05,-3.89461684591282e-16,1.71422586240326e-16,-1.18564862495517e-15,-7.15628490982004e-16,-1.15858857434371e-16,6.71870942218524e-16,2.357388759582e-08,-5.10359575597325e-16,-3.53694950611722e-16,2.97680581076375e-09,-2.94253134905652e-06,-1.36563915552794e-16,5.06449537555991e-07,6.88370340946602e-07,7.42194570996826e-16,1.91162491788999e-15,-2.44880117587549e-16,1.64431691875229e-16,-8.42352219158487e-16,-1.1552079830262e-06,-1.20299446816713e-15,-1.12075545323941e-15,-1.16247701827899e-15,4.62396061983112e-07,-4.86725868781721e-16,1.70156352241108e-16,1.80702848438665e-15,-1.4439183436287e-15,-2.10616500571206e-07,-3.99938714380055e-16,6.20932254485296e-10,-7.26308415146449e-17,-6.50293188375276e-16,2.61576166505888e-15,5.43499745154079e-16,-7.70746036906046e-16,-1.84473054899903e-16,-7.17969262572519e-17,-1.07729249945217e-08,8.97839261790263e-16,-1.27250254941e-15,4.5290250447971e-09,-2.38671859751084e-15,-6.85649224898492e-16,-8.42978006456592e-16,-4.15473815513596e-17,-9.90361555674615e-17,3.85043791407845e-16,-3.28320505618993e-08,-1.06105640970591e-15,-3.09706881669866e-16,9.77640466229341e-09,2.43913788316461e-15,-1.01138071513572e-15,-2.30134157850279e-16,3.76131989436576e-17,6.61881628211018e-16,1.61350501372763e-15,-4.23727273429014e-16,-4.26323220492503e-15,2.18606599897099e-15,1.33218870513518e-15,2.34159828152937e-15,-5.12912268574644e-09,1.7008474007439e-08,-2.60826080952768e-15,8.23092672355361e-15,2.89629266700948e-15,8.17256656456727e-15,5.60814415739852e-15,-3.08961943908211e-15,-1.12422703398665e-14,1.92827462036462e-14,-1.6212334010134e-08,-1.0795861291713e-14,8.82758764295947e-15,4.47616167118108e-15,0.70710678118655,1.88728787536699e-09,-7.76681942361221e-14,-2.99329338325271e-10,-8.89106353658077e-15,-3.12007729429231e-15,5.68430433467828e-17,-2.70502958511456e-15,-1.61741710450505e-15,-2.05000643065103e-15,1.31159264538415e-15,5.30095421430974e-15,-1.41065215636558e-15,-6.38976253412243e-16,-7.98091684236719e-16,5.40229044254317e-16,-1.12656592893061e-15,-8.39455265956318e-16,-2.13115061543055e-15,9.28423699146287e-16,9.37055084354802e-16,-5.4274620713304e-17,-2.32844616510597e-16,1.38417950776761e-15,1.7161836188273e-15,-3.93041153041346e-16,2.95936243282738e-15,-3.04272192801756e-16,1.25455490815857e-15,1.44827676700979e-08,4.32190974486686e-15,1.09338815387624e-15,8.13600480985879e-17,3.32833635122013e-15,-1.42322006176674e-15,-3.60676378097766e-16,-1.02183031246173e-16,-1.65658485728288e-15,1.24198990829892e-15,2.88086128614716e-16,1.48535697630514e-16,-4.94497656602867e-16,-5.3683217037534e-16,5.08468965217727e-16,5.37877459045091e-16,-4.75562220764852e-16,-7.01667102455146e-16,-1.68893426930448e-06,9.04355415924692e-16,-1.07513684796691e-16,-3.18955552856512e-16,8.21895311546104e-16,9.45211960195237e-16,2.5055606331143e-16,-3.37875108383674e-16,-8.40864875706268e-17,-8.07294922245622e-16,4.27439288340785e-09,3.79344675330954e-16,3.34120281311277e-16,4.48328076986911e-16,8.65145558967649e-16,1.06760280385904e-15,3.26212142393168e-16,-2.77200477070322e-16,8.86926217361296e-17,-2.76067554354135e-16,2.81913300832643e-16,6.07467781617543e-16,-3.80114055341886e-16,8.9470059481988e-18,1.9912404204262e-07,4.16497090575373e-17,-1.50210276299743e-16,4.28240206221126e-16,-4.5850909874412e-16,-5.91650095228685e-09,-1.41147561676837e-16,9.09696239004925e-17,1.14722126278617e-16,-4.97763241813952e-17,2.40029581871768e-16,2.46786241734525e-16,-1.98961705964947e-17,2.13958900675833e-16,-2.3587039880231e-16,-1.74443286547142e-16,-1.03824890710463e-16,-1.06211920967111e-16,1.42765113949447e-16,1.12528897928388e-17,1.28185910946171e-16,1.12729691034231e-16,2.2109874227564e-16
"t747",0.0361226235322474,-0.011147031060112,-0.0122486891271089,0.000778972221101825,0.00830281755130938,-0.0312213801245642,-0.0047515033065706,-1.76325860434307e-05,0.0470328443966972,-0.00223887540127787,-0.00226213680556189,-6.42773125108725e-05,0.000235603953873418,6.42195027082846e-05,0.0031769669469362,-0.000147109594492198,-0.000126261283023348,1.889172821446e-05,0.0117161715054516,0.0296823472788623,-1.73292216592374e-05,4.04973748871519e-06,-0.000206289018605628,-2.56724446054402e-06,3.66940447991959e-08,-6.58569407937273e-05,0.000841883103038054,4.92386152889065e-06,5.04280189050517e-05,-0.0017108537364324,-0.000453751990942708,0.013513412015675,1.05437176656075e-05,-0.0162431859549704,0.135102778199285,-0.000978924462517546,-2.71036332643479e-05,4.0713020953628e-05,0.00428120122582857,0.000771664040465926,5.84005275351744e-05,-0.000139069265615697,-2.69825512339953e-06,0.000198951242772833,-1.86556617262743e-05,2.1929317151055e-05,-6.56446672985763e-06,0.000127580779711832,-0.0523119737323765,0.0930132791048354,0.000306150629589266,-0.000204310838930227,9.364187247115e-05,-6.10171958476558e-05,0.318953809581777,0.0039333219545653,0.0285054431204642,-0.000477520807708602,0.0041576319357752,-6.37736356823568e-06,-5.61371271457685e-06,0.000283063111807447,-0.000162606733850015,0.000120470609073019,-0.0011511274533901,2.20675989185902e-05,-0.0115102273924084,0.000382208656996979,-9.17974190460676e-05,0.000407773544379344,-3.25550914883221e-06,8.38553461239935e-06,-2.86981671724733e-05,-1.82556899443359e-05,7.65439885350623e-06,7.66710783818334e-05,-6.56116334498708e-05,9.53986968785074e-06,-0.00261654563830959,-0.000317166705264978,1.97161996964539e-05,0.00152843669126193,-0.00215824915778557,-6.4344455215218e-05,0.0158295277417916,0.000121675395377964,-3.04067595780841e-05,-0.0103234916558316,8.45340292527834e-07,9.61557410882833e-06,-0.000219595633842367,1.66279792105511e-07,0.000116541536771686,-0.000114581503798227,-3.22539593468386e-05,-4.10005508251013e-05,-4.83885669190594e-06,3.48013189017511e-05,-0.000461082588327886,-0.0713763322983038,0.000230588212231837,-1.36242673195606e-06,0.000253890596784679,-3.4317955620017e-06,-2.43694447456729e-07,8.91576820789362e-08,-5.98884053590759e-05,8.90715765499972e-08,-0.000124928336670376,4.55976639823275e-08,1.6282941316197e-06,4.24433757148663e-06,-1.3481956798622e-06,1.98629788071266e-06,-2.16425621000179e-06,2.66282405179651e-06,-0.000301597420023791,0.000335268436916264,-5.22577262663668e-05,1.90768116806753e-05,-1.10474744242252e-05,2.40001942713153e-05,-0.0026529584464916,0.000208402812601954,1.18154057298109e-06,-3.46282065541061e-05,3.61583399622212e-06,-9.0610547924781e-05,9.49600096088178e-05,0.00330883203675488,2.47120557202916e-05,-0.000101718353685175,8.32556909381914e-06,0.000555487669514498,-2.46383315469182e-07,0.000165173811532342,-0.00687311918281306,-3.32620460144248e-05,0.167891058043561,0.0431531315075018,0.0104537455757682,0.000205087776885998,-0.00124488197294282,-6.84671046705951e-05,-3.94207988016725e-07,0.000151325734980364,7.54469456263309e-06,-0.000219703467798025,-1.26456886248124e-05,1.79269756227327e-06,2.22358814665614e-06,0.00424096332945441,8.6797330979981e-07,-0.000240400560454533,5.18739634737089e-07,0.000100754634588628,-5.32954887637099e-05,1.66777805438394e-06,7.07618232672073e-05,8.60369545531576e-07,5.7781461198244e-07,-7.69559262240726e-08,2.84704351390144e-06,3.22106108585981e-07,-1.01926208633211e-08,-9.99921489000365e-08,4.86063561552598e-05,1.59957712575656e-05,4.17961756290943e-05,3.42039572471931e-07,-6.86255862793694e-07,-1.22407871645315e-07,1.62314037338342e-08,5.95779855095328e-06,1.10174290305909e-07,2.2627228661699e-07,9.95362469486665e-09,-3.95456563196367e-07,-1.63669032273178e-05,-1.81294362346256e-06,7.2817017680797e-06,1.93572259611062e-06,-4.02186558500311e-07,-1.59663126321838e-09,-4.8480550375945e-08,-1.9986762121033e-08,-0.000164822628137706,0.000207415940518145,0.000107752775500664,-4.84917036249093e-07,-2.46107194130659e-06,8.02009870693252e-05,3.7578699251025e-07,-2.43456929595526e-11,-9.26021044552582e-09,7.32688189025238e-05,5.17479132234401e-06,1.19337370944119e-07,-0.000155249229340803,-7.39425457217736e-06,-1.81360559809326e-05,-3.98779090803125e-05,1.25743703468231e-06,0.000131019861306891,0.0475534498655936,4.69342191935858e-05,-0.544418159342234,0.000127872596136154,-0.0025003029866157,-4.0081628166336e-07,-0.00805224597503189,-5.34479333638445e-05,-0.000236286340387191,-0.160320177272501,9.15949999360874e-05,1.86019283021757e-05,-1.19623398445795e-06,-6.4043875187186e-07,8.40845320866968e-05,2.37889586453946e-05,9.58129631899938e-06,-6.95377186979897e-06,-1.36833600114001e-06,-5.13798464621833e-06,1.05428409763768e-05,5.57498067637653e-07,5.18253916245524e-05,1.886163857206e-07,3.04812064707373e-05,6.82241681567536e-06,-3.0257374780953e-07,-4.96268506074061e-08,-1.16997238071317e-06,-3.97738460727113e-07,6.76525384739869e-08,-3.1543649057629e-10,-7.86635371411423e-07,-4.12834947373577e-17,-1.49853258754859e-08,2.33565582854513e-07,-7.17496525142238e-08,-2.24033932815721e-07,-3.3934058363911e-06,4.72198394015586e-08,-7.81093894546985e-07,3.5468157236251e-07,-6.87064788953087e-07,1.54117296455745e-06,-9.57786067950377e-08,4.02676271303015e-05,-2.66923545751514e-08,2.95559550103534e-06,-2.59921447915671e-05,1.21670636783187e-08,-8.1926560782826e-10,3.97970226225505e-08,-3.88012647921971e-08,6.11995363233567e-07,1.5838528710421e-05,-3.02628030476627e-06,5.97509379395654e-07,-1.08873258434301e-05,1.27542093386505e-05,-7.74161554523934e-07,7.91122405134923e-06,-2.67719718910712e-06,1.0530560728157e-08,9.16586708543171e-05,4.45335897715524e-07,0.000124511949897908,9.54035465948694e-09,-2.94337006150098e-06,2.67206199705841e-07,-3.35598288158317e-07,5.31351405496562e-07,-1.0278681313615e-06,8.00025295957985e-07,-5.85588405019221e-08,1.12458053610255e-05,-4.88776560589496e-08,8.03248041986292e-06,1.20205133716011e-16,-1.9729556516447e-05,-1.96253510306287e-06,-2.09727570881553e-11,-1.8373676447324e-07,2.70630427049694e-07,-1.67849525861725e-07,-4.76750130227609e-08,5.58358596852945e-09,-2.49476027525531e-07,9.43395726342342e-06,0.000104155265654525,-2.95752203420447e-08,1.81274981508945e-05,-0.000460340141761052,1.16108755267266e-06,-2.24182909500145e-05,3.19614768401152e-07,5.58109561529551e-07,8.61211666602306e-09,2.30911917051403e-05,-2.96920431194594e-06,1.31143828069399e-08,-4.09843142182458e-06,4.78817850025276e-07,-1.73772051803809e-06,1.35722412599713e-06,0.000337831683669451,5.3294660457639e-07,-1.72544759895212e-07,-1.138327548618e-06,1.15375560997811e-07,-5.32059320290481e-07,4.50173833609655e-05,5.9141417780323e-06,-2.65768172914707e-05,2.81536498105129e-17,2.3306987813887e-06,4.302195061157e-07,-6.45160534894695e-08,0.000208046558565052,8.95714994177162e-09,5.42325976127373e-05,1.28356545308122e-05,-1.7163081603816e-06,7.33021528453878e-06,-2.28017707657443e-16,-5.45780132279234e-05,-4.31770607016245e-09,-5.64672541187745e-05,7.78670344252093e-08,1.42305403510679e-06,-2.80102199775556e-05,-1.54028747073233e-05,4.10031652997323e-06,-4.07127486972265e-07,2.55893744999478e-05,-8.19754408416592e-08,-7.82936905443082e-06,-1.04502205271211e-08,-1.62879788356916e-09,-8.11751988496094e-05,1.15376508824609e-07,-2.30539905525873e-05,-5.331325288454e-17,-6.13960579348955e-07,4.82639018568529e-08,1.390961754776e-09,1.24174660183291e-08,-1.8902840913482e-05,-8.9505140299866e-05,3.96959011789435e-07,-1.45713634391292e-06,-8.43359677816705e-07,3.48053127423786e-16,-0.000434409982707842,-4.49285003258971e-08,-1.77109676125263e-05,6.63331124398055e-16,3.4577646650349e-06,4.42860931748344e-07,-6.80417184294576e-08,-2.77007000907187e-05,-8.78569911738242e-05,-4.79812934148877e-06,-1.56467012648899e-06,4.83796163654247e-06,3.50887935868424e-07,1.9453000135273e-08,4.51648789099502e-06,1.36896396758967e-07,-5.25149575556944e-17,-5.45309528249911e-08,2.0187135535143e-06,8.71445792339264e-07,-5.48563081708482e-06,-1.41390680600662e-16,-1.1233955666352e-07,2.07884059657735e-08,-2.38245191812225e-06,-3.46215465080397e-08,-0.000353874521162483,1.15229673966517e-07,-1.54662221064535e-06,8.35104104313758e-06,-3.04728325984104e-17,3.02031136106442e-05,-1.43202449552052e-07,4.15924617193936e-07,4.47176259321173e-05,-5.87814019705984e-08,-7.42842381581308e-08,2.30718222304915e-16,-4.36553194911953e-17,-6.84930950759877e-08,-7.91640991964544e-08,1.04492444116888e-08,-0.000108043139508896,3.52018014038437e-15,-5.41265964321932e-06,-6.3906190199991e-08,4.16277718068925e-16,9.6606339178904e-17,-1.19474367192802e-16,0.000126306265426263,3.57993755594722e-07,-3.98837012855883e-07,1.21290949303469e-05,1.72222836471319e-06,3.18878245978467e-07,-1.38355169017386e-07,-1.1786906284373e-16,-3.02832291155644e-08,8.50277728581227e-08,9.58800439633503e-17,-1.71002973640436e-17,-5.33071082739772e-08,-8.83854643055449e-08,-3.15172174361794e-08,7.95491090968387e-06,3.10105254142912e-08,-3.55172563625388e-05,-1.17921023166125e-16,-4.36346331097694e-07,-1.36876540417799e-16,-1.4186803351959e-05,-3.95842213174458e-16,-3.4522063285705e-08,9.71244839792268e-17,1.41818453386168e-07,3.73430085926911e-08,1.65742042959156e-06,2.28270814016628e-06,1.0083035621631e-07,-1.15934810331933e-08,7.36318650586688e-08,4.50699211238214e-08,0.000122229219625175,4.2921936307429e-07,2.53833220354142e-08,-7.20638283627e-08,-0.000121557887788846,-1.04224602642293e-06,-3.37529608520089e-08,-1.07664359966332e-16,3.17394704679072e-07,-5.4777720797098e-08,2.8360288775669e-08,-5.0183741752644e-17,1.50022727728947e-05,1.50584357709634e-06,4.82938468950314e-07,3.63597727504591e-17,-1.17212178250484e-07,-0.00018599129730181,1.59267487208613e-16,-8.04462058979786e-08,1.82888395808731e-07,-3.55581556628363e-16,1.57579867483787e-16,-6.93012554177886e-09,-0.000105546866632459,-5.92032272274093e-07,-0.000111613730143372,8.19784501882026e-07,2.16391267789646e-08,2.21634046413291e-06,1.94739975502102e-07,-4.88595612065148e-06,4.61870125478825e-16,9.02765056811311e-10,6.1441814270467e-07,5.16911911788166e-06,1.69987073553699e-05,-5.71835445643718e-15,-1.89965839379342e-16,2.42684320065473e-06,-1.63378571520607e-16,-1.17779192551445e-15,2.50778778340055e-07,-3.69140821857179e-07,-6.91118196449497e-08,-3.87982618034293e-07,1.77221457898611e-06,4.62971828669107e-07,5.91884990759595e-07,1.64038583482087e-17,3.1407090519435e-06,4.16396915482874e-06,6.74383512855693e-07,-6.45947559665951e-08,2.5933202605704e-07,2.95596653111746e-16,5.70114407889464e-17,-3.18159614114051e-16,-0.00563518210849846,-9.3880340986724e-09,-6.13353503664066e-07,-1.24660844963898e-16,-7.60185017450567e-09,-5.90402371759745e-17,-1.38406829244694e-16,1.28655770015479e-06,-3.22167955395957e-07,1.12323345069498e-16,-2.66422365711405e-06,-3.59618037064959e-08,7.95503487117993e-17,8.14449877955112e-08,1.26895572977859e-16,3.02422218450671e-06,-4.76193171841673e-16,3.01655736255634e-06,2.48833530483604e-07,9.01364476561424e-09,8.90166341303498e-07,6.11153518231355e-06,-2.91194135448847e-08,8.94796532595617e-07,7.77701276431656e-17,5.29450564530494e-07,-2.98862089906759e-08,1.25400062815984e-16,-3.93776014177311e-09,-8.02613228025802e-08,1.86507192746636e-08,-2.57521825673728e-16,5.98487321440929e-08,7.91623729535894e-08,2.57637572952048e-16,-2.19670630382317e-06,-1.66743141104785e-06,-2.27662843524698e-09,-9.55405280880103e-16,2.51971180344447e-17,4.07194738478397e-08,1.30266656622961e-06,1.05389001594463e-07,-1.62411880144528e-08,7.71575104065536e-07,-5.50391333651357e-17,-6.28885960773492e-17,2.81687632028136e-06,8.47481716373049e-09,-1.30846644289289e-16,6.80829976359677e-06,5.53243735032561e-17,3.37901205083372e-08,-5.72025414265627e-07,-2.11341301960583e-05,-4.64290960202011e-05,-9.43202384705452e-17,1.27188872661067e-16,-3.46255946730831e-17,-3.3701153342056e-17,-3.88512781214428e-09,-1.34774913013627e-08,2.32538792510635e-16,-1.03810987052609e-16,-3.91462099761331e-16,1.89752158149896e-08,1.70539402374768e-10,-9.39234762333326e-09,-1.67581876582759e-17,5.94684891608299e-17,5.49094190255284e-16,-4.03179645043756e-07,1.2337639207551e-08,2.33385480137826e-17,2.16522234081286e-09,-5.66480318542673e-08,1.09729785656518e-16,2.0227795538797e-16,-4.06771279067155e-06,-4.0054968411339e-10,-2.0149468226073e-06,3.06872587877824e-16,2.18276838225755e-08,3.52292187901379e-07,3.78037157360812e-07,-1.41099915846058e-06,-8.37349704397894e-08,1.36326732500105e-09,5.90594869604797e-17,1.4292290434738e-16,2.26585399148753e-16,2.59444451428302e-08,-2.34918415523638e-08,-2.54340898654079e-05,-6.96679055203231e-09,7.17364513266539e-16,-1.74968761794125e-18,-1.40980104946627e-16,-3.93391126239241e-17,1.40698612844586e-16,3.32727239590576e-08,1.55210972485663e-16,-3.98167058015148e-17,-5.57883149942235e-07,-1.48382704481196e-17,-4.99583445325521e-07,-6.49160575643574e-18,-1.71238592395245e-05,-1.49654329974566e-16,-2.07255899068234e-05,-9.37392208491688e-08,-8.2709857216068e-08,-5.94584228432244e-17,3.00999026909217e-06,4.28304544661976e-17,4.57146372024456e-07,-7.27415774088617e-08,4.02565652147709e-10,-2.24263641415297e-15,2.2171909538475e-06,3.51242424539152e-16,-1.59643413259745e-07,-8.14959074060005e-08,-6.01205408851069e-16,3.35329466866172e-18,1.43761103888182e-16,-1.38681821647448e-16,-1.23632438932473e-08,-3.67902592543805e-07,-8.21525605085143e-08,-2.33991712560635e-16,7.04711455218337e-17,-8.419977566421e-09,6.86853393401694e-08,-3.56323621983366e-16,1.69867919999576e-16,-1.3709376514862e-07,-2.63382991550646e-16,-2.42806175049931e-05,4.91988401061479e-16,2.43021322932978e-07,-1.59063464057231e-16,-3.37534807840083e-15,-2.32313820698508e-16,-1.01952877059602e-16,-1.91956660059174e-17,-1.93794222208831e-16,4.67407182866423e-09,-3.26889760281776e-08,-5.49062235543132e-17,-2.1707462465712e-08,9.12101148825588e-07,-1.87397958626889e-16,-4.60684096723206e-16,1.00495050048097e-15,6.06879226214129e-16,7.66337620127048e-06,1.340567307232e-07,5.58507028662848e-17,3.88502215388718e-17,-1.63381213323642e-07,-5.27742204991976e-08,-7.99028995592765e-10,2.8356199136887e-16,3.76542408317639e-17,-7.81506109309718e-17,-3.50839485127512e-16,-3.65663630527569e-16,3.17954667867741e-17,3.20923231721863e-06,-1.11085229157043e-06,-5.83746207776261e-07,2.69565007717756e-17,-5.36734935423479e-16,-9.49705234451588e-17,1.96596174699924e-16,-4.0833866304253e-16,5.25988966544119e-17,-4.9715182577908e-16,-9.53524312577193e-17,2.12337867950628e-17,-8.95216122903692e-17,-7.98229122582251e-17,-1.56480131217217e-16,-2.14098158218282e-16,-3.33112641209994e-16,3.11766257229318e-09,-8.62277212038969e-18,-6.3269142537971e-16,1.85406192846186e-16,4.41352277489463e-08,-1.49629547008113e-06,3.30289498278447e-16,-1.13908855902453e-09,4.03394171011735e-08,8.27665277829329e-17,1.36591931267146e-15,-7.77940032737555e-08,6.73926526303215e-16,9.93463114262818e-10,-7.85155128800441e-17,3.07939074177427e-16,-2.03152017637108e-16,-4.1564986139995e-16,2.72923564156988e-06,-1.33514776783513e-07,-1.12786715696561e-15,-1.2431001788797e-15,-1.14856727563045e-16,2.05446752816783e-16,5.59014640133526e-16,2.38466531184584e-16,2.21658752601777e-17,-2.51314479335736e-16,1.60745130947184e-09,4.72641944446158e-16,5.89393613989232e-17,2.99940107032654e-16,5.09640301657599e-17,-2.83207867881603e-16,-4.16221721704454e-16,-3.49508196970273e-07,2.09551918614234e-16,3.10129266756536e-17,2.3643710906033e-08,-2.5500888790883e-17,-1.53630945168565e-16,1.29365453411278e-16,3.35285142821915e-16,1.97231055372247e-08,1.94497840634732e-16,-1.35477128362139e-05,3.50991720307412e-16,-1.6361482148435e-16,1.25838668571906e-15,7.06940685800254e-16,8.74010070066796e-17,-7.08969239083613e-16,2.35738875478066e-08,5.82344071339067e-18,3.61521797565871e-16,2.97680510629716e-09,-2.94253134725386e-06,2.25913012345181e-16,5.06449536681371e-07,6.88370338476627e-07,-6.4745985711677e-16,-2.0385570817581e-15,3.0812175506055e-16,-6.0694078288588e-17,7.86871383296734e-16,-1.15520798465227e-06,1.34129084978578e-15,1.19597452519119e-15,1.20309473258393e-15,4.62396063971672e-07,4.12095747333218e-16,-2.68441565849061e-16,-1.43359461620073e-15,1.42864605379749e-15,-2.10616502949425e-07,3.8617100321579e-16,6.20930297402944e-10,1.57755286897025e-16,7.1558469407132e-16,-2.30112506979125e-15,-5.20958626577422e-16,7.87272842413158e-16,1.68220872145988e-16,6.71306955222227e-17,-1.07729256752917e-08,-1.03809023037411e-15,1.11005454097918e-15,4.52902439307963e-09,2.32113396240097e-15,6.79077166895296e-16,8.70042059714257e-16,5.24317963860618e-17,9.2087672712265e-17,-3.86515415475014e-16,-3.28320495405129e-08,1.01002666548338e-15,2.58538253153959e-16,9.77640481745597e-09,-2.38296865975134e-15,9.78567087884834e-16,3.31453366145793e-16,-1.5608200729144e-16,-7.08909414571876e-16,-1.71679205288691e-15,3.75023130900322e-16,4.13056278854281e-15,-1.9401660856214e-15,-1.29092181541648e-15,-2.3719237503308e-15,-5.12910801218118e-09,1.70084706348919e-08,2.37368466816178e-15,-8.28016151577245e-15,-2.92133525649471e-15,-8.27619947480129e-15,-5.55783717659519e-15,2.95460301338655e-15,1.10743618485106e-14,-1.98471066383111e-14,-1.62123510934416e-08,1.07671498275099e-14,-8.81310902479451e-15,-4.5125305268378e-15,-0.707106781186547,1.88764797136974e-09,7.74967263554442e-14,-2.99330623212699e-10,8.81937166533482e-15,3.13685055888238e-15,-4.63246285912919e-17,2.73024751954829e-15,1.59290119187971e-15,1.96779016150213e-15,-1.27337381472e-15,-5.35883953715197e-15,1.38914461228832e-15,6.66240718733554e-16,5.88262893624437e-16,-5.59590610389019e-16,1.30302109094344e-15,7.82836881389029e-16,2.13901418279741e-15,-9.76757971400722e-16,-9.47901134044051e-16,-1.04230869038304e-16,1.38716805078777e-16,-1.38609622151771e-15,-1.81289445261301e-15,3.08957549742333e-16,-2.99144382118518e-15,1.97682015221997e-16,-1.31665306184484e-15,1.44827683293472e-08,-4.35907655913301e-15,-9.36238313016629e-16,-5.62142139394133e-17,-3.60670792967314e-15,1.40469788388474e-15,4.02518545433588e-16,-7.32699046827362e-17,1.64268700618443e-15,-1.25052061805005e-15,-3.24947716879367e-16,-8.54026051266832e-16,5.34818166232808e-16,5.84495681534805e-16,-4.81773160494389e-16,-6.66402794459309e-16,4.56713156978456e-16,7.16762679504419e-16,-1.68893427034301e-06,-9.02237684375763e-16,8.90079955496854e-17,3.4513017751048e-16,-8.78491270867632e-16,-8.92220758005431e-16,-2.32987078781136e-16,3.06446629754266e-16,-2.26687116771561e-16,6.54221106036063e-16,4.27439288669699e-09,-4.56083661747403e-17,-2.75280164651537e-16,-4.87898339885516e-16,-9.9273114485623e-16,-1.1170837322994e-15,2.35129146492687e-17,3.44066708683545e-16,-2.2622440092323e-16,2.47438438799694e-16,-3.87810959427449e-16,-5.72430245735326e-16,4.11730844425528e-16,-4.43646737817146e-18,1.99124042087883e-07,-3.7874344827388e-17,8.76340355869469e-17,-3.64173576949833e-16,2.20093041014557e-16,-5.91650058857851e-09,1.3552580529755e-16,-9.23235769383249e-18,-9.84585746145924e-17,-7.08558064361206e-17,-2.87962736618883e-16,-2.53299428379377e-16,3.19574731186917e-16,-3.74661181780525e-16,3.09245756262961e-16,1.21175066969016e-16,-4.70222591701197e-18,2.16842790805259e-16,-1.92171349695538e-16,-5.07293490794708e-16,1.5376367227804e-16,-1.65359832784921e-16,-3.57379018663686e-16
"t188",0.0360025476692044,-0.0110686092102283,-0.0121597064307532,0.000771366192361338,0.00820330762914874,-0.0307813305555831,-0.00468319678151723,-1.73585872243185e-05,0.0461669118724503,-0.00218867185968881,-0.00219734462776981,-6.19920031370135e-05,0.000226972338489243,6.18296620739089e-05,0.00305336411165238,-0.000141032875448148,-0.000120915339399676,1.80766564068762e-05,0.0111984057436756,0.02825120270284,-1.6421481876887e-05,3.79055789401149e-06,-0.000192290280299522,-2.39196036327417e-06,3.4178059130259e-08,-6.11085706937524e-05,0.000780405242144658,4.56080456272278e-06,4.66014551363692e-05,-0.00155512926262447,-0.000409405537471213,0.0121256229215217,9.37287802908878e-06,-0.014342548507077,0.118373530776166,-0.000846538473267969,-2.33845214274336e-05,3.50236138250623e-05,0.00367821078421436,0.000661098070850908,4.97519005137428e-05,-0.000117888942981275,-2.28010613837354e-06,0.000168075518956225,-1.57008518472225e-05,1.81913732941046e-05,-5.42070611815981e-06,0.00010512285955284,-0.0428379596131713,0.0756487846311789,0.000246673152742989,-0.000163883865222289,7.50633896650921e-05,-4.86345182324163e-05,0.251336311794334,0.00309399670608177,0.0216835462809527,-0.000359711862758029,0.00312820518076447,-4.67875371776551e-06,-4.03571639401417e-06,0.000201374899483582,-0.000114678251977859,8.47732159192277e-05,-0.000796472723741897,1.50295616789142e-05,-0.00755391237353962,0.000246419969730551,-5.86852466148397e-05,0.000256629662639802,-1.86746884998861e-06,4.42142555874786e-06,-1.49172543327152e-05,-9.20230077877965e-06,3.84310918739679e-06,3.79622015424533e-05,-3.23034464255516e-05,4.56452475441595e-06,-0.00116676375091566,-0.00013710668873531,8.05080658711919e-06,0.000616003039429893,-0.0007833234086222,-2.25458469734793e-05,0.00465355744490373,3.38014472500425e-05,-7.93860110705544e-06,-0.00266693352243836,2.17775110018574e-07,2.45976765843921e-06,-5.4744312916549e-05,3.07535850882501e-08,2.0835395026731e-05,-1.55808290887231e-05,-1.83298598819032e-06,-1.81445144871753e-06,-2.11277493421168e-07,3.79090709291594e-07,7.30542502571349e-07,0.00358884591621622,-2.11911130038698e-05,1.30371778763901e-07,-2.53831363906818e-05,1.07848513692036e-06,8.09623301013338e-08,-3.08872872175985e-08,2.22879784666897e-05,-3.37979468210539e-08,4.9031332363723e-05,-1.88085634282467e-08,-6.82395756938442e-07,-1.948392069069e-06,6.25454921779978e-07,-1.14458808349936e-06,1.3019484789855e-06,-1.75444321564903e-06,0.000206719175664331,-0.000255204271659091,4.3806610792725e-05,-1.71575468266607e-05,1.03326027110682e-05,-2.55926835219609e-05,0.00307076537481972,-0.000241973012999933,-1.38791555168794e-06,4.41564185707864e-05,-4.64200013797992e-06,0.000124670020101893,-0.00015852811232507,-0.00553559514554813,-4.19879400992977e-05,0.000196225671283299,-1.64635241096549e-05,-0.00111831398907965,5.33746480801738e-07,-0.00036147574510268,0.0175666475261592,9.64414584222107e-05,-0.580192917249824,-0.149880212964975,-0.037437385234931,-0.000746082190218726,0.00464497990648812,0.000257964497319377,1.48545673188078e-06,-0.000611770571168172,-3.5229095760318e-05,0.00119591862173844,7.16108396526299e-05,-1.11002638228566e-05,-1.38684001142857e-05,-0.0273934251697566,-5.72456510647586e-06,0.00162394532558516,-4.42213684112313e-06,-0.000893720552603234,0.000486478736103905,-3.46933684539332e-05,-0.00197345756916313,-2.52559055498155e-05,-2.35238369438706e-05,3.3910791926977e-06,-0.000245759597341265,-3.12646113631998e-05,1.94135218697516e-05,-1.23895562368538e-05,0.00170663485782759,0.000550021521825751,0.00142965243841297,1.08657768103489e-05,-2.02120073502983e-05,-3.56917763450523e-06,4.19832858169491e-07,0.000149323347549517,2.601406412075e-06,5.2733703241567e-06,2.30479409390782e-07,-8.33563530785941e-06,-0.000327275739484115,-3.60752931207518e-05,0.000144387065225309,3.82351495430273e-05,-7.9536088129655e-06,-3.16589755538747e-08,-9.6506370127352e-07,-4.07401170801451e-07,-0.0033886870034149,0.00486206928594357,0.00254229283651493,-1.23441923615077e-05,-8.95805092593347e-05,0.0060543022661437,5.22202207895798e-05,7.88433440281881e-09,7.79521061847255e-07,-0.00162674541304894,-9.59857104791854e-05,-1.58746796142194e-06,0.0017789933742145,3.20174338458605e-05,7.52604257830756e-05,0.000112554976073768,-2.37608599655451e-06,-6.33967102654851e-05,-0.022786078208652,-1.81871935274573e-05,0.0730965163443968,2.63245431895162e-06,-0.000912353528913492,-2.76389556549814e-07,-0.00718303004558327,-5.05785345446523e-05,-0.000272417815037922,-0.199693069517404,0.000114297300170381,2.43887321716792e-05,-1.72734743801978e-06,-9.3870506151511e-07,0.00013161637269547,3.85570146245564e-05,1.5693183140061e-05,-1.18136290384583e-05,-2.34180002036806e-06,-8.85994209781946e-06,1.85508058398735e-05,9.84506343487256e-07,9.15995468956865e-05,3.39138769893222e-07,5.52912611561916e-05,1.24825172734872e-05,-5.55561868916636e-07,-9.14354137359731e-08,-2.16218451469764e-06,-7.3565565757424e-07,1.26014209761425e-07,-5.89836423741276e-10,-1.47654445820283e-06,2.6459027316582e-18,-2.82640276285553e-08,4.40919829725397e-07,-1.36184485540298e-07,-4.2670831822137e-07,-6.47924054589755e-06,9.01721735391263e-08,-1.49717008231172e-06,6.80203538898931e-07,-1.31795762936549e-06,2.95951337239819e-06,-1.84045585980631e-07,7.7461775512044e-05,-5.13698957478615e-08,5.689078673373e-06,-5.00744921894661e-05,2.3496919840155e-08,-1.58289739014784e-09,7.69116372765043e-08,-7.50040161758769e-08,1.18300536620517e-06,3.06132753633104e-05,-5.84855056760513e-06,1.15443513500259e-06,-2.1033012040606e-05,2.46367402654655e-05,-1.49515067959412e-06,1.52746569000524e-05,-5.16883785751394e-06,2.0313359611525e-08,0.000176804837543427,8.59008378678402e-07,0.000240106039890183,1.83954961189228e-08,-5.6734094618247e-06,5.15012311020826e-07,-6.45322669401606e-07,1.02145021565334e-06,-1.97549080554238e-06,1.5367851591235e-06,-1.12438710922225e-07,2.15716677195878e-05,-9.37294424757221e-08,1.53997534190457e-05,-4.23671688995283e-18,-3.77944397568829e-05,-3.75907519478528e-06,-4.01571248705924e-11,-3.51510233569149e-07,5.17367079010305e-07,-3.20766834063079e-07,-9.1092856554302e-08,1.06443226289064e-08,-4.75520548991076e-07,1.7981130409611e-05,0.000198385670577019,-5.62235324690927e-08,3.44494584090259e-05,-0.00087462543738111,2.20431678388821e-06,-4.2436320350329e-05,6.0426861106229e-07,1.05509532178798e-06,1.62806942164608e-08,4.35215178828201e-05,-5.57717970769936e-06,2.46226874601792e-08,-7.69011166158916e-06,8.97751368172064e-07,-3.25735393877497e-06,2.53923279081567e-06,0.000631959195201808,9.96685930735304e-07,-3.22625410556737e-07,-2.12720399257115e-06,2.15464289431007e-07,-9.9303271006735e-07,8.399850481459e-05,1.10304527954911e-05,-4.95225352111683e-05,1.301186102813e-16,4.31939452623581e-06,7.96891566483138e-07,-1.19409597165135e-07,0.000385054353257456,1.65775693000632e-08,0.000100352736470035,2.37428248684505e-05,-3.17341533175338e-06,1.35419290099471e-05,6.18700123672679e-17,-0.000100636052103224,-7.95953332496138e-09,-0.000104043570523437,1.43465196417511e-07,2.61870880442944e-06,-5.1510465752775e-05,-2.82995894532955e-05,7.52875860048952e-06,-7.46545674932438e-07,4.68665251945097e-05,-1.50023121043968e-07,-1.43224661043894e-05,-1.91118690513911e-08,-2.97745152253066e-09,-0.000148381164980205,2.10829729673662e-07,-4.21164364023074e-05,3.19353381925255e-16,-1.11955802069227e-06,8.79763089714535e-08,2.53546096381968e-09,2.26108906685107e-08,-3.44146536222834e-05,-0.000162646014184226,7.20961686154164e-07,-2.64619451885266e-06,-1.53096392254823e-06,-2.95158035127485e-16,-0.000788242715537476,-8.15100189376683e-08,-3.2112008841119e-05,1.44964222919074e-15,6.26524748700114e-06,8.02313413522531e-07,-1.23258750020152e-07,-5.01721519441636e-05,-0.000159085490854068,-8.68636658346553e-06,-2.83217663240013e-06,8.75301632878252e-06,6.34804338879827e-07,3.51819665026134e-08,8.16382498373627e-06,2.4744155231226e-07,4.375644608351e-17,-9.84599459201464e-08,3.64427788359695e-06,1.57254296738911e-06,-9.89296255498711e-06,2.87469626366561e-16,-2.02338062742532e-07,3.73903515197573e-08,-4.28248048269782e-06,-6.22148995770489e-08,-0.00063569731828583,2.06869167569334e-07,-2.77386780619113e-06,1.49423400363168e-05,-2.6547734776848e-16,5.39349736594673e-05,-2.55679679563177e-07,7.42350406185418e-07,7.97746768383988e-05,-1.04860129411399e-07,-1.32497849595932e-07,2.32452945780892e-16,-2.44683157879804e-17,-1.22075041266843e-07,-1.41001701681267e-07,1.86099805826082e-08,-0.000192312621731154,6.36431738546122e-15,-9.62243003423247e-06,-1.13549096399954e-07,4.88037967588658e-17,1.87966361630221e-16,3.24958860162074e-16,0.000224054660033206,6.3491527095539e-07,-7.06858755242883e-07,2.14838677682643e-05,3.05031991869492e-06,5.64434872956339e-07,-2.44880347845867e-07,-3.02342321243962e-16,-5.3534632501042e-08,1.50249006803519e-07,-2.09500461106405e-16,5.39659175132861e-18,-9.40458538395512e-08,-1.55873100002168e-07,-5.55546397985e-08,1.40172575750628e-05,5.46087749016742e-08,-6.25386851043202e-05,-2.53334066147081e-17,-7.68211299513056e-07,-4.95928604905395e-16,-2.49667605313233e-05,6.04903497083975e-16,-6.07363652974408e-08,2.99069686696209e-16,2.49417044134861e-07,6.56705645228202e-08,2.91189523197529e-06,4.00963885483434e-06,1.77096275497081e-07,-2.0355077983601e-08,1.29237122276991e-07,7.90481850831087e-08,0.000214376585276274,7.52636170894961e-07,4.44916242559128e-08,-1.26244675845123e-07,-0.000212854691180405,-1.82438715020602e-06,-5.90722325684887e-08,1.5527548623643e-16,5.55186464435468e-07,-9.57679824020471e-08,4.95106323738319e-08,-1.26950266896967e-16,2.61795973347258e-05,2.62609674410906e-06,8.41986126970629e-07,-3.90333860733558e-16,-2.04326727959437e-07,-0.000324043553859791,-3.93387542979506e-16,-1.40118896974926e-07,3.18012452445095e-07,-6.71804845682977e-16,6.72280166199158e-16,-1.20421198891463e-08,-0.000183391942911142,-1.02837928527769e-06,-0.000193809263154551,1.42234865551149e-06,3.75418038206128e-08,3.84474805664135e-06,3.37434939999793e-07,-8.45765343977079e-06,5.07406616723216e-16,1.56207560370184e-09,1.06306765794138e-06,8.94140192799356e-06,2.93949175360266e-05,-1.09387562813146e-14,-6.12308980889316e-16,4.19479058292632e-06,-2.028796216896e-16,-7.02820788687883e-16,4.32067707375399e-07,-6.35552483915452e-07,-1.18988523358166e-07,-6.66817202038193e-07,3.04505643030511e-06,7.95441842378536e-07,1.016539898813e-06,-2.62436180835042e-16,5.36371617586148e-06,7.09836156011493e-06,1.14885046821018e-06,-1.09581292519747e-07,4.33368149541984e-07,-1.59665971023607e-15,2.03385445992164e-15,-2.16183664796649e-15,-0.00145499376356306,-1.77777982333168e-08,-1.15364076933765e-06,2.14969582851427e-15,-1.37238894768586e-08,3.6246241112272e-16,1.70785501736038e-16,2.2525648410421e-06,-5.63991282396296e-07,2.42731182376055e-15,-4.65343907695967e-06,-6.2743911595318e-08,1.24298739298933e-15,1.41835724925469e-07,1.40452801309579e-15,5.25721887800909e-06,-5.34688277328825e-16,5.24314244296265e-06,4.32455509115793e-07,1.56631810543187e-08,1.54660080320134e-06,1.06144955322545e-05,-5.05116905501213e-08,1.54984191415491e-06,3.028313790255e-15,9.15591120640638e-07,-5.16748677227662e-08,2.27120338069003e-15,-6.80721194861799e-09,-1.38697547447917e-07,3.22196016810278e-08,2.98691879577883e-14,1.0328404179986e-07,1.3658799907226e-07,1.21792445889214e-14,-3.7892660209345e-06,-2.87592268373831e-06,-3.92486187818697e-09,0.707106781186551,6.14957787174768e-14,7.01278711676627e-08,2.24253763107557e-06,1.81411539642936e-07,-2.79084429562703e-08,1.32549626237278e-06,-2.54772235354158e-15,-2.17463660432283e-15,4.83824345687442e-06,1.45559323848708e-08,5.45718606434604e-16,1.16899914198536e-05,-2.66335127051269e-15,5.80011825929852e-08,-9.81495355913139e-07,-3.62614368722442e-05,-7.96530936900112e-05,2.79565975550508e-15,3.34188701333099e-15,1.17547888944016e-14,1.0836508029858e-15,-6.65871694474854e-09,-2.30972215266088e-08,-3.00621921256366e-15,-1.62607469146553e-15,1.87959409627467e-15,3.25097038364985e-08,2.92144509131348e-10,-1.60842881560558e-08,-3.00079471078126e-16,-7.27574196637132e-15,6.82884738339995e-16,-6.89669481221731e-07,2.11036676667821e-08,-1.35738544188158e-15,3.70205112388161e-09,-9.68388017661647e-08,4.37871804839156e-16,-2.05769921347306e-15,-6.95086923387739e-06,-6.84432520885244e-10,-3.4421961550644e-06,3.40790534021458e-16,3.72742236507417e-08,6.01464581551113e-07,6.45224798488106e-07,-2.40727581923232e-06,-1.42842844892742e-07,2.32511460228606e-09,-1.63100709985997e-16,3.08313762136107e-15,8.79102755906002e-16,4.41982555159211e-08,-4.00193621113986e-08,-4.33217242903154e-05,-1.18577508114687e-08,2.13488827998712e-16,9.76827153557036e-16,3.94100198653855e-16,1.17589690771624e-17,-5.58944929806009e-16,5.65880572316229e-08,-6.72318401023032e-16,6.20829155574852e-16,-9.48526877197774e-07,-2.80698791333951e-16,-8.49390705684275e-07,-2.23789962768655e-16,-2.91131666964225e-05,1.90863562822704e-16,-3.52183960333415e-05,-1.59268726859047e-07,-1.4050271439042e-07,3.28702883254908e-16,5.11201381051793e-06,1.23115638588345e-16,7.76000941331384e-07,-1.23396782473827e-07,6.82882710791436e-10,7.26132405148537e-16,3.76007369926942e-06,-8.63563026552542e-16,-2.70621182047395e-07,-1.38145784820804e-07,5.51588430001724e-16,-6.15421723418709e-17,3.69952138272739e-16,-2.8963935660795e-16,-2.09499941935305e-08,-6.23368145505137e-07,-1.39183177795169e-07,-2.8173904674355e-16,-1.53440817434293e-16,-1.42579181383606e-08,1.16305285844656e-07,1.12652758478095e-16,-9.3473321416863e-16,-2.31995169246657e-07,6.62495177342145e-16,-4.10830348984636e-05,-1.46969298370324e-16,4.11034296632832e-07,1.4489053306956e-16,-5.59009529231701e-15,9.81181326978247e-17,-4.75521630076443e-16,-6.38628333010481e-16,7.05860004147317e-17,7.89926079978696e-09,-5.5244360342524e-08,-1.52992475441049e-16,-3.66755284898231e-08,1.54085033519945e-06,2.11232717707094e-16,-1.48286441301872e-16,1.99294378531737e-16,-3.81060652271936e-17,1.29396625780098e-05,2.26329622698468e-07,-7.97237525037272e-16,2.67584777568513e-16,-2.75803120300242e-07,-8.90864463335576e-08,-1.34873871874318e-09,3.89146334019654e-16,-3.07750248668797e-16,-8.21713719780767e-17,-5.99502742769367e-16,3.25625269225657e-16,-2.23233360510272e-16,5.412145616442e-06,-1.87321459115923e-06,-9.84279526671146e-07,-2.48106093068584e-17,-5.80507807912818e-17,-2.32064513774646e-16,2.2352747797519e-16,-8.12986859322865e-17,-5.17391216108751e-16,1.04067239105654e-16,-2.16343965678902e-17,-1.45577322053498e-16,2.7576573588164e-16,-1.2781811775283e-16,2.95452338741749e-16,-2.70134860013457e-17,2.75278830703545e-16,5.24932563314692e-09,-8.28562229071004e-17,-1.72057948302675e-15,8.1967225075389e-17,7.42980891334761e-08,-2.51878257255537e-06,-7.91437424635847e-17,-1.91742664702889e-09,6.78875702139233e-08,-1.49408044812276e-16,1.62817581216323e-15,-1.30882358226503e-07,9.1343519292496e-17,1.67083245646051e-09,-3.13712191693781e-16,4.07787028179536e-16,4.63453775566269e-16,3.21432038069353e-16,4.58754127117908e-06,-2.24414985239182e-07,3.00224326527001e-16,-1.07488452460597e-16,-3.59434449853185e-16,1.98326137019952e-16,-4.23326738246965e-16,2.15254574204405e-16,1.52943656362653e-16,3.60228129886727e-17,2.69657029486962e-09,-3.76116672078239e-16,1.64060299663732e-16,-2.40845470552809e-16,-5.19158079333514e-17,4.74452989072728e-17,-2.63876718471936e-16,-5.86068861961633e-07,4.6369513993198e-17,7.08279762908606e-17,3.96436144064248e-08,3.8424451280931e-16,2.56587260873252e-16,1.86950529641304e-16,2.65280564884844e-16,3.30397688031052e-08,8.28425045959433e-17,-2.26911609313409e-05,2.94531320700777e-16,2.33649459531264e-16,2.41979264281348e-16,1.63809183977167e-16,7.53321365353508e-17,-2.92605811538639e-17,3.94709014235561e-08,-5.66418276696203e-16,6.73978172324388e-17,4.98293326422367e-09,-4.92549705523969e-06,1.77322771917604e-16,8.47557684632436e-07,1.15192751224251e-06,9.3389336070975e-17,-1.57346887163719e-16,-1.08622297019431e-16,2.75392035873119e-17,-2.00094254286806e-16,-1.9311569339932e-06,1.40798735616835e-16,1.22822515460962e-16,3.27781503313866e-16,7.7278124320636e-07,1.56106966312981e-16,-5.25100498707922e-17,1.50250815739562e-16,5.73877242940228e-17,-3.51870377117183e-07,9.98700192860925e-17,1.03725829308194e-09,-2.74843746919834e-17,-9.94250136015662e-17,-1.29359949538116e-15,-1.00398398612613e-16,2.51307548115252e-17,2.03164846165364e-16,4.54648729861105e-17,-1.79857253006244e-08,-1.7919358601107e-16,5.99167912212663e-17,7.56026749260758e-09,-2.07392479384605e-16,-8.49046141494984e-17,1.25694252262275e-16,-2.53587527503946e-17,2.07042865901275e-16,-1.32582911132763e-16,-5.4781772490358e-08,-3.97137928208821e-17,3.1056483996537e-17,1.63091037738466e-08,-1.63694137470986e-16,-1.69597585484087e-16,2.28371181558113e-16,-3.96740924152304e-16,1.3554126415018e-16,-9.31543483543473e-17,6.07819636348903e-17,-7.06656352413497e-17,1.44587258924442e-16,-2.65362421567553e-17,-1.67023558152389e-17,-8.55010099500126e-09,2.83501476211836e-08,1.93224714816705e-16,-1.11378279933501e-16,1.17991986249272e-16,-1.86286612225346e-16,4.67399556558501e-16,2.27000769322239e-16,3.56870187571985e-16,-5.24293171689167e-16,-2.70105478205362e-08,4.81387942893702e-17,5.61627812995711e-17,1.56225294736515e-16,-3.87235898417868e-16,3.14336616245901e-09,8.42896675847001e-17,-4.98277646567125e-10,-5.41571279241055e-17,-3.93442756203117e-17,-1.58734303286299e-17,3.51207411681098e-16,1.69744058634878e-16,-9.93809083449462e-17,1.72976897623746e-16,6.34909547354681e-17,8.11088897249643e-17,1.33024753567378e-16,4.85951987993393e-16,5.11551215066852e-17,-1.56986276749784e-16,4.92166422075837e-17,3.16667561048938e-16,4.45153507808841e-17,4.79467743824409e-17,3.65746923920009e-16,6.53773807722133e-17,-2.34013248471022e-16,1.83067536824177e-16,-2.48623814417905e-16,7.43030407149539e-17,4.0023451035293e-17,-8.91536424504514e-17,2.40688402201898e-08,4.14326370037469e-16,-1.18132588755128e-16,-4.9877651160697e-17,-3.38560659690006e-16,-2.43365614483071e-16,1.30210003834682e-17,2.9667473532471e-16,-1.9544415844925e-16,-5.97536632793375e-17,-9.53832439532044e-17,-2.05022630817009e-16,2.16257281272464e-16,3.01101738123344e-19,3.97489814868921e-17,-1.84360317222238e-16,-1.40482760622772e-16,-1.93988737534626e-17,-2.8036948493231e-06,-7.63881535254508e-17,1.13512513914405e-18,4.19028753115047e-17,-7.01003711794236e-17,9.26822925590297e-17,-5.485169514364e-17,-3.54138572858641e-17,-3.64899624311539e-17,-9.69199687037145e-18,7.08746894958747e-09,1.74225567782952e-16,-3.37987720824924e-17,-1.23390858542905e-16,2.04860642600444e-16,-6.17946049742035e-17,-5.50583358276805e-16,6.49968700784942e-17,3.95195333026572e-16,4.96218982517073e-17,2.96673961473574e-17,-9.38599828734828e-17,8.03401562495992e-17,1.44374552843054e-17,3.29789348070394e-07,7.47846434665383e-17,1.00375019112315e-16,-1.96008534991166e-17,-1.02348685082632e-16,-9.79361555183751e-09,-8.83158022987047e-17,3.48713710376678e-17,-1.01927567821617e-16,-4.14999555937676e-17,6.62172264747611e-17,2.95941729291745e-17,8.7147969853569e-17,3.22192181381971e-16,8.24583160768129e-18,-3.85758527853705e-17,3.08669039115433e-16,1.06983960963525e-16,-1.6453273090771e-16,3.03474678697395e-16,-1.21947168850052e-16,-2.17043350075824e-17,-4.0745409597936e-16
"t189",0.0360025476692044,-0.0110686092102283,-0.0121597064307533,0.000771366192361346,0.00820330762914874,-0.0307813305555831,-0.00468319678151721,-1.73585872243122e-05,0.0461669118724503,-0.00218867185968881,-0.00219734462776982,-6.19920031370123e-05,0.000226972338489254,6.18296620739072e-05,0.00305336411165239,-0.000141032875448143,-0.000120915339399685,1.80766564068775e-05,0.0111984057436756,0.02825120270284,-1.64214818768914e-05,3.79055789400499e-06,-0.00019229028029953,-2.39196036327417e-06,3.41780591314516e-08,-6.11085706937534e-05,0.000780405242144637,4.56080456272024e-06,4.66014551363551e-05,-0.00155512926262448,-0.00040940553747122,0.0121256229215217,9.37287802908748e-06,-0.014342548507077,0.118373530776166,-0.000846538473268018,-2.33845214274483e-05,3.50236138250783e-05,0.00367821078421442,0.000661098070850942,4.97519005137548e-05,-0.000117888942981252,-2.28010613840092e-06,0.00016807551895623,-1.57008518472152e-05,1.81913732940963e-05,-5.42070611815123e-06,0.000105122859552855,-0.0428379596131715,0.0756487846311791,0.00024667315274302,-0.000163883865222299,7.50633896650769e-05,-4.8634518232421e-05,0.251336311794335,0.00309399670608171,0.0216835462809528,-0.000359711862757992,0.00312820518076457,-4.67875371774939e-06,-4.03571639403557e-06,0.000201374899483564,-0.00011467825197778,8.47732159191888e-05,-0.00079647272374181,1.50295616789224e-05,-0.00755391237353966,0.000246419969730677,-5.86852466147376e-05,0.000256629662639831,-1.86746884994391e-06,4.42142555877757e-06,-1.49172543327375e-05,-9.2023007788666e-06,3.84310918743027e-06,3.79622015425006e-05,-3.23034464255338e-05,4.56452475441477e-06,-0.00116676375091567,-0.000137106688735302,8.05080658711362e-06,0.000616003039429919,-0.00078332340862223,-2.25458469734286e-05,0.00465355744490381,3.38014472500342e-05,-7.93860110707609e-06,-0.00266693352243836,2.17775110025868e-07,2.45976765841666e-06,-5.47443129165682e-05,3.07535850500862e-08,2.08353950267175e-05,-1.55808290886506e-05,-1.83298598817148e-06,-1.81445144882518e-06,-2.11277493423173e-07,3.79090709121744e-07,7.30542502574059e-07,0.0035888459162162,-2.11911130038875e-05,1.30371778738156e-07,-2.5383136390702e-05,1.0784851369069e-06,8.09623300930974e-08,-3.08872871794125e-08,2.22879784667017e-05,-3.37979468122451e-08,4.90313323637028e-05,-1.88085634389261e-08,-6.82395756990332e-07,-1.94839206901188e-06,6.25454921800032e-07,-1.14458808351429e-06,1.3019484790274e-06,-1.75444321569014e-06,0.000206719175664358,-0.000255204271659135,4.38066107927278e-05,-1.71575468267016e-05,1.03326027111691e-05,-2.55926835219835e-05,0.00307076537481986,-0.000241973012999962,-1.38791555169111e-06,4.41564185707734e-05,-4.64200013784938e-06,0.000124670020101858,-0.00015852811232511,-0.00553559514554824,-4.19879400993213e-05,0.000196225671283299,-1.64635241096871e-05,-0.00111831398907922,5.33746480852056e-07,-0.000361475745102768,0.0175666475261594,9.64414584223208e-05,-0.580192917249829,-0.149880212964976,-0.0374373852349313,-0.000746082190218796,0.00464497990648772,0.000257964497319425,1.48545673174888e-06,-0.000611770571167788,-3.52290957603215e-05,0.00119591862173836,7.16108396529212e-05,-1.11002638232937e-05,-1.38684001142876e-05,-0.027393425169757,-5.72456510663232e-06,0.00162394532558514,-4.42213684113161e-06,-0.000893720552603122,0.000486478736103929,-3.46933684539906e-05,-0.00197345756916335,-2.52559055499367e-05,-2.35238369438504e-05,3.39107919287727e-06,-0.000245759597341249,-3.12646113631552e-05,1.94135218697985e-05,-1.23895562369308e-05,0.00170663485782751,0.000550021521825628,0.00142965243841292,1.08657768102409e-05,-2.02120073504067e-05,-3.56917763466899e-06,4.19832858328769e-07,0.000149323347549433,2.60140641215556e-06,5.2733703241391e-06,2.30479409362043e-07,-8.3356353080383e-06,-0.000327275739484137,-3.60752931207189e-05,0.000144387065225447,3.82351495430229e-05,-7.95360881293437e-06,-3.16589755927056e-08,-9.65063701322643e-07,-4.07401170741851e-07,-0.00338868700341491,0.00486206928594297,0.00254229283651502,-1.23441923614819e-05,-8.95805092587797e-05,0.0060543022661433,5.22202207897036e-05,7.88433456148246e-09,7.79521062043257e-07,-0.00162674541304898,-9.59857104792216e-05,-1.58746796175154e-06,0.0017789933742145,3.20174338465774e-05,7.52604257833806e-05,0.000112554976073894,-2.37608599644323e-06,-6.33967102652451e-05,-0.0227860782086523,-1.81871935275106e-05,0.0730965163443974,2.63245431893818e-06,-0.000912353528913784,-2.7638955659694e-07,-0.00718303004558296,-5.05785345444989e-05,-0.000272417815037709,-0.199693069517405,0.000114297300170499,2.43887321715719e-05,-1.72734743750721e-06,-9.38705061579746e-07,0.000131616372695465,3.85570146244701e-05,1.56931831402117e-05,-1.18136290383723e-05,-2.3418000205134e-06,-8.85994209827438e-06,1.85508058398101e-05,9.84506343596673e-07,9.15995468955797e-05,3.39138769790842e-07,5.52912611559578e-05,1.2482517273523e-05,-5.55561868869223e-07,-9.14354140019081e-08,-2.16218451469672e-06,-7.35655657696825e-07,1.26014209771026e-07,-5.8983652328787e-10,-1.47654445806152e-06,5.08877574406404e-17,-2.82640276366193e-08,4.40919829807363e-07,-1.36184485466e-07,-4.26708318364909e-07,-6.47924054583317e-06,9.01721734822114e-08,-1.4971700823831e-06,6.80203539325321e-07,-1.31795762933374e-06,2.95951337186627e-06,-1.84045586325768e-07,7.74617755120069e-05,-5.1369895745291e-08,5.68907867342148e-06,-5.00744921896101e-05,2.34969196423152e-08,-1.58289766390889e-09,7.69116373171676e-08,-7.50040163232002e-08,1.18300536588444e-06,3.06132753632733e-05,-5.84855056778092e-06,1.15443513495439e-06,-2.10330120405919e-05,2.46367402655072e-05,-1.49515067956072e-06,1.52746569000236e-05,-5.16883785744973e-06,2.03133597517256e-08,0.000176804837543369,8.59008378813968e-07,0.000240106039890686,1.83954960224455e-08,-5.67340946151957e-06,5.15012311082482e-07,-6.45322669169207e-07,1.0214502154802e-06,-1.97549080552018e-06,1.53678515892397e-06,-1.12438710919902e-07,2.15716677201457e-05,-9.37294425873039e-08,1.53997534188134e-05,-1.6686090421669e-16,-3.77944397569957e-05,-3.75907519446881e-06,-4.01572445807204e-11,-3.51510233248011e-07,5.17367079062246e-07,-3.20766834104172e-07,-9.10928562935601e-08,1.06443231539877e-08,-4.75520549278539e-07,1.79811304103578e-05,0.000198385670576966,-5.62235323168403e-08,3.44494584091118e-05,-0.000874625437381152,2.20431678384493e-06,-4.24363203497981e-05,6.04268611385924e-07,1.05509532182134e-06,1.62806942257502e-08,4.3521517882549e-05,-5.57717970735452e-06,2.46226873480559e-08,-7.69011166150823e-06,8.97751368445636e-07,-3.2573539399878e-06,2.53923279058546e-06,0.000631959195202235,9.9668593078503e-07,-3.22625410307183e-07,-2.12720399244914e-06,2.15464289026172e-07,-9.93032709652761e-07,8.39985048148898e-05,1.10304527952729e-05,-4.95225352116772e-05,-1.08239420614307e-16,4.31939452714646e-06,7.96891567046771e-07,-1.19409597649882e-07,0.00038505435325784,1.65775694634244e-08,0.000100352736469573,2.37428248686367e-05,-3.17341533123211e-06,1.35419290097209e-05,-2.1438140838794e-16,-0.000100636052103746,-7.95953336413687e-09,-0.000104043570522759,1.43465197046306e-07,2.61870880459302e-06,-5.15104657527122e-05,-2.8299589453325e-05,7.52875860068764e-06,-7.46545675002546e-07,4.68665251946834e-05,-1.50023121096511e-07,-1.43224661045932e-05,-1.91118691102131e-08,-2.97745168377863e-09,-0.000148381164980645,2.10829730015986e-07,-4.21164364021539e-05,-1.60008139686564e-16,-1.1195580207132e-06,8.79763087889823e-08,2.53546119507258e-09,2.26108907068585e-08,-3.44146536223139e-05,-0.000162646014184158,7.20961686044442e-07,-2.64619451907796e-06,-1.53096392225764e-06,3.14111576852354e-16,-0.00078824271553688,-8.15100187008212e-08,-3.2112008840992e-05,7.67361765639578e-16,6.26524748668935e-06,8.02313414315558e-07,-1.23258750169188e-07,-5.01721519444076e-05,-0.000159085490853615,-8.68636658508101e-06,-2.83217663235188e-06,8.75301632803858e-06,6.34804339152906e-07,3.51819661873996e-08,8.16382498410799e-06,2.47441552067265e-07,7.85039317516058e-17,-9.84599461761341e-08,3.64427788356134e-06,1.57254296733786e-06,-9.8929625549016e-06,-3.27081304336789e-16,-2.02338062588081e-07,3.73903517473313e-08,-4.2824804828321e-06,-6.22148995262449e-08,-0.000635697318285768,2.06869165580633e-07,-2.77386780677653e-06,1.49423400366138e-05,2.64104470042107e-16,5.39349736592942e-05,-2.55679679165926e-07,7.42350405401731e-07,7.9774676837887e-05,-1.04860129090388e-07,-1.32497849527536e-07,1.21430643318376e-16,-1.86790660472324e-18,-1.22075041112357e-07,-1.41001702161555e-07,1.86099798180129e-08,-0.000192312621731083,6.40728911929699e-15,-9.62243003431407e-06,-1.13549096007415e-07,-1.24959787411218e-16,-1.97521552753587e-16,-3.2439324094358e-16,0.000224054660033248,6.34915271816656e-07,-7.06858756154914e-07,2.14838677688278e-05,3.05031991905296e-06,5.64434872515099e-07,-2.44880347913271e-07,-1.09326329110953e-17,-5.35346322252604e-08,1.50249005291606e-07,2.69082811170559e-16,-1.31443105428677e-16,-9.40458532825294e-08,-1.55873099888235e-07,-5.55546381198335e-08,1.40172575755662e-05,5.46087759404279e-08,-6.25386851043205e-05,-3.5921346563167e-16,-7.68211298793273e-07,3.89400447285548e-16,-2.49667605317847e-05,-9.96083640916745e-16,-6.07363659625781e-08,-2.90319028945248e-16,2.49417044992717e-07,6.5670564350607e-08,2.9118952328375e-06,4.00963885432521e-06,1.7709627550087e-07,-2.03550758871632e-08,1.29237121486276e-07,7.90481838500932e-08,0.000214376585277259,7.52636170340541e-07,4.44916236447048e-08,-1.26244675406435e-07,-0.000212854691181182,-1.82438715024529e-06,-5.90722320911464e-08,-1.71972314074759e-16,5.55186465592675e-07,-9.57679830911754e-08,4.95106315013757e-08,2.97032935829748e-16,2.61795973337434e-05,2.62609674325423e-06,8.41986127424425e-07,3.0219160891147e-16,-2.04326728432589e-07,-0.000324043553861353,3.6067653130139e-16,-1.40118896129139e-07,3.18012451306281e-07,5.73720474926662e-16,-6.12304060364524e-16,-1.20421189767929e-08,-0.00018339194290914,-1.02837928823904e-06,-0.00019380926315443,1.42234865667979e-06,3.75418042360273e-08,3.8447480564834e-06,3.37434940113023e-07,-8.45765343852028e-06,6.42606627632158e-16,1.56207503787061e-09,1.06306765736193e-06,8.94140192921754e-06,2.93949175366478e-05,-8.55157044221437e-15,5.84534162240512e-16,4.19479058403978e-06,1.84916898540766e-16,-1.80351535105737e-15,4.32067706340909e-07,-6.35552482668209e-07,-1.18988524612338e-07,-6.66817201741869e-07,3.04505643156087e-06,7.95441842292026e-07,1.01653989867522e-06,2.49006010249065e-16,5.36371617631975e-06,7.0983615598106e-06,1.14885046920301e-06,-1.09581293037103e-07,4.33368149073422e-07,1.56251091407942e-15,-1.95838100108867e-15,1.8652698109224e-15,-0.00145499376356324,-1.77778005439359e-08,-1.1536407695791e-06,-2.51398981347756e-15,-1.37238887575143e-08,-2.52903636925751e-16,-2.16355477226599e-16,2.25256484274351e-06,-5.6399128470848e-07,-2.28484765829595e-15,-4.65343907549096e-06,-6.27439084677504e-08,-1.26889897648886e-15,1.418357263691e-07,-1.12099949531938e-15,5.2572188775121e-06,3.58988201989724e-16,5.24314243831939e-06,4.32455510443941e-07,1.56631833701525e-08,1.54660079923702e-06,1.06144955260659e-05,-5.05116864914104e-08,1.54984191353498e-06,-2.97718024505464e-15,9.15591127054261e-07,-5.16748669217181e-08,-2.35867255706291e-15,-6.80721025053032e-09,-1.38697543742709e-07,3.22195892911231e-08,-2.98745905070414e-14,1.0328402497605e-07,1.36587985198765e-07,-1.21500449550348e-14,-3.78926598144581e-06,-2.87592268893415e-06,-3.9248735776109e-09,-0.707106781186546,-6.14993604143356e-14,7.0127888054725e-08,2.24253764052096e-06,1.81411536089807e-07,-2.79084346220565e-08,1.32549627065417e-06,2.53117381827903e-15,2.20882131904458e-15,4.8382434538143e-06,1.45559394754e-08,-3.28266130007814e-16,1.16899914136805e-05,2.67172874758058e-15,5.80011809804866e-08,-9.81495354778056e-07,-3.6261436897408e-05,-7.9653093685495e-05,-3.04247772031626e-15,-3.3496017036523e-15,-1.18012511916483e-14,-1.03562984847603e-15,-6.65871799772798e-09,-2.30972249475692e-08,3.00356793828e-15,1.733853763743e-15,-1.86933138486878e-15,3.25097045214982e-08,2.92143911940565e-10,-1.60842860371119e-08,3.35007802221239e-16,7.14161260510771e-15,-4.44251840175935e-16,-6.89669479668092e-07,2.11036686386005e-08,1.43353984141742e-15,3.70204536277757e-09,-9.68388015443801e-08,-4.54950226385545e-16,2.08746526692354e-15,-6.95086923317614e-06,-6.84433882905378e-10,-3.44219615625048e-06,-2.49361450329096e-16,3.72742240576764e-08,6.01464580661082e-07,6.45224799206555e-07,-2.40727581756553e-06,-1.42842844376504e-07,2.32511150969976e-09,2.43407599899148e-16,-2.97899845766786e-15,-7.96627404544665e-16,4.41982564322606e-08,-4.00193627718668e-08,-4.33217242881779e-05,-1.18577509246926e-08,-1.19235878078149e-16,-1.00500719743516e-15,-3.76309252588902e-16,2.25384083833219e-18,6.60945115041815e-16,5.65880570756618e-08,6.04741236297526e-16,-5.8869486315247e-16,-9.4852687759043e-07,2.98908658059977e-16,-8.4939070622362e-07,2.075915020988e-16,-2.9113166695095e-05,-2.14189579548117e-16,-3.52183960328298e-05,-1.59268726799711e-07,-1.40502714582292e-07,-2.65047885739744e-16,5.11201380942267e-06,-1.51674086996054e-16,7.76000941646103e-07,-1.23396782877589e-07,6.82881685210705e-10,3.72682525243968e-16,3.76007369907861e-06,7.09708582977547e-16,-2.7062118124797e-07,-1.38145783688478e-07,-6.0612176648795e-16,6.38719485160593e-17,-5.39658905709633e-16,2.96661321877535e-16,-2.09499951244944e-08,-6.23368145712131e-07,-1.39183175523459e-07,2.68823995691739e-16,1.71210528389224e-16,-1.42579189281902e-08,1.16305286274217e-07,-6.26483731398748e-17,9.20357918633598e-16,-2.3199516942092e-07,-6.33418002619767e-16,-4.10830348985122e-05,1.06850942131976e-16,4.11034298805729e-07,-1.30220186209281e-16,-5.72256527330278e-15,-5.49058799459757e-17,4.62766202410219e-16,6.63554159288418e-16,-2.48922601073465e-18,7.89926196207139e-09,-5.52443607532474e-08,1.55084533938686e-16,-3.66755285998856e-08,1.54085033475447e-06,-1.81860490558708e-16,1.54596725392871e-16,6.21159135654118e-16,-6.19134674859447e-17,1.29396625781338e-05,2.26329623223385e-07,8.06920373848556e-16,-2.26644339669132e-16,-2.7580312047337e-07,-8.90864464348895e-08,-1.34873850644417e-09,-4.06200849719279e-16,2.5374764547057e-16,7.11335542756508e-17,7.4513118387566e-16,-3.8537485651358e-16,2.28595748706564e-16,5.4121456155508e-06,-1.87321459105398e-06,-9.84279527884456e-07,4.57074264896504e-17,4.45987189631543e-17,4.24212047767722e-16,-2.55281208806545e-16,9.48463688214968e-17,3.99084958243073e-16,-7.47637121417222e-17,-1.94656202301593e-17,1.43455394627295e-16,-2.7965869649287e-16,2.38881499422176e-16,-2.6299510066286e-16,6.76031247613249e-17,-3.33033255304977e-16,5.24932617190197e-09,1.23982072473787e-16,1.22845042059563e-15,-9.21500506574933e-17,7.42980899886094e-08,-2.51878257191547e-06,1.10526407935897e-16,-1.91742740554074e-09,6.78875690153673e-08,1.63304424123481e-16,1.66474708324485e-15,-1.30882358383364e-07,-1.06544777797144e-16,1.67083225355954e-09,3.00832515181307e-16,-4.01960312917023e-16,-4.50753000899266e-16,-2.39014274046083e-16,4.58754127128492e-06,-2.24414985744347e-07,-8.71610772593221e-17,7.98618414655511e-17,3.47449203335229e-16,-6.50658374108093e-16,1.70219741080224e-16,-2.16513791537999e-16,-8.75989660626131e-17,3.28987485055001e-17,2.69656989614141e-09,3.56180272838986e-16,-1.60567610938692e-16,2.14940678401619e-16,3.92549059948264e-17,-2.98470365928505e-17,9.3903222184708e-17,-5.86068860948962e-07,-2.76008630749682e-17,-6.31571451390717e-17,3.9643614124363e-08,-1.28276132980893e-16,-2.49400671993228e-16,-1.65408263600106e-16,-1.51148544398559e-16,3.30397692285065e-08,-9.09010229964596e-17,-2.26911609327219e-05,-2.79597663212758e-16,-2.7632754044048e-16,-8.10588265812217e-17,-2.41488881503964e-16,-2.01256935558306e-17,1.38906177027743e-17,3.94709015282371e-08,-1.12364617583753e-16,-1.114289570497e-16,4.9829330246246e-09,-4.92549705558533e-06,-1.76731185978298e-16,8.47557686212447e-07,1.15192751220484e-06,-4.57710126238088e-17,3.43400885458548e-17,6.08064474600479e-17,-3.28069935738245e-17,-5.11200291757007e-17,-1.93115693475128e-06,-2.75286109634811e-16,-1.24375579865735e-16,-4.30032191170785e-16,7.72781243352933e-07,-1.6386584818373e-16,2.30709351735953e-16,-4.04660682718006e-16,-8.46963414493344e-17,-3.51870377311805e-07,-2.59497787477857e-17,1.03725833578514e-09,4.83956397455297e-17,4.78075271238425e-16,1.29156361468895e-15,8.80563692740563e-17,-6.61290512246195e-17,-1.6854291852351e-16,-8.20697185600926e-17,-1.79857249791456e-08,8.08953999781979e-17,-1.21987860014212e-16,7.56026761609844e-09,2.46639257093693e-16,9.26933677240171e-17,-2.77194316522782e-16,1.94523035316196e-17,-2.150053470152e-16,1.06428083901038e-16,-5.47817725433147e-08,5.90270748936397e-18,-1.23588872674744e-17,1.63091039463708e-08,1.75357205380806e-16,1.8546525203861e-16,-6.70773357274145e-17,3.69157480605071e-17,-5.40641650785407e-17,1.30899696483651e-16,-1.51766553642298e-16,9.28017027737137e-17,-1.59946355817126e-16,1.06652762004422e-18,-4.53664635532635e-18,-8.5501000856947e-09,2.83501480483739e-08,-7.2117597412806e-17,1.40466132207694e-16,-1.31773533123303e-16,3.0339940707327e-17,4.55364912443912e-18,-1.68538894648668e-16,-3.10390391527625e-16,6.99694793093263e-16,-2.70105477357296e-08,-1.422688798499e-16,-4.78483674039987e-17,-2.5558696642448e-16,2.59464829812893e-16,3.14336614218741e-09,-1.24768242294344e-16,-4.98277513590608e-10,6.71031421969976e-17,1.58862705771023e-17,5.91963576183688e-17,-4.49983668448162e-16,-1.1268193752793e-16,1.50466823369899e-16,-1.18750150225088e-16,5.34896319792008e-18,-6.86684707107704e-17,-1.05780301911283e-16,-4.01720431257274e-16,-7.73296987852803e-17,2.66403768149828e-16,9.17436352875112e-18,-3.09654835721748e-16,3.90231271820577e-18,-2.58550958346644e-17,-3.7573069691819e-17,-1.51310017169194e-16,2.25084701632193e-16,2.85416221906809e-16,2.01140180577493e-16,-6.45561525261257e-17,6.72794354030091e-17,-1.25570276864242e-17,2.40688401329228e-08,-3.38618251123338e-16,1.09766707901329e-16,1.03250196066309e-16,4.43655958487832e-17,1.95057894565331e-16,7.7215863332332e-17,-2.5435834525171e-16,1.81883283045126e-16,7.07538125036462e-17,8.13644007162398e-17,7.39967982721357e-17,-2.90680938792934e-16,-9.71684701084602e-18,-1.4647895258634e-17,-3.95011624035823e-17,1.11623583279498e-16,5.76971777793267e-18,-2.80369484971567e-06,7.46783047132931e-17,-1.25488215078416e-17,-4.87896525964141e-17,-3.107556781546e-18,3.95581386936893e-17,-4.54481311121033e-17,2.4634555178371e-17,-3.02004442857315e-17,3.10777723221137e-17,7.08746896916796e-09,1.46741042710446e-16,2.06895833984361e-17,1.39681481363092e-16,-4.53859449188824e-17,-2.21386610850425e-17,1.72264318211147e-16,-3.73939470297847e-17,-1.64022558890928e-16,-5.57128405556079e-17,1.01979369076058e-17,1.13175100338706e-16,-7.07942211322338e-17,-7.28157531828164e-18,3.29789348050642e-07,-6.85939268657327e-17,-1.45261966038871e-16,-1.01632727186303e-16,-1.0842021724855e-19,-9.79361562304634e-09,9.49832049220267e-17,3.66350210189209e-17,1.92754759325596e-16,1.92996609452769e-17,-8.9645639080207e-17,4.50066444852821e-18,7.56135148961864e-17,9.45654787537343e-17,-1.05310934634095e-17,9.95707725865552e-17,2.65007669801392e-17,2.03349834250703e-18,-7.32062643299081e-17,-5.78428938707459e-17,1.13661143027586e-16,1.17190950692828e-16,-2.94171701897855e-16
"t100",0.0358950694799881,-0.0109987777166578,-0.012080496305741,0.000764619081444315,0.00811530813273553,-0.0303933257569999,-0.00462299251760057,-1.71174808299766e-05,0.0454079774746115,-0.00214491719438594,-0.00214136275491682,-6.00363745410731e-05,0.000219597057553679,5.97893059635451e-05,0.00294808517609005,-0.00013587430663044,-0.000116383656037821,1.7386504597443e-05,0.0107606336338213,0.0270479278802159,-1.56626900889276e-05,3.57738246300149e-06,-0.000180838028220262,-2.24864517868635e-06,3.2121776274356e-08,-5.72468391007863e-05,0.000730471025130057,4.26620980893108e-06,4.35057416259152e-05,-0.00143177502063174,-0.000374604104885722,0.0110440427426872,8.47093112821902e-06,-0.0128905294968861,0.105713836131523,-0.000747938660021614,-2.06222147154964e-05,3.08127781889036e-05,0.00323261245250948,0.000579669454501237,4.34250817764153e-05,-0.000102485548926394,-1.97713993443834e-06,0.00014571173304447,-1.35701738906903e-05,1.55411259430035e-05,-4.6140497732357e-06,8.93238011929076e-05,-0.0362202984714345,0.0636141924556284,0.000205888684398072,-0.000136302270622799,6.23975154963289e-05,-4.02463426766777e-05,0.206112018559987,0.00253373378590719,0.0172936289341436,-0.000284691381304159,0.00247349542054496,-3.62686830829032e-06,-3.0788790781068e-06,0.000152370528456082,-8.6179258403111e-05,6.35946598749461e-05,-0.000589597543243068,1.09878843010061e-05,-0.00536223720487048,0.000172455347646734,-4.07919096446934e-05,0.000176138078284945,-1.18705924705741e-06,2.61061834149986e-06,-8.69422867785105e-06,-5.21258707174985e-06,2.16875135939956e-06,2.11404701508134e-05,-1.78917907838019e-05,2.45833826615268e-06,-0.000584120017026333,-6.63241760241666e-05,3.64178735814279e-06,0.000274161822505953,-0.00030185801468597,-8.22151567474326e-06,0.00118757264355937,7.34373825162665e-06,-1.3806358191252e-06,-0.000443623353717479,3.57885588125121e-08,3.91712321412552e-07,-7.68449581116213e-06,-3.34354026366654e-09,-2.94166105777676e-06,6.89317646491874e-06,3.92540594946232e-06,5.37669859979306e-06,6.36691093204786e-07,-5.4195770132791e-06,7.59713755093616e-05,0.0142210434123811,-5.25115500481944e-05,3.13739826991238e-07,-5.91962165429886e-05,1.2568481064327e-06,9.17532339120545e-08,-3.4284921052163e-08,2.38890028651027e-05,-3.58880112287585e-08,5.12266985976531e-05,-1.9191578911888e-08,-6.91097973057014e-07,-1.89108279435063e-06,6.04107564738535e-07,-1.00177578596333e-06,1.11776213100194e-06,-1.44634894533207e-06,0.000167448072987733,-0.000197294975252423,3.24367957700418e-05,-1.23080285538718e-05,7.28173704817908e-06,-1.69804892190655e-05,0.00196039122521378,-0.000154249394316172,-8.79867094002938e-07,2.69077409552233e-05,-2.81940950519087e-06,7.31762414095623e-05,-8.42118641726903e-05,-0.00293722196910542,-2.20945218007309e-05,9.62516519874878e-05,-7.96210859635898e-06,-0.000535276290771806,2.4467031075376e-07,-0.000164691551745964,0.00726200724338173,3.66190522498167e-05,-0.193679806484053,-0.0498384667945346,-0.0121541882539048,-0.000239223569954186,0.00145934831113268,8.04093117886786e-05,4.62977941943711e-07,-0.000179822335652015,-9.10247571155191e-06,0.000265281706620612,1.52267290144914e-05,-2.13397859896915e-06,-2.64353943895779e-06,-0.00500716992529769,-1.01993151716742e-06,0.000280778801158642,-5.47979318800212e-07,-0.000103644567166099,5.36678720000245e-05,8.02278417325016e-07,0.000113077639987633,1.58131465652542e-06,2.17106466854407e-06,-3.33854266402642e-07,3.38131995044157e-05,4.45250857619778e-06,-3.52853020200703e-06,2.73544191699495e-06,-0.000580402458473739,-0.000189469671582667,-0.000494097283007482,-3.94140841536942e-06,7.74212787173744e-06,1.37768537451666e-06,-1.79319431280624e-07,-6.57427126023402e-05,-1.22028727717787e-06,-2.51147805457422e-06,-1.10617211981168e-07,4.58250468725122e-06,0.000204692925830829,2.30475591417566e-05,-9.41098933634297e-05,-2.64059360562711e-05,5.61402884669904e-06,2.28230906428653e-08,7.09557132288367e-07,3.19550298581138e-07,0.00270005967014512,-0.0044164730625446,-0.0023190308966379,1.17443244058769e-05,9.53558025436823e-05,-0.00704993021294378,-6.26827960923875e-05,-9.89645346706622e-09,-1.01123227165518e-06,0.00232351574013079,0.000139944341531764,2.41652228818335e-06,-0.00276672681206892,-5.85252084016615e-05,-0.000138597846418159,-0.000221471486121999,4.98101246338762e-06,0.000150484086493206,0.0541000886522819,4.32916585368247e-05,-0.159688797702974,-1.5565946060796e-05,0.00290329686056163,9.51298127752813e-07,0.0268031798060206,0.000193738732215278,0.00118033078977447,0.929512306739552,-0.000533043246281868,-0.000120471125918021,9.9422415132535e-06,5.57127407821009e-06,-0.00092791423169893,-0.00030932641725297,-0.000131962720113206,0.000122514718173759,2.56436867664908e-05,0.000103225954636522,-0.000266049561413508,-1.47853965685193e-05,-0.00139162459093079,-6.85478979142913e-06,-0.00138143313518312,-0.000417414413057948,2.18359809030426e-05,4.37407607749163e-06,0.000129270432293673,4.72920520273851e-05,-2.52155206863825e-05,-4.34629401498718e-07,-0.000183243481277795,-8.9223354386533e-17,-1.62921453193532e-06,2.30106336478533e-05,-4.34878600972787e-06,-1.06017199522038e-05,-0.000136850899795034,1.88787595502985e-06,-2.48195561548255e-05,1.09074212200668e-05,-2.08226925515378e-05,4.37172337394368e-05,-2.60611848278284e-06,0.00102118835936805,-6.57469247772595e-07,7.19542630612136e-05,-0.000595476718541506,2.262760381507e-07,-1.43410787246208e-08,6.65041021015121e-07,-5.92365415955405e-07,9.28767353989387e-06,0.000227390775445524,-4.22074454680086e-05,8.01497396194902e-06,-0.000144307399971765,0.00016699266248346,-9.96961449991403e-06,9.94968528380501e-05,-3.35815266782801e-05,1.24940255893999e-07,0.00108617177767808,5.27015695189431e-06,0.00145286255231613,1.10748963515045e-07,-3.36232070806961e-05,3.04344581407425e-06,-3.50365857760483e-06,5.4990795466301e-06,-1.05653684785968e-05,8.09849626903635e-06,-5.85762026023097e-07,0.000109620286311365,-4.72994692953654e-07,7.72918206381132e-05,2.60805892593098e-16,-0.000186275653222444,-1.84839619796235e-05,-1.95981268133143e-10,-1.68612882395971e-06,2.44656564639422e-06,-1.50689313741754e-06,-4.26557169792509e-07,4.79206025916884e-08,-2.13564421294101e-06,8.07041018448453e-05,0.000880877543128065,-2.42516427671057e-07,0.000147885007150575,-0.0037422500299667,9.33155334316485e-06,-0.000172951483176717,2.42661923537623e-06,4.23348133419285e-06,6.53085698246288e-08,0.000168767943456119,-2.08792108532337e-05,9.17912602013141e-08,-2.84943824226198e-05,3.30253856514635e-06,-1.19566329752121e-05,9.15773062992908e-06,0.00227622708317346,3.58151195196952e-06,-1.15748355971666e-06,-7.59238736147654e-06,7.64724237904605e-07,-3.5065311198772e-06,0.000295958432694019,3.87212373673919e-05,-0.000172508295148859,4.66997638413953e-17,1.44173759424625e-05,2.64954594423527e-06,-3.94757363156588e-07,0.00127274237239981,5.47851398739597e-08,0.000331186519803074,7.81549400644501e-05,-1.04144232741538e-05,4.41741084406834e-05,2.61099362656227e-16,-0.000323945487586961,-2.55806665756149e-08,-0.000333248885012003,4.593313073881e-07,8.31624525221244e-06,-0.000162868359450616,-8.89407796367221e-05,2.3565839487391e-05,-2.316959106093e-06,0.000144361572196996,-4.5995772599433e-07,-4.37980178067034e-05,-5.83511047498839e-08,-9.06516662774258e-09,-0.000451623957223651,6.40442735488995e-07,-0.000127745565208999,-2.19971793431775e-16,-3.35897851692595e-06,2.63376097560234e-07,7.59028881659305e-09,6.72785900723715e-08,-0.000102308216503982,-0.000478369012052981,2.11424510501637e-06,-7.75559802213026e-06,-4.47734167831856e-06,1.68727327221038e-16,-0.00229962946041498,-2.37584825966157e-07,-9.32897270793081e-05,3.24861495272172e-15,1.81373546699209e-05,2.32072211564148e-06,-3.56379435645223e-07,-0.000144936711850093,-0.000458896381480049,-2.50294460543466e-05,-8.15392919663784e-06,2.51378956021043e-05,1.82257131173228e-06,1.00840537605187e-07,2.33314719497022e-05,7.07061183403294e-07,-1.39111654589172e-16,-2.79785795587806e-07,1.03458262654478e-05,4.45508440855234e-06,-2.79405678696675e-05,-8.16806437138123e-17,-5.67771036425766e-07,1.04190227003594e-07,-1.18971861725309e-05,-1.72598754521244e-07,-0.00176065768148743,5.71225639921095e-07,-7.62296059760237e-06,4.0607824731395e-05,-3.80463930166121e-17,0.000145240977515029,-6.87988926325028e-07,1.99436337674412e-06,0.00021385387540433,-2.8105460965482e-07,-3.54916197568057e-07,-1.11022302462516e-16,-1.01958144946642e-17,-3.25875113775943e-07,-3.75303018866234e-07,4.95162687926032e-08,-0.000510389287192219,1.6578611020697e-14,-2.53996737153537e-05,-2.99030378032978e-07,8.22715029665601e-17,8.38616879320793e-17,-1.54148623275246e-17,0.000585918718175258,1.65891068374708e-06,-1.84145900980186e-06,5.58319762986662e-05,7.92489124708221e-06,1.462712699867e-06,-6.34415053971264e-07,-1.54838971177277e-16,-1.38005982839427e-07,3.86666617418374e-07,4.52722145173932e-17,-5.06982472174252e-17,-2.40478122166708e-07,-3.97977025237642e-07,-1.41563468248181e-07,3.56720961902572e-05,1.38632042861373e-07,-0.00015870122372425,-3.16350820669498e-16,-1.94841411681711e-06,3.02212724706005e-16,-6.32272332795263e-05,-1.2248774043655e-16,-1.53642591507257e-07,-1.27427300839112e-17,6.30066911297525e-07,1.65848094121701e-07,7.32734016803934e-06,1.00820389743345e-05,4.45160306076084e-07,-5.10966293369295e-08,3.24043173352115e-07,1.97678141167816e-07,0.000536085468888134,1.8805916681628e-06,1.11009103584403e-07,-3.14387222022865e-07,-0.000529236628359807,-4.53055771887044e-06,-1.46608304556659e-07,-3.2620426937049e-17,1.37537094564184e-06,-2.36837098321461e-07,1.21861083135771e-07,4.51966437342255e-17,6.43501405362037e-05,6.4422251996463e-06,2.06379911004169e-06,2.45307323571577e-16,-5.00613007584766e-07,-0.000792595443121205,9.8396910439621e-17,-3.42444596310697e-07,7.73499728256165e-07,1.95396703633474e-16,1.49056153790773e-16,-2.92368144725822e-08,-0.000445181556584545,-2.49449542792017e-06,-0.000469701560711348,3.44033098144252e-06,9.07896236431325e-08,9.29577809893277e-06,8.13760547238149e-07,-2.03547591764779e-05,7.28746490236132e-16,3.75651368479828e-09,2.55615295686086e-06,2.14897674667881e-05,7.06087966676003e-05,-2.34104177034681e-14,3.4439402272051e-17,1.00686245501093e-05,3.79205340313747e-17,-2.7605240170256e-15,1.03226113904811e-06,-1.51720392008155e-06,-2.84047108552503e-07,-1.58905633239845e-06,7.25480846291641e-06,1.89503500574515e-06,2.42098669224458e-06,1.06976428612333e-16,1.27297176401165e-05,1.68336285110222e-05,2.72377693915317e-06,-2.59460847469084e-07,1.02324809304811e-06,7.28123659214333e-17,1.40946117025893e-16,-1.35906519214566e-16,-0.00241027453638711,-4.20742625300386e-08,-2.72916158971645e-06,-1.24050810450053e-16,-3.23642749252175e-08,1.10262111445655e-16,1.03933557192276e-16,5.27751235115957e-06,-1.32127920665695e-06,1.79760720198097e-16,-1.08873863698621e-05,-1.46687900528732e-07,7.61401001112813e-17,3.31093552967466e-07,2.36935169166376e-16,1.22502257474233e-05,2.3743604009214e-16,1.22154797656642e-05,1.00741122433127e-06,3.64825301654361e-08,3.60163042313349e-06,2.47076645171774e-05,-1.1738728471531e-07,3.59374242118182e-06,-4.11985567892951e-17,2.11724027326451e-06,-1.1945979506921e-07,-1.7921118529875e-16,-1.57305488587967e-08,-3.20286510042888e-07,7.43559993267573e-08,3.05722559805648e-17,2.37848431715801e-07,3.14410184044958e-07,2.16460941669371e-18,-8.71758803429387e-06,-6.61452827603408e-06,-9.01786434228756e-09,-4.40584498994943e-16,-1.41514361373611e-17,1.60741356530151e-07,5.13493790851676e-06,4.15307740890711e-07,-6.36112548863446e-08,3.01904194487766e-06,2.04228354601536e-17,-1.24755654883018e-16,1.10145408255526e-05,3.31353817937241e-08,9.39537128981075e-17,2.65894468370238e-05,1.62629239103669e-17,1.31822064990064e-07,-2.2282774315384e-06,-8.23175941207334e-05,-0.000180767066381923,-2.04412963344311e-16,2.08722114087589e-17,7.418553914302e-17,-1.05405748037129e-16,-1.50707096248599e-08,-5.2264520189782e-08,5.35129410402757e-17,-1.82906531175261e-17,1.47344758660645e-17,7.35044805257957e-08,6.60310399253344e-10,-3.63200494459311e-08,-4.4394019021631e-17,1.5330618718945e-16,1.57588785770768e-16,-1.55242939826822e-06,4.74986972213442e-08,-3.15234521427953e-17,8.32209823218907e-09,-2.17583298897029e-07,5.45552058620278e-17,-1.07682973016467e-17,-1.55994748872082e-05,-1.53589482589292e-09,-7.71915254813605e-06,-7.49282892931389e-17,8.34925986847404e-08,1.34640978673052e-06,1.4431099749467e-06,-5.37771588977036e-06,-3.19001057959007e-07,5.18941955094489e-09,4.41755746365887e-17,-1.97068938585785e-16,-1.2686225301696e-17,9.83129521189105e-08,-8.90129756906279e-08,-9.63168752103776e-05,-2.63062520167551e-08,-4.54345426051858e-17,-6.73132327335432e-17,2.37797041154422e-17,1.09083247829383e-17,7.27531891718099e-17,1.2525670239566e-07,-3.94726782308639e-17,-8.70462641036671e-18,-2.09769698855172e-06,-3.84048695448556e-17,-1.87836589465048e-06,-7.50785939413546e-18,-6.4376558040038e-05,2.82690978329898e-17,-7.77578547237571e-05,-3.51517893987056e-07,-3.09927876836753e-07,-6.81735486217077e-17,1.12686393703635e-05,4.05826442442696e-19,1.70801973387893e-06,-2.71076118588675e-07,1.50001854972747e-09,1.09855332503386e-15,8.25290132165317e-06,-1.14061563480487e-16,-5.93244853961088e-07,-3.02819232229582e-07,-7.06639652678266e-17,-3.36400691535004e-17,1.72040035665495e-16,-3.44138262759914e-17,-4.58760991176758e-08,-1.36467776265183e-06,-3.04604520987514e-07,-4.4194849611056e-18,-3.32530668946527e-17,-3.11570484987806e-08,2.54138704058535e-07,-5.96308539830864e-17,-5.27631854851074e-18,-5.0599155502392e-07,1.42938129955701e-17,-8.95684197157673e-05,2.28767579710272e-18,8.95103395993358e-07,2.17328848133055e-17,-1.19357077373818e-14,-3.05882930808999e-17,-6.59063645628891e-17,-3.02604551272311e-17,1.43198957482303e-16,1.71622991684904e-08,-1.20022811875782e-07,-4.64996689491292e-17,-7.96163342432699e-08,3.3437979657097e-06,-1.14878359979776e-16,-1.04275034941039e-16,9.00633626610985e-16,1.79568330712628e-16,2.80397102312862e-05,4.90281461747863e-07,-5.10681173211463e-17,2.13937379264541e-17,-5.97227975777533e-07,-1.92899624456436e-07,-2.91995338749351e-09,7.91674483136629e-19,5.30783418157767e-17,-1.1513464425295e-16,5.56471093677743e-17,3.45791980991084e-17,6.70241672858303e-18,1.16857663088401e-05,-4.04358867648489e-06,-2.12417550281075e-06,1.09526507648421e-17,3.40135785870448e-17,-1.32445121951088e-16,1.96434271680606e-17,-1.94362942823007e-17,-2.73934071733075e-17,-8.06992840545348e-17,8.86327434961592e-18,4.18090445537556e-17,3.59019118281441e-17,6.6297187183423e-17,-1.30167055812435e-16,-5.18894021341729e-17,5.46387690388166e-17,1.12815940930603e-08,-4.33246255548085e-17,-2.51377277938384e-16,-5.6584724911193e-17,1.5959009977277e-07,-5.40958494132724e-06,-1.59245904174578e-17,-4.11773086332308e-09,1.45692284462513e-07,-2.81896018398508e-17,3.56258804580178e-15,-2.80648749636051e-07,-9.2600534174413e-17,3.57906384265443e-09,-5.01053599416258e-17,-2.84617769222907e-17,-3.7155863712914e-18,5.64230158808504e-17,9.81106347105937e-06,-4.79888666824099e-07,1.3517441286267e-16,1.12657608083443e-16,3.9193344659908e-18,4.53711534008227e-17,5.01985605860789e-17,1.25785266545529e-17,-2.33006697374068e-17,-5.59983690276148e-17,5.73401113348395e-09,8.40824731704834e-18,1.78082689633058e-17,-1.08821401066523e-18,-8.18812040864708e-18,-2.30626575632006e-16,-2.36066101111637e-16,-1.24471876808207e-06,1.56924146228404e-17,-7.90532836430554e-17,8.41781458786639e-08,-3.09507141512325e-16,1.59313984746511e-16,-6.80417612664036e-17,3.63988133358659e-17,6.99732158183392e-08,-2.14817119555984e-18,-4.80340414219768e-05,6.75946171214944e-17,-1.03504935065056e-17,7.16145598844822e-17,-2.19627384651804e-16,1.05970112827656e-17,-1.57929160958025e-16,8.3475043015988e-08,-1.39103406851843e-16,-1.04242988941325e-16,1.05304776405146e-08,-1.04087146229077e-05,-2.25979423354214e-17,1.78996171249245e-06,2.4322832322225e-06,1.33350077928999e-17,-1.02773634117915e-16,6.88379916924489e-17,-1.12981516623581e-20,7.67035529101142e-17,-4.06577443184763e-06,1.39814231538291e-16,1.55897171357456e-17,9.85052704714095e-18,1.62576320030341e-06,-2.411590745005e-17,-2.26899647878211e-18,-5.4861729942753e-17,3.78181081543156e-18,-7.39526617749488e-07,-3.80567789977555e-17,2.17934233163895e-09,-1.22118791039456e-17,1.1764177641435e-16,8.6491780583222e-17,2.21419964011643e-17,3.60851499341228e-17,-5.38962646831683e-18,8.24247463304682e-17,-3.77280979474378e-08,9.6537888323346e-17,1.89504249254694e-16,1.58525885499797e-08,8.55778574020397e-20,-1.22330407383745e-17,1.15408722566172e-16,-5.19644654465555e-17,1.23092980529433e-17,-6.0807395440365e-18,-1.14723648878832e-07,1.84576277679138e-17,1.0195638516769e-16,3.41351985229259e-08,4.17993768590024e-17,-9.56314978079743e-18,-1.84104429677166e-16,-1.89827120693455e-16,-9.04233454285205e-17,2.64855340447248e-17,7.92716215711952e-17,-1.03414258923753e-16,3.20937228929368e-17,2.81144834437042e-17,5.49107340433078e-17,-1.7858354490084e-08,5.91993906217391e-08,-3.47905495298803e-17,7.95570637784764e-17,-1.82839495126062e-17,2.983173320518e-16,2.37331855557077e-16,2.67943200717848e-17,6.69457142456727e-17,-3.12571016089973e-17,-5.63287619020642e-08,7.09340398644509e-17,-5.48564092180356e-17,-1.87283154778585e-17,1.37199230542941e-16,6.54805032350784e-09,6.63096846981928e-17,-1.03668683596499e-09,-2.50664456626378e-17,-2.38197806588217e-17,-9.39682350832619e-17,1.51713190977018e-16,4.47217639829297e-18,1.20560895492164e-16,-8.03509949364435e-19,-1.88837654656135e-16,1.14872003903093e-17,-1.20522757189642e-17,9.48748879547323e-18,3.32282338896429e-17,-7.05420146389731e-17,-2.33908909520636e-17,-2.06444297185165e-17,3.11122565882927e-17,2.26030378743444e-17,-1.3396514732619e-16,-7.22394507783934e-18,-6.61026564937831e-17,-1.43548367637081e-16,3.91554905069329e-17,3.67054475789866e-17,-1.5482559965217e-16,-2.28188038184041e-17,4.98476317823022e-08,-1.13421178307516e-16,-7.20208485195179e-17,-8.29157825336356e-18,1.21133413921129e-16,6.94271096468666e-17,-2.66427686297684e-17,1.67744960228516e-16,-1.26363531270674e-17,-1.86129099552544e-17,2.73613764390068e-18,-4.32325616278595e-16,1.14797426630999e-16,2.33596463471262e-17,-8.89893743448057e-17,6.46848969722806e-17,3.67059428072384e-17,6.67812700720546e-18,-5.78873237708167e-06,-7.87333846594296e-18,5.68791120232578e-18,1.05177037719842e-18,-3.65010786440998e-17,-2.62881498512332e-17,-2.80731844001471e-17,3.55859734233741e-17,4.70620122334723e-17,-9.16734942251976e-18,1.45871676506946e-08,2.42583427896475e-16,3.2612855997815e-17,-1.04358718704621e-16,7.56948587235504e-17,3.79984499419304e-17,1.37049352257657e-16,-7.34814763005618e-18,1.15503742413996e-16,9.39004936594629e-18,-3.90226367368063e-17,-3.54509057440666e-17,3.32185063013903e-18,2.87522386585436e-18,6.766180687938e-07,1.98106580990101e-17,1.59073796361705e-17,-5.45349245052581e-17,-4.11996825544492e-17,-2.0063773841521e-08,-5.18537186767026e-17,-3.02599761112009e-17,-1.5693995666964e-16,1.46541749457614e-16,3.40343404798696e-17,-3.6763369187983e-17,1.25890027718014e-16,5.02432769370322e-17,-4.79780383065349e-17,-1.60727673203448e-17,-5.89836752710764e-17,1.86872167512127e-17,5.42821349252118e-17,-2.88211829767675e-16,-9.97495217296135e-19,1.79107986137609e-16,-3.44655683383959e-16
"t442",0.0362427684373546,-0.0111416567218887,-0.0122354112342227,0.000770057990156429,0.00806814584182435,-0.0295403402106754,-0.00447512784156409,-1.62420497145689e-05,0.0397091865338161,-0.0014001183659381,0.0015673523850444,-0.000725576182266161,0.00186991344411025,0.000452990090740331,0.018079491285531,-0.000727072306148435,-0.000605701686051925,8.9303123588267e-05,0.0548224776521109,0.143192012531955,-9.43296452056167e-05,6.28663012087879e-05,-0.0175875998914258,-0.000451967638822319,2.54157093045491e-05,0.00124300838541673,-0.0123762692060351,-6.16760637790388e-05,-0.000431560585340125,0.00386230486713357,0.000711485720988297,-0.0166133875910477,-8.71203356628356e-06,0.0098754863614542,-0.0526530808468448,-1.03890546555511e-05,-2.88317624865116e-06,1.05042147551243e-05,0.00145538447272346,0.000446378165979071,0.000100163970561188,-0.00342505247356527,1.28923007533876e-05,-0.000873047568176982,4.0078474007138e-05,-2.29342022081363e-05,7.05379226267464e-06,-0.000147942649753906,0.164705767729388,0.0548121472690535,1.55278479894861e-05,-8.14045102778252e-07,-1.41923687860647e-08,1.20758565095441e-06,-0.00574961946528401,-6.08264083985876e-05,0.0487961223811319,2.35003921835581e-05,-0.000162495097406278,-2.5589245980902e-07,-3.84671262609025e-07,2.26822442783205e-05,-1.44304020187547e-05,1.09405794461416e-05,-0.000120988959454138,2.57064374743952e-06,-0.000309003848281344,5.70243670862431e-05,-1.39861790505325e-05,6.45049167805157e-05,-5.95185563242117e-07,1.59410021333822e-06,-5.40477222898911e-06,-3.01176393308444e-06,1.17361234654124e-06,-0.243540385165057,-2.25072886314089e-05,2.22702184229669e-06,-0.00058131598293931,-7.02353432108915e-05,4.34957241086744e-06,0.000336853913483932,-0.000468914454197358,-1.38566036993069e-05,0.00125782830114718,2.92200826215888e-05,-5.37785587730109e-06,-0.000841884722419809,-3.33610308303242e-08,4.67930246566411e-06,-5.66751653254799e-05,3.52082079671523e-08,2.44583419528993e-05,-2.25171199778057e-05,-5.3225180601805e-06,-6.50793976681661e-06,-7.66577083933731e-07,4.86044553199828e-06,-6.06275027360857e-05,-0.00659305279306758,1.06043645954281e-05,-5.57745565827369e-08,8.89268961390884e-06,1.40950217761817e-05,-1.62169944220075e-05,4.68826987923477e-07,-0.000131080519045576,1.70370316992183e-07,-0.000197711364794349,5.84203739535747e-08,1.97331316430983e-06,4.00876585347639e-06,-1.24428085860285e-06,1.31551163844468e-06,-1.37080574957328e-06,1.55673778900415e-06,-0.000171162256733353,0.000178125623058854,-2.65595584101296e-05,9.5060752420017e-06,-5.4837030045429e-06,1.31467431070811e-05,-0.00782963684661783,0.00168016650896916,-9.36808496195441e-07,-8.40169026313127e-06,9.04116117505724e-07,-2.5849570757915e-05,2.68415914191566e-05,0.000934416675865966,6.92994549144463e-06,-2.65533301202287e-05,2.13929829127525e-06,0.000141106617800486,-5.99818520145551e-08,4.00369884186119e-05,-0.00814440644730903,-2.57097062366723e-06,0.00212883130210822,0.000433886442389722,-6.90818736565001e-05,-3.19976710714537e-06,3.83274833396077e-05,2.52151665458194e-06,1.45501952267165e-08,-1.27514178013523e-05,-1.53402319841516e-06,8.09262118944456e-05,5.27686476750394e-06,-9.2615282053473e-07,-1.15261624051384e-06,-0.000646057336720319,-7.66643124164484e-07,0.000195591343148325,-7.60903032563412e-07,-0.00961012069932377,7.42767605656407e-05,-3.12545174920039e-05,-0.440976191665436,0.000146945835417058,1.97008853146897e-05,-2.39487375353998e-06,8.36574180402571e-05,9.95132442315884e-06,-3.89055084827072e-06,1.70269924968455e-06,-7.8774813629705e-05,-7.33568756403791e-06,-6.25811287984513e-05,-3.91383762562289e-07,5.6311669072032e-07,9.54510105637497e-08,-5.30340603609509e-09,-1.28618733376567e-06,-1.23436408467854e-09,7.51294138822853e-09,5.49428805476086e-10,-1.55585716968334e-07,-1.09435184152316e-05,-1.29318466597525e-06,5.5036251985185e-06,1.70972654139623e-06,-3.75636582626741e-07,-1.57282666525816e-09,-5.01739812505061e-08,-2.43535099033735e-08,-0.000209175892962514,0.0001528321797554,0.000252754408123607,-1.11015138945099e-06,-1.02516251834056e-05,0.000280147020939226,9.47171127225395e-06,1.76421862782158e-09,2.21435685948083e-07,-0.0944504439503421,0.000105742923190793,5.37464210167402e-07,-0.00265249079274766,-1.17516039929331e-06,-2.56578011479869e-06,-1.8296193145789e-06,1.25412996919759e-08,-1.637743771515e-07,-5.10748476493557e-05,-2.25789054582814e-07,4.38771870055222e-05,2.58109218716912e-07,-1.80911161145417e-05,-4.65957641745779e-09,-0.000101621998554609,-6.62461942916695e-07,-1.86548559347637e-06,-0.000434602947460697,2.33207262269116e-07,-5.59461626112134e-08,2.83150057977226e-08,1.84809371850378e-08,-5.43497562627171e-06,-2.36142658604966e-06,-1.0886777691895e-06,1.32119944384636e-06,2.9194665272466e-07,1.24297568299071e-06,-3.73281895795669e-06,-2.13346180747286e-07,-2.02163775284989e-05,-1.14250227146418e-07,-2.47960076790954e-05,-8.08101792064765e-06,4.36582246388201e-07,9.03087579599239e-08,2.74752558356038e-06,1.01325823108668e-06,-5.79857160349082e-07,-1.04146573504125e-08,-4.58073809943453e-06,2.50054828523924e-17,-4.31154985682398e-08,6.15629744887131e-07,-1.24956506049498e-07,-3.2046600812957e-07,-4.30241295934749e-06,5.94884694583215e-08,-8.36662748850863e-07,3.71654356799133e-07,-7.12979631061363e-07,4.56420784653052e-07,-9.2689166923448e-08,3.73020719845596e-05,-2.42941116581102e-08,2.67128232921673e-06,-2.26690355772539e-05,9.48125890977751e-09,-6.19744885401938e-10,2.94564625305047e-08,-2.75969162112915e-08,4.34185556625696e-07,1.09857541211034e-05,-2.07559668396625e-06,4.03904825566631e-07,-7.32800952741975e-06,8.54734683844539e-06,-5.15830509495763e-07,5.22922316282129e-06,-1.76803972546306e-06,6.82345315757029e-09,5.9359758126974e-05,2.88222576704915e-07,2.463510653285e-05,6.20654195247089e-09,-1.895267107007e-06,1.7188426466353e-07,-2.11421587957431e-07,3.34224628600211e-07,-6.45803228891841e-07,5.01494898189728e-07,-3.66514881919866e-08,7.02200718004053e-06,-3.05079295748704e-08,5.01260920248106e-06,3.12538669265468e-16,-1.23128446649989e-05,-1.22490786090811e-06,-1.30965701872404e-11,-1.15009294992636e-07,1.70021341946446e-07,-1.05703532514241e-07,-3.0064725664874e-08,3.6510947655365e-09,-1.63828680631387e-07,6.20269649527511e-06,2.24296722289423e-05,-2.82597131032566e-08,2.46613224572145e-05,-0.00171812439288816,2.68077422870777e-07,-1.14620526812031e-05,1.6871338642116e-07,2.95005810734735e-07,4.55399815744402e-09,1.26526635508606e-05,-1.6636569033184e-06,7.36624582838891e-09,-2.31023293241476e-06,2.71013087439162e-07,-9.84708882491961e-07,7.38594940443281e-07,6.16211419078739e-05,3.20305660346577e-07,-1.02346513945039e-07,-6.71026169867812e-07,6.82639031435195e-08,-3.16576694823557e-07,8.46981302995824e-06,3.55464076603196e-06,-1.6218107616064e-05,-6.19580723585078e-19,6.81799368469525e-07,4.88936990668925e-07,-5.32377824347032e-07,0.0037063218258257,-2.39845842589098e-07,0.0144591111688877,-1.00518964588533e-05,2.04742402786619e-07,1.51163107106477e-06,-6.3718340489768e-17,-2.06894749882012e-05,-1.67739285391272e-09,-7.26989841800135e-06,3.18512712262133e-08,6.19967417974465e-07,-3.9842167600734e-06,-7.07234649679595e-06,1.9113953127133e-06,-1.94864278853628e-07,1.24911131079581e-05,-4.04688885479278e-08,-3.88877861205288e-06,-5.20995063960611e-09,-8.17400144640691e-10,-4.07666467634545e-05,5.82133716909868e-08,-1.16742965184834e-05,1.35976771036354e-16,-3.20055148288708e-07,2.53312170614417e-08,7.30094009625634e-10,6.66246587063221e-09,-1.01804105520333e-05,-5.1319424884821e-05,2.33563240009108e-07,-8.62009694534904e-07,-5.07719905263381e-07,-3.94172511527437e-17,-9.08614540073707e-05,-3.29009927078109e-08,-1.3589562428194e-05,5.06422788771265e-16,3.56117940959034e-06,5.26897501412175e-07,-8.95714119978913e-08,-5.00806399019951e-05,-0.0118875112336982,6.34621979060021e-06,8.20595333138558e-07,2.24092663988977e-07,2.5885357389974e-08,3.56009529609973e-09,1.25897004843214e-06,3.86077639942765e-08,-1.98639318559018e-17,-1.95522662390277e-08,7.39442252810858e-07,3.31478593838199e-07,-2.17394515770323e-06,-1.86465190521517e-16,-4.69620946119102e-08,8.96747714106139e-09,-1.03203956387802e-06,-1.48895934445853e-08,-5.06135681207055e-05,5.23717926962281e-08,-7.04832963069282e-07,3.88703323770574e-06,-2.85561557476245e-16,1.43958422448101e-05,-6.84448951638814e-08,2.00096688570616e-07,2.1760396278821e-05,-2.86336909772838e-08,-3.63326960647355e-08,1.61676227961038e-15,-2.78485423084109e-17,-3.4738053977137e-08,-4.38062026429469e-08,5.91528379357699e-09,-0.00173600142587532,1.35615152181226e-15,-2.26574804053625e-06,-2.78383915506694e-08,3.85260436846001e-17,9.70271352033594e-17,1.52795396013852e-16,0.000351898502178783,1.37904842243493e-07,-1.73918926548878e-07,5.37776830105907e-06,7.64563664979554e-07,1.42787992648164e-07,-6.20002886484214e-08,3.31213325757237e-17,-1.37012597577639e-08,3.85596805423264e-08,2.32403311002609e-16,-3.81875856534818e-16,-2.433972277998e-08,-1.31463963302089e-08,-1.4433820562549e-08,3.6470176572254e-06,1.42370724748844e-08,-5.31896655417885e-06,2.57956196544599e-16,-2.00816389701319e-07,-5.89279475414739e-16,-6.53599803981928e-06,1.77592315853126e-16,-1.59236453633579e-08,1.27224907752287e-16,6.55310562164079e-08,1.72622111768606e-08,7.71916998843574e-07,1.06584322710521e-06,4.71383056752176e-08,-5.45995975252981e-09,3.50749482398577e-08,6.75925554147893e-08,0.000345695748061299,1.75588883378514e-07,1.1373853855756e-08,-3.39516303486854e-08,-0.000342972605180248,-4.31476668761607e-07,-1.43760703245411e-08,1.39931061439211e-16,1.39181236881335e-07,-2.42502311608331e-08,1.26647461545101e-08,6.45047519531001e-17,2.19173879321726e-06,6.72792808645609e-07,2.15569559282448e-07,1.03293749152211e-16,-5.22702986049327e-08,-2.72558223984072e-05,-2.56974287879964e-16,-3.64520744200317e-08,8.19718944056497e-08,-1.44148074104072e-16,-6.38661328240953e-17,-3.05624673858539e-09,-1.55396373886352e-05,-8.75712699996676e-08,-5.0077086582028e-05,3.67031912732934e-07,9.6868359668761e-09,9.91956390566688e-07,8.69777630656438e-08,-2.17840554868693e-06,2.56999282965964e-15,4.02247980415443e-10,9.41826441683283e-06,7.52481452405242e-07,7.565060848681e-06,-6.84610356398815e-16,-1.47712917554581e-16,1.07920461152302e-06,-1.38398395023407e-16,-6.54295365543408e-16,1.10884735854572e-07,-1.63025173448547e-07,-3.05213447092321e-08,-1.70841014436871e-07,7.80021581993608e-07,2.0375285605607e-07,2.6032448365834e-07,1.68647535393616e-16,1.36948139867805e-06,5.93669202540219e-07,2.93024925598349e-07,-2.79064509277919e-08,1.09898164366071e-07,-4.55462485684636e-17,-1.65899138909124e-16,-1.83535537096826e-16,-9.3518922486823e-06,-4.58593037739485e-09,-2.97252732004659e-07,-1.18387352849951e-16,-3.50908450387097e-09,-1.50846516588362e-16,-8.29969536608322e-17,5.69729994651123e-07,-1.42632911428951e-07,7.24247051220317e-16,-1.17452172376031e-06,-1.5818310999112e-08,6.11343766517812e-16,3.56735742361868e-08,-1.32050994689363e-16,1.31840229848295e-06,1.90005802017354e-16,1.31452015115569e-06,1.08399335391212e-07,3.92520837577355e-09,3.87451781079745e-07,2.65713669900928e-06,-1.2608172430574e-08,3.85208349282602e-07,8.9772487395849e-17,2.26262997095962e-07,-1.27617760106704e-08,3.16590031174651e-16,-1.67966814404405e-09,-3.41682207918829e-08,7.92550941403845e-09,-9.60866266113959e-16,2.52710136413427e-08,3.33826890722369e-08,-1.71690081760838e-16,-9.24726436751647e-07,-7.01309205022122e-07,-9.54372214749539e-10,-1.02304109627373e-16,3.52033823472384e-16,1.69300281785849e-08,5.39620406080668e-07,4.36230735909949e-08,-6.60717036319981e-09,3.12987838762199e-07,-3.06605952049369e-17,-4.72413210776034e-18,1.14046249291288e-06,3.43036401315776e-09,-1.96098604549845e-15,2.74778089253692e-06,-3.20653854472358e-17,1.36139196741619e-08,-2.33309494379247e-07,-2.87849882391878e-06,-0.000112527381852706,1.84142987805156e-16,9.18805955721942e-17,-9.9536237228183e-16,2.66745175425413e-17,-1.51181821594496e-09,-5.23840360594666e-09,5.78450837579061e-16,-2.72110510956479e-16,2.14863349130102e-16,7.34128783763198e-09,6.58363366813982e-11,-3.60337313506388e-09,9.43107017711995e-17,4.01805325123128e-16,7.86480255920985e-16,-1.50892476490068e-07,4.61305299404083e-09,3.84413160653398e-16,8.00523543899319e-10,-2.08435228194805e-08,-1.34353285485469e-16,-9.31951427679186e-17,-1.47889573743438e-06,-1.45481980931275e-10,-7.26341757527007e-07,-7.06782297547113e-16,7.76329783185379e-09,1.2431173209223e-07,1.31852486973356e-07,-4.83731411549232e-07,-2.85663697885484e-08,4.60667677850202e-10,8.17960841353966e-16,1.13358412408521e-15,5.90574548562232e-17,8.21520180216028e-09,-7.42974613791803e-09,-2.63827376631391e-06,-2.06113716278788e-09,-2.40568834036331e-15,4.54142258182235e-16,1.13478520877071e-15,-9.81722731751362e-16,-3.61837521817083e-15,9.11176496464925e-09,-1.79568885836931e-16,-2.98212844053113e-16,-1.47183750409934e-07,-8.30652898165808e-16,-1.31492806711224e-07,-4.41262435357389e-16,-1.48946648304238e-06,5.12101942036327e-17,-1.66816091329219e-06,-2.22823113297952e-08,-1.89723656946437e-08,-4.14389805481123e-16,6.57499856239829e-07,4.86007325788196e-16,8.73828150872021e-08,-1.06742008518802e-08,5.81803804322337e-11,-5.50995962120368e-16,2.71622512002615e-07,-1.19035499332032e-16,-1.30284605041073e-08,-6.46898481574055e-09,-2.35001541254037e-15,-1.87622659286048e-15,-6.80199962858288e-16,3.14533777836074e-16,-4.69716616231318e-10,-9.44730678821104e-09,-8.65751536574947e-10,1.5670087505626e-16,4.57388935080891e-16,6.52002865424791e-10,-5.63730351808844e-09,2.56141657581396e-15,-4.46292520087477e-15,3.45126558728828e-08,-1.02302299355197e-17,4.39761310401972e-05,-6.73015317526746e-15,-1.17834887691842e-07,2.77178219944462e-15,4.44788433389831e-15,-4.7635405181375e-16,2.10804500078737e-15,-1.86734391499231e-15,-3.98641416033272e-15,-6.36061489907647e-09,4.51962717501905e-08,1.10368505151301e-15,4.85210628758911e-08,-2.61989826415821e-06,-1.42517616794533e-14,1.12241216306905e-14,9.46523284762414e-14,-1.46035959175033e-12,-0.81938201110459,2.01250597297086e-06,-2.26766040381498e-14,3.4820185917219e-15,-1.20404013049042e-06,-3.65683627251545e-07,-4.62319429411363e-09,9.71203535590708e-15,5.02704029183183e-15,-4.42657427041434e-15,-1.79844577205386e-15,3.08201951927827e-15,-1.73426969660496e-15,5.98714722116527e-06,-1.9745557868936e-06,-9.92765452798351e-07,1.46816679614867e-15,4.48216986368953e-16,-3.84606334640406e-15,-9.72272163950031e-16,-2.42325678950556e-15,1.50713416104198e-15,-8.90337893441271e-16,1.81861522109437e-15,-7.73090139318969e-16,1.55174723694551e-16,1.78130789166118e-15,1.55985747358592e-15,2.12812471953462e-16,-1.66284164296495e-15,3.42694597681951e-09,-1.22614887001836e-15,6.09213788500482e-15,4.54539407364003e-17,4.68814421381064e-08,-5.25234514867226e-07,2.25194236218301e-16,-1.19555723030218e-09,4.08145069544231e-08,4.19387007365077e-16,2.2251004220082e-15,-7.55798332182733e-08,-3.25456687973584e-15,9.24214137302355e-10,-1.61022067023481e-16,1.36093636683094e-16,4.33290568848753e-16,-6.61233370956493e-16,7.98779955030935e-07,-1.1688405029345e-07,1.61339906234393e-15,1.06982052495511e-14,6.2519588256357e-17,1.23474750426816e-15,3.2309224740068e-17,6.74315578328454e-16,6.60376220710311e-16,-4.7932090518007e-16,1.23187257880869e-09,5.6176077980538e-17,4.77983405790363e-16,-7.90364196285671e-16,-4.67232111637451e-16,4.26282015982986e-17,6.3028593187403e-15,-2.62516289870044e-07,8.26701897399156e-17,-5.53635693825184e-16,1.76977251721338e-08,-1.06305281766903e-16,-3.28976683633104e-16,2.23296782473784e-16,8.43291919762012e-16,1.43309935464273e-08,-1.92273795269655e-17,-0.000308456559456925,2.00765094403002e-16,1.33657658348708e-16,-5.79076157755877e-16,-2.76294524097827e-16,7.18580275454008e-17,1.09454347764788e-16,1.66185333381668e-08,-8.10733852737365e-16,-3.37755804932533e-16,2.08520263678269e-09,-2.06046976764071e-06,-1.21146126183473e-18,3.52476685813112e-07,4.78170027676831e-07,4.75505106426209e-16,-5.21773636321001e-17,-8.93148934126033e-16,-1.17522711883644e-16,3.89863917997301e-16,-7.81374301735479e-07,-7.10141548311741e-16,-1.6733436379621e-15,1.94395252875823e-16,3.10827472320128e-07,-6.10512991209674e-17,4.15850678717294e-17,-2.70887347596856e-16,3.94878459392594e-16,-1.40477748762482e-07,-1.16016615270354e-17,4.13190575695707e-10,4.53465193352355e-16,-7.43810702181883e-17,-4.50454492281137e-16,3.2366516094312e-16,3.1236615011802e-17,-1.95571474349067e-17,-2.5718573621863e-17,-7.08562223209315e-09,4.56244264856697e-16,-2.17243148247559e-16,2.9707182041133e-09,-3.25471215349501e-16,-3.6729029553536e-16,-1.64731102639727e-16,-4.62360902506169e-17,8.19340090286587e-17,-9.06302471104189e-17,-2.13593199398421e-08,-1.61795386304806e-16,-2.43021208690558e-16,6.33791252536199e-09,-3.37617735835245e-16,3.41870433929496e-16,-6.58016377888267e-17,1.50613933395473e-16,-5.13928980244679e-16,-1.75909054075674e-17,-1.33159167939578e-16,1.10728396761864e-16,-6.2277525942731e-17,-1.23883651053645e-16,-3.43349715430744e-17,-3.28516369503773e-09,1.08789037479135e-08,3.66944857819247e-16,4.55994191692141e-18,5.10831196249537e-16,1.33502776677586e-16,-2.76688394418301e-16,5.63661770021442e-16,2.40423916289051e-16,4.50603948120891e-16,-1.0298572260083e-08,2.90929890841796e-16,-3.03540880874336e-17,-6.53401320220022e-17,-1.67446257180052e-16,1.19238158762865e-09,3.59131033480414e-16,-1.87987757159887e-10,1.06649932145027e-16,2.28027160762707e-16,-1.97848384015605e-16,-2.87687913404251e-16,2.0963041651311e-16,2.27616188542116e-16,-3.83025277178084e-17,-7.29947964365865e-17,-2.18990298231311e-16,-6.18000677713581e-17,3.19039358873565e-17,2.05285638850694e-18,4.23134557544963e-16,1.15528330343592e-16,-6.56572682166273e-17,4.42511365275684e-16,1.27619798107916e-17,-3.78698449036893e-16,-1.41988671291592e-16,-2.68549801601103e-16,5.91107024439097e-16,2.72288936504909e-16,9.39288884477449e-18,3.25138301900542e-17,2.32981733202834e-16,8.92405016759099e-09,-1.60715157888235e-15,-4.15231752919855e-16,-1.77922904355997e-16,-5.8383439723408e-16,-2.44075360893582e-17,-2.31956965462291e-16,1.51396763363113e-15,1.01629488840775e-16,-4.3092645318516e-17,9.28817538217608e-17,-3.36102673470506e-16,-2.80856603939448e-17,-1.46102567330172e-16,3.42475689991439e-16,1.40944661809697e-16,2.72035066066634e-16,-1.15275399929566e-16,-6.15043873556033e-06,-1.73303304397882e-17,1.93794342837767e-16,3.3092284549057e-16,6.24728820554252e-17,-9.7673113727129e-17,-1.33740618453955e-16,-3.12290891010578e-16,3.90093081548886e-16,-2.70339600353957e-17,2.57954348088083e-09,1.74019411914344e-16,-2.39568059195286e-16,-5.4045989857132e-17,2.25266649760762e-17,-4.56381013389013e-17,3.542295023117e-16,2.97297216924328e-16,-7.88568315201177e-16,1.60815515953557e-16,5.89601914786303e-18,4.70944394931653e-18,1.07779559899221e-16,5.74991300076612e-17,1.19114780247918e-07,3.89990381015633e-16,5.41098227358031e-17,-2.01400202755547e-16,2.3635607360184e-16,-3.52591115290725e-09,1.48556583879147e-16,-9.91491912509715e-17,2.16273146027182e-16,-5.26894060013319e-16,1.25752935649413e-16,2.30491376823861e-16,2.39834936479194e-16,2.47693485910206e-16,3.02749877380362e-17,8.56361671896573e-17,2.32998943040115e-16,1.68777290586277e-16,2.83871077395077e-16,-3.09915740235893e-16,-7.64669139729557e-17,-1.03980368230181e-16,-1.30537871773813e-16
"t517",0.0362449899589812,-0.0111430948529398,-0.0122370415465756,0.000770195436504009,0.00806990819653433,-0.0295479071006196,-0.00447629660277205,-1.62466278446636e-05,0.0397223973072747,-0.00140068267302533,0.00156815270779488,-0.000726031960586026,0.00187112210739367,0.000453287284987286,0.0180918650502987,-0.000727599004136832,-0.000606150836829374,8.93705331752089e-05,0.0548648081552535,0.143312022828633,-9.4415082076312e-05,6.29348599723722e-05,-0.0176078395892115,-0.000452490687859679,2.54452362605639e-05,0.00124452028092533,-0.0123914980516835,-6.17526262508311e-05,-0.000432110458005661,0.0038681001923414,0.000712622821766957,-0.0166411235453881,-8.72760650025804e-06,0.00989395792956769,-0.0527564804706617,-1.04110467273097e-05,-2.88935499775326e-06,1.0527074421018e-05,0.0014585727286939,0.000447370210341683,0.000100392807955158,-0.00343306202431582,1.29228869770308e-05,-0.000875121279963406,4.01752861290232e-05,-2.29930356315523e-05,7.07221274498057e-06,-0.000148332209167974,0.165149530853044,0.0549634669681976,1.55720978759564e-05,-8.16398826596342e-07,-1.42334912225525e-08,1.21114756954782e-06,-0.005767168478906,-6.10130104326736e-05,0.0489596019859792,2.35809538755583e-05,-0.000163053657144086,-2.56821227914413e-07,-3.86123698186109e-07,2.27695368843248e-05,-1.44867899107522e-05,1.09834935189174e-05,-0.000121476922985761,2.58126778986774e-06,-0.00031034913509972,5.72783075528847e-05,-1.40491076184551e-05,6.48005207391814e-05,-5.98175685015387e-07,1.60264646525705e-06,-5.43402942691778e-06,-3.02839113476799e-06,1.18010740554452e-06,-0.244899535021656,-2.26333144877776e-05,2.23969457301131e-06,-0.000584743897140326,-7.06553733977339e-05,4.37620524998873e-06,0.000338926933881235,-0.000471906434925276,-1.39459655298077e-05,0.00126630920044524,2.94194421653882e-05,-5.41498361826304e-06,-0.000847708010673535,-3.35919024826627e-08,4.7117254838025e-06,-5.70696223776095e-05,3.54635494963229e-08,2.46363783720707e-05,-2.26850975343715e-05,-5.36388234222926e-06,-6.55882241975034e-06,-7.72572287496293e-07,4.89903794917003e-06,-6.11115793065517e-05,-0.00664679904864999,1.06922591395709e-05,-5.62375231204823e-08,8.96662663554466e-06,1.42208972085767e-05,-1.63625705168037e-05,4.73052444458208e-07,-0.00013227033603354,1.71919820065435e-07,-0.000199515809391448,5.89563658160135e-08,1.99144871588103e-06,4.04598114940904e-06,-1.25584594047602e-06,1.3280606196894e-06,-1.38395371756765e-06,1.57184704181397e-06,-0.00017283228568684,0.000179888685577552,-2.68260399641165e-05,9.60242524897565e-06,-5.53960224970673e-06,1.32833930606348e-05,-0.00791203479408171,0.00169785667406794,-9.46689450471365e-07,-8.49142596981e-06,9.13782701275276e-07,-2.61289101393272e-05,2.71404436337275e-05,0.000944823814348441,7.00731283467606e-06,-2.68556112453634e-05,2.16374402264363e-06,0.000142723441771295,-6.06767967937319e-08,4.05015632734795e-05,-0.00824111052170743,-2.60205666020324e-06,0.00215520333787335,0.000439265082074121,-6.99417535252739e-05,-3.23967835715037e-06,3.88071466286547e-05,2.55311326119056e-06,1.47325237088628e-08,-1.2912661477742e-05,-1.55377011768948e-06,8.19866693609012e-05,5.34631729672255e-06,-9.38460404671524e-07,-1.16794495278816e-06,-0.000654680651145163,-7.7689786883269e-07,0.00019821396274009,-7.71332755741064e-07,-0.00974230562041946,7.53009313745058e-05,-3.17094777871181e-05,-0.447477770678277,0.000149116565131184,1.99950375859761e-05,-2.430709326531e-06,8.49262650254406e-05,1.01025044382656e-05,-3.95043006095626e-06,1.72923291422235e-06,-8.00463385102188e-05,-7.45423935237633e-06,-6.35928168852624e-05,-3.97740729057819e-07,5.72313279518281e-07,9.70111050576737e-08,-5.39102521852596e-09,-1.30750825542716e-06,-1.25497415697133e-09,7.63860585794542e-09,5.58627139450127e-10,-1.58233959481745e-07,-1.11329548900875e-05,-1.31563467602755e-06,5.59943127683427e-06,1.7397296696289e-06,-3.82248812913471e-07,-1.60059625494827e-09,-5.1062361338234e-08,-2.47888135571785e-08,-0.00021292352235535,0.000155625590860019,0.000257377189245041,-1.13059016481625e-06,-1.04437917652922e-05,0.000285476278680562,9.65280309515113e-06,1.79820195062352e-09,2.2572479517216e-07,-0.0963100269746317,0.000107832157178658,5.48162053127897e-07,-0.00270548154165221,-1.19930363717033e-06,-2.61856167431025e-06,-1.86769719300766e-06,1.28052773342951e-08,-1.67314838412406e-07,-5.21791136655201e-05,-2.30682609329781e-07,4.48352018371548e-05,2.63773626538177e-07,-1.84935121021562e-05,-4.76493316047952e-09,-0.000103949879143013,-6.77697802082163e-07,-1.90916146854667e-06,-0.000444878128384025,2.38722323768928e-07,-5.72792562270111e-08,2.90026059855253e-08,1.89313473750138e-08,-5.56998021604612e-06,-2.42085096017418e-06,-1.11619630914059e-06,1.35520858454055e-06,2.99493984012659e-07,1.27525955593081e-06,-3.83115454024761e-06,-2.18982452833655e-07,-2.07508339952916e-05,-1.17317054819696e-07,-2.54677370486723e-05,-8.30215996560698e-06,4.4858421443002e-07,9.280312408738e-08,2.82374750906034e-06,1.04140297969365e-06,-5.96148394290536e-07,-1.07093326010081e-08,-4.71133655503567e-06,7.66955683795922e-17,-4.4358126532131e-08,6.3341102147195e-07,-1.28619424436811e-07,-3.29966583177711e-07,-4.43114435167367e-06,6.12693896651584e-08,-8.6213795458941e-07,3.83002724208716e-07,-7.34778578987545e-07,4.70462294154107e-07,-9.55526102414719e-08,3.84632146943866e-05,-2.5052877583844e-08,2.75482826508296e-06,-2.33833738371547e-05,9.78944579239544e-09,-6.40107962945544e-10,3.04330599372164e-08,-2.85296599147065e-08,4.48880512928449e-07,1.13625412843813e-05,-2.14731348563435e-06,4.18007786774521e-07,-7.584735590928e-06,8.84783948152522e-06,-5.34053085606351e-07,5.41527654381361e-06,-1.83099684828841e-06,7.07082748768286e-09,6.15126375662175e-05,2.98680729483043e-07,2.55333216679229e-05,6.43324405085858e-09,-1.96488980604702e-06,1.78205119871645e-07,-2.19464304626084e-07,3.46985887530221e-07,-6.70533134007184e-07,5.20827456909484e-07,-3.80719400443881e-08,7.297423120504e-06,-3.17086546967096e-08,5.2104344488885e-06,-1.26338339024954e-16,-1.28033485318785e-05,-1.27376422851352e-06,-1.36210923855629e-11,-1.19658495102386e-07,1.76949936559852e-07,-1.10027525317488e-07,-3.1296892968735e-08,3.80437503149821e-09,-1.70717152556649e-07,6.46360852888553e-06,2.33797956374868e-05,-2.94806820538468e-08,2.57304502162474e-05,-0.00179278519911685,2.79817486261102e-07,-1.1978969441888e-05,1.76415355756035e-07,3.08482729776359e-07,4.7620849301509e-09,1.32483288618622e-05,-1.74469101906896e-06,7.72659405203051e-09,-2.42396058200895e-06,2.84456519962461e-07,-1.03366895914757e-06,7.76038465160042e-07,6.4749618887718e-05,3.36610910996673e-07,-1.07566006310313e-07,-7.05452793738018e-07,7.17893566640521e-08,-3.33026121468214e-07,8.91107844833907e-06,3.74066830255624e-06,-1.70750249607605e-05,1.35449607777095e-16,7.19955595728168e-07,5.16455106539628e-07,-5.62594730353898e-07,0.00391673909185872,-2.53466080307256e-07,0.0152819026200581,-1.06261224948e-05,2.16492584450881e-07,1.59919678747931e-06,1.47988648596424e-16,-2.19137130936149e-05,-1.77690855112647e-09,-7.70363207206643e-06,3.37528398810208e-08,6.5749544035512e-07,-4.22722729472145e-06,-7.50834314251969e-06,2.0300943786567e-06,-2.07157413677868e-07,1.32905301207884e-05,-4.30826006169852e-08,-4.14122903100098e-06,-5.54924550127562e-09,-8.70933877100688e-10,-4.34382311135844e-05,6.20435542983135e-08,-1.24447939621817e-05,-1.55735087295775e-16,-3.41669499701057e-07,2.70500409398078e-08,7.79635826054572e-10,7.12066867489435e-09,-1.08819712279191e-05,-5.49439776701438e-05,2.50174333519312e-07,-9.23400220338058e-07,-5.44066642952782e-07,-1.81742674405173e-16,-9.74045838664221e-05,-3.5275472186291e-08,-1.45783927457399e-05,3.23776007690944e-16,3.82260465386367e-06,5.65657429695285e-07,-9.61676166675332e-08,-5.37768839915021e-05,-0.0127681537793659,6.81767184359295e-06,8.8168956465419e-07,2.4088475903887e-07,2.78265274792007e-08,3.82825686098309e-09,1.3545419185678e-06,4.15397484861409e-08,-1.84327233904062e-16,-2.10598317738605e-08,7.96606663659765e-07,3.57253044170333e-07,-2.34446837250902e-06,-1.97275758792327e-17,-5.07155406859311e-08,9.69934612444698e-09,-1.11705864053529e-06,-1.6121531568343e-08,-5.48230562017596e-05,5.67695669258177e-08,-7.64944402050278e-07,4.23133984331931e-06,9.68597263409386e-17,1.57136769964257e-05,-7.47283794705345e-08,2.18575491706698e-07,2.37864962456045e-05,-3.1301434600533e-08,-3.97255697743703e-08,-9.08995101411847e-16,3.15382068857527e-17,-3.80253100643121e-08,-4.79994111738085e-08,6.48231228764758e-09,-0.00190412351177711,1.78586758475663e-15,-2.49011345760762e-06,-3.06223073744875e-08,1.81249057632918e-16,2.69662958070387e-17,-5.2820810280062e-17,0.000388180547845109,1.52178465898165e-07,-1.92161435810188e-07,5.9482236834697e-06,8.45772616811881e-07,1.58136474896644e-07,-6.86739465840975e-08,-2.34670209408775e-16,-1.5211908916733e-08,4.28470804872831e-08,-1.88884098968024e-16,2.77379680527086e-16,-2.71362667779261e-08,-1.46687939400722e-08,-1.6122963514507e-08,4.076826421345e-06,1.5937625051242e-08,-5.95566961415574e-06,-2.08614190093064e-16,-2.2492616806957e-07,-5.0956631775292e-16,-7.3274026371524e-06,-2.72351585728359e-16,-1.78638341837174e-08,1.49665506093034e-16,7.35791984779357e-08,1.93856563874401e-08,8.68901405241397e-07,1.20036014515078e-06,5.30986658900619e-08,-6.15599354824691e-09,3.95780221369923e-08,7.64137382511532e-08,0.000390817405714472,1.98622997346175e-07,1.28796856489325e-08,-3.8502225465591e-08,-0.000389418842182132,-4.90384599880882e-07,-1.63466329615043e-08,-2.64063816973204e-17,1.58496290986454e-07,-2.76558173227334e-08,1.45041323570183e-08,-1.95333012056754e-16,2.513171958592e-06,7.72921720984113e-07,2.47853577415318e-07,-3.0494985684984e-16,-6.01236705124832e-08,-3.14036557702678e-05,3.29687326716375e-16,-4.20345072303852e-08,9.50118833416753e-08,-1.61737852817366e-16,-7.20273645658645e-17,-3.54974437313907e-09,-1.80522188682954e-05,-1.01819906663275e-07,-5.82855920753816e-05,4.28212799917345e-07,1.13038912173336e-08,1.1578878643497e-06,1.01857764073995e-07,-2.55802071620089e-06,-1.05210978817993e-15,4.72836807423243e-10,1.10730398643116e-05,8.8525204092851e-07,8.90669125951699e-06,-7.18248476896472e-16,2.18559539428406e-16,1.27194129186424e-06,8.30908574202504e-17,-3.54700984818725e-16,1.31588107271254e-07,-1.93701126592592e-07,-3.62653924524262e-08,-2.03546858208494e-07,9.29696525142817e-07,2.4286955998603e-07,3.10462851489455e-07,-3.69400748773356e-17,1.6425137038055e-06,7.12915076879798e-07,3.52028279306461e-07,-3.35956015210479e-08,1.32820088549086e-07,1.52766658294293e-16,7.70270191171609e-17,-5.64399428706234e-17,-1.13689917665407e-05,-5.58977472338677e-09,-3.62393899306614e-07,1.29846072732184e-16,-4.2892478412476e-09,-5.12127195381543e-17,1.80471446775803e-16,7.04959383462077e-07,-1.76516380419787e-07,-2.77555756156289e-16,-1.45820992369561e-06,-1.96765365873968e-08,-4.2461249045321e-17,4.45528492756179e-08,-4.73812394097326e-18,1.65483374744372e-06,3.61227799777634e-16,1.65072171118702e-06,1.36172335766272e-07,4.93288980984445e-09,4.87195345509218e-07,3.34548350258962e-06,-1.59534476503864e-08,4.90981364430559e-07,-9.06446741477166e-17,2.91207543467216e-07,-1.64425872176171e-08,-2.73108218707389e-16,-2.16727690998744e-09,-4.42061527494681e-08,1.02792761527397e-08,4.45697275565383e-16,3.30660940072009e-08,4.37592219791736e-08,-1.61451415962954e-16,-1.21513799030117e-06,-9.22685532067398e-07,-1.26147666740439e-09,1.87646915666288e-16,-2.21390936799306e-16,2.26398489382855e-08,7.2541903684199e-07,5.87077670546106e-08,-9.12206455684714e-09,4.341050924256e-07,-2.68540870043133e-17,-3.43733473844371e-18,1.5869188326903e-06,4.77522832521282e-09,6.20348154030487e-16,3.84661518196928e-06,-5.84363048305658e-17,1.91655298978305e-08,-3.31096467710808e-07,-4.08735198156904e-06,-0.000160154853226317,-1.24539236236628e-16,3.01382601157531e-16,1.91975562318059e-16,1.48454225892721e-16,-2.2002631830273e-09,-7.63879719593136e-09,1.81844317027936e-16,6.3591014937675e-16,-4.78483217186305e-16,1.07833134660388e-08,9.70192396632269e-11,-5.35839905524939e-09,-9.30928778323977e-17,-6.24500451351651e-16,-2.62376925741492e-17,-2.32229122078182e-07,7.10883693200795e-09,-3.6728543837037e-16,1.25253711659057e-09,-3.28239074824702e-08,-6.84836555878197e-17,-5.65324144361513e-16,-2.36650821083432e-06,-2.33108530183918e-10,-1.17555640612796e-06,-4.09750667506778e-16,1.27899662349457e-08,2.06941877394864e-07,2.22869213908716e-07,-8.36198060689145e-07,-4.96962219978179e-08,8.11366401841611e-10,-7.5317045102371e-16,-1.53231754157416e-16,-8.1131487142248e-16,1.57196412701287e-08,-1.42375833822177e-08,-5.11922204896881e-06,-4.29642601439944e-09,1.31100008980293e-15,7.06564652567042e-17,-7.49618572624782e-16,4.28551343132483e-17,1.35415459518742e-15,2.08876380715731e-08,-4.19860761458521e-17,2.89321698837462e-16,-3.52874699583049e-07,8.51539092738397e-16,-3.16056960182934e-07,8.19788823970898e-17,-3.5955582974757e-06,-1.47731035471156e-16,-4.42086602778598e-06,-6.05758495962639e-08,-5.37853179190895e-08,3.99105187612228e-16,1.97379697729646e-06,-8.11395929192479e-17,3.06013294445819e-07,-5.03077096189792e-08,2.78859076932424e-10,2.74413991069578e-16,1.56022903379785e-06,2.76177607077027e-16,-1.15598907555676e-07,-5.91025015093597e-08,3.56662267995438e-16,1.12179213684849e-15,3.10422818087623e-16,-7.14443804136538e-17,-9.22135352120882e-09,-2.76667453896749e-07,-6.24005033211236e-08,-5.9370940132302e-16,-1.57509106973011e-16,-6.76576534727545e-09,5.53508729857211e-08,-8.7782258680712e-16,1.56095585316759e-15,-1.22525979386647e-07,6.77200461376928e-16,-0.000134074017758405,2.15285117760533e-15,2.43766061380986e-07,5.54501436089875e-17,-1.69946804274694e-14,2.43277437095811e-16,-8.53297220636438e-16,1.09131459977802e-15,3.31655610942475e-15,6.71977323097002e-09,-4.73484953262447e-08,-7.26396650199812e-16,-4.06017311393883e-08,1.99354092722261e-06,7.49641522285376e-15,-5.35005453792323e-15,-4.62784542070933e-14,7.22939679561126e-13,0.405342659883657,-8.9300295880975e-07,1.06107680230279e-14,-2.10322043787653e-15,4.70623987698332e-07,1.40522326857919e-07,1.67569469302437e-09,-4.25338848622904e-15,-3.55230502000181e-15,1.98140271385893e-15,9.30503257203229e-16,-1.19152188821769e-15,1.2330669918213e-15,-5.05307414258551e-07,1.26469953858715e-07,4.4254672222896e-08,-8.11243504060523e-16,-6.18595995911112e-16,3.62020694090082e-15,9.34688652064329e-16,8.9900636129033e-16,-1.19494200489267e-15,1.14168107626519e-15,-4.19997928606914e-16,7.53810405872681e-16,-3.81521785439699e-15,-9.76207211186292e-16,-1.75329871992465e-15,-2.43664724537074e-16,1.60429894454785e-15,6.92751807308705e-10,1.34692921146318e-15,-8.66177302066498e-16,2.03220699816283e-17,1.06171374099395e-08,-1.21787386370761e-07,-6.95798308462758e-16,-2.8118204227724e-10,1.07148286259075e-08,1.20473984649235e-16,6.54339504645136e-16,-2.22194457248189e-08,-1.90125232488693e-15,3.04136278940821e-10,2.71670989649453e-15,4.20171693848226e-16,-3.63861231477071e-15,-6.42518767034135e-15,3.01849886664571e-07,-4.45267219100984e-08,3.41209770228746e-15,0.707106781186543,2.79648847075914e-14,3.1798899567149e-14,1.62088224786583e-14,-1.80494078404891e-15,-1.5283057660448e-15,4.10397323408952e-15,6.24270077986866e-10,-1.00594234232095e-15,-5.46596996129091e-16,-6.11142144741596e-16,5.91276652955201e-16,-5.94032669856001e-16,-2.26804555771957e-15,-1.38501103548462e-07,-8.74716472008612e-16,-6.25629719452793e-16,9.40173373760017e-09,-7.21624463173827e-15,1.1613960428608e-15,-1.16437663660991e-15,-3.43490282679833e-15,8.17321816870205e-09,2.06026176397342e-16,-0.000177874727884873,-9.04843511844197e-16,-2.22683341172859e-15,-3.95469333094489e-16,4.5923415894697e-16,3.41392424457195e-16,8.64003471465378e-16,9.78927519292273e-09,1.15333536876812e-16,1.52922703249405e-15,1.24717499016681e-09,-1.23329937201488e-06,3.40591742707985e-16,2.13610762829878e-07,2.9087954662027e-07,-1.06751024335187e-15,-1.42162397373408e-16,-8.73991544206521e-16,-3.21304894971323e-16,-2.45994953346965e-16,-4.99638445473254e-07,1.30435655938094e-15,-4.61639695970746e-16,-2.72342357476209e-16,2.01010661844168e-07,-4.2522067153282e-16,9.42397894539516e-17,1.10230717629555e-15,-7.58695318286674e-16,-9.21362468802098e-08,3.18950829258618e-16,2.72136548601945e-10,-4.97606876185682e-16,1.52554686858716e-16,-4.48273205902717e-16,3.45563576715537e-16,-2.38776887683302e-16,2.12676650022786e-17,-4.05407658313454e-16,-4.76491632478265e-09,-9.06638899752922e-17,6.12820059425532e-16,2.00746180586349e-09,2.3139015456453e-17,9.43234705133778e-17,-1.10037496619542e-15,1.5920206067256e-16,-1.71615831016086e-16,4.833264817955e-16,-1.46447299605883e-08,1.2986508127141e-16,-9.7998840906779e-17,4.3724097062533e-09,-3.43883735081307e-16,-6.45454554208898e-16,2.95685668368558e-16,8.96393282432461e-16,3.51180737736655e-16,1.4207315195089e-16,-2.76810109126171e-16,-3.8429429069457e-16,-7.45486871057592e-16,2.84154006193758e-16,-8.86149855647848e-17,-2.31490106455732e-09,7.68418782564488e-09,-7.68778352908239e-16,1.6570245889697e-16,-4.99476277221753e-17,1.2896144288428e-16,-3.80338122107915e-16,-9.09187187346882e-17,-6.71174835869442e-16,-5.25086146280056e-16,-7.36190218832664e-09,5.06342288207876e-17,3.68020125654972e-16,3.36326009211158e-16,-1.06191055532295e-15,8.6056152661386e-10,5.36053846773538e-16,-1.37061330157448e-10,-3.20290376603297e-16,3.27011390073701e-16,4.67626670613608e-16,-3.05149680274496e-16,-4.81955995266176e-16,3.328342529637e-16,-1.77804653015029e-16,1.49153251370296e-16,8.54178420475319e-18,6.73311091796634e-17,5.76116800690966e-16,-2.37105538173848e-16,-7.47226784741284e-17,-1.95874690272561e-16,2.63209734264264e-16,-3.31832580888128e-16,-2.53625623028307e-16,1.9526659080438e-16,4.5438812619946e-17,3.04771545606975e-16,-1.05124242644195e-15,-3.17958112639433e-17,-6.22249523595328e-16,-7.54387242274307e-17,6.77145778498131e-17,6.72292629240915e-09,1.71785418413278e-15,-2.8451966984486e-16,9.5115496856951e-17,2.1023716907136e-16,-2.25969871546831e-16,5.14585838887951e-17,-2.36835908711508e-16,7.20080188061875e-18,-3.46569604617093e-17,-6.55715395039425e-17,2.65846372693446e-16,1.21455317758066e-16,8.26322492861476e-17,-4.07793888802988e-16,9.14792294787328e-17,-6.06873865928388e-16,2.36771690140287e-16,-4.72053009193611e-06,3.32139900365739e-18,-4.38542178690677e-16,-2.19279216735739e-16,-1.32876130607141e-16,-1.93768683892732e-16,2.62985282207975e-17,1.10928062711685e-16,-2.4672183200424e-16,3.75446263278973e-17,2.01352416309744e-09,3.51106446334336e-16,8.50383700404043e-17,3.67772289180147e-17,-1.36903770886614e-17,3.44225090124435e-17,-8.20171333631035e-16,-2.141419114239e-16,1.13296182568902e-16,4.70815119226596e-17,4.6261013747982e-16,-2.2065906687211e-16,8.98867006237106e-18,-3.20003041099888e-16,9.43808403987347e-08,-2.50619011367841e-16,-2.06323478182716e-16,-6.12357075451995e-17,-7.80625564189563e-16,-2.81168802381078e-09,-2.35646988250748e-16,-1.4237499482758e-17,-2.60152257616719e-16,2.92350583173576e-16,6.35675766918712e-17,-2.0933961206127e-16,-2.00250891585453e-17,2.20817203762594e-16,-6.25453489096476e-17,1.08492304192594e-17,1.72649590302681e-16,-1.49001620021653e-18,-3.79337808191974e-16,1.63958504729522e-16,-1.66054690857737e-17,-5.17691337597243e-18,-3.64493665114548e-16
"t518",0.0362449899589812,-0.0111430948529398,-0.0122370415465756,0.000770195436504006,0.00806990819653433,-0.0295479071006196,-0.00447629660277204,-1.62466278446629e-05,0.0397223973072747,-0.00140068267302533,0.00156815270779487,-0.000726031960586035,0.00187112210739367,0.000453287284987289,0.0180918650502986,-0.000727599004136832,-0.000606150836829348,8.93705331752254e-05,0.0548648081552535,0.143312022828632,-9.44150820763235e-05,6.29348599723761e-05,-0.0176078395892115,-0.000452490687859627,2.54452362605535e-05,0.00124452028092534,-0.0123914980516835,-6.175262625083e-05,-0.000432110458005665,0.00386810019234139,0.000712622821766967,-0.0166411235453881,-8.72760650025024e-06,0.00989395792956767,-0.0527564804706618,-1.04110467273251e-05,-2.88935499773656e-06,1.05270744209406e-05,0.00145857272869394,0.00044737021034158,0.000100392807955144,-0.00343306202431587,1.29228869770655e-05,-0.000875121279963375,4.01752861290024e-05,-2.2993035631534e-05,7.07221274497016e-06,-0.00014833220916798,0.165149530853044,0.0549634669681976,1.55720978759452e-05,-8.16398826674445e-07,-1.42334912377911e-08,1.21114756954782e-06,-0.00576716847890598,-6.10130104327159e-05,0.0489596019859793,2.35809538755586e-05,-0.000163053657144069,-2.56821227920321e-07,-3.86123698185061e-07,2.27695368842933e-05,-1.44867899106959e-05,1.09834935189797e-05,-0.000121476922985792,2.58126778986836e-06,-0.000310349135099706,5.72783075528067e-05,-1.4049107618426e-05,6.48005207392128e-05,-5.98175685084963e-07,1.60264646523623e-06,-5.4340294269229e-06,-3.02839113482439e-06,1.18010740554989e-06,-0.244899535021656,-2.26333144878006e-05,2.23969457302424e-06,-0.000584743897140332,-7.06553733976925e-05,4.376205250038e-06,0.000338926933881155,-0.000471906434925339,-1.39459655298653e-05,0.00126630920044551,2.9419442165429e-05,-5.41498361827193e-06,-0.000847708010673526,-3.35919024900895e-08,4.71172548383372e-06,-5.70696223776443e-05,3.54635494373423e-08,2.46363783720931e-05,-2.26850975344096e-05,-5.36388234222492e-06,-6.55882241969971e-06,-7.7257228750502e-07,4.89903794917594e-06,-6.11115793064771e-05,-0.00664679904865005,1.06922591395608e-05,-5.62375231403555e-08,8.96662663561969e-06,1.42208972085411e-05,-1.63625705167824e-05,4.7305244437754e-07,-0.000132270336033545,1.71919820053661e-07,-0.000199515809391511,5.89563658413839e-08,1.99144871590229e-06,4.045981149322e-06,-1.25584594037882e-06,1.32806061971843e-06,-1.38395371758394e-06,1.571847041978e-06,-0.000172832285686895,0.0001798886855776,-2.68260399641382e-05,9.60242524900179e-06,-5.53960224973706e-06,1.32833930606372e-05,-0.00791203479408165,0.0016978566740679,-9.46689450425828e-07,-8.49142596978832e-06,9.13782701214561e-07,-2.61289101393454e-05,2.7140443633586e-05,0.000944823814348532,7.00731283475144e-06,-2.68556112454291e-05,2.16374402275992e-06,0.00014272344177134,-6.06767968111067e-08,4.05015632734343e-05,-0.00824111052170747,-2.60205666034015e-06,0.00215520333787343,0.00043926508207404,-6.9941753525329e-05,-3.23967835732255e-06,3.88071466288104e-05,2.55311326118686e-06,1.4732523640043e-08,-1.29126614777568e-05,-1.5537701176624e-06,8.19866693608225e-05,5.34631729708742e-06,-9.38460404570612e-07,-1.16794495280551e-06,-0.000654680651144822,-7.76897868853073e-07,0.00019821396274005,-7.7133275579393e-07,-0.00974230562041852,7.53009313745265e-05,-3.17094777870324e-05,-0.447477770678278,0.000149116565131432,1.99950375858651e-05,-2.43070932653132e-06,8.49262650253483e-05,1.01025044383772e-05,-3.9504300609303e-06,1.72923291437115e-06,-8.00463385102552e-05,-7.45423935241365e-06,-6.35928168851518e-05,-3.97740729329409e-07,5.72313279496705e-07,9.70111047825629e-08,-5.39102515797327e-09,-1.30750825545886e-06,-1.2549741295732e-09,7.63860581110284e-09,5.58627127246129e-10,-1.58233959605173e-07,-1.11329548900201e-05,-1.31563467617237e-06,5.59943127694894e-06,1.73972966958888e-06,-3.82248813035976e-07,-1.6005962009657e-09,-5.10623613110327e-08,-2.47888136689451e-08,-0.000212923522355292,0.000155625590860113,0.000257377189245029,-1.13059016470607e-06,-1.04437917652852e-05,0.000285476278680579,9.65280309515182e-06,1.79820195723799e-09,2.2572479548428e-07,-0.0963100269746314,0.000107832157178355,5.48162053124048e-07,-0.0027054815416523,-1.1993036371455e-06,-2.61856167404546e-06,-1.86769719280224e-06,1.28052773314281e-08,-1.67314838233514e-07,-5.21791136655432e-05,-2.30682609540713e-07,4.4835201837239e-05,2.6377362652083e-07,-1.84935121019522e-05,-4.76493306885806e-09,-0.000103949879143018,-6.77697802132902e-07,-1.90916146851235e-06,-0.000444878128383897,2.38722323760993e-07,-5.7279255976961e-08,2.90026059172923e-08,1.89313473930977e-08,-5.56998021587318e-06,-2.42085096011567e-06,-1.11619630913092e-06,1.35520858430242e-06,2.99493984068554e-07,1.27525955563476e-06,-3.83115454051046e-06,-2.18982452952388e-07,-2.07508339952764e-05,-1.17317054875688e-07,-2.54677370485366e-05,-8.30215996540154e-06,4.48584214507591e-07,9.28031245491527e-08,2.82374750905663e-06,1.04140297979907e-06,-5.96148394288458e-07,-1.07093327788876e-08,-4.71133655484116e-06,2.05661638752655e-17,-4.43581264045415e-08,6.33411021374805e-07,-1.28619424329135e-07,-3.29966583075919e-07,-4.43114435168936e-06,6.12693901892567e-08,-8.62137954649929e-07,3.83002723824041e-07,-7.34778578846238e-07,4.70462294091806e-07,-9.55526103375909e-08,3.84632146943921e-05,-2.50528774939936e-08,2.75482826531197e-06,-2.33833738371828e-05,9.78944533609604e-09,-6.40107823733985e-10,3.0433059925284e-08,-2.85296599071788e-08,4.48880512835024e-07,1.13625412843505e-05,-2.14731348580683e-06,4.18007786730702e-07,-7.58473559108626e-06,8.84783948168202e-06,-5.34053085580781e-07,5.41527654378969e-06,-1.8309968482569e-06,7.07082746359694e-09,6.15126375661874e-05,2.98680729713969e-07,2.55333216680044e-05,6.43324394525985e-09,-1.96488980597546e-06,1.78205119931786e-07,-2.19464304452395e-07,3.46985887468321e-07,-6.7053313400723e-07,5.20827456545528e-07,-3.80719400849527e-08,7.29742312070781e-06,-3.17086545571229e-08,5.21043444879276e-06,-2.48380553606604e-16,-1.28033485315138e-05,-1.27376422841527e-06,-1.36210417653542e-11,-1.19658495167849e-07,1.76949936589628e-07,-1.10027525352937e-07,-3.12968927650065e-08,3.80437496416567e-09,-1.707171525238e-07,6.4636085285487e-06,2.33797956372305e-05,-2.94806822191024e-08,2.57304502161101e-05,-0.00179278519911686,2.7981748620309e-07,-1.19789694422324e-05,1.76415355685779e-07,3.08482729763598e-07,4.76208486764966e-09,1.32483288616848e-05,-1.74469101907282e-06,7.72659410635052e-09,-2.42396058204342e-06,2.84456520042025e-07,-1.03366895874157e-06,7.76038465256438e-07,6.47496188872514e-05,3.36610910811573e-07,-1.07566006124093e-07,-7.05452793734088e-07,7.17893567907014e-08,-3.33026121554543e-07,8.91107844817499e-06,3.74066830222573e-06,-1.70750249608664e-05,8.18072944426317e-18,7.19955595952112e-07,5.1645510629471e-07,-5.62594730573341e-07,0.00391673909185889,-2.53466080509625e-07,0.0152819026200582,-1.06261224946121e-05,2.16492584356653e-07,1.59919678744579e-06,2.92836647871923e-16,-2.19137130936703e-05,-1.77690874806391e-09,-7.70363207217531e-06,3.37528399050548e-08,6.57495440126975e-07,-4.22722729481936e-06,-7.50834314224167e-06,2.03009437836205e-06,-2.07157413902852e-07,1.32905301206345e-05,-4.30826007354923e-08,-4.14122903092303e-06,-5.54924556377585e-09,-8.7093351898871e-10,-4.34382311133974e-05,6.20435545490254e-08,-1.24447939623031e-05,-3.65897324732746e-16,-3.41669499623072e-07,2.70500411050402e-08,7.79635812231312e-10,7.12066855871618e-09,-1.08819712278908e-05,-5.49439776701558e-05,2.50174333622446e-07,-9.23400220311346e-07,-5.44066643048308e-07,-4.59092205009712e-18,-9.74045838664582e-05,-3.52754724740029e-08,-1.45783927456969e-05,3.12560330436715e-16,3.8226046538535e-06,5.65657429443323e-07,-9.616761658073e-08,-5.37768839917155e-05,-0.0127681537793669,6.81767184339479e-06,8.81689564637231e-07,2.40884759101721e-07,2.78265284380716e-08,3.82825711448081e-09,1.35454191883716e-06,4.15397486594777e-08,-9.87734685741534e-17,-2.10598319536966e-08,7.96606663785536e-07,3.57253044037124e-07,-2.34446837237979e-06,1.16803918240343e-16,-5.07155409134314e-08,9.69934563698968e-09,-1.11705864035635e-06,-1.61215297507824e-08,-5.48230562015049e-05,5.67695670487928e-08,-7.64944401948379e-07,4.23133984341446e-06,9.19757686371236e-17,1.57136769963387e-05,-7.47283797192504e-08,2.18575492235453e-07,2.37864962460331e-05,-3.13014345782209e-08,-3.9725569492143e-08,-6.93889390390723e-16,-3.08697016554578e-18,-3.8025309911344e-08,-4.79994112176645e-08,6.4823126026098e-09,-0.00190412351177695,1.79203338599643e-15,-2.49011345814729e-06,-3.06223074779442e-08,3.39837032990715e-17,-1.35860072713371e-17,-1.82382991185392e-16,0.000388180547845061,1.52178465940767e-07,-1.92161435621932e-07,5.94822368301052e-06,8.45772617059361e-07,1.58136474771438e-07,-6.86739467889115e-08,-1.06919712213707e-16,-1.52119091930322e-08,4.28470804709305e-08,-4.15609806953836e-17,3.1763353508668e-18,-2.71362670096502e-08,-1.46687935826374e-08,-1.61229637006281e-08,4.07682642157575e-06,1.59376259236637e-08,-5.95566961427539e-06,1.14803317959272e-16,-2.24926168045582e-07,2.88697315712528e-16,-7.32740263668437e-06,2.16840434497101e-18,-1.78638342330435e-08,-2.21710107976139e-16,7.35791977431358e-08,1.93856565198914e-08,8.68901405009566e-07,1.20036014480411e-06,5.30986662600275e-08,-6.15599361028975e-09,3.95780219514519e-08,7.64137382672457e-08,0.000390817405715241,1.98622997375481e-07,1.287968527072e-08,-3.85022254843871e-08,-0.000389418842182431,-4.90384600279661e-07,-1.63466319693915e-08,-5.68123914058511e-17,1.58496290970403e-07,-2.76558174989232e-08,1.4504132026861e-08,1.71881759688658e-16,2.51317195784873e-06,7.72921721157217e-07,2.47853576770233e-07,2.49391006557462e-16,-6.01236705795473e-08,-3.14036557697178e-05,-7.17317532131412e-17,-4.20345070109878e-08,9.50118831255925e-08,2.39386198479859e-16,2.72179357431816e-16,-3.54974461827457e-09,-1.80522188674217e-05,-1.01819906836742e-07,-5.82855920757623e-05,4.28212800042277e-07,1.13038915707815e-08,1.15788786404221e-06,1.01857763798054e-07,-2.55802071577985e-06,-1.32706345912226e-16,4.72836868437019e-10,1.10730398638756e-05,8.85252041779817e-07,8.90669125912042e-06,-1.33792309399599e-15,-1.1575103855284e-16,1.2719412918392e-06,9.81553742959617e-17,7.49929984829258e-17,1.31588107354495e-07,-1.93701126089922e-07,-3.62653923672683e-08,-2.03546858171579e-07,9.29696524552745e-07,2.42869559509398e-07,3.10462851918084e-07,-1.15859989935107e-16,1.64251370419564e-06,7.12915076195805e-07,3.52028279272389e-07,-3.35956017943139e-08,1.32820088660723e-07,-1.01151672362684e-17,6.52282107101037e-17,1.56103379359836e-16,-1.13689917664802e-05,-5.58977447832255e-09,-3.62393899309362e-07,-3.2777106759818e-16,-4.28924765330879e-09,5.12308332345522e-17,-7.38768799899971e-17,7.04959383334754e-07,-1.76516380132433e-07,-2.55004350968591e-16,-1.45820992301825e-06,-1.96765367620014e-08,-3.70869475223112e-16,4.4552849753434e-08,2.64668956270225e-16,1.65483374753214e-06,-4.8511898250169e-16,1.6507217110331e-06,1.36172336089077e-07,4.93289011215603e-09,4.87195345366712e-07,3.34548350230063e-06,-1.59534480461201e-08,4.90981364439082e-07,5.80151917726794e-17,2.91207543962807e-07,-1.64425873769533e-08,-1.0378092222176e-17,-2.16727714709214e-09,-4.42061525456827e-08,1.02792784537471e-08,4.48663304544959e-16,3.30660939853499e-08,4.3759221950151e-08,3.37827875558989e-16,-1.21513799015839e-06,-9.22685532281948e-07,-1.2614766977685e-09,6.56108285096081e-17,-9.96015959560484e-17,2.26398490780647e-08,7.25419037887427e-07,5.87077673748833e-08,-9.12206375560506e-09,4.34105091776748e-07,6.64183788228033e-17,-9.89202923199036e-17,1.58691883308894e-06,4.77522929091682e-09,1.34126426581235e-15,3.84661518180843e-06,5.54018129622286e-17,1.91655296947524e-08,-3.31096468274131e-07,-4.08735198277844e-06,-0.000160154853225898,-1.16313611385268e-16,-4.20988129873577e-16,6.70144590885104e-16,-2.11246571646009e-16,-2.20026256900227e-09,-7.63879736059072e-09,-7.54061094436254e-16,-2.80666306902201e-16,1.901987092294e-16,1.07833135167593e-08,9.7020030418369e-11,-5.358398508045e-09,1.6234956662178e-17,-3.44993131284888e-16,-2.23345647532014e-16,-2.32229122050489e-07,7.10883662009183e-09,-1.36049452459531e-17,1.25253627041387e-09,-3.28239071117058e-08,1.80258864141196e-16,6.09832462327097e-16,-2.3665082108101e-06,-2.33108615914908e-10,-1.1755564071485e-06,1.06178267295222e-15,1.2789966675925e-08,2.06941876765607e-07,2.22869214207931e-07,-8.36198061867861e-07,-4.96962226668629e-08,8.11366520340417e-10,5.2719153877468e-17,-8.90610647304608e-16,8.88003531900518e-16,1.57196409292826e-08,-1.42375835070464e-08,-5.11922204873721e-06,-4.29642610414337e-09,8.00024076239979e-16,-5.55436452371233e-16,-3.73503069149697e-16,9.09646954544792e-16,1.70928864438836e-15,2.0887637813438e-08,1.75580994065831e-16,-1.02615355686546e-16,-3.52874700581894e-07,-3.63401347945122e-17,-3.16056959307583e-07,3.75489545863233e-16,-3.59555829802387e-06,4.73200940823989e-17,-4.42086602815571e-06,-6.0575849772425e-08,-5.37853197213205e-08,-4.45580353728695e-17,1.97379697798273e-06,-4.23912209936826e-16,3.06013293949866e-07,-5.03077092367915e-08,2.78857944943961e-10,3.74807292808112e-16,1.56022903398221e-06,-3.0017144710195e-16,-1.15598908486205e-07,-5.91025015353554e-08,2.2312451496752e-15,7.01380214209987e-16,3.6072801336531e-16,-3.53795386509727e-16,-9.22135275600302e-09,-2.76667454652881e-07,-6.24005040721695e-08,4.13224508267728e-16,-3.02408702755674e-16,-6.76576622297607e-09,5.53508728452085e-08,-1.74881874440686e-15,2.78191447567793e-15,-1.22525978046152e-07,-6.55299190470516e-16,-0.000134074017758878,4.26354120764319e-15,2.43766063105664e-07,-2.83105663665672e-15,-1.76596765826981e-14,2.70295728115327e-16,-1.18794223748508e-15,6.86951995576886e-16,6.01442818978045e-16,6.71977290835074e-09,-4.73484971516176e-08,-3.79563799307922e-16,-4.06017302378963e-08,1.9935409271529e-06,6.59464443480279e-15,-5.79170786693118e-15,-4.70369682348605e-14,7.21960690174720e-13,0.405342659883638,-8.93002960620641e-07,1.18437292569562e-14,-1.38470152055502e-15,4.70623984668537e-07,1.40522328245296e-07,1.67569448012665e-09,-5.38087697983047e-15,-1.43651957673823e-15,2.35047029627454e-15,8.23631656205022e-16,-1.89609693796567e-15,5.38389306908018e-16,-5.05307414106361e-07,1.26469950088188e-07,4.42546700897862e-08,-6.72702258091687e-16,1.9383977932232e-16,8.73739993497953e-17,1.83623549598573e-17,1.46580065518262e-15,-2.40119675346195e-16,-2.41948927090576e-16,-1.38246905748368e-15,4.82094116716002e-17,3.65252192763273e-15,-7.74181575795962e-16,1.9351673903536e-16,6.20539674043481e-17,9.38413337217966e-17,6.92766889011314e-10,-1.50324811632883e-16,-4.77711133311332e-15,-2.2509586681626e-17,1.06171323775195e-08,-1.21787393504294e-07,4.65482799362159e-16,-2.81175831325145e-10,1.07148243796419e-08,-4.95876219286921e-16,-1.32547451545161e-15,-2.22194446259747e-08,4.97847146868083e-15,3.0414298369674e-10,-2.4519290849636e-15,-5.51041587449475e-16,3.19165430155316e-15,7.154201769368e-15,3.01849900581282e-07,-4.45267232724891e-08,-5.16192919910119e-15,-0.707106781186553,-2.8023340132995e-14,-3.31212562724364e-14,-1.62159782129967e-14,1.20199759972127e-15,9.39031320304545e-16,-3.61701301328466e-15,6.24282900505287e-10,9.68964540454413e-16,4.9706545145886e-17,1.38103664258743e-15,-2.50887771619984e-16,4.9102733100276e-16,-5.2706994287049e-15,-1.38501105101678e-07,8.16415290954948e-16,1.1385122469901e-15,9.40172979851877e-09,7.3204169576697e-15,-6.98570262731098e-16,9.32571988208214e-16,2.66724701286694e-15,8.17321623982751e-09,-1.79021520916328e-16,-0.000177874727900652,7.52741536102977e-16,2.09033244881377e-15,1.1037472382571e-15,-5.0250653112335e-16,-4.5953207066515e-16,-1.53023979341221e-15,9.78927623999663e-09,3.27877133470674e-16,-1.22275060493235e-15,1.2471719215296e-09,-1.23329937391301e-06,-3.05527290760636e-16,2.13610758814474e-07,2.90879545772144e-07,6.0370949119016e-16,8.71732063765912e-17,1.82377300919362e-15,4.0527229238141e-16,-4.97014274286617e-16,-4.99638445802757e-07,-6.84912804054903e-16,1.81493075636464e-15,2.26334681526764e-16,2.01010660915064e-07,6.25854542800427e-16,-5.87490971350298e-17,-3.84588529917001e-16,3.46205270323002e-16,-9.21362457503125e-08,-3.29775726860405e-16,2.72134920849908e-10,1.25456493435815e-16,8.67571867836211e-17,8.68841408478605e-16,-5.035331179026e-16,1.95280250500176e-16,-7.31020846813124e-17,4.11508022649847e-16,-4.76491695982179e-09,-3.04489958338736e-16,-2.90127134531461e-16,2.00746266812999e-09,2.30622192635544e-16,2.74385181608572e-16,1.02801105808285e-15,-7.18388269617188e-17,1.51662110482104e-16,-4.11196442945005e-16,-1.46447299111339e-08,5.31430961967808e-17,3.76226008529627e-16,4.37240914077858e-09,5.81565226676273e-16,2.99869009160751e-16,-1.61106357156537e-16,-6.84560882999998e-16,5.48839064354188e-17,-1.37328507320432e-16,3.90995780064446e-16,2.57923817792476e-16,7.28911437913146e-16,-1.29980020784603e-16,1.45091012533461e-16,-2.31490157076341e-09,7.68418852358209e-09,2.75060643500064e-16,-1.00515794875256e-16,-4.80554281628415e-16,-2.73537361481587e-16,5.0263612716428e-16,-4.5284785818854e-16,4.8172666047606e-16,6.12848453776536e-18,-7.36190309742437e-09,-3.54246052162222e-16,-3.22606776469987e-16,-3.85126584280757e-16,1.24578248246902e-15,8.6056197331196e-10,-6.69297954667338e-16,-1.37061941134376e-10,1.93429131973023e-16,-5.56696471916892e-16,-2.80723143997945e-16,4.80705181532829e-16,2.82629889240105e-16,-3.87499148001503e-16,2.37772349353625e-16,-1.53810558698683e-16,2.58347616978041e-16,-2.89939771034744e-17,-6.01789805490453e-16,2.26543432489082e-16,-2.55002341930594e-16,6.59536428541421e-17,-2.05897118378968e-16,1.6082487277999e-16,3.24451621216798e-16,4.45274457712664e-16,1.04723636521418e-16,-6.34851562278219e-17,1.6306400674182e-16,-2.20534904642899e-16,3.1249537941305e-16,9.43314157882862e-17,-2.87846472512019e-16,6.72292625229479e-09,-8.33119957394663e-18,3.34939241404742e-16,1.21356755341667e-16,5.89303755702271e-17,2.99021836621702e-16,1.92074309453994e-16,-1.18268427553598e-15,-8.31081530411418e-17,1.25126240602963e-16,-3.08484838351378e-17,-9.38051719634458e-16,-7.19228727782252e-17,6.66551744004967e-17,5.12026233738692e-17,-2.00097729180912e-16,2.97992124478593e-16,-1.50006519707477e-16,-4.72053009128561e-06,6.83265515986001e-18,2.29904413607106e-16,-1.10888452776764e-16,8.6890171434165e-17,5.81080631265849e-16,5.94055465110608e-17,1.50127111121445e-16,-3.03527117011213e-16,-3.20022705445651e-17,2.01352405658325e-09,-9.28743432984764e-17,4.41490009923247e-17,-3.18903591969357e-17,-6.00029016861934e-17,-3.86652219289438e-17,4.96008612312169e-16,-7.74479995114115e-17,-2.18491094535931e-17,-2.87433926468034e-16,-5.67940133837044e-16,2.08594340566076e-16,-7.77828878014914e-17,3.02831026198526e-16,9.43808407076914e-08,-9.18377063803311e-17,1.50843585268983e-16,-2.31244139785168e-16,-2.51968584885631e-16,-2.81168807952910e-09,1.07766872050417e-16,1.21499953725538e-16,7.48357459920742e-17,2.22828029499553e-16,-2.26950492828332e-16,6.36219813727934e-17,8.88892080658221e-17,-3.34897850275182e-16,-4.26770555221748e-17,-6.97420368961717e-17,3.40877008873523e-17,-1.14767940716207e-17,-3.45656108278038e-17,2.19315144139474e-16,5.28860801969137e-17,2.65300352252814e-16,-4.37260934400078e-16
"t33",0.0361996452270326,-0.0111136628557304,-0.0122036710492632,0.000767377102080196,0.00803371455769322,-0.0293922747654346,-0.00445225331447623,-1.61523715872859e-05,0.0394498628037559,-0.00138900866548384,0.00155152496261701,-0.000716517711258618,0.00184587301259658,0.000447076432071581,0.0178329775111033,-0.000716561362236326,-0.000596731735783235,8.7956126575999e-05,0.0539759911402724,0.14078534872477,-9.26113044364377e-05,6.14762798021694e-05,-0.0171761549709044,-0.000441331746220346,2.48151774024114e-05,0.00121218466333555,-0.0120655968824007,-6.01134172662212e-05,-0.000420321303237745,0.00374264275385614,0.000687902582008923,-0.0160362782540065,-8.38624148870835e-06,0.00948756716059889,-0.0504721287601329,-9.92183449455255e-06,-2.75174611928035e-06,1.00171920665548e-05,0.00138741238091683,0.000425196196652744,9.52633069590019e-05,-0.00325307908113181,1.22345070634816e-05,-0.000828443824310263,3.79920628355603e-05,-2.1656981008565e-05,6.65299240742823e-06,-0.000139457375643023,0.155010587466786,0.0514952317563049,1.45535636682624e-05,-7.62112524696433e-07,-1.32847633151076e-08,1.12876390522682e-06,-0.00535924527545405,-5.66721780186018e-05,0.0451030306579886,2.16729948020214e-05,-0.000149818954044813,-2.34597880600224e-07,-3.51105765667716e-07,2.06569037076581e-05,-1.31178521279297e-05,9.94084152181218e-06,-0.000109551281103794,2.32022650233242e-06,-0.000276894031241915,5.09283046933055e-05,-1.24714686974317e-05,5.73548977181215e-05,-5.20921412842477e-07,1.37732721999621e-06,-4.66021043915868e-06,-2.58569010045597e-06,1.00703061904689e-06,-0.208576328093984,-1.92613698052442e-05,1.89867234970483e-06,-0.000491272058675677,-5.91396484314926e-05,3.63912428315627e-06,0.000281436347770122,-0.000387650138230154,-1.1417611344236e-05,0.00102135565743279,2.36280549214814e-05,-4.33005186567851e-06,-0.000677378764851373,-2.68372873864128e-08,3.76252584091685e-06,-4.5495467445012e-05,2.78055051032566e-08,1.92858590238475e-05,-1.75656672187423e-05,-4.07139023688292e-06,-4.96277455218258e-06,-5.84485392473257e-07,3.67622865149872e-06,-4.57163059193339e-05,-0.0049129101231069,7.82279467162716e-06,-4.11070260939813e-08,6.54732701851475e-06,9.86055551175733e-06,-1.12970373227479e-05,3.25501203641753e-07,-9.04583465223511e-05,1.17370853089167e-07,-0.00013579027234985,3.99357249689352e-08,1.34685708161532e-06,2.71063936635238e-06,-8.40399144998094e-07,8.65544757878289e-07,-8.96632422137056e-07,1.00479995344773e-06,-0.000109799468165594,0.000112279998768113,-1.64460346258813e-05,5.80382495787806e-06,-3.32038920345233e-06,7.72319871251613e-06,-0.00450379802238448,0.000965669798600089,-5.36739499823339e-07,-4.70304937570589e-06,5.0508863527407e-07,-1.41356738546531e-05,1.37049793254446e-05,0.000476702379386202,3.51371081332764e-06,-1.2748344160216e-05,1.01526293948195e-06,6.63937389622802e-05,-2.71969149396013e-08,1.80559695293946e-05,-0.00335338886542067,-9.69103333597388e-07,0.000689712117197494,0.000139879508367669,-2.15926689654242e-05,-9.83836357016284e-07,1.14655088286294e-05,7.46172937946441e-07,4.305096124629e-09,-3.46908084321926e-06,-3.38165591793884e-07,1.3060807962156e-05,7.67693388100545e-07,-1.00514170882751e-07,-1.21567250156197e-07,-5.85052079100252e-05,-6.25423977077623e-08,1.39215156341836e-05,2.64537851651002e-08,0.000515961273574066,-5.01139993110848e-06,1.55384608179278e-05,0.287882435827441,-9.98361951207969e-05,-1.65849102669676e-05,2.10468355527854e-06,-9.58946390625148e-05,-1.1779728768013e-05,5.9765569897988e-06,-3.39940739994803e-06,0.000403463819536181,3.92447054066425e-05,0.000338633578988835,2.54302723919039e-06,-4.69413394995162e-06,-8.2815457884532e-07,9.65609530348776e-08,3.4296565057869e-05,5.96887620679638e-07,1.21013937506483e-06,5.28976596725516e-08,-1.93054856020536e-06,-7.7475922076963e-05,-8.58337000317013e-06,3.45323562128452e-05,9.30545259761217e-06,-1.95047910724963e-06,-7.82568998491839e-09,-2.40455730329237e-07,-1.0460663059565e-07,-0.000877315028527944,0.000543378251471211,0.000894659854329549,-3.76836907044101e-06,-3.17787619115234e-05,0.00082404162747138,2.74796233690966e-05,5.03480473459826e-09,6.26220561390875e-07,-0.264552404750551,0.00029671328727355,1.52211266741376e-06,-0.00757057848730698,-4.00931208684943e-06,-8.90498763030075e-06,-8.04335209248746e-06,1.01022721497236e-07,1.75590125246615e-07,5.38940433249762e-05,1.71114488819448e-07,-7.5082966222024e-06,2.01688314313553e-08,-8.34712791109784e-06,-3.21428897209498e-09,-8.02692186071231e-05,-5.38094309243927e-07,-1.64587069656284e-06,-0.000393848625322757,2.11461832426669e-07,-5.14924042282123e-08,2.6665375338681e-08,1.74499671655798e-08,-5.17038584999031e-06,-2.2474759164381e-06,-1.03561532860124e-06,1.25068368273376e-06,2.75892844127892e-07,1.17219254278758e-06,-3.49410225781945e-06,-1.99365765618608e-07,-1.88836389481302e-05,-1.05646517909062e-07,-2.27741289730316e-05,-7.36287659965773e-06,3.96280662055944e-07,8.16437251430405e-08,2.47437303287902e-06,9.11516765188365e-07,-5.1620153181952e-07,-9.20883566504942e-09,-4.01998762402927e-06,-1.29803132947245e-16,-3.74181530476862e-08,5.33065560992876e-07,-1.06466415809394e-07,-2.69543700992155e-07,-3.57936856598205e-06,4.94581707625844e-08,-6.81081500431402e-07,3.01444742725621e-07,-5.77316117495218e-07,3.66578814743996e-07,-7.40300447969425e-08,2.94860523371425e-05,-1.91144503726957e-08,2.09768690516141e-06,-1.76117337869912e-05,7.02534025177166e-09,-4.51105032018076e-10,2.11154342024652e-08,-1.9106100429858e-08,2.99829865842303e-07,7.39326517211202e-06,-1.37609056938538e-06,2.61939411349476e-07,-4.71798142112823e-06,5.46079470844904e-06,-3.25998635005619e-07,3.25083634874021e-06,-1.09703638102396e-06,4.05079039387611e-09,3.52022364170395e-05,1.70722803127214e-07,1.44088074764267e-05,3.61284332521859e-09,-1.0863159402413e-06,9.82321391156868e-08,-1.08978745209411e-07,1.70135467042373e-07,-3.25437319714926e-07,2.46761885103052e-07,-1.76816903748773e-08,3.23203988721797e-06,-1.38419530728835e-08,2.24811413867436e-06,3.17105964971509e-17,-5.29786433518547e-06,-5.2406681910779e-07,-5.49885862378834e-12,-4.60862522532079e-08,6.52708685368007e-08,-3.97227042760075e-08,-1.11766999455601e-08,1.16049498083393e-09,-5.1483045324092e-08,1.94314700319225e-06,6.65361983943609e-06,-6.99541377199734e-09,5.88768750506481e-06,-0.000399584947092691,5.68023395350039e-08,-1.46775407188731e-06,1.52412086354414e-08,2.59864566427805e-08,3.98096963052326e-10,-1.73672115753255e-07,2.43486842512763e-07,-1.21318432520149e-09,4.43970894409709e-07,-6.14115307700864e-08,2.33785175600228e-07,-2.45661016533875e-07,-2.09603833312609e-05,-1.13429359199146e-07,3.72335006634663e-08,2.65876937299872e-07,-2.9579222813446e-08,1.48417959207503e-07,-4.10540506728732e-06,-1.82076245031119e-06,9.29871248274843e-06,-1.48640728496328e-16,-7.22822954055695e-07,-5.53997135447069e-07,6.8094783004782e-07,-0.00476164981756268,3.09608231517027e-07,-0.0194488657634448,1.51186408155116e-05,-4.64874536367913e-07,-1.56428147399246e-06,-3.74783071981114e-16,3.15943597373551e-05,2.63383634913335e-09,1.20839438056161e-05,-5.32936232640611e-08,-1.18336715668027e-06,8.15822193390828e-06,1.59748992755514e-05,-4.61819453210111e-06,5.4520606899628e-07,-4.01173211428458e-05,1.42277197873688e-07,1.44017147292763e-05,1.99369792473296e-08,3.31855997738086e-09,0.000166603923423234,-2.48312287102044e-07,5.15065427419905e-05,9.17774145760229e-15,1.84792048303641e-06,-1.55378477290254e-07,-4.48100884721797e-09,-4.9147199821997e-08,7.73533744867176e-05,0.000591455807655831,-3.11152245708717e-06,1.18400832736046e-05,7.8844752170854e-06,7.78457582554615e-15,0.00164983814300431,6.36705718590232e-07,0.00034576093622853,-4.65566135787087e-15,-0.000134492289557259,-2.2387289280008e-05,4.06738412202603e-06,0.00264698958097928,0.86177590682338,-0.0006342853021101,-0.00011596220684104,0.000157607045655444,1.07300316826531e-05,4.40267037925974e-07,7.07870521282524e-05,2.11305361365131e-06,8.76713544922821e-15,-5.39249971378664e-07,1.88343688989493e-05,7.24544955056509e-06,-3.93253215760205e-05,1.48539452120531e-15,-6.29342710259993e-07,9.48221687171839e-08,-1.00207022314618e-05,-1.39409224734209e-07,-0.000454793662954843,4.38764027508392e-07,-5.34700103203249e-06,2.43600508305719e-05,1.44248455627213e-15,7.95476474188511e-05,-3.74597018066311e-07,1.07405117485948e-06,0.000113840332917088,-1.49511809642788e-07,-1.88393315204672e-07,-3.19189119579733e-16,-2.260547301432e-16,-1.73372020114314e-07,-2.12009867202681e-07,2.85231823703298e-08,-0.00815940467344542,5.78834248652878e-15,-1.01195118319506e-05,-1.21785409697996e-07,3.57352740245433e-16,-1.45320655273559e-16,8.75304723984159e-16,0.00145218639634599,5.65231672364741e-07,-6.9695292090996e-07,2.11658176320891e-05,3.00301163236442e-06,5.5078378015262e-07,-2.38673787979141e-07,2.46418644208101e-16,-5.10029334554491e-08,1.41967060342481e-07,8.11595650302442e-17,4.32851469757832e-16,-8.61373751355011e-08,-4.61186033016156e-08,-5.00651576172675e-08,1.25576918236224e-05,4.83653430197546e-08,-1.80311273771277e-05,1.32725448667357e-16,-6.78815932109082e-07,-3.90561746033653e-16,-2.19161349730267e-05,-2.58430429833645e-15,-5.30868579453714e-08,6.15623150560162e-16,2.16913317740489e-07,5.70582843147356e-08,2.50590202481892e-06,3.44742420880263e-06,1.52236172061607e-07,-1.75195580548101e-08,1.1193244779734e-07,2.13090686590894e-07,0.00108971771482124,5.51505543004473e-07,3.54943612561467e-08,-1.0507428670499e-07,-0.00105430671661872,-1.31956026204381e-06,-4.38564695461945e-08,1.36142995276872e-16,4.21426323438835e-07,-7.29197632952257e-08,3.73925774554027e-08,-7.95871661794894e-17,6.43916529427255e-06,1.96245454929733e-06,6.26924004633878e-07,1.77897250445886e-16,-1.51784569434012e-07,-7.8685668646132e-05,-1.00162379865078e-15,-1.04940989080006e-07,2.32299086440883e-07,4.67238293551585e-16,2.43024516542275e-16,-8.61179894589675e-09,-4.37652249675088e-05,-2.46061443618188e-07,-0.000140333696415085,1.02257180967014e-06,2.69748258772515e-08,2.76038114454509e-06,2.402844545143e-07,-5.98443219604267e-06,9.29811783123569e-16,1.10278443305741e-09,2.58117238694395e-05,2.05976138864079e-06,2.06780808560053e-05,-2.11887315986958e-15,-1.60283532687305e-16,2.94416485281335e-06,-1.35262862865093e-16,-1.15197719168626e-15,2.99101115139024e-07,-4.38948526779399e-07,-8.21762362845429e-08,-4.58220848505192e-07,2.09108092188178e-06,5.46161870843829e-07,6.9732253513254e-07,3.67193308075214e-16,3.64305133009086e-06,1.57706865979368e-06,7.78062531388354e-07,-7.39365794945509e-08,2.90063873214428e-07,-3.25425867904937e-16,2.56085874006152e-16,-2.58753491357557e-16,-2.4560080000027e-05,-1.20196714314497e-08,-7.78981263049508e-07,3.28409881331396e-17,-9.17921792420706e-09,2.02431464128825e-17,-2.05436561137556e-17,1.48015887632637e-06,-3.7053301665922e-07,2.4980018054066e-16,-3.046962399507e-06,-4.10052341909277e-08,-3.0566306077418e-16,9.2344483492987e-08,1.25107983683381e-16,3.40776383814143e-06,9.55619195950184e-16,3.39731925088074e-06,2.80127485723767e-07,1.01425527999219e-08,1.00101654854121e-06,6.86286186111458e-06,-3.25317819863547e-08,9.92910256090821e-07,-1.07728071920527e-16,5.82861130841638e-07,-3.28741349908011e-08,2.77619071810467e-16,-4.32674923917992e-09,-8.80176129765065e-08,2.04175169641628e-08,1.01312961718047e-16,6.5139961781023e-08,8.60645565883726e-08,8.02130239118584e-17,-2.38470999617065e-06,-1.80882775375919e-06,-2.46312879598483e-09,2.99276587542752e-16,2.27399331220293e-16,4.37873953686003e-08,1.39729922337527e-06,1.12987625035499e-07,-1.72403538265538e-08,8.17974731037898e-07,1.64109430544343e-17,9.84001214636785e-17,2.98395519940882e-06,8.97669484069047e-09,-1.09252915265122e-15,7.20542833899794e-06,-2.28204141400359e-17,3.57766988319802e-08,-6.15110312211955e-07,-7.59087159108736e-06,-0.00029703210974312,-1.7672649896683e-16,-4.06807693776222e-17,6.46816338509382e-19,-6.60554444829785e-17,-4.03047941021596e-09,-1.39783564736128e-08,-1.80852584336184e-16,-4.89013503328959e-16,1.65333587866128e-16,1.9658006342383e-08,1.76573755568593e-10,-9.70799144256086e-09,4.96651484290409e-17,9.19403442267708e-17,-6.59953862391927e-16,-4.14032667567906e-07,1.26668316998937e-08,5.23177543937339e-17,2.21717632486807e-09,-5.79458080086348e-08,6.84747569640688e-17,9.1458228548547e-17,-4.15051044669032e-06,-4.08620751601502e-10,-2.0525346860857e-06,6.59301607655764e-17,2.21805341875707e-08,3.57506289068559e-07,3.82916665997843e-07,-1.4255894025827e-06,-8.45434411162445e-08,1.37468624086992e-09,-9.92477222158168e-17,-2.15289625612191e-16,9.76089673718325e-17,2.59707574206645e-08,-2.35124197691539e-08,-8.42448554266638e-06,-6.93791285869978e-09,3.14238956113744e-16,1.33542514077145e-16,-2.03699606797214e-16,9.14510570938776e-17,-4.10933219053952e-16,3.29802888387977e-08,-1.79858734399173e-16,-1.45452760476791e-16,-5.5177959041648e-07,-8.88963674378624e-17,-4.93944449862901e-07,4.54124212879726e-17,-5.61417751987874e-06,-3.2419374911679e-17,-6.77602113962951e-06,-9.24077882144054e-08,-8.14345084777127e-08,4.11148447064189e-17,2.95948193188463e-06,1.02838248651775e-16,4.48157839355547e-07,-7.10466018055943e-08,3.93123442152014e-10,-5.10338735478544e-16,2.16200460502158e-06,2.3581002961786e-16,-1.5531615759562e-07,-7.92782007010244e-08,1.11016362062614e-15,1.66033947404162e-16,-1.8417252607015e-16,1.82406505266034e-16,-1.20050510915397e-08,-3.57077310109484e-07,-7.96928912294722e-08,1.96022185569175e-17,8.99925939688427e-17,-8.14892570097709e-09,6.64683395667359e-08,1.43462227383215e-16,-9.19657603117236e-17,-1.32889525758537e-07,1.64716293448413e-17,-0.000141441918543315,-7.35515892779877e-18,2.33105333753852e-07,-2.64669521414175e-17,-1.91331221264523e-14,2.78239165120744e-17,8.98674794874865e-17,9.9042363572141e-17,-3.4851243290914e-16,4.47728921057822e-09,-3.13124101582384e-08,1.15727168016262e-17,-2.07972216901662e-08,8.74360477205566e-07,-2.37431997255357e-16,-7.86310055027277e-17,9.37857891198938e-17,2.64739647686062e-15,0.00143584696753486,1.23928279524414e-07,-1.69995443803538e-16,2.36392331583599e-17,-1.53110683177421e-07,-4.94928666096945e-08,-7.50717490286914e-10,-1.06194483910504e-16,1.25872108656331e-16,6.17070656598468e-17,9.53961359407858e-17,-9.29734272920359e-17,-2.1494953368526e-18,3.02268367000201e-06,-1.04598615626181e-06,-5.49495721070436e-07,3.13739440852422e-17,5.2576329932499e-18,6.88004674117407e-17,9.33530376299653e-17,3.3959996017121e-16,1.5842750878571e-16,-3.15486114096659e-17,6.91885111433356e-17,4.50198952659745e-17,6.58092415554179e-17,2.24090195649096e-16,6.68582526867917e-17,-1.99069077763696e-16,-1.42886947433722e-16,2.91658129237052e-09,4.56770337344889e-17,3.72363153158081e-16,-1.66675774275127e-16,4.12518891946253e-08,-4.65523261394068e-07,1.98995004846091e-16,-1.06432544404811e-09,3.76502740102561e-08,-1.13380325995366e-16,1.01456648087547e-15,-7.25084928986413e-08,3.91123802409972e-17,9.24409794187509e-10,2.59002081932492e-17,6.84174322949382e-17,2.25632122351247e-16,1.87517566081706e-16,8.43840911623296e-07,-1.23886326202312e-07,-2.58244499846608e-16,-9.73682472528574e-16,1.28704906702246e-16,-4.59785332302784e-16,2.86012533101676e-16,1.0067413539835e-17,2.52561563225896e-16,1.34177352582762e-16,1.47835713523291e-09,-9.43727452823378e-18,-1.4100151231607e-16,1.14951802307987e-16,-9.13147983880122e-17,1.35604389464487e-16,2.62114881404862e-15,-3.20905799945505e-07,-2.70893552612005e-17,-3.06584631502646e-17,2.17027978606709e-08,-1.76194519164434e-16,-1.61959128892467e-16,4.14586493823367e-17,-1.31234987203859e-16,1.81601765624644e-08,-2.41990750658305e-17,-0.00039288243864573,1.70771888577817e-17,5.5362801665285e-18,4.22378637987363e-17,-2.14052849067687e-16,-2.45543370608403e-17,6.18382182164121e-17,2.13765549302484e-08,-2.93593499392956e-16,-1.31194696834907e-16,2.70118181349286e-09,-2.67006128492953e-06,7.21659775236493e-17,4.59380128133381e-07,6.24279095893836e-07,-4.38391909479477e-17,-4.31335470916857e-17,-6.76024103859611e-17,2.26534091655603e-16,-4.60187917078221e-17,-1.04367032624613e-06,-1.96988027287242e-18,8.32865151618695e-17,-4.25147817518127e-16,4.1729130050607e-07,1.21411465452e-16,4.04696794299842e-17,2.43024633693357e-16,-4.01006269186427e-17,-1.89791048622653e-07,4.69803231975479e-17,5.59277451098769e-10,-7.61114840548345e-17,1.36696897729122e-16,-1.74513513674486e-16,1.28859565167624e-16,-1.87527924897447e-17,-3.47168689742199e-17,-9.31830458189817e-17,-9.67953230428348e-09,8.312044355389e-17,5.02952364532434e-17,4.06687504207581e-09,1.3841953949602e-16,2.32379795165496e-16,-2.80243140026166e-17,2.00199593005812e-17,4.68424788220521e-17,8.46442775180494e-17,-2.94254002192853e-08,3.41368815464313e-17,8.4964618420672e-17,8.75449384324201e-09,-5.31872335809629e-19,-1.18895482264815e-16,5.40107164764342e-17,-2.81718645093776e-16,-9.32165763552023e-17,-2.85942625288256e-17,7.32136641569316e-18,-1.16723485438249e-16,-5.16317512044854e-17,6.48771000933963e-17,2.44585555926383e-18,-4.57848922802973e-09,1.51768122815471e-08,3.87399659849031e-17,3.62085206338775e-17,-2.68813729513038e-17,2.12513090619305e-16,6.82180006927879e-16,1.34547107445027e-16,4.45967751850312e-17,2.68611792470467e-16,-1.4437925678554e-08,6.31460337490873e-17,-6.4827056197016e-17,-1.53651983259299e-16,-3.09015308122834e-16,1.67808479443316e-09,3.1117455230373e-17,-2.65626233338589e-10,-4.99240752278754e-17,-1.01283977782989e-17,-1.48448493383961e-16,-1.5945377833621e-16,-4.24367263252746e-17,1.43143677792294e-16,-1.20926242058214e-16,2.43066553253012e-16,1.45687050195138e-16,3.14763921155427e-17,-3.90728808654198e-17,4.86829579135922e-17,-3.8277900247247e-17,1.22662429917142e-16,-2.44547284449666e-16,2.59071028401053e-16,-2.53903807035199e-17,-7.06846707419314e-16,-2.9956969938328e-17,-1.45118512326022e-16,-5.27355936696949e-16,-1.73807748403155e-17,-1.28306803246189e-16,-3.02790919706954e-17,-3.7911689332555e-17,1.27647596349443e-08,-7.09318360478189e-18,-9.95736208431629e-17,1.02290942461551e-16,-1.66399896414331e-16,-1.77685546449233e-16,1.05517166868361e-16,-2.29499473450715e-17,3.80172871926273e-16,1.37052932371244e-16,6.85002468413834e-17,-6.04984812246911e-16,-1.07183364207568e-17,-3.79576372454021e-17,-1.08849443491127e-16,-2.20105293737646e-16,-3.67231997528575e-17,5.57652027857668e-17,-8.85377977093883e-06,-6.07104994789626e-17,-4.16066273652545e-17,-7.21917851311411e-17,-2.1898165572679e-16,1.44824061595335e-16,5.32906183088081e-17,1.5314391230619e-17,-2.94357381572077e-17,-1.53874837150897e-17,3.73317114849975e-09,-4.52900017642705e-17,9.61220958638112e-17,9.04287726178086e-19,1.38644768253026e-16,2.22869192630317e-17,-4.04241346341755e-16,-5.91901359062909e-17,4.62074067207738e-16,3.00961171528704e-17,3.4073624996107e-17,-2.80977090052831e-17,5.46265361876124e-17,-6.02473825993591e-17,1.73125651357633e-07,-2.5783164065428e-16,-5.18653711413426e-18,-6.15477603001894e-17,-1.00136912650761e-15,-5.13332033445737e-09,2.92704413628848e-16,-5.96794510392024e-17,1.1183964991735e-16,6.14976251588461e-16,1.26906657069145e-16,8.52824755097344e-18,2.42706186256546e-17,-2.33899917005058e-16,3.12364879400724e-18,-7.30015757635361e-17,-1.87388478857152e-16,-2.14690623005266e-17,6.2456186185176e-17,-4.47874695521101e-17,1.33968172855464e-16,6.03508793032466e-17,-2.39176832805103e-16
"t355",0.036224199024025,-0.0111295600336059,-0.0122216927418471,0.000768896570959154,0.00805319867181789,-0.0294759372763595,-0.00446517569918947,-1.62029912054365e-05,0.0395959431314361,-0.0013952491937015,0.00156037670867137,-0.000721559342598668,0.00185924297368351,0.000450363956934447,0.0179698579213014,-0.000722387963520739,-0.000601700535612744,8.87018628799655e-05,0.054444289250106,0.14211306648199,-9.35565567828538e-05,6.22348364671298e-05,-0.0174000942776731,-0.000447118948537457,2.51418742028614e-05,0.00122891273750617,-0.0122340931193357,-6.09605243663783e-05,-0.000426405193011123,0.00380675619068467,0.000700481260021013,-0.0163430729023235,-8.55847289160574e-06,0.00969183185430123,-0.0516153787683553,-1.0164919614807e-05,-2.82003783858454e-06,1.02698336906362e-05,0.00142264733670284,0.000436158932538588,9.77917175102057e-05,-0.00334156353155131,1.25723727282546e-05,-0.00085135055799362,3.90613501338021e-05,-2.23064910753284e-05,6.85631931244834e-06,-0.000143757040635407,0.159907433652544,0.0531645971685108,1.50415557115993e-05,-7.88065060595644e-07,-1.37381740882011e-08,1.16802820197826e-06,-0.00555260269032643,-5.87280307262661e-05,0.0469014455955124,2.25588348361292e-05,-0.000155960417934442,-2.44797262573769e-07,-3.67039426967215e-07,2.16140098470005e-05,-1.37358258232817e-05,1.04110959108339e-05,-0.000114893591025931,2.43644083192698e-06,-0.000291579709530331,5.36976534809616e-05,-1.31574081763977e-05,6.05741992050771e-05,-5.53313151288503e-07,1.46946452376194e-06,-4.97537952584442e-06,-2.76449717493435e-06,1.07686234036763e-06,-0.223177982560651,-2.06148728223443e-05,2.03456326781722e-06,-0.000527891773453568,-6.36195057740295e-05,3.92235895591639e-06,0.000303468188384471,-0.000419290083834737,-1.23610958985119e-05,0.00111023975158669,2.57129215638719e-05,-4.71744977180812e-06,-0.000738117373223833,-2.92451111869786e-08,4.10059102700158e-06,-4.96046928505553e-05,3.04417406386814e-08,2.11223584689371e-05,-1.92877726565562e-05,-4.49052377007054e-06,-5.477379506436e-06,-6.4511284875645e-07,4.06456183513646e-06,-5.05779837340871e-05,-0.00544863858692394,8.69319080535216e-06,-4.56889094766322e-08,7.27856931140011e-06,1.10626431702004e-05,-1.26830698260213e-05,3.6563553337295e-07,-0.000101710333983766,1.32006204673869e-07,-0.000152795790293297,4.49697784203704e-08,1.51699422285659e-06,3.05737515377655e-06,-9.48060624368527e-07,9.80091444515504e-07,-1.01610915906311e-06,1.14070198429391e-06,-0.000124749228913007,0.000127847253681361,-1.87659341177568e-05,6.63316556700454e-06,-3.79833187416957e-06,8.86298180977962e-06,-0.00517915371518786,0.00111056245150429,-6.1745789271578e-07,-5.421891420323e-06,5.82393100339446e-07,-1.63292881123859e-05,1.59162978261862e-05,0.000553652118870186,4.08267702572632e-06,-1.48663006528561e-05,1.1847780227157e-06,7.75193176832395e-05,-3.18217748114151e-08,2.1132643991361e-05,-0.00394260044676016,-1.14358329944108e-06,0.000818033045427056,0.000165928041362464,-2.56361291157845e-05,-1.16859289771285e-06,1.36284554269329e-05,8.87181547575372e-07,5.11867362830833e-09,-4.13284495713811e-06,-4.04473572233796e-07,1.56856690255849e-05,9.2292289239115e-07,-1.21112538932584e-07,-1.46506519954365e-07,-7.05686641763758e-05,-7.54769122283724e-08,1.68104488513683e-05,3.21159588874969e-08,0.000626941864860456,-6.0930796289862e-06,1.91632440067567e-05,0.356297282710007,-0.000123629560636085,-2.05997517453165e-05,2.61581142153912e-06,-0.000119651532252398,-1.47050831038017e-05,7.48969986900178e-06,-4.27617810700384e-06,0.000513206020966792,4.99391504973148e-05,0.000430957590005962,3.24135373962611e-06,-5.99403781381195e-06,-1.05776525832463e-06,1.23780259798878e-07,4.40145997966095e-05,7.67919431851462e-07,1.55784469833359e-06,6.81179430644899e-08,-2.5005886638973e-06,-0.000100968749249759,-1.11979886411766e-05,4.50972423265975e-05,1.21891423254723e-05,-2.55790855902594e-06,-1.02746079510817e-08,-3.16045548311164e-07,-1.37996163922909e-07,-0.00115840581006885,0.000723231843506989,0.00119110283623068,-5.03062755800572e-06,-4.27452914696465e-05,0.00111550778945464,3.72821975477706e-05,6.85367255427106e-09,8.54589537633019e-07,-0.363766635393499,0.000408664728952142,2.10381781490758e-06,-0.0104824209824815,-5.62927157413767e-06,-1.25113765090819e-05,-1.13692753175159e-05,1.436577542043e-07,2.53413060894109e-07,7.77856936417722e-05,2.47313875929845e-07,-1.08982735862822e-05,2.93626234819377e-08,-1.22500321993648e-05,-4.76523371404785e-09,-0.000119992980485453,-8.06476723589075e-07,-2.49626383342722e-06,-0.000601376366039431,3.22943565073199e-07,-7.9057585937193e-08,4.15062999201391e-08,2.72349426638099e-08,-8.18810846381995e-06,-3.59622146596103e-06,-1.66312676211319e-06,2.0393536522004e-06,4.51534675963682e-07,1.92629428256502e-06,-5.81510285810167e-06,-3.32659388912992e-07,-3.15291432458676e-05,-1.7893555219359e-07,-3.89173831358764e-05,-1.27093825393007e-05,6.87216696952381e-07,1.42271740593771e-07,4.33162845005603e-06,1.59778210276242e-06,-9.15965379999188e-07,-1.64678385203385e-08,-7.25051722114184e-06,2.29901306832439e-16,-6.83377555195091e-08,9.76025057055144e-07,-1.98453067190497e-07,-5.0961126771678e-07,-6.84888882674878e-06,9.47038727879335e-08,-1.3344963533461e-06,5.92989155143425e-07,-1.13775707930335e-06,7.28869456501112e-07,-1.48090096307429e-07,5.96517457952843e-05,-3.88658178894988e-08,4.27424950337612e-06,-3.63060581989113e-05,1.52483451404959e-08,-9.98302418595692e-10,4.75147583552748e-08,-4.46568508916934e-08,7.02757164188668e-07,1.78236039529602e-05,-3.37220532311144e-06,6.57575755427856e-07,-1.19384527848688e-05,1.39350024299166e-05,-8.41831566392011e-07,8.54725258307179e-06,-2.89040817795321e-06,1.12013231670035e-08,9.7454064676205e-05,4.73242652227789e-07,4.0496942073959e-05,1.02072912004025e-08,-3.12143654108723e-06,2.83163746616135e-07,-3.51578088102341e-07,5.5640601957881e-07,-1.07606760003042e-06,8.37351784309486e-07,-6.130148346798e-08,1.17912730509275e-05,-5.12892830579403e-08,8.43508404288124e-06,-1.69828428003905e-16,-2.07888694517042e-05,-2.06904577299144e-06,-2.21547597040324e-11,-1.95248090302693e-07,2.89554217204113e-07,-1.80294083190394e-07,-5.13194323931962e-08,6.29712431830097e-09,-2.82756460254636e-07,1.07074330597191e-05,3.88449881731438e-05,-4.94169082233106e-08,4.31997939913177e-05,-0.00301336788024393,4.7211386741303e-07,-2.05290262147997e-05,3.04491953085489e-07,5.32666451960864e-07,8.2238818413474e-09,2.33252787637555e-05,-3.15159338662581e-06,1.40071967955566e-08,-4.41792049337483e-06,5.21954962260236e-07,-1.90072457030133e-06,1.45398149028189e-06,0.000121495643595943,6.33364280776803e-07,-2.02783594480071e-07,-1.33851544212802e-06,1.37223433371457e-07,-6.41119313248803e-07,1.72099584008807e-05,7.26461862089433e-06,-3.35766649487486e-05,1.56111388813826e-16,1.58972924680882e-06,1.16816812159826e-06,-1.35055442936722e-06,0.00942718162933769,-6.11815651151763e-07,0.0378727951849953,-2.86455057808118e-05,8.5301441271238e-07,2.69363022667696e-06,3.46285315074056e-16,-4.73474434316321e-05,-3.88180188539726e-09,-1.71911953390804e-05,7.55017367616493e-08,1.53960616360007e-06,-1.0138431401739e-05,-1.86295221727256e-05,5.15903150681696e-06,-5.5602036616333e-07,3.76961856123174e-05,-1.26980842452242e-07,-1.24888124296846e-05,-1.69838185349729e-08,-2.73929875169773e-09,-0.00013704737783199,1.99769797562912e-07,-4.07304165128095e-05,-3.72208443116371e-15,-1.28652637667005e-06,1.05373238106464e-07,3.0381094417843e-09,3.09336913116557e-08,-4.8143684835269e-05,-0.000320931509640211,1.62348018870616e-06,-6.13005595924195e-06,-3.96391640048351e-06,-3.01165459005882e-15,-0.000802034523419009,-3.05661526232369e-07,-0.000158358178189684,2.4837452387894e-15,5.85188476406954e-05,9.62328281939687e-06,-1.7373913779353e-06,-0.00111600471050513,-0.355446880526668,0.000257323588434269,4.64380060631583e-05,-6.07216744514525e-05,-4.11499072844884e-06,-1.64378308895509e-07,-2.52014881923037e-05,-7.50450154279034e-07,-3.36705914159403e-15,1.74161130883623e-07,-5.98171976262924e-06,-2.21694696006287e-06,1.13614105550779e-05,-4.91434539919966e-16,1.60008673324142e-07,-2.07141125914238e-08,2.03753960268228e-06,2.73912016023599e-08,8.56931448439538e-05,-7.63040366533171e-08,8.10021791733398e-07,-2.47144768319032e-06,-6.30341814919147e-16,-4.99016349376099e-06,2.23145835188693e-08,-5.69992166663695e-08,-5.04001072358637e-06,6.51987674095579e-09,7.75665316228818e-09,-1.45716771982052e-16,1.43322870074358e-16,4.77110069779742e-09,3.41976343580909e-09,-4.20499945113602e-10,4.03096724550318e-05,5.26684351844577e-16,-1.56003251253727e-07,-2.9231604668529e-09,-4.0299808566571e-16,7.12450667532014e-17,-3.76668897352406e-16,7.15276601609271e-05,2.95665852578869e-08,-4.36167373153925e-08,1.502347921059e-06,2.16053669307675e-07,4.43767368408633e-08,-1.94628718173201e-08,-1.15999407021418e-16,-5.00212404257959e-09,1.47133865568582e-08,3.94373814781985e-16,-4.002670468897e-16,-1.07029028244751e-08,-5.94742981007569e-09,-6.76445100095544e-09,1.74733826541953e-06,7.09367353514269e-09,-2.66607558180498e-06,1.62878993811778e-16,-1.01467685730768e-07,-8.78982451829302e-16,-3.3765864527436e-06,9.33064389641025e-16,-8.35523270885309e-09,-5.50712095034853e-16,3.50392570006043e-08,9.2642379608075e-09,4.33595930088845e-07,6.04102740725005e-07,2.6815860707502e-08,-3.15480816956879e-09,2.05308856494837e-08,4.06979786837709e-08,0.000208195877576928,1.06619038276588e-07,7.00701740510159e-09,-2.13043468364612e-08,-0.000218387010205395,-2.77792980013494e-07,-9.3046613907557e-09,7.51527203822414e-17,9.15171068378901e-08,-1.61774204689567e-08,8.77006991792405e-09,-6.90677678628584e-17,1.53289868251479e-06,4.77354700098229e-07,1.53855273898526e-07,-3.59557013793523e-16,-3.74178450158913e-08,-1.97378727113216e-05,4.72218034597517e-16,-2.65434491023092e-08,6.15683277789406e-08,1.31273199324654e-16,-1.1584388153974e-16,-2.32143388862984e-09,-1.18150845837783e-05,-6.68871198394484e-08,-3.84511839907863e-05,2.85100551272191e-07,7.53183235045366e-09,7.7234140980379e-07,6.87155903244529e-08,-1.74069306494134e-06,-3.79470760369927e-16,3.22770768493226e-10,7.56276985931012e-06,6.05740628909984e-07,6.10789639912635e-06,-6.88143432001374e-16,-1.58207050393929e-16,8.74837694939955e-07,1.47263369470778e-16,-1.32538330058926e-16,9.20816833354e-08,-1.35921933951813e-07,-2.54492335526509e-08,-1.4367508809596e-07,6.56738406437961e-07,1.71591393011252e-07,2.19578396722982e-07,-3.0837619742784e-16,1.17413630948851e-06,5.10719505817418e-07,2.52363800617996e-07,-2.41669758481298e-08,9.61188296787078e-08,2.27701450918105e-16,-6.69854711887389e-16,2.87730933019838e-16,-8.29414221811066e-06,-4.09142229495045e-09,-2.65318596165788e-07,5.42157589626106e-16,-3.14991399620146e-09,4.08193747126181e-16,-1.85726272612953e-17,5.24111344020013e-07,-1.3125215704909e-07,5.05671893247239e-16,-1.08725005048947e-06,-1.4693630238361e-08,3.31689101036791e-16,3.33720018694413e-08,-2.56218931547595e-16,1.24387700701e-06,-1.83692262600736e-16,1.24116317240449e-06,1.02410776083049e-07,3.71084352792753e-09,3.6663416630291e-07,2.51965844825906e-06,-1.20508371758039e-08,3.72300347678434e-07,-6.4488793213859e-16,2.21773496043268e-07,-1.25275151395357e-08,-2.51665550297908e-16,-1.65217222754419e-09,-3.37334572334896e-08,7.85095295520582e-09,2.4866143552622e-16,2.53253481463775e-08,3.3532497666762e-08,1.18969291237301e-16,-9.31774722237724e-07,-7.07746967606046e-07,-9.68721267654972e-10,-6.37665590033272e-16,1.08744220477572e-16,1.74274304506661e-08,5.58900678989665e-07,4.52393177851365e-08,-7.04923621327779e-09,3.35564166214264e-07,6.47870355396842e-16,4.91138809717197e-16,1.22691562395521e-06,3.69201543674007e-09,2.92030349689433e-16,2.97479983118236e-06,1.27802960495945e-16,1.48244622988488e-08,-2.56139818166073e-07,-3.16203868962871e-06,-0.000123900435148453,-2.79241134499011e-16,-4.64758236897457e-16,1.47514658985422e-16,4.11483855013266e-16,-1.7016965665948e-09,-5.90753260369192e-09,1.9799694803094e-15,1.25947688827269e-15,-1.57804207280204e-15,8.337127299099e-09,7.50000863306701e-11,-4.14035540621874e-09,-5.84085656752852e-16,1.64457206533464e-15,-1.65015570652294e-16,-1.78995743636722e-07,5.47867722842427e-09,2.0430712370478e-17,9.63954646549301e-10,-2.52450574457185e-08,-1.44677287250304e-16,-1.30486261015583e-15,-1.81701566007088e-06,-1.7895659640674e-10,-9.01444415686566e-07,-1.92681697654697e-16,9.78697165178807e-09,1.58149642635716e-07,1.69989622826762e-07,-6.35896763310715e-07,-3.77593599166336e-08,6.1543294339056e-10,2.44182899238545e-16,1.35709871548227e-15,4.01502069996682e-16,1.17819896248276e-08,-1.066886440554e-08,-3.82899378743385e-06,-3.17955202387364e-09,-2.5360779389579e-15,2.34289648332354e-15,-3.62589970183628e-16,2.58609668265367e-15,-4.3790229625686e-15,1.52433774839519e-08,3.86445445169614e-15,1.96037371906632e-15,-2.55868881628597e-07,7.91826214693636e-15,-2.29089750024291e-07,1.17658945413605e-15,-2.60460039039657e-06,6.13027789110639e-16,-3.1613633624568e-06,-4.31703405630625e-08,-3.81209852788466e-08,5.3215521813572e-16,1.38882533965921e-06,-2.61788335126386e-16,2.11446221628515e-07,-3.37529867965736e-08,1.86814349505443e-10,-4.36559398793115e-15,1.03027685112781e-06,1.02873020985861e-15,-7.43354237510291e-08,-3.79510760217662e-08,0.707106781186547,-1.43287077743786e-14,2.19003947220778e-15,3.73798672316908e-14,-5.76728568288498e-09,-1.7170122554042e-07,-3.83617796458925e-08,1.33993871789568e-15,-6.094071517086e-15,-3.9427765414236e-09,3.21673210013085e-08,1.25861105972055e-14,2.98113753200091e-15,-6.47171780695227e-08,-2.85593202820603e-15,-6.89737464969785e-05,7.70237860139823e-15,1.14108326138708e-07,1.53473941467217e-16,-1.05202299694216e-14,1.41577906490783e-15,-9.76269937937463e-16,3.07695352810385e-15,-9.8368038155492e-16,2.2085059971311e-09,-1.54469557598149e-08,-8.81990857534021e-16,-1.02866412214392e-08,4.32946328513298e-07,8.26571835454117e-16,1.18332309209753e-15,3.71324683248205e-15,-6.4429094571141e-16,0.000714304684898969,6.17186085997712e-08,-1.18960583042467e-15,1.07132665053016e-15,-7.6343779613603e-08,-2.46819033845952e-08,-3.74577868226367e-10,5.63737666682838e-16,9.11452972902468e-16,2.69528220219145e-16,6.85822492105885e-16,3.29964626268199e-16,-9.19077127445609e-16,1.52100860052504e-06,-5.26749859955705e-07,-2.7693592812656e-07,3.95021774677398e-16,7.01197285607974e-16,6.77389266231529e-16,4.64911046290257e-16,-5.1633990851178e-16,1.81328901734946e-15,1.26144690072737e-16,4.72083539798273e-16,1.86196584843487e-16,-2.84243347708053e-16,1.40785054440032e-16,-1.76807192741154e-16,3.05564874604069e-16,1.76662799865211e-16,1.48887518576048e-09,4.18326537792933e-16,6.99053375190395e-16,-1.21278038027139e-16,2.10937053086119e-08,-2.38131711244058e-07,-5.26923650950873e-16,-5.44569642619896e-10,1.93033332094573e-08,-3.0884528057895e-16,-1.85469129455492e-16,-3.72690705178256e-08,9.70164273600118e-16,4.76601895622083e-10,-2.6361967641566e-16,-5.28979859546033e-16,-6.04945128673138e-16,3.54202054798471e-16,4.37147312607272e-07,-6.4199331405969e-08,-1.14695129218875e-15,1.35722892275726e-15,1.03030554302912e-16,-1.88230046589994e-15,1.06100024599431e-15,2.49063867748126e-16,2.51790607286243e-16,1.70631687861234e-16,7.78671341060894e-10,-1.65166226519136e-16,-5.64866405697659e-17,4.86011152514042e-16,-5.41061913720944e-16,-2.51927669202324e-16,1.92063221721448e-15,-1.69604578852684e-07,-1.80255168464874e-17,1.05533303753646e-16,1.14775129980991e-08,-2.98907228607414e-16,8.34805371645251e-16,-3.12530418757323e-16,2.12423811865916e-16,9.67419087763325e-09,-8.39250568695823e-17,-0.000209564489567374,-3.22297903271868e-17,7.09008811055665e-17,2.52045019824877e-16,-6.66754689925431e-16,6.95821731818817e-16,2.85517731747832e-16,1.14322278487085e-08,-2.43810125069559e-16,-2.81970870932758e-17,1.44748977614794e-09,-1.43095654497945e-06,-4.2115178580018e-16,2.46616268845761e-07,3.35321306011734e-07,6.48111911800213e-16,1.84292239596962e-16,1.08905005865898e-16,-3.3290612372382e-16,-2.36865312573749e-16,-5.65007705154177e-07,1.4986483027069e-16,-2.0891090960953e-16,-2.47750551122194e-16,2.26358918504968e-07,-2.13573214146657e-16,-5.72783431339159e-16,3.34580127435728e-16,1.96924704081897e-17,-1.03222512881828e-07,-2.69136157658971e-16,3.04422527712395e-10,4.15800024453158e-16,-1.63045615866543e-16,-4.92752004412855e-18,4.75041541085733e-16,2.13763751639117e-16,-4.26512701967046e-16,3.17834254863543e-17,-5.29112566326451e-09,1.8004084331228e-16,1.48606384161691e-16,2.22540525978443e-09,-2.11927308120425e-16,-5.87391893051114e-17,1.41004337951344e-16,7.19525179253154e-17,-3.59108372669894e-16,-6.08169024687367e-17,-1.61543990917989e-08,-5.05606156101243e-16,9.61692036486568e-18,4.81317806731536e-09,-1.29271572309948e-16,2.25446171989525e-17,3.0651061366989e-16,5.8853720718575e-16,9.39002800954292e-17,1.10804669940721e-16,-1.75789669196388e-16,2.52684321672936e-16,3.69034201367747e-16,4.13920346182494e-17,-1.02679861660542e-16,-2.5306842417146e-09,8.39406769993318e-09,-9.70547984653094e-17,-5.08136959007243e-16,-2.4183263144241e-16,3.27297774058887e-16,5.23019128007007e-16,-6.93841294834844e-17,2.02417090472727e-16,2.84282427104515e-16,-8.01180538929757e-09,1.54149714343515e-16,9.51228973213884e-17,2.15879923214122e-16,-3.38487116565755e-16,9.33787946809115e-10,1.72871393812936e-17,-1.48271831226782e-10,-7.85057467275358e-17,2.0066587527531e-17,4.6927352430547e-17,-9.08652816485777e-17,2.22675599617379e-17,-3.09326100778037e-16,6.66345853692175e-17,1.37826953060754e-16,-2.59630064849142e-17,2.71595787409519e-17,-4.65010113058425e-17,-1.08686550495222e-16,-2.66962100479225e-17,2.38834422319474e-17,1.78046394617751e-16,2.8200223443086e-16,1.40240370767852e-16,-4.09913901679547e-16,-1.66496013385657e-16,1.7765181384414e-16,6.67868538251071e-17,1.23800762820845e-17,-1.09180889000964e-16,-7.16926156194747e-17,1.30783517783562e-16,7.20589966472833e-09,8.87319195709975e-16,2.43926590440361e-16,-1.17538252432476e-16,2.06491910342561e-16,4.55011531518339e-17,3.70035450828594e-17,-7.92945306170627e-16,-2.09096100376686e-16,-9.49073152936378e-17,7.05960126244802e-17,-3.78169717762944e-16,1.02081604860411e-16,6.52956163679072e-17,-1.49755791339373e-16,1.62191393405342e-16,-2.1179060183497e-16,-5.89670914955275e-17,-5.03525345197162e-06,2.06800324640123e-16,-3.95554046154196e-17,-1.06842295390805e-16,-8.0177509157831e-17,-5.12788996293103e-17,1.0042155800778e-16,1.89206624617468e-16,1.56343463406339e-17,-3.40550700522401e-17,2.13903053687542e-09,1.66674881295757e-16,-1.27273787888317e-16,-6.38398263435321e-17,1.0315079209936e-16,1.11703321918589e-16,2.23765040341379e-16,-4.93868917707512e-17,-1.62968009882648e-16,-1.17040378322401e-16,-4.19165498963733e-16,8.34500235925604e-17,1.94895057595909e-16,7.04973654938829e-17,9.99285670541423e-08,1.42803526957621e-18,-7.14325840091403e-17,3.51075878924529e-17,1.85615411929518e-16,-2.97295496663939e-09,-1.42311145028373e-16,-1.12508573391593e-16,-7.06025374419092e-17,-7.84228595007852e-17,9.59286606325784e-17,4.19272362342047e-17,4.2563888911387e-17,-3.48281136600907e-16,-1.42348179864811e-16,1.70008341046047e-16,-2.81262445646974e-16,6.25946491748997e-17,-6.99523838326234e-19,-1.55176105638518e-16,1.24885300135863e-17,-1.37938011953308e-16,-3.41891106025811e-16
"t356",0.036224199024025,-0.0111295600336059,-0.0122216927418471,0.000768896570959157,0.0080531986718179,-0.0294759372763595,-0.00446517569918947,-1.6202991205435e-05,0.0395959431314361,-0.0013952491937015,0.00156037670867136,-0.000721559342598673,0.00185924297368351,0.000450363956934442,0.0179698579213014,-0.000722387963520739,-0.000601700535612749,8.8701862879962e-05,0.054444289250106,0.14211306648199,-9.35565567828555e-05,6.22348364671258e-05,-0.0174000942776731,-0.000447118948537464,2.51418742028475e-05,0.00122891273750617,-0.0122340931193357,-6.09605243663701e-05,-0.000426405193011135,0.00380675619068466,0.000700481260021012,-0.0163430729023235,-8.55847289160834e-06,0.00969183185430124,-0.0516153787683553,-1.01649196148295e-05,-2.82003783858692e-06,1.02698336906812e-05,0.00142264733670289,0.000436158932538425,9.77917175102253e-05,-0.00334156353155117,1.25723727282674e-05,-0.000851350557993587,3.90613501337952e-05,-2.23064910753563e-05,6.85631931246242e-06,-0.000143757040635404,0.159907433652544,0.0531645971685108,1.50415557116292e-05,-7.880650605851e-07,-1.37381740897711e-08,1.16802820198519e-06,-0.00555260269032636,-5.8728030726258e-05,0.0469014455955123,2.25588348361808e-05,-0.000155960417934356,-2.44797262581738e-07,-3.67039426961324e-07,2.1614009846988e-05,-1.37358258232016e-05,1.04110959108925e-05,-0.000114893591025984,2.43644083193378e-06,-0.000291579709530307,5.36976534809025e-05,-1.31574081764778e-05,6.0574199205137e-05,-5.5331315120259e-07,1.46946452381051e-06,-4.97537952584226e-06,-2.7644971749801e-06,1.07686234039823e-06,-0.223177982560651,-2.06148728223174e-05,2.03456326781479e-06,-0.000527891773453552,-6.36195057740076e-05,3.92235895593359e-06,0.000303468188384386,-0.000419290083834711,-1.23610958985397e-05,0.00111023975158697,2.57129215639226e-05,-4.71744977182309e-06,-0.000738117373223813,-2.92451111456705e-08,4.10059102705015e-06,-4.9604692850569e-05,3.04417407635815e-08,2.11223584689762e-05,-1.92877726565697e-05,-4.49052377007635e-06,-5.47737950652182e-06,-6.45112848747546e-07,4.06456183506943e-06,-5.0577983734093e-05,-0.00544863858692399,8.69319080538687e-06,-4.56889095008194e-08,7.27856931149373e-06,1.10626431701848e-05,-1.26830698260229e-05,3.65635533332068e-07,-0.000101710333983817,1.32006204705019e-07,-0.000152795790293302,4.49697783895791e-08,1.51699422286113e-06,3.05737515377545e-06,-9.48060624317171e-07,9.80091444531466e-07,-1.01610915906588e-06,1.14070198424071e-06,-0.000124749228913021,0.000127847253681323,-1.8765934117809e-05,6.63316556696615e-06,-3.79833187408387e-06,8.86298180975695e-06,-0.00517915371518793,0.00111056245150429,-6.17457892743319e-07,-5.42189142037331e-06,5.82393100365466e-07,-1.63292881123879e-05,1.59162978261409e-05,0.000553652118870264,4.08267702577797e-06,-1.48663006529312e-05,1.18477802285426e-06,7.75193176831756e-05,-3.18217749847337e-08,2.11326439913248e-05,-0.00394260044676021,-1.14358329960031e-06,0.000818033045427064,0.00016592804136236,-2.56361291152864e-05,-1.16859289778865e-06,1.36284554268712e-05,8.87181547550067e-07,5.11867362043431e-09,-4.13284495705792e-06,-4.04473572208234e-07,1.56856690255743e-05,9.22922892759721e-07,-1.21112538797872e-07,-1.46506519995999e-07,-7.05686641760449e-05,-7.54769123469232e-08,1.68104488513288e-05,3.21159588463912e-08,0.000626941864860528,-6.09307962902312e-06,1.9163244006846e-05,0.356297282710006,-0.000123629560636105,-2.0599751745438e-05,2.61581142152638e-06,-0.000119651532252386,-1.47050831037294e-05,7.4896998688579e-06,-4.27617810679895e-06,0.000513206020966787,4.99391504973894e-05,0.000430957590006047,3.24135373943385e-06,-5.99403781387368e-06,-1.05776525841663e-06,1.23780259848396e-07,4.40145997965707e-05,7.67919431604681e-07,1.55784469833696e-06,6.81179431187652e-08,-2.50058866396402e-06,-0.000100968749249678,-1.11979886415503e-05,4.50972423265758e-05,1.21891423253623e-05,-2.55790855906652e-06,-1.02746079380695e-08,-3.16045548386133e-07,-1.37996163856038e-07,-0.00115840581006886,0.000723231843506961,0.00119110283623073,-5.0306275578139e-06,-4.27452914693435e-05,0.00111550778945444,3.72821975478953e-05,6.85367260093091e-09,8.54589537448929e-07,-0.363766635393498,0.000408664728952133,2.10381781481027e-06,-0.0104824209824817,-5.62927157407493e-06,-1.25113765089584e-05,-1.13692753172401e-05,1.43657754241169e-07,2.53413061090842e-07,7.77856936416774e-05,2.47313875737805e-07,-1.0898273586202e-05,2.93626235166322e-08,-1.22500321992741e-05,-4.76523367150583e-09,-0.000119992980485327,-8.06476723686033e-07,-2.49626383342694e-06,-0.000601376366039506,3.22943565119262e-07,-7.90575858701376e-08,4.15062998147968e-08,2.72349425509872e-08,-8.18810846397382e-06,-3.59622146616322e-06,-1.66312676200831e-06,2.03935365193214e-06,4.51534675819537e-07,1.92629428287547e-06,-5.81510285801304e-06,-3.32659388700907e-07,-3.15291432458287e-05,-1.78935552287201e-07,-3.89173831360941e-05,-1.27093825391944e-05,6.8721669718645e-07,1.42271740536805e-07,4.331628450029e-06,1.59778210270932e-06,-9.15965380070356e-07,-1.64678382921579e-08,-7.25051722102831e-06,3.14392392957077e-17,-6.83377554570095e-08,9.76025057101981e-07,-1.98453067162209e-07,-5.09611267857579e-07,-6.84888882672984e-06,9.4703872987874e-08,-1.33449635330769e-06,5.9298915443315e-07,-1.13775707929162e-06,7.28869456843692e-07,-1.48090096349152e-07,5.96517457951976e-05,-3.88658177759799e-08,4.27424950327496e-06,-3.63060581988854e-05,1.52483454359969e-08,-9.98302526365388e-10,4.75147583810378e-08,-4.4656850935664e-08,7.02757164214577e-07,1.78236039530271e-05,-3.37220532316499e-06,6.57575755530322e-07,-1.19384527850672e-05,1.39350024300258e-05,-8.41831566238567e-07,8.54725258311653e-06,-2.89040817784138e-06,1.120132305593e-08,9.74540646760844e-05,4.73242652337811e-07,4.04969420738512e-05,1.02072913698177e-08,-3.12143654095288e-06,2.83163746856669e-07,-3.51578087707909e-07,5.56406019496383e-07,-1.0760675996937e-06,8.37351783834487e-07,-6.13014834389736e-08,1.17912730512154e-05,-5.1289283171626e-08,8.43508404280645e-06,-5.91268581694937e-18,-2.07888694518415e-05,-2.0690457729761e-06,-2.21547488717748e-11,-1.95248090279159e-07,2.89554217147107e-07,-1.8029408330897e-07,-5.1319432259749e-08,6.29712446959072e-09,-2.82756460464078e-07,1.07074330600352e-05,3.8844988172945e-05,-4.94169081484527e-08,4.31997939915565e-05,-0.00301336788024361,4.72113867244486e-07,-2.05290262149661e-05,3.04491953083755e-07,5.3266645190835e-07,8.22388166197499e-09,2.33252787632366e-05,-3.15159338674162e-06,1.40071971227581e-08,-4.41792049341674e-06,5.21954962331313e-07,-1.90072457025593e-06,1.45398149019496e-06,0.000121495643595514,6.33364280359672e-07,-2.02783594124625e-07,-1.33851544225093e-06,1.37223433446122e-07,-6.41119313196248e-07,1.72099584002903e-05,7.26461862077036e-06,-3.35766649490337e-05,1.62997704497526e-16,1.58972924731599e-06,1.1681681213635e-06,-1.35055442965605e-06,0.00942718162933759,-6.11815651020166e-07,0.037872795184996,-2.86455057807246e-05,8.53014412592706e-07,2.6936302266176e-06,3.01168729622484e-16,-4.73474434311391e-05,-3.88180217327105e-09,-1.71911953393823e-05,7.55017366817382e-08,1.53960616387704e-06,-1.01384314015603e-05,-1.86295221728488e-05,5.15903150702955e-06,-5.56020366537347e-07,3.7696185612278e-05,-1.26980841808042e-07,-1.24888124297653e-05,-1.69838187771793e-08,-2.73929874020518e-09,-0.000137047377831548,1.9976979727104e-07,-4.07304165128671e-05,-3.73422234707539e-15,-1.28652637694081e-06,1.05373238068734e-07,3.03810937596757e-09,3.0933691785721e-08,-4.81436848352885e-05,-0.000320931509640103,1.62348018879939e-06,-6.13005595880866e-06,-3.96391640065126e-06,-3.30803716108554e-15,-0.000802034523418761,-3.05661526219788e-07,-0.000158358178189735,2.41216728450568e-15,5.85188476408754e-05,9.62328281932421e-06,-1.73739137806344e-06,-0.00111600471050556,-0.355446880526665,0.000257323588434027,4.64380060632913e-05,-6.0721674451261e-05,-4.11499072801168e-06,-1.64378308873274e-07,-2.52014881922282e-05,-7.50450153732888e-07,-3.74012245047999e-15,1.74161130483675e-07,-5.98171976269353e-06,-2.21694696017636e-06,1.13614105552421e-05,-8.45992350663341e-16,1.60008673458746e-07,-2.07141122384076e-08,2.03753960270979e-06,2.73912044427198e-08,8.56931448435206e-05,-7.63040364976047e-08,8.10021791532937e-07,-2.47144768279767e-06,-6.39460424661273e-16,-4.99016349392276e-06,2.23145840169518e-08,-5.69992167902254e-08,-5.04001072349996e-06,6.5198767510088e-09,7.75665362866111e-09,-1.13103970633688e-15,8.05512481100684e-18,4.77110012269467e-09,3.41976314204451e-09,-4.20500016491163e-10,4.03096724560596e-05,2.17970040069611e-16,-1.56003251321397e-07,-2.92316076085632e-09,-3.37566788532584e-16,2.37401570333485e-17,-3.53721026545548e-16,7.15276601612129e-05,2.95665853889699e-08,-4.36167378442669e-08,1.50234792079632e-06,2.16053669477112e-07,4.43767365163353e-08,-1.94628723780834e-08,-1.69673968691725e-16,-5.00212427280546e-09,1.47133861435074e-08,-4.89130689067933e-16,-1.11364328997091e-16,-1.07029028681913e-08,-5.94742960682035e-09,-6.76445106724763e-09,1.74733826519212e-06,7.09367480666461e-09,-2.66607558127958e-06,-1.84445172144068e-16,-1.01467685833793e-07,-2.2346814025872e-16,-3.3765864532085e-06,2.99673480474993e-16,-8.35523333312061e-09,4.86944904595913e-17,3.50392570675846e-08,9.26423791728682e-09,4.33595930262737e-07,6.04102741124821e-07,2.68158604900909e-08,-3.15480816519217e-09,2.05308858165466e-08,4.06979788833444e-08,0.000208195877577037,1.06619038654011e-07,7.00701701000985e-09,-2.13043467766176e-08,-0.000218387010204653,-2.77792979924201e-07,-9.30466125232892e-09,-1.37088549237296e-16,9.15171065128936e-08,-1.61774204415174e-08,8.77006993280795e-09,1.32050939729714e-16,1.53289868287325e-06,4.77354699691934e-07,1.53855274112068e-07,2.43650880515322e-16,-3.74178444537831e-08,-1.97378727111541e-05,3.12597322381855e-16,-2.65434488811063e-08,6.15683278905213e-08,-5.31485244628395e-16,-2.04276642296268e-17,-2.32143395779169e-09,-1.18150845839886e-05,-6.68871196815378e-08,-3.84511839905109e-05,2.85100551470491e-07,7.53183263423337e-09,7.72341409335337e-07,6.87155902969354e-08,-1.74069306485296e-06,9.29378102254574e-16,3.22770324972325e-10,7.56276986058699e-06,6.05740629404064e-07,6.10789639895323e-06,-4.98519865623454e-16,2.31827015519616e-16,8.7483769462994e-07,2.47873797223046e-17,-4.17220525176303e-17,9.20816834481659e-08,-1.35921933813755e-07,-2.54492343634678e-08,-1.43675087601924e-07,6.56738405661633e-07,1.71591393470892e-07,2.19578397855808e-07,2.96104498360912e-18,1.17413630914118e-06,5.1071950550767e-07,2.52363800131215e-07,-2.41669754629757e-08,9.61188291375732e-08,7.69167377278071e-17,4.70451748037659e-16,-1.04580763496125e-16,-8.29414221777819e-06,-4.0914220870115e-09,-2.65318596520531e-07,-6.78282263274108e-16,-3.14991376311937e-09,-4.57717870456546e-16,4.83002917670438e-17,5.24111344003022e-07,-1.31252157943012e-07,-2.68014777038417e-16,-1.08725005028164e-06,-1.46936303740224e-08,-1.72549612463866e-16,3.33720039321289e-08,2.61146557349391e-16,1.24387700749627e-06,-1.22962547143013e-16,1.2411631723081e-06,1.02410776467135e-07,3.71084352706975e-09,3.66634165521771e-07,2.51965844915686e-06,-1.20508376365899e-08,3.72300347592635e-07,6.85237462767002e-16,2.21773496642362e-07,-1.25275146140117e-08,1.06411830266485e-16,-1.65217237815617e-09,-3.37334574201083e-08,7.85095369622929e-09,-4.68015865257792e-16,2.53253478417286e-08,3.35324962195066e-08,-9.25892893189102e-17,-9.31774722332121e-07,-7.07746968236036e-07,-9.68721549363775e-10,3.66711177947932e-16,-3.03531095385664e-16,1.7427430816308e-08,5.58900679834903e-07,4.52393168034283e-08,-7.04923523635483e-09,3.35564167605795e-07,-6.92197292784289e-16,-6.75652247834015e-16,1.22691562416436e-06,3.69201556929606e-09,3.61664894682725e-16,2.97479983101137e-06,-6.80275807981433e-17,1.48244637809335e-08,-2.56139818829778e-07,-3.16203869294625e-06,-0.000123900435146859,3.24463322151857e-16,5.42482023735564e-16,-5.55699181125043e-16,-3.52265844763255e-16,-1.70169649155175e-09,-5.90753271132503e-09,-1.74609810263687e-15,-9.67580047423834e-16,1.47482538376576e-15,8.33712661166125e-09,7.49997277371522e-11,-4.14035464748421e-09,5.49726363642373e-16,-1.11857138135329e-15,3.07262895682392e-16,-1.78995740625087e-07,5.47867851734229e-09,-1.09307121338985e-16,9.63950379709255e-10,-2.52450586695256e-08,7.85686918345954e-18,1.19418203496233e-15,-1.81701566133261e-06,-1.78954666068252e-10,-9.01444417866688e-07,2.50372068565338e-17,9.78697176460436e-09,1.58149641893443e-07,1.69989624629529e-07,-6.35896763072572e-07,-3.77593614540377e-08,6.15427319835084e-10,-9.70971884619736e-17,-1.45996361859712e-15,-7.08016478867335e-16,1.17819897233012e-08,-1.06688652425157e-08,-3.82899378671186e-06,-3.17955212601811e-09,2.51322606709422e-15,-2.48065405525205e-15,6.5046375383349e-16,-2.64056464203647e-15,4.15750041969601e-15,1.5243382430974e-08,-3.78440714760174e-15,-1.75197884697688e-15,-2.55868873881907e-07,-7.86467394981314e-15,-2.29089750576238e-07,-1.23209336183747e-15,-2.60460039367224e-06,-5.78249631538994e-16,-3.16136335465851e-06,-4.31703379293868e-08,-3.81209971598497e-08,-5.86941681305589e-16,1.38882534164412e-06,1.99289823933506e-16,2.11446223002585e-07,-3.37529924534256e-08,1.8682846122198e-10,4.64729808654046e-15,1.0302768268953e-06,-1.38282619827293e-15,-7.43352327960379e-08,-3.79510952829337e-08,-0.707106781186547,1.4132725715378e-14,-1.93670095199973e-15,-3.74976617671516e-14,-5.76727705302132e-09,-1.71701231444553e-07,-3.83617945673609e-08,-1.29693626247474e-15,6.06348210499346e-15,-3.94277845345246e-09,3.2167315358253e-08,-1.29256566136625e-14,-2.97817688344951e-15,-6.47171830549733e-08,2.78585870583815e-15,-6.89737465054104e-05,-7.65215574864377e-15,1.14108331408612e-07,-1.40827245431863e-16,-8.28934034463452e-15,-1.44542389347154e-15,1.029048558213e-15,-3.156655985702e-15,9.04078231068366e-16,2.2085055244685e-09,-1.54469536019934e-08,8.59940035616665e-16,-1.02866449890467e-08,4.32946328826389e-07,-5.47271622367449e-16,-1.18246922096548e-15,-3.67853397386696e-15,3.08808298571064e-15,0.000714304684903392,6.17186121638542e-08,1.28325507736124e-15,-1.13112747414204e-15,-7.63437795134595e-08,-2.46819032122393e-08,-3.7457663014953e-10,-6.27597534729997e-16,-9.56997066868421e-16,-3.76769828748952e-16,-8.09832773808445e-16,-1.17592203684239e-16,9.08807220500727e-16,1.52100860088491e-06,-5.26749863599242e-07,-2.76935931000922e-07,-4.00032763503708e-16,-7.00114780437809e-16,-6.56849415110209e-16,-5.0732615495882e-16,2.20585337608354e-16,-1.88295942299913e-15,-7.75738371883983e-17,-5.5847881502222e-16,-1.1100712988875e-16,2.8104789926871e-16,-4.38348777622234e-16,1.07860369315064e-16,-8.06190911942559e-17,-3.93859841161687e-17,1.4888745578962e-09,-3.33503196563367e-16,-9.71919016859872e-16,2.16434534586411e-16,2.10937039470172e-08,-2.38131711758703e-07,4.18366883273845e-16,-5.44570478333757e-10,1.93033358807518e-08,4.10515436953301e-16,1.01050773426337e-15,-3.72690715813417e-08,-1.01035284392768e-15,4.76601215111849e-10,1.13374693860082e-16,4.78800770919981e-16,4.59485097950217e-16,-5.9088089270631e-16,4.37147312062244e-07,-6.41993312137533e-08,1.20991451790686e-15,-9.80959350694294e-16,-2.36153842805946e-16,1.46713885820341e-15,-6.97141996908179e-16,-2.75214429443199e-16,-4.12491115815835e-16,-2.27273469836001e-16,7.78672153635072e-10,1.53728812409836e-16,1.47513285569417e-16,-6.32300658713052e-16,5.08361350177543e-16,4.21772466384519e-17,-1.82176263166234e-15,-1.69604579253519e-07,3.61830399819193e-17,-1.2435174542505e-16,1.14775131995402e-08,4.36635572827308e-16,-6.47257555852213e-16,2.59194429598419e-16,6.62398622290648e-17,9.67419063939645e-09,1.02709972553404e-16,-0.000209564489568651,1.15855027619361e-16,-1.24481519749426e-16,-1.49453716817806e-16,8.00886592287886e-16,-6.54750333739356e-16,8.63768645677741e-17,1.14322283607874e-08,1.04483254398866e-16,-9.11320519699069e-17,1.44748887592037e-09,-1.43095654445636e-06,3.87703469691883e-16,2.46616269526435e-07,3.35321306027618e-07,-5.033634030602e-16,-1.70499346796116e-16,4.26393433051641e-17,1.01534037280774e-16,3.93978325602372e-16,-5.65007704407124e-07,-2.09884550425174e-17,1.9594862637157e-17,5.22994748557759e-16,2.26358918728974e-07,2.17842488127087e-16,5.18670738923681e-16,-2.82147110893937e-16,1.91584479523654e-17,-1.03222512708958e-07,1.05721248134466e-16,3.0442250848992e-10,-3.82979745881713e-16,1.2259709404239e-17,3.02987574294893e-16,-5.58351495446746e-16,-2.45133512120912e-16,5.09203087550451e-16,-8.61432907757966e-18,-5.29112542294633e-09,-1.90635144173291e-16,-7.57792061102012e-17,2.22540482180468e-09,-1.95230059423389e-17,-1.30156293454719e-16,-3.51487694388113e-16,-1.34021461631331e-16,2.59645245652554e-16,-2.98659182704132e-17,-1.61543991478393e-08,4.8834655604023e-16,-1.07728836483302e-16,4.81317790877588e-09,1.55713564154686e-16,6.276518005628e-17,-5.69649012177856e-16,-1.44361213974943e-16,-6.54756399515112e-17,-2.63719144822557e-17,1.85549928426543e-16,-2.25686052873533e-16,-4.17117397473982e-16,-9.19371186213507e-17,1.23906830265113e-16,-2.53068445804074e-09,8.39406815803872e-09,9.22719771968682e-17,5.47762558394543e-16,2.33180842010923e-16,-4.61073770889061e-16,-3.89879101225787e-16,3.37256296847673e-17,-2.24980820202553e-16,-4.29930420093548e-16,-8.01180526743729e-09,-2.32676792777873e-16,-4.71641242341684e-17,-1.4012128871633e-16,6.67488487638614e-16,9.33788185257185e-10,1.19843595776116e-16,-1.48271649544006e-10,8.02334200375453e-17,-2.54157239939159e-17,-4.30068207617802e-17,2.22596678061525e-16,3.08162044739758e-17,2.64695002802652e-16,8.10112340849998e-17,-2.41262093460024e-16,-5.19157212895724e-17,-9.26914448391433e-17,1.35952254322985e-16,3.43999482815022e-17,1.32871827211584e-16,-1.42970822991079e-16,5.51256538449626e-17,-8.49600799104604e-17,-8.74569686328225e-17,7.04117478863693e-16,1.27279032040373e-16,-9.72546364186759e-17,4.86589935011494e-16,-2.84072791348672e-17,-9.08192342623948e-18,8.00566235214583e-17,-8.72189725987843e-17,7.20589966411242e-09,-8.27074330748814e-16,-2.05583630272118e-16,6.3601095439612e-17,-3.33116715073552e-16,1.10657586141792e-16,-9.66509790368529e-17,9.81297299744998e-16,-4.830361379165e-17,4.97468700355376e-18,-1.5574971042816e-16,1.99493199737333e-16,-1.16824019465686e-16,-6.86037193721952e-17,1.88636448180952e-16,-2.00332719936839e-16,2.9859695707956e-16,-1.268838181326e-17,-5.03525345240064e-06,-1.93820265112938e-16,-5.02790408645334e-17,9.280835824205e-17,1.97021825302753e-16,1.60155369076771e-16,-1.57811516952766e-16,-1.46677838275823e-16,-2.45237913858528e-16,2.40086253425055e-17,2.1390305703649e-09,2.94285476997303e-16,1.49444453188937e-16,3.34581598047683e-17,-2.24473846954036e-16,-1.41873867850244e-16,-3.53488585465347e-17,7.65599770560361e-17,5.49176998823547e-16,3.5253236750477e-17,3.71299163251788e-16,-1.16099968386432e-16,-1.34533791545404e-16,-2.71099624725522e-17,9.99285672435695e-08,2.44167045444959e-16,5.61780604699177e-17,4.75436358713504e-17,-9.4542429440736e-16,-2.97295503422761e-09,-1.17738687356519e-16,1.18248261861435e-16,6.09434276528134e-17,-2.84152241874782e-16,-2.56329670065349e-16,1.03328567269727e-17,2.30267900652625e-16,2.58909726464694e-16,9.55165164441451e-17,-1.24495627212151e-16,1.95379850619179e-17,1.0480357771917e-17,-1.11417049038566e-17,-1.11374921573296e-16,-1.0283342336271e-16,2.62608126244145e-16,9.26626298166549e-17
"t110",0.0361949461874171,-0.011110579798479,-0.0122001731222498,0.000767079568949072,0.00802986961550252,-0.02937564424055,-0.00444968210390932,-1.61422593933782e-05,0.0394203945607423,-0.00138773277362701,0.00154967798787686,-0.000715442334756464,0.00184301152789988,0.00044637155550689,0.0178034743583128,-0.000715296172994634,-0.000595649394875569,8.77932861471703e-05,0.0538734066843301,0.140490962618975,-9.23991206809661e-05,6.13002326781042e-05,-0.0171236206862895,-0.000439972550215603,2.4738387287452e-05,0.0012082144481982,-0.0120255057821453,-5.99114728641705e-05,-0.000418862523948169,0.00372664912509418,0.000684711295719154,-0.0159574838631904,-8.34110748597263e-06,0.00943328138648429,-0.0501634825173703,-9.8545085146598e-06,-2.73274928557388e-06,9.946526375841e-06,0.00137753334709915,0.000422106326098542,9.45433258174968e-05,-0.00322765855737586,1.21369014425938e-05,-0.000821823275382667,3.76809728988015e-05,-2.14633625545043e-05,6.5919274046483e-06,-0.000138161522754737,0.153520170299159,0.0509816984072816,1.44012973758676e-05,-7.53960758420898e-07,-1.31422072666584e-08,1.11631635660997e-06,-0.00529694501515852,-5.60081487747693e-05,0.0444958998065286,2.13703080964868e-05,-0.000147717426652109,-2.31002856798136e-07,-3.45362400261205e-07,2.03080660679547e-05,-1.28905870398626e-05,9.76751015507026e-06,-0.000107548887571086,2.27600734727158e-06,-0.000271118090770844,4.98228147948704e-05,-1.21957637900424e-05,5.60448339529864e-05,-5.06854768109783e-07,1.33529811447656e-06,-4.51535390218071e-06,-2.50221731181764e-06,9.74367259914219e-07,-0.201700365413972,-1.86222917158171e-05,1.83365997482228e-06,-0.000473224369836706,-5.6905161525852e-05,3.49493065361324e-06,0.000270170198454523,-0.000370938456018435,-1.09143949269841e-05,0.000971926492541869,2.24553570906186e-05,-4.10962312739818e-06,-0.000642754041539004,-2.54640112675574e-08,3.56947778396358e-06,-4.31386194351137e-05,2.62294934730289e-08,1.81837680104675e-05,-1.65054124901722e-05,-3.80170020598363e-06,-4.62944285739179e-06,-5.45202180978122e-07,3.42032002227974e-06,-4.24923054360804e-05,-0.00454910717924787,7.22016186383901e-06,-3.79292092389956e-08,6.03917972511811e-06,8.94864646956964e-06,-1.02386131221602e-05,2.94694784868885e-07,-8.17418782677171e-05,1.06004313425913e-07,-0.000122522771174677,3.59810711672397e-08,1.21290020086644e-06,2.43396868960463e-06,-7.54355725971742e-07,7.70718443255394e-07,-7.96977372440165e-07,8.89556476577831e-07,-9.70277640631716e-05,9.87061699191806e-05,-1.43829174052008e-05,5.05518978324497e-06,-2.88527609241225e-06,6.65456796369736e-06,-0.00385838262413635,0.000827099049397679,-4.59329962031294e-07,-3.99993785752631e-06,4.29351394243271e-07,-1.19495850681884e-05,1.139037057305e-05,0.000396113950404019,2.91544233771902e-06,-1.04459243504505e-05,8.29771551282102e-07,5.41615641436695e-05,-2.20116786632016e-08,1.45971120568802e-05,-0.00266277844735208,-7.57532538944637e-07,0.000526635145703705,0.000106731389248428,-1.64052393621765e-05,-7.45824388521802e-07,8.66042651864899e-06,5.62833673546885e-07,3.2472472011807e-09,-2.59001457420703e-06,-2.47040764885367e-07,9.31333269883476e-06,5.43937832071401e-07,-7.01839394478486e-08,-8.47826941252454e-08,-4.05660289009822e-05,-4.32149326243237e-08,9.58091517827696e-06,1.75008972615924e-08,0.000339024998745961,-3.27671938542899e-06,8.86729672171851e-06,0.157498029496309,-5.42450039234921e-05,-8.65641343841779e-06,1.08898886040195e-06,-4.67812305385971e-05,-5.7025575280514e-06,2.70637359909378e-06,-1.42912558171424e-06,0.000125891564818835,1.20778299037459e-05,0.000103843657972164,7.36908102362143e-07,-1.26433172123589e-06,-2.20568518115965e-07,2.15703020545658e-08,7.17596560330143e-06,1.05939092964867e-07,2.05031780876827e-07,8.74180926080174e-09,-1.60237575749879e-07,1.06975087201843e-06,2.73526806769962e-07,-1.70931368983556e-06,-9.68809901994355e-07,2.46161024274612e-07,1.16164207087939e-09,4.08725399892955e-08,2.57930284520089e-08,0.000233944318538194,-0.00025060302494931,-0.000419016371550715,2.04886147596664e-06,2.48908928189412e-05,-0.00084649873571713,-3.08725202087726e-05,-6.44649691101595e-09,-8.82706194869834e-07,0.495000944627491,-0.000590430085947043,-3.4542733083512e-06,0.0183642973556009,1.68891412179884e-05,3.86003954551487e-05,4.59012491148984e-05,-7.89509428839503e-07,-4.76438421030505e-06,-0.00147676402332759,-5.82329992689581e-06,0.000857456693025683,4.34271430453312e-06,-0.000225821490039927,-4.50471558130982e-08,-0.000842640663101408,-5.27281095104076e-06,-1.26916365747828e-05,-0.00275165748018265,1.47391362238541e-06,-3.36331148907484e-07,1.52641219782746e-07,9.78029160360579e-08,-2.63392081239823e-05,-1.08623509796748e-05,-4.92509309637851e-06,5.61628498085188e-06,1.22443873951675e-06,5.1395005164861e-06,-1.48260932686799e-05,-8.40961369493411e-07,-7.95420589573123e-05,-4.32677385738105e-07,-9.19390363150542e-05,-2.93126906586147e-05,1.56875366384802e-06,3.21446688004025e-07,9.69599472992351e-06,3.56726616523779e-06,-1.9988502422964e-06,-3.54609209828433e-08,-1.5399998638686e-05,5.61701058765644e-17,-1.42487956263131e-07,2.02787327107171e-06,-4.02884422725256e-07,-1.01774059416328e-06,-1.35056297307278e-05,1.86613082324699e-07,-2.57332434592571e-06,1.13955854814327e-06,-2.1830453798928e-06,1.3883508769118e-06,-2.80738240116264e-07,0.000112134726345558,-7.279705181192e-08,7.99404573589994e-06,-6.73717163016483e-05,2.74751239088052e-08,-1.78224427642253e-09,8.42121419344875e-08,-7.80010238626527e-08,1.22628941478413e-06,3.08170015961627e-05,-5.80236244805089e-06,1.12406851377494e-06,-2.03667340415363e-05,2.37237996741158e-05,-1.42919545768305e-06,1.44533029121848e-05,-4.88548694753158e-06,1.87587672670881e-08,0.000163173107471279,7.9220186173365e-07,6.76354133316098e-05,1.70333063784421e-08,-5.19538575507452e-06,4.71082433747474e-07,-5.77213712527145e-07,9.12377590150544e-07,-1.76284673999208e-06,1.36896880440026e-06,-1.00067240910198e-07,1.91882202603752e-05,-8.339674231707e-08,1.37071327882032e-05,-5.31809619349561e-16,-3.37181401943642e-05,-3.35509207951803e-06,-3.59002781304304e-11,-3.15936440087954e-07,4.68089483191028e-07,-2.91354942692453e-07,-8.29189567640893e-08,1.0167068101515e-08,-4.56544565823891e-07,1.72886652777447e-05,6.27417110798073e-05,-7.99990288541729e-08,6.99767137953768e-05,-0.00488341373438286,7.66438542479958e-07,-3.36723688936251e-05,5.02588355757658e-07,8.79566902287935e-07,1.35813661907686e-08,3.93829788514944e-05,-5.54206750367321e-06,2.47978870114549e-08,-7.90480474803078e-06,9.47294550416278e-07,-3.46583680482334e-06,2.77636492756695e-06,0.000232935695325814,1.22364774284468e-06,-3.93905168213132e-07,-2.64982176771475e-06,2.78034272981454e-07,-1.33033716115293e-06,3.61134613690841e-05,1.55556751693417e-05,-7.55079073652449e-05,4.77798927591905e-16,7.1954907298759e-06,6.27832386353776e-06,-1.06008813041012e-05,0.0750969890601691,-4.95182911635117e-06,0.351626560723781,-0.000375778687333148,2.37896321045371e-05,-4.69178558131113e-05,2.50217309684654e-15,0.000135737765628075,9.82477571437925e-09,3.41008747874644e-05,-1.45724155952879e-07,-1.77549600449378e-06,9.03314453007144e-06,1.16641048811983e-05,-2.53376260823631e-06,1.56678440349355e-07,-5.78173938611037e-06,1.17559418274109e-08,7.97974957854818e-07,8.12065351479879e-10,6.07599433006395e-11,2.68210523200893e-06,-7.46498295139848e-10,-3.04887383107037e-07,7.24923202505498e-16,-8.58023019493574e-08,7.84369002821556e-09,2.26359108355151e-10,2.7710284452919e-09,-4.38318755729997e-06,-3.01486140386032e-05,1.46337766181034e-07,-5.46567726313196e-07,-3.36157107176051e-07,1.18136674661466e-16,-6.30190193213086e-05,-2.32045253760498e-08,-1.01942859277684e-05,5.01308396524642e-16,2.86991034133944e-06,4.33006427325315e-07,-7.44178488554214e-08,-4.26583117571839e-05,-0.0106877533751876,6.06975854292616e-06,8.49975737020225e-07,-9.2905862987483e-08,2.35197326580082e-09,2.17568134070182e-09,9.46011615393532e-07,2.9154562217095e-08,-3.92960688262629e-16,-1.64852221949994e-08,6.31048526945561e-07,2.89645120615052e-07,-1.95790575756165e-06,5.56093611464614e-17,-4.45376595459644e-08,8.89670205084583e-09,-1.04174744768208e-06,-1.51435456713761e-08,-5.19249614765985e-05,5.45450704525472e-08,-7.50459200308616e-07,4.32793336718418e-06,-4.81352349257384e-16,1.65340959303743e-05,-7.8801343210682e-08,2.31508185686296e-07,2.53415652220013e-05,-3.33623366719848e-08,-4.24084539255545e-08,8.81239525796218e-16,-4.34123920131636e-17,-4.09483609866836e-08,-5.20526416582364e-08,7.03559455316021e-09,-0.00207872029956333,2.08262930746652e-15,-2.75010302972105e-06,-3.39781788336817e-08,-1.10932138955009e-15,7.27148886528347e-16,-2.24464418171467e-16,0.000436392213899263,1.71338128559173e-07,-2.17437102014258e-07,6.75731058589346e-06,9.61246870306839e-07,1.80436887346177e-07,-7.8392755596358e-08,-2.82013956801363e-16,-1.74905389264237e-08,4.93806377842349e-08,2.70988541907995e-15,-3.60657251902456e-15,-3.15337807242372e-08,-1.70766206859157e-08,-1.88127732759254e-08,4.76400587649119e-06,1.86742233761463e-08,-6.98124890423437e-06,9.14342126503024e-14,-2.63808129939525e-07,0.707106781186547,-8.60768075905974e-06,-1.86380858663293e-14,-2.10087144311783e-08,1.95024873434077e-14,8.66524189251508e-08,2.28362486252105e-08,1.02707325150579e-06,1.41984251356454e-06,6.28253171101875e-08,-7.29238338223243e-09,4.69310823430325e-08,9.08099576913427e-08,0.000464455450075512,2.36199189796711e-07,1.53337085622427e-08,-4.59044580168511e-08,-0.000464820292389794,-5.85842070825172e-07,-1.95367134020332e-08,2.02215866485746e-15,1.89660231951318e-07,-3.3130502935413e-08,1.74244402959086e-08,-2.83008291578948e-15,3.02138982740463e-06,9.30185723621512e-07,2.98408282932145e-07,-6.59291529314505e-16,-7.24022785484268e-08,-3.78471388560703e-05,5.35786187771904e-16,-5.06781166717709e-08,1.14776057785725e-07,-2.72738252416582e-15,2.98637850387968e-15,-4.2909835628061e-09,-2.18230216520894e-05,-1.23120018918637e-07,-7.04989474995656e-05,5.18253979824021e-07,1.36814512590541e-08,1.40152327447186e-06,1.23373697050468e-07,-3.09981930214102e-06,9.51062145704284e-16,5.7307668696052e-10,1.34208305477057e-05,1.07304610909294e-06,1.07972350400061e-05,-1.11681107232334e-15,-9.49336950798627e-16,1.54212927644788e-06,-2.50844570628621e-16,3.72981579537398e-16,1.59638548052629e-07,-2.35008456154772e-07,-4.39991516719043e-08,-2.46982551594952e-07,1.12810150026892e-06,2.94700651571654e-07,3.76724567880244e-07,-2.99443003552285e-16,1.99317078352462e-06,8.65101651201132e-07,4.27173240485456e-07,-4.07651126854841e-08,1.61141398802495e-07,9.76081083094619e-16,2.39731191344227e-16,4.10247892822793e-16,-1.3788469598099e-05,-6.77801175652998e-09,-4.39422015947063e-07,-1.35287226804751e-15,-5.19978725726038e-09,5.34945297827975e-16,1.44165715006913e-16,8.53485818812364e-07,-2.13701950173261e-07,6.21031004399697e-16,-1.76467446898806e-06,-2.38057539204679e-08,-1.1715637553986e-16,5.38721775726611e-08,-3.99349893134171e-16,1.99948861858822e-06,6.11413241370801e-16,1.99437867727031e-06,1.64512379897821e-07,5.95914178644516e-09,5.88500629868488e-07,4.04030851434129e-06,-1.92512853221683e-08,5.91736522687689e-07,-3.32734126682538e-16,3.50349161294896e-07,-1.97779269279674e-08,6.81870370548266e-17,-2.60619012412203e-09,-5.31315169661097e-08,1.23488167980574e-08,3.25459280315166e-16,3.96545437058533e-08,5.24591845962975e-08,5.02964641588423e-16,-1.45600401129687e-06,-1.10530621781265e-06,-1.50971401577215e-09,3.95155600415042e-16,-2.11328804783666e-16,2.70290912048838e-08,8.65087666359403e-07,6.99945374080419e-08,-1.08152684196758e-08,5.14158557846849e-07,1.2027197572254e-16,4.15564169240937e-16,1.87820732355017e-06,5.6512269638316e-09,3.81567676811524e-16,4.54654106763981e-06,-3.44536667086588e-18,2.26243167666257e-08,-3.90143696482954e-07,-4.81564896869743e-06,-0.000188593122371662,1.26340934523003e-16,-1.16481035708629e-16,6.21133276862864e-16,6.72115792932547e-17,-2.57789644040174e-09,-8.94587440779829e-09,1.67820150197978e-16,-5.57855336583274e-17,7.42877928172079e-18,1.26076564349398e-08,1.1334881174423e-10,-6.24747105451223e-09,8.34720928072442e-17,1.6116665293997e-16,-3.04335549816681e-16,-2.68665065879949e-07,8.22179659370355e-09,-3.42642287474745e-16,1.4436932523329e-09,-3.77787676718766e-08,7.13604939242861e-17,3.56617096878872e-16,-2.71404661300839e-06,-2.67263082268828e-10,-1.34480955820415e-06,5.1139959676553e-17,1.45743475361015e-08,2.35278829525745e-07,2.52550418793302e-07,-9.43012044687751e-07,-5.59685063791854e-08,9.11387985153921e-10,-1.35238840819018e-16,-5.09509362328487e-16,1.37233471664131e-15,1.73599210389769e-08,-1.57186153189001e-08,-5.63776454945933e-06,-4.66685474969403e-09,-2.32855892802925e-16,-2.06034182609034e-16,-4.0445398162613e-17,1.08876860075055e-16,-4.63888594048088e-16,2.23020471395822e-08,3.34148939796021e-17,-4.99082236426189e-16,-3.73889634715894e-07,1.0237821326782e-16,-3.34736507124586e-07,-4.00274670217939e-17,-3.80531402953027e-06,-9.48139021925319e-17,-4.6089655823216e-06,-6.29067850955611e-08,-5.5506776963025e-08,-3.52419946019352e-17,2.02034443165902e-06,-2.09950382273042e-16,3.0697401810947e-07,-4.88755638754868e-08,2.70494239698349e-10,-6.25194144957835e-16,1.49017563171347e-06,4.17698849111292e-16,-1.07343861944323e-07,-5.47989139927122e-08,4.12187077826844e-16,-1.18467782484411e-16,2.21450140776272e-16,4.3739646075133e-17,-8.31661572244317e-09,-2.47513307475725e-07,-5.52776857606667e-08,1.34658593740079e-16,3.45870715974047e-17,-5.67057826209645e-09,4.62597719765728e-08,-2.53975731138751e-16,3.80723619155971e-16,-9.28530392576622e-08,-1.12812442185908e-16,-9.89114705705378e-05,5.87382267188674e-16,1.63405221438779e-07,1.3527998742359e-16,-1.29679850810378e-14,-8.15177391832562e-17,-5.77244704686015e-16,4.55648637320283e-17,3.78319166873972e-16,3.15370443806131e-09,-2.20571521635381e-08,1.40922842630186e-16,-1.46743514780987e-08,6.17367954653021e-07,2.55907028158754e-16,9.18664706905076e-17,1.75479111267224e-16,1.73127685904205e-15,0.00101682193912235,8.7822213932724e-08,1.68488611640648e-16,-1.63316621515682e-16,-1.08584945586401e-07,-3.51034364826798e-08,-5.32633162138396e-10,2.36867841184738e-16,-6.52883500390986e-17,8.67254648324283e-17,1.50796055772864e-17,-5.78824384696882e-17,-3.21844662394903e-16,2.15609675526641e-06,-7.46476917504675e-07,-3.92344681086477e-07,1.78247560335379e-16,-8.79265752033756e-17,2.17641677300082e-16,1.57478786803179e-17,-1.32939453978123e-16,1.30285517454164e-16,3.5105333807701e-16,-1.90932600018426e-16,-6.33627428730647e-18,-1.04810067679376e-16,-7.10450669557042e-17,-2.7425932004548e-16,-8.41266755506119e-17,1.74728127419117e-16,2.09945347954915e-09,-1.35196054254418e-17,8.12916071924101e-17,7.46554045183109e-17,2.97259544929173e-08,-3.35536043881634e-07,2.66208058440049e-16,-7.67251998730255e-10,2.71764660170509e-08,4.51640579594485e-17,8.51481518616124e-16,-5.24214402089811e-08,-2.99716730683515e-16,6.69622044109527e-10,-3.40874829383188e-17,2.39678604641589e-17,-5.51753588088574e-17,-5.22953501752545e-17,6.1311863904153e-07,-9.0031854345769e-08,-1.17958878009358e-16,5.97128706020695e-16,7.24210135684118e-17,1.71037868851449e-16,-1.46800974154537e-16,1.4017156110124e-16,-1.55080658747441e-16,-2.18562098698374e-16,1.08554152075655e-09,5.69594467382413e-17,7.48124342713326e-17,4.76087971764763e-17,-1.45954404460155e-16,1.46772252337679e-16,-3.08030373811997e-16,-2.36151017066526e-07,3.90088928544653e-17,-2.00462737352312e-16,1.59772180195939e-08,-1.89144617704316e-16,-3.22578153224271e-16,9.25289838704114e-17,-1.83370506131768e-16,1.34313404010036e-08,-2.28585164517891e-17,-0.000290816430564477,1.15924090292505e-16,-1.16260382651635e-16,2.09456997848326e-16,3.29649129445376e-16,-1.10553886365355e-16,-2.06292232575798e-16,1.58496288166174e-08,-3.86048558661086e-17,2.22427395534729e-16,2.00534241969492e-09,-1.98236562186108e-06,-3.44793206923682e-17,3.41435796881035e-07,4.64156064817398e-07,-2.82019548672822e-16,-1.17545720992803e-16,3.23812130805367e-17,4.00206292236271e-17,1.08123871484951e-16,-7.79868701933366e-07,-2.67971612018624e-16,-1.65244595884211e-16,5.56413092204245e-17,3.12212631473518e-07,2.50022745508896e-17,1.70890260541195e-16,-4.47931114128516e-16,1.07796113498714e-16,-1.42237500708561e-07,2.45841569927879e-16,4.19362412840429e-10,-7.39813799001261e-17,-2.01983669751578e-16,3.39426660553375e-17,-1.21340774508392e-16,-9.36259716657949e-17,1.37640159930988e-17,-5.76937263992995e-17,-7.27767626777489e-09,2.37958235739762e-16,-4.9437674011263e-17,3.05977221122876e-09,-2.47951213225227e-16,-4.20692268714274e-17,-1.83932503911179e-17,1.895425971271e-16,-9.6443801400622e-18,-7.50177065372503e-17,-2.21848571061334e-08,-2.03357655681829e-16,-3.18633103608545e-17,6.60645988311499e-09,8.42471366835007e-17,-7.70643164204266e-17,2.69383068288855e-16,-6.20949351002492e-16,-1.35436195068439e-16,9.9271883410935e-17,1.15871313229173e-16,-1.67322620949443e-16,1.44058608608705e-16,1.47711929274954e-16,9.48911973391857e-17,-3.46686399145954e-09,1.14966531560246e-08,-6.57181252547802e-17,1.83151127095832e-16,6.53835168993447e-17,-8.74164379594475e-17,2.34187669256869e-16,-1.93882797347566e-16,-1.99368393790655e-16,5.6734543940736e-16,-1.09599971401482e-08,-6.23093680940319e-17,1.76517870654682e-17,5.10408293872855e-17,-1.90585565252664e-16,1.27611786494966e-09,-3.38064481575125e-16,-2.02400443988108e-10,-2.35466781590876e-16,1.33084494592577e-16,1.01771234050459e-16,9.69900907653514e-17,1.35327593362309e-16,8.03826224304853e-17,-2.15923077318989e-16,-1.11107421106174e-16,2.15662161561609e-17,-3.94735763550276e-17,-1.0952128007026e-16,-3.45680081257373e-17,-3.28578806069245e-17,2.5822215819319e-17,-8.21135951482598e-17,8.33671506462341e-16,5.60304914728076e-17,1.78762542250572e-16,1.62116918570584e-18,1.32867498422277e-16,-6.17995238316738e-17,1.26131459136807e-16,-2.36419005899414e-16,2.16376367765858e-16,-4.37367159046466e-17,9.79652258379221e-09,-4.49852048883221e-16,5.96175786985483e-17,-1.38887139647489e-18,-2.06371016177348e-16,3.54198237650563e-17,6.70648308989789e-17,1.3577085465462e-16,-1.27622491425687e-16,1.49758283077092e-18,-5.83935515824612e-17,-2.76254713549307e-16,1.26135896781379e-16,1.82540582271224e-16,1.58871885400307e-17,9.54028669528558e-17,-1.47253041385382e-16,-4.03231712130113e-17,-6.82716458732304e-06,1.98852896074432e-16,8.97079319822052e-17,-1.01567929039733e-16,-2.37024687882376e-17,1.1100342169861e-16,5.3303530127306e-17,6.89267301009961e-17,-2.90978489342833e-16,7.03286468958312e-17,2.89241203156982e-09,3.37105148563243e-16,1.64983607706587e-16,-2.03819371300038e-16,1.47275075976559e-16,-2.19106464288727e-16,-9.27165542365636e-17,1.07519668269534e-16,-1.62397219080974e-16,-1.06155038982177e-17,-1.73357546358603e-16,5.9723662321596e-18,-9.77202873280658e-17,-2.54099742246784e-17,1.34764963088189e-07,2.28660973888124e-16,-7.75583324487176e-17,-1.4460817747579e-16,-1.36609473733174e-16,-4.00447527083585e-09,5.75987837283733e-17,6.21241129582108e-17,4.97786613755689e-17,-2.7930340447441e-16,-1.06084377961692e-16,1.738471893981e-17,2.07564912875869e-16,-1.81917343103493e-16,1.53977589716974e-16,5.18091262037894e-18,6.12022174334281e-18,2.88032456411891e-16,-3.95345689584493e-17,4.42261966748115e-17,-5.26043341702918e-17,1.16390557349682e-16,-4.55940422581615e-16
"t437",0.0361949461874171,-0.011110579798479,-0.0122001731222498,0.000767079568949072,0.00802986961550252,-0.02937564424055,-0.00444968210390932,-1.61422593933784e-05,0.0394203945607423,-0.00138773277362701,0.00154967798787686,-0.000715442334756466,0.00184301152789989,0.000446371555506876,0.0178034743583128,-0.000715296172994635,-0.000595649394875556,8.77932861471703e-05,0.0538734066843301,0.140490962618975,-9.23991206809763e-05,6.1300232678101e-05,-0.0171236206862895,-0.000439972550215564,2.47383872874424e-05,0.0012082144481982,-0.0120255057821453,-5.99114728641649e-05,-0.000418862523948172,0.00372664912509417,0.000684711295719157,-0.0159574838631904,-8.3411074859709e-06,0.00943328138648429,-0.0501634825173703,-9.85450851467618e-06,-2.73274928553789e-06,9.94652637579809e-06,0.00137753334709917,0.000422106326098521,9.45433258174903e-05,-0.00322765855737586,1.21369014425892e-05,-0.000821823275382735,3.76809728988205e-05,-2.14633625544629e-05,6.59192740462118e-06,-0.000138161522754739,0.153520170299159,0.0509816984072815,1.44012973758652e-05,-7.5396075838871e-07,-1.3142207265893e-08,1.11631635662385e-06,-0.00529694501515857,-5.60081487748029e-05,0.0444958998065286,2.13703080965222e-05,-0.000147717426652008,-2.31002856794396e-07,-3.45362400268708e-07,2.03080660679558e-05,-1.28905870398802e-05,9.76751015503867e-06,-0.000107548887571048,2.27600734724819e-06,-0.000271118090770846,4.98228147948813e-05,-1.21957637900039e-05,5.60448339529835e-05,-5.0685476811456e-07,1.33529811440717e-06,-4.51535390218931e-06,-2.50221731179626e-06,9.74367259890263e-07,-0.201700365413973,-1.86222917157803e-05,1.83365997482661e-06,-0.000473224369836725,-5.69051615258757e-05,3.49493065364189e-06,0.000270170198454645,-0.000370938456018462,-1.09143949269359e-05,0.000971926492541688,2.24553570905743e-05,-4.10962312738625e-06,-0.000642754041539022,-2.54640114061421e-08,3.56947778385255e-06,-4.31386194351017e-05,2.62294934695595e-08,1.81837680104681e-05,-1.65054124901267e-05,-3.80170020595965e-06,-4.62944285743884e-06,-5.45202180968986e-07,3.42032002221452e-06,-4.24923054359875e-05,-0.00454910717924779,7.2201618637867e-06,-3.79292092053387e-08,6.03917972504871e-06,8.94864646951042e-06,-1.02386131220901e-05,2.94694784826935e-07,-8.17418782676736e-05,1.06004313441696e-07,-0.00012252277117467,3.59810711637702e-08,1.21290020080543e-06,2.4339686895666e-06,-7.54355725878693e-07,7.70718443173105e-07,-7.96977372425319e-07,8.89556476751706e-07,-9.70277640632151e-05,9.87061699192294e-05,-1.43829174052066e-05,5.05518978326604e-06,-2.88527609241854e-06,6.65456796370959e-06,-0.0038583826241363,0.00082709904939771,-4.59329962117271e-07,-3.99993785755808e-06,4.29351394303987e-07,-1.19495850680992e-05,1.13903705730736e-05,0.000396113950404086,2.91544233781004e-06,-1.04459243504061e-05,8.29771551249898e-07,5.41615641436118e-05,-2.20116787504345e-08,1.4597112056761e-05,-0.00266277844735226,-7.57532538853095e-07,0.000526635145703555,0.000106731389248404,-1.64052393607557e-05,-7.45824388589873e-07,8.66042651832467e-06,5.62833673364935e-07,3.2472472736935e-09,-2.590014573873e-06,-2.47040764897718e-07,9.3133326986908e-06,5.43937832508802e-07,-7.01839397951504e-08,-8.47826940840457e-08,-4.05660289004838e-05,-4.32149326367107e-08,9.58091517810563e-06,1.75008971211398e-08,0.000339024998745495,-3.27671938550217e-06,8.86729672165634e-06,0.157498029496309,-5.42450039240664e-05,-8.65641343834072e-06,1.08898885925429e-06,-4.67812305387317e-05,-5.70255752807307e-06,2.70637359929892e-06,-1.4291255817459e-06,0.000125891564818891,1.20778299036256e-05,0.000103843657972262,7.36908102136132e-07,-1.26433172118135e-06,-2.20568518231124e-07,2.15703021001803e-08,7.17596560348005e-06,1.05939093026823e-07,2.05031780875284e-07,8.74180925471568e-09,-1.60237575988096e-07,1.06975087203395e-06,2.73526806774353e-07,-1.70931368943013e-06,-9.68809901979281e-07,2.4616102448724e-07,1.16164205059696e-09,4.08725400534913e-08,2.57930283095714e-08,0.000233944318538242,-0.000250603024950211,-0.000419016371550512,2.0488614761431e-06,2.4890892819313e-05,-0.000846498735717466,-3.08725202086989e-05,-6.44649678056241e-09,-8.82706194069285e-07,0.495000944627493,-0.000590430085948099,-3.4542733084221e-06,0.0183642973556009,1.6889141217279e-05,3.86003954547688e-05,4.59012491148782e-05,-7.89509428809521e-07,-4.76438421055496e-06,-0.00147676402332761,-5.82329992681789e-06,0.000857456693025542,4.34271430481414e-06,-0.00022582149003956,-4.50471557517036e-08,-0.000842640663102113,-5.27281095150896e-06,-1.26916365747056e-05,-0.00275165748018254,1.47391362259091e-06,-3.36331148664373e-07,1.52641219648866e-07,9.78029159220528e-08,-2.63392081240169e-05,-1.08623509798756e-05,-4.92509309644339e-06,5.61628498079163e-06,1.22443873942186e-06,5.13950051643166e-06,-1.48260932684428e-05,-8.40961369324127e-07,-7.95420589575349e-05,-4.32677385932988e-07,-9.19390363154184e-05,-2.93126906588762e-05,1.56875366394165e-06,3.21446687745225e-07,9.69599472999978e-06,3.56726616526194e-06,-1.99885024231322e-06,-3.54609208239806e-08,-1.53999986392461e-05,-1.28636632120534e-16,-1.4248795666056e-07,2.02787327128508e-06,-4.02884423048749e-07,-1.0177405940031e-06,-1.35056297304433e-05,1.86613081913656e-07,-2.57332434594599e-06,1.13955854805509e-06,-2.18304537977243e-06,1.38835087697385e-06,-2.8073824043144e-07,0.000112134726346012,-7.27970519860391e-08,7.99404573590884e-06,-6.73717163018082e-05,2.74751235799962e-08,-1.78224401231088e-09,8.4212141865034e-08,-7.80010241095548e-08,1.22628941442554e-06,3.08170015962221e-05,-5.80236244804588e-06,1.12406851372549e-06,-2.0366734041325e-05,2.37237996744186e-05,-1.42919545736539e-06,1.44533029123248e-05,-4.88548694764148e-06,1.87587672168615e-08,0.000163173107471212,7.92201862095027e-07,6.76354133319683e-05,1.70333061443822e-08,-5.19538575464252e-06,4.71082434464986e-07,-5.7721371343961e-07,9.12377589800892e-07,-1.76284673948078e-06,1.36896880434651e-06,-1.00067240911301e-07,1.91882202602804e-05,-8.33967426168757e-08,1.37071327886084e-05,-3.18311251097947e-16,-3.37181401942963e-05,-3.35509207949024e-06,-3.5900581966468e-11,-3.15936440082423e-07,4.68089483230713e-07,-2.91354942593353e-07,-8.29189566221248e-08,1.01670681034135e-08,-4.5654456594033e-07,1.72886652780918e-05,6.27417110800647e-05,-7.99990290960028e-08,6.99767137946831e-05,-0.00488341373438303,7.66438542260713e-07,-3.36723688935257e-05,5.02588355815771e-07,8.79566902491557e-07,1.3581366573356e-08,3.93829788504384e-05,-5.54206750228565e-06,2.47978871679311e-08,-7.90480474804754e-06,9.47294550488815e-07,-3.46583680532151e-06,2.77636492765401e-06,0.000232935695324284,1.22364774283464e-06,-3.93905167426841e-07,-2.64982176748035e-06,2.78034274246147e-07,-1.33033716133624e-06,3.61134613692789e-05,1.55556751692262e-05,-7.55079073663488e-05,1.67104456895239e-16,7.19549073012341e-06,6.27832386235272e-06,-1.06008813042691e-05,0.0750969890601683,-4.95182911605232e-06,0.351626560723775,-0.000375778687333422,2.37896321047867e-05,-4.69178558130947e-05,3.04037047077729e-15,0.000135737765628933,9.82477457092701e-09,3.41008747870109e-05,-1.457241570128e-07,-1.77549600480083e-06,9.03314452970564e-06,1.16641048816131e-05,-2.53376260733322e-06,1.56678440045198e-07,-5.78173938695732e-06,1.17559417381254e-08,7.97974958573154e-07,8.12065632796539e-10,6.07616231634855e-11,2.68210523245734e-06,-7.46500391530934e-10,-3.0488738293891e-07,4.95817339667504e-16,-8.58023011739212e-08,7.84368882388378e-09,2.26359805190364e-10,2.77102881171854e-09,-4.38318755802077e-06,-3.01486140386045e-05,1.46337766761255e-07,-5.46567726562971e-07,-3.36157107095691e-07,6.70699957888258e-16,-6.30190193213101e-05,-2.3204525584211e-08,-1.01942859281841e-05,2.27219208803449e-16,2.86991034056061e-06,4.33006425319889e-07,-7.44178493224441e-08,-4.26583117567792e-05,-0.0106877533751878,6.06975854342902e-06,8.49975737278366e-07,-9.2905862119655e-08,2.35197388075907e-09,2.17568005877464e-09,9.46011615178023e-07,2.91545621351261e-08,6.95126247023924e-16,-1.64852223612517e-08,6.31048527130373e-07,2.89645119841862e-07,-1.95790575882546e-06,8.8270049578433e-17,-4.45376588728172e-08,8.89670133874185e-09,-1.041747449291e-06,-1.51435456213809e-08,-5.19249614750602e-05,5.45450697602845e-08,-7.5045920019837e-07,4.32793336893746e-06,7.75146401075259e-16,1.65340959301149e-05,-7.88013437167875e-08,2.31508185565902e-07,2.53415652213882e-05,-3.33623353958267e-08,-4.24084525874991e-08,6.93889390390723e-18,3.42326960376e-17,-4.09483598595737e-08,-5.20526410326247e-08,7.03559626316281e-09,-0.00207872029955712,1.16386341498879e-15,-2.75010303005441e-06,-3.39781770427437e-08,1.53362529079739e-15,-5.65141449830494e-16,1.64817159495323e-16,0.000436392213902846,1.71338130436793e-07,-2.17437108699872e-07,6.7573105917861e-06,9.61246870241939e-07,1.80436889140145e-07,-7.83927506555112e-08,2.71574313563333e-17,-1.74905431013689e-08,4.93806259961407e-08,-2.8949883006282e-15,2.09385899260394e-15,-3.15337831596771e-08,-1.70766073940648e-08,-1.88127579823475e-08,4.76400588708068e-06,1.86743657692271e-08,-6.98124901314898e-06,-9.16918168810806e-14,-2.63808139897301e-07,-0.707106781186549,-8.60768078108075e-06,1.86441573984952e-14,-2.10087258128125e-08,-1.9501916541836e-14,8.66523968838586e-08,2.28362480697439e-08,1.02707325651724e-06,1.41984252463554e-06,6.28253163452231e-08,-7.29238015940738e-09,4.69310872065762e-08,9.08099555254329e-08,0.000464455450087136,2.36199193378343e-07,1.53337198224306e-08,-4.59044522062271e-08,-0.000464820292402631,-5.85842075695298e-07,-1.95367113887744e-08,-2.20268851497544e-15,1.89660232867744e-07,-3.31305003858975e-08,1.74244413891523e-08,2.95386725253387e-15,3.02138982581212e-06,9.30185724013059e-07,2.98408286253812e-07,5.06138402733912e-16,-7.24022843074183e-08,-3.78471388572453e-05,-3.00645833111967e-16,-5.06781175612107e-08,1.14776056764972e-07,2.58152567317456e-15,-2.73820663833908e-15,-4.29098455587914e-09,-2.18230216516343e-05,-1.23120017487981e-07,-7.04989475002116e-05,5.18253980318185e-07,1.3681451657117e-08,1.40152327470296e-06,1.23373697200317e-07,-3.09981930332629e-06,1.07748011901609e-15,5.73076684347653e-10,1.34208305528621e-05,1.07304610857736e-06,1.07972350388676e-05,-1.32603633153913e-15,7.99279884693425e-16,1.54212927805136e-06,1.25213150613339e-16,-1.13552906368763e-15,1.59638550563041e-07,-2.35008454986837e-07,-4.3999152949454e-08,-2.46982546541139e-07,1.1281015004789e-06,2.94700651144842e-07,3.7672456899385e-07,1.51120009753538e-16,1.9931707842143e-06,8.65101654874995e-07,4.27173241202991e-07,-4.07651126051559e-08,1.6114139833214e-07,-7.79516098187856e-16,-9.10780006835274e-17,-3.05877911031232e-16,-1.37884695994838e-05,-6.77801209610617e-09,-4.39422015943369e-07,7.43482945186376e-16,-5.19978718503694e-09,-2.4488066725939e-16,-1.62677522940787e-16,8.5348581881447e-07,-2.13701951137193e-07,-5.60315682740509e-16,-1.76467446889732e-06,-2.38057533204113e-08,-1.17054731586366e-16,5.38721770669622e-08,3.31906023529123e-16,1.99948861800136e-06,-7.64219626320986e-16,1.99437867730327e-06,1.64512379479358e-07,5.95914211715412e-09,5.88500629030893e-07,4.04030851304895e-06,-1.92512852425879e-08,5.91736522214561e-07,2.22054378651108e-16,3.50349160101413e-07,-1.97779270397973e-08,-5.96765756237618e-16,-2.60619073701612e-09,-5.31315172564706e-08,1.23488169525749e-08,2.80510668140183e-18,3.96545431776267e-08,5.24591862430696e-08,-5.60117211722624e-16,-1.45600401202403e-06,-1.10530621819493e-06,-1.50971394330746e-09,-6.62556893504471e-16,1.16402992938432e-16,2.70290908692308e-08,8.65087666879624e-07,6.99945380228897e-08,-1.08152676096551e-08,5.14158558157072e-07,-9.55129738295935e-17,-6.43918056532543e-16,1.87820732345412e-06,5.65122749950014e-09,6.93225040728461e-17,4.54654106725234e-06,1.81388062572683e-17,2.26243157082433e-08,-3.90143696138645e-07,-4.81564896888492e-06,-0.000188593122371345,2.77994111237489e-17,2.1610073047968e-17,-2.10582272858984e-17,-7.40942551654305e-17,-2.57789633023288e-09,-8.94587514452209e-09,-5.58351473659882e-19,2.29506068829579e-16,-1.79896666433389e-16,1.26076560759667e-08,1.13351048351901e-10,-6.24747071130013e-09,-1.62701937946517e-16,-4.4316763800345e-16,7.34221711207184e-16,-2.68665065631156e-07,8.22179693914029e-09,2.67923728417017e-16,1.44369442154355e-09,-3.77787678100929e-08,-1.42708039538344e-18,-3.36660038539576e-16,-2.71404661312306e-06,-2.67263373065642e-10,-1.34480955847724e-06,-1.35447962004126e-16,1.4574347337712e-08,2.35278829808259e-07,2.52550418579854e-07,-9.43012044615107e-07,-5.59685058733045e-08,9.113895140299e-10,1.56820603752993e-17,9.2466755015035e-17,-1.12805224447926e-15,1.73599207980799e-08,-1.57186154127889e-08,-5.63776454831177e-06,-4.66685471100962e-09,-2.71091383558458e-16,2.19992307909162e-16,-4.22621361095704e-17,4.61007159886246e-18,3.84697316755305e-17,2.23020456836871e-08,8.78392244053235e-18,6.54250406717479e-16,-3.73889634801012e-07,2.20811166423846e-17,-3.34736507132123e-07,9.14829635044625e-19,-3.80531402955552e-06,1.25667590417981e-16,-4.60896558196899e-06,-6.29067848929935e-08,-5.55067770003527e-08,6.98207925907032e-17,2.02034443203149e-06,1.60586966075165e-16,3.06974018183431e-07,-4.88755634933612e-08,2.70494385326128e-10,4.45144083015636e-16,1.4901756307983e-06,-3.18134980178268e-16,-1.07343861389049e-07,-5.47989133671372e-08,5.98549673127151e-17,1.80701222575867e-16,-3.1498453927823e-16,-4.01087423929165e-17,-8.31661560278193e-09,-2.47513307344557e-07,-5.52776864655406e-08,1.21177230944289e-16,-7.66692625284813e-18,-5.67057819652493e-09,4.62597726270941e-08,1.93203471114387e-16,6.83083111316669e-17,-9.28530389561343e-08,9.68755460698385e-17,-9.89114705717866e-05,-4.97155048090852e-16,1.63405221495048e-07,-1.09649642132298e-16,-1.34712983148635e-14,3.45031592558382e-17,2.92298801606636e-16,-1.77338261624316e-17,-5.40064494046036e-17,3.15370419000602e-09,-2.20571526713149e-08,-9.45817057161871e-17,-1.46743515754318e-08,6.17367954898215e-07,-1.45428737303509e-16,-1.00984721814495e-16,-1.27182316306888e-16,1.7399488875222e-15,0.00101682193912278,8.78222130679054e-08,-1.36768697455497e-16,1.73631081439008e-16,-1.08584945787776e-07,-3.51034362717985e-08,-5.32633254785349e-10,-7.43792416105121e-17,1.013045972735e-16,-8.01153016747743e-17,1.1308127213712e-16,-8.0463478237395e-17,3.44345131106674e-16,2.15609675540585e-06,-7.46476917132881e-07,-3.92344681011474e-07,-1.2482551582163e-16,6.20280165262358e-17,-3.09395641386168e-16,3.68455959431052e-17,-7.88598346806738e-18,-5.8006584927972e-17,-3.44811726632285e-16,1.82922686003412e-16,2.87656054573422e-17,6.24488667880629e-17,3.21187353510453e-16,7.02323498707148e-17,3.31426385422434e-17,-2.26371762325613e-16,2.09945374876217e-09,-4.69735113265742e-17,-4.45196963044781e-16,-4.11262729903449e-17,2.97259546952745e-08,-3.3553604420525e-07,-1.63939332636079e-16,-7.67251535994541e-10,2.71764664383694e-08,4.96096219647425e-17,6.37406290678663e-16,-5.24214405144299e-08,2.62303889666442e-16,6.69621923920867e-10,8.44750669657694e-18,-3.03096256303009e-17,-6.77924114510357e-17,-8.00040829275848e-17,6.13118639356031e-07,-9.00318540443239e-08,2.38936732704963e-16,-2.75143341331063e-16,-9.99589754148748e-17,-5.41228748378403e-16,6.24500451351651e-17,-7.07361642560767e-17,1.83636404609298e-16,2.12135669252124e-16,1.08554166357331e-09,-6.5373676952199e-17,-2.64709990150925e-17,-7.70835298140517e-17,6.22287821166123e-17,-1.66416197968664e-16,-1.89876053933607e-16,-2.36151017230302e-07,-9.97220527690066e-18,8.98931485479348e-17,1.59772187113615e-08,1.94390818106302e-16,-1.10283731551544e-16,-2.09267170302966e-17,1.8359089600639e-17,1.34313400822011e-08,4.86259162785782e-17,-0.000290816430565418,-1.48763757103156e-16,6.9841267086658e-17,-1.04454154687867e-17,-3.21622645237194e-16,9.75875321134002e-17,2.60862146272893e-17,1.58496290828641e-08,-6.96119361380161e-17,4.72744313747423e-17,2.00534219315485e-09,-1.98236562185691e-06,-4.14061273510294e-17,3.41435796746441e-07,4.64156065592935e-07,4.16654313333573e-17,1.53226968560354e-16,5.94054797564738e-17,6.03222139266451e-17,1.6450736381551e-16,-7.79868701603904e-07,3.02319913123806e-16,1.59284219395008e-16,-5.68530775754947e-17,3.12212631477165e-07,-9.49511723086485e-17,2.0511130221923e-17,-5.17724706590659e-16,-2.19030254622282e-16,-1.42237500382203e-07,2.01202198115004e-17,4.19362120023056e-10,1.19811536166488e-16,4.15608382857302e-16,-1.41705375351302e-16,-8.0500919026981e-17,9.84203528953443e-17,8.82318572846683e-17,1.07883173942131e-17,-7.27767634074193e-09,-4.54764492464426e-16,-1.77647590253361e-16,3.05977261443176e-09,5.00228668534491e-17,1.934306053279e-17,2.6282328483362e-17,-1.51618097288453e-16,-1.03823145854982e-17,1.34635070193769e-16,-2.21848574339606e-08,7.30550788194919e-18,1.8996696633625e-16,6.60645969781822e-09,-2.40200681057937e-16,-2.9690478735356e-17,1.03063684171523e-16,-1.04435086467904e-16,1.12342596782844e-16,4.15917234877835e-17,-1.01296024419523e-16,8.91606410873529e-17,-3.33792574082069e-17,-1.44846879352071e-16,-1.00414979906413e-16,-3.46686439238064e-09,1.14966527660239e-08,-1.25888593920852e-16,-1.40916335851076e-16,-7.87706227192123e-17,-4.67861991874065e-17,9.54097911787244e-17,1.93531054994943e-16,1.67837762537204e-16,-2.57848883690857e-16,-1.09599970510881e-08,6.55916114072216e-17,-4.98420626377284e-17,-1.3393464732906e-16,2.23457206035685e-16,1.27611841605895e-09,1.66144623853733e-16,-2.02400364055673e-10,1.97275339064229e-16,-2.00544050968258e-16,1.99871798323243e-17,-7.88867055384493e-17,-1.9879169553209e-16,7.14273116643648e-17,2.37149572071273e-16,8.29578589442873e-17,5.35107825495485e-17,6.80786340289311e-17,2.37933366819358e-16,3.15959426051272e-17,2.78391470871375e-16,-1.22769891799413e-16,9.21755144903784e-18,-8.59964330202965e-16,-5.30109268568656e-17,-4.37319173752745e-17,-5.46852365615614e-18,7.17289991297815e-17,2.97071395261028e-17,-8.41863641866921e-17,1.93873731305773e-16,-2.43683332027087e-16,4.1674171780009e-17,9.79652245051931e-09,4.98812683414504e-17,-2.85280579245209e-17,-4.9744923901749e-18,-1.92738677855312e-16,-2.44553182635847e-17,-4.9626528762971e-17,5.5325893539826e-17,1.57530246808367e-16,6.1748536995039e-17,-4.14672332181841e-17,9.19403442267708e-17,-4.10583211001705e-17,-6.40078019318398e-17,1.23229540529992e-17,-8.48281685885057e-17,1.85576884807699e-16,-2.33291760525747e-17,-6.8271645886099e-06,-3.4094722272743e-17,-1.00592164296664e-16,9.10698093562207e-17,1.34853830646149e-16,3.52603924780589e-17,-7.37560550567828e-17,-2.7904856192978e-17,2.60892439917194e-16,-4.9654006312928e-17,2.89241205516382e-09,5.87633458319041e-17,-2.33166926697341e-17,1.01674872230756e-16,2.80862281900541e-17,1.74521168296021e-16,3.11888976368594e-17,1.63296689949614e-17,-2.05324210980517e-16,-5.77530289583901e-17,1.01272609573823e-16,3.09451474565986e-17,-1.74027083105507e-17,1.21339852293845e-16,1.347649630769e-07,8.71171247024761e-17,-2.92082659781832e-17,2.46867459295106e-16,-3.47378376064356e-16,-4.00447522862778e-09,-7.22534190844786e-17,-1.48184016267771e-16,-1.25691495177608e-16,1.40356965802858e-17,-4.09849409014681e-17,3.079066754238e-17,1.87342219941512e-17,2.24309281437114e-17,2.1357501367661e-17,-6.87980265046198e-17,-2.41903375836842e-16,-9.21392134242896e-17,-1.30161325562664e-16,-1.59498209039255e-16,4.72733054494318e-17,9.44121878541286e-18,-2.77179595314904e-16
"t23",0.0361769528237728,-0.0110989367085068,-0.0121869744992313,0.000765967172454396,0.00801561020083398,-0.0293144356219306,-0.0044402283178008,-1.61052335355615e-05,0.0393135903420035,-0.00138317289473342,0.00154321622494874,-0.000711765804504011,0.0018332632923585,0.000443974782330566,0.017703707128405,-0.000711050915122972,-0.000592029696245719,8.7250094128472e-05,0.0535323538464348,0.139524598151635,-9.17115621350711e-05,6.07494384449368e-05,-0.0169611109546004,-0.000435773119208734,2.45013330296227e-05,0.00119608284884158,-0.0119033252260865,-5.92972812311179e-05,-0.000414452846130996,0.00368028422431993,0.000675623893714152,-0.0157360057345322,-8.21692642181873e-06,0.00928613443835643,-0.0493407474341392,-9.67986848572927e-06,-2.68370071951894e-06,9.7651414317788e-06,0.00135224039883018,0.000414239697584237,9.27302764414084e-05,-0.00316424821528099,1.18948727705662e-05,-0.000805414667159539,3.69153775045296e-05,-2.09991433002339e-05,6.44668541637124e-06,-0.000135090958308008,0.150025722845544,0.0497913872393506,1.40537266865023e-05,-7.35485785826156e-07,-1.28194600509061e-08,1.08838557386776e-06,-0.00515957954029857,-5.45479174975487e-05,0.0432232685929685,2.07441129450079e-05,-0.000143376612370175,-2.23813070134265e-07,-3.34153760172044e-07,1.963549266751e-05,-1.2456702941957e-05,9.43741336930449e-06,-0.000103805005699892,2.19468739925493e-06,-0.000260877118425884,4.7894690666642e-05,-1.17185427907424e-05,5.38081486703199e-05,-4.84518531909289e-07,1.27215252668147e-06,-4.29956676437329e-06,-2.38004438572458e-06,9.26665988167964e-07,-0.191735139563837,-1.76988972299115e-05,1.74111789358673e-06,-0.000448390086089216,-5.38723282390753e-05,3.30376132104453e-06,0.000255309699621856,-0.000349703455220554,-1.02821580866297e-05,0.000912771797257328,2.10705147335385e-05,-3.85281229021029e-06,-0.000602502796366849,-2.38684916884506e-08,3.34551042806622e-06,-4.04183687818222e-05,2.4497427940362e-08,1.69780064053601e-05,-1.53802814218219e-05,-3.5302765659759e-06,-4.29665472008421e-06,-5.05997764432264e-07,3.17010352187317e-06,-3.93639897889259e-05,-0.0042061795147513,6.66544944605536e-06,-3.50102860483402e-08,5.57354497591795e-06,8.19953573265329e-06,-9.37637462201867e-06,2.69761730310579e-07,-7.47688871687826e-05,9.6940904015394e-08,-0.000112004575546897,3.28733034233534e-08,1.10793131737352e-06,2.22084076154363e-06,-6.88209302180243e-07,7.01057108848701e-07,-7.24481466585758e-07,8.07508310929328e-07,-8.80229116229596e-05,8.93899015218949e-05,-1.30034786021198e-05,4.56451539621221e-06,-2.60332246258513e-06,5.98908565550497e-06,-0.00346680154852454,0.000743110966516579,-4.12588767418915e-07,-3.58677052824101e-06,3.84947302265251e-07,-1.06978973876465e-05,1.01537338054626e-05,0.000353091417181933,2.59788014766702e-06,-9.28103829750028e-06,7.36815389776675e-07,4.80740022556919e-05,-1.95041753534346e-08,1.29311661927785e-05,-0.00235025193658242,-6.66627261804477e-07,0.000461526869586592,9.35251058414885e-05,-1.43650924189226e-05,-6.52835830785335e-07,7.57619829743537e-06,4.92259854162788e-07,2.84006564320565e-09,-2.26158393257591e-06,-2.15013954379517e-07,8.07884360960774e-06,4.71441723551064e-07,-6.07165340484761e-08,-7.33350822945504e-08,-3.50636101953468e-05,-3.7337471821897e-08,8.27388386344875e-06,1.5046332338497e-08,0.000291266225852795,-2.81368954569207e-06,7.52466921602032e-06,0.13325604893668,-4.58746958816697e-05,-7.3021348079161e-06,9.18138365073465e-07,-3.9311940208297e-05,-4.79013008460188e-06,2.2659437181404e-06,-1.19274481996617e-06,0.000104081191195797,9.98199376893774e-06,8.58164457671412e-05,6.08180189255277e-07,-1.04185528433687e-06,-1.81715799959661e-07,1.77158579050548e-08,5.88791621436694e-06,8.67390941826998e-08,1.67784555261957e-07,7.15179733033969e-09,-1.304362531117e-07,8.662097305386e-07,2.21279351894491e-07,-1.38159491446855e-06,-7.8101812764439e-07,1.98244499938859e-07,9.3459001573051e-10,3.28526568825335e-08,2.06659421259996e-08,0.000187291994315084,-0.000199233114961322,-0.000333046282057605,1.62462814667691e-06,1.96062624978026e-05,-0.000663027971455895,-2.41335305154035e-05,-5.02442040225547e-09,-6.86451493183739e-07,0.382361329306532,-0.000455400365794029,-2.6558893406131e-06,0.0140972888603346,1.28030493573559e-05,2.92439076107827e-05,3.4584862563721e-05,-5.91611271715567e-07,-3.52206719099921e-06,-0.00109162698683962,-4.29909005835869e-06,0.000630530961528262,3.1845923438821e-06,-0.000164368606796403,-3.24795450631083e-08,-0.000602828471555027,-3.7629701448787e-06,-8.95601448075788e-06,-0.0019293255754711,1.03325856565558e-06,-2.34583279810151e-07,1.05064529371233e-07,6.71440645523746e-08,-1.78277560345035e-05,-7.27796566314123e-06,-3.28811632078382e-06,3.69331199480952e-06,8.02234077181134e-07,3.35359421324731e-06,-9.55175928249703e-06,-5.40371475957249e-07,-5.10778319799673e-05,-2.73826845971438e-07,-5.76571840790819e-05,-1.81925953425881e-05,9.68959036157033e-07,1.97546744214377e-07,5.93029682267004e-06,2.17884757295233e-06,-1.20530588153192e-06,-2.12080622914239e-08,-9.12691446113216e-06,-1.84145090968014e-16,-8.33223159880121e-08,1.18259935757634e-06,-2.30440638704594e-07,-5.73136184701851e-07,-7.50548482047684e-06,1.03622692985896e-07,-1.39256342012323e-06,6.13918273644978e-07,-1.17363601528749e-06,7.38912446314358e-07,-1.483816623932e-07,5.85048010167747e-05,-3.77588158255397e-08,4.13629052265835e-06,-3.43891038268869e-05,1.31873164647395e-08,-8.3530586375731e-10,3.86585128165109e-08,-3.41212839002949e-08,5.34503199259272e-07,1.29467701751146e-05,-2.38513867127319e-06,4.47213427737321e-07,-8.01517095624106e-06,9.22822071622258e-06,-5.46805876445277e-07,5.39086530520886e-06,-1.81679896329714e-06,6.50113563885693e-09,5.64530335840713e-05,2.73548361392348e-07,2.28740346984635e-05,5.71512237244908e-09,-1.69857778191038e-06,1.53255896781308e-07,-1.56013618591352e-07,2.40751211728792e-07,-4.56107705083225e-07,3.3779985490934e-07,-2.37144374222602e-08,4.11192037682941e-06,-1.73069062972309e-08,2.7703920467104e-06,1.07730151880515e-15,-6.17443156052285e-06,-6.05835878138323e-07,-6.18179421059426e-12,-4.79941335880722e-08,6.26912176669425e-08,-3.64803324810718e-08,-1.00207130699562e-08,6.28211538718323e-10,-2.63826819824423e-08,9.80318089157097e-07,2.39121988624457e-06,1.41427532244761e-09,-1.94658966649191e-06,0.000170700722576783,-4.5244266875181e-08,5.35721364324692e-06,-1.03244054888707e-07,-1.83138353017789e-07,-2.8391407013311e-09,-1.32937180375628e-05,2.85628399543794e-06,-1.34114153569912e-08,4.57972084858248e-06,-5.95189792236287e-07,2.23144628699261e-06,-2.17629731454888e-06,-0.000185234527688691,-9.98930214037048e-07,3.27355573404583e-07,2.33394171101885e-06,-2.60945913345665e-07,1.3232974193432e-06,-3.6839752134385e-05,-1.6558928239537e-05,8.79596129007199e-05,-7.88738394037222e-16,-1.4516604697319e-05,-1.34051649523942e-05,2.46718417362696e-05,-0.175227329148393,1.15858567515723e-05,-0.840532095774052,0.000935644516477582,-6.22154989417288e-05,0.000135898858126975,-6.41432726920549e-15,-0.000504999018013555,-3.77810469698046e-08,-0.000141016178378604,6.07959530165459e-07,8.9864992175931e-06,-5.13623066923842e-05,-7.940828253229e-05,1.97934796196189e-05,-1.74344677686205e-06,0.000100225167368068,-3.05813382928269e-07,-2.84877981880862e-05,-3.74698884063173e-08,-5.69821235270503e-09,-0.000283247275667129,3.96121363970387e-07,-7.82098415830913e-05,-2.25326203781233e-15,-1.93572497390852e-06,1.50401651823756e-07,4.33409315330588e-09,3.76955547761672e-08,-5.72138989692669e-05,-0.00026858862820082,1.20251282729686e-06,-4.42480083081538e-06,-2.57877400332921e-06,-1.73767376853197e-15,-0.00045677612001456,-1.648645276417e-07,-6.75453270121599e-05,1.58146010986121e-15,1.7765152139524e-05,2.640358659672e-06,-4.50318752767622e-07,-0.000254156618583759,-0.0620924979615721,3.46248653605595e-05,4.78162284439487e-06,-5.02427679490899e-07,1.26620221004406e-08,1.14180000123199e-08,4.7589565589693e-06,1.46358820152231e-07,-1.50504222624149e-15,-7.68194492176396e-08,2.90562233563675e-06,1.30011221726687e-06,-8.47392609761505e-06,-3.31603720517752e-16,-1.79615409447204e-07,3.3496003287465e-08,-3.81434930866327e-06,-5.47634580527324e-08,-0.00018508282809103,1.89510454419777e-07,-2.50896785276667e-06,1.3333838891704e-05,-4.01575778979927e-16,4.79865175885873e-05,-2.276189876361e-07,6.62251754298714e-07,7.15539231019064e-05,-9.41090330357901e-08,-1.19199084863903e-07,8.67361737988404e-16,5.48375473821642e-17,-1.12829563945307e-07,-1.41100768107723e-07,1.9033934843303e-08,-0.00554619559259571,4.93132041917657e-15,-7.13237846364695e-06,-8.70907849469718e-08,-7.84539886987634e-16,-9.26191925865045e-17,-5.66501652039735e-17,0.00108112637331702,4.22759308932271e-07,-5.29286318784975e-07,1.62692512634552e-05,2.31144413644657e-06,4.29069684635585e-07,-1.86179882197405e-07,4.68114299968214e-17,-4.06719360347653e-08,1.14023861836347e-07,1.96109804215922e-16,1.60768592403295e-15,-7.09651790974721e-08,-3.82077391856553e-08,-4.17756957026462e-08,1.05270133334002e-05,4.08891514483451e-08,-1.52640987148113e-05,2.12080937708255e-16,-5.75674758706234e-07,4.3928941801245e-15,-1.86798124961142e-05,-4.0462425077159e-16,-4.54103567813302e-08,-8.58727349425381e-17,1.86371766173027e-07,4.90675598427689e-08,2.17905329653142e-06,3.00452741979541e-06,1.32801404295386e-07,-1.53436741936628e-08,9.8358923748214e-08,1.88646071601488e-07,0.000964772810466229,4.89342923679117e-07,3.16171317622634e-08,-9.40695050166045e-08,-0.000947739008788865,-1.18987110242597e-06,-3.96054091073983e-08,5.1744817634224e-17,3.82297413592222e-07,-6.64257630611919e-08,3.44387526996652e-08,6.48302814986903e-18,5.94815054488458e-06,1.8206587463544e-06,5.82666606005859e-07,1.31729065029112e-16,-1.4119743999607e-07,-7.34551250551429e-05,-1.63794631113902e-16,-9.81303167500236e-08,2.19303691296713e-07,9.18717910308401e-17,-3.3125723520643e-16,-8.15833063783074e-09,-4.1473358723813e-05,-2.33506462332488e-07,-0.000133391313964852,9.75480348200247e-07,2.57403901702382e-08,2.63518525398214e-06,2.30426112889802e-07,-5.7591380924395e-06,3.19839640883224e-16,1.06264110084952e-09,2.48776113458573e-05,1.9867453357076e-06,1.99633205454722e-05,-2.15612732416281e-15,2.92119855018068e-16,2.84591453344376e-06,8.80164474391987e-17,-9.48397803223948e-16,2.91260097368614e-07,-4.27958483047583e-07,-8.01207910933171e-08,-4.47913673499612e-07,2.04474558149007e-06,5.34098797765528e-07,6.82242051095974e-07,9.33047971522157e-17,3.58157179391746e-06,1.55200056997819e-06,7.65944902489445e-07,-7.29020831654613e-08,2.8682217301817e-07,-1.82813900679935e-16,-1.63685409129237e-16,3.11329858067085e-17,-2.43814059165054e-05,-1.19518648205104e-08,-7.74682626038859e-07,1.66747988531939e-16,-9.14275352707032e-09,8.92078524249985e-18,-8.17040678804962e-17,1.48387587241907e-06,-3.71492506285585e-07,6.93889390390723e-18,-3.05947261186326e-06,-4.12092978837369e-08,2.51200582663976e-16,9.29660327056212e-08,3.06751376841038e-16,3.43774230417147e-06,-4.3951785780045e-16,3.42782831286768e-06,2.82682817612132e-07,1.02366944589998e-08,1.01053020826153e-06,6.93150217783003e-06,-3.29171651980258e-08,1.00716544834266e-06,5.92051894500987e-17,5.92992391871071e-07,-3.34559553830227e-08,3.02421023179844e-16,-4.4051408099199e-09,-8.9679094372162e-08,2.08167747288951e-08,-1.37588085612641e-16,6.65616839816694e-08,8.79810420849204e-08,3.86560468994701e-17,-2.43920620097795e-06,-1.85068219567434e-06,-2.52272313138315e-09,5.8738023597687e-17,8.4763774646458e-17,4.49538124447868e-08,1.43594474000147e-06,1.16135984004539e-07,-1.77945764350534e-08,8.44821752287524e-07,-3.59514592821045e-17,1.99879773988763e-17,3.08327082143446e-06,9.27599178998376e-09,-2.05813216590412e-16,7.4512311243893e-06,-7.19613716926798e-17,3.70235859407136e-08,-6.37163625363387e-07,-7.86355993774311e-06,-0.000307784638694555,-2.59829710978156e-16,8.28979762886835e-17,7.69582288917653e-17,3.89342681217054e-17,-4.18622814238901e-09,-1.45212712681378e-08,-1.697100569334e-16,-3.79586757271253e-16,1.25870334484246e-16,2.04354229097003e-08,1.8361033555244e-10,-1.01028283332037e-08,1.80140640805231e-17,8.56519716263549e-17,-1.71629203904455e-16,-4.31996962023498e-07,1.32175886251858e-08,2.38189988734713e-16,2.31586462906208e-09,-6.05488692499953e-08,8.05537575787337e-17,-2.59785448458926e-17,-4.34094922500499e-06,-4.27400909195253e-10,-2.14801385671356e-06,2.02700960059814e-16,2.32327919718245e-08,3.746465530733e-07,4.01541504450761e-07,-1.49626688475503e-06,-8.87560108691518e-08,1.44382197336054e-09,2.54834516985049e-16,4.48108764757397e-16,-2.55787473277465e-16,2.73440394125803e-08,-2.47566229621907e-08,-8.87299461580244e-06,-7.31838954360272e-09,1.91832876166687e-16,-6.30256135381836e-17,1.13797904797595e-16,-1.95209230529442e-16,-1.30623159607599e-16,3.48428176055016e-08,2.94680676958507e-17,-1.62126000507753e-16,-5.83287447309516e-07,-1.87311783831917e-17,-5.22166258545765e-07,5.82776965993926e-17,-5.93526179164299e-06,-2.42648298669431e-17,-7.17082972450269e-06,-9.78153465923563e-08,-8.62312375082327e-08,1.00893040982357e-16,3.13519501273543e-06,-4.22652158682218e-17,4.75222212822229e-07,-7.54294329917278e-08,4.1739653658171e-10,2.99070619546854e-16,2.29661608468864e-06,-9.78854774210051e-17,-1.65112090373295e-07,-8.4281471067504e-08,-6.21384840421542e-16,-3.69016649453e-17,-6.66772709296082e-18,-2.15388306458987e-17,-1.27705924576004e-08,-3.79909148911516e-07,-8.4804449260713e-08,-2.31091893868082e-16,-1.30788570412147e-17,-8.67931223051662e-09,7.07973113484722e-08,3.6011758247591e-16,-4.2491656985991e-16,-1.4169783992849e-07,-8.05192495793598e-17,-0.000150851502174774,-3.83409083411231e-17,2.48775548426882e-07,1.35613511710354e-17,-2.0350528610241e-14,3.34682863214774e-17,6.13768807615032e-17,-4.86942500227276e-17,-1.82593030831946e-16,4.78447741765454e-09,-3.34613226608143e-08,-8.00610031894527e-17,-2.22343636229944e-08,9.34953310926343e-07,-1.48491797185913e-16,8.17596409581173e-17,1.53447886248186e-16,2.84986704889513e-15,0.00153655614719228,1.32644520496392e-07,5.22348827525927e-17,-2.65122970128627e-17,-1.6391231016462e-07,-5.29858615375062e-08,-8.03770591541715e-10,-5.96751085365063e-17,-4.17383392803022e-17,7.11239077328651e-17,-2.2081129811708e-16,2.09557248713904e-16,6.0089552604793e-18,3.24083377046073e-06,-1.12162031152311e-06,-5.89304229106599e-07,-2.56692605751958e-17,5.16819808487657e-17,2.08767490500503e-16,-1.19217917915504e-16,1.27006539685434e-16,-1.48656573137536e-17,2.57134719201403e-17,-6.37243998412128e-17,2.55954506134231e-17,5.70292823739087e-17,-6.46893076780967e-17,-3.71728260087014e-17,2.313288303464e-18,2.07482805601092e-17,3.13441059056836e-09,3.45520822344013e-17,-2.56705025000138e-16,-2.264275637505e-17,4.43447574621009e-08,-5.00456860457647e-07,-1.53671731880378e-16,-1.14423773505237e-09,4.04903904465582e-08,-7.36282712062218e-17,7.37866486951943e-16,-7.80095546217817e-08,4.44267758135181e-17,9.95027798044841e-10,4.47702697134348e-17,-1.85705670501545e-17,7.52646248697323e-17,1.0169581787431e-16,9.08991157700255e-07,-1.3345796114051e-07,-1.68170180988268e-16,-1.06637523383462e-16,4.92228761712324e-17,4.43971211170107e-16,2.03613167992778e-16,-8.75721757113946e-17,-6.37657141405306e-17,3.39507838072131e-17,1.59660647133915e-09,2.81306898067786e-18,8.20769596371439e-18,5.82565143413445e-19,3.09377172441795e-17,5.33931707866773e-17,-1.75142980657094e-16,-3.4675498907551e-07,2.28708901112216e-17,1.20634934178382e-16,2.34532071085207e-08,-4.30762818339692e-17,3.63430897173797e-16,-6.96636480627883e-17,1.35485107000184e-16,1.96464392992852e-08,2.54539816279111e-17,-0.000425118789303928,6.90416759282055e-17,-9.06355928433801e-18,-1.2474392725198e-16,-2.74929954019801e-17,4.72190682214327e-17,1.49622486373723e-16,2.31395607772008e-08,-3.73252778170327e-16,1.12385375261586e-16,2.9248267839551e-09,-2.89117251380837e-06,4.28383046426471e-17,4.9754806657073e-07,6.76201271921757e-07,3.41984147449865e-16,-4.50703397879912e-17,-1.39368489893536e-16,-7.10952438195041e-17,-9.26885293991112e-17,-1.13177255158231e-06,-6.12400899824777e-17,-5.22686328177215e-18,6.97651481047371e-17,4.52648117732002e-07,1.13973466547839e-17,-1.48154623200516e-16,1.94204002035043e-16,6.09790769961347e-17,-2.05949821492268e-07,-7.91926972649817e-17,6.06964524972106e-10,1.288252836796e-17,3.99579754470934e-17,1.16492918338854e-16,1.16369511597198e-17,-4.4658745200763e-17,-9.84795761490938e-17,6.68626569928757e-18,-1.0511233254647e-08,-1.15543642615313e-16,2.50745057625546e-16,4.41697199657229e-09,8.91241012284282e-17,7.40796239500342e-17,2.04397781349216e-16,5.30699383088337e-18,1.76129865925858e-17,-9.17647683871968e-17,-3.19732488287706e-08,1.00869821304904e-16,-1.65928456614831e-16,9.51446287967755e-09,1.70307489017122e-16,1.54978896050035e-16,-1.16128502808189e-16,2.10948333356307e-16,-1.96079309003911e-17,-1.58873869326624e-16,-1.90134185083458e-17,2.14296839595093e-17,1.92062729944273e-17,-6.65761162313661e-18,-8.17502679173577e-17,-4.97964035743395e-09,1.65080055402229e-08,8.02458406193409e-18,2.58068417862112e-17,-3.1271326512761e-17,4.20365324963202e-17,2.86229373536173e-17,3.48539580505664e-18,4.69180208799633e-17,-1.94738643932837e-16,-1.57114513143932e-08,-9.03997677460463e-17,3.19361117212262e-17,-9.20271610503902e-18,-1.41266774556944e-16,1.82679885306208e-09,8.54680099736226e-17,-2.89288605682035e-10,-2.43651848479455e-17,-2.55216169018612e-17,1.40424583191873e-16,8.50178251241684e-17,1.3447507800066e-16,-9.48225126598362e-17,-5.4874426459474e-17,-6.86373733260748e-17,-1.68155199171382e-16,-2.72185206353968e-17,-1.10261552402619e-16,4.20066902746985e-17,-7.88050254359414e-17,8.41160726303963e-17,5.87042604507076e-17,-6.41866226784326e-16,2.27799249652511e-17,-9.07056266435188e-17,-8.74776385758573e-18,-1.41549188454926e-16,2.16840434497101e-19,-1.56754844335436e-17,1.44147178977562e-16,8.76899999870193e-17,2.53062911729573e-18,1.39227246789879e-08,3.74742181335468e-16,8.79259410237057e-17,4.03175325735185e-17,8.69297103642894e-17,4.77823859997489e-17,2.21907699546508e-18,-1.15324967784128e-16,-7.35277030010287e-17,-9.21485949153012e-17,5.29477307528964e-17,-2.62376925741492e-16,-4.2012378145646e-17,-1.02888004343358e-16,-3.54879242263302e-17,1.54638550512386e-16,-2.23994357299122e-16,8.49895480203248e-17,-9.66625445192107e-06,-1.0965117030546e-16,9.60229813094103e-17,1.18035918903339e-17,-1.81846089766803e-16,1.72355675341968e-16,-1.17512854810904e-16,-7.40930592587716e-17,3.16733083867855e-16,1.98983429353555e-18,4.07962532322262e-09,2.2011883350357e-16,-2.07321771624021e-17,3.61393627012516e-17,-1.23383838081202e-16,5.74506884675326e-17,2.76786736149166e-16,-1.09191490812929e-16,3.06620549637458e-16,4.44235505490333e-17,-1.10370395770327e-17,-1.50760588204218e-17,-1.99807078764078e-17,-2.91202807145056e-17,1.89365317659545e-07,-2.93371261032849e-16,2.61548953955246e-17,-8.31148743801945e-17,-5.88504939225132e-16,-5.61715199368181e-09,-6.50254253742537e-17,1.72133590809756e-16,1.0581285532203e-16,1.54719096665926e-16,1.91490282575917e-16,-3.36614206258879e-17,1.91497530754302e-16,4.1840932817692e-16,-1.98068113359103e-16,1.52777567634992e-16,5.24658250841347e-16,6.89808052175971e-19,-7.3803235357252e-17,8.97990088126815e-17,5.37253015547742e-17,1.29617693484458e-16,3.63260459885005e-16
"t824",0.0362118326520204,-0.0111215669677979,-0.0122126324265395,0.000768133545561212,0.00804342455477063,-0.0294340101457395,-0.00445870056370114,-1.61776408538451e-05,0.0395228872042892,-0.00139213439966411,0.00155597243903155,-0.00071905988045042,0.00185261845199104,0.000448735565413406,0.017902119632095,-0.000719508319984632,-0.000599246235409858,8.83336762372367e-05,0.0542132149054457,0.141459411381101,-9.3092313515978e-05,6.18648885131733e-05,-0.0172911446030224,-0.000444304141502306,2.49830032630167e-05,0.00122079652911091,-0.0121523906818325,-6.05499609017208e-05,-0.000423460739361625,0.00377605293263316,0.000694487475134661,-0.0161974425778457,-8.47726383747943e-06,0.00959599990572483,-0.0510822025288808,-1.00527455612991e-05,-2.78858440543527e-06,1.0153762109513e-05,0.00140647702977179,0.000431140162084777,9.66399387997457e-05,-0.0033014361121078,1.24195973332581e-05,-0.000840995175729382,3.85796798166166e-05,-2.20180448250175e-05,6.76644744962111e-06,-0.000141860900675511,0.157762234999804,0.0524388283243407,1.48316951424037e-05,-7.76964239854365e-07,-1.35443907988019e-08,1.15136527497131e-06,-0.0054717633487764,-5.78705737977528e-05,0.0461884463571598,2.22135197482322e-05,-0.000153571444981405,-2.41021992116244e-07,-3.61413313919888e-07,2.12852039320479e-05,-1.35287024544817e-05,1.02545203746115e-05,-0.000113209530227652,2.40193386984028e-06,-0.000287970720297938,5.30992659762633e-05,-1.30199070567063e-05,6.00315153342388e-05,-5.58558893528317e-07,1.59466311063124e-06,-5.60732114712613e-06,-4.15451444935595e-06,1.84727898141788e-06,0.273465238514167,-2.06066355226599e-06,1.5088640776161e-06,-0.000462236094375904,-5.67011398753252e-05,3.55628888925324e-06,0.000275840646518861,-0.000385713083982593,-1.13965226295877e-05,0.00102969886798558,2.38707567446522e-05,-4.3829609490773e-06,-0.000685859445954948,-2.7175378642271e-08,3.81065790593105e-06,-4.610864626801e-05,2.83386583470324e-08,1.96646745901921e-05,-1.79630690233354e-05,-4.18236991116397e-06,-5.10132987175836e-06,-6.00821513775985e-07,3.78502382213381e-06,-4.70967163435056e-05,-0.00507222291639273,8.09044959919461e-06,-4.2519988979395e-08,6.77354094333717e-06,1.02798549819579e-05,-1.17842667518794e-05,3.39693997465534e-07,-9.44792088981371e-05,1.22615842583634e-07,-0.000141915649405511,4.1762805997941e-08,1.40875897845161e-06,2.83862010450466e-06,-8.80204554687501e-07,9.09462662741815e-07,-9.42787236668485e-07,1.0581631626564e-06,-0.000115712232725338,0.000118558990801945,-1.73992916227526e-05,6.14934717702176e-06,-3.52106503747058e-06,8.21455256705699e-06,-0.0047998085537701,0.00102921647351195,-5.72223903287194e-07,-5.02428756588068e-06,5.39680813716956e-07,-1.51305845631242e-05,1.47420586581227e-05,0.000512802085854757,3.78122653017439e-06,-1.3758009471323e-05,1.09619298900113e-06,7.17092766135473e-05,-2.940566318804e-08,1.95244871435445e-05,-0.00362550632508806,-1.04298647816264e-06,0.00072636580710323,0.000147153957653468,-2.25481107431648e-05,-1.02285670132598e-06,1.18236431874059e-05,7.66794068217059e-07,4.42385816753322e-09,-3.44793176013399e-06,-2.88540362730144e-07,5.49934945042773e-06,1.46695767775494e-07,8.06281879974729e-08,1.13401913318968e-07,0.000102818298096477,1.54098336553627e-07,-5.00354390828828e-05,2.69757332484957e-06,0.436295048781319,0.000510627235189196,-5.57621176159369e-06,-0.0150679897050457,1.76794184010954e-06,-2.24775565677846e-06,3.38108821445381e-07,-2.72783780659668e-05,-3.49141376602892e-06,2.24018826114013e-06,-1.45709996049108e-06,0.000207394968143212,2.02408697556093e-05,0.000174800107753742,1.32792375462931e-06,-2.47863342743597e-06,-4.37905177423592e-07,5.18249234910648e-08,1.84643392082712e-05,3.22759003133405e-07,6.54769827672669e-07,2.86284116283708e-08,-1.04137116061282e-06,-4.10295441001793e-05,-4.52421420983818e-06,1.81123116885034e-05,4.79795688071725e-06,-9.98015330744777e-07,-3.9719545189253e-09,-1.21047784595186e-07,-5.10116780974622e-08,-0.000423996767792003,0.000237652145149525,0.000389685331563436,-1.5690068566716e-06,-1.11883120917251e-05,0.000233331321483568,7.01623696664458e-06,1.05397585895363e-09,1.07093223043693e-07,-0.00837519944993878,-1.38975617185885e-06,-1.38085502186553e-07,0.00105327664012686,2.80817360836701e-06,6.58202984922016e-06,9.45432463446449e-06,-1.86803168288497e-07,-1.41493230756539e-06,-0.000438929558561768,-1.7587836827723e-06,0.000270990893494176,1.41232784228729e-06,-7.84989090764213e-05,-1.67541203173404e-08,-0.000327932902709019,-2.07819826579935e-06,-5.2626098215625e-06,-0.0011690758287959,6.26592130172002e-07,-1.45477794864434e-07,6.8624230542491e-08,4.42639966117827e-08,-1.23093128009211e-05,-5.17497196586051e-06,-2.36089023398956e-06,2.75508521563741e-06,6.0365858558478e-07,2.54720398516782e-06,-7.45805794207698e-06,-4.24218772069722e-07,-4.01517211045357e-05,-2.2148519962592e-07,-4.74256727441478e-05,-1.52402914065303e-05,8.18377794454213e-07,1.6825353041735e-07,5.09050265833665e-06,1.8744201694915e-06,-1.05801714734692e-06,-1.88492335323305e-08,-8.22102698835182e-06,-2.68340501236279e-18,-7.64969714778966e-08,1.08985944112516e-06,-2.18007937142549e-07,-5.53272836889166e-07,-7.36730087471291e-06,1.01817072282291e-07,-1.41175473105124e-06,6.25688489480246e-07,-1.19906994933041e-06,7.63856406091923e-07,-1.54623536180781e-07,6.18716101816299e-05,-4.01960371470005e-08,4.41532501386103e-06,-3.72665442304063e-05,1.52638109670962e-08,-9.90965023581203e-10,4.6844569837004e-08,-4.339738745632e-08,6.82251365346807e-07,1.71358261713545e-05,-3.22472254619475e-06,6.24080036311074e-07,-1.13031424132832e-05,1.31604086092556e-05,-7.92290374823834e-07,8.00337782533798e-06,-2.70492048379702e-06,1.03492601437014e-08,9.00146938995071e-05,4.36973701346638e-07,3.72647585056144e-05,9.38060616385604e-09,-2.85699670520824e-06,2.58979287144071e-07,-3.1380890814104e-07,4.95301272009233e-07,-9.55855570952938e-07,7.40175024517333e-07,-5.39750055056996e-08,1.0290055269114e-05,-4.46431459165924e-08,7.32693910462056e-06,4.34689740083837e-17,-1.79297071303541e-05,-1.78280439319581e-06,-1.90313070726423e-11,-1.66497446865513e-07,2.45355282208977e-07,-1.52310619342192e-07,-4.32889272908858e-08,5.20782220440827e-09,-2.33540432561525e-07,8.84061048810633e-06,3.18814421278299e-05,-3.98589288975502e-08,3.47370604600778e-05,-0.00241783662149648,3.76093608765818e-07,-1.58897293124694e-05,2.32681646521529e-07,4.067341753938e-07,6.2781759406281e-09,1.7208623418191e-05,-2.2225771104473e-06,9.81591611374692e-09,-3.0665813399072e-06,3.57953956963161e-07,-1.29853117955526e-06,9.59646108961693e-07,7.99636302557821e-05,4.14675474594795e-07,-1.32281869835703e-07,-8.62361575376288e-07,8.7126440646016e-08,-4.01227202436478e-07,1.06993276223528e-05,4.46372975210049e-06,-2.00727384483098e-05,-4.31747417121106e-18,6.1622599569339e-07,3.81259135888245e-07,-2.12524004918752e-07,0.00141004173212647,-8.63062097061844e-08,0.00235614585571282,5.3905352000485e-06,-9.72033287447248e-07,4.70689367044553e-06,-5.48234064149204e-18,-3.72121828565075e-05,-2.95227551719312e-09,-1.2326769696497e-05,5.38019029214662e-08,9.87147015064901e-07,-6.20428757879153e-06,-1.07465536441891e-05,2.86486956515966e-06,-2.85098249334672e-07,1.79454381635682e-05,-5.75320889162733e-08,-5.49702411321809e-06,-7.33892349130037e-09,-1.14435603896547e-09,-5.70345205270517e-05,8.10896294972313e-08,-1.6206877834909e-05,2.07558499497108e-16,-4.32507901383673e-07,3.40175764176366e-08,9.80389201331269e-10,8.76752836987266e-09,-1.33506631070705e-05,-6.34646925777426e-05,2.81279123680476e-07,-1.03176318414962e-06,-5.91597280601256e-07,-1.39143365181398e-18,-0.000101692390711113,-3.6139301261745e-08,-1.34965743121706e-05,3.89903618093941e-16,2.7835846109073e-06,3.69243945947535e-07,-5.82942959980773e-08,-2.6216062944209e-05,-0.00223255387885711,-1.78440407342005e-06,-8.10516252937454e-07,3.01073762748598e-06,2.20121166389403e-07,1.2591542257214e-08,3.00293851124972e-06,9.1103338781331e-08,-8.81841985839092e-17,-3.70875332560568e-08,1.37614614444814e-06,5.96653364827459e-07,-3.77579725577861e-06,1.12326847471641e-17,-7.79899905098465e-08,1.45210985748843e-08,-1.66022503891535e-06,-2.38970465666068e-08,-8.10509992562509e-05,8.36414033525385e-08,-1.12489936817984e-06,6.32136569341951e-06,5.30147846053131e-17,2.47949699087957e-05,-1.18902434519596e-07,3.54992755487962e-07,4.01233599907173e-05,-5.29846288044737e-08,-6.81772251023066e-08,5.34294830600857e-16,2.88551280123873e-17,-7.36711539977983e-08,-1.18849459875475e-07,1.69321505426414e-08,-0.0160250780328404,4.00714743020973e-16,-1.00010118385798e-06,-2.08167147411551e-08,-5.38192455007228e-16,2.71188664191102e-17,-4.02915285242101e-17,0.000371996929597906,1.48223165925298e-07,-1.95076777612966e-07,6.18258903312978e-06,8.81114590384613e-07,1.67658721449692e-07,-7.29327739034833e-08,-8.32296267495969e-18,-1.65195228353911e-08,4.67819429063798e-08,4.64549990492322e-17,-3.67755371505101e-16,-3.00444013287327e-08,-1.62760228651465e-08,-1.79323244160687e-08,4.54033445367777e-06,1.77852713033644e-08,-6.6478835089978e-06,-1.1951874227484e-16,-2.51154650614908e-07,-8.81454633439235e-16,-8.18876054745379e-06,5.11960265847655e-16,-1.9973794167382e-08,3.22083434445602e-17,8.23115022571494e-08,2.16881823592782e-08,9.727615865481e-07,1.34390255555726e-06,5.94489825722759e-08,-6.8921381830893e-09,4.43072491430731e-08,8.55093291841693e-08,0.000437334573326232,2.22223404123433e-07,1.44043333861354e-08,-4.30322702073353e-08,-0.000434962297316662,-5.47436240773135e-07,-1.82432079003221e-08,7.58695170274815e-17,1.76718623165479e-07,-3.08049772620395e-08,1.61048086712625e-08,5.06254087523297e-17,2.78773755116482e-06,8.56017299173648e-07,2.74309861912362e-07,-6.73456815536819e-17,-6.6517332491302e-08,-3.46923422360091e-05,-2.98429760358776e-19,-4.64022171062463e-08,1.04396536487853e-07,6.10050074190105e-17,-1.77620902626723e-16,-3.89288601310546e-09,-1.9793807991578e-05,-1.11551064288997e-07,-6.37936406729602e-05,4.67624016088021e-07,1.23418253009388e-08,1.26385224413452e-06,1.10835332795715e-07,-2.77638703278318e-06,8.39606162372775e-16,5.12944158226893e-10,7.77855976836261e-05,9.58860559362075e-07,9.64103555574222e-06,-1.06207256727615e-15,-7.051909120369e-17,1.37545128933343e-06,5.32262577829746e-18,-3.36686980536207e-16,1.41361279218956e-07,-2.07841938319127e-07,-3.89119145257301e-08,-2.17829342979203e-07,9.94574348412062e-07,2.5979794806432e-07,3.3193725314445e-07,2.38534442027574e-17,1.74663654731119e-06,7.572098167451e-07,3.73753171317512e-07,-3.55983404738424e-08,1.40218935407661e-07,-2.73413970320364e-16,-4.78924644757064e-17,2.84966110658801e-16,-1.19363475465531e-05,-5.85432856928036e-09,-3.79473703739167e-07,5.03200417919643e-16,-4.48055472936817e-09,-1.92067642556405e-16,7.56315133771532e-17,7.2821428905209e-07,-1.82312562917292e-07,2.15973072759112e-16,-1.50174312117303e-06,-2.02292786738986e-08,7.52312900371905e-17,4.56410532354583e-08,-2.07632762038393e-17,1.68775793538844e-06,-1.80488875317359e-16,1.68288205473726e-06,1.3878163426543e-07,5.02562066799728e-09,4.96106627927279e-07,3.40283657690221e-06,-1.61569767994328e-08,4.9413840840306e-07,1.36492779340198e-17,2.90682438610237e-07,-1.63980858590548e-08,6.83001955485059e-18,-2.15878844854239e-09,-4.3934555414186e-08,1.01952246383397e-08,-1.92369761873473e-16,3.2560197227065e-08,4.30264231191697e-08,-1.44637449194423e-16,-1.1924292029272e-06,-9.04550884625169e-07,-1.23209761430702e-09,-6.32093493748958e-16,-4.29235018874966e-16,2.19107306052538e-08,6.99197105601404e-07,5.65375438232377e-08,-8.61732180591736e-09,4.08708691693846e-07,-5.98247163310468e-17,3.29899530781177e-16,1.4905570854216e-06,4.48391244817611e-09,1.28875325069481e-16,3.59729236955421e-06,-3.33537845038199e-17,1.78512997592317e-08,-3.06645541540582e-07,-3.78395283373917e-06,-0.000148026142323814,-9.44597861724307e-17,-7.30321567446153e-17,2.75966449971999e-17,1.26393807138379e-16,-2.00267890479181e-09,-6.94365811625198e-09,-6.59068551212093e-16,7.97848591793983e-19,-1.49358258421754e-16,9.75451871896831e-09,8.75742516048868e-11,-4.80803646609867e-09,5.65773264747501e-18,6.25584653524136e-16,4.11996825544492e-18,-2.03877328672532e-07,6.23596961887537e-09,-2.34557921531811e-16,1.08858424261384e-09,-2.84169702297856e-08,-1.6049796466074e-17,5.23279168350215e-18,-2.02949007389509e-06,-1.99755769206957e-10,-1.00153171295374e-06,2.75751534916938e-16,1.07872185427247e-08,1.73531421227347e-07,1.85336120121949e-07,-6.87120601151455e-07,-4.07009918962648e-08,6.60292992976685e-10,3.16816382485558e-16,-2.70047517691923e-15,-1.61381510689366e-16,1.22896252123743e-08,-1.1123465384491e-08,-3.97691759656759e-06,-3.23629659157519e-09,3.76677716799429e-16,-1.38703471292844e-16,-7.678429824046e-16,2.83659946842501e-16,-2.05200244681e-15,1.516243654948e-08,6.31076971273741e-17,1.41458841936734e-16,-2.52076422939817e-07,-3.90904668423375e-16,-2.2557622407521e-07,-1.04232638959959e-16,-2.56239071784648e-06,-1.54767849604841e-16,-3.05561198300276e-06,-4.15432120512285e-08,-3.64330882436301e-08,-2.75192778005411e-16,1.31581424964652e-06,2.77952523496334e-17,1.96326177773082e-07,-3.04476942020395e-08,1.68302722180538e-10,-4.92877818556471e-16,9.16445854995478e-07,-2.1761797638948e-16,-6.47237491638116e-08,-3.30079088890985e-08,-7.06979291190942e-16,-1.42883987512581e-16,-4.23266226875002e-16,1.00885341276531e-16,-4.92142768388297e-09,-1.45750233158291e-07,-3.23614139326683e-08,-5.33890773232024e-16,6.02496400083424e-17,-3.22180892966556e-09,2.62458913716929e-08,1.27997682538371e-15,2.22509517214006e-16,-5.04596597914197e-08,1.26670712524549e-17,-5.32097193187617e-05,1.04043891296279e-15,8.51718866438578e-08,2.12705923863719e-16,-6.29313891803213e-15,1.26219114365545e-16,5.69479287102204e-16,1.33366497213756e-16,8.95362434839752e-16,1.52229838484211e-09,-1.06348160996463e-08,1.42211742211056e-16,-6.84919119486602e-09,2.83894937706106e-07,-6.88545678518661e-17,2.12227351873768e-17,-2.50343387813918e-16,-7.47149696370833e-16,7.19055884950753e-05,3.81630179254279e-08,1.05039234201436e-15,4.06180227443604e-17,-4.56740146194689e-08,-1.47148832420395e-08,-2.20785448851327e-10,-5.08576962723765e-16,2.16879499025857e-16,-1.62142273792826e-16,4.37103664155642e-16,-1.34527105091336e-15,9.80825694753642e-17,7.32885785311591e-07,-2.47940334886963e-07,-1.27217831397055e-07,-2.13835095396428e-16,3.46437510426566e-16,1.70365201474292e-16,2.90495147330129e-17,-2.12488029395546e-16,3.05854817116446e-16,-6.53657365146415e-16,-3.05059775379823e-16,4.86494018759551e-16,3.39999335187184e-16,-4.07837625896541e-16,4.41941671422072e-16,2.21748686274578e-16,6.08473357095615e-16,3.23650159869175e-10,-2.89344612456925e-16,3.00451603438987e-15,5.74920608743587e-16,3.70139897679987e-09,-3.93800307382609e-08,2.03408210551791e-16,-8.6594830279379e-11,1.96106263607215e-09,1.69539364720484e-16,-1.32123219477345e-15,-8.1821447219861e-10,1.48436520576689e-15,-4.31003267898649e-11,2.93855152501341e-16,-1.16575256814942e-16,3.37178343745651e-16,1.89230409130677e-15,-1.36361743193044e-07,2.11512212361683e-08,-1.93561750940535e-16,-8.80114069954341e-15,2.21588633858108e-16,1.9648429019094e-14,-1.30494573480355e-15,-1.81204953087794e-15,-8.51331422594318e-16,-2.39851171073906e-16,-1.84228702448974e-09,-1.79981096499121e-16,-1.12481221603028e-16,-1.6338929886818e-15,2.91635695335026e-15,-6.37946847748339e-15,1.69590086123236e-14,6.28283251444259e-07,-1.09706902110423e-15,-1.69334901576996e-15,-4.66565775112817e-08,-4.28625918613102e-15,2.71370816549685e-15,4.90606943167389e-15,-3.10740870337347e-16,-3.25917290509017e-07,4.56612839603003e-15,0.820054429046198,1.66928949174571e-14,-2.2608079987454e-15,7.22448427397699e-15,4.1934874118381e-14,2.56670935462578e-14,-9.21812164197588e-15,2.13258021422409e-07,-1.14656718027588e-14,-6.8536257701472e-15,1.60544517811012e-08,-1.55692617613166e-05,-1.86852216807489e-15,2.04761287903311e-06,2.60112705371651e-06,-2.11201684353578e-15,6.75295970058639e-15,-3.42716661390115e-15,1.04033000576616e-15,-8.00994799032055e-17,-2.4235421582344e-06,-2.7924243647179e-15,-8.93038366875605e-16,3.07813526728619e-16,8.88094286258115e-07,-5.4210542930372e-16,2.10995983275373e-16,-3.11037458106066e-15,-1.31108627262483e-16,-3.67085569527399e-07,8.31029146999603e-16,1.05404405705138e-09,6.47726786111498e-16,1.96688318230501e-17,1.25571224750004e-16,-1.07936039700264e-15,8.81891970384631e-16,9.85675259375888e-16,2.03139348634974e-16,-1.62458423238417e-08,1.5899172240437e-15,2.80453904576743e-16,6.66217201871714e-09,-6.94509495041938e-16,5.51688287997267e-16,7.03759884464459e-17,-1.90687977369698e-17,3.24949562285452e-16,-2.85139349247775e-16,-4.50654586506094e-08,-6.71303893938055e-17,1.00588673690659e-15,1.30575959296784e-08,3.11472246663724e-15,1.1012939260038e-15,-2.04904630361507e-15,2.96705865909053e-16,-3.91431722214533e-16,-4.76025950657359e-16,7.67869314778053e-17,3.00520801871605e-16,4.70622333509366e-16,-6.84705074626019e-17,2.65662937634023e-16,-6.28839695952462e-09,2.06669805839063e-08,1.08059540457002e-15,1.27646017627465e-15,-3.48059776995e-17,1.34229150294572e-15,-8.98153079686992e-16,-3.26527908111707e-16,2.9156768089438e-16,2.77284589929357e-16,-1.8871350268215e-08,1.5635618340699e-16,-1.71750518322738e-16,1.58874137164476e-16,1.38104966522606e-15,2.1273903415839e-09,6.9446853100458e-16,-3.26618338079831e-10,-4.53856878775095e-16,-1.66202767406153e-16,7.25818164450235e-17,-4.16684088507248e-16,2.26148770633871e-16,-3.554362530626e-16,3.29563245458626e-17,-1.43514538212033e-16,1.37889068534733e-16,-1.148844678668e-16,-1.08492513662405e-15,2.84943497829896e-16,7.11969247444681e-16,1.56822724381274e-16,-2.29318531386629e-16,1.12566357572767e-15,4.69688679247967e-18,1.05173997137758e-15,3.40399679182212e-16,-9.36087462468621e-17,9.38485400503453e-16,-1.11686364975143e-16,3.01697854571795e-16,-9.67078858306398e-17,-2.87926486741411e-17,1.43968565567642e-08,-1.26693583014786e-15,1.46343063752543e-16,2.10475876415438e-17,3.00376083484893e-16,3.22742303915455e-16,-1.94167741834406e-16,8.71886161471493e-16,1.33630951293103e-16,9.32652260271948e-17,-6.71008368685331e-18,-1.28369537222284e-16,7.78980416474293e-17,6.67374778523603e-17,4.40287780475632e-16,-1.37902783906001e-16,1.64182972198225e-16,1.94319190689705e-16,-9.5730394262036e-06,-8.20287140577741e-17,5.52963581470992e-17,-7.20257031604121e-17,6.37175991313776e-16,-1.46455116050527e-16,4.09246918469191e-17,1.2790797570352e-16,1.7276530327173e-17,-9.39345360217519e-17,3.89962085516054e-09,-6.91219866408356e-17,-1.7355550826664e-16,8.00280775092453e-17,-7.9559499523115e-17,4.51385013234148e-16,2.25101130034285e-17,1.09037953978426e-16,7.53698500420775e-16,4.44595818540371e-17,4.77647304042258e-16,-3.13913923035658e-17,-2.83576693431248e-16,-4.52512339843985e-17,1.75877013643473e-07,3.48608041280727e-16,-1.34616927108626e-16,-4.19936494997348e-16,-7.80625564189563e-16,-5.15707597308941e-09,1.70957904878379e-16,1.47336667452932e-16,5.32822699431936e-16,-4.31391980818854e-16,-4.75666552793657e-17,3.75897449093367e-17,2.08787563307566e-16,2.79295877341351e-16,2.10434667286345e-16,8.72438429073235e-17,1.23753037898421e-16,-4.93748005238163e-17,-4.34422629508696e-16,7.92398670631261e-17,-5.89192738927859e-17,5.68429146616187e-16,1.25064116786642e-16
"t829",0.0362149163753495,-0.0111235611656692,-0.012214892968226,0.000768323990467902,0.00804586494120415,-0.0294444820566242,-0.00446031789916836,-1.61839740227825e-05,0.039541147715188,-0.00139291353912023,0.00155707554400273,-0.000719686897139606,0.00185428072323706,0.00044914423116669,0.0179191266652043,-0.000720231761589619,-0.000599862988951268,8.8426219758948e-05,0.0542713119299774,0.141623941171565,-9.32093124599351e-05,6.1958481977655e-05,-0.0173187465684589,-0.000445017372526522,2.50232632006634e-05,0.00122285606396212,-0.0121731306605716,-6.06542108284897e-05,-0.000424209039376159,0.00378390838346399,0.000696026119795392,-0.0162349250551979,-8.49826437021844e-06,0.00962087173830194,-0.0512211911281572,-1.00822233087126e-05,-2.79686223407668e-06,1.01843687700494e-05,0.00141074461125523,0.000432467252988258,9.69457036770371e-05,-0.0033121272988112,1.24603976948976e-05,-0.000843761246671175,3.87087160041068e-05,-2.20962365487284e-05,6.79090720057396e-06,-0.00014237796256887,0.158350546192999,0.0526391796179352,1.48901818355247e-05,-7.80072716801455e-07,-1.35986932449415e-08,1.15606402865259e-06,-0.00549486701567142,-5.81161647395453e-05,0.04640242337276,2.23188075795453e-05,-0.000154301308098839,-2.4223116718323e-07,-3.63299148178204e-07,2.13983961369867e-05,-1.36017447324786e-05,1.03100949673468e-05,-0.000113840280895075,2.41564522601703e-06,-0.000289701868817128,5.34257285705034e-05,-1.31007796939605e-05,6.04112587165566e-05,-5.62429922876415e-07,1.60645115638604e-06,-5.64917075990008e-06,-4.18613233627403e-06,1.86137176964153e-06,0.275568899579469,-2.07656766403356e-06,1.52069736746375e-06,-0.000465991561022422,-5.71682803188744e-05,3.58628126043349e-06,0.000278178643888951,-0.000389101632219769,-1.1497706108594e-05,0.00103925301672805,2.40948524885963e-05,-4.42459214038864e-06,-0.000692386309903731,-2.74341156195895e-08,3.84698399378408e-06,-4.65501319292472e-05,2.86212792528773e-08,1.98615082707731e-05,-1.81472897534271e-05,-4.22703402025124e-06,-5.15613341256011e-06,-6.0727792552975e-07,3.8263113393829e-06,-4.76132896985394e-05,-0.00512901058046334,8.18252847299883e-06,-4.30046178189541e-08,6.85086929946261e-06,1.04057991182683e-05,-1.19293808451914e-05,3.43893656929201e-07,-9.56554708771492e-05,1.2414537925748e-07,-0.000143692036123769,4.22882776263903e-08,1.42651426301545e-06,2.87475419449667e-06,-8.91422314629573e-07,9.21354276303779e-07,-9.55181095540939e-07,1.07223724825726e-06,-0.00011725928092859,0.000120166664863392,-1.76384122230282e-05,6.23470748058092e-06,-3.57021768349577e-06,8.3314468290876e-06,-0.00486894980405507,0.00104404922735768,-5.80485008068021e-07,-5.09772467791546e-06,5.4757707480986e-07,-1.53543021136639e-05,1.49665353841167e-05,0.000520613025225811,3.83895725280072e-06,-1.39721306439275e-05,1.11331695434885e-06,7.28324770030057e-05,-2.98713027821682e-08,1.98341231737035e-05,-0.00368431838825203,-1.06021017496709e-06,0.000738650260340695,0.000149644312448165,-2.29312403201857e-05,-1.04027227451881e-06,1.2025618383095e-05,7.79909064203848e-07,4.49952378572702e-09,-3.50743270177286e-06,-2.93607655931847e-07,5.59763194126199e-06,1.49328793727747e-07,8.20891033245863e-08,1.154581972195e-07,0.000104689349432973,1.56908452669688e-07,-5.09500539560561e-05,2.74795929199e-06,0.444472107621466,0.000520220502753449,-5.68668955694989e-06,-0.0153702771971208,1.80347715138214e-06,-2.29341005993766e-06,3.44990835239216e-07,-2.78410129160028e-05,-3.56354162367422e-06,2.28706060078566e-06,-1.48796016095524e-06,0.000211941147252475,2.06850869116334e-05,0.000178637540148078,1.35721040438428e-06,-2.5335920520513e-06,-4.47622304211867e-07,5.29870751808644e-08,1.88797537596952e-05,3.30071859862249e-07,6.6963077308136e-07,2.92787485944187e-08,-1.06541312891169e-06,-4.19924950655921e-05,-4.63069462807271e-06,1.85397366011897e-05,4.91207447586264e-06,-1.02182431059185e-06,-4.06698979633105e-09,-1.23952060918732e-07,-5.2246940472395e-08,-0.000434287374280406,0.000243533482715317,0.000399335295981611,-1.6081117532256e-06,-1.14720915313706e-05,0.000239334988452216,7.19765450571414e-06,1.08142706893117e-09,1.09897589174633e-07,-0.00859802601540713,-1.42685778216291e-06,-1.41798498127615e-07,0.00108169990394661,2.88604269098729e-06,6.76477641877261e-06,9.71979975835378e-06,-1.92106481895761e-07,-1.45615576671683e-06,-0.000451719093699018,-1.81015202975552e-06,0.000278962626093041,1.45408046009141e-06,-8.08500035564318e-05,-1.72639608517368e-08,-0.000338038822856506,-2.14249009112556e-06,-5.42824959512701e-06,-0.00120622206555345,6.46506424551922e-07,-1.50135272618067e-07,7.08618520281466e-08,4.57123416439036e-08,-1.27195551932627e-05,-5.34961813555139e-06,-2.44090962658536e-06,2.8501188466916e-06,6.24567426415555e-07,2.63583029020754e-06,-7.72111708437014e-06,-4.39222734402273e-07,-4.1572776946726e-05,-2.29440043488355e-07,-4.91441062600083e-05,-1.57979139931652e-05,8.48452902943428e-07,1.74464851216388e-07,5.27922159988048e-06,1.94399308990219e-06,-1.09772085902094e-06,-1.95613960004666e-08,-8.53391291564135e-06,-3.17899966490426e-17,-7.94388429526233e-08,1.13185937320424e-06,-2.26529483988372e-07,-5.7513467167667e-07,-7.66099573043125e-06,1.05878120159652e-07,-1.46898521804737e-06,6.51121742636647e-07,-1.24787096679825e-06,7.95129645556726e-07,-1.60979354357175e-07,6.44333810480431e-05,-4.1865681662347e-08,4.59896897114314e-06,-3.88277421147278e-05,1.59225111039172e-08,-1.03417395025222e-09,4.89046596563596e-08,-4.53412903808033e-08,7.12851212364044e-07,1.79141935913754e-05,-3.37223639869962e-06,6.52914929583176e-07,-1.18270571820285e-05,1.37724442846146e-05,-8.29306511298242e-07,8.37984578763792e-06,-2.8322545408136e-06,1.08448413694401e-08,9.43267852280357e-05,4.57915761404796e-07,3.90589031071495e-05,9.83301492340611e-09,-2.99553228493486e-06,2.71549798291305e-07,-3.29538554027196e-07,5.20215181959083e-07,-1.00406878797234e-06,7.77746442309756e-07,-5.67286429313995e-08,1.08210008901479e-05,-4.69542001252267e-08,7.70721738714731e-06,-2.69863300826912e-17,-1.88685650112255e-05,-1.876266433686e-06,-2.00326045167237e-11,-1.75337398238365e-07,2.58481574517459e-07,-1.6048847204594e-07,-4.56173266472162e-08,5.49437309569164e-09,-2.46409274638706e-07,9.32794820116154e-06,3.3650555919085e-05,-4.21122760380219e-08,3.67071485942623e-05,-0.00255526752653902,3.97627736450497e-07,-1.68249910632581e-05,2.46534839118927e-07,4.3096606729345e-07,6.65228300894058e-09,1.82631798702032e-05,-2.3631869370539e-06,1.04394201117817e-08,-3.26251889816552e-06,3.80988589606374e-07,-1.38227513866367e-06,1.02266671850829e-06,8.52220344438225e-05,4.42012468571232e-07,-1.4101723838027e-07,-9.19627021021872e-07,9.29478106184517e-08,-4.28187873253154e-07,1.14200550124189e-05,4.76567754089534e-06,-2.14426948049629e-05,-3.86642043975486e-17,6.6058750094086e-07,4.08849709090292e-07,-2.28024242660951e-07,0.00151290549625431,-9.26038544850319e-08,0.0025283987547191,5.78604354470853e-06,-1.04365671673099e-06,5.05671872605767e-06,2.93280376513953e-16,-4.0032617476537e-05,-3.17658026101816e-09,-1.32681778813461e-05,5.7913341784221e-08,1.06354889482693e-06,-6.68784238681853e-06,-1.15923896447359e-05,3.09187716987477e-06,-3.08017566507103e-07,1.94072197740499e-05,-6.22578171337891e-08,-5.95067695040504e-06,-7.94634695074932e-09,-1.23956091463255e-09,-6.17822342323467e-05,8.78644215862948e-08,-1.75647468900796e-05,-1.83546406960132e-16,-4.69512779628842e-07,3.69406817119118e-08,1.06463687542141e-09,9.53021166491301e-09,-1.45141695172625e-05,-6.91205899620525e-05,3.06505193649213e-07,-1.12441043191321e-06,-6.44970306526761e-07,-1.72078069005862e-17,-0.000110916185766947,-3.94237713959639e-08,-1.47323270825851e-05,5.51491386752208e-16,3.04049774667029e-06,4.03387792143734e-07,-6.36900034338344e-08,-2.86475033431985e-05,-0.00244031350515186,-1.95087928303172e-06,-8.86282456880359e-07,3.2938257710792e-06,2.40832628767863e-07,1.37810471160946e-08,3.28862072341421e-06,9.97734856113834e-08,2.49246761878394e-16,-4.06657063640312e-08,1.50923035688342e-06,6.54655700739127e-07,-4.14575385284779e-06,-4.87096205262235e-17,-8.57613876402795e-08,1.59954398545881e-08,-1.83020472094202e-06,-2.63532300811897e-08,-8.94203506536086e-05,9.23526827965293e-08,-1.24368988462107e-06,7.01178643004604e-06,-6.72087287527824e-17,2.75832115539799e-05,-1.32306909046481e-07,3.95223043754671e-07,4.47034476085863e-05,-5.90361841805436e-08,-7.59798646128247e-08,4.09394740330526e-16,3.43829968351383e-17,-8.22016559276191e-08,-1.32750891181988e-07,1.89151317065007e-08,-0.0179187850318585,3.81818265459799e-16,-1.12061506078005e-06,-2.33468325998844e-08,-1.24316406923951e-16,-1.81726213248038e-16,-2.47766011639317e-17,0.00041843207055904,1.66787840958361e-07,-2.19794534669346e-07,6.97365951807429e-06,9.9398304031971e-07,1.8935883459352e-07,-8.23837246311823e-08,-1.06440012235571e-17,-1.87051463651994e-08,5.30166074502303e-08,7.47474282504965e-17,-1.54880919154926e-17,-3.41630949686578e-08,-1.85223613749886e-08,-2.04296515365326e-08,5.17645525881688e-06,2.03058340834847e-08,-7.59177723198339e-06,-1.48479963518348e-18,-2.86904740337015e-07,2.23106835638305e-18,-9.3628550506206e-06,-4.5102810375397e-16,-2.28529030148703e-08,2.08634926080093e-17,9.42566415613077e-08,2.48398886495044e-08,1.11668373113877e-06,1.54349451089337e-06,6.82921904841375e-08,-7.92446380288863e-09,5.09835101103275e-08,9.85733033434734e-08,0.000504157999294271,2.56322561802007e-07,1.66317803875689e-08,-4.97557160541888e-08,-0.000503512353221537,-6.3430039457119e-07,-2.11476175947484e-08,3.70177603472122e-17,2.05144863096539e-07,-3.58094577427459e-08,1.87951993808245e-08,-5.39650883433627e-17,3.25720634318125e-06,1.00193243683817e-06,3.21310292490445e-07,6.31826231560808e-17,-7.79447624587799e-08,-4.07154203477905e-05,-1.61532703132131e-16,-5.45000998581342e-08,1.23190302246968e-07,-1.88230990382107e-16,2.27179345154709e-16,-4.60225679114808e-09,-2.34046153588179e-05,-1.32004491890466e-07,-7.55608681850666e-05,5.55059129800476e-07,1.46521755954939e-08,1.50083432362874e-06,1.31997159316991e-07,-3.31438080608572e-06,7.79758202451575e-16,6.1289773372673e-10,9.29577046537643e-05,1.1465198193262e-06,1.1535581321434e-05,-1.38531030277791e-15,-1.10840185557996e-16,1.64725124477617e-06,1.0159472130115e-16,-3.11336561637182e-16,1.70297455404605e-07,-2.50647873629109e-07,-4.69270215213151e-08,-2.63304745350564e-07,1.20258680474574e-06,3.1415517457238e-07,4.01563452344648e-07,1.00096584539873e-16,2.1230236903034e-06,9.21332123703803e-07,4.54918320300666e-07,-4.34034220751936e-08,1.7150935543351e-07,1.43296991605825e-16,5.9262979263176e-17,-3.07526690885703e-16,-1.46694122090542e-05,-7.20997147358768e-09,-4.67421207637807e-07,-4.88261137807433e-16,-5.53041572920247e-09,8.18381855259533e-17,4.8400515105111e-17,9.07455249067837e-07,-2.2721479016876e-07,-2.96637714392034e-16,-1.87621323375642e-06,-2.53103328936431e-08,5.24997858081691e-16,5.72779316173992e-08,2.00526755396106e-16,2.1260265004134e-06,-2.17600051153589e-16,2.12060991564747e-06,1.74926062672304e-07,6.3364049565099e-09,6.25764421519953e-07,4.29625509142376e-06,-2.04734152732273e-08,6.29457865059323e-07,2.70887714588243e-16,3.72842531678187e-07,-2.10488559291753e-08,3.55162934074338e-17,-2.7738694412891e-09,-5.6557976754654e-08,1.31469858337332e-08,1.42548729637884e-16,4.22397552358131e-08,5.5885594625882e-08,-4.82421652501619e-17,-1.55134985565133e-06,-1.17778172788582e-06,-1.60921166117729e-09,3.85987553242527e-16,3.07563470694878e-16,2.88345218259319e-08,9.23238466297654e-07,7.47058544252042e-08,-1.15670511625266e-08,5.50110103925805e-07,6.12624819445956e-17,-2.29077103627509e-16,2.01008832354131e-06,6.04824951772822e-09,-1.11095588023833e-16,4.86829057206363e-06,-4.59294096281602e-17,2.42371060217404e-08,-4.18245944150214e-07,-5.16278497870902e-06,-0.000202228621163405,-1.68901279243409e-16,9.6501280855885e-17,-4.52332551662825e-17,1.21383357812976e-17,-2.76968576561689e-09,-9.61307737152782e-09,9.89506332921774e-16,-5.01500328469135e-16,-1.88311649442177e-16,1.35565908490076e-08,1.21916413280085e-10,-6.72493126348384e-09,-4.77449768177408e-17,-4.92824097503286e-16,3.64291929955129e-17,-2.90056910623894e-07,8.87741516699324e-09,2.4261311295663e-16,1.56082061449384e-09,-4.08657972088394e-08,1.88684105597801e-16,1.61157916373993e-16,-2.93970108692294e-06,-2.89515950363079e-10,-1.45796514568793e-06,-3.58414818558589e-16,1.58230775720788e-08,2.55645301364678e-07,2.74733987440727e-07,-1.02756831038246e-06,-6.10154290084265e-08,9.9445838132241e-10,-6.46260397127932e-16,1.49454407018856e-15,6.76725449617434e-17,1.90480541571748e-08,-1.72487366827271e-08,-6.19137564286993e-06,-5.14654683672012e-09,-7.86556604640466e-16,-9.31804759829703e-17,4.39379788335655e-16,-1.58299149490009e-16,7.11193971096204e-16,2.47140564141185e-08,-8.09581418888401e-17,-1.03580430373035e-16,-4.15177014183759e-07,3.62569311681227e-16,-3.71741942321311e-07,-1.94174667049253e-17,-4.22679398883396e-06,-1.17281147578688e-16,-5.13896256310088e-06,-7.02071936884674e-08,-6.20404504958667e-08,2.85266820149466e-16,2.26242244543782e-06,1.34529772352746e-18,3.45262989786838e-07,-5.5315928021504e-08,3.06225404190707e-10,3.88123980153281e-16,1.6916285245245e-06,7.00368833554264e-17,-1.22412774800838e-07,-6.25060781019005e-08,1.39018206711229e-15,-3.89056298655011e-17,4.00609554638281e-16,-2.29322112490803e-16,-9.52454161958337e-09,-2.83775446199177e-07,-6.34587497817154e-08,1.05503764796147e-16,5.86846689043193e-17,-6.55266525913691e-09,5.34720044215176e-08,-7.7227255811783e-16,-1.67386659857106e-16,-1.08303162278442e-07,-2.93326030042111e-17,-0.000115606763900049,-7.15833099683739e-16,1.92173561263204e-07,-9.4730442127493e-17,-1.59357319974472e-14,-1.38301776049184e-16,-6.88118473473471e-16,-3.21880620146048e-16,-3.2251414524801e-16,3.75919078961878e-09,-2.62965923161936e-08,-1.58346561679565e-16,-1.75731028003687e-08,7.4046217807416e-07,-2.06044382515059e-16,-4.72688109811635e-17,6.37792188249134e-16,1.05141411155329e-15,0.000202880381314959,1.09897380720885e-07,-6.66165619344098e-16,-4.55573090140594e-17,-1.34696787764898e-07,-4.35340537278966e-08,-6.60362780517233e-10,2.6551752462757e-16,-2.00249853776416e-16,-2.49263864304921e-16,-2.26782469287961e-16,9.12083919553086e-16,5.24121161633125e-16,2.73085779965192e-06,-9.48095272875135e-07,-4.99730400268046e-07,3.20636692919089e-17,-3.87942414664408e-16,3.55572407280011e-16,-1.40902324843763e-16,3.61781295325815e-16,-5.3785241268065e-16,7.46820366731346e-17,2.59273936478498e-16,-2.36868416223767e-16,2.25217428710326e-16,-2.69565888516177e-17,-3.6634770412791e-16,-4.78811465467101e-16,-9.25175319900644e-17,2.84340030686511e-09,-2.15404143861503e-16,-1.52348625357771e-15,-3.41762461636877e-16,4.06841687495151e-08,-4.60387118173413e-07,-2.72290175662453e-16,-1.05440924496045e-09,3.7882776387181e-08,-1.80829586136503e-16,1.59797312269822e-15,-7.45107948530565e-08,-1.17850895212706e-15,9.77829696457921e-10,-9.87994682211154e-18,-1.20844300334985e-16,-4.30556544558839e-16,-1.02805349988146e-15,9.42595356865471e-07,-1.38964088336745e-07,-8.69142439552797e-16,5.89984155232291e-15,-6.71467209820794e-17,-1.04203447197333e-14,-3.78820239066435e-16,8.70186894391764e-16,8.69781451539267e-16,1.67905631816825e-16,2.4552013120257e-09,-3.63391748276937e-16,-5.32958403515327e-17,1.07674464889992e-15,-1.66200507527422e-15,2.51000430015619e-15,-8.90587983696048e-15,-6.46138374081313e-07,5.69717550345839e-16,1.23860137837119e-15,4.57593725486311e-08,1.93875831644773e-15,-2.08815982143031e-15,-2.21012925779767e-15,9.19046774252127e-16,1.79779715083247e-07,-2.13013048688262e-15,-0.404659555013341,-8.592302032812e-15,1.34745777643844e-15,-3.96070400320242e-15,-2.05684671768583e-14,-1.2377056769124e-14,6.11568590569969e-15,-8.25733680899579e-08,5.49290408512189e-15,3.40672372860464e-15,-5.06125764277468e-09,4.85479857212555e-06,1.01829438380985e-15,-5.23736463738279e-07,-6.22078468266375e-07,4.8251653687535e-16,-3.13053252763287e-15,1.55870876744376e-15,-2.92428279064073e-16,2.4737157081656e-16,8.63894030964617e-08,1.74486462550839e-15,1.39755247338901e-15,-1.40419448383477e-16,5.82083462451768e-09,-2.43599314030154e-16,6.39390002728183e-16,2.01428934165638e-15,1.37540525498556e-16,-2.10905415774033e-08,7.58257351770925e-16,7.60553508509976e-11,1.19378404724408e-17,4.06807119740862e-16,2.17049258976983e-16,1.41673682095762e-15,-3.81980020625432e-16,-3.72634727991949e-16,-3.68760771467451e-17,-2.32425537575805e-09,-1.34715968837582e-15,5.45508802332953e-16,1.05961877416156e-09,3.76075974906614e-17,3.83424182620353e-16,-1.18334020375589e-15,3.58197101652865e-16,-4.65254658394481e-16,2.60777770278182e-16,-9.26915523114331e-09,-1.61140924760459e-16,4.77846122533387e-17,2.93764611461816e-09,1.56103943678246e-16,3.50601259166252e-16,4.88760520447554e-16,1.90865355756843e-15,-2.09797956067256e-16,-1.41602739226965e-15,5.32598858609288e-16,8.13418563350659e-17,-7.91663129916992e-16,8.53091874221479e-16,9.32189034118762e-16,-1.81699254998308e-09,6.11625589598969e-09,-1.16837075305373e-15,-4.9715907005734e-16,4.73090223721806e-16,-6.75662839969074e-16,-7.07767178198537e-16,6.74647764051072e-17,-4.02115995948717e-16,2.04880343825009e-15,-6.23543324939241e-09,-1.61326142115442e-16,-3.85575784650775e-16,-2.8616548427752e-18,3.86856018281944e-15,7.59987077899209e-10,2.84803728269359e-15,-1.25777036954945e-10,-1.18791586059732e-15,-4.2642613886715e-16,1.34564617432421e-15,-1.55328217018019e-15,6.26327002238948e-18,-1.73215389959892e-15,-1.585096387549e-15,1.09688391736772e-15,1.04326734636261e-15,-9.34717275032166e-16,-1.63403355987526e-15,-2.06025283821526e-15,-1.20290868640194e-15,-4.68547745675366e-16,3.63894664767035e-15,-1.01669890601491e-15,4.73319963121272e-15,1.02600278327581e-14,-4.61865550654923e-15,1.88808501346824e-15,4.83771009363032e-15,-6.24589140132237e-15,-3.58802113931334e-17,9.36864222405841e-16,-3.7767697129031e-14,6.76924802776906e-09,-0.707106781186547,8.75089879215499e-15,1.60242458835754e-14,-5.87746576257343e-15,2.86633363826965e-15,5.66711552713366e-15,-1.64488740639047e-15,-4.97668011734516e-15,1.47242987425071e-15,-6.32769918111112e-15,6.10969608239031e-15,-6.87238996862919e-16,-1.55446463504773e-16,-7.57429981415383e-16,4.70682717656939e-16,1.16883789176759e-16,9.45411097430824e-16,-4.93766388370299e-06,-1.58531143018971e-15,-5.67186247393397e-16,2.6441746925738e-16,-2.54051421530969e-15,9.78052186294421e-16,-1.47040976490594e-16,-2.2903898564396e-16,-1.54884156247463e-15,-2.01212335521743e-16,2.16607615933851e-09,-3.95450306029725e-16,7.610277306286e-16,-4.77056950146763e-18,-4.60893944361809e-16,3.99431837374244e-16,-7.83534136112102e-16,-7.41504429834145e-16,2.90842274241272e-16,2.48680782538615e-16,-1.52170942578713e-15,9.88004786590042e-17,6.69968677549658e-16,-3.07876795071506e-17,1.03664764790783e-07,1.59745803468043e-16,1.08536876912637e-16,-5.91169711614654e-16,-7.87130777224476e-16,-3.11268214833705e-09,-2.33683381016393e-16,4.60267086536457e-16,-6.32446545041015e-16,5.03451311028021e-19,-3.12056569926023e-16,6.09700083512556e-17,-3.93974579294088e-16,5.79173395547813e-16,-3.43402194675014e-16,2.32490179437311e-17,1.24531159676635e-16,5.73977338270072e-18,-2.80846682398964e-16,4.00422870645466e-16,-3.71884628520045e-18,-3.01109017616801e-16,6.52341538008756e-16
"t830",0.0362149163753495,-0.0111235611656692,-0.012214892968226,0.0007683239904679,0.00804586494120415,-0.0294444820566242,-0.00446031789916836,-1.61839740227855e-05,0.039541147715188,-0.00139291353912024,0.00155707554400273,-0.000719686897139604,0.00185428072323706,0.000449144231166704,0.0179191266652044,-0.000720231761589622,-0.000599862988951279,8.84262197589402e-05,0.0542713119299774,0.141623941171565,-9.32093124599313e-05,6.19584819776603e-05,-0.0173187465684589,-0.000445017372526505,2.50232632006565e-05,0.00122285606396211,-0.0121731306605716,-6.0654210828496e-05,-0.000424209039376138,0.00378390838346399,0.000696026119795405,-0.0162349250551979,-8.4982643702115e-06,0.00962087173830195,-0.0512211911281572,-1.00822233087374e-05,-2.7968622340693e-06,1.01843687701247e-05,0.00141074461125526,0.00043246725298822,9.69457036770405e-05,-0.0033121272988112,1.24603976948715e-05,-0.000843761246671175,3.8708716004119e-05,-2.20962365487704e-05,6.79090720061352e-06,-0.000142377962568864,0.158350546192999,0.0526391796179351,1.48901818355308e-05,-7.80072716785964e-07,-1.3598693248169e-08,1.15606402865606e-06,-0.0054948670156715,-5.81161647395565e-05,0.0464024233727601,2.23188075795383e-05,-0.000154301308098871,-2.42231167191795e-07,-3.63299148163668e-07,2.13983961369741e-05,-1.36017447324307e-05,1.03100949673493e-05,-0.000113840280895086,2.41564522601969e-06,-0.00028970186881713,5.34257285705401e-05,-1.31007796939739e-05,6.04112587165375e-05,-5.62429922897707e-07,1.60645115636782e-06,-5.6491707598999e-06,-4.18613233627385e-06,1.86137176967024e-06,0.275568899579469,-2.07656766401101e-06,1.52069736745961e-06,-0.000465991561022413,-5.71682803189098e-05,3.5862812604105e-06,0.000278178643889022,-0.000389101632219723,-1.14977061085612e-05,0.00103925301672774,2.40948524885183e-05,-4.42459214034224e-06,-0.000692386309903733,-2.74341156210125e-08,3.84698399379102e-06,-4.65501319292351e-05,2.86212792494078e-08,1.98615082707267e-05,-1.81472897532855e-05,-4.22703402026995e-06,-5.15613341260914e-06,-6.07277925541371e-07,3.82631133935253e-06,-4.76132896985825e-05,-0.00512901058046328,8.18252847298504e-06,-4.30046177874365e-08,6.85086929944185e-06,1.04057991183038e-05,-1.19293808451948e-05,3.4389365698033e-07,-9.56554708771319e-05,1.24145379243513e-07,-0.000143692036123752,4.2288277622704e-08,1.42651426302067e-06,2.87475419452934e-06,-8.91422314696436e-07,9.21354276270387e-07,-9.55181095533445e-07,1.07223724828423e-06,-0.000117259280928541,0.000120166664863407,-1.76384122230218e-05,6.23470748054697e-06,-3.57021768349876e-06,8.33144682908246e-06,-0.00486894980405509,0.00104404922735769,-5.8048500809003e-07,-5.09772467789541e-06,5.47577074846289e-07,-1.53543021136577e-05,1.49665353841451e-05,0.000520613025225865,3.83895725282334e-06,-1.39721306438987e-05,1.11331695432241e-06,7.2832477003002e-05,-2.98713028230249e-08,1.9834123173736e-05,-0.00368431838825205,-1.06021017496173e-06,0.000738650260340674,0.000149644312448181,-2.29312403200399e-05,-1.04027227447157e-06,1.20256183830248e-05,7.79909064224435e-07,4.49952383782293e-09,-3.50743270152097e-06,-2.93607655913294e-07,5.59763194119232e-06,1.49328794422888e-07,8.20891033259394e-08,1.15458197156183e-07,0.000104689349433274,1.56908452588346e-07,-5.09500539560904e-05,2.7479592919635e-06,0.444472107621466,0.000520220502753457,-5.68668955699851e-06,-0.0153702771971208,1.80347715146471e-06,-2.29341005991604e-06,3.44990835043288e-07,-2.78410129159017e-05,-3.56354162373791e-06,2.28706060077738e-06,-1.48796016099165e-06,0.000211941147252596,2.06850869116824e-05,0.000178637540148028,1.35721040413442e-06,-2.53359205199045e-06,-4.47622304298663e-07,5.29870751882607e-08,1.88797537596633e-05,3.300718599648e-07,6.69630773000215e-07,2.92787486349407e-08,-1.06541312881307e-06,-4.19924950656197e-05,-4.63069462820369e-06,1.85397366008719e-05,4.91207447592236e-06,-1.02182431062937e-06,-4.06698980365931e-09,-1.23952060884442e-07,-5.22469404173153e-08,-0.000434287374280348,0.000243533482715331,0.000399335295981648,-1.60811175317068e-06,-1.14720915317476e-05,0.000239334988452438,7.197654505652e-06,1.08142704745644e-09,1.09897589201751e-07,-0.00859802601540693,-1.42685778255925e-06,-1.41798498094357e-07,0.00108169990394673,2.88604269097988e-06,6.76477641898609e-06,9.71979975820291e-06,-1.92106481955118e-07,-1.45615576699698e-06,-0.000451719093699111,-1.81015202963439e-06,0.000278962626092886,1.45408046016773e-06,-8.0850003556325e-05,-1.726396085269e-08,-0.000338038822856665,-2.1424900911592e-06,-5.42824959513739e-06,-0.00120622206555344,6.46506424564768e-07,-1.50135272554642e-07,7.08618519964534e-08,4.57123416581359e-08,-1.27195551935799e-05,-5.34961813574752e-06,-2.44090962659574e-06,2.85011884671128e-06,6.24567426387585e-07,2.63583029038264e-06,-7.72111708411196e-06,-4.39222734111138e-07,-4.15727769465824e-05,-2.29440043497904e-07,-4.9144106260452e-05,-1.57979139934416e-05,8.48452902876744e-07,1.7446485086273e-07,5.27922159993771e-06,1.94399308979011e-06,-1.09772085908795e-06,-1.95613959576872e-08,-8.53391291609413e-06,5.52941898178116e-18,-7.94388432029893e-08,1.13185937317128e-06,-2.26529483995223e-07,-5.75134671399546e-07,-7.66099573040965e-06,1.0587812040253e-07,-1.46898521794858e-06,6.51121742574996e-07,-1.24787096681917e-06,7.95129645706266e-07,-1.60979354217485e-07,6.44333810478711e-05,-4.18656815560834e-08,4.59896897126108e-06,-3.88277421148656e-05,1.59225108939099e-08,-1.03417399925816e-09,4.8904659731109e-08,-4.53412903382604e-08,7.12851212409882e-07,1.79141935914208e-05,-3.37223639885411e-06,6.52914929578534e-07,-1.1827057182158e-05,1.37724442846743e-05,-8.29306511166928e-07,8.37984578747068e-06,-2.83225454084616e-06,1.084484152096e-08,9.43267852279203e-05,4.57915761531334e-07,3.90589031072304e-05,9.83301486357086e-09,-2.99553228489309e-06,2.71549798592166e-07,-3.29538553889069e-07,5.2021518195934e-07,-1.00406878785101e-06,7.77746442362218e-07,-5.67286429297248e-08,1.08210008900935e-05,-4.69542001262271e-08,7.70721738729353e-06,-8.86197305962821e-18,-1.8868565011015e-05,-1.87626643378018e-06,-2.00327313882032e-11,-1.75337397921522e-07,2.58481574540873e-07,-1.60488471911779e-07,-4.56173267477922e-08,5.49437308085505e-09,-2.46409274351836e-07,9.32794820105895e-06,3.36505559190168e-05,-4.21122760914712e-08,3.67071485938987e-05,-0.00255526752653886,3.97627736446547e-07,-1.68249910633055e-05,2.46534839231684e-07,4.30966067216466e-07,6.65228315678378e-09,1.82631798703849e-05,-2.3631869368581e-06,1.04394200427453e-08,-3.26251889831403e-06,3.80988589656935e-07,-1.38227513885184e-06,1.02266671843618e-06,8.52220344436281e-05,4.42012468980701e-07,-1.41017238213838e-07,-9.19627021031264e-07,9.294781070729e-08,-4.28187873367827e-07,1.14200550126437e-05,4.76567754092932e-06,-2.14426948050266e-05,-3.49587212359006e-17,6.60587500784254e-07,4.0884970904608e-07,-2.28024242747687e-07,0.00151290549625472,-9.26038543963659e-08,0.00252839875471963,5.78604354477852e-06,-1.04365671667288e-06,5.05671872624441e-06,-4.2438404879185e-18,-4.0032617476501e-05,-3.17658053926538e-09,-1.32681778812194e-05,5.7913342014839e-08,1.06354889471844e-06,-6.6878423871853e-06,-1.15923896445593e-05,3.09187716997075e-06,-3.0801756634806e-07,1.9407219774193e-05,-6.22578169400215e-08,-5.95067695068484e-06,-7.94634691550848e-09,-1.2395611192215e-09,-6.17822342320428e-05,8.78644217362971e-08,-1.75647468901037e-05,-2.4912699443974e-16,-4.6951277968743e-07,3.694068166811e-08,1.06463672862663e-09,9.53021129975398e-09,-1.45141695171176e-05,-6.91205899620396e-05,3.06505193629691e-07,-1.12441043219819e-06,-6.44970306380622e-07,4.72956506703843e-18,-0.000110916185766955,-3.94237714118026e-08,-1.47323270823397e-05,4.50683982264692e-16,3.04049774674153e-06,4.03387792514022e-07,-6.36900035244424e-08,-2.86475033430031e-05,-0.00244031350515208,-1.95087928292793e-06,-8.8628245704581e-07,3.29382577072256e-06,2.40832627265223e-07,1.37810469685557e-08,3.28862072346094e-06,9.97734853610314e-08,-2.23303299800818e-16,-4.0665706286731e-08,1.50923035670307e-06,6.54655700880248e-07,-4.14575385281051e-06,-1.26725130249389e-17,-8.57613877214997e-08,1.59954394889951e-08,-1.83020472094214e-06,-2.63532300800127e-08,-8.94203506537029e-05,9.23526826088807e-08,-1.24368988522661e-06,7.01178643020392e-06,2.90492938428019e-17,2.75832115539349e-05,-1.32306908823786e-07,3.95223043353895e-07,4.47034476087656e-05,-5.90361842783605e-08,-7.5979864272125e-08,4.85722573273506e-16,-6.68692057376386e-18,-8.22016558686475e-08,-1.32750891205163e-07,1.89151318741021e-08,-0.0179187850318595,4.97984971104112e-16,-1.1206150605829e-06,-2.33468327429681e-08,-3.32886402493482e-16,-5.44561597183359e-18,1.32314308347096e-16,0.00041843207055865,1.66787840766009e-07,-2.19794534374874e-07,6.97365951741338e-06,9.93983040322699e-07,1.89358834353544e-07,-8.23837246211011e-08,-3.93585603650251e-17,-1.87051461824563e-08,5.30166077637495e-08,-9.42182325558175e-18,2.53255721142717e-16,-3.41630950138369e-08,-1.85223614760943e-08,-2.04296514942534e-08,5.1764552588601e-06,2.0305834076256e-08,-7.59177723214391e-06,1.71933337853875e-16,-2.86904740738893e-07,8.57476264081553e-17,-9.3628550504896e-06,2.28766658394441e-16,-2.28529029705294e-08,-8.37311917511879e-17,9.4256641484921e-08,2.48398889067013e-08,1.11668373063114e-06,1.54349451101278e-06,6.82921906605042e-08,-7.92446493355035e-09,5.09835101886959e-08,9.85733032960112e-08,0.000504157999294099,2.5632256206975e-07,1.66317802531824e-08,-4.97557160313851e-08,-0.000503512353221297,-6.34300394822342e-07,-2.11476182093114e-08,-5.00774062323539e-17,2.0514486345044e-07,-3.58094579189788e-08,1.87951994077076e-08,2.50043756950777e-17,3.25720634332901e-06,1.00193243673985e-06,3.21310292728042e-07,-6.16326837634715e-18,-7.79447626241048e-08,-4.07154203487986e-05,8.79238445512896e-17,-5.45001000945706e-08,1.23190302297263e-07,7.80470457622887e-17,3.2631143986314e-17,-4.60225686243525e-09,-2.34046153589207e-05,-1.32004492024033e-07,-7.55608681850317e-05,5.55059129496768e-07,1.46521757151234e-08,1.50083432398014e-06,1.31997158891044e-07,-3.3143808055482e-06,8.9078050491409e-16,6.1289764552507e-10,9.29577046543887e-05,1.14651981918651e-06,1.1535581321479e-05,-1.0447540461597e-15,1.43774426891571e-16,1.64725124479792e-06,-1.13656497723031e-16,-6.77567308965162e-16,1.70297454808958e-07,-2.50647873564925e-07,-4.69270212328755e-08,-2.6330474510399e-07,1.20258680500892e-06,3.14155174612577e-07,4.01563452601702e-07,-1.27428047384891e-16,2.12302369018286e-06,9.21332123389312e-07,4.54918320393509e-07,-4.34034223134928e-08,1.71509355492599e-07,1.19630284264793e-16,3.50837458156789e-20,6.84610058201577e-17,-1.4669412209143e-05,-7.20997164162231e-09,-4.67421207638901e-07,-1.88337290839711e-17,-5.53041590258388e-09,-1.89790639880413e-17,2.20751713436376e-18,9.07455248668549e-07,-2.2721479001117e-07,1.90819582357449e-16,-1.87621323390553e-06,-2.53103330247443e-08,-4.00565207778406e-16,5.72779339098634e-08,-3.65066674323389e-17,2.12602650035597e-06,4.27883608301608e-16,2.1206099149074e-06,1.74926062854119e-07,6.33640470128403e-09,6.25764421391781e-07,4.29625509159188e-06,-2.04734149585918e-08,6.29457864881089e-07,-2.26390659544276e-16,3.72842531357862e-07,-2.10488559425297e-08,-2.26743905555401e-16,-2.77386954314375e-09,-5.65579767261518e-08,1.31469855430656e-08,4.60165699420599e-17,4.223975542786e-08,5.58855949350763e-08,1.49350566509725e-16,-1.55134985578108e-06,-1.17778172780114e-06,-1.60921165103174e-09,3.46344131994286e-16,1.52200937744387e-16,2.88345217997355e-08,9.23238465914041e-07,7.47058535562367e-08,-1.15670505174323e-08,5.50110103683488e-07,6.31805510031275e-18,4.84887423138665e-18,2.0100883235741e-06,6.04824916197702e-09,-1.10465701931406e-16,4.86829057241686e-06,1.04831044740476e-16,2.4237105326506e-08,-4.1824594390734e-07,-5.16278497868988e-06,-0.000202228621163829,1.3147019362236e-16,-5.2384349539929e-17,8.58389283660992e-17,-7.05345259409194e-17,-2.76968578564118e-09,-9.61307794089681e-09,1.68709363948816e-17,5.25852896165123e-16,2.89297374948088e-16,1.35565907415615e-08,1.21916156354402e-10,-6.72493148611969e-09,6.26932837234599e-19,1.31567933631116e-16,-4.55364912443912e-16,-2.90056910269855e-07,8.87741507634381e-09,1.41982944073193e-17,1.56082089696327e-09,-4.08657972379741e-08,-1.16352905174162e-16,-2.14672294933736e-16,-2.93970108695753e-06,-2.89515736462134e-10,-1.45796514568173e-06,1.19250687563454e-16,1.58230775166377e-08,2.55645301520425e-07,2.7473398794884e-07,-1.02756831098533e-06,-6.10154300511038e-08,9.9445910233424e-10,3.72942081312986e-16,8.03733952930154e-17,7.96458678074829e-17,1.90480546271519e-08,-1.72487363772447e-08,-6.19137564350733e-06,-5.14654659653175e-09,3.87507293219247e-16,2.05797772610259e-16,3.69560632693448e-16,-1.68167556234099e-16,8.10439143540993e-16,2.47140559139897e-08,-4.89219311958865e-17,-9.82062174575786e-18,-4.15177014076871e-07,-8.90882603732429e-18,-3.71741942191807e-07,1.19095630502378e-16,-4.22679398908092e-06,2.63714649899921e-16,-5.13896256298906e-06,-7.0207193456544e-08,-6.20404502976627e-08,3.077816449721e-17,2.26242244531577e-06,-5.79366046332461e-17,3.4526298983434e-07,-5.53159273089547e-08,3.06225136878988e-10,2.37678450055614e-16,1.69162852439982e-06,6.26968995095538e-17,-1.22412774538492e-07,-6.25060784719948e-08,-2.0012987523056e-16,1.5969827428825e-16,7.48016427721645e-18,1.139730823601e-16,-9.52454113763537e-09,-2.83775446075896e-07,-6.34587497513742e-08,4.22511003406674e-16,-1.23205461495649e-16,-6.55266495605646e-09,5.34720043694759e-08,-4.68070584640223e-16,-9.33243359048621e-17,-1.08303161201626e-07,5.30460477933003e-18,-0.000115606763899272,-4.49167034160696e-16,1.9217355959386e-07,-1.05371637962231e-16,-1.61247856837892e-14,2.73411929383626e-17,1.2562774166117e-16,1.63474782305322e-16,-4.16378948330943e-16,3.75919063175894e-09,-2.62965918997422e-08,1.46430593105029e-17,-1.75731029171763e-08,7.4046217880784e-07,2.43174004658803e-16,2.44564811391078e-17,3.25646935960636e-17,4.04570287827378e-16,0.000202880381311966,1.09897380774988e-07,-3.45441231874682e-16,-7.69164478829954e-17,-1.34696787388586e-07,-4.35340545468793e-08,-6.6036314451339e-10,2.0880777348808e-16,-6.36951569731412e-17,3.52283999886807e-16,-2.4776031964458e-16,3.85512714680225e-16,-6.23222505501655e-16,2.73085779871802e-06,-9.48095271454867e-07,-4.99730400586299e-07,2.23440343920723e-16,8.22650397722855e-17,-5.20696216551475e-16,1.32332483018463e-16,-2.1340493760383e-16,6.28559346401569e-16,5.77982809494702e-16,2.7504750681554e-17,-1.7627717851933e-16,-4.95570136642487e-16,4.57069444086508e-16,-1.80480645880268e-16,2.52516410190385e-16,-5.49071684903286e-16,2.84339980452042e-09,5.20540726114249e-16,-1.50874110097537e-15,-2.7847846030708e-16,4.06841685291274e-08,-4.60387117779649e-07,8.29774589760443e-17,-1.05440973523673e-09,3.78827765890054e-08,3.65852887714387e-18,1.517442338339e-15,-7.45107944721322e-08,-2.21339984759448e-16,9.77829727477647e-10,-2.6840673079934e-16,2.95839148187367e-16,1.28494450045194e-16,-1.00215818295103e-15,9.42595356792676e-07,-1.38964088332595e-07,1.01686110283715e-15,3.88485186096825e-15,-1.72533389982916e-16,-9.76020112196e-15,1.71520783687207e-15,9.33589558855097e-16,4.5064900952158e-17,9.25062085674124e-17,2.4552031684746e-09,4.87830601022262e-16,2.13167941419161e-16,5.28619298092983e-16,-1.20272072279588e-15,3.68298764589176e-15,-8.96355261627313e-15,-6.46138371805076e-07,5.05395388770105e-16,3.91030435087521e-16,4.57593704146061e-08,2.37188379952576e-15,-6.80279649827741e-16,-2.61856953769969e-15,-6.22486802885688e-16,1.79779715508234e-07,-2.35764823792553e-15,-0.40465955501334,-7.80273668891834e-15,8.77501527278043e-16,-3.20124068041821e-15,-1.99558328100647e-14,-1.29565535473176e-14,2.70891941825415e-15,-8.25733681319177e-08,5.47671541346141e-15,3.26366014748029e-15,-5.06125771957675e-09,4.85479857248412e-06,8.62908845286207e-16,-5.23736466876478e-07,-6.22078467207938e-07,1.67732284027342e-15,-3.56363065550486e-15,1.84321568187848e-15,-7.10662509151463e-16,1.06101231845016e-16,8.63894025258588e-08,1.0103669591373e-15,-4.53078991090075e-16,-1.63261767159829e-16,5.82083566485541e-09,6.58134960438844e-16,-7.91618088205816e-16,1.02916951006104e-15,-5.50141842584238e-17,-2.10905437072154e-08,-1.53172559950257e-15,7.60577605760895e-11,-6.65564050975602e-16,-5.22462561000115e-16,-2.21785541453783e-16,-3.19232844206286e-16,-5.00156045848323e-16,-6.83756821496314e-16,-1.77507728703484e-16,-2.3242553549414e-09,-2.10519502319146e-16,-8.63548532302515e-16,1.05961596662682e-09,6.06545114257487e-16,-8.69518546705771e-16,9.45236266248414e-16,-3.32608112170727e-16,8.31024694366785e-17,1.26115150338666e-17,-9.26915364191977e-09,2.30926693197302e-16,-1.05051690439129e-15,2.93764813446312e-09,-3.20267951673591e-15,-1.42945769234369e-15,1.45256546852114e-15,-2.27255715776647e-15,6.44385682004499e-16,1.83641806317989e-15,-6.08379573348751e-16,-5.11694729612017e-16,3.37038212793849e-16,-7.16289296704929e-16,-1.13846933976517e-15,-1.81698576118681e-09,6.11625905717089e-09,2.43870985582639e-16,-6.5138162635877e-16,-4.63959691796954e-16,-6.77182797778336e-16,1.73906028466675e-15,3.02619400147903e-16,-6.06210909505753e-17,-2.26080624067321e-15,-6.23543784508031e-09,-7.26823647911416e-17,5.59297586654889e-16,-2.75893308519438e-16,-5.2508486611945e-15,7.59982402713351e-10,-3.72040555976473e-15,-1.257773433234e-10,1.56008871939144e-15,5.69796491463846e-16,-1.35446983103399e-15,2.09872415295377e-15,-1.31136679793537e-16,2.25267755453772e-15,1.54286352555e-15,-1.12151292084453e-15,-1.16323569760046e-15,1.03751003955937e-15,2.69321503903852e-15,1.8491493907998e-15,6.28376298161799e-16,3.17016756978503e-16,-3.43334757966396e-15,-9.25850382552344e-17,-4.74193793698441e-15,-1.12237067675666e-14,4.21725046892839e-15,-1.81422331534985e-15,-5.68338778816901e-15,6.36603753623835e-15,-4.20446721973742e-16,-9.5680336061664e-16,3.77479506623065e-14,6.76924470188664e-09,0.707106781186548,-8.91454930523758e-15,-1.59437260628566e-14,5.42408928475384e-15,-3.14417211622141e-15,-5.4024295753045e-15,8.80135970374093e-16,4.87649785359194e-15,-1.56384694770536e-15,6.2285275738398e-15,-6.11923706150819e-15,6.03536135613173e-16,9.45689392563406e-17,3.18481727541743e-16,-3.51877527405452e-16,-3.50168406060374e-16,-1.15354437004924e-15,-4.93766388304549e-06,1.68227860534717e-15,4.57349501524251e-16,-1.93136778552649e-16,1.87425885170439e-15,-1.15158936018556e-15,4.4014799409885e-17,8.99203218616603e-17,1.36982289313503e-15,2.93473295945801e-16,2.16607592784027e-09,8.84694304078222e-16,-5.83360902795048e-16,-1.12944096423349e-16,5.19382982092181e-16,-8.69182981182352e-16,8.08440965275394e-16,6.97893720524863e-16,-5.82905362769843e-16,-3.32661335431289e-16,9.92318952043308e-16,-5.66571162215977e-17,-3.6355863463456e-16,1.13309521197612e-16,1.03664763951748e-07,-4.81441199735072e-16,-1.7343694888866e-17,7.61431713085339e-16,9.97465998686664e-17,-3.11268223104262e-09,3.38396942065671e-17,-6.02049664837419e-16,1.49653545692831e-16,3.33941471971071e-16,3.65394443527654e-16,-2.96122222317107e-17,6.42729515920647e-16,-6.24062142339774e-16,2.1751789582181e-17,-1.8676422129722e-17,-6.11549266449308e-17,2.29959384677322e-16,5.01440959739526e-16,-3.11915521983414e-16,6.21759697704325e-17,-3.95979942318751e-17,-1.30706669225994e-15
"t612",0.036212941712568,-0.0111223151220337,-0.0122134826748059,0.000768207170874224,0.00804439073412157,-0.0294382488808705,-0.0044593571275758,-1.61802428132038e-05,0.0395306102172902,-0.00139247710992943,0.00155648666141304,-0.000719370566677765,0.0018534497588113,0.000448940944818571,0.0179107892670531,-0.000719884513843591,-0.000599569669206168,8.83825249685267e-05,0.0542441412588733,0.141549825234162,-9.31586973176778e-05,6.19226716287345e-05,-0.0173086460341408,-0.000444757663424649,2.50086537466566e-05,0.00122214022600135,-0.0121660049887988,-6.06187144674545e-05,-0.000423961222318064,0.0037818251629935,0.000695663317794087,-0.016226904347673,-8.49454315721924e-06,0.00961712045250897,-0.051204427656264,-1.00801652913917e-05,-2.79635756403817e-06,1.01828483131997e-05,0.0014105536426004,0.000432422340614033,9.69419480491011e-05,-0.00331219810925672,1.24611579029448e-05,-0.000843815552593926,3.87131060345849e-05,-2.21031606840958e-05,6.79349248180723e-06,-0.000142436823814509,0.158431094829206,0.0526717054546434,1.49017035072738e-05,-7.8073622733363e-07,-1.36104158927121e-08,1.15717617486452e-06,-0.0055012979701256,-5.81860991697203e-05,0.0464890576636404,2.23650635748716e-05,-0.000154624990138307,-2.42873663767757e-07,-3.64432318450361e-07,2.14704253796106e-05,-1.36503616992631e-05,1.03474988662863e-05,-0.000114300189617994,2.42635354116337e-06,-0.000291260425186465,5.3737909731056e-05,-1.3180249809241e-05,6.08028140116452e-05,-5.67483404162866e-07,1.62457750907483e-06,-5.71510206184696e-06,-4.23846503776343e-06,1.88484096762006e-06,0.279146646780241,-2.10384233310674e-06,1.54183068093388e-06,-0.000473328509888115,-5.81139792089315e-05,3.65075084515777e-06,0.00028326934201031,-0.000397197592781701,-1.17462222312857e-05,0.00106562245230247,2.47331127123762e-05,-4.54697692891756e-06,-0.000711671966294543,-2.81996559616756e-08,3.95482522284191e-06,-4.78766075310032e-05,2.95716966920712e-08,2.0530272221561e-05,-1.8817941412805e-05,-4.41008613793407e-06,-5.38478728604648e-06,-6.34238139138065e-07,4.00671966035105e-06,-4.99088926212437e-05,-0.00539801050283292,8.64210388665271e-06,-4.54347538363517e-08,7.24066837192755e-06,1.12131178434921e-05,-1.28769046306748e-05,3.71713965208443e-07,-0.000103651085456,1.34617798435646e-07,-0.000156011730911553,4.6004376697429e-08,1.55288201210305e-06,3.14191793140963e-06,-9.74743141467809e-07,1.0191896796325e-06,-1.0594393034656e-06,1.19660410359059e-06,-0.000131238926555087,0.000135628453697935,-2.00836579366851e-05,7.14988768426716e-06,-4.11177755392628e-06,9.75020757420471e-06,-0.00576440666118779,0.00123663583584802,-6.88771738848815e-07,-6.12943088780244e-06,6.59164031158524e-07,-1.87175218653272e-05,1.90447084221313e-05,0.000662835316191703,4.90746763165841e-06,-1.85384783763444e-05,1.48936811870981e-06,9.80368344577238e-05,-4.13247718378648e-08,2.75514912673756e-05,-0.00550681267519131,-1.71525348817044e-06,0.00139916046427937,0.000285075554723388,-4.53058912990526e-05,-2.09678929537857e-06,2.50875198883141e-05,1.64987540151641e-06,9.52041923712278e-09,-8.33247746006819e-06,-1.01003457001771e-06,5.52092263478524e-05,3.66180104277149e-06,-6.8132941307987e-07,-8.53314051407587e-07,-0.000495386475193515,-6.02750781779755e-07,0.000159002514556234,-2.19803047806501e-06,-0.293030386588918,-0.000298312197819901,-1.267255547689e-06,-0.00455107557783457,5.51451521058749e-07,-8.1030701859481e-07,1.24883247445352e-07,-1.14031794535902e-05,-1.47774189484552e-06,1.03220437528932e-06,-7.15239281438619e-07,0.000115085075016196,1.12681097082818e-05,9.73911427145831e-05,7.48731717349307e-07,-1.41582131451216e-06,-2.50584873535229e-07,3.03406219253134e-08,1.08806607943949e-05,1.92722169989642e-07,3.92169516170949e-07,1.71733025924445e-08,-6.40981600183465e-07,-2.58143914590535e-05,-2.85612066205159e-06,1.14700394479122e-05,3.06503052071328e-06,-6.39573483765535e-07,-2.55305936750171e-09,-7.80199983639467e-08,-3.31645362511837e-08,-0.000276212222056521,0.000157249029616842,0.000257965634981141,-1.04337038085009e-06,-7.52268721310266e-06,0.000158112485196711,4.76602477403754e-06,7.18396794371781e-10,7.31696984918537e-08,-0.00575870047673791,-9.56770283701952e-07,-9.5300743215384e-08,0.000727779682567701,1.95518234500844e-06,4.58410091179248e-06,6.60108053564733e-06,-1.30705744906261e-07,-9.93913311784215e-07,-0.000308328713411544,-1.23581911394335e-06,0.00019056462910654,9.93654210905415e-07,-5.52870690944689e-05,-1.18102526356948e-08,-0.000231251976018458,-1.4655952308749e-06,-3.7112340631806e-06,-0.000824266634479419,4.41780709746798e-07,-1.02542839297473e-07,4.83226085012638e-08,3.11613710688797e-08,-8.65187678437285e-06,-3.63242154666621e-06,-1.65630524711321e-06,1.92829310536987e-06,4.22241563994674e-07,1.78044646418005e-06,-5.20112879272235e-06,-2.95698751458566e-07,-2.79840877726869e-05,-1.53932954904949e-07,-3.29008194882359e-05,-1.05501283639884e-05,5.65954147156779e-07,1.16232820873243e-07,3.51303405779697e-06,1.29318773760256e-06,-7.2791306494413e-07,-1.29448545043342e-08,-5.63448726957708e-06,1.76121619756554e-16,-5.22720986946006e-08,7.44267696542456e-07,-1.48226399586154e-07,-3.74846854336641e-07,-4.97633017424253e-06,6.8760848482799e-08,-9.47821549676974e-07,4.19645269969751e-07,-8.0382810593504e-07,5.10900203655887e-07,-1.03256320247424e-07,4.11966023705931e-05,-2.6728833566838e-08,2.93441300519784e-06,-2.46920111953962e-05,9.97781932331345e-09,-6.44499927818926e-10,3.03340633406396e-08,-2.78257884834895e-08,4.37133451145883e-07,1.08999351704405e-05,-2.042644521752e-06,3.92897623581431e-07,-7.10179599813326e-06,8.25121011539564e-06,-4.95268019770497e-07,4.9806050029611e-06,-1.68243613123111e-06,6.36140302328751e-09,5.53141232045358e-05,2.68436701006311e-07,2.28159966227188e-05,5.73625854473777e-09,-1.74004120203176e-06,1.57610978206792e-07,-1.86112256755433e-07,2.92868784087122e-07,-5.63832347229688e-07,4.34165352338592e-07,-3.15157158115403e-08,5.94490413970084e-06,-2.57104279353956e-08,4.209013712576e-06,-3.71095386844448e-16,-1.0209077926808e-05,-1.01391637263212e-06,-1.0781435841155e-11,-9.34378500628799e-08,1.36550584498096e-07,-8.44262058045717e-08,-2.3946900952066e-08,2.80374036292946e-09,-1.25501517816736e-07,4.74847068625155e-06,1.69794752371952e-05,-2.06977677883487e-08,1.79558380003933e-05,-0.00124578813638563,1.91698931705999e-07,-7.74744265362041e-06,1.11173432568341e-07,1.94098409796259e-07,2.994934942596e-09,7.76791714447006e-06,-9.31447323232766e-07,4.07101584337043e-09,-1.25200949689388e-06,1.4328001256425e-07,-5.16533286036661e-07,3.61105054090367e-07,2.99560217993694e-05,1.54068688015703e-07,-4.88675378022702e-08,-3.1249293459137e-07,3.08792639279256e-08,-1.39193545793998e-07,3.67629658944885e-06,1.50832881009642e-06,-6.53372336614733e-06,1.60523830103977e-16,1.48663690912536e-07,8.84287799347222e-08,-4.62602892043265e-08,0.000306320824270848,-1.87102795170014e-08,0.000502384200144841,1.11275462051288e-06,-1.92682138908592e-07,8.52695965551973e-07,-2.76923885602448e-16,-5.20171110947932e-06,-3.96832672170924e-10,-1.51291626352531e-06,6.52747952835773e-09,9.00903924558807e-08,-4.58966242220311e-07,-5.22746458505298e-07,8.75867283680976e-08,2.96903220229139e-09,-9.08043234774693e-07,4.46524157457278e-09,5.13013580066185e-07,7.57933304831208e-10,1.38846294270994e-10,7.03521869473375e-06,-1.10669077817161e-08,2.37988663885199e-06,6.83244901986929e-17,9.91964159423408e-08,-8.42566508186746e-09,-2.43006495675402e-10,-2.65223756317201e-09,4.15347345921895e-06,2.69284822763047e-05,-1.29261713093757e-07,4.8150300256378e-07,2.92376477921958e-07,-5.94621371556447e-16,5.35628121724762e-05,1.94834655099753e-08,7.9228780261657e-06,-2.9409065877932e-16,-1.78646486254452e-06,-2.41916502822202e-07,3.86011061943839e-08,1.77435130998386e-05,0.00156695110057437,1.2867298149437e-06,5.96868695547412e-07,-2.35784480786977e-06,-1.73638410665469e-07,-1.03555686846166e-08,-2.65523230391702e-06,-8.08507609983114e-08,1.27194937157121e-15,3.78265795146401e-08,-1.43752138594694e-06,-6.56817385995356e-07,4.49865601864184e-06,2.38858542153385e-16,1.1009913323947e-07,-2.4828293010079e-08,3.09789993372431e-06,4.64628352317867e-08,0.000165617990668669,-1.87681483421718e-07,2.95252429698408e-06,-2.54784391917897e-05,-6.59962810157803e-16,-0.000160042909688161,8.05260056194667e-07,-2.67179410647072e-06,-0.000354527404526299,4.74344484038338e-07,6.41235694543588e-07,-1.62161950534312e-14,-3.18851915379396e-16,9.60907400213991e-07,2.26063653286439e-06,-3.40849053208943e-07,0.544140827626826,6.73439916722184e-14,-8.87579160927537e-05,-7.45075528070952e-07,1.29199920005205e-14,1.75867032020582e-15,-1.95541814577514e-15,0.00493942638308403,1.83268782210995e-06,-1.9634950227528e-06,5.41516370564896e-05,7.60499018753547e-06,1.2818695641259e-06,-5.50579404225305e-07,-1.00374398272994e-15,-1.03043281583519e-07,2.76022641398061e-07,-2.96217041699963e-16,3.59377564978524e-16,-1.48308013504727e-07,-7.75246717066302e-08,-8.17058346054674e-08,2.0120775474718e-05,7.50261748020737e-08,-2.78336476329744e-05,-1.18708326428504e-15,-1.04098233056007e-06,8.57317519241741e-17,-3.30055764579201e-05,6.13224748757801e-16,-7.89459112022609e-08,2.74475956694958e-16,3.17696247972701e-07,8.33205746454246e-08,3.52846640614845e-06,4.81979507383555e-06,2.12220962487441e-07,-2.41251488157237e-08,1.52579996819467e-07,2.84168472055845e-07,0.00145293081803898,7.30689169551548e-07,4.65057957959601e-08,-1.35750144032981e-07,-0.00134701598683812,-1.67185747247162e-06,-5.53434940346311e-08,2.25297872022079e-16,5.25502984593904e-07,-8.99442574849698e-08,4.48400096982776e-08,1.26347102738404e-16,7.66324723148853e-06,2.30973239500749e-06,7.34452072017966e-07,7.43243402092753e-15,-1.77397639939144e-07,-9.11112660455949e-05,-3.3192677404955e-15,-1.20959761693982e-07,2.60266595863535e-07,-1.522813420431e-14,-2.25019355726386e-15,-9.52786164452472e-09,-4.83618402526927e-05,-2.70291489526023e-07,-0.000152974023249918,1.09048193928989e-06,2.86983710008145e-08,2.92641762934066e-06,2.38150617429801e-07,-4.13420117468993e-06,8.43626384028351e-14,-1.95606080891178e-09,-0.691294009324715,3.97836006250313e-06,3.06199210320236e-05,-4.1291179724374e-14,2.36310533134532e-14,3.88249245636608e-06,-1.01105907710413e-14,1.8901334467916e-16,3.43739287427772e-07,-5.00652160467164e-07,-9.37142340298404e-08,-5.15831946488243e-07,2.3504869001021e-06,6.13723735778925e-07,7.82047473366216e-07,8.24101633197747e-16,4.01752658263801e-06,1.73410313343887e-06,8.54743626954287e-07,-8.08682011048898e-08,3.14995943629789e-07,1.69721181303333e-15,1.76096872998475e-15,3.01679662971651e-15,-2.64347811547423e-05,-1.28924520369424e-08,-8.35331890837217e-07,2.05688047446487e-15,-9.81229706490392e-09,-1.58887385931896e-15,-7.91465962862698e-16,1.56304924326209e-06,-3.91228831236526e-07,-5.78530279238265e-16,-3.20860144344104e-06,-4.31158134157172e-08,-7.49588323208737e-16,9.68101525787338e-08,6.1338363916172e-16,3.56043438937456e-06,-1.3489842642874e-15,3.5484681474161e-06,2.92523501326202e-07,1.05886430437703e-08,1.04466966975318e-06,7.15643379381603e-06,-3.38247523325955e-08,1.02839737796235e-06,-4.25704462405528e-16,6.00981716864885e-07,-3.3880500693729e-08,-5.11880801044414e-16,-4.45648320652429e-09,-9.05574257750058e-08,2.09862733464374e-08,-1.86579696138242e-16,6.67403131795235e-08,8.81247427141953e-08,4.35196701575118e-16,-2.43982123125844e-06,-1.84989975522725e-06,-2.51542307785901e-09,3.51199752279451e-16,4.94890389325187e-16,4.45704600117592e-08,1.42037491539766e-06,1.14822310612093e-07,-1.74242361459362e-08,8.26000434294913e-07,-6.59752066160772e-16,3.55625249109052e-16,3.01149836249167e-06,9.05889696045775e-09,8.68408056493026e-16,7.26446055824342e-06,2.39433204192506e-16,3.60370746199709e-08,-6.1883124956783e-07,-7.63613645157539e-06,-0.000298703192653357,-2.8623677070767e-16,1.74527008736668e-16,-1.55553521487592e-16,-2.21846829601787e-16,-4.04132902508578e-09,-1.40127276766508e-08,4.62318417748128e-16,1.68633485803026e-16,-3.9445628252838e-16,1.96899535805002e-08,1.76797460116006e-10,-9.71102590442003e-09,-5.61803190668201e-17,3.08455518072126e-17,1.04820666035899e-15,-4.12874807009154e-07,1.26300989100485e-08,6.76629123536532e-16,2.20818590365778e-09,-5.76842898144263e-08,5.48975275324781e-17,-1.02462614454094e-16,-4.12737188990729e-06,-4.06308130445638e-10,-2.03966489509774e-06,2.12004077791e-16,2.20192026188974e-08,3.54711699526758e-07,3.79637757341968e-07,-1.41195883826764e-06,-8.37127776905648e-08,1.36050571382549e-09,-8.6536162873969e-16,-4.1862284758111e-16,2.7337120234323e-16,2.56331429420387e-08,-2.32058268741245e-08,-8.3118588481939e-06,-6.83389375184524e-09,5.56322304942451e-16,1.92121214767067e-16,2.79928135568204e-17,7.98588170946369e-17,-1.22930151347151e-16,3.24319715198512e-08,-4.28363204155282e-16,8.46245307591307e-17,-5.42262737428589e-07,5.61145888311789e-17,-4.85408854297057e-07,1.9194864176649e-17,-5.51685105032714e-06,-1.2816040165499e-16,-6.65140184568875e-06,-9.06854373648142e-08,-7.98861174063916e-08,-1.05815959720283e-16,2.90185592429281e-06,2.43173878691298e-16,4.38989031069835e-07,-6.9503750616854e-08,3.8456499351437e-10,-5.56278775782078e-16,2.11385511956229e-06,7.52275171090834e-16,-1.5173504932137e-07,-7.74472451765163e-08,-4.54290556684714e-16,2.47258071464776e-16,-1.64042743101378e-16,-1.66007577461496e-16,-1.17200415360606e-08,-3.485391125104e-07,-7.77715230919751e-08,-4.08644644626675e-16,-5.40889533462794e-17,-7.9446676811013e-09,6.47994123689072e-08,-6.6994841214154e-16,-1.4045955725256e-16,-1.29387962543177e-07,4.05938132582337e-17,-0.000137675493240238,1.25574107757545e-17,2.26696493498992e-07,-5.12661950570694e-17,-1.89006284626855e-14,-4.3524108322411e-17,6.05151644027543e-17,-1.37979843677374e-16,-3.50847872474599e-16,4.3432344735662e-09,-3.03734113479806e-08,1.08725112848561e-16,-2.01392306471648e-08,8.45733324162973e-07,2.58001540097067e-16,-3.0213632658016e-16,4.37071621249199e-17,7.70541611122832e-17,0.00022821774902218,1.23160825420577e-07,-2.215768118354e-16,2.60753499640731e-17,-1.50312322587129e-07,-4.8553759874006e-08,-7.35104000726487e-10,1.71904926635254e-16,-3.66748187582827e-17,5.96012263671378e-17,1.21883763189573e-16,1.86037651500006e-16,-9.15929215431522e-17,2.93840993690795e-06,-1.01657879602755e-06,-5.33928499368964e-07,-6.45169702976084e-17,1.35653773507449e-16,-3.81110986726608e-16,-9.04288846282877e-17,-3.84093882675177e-16,-4.4979383889438e-16,-3.017879448901e-16,3.14928252832984e-17,-1.14263304369205e-16,4.45345688863542e-18,1.12078115317341e-16,4.41453737223917e-17,5.12650689304133e-17,1.20478241896322e-16,2.82681111437516e-09,-8.11057566656353e-17,2.41718968714596e-16,-3.62057025354095e-17,3.99723332898388e-08,-4.51058835855092e-07,1.87337203088982e-16,-1.03122082715733e-09,3.64690253523833e-08,9.18592954632438e-17,7.36080595901907e-16,-7.0210985745764e-08,5.08876924575008e-17,8.94799804877298e-10,5.62142147654855e-17,-2.11584142864536e-17,-9.92977500370139e-17,-3.50298161038611e-17,8.16427781490395e-07,-1.19858450161324e-07,2.59003179610726e-18,1.14449750198068e-16,3.50612014731884e-16,2.77891885218063e-16,2.35922392732846e-16,-3.06302578516648e-16,-4.10626437400683e-17,-1.2781902220442e-16,1.43052025815789e-09,-1.3463237061584e-16,7.70338811014187e-17,-2.42489985728219e-16,-7.20083106428458e-18,-1.63932226649255e-16,3.80373167024721e-16,-3.10887378420292e-07,5.33905805174067e-17,-1.18652789836362e-17,2.10327695185674e-08,4.7558201033798e-17,3.26786145427809e-16,1.03505719993342e-16,-1.60808014217589e-16,1.82203433071353e-08,8.42418486193411e-17,-0.00220051412912714,3.17775064843392e-16,7.12843025737359e-17,1.43728820982726e-16,-1.73090335738469e-16,-1.82352924625447e-16,3.24134299000657e-16,2.01109526336645e-08,-5.5897313586681e-17,-1.67769723751514e-16,2.56481255852969e-09,-2.53589809871612e-06,-1.26613639797275e-16,4.37606001568886e-07,5.95052590396437e-07,-1.85833174711386e-16,-1.35856256613207e-16,-4.29668384457543e-17,4.7374461884173e-17,1.56855517632619e-16,-9.98136537883239e-07,2.38174632488656e-16,1.59524178389871e-16,1.94072632737127e-16,3.9917088507575e-07,-1.60268836228574e-16,-1.49008727680252e-16,-2.94731217198851e-16,-2.21003387146796e-16,-1.8157558749379e-07,-3.21197960530534e-17,5.3507981109049e-10,-1.80671041324846e-16,-1.05474066809843e-17,-5.37371845128733e-17,2.24484252603061e-17,2.61561998605654e-17,1.414331227894e-16,-7.49122040860704e-17,-9.26065495560502e-09,1.61518982949654e-17,4.88346180609931e-17,3.89078487996247e-09,1.34185236407166e-16,-1.14706251190387e-16,-2.68019458679891e-16,1.40728372004098e-16,9.0472795185901e-17,3.39618045967802e-17,-2.81479683237552e-08,9.97192613880676e-17,5.11110949784079e-17,8.37386431772e-09,4.24997345101088e-17,-2.12652575034295e-16,4.47584829763378e-17,2.67071792875084e-17,-1.72203875095756e-17,2.40202431084957e-17,1.00544188725264e-17,1.08509699958697e-17,-1.01521150442413e-17,-1.61925267238002e-16,6.65409354505881e-17,-4.37807779551847e-09,1.45118925777887e-08,-1.66050387955393e-18,7.74658016752138e-17,-1.39815343099204e-17,5.78514435479766e-17,2.97071395261028e-16,1.37817689187824e-16,2.38930523065627e-16,-3.96275886425623e-16,-1.38022764473412e-08,-9.83501268690785e-17,-1.42281298694833e-17,-5.48324747240959e-17,5.75061021728356e-16,1.60388283840586e-09,-5.48230571451789e-17,-2.53821277299181e-10,1.24456631513686e-16,-7.97643117769274e-17,-1.1051654873398e-16,1.57739472237137e-17,-2.41419033898669e-16,1.53908326350271e-16,-9.72160889386525e-17,-4.8775323257391e-17,-5.41660177355653e-17,8.36142152694004e-17,-1.07659695540608e-16,1.81582343012728e-17,5.69385513172754e-17,-2.42681420725087e-16,2.02507297174487e-16,1.52845438535952e-16,4.99486557279222e-17,1.32195470904873e-16,8.61479696989986e-18,-1.45380129365892e-16,7.78023478975598e-16,1.64866819881421e-16,-1.45490776068776e-16,4.22259354109649e-17,1.00382905467107e-16,1.21866501836484e-08,6.28166093345579e-16,-1.08337216963602e-17,-1.17817332808328e-16,-1.21723664608412e-16,1.59567612421541e-16,-1.69386078465981e-16,-7.19718881180335e-16,1.25169292682919e-16,1.42546692674642e-16,8.0332107096972e-18,7.24247051220317e-17,2.1770764644566e-16,-9.89672518367789e-17,-4.32077184199445e-17,-4.34887790401452e-17,1.75846602541907e-16,-3.75710503259352e-17,-8.44775191949094e-06,2.93358198767095e-17,1.06633946982969e-16,2.37657911889999e-17,-4.83373979382451e-17,5.27739566430607e-17,-5.79730905763892e-17,2.43094426276666e-17,-7.3834548770153e-17,-6.96230074671943e-17,3.55983697238656e-09,1.76299163435382e-16,-1.91805815022716e-16,-6.68073137207254e-17,1.72930998762197e-17,2.2826784468923e-16,-4.53269211971206e-17,-1.87461622405592e-16,1.98281652440843e-16,-1.16280138925034e-16,7.63769103139602e-17,-1.04309223037915e-16,-3.75672951186532e-17,-1.62620370585823e-16,1.64991719742817e-07,6.18265489424141e-17,-8.85084158286645e-17,-1.45390958712696e-16,-1.42681005899092e-16,-4.89086583990765e-09,8.09141041955856e-17,3.87762233531465e-17,3.08986207618872e-17,2.55729295748626e-16,-7.87720615835152e-17,-5.8605471361703e-17,1.81283082281808e-16,-1.12815204379996e-16,1.51502453805048e-16,4.94047936952005e-17,3.39425885957774e-17,-4.75372831029365e-17,-8.35732044029218e-20,1.51096955846125e-17,-6.58043398855385e-17,6.11644542241003e-17,-5.21938174272331e-17
"t111",0.0362141201561892,-0.0111230780942115,-0.0122143476112846,0.000768280096566741,0.00804532586030671,-0.0294422642161625,-0.00445997733050712,-1.61826722805468e-05,0.0395376213355638,-0.00139277662827631,0.00155691152089967,-0.00071961256330091,0.00185409151837686,0.000449098747160315,0.0179173596754571,-0.00072016420354466,-0.000599808185061807,8.84183226335777e-05,0.0542666212801128,0.141613563495101,-9.32040774010224e-05,6.19590951445239e-05,-0.0173193996229796,-0.00044503556758144,2.50243419621697e-05,0.00122294357349202,-0.0121740969818215,-6.06593971600724e-05,-0.000424253416444156,0.0037849054333702,0.000696267754541091,-0.0162416486356955,-8.50282252339539e-06,0.00962694158545587,-0.0512594084458433,-1.00918606283284e-05,-2.79964347954791e-06,1.01950056197946e-05,0.00141224925170752,0.000432949952788269,9.70636598215274e-05,-0.00331645833702277,1.24774269685669e-05,-0.000844918579625426,3.876460304276e-05,-2.21344597996106e-05,6.80329250036211e-06,-0.000142644080351435,0.158667202813742,0.052752221666273,1.49252507834149e-05,-7.81988803876497e-07,-1.36323000956331e-08,1.15907184387171e-06,-0.0055106388692317,-5.82854248840002e-05,0.0465761173860113,2.24079733667016e-05,-0.00015492250380432,-2.43368629915361e-07,-3.65206776440035e-07,2.15169859493957e-05,-1.36804470112695e-05,1.03703971455039e-05,-0.000114560732098744,2.43203026530265e-06,-0.00029198086149656,5.38740930995613e-05,-1.32140230840227e-05,6.09617185760875e-05,-5.69121153162644e-07,1.6296089534254e-06,-5.73298950811227e-06,-4.25201867002457e-06,1.89088434839237e-06,0.280049908738917,-2.11067467091423e-06,1.54692709639991e-06,-0.000474955436883572,-5.83168426544728e-05,3.66383054010994e-06,0.000284289889818608,-0.000398686989256151,-1.17907915913539e-05,0.00106987097700622,2.48330307734395e-05,-4.56559029616286e-06,-0.000714591450871993,-2.83154034480562e-08,3.97108071272315e-06,-4.80743778358083e-05,2.96996249191106e-08,2.06194571991572e-05,-1.89019807366732e-05,-4.43071503234419e-06,-5.41014853584637e-06,-6.37226224047134e-07,4.02592453079338e-06,-5.01496364673916e-05,-0.00542467304135648,8.68560935408619e-06,-4.56638624963323e-08,7.27724905224901e-06,1.12746323441947e-05,-1.29479710827668e-05,3.73774985376808e-07,-0.000104230547390655,1.35372106678854e-07,-0.000156889465246874,4.62647881272621e-08,1.56168969400475e-06,3.15994881765076e-06,-9.80344821831151e-07,1.02522741047532e-06,-1.06575573254412e-06,1.20383822461936e-06,-0.00013203726772975,0.000136467543989825,-2.02099200430242e-05,7.19538031453495e-06,-4.13811733807321e-06,9.81412880872671e-06,-0.00580275975264582,0.00124486833897872,-6.93366705879382e-07,-6.17093970220603e-06,6.63633463309291e-07,-1.88460664146377e-05,1.91802835747835e-05,0.000667555766170779,4.94251754533063e-06,-1.86740419671614e-05,1.50030918174715e-06,9.875940995004e-05,-4.1633486298723e-08,2.77576963351592e-05,-0.00554920112743917,-1.72875369963472e-06,0.00141050688875945,0.00028738929571422,-4.56754700270536e-05,-2.11393774123922e-06,2.52935459037606e-05,1.66344602665252e-06,9.5987287008066e-09,-8.40179082831199e-06,-1.01862501315049e-06,5.56893601379995e-05,3.69382222040642e-06,-6.87359822327734e-07,-8.60873924657998e-07,-0.000499795480647367,-6.08129805184279e-07,0.00016042581874679,-2.21826110499288e-06,-0.295739349812004,-0.00030107859898222,-1.27985148642958e-06,-0.00459706326714453,5.57037877336495e-07,-8.18630162160551e-07,1.26169631407311e-07,-1.15227279425907e-05,-1.49326727385799e-06,1.04323516182107e-06,-7.23008566651704e-07,0.000116394806636632,1.13965556135649e-05,9.85017738686948e-05,7.57323885874395e-07,-1.4321882249854e-06,-2.53484690864137e-07,3.06968302861423e-08,1.10089804699622e-05,1.95017195919897e-07,3.96850787064042e-07,1.73785479251091e-08,-6.48815843717903e-07,-2.61372225803617e-05,-2.89197955540867e-06,1.16145868264704e-05,3.10408495835126e-06,-6.47757499469583e-07,-2.58586419581843e-09,-7.90264108133503e-08,-3.35979625892503e-08,-0.000279833704640712,0.000159368755435378,0.000261446205012241,-1.05757836511025e-06,-7.6277460081491e-06,0.000160367053415349,4.83447277351537e-06,7.28824550084712e-10,7.42401898470289e-08,-0.00584494755414663,-9.71172272685109e-07,-9.67506702026413e-08,0.000738911463107153,1.98633303382528e-06,4.65727596531146e-06,6.70827157212766e-06,-1.32864045713166e-07,-1.01099332511408e-06,-0.000313628191031292,-1.25713790793161e-06,0.000193888920107992,1.01112251841076e-06,-5.62790972407799e-05,-1.20275711389015e-08,-0.000235593809261619,-1.49328347176079e-06,-3.78332999312682e-06,-0.000840527963282833,4.50499804221634e-07,-1.04591036529629e-07,4.93174737716723e-08,3.18066511696616e-08,-8.83664884935566e-06,-3.71166323961933e-06,-1.69270387886505e-06,1.9719673194672e-06,4.31873788891671e-07,1.82138228647141e-06,-5.32360556756557e-06,-3.02695557410133e-07,-2.8647028610582e-05,-1.57675965016445e-07,-3.37135817034556e-05,-1.08153740701963e-05,5.80296950476843e-07,1.19202888752948e-07,3.60349842406574e-06,1.32656168654995e-06,-7.47082545946211e-07,-1.32900802005807e-08,-5.78682062472452e-06,-9.17807534317652e-18,-5.37133078297667e-08,7.64868739833863e-07,-1.52442033920717e-07,-3.85732995799832e-07,-5.12336499983385e-06,7.07946191175431e-08,-9.76769501711086e-07,4.32531279212096e-07,-8.28572669749675e-07,5.26815763544016e-07,-1.06498972175958e-07,4.25095290753524e-05,-2.75862622814787e-08,3.02879978344703e-06,-2.54980660923336e-05,1.03244422815961e-08,-6.67390724498965e-10,3.14316356423849e-08,-2.88742537956691e-08,4.53652276543116e-07,1.13237597120025e-05,-2.12335631177778e-06,4.08784211181914e-07,-7.39109000316352e-06,8.58995247356215e-06,-5.15821830232716e-07,5.1906536713876e-06,-1.75352070815348e-06,6.6414850343361e-09,5.77518269775955e-05,2.80279391822012e-07,2.38339910889248e-05,5.99327588128046e-09,-1.81905888477746e-06,1.6478625323121e-07,-1.95311565216478e-07,3.07478870383447e-07,-5.92166491612945e-07,4.56354992662108e-07,-3.31484862521056e-08,6.26258191074091e-06,-2.70968401321496e-08,4.43762198431919e-06,-3.28367784837524e-16,-1.07775721458845e-05,-1.07056324319699e-06,-1.13899316383420e-11,-9.88523752766603e-08,1.44642181359384e-07,-8.94827969365727e-08,-2.53887963039379e-08,2.984727399943e-09,-1.336399933418e-07,5.05677855600476e-06,1.81052930025289e-05,-2.21562214759536e-08,1.92347387824797e-05,-0.00133518714241101,2.05803176708437e-07,-8.37654848947736e-06,1.20598887858731e-07,2.10596405297831e-07,3.24969243015152e-09,8.50717178042195e-06,-1.03351367800743e-06,4.52567691902147e-09,-1.39585197814554e-06,1.60330250006208e-07,-5.78678758209748e-07,4.08894003866104e-07,3.39501008198098e-05,1.7489602976188e-07,-5.55366835119957e-08,-3.56515543711861e-07,3.53890050530818e-08,-1.6023036584879e-07,4.24044464578793e-06,1.74595561933581e-06,-7.62445124049996e-06,2.20581705070118e-16,1.86721419805158e-07,1.12285006061731e-07,-5.98226157265749e-08,0.000396355934626649,-2.42245747081813e-08,0.000653654688565534,1.46202488256178e-06,-2.5635556070289e-07,1.16798495018782e-06,-4.12084981624883e-16,-7.82723395951604e-06,-6.06495502606126e-10,-2.40070812360995e-06,1.04088845081368e-08,1.63849207399624e-07,-9.31713813123209e-07,-1.36481674926327e-06,3.16474806061195e-07,-2.08001638494498e-08,6.49054719481403e-07,-6.57701680582866e-10,1.62647191173551e-08,8.86002301327785e-11,3.27428194149895e-11,1.73737855570066e-06,-3.44538026452587e-09,8.42544590885846e-07,1.80598046679973e-15,5.51899389111024e-08,-4.91255989793632e-09,-1.41743820484046e-10,-1.70686597261161e-09,2.70440120818888e-06,1.94463327188211e-05,-9.52840617206233e-08,3.56263952020264e-07,2.19227124552821e-07,-2.1361971473523e-16,4.07174829395895e-05,1.48817286432569e-08,6.15133691764022e-06,-3.68727440162879e-17,-1.40863092532943e-06,-1.91393058561561e-07,3.05913675258929e-08,1.41100497629257e-05,0.00125296520163164,1.03297432026512e-06,4.80596542121279e-07,-1.91448851850657e-06,-1.41121949916872e-07,-8.46115978842804e-09,-2.1883771454674e-06,-6.66632625019431e-08,5.16652050396871e-16,3.16532170306203e-08,-1.20571295503626e-06,-5.53603627379113e-07,3.81790984632514e-06,1.37749063292172e-16,9.46573580870023e-08,-2.16066044275015e-08,2.70886400095309e-06,4.07138515899308e-08,0.000145479601717717,-1.65565491000832e-07,2.62108730932792e-06,-2.29139897550834e-05,-5.26814431464721e-16,-0.00014526086447974,7.31410399605918e-07,-2.4303312496727e-06,-0.000323119934153586,4.32386014352743e-07,5.84828732453759e-07,-1.72986625024407e-14,-6.50026447729419e-16,8.78988997314934e-07,2.07295082951998e-06,-3.12642402977194e-07,0.500139209249282,6.15129100437688e-14,-8.19233431394086e-05,-6.88900667432814e-07,1.16413788182222e-14,9.02303230654928e-16,-7.74561912028546e-16,0.00459010916400311,1.70410888931557e-06,-1.82944255229386e-06,5.0538021668204e-05,7.09884665287861e-06,1.19858765695797e-06,-5.1490765470593e-07,3.73001999988329e-16,-9.66823895434605e-08,2.5927071603241e-07,-7.39698094563462e-16,1.10348346135803e-15,-1.39889703590909e-07,-7.31954806757861e-08,-7.72428229480929e-08,1.90380462543464e-05,7.11047749407091e-08,-2.63857805964273e-05,7.49546855054876e-17,-9.87185345278264e-07,4.79626662818057e-15,-3.13321099855121e-05,3.84674930797857e-16,-7.49999235727141e-08,2.46169471945422e-16,3.02107626330374e-07,7.92476749492686e-08,3.3647063947195e-06,4.5986708957157e-06,2.02532030160061e-07,-2.30473311626961e-08,1.45894494509326e-07,2.72297646598183e-07,0.00139226304903663,7.00649211365951e-07,4.46497357224878e-08,-1.30557959413549e-07,-0.00129745465876149,-1.61233003548485e-06,-5.34061661676798e-08,-1.06399256046788e-15,5.08122988625394e-07,-8.71478929739032e-08,4.37378738249823e-08,-2.01262697522447e-16,7.49189297708667e-06,2.26672902540749e-06,7.22078990783301e-07,-7.32803995415056e-15,-1.74579243736012e-07,-9.00442289994896e-05,4.66398022364878e-15,-1.19822702021201e-07,2.629304154791e-07,1.62210148638169e-14,1.90034436823437e-15,-9.74318960008235e-09,-4.9519019105624e-05,-2.78609739767622e-07,-0.000159160205407409,1.16985777309809e-06,3.08977220452585e-08,3.16782436260263e-06,2.88747401778839e-07,-8.98734189369368e-06,-8.83230120984901e-14,4.49003492674453e-09,0.722231843850497,4.05969380310794e-07,1.37402426050876e-05,3.77892994003073e-14,-2.48225796532728e-14,2.44136526396628e-06,1.09257295237441e-14,-1.63030333514284e-15,2.93055151587677e-07,-4.32207667569524e-07,-8.09213561894266e-08,-4.54202305550121e-07,2.07397153395507e-06,5.41758016454749e-07,6.92196449534107e-07,-7.33723390069881e-16,3.62914004916683e-06,1.57126654509533e-06,7.75212083662601e-07,-7.36575635166922e-08,2.88736027416192e-07,-2.1144896339786e-15,-2.01724330996475e-15,-2.57499910042475e-15,-2.43989184863662e-05,-1.19283671111837e-08,-7.73000377429437e-07,-1.78045491306594e-15,-9.09897613786186e-09,1.94946640935181e-15,7.50284845248927e-16,1.459801475661e-06,-3.65413097125699e-07,2.767751305921e-15,-3.00103697337518e-06,-4.03572891953479e-08,2.37036665223154e-16,9.07483357854558e-08,-3.37161557377493e-16,3.34284680805419e-06,1.90756697501488e-15,3.33206720818027e-06,2.74713034253889e-07,9.94512011461943e-09,9.81339986802906e-07,6.72502487066252e-06,-3.18267094679726e-08,9.69242017504177e-07,5.07600173291275e-16,5.67453239246739e-07,-3.19962105324294e-08,1.27987738667207e-15,-4.20964967329607e-09,-8.55785585301071e-08,1.98399521958455e-08,-3.6890775576915e-16,6.31722395536279e-08,8.34327587753065e-08,-5.89278627532118e-16,-2.31061913223504e-06,-1.75219539203779e-06,-2.38384359369456e-09,-1.86391527030184e-16,-5.90496084096171e-16,4.22896354051939e-08,1.34834135271643e-06,1.09009765322484e-07,-1.65742572442858e-08,7.85937494797264e-07,5.1033789957187e-16,-2.2086995469304e-16,2.86600469404526e-06,8.62145271923905e-09,-6.70477625323365e-17,6.91594876940896e-06,-3.0578234256642e-16,3.43189089331834e-08,-5.89573251922278e-07,-7.27531718814542e-06,-0.000284621599368754,2.66570290507596e-16,-2.84981435374041e-16,-5.92811905419169e-16,4.5149828270084e-18,-3.85464069123811e-09,-1.3366465992686e-08,-1.14414724495738e-15,-3.15108956036609e-16,1.88136840873926e-17,1.87871533281798e-08,1.68711642950609e-10,-9.26987689352418e-09,4.55331172260907e-17,1.29123057732161e-15,-4.22079905748607e-16,-3.94532732006627e-07,1.20694243423065e-08,-4.22687501675206e-16,2.11098417920951e-09,-5.51536383124734e-08,-2.49193233091437e-16,2.45804708736504e-16,-3.94771954008347e-06,-3.88634514829331e-10,-1.95134404967548e-06,-2.94411989892027e-16,2.10729100598765e-08,3.3953037511478e-07,3.63481913030278e-07,-1.35233201160416e-06,-8.01848274732842e-08,1.30338873549189e-09,4.80786917282179e-16,1.06810389814217e-15,-5.53337686252729e-17,2.4579652531833e-08,-2.22524026290808e-08,-7.97126825315903e-06,-6.55755498876802e-09,-7.36452642461389e-16,-3.04369951544366e-16,-2.04336559250194e-16,4.46002545389208e-17,-3.00124022109853e-16,3.11382663153094e-08,3.78578422003502e-16,-7.61521291387258e-17,-5.20745391627891e-07,1.96847407132051e-16,-4.66152887286189e-07,9.92845508856162e-17,-5.29810272185121e-06,1.82414054814125e-16,-6.39003629470558e-06,-8.71295578646411e-08,-7.67638398325518e-08,4.68780334124876e-17,2.7888895070755e-06,-2.63504324610791e-16,4.22046626772723e-07,-6.68509413673324e-08,3.69893696681667e-10,2.57042963508282e-16,2.03357008035285e-06,-1.33439623052827e-15,-1.46012189748998e-07,-7.4527230585278e-08,8.24953200389887e-16,-3.63769565911183e-16,1.68279240274468e-16,4.09744004225565e-17,-1.12806744939005e-08,-3.35492502409783e-07,-7.48654258355622e-08,3.31134052430267e-16,1.48303429839097e-16,-7.65024617301504e-09,6.23988902024447e-08,4.04527955725041e-16,5.49648091391195e-17,-1.24643333923434e-07,9.92429459736919e-17,-0.000132637846034968,-5.15753721688097e-17,2.1845291099961e-07,3.25605439566153e-17,-1.76956501260469e-14,-1.45275747485576e-18,7.61785180227162e-18,1.74847852395129e-16,-3.75695568460059e-17,4.1872539814175e-09,-2.92827774198975e-08,-1.06183178860749e-16,-1.94191845411042e-08,8.1554963177143e-07,3.92166505280869e-17,1.89532822597467e-16,4.58569339429223e-16,7.88119299738678e-16,0.000220135097192518,1.18806671928158e-07,2.50380101505879e-16,-1.17855542402932e-16,-1.45008778834305e-07,-4.68410546315423e-08,-7.09196257676177e-10,-1.85092121525457e-16,5.0915986490505e-17,2.04385700275917e-16,-2.50084898272221e-16,-1.88318763187466e-16,3.53802103781482e-16,2.83628571888011e-06,-9.81293400105006e-07,-5.15419652597888e-07,1.53899564200949e-16,-1.98997800569577e-16,8.26460993388035e-17,-5.85134487142645e-17,4.84839479351737e-16,5.03145268040554e-16,-7.00462291456579e-17,4.3400657218202e-17,1.63227950510639e-16,-4.1667303011058e-17,5.47238269261585e-17,-2.1269541807126e-17,-3.43037926101359e-17,-3.39605950776733e-16,2.73088883262121e-09,3.71790451779371e-17,-4.8694419862036e-16,-1.39005448486259e-16,3.86197465656577e-08,-4.35805705861855e-07,-3.4575770710062e-16,-9.96362193891434e-10,3.52404799287556e-08,4.16017869269056e-19,1.10208840646634e-15,-6.78557734615866e-08,1.02109285704626e-16,8.6493839810872e-10,-6.23089504339131e-17,8.58224407484981e-17,2.78364385997254e-17,2.8972736386335e-16,7.89401422333161e-07,-1.15892919475041e-07,-1.86911405467326e-16,-4.08555431769722e-16,-1.21574103941756e-16,7.93903287893563e-17,6.41847686111419e-17,2.09079374302387e-16,2.52202579594526e-17,3.52218117725048e-16,1.38448845392029e-09,7.78819170388929e-17,-1.10115318121902e-16,2.08478984951135e-16,-2.54725464601206e-16,-1.81560833123825e-16,-7.1301080258809e-16,-3.00942409064948e-07,-4.11762962248431e-17,1.0774023138443e-16,2.03606812508759e-08,1.26700807534755e-16,-3.62038193730263e-16,-1.79564488483356e-16,1.44288100523251e-16,1.76454319371046e-08,-1.4671167182248e-16,-0.00213123667248744,-2.11534511218779e-16,-9.4134924972475e-17,1.09226318665281e-16,1.88353022415044e-16,1.01141440366344e-16,6.34715485896396e-16,1.94807022860492e-08,-2.69765238345135e-17,4.40557429266072e-17,2.48471542014836e-09,-2.45671802537927e-06,1.84132698051294e-16,4.23983345519008e-07,5.76546062054251e-07,1.30206016005724e-16,1.40477414620034e-16,-1.31373616274226e-16,-1.28230042617207e-16,-2.76753759919389e-16,-9.67520776902116e-07,-1.85299222934193e-16,1.88381072681296e-16,-1.09556724851656e-16,3.86970452918254e-07,5.86156849696907e-17,-8.13391737246388e-17,3.48116678682553e-16,1.51425340987506e-17,-1.76051698933647e-07,1.8540583685641e-16,5.18824245515382e-10,1.321630018547e-16,-4.27349639493498e-17,-2.13026362364408e-17,-6.4980816466568e-17,1.11534283816621e-16,-1.35843813647287e-16,7.68860483407636e-17,-8.981460581404e-09,-8.16372380664306e-18,-2.35318986080728e-16,3.77370400501219e-09,-4.74734915609063e-17,1.78359414801831e-17,1.78153057421042e-16,-1.41835535751247e-16,-6.45950517681133e-17,-5.56043073643165e-19,-2.73059090012488e-08,-2.08835401781811e-16,-2.24557702116342e-16,8.12401323860865e-09,6.71299284929186e-17,5.34953478576517e-16,3.72203605784237e-17,-2.62284887148846e-17,-1.32950525197169e-16,4.16990198472678e-16,4.21174774079282e-17,8.55786775594437e-18,1.39520899544193e-16,1.58984673524608e-16,3.66669420755045e-17,-4.24870434721077e-09,1.40835562077947e-08,-9.79347541525711e-17,1.54726474330362e-16,-2.04116627204158e-17,-1.5333020068272e-16,5.42101086242752e-17,-2.83665006752203e-17,-2.01478307617664e-17,1.99690810726138e-16,-1.33973284299937e-08,2.37532302463257e-16,5.81317312871336e-17,-1.08739662264595e-16,-4.60729885900541e-16,1.55706541564476e-09,-6.84276482811412e-17,-2.46454657544775e-10,-1.73335357442643e-16,1.43886876537951e-16,-1.4709569507707e-16,6.95925904607439e-18,1.98447495181729e-17,1.8921835459737e-16,1.51304648127805e-16,1.36643041109407e-16,6.77757047109665e-18,-7.66486759133813e-17,2.80123107666921e-16,-9.30266867820902e-18,-8.29670035675477e-17,1.58264369050678e-16,-1.59161961979817e-16,3.16198179910766e-17,-5.56530950841829e-17,7.96748173119582e-17,-6.24012397697008e-17,1.18230263674e-16,1.42247325030098e-16,-3.43867882609593e-16,-7.92921173516438e-17,6.25349095669143e-17,-4.84976667560422e-17,1.18402530712856e-08,7.71384471103836e-17,2.54371540351741e-16,6.64831035250957e-17,-2.87475044764095e-16,-8.19959168194999e-17,1.80621056392013e-16,-1.3668011706595e-15,-4.68753017238019e-17,-6.2587577165702e-17,-2.68293163797777e-17,-1.95590071916385e-16,1.19779172930856e-16,5.75458943939278e-17,-1.59383661256349e-16,-6.53244621197355e-17,-2.29323654093514e-16,1.03451459021227e-17,-8.21094702125074e-06,-2.48045682110845e-17,-6.35452651278635e-17,6.61110759284472e-17,-4.69399682248389e-17,3.10645337400036e-17,1.46770686449703e-16,5.96521443365701e-17,2.64545090956931e-16,4.11586882392773e-17,3.46145399022902e-09,1.58620774410086e-16,5.29525624865077e-17,1.06579553502378e-16,7.22150601027086e-17,-1.64453068793768e-16,-7.13489979509973e-17,-5.99525694974587e-17,3.29251536956543e-16,1.68784484041432e-16,-7.14460456834439e-17,-1.03614178612263e-16,-1.31907690093455e-16,6.6130399625428e-17,1.60495628924484e-07,5.22964223069553e-17,3.06483270232525e-17,-1.98364451247234e-16,-4.69676381120721e-16,-4.75845231022723e-09,-1.61309774101281e-17,2.13859843415153e-17,-2.31900858674539e-16,3.14354130610212e-16,1.67574449904514e-16,6.99593452587198e-17,5.39350834987539e-17,-8.17643006195778e-17,7.95189733939495e-17,5.92316090267319e-17,4.88704410486104e-17,2.28161001506247e-16,-1.69570434491544e-16,-2.25200665729759e-16,1.12021379075243e-16,1.71105974263306e-17,-4.23860051934286e-16
"t843",0.0362362061344612,-0.0111373781519294,-0.0122305587906391,0.000769646960105049,0.00806285365826763,-0.0295175288246878,-0.00447160263618811,-1.6228211767758e-05,0.0396690470497333,-0.00139839148424558,0.00156487667895027,-0.000724149842033855,0.00186612425066148,0.000452057498104303,0.0180405555827606,-0.000725408569963877,-0.00060428057046529,8.90895673370199e-05,0.0546881511536051,0.142808796891315,-9.40550963037342e-05,6.26422424873825e-05,-0.0175210992420609,-0.000450248099788397,2.53186002351809e-05,0.00123801227797311,-0.0123258832482917,-6.14225124011705e-05,-0.000429734448564173,0.00384269531578692,0.000707608589364455,-0.0165183050544549,-8.65818702350252e-06,0.00981124901972495,-0.0522912717451936,-1.03113801177469e-05,-2.86132075031839e-06,1.04232062352193e-05,0.00144407728630958,0.000442853918117547,9.93484531160898e-05,-0.00339643522677886,1.27828524303598e-05,-0.00086562617598091,3.97314072583706e-05,-2.27221344452255e-05,6.98730473319033e-06,-0.000146535741955117,0.163100810662652,0.0542642204607348,1.53674700316468e-05,-8.05512998438518e-07,-1.40433014013905e-08,1.19467527935971e-06,-0.00568608807348297,-6.01510719224403e-05,0.0482117173210046,2.32141712040981e-05,-0.000160512289736454,-2.52669563286661e-07,-3.7976126300717e-07,2.23920527020995e-05,-1.42459004133886e-05,1.08007751240776e-05,-0.000119458093229349,2.53874249936579e-06,-0.000305526044034372,5.64347197326182e-05,-1.38490770459173e-05,6.39498618759812e-05,-5.9992883236188e-07,1.72427994428372e-06,-6.0695708292861e-06,-4.50707340594734e-06,2.00461098009884e-06,0.297048445988123,-2.23925466016949e-06,1.64284495326228e-06,-0.000505580156715932,-6.21357225252321e-05,3.9100815345259e-06,0.000303504173372623,-0.000426733435200377,-1.26301106740862e-05,0.00114989650576108,2.67152132031891e-05,-4.91623745205541e-06,-0.000769590609490488,-3.04959344536952e-08,4.27731515318178e-06,-5.18002299705541e-05,3.21102657796501e-08,2.23000612858491e-05,-2.04858462366176e-05,-4.81959801102891e-06,-5.88826075292848e-06,-6.93557927553079e-07,4.38801120542634e-06,-5.46887566969026e-05,-0.00592745070127079,9.5060849759376e-06,-4.99846965835285e-08,7.96714340370372e-06,1.24353406569492e-05,-1.42889638179182e-05,4.12666663847094e-07,-0.000115165623833551,1.49606928651457e-07,-0.000173453930449445,5.11794195395994e-08,1.72791545362296e-06,3.50026804144854e-06,-1.08607321901827e-06,1.13920860675104e-06,-1.18500329151276e-06,1.34042353451824e-06,-0.000147111142465662,0.000152312642272063,-2.25944749273527e-05,8.05461472779118e-06,-4.63562924268698e-06,1.10216863231368e-05,-0.00652737808405598,0.00140040852645699,-7.80182710156279e-07,-6.95528146612699e-06,7.48087678640458e-07,-2.12752687701006e-05,2.17430428435357e-05,0.000756786081275035,5.60507808721492e-06,-2.12371146657393e-05,1.70717699949626e-06,0.000112421838950444,-4.74712662109583e-08,3.16570862676391e-05,-0.00635095833619833,-1.9841502629552e-06,0.00162521177501885,0.000331171811372593,-5.26692432730463e-05,-2.43845577627837e-06,2.91925295522505e-05,1.92026969218552e-06,1.10807320280814e-08,-9.71367094857199e-06,-1.18124591301651e-06,6.47802918324554e-05,4.30014619440793e-06,-8.01558557633731e-07,-1.00403757654624e-06,-0.00058329363569735,-7.10000728847556e-07,0.000187381890893632,-2.60150839155015e-06,-0.347059820544639,-0.000353488734266701,-1.5186427162823e-06,-0.00546902998130463,6.62962714019756e-07,-9.76469946476601e-07,1.505652573035e-07,-1.3790308530725e-05,-1.78775707435911e-06,1.25250670406931e-06,-8.70429140411746e-07,0.000141258926210727,1.38350323338389e-05,0.000119586606027351,9.20453356066776e-07,-1.74295226333196e-06,-3.08545126590564e-07,3.74614209151144e-08,1.34459606964969e-05,2.38607793381006e-07,4.85766892528808e-07,2.12770320017487e-08,-7.97658756304041e-07,-3.22722889121855e-05,-3.57347072553723e-06,1.43617988014476e-05,3.84643274454929e-06,-8.03327098118477e-07,-3.20947744562992e-09,-9.81590492804434e-08,-4.18389663703076e-08,-0.000348693838248902,0.000199687207733027,0.000327649450511906,-1.32785555748445e-06,-9.62688100442676e-06,0.000203279576386378,6.13739920186859e-06,9.27342271396035e-10,9.46220005658244e-08,-0.00748754927510348,-1.24548015907456e-06,-1.24370519986384e-07,0.00095097668866246,2.58008217086752e-06,6.05206747126534e-06,8.7519055410382e-06,-1.74022003995074e-07,-1.33687875544008e-06,-0.00041474209398685,-1.66392037629715e-06,0.000257329248279112,1.34452106082678e-06,-7.52182574348937e-05,-1.61779490538311e-08,-0.000318538553954964,-2.02227626692897e-06,-5.1613020526687e-06,-0.00115140139096947,6.17186728761367e-07,-1.43754258041593e-07,6.83486823076761e-08,4.41515648799472e-08,-1.23731883535216e-05,-5.22884286951646e-06,-2.38967905584344e-06,2.80864936917404e-06,6.16422308823649e-07,2.60578824850663e-06,-7.67137124420046e-06,-4.36828060144605e-07,-4.13561967796419e-05,-2.2946268099064e-07,-4.93054087410329e-05,-1.5905228959475e-05,8.55559646991143e-07,1.76211186079642e-07,5.3401161457721e-06,1.96725450192367e-06,-1.11520904682659e-06,-1.99211021603621e-08,-8.71347111807623e-06,1.47659734898338e-17,-8.14110965926586e-08,1.16081464378477e-06,-2.33502293824672e-07,-5.95131321283134e-07,-7.95245859389148e-06,1.09927053385799e-07,-1.53407353327803e-06,6.80635014552132e-07,-1.30501832052346e-06,8.33326073819028e-07,-1.68956437342062e-07,6.78046020475482e-05,-4.41075219974797e-08,4.84756544557218e-06,-4.10341929158919e-05,1.70127017654709e-08,-1.10926778895161e-09,5.26252756129777e-08,-4.91344536730882e-08,7.72873365540009e-07,1.95182771425731e-05,-3.68435066881175e-06,7.16165627102615e-07,-1.29892499541836e-05,1.51459269950185e-05,-9.13696445427714e-07,9.25791461796305e-06,-3.1300078739132e-06,1.20691292217612e-08,0.000104992364282793,5.09784758714719e-07,4.35663168735032e-05,1.09755632232163e-08,-3.35119972817663e-06,3.03920184941262e-07,-3.73965263420319e-07,5.91260230564718e-07,-1.14259417538782e-06,8.87552939371201e-07,-6.48851459613998e-08,1.24409344234377e-05,-5.40650052204957e-08,8.88505175613499e-06,3.2070204310955e-16,-2.18423884499724e-05,-2.17317010391103e-06,-2.32441803818071e-11,-2.04315158574988e-07,3.02313484117207e-07,-1.88034022134098e-07,-5.34935929758999e-08,6.51697068429488e-09,-2.92488371985697e-07,1.10745290013235e-05,4.00881706635726e-05,-5.06657664589763e-08,4.42392857098417e-05,-0.0030833171956895,4.81725250086044e-07,-2.07054293610791e-05,3.05453752744503e-07,5.34174502948569e-07,8.2463606195386e-09,2.30344689361859e-05,-3.04392081188899e-06,1.34838963723029e-08,-4.23126617361273e-06,4.96608977532919e-07,-1.80457177138828e-06,1.35295419886864e-06,0.000112860997878909,5.86465065947991e-07,-1.87344087376016e-07,-1.22697024604826e-06,1.24605718570174e-07,-5.76604963536336e-07,1.54088025526961e-05,6.45192122628291e-06,-2.92420897369752e-05,-2.21786543834357e-16,9.44788007554321e-07,5.87722925095524e-07,-3.30324649231752e-07,0.00219215816161283,-1.34213108607745e-07,0.00367149879138826,8.43255062919987e-06,-1.52767673269771e-06,7.468883448144e-06,1.74968337886367e-16,-6.04098427476225e-05,-4.80666147921259e-09,-2.019622115738e-05,8.82159283494174e-08,1.64461135283044e-06,-1.0430346162505e-05,-1.83041947863805e-05,4.92470068867036e-06,-5.00227307551036e-07,3.21104099602682e-05,-1.04284579710041e-07,-1.00384591852414e-05,-1.34648822391766e-08,-2.11733067114351e-09,-0.00010562631160109,1.51089352397047e-07,-3.0341379851276e-05,-1.24436443402661e-15,-8.40228929801761e-07,6.66174739590714e-08,1.92007253533904e-09,1.75788019812618e-08,-2.68655163349851e-05,-0.000133800392241155,6.01391282436054e-07,-2.21218486976791e-06,-1.28218641852643e-06,2.77499080481299e-16,-0.000223188546282175,-7.96943874715555e-08,-3.03071909992587e-05,9.5045834517969e-16,6.37885924262461e-06,8.50310950163193e-07,-1.34585892496534e-07,-6.08482509169113e-05,-0.00522876582246446,-4.20797074182895e-06,-1.92176126618451e-06,7.25651642528674e-06,5.31587262190767e-07,3.07624934401013e-08,7.49175800106124e-06,2.27533094522122e-07,-8.81904415470427e-16,-9.67311320987167e-08,3.61757329391984e-06,1.59644719061774e-06,-1.03878380713904e-05,-2.98907438605972e-16,-2.28852205793022e-07,4.62031280261919e-08,-5.49732289115826e-06,-8.06781208543601e-08,-0.00028028220025626,3.03113428961873e-07,-4.43059872460388e-06,3.22264387847272e-05,5.65780793968704e-16,0.000175874075620676,-8.74468353171667e-07,2.83086824023977e-06,0.000363159902148576,-4.84644837218876e-07,-6.489921005757e-07,1.59247615094671e-14,4.09274329878765e-16,-9.21528982598454e-07,-2.07034642690595e-06,3.10386218315751e-07,-0.475747213776355,-5.41949478702618e-14,7.10984378031542e-05,5.7443107470623e-07,-1.16279751202412e-14,-1.16587240330597e-15,1.0002880299149e-15,-0.00338491330771106,-1.23741492065886e-06,1.25986553284411e-06,-3.32860186760097e-05,-4.65126563148075e-06,-7.49104560135473e-07,3.20068776687971e-07,1.01916763642981e-16,5.46539872291669e-08,-1.41760875680079e-07,3.81081061714434e-16,-7.60761705223832e-16,6.71378192468653e-08,3.40405748921528e-08,3.44369996757744e-08,-8.25015396448565e-06,-2.91765975949636e-08,1.07316133029333e-05,7.27840272768985e-16,3.96676345616704e-07,-2.04939102578743e-15,1.21575405806831e-05,-7.30969104689727e-16,2.83588146251013e-08,-2.95322256823408e-16,-1.10520642944879e-07,-2.87977471407669e-08,-1.11807688206457e-06,-1.49894281151237e-06,-6.54844830012187e-08,7.19321614659119e-09,-4.41480627249406e-08,-7.66102800560571e-08,-0.000391454087636515,-1.92573940774567e-07,-1.17670485959503e-08,3.24947655881186e-08,0.000307473819917052,3.67386387732696e-07,1.1933646290715e-08,3.3593715543689e-16,-1.06761674270022e-07,1.72290374148117e-08,-7.20203629001119e-09,5.48822497753399e-17,-1.16601692221962e-06,-3.22867977488624e-07,-9.889019378062e-08,-7.90087324098062e-17,2.34219186263386e-08,1.11032751613188e-05,-4.61960877525386e-16,1.41497216319924e-08,-2.32091937476839e-08,-5.91127625247374e-16,-6.12982937195514e-17,7.52993764365762e-10,3.77905175317838e-06,2.00079346371487e-08,1.06005387229263e-05,-6.44719116731302e-08,-1.67268606712719e-09,-1.67141394768296e-07,-1.10179216544569e-08,2.39991840528945e-07,3.10645606460547e-15,-1.00916253935451e-10,-0.0157119371519611,-7.80947495464318e-09,-2.23047001022561e-07,-6.05494350294802e-16,7.01126691567364e-16,-2.96942409263698e-08,-3.4695077195395e-16,-2.47348529122949e-16,3.6119559992219e-09,-7.07789861027057e-09,-1.33202029391134e-09,-1.14193959948775e-08,5.45443950761371e-08,1.43818629265005e-08,1.94772729595437e-08,-2.53447564704211e-17,1.61882427519987e-07,7.54496784113267e-08,3.80919228840581e-08,-4.0258952310516e-09,1.86263406186739e-08,-4.94393265178863e-17,-1.8759903852513e-17,-5.85005588847173e-16,-1.90870790840946e-06,-1.00198363250669e-09,-6.5268533523469e-08,7.60299667125927e-17,-8.18100193170899e-10,-2.34593591072438e-16,-8.74563809644231e-17,1.65016443804798e-07,-4.14090554589415e-08,-8.66494376250415e-16,-3.56435599421451e-07,-4.91985209903951e-09,7.08203195114342e-17,1.16378287524772e-08,-2.23163863871467e-16,4.53739196737213e-07,-8.15787061527952e-17,4.54494615024792e-07,3.76124143817364e-08,1.36741850128648e-09,1.35723785544585e-07,9.42286639673179e-07,-4.67371552830692e-09,1.51255882961009e-07,1.19604845985416e-16,9.48894766480761e-08,-5.38792478003516e-09,-2.37498117813751e-16,-7.15423148851842e-10,-1.47850991134306e-08,3.47772541393585e-09,5.01753816724224e-16,1.16091640632181e-08,1.54707571991628e-08,2.60975649837867e-17,-4.335200016776e-07,-3.30635192581229e-07,-4.59297531722318e-10,1.40508802061352e-16,1.31084213290573e-16,8.538818426957e-09,2.77469872639783e-07,2.25187461775696e-08,-3.69589003624362e-09,1.77303885526628e-07,2.5301491083785e-16,3.61083103607109e-16,6.51680130718725e-07,1.96231747669408e-09,-6.14100041106433e-16,1.59483711686616e-06,1.53983226307288e-16,8.01255639131475e-09,-1.39950286039062e-07,-1.72898842398585e-06,-6.79485128642091e-05,-2.87596584922663e-17,7.67495927545651e-17,6.08027022185716e-17,6.65749283670031e-17,-9.57211996921854e-10,-3.32963773424725e-09,-1.29870078402388e-16,4.34694198254561e-16,-4.10294003529897e-17,4.73247639554721e-09,4.2701293078568e-11,-2.37640915831873e-09,2.39398379801877e-17,-3.60605642568679e-16,-2.43620228157493e-16,-1.05424445444107e-07,3.22955722663889e-09,1.56000580315853e-16,5.73618638018025e-10,-1.50785855264799e-08,3.76122379658111e-16,1.90612322081092e-16,-1.09463729763091e-06,-1.07882272979672e-10,-5.46105760857463e-07,-4.98202689573985e-16,5.97677508900217e-09,9.69977533603818e-08,1.04876750603473e-07,-3.95415274142702e-07,-2.35282244300128e-08,3.84950048991087e-10,4.35757106471681e-16,-8.10862849238979e-17,8.53822057050906e-17,7.52413453057214e-09,-6.8153557004824e-09,-2.45216165989928e-06,-2.06152576316025e-09,6.24965838586524e-17,2.71273995553773e-16,1.40454135310916e-17,-1.92536561225957e-16,1.61895077351551e-16,1.00052684628274e-08,2.66493716799664e-17,-3.04686109176495e-16,-1.68723574306872e-07,9.37095217302886e-17,-1.51101962617933e-07,5.82864195400673e-17,-1.7186363759436e-06,-1.17325880645587e-16,-2.10234055407961e-06,-2.87609351265874e-08,-2.54668471764076e-08,2.77190321530744e-16,9.30909961138619e-07,1.39600444726336e-16,1.42744556517483e-07,-2.29909686985396e-08,1.27302504322431e-10,-1.18007468768942e-16,7.04507816536375e-07,2.03429979052513e-16,-5.11070096933829e-08,-2.60989565943138e-08,-1.29491880736644e-15,4.72605099596844e-17,3.91477529010646e-16,-9.95107482483581e-17,-3.98344638353138e-09,-1.18727940375765e-07,-2.65610647093466e-08,5.53224278343864e-17,6.27720161416749e-17,-2.74664075185311e-09,2.24145458738861e-08,-6.34922303517994e-17,-3.33635963340891e-16,-4.54239042580606e-08,-9.32308732782366e-17,-4.84837915334415e-05,7.76330765470153e-16,8.05465557222546e-08,-3.65273151983913e-16,-6.48281555545769e-15,1.52665029453855e-16,1.59764016977177e-16,3.55714765803338e-16,2.69467441482955e-16,1.5705531561172e-09,-1.0985785430668e-08,8.43414945037545e-18,-7.32794632323908e-09,3.08497515822822e-07,-5.0839764818166e-17,1.05416754484311e-16,1.64305967716584e-16,-2.39451328249642e-17,8.4130822873516e-05,4.55129048504806e-08,-5.89550627612879e-17,2.223539271248e-17,-5.5696408712659e-08,-1.79973008118317e-08,-2.72800779179405e-10,2.59709493211082e-16,1.76386310197375e-16,-6.00371068064691e-18,7.66294233297135e-17,-2.01482585454983e-16,-2.18889821252358e-16,1.11110908500212e-06,-3.85063077441574e-07,-2.02587539619288e-07,-1.75142769567178e-16,6.48776729328018e-17,3.09368859675354e-16,-1.72235393069674e-16,-1.74808223681776e-16,6.20473747461606e-16,3.52149509577579e-16,-1.50559173745957e-16,3.17262302744257e-17,2.14294937300753e-16,1.4069389327384e-16,6.49354851518584e-16,9.22937737615316e-17,1.13859698009711e-16,1.10281349929337e-09,9.18404441231991e-17,1.13905465985007e-16,-1.6099549022836e-16,1.56500957875358e-08,-1.7674497522986e-07,-1.33658642737486e-16,-4.04284275575002e-10,1.43596663636572e-08,2.05614219629976e-16,7.48709920724514e-16,-2.77939269357888e-08,-4.99848508971255e-16,3.56518361125399e-10,-5.10398364706242e-17,-1.01831875390497e-16,-2.30643827521013e-16,1.88347449944067e-16,3.28569712419287e-07,-4.82692388714737e-08,1.10327706192622e-16,1.43434919802e-16,1.81317645532813e-16,1.80637186087956e-16,2.32236105346395e-16,2.56922712058829e-16,-1.55036891824846e-16,3.40750352573687e-17,5.95718222819915e-10,2.82684046934914e-16,6.00919360900572e-17,1.60050346706615e-16,2.28862139600217e-16,4.26894831157037e-16,-9.05048098922108e-17,-1.30363021961763e-07,1.50538212002413e-17,2.76056980038186e-16,8.83072629506458e-09,-5.8578321844508e-16,2.15600250009034e-16,1.55398605403195e-16,-1.11759955640849e-16,7.76231913082460e-09,1.48259998985122e-16,-0.000939883102870334,-3.96407767346356e-16,2.37243069746649e-16,2.28933908652923e-16,-9.32394386579747e-16,-1.70033795972774e-16,-5.54729514624485e-16,8.63452495839685e-09,-2.42446686499265e-18,6.46704849540785e-17,1.10554427324115e-09,-1.09329815444697e-06,2.44637709011363e-17,1.89302008892424e-07,2.57682419625304e-07,9.54530610098813e-17,-2.94496789664086e-16,-3.58535771352661e-16,2.15312361026796e-16,-2.02548480065086e-17,-4.38905604508097e-07,-9.52726414075644e-16,7.04197759431242e-17,8.34488419563064e-17,1.76205263238373e-07,-2.88853691772034e-16,-5.09645206135347e-16,-4.09703481730721e-17,3.80304591375505e-16,-8.05595309444864e-08,-8.49136978648598e-16,2.37766918599118e-10,-4.0686292738878e-16,1.87415835055467e-16,-7.18032614477409e-16,-1.68105701777261e-16,-4.96890791012722e-17,3.73702008394258e-16,5.1743366333059e-17,-4.14866671099450e-09,1.29267639216291e-16,5.36815766793536e-16,1.74650990988387e-09,-9.71518902838356e-17,8.30754281748305e-17,-3.87201629620131e-16,-8.9588542623518e-16,-3.49922398013323e-17,-8.45407600653543e-16,-1.27139481982222e-08,1.68450043449154e-16,-6.1753571006448e-16,3.79277556804547e-09,-3.16582429912142e-16,-6.63402297442336e-16,2.88483260604228e-16,5.18809408396561e-16,6.50707903282299e-18,6.81535530909882e-17,-5.86880334639436e-16,8.97534157575504e-16,-7.8615138224828e-16,-5.67179289822698e-16,-2.9527163571754e-16,-2.00297479090943e-09,6.64711924112420e-09,7.57043761717842e-17,-6.34271797666987e-16,-4.70618346017255e-16,-9.740565474226e-16,5.49039980146659e-16,-9.25969087910055e-16,-6.74571187572206e-16,9.58227678036925e-16,-6.36120994090164e-09,-3.3691315232507e-16,-1.92844316855827e-16,-1.01962897760569e-15,-1.12563226003129e-16,7.43037750510652e-10,-5.29928671100166e-16,-1.18271012425535e-10,7.53926074394205e-16,-1.15887610348625e-16,3.07750174465644e-15,-5.47290509746941e-17,-4.1547371787126e-16,1.05284078168558e-15,6.37322340345074e-16,3.73257091588088e-15,-4.90289600367156e-16,-8.55431265236738e-16,1.15002974019815e-16,-4.69995692977394e-16,-2.57252738941845e-15,9.87261930089561e-16,-2.72246660566146e-15,1.90590110843623e-15,-1.3559705370571e-16,2.57487050827791e-15,-1.72211394801499e-15,3.78898608486949e-15,2.55871712706579e-17,9.02401167337877e-16,5.1515764626844e-15,-3.19980026091456e-15,2.52324872445621e-15,5.79669104762772e-09,5.98394716126637e-16,-2.3725416538048e-15,-1.99213255894808e-15,7.68948443219136e-15,1.88208988721097e-15,-3.94051590342484e-14,-0.707106781186547,2.03420072237854e-15,-1.32059482529214e-14,-2.29065175937965e-15,-3.25932857092592e-14,-9.99704065015502e-15,4.32969740921729e-15,-3.07190462109447e-16,4.02503235207789e-15,2.41070804112961e-15,-4.21538077104311e-15,-4.07235713721246e-06,-2.90804281056922e-15,-3.03869793661182e-16,-1.82443058152563e-15,-3.89563376042149e-16,7.72166618177261e-17,1.00398194982746e-17,1.30189048744222e-15,1.02316771005299e-15,4.58277579393502e-16,1.73912889232771e-09,1.10493669247266e-16,1.19084139538357e-15,-3.61350132644091e-16,-1.03016238381178e-15,-1.22528939735983e-15,1.25806482207568e-15,1.84119934920692e-16,-6.52650090082361e-16,-2.82364492353035e-16,-7.93837292142909e-16,-1.24080470669825e-15,6.48029656957189e-16,1.41494444001164e-16,8.16575058901627e-08,-1.37269967536049e-17,-4.12257113809814e-16,6.23063174009521e-16,6.75241113023972e-16,-2.43489924898573e-09,-4.03604984794915e-16,-1.97329130147346e-16,1.53241538461857e-16,1.1432632744228e-15,-1.70941722524214e-16,6.45914667338463e-17,3.25826920944591e-16,-9.21264753764634e-16,2.8457644744817e-17,2.77899698779458e-16,-8.51789582270471e-16,1.87603091653635e-16,1.68766326421522e-16,3.41595686132005e-16,9.8964177606936e-17,-6.7224695009986e-17,-6.84047231233823e-16
"t844",0.0362362061344612,-0.0111373781519294,-0.0122305587906391,0.000769646960105049,0.00806285365826763,-0.0295175288246878,-0.00447160263618811,-1.62282117677572e-05,0.0396690470497333,-0.00139839148424558,0.00156487667895027,-0.000724149842033856,0.00186612425066148,0.000452057498104301,0.0180405555827606,-0.000725408569963877,-0.000604280570465277,8.90895673370242e-05,0.0546881511536052,0.142808796891315,-9.40550963037315e-05,6.26422424873829e-05,-0.0175210992420609,-0.000450248099788397,2.53186002351826e-05,0.00123801227797312,-0.0123258832482917,-6.1422512401161e-05,-0.000429734448564167,0.00384269531578691,0.000707608589364457,-0.0165183050544549,-8.65818702350599e-06,0.00981124901972496,-0.0522912717451936,-1.03113801177447e-05,-2.86132075032869e-06,1.04232062352353e-05,0.00144407728630958,0.000442853918117572,9.93484531161005e-05,-0.00339643522677884,1.27828524303531e-05,-0.000865626175981003,3.97314072583758e-05,-2.27221344452978e-05,6.9873047331829e-06,-0.000146535741955116,0.163100810662652,0.0542642204607348,1.5367470031641e-05,-8.05512998527735e-07,-1.40433013997959e-08,1.19467527936665e-06,-0.00568608807348302,-6.0151071922437e-05,0.0482117173210047,2.32141712040913e-05,-0.000160512289736483,-2.52669563285902e-07,-3.79761262997436e-07,2.2392052702096e-05,-1.42459004133684e-05,1.0800775124111e-05,-0.00011945809322937,2.53874249934755e-06,-0.000305526044034345,5.64347197325721e-05,-1.38490770459553e-05,6.3949861876018e-05,-5.99928832296394e-07,1.72427994427071e-06,-6.0695708292946e-06,-4.507073405965e-06,2.00461098011924e-06,0.297048445988123,-2.23925466015388e-06,1.64284495324972e-06,-0.000505580156715897,-6.21357225252184e-05,3.9100815345239e-06,0.000303504173372561,-0.00042673343520036,-1.2630110674079e-05,0.00114989650576136,2.67152132032416e-05,-4.91623745210723e-06,-0.000769590609490521,-3.04959343744638e-08,4.27731515323035e-06,-5.18002299705925e-05,3.2110265755364e-08,2.23000612858842e-05,-2.04858462366464e-05,-4.81959801101351e-06,-5.88826075294998e-06,-6.93557927548938e-07,4.38801120542777e-06,-5.46887566967603e-05,-0.00592745070127092,9.50608497594649e-06,-4.9984696583357e-08,7.96714340376039e-06,1.24353406568423e-05,-1.42889638178975e-05,4.12666663718157e-07,-0.000115165623833563,1.49606928677457e-07,-0.000173453930449485,5.11794195354794e-08,1.72791545364938e-06,3.50026804135847e-06,-1.08607321887727e-06,1.13920860677035e-06,-1.18500329152277e-06,1.34042353469069e-06,-0.000147111142465783,0.000152312642272164,-2.25944749273953e-05,8.05461472781933e-06,-4.6356292426575e-06,1.10216863231312e-05,-0.00652737808405597,0.00140040852645699,-7.80182710082337e-07,-6.95528146612851e-06,7.48087678578008e-07,-2.12752687701195e-05,2.17430428435105e-05,0.000756786081275036,5.60507808722709e-06,-2.12371146657217e-05,1.70717699952174e-06,0.000112421838950457,-4.74712662784914e-08,3.16570862676e-05,-0.00635095833619836,-1.98415026294883e-06,0.0016252117750189,0.000331171811372555,-5.2669243272874e-05,-2.43845577631193e-06,2.91925295521391e-05,1.92026969225841e-06,1.10807321176433e-08,-9.71367094843119e-06,-1.18124591298289e-06,6.47802918324624e-05,4.30014619428048e-06,-8.0155855863175e-07,-1.00403757656142e-06,-0.000583293635696903,-7.10000728825635e-07,0.000187381890893624,-2.60150839159235e-06,-0.347059820544639,-0.000353488734266664,-1.51864271630266e-06,-0.00546902998130469,6.629627139548e-07,-9.76469946394943e-07,1.50565257273783e-07,-1.37903085306168e-05,-1.78775707439838e-06,1.2525067040291e-06,-8.7042914043924e-07,0.000141258926210862,1.3835032333745e-05,0.000119586606027188,9.20453355960721e-07,-1.74295226334162e-06,-3.08545126532251e-07,3.74614209009757e-08,1.34459606966056e-05,2.38607793431855e-07,4.85766892570813e-07,2.12770318782232e-08,-7.97658756298615e-07,-3.22722889121618e-05,-3.57347072555951e-06,1.43617988013035e-05,3.84643274454654e-06,-8.03327097939547e-07,-3.20947735510241e-09,-9.815904919873e-08,-4.18389664162199e-08,-0.000348693838248844,0.000199687207733049,0.000327649450511932,-1.32785555745086e-06,-9.62688100420038e-06,0.000203279576386618,6.13739920184519e-06,9.27342237180073e-10,9.46220006918216e-08,-0.00748754927510354,-1.24548015916073e-06,-1.24370519993811e-07,0.000950976688662375,2.58008217087972e-06,6.05206747131415e-06,8.75190554084142e-06,-1.74022004142477e-07,-1.33687875520087e-06,-0.000414742093986894,-1.66392037620881e-06,0.000257329248278884,1.34452106081637e-06,-7.52182574349881e-05,-1.61779490879912e-08,-0.000318538553954966,-2.02227626684398e-06,-5.16130205269505e-06,-0.0011514013909696,6.17186728776772e-07,-1.43754258124701e-07,6.83486822979471e-08,4.41515649147459e-08,-1.23731883533561e-05,-5.22884286934826e-06,-2.38967905586977e-06,2.8086493692985e-06,6.16422308979714e-07,2.60578824842204e-06,-7.67137124415864e-06,-4.36828059765471e-07,-4.1356196779718e-05,-2.29462680948119e-07,-4.93054087409483e-05,-1.59052289594301e-05,8.55559646748316e-07,1.76211186300152e-07,5.34011614570138e-06,1.96725450213794e-06,-1.11520904673446e-06,-1.9921101972646e-08,-8.7134711182123e-06,-3.65552518542445e-17,-8.14110965834149e-08,1.16081464381947e-06,-2.33502293937486e-07,-5.95131321360131e-07,-7.95245859376972e-06,1.09927053005146e-07,-1.53407353327816e-06,6.80635014648409e-07,-1.30501832052025e-06,8.33326073730679e-07,-1.68956437308267e-07,6.7804602047372e-05,-4.41075220667336e-08,4.8475654456906e-06,-4.10341929158358e-05,1.70127019845353e-08,-1.10926779458946e-09,5.26252755958247e-08,-4.91344536634961e-08,7.72873365607714e-07,1.95182771424874e-05,-3.68435066900655e-06,7.16165627145639e-07,-1.2989249954061e-05,1.51459269950208e-05,-9.13696445571664e-07,9.25791461795286e-06,-3.13000787380394e-06,1.20691292442812e-08,0.00010499236428264,5.09784758757823e-07,4.3566316873495e-05,1.0975563335888e-08,-3.35119972818173e-06,3.03920185062167e-07,-3.73965263348978e-07,5.91260230592539e-07,-1.14259417507281e-06,8.87552939536711e-07,-6.48851458677882e-08,1.24409344235044e-05,-5.40650051684952e-08,8.88505175599116e-06,2.48494427916121e-16,-2.1842388449986e-05,-2.17317010369301e-06,-2.32442179980877e-11,-2.04315158583161e-07,3.02313484125094e-07,-1.88034022169741e-07,-5.34935931502634e-08,6.5169706767554e-09,-2.924883720939e-07,1.10745290013838e-05,4.00881706636373e-05,-5.06657665507519e-08,4.42392857100854e-05,-0.00308331719568949,4.81725250288222e-07,-2.07054293614195e-05,3.05453752796545e-07,5.34174503008619e-07,8.24636061251919e-09,2.30344689358363e-05,-3.04392081251725e-06,1.34838964157353e-08,-4.23126617364072e-06,4.96608977540811e-07,-1.80457177118464e-06,1.35295419881246e-06,0.000112860997878948,5.86465065903604e-07,-1.87344087550713e-07,-1.22697024591196e-06,1.24605718691975e-07,-5.76604963437053e-07,1.54088025523167e-05,6.45192122635659e-06,-2.9242089736487e-05,-1.80090394334343e-16,9.44788007648316e-07,5.87722924984267e-07,-3.3032464927512e-07,0.00219215816161259,-1.34213108629458e-07,0.00367149879138853,8.43255062922395e-06,-1.52767673242563e-06,7.46888344791197e-06,3.79433074545019e-16,-6.04098427478458e-05,-4.80666120205066e-09,-2.01962211573597e-05,8.82159284336741e-08,1.64461135292204e-06,-1.04303461624826e-05,-1.83041947864769e-05,4.92470068877112e-06,-5.00227307541585e-07,3.21104099600693e-05,-1.04284579810601e-07,-1.00384591853317e-05,-1.34648823150439e-08,-2.11733080276565e-09,-0.000105626311600998,1.51089352349794e-07,-3.03413798513386e-05,-4.44703599539092e-16,-8.40228929838375e-07,6.66174739334842e-08,1.92007265708068e-09,1.75788018437177e-08,-2.68655163351346e-05,-0.000133800392241207,6.01391282318768e-07,-2.21218486972485e-06,-1.28218641876027e-06,4.26291601094397e-16,-0.000223188546282079,-7.96943876040644e-08,-3.03071909991283e-05,8.91637491369721e-16,6.37885924254217e-06,8.50310950626407e-07,-1.34585892675837e-07,-6.08482509170348e-05,-0.00522876582246409,-4.20797074196928e-06,-1.92176126629829e-06,7.25651642573086e-06,5.31587262293388e-07,3.07624934664788e-08,7.491758001002e-06,2.27533094002623e-07,-8.69025365114443e-16,-9.67311322364672e-08,3.6175732937976e-06,1.59644719039874e-06,-1.03878380715705e-05,-2.00960969847741e-16,-2.28852205733279e-07,4.62031277911369e-08,-5.49732289094964e-06,-8.06781212709538e-08,-0.000280282200255979,3.0311342879273e-07,-4.4305987244843e-06,3.22264387844559e-05,4.88965874350267e-16,0.00017587407562101,-8.74468353173835e-07,2.83086824003973e-06,0.000363159902148442,-4.8464483723401e-07,-6.48992100696111e-07,1.57235335862538e-14,4.895906571725e-16,-9.21528983062339e-07,-2.07034642738814e-06,3.10386217997481e-07,-0.47574721377635,-5.43471382380239e-14,7.10984378031617e-05,5.74431074522568e-07,-1.10953224496589e-14,-1.11690551750238e-15,1.26669353169819e-15,-0.00338491330771128,-1.23741492079848e-06,1.25986553274318e-06,-3.32860186759645e-05,-4.65126563187581e-06,-7.4910455997209e-07,3.20068776657678e-07,2.91375486915792e-16,5.46539872085908e-08,-1.41760875382383e-07,4.7411179902798e-16,-7.64682279304483e-16,6.71378191950273e-08,3.40405750906589e-08,3.44369997823723e-08,-8.25015396430231e-06,-2.91765976310539e-08,1.07316133033108e-05,3.9948964483175e-16,3.966763456169e-07,-2.3472814881518e-15,1.21575405803871e-05,-9.3046230442706e-16,2.8358814548447e-08,-2.35040829180706e-16,-1.10520643198557e-07,-2.87977469687468e-08,-1.11807688213378e-06,-1.49894281152963e-06,-6.54844830010943e-08,7.19321628566617e-09,-4.41480626943484e-08,-7.66102801847213e-08,-0.000391454087636437,-1.92573940986644e-07,-1.17670486179045e-08,3.24947654797603e-08,0.000307473819916965,3.67386387352274e-07,1.1933645795199e-08,4.20252049653511e-16,-1.06761674131843e-07,1.7229037238101e-08,-7.20203625748237e-09,5.45671986948921e-17,-1.16601692243856e-06,-3.2286797760152e-07,-9.88901941282494e-08,2.45564568729688e-17,2.34219190351081e-08,1.11032751613398e-05,-7.56134935888801e-16,1.41497218829471e-08,-2.3209193504531e-08,-4.23618964205196e-16,3.93060221616137e-16,7.52993692934996e-10,3.77905175350857e-06,2.00079349465638e-08,1.06005387228071e-05,-6.44719118008738e-08,-1.67268604942148e-09,-1.67141394764796e-07,-1.10179220687525e-08,2.39991840611057e-07,3.10688974547446e-15,-1.00916296522029e-10,-0.0157119371519604,-7.80947470775202e-09,-2.23047001286854e-07,-5.85401010099043e-16,4.89745760360385e-16,-2.96942407446748e-08,-4.38066760513201e-16,-3.32220760697106e-17,3.61195680348033e-09,-7.07789896302109e-09,-1.33202019583348e-09,-1.14193958418341e-08,5.45443950550371e-08,1.43818628763771e-08,1.94772726795246e-08,-4.325527445979e-17,1.61882427257147e-07,7.54496776888984e-08,3.80919230879443e-08,-4.0258951720202e-09,1.8626340681026e-08,1.55709726398634e-16,1.97591786863621e-16,2.47516020995725e-16,-1.90870790832742e-06,-1.00198349267872e-09,-6.52685334619226e-08,-1.828195921307e-16,-8.18100229526409e-10,-7.14347166405253e-17,1.85212256147915e-16,1.65016443620548e-07,-4.14090551515752e-08,-4.45823933326039e-16,-3.56435599745936e-07,-4.91985216729008e-09,4.55291962401953e-16,1.16378282582402e-08,1.73829667743917e-16,4.53739196369591e-07,-3.66914006397659e-16,4.5449461505114e-07,3.76124148944413e-08,1.36741870955536e-09,1.3572378573049e-07,9.42286639602666e-07,-4.67371534334203e-09,1.51255883003877e-07,-1.73937392375803e-16,9.4889476397274e-08,-5.38792464716028e-09,-4.14794042148989e-16,-7.1542347432457e-10,-1.47850990560043e-08,3.47772621224773e-09,4.3811745323508e-18,1.16091642845792e-08,1.54707570403646e-08,1.27932596626085e-16,-4.33520001610597e-07,-3.30635193024867e-07,-4.59297731119276e-10,-2.93110736260841e-16,-5.37917587061603e-17,8.53881817306651e-09,2.7746987240165e-07,2.25187460079978e-08,-3.69588993520955e-09,1.77303885578144e-07,-1.54167004693242e-16,-3.90935891943205e-17,6.51680130740115e-07,1.96231724729478e-09,-2.6183968760279e-16,1.59483711696027e-06,-7.83457021088324e-17,8.01255590543805e-09,-1.39950286047062e-07,-1.72898842376138e-06,-6.79485128642605e-05,-1.08968134194929e-16,5.18652062292666e-17,6.47006570030181e-16,7.05437918308914e-17,-9.57211760394472e-10,-3.32963837986942e-09,4.66275493384066e-16,-3.07544119980709e-17,3.34489237104484e-16,4.73247636895632e-09,4.27025679707813e-11,-2.37640892064765e-09,8.71800995771192e-18,-9.15662944772633e-16,1.61654543917589e-16,-1.05424444933211e-07,3.22955722201156e-09,-3.51318011145971e-16,5.7361864662474e-10,-1.50785854870828e-08,-2.5647425577344e-16,-3.46989257285474e-16,-1.0946372975214e-06,-1.07882536089503e-10,-5.46105761057026e-07,5.48018488533892e-16,5.9767749340466e-09,9.69977534675005e-08,1.04876750880658e-07,-3.95415274226247e-07,-2.35282245812887e-08,3.84951016501354e-10,-3.07787003458652e-16,1.14704234935626e-15,-3.09998112614284e-16,7.52413427115771e-09,-6.81535558697238e-09,-2.45216165995064e-06,-2.06152521326196e-09,5.28577310118278e-16,-2.13639736820555e-16,4.75847665209875e-17,7.00377542113463e-17,-1.88647821582395e-16,1.00052685892726e-08,-5.54832243629524e-17,2.38997459676518e-16,-1.6872357586652e-07,-2.71065417532691e-16,-1.51101962512123e-07,-1.36747904530308e-16,-1.71863637502848e-06,8.17455776231291e-17,-2.10234055375894e-06,-2.8760935622372e-08,-2.5466847180352e-08,-2.09869831620221e-16,9.309099610939e-07,-1.06206739172372e-16,1.4274455634294e-07,-2.29909687011519e-08,1.27302438041094e-10,4.10012000052912e-16,7.04507816512783e-07,2.41658239221856e-16,-5.11070098192556e-08,-2.6098956695943e-08,1.25611409904246e-16,9.77539544889379e-17,-4.07331602448283e-16,1.54760605070422e-16,-3.98344670274283e-09,-1.18727940608682e-07,-2.65610649849326e-08,7.20296535903092e-17,-1.28499400540997e-16,-2.74664095440436e-09,2.24145459658265e-08,2.79928570254254e-16,3.87625630845193e-16,-4.54239032874902e-08,-4.92452247964319e-17,-4.84837915333204e-05,-3.39174980615775e-16,8.05465552978458e-08,4.07659631461242e-16,-6.58862053276494e-15,-8.87284276970527e-17,-2.64795066739851e-16,-4.11948119474839e-16,6.93237204421309e-17,1.57055301473745e-09,-1.09857852856178e-08,1.92751707545296e-17,-7.32794651797989e-09,3.08497515364418e-07,-2.67719350326945e-16,2.63928309941901e-17,-7.92337588629429e-17,1.23327684258062e-16,8.41308228763496e-05,4.55129046398039e-08,-7.76556560104435e-17,6.45504189469753e-18,-5.56964083262182e-08,-1.79973003156317e-08,-2.72800358839625e-10,-2.74828698162452e-16,-1.91281513430104e-16,-2.37469743585692e-16,-2.96261954180245e-17,1.00850745740713e-16,3.38341837204581e-19,1.11110908398343e-06,-3.85063077477439e-07,-2.02587539171522e-07,1.38263653825952e-16,1.7153260974509e-17,1.71996042531401e-17,2.88443436308393e-16,9.05165274796231e-17,-6.28154439879836e-16,2.56730200046887e-17,6.65216535844062e-17,-8.25460926069691e-17,-1.80748860193386e-16,-2.34974495130528e-16,-3.91460743507204e-16,-1.04016569523721e-16,1.93829293837574e-16,1.10281567995939e-09,-4.82217482228225e-18,9.13540593187434e-17,2.67839543261871e-16,1.56500955371936e-08,-1.76744975123305e-07,2.68726343983201e-16,-4.04283659314461e-10,1.43596660529723e-08,-2.76648767522296e-16,-4.98207236050211e-17,-2.77939278926701e-08,2.85362012450809e-16,3.56518876282368e-10,7.49429846109353e-18,5.87664804763176e-17,2.84267035587357e-16,-4.19203040447664e-16,3.2856971332957e-07,-4.82692390823409e-08,5.41829830083608e-17,-8.18234089096186e-16,-3.71927952617337e-16,-4.54813707204283e-16,-2.21827764490534e-16,-1.60531750612756e-16,1.60840814414273e-16,-1.72444296047564e-16,5.9571791609914e-10,-2.48749238997285e-16,-7.63580213168135e-17,-1.41451170731537e-16,-6.10489159066878e-17,-1.96855469218142e-16,5.36716311286021e-16,-1.30363022483136e-07,1.9994212915738e-17,-3.97984441148305e-16,8.83072677816051e-09,3.11671002681697e-16,6.85187905645915e-17,-1.21588667430104e-16,1.74045408581187e-16,7.76231919316623e-09,-1.09395307586955e-16,-0.000939883102871886,2.49592920963511e-16,-2.6719722469806e-16,-3.95857936424789e-16,4.57317323387333e-16,1.02788937959221e-16,-2.63255325856226e-16,8.63452530082437e-09,-5.74437241315376e-16,1.35750098141341e-16,1.10554520596694e-09,-1.09329815494492e-06,-9.32103554805429e-17,1.89302008336425e-07,2.5768241890271e-07,-1.53784563436805e-17,1.17771094911727e-16,4.9086113669162e-16,-1.62005856945832e-16,-2.00290627939274e-16,-4.38905605152186e-07,8.56124097141254e-16,-2.90812671006523e-16,-1.01783622680776e-16,1.76205264015028e-07,2.94612060804232e-16,7.43113747785643e-16,7.54859027399644e-17,-2.28035731732209e-16,-8.05595307405098e-08,6.74924496086977e-16,2.37767917379077e-10,4.80885380700743e-16,-3.91553145668458e-17,7.08169716891675e-16,1.79532872085821e-16,-1.19206013237873e-16,-3.38780937777766e-16,-7.62753739009096e-17,-4.14866581666325e-09,-1.85344498568443e-16,-4.4500208293382e-16,1.74650914412204e-09,9.83143883006742e-17,2.18155814385621e-17,4.2795651024423e-16,9.29157799589686e-16,3.08223242341576e-17,7.97226064886535e-16,-1.27139496185135e-08,-8.89444462876038e-17,7.58507236978607e-16,3.79277428831762e-09,2.12786419686539e-16,3.64786851010395e-16,-2.59050737850953e-16,-3.62209968884296e-16,9.41569130324217e-17,-2.42018760065398e-16,5.08623522946866e-16,-9.33870814573437e-16,6.25238896502467e-16,5.52362343681001e-16,1.53418038109725e-16,-2.00297382208163e-09,6.64711967204038e-09,1.33339795616453e-16,5.01422557776509e-16,4.78286903617602e-16,1.02363255510577e-15,-2.5804011705155e-16,8.48755228568754e-16,7.05041966211359e-16,-6.8974755461425e-16,-6.36121274342132e-09,1.85726475774097e-16,1.65727295594932e-16,1.08482255513938e-15,6.73923251984032e-17,7.43036293824788e-10,5.03519546534186e-16,-1.18267065604373e-10,-7.30518661806937e-16,3.1364363199967e-17,-2.86532588184871e-15,-1.48865689631857e-16,5.92072603060517e-16,-1.3473989830442e-15,-6.85832813331998e-16,-3.74586511100639e-15,5.50530581059246e-16,8.22535082933405e-16,-2.11083596260981e-16,4.3781521890047e-16,2.71484493914948e-15,-9.5753729354019e-16,2.68314278911033e-15,-1.97079329131467e-15,1.64255033251255e-16,-2.95165977745836e-15,1.71309391201052e-15,-3.75377742111537e-15,7.67615138119737e-17,-7.47908631899628e-16,-5.09089501331332e-15,3.25905863722332e-15,-2.56200817738023e-15,5.7966907377288e-09,-1.38607529792004e-15,2.05577369949499e-15,2.09790041755093e-15,-7.82633711365303e-15,-1.91789525005194e-15,3.93390254453124e-14,0.707106781186549,-2.05391197414821e-15,1.31417026227135e-14,2.30707520125592e-15,3.25477492180148e-14,9.7201459764206e-15,-4.30904723457384e-15,5.00174502562344e-16,-4.1618833165192e-15,-2.40837596448058e-15,4.22567495709403e-15,-4.07235714152774e-06,2.88111222083574e-15,2.11888270783179e-16,1.78171491510292e-15,4.43210016761376e-16,-1.46434857117037e-16,-1.78651282942987e-16,-1.33692013541562e-15,-1.16784670536934e-15,-4.33130880737278e-16,1.73912862210046e-09,2.40462404673966e-16,-1.12126092111617e-15,2.89187118678512e-16,1.02092108911488e-15,1.18327934553311e-15,-1.20911168790154e-15,3.10130678304705e-18,7.42299942125388e-17,1.81022648409354e-16,7.22085199071555e-16,1.42083657400243e-15,-4.76362383219728e-16,-3.16298481182671e-17,8.16575063399401e-08,-6.33694434845622e-17,4.14753716717857e-16,-4.91019006240212e-16,-1.01221114823247e-15,-2.43489939189607e-09,3.76928306378583e-16,1.62673864163914e-16,7.24235321370079e-17,-1.53198475610195e-15,1.0427575557163e-16,-4.92517114966824e-17,1.49009786606702e-17,9.74294852809834e-16,-2.20582832382754e-16,-3.94936892563325e-16,8.12215482704753e-16,-1.75760964594546e-16,-6.39931676395237e-17,-4.22257270142201e-16,-8.06112876630737e-17,2.66139587983144e-16,2.9799924879592e-16
"t172",0.0361213678142714,-0.0110613711627994,-0.0121442754008847,0.000762261272627398,0.00796684819108142,-0.0290998549594611,-0.00440697573764426,-1.59731974478653e-05,0.038919551770451,-0.00136552813259983,0.00151627935127756,-0.000695102157584239,0.00178849296283316,0.00043288928132957,0.0172326034304429,-0.000690403710346623,-0.000574198990897047,8.45475648513939e-05,0.0518133253802999,0.134403008989411,-8.78709601338529e-05,5.71746856154343e-05,-0.0158509987317071,-0.000406926159760634,2.28666269134182e-05,0.00110834075967711,-0.011008485923181,-5.47551905047631e-05,-0.000380866158687965,0.00324174878000323,0.000580463871904818,-0.0132284910303016,-6.60378329657776e-06,0.00716559148255401,-0.0359004882146119,-6.08815345046662e-06,-1.63044805228101e-06,5.64324668753492e-06,0.000762742446292616,0.000220076286425793,4.23075896794779e-05,-0.00119113412394445,3.77164510022954e-06,-0.000251114313517073,8.4395948477204e-06,5.69109509456191e-06,-3.458111976667e-06,9.3894080222826e-05,-0.199397743900808,-0.133485595669278,-0.000147969598339648,7.09326583044501e-05,-3.10544963858947e-05,1.37669504187594e-05,-0.0281893781881465,-0.000280523005343855,0.174176676571287,0.000114168414942297,-0.000855558491222011,-8.99187540776372e-08,-3.8814884909486e-07,2.51504290926854e-05,-1.66947491336779e-05,1.27581174582723e-05,-0.000146627199994453,3.16888527055918e-06,-0.000386342777953725,7.14268576688895e-05,-1.75259053649461e-05,8.08581339379018e-05,-7.47822432573861e-07,2.0614649805838e-06,-7.1119521636522e-06,-4.5919274607602e-06,1.9286746221615e-06,0.0001997933548466,-1.66504293479747e-05,2.44464445847169e-06,-0.000681126309115795,-8.29012114704284e-05,5.1723529421517e-06,0.000401042437447384,-0.000561846546859707,-1.66283882659297e-05,0.00151880837466611,3.53442126763276e-05,-6.51688577116348e-06,-0.00102050622309319,-4.04424220636482e-08,5.67369809080509e-06,-6.87693800831907e-05,4.30523101578595e-08,2.99311940335765e-05,-2.7715406176967e-05,-6.63048631297397e-06,-8.12401053686544e-06,-9.57029962541902e-07,6.10209772915074e-06,-7.62839313123643e-05,-0.00837095812401149,1.35753471403255e-05,-7.14559568752364e-08,1.14029550527422e-05,1.90077336036523e-05,-2.19746303317622e-05,6.37737736991674e-07,-0.000179585568183121,2.33895515624786e-07,-0.000272443123508226,8.09718633371613e-08,2.74037322124557e-06,5.63457764297472e-06,-1.75154363910873e-06,1.9212608563273e-06,-2.01991958030352e-06,2.34266129120339e-06,-0.000260213479165603,0.000279283933344587,-4.31058421400466e-05,1.59034181660078e-05,-9.35449784801039e-06,2.45999627642304e-05,-0.0174212224470799,0.00380647604274446,-2.35647543659397e-06,-1.4598424394554e-05,1.60037790290779e-06,-5.14300481771464e-05,6.90981190595276e-05,0.00241352835952807,1.83515887671654e-05,-9.08065431415686e-05,7.80526283663407e-06,0.000541843305662066,-2.98820474688747e-07,0.000208592172060891,-0.205148290496162,2.2569123436439e-05,-0.00550553262973829,-0.00109645182315454,0.000152695446054628,6.63015453704836e-06,-7.18930887438057e-05,-4.55908573860429e-06,-2.62949836242203e-08,1.80080979505389e-05,1.4052622835242e-06,-4.97245782718558e-05,-2.94312477689318e-06,4.17522605877314e-07,5.10863693926281e-07,0.000263878610925913,2.98343142997127e-07,-7.20131475470157e-05,1.55986326685352e-07,0.000240983634872773,-1.58876748482337e-05,5.68794414163018e-07,0.000181728059367357,2.41089715623473e-07,1.92776852810896e-07,-2.58228918478212e-08,9.68993707414053e-07,1.09521324454409e-07,-1.26979937745326e-09,-3.81411256374555e-08,1.90176166367543e-05,1.89714378697763e-06,1.64743993497041e-05,1.35349685468447e-07,-2.74126494577885e-07,-4.89653382287918e-08,6.62940950455331e-09,2.45063090360876e-06,4.6060681563368e-08,9.4996844740073e-08,4.18803836456294e-09,-1.74082280507082e-07,-7.63846130504297e-06,-8.55975800472859e-07,3.47797567395668e-06,9.5965634413856e-07,-2.02550067992028e-07,-8.17258372101193e-10,-2.52186740594493e-08,-1.10455852455865e-08,-9.26234680547082e-05,5.54311605316577e-05,9.10606544719978e-05,-3.7315917466419e-07,-2.76262553789726e-06,5.84888364886638e-05,1.75804164178379e-06,2.61300651355998e-10,2.59551283823668e-08,-0.000358234250576831,-2.82737314951887e-06,-5.52348872252014e-08,0.000455140398419681,9.08299353445989e-07,2.12812147912872e-06,3.05521640185181e-06,-6.05069673108724e-08,-4.62167570084009e-07,-0.000143375633130205,-5.74942504294945e-07,8.87840877559227e-05,4.63383594332539e-07,-2.58405475570332e-05,-5.531319900521e-09,-0.000108414335196003,-6.87218712230901e-07,-1.74036458294781e-06,-0.000386355864760361,2.07070889491711e-07,-4.80337807237805e-08,2.25776345807306e-08,1.45499589381689e-08,-4.02233469928615e-06,-1.68231793552869e-06,-7.6597098005551e-07,8.85619963053865e-07,1.93569483213224e-07,8.1450286955087e-07,-2.36286136197396e-06,-1.34132949225747e-07,-1.26892039676123e-05,-6.91881804823017e-08,-1.47018378759305e-05,-4.68176156967999e-06,2.50321264777591e-07,5.1228777955098e-08,1.54308922111348e-06,5.67472282071918e-07,-3.16426345449993e-07,-5.59235916226983e-09,-2.41713900576636e-06,7.07055015136374e-17,-2.21870056477085e-08,3.15209799426827e-07,-6.17793509560925e-08,-1.54172705079329e-07,-2.02317390541059e-06,2.793541138669e-08,-3.76233773724918e-07,1.65890909694714e-07,-3.17152945871524e-07,1.99693872232315e-07,-4.00964889164434e-08,1.58011031801545e-05,-1.01941524048395e-08,1.11651736653763e-06,-9.27111998981568e-06,3.51883843572559e-09,-2.21611617945427e-10,1.0197782734403e-08,-8.86062744320747e-09,1.38618877860057e-07,3.30988935339101e-06,-6.04101054870895e-07,1.11558404478616e-07,-1.98862692773189e-06,2.27597923502338e-06,-1.33675894155279e-07,1.29911109950593e-06,-4.37056470605294e-07,1.49423182093226e-09,1.29594239127329e-05,6.27093549442466e-08,5.16409047268151e-06,1.28246083965217e-09,-3.73327719707806e-07,3.35451571820107e-08,-2.77941292284051e-08,4.13537420559456e-08,-7.58633437915244e-08,5.1467986386856e-08,-3.30693273563727e-09,4.22356367533832e-07,-1.54861570714616e-09,2.16025525810094e-07,-1.07897991335962e-17,-1.83296987233481e-07,-1.3385766405536e-08,3.16291074758054e-14,4.29043771536357e-09,-1.22483811468298e-08,9.57174024566438e-09,3.01530600630791e-09,-1.04296399857257e-09,4.9822657356621e-08,-1.91865418328416e-06,-9.33312811339683e-06,3.94599597297365e-08,-5.13229972874669e-05,0.00532949183851451,1.53252656381455e-06,-5.67727764723468e-06,5.74533890944189e-08,9.84655625081614e-08,1.51099493808663e-09,1.80906006785378e-06,-2.93042580508114e-08,3.21842502375662e-11,3.30934364065805e-08,-9.77511747201768e-09,4.19121173395297e-08,-6.94537686502682e-08,-6.02253106162957e-06,-3.34596299624575e-08,1.11576878678776e-08,8.30412257191816e-08,-9.53120167123740e-09,4.8720436725001e-08,-1.35518643491725e-06,-6.0488592632858e-07,3.09691226210693e-06,1.18609520409285e-16,-1.60580863707842e-07,-1.01186195188767e-07,5.18919458479539e-08,-0.000344247258156746,2.13097293408325e-08,-6.8230882438052e-05,-2.38323715696787e-06,3.64467194692239e-07,-1.75018199024039e-06,-3.30921614143356e-16,1.52957292767203e-05,1.23050904010387e-09,5.29354205404015e-06,-2.31867426564485e-08,-4.57643842802371e-07,2.99189050762333e-06,5.47203826669092e-06,-1.5130552584396e-06,1.62560055782106e-07,-1.09489578033963e-05,3.6604811343846e-08,3.57956988670291e-06,4.84765158745723e-09,7.7509752197287e-10,3.87368985416696e-05,-5.60496921323791e-08,1.13546670207322e-05,7.07560027677182e-16,3.34111989312906e-07,-2.67978368332505e-08,-7.72463097396838e-10,-7.29309399070057e-09,1.1194814637317e-05,5.84044742645013e-05,-2.65184267918544e-07,9.77194007100277e-07,5.69698586304915e-07,5.15369445319481e-17,9.96100168476646e-05,3.55973920098922e-08,1.34851224370165e-05,-2.66242875042562e-16,-2.73102736074356e-06,-3.54496252928147e-07,5.49394014542849e-08,2.29699530517249e-05,0.000444621034511012,3.5951661483434e-06,1.22216806018469e-06,-3.96276396074588e-06,-2.88560631285405e-07,-1.63393673329834e-08,-3.92218651714824e-06,-1.1907768884968e-07,4.64819040198597e-16,5.04043318630217e-08,-1.88528315384248e-06,-8.32407503869548e-07,5.42039125245618e-06,-4.34296393202703e-16,1.19264344383448e-07,-2.38433947676898e-08,2.81355316767657e-06,4.10930050396768e-08,0.000141814067005087,-1.51067206543684e-07,2.13575630742984e-06,-1.33880422892207e-05,1.90485019670979e-16,-5.55582184761959e-05,2.66677174907146e-07,-7.94872396627709e-07,-8.86444896260818e-05,1.16855694978539e-07,1.49240297112038e-07,2.23432383705813e-15,-7.44086568316098e-16,1.46625032611803e-07,1.81035154377975e-07,-2.41485252469688e-08,0.00156629310871342,-9.79571219897777e-15,1.38932949487184e-05,1.73570731690172e-07,-1.9902920303737e-16,-1.13673601360465e-15,7.46535244799537e-16,-0.00288713622089018,-9.48940980787288e-07,1.31179845878724e-06,-4.30983448880389e-05,-6.17130134883529e-06,-1.23148739622708e-06,5.38914413716443e-07,2.16034195709898e-15,1.37462975114614e-07,-4.08261418065842e-07,6.01476870724441e-16,7.09977120802016e-15,3.24966014276825e-07,1.86751241410135e-07,2.23845994220331e-07,-6.01917338073167e-05,-2.67158643488137e-07,0.000102032932313266,2.20111708506352e-15,3.97258514518288e-06,-1.02006824032002e-14,0.00014193163159413,-1.77039372745158e-15,3.72253278425078e-07,-2.26336275396568e-15,-1.69528804566405e-06,-4.56353505277304e-07,-2.86693292713256e-05,-4.33589562037627e-05,-1.99780450189438e-06,2.8433478703869e-07,-2.31724196168383e-06,-5.11480124271399e-05,-0.313109599678761,1.4634102046927e-05,-3.67172505303521e-07,4.78190382277604e-06,0.852767836979052,-0.000114491198906898,-2.5407878982924e-06,3.03461616794597e-15,1.25230559977671e-05,-1.51535504131821e-06,4.40827402143192e-07,6.29812989049058e-15,6.80894090570552e-05,1.80596646722177e-05,5.47650317525614e-06,-2.5950981284887e-15,-1.29266258284895e-06,-0.000610842636909138,6.48690547339958e-15,-7.81606936067879e-07,1.40777646497301e-06,-5.71103101223598e-16,-2.94975266715422e-15,-4.88769776920262e-08,-0.000247015721494294,-1.35397281292233e-06,-0.000750479286581808,5.15062128981489e-06,1.35206088691002e-07,1.37412486016746e-05,1.11543313858716e-06,-2.63941371859707e-05,-2.20071356971108e-15,4.77586960853165e-09,2.0084858904548e-05,8.80018685521858e-06,8.72480899094157e-05,-7.71467576267732e-15,1.75265413245726e-15,1.22173647939232e-05,5.25096425447683e-16,-3.73236240514109e-15,1.12989611292327e-06,-1.63415606325877e-06,-3.05840520963325e-07,-1.65422443181408e-06,7.51901833051943e-06,1.96220138224478e-06,2.49169057652887e-06,-1.86791689595659e-16,1.23294202941935e-05,5.27991132180663e-06,2.59574398473069e-06,-2.42471096299399e-07,9.23364109528524e-07,-5.78246760008298e-17,-1.19348615921551e-15,2.31667773054495e-15,-7.51391224575513e-05,-3.61844109582545e-08,-2.34224910612863e-06,-1.27104989948297e-15,-2.71894571400551e-08,-4.84836162293298e-16,-6.22102688101605e-16,4.12758461456061e-06,-1.03254399219651e-06,2.66453525910038e-15,-8.37659319266691e-06,-1.11866979894283e-07,5.109906845005e-16,2.48104770438197e-07,7.21846749305334e-16,8.99535191576939e-06,-5.67578854923413e-16,8.95389121315206e-06,7.3741396367541e-07,2.66635186044764e-08,2.6266318400954e-06,1.79328662640226e-05,-8.37155633426345e-08,2.50351506728137e-06,-1.02824690426431e-16,1.434872389701e-06,-8.07295941700506e-08,-3.9994958831167e-16,-1.05907636722543e-08,-2.14187637779908e-07,4.94280353263236e-08,5.65749172343801e-17,1.55016206171781e-07,2.04138209899998e-07,3.75610845558589e-16,-5.63192686392232e-06,-4.26286196716179e-06,-5.76018390068172e-09,-6.86480325241652e-16,3.29934214216879e-16,1.00618565481016e-07,3.1878811127762e-06,2.57403338752927e-07,-3.81522768927442e-08,1.80223888141618e-06,6.19373985090517e-17,-3.35452270990306e-16,6.55515789286309e-06,1.97127376949412e-08,2.16011807126137e-16,1.57474209497525e-05,9.42354886758397e-17,7.78560916195452e-08,-1.33518302584278e-06,-1.64906557628576e-05,-0.000748729950348719,-3.06163965152051e-16,3.50091527647764e-16,-7.9772535912843e-17,-3.11766775116128e-16,-8.54831449155213e-09,-2.96136351767654e-08,-8.81121486302404e-16,6.79573234248454e-16,-1.90637137799251e-16,4.14775604983527e-08,3.71914709759457e-10,-2.03524113977581e-08,-9.84726892301337e-17,4.45336042348421e-16,2.29200339263436e-16,-8.55113232078238e-07,2.61484322717038e-08,-3.1034334575281e-16,4.55244151472267e-09,-1.18729105538967e-07,2.5079759229679e-16,-1.66815726149679e-16,-8.46391042460619e-06,-8.32969794115775e-10,-4.17295079762351e-06,-2.23766333968037e-16,4.49038866606739e-08,7.22158182360637e-07,7.71212999912555e-07,-2.86052750517444e-06,-1.69482108038847e-07,2.75115981946395e-09,-4.59667899060657e-16,3.73219920066005e-16,-2.18236901393745e-16,5.15854468535225e-08,-4.669853771403e-08,-1.67210292241652e-05,-1.37419716132671e-08,-7.39240838357175e-17,8.07124742461329e-16,-4.21260116201604e-17,-1.3139016853718e-17,-1.85772831982672e-15,6.53663250147257e-08,3.43885676822224e-17,1.80912617916721e-16,-1.09500923525493e-06,-3.87322188379274e-17,-9.80320486423142e-07,1.21382826204561e-16,-1.11440181511937e-05,-1.25655595054263e-16,-1.35069115471054e-05,-1.84460031419268e-07,-1.62965164150347e-07,-5.51370566675583e-18,5.94484690359197e-06,2.89297554645092e-16,9.10687447290677e-07,-1.48028360053107e-07,8.20276132219853e-10,3.7640999730497e-16,4.5816189740054e-06,-7.00495639809497e-17,-3.4065167773732e-07,-1.74245316586012e-07,9.99472998208652e-16,-1.91764054989752e-16,2.0775110713762e-16,-3.94541776515926e-17,-2.75695292097999e-08,-8.32455521274588e-07,-1.8952886180974e-07,1.10859418281673e-16,-6.71047005442732e-16,-2.27005090239345e-08,1.872173526693e-07,-8.85015482778574e-17,-1.74260301944149e-16,-1.05354060418088e-06,-1.65189104378807e-15,-0.124006693754456,-1.14371365855396e-15,-1.11878021836739e-07,3.72512782100913e-16,7.11307336035602e-15,6.71734527792913e-16,-6.88357996244444e-16,-3.00288293748533e-16,-3.97393327395488e-16,4.29078995864272e-09,-3.01952326143325e-08,-2.26383483476953e-16,-2.26845449414209e-08,9.87329561063198e-07,-2.32988128158787e-16,-1.74935855267968e-16,1.25495943764803e-15,5.30733771993937e-18,5.52254692601618e-05,1.62112699995291e-07,2.13052964354503e-16,1.64305221343616e-17,-2.00474961565452e-07,-6.4867528545688e-08,-9.8760832624115e-10,7.6402765071376e-17,-3.47395351968766e-17,-3.81494278056852e-16,-5.72469916978724e-17,-3.60512225668304e-17,-2.29677926761224e-16,4.1967241280382e-06,-1.45725442532469e-06,-7.68000676006502e-07,2.21727524084874e-17,-5.44459222502571e-16,4.86486477825081e-16,-2.63208084655511e-16,-1.84483556539266e-16,1.12501479315714e-15,2.30966672278455e-16,-1.64871585267046e-16,9.37703314851064e-17,1.18702154876491e-16,2.52245867246373e-16,-3.45677295518893e-16,6.94191099572713e-17,4.16948889436151e-16,4.20987392147902e-09,1.42740581680892e-17,5.5583781998694e-16,-1.21863079314476e-16,5.9679793451631e-08,-6.73804576014434e-07,-1.81185347615376e-16,-1.54096702293555e-09,5.46350282571961e-08,4.47316915774337e-17,1.35680020322431e-15,-1.05461185184074e-07,-1.07737213337353e-16,1.34743045162577e-09,-1.42979516305147e-16,6.14560486711175e-17,-2.18436949418139e-16,-2.45896299058607e-16,1.23272735729142e-06,-1.80998902957784e-07,-1.59773454977646e-16,-3.51183574609677e-16,1.76849486637675e-16,-7.70217112332163e-16,8.23776810654486e-16,1.12897701390116e-16,2.59588394702448e-16,-1.42495073927308e-16,2.16020643078814e-09,-2.52978805937965e-17,-1.1776966048345e-16,-3.84850576218097e-17,8.76944520841191e-17,2.19520096515983e-16,7.82534573274048e-16,-4.68412680170506e-07,1.7241562333186e-16,-1.30897170419439e-16,3.16708970354617e-08,-5.62014474542356e-16,-3.27808700650829e-16,-3.43624893912536e-17,9.70672292890102e-17,2.62734010401144e-08,1.9250462642549e-17,-0.000108166001235428,2.87021291770037e-17,-3.48135944246469e-16,-1.77653127353481e-16,2.90943958920591e-16,1.56007181520864e-16,6.38292794200037e-16,3.12131981361989e-08,-7.86101090611718e-16,2.53750547478287e-16,3.93440798784546e-09,-3.88872580276361e-06,8.7433503781181e-17,6.681450236966e-07,9.07641099989753e-07,-2.15813811978266e-16,-1.96146000879212e-16,3.3575258306808e-17,-2.31756405841748e-16,-3.3073192061555e-16,-1.51001927465405e-06,5.90973883546012e-16,2.54362399468319e-16,1.14500289419535e-16,6.03019326942883e-07,-2.72211110605416e-16,-1.1955113626403e-16,-2.48590788533394e-16,-1.02372595686963e-16,-2.73820435565714e-07,2.1861002558356e-16,8.06490844907113e-10,-9.20413325221187e-17,-2.13505459254661e-16,4.16157931978048e-16,-1.17681541830399e-17,1.54315507344074e-16,-2.46294570212083e-16,5.37185989430945e-17,-1.39206788220026e-08,1.25213527056432e-18,-8.47624751332163e-18,5.84486522062817e-09,2.06407018987384e-16,8.28660939391134e-17,1.34341250382821e-16,-3.58958055880232e-17,4.39132826034309e-17,-1.82552119976348e-16,-4.21998086397999e-08,-5.33785284836372e-17,1.75259598248103e-16,1.25429955623144e-08,-9.29602164765201e-17,8.56401571517299e-17,-8.59297480512988e-17,-1.34542963517051e-17,1.88953935295859e-16,2.25429481847279e-16,6.27047547003853e-17,8.07593609510601e-17,-2.53329970903035e-16,-1.17035483299595e-16,-7.31172077788011e-17,-6.53636014591802e-09,2.16574010675945e-08,-8.41934040195188e-17,4.07942426335586e-17,-5.03213690994393e-19,-1.31213388638002e-17,3.62123525610158e-16,9.60950113283932e-17,9.61742931797268e-17,-3.69409672087733e-16,-2.05563744880753e-08,-1.1602378901378e-16,-5.56480849744003e-19,2.48607461101542e-16,-1.30958189689517e-16,2.38461554549404e-09,-1.04292240777401e-16,-3.76646076686264e-10,-4.54538114009116e-17,-3.21561002563074e-16,1.2696952535678e-16,3.47305719208526e-16,-4.66418128132885e-17,-1.4823747024821e-16,-1.72185214851369e-16,1.76728354887349e-16,-1.24251317635301e-16,8.48669343184554e-17,-6.3344972469618e-17,4.84021354241823e-17,2.70702834179394e-16,6.95696474383474e-17,6.37204809040845e-17,9.88752664595473e-17,-1.22714376579635e-16,2.31224755318979e-16,-6.17471839326017e-18,2.25162381367408e-17,6.78060038672434e-16,-4.20435253425465e-17,-2.25541073962208e-16,-3.17677666726237e-16,-7.40417530527313e-18,1.79630211415026e-08,-2.36681871358218e-16,-2.32586711159271e-16,3.00818556028235e-18,-2.26108112090828e-16,-2.63088807385656e-16,-3.6741048660538e-17,-6.91012658561241e-17,-2.61999822029028e-16,-6.06725711425573e-17,-1.83715259805711e-16,-1.83880688453542e-16,2.44241155057243e-17,2.32335109761627e-17,-3.36500090698966e-17,-1.03469327803218e-16,1.21795975898284e-16,1.38047464790338e-17,-0.0038836745040008,1.37507670143351e-16,-6.8459500214858e-17,2.38686695235583e-17,1.33421325780118e-16,-1.73359419997565e-16,2.2973894765112e-18,6.66753647542055e-17,-1.08691150129175e-16,-1.50171565234183e-16,5.18271489784356e-09,2.44724601563087e-16,-2.66184891805319e-17,-3.83294194784725e-17,3.67946276670557e-17,3.13410845581785e-17,-1.25590629039206e-16,1.31345315302655e-16,-4.29761638179734e-16,1.95743321120547e-16,-6.21574950705909e-16,2.74155715265528e-16,-9.18252781329863e-17,-1.1980856473023e-16,2.39120999944817e-07,9.00823350813203e-17,5.75884080068204e-17,-7.55409361274945e-17,-7.1427239123345e-16,-7.07234276476776e-09,-1.78911808070946e-16,-1.10280662384491e-16,1.28449222634792e-17,-3.70893458315043e-17,-1.05578437603773e-16,7.84067949201669e-17,1.9920907334159e-16,-7.24779723111853e-17,-4.53489678186595e-17,2.48685182850561e-17,-8.17857395059935e-17,4.68905555397216e-17,7.46331422723987e-17,-1.63515749547137e-16,-4.14329999616907e-17,1.078325030379e-16,-8.66652447613437e-17
"t882",0.0361710643516266,-0.0110934725792646,-0.0121806615055197,0.00076532405310149,0.008006062261924,-0.0292679823106749,-0.00443293911138432,-1.60748139816517e-05,0.0392121578920078,-0.0013779875179926,0.00153385446925346,-0.000705043101009509,0.00181482468590774,0.000439359861571518,0.0175015044853831,-0.0007018181055809,-0.000583920864758301,8.60052264531888e-05,0.0527274960644686,0.136981270173389,-8.96957266917426e-05,5.86110379315771e-05,-0.0162718568022956,-0.000417793025449805,2.34797139097029e-05,0.00113949605918339,-0.011321651192903,-5.63270531081903e-05,-0.000392097932323969,0.00335498848586009,0.000602115678750543,-0.0137448886239495,-6.8806464344328e-06,0.00748062546117445,-0.0375616603562557,-6.39303911409246e-06,-1.71316536231312e-06,5.93423429843809e-06,0.000802348115011029,0.000231679240721861,4.46043353061603e-05,-0.00125741657973475,3.98475940652747e-06,-0.000265321256594303,8.92569078366455e-06,6.04059188716101e-06,-3.67456162370274e-06,9.98234623648593e-05,-0.212302823022874,-0.142353501540949,-0.00015814087614457,7.58853408806488e-05,-3.3227732485676e-05,1.47490817164371e-05,-0.030276092275441,-0.000301403401008249,0.188443658062113,0.00012375760785696,-0.000927631312532471,-9.79589996219651e-08,-4.24399511601344e-07,2.75493486794012e-05,-1.83142192672581e-05,1.40009424214988e-05,-0.000161358722935418,3.4960342719797e-06,-0.000428617765930635,7.94436658996345e-05,-1.95159331957071e-05,9.02313049842965e-05,-8.44049631891408e-07,2.34728159410284e-06,-8.10906753819421e-06,-5.25055580235732e-06,2.20609204847536e-06,0.000228812052702438,-1.90781307775646e-05,2.80784036962035e-06,-0.000786621486151646,-9.59548814081234e-05,6.00973519457895e-06,0.000466357347942879,-0.000657356007539842,-1.9491175709748e-05,0.00179458949179174,4.18538755618861e-05,-7.73439536784406e-06,-0.00121159975722394,-4.80199554860485e-08,6.73835786296414e-06,-8.17435290790751e-05,5.15910357802574e-08,3.58943934739267e-05,-3.34056210127028e-05,-8.06228478101305e-06,-9.89149497841382e-06,-1.16531689200843e-06,7.45541574726508e-06,-9.33200464621029e-05,-0.0102896174702518,1.67525660647885e-05,-8.82106536229025e-08,1.4082231387321e-05,2.38995084701518e-05,-2.76677009679329e-05,8.03815447331649e-07,-0.00022678294640688,2.95523141962445e-07,-0.000344551745318242,1.02549366368023e-07,3.47224927933851e-06,7.15923872706164e-06,-2.22623228583868e-06,2.45992300138802e-06,-2.59031284787204e-06,3.01458952447861e-06,-0.000335369564728808,0.000361493872120315,-5.60260706232517e-05,2.07351952606543e-05,-1.22184130093722e-05,3.23312525662593e-05,-0.0229889417328407,0.00502378107019939,-3.11188316675e-06,-1.93587344293576e-05,2.12297308824737e-06,-6.84706089870449e-05,9.29532748084069e-05,0.00324714375819226,2.47110929896654e-05,-0.000123138991955483,1.05990921787617e-05,0.000736532561039077,-4.07872495043877e-07,0.00028487994626752,-0.282656573475948,3.13196648072549e-05,-0.00771597259477508,-0.00153710235900505,0.000214426735366846,9.31867405501716e-06,-0.000101187275627354,-6.4202093381848e-06,-3.7029465745402e-08,2.54573949260133e-05,2.00196731517915e-06,-7.14023576794349e-05,-4.23460951688566e-06,6.03386051240411e-07,7.38537874788673e-07,0.000382123440818408,4.32460909499395e-07,-0.000104504253112657,2.28743810862784e-07,0.000353982527935379,-2.33654259515812e-05,8.59914109761667e-07,0.000276629319313913,3.67378677836197e-07,2.95485692686127e-07,-3.96287952933415e-08,1.49839931101275e-06,1.69515170456544e-07,-1.98015947627717e-09,-5.99145183477811e-08,3.05247707735858e-05,3.04741255082197e-06,2.64683331942769e-05,2.18108542385916e-07,-4.43294734497141e-07,-7.92228990589846e-08,1.08013718337955e-08,4.00168038134888e-06,7.55751426566307e-08,1.56052937215802e-07,6.88394193005435e-09,-2.89394141333708e-07,-1.28495096107504e-05,-1.44290013996774e-06,5.87429860261556e-06,1.63036360187226e-06,-3.44893163406134e-07,-1.39468914578088e-09,-4.31274490104558e-08,-1.90241273075884e-08,-0.000159810895476128,9.71312855445821e-05,0.000159646957650716,-6.5766488469601e-07,-4.94074722861467e-06,0.000105905148138062,3.19704506961431e-06,4.78269200525047e-10,4.77384580341918e-08,-0.000668620205101658,-5.29409200951609e-06,-1.04134672315791e-07,0.000861044001063015,1.76551356382588e-06,4.14191972962744e-06,6.01665787035914e-06,-1.20562484807283e-07,-9.47832086443009e-07,-0.000294080346105776,-1.18247699613412e-06,0.000184131732132321,9.666575757801e-07,-5.47594401324104e-05,-1.19567697137992e-08,-0.000238210213512554,-1.51769664444842e-06,-3.93459649868795e-06,-0.00088515254245671,4.74573049846871e-07,-1.11247682765459e-07,5.37342326983917e-08,3.48137171598191e-08,-9.9077218379512e-06,-4.23041440801798e-06,-1.94019026985972e-06,2.31304051196225e-06,5.0934357964687e-07,2.16096246890613e-06,-6.43177227687183e-06,-3.670441722706e-07,-3.4768096308848e-05,-1.95186645234401e-07,-4.22375026653164e-05,-1.37320422165392e-05,7.41275257495313e-07,1.53231854642545e-07,4.65962433744076e-06,1.7182288713064e-06,-9.82785485582484e-07,-1.76537513657e-08,-7.76861546121032e-06,-7.7367215611701e-17,-7.32186540836323e-08,1.0458285546449e-06,-2.12946926232539e-07,-5.47914186915835e-07,-7.37966229458745e-06,1.02058026770944e-07,-1.44575452775398e-06,6.43093947855572e-07,-1.23449922689069e-06,7.92802064062337e-07,-1.61367366602117e-07,6.5227100817334e-05,-4.25682600600971e-08,4.68467591310588e-06,-3.9950763118744e-05,1.71163812429028e-08,-1.1300028707889e-09,5.41888190823098e-08,-5.18644696651399e-08,8.17323614923824e-07,2.1032060557922e-05,-4.01433878251218e-06,7.93362562926776e-07,-1.44691679340359e-05,1.69715860658859e-05,-1.03247459429962e-06,1.05974795332991e-05,-3.5883228898514e-06,1.43420051827397e-08,0.000124874158919722,6.06919065652625e-07,5.24214605439601e-05,1.32600830433655e-08,-4.10288772092965e-06,3.73036182579189e-07,-5.0530311979189e-07,8.09036413964337e-07,-1.57967866353024e-06,1.25812135063632e-06,-9.39634265175508e-08,1.90076575955863e-05,-8.40315906733923e-08,1.400649433506e-05,-6.58954793678735e-17,-3.63051586093333e-05,-3.63940521998789e-06,-3.99329007204435e-11,-3.75452170673399e-07,5.94202233714205e-07,-3.83014846583646e-07,-1.11019119455128e-07,1.88318547127217e-08,-8.70728675562711e-07,3.32431139031041e-05,0.000141157898180583,-4.37407014813734e-07,0.000543556304384566,-0.0547443533410758,-1.43144644364498e-05,3.92471544571998e-05,-3.57541102263131e-07,-6.0920170324527e-07,-9.33228348977659e-09,-8.9409720302463e-06,1.17035002969793e-07,-1.25412162475843e-10,-1.24500890946383e-07,3.52862424044318e-08,-1.49428163809947e-07,2.24274293778519e-07,1.93089635095135e-05,1.05889974247172e-07,-3.50009917958708e-08,-2.53167974540942e-07,2.8175750150878e-08,-1.40067244004827e-07,3.84965854504408e-06,1.68415172480312e-06,-8.26989613174735e-06,-1.96721405230465e-16,3.4105700635404e-07,2.10482438962426e-07,-1.04695187175523e-07,0.000693919651320226,-4.29148032347137e-08,0.000136397985331867,4.69896840518117e-06,-7.07043907189797e-07,3.28710789404518e-06,5.79060435650884e-17,-2.67450390734309e-05,-2.13308092104298e-09,-9.00969714186592e-06,3.93786758481497e-08,7.43566812670939e-07,-4.74651612170167e-06,-8.3987740945222e-06,2.27103972234555e-06,-2.32755327485831e-07,1.50302457298639e-05,-4.89449430750701e-08,-4.71680910419592e-06,-6.33039988994331e-09,-9.96196201918931e-10,-4.96999312310286e-05,7.11134435747042e-08,-1.4282606918558e-05,-4.93440465109164e-16,-3.94609076006792e-07,3.12482571021046e-08,9.00636378263598e-10,8.20425179301268e-09,-1.25262994743745e-05,-6.12958387253715e-05,2.73392390786223e-07,-1.00391984354737e-06,-5.77606262744791e-07,-1.64299481025966e-17,-9.94942810660941e-05,-3.53597278655242e-08,-1.31226463505439e-05,3.76179098579465e-16,2.59980118217438e-06,3.35728776550083e-07,-5.1892373343265e-08,-2.15771261265946e-05,-0.00041384502633591,-3.32342042725148e-06,-1.12375516191632e-06,3.58662525456747e-06,2.60684779254115e-07,1.46027970132857e-08,3.44000404880919e-06,1.04338840687543e-07,-2.03866836060261e-16,-4.25888944810757e-08,1.58302699202857e-06,6.89430716926326e-07,-4.39764976451837e-06,4.07778586246213e-18,-9.261221985478e-08,1.76438329215975e-08,-2.03803000599462e-06,-2.94735877334977e-08,-0.000100522952844858,1.04782137806641e-07,-1.43071368024113e-06,8.24635861345695e-06,4.64352678473922e-17,3.18487074108803e-05,-1.51932442482268e-07,4.47083710475168e-07,4.89839747138277e-05,-6.44857834472636e-08,-8.19478013386491e-08,-4.85722573273506e-16,1.65095875227927e-16,-7.82483544818627e-08,-9.42649484567452e-08,1.2535853998449e-08,-0.000795497741351737,4.57956332278376e-15,-6.72954992014588e-06,-8.23380437280006e-08,-4.4393170578589e-16,3.62841934759651e-16,-1.70013200458406e-16,0.00128390788556595,4.18560765975783e-07,-5.62585114551684e-07,1.80506845563276e-05,2.57755349520781e-06,5.01584696337869e-07,-2.18865870399035e-07,-5.80177211595823e-16,-5.30736162492631e-08,1.54856343305481e-07,-1.60323777519916e-16,-2.38767448766979e-15,-1.15025209544041e-07,-6.50136560510378e-08,-7.62147252162612e-08,2.01912508991079e-05,8.71014380440943e-08,-3.31130954515224e-05,-4.28785728895814e-16,-1.28115961778452e-06,2.15311577910031e-15,-4.49524252413682e-05,-1.72821826294189e-16,-1.16339541455793e-07,5.94288541548068e-16,5.20925014401995e-07,1.39748022331312e-07,8.39018581619369e-06,1.25670472849617e-05,5.76703415740819e-07,-8.06472398914826e-08,6.4727903713303e-07,1.37879716923213e-05,0.0843782899716927,-3.90068502966543e-06,9.59209470682498e-08,-1.21596561405328e-06,-0.211961325704845,2.79501556759865e-05,6.14789969983829e-07,-6.6929885689419e-16,-2.94776235064447e-06,3.47297935366704e-07,-9.35872213086107e-08,-1.57653297962639e-15,-1.41343353859535e-05,-3.62297489579502e-06,-1.08262021198401e-06,6.68938824367263e-16,2.53606862272824e-07,0.000116262420607259,-1.63558414832862e-15,1.46542652876811e-07,-2.40644174804868e-07,2.61375528192793e-16,6.29695896242345e-16,8.05007039699849e-09,4.05468240104167e-05,2.18754796921373e-07,0.000118996166441779,-7.82213875198354e-07,-2.04561522158896e-08,-2.06790573275475e-06,-1.58198399128492e-07,3.56122047136958e-06,2.25470683790086e-15,-6.32097120112341e-10,-2.6494388309527e-06,-1.1472995006293e-06,-1.12138930492738e-05,9.13153634768444e-16,-4.45655065069129e-16,-1.53962637115991e-06,-1.99331913955684e-16,5.52783135194216e-16,-1.25009807752081e-07,1.76562472725901e-07,3.30279587314431e-08,1.69366144515401e-07,-7.64165884122331e-07,-1.99104927875187e-07,-2.50247265956317e-07,-4.04998681143861e-19,-1.10421076391713e-06,-4.60793990796442e-07,-2.24585858655478e-07,2.00746138252943e-08,-7.02271600131091e-08,1.14599810022513e-16,2.06195339273658e-16,-6.96722387638799e-16,4.99666753314055e-06,2.25840542442221e-09,1.45463136186509e-07,3.97182362402596e-16,1.58208463265667e-09,4.88238697181682e-16,5.00622193759484e-17,-1.70107779656531e-07,4.23360703149058e-08,-3.53883589099269e-16,3.09014442759528e-07,3.85978839947433e-09,-7.34736369785911e-17,-7.35256897305793e-09,-1.31531547911499e-16,-2.14024794599151e-07,3.83833498293371e-16,-2.08347469746399e-07,-1.68595723764231e-08,-5.97387308291468e-10,-5.7171839482366e-08,-3.64583166357786e-07,1.250934274135e-09,-1.86058280110056e-08,-2.2652042329505e-17,2.75036762004183e-09,-2.35352416658777e-10,5.44186295415669e-17,-4.49595533083726e-11,-1.4284041461187e-09,4.37717041576109e-10,-6.26610598333959e-17,2.531564895508e-09,3.63686148193595e-09,-2.05281835866971e-16,-1.11466929072365e-07,-8.85304943008335e-08,-1.40544813397131e-10,-8.32467550663202e-17,3.98514603873854e-17,3.32523074313919e-09,1.17197776822811e-07,9.65980107613418e-09,-2.06122123144817e-09,1.02301739409712e-07,1.52540031533642e-16,3.41466436747931e-17,3.84543389739819e-07,1.16115838245672e-09,2.70243503348249e-16,9.78377280233312e-07,-4.37252981341158e-17,5.08180913375784e-09,-9.2964681084591e-08,-1.15333102347725e-06,-5.3283798387362e-05,1.73254987311589e-16,-1.07804267903746e-17,-1.4297268706245e-16,1.36935912153973e-16,-7.04654147411818e-10,-2.46908331472963e-09,-1.6536315960732e-16,-8.54876318104157e-16,-1.59198578915984e-16,3.60112382749929e-09,3.28492929147441e-11,-1.88193607824778e-09,-6.69918972039887e-19,-4.5661174494227e-16,2.39174999250302e-16,-9.1610035212322e-08,2.81502701056853e-09,6.93150071816352e-17,5.17570959580287e-10,-1.37941785126406e-08,-1.66612340781333e-16,3.27428544622815e-17,-1.03427910721469e-06,-1.02197227252662e-10,-5.27204298800501e-07,1.69853746013762e-16,5.95537996208978e-09,9.83575998733936e-08,1.08991700718742e-07,-4.25142175427182e-07,-2.5531887187039e-08,4.25093711234981e-10,-1.48151461085132e-17,1.08665650913095e-15,1.20547728704371e-16,9.22988280823718e-09,-8.374725138787e-09,-3.05677207570802e-06,-2.77563053245052e-09,-9.54295889863215e-16,5.16404348584357e-16,6.09528958825122e-18,-7.77060636158299e-17,2.56164985934968e-16,1.47604379273728e-08,-1.15658847728758e-16,-1.17321286828809e-16,-2.59020889322725e-07,-3.08077210694748e-16,-2.32479310281153e-07,1.14090631232188e-16,-2.65408226119079e-06,3.62977309299902e-18,-3.50614709942716e-06,-4.8928937826108e-08,-4.47229534199877e-08,1.85370142682243e-16,1.70426360227113e-06,1.43622632241229e-16,2.89674822164902e-07,-5.516233021106e-08,3.08018623885396e-10,-1.38611991646321e-16,1.85432420660568e-06,-1.33389075209736e-16,-1.5790106068823e-07,-8.13596292550599e-08,9.5414557132171e-16,-6.5185996253364e-16,5.52361011870566e-16,5.26536084962051e-17,-1.47263121386663e-08,-4.62725162003673e-07,-1.10638074322134e-07,1.1131114851478e-15,-8.99171601141756e-16,-1.76846390902959e-08,1.48141510608948e-07,-1.4069132514459e-15,-3.59466951120466e-16,-1.56250330165707e-06,-2.74966591210665e-15,-0.230038731576368,-5.47108524079224e-15,-8.95771479571465e-07,7.98210656711453e-16,7.93341058943102e-14,5.66689413296126e-16,-1.43983463720351e-15,-4.5099824034471e-16,-2.29546826460923e-15,-5.06283566594369e-09,3.50423686901227e-08,-2.56076812634843e-16,1.80535967888296e-08,-6.89441420453981e-07,2.89832886169195e-16,-2.40529153232998e-16,5.78254394582176e-16,9.17843262381332e-16,-2.42929174413171e-05,-6.50347595211573e-08,2.72348381711167e-16,2.22306090993133e-16,7.29198327648429e-08,2.33031309889918e-08,3.40377038849318e-10,2.98774425639351e-16,-3.30414182374213e-16,-5.54017169376564e-16,4.68642092267056e-16,1.33922264954964e-16,-8.04513307847946e-16,-7.89436917056601e-07,2.59944699141205e-07,1.29981920656135e-07,1.82578362749461e-18,-1.6030797705398e-15,1.15977219131492e-15,-2.44215732022963e-16,-6.55075682476781e-16,1.19815564494132e-15,-9.65765780197121e-17,-7.78981667777734e-17,-1.37546093008549e-16,-3.08744248883443e-17,2.70837032475904e-16,-2.41293562649053e-15,3.99336051645951e-17,-1.54665094608646e-16,-2.77135635377641e-10,-2.0253149606872e-16,7.95356818802323e-16,-7.60614847147366e-17,-3.37913122148908e-09,3.67850472955145e-08,1.67823042233262e-16,8.22144296794546e-11,-2.36084069806856e-09,-9.13276011136512e-17,1.09052063700585e-16,3.34573769245965e-09,-7.51295819302119e-17,-2.57653621528321e-11,2.59579147337834e-16,6.39779405308746e-17,-4.83447539363734e-17,-8.6906038875838e-16,-2.34075240626249e-09,1.50221937217749e-10,-4.0297226905922e-16,5.26951879349858e-16,-5.52557251948219e-17,1.11209449246521e-15,-7.66747776381749e-16,-1.73862349560195e-17,-1.04191017590929e-16,2.72735890255017e-18,9.13693644409374e-11,-1.40103865714127e-16,3.28679109101043e-16,-8.88748513261539e-17,-3.69152095949639e-17,-2.87838785009075e-16,-5.49331216165474e-15,-2.30812637803247e-08,6.9086223054752e-17,3.74798612815041e-16,1.59913824693272e-09,-5.31443219151989e-16,-1.6533315463725e-15,-3.15037249389269e-17,8.712082327462e-16,1.66437378111538e-09,-5.11713750577952e-17,-7.07323112107655e-06,4.20311679475761e-17,-2.99482117191339e-16,7.51537452426254e-17,5.18176640647555e-16,1.79316753972537e-16,-1.67197283982166e-15,2.16418812079511e-09,-9.73967802862826e-17,2.65388567066591e-17,2.8390626726471e-10,-2.81145295271035e-07,-4.29249184486338e-16,4.9833109857538e-08,6.83231090365267e-08,2.37277161081136e-16,-5.23889520523811e-16,3.99086732603586e-16,1.05035854127767e-16,5.34146778718311e-17,-1.26885761569442e-07,-6.70143465715556e-17,-2.78638264674809e-16,2.47078763164735e-17,5.17520465507116e-08,-5.88131252023005e-16,6.77347683904904e-17,-1.43980691635192e-16,3.64697512909736e-16,-2.40627065603653e-08,-1.13404890922951e-17,7.13233181176239e-11,-1.7380461612237e-16,1.41045891509985e-15,4.00963978168862e-16,-1.80884937799318e-17,1.23019718144467e-16,1.93924298331633e-16,1.5707855001514e-17,-1.26313732544845e-09,-3.06847500472895e-17,7.19690351244116e-16,5.32600862395219e-10,-6.08647647893226e-16,-1.71851709774031e-16,7.18099799544079e-17,1.80759546394174e-17,-1.53381557689811e-17,2.3235691093822e-17,-3.87289519649027e-09,-2.24852383481139e-16,1.23624133834249e-15,1.15095421565187e-09,-8.99714618930206e-16,2.2824978574349e-16,-3.66002809709795e-16,-1.28537508560121e-17,7.57814534129633e-16,5.47230686978512e-15,-1.92587366370749e-17,1.40788239831326e-18,-1.28771661893476e-16,-2.05689064488859e-17,2.34866189878957e-16,-5.85831543935412e-10,1.92971972666907e-09,1.73972079412876e-15,-1.9192876488088e-16,-2.61837919959819e-17,9.73716645752498e-17,1.01568059518442e-15,-1.82283605426914e-16,-6.38323789011647e-17,-7.5459960882877e-17,-1.74997142586285e-09,3.18431389339612e-16,-7.25192539381737e-17,-2.45136410644909e-16,-6.63045699896642e-16,1.90006976531921e-10,-1.83374165755598e-16,-2.64472015307076e-11,-5.44061820966149e-17,1.354437238687e-15,-5.50896981223916e-16,8.46455201859147e-17,4.02494619194635e-17,2.44662888869873e-15,1.72005752857936e-17,4.27255719881722e-16,2.17006074188498e-17,-2.16144335230689e-16,2.09209939668412e-16,2.01095975948276e-16,-1.32450341946564e-16,2.5104154664564e-16,-2.12749838523965e-16,1.11411415742283e-16,-3.22764031396917e-16,-3.81349535534203e-16,-3.46989964770594e-16,-7.96259624974416e-16,-2.0491421059976e-16,-1.09019202077019e-16,3.59919541675638e-15,4.88388606902447e-17,-5.65589460500396e-16,-1.0884246530329e-09,-2.29267592688084e-16,1.3057088335928e-16,6.74483803445855e-16,3.18778097794901e-16,7.33465080982936e-17,1.64923509941558e-15,2.50491908513851e-15,-5.35231090449189e-16,-1.19378826230207e-15,-7.77122800808122e-16,-2.78028468303493e-14,1.27793990303447e-16,1.55337984666522e-15,2.11911690311857e-15,-1.78663273655326e-14,1.64761308665812e-15,-6.83175618186471e-15,0.824947833247285,-2.79499559207452e-14,-5.84372951821633e-15,1.73711293767879e-15,-4.19123235308578e-16,2.12134673049674e-16,-2.95819670171698e-15,-3.59104102434232e-17,-6.43042517487219e-16,1.35720386377761e-16,2.28075542018332e-09,1.15331948628942e-15,1.01606611206281e-15,2.39765204182077e-16,-3.51701531068091e-16,-7.86229234516015e-17,3.90397793723914e-15,6.02568903527939e-16,-4.40208598451111e-16,2.63977594370996e-16,3.52986820177825e-15,-2.71509618149627e-16,1.32494962170554e-16,1.30594697952797e-16,7.89114593043909e-08,3.84545689590448e-16,2.94853697452271e-17,3.67705705471115e-15,8.99454122293974e-16,-2.20416252111807e-09,5.0089785233586e-18,-3.56768008371488e-16,-8.72680680772956e-17,1.19183401646184e-16,3.1994516172091e-16,1.8296651734614e-16,-1.63079635016189e-17,2.10836580002046e-16,-2.02870716455079e-16,-4.60081848886191e-16,3.27858850724127e-16,7.26082396757048e-17,-1.43436778296268e-17,-8.13991322363963e-17,-3.20092425483809e-16,1.56955025991216e-16,-1.91562093060651e-16
"t948",0.0361721648178163,-0.0110941831146528,-0.0121814668569873,0.000765391823427149,0.00800692973144196,-0.029271700619547,-0.00443351329954572,-1.60770609645183e-05,0.0392186259969557,-0.00137826281029659,0.0015342425264212,-0.000705262430645615,0.00181540558167414,0.000439502598096103,0.0175074351776373,-0.000702069788801267,-0.000584135204933762,8.60373610774836e-05,0.0527476470168408,0.137038078405676,-8.97359153184182e-05,5.86426346235021e-05,-0.0162811112044761,-0.000418031971003607,2.34931943552345e-05,0.00114018085641881,-0.0113285339773809,-5.63615972846046e-05,-0.000392344716452887,0.00335747297343525,0.000602590423223443,-0.0137562061455995,-6.88670965535033e-06,0.0074875209427221,-0.0375979984194181,-6.39970192870635e-06,-1.71497272020179e-06,5.94059097011589e-06,0.000803213227251574,0.000231932634060613,4.46544732194556e-05,-0.0012588630244366,3.98940906829793e-06,-0.000265631213671345,8.93629334097409e-06,6.04820767340449e-06,-3.67927682271753e-06,9.99526116477832e-05,-0.212583801511676,-0.142546497631358,-0.000158362111774807,7.59930379748397e-05,-3.32749880966939e-05,1.47704303903769e-05,-0.0303214215390788,-0.000301856936284732,0.188752985181654,0.000123965410590622,-0.000929193074525388,-9.81330110284319e-08,-4.2518333358278e-07,2.76011946150843e-05,-1.83492063353771e-05,1.40277898768798e-05,-0.000161676727132308,3.50309181168881e-06,-0.000429528469085773,7.96162567649571e-05,-1.95587630960484e-05,9.04329291790373e-05,-8.46113712473555e-07,2.3533991506744e-06,-8.13040246756207e-06,-5.26463854202271e-06,2.21202325365292e-06,0.000229432289701599,-1.91300135858603e-05,2.81559776288879e-06,-0.000788871750815515,-9.62331738635056e-05,6.02757111844883e-06,0.00046774825494885,-0.000659386971485901,-1.95520249007509e-05,0.00180044028201195,4.19919094100563e-05,-7.76019859338424e-06,-0.0012156493472335,-4.81805331788097e-08,6.76091803404263e-06,-8.20183972442728e-05,5.17715974292232e-08,3.60204710298934e-05,-3.35257878489453e-05,-8.09246150772455e-06,-9.92873545945904e-06,-1.16970538704212e-06,7.48390767580044e-06,-9.36786126699212e-05,-0.0103299570420135,1.68193083620967e-05,-8.85625843195714e-08,1.41385043462507e-05,2.40018465636231e-05,-2.77867672843855e-05,8.07288037690454e-07,-0.000227769411790771,2.96811064300981e-07,-0.000346058398291184,1.03000072714183e-07,3.48753502218352e-06,7.19106339276927e-06,-2.23613988720881e-06,2.47114827029676e-06,-2.60219540220011e-06,3.02857705143433e-06,-0.000336933575742197,0.000363203134943681,-5.62944681480735e-05,2.08355022671461e-05,-1.22778454108158e-05,3.24914879553533e-05,-0.0231042402973609,0.0050489887112375,-3.12752409235622e-06,-1.94572140737825e-05,2.13378359082382e-06,-6.88228551412585e-05,9.34453543975263e-05,0.0032643390154993,2.48422502385723e-05,-0.00012380487474846,1.0656614917379e-05,0.000740540260129903,-4.1011551025526e-07,0.000286448879023943,-0.284247858842762,3.1499068474484e-05,-0.00776120516977452,-0.00154611897583882,0.000215689474377709,9.37365972630367e-06,-0.000101786241523249,-6.45825907562538e-06,-3.7248926662872e-08,2.56095808200777e-05,2.01414003499678e-06,-7.18439288898582e-05,-4.26090705832062e-06,6.07167574994758e-07,7.43169768284598e-07,0.000384528314463348,4.35188110507367e-07,-0.000105164802290623,2.3022016513221e-07,0.000356274739346617,-2.35170812803157e-05,8.65789376475904e-07,0.000278542294309455,3.69923884418137e-07,2.97553573760208e-07,-3.9906697592233e-08,1.50904198857331e-06,1.70721040112491e-07,-1.99441974289228e-09,-6.03510684370066e-08,3.07546652023285e-05,3.07039017880155e-06,2.66679643409935e-05,2.19760864944019e-07,-4.4667033834405e-07,-7.98266123869725e-08,1.08845190691353e-08,4.03258177321099e-06,7.61627055593434e-08,1.57268189854274e-07,6.93759555122288e-09,-2.91684978055757e-07,-1.29528435445046e-05,-1.45453501380175e-06,5.9217875972284e-06,1.64364336878381e-06,-3.47710530435836e-07,-1.40611414911628e-09,-4.34816798912341e-08,-1.91817711148933e-08,-0.00016113806290492,9.79530975705121e-05,0.000160998530020632,-6.63267060966335e-07,-4.98354498878255e-06,0.000106835174716189,3.22525244777683e-06,4.82518316722385e-10,4.81647731850617e-08,-0.000674682319102302,-5.34224793022588e-06,-1.05088412858794e-07,0.000868957026183782,1.78216441667865e-06,4.18102983279798e-06,6.07408390527738e-06,-1.21725276235726e-07,-9.57201362421077e-07,-0.000296987641827133,-1.19419321404211e-06,0.000185968609288858,9.76346253653976e-07,-5.53151111764994e-05,-1.20799434923003e-08,-0.000240693650472501,-1.53357721711626e-06,-3.97644427357639e-06,-0.000894651475964666,4.79667082946318e-07,-1.12450083055352e-07,5.43251426850123e-08,3.51978204612032e-08,-1.0018946985934e-05,-4.27846984352953e-06,-1.96231936888617e-06,2.33986169112837e-06,5.15272767384983e-07,2.18622490112448e-06,-6.50793301681571e-06,-3.71401651062965e-07,-3.51811163774092e-05,-1.97537526333701e-07,-4.27504519417086e-05,-1.3900338997071e-05,7.50397611836982e-07,1.55125589040335e-07,4.71743925881951e-06,1.73957188006659e-06,-9.95119223156155e-07,-1.78767130340617e-08,-7.86740393950023e-06,-4.30456908925072e-18,-7.41588299209481e-08,1.05928367089871e-06,-2.15723175652292e-07,-5.55130016392093e-07,-7.47765450411362e-06,1.03413891392295e-07,-1.46525442850596e-06,6.51789692129536e-07,-1.25121115008296e-06,8.0359398023776e-07,-1.63572137350949e-07,6.61243396974571e-05,-4.3155560032354e-08,4.74938814136185e-06,-4.05063290527035e-05,1.73610513555092e-08,-1.14631122085859e-09,5.49770920226564e-08,-5.26318717070314e-08,8.29431500171252e-07,2.13473010495409e-05,-4.07490075774447e-06,8.05442360293594e-07,-1.46901246369686e-05,1.72315535688838e-05,-1.04835708621851e-06,1.07615224871246e-05,-3.64390760250579e-06,1.4567687855447e-08,0.000126839854072914,6.16476662203956e-07,5.32504734772263e-05,1.34701121154286e-08,-4.16819833279186e-06,3.78979732544826e-07,-5.13595125910954e-07,8.22355273205661e-07,-1.60575028167535e-06,1.27900655483609e-06,-9.55304655238149e-08,1.93279501723846e-05,-8.54518291606713e-08,1.42437817121747e-05,-1.87917773711701e-16,-3.69252091095292e-05,-3.70162808268387e-06,-4.06180042868746e-11,-3.81946003063194e-07,6.04551087804743e-07,-3.89707477250203e-07,-1.12962159671047e-07,1.91683288509282e-08,-8.86306796917961e-07,3.3838075237858e-05,0.000143699451435522,-4.45416689650822e-07,0.000553538673656457,-0.0557517551411697,-1.45796275861239e-05,3.99925447070037e-05,-3.64402111747639e-07,-6.20898952813814e-07,-9.51150418904382e-09,-9.11706351562148e-06,1.19406885403637e-07,-1.27962957335233e-10,-1.27046588574061e-07,3.60123600046399e-08,-1.52509090933921e-07,2.28973922157206e-07,1.97140705507096e-05,1.08116515623953e-07,-3.57380730724741e-08,-2.58526002666598e-07,2.87753399726692e-08,-1.43063037745164e-07,3.9321775988215e-06,1.7203871331439e-06,-8.44924214968664e-06,4.34095614761739e-17,3.48811580026355e-07,2.1529034989864e-07,-1.07103209478349e-07,0.000709883265103165,-4.39022697845394e-08,0.000139541779463655,4.8076170356318e-06,-7.23453563183323e-07,3.36397922808424e-06,1.98397099724493e-16,-2.73813693386573e-05,-2.18394047952785e-09,-9.22549412534493e-06,4.03223694546529e-08,7.61586033752284e-07,-4.8622462127082e-06,-8.60532037669985e-06,2.32721914254295e-06,-2.38586105870789e-07,1.54111170728111e-05,-5.01942777245757e-08,-4.83769916558291e-06,-6.49305636452347e-09,-1.02190781780653e-09,-5.0983313827162e-05,7.29556013032391e-08,-1.46534992651456e-05,-6.09573888300681e-16,-4.05044147043165e-07,3.20776806766315e-08,9.24542850206035e-10,8.42433792108904e-09,-1.28628599952987e-05,-6.29747613635683e-05,2.80921511435046e-07,-1.03159698463871e-06,-5.93594811839447e-07,3.52218277162021e-17,-0.00010226104035154,-3.63446995388494e-08,-1.34905201957085e-05,3.19376158592678e-16,2.67318368547502e-06,3.45220395033679e-07,-5.33606819680321e-08,-2.21887084347124e-05,-0.000425608892148699,-3.41809543550735e-06,-1.15582187018735e-06,3.68948214420095e-06,2.6816508325168e-07,1.50232552736109e-08,3.53964676867747e-06,1.07362027345704e-07,3.11089546017422e-17,-4.38373484986482e-08,1.62952549431924e-06,7.09771270774883e-07,-4.52826528120228e-06,1.17117277787668e-16,-9.54024675548737e-08,1.81838947666685e-08,-2.10085369089698e-06,-3.03851087251285e-08,-0.000103643972198718,1.08058959448558e-07,-1.47597849850458e-06,8.51471214223325e-06,8.17754946292858e-17,3.29105762304155e-05,-1.57008606861079e-07,4.62086075241477e-07,5.06375639977224e-05,-6.66636776203909e-08,-8.47201152170382e-08,-1.73472347597681e-16,2.22022389776719e-16,-8.09212031250187e-08,-9.75118305612875e-08,1.29680877939311e-08,-0.000823130205089343,4.84926338649485e-15,-6.96708673849918e-06,-8.52649260352276e-08,3.51147011050298e-16,2.90312006432153e-16,-2.72980063765206e-16,0.00133055156932585,4.33808644578219e-07,-5.83273706290503e-07,1.8719764709207e-05,2.67318340118539e-06,5.20350656050598e-07,-2.27062261585683e-07,-5.9344335612168e-16,-5.50948108659958e-08,1.60788324808589e-07,-4.37850850975755e-16,-2.02074887269886e-15,-1.19532332068048e-07,-6.75749179199769e-08,-7.92389243864835e-08,2.09962900409963e-05,9.06060890836291e-08,-3.44474060507113e-05,-5.67063536690155e-16,-1.33288823221931e-06,3.12364910822114e-15,-4.67779118082848e-05,4.0614213381307e-16,-1.21083981792331e-07,4.29052393391086e-16,5.42282671694899e-07,1.45483795938447e-07,8.73946327293546e-06,1.30917751957987e-05,6.0081336938318e-07,-8.40371597906565e-08,6.74614631286383e-07,1.4376597263043e-05,0.0879808481180767,-4.06777814222322e-06,1.00054791295017e-07,-1.26879250011262e-06,-0.221232021533652,2.91790939213472e-05,6.41891661318526e-07,-7.03407937870928e-16,-3.07874988527007e-06,3.62849036106198e-07,-9.78687192611437e-08,-1.73421893837529e-15,-1.47849604032792e-05,-3.79129691743052e-06,-1.13311671580534e-06,5.92763549631148e-16,2.65459761371628e-07,0.000121739875811218,-1.512616756068e-15,1.53473871975072e-07,-2.52296650528279e-07,2.0152284598875e-16,9.02509030378442e-16,8.44344534370957e-09,4.25298066261376e-05,2.29494253057075e-07,0.000124864404933865,-8.21181272741312e-07,-2.14761039339101e-08,-2.17113991633809e-06,-1.66202907685165e-07,3.74339406669249e-06,2.60728938439314e-15,-6.64565870537974e-10,-2.78562840527228e-06,-1.20642146868219e-06,-1.17934949081331e-05,7.6037034798809e-16,-1.84462591644993e-16,-1.61953078349614e-06,-1.14244748644513e-16,5.08997286415429e-16,-1.31667091795705e-07,1.86007139509158e-07,3.47948533136811e-08,1.78515441263359e-07,-8.0550128016886e-07,-2.09877989301392e-07,-2.63812233457614e-07,1.9649145260359e-16,-1.16524066145271e-06,-4.86368317735444e-07,-2.37067647479394e-07,2.11979745843522e-08,-7.42066969910044e-08,2.88582294599617e-16,3.50466370488192e-16,-4.39810599191113e-16,5.28501690371901e-06,2.38977161082221e-09,1.53929508369941e-07,2.5503213527587e-16,1.67487704936821e-09,6.60280199650393e-17,1.42501316822983e-16,-1.80432352795323e-07,4.49067442886835e-08,-6.34041430469523e-16,3.27938462096199e-07,4.09734215138364e-09,-7.37104414736684e-16,-7.80975214415232e-09,-2.03950692207612e-16,-2.27499655036411e-07,7.01457949317823e-17,-2.2147965634829e-07,-1.79231625746862e-08,-6.35110845944256e-10,-6.07870682874029e-08,-3.8770897512406e-07,1.33121756153154e-09,-1.98198769089583e-08,-1.41112095092507e-16,2.93363527119818e-09,-2.51070422466182e-10,-6.97847247199485e-17,-4.79711076475666e-11,-1.52461759861689e-09,4.67347320035003e-10,-1.41232183581894e-16,2.70591625943129e-09,3.88819985507309e-09,-3.08726415630773e-17,-1.19205735129129e-07,-9.46908871387823e-08,-1.50408050260162e-10,1.77851544495653e-16,1.48909360943674e-16,3.5633890782591e-09,1.25665870753219e-07,1.03590347955619e-08,-2.21641319278109e-09,1.10054774936544e-07,4.50047878225837e-17,2.87717076706449e-16,4.13819085353768e-07,1.24960982146357e-09,-8.53408963131867e-16,1.05348230433556e-06,-7.16609757108768e-17,5.47485459962944e-09,-1.00229997895813e-07,-1.2435323479821e-06,-5.74632887045834e-05,1.05350400488544e-16,3.82885765497209e-17,-2.71526323932757e-16,1.48658062516735e-16,-7.61420739430836e-10,-2.66843453981872e-09,2.14715910760212e-16,2.4614183949379e-16,-2.92585931540952e-16,3.89423246560919e-09,3.55320672364647e-11,-2.03714074001975e-09,-8.1352304407404e-17,3.25260651745651e-19,5.02527706947031e-16,-9.94221517723737e-08,3.05536222313722e-09,8.34797354076351e-17,5.62354896655197e-10,-1.49942664709692e-08,1.40744833983852e-17,3.32444973212665e-16,-1.12543752679693e-06,-1.11214059299008e-10,-5.74080315492799e-07,-7.40484289798151e-18,6.49186387286081e-09,1.07282791779758e-07,1.18983713169209e-07,-4.64674440166367e-07,-2.79151334261364e-08,4.65062686592954e-10,-3.67303580648626e-16,-4.63592879013301e-17,2.51576329684978e-17,1.01352221161259e-08,-9.19672932014507e-09,-3.3584697543477e-06,-3.0574990914831e-09,-1.31204379799973e-16,1.03677919269964e-15,-9.1091720318672e-17,-1.14145947164756e-16,-1.91450737819991e-15,1.63062784939827e-08,-3.88326352420183e-16,-4.53307277729229e-17,-2.86485015079266e-07,-3.33327883412443e-16,-2.57145587573427e-07,1.44549153816257e-16,-2.93599816160663e-06,-9.18502844764424e-17,-3.8868120195014e-06,-5.4269364088598e-08,-4.96442354605031e-08,9.89473362829069e-18,1.89370895153354e-06,1.77448303188776e-16,3.22611126797928e-07,-6.16273534285334e-08,3.44166798415192e-10,-1.24575186126269e-17,2.07469605998777e-06,-3.81025289772604e-16,-1.77050341675638e-07,-9.12363546872964e-08,1.59797968510956e-15,-8.19522655952527e-16,8.11124656448122e-16,1.44629072915004e-16,-1.65448115449515e-08,-5.20126966020895e-07,-1.24436290242617e-07,9.13951929311931e-16,-1.06769476152544e-15,-1.9948155561097e-08,1.67124838058863e-07,-8.78675397944083e-16,-2.89851195527898e-16,-1.76953197734205e-06,-3.29060076186067e-15,-0.26074142358227,-4.71389449934579e-15,-1.01791813004432e-06,7.6362071201922e-16,9.01182689963435e-14,6.28005792708762e-16,-1.83617333600289e-15,-4.52160757874683e-16,-2.04304814193046e-15,-5.78501450649719e-09,4.00439490107452e-08,-2.23826144184242e-16,2.06725859409797e-08,-7.90147096033984e-07,1.66797629644808e-16,-5.44940112699452e-16,1.11914503856585e-15,5.17927576778529e-16,-2.79501869013754e-05,-7.48962917216969e-08,1.58335609204876e-16,3.7755976864761e-16,8.40666318595595e-08,2.68690974606712e-08,3.92649812284053e-10,3.83404501411974e-16,-2.23205584782805e-16,-7.50637884151311e-16,3.36232645285863e-16,1.39865803511675e-16,-8.05852015133454e-16,-9.18167141795432e-07,3.02579769406505e-07,1.51425136101822e-07,-9.77226243236919e-17,-2.13169116624063e-15,1.34216854514994e-15,-2.44907279252387e-16,-8.43612450819129e-16,1.19092991560609e-15,7.94193993897123e-17,6.97621720625589e-17,1.30338605776773e-16,-8.92199532133363e-17,4.50402685673896e-16,1.27922554046691e-15,-1.87423693261725e-16,-1.61349995573503e-16,-3.27841855995873e-10,-2.29489270444813e-16,-4.6623540585756e-16,-1.95055377940972e-16,-4.00652070127698e-09,4.36380907824767e-08,4.02978888172395e-16,9.75626351958086e-11,-2.80978063968722e-09,-1.61335855051247e-16,2.58446961910062e-16,3.99704057427965e-09,1.33545837652734e-16,-3.09308221748038e-11,3.75640402376187e-17,1.95692963407053e-16,-1.05052538362091e-16,-2.20160624865744e-16,-2.83331173861167e-09,1.81940054804675e-10,-5.71647169549921e-16,-5.71555473412299e-17,3.59045970113812e-17,3.25843487447334e-16,1.795438797636e-16,-1.10663472881888e-16,-3.27836020615101e-16,3.70051896499119e-17,1.14759879689502e-10,-1.53256047573024e-16,1.1823393965848e-17,-1.10435892857483e-17,5.65220959881326e-17,1.52764754214309e-16,8.10288772233739e-16,-2.92755457389494e-08,-1.07422124547277e-16,-1.12667206140175e-17,2.03215328206935e-09,-4.97073230003788e-16,6.04956167309425e-16,-1.26276610352594e-16,-2.06749384393063e-16,2.16838624490982e-09,-4.11462522748943e-17,-9.26172788630627e-06,-2.6426151759641e-16,2.74914881194571e-16,-3.85272088977919e-16,-2.66646818828601e-16,1.69865825912436e-16,4.01241737733519e-16,2.86492065485317e-09,-1.11147881371446e-15,-1.22811643715047e-16,3.79235427785187e-10,-3.757260831506e-07,-9.0451677193996e-18,6.71522867954637e-08,9.23176535287388e-08,1.33470642200597e-15,6.44725047573912e-16,4.62323665429011e-16,-9.2021732872697e-18,3.869094185034e-16,-1.79674816490404e-07,-1.63668160972263e-16,3.16070252974388e-18,3.43446476681935e-16,7.43625645166766e-08,6.56181743363024e-16,-7.16408106666379e-16,-3.04053289717049e-16,-7.06265171054108e-17,-3.53242236599729e-08,2.05599556290016e-16,1.05455079122691e-10,1.4325421470326e-16,-3.87371201377448e-15,-4.32288250379548e-16,4.5720979832705e-17,-1.38337593215543e-17,1.9066340571135e-16,-4.48702221907512e-17,-1.94959680381392e-09,-3.41941939416623e-17,-1.42459564316484e-16,8.32149922309438e-10,2.20085021513473e-16,1.00263644793755e-16,3.87564970275793e-16,1.50335292453713e-16,8.16798944577387e-17,9.75390612571233e-17,-6.32001245631706e-09,9.39159307389414e-17,-3.82023191480243e-16,1.92086457994083e-09,2.40531076873474e-16,-5.92924559205133e-16,4.74327170033378e-16,6.31687032492055e-16,-1.46515418024851e-15,-2.08610633829981e-15,-1.71537160166745e-17,-1.21119741581455e-16,1.07721349534279e-16,1.33072846526315e-16,-1.52972449262264e-16,-1.08651029964169e-09,3.63601438943693e-09,-3.59387257121734e-16,-3.26348978679054e-16,8.4581390454756e-17,3.50205065291925e-16,4.85288892404512e-16,3.29403737324917e-16,7.29688493262893e-16,6.82994914001091e-16,-3.63920637257728e-09,2.85971498212481e-16,2.13060302227582e-16,-2.17527225729274e-16,6.17510385795411e-16,4.42714818786554e-10,4.59051733775888e-16,-7.41297815572964e-11,1.89704081777266e-16,-3.95223847692277e-16,4.18957517957958e-16,4.15856634162116e-16,4.28486791536053e-16,-5.27820159328652e-16,8.69505619482316e-16,7.03300704737954e-17,5.3439047394955e-16,7.24051254175963e-17,-5.49186645985988e-16,-8.69881566141414e-17,-8.95348566441491e-16,-3.14271242225157e-16,-2.05524473264578e-16,2.51683501381592e-16,4.04718856287969e-16,-3.0354703272805e-17,1.86786964118748e-16,2.24206492382298e-16,4.55148072009415e-16,-1.93125951526927e-16,-1.1462088075483e-15,1.58103038986078e-16,5.05047436743104e-16,5.08326830697974e-09,1.2122526800396e-15,-1.87260324123185e-16,-2.24157634216426e-16,-1.94415335354875e-16,7.54358973851076e-17,-7.58615687540841e-16,-1.85448636952573e-15,1.3405280975901e-15,8.99616095621697e-16,1.54848883318413e-16,1.22831432525228e-14,4.26855620465784e-16,-1.58549817389104e-16,-7.22309395188134e-16,7.45617555071793e-15,-4.38355592230553e-16,3.36590853200427e-15,-0.399370194156401,1.3264874386328e-14,3.36236015422444e-15,-1.65971300049139e-15,-3.86173372589651e-16,2.34426861327108e-16,1.79927535594718e-15,-2.56675171324799e-17,1.03012835458572e-15,-7.72977055680884e-17,3.63455850647473e-10,9.37349512751707e-16,-2.20004312194396e-16,-8.09379690209136e-17,4.12181932929842e-16,-4.88104288217438e-16,-4.36436960170881e-15,1.7427119544612e-16,-1.13532826709947e-15,-2.13262146716451e-15,-3.3912875343138e-15,7.92525200289597e-16,5.69648566718394e-16,-1.80489950798902e-15,3.27710759711e-08,2.29228068471322e-15,1.40267388962209e-15,-0.707106781186548,2.58547523668273e-13,-1.07595740475946e-09,-8.03000233871055e-15,1.26495101219687e-14,-7.33103350291971e-16,7.27723773615407e-16,4.53073964853505e-15,8.5328892695688e-16,-9.20852605199626e-17,1.22815512139701e-15,-4.43318715474421e-16,-6.89992825208683e-16,-1.70561160020475e-15,-6.17489410207831e-16,-1.71099321316266e-16,-5.47646095456329e-16,2.4319146308243e-16,4.79403092950313e-17,-1.11117704561408e-15
"t949",0.0361721648178163,-0.0110941831146528,-0.0121814668569873,0.000765391823427148,0.00800692973144196,-0.029271700619547,-0.00443351329954572,-1.6077060964522e-05,0.0392186259969557,-0.00137826281029658,0.0015342425264212,-0.000705262430645612,0.00181540558167414,0.000439502598096098,0.0175074351776373,-0.000702069788801269,-0.000584135204933777,8.60373610774784e-05,0.0527476470168408,0.137038078405676,-8.97359153184183e-05,5.86426346235058e-05,-0.0162811112044761,-0.000418031971003603,2.34931943552405e-05,0.00114018085641881,-0.0113285339773809,-5.63615972846263e-05,-0.000392344716452883,0.00335747297343527,0.000602590423223442,-0.0137562061455995,-6.88670965536941e-06,0.0074875209427221,-0.0375979984194181,-6.39970192871621e-06,-1.71497272020917e-06,5.94059097019874e-06,0.000803213227251562,0.000231932634060759,4.46544732194504e-05,-0.00125886302443668,3.98940906829907e-06,-0.000265631213671232,8.93629334098277e-06,6.04820767345947e-06,-3.67927682257764e-06,9.99526116478e-05,-0.212583801511676,-0.142546497631358,-0.00015836211177482,7.599303797465e-05,-3.32749880966962e-05,1.47704303903769e-05,-0.0303214215390788,-0.000301856936284719,0.188752985181654,0.000123965410590644,-0.000929193074525388,-9.81330110275103e-08,-4.25183333570897e-07,2.76011946150885e-05,-1.83492063353824e-05,1.40277898768942e-05,-0.000161676727132305,3.50309181168575e-06,-0.000429528469085729,7.96162567647963e-05,-1.95587630960255e-05,9.04329291792167e-05,-8.46113712194725e-07,2.35339915070996e-06,-8.13040246755513e-06,-5.26463854177321e-06,2.21202325356677e-06,0.00022943228970162,-1.91300135858621e-05,2.81559776286878e-06,-0.00078887175081552,-9.62331738635294e-05,6.02757111844163e-06,0.000467748254948841,-0.000659386971485913,-1.95520249006318e-05,0.00180044028201191,4.19919094100454e-05,-7.76019859336711e-06,-0.00121564934723352,-4.81805332141005e-08,6.76091803403917e-06,-8.20183972442994e-05,5.17715974084065e-08,3.60204710299082e-05,-3.3525787848816e-05,-8.09246150771693e-06,-9.92873545953399e-06,-1.169705387051e-06,7.48390767576002e-06,-9.36786126699158e-05,-0.0103299570420135,1.68193083621116e-05,-8.85625843225105e-08,1.41385043462855e-05,2.40018465636097e-05,-2.77867672843511e-05,8.07288037655919e-07,-0.000227769411790668,2.96811064309196e-07,-0.000346058398291183,1.03000072729578e-07,3.48753502215273e-06,7.19106339277002e-06,-2.23613988724768e-06,2.47114827035749e-06,-2.60219540223057e-06,3.02857705142333e-06,-0.000336933575742212,0.000363203134943676,-5.62944681480573e-05,2.08355022671459e-05,-1.22778454108349e-05,3.24914879553612e-05,-0.0231042402973608,0.00504898871123745,-3.12752409236338e-06,-1.9457214073751e-05,2.13378359080127e-06,-6.88228551412822e-05,9.3445354397475e-05,0.00326433901549938,2.48422502385884e-05,-0.000123804874748475,1.06566149173113e-05,0.000740540260130022,-4.10115510429018e-07,0.000286448879023906,-0.284247858842762,3.14990684745291e-05,-0.00776120516977452,-0.00154611897583879,0.000215689474377765,9.37365972641021e-06,-0.000101786241523223,-6.45825907545907e-06,-3.72489267909637e-08,2.56095808201385e-05,2.01414003503784e-06,-7.18439288898834e-05,-4.26090705834329e-06,6.07167574912684e-07,7.43169768291536e-07,0.000384528314463474,4.35188110463131e-07,-0.000105164802290732,2.30220165131067e-07,0.000356274739346638,-2.35170812802803e-05,8.65789376366081e-07,0.000278542294309327,3.69923884959113e-07,2.97553573733101e-07,-3.99066977891676e-08,1.50904198838658e-06,1.70721040160352e-07,-1.99441965534528e-09,-6.03510684163881e-08,3.07546652020998e-05,3.0703901787585e-06,2.66679643414576e-05,2.19760864592185e-07,-4.46670338199908e-07,-7.98266126011753e-08,1.08845190462349e-08,4.03258177302986e-06,7.61627055563807e-08,1.57268189893816e-07,6.93759574523509e-09,-2.91684978033011e-07,-1.29528435444875e-05,-1.45453501367317e-06,5.9217875972155e-06,1.64364336880266e-06,-3.47710530368386e-07,-1.4061141503924e-09,-4.34816799679182e-08,-1.91817712724289e-08,-0.000161138062904978,9.79530975702591e-05,0.000160998530020654,-6.63267061152764e-07,-4.98354498890442e-06,0.000106835174716529,3.22525244768173e-06,4.82518301271857e-10,4.81647732221238e-08,-0.000674682319102444,-5.34224793027701e-06,-1.05088412792983e-07,0.000868957026183862,1.78216441647919e-06,4.18102983290232e-06,6.07408390523063e-06,-1.21725276222192e-07,-9.57201362518454e-07,-0.000296987641827456,-1.19419321394451e-06,0.000185968609289129,9.7634625362969e-07,-5.53151111763357e-05,-1.20799434899853e-08,-0.000240693650472509,-1.53357721719478e-06,-3.9764442737304e-06,-0.000894651475964522,4.79667082991098e-07,-1.12450083075109e-07,5.4325142517239e-08,3.51978204456822e-08,-1.00189469858354e-05,-4.27846984344995e-06,-1.96231936899789e-06,2.33986169110104e-06,5.1527276738078e-07,2.18622490087027e-06,-6.50793301681952e-06,-3.71401651149225e-07,-3.51811163774426e-05,-1.97537526202698e-07,-4.27504519414659e-05,-1.39003389972472e-05,7.50397611846989e-07,1.55125589203491e-07,4.71743925885648e-06,1.7395718800947e-06,-9.95119223150683e-07,-1.787671340395e-08,-7.86740393942358e-06,-4.09396449346963e-17,-7.41588300071934e-08,1.0592836709733e-06,-2.15723175780406e-07,-5.55130016406858e-07,-7.47765450401104e-06,1.03413890896432e-07,-1.46525442846772e-06,6.51789692131217e-07,-1.25121114981214e-06,8.03593980011644e-07,-1.63572137201077e-07,6.61243396972391e-05,-4.31555600018254e-08,4.74938814131181e-06,-4.0506329052824e-05,1.73610513975518e-08,-1.14631110831841e-09,5.49770920503546e-08,-5.26318717544326e-08,8.29431500233781e-07,2.13473010495827e-05,-4.07490075777344e-06,8.05442360331691e-07,-1.46901246369235e-05,1.72315535689794e-05,-1.0483570861244e-06,1.07615224871415e-05,-3.64390760249231e-06,1.45676877874589e-08,0.000126839854072883,6.16476662174074e-07,5.32504734772361e-05,1.3470112117321e-08,-4.16819833275234e-06,3.78979733014792e-07,-5.13595126281534e-07,8.22355273264573e-07,-1.60575028165879e-06,1.27900655517216e-06,-9.55304656052617e-08,1.93279501724221e-05,-8.5451829019761e-08,1.42437817121351e-05,-9.02208125914723e-18,-3.69252091094249e-05,-3.70162808245063e-06,-4.06181144671788e-11,-3.81946002750521e-07,6.04551087664809e-07,-3.89707477213662e-07,-1.12962159647086e-07,1.91683289195965e-08,-8.86306796777035e-07,3.38380752379645e-05,0.000143699451435549,-4.45416689948807e-07,0.000553538673656427,-0.0557517551411686,-1.45796275860409e-05,3.99925447066508e-05,-3.64402111756312e-07,-6.20898952702604e-07,-9.5115041346498e-09,-9.11706351548241e-06,1.19406885463591e-07,-1.27963145002744e-10,-1.27046588594956e-07,3.60123599790032e-08,-1.52509090851078e-07,2.28973922208416e-07,1.97140705508829e-05,1.08116515621693e-07,-3.573807318645e-08,-2.5852600252834e-07,2.87753398810986e-08,-1.43063037505978e-07,3.93217759861094e-06,1.72038713309064e-06,-8.44924214962729e-06,4.98647419241736e-17,3.48811580133767e-07,2.15290349813934e-07,-1.07103209114057e-07,0.000709883265102813,-4.3902269808869e-08,0.000139541779463806,4.80761703576459e-06,-7.23453563134465e-07,3.36397922806686e-06,-1.69002445408961e-17,-2.73813693389494e-05,-2.18394046631839e-09,-9.22549412556427e-06,4.03223695423054e-08,7.61586033692871e-07,-4.86224621248896e-06,-8.60532037673142e-06,2.32721914225366e-06,-2.38586105737902e-07,1.54111170729547e-05,-5.01942779630058e-08,-4.83769916551826e-06,-6.49305620562638e-09,-1.02190779492986e-09,-5.09833138272988e-05,7.29556015669096e-08,-1.46534992650947e-05,-4.96547046008352e-16,-4.05044146254673e-07,3.20776806193857e-08,9.24542886021473e-10,8.42433683872874e-09,-1.28628599952207e-05,-6.2974761363842e-05,2.80921511175857e-07,-1.03159698467766e-06,-5.93594812027728e-07,8.75182865642355e-17,-0.00010226104035179,-3.63446994736495e-08,-1.34905201955738e-05,5.45459737905687e-16,2.67318368541059e-06,3.45220394714005e-07,-5.33606821695304e-08,-2.21887084344832e-05,-0.000425608892148355,-3.4180954357069e-06,-1.15582187017093e-06,3.68948214427005e-06,2.6816508314899e-07,1.5023255084693e-08,3.53964676862592e-06,1.07362028217798e-07,-4.0387181349562e-16,-4.38373483354198e-08,1.62952549435752e-06,7.09771270737371e-07,-4.52826528115794e-06,1.11971050122887e-16,-9.54024678069683e-08,1.81838947853168e-08,-2.10085369104693e-06,-3.0385109226651e-08,-0.000103643972198373,1.08058959043494e-07,-1.47597849827972e-06,8.51471214221355e-06,-9.55070175283519e-17,3.29105762302026e-05,-1.57008606830071e-07,4.62086075728584e-07,5.06375639978459e-05,-6.66636774510459e-08,-8.47201153039131e-08,-4.23272528138341e-16,1.59473085490997e-16,-8.09212030060351e-08,-9.75118305561104e-08,1.2968087617636e-08,-0.000823130205089126,4.63795546484543e-15,-6.96708673850546e-06,-8.52649263619726e-08,3.38572736497963e-16,3.85747417663015e-16,-2.51884385570587e-16,0.00133055156932597,4.3380864446182e-07,-5.83273706426785e-07,1.87197647090676e-05,2.67318340094391e-06,5.20350656078696e-07,-2.27062261747422e-07,-6.58748231633502e-16,-5.50948107171727e-08,1.60788324431397e-07,-1.89411115918166e-16,-2.02830456083121e-15,-1.19532332201101e-07,-6.75749177771237e-08,-7.92389244018881e-08,2.09962900411486e-05,9.06060891924241e-08,-3.44474060507642e-05,-2.83598878693822e-16,-1.33288823197994e-06,3.719748239526e-15,-4.6777911808345e-05,3.3805423738098e-16,-1.21083981502499e-07,7.91454890055802e-16,5.42282671500751e-07,1.45483796072758e-07,8.73946327288063e-06,1.30917751957262e-05,6.0081336946721e-07,-8.40371594281417e-08,6.74614631291749e-07,1.4376597262944e-05,0.0879808481180768,-4.06777814237534e-06,1.00054791621527e-07,-1.26879249987211e-06,-0.221232021533652,2.91790939212677e-05,6.41891661599244e-07,-7.40552233231153e-16,-3.07874988547175e-06,3.62849036040316e-07,-9.78687190329762e-08,-1.56155745741854e-15,-1.47849604034122e-05,-3.79129691729531e-06,-1.13311671582137e-06,8.17638444859458e-16,2.65459761051506e-07,0.000121739875810952,-1.95636361237847e-15,1.5347387174636e-07,-2.52296650449367e-07,1.67720079953895e-16,9.45402561182453e-16,8.44344497572712e-09,4.25298066256542e-05,2.2949425352783e-07,0.000124864404934189,-8.21181272841732e-07,-2.14761039552757e-08,-2.17113991653243e-06,-1.66202907464688e-07,3.74339406634046e-06,2.73327367683596e-15,-6.64565874527359e-10,-2.78562840543652e-06,-1.20642146839826e-06,-1.17934949082346e-05,8.10402797245346e-16,-4.05042501893544e-16,-1.61953078363316e-06,-5.04077557551049e-17,6.31372292116364e-16,-1.31667091839237e-07,1.86007139243081e-07,3.47948530575074e-08,1.78515441093799e-07,-8.05501280335554e-07,-2.09877989197182e-07,-2.638122337242e-07,8.58930020996728e-17,-1.16524066152673e-06,-4.86368317638965e-07,-2.3706764744371e-07,2.1197974630546e-08,-7.42066972629267e-08,3.3369331300022e-16,1.29990818811011e-16,-2.97455042480437e-16,5.28501690351403e-06,2.38977163569328e-09,1.53929508419835e-07,6.27978653267057e-17,1.67487734305589e-09,2.54584330287425e-16,2.06754932054646e-16,-1.80432352673009e-07,4.4906744202219e-08,-5.44703171456717e-16,3.27938462138375e-07,4.09734229057052e-09,-2.57109478252461e-16,-7.80975190185109e-09,1.46613596728983e-16,-2.27499654338411e-07,1.04855847001727e-16,-2.21479656834529e-07,-1.79231624874137e-08,-6.35110811600728e-10,-6.07870688106234e-08,-3.87708975441522e-07,1.3312184182681e-09,-1.9819876636788e-08,1.44073414074622e-16,2.93363464308027e-09,-2.51070412999014e-10,3.53182755373035e-17,-4.79709441741782e-11,-1.5246174496105e-09,4.67346008222001e-10,-7.15631470917067e-17,2.70591622670589e-09,3.88820003114619e-09,-3.75448905034148e-18,-1.19205735217595e-07,-9.4690887020789e-08,-1.50407938283101e-10,3.37526730752763e-16,-3.49180711674407e-17,3.56338904325189e-09,1.2566587017888e-07,1.0359034345596e-08,-2.21641312705054e-09,1.10054774971637e-07,1.0544347272941e-16,4.30554841098217e-16,4.13819084997113e-07,1.24960973597619e-09,-8.21991010114078e-16,1.05348230469222e-06,-7.15674900733809e-17,5.4748540854247e-09,-1.00229997503869e-07,-1.24353234815714e-06,-5.74632887052571e-05,1.42156042542699e-16,2.77340016534305e-18,-4.48571288798845e-17,1.410821592087e-16,-7.61420674217047e-10,-2.66843363155758e-09,3.95458757858649e-16,1.84131001915292e-16,-2.81854621585993e-16,3.89423252763705e-09,3.55325750274543e-11,-2.03714094354e-09,-3.75629370633186e-17,1.01156062692898e-16,1.91903784529934e-16,-9.94221517311878e-08,3.05536221721737e-09,1.31969803017255e-16,5.62354296634057e-10,-1.49942663147529e-08,1.30733095208107e-16,-3.15848468041301e-16,-1.12543752671503e-06,-1.11214088298662e-10,-5.74080315988086e-07,7.23905158702625e-16,6.49186363150339e-09,1.07282791472024e-07,1.18983713469875e-07,-4.64674440424218e-07,-2.79151333958495e-08,4.65063254909332e-10,-5.32081160576262e-16,-4.77874163012076e-16,6.71119125535467e-18,1.01352223650329e-08,-9.19672941451568e-09,-3.35846975427694e-06,-3.05749928118042e-09,-1.71644697317209e-16,1.03851998951177e-16,-4.61374899833315e-16,-2.23047597905638e-16,-1.48573247671887e-15,1.63062785594441e-08,2.83450576700408e-16,-1.09380284534718e-16,-2.86485015163145e-07,-3.71321282158102e-16,-2.57145587414155e-07,1.30815268457193e-16,-2.93599816165434e-06,3.47857685468276e-17,-3.88681201943379e-06,-5.4269364173554e-08,-4.96442359386263e-08,6.93367438558091e-17,1.89370895163305e-06,2.08550833011981e-16,3.22611126540825e-07,-6.16273530038722e-08,3.44166705685962e-10,-3.54980657679924e-16,2.07469605986394e-06,1.40702786321358e-16,-1.77050341613123e-07,-9.12363548131655e-08,1.39116279030754e-15,-6.24165456947663e-16,4.44202263416737e-16,-6.98320786191379e-17,-1.65448118661373e-08,-5.20126966505724e-07,-1.24436290238329e-07,1.75102945908009e-15,-1.01135965708603e-15,-1.99481556301572e-08,1.67124838050189e-07,-1.00183440806517e-15,-1.85293492542384e-16,-1.76953197651939e-06,-3.09764320928173e-15,-0.260741423582268,-4.92657522362801e-15,-1.01791813039644e-06,8.93102879948051e-16,9.00264237343051e-14,6.17319565984787e-16,-1.47956842970596e-15,-6.22199770903008e-16,-2.47990030227918e-15,-5.78501447353596e-09,4.00439506317494e-08,-3.37880338372987e-16,2.06725857108489e-08,-7.90147096029013e-07,4.2958340290169e-16,1.8754397405729e-16,1.24639809573549e-15,6.73476978708283e-16,-2.79501869014486e-05,-7.4896292008743e-08,-1.0749860609853e-16,2.53999572563465e-16,8.40666321931239e-08,2.68690973853436e-08,3.92649539153338e-10,3.24095669955508e-16,-3.9054703666989e-16,-5.00431411304324e-16,4.1226647929202e-16,2.98025614658781e-16,-7.23363102231026e-16,-9.18167142736332e-07,3.02579769178774e-07,1.51425136303762e-07,-1.30875197141252e-16,-1.65686227311176e-15,1.07583661481625e-15,-1.5445927962074e-16,-4.66358247803044e-16,1.90292535528674e-15,-3.40556279981409e-16,1.53158852751807e-16,1.88618474827501e-16,-2.61917066097516e-17,2.36292122034402e-16,1.17340954338275e-15,-2.99537768992118e-16,-5.63635598919493e-17,-3.27842372232669e-10,-2.05719825848374e-16,-3.10110284022215e-16,2.05289294886508e-16,-4.00652042636046e-09,4.36380905186177e-08,-2.18297717046064e-17,9.75635351917144e-11,-2.80978062010358e-09,-5.35656664777179e-17,3.06396509949202e-16,3.99704102177303e-09,-1.29884502844e-16,-3.09307795323545e-11,3.39107439630577e-16,2.51615379075624e-17,-9.3304713904021e-17,1.03976059708033e-16,-2.83331099789456e-09,1.81939917690264e-10,1.06186598071414e-15,2.19092484763016e-17,8.06671363581224e-17,-8.53436439294604e-16,1.49186218934005e-16,-9.23475291520674e-17,-2.53807082646585e-16,-3.23485838464202e-16,1.14760271892091e-10,-8.70119828660651e-17,8.6726507498454e-17,4.30466860036765e-18,-1.3169867480886e-16,8.52432894956564e-17,6.74906649241138e-16,-2.92755457228533e-08,7.08365506451454e-17,-1.55697065236011e-16,2.03215324039365e-09,-5.32046653866611e-16,1.3498572282332e-15,-2.44154474339393e-17,-7.9228356338729e-16,2.16838621126579e-09,-1.75100473087189e-17,-9.261727885863e-06,-1.82467707478501e-16,3.61586123023526e-16,-1.5140281646318e-16,-1.86739424650525e-16,1.06388487738804e-16,-5.18703727820044e-16,2.86492021770936e-09,-1.13725081510957e-16,1.46590369245913e-16,3.79236009867076e-10,-3.75726083611665e-07,6.56109220988432e-17,6.71522865699709e-08,9.23176541195088e-08,-7.46874909691391e-16,-2.23070422970083e-16,8.32211893125493e-18,1.2206840152064e-16,-5.84057084157665e-16,-1.79674816558333e-07,1.58267194884858e-16,3.14257269331409e-16,-1.19595364771446e-16,7.43625648171799e-08,-6.02267136788513e-17,2.14217916481854e-17,-2.99091184280757e-16,6.42855904665913e-17,-3.53242238572232e-08,4.33812464729914e-17,1.05454744773273e-10,8.0387022862966e-18,1.63685395191932e-15,-5.104971494548e-16,-1.2549665849774e-17,-9.27257661751989e-17,2.50571985913253e-16,2.95726942677965e-17,-1.94959712118538e-09,-1.87779963291693e-16,-3.03773918136065e-16,8.3215106705162e-10,1.00504429879858e-16,2.0808825321323e-16,-3.73155969071498e-16,-1.45173304207358e-16,-9.72804795769502e-18,-1.88988153578237e-16,-6.3200134731361e-09,5.29779453264306e-17,-1.1055495000036e-15,1.92086400365355e-09,1.93675521791776e-16,5.08987365830579e-16,9.26657104522999e-17,-1.09145344373908e-15,6.70090186753206e-16,-2.31166566464367e-15,1.05901857644725e-17,2.02894613397266e-17,-1.60976056044188e-16,-1.52814318662668e-16,-6.8711419930475e-17,-1.08651152362889e-09,3.63601443888004e-09,-1.09161008380957e-15,3.2344014439116e-16,-2.22087153274017e-16,1.84398236952696e-16,-7.36390115552155e-16,-3.04477820830013e-16,-5.58584950136039e-16,-2.80277036641224e-16,-3.63920568066534e-09,-1.92647895574098e-16,-2.6416413671358e-16,-4.88698473489694e-17,-1.73050198457191e-16,4.42714534493234e-10,-2.92745651479481e-16,-7.41300709038108e-11,-4.42049063803512e-17,-6.3187526826106e-16,3.44335076367613e-16,-8.96432853621863e-17,-3.11470072355118e-16,-1.09981539881707e-15,-5.38562539046795e-16,-4.61042781204676e-16,-3.20344877923672e-16,1.41682441525694e-16,1.10672918536805e-15,-9.17415430505999e-17,1.06892096794442e-15,2.30911064657819e-16,4.16254376177547e-16,-8.2121296597965e-17,1.68869653900975e-16,2.80969296133582e-16,9.29519083342817e-17,6.9638443648254e-16,1.86482773667507e-16,2.18832173700089e-16,-2.3088597834767e-15,1.76826532322531e-16,-4.7269820998012e-17,5.08326794512833e-09,-5.05436411149897e-16,-9.96838936406682e-17,-5.42713407367719e-16,-3.52417469992873e-16,1.20817900395758e-16,-7.55331945712717e-16,-6.03312917349741e-16,-6.07554214487368e-16,3.0145892578194e-16,5.83344499865145e-16,1.47009140971655e-14,-5.30335994405277e-16,-1.39689238885461e-15,-1.57218691360612e-15,9.96108503125698e-15,-1.1641627528151e-15,3.2084960669614e-15,-0.399370194156407,1.37010062401627e-14,2.30630910849751e-15,1.65260708075374e-18,5.247100139502e-16,-1.87675682775391e-16,1.07751226543822e-15,7.82498051313955e-17,-4.418509051955e-16,-4.21705757874292e-17,3.63456818559784e-10,-1.56817394522651e-15,-6.30478705573563e-16,-6.12573293355331e-17,-1.0851761585986e-16,3.02592843669405e-16,8.0125223162263e-16,-7.73043639381495e-16,1.00885082035276e-15,1.74556751044711e-15,1.27795324664315e-16,-6.12241741352363e-16,-5.51618744988195e-16,1.71952838573763e-15,3.27710724911338e-08,-2.5909836450876e-15,-1.48095276565716e-15,0.707106781186547,-2.60313905847687e-13,-1.07596414492567e-09,8.17010435446818e-15,-1.24046559274983e-14,8.84331635211127e-16,-7.64242289907895e-16,-4.83734467615163e-15,-9.10707329706555e-16,3.61630585371753e-16,-1.21582116033712e-15,2.99450082770057e-16,1.06382910838933e-15,1.85935654602387e-15,6.39228166438563e-16,2.72813771857896e-17,7.2388199629769e-16,-9.45758786325682e-18,-3.80051288172235e-17,6.77955485733619e-16
"t504",0.0361579290977824,-0.0110849899422902,-0.0121710468052314,0.000764514872397092,0.00799570346572285,-0.029223575774072,-0.00442608167421964,-1.60479770536808e-05,0.039134894716195,-0.00137469842620825,0.00152921669385326,-0.000702420963076335,0.00180787958174314,0.000437653277986637,0.0174305903878708,-0.000698808355110316,-0.000581357556685706,8.5620911969073e-05,0.0524864887070983,0.13630171171277,-8.921488565345e-05,5.82327990676606e-05,-0.0161610550642923,-0.000414932109647846,2.33183093284739e-05,0.00113129555983246,-0.0112392260355209,-5.59133547957365e-05,-0.00038914219259511,0.0033252127766304,0.000596424471625688,-0.0136091877291007,-6.80792229904199e-06,0.007397899704879,-0.0371255950681213,-6.3130495001266e-06,-1.69146575474766e-06,5.85790736220645e-06,0.000791959969464793,0.000228636258916156,4.40021280899063e-05,-0.00124004069356031,3.92889854065697e-06,-0.000261597414354693,8.79829669846871e-06,5.94904680958441e-06,-3.61787558037758e-06,9.82707375692621e-05,-0.208924123401381,-0.140032339514641,-0.000155479417225584,7.45895971588594e-05,-3.26591730056257e-05,1.44921862339949e-05,-0.0297304748210893,-0.000295944069230678,0.184717274855009,0.000121253721189941,-0.000908812619020552,-9.58611035053189e-08,-4.14945859486781e-07,2.69239103879462e-05,-1.78920871925322e-05,1.36770044652406e-05,-0.000157520549762357,3.41082932414169e-06,-0.000417616230761628,7.73581494062051e-05,-1.89983285207053e-05,8.77940914493485e-05,-8.19068895803705e-07,2.27317460895805e-06,-7.85058310984979e-06,-5.07988531181757e-06,2.13420836813237e-06,0.000221294084992711,-1.8449221026859e-05,2.71378381140217e-06,-0.000759322139074261,-9.25779728679851e-05,5.79322269515513e-06,0.000449471526130581,-0.000632684540075322,-1.87518622825257e-05,0.00172344593576648,4.0175066004026e-05,-7.42049943411446e-06,-0.001162334781138,-4.60664502823554e-08,6.46389483482251e-06,-7.83992505497992e-05,4.93924216041219e-08,3.43590966765725e-05,-3.19415835492587e-05,-7.69432007187401e-06,-9.43733952562232e-06,-1.11179796081165e-06,7.10783649837065e-06,-8.89452948192269e-05,-0.0097972245064668,1.59375957795071e-05,-8.39131953323021e-08,1.33950511841277e-05,2.26477266792773e-05,-2.62111213624023e-05,7.61329929697207e-07,-0.000214711923465368,2.79762541121405e-07,-0.000326112914933576,9.70327871632932e-08,3.28514617968508e-06,6.76959586878563e-06,-2.10492571276262e-06,2.32239304798159e-06,-2.44470961512942e-06,2.8431405159765e-06,-0.000316196416678379,0.000340532195628406,-5.27333653354816e-05,1.95042912736073e-05,-1.14889832378768e-05,3.03635892205762e-05,-0.0215726059673209,0.00471412452302678,-2.91973684785182e-06,-1.8148498507789e-05,1.99011675840535e-06,-6.41403392119249e-05,8.68987253453911e-05,0.0030355711840657,2.30972039682113e-05,-0.000114940535254664,9.89078213010695e-06,0.000687179417149923,-3.80241351204529e-07,0.000265551752779666,-0.263039011289209,2.91066840830759e-05,-0.00715758280115307,-0.00142579103004619,0.000198835968274317,8.63973147593661e-06,-9.3790656301444e-05,-5.95031410378242e-06,-3.43192329435194e-08,2.3577409718897e-05,1.85150515940555e-06,-6.59409559474809e-05,-3.90930939059407e-06,5.56593066150212e-07,6.8122080520679e-07,0.000352360701287834,3.98706517723529e-07,-9.63279826782694e-05,2.10455246533959e-07,0.000325583865554604,-2.14863719700999e-05,7.86971951660918e-07,0.000252867953485923,3.35761902834241e-07,2.69787718688258e-07,-3.6174954531454e-08,1.36605955204618e-06,1.54519438188323e-07,-1.80273584983366e-09,-5.44802449152809e-08,2.76588697353965e-05,2.76095518915472e-06,2.39795402915524e-05,1.97505062494465e-07,-4.01193279551943e-07,-7.16929701280068e-08,9.76383303166875e-09,3.61602650754628e-06,6.82400107263442e-08,1.40880577052849e-07,6.21405193286452e-09,-2.60771534795078e-07,-1.1557457953371e-05,-1.29740314640174e-06,5.28036460771719e-06,1.46421682625147e-06,-3.09639431378018e-07,-1.25170743747776e-09,-3.86937853344631e-08,-1.70501592668351e-08,-0.000143190744376308,8.68302276430426e-05,0.00014270506655251,-5.87420226963469e-07,-4.40365802012147e-06,9.42255699219437e-05,2.84272124387361e-06,4.24874732752245e-10,4.23799517057999e-08,-0.000592361910004088,-4.68820925097912e-06,-9.21305646708491e-08,0.000761429498392583,1.55560203396805e-06,3.64883910503192e-06,5.2922216247632e-06,-1.05885021376466e-07,-8.29398783394458e-07,-0.000257330132653286,-1.03435651014053e-06,0.00016089996614774,8.44086581641007e-07,-4.77244695847701e-05,-1.03959225180874e-08,-0.000206717161498333,-1.31626559887784e-06,-3.40325035376602e-06,-0.000764474855121988,4.0985575103492e-07,-9.59649811355833e-08,4.62152299618681e-08,2.99251619508173e-08,-8.49050877696381e-06,-3.6176122546011e-06,-1.65792266910042e-06,1.97053479120556e-06,4.33607569990356e-07,1.83817930625229e-06,-5.45777277253379e-06,-3.11307370767332e-07,-2.94848934536788e-05,-1.65085336043318e-07,-3.56656260620798e-05,-1.15743953340347e-05,6.24286828263045e-07,1.28938294122443e-07,3.91773421307865e-06,1.44432925876819e-06,-8.24382134300396e-07,-1.4788858087229e-08,-6.49859750622926e-06,3.36394560320623e-17,-6.11227986622354e-08,8.72695585223821e-07,-1.77186817419104e-07,-4.54895116108606e-07,-6.11561878406712e-06,8.45674634758227e-08,-1.19390046109475e-06,5.3075967180655e-07,-1.01858913320357e-06,6.53312702962703e-07,-1.32861220852929e-07,5.3619958147664e-05,-3.49687675621225e-08,3.84723277046346e-06,-3.27571484054723e-05,1.39408985639955e-08,-9.18167395412561e-10,4.39425084289356e-08,-4.18743860476474e-08,6.59685529229346e-07,1.69234626982536e-05,-3.22455348058115e-06,6.35697228995095e-07,-1.15844611947636e-05,1.35766064910146e-05,-8.24979284004907e-07,8.45310096159547e-06,-2.86166789446544e-06,1.13872740612967e-08,9.91375813146473e-05,4.81777957682585e-07,4.15624946002749e-05,1.05085663620014e-08,-3.24686565337338e-06,2.95127484043739e-07,-3.96294605796085e-07,6.33887627477988e-07,-1.23673830541903e-06,9.83241271162619e-07,-7.33292221109948e-08,1.47856919522534e-05,-6.5304815235073e-08,1.08769405299202e-05,5.18333526402042e-17,-2.81205143780035e-05,-2.8179746989335e-06,-3.08856592967139e-11,-2.89619980452494e-07,4.57315604306949e-07,-2.94458941480397e-07,-8.53046508183728e-08,1.43689308336615e-08,-6.64073789256767e-07,2.53502191308246e-05,0.000107418783307122,-3.30878318727687e-07,0.0004107473896055,-0.0413384824522113,-1.07831892825911e-05,2.92918954989749e-05,-2.6579566268347e-07,-4.52774944877839e-07,-6.93552316693769e-09,-6.57892201657031e-06,8.5106490052611e-08,-9.10588745142489e-11,-9.01942165673207e-08,2.54929090441135e-08,-1.07864561186885e-07,1.60740818038759e-07,1.38315254546912e-05,7.5776264063781e-08,-2.50300757535235e-08,-1.80639557120013e-07,2.00535884377605e-08,-9.94583862369757e-08,2.73076021592094e-06,1.1925809770393e-06,-5.83428903531591e-06,5.91084250023324e-17,2.35053342986674e-07,1.44715752922529e-07,-7.17236205310424e-08,0.000475333269236553,-2.93932142373092e-08,9.33388928207804e-05,3.2101764254876e-06,-4.82062754176602e-07,2.23200968245587e-06,-1.7994666850899e-17,-1.7988743325967e-05,-1.43300369082738e-09,-6.03722441142232e-06,2.63788069335476e-08,4.94922263958259e-07,-3.14807796476712e-06,-5.54221772936006e-06,1.49336197481332e-06,-1.51881179513695e-07,9.73780718481536e-06,-3.15643379086503e-08,-3.03388808472873e-06,-4.06511487162774e-09,-6.37851805228296e-10,-3.1811979823524e-05,4.54238727162653e-08,-9.10828826178887e-06,8.78098956754063e-16,-2.48588582624685e-07,1.96346186618485e-08,5.65894374698887e-10,5.11706335316453e-09,-7.8039908987094e-06,-3.7660141756528e-05,1.67297197013783e-07,-6.13839133890749e-07,-3.52103311895278e-07,-1.54244365031291e-16,-6.04399884596562e-05,-2.14520964640704e-08,-7.92241556146858e-06,2.01325168032927e-16,1.56119139086005e-06,2.01351202617312e-07,-3.11016513410025e-08,-1.29146337421159e-05,-0.000247133435199033,-1.98120472132843e-06,-6.69002333826366e-07,2.12662800704213e-06,1.54494420099641e-07,8.63020867202337e-09,2.02300994154153e-06,6.13444120706791e-08,1.87006296475042e-16,-2.47951071993021e-08,9.20047507478975e-07,3.9916986272467e-07,-2.53137938240396e-06,2.50400623575986e-16,-5.26342621687917e-08,9.88184344075105e-09,-1.13383400819583e-06,-1.63458402074111e-08,-5.55385793649341e-05,5.74830998466996e-08,-7.75787790079078e-07,4.3406456304066e-06,-2.22309062811723e-16,1.63128046555134e-05,-7.76305677295617e-08,2.27278287720401e-07,2.47244673656121e-05,-3.2531043605108e-08,-4.12562994453654e-08,-3.53883589099269e-16,6.66792343422093e-17,-3.89319279406225e-08,-4.64147174871507e-08,6.16440722469963e-09,-0.000387485078758855,2.2568480460097e-15,-3.20910377767364e-06,-3.88880001162363e-08,-3.56429039754743e-17,6.6593560331161e-17,-1.30896090146421e-16,0.000587867406472068,1.90872998429844e-07,-2.52943651635839e-07,8.01714173384325e-06,1.1431565761735e-06,2.19517253131871e-07,-9.56378262685879e-08,-1.38394599152954e-16,-2.25568615628516e-08,6.51585630152742e-08,8.95854989052135e-17,2.37558239640157e-16,-4.64690293280282e-08,-2.59994661984417e-08,-3.00603194345149e-08,7.88912524020821e-06,3.3412579959122e-08,-1.26641765907738e-05,-4.03414933975506e-16,-4.87960071222756e-07,1.02144566194016e-16,-1.69163649780913e-05,3.42607886505419e-17,-4.33887449054241e-08,-8.81998580963589e-17,1.92039900588244e-07,5.13966556994009e-08,2.98854503924697e-06,4.44510280071749e-06,2.03386887638656e-07,-2.80763304300485e-08,2.22784523679479e-07,4.61835139193265e-06,0.0282559979713755,-1.29510145051674e-06,3.13443340128162e-08,-3.88754399059132e-07,-0.0664985483167419,8.6365704057823e-06,1.88533409271681e-07,-3.94370658357517e-16,-8.82542048036921e-07,1.01530568801422e-07,-2.54645230074044e-08,-2.98908022439522e-16,-3.76183815077357e-06,-9.31486084869607e-07,-2.74139078297918e-07,1.34423613697456e-16,6.37088677586791e-08,2.82754674007763e-05,-4.84196538724854e-16,3.50581306371019e-08,-5.17313137707486e-08,-1.28093985787318e-16,-1.52219552383985e-16,1.65251734261229e-09,8.28794454537035e-06,4.38144194812275e-08,2.32555387176977e-05,-1.44184744516238e-07,-3.75088412010797e-09,-3.76342742737444e-07,-2.64051508927316e-08,5.49774720056377e-07,-3.02492406123456e-15,-9.45517097590799e-11,-3.9412435629162e-07,-1.67331292179681e-07,-1.59610045092217e-06,1.96271883122558e-16,-4.49454913963449e-16,-2.11681004462802e-07,-1.19513484390594e-16,4.00922573457661e-17,-1.32827741517334e-08,1.77820495793626e-08,3.32246988650662e-09,1.49589736267688e-08,-6.62107762599121e-08,-1.71797345187491e-08,-2.1010109314038e-08,-8.99732110060314e-17,-6.48052883661054e-08,-2.44988915939166e-08,-1.15286228761053e-08,8.45518011783901e-10,-1.75148469793118e-09,-6.98798807667171e-16,3.46224657069628e-16,-7.97300412261079e-17,-3.36892684977037e-09,-2.73060295055332e-11,-1.886440456298e-09,2.5239077117639e-16,-3.83041866160947e-11,-3.23518590890599e-16,1.03290241656906e-16,1.29713146784986e-08,-3.25713335313714e-09,-5.20417042793042e-18,-2.79410745295265e-08,-3.79847787762526e-10,8.46837012251081e-16,8.46232558442199e-10,-2.4472385376253e-16,2.90663454963631e-08,3.28971635878687e-16,2.86902778318865e-08,2.34646213831719e-09,8.41387375436407e-11,8.18568671485883e-09,5.41243398834261e-08,-2.11034689940118e-10,3.68610026003048e-09,8.2287707001653e-17,-6.51155128828421e-10,5.67237532864702e-11,3.09677717077617e-16,1.10936752699179e-11,3.67512778405868e-10,-1.16847862736595e-10,1.7071661906566e-16,-7.61962801464163e-10,-1.11992051343389e-09,1.38786113710097e-17,3.53671115298119e-08,2.85022233295972e-08,4.77202987093762e-11,1.83197998490525e-16,-5.01250507576075e-16,-1.27361578051338e-09,-4.71597758034047e-08,-3.92607040695925e-09,1.02656650684077e-09,-5.25888893358725e-08,-4.03523531999845e-16,-4.82885130809277e-16,-2.02002826596714e-07,-6.11631397029697e-10,1.20299749167182e-15,-5.34319016384647e-07,1.18213931841122e-16,-2.87285431574456e-09,5.50738003380381e-08,6.85512784229526e-07,3.20835131660556e-05,-3.0855857852005e-16,-3.80410769732792e-16,5.63015721184293e-16,-2.35267276909324e-16,4.7586496130126e-10,1.68296733785396e-09,3.1098861364296e-16,-8.99434499746381e-17,8.37970046589828e-16,-2.5380533776258e-09,-2.34870851649202e-11,1.39915640269889e-09,1.79714890400706e-16,2.8948198005363e-17,-7.78023478975598e-16,7.7637526462162e-08,-2.39637251257790e-09,3.22072056915895e-17,-4.63463988915672e-10,1.26061731345566e-08,-1.88107521104218e-16,1.32741348616274e-16,9.91640438531325e-07,9.83609937413411e-11,5.21909333346453e-07,-6.80613762294856e-16,-6.17977672767248e-09,-1.04748414703573e-07,-1.20355823424273e-07,4.93338369661955e-07,3.00251529184204e-08,-5.1256984237098e-10,1.33679700310729e-15,-6.32461434502656e-16,1.10465550217811e-16,-1.28503642926044e-08,1.16857592395958e-08,4.34511350150344e-06,4.3370883758775e-09,1.34039287644486e-15,-2.4654795469115e-15,6.18862561654018e-16,5.03096585872354e-16,5.22804070846103e-15,-2.55206470893677e-08,4.42646271209154e-17,6.75391619303624e-18,4.66292324480464e-07,1.11022135150425e-15,4.19419533507241e-07,-5.35228165046006e-16,4.80578302680629e-06,1.55901435935158e-16,6.81800164622955e-06,9.67987010601019e-08,9.08541931448208e-08,-2.41798860169213e-16,-3.57821375346753e-06,-7.93024746839629e-16,-6.54662524624568e-07,1.37660311471059e-07,-7.72066533685959e-10,4.2764884138554e-16,-4.84433008967731e-06,4.28609455118234e-16,4.41117704986923e-07,2.28050014719613e-07,-5.17807076610174e-15,2.34626885708442e-15,-2.13783704161395e-15,-9.26440379719974e-17,4.36995572831738e-08,1.39433030725052e-06,3.39426061015091e-07,-3.94790942670922e-15,3.7156638130843e-15,5.92583540185345e-08,-4.98394690420789e-07,3.40251024644943e-15,1.02980676602331e-15,5.90456818911933e-06,1.08128348186831e-14,0.892010521239899,1.67596312930466e-14,3.75117072417382e-06,-2.79845055857804e-15,-3.33836711917144e-13,-2.51994972486366e-15,5.55094732076314e-15,1.79926742802544e-15,7.54766743284955e-15,2.50757659909323e-08,-1.73963998407698e-07,1.05202442381865e-15,-9.54578360153894e-08,3.74571736544795e-06,-7.1451358582255e-16,9.1470991913705e-16,-3.62381192839936e-15,-1.9728199376287e-15,0.00014924491020174,4.11800801775135e-07,-5.54289869561502e-16,-9.09049338107124e-16,-4.77900795818232e-07,-1.53418954928012e-07,-2.2757857981788e-09,-1.15385846052579e-15,9.30803630833658e-16,2.18781125388814e-15,-9.59137505481266e-16,-5.32513716850042e-16,2.67713416545197e-15,6.97351258886641e-06,-2.36446446102974e-06,-1.21802172931859e-06,2.54001247952843e-16,6.13063085062421e-15,-4.10302205639696e-15,9.13325601935344e-16,1.97389046529996e-15,-5.36693956847159e-15,2.43252818575533e-16,-8.69785625244683e-17,-2.74348050694464e-16,2.32070535861243e-17,-1.14835419468817e-15,2.11440527630657e-16,3.82102106925159e-16,6.39917776311705e-17,4.98671792101406e-09,5.74700686739891e-16,-8.18917326047173e-16,1.53757797919811e-16,6.86567472444233e-08,-7.70129277568899e-07,-3.2190541392786e-16,-1.7542375114694e-09,6.01767870010356e-08,2.45856649712906e-16,5.12686011056505e-16,-1.11809079167856e-07,1.39562988470154e-16,1.36871787341551e-09,-5.4312329753882e-16,-2.37884581227185e-16,4.44153420768568e-16,1.06686508845768e-15,1.17942842672918e-06,-1.72522271049564e-07,2.55076240121056e-16,-3.35489274037463e-16,-2.02464869766363e-16,-9.65486649893212e-16,-1.20346441145891e-16,1.02826694756855e-16,4.32718528675826e-16,5.1241706364629e-16,1.76202293052879e-09,4.36449428295825e-16,-3.56177052515127e-16,8.68178982942679e-17,8.04664846871118e-17,-2.84525051623071e-16,3.09854398841317e-15,-3.72338686653003e-07,-1.11463062944875e-16,-1.95843256640692e-16,2.50615459974549e-08,1.22788669198119e-15,-1.06562494920452e-16,1.67567413678917e-16,-1.23189450323427e-16,1.98120432632917e-08,1.01119139321908e-16,-8.0932833519706e-05,4.57968242568674e-16,1.17830762186854e-17,6.64749203677896e-16,-5.23190228662353e-16,-5.55348781850319e-16,9.21763447966288e-16,2.30032785000466e-08,1.58204978033523e-15,-2.25136325136755e-16,2.86779082859913e-09,-2.83295738940274e-06,3.27559539665852e-16,4.82356625574509e-07,6.53445295475322e-07,-6.9873474868024e-16,-7.31837893039306e-18,-1.02179517200922e-15,-4.03819891818547e-17,6.31958988601649e-17,-1.04741981122218e-06,-5.08588337787478e-16,-7.96273602031446e-17,-4.19663615946232e-16,4.14724106134147e-07,2.18364463627144e-16,8.17292006004217e-16,2.51582730588877e-16,-2.85250445863091e-16,-1.86312152979451e-07,-3.8361102896964e-16,5.47007392815569e-10,1.44601753948617e-16,1.01836476482563e-15,1.07300690307827e-16,4.60697006183429e-17,-1.24634813454132e-16,-5.9706176396056e-16,-1.34430660913407e-16,-9.29307398776963e-09,1.57698636598185e-16,-2.24341489950295e-16,3.88745563122238e-09,-4.97899850911903e-17,-2.13364216460896e-16,-6.08614888039881e-16,1.7290872152833e-17,-8.02490891924422e-17,1.27456656303503e-16,-2.77586282828902e-08,1.29669867943222e-16,-1.04063789812465e-17,8.21210201432165e-09,5.68677207518229e-16,-1.9733398895025e-16,5.31845447587338e-17,6.94811975147527e-16,-5.91068832078288e-17,-1.34006178328944e-15,-3.55088751708539e-17,-4.62976435059424e-17,3.6555541826357e-16,1.35962824267151e-16,5.29708130860468e-17,-4.21178831424427e-09,1.39304456281778e-08,-2.51300106946121e-16,2.74878221710129e-16,1.40584308580359e-16,-5.92367635959617e-16,-3.09214459592866e-16,1.28689569875661e-16,-1.82146715123115e-16,1.92417800506072e-17,-1.31061409994469e-08,-3.84321494902397e-16,1.10360580750298e-16,1.12452812752027e-16,4.2440738160446e-16,1.50990569704588e-09,4.15313503322056e-17,-2.36793654244451e-10,-1.33900576026057e-16,-1.84283108464137e-16,-3.80107322850743e-16,-7.37600288904026e-16,-1.16938709162073e-16,-4.13040042884949e-16,-8.35847077483561e-17,-2.22612880454187e-16,-1.38980063681119e-16,-1.11078620909514e-16,-6.38198284096517e-16,-6.87401517475613e-17,-1.97297114346193e-16,-2.04000573976417e-16,-5.27839298554631e-17,-3.1212567961152e-16,-1.37549358763e-16,-1.20943881392398e-16,-4.77829707730814e-17,-1.88148229144183e-16,-4.0766001685455e-17,1.207740795189e-16,-8.43827774782496e-17,2.55243783779471e-17,1.85749389596833e-16,1.10875265969588e-08,-3.64993673405674e-16,5.7404624219458e-20,1.15904496599104e-16,-2.60647666882464e-17,-5.88407802625261e-17,-1.43356489001512e-16,-1.90911122706176e-17,1.25028393820797e-16,6.26080938023642e-17,1.36268885581211e-16,3.17454396103756e-16,-3.94317112904889e-17,-5.35201964663878e-17,1.64324681174929e-16,5.84272133820761e-16,-2.47809594715129e-16,1.89074013189706e-16,-0.021276982449062,7.94850927159744e-16,1.38899392806894e-16,-1.37818554952649e-16,9.69534357567235e-17,6.18445948500531e-17,9.65995463888491e-18,3.37743421010448e-17,5.30814591598858e-17,8.8576125338393e-17,3.0668734218262e-09,7.00846922858519e-17,-1.80171164050463e-16,-1.7927217621311e-16,-9.83379656230872e-19,1.38531091210041e-16,-1.90780218240885e-16,-4.4773442685331e-17,4.76052598160404e-17,2.56195764704058e-17,2.4418397868917e-16,-1.42112717080584e-16,-1.10190607866063e-16,1.10550385661252e-16,1.40860406953142e-07,-1.7814180691785e-16,4.05375943036799e-18,-2.06518108830541e-15,-3.1788807697275e-16,-4.15456053134866e-09,-1.79044244123794e-17,1.47906498311568e-16,1.82788792210745e-17,-3.62622923700665e-17,5.27599855103905e-17,-9.59769104626341e-17,2.40245130540685e-16,-2.58676410763037e-16,3.53756041869104e-16,1.14081434067433e-16,-9.04078046492841e-17,6.90015018210439e-17,-1.6513108220627e-16,1.95883372379544e-16,8.49626136149317e-17,9.04836674658322e-18,-2.43019989007448e-16
"t14",0.0359870099228895,-0.0109744028788407,-0.0120456865694398,0.000753951085961363,0.00786031856043552,-0.0286425857617183,-0.00433635017413296,-1.56966033205621e-05,0.0381218410326678,-0.00133148665255544,0.00146809893288804,-0.000667749019410341,0.00171599780927466,0.000415069341337209,0.0164913861881532,-0.000658900293398119,-0.000547352258193266,8.05205597625503e-05,0.0492864008719151,0.127261206462718,-8.28053563338654e-05,5.31633962528132e-05,-0.0146733578937003,-0.000376512159610938,2.11504772294727e-05,0.00102097482035038,-0.0101298962469361,-5.0343728815568e-05,-0.000349309903543154,0.00292119274228752,0.00051897076887563,-0.011758334049383,-5.81239399331974e-06,0.00626252910213989,-0.0311232774286047,-5.20667388785548e-06,-1.39107767196641e-06,4.80019298428238e-06,0.00064793801836857,0.000186405254911089,3.56278934721659e-05,-0.000997993180052419,3.14989798378323e-06,-0.000209662314168949,7.01925241439541e-06,4.66436126160965e-06,-2.8211716056088e-06,7.64320309477583e-05,-0.161307335158183,-0.107247342915901,-0.00011777583386233,5.62076903202622e-05,-2.45917142771403e-05,1.08406013350215e-05,-0.0219478451638216,-0.000218031340018422,0.131014969488994,8.50707097498188e-05,-0.000636779696662027,-6.53277030651439e-08,-2.76628753111745e-07,1.77488792989087e-05,-1.16861342929836e-05,8.91204801349165e-06,-0.000100832399295861,2.147714117668e-06,-0.000253160278464568,4.60638111290311e-05,-1.12175506019718e-05,5.10386169376274e-05,-4.3566392826061e-07,1.11979243067137e-06,-3.81874830628188e-06,-2.40555196820562e-06,1.00717030419238e-06,0.000103186409985371,-8.56110862297284e-06,1.2291073042061e-06,-0.000324460476571971,-3.85839863519759e-05,2.3088250273996e-06,0.000177336389413668,-0.000230850456774266,-6.67120625887428e-06,0.000544247218587156,1.22377188275626e-05,-2.17555978467162e-06,-0.000338610451417542,-1.33976036816663e-08,1.87199013175834e-06,-2.23597724101196e-05,1.19869057284283e-08,8.20149897780707e-06,-6.75383639900566e-06,-1.2525938186198e-06,-1.46525872480219e-06,-1.72227203515371e-07,9.63285516349737e-07,-1.14056250266221e-05,-0.000981850604850527,1.22419134836338e-06,-6.26860459890156e-09,9.68791579735516e-07,-9.25677312684031e-07,1.30790595519703e-06,-4.3387815812149e-08,1.49714834053704e-05,-2.05105832919634e-08,2.59909481278553e-05,-8.67914499622612e-09,-3.04341409595361e-07,-7.57111755252501e-07,2.40291095935438e-07,-3.86814811145123e-07,4.35395243457737e-07,-5.79567564263548e-07,6.81781383802469e-05,-8.46879696966591e-05,1.48486212880889e-05,-5.9906148823493e-06,3.6990126643034e-06,-1.13832393704241e-05,0.00886000171111285,-0.00194270640630326,1.2186111211399e-06,8.27276979362628e-06,-9.13673465011144e-07,3.16573186272948e-05,-5.20782263093881e-05,-0.00182299432478349,-1.40817063411309e-05,7.91236259496951e-05,-6.9688060175705e-06,-0.000492341525298924,2.91537313544141e-07,-0.000205508224038653,0.234126358541208,-2.89439588501958e-05,0.00827574304029941,0.00165559040961842,-0.000236951002259156,-1.04332476863391e-05,0.00011570650336376,7.40099796771783e-06,4.26909253933592e-08,-3.11089389514704e-05,-2.75342051958003e-06,0.000111243768232269,6.81210441749615e-06,-1.04333398444171e-06,-1.28452313411962e-06,-0.000683685474993558,-7.86883418500999e-07,0.00019386268492593,-5.12158215696961e-07,-0.000818524465486036,5.52998320070425e-05,-4.04664924152506e-06,-0.00168200443501807,-2.33776608608297e-06,-2.52673816451035e-06,3.64469634787137e-07,-2.60961308312846e-05,-3.3119217085819e-06,2.0100583311104e-06,-1.24905707372508e-06,0.00015604672955165,1.5156655277753e-05,0.000130731386283936,9.74693650191514e-07,-1.77913756942005e-06,-3.13303242161347e-07,3.5424549539386e-08,1.24368365785259e-05,2.10452907567429e-07,4.23482592589613e-07,1.84384848255843e-08,-6.18886012551352e-07,-2.22855521055482e-05,-2.41760509818459e-06,9.52698061174601e-06,2.40498871567033e-06,-4.90748235464006e-07,-1.91605095382719e-09,-5.73275977717247e-08,-2.26516213819738e-08,-0.000185165833439196,8.86875870334397e-05,0.000144600825634448,-5.48637345009406e-07,-3.24568198366774e-06,5.58184825717262e-05,1.55105927220998e-06,2.03336901593616e-10,1.82398477928995e-08,-0.000174697882400947,-1.25136982540724e-06,-1.92596245312659e-08,0.000137618953392223,-3.92957934334008e-08,-1.25914056703272e-07,-6.15281198609347e-07,2.05829201934909e-08,3.11018620999647e-07,9.67064587373288e-05,4.05550156348436e-07,-7.10421373294734e-05,-4.0145981904452e-07,2.69775874864158e-05,7.0178892115744e-09,0.000157680137809532,1.03960111824097e-06,3.10287861728304e-06,0.000748866808682104,-4.02222243825201e-07,9.92641978489454e-08,-5.40617555061853e-08,-3.57900362706831e-08,1.13528966467932e-05,5.19612682206671e-06,2.43881126480402e-06,-3.18435283827139e-06,-7.15901852867215e-07,-3.10597473753039e-06,9.87527449672415e-06,5.70910634748416e-07,5.42504864614613e-05,3.26046177070282e-07,7.34326927165585e-05,2.49321724238761e-05,-1.37213360179286e-06,-2.89309296247746e-07,-8.9605446989589e-06,-3.32129631236369e-06,1.99128977604159e-06,3.6814727276397e-08,1.67069854839805e-05,9.56402544810695e-17,1.64454672329368e-07,-2.36927967520693e-06,5.1154284907713e-07,1.37585284543147e-06,1.921091928577e-05,-2.66251899537686e-07,4.02861579616026e-06,-1.81174909031441e-06,3.49545790225418e-06,-2.2993875276123e-06,4.75649174105067e-07,-0.000198001620712179,1.30908285799107e-07,-1.44838574478384e-05,0.000127176905213074,-6.15071725326163e-08,4.23773213764113e-09,-2.1057316206179e-07,2.17758400732041e-07,-3.4506163654644e-06,-9.37526051815589e-05,1.84501733821108e-05,-3.80985233712792e-06,7.04717395956756e-05,-8.38955201817352e-05,5.21032009595649e-06,-5.51491686453333e-05,1.87394477071394e-05,-8.10680264397854e-08,-0.000707145165772906,-3.44398580546803e-06,-0.000304021258012253,-7.75317424716668e-08,2.46229873151878e-05,-2.24966160522495e-06,3.58472368573563e-06,-5.84679192438587e-06,1.15862232791229e-05,-9.54994440064778e-06,7.33380686812354e-07,-0.00015819608089002,7.12834600392541e-07,-0.000120637650384586,1.21122149750357e-15,0.000329793938225452,3.32964770454154e-05,3.73990762246999e-10,3.7210679532091e-06,-6.19183802716647e-06,4.08945481511071e-06,1.19986365457489e-06,-2.40238459131055e-07,1.12345534365155e-05,-0.000430240081476904,-0.00192623341805424,7.01941104955158e-06,-0.00898966143217982,0.924937546973986,0.000260172072674262,-0.000987806599354942,1.06455120463356e-05,1.83316533927948e-05,2.81712636713076e-07,0.000482090780506748,-4.45493627384504e-05,1.90186526204564e-07,-5.66852870550972e-05,6.27284615763208e-06,-2.24025299324619e-05,1.46994100825728e-05,0.00121483017952303,6.20721184120587e-06,-1.96048520757747e-06,-1.23808506495333e-05,1.20955271929548e-06,-5.40691740650069e-06,0.000142376451900861,5.81696175252932e-05,-0.000250635359296982,2.14316783709067e-16,6.02006534404779e-06,3.57159446849192e-06,-1.68001793073242e-06,0.0111173629584967,-6.86384773911457e-07,0.00215315360600796,7.24038843682434e-05,-1.05944928870665e-05,4.66626493652304e-05,3.29279046912303e-16,-0.000339243001318742,-2.67067928170693e-08,-0.000109771908535402,4.78250211795512e-07,8.47309633131646e-06,-5.23178486844474e-05,-8.8504031550758e-05,2.32322848515001e-05,-2.24026039514567e-06,0.000137246840426361,-4.32815033835185e-07,-4.09821237639016e-05,-5.44121266816972e-08,-8.40261649387268e-09,-0.000418342459020041,5.90781902645496e-07,-0.000117465007354208,9.46855727992533e-16,-3.01956310078963e-06,2.35707892579963e-07,6.79261785198061e-09,5.946741831325e-08,-9.02632964803415e-05,-0.000412067249897356,1.80324969930467e-06,-6.59707657544289e-06,-3.74287497107441e-06,-2.23577480084022e-16,-0.000634623272578521,-2.24230794560113e-07,-8.14413950982935e-05,2.98005905048392e-15,1.57687121900989e-05,2.02543168569729e-06,-3.12197757870641e-07,-0.000129075000816813,-0.00245218786060039,-1.95530680096898e-05,-6.57501330227972e-06,2.06460824108785e-05,1.49772922755766e-06,8.29730248576498e-08,1.91718318172285e-05,5.80931037587994e-07,-5.59060063879602e-17,-2.28453489997339e-07,8.43742750374963e-06,3.62343029740723e-06,-2.26300300190857e-05,7.31376545775425e-18,-4.55684815965897e-07,8.2623027648776e-08,-9.33593047630169e-06,-1.33641708981481e-07,-0.000450263703831496,4.58854961787687e-07,-6.0406871479116e-06,3.18223742276397e-05,1.18193879510245e-16,0.000113460922250797,-5.37470756517859e-07,1.55850236218141e-06,0.000167289915878625,-2.19884226534488e-07,-2.7780514827865e-07,0,1.58022038693108e-16,-2.56462757607412e-07,-2.9990988875873e-07,3.9735198984182e-08,-0.00245424205723549,1.28596581182334e-14,-1.9541695205462e-05,-2.32591549460473e-07,-1.10949393353651e-16,3.12738495207748e-16,-3.48418129060148e-16,0.00331537818908011,1.0680761408642e-06,-1.37678859992481e-06,4.25879598379748e-05,6.05492099941227e-06,1.13159701910838e-06,-4.91429901665717e-07,-4.52141433311901e-16,-1.09253066170256e-07,3.08639281554904e-07,-4.44078718162201e-16,-1.00524846134279e-15,-1.99903853697148e-07,-1.09005122077675e-07,-1.21542295508925e-07,3.10933569087051e-05,1.25020543407804e-07,-4.69713591143178e-05,-1.46733769521512e-16,-1.78790696512162e-06,9.51310276060903e-16,-5.97722043096922e-05,-1.50270421106491e-16,-1.49092363358277e-07,-7.88793229666604e-16,6.36014502785638e-07,1.68926860152428e-07,8.84985886871761e-06,1.28778066715685e-05,5.84010686670712e-07,-7.78435186957524e-08,6.05338543674664e-07,1.42697536203415e-05,0.0877040859379391,-5.47432828295503e-06,-4.20101527441614e-08,-1.83331140947418e-07,-0.0311332266513952,2.90697711406368e-06,4.74844421605065e-08,-1.12168575152704e-16,5.56413184794549e-08,-4.2717178147296e-08,4.23081526749853e-08,-2.02654138117807e-16,7.8369187267907e-06,2.58831660828604e-06,8.49519259247922e-07,1.95725562168215e-16,-2.08293619352851e-07,-0.000112764341955252,-1.19725032672779e-16,-1.53138871849238e-07,3.6729548100317e-07,6.10582588420655e-17,-2.11864072870608e-17,-1.39265097512842e-08,-7.0905833435311e-05,-4.01996661089632e-07,-0.000231378878961303,1.71759825791012e-06,4.5376333415428e-08,4.65303256522823e-06,4.13379327331103e-07,-1.04433556327876e-05,8.02309607639273e-17,1.93383316166565e-09,8.16437464558208e-06,3.62567841589413e-06,3.65190767549601e-05,-4.92053720884784e-15,-8.22343031149336e-18,5.2224351831325e-06,7.80965540288144e-17,-1.43621030168952e-15,5.43329450830068e-07,-8.00214310804034e-07,-1.49820351684573e-07,-8.41548383470061e-07,3.84402287801791e-06,1.00420833767026e-06,1.28379369619284e-06,8.97807226823774e-17,6.79204713768097e-06,2.94750174528376e-06,1.4553372118492e-06,-1.38829259531914e-07,5.48243271724083e-07,-1.16226126977183e-17,-2.15280553692781e-17,1.8397851793039e-16,-4.68206899194119e-05,-2.29926093965769e-08,-1.49050364466488e-06,9.05617014212518e-17,-1.76188996206053e-08,-2.67313011304016e-16,-2.53293903065021e-17,2.87638718448791e-06,-7.20157173209894e-07,-3.03576608295941e-16,-5.93801384532593e-06,-8.00340224573123e-08,1.79886181127941e-16,1.80780259524682e-07,2.34302459140361e-16,6.69423095586835e-06,-6.43666766237979e-16,6.67571001209203e-06,5.50575687814326e-07,1.99398244792986e-08,1.96866387246137e-06,1.3507770973849e-05,-6.42174719789335e-08,1.96753465578093e-06,1.17180953250576e-16,1.16011805112704e-06,-6.54617606637902e-08,-1.49812252028435e-16,-8.62092283844598e-09,-1.75559898819606e-07,4.07632219816149e-08,3.02587992517492e-16,1.3045349822351e-07,1.72460178555809e-07,-1.83169388862851e-16,-4.78229136925373e-06,-3.62878661739763e-06,-4.94821471090708e-09,7.67051666027435e-17,3.88464721014896e-17,8.82388258778921e-08,2.81935791780372e-06,2.28035688161342e-07,-3.49772951058686e-08,1.66091315857602e-06,2.46998209956881e-17,1.89471563473993e-16,6.06260182294002e-06,1.82396604981017e-08,-1.92601709169963e-16,1.46565200559887e-05,-4.26768268322049e-17,7.28664336851309e-08,-1.25893591786984e-06,-1.55570230753878e-05,-0.000707776797983914,-1.89702753001929e-16,6.18575567467727e-18,1.89209963953586e-16,-2.06957734917558e-17,-8.22367078293412e-09,-2.85283082836689e-08,2.25959788020067e-16,-8.32508992461841e-17,-1.16920360281027e-16,4.01541987662389e-08,3.60801171569855e-10,-1.98545995082815e-08,1.34477843859704e-17,1.02999206386123e-18,-3.67544536472586e-17,-8.490934879613e-07,2.59792871912783e-08,-8.58922339959984e-17,4.55181301088441e-09,-1.19007136340411e-07,-5.14657767622776e-17,2.6018937029953e-17,-8.531716077796e-06,-8.40012207466119e-10,-4.22157864342979e-06,1.19035605472329e-16,4.56577146837102e-08,7.36238695926511e-07,7.89047395642398e-07,-2.93998555261792e-06,-1.74390791317427e-07,2.83674006709376e-09,-3.06706492566289e-17,1.68165161707421e-16,-2.07150224520719e-16,5.37091284707378e-08,-4.86267209435654e-08,-1.74276377553225e-05,-1.43718320318267e-08,1.27468761364329e-16,1.57799059626857e-16,2.90061315984158e-17,1.37098939494535e-16,-1.0335555369631e-16,6.84156534587865e-08,-1.5473894235604e-16,7.3050188132064e-17,-1.14528561278105e-06,-4.22757280983512e-17,-1.02527321206373e-06,2.0015340795138e-17,-1.16538686364388e-05,-3.47751461407078e-17,-1.40800696687601e-05,-1.92065376018898e-07,-1.69325379242136e-07,4.74474991769536e-17,6.15674103302266e-06,-3.4971518903115e-19,9.3346449365148e-07,-1.48272883604528e-07,8.20522199570303e-10,2.85878627228838e-16,4.51708344144156e-06,6.71230233767076e-17,-3.25165642635952e-07,-1.6599450709994e-07,1.47672735131113e-16,-1.58892378945923e-16,-6.97039881207229e-17,4.41791379457962e-17,-2.51976098463318e-08,-7.50089718141198e-07,-1.67587216665612e-07,1.51009847113884e-16,-3.04090918430936e-17,-1.72897650814986e-08,1.41120079405997e-07,-2.3690979887184e-17,-8.99188105679537e-18,-3.12040359227891e-07,-6.75437187604046e-17,-0.0057210126439171,4.5670966900612e-16,4.61477165650316e-07,-1.64543273588734e-17,-4.43660546586588e-14,4.28691221596407e-18,-2.14201863366573e-17,-2.0611247831469e-17,9.68463922875795e-18,9.13904990685246e-09,-6.39213217250857e-08,-4.18448301327897e-17,-4.25182710523694e-08,1.78723775706475e-06,-3.49388395071155e-16,-3.2358906292222e-16,5.42610861122969e-16,-2.73560124136394e-17,9.07730775295394e-05,2.62536338617201e-07,-1.4997374898611e-16,6.75739101609851e-18,-3.20028875392234e-07,-1.03372984815814e-07,-1.56506319317019e-09,1.02842324284109e-17,6.74262948704454e-17,4.90112427773137e-17,-1.91162851882617e-17,-1.93015020356045e-16,-1.72508588434884e-16,6.27219729095828e-06,-2.170471979173e-06,-1.14024678367231e-06,-3.53026346338955e-17,-1.3212070360234e-16,3.49604915217296e-17,1.09191909855751e-16,-3.17237101216481e-17,-9.19308803429511e-17,-1.13793912275095e-16,9.01733996392428e-17,5.38678257470765e-17,9.57080735332885e-17,1.02762847339201e-16,-1.84985046510049e-16,2.31632947640258e-17,-1.84259485344235e-16,6.05639072040661e-09,-1.71815799666403e-18,1.48231211321171e-16,-1.41257964537093e-17,8.56688652974513e-08,-9.66783702042359e-07,1.7275043490814e-17,-2.21038419808648e-09,7.81997456513052e-08,5.92663816423223e-17,1.83650130511815e-15,-1.5061738738345e-07,-9.12051507644964e-17,1.9204447436395e-09,-1.55066783951991e-17,3.69665354520863e-17,2.49887729603779e-17,-1.02908142309837e-16,1.75330877793211e-06,-2.57409385371063e-07,7.78501203070989e-17,1.50379030503653e-16,1.21027412823857e-17,1.41053682339534e-16,1.58293517182884e-17,2.26610737049118e-17,4.02569188955253e-17,9.50897145911342e-17,3.07138621646457e-09,-8.39563808744646e-17,-2.30875902984573e-17,-2.12201945861419e-18,-6.33784454029143e-17,-1.48259404092808e-16,1.46455147930237e-16,-6.66525575048509e-07,-6.22451732945571e-17,2.61191066028282e-17,4.50736251907778e-08,-1.74974187613863e-15,2.73955656249243e-16,-1.56189583764942e-17,6.99681694183861e-18,3.74827186661408e-08,2.05712628694507e-17,-0.000154391946361781,-8.80618025580031e-17,-8.42000557382301e-17,4.6031302794509e-17,2.29020768278618e-16,5.88853656008714e-18,-1.20228788403719e-16,4.46007935110296e-08,-1.2888308724723e-16,1.42553137879246e-16,5.6268308874286e-09,-5.5617495835515e-06,-1.06262002938958e-17,9.563455228744e-07,1.29947216584731e-06,2.86359869858323e-16,-8.57223285383137e-17,5.18043285810747e-17,-1.33775328227483e-17,4.90484959041199e-16,-2.1704026575266e-06,3.97887241054492e-17,-2.02688673034025e-16,3.29428966565242e-17,8.67664914715917e-07,-9.18500344998172e-18,-1.03759195868032e-16,-1.53773705143876e-16,-1.54661512633163e-17,-3.94557663291196e-07,-8.88454024659511e-17,1.16262325220505e-09,-4.41711476740154e-17,-7.87085298776559e-19,-3.5367579885467e-18,-4.10636478808832e-17,-3.89421715881298e-19,1.33502193692014e-16,-1.99457126478755e-17,-2.01162580269763e-08,1.10338287175787e-16,-1.25546568946429e-16,8.4513192043502e-09,-1.21144814282105e-16,1.69913839925959e-16,1.41809554949074e-16,-3.94823586535689e-17,-6.39002727316851e-17,-2.33141768306641e-17,-6.11355625445108e-08,6.54830214347205e-18,-1.22649962079756e-16,1.81869874184655e-08,1.24973908397927e-16,1.63262734963954e-16,8.92390516023913e-17,1.8737212159362e-16,-6.45053454114838e-18,-7.3088465400543e-17,8.31592799852982e-18,-1.30876357995036e-17,1.21339932560027e-16,9.62665346639591e-18,-2.91296258143269e-18,-9.50807842905085e-09,3.15160305116941e-08,2.59456853103802e-17,9.95370941519715e-17,3.65015766818346e-17,2.69039954500552e-17,1.31838984174237e-16,6.17927538420932e-17,-1.45718982020314e-16,2.13752487348846e-16,-2.99744157985245e-08,-9.98308396591905e-18,2.75672514045947e-17,-7.79207368604745e-18,-3.06924670663384e-16,3.48311315935062e-09,1.73781225244516e-16,-5.51209814170011e-10,-2.15401264877069e-17,-8.25115225821631e-18,-2.31006779443347e-17,-1.42799104719067e-18,3.10217949909271e-17,-1.07895041657588e-18,5.69408477229021e-17,1.56561393902991e-17,6.82864694858117e-17,-4.74300224378876e-17,-1.14669095413444e-16,-2.4765289616704e-17,2.24900643111828e-16,-4.58701189585855e-18,-6.09496174349555e-17,-5.04010286550984e-17,3.92416394149878e-18,9.12094427963529e-17,3.07828872974546e-17,5.57229111403925e-17,-9.56266316132215e-17,-9.55210160058728e-17,7.08219469716705e-17,7.17601974708502e-17,1.63909886123961e-17,2.64629055793111e-08,-4.30712435305311e-17,6.28316447462642e-17,4.69171200264667e-18,-2.16008771630226e-16,2.96489222454854e-16,5.62496990363374e-18,8.60661795744888e-18,1.22045432852679e-17,-7.30842283944212e-18,-3.94040678623383e-17,1.01481323344643e-16,5.55365291737615e-17,3.49305290533361e-17,5.24280267922494e-17,2.8948690549858e-17,4.57277411813501e-17,5.07508276359237e-17,-0.000332768839982885,5.35362043617107e-17,5.17804475521946e-17,5.87849650066191e-17,1.5810360276993e-17,5.17037984089517e-17,6.68844193230402e-18,-4.62714889429489e-17,-3.81975757640114e-16,6.39582964744092e-17,7.72607486628581e-09,1.68487531084642e-16,-4.88530298962635e-17,1.26444782104464e-16,-4.74112350929147e-17,6.79332414357265e-18,1.0587397222587e-16,4.28991825911277e-17,4.40235252795281e-16,-3.45533619488311e-17,-5.76553434861926e-17,-4.89762287255543e-17,8.33994348490174e-17,-1.06703582653285e-17,3.57985869262696e-07,1.23336437965865e-16,-2.07548990424199e-17,-7.32581788811569e-16,-9.58434720477186e-17,-1.06100017970433e-08,-4.39590186120983e-17,-9.05291855573149e-18,-1.51926535541912e-16,1.65719441173688e-16,-2.68836196477855e-17,6.19512521522171e-17,1.66980735938813e-16,1.9195654150979e-16,-3.1202974571587e-18,4.1444078800911e-17,2.04155335744206e-16,8.30734192214128e-17,-2.01885262112566e-16,-8.81854047469437e-17,1.45952996139476e-16,1.20075101800748e-16,-4.41683298735532e-16
"t555",0.0360621837175493,-0.011022836443502,-0.0121005759668603,0.00075856332535194,0.00791927930005381,-0.0288950013422114,-0.00437532220070972,-1.58490087411396e-05,0.0385598051506612,-0.00135008244333952,0.00149421359123893,-0.000682446588121768,0.00175489835621071,0.000424624484933953,0.016887984634069,-0.000675705708873158,-0.000561654947716328,8.26637873644863e-05,0.0506294891300012,0.131037938673948,-8.5470095969546e-05,5.52427356695252e-05,-0.0152808339417099,-0.000392192663635608,2.20349453953377e-05,0.00106579992587956,-0.0105801489792956,-5.26024426359419e-05,-0.000365423010906536,0.00308174788809558,0.00054950751450464,-0.0124837723024645,-6.19873951037547e-06,0.00670002346446796,-0.0334173933050181,-5.62378025043613e-06,-1.50405449949502e-06,5.19679164363398e-06,0.00070186839578578,0.000202172536716121,3.87363189597476e-05,-0.00108738056232998,3.43664757025219e-06,-0.000228774416860676,7.67139643042224e-06,5.12838394955453e-06,-3.10760299887474e-06,8.42661685942888e-05,-0.178282105584704,-0.118854301255824,-0.000130998895850754,6.26256023217723e-05,-2.74065495896998e-05,1.21074764275336e-05,-0.0246174027570167,-0.000244709800007988,0.148807544910598,9.69455760958356e-05,-0.000725955674663319,-7.50965839453653e-08,-3.20034352486504e-07,2.05997482403217e-05,-1.35987223128441e-05,1.03774816899491e-05,-0.000117993731886455,2.52454420135225e-06,-0.000300585473707412,5.49446609594937e-05,-1.34088859223369e-05,6.12462299024214e-05,-5.33881613798786e-07,1.39514123914056e-06,-4.77010647670883e-06,-3.02109682072528e-06,1.26575094104194e-06,0.000129983929721951,-1.07945646247295e-05,1.5569658539605e-06,-0.000415404104613943,-4.96144544880187e-05,2.9912877664995e-06,0.000230132934032709,-0.000303243716623505,-8.79588433732518e-06,0.0007293027234102,1.64727833332125e-05,-2.94191059422005e-06,-0.000458229434788179,-1.8134035842042e-08,2.5350347313477e-06,-3.0332822167096e-05,1.65382708361417e-08,1.13333860234467e-05,-9.43334798207736e-06,-1.78288024850393e-06,-2.09162300283082e-06,-2.45883675656846e-07,1.38548725837619e-06,-1.64502341392813e-05,-0.00143119776066769,1.80015919910663e-06,-9.22515620092393e-09,1.42698020595358e-06,-1.42079064955173e-06,2.01389091145643e-06,-6.69752578166383e-08,2.32143142649132e-05,-3.18430281683085e-08,4.04414947977384e-05,-1.35504960615922e-08,-4.75686637138346e-07,-1.19123587117168e-06,3.78373690223475e-07,-6.20009083771496e-07,7.00567223279669e-07,-9.40512559435131e-07,0.000111065255938947,-0.000139443631110217,2.47058313123142e-05,-1.00474263639101e-05,6.23243954853604e-06,-1.9489782747791e-05,0.0153309292604833,-0.00336293991496616,2.1127297625184e-06,1.45022952256965e-05,-1.60317158719864e-06,5.60874551803698e-05,-9.49270931489798e-05,-0.00332399112732138,-2.57368714068854e-05,0.000147504228413103,-1.30427754765471e-05,-0.000924112682542276,5.53748643897513e-07,-0.000390994226372557,0.457103043821698,-5.77378815861175e-05,0.0170183932831334,0.00340757747821622,-0.000490311272428409,-2.16482278338763e-05,0.000241147910155306,1.5450898867518e-05,8.91269259576511e-08,-6.5749959147513e-05,-5.96745334944963e-06,0.000247556424947334,1.52618514286364e-05,-2.37300364736909e-06,-2.92512086261546e-06,-0.00156601402749524,-1.80864005745466e-06,0.000447356708168514,-1.22677395532169e-06,-0.00197268834944841,0.000133860582487161,-1.08992790999332e-05,-0.00466060921732194,-6.50648758515499e-06,-7.21053728971414e-06,1.04553697704109e-06,-7.74140895406768e-05,-9.86590833039862e-06,6.19698421288909e-06,-3.98654789133597e-06,0.00055573929802303,5.42027427861799e-05,0.000468017238159656,3.54663916454062e-06,-6.60103644712222e-06,-1.16574059058277e-06,1.3719611389361e-07,4.879627600635e-05,8.49812286980812e-07,1.72242556603455e-06,7.52745379535179e-08,-2.71506865214855e-06,-0.000106051827152149,-1.16766478424875e-05,4.66800768337329e-05,1.23134209107137e-05,-2.55709089556752e-06,-1.01603768286675e-08,-3.0916736457907e-07,-1.29601707292781e-07,-0.00107576777216883,0.000595375731934971,0.000975801198460166,-3.90949691981898e-06,-2.73986477827583e-05,0.000558126608472852,1.65752313711698e-05,2.42249307722823e-09,2.37816506723911e-07,-0.0031813491590553,-2.49561666858375e-05,-4.8163393687146e-07,0.00394598360838742,7.58806089435251e-06,1.77526855254377e-05,2.51798474091504e-05,-4.93619233086557e-07,-3.70206636986821e-06,-0.00114839560496908,-4.59921061765163e-06,0.000707714855107797,3.6858917703067e-06,-0.000204647563349999,-4.3673744581381e-08,-0.000855448022630899,-5.42307510157795e-06,-1.37632723485697e-05,-0.0030625446733339,1.64151678747337e-06,-3.81684245403956e-07,1.80857802582738e-07,1.16770757431573e-07,-3.2661053233942e-05,-1.37937918283318e-05,-6.30348580268998e-06,7.41113020825893e-06,1.62693089064884e-06,6.87976566721159e-06,-2.02832400700652e-05,-1.15541156645423e-06,-0.000109397707592498,-6.08515312979745e-07,-0.000131002888560015,-4.23634568299805e-05,2.2815795239485e-06,4.70549184946685e-07,1.42791494160263e-05,5.26237642561735e-06,-2.99474800490335e-06,-5.36378421674326e-08,-2.35338033326118e-05,2.8889309857252e-17,-2.20943603033367e-07,3.15358297894863e-06,-6.39182871764811e-07,-1.63968323354321e-06,-2.203703345242e-05,3.04727811835536e-07,-4.30317513128116e-06,1.91329476818478e-06,-3.67211537206106e-06,2.35632240500582e-06,-4.7937928242381e-07,0.000193635653197208,-1.26338733784625e-07,1.39024520967701e-05,-0.000118516526175557,5.08164486700891e-08,-3.35880878232081e-09,1.61288778121612e-07,-1.55011416207009e-07,2.44367603185461e-06,6.31340490235608e-05,-1.20817808409475e-05,2.39783884518663e-06,-4.37958672777864e-05,5.14532585984069e-05,-3.13755783211252e-06,3.2324898780087e-05,-1.09501383328745e-05,4.42498651442783e-08,0.000385385085889834,1.87365113615084e-06,0.000162381289302541,4.11280702370801e-08,-1.27805145430482e-05,1.16296986166796e-06,-1.6261040978174e-06,2.61433816409059e-06,-5.12189660168212e-06,4.1125041121668e-06,-3.09255726398463e-07,6.36143787091644e-05,-2.82705994577715e-07,4.73223054107641e-05,-5.39303132027535e-16,-0.000124568454041854,-1.25140134194212e-05,-1.38289892308507e-10,-1.32375107902531e-06,2.13037644348298e-06,-1.38480959775547e-06,-4.03115657265616e-07,7.28215768087028e-08,-3.3826388048833e-06,0.000129306941676231,0.000561365221926449,-1.87162947499558e-06,0.00235976991255562,-0.240157121880996,-6.51434054834592e-05,0.000214319980873387,-2.16931367262672e-06,-3.72173404062163e-06,-5.7130692455216e-08,-8.29730084175711e-05,6.21705504643724e-06,-2.57893154924534e-08,7.3627902601956e-06,-7.72030749438397e-07,2.71088663169267e-06,-1.53153265191124e-06,-0.000125072300504855,-6.25063989205857e-07,1.9441286451576e-07,1.16591178637178e-06,-1.07317174821011e-07,4.52874983403264e-07,-1.16195422639502e-05,-4.53712280824656e-06,1.76485285884093e-05,2.33916903601707e-16,-1.65183328305171e-07,-8.36668906862003e-08,2.94092364449931e-08,-0.000192682030874875,1.17703488426592e-08,-3.38342336719216e-05,-9.43015667228792e-07,1.04381314046985e-07,-1.63209601856123e-07,3.08390763692611e-16,-3.61958733999872e-06,-3.30950458800763e-10,-1.76241000087499e-06,7.886213111784e-09,2.1512246251121e-07,-1.58059907911647e-06,-3.26810141707051e-06,9.63668962240774e-07,-1.1459883489685e-07,8.21540808243099e-06,-2.82744686055877e-08,-2.80230684026288e-06,-3.82327222308625e-09,-6.18436282327946e-10,-3.09434052166869e-05,4.50857232199563e-08,-9.1777360201361e-06,-1.26352480803404e-16,-2.76279333979616e-07,2.2210626217118e-08,6.40246198801813e-10,6.06306467213376e-09,-9.30720135661333e-06,-4.8248783822618e-05,2.18241960189731e-07,-8.03539760545215e-07,-4.66859980171715e-07,-4.39752954975802e-17,-8.12745827590603e-05,-2.89945433175226e-08,-1.09072229500351e-05,-2.18175245889933e-16,2.19045436099655e-06,2.83732060274582e-07,-4.39239229630001e-08,-1.83219347317831e-05,-0.000353240321798976,-2.84750201318554e-06,-9.65630753806481e-07,3.10759467245778e-06,2.26082978915516e-07,1.27331464234493e-08,3.02678655288472e-06,9.18464458102105e-08,2.51125071067116e-17,-3.80958984841376e-08,1.41969413186191e-06,6.21714715154354e-07,-3.99710070735296e-06,1.41731221023753e-16,-8.54676811313475e-08,1.65221205050692e-08,-1.91960365342355e-06,-2.78323895933851e-08,-9.52077405239773e-05,9.97592305904712e-08,-1.37260518077027e-06,8.0350772305794e-06,1.68068519026999e-16,3.13638826219917e-05,-1.49742610154645e-07,4.41376900817322e-07,4.84665815060966e-05,-6.3815308388842e-08,-8.11452655891795e-08,7.42461647718073e-16,-2.37794508347003e-17,-7.77449212506576e-08,-9.3921460320726e-08,1.24944485206661e-08,-0.000794798016767396,4.61846170178285e-15,-6.75887268117862e-06,-8.28915984366724e-08,9.04145222203098e-16,8.00759323162702e-16,-9.15457085404207e-16,0.00130288113681623,4.25224315204702e-07,-5.73929736387687e-07,1.8487871967542e-05,2.64129086766849e-06,5.16495316183053e-07,-2.25508823996074e-07,-2.5051667159313e-16,-5.5377713173392e-08,1.62475222288779e-07,-1.13280256411027e-15,5.43144471169883e-16,-1.24371446872844e-07,-7.10061632501918e-08,-8.45714333727182e-08,2.26873111082558e-05,1.00786306524302e-07,-3.85287945281083e-05,-2.51931795210125e-17,-1.50268365655705e-06,1.71646432116088e-15,-5.41237754824952e-05,2.12720466241656e-16,-1.43307692267231e-07,-4.27388526681546e-15,6.64194148924344e-07,1.79588263590443e-07,1.24741172534794e-05,1.9560801394798e-05,9.17120112255669e-07,-1.43761762813806e-07,1.32563286358962e-06,5.67685418514142e-05,0.351532895710666,-2.97821066644413e-05,-6.98711167189598e-07,1.62317415397004e-06,0.117105314570844,-7.426691461817e-06,-1.04356884141089e-07,3.81321112401375e-16,-8.42796856619439e-08,4.90637774824391e-08,-2.72787298546421e-08,2.79333543998223e-16,-4.41189460593981e-06,-1.20592160608616e-06,-3.66698145827481e-07,-1.137649416991e-16,8.651774146045e-08,4.0395318249325e-05,4.9305544852477e-16,5.11176422047167e-08,-8.15394529686941e-08,7.64348977022249e-16,-1.22720559470975e-15,2.64137112500208e-09,1.32586442577632e-05,7.03093333473674e-08,3.7383607286959e-05,-2.30861534218363e-07,-6.00036835023975e-09,-6.01186690732163e-07,-4.09696829593225e-08,8.13666402258735e-07,1.75532331725403e-15,-1.36438020346416e-10,-5.65967698362235e-07,-2.35926358799204e-07,-2.19489356548981e-06,5.84042196776814e-16,7.4191507003538e-17,-2.79606551756535e-07,1.4907582789875e-16,9.08636617881096e-16,-9.60501538796507e-09,9.81996500010058e-09,1.82185792134059e-09,8.53904213304051e-10,1.65074691839312e-09,7.3956052423839e-10,3.47048623139455e-09,1.49245811377947e-17,1.49860277810818e-07,7.62425108959247e-08,3.94389169902023e-08,-4.59226412300029e-09,2.37702224082677e-08,-6.87787937250262e-17,-6.85615740497875e-17,-6.87660857420955e-16,-2.66430891733082e-06,-1.43386569668236e-09,-9.35562662417639e-08,-2.35606084543595e-16,-1.19484405037401e-09,-7.49573295740167e-16,-2.35259500469413e-16,2.53035854537204e-07,-6.352088311447e-08,2.15973072759112e-16,-5.50463666217587e-07,-7.62337968024309e-09,1.92802411058805e-16,1.81360086016161e-08,4.62955798433942e-16,7.10796838606697e-07,4.90108715009911e-16,7.12262124847763e-07,5.89620070569063e-08,2.14430228093244e-09,2.12928817790667e-07,1.47970129641913e-06,-7.36099913683542e-09,2.38890460284891e-07,-4.0776611206714e-17,1.50144801124302e-07,-8.52635543939898e-09,-4.08081083769459e-16,-1.13230050371428e-09,-2.34045676997983e-08,5.50573594181007e-09,-5.42654199453807e-16,1.83783578969556e-08,2.44899886989098e-08,-5.14713805639196e-18,-6.86177356591776e-07,-5.23295729790326e-07,-7.26707525124654e-10,6.3822976109382e-16,-3.10716023881543e-16,1.34964746649267e-08,4.38334167805344e-07,3.55699494125659e-08,-5.82174311088326e-09,2.79160097336667e-07,-3.27261708214568e-16,5.24368054418845e-17,1.02574538729607e-06,3.08857786371225e-09,1.62603256641845e-16,2.50911788119042e-06,2.55912066345937e-16,1.26037987566768e-08,-2.2078419998584e-07,-2.73092458331246e-06,-0.000124714519231952,-9.25813413478145e-17,3.15795939092793e-16,1.1161500036238e-18,3.0065540135266e-16,-1.4970712410513e-09,-5.20680031747953e-09,-8.36570485769047e-17,4.92257722844438e-16,-4.91449625206166e-16,7.39635105096573e-09,6.67187020718403e-11,-3.71030596271133e-09,5.85277291228752e-17,5.74952412069063e-16,4.92661467177413e-16,-1.64153355407064e-07,5.02817028320043e-09,-4.46999406367542e-16,8.921136069688e-10,-2.34405003904582e-08,-2.11064833031986e-16,-1.58206137004023e-16,-1.69992215358679e-06,-1.67522291752636e-10,-8.4749625554509e-07,1.35231036881039e-16,9.26600380678385e-09,1.50296510665509e-07,1.62381522912013e-07,-6.115973225632e-07,-3.63816985261268e-08,5.94946788434788e-10,4.12847384820979e-16,3.5081852609291e-16,-1.32517823830974e-16,1.15962882973002e-08,-1.05034767181071e-08,-3.77785858119001e-06,-3.17076942356387e-09,2.25220766337394e-16,-1.91502041352123e-16,-9.50552261194511e-17,2.24772921840317e-16,-2.19362464347275e-16,1.5364169560645e-08,-1.35281315366649e-16,-1.69644150100825e-16,-2.58943278820823e-07,-1.69311125298574e-17,-2.31892098853639e-07,1.13624942849771e-16,-2.63741216592531e-06,-4.0388510393527e-16,-3.22330047062336e-06,-4.40874084897026e-08,-3.90267313654452e-08,4.91812789993983e-17,1.42611549754088e-06,-3.04676922985695e-16,2.18556888670949e-07,-3.51921298078141e-08,1.94862219258376e-10,2.38661723783511e-16,1.07854505019901e-06,2.02765324897265e-16,-7.82956881451632e-08,-3.99856763404669e-08,-4.54152342560357e-16,1.49579440011703e-17,1.81478019775909e-16,-1.45075652228349e-16,-6.11128754528884e-09,-1.82247827126211e-07,-4.08025676549451e-08,-5.6515561287816e-16,3.89708325363675e-16,-4.25084381741426e-09,3.47105277073018e-08,-2.36019630170938e-16,-2.5441008027228e-16,-7.76673183302288e-08,2.22189678128271e-16,-0.00142752476149898,4.64673315037407e-17,1.15975104633731e-07,2.10621799856415e-16,-1.07956405334571e-14,3.54090848544868e-16,7.75648691529907e-16,-1.68449439868273e-16,-8.31340849770193e-16,2.32953335301172e-09,-1.62964413213646e-08,-5.37272664139266e-16,-1.08924142047639e-08,4.58778466769863e-07,-8.16660768014494e-16,8.31107452630615e-16,1.11183127076211e-16,7.42503775821551e-16,2.35012989081863e-05,6.81052618293454e-08,7.91908436786378e-17,2.6874958025375e-16,-8.32013124217253e-08,-2.68826059152152e-08,-4.07391066041579e-10,-9.78348072703639e-16,3.84439776675127e-16,-4.28709539418147e-16,-7.78800067976005e-16,1.43938574404659e-15,-3.75609218704573e-18,1.65779272192203e-06,-5.74478549223072e-07,-3.02218873662558e-07,-9.67354944008951e-17,5.33613858872657e-16,-2.94627017934878e-17,-4.54765217518572e-16,-1.0374533985862e-15,9.55454641935921e-16,-1.26115836044835e-15,-7.99533758324817e-16,-3.00138365957245e-17,-9.94659342562438e-16,-1.43502283957599e-15,5.33853269758239e-17,1.14217320299371e-15,8.16288061901954e-16,1.64223580345529e-09,-5.94765366042599e-16,-8.3219224518549e-16,-3.90433813777518e-18,2.32982128531133e-08,-2.63101047602358e-07,-2.43938862938881e-16,-6.01787479587106e-10,2.13666236257072e-08,1.11996683230466e-15,9.8701117457127e-16,-4.13357862457046e-08,9.74147495780467e-17,5.29882201496042e-10,1.97711097927093e-16,1.15841026527151e-15,6.15016930654082e-16,-9.99486469618602e-17,4.87809535189702e-07,-7.16570816120658e-08,2.21890566203073e-15,-7.27489552748849e-15,-1.32833499700234e-16,2.00457462289849e-15,-3.12033385241328e-16,-2.59985756484153e-16,1.6312586891302e-15,4.76247832278756e-15,8.7931016017712e-10,-3.86048523086871e-16,-3.21578074738115e-15,2.19334734184885e-16,-8.03290408229936e-15,-1.53865463642818e-14,-5.33384984499877e-14,-1.91935940368586e-07,-1.40765680406738e-14,1.21110334873661e-14,1.29934256457259e-08,-0.707106781186546,-6.76566558551247e-14,-4.15402897379664e-16,3.63740197856528e-15,1.09396344322906e-08,2.55349360862392e-15,-4.51590452951677e-05,2.89732960989463e-15,3.72325497954717e-15,-3.63157364822105e-15,4.48612365788401e-16,3.2781058438358e-15,-2.12866753824412e-14,1.31034269166768e-08,-8.20314890787094e-15,-6.92363717462629e-15,1.6587089838068e-09,-1.63980260727465e-06,9.73922724341952e-16,2.82779570675229e-07,3.84584558044906e-07,-1.01449518510406e-15,1.80556322007068e-15,1.47138430264199e-15,9.67891475048863e-16,-2.14354670696756e-15,-6.50850849167953e-07,1.16269143892686e-15,7.65765234541994e-16,2.75049852532754e-15,2.61061322209301e-07,-8.44885837915657e-16,-1.46928759985467e-15,-4.16494133215004e-17,-1.10812717924439e-16,-1.19235033694995e-07,-1.50108808729729e-15,3.51816350750914e-10,-1.03402396856846e-15,1.12016648749946e-15,1.16295867958218e-15,4.53314482776695e-16,-4.76225724437265e-16,2.08790566896281e-15,-7.94625260656081e-17,-6.13047478204397e-09,9.75015352143968e-17,6.66297724435045e-16,2.58003858190178e-09,-2.3727720136579e-16,-8.05982084559274e-16,1.8549651789698e-15,5.38219423612767e-16,4.28167161323358e-16,5.68592624147535e-16,-1.87651475822723e-08,1.22424134494172e-15,8.33327040534446e-16,5.59585900811607e-09,-1.02152272641468e-15,-5.12055692505447e-16,-6.25090213632004e-16,-1.07009287545296e-15,-1.05839533190397e-15,-8.23972081272394e-17,-9.07061981478829e-16,-1.76510520935247e-16,-2.74127697246082e-16,9.89476809227688e-16,3.54130886040401e-16,-2.95138889759573e-09,9.79311993564419e-09,-1.91719071960907e-16,6.42170673665765e-16,1.05067498815672e-16,-8.96052332046163e-17,9.56266316132215e-16,2.51824473652145e-16,4.66358149884169e-17,-5.01341786915233e-16,-9.36492940068136e-09,-1.20455489704633e-17,-1.96646181461565e-17,-9.97260960569116e-16,4.93163181465013e-17,1.09322929936124e-09,4.23455957517844e-16,-1.73894573052638e-10,2.27928648521454e-16,1.37561285220794e-17,3.16352619270314e-16,6.47214648433406e-16,-2.40323235659855e-16,2.05767202359244e-16,4.97933571501533e-16,-4.44564103659257e-16,-4.89386936817306e-17,6.29227668574344e-17,-5.02790247932663e-18,1.32989764973982e-16,1.14015725894406e-16,4.15414291404174e-16,-1.80317734195296e-16,-3.03868615983402e-16,-1.8617274505793e-16,-2.04302106497556e-16,2.54068210038155e-16,-3.04368386091699e-16,1.83663848019044e-16,-1.08029427269867e-16,-5.3004416742155e-16,1.53079461394941e-16,5.81261750695035e-16,8.50385419411933e-09,2.53032883592877e-16,-4.15726361754914e-16,-3.21957228420513e-16,-1.20061437837693e-16,1.09885447544632e-16,1.32570545245548e-16,4.19490791843709e-16,1.40930049841175e-16,-1.77754386885498e-16,-9.86681349826366e-17,3.72965547335014e-16,-3.15256186067963e-16,2.34412095281346e-16,-5.76325033179297e-17,-1.19709088761258e-16,1.46480013828086e-16,9.31148578992978e-17,-0.000108236135467055,-2.18599034905749e-16,-4.75900346855526e-16,-5.90500446080517e-17,-5.06488639029648e-16,2.73339402560139e-17,1.08476210248013e-16,-7.65839818578301e-17,2.67406424350296e-16,1.90931524410773e-16,2.54374671085465e-09,3.30470389873317e-16,-3.32110964201547e-16,-1.0313307561667e-16,-4.25199227063336e-16,7.88135325135441e-17,-6.23346652818969e-16,2.54188648146638e-16,4.65916294922186e-16,-2.05269110791627e-16,-7.55708569014203e-16,2.36568535759492e-17,-3.37318542125849e-17,-1.03010180595906e-16,1.19278182049785e-07,5.13266420239197e-17,-1.6623563723797e-16,4.30027344189659e-17,-2.81458883977237e-16,-3.55452380782825e-09,2.68363227051866e-16,2.26801264129738e-16,3.4834921858206e-17,8.19128854873624e-18,1.18759638122389e-16,1.94742441281173e-16,5.20625957442339e-17,-4.240544243453e-16,3.27860950575757e-17,1.16942990413214e-16,-8.61223932246758e-17,1.08915229402467e-16,-3.49936305243036e-17,7.70219188707036e-16,-1.18429264256233e-16,-4.96804185892139e-17,3.59544701590893e-16
"t556",0.0360621837175492,-0.011022836443502,-0.0121005759668603,0.000758563325351936,0.00791927930005382,-0.0288950013422114,-0.00437532220070973,-1.58490087411422e-05,0.0385598051506612,-0.00135008244333951,0.00149421359123893,-0.000682446588121772,0.00175489835621071,0.000424624484933956,0.016887984634069,-0.000675705708873158,-0.000561654947716332,8.26637873644837e-05,0.0506294891300012,0.131037938673948,-8.54700959695489e-05,5.52427356695231e-05,-0.0152808339417099,-0.000392192663635632,2.20349453953429e-05,0.00106579992587957,-0.0105801489792956,-5.26024426359348e-05,-0.00036542301090653,0.00308174788809558,0.000549507514504647,-0.0124837723024645,-6.1987395103694e-06,0.00670002346446795,-0.033417393305018,-5.62378025042931e-06,-1.50405449949134e-06,5.19679164388099e-06,0.00070186839578574,0.000202172536716239,3.87363189597304e-05,-0.00108738056233012,3.43664757021165e-06,-0.000228774416860651,7.67139643044219e-06,5.12838394966555e-06,-3.10760299896561e-06,8.42661685942838e-05,-0.178282105584704,-0.118854301255824,-0.000130998895850742,6.26256023218203e-05,-2.74065495897006e-05,1.21074764275388e-05,-0.0246174027570168,-0.000244709800008003,0.148807544910597,9.69455760958286e-05,-0.000725955674663421,-7.50965839416248e-08,-3.20034352485275e-07,2.05997482403593e-05,-1.35987223128685e-05,1.03774816898868e-05,-0.000117993731886456,2.52454420138641e-06,-0.000300585473707408,5.49446609593423e-05,-1.34088859222786e-05,6.1246229902693e-05,-5.33881613592185e-07,1.3951412391796e-06,-4.77010647670832e-06,-3.0210968207919e-06,1.26575094106865e-06,0.000129983929721956,-1.07945646247169e-05,1.55696585395298e-06,-0.000415404104613973,-4.96144544880452e-05,2.99128776650342e-06,0.000230132934032861,-0.000303243716623537,-8.79588433736694e-06,0.000729302723410196,1.64727833331774e-05,-2.94191059422026e-06,-0.000458229434788181,-1.8134035850841e-08,2.53503473142749e-06,-3.03328221670699e-05,1.65382707806305e-08,1.13333860234456e-05,-9.43334798210151e-06,-1.78288024852074e-06,-2.09162300285627e-06,-2.4588367566149e-07,1.38548725831975e-06,-1.64502341392524e-05,-0.00143119776066765,1.80015919911428e-06,-9.22515620744746e-09,1.42698020595571e-06,-1.42079064954354e-06,2.0138909114438e-06,-6.69752577960338e-08,2.32143142649442e-05,-3.18430281823027e-08,4.04414947977454e-05,-1.35504960310177e-08,-4.75686637166787e-07,-1.19123587116643e-06,3.78373690223488e-07,-6.20009083791703e-07,7.00567223312969e-07,-9.4051255944337e-07,0.000111065255938963,-0.000139443631110206,2.47058313122984e-05,-1.0047426363951e-05,6.23243954864879e-06,-1.94897827478279e-05,0.0153309292604833,-0.00336293991496618,2.11272976238504e-06,1.45022952256541e-05,-1.60317158711537e-06,5.60874551803526e-05,-9.49270931488477e-05,-0.0033239911273213,-2.57368714069719e-05,0.000147504228413064,-1.30427754765853e-05,-0.000924112682542019,5.53748643899502e-07,-0.00039099422637261,0.457103043821696,-5.7737881586025e-05,0.0170183932831335,0.0034075774782163,-0.000490311272428423,-2.16482278337285e-05,0.000241147910155284,1.5450898867159e-05,8.9126925817396e-08,-6.57499591475484e-05,-5.96745334945549e-06,0.000247556424947335,1.52618514287071e-05,-2.37300364742506e-06,-2.92512086259335e-06,-0.00156601402749539,-1.8086400576428e-06,0.000447356708168462,-1.226773955417e-06,-0.00197268834944838,0.000133860582487124,-1.08992791000674e-05,-0.00466060921732193,-6.50648758483441e-06,-7.21053728975025e-06,1.04553697692146e-06,-7.74140895407008e-05,-9.8659083303245e-06,6.19698421297163e-06,-3.98654789127556e-06,0.000555739298023154,5.42027427862019e-05,0.000468017238158859,3.54663916478433e-06,-6.60103644704056e-06,-1.16574059101102e-06,1.37196113792143e-07,4.8796276006301e-05,8.49812287207238e-07,1.72242556607427e-06,7.52745379677835e-08,-2.71506865196684e-06,-0.000106051827152256,-1.16766478424873e-05,4.66800768339599e-05,1.23134209107016e-05,-2.55709089528459e-06,-1.01603768656962e-08,-3.09167364376265e-07,-1.29601707281392e-07,-0.0010757677721689,0.000595375731935361,0.000975801198460024,-3.909496919881e-06,-2.73986477827721e-05,0.000558126608472824,1.65752313712101e-05,2.42249300188495e-09,2.37816506638333e-07,-0.00318134915905525,-2.49561666856595e-05,-4.81633936772716e-07,0.00394598360838721,7.58806089442789e-06,1.77526855254696e-05,2.51798474090956e-05,-4.93619233046973e-07,-3.70206636982036e-06,-0.00114839560496923,-4.59921061761683e-06,0.000707714855107811,3.68589177038997e-06,-0.00020464756335017,-4.3673744531764e-08,-0.000855448022631009,-5.42307510160781e-06,-1.37632723488135e-05,-0.00306254467333361,1.64151678728916e-06,-3.81684245406551e-07,1.80857802713772e-07,1.16770757449056e-07,-3.26610532336838e-05,-1.3793791828363e-05,-6.30348580285297e-06,7.41113020847801e-06,1.62693089080814e-06,6.8797656672865e-06,-2.0283240069998e-05,-1.15541156636028e-06,-0.000109397707592555,-6.08515313085926e-07,-0.000131002888560013,-4.23634568298687e-05,2.28157952400983e-06,4.70549184986408e-07,1.42791494162069e-05,5.26237642557552e-06,-2.99474800498673e-06,-5.36378422172691e-08,-2.35338033326923e-05,5.77155803992866e-18,-2.20943603069889e-07,3.15358297892261e-06,-6.39182871879839e-07,-1.63968323351589e-06,-2.2037033452613e-05,3.04727811375009e-07,-4.30317513125274e-06,1.91329476827569e-06,-3.67211537198591e-06,2.35632240511364e-06,-4.79379282275908e-07,0.000193635653197003,-1.26338733808026e-07,1.39024520967459e-05,-0.000118516526175631,5.08164485596138e-08,-3.35880893259123e-09,1.61288778148617e-07,-1.55011416221648e-07,2.44367603167888e-06,6.31340490236499e-05,-1.20817808409896e-05,2.39783884512736e-06,-4.37958672778333e-05,5.14532585985516e-05,-3.13755783182301e-06,3.23248987800392e-05,-1.09501383328506e-05,4.42498650527696e-08,0.00038538508588978,1.87365113593555e-06,0.000162381289302507,4.11280702137572e-08,-1.27805145430529e-05,1.16296986152085e-06,-1.62610409777143e-06,2.61433816406244e-06,-5.12189660171222e-06,4.11250411235204e-06,-3.09255726422659e-07,6.36143787092575e-05,-2.82705994460563e-07,4.73223054105601e-05,-4.03256668467921e-16,-0.000124568454041855,-1.25140134197181e-05,-1.3828989134478e-10,-1.32375107927292e-06,2.13037644341655e-06,-1.38480959760029e-06,-4.03115657199681e-07,7.28215769310882e-08,-3.38263880489976e-06,0.00012930694167596,0.000561365221926806,-1.87162947491262e-06,0.00235976991255557,-0.240157121880993,-6.51434054833735e-05,0.00021431998087337,-2.16931367263149e-06,-3.72173404063779e-06,-5.71306925203524e-08,-8.29730084175046e-05,6.21705504633085e-06,-2.57893156320629e-08,7.36279026018516e-06,-7.7203074943052e-07,2.71088663195896e-06,-1.53153265192968e-06,-0.000125072300505138,-6.25063989568873e-07,1.94412864473713e-07,1.16591178641966e-06,-1.07317174473629e-07,4.52874983580515e-07,-1.16195422640142e-05,-4.53712280801665e-06,1.76485285883109e-05,2.5550506287889e-16,-1.65183328811426e-07,-8.36668908527108e-08,2.94092365555818e-08,-0.000192682030874506,1.17703488138532e-08,-3.38342336720743e-05,-9.43015667381785e-07,1.04381314087842e-07,-1.6320960163659e-07,3.21459502955421e-17,-3.61958733999873e-06,-3.30950684954166e-10,-1.76241000126808e-06,7.88621304704085e-09,2.15122462561439e-07,-1.58059907896512e-06,-3.26810141709514e-06,9.63668962330351e-07,-1.14598834909727e-07,8.21540808217089e-06,-2.82744684517042e-08,-2.80230684022776e-06,-3.82327238763441e-09,-6.18436100181981e-10,-3.09434052168432e-05,4.50857234403207e-08,-9.17773602027165e-06,2.01695102063588e-16,-2.76279333934555e-07,2.22106262283937e-08,6.40246375370092e-10,6.06306485943546e-09,-9.30720135670101e-06,-4.82487838226715e-05,2.18241960102827e-07,-8.03539760496916e-07,-4.66859980217074e-07,-2.4994491007217e-16,-8.12745827591741e-05,-2.89945432798428e-08,-1.09072229499484e-05,-1.77278130940267e-17,2.19045436107086e-06,2.83732060498657e-07,-4.39239228774974e-08,-1.83219347318736e-05,-0.000353240321798711,-2.84750201334423e-06,-9.65630753736775e-07,3.10759467260206e-06,2.26082979079321e-07,1.27331466511426e-08,3.0267865527834e-06,9.18464455521585e-08,-1.91843177943684e-16,-3.80958985383096e-08,1.4196941315843e-06,6.21714715081472e-07,-3.99710070730301e-06,1.10048385972591e-16,-8.54676810145656e-08,1.65221204040215e-08,-1.91960365350569e-06,-2.78323893760273e-08,-9.52077405243111e-05,9.97592306868767e-08,-1.37260518031049e-06,8.03507723056061e-06,3.01881379827252e-16,3.13638826223768e-05,-1.4974260999375e-07,4.4137690073172e-07,4.84665815064071e-05,-6.38153084038545e-08,-8.11452658107683e-08,5.55111512312578e-16,1.38140050023169e-16,-7.77449209722629e-08,-9.39214603581039e-08,1.24944482242264e-08,-0.000794798016767456,4.32707315238715e-15,-6.758872681558e-06,-8.28915987540945e-08,5.04094915128659e-16,7.01806202074556e-16,-7.52087387510047e-16,0.00130288113681581,4.25224315268405e-07,-5.73929735962733e-07,1.84878719676224e-05,2.64129086779338e-06,5.16495316227771e-07,-2.2550882419783e-07,-1.09761329184431e-16,-5.53777133786506e-08,1.62475221948791e-07,-1.3218977983082e-15,2.25215599828987e-16,-1.24371446836846e-07,-7.10061628520133e-08,-8.45714335010268e-08,2.26873111083084e-05,1.00786306065565e-07,-3.85287945285296e-05,2.33511011361173e-16,-1.50268365666388e-06,1.96806153969801e-15,-5.41237754824073e-05,6.74048490634238e-16,-1.43307692408928e-07,-4.52238845323192e-15,6.64194148593322e-07,1.79588263521293e-07,1.24741172534463e-05,1.95608013946985e-05,9.171201123096e-07,-1.43761762947738e-07,1.32563286360205e-06,5.67685418512953e-05,0.351532895710663,-2.97821066642068e-05,-6.98711167122174e-07,1.62317415378984e-06,0.117105314570843,-7.42669146171814e-06,-1.0435688444699e-07,5.51995653352083e-16,-8.42796859373155e-08,4.90637773564559e-08,-2.72787300252203e-08,4.95422502587957e-16,-4.4118946061785e-06,-1.20592160582346e-06,-3.66698146170625e-07,1.18774489896129e-17,8.65177410990003e-08,4.03953182491253e-05,-1.9036704708873e-16,5.11176420428785e-08,-8.15394528890493e-08,6.54243588285997e-16,-1.32093227306873e-15,2.64137114622139e-09,1.32586442579379e-05,7.03093345652375e-08,3.73836072869227e-05,-2.30861534380829e-07,-6.00036838618361e-09,-6.01186690261653e-07,-4.09696825765592e-08,8.13666402017981e-07,1.82579645846559e-15,-1.36438685995672e-10,-5.65967698589028e-07,-2.35926358340987e-07,-2.19489356537486e-06,9.76553365482852e-16,-7.73355059382497e-17,-2.79606551773445e-07,-1.88189693112545e-16,6.05813756284989e-16,-9.6050159005973e-09,9.81996505202611e-09,1.82185790717701e-09,8.53904136768572e-10,1.65074680362735e-09,7.39560384720317e-10,3.47048619201204e-09,-1.54231217999007e-16,1.49860277465576e-07,7.62425107446834e-08,3.9438916410849e-08,-4.59226396428018e-09,2.37702224160981e-08,4.46374649449841e-16,-8.29376535855425e-17,-2.63412694758058e-16,-2.66430891832111e-06,-1.43386612250705e-09,-9.35562660741004e-08,-7.48137180492975e-16,-1.19484420297421e-09,-1.05679178028185e-16,1.7479154458287e-16,2.53035854412865e-07,-6.35208833248843e-08,-1.95156391047391e-16,-5.50463666432056e-07,-7.6233798082878e-09,4.01795932332518e-16,1.81360080088986e-08,7.16149522898995e-16,7.10796839741576e-07,1.46569133552022e-15,7.12262125319305e-07,5.89620073501971e-08,2.14430236046409e-09,2.1292881802727e-07,1.4797012965753e-06,-7.36099783449178e-09,2.38890460155817e-07,2.33096400263606e-17,1.50144800435826e-07,-8.52635581394578e-09,7.56626338889654e-17,-1.13230053263718e-09,-2.34045681585648e-08,5.50573342070084e-09,6.72611746412991e-16,1.83783588575514e-08,2.44899884124984e-08,4.19491195195218e-16,-6.86177357165467e-07,-5.23295728739472e-07,-7.26707480720881e-10,-1.5226870745853e-16,6.06093675861671e-16,1.34964745589048e-08,4.38334167706811e-07,3.55699486615689e-08,-5.82174245729932e-09,2.791600970325e-07,1.65420670745949e-16,3.14282874782799e-16,1.02574538696779e-06,3.08857763783554e-09,1.33167369286476e-16,2.5091178811479e-06,-4.78929817299668e-16,1.26037982675326e-08,-2.20784199911687e-07,-2.73092458311195e-06,-0.0001247145192311,-6.19780222352282e-17,-2.24135751909931e-16,7.52333226153606e-17,-2.85289118992871e-16,-1.49707134416808e-09,-5.20679913701151e-09,-3.0591861776618e-17,-6.26412598746739e-16,2.60080984541656e-16,7.39635029277024e-09,6.67214026742000e-11,-3.71030619233254e-09,4.77890160346435e-17,-2.09576279941448e-16,-2.38741318381308e-16,-1.64153354932787e-07,5.02817026187928e-09,4.38647664200946e-16,8.92112941664846e-10,-2.34405006448923e-08,2.78612637062387e-16,1.98230248785216e-16,-1.69992215341689e-06,-1.67523153232863e-10,-8.47496255286331e-07,-2.6946091019313e-16,9.26600411660742e-09,1.5029651049088e-07,1.62381522633966e-07,-6.11597323007687e-07,-3.63816982382806e-08,5.94949775533023e-10,-2.66338395031129e-17,-2.16737168001328e-16,2.49725204005988e-16,1.15962882887837e-08,-1.05034773761207e-08,-3.77785858059776e-06,-3.17076934101215e-09,-1.43596437138443e-16,2.78502192965455e-16,3.82792480756335e-16,-7.52392899060861e-17,3.25042588283366e-16,1.53641709297823e-08,-2.33764622238431e-16,3.00040623317992e-16,-2.58943277990155e-07,-7.83706894969029e-18,-2.31892098498158e-07,2.84500907750203e-17,-2.63741216569911e-06,3.89851900456632e-16,-3.22330047097755e-06,-4.40874075393963e-08,-3.9026731765333e-08,4.48452835546252e-17,1.42611549876338e-06,3.0000389811678e-16,2.18556888055901e-07,-3.51921307586795e-08,1.94862006791676e-10,5.27006779220227e-16,1.07854505075206e-06,-1.42723995828683e-16,-7.82956895369972e-08,-3.99856757738632e-08,4.67446020787283e-16,3.38698512272386e-17,3.50684451119138e-17,-7.82544348051624e-18,-6.11128452889829e-09,-1.82247825933013e-07,-4.0802566961844e-08,4.57356919736522e-16,-4.43045109178328e-16,-4.25084439456996e-09,3.47105284098648e-08,2.20266177299211e-16,5.56974515321944e-16,-7.76673189040749e-08,-3.50449300203032e-16,-0.00142752476150128,-1.63771381637922e-16,1.15975104227247e-07,-9.3172549978683e-17,-1.1221313850454e-14,-4.69021552906259e-16,-5.75733018291357e-16,9.99818536133669e-17,4.66991251781214e-16,2.32953203245835e-09,-1.62964396359621e-08,4.97816334329654e-16,-1.08924135669459e-08,4.58778466386693e-07,6.23615291740301e-16,-6.28324039735883e-16,-1.79086549313426e-17,-6.07565103207882e-16,2.35012989081149e-05,6.81052612466514e-08,-2.22569123852514e-16,-2.76816753178814e-16,-8.32013120878252e-08,-2.68826037748187e-08,-4.07391677119748e-10,8.40721914073096e-16,-3.99015295380201e-16,5.05886216426275e-16,8.29146764203434e-16,-9.40759555771912e-16,-1.23547539395441e-15,1.65779272277701e-06,-5.74478549196828e-07,-3.02218872087457e-07,7.44322065661628e-17,-5.384859842331e-16,-1.76098997949343e-16,6.35547409875451e-16,1.05492843344429e-15,-1.27306881210411e-15,1.18504735030321e-15,8.48506513390212e-16,8.10307406818841e-18,1.16250111360995e-15,1.34111896736236e-15,-3.96664230058851e-16,-1.09989953180277e-15,-8.11900191191705e-16,1.6422369828059e-09,4.05150947496163e-16,1.01702298719573e-15,-8.3259667410305e-18,2.32982104046094e-08,-2.63101046515063e-07,3.27499601772737e-16,-6.01787314789487e-10,2.13666236830062e-08,-1.16072143376156e-15,1.87246043357202e-16,-4.13357874431857e-08,-4.39191606862426e-16,5.29883824223251e-10,-2.57720740380976e-16,-1.02797170345154e-15,-7.84563808535681e-16,7.4824593312689e-17,4.87809531854092e-07,-7.16570792168823e-08,-2.24090580541844e-15,7.26423083078571e-15,1.02556091226414e-16,-2.47925865788715e-15,2.04480529730766e-16,1.84656372274056e-16,-1.34060262777219e-15,-4.68481711457817e-15,8.79301903426337e-10,3.67563221014749e-16,3.31729615520974e-15,-1.62172398737914e-16,7.9824395974432e-15,1.5572063271648e-14,5.3226617541221e-14,-1.91936015096283e-07,1.41343425441876e-14,-1.2230331548691e-14,1.29935357916665e-08,0.70710678118655,6.78361981616279e-14,3.40059181271357e-16,-3.4791507309864e-15,1.09396432193802e-08,-2.62494139900093e-15,-4.51590452880062e-05,-2.89165218443221e-15,-3.66621453203561e-15,3.25603756080052e-15,-7.62322876265292e-16,-3.19911314454773e-15,2.15974237274688e-14,1.31034350736645e-08,8.29940953368929e-15,6.77249796756849e-15,1.65871041939445e-09,-1.63980260108894e-06,-9.50859738656318e-16,2.8277956848561e-07,3.84584554323823e-07,9.71418300424304e-16,-2.09333625244933e-15,-1.4854759186587e-15,-1.1273123252585e-15,1.89061925440212e-15,-6.50850850906832e-07,-1.25235953175707e-15,-9.11302402781107e-16,-2.59687463217571e-15,2.61061323452434e-07,9.54460486813249e-16,1.56785249531803e-15,7.05299461321064e-16,7.6174574558821e-17,-1.19235036714118e-07,1.44372528439729e-15,3.51817635459875e-10,1.01840764092569e-15,-1.60790301594994e-15,-1.05930702241642e-15,-4.3099611406361e-16,4.17958620625377e-16,-1.88417996474313e-15,1.13854117235627e-17,-6.13047308450884e-09,1.42429698258471e-17,-5.2977543367299e-16,2.58004125469568e-09,3.05188736099239e-16,7.72887653690096e-16,-1.93952279446523e-15,-4.83634628278116e-16,-3.79776486443598e-16,-4.41581039882683e-16,-1.87651504570988e-08,-1.03977943313516e-15,-6.19029626708785e-16,5.59585645514196e-09,1.07369133329356e-15,3.84890562282633e-16,4.56060740825738e-16,7.47093358853e-16,1.10586418711596e-15,4.19606238811802e-16,8.29124055921606e-16,1.48367301095344e-16,7.85652132726632e-17,-1.11968768071738e-15,-2.93146454639554e-16,-2.95139127085761e-09,9.79311747168998e-09,3.0821680568364e-16,-4.87074226965873e-16,-2.28773397886722e-16,-9.58805573578353e-17,-4.6750797677575e-16,-5.00873597829913e-16,-1.17733797990906e-16,2.88723031310281e-16,-9.36492701044549e-09,1.40524173784752e-17,2.39025919378328e-18,7.64470872761518e-16,-1.85191148432248e-17,1.09322973458085e-09,-4.46605378628161e-16,-1.73893770919441e-10,-2.74783071294263e-16,-5.81775434840443e-17,-3.01633775697193e-16,-5.15799786478308e-16,1.2639131330012e-16,1.0911758819007e-17,-1.3802576887545e-16,4.49015232949991e-16,2.13662708672315e-16,-9.27858946164667e-17,3.09378882571065e-16,-1.54207575344426e-16,-1.74112203890145e-16,-3.96539964639458e-16,5.68962752201276e-17,2.26801485155475e-16,1.16236304985127e-16,2.18722073656254e-16,-3.55811657380993e-16,3.31409602634308e-16,1.53956708492942e-17,2.49235481329071e-16,4.76061567327108e-16,-2.41089602628746e-16,-5.50571293099186e-16,8.50385435050667e-09,-2.33972405359544e-16,1.2778418731207e-16,2.8578988560204e-16,-1.34267632463452e-16,-2.75704564148112e-16,-3.90255040844064e-17,-3.92492451056847e-16,-1.09887603479593e-16,8.90256970283807e-17,4.09465914582159e-18,-7.48099499014998e-16,2.19927329714987e-16,-1.34799322424898e-16,4.12041343421974e-17,-2.77671349213578e-17,-7.90823790242404e-18,-1.86555527928113e-17,-0.000108236135466991,2.39366985635172e-16,2.13588545858192e-16,-2.02827571360622e-17,5.13698709914248e-16,-5.80378944571346e-17,-1.91931945218384e-16,9.90021418488901e-17,-2.27086923708116e-16,-2.24390470084071e-16,2.54374671664511e-09,1.12627068366667e-16,3.59294232594706e-16,-1.23424650490106e-16,3.51943781477821e-16,1.35976903167243e-17,4.84304608020951e-16,-4.04819176640603e-16,-2.97829034069809e-16,1.7251757730826e-16,6.06479874580286e-16,-1.25604294456091e-16,-7.89432638911773e-17,1.08276418611226e-16,1.19278182132448e-07,-1.24458619256352e-16,1.47272074690828e-16,-1.44544343301807e-16,-4.93528828915402e-16,-3.55452390252173e-09,-1.20717536633676e-16,-1.50826674947556e-16,6.26197810980491e-17,-4.00997966769648e-17,-1.08023493819614e-16,-7.66715071305827e-17,3.55780069458512e-16,-2.37222160659014e-17,-2.62554494171873e-17,-8.99341352124885e-17,1.15725128457586e-16,-2.30459958921302e-16,2.06983936017074e-17,-5.73053534998965e-16,7.55474205729059e-17,2.02331529002159e-16,-4.31703587405349e-16
"t115",0.0360446220929032,-0.0110115286170857,-0.0120877613738249,0.000757486982343955,0.00790552479749656,-0.0288361373345434,-0.00436623422962442,-1.58134756569031e-05,0.0384577415526988,-0.00134575162985757,0.00148813764577707,-0.000679030657921948,0.00174585880525941,0.000422404296508019,0.0167958567740814,-0.000671803324142786,-0.000558334242352705,8.21662474323648e-05,0.0503177471588333,0.130161858660824,-8.48523467926926e-05,5.47615176463977e-05,-0.0151403251848695,-0.000388565992460715,2.18303893597315e-05,0.00105543821136395,-0.0104760828183657,-5.2080442620515e-05,-0.000361700325809258,0.00304473228992943,0.000542473780505791,-0.0123167889649485,-6.10990812923307e-06,0.00659951020687127,-0.0328907906540034,-5.52817447219087e-06,-1.47816530096255e-06,5.10593779990967e-06,0.000689515582021579,0.000198562115600777,3.80249680288221e-05,-0.00106693513772971,3.37108109254788e-06,-0.000224404473306436,7.52234253998101e-06,5.02247931415748e-06,-3.04225930278943e-06,8.24793382050815e-05,-0.174412735589351,-0.11621021110203,-0.000127989246997622,6.1165436742734e-05,-2.67661727770817e-05,1.1819407291792e-05,-0.0240109891588839,-0.000238650471451054,0.144777565527626,9.42580014005743e-05,-0.000705774800100669,-7.28900337181081e-08,-3.10244292654893e-07,1.99572040616555e-05,-1.31679063952967e-05,1.00474375514152e-05,-0.000114132933422972,2.43985301950629e-06,-0.000289950469191493,5.29551495418386e-05,-1.29182063537706e-05,5.89624902984078e-05,-5.12006205618448e-07,1.33402758915359e-06,-4.55906653706397e-06,-2.88470295718768e-06,1.20846209037408e-06,0.000124049786550149,-1.03000753753435e-05,1.48444671154465e-06,-0.000395331751500174,-4.71820375467999e-05,2.84101925340077e-06,0.00021851170369756,-0.000287347313173806,-8.32967934702473e-06,0.000688824743466214,1.55472302716276e-05,-2.77457507016909e-06,-0.000432113904656381,-1.71000041233685e-08,2.39029599509444e-06,-2.85929353827226e-05,1.55482219182934e-08,1.06523131231143e-05,-8.85180440470662e-06,-1.66818554527954e-06,-1.95621840809758e-06,-2.29961340865488e-07,1.2943409053258e-06,-1.53617249460561e-05,-0.00133442057131073,1.67630148771278e-06,-8.58945816737905e-09,1.32847871665875e-06,-1.31509368900102e-06,1.86325699754784e-06,-6.19445598568401e-08,2.14575915399769e-05,-2.94283413352254e-08,3.73635377061202e-05,-1.2513476996788e-08,-4.39217056492317e-07,-1.0989351542435e-06,3.49019223723761e-07,-5.70576021200124e-07,6.44389698391202e-07,-8.64147485553771e-07,0.000101997094998371,-0.000127885136342956,2.26283804360256e-05,-9.19347172634787e-06,5.69952390924577e-06,-1.77886172961902e-05,0.0139751091458431,-0.00306538345455818,1.92544285590403e-06,1.31995180377365e-05,-1.45899651539903e-06,5.0986155066543e-05,-8.60153707602654e-05,-0.00301182724956945,-2.33137248044781e-05,0.00013332602189955,-1.17840523895146e-05,-0.000834670190586806,4.99516767462304e-07,-0.000352639508473193,0.411150973601613,-5.18200836256558e-05,0.0152283224264982,0.00304889374684821,-0.000438474467026068,-1.93544319736424e-05,0.000215505069060912,1.38056658705604e-05,7.96363951092351e-08,-5.86804057945613e-05,-5.31344896510451e-06,0.000219902005422865,1.3548896587629e-05,-2.10389684813976e-06,-2.59313048885622e-06,-0.00138757999466228,-1.60208673471306e-06,0.000396133449991295,-1.08293955706824e-06,-0.00174053084113337,0.00011806535656881,-9.53566799769358e-06,-0.00406940575899289,-5.67939127080917e-06,-6.2832709863291e-06,9.10764433898014e-07,-6.72876711157315e-05,-8.57307493031528e-06,5.37336381657671e-06,-3.44950132542416e-06,0.000477946043009354,4.66052440965328e-05,0.000402393692018205,3.04678033588151e-06,-5.66510338225922e-06,-1.00031279279229e-06,1.17496384680608e-07,4.17639284791569e-05,7.26368838881814e-07,1.47174207753466e-06,6.43081538706602e-08,-2.31227406704567e-06,-9.00245740945063e-05,-9.90640574733768e-06,3.95818034632526e-05,1.04243592491274e-05,-2.16346014883477e-06,-8.59112028003327e-09,-2.61267507537765e-07,-1.09311696019392e-07,-0.000906914829673681,0.000499841221149581,0.000819109842747803,-3.27711979130455e-06,-2.28776429310987e-05,0.000464514338515078,1.37795276077736e-05,2.01049263226134e-09,1.97120398166297e-07,-0.00262695527688092,-2.05901647915705e-05,-3.96675913659652e-07,0.00324706317654452,6.20133344979087e-06,1.45036342691752e-05,2.05110442031854e-05,-4.00923620401524e-07,-2.98567368600443e-06,-0.000926137343380723,-3.70664761187299e-06,0.000569218999112297,2.96041356323898e-06,-0.000163751094963175,-3.47823123807441e-08,-0.000678696401811027,-4.29747504121529e-06,-1.08480611781552e-05,-0.00240659302042289,1.2898252531701e-06,-2.99200858003481e-07,1.40917718750622e-07,9.08768119706161e-08,-2.52585635082001e-05,-1.06204558464072e-05,-4.84587287652837e-06,5.66104382065607e-06,1.24083398951483e-06,5.23822518492578e-06,-1.53635509223532e-05,-8.74242776558356e-07,-8.27543600396597e-05,-4.57665763816858e-07,-9.81793814541181e-05,-3.16231884049137e-05,1.70005078676386e-06,3.4995465587476e-07,1.06007865006343e-05,3.90479945411107e-06,-2.2117806612252e-06,-3.94978489791341e-08,-1.72741821690176e-05,7.5939361519027e-18,-1.61422720443716e-07,2.30186919328128e-06,-4.63516368182918e-07,-1.18300173029524e-06,-1.58319531558571e-05,2.18867976228301e-07,-3.06609720067277e-06,1.36140952196779e-06,-2.61126425988859e-06,1.67055802535751e-06,-3.39169680094534e-07,0.00013648619649253,-8.89018456789818e-08,9.77606424505643e-06,-8.30219384764307e-05,3.50198270951842e-08,-2.30099145488195e-09,1.09940543814772e-07,-1.04496294724235e-07,1.64601367773252e-06,4.21900371174734e-05,-8.03749664425866e-06,1.58483747033178e-06,-2.88857467998665e-05,3.38610776805182e-05,-2.05843304271096e-06,2.11094312727615e-05,-7.14708325464115e-06,2.85382822518544e-08,0.000248479249448928,1.20767030955982e-06,0.000104318319349283,2.63891896147901e-08,-8.16804218739391e-06,7.42705943420429e-07,-1.01321566660134e-06,1.62443254735943e-06,-3.17543599762169e-06,2.53653191657748e-06,-1.89951493807893e-07,3.87022094812465e-05,-1.71511914153048e-07,2.86453259985842e-05,2.26058056168402e-16,-7.48205275739654e-05,-7.50863046759146e-06,-8.26964705109955e-11,-7.85210816987198e-07,1.25478122831093e-06,-8.12885658321707e-07,-2.3623098758544e-07,4.17342505714943e-08,-1.93574760546275e-06,7.39676664825101e-05,0.000318950070435409,-1.0425846124971e-06,0.00130990269217617,-0.132984253039297,-3.57787398626413e-05,0.000113948252272785,-1.13701309537939e-06,-1.94904248856727e-06,-2.99113506926638e-08,-4.18531517316114e-05,2.99298391657878e-06,-1.23378065292704e-08,3.48978424377415e-06,-3.61733149009051e-07,1.26563130799288e-06,-6.93254792005243e-07,-5.64787376309256e-05,-2.81011503472048e-07,8.7136440755618e-08,5.17291447583794e-07,-4.70729066573464e-08,1.96513416217152e-07,-5.01796585267637e-06,-1.94338324401947e-06,7.42543331761599e-06,-6.30887329827747e-16,-6.15026761319742e-08,-3.07299592083123e-08,1.05777512864232e-08,-6.92591286127509e-05,4.22800714207292e-09,-1.20898907314638e-05,-3.33606060846957e-07,3.64816999113052e-08,-5.56166336235925e-08,-4.56298591006893e-16,-1.15932438734091e-06,-1.05144480926731e-10,-5.5009803661769e-07,2.45624091058992e-09,6.39901504472753e-08,-4.57760738640861e-07,-9.09748825975817e-07,2.60706950954068e-07,-2.90272691561703e-08,1.94762845311646e-06,-6.40476120011148e-09,-6.17939785576306e-07,-8.28702038201049e-10,-1.29885410695037e-10,-6.47570460946919e-06,9.21836267968559e-09,-1.84200814950359e-06,-8.38614535547943e-16,-4.75286720582794e-08,3.68573127400296e-09,1.06207445736739e-10,8.99263423534197e-10,-1.35539236859671e-06,-5.40279814458621e-06,2.22878279273087e-08,-8.04862026175038e-08,-4.32775683197554e-08,4.51498157560655e-16,-6.83469163411006e-06,-2.34465781982492e-09,-7.49159148921465e-07,9.17586228702511e-16,1.21114756151909e-07,1.47828184075898e-08,-2.21563298519554e-09,-8.61217361753173e-07,-1.4556471863795e-05,-1.04868377363441e-07,-3.22374556796623e-08,7.17853038615362e-08,4.94483100169828e-09,1.87355900572657e-10,5.96940141870346e-09,1.20918475875893e-10,1.42546209606321e-16,9.23110073858351e-10,-4.08171381306194e-08,-2.41166583589159e-08,2.16815982943882e-07,-3.03435874866181e-16,7.56202641461025e-09,-2.12329549168638e-09,2.8234772167523e-07,4.33815685995901e-09,1.58520832684142e-05,-1.86089038299735e-08,3.01889133081297e-07,-2.47077783977006e-06,-6.18754586190773e-16,-1.22705372436277e-05,5.97227407359187e-08,-1.83118223753341e-07,-2.1205023058167e-05,2.80324540915847e-08,3.61716134236448e-08,-1.13103970633688e-15,-1.5564980238141e-16,3.7617672604957e-08,4.86560874732192e-08,-6.5268371719027e-09,0.000440335527505352,-2.77410028403595e-15,4.23358937130833e-06,5.47035690130237e-08,-1.48719008602908e-15,-1.62040148046399e-15,1.82182225704009e-15,-0.0010048856722583,-3.34311308836223e-07,4.81559922069819e-07,-1.63726084217143e-05,-2.35377134701506e-06,-4.86961177365239e-07,2.13986670851127e-07,2.16237368909607e-16,5.87223877447891e-08,-1.79026871950841e-07,2.98656412519474e-15,-6.46356085057621e-16,1.58789564990304e-07,9.38784238592001e-08,1.17136890091863e-07,-3.24136573479572e-05,-1.52770924346878e-07,5.89605848856803e-05,-4.45651522375278e-16,2.32967544217857e-06,-3.77911246242103e-15,8.71085622291589e-05,-1.8177733623892e-15,2.37076016715029e-07,1.02251907511227e-14,-1.13786102142156e-06,-3.09840966046291e-07,-2.36293913227042e-05,-3.77997123872905e-05,-1.78709485609373e-06,2.9049134957814e-07,-2.76461425732902e-06,-0.000127450482770867,-0.789741613327317,6.84502708501444e-05,1.67468449221066e-06,-4.11700843201036e-06,-0.311654414923974,2.0534288237149e-05,2.94050487576317e-07,-1.1211000791506e-15,2.51955019227204e-07,-1.55419858837883e-07,1.0243496625272e-07,-1.1815111455578e-15,1.74393473867041e-05,5.16137010044193e-06,1.62506528216635e-06,2.4879977548695e-16,-3.90428403113312e-07,-0.000196197625873651,-8.49946068170595e-16,-2.57683889519192e-07,5.23058306342641e-07,-1.530966385928e-15,3.29687309826155e-15,-1.88094116438185e-08,-9.53382459226644e-05,-5.29566263000981e-07,-0.000297889167525385,2.10765218261352e-06,5.54632650185671e-08,5.65627950347018e-06,4.75341475549441e-07,-1.15331388693605e-05,-9.87708179134295e-16,2.10537708894326e-09,8.86730436649364e-06,3.90525966932863e-06,3.89530503597001e-05,-4.72584559529542e-15,-1.894042135418e-16,5.49869571559668e-06,-6.33775801785434e-17,-2.9970236473136e-15,5.32104814454577e-07,-7.75016238387251e-07,-1.45069324477697e-07,-7.96279655336827e-07,3.62634313968682e-06,9.46737213236359e-07,1.20537775120218e-06,1.23282945958043e-16,6.12393942081045e-06,2.63639910442385e-06,1.29835678638393e-06,-1.22304366207366e-07,4.72629936731139e-07,-4.07196510735951e-16,2.80919896820094e-16,7.91963843921922e-16,-3.92271602831389e-05,-1.90438534317958e-08,-1.23347178409644e-06,9.12306973106501e-16,-1.44270753126897e-08,1.24651324166922e-15,2.09949142150338e-16,2.25872177351601e-06,-5.65240811523166e-07,3.80771802976909e-16,-4.6178718188537e-06,-6.19176929131574e-08,-6.40504365851784e-16,1.38427649453394e-07,-1.18947875296575e-15,5.06586194300453e-06,-1.69968376613117e-15,5.04665448835256e-06,4.15890129610793e-07,1.50485676782049e-08,1.48391142065782e-06,1.01536517829023e-05,-4.77889170794315e-08,1.44491299997471e-06,5.02071222153482e-18,8.39002550054976e-07,-4.72682082407073e-08,3.82874386861055e-16,-6.21211133255777e-09,-1.2603881378931e-07,2.9169377208033e-08,-3.80219934372659e-16,9.23549429786403e-08,1.21844208753474e-07,-4.12428164678635e-16,-3.36967207826517e-06,-2.55355691399747e-06,-3.46548321195445e-09,-3.10536261517457e-16,-3.94750385416986e-16,6.11380121431237e-08,1.94494708793621e-06,1.57173271608425e-07,-2.36891083895136e-08,1.12190585834786e-06,1.61868044283106e-16,-3.90529383845788e-16,4.0877675992372e-06,1.22954813363724e-08,-3.59688639441089e-16,9.85067839380774e-06,2.57405246973575e-16,4.88360744174054e-08,-8.40589512322235e-07,-1.03846695901141e-05,-0.000471972024056267,7.339605904052e-17,-9.93214950350259e-17,-1.86555608586424e-16,5.86394188534188e-18,-5.43542747462437e-09,-1.88425831830525e-08,3.63251035486583e-17,1.71946567017206e-16,2.45684681812853e-16,2.64553156445648e-08,2.3745871481609e-10,-1.30301539261292e-08,-8.60318386653781e-17,-7.04731412115578e-18,3.07913416985883e-17,-5.52186432746148e-07,1.68899050681019e-08,1.83594355330812e-16,2.9494100203767e-09,-7.70109751623994e-08,-8.01634056215634e-17,3.19754113176416e-17,-5.50426288024019e-06,-5.41806993044352e-10,-2.71819737982347e-06,-7.91142806302679e-17,2.93151667483851e-08,4.71993654912278e-07,5.04798834353048e-07,-1.87569570091884e-06,-1.11179784326059e-07,1.80608960948382e-09,-2.7903839338965e-16,-1.12394901196669e-16,-5.69289846648862e-18,3.39490084390944e-08,-3.07332199342343e-08,-1.1005066561472e-05,-9.03690377648784e-09,-1.42090544280666e-16,-1.47948811399881e-16,-1.56003651110375e-16,-2.09618229682466e-16,8.05650458990798e-17,4.28396107350664e-08,3.16741323683443e-16,-1.26412297564062e-16,-7.16016053036068e-07,3.83878762634475e-17,-6.40933100048656e-07,-1.24635300226823e-16,-7.28421796148993e-06,4.33181028623154e-17,-8.77766450792624e-06,-1.19662856414874e-07,-1.05398445011959e-07,-4.79967577177737e-17,3.82808364471198e-06,3.34452059271913e-17,5.79035352682997e-07,-9.17065964474047e-08,5.07429491749172e-10,-7.50302137465577e-16,2.79030354966217e-06,-9.42699301777163e-17,-2.00512914181302e-07,-1.02351698168224e-07,-3.15321305483183e-16,1.36410939777686e-17,-3.05606443873148e-16,1.18197881737452e-16,-1.55152555113671e-08,-4.61696698632361e-07,-1.03110957220571e-07,1.59555826173861e-16,5.82858585782858e-17,-1.06173653784154e-08,8.66523204830563e-08,-6.84086721595163e-17,-2.9439404646408e-16,-1.91167694755896e-07,6.96015413371539e-17,-0.00350326631060475,-2.63762915118145e-16,2.82211913042097e-07,-6.97926469239681e-17,-2.71421483629462e-14,1.4299481119914e-16,-3.04644861646843e-16,6.84487137772975e-17,2.50410304737772e-16,5.57470466029927e-09,-3.89899451135518e-08,7.40790991472766e-17,-2.59129431670879e-08,1.08886341012267e-06,4.57794181585352e-16,7.76756275340557e-17,4.41026108099799e-16,1.72436171900249e-16,5.52230640672237e-05,1.59665395324423e-07,1.10094187743765e-16,-9.40061978418964e-18,-1.9456027806963e-07,-6.28422697913415e-08,-9.51280714498603e-10,1.28200982496874e-16,-1.76677316090464e-16,-1.53784615532755e-16,-2.14215774596423e-16,-3.0546172108864e-16,1.47825119410833e-15,3.80316598674187e-06,-1.31578926642389e-06,-6.91097073987367e-07,5.54066860311217e-17,2.03240808471768e-17,2.40568335743506e-16,-2.54287870868037e-16,-1.58941512661902e-16,2.13138243288096e-16,1.79919163735499e-16,-9.76202658370443e-17,-9.32568791324237e-18,-1.73454893485854e-16,-4.69966060886693e-17,4.08970022217191e-16,-9.84452167844182e-17,1.0574510502383e-16,3.65866101356881e-09,1.39611774018637e-16,-4.56351050762895e-16,1.79019682068575e-17,5.17317783056224e-08,-5.83746239388106e-07,-3.77584311794471e-17,-1.33455970871868e-09,4.71920166072773e-08,2.84636567627099e-17,1.04096191790122e-15,-9.08422427180001e-08,3.67957823666562e-16,1.15749464745485e-09,1.24917451242075e-16,-1.30382697676094e-16,2.03382793395277e-16,9.92018283468305e-17,1.0556840979419e-06,-1.5497835263808e-07,1.70523341344801e-16,-2.49072013426724e-16,1.06624301127512e-17,1.75593688247298e-16,1.75640751942652e-17,3.89468891994506e-17,-4.00546160205527e-16,-1.2180235050843e-16,1.84356888731403e-09,6.6295539616667e-17,-6.7433830106591e-17,-9.13860651325187e-17,3.17032915053722e-18,-2.05898048874882e-16,-1.76542694702466e-16,-3.9985142146123e-07,-2.03799675463237e-17,6.57884831900848e-17,2.70371605600807e-08,-9.45673673001879e-16,-1.05547853039581e-16,1.17954622962332e-16,-7.65110586060739e-17,2.24593262202377e-08,-1.9456703959069e-17,-9.24936997926528e-05,-1.61153011408985e-18,-2.63878847899442e-17,3.5735943938205e-16,1.29374118297727e-16,-4.09575692340305e-17,-2.25774055408525e-16,2.67101737458116e-08,-8.46622512371065e-16,-5.04538259575992e-17,3.36888148051033e-09,-3.32987356110803e-06,-1.25623562259726e-18,5.72451048104766e-07,7.77789547604133e-07,-8.65426045301915e-17,8.1578973911713e-17,8.92205748263845e-18,2.39907343943706e-16,1.85541362043505e-16,-1.2979365450678e-06,5.47353359078896e-17,1.87712033653369e-16,-5.80036085449374e-17,5.18773909434181e-07,-7.22978046877125e-17,-2.63359335973198e-17,4.42367130801445e-16,-1.80446726649297e-17,-2.35845907962787e-07,1.74856196857179e-16,6.94904141855569e-10,3.66350020001214e-17,4.59834468893517e-17,1.8915530160025e-17,-4.18299685657554e-17,5.30013738373179e-17,-1.45241901169007e-16,8.0570102819846e-17,-1.20192330944878e-08,-2.41122000671879e-16,-1.87599946029729e-17,5.04915117804395e-09,-2.38227611594413e-16,-6.90018596018463e-17,1.35562206868083e-16,-1.36865848626101e-17,5.88197923240896e-17,-1.70872087147198e-16,-3.65160283458623e-08,-1.99388185719665e-16,-1.80758148292919e-16,1.0861942896742e-08,-1.02293323367227e-16,8.6902531153234e-18,-5.14558266797097e-17,-3.82559087420271e-18,-7.21429798734977e-18,-5.03702589213073e-17,7.92982539569146e-17,-7.01599686532406e-17,1.45534344079368e-16,1.41881437942048e-16,-7.12245561369066e-18,-5.67676967440765e-09,1.88159220658969e-08,-1.2736746751095e-17,-1.19797021387789e-16,9.83245763232883e-17,1.78362727343647e-16,3.64291929955129e-17,2.50077693458172e-16,2.89402962774823e-16,2.11039606358582e-16,-1.78927061979623e-08,-6.26600755048885e-17,1.58228708151658e-17,2.51116631736247e-16,1.98341670049315e-16,2.07894850484415e-09,-6.24287450539078e-17,-3.28963436121092e-10,4.56411648916082e-17,2.10246558697245e-17,-6.41685652964625e-18,-1.58397919430537e-16,1.51738687697154e-16,-1.09125507909571e-16,-3.64333304328327e-16,-7.51603571592201e-17,-1.47101920348939e-16,8.72094287643973e-17,-1.50627621711259e-16,3.93586200474343e-17,-1.07174617596865e-17,1.26818393687163e-18,1.49475421550557e-16,2.08902626293114e-16,8.04262002186475e-17,-1.70264734678568e-16,2.15051007255812e-17,-7.92453007264314e-17,1.34441069388203e-17,-5.76589217306879e-17,-4.81499611459878e-17,-3.57082722362809e-18,-9.80171807194142e-17,1.57902080893899e-08,1.14619060672726e-17,6.18504046627973e-17,5.40004718393934e-17,3.68364711551383e-17,4.09276369358191e-17,1.85012036516834e-18,-1.87893649448287e-17,5.96923238685044e-17,1.28157728802458e-16,6.19248220841241e-17,-1.72604985859692e-16,1.02588640824494e-16,-7.45426330571025e-17,-4.88503796762834e-17,-2.45720839901456e-17,-2.10276794911098e-16,-9.68892381973567e-17,-0.000198569291338991,-6.27377672532959e-17,2.32771477417769e-16,5.89475003451403e-17,-1.33294886134559e-16,1.57979761570501e-16,5.34929478013783e-17,-2.51072297204683e-17,1.04568903819673e-16,6.38738123756136e-18,4.61111300343064e-09,2.08932916033379e-16,5.94141540229668e-17,9.06804367089282e-17,1.27112896394645e-16,1.9563465076488e-18,-6.01591197273842e-17,1.78325242514856e-17,-7.46379941368645e-17,5.62460383176015e-17,2.4279418576462e-16,7.31986218185211e-17,7.82968647551872e-17,2.00654649706699e-17,2.1372032777165e-07,-4.19713254677053e-18,-4.89568790159336e-17,8.85527152607163e-17,-5.43835809718729e-16,-6.33541925066308e-09,-1.27192986746558e-16,-8.59267488411905e-17,3.50286070104376e-17,-3.65529419342386e-17,2.04887607690239e-17,-1.04049483737802e-16,-4.3651898911675e-17,5.46259695975659e-16,-2.58358831292839e-17,-7.30270971621726e-18,-3.12492716620997e-16,1.95037658074686e-16,1.05422970987494e-16,-4.29237920326474e-16,1.47322131499657e-17,-3.90262020854929e-17,-5.0972369514436e-16
"t920",0.0360371686788426,-0.0110054294589236,-0.0120807564423196,0.000756812175304448,0.0078958942144433,-0.0287907286784428,-0.00435913614282502,-1.57842965472711e-05,0.0383635875606113,-0.00134111933265552,0.00148017114436315,-0.000673563553399652,0.00173096261649691,0.000418688950009037,0.0166346982124944,-0.00066454671223704,-0.000551998645904967,8.11980492213191e-05,0.0496954704050585,0.128239278663981,-8.33634027137006e-05,5.32829197439715e-05,-0.0146745927401975,-0.000376447538281859,2.11430401222627e-05,0.00101819402534903,-0.0100954804732766,-5.01458003192919e-05,-0.000347342416049554,0.0028578510318379,0.000502659143798087,-0.0112895564542625,-5.48260200689595e-06,0.00581700002043328,-0.0283105879043874,-4.52714629736286e-06,-1.19818305717922e-06,4.08192597890129e-06,0.000547748254340258,0.000155433309876683,2.88235316296791e-05,-0.000783201683912698,2.41929548316797e-06,-0.000160729783587889,5.22917910906508e-06,3.01028943460436e-06,-1.71274355433017e-06,4.49054079431975e-05,-0.0849268555577987,-0.0480741955778854,-3.74842031074457e-05,1.37548213692194e-05,-5.73270871688587e-06,1.34900154042696e-06,0.00341594813593321,4.54160541994489e-05,-0.310295166708217,-0.000360035871212184,0.00291223600581521,-2.71877806604651e-06,-2.25265028756424e-06,0.000112604161064495,-6.45441123728396e-05,4.78150823668509e-05,-0.000458360588146383,8.83881353082484e-06,-0.000913579918128806,0.000160462649010502,-3.85729502775489e-05,0.000172210643144097,-1.41918982193196e-06,3.71974086728344e-06,-1.27557114629898e-05,-8.14318440263565e-06,3.4157430068042e-06,0.000352289830826123,-2.93098933046433e-05,4.27013399218052e-06,-0.00117237098271871,-0.000141982440182018,8.79322702891242e-06,0.000680813252012208,-0.000945421482287702,-2.79211157323865e-05,0.0025333205619203,5.8883868065225e-05,-1.08472466187114e-05,-0.00169840526397584,-6.73053039207736e-08,9.4415922303262e-06,-0.000114410532305417,7.15906312911962e-08,4.97780457781721e-05,-4.61666636657833e-05,-1.11115699560314e-05,-1.36322370599594e-05,-1.60601585549616e-06,1.02794993781026e-05,-0.000128715834494263,-0.0142267334029053,2.32402075856568e-05,-1.2241592853428e-07,1.9551160593918e-05,3.45136106276428e-05,-4.01617741090377e-05,1.1718440994892e-06,-0.000333396650020245,4.35544408401447e-07,-0.000510166677187076,1.52990585359407e-07,5.1936203993676e-06,1.08919193523135e-05,-3.39447721207219e-06,3.99182349176247e-06,-4.2773357033882e-06,5.20810726373133e-06,-0.000593502635743258,0.000694533070733267,-0.000120259251037154,4.99935454306523e-05,-3.20673690133088e-05,0.0001407885011077,-0.250785337993626,0.058720559056542,-5.02272599585726e-05,0.000137820420778262,-1.32319199739623e-05,0.000169346885304665,-5.22347505184209e-05,-0.00179914561558281,-1.23570059007117e-05,2.59076280883806e-05,-1.85683390071371e-06,-0.000112441067893254,3.32410400977363e-08,-2.10463298761984e-05,0.0017378441593548,8.5272987285624e-09,0.00031213420650482,6.50840073799962e-05,-1.1714448074221e-05,-5.7265175468427e-07,7.40821931071317e-06,5.00545168897653e-07,2.88935715136377e-09,-2.96093919959852e-06,-4.32065920336023e-07,2.52115725705039e-05,1.66808530687627e-06,-2.98524202188621e-07,-3.71826638194839e-07,-0.000208934434632752,-2.4801175924227e-07,6.32308707274506e-05,-2.20591465936724e-07,-0.000366746664705874,2.54631239732606e-05,-3.11309921075709e-06,-0.00143689850626254,-2.02859769357527e-06,-2.38638035520998e-06,3.50140806877908e-07,-2.78360787694938e-05,-3.57723115396871e-06,2.39769588552882e-06,-1.63756638873309e-06,0.000268701607672657,2.63539152918295e-05,0.000227880940310072,1.76450320956092e-06,-3.36779721852178e-06,-5.96909935745106e-07,7.38370929341616e-08,2.66765838937063e-05,4.80681527795996e-07,9.82496477448762e-07,4.31236975239684e-08,-1.68712010946618e-06,-7.19776694918064e-05,-8.05121606017322e-06,3.26818014269271e-05,9.03046150249047e-06,-1.9102489009696e-06,-7.7312060628855e-09,-2.39450113893629e-07,-1.06799371055696e-07,-0.000900869965332012,0.000581545317079569,0.000958530235594151,-4.07600943749443e-06,-3.46707316536263e-05,0.000872120520474044,2.8314768489146e-05,4.83397552926357e-09,5.4584345170584e-07,-0.0141130615173797,-0.000141555903647566,-7.13808407321777e-06,0.383025576593418,-1.49560117524557e-05,-3.3129464032055e-05,-3.09278558419418e-05,4.3543964979741e-07,1.69735195396739e-06,0.000525056350529431,1.98877259257299e-06,-0.000258426275156821,-1.19715173738447e-06,4.84077676136106e-05,6.73436976514186e-09,8.77288497377947e-05,4.8042336977541e-07,4.75428603731538e-07,2.95102944180184e-05,-1.48063152378203e-08,-3.17734607477378e-09,8.32055487628969e-09,6.11505179347044e-09,-2.69370292224787e-06,-1.38103111179551e-06,-6.66359337149828e-07,9.36696242220879e-07,2.12815706541719e-07,9.31855613885436e-07,-3.01041251907589e-06,-1.74280429582683e-07,-1.65652175440046e-05,-9.94343329699451e-08,-2.2257476886792e-05,-7.47745155860369e-06,4.09097049000837e-07,8.56759687876284e-08,2.63540133790677e-06,9.74845482209697e-07,-5.72602943915172e-07,-1.04371700802232e-08,-4.65938312864852e-06,9.87797904118402e-17,-4.47212645204973e-08,6.40912502456945e-07,-1.33200859214598e-07,-3.47239501539847e-07,-4.72017386711434e-06,6.5311695181153e-08,-9.37959683938788e-07,4.1801971894903e-07,-8.03122078994e-07,5.17711479379104e-07,-1.0561480951713e-07,4.28453582197393e-05,-2.80002930931227e-08,3.08310149822693e-06,-2.63593998741282e-05,1.13395696696345e-08,-7.47923265204467e-10,3.5805397705462e-08,-3.4045366752987e-08,5.36183798296351e-07,1.36991533401508e-05,-2.60196217791151e-06,5.1007096453017e-07,-9.27563288651859e-06,1.08451231135214e-05,-6.5666973376454e-07,6.68926941560598e-06,-2.26293171809618e-06,8.8388869540752e-09,7.69136473437252e-05,3.73569670273005e-07,3.20323587040692e-05,8.07978851640839e-09,-2.47660161333824e-06,2.24763151196684e-07,-2.82745476912509e-07,4.48086450351521e-07,-8.6751974810139e-07,6.76735528105699e-07,-4.96402416661007e-08,9.59054763388143e-06,-4.17705513103455e-08,6.87667815059437e-06,-4.65707602546538e-19,-1.70087932932465e-05,-1.6936379485238e-06,-1.81634224878567e-11,-1.60693447509843e-07,2.39152617850169e-07,-1.49175525846333e-07,-4.25003048351522e-08,5.29305281765171e-09,-2.37982339174146e-07,9.01522054251087e-06,3.2941826358502e-05,-4.43194904153069e-08,4.01447600328909e-05,-0.00294459049858547,2.68293369312036e-07,-1.67732026155253e-05,2.51862937180203e-07,4.40863145000246e-07,6.80772490326026e-09,1.97281121202469e-05,-2.73566525551543e-06,1.22062134219513e-08,-3.87337768843247e-06,4.6132379139606e-07,-1.68438137843763e-06,1.32242569990561e-06,0.000110756837491162,5.7990469587345e-07,-1.86243261165845e-07,-1.2428005657324e-06,1.29141767284165e-07,-6.11910840011306e-07,1.65361574610375e-05,7.06592028096137e-06,-3.36613272139526e-05,-1.29481704410379e-16,2.75482865822071e-06,2.43075923636641e-06,-7.07252497926612e-06,0.0563043645475651,-4.43238772153499e-06,-0.0113961000538641,-8.14217781196241e-05,5.7940197368533e-06,-1.10117026834769e-05,-5.28681422616834e-16,2.09760511085541e-05,1.3857996257223e-09,3.72961215700433e-06,-1.53477329327309e-08,-1.03838626678348e-08,-5.86357323528865e-07,-2.24912727303829e-06,7.79648919427568e-07,-1.07768221011042e-07,8.08946938526359e-06,-2.8120508518573e-08,-2.79201731633549e-06,-3.8095315172441e-09,-6.15345410802208e-10,-3.07807803880149e-05,4.47553271344335e-08,-9.09171127554629e-06,-1.86246721124793e-16,-2.67394939330296e-07,2.13699142075606e-08,6.15975686733152e-10,5.73055471078154e-09,-8.77244273999617e-06,-4.39293922201732e-05,1.96741489953686e-07,-7.22961664152402e-07,-4.16948777768313e-07,-3.22887766800707e-16,-7.19781050730869e-05,-2.55980776025224e-08,-9.51851830176786e-06,4.72264221665002e-16,1.88795086003614e-06,2.43837210074226e-07,-3.76910554440328e-08,-1.56732581644569e-05,-0.000300610739161468,-2.4138625380306e-06,-8.1610267725814e-07,2.60306130851858e-06,1.89177974192517e-07,1.05899789605996e-08,2.49072330210167e-06,7.55390573864646e-08,-1.10817878187706e-16,-3.06950971444707e-08,1.13985651188989e-06,4.95311466067595e-07,-3.14744373792589e-06,1.61260400720824e-17,-6.56451845791572e-08,1.2344482341279e-08,-1.41663649048179e-06,-2.04222646172873e-08,-6.93807885794909e-05,7.17768713132824e-08,-9.67380841184606e-07,5.37994519915331e-06,1.08025226512337e-16,2.00707913505136e-05,-9.54518769972785e-08,2.79080255278462e-07,3.03070108719336e-05,-3.98712369255235e-08,-5.05425332201308e-08,2.4980018054066e-16,5.24370751880274e-17,-4.75976216049616e-08,-5.67159555168106e-08,7.53297402824802e-09,-0.000474286343690844,2.63107088228041e-15,-4.0009131419273e-06,-4.96640907950715e-08,-4.11704184054103e-17,1.14698847174749e-16,-1.6569514145965e-16,0.00513574782727667,-1.37697254163655e-07,-1.74263288675044e-07,6.46110415010218e-06,9.28867529971506e-07,1.85516193739582e-07,-8.09784453382736e-08,4.46079537568888e-17,-1.89757715433678e-08,5.40883158163146e-08,7.03515518664733e-17,2.47181374037015e-17,-3.53769301028526e-08,-1.92365554402607e-08,-2.12980246501877e-08,5.41004552797034e-06,2.13245774089456e-08,-7.97890884722369e-06,-2.93757392287441e-16,-3.0185974890798e-07,-1.73418340915789e-16,-9.88183870977289e-06,-2.53052787058117e-16,-2.4176513686975e-08,-8.11556933618275e-17,1.00022296232698e-07,2.63760101999272e-08,1.19640583797455e-06,1.65721860078446e-06,7.33921889434173e-08,-8.55429367840173e-09,5.53048087644721e-08,1.21938491813208e-07,0.000639733041754808,2.7135033514916e-07,1.80321602036677e-08,-5.47693735486858e-08,-0.000648159733817998,-6.84386703437262e-07,-2.30038801623412e-08,8.52453947419429e-17,2.25771257767111e-07,-3.96957784761809e-08,2.11951673105537e-08,1.95474039759777e-16,3.69064792363769e-06,1.14344947161887e-06,3.6782545777041e-07,-1.12152338523759e-16,-8.93707248191333e-08,-4.69816785873164e-05,1.25635453303284e-16,-6.30869072793937e-08,1.45411918598529e-07,-2.90826760347245e-17,3.70689112520753e-16,-5.47567774205985e-09,-2.78664411252114e-05,-1.57704301646351e-07,-9.06364397066433e-05,6.72024394134186e-07,1.77542531570314e-08,1.82069021727188e-06,1.62204668376085e-07,-4.11733519009806e-06,-2.84060969191202e-16,7.64166204127556e-10,3.22755323944026e-06,1.43549371889441e-06,1.44869396547536e-05,-1.41512130233672e-15,9.22025988892077e-17,2.07764293904596e-06,-1.71025131441855e-17,-7.28203277732118e-16,2.21075047679935e-07,-3.27103794918666e-07,-6.12481615982248e-08,-3.477587348155e-07,1.59092092225642e-06,4.15747228224221e-07,5.32637294455717e-07,-6.95783398716563e-17,2.88848724314018e-06,1.26070046194299e-06,6.2367492364233e-07,-6.00838671453783e-08,2.41862257902292e-07,-2.57469648404169e-16,6.41898840129724e-16,4.59878216979536e-16,-2.12914809110464e-05,-1.06051581582693e-08,-6.88244488644396e-07,1.96522579359531e-16,-8.2535699759782e-09,3.9945565720322e-17,2.0266409418605e-16,1.44795691477554e-06,-3.62886585267133e-07,2.62810606610486e-16,-3.05311282609374e-06,-4.16582606159231e-08,-5.42546804388405e-16,9.66115909043263e-08,2.18039785844103e-16,3.70227076294204e-06,4.28303964757088e-16,3.70396126383773e-06,3.06252423882044e-07,1.11231419029231e-08,1.1026171087964e-06,7.63537608061241e-06,-3.76475405474818e-08,1.22070549082978e-06,1.89721820301984e-16,7.81340305557513e-07,-4.45166968252837e-08,1.64389045929821e-16,-5.94032159593491e-09,-1.24026389968875e-07,2.94855544185263e-08,1.29710357257298e-15,1.0322735547696e-07,1.39189263235194e-07,1.14331574896661e-16,-3.96699284245134e-06,-3.05271620222936e-06,-4.40014928324034e-09,-9.65475540685616e-16,2.96801031200207e-16,9.18188079756462e-08,3.18321397715815e-06,2.62170325460628e-07,-7.14987839809741e-08,3.97039234780097e-06,-4.21385029306485e-15,-2.19785549759899e-15,1.6487453547529e-05,5.04984468250826e-08,2.40103900501317e-15,5.38618111935707e-05,8.21024097247125e-16,4.01010477194384e-07,-2.51099886809881e-05,-0.000384762606465707,-0.389625571737898,2.90891477471137e-14,-2.51107079155236e-15,7.39919024256546e-15,-2.60348161280179e-15,2.1396452097177e-08,6.80003077727149e-08,5.27559674943195e-15,1.67966471703832e-15,2.27556806843294e-15,-7.27594507237219e-08,-5.89729930427126e-10,2.53428123016064e-08,-8.8554668886136e-16,-2.1469371419558e-15,2.67906356821168e-15,5.72247831726897e-07,-1.71841497113903e-08,6.62754723351414e-16,-2.45743765598297e-09,5.94234584773974e-08,6.82264495605329e-16,2.04651852038797e-18,3.56589467690105e-06,3.46223731441474e-10,1.57241441479721e-06,2.68701249832962e-16,-1.43996012593061e-08,-2.1202115886384e-07,-2.00194349556155e-07,6.26342921815742e-07,3.54275833554087e-08,-5.26607675889757e-10,-1.04597839813536e-15,1.71511239988063e-15,2.56135497236846e-16,-5.67325064699675e-09,5.08687111429421e-09,1.67900989455363e-06,8.52164676316566e-10,-2.8017148507535e-16,-1.01957922619175e-15,3.85957113335408e-16,1.83287260083933e-16,2.24131323478552e-15,-1.86649052980365e-09,-3.2425728362927e-16,3.18877386857815e-16,1.85955440205311e-08,-1.62300337879909e-16,1.60639642364505e-08,-2.00319495924491e-16,1.71488500686778e-07,-1.04396478330716e-17,-3.725041682596e-08,-1.24943522848957e-09,-2.0690555660389e-09,-1.0783729309178e-16,1.16752295583011e-07,-4.12211765468751e-17,3.05424070358059e-08,-7.23303900512897e-09,4.05642776073367e-11,9.42179171996501e-16,2.50138533212098e-07,3.75246432194953e-16,-2.08772485728358e-08,-1.0726669609657e-08,-6.69043639751865e-16,-1.11747627276418e-16,2.70490102019851e-17,7.78740944464499e-17,-1.79827033689476e-09,-5.48097558796042e-08,-1.25701485832317e-08,2.91405825571041e-16,1.12865428386001e-16,-1.44326045898657e-09,1.1827312275392e-08,2.92005628178203e-16,5.67141385631468e-17,-2.66166198327346e-08,7.91138263931923e-18,-3.38015527474818e-05,4.6142671128274e-16,5.05707707496007e-08,1.01564557829373e-16,-1.76887118034487e-13,-4.16517567702675e-17,-2.65875591633882e-16,6.81219920541069e-19,7.49476991871025e-16,1.07590977297277e-09,-7.53342551226599e-09,9.12306966395486e-17,-5.15633388059094e-09,2.19288940225877e-07,-4.85728247506488e-16,-3.30632854063369e-17,-3.18621539804367e-16,-2.1234747784383e-17,1.16843112993968e-05,3.4154030241059e-08,-2.85579902907705e-16,1.11712841430446e-16,-4.21176643026363e-08,-1.36247178423885e-08,-2.07308315876835e-10,-1.14285461227605e-16,2.47239184243667e-17,-4.84777763954499e-17,-2.41918438399517e-17,-2.87680832681571e-16,-7.56163801065204e-16,8.94980649962504e-07,-3.11686689100095e-07,-1.64768826439929e-07,-5.77806137388506e-17,-5.42271289735919e-16,2.90077136891833e-17,1.57118515817177e-16,2.20609642622157e-17,-1.15442590499801e-15,2.3357854470125e-16,1.52011188100475e-16,3.68250918396765e-17,-1.00849667541197e-17,6.84146369115612e-17,-1.03227863519539e-16,1.72819891445501e-16,-1.45061912342463e-16,9.60898660948714e-10,1.63592761733404e-17,2.15565662411384e-15,-3.94514457904377e-17,1.37418005134765e-08,-1.55463827418736e-07,-1.42002365799708e-16,-3.55987323446214e-10,1.27581412247887e-08,1.36370434164603e-16,5.80074988882123e-16,-2.49576497881507e-08,-6.46715539932595e-16,3.24072169402858e-10,3.14941467010989e-17,-1.42534584424111e-16,1.28672512462546e-17,-1.9380510158169e-16,3.03983309580471e-07,-4.47078186392268e-08,9.58201999612662e-16,-1.36797785381248e-16,-1.56017293487238e-16,-4.91580576300604e-16,-1.55040910665427e-16,1.13901542813649e-16,7.24662072803317e-17,-1.29082078605359e-17,5.78732172445263e-10,1.2504922015102e-17,2.98472240043929e-17,-3.70571796305766e-18,2.11500351912168e-16,-3.03599183586157e-16,1.18255424658004e-16,-1.275420199413e-07,-7.76498743265175e-18,-1.98012746711858e-16,8.64890396675087e-09,-2.24506732647547e-16,1.14806327095489e-16,4.11704479400139e-17,-5.30491723455918e-17,7.41873414147923e-09,-2.56421836778124e-17,-3.07196285216765e-05,-3.65289851051568e-17,6.05287564257427e-17,1.36145523505717e-16,3.42436785850074e-16,-8.38388868182889e-17,5.89446394834558e-16,8.96826831660714e-09,-4.07433572360232e-16,-2.44421764933331e-16,1.14038250267216e-09,-1.12763526185716e-06,6.03447402919938e-17,1.95188937933284e-07,2.65766804905141e-07,-1.14121106098813e-16,1.69432701623997e-16,-1.84434989395702e-16,-1.13100590634565e-16,-3.3320777225753e-16,-4.56996936887088e-07,-2.30342044442252e-16,-4.0493730276867e-16,-1.0018365195837e-17,1.83999665345236e-07,-5.15058591745029e-16,-3.93856205351728e-17,-5.81788931864819e-16,-1.20730871262542e-16,-8.44443085453352e-08,2.4639212164502e-16,2.49523084702348e-10,-1.2743264344723e-16,-2.39315577810904e-17,2.18966025179313e-18,6.3481367439514e-17,-4.02206067484999e-17,1.33454491187579e-16,1.41887887661158e-17,-4.38006775251069e-09,-2.35290040359042e-16,3.34343934773485e-16,1.84659700682541e-09,3.68336316237633e-16,-1.31057552877391e-16,4.31008650130323e-16,-3.46600811517263e-17,-1.35828302296676e-16,4.55771547534074e-17,-1.35020798717031e-08,1.4034265543971e-16,3.5313906558645e-16,4.03560622809972e-09,-1.2297155609928e-16,-5.99676747035275e-17,3.50803498441798e-16,1.5449763340398e-16,-3.62854395759305e-16,5.37398295473096e-16,-8.73398515716457e-18,3.30763790423814e-16,1.56082602770219e-16,-2.44724672517037e-17,-1.22317029870456e-16,-2.14558785328535e-09,7.12588910302981e-09,2.72210821377414e-17,3.56191990529841e-16,-1.21721115630231e-16,4.15260128541294e-16,-6.24500451351651e-17,5.30099697918306e-16,-2.54517678512827e-16,3.90988924538982e-16,-6.84604850575372e-09,4.6829321314058e-17,-4.96887582654176e-17,-1.19309436173072e-16,1.8360966844036e-16,8.02199018210791e-10,4.05004782381493e-16,-1.28119995083898e-10,3.21175578475345e-16,-1.30927916021963e-16,-3.68932898411847e-16,6.73265743664721e-16,1.25226235518996e-18,5.65591654869509e-16,-4.37079668398678e-16,-1.74320993269409e-16,-2.43712220535681e-16,1.94536608900231e-16,8.35965319598896e-16,-2.22669148311296e-16,2.12187908945195e-16,-1.03369484275926e-16,-2.94181560444097e-16,-1.12257961922511e-15,1.87077235644423e-16,2.14845192240777e-15,1.04666310111226e-16,2.5317475631349e-16,-2.56739074444567e-16,2.35091615502146e-16,4.7012778631855e-16,-4.30685564485206e-16,4.33896278741143e-17,6.34967457834276e-09,-6.65108392963541e-16,4.56454370975816e-16,7.11861787732125e-17,1.62269287086838e-16,1.49806712902659e-16,-2.04078128265234e-17,5.74070671954144e-16,-6.46375922841117e-16,-2.19723554183676e-16,2.81312905375387e-16,-1.34874750257197e-16,-9.39893983843586e-16,-2.00999216730787e-16,3.6050908098834e-16,2.04563926061084e-16,-4.31560072907526e-16,2.11658114987877e-16,-5.23638735812334e-06,-5.94913712980276e-17,-8.30657729313314e-16,2.05202019095632e-15,6.12431509448221e-16,1.98785786752128e-15,1.68472931514958e-15,-4.91274487869109e-16,-7.47789785440116e-16,6.86834402546741e-16,1.9284695924158e-09,-1.09556497871455e-15,-9.08299765869611e-16,-3.98712100320742e-15,1.90831495202164e-16,2.53271972642072e-15,1.44408928139044e-15,5.66417948674248e-15,-0.707106781186549,-3.52186246137338e-14,-4.74496250278752e-14,4.58588659408688e-15,-2.01454848608437e-15,-5.57147943565459e-15,9.10144628393859e-08,-1.29740506590516e-15,-1.61616639394171e-15,9.11486326320709e-16,-1.09591155594835e-15,-2.71983697535569e-09,-2.86931025644807e-16,-4.58556185298638e-17,5.65369247987087e-16,-1.10504033292812e-15,7.08018262990434e-16,3.65682044370196e-16,-3.33023001489978e-16,7.83472768823159e-16,-4.22249344629497e-16,4.54504805802131e-16,-2.54023777039001e-16,4.27109561517797e-16,-1.05269545920853e-16,1.0578495117917e-16,3.43425289595413e-16,-1.24982715451605e-16,-2.86673380837978e-16
"t921",0.0360371686788426,-0.0110054294589236,-0.0120807564423196,0.000756812175304446,0.0078958942144433,-0.0287907286784428,-0.00435913614282502,-1.57842965472745e-05,0.0383635875606113,-0.00134111933265552,0.00148017114436316,-0.000673563553399655,0.0017309626164969,0.000418688950009053,0.0166346982124944,-0.00066454671223704,-0.000551998645904969,8.11980492213212e-05,0.0496954704050584,0.128239278663981,-8.33634027136887e-05,5.32829197439719e-05,-0.0146745927401976,-0.00037644753828182,2.11430401222648e-05,0.00101819402534902,-0.0100954804732766,-5.01458003192789e-05,-0.000347342416049545,0.00285785103183788,0.000502659143798083,-0.0112895564542626,-5.48260200688554e-06,0.00581700002043329,-0.0283105879043875,-4.52714629735097e-06,-1.1981830571777e-06,4.08192597884169e-06,0.000547748254340242,0.000155433309876712,2.88235316296776e-05,-0.00078320168391271,2.41929548317464e-06,-0.000160729783587819,5.22917910905293e-06,3.01028943466293e-06,-1.71274355425609e-06,4.49054079432108e-05,-0.084926855557799,-0.0480741955778855,-3.74842031074341e-05,1.37548213693206e-05,-5.73270871689192e-06,1.34900154041655e-06,0.00341594813593299,4.54160541994236e-05,-0.310295166708217,-0.000360035871212147,0.00291223600581537,-2.71877806604375e-06,-2.25265028756781e-06,0.000112604161064499,-6.45441123728656e-05,4.78150823667583e-05,-0.000458360588146324,8.83881353084634e-06,-0.000913579918128811,0.000160462649010517,-3.85729502775085e-05,0.000172210643144251,-1.41918982187281e-06,3.71974086724354e-06,-1.27557114629918e-05,-8.14318440245899e-06,3.41574300674093e-06,0.000352289830825975,-2.93098933046546e-05,4.27013399216655e-06,-0.00117237098271873,-0.000141982440182038,8.79322702891736e-06,0.000680813252012173,-0.000945421482287658,-2.79211157322631e-05,0.00253332056192029,5.88838680652716e-05,-1.08472466187352e-05,-0.00169840526397584,-6.73053039279513e-08,9.44159223027763e-06,-0.000114410532305404,7.1590631273849e-08,4.97780457781615e-05,-4.61666636658237e-05,-1.11115699560411e-05,-1.36322370598882e-05,-1.60601585550671e-06,1.02794993781905e-05,-0.000128715834494304,-0.0142267334029054,2.32402075856379e-05,-1.22415928516681e-07,1.95511605939013e-05,3.45136106276567e-05,-4.01617741090461e-05,1.17184409952723e-06,-0.000333396650020331,4.35544408403082e-07,-0.000510166677187127,1.52990585344012e-07,5.19362039935509e-06,1.08919193522908e-05,-3.39447721203245e-06,3.99182349165459e-06,-4.27733570342819e-06,5.20810726371012e-06,-0.000593502635743244,0.000694533070733263,-0.000120259251037135,4.99935454306232e-05,-3.20673690131387e-05,0.000140788501107668,-0.250785337993627,0.0587205590565422,-5.02272599586111e-05,0.000137820420778236,-1.32319199739068e-05,0.000169346885304684,-5.22347505184853e-05,-0.00179914561558288,-1.23570059006966e-05,2.59076280883608e-05,-1.85683390070586e-06,-0.000112441067893254,3.32410401009538e-08,-2.10463298762737e-05,0.00173784415935427,8.52729878127495e-09,0.0003121342065049,6.50840073800623e-05,-1.17144480742343e-05,-5.72651754605184e-07,7.40821931066913e-06,5.00545168886134e-07,2.88935713018117e-09,-2.96093919958358e-06,-4.32065920343968e-07,2.52115725704688e-05,1.66808530685235e-06,-2.98524202191461e-07,-3.71826638169252e-07,-0.000208934434632713,-2.48011759192844e-07,6.32308707274277e-05,-2.20591465911617e-07,-0.000366746664706215,2.54631239732868e-05,-3.11309921070128e-06,-0.00143689850626333,-2.02859769361812e-06,-2.38638035519417e-06,3.50140806924779e-07,-2.78360787695166e-05,-3.57723115401203e-06,2.39769588538577e-06,-1.63756638877036e-06,0.000268701607672667,2.63539152919426e-05,0.000227880940309751,1.7645032096393e-06,-3.36779721855344e-06,-5.96909935935561e-07,7.38370929669994e-08,2.66765838937243e-05,4.80681527864079e-07,9.82496477445916e-07,4.31236974507823e-08,-1.68712010964448e-06,-7.19776694915818e-05,-8.05121606000454e-06,3.26818014268578e-05,9.03046150251282e-06,-1.91024890098507e-06,-7.73120595798381e-09,-2.39450113902812e-07,-1.06799370921459e-07,-0.000900869965331919,0.000581545317079404,0.000958530235594341,-4.0760094376277e-06,-3.46707316537223e-05,0.000872120520474207,2.83147684891664e-05,4.83397554863192e-09,5.45843451582477e-07,-0.0141130615173792,-0.000141555903647212,-7.13808407338158e-06,0.383025576593417,-1.49560117522875e-05,-3.31294640321739e-05,-3.09278558419256e-05,4.35439649705393e-07,1.6973519541643e-06,0.000525056350529619,1.98877259252822e-06,-0.000258426275157047,-1.19715173746773e-06,4.8407767613768e-05,6.73436969350366e-09,8.7728849737724e-05,4.80423369734912e-07,4.75428603730428e-07,2.95102944180187e-05,-1.48063154322624e-08,-3.17734610056045e-09,8.32055494172976e-09,6.11505182531395e-09,-2.6937029222496e-06,-1.38103111189027e-06,-6.6635933721929e-07,9.36696242381368e-07,2.12815706479927e-07,9.31855613830346e-07,-3.01041251906591e-06,-1.74280429676876e-07,-1.65652175440997e-05,-9.94343329474046e-08,-2.22574768867465e-05,-7.47745155870107e-06,4.09097049036156e-07,8.56759686896194e-08,2.63540133789507e-06,9.74845482309463e-07,-5.72602943905442e-07,-1.04371699924473e-08,-4.65938312877651e-06,1.03689804461202e-16,-4.47212644521045e-08,6.40912502462149e-07,-1.33200859195666e-07,-3.47239501631103e-07,-4.72017386702504e-06,6.53116952696739e-08,-9.37959684030904e-07,4.18019719218576e-07,-8.03122078887843e-07,5.17711479413754e-07,-1.05614809351704e-07,4.28453582196259e-05,-2.80002930965252e-08,3.08310149816899e-06,-2.63593998740427e-05,1.13395696866843e-08,-7.47923187141911e-10,3.58053976638684e-08,-3.40453667115503e-08,5.36183798215164e-07,1.3699153339992e-05,-2.60196217786362e-06,5.1007096461101e-07,-9.27563288656045e-06,1.08451231136285e-05,-6.56669733521891e-07,6.6892694156758e-06,-2.2629317181432e-06,8.83888690643202e-09,7.69136473438322e-05,3.73569670205926e-07,3.20323587037696e-05,8.079788654003e-09,-2.47660161327528e-06,2.24763151324549e-07,-2.82745476693934e-07,4.48086450446428e-07,-8.67519748021221e-07,6.7673552809425e-07,-4.96402414463046e-08,9.59054763360212e-06,-4.17705512160084e-08,6.87667815068455e-06,-1.92426233604139e-16,-1.70087932934201e-05,-1.69363794825574e-06,-1.81635692792664e-11,-1.60693447547524e-07,2.39152617765733e-07,-1.49175525879796e-07,-4.25003047539724e-08,5.29305281674778e-09,-2.37982339093922e-07,9.01522054230569e-06,3.29418263587568e-05,-4.43194904113415e-08,4.014476003286e-05,-0.00294459049858621,2.68293369260993e-07,-1.67732026157003e-05,2.51862937040992e-07,4.40863144857699e-07,6.80772482064564e-09,1.9728112120292e-05,-2.73566525548102e-06,1.22062132022919e-08,-3.8733776884923e-06,4.61323791459624e-07,-1.68438137850961e-06,1.32242569988107e-06,0.000110756837490988,5.79904695725961e-07,-1.86243261006577e-07,-1.24280056572349e-06,1.29141767468438e-07,-6.11910840134041e-07,1.65361574614226e-05,7.06592028102599e-06,-3.36613272141269e-05,2.83317848492224e-16,2.75482865790853e-06,2.43075923616842e-06,-7.07252497926568e-06,0.0563043645475661,-4.43238772123692e-06,-0.0113961000538638,-8.14217781194366e-05,5.79401973692872e-06,-1.10117026835023e-05,-3.23285252614139e-16,2.09760511088072e-05,1.3857994529602e-09,3.72961215737482e-06,-1.53477328980528e-08,-1.03838625381601e-08,-5.8635732346416e-07,-2.24912727347966e-06,7.79648919501766e-07,-1.07768220920454e-07,8.08946938520217e-06,-2.81205086795178e-08,-2.79201731655477e-06,-3.80953155853072e-09,-6.15345204803795e-10,-3.07807803878089e-05,4.47553267767508e-08,-9.09171127544264e-06,-1.93014644094746e-16,-2.67394939087792e-07,2.13699140791911e-08,6.15975586537042e-10,5.73055423576141e-09,-8.77244273982664e-06,-4.39293922201991e-05,1.96741489869985e-07,-7.22961664053404e-07,-4.16948777553337e-07,-1.94718501723945e-16,-7.19781050726879e-05,-2.55980777376662e-08,-9.51851830174218e-06,5.33777850734115e-16,1.88795086024299e-06,2.43837210629417e-07,-3.76910556869043e-08,-1.56732581642189e-05,-0.000300610739161984,-2.41386253766846e-06,-8.16102677250778e-07,2.60306130841684e-06,1.89177974121777e-07,1.0589978995703e-08,2.49072330217342e-06,7.55390577818869e-08,-2.54297002807582e-17,-3.06950971660132e-08,1.1398565121862e-06,4.95311466217081e-07,-3.14744373769288e-06,4.50867668715289e-17,-6.56451844597082e-08,1.23444821335458e-08,-1.41663649042033e-06,-2.0422264733945e-08,-6.93807885792164e-05,7.17768716814232e-08,-9.67380841373725e-07,5.37994519879798e-06,1.03496257620884e-16,2.0070791350395e-05,-9.54518769222517e-08,2.79080255753049e-07,3.03070108724066e-05,-3.98712369952294e-08,-5.05425332429626e-08,7.63278329429795e-17,1.19038424687988e-16,-4.75976214447287e-08,-5.67159554776438e-08,7.53297377541652e-09,-0.000474286343691647,2.69336057918029e-15,-4.00091314192235e-06,-4.96640904832624e-08,-2.81514752022607e-16,1.262665801564e-16,-1.6944228996309e-16,0.00513574782727701,-1.37697254451212e-07,-1.74263288455336e-07,6.46110415004395e-06,9.28867530473358e-07,1.85516193378679e-07,-8.0978445698742e-08,1.23117925432335e-16,-1.89757717050499e-08,5.40883157748543e-08,8.29585600398382e-17,-2.78435961276109e-16,-3.5376930130739e-08,-1.92365551410399e-08,-2.12980244506907e-08,5.41004552779355e-06,2.13245778402146e-08,-7.97890884759319e-06,-5.79747599908953e-17,-3.01859748753156e-07,-1.01718926723439e-16,-9.88183871015875e-06,-1.98408997564847e-17,-2.41765135629584e-08,3.03164201209496e-17,1.00022296055091e-07,2.63760103321246e-08,1.19640583809269e-06,1.65721860077512e-06,7.33921884653664e-08,-8.55429281116366e-09,5.53048083853854e-08,1.21938491799705e-07,0.000639733041755045,2.71350335304059e-07,1.80321604858855e-08,-5.47693736594222e-08,-0.000648159733817899,-6.8438670355042e-07,-2.30038802109215e-08,1.79839061327193e-16,2.25771257278937e-07,-3.96957780472078e-08,2.11951672899979e-08,1.40758751155093e-16,3.69064792391935e-06,1.14344947157144e-06,3.6782545803148e-07,-1.1483819502661e-16,-8.93707249821664e-08,-4.69816785874655e-05,3.23165608995381e-17,-6.30869072650319e-08,1.45411918612172e-07,-3.42261952410139e-17,-4.50325675086768e-17,-5.4756776794266e-09,-2.78664411257135e-05,-1.5770430244686e-07,-9.06364397058293e-05,6.72024394112122e-07,1.77542528395071e-08,1.82069021696565e-06,1.62204668157675e-07,-4.11733518977164e-06,-4.20670442924376e-17,7.64166176272194e-10,3.22755323955213e-06,1.43549371878775e-06,1.4486939654747e-05,-1.56217248404896e-15,6.08325001465754e-17,2.07764293886428e-06,1.12437473240132e-16,-7.68863337669501e-16,2.21075047831412e-07,-3.27103795293982e-07,-6.12481618022486e-08,-3.47758734737613e-07,1.5909209222494e-06,4.15747228292455e-07,5.32637294724839e-07,-1.49320616785179e-17,2.88848724331665e-06,1.26070046200487e-06,6.23674924006187e-07,-6.00838671486281e-08,2.4186225799016e-07,2.18144634644323e-18,4.47589234757289e-16,7.63671340843793e-16,-2.12914809113137e-05,-1.06051582748127e-08,-6.8824448852116e-07,-1.51497040522343e-16,-8.25357023473081e-09,4.16303142524115e-17,9.84246194838183e-17,1.44795691460842e-06,-3.62886585322311e-07,3.55618312575245e-17,-3.05311282596056e-06,-4.165826069949e-08,-4.26621239952381e-16,9.66115907053767e-08,-1.27988018577727e-16,3.70227076316785e-06,3.38780005845544e-16,3.70396126388413e-06,3.06252423848731e-07,1.11231420291534e-08,1.10261710914923e-06,7.6353760805455e-06,-3.76475405279662e-08,1.22070549073677e-06,1.47715674606596e-16,7.81340305361695e-07,-4.45166968026304e-08,-6.36545113652208e-17,-5.94032123249144e-09,-1.2402638993552e-07,2.94855541632994e-08,1.3597439000276e-15,1.03227355589299e-07,1.3918926333202e-07,3.07099106554886e-17,-3.96699284242653e-06,-3.05271620223816e-06,-4.40014909787758e-09,-1.46462562016517e-15,4.09498018962409e-16,9.18188078480256e-08,3.18321397713916e-06,2.62170325092662e-07,-7.14987835614532e-08,3.97039234738695e-06,-4.37940626400762e-15,-2.19588150752078e-15,1.64874535476165e-05,5.04984470747761e-08,2.29727115660184e-15,5.38618111929615e-05,7.59071149451452e-16,4.01010477048445e-07,-2.51099886812108e-05,-0.000384762606465488,-0.389625571737898,2.92502238374678e-14,-2.36590224376237e-15,7.19217954295511e-15,-2.69477880961682e-15,2.13964520657913e-08,6.8000307748989e-08,6.08399239793593e-15,1.58918456105985e-15,2.26473563852838e-15,-7.27594508848832e-08,-5.89730439970681e-10,2.53428123863725e-08,-9.90806943168957e-16,-2.57942538856026e-15,2.26695832244994e-15,5.72247832010272e-07,-1.71841500977261e-08,1.22082381157243e-15,-2.45743892819705e-09,5.94234582480784e-08,6.25443642057456e-16,1.84541275266296e-17,3.56589467659133e-06,3.46223682471832e-10,1.57241441474199e-06,3.70110828229758e-16,-1.43996012832748e-08,-2.12021158550324e-07,-2.00194349608604e-07,6.26342921278294e-07,3.54275829371127e-08,-5.26607549527309e-10,-1.00389806869393e-15,1.85228719945748e-15,2.18105034149247e-16,-5.67325052436417e-09,5.08687111384161e-09,1.67900989451577e-06,8.52164687748577e-10,-1.16858344767919e-16,-2.0439848327214e-15,-1.41346238036772e-16,1.02803134381668e-16,1.97487063239423e-15,-1.86648997238365e-09,-2.31825594107299e-17,-1.20557638831014e-16,1.85955436804408e-08,7.45498027445463e-17,1.60639642215556e-08,-1.52828146569699e-16,1.71488500521906e-07,-1.7836810630958e-17,-3.72504166233677e-08,-1.24943504642285e-09,-2.06905557917384e-09,-2.15553343364188e-16,1.1675229572377e-07,1.05768510181776e-16,3.05424067720829e-08,-7.23303932902748e-09,4.05641050998989e-11,8.09512886130176e-16,2.50138533062289e-07,1.52994293707805e-16,-2.08772487368221e-08,-1.07266698890634e-08,-1.67852302776619e-16,8.91832890989518e-17,-1.36867566986818e-16,6.52112464871124e-17,-1.79827029239427e-09,-5.48097555590751e-08,-1.25701483825329e-08,3.71237684834786e-16,-1.01502495169277e-17,-1.44326010466454e-09,1.18273121652371e-08,1.94332305079204e-16,1.76601515004636e-16,-2.6616620580297e-08,3.05483880859475e-17,-3.38015527478586e-05,2.72270583510076e-16,5.05707706949853e-08,6.41902743862155e-17,-1.77656855540477e-13,-9.55746981947414e-17,-4.11961583828157e-16,-1.22742919964392e-16,6.98092846647065e-17,1.07591078421036e-09,-7.53342506608715e-09,1.72241664274933e-16,-5.15633409930836e-09,2.19288940316567e-07,1.97502643433067e-16,2.90750727265769e-16,9.26537312469595e-17,-2.15954588930385e-16,1.16843112980827e-05,3.41540304925083e-08,1.07998672229371e-16,-3.88828416475543e-16,-4.2117663980662e-08,-1.36247177198981e-08,-2.07308291094213e-10,-5.61590006821429e-16,-4.17958970573952e-17,-6.40849696809289e-17,-2.13258982060613e-16,3.06910555166945e-16,3.90826654007578e-16,8.94980649413606e-07,-3.11686689733514e-07,-1.6476882561913e-07,-1.97827225575631e-16,-4.31234653444241e-17,-1.35827734555153e-17,-1.77153785708859e-16,3.78801792747805e-16,3.50988592812416e-16,-1.18964319012962e-16,1.07030464019841e-16,-1.20029002454356e-16,2.53935550866495e-16,1.32147426332396e-16,-5.57768088638375e-17,-3.93574353813483e-17,8.01399835435405e-17,9.60899261040879e-10,4.39471867342472e-17,-1.82726846123399e-15,1.71971558992653e-16,1.37418002950369e-08,-1.5546382720754e-07,-4.34550036446029e-16,-3.55986796592303e-10,1.27581414111419e-08,1.90311598859232e-16,4.07113007430532e-16,-2.49576502927669e-08,-4.77133420539849e-17,3.24072266840384e-10,1.37784661760392e-16,4.196021863675e-17,-2.16458144256198e-16,-1.30764509589508e-16,3.03983310264085e-07,-4.47078186676067e-08,2.93694396985594e-16,-1.86072598465956e-16,-6.37858475458491e-17,-3.14625229208365e-16,-4.08744219027035e-16,-3.28275322860119e-16,-1.295217163155e-16,-9.46464605014406e-17,5.78731991468749e-10,-1.38916692543755e-16,1.21638278901524e-16,-5.49953087860155e-18,-2.67986214455448e-16,-2.55826063698598e-16,2.65369165728319e-16,-1.27542021202113e-07,3.30165115649641e-17,2.59648667615709e-16,8.64890454872061e-09,5.63663658675683e-16,-1.11602958444669e-16,-5.05762136332629e-17,3.80988004016802e-16,7.41873385885755e-09,1.27394484040166e-17,-3.07196285226989e-05,-1.411478820332e-16,-6.59812448723043e-17,-9.29462446332583e-17,-4.74825494407079e-16,1.08287522454515e-17,-4.76541047192697e-16,8.96826893292814e-09,-7.38716043685492e-16,4.97617640398564e-17,1.14038232293145e-09,-1.12763526130515e-06,-2.54234520856127e-18,1.95188938119534e-07,2.65766805634918e-07,-2.63080782972725e-18,-3.54887557985397e-16,-1.37478050490413e-16,1.25744031398059e-16,-2.47338349150578e-16,-4.56996935966048e-07,4.86034384789952e-16,2.96567337334343e-16,2.05505776645835e-16,1.83999665634817e-07,2.10543045694276e-16,-7.46799957188038e-17,7.61917988180548e-16,8.34500674089623e-17,-8.44443088497609e-08,-6.9341216311888e-16,2.49523968869066e-10,1.32765029123354e-16,4.18206094734053e-16,2.13811814216816e-16,-1.91999383854255e-16,-1.80257972999544e-16,-1.80856917157353e-16,-3.84638508948064e-18,-4.38006802698932e-09,1.65313441779427e-16,-2.58804216998336e-16,1.84659632156405e-09,-3.6639792790636e-16,6.07966182225126e-17,-6.01122012400698e-16,3.26346242383462e-17,9.62526618060534e-17,-3.69466837381819e-17,-1.35020783625324e-08,-8.86626208841795e-17,-2.64059384232919e-16,4.03560725947953e-09,-9.22397075085594e-17,1.28020448729485e-16,-3.44835532231076e-16,-3.9425832093623e-16,4.45122648163629e-16,-6.41238278880916e-16,3.97888045530952e-17,-3.08348566481744e-16,-1.29232915016329e-16,1.67371710335687e-16,4.45032199678211e-18,-2.14558639469371e-09,7.12588955655093e-09,-5.10184539993284e-17,-3.24132127502143e-16,1.14187613403732e-16,-2.79864119439994e-16,5.83300768797201e-16,-1.25024573587763e-16,4.85445165411189e-16,-5.36763751598294e-16,-6.84604902131966e-09,-4.00606978986365e-17,1.90078142747505e-17,2.1315704622556e-16,-3.10782664779468e-16,8.02198941051273e-10,-7.87403393420622e-16,-1.28119738236526e-10,-4.47743807782032e-16,-1.34780297253435e-16,3.65577267111933e-16,-2.9735191433194e-16,-7.07428002072894e-17,-2.0583791110198e-16,2.08891401277583e-16,5.42953807032175e-16,3.49950427930838e-16,-2.47238394073022e-16,-9.14952105093666e-16,1.96582492965926e-16,-5.83556896580935e-16,1.25449156235e-16,3.29948757884052e-16,8.06060327981388e-16,-1.98764279890743e-16,-2.85194114175472e-15,-4.30846260107784e-17,-4.08211112679827e-16,3.38487918249974e-16,-2.54936394497244e-16,-7.36589231657816e-16,4.52642505625393e-16,-4.13620643124771e-17,6.34967463059846e-09,4.6038763440334e-16,-4.31652897956739e-16,5.20406475629772e-18,-4.42869532295431e-16,-2.75778031559732e-17,-5.01975075951163e-17,-3.74989081926494e-16,6.08447989204587e-16,2.5178641509974e-16,-2.7347455356721e-16,-1.48752538065011e-16,9.90686878643894e-16,2.42199447680206e-16,-3.17323051053618e-16,-2.75510484680384e-16,5.61990993685263e-16,-2.21447149111361e-16,-5.23638735768997e-06,9.3967733336842e-17,7.97467230269139e-16,-1.98797167198957e-15,-9.27055356011849e-16,-1.88611343991586e-15,-1.94258335984708e-15,5.99894667309973e-16,6.73752038707635e-16,-7.3826265001261e-16,1.92846893844021e-09,1.23691981253499e-15,8.57749084611987e-16,4.00653805682695e-15,-9.78913870046671e-17,-2.37997136619029e-15,-1.57398861480265e-15,-5.49295067358988e-15,0.707106781186548,3.5023576507354e-14,4.70413049587501e-14,-4.75365324945071e-15,2.13101742665249e-15,5.92680367751909e-15,9.10144626838911e-08,1.13257664343346e-15,1.43236735810631e-15,-1.13341404080026e-15,7.45497413801033e-16,-2.71983702420723e-09,3.91278424029222e-16,-9.98917762543208e-17,-4.6988750782509e-16,1.11251474401597e-15,-6.83165940459369e-16,-2.01870666168999e-16,5.0892370252e-16,-7.85894706900938e-16,4.23565403432442e-16,-5.2528415774311e-16,1.24401792035873e-17,-3.85743128051703e-16,-3.03296177041763e-16,4.80488861923209e-16,-4.82098635738308e-16,6.10438639590865e-17,1.85032453282984e-17
"t330",0.0360250929845935,-0.0109976633001476,-0.0120719561300122,0.000756073656060833,0.0078864645631327,-0.0287504069161824,-0.00435291160581824,-1.57599709002656e-05,0.0382938025617978,-0.00133816375212184,0.0014760381563425,-0.00067124970609359,0.00172484387777306,0.000417186720765206,0.0165724350390276,-0.000661913892890148,-0.000549759989169461,8.08628366262393e-05,0.0494856073599696,0.127651433417774,-8.29504188579156e-05,5.29650541192777e-05,-0.0145822101200932,-0.000374064296787286,2.10086666270798e-05,0.00101141881546408,-0.010027520601225,-4.98052469923684e-05,-0.000344921173442312,0.0028343875646717,0.000498263179797744,-0.0111864160450219,-5.4289684496521e-06,0.00575745221627312,-0.0280062957704302,-4.47468938576722e-06,-1.18412751161563e-06,4.03329919380975e-06,0.000541179780171595,0.000153542321363092,2.8463039216362e-05,-0.000773174878208033,2.38787292169035e-06,-0.000158639694251954,5.16002452266226e-06,2.96800717659888e-06,-1.68825333944099e-06,4.42579571610434e-05,-0.0836739111941835,-0.0473474322633648,-3.68992304259917e-05,1.35370204537647e-05,-5.64174184358711e-06,1.32720979852813e-06,0.00335884419167525,4.46529584301838e-05,-0.304600409585473,-0.00035327438373906,0.00285739549954525,-2.66471245496182e-06,-2.20604469055197e-06,0.000110229493958615,-6.3162020465155e-05,4.67872998756157e-05,-0.000448229507691918,8.63860814419686e-06,-0.00089177817366104,0.000156545536219476,-3.76215466426174e-05,0.000167884178319233,-1.38009202263125e-06,3.61036046039615e-06,-1.23769716943718e-05,-7.89657901944369e-06,3.3120481242236e-06,0.000341504765257914,-2.84096040461309e-05,4.13682995854433e-06,-0.00113443994136187,-0.000137323425223841,8.49777118495713e-06,0.000657821515311272,-0.000912313409305276,-2.69328133357708e-05,0.00243955310605994,5.66783271217792e-05,-1.04361024848927e-05,-0.00163390733448953,-6.47480716400638e-08,9.08241432173718e-06,-0.000110038600388795,6.87395237328192e-08,4.77882579349143e-05,-4.42751778617638e-05,-1.06372138003257e-05,-1.30467370891326e-05,-1.53701856228374e-06,9.83110062276218e-06,-0.000123069651706173,-0.0135895111704286,2.21817378867685e-05,-1.16832307906687e-07,1.86579177648324e-05,3.28192682224516e-05,-3.8179878747752e-05,1.11378252632184e-06,-0.000316759512132766,4.13766749436811e-07,-0.000484568274010559,1.45273373515888e-07,4.931191806062e-06,1.03359553289499e-05,-3.22100189457868e-06,3.78241894395497e-06,-4.05171900225706e-06,4.93010156262995e-06,-0.000561653412317295,0.000656720801356147,-0.000113621818259145,4.72059638467671e-05,-3.02690187288991e-05,0.000132736719907759,-0.236262695506663,0.0553185158580536,-4.73120979138506e-05,0.000129719701588042,-1.24533707424167e-05,0.000159275212305435,-4.90333321067816e-05,-0.0016888412353321,-1.15975823592067e-05,2.42838659301457e-05,-1.74001336484094e-06,-0.000105347524145568,3.11204200546111e-08,-1.97016057552774e-05,0.00162420390657233,7.95939476113158e-09,0.000290832232761925,6.06392402454508e-05,-1.09111296944773e-05,-5.33299754047941e-07,6.89741962875278e-06,4.65988106361426e-07,2.68987585317119e-09,-2.75463892801038e-06,-4.01416272530844e-07,2.33907188415165e-05,1.54707644957992e-06,-2.76657102868329e-07,-3.44569160624225e-07,-0.000193561717659046,-2.29724479072349e-07,5.85570836319754e-05,-2.03920238629731e-07,-0.000338932395545555,2.35271980038915e-05,-2.86311034593887e-06,-0.00132001646437556,-1.86326063019831e-06,-2.18977506109485e-06,3.21230519498729e-07,-2.55061299760418e-05,-3.27731435985781e-06,2.19401341707516e-06,-1.49670068931616e-06,0.000244751522310263,2.40020246167727e-05,0.000207537831215092,1.60623399383623e-06,-3.06404072143404e-06,-5.43029138179311e-07,6.70992348558583e-08,2.4233996045932e-05,4.36346818489954e-07,8.91715993402116e-07,3.91355226136941e-08,-1.52845785860234e-06,-6.50923679207442e-05,-7.27880291227816e-06,2.95377085152595e-05,8.15460404920442e-06,-1.7243963763971e-06,-6.97672364970829e-09,-2.16015278474673e-07,-9.62464619909356e-08,-0.000811644017159061,0.00052277115354305,0.000861591683334267,-3.66102950651983e-06,-3.10760639129113e-05,0.000780341406861288,2.5319771870606e-05,4.31878250496391e-09,4.87341678055917e-07,-0.012575255958735,-0.000126076603700171,-6.35166144085259e-06,0.340668915958813,-1.32545700742303e-05,-2.93555898853235e-05,-2.73630335236298e-05,3.84671239049945e-07,1.49403080267743e-06,0.000462153541846432,1.74992624942205e-06,-0.00022715640418614,-1.0515432150339e-06,4.24391840178074e-05,5.89009842465540e-09,7.65842245978192e-05,4.19145265913519e-07,4.13680498971544e-07,2.56393043290015e-05,-1.2863602452432e-08,-2.7572415954672e-09,7.19905506219675e-09,5.28780302605392e-09,-2.32218410962977e-06,-1.18802861867146e-06,-5.72811302467926e-07,8.02742877334551e-07,1.82248796092716e-07,7.97374008178208e-07,-2.56966202065631e-06,-1.48690486105861e-07,-1.41311938412662e-05,-8.45955261127115e-08,-1.89048384533197e-05,-6.33947643034886e-06,3.46547951314159e-07,7.25136208801841e-08,2.22871243101306e-06,8.24219501182724e-07,-4.83095107790301e-07,-8.79389253511147e-09,-3.92008483073571e-06,-6.64581477287643e-17,-3.75466955229799e-08,5.37865981859245e-07,-1.11459579761806e-07,-2.89907342429045e-07,-3.93347733568395e-06,5.44202843839822e-08,-7.78821767830174e-07,3.46892329293369e-07,-6.66287183282202e-07,4.28945741976188e-07,-8.74291477585206e-08,3.54106171559944e-05,-2.31249239763587e-08,2.54552109584202e-06,-2.17279016171321e-05,9.28304965367574e-09,-6.10774470496261e-10,2.9179396807387e-08,-2.76198841795259e-08,4.34847442062168e-07,1.107467095271e-05,-2.09969715841853e-06,4.10549568444756e-07,-7.45963897799911e-06,8.71424895923867e-06,-5.27006267902774e-07,5.35876343619113e-06,-1.81245739839683e-06,7.04674877704327e-09,6.13124072349821e-05,2.97758825096406e-07,2.54996066545196e-05,6.42894848273253e-09,-1.9676297816327e-06,1.78521562066476e-07,-2.2252175577251e-07,3.52284514663726e-07,-6.81486792574288e-07,5.3061840798706e-07,-3.88635577649311e-08,7.48280974736877e-06,-3.25579107715193e-08,5.35574732930152e-06,5.6038212961446e-18,-1.32106330589424e-05,-1.31496206390565e-06,-1.40856550792282e-11,-1.24266554261655e-07,1.84490546836137e-07,-1.14945642827375e-07,-3.27293267313524e-08,4.04572518547164e-09,-1.81812108089079e-07,6.88647710617142e-06,2.51071647648382e-05,-3.35627210288197e-08,3.03671420440911e-05,-0.00222566750018346,2.02264537755487e-07,-1.25186860849679e-05,1.87171572144096e-07,3.27544166157227e-07,5.05749487566079e-09,1.44977381105962e-05,-1.98447840673456e-06,8.83957385317293e-09,-2.7980872645509e-06,3.32244555922719e-07,-1.21195120323785e-06,9.44003448303744e-07,7.9015195900225e-05,4.13251755938111e-07,-1.32619755587997e-07,-8.82751811396393e-07,9.14722187142962e-08,-4.32293615741713e-07,1.16688667524678e-05,4.97641953808024e-06,-2.36081604489045e-05,5.74348618548883e-18,1.88163440980507e-06,1.65575500061972e-06,-4.79777111090729e-06,0.0381903732415235,-3.00603060863421e-06,-0.00772094810774444,-5.50579565960851e-05,3.9089665864769e-06,-7.39427059855611e-06,-2.80191987020384e-16,1.39316084551749e-05,9.19132221512982e-10,2.46632437625157e-06,-1.01455639045313e-08,-6.81332182415743e-09,-3.83139300067622e-07,-1.46092927840173e-06,5.04337167634432e-07,-6.90846170926559e-08,5.14196129854716e-06,-1.77765289956093e-08,-1.75948809252922e-06,-2.39603432584473e-09,-3.85679488454534e-10,-1.9285002505238e-05,2.79707589656577e-08,-5.67103310270803e-06,6.22485024708959e-17,-1.64349429216378e-07,1.30937865020983e-08,3.77409478622722e-10,3.47980335533551e-09,-5.31966762497234e-06,-2.61891334217057e-05,1.16709952529126e-07,-4.28449297336576e-07,-2.4617243122791e-07,9.34425285221584e-17,-4.2314088410958e-05,-1.50241760386419e-08,-5.55279814943524e-06,1.65143304949269e-16,1.09405492000883e-06,1.41078342475893e-07,-2.17891941760101e-08,-9.04527405914852e-06,-0.000172989593771731,-1.38607555641927e-06,-4.67821382538526e-07,1.48462159254621e-06,1.07829883706238e-07,6.01497225337986e-09,1.40587580844154e-06,4.26239256383627e-08,1.56512080468126e-16,-1.71052408126516e-08,6.33803623354167e-07,2.74071341572292e-07,-1.72858673252351e-06,-1.12868466323045e-16,-3.54628026906093e-08,6.54241141644085e-09,-7.44209814904042e-07,-1.0684070646626e-08,-3.61153733001078e-05,3.70120231364523e-08,-4.91100084425762e-07,2.62292183292545e-06,-2.65083721336551e-16,9.42023097146575e-06,-4.46473085221472e-08,1.29601892746728e-07,1.39324211838307e-05,-1.83148226030873e-08,-2.31495754137062e-08,-4.57966997657877e-16,-1.78788225855039e-16,-2.14349043430373e-08,-2.51586962420069e-08,3.3352050447002e-09,-0.000207095745469615,1.10201204760062e-15,-1.69290838655951e-06,-2.07127010716785e-08,3.12326058668183e-16,1.60420012709528e-16,-1.43367638314177e-16,0.00204269439978245,-5.44241421633744e-08,-6.73653560943223e-08,2.44971363904552e-06,3.51366199173756e-07,6.86917619091939e-08,-2.99090621387773e-08,-3.20144391062146e-16,-6.69623074428786e-09,1.8768842723176e-08,-1.36857703654306e-16,3.91084202182201e-16,-1.14463083144047e-08,-6.11333789522592e-09,-6.60292400498276e-09,1.64883974199793e-06,6.28264302933935e-09,-2.33756761055548e-06,3.12371551735338e-16,-8.77522006712277e-08,3.38224509883043e-16,-2.80797637136097e-06,6.63531729561129e-17,-6.75245430080277e-09,7.43067408774393e-17,2.73141037425954e-08,7.16946114653957e-09,3.04999432967412e-07,4.16437254853898e-07,1.83304620262812e-08,-2.07943204868712e-09,1.31210055955679e-08,2.72574785786225e-08,0.000142924019134589,5.94663887639805e-08,3.8099668853432e-09,-1.09891712198263e-08,-0.000124178386134857,-1.26190968298473e-07,-4.15954005643069e-09,-3.42953339952994e-16,3.83075090885038e-08,-6.30361056067893e-09,2.69559743953928e-09,-1.64963926233404e-16,4.3471982410313e-07,1.18244076067156e-07,3.57502839655832e-08,3.47338759482622e-16,-8.39866298704642e-09,-3.80922393835611e-06,-2.78038262715052e-16,-4.70957980584694e-09,5.06851799476862e-09,-1.05567966417639e-16,-1.84672356620774e-16,-1.02487626093849e-10,-4.80738807918317e-07,-1.63229467406036e-09,-1.96321625058902e-07,-1.12034945871378e-08,-3.25275836411964e-10,-3.76172598224614e-08,-7.56158682531134e-09,2.81912911866793e-07,2.31498847869105e-15,-5.87609208557958e-11,-2.52888387439554e-07,-1.19849484220287e-07,-1.29970519900692e-06,-3.64651899146927e-17,-1.71038845960883e-16,-2.04289385783825e-07,-7.35623270382088e-17,3.74543080552709e-16,-3.42277355865831e-08,5.39803869156377e-08,1.01207029063682e-08,6.53897238216324e-08,-3.0413744414245e-07,-7.97585490733965e-08,-1.04506369875244e-07,4.12432265539812e-17,-7.0538172335707e-07,-3.21296187267947e-07,-1.61160738596901e-07,1.66034796732332e-08,-7.50299190334766e-08,6.62373479465082e-17,-1.23068907104573e-15,-1.11370116225405e-15,7.70406484956203e-06,4.08599796028279e-09,2.66417606371344e-07,-3.23709993253434e-16,3.38790135330966e-09,-1.53308579387054e-16,-2.66444372846478e-16,-7.56344250418043e-07,1.90101520168024e-07,-2.58473797920544e-16,1.69108706275852e-06,2.38240604222205e-08,1.11412425778999e-15,-5.89310765761605e-08,5.21726212482911e-17,-2.43701760139229e-06,-6.10438988233737e-16,-2.45469648792023e-06,-2.04026392825477e-07,-7.45421538295914e-09,-7.4502416856119e-07,-5.25517343123676e-06,2.77540789224515e-08,-9.89179571606455e-07,-4.39386299622727e-16,-7.11191609428855e-07,4.10231037981516e-08,-8.55744653102846e-17,5.56473896183343e-09,1.19707504664208e-07,-2.9234684263435e-08,-2.87557802756556e-15,-1.121766888676e-07,-1.54030486254298e-07,-8.97107702733896e-17,4.49742416257835e-06,3.50245722943271e-06,5.27763347986032e-09,2.59659430624473e-15,-7.91195343227026e-16,-1.22419221136192e-07,-4.44176937512191e-06,-3.69270781004182e-07,1.23437978316913e-07,-7.09211335279191e-06,9.20240838305166e-15,4.83824467115964e-15,-3.0156682989727e-05,-9.26438562979203e-08,-4.70460652639206e-15,-0.000102884787560364,-1.67197299192272e-15,-7.96849404130841e-07,5.27179491661565e-05,0.000810997828407853,0.834135703944697,-6.25765248175921e-14,5.21964557655242e-15,-1.53808120966828e-14,5.72123054077845e-15,-5.29237424862628e-08,-1.70268501665032e-07,-1.23216831027123e-14,-3.49153019274898e-15,-4.93948625837232e-15,1.90534239904879e-07,1.57502071405476e-09,-7.14704849245199e-08,2.00877407572705e-15,5.14172038279526e-15,-5.04663585226828e-15,-1.96490444096949e-06,5.94283370633308e-08,-2.00014360098661e-15,9.23602815705951e-09,-2.31233401525048e-07,-1.26987798424507e-15,1.88523231584139e-17,-1.51064644439634e-05,-1.47705191609362e-09,-7.06887823616445e-06,-7.61798041695206e-16,7.09545630780011e-08,1.10170279690902e-06,1.12395788690524e-06,-3.93752845823947e-06,-2.29959172751333e-07,3.63705426823657e-09,2.20968515064401e-15,-3.74919736140019e-15,-6.30680765004144e-16,5.99598495896241e-08,-5.41840351028525e-08,-1.91231225575233e-05,-1.46809810053418e-08,5.44183123076019e-16,3.26705041522913e-15,-1.89680689653552e-16,-3.27478503944775e-16,-4.17523691622421e-15,6.54477012339062e-08,2.11451691179247e-16,-1.41514585206171e-16,-1.0701232550603e-06,8.22173329490293e-17,-9.56814869322916e-07,3.10275515653152e-16,-1.08534102581998e-05,6.0571351878222e-17,-1.2623004949874e-05,-1.70708406860859e-07,-1.48566144923071e-07,4.23131612137876e-16,5.31918426280566e-06,-4.92596756697383e-17,7.80919632759959e-07,-1.19287200469398e-07,6.59039343253513e-10,-2.58961313673327e-15,3.57391932795164e-06,-5.81156957953901e-16,-2.51358994821355e-07,-1.28171884220065e-07,7.99999083899982e-16,-3.9143998336286e-18,1.09406464172053e-16,-1.37420700187033e-16,-1.90895942808703e-08,-5.65383796129075e-07,-1.25567476821764e-07,-5.75803195747839e-16,-1.16784772472005e-16,-1.2554182335916e-08,1.02301891270751e-07,-4.61244589407928e-16,-4.20210259871419e-16,-1.99430077198924e-07,-4.60947212697512e-17,-0.000246392730501101,-1.43413181763298e-15,3.42166144820404e-07,-1.71035875998504e-16,-1.20163315168438e-12,1.8338305496829e-16,8.05271114721124e-16,9.80529362054664e-17,-9.00298162648449e-16,6.38197175017323e-09,-4.46157022110873e-08,-2.66786147612791e-16,-2.93180897535747e-08,1.22659024994961e-06,3.73977820636287e-16,-2.0747822760834e-16,6.43534851816095e-16,3.97269307594618e-16,6.11516116242249e-05,1.76152941348289e-07,1.72123813021944e-16,3.13725196893012e-16,-2.13789432529426e-07,-6.90175870975376e-08,-1.04295426726304e-09,8.37060396725802e-16,2.10426988305426e-17,3.65282497800956e-17,1.12089885560849e-16,6.89578148179101e-17,3.08711789231478e-17,4.06295391102355e-06,-1.40251112339837e-06,-7.35021924877783e-07,2.47866582175995e-16,6.65968815358469e-16,1.69011317818527e-17,-4.71620988509413e-17,-3.95246376466686e-16,2.80561387181632e-16,-9.38083341029773e-17,-2.83599325393343e-16,-2.73032876584575e-17,-1.9254391532881e-16,-1.31256870925138e-17,1.93432664818259e-16,-1.08668789904952e-16,9.65934766389149e-17,3.76157983444512e-09,1.89330184990979e-17,8.79625381273763e-16,-8.80237671573495e-17,5.29701492357375e-08,-5.97164126014725e-07,5.9408275260936e-16,-1.36445075014379e-09,4.80147444063737e-08,-3.18106768781295e-16,7.52533223243514e-16,-9.18827942327919e-08,9.43232234398275e-16,1.16261395380925e-09,-1.92183835402432e-16,1.11057388775373e-16,1.98088823693707e-16,4.51370548518397e-16,1.04929033988349e-06,-1.53933427096703e-07,-1.41005479310065e-15,2.4612193373012e-16,2.52713816254963e-16,4.76168048219013e-16,3.49763620843824e-16,2.60377813309878e-16,8.35601202139152e-17,7.01120576977754e-17,1.772733195265e-09,1.28843949080806e-16,-2.35060925156725e-16,-4.83539596260419e-17,-1.88004092709838e-17,5.40951698223951e-16,-2.65683674578733e-16,-3.82094746280044e-07,6.35756574520367e-17,-2.37352818740265e-16,2.580745856669e-08,-8.82738659359679e-17,5.56364980875253e-17,-7.22703646594726e-17,-3.13992029911643e-16,2.11686162406311e-08,-6.3541056598857e-18,-8.69901240383517e-05,2.15848778603008e-16,-4.6912405427273e-17,-2.15451452424746e-16,-2.10762973100551e-16,5.0697303238685e-17,-3.29878210373799e-18,2.50127285134067e-08,2.86339134722803e-16,2.29445457016373e-16,3.14461966432184e-09,-3.1077075694661e-06,-2.86228510298482e-17,5.32805283012763e-07,7.23312365000499e-07,1.4932635149065e-16,2.38856519108723e-16,3.41679233093968e-16,-4.89783916645372e-17,-1.694784619599e-17,-1.19271327978735e-06,-3.81872881991087e-16,1.87527412057979e-16,2.19983905574106e-17,4.75330055274404e-07,1.08173994896274e-16,4.45166592618354e-17,-1.27698334477947e-16,-1.12975473295536e-17,-2.15284510707872e-07,3.83337244085256e-16,6.33598798464761e-10,-1.01577422629166e-16,-1.84995059881806e-16,-3.301817882185e-16,1.03535378664714e-16,2.20422651535956e-16,1.48101468437401e-16,-4.00101167060128e-17,-1.08947177697005e-08,1.33308254467991e-16,-1.54142587052951e-17,4.5702776561986e-09,6.45010792174843e-17,8.95645386546394e-17,1.66423284477225e-17,1.13731702657443e-17,1.0030358321528e-16,-6.47563972303176e-17,-3.29093808888848e-08,-8.6898724454101e-17,-6.45940551498408e-17,9.77054924456402e-09,1.13748561979852e-16,-5.52487550294746e-17,-8.34434267725708e-18,-8.96199302431302e-17,-8.02111419515406e-17,1.05946035771052e-16,-2.51612708190798e-17,-4.05551707037426e-18,4.25943965644931e-17,-1.81644901739696e-16,1.4191064042287e-16,-5.07196033997801e-09,1.67980302753714e-08,8.14377407583894e-17,1.23429386955201e-16,-4.67209074637092e-17,-1.95381221660084e-16,6.24500451351651e-17,-1.8458275659409e-16,-1.74679018144432e-16,2.25075821002992e-16,-1.59096951345734e-08,1.48973454626181e-17,1.82121819687622e-17,-1.91701470983982e-17,-3.64954021432924e-17,1.84243532920286e-09,3.09832911568128e-16,-2.9048631614669e-10,8.96168474798678e-17,2.60539657284007e-16,1.75154362695247e-17,-3.27081625750301e-16,1.22629617678944e-16,-1.96615765053021e-16,2.5586253891282e-16,-3.74254792795748e-16,-4.20167953244011e-17,6.61713120876696e-18,2.61069088671754e-16,4.13496158345624e-17,6.18025588769771e-16,1.92806337402709e-18,-3.13621271831041e-17,6.00769256724291e-16,4.29007121180701e-17,5.14363009690368e-16,-1.12572814643642e-17,1.42427679838623e-16,1.75640751942652e-17,9.4230635092277e-18,1.79292000313064e-16,9.67679569553154e-17,4.39117040980602e-17,1.37721019842824e-08,3.25677036092719e-16,-2.48462335149045e-17,-3.91110945049702e-17,-6.67170252541877e-18,-8.30476647216208e-17,2.77856970474683e-17,-6.85881141989914e-17,-3.13949334552563e-18,-3.86074689573368e-17,-7.60865217482478e-17,-1.24466409401336e-16,-1.48877564967233e-17,-4.86578983947032e-18,-9.44692654282878e-17,-6.56010275079054e-17,-1.28345804287749e-16,8.38528210990187e-18,-1.10504046276921e-05,-4.2853590513372e-17,4.16943924002315e-17,-3.99004153929411e-17,4.68857979324166e-16,4.84820635238995e-17,4.33652774437286e-16,-1.14085453815848e-16,1.35317683917698e-16,7.6860587844364e-17,3.96381462231009e-09,2.45380825270978e-16,8.5061303324054e-17,-1.22928640539375e-16,-4.28877343868283e-17,-1.69130278056718e-16,6.87566581404728e-17,-2.20039247562187e-16,6.09554213039178e-16,2.1738350663906e-16,4.52051495700133e-16,1.15712632202047e-16,-1.33731023559629e-16,-3.72469637143789e-16,1.82506741108022e-07,1.73769696348123e-16,1.75186337078905e-16,3.21284840394288e-16,-3.04010289164935e-16,-5.39450622378993e-09,-1.9101726775825e-16,2.87125610039514e-16,-2.22880144344567e-16,1.75318986147985e-16,-5.86449116769023e-17,-8.56933399900434e-17,2.49201507701574e-16,4.39804997700656e-16,-6.37877831182813e-17,1.11455937298399e-16,1.251287302253e-16,2.35298168113448e-17,2.1387483288865e-16,-5.16223821348004e-16,9.93333637114972e-17,1.76631763488761e-16,-4.15209675860613e-16
"t299",0.0359673681951364,-0.010960474813292,-0.012029811074042,0.000752532757973474,0.00784120690286568,-0.028556694860495,-0.0043230041025638,-1.56430293996983e-05,0.0379578835639298,-0.00132391083638575,0.00145605175275088,-0.000660026101035611,0.00169515007857973,0.000409894666105193,0.0162699763052425,-0.000649110947308602,-0.000538868909224072,7.92314571858863e-05,0.0484638038856321,0.124784312770361,-8.09325713587481e-05,5.14043520057646e-05,-0.0141278905630847,-0.000362341965312284,2.03476514933003e-05,0.000978041503495912,-0.00969259743702205,-4.81264284868312e-05,-0.000332974774783171,0.00271791378996408,0.00047638374643455,-0.0106720768755668,-5.16064948774889e-06,0.00545887000220184,-0.0264766184459405,-4.20987437204117e-06,-1.11312038197778e-06,3.78741597520312e-06,0.000507952760878863,0.000143968212419505,2.66347027730716e-05,-0.000722244788833553,2.22811423487103e-06,-0.000148012419993347,4.80800456817334e-06,2.75187004439417e-06,-1.56290224905655e-06,4.09420008300945e-05,-0.0772457925888196,-0.0436118125899661,-3.38848046355002e-05,1.24133345621732e-05,-5.17234057127944e-06,1.21459385928752e-06,0.00306287146225925,4.06960215254922e-05,-0.274828571730724,-0.000317845387076789,0.00256996288835056,-2.37973826867341e-06,-1.95932621301339e-06,9.76313873105804e-05,-5.58168039975496e-05,4.1322653130179e-05,-0.000394184397041624,7.56738469794585e-06,-0.000774341412257274,0.000135381404202335,-3.24738394627822e-05,0.000144415135455734,-1.16506920052416e-06,3.00233035770668e-06,-1.02680939925736e-05,-6.51868065213237e-06,2.73240420614461e-06,0.000281126458122027,-2.33664627777657e-05,3.38788764231885e-06,-0.00091988635380531,-0.000110897379309387,6.81397479416278e-06,0.000526656663083732,-0.000721992941546099,-2.12384225434132e-05,0.00189383432172966,4.38066320930341e-05,-8.02986687844999e-06,-0.00125625808557223,-4.97731351822489e-08,6.97846642662772e-06,-8.44015878296113e-05,5.18476265046197e-08,3.59881527483705e-05,-3.2985275484386e-05,-7.77368400008091e-06,-9.50617181940891e-06,-1.11975275889281e-06,7.10741754581704e-06,-8.87169577475126e-05,-0.00968819666586437,1.5667965422446e-05,-8.24551650062433e-08,1.31555642376486e-05,2.2130558433141e-05,-2.56542665394706e-05,7.46307600112741e-07,-0.000211193143081976,2.75483856265706e-07,-0.000321818324033699,9.61141858853501e-08,3.25845147630218e-06,6.77888375135918e-06,-2.11060373257415e-06,2.42859521298211e-06,-2.58994069208863e-06,3.12033384198536e-06,-0.000353876548055408,0.000408578028044093,-6.98124652209296e-05,2.87262068649727e-05,-1.83173195532164e-05,7.87563483662781e-05,-0.138342885290278,0.0323749864883066,-2.76358558239243e-05,7.47170930282247e-05,-7.16451666350412e-06,9.05017807851757e-05,-2.68416209281647e-05,-0.00092409921611296,-6.32595215882308e-06,1.28951631464712e-05,-9.18979622126127e-07,-5.54186621254141e-05,1.61022141190081e-08,-1.01701173585414e-05,0.000807988360269923,3.83579323247793e-09,0.000133784634052361,2.78561483036595e-05,-4.97039785924286e-06,-2.41887257642677e-07,3.1065157519725e-06,2.09307383993603e-07,1.20816466712617e-09,-1.21298089296472e-06,-1.69550244425284e-07,9.43902400059159e-06,6.168874538966e-07,-1.07353239868269e-07,-1.33409205735086e-07,-7.41409806135082e-05,-8.74296158783009e-08,2.21219246774642e-05,-7.16677597133579e-08,-0.000117653349563376,8.0945190648091e-06,-7.71840685015039e-07,-0.000330021414314555,-4.60139723105936e-07,-5.03164363650318e-07,7.26615388644702e-08,-5.18532014577771e-06,-6.5695571197757e-07,3.88689366606491e-07,-2.30200562663645e-07,1.97997570656096e-05,1.87621536570592e-06,1.6077238620637e-05,1.07277884918346e-07,-1.65649571826274e-07,-2.83507758647324e-08,1.75781970503816e-09,4.31767811038392e-07,-2.87697071460115e-10,-4.7080461733114e-09,-2.99773721398367e-10,8.13292845056785e-08,6.75062130865137e-06,8.20998453325507e-07,-3.59081722462907e-06,-1.20827374110328e-06,2.73656218844749e-07,1.18017239123747e-09,3.87037011188333e-08,2.05819288404304e-08,0.000180762430060607,-0.00015900036893013,-0.000264512506937926,1.23195763935939e-06,1.31822594160182e-05,-0.000394320873348685,-1.35549712271315e-05,-2.51445564776555e-09,-3.01655435202437e-07,0.00929006487143197,9.67036756646439e-05,5.27144159645463e-06,-0.294035269111666,1.54526657490417e-05,3.47148823230016e-05,3.68298940112088e-05,-5.89878676525738e-07,-3.20555939790537e-06,-0.000993228024886695,-3.88850393241771e-06,0.000560957479502744,2.80408255736234e-06,-0.000141298500416115,-2.72346794709197e-08,-0.000496701612526453,-3.08475197016665e-06,-7.18425740336593e-06,-0.00153009350169824,8.19205095992573e-07,-1.84377740442802e-07,8.08104708773887e-08,5.14308053127924e-08,-1.3355825838895e-05,-5.36750729683987e-06,-2.41163987073759e-06,2.64609848931761e-06,5.71461934381156e-07,2.37362376390817e-06,-6.62513827743084e-06,-3.73223883909974e-07,-3.52416674865193e-05,-1.84477410068263e-07,-3.82536975052351e-05,-1.18565938398343e-05,6.26204818889216e-07,1.26532176269523e-07,3.76600155905374e-06,1.3802526480073e-06,-7.45672666519279e-07,-1.29175432240878e-08,-5.46156590052298e-06,-1.27837056833122e-16,-4.85331347452956e-08,6.84963386735765e-07,-1.28058074293406e-07,-3.07489273660966e-07,-3.90202014859051e-06,5.37665202971035e-08,-6.76584813577041e-07,2.94693145967118e-07,-5.60179659036121e-07,3.42890894152788e-07,-6.74889246448204e-08,2.55928992221387e-05,-1.62174808926571e-08,1.76279849296519e-06,-1.40142546937179e-05,4.21372950558373e-09,-2.37154020163097e-10,9.74737829995203e-09,-5.98898970404302e-09,9.06667991354713e-08,1.40155233030473e-06,-1.68873750930987e-07,5.83031814258767e-09,5.34166739108394e-08,-2.58159359311473e-07,3.21109956935193e-08,-5.76852387542481e-07,2.04817504029996e-07,-1.64951766866377e-09,-1.45249947070109e-05,-7.14828465282545e-08,-6.97781885637722e-06,-1.84011726104918e-09,6.42549330203081e-07,-5.96468571603728e-08,1.31152866325395e-07,-2.18038420621441e-07,4.37900402928529e-07,-3.70171090022813e-07,2.88559073736792e-08,-6.33550456778449e-06,2.85781295578356e-08,-4.83423725133803e-06,5.10116025537575e-16,1.30781870505446e-05,1.31719673957962e-06,1.46531391798576e-11,1.40908892247644e-07,-2.24561244928634e-07,1.44565919144246e-07,4.18268045413685e-08,-6.28984138782044e-09,2.86098362812015e-07,-1.08718396507538e-05,-4.18506986265857e-05,6.49288406328074e-08,-6.02402497194407e-05,0.0044924102820396,-4.32084605844321e-07,3.30140923948169e-05,-5.38270001754475e-07,-9.46708246022814e-07,-1.46397106328233e-08,-5.19303912459016e-05,9.12513650308107e-06,-4.19913030936009e-08,1.39459087180679e-05,-1.75657127752277e-06,6.52582756493366e-06,-5.9442339789602e-06,-0.000503601488171932,-2.69328500249523e-06,8.77699818562493e-07,6.14828460560396e-06,-6.74895817377025e-07,3.36824098927444e-06,-9.31450520771495e-05,-4.14118261279806e-05,0.000215259430209245,-9.92425439937683e-16,-3.38758754403138e-05,-3.25098964282741e-05,0.000108411850949449,-0.866750651943718,6.85409072565533e-05,0.182677287306943,0.00140077798726488,-0.000109022939465745,0.000254338279570335,5.72915105514787e-15,-0.000955845725643023,-7.14136957739586e-08,-0.000265581563609743,1.14443879982909e-06,1.67197788389869e-05,-9.48671301637743e-05,-0.000145081729153624,3.58840114083993e-05,-3.10633297066664e-06,0.000175617340879896,-5.29934704823724e-07,-4.90480376434045e-05,-6.42491347725484e-08,-9.6980539985355e-09,-0.000481668362688725,6.69941731142243e-07,-0.000131698805944618,2.62184047260085e-15,-3.14308544760516e-06,2.42082402992106e-07,6.97542090319331e-09,5.89673197795508e-08,-8.90642862679196e-05,-0.000385315441149208,1.66373604012855e-06,-6.07112426850832e-06,-3.41211614837586e-06,2.30265877504418e-15,-0.000572605214321644,-2.01566340350362e-07,-7.22369748497874e-05,5.86191885821326e-16,1.37978305240077e-05,1.76683309702083e-06,-2.71908471346833e-07,-0.000112056396717783,-0.0021176442063612,-1.68201483073351e-05,-5.63918893959055e-06,1.75564020558154e-05,1.27233266055904e-06,7.00893503923771e-08,1.60412999704122e-05,4.8584190524212e-07,-1.70635139999159e-16,-1.87790170501382e-07,6.91601763255762e-06,2.95209559571911e-06,-1.82758553246171e-05,-4.71201870596382e-18,-3.61662858089733e-07,6.44505963316548e-08,-7.23105795251394e-06,-1.03183113873062e-07,-0.000346361239500714,3.50665967061942e-07,-4.5712968376701e-06,2.36005588746849e-05,4.48515216563473e-16,8.30968798457557e-05,-3.93317755715845e-07,1.138794974261e-06,0.000122040643322418,-1.60393015193175e-07,-2.02575214383716e-07,7.63278329429795e-16,-1.64796774020221e-16,-1.86868856147871e-07,-2.18841283376557e-07,2.90048449191992e-08,-0.00179899209664742,9.75639560277777e-15,-1.47063349481313e-05,-1.80127848297419e-07,-2.21692784858392e-16,8.80829352877434e-16,-6.94292315349214e-16,0.0178998322346848,-4.77589612484879e-07,-5.94530068800632e-07,2.17453458061157e-05,3.12126457751585e-06,6.14651631690815e-07,-2.67867110232329e-07,-2.0800202027811e-16,-6.10676199879881e-08,1.72440037936285e-07,-2.08674369964093e-16,-6.44771254855541e-16,-1.08857034766292e-07,-5.87052230588323e-08,-6.42914444334842e-08,1.62137275553864e-05,6.30452857469862e-08,-2.35381281560378e-05,4.32463213495337e-16,-8.87867155649349e-07,-2.74823465892504e-16,-2.88209495851189e-05,-8.37871438896798e-16,-7.00787282049027e-08,-1.09069167662025e-16,2.87683498490463e-07,7.57441648357006e-08,3.36643397351213e-06,4.64316156441191e-06,2.05262963500116e-07,-2.37409849789739e-08,1.52473966994396e-07,3.31099658845359e-07,0.00173683460803326,7.33292169486006e-07,4.8320413254e-08,-1.45130631880292e-07,-0.00170156798056277,-1.78360291156236e-06,-5.97370362350746e-08,-8.51857374115749e-17,5.79858143706817e-07,-1.00882645626622e-07,5.22950739805893e-08,1.49827841983627e-16,9.02885064585591e-06,2.76176706659166e-06,8.83573547395488e-07,-2.71106384542044e-16,-2.14080713579659e-07,-0.000111295627455733,2.64703239563677e-16,-1.48631171717678e-07,3.31458885275367e-07,2.27795961059457e-16,-3.12518391046628e-16,-1.23203263534858e-08,-6.26264311235252e-05,-3.52481047655587e-07,-0.000201273839981289,1.47055899142762e-06,3.88012022829482e-08,3.97185519572474e-06,3.46897759818196e-07,-8.66201310662169e-06,1.15662687760754e-15,1.59759091126801e-09,6.74033052563676e-06,2.98645427228792e-06,3.00008969667974e-05,-3.29192496350972e-15,-2.10031307330937e-17,4.27540598281137e-06,5.99901498023416e-17,-1.17608425383325e-15,4.36695174452195e-07,-6.41445844365952e-07,-1.20088300178202e-07,-6.7089700023689e-07,3.0624011138897e-06,7.99900822380695e-07,1.02164500725317e-06,7.68389461033242e-17,5.35677176974056e-06,2.32068186513607e-06,1.14521486515878e-06,-1.08959068959849e-07,4.28404927544702e-07,3.71926086131371e-17,9.00989939844368e-17,9.03378194330332e-17,-3.63871021633927e-05,-1.78317087283851e-08,-1.15577069878079e-06,2.20150253777923e-16,-1.36367978269605e-08,3.39313186875308e-16,-2.23106577507732e-18,2.21167200961134e-06,-5.53696093349091e-07,3.66026653431106e-16,-4.55980625409191e-06,-6.14177787172885e-08,-2.48558906028159e-16,1.38564075344387e-07,-1.32112582135036e-17,5.1249739122118e-06,-1.81391530524656e-16,5.11033258744498e-06,4.2144320231131e-07,1.52619701705062e-08,1.50666472640615e-06,1.03355890685151e-05,-4.91054917585703e-08,1.50395422999985e-06,1.03561815200892e-16,8.87214273036957e-07,-5.00690161569585e-08,-9.80476498146438e-17,-6.59506830573222e-09,-1.34362459952749e-07,3.12126060709948e-08,1.11924070300295e-16,1.00131189726329e-07,1.32459936663797e-07,5.90845618282822e-17,-3.67664469469815e-06,-2.79128767065711e-06,-3.81478727416548e-09,-3.33680764162464e-16,1.73927063867902e-16,6.85663329077568e-08,2.20167186597617e-06,1.7828575315034e-07,-2.88474284906851e-08,1.39843806296669e-06,-2.37096572526368e-16,-3.05654948741077e-16,5.20436093335458e-06,1.57025036856233e-08,3.82282956251691e-16,1.32868163720905e-05,1.67624487061387e-17,7.28009349503414e-08,-2.18154306004376e-06,-3.07437806690416e-05,-0.0203187621885668,1.37058623473144e-15,-1.47235781473319e-16,7.00730723443787e-16,-2.16229048628851e-16,-4.81059592097326e-09,-1.70017762758218e-08,2.99120300016739e-16,-6.18967905339519e-17,2.73080750768648e-16,2.5082709921929e-08,2.28577976877537e-10,-1.29316752046035e-08,-1.00583587396746e-16,-2.00414771583945e-16,1.51896724365219e-16,-5.77897209324039e-07,1.76969778855524e-08,-4.76710606280466e-17,3.12654654626739e-09,-8.19654506541337e-08,-6.06999130783845e-17,1.51579107761067e-16,-5.90756545538704e-06,-5.81861772035064e-10,-2.9316214367026e-06,1.66739277915271e-16,3.18191763829493e-08,5.13942558451561e-07,5.51925576204455e-07,-2.06127025417299e-06,-1.22335655874738e-07,1.99189565899405e-09,-4.12936245598226e-17,3.35607704182101e-16,5.7297070794301e-17,3.78668115961275e-08,-3.42851574953838e-08,-1.22923258924961e-05,-1.01527950014902e-08,-2.11357536638452e-16,-2.34292715039157e-16,-3.20776775415486e-17,-1.73439376303442e-17,1.25849575791211e-17,4.83846870352712e-08,-6.06250687391354e-17,9.31336387711048e-18,-8.10209573438063e-07,-8.91355208215582e-17,-7.25319429954325e-07,6.44439344411328e-17,-8.24460690963499e-06,-6.83022166784471e-17,-9.96441486061099e-06,-1.35930577646531e-07,-1.19842667644004e-07,-1.2826196843263e-16,4.35760123612546e-06,6.77740052865243e-17,6.6058177567477e-07,-1.04851122063983e-07,5.80202854399093e-10,-4.76845031629884e-17,3.19229079537247e-06,2.01617029667579e-16,-2.29481727109564e-07,-1.17138215205323e-07,2.05598528218066e-16,-5.49286697190776e-17,2.90835333860901e-16,3.91761393622781e-17,-1.7746977642905e-08,-5.27930766969402e-07,-1.17840920386169e-07,-1.44119125702218e-16,1.87839474592076e-17,-1.20575585039272e-08,9.83527017502095e-08,-4.47575028870406e-17,1.23095208236303e-16,-1.96932082826925e-07,-7.31934212493947e-17,-0.000244635253610603,6.34416338608463e-16,3.44955782969354e-07,-2.71706430854811e-17,-3.20407634687721e-12,6.45749249911858e-17,-3.38152440217948e-16,-3.07461395560057e-17,1.04808736049037e-16,6.62271492008656e-09,-4.63154140655507e-08,-6.87056810312537e-17,-3.07243976801324e-08,1.29040974447827e-06,-2.50069692937129e-17,-6.14028450162206e-17,4.0420331885779e-16,3.86501752668845e-17,6.53778521716416e-05,1.89011887787187e-07,-8.22383001756618e-18,-2.12665356202353e-17,-2.30312814919968e-07,-7.43901352868896e-08,-1.1260895587409e-09,-1.5354872776495e-16,1.16730442706935e-17,2.1606792689404e-17,7.82290832275577e-17,-1.15889831390878e-18,2.17335742716692e-17,4.50545430269751e-06,-1.55894172140117e-06,-8.18906816789895e-07,1.26459668272387e-17,-1.39720352589082e-16,6.56293798231319e-17,1.88728553833266e-17,-1.24199483957405e-16,-1.93387195884478e-16,-1.23892812240643e-16,6.12065707570611e-18,-6.66977249704387e-17,3.3115467974099e-17,1.85558213955718e-17,-2.44703726959753e-16,1.11413418449346e-16,-9.12872959477474e-18,4.34567757686307e-09,5.23183211354842e-17,-2.3801159214776e-16,1.85043121079056e-18,6.14668954553274e-08,-6.93653092532793e-07,1.93723823856035e-16,-1.58590673026489e-09,5.61036764965654e-08,1.62578735992589e-17,1.37451862419258e-15,-1.08053440742148e-07,-2.44873988655089e-17,1.37767610202972e-09,-7.78694138671554e-17,5.53412387640312e-18,-9.89979913709231e-18,-8.75131732972766e-17,1.2577446947834e-06,-1.8465384915399e-07,-2.92315389620328e-16,-7.97289084769572e-17,2.08968716026098e-17,2.2427456336432e-16,2.92951427005583e-16,-6.48517906550766e-17,-5.09483809411788e-17,2.5674151221304e-16,2.20367217249506e-09,-3.96743340088504e-17,2.8694414037181e-17,-4.05631656044054e-17,2.41190096200872e-18,-3.37696327893692e-17,2.91286042851366e-16,-4.78258772591129e-07,1.09005707071349e-17,1.59486024756116e-17,3.23426273010305e-08,8.0242952323306e-17,6.3888036544363e-18,3.67501557908754e-17,-4.28001725796103e-18,2.69012772473731e-08,-5.67777233896903e-17,-0.000110811366351477,5.59347264933282e-17,2.43553973202442e-17,-7.82049197455261e-18,3.01179505055212e-17,4.25935151444395e-17,-8.99395782637449e-17,3.20140278544411e-08,-3.27148772748575e-16,-1.04091259687521e-17,4.03917097586653e-09,-3.99246736827793e-06,1.20530625188285e-17,6.86549995333683e-07,9.32895701040412e-07,8.6119269872128e-17,-2.62245206646065e-17,-9.66862743027225e-17,3.46380843690612e-17,-3.31553637248072e-17,-1.55863869070546e-06,-5.57960685140988e-17,-1.40026736239688e-16,-1.59901954156661e-16,6.23154365440203e-07,-3.65368346202577e-17,-1.67934568942875e-17,1.43509379372458e-16,3.27733764345037e-17,-2.83404361120548e-07,7.6527896728051e-17,8.35125183838933e-10,8.18704201795326e-17,7.8480991437897e-17,4.63274787962731e-17,-4.46919195921584e-17,-4.11184067522943e-17,-8.97024655304067e-17,7.27418765163029e-18,-1.44527347068188e-08,1.0800173128087e-16,-1.2178853928643e-16,6.07226015185346e-09,-3.66247793038703e-17,4.61342217640965e-18,-4.70258364376082e-18,6.72620028230444e-17,-1.69335922640458e-17,5.8951464301065e-17,-4.39333098287244e-08,-1.85299878430952e-17,-8.20833739520681e-17,1.30705777093149e-08,1.00720377866612e-16,-5.058034784931e-17,9.34530677658429e-17,-5.74247574102739e-18,8.94764695408905e-17,-4.53600631218277e-17,5.03014830031283e-17,-1.19396375830115e-17,-1.34699416735811e-17,4.96726297655258e-17,-3.25188914292316e-17,-6.83528238235127e-09,2.26574598180038e-08,-8.69682201375283e-17,-3.34043858949545e-18,3.04781884383793e-17,-5.15271745596001e-17,6.20163642661709e-17,-8.33487729702147e-17,8.43374517790603e-17,-4.85491719130856e-17,-2.15533772170818e-08,-6.40766751532891e-18,3.88124486181684e-17,-8.45771502293082e-17,8.61658545396772e-17,2.50499008330076e-09,-6.25344073245701e-17,-3.96497939781608e-10,3.16363002045898e-17,3.09406316073581e-17,-5.32068031144524e-17,-3.33312683387587e-17,-2.32936945042674e-17,-1.20257740429234e-16,-9.99929939892933e-18,-6.69462826248418e-17,-9.59661906004009e-17,8.95955948684123e-18,-1.78769793218114e-16,-1.07747436871323e-17,1.09447884883347e-16,-9.07324864369139e-17,-2.22056473659583e-18,-9.42557715515352e-18,9.45148887477814e-18,2.84213303460243e-16,-4.80105878920592e-17,1.66188553907139e-16,7.37257477290143e-17,9.33652692373128e-18,2.08192111677336e-17,-5.96460710133539e-17,-3.5972093030405e-17,1.90494356459128e-08,3.09524381976083e-16,6.8371028108289e-17,5.08717798936226e-17,-3.84001458205082e-17,-2.38750637449569e-16,5.78550867831547e-17,-1.03733561659581e-16,-4.10434079433978e-17,1.01189599536281e-16,-5.21155091307973e-17,-2.1467203015213e-16,-1.4162261050463e-16,1.33293013937848e-16,7.70171386122354e-17,5.04475931790289e-17,-3.22199612893839e-16,-1.01500498855051e-16,-1.54079723398299e-05,4.84188294779e-17,-5.82632064407734e-17,-4.59137709116557e-17,-1.63368433496396e-16,-5.79864036015962e-17,-1.10055105965216e-16,7.57722165066448e-17,9.70288280480068e-17,4.78638242342488e-17,5.56880729037057e-09,2.44963726981922e-16,9.33213261646837e-17,9.86544918878475e-17,-4.74849701325112e-18,-6.70951169890899e-17,2.50420481940112e-16,-1.18932599242396e-16,6.45543811505763e-16,-3.88713202048964e-17,-1.27581695039026e-16,2.6663144229343e-17,-1.49001631556561e-16,4.12918916595401e-17,2.58185081568409e-07,7.16778440549125e-17,-3.80107103316916e-18,-3.66861562240606e-16,-3.04010289164935e-16,-7.65438280265906e-09,-4.34876681220796e-17,9.70034472325591e-18,2.0587484637794e-16,9.17316989726384e-19,3.91891702006385e-17,-1.97575295665403e-19,1.89425616592409e-16,4.46262544644616e-17,-6.07481147364941e-17,8.5749766368895e-17,1.90458108976222e-16,3.04767474839933e-16,-1.65850420287972e-16,-5.11626635140594e-17,5.2811098790928e-17,1.33939009102194e-16,-2.76835161835773e-16
"t892",0.0360003563895431,-0.0109816848905845,-0.0120538451359408,0.000754549337237326,0.00786695120825822,-0.0286667625561046,-0.00433999509257637,-1.57094250709236e-05,0.0381483187200117,-0.00133197389420416,0.00146732160865562,-0.000666332154365224,0.00171182439704012,0.000413988240794914,0.0164396208354548,-0.000656283056660067,-0.000544966770397056,8.01444815884123e-05,0.0490353633930895,0.12638478035904,-8.20565764338199e-05,5.22686307398484e-05,-0.0143789959555736,-0.000368819624606012,2.07128699800771e-05,0.000996450408042662,-0.00987723606133333,-4.9051612247632e-05,-0.000339551335086292,0.00278155800270852,0.000488300299308353,-0.0109515389300732,-5.30585567093313e-06,0.00561999531650489,-0.0272994274274654,-4.35155736663857e-06,-1.15107599592355e-06,3.91869427954985e-06,0.000525683766478118,0.000149071501212257,2.76071000323208e-05,-0.000749279508613756,2.31281372162559e-06,-0.00015364612398511,4.99434444476126e-06,2.86565677698514e-06,-1.62878191762982e-06,4.26833361344507e-05,-0.0806137842755383,-0.045564220336116,-3.5455003268338e-05,1.29977312331493e-05,-5.41640588491469e-06,1.27303218555933e-06,0.00321585178078007,4.2740022771033e-05,-0.290037715932621,-0.000335888175422261,0.00271628783839565,-2.52368221296851e-06,-2.08319394870785e-06,0.00010393715502123,-5.94841678840146e-05,4.40493528608672e-05,-0.000421024252803698,8.09708926648135e-06,-0.000831851193048108,0.000145699563393476,-3.49782809176812e-05,0.000155790015337033,-1.26715173938042e-06,3.28625144105973e-06,-1.12502661396045e-05,-7.15691776653954e-06,3.0007077224726e-06,0.000309007428230511,-2.56930162458825e-05,3.73176723393831e-06,-0.00101732987312572,-0.000122845383522837,7.56935049223338e-06,0.000585398464486808,-0.000806148233049658,-2.37464949230999e-05,0.002130084860117,4.93521265629976e-05,-9.06142813962498e-06,-0.00141802703398442,-5.61864110010532e-08,7.8790407332073e-06,-9.53543523623147e-05,5.89323945685005e-08,4.09287670765917e-05,-3.76566088747907e-05,-8.93368912513979e-06,-1.09357463905797e-05,-1.28820634018552e-06,8.19775136078776e-06,-0.000102425306171642,-0.0112261408684581,1.82097640933389e-05,-9.58574950745072e-08,1.52985037093054e-05,2.60941246009255e-05,-3.02809473103668e-05,8.81630580507113e-07,-0.000249855505905296,3.26050205016496e-07,-0.000381168543302047,1.13966268006083e-07,3.86507216337351e-06,8.05829293524491e-06,-2.50959667282391e-06,2.90431498887643e-06,-3.10108782705535e-06,3.74631385324582e-06,-0.000425388919827884,0.000492806828576184,-8.44805937289364e-05,3.48484024147289e-05,-2.22527135601101e-05,9.61502297509667e-05,-0.169441861209826,0.0396576751550854,-3.3868247112319e-05,9.18734557331212e-05,-8.81207293732152e-06,0.000111636339380802,-3.33885256544024e-05,-0.00114960357830676,-7.87506975725303e-06,1.61450807586286e-05,-1.15188731771782e-06,-6.95210527235532e-05,2.02680395389279e-08,-1.28072632621213e-05,0.00102488223893955,4.8942785977117e-09,0.00017210557262321,3.58435606428025e-05,-6.40466998115379e-06,-3.11912747534563e-07,4.0105203972155e-06,2.70337181648963e-07,1.56045042156789e-09,-1.5717157698365e-06,-2.2112109679143e-07,1.23925160081011e-05,8.1127522232627e-07,-1.41708599499618e-07,-1.7615550818419e-07,-9.80370266797603e-05,-1.15706283989601e-07,2.9304829414649e-05,-9.57892234305159e-08,-0.000157479520810907,1.0845665161406e-05,-1.05919193997529e-06,-0.000455613453153768,-6.35839233952398e-07,-6.98890291457641e-07,1.01033746475586e-07,-7.2586905155896e-06,-9.20400146601019e-07,5.48201300336151e-07,-3.26799825447351e-07,2.86605405025038e-05,2.71776331748051e-06,2.32926367130959e-05,1.55847589538768e-07,-2.41420046625148e-07,-4.13379970513255e-08,2.57956501943101e-09,6.34899827513989e-07,-4.24923374646607e-10,-6.96130231381362e-09,-4.4349290570521e-10,1.21588573297704e-07,1.02046657607588e-05,1.2434747508746e-06,-5.44868359367818e-06,-1.84356116028668e-06,4.18434267811905e-07,1.8083469716823e-09,5.94230558219849e-08,3.18142902697993e-08,0.000279884120524991,-0.000249871217559366,-0.000415892518879752,1.94686248348945e-06,2.11309566302697e-05,-0.000639819000397407,-2.20881187836707e-05,-4.12375082882575e-09,-4.97122470576778e-07,0.0155364505141514,0.000162249609598926,8.90592238438724e-06,-0.498505810711617,2.69368379799498e-05,6.05958293656413e-05,6.50799243037254e-05,-1.05525585658961e-06,-5.91347265959835e-06,-0.00183252931792257,-7.19537540057902e-06,0.00104742462121537,5.26919179884289e-06,-0.000270128827145758,-5.3227376397457e-08,-0.000988745400515702,-6.17622195246823e-06,-1.47755348497159e-05,-0.00319585399686717,1.71175202986473e-06,-3.9003809434474e-07,1.76582477173885e-07,1.13108577506793e-07,-3.0433363897691e-05,-1.25500465683068e-05,-5.69069914466153e-06,6.49375941814186e-06,1.41608848565902e-06,5.94572020153437e-06,-1.71706621663794e-05,-9.74194721081701e-07,-9.214971480761e-05,-5.02024029243058e-07,-0.000106785067363694,-3.40881648124034e-05,1.8253997100805e-06,3.74268732642404e-07,1.12960679079457e-05,4.15666667342637e-06,-2.33292621849906e-06,-4.14315498994161e-08,-1.80141822041714e-05,9.1566474465613e-17,-1.66966923445354e-07,2.37710161645442e-06,-4.73458549653332e-07,-1.19842318430605e-06,-1.59302705586231e-05,2.20137985979977e-07,-3.04545343528087e-06,1.34938159770755e-06,-2.58566478362423e-06,1.64643525360735e-06,-3.33205995213631e-07,0.000133298901040528,-8.65969413615485e-08,9.51219255650659e-06,-8.02938406094907e-05,3.29711529312165e-08,-2.14416813622796e-09,1.01530547420047e-07,-9.44922675013319e-08,1.48607031123907e-06,3.74743425802816e-05,-7.0697569827504e-06,1.37352257487236e-06,-2.49097145904015e-05,2.90441314030866e-05,-1.75211695609526e-06,1.77555870656336e-05,-6.00314721696088e-06,2.31752890744996e-08,0.000201615787608768,9.78979817618953e-07,8.37084882104518e-05,2.1093137895946e-08,-6.445456353177e-06,5.84630904399105e-07,-7.24794129776385e-07,1.14722841868752e-06,-2.21906131090649e-06,1.72770745743896e-06,-1.26557817743692e-07,2.43890039196307e-05,-1.0616024134883e-07,1.74696906148982e-05,-2.26043821536547e-16,-4.31594256776111e-05,-4.29706119272423e-06,-4.60691809892078e-11,-4.07398392293808e-07,6.06320815979994e-07,-3.78252711061911e-07,-1.0777492017922e-07,1.34628204127702e-08,-6.0549215010053e-07,2.29391525842635e-05,8.39547055533035e-05,-1.13653504039267e-07,0.00010308437486234,-0.00756848472952513,6.91983782508221e-07,-4.40110095539421e-05,6.66989382652489e-07,1.16817937071825e-06,1.80419251001692e-08,5.38224004906703e-05,-7.81566697570619e-06,3.51191790304875e-08,-1.12659331921467e-05,1.36082603188312e-06,-4.99124289349662e-06,4.08779630535178e-06,0.000343572935699751,1.81080125131844e-06,-5.84251121855649e-07,-3.96075015066353e-06,4.19313145150754e-07,-2.02380314672327e-06,5.51542010375123e-05,2.39207895823168e-05,-0.000117934428319805,3.32582999917456e-16,1.33810149897035e-05,1.24184782359927e-05,-3.93711776488135e-05,0.314298703098147,-2.4814654398376e-05,-0.0653163399677459,-0.000489148271068803,3.70086425455385e-05,-8.1464781994179e-05,-2.30296941978773e-15,0.000266930304939306,1.9597654994889e-08,7.01788237901166e-05,-3.01042526043897e-07,-3.99543287930125e-06,2.14648917759277e-05,3.03190065364051e-05,-7.08776199708817e-06,5.40065860534763e-07,-2.69322187700425e-05,7.46413543725883e-08,6.57209884869616e-06,8.33945511019149e-09,1.18766072399867e-09,5.86019899803472e-05,-7.80948532430603e-08,1.48377711107012e-05,-1.27821535825793e-15,2.66711043791001e-07,-1.92137408765343e-08,-5.53256882677993e-10,-3.78646521114583e-09,5.52123340879808e-06,1.38881243129066e-05,-4.83114113531955e-08,1.68011747156373e-07,7.69929339921931e-08,-8.04004049219514e-16,9.64225905568709e-06,2.9701394798881e-09,5.05926321574269e-07,7.76703106982754e-16,1.56961874574743e-08,5.34343719849433e-09,-1.0869189116792e-09,-6.72029770880677e-07,-1.97339342923526e-05,-1.98274236173617e-07,-7.72830799499663e-08,3.38950546672357e-07,2.53999095295826e-08,1.66404016169858e-09,4.85480583014823e-07,1.48634727962215e-08,-1.06560229378057e-17,-8.05899328740228e-09,3.1121695224122e-07,1.46228548844571e-07,-1.0282678038237e-06,-4.20255518031175e-17,-2.53828731161988e-08,5.47370324912276e-09,-6.59999914404671e-07,-9.71691483612599e-09,-3.38045475191804e-05,3.64077393114221e-08,-5.19167868719335e-07,3.20797371623789e-06,-2.07601831670335e-17,1.27822615771542e-05,-6.10856644924114e-08,1.80354240002115e-07,1.98370183528243e-05,-2.61217350837233e-08,-3.32266312786411e-08,-5.68989300120393e-16,-1.04073777675492e-17,-3.18739239219649e-08,-3.85344064750205e-08,5.12687392095471e-09,-0.000326608950036183,1.27433845473899e-15,-2.8180578596831e-06,-3.52905103250834e-08,-4.0494036183555e-16,1.92392375392483e-16,-6.25386789719077e-17,0.00373623222873981,-1.00435607364293e-07,-1.28178780572686e-07,4.78315402151624e-06,6.8813312790151e-07,1.3828685587293e-07,-6.04033055677453e-08,3.28480418798777e-17,-1.43052755924859e-08,4.09074946031913e-08,2.3593466422427e-16,6.75342118106055e-16,-2.70364896085934e-08,-1.47312904085922e-08,-1.63501039739684e-08,4.15936474759527e-06,1.64358179868712e-08,-6.15193463660417e-06,-3.23013573922767e-16,-2.32852382703951e-07,4.62027479551043e-16,-7.63239288323396e-06,1.43114686768087e-17,-1.86884966732139e-08,-6.30998661288683e-17,7.73888914644976e-08,2.04110264405087e-08,9.27461007248518e-07,1.2850173372668e-06,5.69142219117878e-08,-6.63594872812353e-09,4.29107781425135e-08,9.46215102178165e-08,0.00049641777575155,2.10548086340414e-07,1.39884542025311e-08,-4.24650601420999e-08,-0.000502229399775725,-5.29974143956622e-07,-1.78076470708572e-08,7.54451551525317e-17,1.74561982915218e-07,-3.06497190101315e-08,1.62831870281594e-08,2.34740861785908e-16,2.83037567290338e-06,8.74383121426554e-07,2.80899441726593e-07,1.40314339017952e-16,-6.82022910438129e-08,-3.57486387692703e-05,-2.29961536134699e-16,-4.7930051787052e-08,1.0934185449614e-07,1.89566241257561e-16,2.6718600618798e-16,-4.09859829749341e-09,-2.08494140919984e-05,-1.17753621543172e-07,-6.75098989327102e-05,4.97638919294469e-07,1.31402746941343e-08,1.34652462826035e-06,1.18943978648008e-07,-2.9966469701085e-06,3.53449908230274e-16,5.54519246265661e-10,2.34086883552373e-06,1.03921947358738e-06,1.04642245856212e-05,-8.60488332874406e-16,2.02291927136304e-16,1.49601522980917e-06,-2.04633178136654e-16,-5.3840383502806e-16,1.55781794562031e-07,-2.2955751992584e-07,-4.29794949732614e-08,-2.41773639553859e-07,1.10462534989097e-06,2.88585461888871e-07,3.69052630378131e-07,1.33174800945549e-16,1.96065111993095e-06,8.51726126076085e-07,4.20688860925862e-07,-4.0203309944685e-08,1.59330168078963e-07,2.69329599224493e-16,2.46277602983289e-17,2.24372825153173e-16,-1.36838830892331e-05,-6.73735080447215e-09,-4.36839080910473e-07,-1.25901552315641e-16,-5.17722474189162e-09,-8.0313385032149e-16,-3.19460575419755e-16,8.55703352311941e-07,-2.14276344454851e-07,-6.60062282609175e-16,-1.77254207611512e-06,-2.39368519672039e-08,1.20317712425541e-16,5.42869837517021e-08,-3.55728401272648e-16,2.02037001709379e-06,-1.47713726051503e-16,2.01571102352051e-06,1.66304406210196e-07,6.02538429010682e-09,5.95226264977435e-07,4.08934953201752e-06,-1.9538066718108e-08,6.03008874397909e-07,1.74467440259431e-16,3.59072141719998e-07,-2.02838434564935e-08,-3.32750042406152e-16,-2.67527643642259e-09,-5.4633285644657e-08,1.27184005521142e-08,-7.35549226168873e-16,4.10943912221675e-08,5.44386177436951e-08,1.27873572979622e-16,-1.5138432625382e-06,-1.15035084195544e-06,-1.57746716312889e-09,3.67366909043864e-17,-4.23535477415709e-16,2.85769960470592e-08,9.20648468060294e-07,7.4602050512875e-08,-1.22420520386567e-08,5.9479162097371e-07,2.97527985551086e-16,4.99207653928501e-16,2.21696138683582e-06,6.69027861595889e-09,-3.29251091534919e-17,5.67568687396795e-06,2.57791084698166e-16,3.11753818669625e-08,-9.37357446587708e-07,-1.32130306365993e-05,-0.00874076456960517,8.75150827658258e-16,-2.99059431203891e-16,5.42988146043573e-16,-1.16800104781845e-16,-2.08674976265671e-09,-7.38005466884665e-09,6.35361690656614e-16,-2.75526431999221e-17,-5.16834579132817e-16,1.09143446856876e-08,9.95653343429395e-11,-5.64895483799974e-09,-6.01696823274218e-16,-4.90167802180697e-16,3.39463700205211e-16,-2.54855113105577e-07,7.80696670604441e-09,5.89489570548077e-16,1.38431003886856e-09,-3.63440613779404e-08,3.72060380590175e-16,-4.53225089628978e-16,-2.6284560610492e-06,-2.58959184932972e-10,-1.30733965737104e-06,8.57182337577758e-17,1.42368567278093e-08,2.30372828150377e-07,2.48024676079191e-07,-9.29476014110047e-07,-5.52145849410006e-08,9.00553136321483e-10,-5.1954519163539e-16,-8.18507035707332e-16,-1.89429689162614e-15,1.7285156309102e-08,-1.56525077840888e-08,-5.61870863950602e-06,-4.66891695409662e-09,-9.18608873588944e-17,1.17526435278471e-15,-1.91452295154762e-16,-1.07883368512418e-16,-1.83882298604475e-15,2.23898639842347e-08,1.26935613342618e-15,-1.25049270181938e-16,-3.75831370490033e-07,-3.92296396560406e-15,-3.36496801509403e-07,3.05143476053902e-16,-3.82574297520112e-06,-8.21655460171266e-16,-4.64311026556879e-06,-6.34020214792807e-08,-5.59823270140049e-08,8.61656346866786e-16,2.03933508787431e-06,2.4021183813482e-16,3.10393965206724e-07,-4.9523393446322e-08,2.74103651720791e-10,-5.46331319630825e-15,1.51126227656067e-06,-2.33938656077611e-15,-1.08994759893783e-07,-5.5644914382682e-08,-1.21561647112832e-15,5.5935614849658e-16,-3.32843578489293e-15,-6.77818724301845e-16,-8.45307157479471e-09,-2.51636514201231e-07,-5.62144576003671e-08,-3.12957688210996e-15,4.95156341146344e-15,-5.77433474133073e-09,4.71089355068635e-08,7.77655902898297e-15,-5.23759602936239e-15,-9.47801898605252e-08,1.29521391706902e-14,-0.000117858760918983,-1.17108579936873e-13,1.66678484433929e-07,-7.28066016037103e-15,-0.707106781183587,5.71093422649849e-14,-3.31919906336688e-14,-7.60626861029751e-15,1.29985585908379e-14,3.21890285501294e-09,-2.25128844898653e-08,7.87974451327423e-15,-1.49648315962474e-08,6.29048270389288e-07,-3.45858887862906e-14,-4.26976901349099e-15,3.71531009953103e-15,3.32067944807886e-15,3.19862532372974e-05,9.25523673297769e-08,-1.82177181657955e-15,-1.46332962529473e-16,-1.12881565653947e-07,-3.64647443035735e-08,-5.52215576122973e-10,6.98431673273951e-15,-1.33819884948888e-15,-3.85433345857206e-17,-4.1066519998307e-16,-1.07148149988582e-15,2.81336585290782e-15,2.22405022239327e-06,-7.70019960893085e-07,-4.04734720888942e-07,-1.99633814969684e-15,6.98404768443383e-16,-1.91117197899908e-15,5.00964192193868e-16,2.25748733500551e-16,7.50778929458883e-15,-2.07006246922883e-15,1.37347654278421e-15,6.89997319540339e-16,1.13780507627249e-15,-3.52821847667392e-16,-1.84853024197694e-16,-5.328536354369e-16,-8.98061972178017e-16,2.16961367399863e-09,5.67057276899694e-16,-1.87293627961064e-15,4.53732418056496e-16,3.07283984873643e-08,-3.46875168513643e-07,-2.30392358066807e-15,-7.93214885055192e-10,2.81064739274725e-08,-3.11433471719618e-15,2.99769227259447e-15,-5.4240584653265e-08,-1.11997736441532e-15,6.93254496620294e-10,-1.40171502057234e-16,6.47138611486366e-16,2.29439464683108e-17,-5.28951553757387e-16,6.35326004751431e-07,-9.32984511278775e-08,1.04459284302791e-16,3.65751648878721e-16,2.52473065521236e-16,1.73735053676674e-16,-9.29594942689072e-16,4.88733187470018e-16,-2.2578511231125e-18,-3.93990262810555e-16,1.12811016688599e-09,8.43362748556365e-17,4.05939989114092e-16,1.9224045300676e-16,-4.1852362919423e-16,6.45443309142359e-16,-2.5310769265398e-15,-2.45511261289958e-07,-1.01744615297642e-16,7.37602741578326e-16,1.66113400500408e-08,-2.94125497747048e-16,-2.53728253717487e-16,6.61388733991538e-16,-2.11228060813064e-16,1.38987796553135e-08,4.94147469742327e-16,-5.73120284408486e-05,-9.98235596484794e-16,-4.64496405738878e-16,5.91233700030679e-16,1.43724465786815e-15,4.11100347618189e-16,-2.4693708066721e-16,1.65932866217876e-08,-8.11683834651722e-16,2.54360370405756e-16,2.09698663563245e-09,-2.07291049245177e-06,3.6931713472508e-16,3.56961883405687e-07,4.85259341291859e-07,2.67082570946459e-16,3.7403839099609e-18,2.15448848388227e-16,-2.67096603022755e-16,8.41231354549677e-16,-8.160051545589e-07,1.39936040317733e-16,-2.77112365300707e-16,2.5730213588383e-16,3.2678318402819e-07,2.74967429108834e-16,1.17389350980895e-16,-8.54607755618809e-17,3.41245020523383e-17,-1.48941077436667e-07,-1.94490116494521e-16,4.3918782705898e-10,3.82670756201734e-16,1.10481470829283e-16,-4.1832407317671e-16,2.16838062610081e-16,2.63366796582009e-16,-1.30070617979049e-17,1.51600341647275e-16,-7.62745743259252e-09,1.34387556782787e-17,-5.97575868190115e-16,3.20743800359878e-09,2.91616130335459e-16,2.11023500636816e-16,1.46288933757979e-16,1.16685849729588e-16,-9.76325725909837e-17,-2.81812521765059e-19,-2.32693860093653e-08,3.06451934817497e-16,1.62709625137066e-16,6.93128220405516e-09,-4.02011476904301e-17,1.76710470007672e-16,1.87017527875907e-16,1.57405086465052e-16,1.79344731529128e-16,2.77745513967455e-16,-4.12814326194633e-16,1.23820431900996e-16,2.0990948668294e-16,1.95875500102762e-16,4.94654453602402e-17,-3.64092656696616e-09,1.20753045232263e-08,-1.34283631979065e-16,2.89143292224746e-16,-1.0352837359719e-16,-1.44082284697705e-16,3.56919355182228e-16,-2.53341048299628e-16,3.47444565169407e-16,-9.2593783284808e-16,-1.15187643035329e-08,1.60360473792344e-16,2.23010454471826e-16,1.53592529220999e-16,1.56226481489892e-16,1.34187971705792e-09,6.31460516974551e-16,-2.12955283278918e-10,-2.82924524884244e-16,-3.55215609410515e-18,-6.98924724471347e-17,-2.04382393762927e-16,-3.86480875437557e-17,3.9175996575646e-16,-2.16292799829012e-16,-3.81123331621059e-17,3.05641093385841e-16,-2.22252799753148e-16,-4.30222231850118e-16,-4.47084228532277e-16,2.57417486002344e-16,-2.97299042086622e-17,-1.20205950674944e-16,-4.76305105200927e-16,3.88104435394948e-16,7.99122462923221e-17,-1.73916917669001e-16,-3.31058897005764e-16,2.25080371007991e-16,-2.08787718516858e-16,-3.92681487583425e-16,-7.23280339054628e-17,9.13306406451015e-17,1.03293730206989e-08,-3.15723452359247e-16,-2.27231622499859e-19,-3.00921937501689e-17,-3.40826837919977e-16,4.56477538005011e-17,1.21701724710509e-16,1.26943959698253e-16,-1.31670811322789e-17,8.25773848685027e-17,1.19008010221539e-16,1.0694570229397e-15,-3.41885893241866e-16,-6.8990691390748e-17,-1.03073658531486e-16,6.18365137895456e-19,3.10339861427229e-16,-7.15730664093591e-17,-8.40780598985731e-06,3.37171759077198e-16,3.08880929123351e-17,-1.51715792835461e-16,2.09787448037728e-16,2.68339995608719e-16,-6.45059225765473e-16,-1.05817105128801e-16,-1.07834018710477e-16,5.76201699093051e-17,3.05833337486447e-09,-5.9482734047129e-17,2.57920158350456e-16,-3.85688211331617e-16,-3.96636226065464e-16,3.29010029747735e-17,2.93501493427443e-16,1.09650485825704e-16,-5.96789532170693e-16,1.00520367408485e-17,-7.88472316671207e-16,1.55389097000194e-16,-5.12046842664167e-17,4.70895863479342e-17,1.42693714904718e-07,9.7411173900933e-17,1.92720445287422e-17,-8.19547169464857e-17,-4.57533316788883e-16,-4.24277229233515e-09,-1.73039935607791e-16,1.60025668499173e-16,-2.29800806521493e-16,-4.52508877971338e-17,-4.26763419061045e-17,3.1432519782043e-17,-9.09732162925273e-18,-1.88722101752691e-16,-4.73336413004546e-17,1.39288724257708e-17,2.31062860995693e-16,-5.66863148995202e-17,-2.48660769826309e-16,1.94202143509712e-16,-4.22573281568719e-17,1.18389262682158e-17,-1.90112013927933e-16
"t389",0.0360003563895422,-0.0109816848905839,-0.0120538451359402,0.000754549337237274,0.0078669512082576,-0.0286667625561018,-0.00433999509257594,-1.57094250709269e-05,0.038148318720007,-0.00133197389420393,0.00146732160865533,-0.000666332154365059,0.00171182439703972,0.000413988240794829,0.0164396208354507,-0.000656283056659903,-0.000544966770396998,8.01444815883602e-05,0.0490353633930756,0.126384780359001,-8.20565764338037e-05,5.22686307398069e-05,-0.0143789959555675,-0.000368819624605887,2.07128699801023e-05,0.000996450408042226,-0.00987723606132888,-4.90516122475856e-05,-0.000339551335086162,0.00278155800270697,0.0004883002993081,-0.0109515389300665,-5.30585567094614e-06,0.00561999531650102,-0.0272994274274456,-4.35155736665157e-06,-1.15107599593309e-06,3.91869427945098e-06,0.000525683766477686,0.000149071501212227,2.76071000323184e-05,-0.000749279508613167,2.3128137216289e-06,-0.000153646123984974,4.99434444474131e-06,2.86565677698662e-06,-1.62878191761452e-06,4.26833361344136e-05,-0.0806137842754582,-0.0455642203360697,-3.54550032683632e-05,1.29977312330642e-05,-5.41640588491749e-06,1.27303218550034e-06,0.00321585178077644,4.27400227709636e-05,-0.290037715932263,-0.000335888175421856,0.00271628783839224,-2.52368221287494e-06,-2.08319394871568e-06,0.000103937155021144,-5.94841678839972e-05,4.4049352860717e-05,-0.000421024252803102,8.09708926647416e-06,-0.000831851193046781,0.000145699563393014,-3.4978280917669e-05,0.000155790015336908,-1.26715173927755e-06,3.28625144113345e-06,-1.12502661395753e-05,-7.15691776645188e-06,3.00070772247019e-06,0.000309007428229927,-2.56930162458777e-05,3.73176723392186e-06,-0.00101732987312347,-0.000122845383522503,7.56935049220025e-06,0.000585398464485369,-0.000806148233047812,-2.37464949231784e-05,0.00213008486011171,4.93521265628981e-05,-9.06142813957055e-06,-0.00141802703398077,-5.61864110062811e-08,7.87904073316567e-06,-9.5354352362072e-05,5.89323946066644e-08,4.09287670764791e-05,-3.76566088748223e-05,-8.93368912514337e-06,-1.09357463903024e-05,-1.28820634018935e-06,8.19775136097917e-06,-0.000102425306171408,-0.0112261408684243,1.82097640932643e-05,-9.58574950642241e-08,1.52985037092307e-05,2.60941246008005e-05,-3.02809473102773e-05,8.81630580519466e-07,-0.000249855505904501,3.26050205062093e-07,-0.000381168543300739,1.1396626810713e-07,3.86507216337881e-06,8.05829293521619e-06,-2.50959667278503e-06,2.90431498882993e-06,-3.10108782707356e-06,3.74631385322224e-06,-0.000425388919826354,0.000492806828574371,-8.44805937286131e-05,3.48484024145586e-05,-2.22527135599657e-05,9.61502297506052e-05,-0.16944186120917,0.0396576751549318,-3.38682471121449e-05,9.18734557327576e-05,-8.812072937181e-06,0.000111636339380397,-3.33885256543025e-05,-0.00114960357830192,-7.87506975720999e-06,1.61450807586021e-05,-1.15188731771381e-06,-6.95210527232668e-05,2.02680397416428e-08,-1.28072632620835e-05,0.00102488223893505,4.89427857431242e-09,0.000172105572622272,3.58435606425849e-05,-6.40466998120171e-06,-3.11912747486654e-07,4.01052039710104e-06,2.7033718152413e-07,1.56045033283272e-09,-1.57171576991785e-06,-2.21121096745366e-07,1.23925160080394e-05,8.11275222310938e-07,-1.4170859944584e-07,-1.76155508003779e-07,-9.80370266792628e-05,-1.15706283720387e-07,2.9304829414547e-05,-9.57892234176378e-08,-0.000157479520810152,1.08456651613503e-05,-1.05919193983943e-06,-0.000455613453151171,-6.35839233967908e-07,-6.98890291401145e-07,1.01033746380124e-07,-7.25869051558289e-06,-9.20400146629617e-07,5.48201300340637e-07,-3.26799825480358e-07,2.86605405024567e-05,2.71776331742845e-06,2.32926367128013e-05,1.55847589688801e-07,-2.41420046611786e-07,-4.13379972635336e-08,2.57956503698831e-09,6.34899827263289e-07,-4.24923341716084e-10,-6.96130231467759e-09,-4.43493078506389e-10,1.21588573315909e-07,1.02046657609836e-05,1.24347475114083e-06,-5.44868359376398e-06,-1.8435611602604e-06,4.18434268031175e-07,1.80834694419357e-09,5.94230558712024e-08,3.18142902549997e-08,0.00027988412052319,-0.000249871217557592,-0.000415892518876963,1.94686248333029e-06,2.11309566301089e-05,-0.000639819000392943,-2.20881187834819e-05,-4.12375078778788e-09,-4.97122470583394e-07,0.0155364505140394,0.000162249609597996,8.90592238412803e-06,-0.498505810707967,2.69368379796989e-05,6.05958293653691e-05,6.50799243032591e-05,-1.05525585644227e-06,-5.91347265979409e-06,-0.00183252931790796,-7.19537540051916e-06,0.00104742462120712,5.26919179872146e-06,-0.000270128827143519,-5.32273763038433e-08,-0.000988745400507479,-6.17622195250358e-06,-1.47755348494912e-05,-0.00319585399683962,1.71175203008392e-06,-3.90038094360933e-07,1.76582477130504e-07,1.13108577351407e-07,-3.04333638970241e-05,-1.25500465678728e-05,-5.69069914467715e-06,6.49375941812148e-06,1.41608848555921e-06,5.94572020130344e-06,-1.71706621661907e-05,-9.7419472104725e-07,-9.21497148068129e-05,-5.02024028711364e-07,-0.000106785067362422,-3.40881648118902e-05,1.82539971015714e-06,3.74268732458517e-07,1.12960679076993e-05,4.15666667332709e-06,-2.33292621838955e-06,-4.14315497280986e-08,-1.80141822043611e-05,-9.55207854752333e-17,-1.66966923487192e-07,2.37710161633473e-06,-4.73458549716982e-07,-1.19842318413943e-06,-1.59302705585338e-05,2.20137986475333e-07,-3.04545343516464e-06,1.34938159782128e-06,-2.58566478311231e-06,1.64643525379427e-06,-3.33205995149814e-07,0.000133298901039356,-8.65969413799425e-08,9.51219255641806e-06,-8.0293840608499e-05,3.29711525310415e-08,-2.14416847124643e-09,1.0153054740928e-07,-9.44922674613372e-08,1.48607031118466e-06,3.74743425796311e-05,-7.06975698288477e-06,1.37352257464702e-06,-2.49097145901648e-05,2.90441314023076e-05,-1.75211695679106e-06,1.77555870654056e-05,-6.00314721688113e-06,2.31752889928067e-08,0.000201615787606206,9.78979817474003e-07,8.37084882090825e-05,2.10931379445736e-08,-6.44545635320254e-06,5.84630903840316e-07,-7.2479412967859e-07,1.14722841862354e-06,-2.21906131052014e-06,1.72770745744142e-06,-1.26557817848697e-07,2.43890039199817e-05,-1.06160241546455e-07,1.74696906148651e-05,-2.20882945637954e-16,-4.31594256772216e-05,-4.29706119212511e-06,-4.60691693554741e-11,-4.07398392075099e-07,6.06320816001728e-07,-3.78252711047576e-07,-1.07774920099749e-07,1.34628205897189e-08,-6.05492149901636e-07,2.29391525838574e-05,8.39547055520794e-05,-1.13653504134401e-07,0.000103084374860322,-0.00756848472940525,6.91983782496186e-07,-4.40110095530655e-05,6.66989382648153e-07,1.16817937088358e-06,1.8041925091677e-08,5.38224004892525e-05,-7.81566697571341e-06,3.51191790078184e-08,-1.12659331919299e-05,1.36082603157876e-06,-4.99124289278515e-06,4.0877963054368e-06,0.000343572935693704,1.81080125185526e-06,-5.84251122302693e-07,-3.96075015052843e-06,4.19313145045161e-07,-2.02380314587767e-06,5.51542010366174e-05,2.39207895816894e-05,-0.000117934428317298,3.02587209721253e-16,1.33810149899456e-05,1.24184782364863e-05,-3.93711776473277e-05,0.31429870309169,-2.48146543978861e-05,-0.0653163399664012,-0.000489148271058128,3.70086425441317e-05,-8.14647819920614e-05,-1.74959159560411e-15,0.000266930304932276,1.95976550207457e-08,7.01788237886758e-05,-3.0104252678681e-07,-3.9954328794015e-06,2.14648917753329e-05,3.03190065368066e-05,-7.08776199709426e-06,5.40065860451284e-07,-2.69322187692728e-05,7.46413542408827e-08,6.57209884848962e-06,8.33945523982058e-09,1.18766093324969e-09,5.8601989979143e-05,-7.80948536651856e-08,1.48377711101484e-05,-7.84269385351249e-16,2.66711044422518e-07,-1.92137416853491e-08,-5.53256891976615e-10,-3.78646500358787e-09,5.52123340858981e-06,1.38881243124236e-05,-4.83114111855551e-08,1.68011747274376e-07,7.69929338950801e-08,-8.31844013652288e-16,9.64225905558634e-06,2.9701397042678e-09,5.05926321710472e-07,5.35701629199173e-16,1.56961871424913e-08,5.343436370584e-09,-1.08691817700342e-09,-6.72029770810957e-07,-1.9733934291873e-05,-1.98274236046272e-07,-7.72830799782622e-08,3.38950546620301e-07,2.53999095619376e-08,1.66404001138826e-09,4.85480583065495e-07,1.48634730207422e-08,1.30214064866784e-16,-8.05899289767988e-09,3.1121695217203e-07,1.46228548724022e-07,-1.02826780387399e-06,2.62237286101855e-17,-2.53828729603212e-08,5.47370400329379e-09,-6.59999914477598e-07,-9.71691448104389e-09,-3.38045475179587e-05,3.64077379661771e-08,-5.1916786979737e-07,3.20797371687834e-06,-4.26262829606068e-16,1.2782261576992e-05,-6.10856648230931e-08,1.80354239286596e-07,1.98370183512546e-05,-2.61217349786866e-08,-3.32266310002203e-08,0,8.13407306671126e-17,-3.18739244383799e-08,-3.85344056483706e-08,5.12687452016318e-09,-0.000326608950024741,2.09577413032514e-15,-2.81805786001103e-06,-3.52905102508489e-08,1.63832279230374e-16,-2.44620055216142e-17,-1.20592931563779e-16,0.00373623222859997,-1.00435607417153e-07,-1.28178780341458e-07,4.78315402178143e-06,6.88133127965071e-07,1.38286856102984e-07,-6.04033051786593e-08,4.85825513183997e-17,-1.43052752335795e-08,4.0907494616075e-08,-1.57631330290487e-16,1.16414841787261e-16,-2.70364899437672e-08,-1.47312902452718e-08,-1.63501037767211e-08,4.15936474748878e-06,1.64358178258733e-08,-6.15193463594054e-06,-1.75308815612848e-16,-2.32852382499423e-07,-2.36530631857719e-16,-7.63239288230502e-06,-2.26923514701216e-16,-1.86884958582293e-08,1.56270447111438e-16,7.73888913305449e-08,2.04110264271016e-08,9.27461007454338e-07,1.28501733744869e-06,5.69142219402706e-08,-6.6359486774826e-09,4.29107779615171e-08,9.46215105168518e-08,0.000496417775728244,2.10548086404059e-07,1.39884529529504e-08,-4.24650602366661e-08,-0.000502229399751669,-5.2997414309123e-07,-1.78076466653783e-08,8.90931694131653e-17,1.74561982258458e-07,-3.06497187503342e-08,1.62831866244518e-08,-3.84844257388014e-16,2.83037567463097e-06,8.74383121265574e-07,2.80899441148852e-07,8.1797312704493e-17,-6.82022901084283e-08,-3.57486387671551e-05,2.92367974753623e-17,-4.79300519389714e-08,1.09341854349251e-07,-2.65926312515391e-16,1.15615785166705e-16,-4.09859786889509e-09,-2.08494140909705e-05,-1.17753622090907e-07,-6.75098989278086e-05,4.97638919330386e-07,1.31402737898074e-08,1.34652462635753e-06,1.18943977484782e-07,-2.99664696973546e-06,8.95550994473027e-16,5.54519348660015e-10,2.34086883468079e-06,1.03921947361586e-06,1.04642245853516e-05,-1.27928795364744e-15,-1.54372154023644e-16,1.49601522979362e-06,1.91909577989689e-16,-3.45851479868889e-16,1.55781795809027e-07,-2.29557520954964e-07,-4.29794964897642e-08,-2.41773639568658e-07,1.10462535006177e-06,2.88585462302777e-07,3.69052629222876e-07,-1.56132026977136e-16,1.96065112038886e-06,8.51726126693893e-07,4.20688862715411e-07,-4.02033087205131e-08,1.59330168738959e-07,-2.23938566257117e-16,-9.20342689637631e-18,-1.93559193077377e-17,-1.36838830885188e-05,-6.73735083312609e-09,-4.36839081067349e-07,-1.06734321682803e-16,-5.17722511042196e-09,5.60759448380291e-16,3.18980129342597e-16,8.55703352308353e-07,-2.1427634436812e-07,9.28077059647592e-16,-1.77254207554523e-06,-2.39368513571403e-08,4.45577091963149e-17,5.42869825515611e-08,5.28169757021484e-16,2.02037001643601e-06,1.23751167598455e-16,2.01571102330109e-06,1.66304405666744e-07,6.02538436100256e-09,5.95226265246912e-07,4.08934953122157e-06,-1.95380670136615e-08,6.03008873685126e-07,-1.71102592044569e-16,3.59072141660793e-07,-2.02838432058944e-08,3.82098606812264e-16,-2.67527585725577e-09,-5.46332858539155e-08,1.27184006072616e-08,7.2935667191793e-16,4.10943909113756e-08,5.44386177404687e-08,-2.26475959287157e-16,-1.5138432619109e-06,-1.15035084238083e-06,-1.57746724216941e-09,-2.09383965459167e-16,2.99680901719987e-16,2.85769966207428e-08,9.20648469030544e-07,7.46020511367947e-08,-1.22420538772714e-08,5.94791621786119e-07,-5.20157439312486e-16,-4.53799195078364e-16,2.2169613869799e-06,6.69027915028677e-09,5.37714716352726e-17,5.67568687289605e-06,-2.29189347384598e-16,3.11753827845155e-08,-9.37357446878864e-07,-1.32130306348402e-05,-0.00874076456840495,3.67088388627724e-16,2.13538815074591e-16,-7.17697479829585e-16,8.85942075938652e-17,-2.08674968076307e-09,-7.38005200867319e-09,-1.94711289504442e-16,2.32737245944901e-16,4.61780772218438e-16,1.09143451860259e-08,9.95681193537635e-11,-5.64895575716433e-09,5.95416384881202e-16,2.2773666633058e-16,-1.3162214373974e-16,-2.54855115710742e-07,7.80696676138955e-09,-3.93879638649068e-16,1.38430294729644e-09,-3.63440586820099e-08,-3.60585552335982e-16,3.41494955556992e-16,-2.62845606020489e-06,-2.58958616036065e-10,-1.30733965523995e-06,-6.5200448265266e-17,1.42368562795028e-08,2.30372828131857e-07,2.48024675937853e-07,-9.2947601394803e-07,-5.52145875039782e-08,9.00553158338247e-10,5.53706640332869e-16,5.70885041470303e-16,2.00523651482053e-15,1.7285155466762e-08,-1.5652507917728e-08,-5.61870863620388e-06,-4.66891832912644e-09,1.86683740058639e-16,-1.03271556278471e-15,2.66126995109439e-16,1.19235421380128e-16,2.30667825414497e-15,2.2389861221402e-08,-1.36239668775616e-15,1.52600280798958e-16,-3.75831369481947e-07,4.04633923612691e-15,-3.36496803434493e-07,-3.10026921659925e-16,-3.82574297341876e-06,8.62281377566303e-16,-4.64311026630687e-06,-6.34020204767997e-08,-5.59823270966922e-08,-8.68495481166166e-16,2.03933508714505e-06,-2.67065051657917e-16,3.10393963434286e-07,-4.95233896600447e-08,2.74103233620563e-10,4.93291763106425e-15,1.51126228242288e-06,2.10040058310611e-15,-1.08994757159297e-07,-5.56449213115083e-08,1.09576653488568e-15,-5.05545548811376e-16,3.55140011994716e-15,6.31221238222567e-16,-8.45307886016854e-09,-2.51636515655886e-07,-5.62144571939432e-08,3.24889732261795e-15,-4.93656265223789e-15,-5.77432619243228e-09,4.71089399165306e-08,-7.71348843918285e-15,5.30758798818195e-15,-9.47801827917094e-08,-1.29455674497459e-14,-0.000117858760405655,1.16682755790385e-13,1.66678379817971e-07,7.3305577695053e-15,0.707106781189508,-5.71919298803708e-14,3.3376862018791e-14,7.61699995246948e-15,-1.29194984773685e-14,3.21890860722819e-09,-2.25128645263021e-08,-7.80464100757352e-15,-1.49648290354952e-08,6.2904826614462e-07,3.44825843339052e-14,4.26236157097321e-15,-3.44149237273685e-15,-3.2926489734443e-15,3.19862532629046e-05,9.25523692618594e-08,1.75707011535551e-15,1.18525497665815e-16,-1.12881567271973e-07,-3.64647340397337e-08,-5.52216433260603e-10,-7.02414636676207e-15,1.29120261912385e-15,7.15126221796495e-17,2.7845797880746e-16,1.09411171984426e-15,-2.51948258853337e-15,2.22405024725209e-06,-7.70019956589829e-07,-4.04734717692922e-07,2.00262498454821e-15,-6.35886950929264e-16,1.83800755168743e-15,-5.20884319374664e-16,-7.32438284500676e-17,-7.71191560735648e-15,2.16443166890153e-15,-1.40475752887298e-15,-6.85849818839962e-16,-1.13239031362903e-15,3.65524285809453e-16,3.07760584366672e-16,4.1401186480405e-16,8.66772571220302e-16,2.16960842405423e-09,-5.61717995824729e-16,1.38834385984005e-15,-4.78665639074299e-16,3.07283979197593e-08,-3.46875169109689e-07,2.14658715953944e-15,-7.93213495399082e-10,2.81064776285394e-08,3.08771430445834e-15,-1.66106722149246e-15,-5.42405853048948e-08,7.62379214324567e-16,6.93256502768623e-10,1.72704309941728e-16,-6.59944860370371e-16,8.71390946057565e-18,5.90982678555458e-16,6.35326006127324e-07,-9.32984496112029e-08,3.25419660084862e-16,-4.89749802332248e-16,-2.89716829348763e-16,-9.53627683774859e-16,8.94466792300541e-16,-4.83955902801859e-16,6.41692767669318e-17,3.26313941306401e-16,1.12811184652803e-09,-6.50612560839794e-17,-3.63031823274203e-16,-1.95614241667451e-16,6.77503134520723e-16,-7.14589474426912e-16,2.43908942652501e-15,-2.45511256777336e-07,6.37948263605975e-17,-6.76680666050965e-16,1.66113367663766e-08,9.68066062113942e-17,1.00608443202116e-16,-6.68216083689465e-16,6.69934889715036e-17,1.38987803798281e-08,-5.24765407919486e-16,-5.7312028452378e-05,9.59726765189566e-16,4.15196147891798e-16,-6.38305729338617e-16,-1.59549836450251e-15,-3.4627095558669e-16,3.09475513745902e-16,1.65932867645529e-08,9.90868750026055e-16,-3.01526501479155e-16,2.09698595354016e-09,-2.07291049238357e-06,-3.71113943875122e-16,3.56961885141592e-07,4.85259342246747e-07,-2.3383615992419e-16,9.26449358321519e-17,-1.1605543011683e-16,2.78179432277277e-16,-5.3484374543441e-16,-8.16005155400199e-07,6.5848543810057e-18,4.29237197381528e-16,-1.99706994539318e-16,3.26783183710348e-07,-1.53400884901948e-16,1.48971382831001e-17,2.78770679887511e-16,-7.08548994032632e-17,-1.48941078620885e-07,2.98578150741906e-16,4.39187519460734e-10,-5.0914577369791e-16,2.94687421873931e-16,4.68128667910956e-16,-1.50665424948776e-16,-2.24582440285173e-16,3.61744493711827e-19,-1.9279000258862e-16,-7.62745741109912e-09,-2.45721884195871e-16,6.99737345255184e-16,3.20743776103461e-09,-5.28414699372172e-16,-2.14805855084491e-16,-2.31020160824725e-16,-1.65498692312676e-16,9.21369502254395e-17,-4.95360601723174e-17,-2.32693865276752e-08,-2.72551212894413e-16,-1.41301311518956e-16,6.93128225184755e-09,-6.51378842108945e-17,-1.71551513284251e-16,7.60855464939215e-18,2.89618401707066e-16,-2.27856898310997e-16,-1.81524701660583e-16,3.61713859185624e-16,-2.09241099424608e-16,-2.73967969201118e-16,-2.64890184249112e-16,-5.30232620224768e-17,-3.6409269532811e-09,1.2075305244829e-08,1.51129954159772e-16,-2.60297512596401e-16,9.51864481965283e-17,1.75842369918878e-16,-1.30104260698261e-17,1.97360287374602e-16,-4.49864336190834e-16,9.75584495117176e-16,-1.15187643253302e-08,-2.53011541853894e-16,-2.52831882101233e-16,-1.48134321529286e-16,-1.93428981450896e-17,1.34188022040396e-09,-4.7720224475876e-16,-2.12955908760512e-10,2.46526024431679e-16,-8.8323460920108e-17,1.3398287213617e-16,1.70077151351192e-16,8.69390686729751e-17,-3.03655237944915e-16,2.1292738134275e-16,6.09678901882637e-17,-2.33073235855984e-16,2.43475438216663e-16,4.3242496286959e-16,4.2772416633515e-16,-4.97905218519128e-16,7.15723462397253e-17,1.01452711650795e-16,3.60622809509059e-16,-3.81466131712204e-16,-5.00275615925604e-16,2.0580954771279e-16,1.61123859838712e-16,2.56088553141076e-16,2.01791132978396e-16,3.29188789186887e-16,1.48646694500195e-16,-9.87650323923757e-17,1.03293731566868e-08,1.36499508252207e-16,-8.70379443207243e-17,3.83672519984831e-17,1.38824065417883e-16,1.32672678050891e-16,-1.78123798752614e-16,1.98145403935878e-17,-4.120169852139e-17,-1.3067516539657e-16,-6.29087260610078e-17,-9.99634403031635e-16,4.82059889483993e-16,-7.10575164967454e-17,6.4178597734289e-17,-9.25265020951311e-17,-1.11617645394714e-16,1.22378509023505e-16,-8.40780599074102e-06,-3.67449189941471e-16,-3.98891972391752e-17,1.42529857544719e-16,-2.17454412307613e-16,-1.52585631603562e-16,5.41499675454138e-16,8.54066818271212e-17,-1.49524140704757e-16,-9.02551073982806e-17,3.05833339654209e-09,1.47183140687527e-16,-3.66118138453534e-16,3.48429698895707e-16,3.60919713776864e-16,6.14712418519994e-18,-5.72454450936868e-16,6.43476742365535e-17,1.56664679654765e-16,-2.1718526839746e-17,4.80381556305868e-16,-1.26518294653578e-16,2.53742878593174e-16,-2.46820676126856e-17,1.42693714991991e-07,-1.3252622210843e-16,-5.88894924712994e-17,3.25125484063297e-17,-2.62376925741492e-16,-4.24277240316087e-09,1.19028802963873e-16,-1.31218892703129e-16,2.32253976282832e-16,-8.62662412098433e-17,6.56489264621717e-17,5.91908828035413e-18,2.76126734019334e-16,1.11621819393676e-16,6.76851741631264e-17,-5.95917282849997e-17,1.06847107423073e-17,-4.2852047942437e-17,2.02285934312342e-16,7.09234232680938e-17,2.76076909799981e-17,-1.18195450763259e-17,-3.46847530668115e-16
"t126",0.0359123906924018,-0.0109248888412507,-0.0119894703846414,0.00074913271251138,0.00779762743231649,-0.0283696690968266,-0.00429411867711016,-1.55299188398319e-05,0.0376317951040155,-0.0013100053662501,0.00143640094707685,-0.000648896141894998,0.00166566471345916,0.000402648643560072,0.0159688002245849,-0.000636324630601691,-0.000527978187237089,7.75985232373943e-05,0.0474397135305875,0.121896620210885,-7.88899150141854e-05,4.98021320507059e-05,-0.0136593199977098,-0.000350245887599847,1.96653246677002e-05,0.000943442249424716,-0.00934503040648814,-4.6382757353843e-05,-0.000320535133509063,0.00259444265468709,0.000453007023584603,-0.0101193543432505,-4.86950636080681e-06,0.00513265774627392,-0.0247923011373224,-3.91448368834117e-06,-1.03373713410419e-06,3.51174362433663e-06,0.000470653972060084,0.000133191361933275,2.45655526858546e-05,-0.000664334849275281,2.04591969546778e-06,-0.000135889695664472,4.40502036890954e-06,2.50111904245656e-06,-1.41687115091025e-06,3.70713844056017e-05,-0.0697006720024689,-0.0392003222191169,-3.02955990237623e-05,1.10701869626222e-05,-4.61094258781392e-06,1.07924746983734e-06,0.00270369263015945,3.5886938626114e-05,-0.237640395105749,-0.000273247955196712,0.00220781210309309,-2.01365179587577e-06,-1.6375651813379e-06,8.10759008293885e-05,-4.61038889229525e-05,3.40850770467597e-05,-0.000321752806708476,6.11611052692598e-06,-0.000611296875068878,0.000105664390498013,-2.52075254560194e-05,0.000110966473249001,-8.41933739392386e-07,2.04845862506863e-06,-6.93701565235505e-06,-4.31085761832383e-06,1.80194845071273e-06,0.000183594897818289,-1.51995454908387e-05,2.1598119103976e-06,-0.000557725428651212,-6.5751315017189e-05,3.87643358832074e-06,0.000296767749257947,-0.000376680119914997,-1.07951883605449e-05,0.000844141990380313,1.8710995364261e-05,-3.27283717279693e-06,-0.000507961335851108,-2.00832480531329e-08,2.8008505046119e-06,-3.32215233023701e-05,1.63011577083982e-08,1.10319828512249e-05,-8.26954199373742e-06,-1.09740621921699e-06,-1.16915530968775e-06,-1.3675358306413e-07,5.23736370945145e-07,-4.86557029108358e-06,0.000202283514994373,-1.38553716507495e-06,7.8099222698829e-09,-1.33991601160125e-06,-1.10276236747885e-05,1.37345810682659e-05,-4.21770357615082e-07,0.000130961348734251,-1.75186896671298e-07,0.000213844062590594,-6.81519833377938e-08,-2.3589888083037e-06,-5.53321415394763e-06,1.74698686818589e-06,-2.69267033009767e-06,3.0472574234331e-06,-4.1707194777077e-06,0.000500390620110936,-0.000672947972680024,0.000132923846727816,-6.09997660413118e-05,4.13873870597227e-05,-0.000220961938326309,0.44796703054703,-0.105417986547492,9.1892211597263e-05,-0.0002894152736877,2.81136401945811e-05,-0.00040726985329407,0.000186270112840979,0.00644701836304146,4.58928472275248e-05,-0.000133655827528337,1.03096604416368e-05,0.000660036726508245,-2.51783505481532e-07,0.000165852609784824,-0.0322077683581195,-6.63058358332158e-06,0.00490809500019296,0.000996274596188158,-0.000154721383523332,-7.07519335009528e-06,8.3007859699857e-05,5.41766442177866e-06,3.12588284906838e-08,-2.58619151271185e-05,-2.76615913525081e-06,0.00012864116611771,8.11534032113464e-06,-1.31981505304832e-06,-1.63222333471541e-06,-0.000887161557998461,-1.03335333030007e-06,0.000257987466619247,-7.5972255714096e-07,-0.00123322165816076,8.42201547916885e-05,-7.59282467249744e-06,-0.00329959022959148,-4.61690477598533e-06,-5.17661077466389e-06,7.52287656196102e-07,-5.64172013865404e-05,-7.20025910572726e-06,4.57076542833708e-06,-2.96676837755478e-06,0.000422113062071519,4.11947310710877e-05,0.000355753579035323,2.70204681850502e-06,-5.04193467046961e-06,-8.90723344359264e-07,1.0532554848562e-07,3.75138517164334e-05,6.552561207361e-07,1.32903460895956e-06,5.81032728287593e-08,-2.10927641396088e-06,-8.29276682463524e-05,-9.14102068090207e-06,3.65834995052583e-05,9.68239727774645e-06,-2.01339998311623e-06,-8.01079450447975e-09,-2.44074888230993e-07,-1.02792871047822e-07,-0.000854299834814597,0.000478945046531016,0.000785379165337556,-3.16436653045483e-06,-2.26535780174343e-05,0.000475101509893548,1.43139895420441e-05,2.15203796672225e-09,2.17525141272413e-07,-0.00352447958211749,-3.04669461536256e-05,-9.930272242337e-07,0.0380370889100779,3.83245863362219e-06,9.13034893968842e-06,1.43342643761791e-05,-2.94839871813554e-07,-2.3197286271249e-06,-0.000719671233427873,-2.88844901132041e-06,0.00044682295270068,2.33339605124061e-06,-0.000130102171003524,-2.77932135709284e-08,-0.000543563203072375,-3.44314728235108e-06,-8.69360942948151e-06,-0.00192719406362451,1.03286105485571e-06,-2.39363631651126e-07,1.12325510143561e-07,7.23743727354826e-08,-2.00051467132359e-05,-8.37317066644221e-06,-3.8139469473349e-06,4.42121928832666e-06,9.67150757702209e-07,4.07369694028506e-06,-1.18615760063405e-05,-6.73928852363907e-07,-6.37686625181539e-05,-3.49580719899647e-07,-7.45681232045414e-05,-2.38596391335116e-05,1.27870423515145e-06,2.62356440640855e-07,7.92231458075136e-06,2.91555308063319e-06,-1.63734613462788e-06,-2.90773810008448e-08,-1.26379297786394e-05,-7.60814732252047e-18,-1.17006140205823e-07,1.6653123212796e-06,-3.3078116079433e-07,-8.34887839263001e-07,-1.10667592813615e-05,1.52902140890092e-07,-2.10204453652529e-06,9.30276741785202e-07,-1.78159271681914e-06,1.13131723940029e-06,-2.28509181313546e-07,9.10721785501619e-05,-5.90615941297895e-08,6.48283998352261e-06,-5.44964057802341e-05,2.19400249677979e-08,-1.41557284340579e-09,6.65672901932845e-08,-6.09610512133528e-08,9.57574496127748e-07,2.38541336199549e-05,-4.46814855174468e-06,8.58933543785821e-07,-1.55230210638262e-05,1.8032468129309e-05,-1.08215283860042e-06,1.0879701076736e-05,-3.67503889315938e-06,1.38898807011124e-08,0.000120775641529535,5.86114903197483e-07,4.98150909747639e-05,1.25240851379601e-08,-3.79904750712775e-06,3.44114657804117e-07,-4.06718610335946e-07,6.40151351539166e-07,-1.23264677716857e-06,9.49622555715601e-07,-6.89629872898157e-08,1.30247173991952e-05,-5.63529403536992e-08,9.22875290577717e-06,3.54195741656582e-16,-2.24159554420025e-05,-2.22670263071457e-06,-2.36942131952993e-11,-2.05746467206102e-07,3.01287471447456e-07,-1.86484812838088e-07,-5.29260569050252e-08,6.26697782482644e-09,-2.80835968648742e-07,1.06290315469836e-05,3.8249284593033e-05,-4.92137813474929e-08,4.42259705200961e-05,-0.00322598709744254,2.88531028664522e-07,-1.67420820198455e-05,2.43134761505805e-07,4.24737813799952e-07,6.55482265314614e-09,1.73610263703605e-05,-2.13380466327933e-06,9.35955294686098e-09,-2.89432430012429e-06,3.33596695305918e-07,-1.20540782561816e-06,8.61198135775809e-07,7.15740443539117e-05,3.6939861195045e-07,-1.17452894610442e-07,-7.57461340586195e-07,7.56178726966977e-08,-3.44414949135548e-07,9.14065150231607e-06,3.78306925696255e-06,-1.67346613845245e-05,-2.73484203771997e-17,5.59512351380783e-07,3.96756241289701e-07,-6.82457392019772e-07,0.00531310549863096,-4.08239169640759e-07,-0.000842943758588344,-3.06218281410214e-06,-5.78600630899491e-08,1.39567095285476e-06,9.97919826929297e-17,-1.35089402698993e-05,-1.06767797260126e-09,-4.38639115781371e-06,1.90962049641045e-08,3.24578210521793e-07,-1.9234420010134e-06,-3.00711600985139e-06,7.36390248078285e-07,-5.79267479274259e-08,2.67002635490309e-06,-6.43237025288727e-09,-4.95936585054323e-07,-5.61683217234748e-10,-5.91537404996678e-11,-2.78970576180414e-06,2.50178720458583e-09,-2.6898651382489e-07,9.02551573531901e-16,4.16402379101783e-08,-4.1211826594563e-09,-1.19014281997597e-10,-1.70874686973037e-09,2.75512694562916e-06,2.24751173833543e-05,-1.12087253638157e-07,4.20269306522711e-07,2.60864286357884e-07,3.08356757051644e-16,4.87374212201868e-05,1.78299415445818e-08,7.3334461818197e-06,8.54593125892886e-17,-1.61044414881873e-06,-2.12847966001297e-07,3.32921864817504e-08,1.41825393605943e-05,0.000283042210577324,2.3402162282648e-06,8.09237661256685e-07,-2.75496531188148e-06,-2.01741000775514e-07,-1.17939371611212e-08,-2.98738530411463e-06,-9.09393180971182e-08,-8.43586726955801e-17,4.24369366822935e-08,-1.61304188976903e-06,-7.37361321559882e-07,5.05208439774037e-06,2.64279272562964e-17,1.23323648041382e-07,-2.75264310047908e-08,3.40863786346379e-06,5.09079910975605e-08,0.000180435868185081,-2.01946966664803e-07,3.09497848679985e-06,-2.3937725680438e-05,-7.50036409395054e-16,-0.000123141487002342,6.03548423945425e-07,-1.88193409174812e-06,-0.000224262749803594,2.97202966508488e-07,3.87137500508597e-07,2.03309591384482e-15,1.04606629727783e-15,4.30174087872638e-07,6.00887743673536e-07,-8.15027216253073e-08,0.00602672867905029,-4.65367837199724e-14,7.8722777814241e-05,1.26363157632697e-06,6.78869015101362e-15,-3.10763047458805e-14,2.64350054168915e-14,-0.836214732903873,6.2653489057924e-05,-1.58749307402302e-05,0.000298464940319667,4.06159084389706e-05,5.49923135945475e-06,-2.31636352575761e-06,-6.44026200873604e-16,-3.41497224639966e-07,8.66057112023866e-07,-4.96910199128656e-16,-7.55024125739248e-15,-4.02872479430078e-07,-2.05571541143907e-07,-2.1064872437e-07,5.10194433927892e-05,1.85040375735485e-07,-6.837083991801e-05,1.33207539225805e-15,-2.54345911753596e-06,-1.86709486183951e-15,-7.94973888980911e-05,-1.11325879070812e-15,-1.88328970367358e-07,2.54041251162948e-16,7.49421990986212e-07,1.96127041665482e-07,8.10405601141217e-06,1.10218767631061e-05,4.84472296490335e-07,-5.47074498476272e-08,3.44503507111046e-07,7.17235964122616e-07,0.00376104427373395,1.56893208547135e-06,1.01234043757826e-07,-2.96167448761191e-07,-0.00340149532499716,-3.51111460114878e-06,-1.1674022242813e-07,7.00959548486582e-16,1.10898251685641e-06,-1.89225463596351e-07,9.34087417530713e-08,-1.80320284310582e-16,1.59238429284057e-05,4.7835958699225e-06,1.51921750826157e-06,-1.41006458761075e-16,-3.6673138924117e-07,-0.000187973766013538,2.06994561551382e-17,-2.49359011759394e-07,5.36053443200232e-07,-3.66445509922701e-17,7.24778163074034e-16,-1.96695341548792e-08,-9.98715174623951e-05,-5.59199603769827e-07,-0.000317423188640007,2.2895354968933e-06,6.03451996149147e-08,6.1678496065147e-06,5.30244167970686e-07,-1.30814649158635e-05,-1.74751706161214e-15,2.40216043632688e-09,1.01273343621457e-05,4.47555780594096e-06,4.48223019717954e-05,-4.55601804372168e-15,-2.31600663684674e-16,6.36130534914322e-06,3.28174393916745e-17,-1.50245659629417e-15,6.34277353063191e-07,-9.2806377941483e-07,-1.73733491530493e-07,-9.62668723883274e-07,4.38947384234311e-06,1.14626809407792e-06,1.46185763369225e-06,-3.43723965498806e-17,7.54996311265953e-06,3.26077918177416e-06,1.60751985793378e-06,-1.5219216940288e-07,5.93212400431853e-07,3.65517500764273e-16,6.44017191989277e-16,9.13059009180338e-17,-4.97900481359959e-05,-2.42798476868989e-08,-1.57312684239057e-06,-1.30163163716787e-18,-1.847509220984e-08,-1.40833870170028e-16,-1.90680279150064e-16,2.93886834889156e-06,-7.35579069137563e-07,-3.4781205693335e-16,-6.03025675771595e-06,-8.1012226242722e-08,2.8258045024591e-16,1.81809063996254e-07,3.09166083750781e-16,6.68242032442361e-06,5.52854979023872e-17,6.65960120985513e-06,5.48971646816786e-07,1.9870508059951e-08,1.96028492745123e-06,1.34268218146378e-05,-6.34275490589984e-08,1.92708596861346e-06,-1.30469825649377e-16,1.12533063210241e-06,-6.34365151039364e-08,-9.53377039982606e-17,-8.34342640862973e-09,-1.69517195417314e-07,3.92803615744977e-08,-2.40561350164793e-17,1.24887530450274e-07,1.64899858381302e-07,-1.80459825468774e-16,-4.56538585559217e-06,-3.46154512653716e-06,-4.70723974738089e-09,-9.64154935695873e-17,-4.53049630765845e-16,8.34627432538889e-08,2.66136729685087e-06,2.15176246399009e-07,-3.29456222362392e-08,1.56794158486877e-06,4.28996111152109e-17,-2.07806534885813e-16,5.73833677807839e-06,1.7271384379068e-08,-1.0494406344162e-16,1.39986460265002e-05,1.43896267600223e-16,7.09591798769367e-08,-1.42789829299367e-06,-1.84824431308928e-05,-0.00503925039506571,2.43678498548826e-16,1.26008173689385e-16,-7.4752959998717e-16,-1.44443867783967e-16,-7.17749886682393e-09,-2.49554754669522e-08,-1.12350345920083e-16,-7.39658523528538e-17,2.36716634234369e-16,3.53146709056829e-08,3.1777187008146e-10,-1.75274840513536e-08,-1.00723364663041e-16,-3.45860493022876e-17,9.03140409680425e-17,-7.49873801941155e-07,2.29416191199563e-08,8.63353501277716e-17,4.01495728371131e-09,-1.04912863494223e-07,3.19278585566864e-17,5.7336594643424e-17,-7.51041166456615e-06,-7.39366213891737e-10,-3.7123336605553e-06,-4.02495620488958e-18,4.00849147316728e-08,6.45778189548784e-07,6.91187793908065e-07,-2.57064514445514e-06,-1.52406940043375e-07,2.47682277674049e-09,1.8527479744901e-16,-4.15329568425893e-17,-1.45848282702251e-16,4.66434102011443e-08,-4.22261306913794e-08,-1.51232999200543e-05,-1.24283326899303e-08,5.95424251932025e-17,-3.3755888516337e-16,-1.79760260917349e-16,-1.23671866881085e-16,5.64591395075524e-18,5.89485348692119e-08,-8.11983874842117e-17,-1.49014781375442e-16,-9.85386750852003e-07,-1.05560817087381e-16,-8.82061931704822e-07,2.0638308514869e-16,-1.002474291927e-05,-3.82852902436434e-18,-1.20811702497025e-05,-1.64697835235852e-07,-1.45061230600966e-07,1.4408739387389e-16,5.26827168401944e-06,-4.46734586750055e-17,7.96617217257374e-07,-1.26049740804316e-07,6.97415781011165e-10,2.12285106207295e-16,3.83256610254083e-06,-3.36329325075209e-16,-2.74997668242598e-07,-1.40359129927902e-07,-1.70408470797034e-16,-1.91407305762474e-17,1.11252829108256e-15,-6.23326331429476e-18,-2.12335676157689e-08,-6.31405586799983e-07,-1.40875339519427e-07,4.8225112201091e-17,8.10887284667109e-18,-1.43846237425322e-08,1.17323833157337e-07,2.53030045956097e-16,1.68088013910531e-16,-2.3433905411293e-07,-8.42641822691568e-17,-0.000290954392312796,-4.02996659096477e-17,4.09673252542697e-07,-1.42688865297439e-16,-3.00527832003902e-13,1.56844749080457e-18,-5.16296135909244e-16,1.41210738953286e-17,-1.14225205735442e-16,7.8429720189966e-09,-5.48472068785102e-08,9.81499572082602e-17,-3.63495677369353e-08,1.52606505419228e-06,-1.28253031719324e-16,2.56681977678071e-16,4.38447906221425e-16,4.02040863683904e-16,7.71891959601049e-05,2.23074800496465e-07,2.35363284083294e-16,3.73250962607648e-17,-2.71705059356002e-07,-8.77549102158046e-08,-1.32815799586094e-09,-2.52449728055886e-17,-6.22635345004409e-17,5.07595998118579e-17,3.63287824666864e-16,1.58962409665085e-17,1.49584159352674e-16,5.2986721066596e-06,-1.83292725279242e-06,-9.62582813535371e-07,-5.58203138366614e-17,1.4006927750703e-16,5.79419659359941e-17,1.45091342703102e-16,1.20063729853178e-16,-2.15832069487404e-16,3.81477327827122e-17,-4.60988862293528e-17,5.31467033449519e-17,9.88158018637175e-18,1.24886630316187e-16,-8.74242649929461e-17,-4.93802982728104e-18,5.10238525042072e-18,5.08701934409038e-09,1.70698503623777e-17,-8.503309937651e-16,-4.91593119933972e-17,7.19150965867396e-08,-8.1146365534421e-07,-4.90670634632763e-17,-1.85512046949165e-09,6.55860414522429e-08,-2.87513364274564e-17,1.49277896994259e-15,-1.26218237196142e-07,-1.74207618543388e-16,1.60777816649044e-09,2.22694251811845e-16,-2.96804748431364e-17,7.70751915138813e-17,-1.49063383283203e-16,1.46571921630563e-06,-2.15166796796437e-07,1.30883906189528e-16,-7.6915648278261e-17,-1.77427255387859e-16,-5.23304644435587e-16,3.28513258263108e-16,-3.04810444362352e-17,-6.11278878034725e-18,1.06394817785231e-16,2.55588121861951e-09,7.80668318120905e-17,-2.82547699872019e-17,-9.94072998069657e-17,7.61334083074601e-17,-2.36935303295602e-16,8.45366254431229e-16,-5.54176550354878e-07,6.94371684452506e-18,-9.06168204131962e-17,3.74702220601929e-08,-3.84329447347652e-17,5.25022164866332e-19,-2.30171343309505e-17,1.03222412116332e-16,3.11053208505152e-08,-2.11139392749622e-17,-0.000128084974273728,-1.90864633702304e-16,-2.32203639516443e-17,-3.1492374798126e-16,-7.52114435184983e-17,-2.32769480866307e-17,7.85375257981036e-17,3.69790921261928e-08,-8.53813232087404e-16,-5.86901970084344e-19,4.6631884200985e-09,-4.60914982080305e-06,2.38735774489028e-17,7.92246135355863e-07,1.0763696031506e-06,-9.79244261093838e-17,-3.91814545156445e-17,6.22398179132038e-17,-2.27411939238886e-17,-8.1190585043344e-16,-1.79479865702888e-06,-1.8909797356026e-16,-3.94893447530492e-17,-1.80253963682922e-17,7.17219389907321e-07,-1.68390646455427e-16,-7.57363325516533e-17,-4.63543836523589e-17,-2.76590009559989e-17,-3.25975018642095e-07,-3.21142836974414e-16,9.60382622899721e-10,3.81811166342481e-17,-5.22434851847887e-17,2.51476794826793e-16,2.09128023378321e-19,3.09574104581796e-17,1.34350433192477e-16,2.91087530235294e-17,-1.66035189356375e-08,2.31643211262742e-16,-1.93309984477021e-16,6.97417121059895e-09,-7.5247896428085e-17,6.56825968028761e-17,-1.5629458256226e-16,2.91087281576973e-17,-9.65008492845056e-17,-7.59447795848268e-18,-5.04199221324282e-08,5.02420056419705e-17,-8.97247635547519e-17,1.49953218510584e-08,4.35306212611636e-17,-5.79621808240468e-17,1.83322859815759e-16,7.35724264808676e-17,7.98374075773451e-17,-1.58856334681966e-16,-3.1631218604378e-17,-4.56506453223336e-17,-3.10995727526174e-17,-1.586156906332e-16,5.10677749804432e-17,-7.83224421172809e-09,2.59584313642056e-08,-1.63104799394562e-16,6.74576820776947e-17,4.73573174522012e-17,5.98421970260581e-17,8.41340885848751e-17,2.40547927780928e-17,-2.33108354337276e-16,-7.03863288330481e-18,-2.46751912790543e-08,-1.20972529010317e-16,-6.42228012787585e-17,-7.20882078084375e-17,-1.43314768814587e-16,2.86604714332963e-09,-8.87927004478203e-17,-4.53337759573757e-10,-3.95933963293053e-17,-2.82442300906633e-16,-6.55883292946176e-17,-1.08990384795507e-16,-1.65815982489739e-17,-1.91115827829407e-16,-7.70768407423258e-18,1.87895040568655e-17,-1.30200453165315e-17,-2.86767352012423e-17,-1.60566346549191e-16,-3.86782993532273e-17,1.09598478281947e-17,1.09987032478547e-17,1.85863274487759e-17,-7.63409040736356e-17,-1.70592088701286e-17,1.08219708746645e-15,4.22055790091496e-17,7.89163601902544e-17,1.79110198894605e-16,-6.19413475095976e-17,8.54419027583696e-17,2.01829471366861e-17,-3.36823914795543e-17,2.17283754356637e-08,-1.95093647091744e-16,2.43912803807582e-16,8.39135546464707e-17,7.77100255291396e-17,1.24598534973971e-16,4.28835788580754e-17,-5.31268615291084e-17,5.44298728384007e-17,-6.40485342031846e-17,-7.96600754511241e-17,-2.73652628335341e-16,3.9842734588513e-18,-5.99811560455912e-17,7.70463674934248e-17,-6.40911266611956e-19,6.47538391687659e-17,1.29146021060633e-16,-1.75483842590641e-05,4.75957133947068e-18,-3.15778048535801e-17,6.99161578051929e-18,-4.46111903704374e-17,1.96327259193499e-17,4.355131080889e-17,-1.26810859545922e-17,-3.19490299425442e-16,7.51141321631343e-18,6.33310744374218e-09,1.50680668148324e-16,-4.39419566874392e-17,-9.13885761538852e-17,-6.01689453648473e-17,-4.9105347774606e-17,-9.09644404394436e-17,-2.0243453100885e-17,6.61160225749136e-16,2.20202059711336e-17,-8.14665842131767e-18,-7.45032657039951e-17,1.46770035708806e-17,7.03317581840322e-17,2.93212058333576e-07,3.01613974743305e-17,-8.58059618851426e-17,2.65880319729645e-17,-9.65373614381093e-16,-8.68742702387709e-09,9.22329943660226e-17,2.49300861816879e-16,9.06779075870745e-17,-7.21167487583648e-17,2.84595957894036e-18,-3.11275639829968e-17,-4.41011171871283e-17,-4.95423484722713e-16,6.5605491704906e-17,-6.79797183804644e-17,1.81098675742398e-17,3.36299634930101e-16,5.85371762575225e-17,-3.89200189587129e-16,5.38689252610595e-17,1.3982181627405e-16,-5.69496672032015e-17
"t645",0.0359297983113078,-0.0109360517318999,-0.0120021174740411,0.000750191976558471,0.00781112888414299,-0.0284273062903772,-0.00430301425200389,-1.55646510492215e-05,0.0377312080383549,-0.00131420236093348,0.00144224076193599,-0.000652147375013053,0.00167425473532388,0.000404756616438363,0.0160560496793438,-0.000640006790787681,-0.000531106447005947,7.80666356395543e-05,0.0477325284808747,0.12271411630146,-7.94622657130332e-05,5.02384137752042e-05,-0.0137857069868956,-0.00035350520893412,1.98490489630603e-05,0.000952678088412078,-0.00943759948004544,-4.68463499554519e-05,-0.00032382513250578,0.00262591223340728,0.000458868532236902,-0.0102562812146018,-4.94018390261204e-06,0.0052107112432558,-0.0251887134158255,-3.98211303580621e-06,-1.05182500674214e-06,3.57417488902674e-06,0.000479078547523942,0.000135611223616795,2.50248041269397e-05,-0.000677058233238966,2.08569278358704e-06,-0.000138534669981846,4.49227031004956e-06,2.55385341423278e-06,-1.44730397828186e-06,3.78745428166154e-05,-0.0712472751138154,-0.040092521793924,-3.10083595509347e-05,1.13346170674421e-05,-4.72132618723606e-06,1.10557046950621e-06,0.00277204031272106,3.67989926320361e-05,-0.244265686691137,-0.000281052629554093,0.00227105330979733,-2.07474229151701e-06,-1.68936890830606e-06,8.36931460070252e-05,-4.76164664141855e-05,3.52078711321006e-05,-0.000332670033411758,6.32910499838598e-06,-0.000633802708663535,0.000109649969105543,-2.61689047985517e-05,0.000115282772506189,-8.78094356446532e-07,2.14286660617062e-06,-7.26010369769276e-06,-4.5159848645265e-06,1.88792079357361e-06,0.000192434813783364,-1.59340441391233e-05,2.26603981176376e-06,-0.000586248613017921,-6.9166314256431e-05,4.08306430855189e-06,0.000312674963675002,-0.00039769342474327,-1.1404554740515e-05,0.000894206044874626,1.98354146529692e-05,-3.47212603564549e-06,-0.000538957776962624,-2.13094325486288e-08,2.97209478859403e-06,-3.52628236370283e-05,1.73500331358822e-08,1.17447718269507e-05,-8.81880396541148e-06,-1.17374475283645e-06,-1.25104244360618e-06,-1.46334793368348e-07,5.6106658540712e-07,-5.21457432608248e-06,0.000217140312889269,-1.48924722967441e-06,8.39548948887908e-09,-1.44056873364778e-06,-1.19269575051545e-05,1.48613885540157e-05,-4.56534004404915e-07,0.000141844650812031,-1.89778796242902e-07,0.000231727961269838,-7.38864253406381e-08,-2.55787231931821e-06,-6.00520718068174e-06,1.89621544195536e-06,-2.92975259299007e-06,3.31727611715756e-06,-4.54544883796961e-06,0.000545628111686472,-0.000734818063825545,0.000145341884190116,-6.67670778085145e-05,4.53269192327586e-05,-0.000242485296159878,0.492249474231862,-0.115844610929556,0.000101000182248182,-0.000318532838884507,3.0945602677546e-05,-0.000448820678863862,0.000205966395469278,0.00712899789549657,5.07614517639934e-05,-0.000148171855525622,1.14344855455871e-05,0.000732287017552412,-2.79717174707116e-07,0.000184286952193429,-0.0358891349371648,-7.40544517267573e-06,0.00549898592976299,0.00111631709903285,-0.000173458117705253,-7.9341959191407e-06,9.31274169545963e-05,6.07917321321801e-06,3.50756809368478e-08,-2.9055332232298e-05,-3.11534993000816e-06,0.000145244273729678,9.16850457310976e-06,-1.49316467957739e-06,-1.84681025524724e-06,-0.00100432901943579,-1.1701943316824e-06,0.00029225534477883,-8.63466163441346e-07,-0.00140236381678593,9.58072094046361e-05,-8.71202758345107e-06,-0.00379399505939969,-5.31042730148528e-06,-5.96498737509615e-06,8.67180480013336e-07,-6.51856494886238e-05,-8.32170607011854e-06,5.29481354666994e-06,-3.44441056934576e-06,0.000493289584713487,4.8152184522787e-05,0.00041586233848902,3.16144280807047e-06,-5.90540875019684e-06,-1.04342684056537e-06,1.23642613328735e-07,4.40671028928711e-05,7.70830371016023e-07,1.5640044481377e-06,6.8388211141509e-08,-2.49103433587401e-06,-9.82820675636733e-05,-1.08401262286671e-05,4.34088031407956e-05,1.15086817831456e-05,-2.39476415452423e-06,-9.53438724494922e-09,-2.906759902314e-07,-1.22674696907069e-07,-0.00102006496929996,0.000574467365953008,0.000942159501733088,-3.80184598498175e-06,-2.73328058969339e-05,0.000575278969550995,1.7353610357686e-05,2.61385990598048e-09,2.64572027383398e-07,-0.00430462192584723,-3.72445834064225e-05,-1.21627836173664e-06,0.0466337200778354,4.73425018353435e-06,1.12828061134831e-05,1.77711558677587e-05,-3.66711748754879e-07,-2.90790174161281e-06,-0.000902178616440444,-3.62360266292719e-06,0.000561805406961113,2.93845373869686e-06,-0.000164525429898622,-3.53316852839579e-08,-0.000693950969505906,-4.40159891814511e-06,-1.11809465086117e-05,-0.00248701206632607,1.33300993430413e-06,-3.09746716900097e-07,1.46351512192663e-07,9.44234730672951e-08,-2.62871852562193e-05,-1.10579436504308e-05,-5.04568565374031e-06,5.89196072954717e-06,1.29114652038377e-06,5.44892110008026e-06,-1.59607153988762e-05,-9.07927891854145e-07,-8.59358032557032e-05,-4.74241400860108e-07,-0.000101573417615546,-3.26502394302788e-05,1.75349930619295e-06,3.60560177772456e-07,1.09102139889407e-05,4.0175054999866e-06,-2.26852575327881e-06,-4.0425041611461e-08,-1.76360971608194e-05,1.02482659125809e-17,-1.6417317493766e-07,2.33919392016863e-06,-4.68213241187496e-07,-1.18888916938813e-06,-1.58384655867668e-05,2.18896008145264e-07,-3.03798746386389e-06,1.34665989682915e-06,-2.58094257026911e-06,1.64479604877057e-06,-3.33036603067241e-07,0.000133329742542947,-8.66401419538414e-08,9.51788667434294e-06,-8.03770791444639e-05,3.3004346460629e-08,-2.14485662260525e-09,1.01479374118236e-07,-9.42028535863081e-08,1.48119025149124e-06,3.72599436516947e-05,-7.01817474359686e-06,1.3600641434643e-06,-2.46440878979018e-05,2.87071429203828e-05,-1.72940943669982e-06,1.74877061027777e-05,-5.91106699740102e-06,2.26792209377498e-08,0.000197270046790081,9.57713416136931e-07,8.17383865983616e-05,2.05821205241098e-08,-6.27473080832265e-06,5.68893524421482e-07,-6.93899221520123e-07,1.09610001438959e-06,-2.11668243308302e-06,1.64159656879023e-06,-1.19861759057823e-07,2.29212633158585e-05,-9.95373256404658e-08,1.63488242430699e-05,-2.53099680331509e-16,-4.01182667670722e-05,-3.99060832472793e-06,-4.265354805447e-11,-3.74380964311604e-07,5.53417784245792e-07,-3.44100387994516e-07,-9.78796599294647e-08,1.19440315903237e-08,-5.36310499832596e-07,2.03092107942804e-05,7.37637131194122e-05,-9.75310094966473e-08,8.80742136940058e-05,-0.00644639317401831,5.83189621832846e-07,-3.54357717990032e-05,5.25325825153234e-07,9.18830473161894e-07,1.41851612794593e-08,3.96887970954879e-05,-5.23719091182121e-06,2.31969354400983e-08,-7.27861352966521e-06,8.54321779997994e-07,-3.10462619286522e-06,2.33153744870352e-06,0.000194536916974166,1.01135036803354e-06,-3.23186364047683e-07,-2.1195920295208e-06,2.15691907131917e-07,-1.0005126220166e-06,2.67703881824084e-05,1.12364395165357e-05,-5.12730101553637e-05,-2.36773006505017e-17,2.15503154474443e-06,1.57087475312394e-06,-2.82166308287774e-06,0.0219964225479352,-1.69248773800681e-06,-0.00353356420389583,-1.31130696511282e-05,-2.54343350042651e-07,6.48937424207714e-06,-2.64823883874558e-16,-7.27427412612001e-05,-5.86724672370029e-09,-2.52234463126867e-05,1.10425777834067e-07,2.12784373822708e-06,-1.36382570441654e-05,-2.41619882268299e-05,6.52642246436301e-06,-6.65361998945045e-07,4.26805109916357e-05,-1.38344894352828e-07,-1.3296983866395e-05,-1.78163959813528e-08,-2.79553411224997e-09,-0.000139423697860342,1.99086653956058e-07,-3.99220796911788e-05,-4.44301172394283e-16,-1.09079355491304e-06,8.61942362311019e-08,2.48423714022765e-09,2.25029269334713e-08,-3.43303301749537e-05,-0.000166585949768947,7.41580974679065e-07,-2.72218446390592e-06,-1.56423821610684e-06,-3.41911273522412e-16,-0.00026909882969999,-9.55947002743806e-08,-3.54268911838817e-05,1.04980870568394e-15,7.0106267673469e-06,9.05138201379067e-07,-1.39890120658643e-07,-5.81563881648122e-05,-0.00111515402996395,-8.95415743357828e-06,-3.02746860373594e-06,9.66211712832008e-06,7.02274057050553e-07,3.93445713561597e-08,9.27342479769052e-06,2.81283107853132e-07,1.40473512730551e-16,-1.15073971580431e-07,4.27969325756668e-06,1.86651485024175e-06,-1.19375375436394e-05,-1.39962688512679e-16,-2.53405237608167e-07,4.89110537149964e-08,-5.69220233864416e-06,-8.26392194978707e-08,-0.000283259474909958,2.98318493255862e-07,-4.15532435949614e-06,2.57195174165963e-05,5.61996413483054e-16,0.000109934122917305,-5.30384931308071e-07,1.60048667900221e-06,0.000182305646587604,-2.40767276613724e-07,-3.09670253324344e-07,-2.84494650060196e-16,-3.63657792810203e-16,-3.19991575743422e-07,-4.19819989505099e-07,5.65018591096949e-08,-0.00395087978885712,2.80231217023336e-14,-4.56804451425471e-05,-6.9456992238296e-07,-3.21367710396079e-15,1.44452462829086e-14,-1.21776487184832e-14,0.387450365141842,-2.83981206851323e-05,6.66555348365727e-06,-0.000117355406302909,-1.58467859938699e-05,-1.9982329823421e-06,8.34743708490898e-07,1.48413508202837e-16,1.06070715193761e-07,-2.54858372739925e-07,1.77185508285939e-16,3.2651959153239e-15,9.48897212191672e-08,4.57395979168842e-08,4.33218664024537e-08,-9.93593560547136e-06,-3.23158926322689e-08,1.17248808151505e-05,-9.48664590314392e-16,4.25317001838072e-07,7.25100323303407e-16,1.23367891418699e-05,4.68592178948235e-16,2.76009223012398e-08,-1.99869857527651e-16,-1.01817970636547e-07,-2.62293545873531e-08,-8.64812484658097e-07,-1.11548964068064e-06,-4.79295491973349e-08,4.87978201931667e-09,-2.78913517305625e-08,-4.48690553561515e-08,-0.000234686802349872,-8.93327666782513e-08,-4.77439354714147e-09,1.02203588530792e-08,8.2424508876429e-05,5.74625577107234e-08,1.46683394754545e-09,-2.79652143772435e-16,-1.18990417650001e-09,-1.81823513629234e-09,3.54930962788287e-09,-1.23864239821783e-16,7.28412742867726e-07,2.72960682269721e-07,9.38312417696933e-08,1.91076893607278e-16,-2.35269347834806e-08,-1.3806047457025e-05,6.91190712351993e-17,-1.94286822243693e-08,5.54300944030376e-08,-1.48410457416577e-16,2.88749636540849e-16,-2.21839887188988e-09,-1.13464385341371e-05,-6.56786041161899e-08,-3.86923483921452e-05,3.0151174977305e-07,7.99705048242523e-09,8.24594493870074e-07,7.74839285507961e-08,-2.03906145381898e-06,1.20281389015542e-15,3.8307068416037e-10,1.62120443572032e-06,7.26037166026838e-07,7.3856202487336e-06,-4.68543642357669e-16,-3.64687239160306e-16,1.07018921719676e-06,-2.50485525429758e-17,-3.5699372215276e-16,1.19893214078093e-07,-1.78614319307462e-07,-3.34490448019227e-08,-1.9242807879353e-07,8.81720160754182e-07,2.30492679163772e-07,2.95923488582894e-07,-2.72640605424872e-17,1.63363234540169e-06,7.14971304609338e-07,3.53993344615291e-07,-3.42250355407839e-08,1.38344148723551e-07,-4.34750761847562e-16,-2.12099724767159e-16,-3.57627173081874e-18,-1.21887693259758e-05,-6.06209546006189e-09,-3.93350017797991e-07,2.88892998922957e-16,-4.70496241683114e-09,7.55718858788552e-17,-3.75777461366764e-17,8.05743152369265e-07,-2.01846195406526e-07,4.57099635919889e-16,-1.68241248962019e-06,-2.28160106484543e-08,3.74430867926526e-16,5.2173813653481e-08,-2.02515707693535e-16,1.95978279422834e-06,7.21207065952909e-16,1.95682081864554e-06,1.61544705971117e-07,5.8569652634559e-09,5.7913964668459e-07,3.98723484762569e-06,-1.91945307965015e-08,5.98088357505232e-07,5.82844205855753e-16,3.59807444471696e-07,-2.03453162866813e-08,-5.87203150737848e-16,-2.68679433225291e-09,-5.49897504769378e-08,1.2825322817063e-08,5.91338428017546e-17,4.16651487923263e-08,5.52433545589076e-08,5.12979483052956e-16,-1.53785075553108e-06,-1.16914720812069e-06,-1.60556171638399e-09,-3.58055682550045e-16,3.08512721351147e-16,2.91140258547051e-08,9.36988610530273e-07,7.58994184239868e-08,-1.2073515651995e-08,5.78017175066535e-07,3.28174890048765e-16,6.67416848059655e-16,2.12399814250683e-06,6.39612317849374e-09,-5.51654481592805e-16,5.21917038814329e-06,7.69979507705708e-16,2.66262675670945e-08,-5.40451809538497e-07,-6.99976316702036e-06,-0.00191304397646117,-2.61253816538192e-16,9.35698562578667e-16,8.3040132656793e-16,-4.56893714871619e-16,-2.78230341294069e-09,-9.68998671389308e-09,-3.01234497880905e-16,2.38775082844009e-16,3.58649208621017e-16,1.37947998567371e-08,1.24448678271617e-10,-6.91190556169657e-09,-3.59474723937018e-16,-1.01844531072426e-15,-7.16982896664664e-16,-3.02501129914566e-07,9.26175749412265e-09,-8.2185893342239e-16,1.63476957328645e-09,-4.28626381250241e-08,-3.25582570623905e-16,-8.42926552664021e-16,-3.09277141451779e-06,-3.04660860987849e-10,-1.53670595857316e-06,1.92293546727226e-16,1.6718641661597e-08,2.7044888759141e-07,2.91107713461082e-07,-1.09094469866653e-06,-6.48099663459121e-08,1.0572119187656e-09,6.9286103189745e-18,1.49474384175285e-15,-1.8298860679589e-15,2.03272355910298e-08,-1.84078971359629e-08,-6.60977466934228e-06,-5.50166347527456e-09,-1.50142320243781e-15,4.28584637621609e-17,-3.41498276351562e-16,7.63901098049145e-16,3.78659343469193e-16,2.64350061238841e-08,5.29261544106244e-15,-2.37933131733746e-15,-4.4408853233855e-07,1.34829947764666e-15,-3.97627349640799e-07,-3.48714087993212e-16,-4.52108572780168e-06,-5.29709919744414e-16,-5.49484092907453e-06,-7.50582321493113e-08,-6.63093805371997e-08,-1.59090431771547e-15,2.41710453054473e-06,1.94183577857588e-15,3.68419240221352e-07,-5.88910626694041e-08,3.25975515764633e-10,-1.71127734588898e-15,1.79862282399994e-06,-1.3814896580678e-14,-1.29872967726657e-07,-6.6307645648108e-08,-1.93042226848982e-15,1.13150887906801e-13,0.707106781186548,4.42669238248803e-14,-1.00823981978608e-08,-3.00221295979106e-07,-6.70878168857532e-08,-1.15583502535191e-15,-6.74755082514966e-15,-6.90085404920935e-09,5.63029220190803e-08,7.4229139764449e-15,-1.08637572928988e-14,-1.13470960810916e-07,2.85578989118786e-15,-0.000141151230412934,9.66260067213502e-15,1.99824275382469e-07,5.62541525315897e-15,-1.48657427680132e-13,7.89695308214447e-16,-1.57056180233623e-15,-3.65372282061592e-15,1.16084047197229e-15,3.8668781561573e-09,-2.70454588086368e-08,1.71131999397602e-15,-1.79902020452276e-08,7.56437224866508e-07,-4.00663243594614e-15,1.50671870457307e-15,6.25778115298796e-17,-2.10917910658691e-15,3.8510738040794e-05,1.1146223795311e-07,-1.7489546692319e-15,4.51127274850833e-16,-1.35987214262817e-07,-4.3930446873567e-08,-6.65364541034886e-10,2.04029447021313e-15,-8.16667120860101e-17,1.22410127288422e-15,-2.1829194544419e-16,2.96629447050751e-16,2.22441542608199e-15,2.68553275968062e-06,-9.29978858315238e-07,-4.88906523366953e-07,-1.44699509624687e-16,-1.17222890619393e-15,-4.07297249421343e-16,-1.7558834301158e-16,-1.19098799119839e-15,8.30567232119583e-16,4.50910936027542e-16,1.82744151796829e-16,3.1092084495434e-17,6.96767929114082e-16,-4.42171266347069e-16,1.07616460122891e-15,3.52245389226979e-17,9.26981393467892e-16,2.62907342426177e-09,-5.7565360657928e-16,4.6016934234838e-15,2.61924888659403e-17,3.72507228763945e-08,-4.2054048017857e-07,-7.52438990491887e-16,-9.61722770230263e-10,3.40938289618756e-08,-6.88395765356722e-17,1.67277072581021e-15,-6.58342340142335e-08,-2.71525951036101e-16,8.42037337348992e-10,-6.71800280734719e-16,5.76541396986639e-16,1.16214014257468e-17,7.97493652839974e-16,7.72523562076966e-07,-1.13454408565271e-07,-5.66412257392021e-16,1.05705891235792e-16,-4.0897810060416e-16,4.15879089897456e-16,-8.19223161530047e-16,4.464236028053e-16,-3.24767670520487e-16,4.32698890166171e-16,1.37675278460238e-09,-3.84161063806898e-16,1.12649109132953e-15,-4.76424676406639e-16,1.9770613107825e-16,-5.06365131871768e-16,-4.16977136496268e-16,-2.99840046840162e-07,-5.26796155044779e-18,9.65021222058175e-16,2.02898991577492e-08,4.13728179509731e-17,2.26380272774627e-16,8.85652502587128e-17,-3.92019493067815e-16,1.70021369663053e-08,-1.39816033430036e-16,-7.01271008355565e-05,2.75698524383405e-16,1.7387404002072e-16,6.04933160018423e-16,2.5953936536819e-16,3.53166339765794e-16,-9.24760923608382e-17,2.03142347482277e-08,1.75185217374763e-15,1.35032309677472e-15,2.56824067965248e-09,-2.53880458445864e-06,2.60565160863018e-16,4.37337481550124e-07,5.94585384161241e-07,-1.56608566866543e-16,-3.27732917393832e-16,8.97408283595974e-17,-9.64189511393842e-18,1.64253647559678e-15,-1.0013492738639e-06,8.73869094355861e-16,-1.50270190448467e-16,1.7759734645994e-16,4.01156999830559e-07,3.3963637264315e-16,2.28572757428637e-16,-3.21754264827321e-16,-5.85887459218085e-16,-1.82927802576349e-07,-2.50249140814001e-16,5.39485220582842e-10,-9.73730111737764e-16,-2.19981415376246e-16,-2.11795213527388e-16,-1.65493463841569e-16,1.28662837189272e-16,-1.67055444395594e-16,-2.69266442016698e-16,-9.37653463797272e-09,-7.87863876804642e-16,-1.36193416199896e-16,3.94368099981299e-09,-5.02398054557573e-16,6.06801091940145e-16,1.53701569193055e-16,-4.17345399551117e-16,-5.98992199187079e-17,-1.38210622861699e-16,-2.86271839190932e-08,-2.94362585249057e-16,-5.38418065585902e-16,8.52937600862539e-09,1.38023665618491e-16,-5.31422847352078e-16,-6.41420851888172e-17,-1.17560455673946e-15,4.11948207571584e-16,-4.11064629195051e-16,1.26102830285632e-16,9.75417503965795e-18,-2.16519940370547e-16,3.16177384852569e-16,2.45128117188295e-16,-4.48446693124705e-09,1.48745337751144e-08,-1.24305572920588e-16,-2.93095351923419e-16,-2.7477326373277e-16,-2.63034783421979e-16,-3.38271077815477e-17,-5.40143811129272e-17,2.30771829468708e-16,5.17897649805217e-16,-1.41967588184182e-08,-2.06984151413986e-16,7.98855176396447e-17,-8.13824385050842e-17,1.08350771723953e-16,1.65460517881935e-09,2.42835503245952e-18,-2.62715885917628e-10,-1.16150546599208e-16,-1.43033452714368e-17,-1.74802170818945e-16,1.09408039796806e-16,8.96179980647917e-18,-8.87872245887324e-17,1.94749448580828e-16,2.31930750609902e-17,6.86707230634386e-17,1.06960693922366e-16,1.11592008022474e-16,2.05082687735853e-16,-1.72539294606813e-16,-1.27383678615136e-16,3.22889642359749e-16,-4.58133145834699e-17,-2.43865522008648e-16,-5.04880975429222e-16,-2.32546935303058e-18,-6.2130507191076e-17,-6.28837260041593e-18,1.44096266370314e-16,7.09116995002468e-17,-1.44211542293664e-16,-8.37497007917307e-17,1.27650576526232e-08,1.54806942967441e-16,-7.58600273604806e-17,-1.58944878968661e-16,3.40074015321928e-17,-1.70609639862582e-16,2.2041601628692e-16,5.26867727062401e-16,7.11564980356026e-17,-1.08814907401289e-16,4.57966811584802e-17,-3.52148865623292e-16,-3.8167108709023e-16,5.78797786755433e-17,1.20030845391763e-16,2.01824279519469e-16,-1.21533061522264e-17,-7.97825685598502e-17,-1.04015395416456e-05,-1.27104154168162e-16,1.02897941772308e-17,5.74185585647162e-18,1.25156492220744e-16,1.04741305242357e-16,2.18254961551481e-16,2.19051636903901e-16,-8.36716742456894e-17,-5.20272922354272e-17,3.78745500489975e-09,3.2779784457507e-16,-8.56684526252092e-18,-4.77603480522117e-17,-1.49867755999744e-16,5.89110954679224e-17,3.19313328529745e-17,1.4575660077747e-17,-4.01774524143245e-17,-1.63678231916931e-16,-1.95109631461536e-16,4.72348039480077e-17,-1.81781776756575e-17,-3.58303553931045e-17,1.7688262707522e-07,-5.50129248089986e-17,-7.76302465109503e-17,3.47638754339826e-17,-4.26741975090295e-16,-5.26155572887101e-09,-2.29378226182872e-17,-2.01659290554336e-17,1.07573570770596e-16,4.50845354838359e-17,4.07126093484742e-17,2.03137596204591e-16,2.8594101914829e-16,-1.90725160666712e-17,-9.81933158170446e-17,4.77757783781195e-17,1.25589735505464e-16,-2.4526977531882e-16,-5.6940305192951e-17,-2.6492326750912e-16,-6.23876234538661e-18,8.07278073915765e-18,-2.35646888699514e-16
"t359",0.0359297983113078,-0.0109360517318999,-0.0120021174740411,0.000750191976558473,0.00781112888414299,-0.0284273062903772,-0.00430301425200389,-1.55646510492216e-05,0.0377312080383549,-0.00131420236093347,0.00144224076193599,-0.000652147375013058,0.00167425473532388,0.000404756616438365,0.0160560496793438,-0.000640006790787685,-0.00053110644700596,7.80666356395543e-05,0.0477325284808747,0.12271411630146,-7.94622657130413e-05,5.02384137752021e-05,-0.0137857069868956,-0.000353505208934107,1.98490489630638e-05,0.000952678088412088,-0.00943759948004544,-4.68463499554658e-05,-0.000323825132505788,0.0026259122334073,0.000458868532236909,-0.0102562812146018,-4.94018390262592e-06,0.00521071124325579,-0.0251887134158255,-3.98211303581219e-06,-1.05182500673877e-06,3.57417488902285e-06,0.00047907854752393,0.000135611223616859,2.50248041269546e-05,-0.000677058233238992,2.08569278358086e-06,-0.000138534669981769,4.49227031006257e-06,2.55385341425006e-06,-1.4473039782956e-06,3.78745428166246e-05,-0.0712472751138153,-0.0400925217939239,-3.10083595509477e-05,1.13346170673978e-05,-4.7213261872391e-06,1.10557046951142e-06,0.00277204031272113,3.67989926320312e-05,-0.244265686691138,-0.000281052629554111,0.00227105330979738,-2.07474229152189e-06,-1.6893689082972e-06,8.36931460070434e-05,-4.76164664142052e-05,3.52078711320002e-05,-0.000332670033411746,6.32910499840696e-06,-0.000633802708663531,0.000109649969105496,-2.61689047986095e-05,0.000115282772506181,-8.78094356423009e-07,2.14286660617669e-06,-7.26010369768816e-06,-4.51598486437179e-06,1.88792079352456e-06,0.000192434813783359,-1.59340441391381e-05,2.26603981176167e-06,-0.000586248613017912,-6.91663142564244e-05,4.08306430853824e-06,0.000312674963674956,-0.00039769342474326,-1.14045547405108e-05,0.000894206044874641,1.98354146529168e-05,-3.47212603563248e-06,-0.000538957776962623,-2.13094325443801e-08,2.97209478850383e-06,-3.52628236370318e-05,1.73500331913934e-08,1.17447718269561e-05,-8.81880396538657e-06,-1.17374475282684e-06,-1.25104244350647e-06,-1.46334793379411e-07,5.61066585586718e-07,-5.21457432612842e-06,0.000217140312889249,-1.48924722966793e-06,8.39548950351481e-09,-1.4405687336488e-06,-1.19269575051691e-05,1.48613885540171e-05,-4.5653400442384e-07,0.000141844650812038,-1.89778796263454e-07,0.000231727961269801,-7.38864253326151e-08,-2.55787231933265e-06,-6.00520718069046e-06,1.89621544195461e-06,-2.92975259298795e-06,3.31727611707411e-06,-4.54544883795594e-06,0.000545628111686455,-0.000734818063825535,0.000145341884190149,-6.67670778084461e-05,4.53269192326921e-05,-0.00024248529615987,0.492249474231862,-0.115844610929556,0.000101000182248318,-0.000318532838884487,3.09456026775217e-05,-0.000448820678863814,0.000205966395469273,0.00712899789549655,5.07614517639536e-05,-0.000148171855525607,1.1434485545636e-05,0.000732287017552402,-2.79717174704388e-07,0.00018428695219351,-0.0358891349371648,-7.4054451727e-06,0.0054989859297631,0.0011163170990329,-0.000173458117705228,-7.93419591917644e-06,9.31274169546839e-05,6.0791732131732e-06,3.50756809573054e-08,-2.90553322322588e-05,-3.1153499300314e-06,0.000145244273729657,9.16850457309992e-06,-1.49316467957145e-06,-1.84681025523336e-06,-0.00100432901943574,-1.17019433162775e-06,0.000292255344778764,-8.63466163546425e-07,-0.00140236381678593,9.58072094045579e-05,-8.71202758346942e-06,-0.00379399505939965,-5.31042730148849e-06,-5.96498737512433e-06,8.67180480019904e-07,-6.51856494885674e-05,-8.32170607005423e-06,5.2948135468154e-06,-3.44441056931941e-06,0.000493289584713665,4.81521845228855e-05,0.000415862338489071,3.16144280813615e-06,-5.90540875013728e-06,-1.0434268404546e-06,1.23642613310233e-07,4.40671028932071e-05,7.70830370813536e-07,1.5640044481273e-06,6.83882112267491e-08,-2.49103433572335e-06,-9.82820675637065e-05,-1.08401262285384e-05,4.3408803140793e-05,1.15086817831283e-05,-2.39476415465818e-06,-9.53438738899575e-09,-2.90675990374688e-07,-1.22674697160902e-07,-0.00102006496930021,0.000574467365952641,0.000942159501732918,-3.80184598504216e-06,-2.73328058969643e-05,0.000575278969550967,1.73536103575257e-05,2.61385987482148e-09,2.64572027603653e-07,-0.00430462192584757,-3.72445834066491e-05,-1.2162783616505e-06,0.0466337200778354,4.73425018338613e-06,1.12828061133754e-05,1.77711558677496e-05,-3.6671174867444e-07,-2.90790174158894e-06,-0.000902178616440538,-3.62360266289058e-06,0.000561805406961023,2.93845373851992e-06,-0.000164525429898633,-3.5331685263452e-08,-0.000693950969505671,-4.40159891800131e-06,-1.11809465087566e-05,-0.002487012066326,1.33300993434893e-06,-3.09746716614468e-07,1.46351512124837e-07,9.44234731507448e-08,-2.62871852564902e-05,-1.10579436507283e-05,-5.04568565348404e-06,5.89196072966539e-06,1.29114652043704e-06,5.4489211000713e-06,-1.59607153988063e-05,-9.07927891787215e-07,-8.59358032557025e-05,-4.74241401057179e-07,-0.000101573417615452,-3.26502394301811e-05,1.75349930619482e-06,3.60560177999723e-07,1.0910213989025e-05,4.0175054998665e-06,-2.26852575331989e-06,-4.0425041722881e-08,-1.76360971609547e-05,3.57986362276154e-17,-1.6417317506834e-07,2.33919392027271e-06,-4.68213241266837e-07,-1.18888916943077e-06,-1.58384655868667e-05,2.18896008464699e-07,-3.03798746361751e-06,1.34665989685133e-06,-2.58094257007246e-06,1.64479604883109e-06,-3.33036602894226e-07,0.000133329742542536,-8.66401419316413e-08,9.51788667444833e-06,-8.03770791445498e-05,3.30043462597317e-08,-2.14485676398521e-09,1.0147937416174e-07,-9.4202853566683e-08,1.48119025156802e-06,3.72599436518382e-05,-7.01817474362067e-06,1.36006414339183e-06,-2.4644087897807e-05,2.87071429205824e-05,-1.72940943669792e-06,1.748770610278e-05,-5.91106699725211e-06,2.26792209009788e-08,0.000197270046790161,9.57713416231436e-07,8.1738386598229e-05,2.05821207075684e-08,-6.2747308082215e-06,5.68893524161068e-07,-6.93899221511016e-07,1.09610001425969e-06,-2.11668243332367e-06,1.64159656877694e-06,-1.19861759018015e-07,2.29212633157452e-05,-9.95373255928822e-08,1.63488242430346e-05,-1.63204349331182e-16,-4.01182667671729e-05,-3.99060832508253e-06,-4.26536618938667e-11,-3.74380964573476e-07,5.53417784232181e-07,-3.44100387866213e-07,-9.78796597692174e-08,1.19440316596654e-08,-5.36310500029246e-07,2.0309210794341e-05,7.37637131195014e-05,-9.75310095894048e-08,8.80742136941864e-05,-0.00644639317401843,5.83189621829339e-07,-3.54357717996933e-05,5.25325825230429e-07,9.18830473384004e-07,1.41851612619583e-08,3.96887970953029e-05,-5.23719091187459e-06,2.31969355750149e-08,-7.27861352948438e-06,8.54321780061142e-07,-3.10462619276952e-06,2.33153744862371e-06,0.000194536916973938,1.01135036800007e-06,-3.2318636413407e-07,-2.11959202951952e-06,2.15691907143527e-07,-1.00051262190781e-06,2.67703881823552e-05,1.12364395163158e-05,-5.12730101551195e-05,5.00877402395125e-17,2.15503154462992e-06,1.57087475324117e-06,-2.82166308280705e-06,0.0219964225479352,-1.69248773799778e-06,-0.00353356420389582,-1.31130696511182e-05,-2.54343350131202e-07,6.48937424200432e-06,-9.39536762014529e-17,-7.27427412613682e-05,-5.86724654394751e-09,-2.52234463129116e-05,1.10425777802646e-07,2.1278437378971e-06,-1.36382570442036e-05,-2.41619882264561e-05,6.5264224644242e-06,-6.65361998955867e-07,4.26805109915815e-05,-1.38344894606404e-07,-1.32969838665205e-05,-1.78163960577084e-08,-2.79553449996067e-09,-0.000139423697860142,1.99086653954243e-07,-3.99220796909599e-05,-4.98881573546052e-16,-1.0907935548658e-06,8.61942364340645e-08,2.48423713047809e-09,2.25029273698424e-08,-3.43303301747004e-05,-0.000166585949769017,7.41580974868594e-07,-2.72218446394592e-06,-1.56423821620235e-06,-8.9800450168149e-17,-0.000269098829699996,-9.55947004343847e-08,-3.54268911841426e-05,1.19033327531568e-15,7.01062676735912e-06,9.0513820123825e-07,-1.39890120524758e-07,-5.81563881647711e-05,-0.0011151540299642,-8.95415743374226e-06,-3.02746860372378e-06,9.66211712808847e-06,7.02274057006069e-07,3.93445712033455e-08,9.27342479742614e-06,2.81283107452591e-07,-8.11118005919309e-17,-1.15073971745375e-07,4.27969325745068e-06,1.86651485009147e-06,-1.19375375436724e-05,1.87566460083151e-16,-2.5340523822352e-07,4.89110534278997e-08,-5.69220233887232e-06,-8.26392196744872e-08,-0.000283259474909611,2.98318492480296e-07,-4.15532435943555e-06,2.57195174171813e-05,1.43619802701757e-16,0.000109934122917001,-5.30384931205505e-07,1.60048667869411e-06,0.000182305646587475,-2.40767276820121e-07,-3.09670253428304e-07,-7.21644966006352e-16,-5.61456515955422e-16,-3.19991576504362e-07,-4.19819989192632e-07,5.65018600695372e-08,-0.00395087978885698,2.73045330742175e-14,-4.56804451424717e-05,-6.94569921785251e-07,-3.09346961386689e-15,1.43459217637706e-14,-1.23875542547775e-14,0.387450365141839,-2.8398120684574e-05,6.66555348319185e-06,-0.000117355406302917,-1.5846785994194e-05,-1.99823298221836e-06,8.34743708121917e-07,1.91399902724248e-16,1.06070715005415e-07,-2.54858372384271e-07,2.77474053349597e-16,3.63417728613323e-15,9.48897208632717e-08,4.57395988420163e-08,4.3321866620718e-08,-9.93593560597448e-06,-3.231589356827e-08,1.17248808156264e-05,-3.01461961910441e-16,4.25317001663482e-07,1.11140148220073e-15,1.23367891419176e-05,-4.79217360238593e-17,2.76009221929665e-08,-1.24730213929845e-16,-1.01817970696317e-07,-2.62293544465517e-08,-8.64812484133612e-07,-1.11548964106005e-06,-4.79295492682582e-08,4.87978240103821e-09,-2.78913519646973e-08,-4.48690555557278e-08,-0.000234686802349477,-8.93327659020603e-08,-4.77439376925342e-09,1.02203589216929e-08,8.24245088767091e-05,5.74625580385122e-08,1.46683377836714e-09,-3.33895996954566e-16,-1.1899038646535e-09,-1.8182352190416e-09,3.54930949880093e-09,3.59034526613483e-16,7.284127412896e-07,2.72960681999317e-07,9.38312419477991e-08,1.2184715165502e-17,-2.35269349768259e-08,-1.3806047456825e-05,-1.30567334707107e-16,-1.9428682340097e-08,5.54300941899461e-08,1.52655006467083e-16,-1.04351725850417e-15,-2.21839915782844e-09,-1.13464385343579e-05,-6.56786046234363e-08,-3.86923483918056e-05,3.01511749844984e-07,7.99705063761317e-09,8.24594494717468e-07,7.74839279539902e-08,-2.03906145361594e-06,1.56949106489002e-15,3.83070281076357e-10,1.62120443624372e-06,7.26037166106496e-07,7.38562024889088e-06,-1.28797548480818e-15,5.72918781477115e-16,1.07018921657133e-06,-7.500206576014e-18,-5.42994814272358e-16,1.19893214133871e-07,-1.78614320017649e-07,-3.34490447138253e-08,-1.92428079007758e-07,8.81720160759006e-07,2.30492678567294e-07,2.95923488567173e-07,6.35979461039653e-17,1.63363234546568e-06,7.1497130441609e-07,3.53993344800564e-07,-3.42250348034385e-08,1.38344149034087e-07,1.30456605264263e-16,-3.98803608637341e-16,-1.11656764016899e-17,-1.21887693269095e-05,-6.06209521048949e-09,-3.93350018014204e-07,-3.92237630708558e-16,-4.70496262745309e-09,3.22219409789833e-16,2.21619834997432e-16,8.05743152800079e-07,-2.01846194126107e-07,3.12250225675825e-16,-1.68241248929167e-06,-2.28160094601061e-08,-5.39801861714698e-16,5.21738134589403e-08,1.78389553065464e-16,1.95978279332695e-06,-5.76419461381132e-16,1.95682081742868e-06,1.61544705767299e-07,5.85696580628216e-09,5.79139646203699e-07,3.98723484733024e-06,-1.91945306853708e-08,5.98088358009145e-07,-4.60061402406147e-16,3.59807445071924e-07,-2.03453163161134e-08,6.61901637491896e-16,-2.68679344640891e-09,-5.49897504299972e-08,1.28253216544538e-08,-1.9553069433977e-17,4.16651489072902e-08,5.52433542227605e-08,-3.27329409607267e-16,-1.53785075535765e-06,-1.16914720833287e-06,-1.60556173175571e-09,4.30679174331503e-16,4.01481076650397e-17,2.91140256571294e-08,9.36988611306412e-07,7.58994181175185e-08,-1.20735152043564e-08,5.78017174486142e-07,-4.9522508539395e-16,-4.27315614928399e-16,2.12399814196706e-06,6.3961228765164e-09,8.08399828015993e-16,5.21917038796805e-06,-8.67637783294558e-16,2.66262666281201e-08,-5.40451809005822e-07,-6.99976316756897e-06,-0.00191304397646083,4.02151689954789e-16,-1.08698593805874e-15,4.30420971767532e-17,5.14966756461001e-16,-2.78230371042401e-09,-9.68998863573257e-09,3.9287277149237e-16,-8.7332255119367e-17,-6.00965045010405e-16,1.37947991313726e-08,1.24448846935376e-10,-6.91190533897177e-09,4.08628525664586e-16,1.1029588700695e-15,8.62265987777722e-16,-3.02501130255031e-07,9.26175670006998e-09,8.082037909384e-16,1.6347641731606e-09,-4.28626365978991e-08,2.94714289616158e-16,7.89277976302384e-16,-3.09277141413431e-06,-3.04660450592732e-10,-1.53670595985205e-06,-2.87573226268374e-16,1.67186408928262e-08,2.7044888763359e-07,2.91107713627014e-07,-1.09094469869443e-06,-6.48099699801101e-08,1.05721384634486e-09,-1.05720036427978e-16,-1.56999757105926e-15,1.88139914074047e-15,2.03272342805821e-08,-1.84078976550854e-08,-6.60977465874971e-06,-5.50166414682481e-09,1.46549085449197e-15,1.96912853119066e-16,4.37552961782392e-16,-6.31061476770049e-16,1.20131332765075e-16,2.64350086709641e-08,-5.28248097778862e-15,2.35839096056323e-15,-4.4408853141305e-07,-1.24353811330037e-15,-3.97627347439646e-07,1.58452565337368e-16,-4.5210857307012e-06,5.29320899272936e-16,-5.4948409292793e-06,-7.50582308520744e-08,-6.63093807359377e-08,1.49947716395307e-15,2.41710453062823e-06,-1.87892108521753e-15,3.6841923454297e-07,-5.88910775941071e-08,3.25981006854122e-10,1.21831833225703e-15,1.79862284289521e-06,1.40649855073423e-14,-1.29872967539854e-07,-6.63076749812694e-08,1.95718126895484e-15,-1.13146753509429e-13,-0.707106781186549,-4.42799527160598e-14,-1.00827922011785e-08,-3.00221299769081e-07,-6.70877848760562e-08,1.1737066060065e-15,6.74804584489406e-15,-6.9008456429801e-09,5.63029229133302e-08,-7.5948042937908e-15,1.0674021325314e-14,-1.13470959979409e-07,-2.81061160579269e-15,-0.000141151230416277,-9.14872883967776e-15,1.99824275551782e-07,-5.46242694230415e-15,-1.42043367319004e-13,-7.91288369201397e-16,2.01977882261928e-15,3.63631170028246e-15,-1.04818418501723e-15,3.86687499289455e-09,-2.70454601996343e-08,-1.80172201915537e-15,-1.79902023050849e-08,7.56437229577314e-07,4.08407856227568e-15,-1.73191424177012e-15,2.90361398015549e-16,1.96381749361475e-15,3.85107380419901e-05,1.11462234882939e-07,1.5181813016001e-15,-5.02900945706507e-16,-1.35987215332712e-07,-4.39304524381741e-08,-6.6536696027083e-10,-2.02325683278104e-15,1.23962933900708e-16,-1.31494808005329e-15,7.86790296998996e-17,-2.04071017344948e-16,-2.42058795184507e-15,2.68553275649963e-06,-9.29978856839588e-07,-4.88906523449534e-07,2.21323134434137e-16,1.03379228459314e-15,4.22284925717307e-16,1.02404761370747e-17,1.09957429243895e-15,-9.14889838660821e-16,-4.93544221555925e-16,-1.49985678108209e-16,-1.65567094215447e-16,-6.43774552539621e-16,4.39736882645976e-16,-1.01633581342433e-15,-3.88849846738232e-17,-8.90261592004094e-16,2.62907755763096e-09,5.25960386270513e-16,-3.41966792991119e-15,1.11991121297145e-17,3.72507222504054e-08,-4.20540479114022e-07,7.68810600527926e-16,-9.61722083226708e-10,3.40938279391036e-08,1.11139403679716e-16,9.3196153573044e-17,-6.58342342901719e-08,4.32172068682306e-16,8.4203695923488e-10,4.61214789409268e-16,-5.9224142591898e-16,-6.30374001760698e-17,-7.093293485633e-16,7.72523559616275e-07,-1.13454409214866e-07,3.51364884441044e-16,-4.8625840900483e-17,5.88664675493371e-16,2.15361250591266e-17,4.57099635919889e-16,-4.36654791464995e-16,3.46133419873268e-16,-5.11745976145114e-16,1.37675272966319e-09,3.19354409744645e-16,-1.10787273551092e-15,5.51531234961084e-16,-2.55467092419657e-16,6.81559554341611e-16,-7.25827160163572e-16,-2.9984004697477e-07,4.69129203126793e-17,-9.21495507090799e-16,2.02898991416608e-08,4.4873536730525e-17,-1.73131649300841e-16,-9.74663901753332e-17,2.92614319228744e-16,1.70021371005231e-08,1.06345468434557e-16,-7.01271008365417e-05,-4.40008570312285e-17,-2.07492147443032e-16,-3.47294507734974e-16,1.03983458670832e-16,-3.30121847667495e-16,-2.48601209366178e-16,2.03142347454758e-08,-1.24010524400366e-15,-1.26322714820547e-15,2.56824051167357e-09,-2.5388045844864e-06,-3.29748969738288e-16,4.37337481458276e-07,5.94585383866834e-07,2.99462189614174e-16,1.92250447299694e-16,-2.00367191145157e-16,1.44472682554164e-17,-5.70165202523649e-16,-1.00134927466952e-06,-8.26371251067393e-16,1.72694154977179e-16,-2.29619635264238e-16,4.01156999736211e-07,-1.39682870978579e-16,-3.76128405775214e-17,-8.2709686846899e-17,5.70514678630638e-16,-1.82927801941602e-07,5.45150960741418e-16,5.39485093166651e-10,8.81190706238465e-16,7.10914569715606e-16,6.58442327006036e-17,1.76430176412095e-16,-1.21749473326692e-16,1.42385102411513e-17,2.46655865291556e-16,-9.37653480375425e-09,5.10399721139613e-16,2.84992650754987e-16,3.94368112450225e-09,3.70591573375141e-16,-6.50361288055726e-16,-3.79121825373919e-17,3.8015312046893e-16,1.40190556002582e-16,1.26697529194863e-16,-2.86271837776252e-08,2.22113251713773e-16,6.10402049393273e-16,8.52937624269887e-09,-5.42594836144028e-17,5.72828733969427e-16,-3.12001647362358e-16,1.06945702407373e-15,-5.30829585802734e-16,5.14627880396176e-16,-1.11752692789327e-16,-7.50091600560166e-17,2.38346665204106e-16,-2.10010454508819e-16,-2.86136720028673e-16,-4.4844675860847e-09,1.48745340297583e-08,2.43340321934898e-16,3.17063137602818e-16,2.26232455182126e-16,1.84306863473847e-16,4.07226335985555e-16,1.04768890194138e-16,6.63724293347217e-17,-4.72334694918003e-16,-1.41967605553469e-08,2.28508516423051e-16,-4.77812443584373e-17,-1.08840600291707e-17,2.07394157982062e-17,1.65460468506085e-09,-2.00354797747272e-17,-2.62716360463013e-10,9.56349116867724e-17,2.31629593502893e-16,2.37691666249131e-16,-4.24931855159729e-17,2.5414133095123e-17,3.73394933721336e-16,-1.5637958354665e-16,-8.08957809357805e-17,-3.05440563880599e-17,-9.28660511411954e-17,9.04526685430331e-17,-1.6952581533783e-16,2.47006984679154e-16,1.46503394430514e-16,-3.58358621938821e-16,2.1217837998757e-16,3.15969303472887e-16,-2.75153913290172e-16,-4.09438261517575e-17,-1.58608830205272e-17,-6.89552581700781e-17,-7.42230916989201e-17,-1.35223932609455e-16,1.20153983072122e-17,1.45635913865156e-16,1.27650576212944e-08,1.17726358153974e-16,-1.50053337276378e-16,1.35510763217459e-16,-3.93463380327592e-16,-9.2859373400776e-18,-2.84939793994853e-16,-4.20035061688336e-16,-1.31052626372111e-16,1.53608655285525e-16,1.47722589078022e-17,3.06612374378901e-16,3.72244002498656e-16,-1.42866119152273e-17,-2.07539091628454e-16,-2.14681344367884e-16,-8.57098890345253e-17,-4.98214690397186e-17,-1.04015395416483e-05,1.37634593663292e-16,-1.17042698163961e-17,9.33710898319537e-18,-8.40832452964787e-17,1.27207332910178e-16,-2.65808453363035e-16,-2.05812696494176e-16,3.40527603055407e-16,7.85723765315775e-17,3.78745502566401e-09,1.03720360576628e-16,4.321894945649e-17,7.59532358186037e-17,2.15974070824674e-16,1.29707982122407e-17,1.47183181909258e-16,-3.48629163680728e-17,-1.15809727308308e-18,1.450140392692e-16,1.40090474599173e-16,-6.16855076981662e-18,2.02362479574995e-17,-1.65333518129834e-18,1.76882627193172e-07,1.72355062240093e-18,1.12589309699892e-16,-2.81523804846203e-16,-3.16587034365767e-16,-5.26155587795616e-09,-1.11053670892478e-16,-1.86402322966636e-16,-1.38427708002815e-16,4.09039286890687e-17,-2.9622106873837e-17,-9.5507566564288e-17,2.04562277189662e-16,2.14864004321444e-16,-1.43316555328003e-17,2.05837655547315e-17,-1.77548869634953e-16,8.09395130677188e-17,9.87980187010839e-17,3.4301206489811e-17,1.32645758492531e-17,-1.86220677329762e-17,-2.55402855672594e-16
"t878",0.0333494538514241,-0.00916126341959604,-0.00998165730902929,0.000571007467709024,0.00538557030418704,-0.017334037974542,-0.00257315242846377,-8.49094823366926e-06,0.0142460246904542,0.000151497616538891,0.00358712523584888,-0.000559227833047283,0.00131600341443958,0.000304171534171358,0.0106071556449464,-0.000351411492385793,-0.000268249705797493,3.68459172690299e-05,0.0205267980239592,0.0339851794440061,-9.84927557119216e-06,-1.58182157754712e-05,0.00650213498621857,0.00017288031127088,-9.94756465845449e-06,-0.000621907044377298,0.00654567340282619,3.39771518640874e-05,0.000266548704170061,-0.00420858439511461,-0.00091717743781618,0.0236282489646893,1.37494219948216e-05,-0.015432597211775,0.0597726242191936,0.00106218610146339,4.21745473210181e-05,-9.58580950733046e-05,-0.012010637923109,-0.00321534619149348,-0.000642189488044433,0.0211188330368224,-7.84221729917383e-05,0.00530555080256413,-0.000240364615146278,0.000118404083468527,-3.08479989109779e-05,0.000563289996007693,-0.168473002959078,0.360884259298821,0.000959148574287233,-0.000577737569087919,0.00026034539681516,-0.000140596607016935,-0.183109020792558,-0.00958678387295691,0.0137763115256463,-0.00170839509788496,0.0147063965560774,-1.97080794898003e-05,-1.62981052111705e-05,0.000800837857044589,-0.000451250145468708,0.000332761179723628,-0.0030771421279166,5.73789182611935e-05,-0.00163031013832377,0.000942643277927118,-0.000223347608351704,0.000972682004834448,-7.12758682055482e-06,1.72603998911198e-05,-5.8502772943183e-05,-3.64684217958382e-05,1.52513973243442e-05,5.35222426330736e-05,-0.000129104769813052,1.84365868726266e-05,-0.00484288574762972,-0.000576105303830841,3.45923425967458e-05,0.00266012404457729,-0.00350626704256408,-0.0001017747782252,0.00337282071171399,0.000205982587299716,-3.30779134202218e-05,-0.00221265826383218,-7.52950350433896e-07,3.7561752816139e-05,-0.000397988494752801,2.19143559074438e-07,0.000150961477756241,-0.000130827906136168,-2.66609007242715e-05,-3.15264260638102e-05,-3.7072654630449e-06,2.09103093087425e-05,-0.000244935767052022,-0.0150896923726117,-3.45218168354396e-05,2.56497541658474e-07,-5.9217903068941e-05,0.000100634261656081,-0.000113095000903364,3.21504818647247e-06,-0.000874705961782326,1.12882185458306e-06,-0.00129413822395035,3.75778059473779e-07,1.26237234776617e-05,2.48693536932997e-05,-7.69227334408586e-06,7.57191787480139e-06,-7.7762978261387e-06,8.55306399859721e-06,-0.000926718525276569,0.000924133949576097,-0.000131377584630943,4.49533690111447e-05,-2.51149153820905e-05,4.78145353868149e-05,-0.00196568279926629,-0.000335761149219872,2.87618228760664e-06,-6.29622534520875e-05,6.52098625461735e-06,-0.00015147098023182,0.000128511184624951,0.00446657172865874,3.27422280031139e-05,-0.000113708534369549,8.9629532418471e-06,0.000581250524856704,-2.26596786173521e-07,0.000148920054946859,-0.00165340689798457,-1.35020073086439e-05,0.0034425473785695,0.000382978200910266,-0.000655776518286341,-2.05109582898582e-05,0.000200600859618961,1.26586631533616e-05,7.30098052137241e-08,-5.48055232661347e-05,-5.69693261203685e-06,0.000266945102556457,1.68836539947132e-05,-2.73554908319213e-06,-3.37207282274644e-06,-0.000682789759062612,-2.29957102242576e-06,0.000562017626231469,-1.65368699059196e-06,-0.000124873831989868,0.000189235560885463,-1.73977106010516e-05,-0.000387416614722271,-1.35487138320127e-05,-1.28415476164875e-05,1.86159987718795e-06,-0.000139503192680338,-1.78146096190793e-05,1.13796743391746e-05,-7.4380147246108e-06,0.00107876545657368,4.56297381716892e-05,0.000910999473106566,6.92920506001511e-06,-1.29634371512306e-05,-2.29100356743307e-06,2.72211938778236e-07,9.70905619984155e-05,1.70075290446547e-06,3.45187947209038e-06,1.50961254820949e-07,-5.50995016290617e-06,-0.000217459513269546,-2.39811537766273e-05,9.60108715628906e-05,2.5428491681162e-05,-5.28823054618526e-06,-2.10403813544672e-08,-6.40996982730463e-07,-2.69642565099235e-07,-0.00223979233712868,0.000732152122619536,0.00214483505476207,-8.24044647485185e-06,-5.75557293153384e-05,0.000446617663942124,3.51610513999179e-05,5.07176749294981e-09,4.92982665739376e-07,-0.000382733542063388,-5.85077373365136e-05,-9.33095473669612e-07,0.000404813593012732,1.69926829115581e-05,3.96944797085986e-05,5.56832525281871e-05,-1.08106301530098e-06,-4.19658096052048e-06,-0.00100011877650907,-1.13842251804151e-05,0.000617200959113251,8.38867157756549e-06,-0.000449366175774571,-9.37244074231669e-08,-0.00179142416959547,-1.12356879917201e-05,-2.52598286613743e-05,-0.00259438115047828,1.23323369065051e-06,-1.3873509092096e-06,4.42459966204915e-07,2.81552837226642e-07,-7.54433132616299e-05,-3.13444481257344e-05,-1.4257584284322e-05,1.64945090376156e-05,3.60868234690859e-06,1.52051199508682e-05,-4.43630966704236e-05,-2.52194225404182e-06,-0.000238665939297557,-1.31324176148355e-06,-0.000280879366354279,-9.01705299644401e-05,4.84018132019035e-06,9.94769129594775e-07,3.00881399159073e-05,1.10782061052936e-05,-6.24957966037705e-06,-1.11312299856374e-07,-4.85390328065322e-05,-3.4046080250441e-17,-4.51587718917448e-07,6.43371651364369e-06,-1.28699249316863e-06,-3.26673200752843e-06,-4.35086700427058e-05,6.01304626568978e-07,-8.34226347587701e-06,3.69771646588098e-06,-7.08670148038513e-06,1.75949926263196e-06,-9.14295413761223e-07,0.000365995963372345,-2.37820893795146e-07,2.61254664363702e-05,-0.00022060636320338,9.05572776426257e-08,-5.88442123755075e-09,2.78381649313142e-07,-2.58353149136037e-07,4.06210365670914e-06,0.000102158450875162,-1.92389793236149e-05,3.72725781641873e-06,-6.75297815885538e-05,7.86536585074274e-05,-4.73745308392054e-06,4.78894172609021e-05,-1.6186569947201e-05,6.20130563829488e-08,0.000539365018155154,2.61827467871093e-06,8.70924036830787e-05,5.64034670595446e-08,-1.71603470555172e-05,1.55559300390252e-06,-1.88867319438451e-06,2.98134420049022e-06,-5.75392449707669e-06,4.45584135996778e-06,-3.24904372361935e-07,6.19001982640593e-05,-2.68457521072993e-07,4.40448308292711e-05,-5.8083502964466e-17,-0.000107601497523604,-1.06960603250906e-05,-1.14056857491656e-10,-9.94387550027257e-07,1.45890182491068e-06,-9.03189912442551e-07,-2.56307584228224e-07,2.96373897067838e-08,-1.32265123513983e-06,4.9998989504776e-05,7.04368322067111e-05,-1.47380423503105e-07,8.27460090425682e-05,-0.000976999186630868,6.6466208475573e-06,-0.000122082455055775,1.73878386673654e-06,3.03629942480317e-06,4.68530086072437e-08,0.000126299304124807,-1.64739719854737e-05,7.29283515399003e-08,-2.28695174592068e-05,2.68287541511533e-06,-9.74815698289383e-06,7.2057796828644e-06,0.000242773416957233,3.21132683516802e-06,-1.022146184874e-06,-6.68117229971549e-06,6.79018423944176e-07,-3.1461556812793e-06,3.34245128358245e-05,3.52871294333067e-05,-0.000160437263543834,-4.83621280180447e-16,2.00380901168252e-06,2.91362012745866e-06,-3.41961642539418e-07,0.000582869787387911,1.31571544131365e-07,0.000153075887222164,9.38014385851605e-05,-1.26350243039864e-05,5.5586374824873e-05,-1.90674704497598e-17,-0.000454506199259641,-3.64545130336036e-08,-6.20981775665453e-05,6.85577936677885e-07,1.36837127213374e-05,-3.63582414352492e-05,-0.000174935027793867,5.07988957724293e-05,-6.49779426283132e-06,0.000598042198212677,-2.92197945741872e-06,-0.000413945786354154,-8.10615598321459e-07,-1.10802623819973e-06,-0.537673317353962,-1.33588125184477e-05,0.00145458232151888,-5.52565308052356e-15,7.34971135456909e-06,-4.75057701770226e-07,-1.36660757783194e-08,-7.55299450302019e-08,0.000107600032316132,0.000235543449585612,-8.30826830864295e-07,2.90842661388706e-06,1.3856921741728e-06,-5.05930164427219e-16,7.68258660904631e-05,6.41587001082358e-08,1.61299592289308e-05,5.64476119006299e-16,-1.90188722946458e-06,-2.10199474870144e-07,2.9714005969459e-08,9.98557567401725e-06,8.48639526095714e-06,7.60258368887358e-07,1.46602271687242e-07,4.02881133505432e-07,3.61546166203421e-08,4.14525672557619e-09,1.76036017264465e-06,5.45199585833415e-08,-1.30300382776509e-16,-3.77095555308448e-08,1.48729942996286e-06,7.2438846896731e-07,-5.27929601265315e-06,6.25431117113559e-17,-1.35171039236653e-07,2.94639443976252e-08,-3.5473789637117e-06,-5.20275473916895e-08,-7.30625056490981e-05,1.96634845378426e-07,-2.78067987508103e-06,1.68316748820485e-05,4.69362979667196e-16,6.55610065052918e-05,-3.12586821480358e-07,9.18193138135549e-07,0.000100193850042766,-1.31850082814947e-07,-1.67292918961382e-07,-6.07153216591882e-17,1.61158005586947e-16,-1.57628111715338e-07,-1.8516569850134e-07,2.44816482610978e-08,-0.00010368260833374,8.65714881109616e-15,-1.33410334017831e-05,-1.59338295581331e-07,-5.57979620191893e-17,3.26205733380083e-16,3.25689437808826e-17,0.000131409216595006,9.45391577079591e-07,-1.05586525551144e-06,3.2452964930339e-05,4.61400685204322e-06,8.64510709587747e-07,-3.75610071586416e-07,9.88643337659329e-17,-8.42086006939763e-08,2.38425860264394e-07,-9.92805581904178e-17,6.03976431053839e-16,-1.54453305479562e-07,-3.38242165221943e-08,-9.3037893171791e-08,2.36528991550685e-05,9.34255991964748e-08,-1.41036790051908e-05,6.65285511308373e-17,-1.32448061084433e-06,-9.65165261684633e-17,-4.34353911942158e-05,5.15294187528048e-16,-1.06421402959518e-07,1.96366224969117e-16,4.41095352293638e-07,1.16359342050854e-07,5.29438396204731e-06,7.33157212511002e-06,3.24585795787167e-07,-3.76931116394094e-08,2.41395548202963e-07,1.12164346394741e-07,0.000166371641965156,1.47731767663723e-06,8.78073773194261e-08,-2.53136305288273e-07,-0.000176314156409768,-3.84733368476962e-06,-1.25258964430288e-07,-1.09947033356001e-16,1.20681685785498e-06,-2.14247090578422e-07,1.22995197987964e-07,1.94613883165798e-16,8.91933838423231e-06,7.25970926869045e-06,2.40594260676561e-06,1.43851953101561e-16,-5.94366815992041e-07,-0.000136756333128021,-2.49283479553064e-17,-4.77875681302004e-07,1.86164133225566e-06,5.45651497290631e-17,9.67517161177909e-16,-1.20309101872923e-07,-0.000271767472928008,-2.65250724823554e-06,-0.0901355264007537,-9.62223169426322e-06,-2.29069857886364e-07,-2.04836380032048e-05,-5.91755823490733e-07,6.6715860192918e-06,3.51389924102552e-16,-8.73845016528994e-10,-2.24628296250618e-07,-4.84608723037881e-07,-8.55412303369305e-06,4.27768825911691e-16,-8.95987635123274e-17,-6.25196159561186e-07,1.97625900983904e-16,-2.84967470821973e-16,1.71897717210162e-07,-2.90782067456051e-07,-5.45812992260986e-08,-3.79354104878468e-07,1.7724379316727e-06,4.65206200475426e-07,6.12297144175482e-07,2.04970369366124e-16,4.04626676877778e-06,7.33262978959597e-07,9.06094699205291e-07,-9.06130161962906e-08,3.8397779050225e-07,-3.50716598996791e-16,1.06328510180539e-16,6.93138012175028e-16,-1.43156278236699e-05,-1.78833694994686e-08,-1.16153815208729e-06,2.33996497492932e-16,-1.40539241765465e-08,-8.39009177196581e-16,-8.81934726152138e-17,2.48734416018281e-06,-6.23276389228975e-07,1.02782365951626e-16,-5.22085663686346e-06,-7.09788055070677e-08,-4.12269843514563e-16,1.63008435556597e-07,2.05931595134085e-16,6.14751129220087e-06,-1.85607620374939e-16,6.1400813671768e-06,5.07008566701884e-07,1.83867538554564e-08,1.81871282947949e-06,1.25304855935178e-05,-6.04566881115044e-08,1.88756102859801e-06,7.18561069303404e-17,1.1367004441653e-06,-6.42763477938193e-08,-1.21441326261272e-18,-8.48839565780247e-09,-1.73721182004929e-07,4.05126408781091e-08,1.14537480971787e-16,1.31498139690305e-07,1.74306853671365e-07,1.38540809582146e-16,-4.85042495334622e-06,-3.68674553952396e-06,-5.05836981304084e-09,2.44084521515145e-16,-1.22745934065711e-16,9.14546720930107e-08,2.93833551344915e-06,2.37923045093178e-07,-3.72827488037245e-08,1.7755232964366e-06,-2.11406967951916e-17,7.08372687043403e-17,6.49267237588912e-06,1.95377368748107e-08,-3.72484061182099e-16,1.57368849031578e-05,3.7750067696996e-17,7.82819330451945e-08,-1.32491443034849e-06,-6.61086079886144e-06,-4.38618235050536e-05,-2.5453176951337e-16,-8.66362476064733e-17,-1.17705289164658e-16,-6.96816991397403e-17,-9.12826622160391e-09,-3.16847659375575e-08,-1.18758999995134e-16,-1.93358719405137e-16,-1.43768105740277e-16,4.47056110878737e-08,4.02162339368296e-10,-2.22039021481513e-08,6.96535642877824e-17,3.35533467329951e-16,-1.80682292044709e-16,-9.60797874248792e-07,2.94089778032934e-08,-3.79378990120333e-17,5.17634515145296e-09,-1.35583413920367e-07,-1.50616664304052e-17,-2.60321206141252e-16,-9.76173061550047e-06,-9.61443595277405e-10,-4.84385163200249e-06,6.11662916186913e-17,5.26029706945199e-08,8.50127312432374e-07,9.13913240866962e-07,-3.41936118205137e-06,-2.03048747392544e-07,3.30965974002424e-09,3.42951897771512e-18,-2.19788232253904e-16,-5.81673591324326e-17,6.33699655534942e-08,-5.73825031645764e-08,-8.36330418808918e-06,-1.71021014542135e-08,3.33787430573875e-17,-4.81553516965648e-16,1.40852558354928e-16,-1.8682274782136e-16,4.96052290723181e-16,8.19747877176585e-08,-1.34713447798852e-16,2.59486637915825e-16,-1.37569694547749e-06,-2.9073848412621e-16,-1.23161697835526e-06,-3.14841511713705e-17,-5.68963559301289e-06,6.06172895460363e-18,-6.90530259616309e-06,-2.32089077823723e-07,-2.04914797594636e-07,-1.56626926250234e-17,7.46439960163554e-06,-1.18558124932995e-16,1.13606262198183e-06,-1.81255056205352e-07,1.00321470561654e-09,8.43157900261264e-16,5.53114084113462e-06,-3.29456213785952e-15,-3.98901293075294e-07,-2.03649888428901e-07,-7.63859358326375e-17,-2.81036374546529e-17,-1.58087224460434e-16,-3.96675631741212e-17,-3.09345427864061e-08,-9.20853043456363e-07,-2.0570601482265e-07,-1.80881166953525e-16,6.28547416852611e-17,-2.11211417345155e-08,1.72307405385758e-07,2.4089802684119e-16,9.57691628911081e-17,-3.44481727229326e-07,3.87191816458156e-18,-2.48423628613182e-05,-1.43599903101027e-16,6.12310261932428e-07,-1.03645165165131e-16,-2.84677620186772e-15,-2.58384750850967e-17,1.296660065246e-16,-8.04173388261049e-17,3.14727947404725e-16,1.18048661734643e-08,-8.25621147162943e-08,-1.13355916963114e-17,-5.48724422365547e-08,2.30642424711991e-06,1.13096726297869e-16,5.6973294545471e-17,5.58656866942541e-16,-1.82305294180746e-16,7.89672812260044e-06,3.39643207504866e-07,9.8890731474246e-17,-7.37138565643158e-17,-4.14077923207444e-07,-1.33758684764754e-07,-2.0254964255154e-09,1.91692649338373e-16,-2.35295983420641e-18,-1.40261392926815e-16,3.07594511824683e-16,1.52251716455782e-17,-2.69971930479977e-16,8.15625103993714e-06,-2.82389174805805e-06,-1.4842836267603e-06,8.96307389316246e-17,-4.20420266525658e-16,2.53188879423649e-16,1.85745108840424e-16,-2.67225219611653e-16,4.10017430033309e-16,-6.80776596754883e-17,5.11065894025772e-17,5.24460118801951e-17,1.10598488867633e-16,-1.35647805602107e-16,9.22258729418722e-17,-4.06053584183598e-16,1.923286936526e-17,7.95701418393168e-09,-1.3611516043511e-16,4.530255948124e-16,-4.42401899605025e-17,1.12696592851473e-07,-5.1802314045922e-07,1.20157901607295e-16,-2.9091284738983e-09,1.03081738364682e-07,3.44952168719903e-17,3.02916214343369e-15,-1.98931076936088e-07,8.27089963064625e-17,2.54257468171965e-09,-4.54555250942607e-17,7.17527046018533e-17,1.54492731583521e-16,-1.46799464580531e-16,9.49154725123822e-07,-3.42181220501907e-07,-1.25611558394663e-16,3.00153013691558e-16,6.41819293201766e-17,-2.08672956830551e-16,-1.32543715586353e-16,-6.06540458442873e-17,-1.99067256011441e-16,3.8628616642836e-17,4.13690140282139e-09,9.33822753018385e-17,1.15595995406504e-16,1.25805256151603e-16,3.23633196855006e-16,-1.07604978330419e-16,4.1731018960977e-19,-9.00239871355295e-07,-4.75706972722568e-17,-1.63699409281463e-17,6.09091045722675e-08,-5.96288002075845e-16,3.45864961270614e-16,1.58782602714008e-16,5.24153476945033e-16,5.08906701258669e-08,1.09880156459362e-16,-1.42582353478301e-05,1.93850569845326e-16,8.83434422914524e-17,-1.29715970199389e-15,4.14131560329809e-16,-2.36389097681269e-18,1.21117368174783e-16,6.08974936398471e-08,-2.63611569854947e-16,3.52186931435368e-16,7.69312981487907e-09,-7.60472154670019e-06,-2.48093683184555e-17,1.30937148779337e-06,1.77992028955861e-06,6.48147413830364e-17,2.56366965872232e-16,6.21592724542692e-18,-7.62134506633391e-17,-7.78972871454376e-16,-2.99219045862834e-06,1.81652586474375e-16,5.60400366269396e-16,-2.46723617359231e-16,1.19820353072411e-06,2.70398723491657e-16,-7.75304298758334e-17,-1.39645401779423e-17,1.34874109077864e-16,-5.4607551710697e-07,-7.52532185762482e-16,1.6101943274088e-09,-8.72835161497694e-17,-7.8682025761838e-16,-3.20128158309429e-16,2.68721994839435e-16,2.42287610491001e-17,-4.06933239925326e-16,-1.09323772092533e-16,-2.79611285706133e-08,-2.75223657348949e-16,-1.74423610778562e-17,1.17576278978103e-08,-5.33963088142314e-16,2.10419673474937e-16,-2.1408924540311e-17,1.1521218888625e-16,3.21022178881009e-17,-3.92859793959976e-16,-8.52910461848663e-08,-3.9104929993284e-16,-8.78742880324085e-16,2.54046018261426e-08,6.15955602694507e-16,9.87607241148399e-16,1.12728874389782e-15,-1.48141141794571e-16,-6.03572615576614e-16,-4.25848833351263e-16,-1.39260781528735e-16,1.49598744452202e-16,-4.96866353848173e-16,-7.62021873252454e-17,-3.46384740989964e-18,-1.3342436831352e-08,4.42498628902586e-08,-3.21130960623377e-16,7.17727429428903e-16,3.84633273221521e-18,1.51344263925682e-16,7.05327723310445e-16,-5.92449660210527e-16,-9.93512133911303e-17,-9.70606853101735e-16,-4.22055459735959e-08,4.31689745588942e-16,-2.20797979227589e-16,2.92290275195115e-16,-8.36568927488409e-16,4.91624024898835e-09,3.19367674624303e-16,-7.8011085533601e-10,1.65042666793951e-17,2.48848563054269e-16,2.35280248469306e-16,2.31172713711293e-16,-2.96471563806122e-16,-4.41868992473614e-16,1.17899741436384e-15,-8.89368026769839e-16,-3.59392061436712e-16,-2.66059686332509e-16,-9.49130200728683e-16,-1.83010434680522e-16,9.24058751421193e-16,-4.15369765742847e-16,1.15782078348996e-15,7.46762919970116e-16,1.92903622538605e-16,5.27107354744591e-16,-7.0420241270071e-16,5.17974231364185e-16,-6.83318419208989e-16,3.07458314443773e-16,1.00465145081739e-15,-1.88384481417262e-16,3.82351793878126e-16,3.78212446334243e-08,-2.09401459069447e-15,8.50880316752727e-16,5.38366124461807e-16,-8.69405512470537e-16,-5.1505651403146e-16,-3.13811482288938e-16,-2.21263690231934e-16,6.16969568782179e-17,-1.67961080291262e-17,-6.36751024405268e-16,5.46817365693064e-16,7.6045481247508e-16,-2.18931637433676e-16,1.89190353551678e-16,3.07675698821406e-15,3.64951411780133e-18,1.12885334106291e-15,-1.80427016673776e-06,1.75250159204706e-15,-8.53938654639109e-18,-1.81053546118062e-14,0.707106781186548,2.81479351742181e-14,-9.37357688877362e-15,1.3373526094378e-15,1.74614260811737e-15,1.21565916837623e-15,1.11900468031917e-08,9.35851111865134e-16,-2.60240459706884e-15,-2.45258605233973e-15,2.28367963058828e-15,-7.33625147517827e-17,2.55257642625073e-15,1.48960012019522e-15,9.64711287377736e-16,5.70352448304279e-16,-1.03458055041586e-15,5.91790993048231e-16,-4.06486640495527e-16,-1.39926030930582e-15,5.21883762988728e-07,3.30512321454402e-16,-4.53814563338459e-16,-3.64414010778264e-16,-4.37041895728907e-16,-1.55143195217936e-08,1.3719311139029e-16,-2.53056882713754e-16,2.22979389466819e-16,1.12594843601832e-15,7.05439062288974e-17,-2.32930195696947e-16,9.79457236229833e-17,-4.66874671145617e-16,-3.52308479236637e-16,4.11313407348971e-16,5.7722178326758e-16,-8.13062638427037e-17,1.42972158036095e-16,1.34160966674794e-17,1.54052816354599e-16,5.96075889083201e-17,-1.20544087279583e-16
"t879",0.0333494538514241,-0.00916126341959604,-0.00998165730902929,0.000571007467709025,0.00538557030418704,-0.0173340379745419,-0.00257315242846377,-8.49094823366876e-06,0.0142460246904542,0.000151497616538889,0.00358712523584887,-0.000559227833047285,0.00131600341443958,0.000304171534171359,0.0106071556449464,-0.00035141149238579,-0.000268249705797492,3.68459172690336e-05,0.0205267980239592,0.0339851794440061,-9.8492755711917e-06,-1.58182157754741e-05,0.00650213498621858,0.000172880311270877,-9.94756465845753e-06,-0.000621907044377294,0.00654567340282617,3.39771518640802e-05,0.000266548704170054,-0.0042085843951146,-0.000917177437816173,0.0236282489646893,1.3749421994819e-05,-0.015432597211775,0.0597726242191936,0.00106218610146354,4.21745473209973e-05,-9.58580950732794e-05,-0.012010637923109,-0.00321534619149354,-0.000642189488044468,0.0211188330368224,-7.84221729917187e-05,0.00530555080256416,-0.000240364615146282,0.000118404083468595,-3.08479989108958e-05,0.00056328999600765,-0.168473002959078,0.360884259298822,0.000959148574287239,-0.000577737569087924,0.000260345396815138,-0.000140596607016931,-0.183109020792559,-0.00958678387295691,0.0137763115256463,-0.001708395097885,0.0147063965560774,-1.97080794898062e-05,-1.62981052111834e-05,0.000800837857044557,-0.000451250145468923,0.000332761179723793,-0.00307714212791655,5.73789182609746e-05,-0.00163031013832375,0.000942643277927091,-0.000223347608351777,0.000972682004834714,-7.12758682059304e-06,1.72603998911166e-05,-5.85027729431354e-05,-3.64684217957564e-05,1.52513973242791e-05,5.3522242633087e-05,-0.000129104769813044,1.84365868726873e-05,-0.00484288574762976,-0.000576105303830873,3.45923425967294e-05,0.0026601240445773,-0.00350626704256405,-0.000101774778225047,0.00337282071171397,0.000205982587299643,-3.30779134202048e-05,-0.00221265826383222,-7.52950350447648e-07,3.7561752816205e-05,-0.000397988494752777,2.19143559000712e-07,0.000150961477756226,-0.000130827906136215,-2.66609007242527e-05,-3.15264260637648e-05,-3.70726546304614e-06,2.09103093087519e-05,-0.000244935767052035,-0.0150896923726117,-3.4521816835444e-05,2.5649754165889e-07,-5.92179030689513e-05,0.000100634261656091,-0.000113095000903394,3.2150481864727e-06,-0.000874705961782399,1.12882185459625e-06,-0.00129413822395036,3.75778059464617e-07,1.26237234776828e-05,2.48693536932523e-05,-7.69227334408236e-06,7.57191787476245e-06,-7.77629782612353e-06,8.55306399854086e-06,-0.000926718525276517,0.00092413394957611,-0.000131377584630925,4.49533690111837e-05,-2.51149153821039e-05,4.78145353868051e-05,-0.00196568279926631,-0.000335761149219906,2.87618228765816e-06,-6.29622534520825e-05,6.5209862547288e-06,-0.000151470980231811,0.000128511184624929,0.00446657172865848,3.27422280031349e-05,-0.000113708534369639,8.9629532418692e-06,0.000581250524856757,-2.26596786097619e-07,0.000148920054946798,-0.00165340689798461,-1.35020073086352e-05,0.00344254737856949,0.000382978200910247,-0.000655776518286294,-2.05109582898391e-05,0.000200600859618953,1.26586631533697e-05,7.30098052587701e-08,-5.48055232661043e-05,-5.69693261201089e-06,0.000266945102556468,1.68836539947435e-05,-2.73554908321991e-06,-3.37207282276834e-06,-0.000682789759062572,-2.29957102237426e-06,0.000562017626231469,-1.65368699055964e-06,-0.00012487383198988,0.000189235560885478,-1.73977106009111e-05,-0.00038741661472231,-1.35487138320193e-05,-1.28415476164535e-05,1.86159987719702e-06,-0.000139503192680239,-1.7814609619121e-05,1.1379674339203e-05,-7.43801472463783e-06,0.00107876545657359,4.56297381717599e-05,0.000910999473106693,6.92920505992147e-06,-1.29634371513324e-05,-2.29100356736035e-06,2.72211938797174e-07,9.70905619981362e-05,1.70075290446171e-06,3.45187947202059e-06,1.50961254412876e-07,-5.50995016281365e-06,-0.000217459513269713,-2.39811537765046e-05,9.6010871562858e-05,2.54284916811472e-05,-5.28823054643233e-06,-2.10403813925678e-08,-6.40996982859717e-07,-2.69642565109801e-07,-0.00223979233712862,0.000732152122619412,0.00214483505476214,-8.24044647484297e-06,-5.75557293154176e-05,0.000446617663942004,3.51610513998889e-05,5.07176755552323e-09,4.92982665771276e-07,-0.000382733542063331,-5.85077373365191e-05,-9.3309547329745e-07,0.00040481359301284,1.69926829115361e-05,3.96944797086041e-05,5.56832525281772e-05,-1.08106301530222e-06,-4.19658096052785e-06,-0.00100011877650891,-1.13842251804693e-05,0.000617200959113273,8.38867157755335e-06,-0.000449366175774526,-9.37244074244576e-08,-0.00179142416959549,-1.12356879917308e-05,-2.52598286614226e-05,-0.00259438115047834,1.23323369063902e-06,-1.38735090909403e-06,4.42459966213153e-07,2.81552837124964e-07,-7.54433132612327e-05,-3.13444481257704e-05,-1.42575842843116e-05,1.64945090377797e-05,3.60868234674995e-06,1.5205119950893e-05,-4.43630966703722e-05,-2.52194225409037e-06,-0.000238665939297572,-1.31324176139601e-06,-0.000280879366354477,-9.01705299642927e-05,4.84018132013587e-06,9.94769129647492e-07,3.00881399158698e-05,1.10782061053272e-05,-6.24957966055281e-06,-1.11312299986817e-07,-4.8539032806569e-05,2.74729253597242e-17,-4.51587719002196e-07,6.43371651363328e-06,-1.28699249317486e-06,-3.26673200751477e-06,-4.35086700427253e-05,6.01304626449045e-07,-8.34226347564509e-06,3.69771646592054e-06,-7.08670148048737e-06,1.75949926278141e-06,-9.14295413744926e-07,0.000365995963372437,-2.37820893800454e-07,2.61254664364028e-05,-0.00022060636320328,9.05572778165277e-08,-5.88442140755365e-09,2.78381649499423e-07,-2.5835314925834e-07,4.06210365693668e-06,0.000102158450875064,-1.92389793237156e-05,3.72725781642327e-06,-6.75297815884432e-05,7.86536585074352e-05,-4.73745308392463e-06,4.78894172607428e-05,-1.61865699472359e-05,6.20130562451237e-08,0.000539365018155252,2.61827467870299e-06,8.70924036828026e-05,5.64034668535798e-08,-1.71603470552073e-05,1.55559300394244e-06,-1.88867319472039e-06,2.98134420067991e-06,-5.75392449706754e-06,4.45584136017455e-06,-3.24904372450271e-07,6.19001982641184e-05,-2.68457520901711e-07,4.40448308290028e-05,2.1008310817427e-16,-0.000107601497523652,-1.06960603251385e-05,-1.1405679451526e-10,-9.94387549987218e-07,1.45890182510395e-06,-9.03189912470667e-07,-2.56307584175404e-07,2.96373897777428e-08,-1.32265123519467e-06,4.99989895047763e-05,7.04368322067495e-05,-1.47380423469272e-07,8.27460090427381e-05,-0.000976999186630777,6.6466208475706e-06,-0.00012208245505555,1.73878386668428e-06,3.03629942493936e-06,4.6853008737771e-08,0.000126299304124977,-1.64739719854226e-05,7.29283512767439e-08,-2.28695174593975e-05,2.68287541514157e-06,-9.74815698292574e-06,7.20577968293754e-06,0.000242773416957192,3.21132683535038e-06,-1.0221461846716e-06,-6.68117229973049e-06,6.79018423920073e-07,-3.14615568159253e-06,3.34245128359383e-05,3.52871294332247e-05,-0.000160437263543948,-4.42890035493076e-16,2.00380901161736e-06,2.91362012730313e-06,-3.4196164218174e-07,0.000582869787388284,1.31571544248462e-07,0.000153075887222271,9.38014385850359e-05,-1.26350243037597e-05,5.55863748244129e-05,-7.95542247129765e-17,-0.000454506199259495,-3.64545131623858e-08,-6.20981775662315e-05,6.85577936566527e-07,1.36837127213823e-05,-3.6358241435281e-05,-0.000174935027794113,5.07988957726531e-05,-6.49779426270219e-06,0.000598042198212571,-2.92197945738009e-06,-0.00041394578635415,-8.10615598290444e-07,-1.10802623824879e-06,-0.537673317353964,-1.33588125184725e-05,0.00145458232151874,-5.75782964818465e-15,7.34971135491578e-06,-4.75057701762962e-07,-1.36660758977524e-08,-7.55299452967012e-08,0.000107600032316219,0.00023554344958557,-8.3082683092662e-07,2.90842661385035e-06,1.38569217380716e-06,-3.13003957287481e-16,7.68258660905453e-05,6.41587001835038e-08,1.61299592290323e-05,6.93005118291981e-16,-1.90188722934988e-06,-2.10199474945074e-07,2.97140057909229e-08,9.9855756741126e-06,8.48639526094306e-06,7.60258369039513e-07,1.46602271851007e-07,4.02881133541714e-07,3.61546164123339e-08,4.14525676746726e-09,1.7603601725359e-06,5.45199590626704e-08,-8.82689286172476e-17,-3.77095557112157e-08,1.48729943002445e-06,7.24388468852337e-07,-5.27929601269864e-06,6.5811474917327e-17,-1.3517103953383e-07,2.9463944430856e-08,-3.547378963565e-06,-5.20275467262126e-08,-7.30625056490734e-05,1.96634846096169e-07,-2.78067987477996e-06,1.6831674882099e-05,3.38356961132856e-16,6.55610065052976e-05,-3.125868211326e-07,9.18193137876634e-07,0.000100193850042748,-1.31850082815591e-07,-1.67292918913731e-07,-2.2811613709095e-16,2.85828858257519e-16,-1.57628112294177e-07,-1.85165698137021e-07,2.44816481294485e-08,-0.00010368260833383,8.78078300681368e-15,-1.33410334023383e-05,-1.59338295439572e-07,3.69779716263346e-16,1.49009412692113e-16,1.12028273599773e-16,0.000131409216594652,9.45391577322795e-07,-1.05586525545148e-06,3.24529649303484e-05,4.6140068520372e-06,8.64510709457008e-07,-3.75610071548197e-07,1.71083182224073e-16,-8.42086004134083e-08,2.38425860589803e-07,1.65018146424599e-16,7.62576411951411e-16,-1.54453305531976e-07,-3.38242163449023e-08,-9.30378932565039e-08,2.36528991551748e-05,9.34255995153102e-08,-1.41036790051209e-05,-9.8270179086948e-17,-1.32448061042879e-06,-1.05174193847308e-16,-4.34353911942478e-05,5.5107285922007e-16,-1.06421403158558e-07,-8.27563582614795e-17,4.41095352973575e-07,1.16359341915959e-07,5.29438396205076e-06,7.33157212517423e-06,3.24585795760766e-07,-3.76931116786506e-08,2.413955482885e-07,1.12164346377411e-07,0.000166371641965745,1.47731767643028e-06,8.78073777314075e-08,-2.53136305259419e-07,-0.000176314156409514,-3.84733368477028e-06,-1.2525896477808e-07,-4.17954512711975e-16,1.20681685776212e-06,-2.14247090447057e-07,1.22995197597478e-07,5.6734698111502e-17,8.91933838392765e-06,7.25970926865631e-06,2.4059426066199e-06,4.96483132287161e-17,-5.94366816054105e-07,-0.000136756333127682,-4.52550188028957e-17,-4.7787568136964e-07,1.86164133222838e-06,1.15110660140874e-16,1.00976334980137e-15,-1.20309101959818e-07,-0.000271767472927728,-2.65250724837399e-06,-0.0901355264007535,-9.62223169425124e-06,-2.29069857880081e-07,-2.04836380035246e-05,-5.91755823765978e-07,6.6715860192713e-06,3.98444298388423e-16,-8.73845074051429e-10,-2.24628296298786e-07,-4.84608722900582e-07,-8.55412303416328e-06,-2.0107093928658e-17,-1.30731798651503e-16,-6.25196159497089e-07,3.29753678466908e-16,-4.34237927302563e-17,1.71897716987111e-07,-2.90782067605267e-07,-5.45812993949422e-08,-3.79354105459733e-07,1.77243793154551e-06,4.65206200274288e-07,6.12297144337641e-07,1.47932203648795e-16,4.04626676870814e-06,7.33262978848715e-07,9.06094699243933e-07,-9.06130157564699e-08,3.83977790405943e-07,8.31883658902405e-17,-2.59711295957067e-16,1.5615843326528e-15,-1.43156278234851e-05,-1.78833696093812e-08,-1.16153815203004e-06,2.00597786546586e-16,-1.40539244233668e-08,-4.22675542962145e-16,6.75588813455427e-17,2.4873441600128e-06,-6.23276389314699e-07,-9.50845305269787e-17,-5.22085663681339e-06,-7.0978805092177e-08,-9.07885761611952e-16,1.63008435778323e-07,1.3851506933915e-16,6.14751129207669e-06,-2.56142836147812e-16,6.14008136741951e-06,5.07008566682835e-07,1.83867536583145e-08,1.81871283002503e-06,1.25304855932022e-05,-6.0456687601062e-08,1.88756102875213e-06,1.17745641565502e-16,1.13670044379363e-06,-6.42763478066532e-08,-1.12938077881396e-16,-8.48839596422264e-09,-1.73721181888733e-07,4.05126404642679e-08,1.12692418787015e-16,1.31498139406092e-07,1.74306853743762e-07,1.43203935086812e-16,-4.85042495334345e-06,-3.68674553964759e-06,-5.05836999961931e-09,1.38769206035202e-16,-9.56682112962625e-17,9.14546718101898e-08,2.93833551318278e-06,2.37923045657038e-07,-3.72827487232765e-08,1.77552329581543e-06,-4.70228471910539e-17,-1.09321306484982e-16,6.492672375846e-06,1.9537737018724e-08,4.0377963361591e-16,1.57368849030814e-05,6.54290925913092e-17,7.8281933168495e-08,-1.32491443034575e-06,-6.61086079947853e-06,-4.38618235041532e-05,-1.79219701273219e-16,-1.81644350677559e-16,-1.46324396868686e-16,-8.75910790695154e-17,-9.12826631661217e-09,-3.16847656094769e-08,8.11853808040533e-17,-1.11097614348175e-16,6.29055793190725e-17,4.47056113895188e-08,4.02162568230656e-10,-2.220390248979e-08,4.62711122936643e-17,-1.71168417981149e-16,-3.81097063628655e-16,-9.60797874323005e-07,2.94089778528075e-08,1.30088761625915e-16,5.17634485287029e-09,-1.35583413814521e-07,-6.13699055672771e-17,-1.64901585166761e-17,-9.76173061507388e-06,-9.61443688446582e-10,-4.84385163203733e-06,-2.24060782898345e-16,5.26029707422282e-08,8.50127312592195e-07,9.13913241268585e-07,-3.41936118236698e-06,-2.03048747590072e-07,3.3096600073003e-09,6.63699104450824e-17,2.19435567662265e-16,-1.15012231900561e-16,6.33699644074205e-08,-5.73825028129694e-08,-8.36330418819944e-06,-1.71021013594237e-08,-1.47337430305211e-16,2.85747977362672e-16,-1.0553747645747e-16,-1.41283598825856e-16,-9.47020896213894e-16,8.19747880262627e-08,1.7954687132897e-18,-2.04651645018346e-16,-1.37569694603066e-06,2.7775048425004e-16,-1.23161697885076e-06,8.12296079107617e-17,-5.68963559297803e-06,4.35113122820573e-17,-6.90530259633758e-06,-2.320890779982e-07,-2.04914796963842e-07,2.26660830786386e-17,7.46439960201446e-06,1.17863379764342e-16,1.13606262214256e-06,-1.81255056361572e-07,1.00321467131246e-09,4.1617245876828e-16,5.53114084090132e-06,4.98439125556116e-16,-3.98901293138536e-07,-2.03649888193827e-07,-2.72749795907809e-16,1.05100450336733e-16,1.2889318540715e-16,-6.13548436411699e-18,-3.09345424223122e-08,-9.20853043073916e-07,-2.05706015104423e-07,4.52217107497099e-17,-7.46730045925253e-18,-2.11211415878102e-08,1.72307405044017e-07,-1.12886869681369e-16,-8.76115885145816e-17,-3.44481726794567e-07,1.12283114798527e-16,-2.48423628610985e-05,4.49267394009135e-16,6.12310262156897e-07,4.36877819453397e-16,-3.54652414390597e-15,1.18651296127879e-16,-4.97345261113285e-16,2.2654613270076e-17,-3.04820243146737e-17,1.18048663122373e-08,-8.25621169647883e-08,-1.15073698700172e-16,-5.487244245926e-08,2.30642424752345e-06,1.67578112807383e-16,6.21294423481032e-17,8.29389512649378e-16,1.7857465060692e-16,7.89672812269388e-06,3.39643207617599e-07,-8.63634345845909e-17,9.63174692212113e-17,-4.14077922964424e-07,-1.33758684219647e-07,-2.02549638051888e-09,-2.03422316918934e-16,1.4633875124291e-17,2.10881708024115e-16,-8.36852350773688e-17,-8.11730582144796e-17,5.56274405658403e-16,8.15625104050822e-06,-2.82389174825491e-06,-1.48428362689264e-06,-1.16724438001394e-16,2.53685194119281e-16,-2.27822083438334e-16,-3.34958639236562e-16,-4.54284405668758e-17,1.85262575513668e-16,4.36407545315614e-17,2.63279960715694e-17,-4.02478156513818e-17,-1.74400644479464e-17,2.52451534464552e-16,-8.16471267232127e-17,4.1352977692153e-16,1.24673561499886e-17,7.95701468911535e-09,9.96869436415605e-17,-8.23730901634762e-16,-8.74433961825298e-17,1.12696592656587e-07,-5.18023140917376e-07,-4.59954617318952e-17,-2.9091341325653e-09,1.03081738157762e-07,-6.69981129192725e-17,1.85700723564044e-15,-1.98931078162144e-07,1.36159293019346e-16,2.54257478585386e-09,9.3185111925666e-17,-4.87627334619596e-18,-1.57376055083375e-16,2.00832891651298e-16,9.49154724309157e-07,-3.42181220381045e-07,2.52016164862574e-16,-3.89043680458518e-16,-1.93176747058263e-16,-8.74607623271893e-18,2.37982376860568e-17,1.5963923592256e-16,3.14262240303531e-16,-1.62966240040637e-16,4.13690219892378e-09,-1.24663782312103e-16,3.89563583225718e-17,-6.82080281960239e-17,-2.87128903337737e-16,-9.447195047032e-17,-2.51497064587399e-16,-9.00239870959073e-07,-5.81689465139554e-17,-6.72651408762958e-17,6.09091049531341e-08,5.30474018352705e-16,-2.30332298119075e-16,-2.56190900813663e-16,-6.09760430555341e-16,5.08906703886772e-08,-6.44274565525825e-18,-1.42582353475371e-05,-2.44171430882962e-16,-1.10710607644846e-16,9.50234736047994e-17,-1.06128569609754e-16,2.68385925488099e-18,-2.21815935676816e-16,6.08974945726972e-08,1.21037800219244e-17,-2.14750986596405e-16,7.69313140410026e-09,-7.60472154729241e-06,1.34798439948786e-17,1.30937148753264e-06,1.77992028909164e-06,5.61453955381377e-17,-1.95962076391746e-16,1.59396505536043e-17,1.14050141055503e-16,4.96415603702137e-16,-2.99219045952551e-06,-8.21122830006376e-17,-3.18562334964601e-16,2.0974584658585e-16,1.19820353154461e-06,-4.04081598648781e-16,1.43538889999187e-16,2.19634096547072e-16,-1.73873307409598e-16,-5.46075516521207e-07,6.49164974778806e-16,1.61019429029859e-09,1.8233261583898e-16,1.18084404742564e-15,2.15358648978997e-16,-2.82771867873604e-16,-9.28143212665156e-17,6.8221817077609e-16,-4.10399553388128e-17,-2.79611289667264e-08,2.98590887510941e-16,-4.2214920753497e-17,1.17576282319749e-08,3.97149365204287e-16,-2.63564056895169e-16,-1.388217150537e-16,-1.04387677366808e-16,1.1412876608567e-17,4.86293092293109e-16,-8.52910465748538e-08,3.96814709268706e-16,6.64872094621792e-16,2.54046013444586e-08,-3.71882312721153e-16,-8.53708332661594e-16,-8.77852785729628e-16,3.08945195406244e-16,5.2211448637523e-16,1.99085692301603e-16,1.43683932783831e-16,4.54812598037509e-17,3.16406030915728e-16,-1.1448957535404e-16,7.42208981842834e-18,-1.33424370518245e-08,4.42498627046429e-08,1.88138172915237e-16,-7.89688071097513e-16,5.00879213143612e-17,9.85274597030836e-17,-3.45968913240124e-16,7.8375844391558e-16,3.08422107683474e-16,9.37864136269316e-16,-4.22055443657326e-08,-2.94895552001976e-16,1.9283573123222e-16,-1.69463368739533e-16,9.71907612541752e-16,4.91624073101108e-09,-3.9546372033596e-16,-7.8011306320511e-10,1.51202270762331e-17,-2.11447817664168e-16,-2.43747343447887e-16,-4.93775332250256e-16,2.58962153323202e-16,2.1588475407783e-16,-1.02932495290661e-15,5.51624303722e-16,4.35658605185363e-16,2.16888306746783e-16,6.7407294887285e-16,9.13545774204007e-17,-9.45098609457722e-16,5.04712983625822e-16,-1.14793520621471e-15,-6.04005336842052e-16,-1.49590401245823e-16,-5.01436070425474e-16,6.43192819970555e-16,-7.21603669172247e-16,-1.35471061452064e-16,-3.57278403825744e-16,-1.20798834279103e-15,9.27616782326591e-17,-3.84427860551224e-16,3.78212458276563e-08,2.24844865841438e-15,-6.64400639513015e-16,-5.08560387517201e-16,6.74617207542533e-16,4.42901058059543e-16,4.15606524450211e-16,2.96785774764512e-16,3.16735339089962e-17,2.78590313202813e-16,6.2987390979483e-16,-5.23344388658753e-16,-6.59615931437475e-16,2.32006215234706e-16,-2.90897041252662e-16,-3.02824463283149e-15,-1.03533107992804e-16,-1.04010662025659e-15,-1.80427016729604e-06,-1.72753316097017e-15,3.65315738814054e-16,1.83144060047085e-14,-0.707106781186547,-2.80442682624048e-14,9.34560791582087e-15,-1.37416990907889e-15,-1.73961973424282e-15,-1.16159468102827e-15,1.1190047277906e-08,-5.77478280490133e-16,2.58082781519296e-15,2.48825106345897e-15,-2.22203304273261e-15,5.17116087644342e-17,-2.57529867334354e-15,-1.32137329677153e-15,-5.70968772864612e-16,-5.42486906272556e-16,9.48488816095336e-16,-4.86103832339201e-16,3.23463460993849e-16,1.45060380669107e-15,5.21883762043647e-07,-6.15625286723902e-16,3.18805045906614e-16,1.10182777869605e-16,-1.51679883930722e-16,-1.55143185645193e-08,-1.91443894828203e-16,1.95753191834473e-16,-4.94179212053099e-17,-1.2345456101357e-15,-3.6085731500111e-17,3.22706184481411e-16,2.95891835953058e-16,4.90019176475228e-16,2.04228622096885e-16,-4.32692108179424e-16,-3.74305310306903e-17,1.18248843640349e-17,-2.18400125331688e-16,-4.17100734266394e-16,-1.69339457629888e-16,-8.00043025284096e-17,-3.50592436673767e-16
"t351",0.0333445959687046,-0.00915844991103611,-0.00997849262195345,0.000570764766760851,0.00538276696847671,-0.0173234500066428,-0.00257154979215875,-8.48523857373523e-06,0.0142347078590109,0.000151351638741102,0.00358273794608698,-0.000558384675111443,0.00131396106688017,0.000303692316017273,0.0105897137205535,-0.000350799443648526,-0.000267771307339862,3.67790115247337e-05,0.0204886591826406,0.0339165601304149,-9.82775879838833e-06,-1.57764713979402e-05,0.00648400855490613,0.000172395593062321,-9.91956346804062e-06,-0.000620072464852889,0.00652613432581264,3.38748125424303e-05,0.000265724175375254,-0.00419319140553698,-0.000913598142921911,0.0235318039834756,1.36892058166156e-05,-0.0153617691132331,0.0594841255335993,0.00105664459611624,4.19516931537677e-05,-9.53434181450162e-05,-0.0119457067050173,-0.00319770143969064,-0.000638562689517184,0.0209966316178931,-7.79615298455238e-05,0.00527434802411082,-0.000238925961247903,0.000117649433125392,-3.06476877688256e-05,0.000559600368478711,-0.167342629762481,0.358400229596538,0.000952322736416071,-0.000573562781114147,0.00025845993060978,-0.000139559089273247,-0.181708190547875,-0.00951304746248169,0.0136599992945049,-0.00169361519263811,0.0145787999689747,-1.95268954462662e-05,-1.61418151098927e-05,0.000792999925837176,-0.000446761034591005,0.000329437293263001,-0.00304547380937915,5.677269637347e-05,-0.00161209142432286,0.000931848519880936,-0.000220761217338151,0.000961191978600332,-7.03452663823107e-06,1.70183943937946e-05,-5.76737468324516e-05,-3.59403113085346e-05,1.50299414006738e-05,5.27378593560629e-05,-0.000127205760114778,1.81605188601026e-05,-0.00476744699392412,-0.000566989783917708,3.40304237129611e-05,0.00261666899328156,-0.00344662596945647,-0.000100022783345615,0.00331177869391641,0.000202204573826147,-3.24630543115859e-05,-0.00217144026434913,-7.38916306382257e-07,3.68606610411121e-05,-0.000390522457079995,2.14835874901096e-07,0.000147981530248954,-0.000128172051185891,-2.609368249868e-05,-3.08510257966132e-05,-3.62781792820662e-06,2.04543091004101e-05,-0.000239559916423962,-0.0147504581047451,-3.37306317927364e-05,2.50609020282783e-07,-5.78558103315991e-05,9.81179778274126e-05,-0.000110249917844212,3.13378626855697e-06,-0.000852411924684833,1.09998412174443e-06,-0.00126094111943419,3.66078710823412e-07,1.22972310056285e-05,2.42184445995516e-05,-7.49065737739234e-06,7.36724886808013e-06,-7.56473703798948e-06,8.31706536396587e-06,-0.000900987058318576,0.000898031063916573,-0.000127605795135985,4.36469716683032e-05,-2.43800156008406e-05,4.63821787865246e-05,-0.00190590872301629,-0.000325545222511537,2.78848337917417e-06,-6.1013007100406e-05,6.31884900544662e-06,-0.000146714445515585,0.000124325817093167,0.00432104541510952,3.16723215778661e-05,-0.000109902939021981,8.66158405914157e-06,0.000561640912600032,-2.18846829015524e-07,0.000143817135631078,-0.0015951132748501,-1.30150960572818e-05,0.00331457807297991,0.000368729716659085,-0.000631253097312427,-1.97419241123831e-05,0.00019304795799018,1.21812838955489e-05,7.02564252149827e-08,-5.27149384889551e-05,-5.47467029874077e-06,0.000256292319153125,1.62061133307783e-05,-2.62441710136065e-06,-3.23494875882938e-06,-0.00065489488709974,-2.20536670465057e-06,0.000538922419500415,-1.58378540238943e-06,-0.000119571725897025,0.000181175218360093,-1.66026372126523e-05,-0.000369413066612968,-1.29174840949433e-05,-1.22347979696538e-05,1.77338848941766e-06,-0.000132773689305872,-1.69533902983093e-05,1.08199573340977e-05,-7.06606575082069e-06,0.00102221153826963,4.32336710621204e-05,0.0008631416718436,6.56286827886104e-06,-1.227297298067e-05,-2.1688488321803e-06,2.57484140907721e-07,9.18135107554409e-05,1.60739999044311e-06,3.26195122582989e-06,1.42644848340174e-07,-5.19944207297262e-06,-0.000204916892313238,-2.259245693807e-05,9.04299960302488e-05,2.39338058089438e-05,-4.97605287931858e-06,-1.97930969203388e-08,-6.02848046992594e-07,-2.53381415421705e-07,-0.00210427688309887,0.000686594179806866,0.00201125003101064,-7.72240687802145e-06,-5.38439710212009e-05,0.000417203681067621,3.28285782635317e-05,4.73169499316756e-09,4.5966241984152e-07,-0.000356246743953826,-5.44380652002527e-05,-8.67489256769772e-07,0.000376197715553196,1.57411048382077e-05,3.6765205192966e-05,5.15026773522938e-05,-9.98520383852495e-07,-3.86305586040922e-06,-0.000920619312238658,-1.04759632460543e-05,0.000567404158849014,7.70658697620908e-06,-0.000412070746455133,-8.5746920300881e-08,-0.00163583816368083,-1.02537897668393e-05,-2.29899441765106e-05,-0.00235762909743306,1.1206484762235e-06,-1.2591729821001e-06,4.00328441833114e-07,2.54587825967935e-07,-6.79927704067441e-05,-2.81829056156074e-05,-1.28089856981824e-05,1.47677268334413e-05,3.22820364149159e-06,1.35894746354714e-05,-3.95364693196802e-05,-2.24624915164864e-06,-0.000212545036760246,-1.1657668138445e-06,-0.000248841783896169,-7.97060704291627e-05,4.27404948664186e-06,8.77468509713957e-07,2.6513187448978e-05,9.75910635350729e-06,-5.49052364923896e-06,-9.76246720873211e-08,-4.2490057890822e-05,-2.07572065584292e-17,-3.94222018045271e-07,5.61330076804785e-06,-1.11848263608573e-06,-2.83022161096365e-06,-3.75967621489582e-05,5.19517942675357e-07,-7.17179746867007e-06,3.17619237436231e-06,-6.08479172165645e-06,1.50786897703168e-06,-7.82520420518438e-07,0.0003124925405517,-2.02835552356534e-07,2.22722199326048e-05,-0.000187603974624351,7.61798363587024e-08,-4.9302567873004e-09,2.32440633982767e-07,-2.14052076504071e-07,3.36364990664587e-06,8.41149873255522e-05,-1.57893436222725e-05,3.04439173588016e-06,-5.50718816022519e-05,6.40380130955561e-05,-3.84821763396968e-06,3.8765170020543e-05,-1.30973199956659e-05,4.97184294712546e-08,0.000432337600504484,2.09821369290225e-06,6.96131297156094e-05,4.50395670253974e-08,-1.3660124894275e-05,1.23756792858092e-06,-1.47257085574668e-06,2.31903506493846e-06,-4.46723056050331e-06,3.44419864331945e-06,-2.50235830466636e-07,4.72765051622257e-05,-2.04522454929065e-07,3.34880600417213e-05,-1.50250036340327e-17,-8.12370747020362e-05,-8.06768834843764e-06,-8.57626033295635e-11,-7.42080920834067e-07,1.08145821822452e-06,-6.67341933265534e-07,-1.89070258693004e-07,2.1383754460869e-08,-9.52874308092158e-07,3.60059448849412e-05,5.03699352880245e-05,-1.03192734762444e-07,5.77145993517025e-05,-0.000679603627960352,4.58126407711742e-06,-8.09850160456346e-05,1.13302586024467e-06,1.97638050127554e-06,3.04876305604173e-08,7.81753787103013e-05,-9.50446722512754e-06,4.16492631788172e-08,-1.28603699489129e-05,1.4791920246216e-06,-5.340911663212e-06,3.72842192756032e-06,0.000125029278917478,1.63946014737588e-06,-5.18662643099445e-07,-3.32075793463322e-06,3.29424868437896e-07,-1.49056619047624e-06,1.56656733779145e-05,1.62281668215134e-05,-7.06532742473937e-05,4.05265445035019e-16,5.89980305970042e-07,8.062272604458e-07,-8.51042851460941e-08,0.000144564342701552,3.2514398245894e-08,3.67410131559012e-05,2.1230100516207e-05,-2.64755254361704e-06,9.65139850530268e-06,4.40239545895658e-17,-3.66813930148122e-05,-2.47873694055861e-09,-2.47084454184743e-06,2.49090899908787e-08,-5.4966741873894e-07,3.15354369230781e-06,2.7755663848918e-05,-1.08129352282742e-05,2.24619921918278e-06,-0.000293714632253945,1.74935305907301e-06,0.000275408213136641,5.74884337163131e-07,8.77930381455077e-07,0.431178579248502,1.15667185652333e-05,-0.00133571462400112,4.61863925792739e-15,-1.0358660347111e-05,7.31682038488204e-07,2.10668620625017e-08,1.50626809236986e-07,-0.000223335864918324,-0.00083302604697958,3.50343369222428e-06,-1.2722394608062e-05,-7.01444605424217e-06,-1.33848882009694e-17,-0.000467311803453253,-4.20345279140903e-07,-0.000145061868197829,4.04261054401274e-15,2.70152350844722e-05,3.42709425334692e-06,-5.23931645102491e-07,-0.000210974588007363,-0.000264542184815172,-3.61959453178151e-05,-1.1676478945743e-05,3.5295588088741e-05,2.55384866644264e-06,1.39746919722191e-07,3.1780088190989e-05,9.62308358282247e-07,2.37645263704903e-16,-3.70340859822996e-07,1.36367437932296e-05,5.82110761866973e-06,-3.60727707228734e-05,-1.92896613988748e-16,-7.17238568801962e-07,1.28779749054017e-07,-1.44840836483829e-05,-2.06417942497727e-07,-0.000280682825291651,7.15551982206496e-07,-9.38529470820207e-06,4.94584996535716e-05,-6.92282659230701e-16,0.000176846265930405,-8.37894422807986e-07,2.43035986644127e-06,0.000260877556379328,-3.42885472619359e-07,-4.33142878299757e-07,5.67254576644416e-16,-2.45418999922383e-16,-3.98547264497221e-07,-4.59569653441832e-07,6.06293425717858e-08,-0.000252958174739842,2.06426564604394e-14,-3.16329256124467e-05,-3.73666735931923e-07,-1.32192747438374e-15,-3.25874873230839e-16,1.15183553762125e-16,0.00029939184371309,2.14716235250148e-06,-2.37431516198137e-06,7.24352331064736e-05,1.02900975439949e-05,1.91476266494059e-06,-8.31308043192711e-07,-7.3361907677456e-16,-1.84326622155493e-07,5.202965741799e-07,7.10806115053743e-16,-1.76089432527167e-15,-3.34294162967523e-07,-7.31274564208765e-08,-2.00953923309697e-07,5.10722967062132e-05,2.01756131796006e-07,-3.04608691849666e-05,-4.83249842631298e-16,-2.86114749102751e-06,3.85115696580425e-16,-9.39068122133294e-05,-2.98990433106328e-15,-2.30279838953754e-07,-1.77065007972817e-16,9.55805812608023e-07,2.52220474268121e-07,1.15417055434219e-05,1.60075902053833e-05,7.0917870229061e-07,-8.26210780265719e-08,5.30789637039006e-07,2.48750234800889e-07,0.00036899839435865,3.28642449994717e-06,1.96505711930548e-07,-5.71619786122624e-07,-0.00040154854473113,-8.82679450960692e-06,-2.88481859424712e-07,-4.05779373653341e-16,2.81538163087702e-06,-5.06805894815469e-07,3.0548986240909e-07,4.83114069947646e-16,2.25381842419786e-05,1.88878027173358e-05,6.34643933775663e-06,-5.87762432387617e-16,-1.57952005183385e-06,-0.00037522868346559,-9.49345906977683e-16,-1.33412017455891e-06,5.94298973473412e-06,1.06648785944143e-15,3.19857099258472e-15,-4.12627016788753e-07,-0.000938787608375382,-9.49289573065563e-06,-0.337732010193613,-4.08860969636575e-05,-9.85726660958545e-07,-8.97862640715624e-05,-3.36014099589826e-06,5.37359144331878e-05,6.50542987534752e-15,-8.5896932731767e-09,-2.29907649514674e-06,-5.82953744427115e-06,-0.000132312022444471,5.74669381770205e-15,-6.99676163396281e-16,-1.66726200095932e-05,1.57587380755041e-15,3.58921758498751e-15,-8.4676051276949e-07,1.10713461814499e-06,2.06764930728357e-07,8.91708505642259e-07,-3.92682409288664e-06,-1.01780692727815e-06,-1.23637902591679e-06,8.57839436804193e-16,-3.58907919948181e-06,-5.40912336665309e-07,-6.27649836941658e-07,4.48538939344729e-08,-8.4089176894854e-08,-1.40912847743567e-15,4.04564168056348e-16,-1.3062288751254e-15,-8.17613408004351e-07,-2.64218813939582e-09,-1.78995309638536e-07,1.16566098684973e-15,-3.21865265927259e-09,-1.08427821911714e-15,-1.49789524398903e-16,1.16208966283087e-06,-2.92629738658737e-07,3.57136195616725e-16,-2.67302875058854e-06,-3.79529519840304e-08,5.45464987716579e-16,9.40807786245531e-08,-5.09557034815434e-16,3.82441010377819e-06,-5.34485672551122e-16,3.8428054588811e-06,3.18771457619857e-07,1.16194310694516e-08,1.15737574497438e-06,8.09593696380624e-06,-4.11134650825124e-08,1.36183667967337e-06,-5.80251382761622e-16,8.69784008807379e-07,-4.94548235606614e-08,-2.95512995284807e-16,-6.57780948393329e-09,-1.36304782231763e-07,3.21269371999502e-08,1.11302957627285e-16,1.07743342091644e-07,1.43661458028155e-07,8.44574250203595e-16,-4.02795666404037e-06,-3.07268662849486e-06,-4.27031424439028e-09,-8.98062906802284e-16,-9.97883753970423e-16,7.93256542961242e-08,2.57507255056337e-06,2.08933520985667e-07,-3.39977867632938e-08,1.62762981499878e-06,1.24706391215863e-15,6.64054379281596e-16,5.97279316669042e-06,1.7981191691695e-08,-6.77117624166242e-16,1.4565767211595e-05,-1.09596502672807e-16,7.28380903281092e-08,-1.24124904181984e-06,-6.19632031447868e-06,-4.1186893117603e-05,-2.39279000460022e-16,3.50703622728689e-16,-6.47525845975805e-16,-5.9978392957799e-16,-8.70333027418987e-09,-3.02448347655122e-08,9.82681611484886e-17,-4.91412540365784e-16,-8.59726425238256e-17,4.28486712157792e-08,3.86120415079218e-10,-2.14149109966816e-08,-2.38190421310826e-16,-2.67594648696579e-16,-6.47865008168713e-16,-9.39640646578938e-07,2.87741011165377e-08,-1.37420834337948e-15,5.08925990141616e-09,-1.33553461230355e-07,-6.81185808824969e-17,-1.218660132875e-15,-9.6567434193338e-06,-9.51420426949585e-10,-4.80485267638181e-06,9.3059644703347e-16,5.23804866527131e-08,8.48257846587539e-07,9.14411296076402e-07,-3.43350906687196e-06,-2.04078679047672e-07,3.33213388808957e-09,1.53108160660732e-15,1.8123091814864e-15,-1.54258460253682e-15,6.43730565078377e-08,-5.82982356110481e-08,-8.50566889871465e-06,-1.74805886617311e-08,4.26308277070604e-16,-4.6237015335067e-15,3.2271230616675e-15,1.02235565450107e-15,7.57932584046846e-15,8.41910800086159e-08,-4.58566734256565e-16,-2.79409561614241e-15,-1.41537698380862e-06,-4.03837519177342e-15,-1.26725787870395e-06,-1.01371835447721e-15,-5.85518903922727e-06,1.58414307108087e-16,-7.12681222853824e-06,-2.39692901396212e-07,-2.1183894896105e-07,2.1979674876923e-15,7.72585102459457e-06,2.7680236589067e-15,1.17880841092039e-06,-1.88650273952773e-07,1.04426904836031e-09,8.52040201362989e-14,5.76427097823979e-06,-0.707106781186547,-4.16453254591208e-07,-2.12628701397824e-07,9.58501675571819e-16,-1.21419644283608e-14,-1.39344507321589e-14,8.54850294597993e-15,-3.2343626413855e-08,-9.63145687558844e-07,-2.15242707923896e-07,1.52923080265682e-15,-4.16903786897918e-15,-2.21426443551721e-08,1.80655770625751e-07,-2.27597247299366e-15,-1.6936100854957e-15,-3.61977285868318e-07,-2.92854018269427e-15,-2.61159350332726e-05,-2.48521728190941e-15,6.44524488796566e-07,2.38121195815174e-15,-8.09623458261164e-16,-1.05050498312755e-15,1.92173843114637e-15,6.50884297933396e-16,1.66978106075474e-15,1.24561127795972e-08,-8.71195209998676e-08,1.34734202197556e-16,-5.79474507533306e-08,2.43646668935583e-06,-2.62530270369659e-15,5.56808528619612e-16,-3.17077095854785e-16,5.25523325619159e-16,8.3532646324105e-06,3.59388676309532e-07,-1.82774852796735e-15,3.24240635604702e-16,-4.38297505330584e-07,-1.41588405588992e-07,-2.14437412002834e-09,-1.79206871666411e-15,-1.09562176909422e-15,-1.81386205947631e-16,8.7282504889613e-16,-1.29495457992808e-15,-1.44983881309048e-15,8.65425536918577e-06,-2.99690419808359e-06,-1.5755275200347e-06,3.25162013404532e-16,8.86836026989234e-16,1.07900672224e-15,-4.07259670323084e-16,-4.61217137464139e-16,2.6095586598888e-17,-3.20249780802942e-17,4.4936795036944e-16,-9.21426459829294e-16,8.22559363360124e-16,-2.47555880044011e-16,-4.24418880424938e-16,3.39209071406074e-16,1.524349496805e-16,8.47155478801596e-09,-6.51865781184025e-16,3.08129136136452e-15,2.91975883740093e-16,1.20027654091952e-07,-5.51766786239634e-07,-3.3589689875261e-16,-3.09878818308242e-09,1.09849393839574e-07,-9.12008089641191e-16,3.01386901704927e-15,-2.121021252598e-07,5.13534264667094e-16,2.71258421258479e-09,-3.4717755824212e-16,-3.76133811955265e-16,-6.72225940334496e-16,-8.56529765393641e-16,1.01355147026355e-06,-3.6541899781527e-07,-6.22406548508483e-17,4.25102411481264e-16,2.33295712945784e-17,-3.85474085263715e-16,1.68051336735253e-17,-9.25064383120868e-17,-5.39451613944962e-16,5.81783248153629e-16,4.43010903250217e-09,-2.22249997938096e-16,1.09618906347862e-16,1.2468042579562e-17,6.51210706193558e-16,-1.17435814455987e-17,2.24997704225524e-16,-9.64544609459775e-07,-1.49637286004244e-16,1.14848426617724e-16,6.52659228557433e-08,-2.45185981704021e-16,-2.45553711829912e-16,7.22117824415187e-16,4.45457825550881e-16,5.45867261192624e-08,3.92252543088586e-16,-1.52963987014802e-05,-4.39420066771059e-16,-5.36893293521045e-16,9.80457587329733e-16,-1.02806506390623e-17,-2.0485132707563e-17,8.04049190657992e-16,6.5353723278868e-08,-2.6956155315854e-16,1.15219958035003e-16,8.25815780534326e-09,-8.16335609584975e-06,7.17188312079411e-17,1.40585118755835e-06,1.91119529800617e-06,-1.34446412980252e-16,7.14882885284188e-17,-6.90539021622312e-17,-3.61369908842641e-16,-3.55064540959783e-16,-3.21573862540758e-06,-5.15273929653714e-16,-6.1602657678101e-16,9.16464169609092e-17,1.28799349150678e-06,-5.53914080853516e-17,2.46807523096723e-17,8.28690900865235e-17,-8.0888683713914e-17,-5.87154005332151e-07,-2.58233854214506e-16,1.73146001356889e-09,-1.69820095371913e-16,1.9388778305372e-16,5.73282254785091e-16,-1.07927250386496e-16,7.2016038683429e-17,1.94664958419112e-17,3.19946431522604e-17,-3.00790914926943e-08,-2.36460694091615e-16,1.95656633691755e-16,1.26494379483857e-08,-3.77012684622628e-16,3.53743882327553e-16,2.71040549093765e-16,-2.05011716639218e-16,1.26063713561678e-17,-1.24944613047047e-16,-9.17867707750918e-08,2.94248612632184e-16,-5.29852726231294e-17,2.73427718865923e-08,-6.29169940375171e-17,-2.25157533093803e-16,-3.3712096458042e-17,-9.42445439321673e-17,-3.58839669725296e-16,4.9898262354953e-16,-3.14166593932198e-17,-8.54016483786025e-17,1.41135171467896e-16,5.32356465444441e-17,-1.7898891196135e-16,-1.43664581339845e-08,4.76482882144783e-08,1.54164510369042e-16,-4.81519137444308e-16,-1.6616486879405e-16,-2.10298272557549e-16,6.35179842750633e-16,1.40600881315786e-16,-2.62947877778382e-16,-3.67840892785671e-16,-4.54578575533415e-08,2.69933270133705e-16,5.8116130837847e-17,-1.23060415890062e-16,-3.740856256322e-16,5.29608817497892e-09,-1.44436730636817e-16,-8.40554347140428e-10,-1.20062666572164e-16,-2.2495544175415e-16,-2.5677366794101e-16,3.28622760460538e-16,6.81498496631669e-17,6.02968713014972e-17,1.20146630375907e-16,2.00527042281021e-17,9.50832707537043e-18,-4.12434130973352e-17,2.14406120827128e-16,-8.77470089048895e-18,4.58577685071057e-16,1.91793141148687e-16,1.70390050054024e-16,-3.25077458515862e-16,-7.11613132270925e-17,-9.54589477894687e-17,-8.34937921421021e-17,2.18726550142122e-16,6.21681525703188e-16,-1.6501793979399e-17,5.67680502491192e-16,1.89816415757525e-16,-1.32098054063267e-16,4.07767398872004e-08,-2.37045030508295e-17,1.54317742602163e-16,8.74173506957475e-17,-8.15642298577886e-17,9.59881871092912e-17,4.56656235133118e-17,-9.7822926313375e-18,1.24426479563891e-16,-1.51937036239764e-16,2.47809630757836e-16,-1.21593273644249e-16,1.07596444412086e-16,-1.87536316492692e-16,-1.60927209494761e-16,1.87143352238001e-16,2.06665620444487e-17,-1.13682661750941e-16,-1.94587929134174e-06,3.07287868249564e-17,-1.53442382097956e-16,-8.47603809567119e-17,-2.08106466190659e-15,-6.64194466649169e-17,1.28448305262873e-16,-4.84208794955737e-17,8.44663865580794e-17,-1.32929990861866e-16,1.20713425027556e-08,5.2792370377614e-16,1.4423296374994e-16,4.07337508714396e-17,-5.71872769888433e-17,1.51244206770131e-16,-1.50055597091056e-16,-1.03044860295006e-17,9.69794756746369e-17,1.1089576551665e-17,2.23865801912406e-16,-4.49578760532669e-17,-4.45213125745684e-17,1.54861807060503e-16,5.63088956464336e-07,5.02752089717118e-17,3.26892997475962e-16,4.06795147605193e-16,-2.32561365998141e-16,-1.67403087833027e-08,1.48718644109064e-17,-6.76476961437608e-17,4.13318984099401e-17,5.02383474413042e-18,-6.41195000765378e-19,4.56449722041825e-17,2.82645474942366e-16,7.01178774502364e-17,-1.18298125079377e-16,-6.63732550010242e-17,-1.69219568917582e-16,9.00638738825356e-17,1.72987753118815e-16,1.09228936523432e-16,-7.61208872577294e-17,2.16462903496562e-17,-1.69293904458389e-16
"t352",0.0333445959687046,-0.00915844991103611,-0.00997849262195345,0.000570764766760849,0.00538276696847672,-0.0173234500066428,-0.00257154979215875,-8.48523857373577e-06,0.0142347078590109,0.000151351638741102,0.00358273794608698,-0.00055838467511144,0.00131396106688017,0.000303692316017273,0.0105897137205535,-0.000350799443648528,-0.000267771307339857,3.67790115247347e-05,0.0204886591826406,0.0339165601304148,-9.82775879838419e-06,-1.57764713979394e-05,0.00648400855490612,0.000172395593062324,-9.91956346804745e-06,-0.000620072464852884,0.00652613432581264,3.38748125424436e-05,0.00026572417537525,-0.00419319140553697,-0.000913598142921933,0.0235318039834756,1.36892058166282e-05,-0.0153617691132331,0.0594841255335993,0.00105664459611629,4.19516931537657e-05,-9.53434181450118e-05,-0.0119457067050174,-0.00319770143969071,-0.00063856268951714,0.0209966316178932,-7.79615298455803e-05,0.00527434802411083,-0.00023892596124791,0.000117649433125598,-3.06476877689819e-05,0.000559600368478694,-0.167342629762481,0.358400229596538,0.00095232273641597,-0.000573562781114187,0.00025845993060977,-0.000139559089273249,-0.181708190547874,-0.00951304746248151,0.013659999294505,-0.00169361519263812,0.0145787999689747,-1.95268954462565e-05,-1.61418151098992e-05,0.00079299992583718,-0.000446761034590989,0.000329437293263074,-0.00304547380937917,5.67726963734859e-05,-0.00161209142432288,0.000931848519880938,-0.000220761217338109,0.000961191978600316,-7.0345266384097e-06,1.70183943937719e-05,-5.76737468324477e-05,-3.594031130853e-05,1.50299414006585e-05,5.27378593560501e-05,-0.000127205760114791,1.81605188601239e-05,-0.00476744699392406,-0.000566989783917619,3.40304237129622e-05,0.00261666899328155,-0.00344662596945645,-0.000100022783345643,0.00331177869391638,0.000202204573826068,-3.24630543116097e-05,-0.00217144026434915,-7.38916306368758e-07,3.6860661041113e-05,-0.000390522457079978,2.14835874799181e-07,0.000147981530248946,-0.000128172051185955,-2.60936824987111e-05,-3.08510257966412e-05,-3.62781792816905e-06,2.04543091003071e-05,-0.000239559916423959,-0.0147504581047451,-3.37306317927598e-05,2.50609020261469e-07,-5.78558103316062e-05,9.81179778274216e-05,-0.000110249917844262,3.13378626855985e-06,-0.000852411924684906,1.09998412175062e-06,-0.00126094111943416,3.66078710831326e-07,1.22972310056133e-05,2.42184445995216e-05,-7.49065737737309e-06,7.36724886802387e-06,-7.56473703797303e-06,8.31706536394313e-06,-0.000900987058318554,0.000898031063916581,-0.000127605795135993,4.36469716682756e-05,-2.43800156008423e-05,4.6382178786507e-05,-0.00190590872301628,-0.000325545222511547,2.78848337918103e-06,-6.10130071004018e-05,6.31884900540412e-06,-0.000146714445515593,0.000124325817093187,0.00432104541510935,3.16723215778955e-05,-0.000109902939021968,8.66158405917409e-06,0.000561640912600087,-2.18846828923038e-07,0.000143817135631072,-0.00159511327485013,-1.30150960572176e-05,0.00331457807297987,0.000368729716659052,-0.000631253097312427,-1.9741924112397e-05,0.000193047957990172,1.21812838955643e-05,7.02564252846054e-08,-5.27149384889609e-05,-5.4746702987637e-06,0.000256292319153113,1.62061133307265e-05,-2.62441710137517e-06,-3.23494875880049e-06,-0.000654894887099712,-2.2053667047811e-06,0.000538922419500409,-1.58378540242947e-06,-0.000119571725897003,0.00018117521836012,-1.66026372127076e-05,-0.000369413066612976,-1.29174840949685e-05,-1.22347979696132e-05,1.77338848941319e-06,-0.000132773689305842,-1.69533902983585e-05,1.08199573341452e-05,-7.06606575080489e-06,0.0010222115382695,4.32336710620034e-05,0.000863141671843664,6.56286827866496e-06,-1.22729729808138e-05,-2.16884883196863e-06,2.5748414087065e-07,9.18135107555518e-05,1.60739999045237e-06,3.26195122576408e-06,1.42644848356278e-07,-5.1994420729774e-06,-0.000204916892312937,-2.25924569379833e-05,9.04299960300764e-05,2.39338058089213e-05,-4.97605287923258e-06,-1.97930969622208e-08,-6.02848046938637e-07,-2.53381415548542e-07,-0.00210427688309883,0.000686594179806695,0.00201125003101071,-7.72240687794581e-06,-5.38439710213493e-05,0.000417203681067453,3.28285782635876e-05,4.73169502474155e-09,4.59662419788558e-07,-0.000356246743953751,-5.4438065200159e-05,-8.67489256916743e-07,0.000376197715553131,1.57411048380656e-05,3.67652051931368e-05,5.15026773522733e-05,-9.98520383816572e-07,-3.86305586050449e-06,-0.000920619312238635,-1.04759632461261e-05,0.000567404158849128,7.70658697617612e-06,-0.000412070746455098,-8.57469201964781e-08,-0.00163583816368093,-1.02537897669037e-05,-2.29899441765474e-05,-0.00235762909743296,1.12064847640293e-06,-1.25917298247581e-06,4.0032844195395e-07,2.54587825938124e-07,-6.79927704064996e-05,-2.81829056157247e-05,-1.28089856981907e-05,1.47677268337112e-05,3.22820364136863e-06,1.35894746356011e-05,-3.95364693196004e-05,-2.24624915176836e-06,-0.000212545036760227,-1.16576681411195e-06,-0.000248841783896176,-7.9706070429427e-05,4.27404948671459e-06,8.77468509726947e-07,2.65131874488715e-05,9.75910635352218e-06,-5.49052364921239e-06,-9.76246721713656e-08,-4.24900578906535e-05,-1.25152649839189e-17,-3.94222018123216e-07,5.61330076797846e-06,-1.11848263603936e-06,-2.83022161097748e-06,-3.75967621488581e-05,5.19517942914654e-07,-7.17179746885627e-06,3.17619237421853e-06,-6.08479172175355e-06,1.50786897701892e-06,-7.82520420489435e-07,0.000312492540551629,-2.02835552321413e-07,2.22722199325885e-05,-0.000187603974624551,7.61798364892531e-08,-4.93025672235669e-09,2.32440633951361e-07,-2.14052076458971e-07,3.36364990735364e-06,8.41149873253984e-05,-1.57893436223643e-05,3.04439173582881e-06,-5.50718816021368e-05,6.40380130958202e-05,-3.84821763350072e-06,3.87651700204219e-05,-1.30973199955947e-05,4.97184294291498e-08,0.000432337600504704,2.09821369288733e-06,6.96131297155412e-05,4.50395669365445e-08,-1.36601248943751e-05,1.23756792855455e-06,-1.47257085580322e-06,2.31903506485882e-06,-4.46723056111147e-06,3.44419864314661e-06,-2.50235830444281e-07,4.72765051619078e-05,-2.04522454829793e-07,3.34880600416717e-05,2.12668480953609e-16,-8.12370747023922e-05,-8.067688348428e-06,-8.57624427747438e-11,-7.42080921146212e-07,1.08145821846003e-06,-6.67341933303834e-07,-1.89070258857677e-07,2.13837544686525e-08,-9.52874308315612e-07,3.6005944885136e-05,5.03699352879389e-05,-1.03192734707013e-07,5.77145993514762e-05,-0.000679603627960371,4.58126407705643e-06,-8.09850160461603e-05,1.1330258602142e-06,1.97638050121036e-06,3.04876305196596e-08,7.81753787101392e-05,-9.50446722523717e-06,4.16492633667053e-08,-1.28603699488229e-05,1.47919202471171e-06,-5.34091166306146e-06,3.72842192755623e-06,0.000125029278917448,1.63946014735806e-06,-5.18662643438281e-07,-3.32075793471718e-06,3.29424868490229e-07,-1.49056619025473e-06,1.56656733771414e-05,1.62281668214626e-05,-7.06532742472288e-05,3.66137645559988e-16,5.89980306172225e-07,8.06227260748639e-07,-8.51042845492408e-08,0.000144564342701658,3.25143982614943e-08,3.67410131554411e-05,2.12301005163812e-05,-2.64755254406436e-06,9.6513985056079e-06,9.04278218803015e-17,-3.66813930148528e-05,-2.47873694871402e-09,-2.47084454188416e-06,2.49090898452564e-08,-5.49667418746832e-07,3.15354369203101e-06,2.77556638493459e-05,-1.08129352283078e-05,2.24619921917265e-06,-0.000293714632253841,1.74935305920706e-06,0.00027540821313617,5.74884337342314e-07,8.77930380803688e-07,0.431178579248498,1.15667185650235e-05,-0.0013357146240011,4.26910932746623e-15,-1.03586603468063e-05,7.3168203836428e-07,2.10668618724889e-08,1.50626809577335e-07,-0.000223335864918758,-0.000833026046979618,3.50343369243926e-06,-1.27223946079059e-05,-7.0144460541396e-06,4.99369855844582e-16,-0.000467311803452975,-4.20345278948612e-07,-0.000145061868197645,4.05256306782288e-15,2.70152350845683e-05,3.42709425297295e-06,-5.23931644836237e-07,-0.000210974588006941,-0.000264542184815409,-3.61959453182606e-05,-1.16764789459051e-05,3.52955880884447e-05,2.55384866607732e-06,1.39746919531102e-07,3.17800881912251e-05,9.62308358003045e-07,1.13361521318276e-16,-3.70340860386864e-07,1.36367437931596e-05,5.82110761887669e-06,-3.60727707227847e-05,3.72363201664952e-16,-7.17238568740295e-07,1.28779749370442e-07,-1.44840836483268e-05,-2.06417942961095e-07,-0.000280682825292,7.15551980942752e-07,-9.38529470905421e-06,4.94584996535149e-05,-2.38230687161726e-16,0.000176846265930398,-8.37894422895047e-07,2.43035986687045e-06,0.000260877556379471,-3.42885472569988e-07,-4.33142878281499e-07,1.27502175484295e-16,-2.65636000942589e-16,-3.98547264208599e-07,-4.59569652825775e-07,6.06293419427683e-08,-0.000252958174739103,2.10579951670991e-14,-3.16329256121913e-05,-3.73666735743816e-07,-5.52467536871563e-16,-3.10806384207759e-16,-2.72622608163161e-16,0.000299391843712968,2.14716235191936e-06,-2.37431516182947e-06,7.24352331063923e-05,1.02900975438781e-05,1.91476266543051e-06,-8.31308043834371e-07,-6.09932421179788e-16,-1.84326622172709e-07,5.20296573464626e-07,4.1763754567532e-16,-1.24542340625861e-15,-3.34294162702084e-07,-7.31274563126633e-08,-2.00953922500546e-07,5.1072296706148e-05,2.0175613208148e-07,-3.04608691846124e-05,-2.00273075612612e-16,-2.86114749172766e-06,1.29460647439669e-16,-9.39068122125903e-05,-1.39496162017416e-15,-2.30279839491565e-07,-1.3153587196342e-16,9.55805812297711e-07,2.52220474422824e-07,1.15417055435087e-05,1.60075902052734e-05,7.09178702120826e-07,-8.26210778563678e-08,5.30789637216735e-07,2.48750235067342e-07,0.000368998394358645,3.28642449970371e-06,1.96505711861195e-07,-5.71619786228512e-07,-0.000401548544731453,-8.8267945093985e-06,-2.88481858712222e-07,3.0048185526203e-17,2.81538163095636e-06,-5.06805894836401e-07,3.05489862378834e-07,5.14983550491433e-16,2.25381842415756e-05,1.88878027175358e-05,6.3464393378686e-06,-1.1522519020274e-15,-1.57952005248895e-06,-0.000375228683465244,-8.56611201706323e-16,-1.33412017456886e-06,5.94298973416966e-06,6.97551266399282e-16,3.59755824333547e-15,-4.12627016913901e-07,-0.000938787608375102,-9.49289573050416e-06,-0.337732010193612,-4.08860969633735e-05,-9.85726660980617e-07,-8.97862640720223e-05,-3.36014099612254e-06,5.37359144330635e-05,6.1558830949382e-15,-8.58969321259382e-09,-2.29907649320481e-06,-5.82953744443432e-06,-0.000132312022444268,6.47572939487894e-15,-3.4694093837017e-16,-1.66726200098034e-05,1.51171730918826e-15,2.51948922684309e-15,-8.4676051335618e-07,1.1071346185036e-06,2.06764931068694e-07,8.91708505672145e-07,-3.92682409285387e-06,-1.01780692727719e-06,-1.23637902609494e-06,6.61856529342793e-16,-3.58907919962559e-06,-5.40912336892784e-07,-6.27649835981708e-07,4.48538929339157e-08,-8.40891777119579e-08,-8.26247724446274e-16,-1.77591875176684e-16,-3.14780188097286e-16,-8.17613406774367e-07,-2.64218825385729e-09,-1.78995308818927e-07,1.81367064476563e-16,-3.21865242358414e-09,-1.02475551984769e-15,1.05354783018632e-16,1.16208966258232e-06,-2.92629739164749e-07,-2.33753988387875e-16,-2.67302875100448e-06,-3.79529527048224e-08,6.84947597206701e-16,9.4080779614264e-08,-4.16257540411793e-17,3.82441010220029e-06,3.17808474129892e-16,3.84280546154678e-06,3.18771457883211e-07,1.16194314407556e-08,1.15737574594002e-06,8.09593696385072e-06,-4.11134649148134e-08,1.36183667938286e-06,5.86331559630932e-16,8.69784008798716e-07,-4.94548236926635e-08,-3.67241983098004e-17,-6.57780985215997e-09,-1.36304781066696e-07,3.21269377066002e-08,3.37333752257741e-16,1.07743342016695e-07,1.436614570923e-07,-1.02199696734884e-15,-4.0279566640947e-06,-3.07268662827121e-06,-4.2703143485237e-09,4.37454557062507e-16,5.72151299608616e-16,7.93256544284105e-08,2.57507255054091e-06,2.0893352099071e-07,-3.39977863452326e-08,1.62762981467563e-06,-1.06087042818163e-15,-2.51974450573136e-16,5.97279316755607e-06,1.79811913640268e-08,4.22725026693111e-16,1.45657672113692e-05,-3.35440700955766e-17,7.28380907074451e-08,-1.24124904197995e-06,-6.1963203171049e-06,-4.11868931164636e-05,-3.66947106949342e-16,-3.33260644311731e-16,4.05361713605717e-16,3.36971375280149e-16,-8.70332905261258e-09,-3.02448345083415e-08,1.18217941263754e-16,5.47876901644831e-16,1.93963202248543e-16,4.28486703430713e-08,3.86121441288458e-10,-2.14149114971325e-08,8.7333994975044e-17,6.30517773408945e-16,-3.74076854561811e-16,-9.3964064641864e-07,2.87741015350196e-08,1.71873476067113e-15,5.08925571291987e-09,-1.33553462843649e-07,-2.97304464650171e-17,1.21415967922268e-15,-9.65674341773913e-06,-9.51419342634362e-10,-4.80485267572441e-06,-7.13052210646539e-16,5.23804878969164e-08,8.48257849411399e-07,9.14411293176477e-07,-3.43350906638952e-06,-2.04078674484272e-07,3.33213647704259e-09,-1.59033649521252e-15,-1.09205245357781e-15,1.38910409117564e-15,6.43730552847039e-08,-5.82982354474153e-08,-8.50566889938674e-06,-1.74805918449932e-08,-9.17709393523898e-16,4.71893920105814e-15,-3.34534073980593e-15,-9.69946522658627e-16,-8.08869659716813e-15,8.4191076441659e-08,5.18190058991164e-16,2.87699159327091e-15,-1.41537697890144e-06,4.10141645484336e-15,-1.26725787655546e-06,1.07595738989466e-15,-5.85518904581782e-06,-1.713130033544e-17,-7.12681222667949e-06,-2.39692897949321e-07,-2.11838949609628e-07,-2.1479103927882e-15,7.72585103289419e-06,-2.79274163180705e-15,1.17880841526991e-06,-1.88650279119322e-07,1.0442890086487e-09,-8.69048863882563e-14,5.76427101208869e-06,0.70710678118655,-4.16453277178526e-07,-2.12628699406353e-07,-8.50476254899232e-16,1.2081564689726e-14,1.37557456902707e-14,-8.59768764123542e-15,-3.23436383862126e-08,-9.63145675642966e-07,-2.15242701364251e-07,-1.38061851457899e-15,4.22425160586169e-15,-2.21426450817411e-08,1.80655771307497e-07,2.38360297206406e-15,1.84370802064322e-15,-3.61977288648461e-07,2.80008584888248e-15,-2.6115935033859e-05,2.18637948978376e-15,6.44524490985043e-07,-2.54075864482715e-15,-5.88048424918474e-15,9.28488405909835e-16,-1.53427508269421e-15,-5.79251447083006e-16,-2.17089671505788e-15,1.24561131265521e-08,-8.71195175736433e-08,-1.56947463335497e-16,-5.79474507132559e-08,2.43646669006723e-06,2.52481367126953e-15,-1.00355582758536e-15,1.40460402571397e-15,-4.81209050168902e-16,8.35326463231474e-06,3.59388677581672e-07,2.02615764647552e-15,-2.30062683599259e-16,-4.38297504971791e-07,-1.41588402912541e-07,-2.14437162059423e-09,1.50132461693206e-15,1.19219482852252e-15,1.56047608745681e-16,-1.18484685450053e-15,1.43014412495965e-15,1.37738581792517e-15,8.6542553710937e-06,-2.99690419840245e-06,-1.57552752012359e-06,-2.66185349762345e-16,-8.79286935857473e-16,-1.00204566382607e-15,3.0189623578354e-16,4.65739831188246e-16,3.64258250932295e-16,4.98302827764285e-17,-5.4053634669038e-16,9.95121944248343e-16,-8.57316078066227e-16,1.49921129424361e-16,1.34774892936162e-16,-3.72298963178912e-16,-1.59075233566229e-16,8.47155666997480e-09,6.39348675387498e-16,-2.6086016403187e-15,-1.86087032768877e-16,1.20027652915594e-07,-5.51766786059144e-07,3.42716480766409e-16,-3.09878770430072e-09,1.09849395397465e-07,9.0771744458602e-16,2.25883027883071e-15,-2.12102126769375e-07,-3.93260930519379e-16,2.71258519556316e-09,2.11916639409039e-16,3.62569434774165e-16,7.35589305197101e-16,6.10287648519611e-16,1.01355146885985e-06,-3.65418997757103e-07,-3.61046770766383e-16,-2.32519944156372e-16,2.00653111193702e-17,1.09355786264955e-16,-6.657001339061e-17,-1.67361847370835e-16,5.18245634410944e-16,-4.87522972515278e-16,4.43010865213726e-09,2.22812345363473e-16,-2.01080844391202e-16,-1.1238973850154e-16,-9.13791418160345e-16,-2.30746132771916e-16,-2.05430558251221e-16,-9.6454460904172e-07,2.72759174591529e-16,-2.43883629465528e-16,6.52659224648546e-08,3.07507235554176e-16,1.55903842484483e-16,-7.51136891639613e-16,-2.9249149639637e-16,5.45867256906236e-08,-4.62268770861056e-16,-1.52963987010212e-05,6.20286011002561e-16,5.19524212832512e-16,-6.09904374068843e-16,-2.22304855798075e-16,2.54497500181904e-18,-8.89257766484148e-16,6.53537234912154e-08,-1.12781501612303e-16,-7.26719711655992e-17,8.2581562395433e-09,-8.16335609546296e-06,-3.06137065394075e-17,1.4058511869406e-06,1.91119529856238e-06,-2.38965199006662e-17,-6.70727463553015e-17,2.79002882772484e-16,3.05874447746571e-16,5.50694829343283e-16,-3.2157386260241e-06,4.25392182056728e-16,3.30129554092775e-16,8.48051484999572e-17,1.28799349145039e-06,-4.11335437212664e-17,5.92107124835107e-17,-2.23867734072142e-16,2.62409871520967e-17,-5.87154005475871e-07,5.281065680908e-16,1.73146013090161e-09,7.48335781627998e-17,1.44448163784722e-16,-4.49792148038759e-16,-9.25789814371682e-17,-1.11915447463274e-17,-2.50707196838216e-16,9.02065849372755e-17,-3.00790909243559e-08,1.80023511820533e-16,7.77040959747083e-17,1.26494388035638e-08,4.74486155503343e-16,-2.37092728563328e-16,-1.33892967000538e-16,2.65690861580866e-16,-7.95745233325251e-17,5.78236286610568e-17,-9.17867707550342e-08,-2.94224335319749e-16,8.59674767538958e-18,2.73427717312263e-08,-4.15311593103091e-18,1.76916725582999e-16,1.64843372649645e-16,-9.94477115791241e-17,2.54032875290371e-16,-3.17204115463046e-16,-1.12594603628812e-18,-2.83465718039475e-16,2.9027584127199e-16,9.32383740712062e-17,1.50482360798738e-16,-1.43664588736273e-08,4.7648287750115e-08,2.63296628023521e-17,7.13060583295021e-16,1.10491272774975e-16,-1.52708758056779e-16,-2.6514164128133e-16,-9.63115981441287e-17,2.70378084082824e-16,3.32734190503193e-16,-4.54578579322982e-08,-4.47042811614439e-16,-2.26208143265712e-17,-2.51938582854918e-16,3.94013203182964e-16,5.29608809618538e-09,6.37128202218821e-17,-8.40554631201838e-10,1.33516623042231e-16,-1.15985738971463e-18,1.8845193730613e-16,-3.22890310224277e-16,1.1246347366241e-16,1.59245941563989e-16,-3.89257415601478e-16,3.9571664047776e-16,-2.91599439321313e-17,-4.05556150402972e-17,6.95359858691766e-17,1.19475233349518e-16,-2.67011475432241e-16,-3.07274360431917e-16,-1.04485449358285e-16,1.70918224777247e-16,7.9671145093994e-17,2.32735740795497e-16,1.59892970406788e-16,-1.42898715311265e-16,-2.40150781205539e-17,-1.68993259314774e-17,-5.33326803667837e-16,-1.06039074405412e-18,1.63594061219074e-16,4.07767398363875e-08,-1.56465274505932e-16,-3.40945809789213e-16,-1.10636026627592e-16,1.94853777139703e-17,1.25439541829323e-16,-9.07364522223251e-17,-3.9348628437124e-17,4.52461450571233e-17,-1.63253089737209e-17,-2.08811411346382e-16,-2.83952548973954e-16,9.86513236882643e-18,1.2492111023497e-16,2.75602907024516e-16,-1.97288658250484e-16,5.29493181222255e-18,7.33358604696934e-17,-1.94587929131916e-06,-8.70441625132039e-17,-8.19992533946626e-17,-1.41775563456984e-16,1.61587321673576e-15,-2.33556240703976e-17,-1.48868705796223e-16,1.19801535414534e-16,1.11008792238501e-16,1.60683720523953e-16,1.20713425780837e-08,-1.88950772671274e-16,-1.35099258317882e-16,-1.36270756802446e-16,-2.22965332778622e-18,-9.00873879383235e-17,1.5171505007385e-16,2.63176875625928e-17,-6.35247701284447e-17,-8.70858110837569e-19,7.76269588857244e-17,3.55670008219147e-17,-1.54247042102327e-18,-3.46487480894378e-16,5.63088956603089e-07,7.65863852488173e-17,4.7015310766469e-17,-2.0050951758934e-16,-3.06070273292658e-16,-1.6740308844799e-08,3.81703753615772e-17,1.26797552346691e-16,-9.40290037243885e-17,1.28360480986388e-16,1.96027044924895e-17,2.27278742132554e-16,9.24492680366715e-17,-5.80320992473558e-17,1.37739447325147e-16,1.66363329991237e-16,-2.96189989196261e-17,3.93788816293491e-17,-1.24314597303867e-16,4.05328179803413e-18,7.17933002140767e-17,2.35617533603851e-16,-2.02842880125066e-16
"t132",0.033334174902552,-0.00915242062570008,-0.00997171119903746,0.000570245055076095,0.00537676765049421,-0.0173008041011074,-0.00256812228121485,-8.47303134729366e-06,0.014210531284113,0.000151040115889393,0.00357339068348318,-0.000556591534812086,0.00130961882969067,0.000302673601562814,0.0105526520882506,-0.000349499725754695,-0.000266755670491996,3.66370001260583e-05,0.0204077287827891,0.0337710982090385,-9.78219423029855e-06,-1.56883243979767e-05,0.00644576867111977,0.000171373124448047,-9.86050163456352e-06,-0.000616206130001092,0.00648496521637223,3.36592185608739e-05,0.000263988059093767,-0.0041608941365237,-0.000906099586580053,0.0233299786617542,1.35634273720087e-05,-0.0152140171135745,0.0588831810939729,0.00104512941358312,4.14887961839624e-05,-9.42749278923085e-05,-0.0118109375708796,-0.00316109694877139,-0.0006310462023853,0.0207435870194865,-7.7008180817104e-05,0.00520977350274785,-0.0002359505528714,0.000116092383051639,-3.02346944073758e-05,0.000551995879696006,-0.165015147866778,0.353290936388362,0.000938302929168082,-0.000564993768577987,0.000254590272396804,-0.000137431504990736,-0.178840304220558,-0.0093621264318357,0.0134230163880371,-0.00166353941582395,0.0143191914365314,-1.91594038507692e-05,-1.58255683744869e-05,0.000777158968478785,-0.000437696996933786,0.000322727611058538,-0.00298166286564075,5.55531664768316e-05,-0.00157557376087179,0.000910246943286522,-0.000215589486447676,0.000938248210383073,-6.85005705723331e-06,1.65413773753523e-05,-5.60410817922456e-05,-3.4902143173698e-05,1.45946987352458e-05,5.11974660587475e-05,-0.000123477599088585,1.7619371746377e-05,-0.00462008837642085,-0.000549209185251231,3.29370141377302e-05,0.00253215665651848,-0.00333108326093088,-9.6632620676575e-05,0.00319425569501862,0.000194940910416366,-3.12825759130934e-05,-0.00209232315193454,-7.1197984631992e-07,3.55152108521698e-05,-0.00037620222569108,2.0661542880383e-07,0.00014229749504198,-0.000123122191202983,-2.50210593746274e-05,-2.95748859817458e-05,-3.47771103470012e-06,1.95945647524251e-05,-0.000229432220761284,-0.014113262656386,-3.22481288386601e-05,2.39577644032795e-07,-5.53047296941504e-05,9.34570164501026e-05,-0.000104984319807527,2.98348710706031e-06,-0.000811225537331674,1.04672609350504e-06,-0.00119966740558674,3.48191702630174e-07,1.16953027060555e-05,2.30204436148605e-05,-7.11965734908104e-06,6.99230836446061e-06,-7.17754120400278e-06,7.88604801742097e-06,-0.000854036504575861,0.000850526144921167,-0.000120758625097307,4.12798700145914e-05,-2.30498611474751e-05,4.37992874388768e-05,-0.00179838178678866,-0.000307169607383988,2.6307923682843e-06,-5.75168060188946e-05,5.95636753097668e-06,-0.000138203149992017,0.000116882706954193,0.00406226445664599,2.9770728766985e-05,-0.000103167251071496,8.12861503004062e-06,0.000526982079473119,-2.05182612896737e-07,0.000134823052254567,-0.00149289963402839,-1.21649073733677e-05,0.00309241616718206,0.000343997586852317,-0.000588728152346107,-1.84090508100146e-05,0.000179968079634302,1.13548305730584e-05,6.54897102420522e-08,-4.91037408393101e-05,-5.0924534650017e-06,0.000238056549187808,1.50476021289828e-05,-2.43487416967593e-06,-3.00112166714352e-06,-0.000607373804449924,-2.04497354344043e-06,0.000499625750801597,-1.46555469294038e-06,-0.000110612394546905,0.000167564356439235,-1.5280809131545e-05,-0.00033959629373944,-1.18726828542652e-05,-1.12337923031955e-05,1.62795651950883e-06,-0.000121725629789944,-1.55402236700003e-05,9.90532006532511e-06,-6.46070215362407e-06,0.0009312451381783,3.93812352291321e-05,0.000786203394928555,5.97488440901188e-06,-1.11668612547733e-05,-1.97321280518883e-06,2.3398604272746e-07,8.3404042143532e-05,1.45901709399828e-06,2.96025537366652e-06,1.29438770953492e-07,-4.70934311231402e-06,-0.000185244289753023,-2.04167166510479e-05,8.16952675104868e-05,2.16016619779361e-05,-4.48954629908354e-06,-1.78515684028629e-08,-5.43530906541412e-07,-2.2819127634492e-07,-0.00189454453588515,0.000616651975461389,0.00180622050991298,-6.92946714151076e-06,-4.82052579778352e-05,0.000372801346739588,2.93152905043315e-05,4.22114201647911e-09,4.0976154177198e-07,-0.000316871383098993,-4.83978096020619e-05,-7.70448161472205e-07,0.000333943342872169,1.39175696760451e-05,3.24999958677788e-05,4.54503413229272e-05,-8.79698722776639e-07,-3.38953137034964e-06,-0.000807756669603074,-9.18819471679742e-06,0.000497078824781015,6.74596682431056e-06,-0.00035993075690506,-7.46964588098398e-08,-0.00142192755874383,-8.90694441878493e-06,-1.99091897448275e-05,-0.00203820583749286,9.68773641345151e-07,-1.08706801625391e-06,3.4443047258043e-07,2.18894828258729e-07,-5.82529922778269e-05,-2.40859846095994e-05,-1.093752311139e-05,1.25650491199303e-05,2.74434749247141e-06,1.15417513205228e-05,-3.34820275754089e-05,-1.9011523382217e-06,-0.000179865307493863,-9.83375330101496e-07,-0.000209498508868294,-6.69571950981146e-05,3.58683465910488e-06,7.35618064763969e-07,2.22054181980849e-05,8.17121792441986e-06,-4.58536702458034e-06,-8.13990637829117e-08,-3.53658256067101e-05,1.91227290752349e-17,-3.27291433415537e-07,4.65790420116872e-06,-9.24826573605195e-07,-2.33373801920281e-06,-3.09304288971219e-05,4.27342448320639e-07,-5.87399951876062e-06,2.59953655473456e-06,-4.9783873596864e-06,1.2317019175209e-06,-6.38501283899659e-07,0.000254467502892711,-1.65024215953107e-07,1.81136624062578e-05,-0.00015226547140761,6.12967279325552e-08,-3.9546602974218e-09,1.85955952998786e-07,-1.70255909440894e-07,2.67431605905176e-06,6.66020444178615e-05,-1.24728629492386e-05,2.39687673621677e-06,-4.33116525215455e-05,5.0305807422607e-05,-3.01822066171087e-06,3.03323751491174e-05,-1.02454147533122e-05,3.8656242179247e-08,0.000336096515523896,1.6308797269408e-06,5.40176880346071e-05,3.49274815297397e-08,-1.05720533769633e-05,9.57440071638112e-07,-1.12527879509708e-06,1.76965259629599e-06,-3.40517120472627e-06,2.61866617969912e-06,-1.89866343149156e-07,3.57030380335841e-05,-1.54241870758054e-07,2.52275972951047e-05,-4.06693066225893e-16,-6.09667864279602e-05,-6.05159470836911e-06,-6.42251000264896e-11,-5.53548088402652e-07,8.03959789265204e-07,-4.95296537145042e-07,-1.40213124434342e-07,1.56905844616594e-08,-6.98695953890938e-07,2.63964183975156e-05,3.68089628855639e-05,-7.47158066445732e-08,4.1719743376835e-05,-0.000490701866635607,3.29538086882527e-06,-5.7395899350627e-05,7.97855224853147e-07,1.39120243299654e-06,2.1458256085648e-08,5.41227351263382e-05,-6.44906548448078e-06,2.81852885763013e-08,-8.66888942274851e-06,9.92289223744969e-07,-3.57749846724029e-06,2.46576060835414e-06,8.26061109915251e-05,1.08122993628166e-06,-3.41636468196153e-07,-2.17838883463765e-06,2.15109791432861e-07,-9.69140533062316e-07,1.0166272683586e-05,1.04972699280311e-05,-4.53837213621798e-05,8.45552912820938e-17,3.62058643785416e-07,4.92367018173807e-07,-5.15915293199283e-08,8.76178208777889e-05,1.97017982749574e-08,2.22221544925123e-05,1.27961129537498e-05,-1.58913019853328e-06,5.74343018658148e-06,8.41306029195126e-17,-2.13877169241717e-05,-1.44151049038132e-09,-1.4288490462135e-06,1.43947739393065e-08,-3.13146020778497e-07,1.78211925810206e-06,1.55031420733405e-05,-5.99026622956439e-06,1.22184051583405e-06,-0.000157002066263837,9.24402597012083e-07,0.00014457441885718,3.00532831369347e-07,4.5553993930546e-07,0.223543836947117,5.96458651021182e-06,-0.000685886195077808,2.7330088358122e-15,-5.14801284139284e-06,3.61068600293786e-07,1.03952948572425e-08,7.28069118618579e-08,-0.000107607155731484,-0.000385334424744994,1.60090128188117e-06,-5.79931469175712e-06,-3.16760614841177e-06,3.67369009794332e-16,-0.000208742100647402,-1.86991240713216e-07,-6.35273914311521e-05,1.80642773545679e-15,1.16257036731269e-05,1.46861750624063e-06,-2.24029013133531e-07,-8.98004804185273e-05,-0.000111733800605415,-1.51983209678363e-05,-4.8801179095517e-06,1.45466300602815e-05,1.05076672829105e-06,5.69340379259703e-08,1.27194176259424e-05,3.84791855222912e-07,-1.66809907158545e-16,-1.42770730522038e-07,5.22256907721377e-06,2.19661665485622e-06,-1.33004509593755e-05,-4.0793141044151e-16,-2.50765129517998e-07,4.21640071533009e-08,-4.59353280969194e-06,-6.44638378238153e-08,-8.60115868428338e-05,2.11383575955286e-07,-2.60066827844984e-06,1.13485324992792e-05,-1.58397122851024e-17,3.2606752844314e-05,-1.51079487699022e-07,4.17373673601359e-07,4.16521896700544e-05,-5.4425096288546e-08,-6.72557197341026e-08,-3.03576608295941e-16,6.89892821104538e-17,-5.38266269026335e-08,-5.3766922141293e-08,6.95496946600366e-09,-2.48082356246344e-05,1.41569137496588e-15,-1.90638562308041e-06,-1.60079965975246e-08,1.56914400818643e-15,2.11396419808435e-16,-2.59613982822857e-17,-4.32668947034495e-06,-4.73885881197729e-08,1.16223277855618e-07,-5.2493892171678e-06,-7.74543107879782e-07,-1.9381138794904e-07,8.66771647818469e-08,-1.5966994776489e-16,2.94308977247214e-08,-9.36993455404385e-08,-1.22267677101966e-15,1.66102268737252e-15,8.86182606329709e-08,2.09776700392535e-08,6.36774546513954e-08,-1.72397826179482e-05,-7.63646911006346e-08,1.17360157131281e-05,-1.0309289265687e-16,1.12910023142263e-06,-2.14571591665143e-16,3.96352649338332e-05,2.96916896451449e-15,1.01964774699066e-07,2.11513747192903e-16,-4.4901737702168e-07,-1.19887000303361e-07,-6.36813237811793e-06,-9.10509969371829e-06,-4.08490197156421e-07,5.02291938450841e-08,-3.37836866818419e-07,-1.75569102431923e-07,-0.000260675198506563,-2.3947378607303e-06,-1.51423926341003e-07,4.73997962412053e-07,0.00035374177253691,8.14990339614209e-06,2.72536369388482e-07,9.43430221762905e-16,-2.85349252687319e-06,5.49173654255183e-07,-3.98801757088087e-07,-8.38724833527651e-16,-3.10379057581799e-05,-2.81928901225866e-05,-9.80459944889667e-06,1.66673493026152e-15,2.48382798497135e-06,0.000633149488735396,1.89891235621715e-15,2.33099013390827e-06,-1.28510451806568e-05,-1.98635722243514e-15,-8.77705276032503e-15,9.72302903529599e-07,0.00222946246094194,2.33884975261077e-05,0.869261175737935,0.000116429528295643,2.8321145394234e-06,0.00026124981132822,1.12672378275428e-05,-0.000203670594560197,-1.08839261388216e-14,3.41652347209919e-08,9.2216753080109e-06,2.40894273803478e-05,0.000567050968371483,-2.48545214632861e-14,1.30993836142674e-15,7.52014061135192e-05,-3.66167636043086e-15,-1.71817994748907e-14,5.48641283132208e-06,-7.70968939566934e-06,-1.44207423892702e-06,-7.38447342754455e-06,3.33418739738282e-05,8.68884108569466e-06,1.09356214344067e-05,-1.87108698466564e-15,4.998863359542e-05,8.523812737213e-06,1.03334819439258e-05,-9.45584836567749e-07,3.48512562418292e-06,2.56541393042698e-15,-5.19200152191932e-17,1.81597180843829e-17,-0.000110313556785054,-1.29696199136287e-07,-8.38682265157961e-06,-2.56567107622685e-15,-9.6179402148763e-08,3.1154450180287e-15,9.45106105776365e-17,1.40026775856109e-05,-3.50136743821719e-06,6.15826833971767e-17,-2.81792931562897e-05,-3.74702626890196e-07,-1.20327446215117e-16,8.24272111714769e-07,1.44795382527936e-15,2.96241261198289e-05,7.39259357415507e-16,2.94659066165366e-05,2.42534939973647e-06,8.76407501643335e-08,8.62601249511163e-06,5.87799393472262e-05,-2.72568911113667e-07,8.08472722436729e-06,-2.46357867162164e-16,4.59406001897929e-06,-2.58260107592887e-07,3.88066241602492e-16,-3.38442453087343e-08,-6.83174603735798e-07,1.57399495379194e-07,-7.08373604658152e-16,4.9113623527599e-07,6.46170245738248e-07,-7.95795742253567e-17,-1.78057783125813e-05,-1.3469635423754e-05,-1.81635059780326e-08,3.73234304502047e-17,6.78464066591016e-16,3.15879103284151e-07,9.99056079295459e-06,8.06400252555051e-07,-1.18649089739855e-07,5.59681813109481e-06,-1.58526997741681e-16,-2.52454286552772e-16,2.0334200900101e-05,6.11398413917637e-08,4.70456834474679e-16,4.87211960642693e-05,3.9453991345681e-17,2.39917927576115e-07,-4.00593797761357e-06,-1.996928832827e-05,-0.000132002095363281,-2.66218429833511e-16,1.87754999889926e-16,5.45654288371338e-16,2.20723997230721e-16,-2.66032540723442e-08,-9.21072017994305e-08,-2.17130779040704e-16,1.82264675295809e-16,-1.16035463668428e-16,1.28784752568301e-07,1.15404140824666e-09,-6.30586902764721e-08,4.36561976490597e-17,-7.1413686596189e-16,1.78202179575149e-15,-2.63854015030314e-06,8.06730090249884e-08,-3.74665367538843e-16,1.40241203213635e-08,-3.65530339466098e-07,2.05907599568564e-16,3.14592760081158e-16,-2.60194247673971e-05,-2.56037426342014e-09,-1.28152358564384e-05,-1.86703939239594e-16,1.37683773827891e-07,2.21224709016715e-06,2.35935151456792e-06,-8.7338120626207e-06,-5.17173310437804e-07,8.38589942269814e-09,4.27362640785777e-17,-4.20425909537774e-16,2.91828911098298e-16,1.5603644789479e-07,-1.41233584182361e-07,-2.05122540064519e-05,-4.1226790996784e-08,6.76556006387935e-16,1.83199323770663e-16,2.03950830325478e-16,1.95099249485776e-16,3.00074991295875e-16,1.94209997939458e-07,-5.92263363191061e-17,-1.27945537391164e-16,-3.237763516787e-06,-2.48794853757894e-17,-2.89765206148684e-06,-1.10126462171202e-16,-1.33782637878202e-05,-1.90026905961382e-16,-1.60559387950703e-05,-5.38231856882002e-07,-4.73327802426579e-07,8.11397032791551e-17,1.71585805559169e-05,4.86898087243254e-17,2.5844420169623e-06,-4.06943422967356e-07,2.25109229807901e-09,-4.35416506957175e-16,1.2346819999015e-05,4.13426371680756e-16,-8.8326428482126e-07,-4.50753176432379e-07,2.18225280259848e-16,-5.36618731178272e-17,1.48719263388475e-16,6.24842839972892e-17,-6.80227760928402e-08,-2.02142267818111e-06,-4.50665084846344e-07,3.03444318140498e-17,-8.32619243234564e-17,-4.58426786937543e-08,3.73833877603379e-07,-1.63078143373211e-16,-1.69118074012289e-16,-7.38974387237477e-07,-3.11241936851237e-17,-5.3165103060711e-05,1.11839256529143e-16,1.30154935432012e-06,5.62605446413627e-18,-7.78593946490398e-15,1.53672517279692e-17,-5.85349392975279e-17,-2.99503015552037e-17,4.07513173255679e-16,2.47591456093724e-08,-1.73133346196908e-07,1.50701589403569e-16,-1.1454491279821e-07,4.80552440133446e-06,-2.13152304609559e-16,4.23134620080046e-16,1.40931478946421e-15,-8.41667914479138e-17,1.63216710378334e-05,7.00710651446897e-07,-1.90939818015398e-16,-1.4395713122559e-16,-8.5252992501059e-07,-2.75317813333537e-07,-4.1653879340574e-09,2.6592033329239e-16,-3.55926741365824e-17,-7.00185379599363e-17,-2.37749557713867e-17,1.37908263423888e-16,-8.35444511226128e-17,1.65363800674087e-05,-5.71785116652591e-06,-3.00152929180912e-06,-1.71427935455615e-17,1.67813947617901e-16,-1.15744312745861e-16,2.03678629421564e-16,2.15834112432677e-16,-1.88563925376295e-16,-3.24674574926857e-17,-5.61525219621532e-18,-7.91997513092323e-17,-1.25057134639094e-17,2.26090720479244e-17,3.00589049552083e-16,4.91291768341978e-17,-1.11831920954158e-17,1.57561847738448e-08,1.73584131484504e-16,-3.75234806117088e-18,-1.4116979165216e-17,2.22557008524488e-07,-1.02237655918369e-06,-3.93346899324984e-17,-5.73929561802455e-09,2.0270080067831e-07,6.20927043543945e-17,4.66191715370545e-15,-3.89605159185413e-07,-3.15028309788659e-16,4.955399851179e-09,6.19501891297467e-17,2.35151340388543e-17,-2.95211222718207e-17,1.80383505243701e-16,1.83597389398185e-06,-6.61555156439186e-07,2.30539384892589e-18,-1.90165057317746e-16,4.63972767687911e-17,-3.41338168938741e-17,-1.60949812505473e-16,1.56062490406044e-16,-4.5627686430438e-17,1.1139521533348e-16,7.79952105488709e-09,3.76222661923382e-17,-8.04693496379691e-17,-9.67623953467034e-19,-3.51013998615728e-17,2.42136464179577e-16,4.0022045208672e-17,-1.6884976826947e-06,-2.7895084699033e-18,1.75860430040111e-16,1.14133647225954e-07,-6.34034194056011e-17,1.39617340431702e-16,9.46963757188991e-17,-6.97958374500942e-18,9.43258776251211e-08,5.61842128941695e-18,-2.63769961978626e-05,-2.1865761480631e-17,-5.28164644453328e-17,9.52122997038943e-16,-1.59163631777951e-16,2.11584535864967e-17,-1.11254385270418e-16,1.12220837049308e-07,-1.19554689165394e-16,-1.59041650589939e-16,1.41350298645441e-08,-1.3970520946842e-05,1.56070577469441e-17,2.39937749587009e-06,3.25907882799664e-06,7.01915796088059e-17,-2.1626490542233e-16,-1.9134515881876e-16,3.26340220310878e-17,2.98333257091141e-17,-5.41656604341438e-06,7.60115284679379e-17,-1.5446483076699e-16,-2.07546396670757e-16,2.16279276922102e-06,1.76548246712406e-16,-1.06897004623524e-16,-4.47867622251794e-17,9.70067698695702e-17,-9.81972915873373e-07,-1.91139182030836e-16,2.89216566855078e-09,3.24651560780255e-17,-6.45548322859516e-16,3.70615077136535e-17,1.95342581542267e-16,1.21523433098048e-17,-2.77055357093019e-17,-3.71728138495417e-17,-4.99196467281295e-08,-4.42241667592281e-17,-1.49339845973005e-16,2.09600307020936e-08,7.78164559086141e-17,-6.71638243414144e-17,-1.39804257770126e-16,-6.98021214295735e-17,-1.68857088192527e-17,-7.28423462563474e-17,-1.51345434979315e-07,-2.92988002363433e-17,2.69955763597275e-16,4.49871578182659e-08,-1.42200159833866e-16,8.03906997402386e-17,-3.44478649974453e-16,7.58145646656412e-17,1.14551823055264e-16,7.56276112558653e-17,4.84146433753478e-17,6.1108278011642e-17,-2.42075691559357e-16,5.18683336067152e-17,5.16595095726123e-17,-2.34516872296196e-08,7.77082108458897e-08,-2.05472922127154e-16,-1.37380526742705e-16,-3.51593099041793e-17,3.27517983602045e-18,-2.98155597433514e-18,-1.22780491134588e-16,-6.29016233669159e-17,1.73389655480158e-16,-7.37797374585998e-08,-1.12411194980044e-16,-2.69203146465739e-17,5.07321613944365e-17,3.03556154727814e-17,8.56118584334132e-09,1.94601637881107e-16,-1.35270086409903e-09,-1.00131090363668e-16,7.84452817283669e-17,-7.52024588545797e-17,2.2732371279713e-16,-7.79981049065673e-17,1.5146653639499e-16,1.93496905120873e-16,-1.13437129871982e-16,2.55645394251527e-18,5.7331354773599e-17,-2.49085906873097e-17,6.84218190718822e-18,1.52220008927321e-16,5.6746496723976e-18,-6.00824779330805e-17,4.08611797250033e-17,-5.73304379314981e-18,-2.42212066698396e-16,6.78041972740811e-18,1.5015106724183e-16,1.16551733542192e-16,3.60747589657868e-17,-2.53356663217493e-16,-9.58568244673916e-17,3.7389534034673e-17,6.45887914550942e-08,3.94433322690799e-17,-1.93647819606133e-16,2.19429997120778e-17,-2.34619601025831e-16,-3.87736068986069e-16,-2.38813604543869e-17,5.41769837883997e-18,-1.87353927570057e-16,-8.05904946869161e-17,-4.71912400715083e-17,2.75712612463064e-16,-1.87597907415399e-16,6.46032622756728e-17,-4.70442377557618e-17,-1.5380291684577e-16,-3.93552898140161e-17,-4.79023768606098e-17,-3.0509322666604e-06,-1.92956668674862e-17,-1.57004534725223e-16,1.13722627841456e-17,-1.69169289411424e-17,1.92246835434264e-16,6.29705341874691e-17,3.53247855240349e-17,-1.80114245367732e-16,-7.53543926038042e-17,1.87364396139299e-08,2.19682579248034e-16,1.64879010863675e-17,2.247644028946e-17,5.83257604718806e-17,-6.03504533505299e-17,1.13759799884651e-18,-2.08755605893769e-16,-5.61137992447831e-16,-9.00726476873778e-17,-3.48803470929671e-16,-1.37884244600635e-16,1.38291134357046e-16,1.86539002144822e-16,8.65525440358317e-07,2.12688430076397e-16,-2.69086211027329e-16,-1.51457349983798e-16,-4.05816873161324e-16,-2.56185006663555e-08,-8.20311109033621e-17,3.76106388096185e-17,-6.11611513275459e-17,2.8550596724951e-18,-8.13749742469565e-17,-2.58375478998037e-16,-4.67073170236236e-17,1.46219041745095e-16,6.59102502082781e-17,-5.55190336196886e-17,-2.2066834682611e-16,1.23533319921723e-16,-1.74949259876616e-16,1.07345992427472e-16,9.53979141714016e-17,9.64381201673997e-17,-2.00529803388914e-16
"t21",0.0345965647696785,-0.00985690474919134,-0.0107574246728694,0.000618918160627419,0.00560678632484537,-0.0150514006467958,-0.0021205620500928,-4.53543980066159e-06,-0.0424478991595308,-0.0308234101396742,-0.0266957816270451,0.000230309571245415,-0.000453131811503156,-9.43226047704425e-05,-0.00232992571788188,4.12280560660284e-05,2.20323878580353e-05,-2.14639652541884e-06,-0.000651844108257567,0.000376011725707836,2.15832611066379e-06,-2.79693107839295e-05,0.0401580774349413,0.00165033274572094,-0.00015632062526042,0.00132438613001576,-0.0127940920576138,-9.38992268126779e-05,-5.51659928877072e-06,-0.000778078069185999,-0.00383595199896263,0.00663197774232391,4.43977581048865e-06,-0.00500361017699482,0.00763995994359419,0.0016393899357538,7.71583135971079e-05,-0.000320519664771217,-0.0997351137974584,0.00867841513407202,-0.000604285152687559,0.156901581661375,0.000255031530371421,-0.0153850019902159,0.000262114011712731,-2.55848785882026e-05,4.40088015748405e-06,-6.51681871981596e-05,0.00712242348204117,-0.0106520389615435,9.72002966729154e-06,-1.31768496333238e-05,1.7445703174608e-05,-5.24395662556028e-06,0.000406647524130782,-0.000304919176322179,8.16189207930807e-05,-8.14213488307346e-05,0.000690949816785763,-5.37795558020748e-07,-7.66381126953239e-08,-7.51407972249174e-06,1.03429761411744e-05,-8.9228679064985e-06,0.00264452087232895,-3.6441329531694e-06,4.51820395242338e-05,-0.000169469106272232,4.46472472200775e-05,-0.000232887263587424,3.92518234140144e-06,-1.78485768184871e-05,6.73575332530618e-05,5.34542000693317e-05,-2.3100960357633e-05,-2.17158214873396e-05,0.000231756641124417,-4.41070744854552e-05,0.132619452531933,-0.00116400062231412,-7.91289402034192e-05,-0.00807379973913412,0.471518797296102,-0.00207250878246126,0.00344005848839957,0.000758312216575267,-0.000100504362332506,-0.00168874977122002,-3.14152721848831e-06,0.000124708248906505,-0.00120312774767404,4.801022115605e-07,0.000323479439357061,-0.000245135788717884,-4.04838818161798e-05,-4.61700008412432e-05,-5.41959515661643e-06,2.71649639277159e-05,-0.000298497779639384,-0.00577819233313401,-0.000117321650267942,7.76563495911389e-07,-0.000162759403736629,0.000152161611970087,-0.00210788600672837,4.75828920870973e-06,-0.00132929818929513,1.75890789778656e-06,-0.00322959103766966,4.97918898813969e-07,1.70430668969453e-05,3.46078636444602e-05,-1.0720848435418e-05,1.11985322307314e-05,-1.19282139160678e-05,1.71105724111345e-05,-0.0149137429810342,0.014399252436149,-0.000105224731976412,4.20688553920728e-05,-2.43938659460107e-05,4.88865052591739e-05,-0.000687568190685847,-0.000681106211456804,3.32853139802338e-06,-6.83773078377857e-05,7.08272600411861e-06,-0.000165324650491632,0.000144321995045339,0.00501831360201566,3.69098122399724e-05,-0.000134167246586111,1.09414294469603e-05,0.00131606546775965,-2.69682938895571e-07,0.000178316123047922,-0.000527951724043179,-2.23701630362905e-05,0.00542050642546255,-0.00165894355092903,-0.0674002964531866,0.0003033858188463,-0.000859523360858822,-4.06386217608608e-05,-2.33554102066929e-07,7.42089044479101e-05,-6.77833624955993e-07,0.00136414976168072,9.34562921648527e-05,-1.21358865991946e-06,-1.50858678484494e-06,-8.03198213945404e-05,-1.12990105952218e-06,0.000279676945315768,-9.33096602557328e-07,-1.76660579614799e-05,0.000109321075859035,-1.12537383318317e-05,-6.48697986102183e-05,-9.00415983037355e-06,-8.60228501469134e-06,1.25094734817534e-06,-0.00106873084466633,-1.13228659140754e-05,7.76415076162208e-06,-5.172816544799e-06,0.00128328383457707,1.72438393829622e-05,0.00108632474678179,4.19466808296762e-06,-8.75894819667216e-06,-1.55911700001037e-06,1.98240909496737e-07,0.000744461178669513,1.25981737185342e-06,2.57728753261046e-06,1.13155000168032e-07,-4.46363710388549e-06,-0.000199981991474737,-2.27591627658071e-05,9.42867911330352e-05,2.85881537508181e-05,-6.39294360927063e-06,-2.77917628346479e-08,-9.41653181721769e-07,-8.59096799175607e-07,-0.0123000234558767,-9.25388749077639e-05,-0.000347343713082419,6.73298034613577e-08,-0.000566860714005955,3.13592126251942e-05,1.13835754110092e-05,1.73941886723381e-09,1.74804677920094e-07,-3.54393487364694e-05,-2.25480267517117e-05,-3.63212137835634e-07,3.93432237656642e-05,6.93047613555933e-06,2.87670189521435e-05,2.28076816023708e-05,-6.90926846178012e-06,-9.39363827400667e-07,-0.000107165819564514,-4.93330389700636e-06,6.66583180050385e-05,3.49424968351881e-06,-0.000183104307803685,-3.74487196372138e-08,-0.000701304102198738,-4.3623880241004e-06,-9.02724737395493e-06,-0.000241921853572932,3.8630804476435e-08,-6.41414638454799e-07,1.77428991592517e-07,1.11887635634304e-07,-0.00041429651771073,-1.16091257632547e-05,-5.25058637967161e-06,5.919387624823e-06,1.28731710246162e-06,5.39008341291823e-06,-1.54865890047804e-05,-8.78877160300215e-07,-8.3148979438223e-05,-4.72469607913579e-07,-0.00123699802654797,-2.51341570697033e-05,1.38174184646132e-06,2.85880645726628e-07,8.64103818013542e-06,3.17868103842691e-06,-3.0808175599143e-06,-3.09562156884334e-08,-1.32560272986069e-05,1.04806401091669e-16,-1.19801273617069e-07,1.69631302956563e-06,-3.24232620252977e-07,-7.9197063805536e-07,-1.01967942465416e-05,1.4062788418024e-07,-1.82163742835818e-06,7.97841464780665e-07,-2.01945132460187e-05,9.47510468288583e-08,-1.86890103959179e-07,7.21094868541474e-05,-4.60957455723332e-08,5.03061837901359e-06,-7.05739543606087e-05,1.35034425414013e-08,-8.02715111818364e-10,3.49593067358844e-08,-2.6214327415111e-08,4.05214404621834e-07,0.000107608285973361,-1.76171697370576e-05,2.04416579409219e-07,-5.80521835450147e-06,3.52323614562701e-06,-1.78161680185044e-07,2.20071545481483e-06,-5.32304873007425e-06,-2.15955053470617e-10,-2.24519191437231e-06,-1.29013217673215e-08,-2.79590357681107e-07,-9.10135939322672e-10,7.78049965774902e-07,-4.32572689910732e-08,1.72029324867478e-07,-2.93598332126098e-07,6.00732804363419e-07,-5.26798676606158e-07,4.20786197591545e-08,-9.64141347520276e-06,4.39194188612789e-08,-7.48206964655554e-06,-6.73195175193856e-17,2.06739174227332e-05,2.70383556446114e-05,2.33197491033565e-11,2.26812472339391e-07,-3.6329929927516e-07,2.34086891517215e-07,6.77307816491859e-08,-9.86735674369825e-09,4.46469347700547e-07,-1.69400088238459e-05,-6.65541347923519e-06,6.11146536803539e-08,-3.35507233549019e-05,0.000114763259646724,-3.29969353290969e-06,0.000931864432605237,-1.12831353524274e-06,-1.98251768397353e-06,-3.06479212491028e-08,-0.000103951146452471,1.74624014011953e-05,-7.98586204046557e-08,2.6270159878957e-05,-3.26781628283113e-06,1.20907584999025e-05,-1.0362689006572e-05,-9.3371634137945e-05,-4.84369163372825e-06,1.56272263252484e-06,1.0739170966986e-05,-1.15761086389357e-06,5.6832037406297e-06,-1.62875569802597e-05,-6.88841014272825e-05,0.00411377483041079,3.32076361265845e-16,-2.2398573321358e-06,-1.36593884680792e-05,1.62901849072296e-06,-0.000875619328152506,-9.46384501295192e-07,-0.000244834795271389,-0.00750192608882874,9.38747744281328e-05,-0.000588423111919252,-6.48584814949431e-14,0.843459602702135,-3.07771906781173e-06,-0.000412869797181504,1.61293825287643e-05,0.000116722676438925,-5.81678416956568e-05,-0.000720746400814912,0.000164702179390836,-1.2643485682334e-05,0.000663354595140069,-1.92827249852921e-06,-0.000175053224625445,-2.26423447345638e-07,-3.13730582770244e-08,-0.000445078614177005,2.35228720275395e-06,-0.000774933010196325,2.05277303679725e-15,-1.02717247101432e-05,7.850165702887e-07,2.26180011328284e-08,1.87745904411912e-07,-0.000282948856777716,-0.00200815409083485,4.85104968775404e-06,-1.7782002589225e-05,-1.00183706886432e-05,-5.14222518443411e-16,-0.000178433841098283,-6.27697595587165e-07,-0.00268938108907162,7.49788974604786e-15,3.90781909652952e-05,4.99240907345139e-06,-7.67078481376077e-07,-0.000526182409440596,-9.9927881257582e-05,-9.13120357296919e-05,-1.70659918353606e-05,8.88192653636318e-05,3.73355978283607e-06,2.04453556890135e-07,4.64285481786924e-05,1.40570809354126e-06,-3.65067547542022e-16,-5.37515880554979e-07,1.97637132996214e-05,8.40721132842383e-06,-5.1792157289909e-05,7.8610576555352e-17,-1.01481881522932e-06,1.78809396564553e-07,-1.99167100154357e-05,-2.82185657744596e-07,-0.000101295018002689,9.69926055446123e-07,-1.25102123262557e-05,6.33663656461027e-05,1.6990596656764e-16,0.000218755889695274,-1.03328640020568e-06,2.97795864959038e-06,0.000316825422385125,-4.16136338717341e-07,-6.6694161701694e-06,-1.4102217657519e-15,2.10352467543089e-17,-5.87016758550214e-06,-5.41227702177091e-07,7.12793205974543e-08,-7.79897334553805e-05,2.42974820585583e-14,-0.00221015429133639,-5.0771913018266e-06,-1.97752700700389e-16,-1.09428268518346e-16,-8.79214680101753e-17,8.53950863865281e-05,2.3181086813832e-06,-2.50743892813385e-06,7.53754916539424e-05,1.06894165812239e-05,1.95808046657554e-06,-8.48565435508166e-07,-3.66126184672439e-16,-1.82098466732707e-07,5.07934394439938e-07,-2.80820873846298e-16,2.96128881372046e-16,-3.10800316818268e-07,-1.78439265529697e-08,-1.81417688795346e-07,4.55714421587643e-05,1.75925899856595e-07,-7.04055892378885e-06,-7.85608877426441e-16,-2.47363172214787e-06,4.54581431772083e-16,-0.000136056804904284,-5.78452352207118e-16,-1.93177879537145e-07,-1.64377481294589e-16,7.90169845336937e-07,2.07862654882358e-07,1.55100925211822e-05,1.24989162632245e-05,5.51393160272376e-07,-6.30284293406745e-08,3.9792354299149e-07,1.47724299108565e-07,7.0785263179933e-05,2.35118410831875e-06,1.36376364801975e-07,-3.81384651029064e-07,-6.91687615346409e-05,-6.76535846621252e-05,-1.79589981655423e-07,-1.10289312858582e-16,1.67083512107709e-06,-2.86237392694621e-07,1.45547499752713e-07,4.61463170322217e-16,2.69449048195971e-06,7.62473374541139e-06,2.4342815559694e-06,-5.32527596988718e-18,-5.89071778107058e-07,-3.30052040407221e-05,2.17750600478808e-16,-4.09987354561068e-07,9.01645856663079e-07,8.43734011377429e-17,1.04089181468683e-16,-3.29949621980043e-08,-1.86325518702981e-05,-1.05906535252252e-07,-0.000146534684891457,4.06721084612902e-06,1.07293150855518e-07,0.000132099621474501,9.47956236053748e-07,-2.3608789803198e-05,-2.6997887703651e-15,4.35314494015747e-09,3.17648049752168e-07,8.76073522058709e-07,0.000138707224093606,-8.17219857049036e-16,-5.89225572333862e-18,1.15725969285207e-05,-1.29116744640211e-16,-5.27849951766647e-15,1.17976042694142e-06,-1.73186574033166e-06,-3.24227229337219e-07,-3.07808958567644e-06,8.25634900868097e-06,2.15648990403895e-06,2.75369950745459e-06,-1.11706225521168e-16,0.000172933073974939,6.69909249936707e-07,3.6935621871726e-05,-2.92200232826458e-07,1.14730813872152e-06,-1.81700815218276e-16,-1.57620529579826e-16,5.4013044584189e-16,-1.04824124513621e-05,-4.76294704008509e-08,-3.08682677418673e-06,-1.58489349421302e-15,-3.63816177068433e-08,2.65275657132079e-16,1.3800188497279e-16,5.87506628501512e-06,-1.470754888379e-06,9.44868640793961e-16,-1.20995140665701e-05,-1.62879454594701e-07,9.70636165661403e-17,3.67104981651589e-07,4.01399360436373e-16,2.30813018957952e-05,-8.13161623127524e-16,2.30262297311726e-05,1.11751964572552e-06,4.0528725578176e-08,4.75729602358988e-05,0.000326077443019935,-1.28918360392945e-07,3.94177335653048e-06,1.392222169443e-17,2.31579940498291e-06,-1.30622338489398e-07,-1.74334393849146e-16,-1.71933011132867e-08,-3.4980425722537e-07,8.11532862519553e-08,1.8011857871902e-16,2.58993122919941e-07,3.42206711559755e-07,-2.87505748810206e-16,-9.48264181803084e-06,-7.19291555819232e-06,-9.79588697618214e-09,-3.1372426269651e-16,1.35409179405911e-17,1.74194110922028e-07,6.62443473399473e-05,7.62782951136154e-07,-6.86080559474812e-08,3.86679934600647e-05,2.94554449511696e-17,-4.63701898305812e-16,2.01899864708792e-05,3.57629666242341e-08,-4.17133373466132e-16,0.00033996924156618,5.34495217382674e-17,1.40560942433336e-07,-2.36905626580295e-06,-3.16897661270932e-06,-2.09984941742932e-05,-1.98950695888319e-16,1.42960251483363e-16,1.60008664406841e-16,3.20127647329943e-17,-1.61093308488352e-08,-5.58535489582563e-08,-2.41395149701314e-17,4.3855034229913e-16,1.21816794012457e-16,7.84892297157196e-08,7.04852584468468e-10,-3.87352392070735e-08,3.0533083023868e-18,1.19275113874204e-15,1.26052055078596e-16,-1.65078096367374e-06,5.0502885235527e-08,1.4145985293288e-16,8.83866976237451e-09,-2.30990399786241e-07,5.43073716283563e-17,5.68050570682169e-17,-2.80754562360789e-05,-1.62694130299751e-09,-1.38824730140518e-05,-3.26520332372166e-17,8.8375753406929e-08,1.42438185421462e-06,1.5255133191978e-06,-5.67884018809694e-06,-3.36768967533197e-07,5.47558695954991e-09,-2.13030923479551e-17,1.91581421888874e-16,-2.19176854587867e-16,1.03399974834733e-07,-9.36105661321104e-08,-3.65370552961314e-06,-2.76179758929086e-08,-2.32182688684471e-16,-1.97146517202522e-16,-6.44560382905924e-17,-2.19850858730686e-16,4.21927214307169e-16,1.31246355991345e-07,2.93766651706179e-17,8.55421623652623e-17,-2.59977350759649e-05,5.81582036363948e-17,-3.33109086238739e-06,1.14631471721617e-16,-2.43494167412504e-06,9.20193202716956e-17,-2.93977784857387e-06,-4.35229997699441e-06,-3.23936181752949e-07,1.8472695926744e-16,1.99632330198625e-05,1.18765812715513e-16,1.78180475586264e-06,-2.82361479915837e-07,1.56236544903272e-09,2.12280862345283e-16,8.5907544155998e-06,-9.95823754824572e-17,-6.1694806429547e-07,-3.14903919695846e-07,2.93644567825536e-16,-5.56175657988725e-17,-2.33336870160798e-17,7.85040375012037e-17,-4.76701153105594e-08,-2.40403256454692e-06,-3.73934833405911e-06,3.08477546487261e-17,4.73402842633342e-20,-3.23237789636963e-08,2.63641470538966e-07,-1.26591763067687e-16,-2.07049585111976e-17,-5.23770241768228e-07,-1.11791973390533e-16,-1.01405510182144e-05,-9.65938037141551e-16,9.26896784636496e-07,3.06298546017411e-17,-7.54288064153865e-16,-2.65779323196624e-17,-1.41589435584191e-17,-2.96198214890739e-17,-2.69433570645095e-17,1.77411341507244e-08,-1.24068419638896e-07,-7.93918638318288e-17,-8.22587447510411e-08,3.45408900703702e-06,1.19788792782032e-16,1.60391323960785e-17,9.22161831092974e-16,-1.11588668996586e-16,3.1664202832166e-06,5.96811834710871e-06,7.13999839210167e-17,-4.1594940969531e-18,-6.16399266503538e-07,-1.99089111748896e-07,-3.01353400009373e-09,1.38061517512811e-16,-3.35569266015178e-17,-7.21330635092967e-17,6.45391137425333e-17,-4.58532482388684e-17,1.23906000924441e-17,0.000675728096076732,-4.09179694579073e-06,-3.67221381717165e-06,5.72724109563545e-17,-8.03751673767234e-17,-9.63415340608102e-17,-7.17405927492038e-18,-1.30118407128308e-16,-2.21806956528866e-17,-1.1696247033907e-16,-1.44365176951611e-16,-5.77307449184899e-17,5.77689694594781e-17,1.89558939740875e-16,-1.17586158292295e-16,5.66362929905032e-17,-3.22843844559177e-17,1.1558444980619e-08,-6.24337250656512e-17,2.29290644677591e-16,-9.39917638910699e-17,1.63462673925128e-07,-2.02103785025074e-07,-5.87533893266493e-17,-4.2172634454639e-09,1.49160692095497e-07,-6.43028076240864e-17,3.48448632261751e-15,-2.8719922109029e-07,-4.38196066722722e-17,3.6604994088105e-09,5.63640843119127e-17,2.74833980023237e-17,6.96265012468196e-17,-1.34933040338238e-16,3.66215786505482e-07,-4.90332882907277e-07,-2.62395798964063e-16,-8.60900962691084e-17,9.67060457251092e-17,1.07820834789688e-16,1.80397688974432e-16,5.13658938388841e-17,-2.26836545010988e-17,-1.69081725658565e-17,5.83970011460138e-09,5.86277167284064e-17,4.13949774334985e-17,1.33215035932348e-18,1.07340262269683e-16,6.00621565470664e-17,1.33568114191148e-16,-1.26678124774749e-06,1.20067135798732e-17,9.01417981985897e-17,8.56592261183912e-08,8.83422905051271e-21,2.40697010338874e-16,5.13046491057677e-17,-2.87581885418689e-16,7.10857703304574e-08,-5.67324365391731e-17,-5.36024820160541e-06,6.04797418375538e-17,-2.23764181667245e-17,4.43933949916129e-17,2.7652094659254e-16,3.25486642052139e-17,-1.17990499420204e-16,8.47689278159676e-08,1.72481924629862e-16,9.30740969147986e-17,1.06890800021589e-08,-1.05652759190133e-05,-9.70415467374085e-18,1.81647072984292e-06,2.89517766517606e-05,-6.7395715773483e-18,-1.8837547729862e-16,7.93101909058403e-17,1.14476224619736e-17,-1.3183834933285e-16,-4.82856032545876e-05,4.90394660230729e-16,1.45151464920737e-16,9.65828376187513e-18,2.78653907725849e-06,-1.36931308011189e-17,1.42619172988093e-16,1.86442598889935e-16,-4.77396592554136e-17,-8.77134435267223e-06,1.0613715673502e-15,2.20490499164861e-09,6.23801203196172e-17,-6.0537728049507e-17,1.29326647614883e-17,-3.79962545951111e-17,8.44388369351971e-18,-4.39553288911549e-17,4.35048760065043e-18,-3.81397710145115e-08,2.64818766309838e-18,2.89672886941451e-16,1.60223128044515e-08,1.89175712583038e-16,-4.92532959728503e-17,-5.58944296960427e-16,-1.0025014377655e-17,-4.23131186618462e-17,1.10822841270451e-17,-1.15878279135469e-07,2.71321347995783e-17,-2.37400191808306e-16,3.44689969495895e-08,1.15838865244365e-17,-2.02083056468992e-17,-1.00478936422198e-16,-1.59722266738758e-16,1.45190566485748e-16,6.66254656836372e-17,-1.74311498043383e-17,2.79908506745301e-17,-1.07357127922201e-16,-2.82085170835849e-17,-9.87136437256446e-18,-1.80143622446916e-08,5.97092123506479e-08,5.03095709186924e-16,8.82996400684464e-17,4.01369958359471e-17,-1.07038082894231e-16,1.34070407770484e-15,2.45508339584402e-17,6.24711611487537e-17,1.64565153672365e-16,-5.67777015342509e-08,-4.50935424099483e-17,3.08928663132674e-17,-1.43947052200508e-16,8.59145043671735e-17,6.59670919738932e-09,5.58882279507129e-17,-1.04376743198206e-09,-2.97801173726719e-17,-4.43399282073358e-17,5.54304503763727e-17,4.20133899545967e-19,-1.42176504192513e-17,2.02013498482759e-17,-2.86168639742656e-17,4.01885807470919e-17,9.7633741141544e-18,-5.22060608131007e-17,-1.13597652825011e-16,-4.9833959594241e-17,3.69234526515155e-16,-6.87506337309095e-18,3.83656361243291e-17,-2.99416667133902e-17,4.54472601964721e-17,1.15686249886451e-17,7.90981542063925e-17,-8.49294774956009e-18,1.03094412889394e-15,-1.93287142446192e-17,1.87651385477085e-16,-9.72124784889428e-17,-7.47350355868115e-17,5.85117989982273e-07,-9.64004892784694e-18,4.79868883336257e-16,4.69608527953366e-17,-3.84276328195177e-17,1.02774873425062e-16,1.2311965032476e-17,1.56473295871634e-16,-6.49090137197867e-17,-1.44953497901401e-18,2.88475622358737e-19,8.91810496977952e-16,1.22773959828937e-16,5.50402348729343e-18,-2.56187693414127e-17,1.22999400368223e-16,-2.43130920999639e-16,-1.20188581234021e-17,-6.40810483391355e-07,2.72405499312295e-17,-2.9410774686444e-17,-7.31269198059978e-17,9.94745640923695e-17,1.26716767312822e-16,-1.43072697782777e-16,4.08107499420023e-17,2.03965861415738e-16,-2.61659271245609e-17,1.4615213360252e-08,1.18951996268711e-16,3.73866433502462e-17,-6.50343020686697e-17,7.18458382234306e-17,-1.13389345663693e-17,-3.05949711189078e-17,4.4000525349411e-17,-1.49051605511148e-16,7.02532932910816e-17,-4.03595952394108e-17,5.07221817226724e-17,2.45550949293281e-16,8.73613824865367e-17,1.1450676117945e-06,1.0687523209245e-16,8.45418532479308e-17,2.26489169083975e-16,-8.50692129586439e-16,-2.00634869047116e-08,-1.870025770191e-16,7.6848938448926e-17,-2.56299839677302e-16,9.06684693713084e-17,-1.35056449047741e-17,1.58611122564193e-16,2.77422883507769e-16,-1.00809307565435e-16,3.63676273280777e-17,1.76851471045515e-17,7.28014730620078e-17,1.23029871997825e-16,5.44217435337402e-17,-7.32168655322681e-17,4.5765698635325e-17,2.42762957400258e-17,-2.52294460947378e-16
"t637",0.0346296509111433,-0.00987679265469823,-0.0107798330591979,0.000620647333814362,0.00562597792808868,-0.0151118807218886,-0.00212925096271037,-4.55550812858883e-06,-0.0426698992908082,-0.0310190892499851,-0.0269111401856099,0.000232602746227019,-0.000457776809230601,-9.53042694592062e-05,-0.00235524200444322,4.17027447934849e-05,2.22921864656054e-05,-2.17216981836131e-06,-0.000659854533667553,0.000381036633958233,2.18955618492009e-06,-2.84591655358834e-05,0.0409015367170175,0.00168106353631432,-0.000159243132187869,0.00135034957938218,-0.0130479336538094,-9.5779290603603e-05,-5.63007706473674e-06,-0.000797049446586573,-0.00393585440995264,0.00681277601509421,4.5698125851415e-06,-0.00515733057294526,0.00788705967411988,0.00169680232718941,7.98959727222223e-05,-0.00033207951262997,-0.103357535204701,0.0089984889469182,-0.000627237928474717,0.163011524977221,0.000265116946437193,-0.015994186325044,0.000272681400111561,-2.66851841375992e-05,4.59381186206359e-06,-6.80507791264573e-05,0.00744536894085524,-0.0111479145493543,1.01883556183058e-05,-1.38218231359456e-05,1.83015883405073e-05,-5.50626293864686e-06,0.000427760926918661,-0.000320839052457008,8.63126820453159e-05,-8.62239297706361e-05,0.000731827104955841,-5.71588759585517e-07,-8.16704555953978e-08,-8.01811538685251e-06,1.10487105996335e-05,-9.53430630995177e-06,0.00283149002260418,-3.9089663135848e-06,4.86650125836673e-05,-0.000182873777881,4.82205503154798e-05,-0.000251921407071504,4.28185823793251e-06,-1.9598299638484e-05,7.40360669491085e-05,5.88784591744296e-05,-2.54518921025753e-05,-2.39477714500322e-05,0.00025567017142504,-4.87460797745943e-05,0.147172224295942,-0.00129389733749534,-8.82130961904434e-05,-0.00900633667484307,0.528414621207759,-0.00232584995964724,0.00388408487328883,0.000857626315634785,-0.000113860580056986,-0.00191369939746711,-3.56025067381287e-06,0.00014135581984271,-0.00136462369525774,5.47932233285568e-07,0.000369393146139253,-0.000281018479898491,-4.67250804256115e-05,-5.33426996681548e-05,-6.261852970566e-06,3.14692086620474e-05,-0.00034613318928468,-0.00672527136919974,-0.000136969252844627,9.06860337607969e-07,-0.000190126677403684,0.000180264321827356,-0.00249987410279016,5.64788789387588e-06,-0.0015801826580756,2.09174996473903e-06,-0.00384358694559128,5.93249211651159e-07,2.03135595435202e-05,4.1339437716331e-05,-1.28095190992617e-05,1.34582585183876e-05,-1.43530957586046e-05,2.06456232160071e-05,-0.0180172186079216,0.0174552197392585,-0.000127979719344845,5.12951180127276e-05,-2.97864501457988e-05,5.99917671420984e-05,-0.000846506414973512,-0.000838655427881074,4.10039121259206e-06,-8.45176010225727e-05,8.75704724336739e-06,-0.000205003873511512,0.000180477245483354,0.0062760874731363,4.61927581322694e-05,-0.000168879788420108,1.37879122246312e-05,0.00165981588254903,-3.41278254715297e-07,0.000225762013766128,-0.00067329404321602,-2.86979787626756e-05,0.00701104695363775,-0.00214622918180574,-0.0873217242743057,0.000393342159221737,-0.00111568136450649,-5.27734629565874e-05,-3.03296028288573e-07,9.66788617093884e-05,-8.88808694849085e-07,0.00180070575580603,0.000123571224827121,-1.61062510975645e-06,-2.00272916149359e-06,-0.000106780998158161,-1.50340831215358e-06,0.000372485690427146,-1.25383084098016e-06,-2.37725447674573e-05,0.000147259341800896,-1.55231862278909e-05,-9.0013699939817e-05,-1.25057081250381e-05,-1.20087091036994e-05,1.74815144403869e-06,-0.00150346925277659,-1.5941750037161e-05,1.10035450664652e-05,-7.37842784038515e-06,0.00186583189342628,2.50889685424916e-05,0.00158083074613596,6.12046958672572e-06,-1.2820546841386e-05,-2.2831318803795e-06,2.92132296267593e-07,0.00109924265504,1.86827197540935e-06,3.82613370187858e-06,1.68077493369417e-07,-6.69850239741926e-06,-0.000303372319794779,-3.45907807227697e-05,0.000143561724102428,4.37630024408388e-05,-9.80680287599652e-06,-4.27201718680356e-08,-1.45027722523961e-06,-1.3318514464046e-06,-0.0190999854665063,-0.000145784355720473,-0.000547464992184132,1.06645093223895e-07,-0.00091033151345106,5.09547905526111e-05,1.85731383589363e-05,2.85559935733861e-09,2.8831786569632e-07,-5.92839616000821e-05,-3.78365058807633e-05,-6.13547611354307e-07,6.66830624416717e-05,1.20627707851533e-05,5.01343694383639e-05,4.0215040835281e-05,-1.23260394162068e-05,-1.72530129719215e-06,-0.000196855304490007,-9.08714294400856e-06,0.000123835420262021,6.53049474222151e-06,-0.000347797914406809,-7.26184611477438e-08,-0.00138346988732226,-8.65230537569392e-06,-1.83571618908062e-05,-0.000499046682300141,7.97197095635634e-08,-1.33880357295783e-06,3.81566465201467e-07,2.42041871030964e-07,-0.000925782946038818,-2.65569896891092e-05,-1.21114610919036e-05,1.41464536458685e-05,3.10343923909859e-06,1.31208105102489e-05,-3.88637507777823e-05,-2.21953758201019e-06,-0.000210314036965808,-1.23808536089019e-06,-0.00331497195729852,-6.91180261326308e-05,3.8457835270238e-06,8.05855918686273e-07,2.46545846228163e-05,9.10091053688701e-06,-9.1155797793483e-06,-9.35653802703802e-08,-4.10324273496296e-05,-9.02639530941562e-17,-3.8427731958728e-07,5.4811943925054e-06,-1.10450405847053e-06,-2.81763658430811e-06,-3.76746475548077e-05,5.20796914710902e-07,-7.27739183958665e-06,3.23069588148007e-06,-8.22904886571515e-05,3.98198654798863e-07,-8.02545609185074e-07,0.000322607575362083,-2.10154877014194e-07,2.31173939036781e-05,-0.000339159639406505,8.08492452035003e-08,-5.28089860720799e-09,2.50975570434697e-07,-2.3611968321223e-07,3.71842736269639e-06,0.00121409673703604,-0.000228702807851201,3.39442646627211e-06,-0.000105998612864458,7.18780799330694e-05,-4.34732443556344e-06,7.60092004862128e-05,-0.000193067124389231,5.76985014169271e-08,0.000501942512221034,2.43716499931436e-06,1.99857186946985e-05,5.2769975583567e-08,-2.80998707745879e-05,1.45924864353006e-06,-1.80648528218273e-06,2.85790203648752e-06,-5.52541217306646e-06,4.29644144338068e-06,-3.14326421164935e-07,6.03486743394095e-05,-2.62332609243396e-07,4.31196947839882e-05,8.76934914466279e-18,-0.000106142816832957,-0.000136829093173812,-1.12717396717362e-10,-9.89625050680946e-07,1.46057247728109e-06,-9.06802984123236e-07,-2.57697317063045e-07,3.03456101841301e-08,-1.35575721719716e-06,5.12655351588555e-05,1.9038599409734e-05,-1.50592892200658e-07,8.06771550725162e-05,-0.000271374575057249,7.39153990029905e-06,-0.00172269550186279,1.93532954991125e-06,3.38597118889285e-06,5.22774626844548e-08,0.000149019493035673,-2.07850704092165e-05,9.29084321293454e-08,-2.95680123661089e-05,3.53488188632299e-06,-1.29216717712545e-05,1.00270369899809e-05,8.96831066827451e-05,4.58998075885276e-06,-1.46730115811799e-06,-9.78442860386859e-06,1.02040043524557e-06,-4.85968403340885e-06,1.37447098156394e-05,5.6846309652504e-05,-0.00323804445050788,-1.63020285155484e-16,1.3299116145328e-06,7.88798855031355e-06,-9.02448568024331e-07,0.000484482614648201,5.22958269013823e-07,0.000133922405238513,0.00402549607830456,-4.9236138074901e-05,0.000294636258283532,2.90929458178336e-14,-0.379570008488438,1.36668756298733e-06,0.000178167681481557,-6.93663910270371e-06,-4.67477706331512e-05,2.23918334333873e-05,0.000262232318784114,-5.76226063916024e-05,4.05953227567598e-06,-0.000196491782851957,5.41984470555375e-07,4.7751863909278e-05,6.06178671481107e-08,8.1214529975332e-09,0.000114787192030819,-5.92212475777365e-07,0.000191450861352669,-2.36519352586049e-16,2.19423394458905e-06,-1.62525974020749e-07,-4.6812692424275e-09,-3.54610784393596e-08,5.26906855562909e-05,0.000311721323635418,-7.12516382900683e-07,2.58290991012223e-06,1.39426780234625e-06,5.72162338049862e-17,2.36174428180755e-05,8.15114489121608e-08,0.00032452844396858,-9.00309718599891e-16,-4.33792086543998e-06,-5.43014608969125e-07,8.25483556371549e-08,5.53767624934439e-05,1.01232156199561e-05,8.98323743479452e-06,1.64019603786548e-06,-7.94725596293853e-06,-3.31164154673375e-07,-1.72208997424412e-08,-3.55257133740383e-06,-1.07014273081929e-07,8.85269071704722e-17,3.30997568208817e-08,-1.16843187689072e-06,-4.52084515038612e-07,2.37435310462975e-06,-1.37027365513478e-16,2.99016433812998e-08,-2.17229217670847e-09,9.37751132931482e-08,3.69964310465537e-10,-2.73947866675286e-07,9.69265457213961e-09,-2.67624756429634e-07,3.0089110495307e-06,-1.76409258517904e-16,1.49441951672778e-05,-7.23722706128638e-08,2.19183298466622e-07,2.48541173066647e-05,-3.27977108849543e-08,-5.34635011394995e-07,4.65014311779033e-16,-1.01504530784227e-16,-5.15168343744983e-07,-5.09598882458117e-08,6.76718915670043e-09,-7.83729643519345e-06,2.67606588263475e-15,-0.000247867323606476,-5.94635431548479e-07,-4.81594568297321e-17,1.20036932278598e-16,4.69988940832204e-17,1.12651282838495e-05,3.09991554757582e-07,-3.50639954191063e-07,1.09198327803994e-05,1.55481013423582e-06,2.95001137698247e-07,-1.28344966445179e-07,-1.5357801873815e-16,-2.93774416517062e-08,8.36812014550378e-08,4.00966053547978e-16,-1.73099056296559e-16,-5.51819743326391e-08,-3.22079308084269e-09,-3.34483096202223e-08,8.5182103423318e-06,3.37242690774723e-08,-1.35498719404116e-06,2.32071464778091e-16,-4.78613209645153e-07,-3.12422938633851e-16,-2.67243214988666e-05,2.30935062739412e-16,-3.8355150693655e-08,1.3677923383068e-16,1.58994108469534e-07,4.19360678441875e-08,3.2361794062724e-06,2.6258047885522e-06,1.1616600163744e-07,-1.34401120638305e-08,8.57243964806266e-08,3.25584744222529e-08,1.56041625749312e-05,5.21821518134195e-07,3.06359893838474e-08,-8.70275875161216e-08,-1.59854593654032e-05,-1.57881385810302e-05,-4.21078962299947e-08,4.90444223541274e-16,3.97361734269369e-07,-6.89785599654183e-08,3.63275303604633e-08,-1.48518417602684e-16,6.78997296200746e-07,1.94848280385284e-06,6.25703960115125e-07,2.10199817273679e-16,-1.51862618853647e-07,-8.60718365106469e-06,-1.40088405114947e-16,-1.07510687293019e-07,2.44025585507023e-07,-6.21039267901078e-17,-6.85340426565507e-17,-9.03443029245059e-09,-5.10706183395266e-06,-2.91670239897808e-08,-4.05794780326239e-05,1.1401156187571e-06,3.01073530266094e-08,3.71222438547814e-05,2.70545373226265e-07,-6.82019475154027e-06,7.12795165773439e-16,1.26320002549229e-09,9.22458964413185e-08,2.55094211316957e-07,4.05174295678391e-05,-2.08538159178988e-16,1.4520301464965e-16,3.39506179500516e-06,1.33393679198468e-16,-1.92521729784286e-15,3.55215771129491e-07,-5.23697025103109e-07,-9.80515219964652e-08,-9.39483862420872e-07,2.52307517978765e-06,6.59179347552993e-07,8.43154162158596e-07,9.42913515156164e-17,5.388521037914e-05,2.09499713878452e-07,1.1564578357989e-05,-9.20269890550565e-08,3.65148800536812e-07,-8.93601052923027e-17,2.85973099746332e-16,-7.64162687844219e-16,-3.38531860654167e-06,-1.54769970774152e-08,-1.00351723959123e-06,6.79758723883382e-16,-1.18968506266037e-08,-7.95809652431018e-17,-1.68391422294259e-16,1.96922408116154e-06,-4.93120613683293e-07,-1.6344347750219e-17,-4.08049937340892e-06,-5.51150248098319e-08,5.20826173507984e-16,1.25066544423298e-07,-3.00407184454196e-16,7.92681777714862e-06,1.83001696076167e-16,7.91355337485056e-06,3.84276483322137e-07,1.39451216950339e-08,1.63830979761007e-05,0.00011251252725443,-4.48057306587064e-08,1.38358900827968e-06,7.7248077324484e-17,8.22684616666234e-07,-4.64620481083822e-08,-3.18730030161368e-16,-6.12587226501349e-09,-1.2501219589741e-07,2.90813298552069e-08,-9.07927297440549e-17,9.36633118024405e-08,1.23978684769607e-07,2.6554151784185e-16,-3.44362779746355e-06,-2.61515234436823e-06,-3.57684659119938e-09,-1.83387534355425e-17,-6.18580063367294e-17,6.4243788037022e-08,2.45339669373497e-05,2.82742610516282e-07,-2.5887940947482e-08,1.46319898838383e-05,3.28036518456496e-18,-6.17513573761973e-16,7.65475716504311e-06,1.35623695618211e-08,-1.7764137830313e-16,0.000129346745425565,9.64567893471584e-17,5.36459342093893e-08,-9.08013249360049e-07,-1.21497189328843e-06,-8.06021976190744e-06,-2.42670505674461e-16,-1.20020504794899e-16,-3.7949493276539e-16,-3.60599078416161e-17,-6.24853982012847e-09,-2.16830241166243e-08,3.24937111043087e-16,-4.12036518778837e-16,-1.78591739650041e-16,3.05635987483227e-08,2.7482976560781e-10,-1.51570864280484e-08,4.73318063850697e-17,2.27904378854137e-16,4.3977103588496e-16,-6.5366611808442e-07,2.00058891033311e-08,3.01329706489126e-16,3.51724660487959e-09,-9.20875403418902e-08,-2.6042793871883e-16,-1.92071449383668e-16,-1.12405433909699e-05,-6.51598756395669e-10,-5.57386103308902e-06,4.12562688686822e-16,3.56300956152489e-08,5.75562854705627e-07,6.18363702232045e-07,-2.311707583045e-06,-1.37245357432487e-07,2.2362238621281e-09,-5.56366682296429e-18,-5.27526876237602e-16,3.04788645726032e-16,4.27327739369217e-08,-3.86939944275678e-08,-1.51251491193896e-06,-1.15185462327695e-08,-4.62812118736971e-17,-1.17675184248517e-16,-5.49537267645861e-16,2.6044816613514e-16,-7.22074700449262e-16,5.51608873108338e-08,-8.79216452265159e-17,1.98416144573483e-16,-1.09590407949869e-05,-1.62603992766018e-16,-1.40440469161238e-06,2.2597149844783e-16,-1.02685726315329e-06,-7.61191368083102e-17,-1.24611965326069e-06,-1.84709829555997e-06,-1.37731120713729e-07,-1.30755095669043e-16,8.5071886479973e-06,4.66491066230401e-17,7.63050145700707e-07,-1.21688939181364e-07,6.73514686789789e-10,-4.14506729444528e-16,3.71277702266925e-06,-4.19321691087859e-16,-2.67700923478934e-07,-1.36667111288467e-07,-7.85416368044323e-17,9.79754636729513e-18,2.23178874797103e-16,2.95333714821023e-17,-2.07563622171833e-08,-1.04765642438641e-06,-1.63120079303422e-06,4.88852005981326e-17,-1.80767619782716e-16,-1.41674815257162e-08,1.15578024879217e-07,6.55061737431441e-16,1.24905896308675e-16,-2.30960529809686e-07,-3.0406385033808e-16,-4.47708641364857e-06,-2.77382178149672e-16,4.1068805067684e-07,9.57802533994018e-17,-1.33737959070727e-15,6.46826042070266e-17,1.7866144090952e-16,-6.01907329582911e-17,7.16649707566063e-16,7.91705889076963e-09,-5.53712082367481e-08,2.90022868207218e-16,-3.68023141747521e-08,1.54693599177181e-06,-1.43719453264357e-16,4.42478312654504e-16,3.78568510000307e-17,7.71541836005895e-16,1.42434817855586e-06,2.687370629351e-06,-2.40116252898352e-16,1.70968633474148e-16,-2.77871532844023e-07,-8.97621756634915e-08,-1.359369986318e-09,-9.34373717183241e-16,3.79976886865492e-16,2.97903668124722e-16,-5.2102849389353e-16,1.76758587524565e-16,5.94774565592539e-17,0.000307256844625918,-1.86193666674608e-06,-1.67223493366496e-06,-5.36270227701441e-16,2.25338787847515e-16,-1.20053136579618e-16,-4.64044350441559e-16,5.05817970771714e-16,-1.15162885139198e-16,-2.66482446992068e-17,-4.57433729295419e-17,1.17302748649203e-16,2.3439633676846e-16,-5.2002628050943e-16,1.21856245401133e-17,2.84130184506402e-16,-9.32422338342378e-17,5.32792419201339e-09,8.89870319214792e-17,-3.48819210943294e-16,5.79333690950661e-16,7.54689454033833e-08,-9.3343318795756e-08,1.09012989534018e-16,-1.94822060352608e-09,6.90408975314759e-08,-8.38826101461755e-16,5.94830660567001e-16,-1.33254553023557e-07,2.80503256409697e-17,1.70338670530435e-09,-4.4672672165549e-16,-9.98480449726468e-17,-2.04855349064147e-15,9.26525244111293e-16,1.7119865087016e-07,-2.29291836545559e-07,-5.05703394410351e-17,-2.26595291763161e-16,7.51921879166855e-16,-2.90859247579139e-16,1.11363148520491e-15,9.87004038051062e-17,-6.56090881658552e-16,1.39142435144337e-15,2.77397064749361e-09,-6.57963078534772e-16,-5.02599757283313e-16,-1.05520656687504e-15,5.21100641359023e-16,-9.49303287024406e-16,5.68303116953071e-17,-6.03742188657752e-07,-1.4640834226352e-15,9.35471904176936e-16,4.08496077813536e-08,-1.28565070232723e-15,-4.70720957951297e-16,4.75252034776367e-17,-1.87372619292339e-15,3.41404818110996e-08,8.63502191009707e-16,-2.57761321517265e-06,1.41439073681339e-15,-4.15641887348696e-16,-3.51016948152446e-15,1.99622627695162e-15,9.74831813564218e-16,-4.39608068567326e-16,4.08675874151129e-08,1.37232155915246e-15,1.17492273085968e-15,5.16332759563712e-09,-5.10403143051729e-06,-6.79395396559298e-17,8.78998348446261e-07,1.40172390540145e-05,3.08548921273609e-15,1.3034565510508e-15,1.02775139353205e-15,-7.65094124324949e-16,3.32925987495726e-16,-2.35583080692017e-05,-5.06755427241443e-15,-1.12579899885848e-15,2.19868799110919e-15,1.3622074856213e-06,-1.81646608811408e-14,-4.73095892442197e-15,2.61513576908376e-14,-2.15513392125586e-14,-4.2989815547056e-06,0.707106781186548,1.08170418134356e-09,-3.10076298917631e-14,2.85806736668925e-14,2.90927694895106e-14,2.3768960257004e-15,-5.31487027221533e-15,2.57675755992228e-15,-5.78563228282871e-16,-1.87862501232644e-08,4.85912727202485e-15,-9.61134608789806e-16,7.9001467304742e-09,5.98560673133499e-15,2.18105779166771e-15,4.3741277818423e-18,-2.39092813995718e-15,-4.32762361533356e-15,5.98829168668833e-15,-5.73211889679272e-08,-2.27708362312129e-15,-2.1075391830801e-16,1.70752563086763e-08,-9.3061088085116e-16,-1.57435496576372e-15,4.87685971944755e-16,3.01313310461601e-16,-2.65443773316819e-15,1.5700069871956e-15,6.37669976694491e-16,-1.81948464187023e-15,-1.77903855007529e-15,3.69287156995399e-16,1.57485221796928e-15,-8.97120790991519e-09,2.97541313873472e-08,-3.37519525205436e-16,2.62853804457948e-16,2.0509985899591e-16,2.14091691189337e-15,1.71033570335946e-15,-6.9607418001427e-16,1.25639692604435e-15,-3.27826781807994e-16,-2.83862204089767e-08,1.77970192648281e-16,-1.07689826980158e-15,9.14771456098718e-16,4.04684344196929e-16,3.30719276496763e-09,-7.11387900731289e-16,-5.24909066041943e-10,-8.38365570089292e-16,1.04592718052417e-16,-1.70827523589029e-16,-3.52179759782504e-16,-1.09587299364246e-16,-3.36292376652201e-16,4.93931718915938e-16,-1.64767075494984e-16,-2.765285083111e-16,-1.04908285034238e-15,-9.55968273392025e-17,3.69325928392162e-16,-4.58665737158891e-16,-5.07618049502538e-16,-3.52778504016451e-16,8.22915091668366e-16,-3.9293198760433e-16,-4.34579280084718e-17,5.89181405731018e-17,2.87479278282859e-16,-6.9731140349763e-17,8.88844049631554e-17,-1.06259537856075e-15,-3.67969873972048e-16,-3.00720374349556e-16,2.9758522101432e-07,1.11766379613642e-15,-8.69273701945562e-17,2.95469220149651e-16,-7.21248105647774e-16,-7.1053045311842e-16,8.00140938807713e-17,-9.40099587749456e-16,-4.7510940666003e-16,1.51646892806414e-16,7.69797051844586e-16,-4.05837201952058e-16,-3.14796171474998e-16,-1.83522683972816e-16,5.36829251123789e-16,3.19041788559877e-16,2.40894610238694e-16,7.79992783591352e-17,-3.28344515349538e-07,-2.06852972590668e-16,3.59989231334737e-16,1.61018983908706e-16,7.20829474442035e-16,1.17292537502189e-16,5.04053204868734e-16,4.10683366974174e-16,3.51977610745135e-16,2.00960453576075e-16,7.54535402844321e-09,-4.08421201457882e-16,-3.01174443589585e-16,-1.07678041134303e-16,-1.82092928865953e-16,-6.41584299500424e-16,1.01182649494118e-16,1.22545803777007e-16,5.00143450241371e-16,2.78997776839754e-16,9.7546843899356e-16,2.50229099729761e-16,-4.92986009074749e-16,-4.07651749036495e-16,5.95572257986092e-07,8.71685001510663e-17,-1.95444404302009e-16,-7.9568804182803e-17,-5.94522261282426e-16,-1.04711349193031e-08,-2.31101434002457e-17,5.09542968759129e-18,-6.5526954752367e-17,3.18521025827984e-16,2.41983939509139e-16,4.49916668995068e-17,3.47639818784208e-16,2.02722114708434e-16,-1.43122102456736e-16,5.87686817005458e-17,-5.69021570004825e-16,2.14078082893305e-16,6.5996512642467e-18,4.71326107717367e-16,-2.05555888948016e-16,3.47864753318337e-16,5.10896244683798e-18
"t638",0.0346296509111433,-0.00987679265469823,-0.0107798330591979,0.00062064733381436,0.00562597792808868,-0.0151118807218886,-0.00212925096271037,-4.55550812858891e-06,-0.0426698992908082,-0.0310190892499851,-0.0269111401856099,0.000232602746227017,-0.000457776809230603,-9.53042694592084e-05,-0.00235524200444321,4.1702744793481e-05,2.2292186465601e-05,-2.17216981836385e-06,-0.000659854533667547,0.000381036633958234,2.18955618492538e-06,-2.84591655358753e-05,0.0409015367170174,0.00168106353631431,-0.000159243132187875,0.00135034957938217,-0.0130479336538094,-9.57792906036168e-05,-5.63007706472714e-06,-0.000797049446586586,-0.00393585440995263,0.00681277601509422,4.56981258515567e-06,-0.00515733057294527,0.00788705967411988,0.0016968023271894,7.9895972722231e-05,-0.000332079512630015,-0.103357535204701,0.00899848894691825,-0.000627237928474697,0.163011524977221,0.000265116946437195,-0.0159941863250439,0.000272681400111562,-2.66851841375874e-05,4.5938118620554e-06,-6.80507791264525e-05,0.00744536894085522,-0.0111479145493544,1.01883556183034e-05,-1.38218231359437e-05,1.83015883405269e-05,-5.50626293865746e-06,0.000427760926918653,-0.000320839052457045,8.63126820453049e-05,-8.62239297706021e-05,0.000731827104955893,-5.71588759581059e-07,-8.16704555393496e-08,-8.01811538684108e-06,1.10487105996458e-05,-9.53430630996399e-06,0.00283149002260422,-3.9089663135579e-06,4.86650125836226e-05,-0.000182873777881042,4.82205503154664e-05,-0.000251921407071507,4.28185823794285e-06,-1.95982996384482e-05,7.40360669488409e-05,5.8878459174471e-05,-2.54518921024542e-05,-2.394777145003e-05,0.000255670171425053,-4.8746079774925e-05,0.147172224295942,-0.00129389733749537,-8.82130961904137e-05,-0.00900633667484297,0.52841462120776,-0.00232584995964735,0.00388408487328885,0.000857626315634782,-0.000113860580057018,-0.00191369939746709,-3.56025067377102e-06,0.000141355819842702,-0.00136462369525774,5.47932233105184e-07,0.000369393146139272,-0.00028101847989864,-4.67250804255954e-05,-5.33426996681604e-05,-6.26185297055626e-06,3.14692086619926e-05,-0.000346133189284678,-0.00672527136919965,-0.000136969252844581,9.06860337618034e-07,-0.000190126677403591,0.00018026432182736,-0.00249987410279014,5.64788789384818e-06,-0.00158018265807568,2.09174996475858e-06,-0.00384358694559128,5.93249211644752e-07,2.03135595435193e-05,4.13394377163361e-05,-1.28095190991811e-05,1.34582585184794e-05,-1.4353095758622e-05,2.06456232160904e-05,-0.0180172186079217,0.0174552197392585,-0.000127979719344828,5.12951180127247e-05,-2.97864501457879e-05,5.999176714213e-05,-0.000846506414973516,-0.000838655427881076,4.10039121250356e-06,-8.45176010225826e-05,8.75704724326662e-06,-0.00020500387351154,0.000180477245483295,0.00627608747313623,4.61927581322682e-05,-0.00016887978842011,1.37879122245915e-05,0.00165981588254901,-3.41278254745067e-07,0.000225762013766172,-0.000673294043216007,-2.86979787627347e-05,0.00701104695363771,-0.00214622918180575,-0.0873217242743055,0.000393342159221785,-0.00111568136450647,-5.27734629565884e-05,-3.03296028058478e-07,9.66788617093765e-05,-8.88808694839753e-07,0.00180070575580598,0.000123571224827117,-1.61062510978439e-06,-2.00272916144587e-06,-0.000106780998158186,-1.50340831225878e-06,0.00037248569042715,-1.25383084098708e-06,-2.37725447674054e-05,0.00014725934180091,-1.55231862278259e-05,-9.00136999398309e-05,-1.25057081250589e-05,-1.20087091036488e-05,1.74815144403892e-06,-0.00150346925277661,-1.59417500372029e-05,1.10035450664947e-05,-7.37842784037162e-06,0.00186583189342627,2.50889685424728e-05,0.00158083074613597,6.12046958667494e-06,-1.282054684125e-05,-2.28313188046778e-06,2.92132296357522e-07,0.00109924265504,1.86827197540959e-06,3.82613370201858e-06,1.68077493353807e-07,-6.69850239761935e-06,-0.000303372319794521,-3.45907807229724e-05,0.000143561724102301,4.37630024408371e-05,-9.80680287589727e-06,-4.27201718806214e-08,-1.45027722513695e-06,-1.33185144643558e-06,-0.0190999854665062,-0.00014578435572062,-0.000547464992184077,1.06645093309384e-07,-0.000910331513450943,5.09547905524721e-05,1.85731383590403e-05,2.85559953384325e-09,2.88317865603062e-07,-5.92839615999899e-05,-3.78365058808256e-05,-6.13547611511028e-07,6.66830624417632e-05,1.20627707852179e-05,5.01343694383381e-05,4.02150408352491e-05,-1.23260394162889e-05,-1.72530129724712e-06,-0.000196855304490021,-9.08714294393104e-06,0.000123835420261972,6.53049474218015e-06,-0.000347797914406842,-7.26184612094013e-08,-0.00138346988732224,-8.65230537551639e-06,-1.83571618910086e-05,-0.000499046682300247,7.97197095183361e-08,-1.33880357283612e-06,3.81566465078325e-07,2.42041871026277e-07,-0.000925782946038836,-2.65569896890699e-05,-1.21114610919837e-05,1.4146453645957e-05,3.10343923880878e-06,1.31208105102614e-05,-3.88637507776742e-05,-2.21953758178959e-06,-0.000210314036965758,-1.23808536087602e-06,-0.00331497195729854,-6.9118026132817e-05,3.84578352699107e-06,8.05855918901704e-07,2.46545846227921e-05,9.10091053679321e-06,-9.11557977929852e-06,-9.35653802212412e-08,-4.10324273496397e-05,-3.93236696228909e-17,-3.8427731965677e-07,5.48119439248949e-06,-1.1045040586054e-06,-2.81763658427804e-06,-3.76746475548298e-05,5.20796914811781e-07,-7.27739183957938e-06,3.23069588188804e-06,-8.22904886570681e-05,3.981986547536e-07,-8.02545609006944e-07,0.000322607575362016,-2.10154877127909e-07,2.31173939036794e-05,-0.000339159639406544,8.08492450339507e-08,-5.28089865538722e-09,2.5097557018598e-07,-2.36119683139854e-07,3.71842736277365e-06,0.00121409673703597,-0.000228702807851264,3.39442646636079e-06,-0.000105998612864566,7.18780799329434e-05,-4.34732443574244e-06,7.60092004862567e-05,-0.000193067124389361,5.76985016065748e-08,0.000501942512221005,2.43716499935573e-06,1.99857186947207e-05,5.27699755828817e-08,-2.80998707746413e-05,1.4592486436641e-06,-1.80648528236199e-06,2.85790203647359e-06,-5.52541217301373e-06,4.29644144358389e-06,-3.14326420949642e-07,6.03486743393999e-05,-2.62332609240149e-07,4.3119694783866e-05,8.76803926183797e-17,-0.000106142816833061,-0.000136829093173796,-1.12717313894472e-10,-9.89625050709696e-07,1.46057247746475e-06,-9.0680298385374e-07,-2.57697316936397e-07,3.03456102612943e-08,-1.35575721672105e-06,5.12655351587916e-05,1.90385994096394e-05,-1.50592892122344e-07,8.06771550726986e-05,-0.000271374575057426,7.39153990050752e-06,-0.00172269550186322,1.93532954998937e-06,3.38597118886479e-06,5.22774626900182e-08,0.000149019493035857,-2.07850704090809e-05,9.29084321726818e-08,-2.95680123661474e-05,3.53488188627089e-06,-1.29216717711918e-05,1.00270369899833e-05,8.96831066827502e-05,4.58998075876339e-06,-1.46730115813265e-06,-9.7844286037583e-06,1.02040043528987e-06,-4.85968403356901e-06,1.37447098159589e-05,5.6846309652471e-05,-0.0032380444505077,-1.42451204281153e-16,1.32991161437127e-06,7.88798855013684e-06,-9.02448567998622e-07,0.00048448261464806,5.22958268944034e-07,0.000133922405238739,0.00402549607830442,-4.92361380746984e-05,0.000294636258283447,2.93086825892419e-14,-0.379570008488436,1.36668756377672e-06,0.000178167681481471,-6.93663910315526e-06,-4.67477706330787e-05,2.23918334333037e-05,0.000262232318784023,-5.76226063916386e-05,4.05953227557823e-06,-0.000196491782851936,5.41984470375384e-07,4.77518639091351e-05,6.06178669931982e-08,8.12145292984849e-09,0.000114787192030899,-5.92212475907761e-07,0.000191450861352444,-7.09059744481002e-16,2.19423394478143e-06,-1.62525974241506e-07,-4.68126936766979e-09,-3.54610778268911e-08,5.26906855565627e-05,0.000311721323635352,-7.12516382957216e-07,2.58290991009198e-06,1.39426780255366e-06,4.45193324872959e-16,2.36174428182523e-05,8.15114489832563e-08,0.000324528443968537,-8.26845961452869e-16,-4.33792086531056e-06,-5.43014608954763e-07,8.25483556579471e-08,5.5376762493263e-05,1.01232156200612e-05,8.983237434727e-06,1.64019603798184e-06,-7.94725596282587e-06,-3.31164154676815e-07,-1.72208998140109e-08,-3.55257133752426e-06,-1.07014273334201e-07,2.86473128154742e-16,3.30997566083673e-08,-1.16843187697911e-06,-4.52084515508382e-07,2.37435310450869e-06,7.50802474261126e-17,2.99016431694475e-08,-2.17229203099169e-09,9.37751132755352e-08,3.69964408384986e-10,-2.73947866997579e-07,9.69265442306323e-09,-2.67624756392098e-07,3.00891104959786e-06,8.85350328186802e-18,1.49441951673643e-05,-7.23722705250638e-08,2.19183298126434e-07,2.48541173065864e-05,-3.27977108924677e-08,-5.34635011461878e-07,4.61978545696073e-16,6.14848422929387e-17,-5.15168343346344e-07,-5.09598883642032e-08,6.76718924903153e-09,-7.83729643497995e-06,2.61732464040499e-15,-0.00024786732360569,-5.9463543129813e-07,1.25249652099994e-16,1.69710419024221e-17,1.22888707692236e-16,1.12651282845326e-05,3.0999155463087e-07,-3.50639954567764e-07,1.09198327803478e-05,1.55481013436767e-06,2.95001137638567e-07,-1.28344966419506e-07,-4.78324711485687e-18,-2.9377441691259e-08,8.36812017732025e-08,-2.61691287388306e-16,-1.60165665837586e-16,-5.51819744257376e-08,-3.22079329234275e-09,-3.34483100355689e-08,8.51821034219664e-06,3.37242692267175e-08,-1.35498719422854e-06,1.07279794724971e-16,-4.78613210082225e-07,-3.77376433400772e-16,-2.67243214984655e-05,3.18265853667225e-16,-3.83551510692856e-08,-3.54434703627819e-17,1.58994108732782e-07,4.1936067894072e-08,3.23617940638905e-06,2.62580478863059e-06,1.16166001615223e-07,-1.3440111674406e-08,8.57243963947187e-08,3.25584744209616e-08,1.56041625745736e-05,5.21821518333415e-07,3.06359889543332e-08,-8.70275872741496e-08,-1.59854593653355e-05,-1.57881385812379e-05,-4.2107895755286e-08,-3.76700584733936e-16,3.97361733925915e-07,-6.89785598122099e-08,3.63275304579431e-08,1.67209733490789e-17,6.78997296079064e-07,1.94848280397424e-06,6.25703960167776e-07,-2.04289333645485e-16,-1.51862619045106e-07,-8.60718365124256e-06,-7.14558517706194e-17,-1.07510687417951e-07,2.44025584704962e-07,-5.87494012825381e-18,-1.29792941682947e-17,-9.03443026298756e-09,-5.10706183418036e-06,-2.91670240026256e-08,-4.05794780331512e-05,1.14011561862123e-06,3.0107353019914e-08,3.71222438550298e-05,2.70545374527209e-07,-6.82019475145279e-06,4.01873087758908e-16,1.26319985367308e-09,9.22458968600302e-08,2.55094211305152e-07,4.05174295675654e-05,-3.84814269108547e-16,-1.47088989445034e-16,3.39506179517663e-06,4.34313625904074e-17,-1.72424726679441e-15,3.55215771144521e-07,-5.23697025085163e-07,-9.80515222391555e-08,-9.39483862497818e-07,2.52307518010781e-06,6.5917934738796e-07,8.43154162340863e-07,5.66869612924884e-17,5.38852103793674e-05,2.0949971428492e-07,1.15645783582124e-05,-9.20269893415113e-08,3.65148800690179e-07,6.23593073194718e-17,-1.82786661132626e-16,9.94196034974323e-16,-3.38531860657504e-06,-1.54769970968677e-08,-1.00351723932412e-06,5.38544708472239e-16,-1.18968503375645e-08,6.51600247837047e-17,7.42532310191474e-17,1.96922408120842e-06,-4.9312061373102e-07,2.40638672183158e-16,-4.08049937383506e-06,-5.51150247905512e-08,-5.9687784610745e-16,1.25066544077863e-07,3.9249271419328e-16,7.92681777722393e-06,6.21423759303267e-16,7.9135533747208e-06,3.84276483768487e-07,1.39451213491043e-08,1.63830979764482e-05,0.000112512527253817,-4.48057310350787e-08,1.38358900843481e-06,-1.16794069642719e-16,8.22684617150347e-07,-4.64620484886804e-08,5.06805245234908e-16,-6.12587244417812e-09,-1.25012196051911e-07,2.90813300497978e-08,-4.47384805193847e-17,9.36633115484867e-08,1.23978684869884e-07,-1.51698004776942e-17,-3.44362779727442e-06,-2.61515234456764e-06,-3.57684652033073e-09,2.40355091801923e-16,2.18986874304707e-16,6.42437880641492e-08,2.45339669374955e-05,2.82742610706052e-07,-2.58879410458299e-08,1.46319898848879e-05,-1.09073060263549e-17,1.0322069384844e-15,7.654757165117e-06,1.35623691719138e-08,6.92861633737046e-16,0.000129346745425986,-1.11332347319264e-16,5.36459342350182e-08,-9.08013249604584e-07,-1.21497189313147e-06,-8.06021976140545e-06,-1.53182802614944e-16,-5.48429410516062e-17,2.73293949428771e-16,-2.96076111835272e-17,-6.24853951967245e-09,-2.16830246575087e-08,-2.50828733819502e-16,-2.22648996013373e-16,3.3231129693115e-17,3.05635986298436e-08,2.74829552927194e-10,-1.51570864831583e-08,-3.81408831484384e-17,3.43946198562081e-17,-1.61342835792999e-16,-6.53666118001859e-07,2.00058893013983e-08,-3.69294822956934e-16,3.51724585601826e-09,-9.20875410898966e-08,1.95497394711204e-16,1.35240842892712e-16,-1.12405433910231e-05,-6.51598595346027e-10,-5.57386103354096e-06,-3.69962204318011e-16,3.56300951017784e-08,5.75562854388008e-07,6.18363702443372e-07,-2.31170758254199e-06,-1.37245357348709e-07,2.23622377759622e-09,9.16905548821681e-17,3.55120854265093e-16,-2.75034546836495e-17,4.27327750668755e-08,-3.86939943166749e-08,-1.51251491256439e-06,-1.15185464210546e-08,2.50854557891319e-16,2.96561567914169e-16,5.46454037193415e-16,-9.8772321796011e-17,3.8698289693518e-16,5.51608871628208e-08,4.19738717250748e-17,-3.04115872164639e-16,-1.09590407945645e-05,1.38035285977377e-16,-1.40440469171918e-06,-3.04729246893399e-16,-1.02685726307542e-06,-6.15897232133088e-19,-1.24611965286866e-06,-1.84709829590467e-06,-1.37731121268151e-07,8.84016540009323e-17,8.50718864775939e-06,-1.65211860591371e-16,7.63050145528999e-07,-1.2168893961405e-07,6.73514682930526e-10,2.39052351108755e-16,3.71277702201176e-06,3.60113663005076e-16,-2.67700923668739e-07,-1.36667110344112e-07,-1.15411604991283e-16,-2.63773206646687e-17,-2.02640722748542e-16,-3.0749730014824e-17,-2.07563625259901e-08,-1.04765642403773e-06,-1.63120079350851e-06,-2.4049614367211e-17,1.72633334006322e-16,-1.41674818558659e-08,1.15578024218355e-07,-5.90578466498793e-16,-1.28734439542642e-16,-2.30960530108465e-07,3.16892447525092e-16,-4.47708641431654e-06,8.91305047417447e-16,4.10688050875578e-07,-1.76148194469352e-16,-3.99109631340514e-16,-5.73988631683609e-17,-2.16579106781366e-16,6.25362439525948e-17,-5.72141414867416e-16,7.91705914752268e-09,-5.53712089246654e-08,-2.13286875027956e-16,-3.68023137457533e-08,1.54693599253543e-06,-4.29756181004151e-17,-4.91193764030204e-16,8.50642166357535e-16,-9.38412651745306e-16,1.42434817839187e-06,2.68737062912528e-06,3.46828506980274e-17,-1.05648561977796e-16,-2.77871533326363e-07,-8.97621760723056e-08,-1.35937028859826e-09,7.92371957686096e-16,-3.76241995455918e-16,-2.23224936504352e-16,4.11000151883737e-16,-6.94452266047341e-17,4.05041958421405e-17,0.000307256844626118,-1.8619366656655e-06,-1.67223493280642e-06,5.30311998408048e-16,-1.42914531738009e-16,1.79123130519879e-16,4.70398318127603e-16,-4.46188329873275e-16,-2.11487713436943e-16,1.46337478931294e-16,1.31862001943546e-16,-2.19858220140307e-16,-3.33976319915796e-16,3.94829850215829e-16,4.51580638812771e-17,-3.12478396266451e-16,1.08982925482403e-16,5.32792341984562e-09,1.27779498160273e-16,2.4662463930605e-16,-4.95827497756289e-16,7.54689449127295e-08,-9.33433202953799e-08,-3.12585958041083e-17,-1.94822098430076e-09,6.90408962568082e-08,9.13352116399821e-16,2.82537526895765e-15,-1.33254551675914e-07,-8.00420436936187e-18,1.70338552377094e-09,3.66005316691798e-16,3.98378677800823e-17,1.9978088008705e-15,-8.83041830752668e-16,1.71198652301383e-07,-2.29291835957001e-07,2.02888922864745e-16,1.65603652656452e-16,-8.07996515005142e-16,-2.04827805173246e-16,-1.13577631457792e-15,-1.45262690903424e-16,7.29445800026424e-16,-1.31857100547639e-15,2.77396968367901e-09,6.14199225600838e-16,4.70178125636488e-16,9.4585412210294e-16,-6.19878671314404e-16,8.62133158367285e-16,1.0919727662636e-16,-6.03742189399692e-07,1.45948341037819e-15,-1.06420095822009e-15,4.08496121395755e-08,1.35287140709208e-15,3.65915094443933e-16,-7.69639144533674e-17,2.41941719273907e-15,3.41404839531586e-08,-8.25909402432058e-16,-2.57761321385046e-06,-1.37284256498499e-15,3.55738937793801e-16,3.36857423811256e-15,-1.67827791505583e-15,-9.54197736875951e-16,3.1865597359624e-16,4.08675885419473e-08,-1.85080092551535e-15,-1.3107056179857e-15,5.16333925482896e-09,-5.10403143105365e-06,1.52974545642297e-16,8.78998351270994e-07,1.40172390590443e-05,-3.02906009749005e-15,-1.21297678945476e-15,-9.99220619607627e-16,7.61559150189641e-16,-2.49264487385083e-16,-2.35583080602486e-05,5.56720626383578e-15,1.05274263642527e-15,-2.13746311030566e-15,1.36220749901793e-06,1.80527834639175e-14,4.61075377333637e-15,-2.6305699708495e-14,2.15897971142487e-14,-4.2989814537313e-06,-0.707106781186549,1.08133490176854e-09,3.10207100567514e-14,-2.83753904042521e-14,-2.90950487953174e-14,-2.3633497804263e-15,5.39119536973815e-15,-2.52519185319466e-15,5.74452917682038e-16,-1.87862329517251e-08,-4.81067564558534e-15,7.08745621353764e-16,7.90015939860425e-09,-6.0667057863717e-15,-2.13684134894184e-15,4.02473854225725e-16,2.30229572654309e-15,4.35167701332339e-15,-6.00057216948507e-15,-5.7321177685313e-08,2.2776393442715e-15,3.04266046223988e-16,1.70752548271008e-08,9.32285385149621e-16,1.58643780987756e-15,-4.1429492993364e-16,-1.68591811206592e-16,2.54968375772612e-15,-1.53382514033798e-15,-6.73341931407294e-16,1.73610617429352e-15,1.90779648465668e-15,-3.37026239956156e-16,-1.418802472418e-15,-8.97120759662836e-09,2.97541239548981e-08,2.5827485505987e-16,-2.09282664094851e-16,-2.76895996247062e-16,-2.02822636989709e-15,-7.87760969737233e-16,8.51518094973525e-16,-1.23179894406968e-15,1.14440820112087e-16,-2.83862223936664e-08,-1.89960595260197e-16,1.09386230734188e-15,-8.48454228001589e-16,-4.29195189640719e-16,3.30719332620828e-09,6.5925242843781e-16,-5.24909395206339e-10,7.98881101517684e-16,-1.19284664012354e-16,3.56622789325769e-17,3.90280857371155e-16,1.05600204089297e-16,4.14686182687628e-16,-4.16696230283293e-16,1.87279374425124e-16,2.7762738069692e-16,9.9583440229603e-16,1.63530651358082e-16,-3.31712691768862e-16,1.55518454827931e-16,5.34739190968355e-16,3.03022466383645e-16,-8.20212823126196e-16,4.40394093973287e-16,-3.09376292412572e-17,-6.76210636886523e-17,-3.09583235622733e-16,2.84968988510659e-16,-7.88659829744553e-17,1.00660446762784e-15,4.15021856028743e-16,4.339922282653e-16,2.97585219672509e-07,-1.18344933304756e-15,-2.93359463835793e-16,-3.08969545659153e-16,5.19064774809181e-16,5.48867862011903e-16,-6.90319984442842e-17,7.9224009313502e-16,5.33961637912212e-16,-1.66358365878675e-16,-7.67363616769356e-16,2.14682194547497e-16,2.19559857415175e-16,1.90267733836131e-16,-5.42308732771758e-16,-5.60390222223858e-16,-9.22512206685146e-17,-8.83081369154235e-17,-3.28344515491713e-07,1.71625060237744e-16,-3.86951216940889e-16,-1.59741625199054e-16,-8.27693327252543e-16,-1.37956104517258e-16,-3.8545957679387e-16,-3.77921206259126e-16,-1.65915554714315e-16,-1.92132009271133e-16,7.54535425711702e-09,7.1416172793361e-16,2.73291349571422e-16,1.50882021566228e-16,1.69969148396056e-16,6.30117978441791e-16,-1.43343258028072e-16,-2.02101418667792e-16,-3.70217872284099e-16,-3.18309817030296e-16,-8.52715969924747e-16,-3.33892129879848e-16,3.32392910556948e-16,3.59424604247504e-16,5.95572258489624e-07,-1.67152225647394e-16,7.68245716962192e-17,-2.37383955447149e-16,-3.82858892158944e-17,-1.04711350492007e-08,-1.02974260866458e-16,-1.03538364618871e-17,3.3803666252142e-16,-3.55751866730379e-16,-1.97157630586065e-16,-1.05922694290396e-16,-2.79704468542844e-16,-1.30447559352827e-16,6.14813731844236e-17,-7.2219429269891e-17,5.69131902933892e-16,-6.00223695720671e-17,-1.21149509652037e-16,-5.51155354987578e-16,1.66681840475897e-16,-2.49307110927379e-16,-3.02297157452464e-16
"t887",0.0349392234940527,-0.0100661403975844,-0.0109934083413906,0.000637323977452479,0.0058130315388658,-0.0157073309702224,-0.00221491216825004,-4.75446405208729e-06,-0.04490151928126,-0.0330249472042068,-0.0291875822370645,0.000257700329736433,-0.000508894566006216,-0.000106139265644192,-0.00263709781566661,4.70533907440674e-05,2.52363087648216e-05,-2.46546255909646e-06,-0.000751509494234631,0.000439757657179226,2.56268104783208e-06,-3.46945445758379e-05,0.0505718703856343,0.00208172772840214,-0.000197408769025559,0.00169629813643362,-0.0164481813478254,-0.000121066092146401,-7.17542155402887e-06,-0.00107988489472537,-0.00548907997810746,0.00971465083699503,6.77537312123245e-06,-0.00787316346303259,0.0124679128025318,0.00285511929683627,0.000135978658192771,-0.000573603706418786,-0.179702764558421,0.015876592712367,-0.00114019814354794,0.304469684040821,0.000504030377036027,-0.030452996519145,0.000530624950660607,-5.67244779433395e-05,1.00610517448886e-05,-0.000151228127511531,0.017268444549888,-0.0271761381885882,2.67175854252012e-05,-3.76118096556898e-05,5.00812990008407e-05,-1.58327950636859e-05,0.00137113299777588,-0.00104706777165168,0.000432805711745554,-0.000514092358039363,0.00446601943738457,-7.08753542176967e-06,-6.58189419630971e-06,0.000344881981788493,-0.000207983960770587,0.000156849556751925,-0.0236977025699341,2.23139509946131e-05,-0.000157423303625876,0.000487769915386593,-0.000118575907151476,0.000540444096005332,-5.11740518479924e-06,1.625898402755e-05,-5.82445018002275e-05,-4.15768970728153e-05,1.77331965085397e-05,1.59332162645884e-05,-0.000167022195731154,2.91195110657174e-05,-0.0718651177159622,0.000582099706300551,3.44354977900042e-05,0.00340774882643599,-0.157980647118421,0.000645497047522941,-0.000761653193774251,-0.000151257050946048,1.79150548789036e-05,0.000295364128491068,5.46719928593737e-07,-2.14308670173767e-05,0.000197441049860747,-4.63592738848319e-08,-2.93759198635082e-05,1.31753781107008e-05,-1.77656990202977e-07,-5.83351277083086e-07,-7.05472932666435e-08,9.08281854544978e-07,-1.21929314818618e-05,-0.000393515992485966,-1.05086387795926e-05,7.10190095857088e-08,-1.52288610323245e-05,2.81352415266437e-05,-0.000403876739445406,9.36539275973998e-07,-0.000273986699068799,3.67102591345846e-07,-0.000688920240739734,1.09691217555498e-07,3.79342763479522e-06,8.1733638215929e-06,-2.54941901269662e-06,3.07084601745817e-06,-3.3656842411049e-06,5.13064827864373e-06,-0.00459251157895589,0.00476212103081855,-3.72051899764761e-05,1.56318441070573e-05,-9.3216636772762e-06,2.05703237705919e-05,-0.000308016642776243,-0.000305858822197898,1.50834388901309e-06,-3.30836331692077e-05,3.4458476884154e-06,-8.5217803093353e-05,8.87194956451743e-05,0.00309137153524515,2.30880266618506e-05,-9.59921592818553e-05,8.05301937276454e-06,0.000989182572182707,-2.219570463682e-07,0.000148719972589417,-0.000553849318389952,-2.98124460598362e-05,0.0117792107552257,-0.00367283204692499,-0.168594902673442,0.000813296867540288,-0.00260791180229981,-0.000129902615517609,-7.47099759206959e-07,0.000390325571719024,9.79683689208667e-06,-0.00379895318915051,-0.000214159327049643,1.97288270721257e-06,2.39500667632423e-06,0.000114451325752478,1.51659829530595e-06,-0.000351748344855827,7.14691938260269e-07,1.26438168026245e-05,-7.46694842959149e-05,3.07233457908181e-06,1.42900335363294e-05,1.91798270997425e-06,1.51428953481352e-06,-2.11480130064272e-07,0.000138167543727309,1.41373573097285e-06,-7.14379247685907e-07,3.31809220916904e-07,1.49224564636313e-06,5.4197353059805e-08,3.96352937786725e-06,4.66655153361754e-08,-1.71288444975048e-07,-3.23411757072462e-08,7.21903241430141e-09,3.06007642702863e-05,6.41165590168814e-08,1.37193021118501e-07,6.15786208200361e-09,-3.35875329638441e-07,-1.89626904776566e-05,-2.2308910289004e-06,9.52573533510444e-06,3.13576656463838e-06,-7.21990031869701e-07,-3.22580896422634e-09,-1.12046096628929e-07,-1.10409504785373e-07,-0.00160910890186905,-1.38658778816092e-05,-5.22554186587015e-05,1.05354277500606e-08,-9.77190477406678e-05,5.79905920142357e-06,2.15296496494075e-06,3.3968167998724e-10,3.49259614276866e-08,-7.5444391209861e-06,-4.86262154549318e-06,-8.04367073171221e-08,8.82594980797166e-06,1.70391666203698e-06,7.10109877980431e-06,5.83152302152216e-06,-1.8257884997582e-06,-2.67238555855318e-07,-3.0497392649536e-05,-1.41305532769206e-06,1.94696173076166e-05,1.03428573985885e-06,-5.6099588335309e-05,-1.19557207658718e-08,-0.00023119957461466,-1.45225344551972e-06,-3.1381029398082e-06,-8.61053290504123e-05,1.3758061839355e-08,-2.32628875156189e-07,6.73559440698978e-08,4.28465209150015e-08,-0.000166168979599176,-4.80764577180082e-06,-2.19864424520855e-06,2.5951892395183e-06,5.70636992986846e-07,2.41840813215472e-06,-7.21249821339111e-06,-4.12441159178835e-07,-3.90933235344591e-05,-2.31611675566561e-07,-0.000622290368747154,-1.30203904587604e-05,7.25530465840321e-07,1.52249636517535e-07,4.66396399506928e-06,1.7222468538084e-06,-1.73023032076973e-06,-1.77892280567786e-08,-7.81399938061305e-06,1.05935520434211e-17,-7.33268082303396e-08,1.04628116971657e-06,-2.11273066268219e-07,-5.39588134890175e-07,-7.21963927865975e-06,9.98041404147562e-08,-1.39538551567981e-06,6.19468157417919e-07,-1.57786998482961e-05,7.6345888209006e-08,-1.53852371735536e-07,6.18242905153982e-05,-4.02656430460894e-08,4.42887141846912e-06,-6.49370194736028e-05,1.54133433642472e-08,-1.00457324423098e-09,4.76435196934881e-08,-4.45856424327284e-08,7.01842321009512e-07,0.000228145965150537,-4.2860062631254e-05,6.33490178295528e-07,-1.97543352033115e-05,1.33752415708176e-05,-8.07212178709854e-07,1.40663052514478e-05,-3.57151076735247e-05,1.05747938553519e-08,9.19736145817605e-05,4.46461234562697e-07,3.65119120372272e-06,9.63056665362692e-09,-5.11098699891473e-06,2.6524780173586e-07,-3.20908524481037e-07,5.062638148504e-07,-9.7658924854234e-07,7.55340139266125e-07,-5.50179078674017e-08,1.04539082959794e-05,-4.53000039217274e-08,7.42718872576286e-06,-7.3239260521657e-17,-1.81196329980167e-05,-2.33298104000418e-05,-1.91421782685673e-11,-1.66424700605759e-07,2.4347705395379e-07,-1.50516637959307e-07,-4.26821739113837e-08,4.87944954061844e-09,-2.17557271253344e-07,8.22199990164609e-06,3.02457245845007e-06,-2.32438375662901e-08,1.23867082966872e-05,-4.15100413097781e-05,1.11642388688231e-06,-0.000246716544435967,2.7034710804727e-07,4.72276380809591e-07,7.28840162978379e-09,1.93740495576845e-05,-2.45012184697092e-06,1.07984201088948e-08,-3.36375289034376e-06,3.91313530500105e-07,-1.41807359161436e-06,1.01717079022812e-06,9.03957140634173e-06,4.57149078352863e-07,-1.44928034627097e-07,-9.39523325221634e-07,9.48081338235157e-08,-4.37227358762037e-07,1.21868250070721e-06,4.91287100821892e-06,-0.000263975731841894,-6.15231532174825e-17,6.35259306657021e-08,3.47025590081487e-07,-3.44716441283546e-08,1.8421757096765e-05,1.97883718754277e-08,4.87310555084095e-06,0.000135332110859808,-1.49048828890044e-06,6.86278835894048e-06,4.4387522476154e-16,-0.00238666362278696,5.56632334503118e-09,-1.34050480502763e-07,9.26256963345106e-09,6.44763457902184e-07,-4.69777932760087e-07,-8.2712762344701e-06,2.25286795037758e-06,-2.28535403635847e-07,1.43913495881067e-05,-4.58937384688519e-08,-4.36192601774607e-06,-5.79354181760809e-09,-8.38632251938529e-10,-1.19518902976611e-05,6.49789836395567e-08,-2.18543291302091e-05,-2.94566116491519e-16,-3.28247452497337e-07,2.56011896277236e-08,7.37765950608637e-10,6.43017118304767e-09,-9.75205129328713e-06,-7.32207823279134e-05,1.78542707514909e-07,-6.55454633463023e-07,-3.71022469645574e-07,-2.53227682846478e-16,-6.63059840434142e-06,-2.33420386891806e-08,-0.000100013277443544,1.60200737622502e-16,1.44625118149854e-06,1.84413075582438e-07,-2.83035352659482e-08,-1.93655930046236e-05,-3.65911382464471e-06,-3.32861954414298e-06,-6.19664264783312e-07,3.18036234889101e-06,1.33435892190434e-07,7.22008284632283e-09,1.59809460319778e-06,4.83138907833737e-08,5.37048052716101e-17,-1.72135119518718e-08,6.23209046412311e-07,2.55221955525181e-07,-1.46652589846362e-06,9.08248915982905e-17,-2.30660214344191e-08,2.52795860237125e-09,-1.85175048141162e-07,-1.9189720307352e-09,-3.63164177034567e-07,-2.99335739436981e-09,2.0294676203033e-07,-4.26586713410869e-06,-1.57799426448825e-15,-3.43711784859437e-05,1.74389632404166e-07,-5.84322317003515e-07,-7.7038515907262e-05,1.02905334985997e-07,1.75578450277488e-06,-4.43991631654539e-15,1.17950321761388e-15,2.2716661438411e-06,3.10193961816109e-07,-4.31578490349811e-08,7.48476712768185e-05,-1.30369701192159e-13,0.549775089288389,-1.41303438285573e-05,1.39224286301765e-14,8.87297787960721e-16,2.69989793419199e-15,6.92297804295948e-05,1.75248433041207e-06,-1.56594408490924e-06,4.1732816223855e-05,5.84598853975078e-06,9.7032630417355e-07,-4.16313258468024e-07,-5.50738206408661e-16,-7.74332799383769e-08,2.07730083491023e-07,-2.42904016580315e-16,-8.66575538794873e-16,-1.13160759360327e-07,-6.35817826342238e-09,-6.29845973622078e-08,1.55737507284139e-05,5.85154415075647e-08,-2.33238556128318e-06,-2.03616564623144e-15,-8.15082793972658e-07,-1.73400611269948e-16,-4.41843641359732e-05,1.95826563515258e-15,-6.21134434196134e-08,-1.80519992334672e-16,2.51087478494005e-07,6.59010621160017e-08,4.78595176163906e-06,3.83711291358462e-06,1.68924278694283e-07,-1.91433202882497e-08,1.20015837590242e-07,4.39046920929003e-08,2.10353228578153e-05,6.9583710703436e-07,4.00756409060172e-08,-1.11105264507816e-07,-2.00166916650003e-05,-1.94833233420187e-05,-5.16018732054987e-08,-8.29158408569013e-16,4.76920818554073e-07,-8.12320177411934e-08,4.07407537679723e-08,-5.39921605472123e-17,7.5169118838082e-07,2.11727503141837e-06,6.74732109825717e-07,-2.08046598396831e-16,-1.63130669207087e-07,-9.10922300589964e-06,-6.24289558105202e-16,-1.12978844045712e-07,2.4651014844719e-07,5.529471378936e-16,-6.56996922437626e-16,-8.99818982057778e-09,-5.08028300080581e-06,-2.88483134379936e-08,-3.98724562930819e-05,1.10426497181378e-06,2.91254002800519e-08,3.58504426215236e-05,2.56641657955843e-07,-6.38102575958482e-06,1.17073167024521e-15,1.17591592349861e-09,8.57983751524157e-08,2.3655678152155e-07,3.7439924877398e-05,1.13800759299767e-16,-6.26215721015427e-18,3.12220271589783e-06,-1.12944120965846e-16,-1.3421781773124e-15,3.17557345768117e-07,-4.66031493455609e-07,-8.72464953773328e-08,-8.27835039951201e-07,2.22035723245414e-06,5.79931144026575e-07,7.40472787790583e-07,1.20065918427468e-16,4.6471880430057e-05,1.80008091444003e-07,9.92455984374853e-06,-7.85068973727681e-08,3.08238678079562e-07,4.75080314201846e-16,4.19577415662037e-17,-2.53426076289179e-16,-2.81672085845718e-06,-1.28004744266487e-08,-8.29599627973891e-07,-8.8092599682222e-16,-9.77966152840445e-09,2.08154393985259e-16,2.4824215684774e-17,1.58134987606007e-06,-3.95880926751577e-07,-1.20570057843966e-16,-3.25820554302187e-06,-4.38725426053325e-08,-5.10437180934008e-16,9.89396836149043e-08,3.60832488965599e-16,6.22550384231581e-06,-2.44456556637447e-16,6.21109980929367e-06,3.01457011288447e-07,1.09335470657486e-08,1.283504751656e-05,8.79928680383757e-05,-3.48171228649343e-08,1.06585860614323e-06,-2.97246607172308e-17,6.27233279802354e-07,-3.53855764945764e-08,-1.88254981678308e-16,-4.65882764481226e-09,-9.4829473332694e-08,2.20094394996827e-08,-2.07893680501965e-16,7.03469640425698e-08,9.29778854351813e-08,3.31033626719874e-17,-2.57751303953402e-06,-1.95553856282217e-06,-2.6652894789358e-09,-3.63829526204993e-18,8.8198657257898e-17,4.74864452805805e-08,1.80740340283552e-05,2.0815370465823e-07,-1.87963890578693e-08,1.06009493733211e-05,2.40584583677521e-16,4.96210850499991e-16,5.53776141620887e-06,9.80974890429208e-09,-1.33948565350381e-16,9.33285934338491e-05,-1.16204772686705e-17,3.86174814096772e-08,-6.51591217369939e-07,-8.71672611451798e-07,-5.77774887299806e-06,-9.62796277255123e-17,7.6514576989327e-18,3.65041140330648e-16,1.42154273313941e-16,-4.44537535891991e-09,-1.5416581551351e-08,2.31633232271985e-16,-4.81970043014857e-17,1.30832949690653e-16,2.16838167800943e-08,1.94801851194699e-10,-1.07169163747796e-08,-3.95251915102658e-17,2.99781053659295e-16,-3.05711131323022e-16,-4.58467894923474e-07,1.40279622253182e-08,4.14437486161734e-17,2.45890809473308e-09,-6.43024538993179e-08,-1.33298301125511e-16,-3.33809078304054e-17,-7.82759927950041e-06,-4.53657375397926e-10,-3.87458075492856e-06,-3.12637354590092e-16,2.47045598776673e-08,3.98525975996375e-07,4.2736068059132e-07,-1.5937017973689e-06,-9.45561783172071e-08,1.5388192334239e-09,-1.6494028715152e-16,-9.05949714673234e-17,2.83005342927094e-16,2.92203439525247e-08,-2.64562724228472e-08,-1.03338757634827e-06,-7.84231159351539e-09,-4.46199035211853e-17,-2.25631606367297e-16,2.74008754077648e-17,2.52564777043178e-16,-2.92915826162407e-16,3.74371098818856e-08,1.882038979182e-16,-4.32112248727071e-17,-7.42972148657407e-06,4.59661074896933e-16,-9.52068715900611e-07,1.05277083389159e-17,-6.96058954170793e-07,8.19022848539143e-17,-8.4332047527231e-07,-1.24961682773972e-06,-9.31350026890658e-08,-8.85723444655976e-18,5.74967903693273e-06,-3.64621864400209e-17,5.1528965732897e-07,-8.21489221759787e-08,4.54675047075092e-10,1.44929760195395e-16,2.50684233428862e-06,-2.52646636259993e-16,-1.80874918107505e-07,-9.23450666999725e-08,-2.37024952849756e-16,-1.05950606791177e-17,1.50616129522382e-16,2.98697214117982e-17,-1.4039827378403e-08,-7.08903279820131e-07,-1.10428035644707e-06,-1.2889889611765e-16,-1.10686139543922e-16,-9.62050586839031e-09,7.84974436017673e-08,1.6616076207051e-16,-9.84881733785138e-18,-1.57883154226138e-07,1.52656264696816e-17,-3.06629238937853e-06,-9.59436493570949e-16,2.83203983058201e-07,-3.99273607629252e-17,-9.52661325558056e-16,1.11919094046328e-16,-1.99965330793812e-16,-3.74044673375402e-18,1.37429261817273e-16,5.59049575865486e-09,-3.91167666928782e-08,7.07281206074886e-17,-2.63596977085056e-08,1.11591707294786e-06,-3.05402357108415e-16,-3.77097112637517e-16,7.40575434027269e-16,-3.28217187308997e-18,1.07571873927481e-06,2.06301000513721e-06,-1.82774835844378e-16,-1.31560393970007e-16,-2.18140556226929e-07,-7.07010036447783e-08,-1.08364322237909e-09,-6.79704611518175e-16,2.86468647145408e-17,-6.06512165736702e-17,-8.4379135186299e-16,5.1923113238116e-15,9.75632647384809e-16,0.033999932890391,2.23496568559359e-06,4.73492267263832e-07,-1.70896454802698e-16,9.12364087899924e-16,5.46610774491892e-16,-4.7694643368709e-16,-2.77150930981525e-17,4.28256000196729e-16,-1.10918887169736e-16,-1.22523599117517e-17,6.05574550084469e-17,-8.97876337649983e-17,4.37547942906605e-17,9.70541116707909e-17,4.58113077749298e-17,1.0543330306814e-17,2.79645074600029e-09,-4.2977817737961e-16,-2.25059460143167e-16,1.02577733807972e-17,4.03338377569172e-08,-5.00650170045555e-08,-2.45598794321169e-16,-1.04715031727786e-09,3.76926195367058e-08,3.47291559914319e-17,1.18067451469515e-15,-7.38191127637151e-08,1.73081112777519e-16,9.55989498977253e-10,9.67652428575171e-17,7.74701985104564e-17,1.55740226074924e-16,1.23077037147926e-16,9.74184133778416e-08,-1.30570820039068e-07,-1.96415288178774e-16,-2.78653998233653e-16,7.36529759824209e-17,-5.32161436548258e-16,7.65389135534353e-16,1.9827736305853e-16,7.73715477709309e-17,5.65857526785836e-16,1.61107424151135e-09,-1.83354665459018e-16,7.77458232455473e-17,-2.51207945040719e-16,2.41125133374434e-16,1.83432790088734e-16,-4.40537167097259e-16,-3.51225377712734e-07,6.96247835066536e-17,-8.51243541521524e-17,2.37700936826942e-08,3.35355939186418e-16,4.74437139079489e-16,6.41104148827007e-17,-1.59131487455062e-16,1.99045931102358e-08,-7.75431516983226e-17,-1.50308200674908e-06,8.89226855905101e-17,1.3259080647956e-16,-6.03654196724482e-16,-5.38892101922079e-16,3.15485954637397e-17,-6.56729892954881e-16,2.38373707400341e-08,2.47361489159595e-16,-3.05975494874529e-16,3.01200613998929e-09,-2.97742140320432e-06,3.86577218508382e-18,5.12776245267026e-07,8.177148560294e-06,7.24240091269416e-17,1.67490534616786e-16,-1.18507548564529e-16,6.41795470869012e-17,4.83619316636619e-16,-1.37362999117912e-05,-2.59441834528633e-16,4.16506456328781e-17,-2.24511460742356e-16,7.94075457833603e-07,4.74381032124325e-18,3.23738146000463e-16,1.00588869988632e-16,-2.99853532613184e-16,-2.50504913726805e-06,-1.60785280280165e-16,6.30126937664692e-10,1.19727688676603e-16,-1.05367396006999e-17,-3.59116439656603e-17,-6.36528006250718e-17,-2.54967655287236e-16,-3.60610738337384e-16,-3.15442887448632e-17,-1.09368563920722e-08,1.01618893918615e-16,-9.1478105291065e-17,4.5982723832177e-09,-1.04130154484823e-15,-2.3724370301234e-16,-3.92594096263863e-16,-8.25476751264802e-17,-1.12261828355049e-16,3.0414670866711e-16,-3.33396880731751e-08,8.55575500180682e-18,1.49929736391521e-16,9.9280668036546e-09,-2.50540212124228e-17,-2.07494786035583e-16,5.93915083058797e-17,3.70692441647252e-16,4.67793564156086e-16,3.01892404490824e-17,-1.73669359198982e-16,1.46266315295556e-17,-1.44909714750928e-16,-1.82825448233443e-16,-1.82266771525538e-16,-5.20905840217069e-09,1.72735314844601e-08,-2.99215683365174e-16,-1.67998585270864e-16,-5.08506882687349e-16,2.02728030361648e-16,7.45209422598966e-16,-5.64387145440117e-17,8.1592374789392e-17,-4.02047528941123e-16,-1.64642538627226e-08,-4.66062794203963e-17,4.66463512656942e-17,4.28148882711296e-16,-1.62223947837234e-16,1.91664645243828e-09,-1.83757392273141e-16,-3.03920255026161e-10,4.339346022865e-16,2.64607244787084e-16,2.01238301019745e-16,7.51975781745657e-17,-1.79726560313246e-16,5.16115017656527e-16,1.63777911819287e-16,4.39549027963104e-18,-5.13684541770214e-16,-1.27455971068182e-16,1.02750788542705e-15,-8.22109842033118e-17,-1.0019979269961e-16,-1.15922420750507e-16,9.9172717597765e-17,-1.47928799717334e-15,5.88448008342156e-17,7.22784557345225e-17,2.82133978966872e-16,5.14623184581307e-16,-1.21471639713024e-15,4.40973303103008e-16,7.24107685723653e-17,-3.20839941395536e-16,3.00703569338125e-16,1.71673363841569e-07,-1.36835246650578e-15,-9.67887519594336e-16,-4.24208112626945e-16,-1.28872247771714e-16,-6.9420012970862e-16,-2.84840348974869e-16,1.15257931509891e-15,3.87878262314393e-17,7.65422415245958e-16,1.93262361317885e-17,2.66504686700052e-15,-4.86018628750384e-16,7.74772033191051e-16,3.89961709700024e-17,-6.80631643811243e-16,-1.1410595630641e-15,-2.1066748423724e-15,-1.88934627557741e-07,-2.46557701483348e-16,-2.81546047939346e-15,3.13155258026388e-16,-2.27329819411501e-15,-1.58567631456737e-15,-2.93377750767594e-15,-4.87651252953173e-14,0.707106781186549,1.52186846350485e-14,4.33014487737248e-09,7.39260780890097e-15,-7.38310716629665e-15,6.09472763197617e-15,-3.28204901917132e-15,-5.90536651250981e-15,-3.13291342307011e-15,-8.40297434849821e-16,-5.4411971059622e-16,2.79281949819456e-16,-5.30607698195723e-16,-1.46539894595538e-15,-9.91814716187891e-16,-2.52532392982427e-16,3.40871807493884e-07,-3.04269959156484e-17,3.00837361815709e-16,5.53950897951606e-16,-1.6461577110119e-16,-5.98561665765657e-09,2.20597295598422e-16,2.47143201239398e-16,-2.66754064819885e-16,-2.05565039195031e-16,6.68055593833877e-16,7.79313041845372e-16,6.00469120345059e-16,2.72842502778335e-16,1.84843609891629e-16,-4.30255396209488e-18,-4.65270902349632e-16,-5.80945671225973e-16,1.29669849631095e-17,2.25644978040492e-16,1.90963796523797e-16,-3.5898209855776e-16,-1.96801474779598e-16
"t888",0.0349392234940526,-0.0100661403975844,-0.0109934083413906,0.000637323977452477,0.00581303153886581,-0.0157073309702223,-0.00221491216825004,-4.75446405208691e-06,-0.0449015192812599,-0.0330249472042068,-0.0291875822370645,0.000257700329736428,-0.000508894566006217,-0.000106139265644191,-0.0026370978156666,4.70533907440652e-05,2.52363087648221e-05,-2.46546255909178e-06,-0.000751509494234619,0.000439757657179224,2.56268104783795e-06,-3.46945445758312e-05,0.0505718703856343,0.00208172772840214,-0.000197408769025548,0.00169629813643362,-0.0164481813478254,-0.000121066092146406,-7.17542155401894e-06,-0.00107988489472538,-0.00548907997810743,0.00971465083699501,6.77537312123228e-06,-0.0078731634630326,0.0124679128025318,0.00285511929683637,0.000135978658192767,-0.000573603706418802,-0.179702764558421,0.0158765927123671,-0.00114019814354792,0.304469684040821,0.000504030377035994,-0.030452996519145,0.000530624950660605,-5.67244779432154e-05,1.0061051744859e-05,-0.00015122812751152,0.017268444549888,-0.0271761381885881,2.6717585425251e-05,-3.76118096556682e-05,5.00812990008343e-05,-1.58327950636945e-05,0.0013711329977759,-0.00104706777165191,0.000432805711745525,-0.000514092358039281,0.00446601943738466,-7.08753542176718e-06,-6.58189419631366e-06,0.000344881981788479,-0.000207983960770439,0.000156849556751928,-0.0236977025699341,2.23139509947261e-05,-0.00015742330362587,0.000487769915386478,-0.00011857590715138,0.000540444096005458,-5.11740518497939e-06,1.62589840274989e-05,-5.82445018001061e-05,-4.15768970727534e-05,1.77331965085883e-05,1.59332162646016e-05,-0.000167022195731178,2.91195110656466e-05,-0.0718651177159621,0.000582099706300547,3.44354977899327e-05,0.00340774882643621,-0.15798064711842,0.000645497047522802,-0.000761653193774243,-0.000151257050946091,1.79150548789446e-05,0.000295364128491067,5.4671992857434e-07,-2.14308670173706e-05,0.000197441049860752,-4.63592739190655e-08,-2.93759198635067e-05,1.31753781102672e-05,-1.77656990161615e-07,-5.8335127706969e-07,-7.05472932720954e-08,9.08281854244277e-07,-1.21929314817913e-05,-0.000393515992485823,-1.05086387795265e-05,7.1019009565574e-08,-1.52288610322202e-05,2.81352415266416e-05,-0.000403876739445371,9.36539275945224e-07,-0.000273986699068818,3.67102591335477e-07,-0.000688920240739737,1.09691217569003e-07,3.79342763481429e-06,8.1733638215886e-06,-2.54941901267691e-06,3.07084601739953e-06,-3.36568424110657e-06,5.13064827865937e-06,-0.00459251157895591,0.00476212103081854,-3.72051899765016e-05,1.56318441070786e-05,-9.32166367736077e-06,2.05703237705998e-05,-0.000308016642776238,-0.000305858822197885,1.5083438887306e-06,-3.30836331691934e-05,3.44584768848189e-06,-8.52178030933562e-05,8.87194956451812e-05,0.00309137153524531,2.30880266618427e-05,-9.5992159281789e-05,8.0530193727006e-06,0.000989182572182651,-2.21957046431534e-07,0.000148719972589419,-0.000553849318389953,-2.98124460598288e-05,0.0117792107552258,-0.00367283204692498,-0.168594902673442,0.000813296867540091,-0.00260791180229984,-0.000129902615517637,-7.47099758967622e-07,0.000390325571719122,9.79683689206548e-06,-0.00379895318915057,-0.000214159327049651,1.97288270714701e-06,2.39500667635743e-06,0.000114451325752521,1.51659829530998e-06,-0.000351748344855832,7.14691938288939e-07,1.26438168025115e-05,-7.46694842959493e-05,3.07233457919671e-06,1.42900335363601e-05,1.91798270988032e-06,1.51428953479747e-06,-2.11480130261438e-07,0.000138167543727313,1.4137357309885e-06,-7.14379247674569e-07,3.31809220971125e-07,1.49224564633592e-06,5.41973531219639e-08,3.96352937793597e-06,4.66655153510834e-08,-1.71288444922876e-07,-3.23411756636546e-08,7.2190323129321e-09,3.06007642700405e-05,6.41165590181674e-08,1.37193021186354e-07,6.15786217738738e-09,-3.35875329790983e-07,-1.89626904777747e-05,-2.23089102946189e-06,9.52573533523769e-06,3.13576656461667e-06,-7.21990031977306e-07,-3.22580893754411e-09,-1.1204609666991e-07,-1.10409504719116e-07,-0.00160910890186902,-1.38658778819026e-05,-5.22554186586267e-05,1.05354283085516e-08,-9.77190477407836e-05,5.79905920108491e-06,2.15296496494052e-06,3.39681595466553e-10,3.49259614109028e-08,-7.54443912112212e-06,-4.86262154533077e-06,-8.04367071375583e-08,8.82594980753274e-06,1.70391666198888e-06,7.10109877968187e-06,5.83152302144562e-06,-1.82578849976387e-06,-2.6723855581231e-07,-3.04973926493824e-05,-1.41305532767087e-06,1.94696173076841e-05,1.03428573999784e-06,-5.60995883353011e-05,-1.19557207828708e-08,-0.000231199574614801,-1.45225344550279e-06,-3.13810293991834e-06,-8.61053290503634e-05,1.37580618693775e-08,-2.32628874948671e-07,6.73559440463283e-08,4.28465208645504e-08,-0.000166168979599152,-4.80764577185168e-06,-2.1986442451681e-06,2.59518923943746e-06,5.70636993004478e-07,2.41840813211734e-06,-7.21249821338319e-06,-4.12441159114123e-07,-3.90933235344266e-05,-2.31611675878971e-07,-0.000622290368747348,-1.30203904587496e-05,7.25530465905573e-07,1.52249636674713e-07,4.663963995091e-06,1.72224685382656e-06,-1.73023032080206e-06,-1.77892278765816e-08,-7.81399938069826e-06,-1.15688540728591e-17,-7.33268083881555e-08,1.04628116974671e-06,-2.11273066184236e-07,-5.39588134899992e-07,-7.21963927861569e-06,9.98041405001765e-08,-1.39538551572359e-06,6.19468157511763e-07,-1.57786998483191e-05,7.63458883097283e-08,-1.5385237161213e-07,6.18242905152264e-05,-4.02656429937585e-08,4.42887141857314e-06,-6.49370194738436e-05,1.54133433542703e-08,-1.00457342204691e-09,4.76435196668335e-08,-4.4585642468005e-08,7.01842319531744e-07,0.000228145965150497,-4.28600626313607e-05,6.33490178248221e-07,-1.97543352032491e-05,1.33752415706533e-05,-8.07212178969501e-07,1.40663052515793e-05,-3.57151076734648e-05,1.05747938609801e-08,9.19736145816794e-05,4.46461234655656e-07,3.65119120367112e-06,9.63056674889396e-09,-5.11098699863959e-06,2.65247801749817e-07,-3.20908524395432e-07,5.06263814896003e-07,-9.76589248251155e-07,7.55340139226485e-07,-5.50179079015404e-08,1.04539082960117e-05,-4.53000037480988e-08,7.4271887256962e-06,1.51057181425249e-16,-1.81196329979086e-05,-2.33298104003436e-05,-1.9141957068927e-11,-1.66424700423166e-07,2.43477054042819e-07,-1.50516637721869e-07,-4.26821759605707e-08,4.87944951106073e-09,-2.17557271086508e-07,8.2219999014715e-06,3.02457245870736e-06,-2.3243837562019e-08,1.23867082968465e-05,-4.15100413100882e-05,1.11642388683305e-06,-0.000246716544435977,2.70347108009621e-07,4.72276380861996e-07,7.28840145823392e-09,1.93740495577667e-05,-2.45012184696402e-06,1.07984200444693e-08,-3.36375289038544e-06,3.9131353051896e-07,-1.41807359156662e-06,1.01717079022146e-06,9.0395714065445e-06,4.57149078434454e-07,-1.44928034739469e-07,-9.3952332504378e-07,9.48081336240485e-08,-4.3722735917308e-07,1.21868250066119e-06,4.91287100811343e-06,-0.000263975731841663,4.39794870831175e-17,6.3525930496107e-08,3.47025589930211e-07,-3.4471644084004e-08,1.84217570967912e-05,1.97883716944076e-08,4.87310555061492e-06,0.00013533211085979,-1.49048828858982e-06,6.86278835872724e-06,5.7530072653341e-16,-0.0023866636227867,5.56632363605746e-09,-1.34050480150507e-07,9.26256972666261e-09,6.44763457886311e-07,-4.69777932687043e-07,-8.27127623432612e-06,2.2528679503019e-06,-2.28535403656773e-07,1.43913495883246e-05,-4.58937381948993e-08,-4.36192601785742e-06,-5.79354177004136e-09,-8.38632350433214e-10,-1.19518902978522e-05,6.49789837157499e-08,-2.18543291301094e-05,-8.25518696068105e-16,-3.28247452805409e-07,2.56011896925115e-08,7.37766013414895e-10,6.430171750452e-09,-9.75205129357605e-06,-7.32207823282209e-05,1.78542707525296e-07,-6.55454633370994e-07,-3.71022469323314e-07,-4.2401669662683e-16,-6.63059840427045e-06,-2.33420384606005e-08,-0.000100013277443398,8.39270584789603e-17,1.44625118152229e-06,1.84413075611009e-07,-2.830353523707e-08,-1.93655930046821e-05,-3.65911382478925e-06,-3.32861954432857e-06,-6.19664264571543e-07,3.18036234887395e-06,1.33435892255504e-07,7.2200827628047e-09,1.59809460297118e-06,4.83138905469773e-08,-3.53090434217687e-16,-1.72135120542417e-08,6.23209046399852e-07,2.55221955365815e-07,-1.4665258984002e-06,-1.99596228286951e-17,-2.30660214377057e-08,2.5279587573444e-09,-1.85175048204543e-07,-1.91897239799042e-09,-3.63164177122107e-07,-2.99335769347796e-09,2.02946761323736e-07,-4.26586713405845e-06,-1.55264645953118e-15,-3.43711784858673e-05,1.74389632699589e-07,-5.84322316886215e-07,-7.70385159072632e-05,1.02905335056342e-07,1.75578450290222e-06,-4.45195096065998e-15,1.18641442253697e-15,2.27166614368386e-06,3.10193961709753e-07,-4.31578493315663e-08,7.48476712771463e-05,-1.30391539613326e-13,0.549775089288388,-1.41303438285398e-05,1.39941521114983e-14,8.83517872030889e-16,2.67842420464177e-15,6.92297804299264e-05,1.75248433022633e-06,-1.56594408495703e-06,4.17328162238035e-05,5.84598853962438e-06,9.7032630428809e-07,-4.16313258652624e-07,-5.36549163965773e-16,-7.74332796468655e-08,2.07730082955549e-07,-5.08115955171883e-17,-8.58790614836894e-16,-1.13160759227587e-07,-6.35817830431693e-09,-6.29845975746923e-08,1.55737507282096e-05,5.85154418318229e-08,-2.33238556113512e-06,-2.10165145744957e-15,-8.15082793938548e-07,-6.31818136161138e-16,-4.41843641358772e-05,2.14411821630733e-15,-6.21134439213901e-08,-5.07232486008595e-16,2.51087479775234e-07,6.59010623053984e-08,4.78595176166617e-06,3.83711291346162e-06,1.68924278387196e-07,-1.91433202268865e-08,1.20015837531024e-07,4.39046920464935e-08,2.10353228574587e-05,6.95837107076811e-07,4.00756412338865e-08,-1.11105264519979e-07,-2.00166916651763e-05,-1.94833233420585e-05,-5.16018732941945e-08,-5.04023556378011e-16,4.76920819030716e-07,-8.12320177410615e-08,4.07407536373035e-08,-9.65844701221875e-17,7.51691188463759e-07,2.11727503153346e-06,6.747321099557e-07,-3.25086026199245e-17,-1.63130669505907e-07,-9.10922300569261e-06,3.4203633419671e-17,-1.12978844073264e-07,2.46510148348639e-07,2.77520538769592e-16,-4.51035242234301e-16,-8.99818959525666e-09,-5.08028300078702e-06,-2.88483133446056e-08,-3.98724562932124e-05,1.10426497191308e-06,2.91254004457629e-08,3.58504426218332e-05,2.56641658596799e-07,-6.38102575956581e-06,1.20192958775849e-15,1.17591594745879e-09,8.57983751705219e-08,2.36556781390064e-07,3.74399248769415e-05,7.35188609857285e-17,-6.98860986223691e-17,3.12220271579982e-06,-1.71440428802779e-16,-1.49643903663963e-15,3.17557345723338e-07,-4.66031492914849e-07,-8.72464948615137e-08,-8.27835040202142e-07,2.22035723228262e-06,5.79931143992097e-07,7.4047278824843e-07,9.21534064461155e-17,4.64718804300006e-05,1.80008091444617e-07,9.92455984380901e-06,-7.8506897519488e-08,3.08238677952413e-07,3.33153749373444e-16,1.43997189118361e-16,-5.38144714564331e-16,-2.8167208583977e-06,-1.28004744717601e-08,-8.2959962828452e-07,-1.75038773150422e-16,-9.77966161184485e-09,-2.96758557741242e-16,-6.1743910519758e-17,1.58134987596851e-06,-3.95880926794314e-07,-6.84402621381475e-17,-3.25820554313529e-06,-4.38725424303966e-08,-6.76672479030376e-16,9.89396832146881e-08,2.57162250400071e-17,6.22550384195073e-06,1.49097534992258e-16,6.21109980922829e-06,3.01457011063394e-07,1.09335470790826e-08,1.28350475167377e-05,8.79928680382629e-05,-3.48171213540155e-08,1.06585860611352e-06,7.62157595632353e-17,6.27233278743092e-07,-3.53855766566174e-08,1.5226112866328e-16,-4.6588270163424e-09,-9.48294732271876e-08,2.20094395548694e-08,1.73815913520908e-16,7.03469639690847e-08,9.29778851661098e-08,4.82402675874844e-17,-2.57751303965565e-06,-1.95553856251291e-06,-2.6652895563758e-09,-2.01751443001038e-16,-2.38605786789966e-16,4.74864456537205e-08,1.8074034028713e-05,2.08153704942583e-07,-1.8796389421355e-08,1.06009493730802e-05,-8.09149171752949e-17,1.12143058576134e-16,5.53776141635248e-06,9.8097486482349e-09,1.04092291458229e-17,9.33285934336597e-05,3.3636895510869e-17,3.86174810897564e-08,-6.51591217397236e-07,-8.71672611670771e-07,-5.77774887294861e-06,-1.69175775282844e-16,-1.2564837893197e-16,-7.17853082951798e-17,4.67503711202465e-17,-4.44537520398574e-09,-1.54165812393725e-08,5.1657637641973e-17,2.0498893576805e-16,-2.97267371869731e-16,2.16838170166673e-08,1.94802761281633e-10,-1.07169162032453e-08,4.92214030100361e-17,-6.91292387374441e-16,3.21821697979799e-16,-4.58467895056424e-07,1.40279620601062e-08,6.06766807755196e-17,2.45890795360394e-09,-6.43024535304456e-08,7.98211753733727e-17,5.28792209294664e-17,-7.82759927932775e-06,-4.53657492230955e-10,-3.87458075468881e-06,1.70862110535723e-16,2.47045599263125e-08,3.98525976169214e-07,4.27360680461899e-07,-1.59370179647737e-06,-9.45561780242829e-08,1.53882033658273e-09,3.32029311479801e-16,4.37057083821885e-16,-3.92619068360832e-16,2.92203427066511e-08,-2.64562722791635e-08,-1.03338757680993e-06,-7.84231160468056e-09,-2.71953382168873e-16,4.03310619972378e-16,4.70777073286775e-17,-1.22600674751517e-16,-8.90450669841927e-17,3.74371100618498e-08,-3.42330756851785e-16,3.56876939681861e-17,-7.42972148611561e-06,-2.22606135775988e-16,-9.52068716176997e-07,-4.24667362542217e-17,-6.96058954656755e-07,-4.40670049336421e-17,-8.43320474687677e-07,-1.24961682812324e-06,-9.31350014598008e-08,-5.75143265484347e-17,5.74967903709349e-06,6.43871561906197e-17,5.15289657768949e-07,-8.21489221670072e-08,4.54674980359786e-10,-2.69770514551082e-16,2.50684233468083e-06,-2.14403082687565e-16,-1.80874917883501e-07,-9.23450667965376e-08,2.38086568835539e-16,9.96690268585386e-17,-1.07936391733982e-16,6.47787055987652e-17,-1.40398277801108e-08,-7.08903280287612e-07,-1.10428035658336e-06,5.36473938728119e-17,3.240987680036e-17,-9.6205061772867e-09,7.84974436310949e-08,1.26619468096208e-16,-3.82960385210235e-16,-1.57883154550146e-07,-1.11782594142595e-16,-3.06629238933163e-06,1.26314584949526e-15,2.83203983140248e-07,2.09801553859574e-18,-7.23997800267914e-16,5.90138133256241e-17,-2.29688718032441e-16,-8.20440234324727e-17,6.04509075708121e-17,5.59049560600191e-09,-3.91167683413172e-08,7.14065282150526e-17,-2.63596976344868e-08,1.11591707219607e-06,-1.69390786302089e-16,1.14006648135589e-16,6.26396701587014e-16,5.56595209309968e-16,1.07571873866052e-06,2.06301000532489e-06,-5.3582732327113e-16,-1.19165495818338e-16,-2.18140556143642e-07,-7.07010031805671e-08,-1.08364330539934e-09,-6.12619891784447e-17,-1.26161321889112e-16,-1.8699887930896e-16,-4.51885612439995e-16,4.39029783176324e-15,8.69149673872365e-16,0.0339999328903925,2.23496568551397e-06,4.73492267058687e-07,-1.05361925658141e-16,6.38608037053849e-16,2.86072717785558e-16,1.8917111648683e-16,-2.27602065305374e-16,-4.8979243933315e-16,-1.75027945545708e-16,-3.20248892470117e-17,-1.17743856769188e-17,-5.64458668476864e-17,-9.30538185132594e-17,-3.2629817555804e-17,6.71933978713766e-17,1.7081205090396e-16,2.79645078977517e-09,-9.04316660973858e-19,1.28824146668844e-16,2.39881671001793e-17,4.03338368007055e-08,-5.0065017042103e-08,1.45498032794129e-16,-1.04714975002384e-09,3.76926193806353e-08,2.53411809567707e-17,5.08883423669367e-16,-7.38191123589283e-08,-3.84374011990591e-17,9.55989553422845e-10,-5.68333664121721e-17,7.24541161167945e-17,-1.26889996100309e-16,-1.2248325102015e-17,9.74184132909318e-08,-1.30570819547681e-07,2.68775102310521e-16,-2.45865370402832e-16,1.33918636484144e-16,-4.94648041369905e-16,-7.24294485065363e-16,-1.63321634006989e-16,-1.8176613666909e-16,-7.79235098871727e-16,1.61107411525611e-09,1.9595749839899e-17,-1.41933483646701e-16,1.84077247178877e-16,-4.4132848802325e-16,5.03124433415319e-17,5.68963475703996e-16,-3.51225376595972e-07,-3.88493900132069e-17,-1.55376206243534e-16,2.37700934961302e-08,-1.32194920689762e-16,-1.80934850853858e-16,-2.35393226334474e-17,-7.80042445197129e-17,1.9904592734072e-08,1.06312065571274e-16,-1.50308200676555e-06,-4.02132767880463e-16,-1.13366488478291e-16,6.76080621915818e-16,6.99513020798556e-16,1.41696297756152e-16,4.11344925329244e-16,2.38373701306498e-08,-3.33996686349389e-16,2.69545921349741e-16,3.01200354831377e-09,-2.97742140325549e-06,-8.61775845889117e-17,5.12776246322267e-07,8.17714856056672e-06,-3.11386783403431e-17,-7.418482578723e-18,1.95854093889918e-16,-9.20990744040723e-17,-4.23536871622449e-16,-1.37362999118459e-05,-3.12639638094419e-16,8.27419079700789e-17,2.64774802340271e-17,7.94075456862211e-07,4.82662831140916e-18,-2.82183934981851e-16,-3.17176051031427e-16,3.63352933941278e-16,-2.50504913857466e-06,6.22618882533447e-16,6.30125924062721e-10,8.64869915305401e-18,2.53087026154777e-16,8.14379920102856e-17,-3.62515490015996e-18,2.11817749375476e-16,2.70299834215759e-16,-4.03021453009971e-17,-1.09368555994663e-08,-3.44120878411807e-17,9.7338152792349e-17,4.59827396611225e-09,2.23224817421829e-16,1.66582171918228e-16,3.96620668221814e-16,8.4009941208168e-17,4.62453491120422e-17,-2.83545343613024e-16,-3.33396866591858e-08,6.08328696226714e-18,5.57713129730192e-17,9.92806669260527e-09,-2.04190584368999e-16,8.66569864173012e-17,7.81045424766401e-17,-2.34481276498522e-16,-7.06081454847762e-16,3.85904932324997e-17,2.11000610571387e-16,-8.81390389688633e-17,6.99365722041288e-17,1.84448048579424e-16,2.37261993040543e-16,-5.20905862763056e-09,1.7273528817323e-08,1.95755449237549e-16,1.99499383147044e-16,3.83975194273975e-16,-3.97131969901206e-16,-6.23755062358067e-18,-1.00961125371223e-18,3.14163541258776e-17,4.66883327033497e-16,-1.6464255172299e-08,-1.70301575761361e-16,-5.42833991602141e-17,-3.39314500136648e-16,-3.4934944307052e-17,1.91664619401954e-09,-1.72853977160368e-17,-3.03917963022891e-10,-6.38797629058042e-16,-1.97812927609516e-16,-1.48810172099076e-16,-1.04907695398211e-16,4.47470793217874e-16,-4.18844131347685e-16,-3.27826400857175e-16,4.73880292056064e-17,5.07402398101739e-16,3.79202403086129e-17,-1.12791278303284e-15,-1.0957808902236e-17,-2.41022631321331e-15,-8.48306220918707e-18,-9.09366689342805e-17,6.32612503027951e-16,3.60232996975588e-20,-8.84308396942537e-17,-2.4078328074654e-16,-4.7926166348684e-16,6.54946203607759e-16,-3.68769486937865e-16,-6.27224893332531e-16,2.83568918303097e-16,-2.95774552833037e-16,1.71673362823769e-07,1.42215878507413e-15,7.98060978950055e-16,4.25647853946802e-16,-1.75153390537556e-16,4.22508344747983e-16,2.94454080428593e-16,-1.0305793948002e-15,-1.96000453678787e-16,-7.231700716737e-16,-6.47435714385824e-17,-3.13543475579693e-15,5.41622292131423e-16,-8.76141979905274e-16,-7.26824039923662e-17,5.36737701803923e-16,1.03318503198446e-15,2.03836534782418e-15,-1.88934628633755e-07,2.4445632994665e-16,2.97090376268564e-15,-2.35451835665763e-16,2.02507199569423e-15,1.60300415688494e-15,2.85375078232822e-15,4.87942375611476e-14,-0.707106781186548,-1.53017049302456e-14,4.33014706287058e-09,-6.92818500659107e-15,7.36739652920417e-15,-6.20895219588141e-15,3.24281286343328e-15,6.00276715904838e-15,2.79022724011119e-15,1.14322759539185e-15,5.00631767445812e-16,-2.69937369080613e-16,6.19199699815392e-16,1.34400517217196e-15,7.48915409130687e-16,1.04853708229173e-16,3.40871805511517e-07,1.36059035084669e-16,-1.46885867827809e-16,-5.74909119411768e-16,-7.25300760206701e-16,-5.98561683954842e-09,-8.66378790470518e-17,-2.93403091371888e-16,4.39297196023791e-16,2.78453699875584e-16,-6.22504776406187e-16,-6.89335727483069e-16,-3.60273109953723e-17,-2.38903416392317e-16,-2.29325357645352e-16,-7.67708213857545e-17,1.34283614196499e-16,6.11561994725755e-16,-2.39440167121619e-16,-1.75609167483675e-16,-4.30336263366784e-16,6.32308812905165e-16,-1.19842647234172e-16
"t797",0.0349473624193733,-0.0100710816285765,-0.0109989792557229,0.000637756801667645,0.0058178647988947,-0.0157226520320268,-0.00221711501128952,-4.75956847987036e-06,-0.0449584466653518,-0.0330757078589736,-0.0292444816412916,0.000258319084328037,-0.000510152116341478,-0.000106405512576333,-0.00264400060605665,4.71838081846839e-05,2.53079224633443e-05,-2.47258533894882e-06,-0.000753730769236715,0.000441169479425006,2.57157838452758e-06,-3.48398560804873e-05,0.0507955208093413,0.00209098645476349,-0.000198290214052959,0.0017042323991757,-0.0165260235788874,-0.000121644175832876,-7.21060056545446e-06,-0.00108613433348714,-0.00552294914360327,0.00977731302581992,6.82222318718637e-06,-0.00793017928753159,0.012562800999353,0.00287857948481964,0.000137110110100645,-0.000578452179412042,-0.181232028592875,0.0160137068013427,-0.00115032734580369,0.307239874925052,0.000508684430098937,-0.0307345316101873,0.00053561588555086,-5.72919832700635e-05,1.01635676817384e-05,-0.000152782238313431,0.0174501400622776,-0.0274693348839444,2.70154088050686e-05,-3.80373916111742e-05,5.06492091131092e-05,-1.60156652465401e-05,0.00138753829165467,-0.00105966170741173,0.000438507829179114,-0.000521028522372908,0.00452644458579023,-7.18899729293769e-06,-6.68006788172913e-06,0.000350129298130381,-0.000211199010121125,0.000159283791472958,-0.0240763051750369,2.26796516700073e-05,-0.000160147603875469,0.000496413394668617,-0.000120699954209243,0.000550313225882406,-5.22034406300366e-06,1.66092904312022e-05,-5.95123073495784e-05,-4.2500968017456e-05,1.81283491088262e-05,1.62914293191238e-05,-0.000170790455168442,2.97878478758357e-05,-0.0735782465239405,0.000596185368623797,3.52900112880517e-05,0.00349276867820182,-0.162077525260174,0.000662428888800019,-0.00078260952656669,-0.00015547206111464,1.84206814275185e-05,0.000303717462014689,5.621902462847e-07,-2.20381026440577e-05,0.000203062396264418,-4.7739145492894e-08,-3.02537880404948e-05,1.35797161367771e-05,-1.83356900132606e-07,-6.02190619506832e-07,-7.28263159996962e-08,9.38112102474148e-07,-1.25958176391505e-05,-0.000406816999006166,-1.08703508312021e-05,7.34674403780025e-08,-1.57548347612957e-05,2.91864165251651e-05,-0.000419052494080265,9.71886082893997e-07,-0.00028440885746001,3.81097252727304e-07,-0.000715284603858086,1.13913472933346e-07,3.9397209372476e-06,8.49210591626265e-06,-2.64897226686422e-06,3.19426855531541e-06,-3.50177966879608e-06,5.34086537071492e-06,-0.0047817875243539,0.00496155022774698,-3.87871255334279e-05,1.63040818782326e-05,-9.72510945307748e-06,2.14802818681056e-05,-0.000321833369278314,-0.000319586034517827,1.57617458904134e-06,-3.4592590455517e-05,3.60319786651706e-06,-8.91562409718236e-05,9.29606272001673e-05,0.0032392059111179,2.41951263167453e-05,-0.000100698088139891,8.44951004063982e-06,0.00103803626288973,-2.33058342845667e-07,0.000156171249292796,-0.000582337348527437,-3.13781084914501e-05,0.0124153069008836,-0.00387132547264061,-0.177749447542447,0.00085756410467567,-0.00275040597207787,-0.000137010809072072,-7.87981414482142e-07,0.000411909123871685,1.0349855347123e-05,-0.00401787767183765,-0.000226564002471696,2.08844396720984e-06,2.53541829270216e-06,0.000121189790011834,1.6061127459329e-06,-0.000372568504951688,7.58097230678697e-07,1.341484546383e-05,-7.92360047612149e-05,3.27261985280103e-06,1.52358058719596e-05,2.04521613076271e-06,1.61602676701992e-06,-2.25725243346816e-07,0.000147625674373195,1.51070047367105e-06,-7.64145354585372e-07,3.55271055439236e-07,1.60233063823588e-06,5.82014718648618e-08,4.25646724135415e-06,5.01341970142682e-08,-1.84105352620088e-07,-3.47634645036288e-08,7.76683846526529e-09,3.29323595443374e-05,6.90449867868879e-08,1.47761329903371e-07,6.63274075249381e-09,-3.62306862558331e-07,-2.0486129218464e-05,-2.41075334073193e-06,1.02963244564973e-05,3.39196502451005e-06,-7.81203168038077e-07,-3.49135646275799e-09,-1.21302070066081e-07,-1.19637779277689e-07,-0.00174399177013674,-1.50574066743881e-05,-5.67495237506411e-05,1.14490006618221e-08,-0.000106385677689537,6.32298576690189e-06,2.34871895397633e-06,3.70859163014885e-10,3.81541768196832e-08,-8.25637774086982e-06,-5.32354217878799e-06,-8.81333877502115e-08,9.67445223060481e-06,1.87371404106695e-06,7.80991808675134e-06,6.42241995359769e-06,-2.0135240042469e-06,-2.95690011498845e-07,-3.37448028987908e-05,-1.56399923404816e-06,2.15696605238049e-05,1.14659799305478e-06,-6.23003578626378e-05,-1.33062742637191e-08,-0.000257773844794691,-1.62006940828913e-06,-3.50950979963912e-06,-9.64315478192592e-05,1.54085761698712e-08,-2.60823556884811e-07,7.57326373737915e-08,4.82014077459706e-08,-0.000187486112571268,-5.43555945414613e-06,-2.48758296574307e-06,2.94499234296322e-06,6.48015609111519e-07,2.74850470602371e-06,-8.21678085304347e-06,-4.701012004664e-07,-4.45640182385714e-05,-2.64732419214002e-07,-0.000712450135292204,-1.49343832403168e-05,8.32885280410444e-07,1.74930968953158e-07,5.36319957593359e-06,1.98091534576113e-06,-1.99443639174064e-06,-2.05337376608332e-08,-9.03302765952241e-06,-2.75026612555467e-19,-8.49497961380424e-08,1.21265427987662e-06,-2.45612549404424e-07,-6.28778389794989e-07,-8.42960754488342e-06,1.16544581794138e-07,-1.63550198256513e-06,7.26523882303608e-07,-1.85109471744187e-05,8.96913250531194e-08,-1.80918062386851e-07,7.28275891775129e-05,-4.74689981043658e-08,5.22286235164492e-06,-7.67146264240012e-05,1.83477032936179e-08,-1.19912521364478e-09,5.70029051880698e-08,-5.3619706730272e-08,8.44365035511167e-07,0.000275487672241361,-5.18621384904039e-05,7.68863044675123e-07,-2.39991540999721e-05,1.62660455243697e-05,-9.83085792703428e-07,1.71678040209131e-05,-4.36007030089657e-05,1.29814735119592e-08,0.000112920124442588,5.4821986815349e-07,4.49026177914772e-06,1.18505392303151e-08,-6.30069491246261e-06,3.27103010132641e-07,-4.00292339626517e-07,6.32318779166425e-07,-1.22101222426831e-06,9.46649827712273e-07,-6.90860313445026e-08,1.31852316295548e-05,-5.72102540727471e-08,9.38967928886452e-06,-1.44068397858936e-16,-2.29901319738219e-05,-2.96149746022159e-05,-2.43369058126393e-11,-2.12387944243188e-07,3.11740477449591e-07,-1.93020067818794e-07,-5.47777359280742e-08,6.32723925031517e-09,-2.82301704293926e-07,1.06708146713275e-05,3.93775151199175e-06,-3.05401531549753e-08,1.63013861189151e-05,-5.469089721022e-05,1.47650750820529e-06,-0.000331236377338511,3.65368679843145e-07,6.38521703498814e-07,9.85513020276811e-09,2.66519280440409e-05,-3.44391208713476e-06,1.52222592603434e-08,-4.76217564041965e-06,5.56941859638114e-07,-2.02162623862568e-06,1.47085936414918e-06,1.30859151384754e-05,6.63128633601968e-07,-2.10523496446184e-07,-1.37112586230344e-06,1.39089180801797e-07,-6.44618752468298e-07,1.80067938987716e-06,7.28636260099387e-06,-0.000394719974008679,3.07993653232277e-17,1.00410668144026e-07,5.51896303793183e-07,-5.53411870846937e-08,2.95828792270965e-05,3.17869874198998e-08,7.84636155301016e-06,0.000218883783794877,-2.42379843626722e-06,1.12869047619202e-05,-6.91368852060034e-18,-0.00403454505650689,9.44330398214775e-09,-2.29194785975132e-07,1.58517123171589e-08,1.12582602859472e-06,-8.29849321736566e-07,-1.48622098843232e-05,4.09777175266237e-06,-4.27419846712417e-07,2.76663431919058e-05,-8.98863918487701e-08,-8.63669474541996e-06,-1.15509297479444e-08,-1.69321837968938e-09,-2.41652362139953e-05,1.32593023364932e-07,-4.49208738836199e-05,3.36948442748012e-16,-7.15485618882228e-07,5.65463767421295e-08,1.6297482925028e-09,1.47821636560463e-08,-2.25612701369478e-05,-0.000184454341572237,4.6219360824822e-07,-1.70622680272911e-06,-9.86902051337369e-07,6.56720873734705e-16,-1.80980466322728e-05,-6.43480717251892e-08,-0.000286644419735589,8.29805219639075e-16,4.33791384152801e-06,5.59413219964952e-07,-8.63699904498785e-08,-5.98374798486609e-05,-1.15526427012446e-05,-1.06866029103998e-05,-2.01636824793636e-06,1.07897124381806e-05,4.55031668056186e-07,2.53901452649653e-08,5.95631508485727e-06,1.80634963709171e-07,1.18302382376916e-16,-7.35001033735864e-08,2.73141677499362e-06,1.18932570430113e-06,-7.58871496131356e-06,-3.42476278378608e-18,-1.60314733316443e-07,3.07613380503001e-08,-3.5632052418752e-06,-5.14280782658673e-08,-1.88804350668301e-05,1.8865656071852e-07,-2.616236429132e-06,1.63189341241374e-05,8.22708154629823e-16,7.23689434411468e-05,-3.51176032442435e-07,1.07480700391637e-06,0.000125570059538896,-1.66215633537654e-07,-2.74333540520647e-06,3.29732985707154e-15,-8.82312237791581e-16,-2.94783642155791e-06,-3.44428386902478e-07,4.70117695795512e-08,-7.11025562589515e-05,9.76654809025879e-14,-0.387589180778757,8.70743780398891e-06,-9.85250634807301e-15,-5.91940673664768e-16,-1.97989057711367e-15,-2.72313056643097e-05,-6.47796837013922e-07,4.60748527828629e-07,-9.89506515499478e-06,-1.34911440316182e-06,-1.7106940482547e-07,7.09230969172961e-08,1.9361693089077e-16,5.87966265626838e-09,-9.67342671384408e-09,9.33323041488201e-17,8.75312409583352e-16,-6.00945642213391e-09,-4.70820920708923e-10,-6.33169568931631e-09,1.82749122208566e-06,8.64042242252229e-09,-3.5531097528297e-07,1.24091103682243e-15,-1.29304565171382e-07,2.46135892390999e-16,-7.78556114944323e-06,-1.85361302045342e-15,-1.1716111423687e-08,1.60782550193731e-16,5.11766841695657e-08,1.36292930363884e-08,1.16858859137836e-06,9.65515257606883e-07,4.30234593659181e-08,-5.12477304136414e-09,3.3436070857351e-08,1.32829746305991e-08,6.36835129508867e-06,2.1553471397817e-07,1.29113975674247e-08,-3.75594521247321e-08,-7.02150982979846e-06,-7.02235881706931e-06,-1.88378371907585e-08,1.4645540535549e-16,1.80729986640145e-07,-3.18197568001156e-08,1.73139788100673e-08,1.26458823428148e-16,3.2615923579536e-07,9.46050590365474e-07,3.0508356845497e-07,2.96501486721136e-16,-7.42011460194005e-08,-4.23863371976756e-06,1.60164842130149e-16,-5.31351443963676e-08,1.22886558455341e-07,-2.74813007115087e-16,1.51416815751266e-16,-4.57786822828349e-09,-2.5891914071638e-06,-1.48231915956183e-08,-2.0679997604595e-05,5.84420375750141e-07,1.54403700363772e-08,1.90507429395648e-05,1.39804313193009e-07,-3.54247402913601e-06,3.20754436466258e-17,6.57324294392452e-10,4.80163794182762e-08,1.32926263377683e-07,2.11399748087561e-05,-5.18746739801623e-16,-2.49514475457208e-17,1.77439132412277e-06,2.48057296026667e-16,-9.54012217827904e-16,1.87473819999624e-07,-2.7682332488755e-07,-5.18311572988869e-08,-4.98251369296498e-07,1.338680888417e-06,3.49776375718145e-07,4.47662843301895e-07,-9.53444540183748e-17,2.87827991586712e-05,1.12042314521668e-07,6.18733369951351e-06,-4.93344237712178e-08,1.96442215536346e-07,-4.25774138060274e-17,-1.53215178124211e-16,6.13215503504724e-16,-1.83017796635851e-06,-8.38456023562307e-09,-5.43733993199109e-07,-5.74030273960006e-16,-6.45881272061412e-09,-4.61758465842697e-16,-5.27841088260982e-17,1.07829216465371e-06,-2.7004796980995e-07,1.91497208715252e-16,-2.23928848022759e-06,-3.02828777126465e-08,3.78290146183379e-17,6.88902490748801e-08,1.08981735671327e-16,4.37964763888498e-06,4.8662350589013e-16,4.37352418854785e-06,2.12420609810158e-07,7.71045760738926e-09,9.06150562043114e-06,6.22781409327422e-05,-2.48726300435337e-08,7.71227279137398e-07,-9.60954016970977e-17,4.61008797789326e-07,-2.60510637954534e-08,2.14706789729416e-17,-3.43741120589098e-09,-7.02480735801869e-08,1.63629045881856e-08,5.898553764072e-18,5.29407468703064e-08,7.01404619003068e-08,-1.12252681816908e-16,-1.95063668989416e-06,-1.48226267408006e-06,-2.03206651516914e-09,-2.37007179285021e-17,3.53817294236914e-16,3.67073506339927e-08,1.40537886259474e-05,1.62049151873206e-07,-1.5016143834201e-08,8.5050066352417e-06,-4.31231387023583e-17,-3.04888761335538e-16,4.45596942079461e-06,7.89638042557098e-09,2.82922207853851e-16,7.55006615287384e-05,-8.59467527781012e-17,3.13924264039782e-08,-5.33242755431722e-07,-7.13692042162079e-07,-4.73951388479404e-06,-4.04496345667574e-17,-3.37588096165334e-17,-5.14626612165748e-17,8.5834739703628e-17,-3.70984554306293e-09,-1.28842467742772e-08,4.69231675901769e-17,1.16899786755695e-16,1.67314243909184e-16,1.82169957219262e-08,1.64031192429373e-10,-9.08068637268015e-09,-5.03003463184722e-18,-6.41370806562114e-16,-2.62083852341742e-16,-3.97102179870724e-07,1.21597941245249e-08,1.5660790715799e-16,2.15059956699419e-09,-5.64470111125657e-08,4.23591334820371e-17,-1.00457123047576e-16,-6.93229560390916e-06,-4.02057704614763e-10,-3.45218684502339e-06,-1.19371011660876e-16,2.22124899057736e-08,3.601686250073e-07,3.89060335860589e-07,-1.46587664118714e-06,-8.72182606645166e-08,1.42704630881749e-09,2.13027121900297e-17,-2.09093999171444e-16,-7.27367697027896e-16,2.80016505740569e-08,-2.53664541697743e-08,-9.95287072720582e-07,-7.73681043501874e-09,3.93928125722967e-16,-2.23446441648625e-16,-2.51686072501673e-16,-4.42434783927312e-16,2.2211942914984e-16,3.79772389084768e-08,2.99935197251806e-17,2.77931753160439e-16,-7.6265382581497e-06,-1.10488737141021e-16,-9.77921647816235e-07,-7.14280045490658e-19,-7.15741654970165e-07,-2.83931941159672e-17,-8.86550277209422e-07,-1.32100164805063e-06,-9.93203491543103e-08,-2.18698664565447e-16,6.20059853618901e-06,1.11910068410984e-16,5.70575991598186e-07,-9.45792258599726e-08,5.24433567931879e-10,1.07194053037667e-16,2.9430002797315e-06,-1.48023686714083e-16,-2.18921800437307e-07,-1.11947098907681e-07,5.04012654779017e-17,-4.57337382983168e-16,-8.06236999120412e-16,-3.22475443055683e-16,-1.75044870901311e-08,-8.90847031350708e-07,-1.40086438365559e-06,-4.58123577974654e-16,4.31461052788453e-17,-1.28269266902352e-08,1.04912106553139e-07,-1.28455907562871e-15,-1.14208083450182e-15,-2.27664064376795e-07,3.18076654120877e-16,-4.5049426953791e-06,4.30698857645942e-15,4.41984588740466e-07,-5.80579939957832e-17,-6.66720154042729e-15,1.84550796357774e-16,9.81126628636759e-18,-1.42629262715267e-16,2.18393377244562e-15,1.02658496176186e-08,-7.20181925792472e-08,2.43670829534806e-16,-5.23647088848157e-08,2.29793590100759e-06,-1.14637322232025e-15,3.43231374127801e-16,4.1626476277174e-15,1.95615422441116e-15,2.68960325046825e-06,5.46461990220897e-06,-4.18291174226604e-15,-6.15500414950517e-16,-6.21017711238979e-07,-2.03314736877858e-07,-3.2282932140391e-09,-5.91521065543323e-15,-2.6995991000616e-16,-1.46149575869261e-15,-6.26813705313771e-15,5.15405161372803e-14,9.83350608066837e-15,0.382181913153701,3.7533682968038e-05,1.63721519810967e-05,-1.71931113335545e-15,7.29842870817019e-15,3.71294423732871e-15,-1.97037493326433e-15,-1.02361683284844e-15,4.94015751351798e-16,-2.50610549081385e-15,4.34525480266314e-16,2.51858235376864e-16,-1.016629307006e-15,5.41330472405018e-16,9.6861150947669e-16,5.65370302899465e-16,-8.2458511402006e-18,-3.23111535472487e-09,-7.10967613368946e-16,-2.29249869836094e-15,4.31351912394353e-16,-3.70841085766916e-08,4.37048727981816e-08,-3.74591838433301e-16,8.85258940119482e-10,-2.41993051491351e-08,2.4983998282155e-16,7.38258681624496e-16,3.32541249559635e-08,3.32464110774706e-16,-2.64203892177827e-10,-5.93981029485587e-16,2.63897322775604e-16,-1.79339480795897e-16,8.44733243372729e-16,-8.15261032742546e-09,9.54699342353287e-09,-5.32560981766103e-17,2.0433734882018e-16,-1.42003614190144e-16,-3.12681536055059e-17,-3.96885757765475e-17,-2.88410775518843e-16,-2.0523666940691e-16,-1.02444773601645e-15,4.17981982428217e-10,-8.6481430500935e-17,-1.85942395961773e-17,-3.50178551528605e-16,4.01626719044363e-16,-2.71776358801163e-16,5.49350025908478e-16,-1.05561561940717e-07,4.64391844484796e-17,-1.10432190578548e-15,7.30847160356026e-09,-1.79173724266032e-16,-1.82715713650706e-16,-1.66655632909951e-16,-6.9886076218467e-16,7.49718774502977e-09,1.46763126754105e-17,-5.81883594533261e-07,-8.89257813303517e-17,-1.86845367681103e-16,-2.85653643230114e-16,7.87628078208743e-17,-1.89121499265493e-16,-9.91143537678957e-16,9.70285781850375e-09,3.14929004482879e-16,9.82802380350876e-16,1.26849738869659e-09,-1.25597753247532e-06,-3.30570499805859e-16,2.22140314575987e-07,3.57056019905458e-06,-4.18612959048051e-16,-7.04977034917737e-17,-3.69897374866478e-17,6.33678199732397e-17,4.03934531639031e-16,-6.61323390126998e-06,-2.40642028266455e-16,4.67688077593261e-16,-3.72835856999665e-16,3.90217398507281e-07,3.76124677661853e-16,-4.69192573075267e-16,6.55024328842813e-16,4.05799666340599e-17,-1.26200411483024e-06,2.75022288238629e-16,3.19747011862568e-10,2.21731669395236e-16,5.29052942552091e-16,4.52083240409407e-16,-5.36989301555002e-17,-1.06992450770252e-16,1.99554292377389e-15,-1.44701489153731e-16,-5.74763278801114e-09,-5.82055075748707e-16,1.96417327126456e-15,2.4358306330432e-09,2.36613522356402e-16,6.40007931018131e-16,4.28226449817404e-16,5.20363180552692e-18,-4.11444560910915e-16,-5.16318277737617e-17,-1.80783544294409e-08,3.59953541817041e-16,-3.76072042936463e-16,5.43611782543634e-09,3.42790294556823e-16,3.69767803636498e-17,2.05605212700652e-15,-5.54380743395948e-16,-2.23511640299905e-16,-7.34698773319174e-16,-1.16092291006406e-16,-1.49306871810854e-16,1.02460796763319e-15,9.40766678971404e-17,-2.1760836639297e-16,-2.94669973031185e-09,9.80665116485276e-09,-1.622752168443e-15,-2.01341515199322e-16,4.7025538506901e-16,-3.29968243763156e-15,-2.53439034082065e-16,1.31791020337615e-15,6.45766668364875e-16,7.00312031997718e-15,-9.51535451748136e-09,-1.0412699916116e-15,3.9887844171899e-16,-5.47410896998936e-17,8.88267591869121e-16,1.12332654243455e-09,1.08459371971276e-15,-1.80762631330217e-10,-1.92675896730022e-15,-2.77792002723544e-15,-4.22769883456881e-15,5.7504544893119e-16,1.00769588792912e-15,7.52682279390985e-15,-4.01534521455211e-15,1.94323361601398e-14,-4.3251444037371e-15,1.87660811963752e-15,-1.03871198674386e-14,3.45473457962642e-13,0.707106781186548,-2.78730972329117e-11,-1.13002830943365e-14,9.4140164679439e-15,-3.03227277632473e-15,-1.54712913549531e-14,-4.44736690845905e-16,-1.35912762372965e-14,-5.5967973040371e-15,-1.00869107412171e-15,-3.06545633749555e-15,-2.42924617819219e-15,-1.89010816383582e-16,1.06893127542427e-07,-8.56366908619875e-16,8.57171763877406e-16,2.11738476932153e-16,6.7654522400365e-16,9.45365080724579e-16,3.80441995156352e-16,-2.37867645604566e-15,-1.71221304845896e-16,6.57781119187553e-16,-1.15281765576898e-15,-2.09256440300565e-15,1.21222745344282e-15,3.73465453368912e-16,-1.1787485709449e-15,-6.37729376958579e-16,6.83569606503595e-16,-3.10530765535522e-16,-1.20659145408292e-07,2.79675159251594e-16,1.90783215750387e-16,-4.63555882226751e-16,-6.03500697656014e-16,4.98942589242524e-17,-7.38476637702519e-16,-1.26673878196526e-16,-1.14827143078968e-15,-4.65377254932118e-16,2.82853972141055e-09,-4.65539563779064e-16,5.13006707032533e-16,-1.06791275995158e-15,1.54398706255241e-16,2.85976023366076e-16,-2.6345599046368e-16,-7.08066097025792e-17,5.45191609157e-16,1.94101189197651e-16,-1.16124185005807e-15,3.54985204202806e-16,1.00925362572177e-15,1.53790915571094e-16,2.27123739744834e-07,-8.25614595896923e-17,5.87963377027585e-16,-7.307889005703e-16,-4.04570040662966e-16,-4.02196370374274e-09,-3.66602907484706e-16,-2.67435654275491e-16,5.45034909433259e-16,-7.69683090009061e-17,2.52554470496454e-16,2.77572875923742e-16,9.70550767983973e-18,1.00152394966373e-16,-3.64877762670443e-16,-2.29882781628611e-16,8.54211979484332e-17,-5.59965256682054e-17,-2.50797399041405e-16,-1.24280556880914e-16,-2.01243227278928e-16,3.22045163883136e-16,-7.97047239848801e-17
"t798",0.0349473624193733,-0.0100710816285765,-0.0109989792557229,0.000637756801667645,0.00581786479889469,-0.0157226520320268,-0.00221711501128952,-4.75956847986899e-06,-0.0449584466653518,-0.0330757078589736,-0.0292444816412916,0.000258319084328041,-0.000510152116341475,-0.000106405512576333,-0.00264400060605665,4.71838081846836e-05,2.53079224633432e-05,-2.47258533894818e-06,-0.000753730769236717,0.000441169479425008,2.57157838453103e-06,-3.48398560804856e-05,0.0507955208093413,0.00209098645476349,-0.000198290214052967,0.00170423239917568,-0.0165260235788874,-0.000121644175832866,-7.21060056544151e-06,-0.00108613433348715,-0.00552294914360323,0.00977731302581991,6.82222318718822e-06,-0.00793017928753156,0.012562800999353,0.00287857948481959,0.000137110110100648,-0.000578452179412005,-0.181232028592875,0.0160137068013426,-0.00115032734580372,0.307239874925053,0.000508684430098924,-0.0307345316101873,0.000535615885550862,-5.72919832700534e-05,1.01635676817212e-05,-0.00015278223831343,0.0174501400622776,-0.0274693348839443,2.70154088050511e-05,-3.80373916112508e-05,5.0649209113092e-05,-1.60156652465464e-05,0.00138753829165465,-0.00105966170741175,0.000438507829179144,-0.000521028522372925,0.00452644458579019,-7.18899729294083e-06,-6.68006788172218e-06,0.000350129298130413,-0.000211199010121151,0.00015928379147295,-0.0240763051750369,2.2679651670028e-05,-0.000160147603875477,0.000496413394668695,-0.000120699954209247,0.000550313225882335,-5.2203440629654e-06,1.66092904312132e-05,-5.95123073496158e-05,-4.25009680174666e-05,1.81283491088504e-05,1.62914293191232e-05,-0.000170790455168443,2.97878478758029e-05,-0.0735782465239404,0.000596185368623802,3.52900112880234e-05,0.00349276867820192,-0.162077525260174,0.000662428888799976,-0.000782609526566721,-0.000155472061114726,1.84206814274843e-05,0.000303717462014691,5.62190246185081e-07,-2.20381026440516e-05,0.000203062396264411,-4.7739145422204e-08,-3.02537880404923e-05,1.35797161368015e-05,-1.83356900153262e-07,-6.02190619468349e-07,-7.28263159819066e-08,9.38112102479832e-07,-1.25958176391256e-05,-0.000406816999006115,-1.08703508311906e-05,7.34674404136336e-08,-1.57548347612941e-05,2.91864165251586e-05,-0.000419052494080255,9.71886082918159e-07,-0.000284408857459991,3.81097252709226e-07,-0.000715284603858066,1.13913472938388e-07,3.93972093725991e-06,8.49210591626489e-06,-2.64897226686006e-06,3.19426855535302e-06,-3.50177966880744e-06,5.34086537071353e-06,-0.00478178752435394,0.00496155022774697,-3.87871255334218e-05,1.63040818782104e-05,-9.7251094529616e-06,2.14802818681009e-05,-0.000321833369278307,-0.000319586034517847,1.57617458900398e-06,-3.45925904554863e-05,3.60319786645846e-06,-8.91562409718171e-05,9.29606272001729e-05,0.00323920591111803,2.41951263167395e-05,-0.000100698088139844,8.44951004060007e-06,0.00103803626288973,-2.33058342806158e-07,0.000156171249292806,-0.000582337348527436,-3.1378108491445e-05,0.0124153069008836,-0.00387132547264062,-0.177749447542446,0.000857564104675701,-0.00275040597207792,-0.000137010809072042,-7.87981414293386e-07,0.000411909123871726,1.03498553470994e-05,-0.00401787767183772,-0.000226564002471702,2.08844396721208e-06,2.53541829269018e-06,0.00012118979001186,1.60611274589131e-06,-0.000372568504951717,7.58097230670778e-07,1.34148454638465e-05,-7.92360047612006e-05,3.27261985277315e-06,1.52358058719786e-05,2.04521613071314e-06,1.61602676704109e-06,-2.25725243364934e-07,0.000147625674373316,1.5107004736908e-06,-7.64145354624403e-07,3.55271055445295e-07,1.6023306382448e-06,5.82014720137752e-08,4.25646724132081e-06,5.0134197115859e-08,-1.84105352623171e-07,-3.47634646213931e-08,7.76683842454174e-09,3.29323595441083e-05,6.90449867862368e-08,1.47761329963776e-07,6.63274049814282e-09,-3.62306862520533e-07,-2.0486129218053e-05,-2.41075334084047e-06,1.02963244564846e-05,3.39196502460117e-06,-7.81203167988329e-07,-3.49135638714891e-09,-1.21302069927966e-07,-1.19637779175204e-07,-0.00174399177013685,-1.50574066742244e-05,-5.67495237506563e-05,1.14490007653327e-08,-0.000106385677689424,6.32298576692884e-06,2.34871895389797e-06,3.70859315538385e-10,3.81541768792946e-08,-8.25637774093527e-06,-5.32354217889987e-06,-8.81333879423772e-08,9.67445223055811e-06,1.8737140411405e-06,7.80991808672321e-06,6.42241995364206e-06,-2.01352400420115e-06,-2.9569001159249e-07,-3.37448028985224e-05,-1.5639992340534e-06,2.15696605236625e-05,1.14659799295658e-06,-6.23003578626277e-05,-1.3306274327904e-08,-0.000257773844794624,-1.62006940826924e-06,-3.50950979962878e-06,-9.64315478193785e-05,1.54085762597578e-08,-2.60823557048168e-07,7.57326373894777e-08,4.82014077158067e-08,-0.000187486112571469,-5.43555945393335e-06,-2.48758296578366e-06,2.9449923430287e-06,6.48015608799836e-07,2.74850470611575e-06,-8.21678085312453e-06,-4.70101200582393e-07,-4.45640182385365e-05,-2.64732419198376e-07,-0.000712450135292156,-1.49343832401045e-05,8.32885280427854e-07,1.74930968904062e-07,5.36319957623224e-06,1.98091534570491e-06,-1.99443639187728e-06,-2.05337378323383e-08,-9.0330276595322e-06,-1.80278497819503e-17,-8.49497962991437e-08,1.21265427991267e-06,-2.45612549308499e-07,-6.28778389772678e-07,-8.4296075449483e-06,1.1654458186972e-07,-1.63550198251511e-06,7.26523882136772e-07,-1.85109471744533e-05,8.96913251933041e-08,-1.8091806218943e-07,7.28275891775754e-05,-4.74689981284882e-08,5.22286235166893e-06,-7.67146264237954e-05,1.83477030930157e-08,-1.19912545662973e-09,5.70029052085131e-08,-5.36197067203718e-08,8.44365035272529e-07,0.000275487672241352,-5.18621384906237e-05,7.68863044751174e-07,-2.39991540998154e-05,1.62660455243504e-05,-9.83085792748479e-07,1.71678040208752e-05,-4.36007030095127e-05,1.29814735282865e-08,0.000112920124442452,5.48219868123088e-07,4.49026177926433e-06,1.18505391617344e-08,-6.30069491227821e-06,3.27103010095329e-07,-4.00292339801351e-07,6.32318779035636e-07,-1.22101222409231e-06,9.46649827778412e-07,-6.90860316924892e-08,1.31852316294561e-05,-5.72102540440003e-08,9.38967928870409e-06,1.42270031316998e-16,-2.29901319736995e-05,-2.96149746023667e-05,-2.43370840745727e-11,-2.12387944117253e-07,3.11740477358027e-07,-1.93020067669807e-07,-5.47777363574501e-08,6.32723914650865e-09,-2.82301704172677e-07,1.06708146713009e-05,3.93775151175968e-06,-3.05401531486463e-08,1.63013861192579e-05,-5.46908972102128e-05,1.47650750815156e-06,-0.000331236377338561,3.6536867978388e-07,6.3852170333601e-07,9.85513019175668e-09,2.66519280439902e-05,-3.44391208720943e-06,1.52222589886184e-08,-4.76217564071777e-06,5.56941859569536e-07,-2.02162623862897e-06,1.47085936415292e-06,1.30859151382552e-05,6.63128633427778e-07,-2.10523496638882e-07,-1.37112586270672e-06,1.39089180549068e-07,-6.446187527057e-07,1.80067938985336e-06,7.28636260108732e-06,-0.000394719974008657,3.23752496728064e-17,1.00410668036838e-07,5.51896303813484e-07,-5.53411870418677e-08,2.95828792268125e-05,3.17869874393076e-08,7.84636155325664e-06,0.000218883783794927,-2.42379843637163e-06,1.12869047619117e-05,2.70439384551381e-16,-0.0040345450565063,9.44330399724895e-09,-2.29194785960896e-07,1.58517123644947e-08,1.12582602853128e-06,-8.29849321524185e-07,-1.48622098845249e-05,4.09777175218641e-06,-4.27419846705338e-07,2.76663431919951e-05,-8.98863918180804e-08,-8.63669474533584e-06,-1.1550929637649e-08,-1.69321826477242e-09,-2.41652362139039e-05,1.32593023318463e-07,-4.49208738837155e-05,8.37092629266844e-16,-7.15485618847515e-07,5.65463767730225e-08,1.62974830637396e-09,1.47821635320637e-08,-2.2561270137037e-05,-0.00018445434157229,4.62193608193753e-07,-1.70622680281644e-06,-9.86902051121017e-07,5.73183498897579e-17,-1.80980466323728e-05,-6.43480717702445e-08,-0.000286644419735518,8.70356456604969e-16,4.33791384160669e-06,5.59413219982676e-07,-8.63699906009211e-08,-5.98374798486537e-05,-1.1552642701299e-05,-1.06866029102124e-05,-2.01636824767169e-06,1.07897124379354e-05,4.55031667913573e-07,2.53901453415966e-08,5.95631508424102e-06,1.80634963610045e-07,1.61073887621103e-16,-7.35001030199068e-08,2.73141677524221e-06,1.18932570457218e-06,-7.58871496156034e-06,-8.31035314900722e-17,-1.60314733431707e-07,3.07613381232873e-08,-3.56320524187984e-06,-5.14280781857715e-08,-1.88804350668649e-05,1.88656560761914e-07,-2.61623642928401e-06,1.63189341238982e-05,1.04904051519323e-15,7.23689434412599e-05,-3.51176032390423e-07,1.07480700380972e-06,0.000125570059538992,-1.66215633414738e-07,-2.74333540509921e-06,3.08450097061264e-15,-8.6682174719028e-16,-2.94783642184049e-06,-3.44428386975936e-07,4.70117700478669e-08,-7.11025562589883e-05,9.76305986969701e-14,-0.387589180778759,8.70743780381511e-06,-9.96733680232014e-15,-6.1323435816307e-16,-1.95026114062876e-15,-2.72313056639822e-05,-6.47796836986633e-07,4.60748527561884e-07,-9.89506515516733e-06,-1.34911440308451e-06,-1.71069404910134e-07,7.09230970195543e-08,2.9868068591959e-16,5.87966288314883e-09,-9.67342687119251e-09,6.94005820713064e-17,8.38161729826145e-16,-6.00945655969032e-09,-4.70820830470647e-10,-6.3316958028467e-09,1.82749122180011e-06,8.64042256291868e-09,-3.5531097539805e-07,1.55576334771228e-15,-1.29304565047169e-07,-2.30215766270706e-16,-7.78556114964404e-06,-1.99186234997248e-15,-1.17161115320024e-08,2.11736546434401e-16,5.1176684631235e-08,1.36292929241413e-08,1.16858859141121e-06,9.65515257477689e-07,4.3023459255963e-08,-5.12477317381832e-09,3.34360709201238e-08,1.32829746378881e-08,6.36835129512967e-06,2.15534714010224e-07,1.29113973938735e-08,-3.75594523341025e-08,-7.0215098295429e-06,-7.02235881716649e-06,-1.88378372626429e-08,7.24185414491182e-16,1.80729986351654e-07,-3.18197570076162e-08,1.73139785729826e-08,7.61582414228198e-17,3.26159235597104e-07,9.46050590249405e-07,3.05083568356112e-07,-2.56918001942832e-16,-7.42011457140778e-08,-4.23863371970596e-06,2.89291087069633e-16,-5.31351447737745e-08,1.22886558413164e-07,-3.9121449709309e-16,3.86850979197806e-16,-4.57786818763326e-09,-2.58919140761415e-06,-1.48231919010573e-08,-2.06799976043726e-05,5.84420375862349e-07,1.54403695042062e-08,1.90507429397731e-05,1.39804313157034e-07,-3.54247402913741e-06,-4.25413827429e-17,6.57324360168183e-10,4.80163792361893e-08,1.32926263407479e-07,2.11399748089289e-05,-2.81580920094296e-16,1.56307203975942e-17,1.77439132372546e-06,1.04508354240646e-16,-8.45022328686907e-16,1.87473819929237e-07,-2.76823325271362e-07,-5.18311575797022e-08,-4.98251369377709e-07,1.33868088846083e-06,3.49776375739754e-07,4.47662843213603e-07,-3.4999599304182e-17,2.87827991590951e-05,1.12042314565176e-07,6.18733369963558e-06,-4.93344233577e-08,1.96442215672401e-07,-5.08102522725525e-16,-5.38409363728126e-17,1.33749818684195e-15,-1.83017796630877e-06,-8.38456032443903e-09,-5.4373399319261e-07,-2.34249021912148e-16,-6.45881328091753e-09,7.63310723618711e-17,-4.56952060575532e-17,1.07829216453834e-06,-2.70047969787457e-07,-1.78513887699738e-16,-2.2392884804484e-06,-3.02828778668926e-08,1.94929909411649e-16,6.88902492042313e-08,-4.70835285231384e-17,4.3796476387068e-06,5.19316477090286e-17,4.3735241883246e-06,2.12420609632943e-07,7.71045771443501e-09,9.06150562017516e-06,6.22781409325684e-05,-2.48726298985216e-08,7.71227279097431e-07,-7.5172080542431e-18,4.61008797827239e-07,-2.60510638200836e-08,-3.18629157924841e-18,-3.43741114772357e-09,-7.02480735255459e-08,1.63629046100792e-08,-1.01532243575393e-16,5.29407470432158e-08,7.01404616933555e-08,-9.21146639263498e-17,-1.95063668993596e-06,-1.48226267419442e-06,-2.0320664062643e-09,-4.48382243143592e-16,1.56868733746919e-16,3.67073508084507e-08,1.40537886265946e-05,1.62049152001646e-07,-1.50161437758155e-08,8.50500663500567e-06,-4.14684131201522e-16,-2.35737008451736e-16,4.45596942057385e-06,7.89638049169751e-09,9.50205771788259e-17,7.55006615287271e-05,-2.64892114331167e-17,3.13924268241453e-08,-5.3324275517732e-07,-7.13692041876325e-07,-4.73951388420584e-06,-9.05854735954127e-17,-1.69314335365881e-16,-3.03880381038151e-16,1.31281111234231e-16,-3.70984592405643e-09,-1.2884246813682e-08,1.07787746014189e-16,1.32922558153469e-16,-3.18107502166094e-16,1.82169955586781e-08,1.64031103445522e-10,-9.08068625086609e-09,2.66717625879472e-17,-3.00141889694825e-16,-4.95373666674521e-16,-3.97102179688981e-07,1.21597940018196e-08,-3.39206031137469e-16,2.15059993842055e-09,-5.64470114192289e-08,8.24172398936789e-17,-1.3342635472648e-16,-6.93229560369793e-06,-4.02057692767759e-10,-3.45218684525847e-06,-2.71600739770502e-16,2.22124897778155e-08,3.60168624760991e-07,3.89060335220159e-07,-1.46587664162703e-06,-8.7218260519307e-08,1.42704482470673e-09,7.87690527233245e-17,-3.96083090900195e-16,-2.06713305008781e-16,2.80016502467717e-08,-2.53664543326201e-08,-9.95287072946742e-07,-7.73681075285424e-09,-1.55843690890114e-16,-5.0640704819015e-17,1.20743613069035e-16,-1.34550611861314e-16,-6.02479126191726e-17,3.79772387296493e-08,-4.28048562840774e-17,1.11154068101604e-16,-7.62653825856679e-06,5.83337672923865e-17,-9.77921647976161e-07,-1.55281913519705e-17,-7.15741655175737e-07,2.18946144482929e-17,-8.86550277270773e-07,-1.32100164796403e-06,-9.93203489077298e-08,-4.54081593136993e-16,6.20059853561184e-06,1.39524397862034e-16,5.70575991724592e-07,-9.45792254396787e-08,5.24433400737724e-10,4.3481325506146e-16,2.94300028015493e-06,-8.89072421417e-16,-2.18921800430268e-07,-1.11947099681774e-07,2.41205742307166e-16,-6.24611395300417e-16,-1.20881129800189e-15,-2.07025260806828e-16,-1.75044870868171e-08,-8.90847031017058e-07,-1.40086438314096e-06,-3.10035456959353e-16,-4.32453606852207e-17,-1.28269267966937e-08,1.04912106118604e-07,-1.2596361874606e-15,-1.44133939674757e-15,-2.27664064407418e-07,1.08782015066732e-16,-4.5049426954541e-06,3.38231637769445e-15,4.41984588785625e-07,-1.51200047419784e-16,-7.46250550320655e-15,-2.29381832647712e-16,1.03366235654623e-16,-2.4608747067618e-16,1.54035136285815e-15,1.02658478273589e-08,-7.20181932272081e-08,-8.15048593963685e-18,-5.23647091198569e-08,2.29793590108967e-06,-3.31234829799434e-16,4.69083452910662e-16,4.58431782791462e-15,1.64541866845907e-15,2.68960325027972e-06,5.46461990163491e-06,-4.43110764891762e-15,-4.4484583156507e-16,-6.21017710914587e-07,-2.03314737539682e-07,-3.22829305674077e-09,-6.46231815515175e-15,-4.26758849463316e-16,-1.56216031907308e-15,-6.01154296582698e-15,5.13043236089236e-14,9.66720762879486e-15,0.382181913153699,3.75336829681559e-05,1.63721519812279e-05,-1.68501875728685e-15,7.43322339406631e-15,3.61469393848966e-15,-1.70155397310174e-15,-4.95614638187831e-16,-2.65744708000075e-15,-2.36532670760262e-15,1.10916669885893e-16,2.06881295315402e-16,-1.10756778809772e-15,3.82288087574104e-16,1.02266597742016e-15,6.23202150489562e-16,3.40578685827102e-16,-3.2311142731267e-09,-7.40689542870877e-16,-3.19628971268065e-15,8.12643687179624e-16,-3.70841088114791e-08,4.37048725893475e-08,-1.52774380386763e-16,8.85259384214046e-10,-2.41993056632129e-08,-1.1728720882126e-16,6.93029341833005e-16,3.32541236001561e-08,2.88433986791862e-16,-2.64203706116956e-10,-5.15867720751093e-16,1.43852919392858e-16,8.00828650584794e-16,8.37506698763657e-16,-8.15260938245963e-09,9.54699333240722e-09,1.40464214794033e-16,1.51295359232254e-16,-4.0783177239483e-16,5.55502062091348e-16,7.82970151387563e-16,-2.51864556085666e-16,-1.12122443011427e-17,-7.02148937254323e-16,4.17981456670555e-10,6.17994468471312e-18,-3.32937567499219e-17,-1.39571345376474e-16,3.72122556287548e-16,7.64515276196444e-17,1.04203859814019e-15,-1.05561562999047e-07,9.89002601771487e-17,2.70810640789395e-16,7.30847083023925e-09,-5.24390641093477e-16,3.0868538984088e-16,-1.06081917248579e-16,-6.52833980895135e-16,7.49718793026422e-09,-1.34993204661761e-16,-5.81883593476983e-07,2.15168528200736e-16,3.30229812684669e-16,-6.30054662386592e-16,-7.2927988938233e-16,2.65860485294934e-16,-6.51517927131602e-16,9.70285813401187e-09,1.54024382056172e-15,-7.18180299257283e-16,1.26849647860435e-09,-1.25597753345409e-06,3.438256875809e-17,2.2214031329156e-07,3.57056019989117e-06,3.6270345483363e-16,6.66597621764393e-16,2.88737465353199e-16,-1.95481155410069e-16,-1.30734859456844e-15,-6.61323390155668e-06,-5.65621374001963e-16,-6.04181295180221e-16,8.51614209566172e-16,3.90217399821731e-07,-2.63494034523377e-16,5.87141583952648e-16,-8.31004628989381e-16,4.39439137715209e-17,-1.26200411722034e-06,-4.94432490224979e-16,3.19745648469822e-10,-5.07797164037827e-17,-4.8101694172812e-16,-6.6014884213875e-16,-6.97137368679691e-17,3.82761701838489e-18,-1.49944854712873e-15,2.56163101301738e-16,-5.74763253783052e-09,4.54131974811699e-16,-1.96227265280992e-15,2.43583079380297e-09,-1.67899542114863e-16,-5.48534091730694e-16,-4.3071648081401e-16,-3.94829254100412e-17,5.07666525955544e-16,2.454188971188e-16,-1.80783564268256e-08,-2.64140259938085e-16,2.46218082608875e-16,5.43611632153885e-09,-2.12741343457107e-16,1.90503102133614e-16,-1.37672634337451e-15,-2.2319422438568e-16,3.01697205290779e-16,7.61855255642239e-16,1.25293982191496e-16,5.83818999098074e-17,-1.44644890902604e-15,-1.16757118205428e-16,-2.09166170003165e-17,-2.94669866195224e-09,9.80664856634396e-09,1.99428742202012e-15,2.68843189642787e-16,-6.26936042855034e-16,3.59082522851384e-15,3.50217630503552e-16,-9.98674749491109e-16,-5.43912425246895e-16,-5.49054389941684e-15,-9.51535611012266e-09,9.45257512365363e-16,-4.4134494312807e-16,-3.33302067762947e-16,-1.17831008657013e-15,1.12332629255643e-09,-1.17693046960402e-15,-1.80750786637152e-10,2.016714936564e-15,2.64957662003743e-15,4.0571882753156e-15,-4.69704375182646e-16,-1.06867036655548e-15,-7.37729854743175e-15,3.94632884891304e-15,-1.9382611005802e-14,4.33158327174578e-15,-1.88841369371341e-15,1.06631537510414e-14,-3.45194967107764e-13,-0.707106781186547,2.78734142150397e-11,1.12608184762152e-14,-9.75966534341418e-15,3.00237856488143e-15,1.48836617944228e-14,3.68372085630207e-16,1.31851405858337e-14,6.25345451419831e-15,9.7084259548729e-16,2.91999017592792e-15,2.48419078376123e-15,-6.47173861181099e-17,1.06893129698195e-07,1.20837123677138e-15,-9.0270520250107e-16,-1.11339463753825e-16,-8.31795615910345e-16,-8.23321873201567e-16,-4.11356796464354e-16,2.91165900288302e-15,2.34224804560019e-16,-7.2775744085912e-16,7.17428643319515e-16,1.49383747017305e-15,-1.58924443583407e-15,-3.4459763216759e-16,1.06768108322082e-15,6.36141128252164e-16,-7.64952066359863e-16,5.93759363625973e-16,-1.20659145647307e-07,-1.57638564391909e-16,-3.01771738963109e-16,1.04032017568348e-16,1.10812825117633e-15,-5.90446331065466e-17,9.65410515703259e-16,3.76342247505832e-17,1.40396741490691e-15,5.5124798228598e-16,2.82853952644092e-09,7.77606647192813e-16,-4.69566455904979e-16,9.17473336619012e-16,-2.04051283540437e-17,-3.0171188437856e-16,2.28676094526228e-16,8.03006688251614e-17,-2.89855418572321e-16,-1.80657714080562e-16,1.07601327343626e-15,-2.915044451783e-16,-8.1003486365347e-16,-1.88766937889609e-17,2.27123739686474e-07,-3.22506944186031e-17,-6.99091369605481e-16,1.14611559948495e-15,-2.78121574165055e-16,-4.02196341726091e-09,3.12613476518435e-16,3.41257714904482e-16,-6.38314791571055e-16,1.5836883122038e-17,-3.24270285155175e-16,-1.98781507626138e-16,1.79608268708841e-16,1.12150342935252e-16,5.5753095331551e-16,3.96834957024712e-16,-1.93086738604851e-16,1.65452549193578e-16,3.43519694988669e-16,2.57115401537213e-16,1.88973457787708e-16,-2.57450655879485e-16,2.78465696744822e-17
"t509",0.0349421977447642,-0.0100679478027811,-0.0109954461905974,0.000637482404922237,0.0058148016491818,-0.015712945026098,-0.00221571940639586,-4.75633512225391e-06,-0.0449224012168566,-0.0330435852658565,-0.0292085054747319,0.00025792823074439,-0.000509357866321982,-0.000106237368145189,-0.00263964224446566,4.71014903342459e-05,2.5262727047263e-05,-2.46809063435003e-06,-0.000752329268632209,0.000440279173034533,2.56597071951431e-06,-3.47484084908121e-05,0.0506548415954333,0.00208516289348963,-0.000197735822217894,0.00169924428944463,-0.0164770913751047,-0.00012128082020935,-7.18849461209775e-06,-0.00108221449769472,-0.00550172227507283,0.00973806346514383,6.79290605277538e-06,-0.007894524915727,0.0125035086814334,0.00286393837251794,0.000136404141162401,-0.000575427799073521,-0.18027821701039,0.0159282101356828,-0.00114401456145798,0.305514182169019,0.000505785990545022,-0.0305592019390177,0.000532508743444134,-5.6939113149818e-05,1.00998482875537e-05,-0.000151816444239573,0.0173372830897476,-0.0272873204859847,2.68306577687354e-05,-3.7773477852836e-05,5.02970519427557e-05,-1.59023174465932e-05,0.00137737846369636,-0.00105186326394974,0.00043498519477274,-0.000516746286606682,0.00448914229930016,-7.12646160036385e-06,-6.61963239346476e-06,0.000346901017237858,-0.000209222004038061,0.000157787111583145,-0.0238437374888265,2.24551962483205e-05,-0.000158478598758895,0.000491122498915547,-0.000119400273119049,0.000544278631100274,-5.15763392615272e-06,1.63964913079293e-05,-5.87424978523969e-05,-4.19403841050769e-05,1.78886587716392e-05,1.60742313272859e-05,-0.000168505977240846,2.93829867742705e-05,-0.0725422948016973,0.000587673629192248,3.4774269854528e-05,0.00344146850730054,-0.1596102832903,0.00065223807082223,-0.000770028128335357,-0.000152943267077457,1.81175421708565e-05,0.000298709937499915,5.52916617921047e-07,-2.16741243359858e-05,0.000199693845023486,-4.69143455618761e-08,-2.97291754738021e-05,1.33384612194294e-05,-1.79965112001164e-07,-5.90984646715623e-07,-7.14707389222397e-08,9.20387248950064e-07,-1.23565186229389e-05,-0.000398928205286582,-1.06560752865576e-05,7.2017161608114e-08,-1.54433219571047e-05,2.85671934923053e-05,-0.000410116434779369,9.51079132125164e-07,-0.000278277294837993,3.72865211970747e-07,-0.00069978069453048,1.11431569658648e-07,3.85373945309176e-06,8.30492387094749e-06,-2.59051510390681e-06,3.12195163709686e-06,-3.42207406364648e-06,5.21787401232396e-06,-0.0046710983913942,0.00484506883937883,-3.78642678950941e-05,1.59122728356485e-05,-9.49008527168326e-06,2.09511379144867e-05,-0.0003138081733498,-0.000311613184348636,1.53678465132113e-06,-3.37173662149382e-05,3.51194077191018e-06,-8.68744369251225e-05,9.0510656624622e-05,0.00315380936540355,2.35557629865464e-05,-9.79857224323313e-05,8.22107251614341e-06,0.00100989718685271,-2.2667150477707e-07,0.000151885039301047,-0.000565990077780423,-3.04814541184121e-05,0.0120519962116524,-0.00375796324209952,-0.172523584695306,0.00083230016065159,-0.00266911340333641,-0.000132956191084419,-7.6466196300952e-07,0.00039961038428293,1.00353887267452e-05,-0.00389365274150634,-0.000219528908196752,2.02298196372133e-06,2.45588670596942e-06,0.000117374709397932,1.55544613806817e-06,-0.00036078748593823,7.33603944584603e-07,1.29799514212504e-05,-7.6661091178558e-05,3.1604875422564e-06,1.47072257917614e-05,1.97412606045111e-06,1.55926660507452e-06,-2.17780180102425e-07,0.00014236056321406,1.4567351067691e-06,-7.36499946994089e-07,3.42261433923319e-07,1.5416095560854e-06,5.59932783640769e-08,4.09492545730996e-06,4.82227624556199e-08,-1.77048520394053e-07,-3.34299451713445e-08,7.46576739721268e-09,3.16516051368879e-05,6.63408799621779e-08,1.41964393227835e-07,6.37229765650618e-09,-3.47849424974379e-07,-1.96551530693949e-05,-2.31269252126008e-06,9.87639191285439e-06,3.25253867721397e-06,-7.48995496242087e-07,-3.34699183122384e-09,-1.16272502116664e-07,-1.14631415250739e-07,-0.00167084702770952,-1.44135213686327e-05,-5.43212556290307e-05,1.09559581765218e-08,-0.000101723630972631,6.04191543646798e-06,2.24380199433807e-06,3.54172742179458e-10,3.64282223482861e-08,-7.87693691387934e-06,-5.07805397609232e-06,-8.40400462195373e-08,9.22351958071263e-06,1.78398321365648e-06,7.43543650851076e-06,6.11098837302251e-06,-1.91481268562891e-06,-2.80815734147843e-07,-3.20471182278443e-05,-1.4851305352622e-06,2.0474165682242e-05,1.08807624732245e-06,-5.9079100305939e-05,-1.26073001155574e-08,-0.000244062111963468,-1.53356146998316e-06,-3.31886605106648e-06,-9.11436725066184e-05,1.45634300471677e-08,-2.46413274359989e-07,7.14715654515167e-08,4.54799649493365e-08,-0.000176705392918888,-5.11908744158803e-06,-2.34212886290171e-06,2.76976178867006e-06,6.09299066346267e-07,2.58355329662173e-06,-7.71691476642465e-06,-4.41424814226214e-07,-4.1843782714091e-05,-2.48335225968532e-07,-0.000667933229053879,-1.3992149303208e-05,7.80107551010314e-07,1.63796078020888e-07,5.0203793696676e-06,1.85414330853754e-06,-1.86540012632407e-06,-1.91962577743635e-08,-8.44036703884659e-06,6.78531800767778e-18,-7.93182925379052e-08,1.13209944290697e-06,-2.29065087079138e-07,-5.85958327163152e-07,-7.85048416381185e-06,1.08533635999865e-07,-1.52125520490859e-06,6.75636512278569e-07,-1.7212795247686e-05,8.33642101086961e-08,-1.6810480582406e-07,6.76323707223981e-05,-4.40719648905967e-08,4.84860759974127e-06,-7.11780791799604e-05,1.69839587305492e-08,-1.10907783909252e-09,5.26858471792965e-08,-4.94841158671463e-08,7.79156744437419e-07,0.000253943185707266,-4.77778077360785e-05,7.07709408516514e-07,-2.20842746068495e-05,1.49638934452325e-05,-9.04026262898743e-07,1.57778467608272e-05,-4.00679537880811e-05,1.19116860237229e-08,0.000103610925527518,5.03004745574424e-07,4.11823096289092e-06,1.08670262340877e-08,-5.77496570746879e-06,2.9978237225084e-07,-3.6577564465379e-07,5.77605407085238e-07,-1.11507020385081e-06,8.63996056503541e-07,-6.30237648392479e-08,1.20151751205588e-05,-5.21169084474062e-08,8.55158386581148e-06,-3.5114461519631e-17,-2.09200052391427e-05,-2.69452459261243e-05,-2.21347844174627e-11,-1.92999378037252e-07,2.83066845570902e-07,-1.75202852487083e-07,-4.97124295024168e-08,5.72884396397719e-09,-2.55564722848828e-07,9.65978201217535e-06,3.56220968769337e-06,-2.75733617067747e-08,1.47127781139777e-05,-4.93494051748273e-05,1.33125436378856e-06,-0.000297748153545776,3.28008819390985e-07,5.73188264959244e-07,8.84655722247156e-09,2.38477425174017e-05,-3.06996046077024e-06,1.35627756611767e-08,-4.2399892490217e-06,4.9544025498538e-07,-1.79790159218388e-06,1.30514298577128e-06,1.16095913656643e-05,5.88131636449525e-07,-1.86674140084282e-07,-1.21493778203078e-06,1.23148570221744e-07,-5.70325233485934e-07,1.59263977644141e-06,6.44104775775205e-06,-0.000348522597991231,-1.16928388239373e-17,8.80229286544315e-08,4.8345545427136e-07,-4.84252107241446e-08,2.58850717766312e-05,2.78127157238866e-08,6.86349569923327e-06,0.000191368177693473,-2.11782157509438e-06,9.84988940229972e-06,5.52418168509215e-17,-0.00351084266676782,8.21458927856955e-09,-1.99220491334633e-07,1.37773511018087e-08,9.76638765079001e-07,-7.191231127564e-07,-1.2859860686198e-05,3.54201748292263e-06,-3.68620232389308e-07,2.38105602828751e-05,-7.72555176361066e-08,-7.41743740178541e-06,-9.91558275898959e-09,-1.45227543762687e-09,-2.07246242027575e-05,1.13646637277258e-07,-3.8484163691532e-05,4.26345794256457e-16,-6.10823516965024e-07,4.82394268634301e-08,1.39031999484583e-09,1.25841977240062e-08,-1.92005418390066e-05,-0.000156366780662111,3.91374675929545e-07,-1.4444722731782e-06,-8.34797286893258e-07,1.15973348278527e-17,-1.52939719238223e-05,-5.43585616954094e-08,-0.000241819063111472,9.00570291747914e-16,3.65419152870442e-06,4.71077639087937e-07,-7.27184295127663e-08,-5.03608799361708e-05,-9.71694940587075e-06,-8.98429576903882e-06,-1.69454924941429e-06,9.05772177154694e-06,3.81939211777661e-07,2.12955960411846e-08,4.98911109467248e-06,1.51292602169899e-07,1.82471825456086e-16,-6.13990264934852e-08,2.28066712308276e-06,9.92050854477485e-07,-6.32018658293802e-06,-6.18794412628187e-17,-1.33069000076833e-07,2.54362490042846e-08,-2.94129132251468e-06,-4.2417630147702e-08,-1.55573685784205e-05,1.55170859705441e-07,-2.14551591565094e-06,1.32840548319717e-05,1.12334944427207e-15,5.8519776538008e-05,-2.83805914277281e-07,8.6755287806394e-07,0.000101184091368538,-1.33918672445279e-07,-2.20921848095599e-06,2.10644219081346e-15,-5.81540249872042e-16,-2.36729261477825e-06,-2.75922514358518e-07,3.76497695184639e-08,-5.68177535637495e-05,7.76525269258611e-14,-0.308217270649511,6.9092164724247e-06,-7.7113546192425e-15,-4.79972629114678e-16,-1.51332673988016e-15,-2.14589302373673e-05,-5.10026008985107e-07,3.61641249199414e-07,-7.74620243890737e-06,-1.0558068480664e-06,-1.33499254177993e-07,5.5328875659404e-08,1.64224975767252e-16,4.56034213496758e-09,-7.48736132105084e-09,1.09282875597168e-16,-7.91227157682171e-17,-4.61342758469474e-09,-3.60722652318777e-10,-4.83800856849281e-09,1.39383522506601e-06,6.56699054640637e-09,-2.69893541059116e-07,9.97556842238595e-16,-9.8142858663899e-08,-1.08479872294747e-16,-5.89596462555669e-06,-6.23795719939535e-16,-8.85774300571332e-09,2.55762904403803e-16,3.86086516191936e-08,1.02777430981186e-08,8.76148755963697e-07,7.2299610280017e-07,3.22000317385519e-08,-3.82683160685588e-09,2.49183320470537e-08,9.85330991724886e-09,4.72384672851996e-06,1.59647043114744e-07,9.53818568049714e-09,-2.76476213316423e-08,-5.15288232595748e-06,-5.14110996905789e-06,-1.37748775810535e-08,4.91006605837897e-16,1.3166615985523e-07,-2.30978755025306e-08,1.24376778747502e-08,8.6729090719766e-17,2.33579009225995e-07,6.74335604016681e-07,2.17020216764794e-07,2.17110980834597e-16,-5.27274614303544e-08,-2.99938576972547e-06,9.97855707275717e-17,-3.75218223811327e-08,8.56726923128029e-08,-1.72223979090088e-16,5.5441543897904e-16,-3.17513602854312e-09,-1.79498335083358e-06,-1.02537799474522e-08,-1.42680242434697e-05,4.00820446643013e-07,1.0584153458925e-08,1.30493786603862e-05,9.49853980830146e-08,-2.39045508166793e-06,-1.59333673642112e-16,4.42401055330684e-10,3.23019864984861e-08,8.92809044481384e-08,1.41714684094131e-05,-2.73431351605583e-16,3.82331991823952e-17,1.18632509753382e-06,-7.70289413363454e-17,-7.89930789532274e-16,1.23190100846778e-07,-1.813393526612e-07,-3.39509452386406e-08,-3.24127453125737e-07,8.70028487965004e-07,2.27278734409928e-07,2.90501943598707e-07,-9.20939010419327e-17,1.84118207265459e-05,7.1445152974211e-08,3.94128156245572e-06,-3.12595410931158e-08,1.23238935301838e-07,-1.42381613616202e-16,-1.31011025535211e-17,-2.2466298715646e-15,-1.13108405459108e-06,-5.14696960594356e-09,-3.33604449435579e-07,1.55126981027519e-15,-3.93635309228735e-09,3.56223684582559e-16,1.15689292832501e-16,6.36803529277436e-07,-1.59414667331026e-07,1.80756830944068e-16,-1.31096157608096e-06,-1.76411316236478e-08,8.18939984622064e-16,3.97161185976113e-08,-3.20195339676664e-17,2.49215893678926e-06,-2.67484445822071e-16,2.48568246062275e-06,1.20615872015205e-07,4.37348159245914e-09,5.13219280901494e-06,3.51540942571307e-05,-1.38583505901879e-08,4.21543982784681e-07,5.22481847708746e-17,2.45585991625888e-07,-1.38379372554476e-08,1.07826398343781e-17,-1.81885067487929e-09,-3.69050223019682e-08,8.53969427389301e-09,9.00235424598327e-17,2.69849013094116e-08,3.55777390998236e-08,1.64934397673224e-16,-9.82918114872913e-07,-7.44440611664039e-07,-1.00782013315559e-09,6.14017067589265e-16,-1.93685596013335e-16,1.76369349459427e-08,6.65566077070718e-06,7.65114728797225e-08,-6.6024029446512e-09,3.69139326121405e-06,2.62765354747481e-16,4.13214497008162e-17,1.91630456574151e-06,3.39185863833179e-09,-1.83802642801217e-16,3.19145856344001e-05,1.06093373796157e-16,1.30573723760985e-08,-2.16709804169584e-07,-2.89552174470693e-07,-1.90995062902107e-06,2.45947222616226e-17,3.10309339021777e-16,1.39900203022977e-16,-2.77797642731997e-16,-1.39968022253344e-09,-4.83262805003298e-09,-5.34021438518314e-16,-1.42081408802277e-16,2.00029978303875e-16,6.68497831333367e-09,5.96051024711831e-11,-3.20948698101991e-09,-5.67794011147385e-17,1.0368640421623e-15,5.68359107607636e-16,-1.25955424414733e-07,3.84085355805235e-09,1.31760035614847e-16,6.46297446419169e-10,-1.66026720027246e-08,-5.72713003598196e-17,2.21657686415128e-16,-1.93115313379435e-06,-1.1148870819582e-10,-9.24451789377776e-07,6.25149362580498e-16,5.58213290129645e-09,8.71224666026014e-08,8.88468451264317e-08,-3.06462475523235e-07,-1.77678172029421e-08,2.76129676685831e-10,-2.75861151147745e-16,3.91082337462664e-16,1.06433830876694e-15,3.63448268316984e-09,-3.26564631993695e-09,-1.19288883716539e-07,-5.56909986408531e-10,1.72683663508327e-18,1.91467839202313e-16,8.27966615854836e-17,5.11105717959845e-16,3.25144136442275e-16,5.99962027931869e-10,2.51649950024722e-17,-4.65222676820575e-16,6.21882796869637e-08,-1.6232546239653e-16,9.25669340304495e-09,6.34923785976713e-17,8.36109292252728e-09,-7.38339389967165e-17,5.01320756878508e-08,8.96111929933957e-08,8.4994824785448e-09,7.97285048064893e-16,-6.71309510750152e-07,-2.10741124453315e-16,-9.21818393766281e-08,2.26413057337836e-08,-1.27445564528057e-10,-7.88449928024352e-16,-8.17671326130861e-07,1.23239200412752e-15,7.3819901908747e-08,3.80905505930154e-08,-1.68608280173826e-16,9.85595082609944e-16,1.93062907426151e-15,4.22686492507354e-16,6.89494323477426e-09,3.64190580243436e-07,5.97544740963242e-07,9.33004267027064e-16,8.95857779365682e-17,6.64610190982345e-09,-5.4814935799923e-08,2.33850377358516e-15,2.9560380128678e-15,1.49256339624079e-07,-3.72181093891072e-16,3.09546123155979e-06,-7.71624674089325e-15,-3.47259756552923e-07,2.05412279564498e-16,1.42667197146662e-14,-1.21228453987076e-16,2.53081396538896e-16,4.71848492152354e-16,-3.84730922966479e-15,-1.05367824008386e-08,7.4176958782954e-08,-3.69505203598946e-16,5.91994220887229e-08,-2.70147277799181e-06,1.92143672756436e-15,-5.30733909137778e-16,-9.07775375097578e-15,-4.17752448783215e-15,-3.7495888408737e-06,-7.93241493931759e-06,9.53393815635649e-15,1.31614566889265e-15,9.43332321927275e-07,3.10677240143611e-07,5.03323382738387e-09,1.32442712095195e-14,7.77511238775731e-16,3.30633132554054e-15,1.39537187046233e-14,-1.13342528856749e-13,-2.14968394284821e-14,-0.839972353206428,-8.53672607686967e-05,-3.85436082495799e-05,3.73850796212918e-15,-1.63845779280733e-14,-8.22312717472313e-15,3.99751374436353e-15,1.66760078065974e-15,1.02215005235275e-15,5.24845252605031e-15,-5.2396648815365e-16,-3.79207661869774e-16,2.32631194422493e-15,-8.41405210698886e-16,-2.19656305821486e-15,-1.28253712961127e-15,-4.46894012638285e-16,1.51947678328954e-08,1.74491993583088e-15,5.81653076165427e-15,-1.339811959172e-15,1.96126186118771e-07,-2.37820017459711e-07,6.90319058447728e-16,-4.90442519016496e-09,1.58021122273409e-07,-1.6772168053938e-16,1.2321949859611e-15,-2.75389616271616e-07,-8.16449954912569e-16,3.16617611348895e-09,1.09927901990683e-15,-4.60826505802262e-16,-6.62259118264151e-16,-1.93136273587111e-15,2.77700430583479e-07,-3.68911321001247e-07,-1.81252852235628e-16,-2.07759162590333e-18,3.34444089400258e-16,-4.16638470331609e-16,-5.56158445035385e-16,5.01586884015056e-16,2.39590321826102e-16,2.0340077664649e-15,3.28724986613299e-09,2.70799748223258e-16,1.21072465483921e-16,5.9078230700315e-16,-6.78315222459752e-16,-1.13810675371735e-16,-1.77003295676434e-15,-6.83254427476346e-07,-1.39446494534086e-16,1.03759528607983e-15,4.5862752040126e-08,5.24633934065038e-16,-4.05520454972742e-16,1.70432823008479e-16,1.49310961588704e-15,3.52619661218684e-08,2.1279011861653e-17,-2.62726395877347e-06,3.39657889463617e-16,-2.2572669995399e-16,1.0318175711368e-15,4.36794317262847e-16,-1.84022978456493e-16,1.64742179825378e-15,4.05997195604754e-08,-2.42023925936232e-15,-2.19355467015738e-16,5.03525103698226e-09,-4.97288645924716e-06,3.30742894675714e-16,8.43492174248919e-07,1.33887926809064e-05,7.64979950331105e-17,-9.47522945211035e-16,-1.50430038248699e-16,2.05655140553258e-16,7.66896280235627e-16,-2.11464052533038e-05,6.31814599273743e-16,2.37030791173433e-18,-1.50050098043231e-16,1.20541422763101e-06,1.15588276252073e-16,-1.33169480593604e-16,3.22308504912636e-16,-2.0096037483716e-16,-3.73651515412923e-06,-2.46298609100466e-16,9.35014008742456e-10,-3.04662223713615e-16,3.97837750856981e-17,2.63777600300104e-16,1.29701801630282e-16,8.67136573755895e-17,-4.30544854072815e-16,-1.07371262560443e-16,-1.58121414402737e-08,1.00019853051944e-16,1.16952398158167e-16,6.60778229392886e-09,1.87546179236272e-16,-2.63567815698752e-17,-1.65450717324934e-16,7.94175559531468e-17,6.39829459188262e-17,-2.56606360607959e-16,-4.70461339605672e-08,-1.78643399418566e-16,-4.89594833211028e-17,1.39016850625758e-08,9.20786553744403e-17,1.27007400444008e-16,-6.49237737996554e-16,6.23675480005484e-16,2.00289724055937e-16,-4.38893443417402e-17,-3.99746798272904e-17,6.48713603817546e-17,5.91000961211892e-16,4.2820898295524e-17,1.29489319850484e-16,-7.10266142351755e-09,2.34823360390245e-08,-2.46733480492635e-16,3.89014552030243e-17,2.90743890726632e-16,-7.94669032186223e-17,3.08502951917172e-16,6.19656194038126e-19,-5.37017295580694e-17,-1.4809150553774e-15,-2.20483414288724e-08,1.25065674251864e-16,5.2882548548509e-17,2.08735369082893e-16,4.15163919554481e-16,2.53607804235929e-09,2.25836114486444e-16,-3.970411164548e-10,4.31806258411019e-17,-1.35096640676925e-17,9.81713984730918e-17,-1.32942641612928e-16,-1.8981892594969e-16,-1.17768490258393e-16,2.60288449774468e-16,-1.43690730221019e-16,1.77325871071012e-17,8.23524227565976e-17,-2.23240449271773e-16,-2.14901198258115e-16,1.38616283109792e-15,-1.47582348412084e-16,-9.70859588095173e-18,1.90151739063386e-16,-2.31787087546095e-17,6.73085403255145e-16,-7.63967408592945e-17,3.62721829821095e-16,1.82616915296238e-16,-7.4047630955198e-18,1.54051164024376e-16,3.51127251194951e-17,2.40315856402968e-16,2.15276012775192e-07,-5.12248340891543e-16,-5.36408606059857e-17,-8.23735502940025e-17,8.95019172491753e-17,1.97516225558795e-16,4.41488007464444e-17,-5.63710768639297e-16,1.26188868318699e-16,3.21919520309755e-17,3.74264447039148e-16,9.09781147986899e-17,3.38056443428703e-16,7.23301124949002e-17,1.31655236054177e-16,2.20812338802894e-17,1.1545409020727e-16,-2.21341137178244e-16,-2.31490186052455e-07,-1.07748062232898e-16,-4.10188296874347e-17,2.87331087518767e-16,-3.79243219493642e-16,1.11992750079673e-16,-2.07856895139129e-16,6.37953831207086e-17,-1.16475522212481e-15,-1.95837780156528e-17,5.19577527225029e-09,1.99118617956456e-16,-5.80602331483877e-17,2.10577254502782e-16,-5.74387499840089e-17,-3.63057965213464e-17,1.06247189197554e-16,-2.78916191623988e-16,-1.10526143174544e-16,-7.1173996433482e-17,-3.91472832437911e-17,-1.6499466796273e-17,5.80526236818803e-17,3.47612006682071e-17,4.01555708393232e-07,6.25632495267296e-17,-1.35770255518699e-16,-5.5210671894957e-16,-3.23681782331969e-16,-6.99634551235666e-09,5.36842723553423e-17,1.01401068973625e-16,2.07488261729403e-17,5.81315724145338e-17,-1.68601454506601e-17,-3.90907989639589e-17,-1.10188426288492e-16,-4.55376473613364e-16,-1.54210847309736e-16,-5.97930160988887e-17,4.23856671338048e-16,1.26038350438417e-16,-8.84159631872759e-17,-2.99824715258368e-16,2.68882737591174e-16,-1.18706935519986e-16,-3.86093318528804e-16
"t803",0.0347575865198791,-0.00995545363668263,-0.0108685875066029,0.000627601873636691,0.00570422564938724,-0.0153616993654275,-0.00216520379124631,-4.63914661736682e-06,-0.0436117729517193,-0.0318703578898706,-0.0278854641671459,0.000243445199865284,-0.000479892346383563,-9.99955375010827e-05,-0.00247755447235389,4.40321203019001e-05,2.35756550271329e-05,-2.30016513772441e-06,-0.000699909087676925,0.000406835226479683,2.35438418302447e-06,-3.12554665811089e-05,0.0452597989951933,0.00186173277449912,-0.000176459315926216,0.00150710873533986,-0.014590491121541,-0.00010726125279535,-6.33368239406979e-06,-0.000928290677919712,-0.00466257496937462,0.00817877909254611,5.61861642969136e-06,-0.00645808506503173,0.0100989899379266,0.00226369693453409,0.000107407314018159,-0.000450909180790081,-0.140967584299153,0.0123964735431621,-0.000882070721010092,0.233627955273121,0.000384749384988175,-0.0232360701569793,0.000402348615392825,-4.19938728254807e-05,7.39190553608574e-06,-0.000110706014310316,0.0125115045103483,-0.0194656773595004,1.88381757351256e-05,-2.63203908157283e-05,3.50073972893876e-05,-1.09616150593432e-05,0.000931048104923728,-0.000708862016669954,0.000276622762205223,-0.000323055562665953,0.00280067896928225,-4.25231734234832e-06,-3.80913230425847e-06,0.000195883848465833,-0.000116291827551326,8.73491043470193e-05,-0.0127983403739181,1.17065037522741e-05,-7.70555250580961e-05,0.0002308040299907,-5.5200787625799e-05,0.000244041993943725,-1.91377835262829e-06,5.04432946903798e-06,-1.74763435670739e-05,-1.15855841809762e-05,4.89326363614968e-06,4.24639493275095e-06,-4.38825891696972e-05,7.10435250982693e-06,-0.0143875968921355,0.000105927296703931,5.16841351837606e-06,0.000487478281926552,-0.0142424166893535,4.75670282022297e-05,-2.06777252860037e-07,3.11815064351219e-06,-7.54605037854768e-07,-1.34812939143224e-05,-2.54576449988465e-08,1.04759999342962e-06,-1.12998786972065e-05,6.447029272797e-09,4.31400401830102e-06,-2.64308402897805e-06,5.30805379112113e-08,1.83309983984038e-07,2.2219729209174e-08,-3.2248700395093e-07,4.51442069621336e-06,0.000168902070862664,5.0355120825349e-06,-3.43525898715822e-08,7.44431483155757e-06,-2.08151816654138e-05,0.000307126506608587,-7.27415445215324e-07,0.000220847223733064,-2.9894724663842e-07,0.000571210743180367,-9.34357512821141e-08,-3.25954864995594e-06,-7.39086647147214e-06,2.31925178524043e-06,-3.17692957116448e-06,3.57566714133566e-06,-5.77189504492241e-06,0.00529885275565462,-0.00588330890430203,4.90200209998585e-05,-2.16035345190592e-05,1.32333019281089e-05,-3.19943660246021e-05,0.000507718903939886,0.000505277286165867,-2.51252661956576e-06,5.8451621367156e-05,-6.11779242444587e-06,0.000159082163162421,-0.000190855876328876,-0.00666071202068264,-5.03188271832669e-05,0.000229894431285701,-1.96456397753069e-05,-0.00244561624817584,5.79650854650091e-07,-0.000391353225589168,0.00163709706117797,9.6854910099992e-05,-0.0436292354524233,0.0136549778138932,0.641255142835152,-0.00312967496517866,0.0102262528574628,0.000513066362874021,2.95104766087647e-06,-0.00162415707155677,-4.53185374530885e-05,0.019642549754325,0.001139245140388,-1.11859480628752e-05,-1.36493274995819e-05,-0.00066864235293643,-8.9914858067955e-06,0.00212084384889381,-5.06035153050414e-06,-9.19602967402289e-05,0.000553630628214387,-3.76713920352706e-05,-0.000203710253526428,-2.80221082635837e-05,-2.55564952336309e-05,3.6835757477919e-06,-0.00298983611810257,-3.1494548514753e-05,2.0687443151691e-05,-1.32867990336367e-05,0.00302727949306592,4.05756066742928e-05,0.00255452715940033,9.77060055835162e-06,-2.01865526655145e-05,-3.58792145311978e-06,4.47436922712211e-07,0.00167070517408131,2.79418363961765e-06,5.70038728551277e-06,2.49922141348408e-07,-9.62489730713154e-06,-0.000422145859212498,-4.78826777663993e-05,0.000197754882906808,5.94406134834472e-05,-1.32500781462224e-05,-5.74278377730232e-08,-1.94041946514871e-06,-1.75490292304155e-06,-0.025074437774584,-0.000185712462953145,-0.000696747430055111,1.34454200116233e-07,-0.00111998215654763,6.15184285755187e-05,2.22841816484192e-05,3.39532441494542e-09,3.40568035856818e-07,-6.87314184278574e-05,-4.36957107430938e-05,-7.02867880912082e-07,7.60895382929578e-05,1.33749521854457e-05,5.55168411114204e-05,4.40338874213117e-05,-1.33536412732365e-05,-1.82480091316522e-06,-0.000208186050492215,-9.58989087870385e-06,0.000129856780207756,6.81836719199853e-06,-0.000359078247247828,-7.39817940873357e-08,-0.00139500033324214,-8.69731348637211e-06,-1.82021066134893e-05,-0.000491208198477891,7.84525240150511e-08,-1.31015014676086e-06,3.68267018821721e-07,2.32999232018757e-07,-0.000879183784770769,-2.49912055810653e-05,-1.13619860591899e-05,1.31049661652384e-05,2.86649466015897e-06,1.20802054023151e-05,-3.54371585122135e-05,-2.01993558699543e-06,-0.000191310138384043,-1.11462110895819e-06,-0.00296595020956002,-6.14196293597568e-05,3.4069250273123e-06,7.11630515683513e-07,2.1707310937486e-05,8.00624613386228e-06,-7.9575115558013e-06,-8.12889466177343e-08,-3.54651475640016e-05,9.05906865555834e-17,-3.29698524983006e-07,4.69579334000172e-06,-9.36698588338092e-07,-2.37103154042125e-06,-3.15007235423725e-05,4.3528419233017e-07,-6.01061871687005e-06,2.6630019235241e-06,-6.77680651529858e-05,3.26484017430968e-07,-6.56050225496095e-07,0.000262285294254739,-1.70446145684769e-07,1.87306297197732e-05,-0.000273299007629236,6.36577467230394e-08,-4.12356868399397e-09,1.94610013378105e-07,-1.80297580236619e-07,2.83620048127075e-06,0.000915966550932564,-0.000171475849990997,2.52237492724764e-06,-7.85390200965945e-05,5.30954588271461e-05,-3.19768108019205e-06,5.55544087743502e-05,-0.000141008023179815,4.14513908549542e-08,0.000360464002080449,1.74946631113385e-06,1.42809375945896e-05,3.76427257909212e-08,-1.99351213380978e-05,1.0341856908489e-06,-1.23699393922168e-06,1.94925989868836e-06,-3.75682360459488e-06,2.8999713585904e-06,-2.10907798244433e-07,3.99436086779342e-05,-1.72931218458098e-07,2.83331240266197e-05,-2.76798206411328e-18,-6.8962217511677e-05,-8.87656558185598e-05,-7.27630693085756e-11,-6.31273657057879e-07,9.21964759457664e-07,-5.69513339636096e-07,-1.61436999081188e-07,1.83759300305634e-08,-8.19115161149696e-07,3.09542419418697e-05,1.13747335094474e-05,-8.7186781831092e-08,4.64440675214301e-05,-0.000155602006305724,4.18165924769967e-06,-0.00092215582629213,1.01002026944025e-06,1.76439757496944e-06,2.72289048457244e-08,7.23811177204513e-05,-9.17201152517854e-06,4.04405571185756e-08,-1.26058814428863e-05,1.46782803069225e-06,-5.32086962106658e-06,3.82813396556273e-06,3.40293775876734e-05,1.72177504369937e-06,-5.460346287707e-07,-3.5439588178321e-06,3.58126192394183e-07,-1.65386947126896e-06,4.61275150605879e-06,1.86161315398022e-05,-0.0010028225496908,2.05876483284162e-17,2.46419634454112e-07,1.34967782530545e-06,-1.34627036310789e-07,7.19542291069163e-05,7.73024942447554e-08,1.905676892425e-05,0.000530310458895688,-5.85522083843946e-06,2.7103710218211e-05,6.71649399018244e-16,-0.00955468543276367,2.23247809363616e-08,-5.39802962487176e-07,3.73173925426726e-08,2.62553501890971e-06,-1.92512351735511e-06,-3.42191379435287e-05,9.38536332124754e-06,-9.67677436995921e-07,6.19556273477684e-05,-1.99858915858985e-07,-1.91251850755158e-05,-2.5513179637155e-08,-3.72277999817857e-09,-5.31036304214651e-05,2.9041814243756e-07,-9.81367372178608e-05,2.85883154030333e-16,-1.53233841677677e-06,1.20587816980711e-07,3.47536840831268e-09,3.11322687834748e-08,-4.74242854843897e-05,-0.000378338358243169,9.41072429768572e-07,-3.46893736350619e-06,-1.99518893183193e-06,-1.61987538213408e-17,-3.63487207012994e-05,-1.28918305353328e-07,-0.000568867926507423,1.5020469229996e-15,8.5181907998589e-06,1.0956948682173e-06,-1.68943258094727e-07,-0.000116720442935522,-2.24290075319054e-05,-2.06733503443089e-05,-3.88963731574571e-06,2.06361492028656e-05,8.69384568541801e-07,4.82173642650614e-08,1.1187943807519e-05,3.39098856703004e-07,-1.1765588022762e-16,-1.34868686865956e-07,4.99125426234244e-06,2.15309567787984e-06,-1.35369586253836e-05,7.79830924733073e-18,-2.76283410324279e-07,5.07360592374774e-08,-5.74960895704735e-06,-8.20985676344638e-08,-2.97406736400357e-05,2.89470873503961e-07,-3.82846775868166e-06,2.04974914124367e-05,1.52879268581811e-16,7.38712706593707e-05,-3.50172904550203e-07,1.01667027577437e-06,0.000109263826813364,-1.43624394531396e-07,-2.30843518310449e-06,3.14147579477675e-16,3.69795840700618e-17,-2.0657017184769e-06,-1.93384147633189e-07,2.55203096279003e-08,-2.83897104596484e-05,9.65245715030362e-15,-0.00450292923923169,-1.77514760789824e-06,-1.85942910705002e-16,-1.64802481994866e-17,-1.18123810777254e-16,3.18058650799495e-05,8.66949724446305e-07,-9.49859197685017e-07,2.88337469040069e-05,4.09355728931934e-06,7.57089837926747e-07,-3.2844771841306e-07,-2.54790715741464e-16,-7.17426390418367e-08,2.01285056611514e-07,3.19061034377529e-16,3.40367759979387e-17,-1.25807018381684e-07,-7.25754312624477e-09,-7.4247229024142e-08,1.87264732405375e-05,7.28396203438306e-08,-2.91851428074198e-06,1.1415308324698e-16,-1.02704863829171e-06,1.59286752483671e-15,-5.67495170761804e-05,-5.62158826433734e-17,-8.08409678349618e-08,5.15227573709476e-17,3.32032062621835e-07,8.74162611829739e-08,6.59172571043851e-06,5.32350373476679e-06,2.35058597809241e-07,-2.69726786438694e-08,1.70848403139734e-07,6.38957101264792e-08,3.06189638400656e-05,1.01928100203873e-06,5.9357173835955e-08,-1.66858778003625e-07,-3.03905768001815e-05,-2.98221692692405e-05,-7.92901413732822e-08,-5.00959879116535e-17,7.41248591165875e-07,-1.27560838861064e-07,6.56567083217697e-08,1.52350238659118e-17,1.2195827454392e-06,3.46822900712118e-06,1.10956170522867e-06,-8.548872397072e-17,-2.68785849570669e-07,-1.51219305789283e-05,-8.70750431568328e-17,-1.8821686567669e-07,4.18701046699104e-07,-1.40495133698746e-16,2.76300221788862e-16,-1.53876459103055e-08,-8.69282940416299e-06,-4.94966763642926e-08,-6.8624790925683e-05,1.91339133090962e-06,5.04947824259191e-08,6.22031265363438e-05,4.48973360467362e-07,-1.12330812298034e-05,4.15391733597087e-16,2.07475691505702e-09,1.51438578585561e-07,4.18092225231216e-07,6.62762201959438e-05,-3.40049514416279e-16,-1.0285321935855e-17,5.53866749434528e-06,-1.36848006637943e-16,-2.7680916156425e-15,5.7031110883791e-07,-8.38603984587796e-07,-1.57002773806202e-07,-1.49588466543459e-06,4.0143335169567e-06,1.04861816534801e-06,1.33990336915052e-06,-6.23794427426148e-18,8.47267352511693e-05,3.28685629697999e-07,1.81306986768537e-05,-1.43767200559607e-07,5.66853808310151e-07,-7.63229377825955e-17,-7.52579267577544e-17,-7.69051403796605e-16,-5.2094664788191e-06,-2.37291981147328e-08,-1.53815755312888e-06,1.72738688496357e-16,-1.81716663580759e-08,-3.03740595451889e-16,7.35722239159487e-17,2.96408232290816e-06,-7.42114959502495e-07,1.61153100412814e-16,-6.11979186318476e-06,-8.24962080332093e-08,-2.87747089089298e-16,1.86453871293735e-07,4.218940450456e-16,1.17620381006525e-05,1.22698591133029e-16,1.1737443982298e-05,5.69777440725704e-07,2.06692725617069e-08,2.42704859345567e-05,0.000166490407617336,-6.60218786169896e-08,2.02702010560072e-06,-4.34419185857388e-17,1.19689524341832e-06,-6.75465993467407e-08,1.2322421865857e-16,-8.89716874992723e-09,-1.81248163333097e-07,4.20971988793015e-08,-7.00018918739532e-17,1.34870664069019e-07,1.78339564231967e-07,-3.92173653023813e-17,-4.94681266720408e-06,-3.75418699606989e-06,-5.12210647940812e-09,-1.40059549465077e-16,-1.48090656816473e-16,9.14729902668364e-08,3.48488850144536e-05,4.0142128129282e-07,-3.63837221513472e-08,2.05312819507314e-05,-4.78633425967694e-17,-2.00363557146152e-16,1.07291726037318e-05,1.90068437084742e-08,-5.99205344270323e-18,0.000180938050322966,1.03586435038445e-17,7.4910835363778e-08,-1.2649075585563e-06,-1.69222963577015e-06,-1.12189322717504e-05,-1.57271027704286e-16,-1.09300678224867e-17,-4.51996841644021e-17,-1.91976084152789e-17,-8.64624419019406e-09,-2.99890130578575e-08,3.09284793564314e-16,3.82632349982858e-17,-8.19954138668508e-17,4.21991020477662e-08,3.79177202843787e-10,-2.08703402588067e-08,3.56792549001155e-17,3.68847273145463e-16,1.06549968501013e-16,-8.94107695967814e-07,2.73586172764095e-08,4.54117633507296e-17,4.79777919585841e-09,-1.25486964108864e-07,-1.4872784346101e-16,3.56043856709196e-17,-1.52811475117943e-05,-8.85659691439486e-10,-7.56560311590997e-06,-2.72123316646115e-16,4.82515154054635e-08,7.78473049480654e-07,8.34916240261284e-07,-3.11397070834963e-06,-1.84760098326487e-07,3.00690781265821e-09,-1.51688844608097e-16,5.35516300215496e-16,1.72845466197211e-16,5.70871626390149e-08,-5.16866367116775e-08,-2.01874082198482e-06,-1.53113149830408e-08,-4.07884594054931e-17,-1.36192639643519e-16,1.73205645770561e-16,1.42044886293406e-16,1.74947751840147e-16,7.30187773148957e-08,1.85628826867096e-16,3.49263538856897e-17,-1.44836046975602e-05,3.76116891402894e-16,-1.85591999390883e-06,9.92831077224903e-17,-1.35679602393908e-06,-2.25235377616719e-16,-1.64197225548707e-06,-2.43227881360285e-06,-1.81186237266922e-07,9.74312363996138e-17,1.11777071636447e-05,-1.95480445472037e-16,9.9995046554039e-07,-1.58934010180309e-07,8.79529065463402e-10,6.60087394484955e-17,4.84195707816565e-06,1.29419617173281e-16,-3.48388781557069e-07,-1.77841924673239e-07,2.17227961272463e-16,1.58125696077036e-17,-9.76842422341774e-17,1.06997731745232e-17,-2.69640035681389e-08,-1.36037624813812e-06,-2.11701757351541e-06,1.6789031080329e-16,-3.22823179742119e-17,-1.83424972541099e-08,1.49621856294067e-07,-3.90647959240543e-17,1.02118375739071e-16,-2.98122271771228e-07,3.13882529462053e-17,-5.77551228853671e-06,7.17085522627994e-16,5.28895037986743e-07,3.99186351025613e-17,-3.86590087393308e-16,3.57481390184987e-16,-4.15683945565574e-16,-6.09857096978041e-17,6.0551753517739e-16,1.01638294971551e-08,-7.10822867898543e-08,-4.45149970507485e-17,-4.72005986398733e-08,1.9833190735256e-06,6.61351286201056e-16,2.33058750631334e-16,7.32232603181655e-16,2.18753361916159e-16,1.82420900161385e-06,3.44153005079812e-06,-1.05256537166383e-16,4.86298569284941e-17,-3.55865625018049e-07,-1.14959061420455e-07,-1.74110707395333e-09,-2.07293499879612e-16,6.19223256275129e-17,-2.20996681730632e-16,-2.66860895475375e-16,1.4422025119224e-17,2.59270295908307e-16,0.00196046036472033,-2.20120318076963e-06,-2.04739735049992e-06,-7.87588035394811e-18,-1.62367858635768e-16,1.32409968569533e-16,-5.4623334810752e-16,-2.40066938908986e-16,3.61066856122157e-17,2.70497033314274e-16,9.38406977382645e-17,9.77369323702464e-17,2.1179045928947e-16,-2.52637550916601e-17,-2.92201877519499e-16,2.52520142458337e-17,7.2477824907723e-17,6.68063145086633e-09,1.14102623431594e-16,2.82287685167767e-16,3.30731004644598e-17,9.45848377992954e-08,-1.16972646738654e-07,3.50001974925072e-17,-2.44121550525215e-09,8.64511230197726e-08,4.94781268737276e-17,1.77018784759912e-15,-1.66698167730872e-07,1.9427563444727e-17,2.12822011729374e-09,8.43628042049538e-17,-6.03472843813408e-18,2.09899241595784e-16,5.31671188187334e-16,2.13450089432734e-07,-2.85839093686737e-07,7.49168675429192e-16,-2.71812421368352e-16,1.52016845409878e-16,-1.55793938745079e-16,-2.3708113380469e-16,1.22891376676551e-16,-5.10868055387761e-16,-2.46403107920817e-16,3.43155546993129e-09,1.8140841720952e-16,-4.92620151406392e-16,2.69758440289777e-16,-6.4946746782099e-16,-3.59905171338307e-16,-3.75733806596499e-16,-7.45613255647099e-07,2.96784718954993e-17,-4.7554978441011e-17,5.04331617934031e-08,2.67473179031336e-16,6.07077376435355e-16,-1.52097722238199e-16,-4.29308976392093e-16,4.19982991686715e-08,-1.20435401592158e-16,-3.16884069151788e-06,-1.70977477197735e-16,-3.32208502599766e-16,-1.93886587715516e-16,7.98163116664667e-17,-1.82608192053987e-16,-9.77796826341774e-17,5.01756444800734e-08,-3.21145758434309e-16,8.22644697737396e-16,6.33299202951085e-09,-6.25994157851075e-06,-3.01299149455102e-16,1.07713781919707e-06,1.71723072063637e-05,8.19813325357703e-17,5.62866790455434e-16,-2.20755575967708e-18,-1.08613120403449e-17,8.82079394106535e-16,-2.87468443020745e-05,1.8533834217014e-16,-9.03585123832715e-16,-1.0278090128662e-16,1.66054230242692e-06,-1.13265735028091e-15,-7.59783336331666e-16,5.45374733353603e-16,2.99834477299672e-17,-5.23351498860191e-06,9.48819276697669e-16,1.31608498669394e-09,3.96903272697875e-18,3.27747871342216e-16,-1.46197893303432e-15,4.57290001796447e-16,-4.92484086522809e-16,-4.18385885056998e-16,4.01911681643583e-17,-2.2811345720546e-08,4.0244366325626e-16,1.61383318847055e-15,9.58770700506004e-09,5.74488331925892e-16,-9.72845957259505e-17,-4.36169398310401e-16,2.42156105431084e-16,-2.83912997728075e-16,1.17153107679656e-15,-6.94495585215871e-08,3.28012333093537e-16,8.86962134920353e-16,2.06727510239317e-08,-2.9935567590298e-16,-1.52482922926692e-15,-2.2125105379274e-15,-1.57082907004027e-17,-9.89492700853666e-16,-2.22239926083795e-15,-2.14149301702526e-16,6.94971565685668e-16,-1.3652701842295e-15,-4.00061512615601e-16,7.07859905863839e-16,-1.0831697624935e-08,3.59129640447296e-08,-1.33976180681991e-15,1.02764275500016e-15,-4.79305286757197e-16,1.33017824864803e-15,3.33820089084245e-15,-3.75247327956857e-16,9.19116759269488e-16,-1.4934373810764e-16,-3.42038987097315e-08,-1.63629943156415e-16,-6.80339278371006e-16,4.27387138869365e-17,7.38873881566156e-16,3.9792974294105e-09,6.1375488166599e-16,-6.30570648147861e-10,-1.86714737004668e-16,-2.45866659481523e-15,4.7675754726728e-15,2.77291060590052e-15,-1.27230328747231e-15,-6.02680678104408e-15,1.16825343130168e-15,-7.79037319591172e-16,2.19666479012955e-15,-4.58629526323758e-16,-3.18776273496968e-15,2.72136500386182e-15,9.69547015481263e-15,4.51678097669205e-15,-8.23253108028479e-14,-0.707106781186547,7.1656495270271e-14,-1.13074904643199e-14,-8.33493297664798e-15,1.15989213042307e-14,-7.16569544586404e-15,3.06713647571801e-15,7.92567114516181e-16,1.9271138958193e-15,-1.41069320827353e-15,3.55416252656555e-07,6.56452247940739e-16,-9.27886575909692e-15,1.5903248731849e-16,-2.72846563849196e-15,1.55872300879491e-15,1.42593923883648e-15,-1.9159706050419e-15,8.53872255758757e-16,-8.4551988268033e-17,-1.44372543299458e-15,2.40655612842103e-15,2.46744712983177e-15,1.82007858004276e-16,-5.64524525384909e-16,5.66559049419833e-16,1.64081271970758e-15,-8.12368068184642e-16,-3.90650300926242e-07,-5.63833888130966e-16,6.97149792264291e-16,-6.33946020863229e-16,4.06775756494114e-16,-7.31130438370407e-16,-9.31520193757537e-16,4.93699112708848e-16,-1.25270802000391e-15,6.3039461037045e-17,8.94232582625887e-09,3.67619957359959e-16,2.34660277502717e-17,-1.65388288125296e-16,3.68377446516317e-16,1.15098521760385e-16,1.19703027769225e-15,3.85856117935447e-16,8.74982288104726e-16,2.28612016473692e-16,8.6288320887444e-16,-4.85382026271395e-16,-3.0909302266925e-16,1.37291970156756e-16,7.03142022330233e-07,-1.82079384882283e-16,-3.14836105627211e-16,-2.5408179698981e-16,-2.80273037851081e-16,-1.23406777782507e-08,-3.88266636947385e-16,-3.80960058045225e-16,-4.21292452250269e-16,2.82242441123638e-16,1.72847593217557e-16,2.28042626406272e-16,-2.81497752292919e-16,4.82261827001581e-16,9.74614447169514e-17,3.05617111562985e-16,2.82127990038817e-17,2.43643747894156e-18,1.5672773083878e-16,3.59272456988703e-16,-1.31730400568828e-16,3.97402335040058e-16,-1.08785376156739e-16
"t804",0.0347575865198791,-0.00995545363668263,-0.0108685875066029,0.000627601873636692,0.00570422564938724,-0.0153616993654275,-0.00216520379124631,-4.63914661736776e-06,-0.0436117729517193,-0.0318703578898706,-0.0278854641671459,0.000243445199865285,-0.000479892346383563,-9.99955375010857e-05,-0.00247755447235389,4.40321203019024e-05,2.35756550271372e-05,-2.30016513771896e-06,-0.000699909087676935,0.000406835226479678,2.35438418303247e-06,-3.12554665811126e-05,0.0452597989951934,0.00186173277449913,-0.000176459315926188,0.00150710873533986,-0.0145904911215411,-0.000107261252795364,-6.33368239408322e-06,-0.000928290677919714,-0.00466257496937462,0.00817877909254613,5.61861642970561e-06,-0.00645808506503171,0.0100989899379266,0.00226369693453405,0.000107407314018154,-0.000450909180790047,-0.140967584299153,0.0123964735431622,-0.000882070721010084,0.233627955273121,0.000384749384988159,-0.0232360701569793,0.000402348615392808,-4.19938728254649e-05,7.39190553609716e-06,-0.000110706014310316,0.0125115045103483,-0.0194656773595004,1.88381757351328e-05,-2.63203908157454e-05,3.50073972893892e-05,-1.09616150593346e-05,0.000931048104923735,-0.000708862016669952,0.000276622762205268,-0.000323055562665969,0.00280067896928217,-4.25231734234366e-06,-3.80913230426115e-06,0.000195883848465834,-0.000116291827551381,8.73491043470046e-05,-0.012798340373918,1.17065037522191e-05,-7.70555250580987e-05,0.000230804029990743,-5.52007876258211e-05,0.00024404199394368,-1.91377835257088e-06,5.04432946899738e-06,-1.74763435670926e-05,-1.15855841810128e-05,4.89326363615011e-06,4.24639493275151e-06,-4.38825891697072e-05,7.1043525098081e-06,-0.0143875968921356,0.000105927296703937,5.16841351836631e-06,0.000487478281926466,-0.0142424166893537,4.75670282022608e-05,-2.06777252859056e-07,3.11815064358289e-06,-7.54605037809486e-07,-1.34812939143203e-05,-2.54576450050189e-08,1.04759999340582e-06,-1.12998786972152e-05,6.44702924794166e-09,4.31400401826516e-06,-2.6430840289955e-06,5.30805379212105e-08,1.83309983951658e-07,2.22197292087518e-08,-3.22487003947659e-07,4.51442069620415e-06,0.000168902070862672,5.03551208252527e-06,-3.4352589883753e-08,7.44431483156212e-06,-2.08151816653923e-05,0.000307126506608591,-7.2741544522239e-07,0.00022084722373307,-2.98947246633161e-07,0.000571210743180375,-9.34357512992987e-08,-3.25954864996149e-06,-7.39086647149565e-06,2.31925178522796e-06,-3.17692957116713e-06,3.57566714135667e-06,-5.77189504492324e-06,0.00529885275565469,-0.00588330890430204,4.90200209998574e-05,-2.16035345190728e-05,1.32333019281301e-05,-3.19943660246084e-05,0.00050771890393988,0.000505277286165861,-2.5125266194912e-06,5.84516213671024e-05,-6.11779242447473e-06,0.000159082163162403,-0.000190855876328898,-0.00666071202068267,-5.03188271832561e-05,0.000229894431285715,-1.96456397753092e-05,-0.00244561624817586,5.79650854732691e-07,-0.000391353225589196,0.00163709706117795,9.68549100999751e-05,-0.0436292354524233,0.0136549778138932,0.641255142835153,-0.00312967496517865,0.0102262528574626,0.000513066362874081,2.95104766099292e-06,-0.00162415707155648,-4.53185374530881e-05,0.019642549754325,0.00113924514038809,-1.11859480629482e-05,-1.36493274996167e-05,-0.00066864235293638,-8.99148580677744e-06,0.00212084384889382,-5.06035153049359e-06,-9.19602967401501e-05,0.000553630628214407,-3.76713920352157e-05,-0.000203710253526337,-2.80221082637176e-05,-2.55564952336364e-05,3.68357574744199e-06,-0.00298983611810257,-3.14945485147798e-05,2.06874431516541e-05,-1.32867990336373e-05,0.0030272794930659,4.05756066744098e-05,0.00255452715940038,9.77060055835232e-06,-2.01865526655863e-05,-3.58792145293964e-06,4.47436922757742e-07,0.00167070517408097,2.79418363952486e-06,5.70038728549912e-06,2.49922141375481e-07,-9.62489730724816e-06,-0.000422145859212491,-4.78826777665291e-05,0.000197754882907,5.9440613483493e-05,-1.32500781465861e-05,-5.74278375802771e-08,-1.9404194653336e-06,-1.75490292305892e-06,-0.0250744377745841,-0.000185712462953002,-0.000696747430055172,1.34454200278556e-07,-0.00111998215654761,6.15184285750003e-05,2.228418164845e-05,3.39532435052059e-09,3.40568035768837e-07,-6.87314184287427e-05,-4.36957107427422e-05,-7.02867881043328e-07,7.60895382929064e-05,1.33749521851891e-05,5.55168411114049e-05,4.40338874212943e-05,-1.3353641273251e-05,-1.82480091321398e-06,-0.000208186050492437,-9.58989087868711e-06,0.000129856780206972,6.81836719198538e-06,-0.00035907824724767,-7.39817941331661e-08,-0.00139500033324226,-8.69731348637886e-06,-1.82021066135437e-05,-0.000491208198477995,7.84525240024296e-08,-1.31015014662219e-06,3.68267018921487e-07,2.3299923203345e-07,-0.000879183784770584,-2.49912055808534e-05,-1.1361986059249e-05,1.31049661653588e-05,2.86649466017762e-06,1.20802054025015e-05,-3.54371585122426e-05,-2.0199355867717e-06,-0.00019131013838403,-1.11462110901207e-06,-0.00296595020956022,-6.14196293601081e-05,3.40692502737995e-06,7.11630515943523e-07,2.17073109375747e-05,8.00624613396849e-06,-7.95751155576805e-06,-8.1288946456942e-08,-3.54651475641101e-05,2.26301337083298e-17,-3.29698524938555e-07,4.69579333997979e-06,-9.36698588520658e-07,-2.3710315404035e-06,-3.15007235423266e-05,4.35284192416058e-07,-6.01061871681902e-06,2.66300192409375e-06,-6.77680651531637e-05,3.26484017494402e-07,-6.56050225537569e-07,0.000262285294254559,-1.70446145693732e-07,1.87306297198213e-05,-0.00027329900762923,6.36577466293816e-08,-4.12356868056857e-09,1.94610013314371e-07,-1.8029758019688e-07,2.83620048172416e-06,0.000915966550932631,-0.000171475849991123,2.52237492737317e-06,-7.85390200965282e-05,5.30954588269404e-05,-3.19768108051268e-06,5.55544087744242e-05,-0.000141008023179569,4.14513909174568e-08,0.000360464002080433,1.74946631123632e-06,1.42809375942907e-05,3.76427258395097e-08,-1.99351213382786e-05,1.03418569102412e-06,-1.23699393943094e-06,1.94925989877419e-06,-3.75682360475943e-06,2.89997135865072e-06,-2.10907798233575e-07,3.99436086779304e-05,-1.7293121837036e-07,2.8333124026498e-05,-1.88153457594888e-17,-6.89622175117987e-05,-8.87656558185314e-05,-7.27630845460873e-11,-6.31273657193755e-07,9.21964759327075e-07,-5.69513339664947e-07,-1.61436998917366e-07,1.8375930074982e-08,-8.19115160896994e-07,3.09542419418399e-05,1.13747335095059e-05,-8.71867819715349e-08,4.64440675216556e-05,-0.000155602006306071,4.18165924769771e-06,-0.000922155826291462,1.01002026937359e-06,1.76439757505581e-06,2.72289047318929e-08,7.23811177204972e-05,-9.17201152511764e-06,4.04405572240349e-08,-1.26058814427814e-05,1.46782803065665e-06,-5.32086962089367e-06,3.82813396554331e-06,3.40293775878028e-05,1.72177504426429e-06,-5.46034628793915e-07,-3.54395881774263e-06,3.58126191924658e-07,-1.65386947121159e-06,4.61275150594463e-06,1.86161315398131e-05,-0.00100282254969126,4.29052257225299e-17,2.46419634439781e-07,1.34967782560679e-06,-1.34627036108572e-07,7.19542291068606e-05,7.7302494270178e-08,1.90567689236776e-05,0.000530310458895441,-5.85522083857491e-06,2.71037102184916e-05,8.11446612311423e-16,-0.00955468543276376,2.23247808278368e-08,-5.39802962332002e-07,3.73173927188891e-08,2.62553501889076e-06,-1.92512351710662e-06,-3.42191379434531e-05,9.38536332135324e-06,-9.676774369715e-07,6.19556273477223e-05,-1.9985891581022e-07,-1.9125185075766e-05,-2.55131797872916e-08,-3.72278015913347e-09,-5.31036304215541e-05,2.90418142517278e-07,-9.8136737217518e-05,8.99625682026452e-17,-1.53233841663069e-06,1.20587816876262e-07,3.47536858225617e-09,3.11322683207809e-08,-4.74242854841051e-05,-0.000378338358243221,9.41072429805801e-07,-3.46893736345195e-06,-1.99518893175755e-06,8.42077819134837e-17,-3.63487207015168e-05,-1.2891830524656e-07,-0.000568867926507623,1.71976434180953e-15,8.51819080005238e-06,1.09569486873927e-06,-1.68943258063839e-07,-0.000116720442935633,-2.24290075322694e-05,-2.06733503444208e-05,-3.88963731551342e-06,2.06361492026147e-05,8.69384568303154e-07,4.82173641171224e-08,1.11879438075477e-05,3.39098857003397e-07,-5.55872892492263e-17,-1.34868686494634e-07,4.99125426280254e-06,2.1530956777904e-06,-1.35369586252613e-05,-2.87300750415579e-17,-2.76283410410838e-07,5.07360591004817e-08,-5.74960895674706e-06,-8.20985671317372e-08,-2.97406736401824e-05,2.89470873658232e-07,-3.82846775854084e-06,2.04974914121951e-05,-1.16002786332059e-16,7.38712706594834e-05,-3.50172904618205e-07,1.01667027558497e-06,0.000109263826813187,-1.436243944914e-07,-2.30843518297272e-06,-4.86264674359749e-17,-4.1017521207802e-17,-2.06570171866196e-06,-1.93384147823655e-07,2.55203093633389e-08,-2.83897104598848e-05,9.70197736704484e-15,-0.00450292923923119,-1.77514760802215e-06,-1.6027923621189e-17,-2.12822708609145e-17,-2.12793245601664e-17,3.18058650800653e-05,8.66949724059259e-07,-9.49859197537742e-07,2.8833746903664e-05,4.09355728980687e-06,7.5708983757302e-07,-3.28447718411071e-07,-5.29443501432188e-17,-7.17426392811681e-08,2.0128505757174e-07,-2.69153161170775e-16,-5.19925399944046e-17,-1.25807018437802e-07,-7.25754287665516e-09,-7.42472290882141e-08,1.87264732405852e-05,7.28396199149516e-08,-2.91851428082013e-06,-3.74279995457773e-16,-1.02704863829094e-06,-3.17986211577183e-16,-5.67495170760766e-05,-4.19918277667214e-16,-8.08409678133344e-08,-2.65058107323815e-17,3.32032062324346e-07,8.74162611751753e-08,6.59172571046061e-06,5.32350373481515e-06,2.35058597842799e-07,-2.69726777450847e-08,1.70848403264127e-07,6.38957101348255e-08,3.06189638404366e-05,1.01928100202783e-06,5.93571737431898e-08,-1.66858778068896e-07,-3.03905768006224e-05,-2.98221692692193e-05,-7.92901415305488e-08,1.26703932819943e-16,7.4124859111094e-07,-1.27560838929448e-07,6.56567079744605e-08,1.73010556663527e-16,1.21958274546575e-06,3.46822900712663e-06,1.10956170509051e-06,1.57746267949153e-16,-2.68785848980798e-07,-1.51219305789834e-05,1.20820377533299e-16,-1.88216865361796e-07,4.1870104665658e-07,6.36396156016186e-17,-2.24420876600889e-16,-1.53876458788178e-08,-8.69282940403271e-06,-4.94966761538914e-08,-6.86247909255255e-05,1.91339133121382e-06,5.04947826467554e-08,6.22031265370439e-05,4.48973360725744e-07,-1.12330812297899e-05,4.35297007857563e-16,2.07475696495991e-09,1.51438578466577e-07,4.18092224882451e-07,6.62762201958997e-05,-3.65415903474799e-16,5.98629590642795e-17,5.53866749456323e-06,1.53871057735506e-16,-2.55396644754311e-15,5.70311108802944e-07,-8.38603983945587e-07,-1.57002773439526e-07,-1.49588466546781e-06,4.01433351696433e-06,1.04861816555773e-06,1.33990336941794e-06,1.15428923893996e-17,8.47267352515579e-05,3.28685629189439e-07,1.81306986770757e-05,-1.43767201190089e-07,5.66853808181489e-07,-1.68829434308729e-16,9.58031671642472e-17,1.19203566818768e-15,-5.20946647848693e-06,-2.37291978163624e-08,-1.53815755276274e-06,-3.28340774542917e-16,-1.81716660443148e-08,2.2914477232473e-16,-5.47952614614757e-17,2.9640823229166e-06,-7.4211495961123e-07,-2.69153189319526e-17,-6.11979186346225e-06,-8.24962086345022e-08,4.06847032713476e-16,1.86453871649553e-07,-5.09925216627883e-17,1.17620381004274e-05,-1.93177220364307e-16,1.17374439821771e-05,5.69777441123092e-07,2.06692725964017e-08,2.42704859347164e-05,0.000166490407616964,-6.6021878763894e-08,2.02702010601249e-06,9.30117086937598e-17,1.1968952436174e-06,-6.75465992066829e-08,-1.61515935684142e-16,-8.89716834293198e-09,-1.81248163385085e-07,4.20971995082241e-08,5.80725579094704e-17,1.348706642421e-07,1.78339564684543e-07,5.23975905914527e-17,-4.94681266717078e-06,-3.75418699588197e-06,-5.12210652025170e-09,2.02334242770568e-16,2.6683174391837e-16,9.14729902189064e-08,3.48488850148891e-05,4.01421281168596e-07,-3.63837221622508e-08,2.05312819509447e-05,3.85000361514518e-17,1.28671578957256e-16,1.07291726034955e-05,1.90068435957611e-08,-1.46043517219087e-16,0.000180938050322849,-2.64862888972124e-17,7.49108348751562e-08,-1.26490755862907e-06,-1.69222963556148e-06,-1.12189322722396e-05,-1.38068098794484e-16,1.70780831652723e-18,5.76827132916591e-17,-1.33217750971668e-16,-8.64624429808077e-09,-2.99890133227313e-08,-3.71214704873493e-16,-1.20946877332173e-16,7.10619320969001e-17,4.21991021485976e-08,3.79177238769036e-10,-2.0870340306993e-08,-4.67752145128145e-17,2.22161495471752e-16,7.21146910633366e-17,-8.94107695528145e-07,2.73586170045936e-08,-3.90860141925262e-17,4.79777911516041e-09,-1.25486964215633e-07,1.67405697820905e-16,-3.23226966362441e-17,-1.52811475121631e-05,-8.85659543106337e-10,-7.56560311636735e-06,2.91688120096741e-16,4.82515154418174e-08,7.78473049490765e-07,8.3491624052464e-07,-3.11397070870515e-06,-1.84760098702957e-07,3.00690813373147e-09,1.82348460777741e-16,-4.95780238237041e-16,-2.80292894256677e-16,5.70871638999284e-08,-5.16866366977124e-08,-2.0187408222419e-06,-1.53113149720548e-08,-7.36126801774948e-17,1.97717122550457e-16,-5.2575968877609e-17,-1.12300175735465e-16,-2.37719704152279e-16,7.30187768346764e-08,-2.58312835733521e-16,-3.13336260969175e-17,-1.44836046977706e-05,-3.59250710212839e-16,-1.85591999400474e-06,-4.18322943327023e-17,-1.3567960235933e-06,2.47849299124879e-16,-1.64197225479779e-06,-2.43227881381527e-06,-1.81186237501887e-07,-4.98947098721481e-17,1.11777071635592e-05,1.37456426239464e-16,9.99950465439275e-07,-1.5893400987426e-07,8.79528881919747e-10,1.49316299602397e-16,4.8419570786381e-06,-2.31840147431418e-16,-3.48388781442222e-07,-1.77841924990394e-07,-3.26938012615659e-16,-9.68993715519559e-18,9.75665690345626e-17,-1.76356824319749e-17,-2.69640036689891e-08,-1.36037624816541e-06,-2.1170175737954e-06,-1.46729653269145e-16,4.11692967095339e-17,-1.83424974201222e-08,1.49621856426827e-07,5.74065395161626e-17,-1.40637091484256e-16,-2.98122272112133e-07,-1.05181426023159e-19,-5.77551228814595e-06,-8.0215732505802e-16,5.28895037530072e-07,-6.00695696160917e-17,-1.17526400409468e-15,-3.44059952000242e-16,4.03156055961504e-16,6.18370256114524e-17,-5.91224822812071e-16,1.01638308086194e-08,-7.10822866146876e-08,1.36295957668951e-17,-4.72005987139059e-08,1.9833190743785e-06,-6.37094323909354e-16,-2.21098368844853e-16,3.76621568208869e-16,-1.51437790967278e-16,1.82420900179224e-06,3.44153005065067e-06,-1.62975199918877e-17,-3.46778287631335e-17,-3.55865625318511e-07,-1.14959061970471e-07,-1.74110671220212e-09,1.21483123572133e-16,-7.32876140269059e-17,1.21454748767811e-16,1.37098938546231e-16,4.90619723412676e-16,-1.42043154852734e-16,0.00196046036472064,-2.20120318038459e-06,-2.04739734965287e-06,4.28011681586576e-17,2.2408406138107e-16,-3.20799299973028e-17,5.19845647852118e-16,2.75176601435552e-16,8.46648013271307e-17,-2.70343564578544e-16,-9.93321241701654e-17,-6.56450507724971e-17,-1.65991945955908e-16,7.40958793660317e-17,3.42940540639815e-16,-2.16694822384463e-18,-1.32794962843427e-16,6.68063098461975e-09,-6.65816321844868e-17,-5.73798308480224e-16,-8.50533706861742e-18,9.4584837912732e-08,-1.16972646158807e-07,-2.44865035370354e-17,-2.44121579495379e-09,8.64511231684998e-08,-4.3808691305696e-17,2.42646549204511e-15,-1.66698168154429e-07,-7.41219180917855e-17,2.12822055452372e-09,-1.06524384487688e-16,-4.25326690705728e-18,-1.79892197676452e-16,-3.68705338864857e-16,2.13450089548328e-07,-2.85839093703408e-07,-6.67538219936654e-16,3.00664462387447e-16,-1.38636323235528e-16,1.24580743085884e-16,3.36705760928951e-16,-9.82360868418024e-17,5.69892370877778e-16,3.24235455114964e-16,3.43155590778683e-09,-2.0194099437356e-16,4.67316037176667e-16,-2.79679891625287e-16,7.74809555074091e-16,3.15276071758222e-16,3.53121103856886e-16,-7.45613254671243e-07,-4.26069203475551e-17,1.42572622559785e-17,5.04331607968521e-08,-7.18840245726379e-17,-6.04185157976475e-16,1.25216676703469e-16,2.88446949071328e-16,4.19982996953235e-08,1.26263049121526e-16,-3.16884069385321e-06,2.53955697031272e-16,3.11284273304623e-16,5.47330327823773e-16,6.03326877601559e-17,1.98194118153525e-16,1.0277097490772e-16,5.01756446341208e-08,-1.67315309791508e-16,-7.71889885006146e-16,6.33299470782239e-09,-6.25994157847742e-06,2.953810207173e-16,1.07713781915416e-06,1.71723072079683e-05,-2.40861637350289e-17,-7.11084554350195e-16,-7.48413566950451e-17,-9.10782221603177e-18,-8.36944716717949e-16,-2.87468443013149e-05,-2.25601189299092e-16,8.37995930885062e-16,2.01952345038122e-16,1.66054230388618e-06,1.04255086672668e-15,7.75207807553469e-16,-4.3126060004867e-16,-3.39348868870741e-17,-5.2335149912433e-06,-8.44806436050813e-16,1.31608582283746e-09,1.17659086014736e-17,-2.31944377445748e-16,1.4222342828955e-15,-3.88134497342323e-16,4.91748378467763e-16,4.07696439958585e-16,-4.8838638505183e-17,-2.28113465267592e-08,-5.86849831490944e-16,-1.61578987742368e-15,9.58770886297616e-09,-5.53423554592476e-16,1.18555644637182e-16,5.02859390733817e-16,-2.2482942763404e-16,2.7905334617428e-16,-1.20903708492036e-15,-6.94495587482533e-08,-3.32831470233359e-16,-9.41479320807192e-16,2.06727523700504e-08,3.14343054824228e-16,1.61919074009411e-15,2.134056210158e-15,1.13999801658716e-16,9.98068512890056e-16,2.20660359198872e-15,1.97585703154451e-16,-7.05155228309591e-16,1.32350910125998e-15,3.84723816133498e-16,-7.05756896136381e-16,-1.08316977438857e-08,3.59129683565482e-08,1.47843566081254e-15,-9.29261956384233e-16,4.5410298057771e-16,-1.25939697139216e-15,-2.41183144961653e-15,4.9978311131625e-16,-8.15012619676083e-16,2.56773074826378e-16,-3.42039064313097e-08,1.55072240396592e-16,6.90160724342661e-16,-1.05455452119199e-16,-7.77709369843808e-16,3.97929346467968e-09,-5.26863747005876e-16,-6.30571945071132e-10,1.77220565528764e-16,2.41874505986737e-15,-4.85528084476902e-15,-2.7945986229545e-15,1.24411535832558e-15,6.12539021825542e-15,-1.15907291444991e-15,7.57309732047456e-16,-2.2063371386783e-15,4.67871092341507e-16,3.21313703149823e-15,-2.70716212606456e-15,-9.48230071236952e-15,-4.53481903617631e-15,8.23453117598179e-14,0.707106781186548,-7.16123692807157e-14,1.11072282548719e-14,8.27909813361592e-15,-1.16028201371943e-14,6.89015223999043e-15,-3.08072552026036e-15,-9.27736472566568e-16,-1.98009325391324e-15,1.44608236112294e-15,3.55416244616001e-07,-4.2581580139362e-16,9.17468889747535e-15,-1.07986581456908e-16,2.56198654904344e-15,-1.56592954184024e-15,-1.43334672870998e-15,1.76429163184053e-15,-8.56108806510008e-16,1.00467891860324e-16,1.36541823451268e-15,-2.6929718492056e-15,-2.4849677974355e-15,-2.26572231013815e-16,5.5351445325913e-16,-4.83968807023442e-16,-1.69302199843994e-15,8.03971218080491e-16,-3.90650300967621e-07,5.44655442079423e-16,-7.36304243339934e-16,6.67217380664501e-16,-3.91027544722721e-16,8.65560505105863e-16,9.10831716810426e-16,-4.8197059520597e-16,1.26697255371888e-15,-5.8548584536568e-17,8.94232589375204e-09,3.04330817169681e-17,-9.5022712460319e-18,1.89252188538003e-16,-3.49545745555673e-16,-1.39943922793216e-16,-8.9516258730325e-16,-4.38093402217427e-16,-8.76324169329154e-16,-2.38852007745344e-16,-9.4479045576367e-16,4.78311083422971e-16,3.01483412989705e-16,-1.14864988865526e-16,7.03142023409456e-07,1.90546897490285e-16,2.81515493245594e-16,9.41212801292685e-17,-6.61315891371111e-16,-1.2340677710743e-08,4.0079897574123e-16,3.94801749671523e-16,4.24993036841621e-16,-3.38028614778666e-16,-1.59949934369402e-16,-1.7543841468656e-16,5.4914461975688e-16,-1.18276298013116e-16,-1.35052431356635e-16,-2.95648330728649e-16,2.54160651374571e-16,7.47158096289863e-17,-2.25341598081436e-16,-3.1746982624503e-16,1.89050960636919e-16,-3.35060412710256e-16,-6.55588039414371e-16
"t227",0.0362288069401818,-0.0109388674422888,-0.0119842582482719,0.000720599915684097,0.00681419700450145,-0.0191249692195793,-0.00271133265995118,-5.95537008654748e-06,-0.0598939296743976,-0.048974775534605,-0.0542278034691326,0.000726766788375167,-0.00157883057404082,-0.000348350277003738,-0.0104936137920673,0.000275170303789731,0.000187272770596573,-2.32987619385116e-05,-0.0111945415661179,-0.00478970910489441,-9.34934955628371e-06,4.07266260882839e-05,-0.049037733615762,-0.00198615881969785,0.000186348169578307,-0.00147045308711307,0.0141963989472078,0.000104892192591431,6.64517746209493e-06,6.52605779391882e-05,0.0235059212265362,0.00016863288749984,-3.12975157298803e-08,8.94073952675935e-06,5.5740323322876e-05,3.35422363010181e-05,1.72662144151528e-06,-8.01151428329805e-06,-0.00263600287524249,0.00028909560296965,-1.11574933372712e-05,0.00335255661502371,5.40771880376254e-06,-0.000325470648972304,5.23181177593745e-06,-2.13346497060977e-07,1.06975836876579e-08,5.03042649171431e-08,-8.05549288691349e-05,0.00027288056785197,-4.88914203568207e-07,8.48937361707589e-07,-1.16282800761364e-06,4.58581361434526e-07,-5.67968047373177e-05,4.54930808880463e-05,-3.73884024439749e-05,5.16104464941999e-05,-0.000456119823952261,1.00407300288631e-06,1.16821480132157e-06,-6.83947504519093e-05,4.53920577864029e-05,-3.51454871473078e-05,0.00888672141019753,-5.3713508057759e-06,5.31290820085404e-05,-0.00018508395868393,4.74248506721439e-05,-0.000237324989314951,3.68154162265238e-06,-1.80349639110349e-05,6.98565733504112e-05,5.96353640869622e-05,-2.60681391214213e-05,-2.56137265524804e-05,0.000278875378599526,-6.00859510689484e-05,0.34428870277797,-0.00726154196870793,0.000176576565441272,0.0125805219893649,-0.108198120625868,0.000230323699498752,0.000460379806567366,0.000127408093774052,-1.9677034295072e-05,-0.000337354927447957,-6.30772154782793e-07,2.5354275968528e-05,-0.000254987124252783,1.29660639645824e-07,8.85998206410449e-05,-7.24349670190195e-05,-1.3001269473434e-05,-1.49682951801246e-05,-1.75778272594648e-06,9.00397790632683e-06,-9.96743775667523e-05,-0.00198022349568696,-4.10326094637208e-05,2.72099059580827e-07,-5.71481574676498e-05,8.39343772118922e-05,-0.052882819051608,5.36172341604501e-07,-0.000369786731933769,5.15606008790184e-07,-0.00100694128008919,1.64639797397225e-07,5.71867956181858e-06,1.24485993713202e-05,-3.88522782089786e-06,5.07771040706982e-06,-5.95230509943861e-06,1.3957127478669e-05,-0.0287307408284783,-0.000291848437957575,-1.17695966267187e-05,6.76493891299369e-06,-4.29844432991886e-06,9.92291465814618e-06,-0.000144279954425531,-0.000143039365484223,7.00976885506254e-07,-1.45516733466676e-05,1.50767423477433e-06,-3.51229104005811e-05,2.9418389714692e-05,0.00102218671558004,7.47744212019843e-06,-2.56796276972885e-05,2.06539310371209e-06,0.000245798892208781,-4.79237349474403e-08,3.14423305912955e-05,-7.9736718269437e-05,-2.72990681811103e-06,0.000283652894835667,-8.17523513806518e-05,-0.00191044805196867,4.74991360420054e-06,7.49838295401962e-06,8.00880036672804e-07,4.6388481363124e-09,-1.13541080773216e-05,-6.91299644035891e-07,0.00058695873502719,0.000233599554563089,-2.35140038338104e-07,-2.87508715034039e-07,-1.41475326926813e-05,-1.90033804889088e-07,4.46237311099902e-05,-8.61372840447369e-08,-1.45832445124164e-06,8.27443201702407e-06,1.04079938747665e-06,9.40789887936566e-06,1.38686890875849e-06,1.82910353673306e-06,-2.85307120259755e-07,0.00618527889635323,-1.63780203138693e-06,-2.19212060749888e-06,1.9582026925463e-06,-0.000883138178692124,-1.20973010957805e-05,-0.000765869658302712,-3.1843229851147e-06,7.24758091470608e-06,1.30619419353832e-06,-1.97589710920182e-07,-0.00104392139933624,-1.47647221265161e-06,-3.11089501081552e-06,-1.38659653172466e-07,7.27778093600505e-06,0.000450845957701606,5.45119654224363e-05,-0.000239665425180226,-8.76648593277944e-05,2.11964042785197e-05,9.98598364537289e-08,3.66520019402882e-06,4.55267754457498e-06,0.0713112352260789,0.00293952970691851,0.0133786096885543,1.31256901831933e-06,0.581509759276744,0.000364899637465249,0.000105347664876686,1.26271592769562e-08,1.10632073034863e-06,-0.0001678551839939,-0.000101805718227075,-1.49949921822015e-06,0.000156092809460691,2.184789272748e-05,8.99321822776074e-05,6.66149191044272e-05,-3.02332888173339e-05,-2.33881305335445e-06,-0.000266714790870545,-1.21833506098156e-05,0.000161016359485911,8.32235723191186e-06,-0.000421974444801873,-8.35034366841559e-08,-0.00153092924073949,-9.46877673298308e-06,-1.91807508245677e-05,-0.000509438759337144,8.13315835038381e-08,-1.34281910509044e-06,3.68015685684207e-07,2.31863715505667e-07,-0.00128222799137402,-2.38921533075292e-05,-1.08267940739182e-05,1.23223254483632e-05,2.68799484797523e-06,1.12978109355145e-05,-3.29737581576049e-05,-1.87927078118968e-06,-0.000177994698767691,-1.05774796940606e-06,-0.00396978214618619,-5.13982929841051e-05,2.90468891178385e-06,6.11601951724501e-07,1.87215912923549e-05,6.90921390072589e-06,-6.87819384206235e-06,-7.02067361861532e-08,-3.05841366294345e-05,-1.42408665227089e-16,-2.83566274073464e-07,4.03646779659488e-06,-8.02025260197947e-07,-2.02434391437702e-06,-2.68383145435551e-05,3.70815383434175e-07,-5.11730981493419e-06,2.28588345754143e-06,-0.00140742950067082,2.7551046779489e-07,-5.53804167160159e-07,0.000221275479482806,-1.43742195391487e-07,1.57935890754848e-05,-0.000230249072572504,5.35173767597775e-08,-3.46719401805732e-09,1.63744913592178e-07,-1.52553380507256e-07,2.40200267718109e-06,0.00114870863002353,-0.00339428705875327,2.08196991856877e-06,-6.50990317822354e-05,4.41415926387294e-05,-2.66662214372903e-06,4.65788747448444e-05,-0.000173657949844501,3.49248200344547e-08,0.000303757282529881,1.47451365647118e-06,1.20597327878322e-05,3.18112388102082e-08,-1.68874594532745e-05,8.76485418069422e-07,-1.06800595126994e-06,1.68734581551873e-06,-3.25906562786419e-06,2.52917988770958e-06,-1.84804189472926e-07,3.54360988413806e-05,-1.54078701665987e-07,2.5340802003739e-05,2.92986967348227e-16,-6.40752136575773e-05,-0.00171087684083198,-6.54761221088978e-11,-5.80504587533296e-07,8.61581304771382e-07,-5.36607687403754e-07,-1.52758393616554e-07,1.86762081842593e-08,-8.37546663817475e-07,3.17037150274357e-05,1.20175711421575e-05,-1.05086064769829e-07,5.78701322537578e-05,-0.000198965047652047,5.95123837989214e-06,-0.0824327767674445,-1.01664336701955e-06,-1.60543083865258e-06,-2.40481974455143e-08,1.71140482575632e-05,-4.13353970124557e-06,1.88128638644832e-08,-6.10178257545593e-06,7.39680164033955e-07,-2.711092964788e-06,2.10871157376293e-06,1.88458229439471e-05,9.62995357290001e-07,-3.07489733510964e-07,-2.04314678698969e-06,2.12843503155505e-07,-1.02150247017317e-06,2.91672444018543e-06,1.25129667559241e-05,-0.00414993207216789,5.48412164493985e-16,1.42387779649009e-07,7.98549506327319e-07,-8.86872895379206e-08,4.77516070605843e-05,5.17339366042279e-08,1.40997333055843e-05,0.00590382786903646,-1.9236812877615e-06,1.15836837955598e-05,8.6509116217156e-16,-0.00109658829549699,-3.32091383641221e-09,-2.53652381115721e-06,1.08775453891945e-07,2.21281265596516e-06,-1.48223486435487e-06,-2.48105302924902e-05,6.65128915239581e-06,-6.6693248728955e-07,4.21322373685012e-05,-1.35167127746453e-07,-1.29033854693359e-05,-1.71907449629746e-08,-2.50334904033629e-09,-3.57019152155769e-05,1.95015770017188e-07,-6.5843895545399e-05,-0.707106781186551,-1.02379185292576e-06,8.05240662092241e-08,2.32070592958513e-09,2.07663789851847e-08,-3.16302425590794e-05,-0.000252294019550307,6.27918066343646e-07,-2.31502836088843e-06,-1.33291236332845e-06,2.26263362416621e-16,-2.43479557850463e-05,-8.65280282112521e-08,-0.000548143829695761,-1.21703399561888e-15,5.60491653562241e-06,7.22302337552231e-07,-1.11448765941361e-07,-7.70833688418406e-05,-1.48304170385623e-05,-1.36780142665963e-05,-2.57445014814966e-06,1.36691389698071e-05,5.7590991179331e-07,3.19516943035642e-08,7.41694143555353e-06,2.24806306370653e-07,2.65949325748018e-16,-8.94556193893998e-08,3.31079914181067e-06,1.42836103827949e-06,-8.98171329983676e-06,2.15084978014815e-18,-1.83352725738202e-07,3.36748134613265e-08,-3.81624813860134e-06,-5.44923041462983e-08,-1.97400867406185e-05,1.92128575778891e-07,-2.54078028390778e-06,1.35935699550889e-05,5.15566691413122e-17,4.89095168604985e-05,-2.31793581156062e-07,6.72609539844915e-07,7.22188468856713e-05,-9.49219839870055e-08,-1.09742626851794e-05,6.16694195709755e-16,1.35941956355475e-16,-2.72772201139174e-05,-1.26938304290153e-07,1.67402162726397e-08,-1.8483236340833e-05,6.02343639885231e-15,-0.000106669455417078,-8.98374921360559e-06,-9.2509686991725e-16,-7.82801866761612e-17,-2.13342710131567e-16,2.15218732718655e-05,5.85941969429837e-07,-6.40173455706815e-07,1.94038744672285e-05,2.75439637524119e-06,5.08870552412504e-07,-2.20740321559774e-07,1.90420546699298e-16,-4.81517728509482e-08,1.35053323585917e-07,-6.24004753250993e-16,3.91873452165078e-16,-8.43374252974312e-08,-4.86454455058921e-09,-4.97577144584003e-08,1.25485674477555e-05,4.8802000366018e-08,-1.95533924741978e-06,3.54961131721071e-16,-6.88079554366046e-07,2.59423729086651e-16,-3.8016907743907e-05,-4.36441518775893e-15,-5.41532879870776e-08,-9.95256740855011e-18,2.22407665294632e-07,5.85541440760432e-08,4.41490667471176e-06,3.56544930479688e-06,1.57431216338184e-07,-1.80647914027612e-08,1.14424496743417e-07,4.27956078437589e-08,2.0507765790868e-05,6.82711142657946e-07,3.97616632150549e-08,-1.11815266598652e-07,-2.03907596459576e-05,-0.000386855511335073,-5.2834213139413e-08,2.65202965568426e-16,4.95650273526432e-07,-8.53365573885599e-08,4.39412159162987e-08,4.54746509727921e-16,8.16272335682884e-07,2.32155436163942e-06,7.42753348293211e-07,1.10974000732275e-16,-1.79933337367361e-07,-1.01243494025029e-05,-2.7387157231546e-16,-1.26023237622282e-07,2.80581714562172e-07,-7.91037140621788e-18,-3.26486257426196e-16,-1.03201277861303e-08,-5.83071195093916e-06,-3.32216237588931e-08,-4.61196027493909e-05,1.31548421090458e-06,3.5381184261869e-08,0.00079658132198327,2.98971894163387e-07,-7.49505997576886e-06,1.76215379094069e-15,1.38484153270444e-09,1.01086138510966e-07,2.79124977793021e-07,4.42545094989713e-05,-1.27561412237719e-17,8.15096275960845e-18,3.69903460768437e-06,-9.0800539491151e-17,-2.00085751827591e-15,3.81166609603587e-07,-5.60534428550369e-07,-1.04943027118291e-07,-1.00009906944863e-06,2.68394445273361e-06,7.01101323425197e-07,8.95899743750633e-07,7.3381918931739e-17,8.13403271703047e-05,2.20491213987042e-07,0.000230337006610349,-9.60273842857769e-08,3.78935084116475e-07,3.90708604667785e-16,-6.77466120092468e-17,-6.90953580065983e-16,-3.48424277614328e-06,-1.5874183896666e-08,-1.02900300931554e-06,2.94640210854218e-16,-1.21594018563809e-08,-1.73422373864286e-16,-7.90220863965622e-18,1.98715675141236e-06,-4.97544145410717e-07,-1.19479079407903e-16,-4.10728141809323e-06,-5.54166156675617e-08,-1.16665717046757e-16,1.25659012054052e-07,8.60034630577941e-17,8.05872577113992e-06,-2.02391467893647e-16,8.08181360528765e-06,3.94493120360648e-07,1.44546536872177e-08,0.000292970237149105,0.000768327263152049,-4.33593633010791e-08,1.34389949730686e-06,1.16593116843553e-16,7.95788699680904e-07,-4.4917758655e-08,-1.1407811216835e-16,-5.91772044443433e-09,-1.20590951615776e-07,2.80156107985284e-08,-4.47672994467587e-17,8.98129013118377e-08,1.18771796729098e-07,2.80592817023029e-17,-3.29493970473139e-06,-2.50071979579366e-06,-3.41270732569891e-09,4.80743840984882e-16,-9.81576797492065e-18,6.10083355465813e-08,0.000160310186072889,2.66160375134524e-07,-2.42608771067986e-08,1.95833119942397e-05,-3.44655176018719e-17,6.64307238009644e-17,7.16348117017927e-06,1.26924471469756e-08,1.79264415355068e-16,0.000172584052725599,1.50430500967754e-16,4.97797075240667e-08,-8.41831670259297e-07,-1.12627654428045e-06,-7.46793497380253e-06,-8.7306826915808e-17,9.93993914477761e-17,1.28902594772738e-16,-2.00825323265136e-16,-5.75842122911813e-09,-1.99731307053146e-08,-2.47933214478673e-16,5.53630073089929e-17,4.20400983606512e-19,2.81067492325231e-08,2.5255571500444e-10,-1.39015084036258e-08,1.42641793417339e-16,-1.11893729958651e-15,-1.29819657627983e-15,-5.95588977098428e-07,1.82243143354372e-08,1.30310493830881e-16,3.19593436016797e-09,-8.35902290777024e-08,-1.5181176002177e-16,-9.02228303577569e-17,-1.01790993034265e-05,-5.89955966717193e-10,-5.03956789952498e-06,6.5440852909086e-17,3.21405791108687e-08,5.18539335301386e-07,5.56126716247696e-07,-2.07412054950654e-06,-1.23062105229811e-07,2.00276436662425e-09,3.32115198074446e-17,2.97682647794502e-16,-2.35985510726455e-17,3.80193887484284e-08,-3.44226435873809e-08,-1.34443712535152e-06,-1.01963066262314e-08,8.68205008908832e-17,3.96741889584079e-17,1.53160704316524e-16,-4.36769007628577e-17,7.69155687688031e-17,4.86268690519718e-08,-3.24251408040525e-17,-1.8125991429944e-16,-6.59758976766022e-05,-4.23590340872879e-17,-1.23133359068591e-06,3.19614797175916e-17,-9.02164009727893e-07,-8.16170483916198e-17,-1.09301456165924e-06,-1.10717143324343e-05,-1.20605265963248e-07,1.65806702506183e-16,7.4401492984316e-06,-9.37852378831641e-17,6.65530254063292e-07,-1.05764564016961e-07,5.85289076359662e-10,-1.17644403010689e-16,3.22188473863255e-06,-1.62795659382241e-16,-2.31792293319567e-07,-1.18322181685731e-07,7.98756826285523e-17,4.81646746798976e-17,-5.0580497453355e-17,4.4233121024577e-17,-1.79377976904057e-08,-9.04972713428848e-07,-2.57795373158146e-05,-1.08948596550479e-18,1.07839821534516e-16,-1.21984288913631e-08,9.95029327069148e-08,2.48164012691224e-16,-1.73470491025404e-16,-1.98190410517675e-07,-6.14574672923587e-17,-3.83918802375447e-06,7.62665005579655e-17,3.51468361567414e-07,5.38503520388629e-17,-2.94891784588693e-16,3.78997689348385e-17,-1.31031929190354e-16,-1.14997711796002e-16,-2.77361353772237e-16,6.74797002276167e-09,-4.7192181100408e-08,-1.84493670118366e-17,-3.13213096600439e-08,1.31575561345676e-06,3.42313797116281e-16,1.28282983446576e-16,4.56181666747047e-16,3.04609165695329e-16,1.2082628624099e-06,3.25292123838166e-06,-4.04432428622286e-17,7.38405544049917e-17,-2.35385528674459e-07,-7.60301418271159e-08,-1.15101686373759e-09,2.40834624920667e-16,5.38810958910224e-17,-4.13266202716391e-17,-6.10651415501387e-17,3.39627338360925e-16,-7.29745491079072e-18,5.43724801836509e-05,-1.59154211561832e-06,-1.41952156919072e-06,-1.48816970110996e-18,-4.11298729532167e-17,-1.04359252379111e-16,-2.92524090677711e-17,-1.16233903810619e-16,3.97996541887023e-16,-1.8839072191984e-16,-2.57155615858687e-17,-7.71268581749915e-17,1.12564020995975e-16,-3.3661503271937e-17,3.11222200495175e-17,1.91819980168904e-16,-1.85818720859911e-17,4.4666963862944e-09,-8.19511654619073e-17,3.54976632473719e-17,-7.70624728104021e-17,6.32103113150603e-08,-7.81645262604889e-08,1.43498425825789e-16,-1.63119955682897e-09,5.77412267277195e-08,9.82092423142824e-18,1.55452784126859e-15,-1.11291813415458e-07,9.8459264175648e-17,1.42028131461515e-09,-7.74149541506026e-17,7.27714941068649e-17,1.1559053227886e-16,4.85583723344965e-17,1.42379853245811e-07,-1.90661104423166e-07,-2.08296361475066e-16,1.72606224655193e-16,2.52708823837845e-17,3.97381633066652e-16,8.59501272237884e-17,7.94438451004679e-17,-8.81935425905634e-17,1.16996784320558e-16,2.28679495913577e-09,5.50979495276563e-17,1.27509329290278e-17,3.70496916224239e-19,-2.30868506626319e-17,-3.39598026539929e-17,-6.80621738899226e-17,-4.96814558265219e-07,-2.98712402658356e-17,9.29782270646248e-18,3.36037332675428e-08,1.65273021148899e-16,1.64886224429503e-16,4.47519473179965e-18,4.45460897262877e-16,2.79779331874825e-08,4.30024440671765e-17,-2.11093488916193e-06,-7.12550244193215e-18,-9.63464423615773e-17,2.72933144163408e-17,-9.01931058389983e-16,-5.00560623922013e-17,2.98002306016576e-17,3.34242538626035e-08,-1.16332617025888e-16,2.52788100813451e-17,4.21900075597926e-09,-4.17037249766928e-06,5.13150850617347e-17,7.18150444663562e-07,7.72000373855953e-05,2.12724997572256e-16,-4.93847799045465e-17,-4.57431270170205e-17,-3.87959783480287e-17,3.2305934087333e-16,-0.000129093940132991,-2.15725494430318e-17,4.28635888617296e-17,2.83557167761234e-17,1.10450701136953e-06,-4.76040118627998e-16,-7.79733418707185e-18,-1.76064229707018e-16,-1.54162040936882e-17,-4.96441483763514e-06,3.57091244114054e-16,8.75749015791098e-10,-3.30258857560704e-17,-1.10391665280279e-16,1.7791287622775e-16,-1.59716399359605e-16,-6.19883047334677e-17,1.02490413146664e-17,4.68740802526712e-17,-1.51795652453633e-08,-2.77780235263592e-16,-9.08500677795712e-17,6.37997930096702e-09,1.23384022274463e-17,1.18853377800689e-17,-6.31225622780652e-17,8.36507057786445e-17,-9.69849054138477e-19,4.62350066649722e-17,-4.62120289121314e-08,7.09703257694913e-17,1.4516503546223e-17,1.37554047954727e-08,-8.43695257685089e-17,-2.56803179949337e-16,-9.16704812787661e-17,-9.94646622402e-17,-6.34082501126617e-17,4.70825374046869e-19,-3.19627300405216e-17,4.49587776746442e-17,1.56330621545682e-17,-4.8460935922604e-17,-3.79532091992835e-17,-7.20656058183747e-09,2.3893360681249e-08,-1.615260774673e-16,-1.1826725731548e-16,3.13449825716356e-17,-8.27137628766095e-17,-8.09248501543181e-16,-9.71803319551547e-17,-2.38263558584589e-17,3.85070475013405e-18,-2.27547500383793e-08,-1.25379210837496e-16,9.95372026469397e-18,-1.96100887230164e-16,-1.36498606657106e-17,2.64714060356897e-09,-1.97444989874043e-17,-4.19446156117004e-10,-6.74325392664764e-17,4.23089032502981e-17,6.70676914733041e-17,1.58641151479034e-16,1.75463770938724e-16,6.42004415839311e-17,-2.20177278743531e-16,7.41980412722331e-17,-1.31237001273092e-17,2.43590602858828e-17,-1.4101537545345e-16,-8.10834776710995e-17,-1.03911269443129e-16,-9.29272385556026e-17,-3.06337120476535e-17,-3.74141707922681e-16,3.41497947164153e-17,7.88639413111436e-17,4.03594815179803e-17,-2.86402493312684e-18,5.55111512312578e-17,3.45198482633547e-17,-1.76297805927946e-16,-4.01950012807868e-17,-6.74610080952677e-17,4.20403855933659e-06,-8.84152096161573e-17,3.57502671428325e-16,3.62388833765753e-17,-1.99953452144655e-16,-3.99963984119156e-17,-8.72723649328886e-17,1.6388564530676e-16,4.86461134230835e-17,1.84435180058822e-16,2.53000964500891e-19,3.26995375221628e-16,6.53205264110324e-17,8.89577412513656e-17,-6.78934409627552e-18,-1.03900922550032e-16,-1.86102309155654e-16,-2.6457685277208e-17,-2.5974567711403e-07,3.50003682157436e-17,-1.15165581979889e-16,6.91637219451225e-19,1.01689479083104e-16,8.74055192263785e-17,1.58791084628562e-16,-2.46206549658432e-17,2.818929047343e-16,-2.88774385476745e-17,5.94478043441634e-09,4.55946585587468e-16,1.90946168694999e-16,-7.76540041748761e-17,1.2070547543909e-17,-1.23409444325076e-16,-6.77180847585972e-17,-3.95159104014282e-18,-2.53000475191164e-16,5.79431437822092e-18,1.67469089511157e-16,-2.35725172372242e-17,-1.9340701631487e-17,-5.55627077050773e-17,4.6736226041973e-07,3.7698359313041e-17,-9.87955179242835e-17,1.17953155847879e-16,-2.22478285794026e-16,-8.20190855305473e-09,-9.97674918680314e-17,-1.26009491306651e-17,8.1133319444583e-17,3.60058394561435e-17,-4.1786992160835e-17,8.99244979911891e-17,7.25599108545298e-17,-1.70411770668967e-16,-4.14737884461946e-17,-2.80512387292441e-18,3.91800020946247e-16,-6.70333642898612e-17,-1.01441941804511e-16,-3.49688435057306e-16,1.75079157777999e-17,3.65740942274905e-17,-3.26775669754512e-16
"t28",0.0362288069401819,-0.0109388674422888,-0.0119842582482719,0.000720599915684122,0.00681419700450143,-0.0191249692195793,-0.00271133265995116,-5.95537008653046e-06,-0.0598939296743978,-0.0489747755346052,-0.0542278034691328,0.000726766788375188,-0.00157883057404082,-0.000348350277003739,-0.0104936137920674,0.000275170303789713,0.000187272770596579,-2.32987619385195e-05,-0.011194541566118,-0.00478970910489446,-9.3493495562555e-06,4.07266260882589e-05,-0.0490377336157623,-0.00198615881969786,0.000186348169578337,-0.00147045308711306,0.0141963989472079,0.000104892192591402,6.64517746206913e-06,6.52605779392097e-05,0.0235059212265364,0.000168632887499825,-3.12975157742241e-08,8.94073952681437e-06,5.57403233228336e-05,3.35422363009989e-05,1.72662144150942e-06,-8.01151428328217e-06,-0.00263600287524222,0.000289095602969613,-1.11574933372457e-05,0.00335255661502324,5.40771880371152e-06,-0.000325470648972237,5.23181177594168e-06,-2.13346497080651e-07,1.06975837073205e-08,5.03042649318916e-08,-8.05549288691051e-05,0.000272880567851915,-4.88914203610166e-07,8.48937361739688e-07,-1.1628280075557e-06,4.58581361419998e-07,-5.67968047373189e-05,4.54930808880677e-05,-3.73884024439658e-05,5.16104464942554e-05,-0.000456119823952282,1.00407300297905e-06,1.16821480135575e-06,-6.83947504518877e-05,4.53920577864238e-05,-3.51454871472817e-05,0.00888672141019771,-5.37135080580354e-06,5.31290820085231e-05,-0.000185083958683943,4.74248506721347e-05,-0.000237324989314916,3.68154162260132e-06,-1.80349639108714e-05,6.98565733504732e-05,5.96353640869623e-05,-2.60681391213347e-05,-2.56137265524676e-05,0.000278875378599575,-6.00859510691054e-05,0.344288702777972,-0.00726154196870819,0.000176576565441218,0.0125805219893649,-0.108198120625869,0.000230323699498699,0.000460379806567348,0.000127408093773971,-1.96770342951323e-05,-0.000337354927447967,-6.30772154590629e-07,2.53542759685293e-05,-0.000254987124252793,1.29660639629561e-07,8.85998206410241e-05,-7.24349670191772e-05,-1.30012694734769e-05,-1.49682951801529e-05,-1.75778272600728e-06,9.00397790631477e-06,-9.96743775668348e-05,-0.00198022349568703,-4.1032609463664e-05,2.72099059546788e-07,-5.71481574675889e-05,8.39343772118742e-05,-0.0528828190516087,5.36172341654619e-07,-0.000369786731933765,5.15606008759114e-07,-0.00100694128008931,1.64639797115332e-07,5.71867956178846e-06,1.24485993713143e-05,-3.88522782082084e-06,5.07771040676246e-06,-5.95230509945426e-06,1.39571274786684e-05,-0.0287307408284786,-0.000291848437957874,-1.17695966267244e-05,6.76493891299474e-06,-4.29844433016404e-06,9.92291465814174e-06,-0.00014427995442555,-0.000143039365484211,7.00976885438004e-07,-1.45516733467247e-05,1.50767423506663e-06,-3.51229104006025e-05,2.94183897146301e-05,0.00102218671558006,7.47744212006915e-06,-2.56796276972797e-05,2.06539310353697e-06,0.000245798892208801,-4.79237348391134e-08,3.14423305912865e-05,-7.97367182694338e-05,-2.72990681830868e-06,0.000283652894835703,-8.17523513806993e-05,-0.00191044805196882,4.74991360400011e-06,7.49838295394883e-06,8.00880036897572e-07,4.63884797389595e-09,-1.13541080773199e-05,-6.91299644005396e-07,0.000586958735027044,0.00023359955456268,-2.35140038444638e-07,-2.8750871501642e-07,-1.41475326925361e-05,-1.90033804985279e-07,4.46237311098861e-05,-8.61372841163329e-08,-1.45832445115073e-06,8.27443201696829e-06,1.04079938746109e-06,9.40789887928563e-06,1.38686890865762e-06,1.82910353680166e-06,-2.853071202734e-07,0.00618527889635294,-1.63780203158292e-06,-2.1921206074339e-06,1.95820269274637e-06,-0.000883138178692048,-1.20973010956122e-05,-0.000765869658302639,-3.18432298500787e-06,7.2475809149526e-06,1.30619419352131e-06,-1.97589710920115e-07,-0.00104392139933707,-1.47647221270559e-06,-3.11089501085207e-06,-1.38659653250801e-07,7.27778093621029e-06,0.000450845957701531,5.45119654223743e-05,-0.000239665425180223,-8.76648593280273e-05,2.11964042781491e-05,9.98598364203173e-08,3.66520019379466e-06,4.55267754465081e-06,0.0713112352260797,0.00293952970691904,0.0133786096885546,1.31256901849755e-06,0.58150975927675,0.000364899637465548,0.00010534766487652,1.26271591369416e-08,1.1063207306163e-06,-0.000167855183994051,-0.000101805718226914,-1.49949921838467e-06,0.000156092809460457,2.18478927274696e-05,8.99321822776741e-05,6.66149191044576e-05,-3.02332888179447e-05,-2.33881305380825e-06,-0.000266714790870608,-1.21833506098285e-05,0.000161016359485826,8.32235723199405e-06,-0.000421974444802,-8.35034370913942e-08,-0.00153092924073939,-9.4687767323744e-06,-1.9180750824899e-05,-0.000509438759336745,8.13315831645476e-08,-1.34281910556899e-06,3.68015685328626e-07,2.3186371575183e-07,-0.00128222799137462,-2.38921533078824e-05,-1.08267940738304e-05,1.23223254487991e-05,2.68799484767022e-06,1.12978109354357e-05,-3.29737581575969e-05,-1.87927078138585e-06,-0.000177994698767806,-1.05774796835149e-06,-0.00396978214618562,-5.13982929845623e-05,2.90468891188614e-06,6.11601951579213e-07,1.87215912925087e-05,6.90921390065627e-06,-6.8781938419009e-06,-7.02067359317926e-08,-3.05841366295803e-05,-1.17075568540966e-17,-2.8356627398005e-07,4.03646779523637e-06,-8.02025259438389e-07,-2.02434391447291e-06,-2.68383145436703e-05,3.7081538370125e-07,-5.11730981490022e-06,2.28588345734154e-06,-0.00140742950067171,2.75510468066892e-07,-5.53804167326875e-07,0.000221275479482816,-1.43742195134227e-07,1.57935890756979e-05,-0.000230249072572773,5.35173775076767e-08,-3.46719277125192e-09,1.63744912480595e-07,-1.52553380088447e-07,2.40200267731015e-06,0.00114870863002372,-0.00339428705875292,2.08196991899694e-06,-6.50990317824733e-05,4.41415926394181e-05,-2.66662214257229e-06,4.6578874744799e-05,-0.00017365794984601,3.49248199837418e-08,0.000303757282529691,1.47451365576608e-06,1.20597327875223e-05,3.1811239112364e-08,-1.68874594529936e-05,8.76485417419789e-07,-1.06800595187223e-06,1.68734581509561e-06,-3.2590656266342e-06,2.52917988833735e-06,-1.84804189461589e-07,3.54360988420063e-05,-1.54078703987369e-07,2.53408020038434e-05,-4.29909058780041e-16,-6.40752136573642e-05,-0.00171087684082932,-6.54763569268403e-11,-5.80504586242299e-07,8.61581305008565e-07,-5.36607687846292e-07,-1.52758394872583e-07,1.86762104795296e-08,-8.37546662881998e-07,3.17037150262973e-05,1.20175711428906e-05,-1.05086064945994e-07,5.78701322537878e-05,-0.000198965047653639,5.95123837918704e-06,-0.0824327767674524,-1.01664336727916e-06,-1.60543083885746e-06,-2.40481992382499e-08,1.71140482583637e-05,-4.13353970184048e-06,1.88128632858827e-08,-6.10178257531627e-06,7.39680163231113e-07,-2.71109296413199e-06,2.10871157290248e-06,1.88458229445745e-05,9.62995355345164e-07,-3.07489733936991e-07,-2.04314678767831e-06,2.12843503674634e-07,-1.02150247196423e-06,2.91672444057985e-06,1.25129667569456e-05,-0.00414993207216315,-5.22474385383423e-16,1.42387776333166e-07,7.98549510097362e-07,-8.86872893604367e-08,4.77516070642995e-05,5.17339356054245e-08,1.4099733302111e-05,0.00590382786904001,-1.92368129105142e-06,1.15836837971557e-05,-9.18968514299e-16,-0.00109658829549982,-3.32091330588821e-09,-2.53652381373314e-06,1.08775453662098e-07,2.21281265463538e-06,-1.48223486363151e-06,-2.48105302835763e-05,6.65128914995603e-06,-6.66932486864393e-07,4.213223737729e-05,-1.35167136470933e-07,-1.29033854722138e-05,-1.71907515988088e-08,-2.5033540290622e-09,-3.57019152305942e-05,1.95015677007974e-07,-6.58438955826531e-05,0.707106781186543,-1.02379184149251e-06,8.05240838629086e-08,2.32071517088926e-09,2.07663772537515e-08,-3.16302425395134e-05,-0.000252294019547477,6.27918067909902e-07,-2.31502835582921e-06,-1.33291236471409e-06,-1.72344181090949e-16,-2.43479557786491e-05,-8.65280285809946e-08,-0.00054814382969521,3.39483242614613e-15,5.60491653529532e-06,7.22302336613782e-07,-1.11448768071821e-07,-7.70833688469834e-05,-1.48304170535071e-05,-1.36780142650998e-05,-2.57445015117667e-06,1.36691389702268e-05,5.75909913437961e-07,3.19516992104045e-08,7.41694143657321e-06,2.24806312441716e-07,-3.03767137558297e-16,-8.94556219482958e-08,3.31079914123966e-06,1.42836104142287e-06,-8.98171330168309e-06,-1.23409534008305e-16,-1.83352723480743e-07,3.36748146836019e-08,-3.81624813712287e-06,-5.44923008422366e-08,-1.97400867365419e-05,1.92128574769967e-07,-2.54078028737449e-06,1.35935699552642e-05,-1.22089869976183e-16,4.8909516860334e-05,-2.31793581211817e-07,6.72609541757794e-07,7.22188468851139e-05,-9.49219839144347e-08,-1.09742626871766e-05,-5.57713597526543e-16,-1.65796805394738e-16,-2.72772201109047e-05,-1.26938299062202e-07,1.67402155316599e-08,-1.84832363435125e-05,5.60171156349648e-15,-0.000106669455415091,-8.98374921184496e-06,6.28293857743023e-16,1.7269848348932e-16,3.03624129363336e-16,2.15218732734976e-05,5.85941967415262e-07,-6.40173453781278e-07,1.94038744679575e-05,2.75439637489055e-06,5.08870552480583e-07,-2.20740323788918e-07,-2.93764457951836e-16,-4.81517715992149e-08,1.35053321160512e-07,4.85160442851121e-16,-3.57024741501774e-16,-8.43374252565073e-08,-4.86454439470609e-09,-4.97577138056356e-08,1.25485674478621e-05,4.88020017149726e-08,-1.95533924787728e-06,-3.56631247267109e-16,-6.88079553468328e-07,1.80280689165482e-16,-3.80169077438227e-05,3.31795680340308e-15,-5.41532878490755e-08,-4.55034895665693e-17,2.22407662481696e-07,5.85541443771508e-08,4.41490667388364e-06,3.56544930510588e-06,1.57431216499419e-07,-1.80647919500642e-08,1.14424498193501e-07,4.27956086805782e-08,2.05077657905145e-05,6.82711142270857e-07,3.97616650918483e-08,-1.11815266704204e-07,-2.03907596476474e-05,-0.000386855511333516,-5.28342133213601e-08,-1.67497352096761e-16,4.95650273501715e-07,-8.53365579072711e-08,4.39412165399605e-08,-2.65425767454445e-16,8.16272335026883e-07,2.3215543619904e-06,7.42753349254189e-07,-1.69554679449697e-17,-1.79933337714482e-07,-1.0124349403017e-05,3.54832888524069e-16,-1.26023238107316e-07,2.80581714274614e-07,-8.52320954567182e-19,2.58113236910888e-16,-1.03201267210861e-08,-5.83071195079991e-06,-3.32216239055297e-08,-4.61196027499953e-05,1.31548421099636e-06,3.53811851168646e-08,0.000796581321977878,2.98971894777567e-07,-7.49505997638898e-06,2.71020727561633e-15,1.38483981801725e-09,1.01086136610753e-07,2.79124978618177e-07,4.42545094986079e-05,-2.38266916381174e-16,-9.55349123585495e-17,3.69903460799635e-06,1.09464794649879e-16,-1.61817127971745e-15,3.81166609325632e-07,-5.60534428099106e-07,-1.04943026907827e-07,-1.00009906883525e-06,2.68394445100274e-06,7.01101323218085e-07,8.95899743675706e-07,-5.48682742120844e-17,8.13403271690426e-05,2.20491213233495e-07,0.000230337006608444,-9.60273833326316e-08,3.78935083431014e-07,-3.38796989559153e-16,4.99188097314302e-17,5.28205062624781e-16,-3.48424277573808e-06,-1.58741846941494e-08,-1.02900300922374e-06,8.99431223292817e-17,-1.21594026925406e-08,1.13305055044896e-16,-7.46443945598852e-18,1.98715675146817e-06,-4.9754414518726e-07,2.65087431172706e-16,-4.10728141788724e-06,-5.5416614271774e-08,3.25215277909136e-16,1.25659011694506e-07,8.38793673016809e-17,8.0587257710769e-06,-1.03511393279432e-16,8.08181360636108e-06,3.94493120069481e-07,1.44546539256425e-08,0.000292970237147302,0.000768327263152555,-4.33593612704633e-08,1.34389949761148e-06,-4.76304930744008e-17,7.95788699347233e-07,-4.49177595868704e-08,-6.12709678055355e-18,-5.91772043624839e-09,-1.20590951165431e-07,2.80156099565928e-08,-1.51821311106565e-17,8.98129022039034e-08,1.18771797387884e-07,-2.64518231653494e-17,-3.29493970485433e-06,-2.50071979591333e-06,-3.41270667557813e-09,-6.71909634651423e-17,1.06574582626569e-16,6.10083355481834e-08,0.000160310186073753,2.66160375262169e-07,-2.42608775780652e-08,1.95833119932073e-05,7.49321776602367e-17,-2.25824414667703e-17,7.16348117004622e-06,1.26924472534949e-08,-4.10535686102786e-16,0.00017258405272419,-1.25327869889311e-16,4.97797081250546e-08,-8.41831670345611e-07,-1.12627654428072e-06,-7.46793497429394e-06,-2.73300693088644e-16,-4.89304349996176e-17,3.28250269357062e-17,4.6076865923533e-17,-5.75842188098905e-09,-1.99731311596157e-08,4.29748545980113e-16,-1.07266369525906e-16,-4.54804966802251e-17,2.81067498928066e-08,2.52556142047047e-10,-1.39015076249902e-08,-1.23505075533828e-16,-1.03403071695374e-15,1.26007331738981e-15,-5.95588976944645e-07,1.82243133005787e-08,-6.32250279453118e-17,3.1959344739011e-09,-8.35902294842395e-08,1.67162080948417e-16,4.78379820071974e-17,-1.01790993031147e-05,-5.89956138465079e-10,-5.03956789955895e-06,-2.29788573728156e-16,3.21405798711375e-08,5.18539335315092e-07,5.56126716000415e-07,-2.07412054993062e-06,-1.23062104231762e-07,2.00276352852935e-09,5.29982185809779e-17,-9.37820502914892e-17,3.51655622005134e-17,3.80193890200452e-08,-3.44226439172383e-08,-1.34443712525534e-06,-1.01963064450956e-08,-4.43136459921064e-17,-1.18787247399823e-16,-1.53776643610882e-16,3.22321266617727e-17,-1.58791673249901e-16,4.86268689637059e-08,-2.97168020656781e-17,1.7554046155715e-16,-6.59758976759031e-05,6.55574885040976e-17,-1.23133359063185e-06,-3.0090075842949e-17,-9.02164009635238e-07,6.83276187493799e-17,-1.09301456161318e-06,-1.10717143325364e-05,-1.20605265880437e-07,-4.92869310997107e-17,7.44014929858768e-06,9.29617848146358e-17,6.65530254326003e-07,-1.05764563829807e-07,5.8528884293787e-10,3.08826549326488e-16,3.22188473829276e-06,5.67670664362592e-17,-2.31792293155783e-07,-1.18322181387768e-07,7.10810228209603e-17,-4.10018264879789e-17,-7.36399870295136e-17,-2.92684464696386e-17,-1.79377976585551e-08,-9.04972713999014e-07,-2.57795373140795e-05,1.98116420764836e-18,-1.06176692161539e-16,-1.21984294956539e-08,9.95029340387487e-08,-1.81857696643693e-16,1.38516925137854e-16,-1.9819040987512e-07,2.35749938176456e-17,-3.83918802562918e-06,-2.22299516634101e-16,3.51468361346144e-07,9.96752154521267e-18,-7.99510361901309e-16,-2.2980483775573e-17,1.85578718867903e-16,6.68112827985773e-17,-7.89388036804154e-17,6.74796958662968e-09,-4.71921808247995e-08,1.9075955823926e-17,-3.13213099316319e-08,1.31575561381332e-06,4.47700039611058e-17,-1.60545585119609e-16,2.78680627264907e-16,-9.13434504410342e-16,1.20826286291018e-06,3.25292123719949e-06,8.42943093939246e-17,-3.89289897359492e-17,-2.35385528640833e-07,-7.60301421477265e-08,-1.15101703098701e-09,-1.77805379366988e-16,-2.123505877227e-17,2.9297075789466e-17,6.60581132557524e-17,-2.1549120577273e-16,1.2922959671463e-17,5.4372480183504e-05,-1.59154211517057e-06,-1.41952156902434e-06,-4.14841138512196e-17,4.49017339611049e-17,3.69731184754985e-17,-2.9101420333495e-17,9.48330902078815e-17,8.01940042135123e-17,1.56835468926211e-16,3.80685984964901e-18,4.75378877233782e-17,-8.3069047022613e-17,-4.45411002093984e-17,-9.72195949991086e-17,-9.89514563417583e-17,2.61715600954274e-17,4.46669692825189e-09,-4.84835897535088e-17,3.05103340418205e-17,6.33213960373595e-17,6.32103109818407e-08,-7.81645265945672e-08,-1.74413892168085e-16,-1.63119912584389e-09,5.77412266742791e-08,-1.73411885182394e-18,1.29594587429503e-15,-1.11291813944089e-07,-1.68781484348627e-17,1.42028090987647e-09,5.2539425249941e-17,-2.46729591433656e-17,-1.26970719436518e-16,-1.41561408511784e-16,1.42379852869145e-07,-1.90661104227234e-07,1.62656631022217e-16,6.29314308918007e-17,-7.91631854553481e-17,-4.07214963682748e-16,-1.51842514256595e-16,-2.81862733652394e-17,1.41431171479744e-16,-8.6665676223182e-17,2.28679499351834e-09,-4.30063874982947e-17,-3.67400786185708e-17,-7.43745854226653e-19,1.29088139943395e-17,-5.54186766543286e-18,3.65218048520194e-16,-4.96814558728738e-07,4.03283068176194e-17,-2.98395285976401e-17,3.36037333729292e-08,-1.34652637864642e-16,3.27435404211758e-16,-1.01070887006782e-17,-3.99850306079022e-16,2.79779333848317e-08,-8.28586812776492e-17,-2.11093488952984e-06,2.53637123810137e-17,3.03313141142087e-17,6.84228065118787e-17,3.94455831998039e-17,5.7011043891447e-17,-1.12386101428704e-16,3.34242538308148e-08,-2.80263955557449e-16,-1.27322368164888e-16,4.21900065912699e-09,-4.17037249740311e-06,-4.97378810522983e-17,7.18150444006074e-07,7.7200037385427e-05,-9.38230123449691e-17,6.38126987738564e-17,-1.42476789531956e-17,-6.2628911129414e-17,-2.06901286708809e-16,-0.000129093940132649,1.17477238994832e-16,6.89687585542251e-18,4.20902589046447e-17,1.10450701154127e-06,1.43906322069347e-16,-1.18434104794689e-16,1.58935365930682e-16,1.52117496811828e-17,-4.96441483842892e-06,-1.17844106033104e-16,8.75749368774107e-10,3.24319565359604e-17,7.44864047920097e-17,-2.21935739963405e-16,1.16810446122463e-16,-3.1203815601334e-17,-1.82343654212319e-17,-6.78305022259214e-17,-1.51795651103942e-08,1.12395124540571e-16,1.33024085057495e-16,6.37997984185845e-09,-1.13593101853248e-16,1.72988375359351e-17,5.63510485968126e-17,-1.03888272803238e-16,9.61347763208704e-18,-7.72126671101344e-17,-4.62120289417685e-08,-2.55708757608038e-17,-4.05055030491766e-17,1.37554045467217e-08,-4.28989196525624e-17,2.64636256417227e-16,6.09397086736565e-17,4.7986476144405e-17,1.58168811257957e-16,-1.48705009201087e-17,5.9294516777138e-17,-5.22356857626741e-17,-1.06103284627198e-16,2.56354636304961e-17,1.2121599678373e-17,-7.20656088390745e-09,2.3893360701365e-08,1.17927342345684e-16,1.1790360512185e-16,-6.92284469879487e-17,-2.1080544813825e-17,-2.06985036749208e-15,1.53096727008271e-16,7.8475992529343e-17,-2.84555521126865e-16,-2.27547505624266e-08,5.77984243919739e-17,-1.61524607288e-17,1.00673758358984e-16,2.80162418205593e-17,2.64714032637619e-09,5.40734661447677e-17,-4.194458267398e-10,6.26567262669904e-17,-3.03702123562606e-17,-3.6921852283144e-17,-8.48343669468563e-17,-1.30664314977402e-16,-1.42889561676332e-17,2.85461234136605e-16,1.39522924288263e-17,5.57047696786611e-17,1.99567992259199e-17,2.06321816550908e-16,9.12856690754708e-17,2.00158791226535e-16,4.75669371411977e-17,2.59252612358447e-17,3.37777137141763e-16,9.625927476429e-18,-5.11021477032013e-17,-1.03308142208502e-16,1.26752354520344e-17,1.51950934473843e-16,-6.37371697194078e-17,1.90691076931233e-16,8.23162244514791e-17,4.82060525665388e-17,4.20403856059999e-06,2.36592629977482e-16,-8.874139023957e-17,-2.86894855583794e-17,-6.44344944628932e-17,4.39188709888276e-17,7.23348385027221e-17,-6.7386535989771e-16,-2.81186506641043e-17,-1.75674315372103e-16,2.58075479461597e-17,2.35841077569909e-16,-9.25213431468601e-17,-1.0050624920854e-16,-2.15281706891404e-18,7.76899238769707e-17,1.00573095143836e-16,-4.02390721590088e-18,-2.59745677128971e-07,-4.49057319193848e-17,8.75757182648173e-17,-1.7330723487136e-17,-1.04602969319655e-16,-8.15028029078004e-17,-2.2911708036107e-16,1.11818127529259e-17,-5.44572373460153e-16,-2.23990523648125e-17,5.94478036138736e-09,1.17489555201526e-17,-3.14410214389977e-16,4.48724138339039e-17,4.71507145258451e-17,1.49419014392361e-16,7.98953658447715e-17,-2.44023576437153e-17,1.02549404874363e-16,-4.766238712554e-17,-3.17400719011135e-16,-4.5840133076145e-17,5.87566323375394e-18,2.39976321169086e-17,4.67362260060916e-07,8.27447132771492e-18,4.32307187013849e-17,-6.78168976989628e-17,-5.08707659330199e-16,-8.20190832029033e-09,-9.47484748543345e-18,5.34204279885571e-17,-7.6231012731863e-17,-1.49504246520891e-16,5.50157543404639e-17,-8.19932508617149e-17,1.26049321274196e-16,3.51347346282492e-16,-3.81236965602802e-18,1.47404431746975e-17,-2.66585561882823e-16,1.17207931162839e-16,4.64120454863585e-17,5.47683274736851e-17,-5.2291958811662e-17,6.81541916450919e-17,-2.29718793308699e-16
"t756",0.0362534458426361,-0.010954643282982,-0.0120021075720867,0.000722044335737831,0.00683098199822179,-0.0191804305616227,-0.00271935345049085,-5.97442491998762e-06,-0.0601213185002413,-0.0492016923594053,-0.0545497413942259,0.000732140976989867,-0.00159086722672489,-0.000351048646585552,-0.0105786653548719,0.000277541006390381,0.000188927369976941,-2.35086024749367e-05,-0.0112978665132241,-0.00483803511908473,-9.45203459430326e-06,4.12760931224052e-05,-0.0497404794777059,-0.0020148023645016,0.000189047352451226,-0.00149288586072234,0.0144158381877954,0.000106529837456055,6.75205065357872e-06,6.65279601413202e-05,0.0239974850406323,0.000172346321339284,-3.20453437486828e-08,9.16639945915131e-06,5.72332372514552e-05,3.4527857280075e-05,1.77814095902217e-06,-8.25520546820652e-06,-0.00271685072448361,0.000298124254943503,-1.15183123462013e-05,0.00346423455053406,5.59119990781544e-06,-0.000336530467593059,5.41347169628447e-06,-2.21354525144453e-07,1.11085948937008e-08,5.22581741859691e-08,-8.37799771260256e-05,0.00028416467465803,-5.10009717577797e-07,8.86291669428628e-07,-1.21414023032473e-06,4.79312648493961e-07,-5.94873980701627e-05,4.76633496176363e-05,-3.94059925449977e-05,5.44883217201611e-05,-0.000481652704510657,1.06489205010651e-06,1.24323015647834e-06,-7.29137545087125e-05,4.846086855879e-05,-3.75352770249393e-05,0.00951716303438284,-5.76703090167801e-06,5.73761801706652e-05,-0.00020042445923905,5.14215383719132e-05,-0.000257930852409438,4.05442756432476e-06,-2.0082446233681e-05,7.79262589056018e-05,6.67748634053788e-05,-2.92029677510194e-05,-2.87416628973046e-05,0.000313140396766208,-6.76932048371211e-05,0.390916751323066,-0.00827200944084442,0.000202307853389553,0.0144321774370164,-0.125324431810403,0.000267586826406512,0.000542164445111407,0.000150626117803769,-2.33564839388569e-05,-0.000400701639853645,-7.4934443937511e-07,3.01334420631889e-05,-0.000303525613881413,1.5674437266449e-07,0.000107265272796386,-8.85988367859872e-05,-1.62062407971627e-05,-1.87142221600061e-05,-2.19799101479592e-06,1.13471450068787e-05,-0.000125986968040285,-0.00253211009826567,-5.2988661065663e-05,3.51698618142158e-07,-7.39411991909449e-05,0.000114211920815133,-0.0722616547909279,7.35083413714504e-07,-0.00051001836207185,7.12342701811266e-07,-0.00139537469609995,2.2921362500286e-07,7.97381623675642e-06,1.75191591303045e-05,-5.47391339746742e-06,7.34162230517186e-06,-8.65630946201795e-06,2.05653922584115e-05,-0.0425910674936047,-0.000440162568702029,-1.80631215172971e-05,1.05262675897975e-05,-6.74253833202959e-06,1.60276538220489e-05,-0.000237805454731628,-0.000235948426262116,1.1597657782085e-06,-2.46152297780579e-05,2.55519154915306e-06,-6.07400747206264e-05,5.42224489339349e-05,0.00188548610210464,1.38703972526196e-05,-5.0040781981763e-05,4.06641335897427e-06,0.000487629762865352,-9.82097466692605e-08,6.47365668107811e-05,-0.00017734354773917,-6.52222146007322e-06,0.000760470837096191,-0.000219969637564994,-0.0052565480588165,1.32232462779464e-05,2.12819897869568e-05,2.29028126594204e-06,1.32670880798583e-08,-3.43738956558071e-05,-2.38536583445533e-06,0.00238860945897691,0.000997186820725613,-1.12917280261996e-06,-1.39481305137584e-06,-7.22174081822084e-05,-1.00116181780331e-06,0.000244085619439821,-7.4749938542322e-07,-1.40458834767653e-05,8.65177366168293e-05,-8.92316064906915e-06,-5.31261143278021e-05,-7.42773736493522e-06,-7.56823029527054e-06,1.12618685976338e-06,-0.0187728471034313,4.8295334895665e-06,5.22172249450279e-06,-3.88809932347476e-06,0.00112542214846907,1.52011773818065e-05,0.000958922490957078,3.77937161572919e-06,-8.09160073109993e-06,-1.44568863452689e-06,1.94615310796736e-07,0.000992201061127347,1.30109735193534e-06,2.69161480108511e-06,1.18854834028145e-07,-5.2705982885747e-06,-0.000276139814338884,-3.24552895659283e-05,0.00013890434011752,4.69522651512781e-05,-1.10147694417698e-05,-5.03849530963071e-08,-1.79872227022132e-06,-2.03659759642651e-06,-0.0311785836027425,-0.00105529756014372,-0.00477172651238607,-4.38245021762596e-07,-0.161686838634297,-8.69382114215273e-05,-2.3777529731683e-05,-2.6270593130846e-09,-2.16421904518759e-07,2.72047117521407e-05,1.58225325395564e-05,2.12929272067647e-07,-2.11672615350627e-05,-2.02674248633272e-06,-8.18414698562119e-06,-5.06624915077731e-06,1.89999109800501e-06,8.51795428457202e-08,9.68544509411855e-06,4.16877248981447e-07,-4.5289777291874e-06,-2.01199581735274e-07,6.21223839388889e-06,4.13328192182563e-10,-2.28658125490628e-06,-3.07204688065404e-08,-1.88605423263857e-07,-6.42616077239709e-06,1.03123890784169e-09,-1.93692103865053e-08,6.37723619868649e-09,4.09166269768857e-09,-2.32146040680177e-05,-4.12077111315704e-07,-1.81187586743979e-07,1.66197233321391e-07,3.34657492902648e-08,1.26519386318468e-07,-2.19228985182037e-07,-1.05178513643979e-08,-9.49091935611095e-07,1.25873432780887e-09,2.29442917803095e-05,5.88227928373485e-07,-4.12739608307067e-08,-1.05204089048697e-08,-3.76742462805814e-07,-1.44899740130856e-07,2.01214451299982e-07,2.44477563005728e-09,1.26053264953267e-06,1.82729756761094e-16,1.44750923584344e-08,-2.14363114150193e-07,5.47206753725679e-08,1.6388505840935e-07,2.47384975311523e-06,-3.44379435170052e-08,5.91603391830257e-07,-2.73558685790031e-07,0.000171100836384534,-3.6051099947e-08,7.60548594742682e-08,-3.31034258258405e-05,2.23130154868391e-08,-2.48882613336437e-06,3.93331620420391e-05,-1.24894593334745e-08,8.96440663833344e-10,-4.59916707917538e-08,5.09591902665283e-08,-8.12083903577664e-07,-0.000436274381462837,0.00137420490622748,-9.2212065905512e-07,2.96664960124159e-05,-2.07229511146509e-05,1.30431420591142e-06,-2.42004592379843e-05,9.08465384632907e-05,-2.12616452497383e-08,-0.000185562725208877,-9.0427033323764e-07,-7.70444384074973e-06,-2.06341552326701e-08,1.14964891302717e-05,-6.02072835455283e-07,9.83028750297743e-07,-1.60462702747437e-06,3.18085769177062e-06,-2.62113123969568e-06,2.01025558477251e-07,-4.30717006988637e-05,1.93520801214009e-07,-3.26701546144049e-05,6.59684374850032e-16,9.04954899909127e-05,0.00244594262370519,9.74280709754646e-11,9.51485034329345e-07,-1.53859954869746e-06,9.99049499685306e-07,2.90403082541695e-07,-4.7342689208775e-08,2.16598431362516e-06,-8.24359540134913e-05,-3.43347419298144e-05,4.048772462742e-07,-0.000236250373498817,0.000846749187218194,-2.93132117113992e-05,0.883423055505113,1.94220227685364e-05,3.20840230415562e-05,4.87266776987341e-07,0.000418533683195931,-3.19116642441964e-05,1.34553249122091e-07,-3.94949040290701e-05,4.30715121744776e-06,-1.53252718480976e-05,9.67426215085654e-06,8.53065877843435e-05,4.25588779772583e-06,-1.33750178248033e-06,-8.45664775350159e-06,8.37343583157019e-07,-3.84731937345984e-06,1.07883537309246e-05,4.49370224773703e-05,-0.0140582586098642,-1.10301539712984e-17,3.71065816509993e-07,2.03995582924109e-06,-2.20237425574638e-07,0.000118485609286845,1.28257271768099e-07,3.47240823479809e-05,0.0143623552360955,-4.61400491558609e-06,2.70335179479531e-05,7.14829204272258e-16,-0.00241812053233246,-7.27550138127637e-09,-5.48199813142965e-06,2.34714651815963e-07,4.6264831153151e-06,-3.04884085247296e-06,-4.99293779062753e-05,1.31953300275536e-05,-1.28531357482129e-06,7.92265144250615e-05,-2.50450358771022e-07,-2.37178531080772e-05,-3.14448706188202e-08,-4.5404195066391e-09,-6.46942999852322e-05,3.51321211712069e-07,-0.000118089681929108,4.60050330331406e-15,-1.77955701429196e-06,1.39118457741683e-07,4.00916979829712e-09,3.52854630853887e-08,-5.36151235195487e-05,-0.000415894629587739,1.02744809706425e-06,-3.78258611733389e-06,-2.16621798824783e-06,5.84107997760531e-17,-3.93335396937463e-05,-1.39477866535924e-07,-0.000876516989816787,1.82110646450865e-15,8.88780350093916e-06,1.14315342805628e-06,-1.76209054496608e-07,-0.000121625843907183,-2.33210261647244e-05,-2.14549184966128e-05,-4.03035662294742e-06,2.12784326115724e-05,8.9591194811471e-07,4.95168704429799e-08,1.14194867238208e-05,3.46009193739901e-07,5.94350429599358e-16,-1.36011112522791e-07,5.02350446498075e-06,2.15762429289964e-06,-1.34783976781674e-05,1.87019313880531e-16,-2.71462244033554e-07,4.91592027083477e-08,-5.53767619349278e-06,-7.88568349309614e-08,-2.84743649686419e-05,2.7552879254939e-07,-3.61085950414046e-06,1.89275196300582e-05,1.01683537496784e-16,6.70157726876107e-05,-3.17184131450922e-07,9.1789310058676e-07,9.81923132913988e-05,-1.29024586046949e-07,-1.49017276324836e-05,-2.97505076130022e-16,4.12317555729859e-17,-3.68267435241937e-05,-1.70554738208386e-07,2.2478985541086e-08,-2.47164622169419e-05,7.65713180535854e-15,-0.0001414091031826,-1.18658047871237e-05,1.15452804905449e-17,-7.6583419730875e-17,-3.66694335563403e-17,2.81188014393203e-05,7.64535806813233e-07,-8.31586972739353e-07,2.51138839916583e-05,3.56343952949971e-06,6.55871110962399e-07,-2.84385853482852e-07,-4.50865570721974e-17,-6.1588447584563e-08,1.72318628541257e-07,2.36588153835354e-16,-6.01088304302861e-16,-1.06636574953413e-07,-6.13797859793649e-09,-6.26125755646278e-08,1.57623065208003e-05,6.109616744494e-08,-2.44663266280303e-06,-3.50532597326727e-16,-8.60346129405158e-07,-6.02915071835194e-17,-4.74378518191195e-05,-2.87110287801318e-16,-6.74732449419855e-08,-5.1160529120248e-17,2.76601317807477e-07,7.27950336540631e-08,5.46259078456578e-06,4.40721033044919e-06,1.94519442718339e-07,-2.22813871444967e-08,1.40921471461367e-07,5.25272028645588e-08,2.51704272286426e-05,8.37080212266616e-07,4.86628198291077e-08,-1.36518259688592e-07,-2.48465738408317e-05,-0.000470674381087365,-6.42341011731143e-08,1.14273164925043e-16,6.01238677309271e-07,-1.0329683808883e-07,5.28850412169927e-08,-4.41101898800482e-17,9.80853279632623e-07,2.78309131228654e-06,8.8954116562698e-07,8.80110013493129e-18,-2.15384835124574e-07,-1.2095345348533e-05,-5.57347015219492e-17,-1.50414335893976e-07,3.33049653766552e-07,-1.99414356716625e-17,-5.05777314233192e-18,-1.22247563153149e-08,-6.9055377364269e-06,-3.93122386347061e-08,-5.45209919458645e-05,1.5517151765289e-06,4.17270433579137e-08,0.000939206079132508,3.51509245978191e-07,-8.79247802182363e-06,1.00391700161295e-15,1.62321308256022e-09,1.18469319712962e-07,3.26962305439847e-07,5.18082760045475e-05,-2.22570222553735e-16,-4.26619217793941e-18,4.32693375613696e-06,-3.76242305704475e-18,-2.11149307708909e-15,4.43688751133438e-07,-6.51943244388095e-07,-1.22054456815544e-07,-1.16111737965304e-06,3.11532910593544e-06,8.13746740596535e-07,1.0395048769312e-06,-5.37668719262859e-17,9.40589279347295e-05,2.5478730178362e-07,0.000266102614720975,-1.10810445735364e-07,4.36367822293896e-07,3.57812549498351e-16,-7.56608495071796e-17,1.85808905544174e-16,-4.00068733710715e-06,-1.82046691830931e-08,-1.17996078979278e-06,-6.79461433463847e-16,-1.39268601390613e-08,1.53097067823243e-16,2.67151011358866e-19,2.26461653149457e-06,-5.66979643084454e-07,-4.01480064471382e-16,-4.67488667680671e-06,-6.30313724378873e-08,-3.43303861901214e-16,1.42725794672256e-07,2.79159364301839e-17,9.13802641971836e-06,-2.11286812339827e-18,9.16284657082681e-06,4.47209620317004e-07,1.63841193742151e-08,0.000332017192233165,0.000870377188026902,-4.90443153877842e-08,1.51694756794726e-06,3.57540851410851e-17,8.95981469374174e-07,-5.05595229979594e-08,5.82121814939688e-17,-6.65862866118377e-09,-1.35601546658622e-07,3.14846207671917e-08,1.96646990674155e-16,1.00736712317392e-07,1.3316671678486e-07,-6.94979262081005e-17,-3.69240248180413e-06,-2.80167668517963e-06,-3.81988768154087e-09,2.24650407788027e-16,1.8268289284205e-17,6.81400458894067e-08,0.000178887127756967,2.96948180106158e-07,-2.69621495619221e-08,2.17502399308332e-05,-4.92898219090893e-17,-3.61625645228874e-17,7.95273356102625e-06,1.40901039505196e-08,1.70877483393581e-17,0.000191451146112518,-8.07056308481397e-18,5.51836345530484e-08,-9.32342028170723e-07,-1.2472863538384e-06,-8.26815006184694e-06,-1.56347542071702e-16,-4.45175656184468e-17,-3.51425254606399e-16,-4.05672166951553e-17,-6.36065849023612e-09,-2.2057826178236e-08,7.22213825203523e-17,5.02716604458235e-17,9.1288254664408e-17,3.10192682360546e-08,2.78644917975355e-10,-1.53253378507877e-08,2.25073097586748e-17,1.41623908780919e-15,-4.78106053011795e-16,-6.54842982182871e-07,2.00355965909046e-08,3.06699794438998e-17,3.50997425844458e-09,-9.17662353717368e-08,-1.96723317845229e-17,-9.08299468961218e-18,-1.11639428398235e-05,-6.46985768102149e-10,-5.52361245581408e-06,7.49333184584474e-17,3.51946306257361e-08,5.67519977381146e-07,6.08223751958749e-07,-2.26622493190255e-06,-1.34425293579142e-07,2.18663679565667e-09,1.09993764827974e-18,-1.96566966599519e-16,-3.16853943309548e-17,4.13971573308397e-08,-3.74793180414595e-08,-1.46331948798804e-06,-1.1078870646463e-08,-1.24355507420333e-17,5.56061688467079e-17,1.92622262703828e-19,-1.49433449188296e-17,1.08995541186314e-16,5.27421266774613e-08,-4.64235292983985e-17,-1.02569314082024e-17,-7.15100699725266e-05,4.64055789147404e-17,-1.33457101393134e-06,1.33555769497895e-18,-9.77742830580637e-07,7.54388870914159e-18,-1.18317551609845e-06,-1.19816302447482e-05,-1.30461093053595e-07,-5.36166200750938e-17,8.0439210159325e-06,-1.43897807767816e-16,7.18713612558498e-07,-1.14047420997088e-07,6.31085112694237e-10,-3.50659434556195e-16,3.47191789312082e-06,3.18158082540449e-16,-2.495469969323e-07,-1.27379539218861e-07,-3.88879011181074e-17,4.67866386076171e-17,-4.55776727321865e-16,6.0614186885996e-19,-1.92961090282183e-08,-9.73303819563009e-07,-2.77195633963036e-05,1.5075276065632e-17,-3.68262872643452e-18,-1.31018056035725e-08,1.06866525321917e-07,4.90727432060642e-17,-6.87999064744405e-17,-2.12564739649513e-07,1.7899711622314e-17,-4.11643560686739e-06,-1.47619591114932e-16,3.76533023292535e-07,-2.82874714779897e-17,-7.25309268831251e-16,-2.37041881422943e-17,-1.33521742328132e-16,4.81776083828994e-17,2.76480281809789e-16,7.21699550938807e-09,-5.04712241495711e-08,1.445504805684e-17,-3.34780523547881e-08,1.40601466662124e-06,-9.74009684003637e-17,-1.68085904362473e-16,4.34163118882772e-16,-2.63396817341307e-16,1.28980262444311e-06,3.47160504079002e-06,-1.56373859556114e-16,-2.52772670960935e-18,-2.51142213331999e-07,-8.11167557327634e-08,-1.22787810148323e-09,-1.19793039294046e-16,3.07908034948488e-17,-5.32223252556942e-17,-9.90511779489919e-18,2.77576245695581e-16,5.34654566593747e-17,5.78932165461652e-05,-1.6942993775158e-06,-1.51090837201587e-06,2.19451934026562e-17,4.64755963556818e-18,-1.00881903867277e-16,2.47491883054457e-16,8.78620327591335e-17,-1.475465839648e-16,-1.41679567694258e-17,-8.63510921906832e-18,-3.53592961234687e-17,-4.39876658616173e-17,2.07796124031753e-17,-1.44016373055241e-16,-5.24770408432655e-17,-4.56362420378473e-17,4.74045545241853e-09,1.27935948945553e-16,-1.26604172845383e-16,6.31108325207138e-17,6.70588693757003e-08,-8.29163046520654e-08,3.79716914756288e-17,-1.73026894042337e-09,6.12196046744896e-08,3.46100409741106e-17,1.38152139888973e-15,-1.17928040742306e-07,-1.95611001635982e-16,1.50391321438336e-09,3.31226121005675e-17,-4.68941579400189e-17,2.87300174204428e-17,1.45522930676901e-16,1.50598175795633e-07,-2.01651308567325e-07,8.92021081657281e-18,-1.4831028851438e-16,1.4564599094973e-16,-2.4863074685167e-16,4.2148359455374e-17,-6.2096777850637e-17,5.51204705736609e-17,-7.52008311385476e-17,2.40950545932908e-09,-6.70647029347984e-17,-8.9988777294271e-17,1.06592716418443e-17,3.88029425655782e-17,-9.07679027037801e-17,-3.56188271949573e-17,-5.23056130364272e-07,-2.10333141220296e-17,4.77766621445939e-17,3.53734895609751e-08,-1.70627696151415e-18,-3.47676484968727e-16,-2.93875750626474e-18,-3.05935370306998e-16,2.94011731810239e-08,3.11220605250146e-17,-2.21764527630171e-06,8.3457912454284e-17,2.35295128598128e-17,1.40774063176289e-16,9.10155960066059e-17,6.23199565480928e-17,-1.29345625369745e-17,3.50922343451903e-08,-2.35274492706882e-16,-1.49409364683419e-16,4.42745514562725e-09,-4.37632003996392e-06,3.94539945875539e-17,7.53310321491854e-07,8.09694103869659e-05,1.060960607283e-17,-4.2359905631522e-17,7.56480939222967e-17,-5.450866451839e-18,-1.34885677582918e-16,-0.000135145507689946,-3.9706361985068e-17,-1.02402757561419e-16,-1.73157551273901e-17,1.15573447425244e-06,-1.84924865898554e-16,1.38261130119954e-16,-2.30867706031767e-17,1.95649107864882e-17,-5.19141969011964e-06,-2.68550428056277e-16,9.15617319197207e-10,1.39199390780048e-17,2.11891417854999e-16,1.66630769823277e-16,6.13650471947045e-17,6.02349319968145e-17,-2.90371826577831e-17,-5.55427228683061e-18,-1.58545353114792e-08,4.33680784417249e-17,7.1391547538332e-17,6.66200235522555e-09,9.96227739434031e-17,2.44131615614947e-17,-5.61286421614355e-17,3.56052000505817e-17,1.99413870475663e-17,2.56813074847655e-17,-4.82170295027011e-08,7.68195065390727e-18,-1.08750700401237e-16,1.43471994630452e-08,4.20374050681519e-17,3.5654133478525e-18,-2.53257751339593e-17,2.74831371331955e-16,-1.13618263207171e-16,6.69559089133154e-17,2.93450793281143e-17,1.92860883205892e-17,2.27367163013896e-16,1.41450251777438e-17,-1.36527257841466e-16,-7.50698335320084e-09,2.48856049326894e-08,-4.41284654493474e-18,1.01513176645466e-16,2.13862410040027e-17,1.11379452487261e-16,3.72857127117765e-16,-5.86467855851412e-17,2.53529581082896e-17,-3.01012228093715e-16,-2.36808601018526e-08,1.37640060971268e-17,-9.75204374760889e-18,2.08350860614641e-17,-4.1764480013514e-17,2.75302711662286e-09,-1.48751335479471e-17,-4.35895426574053e-10,-4.4922520275554e-18,-1.09151245854095e-17,9.44109221401208e-17,-9.51484749417364e-17,1.83469319442097e-17,-8.54919215873912e-17,-4.19383872171713e-17,-8.02794840909483e-17,3.53517005074953e-17,7.08704009317693e-19,-1.05007370279514e-16,3.78726380679149e-17,5.85246488010553e-18,-2.78147837013035e-17,2.0211652626245e-17,-1.95630309176989e-16,-5.07704632624285e-17,1.45345321533078e-16,-7.93693417138762e-17,-5.42182486352334e-18,-2.18737788298951e-17,-5.73486046622292e-18,8.17644253773868e-18,1.90794963622385e-17,3.26934012737953e-17,4.35698063228436e-06,-7.82945340154379e-17,-1.34275567534641e-16,2.28763920988578e-17,-1.49701841254332e-16,2.32461914885911e-17,9.58395183490102e-18,1.80281078641496e-16,4.30414035989791e-17,2.18029630615442e-17,-1.5824925107692e-18,-1.9388245349472e-16,3.1075665855742e-16,8.98858581076788e-18,7.72120046201828e-17,-4.28378040372535e-17,1.7937535813307e-16,-3.97683794794145e-17,-2.687087743628e-07,2.93050151910605e-17,1.51389683740321e-19,6.52620836267454e-17,-1.3024088286415e-16,5.78297116206885e-17,2.42767567416774e-16,8.15327390981448e-18,-3.92143101710906e-18,1.11492438013499e-17,6.13866068773054e-09,-4.13831660913437e-17,1.86113939030213e-16,7.11823018227109e-17,-2.00364630415763e-17,4.12342001103203e-17,-2.36705008901635e-16,-5.53327960169518e-17,1.09687732450734e-16,-1.73859454170697e-17,-2.40686153565767e-16,-7.91889397458951e-18,5.73381804094049e-17,-6.66913175439704e-18,4.81733533565928e-07,7.1081171939001e-17,-1.97953633430874e-18,1.0970634269283e-16,-2.47740196412938e-16,-8.44709937622175e-09,5.93461414422643e-17,-6.59876379385576e-17,-1.71410251466859e-16,1.75473126072247e-16,3.62310815111364e-17,5.37915562208743e-17,1.45049227679417e-16,6.36178955006198e-18,6.04849716430936e-18,3.72840787697489e-17,-3.74861047464449e-17,8.08347556021915e-17,-1.91776296482928e-16,2.5176235754839e-16,1.94387089680699e-16,5.49126533823497e-17,-1.45447402872944e-16
"t734",0.0362995086353144,-0.010984028038918,-0.0120353469485702,0.000724727547193666,0.00686209463050787,-0.0192830221201464,-0.00273418612514557,-6.00962276606542e-06,-0.0605401818045274,-0.0496180767425762,-0.0551370009733542,0.000741880826215461,-0.00161265973738609,-0.000355931455620192,-0.0107323281404758,0.000281814664200746,0.000191907275086083,-2.38862424689989e-05,-0.0114836367666221,-0.00492460302846519,-9.63528475489824e-06,4.22465574502322e-05,-0.0509774610393985,-0.00206520266543441,0.00019379554982726,-0.00153222656705379,0.0148003642494924,0.000109397738553972,6.93886389564898e-06,6.87150113944632e-05,0.0248410226513459,0.000178692676329201,-3.33147475178484e-08,9.54761601961728e-06,5.97416676047481e-05,3.6169224673928e-05,1.86380588999764e-06,-8.65962068174209e-06,-0.00285090765948687,0.00031306716201278,-1.21133103875287e-05,0.0036478106682772,5.89220352864342e-06,-0.000354671260032879,5.71072990664123e-06,-2.34342649520685e-07,1.17733827742371e-08,5.54144230911592e-08,-8.89706049084355e-05,0.000302254131244086,-5.43647624483363e-07,9.45705918825034e-07,-1.29572534630399e-06,5.12171466339213e-07,-6.37255800033575e-05,5.10786980345046e-05,-4.25268412527818e-05,5.89186376351553e-05,-0.000520936559250081,1.15736109911638e-06,1.35624950290649e-06,-7.96912667576064e-05,5.30463884592428e-05,-4.1102842244257e-05,0.0104517723608535,-6.34992478276024e-06,6.35453648232386e-05,-0.000222565611667362,5.71729001234906e-05,-0.000287424267237761,4.57297852313284e-06,-2.28665811152621e-05,8.88610244765554e-05,7.63793331350017e-05,-3.34162774287294e-05,-3.29324838693414e-05,0.000358991147386124,-7.78097960044865e-05,0.452055610913644,-0.00958933095830053,0.000235522655400242,0.0168172063185287,-0.147036411550282,0.000314599756124654,0.000643211758199622,0.000179147541316986,-2.78499524888217e-05,-0.000477989112971564,-8.93975010550758e-07,3.59592647932979e-05,-0.000362561485807692,1.88987643157069e-07,0.000129442538861616,-0.000107547580904272,-1.98762529989458e-05,-2.29883751108681e-05,-2.70019060371139e-06,1.3996000660173e-05,-0.000155631146092582,-0.00314587600849837,-6.61444062851776e-05,4.39202030476109e-07,-9.23819207301087e-05,0.000145863234813535,-0.0924434761392964,9.41626825823256e-07,-0.000654866630722892,9.15257125964464e-07,-0.00179495934527555,2.95378126398394e-07,1.0281512137407e-05,2.2667964287496e-05,-7.08562230123099e-06,9.59163790222926e-06,-1.13318524284332e-05,2.70406856955138e-05,-0.0561129180228361,-0.00058310658577052,-2.4057602080249e-05,1.40768407123237e-05,-9.0378813373411e-06,2.16593223852962e-05,-0.000323080791922966,-0.00032062361582652,1.57718906445283e-06,-3.36608988410017e-05,3.49580132512871e-06,-8.35013671101727e-05,7.55957727455144e-05,0.00262912192559201,1.93633161406605e-05,-7.05362934689385e-05,5.74290985745408e-06,0.000689628378073262,-1.39692292987028e-07,9.21542823334514e-05,-0.000255594206956265,-9.49619151047256e-06,0.0011230712492301,-0.00032498569732265,-0.00778531685855979,1.96093526388126e-05,3.16245349638995e-05,3.40596692771936e-06,1.97302125480073e-08,-5.14083570600082e-05,-3.60842290193873e-06,0.00365644326990063,0.00153106068707451,-1.74531193476424e-06,-2.15705237608418e-06,-0.000111970109969822,-1.55461695807108e-06,0.000379676122081888,-1.18166983273615e-06,-2.22625796885726e-05,0.000137386256232889,-1.48099843454338e-05,-8.91765995716398e-05,-1.24899671526941e-05,-1.28514045433882e-05,1.9162302077586e-06,-0.032355986763221,8.33714680556429e-06,9.13101064260721e-06,-6.88599831211965e-06,0.00207140779378203,2.80180362307024e-05,0.00176807603880849,7.00670691421723e-06,-1.50986997692928e-05,-2.7001465646967e-06,3.68258962494665e-07,0.00188529680392433,2.49476796965546e-06,5.17262411203104e-06,2.28674255763311e-07,-1.036378702017e-05,-0.000555814078332216,-6.55953142087562e-05,0.000281850022903341,9.64037979623058e-05,-2.27205249087662e-05,-1.04405199096196e-07,-3.74339000870282e-06,-4.30143441043477e-06,-0.0660963246006736,-0.00231229173445158,-0.010467217056232,-9.72425621284199e-07,-0.370697018750836,-0.000205080840831593,-5.66606746245752e-05,-6.3572083382706e-09,-5.29891443134351e-07,6.90597982990879e-05,4.0492442231125e-05,5.54521964530148e-07,-5.56185085411993e-05,-5.72770350132512e-06,-2.32128088803429e-05,-1.48579962165909e-05,5.76752632234268e-06,2.82914467804e-07,3.21833256748799e-05,1.39758298184767e-06,-1.5612029645367e-05,-7.07539217098888e-07,2.30958454285441e-05,1.65620776962153e-09,-9.78643473816536e-06,-1.34338850225378e-07,-9.15906960246134e-07,-3.32887017237509e-05,5.35149358156892e-09,-1.06107716650057e-07,4.08082905102416e-08,2.70713957916528e-08,-0.000188269167575721,-3.97874972033538e-06,-1.87469441221746e-06,2.45851315754294e-06,5.52614400651711e-07,2.39685077933747e-06,-7.63890716912512e-06,-4.42606094527277e-07,-4.20887479744128e-05,-2.71662366973049e-07,-0.00106727635304601,-1.44915132274787e-05,8.35966866532722e-07,1.79693113405515e-07,5.60502842354322e-06,2.07940443722055e-06,-2.1689414024943e-06,-2.27584879523656e-08,-1.02037925862628e-05,-1.04990743329748e-17,-9.84111990006029e-08,1.41159342989766e-06,-2.95105018321372e-07,-7.72990233720201e-07,-1.05534711564381e-05,1.4606610650582e-07,-2.12326411048782e-06,9.56514182919498e-07,-0.000591216307386189,1.17872972113909e-07,-2.39846642347693e-07,9.79588028362342e-05,-6.42486755315294e-08,7.08714533101675e-06,-0.000105549006662549,2.67401640736154e-08,-1.78446862359382e-09,8.63608925027923e-08,-8.48154440171563e-08,1.34045539443823e-06,0.000665055403366674,-0.00200619360862974,1.26758138526456e-06,-4.00154880632587e-05,2.74074000806457e-05,-1.67906146226689e-06,2.994871679459e-05,-0.000111924817141218,2.37664559991606e-08,0.000206970221263944,1.00611850788885e-06,8.35422856544903e-06,2.2162240775601e-08,-1.19815807411979e-05,6.23993519054533e-07,-8.54883279426233e-07,1.36943412743217e-06,-2.67459171373634e-06,2.13043169985936e-06,-1.59044525797575e-07,3.20806978565382e-05,-1.41647456959659e-07,2.35861839151658e-05,-2.61912126081184e-16,-6.23285225939687e-05,-0.001674263794168,-6.53641553023827e-11,-6.08827699051357e-07,9.45436024414101e-07,-6.02235498919319e-07,-1.73406343818577e-07,2.5026887636497e-08,-1.13605867012374e-06,4.31461024666436e-05,1.73385269159966e-05,-1.84645530323121e-07,0.000105851005875455,-0.00037473268664805,1.24541468902076e-05,-0.320545118368083,-6.58671554793616e-06,-1.08377283957378e-05,-1.6440018903143e-07,-0.000118835983932591,7.32895244810507e-06,-3.00378330274348e-08,8.45305763604371e-06,-8.74943224089612e-07,3.06282643037221e-06,-1.67860294461933e-06,-1.46388502463127e-05,-7.15529866914998e-07,2.21716758953851e-07,1.33724436440299e-06,-1.25489119377808e-07,5.47819185619351e-07,-1.50147460172419e-06,-6.01213609509399e-06,0.00172336192757656,-7.11236197815497e-19,-2.2875490892765e-08,-1.14610210706271e-07,1.06135945084226e-08,-5.68238815570427e-06,-6.1194738548308e-09,-1.59002919734085e-06,-0.000606098474262487,1.75283509317387e-07,-8.00954983999289e-07,-5.67331090323261e-17,2.74549905994195e-05,6.66953293512187e-11,2.48971743359067e-08,-9.37749499918454e-10,3.27810527611597e-08,-3.9643909079915e-08,-1.05540608460237e-06,3.5080316644878e-07,-4.88017092442465e-08,3.80173879322446e-06,-1.35662555141664e-08,-1.36566590247748e-06,-1.87647379445729e-09,-2.8765450369166e-10,-4.1246701403236e-06,2.33012768950834e-08,-8.06548004366137e-06,-1.39643043823631e-15,-1.46853500753455e-07,1.18755611964723e-08,3.42345593075504e-10,3.29092909016434e-09,-5.0629568730485e-06,-4.49944862393126e-05,1.15018585344105e-07,-4.26221575237603e-07,-2.50059847739976e-07,-8.22435551860095e-17,-4.66247667190416e-06,-1.6692670435966e-08,-0.000108595540272137,2.60259760842846e-16,1.14082503319294e-06,1.47920479270132e-07,-2.28953684405448e-08,-1.59373672744927e-05,-3.09870383337686e-06,-2.88008983724852e-06,-5.45317053299436e-07,2.94533158109829e-06,1.24339055181833e-07,6.97669019951065e-09,1.65071286067321e-06,5.00803702228607e-08,-4.04899612368613e-16,-2.06323551509487e-08,7.67992342888562e-07,3.35426454432523e-07,-2.14722146788718e-06,-1.23537259906403e-16,-4.54233954761812e-08,8.64794317726554e-09,-9.9480079164341e-07,-1.43007121486441e-08,-5.22148458798419e-06,5.15420369734642e-08,-6.96463202983403e-07,3.90632963145953e-06,-6.94354937534157e-18,1.45667726413196e-05,-6.92354076627121e-08,2.02100906632068e-07,2.18742962676895e-05,-2.87682026474866e-08,-3.33335587499393e-06,2.2811613709095e-16,7.24248498119137e-17,-8.38830384218321e-06,-3.94387243508591e-08,5.20754410753988e-09,-5.80053643895628e-06,1.79625788974147e-15,-3.40892903972598e-05,-2.8929877323671e-06,2.9300059366672e-17,3.83584606799277e-17,3.1435110620535e-17,7.08689482304832e-06,1.93462613130955e-07,-2.13283567849265e-07,6.51242051492415e-06,9.25224899715334e-07,1.72226820312526e-07,-7.4773026194708e-08,5.27436665305944e-18,-1.6547319132898e-08,4.66358748129188e-08,-8.47257323801886e-17,2.08064443375782e-16,-2.96478427485754e-08,-1.71704510519381e-09,-1.76566430782574e-08,4.46840999195008e-06,1.74909690452572e-08,-7.01526519355824e-07,-4.99899165415224e-17,-2.47209954310189e-07,-6.94514577450259e-16,-1.37126414963406e-05,5.65953534037433e-17,-1.95888965089582e-08,7.26640169394097e-17,8.07392293599187e-08,2.12716910536984e-08,1.61862765194229e-06,1.30966888610687e-06,5.78733659096688e-08,-6.66323484009689e-09,4.23271821539542e-08,1.59337796922035e-08,7.63593954758217e-06,2.54698322509484e-07,1.48859322332802e-08,-4.20534393418548e-08,-7.69777030161432e-06,-0.000146466561683002,-2.00316140632245e-08,2.74011384105392e-17,1.88727695345802e-07,-3.26242555203682e-08,1.69822943120921e-08,8.43825600344719e-17,3.16422813159943e-07,9.03940804129837e-07,2.89742754879354e-07,-3.83780275356721e-16,-7.02572520155189e-08,-3.96785242824776e-06,-4.48165557458501e-18,-4.94786000413877e-08,1.1130884952356e-07,-3.38734740933663e-17,2.96234396338812e-16,-4.10998413015579e-09,-2.32287538941995e-06,-1.32562291916459e-08,-1.84370687236055e-05,5.28060358489082e-07,1.42076737186372e-08,0.000320034020268628,1.20753663632525e-07,-3.03997772987728e-06,-1.5368565794982e-16,5.62565119947966e-10,4.10752839083009e-08,1.13525317729247e-07,1.80192098377354e-05,-1.13619415183813e-16,-9.31821511532225e-17,1.50842801427201e-06,7.32605534306231e-17,-8.7621160323057e-16,1.56875578564764e-07,-2.31053667327081e-07,-4.3259168195425e-08,-4.13629142299189e-07,1.11054187833328e-06,2.90123891303466e-07,3.70960973777572e-07,1.49348650742033e-16,3.38960067747671e-05,9.20054205235137e-08,9.61559719092202e-05,-4.01744067329652e-08,1.59151762741813e-07,-3.037509893351e-16,3.97416143953644e-16,-2.47956637684336e-16,-1.47141504345972e-06,-6.71935860551969e-09,-4.35641665165644e-07,4.91795058485244e-16,-5.15926777414876e-09,2.53199075819507e-16,1.56876241638807e-16,8.51191794481955e-07,-2.13146139153246e-07,2.56739074444567e-16,-1.76353294456555e-06,-2.38252373767399e-08,8.59780571487638e-17,5.41680670683695e-08,-1.20331786365848e-16,3.48487669444152e-06,9.19125688342379e-17,3.49584529899594e-06,1.70677983553401e-07,6.25536501012743e-09,0.000126828598251876,0.000332869352339747,-1.88389164977105e-08,5.86213412050736e-07,7.86385263737276e-17,3.48808741526189e-07,-1.9698339572387e-08,2.70130764565692e-17,-2.59693347252495e-09,-5.29854013724234e-08,1.23231537542676e-08,1.88919825744035e-16,3.96536994426658e-08,5.24779859886013e-08,-3.61718355855811e-18,-1.4572492525927e-06,-1.10651995357793e-06,-1.51273197708473e-09,4.06108312547537e-16,-3.87528279289985e-17,2.71551198202685e-08,7.14797074937962e-05,1.18718970142888e-07,-1.09027352345453e-08,8.81122561402315e-06,2.51244496940963e-16,8.00555234063284e-16,3.22576438434477e-06,5.71609236196317e-09,5.17240824901419e-17,7.78316767343363e-05,-6.71393834595087e-17,2.24795109308794e-08,-3.8084586772846e-07,-5.09594730383855e-07,-3.38064724531473e-06,-7.91418905914431e-17,-1.0656620070384e-16,2.49051916801465e-16,9.64688974353596e-17,-2.61854630042774e-09,-9.08578084143598e-09,-1.16418447560791e-16,8.7876150366034e-17,-3.04366437186174e-16,1.28026914237648e-08,1.15105325957249e-10,-6.34559468149928e-09,-1.51297985032325e-16,-1.55874391085525e-16,2.31883739640337e-17,-2.73284252058328e-07,8.36365626906615e-09,2.66777442279167e-16,1.4696467677052e-09,-3.84698247316115e-08,-1.02924437248213e-16,1.22842830292065e-16,-4.69348105951839e-06,-2.72064131502166e-10,-2.32661684389363e-06,2.47421688769424e-16,1.48656755638186e-08,2.40077477344607e-07,2.57841548246194e-07,-9.63477264747662e-07,-5.71943739499636e-08,9.31692602808708e-10,2.80048212419378e-16,2.6200137949617e-16,-2.20097150670561e-16,1.77821362290279e-08,-1.61012117374997e-08,-6.29288476737865e-07,-4.78887498709041e-09,-2.36358834992542e-16,-2.73245511046054e-16,-6.4174494261967e-17,2.70073672496032e-16,-2.57951646307389e-17,2.29193761357402e-08,-3.54439106005408e-16,1.50007265692105e-17,-3.11393348978813e-05,-1.92494930006635e-18,-5.81207981868706e-07,8.75691455770076e-18,-4.25887504149493e-07,-5.52022459906145e-17,-5.1720985757995e-07,-5.24203984375774e-06,-5.71511408884031e-08,6.40227288606576e-17,3.52938147635636e-06,1.56336260759829e-17,3.16435292435782e-07,-5.04372308392771e-08,2.79149536911418e-10,6.99501212495235e-16,1.53850048307281e-06,-6.93520186547782e-16,-1.10893750075445e-07,-5.66127686691833e-08,-2.74684192611867e-16,-2.08645286171766e-16,-1.66179208538164e-16,-7.60416112234365e-17,-8.59589460882181e-09,-4.33845481669288e-07,-1.23646205377652e-05,-1.99762565156796e-16,1.07765686679651e-16,-5.86397378959521e-09,4.78373936292457e-08,2.71537792849712e-16,1.10212755721315e-16,-9.55497785541047e-08,2.55208379149806e-16,-1.85201554094275e-06,1.33057843694591e-16,1.69838738040047e-07,-2.99199433671048e-16,-1.09717188290614e-15,2.75217084258587e-16,3.00884934216104e-16,-2.8842227489184e-16,-6.58246519978909e-17,3.27208849630581e-09,-2.288450559853e-08,-1.47434805846114e-16,-1.5206584464239e-08,6.39122383098122e-07,-5.28993058867703e-16,2.03574840307189e-16,6.61086705948349e-16,4.34894883190433e-16,5.88168407518616e-07,1.58427393282319e-06,-2.1705371217729e-16,-2.34545757970898e-16,-1.14703660119285e-07,-3.70522548133228e-08,-5.61069037840098e-10,1.05958829711204e-16,-2.38296385941689e-16,-2.93706085125095e-16,1.67798023855935e-16,1.02726796922803e-16,1.32905681023923e-16,2.66084376825595e-05,-7.79142639935979e-07,-6.95181469073753e-07,2.56448233207347e-17,-3.70317645270741e-16,-5.33722803047749e-16,-3.21481423040877e-16,-1.1396543395558e-16,-4.81406588650032e-16,2.32055668424166e-16,-8.00570620564355e-18,-6.5764914172333e-17,-2.5743363102097e-16,-4.61310424900116e-16,-6.0936439992987e-17,-6.40699271987516e-17,3.02848137202718e-16,2.20075041254979e-09,-5.91446355346686e-17,-3.49418558947747e-16,-3.07354074458264e-16,3.11686307525252e-08,-3.85495319052332e-08,5.86035762272139e-16,-8.04573393743486e-10,2.85080757557656e-08,-5.94247965680056e-16,1.16374254577994e-15,-5.50136609989824e-08,-9.83288773004252e-16,7.03109141388321e-10,-2.05005687769719e-16,-2.44368360659896e-16,-5.69136912202478e-17,-1.84161104437645e-16,7.06483165601345e-08,-9.4620084035176e-08,-2.79681102962281e-16,2.37068572584901e-16,-4.16413134121782e-16,7.27674207194294e-16,2.62322715632868e-16,3.22280407945892e-16,2.87508102462036e-16,-5.56587925822669e-17,1.14398725183567e-09,5.37503536593116e-17,7.76911005533038e-16,3.69994214206125e-16,-4.81841119764474e-16,-4.25671419745403e-16,-9.66668618671775e-16,-2.48959037582634e-07,-4.91211509613641e-18,5.48578526398162e-16,1.68444575502597e-08,-3.70550622896793e-16,6.89946027288639e-16,8.24595741498592e-18,-6.97192686712459e-16,1.4075815283797e-08,1.61792266488705e-16,-1.06271301257856e-06,-3.8451991446443e-17,1.86079860726633e-16,5.85023764645617e-16,1.33875314906908e-15,1.7426979626533e-16,-4.56603961759423e-16,1.68492107480241e-08,-2.03212174448183e-16,-3.86917620198831e-16,2.12896817126179e-09,-2.10453612974119e-06,1.46743021156166e-16,3.62724094993319e-07,3.90029423821581e-05,-2.08916381007893e-16,-2.83491856402657e-15,5.04511010772627e-16,5.73258384843184e-17,-3.12601665292585e-17,-6.54842171095916e-05,-5.59860517887334e-16,1.01341584883132e-16,6.19457240352964e-16,5.60851496867318e-07,1.73906779374651e-15,2.14042450202209e-15,-6.66877840012652e-16,1.37391253333927e-15,-2.5242907254876e-06,4.89447988773229e-16,4.45486102836106e-10,-1.8648006459943e-16,-1.09420578320095e-15,6.73024257183829e-16,-2.26907963730795e-15,1.16208490691072e-15,-5.46841815325146e-16,2.66714729326433e-16,-7.73884598592757e-09,-3.40580406433316e-15,-1.86027062088046e-15,3.2544250377584e-09,-1.12797657261167e-15,-2.2765843936206e-15,3.39051922036495e-15,8.84528424383385e-16,2.46952314938953e-15,1.54990678138633e-15,-2.36133183874846e-08,-2.39599413788807e-15,1.91680855478138e-16,7.03410810924878e-09,-1.28902534715078e-15,2.49280802907515e-15,-1.64829765050643e-15,-2.17540795327068e-15,-1.16824893239865e-15,1.1553637030389e-15,2.13499148552999e-15,1.11459218367565e-15,1.38292616213965e-15,-4.16313794857999e-16,1.14212304267132e-14,-3.69565638075561e-09,1.22570882945092e-08,-7.05702855433722e-15,5.67364346171128e-15,-1.91319746940475e-14,-7.3474666072772e-14,7.14427974245202e-14,2.49607734454484e-13,2.35270558111118e-13,0.707106781186549,-1.16936434922212e-08,-6.42926837905604e-14,-5.20792515395047e-15,-9.86957165159422e-15,-1.97270617221694e-14,1.36238909962906e-09,-3.31747372514722e-15,-2.16239209535781e-10,1.17369191503393e-16,-8.14293598689485e-16,-5.33221589584117e-15,-2.33756863708776e-15,-1.25182620917943e-15,-5.97558915440004e-15,8.1524525965656e-16,8.13117546000361e-16,2.66974932537018e-15,-2.23477354398831e-16,-2.66927435407834e-15,1.12554166070428e-16,-6.00852764688885e-15,-7.40712184488464e-16,-1.85571191781033e-15,2.75132431691732e-17,1.23909923887941e-16,1.08591726093829e-15,7.59035923723657e-16,-1.16871239354378e-15,-6.4401609045639e-17,3.76733263332667e-16,5.13894117002039e-16,-2.09215581890807e-16,-5.51972693247109e-16,2.18063632324439e-06,1.90990024361345e-15,-4.28419642404355e-16,-4.75974852934123e-16,-7.30383100133126e-16,1.54722327697829e-17,-2.10430874477966e-16,7.4534685474668e-16,-7.1349810479229e-17,-6.32937515528217e-16,-4.10634259784942e-16,-2.16352543519482e-16,-5.36988592852075e-16,6.28222650793156e-17,1.46761519733549e-16,-4.33306071528121e-16,-5.55543349603784e-16,1.01803042019401e-16,-1.35282609310482e-07,-4.71804147024687e-16,-1.07168720210855e-15,-2.05104747951132e-16,7.90238487486971e-16,3.62286897923672e-16,-4.79408878602403e-17,3.89610989180493e-16,6.00086088886304e-16,3.49347343512359e-16,3.10916077282223e-09,1.2802075486747e-15,-7.5784070061719e-16,-7.91455574018809e-17,2.38955174413988e-16,2.95463042664077e-16,4.16045700122653e-16,2.52615288410557e-16,6.73174944164076e-16,-4.8822688148018e-17,1.25912527202647e-15,-2.60814062896939e-16,-9.44211010979667e-17,-3.88094556465251e-18,2.454499937677e-07,-1.70864066109852e-16,6.57052045137399e-17,9.87554621046487e-17,-6.63531729561129e-16,-4.3157578532939e-09,-1.5807070527023e-18,1.64018559225635e-16,3.88955740219314e-16,1.74735886588456e-16,2.70023726570648e-17,-8.60871095447207e-17,4.83579322827423e-16,-2.34538978799864e-16,-7.85937791713025e-17,1.35262970491284e-16,5.96365820857666e-16,-2.06296682735615e-16,-3.39859898882954e-16,-4.45630322980383e-16,4.19535454605362e-17,9.95965288545768e-17,-1.80529587023632e-16
"t735",0.0362995086353144,-0.0109840280389179,-0.0120353469485702,0.000724727547193669,0.00686209463050787,-0.0192830221201464,-0.00273418612514557,-6.00962276606329e-06,-0.0605401818045274,-0.0496180767425762,-0.0551370009733542,0.000741880826215472,-0.00161265973738608,-0.000355931455620195,-0.0107323281404758,0.000281814664200744,0.000191907275086089,-2.38862424690075e-05,-0.0114836367666221,-0.00492460302846519,-9.63528475489635e-06,4.22465574502248e-05,-0.0509774610393985,-0.00206520266543442,0.000193795549827257,-0.00153222656705379,0.0148003642494924,0.000109397738553988,6.93886389563955e-06,6.87150113944606e-05,0.0248410226513459,0.000178692676329207,-3.33147475250041e-08,9.54761601961086e-06,5.97416676047541e-05,3.61692246739363e-05,1.86380588999216e-06,-8.65962068174015e-06,-0.00285090765948689,0.00031306716201279,-1.2113310387525e-05,0.0036478106682772,5.89220352864378e-06,-0.000354671260032867,5.71072990661727e-06,-2.34342649515095e-07,1.17733827497006e-08,5.54144231062025e-08,-8.89706049084342e-05,0.000302254131244093,-5.43647624493988e-07,9.45705918817318e-07,-1.29572534632399e-06,5.12171466345067e-07,-6.37255800033637e-05,5.10786980345011e-05,-4.25268412527675e-05,5.89186376351654e-05,-0.000520936559250082,1.1573610991164e-06,1.35624950291358e-06,-7.96912667577555e-05,5.30463884592122e-05,-4.11028422443191e-05,0.0104517723608534,-6.34992478277033e-06,6.35453648233381e-05,-0.00022256561166731,5.71729001235287e-05,-0.000287424267237759,4.57297852315582e-06,-2.28665811152824e-05,8.88610244765588e-05,7.63793331349977e-05,-3.34162774288015e-05,-3.29324838693241e-05,0.00035899114738611,-7.7809796004201e-05,0.452055610913644,-0.00958933095830043,0.000235522655400234,0.0168172063185287,-0.147036411550281,0.000314599756124615,0.000643211758199577,0.000179147541316934,-2.7849952489072e-05,-0.000477989112971565,-8.9397501068855e-07,3.59592647932905e-05,-0.000362561485807708,1.88987643216483e-07,0.000129442538861603,-0.000107547580904272,-1.98762529989564e-05,-2.29883751109219e-05,-2.70019060367765e-06,1.3996000660256e-05,-0.000155631146092536,-0.00314587600849825,-6.61444062851923e-05,4.39202030468415e-07,-9.23819207300984e-05,0.000145863234813507,-0.0924434761392965,9.41626825888696e-07,-0.000654866630723072,9.15257126012867e-07,-0.00179495934527557,2.95378126307023e-07,1.02815121373887e-05,2.26679642874744e-05,-7.08562230123295e-06,9.59163790226325e-06,-1.13318524284615e-05,2.70406856954292e-05,-0.0561129180228362,-0.00058310658577057,-2.40576020802776e-05,1.40768407123666e-05,-9.03788133736096e-06,2.16593223853308e-05,-0.000323080791922979,-0.000320623615826551,1.57718906454214e-06,-3.36608988409989e-05,3.49580132502744e-06,-8.35013671102133e-05,7.55957727455171e-05,0.00262912192559209,1.93633161406551e-05,-7.05362934689285e-05,5.74290985740267e-06,0.000689628378073228,-1.39692293041643e-07,9.21542823334604e-05,-0.00025559420695624,-9.49619151043389e-06,0.00112307124923003,-0.000324985697322681,-0.00778531685855974,1.96093526388511e-05,3.16245349639062e-05,3.40596692772816e-06,1.9730212583767e-08,-5.14083570598807e-05,-3.60842290194204e-06,0.00365644326990065,0.00153106068707436,-1.74531193464634e-06,-2.15705237613861e-06,-0.000111970109969847,-1.55461695811524e-06,0.000379676122081884,-1.18166983270602e-06,-2.22625796885805e-05,0.000137386256232884,-1.48099843452976e-05,-8.91765995715332e-05,-1.24899671528167e-05,-1.28514045433608e-05,1.91623020767325e-06,-0.032355986763221,8.33714680556836e-06,9.13101064259234e-06,-6.88599831209846e-06,0.00207140779378209,2.80180362308452e-05,0.00176807603880847,7.00670691427516e-06,-1.50986997692695e-05,-2.70014656470922e-06,3.68258962446192e-07,0.00188529680392525,2.49476796960909e-06,5.17262411204631e-06,2.28674256109533e-07,-1.03637870198891e-05,-0.000555814078332618,-6.55953142087135e-05,0.000281850022903513,9.64037979623003e-05,-2.27205249088915e-05,-1.04405199136457e-07,-3.74339000874731e-06,-4.30143441051392e-06,-0.0660963246006738,-0.00231229173445116,-0.0104672170562321,-9.72425621364958e-07,-0.370697018750836,-0.000205080840831483,-5.66606746244568e-05,-6.35720830758835e-09,-5.29891443265469e-07,6.90597982989446e-05,4.04924422312046e-05,5.54521964522497e-07,-5.56185085414016e-05,-5.72770350158039e-06,-2.32128088801467e-05,-1.48579962165996e-05,5.76752632230972e-06,2.82914467924709e-07,3.21833256746212e-05,1.39758298183413e-06,-1.56120296451483e-05,-7.07539217052701e-07,2.30958454285311e-05,1.65620759937732e-09,-9.78643473828245e-06,-1.34338850234763e-07,-9.15906960542071e-07,-3.32887017235534e-05,5.35149394007393e-09,-1.06107716760187e-07,4.08082906015108e-08,2.70713957946775e-08,-0.000188269167576162,-3.97874972018891e-06,-1.87469441213009e-06,2.45851315724956e-06,5.52614400621576e-07,2.39685077910973e-06,-7.63890716908744e-06,-4.42606094763554e-07,-4.20887479744046e-05,-2.71662366550319e-07,-0.00106727635304571,-1.4491513227561e-05,8.35966866255332e-07,1.79693112798717e-07,5.60502842336782e-06,2.07940443726756e-06,-2.16894140243814e-06,-2.27584884276616e-08,-1.02037925858912e-05,-3.9856607514954e-17,-9.84111990966395e-08,1.41159342989809e-06,-2.95105018290608e-07,-7.72990233688257e-07,-1.05534711564601e-05,1.4606610637326e-07,-2.12326411043295e-06,9.56514183124701e-07,-0.000591216307386123,1.17872972336427e-07,-2.39846641850102e-07,9.79588028360217e-05,-6.42486754594896e-08,7.08714533114895e-06,-0.00010554900666267,2.67401639454563e-08,-1.78446864313657e-09,8.6360892488185e-08,-8.4815444092214e-08,1.34045539425886e-06,0.000665055403366668,-0.00200619360862983,1.2675813850274e-06,-4.00154880632192e-05,2.74074000804337e-05,-1.67906146258891e-06,2.99487167945592e-05,-0.000111924817141068,2.37664558598016e-08,0.000206970221264085,1.00611850812578e-06,8.35422856537165e-06,2.21622408400065e-08,-1.1981580741342e-05,6.23993519395573e-07,-8.54883279428686e-07,1.36943412749623e-06,-2.67459171379152e-06,2.13043169976441e-06,-1.59044525782494e-07,3.20806978564039e-05,-1.41647456708458e-07,2.35861839150321e-05,-2.36365792092361e-16,-6.23285225938661e-05,-0.00167426379416747,-6.53641101496311e-11,-6.08827699067152e-07,9.45436024329623e-07,-6.02235499145619e-07,-1.73406343826306e-07,2.50268869985617e-08,-1.13605867074213e-06,4.31461024666913e-05,1.73385269160915e-05,-1.84645530336615e-07,0.000105851005875203,-0.000374732686647797,1.24541468903506e-05,-0.320545118368083,-6.58671554770111e-06,-1.08377283955954e-05,-1.64400189060304e-07,-0.000118835983932804,7.32895244820999e-06,-3.00378329752853e-08,8.45305763632763e-06,-8.74943224377632e-07,3.06282643055548e-06,-1.67860294463406e-06,-1.46388502459656e-05,-7.15529866774985e-07,2.21716758738153e-07,1.33724436429687e-06,-1.25489120037377e-07,5.47819185544338e-07,-1.50147460234086e-06,-6.01213609511896e-06,0.00172336192757595,3.14265040086346e-17,-2.28754909959681e-08,-1.14610210609554e-07,1.06135943635731e-08,-5.68238815545494e-06,-6.11947378226244e-09,-1.5900291969964e-06,-0.000606098474262761,1.75283508783756e-07,-8.00954984282945e-07,-1.35518826801368e-16,2.74549905996791e-05,6.6695175067507e-11,2.48971743624482e-08,-9.37749294056856e-10,3.27810531231838e-08,-3.96439091140472e-08,-1.05540608511136e-06,3.50803166388328e-07,-4.88017091871652e-08,3.80173879316207e-06,-1.35662552815299e-08,-1.36566590235446e-06,-1.87647380899384e-09,-2.87654645396884e-10,-4.12467014000569e-06,2.33012770077476e-08,-8.06548004380067e-06,-1.94401752423953e-15,-1.46853500859299e-07,1.18755612782211e-08,3.42345612014853e-10,3.29092878539893e-09,-5.06295687292936e-06,-4.49944862392041e-05,1.15018585315801e-07,-4.26221575191411e-07,-2.50059847601326e-07,9.01790370664291e-17,-4.66247667192775e-06,-1.669267039041e-08,-0.000108595540272359,1.31410816873871e-16,1.14082503321515e-06,1.47920479023588e-07,-2.28953684169456e-08,-1.59373672743354e-05,-3.09870383311288e-06,-2.88008983770871e-06,-5.45317053481114e-07,2.94533158123698e-06,1.24339055258419e-07,6.9766902330555e-09,1.65071286060219e-06,5.00803706140805e-08,-8.82445358177497e-17,-2.06323555839177e-08,7.67992342800793e-07,3.35426454825402e-07,-2.14722146798281e-06,6.80863230496115e-17,-4.54233953499011e-08,8.64794338123107e-09,-9.94800791320695e-07,-1.43007123779567e-08,-5.22148458793222e-06,5.15420370398915e-08,-6.96463203523658e-07,3.90632963170779e-06,-2.92937338371424e-17,1.45667726414559e-05,-6.92354075237987e-08,2.02100906667868e-07,2.1874296267644e-05,-2.87682026877997e-08,-3.33335587474624e-06,-1.96891114523368e-16,-4.26735464923901e-17,-8.38830384259872e-06,-3.9438723600432e-08,5.20754377871951e-09,-5.80053643942196e-06,1.82356834781555e-15,-3.40892903979458e-05,-2.89298773229195e-06,-2.59101602239173e-17,-1.20163036526679e-17,3.38605266388027e-18,7.08689482264025e-06,1.93462612634408e-07,-2.13283567909665e-07,6.51242051544407e-06,9.2522489965773e-07,1.72226820473564e-07,-7.4773026168574e-08,-7.2210255557605e-17,-1.6547318866437e-08,4.66358743033306e-08,1.58992545299229e-17,8.97811427583717e-17,-2.96478426400349e-08,-1.71704491814674e-09,-1.7656642522678e-08,4.46840999196423e-06,1.74909690508526e-08,-7.01526519785049e-07,8.7839284635639e-17,-2.47209954870406e-07,3.73576157611435e-16,-1.3712641496098e-05,-2.78030094606752e-16,-1.95888961390749e-08,-7.03395541644351e-17,8.07392298971806e-08,2.12716912570694e-08,1.61862765184096e-06,1.30966888614796e-06,5.7873365904022e-08,-6.66323499141744e-09,4.23271822618877e-08,1.59337794222227e-08,7.63593954759561e-06,2.54698323074855e-07,1.48859323642459e-08,-4.20534393989831e-08,-7.69777030213085e-06,-0.000146466561682971,-2.00316144746698e-08,-9.25754970004532e-17,1.88727695723163e-07,-3.262425558313e-08,1.69822940414271e-08,-6.45475363876313e-17,3.16422812840067e-07,9.03940803896157e-07,2.89742755457642e-07,4.51569539998665e-16,-7.0257251895358e-08,-3.96785242800061e-06,6.33707379973127e-18,-4.94786000113734e-08,1.11308850827323e-07,4.43333477012583e-17,-2.81134071061297e-16,-4.10998425801282e-09,-2.32287539014776e-06,-1.32562286546677e-08,-1.8437068723883e-05,5.28060358583095e-07,1.42076737164623e-08,0.000320034020268408,1.20753663644132e-07,-3.03997772996905e-06,1.32814766129474e-16,5.62565307709252e-10,4.10752846536156e-08,1.13525317850519e-07,1.80192098376046e-05,-4.20614210587373e-16,1.7016365597984e-16,1.50842801439428e-06,-9.27927538474749e-17,-5.43416155587987e-16,1.56875578808116e-07,-2.31053667722491e-07,-4.32591684684034e-08,-4.13629142424877e-07,1.11054187811793e-06,2.90123891393177e-07,3.70960973462474e-07,-1.25825587949604e-16,3.38960067743635e-05,9.20054204810156e-08,9.61559719088797e-05,-4.01744065257397e-08,1.59151762928098e-07,5.54661943179083e-17,-3.4467404985756e-16,8.93591048366185e-17,-1.47141504286785e-06,-6.71935876141883e-09,-4.35641665192028e-07,-5.91463907721687e-16,-5.15926799755801e-09,-3.1726067349733e-16,-1.30150655268765e-16,8.51191794211095e-07,-2.13146139467129e-07,6.12682647671559e-16,-1.76353294375172e-06,-2.38252369893625e-08,-9.84932127310628e-18,5.41680670186911e-08,2.03083535764814e-16,3.48487669456199e-06,1.98086010604855e-16,3.49584529969454e-06,1.70677983583197e-07,6.25536506861638e-09,0.000126828598252137,0.000332869352339936,-1.88389164974936e-08,5.86213412236108e-07,-8.24330399200078e-17,3.48808741498517e-07,-1.96983391592288e-08,-4.04309784117332e-17,-2.59693337211476e-09,-5.29854013689798e-08,1.23231535827443e-08,-3.96332538976969e-16,3.96536994617823e-08,5.24779861678777e-08,8.96834122879574e-17,-1.45724925283203e-06,-1.10651995337931e-06,-1.51273176550079e-09,-9.0916868801645e-16,1.22176928274611e-16,2.71551191690014e-08,7.14797074932345e-05,1.18718970200623e-07,-1.09027350785815e-08,8.81122561357995e-06,-1.88234429223408e-16,-4.78140005540836e-16,3.22576438385625e-06,5.71609183918351e-09,1.44990348755355e-16,7.78316767341233e-05,7.31178752682714e-17,2.24795109248649e-08,-3.80845867671023e-07,-5.09594730977553e-07,-3.38064724486672e-06,3.2409472771631e-17,9.52504577958361e-17,1.35992100135141e-16,-1.15506167466033e-16,-2.61854640743152e-09,-9.085780996383e-09,4.42693252265197e-16,-5.91872459054611e-17,1.98929364894684e-16,1.28026916259167e-08,1.1510590673121e-10,-6.34559497613454e-09,1.27061665193124e-16,-9.26430427598129e-16,-8.20469994028405e-17,-2.7328425146145e-07,8.36365659729047e-09,-1.91259388424098e-16,1.46964693726143e-09,-3.84698252829961e-08,1.32411224695357e-16,-1.24403982981771e-16,-4.69348105981246e-06,-2.72063983219761e-10,-2.32661684330004e-06,-2.91720880609635e-16,1.48656759026834e-08,2.40077477553437e-07,2.57841548379752e-07,-9.63477264372639e-07,-5.71943738820668e-08,9.31692682752937e-10,-2.40906624118641e-16,-2.7446754913049e-16,2.54464496151825e-16,1.77821367526442e-08,-1.61012114361933e-08,-6.29288477462188e-07,-4.78887484183504e-09,9.26666664454119e-17,3.31243958362426e-16,1.62704166619742e-16,-2.39238376688046e-16,-3.90918486521509e-16,2.29193759023969e-08,1.99850185905207e-16,-1.11866807876861e-17,-3.11393348982414e-05,-2.6853461329541e-17,-5.81207980908434e-07,8.58211470616726e-18,-4.25887503580539e-07,6.92905091635474e-17,-5.17209857778378e-07,-5.24203984402708e-06,-5.71511414776743e-08,-3.00542914961139e-17,3.52938147624787e-06,1.52365580483387e-17,3.16435292364688e-07,-5.04372308232909e-08,2.79150047335503e-10,-6.10576210906396e-16,1.53850048362986e-06,3.66240175969496e-16,-1.10893750557443e-07,-5.66127681972108e-08,1.76917944705118e-16,1.46420009518253e-16,7.00681635891428e-16,7.11101964895678e-17,-8.59589469455561e-09,-4.33845482003467e-07,-1.23646205375981e-05,2.46054237950842e-16,-8.22036310243276e-17,-5.86397388295693e-09,4.78373931501368e-08,-3.30664122325792e-16,-2.67070820497837e-17,-9.55497788470319e-08,-2.63172361998516e-16,-1.85201554086628e-06,6.06331628661373e-18,1.69838737043135e-07,3.40723906582933e-16,7.4484776560428e-16,-2.31567547169037e-16,-1.71548247664759e-16,2.40011148662991e-16,-1.98137974622517e-16,3.27208923358794e-09,-2.28845072466665e-08,1.11753458028243e-16,-1.52065852424189e-08,6.39122383575673e-07,7.05060571563704e-16,-1.56573420458662e-16,-3.23913150011421e-16,-1.17415567121876e-15,5.88168406787718e-07,1.58427393074795e-06,2.59592232331603e-16,2.50079489711829e-16,-1.14703660047411e-07,-3.70522527536935e-08,-5.61068892209027e-10,-7.88362098432877e-17,2.04826505084048e-16,3.47367173996306e-16,-2.34947208765333e-16,1.61817527717428e-17,-9.70853338330639e-17,2.66084376852857e-05,-7.79142639152197e-07,-6.95181468053351e-07,-1.35567021291668e-18,3.59643503983452e-16,6.13844406094529e-16,1.60000495084832e-16,1.61243658904858e-17,3.82259334039308e-16,-2.24386959131394e-16,1.65969445646531e-17,2.89709201058305e-18,2.58307757824465e-16,5.5547453358075e-16,1.290570625777e-16,6.76890623377929e-17,-2.67600021153705e-16,2.2007502427521e-09,1.1657963115955e-16,5.59793457852811e-16,2.87707703955998e-16,3.11686307651429e-08,-3.85495316501408e-08,-5.3717249368536e-16,-8.04574066929906e-10,2.85080767116626e-08,5.75324591063817e-16,2.36035462701145e-16,-5.50136616462461e-08,1.01151999978043e-15,7.03108678031257e-10,1.99248264838688e-16,2.99277694050491e-16,3.82051749581025e-17,-7.36694917464949e-18,7.06483161743195e-08,-9.46200847472925e-08,2.72937997975273e-16,-3.12966026780091e-16,3.71281544591174e-16,-5.15329702184714e-16,-3.18403073004681e-16,-3.2165429911521e-16,-3.20353190646393e-16,1.99049678917074e-16,1.14398720097058e-09,-3.27275225265828e-17,-6.76620510607477e-16,-3.9073850445206e-16,3.04022512979497e-16,4.47245594682648e-16,8.31144412315387e-16,-2.4895903698138e-07,4.55155283892647e-17,-5.91252989033598e-16,1.6844456624832e-08,3.84358736506686e-16,-6.63275736788197e-16,2.11701505581572e-18,7.72479917957483e-16,1.40758156548311e-08,-1.77400134015443e-16,-1.06271301220048e-06,2.61253421990668e-17,-1.99812318358863e-16,-6.18912138612615e-16,-1.15944665028895e-15,-2.29215336590422e-16,3.9685014258776e-16,1.68492109826534e-08,3.45270423708347e-17,5.79672796968906e-16,2.12896492955083e-09,-2.10453612968875e-06,-8.81847524085123e-17,3.62724096837663e-07,3.9002942383552e-05,1.53510162133574e-16,2.79483466788982e-15,-6.39727791648694e-16,-8.02276519207165e-17,3.65723457974949e-17,-6.54842171076117e-05,4.12295782497316e-16,3.14579786028637e-17,-6.4800021827953e-16,5.60851496792924e-07,-2.15045993831219e-15,-2.11057967706832e-15,6.77759056691883e-16,-1.41378817796613e-15,-2.52429072754416e-06,-3.568075375764e-16,4.45484673830582e-10,1.75570774765788e-16,1.07063936109814e-15,-7.71535716169911e-16,2.23284522668087e-15,-1.16975417801794e-15,4.61874672939762e-16,-2.80935802845197e-16,-7.73884628389949e-09,3.36355758918608e-15,1.83574298359211e-15,3.25442739913411e-09,1.12647264491482e-15,2.25386330123056e-15,-3.38077179718792e-15,-8.71955391873903e-16,-2.47970744977336e-15,-1.57670597230479e-15,-2.36133169159609e-08,2.33643383059267e-15,-2.1091698344304e-16,7.03410906459589e-09,1.36252675121948e-15,-2.56180800720413e-15,1.72183401512313e-15,1.98566240640061e-15,1.27390073594168e-15,-1.1140116182483e-15,-2.15847382870178e-15,-1.19711296458566e-15,-1.55375104631222e-15,3.82265291028079e-16,-1.1463858786131e-14,-3.69565270438986e-09,1.2257104349268e-08,7.17115997917736e-15,-5.60730489289296e-15,1.90595946847633e-14,7.34410912566306e-14,-7.05631842019827e-14,-2.49578977291179e-13,-2.35271405306608e-13,-0.707106781186548,-1.16935567488302e-08,6.42676041855271e-14,5.20184940378088e-15,9.81353243279124e-15,1.97212308006125e-14,1.36239255221938e-09,3.38817736960031e-15,-2.16235149728362e-10,-1.48891688845024e-16,7.27120251975964e-16,5.19254815428023e-15,2.33775778752489e-15,1.25803635894151e-15,6.31928877157211e-15,-7.83416231862156e-16,-7.33346198082163e-16,-2.71343672964386e-15,1.93375737288899e-16,2.7443919884455e-15,-1.11263633723269e-16,6.16874355636312e-15,7.58724736867691e-16,1.85017173571852e-15,2.27785299137698e-16,-1.65344033848798e-16,-1.24714457459407e-15,-7.40118627881176e-16,1.10463449190777e-15,-5.32343266690383e-17,-3.81942015911793e-16,-5.16633271681855e-16,1.79217859714558e-16,5.69046995027366e-16,2.18063632341859e-06,-1.93633154441396e-15,5.57635128416905e-16,4.55063052366146e-16,6.10060237949462e-16,-9.18866379569945e-17,2.30811113041301e-16,-5.27992113799446e-16,4.24652421950165e-17,6.1902327325239e-16,3.48219423381303e-16,3.37024245317119e-16,4.1182217205716e-16,-4.13676833311297e-17,-2.16240769798215e-16,4.73264064766211e-16,3.65151371457572e-16,-8.56225227392031e-17,-1.35282609627532e-07,4.49445662976098e-16,1.04903356856875e-15,1.85848197582538e-16,-7.8474028841341e-16,-2.26392878720765e-16,-1.45096209782194e-16,-3.63259866405014e-16,-5.32126369622941e-16,-3.50691441046188e-16,3.1091605770642e-09,-9.78585376163711e-16,6.77589364365865e-16,2.56715896987655e-18,-2.31899163685639e-16,-3.39469821689996e-16,-2.17014638369887e-16,-1.94888656280656e-16,-5.70265029452921e-16,6.44614774290056e-17,-1.21268319186338e-15,2.80848053494562e-16,9.608073798464e-17,2.60803559554457e-17,2.45449993976927e-07,7.60469504904659e-17,-6.799127452515e-17,-4.75241084145568e-16,-3.62882467130898e-16,-4.31575845813613e-09,-9.93979959557799e-17,-1.53101316557588e-16,-2.43575385402909e-16,-2.25530081335551e-16,-8.42727055228484e-18,1.33343073866829e-16,-1.71685660357029e-16,3.42351094339523e-16,5.86001758820237e-17,-1.64189544369948e-16,-5.65424110550567e-16,2.84328573256928e-16,3.56396711750012e-16,3.19910729639868e-16,-1.45385313004797e-16,-5.74051747528891e-18,-2.19578540978442e-16
"t682",0.0370695716659648,-0.0114940082026211,-0.0126135818488201,0.000772628019264827,0.00743067546444697,-0.0212008045681986,-0.00301230553949384,-6.67802654472769e-06,-0.068751900297454,-0.0581645498628632,-0.0681242724523542,0.00097721537053506,-0.00214687876592492,-0.000476563591301299,-0.0146173787476613,0.000393553673854797,0.000270975910546177,-3.40233532082215e-05,-0.0165471086982719,-0.00743142266644027,-1.53047609924793e-05,7.91853567635274e-05,-0.101886581800797,-0.00415776122820141,0.00039214687662379,-0.00330840111051028,0.0325332407051127,0.000243867266420408,1.61634305465343e-05,0.000239361362971648,0.112695574765227,0.00105347749274738,-4.10379644213586e-07,0.000612218127969244,-0.000965413560198278,-0.000182661920269817,-8.37619516723319e-06,3.40775926762119e-05,0.0106363028112254,-0.00104666426095645,3.34942764209015e-05,-0.00873218979249312,-1.29787149505614e-05,0.000776032450186327,-1.13951186533423e-05,3.47166350460389e-07,-1.60855316982426e-08,-7.29763575838612e-08,0.000106110269087791,-0.000325659603102546,5.15484497605559e-07,-8.47010319911296e-07,1.15099374844605e-06,-4.2469325180379e-07,4.64249390632716e-05,-3.650992772529e-05,2.19958220537746e-05,-2.80314640847499e-05,0.000245413840497829,-4.4690531045082e-07,-4.52216591526568e-07,2.47259046236485e-05,-1.55287996928282e-05,1.18577390385088e-05,-0.00270547292385625,1.49093507524302e-06,-1.20042953344625e-05,3.80603126238354e-05,-9.33160275471928e-06,4.30845045019346e-05,-4.2318666530379e-07,1.37333172166992e-06,-4.95222950386755e-06,-3.61210819032152e-06,1.54647108791444e-06,1.41151597052518e-06,-1.49096196536969e-05,2.74336035201224e-06,-0.0101779426673188,0.000171603027304879,-2.50994093471836e-06,-0.000154581036241646,-6.68014843926209e-05,9.47053777482697e-07,7.85581389408308e-06,2.55164910428914e-06,-4.48019578902552e-07,-7.8226503040364e-06,-1.46948487889942e-08,5.97522606107011e-07,-6.25006140046236e-06,4.07148909292027e-09,2.82053671275186e-06,-2.44440181954774e-06,-4.1432604838238e-07,-4.61524325856371e-07,-5.41030648336364e-08,2.42330407031054e-07,-2.48758214689738e-06,-2.80020370269541e-05,1.97838221984066e-08,-5.83247004786168e-10,2.3434816493046e-07,-8.52746859629348e-05,0.16542166014315,4.04059578206218e-06,-0.000449414081137462,5.19078923949264e-07,-0.000789789090832312,9.93292729317154e-08,3.22719295029669e-06,5.25960861989413e-06,-1.59930557134884e-06,1.45710477735254e-06,-1.63001395011224e-06,3.51558358006802e-06,-0.00701470861629285,-6.63229238572752e-05,-2.5295683020723e-06,1.40167152005858e-06,-8.73540521289916e-07,1.89479625864036e-06,-2.6498708555762e-05,-2.62315301670475e-05,1.27826665650356e-07,-2.54620958168988e-06,2.62875006367715e-07,-5.89487078773476e-06,4.32123410446369e-06,0.000149879816653071,1.08192530774921e-06,-3.25689874501554e-06,2.5374990407937e-07,2.94639131204594e-05,-5.10529563878948e-09,3.28652077775199e-06,-5.43637889330279e-06,-7.75136090855424e-08,-1.41088380570118e-05,4.29138112120716e-06,0.000133683313434281,-3.77368907073655e-07,-7.16449821981401e-07,-8.16861529653813e-08,-4.73546983381325e-10,1.74573654666275e-06,2.03605338144079e-07,-0.000306433674202107,-0.000140123767424392,1.92062047891769e-07,2.40763766649031e-07,1.3366603347632e-05,1.92962083066542e-07,-4.92411548676105e-05,2.2607290034059e-07,4.52773818046712e-06,-2.91794656236129e-05,9.70224380120457e-06,8.72956321787504e-05,1.31533047989215e-05,2.23769286564908e-05,-3.82024991579176e-06,0.4380684373881,-0.000336994452291457,2.59958207965886e-05,-9.99333530640638e-06,0.00130438267421019,1.7307868849378e-05,0.00108690714624621,4.01344039374533e-06,-8.00676578280468e-06,-1.41667098716476e-06,1.68353911856874e-07,0.000827765286500572,1.0073145205163e-06,2.04722603974943e-06,8.95898395676872e-08,-3.38890118291318e-06,-0.00015156245794881,-1.732969453889e-05,7.22308161371706e-05,2.25352942320526e-05,-5.12087415519825e-06,-2.26894323721263e-08,-7.85446755239725e-07,-7.96930471541821e-07,-0.0118508653864041,-0.000297295842882532,-0.00132828692033166,-1.06902456238589e-07,-0.0229851371396172,-4.03077243701799e-06,-2.39930787711715e-07,1.2512664614639e-10,2.03419174641714e-08,-6.87173952201916e-06,-4.61821675523665e-06,-8.13506103534787e-08,9.12747236214097e-06,1.89563075600885e-06,7.90832409304559e-06,6.52428342728357e-06,-3.23257698764157e-06,-2.93871022842072e-07,-3.35335171532546e-05,-1.5507376307199e-06,2.1235607895383e-05,1.12310032398871e-06,-6.01805662125192e-05,-1.26319383303483e-08,-0.000241373956412151,-1.51070974064321e-06,-3.21393565637204e-06,-8.74751159379048e-05,1.39740310790856e-08,-2.34873676854173e-07,6.70914947049314e-08,4.25838058454189e-08,-0.000244336138772685,-4.66015311130571e-06,-2.12808893493785e-06,2.4959471719711e-06,5.48178702280063e-07,2.32091941761086e-06,-6.92068347305317e-06,-3.96087860033435e-07,-3.75537237749697e-05,-2.28123979579484e-07,-0.000867235932059539,-1.13861231683491e-05,6.47485528982678e-07,1.3720624725096e-07,4.22500305056583e-06,1.56185335124005e-06,-1.57890886651069e-06,-1.62701458229429e-08,-7.1611705014942e-06,1.50430772292788e-16,-6.73929959068832e-08,9.62212316485975e-07,-1.95345721209139e-07,-5.02155155948473e-07,-6.77835134352282e-06,9.3770788696653e-08,-1.43422687992602e-06,7.75324573633614e-07,-0.00933280073236875,6.58064549724968e-08,-1.37175962022153e-07,5.64653934664583e-05,-3.70130352359046e-08,4.08065238610412e-06,-6.04984430194226e-05,1.5009044794537e-08,-9.99047684667855e-10,4.84599927042041e-08,-4.94664139405321e-08,7.87010317133242e-07,0.000473669556094773,-0.023852313339947,4.46560745626243e-07,-1.55251058497122e-05,1.12437216023548e-05,-7.20769051594497e-07,1.33552618943833e-05,-5.00710080962208e-05,1.11580297772326e-08,9.72561269936543e-05,4.73250421909271e-07,3.97110978269984e-06,1.05766268963185e-08,-5.79447979662812e-06,3.02563067806572e-07,-4.80611405345103e-07,7.93620681954869e-07,-1.59349034504909e-06,1.37389433882711e-06,-1.11664608654871e-07,3.12118000114891e-05,-1.62229995757906e-07,3.21306958649595e-05,-6.13541256552894e-15,-0.000578463776054238,-0.487238149588281,1.70660782692414e-10,3.59101026056614e-07,-2.63095329243851e-07,1.21823630759141e-07,3.0018432836299e-08,-1.29350768742794e-10,7.94793159846418e-10,1.8940633386979e-08,2.75847979347638e-07,-6.23705998367375e-09,3.62657440450517e-06,-1.2837781752462e-05,4.04830036404736e-07,-0.00217808106818664,7.40875510790977e-08,1.34617282982682e-07,2.09989061273329e-09,8.941345153634e-06,-1.34281823830565e-06,6.02393097015589e-09,-1.92464477535744e-06,2.30801330592923e-07,-8.44242242654506e-07,6.57424832908094e-07,5.88235719910387e-06,3.01328462275635e-07,-9.64037482143289e-08,-6.45588589264072e-07,6.80055001738346e-08,-3.30530209945471e-07,9.49694440790935e-07,4.12219055207588e-06,-0.00140867792474104,-8.00018884978749e-18,8.53100437874007e-08,5.76891345970992e-07,-1.08522358157237e-07,5.99140908729194e-05,6.67204382006848e-08,2.36607462378151e-05,0.0293254886434397,4.85754057496971e-06,-4.84378739909915e-06,-1.10755180078228e-16,5.20037376290404e-07,-5.67491559742618e-11,-1.19916396010937e-07,5.47606423522009e-09,2.15871532584786e-07,-1.70304979923311e-07,-3.31069782745877e-06,9.53946832893101e-07,-1.0670520236648e-07,7.21454908862382e-06,-2.3934024014706e-08,-2.32263424454691e-06,-3.12377951562267e-09,-4.62035160863272e-10,-6.60012658701466e-06,3.64177255128125e-08,-1.23872672945394e-05,8.84333577378556e-16,-2.01657207548656e-07,1.59864471927212e-08,4.60765889089289e-10,4.20674883807393e-09,-6.42531598206109e-06,-5.2790992744024e-05,1.32339925163254e-07,-4.88584930677854e-07,-2.82733503209987e-07,4.10491758466248e-16,-5.19305077046222e-06,-1.84916186688163e-08,-0.000117974057064818,2.38995540527404e-16,1.21498650155353e-06,1.56828413278695e-07,-2.42181701890421e-08,-1.67788480058747e-05,-3.23713782033843e-06,-2.99168452206795e-06,-5.63971822783414e-07,3.00793932819789e-06,1.26796889590683e-07,7.05563991592536e-09,1.64605380367005e-06,4.99040580478199e-08,4.13929255407716e-16,-2.00396085928801e-08,7.42788274515618e-07,3.21490514038859e-07,-2.03105860756019e-06,-2.06246636532275e-16,-4.18513717433881e-08,7.75952162522823e-09,-8.82834429797131e-07,-1.26284587885655e-08,-4.58426739142528e-06,4.47854594811994e-08,-5.95668273645114e-07,3.22762636901263e-06,8.81156746922259e-17,1.17270386328269e-05,-5.56216217597347e-08,1.61666602508525e-07,1.73972610163382e-05,-2.28702634891774e-08,-2.64576901987974e-06,-3.49546780409327e-16,-8.4120985612696e-18,-0.000126917162727007,-3.07918567021351e-08,4.06220410847429e-09,-4.49650895508978e-06,1.38432954591618e-15,-2.60856121755527e-05,-2.20179219120509e-06,8.68037140285313e-17,1.95899571973094e-16,2.82494783274753e-17,5.30931554948169e-06,1.44663668088826e-07,-1.5847977915151e-07,4.81426357353921e-06,6.83564247867748e-07,1.26578788540963e-07,-5.4922349764402e-08,9.49153037429453e-18,-1.20345475490147e-08,3.38057030956177e-08,4.26229166742704e-16,-3.36710953273854e-16,-2.12344219685052e-08,-1.22647564680741e-09,-1.25681168497561e-08,3.17345862797405e-06,1.23704890769478e-08,-4.95832064159269e-07,4.73528990426746e-17,-1.7457196180131e-07,6.01366309445901e-17,-9.65956616222814e-06,-7.52165257161819e-17,-1.37747514089243e-08,1.909116330494e-16,5.66529841286894e-08,1.49195559009281e-08,1.12936009275797e-06,9.12872327447339e-07,4.03227733800409e-08,-4.6347965568962e-09,2.94036531053468e-08,1.1044499462243e-08,5.29278636076542e-06,1.76486692778693e-07,1.03172769634982e-08,-2.926727834224e-08,-5.46199183331619e-06,-0.00175969185390159,-1.25285973956034e-08,2.28715803398933e-16,1.25640570764736e-07,-2.18563717175414e-08,1.13900243556695e-08,-4.00053537196669e-17,2.12126853380749e-07,6.05600320531219e-07,1.94076858062857e-07,-3.46574656916257e-16,-4.70567131946472e-08,-2.65756046896537e-06,4.80964547493237e-16,-3.31463829032106e-08,7.51544298995375e-08,-4.06070129157296e-17,2.03892221607223e-17,-2.80631134024474e-09,-1.588575947152e-06,-9.15367100251689e-09,-1.29811166314933e-05,5.0267895130816e-07,1.64208414451985e-08,0.00358993429228558,7.21189002042529e-08,-1.87787986253428e-06,1.4343452640897e-15,3.49382938776246e-10,2.55288271888649e-08,7.07183723841677e-08,1.12494272859357e-05,-7.29507187035988e-18,-1.01287411838358e-17,9.43882679199345e-07,-1.09295021070534e-16,-3.67450364765282e-16,9.87188205252391e-08,-1.45442831732538e-07,-2.72307850821326e-08,-2.60525047699525e-07,6.99544323457854e-07,1.82756706473645e-07,2.33714448854217e-07,7.82798611314116e-17,2.16054544889847e-05,6.16117947709537e-08,0.00103085545813312,-2.47890730919277e-08,9.89529737522194e-08,1.52517693162279e-16,7.04419469885772e-17,-1.41839302117907e-16,-9.14985036015114e-07,-4.17615491992221e-09,-2.7074363180583e-07,3.00610365945587e-16,-3.2044021156506e-09,6.83802569395099e-16,3.78948674410555e-17,5.27350971083692e-07,-1.32051478921889e-07,-7.41811126414582e-16,-1.09250008651332e-06,-1.47636726873397e-08,-6.59314752750149e-17,3.36442617368693e-08,1.86634066067909e-16,2.22131916323017e-06,-3.14071016434668e-16,2.25639219018128e-06,1.12132670724651e-07,4.3013306737272e-09,0.00127238555275838,0.000193127291342159,-1.14062163188394e-08,3.56274396074088e-07,-6.9546298184145e-17,2.11860402696061e-07,-1.19625099607509e-08,3.90122961987137e-16,-1.57671838242326e-09,-3.21552297646926e-08,7.4752306912892e-09,5.22430985884555e-16,2.40137825046113e-08,3.17688480626982e-08,-2.2483529915728e-16,-8.81763593530436e-07,-6.69383189712269e-07,-9.14302831154844e-10,3.66511625656066e-17,-7.93439350110359e-17,1.63771591323387e-08,4.3068676345777e-05,7.15179190522525e-08,-6.54079210159794e-09,5.28247652428576e-06,-1.72667857781264e-16,5.60921090403603e-17,1.93299784787027e-06,3.42509246724051e-09,-7.28647760328645e-16,4.66002374441311e-05,-1.41902568526908e-16,1.34489761687309e-08,-2.27614912723515e-07,-3.04540040561523e-07,-2.01973163073107e-06,2.04928820345251e-16,1.62536645135112e-16,9.47874545157872e-16,2.66800193652043e-16,-1.56037250715073e-09,-5.41300292566999e-09,6.62471245183267e-16,-7.34578678612056e-16,-3.69679669168041e-16,7.62158521527611e-09,6.85009673387725e-11,-3.77297371499243e-09,4.77592600999528e-17,1.63730791077898e-15,-3.65918233213858e-17,-1.6199977959705e-07,4.95736858434422e-09,-3.93926985817359e-16,8.70084063613732e-10,-2.27648338573702e-08,7.11442440734397e-16,-3.72588248859201e-16,-2.77434458411175e-06,-1.60804473901942e-10,-1.37426846158862e-06,-2.27185436073948e-17,8.77131155817854e-09,1.41571213236276e-07,1.51921873425872e-07,-5.67054384563042e-07,-3.36517051947013e-08,5.47879002499165e-10,-3.537480975598e-16,-9.85518103962938e-17,-4.397357233312e-16,1.04238988513808e-08,-9.43808797217776e-09,-3.68725261060561e-07,-2.8004062690236e-09,-1.20700398701428e-15,8.27883973489161e-16,-1.30349401431276e-15,5.33817064216388e-16,9.49146368474866e-16,1.33750112591263e-08,1.11594817863711e-15,-2.14259686207607e-16,-1.81573420994345e-05,-4.07945913619811e-17,-3.38887824583653e-07,1.04417616944252e-15,-2.48306493892985e-07,-7.42613591411307e-16,-3.01133588059774e-07,-3.05105741981165e-06,-3.32474175233569e-08,2.93780122425202e-16,2.05194280409684e-06,-3.85299309411709e-16,1.83726317482298e-07,-2.92341763984739e-08,1.61788792380284e-10,3.2784056245622e-15,8.9106109134339e-07,2.62426736557937e-15,-6.41590403906311e-08,-3.27524231567993e-08,5.54890025323258e-16,-7.50770738479211e-16,-4.10246303056271e-15,4.35550415260313e-16,-4.96939861060185e-09,-2.50810717338417e-07,-0.000111742079561836,4.85542711136152e-17,1.11870566019416e-15,-3.3825913304217e-09,2.75931810529879e-08,1.67826763577412e-15,-9.23960944396119e-16,-5.5028093573469e-08,-4.41474520470936e-15,-1.06623327985411e-06,1.11277878100141e-14,9.76827732036803e-08,-1.06899105991692e-15,3.4609730171782e-14,1.71786020948374e-16,-2.58254766012576e-15,8.76858823762799e-16,-1.45992427542345e-14,1.87822206846274e-09,-1.31356069962746e-08,5.8573017673807e-15,-8.7224986185344e-09,3.6649600834276e-07,-0.707106781186548,1.69427880038513e-13,1.63524093201271e-14,2.077092624493e-14,3.3686241833236e-07,9.07103847613267e-07,1.18791974467692e-14,7.22968159250123e-15,-6.56547244452466e-08,-2.1207294675338e-08,-3.21097786455694e-10,-2.99979386123037e-15,1.21227265821293e-14,-4.72249212114906e-15,1.30926550895074e-15,-7.98591997658988e-17,-6.32937792201321e-17,1.51933374401423e-05,-4.44795224309529e-07,-3.9678148413875e-07,5.45975064454476e-16,-3.15271146757655e-15,-4.95948742028088e-15,7.8785512681212e-16,5.3768644115782e-16,2.34097830386526e-15,3.4200920872647e-15,9.15230845873338e-17,-5.62892416838219e-16,2.17178097537453e-15,3.41119743838099e-15,2.11585092713252e-15,-6.22089299575165e-16,-1.11211525019752e-16,1.25177480555595e-09,-2.48165150202357e-15,-7.63037263293719e-16,3.01657852633433e-15,1.77204970156694e-08,-2.19145236550369e-08,6.69438245403075e-16,-4.57351523415465e-10,1.61961702190995e-08,9.09615352105262e-16,3.88185992884628e-15,-3.12332165824109e-08,-6.87477780694982e-16,3.98846434112914e-10,-7.14790058275002e-16,3.61648169582571e-16,4.19623727458225e-16,-2.74225428580217e-16,4.00235452853025e-08,-5.3599239394696e-08,-3.48877860480307e-16,4.26769893335651e-16,-1.00717910611489e-16,4.13911069772012e-17,1.11347563114261e-16,5.53644144819086e-16,7.65405456704669e-16,-7.10491548272715e-16,6.45118746892401e-10,-2.4068893753271e-16,2.93733662328562e-16,3.75272873015521e-16,-2.12833211721442e-16,7.00300683737401e-17,-1.66776177718703e-15,-1.40259243520852e-07,-2.08420435436677e-16,3.65255465831442e-17,9.48821398715995e-09,7.90981025451543e-16,-1.10302728928905e-15,1.49460080199762e-16,1.18701316354197e-15,7.91247876339339e-09,-3.16522742413869e-16,-5.97168530543527e-07,-2.53862617178841e-16,-4.46064964089348e-16,4.50415017686964e-16,-5.53325225705937e-16,-1.9189567416829e-16,-1.97670337192254e-16,9.46104173527424e-09,-3.22776621126585e-16,2.24286977072304e-16,1.19476550911891e-09,-1.18102077579274e-06,6.49188102216099e-17,2.03454109163625e-07,2.18736535771189e-05,-3.13405624036363e-16,2.57342396052857e-17,1.74216927464179e-17,5.15444457529641e-16,-2.82127615285954e-16,-3.66428525639373e-05,1.22936878834514e-15,-5.20523690365998e-16,2.20024119527668e-16,3.13655071754532e-07,-3.9960113046008e-16,6.80324582209598e-16,-8.37802179155164e-17,-4.92984396866767e-16,-1.4106418178289e-06,6.13499826325367e-17,2.48891124887231e-10,-4.17868572180568e-16,1.55512281837347e-16,6.26287874424482e-16,-1.84746096638526e-16,1.07747224237553e-16,-2.35669806534512e-16,-5.32132089949272e-17,-4.318391254444e-09,-1.88049519510595e-17,7.95509776606647e-16,1.81546976288706e-09,5.16316315714783e-17,1.60886101843063e-16,-3.22106249861036e-16,2.17174291727385e-16,6.86825524683356e-17,-2.13905624453652e-16,-1.31601603270223e-08,3.00143764640487e-16,2.16702336005724e-16,3.9185919121701e-09,2.76135520365242e-16,-3.89887464574917e-16,3.44601287266975e-16,9.21000101708451e-17,-4.83589795768152e-17,2.1161572157182e-16,2.3057766775537e-16,-9.55142841453389e-17,1.45099520990281e-16,2.20455543750246e-16,-3.50064099775391e-16,-2.05560690768482e-09,6.81641088321813e-09,-3.92158901878193e-16,-3.48497377082841e-17,-1.33251011805616e-16,-3.94010977771203e-16,-3.29646249533355e-15,2.59743084986821e-17,-1.52991673681171e-16,-6.39440619053346e-16,-6.49678194622502e-09,-4.93631811021809e-16,-2.41989773618175e-16,2.55895993435251e-16,4.14918483350936e-16,7.56307284053311e-10,-3.69727336648545e-16,-1.19929046899955e-10,-3.00455684143502e-16,1.0033804687343e-15,-5.75858081045809e-17,1.65470829313444e-16,3.16631571568557e-16,2.5587672008796e-17,3.79159949259932e-16,-5.2526482488889e-16,2.70861825475582e-16,-9.24498462436355e-17,-2.19870717371485e-16,1.0476140411326e-16,-2.70684750865407e-16,1.93397984652904e-16,1.1659801999998e-16,-6.83854636010324e-16,-1.40649007380185e-16,-1.94402407807335e-16,-1.31255623473523e-16,-1.4943643526075e-16,8.74896943087178e-16,7.12957233524236e-17,-1.57141274669501e-16,-3.95966142082939e-17,3.70168162784126e-17,1.77613847061169e-05,2.06655195140967e-17,-5.85988230667805e-16,-3.58072542791017e-17,-4.61365964746133e-16,9.24119233323479e-18,2.31739307295684e-16,-4.37352610234384e-17,-3.40470188139565e-16,-2.51599986952396e-16,-1.529016938183e-17,-7.76993486911737e-16,-9.59107078728755e-17,-1.55738543691702e-16,-7.31516465262643e-17,-6.42475543110697e-17,-1.81473381791873e-17,-2.59713061559497e-17,-7.46179458724411e-08,-5.47184697667095e-16,4.47723345760567e-17,8.34442693376259e-17,-3.38303143055885e-17,1.210836845578e-16,2.15306662144966e-16,2.32469411451973e-16,-1.6815039577808e-16,-7.36021848299723e-17,1.71109511981363e-09,8.87108934548548e-16,-6.02960660915724e-16,1.706283610388e-16,-3.64326020373151e-16,-1.68128698759842e-16,-1.116095542244e-16,-6.72229129122444e-17,3.96988217875656e-16,-1.68490483965907e-16,3.61094961647527e-16,-2.29274931297233e-16,-2.38324699496933e-17,2.69581003674943e-16,1.34782996810252e-07,8.82447635654723e-17,1.03382717291626e-16,2.8873216689126e-16,1.89410119533218e-16,-2.36748788247998e-09,-1.79842301124894e-17,1.49007446309432e-16,3.30685313588137e-17,1.30030770334515e-16,-2.24264711174783e-16,2.20408217339142e-16,-3.96289151511996e-17,-2.96536836495885e-16,-2.20316813184087e-17,-1.61259632308393e-16,3.51266771425938e-16,1.69559085266559e-16,-3.98433087661734e-16,-2.26568685074345e-16,-3.25014283298341e-17,2.50989724294564e-16,-2.65873288349971e-16
"t408",0.0370695716659648,-0.0114940082026211,-0.0126135818488201,0.00077262801926483,0.00743067546444697,-0.0212008045681987,-0.00301230553949383,-6.67802654472461e-06,-0.0687519002974541,-0.0581645498628633,-0.0681242724523542,0.000977215370535088,-0.00214687876592491,-0.000476563591301301,-0.0146173787476613,0.000393553673854785,0.000270975910546167,-3.40233532082222e-05,-0.016547108698272,-0.00743142266644029,-1.5304760992474e-05,7.91853567635173e-05,-0.101886581800797,-0.00415776122820139,0.000392146876623795,-0.00330840111051032,0.0325332407051127,0.000243867266420404,1.61634305465246e-05,0.000239361362971651,0.112695574765227,0.00105347749274734,-4.10379644202527e-07,0.000612218127969266,-0.000965413560198294,-0.000182661920269821,-8.37619516724175e-06,3.40775926762068e-05,0.0106363028112254,-0.00104666426095647,3.34942764208935e-05,-0.00873218979249315,-1.29787149505623e-05,0.000776032450186342,-1.13951186534009e-05,3.47166350465279e-07,-1.60855317007356e-08,-7.29763575569391e-08,0.000106110269087795,-0.000325659603102553,5.15484497596425e-07,-8.4701031990299e-07,1.15099374844191e-06,-4.24693251793815e-07,4.64249390632825e-05,-3.65099277253058e-05,2.19958220537737e-05,-2.80314640847571e-05,0.000245413840497827,-4.46905310418918e-07,-4.52216591523068e-07,2.47259046236511e-05,-1.55287996928083e-05,1.18577390385124e-05,-0.00270547292385628,1.49093507521867e-06,-1.20042953344674e-05,3.80603126238266e-05,-9.33160275471638e-06,4.30845045019263e-05,-4.23186665289683e-07,1.37333172171177e-06,-4.95222950386071e-06,-3.61210819032243e-06,1.54647108790946e-06,1.41151597053214e-06,-1.49096196537013e-05,2.74336035201693e-06,-0.0101779426673191,0.000171603027304888,-2.50994093470282e-06,-0.000154581036241658,-6.6801484392486e-05,9.4705377749362e-07,7.85581389405318e-06,2.55164910428676e-06,-4.48019578921526e-07,-7.82265030403147e-06,-1.46948487975569e-08,5.97522606155584e-07,-6.25006140046684e-06,4.07148905041954e-09,2.82053671274554e-06,-2.44440181956509e-06,-4.14326048376586e-07,-4.6152432588204e-07,-5.41030648317942e-08,2.4233040702537e-07,-2.48758214690382e-06,-2.80020370269351e-05,1.97838222116572e-08,-5.83247014860831e-10,2.34348164923849e-07,-8.52746859629226e-05,0.165421660143151,4.04059578207676e-06,-0.00044941408113745,5.19078923982897e-07,-0.000789789090832366,9.93292728753911e-08,3.22719295024726e-06,5.25960861995424e-06,-1.59930557130379e-06,1.45710477734666e-06,-1.63001395013266e-06,3.51558358007967e-06,-0.00701470861629285,-6.63229238572584e-05,-2.52956830205879e-06,1.40167152005645e-06,-8.73540521284086e-07,1.89479625869112e-06,-2.64987085557458e-05,-2.6231530167074e-05,1.27826665741551e-07,-2.54620958174811e-06,2.62875006437104e-07,-5.89487078769963e-06,4.32123410448438e-06,0.000149879816653097,1.08192530775827e-06,-3.25689874506548e-06,2.53749904055346e-07,2.94639131204555e-05,-5.10529564591736e-09,3.28652077773192e-06,-5.43637889330908e-06,-7.75136090847708e-08,-1.41088380569956e-05,4.29138112122957e-06,0.000133683313434227,-3.77368907076212e-07,-7.16449821979456e-07,-8.16861529270828e-08,-4.73547075551216e-10,1.74573654668217e-06,2.0360533816765e-07,-0.0003064336742021,-0.000140123767424319,1.92062047876308e-07,2.40763766821148e-07,1.33666033476163e-05,1.92962083041515e-07,-4.92411548676581e-05,2.26072900353419e-07,4.52773818045188e-06,-2.9179465623597e-05,9.70224380118302e-06,8.72956321787338e-05,1.31533047989651e-05,2.23769286564628e-05,-3.82024991585349e-06,0.438068437388101,-0.000336994452291479,2.59958207966158e-05,-9.99333530642337e-06,0.00130438267421018,1.73078688495031e-05,0.0010869071462462,4.01344039377008e-06,-8.00676578283614e-06,-1.41667098718247e-06,1.6835391170931e-07,0.000827765286500387,1.00731452053991e-06,2.04722603978796e-06,8.95898395778323e-08,-3.38890118292025e-06,-0.000151562457948793,-1.73296945389147e-05,7.22308161371112e-05,2.25352942320816e-05,-5.12087415511127e-06,-2.26894323965693e-08,-7.8544675514296e-07,-7.96930471604902e-07,-0.0118508653864041,-0.000297295842882432,-0.00132828692033167,-1.06902456154858e-07,-0.0229851371396176,-4.03077243701143e-06,-2.39930787715502e-07,1.25126703646128e-10,2.03419173366852e-08,-6.8717395218987e-06,-4.61821675518365e-06,-8.13506103632195e-08,9.12747236218727e-06,1.89563075615005e-06,7.90832409302334e-06,6.52428342730659e-06,-3.23257698776633e-06,-2.93871022865221e-07,-3.35335171532508e-05,-1.55073763073889e-06,2.12356078953164e-05,1.12310032398524e-06,-6.01805662125194e-05,-1.26319384680441e-08,-0.000241373956412248,-1.51070974073455e-06,-3.21393565642773e-06,-8.74751159377764e-05,1.39740311740853e-08,-2.34873677137597e-07,6.70914947886645e-08,4.25838057305845e-08,-0.000244336138772603,-4.66015311094252e-06,-2.12808893505778e-06,2.49594717197283e-06,5.48178702174341e-07,2.32091941775789e-06,-6.92068347300393e-06,-3.96087860212487e-07,-3.75537237749899e-05,-2.28123979859313e-07,-0.00086723593205961,-1.13861231684494e-05,6.47485528924884e-07,1.37206247358006e-07,4.2250030506311e-06,1.56185335125904e-06,-1.57890886644951e-06,-1.62701457848153e-08,-7.16117050169962e-06,1.64928369070105e-17,-6.73929957889402e-08,9.62212316541269e-07,-1.95345721146248e-07,-5.02155155987828e-07,-6.77835134348557e-06,9.37707887128568e-08,-1.43422687996374e-06,7.75324573694007e-07,-0.00933280073236854,6.58064550409714e-08,-1.37175962135196e-07,5.64653934668271e-05,-3.70130352177252e-08,4.08065238613685e-06,-6.04984430194974e-05,1.50090446581209e-08,-9.99047880528977e-10,4.84599925991451e-08,-4.94664138491014e-08,7.87010317111106e-07,0.000473669556094753,-0.0238523133399473,4.46560745520107e-07,-1.5525105849882e-05,1.12437216023369e-05,-7.20769051596946e-07,1.33552618944513e-05,-5.00710080961265e-05,1.11580297970194e-08,9.72561269935823e-05,4.73250421976413e-07,3.97110978277376e-06,1.05766268955743e-08,-5.79447979649587e-06,3.02563067526586e-07,-4.80611405240857e-07,7.9362068189437e-07,-1.59349034503873e-06,1.37389433873848e-06,-1.1166460875414e-07,3.12118000117225e-05,-1.6222999584813e-07,3.21306958652309e-05,-6.10014057467581e-15,-0.000578463776054225,-0.487238149588283,1.70660732294859e-10,3.59101026217546e-07,-2.63095329124425e-07,1.21823630758512e-07,3.00184327985375e-08,-1.29350827384559e-10,7.94793237772705e-10,1.89406334552628e-08,2.75847979257788e-07,-6.23705989553433e-09,3.62657440438113e-06,-1.28377817518399e-05,4.04830036458913e-07,-0.00217808106818623,7.40875510363802e-08,1.34617283008899e-07,2.09989048338711e-09,8.94134515361213e-06,-1.34281823825792e-06,6.02393090701419e-09,-1.92464477529478e-06,2.30801330727152e-07,-8.442422425069e-07,6.57424832855808e-07,5.88235719924771e-06,3.01328462451342e-07,-9.64037482719635e-08,-6.45588589243327e-07,6.80055002214263e-08,-3.30530210004864e-07,9.496944409086e-07,4.12219055218947e-06,-0.00140867792474078,-5.1380714796558e-17,8.53100437917549e-08,5.76891346233901e-07,-1.08522357999269e-07,5.99140908738493e-05,6.67204381433165e-08,2.36607462375381e-05,0.0293254886434409,4.8575405750134e-06,-4.84378739883494e-06,-5.43767319306844e-17,5.20037376082279e-07,-5.67489995683581e-11,-1.19916396182739e-07,5.47606409907835e-09,2.1587153257438e-07,-1.70304980199797e-07,-3.31069782711957e-06,9.53946832432288e-07,-1.06705202548062e-07,7.21454908873288e-06,-2.39340239893456e-08,-2.32263424445022e-06,-3.12377938707401e-09,-4.62035044013383e-10,-6.60012658671272e-06,3.64177254910518e-08,-1.23872672943845e-05,1.1891296522471e-15,-2.01657207457228e-07,1.59864472206936e-08,4.60766055510865e-10,4.20674871472417e-09,-6.42531598203897e-06,-5.27909927441149e-05,1.32339925229015e-07,-4.88584930518506e-07,-2.82733502983797e-07,-2.24105675326449e-16,-5.19305077020276e-06,-1.84916185934739e-08,-0.000117974057064794,3.22657624909089e-16,1.2149865016342e-06,1.56828413125253e-07,-2.4218170147457e-08,-1.67788480057439e-05,-3.23713781984566e-06,-2.99168452206509e-06,-5.63971822793446e-07,3.00793932836503e-06,1.26796889694359e-07,7.05564029814485e-09,1.64605380364893e-06,4.99040580559814e-08,5.71702495036032e-17,-2.00396086575533e-08,7.42788274372563e-07,3.21490513963063e-07,-2.03105860760165e-06,1.33062981413473e-16,-4.18513715120361e-08,7.7595216706563e-09,-8.82834429753834e-07,-1.26284587109635e-08,-4.58426739134126e-06,4.4785459448579e-08,-5.9566827359212e-07,3.22762636922701e-06,-1.73266187984036e-16,1.17270386327035e-05,-5.56216214311401e-08,1.61666602223763e-07,1.73972610159201e-05,-2.287026318616e-08,-2.64576902057108e-06,-1.18828558104411e-16,-2.57663020487567e-17,-0.000126917162728652,-3.07918553256524e-08,4.06220497118995e-09,-4.49650895538427e-06,1.4570474919702e-15,-2.60856121751035e-05,-2.20179219111574e-06,4.87768780851729e-16,-5.6112138347627e-17,-1.04906227787768e-16,5.30931554944037e-06,1.44663668396883e-07,-1.58479778692333e-07,4.8142635734395e-06,6.83564248084889e-07,1.26578788163969e-07,-5.492234995835e-08,1.65522322106156e-16,-1.20345480596624e-08,3.38057034569363e-08,-2.71671444503223e-16,3.37584696373152e-16,-2.12344224742349e-08,-1.22647533429792e-09,-1.25681168124033e-08,3.17345862773486e-06,1.23704892288089e-08,-4.95832064422312e-07,-4.02157321669866e-16,-1.74571961295128e-07,-1.59412914534695e-16,-9.65956616186024e-06,1.17635935714677e-17,-1.37747514803374e-08,-1.45907633139291e-16,5.66529836727978e-08,1.49195556866141e-08,1.12936009320472e-06,9.12872327463087e-07,4.03227732542697e-08,-4.6347963489436e-09,2.94036532119128e-08,1.10444997144919e-08,5.29278636136634e-06,1.76486692235717e-07,1.03172776154835e-08,-2.92672783319019e-08,-5.46199183274826e-06,-0.00175969185390129,-1.25285971812898e-08,-2.37014276152532e-17,1.2564057097989e-07,-2.18563718367554e-08,1.13900240511057e-08,1.34682892770374e-16,2.12126853863845e-07,6.05600320801739e-07,1.94076857687529e-07,2.84995909955028e-17,-4.70567134263882e-08,-2.65756046918495e-06,-3.16542135692935e-16,-3.3146382734811e-08,7.51544297651993e-08,-9.16043317784169e-18,-2.73157000457395e-17,-2.8063105807745e-09,-1.58857594742577e-06,-9.15367060730323e-09,-1.29811166313968e-05,5.02678950673564e-07,1.64208414067948e-08,0.00358993429228782,7.21188998970847e-08,-1.87787986234839e-06,4.86102044033876e-16,3.49382961875676e-10,2.55288274060981e-08,7.07183722682378e-08,1.12494272861796e-05,-1.00012181818147e-16,-2.26147369620236e-18,9.43882679220471e-07,-4.04188377216592e-17,-5.18869057757323e-16,9.87188200823136e-08,-1.45442831072665e-07,-2.72307845721891e-08,-2.60525048194885e-07,6.99544323161687e-07,1.82756706135779e-07,2.33714448225719e-07,6.63084562490064e-17,2.16054544896314e-05,6.16117956997282e-08,0.00103085545813429,-2.47890727300365e-08,9.89529737902552e-08,-1.68710807630952e-16,-1.51860543117334e-16,-8.1571977498203e-18,-9.1498503615763e-07,-4.17615451989736e-09,-2.7074363198084e-07,-9.06106850633974e-16,-3.20440227511709e-09,-6.24531297197486e-16,-1.18465302637996e-16,5.27350971470166e-07,-1.32051479059334e-07,-6.48352899146332e-16,-1.09250008782652e-06,-1.47636719972285e-08,1.09476116047893e-15,3.36442614432591e-08,-3.08589989809912e-16,2.22131916247748e-06,7.45843296300506e-17,2.25639218872542e-06,1.12132670485959e-07,4.30133032021801e-09,0.00127238555275758,0.000193127291343154,-1.14062163622617e-08,3.56274395673755e-07,2.09538822973338e-16,2.11860403038399e-07,-1.1962509596806e-08,-5.55928610393047e-16,-1.57671717991375e-09,-3.21552296063782e-08,7.47522971802805e-09,-4.58304295328158e-16,2.40137829229727e-08,3.176884812431e-08,1.72561853528711e-16,-8.81763595031507e-07,-6.69383189981482e-07,-9.14303090072602e-10,-2.34963778864619e-16,1.47236856942578e-16,1.6377159808939e-08,4.30686763453859e-05,7.15179190747359e-08,-6.54079225544852e-09,5.28247652380406e-06,2.62854009955448e-16,9.9277303428286e-17,1.93299784795648e-06,3.42509204693151e-09,7.92047843233242e-16,4.66002374436301e-05,1.96710006408338e-16,1.34489757088523e-08,-2.27614913225681e-07,-3.04540041569836e-07,-2.01973163111809e-06,-3.01541450080482e-16,-1.62449474964042e-16,-1.33012602945795e-16,-3.08043232876011e-16,-1.56037225761155e-09,-5.41300376460144e-09,-5.22343062932558e-16,8.43409894106769e-16,5.2883756576867e-16,7.6215849205922e-09,6.85008113240226e-11,-3.77297381003191e-09,7.07553366460992e-19,-8.00601989217609e-16,-4.74663711114154e-16,-1.61999779237937e-07,4.95736705053266e-09,5.30733377435426e-16,8.70083713579521e-10,-2.27648344031693e-08,-7.15486119317603e-16,5.15944428861533e-16,-2.77434458438138e-06,-1.60804488968704e-10,-1.3742684620191e-06,-2.74897606208115e-17,8.7713112453592e-09,1.4157121430513e-07,1.51921874823377e-07,-5.67054383906175e-07,-3.36517043145946e-08,5.47878702566768e-10,2.77365985447732e-16,-6.44399594461524e-17,5.73936756748626e-16,1.04238989480501e-08,-9.43808893646184e-09,-3.68725259062912e-07,-2.80040867756845e-09,9.94518499161418e-16,-8.89246403209472e-16,1.19368088162692e-15,-5.56317048042051e-16,-1.04773718699908e-15,1.33750108261111e-08,-1.25882567759194e-15,2.01491725962553e-16,-1.81573420979644e-05,4.75057539645533e-17,-3.38887826291886e-07,-1.02268733096575e-15,-2.48306495100092e-07,7.5491917774663e-16,-3.01133586822811e-07,-3.05105742041747e-06,-3.32474168382866e-08,-3.14721103385239e-16,2.05194280596275e-06,3.94825807030792e-16,1.83726318983527e-07,-2.9234176452529e-08,1.6178607697183e-10,-3.76147513751532e-15,8.91061093632581e-07,-2.61312244261312e-15,-6.41590403548164e-08,-3.27524222572284e-08,-7.79431263175769e-16,1.11841471131039e-15,3.79934133440372e-15,-3.04674878781434e-16,-4.96940044730903e-09,-2.5081071611506e-07,-0.000111742079571116,4.68645393248152e-19,-1.21324984754699e-15,-3.38259190873119e-09,2.75931871485894e-08,-1.55967528797191e-15,1.04704501432056e-15,-5.5028095883975e-08,4.46697511415577e-15,-1.06623327872105e-06,-1.12939557004672e-14,9.7682768993907e-08,1.08051097343231e-15,-3.48468004316852e-14,-3.61689096996383e-16,2.80644475141467e-15,-8.00379459301414e-16,1.55023295222186e-14,1.87820328055734e-09,-1.31355988861654e-08,-5.89758921718094e-15,-8.72252220084422e-09,3.66496039620659e-07,0.707106781186548,-1.69269291913525e-13,-1.63147626007408e-14,-2.04782212873891e-14,3.36862393634072e-07,9.07103860448482e-07,-1.1853118181929e-14,-7.1969208203982e-15,-6.56547242919738e-08,-2.12073059656735e-08,-3.21081843032507e-10,3.53398267678419e-15,-1.20681099779871e-14,4.70996433545408e-15,-1.41614763580278e-15,2.3816435438785e-17,4.88920999915327e-17,1.5193337443141e-05,-4.44795221036932e-07,-3.96781486957834e-07,-5.41628282781306e-16,3.28667483694297e-15,4.7972105527138e-15,-8.63818187400723e-16,-7.24819456423108e-16,-2.1913391586136e-15,-3.2869970602234e-15,-4.08841495395642e-17,5.41313637000048e-16,-2.1290059058036e-15,-3.291800254146e-15,-2.25775398311495e-15,6.4976019218596e-16,4.29516873867169e-17,1.25177031659077e-09,2.35178334281436e-15,3.66267720685116e-16,-2.86899607460308e-15,1.77204968387602e-08,-2.19145221253823e-08,-7.01239838293469e-16,-4.57352686550871e-10,1.61961712714415e-08,-9.20383321982226e-16,-2.951107838072e-15,-3.12332155491786e-08,7.60579136646808e-16,3.98845870604386e-10,5.81204246596475e-16,-3.34605035054842e-16,-4.07812760686175e-16,5.28883473960104e-17,4.00235433391652e-08,-5.35992401233316e-08,3.06617213929786e-16,-4.33009617235831e-16,5.37194771587018e-18,-3.58150946095162e-16,-2.99239799605999e-16,-4.83862893813398e-16,-8.11783579883155e-16,7.50762814746588e-16,6.45118752161445e-10,1.71184139350555e-16,-2.93797841509216e-16,-3.81035531479411e-16,5.79518046798475e-17,2.06994435752085e-17,1.36922403321643e-15,-1.40259242590695e-07,1.94740909268311e-16,2.54408423294793e-16,9.48821321173023e-09,-9.09590029137435e-16,9.71933402350487e-16,-1.08626166875403e-16,-1.0852121584013e-15,7.91247876500353e-09,3.49401068876369e-16,-5.97168530360931e-07,2.36971385142812e-16,3.8320405049891e-16,-5.89805805250316e-16,-2.36525056674817e-16,1.66740483306184e-16,2.19693298708753e-16,9.46104112460009e-09,-1.18614574432987e-16,-3.09173933556309e-16,1.19476457968072e-09,-1.18102077598927e-06,-1.00776355842597e-16,2.03454109908604e-07,2.18736535785295e-05,2.73086554390052e-16,1.52965358169525e-16,1.1575951983042e-16,-5.23184959144475e-16,4.01185298246515e-17,-3.66428525648316e-05,-1.45910104676672e-15,2.69195619545285e-16,-1.63434678103096e-16,3.13655072780897e-07,1.29245174428547e-16,-6.68925435400629e-16,-7.30899672856801e-17,4.37634334024881e-16,-1.41064182095414e-06,-2.12591049253264e-16,2.48891592746537e-10,3.73244186583511e-16,8.02012926916913e-18,-5.40913610466877e-16,2.35049780133137e-16,-1.12180038670592e-16,2.93044152062656e-16,4.80460232386372e-17,-4.3183913372911e-09,-1.35739802348e-16,-7.25112067616971e-16,1.81547059014195e-09,-1.54974802816304e-16,-1.52805467061052e-16,9.28561843814586e-17,-1.94986686910301e-16,-7.59101603637938e-17,1.71009209309285e-16,-1.31601601528064e-08,-2.8654156447527e-16,-2.67068116348938e-16,3.91859222249959e-09,-6.04008611319574e-17,4.55738335069524e-16,-1.88580755685097e-16,3.95356675274989e-17,-9.02041520410834e-17,-1.90189148837118e-16,-2.30546531240857e-16,-1.0148334704278e-16,-2.51940304524086e-16,-1.66812825352164e-16,3.28790282218087e-16,-2.05560591668354e-09,6.81641136795886e-09,3.98398546872801e-16,1.29298321640569e-16,9.1773073485118e-17,2.26693571134533e-16,3.15882302953652e-16,2.22808469017627e-16,1.82887911955135e-16,1.90808972392154e-16,-6.49678045369771e-09,4.23164002409675e-16,2.82603518165534e-16,-2.53573268713481e-16,-3.90668425553269e-16,7.56307408660971e-10,3.09246199840637e-16,-1.19930953253314e-10,3.12163122836876e-16,-1.41881547132888e-16,1.33561480600993e-16,-1.57498445859532e-16,-2.27522333461689e-16,-8.09825300105661e-17,-4.41363223199568e-16,4.93128682088095e-16,-3.1197377419402e-16,1.2248461955633e-16,1.4835755647172e-16,-1.10367020813766e-16,4.94352318150063e-16,-1.90171359253774e-16,-1.44632456253848e-16,8.02602447085359e-16,2.02812406227532e-16,1.43113655697666e-16,9.75566920009927e-17,-2.10241574278357e-17,-6.41522425459673e-16,-8.81139445554875e-17,1.77145360162093e-16,6.22970082169316e-17,-5.03096568887825e-17,1.77613847067309e-05,-2.59244973947119e-16,3.24948986265549e-17,6.67814324918097e-17,2.52445819591383e-16,4.3911200148032e-17,-8.45751228328221e-17,2.43566870671841e-16,4.7873668551677e-16,1.95413108318299e-16,1.69279649079582e-19,3.88415428292932e-16,-4.46194443474456e-17,4.77620156291304e-17,-1.18229583720307e-16,-1.29989382987902e-17,-2.71581802312347e-17,-3.73914680465573e-17,-7.46179458959282e-08,4.58066679446143e-16,-1.41635734305406e-16,5.31304443890398e-17,-3.80776453348161e-17,1.17632869297272e-17,-1.31237184290257e-16,-3.51827073618615e-16,2.64412418188458e-16,8.05594611007935e-17,1.71109513280655e-09,-3.51212576755769e-16,6.27902627963092e-16,-1.39542202793368e-16,3.46365105975942e-16,7.88410738450026e-17,1.68861198973739e-17,8.63664245966762e-17,-3.87771004994967e-16,1.9908994425262e-16,-3.94796337046869e-16,-1.81515777605166e-16,9.16987614807466e-17,-4.767600101447e-17,1.34782996962098e-07,-1.79483314533349e-16,-1.85403774134283e-16,-1.39308355177503e-16,-4.05491612509579e-17,-2.36748844635004e-09,3.63739801814813e-17,1.28369568602975e-16,2.11603400542168e-17,-7.59042145224817e-17,8.62805274019082e-17,1.39096588310551e-16,2.29052627320452e-16,8.51097134977742e-17,-1.51617793401017e-16,7.70934816932069e-17,-1.47233627284232e-16,-1.04949179338834e-16,2.03970747779949e-16,4.59131432668915e-17,-3.02293559287917e-17,1.35688089418934e-16,-1.29512594776797e-16
"t225",0.0370635287927714,-0.0114900561889641,-0.0126091043848328,0.000772260237176382,0.00742634262430742,-0.0211862944557189,-0.00301020327203514,-6.67299409791449e-06,-0.0686906745145942,-0.0581016927523094,-0.0680307601484887,0.000975560516479677,-0.00214313609986348,-0.000475720132233008,-0.0145903718963537,0.000392783308184791,0.000270432719051582,-3.39539050259703e-05,-0.0165125444142726,-0.00741454638086634,-1.52671389904563e-05,7.8949926074352e-05,-0.101566451561586,-0.00414462182480157,0.000390902665996558,-0.00329739650787743,0.0324237281940768,0.000243038890058668,1.61070307196942e-05,0.000238372295120718,0.11219837821577,0.00104861381779583,-4.08345123790576e-07,0.000609035601194656,-0.000960132281309963,-0.000181580661164494,-8.32596638729694e-06,3.38699038793369e-05,0.0105710256702167,-0.00104014232185994,3.32793915289965e-05,-0.00867476852519609,-1.28920573078041e-05,0.00077084443872269,-1.13175673082204e-05,3.44647666202097e-07,-1.59665947465772e-08,-7.24319739792465e-08,0.000105299091479372,-0.000323104360779185,5.11299926821113e-07,-8.40026514724078e-07,1.14148198276654e-06,-4.21115716742193e-07,4.60191987562458e-05,-3.61890852693873e-05,2.17831879039823e-05,-2.77536283756129e-05,0.00024297422301735,-4.42190930278065e-07,-4.47234989792973e-07,2.44477509979916e-05,-1.53511524728412e-05,1.17215180711811e-05,-0.00267342281544455,1.47278862663005e-06,-1.18494819664731e-05,3.75569129038562e-05,-9.20674731406884e-06,4.24960600205877e-05,-4.16774883951354e-07,1.35092286265642e-06,-4.87052299922784e-06,-3.55114946508026e-06,1.52029904953527e-06,1.38739618882148e-06,-1.46538700209359e-05,2.69541713686076e-06,-0.00999256908645775,0.000168425977684884,-2.46217363324389e-06,-0.000151621736513712,-6.54671287165925e-05,9.27896952783345e-07,7.6882967645692e-06,2.49646533250186e-06,-4.38192547844244e-07,-7.650674240349e-06,-1.43715997672287e-08,5.84359021141463e-07,-6.11163422630943e-06,3.97673611965757e-09,2.7546023750901e-06,-2.38553467219747e-06,-4.03836873217076e-07,-4.49753493883812e-07,-5.27227309585411e-08,2.36031508000501e-07,-2.42247668251949e-06,-2.72500898880577e-05,1.92414762681275e-08,-5.6722889017902e-10,2.2789887852079e-07,-8.27071302205247e-05,0.160408129616752,3.91750890412254e-06,-0.00043559948640037,5.03082703223068e-07,-0.000765342008368962,9.62339245048416e-08,3.1264057962397e-06,5.09321323434825e-06,-1.5486314685854e-06,1.40936459823363e-06,-1.57623022012969e-06,3.39778678217576e-06,-0.00677804958646898,-6.40431036924183e-05,-2.44105225841488e-06,1.35196479665504e-06,-8.42328323731237e-07,1.82532510332982e-06,-2.55109926014379e-05,-2.52531578864722e-05,1.23047771668578e-07,-2.44940619912765e-06,2.52866962030009e-07,-5.66720706306669e-06,4.14746479414125e-06,0.000143850025047174,1.03825686317405e-06,-3.12189721572764e-06,2.43177102423467e-07,2.82316578353399e-05,-4.88849373207525e-09,3.14666025683643e-06,-5.19752757891049e-06,-7.40204416662445e-08,-1.34508913366652e-05,4.09106618815655e-06,0.000127406839910038,-3.59598876318722e-07,-6.82552177374959e-07,-7.78143001409859e-08,-4.51100204087825e-10,1.66191028766824e-06,1.93575228746042e-07,-0.000290943855870879,-0.000132995302304043,1.82153265074973e-07,2.28328545803693e-07,1.26725396636012e-05,1.82911042557117e-07,-4.66671237643397e-05,2.13865068086909e-07,4.28197732004681e-06,-2.75898420343504e-05,9.12866490024268e-06,8.20328016498886e-05,1.23579458042975e-05,2.10013081679172e-05,-3.5846059283943e-06,0.410471711490239,-0.000315710743952553,2.43200746455424e-05,-9.33635308280029e-06,0.00121364715381913,1.61015113824352e-05,0.00101111124986651,3.73141062316684e-06,-7.43906240216832e-06,-1.31609537331053e-06,1.56188748710233e-07,0.000767619517285216,9.33243638030091e-07,1.8962455119751e-06,8.29727675160355e-08,-3.13157606279154e-06,-0.000139721674761493,-1.59691739212701e-05,6.65336074012567e-05,2.07331720082149e-05,-4.70918687176158e-06,-2.08558506650447e-08,-7.21661852987327e-07,-7.3114262534209e-07,-0.0108685735026384,-0.00027177433429895,-0.00121412723079054,-9.76064454152301e-08,-0.0209209457437994,-3.65898181947364e-06,-2.17594936471837e-07,1.13317158185884e-10,1.84022691789096e-08,-6.19622052629693e-06,-4.16121761906969e-06,-7.31870876706433e-08,8.20509423615489e-06,1.69344032012275e-06,7.06266476122625e-06,5.81047296383241e-06,-2.87085193969523e-06,-2.59156957973687e-07,-2.95713175264819e-05,-1.36658863428536e-06,1.86749661888927e-05,9.86224371759149e-07,-5.26355088056545e-05,-1.09915470253586e-08,-0.000209126477586292,-1.3070985615569e-06,-2.76318772012546e-06,-7.4931555611412e-05,1.19690383592334e-08,-2.00584250873875e-07,5.68533926537156e-08,3.60297686616456e-08,-0.000204965321391763,-3.88481134515721e-06,-1.770059694798e-06,2.05615708921298e-06,4.50511280991007e-07,1.90233435015728e-06,-5.62486746839153e-06,-3.21357910811274e-07,-3.04551917316457e-05,-1.83171395715005e-07,-0.000691923028296134,-9.0174205919692e-06,5.11008272666401e-07,1.07888407959986e-07,3.31053968976649e-06,1.22256795175244e-06,-1.22406151483406e-06,-1.25343945982863e-08,-5.47793229573022e-06,-1.05077177564111e-16,-5.10039788094296e-08,7.26604739006639e-07,-1.45160602790169e-07,-3.68189719304521e-07,-4.91196877166639e-06,6.79021039093768e-08,-1.01408035404886e-06,5.45853548376688e-07,-0.00655744031010896,4.57843238086716e-08,-9.47819959460736e-08,3.85037668116882e-05,-2.50857842941622e-08,2.75860686465117e-06,-4.03082928201244e-05,9.30502235015121e-09,-6.00487368650985e-10,2.83060069555598e-08,-2.68559515661459e-08,4.24768715498391e-07,0.000239837767650458,-0.0115875922742201,2.02688404267443e-07,-6.87656126446318e-06,4.84649565080895e-06,-2.9825858748784e-07,5.16265942798316e-06,-1.91930012703254e-05,3.37376881964216e-09,2.92049757560475e-05,1.41004023187311e-07,1.08168703755858e-06,2.77581426752187e-09,-1.32775755884294e-06,6.73653909567592e-08,2.78068340036253e-08,-7.9575975077903e-08,2.17017983278615e-07,-3.12536130431324e-07,3.47214502245445e-08,-1.70049152631234e-05,1.01922409202937e-07,-2.25097676871301e-05,6.29693488912061e-15,0.000580501669376153,0.5122015739172,-2.08711676126652e-10,-6.3378667650979e-07,6.53676210991786e-07,-3.61873152398697e-07,-9.79576666488507e-08,7.91088402486933e-09,-3.4815967830797e-07,1.31132578875942e-05,4.58848368215714e-06,-3.24585197525247e-08,1.71870722411247e-05,-5.74274261560379e-05,1.54540894333316e-06,-0.00578618941431781,1.79201708283864e-07,3.24039421017226e-07,5.04746453758215e-09,1.83053282734847e-05,-2.44118012478402e-06,1.08207540217631e-08,-3.40045647854806e-06,4.00234342056256e-07,-1.45605301434068e-06,1.08835216596431e-06,9.71096885420729e-06,4.949595343658e-07,-1.57819829731282e-07,-1.04564310320168e-06,1.08921464896951e-07,-5.24230636862487e-07,1.50003958515468e-06,6.46686849682043e-06,-0.00217985737371781,2.98885160532142e-16,1.23654043325051e-07,8.31834966127094e-07,-1.55318749994499e-07,8.57315016030254e-05,9.54491545715314e-08,3.3789092129206e-05,0.0417423750483556,6.8882360672376e-06,-6.8184379393333e-06,1.55825108230929e-16,7.20850822663922e-07,-7.85234040626897e-11,-1.65307061676164e-07,7.54555492122711e-09,2.94868470781851e-07,-2.31572800980223e-07,-4.47428335165502e-06,1.28405755923344e-06,-1.4245899296139e-07,9.56485569155008e-06,-3.159760776107e-08,-3.0593009332517e-06,-4.10879133710966e-09,-6.0624742015793e-10,-8.65789842128664e-06,4.76915289097638e-08,-1.62011090504933e-05,-8.8926766470582e-16,-2.61362317516666e-07,2.06829343244244e-08,5.96118365046791e-10,5.41623457658205e-09,-8.26681276387413e-06,-6.73667737610574e-05,1.6851033663266e-07,-6.21857989602721e-07,-3.59284688465761e-07,7.56854490489344e-18,-6.58739708868668e-06,-2.34414187164988e-08,-0.000149197428600042,1.74211033559731e-16,1.53272018619046e-06,1.97726967477788e-07,-3.05248493332365e-08,-2.11353554125991e-05,-4.07351740791894e-06,-3.76182365389775e-06,-7.08740941272247e-07,3.77366152031007e-06,1.59043639928625e-07,8.83993740858118e-09,2.05828366584199e-06,6.23956377596494e-08,-2.02408273790139e-16,-2.49636909643387e-08,9.24730883637929e-07,3.99699882238802e-07,-2.52013562349918e-06,-2.73173055954667e-17,-5.17171713793075e-08,9.54761985303473e-09,-1.0842820361885e-06,-1.54970910939862e-08,-5.62006264129684e-06,5.48065013640327e-08,-7.26926152719846e-07,3.91401539385819e-06,-8.61436325992212e-17,1.4149982214847e-05,-6.70860188504605e-08,1.94822679914065e-07,2.0941057281927e-05,-2.75264941086433e-08,-3.18340881132639e-06,7.28583859910259e-17,-1.41809913654253e-16,-0.000152432298918646,-3.69262013339623e-08,4.8705715650709e-09,-5.38423672856308e-06,1.80858962379756e-15,-3.11499868141199e-05,-2.62619387882953e-06,-4.35163396494617e-16,-1.3649830750814e-16,1.18449462340603e-16,6.31083822603215e-06,1.71879888292558e-07,-1.88027765262002e-07,5.70519974147911e-06,8.09956829033441e-07,1.49802869260278e-07,-6.49903621527091e-08,-5.01452421475165e-16,-1.42075656951863e-08,3.98784223590405e-08,2.64342481029197e-16,-4.20353211128018e-16,-2.49754455049504e-08,-1.44157947732026e-09,-1.47593015645658e-08,3.72456897582095e-06,1.45029937047765e-08,-5.81206440737025e-07,5.18478067305788e-17,-2.04582467842498e-07,-2.93730275162669e-16,-1.13125872551609e-05,2.14563609934881e-16,-1.61242046064176e-08,4.32665724844462e-16,6.62757428137049e-08,1.74515960280576e-08,1.31896519343457e-06,1.06578679855579e-06,4.70708833619724e-08,-5.4073111586668e-09,3.42876368565255e-08,1.28645940078852e-08,6.1649586857829e-06,2.05499898052473e-07,1.20060706947672e-08,-3.40308264027082e-08,-6.34683104215552e-06,-0.00204372641959036,-1.4547277080017e-08,1.47749834467223e-16,1.45775080422938e-07,-2.53410615594081e-08,1.31806934667698e-08,-5.72332932017511e-17,2.45345040555889e-07,6.99882308985135e-07,2.24217245290782e-07,1.28895600714701e-16,-5.43555015258447e-08,-3.06773594858494e-06,3.92638022678262e-16,-3.82500344622882e-08,8.65650354023815e-08,5.9509892925173e-16,-2.97238146396283e-16,-3.23013264198128e-09,-1.82837642719367e-06,-1.0532406212892e-08,-1.49313339684162e-05,5.77767696361769e-07,1.88725388304293e-08,0.00412555516742998,8.27993874272419e-08,-2.15433858702437e-06,1.25225350922076e-16,4.0070462664411e-10,2.92773996710668e-08,8.1088652582718e-08,1.28964437269492e-05,-4.09724275039794e-16,-2.50032860689387e-16,1.08177648805773e-06,4.73152643153186e-17,-2.89600794798387e-16,1.12950227195484e-07,-1.66362947240398e-07,-3.11474056771306e-08,-2.97814758860089e-07,7.99606751773247e-07,2.08894474995004e-07,2.67110087545679e-07,3.58813408614535e-16,2.46636638425642e-05,7.03155238517058e-08,0.00117638641551716,-2.82773500669106e-08,1.12796233021307e-07,8.97723482274234e-16,-6.67008346651163e-16,-7.98595419434086e-16,-1.04193138959479e-06,-4.75351177093269e-09,-3.08164088509987e-07,-4.56366300710852e-15,-3.6457933289599e-09,9.44118215601247e-16,4.91108386834929e-17,5.98933558921011e-07,-1.49972886252113e-07,-3.19514380231478e-16,-1.240245607832e-06,-1.6756166133566e-08,-4.17540300916218e-16,3.81659597275988e-08,6.60450238878088e-16,2.51837262714961e-06,-1.5097945471284e-16,2.55800123216065e-06,1.27116119288336e-07,4.87586111387388e-09,0.00144224620344523,0.000218877890816281,-1.29201303491642e-08,4.03263091374998e-07,2.43176112501933e-15,2.39585057077943e-07,-1.35266615745633e-08,3.24959543350625e-15,-1.78265556088624e-09,-3.63466252993233e-08,8.44786268534138e-09,5.90356491086269e-17,2.7119257194891e-08,3.58722601453602e-08,2.58804442547713e-16,-9.95474068061522e-07,-7.55637473690958e-07,-1.03177397714405e-09,-1.2023053891829e-14,4.36414219569462e-15,1.84668866348712e-08,4.85482574016994e-05,8.06116421403889e-08,-7.36206196635136e-09,5.94440720558317e-06,5.0607320370893e-15,-6.92413983816819e-16,2.17487686946929e-06,3.85360210377766e-09,-1.26540598390032e-16,5.24166404724707e-05,-3.83455652643169e-15,1.5123809691497e-08,-2.55872268136614e-07,-3.42338940842769e-07,-2.27019990983973e-06,-4.67063504606116e-14,-2.71810793409295e-14,0.707106781186546,1.97924647408584e-14,-1.75239249592389e-09,-6.07867645664382e-09,7.41733845287284e-15,-1.54845303976614e-14,-1.19789955371643e-14,8.55670634125404e-09,7.69056938424263e-11,-4.23419634638823e-09,2.37913189921617e-15,8.91997521852705e-15,2.05770730316024e-15,-1.81624395644934e-07,5.55771826152073e-09,1.7509532702242e-15,9.75075144764612e-10,-2.55081294269689e-08,-1.5642825566707e-15,-3.32122539019139e-15,-3.10755517085001e-06,-1.8011471119515e-10,-1.53895723024365e-06,-7.10561811032036e-15,9.81901387263253e-09,1.58451063005142e-07,1.69990608163782e-07,-6.34267136838853e-07,-3.76367872463949e-08,6.1264616819703e-10,8.56796434115902e-15,1.62717764608509e-15,-3.8077540281726e-15,1.16443119536607e-08,-1.05429211939559e-08,-4.11835553072e-07,-3.1257988278371e-09,1.17661498160628e-15,-1.39793995970426e-15,8.28862595751485e-16,8.75311429617128e-18,2.91188711990574e-16,1.49190883720575e-08,-7.45171949368288e-17,1.65011733630403e-16,-2.02482245335417e-05,-7.05386113002686e-16,-3.77906704981027e-07,-7.08465545681423e-16,-2.76889532293646e-07,6.70889111379392e-16,-3.35646241993498e-07,-3.40037270801177e-06,-3.70478646522165e-08,-5.88802657690558e-16,2.28603818828934e-06,-1.49361926034899e-15,2.0459718588981e-07,-3.25366925078068e-08,1.8005981911988e-10,9.04739905051691e-16,9.914721359173e-07,-6.42040059515737e-16,-7.13633253043401e-08,-3.64294830570933e-08,-4.2618050296075e-16,-5.75921328297924e-16,-6.89364217443221e-16,-1.2766309142811e-17,-5.52567712866327e-09,-2.78864991192525e-07,-0.000124229724347726,1.0528898014276e-16,-1.91766481706792e-16,-3.75899554671052e-09,3.06630788453419e-08,1.3364926674456e-16,-3.03882598569795e-16,-6.11177882524848e-08,5.61408081359901e-17,-1.18409449811317e-06,8.07904836495129e-16,1.08445266840818e-07,5.07006099641196e-16,2.26600094008578e-17,1.61136545046476e-16,1.2075461798481e-15,4.67884013364827e-16,-1.20660796878767e-15,2.08378235597958e-09,-1.45731654260341e-08,-3.30611329627153e-16,-9.67490304793995e-09,4.0647441749612e-07,6.48937303796291e-16,1.18887624157102e-15,4.20174668071768e-16,1.20459397604035e-16,3.7345623932788e-07,1.00554870419288e-06,-9.91600332794533e-17,-1.45630633629798e-16,-7.27723483369236e-08,-2.35060609970483e-08,-3.55878395023092e-10,-2.81984608600181e-16,-3.51528657996236e-16,-1.01393345139497e-15,5.39339962743747e-17,6.57758612062198e-17,-2.39504516448921e-16,1.68268955726399e-05,-4.92584617784225e-07,-4.39382025874599e-07,-1.622690842102e-16,-1.75710556651735e-16,-8.05617488357659e-16,4.3362391427944e-17,-4.11502986766991e-16,7.91797913605038e-16,-4.42930958048133e-16,1.05270080016941e-16,2.77697304543096e-17,-2.30529641316381e-16,2.49422771678189e-16,2.63124968582366e-17,3.51245640597804e-16,2.59903310649446e-16,1.38457967284186e-09,3.92275941490566e-17,9.34436981090994e-16,3.60023031615995e-16,1.95976056415662e-08,-2.42350569237486e-08,-2.99659434947512e-16,-5.05770031108834e-10,1.7907494145797e-08,8.05440197186224e-17,2.20234263807957e-16,-3.45254722971204e-08,4.92071199723211e-16,4.40764435713453e-10,-1.8443360743984e-16,1.71194227841365e-16,-1.58855726547734e-17,-1.23291324595478e-16,4.42106308292549e-08,-5.92048011630939e-08,2.37730592226753e-18,2.37164634211878e-16,-5.26728291845314e-17,4.76928477802144e-16,2.53974358904729e-16,1.66524729558302e-16,-4.74491524271543e-18,5.52972455974101e-16,7.1150972608912e-10,5.70658884289106e-17,2.25902165800405e-16,3.73059184125671e-16,1.80351155699906e-16,8.33631500722607e-17,-1.5146506909924e-16,-1.54643894261871e-07,-8.9334657005058e-17,-6.56854933587782e-17,1.04606831209418e-08,-8.90719152016499e-17,1.9646037611041e-16,-1.76377928881051e-16,-1.38642987173529e-16,8.7174199724219e-09,9.8593720960023e-17,-6.57837812650312e-07,5.2781062681815e-16,1.67407686092224e-16,8.78963478086575e-17,8.50261519211879e-16,1.21678772555482e-16,1.80084963803945e-16,1.04196217913068e-08,2.59482592929092e-16,1.61340217046938e-16,1.3155641004806e-09,-1.30041807605887e-06,1.71521145339105e-16,2.23985703594395e-07,2.40797915944199e-05,-2.9360483692658e-18,-5.26408981567142e-16,-1.34514295069909e-16,1.59931837721701e-16,5.95181749387692e-16,-4.03079158376796e-05,3.33928608684929e-16,-1.44063474037115e-16,-1.40108907563082e-16,3.44960044476525e-07,4.17614718436767e-16,3.60962611585986e-16,-1.61868197052953e-16,-8.90215481981969e-17,-1.55103523216803e-06,2.9216765221201e-16,2.73640381312055e-10,1.19396777418478e-16,-1.25591685353534e-16,1.57961706733287e-16,-5.95728188345852e-17,-6.34784418465482e-17,2.42514424784679e-16,1.3344956026106e-16,-4.74581800451041e-09,-8.03007195131758e-17,-3.18533003484982e-16,1.99495639318705e-09,-7.45323643713145e-18,-5.78654208453394e-17,-2.33319498037168e-16,-4.3339424635626e-16,1.57814213933425e-16,-1.20030828037341e-16,-1.44565536010182e-08,-1.80489380677391e-16,1.21021920380069e-16,4.30398566811745e-09,3.01076010348107e-17,2.18220096185833e-17,-3.31447127145716e-16,-1.58376776687651e-16,4.20921786819777e-16,-3.30802122991618e-16,1.55325522926471e-17,1.02869298772713e-16,-2.01845905809384e-16,-3.33972483032966e-16,-2.20167824490489e-17,-2.2565751910523e-09,7.48234897104629e-09,-3.0326373338472e-16,-2.92674497774123e-16,8.09877141716767e-17,-2.02467498305324e-16,-2.34474982832578e-15,-2.38648968009172e-16,1.34852748315354e-16,2.05491333185612e-16,-7.12912921542208e-09,1.11701777929472e-16,1.48516574641109e-16,-3.15119522015577e-16,-2.44768815716716e-16,8.29687512607894e-10,1.28253211583713e-17,-1.31525126821625e-10,-2.37536369005642e-16,-4.70766885724946e-16,-1.95176419504554e-16,8.20430179123402e-17,-7.82642620728031e-17,-2.27463337330984e-16,-1.83995925629852e-16,3.20949587903557e-16,2.47906947508341e-17,1.23461762633188e-16,2.73403609679353e-16,4.17350287343003e-17,2.96263494461263e-17,6.49939960522314e-17,1.44364601216599e-16,-1.33631070592041e-16,-3.19698515527647e-17,-4.28693809031838e-16,4.89764461346045e-18,1.7782013531625e-16,9.85539774789324e-17,-3.43809745330107e-17,-1.1078085176244e-16,-1.56378049275767e-16,-7.30180970476111e-17,1.94561392518639e-05,3.22388140945382e-16,4.54361694150424e-16,6.87162844137303e-17,-1.89664421586972e-16,-1.37527278554068e-16,-9.08290497475747e-17,-2.81891980682564e-16,1.76985510836633e-17,-1.0417264861755e-16,-1.97595234661466e-16,-3.32795856844426e-16,3.36255368606451e-16,4.38091865668771e-17,1.04435245790938e-17,1.3426633536889e-16,-3.58646492095349e-17,-6.00437104188432e-17,-8.16752119313936e-08,1.04673696128979e-16,-5.77632954682726e-17,-1.54793136265006e-17,5.81580457245506e-17,2.55662581211345e-17,9.3227591955111e-17,3.133392390607e-16,-3.23834312310555e-16,-5.88878491518054e-18,1.87146571402966e-09,3.28237340036377e-16,1.28087000430736e-16,-1.72421995036528e-17,9.08015559513152e-17,1.19269041455487e-17,-1.80870439654469e-16,-2.10553251997472e-17,1.44829315046025e-16,-4.37232745271499e-17,4.38646860283595e-16,6.00563236634415e-18,1.9232108389132e-17,-1.19857185920351e-16,1.47301184921039e-07,1.3346123913613e-16,5.32992047601751e-17,-1.89128137376931e-16,-3.1712913545201e-16,-2.58644674927759e-09,-7.9229371959886e-17,-1.53237771042651e-16,-3.72930681433518e-17,2.08489395280333e-16,1.49048094958181e-17,-2.0626593285676e-16,3.65525886182365e-16,-1.8603369189456e-16,1.50029305151357e-16,1.56982492204208e-16,3.39296402669786e-16,-6.83448966220315e-17,-1.00846703170022e-16,-2.51346850402565e-16,1.41219410749589e-16,-1.15827653524364e-16,-2.3981931594841e-16
"t226",0.0370635287927714,-0.0114900561889641,-0.0126091043848328,0.00077226023717638,0.00742634262430743,-0.0211862944557189,-0.00301020327203514,-6.67299409791807e-06,-0.0686906745145942,-0.0581016927523094,-0.0680307601484887,0.000975560516479693,-0.00214313609986347,-0.000475720132233013,-0.0145903718963537,0.000392783308184789,0.000270432719051575,-3.39539050259792e-05,-0.0165125444142726,-0.00741454638086634,-1.52671389904549e-05,7.89499260743578e-05,-0.101566451561586,-0.00414462182480158,0.000390902665996556,-0.00329739650787742,0.0324237281940768,0.000243038890058668,1.61070307197195e-05,0.000238372295120709,0.11219837821577,0.00104861381779588,-4.08345123812477e-07,0.000609035601194679,-0.000960132281309981,-0.000181580661164494,-8.3259663872863e-06,3.38699038793391e-05,0.0105710256702167,-0.00104014232185991,3.32793915290289e-05,-0.00867476852519608,-1.28920573077765e-05,0.000770844438722701,-1.13175673082254e-05,3.4464766621341e-07,-1.59665947514739e-08,-7.24319739377588e-08,0.000105299091479378,-0.000323104360779185,5.11299926876638e-07,-8.40026514729166e-07,1.1414819827532e-06,-4.2111571673829e-07,4.60191987562417e-05,-3.61890852693729e-05,2.17831879039818e-05,-2.77536283755559e-05,0.000242974223017323,-4.42190930273917e-07,-4.47234989794521e-07,2.44477509979895e-05,-1.53511524728511e-05,1.17215180711718e-05,-0.00267342281544456,1.47278862662736e-06,-1.18494819664438e-05,3.75569129038387e-05,-9.20674731405161e-06,4.24960600205864e-05,-4.1677488393642e-07,1.35092286258085e-06,-4.87052299923241e-06,-3.55114946506459e-06,1.52029904954843e-06,1.38739618883073e-06,-1.46538700209758e-05,2.69541713682658e-06,-0.00999256908645764,0.000168425977684858,-2.46217363325343e-06,-0.000151621736513709,-6.54671287166269e-05,9.27896952799092e-07,7.68829676455966e-06,2.4964653324966e-06,-4.38192547841778e-07,-7.65067424034056e-06,-1.43715997710835e-08,5.84359021150137e-07,-6.11163422630824e-06,3.97673606848323e-09,2.75460237508028e-06,-2.38553467219016e-06,-4.03836873198862e-07,-4.49753493894759e-07,-5.27227309710358e-08,2.36031508021118e-07,-2.42247668252553e-06,-2.72500898880505e-05,1.92414762751021e-08,-5.67228867995584e-10,2.27898878513854e-07,-8.27071302205526e-05,0.160408129616752,3.91750890414126e-06,-0.000435599486400376,5.030827032403e-07,-0.000765342008368976,9.62339244816939e-08,3.12640579621876e-06,5.09321323436392e-06,-1.54863146861133e-06,1.4093645982427e-06,-1.57623022011638e-06,3.39778678212579e-06,-0.00677804958646898,-6.40431036923756e-05,-2.44105225842822e-06,1.35196479665435e-06,-8.42328323712405e-07,1.82532510332365e-06,-2.55109926014325e-05,-2.5253157886451e-05,1.23047771656814e-07,-2.44940619918294e-06,2.52866961972763e-07,-5.66720706305338e-06,4.14746479414532e-06,0.000143850025047187,1.03825686316573e-06,-3.12189721570917e-06,2.4317710245704e-07,2.82316578353348e-05,-4.88849371075787e-09,3.14666025684857e-06,-5.19752757891812e-06,-7.40204416838151e-08,-1.34508913366567e-05,4.09106618815451e-06,0.000127406839910025,-3.59598876346399e-07,-6.82552177372006e-07,-7.78143001619288e-08,-4.51100116004022e-10,1.66191028765781e-06,1.93575228715441e-07,-0.000290943855870881,-0.000132995302303975,1.82153265063259e-07,2.28328545718909e-07,1.26725396636296e-05,1.82911042554495e-07,-4.66671237643058e-05,2.13865068068536e-07,4.28197732005274e-06,-2.75898420343594e-05,9.12866490024333e-06,8.20328016499006e-05,1.23579458042925e-05,2.10013081679109e-05,-3.58460592836175e-06,0.410471711490238,-0.000315710743952596,2.43200746455291e-05,-9.33635308282519e-06,0.00121364715381912,1.61015113823829e-05,0.00101111124986648,3.73141062320398e-06,-7.43906240217869e-06,-1.31609537335475e-06,1.56188748601626e-07,0.000767619517285511,9.33243638046263e-07,1.89624551206914e-06,8.29727676229642e-08,-3.13157606281841e-06,-0.000139721674761756,-1.59691739212567e-05,6.65336074013175e-05,2.07331720081844e-05,-4.70918687215435e-06,-2.085585066995e-08,-7.21661852876249e-07,-7.31142624634108e-07,-0.0108685735026385,-0.000271774334299126,-0.00121412723079045,-9.76064454812038e-08,-0.0209209457437993,-3.65898181933419e-06,-2.17594936453689e-07,1.13317329121326e-10,1.84022692676718e-08,-6.19622052601071e-06,-4.16121761931422e-06,-7.31870876018608e-08,8.20509423648732e-06,1.693440320029e-06,7.06266476102615e-06,5.8104729638627e-06,-2.87085193976514e-06,-2.59156958004446e-07,-2.95713175265348e-05,-1.36658863431361e-06,1.86749661886906e-05,9.86224371930019e-07,-5.26355088056153e-05,-1.09915465823939e-08,-0.000209126477586343,-1.30709856157509e-06,-2.76318772013433e-06,-7.49315556115163e-05,1.19690384271154e-08,-2.00584251206932e-07,5.68533927116345e-08,3.60297687025451e-08,-0.000204965321391573,-3.88481134519777e-06,-1.77005969473764e-06,2.0561570892011e-06,4.50511281301548e-07,1.90233435005953e-06,-5.62486746824196e-06,-3.21357910939889e-07,-3.04551917316947e-05,-1.83171395633125e-07,-0.000691923028295918,-9.01742059195787e-06,5.11008272754415e-07,1.07888407778462e-07,3.31053968957829e-06,1.22256795155774e-06,-1.22406151476317e-06,-1.25343948307589e-08,-5.47793229573359e-06,-1.05056423032727e-16,-5.10039789344226e-08,7.26604739068656e-07,-1.45160602618645e-07,-3.68189719234434e-07,-4.91196877180332e-06,6.79021038096741e-08,-1.01408035404179e-06,5.45853548353066e-07,-0.006557440310108,4.57843238881033e-08,-9.47819956901671e-08,3.85037668115979e-05,-2.50857842947008e-08,2.75860686468012e-06,-4.03082928201592e-05,9.305022217102e-09,-6.00487485094298e-10,2.83060069195876e-08,-2.68559515713081e-08,4.24768715559313e-07,0.000239837767650871,-0.0115875922742204,2.02688404308911e-07,-6.87656126449401e-06,4.84649565066184e-06,-2.98258587832755e-07,5.1626594277922e-06,-1.91930012700846e-05,3.37376882285632e-09,2.92049757560584e-05,1.41004023275263e-07,1.0816870373167e-06,2.77581433739637e-09,-1.32775755890623e-06,6.73653911064147e-08,2.78068341666893e-08,-7.95759749190097e-08,2.17017983635975e-07,-3.12536130382581e-07,3.47214502760156e-08,-1.70049152633022e-05,1.01922409336432e-07,-2.25097676871493e-05,6.28974166010358e-15,0.000580501669376009,0.512201573917198,-2.08711820393591e-10,-6.33786676520464e-07,6.53676210971985e-07,-3.61873152311963e-07,-9.79576664602226e-08,7.91088371756813e-09,-3.48159678468653e-07,1.31132578877254e-05,4.58848368201589e-06,-3.24585196518383e-08,1.71870722408558e-05,-5.74274261560149e-05,1.54540894332727e-06,-0.00578618941431828,1.79201708227594e-07,3.24039421093743e-07,5.04746457794002e-09,1.83053282734415e-05,-2.44118012475207e-06,1.0820753894614e-08,-3.4004564782865e-06,4.00234342062661e-07,-1.45605301441926e-06,1.08835216583905e-06,9.71096885455693e-06,4.94959534440459e-07,-1.57819829773637e-07,-1.0456431032681e-06,1.08921465040965e-07,-5.24230636663412e-07,1.50003958494064e-06,6.46686849702721e-06,-0.00217985737371805,1.3792036862911e-16,1.23654043138823e-07,8.31834965983964e-07,-1.55318749990054e-07,8.57315016028579e-05,9.54491549853395e-08,3.37890921295869e-05,0.0417423750483546,6.88823606713514e-06,-6.81843793923286e-06,-1.72687983791133e-16,7.20850822939781e-07,-7.85230798155216e-11,-1.65307061468317e-07,7.54555501123002e-09,2.94868471023558e-07,-2.31572800805399e-07,-4.47428335198463e-06,1.2840575594986e-06,-1.424589928727e-07,9.56485569198073e-06,-3.15976077630594e-08,-3.05930093352158e-06,-4.1087911518476e-09,-6.06247768512088e-10,-8.65789842099874e-06,4.76915284890375e-08,-1.62011090508229e-05,-8.40132961953736e-16,-2.61362317356165e-07,2.06829348406131e-08,5.96118220578386e-10,5.41623502145707e-09,-8.26681276394816e-06,-6.73667737611209e-05,1.68510336384026e-07,-6.21857989740307e-07,-3.59284688606503e-07,-8.29574098760474e-17,-6.58739708815766e-06,-2.34414186620821e-08,-0.000149197428600618,2.94444366745058e-16,1.53272018622914e-06,1.97726967382571e-07,-3.05248494729734e-08,-2.11353554127905e-05,-4.07351740791308e-06,-3.76182365328277e-06,-7.08740941217461e-07,3.77366152076179e-06,1.59043639840985e-07,8.83993740362764e-09,2.05828366623974e-06,6.23956374523909e-08,-1.05845711478255e-16,-2.49636912676017e-08,9.24730883306121e-07,3.99699882203017e-07,-2.52013562377573e-06,-1.57091376216009e-17,-5.1717171381486e-08,9.54761974103664e-09,-1.0842820360647e-06,-1.54970910536219e-08,-5.62006264147505e-06,5.4806501262204e-08,-7.26926152704959e-07,3.91401539324168e-06,1.13993686633979e-17,1.41499822145508e-05,-6.70860188876487e-08,1.94822680311097e-07,2.0941057282616e-05,-2.75264942020599e-08,-3.18340881082833e-06,1.14491749414469e-16,1.5948444094732e-16,-0.000152432298916476,-3.6926200867342e-08,4.87057218486555e-09,-5.38423672952403e-06,1.69629087739599e-15,-3.11499868140656e-05,-2.62619387896238e-06,1.39871610343679e-16,3.44685019613059e-17,-4.25182518511597e-17,6.31083822721798e-06,1.71879888311533e-07,-1.88027765785306e-07,5.70519974131401e-06,8.09956828502659e-07,1.49802869119247e-07,-6.49903614130532e-08,1.04106513149964e-16,-1.42075657422265e-08,3.98784228648774e-08,-4.03748181117737e-16,9.02945536575008e-16,-2.49754457940036e-08,-1.44157989936144e-09,-1.47593013876117e-08,3.72456897557809e-06,1.45029931994233e-08,-5.81206441232145e-07,1.01258645682426e-15,-2.04582468094839e-07,2.91418755399539e-16,-1.13125872550644e-05,-1.06888781679915e-15,-1.61242051599211e-08,-4.67441925476216e-16,6.62757420542755e-08,1.7451596602685e-08,1.31896519322647e-06,1.06578679856758e-06,4.70708838498505e-08,-5.40731062165887e-09,3.42876369716788e-08,1.28645938322688e-08,6.16495868602636e-06,2.05499896666943e-07,1.20060703136166e-08,-3.40308266195513e-08,-6.34683104208304e-06,-0.00204372641958781,-1.45472778247499e-08,2.53701039601401e-16,1.45775079271429e-07,-2.53410610194418e-08,1.31806942516483e-08,1.51981965879265e-16,2.45345040900199e-07,6.99882309046023e-07,2.24217244922138e-07,1.3115488935915e-16,-5.43555018531594e-08,-3.06773594853229e-06,-4.56665220166773e-16,-3.8250034643998e-08,8.65650358236481e-08,-7.23058168073874e-16,6.35968967212731e-17,-3.23013258478753e-09,-1.82837642623435e-06,-1.05324052916104e-08,-1.4931333967511e-05,5.77767695557419e-07,1.88725379289407e-08,0.00412555516743167,8.27993872717941e-08,-2.15433858756445e-06,2.1465034610868e-15,4.00704348912831e-10,2.92773991009658e-08,8.10886524260823e-08,1.28964437260587e-05,3.68535104605332e-16,1.89580278429015e-16,1.08177648753669e-06,2.37057680125707e-17,-6.33154728451411e-16,1.12950225519471e-07,-1.66362945885274e-07,-3.11474055036776e-08,-2.97814758873378e-07,7.99606752339669e-07,2.08894473103944e-07,2.67110086314618e-07,-5.08316690654355e-16,2.46636638429578e-05,7.03155216507092e-08,0.00117638641551784,-2.82773507798067e-08,1.12796232487177e-07,-1.16705682234358e-15,7.48341929218076e-16,7.40158846275357e-16,-1.04193138929145e-06,-4.75351058810759e-09,-3.08164088147066e-07,4.79343842243191e-15,-3.64579264814435e-09,-1.02896710799651e-15,-2.39432385742465e-17,5.9893355883658e-07,-1.4997288646684e-07,2.06106832989494e-16,-1.24024560992686e-06,-1.6756166393931e-08,-6.83522198881261e-16,3.81659613505116e-08,-5.10035873080082e-16,2.51837262629139e-06,-2.4200437250988e-17,2.558001232506e-06,1.27116120107099e-07,4.87586038322847e-09,0.00144224620344508,0.000218877890815643,-1.2920127418105e-08,4.03263091858384e-07,-2.61635615806662e-15,2.39585059182332e-07,-1.35266598134452e-08,-3.13548749342308e-15,-1.78265072433496e-09,-3.63466240373748e-08,8.44786287823448e-09,-4.05779889134316e-16,2.7119257878605e-08,3.58722580568146e-08,-1.70051402536674e-16,-9.95474071036792e-07,-7.556374828189e-07,-1.03177253706427e-09,1.21007563815204e-14,-4.46160234780078e-15,1.84668909031732e-08,4.8548257410166e-05,8.06116401025844e-08,-7.36207185345038e-09,5.94440720182223e-06,-5.18498245049039e-15,5.33328015075949e-16,2.17487686996525e-06,3.85360501096364e-09,1.87681631570724e-16,5.24166404781072e-05,3.74827354307042e-15,1.5123789366291e-08,-2.55872246445163e-07,-3.42338971363118e-07,-2.27019993593281e-06,4.66146136793481e-14,2.71582474261322e-14,-0.707106781186549,-1.98009130944254e-14,-1.75236916715633e-09,-6.07865855351347e-09,-7.59176663964681e-15,1.54107779788119e-14,1.1844903832537e-14,8.55670822040696e-09,7.68890763081959e-11,-4.23419749338653e-09,-2.44795864722948e-15,-8.85539742662839e-15,-1.80823238327132e-15,-1.81624401671109e-07,5.5577130097456e-09,-1.87662574003454e-15,9.75089704022653e-10,-2.55081221170506e-08,1.57702895515255e-15,3.18035918828888e-15,-3.10755516996277e-06,-1.80110340022277e-10,-1.53895722336789e-06,7.11245746030986e-15,9.81901616014481e-09,1.58451062224982e-07,1.69990609289662e-07,-6.34267134361815e-07,-3.76367883684866e-08,6.12650738766631e-10,-8.54171817240385e-15,-1.28150724122278e-15,3.53958699851973e-15,1.16443132084505e-08,-1.05429214080049e-08,-4.11835554295077e-07,-3.12579807408551e-09,-8.84363986312739e-16,1.4480846970332e-15,-6.62654267296826e-16,5.09134582809639e-17,-5.91650094333371e-16,1.49190883918206e-08,8.99240263715129e-17,-2.25375465791737e-16,-2.02482245353995e-05,6.15140597661437e-16,-3.77906704501518e-07,7.67412859067512e-16,-2.76889533777774e-07,-6.69774393423479e-16,-3.35646242030108e-07,-3.40037270761917e-06,-3.70478644893348e-08,5.66393698615996e-16,2.28603818741237e-06,1.52982804740436e-15,2.04597185247676e-07,-3.25366922620487e-08,1.80060029197591e-10,-4.53805091331798e-16,9.91472139340838e-07,4.23023214588443e-16,-7.13633249000133e-08,-3.64294854504539e-08,5.72311768734488e-16,1.38217768838781e-16,1.54707702591043e-17,-1.36755146863901e-16,-5.52567836056787e-09,-2.78864992627203e-07,-0.000124229724349138,-1.35650229604914e-16,2.66840098547226e-16,-3.75899524806458e-09,3.06630767732147e-08,-3.09584260450995e-16,1.50022627890221e-16,-6.11177876389025e-08,-1.32583454513595e-16,-1.18409449727864e-06,-6.9991067900828e-16,1.08445267078682e-07,-5.09231157025689e-16,-9.47122352735098e-16,9.24008555863374e-17,-8.57059926671653e-16,-5.54373522000948e-16,1.09797216904758e-15,2.08378235339812e-09,-1.45731656987375e-08,3.60539004707621e-16,-9.67490341610752e-09,4.06474416775176e-07,-6.75403011157281e-16,-1.30187076681787e-15,1.61139209692889e-18,-5.92095681397209e-16,3.73456240823231e-07,1.00554870199735e-06,1.41349035785726e-16,1.51082378096218e-16,-7.27723480116382e-08,-2.35060607562192e-08,-3.5587728179835e-10,4.15335715832116e-16,2.34245639514818e-16,1.0076698411816e-15,5.73231623264622e-17,2.61845474242311e-17,2.83960009678144e-16,1.6826895572271e-05,-4.92584619410992e-07,-4.39382024776443e-07,1.89703523178946e-16,8.38439784559317e-17,8.71249944938386e-16,-3.74906667114535e-17,5.45795379781124e-16,-5.42719218007453e-16,3.01197984583189e-16,-1.80494805438846e-16,-2.9679092071244e-17,2.26374747225399e-16,-3.19330243978495e-16,1.75833249768145e-16,-3.50985485070983e-16,-1.49377307816751e-16,1.3845798472612e-09,-4.2995833280385e-17,-6.0599748102264e-16,-5.21571316594117e-16,1.9597604467968e-08,-2.42350562326339e-08,2.85886178840689e-16,-5.05770540905229e-10,1.79074943509716e-08,-6.95728067004745e-18,6.50553125930222e-16,-3.45254722380034e-08,-5.48268908662222e-16,4.40764439419824e-10,2.25774201988092e-16,-1.7832535362629e-16,2.48049914727512e-17,5.49563691092426e-16,4.42106298475186e-08,-5.92048010910466e-08,1.161508619387e-16,-3.02826742810695e-16,1.64811539991413e-16,-4.43328773607872e-16,-9.25366554216378e-17,-2.50956201290401e-16,3.8692977762854e-17,-5.67789290155411e-16,7.11509623329615e-10,3.23280349141289e-17,-2.40367290704145e-16,-3.758293230378e-16,-1.1418604755516e-16,-4.0333663750828e-16,-3.74226263897631e-16,-1.54643893496694e-07,1.38751454957719e-16,-3.49242550937508e-16,1.04606830958241e-08,2.24767011897613e-16,-1.12015011294633e-16,1.01959229321183e-16,-3.17570029103998e-16,8.71742011326788e-09,-1.74455353843145e-16,-6.57837812592521e-07,-4.62133349713562e-16,-1.93134751168351e-16,-1.05444154202806e-16,-3.46666444872188e-16,-8.27461358250053e-17,-1.35905892282048e-16,1.04196215814718e-08,-1.84213817778685e-16,8.32801258371015e-17,1.31556484486431e-09,-1.30041807612809e-06,-1.81573659899252e-16,2.23985704729158e-07,2.40797915944166e-05,6.74841617237741e-17,2.13342248987995e-16,4.68095832465726e-18,-1.77978547316602e-16,-5.69440575785168e-16,-4.03079158372374e-05,4.17706898679242e-17,1.87224664161201e-16,1.04705163254325e-16,3.44960044314313e-07,-1.67689788044944e-16,-3.46047633569883e-16,3.12118279706606e-16,1.1842092436466e-16,-1.55103523177938e-06,-2.60380604949895e-16,2.7364107616435e-10,-8.47820259551883e-17,1.62806086009558e-16,-1.19913022762137e-16,2.5326057636606e-19,4.57913916513241e-17,-2.38112683745721e-16,-1.20259103275405e-16,-4.74581791202546e-09,2.11307987315703e-16,2.81577735481605e-16,1.99495540597383e-09,-3.72138862387827e-17,1.65054496650992e-17,3.08881568246793e-16,4.15293468538426e-16,-1.77694957246019e-16,1.34108485054654e-16,-1.44565534369025e-08,1.2717804020969e-16,-4.66298165345828e-17,4.3039860386272e-09,-3.38540619376699e-17,-1.28590827275009e-16,3.11346008237425e-16,4.81878746335601e-17,-2.96073908291352e-16,4.10393277715186e-16,-1.39057380780222e-17,3.21697159977621e-17,3.10916541830304e-16,3.03384029050425e-16,5.2362479551792e-17,-2.25657462978486e-09,7.48234891969032e-09,4.49181869398026e-16,3.36100669225912e-16,-6.28527673658358e-17,3.69813877150367e-16,1.65991352607531e-15,-3.9214988361555e-17,-1.94405841185177e-16,3.15387532999481e-16,-7.12912773878357e-09,-1.74245990311492e-16,-2.12355750834751e-16,2.03621999194556e-16,1.06230395800532e-16,8.29687735787751e-10,-8.17627864103098e-17,-1.31525149563776e-10,1.68770125745394e-16,-4.11044172485774e-16,6.78498226808578e-17,1.96669130939843e-17,2.72137744729706e-17,-1.23337765456342e-17,1.52940204455316e-16,-2.72319527773629e-16,5.55479855916301e-17,-1.55047513406211e-16,-1.8336796423532e-16,-2.18420717615604e-17,1.16793311757321e-16,-2.56472819398512e-18,-1.43236289741285e-16,8.83417177841993e-17,4.00041896821728e-17,3.25018725482412e-16,-5.09652406588042e-17,4.33525179416251e-17,-2.50288071518279e-16,4.18810116808973e-17,6.5578184119482e-17,1.75599993333441e-16,1.62698429892295e-16,1.94561392512313e-05,-1.16601005175943e-16,-9.5925118494589e-17,-5.15090322520754e-17,2.07536636336718e-17,9.30116074887973e-17,-1.52399839798329e-17,1.77860661879323e-16,-1.57383638034078e-16,1.58654604508945e-16,2.19404599123292e-16,1.4062102177137e-16,1.43907416899677e-16,1.1494110367221e-16,1.96435909467895e-16,-8.07467778867324e-17,-4.64868668680213e-17,8.77361092546614e-17,-8.16752119479353e-08,-6.20601099856603e-17,7.59998725340117e-17,-9.70029446811987e-17,4.56796901345612e-17,4.0488135768987e-17,-2.15081989441307e-16,-1.44694822962965e-16,7.83545786349792e-17,1.05278664253174e-18,1.87146569951404e-09,1.11667956082397e-16,-1.82097196142353e-16,-4.89021716815802e-17,-6.64126635482071e-17,4.1811941670345e-17,1.57178663518924e-16,-5.93981650985284e-18,-1.13957774447557e-16,-8.93363712715005e-18,-5.32111800509839e-16,4.48043650957888e-16,-1.290904684205e-16,-9.67227630142953e-17,1.47301184917809e-07,-3.88049535038393e-17,-4.90897566959049e-18,1.51951319273767e-16,-4.60569082871842e-16,-2.58644692039977e-09,4.94004963375725e-17,-7.53974658626883e-17,2.13059192026262e-17,-1.92070767010066e-16,3.96375730054556e-17,-1.32972916480758e-16,1.04218824074752e-16,2.90200362822616e-16,-1.14688723746973e-16,4.64577245313027e-18,-4.11303592088442e-16,1.76700565021784e-16,9.7393291492434e-17,1.71150580892985e-16,-5.11147736563645e-17,-5.5117634794955e-18,-1.99421181058684e-16
"t80",0.0371959005805174,-0.0115775803539116,-0.0127083327549456,0.000780471311387895,0.00752371399950349,-0.0215144173283451,-0.00305778220894547,-6.78728184366033e-06,-0.0700929805533612,-0.0595585554548437,-0.0702384192593497,0.00101543799776277,-0.00223361447702485,-0.000496145632079729,-0.0152476759738319,0.000411667132723363,0.00028378883816375,-3.56656031059929e-05,-0.0173671159949157,-0.00783682754861114,-1.62202951773968e-05,8.51255016322506e-05,-0.110061627493189,-0.00449373453246357,0.00042398998282283,-0.0035931687055806,0.0353752979385127,0.000265412977471478,1.76402534842606e-05,0.000266520405645562,0.126640250222095,0.00119204563627874,-4.6990037938109e-07,0.000707110874809166,-0.00112635454095114,-0.00021684423017003,-9.97430518485259e-06,4.07398109295178e-05,0.0127377494732547,-0.00125829019948834,4.05769399767121e-05,-0.0106510119317092,-1.58999515229083e-05,0.000951048296812643,-1.40388790541943e-05,4.36524332806401e-07,-2.03586448268513e-08,-9.26522223984855e-08,0.000135931871301573,-0.000421381580645169,6.76327747140508e-07,-1.11876025686412e-06,1.52178074263881e-06,-5.66339408437574e-07,6.30004286719407e-05,-4.96806631120163e-05,3.15633646713959e-05,-4.08717145282924e-05,0.000358527308276544,-6.81177543799706e-07,-7.1403150383009e-07,3.97749494289093e-05,-2.53753167244125e-05,1.94549453200053e-05,-0.00457922441509321,2.59998667563926e-06,-2.25201284420152e-05,7.40581306072078e-05,-1.84834601613544e-05,8.82569708059133e-05,-1.07893224848638e-06,4.43953957935631e-06,-1.67451551925798e-05,-1.35332935309225e-05,5.87529725085051e-06,5.63788997736903e-06,-6.0808388413096e-05,1.25089741268188e-05,-0.0645181039018676,0.00130367814139602,-2.94409352207127e-05,-0.00206389020766265,0.0157337508235862,-3.22651999727716e-05,-5.4543280867525e-05,-1.43794926222139e-05,2.11102183134943e-06,3.58905013157368e-05,6.69592631792717e-08,-2.67660671438756e-06,2.63845102032193e-05,-1.09003834235753e-08,-7.29213147124078e-06,5.09612561966806e-06,6.3273399994721e-07,6.75699492989664e-07,7.90562392840232e-08,-3.19546121907755e-07,3.1620278815317e-06,3.11758135086367e-05,-1.98928274084303e-08,5.81306466786287e-10,-2.31268445724288e-07,5.60035417977541e-05,-0.105622061531537,-2.52437500391694e-06,0.000270210589655108,-3.08798834461644e-07,0.000461123877585323,-5.63837508979893e-08,-1.81526289916186e-06,-2.80384213859546e-06,8.47174543449002e-07,-6.73001778571071e-07,7.3165303288638e-07,-1.48332872073216e-06,0.0028795729508491,2.52721007233906e-05,8.98377787950865e-07,-4.72424295094463e-07,2.85885646186275e-07,-5.61185566381629e-07,7.36849890724338e-06,7.27679774012801e-06,-3.51436991045316e-08,6.57200273984521e-07,-6.75000021654014e-08,1.43575876756383e-06,-9.13938373992097e-07,-3.16531846623149e-05,-2.26093923198052e-07,6.29183861109695e-07,-4.83871576195713e-08,-5.56945191901088e-06,9.38096304298422e-10,-6.02258239206219e-07,1.02867294488384e-06,2.17091445656249e-08,-2.87358125262819e-07,6.61803062164875e-08,-8.35223787756789e-07,5.14076488976176e-09,1.60112543813927e-08,2.03663578715609e-09,1.18217751931179e-11,-6.3281190783317e-08,-8.54703592772546e-09,1.23623151200545e-05,5.53269483275927e-06,-7.1598128576603e-09,-8.92990127134528e-09,-4.83415130667206e-07,-6.87131673129904e-09,1.7218597361429e-06,-6.53478373726626e-09,-1.26508540441153e-07,7.95488562120228e-07,-1.33173265728065e-07,-9.68903712023298e-07,-1.41007515514629e-07,-1.95672659881532e-07,3.19504028573066e-08,-0.00270009759375409,1.99426305400287e-06,-1.06827343128834e-07,2.63478648674352e-08,2.45721122883847e-07,4.33823920196831e-09,2.89384644997887e-07,1.93338066467159e-09,-5.50850588375906e-09,-1.01100814755789e-09,1.62442326977098e-10,8.32180216689023e-07,1.0388858922389e-09,2.09849084632643e-09,9.13717123539342e-11,-2.35445719161541e-09,1.28480162577473e-08,4.55862739113258e-09,-3.21313681245881e-08,-2.36358367388614e-08,6.69705263572103e-09,3.57436581970104e-11,1.44545650502965e-09,2.24557267390705e-09,3.65120924809681e-05,1.69148124280287e-06,7.68544406929417e-06,7.26570747567012e-10,0.000227727133518439,5.1784370948782e-08,3.34359420872517e-09,-1.95505754325164e-12,-3.44556053504171e-10,1.45052861018458e-07,1.01895229319662e-07,1.96418371869086e-09,-2.30160697476192e-07,-6.46964725954863e-08,-2.73444825009444e-07,-2.52594028194065e-07,1.38934325943228e-07,1.58645777176019e-08,1.81208528935531e-06,8.54581511154411e-08,-1.2409445425464e-06,-6.82826677383779e-08,4.04803502248256e-06,9.55806031259542e-10,1.99713960758978e-05,1.28383248488335e-07,3.06722900515712e-07,8.87700945969758e-06,-1.42035060474518e-09,2.50080644437265e-08,-7.99812875345733e-09,-5.18408406669832e-09,3.31458640221008e-05,6.79123063334119e-07,3.17725118798386e-07,-4.10590739239622e-07,-9.22251355557662e-08,-4.00094664236087e-07,1.2830069760309e-06,7.44959533169624e-08,7.08799555691573e-06,4.64812003227707e-08,0.000184907605066428,2.55124268796812e-06,-1.48344076643288e-07,-3.21625919671957e-08,-1.01169849788652e-06,-3.76246688126541e-07,4.01875134470731e-07,4.2841017716677e-09,1.95570605296842e-06,1.78046064020384e-17,1.93868049126967e-08,-2.79676774874154e-07,6.09771840817622e-08,1.65612600682449e-07,2.34014401055082e-06,-3.24629754462015e-08,5.44494541859872e-07,-3.03097304266836e-07,0.00392232192575121,-2.59164189849981e-08,5.54083509064729e-08,-2.38120416906426e-05,1.59090265407504e-08,-1.76787387334415e-06,2.73882398213163e-05,-8.39679883618767e-09,6.15124868928599e-10,-3.28586172340885e-08,4.62741216824061e-08,-7.61746245806872e-07,-0.000805361356622191,0.111705438842198,6.43855887944384e-07,-1.31722216731832e-05,5.9249006236841e-06,-1.98760910116084e-07,9.68333028299085e-07,-2.80551712074601e-06,-1.78098366502027e-09,-1.58115458650606e-05,-7.84827210222013e-08,-7.80355108358506e-07,-2.18300255692528e-09,1.3521684728028e-06,-7.19182026334528e-08,1.42190210166316e-07,-2.32761721105106e-07,4.61868756065075e-07,-3.80192908450338e-07,2.9062191736254e-08,-6.17545459727064e-06,2.77816923600003e-08,-4.71546449776025e-06,2.04941943696216e-16,1.90246706685016e-05,0.00663624633933765,9.9115023549444e-12,1.08526079465067e-07,-1.71568017925237e-07,1.09409412907202e-07,3.14848284350304e-08,-4.28565067087479e-09,1.9319117170229e-07,-7.32284704127327e-06,-2.83313878047709e-06,2.53560248163444e-08,-1.39121502865063e-05,4.76165267290194e-05,-1.38256374698891e-06,0.00669561826386357,-2.28809036779531e-07,-4.16076436427334e-07,-6.49195544191057e-09,-2.96904476001176e-05,5.15538626453511e-06,-2.3646739816679e-08,7.81574724702913e-06,-9.78819101200685e-07,3.63020618504639e-06,-3.20227521007513e-06,-2.89431066011415e-05,-1.5107220921876e-06,4.89665920246909e-07,3.42674834778813e-06,-3.79826530304373e-07,1.93943588463214e-06,-5.69782606718376e-06,-2.57095080266429e-05,0.00958778486333884,-1.72811236381129e-15,-1.23210846040704e-06,-9.31608298345781e-06,2.12220901344188e-06,-0.00117894323903058,-1.3215553366412e-06,-0.000494230206022803,-0.682328970400171,-0.000130546436082415,0.000188691753309386,-6.19235233316446e-16,-0.00667764008925082,-1.88056377346057e-08,-1.25071939580496e-05,5.28279386645809e-07,8.2282516856486e-06,-4.89685092504979e-06,-7.10474169836812e-05,1.74840503359621e-05,-1.49615218584709e-06,8.3698570994729e-05,-2.50784378185165e-07,-2.30979839133262e-05,-3.01215538998812e-08,-4.22920367229942e-09,-6.00800595182566e-05,3.20197611511103e-07,-0.000106125085155429,4.92700324462052e-16,-1.45739277355626e-06,1.12014838326018e-07,3.2275601709022e-09,2.71645977694131e-08,-4.10148861880223e-05,-0.000296630931769589,7.19919913373109e-07,-2.6414059268312e-06,-1.49374539911973e-06,-3.30148057698772e-16,-2.67499644655773e-05,-9.43812104606814e-08,-0.000582457524419851,1.35287715878291e-15,5.79727257399864e-06,7.42494528672548e-07,-1.14201577678801e-07,-7.84760546951503e-05,-1.49374459143427e-05,-1.36682011588317e-05,-2.55694053483571e-06,1.33381505469862e-05,5.60808862863157e-07,3.07494589002755e-08,6.99582150269187e-06,2.11829125026027e-07,7.78340811970703e-16,-8.12161645673198e-08,2.98729265672339e-06,1.2716585805573e-06,-7.84076282834386e-06,4.62285175904147e-16,-1.53799731752233e-07,2.71017083233955e-08,-3.01770403648824e-06,-4.27453646372e-08,-1.53385563959734e-05,1.46738479095293e-07,-1.8885138673414e-06,9.45273139166559e-06,1.5744836017691e-15,3.14762264149279e-05,-1.47634532136778e-07,4.16958287789463e-07,4.2006193848351e-05,-5.48019430509007e-08,-6.12734083847272e-06,1.23711804689286e-14,2.07987767653098e-15,0.670986125007786,-1.00629486104758e-07,1.30060680774503e-08,-1.32606657308953e-05,3.18709378901537e-15,-7.16451774002483e-05,-5.93172745053569e-06,-5.4663291671975e-16,1.50596147590479e-15,-1.37493154147216e-15,1.36722473655888e-05,3.70751939317179e-07,-3.99950281697553e-07,1.20055108887089e-05,1.7023506912792e-06,3.11577974108774e-07,-1.35019282247049e-07,-2.08790111708404e-15,-2.8974874152042e-08,8.08566644559596e-08,1.04937058947946e-15,-4.11237796508686e-15,-4.96711425947971e-08,-2.85613271119760e-09,-2.91098912439545e-08,7.32661719060553e-06,2.84127102442215e-08,-1.13803821103848e-06,-1.45808250084897e-15,-4.00323098415077e-07,7.91719534495523e-16,-2.21045959519863e-05,-3.07338789834466e-15,-3.14882156619795e-08,7.44217711061355e-16,1.29419298717257e-07,3.40815272176726e-08,2.58980324794521e-06,2.09782960070041e-06,9.2762983316014e-08,-1.07276295426083e-08,6.85814530437668e-08,2.65861672434431e-08,1.27458958973069e-05,4.31904556074706e-07,2.638085075503e-08,-8.45578502153625e-08,-2.15601197543293e-05,-0.0881699147774252,3.16486815943975e-08,5.51532989592489e-15,1.18655903015989e-07,-2.9956065249929e-08,1.89139518933865e-08,-3.03468094542862e-16,3.58114686653715e-07,1.0384243743936e-06,3.34267913751439e-07,2.64126855734174e-17,-8.12036712520916e-08,-4.61218510798258e-06,3.23530877288872e-16,-5.76356833441346e-08,1.31274553307313e-07,5.30749134232654e-18,-2.42840360013866e-16,-4.90298606882666e-09,-2.7755104030258e-06,-1.59960618749308e-08,-2.26988197454402e-05,8.92458888978973e-07,2.93963617203957e-08,0.00665214943188598,1.23903632178417e-07,-3.22508982621518e-06,-1.55366171317173e-16,5.99570130595102e-10,4.38031448858171e-08,1.21273978139637e-07,1.92777791984305e-05,8.032681177967e-17,-1.86522823847652e-16,1.61582157546751e-06,2.08878477669945e-16,-6.98992511917649e-16,1.67770320633519e-07,-2.46858431507764e-07,-4.62172493963915e-08,-4.40952396425255e-07,1.18358218792501e-06,3.0918800386074e-07,3.95200566455502e-07,-2.48627609202804e-17,3.63769845245562e-05,1.0398451908606e-07,0.00184867912286869,-4.15209359198752e-08,1.65434211621708e-07,7.44332434073324e-16,3.82423720843688e-16,3.05399873755127e-16,-1.52626692043891e-06,-6.96362523784165e-09,-4.51454756351431e-07,4.4508788578864e-16,-5.34446519912183e-09,-3.76343196730644e-17,-4.88070047992321e-17,8.93007173473102e-07,-2.2372297414448e-07,1.17028782498085e-15,-1.87512346100015e-06,-2.56475029831802e-08,-2.2218548949217e-15,6.13627828457427e-08,-2.268240154177e-16,5.53455302793132e-06,-2.74782561296322e-15,6.30524517268303e-06,3.60426107614674e-07,1.83144377442687e-08,0.0318717823931412,2.67095640564649e-05,-1.45508432003753e-08,5.05333054535161e-07,4.38947038824804e-17,3.09644242042467e-07,-1.75101665742045e-08,2.11893067070823e-17,-2.3119354303422e-09,-4.72671559036607e-08,1.10067121013564e-08,1.52432231825022e-16,3.54605489178368e-08,4.69218462164617e-08,3.68227935380881e-17,-1.30252001632665e-06,-9.88811932856562e-07,-1.35034335798146e-09,-1.66595430431938e-16,2.11145812768754e-17,2.41476751631256e-08,6.34358536308615e-05,1.05313530241898e-07,-9.57150657165096e-09,7.72108805541201e-06,2.56610279420311e-16,7.62034719042448e-16,2.82301667193318e-06,5.00159457506915e-09,-1.22156280212677e-16,6.79524735884988e-05,-8.42172685798314e-18,1.95837107305828e-08,-3.30788039393251e-07,-4.42518981061541e-07,-2.93317728998728e-06,-2.21573116732094e-16,-2.00675134837296e-16,1.53833920205797e-15,-2.37365757964332e-16,-2.25442765255689e-09,-7.81734579552714e-09,-2.14488952536589e-16,9.98260379746515e-18,-3.98199303592434e-16,1.09897176384641e-08,9.87049416049862e-11,-5.42650753426891e-09,1.02640815990369e-16,-1.16483970906411e-15,5.84384970969687e-16,-2.31508655194732e-07,7.08283884871981e-09,-2.98284083547044e-16,1.239995931248e-09,-3.2410057828177e-08,-3.52235215043725e-17,7.27079801193508e-17,-3.94027831244237e-06,-2.28339094927424e-10,-1.94866034633992e-06,5.00571256952304e-17,1.24078063197926e-08,2.00002299460403e-07,2.14232254343515e-07,-7.97632092770204e-07,-4.73035154514126e-08,7.69174640863889e-10,3.21011605307644e-16,-1.60422549843887e-16,3.54972397321856e-17,1.45300596332914e-08,-1.31544832297354e-08,-5.13450278246331e-07,-3.8817745206733e-09,1.27209644057889e-18,-9.10413739490568e-17,-2.20763609993646e-16,7.62830698416285e-19,-2.243767616311e-17,1.84516487800254e-08,-1.86480255904082e-16,-1.82753836421756e-16,-2.50027177022133e-05,5.96533466266284e-17,-4.66603479464494e-07,8.71636620760007e-18,-3.4182814048367e-07,-2.44947995626928e-16,-4.13225389363532e-07,-4.18358161775413e-06,-4.55357714461666e-08,5.70714355261905e-17,2.80635756172099e-06,5.46949877956485e-17,2.50500436006568e-07,-3.97030875559632e-08,2.19688051794682e-10,-2.32937683726551e-17,1.2081254168418e-06,-4.28207327244973e-17,-8.6804037194617e-08,-4.4308654218082e-08,-2.70894071971166e-16,-5.57391108217632e-18,-5.70434172392384e-16,-1.41564143246833e-17,-6.72204363659053e-09,-3.40006279684798e-07,-0.00181255775026729,1.69167697502603e-16,2.5937111267937e-17,-4.5356161271056e-09,3.69957090444288e-08,1.53681040924992e-16,-1.18642769922548e-16,-7.35420520838105e-08,-9.37408324756801e-17,-1.42387206765238e-06,3.3631629251694e-16,1.30153116523161e-07,-4.21065365529279e-17,4.94560572267604e-16,-1.01388341172142e-16,-6.08897273472994e-16,-1.21207244450344e-16,2.35852137255784e-16,2.49089013403744e-09,-1.74194019064874e-08,1.90391108617704e-17,-1.15482192921125e-08,4.84893252057556e-07,1.41404424074359e-15,-2.75368640258644e-16,3.13804568170777e-17,1.1131511274325e-17,4.44378205794629e-07,1.19580379326762e-06,-1.83371979663117e-16,5.76813013982183e-17,-8.64844408651605e-08,-2.793279167996e-08,-4.22775671021278e-10,1.96154444561805e-15,1.64398194513029e-17,5.61349464794685e-17,1.46814431604828e-16,-4.21051801359509e-16,-5.30002995519742e-17,1.9896986727344e-05,-5.82204393880762e-07,-5.19098401086994e-07,1.20782458829527e-17,9.77664485608353e-17,1.14538231290151e-16,-8.98110743986444e-17,-2.96328022767223e-16,-5.47579925984215e-16,1.90915953991602e-16,-1.10040182292827e-17,7.5528773031005e-17,1.11313070210599e-16,2.17750140505517e-16,4.55641046223667e-17,-1.98210283149102e-16,-1.10237369477765e-16,1.62403302515326e-09,-1.23100043750804e-16,2.99033241060628e-17,1.25295511690292e-16,2.29650773783046e-08,-2.83931814173691e-08,5.26793889685484e-17,-5.92467359785909e-10,2.09527764017647e-08,8.54628177091373e-17,4.73510923922334e-16,-4.03385253497906e-08,4.16319214139694e-17,5.14071207154685e-10,4.11659582049087e-17,1.04177830746597e-17,-1.29376772390386e-17,4.76550712850884e-17,5.14215598586283e-08,-6.8848502096953e-08,2.02293216831355e-16,5.02572734191422e-17,1.39516777941788e-16,-1.95960614162833e-16,2.15973072759112e-16,2.19087274288391e-17,-7.344642962817e-17,-4.4000733507229e-17,8.19565829432731e-10,-8.63933236162962e-17,-2.57521581635241e-17,3.05901925332453e-18,8.97765268985317e-17,1.55355399344044e-16,4.08887553310768e-16,-1.77769246357273e-07,-2.03022856254581e-17,7.04303820744409e-18,1.2020496119118e-08,-1.56156112104289e-16,-9.38177359094179e-17,-8.60359902591007e-17,5.47785922287576e-17,9.97388217535171e-09,-4.5558924510835e-17,-7.52071410788788e-07,1.2933167428579e-16,1.0659531091082e-16,6.97209190093835e-17,1.64145667815464e-16,-9.54380944009375e-17,-1.55181419904657e-16,1.18934653458542e-08,-9.85987533110576e-17,2.24361052727078e-16,1.49984209740467e-09,-1.4824837860548e-06,1.62034312831581e-17,2.55080832874897e-07,2.74138147195518e-05,5.97686501220415e-17,7.84548391327463e-17,8.82279858533863e-17,2.68893989674217e-16,2.41994168605728e-16,-4.5670547226402e-05,-4.68134519528043e-16,8.25006211847543e-17,2.2803335594911e-16,3.90377547666803e-07,-3.6091087099023e-17,-1.41884861744086e-16,-2.06162475813134e-16,1.81073536134022e-17,-1.75242384677001e-06,3.52710269338903e-16,3.09017306500156e-10,6.87409098030474e-18,2.25680779565114e-16,-2.21894053020501e-16,-8.49598865572161e-17,6.82574627111661e-17,4.95658412337085e-17,-3.13463109189838e-17,-5.34537619124054e-09,-2.98772883942172e-16,-4.3893289124648e-17,2.24553562480968e-09,-6.22836910580667e-17,-8.99041383252108e-17,5.74427079503924e-17,1.0112647458416e-16,-4.49717040292584e-17,-5.30018858772791e-17,-1.62395035116031e-08,2.29581996862079e-17,-1.3952271020635e-16,4.83043806338163e-09,-1.07185572501138e-16,1.49439566375703e-16,-3.84170389378724e-17,1.00905899821117e-16,-2.47702296441197e-17,2.56021715543051e-16,8.26922182418618e-17,2.65366109932938e-17,1.42050380695388e-16,-6.73075967436199e-17,-5.89560709048768e-17,-2.52420252362682e-09,8.36642663319771e-09,-4.85808211107799e-17,8.06596370415957e-17,-1.40459224241731e-16,-5.88490923780793e-17,7.15085542862814e-16,9.45332292088397e-17,-7.33370439527496e-18,-1.43662041568736e-17,-7.95502048525224e-09,1.20322864443976e-16,4.28627190383825e-17,-1.83714540359859e-16,4.9919037567817e-18,9.24188553392161e-10,8.17200749249315e-17,-1.46218797018699e-10,-3.43324205862462e-17,-1.57354572284789e-16,4.62237851765871e-17,-1.57716455593931e-16,-1.10187080951563e-16,1.38974348829107e-16,-4.49557111396541e-18,5.75848766594262e-18,6.57274610651815e-17,3.99531174371665e-18,-1.99753983678087e-16,6.80976680167495e-17,-6.10343476341834e-17,8.32252968702927e-17,-3.82318073343441e-17,-1.26894060420114e-16,6.97839671571774e-17,-3.29217235803059e-16,3.50672651226789e-17,5.12031675525253e-17,1.13461757350608e-16,-1.14186706104062e-16,-1.09774544022662e-18,-2.52241735594152e-16,-1.43550865962903e-17,0.000213717271733042,7.04580795076975e-17,-8.79513152083478e-17,-2.95302178917691e-17,-1.14423764865637e-16,5.08651111124169e-17,8.20837855615922e-17,1.48977396220719e-16,-3.66304374552854e-17,8.61720355234994e-17,1.8626799084163e-17,-1.47505705566653e-16,-6.87339126522751e-18,-7.31417866770861e-17,-1.28905138771657e-16,-1.05533047744863e-16,3.56063551214973e-16,1.29143580453025e-16,-8.97244427147221e-08,-2.79960067627319e-17,-1.24840067825183e-16,1.30416074732266e-18,-2.04496259096958e-16,1.47464279594954e-16,-1.37390358896774e-17,5.25042638105335e-18,-1.21233906184958e-16,-1.14116622965215e-17,2.0460114546361e-09,2.33906491452574e-16,-1.4188045402916e-16,-7.98187554236332e-17,-6.93595077776149e-17,-1.53738542291893e-17,6.41517712538054e-17,1.43238900668636e-16,1.06566445377637e-16,-1.41375589670893e-16,3.67881313536124e-16,-9.73668709503894e-17,-4.12416753322285e-17,4.58777377168049e-19,1.60272216026681e-07,1.60918716657576e-16,-1.06617756325393e-16,1.89035750423141e-16,-5.20200202358545e-16,-2.80801695907159e-09,1.32980195092445e-17,1.23569124122618e-16,-9.6204383555619e-17,4.1065870845706e-17,-8.34858781020132e-17,5.40431224580028e-17,1.61682869317894e-16,-1.54419698535746e-16,2.7587723097579e-17,-4.98372030415454e-17,2.34607924787008e-16,3.18279799119844e-17,-1.00877436514703e-16,-9.2705306602808e-17,1.79513100296015e-16,1.97298788916143e-17,-2.3197632219399e-16
"t114",0.0372781041913942,-0.0116316875715643,-0.0127696583597385,0.000785530589164113,0.00758354887436109,-0.0217155381569007,-0.0030869355669753,-6.85721248248954e-06,-0.0709480874463843,-0.0604427082145638,-0.0715684567705238,0.00103927052698533,-0.00228762081900993,-0.000508329455934484,-0.0156389958974108,0.000422878547547749,0.000291709076792932,-3.66797172882069e-05,-0.0178728123730031,-0.00808557718801844,-1.6779135958661e-05,8.86998776860942e-05,-0.114957819264111,-0.00469485389865841,0.000443045145406967,-0.00376285212874951,0.0370669107574856,0.000278226240469365,1.85162720688757e-05,0.000282346172754703,0.134703223135031,0.00127171424178447,-5.03800162762334e-07,0.000760798126067419,-0.00121672740227497,-0.000235801928261758,-1.08587390832487e-05,4.44168856096389e-05,0.013896235655749,-0.0013746531025218,4.44515783330289e-05,-0.0116960887310744,-1.74865552454672e-05,0.00104608217618205,-1.54696844787167e-05,4.84289121489681e-07,-2.26340200729405e-08,-1.03110388347003e-07,0.000151702080278382,-0.000471720344731348,7.60282235066087e-07,-1.26010637823884e-06,1.71453981504482e-06,-6.39652455611435e-07,7.15051682620045e-05,-5.6429497582487e-05,3.63485115144191e-05,-4.72505509437045e-05,0.000414675014756932,-7.95533795865252e-07,-8.40197753061949e-07,4.69804179519417e-05,-3.00651428136677e-05,2.30686473433423e-05,-0.00546173161576992,3.11767500414114e-06,-2.73315255564196e-05,9.03792666644206e-05,-2.26153021742371e-05,0.000108495293850104,-1.36084648197939e-06,5.71588820757812e-06,-2.16294553822978e-05,-1.75996325643675e-05,7.6471936351753e-06,7.3599951389316e-06,-7.9476665907942e-05,1.64455122163774e-05,-0.0859789805162622,0.00174705518976562,-3.98378225429589e-05,-0.00279868281043133,0.0216754720805957,-4.4666792224585e-05,-7.71414281308347e-05,-2.04595447453173e-05,3.02211565324781e-06,5.14319236309148e-05,9.59793072875453e-08,-3.83917115347448e-06,3.79341251105517e-05,-1.60348601202509e-08,-1.07500776329485e-05,7.62401657022459e-06,9.7180298806341e-07,1.04202670267112e-06,1.21939468662732e-07,-4.98072194795583e-07,4.94807696277585e-06,4.95295590884397e-05,-3.20062525933499e-08,9.36349354038978e-10,-3.72998497510776e-07,9.60018153132952e-05,-0.181936783263265,-4.3648542742191e-06,0.000470413503212876,-5.38624472593343e-07,0.00080706864672474,-9.91991021561354e-08,-3.19914722130143e-06,-4.99221191288013e-06,1.51024703355682e-06,-1.2335734418053e-06,1.34927522383459e-06,-2.77282473200263e-06,0.00541623373023166,4.83641127314836e-05,1.74890364811629e-06,-9.31918311976203e-07,5.68264536504683e-07,-1.14606855696262e-06,1.5323099267968e-05,1.51430486425115e-05,-7.33281703799876e-08,1.39789978087443e-06,-1.43809623942299e-07,3.11150767301193e-06,-2.08486129364943e-06,-7.22496787367871e-05,-5.18317522785517e-07,1.49672708012601e-06,-1.15970064452968e-07,-1.34216134219337e-05,2.31299304051483e-09,-1.48975180176155e-06,2.67821198414966e-06,5.90691700019439e-08,-8.34297519883199e-07,1.92512929031491e-07,-2.45829088018403e-06,1.52226167895306e-08,4.7881245096217e-08,6.1136874948396e-09,3.54894194594906e-11,-1.95327146602489e-07,-2.79762168959829e-08,4.3169897101072e-05,1.96521966690335e-05,-2.64407419731603e-08,-3.30826395171144e-08,-1.81876081243843e-06,-2.60916568908058e-08,6.60808882393792e-06,-2.78507582696059e-08,-5.49025518924766e-07,3.49774680805618e-06,-8.48898812320335e-07,-6.97403657118398e-06,-1.0357044165558e-06,-1.62210887373553e-06,2.72112359996614e-07,-0.0278165070736482,2.10884821113476e-05,-1.43880952799861e-06,4.85963004704154e-07,-3.99372095571721e-05,-5.1959575367923e-07,-3.24636324829249e-05,-1.10708671760632e-07,1.99842872218021e-07,3.48292290977169e-08,-3.29188009754242e-09,-1.49113040943541e-05,-1.48600358935846e-08,-2.85868982059853e-08,-1.21499227481848e-09,2.16089198122092e-08,-8.85891475363426e-08,-3.0115522437873e-08,2.04067374723895e-07,1.34562054960113e-07,-3.66466100062255e-08,-1.88378515681721e-10,-7.36025833194587e-09,-1.02537618638347e-08,-0.00016250369313546,-6.14813268720135e-06,-2.77620668046046e-05,-2.46884798976366e-09,-0.000662155509033024,-1.33827044214235e-07,-8.31287217950415e-09,4.59640185513518e-12,7.77851236131048e-10,-2.91823590623561e-07,-2.00130830812328e-07,-3.67021104244917e-09,4.19672620146472e-07,9.85938383537568e-08,4.13356528246018e-07,3.55447979644099e-07,-1.8256016267215e-07,-1.77934997850671e-08,-2.03096231148478e-06,-9.44253711952878e-08,1.31308945272845e-06,7.01308379437958e-08,-3.84444855689641e-06,-8.24869423062309e-10,-1.59671816028385e-05,-1.00253092503147e-07,-2.15338308750726e-07,-5.87270564703606e-06,9.38176164732977e-10,-1.57664518458524e-08,4.47208787496504e-09,2.8314497241604e-09,-1.59273095168135e-05,-2.97549040691691e-07,-1.34710338220549e-07,1.51123037939638e-07,3.27645831644017e-08,1.36612960818488e-07,-3.85553151102406e-07,-2.17852295894386e-08,-2.0588169649221e-06,-1.15181085947464e-08,-4.1155849994915e-05,-4.97441497127223e-07,2.70861623664638e-08,5.46210211663617e-09,1.59771742529416e-07,5.81529971319327e-08,-4.96675536342083e-08,-4.46941322385030e-10,-1.63129632125972e-07,1.11380163573808e-16,-1.0316014324885e-09,1.31812211956982e-08,-2.72804650960539e-10,4.87428317334417e-09,1.36504990487817e-07,-1.95101255210614e-09,6.37731714253082e-08,-3.85640468542693e-08,0.000517550355852136,-4.01876326940341e-09,9.49008220369209e-09,-4.81653052576857e-06,3.44699256661573e-09,-3.93770512914895e-07,7.04998502666793e-06,-3.71080135156274e-09,3.27104059658946e-10,-2.04730308897517e-08,4.20672662273487e-08,-7.13362092483425e-07,-0.00104351271759603,0.180451280244755,1.556093417345e-06,-3.75707807310017e-05,2.07459354400675e-05,-1.00765923403042e-06,1.38718521027564e-05,-5.0555383998414e-05,7.02167580478006e-09,6.06843175890906e-05,2.92508573145614e-07,2.23188023204974e-06,5.74881952264379e-09,-2.84711314799395e-06,1.4601159056138e-07,-1.34257605163813e-07,2.07472916058815e-07,-3.94131938553472e-07,2.95332758330936e-07,-2.10501506658273e-08,3.87204592912006e-06,-1.67530048662625e-08,2.75935398850247e-06,-1.83427377896025e-16,-1.00881888737892e-05,-0.00347536972757283,-4.98738409572636e-12,-4.98834795501649e-08,7.32357165217767e-08,-4.51379125658665e-08,-1.27750941512592e-08,1.41860172858407e-09,-6.31501203392717e-08,2.38559796944309e-06,8.72210932937055e-07,-6.67941283981018e-09,3.56914485599842e-06,-1.19942036984999e-05,3.27943188573296e-07,-0.00126562189609089,3.93095110638774e-08,7.10831609335812e-08,1.10724838251425e-09,3.97383067586338e-06,-5.10560739874383e-07,2.24788371682262e-09,-6.98824543531281e-07,8.10551748033318e-08,-2.93446617987942e-07,2.08940684024551e-07,1.85627162576984e-06,9.38404254079911e-08,-2.97477613886295e-08,-1.93103161198212e-07,1.961214082765e-08,-9.19363688723336e-08,2.59794102690193e-07,1.09471118596742e-06,-0.000348660307841103,6.3024596093725e-18,4.88013863607511e-09,1.09588381521667e-08,6.06101594662154e-09,-3.50491186089352e-06,-4.09187455159709e-09,-2.00579263783602e-06,-0.00399022813526918,-1.03582179966228e-06,2.27108727015727e-06,-3.39577960206609e-16,-0.000138871425857909,-4.10432037692582e-10,-2.99992135019149e-07,1.28051899101141e-08,2.41286239234209e-07,-1.56636603423031e-07,-2.5282046032657e-06,6.63523929300893e-07,-6.39930721952422e-08,3.92263421286354e-06,-1.23679119092068e-08,-1.16975110460528e-06,-1.54967890956142e-09,-2.23477113469326e-10,-3.18377935511277e-06,1.7274295057143e-08,-5.80248851972145e-06,-6.84649083189034e-16,-8.69741248607436e-08,6.79072982622073e-09,1.95695131453382e-10,1.71545695132766e-09,-2.60483542027307e-06,-2.00085006017571e-05,4.92617334097212e-08,-1.81230282722631e-07,-1.03497718831763e-07,6.8683074646073e-16,-1.87289014998019e-06,-6.63249748267731e-09,-4.1461162935215e-05,2.96572015213626e-16,4.17783426669098e-07,5.36512853590969e-08,-8.26313499271133e-09,-5.69361002814468e-06,-1.08843928806139e-06,-9.99009570347371e-07,-1.87315070911356e-07,9.83221962810855e-07,4.13683193935864e-08,2.27674974880305e-09,5.20922769463144e-07,1.5777278190559e-08,2.89265319943687e-16,-6.0952139917061e-09,2.24389316878972e-07,9.56583855153739e-08,-5.90373681931581e-07,-5.25244657959651e-16,-1.15452065569795e-08,2.01020398601665e-09,-2.21943277304777e-07,-3.12928627718808e-09,-1.11603808523853e-06,1.05377924468345e-08,-1.32107843612066e-07,6.02502253750461e-07,-8.78961439068649e-16,1.81520016528289e-06,-8.46758405921707e-09,2.38278410122879e-08,2.49013073548597e-06,-3.27157755516987e-09,-3.79139700706907e-07,-3.43388512069609e-15,-5.93529659898909e-15,-0.0300419119967257,-1.94122556463288e-09,2.58855635681107e-10,-2.61531378310244e-07,-9.01043228716344e-17,-7.20326161518632e-07,-2.42063881912263e-08,-2.68749616716992e-15,5.07896240163192e-16,-1.46389026490701e-15,-2.65085818992825e-07,-8.49151403125383e-09,1.44095103534688e-08,-5.81754361513344e-07,-8.51135959515191e-08,-2.02227064667019e-08,9.00999425169988e-09,2.59314802137701e-15,2.98421728860001e-09,-9.53533312635722e-09,-3.00224096536665e-16,3.93389948672509e-15,9.48530660901374e-09,6.08260477983001e-10,7.15897515428902e-09,-1.98269770026702e-06,-9.23253542264316e-09,3.80925913082592e-07,8.47647879369031e-16,1.39552908843261e-07,-3.26099942986055e-15,8.6694442544847e-06,5.94522261282426e-16,1.34852019614147e-08,5.84319456713774e-16,-6.21089218915208e-08,-1.67422063451167e-08,-1.75826389723814e-06,-1.53302518367431e-06,-6.99482440538991e-08,9.3182186058778e-09,-6.78791545101255e-08,-3.70675557857147e-08,-1.78307262437279e-05,-6.81980392350593e-07,-5.34996015654896e-08,2.62612436810771e-07,0.000112843802499675,0.923723305430749,-6.25198575605203e-07,-5.37021927877085e-14,1.48879196339136e-06,-1.54319729405273e-07,4.03031732893677e-08,3.66473635035816e-15,6.66134779957599e-07,1.64164992001976e-06,4.98652004593707e-07,2.13528102246084e-15,-1.17823457775511e-07,-6.06670602881043e-06,4.79050118044862e-16,-7.26674589665217e-08,1.35916138611171e-07,-5.61736142027127e-16,1.35784712378009e-15,-4.79177242112507e-09,-2.69962268338574e-06,-1.52264035705886e-08,-2.1098729018529e-05,7.90445276993243e-07,2.59361944153925e-08,0.00583776081683911,1.03152713545563e-07,-2.58931253989203e-06,2.9522283055694e-15,4.75466243725495e-10,3.46651846211297e-08,9.53006855030932e-08,1.50259547503122e-05,-9.88079094447271e-16,2.82706825092583e-16,1.24611604129253e-06,-6.91658814164602e-16,-2.75319846720089e-15,1.2256449087535e-07,-1.79023016494782e-07,-3.35120233080825e-08,-3.1524823089996e-07,8.44721827655361e-07,2.20587562014805e-07,2.81309687928742e-07,1.94171158756847e-16,2.5410535802899e-05,7.24398866676095e-08,0.00128684745551839,-2.88116024766392e-08,1.14557076322775e-07,1.03687249624137e-16,7.91133523946826e-16,2.06956122294564e-15,-1.06419155098209e-06,-4.89230424235597e-09,-3.1739691408575e-07,-9.26407150086932e-16,-3.79913464446522e-09,-1.20984696997827e-15,7.60927916448985e-16,7.17857480603986e-07,-1.80368300405547e-07,2.23215543271316e-15,-1.62249611135429e-06,-2.35087519449004e-08,-8.67123320041625e-15,6.79842245933899e-08,-2.237312529402e-15,1.15692635885182e-05,-1.23931672330007e-14,1.49967112336651e-05,9.68720924154721e-07,5.84536921166586e-08,0.142747881689794,-0.00114695201453914,5.98732581753598e-09,6.41450390993507e-08,-4.38954778025068e-16,8.90487986901475e-08,-5.19875176405492e-09,1.28984279780915e-16,-7.12241592944961e-10,-1.53828849221119e-08,3.72564904288022e-09,1.45779975085125e-15,1.31376485390949e-08,1.76054663116133e-08,-5.20893920571982e-16,-4.96112962602895e-07,-3.79173638294179e-07,-5.29242655989301e-10,-3.91482207606551e-16,-3.9657396768265e-16,9.82351555727791e-09,2.61089037606298e-05,4.34385378192377e-08,-4.08032820498118e-09,3.30370850188921e-06,6.70363085364604e-16,-2.01261806878681e-16,1.21077586283416e-06,2.14577613382464e-09,-8.1823861743421e-17,2.9259378684301e-05,-2.76951365485726e-16,8.45944005529126e-09,-1.43449658062874e-07,-1.91952923480014e-07,-1.27360932740189e-06,-2.61960123365883e-16,-1.60793389559892e-16,1.64883493343465e-15,1.96765194099007e-16,-9.86434747386109e-10,-3.42235763794466e-09,2.18588612148531e-17,5.66046070064213e-17,-4.68653101907369e-16,4.82011313075195e-09,4.33251633450847e-11,-2.38650833533868e-09,1.129439561224e-16,-9.27697588887222e-16,-4.59159620047611e-17,-1.02376428083615e-07,3.13264788351282e-09,5.57022301011169e-17,5.49407393434731e-10,-1.43696288792211e-08,-3.35083828646148e-16,6.83340336262573e-17,-1.74960815855236e-06,-1.01401181317519e-10,-8.66075491823153e-07,2.93964383708154e-16,5.52175457830415e-09,8.90659101193215e-08,9.54894932949562e-08,-3.55946747490973e-07,-2.11158470189342e-08,3.43545159616076e-10,-2.87521574515504e-16,-7.46605964791425e-16,1.67105267526103e-16,6.50915876282087e-09,-5.89318845657541e-09,-2.30108396248069e-07,-1.74280379009439e-09,-3.97381906624306e-17,1.53462467497107e-16,-7.42965396583435e-16,5.99984811106664e-17,9.5294505182028e-16,8.29999236180357e-09,5.52401296462356e-17,4.42820467068773e-17,-1.12554435491743e-05,1.91272617843413e-16,-2.10059053377949e-07,-3.65170532418942e-16,-1.53897540149993e-07,6.0245495143159e-17,-1.86303870950932e-07,-1.88684855941299e-06,-2.05487526029964e-08,-4.31801754876339e-17,1.26734316181946e-06,-2.59963254615925e-16,1.13334986164327e-07,-1.80258178775538e-08,9.97621024453955e-11,-1.14475255292273e-16,5.49906923818582e-07,-3.98772418586116e-16,-3.97982983136949e-08,-2.03272395508091e-08,1.17006736961732e-16,-2.50570865744571e-16,-2.06924247548263e-16,3.32509216584804e-16,-3.17051953624813e-09,-1.66164625274194e-07,-0.0111772776321899,4.62401910354724e-16,-1.78304053337011e-16,-2.0166992670229e-09,1.64625383019656e-08,-7.69839051632577e-16,-1.61980300626884e-16,-3.30607392173307e-08,-3.45219452168779e-17,-6.40760809050809e-07,-7.91749574561873e-17,5.87043381324047e-08,-1.4117974530969e-16,-5.02278078318623e-16,5.440251757438e-17,2.01090880639546e-16,-8.02718466057041e-17,-4.38038632166296e-16,1.12701132827047e-09,-7.88173482055065e-09,4.34751896536573e-17,-5.22975140194507e-09,2.19665403091071e-07,-4.13283283469508e-16,7.22920793215192e-17,4.07123110279398e-16,7.25215000326027e-16,2.01591388481346e-07,5.4264106182867e-07,-2.42478433740338e-16,3.81630891730184e-17,-3.92587899385893e-08,-1.2680375713948e-08,-1.91951595155017e-10,5.41092602988459e-15,-1.12286389064385e-16,-2.70521201692233e-17,-1.39151294949457e-18,2.49913043075421e-16,2.10093537047928e-17,9.05421102939112e-06,-2.64988731049751e-07,-2.36313887144836e-07,-8.43078091900684e-17,3.32308838903023e-17,-8.48440759263073e-16,-2.36015690813547e-17,-2.80317098247804e-17,4.17352141597395e-16,3.26242969764877e-16,-1.08479058427005e-16,1.93439950950645e-17,-6.74252380178499e-18,1.02001734150103e-16,1.66539372458244e-16,4.30585470904861e-16,-2.11031487736635e-16,7.41778227265796e-10,-1.25414222415064e-16,-3.89301150575622e-16,1.12283785225822e-16,1.04938642097237e-08,-1.29755258322047e-08,-1.97895184066284e-16,-2.70771364182957e-10,9.58098459591977e-09,-5.8218970277243e-17,1.24300852618569e-16,-1.84576205293475e-08,-3.79563045999428e-16,2.3541306209272e-10,4.27869109286941e-17,1.37231079432939e-16,1.56030687339283e-16,3.9991492920565e-17,2.35780155984355e-08,-3.15714258234365e-08,6.97127257850616e-17,-2.56545717004236e-16,2.44011258237889e-17,3.05501294820289e-17,1.94397449526651e-16,3.12594719907591e-17,7.32053863720494e-17,-8.36674672339358e-17,3.7752860878495e-10,-2.11928284929809e-18,-2.9390332898613e-17,3.80006816366278e-16,-5.88436402103766e-17,-1.26603772591925e-16,-2.81696749468513e-17,-8.19695476188349e-08,-3.63941994614096e-18,-4.94033277067505e-17,5.54367583465724e-09,-6.9691390856885e-17,1.52841855370455e-16,-9.64220712380922e-17,-2.09090470888588e-16,4.609782407685e-09,5.89148974698523e-17,-3.47732522932213e-07,-3.34006221814117e-16,1.25448918392448e-16,2.33917505361223e-17,-3.82596311945295e-17,8.4065189125854e-17,-2.84380436230461e-16,5.50355032264489e-09,4.52812771379173e-17,4.34653032448295e-19,6.9446285423114e-10,-6.86446446848989e-07,1.70145263808333e-16,1.18175338923004e-07,1.27025689258007e-05,-5.68011605054493e-17,-3.25235017488806e-16,2.09843796568896e-16,1.32518581785752e-17,-7.22497998306748e-17,-2.12152927652993e-05,3.96606134739864e-17,-6.54004560661626e-17,5.89846673290826e-17,1.81460295270039e-07,-6.10370753022094e-16,-2.82659723776344e-16,3.14395440245418e-16,-2.07208387142881e-16,-8.15292468755695e-07,1.67635644362631e-17,1.43805553981719e-10,1.20164167874623e-16,1.08676117744498e-16,-1.59029874587578e-16,1.49668978692744e-16,1.64561136929491e-17,-2.0374783750887e-16,3.10382678543419e-17,-2.4911069478406e-09,1.70436114807143e-16,1.0943891727903e-16,1.0468624575405e-09,-1.57232590989263e-16,-8.2082736087276e-17,-1.81307372963876e-16,9.05055982392406e-18,-4.48456810893401e-17,1.38316145005351e-17,-7.57936639682895e-09,7.38834165890025e-17,-2.23050149808082e-17,2.25562845831808e-09,-5.65354127382916e-17,-2.66701808788209e-16,1.51145282142911e-16,-1.53534757310137e-16,-2.04257382432791e-16,-8.66564179157593e-17,3.04026825456338e-17,-1.57351190487554e-17,-1.71535636138833e-16,-1.78281611842845e-16,1.91855599561533e-16,-1.18093826419687e-09,3.91509514531236e-09,2.6608631851081e-17,-1.25487884660659e-16,1.15546449871659e-17,-1.06280581489749e-16,1.04424932242941e-15,-4.29064684604515e-18,2.4369249896492e-16,6.5621444613771e-17,-3.72704609943214e-09,7.95365372381809e-17,-1.35088357448228e-17,1.3028355817209e-16,2.22169317088045e-16,4.33441203844895e-10,3.0321694069591e-16,-6.86558866268759e-11,-5.68762080168943e-17,-1.15452126106905e-16,1.99627928032305e-18,-1.47026763375204e-16,2.56156319015503e-18,-2.3794225213507e-17,-1.46926005758131e-16,1.1045684365584e-17,1.7690436199236e-16,-3.79278915046655e-17,2.38570527968195e-16,-4.76067352018394e-18,-6.20343440523598e-17,-8.79641137162018e-17,-1.99267741827655e-16,2.2470546404111e-17,1.1160971204912e-16,2.51448299868141e-16,-7.77086280838797e-17,-2.10307625012648e-16,-2.206351421008e-17,-4.03484216083503e-17,-1.67534109420107e-16,-4.74646294947777e-18,2.41333888765986e-17,0.00041738265953173,4.29933647051148e-17,2.18782870635897e-16,-8.4798929666232e-17,4.15806459595308e-17,9.78502647715918e-17,-5.21663457875454e-18,7.18780278692385e-18,2.64661043893193e-16,7.87833099196365e-17,-1.66852305766324e-16,1.97595845935483e-16,9.12583417885106e-17,-2.79997139558696e-16,3.00001199521851e-17,1.82887824188015e-16,-2.65981153946447e-17,-9.35548945975315e-19,-4.24359809197123e-08,2.79165296773413e-17,-1.64311647716942e-16,-1.71316277087138e-16,4.86730015028039e-17,-6.64300648505688e-17,-7.07412797250913e-17,-7.32079096275503e-17,-8.64761540071301e-17,-1.84116697294773e-17,9.70707303932787e-10,1.08486219917653e-16,-5.23185360038671e-17,-6.77937208319546e-17,-2.19055628671198e-16,-2.76235787830519e-16,9.22776430082049e-17,1.4456607575054e-16,8.55580696183059e-17,4.87766647388456e-16,-2.38781929862573e-16,-3.84113796853889e-17,-3.82053455981378e-16,-1.3447563181708e-16,7.62797355935057e-08,2.19034756803477e-17,7.21691907017724e-17,-2.20555783108384e-17,-3.24176449573166e-16,-1.338421657411e-09,4.63802822058148e-17,4.05788929202641e-17,1.89920638418135e-16,-3.5719294572414e-17,-1.1083232113548e-16,9.19668179164428e-19,1.10576967548896e-16,2.23785932894819e-18,-9.82024146360174e-17,6.62099019851861e-18,2.07495662393598e-17,1.22117017090186e-16,1.24704120472051e-16,6.10874832449468e-17,-9.79391701363268e-17,1.40155678259381e-17,-1.7474092991947e-16
"t419",0.0373070907641585,-0.0116507564511417,-0.0127912704751275,0.000787312910543266,0.00760462118528975,-0.0217863462127319,-0.00309719909385731,-6.88182765576744e-06,-0.0712489562846503,-0.0607536192881012,-0.0720357528989327,0.00104763580743578,-0.00230657435208872,-0.000512605029834572,-0.0157762867357788,0.000426810669074037,0.000294486508739834,-3.70353030301393e-05,-0.0180501027996416,-0.00817273791560058,-1.69748413375279e-05,8.99496904125489e-05,-0.116668951266095,-0.004765137715477,0.000449703972107748,-0.00382212076919438,0.0376577027858687,0.000282700833490991,1.88221068389439e-05,0.00028786063400206,0.137510402650489,0.00129943442549226,-5.15583364189614e-07,0.000779445821274108,-0.00124809194292033,-0.000242372514605599,-1.11652061738876e-05,4.56906639690231e-05,0.014297496713313,-0.0014149460341802,4.57925092893123e-05,-0.0120575949085705,-1.80352173370224e-05,0.00107894493801833,-1.59642800029033e-05,5.00778156343913e-07,-2.34191838198998e-08,-1.0671848071881e-07,0.000157139839804447,-0.000489067324072038,7.89189950950662e-07,-1.308757029597e-06,1.78088285308651e-06,-6.64873021580421e-07,7.44281467197362e-05,-5.87486596269193e-05,3.79885713788266e-05,-4.94352392361966e-05,0.000433903371609005,-8.34625386969044e-07,-8.83266530917553e-07,4.94384048161769e-05,-3.16640669614202e-05,2.43005071314511e-05,-0.0057622448701703,3.29378895142674e-06,-2.89647982856384e-05,9.59141869019294e-05,-2.4015876748408e-05,0.000115349821252498,-1.45590457307374e-06,6.14476585293275e-06,-2.32697856193774e-05,-1.89637270069341e-05,8.24151004714359e-06,7.93732856335087e-06,-8.57339599624987e-05,1.7763705605173e-05,-0.0931496222697054,0.00189506636871518,-4.33032341209994e-05,-0.00304351596635011,0.0236503547280258,-4.8785668772382e-05,-8.46223131796247e-05,-2.24704644746866e-05,3.32317445279965e-06,5.65666121880306e-05,1.05566786947971e-07,-4.22321500317263e-06,4.17481042999648e-05,-1.77247059199998e-08,-1.18877934426142e-05,8.45397494255203e-06,1.08271551875217e-06,1.16178810582764e-06,1.35958684745342e-07,-5.56351261347431e-07,5.53081157705614e-06,5.55056052662661e-05,-3.59437923952196e-08,1.05174076320297e-09,-4.19053932327187e-07,0.000108898350327929,-0.20652800393008,-4.95764235016884e-06,0.000534841719206231,-6.1256841227131e-07,0.0009183264699157,-1.12960085659223e-07,-3.64384027547854e-06,-5.69455300538073e-06,1.72302394412543e-06,-1.41287150808692e-06,1.54668178944883e-06,-3.18433906568765e-06,0.00622518681048326,5.57140194075454e-05,2.01910700405975e-06,-1.07768600902776e-06,6.57771841989317e-07,-1.33093475987278e-06,1.78326548837417e-05,1.76245532477629e-05,-8.53706766519401e-08,1.63104698531611e-06,-1.678254246823e-07,3.63800367817488e-06,-2.45095114614604e-06,-8.49414981447115e-05,-6.09639510753486e-07,1.76693061416703e-06,-1.37005313934814e-07,-1.58644253509538e-05,2.73987264296206e-09,-1.7652252060012e-06,3.18803045135679e-06,7.05753494203885e-08,-1.00191975351674e-06,2.31225047381628e-07,-2.95522330171986e-06,1.83080183072764e-08,5.76277186635726e-08,7.36019435183813e-09,4.27260820997085e-11,-2.35620013430348e-07,-3.38816435558316e-08,5.2495655725815e-05,2.39219115156178e-05,-3.22579361527691e-08,-4.03683577293351e-08,-2.22121573269628e-06,-3.1881392537549e-08,8.0790925380863e-06,-3.42325674759089e-08,-6.75409653737952e-07,4.30553544357379e-06,-1.05965053768943e-06,-8.73552171441327e-06,-1.2979894091201e-06,-2.03888828897363e-06,3.4223514568245e-07,-0.0351181036611267,2.66363884631442e-05,-1.82413856321686e-06,6.18354202825e-07,-5.13624178709402e-05,-6.6849534534046e-07,-4.17707537811066e-05,-1.42658182299075e-07,2.57961488616613e-07,4.49695436137253e-08,-4.26493837645721e-09,-1.93399485273887e-05,-1.93187983344441e-08,-3.71859415944724e-08,-1.58093576859619e-09,2.82727896125157e-08,-1.16577748796023e-07,-3.96696835392754e-08,2.69064057284591e-07,1.77923042313822e-07,-4.85085237876636e-08,-2.49621167351196e-10,-9.76299844640093e-09,-1.36476213249086e-08,-0.000216474315422629,-8.25091495598333e-06,-3.72664371215523e-05,-3.32236394652412e-09,-0.000897287388535346,-1.82411493047061e-07,-1.1353815796396e-08,6.29690751722624e-12,1.06806452885765e-09,-4.03451938034808e-07,-2.77098566131126e-07,-5.09789152635754e-09,5.83853098293502e-07,1.38884003726309e-07,5.82619116698931e-07,5.0369157300907e-07,-2.60078838800305e-07,-2.56798146460416e-08,-2.93128876505494e-06,-1.36449275445778e-07,1.9045460834563e-06,1.0198428728337e-07,-5.62955461763786e-06,-1.21844741916972e-09,-2.37537012900558e-05,-1.49471875297887e-07,-3.24304468071376e-07,-8.89463517606873e-06,1.42114832611033e-09,-2.39894539924251e-08,6.88273750023950e-09,4.36741168956216e-09,-2.48635588371683e-05,-4.68426708809109e-07,-2.12697648632199e-07,2.41562239947308e-07,5.25278130907655e-08,2.19731946670277e-07,-6.2640237094082e-07,-3.54668201363434e-08,-3.35348782197751e-06,-1.8973230399634e-08,-6.82652388924119e-05,-8.31566463555403e-07,4.54416033064703e-08,9.1977610939092e-09,2.69988573470467e-07,9.83672355365152e-08,-8.47980114751658e-08,-7.67555789824234e-10,-2.81954843821689e-07,-1.42094134989716e-16,-1.79974045887664e-09,2.3039385434187e-08,-4.83155164250698e-10,8.72241161143656e-09,2.46395049513935e-07,-3.52347120450188e-09,1.17077196279196e-07,-7.09958315770129e-08,0.000954036133803508,-7.45431139514397e-09,1.76777792225671e-08,-9.04252216366886e-06,6.49405220496466e-09,-7.42930550566079e-07,1.34080005303392e-05,-7.30588870030756e-09,6.52254014796468e-10,-4.12669664969119e-08,8.68641948632873e-08,-1.47559564304021e-06,-0.00219652241176335,0.383651264182882,3.35675315297755e-06,-8.14302570410275e-05,4.51891956789586e-05,-2.210278447193e-06,3.07480447736214e-05,-0.000112195175948577,1.60162484473107e-08,0.00013850818992319,6.68114848647551e-07,5.13700912922322e-06,1.32698634795747e-08,-6.63286313992669e-06,3.40749599221543e-07,-3.32238837207332e-07,5.1691312500447e-07,-9.87309355111876e-07,7.49208726299663e-07,-5.39516044565595e-08,1.01626249850217e-05,-4.42818548697373e-08,7.33482871738877e-06,5.93226894649531e-16,-2.73508944927166e-05,-0.00944728051638997,-1.36758397328389e-11,-1.39680992405918e-07,2.08903964955793e-07,-1.29914419804315e-07,-3.69337762947316e-08,4.35637539898146e-09,-1.9471814089988e-07,7.36391134039254e-06,2.74367555505622e-06,-2.22308722493068e-08,1.20011288552667e-05,-4.0621174755939e-05,1.13789515110068e-06,-0.00485506402531889,1.57953933683976e-07,2.86425962115005e-07,4.46532071903128e-09,1.82304691185373e-05,-2.80603452013428e-06,1.26825570516224e-08,-4.10341015396962e-06,5.00942294648005e-07,-1.8435000630834e-06,1.52591209412104e-06,1.3726829444167e-05,7.10346248177446e-07,-2.28895368356464e-07,-1.5714290446078e-06,1.70558824773545e-07,-8.54275331092671e-07,2.48885837519144e-06,1.1072685946787e-05,-0.00400794235294577,3.40451028218258e-16,4.32253323937695e-07,3.21322779232448e-06,-7.13689175152227e-07,0.000396177415838047,4.43751622919735e-07,0.000164930783138701,0.225070281824883,4.24719391595827e-05,-5.97011671959296e-05,3.05565188424498e-16,0.00198285619196726,5.54050002292782e-09,3.62352675494225e-06,-1.52744901429045e-07,-2.28263239238833e-06,1.32785633061191e-06,1.86560191439369e-05,-4.49070232022563e-06,3.66349413810349e-07,-1.96122617454241e-05,5.71323358486588e-08,5.17909344811199e-06,6.68748520173882e-09,9.22567131033964e-10,1.30805295159254e-05,-6.8846422373984e-08,2.25973100064304e-05,-1.65371888880146e-16,2.88445250215053e-07,-2.18333242528153e-08,-6.29003798740472e-10,-5.06735615195529e-09,7.60030203413372e-06,5.06248990307637e-05,-1.19974168731581e-07,4.38113795590253e-07,2.43348596448091e-07,1.61837213792206e-16,4.2688828283063e-06,1.49459063604868e-08,8.9593857319842e-05,-3.22321745138218e-16,-8.63798277241314e-07,-1.09798162156893e-07,1.68215547183881e-08,1.14655222560045e-05,2.15265538137395e-06,1.94944487862413e-06,3.61731337263252e-07,-1.84168440933227e-06,-7.72104253744561e-08,-4.16262235525846e-09,-9.19020459043924e-07,-2.77844073550669e-08,-2.67281243464376e-16,1.00301080483512e-08,-3.65014681023264e-07,-1.51742634094654e-07,9.02023783914825e-07,2.51543061390374e-16,1.63092850540901e-08,-2.60953786357376e-09,2.7767238122058e-07,3.8490878225206e-09,1.34530755552669e-06,-1.22413862832606e-08,1.44707028256339e-07,-5.74064700798982e-07,1.85176508259565e-16,-1.53802885449098e-06,7.10318819155441e-09,-1.95771210274266e-08,-1.98817482253732e-06,2.60639284811585e-09,2.99633643224812e-07,7.32053306862213e-16,1.18386498347193e-15,0.0226759996207098,1.40848930061483e-09,-1.86899663357431e-10,1.82324494574097e-07,-1.31602381469282e-19,4.65477481580141e-07,1.51292275597942e-08,7.89231623493157e-17,6.83615689434328e-17,6.1898545550613e-17,1.49416888278254e-07,4.72410519309574e-09,-7.66367501480304e-09,2.97860718109415e-07,4.33851172009381e-08,9.89956407711763e-09,-4.39012957820238e-09,-7.54507225882329e-16,-1.33990584031771e-09,4.15976296601477e-09,3.27052990052193e-16,-1.05321681150541e-15,-3.6950258837376e-09,-2.30537901230566e-10,-2.6151186467612e-09,7.06519810905416e-07,3.13652456837873e-09,-1.28411745328718e-07,-1.86270339185977e-17,-4.65476667064692e-08,1.07495137740829e-15,-2.80443476574658e-06,-4.38885039422132e-16,-4.26446868640423e-09,-1.22125008024943e-16,1.90798818327991e-08,5.11306005399248e-09,4.964161623929e-07,4.25558291121797e-07,1.92799445733083e-08,-2.48993534973627e-09,1.76522323918243e-08,9.04266541238765e-09,4.34733112075789e-06,1.62995218125487e-07,1.23241538358701e-08,-5.75403643546735e-08,-2.36873820253814e-05,-0.187369373883716,1.24673147952428e-07,1.08818623196315e-14,-2.81392647533286e-07,2.76659126867736e-08,-6.17191749777232e-09,-9.26971198030135e-16,-9.72113473629071e-08,-2.22198713841339e-07,-6.52912128982348e-08,-4.40652764262375e-16,1.51622237076431e-08,7.2745940783171e-07,-9.47470031734509e-17,8.40577116468695e-09,-1.24087978476923e-08,1.63605217631588e-16,-1.72667381600843e-16,3.9404788300157e-10,2.19838030579399e-07,1.1831674734661e-09,1.54823747549524e-06,-5.04356138040865e-08,-1.63377896833465e-09,-0.000361028419208838,-5.11527248296167e-09,1.03361826362105e-07,-8.9826149990424e-17,-1.72763796873675e-11,-1.23838038523292e-09,-3.20074002412252e-09,-4.6628113679519e-07,-2.00891421166345e-17,1.54569729745731e-16,-3.43487286785946e-08,1.36428708491282e-16,5.72933353176738e-16,-8.03185053855247e-10,5.46280318906522e-10,9.98094736856391e-11,-1.43489446349858e-09,4.69550119943292e-09,1.27360292508436e-09,2.01397216358095e-09,1.38757522921201e-16,5.48038315633439e-07,1.77982722278236e-09,3.28862596745529e-05,-8.76689949010649e-10,4.486892595706e-09,4.8165939781904e-16,-3.7073828333495e-16,-3.51681200929224e-16,-5.47268798202535e-08,-2.76979059013839e-10,-1.80939597157977e-08,-2.84123400246536e-17,-2.35363319770335e-10,1.81868145778315e-16,-4.43166946862384e-16,5.96203822893815e-08,-1.50268030364337e-08,-5.31259064517897e-18,-1.43330742875106e-07,-2.14502552974667e-09,-1.35004586638356e-15,6.60352605043563e-09,3.90778476900204e-17,1.20482271658893e-06,-1.9258577051225e-15,1.57113102324626e-06,1.01956784682122e-07,6.18410994070791e-09,0.0152104985427787,-0.000124170221245535,6.86306686855558e-10,7.9157224267294e-09,-8.73904802593462e-17,1.19474408791141e-08,-7.03423800969477e-10,4.42703541620702e-16,-9.74484798524775e-11,-2.14697865346699e-09,5.29188416378088e-10,-6.14680790321219e-16,1.97597183600578e-09,2.67695816099446e-09,1.02957611774377e-16,-7.65195105881365e-08,-5.88910134440133e-08,-8.43085922648336e-11,-3.58913488064224e-16,7.16718922732835e-16,1.65698583283939e-09,4.50776401359427e-06,7.53513513926847e-09,-7.78195499203697e-10,6.39337825799672e-07,1.10612712848556e-16,-2.66596327289009e-16,2.3665246387887e-07,4.19929590898185e-10,5.36121113805405e-16,5.82157131604554e-06,3.49143619510723e-16,1.70983354054488e-09,-2.96165055807565e-08,-3.96896981214175e-08,-2.648870970464e-07,-2.2270972978674e-16,-6.39141989847635e-17,-7.31755068747575e-16,-3.08630556071063e-16,-2.15993039660314e-10,-7.52478581833191e-10,-1.1062154297197e-15,-1.28551196496198e-15,1.3591678376474e-16,1.07568109115074e-09,9.73085329365043e-12,-5.45337904120973e-10,-1.31808270559226e-17,4.90655693158315e-16,-5.87583367378519e-16,-2.47824490059657e-08,7.5981774971534e-10,-5.98276528036084e-16,1.36253286535669e-10,-3.59573404322996e-09,-2.008213667166e-16,2.88896112223071e-16,-4.47157201947954e-07,-2.59603185775803e-11,-2.24502303243898e-07,-8.8517335635601e-16,1.46160517121645e-09,2.38511317271534e-08,2.59920846213856e-08,-9.91041596706732e-08,-5.91541197506674e-09,9.73655524523799e-11,-6.81580215215568e-16,-1.07019035649989e-15,-1.76358381528359e-15,1.97835498641564e-09,-1.79317896240775e-09,-7.06895204452069e-08,-5.63736373021391e-10,9.38125050105972e-16,-1.48053943571795e-15,-6.07972199121103e-17,2.06042737507941e-16,6.45408140969379e-17,2.85828311777556e-09,-7.31235511182795e-16,-6.58891363795113e-16,-3.98665390923251e-06,-1.22935368225821e-15,-7.45196993793106e-08,-5.0714703519152e-16,-5.47419906529679e-08,-8.55382734222432e-16,-7.01463294459452e-08,-7.21400217512265e-07,-8.0562782962241e-09,5.87493580818092e-17,5.14198517927384e-07,-3.77060725421368e-16,5.04759005457204e-08,-9.70639531076734e-09,5.43259539545009e-11,-4.90537326502399e-15,3.39673124724657e-07,3.41894510181876e-15,-3.45148777304103e-08,-1.80727814900624e-08,4.84136925376066e-15,-5.53405460599608e-15,-6.92331761028318e-15,1.22289707297703e-14,-6.03003807979803e-09,-5.28352568272928e-07,-0.400835624802809,2.65337142136229e-15,-6.31105068167404e-15,7.60661023730214e-10,-5.72858189834199e-09,-8.89225187518123e-15,-4.66162907017237e-15,-2.86660567200936e-10,-9.48900575505123e-16,-2.56754499055855e-08,-7.71575664998182e-16,6.07390145504133e-09,-1.06225787026427e-15,-6.89908632780822e-15,-2.10234240784351e-15,1.14358975708722e-15,-1.02183325369684e-15,-1.17745103115618e-15,1.9542011924658e-10,-1.37179112107251e-09,5.81222655872833e-15,-9.9184074075198e-10,4.29237328433063e-08,1.04805367708699e-15,4.20156284450121e-15,-1.08455826140166e-14,-1.92624666164172e-14,4.36136952430161e-08,1.19664299533491e-07,-1.23026440617403e-14,-3.84403395889461e-14,-8.83007855471482e-09,-2.85908040602905e-09,-4.35881301096203e-11,-0.707106781186553,8.20673145473937e-14,1.12953189014581e-14,3.61715282375772e-15,1.41830930255618e-16,-2.09662790422972e-15,2.284373512414e-06,-6.73778517485981e-08,-6.05370220009838e-08,-9.8035598408373e-15,-3.80588003454543e-16,-5.74833976391654e-15,1.34488192242607e-15,-3.0456086785336e-15,2.15637589723434e-15,2.06877839163863e-15,-5.46648050791148e-16,-2.03011604614365e-15,-6.7037913013405e-18,-1.52056915098922e-15,1.28464639881615e-15,4.02634458599993e-15,1.02460983344145e-15,2.09824726123861e-10,-8.42236097393794e-16,-4.41438310632643e-15,1.37720187002756e-15,2.99956695149244e-09,-3.71764672527312e-09,-2.27992096606572e-16,-7.76890163087253e-11,2.78239361330683e-09,1.44671209019332e-15,-6.99950260586349e-15,-5.43696989668082e-09,1.45281527836147e-16,7.0487027325028e-11,-2.29580561889308e-16,9.61692557752509e-16,3.66065427438413e-16,5.39097012220447e-16,7.22912262215943e-09,-9.69476795739481e-09,-5.31032981677886e-16,7.42108788927096e-16,9.76139047119332e-16,-1.84778922241224e-15,2.55654872272082e-16,1.79841663795448e-16,8.70518763953008e-16,-1.74098685045284e-15,1.24202434210874e-10,-1.5482665488189e-15,-7.00294188198344e-16,-2.49039529111821e-17,-4.51633405991793e-16,-1.36927621136071e-15,3.72353712924204e-16,-2.7315721612209e-08,2.2418092607937e-17,2.88472256766888e-16,1.85164891975652e-09,1.46463729129354e-15,1.47494103156784e-16,-3.0470316901653e-17,-3.65498187202108e-17,1.57997107329944e-09,7.54590498762029e-16,-1.19708626670681e-07,-3.87491626544103e-16,-7.88389686761925e-17,-1.34341151832563e-15,1.15030176495303e-15,6.21727785261763e-16,-1.97359151255212e-16,1.91135866000763e-09,-1.50332566658849e-15,9.48311897534434e-17,2.42777691889409e-10,-2.40054332853782e-07,-8.58556367509735e-17,4.1557114212747e-08,4.47465391786288e-06,8.10342374743463e-16,2.82798901979829e-16,6.31211329563033e-16,-1.68973963222634e-16,-1.18353417988842e-16,-7.65896756793044e-06,-1.40448898578105e-16,1.24172587164633e-15,2.6946529973369e-16,6.59061632643504e-08,-6.53922990234302e-16,-2.66950086335767e-17,-2.68453108426118e-16,2.73440154005004e-16,-2.98440999629477e-07,-5.34980981579032e-16,5.27656402387419e-11,-4.32336438536883e-16,7.31712558007731e-17,3.89061021334402e-17,6.72880471732061e-16,7.16095469783834e-17,-1.65725638853663e-16,-1.21338205467791e-17,-9.25416060303192e-10,3.2177585611111e-16,-6.51671539457946e-16,3.90064722672718e-10,2.31698097842077e-16,2.09838203423112e-16,-2.93988738315816e-16,6.97971458119748e-17,-3.55848884026929e-16,2.20911817865988e-16,-2.85038444202578e-09,9.83850319161335e-17,5.93772190992605e-17,8.51742087722395e-10,-2.23130172115394e-16,-2.75288136678893e-18,-1.30168587797095e-16,5.59526580805904e-16,-2.30144698454056e-16,8.68277074387795e-16,-2.57915782948359e-16,-3.82044295675535e-16,6.63033611016704e-17,2.78013301087802e-17,-5.4385769501926e-16,-4.52519383094200e-10,1.50279988721991e-09,-1.72558854547969e-16,-2.61709824158745e-16,1.20022998928067e-16,4.19473727928151e-17,-8.53538160289213e-16,-3.30689547834198e-16,3.67748329088259e-16,-1.23356445903363e-16,-1.44336767989922e-09,5.30233711943866e-16,-4.45877315189903e-16,-3.15048196777894e-16,-2.55263889106977e-16,1.69101627832633e-10,2.10139167238968e-16,-2.7004654842153e-11,4.02946474546283e-17,3.05990648049224e-16,2.54282453635857e-16,5.44597790559771e-17,7.52618778478413e-17,5.66931138492179e-16,4.4121807906777e-16,-5.01579688903035e-16,-3.01380757031831e-17,-2.4523099620712e-16,-2.28990700236492e-16,8.43926780691676e-17,1.15835556232358e-16,-4.78205396188848e-17,-1.11130317571271e-16,8.85977566678189e-17,7.3978139437917e-17,-1.48814339973086e-16,-5.07077396590919e-16,-1.26235357153355e-16,-2.61455353894879e-16,8.9278289475937e-17,1.29613908280516e-16,-5.66244010456141e-17,-3.12244376350589e-17,0.000168937612373984,5.48817081510705e-17,9.16329267060297e-17,3.28902785245502e-18,-3.65157051173615e-17,-4.14477550214583e-17,-1.80997403142398e-16,-1.80541969203626e-16,-2.2772909270908e-16,1.00927616218756e-16,-2.28432257474507e-17,-7.66043044969633e-16,4.90990192104748e-16,5.03265668646731e-17,1.68686194199098e-16,8.32942701659471e-17,3.16034136279841e-16,-3.4040398059278e-16,-1.7491585672372e-08,1.73858648722135e-17,1.6173880964522e-16,1.26695669406118e-16,1.68570409971155e-16,3.04568395814547e-16,-3.98386718396828e-17,-2.3084713809509e-16,-2.25345359314583e-16,-2.20946699025387e-17,4.07342441953155e-10,3.17657425786964e-18,-5.4088108017259e-17,1.03253732219391e-16,-3.61436714018353e-16,4.02776532509856e-16,8.35752943662464e-17,-3.75394965454409e-17,-2.40189458476691e-16,1.45124747863981e-16,-1.4273274198129e-16,1.83511099845959e-16,3.18828429022076e-16,1.27739742627654e-16,3.2564385931695e-08,-5.99633711509091e-17,2.52095785947914e-16,-7.71549062828896e-17,-4.22188325965855e-16,-5.75827812697354e-10,1.18395064624166e-16,-2.95707254023404e-16,-7.48515357475785e-17,-1.92414036230016e-16,-9.97790432051798e-17,3.62304042330525e-17,-2.07495734786332e-16,1.13717059511609e-16,-1.17048493076215e-16,1.10836032047604e-16,-6.71917190758986e-17,1.10324982609108e-16,2.88112817640881e-16,1.05724410653297e-16,-5.4175871599171e-17,2.64644486056997e-16,-1.61184416387254e-16
"t420",0.0373070907641585,-0.0116507564511417,-0.0127912704751275,0.00078731291054327,0.00760462118528975,-0.0217863462127319,-0.00309719909385731,-6.88182765576434e-06,-0.0712489562846503,-0.0607536192881011,-0.0720357528989327,0.00104763580743579,-0.00230657435208873,-0.000512605029834571,-0.0157762867357788,0.000426810669074043,0.000294486508739845,-3.70353030301397e-05,-0.0180501027996416,-0.00817273791560058,-1.69748413375216e-05,8.99496904125557e-05,-0.116668951266096,-0.004765137715477,0.000449703972107719,-0.00382212076919439,0.0376577027858688,0.00028270083349101,1.88221068389328e-05,0.000287860634002066,0.137510402650489,0.00129943442549229,-5.15583364190698e-07,0.000779445821274143,-0.00124809194292033,-0.000242372514605624,-1.11652061738557e-05,4.56906639690114e-05,0.014297496713313,-0.00141494603418021,4.57925092892944e-05,-0.0120575949085705,-1.80352173370327e-05,0.00107894493801834,-1.59642800029443e-05,5.00778156337924e-07,-2.34191838332109e-08,-1.06718480671263e-07,0.00015713983980444,-0.000489067324072039,7.89189950952085e-07,-1.30875702959642e-06,1.78088285306532e-06,-6.64873021557436e-07,7.44281467197337e-05,-5.87486596269191e-05,3.79885713788346e-05,-4.94352392361611e-05,0.00043390337160899,-8.34625386985144e-07,-8.83266530914233e-07,4.94384048161176e-05,-3.1664066961426e-05,2.43005071314507e-05,-0.00576224487017031,3.29378895138266e-06,-2.89647982856158e-05,9.5914186901914e-05,-2.40158767483933e-05,0.000115349821252508,-1.45590457307895e-06,6.14476585291432e-06,-2.32697856193504e-05,-1.89637270069208e-05,8.24151004714047e-06,7.93732856335953e-06,-8.57339599625193e-05,1.77637056051615e-05,-0.0931496222697056,0.00189506636871517,-4.33032341210019e-05,-0.00304351596635011,0.0236503547280258,-4.87856687723873e-05,-8.46223131796139e-05,-2.24704644746829e-05,3.3231744528105e-06,5.65666121880481e-05,1.0556678695946e-07,-4.22321500315051e-06,4.1748104299948e-05,-1.77247059343112e-08,-1.18877934425999e-05,8.4539749425373e-06,1.08271551875341e-06,1.16178810583323e-06,1.35958684736008e-07,-5.56351261367154e-07,5.53081157705667e-06,5.55056052662791e-05,-3.5943792393103e-08,1.05174077123009e-09,-4.19053932301637e-07,0.000108898350327917,-0.20652800393008,-4.95764235017576e-06,0.000534841719206284,-6.12568412265331e-07,0.000918326469915717,-1.12960085649791e-07,-3.64384027552281e-06,-5.69455300536269e-06,1.72302394410721e-06,-1.41287150806396e-06,1.54668178944289e-06,-3.18433906565664e-06,0.0062251868104833,5.5714019407541e-05,2.01910700403647e-06,-1.07768600903678e-06,6.57771842028098e-07,-1.3309347598056e-06,1.78326548837381e-05,1.7624553247743e-05,-8.53706765906149e-08,1.63104698518412e-06,-1.6782542454569e-07,3.63800367823606e-06,-2.4509511461419e-06,-8.49414981446819e-05,-6.09639510728494e-07,1.7669306140927e-06,-1.37005313994205e-07,-1.5864425350981e-05,2.73987262443369e-09,-1.76522520604462e-06,3.18803045136141e-06,7.05753494533178e-08,-1.00191975349499e-06,2.31225047370209e-07,-2.95522330170737e-06,1.8308018311223e-08,5.76277186551987e-08,7.36019435080729e-09,4.27259804667662e-11,-2.35620013439313e-07,-3.38816435381987e-08,5.24956557258767e-05,2.39219115155889e-05,-3.22579361312722e-08,-4.03683577786121e-08,-2.22121573273554e-06,-3.18813925296505e-08,8.07909253801856e-06,-3.42325674442012e-08,-6.7540965373706e-07,4.3055354436141e-06,-1.05965053767517e-06,-8.73552171440339e-06,-1.29798940913181e-06,-2.03888828897848e-06,3.42235145702635e-07,-0.0351181036611275,2.66363884631601e-05,-1.82413856324287e-06,6.18354202786484e-07,-5.13624178710059e-05,-6.68495345944641e-07,-4.17707537811332e-05,-1.42658182305704e-07,2.57961488707363e-07,4.49695435949666e-08,-4.26493852980956e-09,-1.93399485273484e-05,-1.93187983760677e-08,-3.71859416554555e-08,-1.58093574084784e-09,2.82727895844076e-08,-1.16577748862275e-07,-3.96696834470607e-08,2.69064057314304e-07,1.77923042298792e-07,-4.85085240544421e-08,-2.49621059445397e-10,-9.76299808026648e-09,-1.36476210393751e-08,-0.000216474315422638,-8.25091495613676e-06,-3.72664371214783e-05,-3.32236380780045e-09,-0.000897287388535471,-1.82411493174985e-07,-1.13538157641476e-08,6.2966428074086e-12,1.06806437014554e-09,-4.03451938540788e-07,-2.77098565649799e-07,-5.0978915273367e-09,5.83853098077743e-07,1.38884003661057e-07,5.82619116935427e-07,5.0369157300732e-07,-2.60078838857749e-07,-2.56798146325367e-08,-2.93128876551418e-06,-1.36449275411602e-07,1.90454608378522e-06,1.0198428721615e-07,-5.62955461757923e-06,-1.21844730450837e-09,-2.37537012902202e-05,-1.49471875317661e-07,-3.24304468107615e-07,-8.89463517605709e-06,1.42114831110475e-09,-2.39894539325371e-08,6.88273746151823e-09,4.36741141857617e-09,-2.48635588374836e-05,-4.68426708514159e-07,-2.12697648694212e-07,2.41562239936401e-07,5.25278133130495e-08,2.19731946656566e-07,-6.26402370906772e-07,-3.5466820131574e-08,-3.35348782194503e-06,-1.89732302264209e-08,-6.82652388926853e-05,-8.31566463697393e-07,4.5441603354733e-08,9.1977612437092e-09,2.69988573601749e-07,9.8367235505468e-08,-8.47980114850662e-08,-7.67555726750243e-10,-2.81954843808727e-07,-1.86800173999983e-16,-1.7997405401178e-09,2.30393855005402e-08,-4.8315537818536e-10,8.72241168716532e-09,2.46395049583941e-07,-3.52347118410469e-09,1.17077196218798e-07,-7.09958315665876e-08,0.000954036133803582,-7.45431147426032e-09,1.76777790794914e-08,-9.04252216361842e-06,6.49405213448743e-09,-7.42930550688005e-07,1.34080005305745e-05,-7.30588888396389e-09,6.52254133408185e-10,-4.12669664662665e-08,8.6864194838418e-08,-1.47559564296372e-06,-0.00219652241176337,0.383651264182886,3.35675315285475e-06,-8.14302570411035e-05,4.51891956791478e-05,-2.21027844693501e-06,3.07480447737144e-05,-0.000112195175948672,1.60162485314358e-08,0.000138508189923179,6.68114848451995e-07,5.1370091292618e-06,1.3269863426803e-08,-6.63286313966257e-06,3.40749598924869e-07,-3.32238837139163e-07,5.16913125013046e-07,-9.87309354588541e-07,7.49208726391428e-07,-5.3951604568611e-08,1.0162624984884e-05,-4.42818548961603e-08,7.33482871733822e-06,4.43135250888144e-16,-2.73508944926386e-05,-0.00944728051638986,-1.36759708705208e-11,-1.39680992359009e-07,2.08903965119477e-07,-1.29914419849836e-07,-3.69337760978318e-08,4.35637512415019e-09,-1.947181405616e-07,7.36391134027335e-06,2.74367555508422e-06,-2.22308724565897e-08,1.20011288554859e-05,-4.06211747561759e-05,1.13789515114137e-06,-0.00485506402531868,1.57953933448488e-07,2.86425961958126e-07,4.4653208420379e-09,1.82304691184185e-05,-2.80603452029187e-06,1.26825571289228e-08,-4.103410153977e-06,5.00942294622117e-07,-1.84350006305233e-06,1.525912094129e-06,1.37268294440897e-05,7.10346248507564e-07,-2.28895368232297e-07,-1.57142904458261e-06,1.70558824569529e-07,-8.54275330795512e-07,2.48885837525453e-06,1.10726859467693e-05,-0.0040079423529462,3.78942096571043e-16,4.32253323801845e-07,3.21322779210842e-06,-7.13689175292197e-07,0.000396177415837963,4.4375162290519e-07,0.000164930783138696,0.225070281824887,4.24719391597535e-05,-5.97011671961355e-05,2.62200758590017e-16,0.00198285619196721,5.54050004366937e-09,3.62352675474671e-06,-1.52744901099176e-07,-2.28263239225412e-06,1.32785633095296e-06,1.86560191442108e-05,-4.49070232037811e-06,3.66349414005748e-07,-1.96122617453591e-05,5.71323357845042e-08,5.17909344826429e-06,6.68748531239181e-09,9.22567390754594e-10,1.30805295160866e-05,-6.88464222221865e-08,2.2597310006961e-05,2.76264170282842e-16,2.88445250323169e-07,-2.1833324160116e-08,-6.29003819287155e-10,-5.06735612260234e-09,7.60030203436757e-06,5.06248990306426e-05,-1.199741687987e-07,4.38113795381262e-07,2.43348596079077e-07,-1.00972475016966e-16,4.26888282836732e-06,1.49459060023091e-08,8.9593857319843e-05,-4.14550214961328e-16,-8.6379827709255e-07,-1.09798162161477e-07,1.68215549056762e-08,1.14655222558936e-05,2.15265538140017e-06,1.94944487862684e-06,3.6173133726184e-07,-1.84168440938885e-06,-7.72104254656274e-08,-4.16262217341836e-09,-9.19020459208938e-07,-2.77844071736121e-08,-5.29406942248253e-17,1.00301076405366e-08,-3.65014681021084e-07,-1.51742634041061e-07,9.02023783614872e-07,3.54239403593765e-16,1.63092850983724e-08,-2.60953795513464e-09,2.7767238106126e-07,3.84908771377006e-09,1.34530755533322e-06,-1.22413864943453e-08,1.44707028230252e-07,-5.74064700974923e-07,4.33134428670845e-16,-1.53802885474943e-06,7.10318789865719e-09,-1.95771209517818e-08,-1.98817482244128e-06,2.60639279937638e-09,2.9963364280114e-07,5.160802341031e-16,1.27997626451481e-15,0.0226759996207082,1.40848980203123e-09,-1.86900044112055e-10,1.82324494487146e-07,-9.70851756907424e-17,4.65477481100017e-07,1.51292276564134e-08,3.78298809728667e-16,-2.75052745733645e-16,5.08973778914321e-16,1.49416888471922e-07,4.72410530639056e-09,-7.66367506915697e-09,2.97860718141922e-07,4.33851174892969e-08,9.89956371273115e-09,-4.39012922778025e-09,-5.0291905662195e-16,-1.33990552714714e-09,4.15976337816449e-09,1.68533854494973e-16,-5.91464106285805e-16,-3.69502630913395e-09,-2.3053742439651e-10,-2.61511876232476e-09,7.06519810773325e-07,3.13652478973191e-09,-1.28411745474331e-07,2.52018389042383e-17,-4.65476669362673e-08,4.34866020868521e-16,-2.80443476593057e-06,8.43780340736844e-17,-4.26446883708695e-09,-1.96962204848322e-16,1.90798822268584e-08,5.11306050352182e-09,4.96416162439867e-07,4.25558291076216e-07,1.92799441898012e-08,-2.48993524908782e-09,1.76522323034989e-08,9.0426654990031e-09,4.34733112091187e-06,1.62995218004928e-07,1.23241534272054e-08,-5.7540364569823e-08,-2.36873820251784e-05,-0.187369373883725,1.24673147708622e-07,1.0902874556797e-14,-2.81392647647074e-07,2.76659129247477e-08,-6.17191694295489e-09,-9.10552552172845e-16,-9.72113471668391e-08,-2.22198714592493e-07,-6.52912126079644e-08,-6.95689895960544e-16,1.51622238045127e-08,7.27459407503104e-07,-5.17349268691907e-16,8.40577136571474e-09,-1.24087977403117e-08,1.12699722897765e-16,-3.01028854129349e-16,3.94048162834153e-10,2.19838030900837e-07,1.18316717632376e-09,1.54823747519926e-06,-5.04356135422738e-08,-1.63377956175746e-09,-0.000361028419208713,-5.11527263523365e-09,1.0336182631342e-07,-2.96095613305791e-16,-1.72764461203856e-11,-1.23838015555265e-09,-3.20073987546366e-09,-4.66281136649987e-07,2.39175915320065e-16,-3.19112211622086e-16,-3.43487283398765e-08,-1.00465039966969e-16,-4.54260784874412e-17,-8.03185133205485e-10,5.46279990226651e-10,9.98096480389241e-11,-1.43489430624261e-09,4.6955013455929e-09,1.27360306731184e-09,2.01397185717331e-09,1.50558868354238e-17,5.48038315575532e-07,1.77982705493308e-09,3.2886259674362e-05,-8.76690130720986e-10,4.4868928043463e-09,4.62744377941489e-17,3.6879554663495e-16,2.32825977186649e-16,-5.47268794875739e-08,-2.76978539512366e-10,-1.8093959302285e-08,3.78443952454313e-16,-2.35363073350801e-10,-1.73519773835254e-16,3.81817109024077e-16,5.96203822399479e-08,-1.50268033376728e-08,6.61688585867903e-16,-1.4333074338022e-07,-2.14502601800427e-09,-1.32709804977624e-15,6.60352612164283e-09,-4.69378952612455e-16,1.20482271672502e-06,-9.16253063965885e-16,1.57113102154303e-06,1.01956784699974e-07,6.18411067112011e-09,0.0152104985427779,-0.00012417022124539,6.86308253744538e-10,7.91572201403638e-09,-6.38988883143825e-17,1.19474408576986e-08,-7.03423891575783e-10,-3.04720617851546e-16,-9.74491927099068e-11,-2.1469787460772e-09,5.29187805133415e-10,-9.03151029593155e-17,1.97597102770137e-09,2.67695837730602e-09,2.3177513581507e-16,-7.65195110351454e-08,-5.88910128960942e-08,-8.43081497128862e-11,-9.83499872651548e-16,2.24651280797341e-16,1.65698632136848e-09,4.5077640136818e-06,7.53513496329404e-09,-7.78195624724337e-10,6.39337825736296e-07,-3.03217686368768e-16,2.961714344029e-16,2.36652464204332e-07,4.19929101658215e-10,6.37017759584125e-16,5.82157131554164e-06,-2.340830288205e-16,1.70983339319514e-09,-2.9616506272247e-08,-3.96896967785722e-08,-2.64887098187053e-07,-1.76471122448414e-16,2.1276328988163e-16,3.79523930704041e-16,4.20452194419808e-17,-2.15992943516182e-10,-7.52478707278956e-10,5.88998057858832e-16,4.1813222355177e-16,6.74899044308775e-17,1.07568164635185e-09,9.73261213822111e-12,-5.45337199473752e-10,-1.90723305320694e-17,-1.00889077907923e-15,-6.38378239159465e-16,-2.47824487141908e-08,7.59818039211322e-10,-2.74477258059245e-16,1.36253789158309e-10,-3.59573390380264e-09,-3.66352311209655e-17,-2.06007326018297e-16,-4.47157201358866e-07,-2.59585537663037e-11,-2.24502303690394e-07,4.2933848315836e-16,1.46160638014009e-09,2.38511315489082e-08,2.59920846563339e-08,-9.91041588209424e-08,-5.91541151034135e-09,9.73659620786046e-11,-3.53956913771505e-17,-2.07329550313432e-15,-6.90167633475683e-16,1.97835497914884e-09,-1.79317925006119e-09,-7.06895214748198e-08,-5.63735399997065e-10,1.63936512799078e-16,5.34556036946136e-16,-7.16190999246012e-16,-3.83826629958442e-16,2.48587591529666e-15,2.85828419154929e-09,1.39528890551304e-15,1.4884851666366e-15,-3.98665390981031e-06,-2.25793070429078e-15,-7.4519699497696e-08,8.04257429787499e-16,-5.47419914358048e-08,-3.99225930782124e-16,-7.01463286022426e-08,-7.2140021737026e-07,-8.05627851956954e-09,7.03562626819283e-16,5.14198518551829e-07,1.23772354868861e-15,5.04759003323608e-08,-9.70639534996841e-09,5.43244803489814e-11,-1.52728194072979e-15,3.39673127818595e-07,2.06380438007558e-16,-3.45148792819359e-08,-1.80727822477409e-08,3.53617192317035e-15,-2.70156951693355e-15,-1.1251444487314e-14,9.83517635608845e-15,-6.03003847718148e-09,-5.28352568326888e-07,-0.400835624802823,4.68251529503466e-15,-4.69391198830893e-15,7.60659240262189e-10,-5.72857964883933e-09,-5.16391920966919e-15,-3.1669559247588e-15,-2.86655930034745e-10,1.25337226681536e-15,-2.56754480551101e-08,2.73898974076559e-15,6.07390229211005e-09,-3.14663069953114e-15,7.11180468357845e-15,1.93611847157622e-15,-1.27878862718419e-15,4.13000375607051e-15,5.60266146459042e-15,1.95437017144628e-10,-1.37178831234779e-09,-5.54410774107537e-15,-9.91831311516943e-10,4.29237290952759e-08,-6.38433997952061e-15,-7.2652068128521e-15,1.12063336211424e-14,2.33213938378584e-14,4.36137118420344e-08,1.19664275365203e-07,1.19459289334238e-14,3.75023384738544e-14,-8.83020174676801e-09,-2.85915360816354e-09,-4.36792054630949e-11,0.707106781186541,-8.21500669597052e-14,-1.00395786316348e-14,-4.7400627092784e-15,6.03803034363872e-16,1.39360195771709e-15,2.28437353491266e-06,-6.73778423434795e-08,-6.05370336499627e-08,9.58353296609059e-15,1.03500418458608e-15,6.32302501438051e-15,-4.2839966401199e-16,3.21842750576681e-15,-1.4850795724058e-15,-3.02847766514502e-15,-3.202957898856e-16,2.81461534038873e-15,3.43412844666865e-16,2.34612729319897e-16,-2.05923194510971e-15,-3.98658532517685e-15,-1.48296023738041e-15,2.09820556224835e-10,6.17056121532718e-16,4.60617895762965e-15,-2.10341250634051e-15,2.99956447478904e-09,-3.7176497353085e-09,1.20961079428657e-15,-7.76943475385919e-11,2.78239454340441e-09,-1.4027306583032e-15,7.19770708227838e-15,-5.43696806553634e-09,1.4687994765438e-16,7.04864072609872e-11,9.07100279453136e-17,-1.26600134659095e-15,-1.339193264507e-16,-1.44532109071778e-15,7.22912439700109e-09,-9.69476896447033e-09,1.95978850271858e-16,-4.44330633255671e-16,-7.19106900291984e-16,-9.8015643396427e-16,-8.62211777669097e-16,-5.42337857642761e-16,-1.68724911199215e-15,4.59214976626573e-16,1.24203550734265e-10,9.85186418018717e-16,7.32243063703372e-16,3.90344475795122e-16,5.67675390473401e-16,1.21511403980866e-15,5.89783682352578e-16,-2.73157208722583e-08,4.17299835129006e-17,-2.40660896781473e-16,1.85164975482553e-09,-9.99332395545122e-16,-1.54250495550305e-16,5.05155808235817e-17,-2.12487838508197e-16,1.57997065532345e-09,-5.55880885167257e-16,-1.19708625838174e-07,1.11569674311086e-15,3.99665260926414e-17,8.5651928536249e-16,-1.53760842711801e-15,-1.72846284334334e-16,2.64619298787299e-16,1.91135899886344e-09,9.18230262158214e-16,3.77852786344332e-16,2.42778582160245e-10,-2.40054333985712e-07,5.48874653576037e-17,4.15571152363939e-08,4.47465391675553e-06,-4.90914438368666e-16,1.84841299220828e-16,-4.24804730115259e-16,-1.46076686607464e-16,-3.69267160707791e-16,-7.65896756695074e-06,1.70092387343894e-16,-2.76624732020262e-16,1.73167834062951e-16,6.59061647753296e-08,7.57864833372737e-16,7.97175475157098e-16,2.53643904947392e-18,-3.97027296933145e-17,-2.98441000496384e-07,8.70937281758983e-16,5.27660881632431e-11,2.34843296656383e-16,-1.7547696462598e-16,-5.0149500748897e-16,-5.14521652274185e-16,-2.40200617045481e-16,3.61872959390733e-16,5.96021284176223e-17,-9.25416054623051e-10,3.06373446263969e-17,-2.11606302916048e-16,3.90064628980182e-10,1.45375747107844e-17,-6.98697667575516e-17,1.34963620522281e-16,-2.10598236626118e-16,4.7443701286276e-16,-1.95498227142784e-16,-2.85038491129843e-09,-4.88391727986614e-16,-2.22100807955609e-16,8.51741566233594e-10,5.96312662589536e-17,1.3908098828021e-16,4.45879028658979e-16,-3.68939617524238e-16,3.32635120227334e-16,-3.43001452880708e-16,2.29883271409616e-16,2.90005783355776e-16,5.04709741216631e-17,2.22552278156103e-17,7.34741693000764e-16,-4.52519332564727e-10,1.50280020827683e-09,3.18225180486045e-16,8.48435693087916e-16,-9.03593314516002e-17,-4.82417625953555e-17,-3.5973828083069e-16,5.72164621582502e-16,-3.62567517636628e-16,-1.7887646056248e-16,-1.44336801806821e-09,-2.20583590063845e-16,3.69469074662426e-16,7.25055037997482e-17,2.463617767752e-16,1.691015489948e-10,-3.51803158621145e-16,-2.70045628998269e-11,-3.0186658513526e-16,-1.72922953514957e-16,-2.49816613034504e-16,6.16847263470788e-17,3.00128841586451e-16,-1.92349782500297e-16,-1.98745605621464e-16,2.86272538698931e-16,-1.33647662488029e-16,1.64983896671032e-16,1.79628690631172e-16,1.7942056886244e-16,-4.30080433337149e-16,-6.45102591685128e-17,-3.7492778319588e-16,-3.56943096157853e-16,-4.25037308478522e-17,-1.26820497339449e-16,1.24828981567343e-16,3.03104826419559e-16,4.82686807190547e-16,-4.49540838710436e-17,1.73957777135171e-16,-2.70282653055843e-16,2.2566523093391e-16,0.000168937612370959,1.27745250295729e-16,-2.84966740053738e-17,1.12959926987892e-16,1.20953738399777e-16,-6.29456171729576e-17,-1.72332044946095e-17,1.34077122602191e-16,1.76512411347982e-16,-1.30068594346574e-16,-1.84139659284948e-16,-1.83663848019044e-16,3.32935345835386e-16,3.45718840065699e-16,-3.87845216201131e-16,2.61731411003616e-16,-4.20041173227222e-16,-4.47906689901708e-18,-1.74915856470023e-08,1.02858105243681e-16,2.95256827023539e-17,-6.64898128063998e-17,-8.41417225255148e-17,3.52765671970611e-17,3.82229367176214e-16,7.40961126712931e-17,3.25074718352531e-16,-1.69971069422882e-16,4.07342354893728e-10,1.30489014361977e-16,-9.88445313881102e-17,-4.01939056479893e-17,2.79970182610106e-16,8.34513911945499e-17,1.407693288921e-17,-1.89704373416678e-16,2.63318063212572e-16,-3.66938875441599e-16,-3.15154082668231e-16,1.19399361675681e-17,4.4111509755844e-16,-2.47959735514019e-17,3.25643857468811e-08,7.82234956768171e-17,1.58879082744477e-16,-9.59488809689178e-17,-3.51498344319801e-16,-5.75827808789081e-10,-1.08532984492136e-16,3.95347285672967e-17,-3.09245479092138e-17,1.670591553805e-16,1.00474835192805e-16,-1.0633662916218e-16,4.88624178765759e-17,6.09609905472637e-17,-2.17349220528299e-18,-3.45927377002305e-17,-8.63428428787806e-17,1.53659431376243e-16,-4.05931887986862e-17,1.07933807212275e-17,-2.06461193247095e-17,-2.43311808957174e-17,-1.92246741216094e-16
"t378",0.0373055030189786,-0.0116497123158491,-0.0127900871079839,0.000787215342738867,0.00760346788378972,-0.0217824715980361,-0.00309663748855784,-6.88048089357537e-06,-0.0712324992769917,-0.0607366191870371,-0.0720102161710574,0.00104717894154835,-0.00230553931157141,-0.000512371555186925,-0.0157687908495564,0.000426596025364138,0.000294334909845788,-3.70158956486114e-05,-0.0180404274008444,-0.00816798285994297,-1.69641683768144e-05,8.98815962806728e-05,-0.116575752082155,-0.00476130973871034,0.000449341310551899,-0.00381889372117835,0.0376255378231179,0.000282457233442204,1.88054598173573e-05,0.00028756082785248,0.137357861760631,0.00129792868323251,-5.14943702656671e-07,0.000778433953045176,-0.00124639085850563,-0.000242016438010849,-1.11486002269316e-05,4.5621656164988e-05,0.0142757597652825,-0.00141276366508312,4.57199046580414e-05,-0.0120380267008363,-1.8005523719852e-05,0.00107716643009622,-1.59375185183627e-05,4.99886670774225e-07,-2.33767439358833e-08,-1.06523477289928e-07,0.000156846044251618,-0.000488130414526849,7.87629376208936e-07,-1.30613121324623e-06,1.77730224244189e-06,-6.63512211023735e-07,7.42705184162034e-05,-5.86236037492363e-05,3.79002660245962e-05,-4.93176578124673e-05,0.000432868538928483,-8.32523683796802e-07,-8.80952786725331e-07,4.93064073502308e-05,-3.15782292031592e-05,2.4234380315403e-05,-0.00574612260862725,3.28434557993124e-06,-2.88773231781075e-05,9.56179029996305e-05,-2.39409224214878e-05,0.000114983150606849,-1.45083150862639e-06,6.12191853685236e-06,-2.31824256077227e-05,-1.88911202641755e-05,8.20987860459523e-06,7.90660863615199e-06,-8.54010420867634e-05,1.7693605507093e-05,-0.0927687152117371,0.00188720746914918,-4.31193727261397e-05,-0.00303052821349557,0.0235457194021741,-4.85675180279164e-05,-8.42267211984501e-05,-2.23641720611025e-05,3.30726813582303e-06,5.62953422051856e-05,1.05060281487548e-07,-4.2029269531332e-06,4.15466550640993e-05,-1.76355905985408e-08,-1.18278039053209e-05,8.41025545322698e-06,1.07688281912607e-06,1.15549165664394e-06,1.35221633951608e-07,-5.53289253598066e-07,5.50020177852846e-06,5.51919805774632e-05,-3.57373018050792e-08,1.04568987467431e-09,-4.16639052809575e-07,0.000108224386933848,-0.205243207999302,-4.92667754208225e-06,0.000531477428364921,-6.08707608793851e-07,0.00091251841552274,-1.12241901259794e-07,-3.62063376458556e-06,-5.65791957512368e-06,1.7119263782085e-06,-1.40353251675624e-06,1.53640251645849e-06,-3.16292421892622e-06,0.00618310137831036,5.533193774305e-05,2.00507099930256e-06,-1.07011818249698e-06,6.5312636451752e-07,-1.32135063178678e-06,1.77026429161015e-05,1.74959980108398e-05,-8.47468737634862e-08,1.61897876695425e-06,-1.66582388601115e-07,3.61076986717767e-06,-2.43204865406049e-06,-8.42861885528119e-05,-6.04925024561385e-07,1.75299825600579e-06,-1.35920942077013e-07,-1.57385194910386e-05,2.7178861200986e-09,-1.75103831533522e-06,3.16181389427515e-06,6.99843744911626e-08,-9.93324559107276e-07,2.29240091643953e-07,-2.9297503735593e-06,1.81498821687258e-08,5.71282982956096e-08,7.29632757333265e-09,4.23550276221798e-11,-2.33556852957191e-07,-3.35796431541321e-08,5.20193545528841e-05,2.37039113128276e-05,-3.19611361471551e-08,-3.99966527689041e-08,-2.20068872474032e-06,-3.15861370740669e-08,8.00409027499879e-06,-3.39077184994171e-08,-6.68978120848533e-07,4.26443583890069e-06,-1.04897367897991e-06,-8.64637703558613e-06,-1.28471791428909e-06,-2.01781824318328e-06,3.38690776810728e-07,-0.0347494660604884,2.63563289483074e-05,-1.80470887023056e-06,6.11685797572624e-07,-5.07887548944315e-05,-6.61019889156255e-07,-4.13035060999476e-05,-1.41054906093524e-07,2.55046481906484e-07,4.44609814717842e-08,-4.21618640760194e-09,-1.91181336090403e-05,-1.90956271421853e-08,-3.67556120763296e-08,-1.56262412534495e-09,2.79398624005226e-08,-1.15181739546965e-07,-3.91932782957805e-08,2.65823968389639e-07,1.75763229417841e-07,-4.79178644413109e-08,-2.46572484355494e-10,-9.64342517799582e-09,-1.34788876451038e-08,-0.000213791680885397,-8.14661143991715e-06,-3.67950278159897e-05,-3.28005941531488e-09,-0.000885655495608918,-1.80011881453242e-07,-1.12037051361073e-08,6.21296728517453e-12,1.0537592595969e-09,-3.97959691507949e-07,-2.7331317836198e-07,-5.02773557233029e-09,5.75788740640176e-07,1.3691149794411e-07,5.74333729684981e-07,4.96445214911546e-07,-2.56294839915583e-07,-2.52961298296459e-08,-2.88748678030557e-06,-1.3440539007853e-07,1.87580693950937e-06,1.00437527370077e-07,-5.54302325575613e-06,-1.19940999985138e-09,-2.33777303796918e-05,-1.47096637801927e-07,-3.19058736489987e-07,-8.74935472652552e-06,1.3979301247163e-09,-2.35945643646991e-08,6.76728492569904e-09,4.29388848660264e-09,-2.44369929149369e-05,-4.60285781985047e-07,-2.08984687703387e-07,2.37268405863149e-07,5.15901260506227e-08,2.15791152266731e-07,-6.15008779746316e-07,-3.48198922189548e-08,-3.29227666203424e-06,-1.86216204164178e-08,-6.69885740243842e-05,-8.1585771547588e-07,4.45792844720178e-08,9.02240195822872e-09,2.64818600820648e-07,9.64812894493358e-08,-8.31536744899278e-08,-7.52566994684919e-10,-2.76407103209231e-07,-2.10203548194592e-16,-1.76394567345483e-09,2.25801726656816e-08,-4.73382466524535e-10,8.54399567364407e-09,2.41308672371772e-07,-3.45069568458264e-09,1.14617988511406e-07,-6.95003719354722e-08,0.000933914311714455,-7.29612034121532e-09,1.73010736177433e-08,-8.84837307163602e-06,6.3541559096901e-09,-7.26904248695249e-07,1.31165983837555e-05,-7.14213667838584e-09,6.37477013396611e-10,-4.03236784950587e-08,8.48402897909453e-08,-1.44116829321526e-06,-0.00214459417976737,0.374514490851045,3.27597470957861e-06,-7.94641652485832e-05,4.40943323803808e-05,-2.15646920956374e-06,2.99941655698942e-05,-0.000109442163020712,1.56161814998332e-08,0.000135047014461386,6.51411745528771e-07,5.00796473165281e-06,1.29359231269987e-08,-6.4649985236414e-06,3.32116848397372e-07,-3.23533982226807e-07,5.03320058612625e-07,-9.6127120986627e-07,7.29318641881304e-07,-5.25117075506362e-08,9.88816250453546e-06,-4.30818211963503e-08,7.13551612046416e-06,5.21281018301279e-16,-2.66007440237101e-05,-0.009187854884329,-1.32987007870073e-11,-1.35793930099462e-07,2.03043969660871e-07,-1.26256388281604e-07,-3.58918822815485e-08,4.23051604491579e-09,-1.89083979040297e-07,7.15074900298212e-06,2.66370114568281e-06,-2.1570061690803e-08,1.16431927646301e-05,-3.94068039974467e-05,1.10361504851134e-06,-0.00470448544755691,1.52995528631761e-07,2.77428319211121e-07,4.32502011897668e-09,1.7640476413826e-05,-2.71211060938509e-06,1.22562302138131e-08,-3.96461105149874e-06,4.83869502907453e-07,-1.78052571325591e-06,1.47277511420206e-06,1.32481292076802e-05,6.85508587137878e-07,-2.20877453417679e-07,-1.51605695158986e-06,1.64509482878887e-07,-8.2379281471009e-07,2.39981641574291e-06,1.06747790906181e-05,-0.00386254347562887,4.01620179128611e-16,4.15655093193625e-07,3.08915033800509e-06,-6.8589965306e-07,0.000380747320880226,4.26464141662999e-07,0.0001584923759391,0.216250429446753,4.07999902428962e-05,-5.73292143034238e-05,2.18248287364874e-17,0.00190240568030815,5.31512156422723e-09,3.47530817228289e-06,-1.46492819723859e-07,-2.18791721069862e-06,1.27234419997113e-06,1.78678246248028e-05,-4.29960064330466e-06,3.50515460318543e-07,-1.87524963749866e-05,5.46051047638481e-08,4.94883651093773e-06,6.38923286017136e-09,8.81192308900026e-10,1.24935417137974e-05,-6.57447630916345e-08,2.15761482677496e-05,-1.37188147888569e-15,2.75111937287897e-07,-2.08193584740708e-08,-5.99790693905823e-10,-4.82887848363698e-09,7.24190684606893e-06,4.81791507036215e-05,-1.14138219931004e-07,4.16773658325344e-07,2.31434601853749e-07,-3.04095608841034e-16,4.05866539532537e-06,1.42083145157524e-08,8.51365290653198e-05,-3.44346529921594e-16,-8.20448466299143e-07,-1.04276635702768e-07,1.59747352205636e-08,1.08870670831554e-05,2.04365118555694e-06,1.85045872128671e-06,3.43324313688486e-07,-1.74737071901838e-06,-7.32534562857516e-08,-3.94835860470971e-09,-8.71351799730427e-07,-2.63426954692465e-08,-1.10227127066304e-16,9.50182124669444e-09,-3.45739529470717e-07,-1.43683902231426e-07,8.5370502081078e-07,-4.02658341393219e-17,1.54193767972357e-08,-2.4641932288628e-09,2.62064033978673e-07,3.63179981288595e-09,1.26897386133229e-06,-1.15402131322035e-08,1.36291129641277e-07,-5.39412688139674e-07,2.18621673880737e-16,-1.44214189285547e-06,6.65910908270099e-09,-1.8346056706099e-08,-1.86214377007358e-06,2.44107083650142e-09,2.80584970993432e-07,9.03790930983916e-16,1.05130074101341e-15,0.0212155539510062,1.31674914579467e-09,-1.74710059143963e-10,1.70312651188837e-07,6.59164188749085e-17,4.34134871416569e-07,1.41006613850995e-08,6.20057874608041e-16,-8.60222200867685e-17,1.17002142346004e-16,1.38950508557644e-07,4.39193500621515e-09,-7.11774733375029e-09,2.76407817098218e-07,4.02563620458042e-08,9.17726812212625e-09,-4.06938463948488e-09,-7.62517433203229e-16,-1.23968573797289e-09,3.84605945023666e-09,2.54829001730508e-16,-1.95112319223438e-15,-3.40730041163447e-09,-2.12447841318925e-10,-2.40779973361983e-09,6.50123587926482e-07,2.88285814231253e-09,-1.18004508210918e-07,1.6803847130371e-16,-4.2764277872627e-08,1.41864135666138e-16,-2.57459326339909e-06,-4.74284240353784e-16,-3.91283329363016e-09,-1.32221051663509e-16,1.74943887960939e-08,4.68751296759697e-09,4.54240439239342e-07,3.89244055948495e-07,1.76317169213708e-08,-2.27537500909239e-09,1.61206173210024e-08,8.24545864621484e-09,3.96401339648096e-06,1.48552955151084e-07,1.12223536489664e-08,-5.23343011691433e-08,-2.1522609451214e-05,-0.1701102060223,1.13144492464888e-07,9.86628815552227e-15,-2.5505782592797e-07,2.50466796416821e-08,-5.56822087841802e-09,-6.66433146763087e-16,-8.76126317415485e-08,-1.99944142364013e-07,-5.87120527043641e-08,-2.19505974137207e-16,1.3629597575529e-08,6.53008626569554e-07,7.71889254082174e-17,7.54022395178865e-09,-1.10831678037167e-08,3.0958550504277e-16,-1.57261249906738e-16,3.51340091307404e-10,1.9598031921086e-07,1.05398235743328e-09,1.37797856934772e-06,-4.47986089884231e-08,-1.45092182380504e-09,-0.000320540604679723,-4.52903983384362e-09,9.13034838711228e-08,5.1911600018606e-16,-1.52468070944802e-11,-1.0927607861594e-09,-2.82283292430703e-09,-4.10956852536913e-07,2.76449421859702e-16,-5.06202525879008e-17,-3.02456704567628e-08,-6.13288498087521e-17,3.73496470685849e-16,-7.0304730544892e-10,4.77661693502969e-10,8.72705350080318e-11,-1.25164286005629e-09,4.09449855745948e-09,1.11050972713313e-09,1.75527128544628e-09,-1.24168842091536e-16,4.75267745553363e-07,1.54179766316017e-09,2.84776989503056e-05,-7.57765595062579e-10,3.86476910914179e-09,-6.45113366522724e-16,-2.9527617782812e-16,2.12467705007608e-16,-4.6891349952862e-08,-2.36757711522918e-10,-1.5463706135444e-08,2.96638305398115e-16,-2.00675229766119e-10,-7.53622113067517e-17,-1.24724433821537e-16,5.02679902576313e-08,-1.2667721238336e-08,2.09684700158697e-16,-1.20470679471798e-07,-1.79971667011235e-09,4.14988118166951e-17,5.51980736981763e-09,-3.49606387306831e-17,1.00236719074169e-06,-6.49228303335456e-16,1.30655412758337e-06,8.47587110956509e-08,5.13900436266711e-09,0.0126331647932004,-0.000103004719009585,5.66644311198383e-10,6.49002646706146e-09,-1.02142130752897e-16,9.7036944278456e-09,-5.70715889043761e-10,-2.40117545677985e-17,-7.89507254059850e-11,-1.73485163991228e-09,4.26563046997002e-10,2.22046032502298e-16,1.57888763588403e-09,2.13511930738437e-09,-5.15472337382865e-16,-6.08811449321745e-08,-4.67975817362585e-08,-6.66814542115183e-11,1.28081367518264e-15,-4.22951294523473e-16,1.29500086194602e-09,3.50380603896216e-06,5.85019898333993e-09,-5.87969173543503e-10,4.80649513305659e-07,9.19099173756307e-17,-2.76957745975085e-16,1.77283374932936e-07,3.14437155015191e-10,-8.87982108261881e-16,4.33213507840154e-06,-3.5499762835711e-17,1.26443414753875e-09,-2.17046878799569e-08,-2.90676410519925e-08,-1.93486188618768e-07,5.03647889628504e-16,-3.88787771915707e-18,-1.34815171987331e-15,4.56601629419361e-17,-1.53744701222627e-10,-5.34377438872891e-10,2.87614941214559e-16,1.06118751053181e-15,3.9604274673483e-16,7.57325769815424e-10,6.8224616551797e-12,-3.78266052077458e-10,-1.3644644467607e-16,1.41271543074861e-15,1.05864210626916e-15,-1.64632285226249e-08,5.03910746656591e-10,7.56563755260863e-16,8.85742713137895e-11,-2.31739006156513e-09,1.67984408062251e-16,-8.76086192921764e-18,-2.81954651257477e-07,-1.63394094253305e-11,-1.39328372413872e-07,5.12650132877337e-16,8.84216600037443e-10,1.42096876014217e-08,1.51325775441213e-08,-5.57073884649888e-08,-3.29122411752411e-09,5.30871096135723e-11,1.03168391795898e-15,3.57432778933474e-15,2.54430350309011e-15,9.28114650992078e-10,-8.38789261733762e-10,-3.22428195416624e-08,-2.18962688665513e-10,-9.22176933886113e-16,8.92073970717466e-16,1.19555952960766e-15,2.31926862035899e-16,-3.56531353192089e-15,8.47494275398441e-10,-7.0715539652958e-16,-8.33512211203552e-16,-1.00629474616804e-06,3.39793389401579e-15,-1.86229427534334e-08,-1.43387039015092e-16,-1.34469493601614e-08,1.35251339493826e-15,-1.06934426004322e-08,-9.14208063886742e-08,-6.78529155956687e-10,-6.37449705859898e-16,1.32637359865051e-08,-6.8016394947836e-16,-6.70717634400501e-09,4.26049966131628e-09,-2.47690996391261e-11,6.26383617461188e-15,-2.1657214718115e-07,-3.80286819916492e-15,3.5922586204379e-08,1.92612744143661e-08,-8.79896120674082e-15,8.18625660965469e-15,1.86605655236514e-14,-2.26987972976686e-14,9.6581094315929e-09,9.47545227601929e-07,0.823717342880863,-7.69422588472958e-15,1.12668633368884e-14,-3.45408130725541e-09,2.72048099251958e-08,1.462482008492e-14,8.06577355193591e-15,-3.06070682477254e-08,-3.51750554374254e-16,-5.5341922141582e-07,-1.84495349484046e-15,4.35068093416706e-08,4.44050097327974e-15,-2.2519034579639e-16,3.0343428110915e-17,2.76100513854861e-16,-3.07095619884444e-15,-4.27104835828477e-15,6.92343506041389e-10,-4.8332716276416e-09,-3.5665968845126e-16,-3.07098985832201e-09,1.26953015896703e-07,5.33137620575831e-15,2.9432321918432e-15,-4.35552359803753e-16,-4.23229965129988e-15,1.10047551798064e-07,2.92961699151008e-07,6.36568819579211e-16,9.24794377499458e-16,-2.09523898503281e-08,-6.75777904974568e-09,-1.01812158491499e-10,4.79740944036734e-15,2.57954184406023e-16,-1.28738594717366e-15,1.08887645952143e-15,-7.23438320014985e-16,8.17552820676985e-16,4.52159807768513e-06,-1.31763426010473e-07,-1.17023604135307e-07,2.28218543443446e-16,-4.15269468332141e-16,-2.39554077471165e-16,-9.83967431060507e-16,4.00799272446957e-17,-9.5387493373435e-16,9.05781708811411e-16,8.61241548917315e-16,-8.11376356805301e-16,-1.6471929345805e-16,1.070927540706e-15,8.20820476955605e-16,-1.01806932728189e-16,5.94583162638278e-16,3.49885595481139e-10,3.23203541917459e-16,-2.08397820498032e-16,6.40055688264589e-16,4.92876170539902e-09,-6.08870407109573e-09,-1.13074046610513e-15,-1.26985738167174e-10,4.47293302096548e-09,7.09593006984363e-17,2.58392352246138e-16,-8.57448730512581e-09,-7.32558431704058e-16,1.0880268878246e-10,1.03676420381555e-16,2.68470803104439e-16,-2.84058315355562e-16,7.94778578975942e-16,1.08292661424e-08,-1.44954629252237e-08,1.95797798551973e-16,-2.98915698058073e-16,-3.22296487885663e-16,2.71285672532293e-15,7.26794926325658e-16,3.42437892437333e-16,7.23044239240547e-16,1.14296406246543e-15,1.7173659793425e-10,3.36950288913135e-16,-1.05878648317915e-16,-7.06116115959241e-16,-1.78399763550624e-16,2.9379557309496e-16,-6.37530852312876e-16,-3.72790129881418e-08,-1.1065565103053e-16,-1.29271804711023e-16,2.52123553550882e-09,-2.27435758513984e-16,1.25404301048368e-16,2.05481492076885e-17,6.09927271331629e-16,2.09887897311816e-09,-2.97393781241319e-16,-1.58386478725966e-07,-6.78360678932425e-16,-2.70280335424791e-17,6.65552333726375e-16,4.62052661078958e-16,-4.58408371142481e-16,-1.00340772510778e-16,2.50909746032446e-09,-2.25163765158288e-16,-5.19696356389881e-16,3.16871193391979e-10,-3.1322953931139e-07,-1.0578732485161e-16,5.39673496982505e-08,5.80244792428166e-06,-1.07390923637191e-16,-3.59088752187249e-16,-4.36610746260202e-16,2.87757515596415e-16,1.99134617129855e-16,-9.73607335338053e-06,1.67342382552431e-16,-7.27375821739028e-16,-1.95909510324097e-16,8.33906663386313e-08,4.4936903846331e-16,-6.07240483759757e-16,2.58350093989833e-16,-4.37444859903539e-17,-3.75394847790927e-07,-3.44376731324148e-16,6.62550820442523e-11,-1.94631151284141e-17,-1.29530740971165e-16,4.99275194925084e-16,-2.52575197201831e-16,1.6831881780214e-16,1.3312536985281e-16,-1.27610515336481e-16,-1.15166287020638e-09,-2.95549401203988e-16,8.84375679382237e-16,4.84404891601311e-10,-4.08803998169264e-16,-1.20088500841413e-16,2.60455821940839e-16,3.3539214255501e-16,-7.75460638674865e-17,-1.38499920751229e-17,-3.51723977622319e-09,1.18326809345735e-16,1.73920076857138e-16,1.04812733389307e-09,3.00139844641218e-16,-7.43383719669747e-17,-5.74795714459724e-16,-1.30931179985768e-16,-2.55691417727048e-17,-3.79134554837844e-16,3.14517358186972e-17,1.39540932955188e-16,-3.27619019583927e-16,2.38802998309365e-17,-8.94713701266396e-17,-5.51553249248465e-10,1.82968446363214e-09,-1.8295945614557e-16,-2.63488603165294e-16,-1.8790871573607e-17,-5.40767328564799e-17,2.71050543121376e-19,-3.62858439564784e-16,-5.26704629650525e-17,1.30893549277627e-16,-1.74764034252742e-09,-5.39417505355363e-16,8.00539341044841e-18,1.44227777163867e-16,9.48852656300944e-18,2.03836006727782e-10,1.26117131011163e-17,-3.23954660836901e-11,2.81028575560258e-16,-1.4312376829921e-16,3.63777308620235e-17,3.38447686319823e-17,-2.87043672085303e-16,1.33346042713512e-17,-4.97059395761661e-17,-4.59095686512494e-17,3.96238706127558e-17,8.26380365301704e-17,1.02983340185004e-16,-3.08113981052935e-16,1.28067157491109e-16,1.76465952286089e-16,5.51218142345329e-16,2.93388754814248e-16,3.80700702587681e-17,1.9150782602013e-16,3.04528199626231e-16,1.62032957592712e-16,-6.31005664386564e-17,-4.65283098917004e-17,-2.4026067909661e-16,2.81378366071609e-16,-8.34078364252116e-17,0.000199475270405589,-2.63897050100757e-16,-2.09276156687452e-16,-3.40281559382526e-17,-3.51432293672347e-16,2.58652280420616e-16,1.04456447787263e-16,3.25480124663063e-16,-6.54895125509678e-17,-7.33522753906179e-18,3.27392511592888e-16,7.05273513201821e-17,-6.00105227718681e-17,-2.3304102309636e-16,2.48880329528999e-16,-2.63928285231908e-16,5.23619777763623e-17,2.94922517188492e-16,-2.04624059667868e-08,-1.72238968701689e-16,-6.00651213526744e-17,1.1562569691606e-16,-2.81758482166503e-16,2.97019170596285e-17,-1.94812102099899e-16,2.80839081728067e-16,-1.4606724807321e-16,2.87393953675658e-16,4.72448604982458e-10,-1.29749652593795e-16,2.61892041611304e-16,-1.63151557937393e-16,2.0038474407519e-16,-3.97637533187224e-16,1.69025954802719e-17,-1.42299003069956e-17,-3.69248223576745e-16,-4.41865359587392e-17,3.05670347757213e-16,6.36527534698094e-17,-1.43626334969382e-17,-7.10447550672993e-17,3.74768812589773e-08,-6.62501118004217e-17,4.1302676720387e-17,2.86478921578227e-17,-3.36102673470506e-16,-6.60471497846594e-10,-7.85221854319739e-17,2.73362620426292e-16,3.54016828270785e-16,-5.68103238937988e-17,1.29115594695093e-16,1.78381448316372e-16,2.15288099208753e-16,1.94823618479345e-17,-5.1856353972287e-17,-1.78368364566038e-16,2.49052557279716e-17,-1.48055451943458e-16,-2.64264385442399e-16,-1.43560115385192e-16,-1.88177133782549e-16,1.72389928750829e-17,-2.1521667510603e-16
"t264",0.0373046644162403,-0.0116491818253468,-0.0127894873455153,0.000787167208058547,0.00760291267839854,-0.0217806501549192,-0.00309637432534665,-6.87985819256479e-06,-0.0712251421226893,-0.060729381354734,-0.072000181212141,0.00104701591895077,-0.00230517580524184,-0.000512290259298534,-0.0157662465814722,0.000426525837250231,0.000294286145529662,-3.70097333904436e-05,-0.0180374074700442,-0.00816659686995068,-1.69612844901771e-05,8.98671946651596e-05,-0.116557841293598,-0.00476058205894282,0.000449272893960275,-0.00381834169057852,0.0376201828602555,0.00028241753506796,1.88029238009426e-05,0.000287537368450485,0.137350867394583,0.00129789546236199,-5.14954971785747e-07,0.000778480213972252,-0.00124652281214415,-0.00024206283879886,-1.11509150719081e-05,4.56320727626229e-05,0.0142791501952659,-0.00141312826813047,4.57336172068631e-05,-0.012042093781503,-1.80120511860412e-05,0.00107755916639417,-1.59438104511563e-05,5.00143954343084e-07,-2.3389696751224e-08,-1.06584524123318e-07,0.000156944520532881,-0.000488467110709017,7.88241096210914e-07,-1.3072008053811e-06,1.77876883384774e-06,-6.64095825299565e-07,7.43441408744598e-05,-5.86827414739215e-05,3.7951471501665e-05,-4.9389357662493e-05,0.000433503278841357,-8.33969899410308e-07,-8.82678426891738e-07,4.94086757389896e-05,-3.16467645724503e-05,2.42875734156728e-05,-0.00575981187489335,3.29274745212729e-06,-2.89631269852738e-05,9.59208769448289e-05,-2.4019026438957e-05,0.000115378171922968,-1.45726687223364e-06,6.15435718012637e-06,-2.33085333728981e-05,-1.89995183342537e-05,8.25729985478435e-06,7.95332573567284e-06,-8.59101910664738e-05,1.78037944708183e-05,-0.0934046461048035,0.00190064260944719,-4.34464042242183e-05,-0.00305382567428459,0.0237451252733385,-4.89907223574119e-05,-8.50532611729893e-05,-2.25906730517557e-05,3.34183693355492e-06,5.68867565389016e-05,1.06165461310828e-07,-4.24728678864381e-06,4.19904020774339e-05,-1.78458080864891e-08,-1.19701889739734e-05,8.51835369512749e-06,1.09232373923266e-06,1.17232911768425e-06,1.37193521617479e-07,-5.6169160828938e-07,5.58498453385938e-06,5.60914554934211e-05,-3.63463001380078e-08,1.06357972287867e-09,-4.2379863655661e-07,0.000110479897662927,-0.209581055071905,-5.03194253909286e-06,0.000543054005548949,-6.22037639094841e-07,0.000932691742245446,-1.14758981348587e-07,-3.7022061072352e-06,-5.78893841103451e-06,1.75169844946041e-06,-1.43853851227524e-06,1.57529935017158e-06,-3.24564470149628e-06,0.00634716755384341,5.68592465477981e-05,2.0625331787616e-06,-1.10165894351413e-06,6.72684008347858e-07,-1.36311947663428e-06,1.82819280457743e-05,1.80692759457341e-05,-8.75374774145997e-08,1.67419628701484e-06,-1.72280454762384e-07,3.73803320682174e-06,-2.52531002664258e-06,-8.75213068699378e-05,-6.28301418806541e-07,1.82460375667443e-06,-1.41533152362908e-07,-1.63934499560174e-05,2.83463626448076e-09,-1.82658703431425e-06,3.30758193836218e-06,7.33853593850944e-08,-1.04514492058148e-06,2.41223034577712e-07,-3.08474975665374e-06,1.91160052034337e-08,6.01993084892756e-08,7.69002620066427e-09,4.4640601507043e-11,-2.46502245254528e-07,-3.55421556548686e-08,5.52261326654572e-05,2.51846058678895e-05,-3.40164561675293e-08,-4.25746461311461e-08,-2.34410844351514e-06,-3.36580076054126e-08,8.53299598784185e-06,-3.63040827176678e-08,-7.16764604838475e-07,4.57136382286561e-06,-1.13840395127886e-06,-9.41409162354291e-06,-1.39950009954571e-06,-2.20438567627021e-06,3.70226542969198e-07,-0.0381298767385716,2.8933912733276e-05,-1.98887837226133e-06,6.76718742368869e-07,-5.68650830502014e-05,-7.40432679518594e-07,-4.62708660787486e-05,-1.58293326834521e-07,2.86806641678423e-07,5.00125612736579e-08,-4.76254414911339e-09,-2.16245839751592e-05,-2.1662869832141e-08,-4.17277082623276e-08,-1.77467732907305e-09,3.19595991235758e-08,-1.32784330623973e-07,-4.52456028783741e-08,3.07282399652936e-07,2.03991732546032e-07,-5.57012587585053e-08,-2.87069886251227e-10,-1.12439205268905e-08,-1.57959058915713e-08,-0.000250864236288125,-9.67003238580526e-06,-4.36929712204847e-05,-3.91075499304864e-09,-0.00106830720751266,-2.19373046616367e-07,-1.37036939510975e-08,7.64189055014762e-12,1.30168407101816e-09,-4.98164414446156e-07,-3.43158021894199e-07,-6.35357500529258e-09,7.30042548424927e-07,1.78389983837327e-07,7.49354215494556e-07,6.55956756144043e-07,-3.43091928598103e-07,-3.50402532553121e-08,-4.00042303600755e-06,-1.86839423360304e-07,2.63530947827001e-06,1.42176294458049e-07,-8.01354588496086e-06,-1.78354617913605e-09,-3.56269590401689e-05,-2.25959479640946e-07,-5.09221710060356e-07,-1.42900978408209e-05,2.28463752793435e-09,-3.93010212436247e-08,1.18824296303137e-08,7.62241609723047e-09,-4.62234167483034e-05,-9.15025211478867e-07,-4.23196829489955e-07,5.22705985747854e-07,1.16209780042073e-07,4.98622032079057e-07,-1.54834609179152e-06,-8.93437395021785e-08,-8.48783533720535e-06,-5.3902591489512e-08,-0.00021056177502594,-2.85025258908598e-06,1.64367923701321e-07,3.53431162650132e-08,1.1034449860787e-06,4.09515685991645e-07,-4.29518180370968e-07,-4.53127598315789e-09,-2.04698894641108e-06,1.98734884891142e-17,-2.00206750367277e-08,2.88112868999067e-07,-6.18991461266856e-08,-1.66703239147319e-07,-2.34410800948351e-06,3.25105345133054e-08,-5.43569450915873e-07,3.02663122228794e-07,-0.00391751239543959,2.59299050876364e-08,-5.55441873817923e-08,2.39949398948247e-05,-1.60802219344759e-08,1.78940166996714e-06,-2.79783545961782e-05,9.24103703275728e-09,-7.08390683569135e-10,3.97267705592646e-08,-6.52912268204177e-08,1.09041705608603e-06,0.0013777527422227,-0.219953565927728,-1.6956232343028e-06,3.95086834744281e-05,-2.10204801148062e-05,9.69887389032186e-07,-1.23766665251778e-05,4.47178836860925e-05,-5.11949426774102e-09,-4.40477481781949e-05,-2.11255175055141e-07,-1.52855565372083e-06,-3.85974935685597e-09,1.79358867843115e-06,-9.08913936741849e-08,5.54456561086675e-08,-8.15628479667116e-08,1.48887395004271e-07,-1.01496465549795e-07,6.6834807212016e-09,-1.01330687933447e-06,4.12537276641737e-09,-6.46380057925401e-07,-8.92657232012675e-17,1.96164572156391e-06,0.000658117054534017,8.63105683720246e-13,6.77290267275047e-09,-7.70059234864080e-09,4.10834283448008e-09,1.07461036017327e-09,2.5735425784121e-13,-3.38562544295361e-10,1.61161867767491e-08,2.61825187708539e-08,-6.2565757618685e-10,3.72629904464038e-07,-1.34127513805397e-06,4.46417432617742e-08,-0.000287990113377527,1.04624311246916e-08,1.90805737380984e-08,2.9796380694154e-10,1.4676033205475e-06,-2.57120955269555e-07,1.17607797107252e-09,-3.86637237320735e-07,4.80151693715708e-08,-1.77547162675058e-07,1.51781634582897e-07,1.36801568752073e-06,7.1029556916355e-08,-2.29372118344669e-08,-1.58474693790698e-07,1.73006140991355e-08,-8.70248196216289e-08,2.53932527834372e-07,1.13220689489633e-06,-0.000411027090278623,1.39489459839828e-16,4.30940609162576e-08,3.18156199563447e-07,-6.98510531090641e-08,3.87609175347466e-05,4.33985471946743e-08,1.60800410304428e-05,0.0218094571670825,4.08388482089718e-06,-5.64272846875314e-06,1.17862480858349e-16,0.000178763786312,4.96187856285708e-10,3.19721161910197e-07,-1.34527802485657e-08,-1.9301559564343e-07,1.09525429530968e-07,1.4811196764269e-06,-3.46497522956779e-07,2.63954904155913e-08,-1.31447878864491e-06,3.63678422370485e-09,3.19576738376676e-07,4.04421131986539e-10,5.37400854339846e-11,7.58706277232214e-07,-3.88264908439283e-09,1.24584628331785e-06,-1.17568505103198e-15,1.30627080945254e-08,-9.42206456735692e-10,-2.71311314832299e-11,-1.87043262978045e-10,2.73235336809847e-07,1.20389156422239e-06,-2.42034536365288e-09,8.52334253287496e-09,4.06627729838277e-09,-4.13099419811991e-16,5.77844410214612e-08,1.84482380601043e-10,7.01765377619977e-07,7.218986460305e-17,-2.46918127684046e-09,-1.83536302557331e-10,1.77342171803877e-11,-2.58597655251824e-09,-5.13342106611417e-09,-7.83145112873218e-09,-1.91758639685387e-09,1.6828860370833e-08,7.40915445360007e-10,5.10639163966769e-11,1.56440151293929e-08,4.7975744702138e-10,-4.84631793945322e-17,-2.68734310082882e-10,1.03939999717336e-08,4.88769301092371e-09,-3.42296239741331e-08,7.6911652386199e-17,-8.2516621098831e-10,1.70249055359093e-10,-1.99849481397961e-08,-2.89220858245157e-10,-1.06227358436396e-07,1.05422337719017e-09,-1.41694660925216e-08,7.34684972214632e-08,1.56607183623989e-16,2.39063177063885e-07,-1.12132478755317e-09,3.19002503630203e-09,3.38059986623026e-07,-4.44601241789961e-10,-5.17143709784033e-08,1.95156391047391e-16,-7.29496048370055e-16,-0.00417758329617558,-2.73847057084429e-10,3.65753286932618e-11,-3.73579963205864e-08,-1.41198461454954e-16,-1.04810252776764e-07,-3.5433912172927e-09,3.22340292756073e-16,2.25049654963104e-17,1.25915300421093e-16,-3.92308624089624e-08,-1.25740977877714e-09,2.13506279651006e-09,-8.61036618371601e-08,-1.25945513778517e-08,-2.98350130309564e-09,1.32866387380006e-09,2.09913691762385e-16,4.35016423693134e-10,-1.38206990937015e-09,-9.77362035337262e-16,8.50309068178951e-16,1.33291971519914e-09,8.46593055770084e-11,9.82326698484723e-10,-2.69228293345391e-07,-1.22616422802939e-09,5.03955000414638e-08,-9.3502217463166e-16,1.83629375178353e-08,1.75917863897057e-16,1.12218226092003e-06,1.69596324831045e-15,1.72310630956342e-09,1.14348668743595e-16,-7.79815640917524e-09,-2.09432723390799e-09,-2.08344857305023e-07,-1.79325914566742e-07,-8.13697168591861e-09,1.05697976018167e-09,-7.5213686479646e-09,-3.86613753106557e-09,-1.85866477281322e-06,-6.96444133073724e-08,-5.24800117391775e-09,2.42652532159521e-08,9.85480605754274e-06,0.0768144033743902,-5.06674863299051e-08,-5.46695713883555e-15,1.10509612866734e-07,-1.03821652170164e-08,1.82794067539423e-09,1.11566341579255e-15,2.55409592110035e-08,4.45628483639323e-08,1.10352356232117e-08,5.88286826790438e-16,-2.2966115156786e-09,-5.23403008986978e-08,6.85718547398817e-16,-2.20640143271162e-10,-4.66622764136019e-09,-4.45889930250354e-16,-1.74456822767853e-15,2.43932921298866e-10,1.41606630763277e-07,9.11161384481526e-10,1.45187756355687e-06,-7.14356531111418e-08,-2.3945423201288e-09,-0.000555219915113336,-1.3143993758084e-08,4.05970856483687e-07,3.74087696583536e-15,-8.01999217466697e-11,-5.91953117913951e-09,-1.69831915604621e-08,-2.81579927226305e-06,-5.57440475530765e-16,-2.92172726635002e-16,-2.49746661744726e-07,3.10222966735791e-15,-2.30132899198691e-16,-3.62563195539351e-08,5.64082830174713e-08,1.05731941779959e-08,1.13865721948327e-07,-3.10674716045293e-07,-8.14423559962618e-08,-1.06478940815195e-07,-7.92878685246231e-16,-1.24904543310922e-05,-3.7638335252421e-08,-0.000680986229649762,1.67077499687181e-08,-7.86636791804701e-08,-3.20957152619468e-15,-2.03661441132314e-15,-5.20540016392474e-15,9.40480646246536e-07,4.84694990919272e-09,3.17253041073814e-07,1.51220799878176e-15,4.25931514468377e-09,5.55941948147405e-15,-9.48817710427394e-16,-1.44579898994463e-06,3.66411924468022e-07,-1.01089926360376e-14,3.93877582491322e-06,6.3955522189112e-08,5.6046367101264e-14,-2.41131037428442e-07,1.34686248572274e-14,-6.18643334593497e-05,7.66049782106223e-14,-8.38337541560948e-05,-5.61137057155425e-06,-3.52942851319172e-07,-0.915509813460555,0.00853143419733732,-1.03914206327254e-07,1.59255954027218e-06,3.47066670628336e-15,5.97823535164741e-07,-3.25366830249333e-08,-6.1224306544832e-16,-4.09378048350996e-09,-7.72115901137782e-08,1.68326871394009e-08,-2.26531221634918e-15,4.4938465383774e-08,5.75982556010539e-08,5.6063179748944e-16,-1.53598136479911e-06,-1.14417439569547e-06,-1.46295763286358e-09,2.55581111095136e-15,-1.86686961172087e-15,2.29113216706141e-08,5.73303922380702e-05,9.42792542917821e-08,-7.22844067491292e-09,5.6982885717811e-06,-2.26480478695746e-15,2.05314772352602e-16,2.05186660744455e-06,3.62843404871251e-09,-9.94110751053744e-16,4.80992617961268e-05,6.17879190503909e-16,1.35526737290782e-08,-2.22325316136416e-07,-2.96825094310325e-07,-1.95220273971588e-06,1.13083841858704e-16,8.14607937172447e-18,3.97274426196161e-16,3.59416209406517e-17,-1.40706775942256e-09,-4.8554717146071e-09,1.06204149427093e-15,2.371022134754e-16,6.81649478963243e-16,6.71043357636395e-09,5.98405971501576e-11,-3.22855316230928e-09,-2.58856678868568e-16,4.01607458226649e-15,3.21135262479344e-15,-1.30043678931395e-07,3.97135953871214e-09,1.55023574840907e-15,6.81529712951959e-10,-1.76762842710024e-08,8.72752253035728e-16,-2.3570675177988e-16,-2.11172489270217e-06,-1.22207254197284e-10,-1.03275509858518e-06,-1.28308630494193e-15,6.47340439342945e-09,1.03481309633346e-07,1.09609313909336e-07,-4.02182223026648e-07,-2.37611961905031e-08,3.83690789145014e-10,-4.83565664236904e-16,1.07535028633216e-15,-7.56385596297195e-16,6.98952260967954e-09,-6.32454971416353e-09,-2.45815467428501e-07,-1.82104321324835e-09,3.6229529192019e-16,-9.93974360585276e-16,1.23923293948706e-16,-1.40464656733048e-16,1.14068471715983e-16,8.4902091271905e-09,-2.77881674719571e-16,8.15166594030027e-16,-1.14232898701994e-05,-3.61610735764616e-17,-2.13103660271045e-07,2.70521007510502e-16,-1.5602002272737e-07,-2.85108770623804e-16,-1.86428386571703e-07,-1.88243786521714e-06,-2.04079384001536e-08,2.70698798425432e-16,1.25176864417442e-06,-8.10216872344693e-17,1.10636118800629e-07,-1.73327281234142e-08,9.58623745182111e-11,5.06860062877464e-16,5.25020056218229e-07,7.44440651937461e-16,-3.7537475571422e-08,-1.91580863631867e-08,5.35154496709713e-16,2.68024088564296e-16,4.73521214941007e-16,-1.14805835666387e-16,-2.91816561062613e-09,-1.49302839271264e-07,-0.00420495132478633,-2.46082728888575e-16,-9.71588551945739e-17,-1.90644291706617e-09,1.55491150434939e-08,1.65040212643833e-19,-3.92984203855903e-16,-3.07279033406744e-08,-1.55956244620981e-16,-5.93999017735375e-07,-7.87066747368995e-16,5.40449346714422e-08,-2.76069060621569e-16,1.27304326617113e-16,3.42196250596693e-16,3.51902338998216e-17,2.38644470339275e-16,-2.38511042146936e-16,1.02480116317896e-09,-7.16584140473731e-09,-1.59651965626319e-16,-4.73593401036564e-09,1.98602757456659e-07,-6.12312764672137e-16,1.10431038825709e-16,1.86331139999766e-16,1.30855192036105e-17,1.81045283062064e-07,4.86601729602537e-07,2.31153923202023e-16,-2.25645442423524e-17,-3.51462584049947e-08,-1.13496252051852e-08,-1.71683305704289e-10,1.49303494479892e-16,1.64224214104084e-17,2.60062480488619e-17,6.01064929271668e-17,-3.10598844874818e-17,-4.87220619202221e-16,8.00901018227663e-06,-2.34168739363442e-07,-2.08627063517795e-07,-1.4738967401528e-16,-8.1459442550911e-16,-3.79764707545261e-17,-2.99213062141096e-16,-1.56369982133346e-16,-3.62076823499585e-16,9.90495043151777e-17,5.82292612060983e-16,-5.16292660758778e-17,-5.27854422027909e-16,-4.25026801401221e-17,-2.76050553628401e-16,-8.50993837259638e-17,3.01988316160165e-16,6.45036668432888e-10,-1.36388515304193e-16,6.26962590923595e-16,1.98822747126087e-16,9.10837227293231e-09,-1.12576182571476e-08,7.52070226731581e-16,-2.34860901157661e-10,8.29191463698046e-09,1.33375686007356e-16,1.6688981397083e-16,-1.59312535081517e-08,-5.93660488013911e-16,2.0254171559992e-10,3.31368132271398e-17,-6.14827533961105e-17,-1.93748288607038e-16,-1.03125916358083e-16,2.01878977966604e-08,-2.70233673180767e-08,4.92049607350914e-16,2.13745816210435e-16,8.04371929112053e-17,2.11496830409151e-16,2.23237227314765e-16,1.48269218808924e-16,-1.210414454183e-16,-2.21549752969309e-16,3.18309876226185e-10,1.65090753817252e-16,3.1732731609167e-16,-3.86333514933221e-17,1.56293737021533e-16,-1.36700606731429e-16,8.33703780458591e-17,-6.89106527784028e-08,8.92488453724111e-17,-9.31841542863398e-17,4.65804312291719e-09,-4.33858428400341e-17,1.63603662346122e-16,8.07274601491035e-17,5.77681254732344e-16,3.85053262936088e-09,1.84795099009713e-16,-2.90166541725142e-07,5.02190449673062e-17,-1.18799915069476e-16,-1.36324412635723e-16,-2.13383587160238e-16,-1.10885056233777e-16,-3.13997408215116e-16,4.58320980305364e-09,-4.78136916271228e-17,3.12868813689723e-16,5.77458185231732e-10,-5.70750288641629e-07,-2.49088875195311e-17,9.81329054574129e-08,1.05440744980855e-05,-1.33719845831973e-16,-2.57133997660593e-16,-9.83689361560088e-17,-1.94532924276912e-16,1.8407325552818e-17,-1.75127481858659e-05,1.48560280985859e-16,1.78337099237627e-16,-2.17075303943371e-16,1.49589041911562e-07,-2.36714267778992e-17,7.62786989216582e-16,-1.35691133197049e-16,1.63386819547943e-16,-6.70927469579561e-07,-1.16594003103413e-16,1.18278947636339e-10,2.58350400026196e-16,2.37943830317142e-17,5.75567871427223e-16,-9.23641118005156e-17,5.66829544850324e-17,1.76577659375797e-16,3.99651442444121e-17,-2.0433837211419e-09,4.72623673016542e-17,-6.44951553354101e-16,8.58152079416157e-10,1.33699380375002e-16,-4.19389361383991e-17,8.30485098342412e-17,-1.89304384336295e-16,9.90603914649578e-17,4.66844959392272e-17,-6.20072658949973e-09,3.04275396102046e-16,-7.32825783913054e-17,1.84374454699733e-09,-1.5813262693894e-16,6.08546989359882e-17,1.46847888084462e-16,-2.3196036696518e-17,1.10478565095274e-16,-1.88592451861664e-16,-7.61674969707435e-17,1.42632160652059e-16,-4.68932346836997e-17,3.03333130974022e-16,-3.64935257384008e-16,-9.62338856082351e-10,3.18925563321673e-09,-2.84646950552369e-16,2.04678934588138e-16,-1.92670508278165e-16,4.75692636849722e-17,7.82902388751783e-16,-4.47646001722412e-17,-5.26804760463028e-18,8.55307278103721e-17,-3.03060361289953e-09,9.39034029572955e-17,7.25832434415602e-18,8.17289164267042e-17,1.88437228527509e-17,3.51931398346261e-10,-3.85809309675038e-16,-5.56572840924422e-11,-5.39234810568986e-17,2.20065982410013e-16,1.41278161287409e-16,-2.99141265332942e-17,-3.00683416665287e-17,5.4839742669487e-16,-7.93035197780426e-17,-6.1274648960912e-17,-1.93308529805425e-16,1.28876962238565e-16,1.07220844571018e-16,1.03377986243533e-16,2.08850324842461e-16,-6.32046081869772e-17,5.14306771477314e-16,1.77505079728769e-16,-1.80418617506157e-17,1.13825879730646e-16,7.27869363734471e-17,-2.70983152089486e-16,3.22658566531686e-16,1.21769279387778e-16,1.81266487800344e-18,-1.20787234016064e-16,3.33186561387264e-16,0.00259477150712279,-4.95418735599177e-17,8.0890464104065e-18,7.16516563043159e-17,-2.658972023386e-16,-3.02110809004261e-16,3.95957512515325e-17,1.57732322002921e-16,-3.44930218241619e-17,-2.26483627797497e-16,2.54849868733251e-16,8.60585474410369e-16,1.50327284434125e-15,1.06162272028424e-17,-8.89953412327662e-17,-7.43846184077747e-17,-1.48212415670474e-16,-1.73897981670639e-16,-3.40828634494664e-08,-6.99907221781337e-17,-1.80943956611818e-17,5.49376457225056e-18,-3.83703253001715e-16,3.91544432222942e-18,-3.18107464845784e-16,-6.0797956884784e-17,-1.14412317566238e-16,-1.20107946085422e-16,7.77413819203834e-10,2.29185614390562e-16,-6.48466104180959e-17,2.62422991815717e-17,3.75434304852249e-16,-2.96606142484717e-16,-1.5088707843873e-16,-7.73646632000395e-17,2.49965081228296e-16,6.88659093315805e-17,2.20875504312155e-16,-6.96264789857829e-17,-1.24987450026202e-16,6.0519298204439e-18,6.09275370882794e-08,1.79721956142286e-16,-1.09221731521548e-16,-4.33108297590104e-16,-3.87168595794574e-16,-1.06781381756191e-09,1.14100526101866e-16,-4.62468925397339e-19,-2.15810772210047e-16,-1.6892225642158e-16,-2.48752126369589e-17,-4.76356304174287e-17,8.04084490411266e-17,-3.69483751003566e-17,8.74198622974398e-17,1.232067912235e-16,2.40392144064251e-17,9.39163642540675e-17,-2.92501376145427e-16,-5.84062542949492e-17,1.81680012990596e-16,1.5413196246988e-18,-2.28603372833884e-16
"t837",0.0373317586248732,-0.0116670150198057,-0.0128096996151033,0.000788834663597299,0.00762263298493949,-0.0218469344070488,-0.00310598250500077,-6.90290532089885e-06,-0.0715069557822487,-0.0610207606600639,-0.0724384903954716,0.00105486957795875,-0.00232297271108676,-0.000516305228445763,-0.0158951983444563,0.000430220299708402,0.000296896065737748,-3.73439087206802e-05,-0.0182040460419706,-0.00824856431954472,-1.71454297808618e-05,9.10449567834589e-05,-0.118171128089607,-0.00482685048026305,0.000455551526963757,-0.0038742515583283,0.0381775600433061,0.000286639429182961,1.9091565530108e-05,0.000292751731950315,0.140007487514631,0.00132414492860723,-5.26124370207534e-07,0.000796169271112438,-0.00127629928298192,-0.000248309180080909,-1.1442326513927e-05,4.68436335206856e-05,0.0146608608742502,-0.001451468932705,4.70102906146571e-05,-0.0123864439447865,-1.85348359278359e-05,0.00110887277318093,-1.64152632266409e-05,5.15882995981289e-07,-2.41394665627725e-08,-1.10030662064824e-07,0.000162141142174164,-0.000505055102547659,8.15907088635634e-07,-1.35377997686112e-06,1.84229073975427e-06,-6.88255841619582e-07,7.71469419948113e-05,-6.09068833186806e-05,3.95286424324451e-05,-5.14918795896335e-05,0.000452010150094214,-8.7166657718837e-07,-9.24271581395441e-07,5.17842009864936e-05,-3.31929798149234e-05,2.54790063697415e-05,-0.00605079423562193,3.46345249019353e-06,-3.05499181603632e-05,0.000101303985754501,-2.5381860048574e-05,0.000122053982354408,-1.5502972992043e-06,6.57569918886445e-06,-2.49210111790852e-05,-2.03421288618832e-05,8.84234830320561e-06,8.521966156922e-06,-9.20746105591872e-05,1.91038197468485e-05,-0.100493924288149,0.00204712227028071,-4.68819446433147e-05,-0.00329664094132003,0.0257092606395475,-5.30907152644404e-05,-9.25278643417222e-05,-2.46020005377881e-05,3.64327684333288e-06,6.20288339179463e-05,1.15767171299715e-07,-4.63194434177378e-06,4.58120346886679e-05,-1.95456786424367e-08,-1.31150706977186e-05,9.35560889447304e-06,1.20470000342418e-06,1.2937520748605e-06,1.51407682591764e-07,-6.20882137643522e-07,6.17721148980663e-06,6.21796779054031e-05,-4.03658455773493e-08,1.18139562175685e-09,-4.70831312210855e-07,0.000123774895643882,-0.234950583165732,-5.64384164879579e-06,0.000609627270621382,-6.98465310310312e-07,0.00104774510633475,-1.29000416147773e-07,-4.16254137208588e-06,-6.51708134843545e-06,1.97233202219635e-06,-1.62520771280204e-06,1.78100066914158e-06,-3.67527604138462e-06,0.00719246992596747,6.45579541250975e-05,2.34622535371736e-06,-1.25497830168116e-06,7.66925043406825e-07,-1.55846233314577e-06,2.09399631581344e-05,2.06978391849226e-05,-1.00298004685574e-07,1.92185288252297e-06,-1.97796078447044e-07,4.29860995523731e-06,-2.9175457861429e-06,-0.000101120533712114,-7.26203230692377e-07,2.11553218354527e-06,-1.64201301250075e-07,-1.90275347699408e-05,3.29612963023658e-09,-2.12450474524181e-06,3.8620198720198e-06,8.59562818079958e-08,-1.22946342793136e-06,2.83799016061207e-07,-3.63189658665522e-06,2.2515140174964e-08,7.09468270336307e-08,9.06504981932628e-09,5.26228235528622e-11,-2.91064035036687e-07,-4.21074155256837e-08,6.56504254291526e-05,2.99638524016726e-05,-4.05478557156277e-08,-5.07568800304668e-08,-2.79662069970407e-06,-4.01724217445461e-08,1.01894406295374e-05,-4.3544203362384e-08,-8.60321010380577e-07,5.48970387445302e-06,-1.38297525974127e-06,-1.14690701351625e-05,-1.70573756085309e-06,-2.69324370276044e-06,4.52554764494072e-07,-0.0467543045419422,3.54918127585772e-05,-2.44712416339534e-06,8.35109340071373e-07,-7.07850792398288e-05,-9.21966548009007e-07,-5.76197696555839e-05,-1.97353066397844e-07,3.58077731535114e-07,6.24532053378003e-08,-5.96375455217532e-09,-2.71024044042369e-05,-2.72017786428221e-08,-5.24213322495093e-08,-2.23000883692736e-09,4.03376283469899e-08,-1.68366311687208e-07,-5.7415688707346e-08,3.90231234178222e-07,2.59642164711494e-07,-7.09586841239603e-08,-3.6601486907813e-10,-1.43475866497428e-08,-2.02108126158521e-08,-0.000321196627437919,-1.24538793326923e-05,-5.6282442979544e-05,-5.04753538019763e-09,-0.00138640409333227,-2.85999555984223e-07,-1.78941002042858e-08,1.00025303481693e-11,1.70679236252613e-09,-6.56686140229426e-07,-4.52879534838461e-07,-8.40572705070839e-09,9.67034067206507e-07,2.38579050919717e-07,1.00264372811779e-06,8.81290728160842e-07,-4.62827833931789e-07,-4.77370473114422e-08,-5.45022075677864e-06,-2.54785426142257e-07,3.60377614075389e-06,1.94806519041024e-07,-1.10374669584025e-05,-2.47263794239669e-09,-4.96537017693983e-05,-3.15439467536605e-07,-7.16191136004413e-07,-2.01822505297793e-05,3.22700509162408e-09,-5.56936560056277e-08,1.69800575753772e-08,1.09101143197909e-08,-6.67384546048921e-05,-1.32919521248041e-06,-6.16051971461984e-07,7.67629701480788e-07,1.71022573601772e-07,7.35511874376906e-07,-2.30027822369361e-06,-1.32924595636765e-07,-1.26325944131869e-05,-8.08604351559627e-08,-0.000317401381502179,-4.31986446961532e-06,2.49735303225146e-07,5.38376918150289e-08,1.684939517862e-06,6.25752830369951e-07,-6.60523627236921e-07,-6.99633272896156e-09,-3.17443786779365e-06,1.47804198042096e-16,-3.12449902674359e-08,4.50212308921675e-07,-9.75869562939164e-08,-2.64639791132577e-07,-3.74272318793182e-06,5.19260000707281e-08,-8.77639735493997e-07,4.89574105551861e-07,-0.00634216473617289,4.21497531525217e-08,-9.05385395812612e-08,3.93115808716508e-05,-2.64044125898789e-08,2.94102758215525e-06,-4.62220775165627e-05,1.56065183814883e-08,-1.20592822517142e-09,6.80848229736522e-08,-1.13572058980202e-07,1.89877707720153e-06,0.0024246832320966,-0.389427475043893,-3.02825771307936e-06,7.07578258814247e-05,-3.77578186602425e-05,1.74933804452293e-06,-2.24607897435608e-05,8.12098417305065e-05,-9.44615150137244e-09,-8.13039609014956e-05,-3.90099397938488e-07,-2.83500172359385e-06,-7.17039822185966e-09,3.34953784082448e-06,-1.69906688967562e-07,1.07078087498792e-07,-1.58098306086217e-07,2.89446969865135e-07,-1.98661493588661e-07,1.31537364520464e-08,-2.0194955341662e-06,8.25222611527811e-09,-1.29679987690064e-06,-5.98062853083515e-16,3.97593863638721e-06,0.00133570695778385,1.75921921570631e-12,1.3954717829937e-08,-1.60136464171721e-08,8.58144313492153e-09,2.24958811133046e-09,5.54009935181548e-13,-7.31085557343718e-10,3.4819061676377e-08,5.70695029581333e-08,-1.39929327706048e-09,8.37199585944988e-07,-3.02310411582919e-06,1.01692426965594e-07,-0.000684252763352058,2.53217145691157e-08,4.62302727483897e-08,7.2217031820979e-10,3.73212417062426e-06,-6.94313928503354e-07,3.20146214522968e-09,-1.06512928611528e-06,1.34243120721147e-07,-4.98682583821449e-07,4.4353546510604e-07,4.00991001377329e-06,2.09384575013917e-07,-6.78798716379405e-08,-4.75110209521768e-07,5.26316492845331e-08,-2.68422853363277e-07,7.88035938906702e-07,3.55060185419287e-06,-0.00131874787433979,2.13429655490766e-16,1.61602676831215e-07,1.21402610786924e-06,-2.73766366880725e-07,0.000152037571525255,1.70373386387797e-07,6.35516704773436e-05,0.0873060877535735,1.66035331366079e-05,-2.36962212458202e-05,1.20806060482039e-16,0.000812776541780313,2.27962421951275e-09,1.5027130144772e-06,-6.34036247223433e-08,-9.65262267659887e-07,5.6700024423909e-07,8.07169018756538e-06,-1.95986794433196e-06,1.62753337721849e-07,-8.84690345626147e-06,2.60111708915661e-08,2.369858947241e-06,3.0695035701967e-09,4.25729345087658e-10,6.03968996992219e-06,-3.19068420434678e-08,1.05025004068893e-05,9.67610328592628e-16,1.36774791238828e-07,-1.03935488367972e-08,-2.99442698794363e-10,-2.43832907252915e-09,3.66287187182484e-06,2.48435107150749e-05,-5.91601180255933e-08,2.16239017970798e-07,1.20528996200947e-07,5.99633788382481e-17,2.12259003163941e-06,7.44204672995606e-09,4.48444068263573e-05,-1.00328075003585e-16,-4.34710817354771e-07,-5.53256246640747e-08,8.48158487525951e-09,5.78866327748436e-06,1.08920157958625e-06,9.87978772319309e-07,1.83555236729572e-07,-9.37944304442689e-07,-3.93389112224219e-08,-2.12603913761599e-09,-4.71346726222547e-07,-1.42530303763968e-08,-1.69519434252083e-17,5.18529770139696e-09,-1.88946627402214e-07,-7.87676073415442e-08,4.70146143016378e-07,7.7896197225309e-17,8.57086977237146e-09,-1.38285369038951e-09,1.47653400731889e-07,2.04993232786208e-09,7.17769427053567e-07,-6.55208387625492e-09,7.78232735532242e-08,-3.11727904409247e-07,-1.24184587021839e-17,-8.4022594298898e-07,3.88207893996652e-09,-1.07080180431087e-08,-1.08853441636568e-06,1.42711010499059e-09,1.64102568094574e-07,3.50414142147315e-16,4.55475621518532e-16,0.0124337803612497,7.72836672167433e-10,-1.02558768492581e-10,1.00077538833808e-07,5.19911661304265e-17,2.5542470271665e-07,8.29726080649038e-09,-1.23639139115387e-16,5.06806510566175e-17,-6.56928662237335e-18,8.16458094410927e-08,2.57963282121142e-09,-4.17328912310635e-09,1.6173971391067e-07,2.3549689857221e-08,5.35391628413991e-09,-2.37319118920128e-09,-3.21028084372907e-16,-7.17472513510373e-10,2.21845510628993e-09,3.02156741037595e-16,-4.80935336868633e-16,-1.93207029538105e-09,-1.19843648227497e-10,-1.34788325001839e-09,3.61888391495443e-07,1.58548805643329e-09,-6.47621275836842e-08,9.60256512463515e-16,-2.33999986419142e-08,2.25109777008669e-16,-1.39607102590201e-06,-6.49545521536066e-16,-2.10650228006575e-09,-4.82594088773707e-17,9.32584128602055e-09,2.49357650525207e-09,2.34206203922887e-07,1.99174660151744e-07,8.99250597961501e-09,-1.14311847523499e-09,7.98453367317823e-09,3.93329989851298e-09,1.89024734926256e-06,6.99196769962836e-08,5.14668838814355e-09,-2.30704428220105e-08,-9.13131378953957e-06,-0.0697600047357168,4.55646019652073e-08,4.38998969096327e-15,-9.64251958279526e-08,8.80234361745386e-09,-1.43084741703349e-09,-3.81524912251313e-16,-1.95430735330153e-08,-3.29573169619554e-08,-8.04445436308286e-09,-2.47562873877783e-16,1.66183627124038e-09,3.67827622317833e-08,-1.21793429138176e-16,1.52854219348822e-10,2.96870553523884e-09,9.31127117271911e-17,4.83878850964774e-16,-1.50157764008479e-10,-8.69118097376087e-08,-5.51555015984317e-10,-8.64749529725906e-07,4.1021387516231e-08,1.37072141543076e-09,0.000316414431763285,7.13634692455177e-09,-2.11886581555764e-07,7.70759324419945e-16,4.12384129790536e-11,3.03603026022982e-09,8.63239972951466e-09,1.41583913665058e-06,1.04572233502974e-16,9.36661213241371e-17,1.23728957817909e-07,-6.60736641676257e-16,3.63001322587469e-16,1.63582474549141e-08,-2.50404712423043e-08,-4.69199543181636e-09,-4.87612200085609e-08,1.32399622903951e-07,3.4672212326339e-08,4.502871510695e-08,2.06801987931658e-16,4.91679862230189e-06,1.45891243093325e-08,0.000262613881770941,-6.28056168430764e-09,2.82087514311704e-08,7.87762126361577e-16,3.76253977164285e-16,1.10469600087254e-15,-3.14715944903892e-07,-1.57330952500971e-09,-1.02739882095795e-07,-2.59180256051432e-16,-1.33890187202014e-09,-1.00660794147861e-15,1.61740615159818e-16,3.96884067900396e-07,-1.00406879612974e-07,2.40551936009359e-15,-1.04261287463984e-06,-1.65868600074248e-08,-1.26610466189072e-14,5.99350120620166e-08,-3.12397442465458e-15,1.4589966693097e-05,-1.75336583826592e-14,1.96766007022392e-05,1.31214666447167e-06,8.21837314027909e-08,0.211926363305222,-0.00194873800262416,2.2554524904152e-08,-3.20996326456825e-07,-8.04809732711456e-16,-1.0932314612788e-07,5.88624341252061e-09,1.71638400522585e-16,7.29983975917558e-10,1.34054173388588e-08,-2.8518036003316e-09,1.36159813032226e-16,-6.98082816901339e-09,-8.78929827970157e-09,-1.25323868173302e-16,2.28812996990401e-07,1.68408984687869e-07,2.05732539548357e-10,-5.06012630875134e-16,3.70609270533893e-16,-2.87346386786906e-09,-6.82587432607985e-06,-1.11031136576549e-08,6.57657228568027e-10,-4.94324874031023e-07,5.28087158239328e-16,-3.0261515015953e-16,-1.72048415337939e-07,-3.02914239573637e-10,2.87691990507604e-16,-3.78213195175121e-06,-1.43227554289175e-16,-1.00272229200744e-09,1.50479168401536e-08,1.9958328723088e-08,1.27859247601109e-07,5.67235670057568e-17,2.90623639680557e-17,1.84510593638129e-16,6.38827526194411e-18,7.04397096227707e-11,2.3702015057804e-10,-1.30063184471366e-16,-1.60656361593402e-16,-1.62175996463388e-16,-2.97498462238253e-10,-2.53760055135236e-12,1.20103499028773e-10,1.77810808649943e-17,-9.6990015845122e-16,-1.55810694207892e-15,2.58822041235474e-09,-7.67171561613921e-11,-3.51661001689115e-16,-8.67860878365968e-12,1.78548824969568e-10,-1.12448330185218e-16,6.66946027966096e-17,8.3316997749429e-09,4.22075843864856e-13,-1.29637843527557e-10,3.82505245540366e-16,3.9206146211634e-11,9.61992119418785e-10,1.51019899087034e-09,-7.97752640160557e-09,-5.09648225899747e-10,9.38320364123914e-12,3.29924961446002e-16,-1.01218670384435e-15,-6.65075519053133e-17,2.88277453690124e-10,-2.62450509447385e-10,-1.0716167377531e-08,-9.84330118503991e-11,-7.58673509394298e-18,2.63837751645361e-16,5.38360420934533e-17,3.28765846308472e-17,8.89755171178055e-16,5.49878958521432e-10,1.04349531729638e-16,-5.93190404386581e-17,-7.87044569016857e-07,-4.99880568365818e-17,-1.47292344636426e-08,4.12319652130046e-17,-1.08413580233456e-08,8.60398817722914e-17,-1.4274262389585e-08,-1.47276570800806e-07,-1.6485288294707e-09,-8.93999094034351e-17,1.05010084404569e-07,5.5628433464617e-17,1.00276141245325e-08,-1.72078465104068e-09,9.55283602784859e-12,1.57123878113133e-16,5.41297008909767e-08,-1.79964024359757e-16,-4.07295522756221e-09,-2.08376969259171e-09,-9.1470433273517e-17,2.46684183869463e-17,-9.64256364326578e-17,7.83314566576312e-17,-3.30259140614438e-10,-1.7069931647408e-08,-0.000486392235311557,5.07543468405641e-17,-2.05287786110629e-17,-2.32637380328242e-10,1.90176657386375e-09,7.59833186790682e-16,1.26370082781439e-16,-3.99730875462392e-09,1.90474112902441e-18,-7.82466383563048e-08,-2.54370204243858e-16,7.37407211167689e-09,3.13325651686868e-17,-3.30239738477725e-17,-5.90515996215625e-17,3.12341274944879e-18,-4.88773131256663e-17,9.93605641791724e-16,1.49454761617036e-10,-1.04591765563652e-09,-1.56548260938609e-17,-7.06507567496328e-10,2.98934431793685e-08,2.97321825358228e-16,8.9955339382358e-18,-4.9220662974906e-17,3.39215945725147e-16,2.8284564217694e-08,7.66631597150467e-08,6.70776034655932e-17,6.20161019380407e-17,-5.58865643861226e-09,-1.80687654039529e-09,-2.74422928169167e-11,-1.79163473357588e-15,-1.73505900335162e-16,-2.83143418759274e-18,-4.14477430206708e-17,-1.70102979235963e-16,1.26484008726969e-16,1.36216018617817e-06,-4.00474954342292e-08,-3.5873829412697e-08,6.89560071000395e-17,1.65237020471128e-16,8.67024899766394e-16,9.28000380425344e-17,1.70624817165244e-16,5.1661926922942e-16,-4.91174640316222e-17,-9.1683547733442e-17,-1.18289715663357e-17,1.29854157296744e-16,-1.01277076590652e-17,-5.96099105914536e-16,-1.4513499549735e-17,-1.48243250687132e-16,1.20778168457456e-10,6.36261438291511e-17,4.83549102442747e-17,-3.10809825581243e-17,1.72340194771227e-09,-2.13515344971643e-09,-1.37411259500276e-16,-4.4609860484637e-11,1.59483066692166e-09,-6.66964591158026e-17,6.565125457916e-16,-3.11112464156001e-09,4.04837793708973e-16,4.02746663579881e-11,-1.83626986792042e-17,-4.97661020433412e-18,-3.71718781564476e-17,2.73184846454152e-16,4.12543821549575e-09,-5.53223724760251e-09,-3.12853221730147e-16,2.48264214262795e-17,-2.7600214699723e-16,-3.99619417685115e-16,-1.58672987943254e-16,-1.16389867582868e-16,-8.0752143708037e-17,3.03787508856524e-16,7.09259873665469e-11,-5.06208956317113e-17,-3.87824743194719e-17,5.2875325237351e-17,2.34953847938873e-16,9.81978641859523e-17,-2.65605362193489e-16,-1.56049460917035e-08,-1.28665596104316e-16,1.15756866538661e-16,1.05788612488353e-09,5.26724715463042e-17,-9.11875915225412e-18,-5.80520219364658e-18,7.18213727679233e-17,9.03068515254872e-10,-7.37957287212001e-19,-6.84202852277787e-08,-3.5883813195502e-16,-3.89477229639289e-16,-2.60119335738122e-16,-9.14799818199381e-16,-1.40798548839162e-16,8.51602767343326e-16,1.09222988807871e-09,-2.01832005782135e-15,-3.04599439030843e-16,1.38690654821974e-10,-1.37132236585157e-07,2.34499424340369e-17,2.37303112566153e-08,2.55477159596209e-06,7.67155042387365e-18,-3.02649809323189e-16,4.70805968770485e-17,7.65589248861356e-17,9.85728726405672e-17,-4.3548750590449e-06,-4.83467181355276e-16,-1.23214862439971e-16,-1.03414317576228e-16,3.7406952136839e-08,-1.253245074775e-15,-1.05796345790744e-15,-7.17466591635219e-18,2.93883501311679e-16,-1.68882240335374e-07,7.78843002161342e-16,2.98271453522982e-11,-9.67959824984474e-17,-3.75283239635832e-16,-1.30186748492815e-16,1.0216201261794e-16,7.5999597368131e-18,-1.69661948842688e-15,-1.3405780965506e-16,-5.19261125749272e-10,1.82405525471755e-15,5.73372280646929e-16,2.18358921083067e-10,9.78467610130139e-17,7.38524448283327e-19,-7.41206689159834e-17,8.84762720208536e-17,-3.80715043531629e-17,5.80106024302037e-17,-1.58131960078857e-09,-1.2968476202835e-15,5.33628649042082e-16,4.70136807802257e-10,-1.81566893907164e-16,3.22352454026007e-16,-8.73804744921652e-17,-2.01946272426015e-16,-1.71355182129585e-15,7.45021632758902e-16,-2.91532143384623e-16,-8.74955650119086e-17,-9.9137880613479e-17,3.28405642781889e-16,-3.37820353506511e-18,-2.43150922965282e-10,8.03927501671546e-10,1.19578451553776e-15,-6.77890610660363e-17,2.86758082360254e-16,4.97267385414655e-16,-5.74735571634566e-16,4.55758465609951e-17,-4.0634585967533e-16,-5.38062891265415e-17,-7.4956724556534e-10,2.50477019868643e-16,2.54679722785251e-16,1.12672217902705e-16,-3.81108452829993e-16,8.45163263608145e-11,1.24529876798676e-15,-1.25712600339619e-11,9.63269895304397e-17,-4.99367126286454e-16,-7.07552076007172e-16,-2.89160287206511e-16,-1.77192692572304e-16,-5.51341674094448e-15,-6.17090327305568e-16,-5.38462498862816e-16,3.3775892198953e-16,1.31199762323392e-17,5.05985191069685e-16,-1.79126399637557e-16,-1.17211729268638e-15,6.64798741335454e-16,1.41663873797795e-15,-4.62036326191278e-15,-3.96267971506482e-18,-1.31189940024662e-15,-6.56082564650179e-15,3.91797683327227e-16,-2.27481878820046e-15,-7.02967338587731e-16,-1.83746139326082e-14,4.09757547132057e-15,-1.39441117480351e-13,-0.817891970097562,-1.9052864304698e-15,4.62709377059855e-15,7.10578623427671e-16,4.70239771735055e-15,5.86107954073645e-16,-1.59520142406875e-16,-2.70761908176374e-16,-2.5159365263242e-15,1.01948138997375e-15,-1.96190157028406e-15,4.41324494310225e-16,8.8501731483854e-17,-1.6887722315547e-15,-1.27542157053949e-16,-4.07169649408232e-16,3.4689325312821e-16,1.62285635705391e-15,-1.57272862296101e-08,2.41994348105593e-16,-3.87396526366836e-16,3.66509429350087e-16,-5.74373110123739e-16,4.48794046110319e-16,-3.33078272019934e-18,1.42472951718434e-17,6.13974821024418e-16,-8.89805043833017e-18,3.16071651038808e-10,-5.69443684053188e-16,3.62326327485602e-16,-1.79095322421368e-16,-7.75612873992107e-16,6.31969941704192e-16,4.89150673335284e-17,3.75338735781042e-16,3.24098986302106e-17,-7.52634553167758e-17,-7.7883282596161e-17,-2.21883443298539e-16,-2.0757379086664e-17,-1.55756346372713e-16,2.40513968136117e-08,2.41330919049637e-17,-3.95117138749857e-16,-2.04754600626205e-16,-5.49690501450151e-17,-4.2004702878932e-10,-6.92662855817148e-17,-5.82881523012554e-16,3.8622700178937e-17,4.77437690327516e-17,2.43056688102066e-16,-5.05463108444482e-18,4.85730635208931e-16,2.62159404077877e-16,-4.05354996721316e-17,3.16910484422037e-17,8.55862171717479e-17,1.37755213430555e-17,-3.12194449815611e-17,4.87213539173774e-17,-3.8959169561551e-17,6.30301083701509e-16,-1.34213421108768e-16
"t857",0.0373320896695417,-0.0116672328263656,-0.012809946472726,0.000788855023391838,0.00762287371682729,-0.0218477433849984,-0.00310609976637869,-6.90318656234387e-06,-0.0715103937231455,-0.0610243138668435,-0.0724438320456818,0.00105496522584586,-0.0023231894329246,-0.000516354118028918,-0.0158967683136827,0.000430265268988239,0.000296927830780033,-3.73479756218192e-05,-0.0182060738268517,-0.0082495613863024,-1.71476688929746e-05,9.10592626731447e-05,-0.118190717422463,-0.00482765511476048,0.000455627760489089,-0.00387493019019928,0.0381843249200598,0.000286690667057487,1.90950678975788e-05,0.000292814921264402,0.140039663362296,0.00132446272185233,-5.26259503365019e-07,0.000796383181519293,-0.00127665917291164,-0.000248384610047214,-1.14458450346083e-05,4.68582592210826e-05,0.0146654684252196,-0.00145193165134605,4.70256928423604e-05,-0.0123905970307666,-1.85411398343651e-05,0.00110925035667549,-1.64209467623134e-05,5.16072574430536e-07,-2.41484952544235e-08,-1.10072155183538e-07,0.000162203690189565,-0.000505254685011686,8.1623979040658e-07,-1.35433998964144e-06,1.84305442541665e-06,-6.88546217100187e-07,7.71806088028799e-05,-6.09335970001646e-05,3.95475551483842e-05,-5.15170809463661e-05,0.000452231966416559,-8.72117903360836e-07,-9.24769145739468e-07,5.18126068568081e-05,-3.32114628398254e-05,2.54932472249326e-05,-0.00605427008487559,3.46549044912738e-06,-3.05688383764441e-05,0.000101368135481011,-2.53980964997049e-05,0.000122133478779881,-1.55140235836234e-06,6.58069456201051e-06,-2.49401228800571e-05,-2.03580323382584e-05,8.84927778538188e-06,8.5286995288025e-06,-9.21475969076589e-05,1.91192040576236e-05,-0.100577720196776,0.00204885285820851,-4.69225012826011e-05,-0.00329950688135523,0.0257324136888247,-5.31390269996612e-05,-9.26157950014063e-05,-2.46256509670916e-05,3.64681974255877e-06,6.20892655794373e-05,1.15880012104247e-07,-4.63646467783714e-06,4.58569371182488e-05,-1.95656184708709e-08,-1.31284984149814e-05,9.36541865028571e-06,1.20601436582095e-06,1.2951718737534e-06,1.51573886741193e-07,-6.21573780620814e-07,6.18412995709863e-06,6.2250734461453e-05,-4.04127223845701e-08,1.18276950251993e-09,-4.71379737975338e-07,0.000123929388152688,-0.235245309569754,-5.65094885325837e-06,0.000610400241058297,-6.99352609451469e-07,0.00104908059941999,-1.2916568041684e-07,-4.16788285290036e-06,-6.52552592612281e-06,1.97489064297845e-06,-1.62736949960125e-06,1.7833821694104e-06,-3.68024690740803e-06,0.00720224733418579,6.46469331646388e-05,2.3495016909971e-06,-1.25674796350079e-06,7.68012451351564e-07,-1.56071379237608e-06,2.09705766706456e-05,2.07281124213356e-05,-1.00444952423053e-07,1.92470273618778e-06,-1.98089675521648e-07,4.3050561508047e-06,-2.92204796645928e-06,-0.000101276625864316,-7.27326782806413e-07,2.11886688746961e-06,-1.64461067771453e-07,-1.90577149197617e-05,3.30141346726125e-09,-2.12791538949451e-06,3.8683577036581e-06,8.60998076402913e-08,-1.23156437596778e-06,2.84284294211591e-07,-3.63813116898719e-06,2.25538666730341e-08,7.10692460089184e-08,9.08071063405362e-09,5.27131752469859e-11,-2.91571246533386e-07,-4.21820483342446e-08,6.5768775182744e-05,3.00180950951409e-05,-4.06219324801665e-08,-5.08496748983936e-08,-2.8017512581219e-06,-4.02462701917492e-08,1.02082149501737e-05,-4.36261285151809e-08,-8.61944977837078e-07,5.50009055868958e-06,-1.3857297020826e-06,-1.14921900757423e-05,-1.70918239938111e-06,-2.69873800849826e-06,4.53479890273819e-07,-0.0468511086631492,3.55654112595098e-05,-2.45226135522744e-06,8.36883104247422e-07,-7.09404860593463e-05,-9.23993023976329e-07,-5.77464547814433e-05,-1.97788898045968e-07,3.58872588840754e-07,6.25919409080802e-08,-5.97713709838245e-09,-2.71634138797072e-05,-2.72634277496428e-08,-5.25403349741591e-08,-2.23507549205651e-09,4.04307112094448e-08,-1.68761012459035e-07,-5.75506505168862e-08,3.91150869718275e-07,2.60258672240344e-07,-7.11276589128801e-08,-3.6688889012452e-10,-1.43819399652516e-08,-2.02596345611518e-08,-0.000321974214028287,-1.2484596255457e-05,-5.64213458868436e-05,-5.06006900732859e-09,-0.00138990499195363,-2.86731715906306e-07,-1.79401243248297e-08,1.00283816742769e-11,1.71123566921874e-09,-6.58421809604524e-07,-4.5408043145372e-07,-8.42816969399591e-09,9.6962481084409e-07,2.39234992607036e-07,1.00540367925522e-06,8.83742844242997e-07,-4.64129136233729e-07,-4.78746101324368e-08,-5.46592830222825e-06,-2.55521362913843e-07,3.61425661683317e-06,1.95375722373929e-07,-1.10701183187127e-05,-2.48006339564198e-09,-4.98046123527492e-05,-3.16401684243492e-07,-7.18411775611976e-07,-2.02453904538261e-05,3.237102949326e-09,-5.58691421285216e-08,1.70344939806898e-08,1.09452061992323e-08,-6.69568718864584e-05,-1.33359702039029e-06,-6.18100395296229e-07,7.70224663507575e-07,1.71602967213621e-07,7.38018578204883e-07,-2.30821908161229e-06,-1.33384649916121e-07,-1.2676343565775e-05,-8.11443608633521e-08,-0.000318525142517052,-4.33529925676558e-06,2.50631281841942e-07,5.40316674896271e-08,1.69103438738311e-06,6.28018875785884e-07,-6.62940292659593e-07,-7.02209356187326e-09,-3.18620641913131e-06,1.43609134792696e-16,-3.13619567704776e-08,4.51900956615139e-07,-9.79578718540383e-08,-2.65655866493814e-07,-3.75721226558594e-06,5.21271185518134e-08,-8.81090805408342e-07,4.91504076144423e-07,-0.00636719544504761,4.2317027511854e-08,-9.08991862865201e-08,3.94692338854359e-05,-2.65106193320491e-08,2.95287184694085e-06,-4.64094746514724e-05,1.56715580732697e-08,-1.21100217966583e-09,6.83735752053444e-08,-1.14061989584423e-07,1.90697791828798e-06,0.00243527886094433,-0.391140347129475,-3.0417006516346e-06,7.10728558732729e-05,-3.79264420047331e-05,1.75718367230399e-06,-2.25621564818175e-05,8.15766068752474e-05,-9.48948868123165e-09,-8.16771017811162e-05,-3.91890460517124e-07,-2.84807316961395e-06,-7.20351090878734e-09,3.36508309950154e-06,-1.706959570891e-07,1.07590395510262e-07,-1.58857144707217e-07,2.90839779786332e-07,-1.99623004413555e-07,1.32176945167572e-08,-2.02941726678798e-06,8.29289074738398e-09,-1.30320526149115e-06,-6.34945353845924e-16,3.9957368754675e-06,0.00134236519200026,1.76795895667835e-12,1.40250895404184e-08,-1.60949630075945e-08,8.62516230050157e-09,2.26106749026677e-09,5.56823574682675e-13,-7.3489913610496e-10,3.50007550406905e-08,5.73690973325951e-08,-1.4067642264202e-09,8.41682460056055e-07,-3.03932427718978e-06,1.02241672332927e-07,-0.000688041858032023,2.54633917716376e-08,4.64890905633242e-08,7.26214141404029e-10,3.75355597093986e-06,-6.98416789043978e-07,3.22044879336914e-09,-1.07147954749563e-06,1.35048590996757e-07,-5.01680568312226e-07,4.46245477869572e-07,4.03444041309606e-06,2.10668323797495e-07,-6.82966792992367e-08,-4.78042123364166e-07,5.2958227431015e-08,-2.70096859763986e-07,7.92961331097744e-07,3.5728768347808e-06,-0.00132708695604122,1.63177589955467e-16,1.62674079124735e-07,1.22211227124259e-06,-2.75602435704397e-07,0.000153057449465008,1.71516507595623e-07,6.39787892986321e-05,0.0878947178122191,1.67158979877187e-05,-2.38578087707098e-05,2.0042843752933e-16,0.000818415410832478,2.29547349249673e-09,1.51320829358706e-06,-6.38466892270675e-08,-9.72083241083895e-07,5.71031504696738e-07,8.12957356035388e-06,-1.97400530533005e-06,1.63942246000007e-07,-8.9122762898037e-06,2.62047801320081e-08,2.3875706739024e-06,3.09250242789453e-09,4.28933543929677e-10,6.08516915167303e-06,-3.21478643644217e-08,1.0582030572778e-05,-1.89805570043084e-16,1.37829510613263e-07,-1.04739970480409e-08,-3.0176058763964e-10,-2.457403616434e-09,3.6915709571483e-06,2.50419477626797e-05,-5.96352324436155e-08,2.17977490179156e-07,1.21501925076204e-07,-1.65146325026954e-16,2.13980288144646e-06,7.50250020441859e-09,4.52110140153931e-05,-2.13590185120833e-16,-4.38289058339735e-07,-5.57817614871475e-08,8.55157031599379e-09,5.83651055988344e-06,1.09823056408803e-06,9.96186378048117e-07,1.8508269262253e-07,-9.45788433866606e-07,-3.96681008514785e-08,-2.14389090361325e-09,-4.75328253867294e-07,-1.43734644102016e-08,2.35856938329507e-16,5.22962484637339e-09,-1.9056513839992e-07,-7.94453219344638e-08,4.7421840276241e-07,6.2885616480032e-17,8.64617596169994e-09,-1.39519795906316e-09,1.48980775754695e-07,2.06842088964052e-09,7.24268558007553e-07,-6.61184026889374e-09,7.85413346540232e-08,-3.14686405802406e-07,-1.77553784655395e-17,-8.48396140121018e-07,3.91990606057988e-09,-1.08128126384822e-08,-1.09925149661739e-06,1.4411670591017e-09,1.65721698319352e-07,2.53269627492614e-16,4.12596488987183e-16,0.0125576503820596,7.80600519485297e-10,-1.03589779454148e-10,1.01091416705968e-07,-4.71421715223029e-17,2.58054248116476e-07,8.38328394982313e-09,-3.50848537540479e-17,-1.01078569459196e-16,-1.11334508701134e-16,8.25109246223121e-08,2.60704151935945e-09,-4.21805053239976e-09,1.63488304229561e-07,2.38045245378998e-08,5.41233972614687e-09,-2.39911299939281e-09,-1.85746580597143e-16,-7.25441989266939e-10,2.24324168630862e-09,2.81191840531306e-16,-5.45764320873173e-16,-1.95415204098119e-09,-1.21220911228889e-10,-1.36348371384489e-09,3.66096992015248e-07,1.60409580247872e-09,-6.55233137216533e-08,1.6417361970054e-16,-2.36755841683638e-08,-4.58228266393459e-17,-1.4126077006344e-06,-8.02065662150464e-16,-2.1315600234738e-09,-1.30326647997314e-16,9.43736947959256e-09,2.52342933469429e-09,2.3705014514794e-07,2.01600483871413e-07,9.10216610446236e-09,-1.15713411648188e-09,8.08289274605573e-09,3.98228099237678e-09,1.91378866083585e-06,7.07933518775728e-08,5.21138735983038e-09,-2.33628091363633e-08,-9.24781461204855e-06,-0.0706547392448066,4.61505240540605e-08,4.27922960754966e-15,-9.76750907348e-08,8.91731909585186e-09,-1.44994299363454e-09,-4.45854984276912e-16,-1.98054995338443e-08,-3.34039892312531e-08,-8.15391158768482e-09,-2.01485886843262e-17,1.68449403033839e-09,3.72882964731575e-08,-3.08553706426403e-17,1.54963263806492e-10,3.01064097188303e-09,6.01307339513642e-17,5.86093852142237e-16,-1.52298420816087e-10,-8.81518107292684e-08,-5.59455186173895e-10,-8.77190362892341e-07,4.16175637859012e-08,1.39066005930889e-09,0.000321022705362365,7.24168887800263e-09,-2.15048779096174e-07,-5.71374544899861e-16,4.18562898884052e-11,3.0815602050885e-09,8.76217888842596e-09,1.43718877263505e-06,2.01150594884257e-16,1.0463334731915e-16,1.25602362505083e-07,-8.31857431976808e-16,3.5800434874876e-16,1.66124060922857e-08,-2.54312655166931e-08,-4.76522808885516e-09,-4.95297441034087e-08,1.34489127976486e-07,3.52195574365944e-08,4.57408499247793e-08,6.98761527364807e-18,4.99608613361771e-06,1.48253679506104e-08,0.000266872279709232,-6.38310514724066e-09,2.86751470836869e-08,6.74974847094996e-16,6.32181358075798e-16,1.14546040949163e-15,-3.20015121644616e-07,-1.60001223025908e-09,-1.0448465325245e-07,-1.33532823050351e-16,-1.36181552024334e-09,-1.31611763013696e-15,1.59990058758358e-16,4.03912953383261e-07,-1.02185875682212e-07,2.39088263076503e-15,-1.06124390452903e-06,-1.68847421067265e-08,-1.33186785059464e-14,6.1022483575978e-08,-3.04675611244306e-15,1.48580114474082e-05,-1.78839952483628e-14,2.00385037971567e-05,1.33630149359544e-06,8.36981168325745e-08,0.215836875689444,-0.00198480835311772,2.29769295445516e-08,-3.27108536111025e-07,-7.63111792634938e-16,-1.11448977846103e-07,6.00096317577999e-09,2.22901982374495e-16,7.44253673539087e-10,1.36689248887636e-08,-2.90814199963255e-09,1.92657803063677e-16,-7.12113615223502e-09,-8.96656455906033e-09,1.20620744355429e-16,2.33449097655265e-07,1.71828986182081e-07,2.09946111531844e-10,-8.60057971778142e-16,3.31839318957264e-16,-2.93352750885021e-09,-6.96981757836933e-06,-1.13376802201944e-08,6.72109327308026e-10,-5.05259302118615e-07,4.75164059039296e-16,-3.99181001848035e-17,-1.7587146633309e-07,-3.09649317753062e-10,2.88190814766454e-16,-3.86687458190988e-06,-2.12486640924078e-16,-1.02535872900131e-09,1.53911796235473e-08,2.04139428855066e-08,1.3078660836901e-07,-7.54572934706051e-17,-2.3757913588884e-16,-4.29404687011207e-16,-3.35969429723982e-17,7.20958367901322e-11,2.42606441513936e-10,-2.07431034564003e-16,-2.27112142222342e-17,-1.86147725281744e-16,-3.04566793461872e-10,-2.59802528098913e-12,1.22995106936949e-10,1.58912787520181e-16,-8.04518669565712e-16,-7.07333497329543e-16,2.65265157022012e-09,-7.8629630279446e-11,-6.07475277819304e-16,-8.89761527271159e-12,1.83083254751445e-10,1.77049114277508e-16,-5.99379522597066e-17,8.5460804055823e-09,4.32670646847604e-13,-1.33002987896677e-10,2.46867975010533e-16,4.02373427886926e-11,9.87477981801309e-10,1.55062091513903e-09,-8.19410598054859e-09,-5.23538405051761e-10,9.64089118977732e-12,8.55525271319237e-18,-8.47722112688341e-18,-8.7117686316246e-17,2.96533671959859e-10,-2.69972567173498e-10,-1.10250016859646e-08,-1.01351854533112e-10,-4.00409379876429e-16,1.00653222508718e-16,-1.32070534831993e-16,7.95406388414443e-17,-1.84761617404389e-16,5.66695695743679e-10,-1.3336411762065e-16,-1.22823053610848e-16,-8.1141514447976e-07,-2.33374573852011e-16,-1.51856236594197e-08,9.78757761817571e-17,-1.11776582003837e-08,3.12768995479085e-17,-1.47268699567199e-08,-1.51971229777665e-07,-1.7015083146793e-09,-1.03632783039736e-16,1.08419299938383e-07,1.15891211283399e-16,1.03606250591636e-08,-1.77969482762267e-09,9.88015233131315e-12,-2.33962296918959e-16,5.60087731502723e-08,-1.31872659924751e-16,-4.21724453067994e-09,-2.15766431941489e-09,-1.49573873918196e-16,-3.71983724925031e-17,2.54528594533523e-16,6.19398566826565e-17,-3.42172852985824e-10,-1.76885361112787e-08,-0.000504113272636211,9.35941304496096e-17,-2.49083796092698e-17,-2.41336449152425e-10,1.97296474253525e-09,-5.62483743064785e-16,-2.00341230642637e-16,-4.15205723177997e-09,4.76739548491088e-17,-8.12980093977058e-08,3.15453131125508e-16,7.66788305832585e-09,1.66587729405877e-16,-5.67031375524929e-16,1.27992381000718e-16,-4.88901350773706e-16,-6.82821834757481e-17,8.36450407138735e-17,1.55684010805649e-10,-1.08954311042763e-09,9.20115350478682e-17,-7.36460132428301e-10,3.11695490653454e-08,-2.90643627804443e-16,-7.23813967689479e-17,1.50135569740626e-18,-1.04210829674871e-17,2.95291267240233e-08,8.00608525427392e-08,-4.67640989946315e-17,-1.06456510945985e-16,-5.83835771689465e-09,-1.88769285766016e-09,-2.86740307719169e-11,1.00663299630749e-15,3.19188119809601e-16,-7.72154496937825e-17,3.80468434748765e-17,-2.08465392407369e-16,-2.20117407071458e-17,1.42709548918333e-06,-4.19677498707304e-08,-3.76040026624895e-08,1.34997604362569e-17,3.28855925893952e-16,-3.59482347937555e-16,-1.83586072150505e-16,-4.28904895800465e-16,-3.31651270616278e-16,1.31351927910454e-17,-1.24054025563071e-16,7.18857768610018e-17,7.72258436471439e-17,-1.81028303316667e-16,1.45184471724001e-16,-3.51484357495876e-17,6.18103729921242e-17,1.27240190084712e-10,-1.2218600582429e-17,-6.50379603928392e-17,-1.6439788772065e-16,1.81698237964687e-09,-2.25148981462306e-09,-1.12573802925448e-16,-4.70462594035309e-11,1.68353401083255e-09,-9.15216981679691e-17,-5.58157348533742e-16,-3.28827826453331e-09,6.16790454227516e-17,4.26373468449943e-11,1.30466527845496e-17,-8.00833017351675e-18,-1.21324470025583e-16,-2.44187560082019e-16,4.37944240982317e-09,-5.87401432840920e-09,5.63206655461946e-16,-1.11806896631974e-16,3.64538741345116e-16,-6.37920088927981e-17,-9.11271925974066e-17,1.79690149473556e-16,2.83649453775288e-16,4.28900612891675e-16,7.62418617704988e-11,-2.20369158385193e-16,6.77741578708225e-17,-2.15596360843578e-16,-1.01277214646441e-16,-2.62369448402008e-16,-1.39790182670639e-16,-1.68316017827682e-08,4.56319711230718e-17,1.83011071077024e-16,1.14179401627783e-09,-4.46288541777771e-16,2.07010593379224e-16,6.06201536040576e-19,-2.38003309419156e-16,9.83221604938946e-10,2.20062801360204e-17,-7.46256871136398e-08,1.58591559651303e-16,2.50738340787161e-16,4.39246603903835e-16,5.43385717586382e-16,4.82394285443579e-16,-2.97659572304128e-16,1.1959212788923e-09,9.32253670417925e-16,4.30222826876358e-17,1.52348698753641e-10,-1.50661818942937e-07,8.37094893332092e-17,2.61495249358295e-08,2.81797277637226e-06,5.44995640953007e-16,1.17828933465234e-16,1.02176347481881e-16,3.30014529450763e-17,3.23540600939417e-16,-4.88700319162723e-06,6.04055913954388e-16,-5.78423104182175e-16,-1.07079585383366e-16,4.22088379949806e-08,1.58190740249095e-15,4.64629361568302e-16,-3.97709148320381e-16,-1.96187858496176e-16,-1.92118277956027e-07,1.52173725343879e-17,3.40245278507342e-11,-1.05479797488839e-16,4.01807558024929e-16,-5.74929779340936e-16,1.91622985622599e-16,-5.90860895968976e-16,4.84062028725866e-16,-1.49752380455517e-16,-6.02337541198146e-10,-7.9241213318635e-16,-1.83478168134477e-17,2.54527835013127e-10,6.09654526313544e-16,-2.63922067059265e-16,1.13981879936557e-16,-4.73254504324515e-17,-1.3142016742799e-17,4.01470268847358e-17,-1.87595204967304e-09,-5.30202616586742e-17,-5.41505343709226e-16,5.62935786180797e-10,3.25783280470275e-16,-2.3432126852455e-16,-8.04962128705614e-16,6.31946284206042e-16,1.89094606907903e-15,-6.06714301726316e-16,-2.0987949895168e-16,-2.45842465830555e-16,7.55727107990411e-16,5.03079942901625e-16,2.43778077115298e-16,-3.0468200178922e-10,1.01452274723975e-09,-2.15866178677878e-16,9.79790101467084e-16,-3.44270511381871e-16,-1.57884386347607e-15,1.01692742768278e-15,1.521653812778e-15,-1.27118658801003e-15,3.59585960597531e-16,-9.90182493893041e-10,-1.71114625224941e-15,2.33387558495831e-16,3.65714519497043e-16,4.46082637585326e-16,1.18098655520126e-10,1.29842222659829e-15,-1.9400193796814e-11,-6.36017864710064e-16,9.96022534967196e-16,9.06718725739966e-16,-3.19148811768135e-17,5.02617672820473e-16,3.5157664291915e-15,-9.1895105892477e-16,1.91198297284692e-15,-9.61347507943504e-16,-2.64266957468666e-17,9.87750040210778e-16,4.08659860730849e-16,-7.76650295446329e-16,-6.54804555262975e-16,-1.79340785815076e-15,4.93202953050106e-15,7.41643412084126e-16,8.84001152710631e-16,2.41557111695999e-15,-1.8387713966911e-15,8.49960293120011e-16,6.96242336307851e-16,9.78455448523141e-15,-3.31466760391876e-15,6.98721834578492e-14,0.406844941868618,4.67946597384041e-16,-4.07849858548636e-15,-1.50296071444969e-15,-5.58805693305338e-15,3.00073197294168e-15,-3.36770101294138e-15,-9.13282875979687e-15,9.61064654967338e-15,1.83976283956564e-14,-2.8672533391274e-14,-7.10506414987322e-14,0.707106781186546,-7.46176351838792e-15,-9.1978896370447e-16,5.61798162266232e-15,-1.48544373416626e-14,4.75468289843611e-15,-9.10384876728885e-09,-3.64912186114724e-16,3.11420538977782e-15,-1.93789139268019e-15,-4.49202022413976e-16,-2.93638832261943e-15,3.34038609793466e-16,8.1197133832018e-16,2.71362197973037e-16,2.21330779903769e-15,2.39800231146983e-10,3.96629630901397e-16,-8.12184324648959e-17,-7.24770611481448e-16,3.39069409917595e-16,5.09464685742433e-16,2.07733726548335e-15,-6.43099735600027e-16,-9.53966047075174e-16,8.25940985367408e-18,9.8466760726993e-16,1.27336940700305e-16,-2.29388481650743e-16,-9.46497270494635e-17,1.99958028414564e-08,-1.25604234380601e-16,-5.09596798713118e-16,5.65237435162245e-16,-5.69097720337641e-16,-3.57962071127561e-10,1.99216336864883e-18,1.01966391619668e-15,2.80531441941283e-16,4.55412660647801e-16,4.65324872545384e-16,-6.98562253345559e-17,8.05258390460955e-16,6.78265114176516e-17,-2.03151204712239e-16,2.42886002271683e-16,3.19309558890096e-16,-1.90732946745568e-16,9.99293256090134e-17,-1.21721007144813e-16,2.08903610949001e-16,4.89824363734623e-16,-3.04473669601029e-16
"t858",0.0373320896695417,-0.0116672328263656,-0.012809946472726,0.00078885502339184,0.00762287371682729,-0.0218477433849984,-0.00310609976637869,-6.90318656234146e-06,-0.0715103937231455,-0.0610243138668435,-0.0724438320456818,0.00105496522584587,-0.00232318943292459,-0.000516354118028918,-0.0158967683136827,0.000430265268988241,0.000296927830780031,-3.73479756218323e-05,-0.0182060738268517,-0.0082495613863024,-1.71476688929711e-05,9.10592626731434e-05,-0.118190717422463,-0.00482765511476049,0.000455627760489098,-0.00387493019019931,0.0381843249200599,0.000286690667057484,1.90950678975657e-05,0.000292814921264411,0.140039663362296,0.00132446272185229,-5.26259503365236e-07,0.000796383181519309,-0.00127665917291164,-0.000248384610047222,-1.1445845034618e-05,4.68582592210869e-05,0.0146654684252196,-0.00145193165134605,4.70256928423403e-05,-0.0123905970307666,-1.85411398343684e-05,0.00110925035667548,-1.64209467623257e-05,5.16072574429994e-07,-2.41484952430213e-08,-1.10072155172579e-07,0.00016220369018956,-0.00050525468501168,8.16239790397472e-07,-1.35433998963574e-06,1.84305442536113e-06,-6.88546217092814e-07,7.71806088028657e-05,-6.09335970001726e-05,3.95475551483932e-05,-5.15170809463775e-05,0.000452231966416561,-8.72117903353287e-07,-9.24769145720047e-07,5.18126068568122e-05,-3.32114628398393e-05,2.5493247224936e-05,-0.00605427008487559,3.4654904491499e-06,-3.05688383764389e-05,0.000101368135481009,-2.53980964997231e-05,0.000122133478779883,-1.5514023583619e-06,6.58069456206081e-06,-2.49401228800362e-05,-2.03580323382485e-05,8.84927778541091e-06,8.52869952880255e-06,-9.21475969076601e-05,1.91192040575905e-05,-0.100577720196776,0.00204885285820859,-4.69225012826011e-05,-0.00329950688135519,0.0257324136888247,-5.31390269996636e-05,-9.26157950014074e-05,-2.46256509670975e-05,3.6468197425431e-06,6.20892655794329e-05,1.15880012168258e-07,-4.63646467782543e-06,4.58569371182778e-05,-1.95656184678351e-08,-1.31284984149912e-05,9.36541865029319e-06,1.20601436582291e-06,1.29517187372811e-06,1.51573886736973e-07,-6.21573780642966e-07,6.1841299571156e-06,6.22507344614481e-05,-4.04127223658041e-08,1.18276951738759e-09,-4.71379737987385e-07,0.000123929388152657,-0.235245309569754,-5.65094885321767e-06,0.000610400241058312,-6.99352609499952e-07,0.00104908059942003,-1.29165680402149e-07,-4.16788285283696e-06,-6.52552592612759e-06,1.97489064300114e-06,-1.62736949962856e-06,1.78338216942659e-06,-3.68024690736643e-06,0.00720224733418582,6.46469331646492e-05,2.34950169104011e-06,-1.25674796348483e-06,7.68012451348001e-07,-1.56071379240142e-06,2.09705766706245e-05,2.07281124213431e-05,-1.00444952394051e-07,1.92470273612967e-06,-1.98089675497361e-07,4.30505615077009e-06,-2.9220479664556e-06,-0.000101276625864329,-7.2732678281301e-07,2.11886688744856e-06,-1.64461067754843e-07,-1.90577149197757e-05,3.301413488379e-09,-2.12791538948289e-06,3.86835770367402e-06,8.60998075999576e-08,-1.23156437593684e-06,2.84284294198879e-07,-3.63813116900052e-06,2.25538666754196e-08,7.10692460299927e-08,9.08071063113464e-09,5.27131374464466e-11,-2.91571246560603e-07,-4.21820482887536e-08,6.5768775182821e-05,3.00180950951036e-05,-4.0621932426875e-08,-5.08496748590371e-08,-2.8017512581125e-06,-4.02462701944758e-08,1.02082149501185e-05,-4.362612844348e-08,-8.6194497784101e-07,5.5000905587433e-06,-1.38572970211075e-06,-1.14921900757593e-05,-1.70918239937901e-06,-2.69873800849551e-06,4.53479890301542e-07,-0.046851108663149,3.55654112595678e-05,-2.45226135518341e-06,8.3688310418934e-07,-7.09404860593358e-05,-9.23993024015667e-07,-5.77464547814528e-05,-1.97788898089791e-07,3.58872588843342e-07,6.25919409064794e-08,-5.97713711419105e-09,-2.7163413879694e-05,-2.72634277286675e-08,-5.25403349937257e-08,-2.23507551413936e-09,4.04307112569067e-08,-1.68761012443391e-07,-5.75506505240555e-08,3.91150869732882e-07,2.60258672273571e-07,-7.11276588531151e-08,-3.66888968421008e-10,-1.43819400701714e-08,-2.02596343879297e-08,-0.000321974214028224,-1.24845962553707e-05,-5.64213458869346e-05,-5.06006899715064e-09,-0.0013899049919537,-2.8673171596923e-07,-1.79401243734473e-08,1.00285170446299e-11,1.71123563497844e-09,-6.5842180951192e-07,-4.54080431656563e-07,-8.4281696864607e-09,9.69624810956397e-07,2.39234992339938e-07,1.0054036795908e-06,8.8374284425133e-07,-4.64129136013388e-07,-4.78746102029262e-08,-5.46592830186013e-06,-2.55521362868476e-07,3.61425661681165e-06,1.95375722389975e-07,-1.10701183186733e-05,-2.48006400154713e-09,-4.98046123526636e-05,-3.1640168427361e-07,-7.1841177560599e-07,-2.02453904536701e-05,3.23710293576579e-09,-5.58691420477673e-08,1.70344939165528e-08,1.0945206260493e-08,-6.69568718863868e-05,-1.33359702035716e-06,-6.18100395255784e-07,7.70224663499426e-07,1.71602967319472e-07,7.38018578186949e-07,-2.30821908116106e-06,-1.33384649828739e-07,-1.26763435658054e-05,-8.1144360962052e-08,-0.000318525142516957,-4.33529925667709e-06,2.50631281859203e-07,5.40316675623333e-08,1.69103438711079e-06,6.28018875820468e-07,-6.62940292450891e-07,-7.02209363469025e-09,-3.18620641918728e-06,1.06277827608184e-16,-3.13619569028902e-08,4.51900956592588e-07,-9.79578716827171e-08,-2.65655866534214e-07,-3.75721226555422e-06,5.21271185113324e-08,-8.81090805402284e-07,4.91504076183049e-07,-0.00636719544504749,4.2317027502041e-08,-9.08991865978117e-08,3.94692338852338e-05,-2.65106194484947e-08,2.95287184697465e-06,-4.64094746515961e-05,1.56715580110879e-08,-1.21100222162445e-09,6.83735752565161e-08,-1.14061989506924e-07,1.9069779183449e-06,0.00243527886094443,-0.391140347129474,-3.04170065172579e-06,7.10728558732383e-05,-3.7926442004836e-05,1.75718367215099e-06,-2.25621564817557e-05,8.15766068754728e-05,-9.48948871004689e-09,-8.1677101781133e-05,-3.9189046052968e-07,-2.84807316955692e-06,-7.20351103948818e-09,3.36508309927807e-06,-1.70695956947643e-07,1.07590395435561e-07,-1.58857144650774e-07,2.908397797119e-07,-1.99623004421121e-07,1.32176945044445e-08,-2.02941726688298e-06,8.2928907217394e-09,-1.30320526140153e-06,-5.53398103706166e-16,3.99573687534374e-06,0.00134236519200062,1.76805741442452e-12,1.40250895473887e-08,-1.60949630310222e-08,8.6251624033655e-09,2.26106751186842e-09,5.56870729847264e-13,-7.34899152305918e-10,3.50007549737344e-08,5.73690972515097e-08,-1.40676419960248e-09,8.41682459686994e-07,-3.03932427711662e-06,1.0224167232719e-07,-0.000688041858031602,2.54633916576879e-08,4.64890904805413e-08,7.26214052491007e-10,3.75355597099465e-06,-6.98416789025007e-07,3.22044870750157e-09,-1.0714795476896e-06,1.35048590982042e-07,-5.01680568392327e-07,4.46245477864072e-07,4.03444041316048e-06,2.10668323922565e-07,-6.82966792592136e-08,-4.78042123645327e-07,5.29582273300608e-08,-2.70096859862479e-07,7.92961331259638e-07,3.57287683497463e-06,-0.00132708695604113,1.81834713945122e-16,1.62674079198211e-07,1.22211227139358e-06,-2.75602435730743e-07,0.000153057449465015,1.71516507750228e-07,6.39787892987203e-05,0.0878947178122187,1.6715897987493e-05,-2.38578087706335e-05,1.80357585264569e-16,0.000818415410832623,2.29547365679678e-09,1.5132082937207e-06,-6.38466891947059e-08,-9.72083241063441e-07,5.71031504009992e-07,8.12957356031232e-06,-1.97400530531791e-06,1.63942246000428e-07,-8.9122762899028e-06,2.62047800908644e-08,2.38757067399972e-06,3.09250231618912e-09,4.28933414665673e-10,6.08516915162753e-06,-3.21478643310231e-08,1.05820305730005e-05,-5.64221364927452e-17,1.37829510683773e-07,-1.04739970005529e-08,-3.01760550702694e-10,-2.457403536062e-09,3.6915709570654e-06,2.50419477627802e-05,-5.96352322348323e-08,2.17977490090465e-07,1.21501924933612e-07,3.07383707248694e-16,2.13980288145047e-06,7.50250023686771e-09,4.52110140152478e-05,-7.11890592814768e-17,-4.38289058022821e-07,-5.578176154623e-08,8.55157033854122e-09,5.83651055964966e-06,1.09823056425286e-06,9.96186377906935e-07,1.85082692515536e-07,-9.45788433930628e-07,-3.96681006836182e-08,-2.14389086300909e-09,-4.753282538488e-07,-1.43734646566467e-08,-2.49499012419833e-16,5.22962474128476e-09,-1.9056513830205e-07,-7.94453217030632e-08,4.74218402793699e-07,-2.04464144331779e-17,8.64617607227853e-09,-1.39519805024456e-09,1.489807759822e-07,2.06842103941062e-09,7.24268558047244e-07,-6.61184037041368e-09,7.85413348655428e-08,-3.14686406020368e-07,1.46729102352217e-16,-8.48396140198865e-07,3.91990604588894e-09,-1.08128126031058e-08,-1.09925149693641e-06,1.44116702823582e-09,1.65721698092248e-07,3.46944695195361e-16,4.55008204894659e-16,0.0125576503820589,7.80600199469473e-10,-1.03589566602921e-10,1.01091416980121e-07,1.57091544187639e-16,2.58054248304131e-07,8.38328365254637e-09,3.76624027654961e-16,8.63578404007195e-17,-2.44656021356928e-17,8.25109245379255e-08,2.60704162928508e-09,-4.2180503595057e-09,1.6348830437901e-07,2.38045244942917e-08,5.41233974389249e-09,-2.39911272775226e-09,-3.37576503093775e-16,-7.254418739865e-10,2.24324163740903e-09,1.52418104270926e-16,-4.39622221800484e-16,-1.95415199647026e-09,-1.21220816897977e-10,-1.36348384503055e-09,3.66096992194086e-07,1.60409595626861e-09,-6.55233139899979e-08,-2.88956821648111e-17,-2.36755843885324e-08,2.66726250662525e-16,-1.41260770032899e-06,-7.67100142087807e-16,-2.1315603466103e-09,5.55111982006546e-17,9.43736968470869e-09,2.52342949721433e-09,2.37050145182209e-07,2.01600484100295e-07,9.10216625527285e-09,-1.15713446315179e-09,8.08289272614085e-09,3.98228073033389e-09,1.91378866078342e-06,7.07933521620428e-08,5.21138738053017e-09,-2.33628090945103e-08,-9.24781461211592e-06,-0.0706547392448065,4.61505241766068e-08,4.54753215777362e-15,-9.76750907259447e-08,8.91731910033332e-09,-1.44994279526506e-09,-3.94676911980953e-16,-1.9805499298163e-08,-3.3403989291215e-08,-8.15391160006663e-09,-5.14019162978499e-16,1.68449386015899e-09,3.72882966723813e-08,-4.26579395760664e-16,1.54963334781338e-10,3.01064099451617e-09,1.59901550730045e-16,-1.36559336659123e-16,-1.52298365788696e-10,-8.81518102626302e-08,-5.59455180087474e-10,-8.77190362996924e-07,4.16175637990264e-08,1.39066004865291e-09,0.000321022705363308,7.24168899475708e-09,-2.1504877914749e-07,-6.02870618010565e-16,4.18565560335611e-11,3.08155997377099e-09,8.76217934193486e-09,1.43718877246405e-06,1.60261763078894e-17,8.76784792319146e-17,1.25602362710631e-07,-5.92364461614152e-16,1.93444593841352e-16,1.66124062813381e-08,-2.5431265651849e-08,-4.76522793743073e-09,-4.95297440699659e-08,1.344891281131e-07,3.52195572972553e-08,4.57408500573407e-08,2.85060846205966e-16,4.99608613353456e-06,1.48253678528089e-08,0.000266872279708913,-6.38310514919529e-09,2.86751466180952e-08,9.43528225285292e-16,3.03404858510603e-16,1.09164352285507e-15,-3.20015121221537e-07,-1.60001204705787e-09,-1.04484653487837e-07,-5.84222540639511e-16,-1.36181509482057e-09,-1.03491624417569e-15,3.25010927934351e-16,4.03912952886777e-07,-1.02185875659449e-07,2.19962936753859e-15,-1.06124390486047e-06,-1.68847420811586e-08,-1.38342166389632e-14,6.10224832483938e-08,-3.33161349048796e-15,1.48580114474614e-05,-1.78414921171358e-14,2.00385037981359e-05,1.33630149342851e-06,8.36981165214295e-08,0.215836875689441,-0.00198480835311737,2.2976929162533e-08,-3.27108536339924e-07,-9.73186276822844e-16,-1.11448977804257e-07,6.00096322281931e-09,1.07173165622662e-16,7.44253755896094e-10,1.36689248127531e-08,-2.90814223851709e-09,-2.31745484694859e-17,-7.12113639092177e-09,-8.96656484596107e-09,8.5575953613766e-18,2.33449097751985e-07,1.71828985906428e-07,2.09945953692669e-10,-3.07212861776078e-16,4.76561563830331e-16,-2.93352727506894e-09,-6.96981757873777e-06,-1.13376809339517e-08,6.721089334514e-10,-5.05259301790423e-07,5.24751671229015e-16,-1.00731434617028e-17,-1.75871466754884e-07,-3.09649122357998e-10,3.78116003518796e-17,-3.86687458219562e-06,5.19721861293785e-19,-1.02535886223644e-09,1.53911794379815e-08,2.04139430896735e-08,1.30786608303301e-07,3.8331946355876e-17,2.66842798633664e-16,-2.95343093728532e-16,6.02423394443084e-17,7.20963927459521e-11,2.42606275889207e-10,-4.86341672961524e-16,-8.2257563838264e-17,-7.41259942997375e-17,-3.04566857844132e-10,-2.59802010149717e-12,1.22995218486598e-10,-2.44772719490271e-18,-8.88381707607466e-16,-2.62675081338926e-16,2.65265157780653e-09,-7.86293880662264e-11,-1.28273229027144e-16,-8.89748810861764e-12,1.83083271316421e-10,-4.59538731957303e-16,2.20588186071609e-16,8.54608049423026e-09,4.33200098268132e-13,-1.33003059132762e-10,2.83887802308168e-16,4.02373964244908e-11,9.8747799868942e-10,1.55062065813056e-09,-8.19410604698728e-09,-5.23538056650055e-10,9.64088587160899e-12,1.22193991355437e-16,3.05577989920798e-16,4.75355624296362e-16,2.96533525338615e-10,-2.69972483000288e-10,-1.10250016368602e-08,-1.01352067721398e-10,-1.82957811107883e-16,5.38541192790712e-16,1.09566185492617e-16,2.07124936211999e-18,-6.69549116101918e-16,5.66695701779407e-10,1.25523167184708e-16,-4.40647114869056e-16,-8.11415144090262e-07,1.76154387048498e-16,-1.51856239702401e-08,-2.03525718310863e-16,-1.11776577693929e-08,1.22172292541762e-16,-1.47268704509344e-08,-1.51971229891755e-07,-1.70150850798845e-09,-1.58467995323034e-17,1.08419300596727e-07,-7.14418287568956e-17,1.03606249665456e-08,-1.77969485253856e-09,9.8803086068104e-12,-2.09937191839149e-16,5.60087727117917e-08,-1.48768380524408e-16,-4.21724464075483e-09,-2.1576639971296e-09,-3.98320784793705e-17,4.30985844287864e-17,-5.04037245727794e-16,3.7827126666239e-17,-3.42172914980722e-10,-1.76885363326031e-08,-0.000504113272636814,3.86163128769735e-17,3.59788412544384e-17,-2.41336501581237e-10,1.97296462500773e-09,-4.56011512809984e-16,4.62660953401899e-16,-4.15205618454613e-09,4.43345287529366e-17,-8.12980096558422e-08,6.55529731838566e-16,7.66788311958119e-09,-2.80254714274577e-17,2.66741139470634e-16,-1.70749494007744e-16,6.40593066580246e-16,-8.51789346151354e-17,-1.16498680326958e-16,1.55684532955099e-10,-1.08954285196252e-09,8.23042546777343e-17,-7.36459968331942e-10,3.11695493859295e-08,-1.80158101858537e-16,-1.12226771436892e-18,-1.012101974203e-16,-2.05357728031373e-16,2.95291266327139e-08,8.0060852732154e-08,-3.40557049165418e-16,7.09870028076341e-17,-5.83835790507877e-09,-1.88769357301499e-09,-2.86742653842594e-11,6.44440260192896e-16,-2.16765413316491e-16,6.13970028540227e-17,-4.78059149408621e-17,2.7317161879283e-16,2.75054533325384e-16,1.42709548846334e-06,-4.19677494481351e-08,-3.76040015428937e-08,1.42205230550535e-17,8.82579767262673e-17,-6.37903870501422e-16,3.39198962700905e-16,3.75755274021611e-16,2.0901338132845e-16,-3.53026184558524e-17,-1.51216144499194e-16,-1.01525501198038e-16,1.75590787266598e-16,4.1138924385554e-16,2.35161060142286e-16,1.86709110981617e-17,-1.08242592625149e-16,1.27241150562271e-10,-5.71237625800142e-17,-9.97324393781975e-17,1.91810560799887e-17,1.81698217138478e-09,-2.25148856704491e-09,-3.58066768138951e-17,-4.70458816668951e-11,1.68353411154782e-09,-4.11740088450838e-17,-7.84885906525057e-18,-3.28827868820384e-09,5.28285099907704e-16,4.2637219147781e-11,-5.11855361856771e-17,3.02624532127653e-19,2.67195161732985e-16,-1.8076525179222e-16,4.37944198886278e-09,-5.87401430383491e-09,-7.20054980246778e-16,9.79676879956029e-17,-1.35001007427315e-16,1.82403199418125e-16,-5.21501244965528e-17,-3.25953719333886e-16,-1.03358621054461e-16,-1.89744376330342e-16,7.62415230995209e-11,2.7467457529948e-16,-1.40903951341962e-16,5.6669072951803e-17,-4.64975602450994e-16,2.03372259393161e-17,1.16189950253187e-16,-1.68316019417342e-08,9.9995151786413e-17,-2.54730523761842e-16,1.14179407846781e-09,2.74267322082807e-16,-3.73385141819279e-16,-1.18312031572817e-16,-3.6605561493738e-16,9.83221718041401e-10,-1.51029652724528e-16,-7.46256871467105e-08,1.52714205744507e-16,1.77485455166504e-16,-1.24928253088218e-16,2.98363014626473e-16,-2.49156506640428e-16,-2.25505999529052e-16,1.19592127521657e-09,5.26537581057951e-16,-4.4391726864112e-18,1.52347432892137e-10,-1.50661818799795e-07,-1.463398779024e-16,2.61495249472017e-08,2.8179727766196e-06,-5.14954222749184e-16,2.41156984929577e-16,-1.52331804577074e-16,4.96217595633318e-17,-1.81740074199218e-16,-4.88700319235594e-06,-1.45292182672604e-16,4.86375237547629e-16,1.04837047194812e-16,4.22088377907319e-08,1.41002898038154e-16,3.4241365552741e-18,3.26205428575401e-16,-2.62341929636377e-16,-1.92118277554623e-07,-7.77892813992111e-16,3.40226819654023e-11,5.75064505548554e-17,1.6222597894471e-16,5.02089832807282e-16,-1.63554274095805e-16,5.2671462527165e-16,9.44643223530708e-16,2.72680124664165e-16,-6.02337627344676e-10,-1.24723807294443e-15,-5.49541717263465e-17,2.5452818082954e-10,-8.5879690881312e-16,2.84491140355071e-16,-1.05605795665964e-17,4.11055828675836e-17,-7.32041273787359e-17,-2.10523363460987e-16,-1.8759512866437e-09,1.02090469826124e-15,1.41467719415769e-16,5.62935537190307e-10,1.89492577741156e-17,-2.07126279684098e-17,8.49663837833114e-16,-3.3027432958176e-16,-5.18458893189911e-17,-4.49213014387747e-17,5.53148344047082e-16,4.57601275271863e-17,-5.40107816365037e-16,-1.01830679438996e-15,2.42015193381871e-17,-3.04680771446717e-10,1.01452293906205e-09,-6.70886945634905e-16,-1.06613623292879e-15,1.94559631061594e-16,1.12789075206404e-15,-4.53847029402432e-16,-1.38990243841348e-15,1.61782396391985e-15,-1.67796507101742e-16,-9.90180105592377e-10,1.32131435614915e-15,-4.63791672633166e-16,-6.78809564744423e-16,-8.67303453635563e-17,1.1809898352908e-10,-2.19866707863098e-15,-1.94006430358601e-11,6.09968602897389e-16,-6.82275339457194e-16,-3.6188161620269e-16,3.73701064803918e-16,-2.58917259273619e-16,1.62308485187841e-15,1.47885666415447e-15,-1.0410367575845e-15,7.98425716123469e-16,-2.11278225866218e-16,-1.51047568217331e-15,-2.04283352862148e-16,2.16828182286663e-15,8.72587283806655e-17,5.78301879020156e-18,-2.41795728099114e-16,-8.01265217089819e-16,3.32569123911766e-16,4.18876457126076e-15,1.66173916449151e-15,1.12242029906562e-15,-6.89862448156789e-17,8.46433505232297e-15,-6.23661865875707e-16,6.89606701713262e-14,0.406844941868617,1.47189923312553e-15,-9.84727686298972e-16,8.2047493988392e-16,6.17407524237212e-16,-3.55770549599228e-15,3.48557371297394e-15,9.1247655155239e-15,-7.00634806771088e-15,-1.92629874986664e-14,3.04304873231507e-14,7.02619386283576e-14,-0.707106781186549,9.26499235479931e-15,1.16314546834671e-15,-5.44462203495156e-15,1.4551916160807e-14,-6.1945418947041e-15,-9.10384854843089e-09,1.75755705170476e-16,-2.74546929949608e-15,1.65237760036276e-15,1.36644547124213e-15,2.49716553678597e-15,-9.31884288526708e-17,-6.91836734506975e-16,-8.01826444869338e-16,-2.19742620072021e-15,2.39800462021139e-10,1.01112831721187e-15,-2.06155912526299e-16,9.38678866482755e-16,1.83206039483332e-16,-9.23335068135262e-16,-2.09037532828847e-15,2.90340793222402e-16,9.32980679878672e-16,-4.85090577729833e-17,-1.28056026365428e-15,-6.30516946137005e-17,8.90495546717286e-17,2.1711343225115e-16,1.99958027461098e-08,-3.49161275941107e-17,5.7831337823647e-16,-3.31762024781665e-16,-2.32127685129146e-16,-3.57961755718322e-10,-3.63345105303868e-17,-5.18498239740904e-16,-2.74804053477136e-16,-3.31496569327213e-16,-6.72638542009902e-16,5.63910246400835e-17,-4.99321653494961e-16,-1.52324849796755e-16,1.88625497303443e-16,-1.04579044764585e-16,-2.98796681386114e-16,2.21742990600597e-16,-1.16371422801818e-16,3.58808363755798e-17,-8.78323239599497e-17,-1.0080943146153e-15,-1.86545005443121e-16
"t37",0.0372094444535286,-0.011586494402912,-0.0127184359718685,0.00078130477166115,0.00753357070604737,-0.0215475469601987,-0.00306258447006143,-6.79880084606317e-06,-0.0702338262907265,-0.0597041742035541,-0.0704574489437606,0.00101936222061205,-0.00224250689127567,-0.000498151738438106,-0.0153121060908748,0.000413512991610446,0.000285092810136691,-3.58325623880828e-05,-0.0174503700494909,-0.00787777688733282,-1.63122851837462e-05,8.57137568417442e-05,-0.110867368802036,-0.00452683148878659,0.000427125756524983,-0.00362109066126653,0.0356536540293062,0.000267521384196229,1.77843961591078e-05,0.000269123787618837,0.127966491623887,0.00120514895363053,-4.75475263380949e-07,0.000715939059144605,-0.0011412137179044,-0.000219960758680081,-1.01196965823488e-05,4.13442608940576e-05,0.0129281824099745,-0.00127741738210758,4.12137923482589e-05,-0.0108227754066314,-1.61607081543778e-05,0.000966666966743622,-1.42740195885954e-05,4.44372812379504e-07,-2.07325051847036e-08,-9.43705336826103e-08,0.000138522800803179,-0.000429651286974825,6.90118579436535e-07,-1.14197753449016e-06,1.55344282085868e-06,-5.78380945187931e-07,6.43971655249794e-05,-5.07890087281338e-05,3.23489846672385e-05,-4.19188991102515e-05,0.000367744732196565,-6.9994693117765e-07,-7.34736115458916e-07,4.09573189728315e-05,-2.61448387650113e-05,2.00478842187752e-05,-0.0047240102182297,2.6849108327528e-06,-2.33092339955054e-05,7.67346463630594e-05,-1.91610120275371e-05,9.15754283049575e-05,-1.12513666595004e-06,4.64865593769164e-06,-1.75453548438383e-05,-1.41994140777201e-05,6.16555358675062e-06,5.91997684110959e-06,-6.38662611636975e-05,1.31537224227471e-05,-0.068032367303069,0.00137627607365984,-3.11430677861884e-05,-0.00218418355889286,0.0167062584042831,-3.42948880601052e-05,-5.82407250147057e-05,-1.5374216835335e-05,2.26006936813558e-06,3.84329196635293e-05,7.17066311611613e-08,-2.86678822386793e-06,2.82738320892828e-05,-1.17400647896802e-08,-7.85762219440889e-06,5.50945097543894e-06,6.88157818147114e-07,7.35576323213476e-07,8.60655649015309e-08,-3.48723279367592e-07,3.45391650642812e-06,3.41748555032031e-05,-2.18719443879035e-08,6.39313576663849e-10,-2.54424064742295e-07,6.25348525227367e-05,-0.118082981126729,-2.82488520984213e-06,0.000302897569418722,-3.4632171915009e-07,0.000517603624302362,-6.33735985734805e-08,-2.04118680934677e-06,-3.16107293101855e-06,9.55413878808799e-07,-7.64490251127224e-07,8.32448121951884e-07,-1.69375290289285e-06,0.00329349621046356,2.90397421180543e-05,1.03713260363813e-06,-5.47380068324511e-07,3.31947088742306e-07,-6.56576321231724e-07,8.66571498723444e-06,8.5596011436565e-06,-4.13706139211121e-08,7.77977288091838e-07,-7.99427961424223e-08,1.70897738412653e-06,-1.10480302573938e-06,-3.82705419633957e-05,-2.73726386119953e-07,7.70571454911959e-07,-5.94011307883879e-08,-6.84908943384793e-06,1.16213836220105e-09,-7.46875310671999e-07,1.29741678413008e-06,2.7795005053616e-08,-3.76436802019606e-07,8.6755685557289e-08,-1.09955926692003e-06,6.78268695299228e-09,2.12014454217636e-08,2.70059817279216e-09,1.56766473912066e-11,-8.47839002366311e-08,-1.17105243349945e-08,1.73778189524361e-05,7.83129304927274e-06,-1.02984634794363e-08,-1.28615905631356e-08,-7.00783223695165e-07,-9.99996631026223e-09,2.51721769150961e-06,-1.00040042212228e-08,-1.952725816703e-07,1.23527054255919e-06,-2.49619111116908e-07,-1.94585565710158e-06,-2.86560993728174e-07,-4.27720917450804e-07,7.1018848720185e-08,-0.00678569800349537,5.10023527175815e-06,-3.23485116085651e-07,1.01105206480499e-07,-6.28965183917435e-06,-8.08745406474635e-08,-5.03757391892238e-06,-1.63866649839719e-08,2.78896057270987e-08,4.8180041456268e-09,-3.99362692204263e-10,-1.7283162255058e-06,-1.54689968049006e-09,-2.892159628069e-09,-1.21094198976713e-10,1.54302553089295e-09,-3.65078710496893e-09,-1.08119493141273e-09,6.2872214627582e-09,2.09646546793503e-09,-3.53279883823383e-10,-7.13103596761883e-13,1.30675495846005e-11,2.12249180467287e-10,4.13683480689992e-06,4.15972022413839e-07,1.9180841273249e-06,2.06641234688548e-10,8.29068505385837e-05,2.15723006926415e-08,1.44613337362453e-09,-8.88327246887725e-13,-1.61812452513096e-10,7.390295723899e-08,5.2703797979294e-08,1.04636374615748e-09,-1.24297189754053e-07,-3.80766731514974e-08,-1.61477495057707e-07,-1.53432441725313e-07,8.64845022557135e-08,1.03678432059172e-08,1.18447005724139e-06,5.60779525092183e-08,-8.23657705873567e-07,-4.56627200547816e-08,2.75733508677309e-06,6.64327124972383e-10,1.40836126725716e-05,9.09155609102639e-08,2.21054068526829e-07,6.45460361885058e-06,-1.03299133668866e-09,1.83067061385405e-08,-5.9446475758953e-09,-3.86362481897787e-09,2.50425813747741e-05,5.17550721309037e-07,2.42826871072049e-07,-3.17314379064583e-07,-7.1453027510603e-08,-3.10817180025367e-07,1.00461184207123e-06,5.84211009748115e-08,5.56061762221146e-06,3.67584556247164e-08,0.000146911190617293,2.03717298390507e-06,-1.18716595386881e-07,-2.57975457566631e-08,-8.1318777442216e-07,-3.02599987372115e-07,3.24953572147257e-07,3.4754883104061e-09,1.59215158294415e-06,1.22774315472399e-17,1.58615547820045e-08,-2.29046856664843e-07,5.02783085390897e-08,1.37269234110752e-07,1.9480619799043e-06,-2.70309935442564e-08,4.5712760626172e-07,-2.5482444815877e-07,0.00329979885332192,-2.18726344381246e-08,4.68656843692709e-08,-2.02239792020033e-05,1.35372599447302e-08,-1.5054983100369e-06,2.34270843496641e-05,-7.34263189885966e-09,5.43332012194198e-10,-2.93118750610706e-08,4.25127526341778e-08,-7.01739266329993e-07,-0.00076809590416272,0.109726062770395,6.78103129047147e-07,-1.4377885330089e-05,6.80519693917956e-06,-2.55624883666612e-07,2.02971314721415e-06,-6.78724839103294e-06,-8.90210089890169e-10,-8.04839111907309e-06,-4.07132534033884e-08,-4.64249194467784e-07,-1.34226037437658e-09,8.9437191594103e-07,-4.80484739740463e-08,1.08830876178318e-07,-1.79286098266579e-07,3.57381182057448e-07,-2.96893562272636e-07,2.28381377921548e-08,-4.91016820695457e-06,2.21538541551157e-08,-3.76840798302338e-06,3.48177801157047e-16,1.5306196990148e-05,0.00534347644696572,8.00239888789384e-12,8.80818973921575e-08,-1.39823393984426e-07,8.93276241435719e-08,2.57281586793666e-08,-3.53615606057739e-09,1.5949212686067e-07,-6.04637998037308e-06,-2.34487288581581e-06,2.1113272183667e-08,-1.15953071058549e-05,3.97124904101115e-05,-1.15544584879182e-06,0.00563479384099549,-1.93054405460825e-07,-3.51109573179316e-07,-5.47852708573909e-09,-2.51988224312247e-05,4.40054484382867e-06,-2.01980791751876e-08,6.68237501677563e-06,-8.37841856556833e-07,3.10843389136567e-06,-2.74969337906262e-06,-2.48576081004231e-05,-1.29795672923613e-06,4.2080915641776e-07,2.94729628561382e-06,-3.26974573808172e-07,1.67092146811111e-06,-4.91068029481913e-06,-2.21708045372339e-05,0.00827828412259544,-7.6514418533236e-16,-1.07124264677574e-06,-8.10503391621479e-06,1.84810813427805e-06,-0.00102670196405475,-1.15093236598172e-06,-0.0004305218087749,-0.594634418509956,-0.000113827229414799,0.000164697164275262,-1.61616554163615e-16,-0.00584215057735535,-1.64574442420262e-08,-1.0952163995909e-05,4.62631625879447e-07,7.2165611188204e-06,-4.29829146096583e-06,-6.24349614719671e-05,1.53767454076466e-05,-1.31806440129997e-06,7.3851075136661e-05,-2.21499438843923e-07,-2.04122490638287e-05,-2.66284816436801e-08,-3.74109735762828e-09,-5.31496767519056e-05,2.83387867340611e-07,-9.3957482021849e-05,3.13275175356764e-15,-1.29367104408798e-06,9.94859288839774e-08,2.8665711720297e-09,2.41645880911436e-08,-3.6494112451478e-05,-0.000264738564036503,6.43093705757714e-07,-2.35995053726364e-06,-1.33549146010676e-06,7.22225263633504e-17,-2.39349106650066e-05,-8.44741475477435e-08,-0.000521909609932047,1.35755974160621e-15,5.20120197899147e-06,6.66354460715162e-07,-1.02506881502122e-07,-7.04630191510743e-05,-1.34197158745368e-05,-1.22846614160224e-05,-2.29889218470441e-06,1.20042424210875e-05,5.04785859788076e-07,2.76975878436683e-08,6.30970045631044e-06,1.91066775055075e-07,-5.64635150057894e-16,-7.34551818742916e-08,2.70317203884526e-06,1.1520060532943e-06,-7.11573013422787e-06,-5.51327770239037e-16,-1.40174212997002e-07,2.48410748343434e-08,-2.77417895011504e-06,-3.93543074314934e-08,-1.41483689428359e-05,1.35873521355603e-07,-1.76177887499991e-06,9.09565418235973e-06,-1.63356467943048e-15,3.27901701552231e-05,-1.56074477486613e-07,4.59456419633214e-07,5.15105765778371e-05,-6.80696952393505e-08,-8.06349324368074e-06,-1.21690851839773e-14,-2.27401816398008e-16,-0.739532971194282,-5.62910141315828e-08,7.68530090597438e-09,-9.46744072705768e-06,3.8273266273163e-15,-5.73537568278836e-05,-4.85157242908951e-06,1.47950930523146e-15,-1.77676265443032e-15,1.83590545143585e-15,1.1601506180237e-05,3.15559207537514e-07,-3.43500465918768e-07,1.03766494259722e-05,1.47238875669215e-06,2.71050566069133e-07,-1.17530237432093e-07,2.21115632967501e-15,-2.54726862036972e-08,7.13092903601681e-08,-1.27221165516058e-15,3.79460690778168e-15,-4.43296262984535e-08,-2.55636718773354e-09,-2.61585861252474e-08,6.60209273443126e-06,2.57480999225596e-08,-1.03230627689858e-06,4.50227859529948e-16,-3.63619937318379e-07,6.73570037363808e-17,-2.01601808336182e-05,1.9318856410433e-15,-2.88116067058342e-08,-6.65774533639011e-16,1.18948716305524e-07,3.13542291915e-08,2.41866085102693e-06,1.96695766373596e-06,8.71287212053178e-08,-1.01617624952111e-08,6.55328248188182e-08,2.61232643586785e-08,1.25279258167264e-05,4.29633766345084e-07,2.70140444584375e-08,-9.24628225611593e-08,-2.65119861957077e-05,-0.137895549468028,6.81986435972466e-08,7.54981498583887e-15,1.17837930863231e-08,-1.71007403154635e-08,1.44718672210061e-08,-7.29385769695539e-16,2.80378263954311e-07,8.32313898305413e-07,2.69931922757858e-07,-3.50176817286269e-16,-6.57996798574167e-08,-3.78024795814879e-06,-2.11980751203678e-16,-4.74588884712088e-08,1.10238148329142e-07,-1.49975602951543e-16,1.70834368883191e-16,-4.13914764510408e-09,-2.34412405562618e-06,-1.35361283608156e-08,-1.92489763558946e-05,7.60070059398654e-07,2.50441956544794e-08,0.00566998522116656,1.06107649484612e-07,-2.77105815045713e-06,-1.11510193440134e-16,5.15761269311696e-10,3.76874385609423e-08,1.04412097664198e-07,1.66104946953353e-05,4.61370334070693e-16,1.65358497395418e-16,1.3937139599187e-06,-3.61086209498193e-16,-1.38176694465086e-16,1.45566009463533e-07,-2.14386655932331e-07,-4.01386060047262e-08,-3.83715271936355e-07,1.03021990904719e-06,2.69140164965886e-07,3.44136158891593e-07,9.13248837192261e-17,3.17964618788644e-05,9.09639971064022e-08,0.00161762517585337,-3.63800606159846e-08,1.45316634607184e-07,1.79439313782643e-16,-2.70341424806839e-16,-1.51960920825269e-16,-1.34603363019894e-06,-6.15337469603389e-09,-3.98988617274549e-07,-5.48074557315203e-16,-4.73340333679499e-09,-5.74858151068311e-16,-8.27129600132872e-18,8.03026916989576e-07,-2.01243765208566e-07,1.84639629974281e-16,-1.69951617199884e-06,-2.33904328196857e-08,-1.81883919513289e-15,5.7197369101129e-08,-9.15209460554575e-16,5.7078893716257e-06,-3.57966791808235e-15,6.68458548817149e-06,3.93259422049704e-07,2.0905263805436e-08,0.0404771855335216,-9.24327407669317e-05,-1.13991306934316e-08,4.23692192980085e-07,-2.18093165829337e-16,2.65056880119442e-07,-1.50078029754162e-08,-3.2811893241396e-16,-1.98459342593291e-09,-4.06742047733411e-08,9.48940747077906e-09,4.63144713858608e-16,3.07237130093164e-08,4.06858099256672e-08,1.01101471206708e-16,-1.13050296252504e-06,-8.58609740739366e-07,-1.1743284982948e-09,-2.43335344495036e-16,4.33539516209437e-16,2.10623773541214e-08,5.53893541678622e-05,9.19739289357948e-08,-8.38975037647084e-09,6.77116729275298e-06,-1.29177882291683e-16,-7.24854455790905e-17,2.47652389819333e-06,4.38788761554143e-09,3.44954616645259e-16,5.9646592187904e-05,-5.59280509882314e-17,1.7198525058792e-08,-2.90688790224416e-07,-3.88892782840613e-07,-2.57817393942541e-06,4.26060894331728e-18,1.92686381895015e-16,-9.06561769869053e-16,1.19630298586423e-16,-1.98449245067235e-09,-6.88211140663655e-09,-1.7131073655117e-16,-1.68727942545387e-16,-2.79827098038037e-16,9.67885044191079e-09,8.69472731086763e-11,-4.7822069334398e-09,3.94206664598225e-17,-5.8658048036897e-16,2.22803546445771e-17,-2.04314264594608e-07,6.25114059456792e-09,1.87970218993834e-17,1.0949604818822e-09,-2.86251051601999e-08,8.49802496808134e-17,-2.08411361561945e-16,-3.48176627237517e-06,-2.01775801027347e-10,-1.7224341591466e-06,-1.46980232579104e-16,1.09721979947284e-08,1.7690383057604e-07,1.89552305672183e-07,-7.06051336480576e-07,-4.18771473127695e-08,6.81084877148203e-10,-8.13188221329214e-17,3.95727200298709e-16,2.15637036206621e-16,1.28810575585146e-08,-1.1661797185072e-08,-4.55252549608692e-07,-3.44423369180233e-09,2.42227979947535e-17,3.98663960214577e-17,1.33794699539399e-16,-5.6286857822663e-17,-4.17498393275245e-16,1.63835799028462e-08,4.58475317080709e-17,-2.66550689136777e-17,-2.22065125020394e-05,3.13953880067662e-17,-4.14426437717074e-07,6.65068660332217e-18,-3.03611316511133e-07,7.31489155224796e-17,-3.67198968049787e-07,-3.71801313377746e-06,-4.0475184994409e-08,-2.22285717962377e-17,2.4949929747739e-06,-5.16556093248778e-17,2.22808841066072e-07,-3.53355871889168e-08,1.95526492800893e-10,1.18628136588167e-16,1.07554261381199e-06,2.27102549573187e-16,-7.73173514256231e-08,-3.94674755702354e-08,1.99133581752744e-16,-9.64055719416824e-18,3.45371188845376e-16,2.6903066167939e-16,-5.99356762200998e-09,-3.03475587121555e-07,-0.00214259488939153,-6.08832468850654e-17,5.30487258649167e-17,-4.03993888039516e-09,3.29538273342433e-08,8.2202808609263e-17,-4.60163930205558e-17,-6.55543128461304e-08,1.56248968319473e-16,-1.26937403003021e-06,-5.50352579390353e-17,1.16069472285115e-07,1.64285033805475e-16,-1.14648215691829e-16,-8.28979490265617e-17,6.48117105994571e-17,3.77165390652402e-17,-5.11150523194405e-16,2.22274770211230e-09,-1.55443366320109e-08,-7.20300159199416e-17,-1.03073011082135e-08,4.32826214756595e-07,-2.84898714915726e-16,5.16519457930814e-16,-8.45741338767946e-17,-4.90388749329179e-17,3.9680712541164e-07,1.06788199567095e-06,-1.6489529143933e-17,-9.3576736541986e-17,-7.72399366244161e-08,-2.49472991723308e-08,-3.77604271856839e-10,-1.50858276570446e-16,-9.75423305840078e-17,1.27846109445131e-17,-2.01472349921559e-16,2.21082252100561e-16,6.14114066532243e-17,1.77826826303768e-05,-5.20369046006966e-07,-4.63992994205265e-07,6.2530115843819e-17,-1.38541068911816e-16,7.43384937297491e-17,1.66210140998177e-16,-7.26544197810177e-17,-1.36994229105547e-16,-4.045209932566e-16,-1.44639830414542e-16,1.02825034711506e-16,2.19886936723938e-17,-9.69857053446414e-18,-1.0525918037327e-17,-2.34324041377337e-17,4.44587002091606e-17,1.45305008839226e-09,3.16523204119175e-16,-1.55948400081425e-16,-2.18117498543299e-16,2.05498516800128e-08,-2.54078229472451e-08,-1.34405477129659e-16,-5.30182773523607e-10,1.87529601594314e-08,-6.36304626721653e-17,2.49523552315406e-16,-3.61103078367459e-08,-5.05207329337085e-17,4.60292549185866e-10,-1.18936245474648e-16,1.41739931861255e-17,3.05785067772081e-17,-2.32687925779544e-16,4.60589439599282e-08,-6.16699767433836e-08,-6.14487426186288e-17,-1.71386570811967e-16,-3.05730411547764e-17,-2.21704399005512e-16,-7.75746654413378e-17,1.20324178044869e-16,1.02620668423796e-16,5.57443541548824e-17,7.35015927868304e-10,1.61237130156896e-16,-1.29297457990037e-16,-1.35795597223771e-18,1.18102128669451e-16,-2.07257390647271e-16,1.93247951325179e-17,-1.59470958269061e-07,-1.410712514913e-17,2.51136126185787e-17,1.07837038769192e-08,1.57666258536684e-16,-8.30943037111292e-19,8.8622513205211e-17,2.43984295986543e-16,8.95259245777926e-09,3.1195752559737e-17,-6.75127962118521e-07,2.46411353668964e-16,-6.76052268267624e-17,-5.02679860917502e-17,-1.14020904974914e-16,8.5597009948318e-17,-2.64386289330672e-18,1.06787785200181e-08,-1.96932972476174e-17,-9.6400913777334e-17,1.34686603922291e-09,-1.33128865946733e-06,6.76382951828861e-19,2.29095485669163e-07,2.46221422401902e-05,8.60004374575458e-17,1.55620823842381e-16,1.07314415813798e-16,-2.18226692345395e-16,-2.10838450156905e-16,-4.10441709280396e-05,-7.6001028748188e-17,-2.85992957143311e-16,-1.42204894346536e-16,3.50886056048723e-07,5.08115319012947e-17,6.65535063679825e-17,2.08611312518327e-16,2.66790296376093e-17,-1.57545978781987e-06,-1.8336493382218e-16,2.77828473608237e-10,2.01440858308044e-17,-2.89555607100102e-18,1.90572218547121e-17,-2.64301510076403e-17,1.81113354550161e-17,-7.1946476017486e-17,4.81413991113152e-18,-4.80744179487619e-09,1.04461427938941e-16,7.64515555185375e-17,2.01971677234364e-09,-4.05959258128686e-17,1.49987199366557e-16,-3.87306893391736e-16,-5.47960883317078e-17,5.87267253173391e-17,-2.26834581888721e-17,-1.46100582713949e-08,-1.41866780411481e-17,1.46538242170746e-16,4.34624531847569e-09,-1.99573342137071e-16,-1.16878876036766e-17,-8.45301536886667e-17,-4.65465587723569e-17,-9.61831463503809e-17,-6.96609383648913e-17,-9.28480606876426e-17,-1.01171227512214e-16,3.2067008504532e-16,5.47730544018948e-17,5.02148062057912e-17,-2.27211180563976e-09,7.53124518063503e-09,6.195889349093e-17,1.9017313582455e-17,1.55123952779527e-16,1.26782408728988e-16,-8.17705278488567e-16,8.27256649227709e-17,5.64279897137633e-17,1.44680349787166e-16,-7.16273020763345e-09,-4.30408135159437e-17,1.48160256488881e-17,-6.19844752341256e-19,-2.38781852455369e-16,8.32322106905744e-10,-1.37789684357648e-17,-1.31716257087191e-10,3.37805097533045e-17,6.99482319732431e-17,-1.38094947001057e-16,5.76063771187463e-18,1.70249842399322e-17,5.99933658925057e-17,1.0496584118641e-16,-1.08707972729706e-17,-2.87697793303915e-17,-2.54971473567145e-17,-1.83248927010228e-16,-1.19473756025076e-16,1.25820521075592e-16,-1.17388332347428e-16,-5.62360780992834e-18,7.94323745772261e-18,1.07148583980194e-17,-1.54110392686403e-17,-1.4939073378637e-17,-8.7658948542114e-17,3.00703472538855e-16,8.89672315336823e-17,-1.50113556125011e-16,2.89063020290194e-16,1.08980772007426e-16,0.00024399398936252,7.13983476678169e-18,-6.37306008950955e-17,1.08708263278225e-16,-1.26356868767562e-16,-4.66071074558343e-17,-3.85718607975819e-17,-2.09450956317698e-16,-8.63657092397387e-17,-8.62297975639415e-17,-1.35498119969951e-16,-2.66713734431434e-17,4.82465264227629e-16,-8.25023589484132e-17,-6.29402784921531e-17,-7.91843157384133e-17,-3.25965615967005e-16,-5.90164811528912e-17,-8.09423767676998e-08,1.0688414361894e-16,9.10980283958635e-17,-1.12083241482531e-16,3.69539570339969e-16,8.63227907086509e-17,-2.10779748205795e-16,-9.75160529813803e-17,7.54421532991581e-19,1.31455837674824e-16,1.84684362954659e-09,1.11564922216367e-16,3.68892190580622e-17,1.18134331653805e-16,1.10526961376188e-16,3.16063236960068e-16,-2.22514334317206e-16,9.6332650454977e-17,-7.80193692267211e-18,-5.40039476361361e-17,1.23503232519085e-16,6.58408688489105e-17,2.3708360132376e-17,2.0309773012687e-16,1.44755033336023e-07,-4.04110594944862e-17,-6.68194855271897e-17,-1.87914540539818e-16,-3.20815422838461e-16,-2.536833722038e-09,-6.89342063667753e-17,-5.27604498126751e-17,-4.42339850665313e-17,6.87858189579193e-17,8.71070035990124e-17,2.49160503276229e-17,1.95277791833406e-16,-6.71116448928065e-17,8.53512547141307e-17,-8.60138811376618e-17,7.5188064267719e-17,3.89752372710333e-17,-7.53790618031373e-17,-5.68837320181012e-17,3.33007673825949e-17,6.03302708297706e-17,-2.16614489409604e-16
"t144",0.0371221180433266,-0.0115285544194063,-0.012652733957249,0.000775855387636959,0.00746881653373515,-0.0213289147020696,-0.00303087387280893,-6.72254872848139e-06,-0.0692957614866402,-0.0587260608486513,-0.0689669500948609,0.000992272855467824,-0.00218098473596915,-0.000484256022214291,-0.014864266482918,0.000400619733925464,0.000275965429910307,-3.46619890292619e-05,-0.016865421462703,-0.00758771414465157,-1.56552027196202e-05,8.14139661385379e-05,-0.104933200420934,-0.00428287863414563,0.000403999374026163,-0.00341374580521043,0.0335829183047692,0.000251815047461709,1.67061609536399e-05,0.000249079882346245,0.117626354126203,0.00110204201357303,-4.30929305114789e-07,0.000644628034637553,-0.00101970303694118,-0.000193952745518532,-8.90213233336896e-06,3.62598468646143e-05,0.0113232331883587,-0.00111552735759376,3.57782740025657e-05,-0.00934607223380933,-1.39085813183925e-05,0.000831718698196701,-1.22312100159754e-05,3.74778264198849e-07,-1.73962803989429e-08,-7.89907319330144e-08,0.000115135737642828,-0.000354312399023097,5.62908128175725e-07,-9.26557684836138e-07,1.25941580716337e-06,-4.65733669738951e-07,5.11393880788769e-05,-4.02452666040382e-05,2.45649252907556e-05,-3.14245317603968e-05,0.000275246290852976,-5.06166834196413e-07,-5.16238150504288e-07,2.83416268772584e-05,-1.78600340652748e-05,1.36496775995452e-05,-0.00313491724335508,1.73832090245759e-06,-1.42030837919317e-05,4.53536817835149e-05,-1.11579243952483e-05,5.18472740050056e-05,-5.29992333719436e-07,1.79353553440094e-06,-6.51927880069285e-06,-4.84348545576776e-06,2.07891825552569e-06,1.91497787286614e-06,-2.03058528332738e-05,3.81581487407941e-06,-0.0151556128711074,0.000266643710782236,-4.4079598585347e-06,-0.000283430521494212,0.000640921150231507,-3.03348349581027e-07,7.52543700016048e-06,2.62054303912267e-06,-4.83306768117462e-07,-8.4953381753297e-06,-1.59855969607024e-08,6.52731249007818e-07,-6.92454411376375e-06,4.94986535700542e-09,3.45110483059893e-06,-3.10904968529071e-06,-5.57715515002937e-07,-6.26242975849293e-07,-7.34398424443331e-08,3.35602672828204e-07,-3.47058240397828e-06,-4.01704698136755e-05,2.90379452298074e-08,-8.57826815546083e-10,3.45473187055004e-07,-0.000140560248297795,0.275188648270589,6.77083389918133e-06,-0.000763069329864829,8.84651425172553e-07,-0.00135503176960718,1.72176343880847e-07,5.61295680821287e-06,9.33785331306908e-06,-2.84651480336839e-06,2.74915090886629e-06,-3.11652494197926e-06,6.92843477647171e-06,-0.014021565650187,-0.000138103985447961,-5.49536144484685e-06,3.15113488772333e-06,-2.00430532111903e-06,4.69312255672951e-06,-6.93625026550642e-05,-6.88156786886111e-05,3.38171727810516e-07,-7.17871473164266e-06,7.45300671449022e-07,-1.77633306993858e-05,1.61195002802703e-05,0.000560663513735512,4.13199529975237e-06,-1.51679871681447e-05,1.23733298206753e-06,0.000148803530190945,-3.03465695295781e-08,2.00400125234801e-05,-5.66001033499546e-05,-2.14122673331352e-06,0.000260937457016106,-7.55793418675386e-05,-0.00182117387194881,4.6011577603229e-06,7.45792028989817e-06,8.04800000773833e-07,4.66219855501624e-09,-1.23283949513918e-05,-8.94694461009703e-07,0.000943941624034217,0.000399737678251037,-4.6807948421749e-07,-5.79816878648609e-07,-3.04347800069591e-05,-4.25438598872563e-07,0.000104730026012898,-3.55013172075143e-07,-6.79761599315081e-06,4.24549653334745e-05,-7.39779174536159e-06,-5.74053816526416e-05,-8.45565726609051e-06,-1.26881964128666e-05,2.11087713591567e-06,-0.205536083551996,0.000154960357379273,-1.01376822338837e-05,3.30083389376099e-06,-0.000248318763913877,-3.2219751347843e-06,-0.000201165571320882,-6.7905080889448e-07,1.21175167071912e-06,2.10846367110737e-07,-1.95085875849905e-08,-8.78110939303534e-05,-8.63676910893678e-08,-1.65632146249167e-07,-7.02852811023958e-09,1.21636883796246e-07,-4.86493189285638e-07,-1.6473292431216e-07,1.1121772485332e-06,7.25822516668815e-07,-1.96920390851567e-07,-1.00858859127617e-09,-3.92760008150661e-08,-5.41395852167078e-08,-0.000855880887777229,-3.17604161496236e-05,-0.000143332314452236,-1.26749904903906e-08,-0.00335399309695684,-6.71742711768616e-07,-4.16133958350684e-08,2.29252018282772e-11,3.87032450507561e-09,-1.44376272650204e-06,-9.89186823914927e-07,-1.81105004110832e-08,2.06947795246072e-06,4.85510306970941e-07,2.0357092738616e-06,1.75320505596181e-06,-9.02859574990102e-07,-8.89878433722629e-08,-1.01578192233135e-05,-4.72920334849181e-07,6.60684754549711e-06,3.54115984496466e-07,-1.96224338809024e-05,-4.27929550625159e-09,-8.41379490270404e-05,-5.31082843572513e-07,-1.17187917521111e-06,-3.2515742483216e-05,5.19694036105712e-09,-8.86318101591515e-08,2.6237911031827e-08,1.67654374154223e-08,-9.96439804507208e-05,-1.94696908132904e-06,-8.96584662231575e-07,1.08914767402863e-06,2.41264403283454e-07,1.03124821452465e-06,-3.16902920125022e-06,-1.82522500210732e-07,-1.73323695669014e-05,-1.09185748840523e-07,-0.000425222712559601,-5.74892236059068e-06,3.31644020609622e-07,7.13877605018995e-08,2.2326689976562e-06,8.29124791205741e-07,-8.77833353482773e-07,-9.35225202809415e-09,-4.28959809135562e-06,-4.67525545724855e-16,-4.33688341183789e-08,6.29572035993264e-07,-1.4785289815638e-07,-4.51517820365888e-07,-7.61017391857681e-06,1.07098918229236e-07,-5.75626818887312e-06,7.66254685498646e-06,-0.345174634152108,-1.67531240980586e-07,1.81102212383548e-07,-3.32856163927782e-05,1.61438099965492e-08,-1.5770902084933e-06,1.19061133776994e-05,1.30206926507211e-09,-1.26423688385406e-10,7.30681095224638e-09,-9.23134779876176e-09,1.48409501133199e-07,9.76468068796764e-05,-0.00535983999700851,9.13232314479725e-08,-3.23594305194063e-06,2.37260365421632e-06,-1.53780958480931e-07,2.87489654640142e-06,-1.0784793548732e-05,2.39170735732565e-09,2.08365271094718e-05,1.01333335931155e-07,8.44121646900995e-07,2.24074973282792e-09,-1.21184750482393e-06,6.3100045868017e-08,-8.32326039669907e-08,1.324020546189e-07,-2.57093605832933e-07,2.01943600239376e-07,-1.49042559637913e-08,2.94265348106498e-06,-1.29734410756001e-08,2.16774939234485e-06,-3.02864308342484e-16,-8.30075707684178e-06,-0.00287613416325833,-4.20338957627248e-12,-4.37843915194027e-08,6.63791279937841e-08,-4.15078974667501e-08,-1.18300285647253e-08,1.4249124496384e-09,-6.37339292798883e-08,2.4107309408773e-06,9.00147278810983e-07,-7.28352611659906e-09,3.92688242960884e-06,-1.32774355752217e-05,3.70259644094256e-07,-0.00153265675859509,4.89450022367246e-08,8.86490370177231e-08,1.3815283359369e-09,5.30515336629521e-06,-7.40262315796072e-07,3.29656419006619e-09,-1.04263515012854e-06,1.23611237078262e-07,-4.50649150132374e-07,3.42219675561285e-07,3.05678111305337e-06,1.56102483561785e-07,-4.98382613278705e-08,-3.3156088455497e-07,3.46858421926638e-08,-1.67567769792821e-07,4.80239172867383e-07,2.07578832413627e-06,-0.000703434579838789,-9.29740493508805e-17,4.12673659570538e-08,2.7907175913689e-07,-5.26361109098828e-08,2.90639289140055e-05,3.23705775787313e-08,1.14951833690174e-05,0.0142983951151436,2.38384011723887e-06,-2.44076563223354e-06,-2.48927456871365e-16,9.58541869332885e-06,1.3948653254671e-12,-3.49360945974841e-08,1.6539788976314e-09,8.16529075468249e-08,-6.61301313412232e-08,-1.30503777499092e-06,3.7736659307966e-07,-4.21602067916526e-08,2.83132063678776e-06,-9.3369476532365e-09,-9.02671163114498e-07,-1.21102585842426e-09,-1.78294738917501e-10,-2.54558249382518e-06,1.39973580280638e-08,-4.74795351847007e-06,-3.44318090348055e-15,-7.55595779747719e-08,5.9594672992009e-09,1.71757064217017e-10,1.54442441045198e-09,-2.3532989942035e-06,-1.87440146706744e-05,4.6545948859525e-08,-1.71516039122748e-07,-9.8530047350937e-08,-9.08316730957865e-17,-1.79434583282264e-06,-6.36874345385502e-09,-4.01326621872475e-05,4.31969914080716e-16,4.07623214037515e-07,5.24394351068786e-08,-8.08380219707514e-09,-5.5802974471993e-06,-1.06997714916594e-06,-9.84206447955023e-07,-1.8484683509072e-07,9.74867128420415e-07,4.10390366774847e-08,2.26556727415974e-09,5.21015530299591e-07,1.57840470993212e-08,3.0469679717427e-16,-6.15289084376418e-09,2.26840178799315e-07,9.70008846621029e-08,-6.0129532457293e-07,2.75473679512196e-16,-1.18594510827009e-08,2.08229332968003e-09,-2.30700989879978e-07,-3.25786918944258e-09,-1.16404290376405e-06,1.10279131760377e-08,-1.38986022101696e-07,6.41879184626006e-07,3.23075676018279e-16,1.93621136337778e-06,-9.0107732377226e-09,2.51276338601907e-08,2.54183528280228e-06,-3.32487368242789e-09,-3.77540072546658e-07,-8.41340885848751e-16,-2.08513957424231e-16,-1.73102886923661e-05,-3.46331249917849e-09,4.49472687319695e-10,-4.37155625495579e-07,5.63377691150037e-16,-1.72427006353184e-06,-1.13311746568025e-07,-2.99346611037158e-16,3.98926463011673e-16,-2.48199418343016e-16,1.0613631872486e-08,-6.85279589825669e-10,4.56539474710171e-09,-2.41987426344689e-07,-3.61227365775196e-08,-9.74737443139674e-09,4.38685230351565e-09,9.37359238505854e-16,1.60268920741867e-09,-5.18537986463028e-09,-8.45805535256733e-17,6.60358043192525e-16,5.11720638053466e-09,3.24235365660335e-10,3.7357519187184e-09,-1.01662133105501e-06,-4.54292603807072e-09,1.86013555116862e-07,1.42821729720728e-16,6.74089714175317e-08,-1.55155375189605e-16,4.04595354559601e-06,-5.77771337717525e-16,6.11659061554061e-09,-7.11259270746698e-16,-2.70525073483667e-08,-7.22828453072733e-09,-6.59422732183551e-07,-5.54076493717256e-07,-2.48715438352489e-08,3.06467277718392e-09,-2.06406144090751e-08,-8.89524643078174e-09,-4.26799033871788e-06,-1.48422442709071e-07,-9.37021981506548e-09,2.94743244712716e-08,6.00968348679145e-06,0.00221221312700512,1.51412689586423e-08,6.15479444580122e-16,-1.69868818107358e-07,3.28580154101071e-08,-2.35350215302688e-08,2.88604026059029e-16,-4.84127856219493e-07,-1.62023248946335e-06,-5.57897621435032e-07,9.15496459465371e-16,1.40515924597585e-07,9.3075987240081e-06,-4.07824703418204e-15,1.26310036352291e-07,-5.45275202631263e-07,7.26614616752413e-15,1.15713947927751e-14,2.95794647959121e-08,1.74267594025377e-05,1.2363046780127e-07,0.000238050624034864,-3.98410704621183e-05,-1.79829769696725e-06,-0.84758234713705,1.55024408301384e-06,-2.21631805068321e-05,-4.85868398465705e-14,3.54760158930782e-09,2.53235056199336e-07,6.49415679268097e-07,9.49706044763374e-05,-2.69127675787062e-15,1.46013909659653e-16,7.19145526610145e-06,1.97847958324691e-15,-6.93252474184533e-15,4.83086676077417e-07,-6.74315036058346e-07,-1.26113142651967e-07,-1.08945624666302e-06,2.88972482060108e-06,7.53005315817594e-07,9.47511523523857e-07,5.98161846220965e-17,8.10848985706086e-05,2.93290509108527e-07,0.0258457499084631,-6.82844397189259e-08,2.71398596614111e-07,1.2210977250635e-15,-3.72864789670071e-16,1.06433847295759e-15,-2.32577456940736e-06,-1.0272632292799e-08,-6.64357442488628e-07,-7.01990801704355e-16,-7.62842021786548e-09,3.11058518697441e-15,6.82998244585072e-16,1.11664502249559e-06,-2.79246698086255e-07,-8.63567030384704e-16,-2.25326194770406e-06,-3.00277439308414e-08,5.02733734944528e-15,6.65924399965022e-08,3.49611980669092e-16,4.27033552718688e-06,3.22696657933769e-16,4.32980956406254e-06,2.14980891657708e-07,8.25147756351939e-09,0.00257488849054152,0.000362419071368931,-2.09236635945469e-08,6.3207986909592e-07,-5.65924723334175e-16,3.61680135524688e-07,-2.03423334509178e-08,-4.25427633063317e-16,-2.66746548160509e-09,-5.39012964255765e-08,1.24292883371671e-08,-4.93083867146165e-15,3.88846699720927e-08,5.1183698529664e-08,2.76066502537049e-16,-1.41129669397422e-06,-1.06793931808133e-06,-1.44173677661105e-09,6.14053356388414e-17,7.01981259425039e-18,2.51551846058498e-08,6.54529342065418e-05,1.0845552417615e-07,-9.50435694537117e-09,7.62642522290561e-06,8.43517029212557e-16,1.58631871135962e-16,2.77848733855294e-06,4.9205058627422e-09,-9.67354706044998e-16,6.64617450354013e-05,3.24252992893585e-17,1.90498295157676e-08,-3.1945810776747e-07,-4.27148150615869e-07,-2.82576832000186e-06,-3.6377150294416e-17,-1.11361449858602e-17,-8.9961509527721e-16,-5.53494603877303e-17,-2.13612551710296e-09,-7.39759032740695e-09,-1.75089346756822e-16,-3.84526981548801e-16,-4.47654753825401e-16,1.03521849015945e-08,9.27995783898067e-11,-5.07562401477389e-09,-4.42779574371288e-16,-2.15891757596176e-17,6.15447363211397e-16,-2.130501454388e-07,6.51467870303273e-09,4.68466492359529e-16,1.13389066995448e-09,-2.95691218247563e-08,-1.58402815207354e-16,4.55735767688886e-16,-3.57611488644828e-06,-2.0715216030767e-10,-1.76259141127214e-06,6.46528350671362e-17,1.11691161452392e-08,1.79572624377588e-07,1.91676896974221e-07,-7.10366236940484e-07,-4.20773667969908e-08,6.8267265590318e-10,4.83048783196807e-16,-1.44510976912794e-16,2.77828436510767e-18,1.27437676371385e-08,-1.15353195660818e-08,-4.4961305951518e-07,-3.37592231820334e-09,-3.73273290542659e-16,4.96869339164727e-16,2.87277857927585e-16,3.4898242304651e-16,1.28380742614068e-15,1.59403177093264e-08,-1.94575810113159e-16,3.20862340413476e-16,-2.15461434106396e-05,-4.5871224562485e-18,-4.02043978937428e-07,1.22425997515909e-17,-2.944679684551e-07,4.78463270517791e-16,-3.5450396638787e-07,-3.58564450996057e-06,-3.8971399210566e-08,1.39888626402784e-16,2.39761877520389e-06,-2.34611198603897e-17,2.13225205025457e-07,-3.36388799465236e-08,1.86095038138774e-10,-1.79574539675361e-16,1.02149534304516e-06,-3.40127270201929e-16,-7.31669853052776e-08,-3.7341406558196e-08,3.51759100933194e-16,-3.57546942716146e-16,-4.24116814699613e-16,4.75275155646902e-16,-5.64185447353369e-09,-2.84440615527429e-07,-0.000134476453185696,-7.98579993735186e-17,1.04493069186251e-16,-3.80819177499558e-09,3.10568284164845e-08,5.16703639588448e-16,-1.96646510893577e-16,-6.14889761963501e-08,1.65882622262017e-16,-1.18961865810472e-06,2.12025962307166e-16,1.08516685846711e-07,1.11133221716464e-16,-1.14887442907632e-15,-2.58460708755719e-16,4.05713191268556e-15,-7.41214580417431e-17,-2.37825185964836e-16,2.06885921502515e-09,-1.44673465487705e-08,6.8042050899804e-17,-9.57918264308474e-09,4.02011176484714e-07,1.07345670496442e-15,-4.50880860441324e-19,1.1563122742385e-16,-2.20361870634319e-16,3.67641126808694e-07,9.8883545572491e-07,2.83203641331922e-16,6.18590798452537e-17,-7.14783387607134e-08,-2.30845505617606e-08,-3.49316217884132e-10,-5.26071103876548e-17,1.15347214362911e-16,1.89402056690919e-16,2.16020658362569e-16,-1.56798243934029e-16,8.16403629764474e-17,1.63824347914493e-05,-4.79217562595829e-07,-4.27144951148014e-07,1.36108157964851e-16,-1.04848563197846e-16,8.83468036920088e-16,-6.20099206760453e-16,4.90066851565024e-17,1.84239754445931e-16,1.26786687966439e-16,-1.22889187560855e-16,5.83262112984085e-17,-3.00134130011476e-17,7.74987999946134e-17,-1.84697996831986e-16,2.96086430912657e-16,-7.85149981633015e-17,1.33011184637311e-09,6.18545633926326e-17,7.40737906415028e-16,-1.84886678098502e-16,1.87982175404278e-08,-2.32384503093827e-08,1.99969609050962e-16,-4.84867480213856e-10,1.71360186577933e-08,2.02887617626203e-16,-1.75568428231996e-16,-3.29638688014815e-08,3.06681020437047e-16,4.19691531509371e-10,5.48067000093211e-17,-8.01997695503729e-17,4.48180767795477e-17,-1.89417446112188e-16,4.19216765627876e-08,-5.61239051923338e-08,-5.1840861133543e-16,-4.29694971565116e-18,-1.47652444182061e-16,-1.46068500161006e-16,-2.86229373536173e-17,1.05869937613946e-16,-1.29352597585781e-16,1.0149157011787e-16,6.65310697470062e-10,1.14563871312669e-17,7.35482054586791e-17,-2.74175658663045e-17,-3.73128211084125e-17,-9.25956495691852e-17,3.47895654955533e-16,-1.44200744388552e-07,1.16060368928039e-16,-5.51899451612503e-17,9.74932806535075e-09,3.8208404777627e-16,-2.22246095053265e-16,2.13263654652719e-16,7.73978810478828e-18,8.07753587804302e-09,-8.65790449940288e-17,-6.08932184815859e-07,7.76471050223665e-17,-1.02302608069994e-16,-2.52273184421593e-16,-7.45268291388801e-17,2.11564338918957e-17,-7.53735692444966e-17,9.62526746173898e-09,-6.60692772034082e-17,1.62406089311322e-16,1.21338793214439e-09,-1.1993251151823e-06,-2.87560274538159e-17,2.06300868928557e-07,2.2169447487787e-05,1.35367013696004e-16,1.18575609174902e-16,-9.82849402471244e-17,1.42477211109213e-16,8.21381079842081e-17,-3.68905281511717e-05,5.84438789876786e-17,-2.48810422614668e-16,-1.38638040556602e-16,3.15245263774023e-07,1.39221041853329e-16,3.74965563540144e-16,2.35988232314185e-16,2.37107574966448e-17,-1.41468697112301e-06,-2.13836201866262e-18,2.49437168237623e-10,5.1869576454872e-17,-2.18813116125437e-17,-2.26982022861116e-16,-3.57304946674247e-17,9.76601617967671e-19,-8.86388512006921e-17,-1.31429152056641e-16,-4.31273134939332e-09,2.43839082947924e-16,-3.53943816612175e-16,1.81153804531267e-09,-1.07286030021395e-16,4.25167829197865e-16,-6.23781736852271e-17,-5.6546016217107e-17,-6.1030299295753e-17,-1.25696929830591e-16,-1.30967636556001e-08,-3.10369718754835e-17,-6.94810405692321e-17,3.89513033293891e-09,7.19879293676436e-18,6.86716494548856e-17,-1.87332344724113e-19,-6.28370247176142e-18,-9.48770963078322e-17,-4.71457267593688e-18,-9.86027251292376e-17,-1.17208023914513e-16,1.35893652023957e-16,-1.18575715047012e-16,-7.13348735131752e-16,-2.03460452764391e-09,6.7433676890676e-09,-2.5384533843258e-16,9.95072783541512e-17,1.00590433336606e-16,-3.30837613307667e-16,-6.41088744590679e-16,1.87927919297644e-16,-4.11435344971809e-17,2.74088814441297e-17,-6.410459788018e-09,6.85914762953608e-17,-1.31915220604863e-16,1.91100249729129e-16,1.86872075950625e-16,7.44637096892782e-10,-8.56084952021533e-17,-1.1779577284788e-10,-1.15673500535659e-17,6.05459589847092e-17,-3.88954946175725e-16,6.8895496570632e-17,2.81971755720813e-17,6.67188545725624e-16,-3.4175264868089e-17,-3.15784015933942e-16,-1.44691817487856e-16,-2.72743227749074e-17,4.36180890713354e-16,-3.29336722126891e-17,-2.12790306232694e-17,-4.00835930687523e-17,-2.59346951449211e-16,1.45210054235539e-16,9.06451098734575e-17,-8.56699797542435e-19,-4.07164198069218e-17,4.75402733713245e-18,8.67361737988404e-18,-1.90288595911667e-16,-6.95961176096886e-17,-5.80717154494127e-17,-5.3917615527445e-17,1.83236665753372e-05,1.24272760737917e-16,-2.107430103535e-16,7.39366416759976e-17,5.16426601741074e-17,-1.1267021835885e-16,3.11336967154296e-16,-6.07972755973665e-18,-6.8030923116483e-17,-2.0844437083088e-17,-1.07805325946883e-16,-2.64057439108845e-16,-5.40020179870693e-16,3.03708582397701e-17,-1.23177311940109e-16,-5.25644385890724e-17,2.00760211335251e-16,-1.07189840149735e-17,-7.22713558762622e-08,-1.79070035898469e-16,3.33185005409452e-17,7.05680260577898e-17,1.38350010152659e-17,5.3702944584021e-17,-2.57353530005707e-17,-5.91244245233175e-17,-1.19490421530007e-16,1.12850297178191e-17,1.64838546730886e-09,3.50614545932915e-16,1.03933989239528e-16,-1.07919221711696e-16,-1.49251603348943e-16,1.46077953616336e-16,-6.86240732621728e-17,-2.04580347244619e-16,-4.356563023911e-17,-1.00518972451767e-16,-4.52826403887359e-18,1.42820031660668e-16,-1.49465227707259e-16,6.95287887231676e-17,1.29173612937251e-07,8.41860481819269e-18,1.04630059701973e-16,-2.28035343560135e-16,-2.93276687657329e-16,-2.26367529592543e-09,1.68451667257672e-17,1.60034400802586e-16,-4.78483291927291e-16,4.02731822743799e-16,2.60065595479442e-16,-1.35602709703085e-16,-7.64120103789505e-17,-1.23673752176286e-16,1.01280934186578e-18,1.12747513640773e-16,1.01740797530339e-16,3.92790489599392e-17,-1.95016038956223e-16,-8.23989731632013e-17,-6.90841498709064e-17,-1.5905379203861e-16,-2.13713701502265e-16
"t394",0.0371342898836819,-0.0115365197408321,-0.012661758681633,0.000776597002653856,0.00747755686162961,-0.0213581957154434,-0.00303511640136902,-6.73270665690695e-06,-0.069419408113141,-0.0588530939883774,-0.0691561537731237,0.000995625512051076,-0.00218856878045712,-0.000485965376993685,-0.0149190165451367,0.000402182202647825,0.000277067363884843,-3.48028959716147e-05,-0.016935565245506,-0.00762198994705563,-1.57316777576419e-05,8.18936919183518e-05,-0.105586053859772,-0.00430967671704732,0.000406537125729703,-0.00343620856522322,0.0338065020435435,0.000253506546815642,1.68213808603955e-05,0.000251107404705506,0.11864717739792,0.00111203973389376,-4.35119940492778e-07,0.000651193002477371,-0.00103061611317329,-0.000196193639488915,-9.00628518776753e-06,3.6690792698757e-05,0.0114587204086626,-0.00112907293090277,3.62251544875958e-05,-0.00946562469942869,-1.40891376803746e-05,0.000842528895191552,-1.23929465966595e-05,3.8004911559712e-07,-1.76454526320204e-08,-8.01318097602137e-08,0.000116838583078989,-0.000359685372706116,5.7172740743926e-07,-9.4129283567128e-07,1.2794879948494e-06,-4.732938275534e-07,5.19992740350592e-05,-4.09255318165483e-05,2.50196615522271e-05,-3.20202306375491e-05,0.000280478628822162,-5.16346310811198e-07,-5.27054418709751e-07,2.89473220337695e-05,-1.82478144683801e-05,1.39472160357971e-05,-0.00320525899974499,1.77833012810587e-06,-1.45482153791177e-05,4.64821066041537e-05,-1.14385477292909e-05,5.31765085979295e-05,-5.44955075986012e-07,1.84775679405236e-06,-6.71838530278889e-06,-4.99451591330482e-06,2.14391088828781e-06,1.9753776603606e-06,-2.09485634327173e-05,3.93867084075003e-06,-0.0156623402290069,0.000275692950687233,-4.56135181275484e-06,-0.000293346628011367,0.000664224445273958,-3.14503906524835e-07,7.81565581104036e-06,2.72289150065057e-06,-5.02423441629569e-07,-8.83204793062388e-06,-1.66195175152132e-08,6.78650383161006e-07,-7.20082536968523e-06,5.15628228179091e-09,3.59559416939416e-06,-3.24270344301203e-06,-5.827738072398e-07,-6.5456428541632e-07,-7.67621057773508e-08,3.51035632115931e-07,-3.63114588976382e-06,-4.20712555549253e-05,3.04369912411981e-08,-8.99222752916481e-10,3.62174487741702e-07,-0.000147906628720844,0.289653003019233,7.12828633511382e-06,-0.000803668483968532,9.31821257332863e-07,-0.0014275590757577,1.81445269328872e-07,5.91569061604179e-06,9.8470931525786e-06,-3.00195367930456e-06,2.9036268764159e-06,-3.29269976239269e-06,7.32524572558802e-06,-0.0148293058531138,-0.00014618678412452,-5.8218649175483e-06,3.34047367615714e-06,-2.12550153355836e-06,4.98311279837116e-06,-7.37079718711635e-05,-7.31291544688975e-05,3.59410682521899e-07,-7.6359269082091e-06,7.9282377412563e-07,-1.89095451400141e-05,1.71949857860997e-05,0.000598084484931723,4.40852086973655e-06,-1.62055284368908e-05,1.32233071676658e-06,0.000159056867184133,-3.24638665883149e-08,2.14406248115367e-05,-6.06599547055576e-05,-2.2980006070154e-06,0.000280575521304691,-8.12717945184116e-05,-0.00195897988663289,4.95014631257024e-06,8.02574014896646e-06,8.66163413321227e-07,5.01768311255441e-09,-1.32781720190748e-05,-9.65038152618425e-07,0.00101968518896447,0.000431975218413239,-5.06247400901258e-07,-6.27137382970728e-07,-3.29290610765819e-05,-4.60391129397211e-07,0.000113358304413982,-3.85011727271663e-07,-7.37432100145358e-06,4.60670350669662e-05,-8.06801078322646e-06,-6.26840828981847e-05,-9.2349624026471e-06,-1.38722667615578e-05,2.30836748921082e-06,-0.225072626478317,0.000169717801250265,-1.11179923442155e-05,3.62472197950335e-06,-0.000273718713237359,-3.55202045337067e-06,-0.000221779760135933,-7.49025230646876e-07,1.33743510974454e-06,2.32735921687746e-07,-2.1560011256118e-08,-9.70818411626836e-05,-9.55648237486452e-08,-1.83307207686262e-07,-7.77937119259324e-09,1.34890961809923e-07,-5.4058597818712e-07,-1.83112884120669e-07,1.23667657486315e-06,8.07863649701997e-07,-2.19261623508359e-07,-1.1234325655728e-09,-4.37635364684021e-08,-6.03965278784574e-08,-0.000955075350734131,-3.55316155415377e-05,-0.000160365003529621,-1.41933513525172e-08,-0.00376468540012547,-7.55492731671588e-07,-4.68337637779698e-08,2.58280500312706e-11,4.36367859639463e-09,-1.63154483796985e-06,-1.1184042064064e-06,-2.04980232779244e-08,2.34354723972649e-06,5.52086335141037e-07,2.31531107583843e-06,1.99753237998748e-06,-1.03048044989638e-06,-1.01996735498184e-07,-1.16429915373055e-05,-5.42278762307321e-07,7.58492902611578e-06,4.06880343428902e-07,-2.25966666674865e-05,-4.94166549542182e-09,-9.73806675583273e-05,-6.15101574291057e-07,-1.36158735797683e-06,-3.78466091212317e-05,6.04924820763591e-09,-1.03310947808197e-07,3.06921105614054e-08,1.96250219403915e-08,-0.00011706978756151,-2.29334095120511e-06,-1.05703353072316e-06,1.28882411984798e-06,2.85749704665697e-07,1.22258611465713e-06,-3.76827164084854e-06,-2.17168210773062e-07,-2.0625408057985e-05,-1.30361171002032e-07,-0.000508719615669599,-6.89339879875594e-06,3.98078059312106e-07,8.57800732306753e-08,2.68550196032888e-06,9.97574767702342e-07,-1.05899142503938e-06,-1.13011090745764e-08,-5.19291071487331e-06,-3.90574060403371e-16,-5.26395482929503e-08,7.64555212961864e-07,-1.80213101200658e-07,-5.51913378553147e-07,-9.32437848683127e-06,1.31241867109134e-07,-7.08532232867982e-06,9.43884568807119e-06,-0.425339353844199,-2.06783732357475e-07,2.23787459026664e-07,-4.12164304804651e-05,2.00088198759105e-08,-1.95541079427414e-06,1.47932405717342e-05,1.63233483603538e-09,-1.59002049618081e-10,9.21468539641353e-09,-1.17114483924163e-08,1.88362110491699e-07,0.000124460664649954,-0.0068480762485765,1.17084301618617e-07,-4.15338924900408e-06,3.04885131957952e-06,-1.97935169337912e-07,3.70936501414756e-06,-1.39190715500991e-05,3.10619346265782e-09,2.7065051561976e-05,1.31645687985393e-07,1.09851940877348e-06,2.91793465049078e-09,-1.58133390845141e-06,8.23705656071988e-08,-1.10038678967551e-07,1.75293789505265e-07,-3.40766138854124e-07,2.68370211754866e-07,-1.98487130964748e-08,3.93781169190446e-06,-1.73854356399696e-08,2.90822195722242e-06,-2.10773629233569e-16,-1.11796129231177e-05,-0.00387562965861087,-5.67351770202862e-12,-5.93379217810925e-08,9.02739223012742e-08,-5.65441104694026e-08,-1.6128829233276e-08,1.96395548370952e-09,-8.79071395754742e-08,3.32572273458928e-06,1.24587268136423e-06,-1.01769526182472e-08,5.49601922970722e-06,-1.86045930269296e-05,5.20826056265226e-07,-0.00218888377483902,7.03622689788306e-08,1.27489264868613e-07,1.98705249633478e-09,7.75998909786471e-06,-1.10526030452712e-06,4.93533256829278e-09,-1.56720180719742e-06,1.86717930375517e-07,-6.81754957148126e-07,5.24484525659328e-07,4.68948244191278e-06,2.39920470736326e-07,-7.66951055228208e-08,-5.12365283214994e-07,5.38513615816887e-08,-2.61296853615083e-07,7.50304482615856e-07,3.25380529224559e-06,-0.00111050223331915,-4.85189467358873e-18,6.82351091198814e-08,4.63717093019423e-07,-8.81178543884423e-08,4.86666299632336e-05,5.42162778732702e-08,1.92885476435551e-05,0.0240767160734339,4.03105315350258e-06,-4.16333728859816e-06,1.30096381012335e-16,1.6690769081086e-05,2.43558543191403e-12,-6.1340760535968e-08,2.90603724534476e-09,1.45543692629198e-07,-1.18838202598326e-07,-2.3729239624632e-06,6.91849385216877e-07,-7.87279224159291e-08,5.38062422912757e-06,-1.79498339750066e-08,-1.74687411328122e-06,-2.35338094583821e-09,-3.49082873067966e-10,-4.98814319641971e-06,2.75763293308834e-08,-9.393568303882e-06,1.06925316336373e-15,-1.54459530136528e-07,1.22686623184928e-08,3.53617143103908e-10,3.24588497752439e-09,-4.96166046051247e-06,-4.11564475164435e-05,1.03450681200369e-07,-3.82130811339697e-07,-2.21573475265131e-07,2.11533679766779e-16,-4.07900080700278e-06,-1.45370138099862e-08,-9.30395317550278e-05,1.66004205952631e-16,9.61505118686571e-07,1.24210826726698e-07,-1.91893374791106e-08,-1.33064206292772e-05,-2.57098449496753e-06,-2.37867571798168e-06,-4.48801245667509e-07,2.3998670063102e-06,1.01195249665581e-07,5.64109610335609e-09,1.32021253461688e-06,4.00318871969347e-08,-3.27155114707153e-16,-1.61764779429806e-08,6.0025862894232e-07,2.60436334994237e-07,-1.65150241051493e-06,-2.95899926896784e-16,-3.43108533665148e-08,6.42213085076844e-09,-7.33873868026042e-07,-1.05192994238985e-08,-3.82813242172762e-06,3.75736724047111e-08,-5.03635055225456e-07,2.78434760660539e-06,-2.21868748121372e-16,1.03103625087869e-05,-4.89862227932879e-08,1.42895907533335e-07,1.54557614548706e-05,-2.03260026311751e-08,-2.35486127022333e-06,4.9960036108132e-16,-4.6893529361957e-17,-0.000122505854823875,-2.78521637686659e-08,3.67793236413494e-09,-4.09991880259772e-06,8.26466446275482e-16,-2.41692568865511e-05,-2.05521421097403e-06,1.14884424475369e-16,-2.68874346648507e-16,1.10695949347102e-16,5.07869933454079e-06,1.38833440274715e-07,-1.53863122861091e-07,4.72179416744802e-06,6.71248982984794e-07,1.25707749401449e-07,-5.46168550261018e-08,-4.70166732863577e-16,-1.22617309728178e-08,3.47559809975693e-08,-1.70062741356301e-17,-6.59294620468055e-16,-2.26768925102704e-08,-1.32276976834022e-09,-1.37415822497676e-08,3.50284382367134e-06,1.39156309317867e-08,-5.59528926727503e-07,-5.68782352582946e-16,-1.9786012829102e-07,4.24820952949664e-16,-1.10900695961462e-05,7.73307199525286e-17,-1.59702971623374e-08,2.40473174984553e-16,6.65323232752986e-08,1.75678438070677e-08,1.38000678076432e-06,1.12487025829521e-06,4.98642180104535e-08,-5.82330571503301e-09,3.74774584361775e-08,1.45857330859005e-08,6.99213417685281e-06,2.35869874210028e-07,1.40977419057669e-08,-4.12857925598448e-08,-7.93803131704813e-06,-0.0027923512942357,-1.86941754118984e-08,-3.53545396788848e-16,1.9602917268394e-07,-3.55713881625147e-08,2.13613002573747e-08,-1.48983159326856e-16,4.17954672429522e-07,1.29770061694409e-06,4.32828329196726e-07,-4.37277963339298e-16,-1.07245121196133e-07,-6.65789315001891e-06,1.88522751638609e-15,-8.75172543234513e-08,3.11705855347369e-07,-3.41087684801614e-15,-4.85910987845481e-15,-1.56698459703685e-08,-9.16868422916515e-06,-6.29789507818835e-08,-0.000116727809858042,1.79020349903952e-05,8.01899687226568e-07,0.373889366346425,-6.0662144377515e-07,7.83855647944643e-06,2.24405455155618e-14,-1.20650661291759e-09,-8.5540474520032e-08,-2.1417258639905e-07,-3.0421585995072e-05,1.30205063659854e-15,-1.1256383825223e-16,-2.21226214430267e-06,-9.99180565812588e-16,3.10594742853691e-15,-1.13101425829002e-07,1.4998507484123e-07,2.8020208803629e-08,2.15215518474653e-07,-5.61474154528795e-07,-1.4578864314324e-07,-1.79239583360536e-07,-1.67670085804421e-16,-1.17001182748212e-05,-3.96626243638497e-08,-0.00341884022377978,8.04582555364952e-09,-2.51121566038388e-08,-6.80112377056703e-16,1.67892914107673e-16,-3.77038134825045e-16,1.35648957859616e-07,4.54864205317034e-10,2.87188254506222e-08,3.19126277322226e-16,2.29590649410051e-10,-1.34911725791293e-15,-5.52202034468734e-16,2.62339690098784e-08,-6.73721313381895e-09,5.53159948402104e-16,-8.18425923570839e-08,-1.29932186473851e-09,-1.36130541088174e-15,3.80590472161052e-09,-2.12510238819654e-16,3.13039712358656e-07,-4.78369261908767e-16,3.23557484527113e-07,1.63012818951412e-08,6.35898413731393e-10,0.000202859157010951,2.99452936758247e-05,-2.02467822349906e-09,7.31661043500985e-08,-3.09625617185286e-16,5.000592190833e-08,-2.85996430314877e-09,-6.72599739966855e-17,-3.83249899673147e-10,-8.04396801814081e-09,1.91637818843208e-09,3.62954147641523e-15,6.63434520946496e-09,8.89535958629094e-09,3.3317653529351e-16,-2.51178982672661e-07,-1.92256134179691e-07,-2.70382312935426e-10,2.19725112392996e-16,9.87097058231021e-16,5.1510461293642e-09,1.38689220003163e-05,2.31374294767069e-08,-2.30787619767378e-09,1.88686396405441e-06,-1.20006014391228e-16,-8.25270029416446e-17,6.96134054591605e-07,1.23474790522353e-09,-1.61902595229964e-16,1.70247751099316e-05,1.39198997314936e-16,4.97454103674009e-09,-8.55659791380203e-08,-1.14612231522395e-07,-7.63437737543869e-07,-1.205527395956e-16,-4.28331257820385e-16,-9.73287451499945e-16,9.10218616680941e-17,-6.11799441912153e-10,-2.12833641627172e-09,3.82328154256195e-16,-1.3357705926994e-17,6.59520199349018e-16,3.02667881059964e-09,2.73172505492576e-11,-1.52144262516198e-09,-7.10666971707397e-16,-4.40904365968386e-16,-6.83562364697798e-16,-6.76344138133994e-08,2.07200409179046e-09,-7.54049628495301e-16,3.68188209065857e-10,-9.679864273207e-09,2.30066250341948e-16,-3.55213854540726e-16,-1.19277779722226e-06,-6.91955600808353e-11,-5.95061086932042e-07,-1.02448333080043e-15,3.83661891541498e-09,6.22596820221556e-08,6.73040236972871e-08,-2.5365916113263e-07,-1.50915225599316e-08,2.46854068439288e-10,-3.73776189165071e-16,-6.84335037042549e-16,5.63966119925825e-16,4.81535559605904e-09,-4.36153738820842e-09,-1.70905778584922e-07,-1.31698635895101e-09,1.35500677593896e-15,-1.03843182830589e-15,-1.31964037272572e-17,-3.99695541903232e-16,1.81341139259929e-15,6.38026862389269e-09,-8.6426992440015e-16,2.02990709060926e-15,-8.70788486714555e-06,-1.31291513345647e-16,-1.62569217232872e-07,-1.09842130221154e-15,-1.19172315504245e-07,-2.01990646475768e-16,-1.45820958976691e-07,-1.48050426318094e-06,-1.61835485750405e-08,-1.77071464275669e-15,1.0025910595493e-06,1.04555805834681e-15,9.04958710107567e-08,-1.45448180809115e-08,8.05263251411416e-11,5.88606237139788e-16,4.452566044902e-07,1.96026362903466e-15,-3.2254176311893e-08,-1.64701777665323e-08,9.92602600821339e-16,-1.13564710314703e-15,2.15720537448118e-15,2.50544416549187e-15,-2.51111911283061e-09,-1.26900299010682e-07,-6.01591866536632e-05,-6.58563044225812e-16,-5.11005967316442e-16,-1.72557048757315e-09,1.40804374568291e-08,-6.63859959382331e-16,4.71283959274163e-16,-2.83096441013303e-08,-1.25579830455325e-14,-5.49461459992735e-07,-1.03315818020256e-14,5.0581740274897e-08,2.6536998249006e-15,-3.30317161608509e-14,-4.8937913704324e-17,0.707106781186545,-3.27088252287647e-13,-1.22760571248324e-14,9.81740043239005e-10,-6.8668558075713e-09,6.36733671191548e-15,-4.57428379844181e-09,1.92449950013709e-07,-2.85152289767853e-15,2.45863016061145e-15,1.76821658967026e-15,-3.61388991060064e-15,1.7786810055014e-07,4.79568890445137e-07,-6.65184733403752e-16,-1.93330410779722e-15,-3.47589316793452e-08,-1.1229601706867e-08,-1.70129121836149e-10,9.63767857476286e-16,-9.74005259505425e-16,2.00924128203808e-18,-3.71637488366526e-16,-2.46131671468219e-15,-1.36991846966157e-15,8.12772775677974e-06,-2.38152278966865e-07,-2.12627868925324e-07,-5.93579136005101e-16,2.95175251288524e-15,-1.37472530262491e-15,-7.86005863709078e-15,-1.3450118918882e-15,1.04135776512872e-15,-3.6163051511815e-15,3.37170935766393e-16,-9.46114328757183e-16,-1.46971699990052e-15,7.07235579375964e-16,-2.39076566290192e-15,2.28578321305696e-15,-8.92650173835826e-16,6.8018950991975e-10,-9.59247042399546e-16,1.77521780933924e-15,4.44773898115397e-16,9.64594056535573e-09,-1.19337248099868e-08,-3.40757509167175e-16,-2.49116997779098e-10,8.84076824834206e-09,-1.48701050093531e-15,-1.01180028841381e-15,-1.70934588895087e-08,9.07887887190587e-17,2.18970155487113e-10,4.81977641947416e-16,3.44752205293676e-17,-1.3180206013853e-16,1.01644830236448e-15,2.20798838254801e-08,-2.95787763887052e-08,5.83833935619359e-16,-1.35097985077131e-16,-5.06665240734171e-16,1.9469310723792e-16,6.12736857780183e-16,-2.89140744262454e-16,2.56385220142602e-16,-8.15776945326025e-17,3.61705331923068e-10,2.67775393378316e-16,-1.62489347679507e-15,-1.25486578970788e-16,1.84533155222602e-16,-1.19239937758497e-15,-2.02914150633623e-16,-7.88947267051773e-08,1.02649831807973e-16,1.20843580960754e-15,5.34018227267833e-09,4.41136903137786e-16,-5.18276046757593e-16,6.9952562689509e-16,-3.62285138162889e-17,4.48344787514735e-09,-1.96201785683832e-16,-3.38772715540934e-07,6.55324738310684e-17,-4.24897748141396e-16,-3.18917347327335e-17,2.67563520235767e-16,-1.6470050097495e-17,-6.29066845456831e-16,5.38001771283749e-09,6.1687070924794e-16,-2.87690193780323e-16,6.80628403128442e-10,-6.72859298992443e-07,9.81824629701737e-17,1.16091415831421e-07,1.24871370116208e-05,3.98669190531094e-16,-2.59058299541859e-16,-4.03280182161619e-16,2.64879796204269e-16,-2.12364417624743e-16,-2.10637968321237e-05,3.04460653168131e-16,2.93340274182641e-16,-3.37454055039808e-16,1.80614819090172e-07,-7.63989859524067e-16,-1.97611374251103e-16,-9.14773441275098e-17,4.86923627909746e-18,-8.14145959096087e-07,-2.45778356234143e-16,1.43746579944303e-10,3.61385039692367e-16,-3.13452542070282e-16,-2.83840274674993e-16,6.55943482445099e-17,-2.22420874468063e-16,-5.60440241658137e-16,-2.72673135727842e-17,-2.50312025460105e-09,-1.39982176106311e-16,-4.17632143532463e-16,1.05325463215288e-09,-2.593526911549e-16,-3.59898346921039e-16,-4.02346938227319e-16,8.15403001063797e-18,2.93077459792604e-17,1.63635150094198e-16,-7.65597177769495e-09,-2.82368618514776e-17,-8.53753007989128e-18,2.28243165322796e-09,-3.78301560933191e-17,2.54165809797167e-16,-2.42555557428316e-16,1.71950605729748e-16,-4.41310207498707e-16,2.30516343881389e-16,2.87324946141602e-16,-1.2060618261347e-16,4.69383303857253e-16,6.54940129279891e-17,3.0734946568483e-16,-1.20261191221169e-09,3.98995033647328e-09,2.46712515583894e-16,1.6522095104958e-16,-4.07580261433153e-16,2.8062852488956e-16,1.51734094039346e-16,8.44451030127117e-17,6.68499565749855e-16,-3.48224515110069e-16,-3.81313003129982e-09,1.14641883042089e-16,-7.55656676977745e-17,1.75018883827805e-16,-2.84193005067388e-16,4.44899125763787e-10,-1.91220958822816e-16,-7.07264518527406e-11,1.68403105976004e-16,6.40414112695875e-17,2.17724004208419e-16,-8.02182105545561e-17,-2.04399249175195e-16,8.69166623311464e-16,-3.23609680782642e-16,6.56082454035095e-16,4.68634096751148e-17,5.50380238453121e-17,-4.27998244874591e-16,-2.55938606828732e-16,1.0553261542863e-16,1.73031123289337e-16,9.53727990999254e-17,-5.55507152775764e-16,3.29157970493222e-16,-3.24408967409455e-16,-8.99948277022495e-17,-2.48067362656783e-16,-3.55401472140748e-16,1.83352436965946e-16,-1.25098825840614e-16,-9.59844163347609e-17,2.2930781322474e-16,1.11952030785453e-05,-2.20273488266834e-16,2.45236635743766e-17,-5.00316203013834e-17,3.64724806567602e-17,2.27795420268012e-16,-2.391549416631e-16,1.9679768217645e-16,-4.29828803958284e-17,4.76212454374772e-18,-7.54970544783552e-18,3.08997619158369e-16,6.80834892054449e-16,1.24063488636352e-16,2.30112681244079e-16,-2.32852368699794e-16,-2.70529536822188e-16,-2.01791123331031e-16,-4.46519617872498e-08,-9.33853820590474e-17,3.02998741722854e-17,1.20607972610872e-16,-3.60812179567125e-16,-1.42474271718336e-16,1.48491276827721e-16,4.63168476776378e-17,3.52458098914648e-17,-1.86411651369512e-16,1.02975694882558e-09,3.79952778602574e-16,1.14038465125446e-16,-1.55023295802616e-16,1.41603079477461e-16,1.50228402953387e-16,-7.10882129155537e-17,-9.30195902358852e-17,1.27594197714558e-16,-1.34475355109126e-16,-1.62271843570891e-16,-6.80619714902963e-18,3.74120178274253e-16,2.56596809837585e-17,8.15597084369919e-08,1.19056687549385e-17,-5.5225915379907e-17,-1.29436591024591e-16,-4.52925457555819e-16,-1.43617235821195e-09,-1.34493514494901e-16,1.19699171851954e-16,-1.18025007546279e-16,5.14351846801555e-17,2.69299815235233e-18,-2.95787882481866e-16,-2.48395298014037e-16,9.67325066532059e-17,-3.12339253116418e-18,-4.1692764143989e-17,-5.8242208448654e-17,1.03912018786677e-16,3.32397349520467e-17,3.11121958189427e-17,4.75197071945254e-17,-4.88483788319856e-17,-2.33426862211812e-16
"t395",0.0371342898836819,-0.0115365197408321,-0.012661758681633,0.000776597002653855,0.00747755686162961,-0.0213581957154434,-0.00303511640136902,-6.7327066569085e-06,-0.069419408113141,-0.0588530939883774,-0.0691561537731237,0.000995625512051073,-0.00218856878045712,-0.000485965376993684,-0.0149190165451367,0.000402182202647824,0.000277067363884841,-3.48028959716171e-05,-0.016935565245506,-0.00762198994705562,-1.57316777576431e-05,8.18936919183546e-05,-0.105586053859772,-0.00430967671704732,0.000406537125729741,-0.00343620856522322,0.0338065020435435,0.000253506546815663,1.68213808604155e-05,0.000251107404705498,0.11864717739792,0.00111203973389378,-4.35119940497115e-07,0.000651193002477371,-0.0010306161131733,-0.000196193639488911,-9.00628518776375e-06,3.66907926987518e-05,0.0114587204086626,-0.00112907293090277,3.62251544876286e-05,-0.00946562469942871,-1.40891376803472e-05,0.000842528895191546,-1.23929465966526e-05,3.80049115611445e-07,-1.76454526343227e-08,-8.01318097561785e-08,0.000116838583079,-0.000359685372706114,5.71727407476774e-07,-9.41292835667128e-07,1.27948799485842e-06,-4.73293827546462e-07,5.19992740350547e-05,-4.0925531816505e-05,2.50196615522327e-05,-3.2020230637517e-05,0.000280478628822137,-5.16346310822826e-07,-5.27054418697913e-07,2.89473220337705e-05,-1.82478144683806e-05,1.39472160357866e-05,-0.00320525899974501,1.77833012808345e-06,-1.45482153791214e-05,4.6482106604174e-05,-1.14385477292882e-05,5.31765085979312e-05,-5.44955075968504e-07,1.84775679405312e-06,-6.71838530280646e-06,-4.99451591329737e-06,2.14391088828608e-06,1.97537766034438e-06,-2.09485634327492e-05,3.93867084074808e-06,-0.0156623402290068,0.000275692950687295,-4.56135181275747e-06,-0.000293346628011335,0.000664224445273929,-3.14503906520696e-07,7.8156558110229e-06,2.72289150062986e-06,-5.02423441630978e-07,-8.83204793062057e-06,-1.66195175187301e-08,6.78650383171414e-07,-7.20082536965792e-06,5.15628224492803e-09,3.59559416941887e-06,-3.2427034429789e-06,-5.82773807235544e-07,-6.54564285397879e-07,-7.67621058725496e-08,3.51035632115806e-07,-3.63114588976303e-06,-4.20712555549376e-05,3.04369912323097e-08,-8.99222741854932e-10,3.62174487709161e-07,-0.000147906628720852,0.289653003019233,7.12828633511474e-06,-0.00080366848396853,9.31821257357446e-07,-0.00142755907575777,1.81445269362997e-07,5.91569061605642e-06,9.84709315264223e-06,-3.0019536792762e-06,2.90362687641274e-06,-3.29269976243517e-06,7.32524572559835e-06,-0.0148293058531139,-0.00014618678412452,-5.82186491734535e-06,3.34047367618121e-06,-2.12550153355516e-06,4.98311279832895e-06,-7.37079718712024e-05,-7.3129154468983e-05,3.59410682530546e-07,-7.6359269081177e-06,7.92823774194151e-07,-1.89095451399842e-05,1.71949857860749e-05,0.00059808448493164,4.40852086968555e-06,-1.62055284367989e-05,1.32233071674509e-06,0.000159056867184202,-3.24638665378568e-08,2.1440624811519e-05,-6.06599547055701e-05,-2.29800060701676e-06,0.000280575521304716,-8.12717945184734e-05,-0.00195897988663288,4.9501463126651e-06,8.02574014892983e-06,8.66163413280066e-07,5.01768317533565e-09,-1.32781720190692e-05,-9.65038152596359e-07,0.00101968518896443,0.000431975218413156,-5.06247400822658e-07,-6.27137382932727e-07,-3.29290610765921e-05,-4.60391129408076e-07,0.000113358304413981,-3.85011727268794e-07,-7.37432100143023e-06,4.60670350669044e-05,-8.06801078324036e-06,-6.26840828981946e-05,-9.23496240268299e-06,-1.38722667614773e-05,2.30836748919227e-06,-0.225072626478317,0.000169717801250427,-1.11179923442281e-05,3.62472197944413e-06,-0.00027371871323732,-3.55202045324484e-06,-0.000221779760135969,-7.49025230576909e-07,1.33743510973212e-06,2.32735921588659e-07,-2.15600113682851e-08,-9.70818411626965e-05,-9.5564823865278e-08,-1.83307206814641e-07,-7.77937132532915e-09,1.34890961777858e-07,-5.40585978093333e-07,-1.83112884092361e-07,1.23667657486716e-06,8.07863649753756e-07,-2.19261623676494e-07,-1.12343256111746e-09,-4.37635357475923e-08,-6.03965283383753e-08,-0.000955075350734144,-3.55316155414029e-05,-0.000160365003529651,-1.41933513481669e-08,-0.00376468540012544,-7.55492731527285e-07,-4.6833763448274e-08,2.58279050036828e-11,4.36367866320881e-09,-1.63154483776712e-06,-1.11840420660961e-06,-2.04980232586324e-08,2.34354723992421e-06,5.52086334780832e-07,2.31531107612773e-06,1.99753238001603e-06,-1.03048044931198e-06,-1.01996735486321e-07,-1.16429915373381e-05,-5.42278762305962e-07,7.58492902609758e-06,4.06880343477474e-07,-2.25966666674675e-05,-4.94166594816371e-09,-9.73806675581665e-05,-6.1510157426899e-07,-1.36158735797118e-06,-3.78466091213845e-05,6.04924805238133e-09,-1.03310947397662e-07,3.06921105035101e-08,1.96250217555847e-08,-0.000117069787560852,-2.293340952028e-06,-1.05703353062659e-06,1.28882411989894e-06,2.85749704821349e-07,1.22258611454203e-06,-3.76827164071954e-06,-2.17168210732672e-07,-2.06254080577506e-05,-1.30361171000435e-07,-0.0005087196156693,-6.89339879887548e-06,3.98078059383193e-07,8.57800727762645e-08,2.68550196039035e-06,9.97574767437771e-07,-1.05899142525548e-06,-1.13011093451215e-08,-5.19291071449455e-06,-3.55207903376995e-16,-5.2639548251849e-08,7.64555212969453e-07,-1.802131023055e-07,-5.51913378488084e-07,-9.32437848681643e-06,1.31241867171226e-07,-7.085322328646e-06,9.43884568810151e-06,-0.4253393538442,-2.06783732520608e-07,2.23787459325826e-07,-4.12164304801103e-05,2.00088198735249e-08,-1.95541079431793e-06,1.47932405721735e-05,1.63233483784287e-09,-1.5900196949554e-10,9.21468509172068e-09,-1.17114482923757e-08,1.8836211060939e-07,0.000124460664649969,-0.00684807624857648,1.17084301625696e-07,-4.15338924900593e-06,3.04885131975341e-06,-1.97935169195357e-07,3.70936501412154e-06,-1.3919071550244e-05,3.1061932792869e-09,2.70650515619877e-05,1.31645688099336e-07,1.09851940863435e-06,2.91793473892305e-09,-1.58133390817674e-06,8.23705656386583e-08,-1.10038678937031e-07,1.75293789492365e-07,-3.4076613888431e-07,2.68370211736846e-07,-1.98487130042254e-08,3.93781169178995e-06,-1.73854355964472e-08,2.9082219571462e-06,-3.32233100962144e-16,-1.1179612922965e-05,-0.0038756296586107,-5.67415361403637e-12,-5.93379219420155e-08,9.02739221633753e-08,-5.65441103762687e-08,-1.61288294675175e-08,1.96395552163219e-09,-8.79071395355529e-08,3.32572273474005e-06,1.24587268146363e-06,-1.0176952534775e-08,5.49601923043426e-06,-1.86045930270129e-05,5.20826056144258e-07,-0.00218888377483953,7.0362269133763e-08,1.27489265147978e-07,1.98705265821302e-09,7.75998909801119e-06,-1.10526030451529e-06,4.93533236858553e-09,-1.56720180639362e-06,1.86717930125937e-07,-6.81754957103637e-07,5.24484525729654e-07,4.68948244169532e-06,2.39920470593928e-07,-7.66951055572229e-08,-5.1236528359729e-07,5.38513614697072e-08,-2.61296853747061e-07,7.50304482613959e-07,3.25380529204387e-06,-0.00111050223331919,1.57986352867476e-16,6.82351094039094e-08,4.63717093189458e-07,-8.8117854470408e-08,4.86666299633527e-05,5.42162781518068e-08,1.92885476434292e-05,0.0240767160734342,4.03105315408366e-06,-4.16333728864998e-06,3.36528271255965e-16,1.66907690809709e-05,2.43564195294288e-12,-6.13407604334833e-08,2.90603729046594e-09,1.45543692831181e-07,-1.18838202232981e-07,-2.37292396202189e-06,6.9184938472857e-07,-7.87279228080701e-08,5.38062422923346e-06,-1.79498342319912e-08,-1.74687411355752e-06,-2.35338060624313e-09,-3.49082583206515e-10,-4.98814319575995e-06,2.75763295546687e-08,-9.39356830392577e-06,1.26650428775092e-15,-1.54459530215279e-07,1.22686622918214e-08,3.53617393321961e-10,3.24588434939866e-09,-4.96166046037674e-06,-4.1156447516322e-05,1.03450680716747e-07,-3.82130811169003e-07,-2.21573475098338e-07,1.47922365666701e-17,-4.07900080674342e-06,-1.45370140877788e-08,-9.30395317549953e-05,1.64882203095368e-17,9.61505118573874e-07,1.24210826889456e-07,-1.91893374969482e-08,-1.33064206291132e-05,-2.57098449499303e-06,-2.37867571772234e-06,-4.4880124550305e-07,2.39986700630103e-06,1.01195249384178e-07,5.64109645009039e-09,1.32021253520733e-06,4.00318879844255e-08,-1.55699379855332e-16,-1.61764775429696e-08,6.00258627889625e-07,2.60436334680449e-07,-1.65150241061217e-06,-2.13981561319993e-16,-3.43108531869593e-08,6.42213105817632e-09,-7.3387386851471e-07,-1.05192993766498e-08,-3.8281324216262e-06,3.75736724691323e-08,-5.03635055923395e-07,2.78434760668933e-06,-2.5866798390569e-16,1.03103625083604e-05,-4.89862226947882e-08,1.42895908132754e-07,1.54557614560618e-05,-2.03260026533078e-08,-2.35486127065136e-06,5.72458747072346e-17,2.79648686950563e-16,-0.000122505854824089,-2.7852163736587e-08,3.67793240251589e-09,-4.09991880214077e-06,7.91839461418685e-16,-2.41692568870372e-05,-2.05521421050358e-06,-1.66970949341841e-17,-2.38420641416394e-16,1.49737948230335e-16,5.07869933538441e-06,1.38833440724373e-07,-1.53863123024576e-07,4.72179416783733e-06,6.71248982766502e-07,1.25707749409499e-07,-5.4616855435746e-08,-4.23227451193556e-16,-1.22617307574632e-08,3.47559814438047e-08,5.67195694167724e-17,-4.94835941461616e-16,-2.26768923848154e-08,-1.3227697147854e-09,-1.3741582388374e-08,3.50284382283694e-06,1.39156305502706e-08,-5.59528926884325e-07,3.11738889274016e-16,-1.97860128527457e-07,-2.82782460438237e-16,-1.10900695958554e-05,-1.38696562915208e-16,-1.59702968987933e-08,3.0821145913017e-16,6.65323234737129e-08,1.75678436189509e-08,1.38000678080032e-06,1.12487025907187e-06,4.98642180472577e-08,-5.82330593666095e-09,3.74774588901068e-08,1.4585733268045e-08,6.99213417731116e-06,2.35869875000019e-07,1.40977418365739e-08,-4.12857922391472e-08,-7.93803131653168e-06,-0.00279235129423513,-1.86941756498777e-08,-1.79262016912412e-16,1.96029172776314e-07,-3.55713885046362e-08,2.13612998488917e-08,-2.32247666674583e-16,4.17954671811963e-07,1.29770061742072e-06,4.32828329957716e-07,-5.37023100892404e-16,-1.07245120395305e-07,-6.65789314969291e-06,1.76326223863327e-15,-8.75172541601521e-08,3.11705855057735e-07,-3.21696283198434e-15,-5.0846243149319e-15,-1.56698478433498e-08,-9.16868422990343e-06,-6.29789518870615e-08,-0.000116727809858354,1.79020349912186e-05,8.01899686752416e-07,0.373889366346417,-6.06621443612192e-07,7.83855647902001e-06,2.21569182272396e-14,-1.20650620866009e-09,-8.55404749663001e-08,-2.14172586318008e-07,-3.04215859948813e-05,1.05118784859783e-15,3.39144106519342e-17,-2.21226214542696e-06,-7.47853173659327e-16,2.20640207513727e-15,-1.13101426508645e-07,1.49985074500331e-07,2.8020209506085e-08,2.15215519092093e-07,-5.61474155159771e-07,-1.45788643604024e-07,-1.79239584016568e-07,2.23766443188108e-16,-1.17001182739853e-05,-3.96626243659805e-08,-0.00341884022378106,8.04582524208289e-09,-2.51121557830912e-08,-1.20494046927195e-16,1.93714963327543e-16,-2.69593676481981e-16,1.35648957585972e-07,4.548643863491e-10,2.87188238932154e-08,2.75567769842241e-16,2.29590048991078e-10,-1.14132991155608e-15,-7.25211394008732e-17,2.62339699063346e-08,-6.73721298557224e-09,2.00252141258073e-16,-8.18425908624827e-08,-1.29932335100377e-09,-3.06532563658646e-15,3.80590399542945e-09,-2.63749972264777e-17,3.13039711441377e-07,1.36814847190841e-16,3.23557483492823e-07,1.63012813452697e-08,6.35898978866978e-10,0.000202859157011316,2.99452936773204e-05,-2.02467768025956e-09,7.31661039170065e-08,8.56625957252196e-16,5.000592202552e-08,-2.85996409169156e-09,4.89452716568584e-16,-3.83250113365736e-10,-8.04396773211241e-09,1.91637928429712e-09,2.25893955935077e-15,6.63434556794821e-09,8.89535938244258e-09,-4.70484800836234e-16,-2.51178979151479e-07,-1.92256134546413e-07,-2.70382186405709e-10,-2.20191313799727e-16,-7.69012442794363e-16,5.15104591801223e-09,1.38689220001229e-05,2.31374304020447e-08,-2.30787662847181e-09,1.88686396262927e-06,-6.06711255855806e-16,2.99453882979027e-17,6.9613405570137e-07,1.23474772045255e-09,9.70874582496706e-16,1.70247751097894e-05,-2.54840131834325e-16,4.97454398434973e-09,-8.55659802080336e-08,-1.14612232317422e-07,-7.63437736251091e-07,1.98998374407467e-16,4.43275701598416e-16,1.34461782151745e-15,-1.04289350904391e-16,-6.11799105827404e-10,-2.12833578153036e-09,-1.94032564127782e-16,4.76924002935892e-16,-3.12512313929702e-16,3.02667923216841e-09,2.73176090462927e-11,-1.52144320877555e-09,1.14760795915654e-15,2.0884444347502e-16,4.72983197746801e-16,-6.76344147641724e-08,2.07200390037983e-09,4.37558295722865e-16,3.68187730242041e-10,-9.67986782183007e-09,-1.5125380385789e-16,2.40374768494846e-17,-1.19277779524347e-06,-6.91934615108418e-11,-5.95061087503116e-07,1.0129489112527e-15,3.8366198311253e-09,6.22596796911616e-08,6.73040312702254e-08,-2.5365916051383e-07,-1.50915231369031e-08,2.46854043303378e-10,-1.36986450259e-16,5.60376355378602e-16,-7.01594067314626e-16,4.81535587239565e-09,-4.36153690923707e-09,-1.70905778738207e-07,-1.31698539845046e-09,-1.06775648089483e-15,7.81197158801242e-16,-1.2430994527988e-17,2.16085111483231e-16,-2.80667222563276e-15,6.38026554333993e-09,1.06413069848337e-15,-2.31551356690452e-15,-8.70788486626677e-06,2.44771999205105e-16,-1.62569214659726e-07,1.01050087924079e-15,-1.19172314919008e-07,-2.18368823749331e-16,-1.45820958813966e-07,-1.4805042644479e-06,-1.61835477079652e-08,1.73726935572302e-15,1.0025910570208e-06,-1.12468342452486e-15,9.04958811934239e-08,-1.45448173824927e-08,8.05299004206638e-11,-8.63180927167555e-16,4.45256613568549e-07,-1.72368879271109e-15,-3.22541739533221e-08,-1.64701790866051e-08,-1.23970474086423e-15,1.41528286327094e-15,-1.56120273251285e-15,-3.03187663275531e-15,-2.51110950757443e-09,-1.26900304711596e-07,-6.0159186653214e-05,7.91124178927595e-16,3.88184535577785e-16,-1.72558854126788e-09,1.40804368563979e-08,3.950123203603e-16,-2.45559426173638e-16,-2.83096671936682e-08,1.24239829413065e-14,-5.49461451248044e-07,1.01521109381429e-14,5.05817178633044e-08,-2.72011782661188e-15,3.42820857491273e-14,1.87338705442147e-16,-0.707106781186548,3.27104562228603e-13,1.2598576478068e-14,9.81757501489053e-10,-6.86684715033639e-09,-6.29307488241487e-15,-4.57427828734806e-09,1.92449971854101e-07,1.60226112835063e-15,-2.43662695710175e-15,-1.65937874492251e-15,3.7960458256538e-15,1.77868096630596e-07,4.79568874457244e-07,4.24871744592134e-16,1.91150239430831e-15,-3.47589220938833e-08,-1.12296007529421e-08,-1.70122203689237e-10,-1.25173025042765e-15,8.14854052619283e-16,-1.35608289064361e-16,1.72444402807439e-16,2.63897503839657e-15,1.28310820072911e-15,8.12772775654815e-06,-2.38152281653529e-07,-2.12627875084634e-07,5.23832082205609e-16,-2.63963088035541e-15,7.89381442956653e-16,8.17545169787916e-15,1.34960383591865e-15,-1.32171506433449e-15,3.34104178828838e-15,-2.50279401147887e-16,9.07446728228977e-16,1.51236648099776e-15,-8.19776894343215e-16,2.76595769012221e-15,-2.58739426818497e-15,9.94593686305432e-16,6.80187852677166e-10,8.80890475128436e-16,-2.58934645732083e-15,-3.66389919310565e-16,9.64594330183346e-09,-1.19337277804171e-08,1.19279315163798e-16,-2.49117075840023e-10,8.84076525982583e-09,1.29027718065682e-15,1.86827382737311e-15,-1.70934595456896e-08,-1.40528762384892e-16,2.18969552999329e-10,-5.34343148070667e-16,5.30557306834328e-17,2.54936109622521e-17,-7.35916179915415e-16,2.20798840857903e-08,-2.95787775108167e-08,-8.85611402532093e-17,3.32572862784492e-17,5.4482726048949e-16,-2.59939968760289e-16,-5.14074460084002e-16,1.89792531183324e-16,-1.48905119046315e-16,1.77068798358984e-17,3.61705033711273e-10,-2.97816442080155e-16,1.66890668731616e-15,2.012381148882e-16,-2.70975800192608e-16,1.11236433733738e-15,-1.67149031468762e-16,-7.88947236727874e-08,-1.66292532512778e-16,-1.27833318524314e-15,5.34018119888272e-09,-7.51619162000944e-16,7.81314928437778e-16,-8.9885238164892e-16,1.22816611743088e-16,4.48344757614764e-09,2.55629976585845e-16,-3.38772714625192e-07,-9.80131178021953e-17,4.56441540906999e-16,8.18275100205977e-17,-5.95362412086984e-16,3.34272287121304e-17,8.96514021998319e-16,5.38001717181248e-09,-1.09858865219449e-15,1.50517500756912e-16,6.80627958019054e-10,-6.72859301248068e-07,2.97548058709826e-18,1.16091413623814e-07,1.24871370103293e-05,-3.56490873640635e-16,8.15980293273715e-17,5.70279518182976e-16,-3.66242050755205e-16,3.25267553142775e-16,-2.10637968315531e-05,-2.68947692612597e-16,-2.95690141014328e-17,1.75760359605635e-17,1.80614818887886e-07,6.52398390185046e-16,5.63507732351833e-17,1.48094462717617e-17,-2.23926601504465e-17,-8.1414596038407e-07,1.5134659692932e-16,1.43747058599431e-10,-4.17164167243191e-16,5.7749059270582e-16,5.2949253838237e-16,-2.87241244207212e-17,1.81517700389243e-16,6.25833594127826e-16,4.98677227790664e-17,-2.50311906219519e-09,-1.96312802527673e-16,6.89475691653982e-16,1.05325446352377e-09,2.9809020689419e-16,-3.06006961408299e-17,4.41056234832455e-16,1.37236659468044e-17,-2.72175034380485e-17,-6.15517592955399e-17,-7.65597270341715e-09,1.6724549708014e-16,-3.93287220954934e-17,2.28243242366859e-09,1.39947106890811e-17,-2.32324101441548e-16,4.41020107977066e-16,-1.49533130065478e-16,4.42423789050703e-16,-2.72119513633876e-16,-2.3082842439448e-16,1.47148696103916e-16,-4.57466758849228e-16,3.49425629844148e-17,2.01989152132558e-16,-1.20260897646315e-09,3.98995064849941e-09,-1.96496840267775e-16,-2.54670719896285e-16,3.34885885585418e-16,-5.72810020268809e-17,1.46367293285543e-17,-2.50869018057125e-16,-5.8270828141702e-16,1.22085232258833e-16,-3.81312979164254e-09,-3.2328620623505e-16,2.52712078397692e-16,4.43057379386965e-17,5.34682873835444e-17,4.44899096866829e-10,3.14705090643052e-16,-7.07261913728121e-11,-1.39091418772281e-16,-1.13767672630013e-16,8.12344158161455e-17,-4.13155242530396e-17,2.52329842286784e-16,-9.2473844871874e-16,3.26812869775452e-16,-3.72474970368814e-16,8.51313355259523e-17,-1.11290877794278e-16,4.08404322726952e-16,3.27065887084224e-16,6.20569715622729e-17,-1.35736981797943e-16,1.17207884444843e-17,3.35745948890778e-16,-3.46855407343299e-16,5.1691731680062e-16,8.3493547030773e-17,2.83704419583621e-16,4.65881673517021e-16,1.76857864163537e-17,2.96845868088477e-17,1.09709549361656e-16,-2.14011086170159e-16,1.1195203078629e-05,7.77668238878919e-17,5.85134016817955e-17,3.16457511104294e-17,-1.91775509235271e-16,-4.07757954562291e-17,6.85019070718343e-17,-2.41119557831581e-16,1.23776306857319e-16,-2.32665804237554e-17,-7.01647192236732e-17,-5.06213994333482e-16,-2.45903793799327e-16,-8.98666729490113e-17,-4.6242963846081e-17,3.17763536711209e-16,-9.11527888296446e-17,2.13738822933218e-16,-4.46519617531923e-08,2.11763685586826e-16,-4.3542700439471e-17,1.18896350297575e-16,1.51888022430216e-16,5.21984559358949e-17,-5.83663778985674e-16,6.87823281907452e-17,5.34652072374669e-17,5.68491572931227e-17,1.0297568881617e-09,-5.79835839186336e-17,-1.99527380018359e-16,1.46240578732309e-16,3.57460262347694e-17,-1.94202076685522e-16,2.19125976611842e-16,3.09238952728671e-16,-5.00238159720259e-17,2.05757776905462e-16,2.70455228222972e-16,-1.56268783807527e-16,-3.11141525660825e-16,-1.19152450342108e-16,8.15597085746295e-08,-3.49504530224865e-17,-1.76296965332975e-17,1.23846999173925e-16,-3.37566346403362e-16,-1.43617217326028e-09,9.27955648911928e-17,-2.25904256842949e-16,3.67890671150375e-16,-3.32597614358302e-16,4.2165836131536e-17,1.68168560761863e-16,1.36955599084273e-16,-4.99982967152387e-18,-3.29858624318165e-17,6.85489220022047e-18,8.53953887839001e-17,3.71739051738278e-17,1.15444638559537e-16,3.9169567824801e-18,1.53000498282657e-16,3.87923614862978e-16,-2.28950334506463e-16
"t182",0.0371249757666567,-0.0115304165699479,-0.0126548432214986,0.000776028221815537,0.00747084829593896,-0.0213357048891857,-0.00303185738678754,-6.72490043135729e-06,-0.069324293537893,-0.0587552403225855,-0.0690101031601551,0.000993031534985887,-0.00218269883787146,-0.000484642107599386,-0.0148766089537971,0.000400971008507374,0.000276212877297562,-3.46936019269335e-05,-0.0168811397752437,-0.00759536004610488,-1.56721819351824e-05,8.15190923254087e-05,-0.1050756467028,-0.00428872297895633,0.000404552647973134,-0.00341862371104946,0.0336314205164879,0.00025218169425888,1.67310758869831e-05,0.000249510964772292,0.117841783208047,0.00110414028642018,-4.31800720310867e-07,0.000645984207520793,-0.00102194054940298,-0.000194406466570845,-8.92317466200067e-06,3.63466712551131e-05,0.0113504973794126,-0.00111824587385898,3.58674892581108e-05,-0.00936983009305908,-1.39443575712028e-05,0.000833860159535665,-1.22631379243193e-05,3.75805176340416e-07,-1.74446270409768e-08,-7.9211703356023e-08,0.000115463683658747,-0.000355340920637512,5.64582551006217e-07,-9.29344440605136e-07,1.26320974852312e-06,-4.67155665523529e-07,5.129955227668e-05,-4.03717846207065e-05,2.46471758528682e-05,-3.15314299493332e-05,0.000276184340981742,-5.0795563171627e-07,-5.18109241260413e-07,2.84455745459804e-05,-1.79261497468881e-05,1.37003230510294e-05,-0.00314674191685237,1.74496988264887e-06,-1.42589579344474e-05,4.55341547494647e-05,-1.12025493717857e-05,5.20564495826022e-05,-5.32213250207497e-07,1.80120237072733e-06,-6.54721317462463e-06,-4.86432932923516e-06,2.08786921679521e-06,1.92323607250012e-06,-2.0393472059514e-05,3.83232223403623e-06,-0.0152214183411035,0.000267802218788711,-4.4271105205591e-06,-0.000284661651676834,0.000643694973680196,-3.04658763144673e-07,7.55755276296314e-06,2.63167577195419e-06,-4.85349403264181e-07,-8.53121067833927e-06,-1.60530819287247e-08,6.55485189952898e-07,-6.95369557620473e-06,4.9701875674997e-09,3.46523529778646e-06,-3.12152429889607e-06,-5.59857846800389e-07,-6.28630290351834e-07,-7.37197024815766e-08,3.36855336657164e-07,-3.48343068776881e-06,-4.03142529482539e-05,2.91387194636724e-08,-8.60795162584078e-10,3.46664703721049e-07,-0.000140960453653564,0.275957769440403,6.78947661445474e-06,-0.000765112816260492,8.87001560126324e-07,-0.00135857955701345,1.72616982647099e-07,5.62721235128665e-06,9.36046520561962e-06,-2.85336671645286e-06,2.75485225332607e-06,-3.12275406191054e-06,6.94110763482271e-06,-0.0140461134304281,-0.00013831500045477,-5.50252308313511e-06,3.15468521351085e-06,-2.00635719112363e-06,4.69618737336354e-06,-6.93902802501579e-05,-6.88425577640135e-05,3.38291224322431e-07,-7.1792967679711e-06,7.45343848929277e-07,-1.7760025090832e-05,1.61044930920415e-05,0.000560136651444599,4.12784886570868e-06,-1.51444993245534e-05,1.23527986442507e-06,0.000148544555559579,-3.02834544693917e-08,1.99973707039571e-05,-5.64366012882155e-05,-2.1336418198525e-06,0.000259764317058513,-7.52374307900151e-05,-0.0018126237288975,4.57915103923735e-06,7.4211851023907e-06,8.00791603300357e-07,4.63897533706189e-09,-1.22620483934964e-05,-8.89135117354356e-07,0.00093723148174562,0.000396803722588146,-4.64400097482895e-07,-5.75234737515504e-07,-3.01880714271214e-05,-4.21938541857962e-07,0.00010385391888854,-3.51574242511994e-07,-6.73027341620984e-06,4.20276919340265e-05,-7.29432558582357e-06,-5.65415423690706e-05,-8.32700408112783e-06,-1.24831923980948e-05,2.076354980409e-06,-0.201913936528108,0.000152204996591049,-9.94422428529078e-06,3.23350808088378e-06,-0.000242227027944409,-3.14243342459455e-06,-0.000196191299949072,-6.61846813301231e-07,1.18017308896908e-06,2.05329385947711e-07,-1.89692291946048e-08,-8.53414775596051e-05,-8.38479393064349e-08,-1.60756407817631e-07,-6.8206785837291e-09,1.17726144089142e-07,-4.69472576124289e-07,-1.58886032578244e-07,1.07215932762363e-06,6.98636229683454e-07,-1.8943029389059e-07,-9.69644708688999e-10,-3.77379573082059e-08,-5.19173426024962e-08,-0.000820340067923698,-3.03041185210307e-05,-0.000136738762524157,-1.20725031141345e-08,-0.00317967898428095,-6.34179201016684e-07,-3.92272358913385e-08,2.15604203310233e-11,3.63351425746931e-09,-1.34789341508998e-06,-9.22333339516533e-07,-1.68400705761868e-08,1.92158182658967e-06,4.4550504033745e-07,1.86684855502369e-06,1.59880784427192e-06,-8.18543437596548e-07,-7.94244070238511e-08,-9.06546242414575e-06,-4.21400638571328e-07,5.85803690331876e-06,3.12862130694667e-07,-1.71631805286889e-05,-3.69205833763016e-09,-7.171410695127e-05,-4.50862525263218e-07,-9.75663402114945e-07,-2.6748216399624e-05,4.27371780916374e-09,-7.21584269593215e-08,2.07613597213703e-08,1.31863087458434e-08,-7.561681467005e-05,-1.43531426671742e-06,-6.53753624549006e-07,7.54315111551926e-07,1.64773617807194e-07,6.92973808119221e-07,-2.01320379336633e-06,-1.14480907766019e-07,-1.08362582952333e-05,-6.29781011578435e-08,-0.000230974357353131,-2.88177567270871e-06,1.59340396136871e-07,3.26647974089258e-08,9.70741111514296e-07,3.54937625647945e-07,-3.16249988732576e-07,-2.91599459732806e-09,-1.08422389757973e-06,4.79834636256102e-16,-6.65725404116022e-09,8.26084097355594e-08,7.66810616164803e-09,1.08188059945033e-07,3.34898111628565e-06,-4.86024084465146e-08,5.89332171166811e-06,-8.87788098239242e-06,0.423234729376268,2.69467117856773e-07,-3.5138944065767e-07,9.29882466394604e-05,-5.38387058553271e-08,5.68121956267575e-06,-6.97935001914853e-05,1.18496012962434e-08,-7.34144677124945e-10,3.39168127444134e-08,-3.18641890044052e-08,5.04482205739509e-07,0.000292695178505873,-0.0151989818173013,2.42439272622365e-07,-8.43324928399114e-06,6.07180664198175e-06,-3.84429566611838e-07,6.96508621776237e-06,-2.60413420497179e-05,5.4148365571495e-09,4.71136297114298e-05,2.28798520881479e-07,1.87849976518901e-06,4.96096076984186e-09,-2.64166869691022e-06,1.37171585024195e-07,-1.6849536730115e-07,2.66395839331633e-07,-5.14870587095279e-07,4.00359373161845e-07,-2.93269590209578e-08,5.70229762769608e-06,-2.50382608338087e-08,4.17075296299737e-06,-2.25422147766628e-16,-1.58132643476885e-05,-0.00547244303332026,-7.96750574980896e-12,-8.2288885221185e-08,1.23940617772272e-07,-7.72784571239634e-08,-2.19944984367705e-08,2.60926791244776e-09,-1.16611432239633e-07,4.40984370633247e-06,1.64076098481468e-06,-1.31652731987291e-08,7.08935068464988e-06,-2.39508477085752e-05,6.66260072105058e-07,-0.0027394818120418,8.7336816137441e-08,1.58171512540738e-07,2.46492453024169e-09,9.44990730734081e-06,-1.3210364526321e-06,5.88579273301271e-09,-1.8630850447913e-06,2.21135577162863e-07,-8.06505598313262e-07,6.14803851507405e-07,5.49337731472871e-06,2.80707838992637e-07,-8.96596058519057e-08,-5.97374001597039e-07,6.2603923174153e-08,-3.02965571742351e-07,8.68965732890494e-07,3.76120587784775e-06,-0.00127855890101832,5.45337255946533e-17,7.68253539991789e-08,5.21014789935566e-07,-9.87038877259087e-08,5.45083089053845e-05,6.07183650112682e-08,2.15858192549205e-05,0.026906908468298,4.49753455194593e-06,-4.62992180764524e-06,2.42926973602775e-16,1.84259202184124e-05,2.68601854630764e-12,-6.7529032499548e-08,3.1984887233709e-09,1.59451894191336e-07,-1.29867772938498e-07,-2.58407853808435e-06,7.51617668347087e-07,-8.50946337472861e-08,5.78898845294549e-06,-1.92559445857852e-08,-1.87092811555024e-06,-2.51795966071451e-09,-3.72826506781854e-10,-5.32637162530839e-06,2.94089413318079e-08,-1.00080081642313e-05,8.33814107986444e-16,-1.63370925358568e-07,1.29570577324075e-08,3.73452981357015e-10,3.41343800598999e-09,-5.2144436292812e-06,-4.29168553849803e-05,1.07636293651955e-07,-3.97417500695561e-07,-2.30054855922619e-07,-4.44716910695665e-16,-4.22711344884374e-06,-1.50542278003614e-08,-9.60955211930978e-05,-4.27949632909511e-17,9.90245478819104e-07,1.2783707648334e-07,-1.97426282044379e-08,-1.36801603233741e-05,-2.63998032733064e-06,-2.44027595114619e-06,-4.60093859360351e-07,2.45502394747141e-06,1.03494901118931e-07,5.76083314548699e-09,1.34475029696262e-06,4.07705302919796e-08,-4.48242022873354e-16,-1.63910940554654e-08,6.07680141552051e-07,2.63137338268661e-07,-1.6636248111155e-06,6.64186921162197e-17,-3.43373179746989e-08,6.37922259157445e-09,-7.26488426579384e-07,-1.03967796875761e-08,-3.77625368113838e-06,3.69309620164028e-08,-4.92087085064534e-07,2.67942545822842e-06,-4.41715854240201e-16,9.78236145909472e-06,-4.6418604187574e-08,1.35044645998065e-07,1.45518278637997e-05,-1.91316735458616e-08,-2.2141174188542e-06,-1.43114686768087e-16,-1.69663191783453e-16,-0.000114464435170836,-2.58789501414436e-08,3.41495853618839e-09,-3.78726541812733e-06,1.20093896314404e-15,-2.20673818950237e-05,-1.86642964277371e-06,-4.96106723330931e-16,-4.21944671197585e-16,-7.88011132199607e-18,4.53132870998371e-06,1.23578625237594e-07,-1.35820546197534e-07,4.13773360542087e-06,5.87706289825566e-07,1.09174651745789e-07,-4.73884643346684e-08,-4.43104166445265e-17,-1.04552312703655e-08,2.94444167541097e-08,7.01702165069701e-16,-6.16314902356751e-16,-1.8695145758682e-08,-1.08282966230111e-09,-1.11391700780106e-08,2.82020702183791e-06,1.10524647341871e-08,-4.43398248920287e-07,6.15040961050603e-16,-1.56303461463086e-07,1.53434169741133e-16,-8.68016077372111e-06,1.3834419720915e-16,-1.24122568340826e-08,7.48796251962294e-16,5.12340014997175e-08,1.35025262715394e-08,1.03275580933651e-06,8.367449819825e-07,3.69968818986838e-08,-4.27139495988733e-09,2.72066613094112e-08,1.03206380547362e-08,4.94634809297505e-06,1.65467650339818e-07,9.73310583121033e-09,-2.78605576993821e-08,-5.24746144707736e-06,-0.00181434415935485,-1.2039759029906e-08,-1.57911374741361e-16,1.22641660801918e-07,-2.15856336651474e-08,1.16806499499408e-08,-4.59609922786625e-16,2.20368686483465e-07,6.4305898313572e-07,2.08238149514243e-07,-2.01838614557764e-16,-5.07763995213336e-08,-2.93941395150199e-06,-3.35175335715304e-16,-3.71709366722819e-08,9.54309055527879e-08,-3.58606894950814e-16,-1.39337302770484e-16,-3.90628711620625e-09,-2.23553257820974e-06,-1.36889510661976e-08,-2.15144909964271e-05,1.79930586638774e-06,7.42526083233585e-08,0.0303598396257287,3.6779181000043e-08,-1.62622278093601e-06,9.35221951964271e-15,3.2908701037379e-10,2.43467257979943e-08,7.02280489239576e-08,1.16703188724777e-05,1.0719558655296e-15,3.55653455956019e-16,1.03376835018557e-06,1.19168166046008e-16,-5.69435442867847e-16,1.50443394232943e-07,-2.38279693646386e-07,-4.46846289161847e-08,-5.22356345125842e-07,1.45038560625112e-06,3.81739822560424e-07,5.1341512742299e-07,-2.54661774222399e-16,0.000164011727073906,1.67201556528499e-06,0.397955678126412,1.26935009758133e-07,-1.33662453360372e-07,2.92159794270507e-15,-1.13384532227724e-15,1.19958196605562e-15,3.30019073435037e-07,7.35668154551522e-10,4.45819897040234e-08,3.96488553790636e-15,1.30696647049459e-10,3.97191080692011e-15,6.47724661324121e-16,1.32352860492648e-07,-3.34422602945499e-08,-3.77996245415346e-15,-3.21034767286816e-07,-4.64383962451851e-09,-5.81054239746405e-15,1.18267552655582e-08,-4.10745893729072e-15,8.64354825339007e-07,1.68916002670923e-15,8.85492871151918e-07,4.43131897833738e-08,1.71579567206383e-09,0.000541855074492753,7.82708336222826e-05,-4.93089533968954e-09,1.64804663033698e-07,-7.33387866024037e-15,1.04461200431483e-07,-5.93278187905022e-09,-6.38096764948117e-16,-7.878625017447e-10,-1.6278022008267e-08,3.82620949117745e-09,0.707106781186542,1.27095844697537e-08,1.69144519302581e-08,-2.63378157809091e-14,-4.73058970082359e-07,-3.60426460753212e-07,-4.98690315129919e-10,-2.91358238707204e-14,-3.60828710488245e-15,9.17572047626052e-09,2.43772227518565e-05,4.05609334344933e-08,-3.84946890898199e-09,3.12501265260392e-06,1.50709503861367e-15,-3.6044870009807e-16,1.14747315391359e-06,2.03409470811426e-09,1.50573267340056e-15,2.78300223364378e-05,-2.56230513137471e-16,8.07346859616977e-09,-1.37563501227962e-07,-1.84140375051389e-07,-1.22344605542516e-06,3.10719734302557e-15,2.08920842765947e-15,2.07134980017528e-16,3.903712038219e-16,-9.59596013883821e-10,-3.33274602508126e-09,-3.93662171749616e-16,5.62377589087274e-17,1.2849424289887e-15,4.71174672058362e-09,4.24206585747811e-11,-2.34715142639561e-09,1.18916242964507e-16,-2.01759182277828e-15,-1.58057703210368e-15,-1.0221150872974e-07,3.12919741675579e-09,-2.63396949531385e-17,5.51964077879896e-10,-1.44696483780014e-08,6.14320159617454e-16,7.47246905806155e-16,-1.77125262504727e-06,-1.02700181410661e-10,-8.798947428455e-07,-6.2934815801201e-16,5.63872678862182e-09,9.12070802743971e-08,9.81622218557275e-08,-3.67807309647821e-07,-2.18493904583798e-08,3.56386327995755e-10,1.67358754320175e-15,7.76525030060124e-16,-3.83296621905679e-16,6.84776885496037e-09,-6.20104501891427e-09,-2.42546236338988e-07,-1.85262819056112e-09,2.4062750457202e-16,9.75117108492612e-16,-1.72694785963312e-16,-5.05069605613446e-16,-5.04223053336748e-16,8.89774729895982e-09,-2.6516609550137e-16,-5.48550173169337e-16,-1.21043550821819e-05,-3.35887085888742e-16,-2.25939877252607e-07,7.54343268538924e-16,-1.65578863903069e-07,-8.45783839787729e-16,-2.01504299970148e-07,-2.04326606060974e-06,-2.22925454972465e-08,-3.92568340114513e-16,1.37785944683717e-06,-4.44994756030541e-16,1.23756460321228e-07,-1.97685494664795e-08,1.09420840476908e-10,-2.37442250890884e-16,6.03559510612499e-07,-3.28593872865772e-16,-4.35596441482807e-08,-2.22391827633817e-08,-4.58650507427178e-16,6.53574657749913e-17,2.03026674737771e-16,-4.69225616144913e-16,-3.38060828346305e-09,-1.70708275018217e-07,-8.08548002797926e-05,2.37248713002651e-16,8.46603068535948e-17,-2.30951419049470e-09,1.88418070991379e-08,7.33900207143744e-16,1.73439251575682e-16,-3.76933539237439e-08,8.12000512186579e-17,-7.30827229232387e-07,1.42603080266136e-16,6.70784107949392e-08,-1.39254352718708e-16,-1.50471431243347e-15,2.66464989723305e-16,-1.33193570746928e-15,2.26960673634311e-17,3.05095713346253e-16,1.29441421469947e-09,-9.05312278059448e-09,-3.97037824487914e-17,-6.01888228182119e-09,2.53023410868042e-07,-1.69692205257644e-16,-3.19679524130854e-16,-1.97663177040596e-16,1.88414603824298e-16,2.33056349901461e-07,6.27877799064324e-07,-2.45029722776409e-16,-2.00970761617784e-16,-4.54690539817036e-08,-1.46880909637745e-08,-2.22437630145677e-10,-4.62336028021324e-16,-3.15388769670937e-16,-5.54039752151299e-16,-2.02222874986044e-16,-1.16825179412404e-17,-8.02381244877893e-17,1.05639967118789e-05,-3.0937111611048e-07,-2.76066617988397e-07,-3.28097477992272e-17,3.29746718651532e-16,-5.6957134641568e-16,-4.64012210748763e-17,-1.34029458105902e-16,-3.16854394815071e-16,-2.2674614753587e-16,-5.56745867734122e-17,-1.55062165230498e-16,9.5381462218848e-17,1.08485340730192e-16,-2.64618948763852e-16,-4.40700583042003e-16,-1.53965185765965e-16,8.75569687737251e-10,1.05763976677895e-16,-6.02341073131011e-19,-8.14241074640965e-18,1.24031691892254e-08,-1.53410698907418e-08,2.89468439106695e-16,-3.20195842721263e-10,1.13482800501294e-08,2.90867497922361e-16,3.15248753582012e-16,-2.19062163789268e-08,-7.68776695030879e-18,2.80076958558665e-10,3.12073556917376e-16,6.29472440500281e-17,5.40828585111039e-17,3.1991741828847e-16,2.81571202211396e-08,-3.77124556701093e-08,4.53159780460628e-16,6.35834708084265e-17,-4.35472358878535e-17,1.42610935243472e-16,5.40854253744394e-16,-5.45321049192616e-17,-3.20347087900403e-17,-7.28624111325037e-17,4.56661077202288e-10,3.52526297635308e-16,1.6070456923483e-16,-1.93685434260022e-16,-5.98928889769292e-17,1.73147906166756e-16,-1.45353636935008e-16,-9.9407787217265e-08,1.36140672883491e-16,-2.72645622731563e-17,6.72621401619159e-09,-4.05949133537523e-16,3.80892002815452e-16,-4.27308615870371e-16,3.90112801752502e-16,5.62362343200581e-09,-7.03435986777224e-17,-4.24615699962769e-07,3.34637332188763e-17,1.28105789135849e-16,9.59760108195515e-17,2.00844005529967e-16,2.88915931593754e-16,3.37898446153421e-16,6.73337208646088e-09,-9.65300536395155e-17,-4.30802608169759e-16,8.50893406441799e-10,-8.41134165516168e-07,9.26807335057092e-17,1.44986992666955e-07,1.55906192435778e-05,-3.85546516129992e-17,-6.54025677557402e-17,2.66314358348191e-16,-1.85930233417774e-16,4.69653798337388e-18,-2.61867045603477e-05,1.35093580900468e-16,5.83314569960037e-17,1.66993299300093e-16,2.2430160119499e-07,-3.27288482533373e-16,-1.44244817173971e-16,-1.340144079488e-16,-1.76349528532398e-16,-1.00965684780112e-06,2.44253733787848e-16,1.78189831745225e-10,8.21208336333356e-17,1.98852047672125e-16,-1.46381947893556e-16,1.5189266849635e-16,-6.77288261504141e-17,-5.51279910401452e-18,-8.40616312650799e-17,-3.09597409462811e-09,-9.03727838993482e-17,4.64113865818704e-16,1.30200255663148e-09,9.83281099246841e-17,-1.62791966454059e-16,-2.56414022122487e-16,1.66636135652421e-16,2.11665774866519e-16,8.00677621963257e-17,-9.4480557728466e-09,1.56824349322068e-17,1.68035772996412e-16,2.81458417147141e-09,-1.27007672295661e-17,9.27994635550898e-17,-7.38783885720126e-17,-3.34757090416648e-18,2.15870539583111e-16,-8.80494961151946e-17,-1.31163594070886e-16,-1.47536612253653e-16,-3.98006812611729e-17,-1.89395436252899e-16,9.27458397710148e-18,-1.47897490286634e-09,4.90528127729001e-09,3.03704470213138e-16,2.60086221322608e-16,-5.48761497842136e-17,1.22716717726428e-16,1.80519661718836e-16,-9.499808739883e-17,-1.06596639044029e-16,-2.559566145092e-16,-4.68012187401532e-09,1.62895844109288e-17,6.98488608211075e-17,-1.17264021919993e-17,7.63918534315308e-17,5.45298890944124e-10,2.08471278349873e-17,-8.65535390078493e-11,-2.98038467574175e-16,-4.24162666345315e-17,-1.12338007215548e-16,-1.62348799274415e-17,-2.09892429629728e-17,-2.1875173438305e-16,-3.87746730668048e-18,1.28022104652232e-16,-7.53113308915156e-17,-1.34541913028272e-16,-2.36261062843132e-16,-1.10064795102757e-16,-1.42333929601296e-17,-2.41614653969575e-17,4.24892195207546e-16,5.40222768170908e-17,-5.3411744635866e-17,-3.57120415856264e-16,6.33789413120337e-17,-1.91888232693635e-17,-1.02348685082632e-16,7.78007497607076e-17,-1.32710690738492e-17,-2.68468972394324e-16,-1.23706330581693e-16,1.3625948678524e-05,2.1173899276247e-16,-7.95897897951341e-17,-8.01587358733258e-17,-7.31898140385413e-17,-3.7725424629555e-17,-7.78078260802179e-17,1.47490476710681e-16,2.29370965625584e-16,-7.45610292838637e-17,2.13117198757163e-16,4.94070930001644e-16,-1.77539897006091e-16,-9.15960359283869e-17,-4.71704761267975e-17,-2.17250729966911e-16,3.75680417484034e-17,1.92654224162252e-16,-5.41569889718939e-08,4.82262432515556e-17,1.35660710276123e-16,-6.51134457060053e-17,7.98800922727444e-17,-6.38109018947937e-17,5.48944822531532e-16,-1.68193928850277e-16,1.53929304711879e-16,-3.74882427596645e-16,1.24463943616426e-09,4.7073004677668e-16,-2.89352159392506e-17,8.34172886526038e-17,1.1810016930924e-16,-8.64573125854918e-17,-1.42861893947711e-16,6.09449285095157e-17,2.01000015070806e-18,-5.50883071414876e-17,-1.10640501692372e-16,-1.77538197750913e-16,4.53271573723743e-18,8.46263199575415e-18,9.8250178682941e-08,-2.22758424184405e-17,-1.44062946757097e-16,-1.67654110154509e-16,-4.67995867753368e-16,-1.72745972057392e-09,-2.59423860366109e-16,-7.23352530503332e-17,3.1317378602248e-16,-1.062914227853e-16,-1.08329973821599e-16,2.55449151333085e-16,4.72063685151597e-16,8.0416655213564e-17,7.58935734300425e-17,-8.9252178749913e-18,-2.36503915786923e-17,4.77529667286946e-17,-4.37195145163072e-19,1.16801048242048e-16,-7.87755541014719e-17,5.34515392629201e-17,-1.45939529646759e-16
"t183",0.0371249757666567,-0.0115304165699479,-0.0126548432214986,0.000776028221815538,0.00747084829593896,-0.0213357048891857,-0.00303185738678754,-6.72490043135945e-06,-0.069324293537893,-0.0587552403225855,-0.0690101031601551,0.000993031534985889,-0.00218269883787146,-0.000484642107599387,-0.0148766089537971,0.000400971008507375,0.000276212877297571,-3.46936019269299e-05,-0.0168811397752437,-0.00759536004610488,-1.56721819351753e-05,8.15190923254081e-05,-0.1050756467028,-0.00428872297895631,0.000404552647973156,-0.00341862371104948,0.0336314205164879,0.000252181694258881,1.67310758869758e-05,0.000249510964772307,0.117841783208047,0.00110414028642017,-4.31800720302735e-07,0.000645984207520843,-0.00102194054940302,-0.000194406466570846,-8.92317466197288e-06,3.63466712551136e-05,0.0113504973794126,-0.00111824587385897,3.58674892580854e-05,-0.0093698300930591,-1.39443575712062e-05,0.00083386015953566,-1.22631379243354e-05,3.75805176345245e-07,-1.74446270595472e-08,-7.92117033341746e-08,0.000115463683658752,-0.000355340920637505,5.64582551016557e-07,-9.29344440607933e-07,1.26320974852218e-06,-4.67155665489702e-07,5.12995522766719e-05,-4.0371784620695e-05,2.46471758528805e-05,-3.15314299493247e-05,0.000276184340981773,-5.079556317181e-07,-5.18109241282384e-07,2.84455745459608e-05,-1.79261497468783e-05,1.37003230510285e-05,-0.00314674191685238,1.7449698826129e-06,-1.4258957934445e-05,4.55341547494472e-05,-1.12025493717592e-05,5.20564495826057e-05,-5.32213250196319e-07,1.80120237073384e-06,-6.54721317463567e-06,-4.86432932921741e-06,2.08786921685372e-06,1.92323607249701e-06,-2.0393472059512e-05,3.8323222340233e-06,-0.0152214183411034,0.000267802218788723,-4.42711052053695e-06,-0.000284661651676805,0.000643694973680215,-3.04658763135863e-07,7.55755276297414e-06,2.6316757719891e-06,-4.85349403242009e-07,-8.53121067832961e-06,-1.60530819082092e-08,6.55485189988893e-07,-6.9536955761828e-06,4.97018757920908e-09,3.4652352977905e-06,-3.12152429888109e-06,-5.59857846791553e-07,-6.28630290383015e-07,-7.37197024681038e-08,3.36855336670775e-07,-3.48343068775002e-06,-4.03142529482609e-05,2.91387194186048e-08,-8.60795188857703e-10,3.46664703773364e-07,-0.000140960453653601,0.275957769440404,6.78947661454009e-06,-0.000765112816260478,8.87001560066265e-07,-0.00135857955701338,1.72616982636447e-07,5.62721235133889e-06,9.36046520565789e-06,-2.85336671648663e-06,2.75485225337533e-06,-3.12275406184692e-06,6.94110763491156e-06,-0.0140461134304281,-0.000138315000454779,-5.50252308311078e-06,3.15468521351623e-06,-2.00635719109835e-06,4.69618737331774e-06,-6.93902802501362e-05,-6.88425577639852e-05,3.38291224275498e-07,-7.17929676795417e-06,7.45343848960935e-07,-1.7760025090703e-05,1.61044930920706e-05,0.000560136651444591,4.12784886573575e-06,-1.51444993246028e-05,1.23527986442933e-06,0.000148544555559574,-3.0283454455987e-08,1.99973707039442e-05,-5.64366012882228e-05,-2.13364181985134e-06,0.000259764317058506,-7.52374307899487e-05,-0.00181262372889751,4.5791510392334e-06,7.42118510237483e-06,8.00791603297212e-07,4.63897534895254e-09,-1.22620483934399e-05,-8.89135117324573e-07,0.000937231481745687,0.000396803722588178,-4.64400097528185e-07,-5.75234737517619e-07,-3.01880714271381e-05,-4.21938541867772e-07,0.000103853918888449,-3.51574242506773e-07,-6.73027341622853e-06,4.20276919340142e-05,-7.29432558587496e-06,-5.65415423690555e-05,-8.32700408108411e-06,-1.24831923980563e-05,2.07635498046313e-06,-0.201913936528108,0.000152204996591044,-9.94422428525622e-06,3.23350808084242e-06,-0.000242227027944527,-3.14243342452782e-06,-0.000196191299949036,-6.61846813313068e-07,1.18017308895109e-06,2.05329385892683e-07,-1.89692292890299e-08,-8.53414775595294e-05,-8.38479393108702e-08,-1.60756407610244e-07,-6.82067864047382e-09,1.17726144071483e-07,-4.69472576315139e-07,-1.5888603252134e-07,1.07215932761453e-06,6.98636229655051e-07,-1.89430293962348e-07,-9.69644909143509e-10,-3.77379569709564e-08,-5.19173428042036e-08,-0.000820340067923754,-3.0304118520931e-05,-0.000136738762524135,-1.20725030963434e-08,-0.0031796789842809,-6.34179200975194e-07,-3.92272357964906e-08,2.1560501517216e-11,3.633514305307e-09,-1.34789341491171e-06,-9.22333339658988e-07,-1.68400705479298e-08,1.92158182651566e-06,4.45505039921786e-07,1.86684855530389e-06,1.59880784426471e-06,-8.18543437612002e-07,-7.9424407126516e-08,-9.06546242451392e-06,-4.21400638524988e-07,5.85803690353113e-06,3.12862130607931e-07,-1.71631805287744e-05,-3.6920579659964e-09,-7.17141069513453e-05,-4.50862525409063e-07,-9.75663402045571e-07,-2.67482163995261e-05,4.27371767740846e-09,-7.21584268621355e-08,2.07613597923564e-08,1.31863088838888e-08,-7.56168146701877e-05,-1.43531426675885e-06,-6.53753624441099e-07,7.54315111602502e-07,1.64773617632304e-07,6.9297380821072e-07,-2.01320379373524e-06,-1.14480907507929e-07,-1.08362582951975e-05,-6.2978100974602e-08,-0.000230974357353286,-2.88177567271449e-06,1.59340396212238e-07,3.26647975910794e-08,9.70741111401039e-07,3.54937625942854e-07,-3.16249988658025e-07,-2.9159946386441e-09,-1.08422389782426e-06,4.75599306637087e-16,-6.65725428726394e-09,8.26084097060691e-08,7.66810615948265e-09,1.08188059863569e-07,3.34898111613296e-06,-4.86024085291835e-08,5.89332171175435e-06,-8.87788098244701e-06,0.423234729376265,2.69467118075576e-07,-3.51389440817149e-07,9.29882466393617e-05,-5.38387057586168e-08,5.68121956282019e-06,-6.9793500191979e-05,1.18496013577943e-08,-7.34144567647631e-10,3.3916812995874e-08,-3.18641886407022e-08,5.04482205770347e-07,0.000292695178506006,-0.0151989818173005,2.42439272877129e-07,-8.43324928412715e-06,6.07180664184009e-06,-3.84429566651451e-07,6.96508621760601e-06,-2.60413420496103e-05,5.4148365700271e-09,4.71136297112339e-05,2.28798521064769e-07,1.87849976500463e-06,4.96096083741559e-09,-2.64166869701738e-06,1.37171584753218e-07,-1.68495367343488e-07,2.66395839374601e-07,-5.14870586773051e-07,4.00359373010534e-07,-2.93269591299031e-08,5.70229762733323e-06,-2.50382606826691e-08,4.17075296277361e-06,2.7482623531967e-16,-1.58132643471496e-05,-0.0054724430333205,-7.96722955280513e-12,-8.22888858112698e-08,1.23940617893738e-07,-7.7278457143815e-08,-2.19944985015311e-08,2.60926814312624e-09,-1.16611432457689e-07,4.4098437063677e-06,1.64076098506901e-06,-1.3165273369883e-08,7.08935068469784e-06,-2.39508477082485e-05,6.66260072260472e-07,-0.00273948181204149,8.73368162291645e-08,1.58171513041634e-07,2.46492480024707e-09,9.4499073073276e-06,-1.32103645258889e-06,5.8857929921213e-09,-1.86308504503056e-06,2.21135577314641e-07,-8.06505598273541e-07,6.14803851833955e-07,5.49337731474981e-06,2.80707839001698e-07,-8.965960572389e-08,-5.97374001766476e-07,6.26039232076873e-08,-3.02965572128288e-07,8.68965732745767e-07,3.76120587688181e-06,-0.00127855890101775,7.08518906434866e-17,7.6825354477015e-08,5.21014790228939e-07,-9.87038874871674e-08,5.4508308905407e-05,6.07183648968297e-08,2.15858192551751e-05,0.0269069084682972,4.49753455177603e-06,-4.62992180790186e-06,2.47261290267564e-16,1.84259202186173e-05,2.68581096032124e-12,-6.75290324395935e-08,3.19848824083135e-09,1.5945189440604e-07,-1.29867772974077e-07,-2.58407853909424e-06,7.51617668699638e-07,-8.50946338176207e-08,5.78898845273596e-06,-1.9255945166412e-08,-1.87092811521717e-06,-2.51795985767127e-09,-3.72826611244733e-10,-5.32637162548907e-06,2.94089417994812e-08,-1.00080081643506e-05,9.17747818814514e-16,-1.63370925343315e-07,1.29570575756318e-08,3.73452403693866e-10,3.41343867546359e-09,-5.21444362939172e-06,-4.29168553852052e-05,1.07636293506895e-07,-3.97417500406226e-07,-2.30054856074093e-07,1.36575438113015e-16,-4.22711344912002e-06,-1.50542275356887e-08,-9.60955211924438e-05,-3.52487580668993e-16,9.90245478895255e-07,1.27837075935022e-07,-1.9742627417731e-08,-1.36801603234383e-05,-2.63998032720421e-06,-2.4402759510827e-06,-4.60093859640123e-07,2.45502394805797e-06,1.034949010778e-07,5.76083347991599e-09,1.34475029773517e-06,4.07705296955009e-08,2.56665838909493e-16,-1.63910943261917e-08,6.07680141525373e-07,2.63137338167947e-07,-1.66362481081071e-06,1.63241890390777e-16,-3.43373180589947e-08,6.3792225135661e-09,-7.26488426915154e-07,-1.03967794533662e-08,-3.77625368095336e-06,3.69309623053936e-08,-4.92087084530551e-07,2.67942545817173e-06,2.62949172319859e-16,9.78236145876543e-06,-4.64186038482729e-08,1.35044645902745e-07,1.45518278628305e-05,-1.91316734656326e-08,-2.21411741898447e-06,1.26634813746307e-16,-2.98527896903542e-16,-0.000114464435171103,-2.58789507690137e-08,3.4149583776081e-09,-3.78726541900133e-06,1.05641790363668e-15,-2.20673818950126e-05,-1.86642964310252e-06,-1.5092389548763e-16,4.70288038278585e-16,3.73586351887445e-16,4.5313287101133e-06,1.23578626204749e-07,-1.35820545746853e-07,4.13773360505634e-06,5.87706291252111e-07,1.09174651984366e-07,-4.73884637910253e-08,-2.53599265260285e-16,-1.0455231393475e-08,2.94444172623073e-08,-5.69408474211292e-16,8.63603857486571e-16,-1.86951458549806e-08,-1.0828303215205e-09,-1.1139169627623e-08,2.82020702266211e-06,1.1052465296618e-08,-4.43398249548654e-07,4.75870059684953e-16,-1.56303461234499e-07,4.91978855106927e-16,-8.68016077388895e-06,-2.01932654625425e-16,-1.24122567542523e-08,1.29937108148319e-16,5.12340029828217e-08,1.35025269229009e-08,1.03275580873832e-06,8.36744981021493e-07,3.69968814219082e-08,-4.27139253709045e-09,2.72066613490761e-08,1.03206377806503e-08,4.94634809330576e-06,1.65467650260729e-07,9.73310734706187e-09,-2.78605580226235e-08,-5.24746144668786e-06,-0.00181434415935332,-1.20397578133357e-08,-6.79831711555151e-17,1.22641663063736e-07,-2.15856331953069e-08,1.16806492809167e-08,-6.85853038058734e-16,2.2036868620114e-07,6.43058983489563e-07,2.0823815012326e-07,-7.81851443776406e-16,-5.07763986589078e-08,-2.93941395070234e-06,1.52750494140685e-16,-3.71709377701476e-08,9.54309059606405e-08,8.51350211909509e-16,-1.32848361659296e-15,-3.90628717929884e-09,-2.23553257871294e-06,-1.36889520222987e-08,-2.15144909976143e-05,1.79930586556483e-06,7.42526090334173e-08,0.0303598396257375,3.67791813200031e-08,-1.6262227820584e-06,8.65860117979511e-15,3.29085970190191e-10,2.43467253798094e-08,7.02280489175474e-08,1.16703188744005e-05,-1.72861702748362e-16,-5.27241951823169e-16,1.03376834579505e-06,1.82617351798705e-15,-4.3820783863011e-16,1.50443396004541e-07,-2.38279696831849e-07,-4.46846307019278e-08,-5.22356343799752e-07,1.45038560618039e-06,3.81739822928564e-07,5.13415128577289e-07,6.29288191750067e-16,0.000164011727073242,1.67201556403909e-06,0.397955678126394,1.26935012298024e-07,-1.33662455227352e-07,-1.06959021832064e-16,2.22232111038072e-15,-2.85748026623216e-16,3.30019074121951e-07,7.35668943038781e-10,4.45819922571582e-08,-2.13768628319647e-15,1.30703765393459e-10,-2.3288352507893e-15,1.47509664367137e-15,1.32352859981085e-07,-3.34422681826722e-08,3.45546074392855e-15,-3.21034759549067e-07,-4.64383714030996e-09,2.69898775987797e-15,1.18267551581444e-08,3.34989836411985e-15,8.6435483451159e-07,-1.54197853989265e-15,8.85492881783093e-07,4.4313192162044e-08,1.71579351934889e-09,0.000541855074495942,7.82708336229223e-05,-4.93089096534035e-09,1.64804671210699e-07,6.9750615134877e-15,1.04461196590685e-07,-5.93278631629448e-09,-2.6697694781515e-16,-7.87871059037464e-10,-1.62780203182785e-08,3.82621435567833e-09,-0.707106781186553,1.27095790495223e-08,1.69144468668766e-08,2.74462706628497e-14,-4.73058970987992e-07,-3.60426465470598e-07,-4.98653736679828e-10,2.96465639579549e-14,2.93967153811117e-15,9.17572547256324e-09,2.43772227505569e-05,4.05609336855367e-08,-3.8494665547077e-09,3.12501265407935e-06,-1.86315393378024e-15,4.94985391189545e-16,1.14747315062596e-06,2.03408384339655e-09,-1.09255070473654e-15,2.78300223374083e-05,2.43510997047009e-17,8.07347171638943e-09,-1.37563511459422e-07,-1.84140371837439e-07,-1.22344606031563e-06,-2.91925935175098e-15,-1.37895913302385e-15,8.40257644351438e-16,-7.46328090339938e-17,-9.59604589403693e-10,-3.33274514567264e-09,1.62421644643326e-15,1.3383932576858e-16,-1.00247155828913e-15,4.71174563316656e-09,4.24210210081354e-11,-2.34714952843217e-09,-5.52082800425067e-16,1.63676580969274e-15,1.53645000368352e-15,-1.02211507756457e-07,3.12919895877435e-09,-3.39113419713471e-16,5.51963517208124e-10,-1.44696467946009e-08,-7.85894013742824e-16,-1.00956159540418e-15,-1.77125262368403e-06,-1.02699118988232e-10,-8.79894742621625e-07,-9.76331450355375e-17,5.63872766308936e-09,9.12070768741993e-08,9.81622211707705e-08,-3.67807314829876e-07,-2.18493911168306e-08,3.56386495662745e-10,-1.65057636522103e-15,-4.04916881772191e-16,4.09291149231839e-16,6.84776880995502e-09,-6.20104573621008e-09,-2.42546235719833e-07,-1.85262825311136e-09,5.80937814208015e-16,-4.69944402354933e-16,3.75210205551084e-16,5.40861874055565e-16,-3.89311145604276e-16,8.89774740789774e-09,1.97985379056692e-16,1.28927726743243e-16,-1.21043550816759e-05,9.51547005950208e-17,-2.25939877873473e-07,-5.26768268715014e-16,-1.65578864699248e-07,7.46433407084221e-16,-2.01504300253817e-07,-2.04326606194684e-06,-2.22925455428796e-08,3.95161942696474e-16,1.37785944626356e-06,7.13114421876279e-16,1.2375645673729e-07,-1.97685493107786e-08,1.09421091569931e-10,2.61914214518875e-16,6.03559509160489e-07,-9.91487778616399e-17,-4.35596411557495e-08,-2.22391847737824e-08,1.65321689606326e-16,-6.62837304560591e-17,2.29960779508194e-16,2.7629224796596e-16,-3.38060897400764e-09,-1.70708275149864e-07,-8.08548002793259e-05,2.203979008574e-16,-9.6869870425253e-17,-2.30951361017117e-09,1.8841808076004e-08,-7.06571063248617e-16,1.24377459929372e-16,-3.76933506941568e-08,-2.5282163759662e-16,-7.3082722890086e-07,-3.89858813273637e-16,6.7078411427598e-08,5.40724013760397e-16,9.54626188800386e-17,-9.11183507328798e-17,-5.86717923186836e-16,-5.11431409888631e-17,-7.40915437613478e-16,1.29441394754298e-09,-9.0531228054154e-09,7.15788308892264e-17,-6.01888185437448e-09,2.53023410878452e-07,-1.03811297172118e-15,5.77457909994868e-16,2.57675351696335e-16,1.64480362827954e-17,2.33056351561763e-07,6.27877799212478e-07,3.79900902379793e-16,1.71587917750552e-16,-4.5469055304109e-08,-1.46880917452858e-08,-2.22437645889532e-10,3.19437951187204e-16,3.40609001413242e-16,4.85967451374777e-16,1.59026112570708e-16,-1.36893751067796e-16,1.03866642724209e-16,1.05639967116765e-05,-3.09371115595836e-07,-2.76066616841911e-07,4.4900509474205e-17,-1.40020019653077e-16,6.23688342338439e-16,-7.45654352876293e-16,3.26712944256855e-16,-1.58317011274846e-16,3.76199574017854e-16,-5.05766374544114e-18,1.29967142867269e-16,-1.98308238666936e-18,-1.10846672109214e-17,2.23255425160837e-16,-1.07583441090661e-16,-2.85485957725781e-16,8.75569592631711e-10,2.61587615769434e-17,3.84506276216166e-16,-4.47060910761354e-17,1.24031689165303e-08,-1.53410693405221e-08,-2.50108844221936e-16,-3.20195878498065e-10,1.13482794543693e-08,-8.38479671386195e-17,2.6873678266971e-16,-2.1906217113836e-08,3.81774213134804e-16,2.80076297483196e-10,-3.11254732607866e-16,1.08194525730827e-16,1.64070719301257e-16,-1.18309903624039e-16,2.81571201061081e-08,-3.77124558352463e-08,-3.80700143328781e-16,1.01609383692188e-16,5.94395494472408e-17,4.54671425512909e-16,-4.07172125876931e-16,1.16096375332413e-16,-1.6617202525115e-17,2.9345378502477e-16,4.56661027506535e-10,-2.61505123324226e-16,-3.51480436410606e-16,8.88783958495346e-17,2.94144040769211e-16,-5.24746322262746e-17,-1.43921788941319e-17,-9.94077878986512e-08,-1.27065013010385e-16,8.04174161367691e-17,6.72621406309933e-09,6.27398990368805e-16,-2.82082794548509e-16,3.99648226281272e-16,-4.18798683893117e-16,5.62362324698279e-09,-1.06519277590492e-17,-4.24615700348645e-07,-2.62746824235135e-16,-3.72485516281165e-16,3.12762289575024e-16,-2.59376099767607e-16,-2.32198424005129e-16,-4.51183846661817e-16,6.7333732509285e-09,-4.05511555285557e-16,2.60160417626518e-16,8.50893442771545e-10,-8.41134165503798e-07,-1.19382699536775e-16,1.44986992311667e-07,1.55906192439926e-05,-3.94256882401579e-16,-3.88115376482015e-16,-6.66550316285908e-17,1.26666415137507e-16,-6.0405117101057e-17,-2.61867045609971e-05,-2.69207799191528e-16,-4.32413459069429e-17,1.78656264514048e-16,2.24301600204724e-07,2.57493604553331e-16,7.09606547940692e-16,-1.6481550705919e-16,-2.59395309442101e-16,-1.00965684751722e-06,1.53973084567904e-16,1.7818913437769e-10,-3.67246556531574e-17,3.79157900630379e-17,1.18019293525378e-16,-2.06900458237294e-16,1.68774945286458e-16,5.44435679391851e-17,1.53597608178698e-16,-3.09597356989085e-09,-7.30354835408839e-17,-4.45074113790321e-16,1.30200279017529e-09,-1.78469168759595e-16,1.63903097865195e-16,1.01457801907272e-16,-1.61552201179373e-16,-1.13458236423578e-16,-1.99263650649461e-16,-9.44805532458309e-09,7.31128175908821e-17,-2.09697882336284e-16,2.81458444194574e-09,1.44725056243096e-16,-3.68725994323896e-16,4.91225695651845e-17,-4.78473192605304e-17,2.18888358185628e-17,7.79302705401716e-18,5.808320325516e-17,-8.69784689513807e-18,2.36253268633956e-16,9.3356898180311e-17,7.85634982588563e-17,-1.47897455628067e-09,4.90528097694516e-09,-4.04439098092023e-17,9.63602480197558e-17,6.49037346392002e-17,-2.48961159336168e-16,1.08908108226169e-16,-2.55295137307988e-16,-9.6472146758554e-17,6.08430943458116e-17,-4.68012155988721e-09,-1.10901159320414e-16,-1.00097133813763e-16,-3.73934497241627e-16,9.62490871848631e-18,5.45299039851875e-10,-9.42908139456852e-17,-8.65536925575767e-11,1.79551792770164e-16,8.07038723583132e-17,-1.61364282917444e-17,1.79841694033618e-16,1.54373494041366e-16,-1.86292612468731e-16,1.04026816141403e-16,-1.48032285196281e-16,1.92574687938867e-17,1.32086457420158e-16,-2.00552639457198e-17,-1.48040420672005e-17,1.34912617154121e-16,2.3926827189452e-17,-1.64830025041532e-16,1.22317730995001e-16,-3.41955445948465e-17,7.57654539168247e-17,7.2460097616391e-17,3.54046784146194e-17,1.90765372248825e-16,-1.13949766535707e-16,2.17162550160789e-16,2.12498380304596e-16,1.55298367859012e-17,1.3625948678458e-05,-1.1465055303414e-16,-3.05838515987913e-17,9.3060857372316e-17,-3.82559818013299e-16,1.75693612097354e-16,2.98802077606195e-17,-1.08931505940371e-16,-2.85125577658406e-18,-1.25644941557429e-17,-8.135111990592e-17,1.8398910867079e-16,-8.52551156300965e-17,-1.75107572997276e-17,1.37712072248444e-16,1.57786210352142e-17,9.58798002013867e-17,-1.88294135334906e-16,-5.415698893416e-08,-7.7277756842705e-17,-5.81843988278462e-17,-1.18827738023207e-16,2.87513317955254e-17,9.34290416427529e-17,7.22667977251329e-17,2.74941331613998e-16,-1.91994183103872e-16,4.94554465256121e-16,1.24463971869224e-09,1.31374766788716e-16,1.246937196508e-16,-5.41441010217284e-17,-6.1228963384426e-17,1.27485948640177e-16,9.73426664960537e-17,-7.65669700983079e-18,8.06394452569758e-18,2.03374549800679e-16,-2.92683553024666e-17,1.687330317253e-16,3.83675237642615e-17,-3.53055579655322e-17,9.82501789038994e-08,-4.52523760350663e-17,-6.71233733326784e-17,-3.1353213026461e-17,-3.36536354339501e-16,-1.72745975285412e-09,2.27049828626903e-16,4.59413292487465e-17,-2.19993454740383e-16,-1.28171143512492e-16,-1.25169338866644e-16,1.42260581440098e-16,3.46466875595328e-16,1.12161435207246e-16,-1.34859490658338e-17,-2.11903945556833e-18,-5.64694739796029e-17,4.80287087928321e-17,-1.83226251379155e-16,8.74946216083563e-18,-3.63332265445446e-17,6.51515768429308e-17,-2.46663651183195e-16
"t135",0.0371215121044603,-0.0115281505405353,-0.0126522758484809,0.000775817283650259,0.00746836267430924,-0.0213273790547724,-0.00303065108017649,-6.72201239933192e-06,-0.0692891463665723,-0.0587191407648433,-0.0689563597705302,0.000992079667722565,-0.00218054577942604,-0.000484156852725153,-0.0148610682080099,0.000400527576319278,0.0002759001679577,-3.46536172230564e-05,-0.0168612367212802,-0.00758563705609136,-1.56504944006917e-05,8.13831519334684e-05,-0.104890693772831,-0.00428113130752216,0.000403833737855517,-0.00341226178460765,0.0335681006867634,0.000251702676753544,1.66984511676772e-05,0.000248937422105693,0.11755313557025,0.0011013142056847,-4.30616750478211e-07,0.000644130095703541,-0.00101885968637295,-0.000193774269644893,-8.89379467031413e-06,3.62251257402999e-05,0.0113122865350532,-0.00111442621955592,3.57415105766219e-05,-0.0093361355933681,-1.38934775964783e-05,0.000830813933086944,-1.22175701551958e-05,3.74321172850158e-07,-1.73744876277631e-08,-7.88905335580385e-08,0.000114984532088714,-0.000353829520155657,5.62102737240873e-07,-9.2520199807361e-07,1.25756708347314e-06,-4.65030880626455e-07,5.10579970616489e-05,-4.01807016216322e-05,2.451961368737e-05,-3.136438741117e-05,0.000274717183635572,-5.05103937424012e-07,-5.1508131941004e-07,2.82760759922539e-05,-1.78176644083236e-05,1.36170899159582e-05,-0.00312707539457539,1.73378946850455e-06,-1.41626198732422e-05,4.52193327486493e-05,-1.11242761095637e-05,5.1685849996736e-05,-5.28051167401252e-07,1.78614733568764e-06,-6.49194507059463e-06,-4.82243087271499e-06,2.06984047546181e-06,1.90648566628797e-06,-2.02152502028423e-05,3.79827180689326e-06,-0.0150811372749143,0.000265298233255789,-4.38470044186093e-06,-0.000281920515591542,0.000637261616521537,-3.01580271147021e-07,7.47760284395577e-06,2.60349422174621e-06,-4.80088221455175e-07,-8.43855071636405e-06,-1.58786354066434e-08,6.48352962969844e-07,-6.87768490527375e-06,4.91350001050744e-09,3.42556122329656e-06,-3.08486699714627e-06,-5.52998735253824e-07,-6.20880359825581e-07,-7.2810600981254e-08,3.32635551964861e-07,-3.43954107006469e-06,-3.97952521795937e-05,2.8757064584516e-08,-8.49503453991721e-10,3.42109439116918e-07,-0.000138965227309477,0.272030636622202,6.69245163459557e-06,-0.000754097839376217,8.74205529743804e-07,-0.00133890913673133,1.70103989667375e-07,5.54514436339837e-06,9.22250860813508e-06,-2.8112606523535e-06,2.71308221784622e-06,-3.07513518900362e-06,6.83394413622278e-06,-0.0138280580231808,-0.000136135327049256,-5.41456729852027e-06,3.10372036448347e-06,-1.97374930555388e-06,4.61828920377362e-06,-6.82242010076396e-05,-6.76851102031338e-05,3.32592973577734e-07,-7.05676325870202e-06,7.3260874703697e-07,-1.74531560196073e-05,1.58173522620063e-05,0.000550146044148574,4.05403920253974e-06,-1.48680867056762e-05,1.21264405223833e-06,0.000145814729646356,-2.97203871471154e-08,1.96249550690761e-05,-5.53597385394021e-05,-2.09214161992223e-06,0.000254580469480399,-7.37349189778572e-05,-0.00177626795225199,4.48710453074737e-06,7.2714820736718e-06,7.8461594265645e-07,4.54526800747931e-09,-1.20119640574368e-05,-8.70655076861942e-07,0.000917379875066563,0.000388359656362049,-4.54415998719466e-07,-5.62857795804832e-07,-2.95360136671057e-05,-4.1280398780133e-07,0.000101599771843556,-3.43762444393781e-07,-6.58017537565635e-06,4.10879379037542e-05,-7.12150418936851e-06,-5.51835054203035e-05,-8.12658587770866e-06,-1.2179284518179e-05,2.02568731820857e-06,-0.196914824819205,0.000148430006931746,-9.69411832629198e-06,3.15108995471127e-06,-0.00023581469810006,-3.05913622785752e-06,-0.000190989057398375,-6.44207898972111e-07,1.14853367805658e-06,1.99820004986836e-07,-1.84543024543061e-08,-8.30164381420431e-05,-8.15457126698171e-08,-1.56334058880953e-07,-6.63286100475932e-09,1.14425777246067e-07,-4.56068818540652e-07,-1.54335560952609e-07,1.04136162049467e-06,6.78391956401651e-07,-1.8392278712106e-07,-9.41361054656951e-10,-3.66337724465733e-08,-5.03825777457124e-08,-0.000796027791525411,-2.93862675374348e-05,-0.000132594263458525,-1.17039477537639e-08,-0.00308068509625193,-6.14114970323277e-07,-3.79793006825053e-08,2.0868839205541e-11,3.51626445633868e-09,-1.3036130183709e-06,-8.91916402020933e-07,-1.62801905970266e-08,1.85743637311579e-06,4.30168676650534e-07,1.80249086959212e-06,1.54297990208065e-06,-7.8960220390331e-07,-7.65321259606306e-08,-8.73529450993689e-06,-4.0601172014774e-07,5.64235039297618e-06,3.01277503841381e-07,-1.65181147633321e-05,-3.55074044459576e-09,-6.89290706538972e-05,-4.33275124007e-07,-9.36839625113656e-07,-2.56721500780003e-05,4.10173912380932e-09,-6.92300454142022e-08,1.99007281025211e-08,1.26374748071481e-08,-7.24014926979172e-05,-1.37338411662345e-06,-6.25403747738782e-07,7.20925729077571e-07,1.57444549608397e-07,6.61986958809375e-07,-1.92172638474969e-06,-1.09262266344551e-07,-1.03418951392624e-05,-6.0054788065207e-08,-0.000220140689658622,-2.74504261080654e-06,1.51740680363644e-07,3.10984696200384e-08,9.23958614142268e-07,3.37808015878415e-07,-3.00787154824235e-07,-2.77226269458742e-09,-1.03031380430663e-06,4.23143042662577e-16,-6.32210139512982e-09,7.84392697721764e-08,7.27446905595861e-09,1.02561653735312e-07,3.17295215068767e-06,-4.60461450042812e-08,5.57723116936718e-06,-8.4001523853505e-06,0.400425701562417,2.54840337973157e-07,-3.32223393199378e-07,8.7871486654385e-05,-5.08646353529909e-08,5.36688342239561e-06,-6.58979725960093e-05,1.11638250113686e-08,-6.91115179299838e-10,3.19079105951628e-08,-2.99336152410004e-08,4.73867803659548e-07,0.000274652274335224,-0.0142538303131217,2.27174847009178e-07,-7.90016680548545e-06,5.68640048281752e-06,-3.59887529858201e-07,6.51664910613902e-06,-2.43630884336064e-05,5.05832901793739e-09,4.40101964728151e-05,2.13719016524539e-07,1.75397617938253e-06,4.63139813625621e-09,-2.46497944217529e-06,1.27985180216232e-07,-1.56742648822555e-07,2.47731678006096e-07,-4.78670665454738e-07,3.71982676976043e-07,-2.72348990493436e-08,5.2895863845069e-06,-2.32184593713607e-08,3.86661177530525e-06,3.71592530335949e-16,-1.464692540952e-05,-0.00506820797359719,-7.37583510788387e-12,-7.61101895073045e-08,1.14542497671379e-07,-7.13912555301897e-08,-2.03150587565302e-08,2.40405692448571e-09,-1.07422882359965e-07,4.06218627605201e-06,1.51028659063439e-06,-1.20924717257249e-08,6.50921920916856e-06,-2.19851692158928e-05,6.11049187681058e-07,-0.002503999043749,7.97137507226389e-08,1.44353444466156e-07,2.24952846759153e-09,8.59242719613831e-06,-1.19585972059204e-06,5.32499197753846e-09,-1.68413204890332e-06,1.99686269965749e-07,-7.28042417066415e-07,5.53473776250661e-07,4.94434885929018e-06,2.52555740882355e-07,-8.06464021271124e-08,-5.36853930867635e-07,5.62068500509631e-08,-2.71760924036468e-07,7.79154046999683e-07,3.37017738828788e-06,-0.00114396130360238,2.93231284990298e-17,6.80993411978334e-08,4.61387996277224e-07,-8.72795988684323e-08,4.81972440446551e-05,5.36858100765569e-08,1.9078771846461e-05,0.0237655197604299,3.9691827119479e-06,-4.07913775650762e-06,-3.78898929672051e-16,1.61699269958522e-05,2.3560716569762e-12,-5.91677636636717e-08,2.80209896576249e-09,1.39313932335906e-07,-1.13294360715251e-07,-2.249417082674e-06,6.53286905856579e-07,-7.37161540649508e-08,4.99921237302518e-06,-1.65950360842425e-08,-1.61051919397075e-06,-2.16591771416712e-09,-3.20283875132219e-10,-4.57506047005924e-06,2.52371659956536e-08,-8.5820910867059e-06,-9.33694429841438e-16,-1.39319296482226e-07,1.10364995481319e-08,3.18093553060395e-10,2.89757958496019e-09,-4.42410082390764e-06,-3.61754966122073e-05,9.05557769000023e-08,-3.34225416907881e-07,-1.93194846941046e-07,1.46239839453378e-16,-3.54391749004621e-06,-1.26132314656303e-08,-8.03239963590439e-05,4.96925317437826e-16,8.25575780733527e-07,1.06512871863246e-07,-1.64441131779375e-08,-1.13869401343853e-05,-2.19496760451309e-06,-2.02720292377689e-06,-3.8195703206603e-07,2.03402759336936e-06,8.57267818530783e-08,4.76518029365368e-09,1.10958648756395e-06,3.36364820055436e-08,2.27803244628447e-16,-1.34560212244303e-08,4.98427854038261e-07,2.15408190769292e-07,-1.35778271391923e-06,-3.32403146070771e-16,-2.7838682729617e-08,5.13173733422776e-09,-5.82308812191691e-07,-8.31917196731423e-09,-3.01537968839992e-06,2.93747299064664e-08,-3.88860258516855e-07,2.08141008479049e-06,5.91015920123109e-17,7.47534871541786e-06,-3.54186138163629e-08,1.02718500900039e-07,1.10193774303052e-05,-1.44824669824461e-08,-1.67392596336824e-06,-1.61329283265843e-16,3.99605267139473e-16,-8.58917378643616e-05,-1.92887010514695e-08,2.5431456689363e-09,-2.80286179147395e-06,1.13612090084445e-15,-1.60997582342221e-05,-1.35268006476259e-06,8.68033001157032e-16,6.80294678775405e-17,-4.78082228958505e-16,3.21228343137009e-06,8.73459482582966e-08,-9.49932584976718e-08,2.86719480835249e-06,4.06792380928431e-07,7.47903884440259e-08,-3.24240442295482e-08,-1.10688075419544e-17,-6.99532409036193e-09,1.95366042196851e-08,-1.75216212811231e-16,2.73064781949321e-16,-1.19729666930299e-08,-6.87101682428602e-10,-6.97808897268052e-09,1.75099915598809e-06,6.74061343262095e-09,-2.69610646915945e-07,-7.93774127444216e-16,-9.46493812150122e-08,-5.01338781275295e-16,-5.19250641640978e-06,-3.53260172850089e-16,-7.35635469126194e-09,-8.12238046461962e-16,2.99959167533244e-08,7.88535674106217e-09,5.82158861326802e-07,4.67893158117078e-07,2.06175209803886e-08,-2.34433042807363e-09,1.4727712096307e-08,5.39905567035464e-09,2.58677046999625e-06,8.55715519900342e-08,4.92704275842604e-09,-1.36787404869268e-08,-2.50608216263557e-06,-0.000846660872129577,-5.55197991350775e-09,6.09637810642867e-16,5.4389702590152e-08,-9.18691490918853e-09,4.3169675354289e-09,1.32756421622718e-15,7.74985916079726e-08,2.07715955334844e-07,6.45802846401241e-08,1.11766829185625e-15,-1.54022232484152e-08,-8.09033752978156e-07,2.91629626522705e-16,-9.69001017855977e-09,1.54069111640904e-08,-7.53256371699072e-16,4.20258739111748e-16,-4.53393658061335e-10,-2.49891913137505e-07,-1.2484993636047e-09,-1.41845989135259e-06,6.94831242272345e-09,-1.37470896206032e-10,-0.000304681868955668,-3.96107736028056e-09,3.27028843626551e-07,-1.36919555554504e-14,-7.90763636129548e-11,-6.02000431874188e-09,-1.91250204388128e-08,-3.54484717829298e-06,-1.12035015112624e-15,1.17196745895469e-16,-3.61011083682699e-07,-2.09768130931931e-15,2.07542913092087e-16,-1.08427749475914e-07,1.91896025238459e-07,3.60695041303862e-08,5.34622781386815e-07,-1.53253993662564e-06,-4.06122895127343e-07,-5.70802257807172e-07,-4.14108398806566e-16,-0.000294536226477344,-3.34650018254517e-06,-0.826170398141287,-3.18478948002788e-07,4.96223326170113e-07,-3.30824698238865e-15,-1.07554257179674e-15,-1.17591315394725e-15,-2.71810054613328e-06,-1.08274352694923e-08,-6.95593679996694e-07,-1.88763138663837e-15,-7.42359874991003e-09,-1.99740894242991e-15,-2.39570176418223e-15,9.11477244634408e-07,-2.27640395444827e-07,8.76794296889027e-16,-1.79524497703602e-06,-2.36567649201527e-08,2.44329543432789e-15,5.14723074318145e-08,8.63109051925915e-16,3.24375554807037e-06,-3.71793337926778e-16,3.28459643148042e-06,1.62922090368725e-07,6.24645544699956e-09,0.00194631503068783,0.000273078837129258,-1.56099730726678e-08,4.67051008022139e-07,4.04842954112445e-16,2.65410371764705e-07,-1.492057581013e-08,8.90420836283767e-16,-1.95539711940942e-09,-3.94784346426023e-08,9.09807083230914e-09,1.01723397661743e-14,2.8437641828722e-08,3.74324435336366e-08,-1.31298905771146e-15,-1.03221813972115e-06,-7.81144971279429e-07,-1.05502519070118e-09,-5.28384216361323e-16,4.2013970579411e-16,1.84439522122313e-08,4.80458778475608e-05,7.96324422413129e-08,-7.025473009976e-09,5.64450310275689e-06,2.65824472180799e-16,-2.38866781494041e-16,2.05827460368313e-06,3.64547883876571e-09,-3.44357922910858e-16,4.93164880671891e-05,3.67692864805263e-16,1.41573214460286e-08,-2.37928158211836e-07,-3.18183977438026e-07,-2.1062214588076e-06,-3.06233819865708e-16,-6.89969265101067e-16,1.12158521057344e-16,-2.18263191624045e-16,-1.60128447071929e-09,-5.54803922690387e-09,-1.37473934106463e-15,-2.55117554866239e-16,-2.57735980758791e-16,7.77741648118494e-09,6.97717362099263e-11,-3.8240039532873e-09,4.08762450649859e-16,-1.07932326270932e-16,1.72496565642444e-16,-1.61656795159786e-07,4.94437993031259e-09,3.15877632206557e-16,8.62977431170421e-10,-2.25297023083549e-08,1.49797655778556e-16,2.03242705317394e-16,-2.7319928507919e-06,-1.58287543798697e-10,-1.34892442436885e-06,5.88312637614883e-16,8.57002369412812e-09,1.37982157761723e-07,1.47575382732293e-07,-5.48400153957742e-07,-3.25070016927965e-08,5.28112017376554e-10,-7.14034201102925e-17,-6.29358302445441e-17,1.39975866767985e-16,9.93350878031963e-09,-8.99257985738247e-09,-3.50838625851693e-07,-2.64685830912439e-09,-6.966829039218e-16,-7.06495805831314e-16,-2.24323663999432e-16,-1.52805890412686e-16,4.95043105384941e-16,1.25592458058265e-08,7.85892501843246e-17,3.42317615534781e-16,-1.70082078224354e-05,2.05781802440225e-16,-3.17399522121455e-07,-1.64621867235628e-16,-2.32511426779705e-07,1.04926850953373e-16,-2.80826431865852e-07,-2.84260846151704e-06,-3.09316117363249e-08,-9.96079364505024e-17,1.9057106091414e-06,-1.06602465972443e-16,1.70004650426157e-07,-2.69269458981941e-08,1.48989655160444e-10,1.52647437831584e-16,8.19112141862965e-07,5.88377354473868e-16,-5.88163933071899e-08,-3.00210815808747e-08,1.88353916235845e-16,6.69275114253017e-17,1.15011737927428e-16,1.70862595562034e-16,-4.54500648098177e-09,-2.29263332337181e-07,-0.00010845656788961,-4.14205364355375e-16,1.33754822328708e-19,-3.08029172726459e-09,2.51238237004934e-08,6.12322967444741e-17,-2.95613976679309e-16,-4.99195138364484e-08,9.12073479465202e-17,-9.66510041287495e-07,5.77246945526056e-16,8.83546873993442e-08,-4.27362941175033e-16,9.21869440759961e-16,-5.34471287691849e-17,3.9974352589015e-16,9.14134212757758e-17,6.96245975323947e-16,1.69170003525704e-09,-1.18305597895686e-08,-1.04880431298748e-16,-7.84479741807832e-09,3.29424502067752e-07,3.08138064836936e-16,-2.42837717826079e-16,9.17986384944758e-17,-2.13035893757759e-16,3.0204364937388e-07,8.1288667090735e-07,-1.02740388390547e-16,-2.57483715315371e-17,-5.87989071897644e-08,-1.89912579004579e-08,-2.87459320234553e-10,-3.24508769277286e-17,3.67223998942294e-17,5.05528236482183e-17,5.9366586530987e-18,2.41378353574759e-17,-2.90848641014508e-17,1.35443003241677e-05,-3.96366126508309e-07,-3.53445899452019e-07,2.67242403089557e-18,-4.07419267481917e-16,2.4021795820361e-16,1.10145405052332e-15,-2.24518157830565e-16,4.4872563545748e-16,1.24172429060208e-17,8.65610322944919e-17,4.00930824308537e-18,-9.55044887582001e-17,1.43071894401395e-18,-1.13694539516898e-16,6.29600255975774e-16,4.69218268061875e-16,1.10829366049628e-09,-1.31836258562058e-16,-2.33555655470382e-16,1.37555249787418e-16,1.56773691863242e-08,-1.93844382692319e-08,7.2447729579662e-17,-4.04505769551707e-10,1.43115168960205e-08,-2.08041685201745e-16,4.0433748149946e-16,-2.75676149328959e-08,-3.19869387079558e-16,3.51559365078703e-10,3.15913906137999e-17,-1.1420517175445e-16,-1.4141151861516e-16,3.98760459667763e-17,3.52053208228734e-08,-4.71401989181119e-08,-1.5603519083595e-16,-2.12435963208919e-17,2.24891069302359e-17,-5.31240408952362e-16,-1.46367293285543e-17,-7.39237119239309e-17,7.68831436129062e-17,-9.60463272367789e-17,5.63583171930835e-10,-8.65517388344309e-17,8.49307401056077e-17,3.95444892150437e-17,-1.19601759426237e-16,-3.02804209202953e-17,2.55021139065663e-16,-1.22367370210476e-07,5.74253882114928e-17,-2.05003769001036e-17,8.27584914835342e-09,-2.31728775689158e-16,4.25030346058116e-17,2.78095065203763e-19,-1.16806325076882e-16,6.88226303941645e-09,1.03425595158203e-16,-5.19165275732467e-07,2.86686859156184e-16,1.3738907307436e-16,-1.40568681397796e-16,1.46351199659545e-16,-6.01220613528203e-17,-1.81937600290083e-16,8.21722591239047e-09,-4.05603881401524e-17,-4.54025579778224e-17,1.03693122862641e-09,-1.02496509638622e-06,-1.15932241546243e-17,1.76460422189748e-07,1.89678432435174e-05,3.47385699966183e-16,3.23844065343395e-16,-2.84421721473858e-16,-1.22328476069674e-17,-5.81278432251574e-17,-3.16867276112887e-05,5.6157802351467e-18,5.98327802164617e-17,1.00664903145355e-16,2.71044238999415e-07,6.84683168563522e-17,-5.12538620525117e-16,1.53764856202591e-16,3.33851770382875e-16,-1.21790715420738e-06,-1.51470402715322e-16,2.14827078889343e-10,-6.16415604912288e-17,-2.9294222061301e-16,4.15760619776088e-18,9.56727494103087e-17,-8.85633185814305e-17,7.63334749934783e-18,-8.99216917844705e-17,-3.72204658708461e-09,1.2285174648072e-16,1.02116502630796e-16,1.56422177364586e-09,1.12533678417997e-16,-6.16458639025915e-17,1.40725083307279e-16,-6.81712773943749e-17,-1.19983594647238e-16,2.61687436025243e-17,-1.13267469715088e-08,-6.29556650019744e-17,-1.61801887585231e-17,3.37108164646562e-09,9.77318644912451e-18,2.30685153834858e-16,-1.2709441357424e-17,7.10310067160246e-17,-1.82552209146293e-16,1.55111979742948e-16,1.03731467848697e-16,9.41001182012734e-17,-2.65171993627357e-16,9.22421460849751e-17,8.51426525728875e-17,-1.76539467730393e-09,5.85289817768353e-09,-2.02896450726665e-16,-2.33513489074359e-16,-6.52445902332068e-17,1.84511556691042e-16,-4.54497550705923e-16,5.15981231558371e-16,1.53273697617264e-16,2.36458841556283e-16,-5.57272857374538e-09,4.10051033293004e-17,-3.21951187003333e-17,-1.65914178231319e-16,8.0515166936252e-17,6.48183134787347e-10,-6.89313111169321e-17,-1.02688289563334e-10,6.65878036045313e-17,-1.17452205733315e-16,1.55669552875567e-16,-2.08405576391069e-16,-1.48122040808684e-16,-5.56583744513524e-17,9.31604404268237e-17,1.39876938881204e-16,6.69832245150763e-17,2.84146136838052e-17,-1.65334994901071e-17,8.15561086922832e-17,-1.93596929408783e-16,1.39837525985887e-17,-1.59561374187812e-16,7.19931905132717e-17,5.07033631749914e-17,8.02485738728115e-17,-1.60364240456932e-16,-1.33095926128122e-16,-9.70903045460769e-17,5.58701387601321e-17,-2.12776121983192e-16,3.12356781402393e-17,7.90054319668472e-17,1.60578676489226e-05,-3.94104134162923e-17,-4.28178643783044e-17,1.02584021206022e-19,5.26212190507459e-17,-9.10720471756327e-17,-1.35308513032783e-17,-1.2241297572437e-17,-2.11046169008152e-16,1.92670400614762e-16,-3.48493512786004e-18,-2.60750622482764e-16,2.498747302195e-16,8.04796418654727e-17,-1.71075665972599e-16,5.50407719989165e-17,-1.65668667303352e-16,-5.6653912743877e-17,-6.35506651743217e-08,5.37874548062965e-17,-1.45834121465138e-16,-1.71008585746984e-16,-7.30667002846551e-17,3.83337763655928e-17,-2.99315028298946e-16,-1.25577851758823e-16,6.44694062463409e-17,2.36904896120347e-17,1.45440318202625e-09,7.60229525443689e-17,-5.447082652703e-17,5.08317413441118e-17,-3.54199281684253e-17,-1.47033765799169e-16,1.50695696873363e-17,-1.11429524885035e-16,1.4017066998396e-17,-1.80413958655734e-16,-5.36685503351301e-18,-6.39331676951453e-17,8.93305211186035e-17,8.02309455110315e-17,1.14347750261672e-07,8.32749437919948e-17,1.05013840178539e-16,-2.43387560843991e-16,-4.18393618362156e-16,-2.00685526553777e-09,1.14510980214839e-17,6.95886440447095e-17,2.20086775130306e-16,1.13223347249555e-16,-7.07409732047218e-17,-5.41154440631948e-18,1.01178863702952e-16,3.11465614092975e-17,-3.22926073591975e-17,-1.32124485961802e-17,6.4018109303411e-17,3.17681428095676e-17,4.21867725022847e-17,-9.24605118975011e-18,5.12494942542271e-18,1.63432249846233e-16,-2.3831498997196e-16
"t662",0.0365924020499222,-0.0111748875111844,-0.0122515210341785,0.000742420307525805,0.00706969443093721,-0.0199750421912579,-0.002834380044939,-6.24875783787868e-06,-0.0634248383171687,-0.052535025500345,-0.0593365153148044,0.000812248138192032,-0.00177009014880973,-0.000391195362778676,-0.0118400570748442,0.000312451467670722,0.000213191859391548,-2.65744054318687e-05,-0.0127990214430625,-0.00551881731851262,-1.0823317009612e-05,4.60040042339544e-05,-0.0535463798471557,-0.00215782780183224,0.000201706047384257,-0.00149684592624963,0.0141314296309188,0.000102387268992894,6.01644032508799e-06,-7.49526984602587e-05,-0.157415383106449,-0.00547729422021169,-1.83448169546773e-06,0.00157006385170192,-0.00184806267341873,-0.000269995575056215,-1.19953407574066e-05,4.70323898153683e-05,0.0144600218593093,-0.00137888749002007,4.17329363993822e-05,-0.01041715166656,-1.50919883623576e-05,0.000900524668734186,-1.28471128079781e-05,3.55007931628791e-07,-1.59941992004574e-08,-7.16242656509826e-08,0.000100461132627564,-0.00029665706085157,4.46039891125399e-07,-7.15389661343721e-07,9.68681570336929e-07,-3.46671603455168e-07,3.56337028055468e-05,-2.77566002680459e-05,1.38337741871965e-05,-1.66056972736669e-05,0.000144304494645236,-2.21372411875376e-07,-1.90621582939607e-07,9.48136736148539e-06,-5.46237773794235e-06,4.07490408924804e-06,-0.000762368320435077,3.33016142939163e-07,-9.97708746993195e-07,5.34592602565596e-07,1.80929156377413e-07,-3.54460472796696e-06,2.05722392936936e-07,-1.269483161052e-06,4.99449561655427e-06,4.34536621288393e-06,-1.90169443514181e-06,-1.87231461279098e-06,2.03839217932793e-05,-4.3589773270215e-06,0.0234352451391417,-0.000471707953080201,1.0215701396464e-05,0.0007045882091495,-0.00421667090891767,7.49671565642018e-06,-1.19722454233223e-06,-1.85765811144294e-06,5.48286949092182e-07,1.01654803650978e-05,1.93841302157719e-08,-8.17507337895831e-07,9.63504618053019e-06,-1.30270143608967e-08,-9.50416228956886e-06,1.14840038802779e-05,3.56579263716747e-06,4.42249718009542e-06,5.21139173153213e-07,-3.20425696026254e-06,3.78886219647943e-05,0.000958970480079916,2.4068439235568e-05,-1.62320479278231e-07,3.47445330984841e-05,-9.18525072192307e-05,0.011158733063368,-2.91569830127239e-06,0.000972050401770692,-1.33926493974983e-06,0.00263907548653273,-4.5333754719113e-07,-1.60863421370927e-05,-4.09965404676283e-05,1.30739578631314e-05,-3.15934227547622e-05,4.42802982058489e-05,-0.00017290017985434,0.492499932662193,0.148460651262401,-0.00025763266769412,8.69866901706076e-05,-4.54297180674562e-05,6.80599537474919e-05,-0.00083084018445787,-0.000819020810988094,3.93093462420221e-06,-7.18728513419668e-05,7.37934570622174e-06,-0.000158190906143759,0.000113140994657348,0.00392632570960857,2.84681600791709e-05,-9.24214496818865e-05,7.37527769893098e-06,0.00087325865874675,-1.67562960085888e-07,0.000109758806034914,-0.000276172358855431,-9.60662298031059e-06,0.00105526414241363,-0.000304814710138823,-0.00722561711614382,1.81070444844836e-05,2.89752818079257e-05,3.11182992716744e-06,1.80256544774189e-08,-4.61572202190097e-05,-3.21860356121858e-06,0.00440175449134136,0.145489812285212,-9.2838758305543e-07,-1.17608833245759e-06,-6.56735796691828e-05,-9.33643920619698e-07,0.000232137304784937,-7.39109959271959e-07,-1.38634761686177e-05,8.52434019185694e-05,-8.01457337014794e-06,-4.59038686593244e-05,-6.37075977846057e-06,-6.13199951688596e-06,8.95986610192873e-07,-0.00505382905081153,-4.37248165698307e-06,4.99781354156846e-06,-3.39342982367246e-06,0.000858150032637009,1.15400084228657e-05,0.000727140803782965,2.81673294545294e-06,-5.9069944363297e-06,-1.05217805970599e-06,1.35640610237824e-07,0.00068170280207255,8.65462366754333e-07,1.77562731647575e-06,7.80705661055743e-08,-3.17268213467704e-06,-0.000148817916001124,-1.7113165672975e-05,7.16677224953844e-05,2.25838290276116e-05,-5.14291490279521e-06,-2.2812504173404e-08,-7.89790008462779e-07,-7.9550916973763e-07,-0.0117833570335263,-0.000269987587109963,-0.00119946204807053,-8.95710405285553e-08,-0.00906689425051686,8.09618362067907e-06,3.59943661974541e-06,6.45228255250799e-10,6.97790223857479e-08,-1.60685891161344e-05,-1.04121075228094e-05,-1.73284965479717e-07,1.90337873979767e-05,3.62050473511334e-06,1.50695220702365e-05,1.22231216564242e-05,-5.98479949839722e-06,-5.34556093904433e-07,-6.09944171986703e-05,-2.81741796802299e-06,3.84589097504268e-05,2.03001789190419e-06,-0.000108294104595685,-2.26298447631523e-08,-0.000431092513165488,-2.69573300343318e-06,-5.71342223490646e-06,-0.000155193738966533,2.47906901273453e-08,-4.160359700459e-07,1.18372625659927e-07,7.50746281154679e-08,-0.000428934057230141,-8.15552413166617e-06,-3.7201213835196e-06,4.34210683185924e-06,9.52487851067795e-07,4.02722468471176e-06,-1.19563911432814e-05,-6.83663446974216e-07,-6.48044380510263e-05,-3.91591624987731e-07,-0.00148357094330206,-1.93993481357024e-05,1.1010443805522e-06,2.32838829887192e-07,7.15558991773564e-06,2.64368311435575e-06,-2.65774463262998e-06,-2.72855327889862e-08,-1.19580808850982e-05,1.81939490879773e-17,-1.11781493994062e-07,1.5936749492801e-06,-3.1994316086251e-07,-8.13489377305497e-07,-1.08456572686104e-05,1.49898801864026e-07,-2.08437598980962e-06,9.26850205716347e-07,-0.000190440942103584,1.13384993533753e-07,-2.28235394761759e-07,9.14970097512149e-05,-5.95279279578328e-08,6.5447042441732e-06,-9.57359700531584e-05,2.25318814122467e-08,-1.46509697993361e-09,6.93767593269685e-08,-6.4890798140672e-08,1.02183710968954e-06,0.0004865757540598,-0.000493233642104841,9.0358773637715e-07,-2.82103061677988e-05,1.91139231417313e-05,-1.15418407548622e-06,2.01584771775677e-05,-7.51564186207668e-05,1.51176533337757e-08,0.000131484931628586,6.38258778214684e-07,5.21980703322186e-06,1.37681868053768e-08,-7.30732688974686e-06,3.7923935984883e-07,-4.59709607725963e-07,7.25529989312492e-07,-1.40005121502254e-06,1.08386806298212e-06,-7.901576299072e-08,1.50509174698085e-05,-6.5280363974677e-08,1.07121676856633e-05,-3.89021984779262e-17,-2.64209064250134e-05,-0.000253201107071909,-2.76010510922974e-11,-2.41218573451785e-07,3.54096430913567e-07,-2.19268594660566e-07,-6.22316238979614e-08,7.21117810124914e-09,-3.21866165941053e-07,1.21676696915473e-05,4.50007876225924e-06,-3.53053668172769e-08,1.89059714999782e-05,-6.35935627566538e-05,1.73632857097801e-06,-0.00276669096551915,3.63751812776771e-07,6.41038896657689e-07,9.9168946259305e-09,3.00625482882585e-05,-4.20528067034455e-06,1.88405053766582e-08,-6.02713934763863e-06,7.27972648382333e-07,-2.67248152133572e-06,2.22553103399119e-06,2.0088636002616e-05,1.04781257811235e-06,-3.39951676555949e-07,-2.4120513047771e-06,2.79130729559315e-07,-1.55223635108017e-06,4.8438995497299e-06,2.56152220666559e-05,-0.0325984034236527,2.67249214591312e-17,3.6127007675874e-08,2.19018606293792e-07,-2.49226148084977e-08,1.33849717076756e-05,1.44564428721316e-08,3.76282908702261e-06,0.0006956485197483,-9.49703115226386e-07,4.75659139163976e-06,2.44525305792159e-17,-0.000462243472957888,-1.40693074083077e-09,-1.0858613207326e-06,4.66215826171485e-08,9.70089766075794e-07,-6.56779237813672e-07,-1.113962103215e-05,3.0102591327744e-06,-3.0632441542185e-07,1.95684304398927e-05,-6.31670005615026e-08,-6.04938460736527e-06,-8.07468268838971e-09,-1.17963260288915e-09,-1.68292553811731e-05,9.21244433940152e-08,-3.1154289228338e-05,2.64735279478544e-17,-4.89536993336284e-07,3.85769439041118e-08,1.11181131263107e-09,9.99857364179029e-09,-1.5240020744494e-05,-0.000122500499817878,3.05472907889908e-07,-1.12664315247494e-06,-6.49566985936302e-07,4.11572435705869e-17,-1.18831966406641e-05,-4.22534274802065e-08,-0.000268190436852006,4.64248103411716e-16,2.74775174894358e-06,3.54260324622541e-07,-5.46737460488227e-08,-3.78328167770076e-05,-7.28445840979325e-06,-6.72223634158299e-06,-1.26580017376982e-06,6.72928211883855e-06,2.83560333589862e-07,1.57451238633017e-08,3.66006043243204e-06,1.10943614205467e-07,-1.16453675227086e-17,-4.42602488185821e-08,1.63878571034281e-06,7.07653634778507e-07,-4.45567725671837e-06,-4.01238362480552e-17,-9.11969991659287e-08,1.67935773346588e-08,-1.905235996552e-06,-2.72182622222816e-08,-9.86559746931781e-06,9.61193811295572e-08,-1.27310028189413e-06,6.83429239236438e-06,-5.32762613109814e-17,2.46515452639635e-05,-1.16853087436315e-07,3.39221849142826e-07,3.6445692442682e-05,-4.79064494824883e-08,-7.27538737296584e-05,2.42861286636753e-17,-2.87785060028094e-17,-4.93183069110564e-06,-6.41624121078084e-08,8.4622406567883e-09,-9.34881975332205e-06,2.86672777894776e-15,-5.4018302021337e-05,-5.90446776909886e-05,-3.36613102790264e-16,8.61737988816424e-17,4.61671047303737e-17,1.09190228022071e-05,2.97323937122537e-07,-3.25019854776373e-07,9.85575976030615e-06,1.39910279727324e-06,2.58595213872103e-07,-1.12180161757746e-07,-1.50392823254294e-16,-2.44904919443671e-08,6.87075923043027e-08,-1.20458923093803e-16,1.54048631089145e-16,-4.29461451724884e-08,-2.47761535383531e-09,-2.53491943128161e-08,6.39395457893059e-06,2.48738338402303e-08,-9.96660492687059e-07,1.36314437376024e-16,-3.50744405654254e-07,2.76375672134247e-16,-1.93822384805405e-05,-6.4966749428047e-16,-2.76124400121636e-08,8.64185104884102e-17,1.13421094438293e-07,2.98616828637473e-08,2.25232435906942e-06,1.81908450030437e-06,8.03232520898401e-08,-9.21790310780661e-09,5.83924349122078e-08,2.18427727783557e-08,1.04671246176552e-05,3.4846611305724e-07,2.02954950620387e-08,-5.70669343985813e-08,-1.03991512194319e-05,-7.17926226787013e-05,-2.7073461911591e-08,6.76107442665771e-17,2.53416155272448e-07,-4.36214488807084e-08,2.24612903183574e-08,-1.72475716103673e-18,4.17261100687939e-07,1.18676570469997e-06,3.79694840514911e-07,3.35138208761963e-17,-9.19820693499447e-08,-5.17558571907495e-06,6.08002802632903e-17,-6.44228154974812e-08,1.43389082343221e-07,-5.60280453265181e-17,-2.52307960558848e-16,-5.27167006354709e-09,-2.97822263651686e-06,-1.6962359596308e-08,-2.35288651940636e-05,6.61119081685219e-07,1.75597380550707e-08,0.00014891569868514,1.53526884401816e-07,-3.84446314590029e-06,5.44052650153226e-16,7.10219268075391e-10,5.18412865106533e-08,1.43139203726023e-07,2.2693324200861e-05,-4.49642186524733e-16,1.19562453482585e-16,1.89677719221255e-06,3.87821948414909e-17,-9.10132961326552e-16,1.95516584780511e-07,-2.87556660765608e-07,-5.38363868050297e-08,-5.13221510708026e-07,1.37738930197169e-06,3.59806171385862e-07,4.59809314671272e-07,-4.80499003128248e-17,4.17714138857022e-05,1.13034601132481e-07,4.34064097016076e-05,-4.94244723085428e-08,1.95233077456206e-07,6.31425142411323e-17,5.02219189350933e-17,2.18513657874513e-16,-1.80015121440546e-06,-8.21560147474072e-09,-5.32633588112606e-07,-2.12245675538514e-16,-6.307262956709e-09,2.38485844929657e-16,-3.83723166374967e-17,1.05139591122084e-06,-2.63370626329291e-07,1.11564403548758e-16,-2.19921779667824e-06,-2.99620261093555e-08,-5.27686116932442e-16,7.03430610701593e-08,6.40180184358532e-17,5.25979838141016e-06,2.26195453587482e-16,5.48251419801326e-06,2.7817819254567e-07,1.07941515140158e-08,9.58440730507355e-05,0.00465385900206007,-1.73373839790951e-08,6.1678777947865e-07,-6.17451370111109e-17,3.78742822561469e-07,-2.14213453226756e-08,-1.64561439324088e-16,-2.82901441373354e-09,-5.78653789069319e-08,1.34807061633642e-08,-4.31638383964386e-16,4.35118652783083e-08,5.76010938643201e-08,-1.30176345179685e-16,-1.60000749708064e-06,-1.21507561293791e-06,-1.6619155574948e-09,-4.04851116531884e-16,2.08454139692451e-16,3.00419321115712e-08,0.000947046526718903,1.20943814187278e-07,-1.17569861757829e-08,9.49139168488876e-06,-2.0924211349247e-17,-3.80899412274137e-16,3.47190595637087e-06,6.15158984755245e-09,2.9243085689029e-16,8.36342885141039e-05,-5.20057501345745e-17,2.4117285666615e-08,-4.07649821190929e-07,-5.45367489762418e-07,-3.61552828239163e-06,-6.34660790812587e-17,-7.14447480639204e-17,2.14830386931257e-16,1.454918105367e-17,-2.78243260473799e-09,-9.64903058472083e-09,2.81286116939746e-16,7.65938135253945e-17,-4.17566578590971e-18,1.35684335212121e-08,1.2187895804116e-10,-6.70220631423507e-09,-2.9728234609159e-17,1.57907270158936e-16,9.52363188311267e-16,-2.86054803745243e-07,8.75166331997669e-09,-1.07756695909523e-16,1.53211778269044e-09,-4.00436971644202e-08,2.57257556684978e-18,-2.56982635005671e-17,-4.8675307338877e-06,-2.82068394800149e-10,-2.4068256319598e-06,4.3558267436423e-16,1.53199754856408e-08,2.46886964748144e-07,2.64353232701063e-07,-9.83630890313686e-07,-5.83231442692307e-08,9.4799872132557e-10,2.59594750886623e-16,-6.15398383864089e-17,3.38637800176636e-16,1.7857652915539e-08,-1.6166205941887e-08,-6.30724727872448e-07,-4.75656155092614e-09,1.75129805727783e-16,-1.73592033370998e-17,5.67158851029936e-17,-6.25096063447327e-17,5.79068526160748e-16,2.25668381495635e-08,2.30958242930282e-17,-2.87472819395277e-18,-0.000357822802188611,1.10429754423468e-16,-5.43223448453551e-07,-4.57076026429665e-17,-4.09465718623419e-07,-2.09834347029664e-17,-5.01094471084293e-07,-5.95290778653535e-05,-5.51106112989671e-08,5.28551629556671e-17,3.39142581391572e-06,3.92141383489764e-17,3.01549014441123e-07,-4.75025964741016e-08,2.62767243946033e-10,-2.63586503390945e-16,1.44088295239848e-06,3.61967773573342e-16,-1.02988819984961e-07,-5.25548818863446e-08,4.52503398151667e-16,-2.45293950928421e-17,-3.90612018621908e-16,-7.17875257908322e-17,-7.92151700356944e-09,-3.99008448128285e-07,-4.22732940236131e-06,8.4819394272579e-17,4.31003341400512e-17,-5.31775530442464e-09,4.33578807361402e-08,-9.46735945445581e-16,-7.65563038864679e-17,-8.52267383038874e-08,-3.62048693071723e-17,-1.64594162914532e-06,-5.15635612447431e-17,1.49292617660083e-07,4.9164121463378e-17,1.46940705763922e-16,-4.31062294730241e-17,3.93559224697482e-16,-7.2956914108874e-17,9.03006960847066e-17,2.80602755552407e-09,-1.96181240848615e-08,-1.21531209262485e-16,-1.29124268332876e-08,5.40457995454754e-07,5.65468904080661e-16,1.90988287409382e-16,2.13404092588918e-16,1.56613035502964e-16,4.8801250688033e-07,1.30830254325908e-06,5.91489129132249e-16,1.29567467282676e-16,-9.42124038916742e-08,-3.04113008577613e-08,-4.59388321602453e-10,-5.95416137693175e-16,-2.06493572713516e-17,4.28631301868486e-18,-1.39667049629521e-16,-3.88463326797131e-16,5.06593168196945e-16,2.0840340873276e-05,-6.07385068883199e-07,-5.39355425428127e-07,-3.48179824512396e-17,-1.18132453332108e-16,-6.50171341326306e-16,-2.71791701593472e-17,3.03026562577153e-16,1.34636241318341e-15,1.91594863167938e-16,-2.62810767056952e-17,-1.49998430164144e-16,-1.33746879110554e-16,-3.58709385788211e-16,3.71229399276404e-16,2.7934169182544e-16,2.48690007072281e-16,1.54366687735074e-09,-7.95272015920329e-17,4.04541041703584e-16,-2.16485580322925e-17,2.1489012633206e-08,-2.64677739458595e-08,-1.44025599567008e-16,-5.50976830469326e-10,1.90693833234278e-08,-2.17095108430859e-18,8.56428938815514e-16,-3.56265603440325e-08,-3.50503312545169e-15,4.35125500550339e-10,7.35168477643008e-17,-1.38040552241542e-16,-8.88385049630891e-17,-1.66813873502375e-15,4.00157990786415e-08,-5.32215770210473e-08,7.54841414118996e-16,-2.2043907293041e-16,-1.90371870104409e-16,1.57886303529911e-15,-7.58047053947553e-16,-1.6409315659103e-16,1.24332351598194e-16,2.11694550657189e-16,2.83285463289186e-10,9.74441013356137e-17,2.19236032839815e-16,1.4075229295779e-16,2.08260134409549e-16,2.28963426344867e-17,-3.58844165393815e-15,-3.1959681402083e-08,4.95336981383255e-16,7.79749800491285e-16,1.73138866827097e-09,9.96552217880528e-16,-2.23669368728576e-15,3.69794477252527e-16,1.89881570572369e-15,-4.77556469909828e-09,-3.93431384592178e-16,4.91726204604905e-07,1.71038759016308e-15,3.74832210926605e-16,-9.11059717748411e-16,-5.05892873555266e-15,-3.04588225648385e-16,4.81411980122083e-16,-1.33725175384558e-08,-1.64774418255309e-14,-6.15232501261661e-15,-2.47256024031854e-09,2.49141794397852e-06,-6.39432729630312e-16,-6.02600064002776e-07,-0.000808606577687163,1.14605032649656e-15,-3.26788682473087e-15,-2.11466808682553e-15,2.84151642089242e-16,-4.139079512271e-14,0.818572839629324,-2.75678112609492e-14,9.84919155500763e-14,-1.11375761944162e-14,6.97369984024061e-06,-4.06401141231543e-15,-9.38195365571257e-15,1.00098049389313e-14,-4.22614974638515e-16,-1.50736138112891e-05,5.13705351827409e-15,2.33471700842144e-09,1.4256248328665e-15,1.61439659425346e-15,-3.26960809845143e-16,-3.19465231158786e-15,-4.95075141705599e-16,7.12495880293767e-16,-2.13466181097826e-16,-2.63468927659488e-08,1.6784180916812e-15,-2.38343370418093e-15,1.03332351742701e-08,-3.25159331206519e-15,9.88532688755477e-17,1.82204897167394e-15,5.79590083486682e-16,9.76729263871084e-16,-2.78701086174872e-16,-6.32627690747008e-08,9.76261074370242e-16,8.90685253945156e-15,1.77653812630923e-08,-6.49915312697122e-16,-7.42554651092446e-16,-1.91512953241147e-15,2.98725156019066e-15,1.69241300712767e-15,1.89305987859016e-15,4.69422476104588e-16,-1.49116890357578e-16,1.02393757730986e-15,4.40711233302511e-16,-1.29981668421543e-16,-7.93251976093531e-09,2.59084911750849e-08,9.75859187709145e-16,2.15612668529657e-16,1.50066847891941e-16,-9.69765060984698e-16,3.03034507209698e-15,-1.3317965105701e-16,1.42732772135354e-15,1.15115006701418e-15,-2.30452994100291e-08,-7.62928729926534e-16,-1.51384709386956e-16,-1.00201914463446e-16,-1.01890103732227e-15,2.55665669987663e-09,-6.37954397595952e-16,-3.87333831741822e-10,-2.83319344800668e-16,2.92261970494867e-16,4.64584040059373e-16,4.98530667780289e-16,8.36137631582154e-17,2.86269124799797e-15,3.05075607834995e-16,3.5636728769128e-15,-7.05841796651165e-19,9.8615749592983e-17,5.70110989556557e-16,6.63437892203481e-17,-1.20901557256266e-16,1.56057919703851e-16,1.39143760421219e-16,-5.28703027667571e-16,-9.9104550345276e-17,-1.20949285455014e-15,-3.2063750456244e-17,-2.46264840993796e-16,5.97558027365386e-16,-1.13895243568922e-17,-9.02960147197194e-16,8.0920448581984e-16,1.44428782407031e-16,1.30601791049265e-06,3.53017447265784e-16,-1.8494453511619e-16,4.10465931707701e-17,-4.75468626537194e-16,-2.77135914650686e-16,2.34102486699129e-16,3.69568188994099e-16,3.31371107857342e-16,-4.65908350697091e-17,2.64176170072623e-16,-1.53468817515323e-16,-4.46127884165995e-16,-2.00733857967954e-16,5.43972876773468e-17,-3.60899999436567e-16,1.25013829311203e-16,-1.67664245536375e-16,-2.03209826209023e-07,4.30934317256407e-17,-2.48796984841882e-16,-2.20622937753788e-16,-4.92043643826531e-16,2.17644859434544e-16,8.60474698150718e-17,-5.06126757232729e-18,-8.53403723573372e-17,7.39937933751588e-17,4.47114543324934e-09,-6.94671977037004e-16,-1.81918343904206e-16,1.16004853582798e-16,-9.899276431367e-18,1.0209638875677e-16,4.49066403109339e-16,-3.78022146020987e-16,-5.39143137702341e-16,1.18089119021041e-16,1.90140804714214e-16,8.80596983256348e-18,5.32532556492003e-16,-2.97466490667863e-17,3.40900774883269e-07,1.12939733635472e-16,-1.77734567854322e-16,9.01359779151438e-17,-2.9582456276267e-16,-5.91115331131749e-09,1.10278151669199e-17,-1.48256331463747e-16,3.74091372293154e-16,4.30501207763567e-17,-4.60678843205585e-16,2.37174727142719e-16,-1.22524811002839e-16,7.69029376092496e-16,-1.26705049140318e-16,-9.6086859373763e-17,3.7726658710341e-16,-1.37946636801122e-17,1.6617460764749e-16,2.1460334502401e-16,-9.58574472601533e-17,3.44616175155057e-16,-1.611134358831e-16
"t781",0.0365943530857239,-0.011176142016416,-0.0122529408071965,0.000742535544864464,0.00707103724481726,-0.0199794910573636,-0.00283502367061204,-6.25028919408797e-06,-0.0634431818727044,-0.0525534298160423,-0.0593628445484191,0.000812691405071691,-0.0017710841062964,-0.000391418321658572,-0.0118470962518978,0.000312648066555305,0.000213329169381287,-2.65918276751403e-05,-0.0128076044724707,-0.00552283385861434,-1.08318283828722e-05,4.60475461230857e-05,-0.0535998531384696,-0.002159994782595,0.000201909392761362,-0.00149842561656861,0.014146516427159,0.000102497541847497,6.02309079310043e-06,-7.50502189698621e-05,-0.157633487620803,-0.00548522047595781,-1.83732333802246e-06,0.00157260827358527,-0.00185120643725195,-0.000270490500460435,-1.20175999875401e-05,4.71210115103845e-05,0.0144874481735048,-0.00138154056753072,4.18154695536641e-05,-0.0104382366327884,-1.5122976306236e-05,0.00090237587284168,-1.28739683628269e-05,3.55795787559537e-07,-1.6030328996819e-08,-7.17873996458122e-08,0.000100695224673058,-0.000297365262078712,4.47138830435176e-07,-7.17177833770647e-07,9.71107951241758e-07,-3.47555474522867e-07,3.57276929133337e-05,-2.78301842570393e-05,1.38738004254162e-05,-1.66548517252847e-05,0.000144732799218887,-2.2206589402356e-07,-1.91242599399307e-07,9.51284612332214e-06,-5.48078921480825e-06,4.08869084917606e-06,-0.000765019794895907,3.34202731289567e-07,-1.0014518642917e-06,5.36643666317496e-07,1.81630447894836e-07,-3.55859570297962e-06,2.06611727512227e-07,-1.27533532695112e-06,5.01774051335176e-06,4.36598694661487e-06,-1.91074063067991e-06,-1.88129506486397e-06,2.0482012939273e-05,-4.38029060553491e-06,0.0235539348575038,-0.000474130350737242,1.02693986909395e-05,0.000708310253747128,-0.00423975465673603,7.53818942882117e-06,-1.20414489168996e-06,-1.86852181794487e-06,5.51530926570044e-07,1.02257379599234e-05,1.94990891548653e-08,-8.22361573954954e-07,9.69250922596283e-06,-1.3107919403111e-08,-9.56340356334982e-06,1.15573354623411e-05,3.58949720306939e-06,4.45207167803614e-06,5.24625140962593e-07,-3.22601216061096e-06,3.81472773696951e-05,0.000965652050765974,2.42388940036038e-05,-1.63471702137479e-07,3.4991350117619e-05,-9.25524304268795e-05,0.0112441955526101,-2.93811702537774e-06,0.000979576643866079,-1.34965446408944e-06,0.00265961852886224,-4.5688463268744e-07,-1.62124184787123e-05,-4.13210389670413e-05,1.31775630978061e-05,-3.18502414291783e-05,4.46421750164215e-05,-0.000174329679032017,0.496592872095421,0.14971187377967,-0.000259833073973516,8.7737039854385e-05,-4.58237926006659e-05,6.86616850624604e-05,-0.000838275360693729,-0.000826353594784488,3.96618963998881e-06,-7.25254055555589e-05,7.44641279748015e-06,-0.000159643675150265,0.000114210788051121,0.00396346258692426,2.87380525849432e-05,-9.33144759911413e-05,7.44680461830397e-06,0.000881750243439032,-1.69210061898523e-07,0.000110839316787072,-0.00027895277849022,-9.70506534761441e-06,0.0010663362789083,-0.000308015022441929,-0.00730178319102485,1.82982997816172e-05,2.92823283121008e-05,3.14484634929404e-06,1.82169090918738e-08,-4.66512958900971e-05,-3.25365887523566e-06,0.00445053368861998,0.14710899584723,-9.38816835640869e-07,-1.18930996903435e-06,-6.64145030158694e-05,-9.4419910679493e-07,0.000234767897189949,-7.47666528023131e-07,-1.40245141151357e-05,8.62359509619783e-05,-8.11293002461816e-06,-4.64742209260368e-05,-6.45006529698064e-06,-6.20912644961501e-06,9.07279907000059e-07,-0.00511836847677654,-4.42840825866629e-06,5.06254847183287e-06,-3.43791493750946e-06,0.000869788718087329,1.16967046442854e-05,0.000737017284528026,2.85516584307772e-06,-5.98802021309329e-06,-1.06662168162189e-06,1.37522040175813e-07,0.000691189165425023,8.77590006215461e-07,1.80055143527334e-06,7.91673826480133e-08,-3.21797289803721e-06,-0.000150977109098502,-1.73621489918194e-05,7.27131841309664e-05,2.29158371892702e-05,-5.21874664071232e-06,-2.31498494061908e-08,-8.01501138826457e-07,-8.07413054532888e-07,-0.011960078144144,-0.000274115278851008,-0.00121781151913805,-9.09500331118998e-08,-0.00920891753662487,8.22480783065996e-06,3.65689835174854e-06,6.55602664879623e-10,7.09069715977015e-08,-1.63324307557171e-05,-1.05836474699226e-05,-1.76160142821431e-07,1.93507160465029e-05,3.68242615107353e-06,1.53275765009922e-05,1.24347745088475e-05,-6.08955788494574e-06,-5.44154606655587e-07,-6.20897626821065e-05,-2.86813098780117e-06,3.91560671839059e-05,2.066996434044e-06,-0.000110292228274486,-2.3053969108702e-08,-0.000439272826856793,-2.74708134148046e-06,-5.82411384676958e-06,-0.000158228548192874,2.52755892875683e-08,-4.24232192523194e-07,1.20747009809191e-07,7.65856773411697e-08,-0.000437724679091383,-8.32473458437654e-06,-3.79763301319035e-06,4.43415032997587e-06,9.72760710328383e-07,4.11332113114559e-06,-1.22154489702693e-05,-6.98516128352798e-07,-6.62132487195785e-05,-4.00228153139163e-07,-0.00151657537218949,-1.98350569209709e-05,1.12588044578593e-06,2.38114297195374e-07,7.3183881278214e-06,2.7039004762751e-06,-2.71893673107344e-06,-2.79179474200775e-08,-1.22372331375665e-05,4.85631536849376e-17,-1.14417682367538e-07,1.63133547206179e-06,-3.27609697782722e-07,-8.3319002225299e-07,-1.11105948028722e-05,1.53562422094215e-07,-2.13613515446731e-06,9.49926749488362e-07,-0.000195188282569945,1.16227922530943e-07,-2.3398039685888e-07,9.38165264633826e-05,-6.1041741664456e-08,6.71135301226235e-06,-9.8190918194694e-05,2.3126663302112e-08,-1.50416404453972e-09,7.12422168789908e-08,-6.66672332480347e-08,1.04984614860104e-06,0.000500079028859298,-0.00050701613275345,9.29083999332824e-07,-2.90087846617656e-05,1.96566925534084e-05,-1.18710638026821e-06,2.07373020093194e-05,-7.73160640944494e-05,1.55593545401293e-08,0.000135328059015058,6.56922158565127e-07,5.37312459529325e-06,1.4173262463025e-08,-7.52345378126024e-06,3.90467006310512e-07,-4.73752535599855e-07,7.47768598702854e-07,-1.44308062065229e-06,1.11738567812574e-06,-8.14712746025022e-08,1.55238238968315e-05,-6.7338047872956e-08,1.10506734717385e-05,7.62746834965676e-17,-2.72630331850281e-05,-0.000261280638754427,-2.84853386199225e-11,-2.49011264809961e-07,3.65620583977362e-07,-2.26429729502824e-07,-6.42675694539938e-08,7.45235834220103e-09,-3.3264628046916e-07,1.25753510490715e-05,4.65182548070142e-06,-3.6517594656421e-08,1.95571361785611e-05,-6.57885944194636e-05,1.79668692068393e-06,-0.00286547402950252,3.76884152915443e-07,6.64196901655808e-07,1.02752185226792e-08,3.11786343751835e-05,-4.36628822186999e-06,1.95646661048958e-08,-6.26012124195636e-06,7.56306927282938e-07,-2.77671963845985e-06,2.31386857410095e-06,2.08870563417644e-05,1.08955792997323e-06,-3.53517758786877e-07,-2.50882592267823e-06,2.90396492484094e-07,-1.61522883586262e-06,5.04094304092368e-06,2.66614340992067e-05,-0.0339413090580293,-3.09809028334231e-17,3.76937285757967e-08,2.2856476186808e-07,-2.60170786465239e-08,1.39728961138217e-05,1.50915793112103e-08,3.92845053038474e-06,0.000726373475019782,-9.91821132285855e-07,4.96929400474245e-06,3.20171512579097e-16,-0.000483306767784151,-1.47119044426385e-09,-1.13570337113616e-06,4.87628221797397e-08,1.01519148849016e-06,-6.87519575248822e-07,-1.16659383199595e-05,3.1534050032231e-06,-3.21093913453775e-07,2.05239044126018e-05,-6.62760507240152e-08,-6.34847214367868e-06,-8.47501552572558e-09,-1.23840657844374e-09,-1.76682130658314e-05,9.67329993917121e-08,-3.27170120427181e-05,3.07969968637089e-16,-5.14589597562071e-07,4.05593262790653e-08,1.168947029556e-09,1.05184295505469e-08,-1.60337876639338e-05,-0.000129018319825109,3.21824199415794e-07,-1.18702144917228e-06,-6.84534575036236e-07,-1.10015283953331e-16,-1.25261669197025e-05,-4.45439945048158e-08,-0.000282832210073235,6.02227557956148e-16,2.89891122539414e-06,3.73783851027784e-07,-5.76896496086041e-08,-3.99237442756282e-05,-7.68834538633425e-06,-7.0958478994294e-06,-1.33628366915527e-06,7.10607467151378e-06,2.99448160137582e-07,1.66306841680975e-08,3.86729371350493e-06,1.1722739865115e-07,-3.22788060308964e-17,-4.67999242253646e-08,1.73303180743703e-06,7.4855232869311e-07,-4.71512378068168e-06,-9.50924988556489e-17,-9.65928194690099e-08,1.78050027614955e-08,-2.02089493030181e-06,-2.88766561875879e-08,-1.04693513637823e-05,1.02049653529839e-07,-1.35268098043291e-06,7.2753154712828e-06,-1.76542133033937e-16,2.62866736906147e-05,-1.24622295627898e-07,3.61887204052043e-07,3.88974845669028e-05,-5.11309162462241e-08,-7.76601615801573e-05,-2.31585584042904e-16,-3.2805852891448e-17,-5.2680938420394e-06,-6.85788743309094e-08,9.04540329852235e-09,-9.99854837419943e-06,3.20104932417571e-15,-5.78419411816234e-05,-6.32579564566401e-05,-1.75606443429547e-16,-1.66743917960271e-17,-5.47002583875057e-17,1.17178834987392e-05,3.19145571578402e-07,-3.49134177104137e-07,1.0593698619689e-05,1.5039707615937e-06,2.78166236329238e-07,-1.20679630743235e-07,-5.963648956744e-17,-2.63823784909497e-08,7.40513342114999e-08,-5.94593705224388e-16,3.28730984605647e-17,-4.6375257564393e-08,-2.67669014163244e-09,-2.74031147983582e-08,6.91492909474016e-06,2.69222498521344e-08,-1.07887860392e-06,-1.3401144909314e-17,-3.79746416904519e-07,-5.5624602508612e-17,-2.09957125584035e-05,-2.37724878844603e-16,-2.99224125456636e-08,-7.18055047855738e-18,1.22969130329868e-07,3.23786803163445e-08,2.44535173358116e-06,1.97553278650667e-06,8.724152185677e-08,-1.00169266403252e-08,6.34820208018116e-08,2.37710826186665e-08,1.1391280944807e-05,3.79353090111227e-07,2.2107309371978e-08,-6.22101011942869e-08,-1.13438760881319e-05,-7.83556341064678e-05,-2.95560277615853e-08,-7.48555304574033e-17,2.76875238275932e-07,-4.76964559154703e-08,2.4613984703531e-08,5.62521769143994e-17,4.57547361419555e-07,1.30262490905977e-06,4.16938392980302e-07,-5.50840802692685e-17,-1.01026348648211e-07,-5.68940073663871e-06,-3.25601078217478e-16,-7.08487966681948e-08,1.58102643900358e-07,-2.05180470041791e-16,7.1647620259745e-17,-5.81862098010947e-09,-3.28752818822066e-06,-1.87321938244717e-08,-2.59972539903196e-05,7.31335897003098e-07,1.94267266685137e-08,0.000164772578945817,1.70144950616928e-07,-4.26620101765368e-06,1.21915823790564e-15,7.88525537173079e-10,5.75621051380493e-08,1.58983287355005e-07,2.52144952426708e-05,9.08421704295563e-17,8.78036211808122e-17,2.10856818566527e-06,5.16796410261542e-17,-9.56777629709592e-16,2.18051915858298e-07,-3.2088358964147e-07,-6.00765794559207e-08,-5.73431149975848e-07,1.53924521426664e-06,4.02101514420897e-07,5.13982481117408e-07,8.29777178060831e-17,4.68131538967719e-05,1.26748642726422e-07,4.86817784936901e-05,-5.5482901685047e-08,2.19544022277508e-07,5.86264786263002e-17,-1.23690696607964e-16,-2.40629854914696e-16,-2.02950260486927e-06,-9.27284387207079e-09,-6.0122902460462e-07,2.38982283113741e-16,-7.12747841055878e-09,1.34936550073797e-16,1.43246422437585e-16,1.19420254783448e-06,-2.99162977791118e-07,1.24683249835833e-17,-2.50136612145065e-06,-3.41048401219539e-08,3.06867598926173e-16,8.01981758359893e-08,3.06105183454475e-16,6.0086189815288e-06,1.75458526223975e-16,6.26417642501649e-06,3.17883781229037e-07,1.23368121705211e-08,0.000109566120465299,0.00532283057131847,-1.98676951767375e-08,7.08766428240443e-07,-6.21681961082596e-17,4.3679417085194e-07,-2.47144416288929e-08,1.13379219267871e-16,-3.26564702385926e-09,-6.68614709570777e-08,1.55903528742858e-08,1.81560965476353e-16,5.04781389535178e-08,6.68653172722019e-08,2.77311263387281e-17,-1.85892004882825e-06,-1.4122944911419e-06,-1.93473024291379e-09,2.26737717048392e-16,5.69148505338873e-17,3.51098639017128e-08,0.00110871297868219,1.41640210821951e-07,-1.38793795003316e-08,1.12202371291631e-05,1.34962410036141e-16,4.74783265057678e-17,4.10826588870658e-06,7.27999911003883e-09,-2.04691573520748e-16,9.9139371863979e-05,-1.15894730768685e-17,2.8635006480529e-08,-4.85118785115331e-07,-6.49114878005108e-07,-4.30612174053073e-06,-4.29750159537527e-18,4.41990991784222e-17,-3.26673379249073e-16,4.03256066991133e-17,-3.33408484514968e-09,-1.15680544569312e-08,-2.75538291354485e-16,-1.92298899292951e-16,-1.7416267018307e-16,1.62978274024139e-08,1.46518725839915e-10,-8.0757066771865e-09,5.08960367439412e-17,-8.14052872420007e-16,-2.61889034763874e-16,-3.47544965812599e-07,1.06360910352457e-08,3.03033984647619e-16,1.86845417360902e-09,-4.89040106964796e-08,5.8521113923415e-17,-7.01950543232166e-17,-5.96511145532329e-06,-3.45769812512454e-10,-2.95655676377894e-06,1.88650298125462e-16,1.88870248336236e-08,3.04993109557175e-07,3.27523300775433e-07,-1.22370801015299e-06,-7.26404499574258e-08,1.18326181451968e-09,2.76561417407467e-16,1.27946113941382e-16,1.08449294371707e-16,2.25844850802439e-08,-2.04497003007779e-08,-7.99279571860151e-07,-6.08539230456715e-09,-1.08784423217899e-17,1.38953450537052e-16,-1.44257145900137e-16,1.53871597907988e-17,-4.14115543400026e-16,2.91865920539492e-08,4.11673980143924e-17,9.96116864123882e-17,-0.000464887841560071,1.70073842589867e-16,-7.05936565678844e-07,-6.04432878630215e-18,-5.32335384505064e-07,-2.87087558944896e-17,-6.56898570932059e-07,-7.81992974983458e-05,-7.26281027010764e-08,1.5085394889651e-17,4.48763935956384e-06,-6.01066383470665e-18,4.02773286054728e-07,-6.42928651128112e-08,3.55859895177778e-10,-1.79710672733757e-16,1.96258466247867e-06,-3.69955030995622e-16,-1.41625057377876e-07,-7.23058715750956e-08,-3.69596827948657e-16,-1.86324482932919e-16,2.09975748452154e-16,1.02990919713017e-17,-1.09903371005133e-08,-5.54856811383291e-07,-5.89440923536014e-06,-2.07269215304174e-16,-2.27970099608544e-16,-7.51648099201903e-09,6.13237400027807e-08,6.7377420246034e-17,1.68089349293308e-16,-1.22821634184322e-07,2.16500186606633e-17,-2.38215255887902e-06,-1.49237254489026e-16,2.18892257752495e-07,-2.59638647598716e-16,-5.9684915111697e-16,-1.61546709185665e-16,-8.98903752907023e-16,2.45019300197308e-18,-7.69020997362299e-17,4.23720490316603e-09,-2.96364201091111e-08,5.15892821069588e-17,-1.97307146621718e-08,8.2996328566438e-07,-8.97720769826832e-16,-2.48552813535834e-16,1.30789624867419e-16,5.11789983590293e-16,7.66786840826373e-07,2.06743570114273e-06,-1.20997677676855e-16,1.34637544132851e-16,-1.49855352974065e-07,-4.8414455534223e-08,-7.33499475743082e-10,-1.35149722330297e-16,-1.76161698902635e-16,1.03551079506735e-16,3.31790584593304e-16,8.97475228303919e-17,-1.94662097946858e-16,3.51185297380563e-05,-1.02937916748685e-06,-9.19401820572592e-07,-6.58421917976432e-17,2.5565466529956e-16,7.87804676356966e-17,-4.98352794567303e-16,-3.65386261144414e-16,-1.16182729195802e-15,-5.91745731578109e-16,-4.64026417534805e-17,1.54246225102013e-16,6.2941896247582e-17,1.90625078483964e-16,-1.12500138151321e-16,2.99205432088666e-16,3.1470290081589e-17,2.97445696662739e-09,2.82191146083801e-16,-3.57347697923242e-16,9.56061913416237e-17,4.22794789646105e-08,-5.23368520238163e-08,2.01579817439717e-16,-1.092924359073e-09,3.8913795445451e-08,-2.16349043888799e-16,1.16594391422736e-15,-7.55895961698757e-08,1.55466931469747e-15,9.74761034465497e-10,3.07615694425664e-16,9.31435542791983e-17,-7.01124123887218e-16,7.54684244556803e-16,9.95711107019095e-08,-1.33522195943398e-07,-1.3138596254695e-16,-1.53937202323989e-16,-1.81606014663902e-17,-8.98848352167722e-16,1.04072566536884e-15,1.48582138048199e-16,1.96607148480241e-16,1.97954295652068e-16,1.78138249804522e-09,-6.89002086794904e-17,-1.67335131707435e-16,1.8605510704592e-16,-1.23058435597112e-15,1.01791817581034e-16,2.31407851861348e-15,-4.01879211278648e-07,-2.63832334377275e-16,-1.26507107475231e-16,2.73983991327621e-08,-9.41131496323814e-16,1.25685200302177e-15,-2.66222449511134e-16,-7.13935755203096e-16,2.59240811779237e-08,3.4349691645655e-17,-2.02169286738011e-06,-1.30455796963775e-15,-1.17581930563983e-16,5.03149424708452e-16,2.025669764238e-15,4.19378218347411e-16,-9.83478354461682e-16,3.48075805084785e-08,8.58156181348565e-15,2.95960335269861e-15,4.7884010773405e-09,-4.75720158363829e-06,1.3353443427582e-16,9.11318778996678e-07,0.00113937626913462,1.69237454544263e-16,9.50610627241398e-16,1.16063733181005e-15,-2.33622239928287e-16,2.0197240855998e-14,-0.406160935595973,1.39904714819644e-14,-4.73770736948391e-14,5.31259512072495e-15,-2.52886832517955e-06,2.97736960029663e-15,5.13629291868519e-15,-4.74265396690449e-15,6.46035576416983e-16,3.29336125416657e-06,-2.40172382416485e-15,-4.19977799694637e-10,-6.77618714125758e-16,2.98403139259053e-17,3.00545048402071e-17,1.79771428728768e-15,-9.38067520564679e-16,3.85494239098412e-16,3.44254323968715e-16,2.66707221826843e-10,-7.34571285801642e-16,1.50540785396534e-15,2.55953556350616e-10,2.75193536231467e-15,-8.21019651023237e-17,-1.57506157679589e-15,-1.75612522382541e-16,-1.6356573120259e-16,-2.46018353906113e-16,-7.61742385536561e-09,-5.01529406509847e-16,-2.49026293982777e-15,2.79809022677935e-09,-1.34143337209491e-15,2.46814391010974e-16,2.47276819807348e-15,-1.70673441844477e-15,2.74862705221126e-16,-2.00218264050565e-15,-1.46974359171208e-15,-1.83855882535011e-16,-1.43668756368325e-16,-7.09070710054083e-16,5.87638346368086e-16,-2.15219081789465e-09,7.33158832182216e-09,-4.73630856798282e-16,-2.55708381162279e-15,-3.31082658384732e-15,5.5570281966133e-16,-4.13173184901638e-15,2.80795503618783e-16,-3.32327341701032e-15,-1.50927705760039e-15,-7.79820175595529e-09,2.16356856617418e-15,3.34192658214463e-16,-1.08620893517343e-15,-4.89722900682398e-15,9.69637457209578e-10,-3.08555577411374e-15,-1.62600604144596e-10,6.96834167116126e-16,5.14189769769369e-15,-2.05230520410461e-14,-1.28916660313635e-15,-6.25121320822331e-15,-2.31896382991972e-15,2.6914774620523e-14,0.707106781186546,8.44135029879868e-15,2.28976994888562e-14,4.46627968925254e-15,7.0625590171531e-16,-1.92999040650804e-14,2.06970351729259e-15,-4.3275239036439e-15,-3.00398470183952e-16,-5.1556481336781e-16,2.13287420002609e-15,4.59621640858379e-17,1.12427935232404e-17,5.90727553678727e-16,-1.90775025390114e-15,-9.85907797732768e-16,-8.62210641344614e-16,2.41727317016578e-16,6.95930167030179e-07,9.22770269649972e-16,-4.67775107593478e-15,-3.3500012629105e-16,-1.37013200997285e-15,-1.52312470955098e-15,2.207772388425e-15,3.43131307864523e-15,6.18321776162513e-16,6.38318193105058e-16,-4.60383287718116e-16,-1.51246203061728e-17,-1.03698050960521e-15,8.41923376340568e-17,5.10467405274249e-16,-5.47113651978438e-16,1.43682069591759e-16,-6.96950929073751e-16,-1.19397573194107e-07,1.41670393391036e-16,-1.03318081060965e-16,4.87882916172566e-16,1.21097210919849e-15,1.02474972942785e-15,5.63814640448512e-16,-4.87844219176298e-16,-1.57551345392212e-16,3.86937524545707e-17,2.82668674123505e-09,-1.6090884292353e-15,1.24281638263609e-15,-1.5505967661274e-17,4.1010821082998e-16,-3.35868385961663e-16,-6.79481003624777e-16,3.34755497452262e-16,-1.56068872086595e-16,1.13115852830864e-16,-6.72897739394132e-16,7.60091913879175e-17,-5.62385146401801e-16,-3.28188934023365e-16,2.27872126548376e-07,-2.7076170321133e-16,-6.13122754007692e-16,1.19936675519043e-16,-2.18683578190326e-16,-4.03756218743398e-09,1.0227306596696e-16,-6.63344637140158e-16,-2.88939504996612e-16,3.16539596337475e-16,1.82275307305452e-16,-4.70976897529899e-16,5.75492439922547e-16,-1.8748929400436e-16,2.06875267795036e-16,-1.97910287865445e-16,-3.34934135009429e-16,5.36042434537413e-16,-2.87066792440429e-16,-6.25964181299207e-17,3.31401061987796e-16,-1.46426712789189e-16,-2.64416158567718e-16
"t782",0.0365943530857239,-0.011176142016416,-0.0122529408071965,0.000742535544864466,0.00707103724481726,-0.0199794910573636,-0.00283502367061203,-6.25028919408765e-06,-0.0634431818727043,-0.0525534298160423,-0.0593628445484191,0.000812691405071687,-0.0017710841062964,-0.000391418321658576,-0.0118470962518978,0.000312648066555307,0.000213329169381287,-2.65918276751365e-05,-0.0128076044724707,-0.00552283385861434,-1.08318283828794e-05,4.60475461230848e-05,-0.0535998531384695,-0.00215999478259499,0.000201909392761415,-0.00149842561656863,0.014146516427159,0.00010249754184751,6.02309079310304e-06,-7.50502189698669e-05,-0.157633487620803,-0.00548522047595778,-1.83732333801682e-06,0.00157260827358526,-0.00185120643725195,-0.000270490500460441,-1.20175999875318e-05,4.71210115103833e-05,0.0144874481735048,-0.00138154056753071,4.18154695536956e-05,-0.0104382366327884,-1.51229763062303e-05,0.000902375872841679,-1.28739683628338e-05,3.55795787566777e-07,-1.60303289942986e-08,-7.17873997122162e-08,0.000100695224673059,-0.000297365262078714,4.47138830421027e-07,-7.17177833768541e-07,9.7110795123786e-07,-3.47555474542816e-07,3.57276929133292e-05,-2.78301842570366e-05,1.3873800425417e-05,-1.66548517253283e-05,0.000144732799218892,-2.22065894030303e-07,-1.91242599402057e-07,9.51284612331878e-06,-5.48078921480071e-06,4.08869084917767e-06,-0.00076501979489591,3.34202731329046e-07,-1.00145186429923e-06,5.36643666321311e-07,1.81630447893215e-07,-3.55859570298382e-06,2.0661172751754e-07,-1.27533532703178e-06,5.01774051338219e-06,4.36598694662438e-06,-1.91074063066806e-06,-1.88129506488565e-06,2.04820129392698e-05,-4.38029060556138e-06,0.0235539348575039,-0.000474130350737219,1.02693986909093e-05,0.000708310253747142,-0.00423975465673599,7.53818942879324e-06,-1.20414489173138e-06,-1.86852181793205e-06,5.51530926589045e-07,1.02257379599506e-05,1.94990892003986e-08,-8.22361573958423e-07,9.69250922592595e-06,-1.31079193831617e-08,-9.56340356339934e-06,1.15573354623198e-05,3.58949720303966e-06,4.45207167804915e-06,5.24625140898494e-07,-3.22601216063844e-06,3.81472773696897e-05,0.000965652050765953,2.42388940036588e-05,-1.63471702138139e-07,3.49913501175777e-05,-9.25524304270537e-05,0.0112441955526101,-2.93811702535451e-06,0.000979576643866063,-1.34965446408005e-06,0.00265961852886234,-4.56884632682615e-07,-1.62124184787751e-05,-4.13210389669648e-05,1.31775630977455e-05,-3.18502414292243e-05,4.46421750164269e-05,-0.000174329679031992,0.496592872095421,0.14971187377967,-0.000259833073973438,8.77370398542677e-05,-4.58237926007137e-05,6.86616850625225e-05,-0.000838275360693762,-0.000826353594784552,3.96618964000148e-06,-7.25254055555734e-05,7.44641279761698e-06,-0.000159643675150137,0.00011421078805112,0.00396346258692426,2.87380525849282e-05,-9.33144759911057e-05,7.44680461823793e-06,0.000881750243439039,-1.69210061885625e-07,0.000110839316787065,-0.000278952778490242,-9.70506534762149e-06,0.0010663362789083,-0.000308015022441943,-0.00730178319102487,1.82982997815724e-05,2.92823283120443e-05,3.14484634927756e-06,1.82169091022491e-08,-4.66512958900398e-05,-3.25365887514126e-06,0.00445053368861989,0.147108995847231,-9.38816835598595e-07,-1.18930996905289e-06,-6.64145030157401e-05,-9.44199106818004e-07,0.000234767897190006,-7.47666527934649e-07,-1.40245141152616e-05,8.62359509618907e-05,-8.11293002463546e-06,-4.64742209259541e-05,-6.45006529691781e-06,-6.20912644951721e-06,9.07279907009938e-07,-0.00511836847677658,-4.42840825866649e-06,5.06254847200678e-06,-3.43791493746693e-06,0.000869788718087322,1.16967046442901e-05,0.00073701728452801,2.85516584311412e-06,-5.98802021312747e-06,-1.06662168159912e-06,1.37522039828763e-07,0.00069118916542502,8.77590006164798e-07,1.80055143524022e-06,7.91673826642647e-08,-3.21797289808663e-06,-0.000150977109098504,-1.73621489917712e-05,7.27131841309873e-05,2.29158371891966e-05,-5.2187466406951e-06,-2.31498495711019e-08,-8.01501138676828e-07,-8.07413054550163e-07,-0.0119600781441441,-0.000274115278851035,-0.00121781151913816,-9.09500331368331e-08,-0.00920891753662479,8.22480783073025e-06,3.65689835173249e-06,6.55602694557262e-10,7.09069715748433e-08,-1.63324307557657e-05,-1.05836474698603e-05,-1.76160142801866e-07,1.93507160465473e-05,3.68242615105398e-06,1.53275765009312e-05,1.24347745088293e-05,-6.08955788486571e-06,-5.44154606634622e-07,-6.20897626820929e-05,-2.86813098770652e-06,3.91560671839613e-05,2.06699643407957e-06,-0.000110292228274516,-2.30539690089009e-08,-0.000439272826856608,-2.74708134140692e-06,-5.8241138467169e-06,-0.000158228548193098,2.52755893448735e-08,-4.24232192568722e-07,1.2074700984705e-07,7.65856775861782e-08,-0.000437724679091362,-8.32473458423246e-06,-3.79763301327942e-06,4.43415033000124e-06,9.72760710389478e-07,4.11332113112979e-06,-1.22154489700238e-05,-6.98516128624977e-07,-6.62132487195732e-05,-4.00228152873725e-07,-0.00151657537218939,-1.98350569211341e-05,1.12588044574965e-06,2.38114297284113e-07,7.31838812787953e-06,2.70390047638411e-06,-2.7189367310717e-06,-2.79179475257021e-08,-1.22372331375941e-05,-8.05279265663433e-18,-1.14417682445918e-07,1.63133547203729e-06,-3.27609697576838e-07,-8.33190022360123e-07,-1.11105948029995e-05,1.53562422287278e-07,-2.13613515440841e-06,9.4992674954127e-07,-0.00019518828257012,1.16227922826056e-07,-2.33980396556737e-07,9.38165264637151e-05,-6.10417417020522e-08,6.71135301222965e-06,-9.81909181943678e-05,2.3126663363016e-08,-1.50416412653251e-09,7.12422167512425e-08,-6.66672330287651e-08,1.04984614864774e-06,0.000500079028859356,-0.00050701613275358,9.29083999126364e-07,-2.90087846618637e-05,1.96566925534267e-05,-1.18710638033566e-06,2.07373020093607e-05,-7.73160640946373e-05,1.55593547561714e-08,0.000135328059015128,6.56922158496527e-07,5.37312459539932e-06,1.41732624285969e-08,-7.52345378121608e-06,3.90467006230231e-07,-4.73752535686388e-07,7.47768598543861e-07,-1.44308062076434e-06,1.11738567833351e-06,-8.14712745288432e-08,1.5523823896831e-05,-6.73380479154872e-08,1.10506734716843e-05,-7.26507135621737e-17,-2.72630331848415e-05,-0.000261280638754585,-2.84847918026365e-11,-2.49011264720986e-07,3.65620583998907e-07,-2.26429729342493e-07,-6.42675694970713e-08,7.45235829968672e-09,-3.32646280376967e-07,1.2575351048965e-05,4.65182548067673e-06,-3.65175945849733e-08,1.95571361787654e-05,-6.57885944193857e-05,1.79668692051897e-06,-0.00286547402950273,3.76884152986296e-07,6.64196901817288e-07,1.02752185556326e-08,3.11786343752096e-05,-4.36628822195656e-06,1.95646659877519e-08,-6.26012124209255e-06,7.5630692716443e-07,-2.77671963852965e-06,2.3138685740965e-06,2.0887056341741e-05,1.08955792988185e-06,-3.53517758579883e-07,-2.50882592274153e-06,2.90396492228084e-07,-1.61522883578479e-06,5.04094304090137e-06,2.66614340992805e-05,-0.0339413090580291,-1.38727599639338e-16,3.76937287261089e-08,2.28564761723203e-07,-2.60170786025053e-08,1.39728961134336e-05,1.50915794522331e-08,3.92845053046004e-06,0.000726373475019991,-9.91821132571458e-07,4.96929400494665e-06,3.75469898634571e-16,-0.000483306767784046,-1.47119062857441e-09,-1.13570337077349e-06,4.87628225385371e-08,1.01519148848634e-06,-6.87519574588442e-07,-1.16659383198931e-05,3.15340500280259e-06,-3.21093913390832e-07,2.05239044126134e-05,-6.62760512084889e-08,-6.34847214351324e-06,-8.47501557010086e-09,-1.23840657607205e-09,-1.76682130654333e-05,9.67329994728624e-08,-3.27170120427633e-05,3.86964522762117e-16,-5.14589597482645e-07,4.05593260080148e-08,1.16894717554852e-09,1.05184294526402e-08,-1.60337876640985e-05,-0.000129018319824804,3.21824199367875e-07,-1.18702144906794e-06,-6.84534575080739e-07,1.12820764169304e-16,-1.25261669197309e-05,-4.45439945715738e-08,-0.00028283221007368,5.28298977763276e-16,2.89891122553487e-06,3.73783850938213e-07,-5.7689649593353e-08,-3.99237442754293e-05,-7.6883453859921e-06,-7.0958478989528e-06,-1.33628366925751e-06,7.10607467151566e-06,2.99448159798461e-07,1.66306841832513e-08,3.8672937132665e-06,1.17227398377482e-07,-2.13920558222535e-17,-4.67999240571032e-08,1.73303180690134e-06,7.48552328650834e-07,-4.7151237804574e-06,1.39828914801196e-16,-9.65928194970639e-08,1.78050023914302e-08,-2.02089493019656e-06,-2.88766560036572e-08,-1.046935136417e-05,1.02049653062633e-07,-1.35268098010311e-06,7.27531547129176e-06,1.46763992738257e-16,2.62866736903281e-05,-1.24622295855119e-07,3.61887203760779e-07,3.88974845670668e-05,-5.11309163640086e-08,-7.76601615799144e-05,8.67361737988404e-18,-6.69982437614833e-17,-5.26809384183122e-06,-6.85788732531481e-08,9.04540434209135e-09,-9.99854837409939e-06,3.11734213972887e-15,-5.78419411815048e-05,-6.32579564572031e-05,3.03264942304492e-16,-3.04585408123657e-17,-1.71122887615105e-17,1.17178834983842e-05,3.19145571417306e-07,-3.49134176662211e-07,1.05936986198743e-05,1.50397076175609e-06,2.78166236180955e-07,-1.20679630717758e-07,-4.97118494590652e-17,-2.6382378492061e-08,7.4051334150827e-08,5.27531950867206e-16,4.03186064591131e-17,-4.6375257989092e-08,-2.67669046740221e-09,-2.74031148648429e-08,6.91492909507583e-06,2.69222496592752e-08,-1.07887860374633e-06,3.07461711774205e-16,-3.79746417050371e-07,-6.54071678861913e-17,-2.09957125583404e-05,2.37982376860568e-17,-2.99224130922384e-08,2.66711881641071e-17,1.22969129936609e-07,3.23786805264086e-08,2.44535173352941e-06,1.97553278634473e-06,8.72415217415456e-08,-1.00169270714628e-08,6.34820208069402e-08,2.3771082539297e-08,1.13912809447101e-05,3.79353089890451e-07,2.21073093108364e-08,-6.22101015257739e-08,-1.13438760880176e-05,-7.83556341062861e-05,-2.95560275277805e-08,1.27138102024034e-17,2.7687523805226e-07,-4.7696456046016e-08,2.46139845409321e-08,1.01258140024687e-16,4.57547361332573e-07,1.30262490880485e-06,4.16938392948539e-07,5.63244232645127e-17,-1.01026348610473e-07,-5.68940073665294e-06,2.31245133015664e-16,-7.08487965593553e-08,1.58102643864029e-07,2.30384703061247e-16,1.3416876413105e-16,-5.81862104079822e-09,-3.28752818904496e-06,-1.87321937969895e-08,-2.59972539906351e-05,7.31335897021384e-07,1.94267263947447e-08,0.000164772578946535,1.70144950761914e-07,-4.26620101774717e-06,5.38631639290799e-16,7.88525508264708e-10,5.75621051683185e-08,1.5898328678896e-07,2.52144952429301e-05,-1.11592462984363e-16,-2.8093194651026e-16,2.1085681855183e-06,-5.98024163379579e-18,-1.09474812685006e-15,2.18051915954935e-07,-3.20883589436077e-07,-6.00765797635789e-08,-5.73431150206293e-07,1.5392452141485e-06,4.02101514395352e-07,5.13982481096123e-07,6.52906395888338e-18,4.68131538971928e-05,1.26748642567083e-07,4.86817784937867e-05,-5.54829016878421e-08,2.19544022383306e-07,1.27391303421617e-16,1.03102280902034e-16,2.035350800486e-16,-2.02950260506262e-06,-9.2728434777076e-09,-6.01229024504259e-07,-9.9356582936791e-17,-7.12747827337235e-09,-2.34674746790088e-16,4.20905411830675e-18,1.19420254770094e-06,-2.99162977661185e-07,1.67617655866259e-16,-2.50136612162529e-06,-3.41048401069605e-08,-1.37597693552515e-16,8.01981760806117e-08,-1.44126263423368e-16,6.008618981551e-06,1.73480747470469e-16,6.26417642502764e-06,3.17883781462283e-07,1.23368121591913e-08,0.000109566120465305,0.00532283057131928,-1.98676957006917e-08,7.08766427972e-07,1.40544656434212e-16,4.36794170776072e-07,-2.47144418785667e-08,3.23515922786564e-18,-3.26564639717577e-09,-6.68614711574967e-08,1.55903528841661e-08,3.0160069883358e-16,5.04781388961938e-08,6.68653174186742e-08,5.42866381057449e-17,-1.85892004917911e-06,-1.41229449171771e-06,-1.93473027029043e-09,2.54675997636699e-16,1.85460313777715e-18,3.51098640917023e-08,0.00110871297868135,1.41640210755673e-07,-1.38793795555902e-08,1.12202371291295e-05,-1.44023415848007e-16,4.72139174346273e-16,4.10826588874701e-06,7.27999880588878e-09,5.04692337207154e-17,9.91393718641442e-05,9.50933220834774e-17,2.86350062395296e-08,-4.8511878513066e-07,-6.49114878227978e-07,-4.30612174081978e-06,-1.44610408767441e-16,-5.07262519236019e-17,2.24923768571977e-16,-1.38567141846161e-16,-3.33408500278538e-09,-1.15680549244809e-08,2.18270173377331e-16,3.00443951379953e-16,6.15736696528849e-17,1.62978272458453e-08,1.46519444764101e-10,-8.07570686461243e-09,-6.01091485243103e-17,-6.88570023481966e-16,-8.26961654536162e-16,-3.47544966120877e-07,1.06360909411523e-08,-1.77174979751742e-16,1.86845367560238e-09,-4.8904010765054e-08,-1.2491427138308e-17,1.27292499662166e-16,-5.96511145523431e-06,-3.45769674869455e-10,-2.95655676376609e-06,-7.88149512864005e-16,1.8887024697682e-08,3.04993109344115e-07,3.27523301044604e-07,-1.2237080106745e-06,-7.26404495323381e-08,1.18326206338321e-09,-3.16715957372929e-16,1.80143786512141e-16,-4.1314599947012e-16,2.25844850150765e-08,-2.04497002562014e-08,-7.99279572143694e-07,-6.08539246860211e-09,-2.77217999948772e-16,-8.45757484364707e-17,5.23593511955001e-18,8.34351221719433e-17,-2.05291725746695e-16,2.91865919404357e-08,-2.00568386274638e-17,-1.39817297888656e-16,-0.000464887841560303,-2.12230160945449e-16,-7.05936565789708e-07,1.23381543425765e-16,-5.32335384482016e-07,7.9070221623265e-17,-6.56898570450494e-07,-7.81992974985643e-05,-7.26281028105512e-08,-8.15819875892176e-17,4.48763935895646e-06,5.6223579734348e-18,4.02773286167828e-07,-6.42928651575319e-08,3.55859494510777e-10,3.34292259981234e-16,1.96258466190964e-06,-4.16313694251361e-17,-1.4162505801633e-07,-7.23058715081563e-08,1.03893598311211e-16,1.76251773450664e-16,1.52566104254696e-16,6.31429301427108e-18,-1.09903368081538e-08,-5.54856811177493e-07,-5.89440923530561e-06,2.09360304717584e-16,1.53928184209261e-16,-7.51648145906711e-09,6.1323739937078e-08,2.98946452494291e-16,-9.85614951235538e-17,-1.22821632755509e-07,-7.25969265301378e-17,-2.38215255895226e-06,2.78883273690515e-16,2.18892257507483e-07,2.11378143089142e-16,-3.73261265676734e-16,1.78792661054818e-16,4.53636961975259e-16,4.77539127517366e-18,4.93808371332955e-16,4.23720426217716e-09,-2.96364203016927e-08,1.41534105190691e-16,-1.97307143380745e-08,8.29963285658506e-07,3.01223433066482e-16,2.949712167917e-17,8.92345052632942e-17,-7.2580769497515e-16,7.66786840238469e-07,2.06743570154655e-06,-6.90420129481217e-16,-2.29611937661009e-16,-1.49855353112505e-07,-4.84144556647717e-08,-7.33499200785931e-10,6.69957698381015e-16,2.11892180021682e-16,-1.55368123147121e-16,-2.50642299123198e-16,5.04436890450354e-16,-3.53022398399259e-16,3.5118529738457e-05,-1.02937916705628e-06,-9.19401820685339e-07,1.19179061093276e-16,-1.17282280948275e-16,7.65509841810227e-16,5.30944359019629e-16,-6.42480711391112e-17,-1.22401872622737e-16,3.99286547570543e-16,2.60727075952477e-17,-3.97066975828576e-17,9.66980406123298e-17,2.74389185191942e-16,-2.14991785745716e-16,-5.64557226741346e-16,-3.03193424400739e-16,2.97445636916517e-09,-1.87824407434017e-16,-1.49180937258052e-16,-1.41349032009235e-16,4.22794795099137e-08,-5.23368506035508e-08,-3.60249463340813e-17,-1.09292478266886e-09,3.89137949923668e-08,2.23652342718011e-16,2.19778184314521e-16,-7.55895966809132e-08,1.91950764601292e-15,9.74761350438401e-10,-4.17827054152397e-16,2.39928627400885e-17,7.78746837156714e-16,1.02156599818724e-15,9.95711115404428e-08,-1.33522196291689e-07,-4.43622303915238e-16,1.73753820446406e-16,2.13318470514487e-16,-9.87820692982775e-16,4.43438688546571e-17,2.87940546720067e-17,-1.22962114127601e-16,-3.31879251113161e-16,1.78138120666435e-09,-4.34148813389748e-18,-3.52826919250727e-17,-3.12972077722527e-16,9.69433103512354e-16,-2.67034083624247e-16,1.4508240433863e-15,-4.01879209539921e-07,-1.83015211154163e-16,-7.88507769881947e-16,2.73983991873164e-08,-8.30589798219781e-17,1.04959673524269e-15,-1.01283199439756e-16,-1.08857163279818e-15,2.59240806000942e-08,3.16490504484516e-16,-2.02169286746226e-06,-3.81824392644706e-16,-1.8674967176477e-16,1.88228801894995e-16,2.94626635829104e-15,-7.91996214217832e-17,3.058272763143e-16,3.48075804138399e-08,7.20740778366022e-15,3.10142339778188e-15,4.78840198949525e-09,-4.75720158499527e-06,4.30487095019778e-16,9.11318778791541e-07,0.00113937626913487,-1.31197352689497e-15,2.30483367475965e-15,1.10080686963757e-15,1.89461263464885e-17,2.07318714330687e-14,-0.406160935595967,1.31658852656022e-14,-5.28784629017634e-14,5.73371873627036e-15,-2.5288683241099e-06,1.05637934246023e-15,4.24398403229542e-15,-5.22582060165111e-15,-2.21610225669908e-16,3.29336125425577e-06,-2.79249039350336e-15,-4.19979804360226e-10,-7.97088810233281e-16,-1.58011862098885e-15,3.9349924010192e-16,1.37695536660819e-15,1.34716132866979e-15,-1.06482278675457e-15,-1.71120656241946e-16,2.66708825611289e-10,-7.87910536292503e-16,8.55762782838106e-16,2.55952840377252e-10,3.35256758401822e-16,-4.48183795359537e-17,-3.28014611675472e-16,-3.24918435170933e-16,-7.95268458770922e-16,4.65296123308053e-16,-7.61742487516011e-09,-4.17933537078779e-16,-6.00044006780886e-15,2.79809298237715e-09,1.19727282452554e-15,5.0832348329914e-16,-7.14910217338605e-16,-1.25112804406682e-15,-2.30247026790892e-15,-1.6012081569262e-16,1.03212536762741e-15,3.02231635448743e-16,-5.92710932349326e-16,3.58117396104526e-16,-4.03791852959745e-16,-2.15218868430152e-09,7.33158899708639e-09,-6.32272163233613e-16,2.43312311517506e-15,3.14620297420568e-15,4.16283089380446e-16,2.53101576155879e-15,1.16197785114191e-17,1.98453456467224e-15,2.31937486430593e-16,-7.79820104553345e-09,-1.51326784031044e-15,-1.68182598851512e-16,1.11313621224224e-15,5.80461936813451e-15,9.69641166489137e-10,3.51428721830163e-15,-1.62599006640002e-10,-4.82483092717233e-16,-5.46821589339643e-15,1.99991297669541e-14,7.51247715643557e-16,6.21931054264817e-15,-6.38404798201839e-16,-2.71450809228461e-14,-0.70710678118655,-8.41492663558587e-15,-2.30521655608361e-14,-4.93626067815172e-15,-8.08677363380855e-16,1.9478690995912e-14,-2.20638387559366e-15,4.20115558078206e-15,7.62001464713485e-16,6.5775475174716e-16,-9.68074689523724e-16,-1.09811927225621e-16,2.23761056110955e-16,-7.43112169021565e-16,1.94329023193998e-15,1.6266196384062e-15,8.9408819999762e-17,-4.03850294119859e-16,6.9593016814983e-07,-1.40847776537095e-15,4.21040280882982e-15,3.13182672648989e-16,1.62675110887415e-15,1.87251234034834e-15,-2.38670345575426e-15,-3.74887791723271e-15,-1.01020335601677e-15,-6.0901651002904e-16,1.30638597329958e-16,2.86175163427549e-16,1.47721526395979e-15,1.05741344708092e-16,-5.891196899401e-16,5.902621102548e-16,-3.17008501203962e-16,8.87435966781712e-16,-1.1939757246929e-07,-1.55181218618104e-16,2.72979188928405e-16,-2.81785772467154e-16,-6.78812352345027e-16,-1.11322814643149e-15,-7.48122990892187e-16,4.77082219772586e-16,1.09415345170391e-16,-1.37306664415794e-16,2.82668741830601e-09,1.54328359737493e-15,-1.03069135550772e-15,-1.24219279189701e-16,-3.0200609391258e-16,2.01464346212437e-16,1.84207273153528e-16,7.96415258123991e-17,7.03991027375482e-16,-2.99502412472935e-16,3.64259231773217e-16,-1.19002088588293e-16,4.23399168294579e-17,3.67064607877687e-16,2.27872126518019e-07,1.73324475314736e-16,7.65245839473516e-16,-3.10573333436034e-16,-1.89681170076339e-16,-4.03756224937606e-09,-1.28039507953745e-16,7.59437541541475e-16,-3.23843286226404e-17,-6.87743223139108e-17,2.26501591361743e-16,3.39985267660722e-16,-1.38668757009584e-16,-4.32731695435446e-16,-1.25366855741708e-16,3.68084272451444e-16,3.20691425057122e-17,-3.76171813270602e-16,1.94345433273129e-17,-1.81269513769187e-16,-2.57876527075331e-16,5.55342903509061e-17,-3.17083577593862e-16
"t958",0.0368643360996206,-0.0113524423531569,-0.0124526580789628,0.000758916206117537,0.00726370268073153,-0.020623507136394,-0.00292830534207965,-6.47332493603891e-06,-0.0661475691466136,-0.0553135815390491,-0.0634185097850856,0.000883053979795189,-0.00192961084813517,-0.000427068320133682,-0.0129810276323435,0.000344655225147766,0.000235786262773102,-2.94514167822607e-05,-0.014222947187233,-0.00619716077303135,-1.22878202469757e-05,5.39023052128918e-05,-0.0634208379452579,-0.00255876198075207,0.000239379603014055,-0.00179438228541631,0.0169853752651998,0.000123317144782026,7.29155377740694e-06,-9.50647786536636e-05,-0.203915603014227,-0.00720989909631553,-2.48277952033429e-06,0.00216894743383343,-0.0026153939565389,-0.000398604572764331,-1.78442153769511e-05,7.06538234499671e-05,0.0218162838149526,-0.0021004920437301,6.48160668532673e-05,-0.0164624979276013,-2.41195193300345e-05,0.00144054554606778,-2.0834074309164e-05,6.07637967818634e-07,-2.78653236225149e-08,-1.25856342190895e-07,0.000180946013581056,-0.000549561142778344,8.59928784049751e-07,-1.40655512979093e-06,1.91015483606756e-06,-7.0132504578985e-07,7.60625088848628e-05,-5.97578436397451e-05,3.56095019731586e-05,-4.53358626123303e-05,0.00039688601276012,-7.23335929993017e-07,-7.34314566594338e-07,4.02468155760152e-05,-2.53354255690837e-05,1.93584225741026e-05,-0.0044408259100336,2.46171650318431e-06,-2.01524211613653e-05,6.44857058184158e-05,-1.58844890030987e-05,7.40099696917008e-05,-7.76830098838604e-07,2.73923729508579e-06,-1.00460811497973e-05,-7.62645556061264e-06,3.2834208755347e-06,3.05856279653335e-06,-3.25873496428135e-05,6.28833271896903e-06,-0.0272527044158467,0.000505416032236255,-9.5676053840139e-06,-0.000641399035597716,0.00313816962834514,-5.25954148011633e-06,6.55773816596794e-07,9.51847087249749e-07,-2.62629789737293e-07,-4.81638799231637e-06,-9.15801387561639e-09,3.83472164793008e-07,-4.40485629518235e-06,4.66070743847594e-09,3.32349931808508e-06,-3.43406863585617e-06,-8.0179905990914e-07,-9.50321514773697e-07,-1.11745015556638e-07,6.09933189069757e-07,-6.88932551987246e-06,-0.000145313818204654,-3.10099953273824e-06,2.05988942292322e-08,-4.33386644208116e-06,3.80783883743146e-06,-0.000403645831584675,9.37001910611991e-08,-2.44225060784342e-05,3.10772689808836e-08,-5.23665355739682e-05,6.73068408082664e-09,2.13039020807936e-07,1.62270382929386e-07,-3.76080088636046e-08,-6.18039870932495e-07,1.06376061817566e-06,-5.77839158187932e-06,0.0184556375698546,0.00714199667248642,-1.48567431605192e-05,5.60727784107293e-06,-3.09661919344025e-06,5.4501937706753e-06,-7.23488614063833e-05,-7.15301102779714e-05,3.47079037415164e-07,-6.81368159173792e-06,7.03371117947906e-07,-1.58807635955629e-05,1.27017566957512e-05,0.000441215626634759,3.2211589623788e-06,-1.09359178034838e-05,8.78107329446416e-07,0.000104379923303515,-2.02487119150368e-08,1.32744052766807e-05,-3.29625552216495e-05,-1.07845579988401e-06,9.18303283042623e-05,-2.61793718988691e-05,-0.000565646016861417,1.33763712866176e-06,1.90932097049083e-06,1.94559086636523e-07,1.12616701231885e-09,-1.45087451132151e-06,3.39860551787639e-07,-0.00432871994458089,-0.444801775272565,-1.38581476504647e-06,-1.61358875639295e-06,-6.68610228652017e-05,-8.39737580774675e-07,0.000186523586965304,-3.69149128524542e-07,-6.68023482883879e-06,4.01708540778206e-05,-3.0842404856109e-06,-1.74303872142129e-05,-2.41534424957552e-06,-2.30953557908958e-06,3.37123635191133e-07,-0.00189374936712801,-1.63797686103377e-06,1.87054206116825e-06,-1.27130311293803e-06,0.000324491220482831,4.36555828066256e-06,0.000275107484499214,1.06759422104007e-06,-2.24377791552915e-06,-3.99800523685813e-07,5.1779441540664e-08,0.000260628394547957,3.31998058978054e-07,6.81718586568101e-07,2.99867331327485e-08,-1.22871492214818e-06,-5.81470582190222e-05,-6.69693215867486e-06,2.80874930040208e-05,8.8899734357648e-06,-2.02792944180882e-06,-9.01038006519885e-09,-3.12441217294408e-07,-3.16382084024168e-07,-0.00469255641851747,-0.000108753104405895,-0.000483334978203879,-3.62313344957228e-08,-0.00370602991867057,3.3378011821287e-06,1.48831157684675e-06,2.67959054247962e-10,2.90728264159342e-08,-6.75909125178862e-06,-4.38874611308036e-06,-7.33566575561777e-08,8.07492276843935e-06,1.56123860161091e-06,6.50321555941701e-06,5.31063832269701e-06,-2.61737312311546e-06,-2.37419384023847e-07,-2.7092148108185e-05,-1.25318108709548e-06,1.71795998891277e-05,9.09483082034337e-07,-4.88947057000207e-05,-1.03142697738565e-08,-0.000197960192008799,-1.24073713614192e-06,-2.65672727186031e-06,-7.25713033936156e-05,1.15942704666172e-08,-1.95421431988132e-07,5.62119489616319e-08,3.57250263142249e-08,-0.000206368779228208,-3.95342647268371e-06,-1.80802111429619e-06,2.13281642302035e-06,4.69032255923019e-07,1.98857185884943e-06,-5.95328735690601e-06,-3.40979339464519e-07,-3.23347162697092e-05,-1.97166028513655e-07,-0.000751082252519167,-9.88118548373359e-06,5.62372879928118e-07,1.19265410917519e-07,3.67506689130346e-06,1.35880721778293e-06,-1.3756169059943e-06,-1.41843260708151e-08,-6.24581362639025e-06,1.27420457012423e-16,-5.87818045428413e-08,8.39193471241506e-07,-1.70065259460959e-07,-4.35560717809347e-07,-5.84197973606419e-06,8.07716757062514e-08,-1.13580740268663e-06,5.0601131659499e-07,-0.000104061501939313,6.22159204170604e-08,-1.25591569643824e-07,5.0610635271439e-05,-3.30035194047309e-08,3.6319900258725e-06,-5.34082724035283e-05,1.28537046863212e-08,-8.42562042027315e-10,4.01700215590327e-08,-3.8141961600288e-08,6.0127459644551e-07,0.000289412362054417,-0.000295175456905615,5.4556803575706e-07,-1.70818653264882e-05,1.1608973066336e-05,-7.03977194589146e-07,1.2373588937343e-05,-4.61658312644059e-05,9.441061125646e-09,8.21448184504662e-05,3.98923418010497e-07,3.27752984527572e-06,8.66001622185574e-09,-4.62174963600639e-06,2.40111093139854e-07,-3.01466319413445e-07,4.77722222063805e-07,-9.24860552832624e-07,7.21433638753634e-07,-5.29189585020815e-08,1.02251525674303e-05,-4.45389540490047e-08,7.33354676111804e-06,-1.9291564612165e-16,-1.83052487833819e-05,-0.000175707252380377,-1.92550386467079e-11,-1.7044120344899e-07,2.53053757887957e-07,-1.57565513661875e-07,-4.48428817489527e-08,5.39516095158484e-09,-2.41427313429611e-07,9.13314614413893e-06,3.41838237632838e-06,-2.78089100518115e-08,1.49911675836474e-05,-5.06632371486607e-05,1.40555104445871e-06,-0.00239778804866286,3.25761583644152e-07,5.75239740620266e-07,8.90430579981928e-09,2.97203903443393e-05,-4.8271600475527e-06,2.21367382242009e-08,-7.34409813314164e-06,9.30939390187389e-07,-3.47222315604379e-06,3.38094385432518e-06,3.09449400991303e-05,1.65731359543761e-06,-5.47921269082668e-07,-4.15589549006793e-06,5.23065944986544e-07,-3.18158610784217e-06,1.03704940726744e-05,5.94884341187687e-05,-0.0938797303741331,6.53956193370725e-17,-8.61662567038561e-08,-4.09119545744246e-07,3.40777279046181e-08,-1.81464275978248e-05,-1.94240698655757e-08,-4.7181654514841e-06,-0.000769662080329209,9.11971207482712e-07,-3.48330252370754e-06,-2.61875850364766e-17,0.000187645394195858,5.30272721016254e-10,3.47899828322999e-07,-1.46447012818507e-08,-1.96073065143307e-07,9.99008315118063e-08,1.02381877118484e-06,-1.69122474364088e-07,-2.75166371134664e-09,1.1318278332437e-06,-5.35737539760929e-09,-5.97722979317856e-07,-8.64891581961379e-10,-1.42964278707514e-10,-2.06487714874449e-06,1.21720999815295e-08,-4.33643700825328e-06,2.82787290396143e-16,-9.09825511326681e-08,7.49894996359551e-09,2.16215732314497e-10,2.16938749779034e-09,-3.35532578362173e-06,-3.13121649236014e-05,8.08417109313093e-08,-3.00115452515731e-07,-1.77212882384029e-07,4.75719571562802e-16,-3.32625238050414e-06,-1.19361660897767e-08,-7.82664681394403e-05,1.2454700323401e-16,8.28339767578943e-07,1.07576118225943e-07,-1.6664353970139e-08,-1.16190210091099e-05,-2.26504029344896e-06,-2.10921527662368e-06,-3.9992881157231e-07,2.16868394014616e-06,9.15935629217952e-08,5.15231449207047e-09,1.22408606769224e-06,3.71445274148446e-08,-8.94473910613229e-17,-1.54113026071881e-08,5.74291834477106e-07,2.51420324485877e-07,-1.6148857980057e-06,5.47348149318551e-18,-3.43861555967455e-08,6.58950354855527e-09,-7.60099805516743e-07,-1.09404847579943e-08,-4.0005251712859e-06,3.95967616792347e-08,-5.37360482272206e-07,3.04586735589874e-06,1.59927311865077e-16,1.14676535915777e-05,-5.45528959672737e-08,1.5953937791959e-07,1.73217398874333e-05,-2.27904569851614e-08,-0.000233868208716492,1.94289029309402e-16,-6.16972601331134e-17,-2.38744835490348e-06,-3.14790994594664e-08,4.15853131240896e-09,-4.6481987053815e-06,1.52467893095911e-15,-2.75349848515786e-05,-0.000195186531267567,-4.49288084222782e-16,6.65816408976888e-17,-5.08911133673398e-17,5.81179730748994e-06,1.58903507956416e-07,-1.76153784807297e-07,5.4046402839452e-06,7.68280824474825e-07,1.43770211120378e-07,-6.24571152529396e-08,1.07627805489447e-16,-1.39774332947606e-08,3.9554772492465e-08,-3.5349688313541e-16,-9.27703613639695e-17,-2.55733525812778e-08,-1.48739102880156e-09,-1.53844544933969e-08,3.90893343108866e-06,1.54211193840609e-08,-6.19305204717595e-07,-4.80576145949899e-16,-2.18622494567185e-07,-2.75209162161423e-17,-1.21896594230816e-05,-1.6395847353412e-16,-1.74807454595717e-08,9.42545249388982e-17,7.24112644226625e-08,1.90971013998242e-08,1.47347949725652e-06,1.19586641702492e-06,5.29123545236935e-08,-6.12655241898461e-09,3.91126333884541e-08,1.48998690038079e-08,7.14122615659368e-06,2.3909015862788e-07,1.40711085975752e-08,-4.01272549011286e-08,-7.40062498319118e-06,-5.15821402028632e-05,-1.9544287749165e-08,-9.66831167325729e-17,1.8567170277875e-07,-3.24271006753694e-08,1.74214183503982e-08,1.01852516735945e-18,3.27780782550702e-07,9.50733056079254e-07,3.06784333817033e-07,2.07265386376745e-17,-7.464922365965e-08,-4.27594627433803e-06,8.24796204556834e-17,-5.37032992605433e-08,1.26473805206827e-07,1.20757267095359e-16,3.68969715117027e-16,-4.760200217208e-09,-2.69505350108601e-06,-1.55063636181615e-08,-2.17720286876332e-05,6.29349799406121e-07,1.67579588045968e-08,0.000142624456580275,1.53081763802421e-07,-3.96949330568261e-06,7.34709602184802e-16,7.43454049435627e-10,5.43970455320221e-08,1.51472537714393e-07,2.42640427758093e-05,-7.43201545693776e-16,-2.10206696202332e-16,2.057582880793e-06,2.25228615194652e-16,-4.01828059147898e-16,2.34304269313319e-07,-3.51203587928105e-07,-6.57789832197425e-08,-6.55039614698524e-07,1.76884913571237e-06,4.62676689959366e-07,5.963885640018e-07,-2.32780413528274e-16,5.98655023328646e-05,1.65851156044609e-07,6.4197217740873e-05,-7.6169884481293e-08,3.26803731500133e-07,-3.88163467705213e-17,1.92856237263799e-16,1.52688141794954e-15,-3.46844560783808e-06,-1.69962161219301e-08,-1.10821848265254e-06,6.03653760695489e-16,-1.41718025360569e-08,9.12766685833295e-16,5.59540711408114e-16,3.83620682257333e-06,-9.69140175162335e-07,1.25572295617271e-15,-9.7511325697595e-06,-1.51520111651321e-07,-5.09351744508272e-15,5.07050704479676e-07,-8.82213210019007e-16,8.28729690469054e-05,9.49700001316073e-15,9.70937518000891e-05,5.45315018080191e-06,2.40832730471875e-07,0.00265202922477399,0.284171356607567,2.8459421775516e-07,-3.4709604580538e-06,4.204044259256e-16,-1.11423601378066e-06,5.9757671097647e-08,-2.78015629234994e-16,7.37527239518325e-09,1.34400620117704e-07,-2.84234720642241e-08,3.71930001895876e-16,-6.86131452689842e-08,-8.6243909638226e-08,-4.43752249165473e-16,2.24160222885175e-06,1.64901663600055e-06,2.01499306981179e-09,-1.35647081057043e-15,9.00621554341651e-16,-2.94292483385517e-08,-0.00432996962156957,-6.45796540788879e-08,6.16748607409739e-09,-4.66301095079102e-06,2.9650032784984e-16,7.80850345141987e-16,-1.62974637590508e-06,-2.8709423365193e-09,1.77910001822275e-15,-3.61212692044215e-05,-1.99329516450744e-16,-9.65660000046787e-09,1.46879775561286e-07,1.9501632874206e-07,1.2547532038584e-06,1.1756882364156e-16,-7.40082622372981e-17,-3.38610184523796e-16,-1.63343451245646e-16,7.29173883004496e-10,2.46809742628642e-09,1.29008493419096e-16,4.70145826811525e-16,-3.3749922426922e-16,-3.17307585297445e-09,-2.73881691677774e-11,1.34632195337209e-09,-4.8911149410047e-17,-3.93700913883799e-17,6.63545282088285e-16,3.69954551023627e-08,-1.11226757014268e-09,-1.21337820556111e-16,-1.57242501522285e-10,3.73214847246252e-09,9.63704173934075e-17,7.98241504910491e-17,3.49874304880818e-07,1.98077800858667e-11,1.40314076382704e-07,-6.1296937861422e-16,-6.00452053837488e-10,-7.17858068933339e-09,-4.0774545238938e-09,-2.3998026028951e-09,-4.13542839937745e-10,1.48345867439322e-11,2.13629128647952e-16,1.94240209359219e-16,-5.2691413736574e-18,1.09051290395194e-09,-9.97854967506238e-10,-4.23548181377391e-08,-4.45356319082687e-10,-6.46141036884994e-16,1.5452408869748e-16,-2.98934947720348e-16,-9.15315656481953e-18,-4.18737001616341e-16,2.72166740231118e-09,2.33222748900582e-16,-2.39356122606405e-17,-0.000228311176742744,-9.9369453003675e-17,-5.64636436260579e-08,7.73037061653572e-17,-4.96515288242767e-08,-6.43180563654133e-17,-7.34731186566088e-08,-4.42765524536951e-05,-8.62789648160958e-09,1.02636449376103e-16,5.56005934272809e-07,1.03749649579348e-16,5.42180964171999e-08,-9.5062305848283e-09,5.28160997346328e-11,8.69399512977725e-17,3.01399686368978e-07,-2.13889468778251e-16,-2.28765772141777e-08,-1.17073012256359e-08,5.210834858881e-18,-2.86673614024574e-17,-1.6327875617549e-16,-3.08862007113587e-17,-1.84968524345625e-09,-9.43068141087949e-08,-1.0131797378328e-06,-1.73853724850972e-16,-6.51153100592737e-17,-1.35990552125311e-09,1.11191479454809e-08,-6.92925251752995e-17,2.34688263079515e-16,-2.36106043792727e-08,2.90393532047247e-17,-4.63386767558412e-07,-6.18740239718695e-16,4.40162665243162e-08,4.5306102191275e-17,-1.67510744067426e-16,3.07399951668299e-16,-1.81061006618591e-16,-8.1917101736972e-17,-7.04761295726268e-16,9.07436687371713e-10,-6.35193398785384e-09,-5.52248438350919e-17,-4.31778363515596e-09,1.8318564248589e-07,-3.87617343261253e-16,-1.78907435100404e-16,9.0852024282768e-17,2.33349630156526e-16,1.75439701365174e-07,4.76924459953695e-07,2.31735888487944e-16,1.87428386969209e-17,-3.48842787823366e-08,-1.12834797632366e-08,-1.71627723243164e-10,1.57299050379284e-16,-3.56715319053184e-17,6.69922973424754e-17,3.817051466271e-16,5.89510966733126e-16,-1.08555843227845e-16,8.75010919623997e-06,-2.57965202346517e-07,-2.31727759427072e-07,8.48327254984791e-19,8.45010935674044e-16,-2.21553840732347e-16,1.8486325638769e-16,6.38175685339844e-17,1.67077600968473e-16,3.95867324014986e-16,-7.1367295869119e-17,6.38841629848159e-17,-3.96559508328429e-17,-3.64431088423931e-16,5.88579404955406e-17,-3.06496888950092e-16,-9.59903123126528e-17,8.25829569996284e-10,-2.77076925047722e-16,-1.79356702378043e-16,1.67824455426004e-16,1.18941088239678e-08,-1.47685996293943e-08,-6.20288345444633e-16,-3.08992791110042e-10,1.11848048048277e-08,-2.53167355445413e-17,6.47156129703388e-17,-2.21880778690857e-08,4.33343775798116e-16,2.93861324044647e-10,-1.59955276117505e-16,-1.08859350525047e-16,-5.02779244350416e-17,3.6840165339305e-16,3.13956361663047e-08,-4.22358490892916e-08,5.07282737834378e-16,-1.88225212476131e-16,-1.9662560179959e-16,1.72147687906044e-15,2.46276523480082e-16,2.29500973607622e-17,8.92857117940382e-17,8.8531646573424e-17,7.03962273119271e-10,-5.95390400408696e-17,-4.2714040560905e-16,2.60711725322662e-16,-1.27327395592199e-16,1.76909506285385e-15,3.41470249459269e-16,-1.71688409621223e-07,1.81967527346608e-16,-2.13669321238814e-15,1.19024527769242e-08,1.01965140936427e-15,-2.65613751878885e-16,8.30254200625034e-17,-3.37962605654972e-16,1.52895822529169e-08,5.46916025799429e-17,-1.3121934599735e-06,3.80309932928134e-15,1.56023534740415e-15,3.56131104091213e-15,1.95911690326457e-15,8.84496398042201e-16,-1.23926404637048e-15,3.04186174603936e-08,1.31774594312924e-15,-2.29409554939485e-15,6.58428555146787e-09,-6.77217832864255e-06,3.99343851869442e-16,4.55254997024026e-06,0.386646017977993,-4.97321935323188e-15,1.46223352320829e-14,3.05273899475964e-15,-3.25142276071786e-16,-1.3894194306213e-15,0.000395798594314951,-3.02719095612717e-15,6.18358995677667e-15,1.61378625671751e-15,-2.00118905661231e-07,-3.62611189544514e-15,5.32711773122549e-16,1.23383430373294e-16,-6.47816045123965e-16,5.47317806502562e-07,8.45411720307358e-16,-8.21498861376234e-11,2.08095755491991e-16,3.56038436034311e-16,-1.67528333507116e-15,-5.53797815870042e-16,3.26335064278648e-16,5.30686191916117e-16,-2.81387362531096e-16,4.78124393362526e-10,-1.54718699952373e-15,1.64334335755515e-15,-1.29874760102391e-10,-4.54728123959881e-16,-6.1102825908924e-17,-6.30702141348592e-16,2.40794664220407e-16,3.47252635223157e-16,1.5078267835394e-16,-3.64765470738942e-10,7.787323344136e-17,-3.17222520443903e-16,2.48460519695153e-10,4.16535261081701e-16,-4.68410660347832e-16,9.66711775613465e-16,-7.08439755439263e-16,-2.77607747624345e-16,1.22530013720516e-15,3.10360672361493e-16,6.19299474339894e-17,-5.83357319720893e-16,-2.02525212086857e-16,1.48184485685107e-16,-3.39048149866382e-10,1.19125563794694e-09,1.21314007826746e-16,1.5095144863607e-16,9.94169706292982e-17,-6.09190894805753e-16,-1.18449087344041e-16,-1.09885584365736e-16,-4.80388834412132e-16,4.74884013833269e-16,-1.43050749046245e-09,-4.71491438905208e-16,6.2158503531484e-17,2.37162877395575e-16,-6.31957880168958e-16,1.91011552438329e-10,4.63019038450804e-16,-3.40471896495459e-11,-5.37593081705136e-17,-3.23898371411525e-16,2.06680440696299e-16,-1.36367864546537e-16,2.4897029976434e-16,7.90540052076045e-16,7.70924717742076e-17,-2.92807209408302e-16,-1.23133298144103e-16,1.36439948329273e-17,-1.25914354975184e-16,2.08931912532147e-17,3.8933109331009e-16,-1.75165361509886e-16,-3.0482029887166e-16,-1.6620308462869e-16,1.07498242710054e-16,-2.11048439553733e-16,4.76800464162767e-17,-3.31488092207042e-16,-2.15891757596176e-16,3.81762979077951e-17,-3.07872588224394e-16,2.89666420260998e-16,-9.88023913084283e-17,1.67693841641021e-07,-4.73815949326815e-16,-1.3055762800602e-15,5.60425181015314e-17,1.4366051120132e-15,2.17492125723462e-16,-3.68464019935237e-17,1.78708141731514e-15,6.07316511296945e-16,-7.47083768395385e-17,1.12369336452047e-16,-2.83735708539457e-16,-3.70379439214559e-16,-5.82402385610571e-17,-7.95073228754625e-17,5.89215958314536e-16,1.67281925851304e-16,-3.29280731034037e-16,-3.05331890370714e-08,-1.55604342909898e-16,9.82646703451978e-17,3.91453903236948e-16,-1.21834269756287e-15,-6.12388129875458e-16,-2.85196561526287e-16,-3.84584651792133e-16,1.32259889544772e-16,-4.34397863648796e-17,7.57617609344492e-10,-1.7637827169338e-15,-1.49587478126699e-16,1.18803355981981e-15,1.20962988695273e-16,4.53414544144277e-17,-1.67636598989035e-15,4.3231874005042e-16,-9.99555181642525e-16,-6.66695559555991e-16,1.16461761232791e-16,8.18874824647794e-16,1.18621912952817e-15,-1.74603952011808e-16,6.3441029337237e-08,-2.24501643264562e-15,-2.24281718747985e-15,8.58708824220103e-16,-7.24865046458634e-15,-1.1416041825844e-09,9.47874487110495e-16,1.37520037243271e-14,6.03313133741538e-14,0.707106781186549,-4.74796315785961e-14,-7.89252126697548e-15,-3.34317876303994e-15,-2.37280814466919e-15,-7.01883773233604e-16,-9.85922991426084e-16,-4.1567549175105e-16,2.9245142493057e-16,3.97394821590833e-16,-1.13555711915602e-15,5.65225025554524e-16,-9.52211690109493e-16,6.58853242450296e-17
"t959",0.0368643360996206,-0.0113524423531569,-0.0124526580789628,0.000758916206117537,0.00726370268073153,-0.020623507136394,-0.00292830534207965,-6.47332493603923e-06,-0.0661475691466136,-0.0553135815390491,-0.0634185097850856,0.000883053979795188,-0.00192961084813517,-0.00042706832013368,-0.0129810276323435,0.000344655225147764,0.000235786262773096,-2.94514167822618e-05,-0.014222947187233,-0.00619716077303135,-1.22878202469799e-05,5.39023052128895e-05,-0.0634208379452579,-0.00255876198075207,0.000239379603014041,-0.00179438228541634,0.0169853752651998,0.000123317144782008,7.29155377740683e-06,-9.50647786536604e-05,-0.203915603014227,-0.00720989909631554,-2.48277952036009e-06,0.00216894743383348,-0.00261539395653893,-0.000398604572764326,-1.78442153769445e-05,7.06538234499594e-05,0.0218162838149526,-0.00210049204373011,6.48160668532343e-05,-0.0164624979276013,-2.41195193300274e-05,0.00144054554606779,-2.08340743091419e-05,6.07637967803438e-07,-2.78653236242447e-08,-1.2585634216779e-07,0.000180946013581062,-0.000549561142778345,8.59928784081003e-07,-1.40655512979423e-06,1.9101548360621e-06,-7.01325045791151e-07,7.60625088848618e-05,-5.97578436397416e-05,3.56095019731582e-05,-4.53358626123228e-05,0.000396886012760117,-7.23335929992448e-07,-7.34314566596017e-07,4.02468155760283e-05,-2.53354255690605e-05,1.93584225741002e-05,-0.00444082591003359,2.46171650317935e-06,-2.01524211613506e-05,6.44857058184203e-05,-1.58844890031015e-05,7.40099696916973e-05,-7.7683009882899e-07,2.73923729503267e-06,-1.00460811498137e-05,-7.62645556062777e-06,3.28342087553541e-06,3.05856279652889e-06,-3.25873496428286e-05,6.28833271896337e-06,-0.0272527044158467,0.000505416032236245,-9.56760538401205e-06,-0.000641399035597707,0.00313816962834515,-5.25954148011163e-06,6.55773816598793e-07,9.51847087269806e-07,-2.62629789738974e-07,-4.8163879923102e-06,-9.15801387305158e-09,3.834721647826e-07,-4.40485629518705e-06,4.66070742633287e-09,3.32349931809574e-06,-3.43406863583417e-06,-8.01799059920357e-07,-9.5032151478108e-07,-1.11745015566302e-07,6.09933189096329e-07,-6.88932551988434e-06,-0.000145313818204664,-3.10099953274699e-06,2.05988942443388e-08,-4.33386644208153e-06,3.80783883742366e-06,-0.000403645831584656,9.37001910433768e-08,-2.44225060784267e-05,3.10772689734744e-08,-5.23665355739851e-05,6.73068410587171e-09,2.13039020802782e-07,1.62270382925589e-07,-3.76080088652199e-08,-6.18039870948788e-07,1.06376061817553e-06,-5.77839158185726e-06,0.0184556375698546,0.0071419966724865,-1.4856743160531e-05,5.6072778410752e-06,-3.09661919343908e-06,5.45019377068268e-06,-7.23488614063857e-05,-7.15301102779746e-05,3.47079037310702e-07,-6.81368159169238e-06,7.03371117751449e-07,-1.58807635955518e-05,1.27017566958018e-05,0.000441215626634706,3.22115896235379e-06,-1.09359178035016e-05,8.78107329463869e-07,0.000104379923303543,-2.0248711916758e-08,1.32744052766693e-05,-3.29625552216581e-05,-1.07845579984991e-06,9.18303283042316e-05,-2.61793718988819e-05,-0.000565646016861484,1.33763712865196e-06,1.90932097052518e-06,1.94559086637137e-07,1.12616702697083e-09,-1.45087451130946e-06,3.39860551791388e-07,-0.00432871994458091,-0.444801775272565,-1.38581476498883e-06,-1.61358875633858e-06,-6.68610228648347e-05,-8.3973758074972e-07,0.000186523586965279,-3.69149128550624e-07,-6.6802348289249e-06,4.01708540778247e-05,-3.08424048563273e-06,-1.74303872141757e-05,-2.41534424977124e-06,-2.30953557909743e-06,3.3712363497684e-07,-0.00189374936712796,-1.63797686101881e-06,1.87054206117004e-06,-1.27130311294947e-06,0.000324491220482769,4.36555828057606e-06,0.000275107484499256,1.06759422121343e-06,-2.24377791552111e-06,-3.99800523588276e-07,5.17794416713485e-08,0.000260628394547951,3.31998058885918e-07,6.81718586692395e-07,2.99867330763664e-08,-1.22871492220088e-06,-5.81470582190066e-05,-6.69693215868876e-06,2.8087493004203e-05,8.8899734357834e-06,-2.02792944172475e-06,-9.01038009188970e-09,-3.12441217365535e-07,-3.16382083967535e-07,-0.00469255641851749,-0.00010875310440599,-0.000483334978203866,-3.62313344984299e-08,-0.00370602991867071,3.33780118219872e-06,1.48831157673871e-06,2.6795868710718e-10,2.90728266073364e-08,-6.75909125202076e-06,-4.3887461130162e-06,-7.33566575743212e-08,8.07492276856542e-06,1.56123860180843e-06,6.50321555956907e-06,5.31063832272678e-06,-2.61737312347102e-06,-2.37419384130895e-07,-2.70921481084913e-05,-1.25318108712102e-06,1.71795998892978e-05,9.09483081918978e-07,-4.88947057000338e-05,-1.03142698098846e-08,-0.000197960192008658,-1.24073713612802e-06,-2.65672727183181e-06,-7.25713033933816e-05,1.15942702768305e-08,-1.95421431966963e-07,5.62119489927803e-08,3.57250262855981e-08,-0.000206368779228188,-3.9534264726877e-06,-1.80802111427921e-06,2.13281642307e-06,4.6903225590882e-07,1.98857185863268e-06,-5.95328735714481e-06,-3.40979339599902e-07,-3.23347162697116e-05,-1.97166028773354e-07,-0.000751082252519167,-9.88118548366427e-06,5.62372879885182e-07,1.19265410961131e-07,3.67506689119273e-06,1.3588072176193e-06,-1.37561690604669e-06,-1.41843261854186e-08,-6.24581362610658e-06,-5.65636844257901e-17,-5.87818045859084e-08,8.39193471287476e-07,-1.70065259488154e-07,-4.35560717776828e-07,-5.84197973611371e-06,8.07716757745612e-08,-1.13580740282314e-06,5.06011316677387e-07,-0.000104061501939297,6.22159208902401e-08,-1.25591569784027e-07,5.06106352714867e-05,-3.30035192730351e-08,3.6319900259036e-06,-5.34082724034729e-05,1.28537048291902e-08,-8.42562255181463e-10,4.01700218713105e-08,-3.81419615748904e-08,6.01274596402288e-07,0.000289412362054502,-0.000295175456905487,5.4556803547773e-07,-1.70818653263618e-05,1.1608973066247e-05,-7.03977194694112e-07,1.23735889375553e-05,-4.61658312642069e-05,9.44106127589675e-09,8.21448184504435e-05,3.98923417938142e-07,3.27752984526753e-06,8.66001641312352e-09,-4.62174963594108e-06,2.40111093017855e-07,-3.01466319341996e-07,4.77722222029314e-07,-9.2486055281076e-07,7.21433638807025e-07,-5.29189583519833e-08,1.02251525673652e-05,-4.45389537322386e-08,7.33354676094124e-06,3.11671111072371e-17,-1.83052487832023e-05,-0.000175707252380568,-1.92546708713158e-11,-1.70441203579181e-07,2.53053758106238e-07,-1.57565513905397e-07,-4.48428816951394e-08,5.39516104893094e-09,-2.41427313062473e-07,9.1331461441233e-06,3.41838237655974e-06,-2.78089099843748e-08,1.49911675836568e-05,-5.06632371484984e-05,1.40555104450834e-06,-0.00239778804866247,3.25761583518601e-07,5.75239740493121e-07,8.90430559790566e-09,2.97203903440389e-05,-4.82716004762788e-06,2.21367383102459e-08,-7.34409813312229e-06,9.30939390221527e-07,-3.47222315596848e-06,3.38094385418738e-06,3.09449400992585e-05,1.6573135954184e-06,-5.47921269022747e-07,-4.1558954897935e-06,5.2306594494624e-07,-3.18158610782063e-06,1.03704940724778e-05,5.94884341191645e-05,-0.0938797303741332,1.20938421953134e-16,-8.61662563935398e-08,-4.09119545885185e-07,3.40777278753446e-08,-1.81464275976285e-05,-1.94240697988421e-08,-4.71816545180401e-06,-0.000769662080329448,9.11971207676581e-07,-3.48330252360223e-06,2.1568358497686e-16,0.000187645394195897,5.30272602169274e-10,3.47899828550048e-07,-1.46447015413587e-08,-1.9607306531192e-07,9.99008316077946e-08,1.02381877097472e-06,-1.69122474476895e-07,-2.75166374221726e-09,1.13182783343653e-06,-5.35737528992529e-09,-5.9772297900071e-07,-8.64891350196356e-10,-1.42964157846077e-10,-2.0648771485476e-06,1.217209991274e-08,-4.33643700826031e-06,7.43166842623674e-18,-9.09825511163322e-08,7.49895002707555e-09,2.16215685034623e-10,2.16938744318351e-09,-3.3553257836279e-06,-3.13121649238591e-05,8.08417109056742e-08,-3.00115452488686e-07,-1.77212882556808e-07,1.9350266226175e-16,-3.32625238022858e-06,-1.19361662641877e-08,-7.82664681398901e-05,1.58143584210462e-16,8.28339767545803e-07,1.07576117961904e-07,-1.66643539549432e-08,-1.16190210091046e-05,-2.26504029254743e-06,-2.10921527623835e-06,-3.99928811618405e-07,2.16868394026296e-06,9.15935630931363e-08,5.15231444841766e-09,1.22408606795022e-06,3.71445277062072e-08,-5.82071403372219e-17,-1.54113023598305e-08,5.74291834495966e-07,2.5142032464625e-07,-1.61488579768216e-06,-6.12422750006398e-17,-3.43861558014674e-08,6.58950362786466e-09,-7.60099805456895e-07,-1.09404850034062e-08,-4.00052517129682e-06,3.95967616437209e-08,-5.37360482326233e-07,3.04586735556535e-06,-1.08090070878137e-17,1.14676535917345e-05,-5.45528960067929e-08,1.595393777024e-07,1.7321739887158e-05,-2.27904570745915e-08,-0.000233868208716162,2.69749500514394e-16,-5.35894903498565e-18,-2.38744835505143e-06,-3.1479099687901e-08,4.15853077333059e-09,-4.64819870467773e-06,1.5628812394075e-15,-2.75349848516775e-05,-0.00019518653126742,-6.66069986287751e-17,8.87022465184141e-17,-1.31019421634802e-16,5.81179730766157e-06,1.58903507966765e-07,-1.76153784505499e-07,5.40464028423988e-06,7.68280824241234e-07,1.43770211326869e-07,-6.24571153221405e-08,7.04664923948903e-17,-1.39774331046434e-08,3.95547725769193e-08,4.45303749662519e-18,-4.09905793292121e-17,-2.55733524376438e-08,-1.48739051086804e-09,-1.5384454570514e-08,3.9089334309187e-06,1.54211196725467e-08,-6.19305205286978e-07,-1.11389929248015e-15,-2.18622494293986e-07,-2.87658818376125e-16,-1.21896594226505e-05,-4.02171243356342e-16,-1.74807453126079e-08,-2.31152726621963e-17,7.24112648516635e-08,1.90971014899815e-08,1.47347949728509e-06,1.19586641705467e-06,5.29123547171211e-08,-6.12655194616391e-09,3.91126333521511e-08,1.4899868912836e-08,7.14122615690282e-06,2.39090158980608e-07,1.40711087449723e-08,-4.01272548367828e-08,-7.40062498340134e-06,-5.15821402028056e-05,-1.95442878189261e-08,-1.47207442428099e-16,1.85671702778465e-07,-3.24271005869455e-08,1.74214184738391e-08,1.13645485976067e-16,3.27780782394622e-07,9.50733056067744e-07,3.06784333772428e-07,1.77800316911195e-16,-7.46492236111819e-08,-4.27594627467521e-06,-2.66747699460321e-16,-5.37032992379936e-08,1.26473805282558e-07,-1.36203873581626e-17,7.42622179196779e-17,-4.76020016337106e-09,-2.69505350101557e-06,-1.55063635811229e-08,-2.1772028687859e-05,6.29349798952188e-07,1.67579586215876e-08,0.000142624456579864,1.5308176381778e-07,-3.96949330558386e-06,8.01740401498718e-16,7.43454006586182e-10,5.43970457602492e-08,1.51472537360184e-07,2.42640427760589e-05,-7.63131371964898e-16,-2.26354801579383e-16,2.05758288074151e-06,1.89631828428152e-16,-6.80607645513029e-16,2.34304269607305e-07,-3.51203587920587e-07,-6.57789830846802e-08,-6.55039614755974e-07,1.76884913569768e-06,4.62676690031123e-07,5.96388563981412e-07,-3.83735044594527e-16,5.98655023329178e-05,1.65851156260695e-07,6.41972177411958e-05,-7.61698847566024e-08,3.26803731514434e-07,-4.31174048404111e-17,2.16001124749576e-16,1.0273147621298e-15,-3.46844560806657e-06,-1.69962158577873e-08,-1.1082184825394e-06,3.85659627191321e-16,-1.41718023435498e-08,8.52688332950442e-16,5.3509772149592e-16,3.83620682267739e-06,-9.69140174930769e-07,1.39775344076831e-15,-9.75113256955682e-06,-1.51520111457221e-07,-4.35954645562793e-15,5.07050704086938e-07,-7.12220744326077e-16,8.28729690464705e-05,9.34043333199354e-15,9.7093751800009e-05,5.4531501809604e-06,2.40832730553026e-07,0.00265202922477447,0.284171356607567,2.84594217493189e-07,-3.4709604580217e-06,2.74231065489e-16,-1.11423601394318e-06,5.97576710082113e-08,-2.53744720189541e-16,7.3752714743739e-09,1.34400620014473e-07,-2.8423472388238e-08,1.73019473199251e-16,-6.86131453693737e-08,-8.62439095501854e-08,-4.43903192064226e-16,2.24160222859564e-06,1.64901663586662e-06,2.01499309332246e-09,-1.36228194083461e-15,1.08737897044559e-15,-2.94292487710835e-08,-0.00432996962156936,-6.45796540092774e-08,6.16748642041612e-09,-4.66301095117823e-06,2.6839138142538e-16,9.653487305578e-16,-1.62974637562385e-06,-2.87094220680531e-09,1.12256703600186e-15,-3.61212692048964e-05,-1.03728512548125e-16,-9.65659981234522e-09,1.46879775268951e-07,1.95016328772356e-07,1.25475320376117e-06,1.19377378036775e-16,-7.17233710637633e-18,1.94882549352405e-17,-1.34942285117328e-16,7.29173881569619e-10,2.46809731500656e-09,4.17005229990454e-16,5.48133265024813e-16,-5.34519377853472e-16,-3.17307563349211e-09,-2.73883967787641e-11,1.34632167327184e-09,6.07504239125992e-17,3.36211093687755e-16,4.69107174980166e-16,3.699545513064e-08,-1.1122675808534e-09,-1.2920385616881e-16,-1.57242385429622e-10,3.73214866247907e-09,1.42385232347878e-17,-2.84709383053111e-16,3.49874304548966e-07,1.98077895162021e-11,1.40314075858589e-07,-3.88074104830955e-16,-6.00452137529633e-10,-7.17858081329158e-09,-4.07745447409482e-09,-2.39980257554081e-09,-4.13543420960012e-10,1.48341772145254e-11,-7.63086117110957e-17,4.91771207237706e-16,-1.33181003922037e-16,1.09051292603669e-09,-9.97854861544983e-10,-4.2354818551363e-08,-4.45356168157034e-10,-5.14207778672475e-18,6.7121881777725e-16,2.02550169004148e-16,-1.11563315655471e-16,-2.64549855971062e-16,2.72166696049545e-09,-1.08427743724518e-16,-9.39856704929739e-17,-0.000228311176742863,-5.6084237523448e-17,-5.64636438837135e-08,4.79356566531541e-17,-4.96515290347623e-08,-3.12574034371208e-17,-7.34731180291068e-08,-4.42765524535212e-05,-8.62789642782044e-09,1.02632413555746e-16,5.56005934101446e-07,-5.70341709442968e-17,5.42180963150271e-08,-9.50623029621716e-09,5.28159132083876e-11,4.27436768150889e-16,3.01399685815136e-07,-6.61523838524016e-17,-2.28765774016041e-08,-1.17073021696299e-08,1.76780065127725e-17,-2.98322100709731e-17,-1.62780415942548e-16,-6.54732914888321e-17,-1.84968525945705e-09,-9.43068143526834e-08,-1.01317973779461e-06,1.09731887083645e-16,3.13767889919888e-16,-1.3599055462735e-09,1.11191479647797e-08,7.7679264756789e-16,-1.02736065520662e-16,-2.36106048533931e-08,-1.79004839341672e-17,-4.63386767523968e-07,-4.79755326143791e-16,4.40162662962887e-08,9.44421813116451e-17,-1.79874260307437e-16,2.30315171186198e-16,1.01376591379558e-16,-1.40438879833957e-16,-2.93523411702513e-16,9.07436918957588e-10,-6.35193399616429e-09,-1.55407767672494e-16,-4.3177837846325e-09,1.83185642349538e-07,-5.36124723883556e-16,2.00680478648006e-17,6.54964523222395e-17,1.67265140551597e-16,1.75439702093167e-07,4.76924459795344e-07,2.40440039706307e-16,5.08538807597046e-17,-3.48842790305853e-08,-1.12834798409061e-08,-1.71627929868171e-10,3.12985538989722e-16,-4.9087975046663e-17,-3.71795744249446e-17,2.67749898858922e-16,7.63491372607272e-16,5.3971203449547e-19,8.75010919609712e-06,-2.57965202253125e-07,-2.31727759265783e-07,2.40764378233793e-18,5.607378191379e-16,3.5643625454925e-16,-4.93930584962032e-17,-7.87442213328791e-16,-6.23604056975967e-16,3.14560385133478e-16,-1.05201414225327e-16,1.49039181445781e-16,-7.1916509632263e-17,-1.6257805837712e-16,3.90777705387834e-16,-3.0841910747097e-16,-5.23966352093721e-18,8.25829828944465e-10,-1.60072966449338e-16,-1.11702478411759e-16,1.12225727632223e-16,1.18941085771154e-08,-1.47686000009568e-08,-1.99506269960503e-16,-3.08992560391936e-10,1.11848050326119e-08,-6.54814834788911e-18,-2.15455404532701e-16,-2.2188077966896e-08,8.2104360448129e-16,2.9386167479591e-10,-2.83169246063639e-16,-1.1208884872475e-16,8.62722457647199e-17,-2.92597147761821e-16,3.13956353498889e-08,-4.22358490303991e-08,6.16078328887622e-17,-5.60345681558308e-17,-2.7027137955225e-16,1.59130485573194e-15,2.42779971473817e-16,1.58623495601612e-16,-1.34947103987755e-16,3.04074945075967e-16,7.03962457684382e-10,-2.5323585991835e-16,-4.44677270719145e-16,2.26157005076887e-16,-2.08702090406751e-16,1.17560103592539e-15,1.0144718073707e-15,-1.71688409793302e-07,1.87833970836028e-16,-2.46744827627087e-15,1.19024524640641e-08,9.89933161517363e-16,-3.2814408299723e-16,1.15527616726397e-16,4.72073100122571e-16,1.52895819354693e-08,1.31589517901005e-16,-1.31219346088075e-06,3.39682511899688e-15,1.58960880840088e-15,3.16687159616081e-15,2.42561511088808e-15,1.07686486378672e-15,-8.80799630426755e-16,3.04186177986337e-08,9.47139141491304e-16,-2.85182755786708e-15,6.58428548648376e-09,-6.77217832880193e-06,4.43386827098696e-16,4.55254996976457e-06,0.386646017977995,-4.63134633157163e-15,1.39645768308147e-14,2.68621010466692e-15,-2.14284363107786e-16,-1.18700133063526e-15,0.00039579859431479,-2.81341827237731e-15,9.33988882813037e-15,1.05129806536236e-15,-2.00118906453323e-07,-3.76958075096024e-15,4.53280300732956e-16,-3.61249830726002e-16,-5.5125607430502e-16,5.47317805972359e-07,1.52487649639159e-15,-8.21511791044055e-11,1.11730690900383e-16,4.49903242684178e-16,-2.13885110551619e-15,-5.18385744824446e-16,2.32338178108604e-16,4.26711708926803e-16,-2.02630516198468e-16,4.78124098771221e-10,-1.67946973650643e-15,6.23282354821468e-16,-1.29874889517158e-10,-1.50441462442373e-16,-1.72629858347233e-16,-9.03164791280345e-16,1.93629656004163e-16,3.04735492283413e-16,2.36377166476608e-16,-3.64764374149768e-10,-5.03903441315063e-17,-3.84641408629972e-16,2.48460903523066e-10,7.14369699323088e-16,-7.14373619950669e-16,7.75343654653216e-16,-4.96408535846213e-16,5.08653012358004e-16,-9.62222443043202e-17,1.78609684823076e-16,-2.37262856198939e-16,-8.5795032386299e-17,1.16072372078034e-16,2.97101842082911e-16,-3.39048863866036e-10,1.19125544970236e-09,-1.89190155679509e-16,-8.63764143814377e-16,4.20294558364352e-16,-4.79097333792383e-17,-4.68592178948235e-16,-3.08652149121119e-16,1.53966556255061e-16,6.28997560380406e-16,-1.43050726007086e-09,-1.72845683307572e-16,3.01809020292262e-18,4.41349436926878e-17,-4.54511606893973e-16,1.91012488852841e-10,-3.08745625965603e-16,-3.40469843558877e-11,-8.2455812868979e-17,-3.43651012926696e-16,-3.43601369910966e-16,-3.95978146022807e-17,1.71760697488499e-16,-6.01100012387512e-16,7.77796154903728e-17,1.70187156656514e-16,-9.36781024240602e-17,1.01325259086275e-16,2.52637221787223e-16,2.31058750632351e-16,8.72715762992369e-17,-2.53842565245543e-16,-8.30328559200853e-17,-7.69418901287236e-16,5.02681960067046e-17,-1.39993988135332e-16,-5.61665178789287e-17,-9.2453648828399e-16,8.25104958315781e-16,-1.30664925095757e-16,2.00985689524704e-17,-1.40548204069323e-16,9.69309708236292e-17,1.67693841654227e-07,-1.20206039478529e-16,1.63429212074287e-15,4.26857740097597e-17,-1.21151609430281e-15,-1.78609232327198e-17,2.04083039466618e-16,-1.00495853057494e-15,-6.20787402102006e-17,-1.06807072568341e-17,-2.12223405911945e-16,-8.60314423867248e-17,6.57609163003609e-16,-1.9185203835114e-16,3.5871850165401e-16,-8.48192066037218e-16,8.82172391985409e-16,2.57875703258114e-16,-3.05331888823394e-08,2.05583606586718e-16,-1.68966579980922e-16,1.6863044006119e-17,7.45737953311686e-16,1.50029957599301e-15,3.7569246538894e-17,5.17061961006695e-16,-1.34018864281858e-16,5.09660170351707e-17,7.57617498109135e-10,1.55810431934454e-15,9.33312846526972e-17,-1.18088377970646e-15,-1.01070709944773e-17,-2.44350598641946e-18,1.86050008833082e-15,-5.07020791898478e-17,6.18503890270635e-16,6.58382442705842e-16,-4.65115710478511e-16,-8.33979825072965e-16,-1.68340679414426e-15,3.52136950094935e-16,6.34410287853453e-08,2.12642081605031e-15,2.25378804957013e-15,-1.21500955113637e-15,6.37814454029773e-15,-1.14160039097079e-09,-8.08558596504127e-16,-1.36505034927362e-14,-6.05057732856275e-14,-0.707106781186548,4.73357058573828e-14,7.83305503379953e-15,3.50232374442611e-15,2.13330163472522e-15,7.36548418702624e-16,9.60804263745191e-16,5.05792615197947e-16,-2.14855778446049e-16,-1.91195748209479e-16,9.5500480600536e-16,-6.41236219492952e-16,7.81388492366199e-16,-1.80521468399772e-16
"t675",0.0368600679102054,-0.0113496750715223,-0.0124495246202523,0.000758660435067829,0.00726070717051804,-0.0206135345907775,-0.00292686166044254,-6.46988079338764e-06,-0.0661060366439137,-0.0552715163027671,-0.0633574284734827,0.000882008077398346,-0.00192725925628601,-0.000426540064425819,-0.0129642789295349,0.000344184604731728,0.000235456705934632,-2.94095160604891e-05,-0.0142022495365459,-0.00618737400887043,-1.2266853727085e-05,5.37916289032438e-05,-0.0632834497117448,-0.00255318786167086,0.000238856112578838,-0.00179027463495946,0.0169460416504357,0.000123029060603054,7.27407172538381e-06,-9.47965565817892e-05,-0.203302979349109,-0.00718727727337862,-2.4744419037313e-06,0.00216132779568379,-0.00260575021915072,-0.000397021002363696,-1.77724530974819e-05,7.036530989197e-05,0.0217266109825244,-0.00209173392779434,6.4538303384691e-05,-0.0163902973878818,-2.40122138781359e-05,0.00143412914699728,-2.07397134441499e-05,6.04716633760768e-07,-2.77289671847602e-08,-1.252353885444e-07,0.000180032716156406,-0.000546719526882943,8.55340256620667e-07,-1.39894105300356e-06,1.89979297487941e-06,-6.97452827054957e-07,7.56280789994516e-05,-5.94148125784889e-05,3.53864655261878e-05,-4.5045379001857e-05,0.0003943361966632,-7.18432008236397e-07,-7.2913796015944e-07,3.99576939957271e-05,-2.51506632857059e-05,1.92167169995932e-05,-0.00440741307011622,2.44274248740429e-06,-1.99889077381019e-05,6.39506788169798e-05,-1.57513514568073e-05,7.33783236354407e-05,-7.69571814582142e-07,2.71195335999823e-06,-9.94506303012203e-06,-7.54827053342921e-06,3.2496789821275e-06,3.02687182056448e-06,-3.22485971890239e-05,6.22191932228617e-06,-0.0269546302066273,0.000499811249850099,-9.4590209929451e-06,-0.000634083570333454,0.00310108540318595,-5.19673578276464e-06,6.4759412090613e-07,9.39836123297374e-07,-2.59277204871266e-07,-4.75479008688132e-06,-9.0408330095893e-09,3.7855948074525e-07,-4.34817889538607e-06,4.5982750246365e-09,3.2788184631476e-06,-3.38678078046553e-06,-7.90308008325547e-07,-9.36621535219639e-07,-1.10133641175223e-07,6.01006939737267e-07,-6.78795241683212e-06,-0.000143131858676783,-3.05367624335401e-06,2.0284092472647e-08,-4.26752791133175e-06,3.74535114143551e-06,-0.000396988513352989,9.21487593327105e-08,-2.40153339623387e-05,3.05581543033413e-08,-5.14888368174347e-05,6.61729592066449e-09,2.09444103900926e-07,1.5950521679405e-07,-3.69664048922536e-08,-6.0722648835843e-07,1.04504997909336e-06,-5.67557937081491e-06,0.0181255819157031,0.00701248284996304,-1.45837540545304e-05,5.50322777722335e-06,-3.03883852193202e-06,5.34656024266197e-06,-7.09565648108119e-05,-7.01529414966533e-05,3.40385272382411e-07,-6.68066736506958e-06,6.89626384558703e-07,-1.55672174124971e-05,1.24436317079418e-05,0.000432246403069928,3.1555266005903e-06,-1.07088607775782e-05,8.59809057008882e-07,0.000102199092685426,-1.98211008794948e-08,1.29936635914884e-05,-3.22497885091545e-05,-1.05472430893724e-06,8.97618458253702e-05,-2.55892960374755e-05,-0.000552846201011836,1.30730754358422e-06,1.86588981099855e-06,1.90128048823928e-07,1.100518404345e-09,-1.41754116723689e-06,3.31917383574125e-07,-0.00422580345530331,-0.434181782270093,-1.35242035048569e-06,-1.57467716577111e-06,-6.52430262090372e-05,-8.19374703695754e-07,0.00018199001315819,-3.59985340471462e-07,-6.51385069037476e-06,3.91679641323886e-05,-3.00313958570857e-06,-1.69664246780319e-05,-2.35093293733901e-06,-2.2473143712264e-06,3.28022286907124e-07,-0.0018419593612271,-1.59311187071903e-06,1.81866695298217e-06,-1.23562646998267e-06,0.000315074734554995,4.2387259853036e-06,0.000267112422455828,1.0364289993455e-06,-2.1779350212471e-06,-3.88059723053522e-07,5.02432147185476e-08,0.000252871192547215,3.22048667506649e-07,6.6125438803995e-07,2.90858017914303e-08,-1.19121386990064e-06,-5.63437783453098e-05,-6.48867691276163e-06,2.72117845506266e-05,8.61068031297061e-06,-1.96403214254561e-06,-8.72566335896192e-09,-3.02541922093811e-07,-3.06267680195411e-07,-0.00454220832394722,-0.000105202214626375,-0.000467543863068767,-3.50402016252172e-08,-0.00358210310181554,3.22462546458545e-06,1.43760641059641e-06,2.58765972602604e-10,2.80701245243974e-08,-6.52236096589536e-06,-4.23452600690921e-06,-7.07609117575096e-08,7.78819751854966e-06,1.50432450232103e-06,6.26585485477581e-06,5.11467824976494e-06,-2.51976290581914e-06,-2.28341071635613e-07,-2.60560955842269e-05,-1.2051480826274e-06,1.6516552103636e-05,8.74213453789033e-07,-4.69745985181784e-05,-9.90296898326345e-09,-0.000189969630680335,-1.19046869960003e-06,-2.54728661933063e-06,-6.95544749425175e-05,1.1112175052782e-08,-1.87238381396333e-07,5.38163122238498e-08,3.41973951293637e-08,-0.000197387012510368,-3.77927831383927e-06,-1.72804835597034e-06,2.03687514112898e-06,4.47849748156728e-07,1.89837413571968e-06,-5.6797015365802e-06,-3.25268352041486e-07,-3.08439032682072e-05,-1.87946755894473e-07,-0.0007156645302623,-9.41087160526653e-06,5.35493040694389e-07,1.13540120860112e-07,3.49793245654965e-06,1.29323931331718e-06,-1.30853803019949e-06,-1.34881599336836e-08,-5.93712158984843e-06,-5.43266373307063e-17,-5.58475716546361e-08,7.97220323203989e-07,-1.61443210136192e-07,-4.13249321459206e-07,-5.54019378680351e-06,7.65970566312059e-08,-1.07618918351746e-06,4.79382376602487e-07,-9.85787518345186e-05,5.8919346958387e-08,-1.18911627816885e-07,4.79001073113558e-05,-3.1230569860382e-08,3.43663441416964e-06,-5.05158534799505e-05,1.21376883907298e-08,-7.9516479343936e-10,3.78918870387574e-08,-3.59408155817759e-08,5.66532748678959e-07,0.000272488060073486,-0.000277798593590776,5.1314570460036e-07,-1.6063651279143e-05,1.09148044467276e-05,-6.61698643645871e-07,1.16256888425202e-05,-4.33733807520054e-05,8.86071129342095e-09,7.70934551096098e-05,3.74382154401853e-07,3.07502418625575e-06,8.124085748347e-09,-4.33426479172506e-06,2.25161395955745e-07,-2.82118969563525e-07,4.46962098669437e-07,-8.6515430271354e-07,6.7458172988923e-07,-4.94659047108462e-08,9.55080069308834e-06,-4.15925364451698e-08,6.84722442501757e-06,-2.16355466514738e-16,-1.70811953254763e-05,-0.0001639450511674,-1.79611999026792e-11,-1.58894803261201e-07,2.35788034995245e-07,-1.46778569332843e-07,-4.17678170973457e-08,5.01723332866064e-09,-2.24492458052264e-07,8.49226869424851e-06,3.17702450344908e-06,-2.58109556801514e-08,1.39108880082588e-05,-4.7004803514949e-05,1.3033598425116e-06,-0.00221890882539697,3.011986169712e-07,5.31838820684604e-07,8.23236619563371e-09,2.74184197232112e-05,-4.4420520221243e-06,2.03640717441665e-08,-6.75278185018272e-06,8.55488126787526e-07,-3.19023567807759e-06,3.10172541430941e-06,2.83861103181392e-05,1.51995495589461e-06,-5.02437946138688e-07,-3.80912863155301e-06,4.79172672373374e-07,-2.91319902752542e-06,9.49367690566424e-06,5.44392486554746e-05,-0.085845820040299,1.56930727527469e-16,-7.84214640567698e-08,-3.72169876075732e-07,3.09778733305799e-08,-1.64954027127952e-05,-1.76564062173651e-08,-4.28804293194939e-06,-0.000699265923787917,8.28232563141681e-07,-3.16092507956857e-06,3.35171614425029e-16,0.000169964577782883,4.80197248629979e-10,3.14890801640743e-07,-1.32544177672723e-08,-1.77241484487913e-07,9.02446867010504e-08,9.23969630791e-07,-1.52527316483373e-07,-2.4780843373074e-09,1.01794216695453e-06,-4.8142032361232e-09,-5.36862653445002e-07,-7.76595247561144e-10,-1.28300477704522e-10,-1.85297739711669e-06,1.0918850537889e-08,-3.88880846266192e-06,9.7353794709368e-17,-8.14109227866859e-08,6.7069511809582e-09,1.93379381888678e-10,1.9377164039822e-09,-2.99641113509857e-06,-2.78945821699415e-05,7.19678823628803e-08,-2.67135477927433e-07,-1.57656176757961e-07,-3.7088686198814e-16,-2.95740468351585e-06,-1.06101956833069e-08,-6.95138013503163e-05,9.1267683820356e-17,7.35037481390439e-07,9.54385126707438e-08,-1.47825020561113e-08,-1.03045517381544e-05,-2.00801902286529e-06,-1.86933320048056e-06,-3.5436414287784e-07,1.92030584162747e-06,8.10969099639194e-08,4.55973726526038e-09,1.08241407273577e-06,3.28441567940918e-08,-6.93129214104453e-17,-1.36051187008587e-08,5.06843054598281e-07,2.21754185287643e-07,-1.42299555811825e-06,-9.02200442836228e-17,-3.02383760363245e-08,5.78129729543941e-09,-6.66178286935737e-07,-9.58396028997827e-09,-3.50244764480897e-06,3.46292029832531e-08,-4.69116147213365e-07,2.64736558988156e-06,-2.76822506350001e-16,9.92832698461618e-06,-4.7213966194163e-08,1.3797790890428e-07,1.49658383845304e-05,-1.96892590942371e-08,-0.000201987860244091,2.86229373536173e-17,-8.47633590605207e-17,-2.05865115871419e-06,-2.71053926177676e-08,3.5801120619572e-09,-3.99657430265479e-06,1.24758899911312e-15,-2.36086524913338e-05,-0.000167145043255553,2.06103368305221e-16,1.59374518516686e-16,-4.76903721544948e-17,4.95730254454696e-06,1.3547200356916e-07,-1.49916894358219e-07,4.59283603807277e-06,6.52767481036844e-07,1.21960043391736e-07,-5.29725473793735e-08,-3.97140798666039e-17,-1.18165565364104e-08,3.34014025438287e-08,-5.92453337601588e-16,-5.56950362803823e-16,-2.14976138877789e-08,-1.24896783136036e-09,-1.28993501602752e-08,3.27426227424637e-06,1.2892685658046e-08,-5.17604661567377e-07,6.12804044644823e-16,-1.82643779586749e-07,-8.16654290417362e-16,-1.01712075912665e-05,2.37602906100198e-16,-1.45730419401967e-08,1.40859765644704e-16,6.02973530923455e-08,1.58985935386404e-08,1.22291169779489e-06,9.91851674035066e-07,4.38733843978955e-08,-5.07384255572362e-09,3.2358059713284e-08,1.22966069770661e-08,5.89340344192306e-06,1.97163730658912e-07,1.15875352790254e-08,-3.29831395649213e-08,-6.0734600758859e-06,-4.2279122048638e-05,-1.60095616479864e-08,-1.40398426657548e-16,1.51801199750184e-07,-2.64626796403458e-08,1.41418772373107e-08,4.72086417981419e-17,2.65664207984757e-07,7.68748900118382e-07,2.47810498049221e-07,-1.77275608392131e-16,-6.02677655114312e-08,-3.44499369215662e-06,-6.17642463788324e-16,-4.3222496025101e-08,1.01153897801854e-07,7.75677547872763e-17,-4.67089325090415e-16,-3.79771239361742e-09,-2.14964280920174e-06,-1.23551736668433e-08,-1.73258685389711e-05,4.99401751837475e-07,1.32944804697481e-08,0.000113107577631699,1.20932908375515e-07,-3.12583814397387e-06,-2.57335385639434e-16,5.84729349810098e-10,4.27744743911549e-08,1.19020429930279e-07,1.90485653491513e-05,-5.00392567769316e-16,-1.58094469168122e-16,1.61332399017456e-06,1.70762499246967e-16,-7.33112592486075e-16,1.82266850735627e-07,-2.72821686834698e-07,-5.10968699499912e-08,-5.07261058271347e-07,1.36921377509309e-06,3.58111922600972e-07,4.6133477393431e-07,4.12944274791209e-17,4.60161368840472e-05,1.27306920105292e-07,4.9255031842921e-05,-5.83066825599731e-08,2.49094092640457e-07,-8.6559978124876e-17,-1.94598167002696e-16,1.29456950551041e-15,-2.626944622225e-06,-1.28363662090849e-08,-8.36798898360301e-07,3.26189597653495e-16,-1.06712677120122e-08,6.50164981534662e-16,2.166888687369e-16,2.85198637278715e-06,-7.20376824400991e-07,4.18393618362156e-16,-7.22436685581597e-06,-1.12039220258799e-07,-3.00974810007607e-15,3.73414533611363e-07,-2.09027799717512e-16,6.07259494949628e-05,7.05427584067871e-15,7.11137747565367e-05,3.99259598170636e-06,1.7625782485387e-07,0.00193984348675739,0.207594346233109,2.06892234021303e-07,-2.5055599067008e-06,2.43197502029573e-16,-7.96950867834508e-07,4.26980492692903e-08,-1.97173554851836e-16,5.26262595628099e-09,9.56619799110938e-08,-2.01847012502588e-08,-2.86160110447218e-16,-4.83354540743578e-08,-6.06564771907373e-08,-3.15458959477751e-16,1.57309026772206e-06,1.15596701766707e-06,1.4067131670593e-09,-1.00488073142702e-15,8.66151738363498e-16,-2.03381205672088e-08,-0.00297896005845007,-4.43883962720476e-08,4.15085391057463e-09,-3.12686529258832e-06,5.43590587610369e-16,1.00780321536746e-15,-1.09006108038978e-06,-1.91961161032606e-09,1.64152413685865e-15,-2.40458615479805e-05,1.33276181023052e-16,-6.40050304284123e-09,9.67600330299429e-08,1.28414259091976e-07,8.24789489940033e-07,1.09617327305479e-16,2.73101728108854e-17,2.18070846800681e-17,-1.53167786123539e-16,4.71521133572825e-10,1.59376001691149e-09,-3.91077543302424e-16,3.57758169634717e-16,-3.76813077330859e-16,-2.03846943131857e-09,-1.75552334145595e-11,8.57544311980057e-10,-2.09524644977652e-17,9.73647432209873e-16,-8.46084270353376e-17,2.30330872383218e-08,-6.91916514253914e-10,2.08319005130007e-16,-9.68832521804663e-11,2.290383432824e-09,-3.20468789377425e-16,-6.28117290133692e-17,2.12647743853684e-07,1.20291294797931e-11,8.47122136544387e-08,1.55200023648965e-16,-3.58838998620254e-10,-4.26521178642918e-09,-2.40258579896718e-09,-1.39743583132812e-09,-2.40026427415626e-10,8.55682165861182e-12,-1.47158837552799e-18,-8.96197054330059e-16,4.41145479993122e-17,6.05224301880838e-10,-5.53448167570685e-10,-2.33665449870791e-08,-2.38768843207249e-10,-2.24098752103895e-16,-5.07300935119732e-16,2.8210081485618e-16,2.95535575547338e-16,3.70820143465347e-16,1.41145006977581e-09,-1.29765198412199e-16,6.30675326679218e-17,-0.000116746943861604,5.82800083931364e-17,-2.88504968028668e-08,6.30777364592496e-19,-2.53368680244131e-08,-1.99307590883278e-16,-3.65235330445178e-08,-2.18659800887734e-05,-4.21728264852787e-09,7.52063106839174e-17,2.68232743735835e-07,-1.85535034484139e-16,2.53673261019577e-08,-4.25492158359663e-09,2.35916939661786e-11,4.0274476359998e-16,1.3200516014126e-07,2.053076436658e-16,-9.69075332878612e-09,-4.9508532273958e-09,-6.60247339894234e-17,-4.17457481161417e-17,2.56011816806393e-16,2.06736533264922e-16,-7.59141976616248e-10,-3.83854393117062e-08,-4.08351145816408e-07,-7.39396362652373e-17,8.8025928047409e-17,-5.21069331304517e-10,4.25030203675576e-09,-3.82083339787058e-16,6.9168940949748e-17,-8.3914878119087e-09,-1.28329719093691e-16,-1.61893581308846e-07,8.08680800109904e-16,1.45782683012765e-08,2.94848839877095e-17,6.13786337323807e-16,-4.59791695771705e-16,1.04001662012661e-15,-5.63006925218735e-18,1.2167320351482e-15,2.64009426577943e-10,-1.84447770356845e-09,1.53386580861447e-16,-1.18789845151303e-09,4.91917751056034e-08,7.63118570275771e-16,-6.4214688260796e-16,-1.31132895387043e-16,-3.72651036400338e-16,4.18812922258366e-08,1.10363755585202e-07,-3.64965709961193e-16,5.85853415768766e-17,-7.78225131831953e-09,-2.50483388494233e-09,-3.74604251775672e-11,-7.93003632627191e-16,-1.85944692550555e-16,-1.87613845196991e-16,-7.51243063933956e-16,-1.22673703040001e-15,1.47670426012756e-16,1.33220596123374e-06,-3.75308639507338e-08,-3.21320158218367e-08,8.13817751623168e-17,-1.65731424683286e-15,-2.1606489958783e-16,3.08258902491807e-17,3.7568819687733e-16,-4.44179405324303e-16,-6.2798841212219e-16,-6.39152260652113e-17,-3.13823397632945e-16,-5.52815264153185e-17,2.59259519655917e-16,-5.86158380773081e-16,6.88532597164941e-16,1.46941122879095e-16,3.52577913936004e-12,3.47808376240674e-16,3.97258061633178e-16,-2.52448226116379e-16,-2.0038795159541e-10,3.22699330305636e-10,6.90923000828127e-16,7.71735150684600e-12,-5.88977206264305e-10,1.26944916720831e-16,3.49446427653995e-16,1.98215504000551e-09,-1.90577403783484e-15,-4.0537502720309e-11,5.36115944027459e-16,3.4065874876551e-16,-1.61175867465286e-16,-8.63103985693139e-18,-7.03793985504852e-09,9.73547786781496e-09,-5.28403669464021e-16,6.18066555157973e-16,4.62577731265851e-16,-3.81172453043001e-15,-2.1315414711065e-16,-9.86828068192523e-17,-4.50665586059232e-17,-2.78797423531603e-16,-4.8005309575786e-10,2.77526132084744e-16,1.00320117224586e-15,-4.50997580805619e-16,4.13105105644505e-16,-3.47619744245969e-15,-1.26120462659387e-15,1.42033683990709e-07,-5.29477841128026e-16,4.78699019086415e-15,-1.01988413332216e-08,-2.11762349108976e-15,5.05154574795417e-16,-1.43671378113299e-16,-9.26958283470937e-17,-1.97905307687965e-08,-2.78879190113159e-16,1.83161126521178e-06,-7.68492344482057e-15,-3.68490461262185e-15,-7.70664361341885e-15,-4.23991563819353e-15,-1.99778047842869e-15,1.53671721977773e-15,-4.96997022158562e-08,-2.60522000525623e-15,5.34399287304077e-15,-1.21919056723679e-08,1.26208222062487e-05,-1.00751475417731e-15,-9.4903314408335e-06,-0.8356271217839,1.03845855927471e-14,-3.10690860195954e-14,-5.96592778073329e-15,3.60967475220502e-16,2.49608013853944e-15,-0.00158608536133485,6.03429268776107e-15,-1.42989936927421e-14,-2.76287773780261e-15,9.80221340773219e-07,8.12608819385499e-15,-9.15524881509575e-16,8.37100154104132e-17,1.3902323805672e-15,-3.67690972272855e-06,-3.01915795466043e-15,6.18793256568739e-10,-4.69619902761467e-16,-1.21869724558619e-15,3.97120058323679e-15,1.13641484861656e-15,-6.82867918345143e-16,-8.15272990771304e-16,4.3237759615036e-16,-8.78555699175456e-09,3.34310551986444e-15,-2.36340812439693e-15,3.54905224379636e-09,5.98767034264962e-16,-2.66881713961559e-17,1.79938568300834e-15,-5.10068845284319e-16,-6.05395092265396e-16,-2.59040041291657e-16,-2.31082336362068e-08,1.3223743691271e-17,5.81053461568367e-16,6.6049856299052e-09,-1.06825398834839e-15,1.00544022922361e-15,-1.85197200843212e-15,1.60857211133399e-15,-9.01139394802491e-17,-1.25143524477074e-15,-3.44831866801035e-16,2.51201842737684e-16,9.75144406673023e-16,1.13895095118713e-16,-4.52717582158268e-16,-3.06336340422969e-09,1.00326646336446e-08,1.21114493183831e-16,9.10539065694756e-16,-6.16612065343092e-16,5.8442916073296e-16,1.58044150683212e-15,7.22989067964732e-16,4.57285970964421e-16,-6.05162075501655e-16,-9.01871736268503e-09,6.7443659688297e-16,-9.62332056578276e-17,-5.67665341551659e-16,1.58321718299823e-15,1.00609274491137e-09,1.0398821790395e-16,-1.53014293606213e-10,1.68315152428394e-16,4.2352557949748e-16,1.54516774337028e-16,2.13604001085769e-16,-4.6637524883521e-16,7.58047874943156e-18,7.04263890942407e-17,3.24020730581005e-17,3.01926865281685e-16,-4.80286498745456e-17,-1.99915101105218e-16,-2.8112031324004e-16,-4.06339572094544e-16,3.58936235819539e-16,6.79919246968306e-17,1.16840237313817e-15,-1.06479316073189e-16,3.8594125204613e-16,-3.57299230592579e-17,1.5567917323624e-15,-4.41920805505092e-16,5.3663279772128e-17,5.62313200687433e-16,-1.87460823227329e-16,-8.50406541369519e-17,5.18316278928185e-07,6.77409480584245e-16,4.2903574514998e-17,7.63934463222335e-17,-5.05970442096489e-16,-1.31743661401355e-16,-3.88057280408886e-17,-4.32200199256776e-16,-3.97018668930193e-16,-1.30321317478865e-16,-6.20707535270542e-17,6.89552581700781e-17,-1.76919200994553e-16,2.67566782093797e-16,-5.188211122661e-16,-1.8118061130971e-18,-1.56554731246025e-15,-7.27544334154174e-17,-8.0670167748806e-08,5.47812102592905e-17,8.25129086054386e-17,-4.53443791457361e-16,3.22922747962693e-16,-6.85853002992517e-16,5.91013221571255e-16,-1.16976776033588e-16,-2.65108138341927e-16,3.62330024920371e-17,1.77519534537234e-09,9.72589882197394e-16,-1.21169836708189e-16,1.35662313480058e-16,-2.09551508175519e-16,-1.99532836065925e-17,-3.09052316232263e-16,-3.02212378850136e-16,4.75405497788619e-16,-9.97280989972644e-17,2.69865553629211e-16,-5.12363422669867e-17,7.49173425373441e-16,-1.07337518092078e-16,1.35422093831327e-07,4.41357409953457e-17,-8.93915361619722e-17,2.8786916796078e-16,-4.37855047358271e-16,-2.34922292416584e-09,6.37136880493443e-17,-6.03829454620526e-17,-1.55153216228781e-16,-9.57564351913297e-16,1.39764100124504e-16,1.63812830957625e-16,2.03343543560936e-16,-2.67225784552493e-17,8.62390573517724e-17,1.69094170554198e-16,-1.2709378165046e-16,-6.37915981150349e-17,-4.931756981672e-16,-5.55428570658569e-17,2.8674462284292e-16,2.49904489064902e-16,-2.06027618694768e-16
"t485",0.0368383321852133,-0.011335578412827,-0.0124335623396541,0.000757357236178744,0.00724544177293854,-0.0205627049550107,-0.00291950311141449,-6.45232411696837e-06,-0.0658942744207406,-0.0550569699892585,-0.0630457433683418,0.000876668237680728,-0.00191525225528252,-0.000423842724244722,-0.0128787470556655,0.000341780819774484,0.000233773301011154,-2.91954707488781e-05,-0.0140965096081993,-0.00613736067982559,-1.21596759174288e-05,5.32253979684096e-05,-0.0625803678187232,-0.00252466157491792,0.000236177027514016,-0.00176924762177898,0.0167446805465604,0.000121554195388507,7.18455808227595e-06,-9.34217791668983e-05,-0.200161588161858,-0.00707124074980027,-2.43165223779546e-06,0.00212220834115566,-0.00255621825496104,-0.000388881919321422,-1.74035729427887e-05,6.88820409380217e-05,0.0212655667019302,-0.00204669850341901,6.31096077450638e-05,-0.0160188392416098,-2.34600636906038e-05,0.00140111255215661,-2.02540770365424e-05,5.89671647294546e-07,-2.70265810646117e-08,-1.22036480867389e-07,0.000175326481301685,-0.000532072284509452,8.31679050513552e-07,-1.35967097117351e-06,1.84634955973655e-06,-6.77476409497498e-07,7.33858664964896e-05,-5.7644211240101e-05,3.42337771103011e-05,-4.35435900813117e-05,0.000381153199173888,-6.93056083292959e-07,-7.0233348056938e-07,3.84601352863156e-05,-2.41934002208926e-05,1.84824841483288e-05,-0.00423420227638223,2.34433815322315e-06,-1.91400467970357e-05,6.11719134799145e-05,-1.50597336336292e-05,7.00958525454764e-05,-7.31778423737766e-07,2.56967396300553e-06,-9.4181547654781e-06,-7.14026370397804e-06,3.07358707321776e-06,2.8614489147435e-06,-3.0480205982814e-05,5.8750803859347e-06,-0.0253965287498523,0.000470502886251608,-8.89085368450463e-06,-0.000595800156171962,0.00290681982898128,-4.86762825160103e-06,6.04675795822829e-07,8.76792909172588e-07,-2.41673790936158e-07,-4.43133912234239e-06,-8.4255061728542e-09,3.52761564864461e-07,-4.05050864645854e-06,4.26995372610275e-09,3.04382107016069e-06,-3.13787210983476e-06,-7.29738923941942e-07,-8.6439417703335e-07,-1.01638267032577e-07,5.53921664516271e-07,-6.25311189382035e-06,-0.000131611366127013,-2.80366336278221e-06,1.86208788244407e-08,-3.91701576565433e-06,3.41428260462651e-06,-0.000361709880022171,8.39260585216919e-08,-2.1856678639458e-05,2.78058081500979e-08,-4.68346233012846e-05,6.01589770303479e-09,1.90375790007532e-07,1.44832056049173e-07,-3.35616107865428e-08,-5.49781020886243e-07,9.45627836637262e-07,-5.12899290132386e-06,0.016370489870341,0.00632335546332824,-1.31303412024314e-05,4.94900745365517e-06,-2.7309920244807e-06,4.79392716471533e-06,-6.35277897437622e-05,-6.28047216158168e-05,3.0466611354986e-07,-5.97046112468391e-06,6.16235188251411e-07,-1.38921626028953e-05,1.10626567188468e-05,0.000384260063667337,2.80434491328465e-06,-9.49275888211506e-06,7.61786136419552e-07,9.05148854324004e-05,-1.75288035924e-08,1.1488571888473e-05,-2.84240019563238e-05,-9.27222955870827e-07,7.86340327602166e-05,-2.24147482089461e-05,-0.000483969075038473,1.14408229056905e-06,1.63211265445278e-06,1.66275401976995e-07,9.62449583370351e-10,-1.23801457971174e-06,2.89094226230051e-07,-0.00367039536153119,-0.376854447561385,-1.17205442460151e-06,-1.36450316558641e-06,-5.65018399965553e-05,-7.09350947433411e-07,0.000157490913761396,-3.10399880813381e-07,-5.61335349188967e-06,3.37393585931668e-05,-2.56265954070473e-06,-1.44444541945459e-05,-2.0007669498022e-06,-1.90881912862704e-06,2.78502146694069e-07,-0.00155991962606872,-1.34875806469239e-06,1.53588637678374e-06,-1.04098255017997e-06,0.000263574690467242,3.54500302034452e-06,0.000223381596144478,8.65906722610493e-07,-1.81753097943748e-06,-3.23790519355115e-07,4.18273859852606e-08,0.000210365004354264,2.67501555846706e-07,5.49045804473173e-07,2.41455197514874e-08,-9.85324083657252e-07,-4.64308063311615e-05,-5.34360862501159e-06,2.23957978039295e-05,7.07375398319596e-06,-1.61232737305879e-06,-7.15815721598503e-09,-2.48029434244085e-07,-2.50529662685484e-07,-0.00371352530966465,-8.55996333150971e-05,-0.000380364922879633,-2.8460764464696e-08,-0.00289657198676278,2.59780680632418e-06,1.1566603389988e-06,2.07793876917014e-10,2.25083102020699e-08,-5.20743287349925e-06,-3.37764575490649e-06,-5.6329174142836e-08,6.1935624342803e-06,1.18701221762037e-06,4.94234760643001e-06,4.02087414158428e-06,-1.97436389086821e-06,-1.77490184080498e-07,-2.0252727182748e-05,-9.36033449396911e-07,1.2799096149768e-05,6.76374109593366e-07,-3.61901716384678e-05,-7.58917401199492e-09,-0.000144960490939683,-9.07204785360003e-07,-1.92947898206805e-06,-5.25070793423064e-05,8.38789513785967e-09,-1.40960716272476e-07,4.02414957076779e-08,2.55378279721813e-08,-0.000146369517653575,-2.78870723230509e-06,-1.27293477706056e-06,1.48979149875201e-06,3.27003538806544e-07,1.3835266106148e-06,-4.11557860267989e-06,-2.35417721575376e-07,-2.2317316166049e-05,-1.35125401725634e-07,-0.000512524222546712,-6.71015781965392e-06,3.81055997640262e-07,8.06273179060056e-08,2.47911183215811e-06,9.16057749428573e-07,-9.22134773950982e-07,-9.47450743303806e-09,-4.1557442552344e-06,4.34003266844319e-17,-3.88922915722284e-08,5.54616315008626e-07,-1.11515661191584e-07,-2.83866449336356e-07,-3.78808516038627e-06,5.23583410890991e-08,-7.29273017636129e-07,3.24372330164801e-07,-6.66576150125703e-05,3.9710716418984e-08,-7.99671706064598e-08,3.2081638017424e-05,-2.08791201884189e-08,2.29583083133336e-06,-3.36081260995745e-05,7.93436377203424e-09,-5.16498341058408e-10,2.44810986742986e-08,-2.2947501062263e-08,3.61412114123681e-07,0.000172371345916555,-0.000174893046622317,3.20842764801112e-07,-1.00214204044213e-05,6.79335179404231e-06,-4.10497984349729e-07,7.17720489990046e-06,-2.6761938171424e-05,5.39889407967906e-09,4.69599015008666e-05,2.27972592975236e-07,1.86600149222668e-06,4.9235197052962e-09,-2.61588650110963e-06,1.35788055622436e-07,-1.65830928659208e-07,2.61966791145739e-07,-5.05903250836453e-07,3.92367871928953e-07,-2.86481730769894e-08,5.47723305289145e-06,-2.37838091761807e-08,3.90645454707017e-06,3.15926948897375e-16,-9.66774980766225e-06,-9.26928302379079e-05,-1.01199227517074e-11,-8.87901427337489e-08,1.30813151817693e-07,-8.1151255718702e-08,-2.30531608023656e-08,2.70746720300335e-09,-1.2096400371446e-07,4.57408034741676e-06,1.6995699124751e-06,-1.35369399101701e-08,7.27029882847242e-06,-2.45063263548935e-05,6.74011137534668e-07,-0.00111120746796439,1.48739419949585e-07,2.62418215575334e-07,4.06098672294313e-09,1.30444997611662e-05,-2.02088072707885e-06,9.20951050637932e-09,-3.02708982609235e-06,3.79344617417074e-07,-1.40985914183805e-06,1.33163091097234e-06,1.21594980761432e-05,6.48412268592929e-07,-2.13733511278561e-07,-1.60521764314397e-06,1.99808487484762e-07,-1.2027638944714e-06,3.90248357326171e-06,2.22105672890319e-05,-0.034458103359608,-7.80943004530386e-17,-2.82345998992983e-08,-1.32417353060841e-07,1.08242490121373e-08,-5.76067739843324e-06,-6.16260075748396e-09,-1.48991502836526e-06,-0.000240888646513938,2.8238018357376e-07,-1.05481123890604e-06,2.22898306087183e-16,5.38582582417199e-05,1.51150388256366e-10,9.76879853417433e-08,-4.10469723596854e-09,-5.28811368025446e-08,2.63557489369734e-08,2.61540144154164e-07,-4.2224293642246e-08,-6.52289648301271e-10,2.55037592603703e-07,-1.1667752405022e-09,-1.27624264342659e-07,-1.82367215636103e-10,-2.94660025139436e-11,-4.2450569773342e-07,2.46127097808347e-09,-8.65448407143668e-07,3.05119964637347e-16,-1.63544689327259e-08,1.31681297338643e-09,3.79586807524916e-11,3.55070721969603e-10,-5.4311572331667e-07,-4.36995920291366e-06,1.0762543925296e-08,-3.95724930366748e-08,-2.25100839871605e-08,-1.52927628907228e-16,-4.04078270320237e-07,-1.42531442505011e-09,-8.73791525798019e-06,4.12141836292216e-17,8.54670382473791e-08,1.08838875485168e-08,-1.66865649569027e-09,-1.13843930823144e-06,-2.13735813227615e-07,-1.93285801657026e-07,-3.5794843316002e-08,1.80335388364371e-07,7.54723350377809e-09,4.01938006802859e-10,8.59961575858173e-08,2.59476844962297e-09,3.18380346460653e-16,-8.40090183859415e-10,2.97623866292556e-08,1.15365094653736e-08,-5.94644939517051e-08,6.6893705419643e-17,-5.87215797899529e-10,-3.59136996942559e-11,1.19351822854989e-08,2.24341190350239e-10,1.0515562530813e-07,-1.46788063752612e-09,2.94164393620823e-08,-3.02564994107163e-07,1.67092871903668e-16,-1.60296269173483e-06,7.82036098492854e-09,-2.40645269243882e-08,-2.79359520805907e-06,3.69389704576396e-09,3.85985831235374e-05,-3.8597597340484e-16,1.47531621907395e-16,4.35029117555919e-07,6.21092955829401e-09,-8.28346365962938e-10,9.89408873881583e-07,-5.36511558496621e-16,6.69642871856599e-06,5.01352509783046e-05,8.5466431481956e-17,-1.47367440454484e-16,1.75019120939606e-16,-1.74589983793188e-06,-4.86315796888214e-08,5.73667672345345e-08,-1.85100998371794e-06,-2.64647796587441e-07,-5.21348515659544e-08,2.27802279241097e-08,-3.17432792247362e-16,5.62177833657652e-09,-1.64396571316314e-08,9.59255145019491e-16,6.02507696883264e-16,1.20012060711073e-08,7.17662218234297e-10,7.69788964964898e-09,-2.00316846591212e-06,-8.26382498607592e-09,3.34233424077751e-07,8.71439326497048e-16,1.19131662630948e-07,7.35787686819627e-16,6.82702441060762e-06,-1.43046924132306e-16,9.98698819163631e-09,-1.45147480036582e-16,-4.24134151663275e-08,-1.12416880767319e-08,-9.25235668022524e-07,-7.61068197078549e-07,-3.38626026368284e-08,4.01628488873704e-09,-2.61741216032556e-08,-1.04497036489444e-08,-5.01040176034838e-06,-1.7014205077286e-07,-1.0273438373341e-08,3.03035451463696e-08,5.74717610797982e-06,4.09365639798999e-05,1.56758726693633e-08,5.34039544132056e-16,-1.53833286267974e-07,2.77059430246258e-08,-1.62027552432767e-08,-2.32009219040829e-16,-3.12252659429674e-07,-9.386630894443e-07,-3.07500633474253e-07,-3.5142506559688e-17,7.54050431917617e-08,4.45300523118626e-06,8.13890495446607e-16,5.67662986876638e-08,-1.45999192821655e-07,-1.63427407120981e-16,-5.02943255843345e-17,5.68439400035923e-09,3.22805216299397e-06,1.88376245871086e-08,2.68907908399634e-05,-8.06789782102756e-07,-2.15516524818932e-08,-0.000184255327557458,-2.07714327600265e-07,5.60475395588782e-06,1.91605628932501e-16,-1.06557860162668e-09,-7.81670975874786e-08,-2.19635640884109e-07,-3.55666815421676e-05,1.91430967877138e-15,6.15107066352796e-16,-3.06115012410584e-06,-6.42869150786403e-16,3.52299620485589e-16,-3.82589883719968e-07,5.82762737578504e-07,1.09185900448651e-07,1.12619363948099e-06,-3.055660016858e-06,-8.00081980890707e-07,-1.03811466669387e-06,6.68251857831499e-16,-0.000111788379631416,-3.14399465590409e-07,-0.000122304679113886,1.48769091310689e-07,-6.68141357260163e-07,8.81271844596564e-17,-2.89823651274734e-16,-3.87000566419782e-15,7.58018458549017e-06,3.82457452564679e-08,2.49934323579268e-06,-1.58167761055133e-15,3.28840136427118e-08,-2.66402403550464e-15,-1.65310783103504e-15,-1.01223302959708e-05,2.56143140967349e-06,-3.24555920333536e-15,2.66246924931259e-05,4.21717592611432e-07,1.43585628498378e-14,-1.46843442320862e-06,2.23043947463216e-15,-0.0002520196479168,-2.94310479319023e-14,-0.000296581617622902,-1.67147508286328e-05,-7.41080428612064e-07,-0.00820537333481253,-0.890137973049406,-9.34429079444218e-07,1.21960610681915e-05,-1.06256942459496e-15,4.2765738296357e-06,-2.31594298113701e-07,8.62750619687043e-16,-2.89576895400721e-08,-5.40506587857344e-07,1.16842321885232e-07,-4.69403549285341e-16,3.04689305066441e-07,3.89067808213614e-07,1.30503180666331e-15,-1.03293045623173e-05,-7.67948323623677e-06,-9.76651970888078e-09,4.08728839914878e-15,-3.00005886131887e-15,1.57531518914631e-07,0.0242345839324535,3.64834788843525e-07,-4.32312543026666e-08,3.39790743962958e-05,-1.38386176863281e-15,-3.19506112815427e-15,1.22069693244959e-05,2.15796651262091e-08,-5.29289060683548e-15,0.000284846377959435,2.38748420098315e-16,7.99104363839253e-08,-1.30280784576724e-06,-1.73859629303721e-06,-1.1414618972107e-05,-4.47938342328469e-16,1.08292874682516e-16,4.39916151506868e-16,5.21085091300393e-16,-8.09761695764773e-09,-2.79068230170347e-08,-5.88742925525622e-17,-1.35753365365875e-15,1.36093683762824e-15,3.83884507220721e-08,3.41642983277049e-10,-1.83326110999879e-08,2.56479004761857e-17,-2.19279889385193e-17,-1.4096661121385e-15,-7.252589019574e-07,2.21350266380675e-08,1.31598849366858e-16,3.77290189151427e-09,-9.75903666570487e-08,2.65998793947108e-16,3.00524845122858e-16,-1.15855583151049e-05,-6.7013505434502e-10,-5.64256345069008e-06,8.38078424452569e-16,3.515627404869e-08,5.60162990422071e-07,5.90674970778157e-07,-2.15429936294753e-06,-1.27074535416116e-07,2.04589770659899e-09,-8.75705291311728e-17,1.84269665033844e-16,8.05575550616964e-17,3.66732056636449e-08,-3.31763783840847e-08,-1.28697222163674e-06,-9.44922066220087e-09,1.23366325620836e-15,-3.28378606112995e-16,-7.72775645693886e-16,-2.00602151304761e-16,1.58175018342888e-16,4.39816016327936e-08,5.04920533865799e-17,-3.44708358333448e-18,-0.00337594842422162,3.19389539627182e-16,-8.31142755497633e-07,-1.0424947770258e-16,-7.25364931956265e-07,4.7115885342146e-16,-9.37254732594805e-07,-0.000548288319935739,-1.02271570996137e-07,-1.95453194046315e-16,6.26118101089991e-06,1.73405988130579e-16,5.50290215613212e-07,-8.54868333318048e-08,4.72615378615423e-10,-1.30532522817712e-15,2.57844634258078e-06,3.50288531883903e-18,-1.82946378303467e-07,-9.33253714168872e-08,-7.72098246364244e-16,8.4114770540045e-17,5.26095428969941e-17,-1.57175116751103e-16,-1.3991435554388e-08,-7.03825038722659e-07,-7.44576757552589e-06,2.17841073700792e-16,-3.03926000818147e-16,-9.30864799603084e-09,7.58790229110889e-08,-4.18123307865607e-16,-2.789436013872e-16,-1.48332987977257e-07,7.65461694175307e-17,-2.86224338950628e-06,5.35538440323406e-16,2.59153751768686e-07,-1.53247350346426e-16,-7.86012083496322e-16,-9.81904398093478e-17,-1.03078432609845e-15,2.55239010329791e-16,-3.10057343475942e-16,4.8699212767543e-09,-3.40487002636061e-08,1.00917374696181e-16,-2.24360653094427e-08,9.39712109746011e-07,3.90838836983487e-16,9.23510057044488e-16,3.39594077636027e-16,-3.02841510467899e-16,8.52239634701295e-07,2.28791001669002e-06,-3.24046384830376e-16,-1.78125224466783e-16,-1.65037378026194e-07,-5.32858594528618e-08,-8.05590300455285e-10,2.5731406819382e-16,2.69864750467454e-16,1.25304684608045e-16,1.12630737876004e-16,-2.84355709084787e-17,5.81186833491159e-19,3.72506389235463e-05,-1.08827802941309e-06,-9.68818763813722e-07,-1.32097222580586e-16,2.41055456966675e-16,4.57898228769951e-17,-1.02478684386696e-16,3.77678034118285e-16,7.67952934840969e-16,-1.02921172184913e-16,1.94373867320905e-16,1.29536744249271e-16,2.66633463813756e-16,4.0416411104213e-16,9.78148769287487e-17,-3.30353058608808e-17,-6.58506397450828e-17,2.9591127426291e-09,-3.05429083984287e-17,2.53894775161531e-16,-9.88646462627297e-18,4.17237321296557e-08,-5.15519566453648e-08,2.38191058618738e-16,-1.07527662659625e-09,3.78983851231429e-08,-7.81999138075033e-17,1.27882078964868e-15,-7.26665499016406e-08,3.64440831521955e-16,9.2171556334666e-10,-1.55584727518783e-16,-7.40097210067779e-17,1.76638155468097e-16,1.57144307930942e-16,9.15812120150856e-08,-1.22566823257694e-07,-4.81735278959448e-17,1.07125816954506e-16,9.94965754873374e-18,1.28105672466216e-16,-2.45571792067967e-16,-7.14454575106629e-17,9.07154386723437e-17,-2.91853891752528e-17,1.44153189407374e-09,-2.27661590033674e-17,-1.79456789122867e-16,-6.67076734710854e-17,-8.68653170242529e-17,3.5802588179483e-16,-8.51186337662543e-16,-3.1334572509314e-07,2.04153535016968e-16,-1.48985258081509e-16,2.12044157939747e-08,1.41408572241843e-16,-1.41237638648035e-17,-1.53331690891163e-17,-1.27238555320421e-16,1.8108878112043e-08,7.79888090474403e-17,-1.38420776868727e-06,4.09543859861793e-16,5.17147143448869e-16,8.28584240078324e-16,1.00752663251768e-16,9.72810805350259e-17,3.55676846616796e-16,2.31075484203466e-08,-2.74604746708073e-16,-5.42322998470661e-17,3.27659326379227e-09,-3.27389148762098e-06,1.76463717139853e-16,1.01887760006329e-06,0.0521683539893749,-6.50080458937487e-16,1.857429208008e-15,1.35203063226868e-16,2.01524207143954e-16,3.21982840261088e-16,-0.000757727654462998,-3.6096139626828e-17,2.04386121265836e-16,1.22796140032329e-16,5.74830987732275e-07,-4.32400195279394e-16,-1.84793876958712e-16,3.65693170834546e-16,-2.32749587641246e-16,-2.63034625670717e-06,6.66455014398775e-16,4.65407244101978e-10,1.25697298032641e-16,3.84689507028341e-16,-3.37659400806095e-16,-8.42498220196464e-17,1.25773486890843e-17,-2.65602769236396e-16,7.28076249157869e-17,-8.13233235047361e-09,-2.2807665248793e-16,-8.01908223268888e-17,3.42062404767059e-09,-1.25508050907217e-16,2.7869628867016e-16,-1.63994117107923e-16,9.72401099828303e-17,-3.2004233712874e-17,-1.74451262815076e-16,-2.47918971288813e-08,-7.71785482847814e-17,2.64581670371805e-17,7.37694788864572e-09,1.94632357353959e-17,2.68168445713702e-16,2.75551546324547e-16,-2.99924431803319e-16,-2.61431117845309e-17,2.34844422568738e-16,-2.02334363767491e-16,-2.4027488354748e-16,1.90157536066899e-17,-3.38807439555695e-17,3.63833825197891e-17,-3.85207997310254e-09,1.27645828139895e-08,-5.2482354495877e-17,-6.51543150789835e-17,1.11791665359641e-16,6.88010197041118e-17,-6.6607960466647e-16,-1.58683308430728e-16,-4.88545306801693e-17,-1.69089195453548e-16,-1.2117416828913e-08,-1.31959604281412e-16,4.31055539275842e-18,1.34247318931913e-16,-3.25813373291918e-17,1.40534471512482e-09,-2.44248602516869e-16,-2.21854004536071e-10,-3.14671424233929e-17,2.44575946560366e-16,-1.0883597502779e-16,2.84500594394955e-18,-1.74476821159904e-17,2.23620748742233e-16,-2.19457303123648e-16,-3.92859263619464e-16,-3.21381832609591e-17,-1.12809056695547e-17,2.23372638286382e-16,2.13628311388889e-17,8.58823029907988e-17,1.06879708976324e-16,2.96630282855367e-16,-1.23494803242002e-16,1.70550994637587e-19,-2.76724365792374e-16,-1.05416610278108e-16,-3.24269240611096e-16,-2.206351421008e-17,5.87648851560705e-17,-2.70185862761033e-16,7.50951512706805e-17,9.1120664898571e-17,8.26797028777313e-07,2.68082213071491e-16,-4.96859786390858e-16,-1.40709650929727e-16,-1.97963915243459e-16,-6.42784503601575e-17,-9.31363921314373e-17,1.45573987113619e-16,-1.33403714069573e-16,2.54081469812774e-16,8.12128754953368e-17,-1.9298798670242e-16,-1.2559269016348e-16,-6.12906352210505e-18,2.70973310617879e-16,-4.31790582254378e-17,5.95343416543284e-16,1.29813467868767e-16,-1.33954500871789e-07,-1.92121894208617e-16,1.72227792975344e-18,2.71988457434208e-17,1.35228223496294e-16,-6.83837203390353e-17,-4.45211608787913e-16,1.70506403993614e-17,8.43432066536572e-17,-5.06032506236235e-17,3.03334447528829e-09,5.93495489630057e-16,1.64551094592007e-16,-2.26592217063927e-16,3.08408495743461e-17,-2.90675814065734e-17,-2.55847426844024e-16,-2.04943849447479e-16,-5.82720473671124e-17,1.1090735794604e-16,5.59874222894882e-17,9.69651230801282e-18,-2.84582616293173e-16,-4.43029652081165e-17,2.35991182027519e-07,1.04299058379756e-16,4.95011061102033e-17,-3.75182742158928e-16,-2.92897216896959e-16,-4.12177644820536e-09,-2.12343207120103e-16,-5.76300917139873e-18,3.98107773762285e-16,-3.13254353226108e-17,3.23500891733214e-17,-2.40739426530692e-17,1.19237503422488e-16,-5.36479267212448e-17,-2.10721143564689e-16,-5.9153734019598e-17,8.08646883900116e-17,1.11397038928515e-16,1.1506743320817e-16,-6.71338222584907e-17,-1.10182351319844e-16,9.04086996843584e-17,-1.41186826050478e-16
"t269",0.0369560123124625,-0.0114123519430526,-0.0125205282056936,0.000764485619495241,0.00732923737460294,-0.0208426577755875,-0.00296004966447585,-6.54924246133759e-06,-0.0670686043514818,-0.056254325118437,-0.0648024082819506,0.000907093797271744,-0.00198378304916492,-0.000439251998542152,-0.0133686750776091,0.000355601899321074,0.000243468145528148,-3.04297326789699e-05,-0.0147072497807582,-0.00642806343789082,-1.27867358312339e-05,5.65990579241346e-05,-0.0667947604213959,-0.00269576453043263,0.000252253663836265,-0.00189612484252281,0.0179614471880755,0.000130476257133751,7.72787984040433e-06,-0.00010196531444092,-0.219888301591775,-0.0078055390143916,-2.70595824185238e-06,0.00237531200366228,-0.00288008506683396,-0.000443045326711753,-1.98658861800522e-05,7.88216477434323e-05,0.0243603451367553,-0.00235013774764769,7.28074285249849e-05,-0.0185566443912668,-2.72478870157054e-05,0.00162768823099214,-2.3603162912096e-05,6.95368593377586e-07,-3.19898599733114e-08,-1.44703312592575e-07,0.000208934871168679,-0.000637571792175681,1.00409831651132e-06,-1.64741398591367e-06,2.23826259227537e-06,-8.24990963992685e-07,9.0174883487774e-05,-7.09302294944124e-05,4.32337606727671e-05,-5.54028344115839e-05,0.000485398014452022,-8.99568295043171e-07,-9.25463206806844e-07,5.10705218161267e-05,-3.23308582566194e-05,2.47390499787818e-05,-0.00573714680342199,3.21255749073181e-06,-2.6921654441929e-05,8.71047468809955e-05,-2.15688716441818e-05,0.000101469460929468,-1.12588511668453e-06,4.16656796840646e-06,-1.54031028981932e-05,-1.18932184726362e-05,5.13154336563213e-06,4.81653631656198e-06,-5.14748232900862e-05,1.00866380063045e-05,-0.0453537646130083,0.000854486939712214,-1.66392446920342e-05,-0.00112258588614802,0.00576949787492719,-9.82418318321128e-06,1.31922218709822e-06,1.95784962601681e-06,-5.53011048947679e-07,-1.01812755473377e-05,-1.93787407665772e-08,8.13535110897549e-07,-9.43248893710226e-06,1.09933149514997e-08,7.91588878824921e-06,-8.77256391937555e-06,-2.36273859697568e-06,-2.87001516219168e-06,-3.37869946453092e-07,1.97168202905524e-06,-2.28709852468658e-05,-0.000538904664059603,-1.27718587108157e-05,8.56999553768515e-08,-1.82398317124583e-05,3.753408921379e-05,-0.00447627450499433,1.15289747239444e-06,-0.00037464784066793,5.12507026778079e-07,-0.00099722375440533,1.68053956827954e-07,5.92619637958821e-06,1.45539011722614e-05,-4.62081621213363e-06,1.01285913014418e-05,-1.39025985539762e-05,5.18503781437417e-05,-0.144672403853128,-0.0411892905188365,6.76180007299123e-05,-2.18833452635213e-05,1.1154762217835e-05,-1.53468834939393e-05,0.000177062838287233,0.00017416275184601,-8.29050544544206e-07,1.428011304833e-05,-1.45880418621304e-06,2.96621436546512e-05,-1.80675188031533e-05,-0.00062581229429496,-4.47510510622997e-06,1.28817904948067e-05,-1.00253063349393e-06,-0.000116525873114904,2.06516054691557e-08,-1.33722420622277e-05,2.76245055581938e-05,7.82691109290963e-07,-5.49357192899217e-05,1.55763647929693e-05,0.000325640587026917,-7.57240454907304e-07,-1.05203011372494e-06,-1.06098784164151e-07,-6.14047307462233e-10,7.34488457769103e-07,-1.48175307264637e-07,0.00161560154602969,0.159576712501481,4.55024950899952e-07,5.26043117218442e-07,2.10592527994209e-05,2.59142007154021e-07,-5.62288784828369e-05,8.89146679768622e-08,1.54934681127959e-06,-9.06722193904339e-06,3.27754569594287e-07,1.43496479888197e-06,1.9031860301723e-07,1.38448282056536e-07,-1.89501780062373e-08,6.39521337781057e-05,5.10198003640635e-08,-2.03206955985408e-08,-9.55650052751978e-09,1.78324183689161e-05,2.46603602936704e-07,1.56483431376426e-05,6.69646343434093e-08,-1.55732805110444e-07,-2.81280817611292e-08,4.30032136107903e-09,2.26512406671805e-05,3.15574575184213e-08,6.61367742474149e-08,2.93912144984933e-09,-1.42259149672035e-07,-7.72491311871697e-06,-9.08578047864703e-07,3.88527239450109e-06,1.29799357786926e-06,-3.01953665799315e-07,-1.36681148994297e-09,-4.82092616556123e-08,-5.15158632417328e-08,-0.000773771033228726,-1.97886221927462e-05,-8.8209280393069e-05,-6.80810783746185e-09,-0.000748986574987205,7.11529898263401e-07,3.22752366977768e-07,5.95455023233655e-11,6.57410340903240e-09,-1.60390035533948e-06,-1.05168184159476e-06,-1.79343381002566e-08,1.99339021738558e-06,4.12505290797099e-07,1.72330526648816e-06,1.44355912599296e-06,-7.28373187857865e-07,-6.95264895801201e-08,-7.93547175304481e-06,-3.68669168887835e-07,5.12020457769524e-06,2.7344732590924e-07,-1.50313814907527e-05,-3.25325760551419e-09,-6.36555731465057e-05,-4.01262653415288e-07,-8.80674102655694e-07,-2.4369492554481e-05,3.89466362821145e-09,-6.6284637245561e-08,1.951676346315e-08,1.24570324577602e-08,-7.35541249589948e-05,-1.42936866998493e-06,-6.56833038026679e-07,7.89678781961136e-07,1.74416867501717e-07,7.42960887300446e-07,-2.25533915990476e-06,-1.29529392728737e-07,-1.22913130972235e-05,-7.60306343926919e-08,-0.000292070880562307,-3.87750248011762e-06,2.21574320149139e-07,4.71846701900068e-08,1.45951714921695e-06,5.40216300207954e-07,-5.52256913056698e-07,-5.72834676188096e-09,-2.53835346493444e-06,8.57062938286803e-17,-2.41020667488421e-08,3.44691975199575e-07,-7.06843708493079e-08,-1.82644175054014e-07,-2.46730648998949e-06,3.41276800894194e-08,-4.86150373383622e-07,2.17047021379144e-07,-4.46796237694358e-05,2.68376169254384e-08,-5.43449204630472e-08,2.20238840548351e-05,-1.43976419157907e-08,1.58605907740951e-06,-2.34528183704971e-05,5.77391175978573e-09,-3.8146768870876e-10,1.83053217600699e-08,-1.76258382204746e-08,2.78130909921893e-07,0.000135175646887112,-0.000138614998534616,2.58180870257694e-07,-8.10367796084007e-06,5.52158408263688e-06,-3.36036461533213e-07,5.9378937869074e-06,-2.21677197609368e-05,4.59522669941046e-09,3.9994629322992e-05,1.94295666629942e-07,1.60223424202937e-06,4.2393269777735e-09,-2.27245171895237e-06,1.18156199665695e-07,-1.52402536225497e-07,2.42238986472012e-07,-4.70101703888193e-07,3.68748979842666e-07,-2.71704729233949e-08,5.30419503027363e-06,-2.31741579066398e-08,3.82492886751072e-06,-2.76258543885151e-16,-9.62759481471382e-06,-9.25155860855749e-05,-1.01751720855957e-11,-9.08603194246701e-08,1.35934829776503e-07,-8.49522510455634e-08,-2.42215439799172e-08,2.98598508446946e-09,-1.33836457646877e-07,5.0652314445986e-06,1.91009657755854e-06,-1.58867216015668e-08,8.59826196584921e-06,-2.91392649704996e-05,8.16005499682012e-07,-0.00144614107114602,1.99899671536261e-07,3.53354611548684e-07,5.47136999715269e-09,1.914124847723e-05,-3.31194918462754e-06,1.53240873922063e-08,-5.15265268633597e-06,6.64318953085089e-07,-2.49109178302985e-06,2.5443996674315e-06,2.33778662749789e-05,1.26101290512347e-06,-4.18970823927748e-07,-3.23133766885833e-06,4.14613296462928e-07,-2.56933628124139e-06,8.44539545434854e-06,4.91581586020557e-05,-0.0801642634675336,3.76643774353746e-17,-9.61508793998088e-08,-4.73124385471882e-07,4.17553577925856e-08,-2.22748129018443e-05,-2.38886027284926e-08,-5.89123479245313e-06,-0.000989933057185244,1.21740645863304e-06,-5.05166974775777e-06,1.47626292334586e-16,0.00034606375497307,1.0142636383894e-09,7.24263926918359e-07,-3.08177864376738e-08,-5.38090256659233e-07,3.33297276304928e-07,5.0234735574531e-06,-1.25713113601086e-06,1.09452324198221e-07,-6.11824159964406e-06,1.82097739979181e-08,1.66795473165174e-06,2.16647503498503e-09,3.01732356819146e-10,4.28228089862736e-06,-2.26738464730668e-08,7.47407802136183e-06,9.80141168111417e-16,9.76626814306835e-08,-7.41647011056994e-09,-2.13669978066441e-10,-1.73305290521799e-09,2.6012398308396e-06,1.7393101829167e-05,-4.1201706611422e-08,1.50434564340386e-07,8.3493258536778e-08,2.249672064625e-16,1.4628300858172e-06,5.11869337343893e-09,3.06073461791551e-05,-2.37684534480005e-16,-2.94090659113036e-07,-3.73485300111473e-08,5.71921246572506e-09,3.89422466323512e-06,7.29831059399068e-07,6.60000915046342e-07,1.22327063379094e-07,-6.20581136014008e-07,-2.60056411319298e-08,-1.39835467731772e-09,-3.07224792038548e-07,-9.28582564309187e-09,-1.71902644327175e-16,3.31767020185957e-09,-1.20510267929069e-07,-4.98890438503381e-08,2.94662145689339e-07,-2.37227812246382e-17,5.25536795732114e-09,-8.296160425845e-10,8.78662262627754e-08,1.21590542753067e-09,4.24299266725503e-07,-3.85594824016804e-09,4.57880867399091e-08,-1.98365854727851e-07,-5.76360023671508e-16,-8.18563917384526e-07,4.15795941796117e-09,-1.53621872791183e-08,-4.73505335005605e-06,7.73942698630316e-09,0.0678333620533713,-1.0393595706315e-14,5.08987618761783e-16,-7.41551244090774e-08,-2.88527709970537e-10,3.31060822416036e-11,-1.29722983826712e-08,3.46434524199024e-16,3.18367637026561e-09,3.52799350479464e-05,8.18154325733076e-17,2.35092133277332e-18,1.3716173044545e-16,1.98314070968148e-09,6.48172296738113e-11,-9.89120328448042e-11,3.09527407765973e-09,4.34792820067875e-10,6.05644748110465e-11,-2.46531906235112e-11,1.87068159748069e-16,5.75567578171593e-12,-3.36216273259221e-11,2.93111885975343e-16,-9.86111195443719e-16,8.48848330416254e-11,6.08018202463087e-12,8.02666612621016e-11,-2.36011560636563e-08,-1.19455129739565e-10,4.97837469279032e-09,1.21845484705833e-15,1.84641808864154e-09,-1.96125290811364e-16,1.17799183155455e-07,-3.96167473826203e-16,1.85368333587074e-10,6.54194767142367e-17,-8.58202412495893e-10,-2.31283524885326e-10,-2.32095822029714e-08,-1.98237646431492e-08,-8.95631962697536e-10,1.1323500838261e-10,-7.77450396859949e-10,-3.46697627799523e-10,-1.66387201971822e-07,-5.83004941740332e-09,-3.71760662187357e-10,1.17345326504243e-09,2.34609938306455e-07,1.73772498017586e-06,6.77852309215803e-10,-6.31836281796206e-18,-7.02401779065077e-09,1.32804989729166e-09,-8.7594039427322e-10,3.50292228827065e-17,-1.74061629092664e-08,-5.46313345418673e-08,-1.82100135631228e-08,2.47298720054784e-16,4.5044107675238e-09,2.74916206109721e-07,-2.55193465725436e-16,3.55885536551158e-09,-9.9310114010201e-09,-1.70673095183604e-16,1.09195938159427e-15,3.97351310496483e-10,2.2617458375209e-07,1.33401280796704e-09,1.92729347320571e-06,-5.92932165428624e-08,-1.58712441999862e-09,-1.36078094441275e-05,-1.57829751565399e-08,4.34368573913325e-07,-1.5667805594588e-15,-8.31352255324556e-11,-6.10520478275809e-09,-1.72192392375796e-08,-2.80045937608348e-06,7.17638665544027e-16,2.33495880421897e-16,-2.4236816644682e-07,-3.22883746840963e-16,-1.21187675991113e-16,-3.10465605131592e-08,4.74035827255261e-08,8.88188336849153e-09,9.1901526729864e-08,-2.49403824379337e-07,-6.53052929675173e-08,-8.47490517964289e-08,2.1416032271527e-16,-9.07929161392896e-06,-2.5460991836085e-08,-9.89357867828536e-06,1.1953542971206e-08,-5.27285376884302e-08,-7.53898065572063e-16,1.34462234695543e-16,1.42895809762893e-15,5.73791654154246e-07,2.8226755030418e-09,1.84066052857052e-07,4.75681196730114e-16,2.34985503192941e-09,-3.4350674499209e-16,7.65308208392745e-16,-5.74751272026523e-07,1.44799559799756e-07,4.22838847269347e-17,1.36393874630279e-06,2.01332992361974e-08,3.92918200766544e-15,-5.80581706426273e-08,-1.23200783049184e-15,-6.89067648535976e-06,-2.58352805218328e-15,-7.74060440137134e-06,-4.19845163574038e-07,-1.77783377647517e-08,-0.000183649322683597,-0.0165592111527513,-1.99349504525353e-09,-3.51399788135748e-07,-9.13388817984237e-19,-3.78801394592208e-07,2.24835606763555e-08,-1.80792939583447e-15,3.16427609951997e-09,7.26570444407798e-08,-1.88173558774821e-08,8.68262440201692e-16,-9.04022927926963e-08,-1.30972504655872e-07,5.51018901692075e-15,4.13881359678645e-06,3.36485751988338e-06,6.14527753402674e-09,-5.61558711024724e-15,-2.89522664814686e-14,-3.92853882249478e-07,-0.888133395342133,8.68652131993337e-06,-3.9207012449186e-08,2.78241141183467e-05,2.93544322069157e-15,4.55707136421499e-15,9.41390840765862e-06,1.65245510335521e-08,4.77192450699162e-15,0.000200348918096742,1.51583356450625e-15,5.24882635442211e-08,-7.92107011243676e-07,-1.05191602010949e-06,-6.77960584165815e-06,1.79613623407409e-15,-1.14691819967993e-16,-4.98769237122685e-15,1.42897252865172e-16,-4.23281997638861e-09,-1.44709655401646e-08,4.1169096729034e-16,1.23188091145929e-15,6.9989886730749e-16,1.938357251663e-08,1.70719354909943e-10,-8.930953081984e-09,2.86255842179462e-16,-7.60384864881974e-16,1.95915332568131e-16,-3.3279581949332e-07,1.01423209297191e-08,-3.79941441053206e-15,1.70493089344874e-09,-4.39086190902176e-08,5.21368694113146e-16,-1.21876386093956e-16,-5.17367861736121e-06,-2.99126868728161e-10,-2.51248882852738e-06,1.38265972061929e-15,1.56369217418494e-08,2.49415542560397e-07,2.63950481085674e-07,-9.71737042410768e-07,-5.75201660463767e-08,9.33341009115917e-10,-3.24559142589949e-16,-2.80416333317233e-15,1.78747816427459e-15,1.8321634362755e-08,-1.66130513056457e-08,-6.58067179963407e-07,-5.78144567090698e-09,5.87188863634664e-15,-6.37945505990808e-16,-1.16445229621718e-14,-2.16655455747223e-15,-5.33601505074984e-15,5.44752908943808e-08,7.45812724045601e-15,5.86789636817178e-16,-0.233394700585983,1.41802008981954e-14,1.74830629600589e-05,3.38117051493033e-15,4.55861976388043e-06,1.28651953229617e-14,-1.19918697984042e-07,-0.159577346965883,1.23832186524872e-08,8.44364541299756e-16,2.02572904724653e-07,-1.58603454215295e-15,8.05622206933207e-08,-1.76458970314192e-08,9.83800041826818e-11,9.4497209114831e-16,5.73337088531889e-07,1.27275358608947e-15,-4.37808115136465e-08,-2.23991812884767e-08,-2.14634038262409e-15,2.22549859671254e-16,-7.89404600017104e-16,-2.44084371585783e-16,-3.50436906513405e-09,-1.77970674180575e-07,-1.90228503373527e-06,1.372729842407e-16,6.59787843865612e-17,-2.47695621997059e-09,2.02218383182125e-08,1.10849639889832e-16,-7.62293951033834e-16,-4.09967877976593e-08,-3.06360956475662e-16,-7.9617423872247e-07,6.44151986143288e-17,7.32948221182896e-08,-5.47104381856618e-16,9.48544424321213e-16,-1.82511943302957e-18,1.92101821716124e-17,-1.75054944724697e-16,1.05846961001649e-16,1.41486998082927e-09,-9.89525367170299e-09,2.00608939014374e-16,-6.57124114542036e-09,2.76072616669329e-07,-7.18000489153406e-17,3.33156497336291e-16,8.74051949542022e-17,5.41443173829722e-16,2.53413594236263e-07,6.82071483176927e-07,2.60137867881813e-16,-1.84845961771351e-16,-4.93383681623672e-08,-1.59356280506293e-08,-2.41206122231318e-10,8.25453324024762e-17,-2.533512964339e-16,2.45618320020695e-16,-7.208586126551e-17,1.13821067493213e-16,-2.92216798940674e-17,1.13475689586547e-05,-3.31996579151453e-07,-2.95968389852212e-07,2.28784621282283e-16,1.68880351826912e-16,1.43391795968649e-15,-1.02592767248274e-17,-1.14757172736272e-16,-2.74777817607674e-16,-8.18148444329002e-17,-3.01829332506977e-16,1.47678060534959e-16,1.46360109886648e-16,-3.62936541615399e-17,9.89290702034111e-17,3.23504219088074e-16,1.16564386976023e-16,9.2249963242328e-10,1.79585921469482e-16,2.5842581443297e-16,-1.76112020478931e-17,1.30368642376202e-08,-1.61159843899429e-08,-4.99262099476974e-17,-3.36254847443423e-10,1.18824865530877e-08,1.19374580545828e-16,2.52096322477038e-16,-2.28536964299629e-08,9.50741905570431e-16,2.90888907588487e-10,2.3484136235889e-16,-5.57246140977665e-18,-3.44106339668861e-16,-7.79109901660139e-16,2.9041019235371e-08,-3.88780791428778e-08,-3.82662707465531e-16,-5.74025164056447e-16,-2.90391669386545e-16,-1.80557525517993e-16,5.87095476400901e-17,1.77722273648559e-16,3.0807835211102e-16,-1.31233135641158e-16,4.60045544564534e-10,-3.87597324624863e-17,-2.4231177726699e-16,-2.76402249765365e-16,8.02955644914548e-18,-3.64751107065725e-17,1.06796759460428e-15,-9.96942754705723e-08,4.97050524727567e-16,7.08572226215468e-16,6.74020372547074e-09,1.08811335003388e-16,2.64744387483642e-16,4.73037328590551e-17,4.10816131661165e-16,5.58975260912671e-09,-4.08506369337748e-18,-4.2165371237605e-07,-7.42617793095427e-17,-1.08969725063062e-16,-1.33065964687401e-17,-4.21624943176813e-16,4.66443740204603e-17,3.13265356433716e-16,6.68318960154374e-09,-4.42919149059641e-16,-4.11286668939561e-16,8.48006509720404e-10,-8.38712309456739e-07,-3.26134477575928e-17,1.51118018417579e-07,0.000795456542281115,-8.82542397438418e-17,2.19778980763396e-16,-4.12283454418763e-16,1.15848345004768e-16,9.5932677462424e-17,-0.000286798931161252,2.62059145597666e-16,2.53139612232301e-15,3.54639046388168e-16,2.1359692556228e-07,1.26237861557756e-16,5.38797045853338e-16,2.5296143586186e-16,5.37543487731976e-17,-9.64073098957328e-07,-8.37158851274604e-17,1.70098835045721e-10,5.89977739370669e-17,-4.02457676298478e-17,5.17934286473949e-16,-2.27414011807872e-16,4.04478232876524e-17,-1.06168573149928e-16,-1.90326868727074e-16,-2.94572026232591e-09,1.81694569244119e-16,3.0898318146867e-16,1.23755030881324e-09,-1.01861989892155e-16,-3.79337872915327e-17,-4.17200820034317e-16,-9.61422619925999e-18,-1.6921241060352e-16,1.87355160475966e-16,-8.94989517396849e-09,1.05429068025543e-17,2.60113201635865e-16,2.66199340460333e-09,7.33672453639145e-17,6.90422053811055e-17,1.50714945629299e-16,-6.68791411318507e-17,3.63468772799033e-16,-4.39373446113274e-17,1.19374966150932e-16,-2.03174714241129e-16,-1.05116800701783e-15,3.08037532635719e-16,-3.77238097508216e-17,-1.39059374156495e-09,4.60889278409525e-09,7.63963861813525e-18,3.55532039368713e-16,-5.53538385276952e-16,-3.04529163455431e-16,8.37817228788174e-16,-3.19542301448374e-17,5.22550392230003e-17,4.58197562167292e-16,-4.38124961679758e-09,-3.24251710753612e-16,2.8859689455461e-17,1.64570364750088e-16,-2.9583874198131e-16,5.0890814001627e-10,3.01495200282233e-16,-8.05019826745028e-11,-4.34929045533845e-17,2.12102885896812e-16,3.11378150563226e-16,-4.29742689745563e-17,-1.36944776015244e-16,-8.13576343152845e-16,5.26601665783946e-16,3.11829865620613e-16,-3.3974288846556e-16,9.16405851300931e-17,7.31789977284658e-17,-3.45586257003217e-17,-2.03043114884091e-16,-1.67300223429771e-16,2.74682412937652e-17,6.54984879670672e-17,-9.55528421220893e-17,-7.90710135260031e-18,1.17531099110378e-16,4.4779547243077e-17,3.17291765777883e-16,5.19670820121871e-17,-3.52549159177109e-16,-9.84076796169944e-18,-4.74347270831943e-17,3.02763749480992e-07,-1.61168291730591e-16,-5.2195243551043e-16,1.60540012624552e-17,1.13971978120983e-16,-6.1645811965637e-17,-3.1498487832155e-16,-3.77614095299054e-16,-3.03488241404939e-16,-3.07072442829e-17,-2.32158486156049e-16,-2.70779492578255e-16,7.46077539815807e-17,-5.09544429142489e-17,-5.91823370920302e-16,1.38274687858475e-17,5.04195556427126e-16,2.16327522811703e-17,-4.93947553962659e-08,5.54541299668562e-17,-2.3527994554045e-16,4.89385823705474e-17,3.51840289847944e-16,8.82220847805282e-17,-7.48105674218901e-16,2.12807834545777e-16,-3.35342413758399e-16,-8.6343086648229e-17,1.12690944205536e-09,-4.45160030479426e-16,5.34765816608489e-17,-3.50513219787837e-16,-1.26484955835191e-16,5.64556481430111e-19,5.61950945053978e-16,2.29665117755087e-16,-3.19410757012337e-16,1.91760336495238e-16,2.42733645984381e-16,1.30276945873292e-16,-2.55042153719523e-16,5.35773705622698e-17,8.83456874239199e-08,-2.91016417583518e-16,2.38464410240793e-16,-2.05901231226009e-16,-4.09882631308145e-16,-1.54857332534805e-09,-2.1554796404564e-16,-2.18757861629485e-16,1.56295380818784e-16,-8.65022757202753e-17,4.30939831688192e-17,2.93240975614031e-16,8.4164387857554e-17,-1.74081005093705e-16,-6.45809029709899e-17,-1.21685399320383e-16,6.37993016703855e-18,2.53719767906812e-16,4.13503892720159e-16,-3.69399138487169e-17,-3.24571623321728e-16,2.2543570007221e-16,-3.91926792057888e-16
"t866",0.0369753501081729,-0.0114249349140001,-0.0125347793800078,0.000765651711826394,0.00734292378380483,-0.0208883155531624,-0.00296666114679165,-6.5650330906326e-06,-0.0672595535868188,-0.0564484787679446,-0.0650860389596802,0.000911983144137036,-0.00199478774448756,-0.00044172545242818,-0.0134472265755542,0.000357814264656694,0.000245018932074808,-3.06270577686794e-05,-0.0148048214805971,-0.00647438026034595,-1.28863643482121e-05,5.71309387921981e-05,-0.0674574943870253,-0.00272266390260043,0.000254780615205136,-0.00191602124007227,0.0181521401631518,0.000131873880544902,7.81287036007031e-06,-0.000103288664427718,-0.222930696566316,-0.00791842838014395,-2.74790599248589e-06,0.00241387175237941,-0.00292921455990364,-0.000451203506665408,-2.02363086496181e-05,8.03145967426107e-05,0.0248248710304397,-0.00239561560427407,7.42565986169247e-05,-0.0189348997106014,-2.78115366647314e-05,0.00166139941506678,-2.41004911182645e-05,7.10950205556399e-07,-3.27198774062384e-08,-1.48033655568118e-07,0.00021385787002057,-0.000652974319330105,1.02915828864027e-06,-1.68914717383948e-06,2.29508655590539e-06,-8.46322504724408e-07,9.25899046591844e-05,-7.28398203042352e-05,4.45082328478443e-05,-5.70751968720193e-05,0.000500090999992946,-9.28371935184991e-07,-9.56332381807771e-07,5.28079895093164e-05,-3.34482887667243e-05,2.5597468397969e-05,-0.00594204860118728,3.33024064758954e-06,-2.79627044242001e-05,9.05533252115798e-05,-2.2432033525255e-05,0.000105608606567622,-1.17644468459854e-06,4.36687868566362e-06,-1.61511767625615e-05,-1.24829084974511e-05,5.38663045659273e-06,5.05808581831798e-06,-5.40653205053968e-05,1.06029613823276e-05,-0.0477643238544456,0.000900583056447287,-1.75595524716431e-05,-0.00118500810536013,0.00610285237653879,-1.03982740344082e-05,1.4000490716249e-06,2.07932510001813e-06,-5.87758053427646e-07,-1.08222891669833e-05,-2.05994733822473e-08,8.6485062429989e-07,-1.00302990260861e-05,1.17213734872681e-08,8.44221464872913e-06,-9.37139028589584e-06,-2.53126870271348e-06,-3.07606056569401e-06,-3.62133783556322e-07,2.11560517130983e-06,-2.45505055415849e-05,-0.000579375405389484,-1.3748376001882e-05,9.22628345039064e-08,-1.96391232435777e-05,4.06457439624635e-05,-0.0048494602251953,1.24943472789052e-06,-0.000406262152290768,5.55847506303193e-07,-0.00108187555361546,1.82401602651463e-07,6.43308928683927e-06,1.58125241140802e-05,-5.02094721318001e-06,1.10309297031164e-05,-1.51485763844094e-05,5.65580302668109e-05,-0.157883781356367,-0.045010326312275,7.39852343453417e-05,-2.39671148823952e-05,1.22236443215014e-05,-1.68494026701688e-05,0.000194637011083074,0.000191458093744412,-9.11541169820889e-07,1.57208556260413e-05,-1.606154226508e-06,3.26938418692316e-05,-1.9976423896309e-05,-0.000691955990975173,-4.94934865281183e-06,1.42768822463516e-05,-1.11156240442549e-06,-0.00012923742389439,2.29325104319708e-08,-1.48516889869619e-05,3.0760472026446e-05,8.73371131280082e-07,-6.1476446398227e-05,1.74323244233819e-05,0.00036462078089489,-8.48097309107353e-07,-1.17873301519982e-06,-1.18895308728923e-07,-6.88109033809966e-10,8.2398802995003e-07,-1.66598664673466e-07,0.00182057489864823,0.179923641151389,5.13680946507766e-07,5.93912623446608e-07,2.37875779651332e-05,2.92796849073571e-07,-6.35515413284585e-05,1.00788248471142e-07,1.75706829951691e-06,-1.0286283687837e-05,3.74648400887417e-07,1.64331854946204e-06,2.18014583630739e-07,1.58846100639446e-07,-2.17491793163615e-08,7.35472069287271e-05,5.86890693292951e-08,-2.34217987163505e-08,-1.10361310886873e-08,2.07092397993329e-05,2.86443932589802e-07,1.81773570014248e-05,7.78470363437009e-08,-1.81204267422225e-07,-3.27329321249215e-08,5.01328796800786e-09,2.6421542334202e-05,3.6855036067449e-08,7.72623529432205e-08,3.43407000929205e-09,-1.6668884096654e-07,-9.07823589600456e-06,-1.0682956645397e-06,4.57048132434648e-06,1.52910918921763e-06,-3.55916131934558e-07,-1.6119539962528e-09,-5.68850136099997e-08,-6.0891923194067e-08,-0.000914993183550242,-2.34876465538523e-05,-0.000104710920830199,-8.09185894551988e-09,-0.000893306715357865,8.51091459032814e-07,3.8644520467347e-07,7.14038368070284e-11,7.89206766655738e-09,-1.93189448312893e-06,-1.26767002384799e-06,-2.1650952410341e-08,2.4083517660449e-06,5.01371957561426e-07,2.09515343887282e-06,1.75953676935546e-06,-8.90047939290944e-07,-8.54784706486014e-08,-9.75644142877454e-06,-4.53524686879719e-07,6.30962096330419e-06,3.37374949943483e-07,-1.86050783842121e-05,-4.04282660174601e-09,-7.93606582867069e-05,-5.00762538080392e-07,-1.10404312087061e-06,-3.06277991426641e-05,4.8951755008476e-09,-8.34775886110438e-08,2.47033056029871e-08,1.57828175300372e-08,-9.36791147680426e-05,-1.82708316265228e-06,-8.4065360962809e-07,1.01597499525037e-06,2.24679918779967e-07,9.58380986601842e-07,-2.92153664259148e-06,-1.6793389277773e-07,-1.59389324279387e-05,-9.90525372702616e-08,-0.000381589779512946,-5.0820317496849e-06,2.90825070726108e-07,6.20246643946389e-08,1.92125120979044e-06,7.11403616315346e-07,-7.29957716100772e-07,-7.58915394024382e-09,-3.37141848349252e-06,6.65302291173426e-17,-3.21289364168335e-08,4.59822885286783e-07,-9.47736011090844e-08,-2.45856397401751e-07,-3.33209848866709e-06,4.60985124207852e-08,-6.6070466608028e-07,2.9528396313903e-07,-6.08138879506068e-05,3.66125808630324e-08,-7.42538500050921e-08,3.01778863948212e-05,-1.97531241318431e-08,2.17716248754625e-06,-3.22858723227324e-05,8.04588762128787e-09,-5.33900538796789e-10,2.57143180933446e-08,-2.49602790765026e-08,3.94094247614384e-07,0.000192632273238293,-0.00019817164881347,3.70823868097952e-07,-1.16566679018709e-05,7.95495033453742e-06,-4.85186433043731e-07,8.60134116825223e-06,-3.21230178116023e-05,6.7147120106031e-09,5.84528809380624e-05,2.84028178818634e-07,2.34756952325302e-06,6.21670872719444e-09,-3.34151278325764e-06,1.73830510478255e-07,-2.28000615883252e-07,3.63080546276051e-07,-7.05665653962847e-07,5.55434617331065e-07,-4.10395185915398e-08,8.06238026968396e-06,-3.52898803042049e-08,5.8331937763152e-06,2.7347205536188e-16,-1.47571815171992e-05,-0.000141903162954297,-1.5641596101991e-11,-1.4040174916387e-07,2.11006210124786e-07,-1.32153406775985e-07,-3.77199581842237e-08,4.71570391917745e-09,-2.11558985621195e-07,8.00873611801387e-06,3.03280833114736e-06,-2.55319868434082e-08,1.38478971449776e-05,-4.69997446616431e-05,1.32265447459958e-06,-0.00238946610423066,3.3303538249168e-07,5.88979295941003e-07,9.12112086458603e-09,3.25880152704715e-05,-5.78360421814358e-06,2.68494413497347e-08,-9.07243378324889e-06,1.17674988077783e-06,-4.42085236518719e-06,4.58740646332495e-06,4.21999565253408e-05,2.281355381066e-06,-7.59137157437983e-07,-5.88451531612578e-06,7.59311144229834e-07,-4.73025998421193e-06,1.55843850195302e-05,9.10711599001086e-05,-0.149783501961072,2.3176738885813e-16,-1.89759497728319e-07,-9.39116129487522e-07,8.36047148200536e-08,-4.46113248814199e-05,-4.78564679822405e-08,-1.1827424535677e-05,-0.00199553630097575,2.46609188439162e-06,-1.03362655702124e-05,3.77294253004312e-16,0.000725005042043419,2.13126040378877e-09,1.53175842738281e-06,-6.52276311727915e-08,-1.15760439685128e-06,7.2363112278021e-07,1.10512325946968e-05,-2.79119351605945e-06,2.480176521178e-07,-1.41339913161212e-05,4.26011218208746e-08,3.9303598108588e-06,5.12819282790918e-09,7.20036762730399e-10,1.02281855687171e-05,-5.44720800080065e-08,1.80377515364057e-05,9.79000876052627e-16,2.44080706801911e-07,-1.86745326100643e-08,-5.38056546416153e-10,-4.45985928655628e-09,6.71644915387175e-06,4.68423853872413e-05,-1.12355778231151e-07,4.11252744121801e-07,2.30430689978315e-07,2.31593643576473e-16,4.0818888769466e-06,1.43424960786939e-08,8.71174013618001e-05,-3.57334330587218e-16,-8.51736155894933e-07,-1.0861836051302e-07,1.66688671273887e-08,1.14009776165344e-05,2.15299017260761e-06,1.95823288011023e-06,3.64596256482006e-07,-1.87497687559298e-06,-7.86996537993924e-08,-4.27226990337026e-09,-9.54783962343473e-07,-2.88836559398989e-08,-3.55855480587989e-16,1.0683246096882e-08,-3.90463268896277e-07,-1.63891852249549e-07,9.88973483885629e-07,-2.65970869422944e-16,1.85116525456907e-08,-3.09694469775943e-09,3.37167205954461e-07,4.72762836748076e-09,1.67647808071039e-06,-1.5710398859771e-08,1.9658799176135e-07,-9.85118856128413e-07,-2.60480137946205e-15,-4.73665645308151e-06,2.44160410919295e-08,-9.30917062419721e-08,-3.00316399760665e-05,4.92635003351144e-08,0.437588754735466,-6.79274345105618e-14,3.3357306190929e-15,-5.18809162541517e-07,-2.18043210371062e-09,2.52715222036446e-10,-1.06856547238931e-07,5.52220077708082e-16,3.17998525986807e-08,0.000389641755790659,-4.30356861595179e-16,-6.76446467125661e-16,8.41361260778774e-16,3.30071608559101e-08,1.15450049502025e-09,-2.33010951201336e-09,1.00763060347317e-07,1.48207113290081e-08,3.62916939738409e-09,-1.61972917401885e-09,1.49717905830482e-16,-5.31248302405481e-10,1.66862612703851e-09,6.30690477187802e-16,3.45863500692071e-17,-1.48021323115955e-09,-9.14441192696407e-11,-1.01811652944524e-09,2.70690556668951e-07,1.15588268126666e-09,-4.69768172474864e-08,-9.04849127243621e-16,-1.68501141411424e-08,5.39204279024499e-16,-9.81550861649148e-07,3.60524327405742e-16,-1.45097681224668e-09,-2.16927616898246e-16,6.23369783411086e-09,1.65573808534611e-09,1.39269682179197e-07,1.1493702954374e-07,5.12036541265669e-09,-6.1012912061439e-10,3.98827327104258e-09,1.59836941426886e-09,7.66394561514742e-07,2.60340660725312e-08,1.57155748327488e-09,-4.62619193392213e-09,-8.74686386762446e-07,-6.21032203234166e-06,-2.3737910419848e-09,-1.32237948432694e-16,2.31416500958417e-08,-4.1362261444979e-09,2.35313772715823e-09,-3.24735248396175e-16,4.49217199602369e-08,1.32974228605665e-07,4.32587898724732e-08,1.9307177349892e-16,-1.05689198452656e-08,-6.147343181644e-07,-2.46606392512611e-16,-7.7755484298009e-09,1.89942806124186e-08,6.30598329541435e-17,-2.1428771097938e-16,-7.23292141200293e-10,-4.09902241016891e-07,-2.36888487073203e-09,-3.34234005449294e-06,9.75630773576996e-08,2.59983396502648e-09,2.21501706896746e-05,2.40086427947619e-08,-6.26106736735435e-07,2.26983145820703e-15,1.17451847232721e-10,8.5958000086275e-09,2.39542807287006e-08,3.84019468663935e-06,-3.18834050789947e-16,9.42536224153504e-17,3.25908434704041e-07,1.21350639594149e-16,2.40918995369332e-17,3.7013205930522e-08,-5.53732470136881e-08,-1.03707098475006e-08,-1.02665481983948e-07,2.76961574733856e-07,7.24289426333184e-08,9.3225144631167e-08,-3.51253020990714e-16,9.15914276390603e-06,2.5218261155296e-08,9.74019629749705e-06,-1.14197564307527e-08,4.76920474392498e-08,6.62520956055696e-17,-2.34483020151474e-16,1.21199100708413e-16,-4.79721706680094e-07,-2.28090179600545e-09,-1.48351896295109e-07,-1.02692719102396e-16,-1.83254854663215e-09,5.84586885988284e-19,-1.52473170486396e-16,3.87233363037903e-07,-9.73764846063812e-08,3.2385118892142e-16,-8.8442241526702e-07,-1.27793266838867e-08,-1.44688494079527e-15,3.52642907446827e-08,3.483960813887e-16,3.96634655815142e-06,8.71659208757997e-16,4.4339207615657e-06,2.39585561760134e-07,1.01019568380621e-08,0.000103731887065382,0.00922812848074985,1.05551866864408e-09,1.72938621096582e-07,-4.5508248424179e-17,1.6964329711701e-07,-9.96577979245962e-09,6.80892939489192e-16,-1.38332058727659e-09,-3.09665870576384e-08,7.8362175515676e-09,-4.15860666909925e-17,3.47079154122373e-08,4.94589391293705e-08,-1.71822066420726e-15,-1.52855851189738e-06,-1.22902940272116e-06,-2.15271034499092e-09,1.85393186463589e-15,8.5537136625079e-15,1.24083352903502e-07,0.267798518778036,-2.59395270592342e-06,9.35059888968897e-09,-6.37148340737933e-06,-8.49981986211345e-16,-1.74370132743949e-15,-2.09435496296852e-06,-3.66268178141556e-09,-7.1183703311322e-16,-4.2219737194456e-05,-4.29484349715838e-16,-1.05108602950004e-08,1.47315142997647e-07,1.94571504992237e-07,1.22713189663756e-06,-7.47839227824765e-16,-1.50198277164764e-16,2.00548062301883e-15,-2.1761817683112e-16,6.1615056996144e-10,2.0645458097178e-09,-7.59624421431931e-16,-5.78540131153757e-16,-1.74114367170152e-16,-2.5623904008711e-09,-2.17942137793494e-11,1.02981726471347e-09,2.40426513398257e-17,9.15730707408413e-16,-5.91540705308091e-16,2.42395601053351e-08,-7.23649617983424e-10,1.07256860615638e-15,-9.26170449897624e-11,2.07879881553697e-09,-1.30689370317621e-16,5.20004165996261e-16,1.5812469704623e-07,8.7328367439233e-12,4.78601576174406e-08,-6.91094809314919e-16,-2.4108449794188e-11,2.10995938972651e-09,6.04792137576665e-09,-4.26130885441215e-08,-2.86203789799396e-09,5.71236740685446e-11,-1.05223327173186e-15,-2.27489705223277e-15,9.16245122578176e-18,2.58607100243582e-09,-2.37008193632646e-09,-1.02500473085077e-07,-1.39647212586274e-09,2.59670330626054e-15,-4.12733230881899e-16,-9.00408942145574e-15,-1.88527103093244e-15,-4.64999781287972e-18,2.23569622294538e-08,2.84283753602638e-15,7.7818428580353e-16,-0.12535641776974,7.04913480456442e-15,9.54288416599622e-06,2.30856310615189e-15,2.55807914331064e-06,1.18171599339499e-14,-1.42210518083026e-07,-0.25599249254705,4.3246580091414e-08,6.13670115873159e-16,-1.51097289418623e-06,-2.76800957954383e-15,-7.29519251137538e-08,6.8527712040467e-09,-3.71605520177522e-11,2.94189274400188e-16,-1.70295827292688e-07,1.13153839971394e-15,9.25007432162746e-09,4.65735253829272e-09,-1.16279218096405e-15,1.10627164788338e-16,-2.12534472440597e-16,-2.41633412546099e-16,5.58441261425912e-10,2.64342978219308e-08,2.60211890061578e-07,1.51849520193065e-16,1.73677873416852e-16,2.23136786727959e-10,-1.78555654593501e-09,1.21581817538386e-15,-2.25733004076135e-16,1.84792864165272e-09,1.8011734663734e-16,2.9633819525002e-08,-3.68374567096795e-16,-1.20665197410977e-09,-4.48912937858418e-16,-2.62912638624521e-16,-2.89404213341974e-16,-2.0877056814577e-16,3.72164505570762e-17,2.91113074912123e-16,2.67324776414536e-11,-1.91082739302702e-10,-2.78750644068171e-16,-1.97478932918513e-10,9.48411978959884e-09,3.0556712270092e-16,-1.61587659883273e-16,3.83436919528787e-16,-1.69167051360636e-16,1.31236897135406e-08,3.79411011752997e-08,-7.82412987430722e-17,-5.8279337491671e-17,-2.9510418790207e-09,-9.61721964734881e-10,-1.49926705550233e-11,-1.90434550997507e-16,3.07071720798723e-17,-5.74777836415726e-17,1.38179265058239e-16,-1.72061620501416e-16,1.71726569909374e-17,1.01415847648575e-06,-3.04580613888527e-08,-2.78416373342633e-08,3.44959442275435e-18,6.85500120847566e-16,9.84984843413495e-17,-3.59690271126453e-16,-3.69776001178559e-16,-5.71963196878425e-16,-1.92111849492308e-16,1.52160529751206e-16,1.07182947381385e-17,-9.9092077516302e-17,2.24673065156586e-16,-2.92289434481645e-16,4.32353423452919e-18,2.43941559102385e-16,1.199412528355e-10,-4.6344592974795e-17,-8.5548539553334e-16,3.88672527865819e-16,1.75211786155574e-09,-2.18205422640454e-09,-8.58135238189034e-17,-4.57356394059821e-11,1.67850312276312e-09,-5.42192116623727e-17,-3.16332283976142e-16,-3.37412636399388e-09,-2.05858161387296e-16,4.51589941472385e-11,1.79389118041171e-16,1.5288558826367e-16,-1.24367864573487e-16,-4.57053305765714e-16,4.84406696842155e-09,-6.51469133464752e-09,1.50222532635293e-16,8.30832876704258e-17,-2.5376143789803e-16,3.64158344126655e-16,7.36634061040964e-16,-6.11602259165836e-16,-2.99832121278746e-16,-3.56772327387694e-16,9.41141841907507e-11,2.31911456521453e-16,1.15161791281542e-16,-5.98261541533634e-17,3.62571484390077e-16,1.92592470802204e-16,-3.75914202121006e-16,-2.11334058924814e-08,6.59603176376476e-16,-4.95042254067238e-17,1.43786866626504e-09,2.85154852817526e-16,3.42956018920256e-16,1.37955189885474e-16,-4.13918515219132e-16,1.27841633299238e-09,1.41164761271294e-16,-9.75649802316784e-08,-2.46154559278665e-16,4.11193268939867e-17,8.87038826759869e-17,6.07117217691624e-17,-1.20563723271248e-17,2.61102655594064e-16,1.58249191497221e-09,-1.83903137852527e-16,5.77511906751773e-16,2.04261225977584e-10,-2.02194232682089e-07,-4.1145727777681e-17,3.69565192675019e-08,0.000195393875763754,-1.62484520991433e-16,-1.56962589487822e-16,-1.19897558305842e-16,6.85477408552136e-16,-2.94902599970654e-16,-7.49327761454638e-05,-6.70336087322483e-16,4.78303802496631e-17,1.69129197505698e-16,5.66431182502181e-08,3.32137311650832e-16,1.13912194465519e-15,1.96179997786635e-16,8.20561910050603e-17,-2.60585790502238e-07,2.07760283669303e-16,4.62433563784312e-11,9.12946450029537e-17,8.33064285444719e-16,-7.34782252115597e-17,-1.85588956623785e-16,4.23603036151959e-16,3.44830878937729e-16,2.5613069183233e-17,-8.248533576659e-10,1.14089409620828e-15,5.90331546442335e-16,3.49003570318098e-10,2.67724737503447e-16,-2.9204858551282e-17,7.80024420260282e-16,-1.12682832551791e-16,-1.58135540500413e-17,6.55494266966001e-16,-2.57941744091009e-09,1.31260662250784e-16,4.58312179928617e-16,7.74497011341596e-10,3.20136643783578e-16,5.97225548909794e-16,-5.18358943423379e-17,-1.01797594591911e-16,-7.78251305423979e-16,-5.21503777091797e-17,6.95240021813435e-17,-2.66939077456417e-16,-1.81245936736241e-15,1.22989249839275e-16,2.99901745397006e-16,-4.18406729840586e-10,1.39215525074873e-09,4.16582136158791e-16,4.6664090412856e-16,-4.22325768142225e-16,-3.22978936927383e-17,-8.55056043330693e-16,-9.62559497617527e-16,-4.57015257320011e-16,-3.30946775404362e-16,-1.35000161822576e-09,2.33110449701752e-16,4.17127036767249e-16,1.59808743394494e-16,-4.49481333680579e-16,1.59396277386192e-10,-1.2527073395121e-15,-2.56681368568493e-11,-2.68045513290225e-17,-2.59709954112947e-16,-1.08514540505429e-15,-1.71346886595984e-19,8.1265895360514e-16,-1.5330290170617e-15,4.89530128307674e-16,3.82633851764993e-16,-3.11393345266441e-16,-3.41796437991936e-16,-7.06460930172764e-16,3.43581421337818e-16,9.05774632397353e-16,1.34097511499015e-15,-6.90402950852909e-17,-1.6587889016108e-15,4.43751978936242e-17,-7.85146625845708e-16,5.9558171853009e-16,-1.24581655576082e-15,-7.50810004446212e-16,-3.32448857244723e-16,-1.20643182253166e-15,3.76202795081578e-16,-2.76337744728586e-16,1.02605365945684e-07,-1.87399490788612e-16,-6.13733517468571e-16,6.6370284989708e-16,2.42496993805401e-16,-8.45014665043839e-16,3.5234420033683e-16,-2.43413222818883e-15,-4.73856888113194e-15,5.15888524773936e-16,1.4342762552884e-15,1.63004375622333e-15,-1.42557511972724e-14,-6.74042892146879e-15,1.75016593795918e-14,9.37649320721544e-14,-0.707106781186549,1.01715212995191e-13,-1.73771781174448e-08,9.89915856093535e-15,2.71703908115939e-15,-2.26523784357622e-16,-3.42279464408396e-16,2.78115888057367e-15,-2.99889321490226e-15,-1.52770919886091e-15,-1.12347603270389e-15,-6.34149893209917e-16,4.10887274638328e-10,7.08355583927765e-16,1.76430198779076e-15,-1.27082410239133e-15,8.69163131477029e-16,4.37734289013332e-16,5.1445579535985e-16,1.83179983324767e-16,7.46655565289086e-16,-5.84049299707265e-16,7.87007528098136e-16,3.37675513613867e-16,1.30418629847698e-15,1.12397805050739e-16,3.33067434953637e-08,1.12881847320317e-16,-1.46533581341641e-15,-6.1042324609498e-16,-4.81656815126685e-16,-5.92517220187771e-10,-5.952813657945e-16,4.6957914893987e-16,1.2538909951733e-16,-2.24254202442866e-16,2.34144120458651e-16,-1.91283488189228e-16,8.52902329918848e-17,5.92390057236431e-17,2.32707065653546e-17,5.19497372610809e-17,6.78996524581088e-17,-2.29482792247121e-16,5.16747519432595e-17,-9.95802163268964e-17,-4.8574621413959e-16,6.29463108758751e-16,-2.34078484449079e-16
"t867",0.0369753501081729,-0.0114249349140001,-0.0125347793800078,0.000765651711826393,0.00734292378380483,-0.0208883155531624,-0.00296666114679165,-6.56503309063249e-06,-0.0672595535868188,-0.0564484787679446,-0.0650860389596802,0.000911983144137034,-0.00199478774448756,-0.000441725452428182,-0.0134472265755542,0.000357814264656695,0.000245018932074808,-3.06270577686799e-05,-0.0148048214805971,-0.00647438026034595,-1.28863643482139e-05,5.71309387921972e-05,-0.0674574943870253,-0.00272266390260043,0.000254780615205142,-0.00191602124007231,0.0181521401631518,0.000131873880544911,7.81287036007898e-06,-0.000103288664427725,-0.222930696566316,-0.00791842838014401,-2.74790599248079e-06,0.00241387175237938,-0.00292921455990361,-0.000451203506665393,-2.02363086496117e-05,8.03145967426065e-05,0.0248248710304397,-0.00239561560427405,7.42565986169758e-05,-0.0189348997106014,-2.78115366647347e-05,0.00166139941506678,-2.41004911182678e-05,7.1095020556857e-07,-3.27198774117254e-08,-1.48033655583321e-07,0.000213857870020574,-0.000652974319330084,1.02915828863786e-06,-1.6891471738383e-06,2.29508655590136e-06,-8.46322504736551e-07,9.2589904659184e-05,-7.28398203042358e-05,4.45082328478454e-05,-5.70751968720151e-05,0.000500090999992942,-9.28371935187844e-07,-9.56332381819417e-07,5.28079895093093e-05,-3.34482887667212e-05,2.55974683979679e-05,-0.0059420486011873,3.33024064756972e-06,-2.79627044242128e-05,9.0553325211573e-05,-2.24320335252307e-05,0.000105608606567607,-1.17644468460722e-06,4.36687868569268e-06,-1.61511767625603e-05,-1.24829084974334e-05,5.38663045658045e-06,5.05808581832101e-06,-5.40653205053796e-05,1.06029613822955e-05,-0.0477643238544457,0.000900583056447288,-1.75595524716377e-05,-0.00118500810536013,0.00610285237653881,-1.03982740343865e-05,1.40004907159871e-06,2.07932509998441e-06,-5.87758053428134e-07,-1.08222891669829e-05,-2.05994734020988e-08,8.64850624296854e-07,-1.00302990260781e-05,1.17213735020133e-08,8.44221464873775e-06,-9.37139028591745e-06,-2.53126870270977e-06,-3.07606056574606e-06,-3.62133783525298e-07,2.11560517135928e-06,-2.45505055416281e-05,-0.000579375405389493,-1.37483760019122e-05,9.22628345287466e-08,-1.96391232435915e-05,4.06457439624635e-05,-0.00484946022519525,1.24943472784659e-06,-0.000406262152290723,5.55847506315208e-07,-0.00108187555361546,1.82401602634983e-07,6.43308928688665e-06,1.58125241140462e-05,-5.02094721315154e-06,1.10309297031181e-05,-1.51485763843901e-05,5.6558030266837e-05,-0.157883781356367,-0.045010326312275,7.39852343453665e-05,-2.39671148823283e-05,1.2223644321468e-05,-1.68494026701652e-05,0.000194637011083077,0.00019145809374439,-9.11541169825469e-07,1.57208556260591e-05,-1.60615422652426e-06,3.26938418692258e-05,-1.9976423896324e-05,-0.000691955990975177,-4.94934865279814e-06,1.42768822463175e-05,-1.11156240439773e-06,-0.000129237423894404,2.2932510395e-08,-1.48516889869994e-05,3.07604720264138e-05,8.73371131341881e-07,-6.14764463981929e-05,1.74323244233732e-05,0.000364620780894911,-8.48097309186831e-07,-1.17873301521119e-06,-1.18895308687995e-07,-6.88109068165623e-10,8.23988029904421e-07,-1.66598664676449e-07,0.00182057489864822,0.179923641151389,5.1368094641743e-07,5.9391262340763e-07,2.37875779652247e-05,2.92796849086051e-07,-6.35515413284278e-05,1.00788248515644e-07,1.75706829954413e-06,-1.02862836878544e-05,3.74648400869569e-07,1.64331854943832e-06,2.18014583658465e-07,1.58846100647515e-07,-2.1749179232287e-08,7.35472069287171e-05,5.8689069332009e-08,-2.3421798689712e-08,-1.10361310942514e-08,2.07092397993386e-05,2.86443932631786e-07,1.81773570014685e-05,7.78470363828199e-08,-1.81204267423265e-07,-3.27329320487781e-08,5.01328799698486e-09,2.64215423341582e-05,3.68550360322916e-08,7.72623529705988e-08,3.43406998345702e-09,-1.66688841051344e-07,-9.07823589601876e-06,-1.06829566450079e-06,4.57048132438868e-06,1.52910918923095e-06,-3.55916131915923e-07,-1.61195471866599e-09,-5.68850135003909e-08,-6.08919232134904e-08,-0.00091499318355028,-2.34876465538702e-05,-0.000104710920830198,-8.09185896617054e-09,-0.000893306715357853,8.51091459072675e-07,3.86445204696883e-07,7.14033328891443e-11,7.89206766888607e-09,-1.93189448301434e-06,-1.26767002394475e-06,-2.16509523557006e-08,2.40835176607244e-06,5.01371957357855e-07,2.09515343904607e-06,1.75953676937007e-06,-8.90047940259199e-07,-8.54784705571612e-08,-9.75644142867053e-06,-4.53524686849651e-07,6.30962096307273e-06,3.37374949935243e-07,-1.86050783842566e-05,-4.04282685866916e-09,-7.93606582866066e-05,-5.00762538103188e-07,-1.1040431208311e-06,-3.06277991426603e-05,4.89517557782231e-09,-8.34775885853276e-08,2.47033056674524e-08,1.57828174566691e-08,-9.367911476779e-05,-1.82708316290701e-06,-8.40653609582599e-07,1.01597499529109e-06,2.24679918525672e-07,9.58380986410438e-07,-2.92153664291338e-06,-1.67933893149714e-07,-1.59389324278608e-05,-9.90525370666092e-08,-0.0003815897795133,-5.08203174958327e-06,2.90825070700871e-07,6.20246646723042e-08,1.92125121005429e-06,7.11403616261304e-07,-7.29957716263373e-07,-7.58915388787643e-09,-3.37141848351177e-06,6.70591221735776e-17,-3.21289359444897e-08,4.59822885230839e-07,-9.47736007265349e-08,-2.45856397362989e-07,-3.33209848859847e-06,4.60985123710519e-08,-6.60704666014716e-07,2.95283963200596e-07,-6.08138879506973e-05,3.66125808697669e-08,-7.42538498119854e-08,3.01778863949131e-05,-1.97531242069768e-08,2.17716248755073e-06,-3.22858723225728e-05,8.04588736558624e-09,-5.33900468865749e-10,2.57143175995869e-08,-2.49602791903924e-08,3.94094247462513e-07,0.000192632273238395,-0.000198171648813402,3.70823868130254e-07,-1.16566679018994e-05,7.95495033453166e-06,-4.85186433011772e-07,8.60134116822109e-06,-3.21230178115654e-05,6.71471206086943e-09,5.84528809380092e-05,2.84028178743951e-07,2.34756952335622e-06,6.21670870365214e-09,-3.34151278323487e-06,1.7383051046897e-07,-2.28000615895151e-07,3.63080546393344e-07,-7.05665653798759e-07,5.55434617381016e-07,-4.10395187113027e-08,8.06238026962671e-06,-3.52898800177347e-08,5.8331937761727e-06,1.78663555103752e-16,-1.4757181517287e-05,-0.000141903162954195,-1.56417498262352e-11,-1.40401749036847e-07,2.11006209993618e-07,-1.3215340683664e-07,-3.77199581833454e-08,4.71570383272564e-09,-2.11558985709678e-07,8.00873611793979e-06,3.03280833113493e-06,-2.55319868044721e-08,1.38478971450309e-05,-4.6999744661482e-05,1.32265447462733e-06,-0.0023894661042306,3.3303538230845e-07,5.8897929602912e-07,9.12112081096363e-09,3.25880152703998e-05,-5.78360421811255e-06,2.68494414413098e-08,-9.07243378345087e-06,1.17674988074029e-06,-4.42085236514725e-06,4.58740646317951e-06,4.21999565252479e-05,2.28135538131657e-06,-7.59137157300298e-07,-5.8845153161264e-06,7.59311144172647e-07,-4.73025998422948e-06,1.55843850198382e-05,9.10711599002789e-05,-0.149783501961072,1.69446153492784e-16,-1.8975949783463e-07,-9.39116129428944e-07,8.3604714931889e-08,-4.46113248816018e-05,-4.78564679533989e-08,-1.18274245358211e-05,-0.00199553630097566,2.46609188419247e-06,-1.03362655703579e-05,3.22343443221482e-16,0.000725005042043651,2.13126065726689e-09,1.53175842762233e-06,-6.5227630910135e-08,-1.15760439691579e-06,7.23631122791685e-07,1.10512325946897e-05,-2.79119351596826e-06,2.48017652127396e-07,-1.41339913158205e-05,4.26011217272894e-08,3.93035981097358e-06,5.12819280274823e-09,7.2003680193786e-10,1.02281855685461e-05,-5.44720800771408e-08,1.80377515365636e-05,9.35509653417497e-16,2.4408070672312e-07,-1.86745326737612e-08,-5.38056544875274e-10,-4.45985956122262e-09,6.71644915361522e-06,4.68423853873539e-05,-1.1235577829439e-07,4.11252744204916e-07,2.30430689858823e-07,-1.0274878275004e-16,4.08188887694453e-06,1.43424960049252e-08,8.71174013617751e-05,-4.98907868904017e-17,-8.51736155926931e-07,-1.08618360368049e-07,1.66688671257278e-08,1.14009776163934e-05,2.15299017246631e-06,1.95823288014987e-06,3.64596256611992e-07,-1.87497687565731e-06,-7.86996540022413e-08,-4.27226982386924e-09,-9.54783962219959e-07,-2.88836558975991e-08,-1.57025281007733e-16,1.06832464127204e-08,-3.9046326870427e-07,-1.63891852200955e-07,9.88973484054259e-07,-2.57226526699688e-16,1.85116521986378e-08,-3.09694470166256e-09,3.37167205741707e-07,4.72762828837412e-09,1.67647808093507e-06,-1.57103989092763e-08,1.96587991609023e-07,-9.85118856770585e-07,-2.55241482568614e-15,-4.73665645314533e-06,2.44160408933037e-08,-9.30917061923244e-08,-3.00316399760628e-05,4.92635000863208e-08,0.437588754735468,-6.80306505573824e-14,3.27996189244042e-15,-5.18809162657399e-07,-2.18043178340342e-09,2.52714875927085e-10,-1.06856547353657e-07,5.87194139391359e-16,3.17998525140948e-08,0.000389641755790548,-2.73762407963358e-16,-6.35547123029095e-16,7.95543957559204e-16,3.30071607827707e-08,1.1545005394577e-09,-2.33010956814595e-09,1.00763060545185e-07,1.48207113664384e-08,3.62916969235644e-09,-1.61972909843233e-09,6.37745728695699e-16,-5.31248376760361e-10,1.66862639907746e-09,7.90253249905961e-16,-9.95896035599605e-17,-1.48021344016023e-09,-9.14442320592335e-11,-1.01811637997357e-09,2.70690556977297e-07,1.15588264840347e-09,-4.69768174374898e-08,-1.03411313125822e-15,-1.68501140759007e-08,7.37074402320021e-16,-9.81550861945296e-07,4.69757696283657e-16,-1.45097655639672e-09,-1.66424143192889e-16,6.23369759833393e-09,1.65573816634737e-09,1.39269682220273e-07,1.1493702962935e-07,5.12036537129344e-09,-6.10128767090101e-10,3.98827338346896e-09,1.59836945747705e-09,7.66394561586947e-07,2.60340659589908e-08,1.57155769384314e-09,-4.62619205635621e-09,-8.74686386708708e-07,-6.21032203221533e-06,-2.37379100929754e-09,-1.780794305668e-16,2.31416503558495e-08,-4.13622642278592e-09,2.3531374525043e-09,-1.69880616140074e-16,4.49217199171497e-08,1.3297422844663e-07,4.32587895106908e-08,1.17810107255639e-16,-1.05689196502431e-08,-6.14734318137377e-07,-6.96514023470274e-17,-7.77554838276844e-09,1.89942806139689e-08,2.68367668977829e-16,-2.9733504124405e-16,-7.23292139912304e-10,-4.09902241283944e-07,-2.36888474081653e-09,-3.34234005415657e-06,9.7563077422083e-08,2.59983363792451e-09,2.21501706896637e-05,2.40086427264547e-08,-6.26106736735854e-07,2.23397147135207e-15,1.17451766205435e-10,8.59580020380307e-09,2.39542806986991e-08,3.84019468699744e-06,-6.30437828600312e-17,-3.36068236137367e-16,3.25908434817884e-07,2.35533374107029e-16,1.43573720077625e-17,3.70132059147946e-08,-5.53732468342404e-08,-1.03707096203135e-08,-1.0266548228812e-07,2.76961574798992e-07,7.24289423990567e-08,9.32251446789452e-08,-2.32558816343986e-16,9.15914276405843e-06,2.52182610779542e-08,9.74019629749201e-06,-1.14197563642536e-08,4.76920474839519e-08,3.30343016578999e-16,-3.30396036799453e-16,2.12657981661935e-16,-4.79721706235134e-07,-2.28090183020113e-09,-1.48351896502805e-07,-2.02437227367284e-16,-1.83254885016564e-09,3.16399127203857e-16,-4.49525339924738e-16,3.87233363057881e-07,-9.73764849387278e-08,-1.0842021724855e-18,-8.84422415077697e-07,-1.27793266056365e-08,-1.03048354392508e-15,3.52642909078151e-08,2.05658996016724e-16,3.96634655826817e-06,7.84697844164219e-16,4.43392076090882e-06,2.3958556195367e-07,1.01019567797436e-08,0.000103731887065297,0.00922812848075017,1.05551859166573e-09,1.72938620920886e-07,-1.34443086186433e-16,1.69643297221019e-07,-9.96577976317631e-09,6.80070400881538e-16,-1.38332005031815e-09,-3.09665867572048e-08,7.83621745893756e-09,-1.01433452144311e-16,3.47079154847879e-08,4.94589391614637e-08,-1.46755824241022e-15,-1.52855851236146e-06,-1.22902940286334e-06,-2.15271039345213e-09,1.95262668887152e-15,8.39956282020432e-15,1.24083352976314e-07,0.267798518778037,-2.59395270613634e-06,9.35059904794497e-09,-6.37148340776944e-06,-6.6927580020093e-16,-1.3321686061949e-15,-2.09435496271871e-06,-3.66268187055778e-09,-1.36783531673273e-15,-4.22197371948509e-05,-2.59157887520334e-16,-1.05108601264303e-08,1.47315143302005e-07,1.94571505258652e-07,1.22713189695734e-06,-6.94978604382477e-16,-3.98270668947903e-17,1.9960063411246e-15,-9.98515057125442e-17,6.1615070457526e-10,2.06454579654361e-09,-2.86777683136749e-16,-2.19950034711314e-16,-5.82793457718162e-16,-2.56239050585214e-09,-2.17940001004507e-11,1.02981758523783e-09,7.61854023925519e-17,9.09408453490107e-16,-4.88798996937934e-16,2.42395600704908e-08,-7.23649491642389e-10,7.29443346081701e-16,-9.26167722847799e-11,2.07879875476677e-09,-3.04941990630032e-16,6.32991235211874e-16,1.58124697242385e-07,8.73289962201717e-12,4.78601578151616e-08,-1.34967430148312e-15,-2.41084971900915e-11,2.10995966353441e-09,6.0479210621896e-09,-4.26130888412126e-08,-2.86203805325105e-09,5.71237600010002e-11,-1.93480841878697e-15,-2.79929888366313e-15,1.06658117890332e-16,2.58607100155061e-09,-2.37008237975694e-09,-1.02500473350793e-07,-1.39647230339361e-09,2.75400283027982e-15,-5.01700806982622e-16,-8.58387572601179e-15,-1.83980459248636e-15,-3.83758140713402e-16,2.23569621433278e-08,3.29194293209603e-15,8.36696582517775e-16,-0.125356417769741,6.84305774343856e-15,9.54288416541358e-06,2.35842206563052e-15,2.5580791430678e-06,1.18769008842513e-14,-1.42210518018018e-07,-0.255992492547051,4.32465802580497e-08,3.22946936442583e-16,-1.51097289446197e-06,-2.55080061796587e-15,-7.29519247078481e-08,6.85277114103368e-09,-3.71604876254336e-11,7.56201248642036e-16,-1.70295827632599e-07,1.07865590331265e-15,9.25007430350645e-09,4.65735318441386e-09,-4.20353181175906e-16,1.99203729408033e-16,-8.67964622231207e-17,-2.30437386496171e-16,5.58441507542393e-10,2.64342974857829e-08,2.60211889906726e-07,2.49368694949484e-16,-8.65690806374558e-17,2.23136806459584e-10,-1.78555640867502e-09,1.68165712732793e-15,-1.22028716063413e-18,1.84792791885902e-09,3.24632198426396e-16,2.96338197867553e-08,-4.24444624270333e-17,-1.20665201459546e-09,-1.01605107296378e-16,1.81477419163244e-16,-4.0654304947004e-16,1.52687975557794e-16,-7.77381253086559e-17,-1.73413345889278e-16,2.67325383614207e-11,-1.91082731880894e-10,-1.6665510767334e-16,-1.97478799952715e-10,9.48411961156374e-09,1.93634708191525e-16,-4.61279996217657e-16,-1.16951716283569e-16,-6.94013880279166e-17,1.31236900502803e-08,3.79411011130872e-08,3.62020347176272e-16,-1.90857873651119e-16,-2.9510423170867e-09,-9.61721740567313e-10,-1.4992400464658e-11,4.3851024491406e-16,-3.41399786509907e-17,-6.04197266691079e-17,-1.09712250734453e-16,3.23666038430152e-16,-7.207076434958e-17,1.01415847656345e-06,-3.04580620932631e-08,-2.78416368371914e-08,4.36366058971772e-18,4.15342904321881e-16,3.29274602241461e-17,-7.60221160817154e-17,4.59523749677783e-16,-2.40082369988986e-16,3.99594093973611e-16,-3.94548057551778e-17,1.12300434039785e-16,-2.11977546096239e-16,8.63711643761254e-17,8.95990665953754e-16,-6.02677560284248e-16,2.01264503812466e-17,1.19940732066451e-10,-1.65649517707615e-16,-5.04203875040159e-16,3.75911627774668e-16,1.75211848731046e-09,-2.18205403239773e-09,4.85694823544262e-16,-4.57353414681978e-11,1.67850310520643e-09,-6.30113724014008e-17,-7.37561620326304e-16,-3.3741265604769e-09,2.72522117416699e-16,4.51592162253162e-11,-2.37605673719748e-16,2.05801781110439e-16,-1.68644550510894e-16,-3.21840791201927e-16,4.84406665743269e-09,-6.51469137291675e-09,1.58265859868759e-16,1.01803759619651e-15,1.92458928975177e-16,5.29381105219987e-17,-3.89851996171475e-16,-1.73898786600984e-17,3.99437677675146e-16,1.87111790990252e-16,9.41139270418782e-11,2.20701575402973e-16,-6.12901963427755e-17,-1.30781400417205e-16,5.02754194467425e-16,-6.00639810161327e-16,-1.15807324678154e-16,-2.11334062317605e-08,-4.47272838225966e-16,1.69697969799017e-16,1.43786891068915e-09,3.60083068562454e-16,-1.30733560877776e-16,1.18241607979529e-17,6.35295225391243e-16,1.27841538808335e-09,-1.95379849290313e-16,-9.75649805841365e-08,-1.46947638662241e-16,-3.82333828176965e-16,-5.1780881532851e-16,1.85911449944584e-16,7.42333302438476e-17,-5.83980285760322e-17,1.58249139397172e-09,6.04839263365213e-16,-2.44791584851619e-16,2.04260915898218e-10,-2.0219423309474e-07,8.30455626034128e-17,3.69565197900536e-08,0.000195393875761481,2.59064884971111e-16,-4.28097486056337e-17,7.83684341145315e-16,-4.81147250080266e-16,6.60505933522187e-16,-7.49327761457594e-05,5.02809615426977e-16,-1.72814926246505e-16,-6.91336254255334e-17,5.66431179604484e-08,-2.84449785368852e-16,-8.60602356264342e-16,-3.10750479263037e-16,-1.19939537213308e-16,-2.60585790164505e-07,2.84440794248564e-17,4.62434052920513e-11,-3.00239663866954e-17,-4.2581640251012e-16,3.84924458227334e-16,2.26157224692279e-17,-5.43106331645741e-16,-3.96433281538798e-16,-2.80717062500884e-17,-8.24852790106568e-10,-1.19512950913294e-15,-1.13678573373239e-15,3.49004791527909e-10,-6.37204011567008e-16,-1.01085653370607e-16,-6.34760071157855e-16,3.31614854734581e-17,1.41785046152683e-16,-5.19697823913396e-16,-2.57941665216831e-09,-3.45260507087136e-16,-5.87935746291671e-16,7.74497771469086e-10,3.89756102110274e-16,-3.72834221754839e-16,5.76021992985046e-17,2.48254412116626e-16,8.34168984559982e-16,9.57199053020239e-18,2.22625714073243e-16,2.86643669108978e-16,2.53720428433626e-15,-1.59024363844637e-16,-7.15895027693571e-16,-4.18406101172798e-10,1.39215516078734e-09,-5.26342886352709e-16,-3.01542926760094e-16,6.96057717374847e-16,-3.22708870311391e-16,2.43620228157493e-16,1.23191157391495e-15,5.12652446669505e-16,6.46065253704441e-16,-1.3500007220469e-09,-4.81379627410446e-16,-5.2959253029567e-16,-4.83321773390963e-16,2.19365367921334e-16,1.59396027893276e-10,7.76074247220118e-16,-2.56684166354391e-11,7.42687404174784e-17,1.80566078531301e-16,8.32876674846088e-16,-6.64715459890491e-17,-8.95222472521612e-16,1.91716269022442e-15,-5.42549056340507e-16,-2.26952314718354e-16,4.65050873953607e-16,4.53315292871778e-16,5.86857374477046e-16,-2.17097769692684e-16,-5.1734281901748e-16,-1.02826343886521e-15,-2.88600409660839e-16,1.17096111626179e-15,6.51268946888782e-17,1.0185582377098e-15,-6.06696600482972e-16,1.14847323373054e-15,9.17506088465858e-16,2.378364192902e-16,1.44654313090459e-15,-5.13559114119296e-16,1.96653312878102e-16,1.02605366522152e-07,2.20628949799757e-16,1.57516224856242e-15,-6.34695408960095e-16,-2.53527534931286e-17,8.99793932432228e-16,-6.17617697157809e-16,2.32662158773738e-15,4.78780432244996e-15,-5.57094601291189e-16,-1.25621077789051e-15,-1.99813039378216e-15,1.39900994163213e-14,6.85496413654753e-15,-1.75150943930448e-14,-9.37198024151866e-14,0.707106781186546,-1.01753499438204e-13,-1.73771809466281e-08,-1.00037206867579e-14,-2.82694528818085e-15,2.31110773067828e-16,4.08771114298421e-16,-2.6966005761021e-15,2.81667934757392e-15,1.45210764390346e-15,1.04845594109277e-15,8.53902471401494e-16,4.10887641861363e-10,-2.14751084808524e-17,-1.5496883666009e-15,1.21860314442606e-15,-8.73281340554965e-16,-6.60123891038941e-16,-3.23932202095461e-16,-4.29302571996206e-16,-6.75714254232669e-16,1.37591789070555e-16,-8.96520481046612e-16,-4.93671300246715e-16,-1.27345757873953e-15,-2.20383238022548e-16,3.33067435773529e-08,2.85136614111783e-16,1.32942351988718e-15,4.30746576418307e-16,-1.40892072314491e-16,-5.92517176134018e-10,2.77108298321511e-16,-2.22868756248449e-16,-4.93304892108258e-16,5.20324173703679e-16,-2.57277362718805e-16,4.09885063284043e-17,2.18269933392205e-16,6.28889056544654e-17,4.86683686527398e-17,-1.00185274224537e-16,5.39361088007816e-17,1.64383720236219e-16,-2.69861148743626e-16,-7.87100113820459e-17,5.00013315910437e-16,-2.14131465341508e-16,-1.84095651970872e-16
"t393",0.0369660677828533,-0.0114188953432907,-0.0125279391316327,0.00076509203648398,0.00733635512242067,-0.0208664032955754,-0.00296348815313682,-6.55745496901175e-06,-0.0671679189110937,-0.0563553123276894,-0.0649499495425456,0.000909637429198153,-0.00198950821572118,-0.000440538817586091,-0.0134095426209137,0.000356752953019246,0.000244275003417765,-3.05323999966635e-05,-0.0147580166201122,-0.00645216355884443,-1.28385786906255e-05,5.6875871562256e-05,-0.0671396931909994,-0.00270976490798534,0.000253568876965588,-0.00190648088271996,0.0180607037372849,0.000131203733078268,7.77211941974999e-06,-0.000102654281254938,-0.221472374093248,-0.00786432024361451,-2.72780251697757e-06,0.00239539338585535,-0.00290567304440867,-0.000447294878815052,-2.00588415259272e-05,7.95993559038138e-05,0.0246023292798877,-0.0023738290335621,7.35624005291792e-05,-0.0187537124863839,-2.75415525453959e-05,0.00164525204267988,-2.38622839403846e-05,7.03488049907896e-07,-3.23702812068802e-08,-1.46438827856524e-07,0.000211500487189579,-0.000645599254967626,1.01716001318606e-06,-1.66916682174748e-06,2.26788143528046e-06,-8.3611027635374e-07,9.14338504440401e-05,-7.19257252810888e-05,4.38983192008511e-05,-5.62749255722243e-05,0.000493060063717281,-9.14591163076782e-07,-9.41565370506762e-07,5.19768858648708e-05,-3.29138040399495e-05,2.51868789027279e-05,-0.00584405217877189,3.27396263059207e-06,-2.74649587340358e-05,8.89046463259122e-05,-2.20193950530909e-05,0.0001036300214662,-1.15228617027808e-06,4.27119553038672e-06,-1.57938587903516e-05,-1.22012707144833e-05,5.26480159391912e-06,4.94272744293056e-06,-5.28281810478929e-05,1.03564024916655e-05,-0.0466134343238518,0.000878576780425881,-1.71202558894631e-05,-0.00115521255144717,0.00594376808193698,-1.01243223024817e-05,1.36148960935439e-06,2.02137804213872e-06,-5.7118404959107e-07,-1.05165352578264e-05,-2.00172041678764e-08,8.40374166102831e-07,-9.74516394329706e-06,1.13742086582658e-08,8.19124956653228e-06,-9.08590318541089e-06,-2.45094620766338e-06,-2.97786234096011e-06,-3.50570017400172e-07,2.04702126724378e-06,-2.37501943334446e-05,-0.000560093628299927,-1.32831857710859e-05,8.91364662362447e-08,-1.89725491962999e-05,3.91643105800665e-05,-0.00467179722563896,1.20347766064251e-06,-0.000391212894459533,5.35216623966584e-07,-0.00104158090114748,1.75572362539814e-07,6.19182024788856e-06,1.521350140389e-05,-4.83051284072581e-06,1.06015778442045e-05,-1.455574245373e-05,5.43183773704748e-05,-0.151598805081538,-0.0431928052255432,7.0956967707556e-05,-2.29761654605049e-05,1.17153584987423e-05,-1.61350433208658e-05,0.000186282541236744,0.00018323621368273,-8.7232736368175e-07,1.50360511001319e-05,-1.53611747675045e-06,3.12530041230001e-05,-1.90694806200147e-05,-0.000660530449886658,-4.72403635915367e-06,1.36142131049672e-05,-1.05977436136896e-06,-0.000123199852695912,2.18492849790799e-08,-1.4149095950799e-05,2.9271571190522e-05,8.30326670887429e-07,-5.83725263715727e-05,1.65515806244665e-05,0.000346123652628938,-8.04984390365234e-07,-1.1186129744346e-06,-1.12823497840218e-07,-6.52967569266292e-10,7.8152602948178e-07,-1.57859793780459e-07,0.00172336972778458,0.170274976084964,4.85869169334481e-07,5.61732561104656e-07,2.24940123589782e-05,2.76840695844009e-07,-6.0079887743784e-05,9.51606005293401e-08,1.65862025280487e-06,-9.70853690513602e-06,3.52440231883625e-07,1.54466297178731e-06,2.04900882406914e-07,1.49189435677058e-07,-2.04241264181533e-08,6.90057551748473e-05,5.50592064755837e-08,-2.19543238017773e-08,-1.0336081614449e-08,1.93488643837311e-05,2.67604809555148e-07,1.69814789757309e-05,7.2701519004694e-08,-1.69161636285349e-07,-3.05558353298824e-08,4.67626585484038e-09,2.46393992065902e-05,3.43512661615229e-08,7.20042697252805e-08,3.20015469373075e-09,-1.55146303155653e-07,-8.43899378356474e-06,-9.92856612248104e-07,4.24685280541401e-06,1.41996641937744e-06,-3.30434039825191e-07,-1.49619950702927e-09,-5.27885624288218e-08,-5.64655150895087e-08,-0.000848325306170913,-2.17420191286721e-05,-9.692362756796e-05,-7.48611362192574e-09,-0.000825230106298628,7.85276953830393e-07,3.56411662009985e-07,6.58128247058809e-11,7.27074689576564e-09,-1.77731707569098e-06,-1.16588562437575e-06,-1.98997439643792e-08,2.21284231803995e-06,4.59525058012018e-07,1.92005634415876e-06,1.61078243955771e-06,-8.13952792545955e-07,-7.79744788112095e-08,-8.8998389170323e-06,-4.1360980868511e-07,5.75022209636757e-06,3.07312136046782e-07,-1.69249792229447e-05,-3.67175860889513e-09,-7.19819553654667e-05,-4.54018736466196e-07,-9.99148944428728e-07,-2.7689547409327e-05,4.42544177844181e-09,-7.54070045909462e-08,2.22697488595585e-08,1.42224713343632e-08,-8.42414174233475e-05,-1.64063182631037e-06,-7.54486608890316e-07,9.09944912802217e-07,2.01131913140542e-07,8.574695301532e-07,-2.60957492156058e-06,-1.49951441828824e-07,-1.42310084222211e-05,-8.82772448022901e-08,-0.00033970093639658,-4.51854358506305e-06,2.58432970231616e-07,5.50841190250692e-08,1.70532745461487e-06,6.31352841347491e-07,-6.4688686887723e-07,-6.71944001519712e-09,-2.98213803779311e-06,-4.02364192039198e-17,-2.83792196343646e-08,4.06043249692343e-07,-8.3525830511631e-08,-2.16350858008575e-07,-2.92854823097426e-06,4.05124817569865e-08,-5.79291937865206e-07,2.58797057729212e-07,-5.3289737812502e-05,3.20549129904404e-08,-6.49722949900798e-08,2.63773612390051e-05,-1.72572256546387e-08,1.90169302675966e-06,-2.81703936740705e-05,6.98836512238402e-09,-4.62972992760916e-10,2.22678999245338e-08,-2.15507090451287e-08,3.40188681847585e-07,0.000165935488162046,-0.000170506058542376,3.1851713297657e-07,-1.00069975749648e-05,6.82526376679508e-06,-4.15955458463138e-07,7.36535757284536e-06,-2.75033533543608e-05,5.73181239926418e-09,4.98930972751573e-05,2.42416534138373e-07,2.00199555355296e-06,5.29995723273812e-09,-2.84597853746373e-06,1.48025190254481e-07,-1.93004641417814e-07,3.07148221062539e-07,-5.96645416107952e-07,4.69057607129987e-07,-3.46238082516452e-08,6.7870589518659e-06,-2.96886098101825e-08,4.90484425501393e-06,1.32130622513405e-16,-1.23868351855889e-05,-0.000119082624746913,-1.31159935468412e-11,-1.17522454493858e-07,1.76347978147825e-07,-1.10365425611597e-07,-3.14895917345425e-08,3.91812926428382e-09,-1.75723396522091e-07,6.65159588724503e-06,2.5153216811733e-06,-2.10900161463086e-08,1.14306209988074e-05,-3.87764578692456e-05,1.08946380536175e-06,-0.00195586232439447,2.71873182959462e-07,4.80737476989655e-07,7.44450606068122e-09,2.64195432279267e-05,-4.65165552626315e-06,2.15722854663468e-08,-7.27823532850705e-06,9.42285490644342e-07,-3.53798900884764e-06,3.6536657037405e-06,3.35981146655196e-05,1.81511580466959e-06,-6.03714939560975e-07,-4.67265745957593e-06,6.01922890086824e-07,-3.74390725398307e-06,1.23262593435251e-05,7.19473313441539e-05,-0.118034480638727,1.13605831779512e-16,-1.47208157622357e-07,-7.27361685878712e-07,6.45970846771429e-08,-3.44664157714624e-05,-3.69707915908338e-08,-9.13166649742316e-06,-0.00153897426830225,1.89932182220426e-06,-7.93896582653526e-06,2.1585897119071e-16,0.000553325473491609,1.6252864334345e-09,1.16610982762584e-06,-4.96468609522855e-08,-8.7733253339173e-07,5.47127172870321e-07,8.32743154236185e-06,-2.09831714737462e-06,1.85497986301217e-07,-1.05208294330286e-05,3.16133537296457e-08,2.91155409571596e-06,3.7947647051098e-09,5.31780851680528e-10,7.55237497518975e-06,-4.01660324326958e-08,1.32861762158882e-05,9.26641735130684e-16,1.78328783188387e-07,-1.36206044039008e-08,-3.92434560565101e-10,-3.23695300592437e-09,4.8711527261016e-06,3.36613045484652e-05,-8.05250925684802e-08,2.94588295278523e-07,1.64731482524857e-07,-2.53361763526942e-16,2.9113801586579e-06,1.02209007553224e-08,6.18824152310047e-05,-3.0798343432494e-16,-6.02889039317676e-07,-7.68197320241558e-08,1.17838527335317e-08,8.05255322742629e-06,1.51837223060224e-06,1.37945266069334e-06,2.56606358447235e-07,-1.31613073321323e-06,-5.52253923557422e-08,-2.99245397644882e-09,-6.66596339209807e-07,-2.01621864973814e-08,-1.22728387265112e-16,7.40954599292148e-09,-2.70506642024701e-07,-1.13258231989148e-07,6.80829852395019e-07,-1.84441314504822e-16,1.26379264518852e-08,-2.0941785608148e-09,2.27002646155328e-07,3.17643465678457e-09,1.12363076010683e-06,-1.04812140357073e-08,1.3016466375294e-07,-6.39847481691159e-07,-1.7885406986383e-15,-3.02290412562925e-06,1.55578775374525e-08,-5.91242278429674e-08,-1.89866502069325e-05,3.11344712836724e-08,0.276196396522292,-4.30116012251069e-14,1.8417487763448e-15,-3.24999396234812e-07,-1.35683943530159e-09,1.57126668437215e-10,-6.60388368308059e-08,2.61824642219794e-16,1.93895892942744e-08,0.000236135103619547,-3.12334471977643e-16,-8.23457094792026e-16,4.07435545743386e-16,1.96159678690307e-08,6.84368696197925e-10,-1.36903867934169e-09,5.87517238035759e-08,8.63368717846674e-09,2.09669592002689e-09,-9.34871486541227e-10,3.41716376427333e-16,-3.01391857166279e-10,9.4081057890899e-10,6.67496513800801e-16,5.39005855874572e-17,-8.13986922640205e-10,-4.99753330802967e-11,-5.51753893264847e-10,1.45861463711327e-07,6.1596599845073e-10,-2.49883893151969e-08,-9.13415929827277e-16,-8.94078597452868e-09,4.87214658323941e-16,-5.17063632260904e-07,4.46637084955404e-16,-7.60242984484894e-10,4.23593217454247e-17,3.24360631939596e-09,8.60322475469029e-10,7.10020895535372e-08,5.8355137396635e-08,2.59517202030474e-09,-3.06886588077043e-10,1.99266993185809e-09,7.8603389732833e-10,3.76838105967091e-07,1.27376124789389e-08,7.61865262477462e-10,-2.21470617070385e-09,-4.14249898367636e-07,-2.91591982206633e-06,-1.10978383772691e-09,-1.67809793054441e-16,1.06738905478893e-08,-1.88256472393468e-09,1.02955772909589e-09,-2.61217219833737e-17,1.9420926147403e-08,5.64342284716112e-08,1.82112366622415e-08,2.67339540016741e-16,-4.43067725892402e-09,-2.5336828550157e-07,7.24882759297477e-17,-3.17749572202934e-09,7.3526174104464e-09,-4.07325506011051e-16,6.42303704317673e-17,-2.73716341636925e-10,-1.54798255043635e-07,-8.85860608639896e-10,-1.23529870880613e-06,3.50822325421947e-08,9.32590412253844e-10,7.91809855637046e-06,8.25415913165018e-09,-2.0810110408034e-07,-1.82227280140501e-16,3.85229659952274e-11,2.81281187993589e-09,7.77470025011567e-09,1.2340008438796e-06,4.97542471077284e-16,8.60086574958037e-17,1.0327574530239e-07,-1.02876598054539e-16,-1.47945178202095e-16,1.0658639054349e-08,-1.56595800500986e-08,-2.93171000565063e-09,-2.78432892137694e-08,7.46766479684055e-08,1.95044206177011e-08,2.49007779420569e-08,-6.1302866291142e-16,2.22777188895039e-06,6.0014069395466e-09,2.30094985961134e-06,-2.59729786646331e-09,1.00609003951469e-08,-1.33216867572285e-16,5.42117925051074e-16,1.35969905855268e-16,-8.93047264334589e-08,-3.9920800525077e-10,-2.58375693700543e-08,-2.83153891366392e-16,-2.98963734511783e-10,-1.77036259785654e-16,-8.32412045032849e-17,4.31491584452482e-08,-1.07839030382666e-08,-6.81529485624388e-16,-8.59254590338424e-08,-1.13816962384446e-09,1.47948785858063e-17,2.5419996596642e-09,7.73527418593334e-17,2.01608420228484e-07,-9.52972723269475e-18,2.16708595141649e-07,1.13456801981474e-08,4.60980851314173e-10,4.48361917913393e-06,0.000348446476063394,1.76123269614303e-11,-2.46743709134557e-09,-1.01401377397709e-17,-9.4223195669116e-09,5.99349639698072e-10,1.53425197202021e-18,9.17507382281818e-11,2.40832517396722e-09,-6.91921918145541e-10,-7.02674215005022e-16,-4.36489178820123e-09,-6.60191104466177e-09,2.73669374067233e-16,2.199759325641e-07,1.83277468630886e-07,3.63591088030571e-10,-4.10760410462926e-16,-2.44915312113642e-15,-2.71099531914409e-08,-0.0645143393699592,6.37089860941194e-07,-3.31610769089953e-09,2.38424480461785e-06,9.74387879913958e-17,1.12303378963101e-15,8.1268351949541e-07,1.42774089026912e-09,-6.86256816351771e-16,1.747200141e-05,4.14733398446811e-17,4.60218758142546e-09,-6.95537750877059e-08,-9.2351678533696e-08,-5.945979128709e-07,3.65749042504401e-16,2.84050793409599e-16,-5.45412092988008e-16,3.84688021212674e-16,-3.57361899335884e-10,-1.21472271155952e-09,6.52580147555764e-16,1.05769615644916e-17,-1.175203553489e-16,1.58725485112997e-09,1.38010045540444e-11,-6.9215534108241e-10,-1.84247902124064e-16,-3.01905581697598e-15,1.29048518832803e-15,-1.98566098041356e-08,5.96802060986901e-10,-5.49351932137623e-16,8.24104363876802e-11,-1.90714422387179e-09,6.58098463338715e-17,-1.1936315415056e-15,-1.55895712613698e-07,-8.65916947849489e-12,-4.95100441949372e-08,7.96040823745735e-16,2.67696130140055e-11,-2.4367321585653e-09,-7.37855861517834e-09,5.60668339566812e-08,3.84325551308509e-09,-7.97096976965849e-11,2.97900944672238e-15,6.70359830630341e-15,-2.2564458180067e-15,-4.51799331472739e-09,4.1553579288219e-09,1.85111148267227e-07,2.94202320163361e-09,-8.87307277428968e-15,2.81267052809987e-15,2.45508116996499e-14,6.40360817315075e-15,3.45830165994887e-15,-5.59060391650429e-08,-8.15153805188595e-15,-2.23277647239979e-15,0.336442052532048,-1.89817493463528e-14,-2.57105221488996e-05,-6.16996562914581e-15,-6.93680882969319e-06,-3.50730402913933e-14,4.38940416177849e-07,0.815938330834851,-1.44942048967381e-07,-1.25667165340584e-15,5.39785467720625e-06,8.0360942787481e-15,3.02452958194961e-07,-3.53181414589769e-08,1.93490769494668e-10,-1.44833491839586e-15,9.78735906361193e-07,-3.18335001361758e-15,-6.31545493016597e-08,-3.20867722879867e-08,3.55757154067396e-15,4.28794037669981e-17,1.01852313120411e-15,8.89536611453378e-16,-4.52538844054162e-09,-2.24426787851391e-07,-2.3372996445897e-06,-9.72408449165942e-16,9.11950919483568e-17,-2.74090284714256e-09,2.22870027888518e-08,-4.09607403682202e-15,6.78605876155846e-16,-4.10445764187002e-08,-4.90687410272226e-16,-7.83636689438104e-07,4.44315658029485e-16,6.90379094396689e-08,9.27473127522645e-16,-8.27038106141847e-16,9.03740460485851e-16,-4.6249056241416e-16,1.93375802723321e-16,-3.4043611854871e-16,1.24266609312144e-09,-8.68416048344241e-09,4.830582200552e-16,-5.65486402905423e-09,2.35769410845865e-07,2.05024556845928e-16,6.80942265268248e-16,-4.55899047287225e-16,3.59422905962385e-16,2.10149786894696e-07,5.62166840876643e-07,-2.50414874228588e-16,4.74284519318273e-16,-4.03996949812746e-08,-1.30377302902257e-08,-1.96797811909981e-10,2.10335191216113e-16,-6.79855916256444e-17,6.79123460558632e-17,7.1197966701442e-17,-8.42839338247566e-16,2.55297465103614e-16,8.91168897293532e-06,-2.59948268628954e-07,-2.31068090683196e-07,-2.08849874732956e-16,-1.46830441674103e-15,-1.66269217869116e-15,8.58850260008352e-16,-4.59505764961186e-17,1.52180705489078e-15,-2.23037520402504e-16,5.91826817689386e-17,-2.1192029399313e-16,4.30926621980588e-16,-4.14024293888006e-16,-6.51182994649806e-16,5.99986800595469e-16,-3.46632856552722e-16,6.93053480148402e-10,1.79975584186437e-16,1.28481064086283e-15,-9.34574565286158e-16,9.75629654360243e-09,-1.20501830323001e-08,-8.16438833232431e-16,-2.5129040657641e-10,8.841395270192e-09,3.50734405635595e-16,1.65749468747813e-15,-1.69201246444958e-08,-6.50839613116642e-16,2.14183767198173e-10,-3.66613461937504e-16,-3.53774841648004e-16,7.19621924094188e-16,1.10250561787825e-15,2.12242439502065e-08,-2.84005404706465e-08,-2.43904364569417e-16,-2.13557346981551e-16,1.31632793031898e-16,-4.44060027641917e-16,-3.74727375865302e-16,3.26327185539055e-16,2.19962873733279e-16,1.60188650653682e-16,3.3041340782161e-10,-9.91363024648514e-16,-2.47238219485316e-16,5.14112764305599e-16,-8.68454375632171e-16,-2.78073518309981e-16,4.13388642660448e-16,-7.14394121803354e-08,8.93089404060491e-17,-4.94623325534924e-16,4.82810682402986e-09,-7.61104358556721e-16,-3.80042991619821e-16,-1.68279707371369e-16,-4.87840027366581e-16,3.98984875547234e-09,-7.32214652891028e-18,-3.00823299685756e-07,3.50221846298757e-16,4.1884137605936e-16,5.96891608962952e-17,-4.84297969735343e-16,2.93572515348202e-17,-5.08071456142378e-16,4.76399371525469e-09,-6.63471789331248e-16,2.22750703301042e-16,6.04161532813871e-10,-5.97524591637423e-07,2.70910192923087e-17,1.0761951114095e-07,0.000566427467434371,-1.07630874267962e-17,-2.46597710384889e-16,5.20742323599019e-17,-1.94391364419351e-16,-1.23074974714228e-16,-0.000204034275999064,-3.97555804076088e-17,-1.20173760141277e-15,-2.22968906544058e-16,1.5194862790752e-07,-1.96406469866143e-16,-3.71987811873102e-16,2.38237267034937e-16,-8.32056636688042e-17,-6.85842635567094e-07,-1.55643033205949e-16,1.21011899634729e-10,-1.72468828253611e-17,-2.92652125671261e-16,-4.92522064708374e-16,2.62425049060115e-16,-1.9740645959582e-17,8.08910744179899e-17,2.57612348731872e-17,-2.09633913758942e-09,-5.52209839802696e-16,-5.00989321522272e-16,8.80815835856296e-10,5.25323260251568e-16,-4.38546279297953e-16,1.79138005570285e-16,8.88094123297995e-17,2.9661505275688e-17,4.82585333802549e-17,-6.37302615700428e-09,2.36134210441318e-16,-3.07631189856572e-16,1.89603150110024e-09,-5.17042878857065e-16,-1.93468638990816e-16,-3.29815139197134e-16,1.95302340711166e-16,-1.09602611326441e-16,3.32145584099008e-16,-4.78480416442923e-16,7.48229279836854e-17,-1.16751853616745e-15,5.1444677239076e-17,5.27596662730087e-16,-9.91607057104091e-10,3.28704161747994e-09,1.59604765927036e-16,-1.30790117488566e-16,-3.38913311526569e-16,5.57059640521703e-16,3.81530744497649e-16,3.73593750044053e-17,4.16663156515235e-16,-5.66808819367469e-17,-3.12749042758687e-09,2.76025895957909e-16,1.03205550756233e-16,4.45586908116747e-16,2.26261309693878e-16,3.63582645497883e-10,1.8878322253304e-16,-5.75733652381691e-11,3.30713977309203e-17,-1.45445130544801e-16,3.68045710981279e-17,5.96774215734632e-17,4.02956113459919e-17,-1.34328110238649e-17,-3.39098046432261e-16,-2.19682205950314e-16,-1.42590961400829e-18,-3.21074386416469e-17,-1.54190893712406e-16,1.95339427145802e-17,-1.11720127537179e-16,-1.43139989345482e-16,3.2794318997394e-16,1.28887558126519e-16,-4.45853838366007e-17,-3.50149892392397e-16,-1.98162140789385e-17,-1.55643630667925e-17,7.54875762593032e-17,6.91942504785139e-17,-4.26884791968026e-16,-8.23441325965965e-17,1.21123505726009e-16,2.1748459109604e-07,-2.81064699306201e-16,-4.60659848749965e-16,-1.95704541203652e-17,-3.86567790130043e-16,-2.57989858679304e-16,2.25109368413971e-18,5.22357106074849e-16,1.68099304194855e-16,8.91738147291317e-17,-7.59591032720441e-17,3.0254661623208e-16,-2.88841972146578e-17,-2.59637724642068e-16,5.2406055877848e-16,-1.29995791800553e-16,4.850112005953e-16,1.79763311886195e-16,-3.56026141863786e-08,1.40309023740019e-16,5.41518069886669e-17,-6.86691311016135e-17,-4.24095007169586e-16,1.24198903645358e-16,5.18396580585032e-16,-1.05292241843117e-17,7.97338108413166e-17,-2.13763853894861e-16,8.15313375331075e-10,-7.27069136880975e-16,-8.27126484369038e-17,3.42383637284726e-16,3.14931750210063e-16,1.92229105519995e-16,-2.42652086859612e-16,7.70296525463525e-17,3.85928716426158e-17,1.30400100710646e-16,-1.83331014655735e-16,-1.81732086133596e-17,1.38609412278881e-16,1.05070781558865e-16,6.41722391666706e-08,-2.26318427718039e-16,-9.2242212037318e-17,1.1577954208191e-16,-4.24465150528075e-16,-1.1269890078984e-09,-1.26933562336222e-16,-7.3986946509306e-18,3.61268773916126e-17,7.38224242397688e-17,2.65313386712474e-17,1.35569574006122e-17,2.47986653685903e-16,1.48813333457919e-16,-1.17079315341878e-17,8.55164677279433e-17,3.72207446309858e-17,1.50243838781382e-16,-1.8719447321905e-16,-1.82950258069071e-17,2.47120581549284e-16,-5.10889094522679e-16,-1.63894539814452e-16
"t708",0.0369709434965526,-0.0114220664106647,-0.0125315305009439,0.000765385803272464,0.00733980207933629,-0.020877899234674,-0.00296515276511355,-6.56143008265723e-06,-0.0672159708191953,-0.0564041460781783,-0.0650212337670668,0.000910865221521855,-0.00199227130720444,-0.000441159816429961,-0.0134292601718972,0.000357308128608264,0.000244664113055929,-3.05819063193594e-05,-0.0147824930522322,-0.00646377687925273,-1.28635470062453e-05,5.70089901389853e-05,-0.0673054889928426,-0.00271649399277891,0.000254200992657485,-0.001911455982639,0.0181083816535935,0.000131553145506168,7.79336237587656e-06,-0.000102984499527341,-0.222231005474949,-0.00789245484765704,-2.73824777330812e-06,0.00240498913492218,-0.0029178906823838,-0.000449321373240282,-2.01508366837872e-05,7.99700412517196e-05,0.0247176543632413,-0.00238511688175176,7.39219256892353e-05,-0.0188475162726442,-2.76812969898989e-05,0.0016536098082134,-2.39855457174409e-05,7.07345590915033e-07,-3.25509491196589e-08,-1.47262901007329e-07,0.000212718093845755,-0.000649406861032347,1.02335084379975e-06,-1.67947336696814e-06,2.28191419239058e-06,-8.41376053451089e-07,9.20295448323467e-05,-7.23966934356006e-05,4.4211970618657e-05,-5.66862540283256e-05,0.000496673642213863,-9.2166466543198e-07,-9.49137582721725e-07,5.24028475774147e-05,-3.31876307889239e-05,2.53972103915948e-05,-0.00589421458798272,3.30275055211162e-06,-2.77191843811641e-05,8.97461367482393e-05,-2.22299396418948e-05,0.000104638991312089,-1.16456779045908e-06,4.31972294451168e-06,-1.59750120696494e-05,-1.23439464923486e-05,5.32651333414892e-06,5.00114221067345e-06,-5.34545565445645e-05,1.04811563934833e-05,-0.0471949002374839,0.000889688365890454,-1.73418404265319e-05,-0.00117023828590851,0.0060238614498767,-1.02621786048887e-05,1.38085156278725e-06,2.05045794328748e-06,-5.794964936021e-07,-1.06698666529765e-05,-2.03091968011961e-08,8.52647679271297e-07,-9.8881097821062e-06,1.15478738125716e-08,8.31676667847382e-06,-9.22849279559019e-06,-2.49096997769695e-06,-3.026775954693e-06,-3.56329960361574e-07,2.0811521257731e-06,-2.41483356484302e-05,-0.000569673719958785,-1.35140720646426e-05,9.06880210705707e-08,-1.9303321921613e-05,3.98959328935651e-05,-0.00475950626958172,1.22615942576676e-06,-0.000398636600180107,5.45392276582527e-07,-0.00106145023841218,1.78938593000099e-07,6.3107305292379e-06,1.55085148870449e-05,-4.92429187310374e-06,1.08126010665101e-05,-1.48469947039703e-05,5.54176874812838e-05,-0.154682452634151,-0.044083541328118,7.24394483912407e-05,-2.34608809777787e-05,1.19638655892296e-05,-1.64837324149e-05,0.000190356154069071,0.000187245012995692,-8.91444187905982e-07,1.53695295472163e-05,-1.57022007744021e-06,3.19539198710049e-05,-1.95094768151679e-05,-0.00067577583177979,-4.83331715161046e-06,1.39350288891185e-05,-1.08483724782854e-06,-0.000126120974948207,2.23728103911792e-08,-1.44886098803003e-05,2.9989402815182e-05,8.51040731094043e-07,-5.98623875414256e-05,1.69743011029783e-05,0.000354997591051307,-8.25663019216548e-07,-1.1474384249994e-06,-1.15734314492843e-07,-6.6981438218278e-10,8.0186195127291e-07,-1.62036678965857e-07,0.00176973569656766,0.174874945641973,4.99113347042117e-07,5.77055566221469e-07,2.31096957761807e-05,2.8443322359054e-07,-6.17313488988477e-05,9.78304972092375e-08,1.70530632715838e-06,-9.98243243027329e-06,3.62894760538477e-07,1.59102454692505e-06,2.11061801327557e-07,1.53719482625123e-07,-2.10455333365507e-08,7.11314644449396e-05,5.67578319936053e-08,-2.26397455332365e-08,-1.06624574853695e-08,1.99796841699286e-05,2.76339021091596e-07,1.75358856607693e-05,7.50851930132534e-08,-1.74735534593383e-07,-3.15633712153747e-08,4.83196445537111e-09,2.54622677511107e-05,3.55059560522018e-08,7.44284840843128e-08,3.30798397381176e-09,-1.60452285724781e-07,-8.73199022253776e-06,-1.02741658728758e-06,4.3950411505074e-06,1.46987087423126e-06,-3.42079012873647e-07,-1.54906942563502e-09,-5.46586040446163e-08,-5.84826805944909e-08,-0.000878693507174852,-2.25341916809137e-05,-0.000100457088255145,-7.76061881051167e-09,-0.000855971483840588,8.14908589661923e-07,3.69919665328177e-07,6.83233653253674e-11,7.54943820152895e-09,-1.84641090733279e-06,-1.2113471020518e-06,-2.06806461960686e-08,2.29995325145108e-06,4.78052102262327e-07,1.99755430001213e-06,1.67644091964227e-06,-8.47449094606354e-07,-8.12558128133176e-08,-9.27440116735829e-06,-4.31052369194257e-07,5.99421098880985e-06,3.20406991387474e-07,-1.76542023078725e-05,-3.83209787309986e-09,-7.51587190180376e-05,-4.74120620994435e-07,-1.04402552737537e-06,-2.89429602193661e-05,4.62580751258074e-09,-7.884166437847e-08,2.32993443899306e-08,1.48818725975363e-08,-8.82052461758287e-05,-1.71860184498331e-06,-7.90465199173352e-07,9.53937630037014e-07,2.10887251482115e-07,8.99204283307932e-07,-2.73792748600253e-06,-1.57342254149805e-07,-1.49327849365865e-05,-9.26791293859625e-08,-0.000356752098708022,-4.74699301318265e-06,2.71541154447256e-07,5.78873669023471e-08,1.79237985918309e-06,6.63609694924779e-07,-6.80200227205014e-07,-7.06715950298435e-09,-3.13725977930976e-06,-5.59031801689691e-17,-2.98662223184513e-08,4.27349550955998e-07,-8.79516684675793e-08,-2.27898854759508e-07,-3.08578508720502e-06,4.26883989369517e-08,-6.10736148600629e-07,2.72869043480863e-07,-5.61896485368449e-05,3.38058449016788e-08,-6.85301853313867e-08,2.78283190413101e-05,-1.82083786416802e-08,2.00659184304425e-06,-2.97310915615508e-05,7.38227805086226e-09,-4.8921890486147e-10,2.35360977430379e-08,-2.27897762954722e-08,3.59760675147359e-07,0.000175541389861314,-0.000180409251514684,3.37100853784933e-07,-1.05916692043445e-05,7.22461394443035e-06,-4.40340901397618e-07,7.79836388416264e-06,-2.91207691540619e-05,6.07110724147738e-09,5.28469393337714e-05,2.56770695484809e-07,2.12073374221061e-06,5.61448450774233e-09,-3.01518513016551e-06,1.56828908313058e-07,-2.04589887639562e-07,3.25600195729281e-07,-6.32511349935939e-07,4.97291613499632e-07,-3.67099469654485e-08,7.19675395523552e-06,-3.14815543153679e-08,5.20115442067948e-06,-3.72359883485601e-16,-1.3135855295002e-05,-0.000126284172555633,-1.3909453042316e-11,-1.24635066352617e-07,1.87022212843905e-07,-1.17045607817656e-07,-3.33955239798096e-08,4.15485906561875e-09,-1.86338303907657e-07,7.05337559055371e-06,2.66709281408814e-06,-2.23570086414215e-08,1.2116658466269e-05,-4.11020759715786e-05,1.15463719227457e-06,-0.00207133344062485,2.87807639879202e-07,5.08900498960467e-07,7.88056736192934e-09,2.79312276846256e-05,-4.90787785176013e-06,2.2753593621699e-08,-7.673213834434e-06,9.92825925494512e-07,-3.72703734862508e-06,3.84216455311917e-06,3.53264493243037e-05,1.90797971935124e-06,-6.34484275936099e-07,-4.90772718013942e-06,6.31744119262842e-07,-3.92661855025997e-06,1.29236920526643e-05,7.53926539443845e-05,-0.123532824952843,-1.21438412964712e-16,-1.52580046088817e-07,-7.53005263219872e-07,6.67493347262225e-08,-3.56127373100651e-05,-3.81980995080599e-08,-9.4303049981731e-06,-0.00158784516297804,1.95743399305905e-06,-8.16231239684364e-06,6.73765192815165e-17,0.000565436761333203,1.65949979648637e-09,1.18850822924327e-06,-5.05893312961913e-08,-8.89708765109477e-07,5.53267636299002e-07,8.38487736536533e-06,-2.10617328845345e-06,1.84827640636228e-07,-1.04042001231764e-05,3.10998751551323e-08,2.85539190357802e-06,3.71417764964099e-09,5.18590509958014e-10,7.36202049533455e-06,-3.90482984200404e-08,1.28887210057004e-05,3.12029032028184e-17,1.69950059168966e-07,-1.29275624841498e-08,-3.72451451374305e-10,-3.03385343360701e-09,4.55632155050447e-06,3.06280514296617e-05,-7.26123580350086e-08,2.65151401825095e-07,1.47207772008174e-07,2.54498577008989e-16,2.57929733294269e-06,9.02487305855215e-09,5.39291042472103e-05,9.75758976882172e-17,-5.1736667854207e-07,-6.56701137462827e-08,1.00532141489109e-08,6.84081462699871e-06,1.28046103875586e-06,1.15669827381269e-06,2.14187113524926e-07,-1.08307829789134e-06,-4.53669560640098e-08,-2.43272821844367e-09,-5.31356868900563e-07,-1.60547756235829e-08,1.31467189254525e-16,5.6443166306168e-09,-2.04302109420988e-07,-8.3850391521466e-08,4.87540910499305e-07,4.76053618213971e-16,8.29224419007723e-09,-1.20028808805106e-09,1.20089751110238e-07,1.60962346052013e-09,5.37578735730475e-07,-4.41027758074895e-09,4.03763036667822e-08,6.69544578428569e-08,2.84362077413381e-15,2.48936812782143e-06,-1.42693435876658e-08,6.73166264141002e-08,2.88586856907107e-05,-4.83729603952665e-08,-0.46523005904091,7.2101179193762e-14,-3.38068385469336e-15,8.81953704808067e-07,5.86523275914513e-09,-7.24447240958805e-10,5.23431638186986e-07,-7.25705122008555e-16,1.26294218630255e-06,0.00384311101336385,5.31299037618283e-16,1.00783293990864e-15,-8.27686871134618e-16,1.18334441696763e-07,3.89032803144389e-09,-6.61434587772957e-09,2.56283839456537e-07,3.72715838495789e-08,8.33024252817019e-09,-3.6832193879205e-09,-3.07675578943157e-16,-1.0547293945681e-09,3.1897062668993e-09,-7.68180624540235e-16,3.44620974067365e-16,-2.51817823428244e-09,-1.52108435489176e-10,-1.6475050799873e-09,4.30628540618937e-07,1.78472330107699e-09,-7.2206888564534e-08,2.18778777093802e-16,-2.57436917589517e-08,-3.22377397690974e-16,-1.47486351967822e-06,-7.60486508835645e-16,-2.1551054957851e-09,4.03567094471817e-18,9.13028743178459e-09,2.41849246524636e-09,1.96740647971569e-07,1.61308493325702e-07,7.16696618338882e-09,-8.44404617910046e-10,5.46821937392139e-09,2.14735646475873e-09,1.02944833129512e-06,3.47645264921141e-08,2.0768805845055e-09,-6.03365633828756e-09,-1.12888434973828e-06,-7.9518898021209e-06,-3.0279618883327e-09,2.50349725942778e-16,2.91857477207461e-08,-5.16251483673847e-09,2.85846487332962e-09,-3.41641211180762e-17,5.41722162573145e-08,1.58666693984049e-07,5.13910276649282e-08,-5.16914658607357e-16,-1.25278270069735e-08,-7.22392786029305e-07,1.60749501973699e-16,-9.0993528997884e-09,2.17051015223516e-08,-2.5804357882749e-18,-2.22860368635429e-16,-8.19241124676219e-10,-4.63914707904054e-07,-2.67127465358613e-09,-3.75305585820167e-06,1.08524368778763e-07,2.88959992940609e-09,2.45909761230995e-05,2.63306898145313e-08,-6.79977001230392e-07,1.63904263425496e-16,1.270905553534e-10,9.29538928631956e-09,2.58468868066822e-08,4.13267141166473e-06,-3.5809969045056e-16,8.93734935157935e-17,3.49466490926608e-07,1.11837986715219e-16,2.82143829831631e-18,3.8803286805428e-08,-5.78254900841511e-08,-1.08290974732821e-08,-1.0629131070883e-07,2.86410421979517e-07,7.48813310001158e-08,9.62270568485845e-08,4.30131254945064e-16,9.2923334404578e-06,2.5489479178555e-08,9.83274882237381e-06,-1.14567748663399e-08,4.72959948182379e-08,-2.49648847709939e-17,-2.03909880259985e-16,-6.97699293951727e-16,-4.67580939988697e-07,-2.20599976191203e-09,-1.43394442307089e-07,-3.30563858176494e-16,-1.75774378810888e-09,-3.03616226118495e-16,-1.81488204965354e-16,3.58097913229796e-07,-9.00055591240781e-08,1.74881810421912e-16,-8.09481664314242e-07,-1.16275585167661e-08,-7.50846948443818e-16,3.16853431635777e-08,2.96562066983828e-16,3.50692993082341e-06,8.04843008984724e-16,3.91446312163437e-06,2.11269435817499e-07,8.89619200247097e-09,9.11802886465272e-05,0.00807710112001804,9.08539637565955e-10,1.45091207719161e-07,-1.45747345256436e-16,1.37222627477837e-07,-8.02694246119607e-09,9.17983011406177e-17,-1.10775633672817e-09,-2.452824982519e-08,6.14332732688455e-09,-2.65666230426427e-16,2.61730837499026e-08,3.69821686727597e-08,-1.20599830261036e-15,-1.12964350648911e-06,-9.02867385278556e-07,-1.54469951531852e-09,1.17979034162934e-15,5.2933895684892e-15,8.34062459208346e-08,0.174140703290959,-1.67453803632091e-06,4.88135840449105e-09,-3.16300538674495e-06,1.63515774505942e-16,-1.17368032734246e-15,-1.00019519882884e-06,-1.74014611298886e-09,-1.14810445122534e-15,-1.85991825647192e-05,-3.18315723217909e-16,-4.24315787920877e-09,5.10592389878777e-08,6.65847270048844e-08,3.98208406859198e-07,-2.18415551935811e-16,-1.05196360403006e-16,1.42578111224839e-15,-1.33865815784953e-16,7.49567608452146e-11,2.07385588794228e-10,-5.54804083996275e-16,-1.39996732665237e-16,-1.43178058753014e-16,-4.03914160674711e-11,5.51818147681586e-13,-1.58883604730399e-10,3.50382489142788e-18,-2.9937532487756e-17,-1.58204070503654e-15,-2.28574609525236e-08,7.14960009638285e-10,-2.68606148104187e-16,1.55794637574369e-10,-4.39230522522853e-09,6.22048801159923e-17,2.66620815658271e-16,-6.26444337583805e-07,-3.67379576380052e-11,-3.41055651403156e-07,-7.59853417173185e-16,2.47705981617987e-09,4.2794787312394e-08,5.03927887847218e-08,-2.13416448488141e-07,-1.31074350573098e-08,2.27806044910535e-10,-1.99269284678432e-15,-1.82750324833488e-15,-1.72616155924926e-16,6.6987414943097e-09,-6.11485324245683e-09,-2.56350101400006e-07,-3.1339611081883e-09,5.65855601822042e-15,2.82813380849179e-15,-1.33529599404902e-14,1.18260244379776e-15,-1.47210013134227e-15,5.00419753567421e-08,1.06973826571257e-14,-3.84637601859242e-17,-0.305343102559686,1.73630290465761e-14,2.34345729188615e-05,4.3543027731272e-15,6.37709745205142e-06,8.69401137508178e-15,7.2206822299198e-07,0.122175529934322,2.35156219958225e-08,3.35378545655046e-16,-1.34381002978708e-06,7.80553956390698e-16,-7.9032751183476e-08,7.49150518663424e-09,-4.05586563623241e-11,6.51133766677271e-16,-1.81885782954266e-07,3.46695953197452e-16,9.34889352424365e-09,4.69094415954741e-09,-1.68681543156269e-15,2.38926999102461e-16,2.17181568060802e-16,2.54777106916558e-16,5.23920245457141e-10,2.42156060555342e-08,2.31046760501208e-07,-1.09694696207046e-15,1.88291598526578e-16,1.56504658172949e-10,-1.23257983463895e-09,-8.22258333531907e-16,-4.67153221385083e-16,2.90181618298587e-10,-6.45915595769494e-16,-2.12625474768146e-09,8.76450952824007e-16,2.07635093933188e-09,-4.22605950777373e-16,2.2398326457035e-16,-1.82398683429471e-16,-6.02431022237519e-16,7.59123851204375e-18,-3.93374764466904e-16,1.01241909338066e-10,-7.13052680171974e-10,-2.75747772819412e-16,-5.58806668437671e-10,2.49053927438621e-08,3.63244836946879e-16,-4.86002011658149e-16,2.57253616077789e-16,2.66423457276785e-16,2.8140357068916e-08,7.88477465787203e-08,2.25281500673277e-16,2.16122914358631e-16,-5.94795943368839e-09,-1.9312424138147e-09,-2.97464736437013e-11,1.09129797085487e-16,2.76717070722598e-16,-1.7401775557071e-16,-2.94940154448006e-16,-1.99593051892548e-16,1.97305363139856e-16,1.76028314327341e-06,-5.24101725388098e-08,-4.75175475466508e-08,1.72761188781449e-16,-2.63538519380977e-16,-2.45163513871638e-16,-4.18375381463023e-16,5.25651588438433e-16,-9.26377268217595e-17,-2.43954076094856e-16,4.32085705415461e-16,-1.5770831935698e-16,4.20820183654882e-17,3.9155804440353e-17,3.69150819475667e-17,-5.1746928199207e-16,-1.0066750501753e-16,1.85828221593819e-10,-3.62309776395809e-16,-8.5716281066652e-16,-4.10778652153559e-16,2.69012736439861e-09,-3.34351066587363e-09,3.37207074164958e-16,-6.99931058266464e-11,2.54289017472302e-09,5.8099424221559e-16,5.99854857709173e-16,-5.05269555800248e-09,-8.64713317048351e-16,6.67557146546141e-11,-2.27260142401725e-16,1.15524153564478e-16,8.63724511108645e-16,-5.75457764994806e-16,7.0327700571058e-09,-9.44752228181573e-09,7.55135662352953e-16,8.16701297634392e-16,8.56785592676601e-17,-1.96279096379273e-16,1.09450209312412e-16,-1.80557309706592e-16,-1.04818613160816e-17,-7.0879444145216e-16,1.30150343075919e-10,1.00987659349787e-16,4.67100862409154e-16,1.2529007934852e-17,-7.75628462857702e-17,-3.16314608123138e-16,1.08629711370515e-16,-2.89889365561973e-08,-3.6725152822478e-16,1.499113671397e-15,1.96951216580542e-09,1.81054199708024e-16,3.11010933137282e-16,-6.64024590530353e-16,1.05885898369051e-15,1.72397048471841e-09,-2.98073420547896e-17,-1.3122932135929e-07,5.01890372360895e-16,-4.61521666550689e-16,-4.08676646604213e-16,-1.52012344362519e-16,3.85224251398881e-16,-8.35922083733024e-16,2.11772443329658e-09,-1.17609360346704e-15,4.50110343753452e-16,2.72323604481891e-10,-2.69518079263293e-07,9.22412835281851e-16,4.91081371072885e-08,0.000259391443652986,3.64011148562317e-16,7.01266411420235e-16,5.39892095076876e-16,-3.05404382727251e-16,4.66376769282501e-16,-9.8160593574802e-05,5.36825485074063e-16,-2.65180613188246e-16,7.95458010523502e-16,7.39663007020003e-08,-3.65122433051157e-16,5.1137282542731e-16,-1.85472653981627e-15,9.38811326162768e-16,-3.38903225499988e-07,1.24843353421945e-15,6.00671943573966e-11,5.38958034991339e-16,-1.41084895225362e-15,6.56381352578652e-16,-2.19055710998347e-16,9.69783731624719e-16,-4.38358609208818e-16,-1.55066947605017e-16,-1.06478579556618e-09,5.85746340106503e-15,-1.96484716059168e-15,4.49852968087247e-10,1.07656576636049e-15,2.45181438294742e-15,-2.87678910204535e-15,2.11095677758743e-15,7.0741111988083e-15,-6.58369668307032e-15,-3.30966601708175e-09,-1.42975205946865e-15,-1.24525205427215e-15,9.9180667145029e-10,-1.48654676268261e-15,-2.89678910973199e-15,3.49188420062032e-15,1.24466111859777e-15,-4.72123481060466e-16,7.08926416136601e-15,6.98541665640542e-15,1.20358274746199e-14,0.707106781186546,-2.62844720266206e-14,-1.66190518421588e-14,-5.32089160848939e-10,1.76895083704968e-09,2.11974601924633e-15,7.6512915690409e-15,7.42344429812361e-16,-7.9567679792187e-16,-9.07016432447061e-15,3.2773343409875e-15,-3.67156358389002e-15,-1.67358556776836e-15,-1.70837580600691e-09,-1.21947171907639e-15,-5.46981767676092e-16,3.59017855409208e-15,-1.93924266270416e-15,2.01032447862773e-10,2.27303829318181e-15,-3.22540730191781e-11,-3.29447791209973e-16,1.20439798822377e-16,1.82929987876061e-15,1.5223215957431e-15,-8.00735154294063e-18,6.17622614700893e-16,-1.11556797417617e-15,-3.56105707757422e-16,1.0556878347553e-15,-1.03119104398968e-15,5.43539295157208e-16,1.09514915301928e-15,-1.04837512550768e-15,6.67512744020476e-16,5.37553878294892e-16,-1.30904139110143e-15,2.71188443676509e-16,-1.57740914305975e-15,3.41310290380773e-16,-5.14779155200771e-16,4.18935719448399e-16,5.45547691578446e-18,-6.85220422607068e-17,-2.41359854080557e-17,7.92077730935952e-16,1.273511829587e-07,-5.94000705872875e-16,3.33748557739163e-16,6.59924145267307e-16,4.58966102984339e-16,-7.98890368204517e-16,1.12725531980357e-15,-1.13645080443387e-15,5.36166566719605e-17,6.52191581828849e-16,6.05507868958253e-17,-1.39992184511328e-15,-7.01232630309434e-16,2.15567167550784e-16,-1.27560436514706e-16,1.07047747287582e-15,-1.88395846857734e-15,4.4273941201138e-17,-2.14067092013632e-08,5.53741730475109e-16,4.56690794529465e-16,-7.22381945536228e-16,4.80614300738068e-16,1.47550109411006e-16,-1.32996319389681e-15,-1.01671601082558e-16,-1.09192925066921e-16,8.7816739038233e-17,5.02564502909548e-10,7.79356299247664e-16,8.70165042612387e-17,-1.71787762162003e-16,-6.21800928046036e-17,2.3997860274836e-16,1.37839759363229e-16,2.89461645903641e-16,1.76149879160562e-16,-4.19782082594411e-17,1.96081399667791e-16,3.06595548926702e-17,-2.24981993007769e-16,4.72650593435028e-17,4.04688173457204e-08,3.58316197587438e-16,4.80814985388894e-17,2.42264740273186e-16,-1.83772268236293e-16,-7.1782653991554e-10,2.29093054853779e-16,-3.42677566581841e-17,-9.84867783230661e-18,2.88696931197952e-16,2.80732759421896e-17,2.15726172137728e-16,-1.94883592359372e-16,-1.24132055973855e-16,-4.98967259097825e-17,-9.65363824650059e-17,2.59413609322833e-16,-1.24132814712529e-16,4.65945364004141e-16,-9.02805174692742e-17,-3.79719014976632e-16,4.64848866297112e-16,-2.13578997585884e-16
"t709",0.0369709434965526,-0.0114220664106647,-0.0125315305009439,0.000765385803272466,0.00733980207933629,-0.020877899234674,-0.00296515276511355,-6.56143008265762e-06,-0.0672159708191953,-0.0564041460781783,-0.0650212337670668,0.00091086522152187,-0.00199227130720443,-0.000441159816429965,-0.0134292601718972,0.000357308128608271,0.000244664113055932,-3.05819063193703e-05,-0.0147824930522322,-0.00646377687925273,-1.2863547006254e-05,5.70089901389882e-05,-0.0673054889928425,-0.00271649399277891,0.000254200992657459,-0.00191145598263898,0.0181083816535935,0.000131553145506148,7.79336237587342e-06,-0.000102984499527341,-0.222231005474949,-0.00789245484765702,-2.73824777329869e-06,0.00240498913492212,-0.00291789068238376,-0.000449321373240283,-2.01508366837809e-05,7.99700412517193e-05,0.0247176543632413,-0.00238511688175177,7.39219256892374e-05,-0.0188475162726442,-2.7681296989906e-05,0.0016536098082134,-2.39855457174535e-05,7.07345590903695e-07,-3.2550949119191e-08,-1.47262900982094e-07,0.000212718093845745,-0.000649406861032356,1.02335084380002e-06,-1.67947336696396e-06,2.28191419236778e-06,-8.41376053436343e-07,9.20295448323451e-05,-7.23966934355957e-05,4.42119706186516e-05,-5.66862540282906e-05,0.000496673642213862,-9.21664665446766e-07,-9.49137582719124e-07,5.24028475774286e-05,-3.31876307889078e-05,2.53972103915769e-05,-0.00589421458798275,3.30275055209533e-06,-2.77191843811754e-05,8.97461367482314e-05,-2.22299396418417e-05,0.000104638991312077,-1.16456779046867e-06,4.31972294454995e-06,-1.59750120696452e-05,-1.23439464923374e-05,5.32651333413884e-06,5.00114221068312e-06,-5.34545565445444e-05,1.04811563934495e-05,-0.0471949002374839,0.000889688365890429,-1.73418404265405e-05,-0.00117023828590849,0.00602386144987672,-1.0262178604924e-05,1.38085156278045e-06,2.0504579432575e-06,-5.7949649358318e-07,-1.06698666529607e-05,-2.03091968085759e-08,8.52647679273899e-07,-9.88810978210551e-06,1.15478738281841e-08,8.31676667848619e-06,-9.22849279563216e-06,-2.49096997771937e-06,-3.02677595474609e-06,-3.56329960373843e-07,2.08115212576039e-06,-2.41483356484201e-05,-0.000569673719958804,-1.35140720646637e-05,9.06880210723989e-08,-1.93033219216238e-05,3.98959328935303e-05,-0.00475950626958167,1.2261594257657e-06,-0.000398636600180076,5.45392276617014e-07,-0.00106145023841219,1.78938592980773e-07,6.31073052922582e-06,1.55085148870039e-05,-4.92429187307976e-06,1.08126010665043e-05,-1.48469947039767e-05,5.54176874812901e-05,-0.154682452634151,-0.044083541328118,7.24394483911836e-05,-2.34608809778124e-05,1.19638655892138e-05,-1.6483732414855e-05,0.000190356154069058,0.000187245012995671,-8.91444188005864e-07,1.53695295472705e-05,-1.57022007743262e-06,3.1953919871002e-05,-1.95094768151535e-05,-0.000675775831779811,-4.83331715162146e-06,1.39350288891342e-05,-1.0848372478077e-06,-0.000126120974948205,2.23728103432454e-08,-1.4488609880296e-05,2.99894028151904e-05,8.51040731094635e-07,-5.98623875414196e-05,1.69743011029324e-05,0.00035499759105125,-8.25663019226323e-07,-1.14743842499967e-06,-1.15734314462761e-07,-6.69814329845461e-10,8.01861951241733e-07,-1.62036678967277e-07,0.00176973569656767,0.174874945641972,4.99113346975144e-07,5.77055566188401e-07,2.31096957760905e-05,2.84433223599594e-07,-6.17313488988798e-05,9.78304971962418e-08,1.70530632718954e-06,-9.98243243026217e-06,3.62894760553098e-07,1.59102454695702e-06,2.11061801287046e-07,1.53719482654109e-07,-2.10455334294747e-08,7.11314644449178e-05,5.67578320260898e-08,-2.2639745534065e-08,-1.06624574641497e-08,1.99796841699369e-05,2.76339021074252e-07,1.75358856607444e-05,7.50851930050988e-08,-1.7473553460105e-07,-3.1563371192661e-08,4.83196431794806e-09,2.54622677510981e-05,3.55059560413291e-08,7.44284840595379e-08,3.30798394955295e-09,-1.60452285773309e-07,-8.73199022252889e-06,-1.02741658726134e-06,4.39504115053671e-06,1.46987087423608e-06,-3.42079012890607e-07,-1.54906931417468e-09,-5.46586040522596e-08,-5.84826805720744e-08,-0.000878693507174887,-2.25341916808967e-05,-0.000100457088255162,-7.76061873502748e-09,-0.000855971483840632,8.1490858969915e-07,3.69919665269234e-07,6.83233477547519e-11,7.54943820349451e-09,-1.846410907311e-06,-1.2113471020703e-06,-2.0680646203326e-08,2.29995325147986e-06,4.78052102357522e-07,1.99755430003199e-06,1.67644091962106e-06,-8.4744909446919e-07,-8.12558128280319e-08,-9.274401167369e-06,-4.3105236920083e-07,5.99421098877982e-06,3.20406991272115e-07,-1.76542023079029e-05,-3.83209785154364e-09,-7.51587190180205e-05,-4.74120620992047e-07,-1.04402552738464e-06,-2.89429602193728e-05,4.62580750192552e-09,-7.88416644199233e-08,2.3299344325499e-08,1.48818729296682e-08,-8.82052461757646e-05,-1.71860184501354e-06,-7.90465199213477e-07,9.53937630035054e-07,2.10887251744596e-07,8.99204283293673e-07,-2.7379274860221e-06,-1.57342254058581e-07,-1.49327849365952e-05,-9.26791291701551e-08,-0.000356752098708123,-4.74699301358338e-06,2.71541154450828e-07,5.78873669092667e-08,1.79237985920392e-06,6.63609695150199e-07,-6.80200227182411e-07,-7.06715947661706e-09,-3.13725977930536e-06,-2.1692240213113e-17,-2.98662226332672e-08,4.27349551013461e-07,-8.79516683184078e-08,-2.27898854719675e-07,-3.08578508722868e-06,4.26883989376901e-08,-6.10736148602017e-07,2.7286904354961e-07,-5.61896485369858e-05,3.38058448379151e-08,-6.85301854115554e-08,2.78283190412433e-05,-1.82083785512762e-08,2.00659184303258e-06,-2.97310915618406e-05,7.38227795041088e-09,-4.89218850244786e-10,2.35360974272437e-08,-2.27897762229688e-08,3.59760675039142e-07,0.000175541389861174,-0.000180409251514644,3.37100853267658e-07,-1.05916692041955e-05,7.22461394459535e-06,-4.40340901353311e-07,7.79836388412384e-06,-2.91207691540596e-05,6.07110733476522e-09,5.28469393336717e-05,2.56770695454903e-07,2.12073374204789e-06,5.6144844059041e-09,-3.01518513009343e-06,1.56828908302449e-07,-2.04589887714698e-07,3.25600195657236e-07,-6.32511349886132e-07,4.97291613578081e-07,-3.67099468772483e-08,7.19675395535331e-06,-3.148155423612e-08,5.2011544207497e-06,-1.140651742069e-16,-1.31358552949351e-05,-0.00012628417255558,-1.39092895254834e-11,-1.2463506644149e-07,1.87022212722599e-07,-1.17045607734368e-07,-3.33955238181512e-08,4.15485888865199e-09,-1.86338303974343e-07,7.05337559058477e-06,2.66709281413939e-06,-2.23570085559381e-08,1.2116658466173e-05,-4.110207597142e-05,1.1546371922491e-06,-0.00207133344062485,2.87807639929943e-07,5.08900498852568e-07,7.88056730355823e-09,2.79312276846192e-05,-4.90787785171261e-06,2.2753593652602e-08,-7.6732138345508e-06,9.92825925625714e-07,-3.72703734846548e-06,3.8421645531596e-06,3.53264493244798e-05,1.90797971947147e-06,-6.34484275968511e-07,-4.90772718001491e-06,6.31744119306535e-07,-3.92661854997898e-06,1.29236920526554e-05,7.53926539441642e-05,-0.123532824952843,2.53947307050505e-17,-1.52580046171623e-07,-7.53005263247283e-07,6.67493345781747e-08,-3.56127373101215e-05,-3.81980995501962e-08,-9.43030499816866e-06,-0.00158784516297824,1.95743399316716e-06,-8.16231239714742e-06,1.9227647976468e-16,0.00056543676133337,1.65949974064618e-09,1.18850822937949e-06,-5.05893312022416e-08,-8.89708765099806e-07,5.53267636195909e-07,8.38487736565454e-06,-2.10617328839253e-06,1.84827640649679e-07,-1.04042001235299e-05,3.10998753672363e-08,2.85539190372755e-06,3.71417760849838e-09,5.18590407229858e-10,7.36202049569564e-06,-3.90482984554147e-08,1.28887210056122e-05,-1.13226861394664e-16,1.69950059168304e-07,-1.29275624754762e-08,-3.72451649891432e-10,-3.03385368721938e-09,4.55632155070191e-06,3.06280514296646e-05,-7.26123581215778e-08,2.65151401798955e-07,1.47207771831854e-07,5.16799008353393e-16,2.5792973329757e-06,9.0248731107441e-09,5.39291042471627e-05,-5.83339912869932e-17,-5.17366678673581e-07,-6.56701139916315e-08,1.00532140261466e-08,6.84081462701119e-06,1.28046103869384e-06,1.15669827383751e-06,2.14187113466812e-07,-1.08307829789758e-06,-4.53669557650776e-08,-2.43272818780219e-09,-5.31356868838555e-07,-1.60547761411337e-08,8.77094809319048e-17,5.64431633368919e-09,-2.04302109449676e-07,-8.38503913346417e-08,4.8754091071197e-07,2.33848236140999e-16,8.29224402763114e-09,-1.20028803687671e-09,1.20089751402747e-07,1.60962342782719e-09,5.37578735682763e-07,-4.41027755997415e-09,4.03763036460287e-08,6.69544579681205e-08,2.7058305358683e-15,2.48936812757574e-06,-1.42693434594047e-08,6.73166262373769e-08,2.88586856904988e-05,-4.83729602860618e-08,-0.46523005904091,7.22867946056915e-14,-3.38817198342613e-15,8.81953704646377e-07,5.865232690095e-09,-7.24447142427989e-10,5.23431638169461e-07,-8.37150155589025e-16,1.26294218623596e-06,0.00384311101336405,5.2707065750761e-16,9.18064237860749e-16,-9.85281490834854e-16,1.18334441859915e-07,3.89032800874146e-09,-6.61434594131233e-09,2.56283839591206e-07,3.72715837885202e-08,8.33024248371383e-09,-3.68321959872204e-09,-1.9709887233814e-16,-1.05472942200656e-09,3.1897061583524e-09,-8.1631913200363e-16,7.5906269396195e-17,-2.5181779891047e-09,-1.52108474651018e-10,-1.64750512139954e-09,4.30628540537868e-07,1.78472349027444e-09,-7.22068887175873e-08,4.78418092349761e-16,-2.57436915814123e-08,-5.60974087409064e-17,-1.47486351980979e-06,-5.43456338958359e-16,-2.15510499516555e-09,6.24146028014959e-17,9.13028767271939e-09,2.4184922206556e-09,1.96740648011437e-07,1.61308493295662e-07,7.16696625874798e-09,-8.44405506688244e-10,5.46821934007505e-09,2.14735638597394e-09,1.02944833122016e-06,3.47645263299704e-08,2.07688038502014e-09,-6.03365632979378e-09,-1.1288843499813e-06,-7.95188980237323e-06,-3.02796212604794e-09,-1.52819583749561e-17,2.91857470644627e-08,-5.16251460994898e-09,2.85846518470017e-09,1.50357103198227e-16,5.41722157365447e-08,1.58666694020875e-07,5.13910276647586e-08,-3.84661483493982e-16,-1.25278272483783e-08,-7.22392786249862e-07,1.34611085711978e-16,-9.09935290676026e-09,2.17051014613293e-08,-1.47046552738329e-18,4.60241447346676e-17,-8.19241134841247e-10,-4.63914707947978e-07,-2.67127446309354e-09,-3.75305585836432e-06,1.085243687157e-07,2.88959979707354e-09,2.45909761230511e-05,2.63306900330031e-08,-6.79977001279807e-07,2.84874120820566e-17,1.2709062462112e-10,9.29538932307866e-09,2.58468864679408e-08,4.13267141147696e-06,-7.27931408787962e-16,2.01753832552724e-16,3.49466491087023e-07,-9.06903493410108e-18,-3.92139904997742e-16,3.88032865454844e-08,-5.78254903627542e-08,-1.08290971654181e-08,-1.06291311190619e-07,2.86410421895417e-07,7.48813312801529e-08,9.62270570255991e-08,4.06298432464143e-16,9.29233344021763e-06,2.5489479354259e-08,9.83274882266501e-06,-1.14567747567824e-08,4.7295994881702e-08,3.45452956190153e-16,-1.14103704515675e-17,-1.66155644069363e-16,-4.67580939793691e-07,-2.20599969570818e-09,-1.43394442784825e-07,-1.60994542280511e-16,-1.75774410963372e-09,-2.65777570298753e-16,-2.35737755946102e-16,3.58097913419881e-07,-9.00055592892601e-08,-4.77048955893622e-18,-8.09481664177637e-07,-1.16275583087375e-08,-9.71729424165278e-16,3.1685343629174e-08,2.69508909239187e-16,3.50692993118686e-06,1.02938667847396e-15,3.91446312183362e-06,2.1126943558733e-07,8.89619195127971e-09,9.11802886466046e-05,0.0080771011200181,9.0853935063185e-10,1.45091207525135e-07,2.42181006925756e-16,1.37222627240617e-07,-8.02694239388167e-09,1.46115607726881e-16,-1.10775671964289e-09,-2.45282500946905e-08,6.14332745467201e-09,-6.86274991121934e-16,2.61730839218245e-08,3.69821684580304e-08,-1.00567764202259e-15,-1.12964350637175e-06,-9.02867384383335e-07,-1.54469956853041e-09,1.20656089537342e-15,5.31259944003935e-15,8.34062459152258e-08,0.17414070329096,-1.6745380361471e-06,4.8813578788816e-09,-3.16300538615956e-06,-2.92088802403418e-16,-9.71829328683545e-16,-1.00019519907322e-06,-1.74014591013466e-09,-5.06225684777881e-16,-1.85991825639541e-05,-3.49886696368685e-16,-4.24315820200102e-09,5.10592392285807e-08,6.6584727160105e-08,3.98208406785237e-07,-2.65431724436434e-16,1.45851576707617e-16,1.25186313443998e-15,-4.01015503542306e-16,7.49566982052043e-11,2.0738555371986e-10,-4.80207514166974e-16,-2.02554741345244e-16,1.11348219582952e-16,-4.03915823619837e-11,5.51704860842122e-13,-1.58883743980538e-10,4.7439214394059e-17,3.09878533423513e-16,-9.59342739796643e-16,-2.28574605439727e-08,7.14959845012402e-10,-5.72611451916973e-16,1.55794284309181e-10,-4.39230559163829e-09,-7.30939580091373e-16,2.71943757437333e-16,-6.26444337535319e-07,-3.67377045159602e-11,-3.4105565125665e-07,-7.4337724875118e-16,2.47705989930727e-09,4.27947876779536e-08,5.03927888687947e-08,-2.13416448639862e-07,-1.31074345131623e-08,2.27805379060517e-10,-2.1327717250016e-15,-2.33200949642087e-15,-1.21656390128362e-16,6.69874152665413e-09,-6.11485327556405e-09,-2.56350101438593e-07,-3.13396130655664e-09,5.45865497211898e-15,2.69485344678883e-15,-1.30870591694486e-14,8.32903014273434e-16,-1.88305679599832e-15,5.00419753987652e-08,1.02546765871175e-14,-6.7965210299909e-17,-0.305343102559685,1.75484778577122e-14,2.34345729188914e-05,4.01176081279189e-15,6.37709745237304e-06,8.84697353629659e-15,7.2206822327502e-07,0.12217552993432,2.35156221468776e-08,9.32496965406234e-16,-1.34381002997736e-06,8.47487607652835e-16,-7.90327514683395e-08,7.49150543820811e-09,-4.05585328280646e-11,-5.94831191457863e-16,-1.8188578252821e-07,1.12231205772321e-15,9.34889301559904e-09,4.69094241310802e-09,-1.01938830649554e-15,9.36408667200344e-16,-3.35874943841358e-16,-2.98769783993728e-16,5.23920075099126e-10,2.42156066258087e-08,2.31046760136701e-07,-5.35962277345653e-16,3.36851581332932e-16,1.56503919863543e-10,-1.23257989795636e-09,-2.56223416280952e-16,-3.0139133257018e-16,2.90182173014023e-10,-1.24975009617087e-16,-2.12625425884954e-09,2.20055257664552e-16,2.07635112356024e-09,-7.07774175445067e-16,-1.15760098851898e-16,-4.93606488753555e-17,2.14730763030972e-16,-4.84377425307123e-16,-1.85316367566929e-16,1.01242674353581e-10,-7.13052554950435e-10,1.6886386235757e-16,-5.58806435863632e-10,2.49053927271295e-08,9.19660662091824e-17,3.49297788823874e-16,2.80899781555569e-16,8.05477435403777e-16,2.81403571960192e-08,7.88477464956471e-08,-9.04383422153727e-17,-3.52802525842246e-16,-5.9479594599424e-09,-1.93124335859107e-09,-2.97464595591915e-11,-7.37921610844059e-16,-6.1268912547685e-16,3.3705859631396e-17,-1.36493379599342e-16,2.15203128335244e-17,-4.32130360864033e-16,1.76028314244685e-06,-5.24101712752086e-08,-4.75175474642389e-08,-2.7151975975502e-16,5.06665260129769e-16,-2.31116288834637e-16,-1.49048765652201e-16,-9.60711083507555e-17,1.67624992807545e-16,-5.59776614278163e-17,-4.11816246821211e-16,3.15636209065788e-17,1.01252783880998e-15,2.74669499771594e-16,8.26160073735805e-17,2.30720908963786e-16,-2.21304918144449e-16,1.85829272775412e-10,3.33812946424632e-16,-4.30420834734524e-16,1.48303098555794e-16,2.69012713389073e-09,-3.34351131727744e-09,-9.81964419670249e-17,-6.99934562412981e-11,2.54288973461171e-09,-3.46663510374524e-16,-1.90745333315533e-16,-5.05269668394481e-09,4.09852741379914e-16,6.6756196910499e-11,-2.38314386736501e-16,-2.58822529524741e-16,-6.31278613380526e-16,-1.35538934789765e-16,7.03276944851056e-09,-9.44752211906354e-09,-3.77909822948601e-16,-8.13946974910183e-16,8.1198202335443e-18,-6.45951947415168e-16,-1.42708110953405e-16,1.49949609966997e-16,-1.30452924876854e-16,2.73444282690007e-16,1.30151125903838e-10,-2.2569318280511e-16,-4.84884707061085e-16,1.40604756548346e-16,-6.43903872618327e-17,1.04204731283159e-15,8.05725920256633e-17,-2.89889355180314e-08,-1.01374935608134e-16,-1.3104981030412e-15,1.9695113700002e-09,2.84603367145007e-17,5.59059465004909e-16,6.22774309523008e-16,-6.05890318064677e-16,1.72397073668032e-09,1.23883170176192e-16,-1.31229320539489e-07,-2.97525328571373e-16,3.74334486323973e-16,5.24987450549225e-16,5.09173209813833e-16,-2.87597819598775e-16,9.03788729505743e-16,2.11772526264732e-09,4.89655290607275e-16,-6.10808741153357e-16,2.72324159757145e-10,-2.69518079864679e-07,-8.36657144057169e-16,4.91081373483338e-08,0.000259391443651303,-1.56865372796377e-17,-3.76376342750135e-16,-8.80421223920837e-16,1.22017884255894e-16,-9.52570380840527e-16,-9.81605935732976e-05,-8.38252983962883e-16,-2.01219623129561e-15,-5.45655949065904e-16,7.39663007642325e-08,3.97454109778047e-16,-6.9974716149519e-17,1.71226117740029e-15,-1.16339768163859e-15,-3.38903229452532e-07,-1.5302985496105e-15,6.00684313882444e-11,-5.88030800130493e-16,1.8059517888133e-15,-6.57313874649387e-16,3.39431014466787e-16,-9.57073367413602e-16,4.98674872809698e-16,1.44431525167507e-16,-1.06478545431362e-09,-5.47891355948527e-15,2.16037928775223e-15,4.49849244837062e-10,-1.03657580908384e-15,-2.0278139702233e-15,3.39496214259497e-15,-2.07751820278291e-15,-7.21953895558173e-15,6.38726863890496e-15,-3.30967442830698e-09,1.14231850417507e-15,1.53035286496259e-15,9.91802602178698e-10,1.69861570623016e-15,2.75373995387864e-15,-3.62104982437945e-15,-1.02700154718499e-15,4.71588789449135e-16,-7.00798941839351e-15,-6.82179032011236e-15,-1.18995820616532e-14,-0.707106781186546,2.59092234411729e-14,1.6810353500687e-14,-5.32073504535909e-10,1.76896560248746e-09,-2.12534787771975e-15,-7.44088590912224e-15,-6.86224954080852e-16,1.06604008030153e-15,8.93881323127399e-15,-2.93170172501626e-15,3.53340755200962e-15,1.69860401290432e-15,-1.7083674209294e-09,1.18390211649418e-15,7.11366371512281e-16,-4.00489489566738e-15,2.10389058922569e-15,2.01034086099563e-10,-2.11677471041823e-15,-3.22568616414735e-11,2.66411036438042e-16,-2.48034844495495e-16,-2.19613055529417e-15,-1.46337031405268e-15,-7.29171053429496e-17,-2.00672490522323e-16,9.60321936795426e-16,1.41900345674604e-16,-9.9999248893172e-16,9.59766754762085e-16,-8.38237147568595e-16,-1.13382798275896e-15,1.43276875129194e-15,-8.51738990031465e-16,-3.79400630983684e-16,1.43717879434416e-15,-1.6698663668048e-16,1.69979784621236e-15,-1.32869347340405e-16,3.76042266925692e-16,-3.814223242804e-16,1.27159738344011e-16,-1.38073611625652e-16,9.24489128626871e-17,-8.20689782792893e-16,1.2735118319847e-07,6.72940908796201e-16,-2.23034357050761e-17,-6.09426125445698e-16,-9.80579165615215e-16,1.02910565345806e-15,-4.09532333882483e-16,3.68062089205275e-16,-1.42066344697158e-16,-6.2076837935346e-16,1.21655864955965e-16,9.01026215444078e-16,6.24454150496457e-16,-1.45779810843403e-16,-1.06631954371069e-16,-1.06334867110369e-15,3.06738613088549e-15,-2.41207023757914e-16,-2.14067093307572e-08,-5.9876829174694e-16,-5.12042347897278e-16,6.92375160034161e-16,-1.84857746060082e-16,-2.63385269032534e-16,8.68214105614695e-16,9.9165069228093e-17,-2.94455752922727e-16,-2.5373224723419e-16,5.02564623799678e-10,-1.03889000567652e-16,-2.26681097323587e-16,1.25877013412314e-16,-1.89884058357336e-16,-8.37300921015747e-17,-8.40125263992048e-18,-2.21991647116287e-16,-1.2295012116176e-16,-1.00586872180988e-16,-1.55233067948332e-17,3.38931801629506e-17,-1.29954908705839e-16,-1.39348929331106e-16,4.04688174139731e-08,1.84185813539151e-16,1.5837451328298e-16,-5.57473368444766e-17,-3.81368114171776e-16,-7.17826552267612e-10,2.2895017089539e-16,-2.92591905998357e-17,3.38346533290124e-16,-2.15684872799453e-16,4.47062302262944e-17,2.24186410999029e-17,5.28240716727149e-16,2.17635293292259e-16,-1.46999691017087e-16,1.49792564875179e-16,-1.77770343144953e-17,1.34791654564343e-16,-2.59191060146308e-16,-3.11566133109982e-18,3.94749254018946e-16,-1.53908932545672e-16,-2.23999814435691e-16
"t381",0.0369632249877602,-0.0114170449506123,-0.0125258433785874,0.000764920515457746,0.00733434159350662,-0.0208596849486444,-0.00296251527813277,-6.55513115592385e-06,-0.0671398111227174,-0.0563267230878473,-0.0649081629067747,0.000908916680631625,-0.00198788584703403,-0.000440174151054394,-0.0133979600053268,0.00035642667043938,0.000244046272206517,-3.05032939003878e-05,-0.0147436232574719,-0.00644532889121152,-1.28238722948491e-05,5.67972880653553e-05,-0.0670417475578822,-0.0027057893155381,0.000253195397948802,-0.00190353943838309,0.0180325100910826,0.000130997085634832,7.75955100018914e-06,-0.000102458364502843,-0.221021740834372,-0.00784759337269482,-2.72158344143017e-06,0.00238967423957196,-0.00289838279990069,-0.000446083370397437,-2.00038257039094e-05,7.93775833822062e-05,0.0245333205246533,-0.00236707188190102,7.3347013738034e-05,-0.018697477998879,-2.74577414969846e-05,0.0016402393369381,-2.37883183559608e-05,7.011689041149e-07,-3.22616010145904e-08,-1.45942973660027e-07,0.000210767275305788,-0.000643304489228233,1.01342472811924e-06,-1.66294500817407e-06,2.25940954167971e-06,-8.32929107831126e-07,9.10735099549631e-05,-7.16407763420046e-05,4.37078667506117e-05,-5.60249136635177e-05,0.000490863412324718,-9.10280646166879e-07,-9.36942240478977e-07,5.17165752971475e-05,-3.27463371406075e-05,2.50582196181369e-05,-0.00581332390075332,3.2563049839341e-06,-2.73085747645626e-05,8.83863383289014e-05,-2.18896336583955e-05,0.000103007499661784,-1.14466429596332e-06,4.24094420970822e-06,-1.56808516971497e-05,-1.21121383209849e-05,5.22624206254993e-06,4.90620514637359e-06,-5.24364586905114e-05,1.02782882819256e-05,-0.046248335807868,0.000871591995987221,-1.69806967429628e-05,-0.00114574500276625,0.00589314587224051,-1.00371099941712e-05,1.34919110572309e-06,2.00288634166524e-06,-5.65892291538216e-07,-1.04189056840307e-05,-1.98312768930859e-08,8.32558036710247e-07,-9.65409285260495e-06,1.12631153821943e-08,8.11092643158429e-06,-8.99442354362017e-06,-2.42515576678388e-06,-2.94632254395177e-06,-3.46855855739129e-07,2.02497557399782e-06,-2.34928663792613e-05,-0.000553887025226093,-1.31333108595594e-05,8.81291325520722e-08,-1.87577558092954e-05,3.86849822577599e-05,-0.00461429531146088,1.18859973429282e-06,-0.000386338824263771,5.28534005812175e-07,-0.00102852614716288,1.73359095955296e-07,6.11361991161102e-06,1.50192241790956e-05,-4.76874585695134e-06,1.04620886577773e-05,-1.4363072773444e-05,5.35899319947573e-05,-0.149553910817297,-0.0426008865716725,6.99698312710408e-05,-2.26529162480918e-05,1.15494891030901e-05,-1.59016055615812e-05,0.000183550043234719,0.000180546990090163,-8.59499614236728e-07,1.4811830049906e-05,-1.51318405193566e-06,3.07808307715508e-05,-1.87715931455681e-05,-0.000650208401006649,-4.65001647105711e-06,1.33961786923983e-05,-1.04272969978244e-06,-0.00012121231309797,2.14923734389711e-08,-1.39175700873205e-05,2.87800012897884e-05,8.16093449452528e-07,-5.73440120536708e-05,1.62597201354237e-05,0.000339991866113864,-7.90689848290491e-07,-1.09867362350068e-06,-1.1080949873848e-07,-6.4131193438076e-10,7.67430033624977e-07,-1.54954048755434e-07,0.00169099445026537,0.167060043473947,4.76593781035222e-07,5.50999539666299e-07,2.20624177945768e-05,2.71515869534499e-07,-5.89210682312292e-05,9.3278048423109e-08,1.62567611559256e-06,-9.51515510677743e-06,3.44964743447066e-07,1.51140851695243e-06,2.00479623049537e-07,1.45929869212097e-07,-1.99767521344262e-08,6.74701030210336e-05,5.38315728138754e-08,-2.14572773700976e-08,-1.00986256443274e-08,1.88854727063827e-05,2.61186579451718e-07,1.65740440813177e-05,7.09474254330049e-08,-1.65053535185513e-07,-2.98130896211087e-08,4.56112999160056e-09,2.40303143626515e-05,3.34947606664793e-08,7.02051428604563e-08,3.12010791083526e-09,-1.5118787033233e-07,-8.21927764505101e-06,-9.66917125882732e-07,4.13553289842785e-06,1.38238286913747e-06,-3.21655504497938e-07,-1.45630526753997e-09,-5.13762010565494e-08,-5.49373736844003e-08,-0.000825301800130278,-2.11374503072607e-05,-9.42263730051724e-05,-7.27610211830577e-09,-0.000801565078274699,7.62347250341701e-07,3.45939914278694e-07,6.38611642856277e-11,7.05367403926564e-09,-1.72317198841769e-06,-1.13021267653369e-06,-1.92852536204929e-08,2.14419781966642e-06,4.44763699070655e-07,1.85827775617129e-06,1.55819341762486e-06,-7.86997807524897e-07,-7.53036245391843e-08,-8.5949463600131e-06,-3.9939649998915e-07,5.55075402988453e-06,2.96582292305843e-07,-1.63238088474416e-05,-3.53856376258011e-09,-6.9326587029554e-05,-4.37183724609527e-07,-9.61234439429614e-07,-2.66253589011789e-05,4.25530235319514e-09,-7.24791927723881e-08,2.13833435256246e-08,1.36536830048856e-08,-8.0786669953771e-05,-1.5721795857916e-06,-7.22819712026418e-07,8.70813072848052e-07,1.9243238571991e-07,8.20147438437594e-07,-2.49380063066477e-06,-1.43273210918121e-07,-1.3596620162592e-05,-8.42597028518921e-08,-0.000324046521222577,-4.30741282783414e-06,2.46281733111492e-07,5.2477306447748e-08,1.62413429929541e-06,6.01241699251283e-07,-6.15544256954205e-07,-6.39066835724968e-09,-2.83467358916887e-06,5.66469874365665e-18,-2.69544875031558e-08,3.85596890872765e-07,-7.92314860877247e-08,-2.05048716391685e-07,-2.77354513030376e-06,3.83665421022097e-08,-5.47855525439726e-07,2.44695889431904e-07,-5.03806979363126e-05,3.02894026568622e-08,-6.13721865649849e-08,2.48996827906382e-05,-1.62857603634264e-08,1.79442614239796e-06,-2.65639464587562e-05,6.5712765183907e-09,-4.34894185848958e-10,2.08992422747557e-08,-2.01872678583187e-08,3.18621824093968e-07,0.000155201687442158,-0.000159351628986053,2.97342703797739e-07,-9.33832221661152e-06,6.36673208088789e-06,-3.87801571924993e-07,6.86129703782903e-06,-2.56187428540313e-05,5.3278911478471e-09,4.63748706991684e-05,2.25310137367098e-07,1.8596451343711e-06,4.92204078275191e-09,-2.64121062220281e-06,1.37356959233562e-07,-1.78320461220044e-07,2.83639927495572e-07,-5.50763264846335e-07,4.32593064981419e-07,-3.19086551231611e-08,6.24427402159666e-06,-2.73007060787109e-08,4.50855217962212e-06,-2.13944865763859e-16,-1.1370344272427e-05,-0.000109290404940657,-1.20301111407136e-11,-1.07638817380089e-07,1.61314183933793e-07,-1.00895758113165e-07,-2.87790486861111e-08,3.56665619397237e-09,-1.59918134896586e-07,6.05289355619375e-06,2.28614676117462e-06,-1.91006519964978e-08,1.03458880747403e-05,-3.50812311854322e-05,9.84195245396856e-07,-0.00175656239135386,2.43540218147049e-07,4.30572097674486e-07,6.66736161982251e-09,2.35023538904712e-05,-4.10303100891682e-06,1.90062813393541e-08,-6.40161653991392e-06,8.27051960555684e-07,-3.10328905894855e-06,3.18668740204255e-06,2.92910387781224e-05,1.58114643427757e-06,-5.25602253074999e-07,-4.06053086796535e-06,5.21975340424908e-07,-3.24022711340169e-06,1.0658631680139e-05,6.21201299678085e-05,-0.101578887782335,8.55043612879078e-18,-1.23880372732921e-07,-6.1057521788667e-07,5.40182364696632e-08,-2.88186513327075e-05,-3.09088949097843e-08,-7.62708883428625e-06,-0.0012830597406874,1.5799939314958e-06,-6.57387374984168e-06,1.49445626103436e-16,0.00045306896867936,1.3288568173786e-09,9.50392450977533e-07,-4.04471537258978e-08,-7.08892851665839e-07,4.39982708674216e-07,6.64985944967042e-06,-1.66720601622149e-06,1.45704139698592e-07,-8.17048493922491e-06,2.43626357368322e-08,2.23369116743269e-06,2.9029586133917e-09,4.04693806203425e-10,5.744124297304e-06,-3.04331689225537e-08,1.003643973007e-05,-4.89275383115776e-16,1.31479914863844e-07,-9.98758206119301e-09,-2.87744663573079e-10,-2.33469638363998e-09,3.50421848835059e-06,2.33826797510809e-05,-5.53172797997397e-08,2.01911467868571e-07,1.11918522531425e-07,-5.92962279480348e-16,1.95737756734305e-06,6.84409488081468e-09,4.07922987044703e-05,-1.14325942200651e-16,-3.90240087064791e-07,-4.95007375856443e-08,7.57527740869315e-09,5.15098699725767e-06,9.62999760546232e-07,8.69132628287292e-07,1.6082384836415e-07,-8.1151836390248e-07,-3.39835563186955e-08,-1.81964781516155e-09,-3.96420316625561e-07,-1.19761228237955e-08,5.95234346445176e-16,4.18886528225462e-09,-1.51484279787221e-07,-6.20492376436592e-08,3.59686214512642e-07,4.40376554919278e-17,6.07724337473234e-09,-8.73026994446802e-10,8.70455873227495e-08,1.16482613800291e-09,3.88267422603049e-07,-3.17373825754131e-09,2.88823301622766e-08,4.71736561475689e-08,2.04474288803425e-15,1.72983175391768e-06,-9.90345605913004e-09,4.66004399615305e-08,1.99061342742177e-05,-3.33574634847605e-08,-0.320490851137371,4.97856963987964e-14,-2.33237656423561e-15,6.0398528287427e-07,3.99581271064872e-09,-4.93223786110147e-10,3.54686527690628e-07,-3.43084156081348e-16,8.46837300656293e-07,0.00256469957547399,5.32544125096057e-16,6.52830929864919e-16,-6.01451896291702e-16,7.77792453234475e-08,2.5520035667693e-09,-4.30916847625756e-09,1.65981232510873e-07,2.41219568940356e-08,5.35688304403915e-09,-2.36678614015968e-09,-9.62070212087846e-16,-6.68824685524104e-10,2.01304139162194e-09,-3.78192882914879e-16,3.86983275830883e-16,-1.55908963206565e-09,-9.37303064041415e-11,-1.00870854228659e-09,2.62513182017549e-07,1.07881764265062e-09,-4.35869799011786e-08,-8.25346973417888e-16,-1.55105492482477e-08,-2.66751638834109e-16,-8.83738946783617e-07,-9.07585638587616e-16,-1.28607779965378e-09,1.54609254180915e-16,5.42007656570725e-09,1.43417514373129e-09,1.15006084234176e-07,9.4000905521262e-08,4.17102569274264e-09,-4.88619356688717e-10,3.14836094266179e-09,1.2217599558413e-09,5.85652392742739e-07,1.97042746068199e-08,1.16910289399857e-09,-3.36481708008484e-09,-6.24531170163729e-07,-4.37117372952765e-06,-1.65919833134587e-09,3.68130737540702e-16,1.58338589466055e-08,-2.77345480618807e-09,1.49194302214763e-09,4.00486272610108e-16,2.80299702839893e-08,8.10043453088228e-08,2.60840593983483e-08,2.49333533414644e-16,-6.33938871106522e-09,-3.61111679906513e-07,1.32140488555902e-16,-4.52083331508466e-09,1.03760749074321e-08,2.12105364307873e-16,-4.20751782740979e-16,-3.8544347277461e-10,-2.17948954002912e-07,-1.24637255051943e-09,-1.73680638888404e-06,4.92733205421755e-08,1.30975918276604e-09,1.11196548173563e-05,1.15914407068624e-08,-2.92541406400118e-07,2.98372437868011e-16,5.41892392777743e-11,3.9572125167349e-09,1.09430806862309e-08,1.73800920682329e-06,3.26966271058785e-16,-2.94996542629579e-16,1.45605181586469e-07,-6.20058704571744e-17,-5.04079470656585e-17,1.51823157395135e-08,-2.23623046509085e-08,-4.18679519832942e-09,-4.0020771960728e-08,1.07441947752987e-07,2.80681831056387e-08,3.58840893361171e-08,1.33942568573468e-16,3.26972398237696e-06,8.85099846237323e-09,3.39918460552065e-06,-3.87167446590037e-09,1.5294183545285e-08,1.6322351162458e-17,1.36242950503541e-16,-5.79038261361605e-16,-1.40940268667955e-07,-6.43165703500229e-10,-4.16979010198377e-08,3.5105350158815e-16,-4.93946501139488e-10,8.03345583496521e-16,4.35142489410683e-16,8.41597363515268e-08,-2.10980529781769e-08,1.34007388519208e-16,-1.79938988647647e-07,-2.50071210539951e-09,1.90594255946544e-16,6.33384183426116e-09,-9.0941620722588e-17,6.3433386685306e-07,-1.15470110495638e-16,7.01196085182824e-07,3.75570109808605e-08,1.56773282972457e-09,1.5871394677158e-05,0.00136639400635074,1.36518134009845e-10,1.77637880636099e-08,7.99275125293862e-17,1.16935867429082e-08,-6.50680375631914e-10,-1.74813913874112e-16,-8.36084983726961e-11,-1.59731428309518e-09,3.41531261951795e-10,7.02052796498885e-16,5.65852594691378e-10,5.40090367628867e-10,7.61505838932817e-17,-5.78732488999558e-09,-3.4362452792924e-10,2.72304449242896e-11,-2.89964746066968e-16,1.23674176007395e-15,-5.24681193607637e-09,-0.0145309847631963,1.4694516894428e-07,-9.18573313253317e-10,6.52506370184876e-07,-1.12356829053598e-15,5.92991173072382e-17,2.19157211540117e-07,3.84151650295876e-10,6.48121541170474e-16,4.52092913980085e-06,-2.4797719409087e-17,1.12620573370068e-09,-1.51849873385165e-08,-1.99576522742047e-08,-1.23040919529731e-07,-1.85032099375921e-16,-2.44667086227267e-17,-1.40318691315309e-15,3.16647685048667e-16,-2.9875187858198e-11,-8.42957739589888e-11,7.29793415025034e-16,-4.47812856928847e-17,8.64465472881009e-17,1.76022080631927e-11,-2.4680935802764e-13,7.71698707787336e-11,-1.92716491895574e-16,1.03098139834362e-15,2.74179821641712e-15,1.43121126775181e-08,-4.51468266634094e-10,3.28117965189305e-15,-1.08155295485991e-10,3.16651957692719e-09,6.19915661268767e-16,-4.34835568179856e-16,4.93289122145349e-07,2.91342378461014e-11,2.8473099564025e-07,1.42458296936217e-15,-2.25268365823008e-09,-4.07920942555192e-08,-5.12865793901133e-08,2.37571608189785e-07,1.49473371005183e-08,-2.71821979034462e-10,4.67226235015137e-15,5.4471158804802e-15,9.12171509647034e-16,-1.04035560636673e-08,9.53616918759931e-09,4.13850778363494e-07,6.05639501970208e-09,-1.41003892464588e-14,-7.05185937222567e-15,3.25783974878503e-14,-2.52342330320242e-15,5.40393246246126e-15,-1.18190197181994e-07,-2.73364296244631e-14,1.2662010258052e-16,0.78373498360845,-4.54426158456863e-14,-6.04232189577053e-05,-1.04662316937929e-14,-1.65687083559459e-05,-2.02457054226386e-14,-2.18709223607156e-06,-0.384520922643581,-7.85985693359912e-08,-1.74184828059242e-15,4.85066534368981e-06,-2.64958320050869e-15,3.42185907840181e-07,-4.26673487490416e-08,2.34059944779237e-10,-5.39042218590184e-16,1.19426409475315e-06,-1.80095681288986e-15,-7.75560791618831e-08,-3.94099963305884e-08,3.72854542725522e-15,-1.91390340510275e-15,1.32610447204037e-17,-1.56396158293931e-16,-5.56524690882756e-09,-2.75989970758597e-07,-2.87382322063673e-06,2.17378936542878e-15,-7.19088450552241e-16,-3.36223606361977e-09,2.73352255943451e-08,2.39596025625122e-15,1.06376988934303e-15,-5.00928221369695e-08,1.04760362302808e-15,-9.55243119110546e-07,-1.07901066098057e-15,8.38531571539744e-08,1.36394619110893e-15,-2.36601697433059e-16,1.4147598154151e-16,7.85973611565766e-16,4.7649132010128e-16,7.45011270071972e-16,1.49799782420764e-09,-1.04674878267182e-08,-2.16955004152062e-16,-6.79837158437789e-09,2.83140144205156e-07,-9.81916282452764e-16,-1.27096690128613e-16,-3.22512840848747e-16,-1.54547478133835e-15,2.51225298871116e-07,6.71348975440307e-07,-2.20420963475957e-16,1.04449961334922e-16,-4.81907220527008e-08,-1.55497314977958e-08,-2.34597182572318e-10,3.53290301202473e-17,5.8469972848092e-16,-5.51687379312736e-17,3.1680563227866e-16,5.8633180506852e-16,1.74956689477002e-16,1.05414275670878e-05,-3.07274581343877e-07,-2.72950936772443e-07,1.41131054396321e-16,-1.10721014314812e-16,6.45303558702911e-16,2.87899054389432e-16,-4.34441858848314e-16,-4.37256019410671e-16,4.45591360727047e-16,8.94052547257927e-17,1.59303948478698e-16,-1.26521307965232e-15,-2.07349489367344e-16,-4.42357486047504e-16,2.03752658258859e-16,1.80892043779528e-16,8.1004269643308e-10,-1.75626091518647e-16,1.1671935969669e-15,4.46624241134187e-16,1.13884792967795e-08,-1.40619822255091e-08,3.12295368939897e-16,-2.93190792040374e-10,1.02997182315927e-08,-6.18037734289238e-16,-3.41294010142047e-16,-1.96741782957339e-08,2.84708803250727e-16,2.48494981955634e-10,6.47185726776279e-16,1.59949018633341e-16,-1.91439127314105e-16,1.04977489725481e-15,2.45424234783947e-08,-3.28334555007364e-08,-1.80108961742927e-16,-7.41016181874812e-16,1.34523903792171e-16,6.07844982047545e-16,2.31206113282534e-17,1.9076585401108e-16,-4.88467430798304e-16,8.54770854115997e-16,3.78070125381283e-10,6.69350683445615e-16,3.64122210186485e-16,-3.43571027138538e-16,1.24453756701304e-16,-4.62532932434216e-16,-7.84271817663383e-16,-8.15811227641851e-08,-2.57238767382223e-16,-5.69991086769099e-16,5.51154331400306e-09,-3.50387399918797e-16,-9.72089874720164e-16,1.83050990389049e-17,-6.17344156383582e-16,4.53631164018646e-09,-2.08027823679908e-17,-3.41789203956636e-07,6.95479902639872e-17,-1.9928780743506e-17,3.38369053728546e-16,-1.30379546406118e-16,-1.58896610921989e-16,-1.55799745433293e-16,5.40529132986476e-09,1.53506955792424e-16,-1.44557194920279e-16,6.84782018230358e-10,-6.7722428707633e-07,-1.25773241534024e-16,1.21867765221733e-07,0.00064124593192793,-3.85036844646092e-16,-1.36225477131646e-16,1.42626741898976e-16,7.76861684751473e-17,-3.09644708072023e-17,-0.000230099786758497,3.65205026210889e-16,2.12672718155514e-15,-4.96994784862611e-16,1.71198853580428e-07,-8.50135333207902e-17,-6.12165401082308e-16,-3.50586902619246e-16,2.47413649891527e-16,-7.71790734077193e-07,3.13254698688937e-16,1.36126190010446e-10,-2.95467687132517e-17,-1.68971438802151e-16,-4.0896981627826e-17,-8.69080879855053e-17,9.67782765524162e-19,9.46758009465569e-18,7.83509980240302e-17,-2.3536706912337e-09,-7.20628199500285e-17,5.61878218953735e-16,9.88481199415824e-10,-2.31998641045939e-16,1.46172581049773e-16,-5.49691947083791e-16,-3.77558291386175e-19,1.11696326658051e-16,-1.56555958026663e-16,-7.1418428694751e-09,1.22599439254654e-16,-3.15944109863785e-16,2.1234355468268e-09,5.58812999082446e-17,-1.84741388672941e-17,7.88806519578245e-17,-4.39996179637738e-16,-2.15847986277939e-16,1.58987914882461e-17,-1.17140606274446e-16,-5.21234998565398e-17,5.61035222048268e-16,-3.91243182961328e-18,-2.97102370794051e-16,-1.10805808549307e-09,3.67210101613634e-09,1.17129106430629e-16,-4.1979362064893e-16,4.96893867058598e-16,-3.89054137982911e-16,3.44179979655523e-16,-3.57348482580563e-16,-2.68815494453168e-16,-2.03794008937572e-16,-3.48917880985049e-09,1.51261471135664e-16,-1.9491420659329e-16,3.75301014772026e-17,-9.73854502339603e-17,4.05180764094481e-10,-3.63557854358786e-17,-6.40819244538117e-11,4.29801149751518e-17,4.87068204749385e-17,2.6383644187958e-16,-1.85661059741734e-16,2.99189445192209e-16,-6.87739994640516e-18,2.33780000404281e-17,-2.98977350153327e-17,1.57456308375982e-16,-1.08421625134864e-16,6.87240152159029e-16,-7.08935642897275e-17,-2.62299955631492e-16,1.75453969069399e-16,-1.43230150980902e-16,7.71242718859838e-17,-1.25273325038267e-17,-8.92039934029319e-17,-2.59379121699545e-16,2.14657353356324e-16,2.83383342833399e-16,-6.02770581034243e-17,4.7725462755231e-16,2.19971991280592e-16,4.33560135843743e-17,2.41052861908151e-07,1.72572198237572e-16,-5.42588458371096e-16,3.49943287820113e-17,-1.61248155885307e-16,-6.91931365840287e-17,-1.88340720089906e-16,7.15135308584525e-16,2.68191810567411e-16,1.03668825529763e-17,-1.13752937088504e-17,4.19369400317393e-16,1.97093422316795e-16,1.33259837561201e-16,3.01649527349109e-16,1.17955684648148e-16,6.19786479099592e-16,-1.3751821331021e-17,-3.93570048967763e-08,-1.12047760482115e-16,3.1455119388465e-16,6.14810066295547e-17,-2.70281243228101e-16,8.62395549065795e-17,7.67495190364085e-16,-1.4067753086354e-16,2.91905115972074e-16,2.16083993440973e-16,8.98992282121471e-10,3.62759743480421e-16,8.55048927704711e-18,9.76388567772804e-17,1.11814026514863e-16,-1.54242760131466e-16,-4.50525790762867e-16,-6.42481199996749e-17,1.23022191977943e-16,2.95220871301171e-16,-1.74237752244286e-16,-4.14200482174407e-17,4.59239236331243e-16,5.77535000406013e-17,7.05878786021159e-08,-4.30351082440082e-16,-2.79677120268089e-16,-3.66742089605138e-17,-3.65159291693118e-16,-1.23832506821252e-09,1.59438192711339e-16,1.11369815081427e-16,-2.71975314695072e-17,2.33997530375212e-17,-1.11188087193807e-16,-2.00088262204443e-16,2.20995828551469e-16,1.55216811284741e-16,1.70963794808751e-16,1.00623218181139e-16,-1.41077700426024e-16,3.05653124318193e-17,-4.16047277123579e-16,-5.05657477999488e-17,1.69337955570836e-16,-1.84471877039829e-16,-2.022614551598e-16
"t254",0.0368383178246359,-0.0113357320795303,-0.0124337477967356,0.000757382590347232,0.00724584554393431,-0.0205643884928954,-0.00291975339598275,-6.45298610985819e-06,-0.0659041968937119,-0.0550697836984594,-0.0630706350406049,0.000877215687611957,-0.00191652615498913,-0.000424134055579583,-0.0128884649459221,0.000342073141843628,0.000233983823307353,-2.92228142615002e-05,-0.0141103887430839,-0.00614460250111936,-1.2176709587654e-05,5.33380254856202e-05,-0.0627296910177624,-0.00253076181217436,0.00023675265895666,-0.00177402705379353,0.0167911064983583,0.000121897946636001,7.20610330789788e-06,-9.38276983609289e-05,-0.201166634559326,-0.00711050553855382,-2.44747508618289e-06,0.00213756302909011,-0.00257696080142946,-0.000392654160165135,-1.75774377903138e-05,6.9596068843018e-05,0.0214895371151059,-0.00206901590325418,6.38453115171772e-05,-0.0162164777317018,-2.3759871900439e-05,0.0014190701060722,-2.05245947897879e-05,5.98809580044225e-07,-2.74644282036875e-08,-1.24054988630007e-07,0.000178398341218373,-0.000541986057553223,8.48478490804246e-07,-1.38817600400082e-06,1.88526799240879e-06,-6.92427200499422e-07,7.51555483215501e-05,-5.90528730160916e-05,3.52902418888462e-05,-4.49733613138303e-05,0.00039376081630216,-7.19670550476396e-07,-7.32455932757798e-07,4.02012732974666e-05,-2.53373729715451e-05,1.9366008724631e-05,-0.00445356397290683,2.47479850808381e-06,-2.03845368877789e-05,6.54338125627761e-05,-1.61428746843068e-05,7.54338013972826e-05,-8.0680591772766e-07,2.89919823821165e-06,-1.06681644787271e-05,-8.15773576522339e-06,3.51548973797262e-06,3.28570811063982e-06,-3.5055154444234e-05,6.81170194873299e-06,-0.0300400996891158,0.000561464136601302,-1.0782689517736e-05,-0.000725256341156202,0.00364395854394843,-6.16174279181782e-06,8.02422265691404e-07,1.18066766826213e-06,-3.30566195546684e-07,-6.07719218666125e-06,-1.1562805610512e-08,4.8495755171395e-07,-5.60374916635142e-06,6.31986066040521e-09,4.53666908675341e-06,-4.92248090806631e-06,-1.27657188321591e-06,-1.5415792947586e-06,-1.81431117318621e-07,1.04288854828194e-06,-1.20286255013214e-05,-0.000277298931015031,-6.45284057473774e-06,4.32276969638563e-08,-9.18322212149216e-06,1.7296887340868e-05,-0.00204830875978919,5.24642310071151e-07,-0.000168800692772407,2.30268494418523e-07,-0.000445822523596996,7.45613541191397e-08,2.62275485809608e-06,6.34536113004917e-06,-2.0109953991949e-06,4.23173429863068e-06,-5.75665280502781e-06,2.10447282429401e-05,-0.0581852863595397,-0.0161471130888371,2.58434640916435e-05,-8.20083707996533e-06,4.13297404456506e-06,-5.46053155748703e-06,6.13069006670448e-05,6.02388452303871e-05,-2.85605742425554e-07,4.77837840140632e-06,-4.86940119715862e-07,9.64774715277387e-06,-5.43205810034164e-06,-0.000187979722059914,-1.33521285289208e-06,3.62862122121677e-06,-2.79106782855171e-07,-3.21635664544517e-05,5.49825216752898e-09,-3.54201233363347e-06,6.74149943389318e-06,1.77759035025056e-07,-1.11955852817625e-05,3.16405555704104e-06,6.48392410992258e-05,-1.49222726152449e-07,-2.03837820671707e-07,-2.04232489856889e-08,-1.18189292318719e-10,1.34703541741312e-07,-2.44780056136838e-08,0.000236735369751608,0.0226362612225079,5.98359065613506e-08,6.8740400570701e-08,2.66844620195973e-06,3.22309973743106e-08,-6.84391737794012e-06,8.63793006319453e-09,1.44390041045176e-07,-8.19571592353821e-07,8.43291779444371e-09,1.39395389270606e-08,1.37901324148776e-09,-8.91427506211233e-10,1.75392709871204e-10,-1.72482790150901e-06,-1.48638637014732e-09,9.4652666480481e-10,6.07464104179139e-10,-2.02430988723917e-06,-2.8433706715176e-08,-1.81144137825566e-06,-8.21473215531324e-09,2.03687970317363e-08,3.71193783151902e-09,-6.37021782206106e-10,-3.47091660626884e-06,-5.18459802043118e-09,-1.10459617204165e-08,-4.94992717168552e-10,2.7655731880256e-08,1.71165875335424e-06,2.05602695157574e-07,-8.96700743670637e-07,-3.16923770147553e-07,7.52883560121289e-08,3.47737186028129e-10,1.24965670108521e-08,1.41876979395511e-08,0.000216221037315073,6.22536565118426e-06,2.78535260594014e-05,2.23077530648881e-09,0.000270202640846833,-2.7651103828396e-07,-1.28557175315951e-07,-2.45828317303336e-11,-2.78567389442494e-09,7.32130792856455e-07,4.87587874830075e-07,8.58786330283368e-09,-9.69800153214375e-07,-2.25370124765284e-07,-9.46434121488683e-07,-8.30061030835742e-07,4.37496463461597e-07,4.6114018536584e-08,5.26558436724377e-06,2.46788610617457e-07,-3.51956830344099e-06,-1.91399175123157e-07,1.10268271837605e-05,2.5239572414035e-09,5.15791505035476e-05,3.29442212902484e-07,7.66154566855114e-07,2.18723645780404e-05,-3.4984258549361e-09,6.097750516939e-08,-1.90424797781663e-08,-1.22893631132659e-08,7.6871784786448e-05,1.55279202404121e-06,7.23012700002276e-07,-9.16757240349855e-07,-2.05015736069218e-07,-8.85178409171998e-07,2.79825743034837e-06,1.62013674430726e-07,1.54041972255859e-05,9.94783142089119e-08,0.000392072845781023,5.35356392552741e-06,-3.09807436436063e-07,-6.68362575974474e-08,-2.09251524504611e-06,-7.7715477005424e-07,8.1967144485321e-07,8.66707191882238e-09,3.92058190602244e-06,-5.61512527901839e-17,3.83306326159135e-08,-5.51364986821042e-07,1.17635889294795e-07,3.13233995465764e-07,4.33614941717766e-06,-6.00650008290394e-08,8.94722693472997e-07,-4.02435985236165e-07,8.31255948246557e-05,-5.0748931435176e-08,1.03893052254623e-07,-4.29469320057404e-05,2.83221259501729e-08,-3.13123860952314e-06,4.72173001234587e-05,-1.25990573452788e-08,8.55988552337771e-10,-4.2035706000466e-08,4.2534233606399e-08,-6.73533140616603e-07,-0.000338729775649034,0.000354012587517463,-6.77376664183936e-07,2.14446925495899e-05,-1.4743550072816e-05,9.0848892443057e-07,-1.63502079455162e-05,6.11670329934991e-05,-1.32783269250666e-08,-0.000115689769387346,-5.62690000312298e-07,-4.69819228796017e-06,-1.24884225186407e-08,6.79320537155224e-06,-3.5417592622735e-07,4.98559162264946e-07,-8.00041698617679e-07,1.56437542079769e-06,-1.24852187854574e-06,9.32741134298769e-08,-1.8783689345633e-05,8.28093100376084e-08,-1.37654922486899e-05,2.33913056596552e-16,3.55057281565708e-05,0.000342287015294681,3.80416811010068e-11,3.4818644812533e-07,-5.32052535198359e-07,3.35855008793142e-07,9.62344933866021e-08,-1.26437766331527e-08,5.69040227177344e-07,-2.15599774984451e-05,-8.2834583365091e-06,7.26393090123661e-08,-3.96754599907337e-05,0.000135316942536222,-3.86969682544973e-06,0.00742931487847994,-1.06203992655666e-06,-1.88100906610223e-06,-2.91426955427285e-08,-0.000110816019167665,2.11265378016783e-05,-9.8974316043393e-08,3.3892276384006e-05,-4.46771187065739e-06,1.68679895226041e-05,-1.82443445365131e-05,-0.000168356086038058,-9.15368954083142e-06,3.05790413347097e-06,2.40105563113755e-05,-3.14263262714373e-06,1.98372019316507e-05,-6.57330588984858e-05,-0.000387895790093114,0.651390477634298,-2.63141771345202e-16,9.37211859964277e-07,4.69773382265962e-06,-4.26275780440353e-07,0.000227588608216435,2.44289782144791e-07,6.06581072021171e-05,0.0103251422194252,-1.28947605561446e-05,5.52147552684751e-05,-2.0242731771889e-15,-0.00406831094401881,-1.20330181904148e-08,-8.76282876171125e-06,3.73738690930511e-07,6.85299227947773e-06,-4.36205992737783e-06,-6.83473520273619e-05,1.75706891853992e-05,-1.62249797496544e-06,9.58145893237049e-05,-2.95473679992145e-07,-2.76150277996425e-05,-3.63224051076506e-08,-5.17365390567855e-09,-7.3608806562152e-05,3.96037853736477e-07,-0.00013218851514069,-1.2885106086774e-15,-1.89887466347867e-06,1.471106535661e-07,4.23912062307065e-09,3.64164837141752e-08,-5.51411366501594e-05,-0.000411228848865484,1.00559930526211e-06,-3.694866625048e-06,-2.10054898605075e-06,-8.52595763473205e-16,-3.78333920506279e-05,-1.33763032188196e-07,-0.00083163826226258,1.62207807936514e-15,8.33973308587919e-06,1.06993781714921e-06,-1.64708051394576e-07,-0.000113383585135707,-2.16447694036147e-05,-1.98479131160212e-05,-3.71908877682483e-06,1.94921342923243e-05,8.20003211466363e-07,4.51012163850214e-08,1.03150604619533e-05,3.12415261799776e-07,8.56541000998279e-17,-1.20933469206822e-07,4.45521052596279e-06,1.90300271660843e-06,-1.17920315711494e-05,-7.57636176239944e-16,-2.33650884854691e-07,4.16114964246176e-08,-4.65483424940461e-06,-6.60768333027139e-08,-2.377185943841e-05,2.28514208537933e-07,-2.96482832426279e-06,1.52127181087847e-05,5.99137902566855e-16,5.30703531175361e-05,-2.50880595338923e-07,7.24022794980825e-07,7.6679784866478e-05,-1.00442893150003e-07,0.0134354991397633,-4.52676091056148e-15,9.44596466973829e-16,-1.04165636561209e-05,-1.34891544059501e-07,1.77869481308716e-08,-1.96887907584602e-05,9.27954565040835e-15,-0.000123723734826583,-0.712316087735537,-4.29898814981003e-15,-1.70552508554116e-14,3.72150712841458e-15,1.96517206685475e-05,5.36922535358034e-07,-5.89219736930348e-07,1.7843073304241e-05,2.53218573412096e-06,4.66300056489946e-07,-2.02181979746225e-07,6.36190221975184e-15,-4.36901516683347e-08,1.22089277292686e-07,1.05957500433505e-15,-4.0296303062095e-15,-7.51150466423602e-08,-4.31709852119848e-09,-4.39484774190355e-08,1.10486224474529e-05,4.27139616303066e-08,-1.70979088349119e-06,3.87268687689107e-15,-6.00896638674213e-07,-1.34619977337104e-15,-3.30783497773508e-05,-2.45153018978844e-15,-4.69931852820488e-08,-1.53757102549424e-15,1.92357783474081e-07,5.06089656892315e-08,3.78308604541655e-06,3.04974546911498e-06,1.34560819700748e-07,-1.5391374281602e-08,9.72261812073675e-08,3.61402632089362e-08,1.73175772230519e-05,5.75442020318825e-07,3.34018454635898e-08,-9.35073542867143e-08,-1.69786900525943e-05,-0.000116894646376157,-4.40233097727994e-08,-2.83739641871e-16,4.10423847688134e-07,-7.03855091665303e-08,3.58888973069573e-08,2.69516021877492e-16,6.64946118336418e-07,1.88401828649973e-06,6.01829239127142e-07,-4.73825769614643e-16,-1.45679058462591e-07,-8.17197386147877e-06,1.55179509205639e-16,-1.01572949418166e-07,2.24287728834444e-07,-1.63727184910946e-16,3.319139289312e-16,-8.22330519843848e-09,-4.64464855807071e-06,-2.64247995308638e-08,-3.6609602858033e-05,1.02602244462545e-06,2.72460985968862e-08,0.000230993503745866,2.37455222245456e-07,-5.93438224052587e-06,8.25511534130463e-16,1.09559732407397e-09,7.99628592522617e-08,2.20706857019602e-07,3.49768474795277e-05,-6.48333371100612e-17,-2.03899481671255e-16,2.92200971485286e-06,-3.62139695490467e-16,-9.82198479315497e-16,3.0069906677419e-07,-4.42258283387043e-07,-8.27997432807375e-08,-7.89628163348979e-07,2.11940613590332e-06,5.53649805538196e-07,7.07632439838862e-07,5.28003005034729e-16,6.44723138042032e-05,1.74637038465889e-07,6.70865540295481e-05,-7.65454741388405e-08,3.03907642146212e-07,-3.70087552703511e-16,4.31438482453168e-16,1.78576436644633e-16,-2.83426188523874e-06,-1.30258231298508e-08,-8.44994080527623e-07,3.25545304274291e-16,-1.00918205001272e-08,-1.29368445224278e-16,2.08092405625432e-17,1.81438468386977e-06,-4.5525728420609e-07,1.23533995532998e-15,-3.95689153785036e-06,-5.56728331482053e-08,1.82102180426997e-16,1.45109644511813e-07,-1.41755270102274e-16,1.51553490771762e-05,3.73881482546115e-16,1.68239550547513e-05,9.04131207251365e-07,3.78861414424269e-08,0.000385653598638597,0.0336296490581247,3.55158332260232e-09,5.12628967765517e-07,-1.05357023616665e-16,4.14469257487027e-07,-2.3776094304472e-08,2.46508344628814e-16,-3.19371277338524e-09,-6.70890889191421e-08,1.59550076331588e-08,4.78399442374895e-16,5.45975019810046e-08,7.30803783032578e-08,-2.90236982933435e-16,-2.06131669469787e-06,-1.57798696302136e-06,-2.23468567002464e-09,-4.00242018344724e-16,1.4352069683934e-15,5.12693533541531e-08,0.0333934091476483,-1.65098352144561e-07,-1.34071893639617e-08,1.09859085588002e-05,-1.11780374634671e-16,3.03126860210843e-16,4.05186755055369e-06,7.18601997952583e-09,-6.3356952648579e-16,9.87901885431321e-05,-5.90794861424993e-17,2.87337972381883e-08,-4.90292967284763e-07,-6.56318196016288e-07,-4.36082474433532e-06,-1.7487162540309e-16,-2.23147323455117e-16,9.49461144234634e-17,-5.01754909074439e-17,-3.40866930589721e-09,-1.18326942003185e-08,-1.03946559039314e-16,-3.83239370303794e-16,-3.7825853227343e-16,1.66961866577835e-08,1.50182818941261e-10,-8.28743619058158e-09,-4.97569933640215e-17,-7.68346974586165e-16,-1.59933372968768e-16,-3.57194074500957e-07,1.09313661723086e-08,1.34622986508488e-16,1.91991183609797e-09,-5.02419168595459e-08,-7.22621089921381e-17,-3.17098424468441e-17,-6.12464425507838e-06,-3.5499657081374e-10,-3.03404759360505e-06,-2.33793736635116e-16,1.93643455914587e-08,3.12523701612271e-07,3.35324582465118e-07,-1.25129411994245e-06,-7.42523371682546e-08,1.20872930382012e-09,-3.07995151208262e-16,-2.26016123421939e-18,3.57943046150642e-17,2.2995018726593e-08,-2.08207408149822e-08,-8.13593328975741e-07,-6.20185892611732e-09,1.60213115200038e-16,2.63040197384028e-16,-3.81895513291266e-16,-1.50286750529538e-16,-1.83976247564579e-16,3.06683342994984e-08,2.54669288383068e-16,7.93853548520109e-17,-0.00976907799927063,5.31194658317303e-16,1.0519824324082e-08,1.98910363227124e-16,-3.3621679501551e-07,4.38801854036473e-16,-6.36230327277993e-07,-0.00161381778528784,-7.04589435099695e-08,1.1433177656278e-16,4.36718738257755e-06,-1.14921436360757e-16,3.92204587157648e-07,-6.24146601508319e-08,3.4540105265745e-10,-1.46835530316708e-17,1.90142810024762e-06,1.13980012743348e-16,-1.36759779435311e-07,-6.98098633646905e-08,-7.99483967802176e-17,1.04056390493319e-16,-2.46322722149285e-16,3.74860541028304e-17,-1.0578737672448e-08,-5.33626724025681e-07,-5.66321641039109e-06,-7.61544620388569e-17,8.83248187177507e-17,-7.18527306457348e-09,5.86078046985444e-08,4.96713019923775e-17,3.80021702590786e-17,-1.16573198228402e-07,-4.73596248392828e-17,-2.25743968680903e-06,1.3955614891243e-16,2.06463280926665e-07,1.17725869056869e-16,-3.16155172670595e-16,3.97433091614679e-17,-2.35034548975604e-16,-6.53270317945792e-17,6.10972789718072e-17,3.9556279686538e-09,-2.76630432183497e-08,6.02538143702229e-17,-1.83457449486407e-08,7.70422387619076e-07,6.77446794048091e-17,-2.59827759711885e-16,2.94530416368574e-16,2.16085702859339e-16,7.06468772226052e-07,1.90133048818927e-06,-1.15559690892535e-16,8.82673767088762e-19,-1.37530363404012e-07,-4.44204606136941e-08,-6.72366659126974e-10,9.15669695247082e-17,-2.32994993697553e-17,-1.207632571118e-17,2.69508926837264e-17,-5.71094614287926e-17,7.6913069995042e-17,3.16736141575615e-05,-9.26877030655041e-07,-8.26479415928315e-07,-5.10643388149141e-17,-1.20383712680267e-16,-8.47044549987003e-18,-1.34001533951843e-17,-9.73116539885252e-17,9.38708805113885e-17,-2.82345181430661e-17,-5.53443771829864e-17,9.02712056679919e-17,-1.59412642878425e-17,-2.80698722873827e-17,9.73523031759904e-17,-1.07873196445199e-16,5.85387938884644e-18,2.58900404809449e-09,4.21178210091555e-17,-3.6300145449719e-16,-2.70718871374832e-17,3.66163030690583e-08,-4.52726939322758e-08,-1.70150198377248e-16,-9.44705572302931e-10,3.34161549836112e-08,8.93073867231632e-17,1.02462552095678e-15,-6.43482770088591e-08,-2.56753307836246e-16,8.20282910116395e-10,-1.27203587166392e-17,-4.760341453865e-17,1.57145918064055e-16,5.1681948832555e-17,8.2088343742026e-08,-1.09911753561401e-07,6.88346123610831e-17,8.05925578664535e-17,1.42947949366329e-17,-2.59658713151307e-16,1.24629039727209e-16,-1.13437891616189e-16,-1.55708193925335e-16,-1.35482974623092e-16,1.3108450504645e-09,-1.3363746666306e-16,4.57794619284627e-17,3.21822940944795e-17,6.47765060573933e-17,1.34042286579291e-16,1.59246684957342e-16,-2.84504190095741e-07,9.69269070790116e-17,-6.52094831857877e-17,1.92402778284822e-08,5.08268418483023e-17,2.11300440570715e-16,-2.57024918788277e-16,-2.73362153788956e-17,1.60052509965558e-08,-5.68798188536478e-17,-1.20795028728173e-06,-6.5625892440391e-17,5.54548565350277e-17,-3.79905823712579e-17,1.51884230629247e-16,1.7632980766161e-17,-7.87491220051844e-17,1.91653917380102e-08,-4.09143810247704e-17,1.81537615896247e-16,2.43364929628335e-09,-2.40706415862954e-06,1.70815932881458e-17,4.3397080786332e-07,0.00228477522621209,-1.18097678115399e-17,-9.09371778981017e-17,1.97873228231205e-16,-2.77087626951678e-17,1.64937476259966e-16,-0.000825898861320365,-6.78281183102141e-17,-1.50372341089868e-16,4.18342692274502e-17,6.15463782040117e-07,2.21298932023786e-17,7.9682877695249e-17,1.36798536373486e-16,2.40226251979941e-17,-2.77996675356587e-06,-1.31491172796351e-16,4.90598084624272e-10,2.40884492058811e-17,3.52020594315066e-16,-4.63723156921222e-17,4.75395760153907e-17,-9.56787109341315e-18,1.71241650625495e-16,-2.19755471563403e-17,-8.50520634192591e-09,2.15285942387498e-17,2.22630460950515e-16,3.57407382451889e-09,-5.33242785853372e-17,-1.31876493282554e-17,-2.73778592379646e-16,-1.70948116515441e-17,1.67207086318994e-17,4.20489882850689e-17,-2.58662246318373e-08,-1.54253426408204e-17,4.79345651823461e-17,7.69576486877294e-09,1.56301771894422e-16,-1.44037082149339e-16,3.86460721082422e-17,-1.7675659287034e-16,4.75527307780356e-18,-4.15767330071053e-17,2.33653826628389e-17,-1.81895271972362e-16,-1.32168530605687e-16,1.6826943537767e-17,-3.37224450127444e-17,-4.02407136860537e-09,1.33384844529193e-08,-4.53586550356285e-17,9.98097290493326e-17,1.76713206627621e-17,1.60885793859012e-16,1.53089346754953e-16,-1.07036416789419e-16,3.08833809142451e-17,-4.05182169767407e-16,-1.26858314911698e-08,1.11741275234955e-16,7.60916321992966e-18,-9.0421880793081e-17,-3.58040127787561e-16,1.47405109164089e-09,6.25160821916516e-17,-2.3325008230148e-10,-2.8691026013045e-17,6.46564495326155e-17,4.29933660562505e-17,4.04851572634809e-17,8.01051016706011e-17,2.35266847359633e-16,-2.51054566855898e-17,2.20564542834012e-16,-2.17937701704219e-17,-1.03395684089763e-16,-1.57475025057828e-16,1.24927454802384e-16,1.9999123721227e-16,7.13736990314878e-18,5.79551954354301e-17,9.6142335303945e-17,3.47459245756799e-17,-4.3616212786927e-17,-6.63929083720646e-17,4.00703717348851e-17,-3.05473962097791e-17,5.59619649371437e-18,-5.57116039546717e-17,-7.37119972642191e-17,-1.16772416090569e-17,8.77783929452343e-07,-9.32569752323962e-17,-6.11405493496769e-17,-2.3904867576612e-17,2.34326505659565e-17,1.12402184714407e-16,-4.73683634777371e-17,-3.02911452640838e-16,-5.00673555751369e-17,1.73079014211142e-17,3.27206561785336e-18,5.17706537361828e-17,1.93654827692802e-16,7.20663439683899e-17,4.79934954602203e-17,-7.96628252661286e-17,-2.24156251702634e-17,5.76363117200085e-17,-1.43196042074259e-07,-2.222165893942e-17,-2.3633497348467e-16,1.07872372671952e-16,-8.63240711010565e-17,-1.07880589524092e-16,9.28149809449453e-17,4.66178223961333e-17,8.37110922425683e-17,1.34116101486269e-17,3.2654070025776e-09,5.17256475512988e-17,-4.18669845708327e-17,-1.1627291702681e-16,5.31675804050671e-17,-1.3631665702696e-16,4.45547759175577e-17,-1.41607440828021e-17,-4.6453514266458e-17,1.10631335942883e-16,-1.15169474568187e-16,5.56131875121781e-17,1.18206316060211e-16,8.19582973806453e-17,2.55783572553767e-07,1.21805003783316e-16,-1.72070208933188e-16,-4.09654745088076e-16,-5.92299646828831e-16,-4.48125894767602e-09,-1.38753633271738e-16,1.38216636705018e-16,1.16231900939623e-16,-2.20593183800859e-16,2.65789430014013e-17,6.49167609390237e-17,1.98032612869827e-16,1.94079834819418e-18,4.59878860361663e-18,-4.66171340119055e-18,-1.52859547075209e-16,-1.32484758664996e-17,-2.94578551669172e-16,2.44836667601899e-16,-2.04248306558681e-18,-1.97484388245239e-17,-3.41794253888234e-16
"t69",0.0368358730011692,-0.0113341407642883,-0.0124319454770284,0.000757235086754169,0.00724411398479235,-0.0205586110402031,-0.00291891677204909,-6.45098776056249e-06,-0.0658800261838689,-0.0550451995665363,-0.0630347036977758,0.000876595958682267,-0.00191513118549755,-0.000423820503597109,-0.0128785059429176,0.000341792600528024,0.000233787158943837,-2.91977887996613e-05,-0.0140980133880929,-0.00613872622387138,-1.21640657115639e-05,5.3270467767698e-05,-0.0626454897528436,-0.00252734410928669,0.000236431590308423,-0.0017714984365067,0.0167668699200739,0.000121720303576107,7.19529909137503e-06,-9.36592973166462e-05,-0.200779306433199,-0.00709612889050377,-2.44213009250498e-06,0.00213264787434847,-0.00257069566447154,-0.000391613076331976,-1.75301616714826e-05,6.94054984173009e-05,0.0214302378710485,-0.00206320956369344,6.36602374303533e-05,-0.016168158655129,-2.36878589829372e-05,0.00141476304746149,-2.04610426468132e-05,5.96817080841991e-07,-2.73710573941519e-08,-1.23628987935863e-07,0.00017776843911358,-0.000540014687981181,8.45269749806499e-07,-1.38283135674018e-06,1.87799050873101e-06,-6.89694599234148e-07,7.48460341928652e-05,-5.88081183006889e-05,3.51266778057677e-05,-4.47586551895623e-05,0.000391874377333342,-7.15969144871806e-07,-7.28486403324176e-07,3.99777733667696e-05,-2.51935923385444e-05,1.92555477287795e-05,-0.00442718370648588,2.45964025112617e-06,-2.02503056978556e-05,6.49889521541611e-05,-1.60315043555521e-05,7.48995360334342e-05,-8.00266382944111e-07,2.87324832601017e-06,-1.05712290517665e-05,-8.08128502066738e-06,3.48241670492205e-06,3.25438340820049e-06,-3.47191833756042e-05,6.7447093070555e-06,-0.0297270262111169,0.000555474999745781,-1.06630357594186e-05,-0.000717139330106618,0.00360056454477537,-6.08698698654933e-06,7.91882624515173e-07,1.16482149618564e-06,-3.26031783744022e-07,-5.99353600169247e-06,-1.14034899253431e-08,4.78260179288641e-07,-5.52571531619789e-06,6.22469224949296e-09,4.46786151928659e-06,-4.84412747681849e-06,-1.25448761025471e-06,-1.51457290754809e-06,-1.78250820743287e-07,1.02401351458816e-06,-1.18083151478049e-05,-0.000271985919297443,-6.32455872100242e-06,4.23655027037676e-08,-8.99937892164347e-06,1.68868496362749e-05,-0.00199912125650292,5.11916054909192e-07,-0.000164631763441532,2.24552757104308e-07,-0.000434656934589842,7.26684552697832e-08,2.55587489520735e-06,6.17922206774743e-06,-1.95817499049364e-06,4.11247678526608e-06,-5.59193635888155e-06,2.04220368129989e-05,-0.0564373516151767,-0.015641222324991,2.4999908124435e-05,-7.92463305923826e-06,3.99125326893974e-06,-5.26112003423867e-06,5.89730058756433e-05,5.79419239432471e-05,-2.74649508251074e-07,4.58689673775992e-06,-4.67355520229447e-07,9.24457078453934e-06,-5.17778872371942e-06,-0.00017916911136304,-1.27203337769053e-06,3.44256318655749e-06,-2.64562539129787e-07,-3.04676534649091e-05,5.19375269107678e-09,-3.34448966657129e-06,6.322252336953e-06,1.65622933733642e-07,-1.03189176362773e-05,2.91528692487874e-06,5.96131006993586e-05,-1.37039821189642e-07,-1.86844823563012e-07,-1.87068828562823e-08,-1.08255647811846e-10,1.2269233545708e-07,-2.2002705184435e-08,0.000209163935068607,0.0198985580645155,5.19386377876745e-08,5.96021881927103e-08,2.30100448716943e-06,2.76978259513737e-08,-5.85742327834408e-06,7.03594503552752e-09,1.16357497371044e-07,-6.5502809563198e-07,2.07879928509415e-09,-1.4319184077655e-08,-2.37790038735355e-09,-3.6605864005653e-09,5.55441200350386e-10,-3.0289976724042e-06,-2.52893079343153e-09,1.36851157054915e-09,8.09003604817631e-10,-2.41728000180444e-06,-3.38763944098476e-08,-2.15694528854708e-06,-9.70202467423875e-09,2.38515650061432e-08,4.34161066988899e-09,-7.34601976117269e-10,-3.98708817332512e-06,-5.91030891548005e-09,-1.25702771178016e-08,-5.62810904033486e-10,3.10079321928776e-08,1.89763707223899e-06,2.2755730673702e-07,-9.90912008101612e-07,-3.48723646771248e-07,8.27152973280292e-08,3.81485836158431e-10,1.36912641228975e-08,1.54799599235082e-08,0.00023568930176973,6.73625644509755e-06,3.01327925177041e-05,2.40820353990004e-09,0.000290184072165422,-2.95861759018014e-07,-1.37392868722275e-07,-2.62289832700328e-11,-2.96874673892427e-09,7.77767452867582e-07,5.17651125655815e-07,9.10557578929076e-09,-1.02762535276707e-06,-2.37790890027243e-07,-9.98414150689039e-07,-8.74287328132582e-07,4.60153959755561e-07,4.83563479283248e-08,5.52155703050583e-06,2.58720046086593e-07,-3.68695434067207e-06,-2.00401051520232e-07,1.15308517353829e-05,2.63553582908122e-09,5.38020609300166e-05,3.43532443095638e-07,7.97856517308636e-07,2.27616864804317e-05,-3.64060589129839e-09,6.34231177505582e-08,-1.97820621556671e-08,-1.27638337180655e-08,7.97502127808167e-05,1.60977676216215e-06,7.49366748841143e-07,-9.49283248582018e-07,-2.12244517153434e-07,-9.16180477468073e-07,2.89432767937235e-06,1.67554143191258e-07,1.59304782222398e-05,1.0280735116668e-07,0.000405035164566957,5.52824438104115e-06,-3.1985709136749e-07,-6.89913764668588e-08,-2.15961502007058e-06,-8.020366622238e-07,8.45545631305446e-07,8.93831443431424e-09,4.04215984239981e-06,-3.99887933874425e-17,3.95040985104523e-08,-5.68202039018381e-07,1.21167203526739e-07,3.22517646007889e-07,4.46335154191671e-06,-6.18259507981149e-08,9.20473655559606e-07,-4.13983378356078e-07,8.55074627200617e-05,-5.2193523394863e-08,1.0683740979721e-07,-4.41544276153534e-05,2.91156631987477e-08,-3.21884529599019e-06,4.85281702861054e-05,-1.29381160808867e-08,8.78782387787533e-10,-4.31454435789724e-08,4.36368085816757e-08,-6.90970258174579e-07,-0.000347391515557829,0.000363003838950272,-6.94417398383086e-07,2.19825478288364e-05,-1.51121713475496e-05,9.31104873400535e-07,-1.67546507923083e-05,6.26789860156644e-05,-1.3601399277459e-08,-0.000118503591433621,-5.76370338823247e-07,-4.81193689660598e-06,-1.27903001244329e-08,6.95660678891327e-06,-3.62687379231881e-07,5.10199700083381e-07,-8.18663583205309e-07,1.60069910989334e-06,-1.27735034875416e-06,9.5418296508949e-08,-1.92112334816079e-05,8.46887988375836e-08,-1.40772196816066e-05,2.76341670648737e-16,3.63036202618872e-05,0.000349971224985875,3.88933621465473e-11,3.55917971623532e-07,-5.43789800037476e-07,3.43241249042831e-07,9.83476944209612e-08,-1.29160800968862e-08,5.81280225941583e-07,-2.20235753662822e-05,-8.46057470110455e-06,7.41680528833287e-08,-4.05081847689635e-05,0.000138151662480904,-3.95025908762887e-06,0.00758038120037314,-1.08342408422892e-06,-1.91886148208689e-06,-2.97290480055629e-08,-0.00011299220385875,2.15299067110112e-05,-1.0085721960781e-07,3.45336412832844e-05,-4.55171336055867e-06,1.71845103027192e-05,-1.85810190152826e-05,-0.000171458931761925,-9.32200198290174e-06,3.11404137672625e-06,2.44490318890728e-05,-3.1996879731221e-06,2.01953962346537e-05,-6.69171503889504e-05,-0.000394854857345897,0.662975186429703,-3.80181554168413e-16,9.52978447666004e-07,4.77630422902966e-06,-4.33342658433082e-07,0.0002313606201443,2.48337469622321e-07,6.16609678949713e-05,0.0104951410388583,-1.3106013066945e-05,5.61101010459569e-05,-5.17985275490981e-16,-0.00413269433338384,-1.22228551518791e-08,-8.90014538019216e-06,3.795905613289e-07,6.95846905169659e-06,-4.4285458889872e-06,-6.93744255953093e-05,1.78320909866797e-05,-1.64609720031512e-06,9.71779687906178e-05,-2.99616852325743e-07,-2.79989674714834e-05,-3.68246939795361e-08,-5.24450417146408e-09,-7.46157296744809e-05,4.01417131204901e-07,-0.000133973974853636,-2.91051488130915e-15,-1.92340450734342e-06,1.48992265173726e-07,4.29333519942107e-09,3.68685880891923e-08,-5.58224983601177e-05,-0.000416002591650752,1.01704442189916e-06,-3.73675070787577e-06,-2.12399197596001e-06,5.43332155746556e-16,-3.82478671091355e-05,-1.35218032313477e-07,-0.000840436459569303,1.84515693187841e-15,8.42515745660014e-06,1.08081003656129e-06,-1.66374723162018e-07,-0.000114520843903172,-2.18585987361475e-05,-2.00416985836676e-05,-3.75505950246329e-06,1.96752438404533e-05,8.27678764250584e-07,4.55144555003917e-08,1.04058501933401e-05,3.15159141334488e-07,-1.77506032404816e-16,-1.21903660436013e-07,4.49032976288672e-06,1.91740074507854e-06,-1.18752935890035e-05,6.28029947952671e-16,-2.35019504410839e-07,4.17894267478705e-08,-4.67096874863043e-06,-6.62793027315774e-08,-2.38327061437342e-05,2.28868682252199e-07,-2.96387407233113e-06,1.51085312826945e-05,-7.3019258115324e-16,5.21598014025124e-05,-2.46244955371116e-07,7.08311412308484e-07,7.43777273618753e-05,-9.72465246985276e-08,0.0193199680773953,-7.74554032023644e-16,-7.45967349681454e-16,-1.00354777326445e-05,-1.2792109394765e-07,1.68256311898136e-08,-1.81765799487212e-05,2.32120506562532e-15,-9.08907479655473e-05,0.701832739716533,4.0186616434426e-15,1.64233899446278e-14,-3.59266370971399e-15,2.22592566822845e-05,6.00990808887846e-07,-6.42522769808572e-07,1.92083756071904e-05,2.72269465443584e-06,4.96966982126703e-07,-2.15299051503499e-07,-6.31135114523663e-15,-4.60242431403836e-08,1.28272862707853e-07,-1.37407271343172e-15,3.7850762089596e-15,-7.83492461448005e-08,-4.49729655446752e-09,-4.57146044423059e-08,1.14823553310326e-05,4.43235519344486e-08,-1.77382416790736e-06,-4.3665827367085e-15,-6.23215589145417e-07,5.2397090953906e-16,-3.42793874538395e-05,2.36085023058719e-15,-4.86727517956802e-08,1.52721964173648e-15,1.99103430673727e-07,5.23771694401414e-08,3.90941613880456e-06,3.15069277773876e-06,1.38998778994809e-07,-1.58913528813412e-08,1.00345020506089e-07,3.72684877520758e-08,1.78580728011699e-05,5.93261797248867e-07,3.44220365006274e-08,-9.63140316511251e-08,-1.7481329132431e-05,-0.000120319506553918,-4.53067624638718e-08,1.51285580002088e-16,4.22214061901056e-07,-7.23804915522873e-08,3.68716151934133e-08,-2.95314461299846e-16,6.82988156790379e-07,1.93446860450481e-06,6.1785810734009e-07,3.7998852933276e-16,-1.49548407632303e-07,-8.38674753266767e-06,-6.50376090395988e-17,-1.04229058983488e-07,2.29989453384668e-07,1.19881953603667e-16,-2.58042074800818e-16,-8.430228132101e-09,-4.76141677294475e-06,-2.7086369638706e-08,-3.75217702667909e-05,1.05131891930191e-06,2.79172501697844e-08,0.000236676415282554,2.43219917861688e-07,-6.07696088712881e-06,8.07432462904267e-16,1.12181920866531e-09,8.18754302037879e-08,2.25973735845185e-07,3.58092524935811e-05,-5.17944314757911e-16,1.80459148262039e-16,2.99129341546608e-06,4.09591117196122e-16,-1.69306553641334e-15,3.07671375520977e-07,-4.52474746662486e-07,-8.47123229288334e-08,-8.07721551890911e-07,2.16791743613296e-06,5.66319430536002e-07,7.23801726426468e-07,-5.57531080406612e-16,6.59227044953075e-05,1.78552827449551e-07,6.8589167650197e-05,-7.82507323309954e-08,3.10611809235731e-07,2.27365853882282e-16,-4.85644843948992e-16,-3.11490481939267e-16,-2.89590137771317e-06,-1.33073462326436e-08,-8.6324795432783e-07,-1.2030331277856e-16,-1.03085009689315e-08,1.89759848142778e-16,1.05752931490648e-16,1.85224914407205e-06,-4.64754453577071e-07,-5.99455381167235e-16,-4.03881150941455e-06,-5.68201542703351e-08,-1.98841500547367e-15,1.48070798599749e-07,8.3184908104572e-17,1.54606537767883e-05,1.50377216019984e-15,1.71624590126733e-05,9.22305238084512e-07,3.86468641342379e-08,0.000393385316252914,0.0343014906323418,3.62152536924993e-09,5.22485873098159e-07,1.86347135006597e-16,4.22123129248474e-07,-2.42127924666829e-08,-5.79722629880586e-17,-3.25192555265246e-09,-6.82931353611831e-08,1.62367878815239e-08,2.45307411104977e-17,5.54880282739357e-08,7.42450272518177e-08,-1.90695121838873e-16,-2.09296118792814e-06,-1.60168339694197e-06,-2.26458297575254e-09,1.23975736645292e-16,1.07448350563976e-15,5.13054440700736e-08,0.0318026262051147,-1.46277939929402e-07,-1.37739972230365e-08,1.12750322908725e-05,-1.57608927916759e-17,-4.04666856786126e-16,4.15622097490476e-06,7.37062860195795e-09,1.74555446177026e-16,0.000101254811665491,-1.19830238438114e-16,2.94345248333864e-08,-5.01953610734459e-07,-6.71902898564194e-07,-4.4637608033988e-06,-1.29660295861938e-17,2.04360499860345e-16,-9.23546864456495e-17,-1.3879483167411e-16,-3.48584736045828e-09,-1.20998777247346e-08,-1.12538057082191e-16,2.76094274275823e-16,1.88669340622211e-16,1.70697215139376e-08,1.53529114508731e-10,-8.4704193428916e-09,-6.68101776706617e-17,5.345591048804e-16,3.27171558074657e-16,-3.64874247554399e-07,1.1166217942609e-08,-1.09058995413248e-17,1.96080347547895e-09,-5.13084296788136e-08,-6.64235305167027e-17,3.65784952578747e-17,-6.2536798565475e-06,-3.62471295727292e-10,-3.09766209211194e-06,1.58036975978678e-16,1.97675747762529e-08,3.19007420325063e-07,3.42245928091788e-07,-1.27694309234638e-06,-7.57715081868556e-08,1.23337268896468e-09,1.38058525954793e-17,5.18716621137377e-17,-3.6472365536175e-16,2.34532907905051e-08,-2.12355079193946e-08,-8.29742155978353e-07,-6.32176207090461e-09,2.76902119569048e-16,-4.95836608435132e-17,-3.41173620551999e-16,2.11393390928869e-16,-7.92514698436389e-17,3.11914658407111e-08,2.5496810140063e-16,-6.05529329100526e-17,-0.00939729264623506,6.07104186659173e-16,-3.2794676105585e-08,7.46894032693639e-18,-3.54777770877081e-07,5.02973346010115e-16,-6.49846890608923e-07,-0.00155306876158915,-7.19443027910158e-08,4.54763750093698e-18,4.45770596347255e-06,-2.9727101935103e-17,4.00177700346184e-07,-6.36650594400569e-08,3.52317272028348e-10,1.5442955676376e-16,1.93933228636824e-06,-2.58572991840724e-16,-1.39469288276793e-07,-7.11925615491443e-08,-3.32557762340708e-16,5.50352755166153e-17,4.52514124032579e-16,-4.87165715131487e-17,-1.078732881657e-08,-5.44136970493221e-07,-5.77461655194419e-06,-2.94550803328674e-17,-2.98647397883595e-17,-7.32580673956966e-09,5.9753811695526e-08,1.57702593600827e-16,-5.72261267995723e-17,-1.18837963751936e-07,3.0433058711345e-17,-2.30123950937478e-06,-2.54151461689198e-16,2.10454476070998e-07,-1.00945547600878e-16,-5.0964186821053e-16,-1.20526112261746e-16,2.44738860137488e-16,3.89676307773572e-18,-3.35409086259074e-16,4.03155974011038e-09,-2.81940129457108e-08,-3.55311768891999e-17,-1.86970546237753e-08,7.85161289946096e-07,-5.18965869377528e-16,1.77770052430924e-16,1.48148031302679e-16,-5.94168682488296e-19,7.19929432653472e-07,1.93752379195289e-06,1.63583949682768e-16,2.42353391004306e-17,-1.40145678462484e-07,-4.52650601221965e-08,-6.85144880663632e-10,-3.57034798737148e-18,-2.26662782544451e-17,-2.3249545467862e-17,-6.81462146561982e-17,5.16723880153528e-17,-6.64256690616126e-17,3.22713401814947e-05,-9.4435726290181e-07,-8.42056306891376e-07,1.21725213187504e-17,2.1966129198913e-16,3.23692338425085e-17,-1.6597443865056e-16,3.70870637410706e-17,-1.70603296644535e-16,7.87127015012333e-17,7.97076592302663e-17,-8.37705849743157e-17,5.01039643161691e-17,1.18786559151141e-16,2.43730816349005e-17,-8.93865516943582e-17,1.09324303304649e-16,2.63729706272680e-09,-3.77743458230238e-17,7.23013098852516e-17,-3.91700756023125e-18,3.72984009897618e-08,-4.61157881702932e-08,8.32967579278629e-17,-9.6229496603704e-10,3.40373274129285e-08,-5.96923934880596e-17,6.93421632796069e-16,-6.55420652291035e-08,1.53406887315515e-16,8.35464457655686e-10,9.46113863822244e-17,8.40628343632198e-17,-2.77033159436929e-16,-1.82461229576895e-16,8.36018940599188e-08,-1.11937803818857e-07,-1.03023952838205e-18,-1.17226157267934e-16,-3.42174464492447e-17,-1.56892667484596e-16,-9.03953561309789e-17,5.12000230835399e-17,1.01003417782362e-16,3.26061992772763e-17,1.33470518101869e-09,1.67885201025638e-16,1.82490921469597e-18,1.0296544028024e-17,-3.86602863287064e-17,1.65311051315883e-16,1.05906281741971e-16,-2.89669080596018e-07,-1.10501006430772e-16,3.1112595816573e-17,1.95893968463374e-08,1.78038766394904e-16,5.70763618597748e-17,2.43043417409726e-16,1.23198287332586e-16,1.62940442922272e-08,6.96954677028064e-17,-1.22972446110794e-06,1.74328741782218e-16,-1.25422934149398e-16,3.0094807861515e-16,-2.84532343026349e-16,-5.02330086307821e-17,1.62701348618407e-16,1.95101648721472e-08,1.20976187780515e-16,-1.7749129182007e-17,2.47736163831457e-09,-2.45029571933687e-06,2.07050292813074e-17,4.41754762873768e-07,0.00232573936991345,1.72721869120561e-16,2.64419109651903e-16,-3.73376311735414e-16,-6.921391584948e-17,-4.37552028826821e-17,-0.000840617211829667,3.73129728791472e-17,1.16030732736521e-16,6.98458921165803e-17,6.26415073994593e-07,-1.29083958130907e-18,7.66335605131169e-18,-2.12899118618584e-16,-4.39815247744974e-18,-2.82933203008193e-06,1.82214513836532e-16,4.99304940795821e-10,-2.64624641160997e-17,-1.74957635608525e-16,-1.41535236394571e-17,1.00814867102202e-16,6.48661014338113e-17,-7.9456121315892e-17,4.07703572762017e-17,-8.65564811353744e-09,-8.51092551803027e-17,-7.62158415015963e-17,3.63724095940229e-09,-1.48779931306962e-17,1.0644686416198e-17,-1.21604453378853e-17,-6.69835913899364e-17,4.15661680984887e-17,-1.05583861263173e-16,-2.63222239249235e-08,5.04451115107581e-17,-7.98772117519277e-17,7.83128099331956e-09,-2.18211158357315e-16,1.91431799086975e-16,2.60574505296272e-16,7.18795762976364e-17,4.98873198466858e-18,-4.91955029110612e-17,1.22348108946038e-17,8.91322815559194e-17,1.11340108725433e-16,-2.09753069677635e-17,4.03606425243989e-17,-4.09463900723338e-09,1.35722768351921e-08,-3.54078079136915e-17,-7.3834521910804e-17,-1.83328528229702e-17,5.76055998831429e-18,-1.76074432811646e-16,-7.02113037185624e-17,-5.85726795558718e-17,-2.17879876178335e-16,-1.29076127702152e-08,-8.21924579443083e-17,2.75330052316603e-17,-1.78743234760821e-17,2.06436194096978e-16,1.49976517361999e-09,1.38521344079599e-17,-2.37309322292211e-10,-2.86893496233656e-17,-1.4833183186537e-16,-1.95257562076635e-17,-2.46989075818408e-18,2.98556262915492e-17,-6.90978737141554e-17,6.49084580069736e-17,6.33109824164409e-17,-1.90969020237229e-17,3.97090600179696e-17,-3.91367929131896e-18,-1.20686519030684e-16,-1.29364814320655e-16,-3.88580718971425e-17,-8.82369516229468e-17,2.99854906583904e-16,-2.8688039926438e-17,1.39916509412455e-16,6.99450470134507e-17,-1.07012400140514e-17,2.32181895237771e-16,-5.46047327132371e-17,6.56563103318336e-17,-6.5701268411886e-17,-2.03034780515702e-17,8.92924200449225e-07,1.05817835159669e-16,-9.44868924623179e-17,9.00165461480559e-17,-9.15218963114664e-17,6.82823747108833e-17,6.07790211500862e-17,-8.60268463314194e-17,7.83501825974235e-17,-1.03583427433489e-16,4.09183893111889e-17,-4.03323208164608e-17,-1.31369346780028e-16,-5.74114569793269e-17,-1.36683122551436e-16,2.59322496991738e-16,1.04610497819392e-16,-6.25580120703296e-17,-1.45651420235806e-07,7.00878018317517e-17,2.06408554641241e-16,-1.18906015290924e-16,-8.9530661066016e-17,2.14460497352529e-16,-4.23876253411881e-17,-7.7024479230223e-17,2.03995644308672e-16,9.88487031202848e-17,3.32106427470638e-09,4.14238571509563e-16,-5.7630061270156e-18,-2.87903340510669e-17,3.37827510918551e-17,1.66123232947048e-16,5.87893324134433e-17,6.46362242626181e-19,1.84894136581249e-16,-1.86691629341952e-16,-2.12901549033708e-16,-3.97880373724951e-17,-3.8713899388293e-17,-1.51541738544203e-17,2.60117474803608e-07,-8.01826530440295e-17,1.3385074876248e-16,1.34722033780544e-16,-3.69333470057187e-16,-4.55698003278245e-09,1.40848260248729e-16,-7.86180443267297e-17,-1.17699280447722e-16,3.20614736501581e-17,-1.28471501443992e-17,-4.30477039894415e-17,1.70817617399024e-17,2.38604969182373e-17,-4.65569249844492e-17,3.16567546009998e-17,1.82041141354545e-16,9.62038556868649e-17,8.34269466967864e-17,1.02689621873326e-16,-1.04189885395194e-16,2.5338923477431e-16,-1.84143156825455e-16
"t102",0.0351556230299429,-0.0102247044892822,-0.0111742362624848,0.000653224517373818,0.0060110952523203,-0.0164039472081069,-0.00231647344386933,-5.00378689639591e-06,-0.0481144319449115,-0.0365602608498451,-0.0348898832383936,0.000363213973720409,-0.000747898904935332,-0.000160007995111417,-0.00435707102088595,9.54720450879239e-05,5.90519311538219e-05,-6.74883122727955e-06,-0.00285193007597616,-0.0004941313035942,8.51145866171342e-07,-4.05389087999132e-05,0.0747966792250598,0.00316727390454361,-0.00030644920711942,0.00351886892699937,-0.0375322638413337,-0.000299730910327223,-2.42300862499466e-05,0.00142524780000926,0.0083455643580918,-0.00416384463622949,-1.62045265535951e-06,0.00126437659960733,-0.00126756669692429,-0.000127259414708772,-5.18949825787314e-06,1.7922814579619e-05,0.00516049542632627,-0.000400599313713417,1.22069620036279e-05,-0.00193475045174052,-1.98729346055705e-06,0.000114625376200935,-8.34904514523244e-07,-6.0286399677438e-08,3.92516746619249e-09,2.01840522140295e-08,-3.88729428214319e-05,0.000150348043578249,-3.02582677836144e-07,5.46379844841698e-07,-7.52249376608498e-07,3.08284288291663e-07,-4.0312967563117e-05,3.2496313256029e-05,-2.85665992608537e-05,3.98293057560729e-05,-0.00035239772762511,7.975717450301e-07,9.75547641646458e-07,-6.04317731041938e-05,4.37579037216383e-05,-3.50209020500311e-05,0.0223187879679032,2.49217241762819e-07,2.08958879743265e-05,-7.61568300820395e-05,1.95961312210569e-05,-9.73177159317132e-05,1.22290347552353e-06,-4.35272445968232e-06,1.57763403628362e-05,1.14898990414007e-05,-4.91132651326422e-06,-4.44430761701165e-06,4.67141700584644e-05,-8.25551743054186e-06,0.0225502994469363,-0.000253898566688207,-3.38590265790477e-06,-0.000393091528323617,0.0133291626654202,-3.50623617641111e-05,-0.000130747140005365,-4.10420110599326e-05,7.11685648074372e-06,0.000124210008006086,2.33316909799695e-07,-9.48702873549085e-06,9.93549093688583e-05,-7.04741058306759e-08,-4.94726806231734e-05,4.79440781523536e-05,1.11180509395632e-05,1.3262405529021e-05,1.56000916732192e-06,-8.71679177308809e-06,9.95577409786065e-05,0.00221507212105151,5.0063057715112e-05,-3.34474600564136e-07,7.08391211671381e-05,-0.000104669557375242,0.00219952566154624,-3.45780258637449e-06,0.00101972412570262,-1.36948795327727e-06,0.00258238804239539,-4.14939203167136e-07,-1.44002308910206e-05,-3.18844231434792e-05,9.9860067643147e-06,-1.41510883487551e-05,1.65649841266965e-05,-3.25883230916168e-05,0.0405848458760773,-0.0991187636866496,-0.000173792795252161,1.72910430316997e-05,-3.11513819928246e-06,-1.66836774657931e-05,0.000343893164390888,0.000344130767315984,-1.74381870676907e-06,4.37099671942151e-05,-4.58765029165452e-06,0.000120394464211803,-0.000131369118019996,-0.00457663953499046,-3.4122236683791e-05,0.000136313813863677,-1.12846187645818e-05,-0.00137121258259501,2.91032447679512e-07,-0.000193202860529619,0.0005871285373824,2.33825050410591e-05,-0.00303320894855987,0.000880031924045035,0.0214212882919738,-5.43994847288622e-05,-8.89074445494469e-05,-9.62463847499692e-06,-5.57578122843678e-08,0.000150905127471677,1.16278263988894e-05,-0.0346460445974305,-0.000480779415674246,5.27757394447392e-06,6.57686869175697e-06,0.000352689427240447,4.97324288376608e-06,-0.0012336455447429,4.25396026603887e-06,8.12358290494194e-05,-0.000506029992319636,6.50950162193556e-05,0.000401930757587722,5.64049742501451e-05,5.73849374501993e-05,-8.45819651834041e-06,0.0110558204000686,8.1432023306633e-05,-6.26310935949268e-05,4.5717884677805e-05,-0.015240747533837,-0.000207180769400015,-0.0130910563451539,-5.29283089939622e-05,0.000116940214068953,2.099205191115e-05,-3.07515937871792e-06,-0.0380851841652725,-2.09220994016496e-05,-4.38952302175502e-05,-1.95156041734309e-06,9.72775505357452e-05,0.00579066098426971,0.000696839838071194,-0.00305200207073835,-0.0011088287672314,0.000267971129298141,1.2635754250624e-06,4.64819121297641e-05,5.89412791640922e-05,0.931830638695696,0.0496459135788556,0.230695194515044,3.27963119807274e-05,-0.140364528066182,0.00164877044216598,0.000532498238859845,7.00814804855375e-08,6.39775190134929e-06,-0.00102967590378337,-0.000628318298553161,-9.33384236205356e-06,0.000974133105215875,0.000136257723164616,0.000560560101109533,0.000412660648817913,0.00851499604236178,-1.41021689157852e-05,-0.00160804064686885,-7.33173929604851e-05,0.000963500465249726,4.96073141383061e-05,-0.00249039991968068,-4.87273861940148e-07,-0.00886206772014806,-5.46887766588825e-05,-0.000109851667639641,-0.00290840454779616,4.64294610695676e-07,-7.65478403757086e-06,2.10467255829705e-06,1.32971734074901e-06,-0.028550637542715,-0.000132469210735983,-6.07542725809704e-05,7.22598778299165e-05,1.59830614339872e-05,6.84133320335238e-05,-0.000218311567604694,-1.28012472223503e-05,-0.00122197721581951,-1.0413461500887e-05,-0.153813597381521,0.00010365994619148,8.15698080501659e-07,8.58942164985813e-07,3.77389947467895e-05,1.48264508680581e-05,-1.98978731258337e-05,-2.20498044746817e-07,-0.000101574811516549,9.7615451234109e-17,-9.89348263326886e-07,1.41839972509164e-05,-2.91770939847451e-06,-7.47862890047985e-06,-9.99636403450539e-05,1.38169839460662e-06,-1.91723865188968e-05,8.49813528664449e-06,-0.000320875687000873,1.04171371304291e-06,-2.09290842593074e-06,0.000836104574361267,-5.43083490811501e-07,5.96673913009127e-05,-0.000869412674472718,2.01113157372271e-07,-1.30060461988417e-08,6.13760465431383e-07,-5.77436243042775e-07,9.11675505669779e-06,0.0145008565527662,-0.000702986497724634,7.33333555200893e-06,-0.000229453694545058,0.000155661009233194,-9.41112995954259e-06,0.000170292575208912,-0.0042877159520687,1.20906179805136e-07,0.00105133535186526,5.10210694990907e-06,4.16044652829052e-05,1.09612672727085e-07,-5.79523677743099e-05,3.00541783635012e-06,-3.54904386127605e-06,5.58411080921489e-06,-1.07492912882264e-05,8.27449271290341e-06,-6.00437922723481e-07,0.000113143593226956,-4.89127909057797e-07,8.00470800676773e-05,-5.46199768539669e-18,-0.000194176542530671,-0.000364883076868009,-2.04239030260707e-10,-1.76513335569956e-06,2.56927193225623e-06,-1.58455695605907e-06,-4.48813489216146e-07,5.05829308062835e-08,-2.25335049998585e-06,8.51394766628214e-05,3.11983710542867e-05,-2.37327658056108e-07,0.000126269223185808,-0.000422692327008493,1.13308847240523e-05,-0.00357792166972934,2.65632769531058e-06,4.64126795401045e-06,7.16295308450282e-08,0.000189127338916576,-2.36450062896978e-05,1.04065449892536e-07,-3.23521122037679e-05,3.75475936694257e-06,-1.35972195519787e-05,9.70010683209733e-06,8.61728677824415e-05,4.35509213724676e-06,-1.3800883905442e-06,-8.93553408595026e-06,9.00849150394697e-07,-4.15452341321699e-06,1.15864410542362e-05,4.6839010752941e-05,-0.00357647023639134,-2.05298182392055e-17,5.69490546454841e-07,3.08570318709668e-06,-3.02052539967289e-07,0.00016134980094978,1.73244185502007e-07,4.25515532804167e-05,0.00166129243304947,-1.24176547335447e-05,5.41777129203704e-05,-8.27964273072619e-18,-0.00467372201632671,-1.40804089385528e-08,-1.06515941006783e-05,4.56306306094129e-07,9.1182725705862e-06,-6.06031778293574e-06,-0.000100485444223753,2.67848249990782e-05,-2.6570175120283e-06,0.00016644579889341,-5.31434864616984e-07,-5.06043115477827e-05,-6.73169149312498e-08,-9.77766706093797e-09,-0.000139407293988033,7.60173748436281e-07,-0.000256327857696548,-3.62389180941411e-17,-3.95229922192938e-06,3.10414277465836e-07,8.94604567352295e-09,7.97847860059411e-08,-0.000121476365404817,-0.000968758999755977,2.41933699966958e-06,-8.92960649320374e-06,-5.17504661235611e-06,2.66694598913002e-16,-9.61505617971198e-05,-3.46113725048375e-07,-0.00653786007827969,4.50181046849334e-15,1.9413058402864e-05,2.53632070999706e-06,-3.93329889983294e-07,-0.000274165582154174,-5.31813337294135e-05,-4.92405098398855e-05,-9.28868837441723e-06,4.95211684595114e-05,2.08709301718554e-06,1.15952100726473e-07,2.69461467931797e-05,8.16755135332516e-07,-7.85543479913211e-18,-3.24918880017104e-07,1.20227866490416e-05,5.18386772235808e-06,-3.25608565039943e-05,-1.68699109922073e-16,-6.62798642785863e-07,1.21298905641931e-07,-1.37239182025648e-05,-1.95814584288343e-07,-7.08698695324152e-05,6.88604942992005e-07,-9.08169910910792e-06,4.82758067519655e-05,1.66050508705428e-16,0.000172768953157316,-8.18423574604548e-07,2.37265582855199e-06,0.000254428668840192,-3.34379196266587e-07,-7.7586762769339e-06,1.79977560632594e-17,5.35413395065943e-18,-6.90423310994663e-06,-4.45348450491145e-07,5.87187350929523e-08,-6.47354839701848e-05,2.00638362314342e-14,-0.000372412988554344,-6.31332891695009e-06,8.02438746776967e-17,5.65733474616276e-17,-9.58501622304732e-18,7.47285346172969e-05,2.03348369083398e-06,-2.21786731462258e-06,6.71284375423282e-05,9.52736402897318e-06,1.7575524326692e-06,-7.62270504012425e-07,-4.59396343990931e-16,-1.65797417162364e-07,4.64556765096734e-07,-3.44777314867497e-17,-1.07867030907127e-16,-2.89014850240459e-07,-1.66556406682745e-08,-1.70167717417377e-07,4.28823696976826e-05,1.66531338168604e-07,-6.67083962916291e-06,-1.43620778333276e-16,-2.34671793218739e-06,7.16741914393214e-17,-0.00012954191226649,-3.67578417790476e-17,-1.8440597890964e-07,1.76157127502805e-17,7.56733530248492e-07,1.99195328859716e-07,1.49867164891656e-05,1.20976822259337e-05,5.34068101352421e-07,-6.1232573784917e-08,3.8757884063999e-07,1.44717033233199e-07,6.93477415674783e-05,2.30741075326509e-06,1.34252891312001e-07,-3.76966091070072e-07,-6.85949394857189e-05,-9.67093448435198e-05,-1.78741399378567e-07,7.65933729854483e-18,1.66928192485208e-06,-2.86971380356746e-07,1.47290819107491e-07,2.47203623338047e-16,2.73378430269398e-06,7.76517836173663e-06,2.48302474757593e-06,3.67713671400623e-17,-6.01348968763873e-07,-3.37985672452823e-05,-3.63676747563046e-18,-4.20476014390762e-07,9.32769381765669e-07,-4.32077653480943e-17,7.93444683003831e-17,-3.42443936729144e-08,-1.9343657893165e-05,-1.10095410476013e-07,-0.000152568618597313,4.25141554773007e-06,1.12237836525377e-07,0.000198285697563084,9.95110165571607e-07,-2.48692458548464e-05,1.4884537287603e-15,4.59141385854633e-09,3.35107516811737e-07,9.24930681815522e-07,0.000146575920188485,-1.07709820658851e-15,7.97851733880145e-17,1.22442089023646e-05,-8.4806041065091e-18,-5.8478284888923e-15,1.25770774658742e-06,-1.84868856958986e-06,-3.46107410197429e-07,-3.29537140552772e-06,8.84278340526634e-06,2.30986599868441e-06,2.95126190105112e-06,3.84809287043776e-17,0.000819476963057021,7.17503125456516e-07,5.68715737128479e-05,-3.14711751424592e-07,1.24057186022826e-06,1.20369283788328e-16,4.82203955761334e-17,9.65350903582459e-17,-1.13864256479624e-05,-5.18327469554877e-08,-3.35970314939624e-06,-8.34451036921481e-17,-3.96666155895161e-08,1.03329176724124e-17,-9.44243893588505e-17,6.45266732646229e-06,-1.61549621465607e-06,3.14770995726854e-16,-1.33137298411037e-05,-1.79410529919261e-07,-5.20857290901665e-16,4.05252041927773e-07,3.32425882426845e-16,2.55682657201153e-05,-2.63422959010537e-17,2.55209939352646e-05,1.23923904739879e-06,4.49784074882837e-08,7.54535816753842e-05,0.000517452131386097,-1.42881167003831e-07,4.38425001524572e-06,-6.16099203404326e-17,2.58538108446361e-06,-1.45884249845399e-07,-4.89418820465717e-17,-1.92119747670467e-08,-3.91236542620157e-07,9.08406626881884e-08,-7.03325025697215e-18,2.90724397048201e-07,3.84346463725469e-07,4.05408011569646e-17,-1.06582216168679e-05,-8.08758847244835e-06,-1.10293667878671e-08,-1.91942162677742e-17,3.22655381914151e-16,1.96788725239734e-07,0.00010730356936957,8.62904605441982e-07,-7.84435227406867e-08,0.00019143550072222,-1.07725268941084e-17,6.48168957046013e-18,2.33315650248806e-05,4.1386064542075e-08,1.9832862311776e-16,0.00168504831428367,9.52096943317051e-18,1.56773785316834e-07,-2.67663297187286e-06,-3.5819044536039e-06,-2.37683755571585e-05,-3.88615722503417e-16,-1.01134996100294e-18,-9.22093357710231e-17,4.16405064966323e-17,-1.83574952956503e-08,-6.36718329419318e-08,1.2922803809007e-16,3.64462572386129e-17,-4.23400205429511e-17,8.95877923962277e-08,8.0492759408739e-10,-4.42923833123862e-08,7.87595288685474e-17,-1.41996603277711e-17,1.1610788827783e-16,-1.8950024056957e-06,5.79817104374949e-08,3.3099103635909e-17,1.01617165994854e-08,-2.65712843748053e-07,2.77132013401461e-17,-1.06894525702244e-17,-3.23367728171003e-05,-1.87406768117299e-09,-1.60028448419711e-05,2.83230992453264e-17,1.01996212206545e-07,1.64497664223742e-06,1.76334783663859e-06,-6.57209594431045e-06,-3.89865556306502e-07,6.34265778089153e-09,3.536841419971e-17,-1.67970927301943e-16,1.74402299651756e-16,1.20168226263896e-07,-1.08796644821223e-07,-4.24816732150934e-06,-3.21767626520892e-08,6.61067254537085e-17,3.05932443459539e-17,6.41988483978909e-18,-2.48151513118367e-17,1.63748064038824e-16,1.53229024735215e-07,2.85170702775954e-17,2.00171983596628e-17,-4.34255416819247e-05,1.78134160111536e-17,-3.89122704149469e-06,-4.76341672412234e-17,-2.84504864617959e-06,2.63104018960701e-17,-3.4398970441724e-06,-7.28212899422322e-06,-3.7935139849307e-07,-2.97006046152324e-17,2.33922736371471e-05,-4.21522126549634e-18,2.09055883973202e-06,-3.31835938460356e-07,1.83624789480184e-09,-5.75690226460536e-17,1.01033324895552e-05,-3.19376950675773e-17,-7.26318017204175e-07,-3.70747240029342e-07,-6.07036309022495e-18,2.28706097460429e-17,-1.98949301509073e-16,-4.41464038281748e-17,-5.61704262179104e-08,-2.83332753510732e-06,-6.29826929792966e-06,3.84063759787706e-17,1.47197572444135e-17,-3.81509793037802e-08,3.11185994207738e-07,-1.24404931059582e-16,2.05114517570904e-18,-6.1912050928626e-07,-6.16415876195797e-18,-1.19902238953491e-05,-2.49283183975236e-16,1.09691110074719e-06,2.69628381994873e-17,-1.63439118495323e-15,-7.46937820816193e-18,-2.94307315819279e-17,-3.33485873713702e-17,-3.59613936426842e-16,2.10302930380297e-08,-1.47073438470634e-07,1.66669600056164e-17,-9.75642816816256e-08,4.09767177638386e-06,6.57295543742598e-19,4.40793169613118e-17,1.10655684052601e-15,3.96546012744729e-17,3.75965454143735e-06,5.15483995789519e-05,1.09451657308658e-16,-1.52156690208625e-17,-7.32074388968712e-07,-2.36455507029032e-07,-3.57934911513978e-09,-2.74508375776532e-17,-3.97470141563053e-17,-2.70779493833459e-17,-5.44834278296956e-17,-5.98389845617235e-18,-5.66148764148529e-18,0.000168808801905002,-4.9404630127521e-06,-4.40580773767793e-06,1.88786289892719e-17,2.14489113063576e-17,1.01128677951895e-16,1.03928469689647e-17,-3.03617389978413e-18,-9.55550647694186e-18,-1.15670198555915e-17,-3.29359782731017e-17,2.40295763119549e-17,-1.4787415972728e-17,-2.1802226634576e-16,-1.69494477328119e-16,-2.05733643625933e-18,-2.15479276105222e-17,1.38279857363697e-08,6.12641488244072e-18,-1.26111666299188e-16,-1.66696560350466e-17,1.95619908654207e-07,-2.41880486346511e-07,4.93701055517247e-17,-5.04750838038253e-09,1.78597375452046e-07,2.75811420699331e-17,4.46068247232724e-15,-3.44054244774964e-07,1.30734516532523e-16,4.38795343842825e-09,2.39769576664522e-17,6.08248591505228e-17,-2.40664177693486e-19,2.09164895803308e-16,4.39442041144616e-07,-5.88417623361541e-07,-6.45979818994708e-17,-4.53095605133096e-17,-5.69554431341209e-18,-2.86773486384016e-16,1.24893314006752e-16,2.54327567056281e-18,-3.08188810661393e-18,8.1515158645175e-17,7.03273116674089e-09,6.24647053954003e-18,-1.90306344127296e-17,2.47941717659691e-17,1.80422612147845e-17,-9.78051934556051e-17,-8.63592731904719e-17,-1.52672074254815e-06,-6.11431540909829e-18,-3.12871388374614e-17,1.03250357941078e-07,9.50231854140766e-17,-1.6545064926956e-16,-1.7037095096551e-17,1.13376963948347e-17,8.58203729871614e-08,-1.34976041429775e-17,-6.4731394504746e-06,6.92431480140466e-17,1.93841896563599e-17,7.75237447841939e-17,-2.3428528980404e-16,-1.46709767153087e-17,1.48487027572311e-16,1.02427298515706e-07,-1.8310246531961e-16,-3.30594924455814e-16,1.29214606254208e-08,-1.27720891156149e-05,2.40573753270669e-17,2.19683337666137e-06,4.99286799781079e-05,-1.56884191105772e-17,-9.35013354556544e-17,-5.26640499850217e-17,1.62601004565142e-17,-1.31089150709277e-16,-8.33974809369166e-05,7.04550185125645e-17,-7.3891355622903e-17,3.43288614111892e-17,3.37707563928686e-06,2.82111099659898e-17,4.94725691139415e-17,1.17134437746109e-16,5.85705154655058e-17,-7.62987632958929e-05,6.6785332382565e-17,2.67399484544763e-09,2.9549177430997e-17,2.10784021611651e-16,-4.22976962074021e-18,-5.29904162359806e-17,2.45466460174594e-17,9.68074358293961e-17,-7.41331817301298e-18,-4.62985739750371e-08,2.21820969448068e-17,-1.30044827466796e-16,1.94541321734647e-08,-7.33086126162548e-18,-1.02623227889609e-17,-5.53546343034561e-17,-4.25674547399565e-17,5.60115821939944e-17,-1.23442231851721e-17,-1.40795744404873e-07,1.11289109179013e-16,2.28115224915609e-17,4.18937471925568e-08,-4.34358651122627e-17,8.58546797198794e-17,-2.08871132676181e-16,-1.58855451572882e-16,-1.39617435205245e-16,-1.64998992201258e-17,-3.2359478166429e-18,-1.32527788126853e-17,8.89966909481154e-18,-1.68012236036816e-17,1.00476801099902e-17,-2.19191170952179e-08,7.26612444013536e-08,-1.70460572840064e-16,-1.5694779351641e-16,3.24736931484085e-18,1.59311824696133e-16,-1.60353501310606e-16,7.12071254936974e-17,5.15514110782692e-17,-1.34300621484391e-16,-6.91410421913121e-08,9.71938267163443e-19,-7.7764105505631e-18,-1.18826861551732e-17,9.90641251817294e-17,8.03774308568283e-09,4.46484374677377e-18,-1.27258726264901e-09,-1.08075418892893e-17,-3.46128742013661e-17,-1.80837337334524e-16,-2.47082529478323e-17,3.50377410284153e-17,3.34221402612477e-16,1.78632949712148e-17,-5.95051061254691e-17,3.37865600369823e-17,-5.90188177133109e-19,6.90237565414362e-17,1.39781436555099e-18,1.54351190085953e-17,-1.96802856975111e-17,-7.02451754034128e-18,8.70008888766057e-17,-1.59438319413345e-17,8.86597153615426e-17,-2.12928121378466e-17,1.34361700193147e-17,-1.25387981247949e-16,-2.12755990133345e-18,-1.24243688344207e-16,-7.74724129663529e-18,2.46676778584864e-18,1.01840526516681e-06,-1.07506425609669e-16,-1.95328631817407e-16,2.18188216136391e-17,-1.15017422902329e-16,3.63986685117708e-17,4.02008368424839e-17,4.52150556190717e-17,4.14453889846584e-17,4.03884704367692e-17,-3.65589480286744e-19,-2.38876843652869e-16,2.36265163771572e-17,-7.49569888251473e-17,-3.62009515996129e-18,7.14642285211439e-17,-9.17875684048804e-18,-9.65243554417368e-18,-7.84215791241276e-07,2.21268254293117e-17,6.72122477208706e-18,-9.52141205094757e-17,2.31960278140066e-17,-1.62768459610746e-18,-2.52474405353792e-17,-8.32782506224544e-18,3.59761178873871e-17,1.08291843370696e-17,1.79119354368742e-08,1.45864312579411e-16,2.51683505738125e-17,-3.47011320875651e-18,2.0100845101388e-17,-2.43146064283586e-17,-5.44568098922596e-17,-2.00729607117248e-17,-4.66934865441615e-17,-6.84555012795749e-17,-4.09185705839468e-17,-3.84594225421577e-17,-1.65741022025967e-17,1.54144901413107e-17,1.40532757375767e-06,3.44224197181489e-17,1.29006699355264e-17,1.42089942968023e-17,-2.72270270565422e-16,-2.46392872581126e-08,-1.77130204708166e-17,-5.08470037177317e-17,9.47315766872607e-17,-4.11661687745672e-17,1.30978374458258e-17,-9.45481610184767e-19,-7.69589076138759e-17,7.1014880164703e-17,5.16724554800011e-17,2.86538413300687e-17,1.066089633905e-16,4.09359949078193e-17,-6.19284314806503e-17,1.1408572741798e-17,-3.56895803213413e-17,-3.87036619090931e-17,-2.10194201536127e-16
"t828",0.035680349246854,-0.0105563224675839,-0.0115490893262964,0.000683217778547718,0.00635549305048105,-0.0175268880725373,-0.00247855926241106,-5.38562230918737e-06,-0.0525625418889129,-0.0408105423533441,-0.040345597367175,0.000438133452364289,-0.000908437831700361,-0.000195081138920292,-0.00537136013300828,0.000119611257983241,7.45087921520244e-05,-8.56298584339489e-06,-0.00364528046581894,-0.000650286039240819,1.15640902831161e-06,-6.08282782851394e-05,0.116459661476939,0.0049519201747313,-0.000480505656057345,0.00572156212502925,-0.0616294150518839,-0.000495959624899165,-4.10578725986177e-05,0.00294214123638769,0.0192222723980227,-0.010527773746769,-4.94818724048636e-06,0.0045745806004401,-0.00588798832963041,-0.00120309829449234,-6.05096811350183e-05,0.000299689170700433,0.106802877049408,-0.0177568439532004,-0.000409831027011721,0.0250230463407623,1.83427036409837e-05,-0.00103306094382175,5.60028019838384e-06,1.98917721316589e-07,-1.10613296310269e-08,-5.31069568016267e-08,8.56684288756282e-05,-0.000278910442983211,4.56502246971419e-07,-7.5371293515114e-07,1.02449998564877e-06,-3.77546337235082e-07,4.05739186403476e-05,-3.17851349809846e-05,1.72138544678511e-05,-2.11324356015286e-05,0.000184163843417591,-3.04372132765947e-07,-2.90534917996967e-07,1.58188160562555e-05,-1.0272300034664e-05,7.993118160768e-06,-0.00408780960540611,-3.66211409536336e-08,-1.6415439201024e-06,3.96061285407056e-06,-7.92719657317092e-07,2.01253343293767e-06,8.03329086932339e-08,-5.09312949966984e-07,1.95813084839231e-06,1.5883878342846e-06,-6.8740944943726e-07,-6.48088348131727e-07,6.91949227997557e-06,-1.31397475912475e-06,0.0041208364880001,-4.86969625004364e-05,-7.0003068543003e-07,-8.25151882713939e-05,0.00309738635640312,-8.37850633993365e-06,-3.48526161524603e-05,-1.12458530964406e-05,2.0036163475705e-06,3.51204931772959e-05,6.60449086297192e-08,-2.6930861911393e-06,2.84893782683571e-05,-2.21476500544219e-08,-1.56753263914108e-05,1.60436322932949e-05,4.08748103166839e-06,4.94668963742062e-06,5.82255030794902e-07,-3.37676465695995e-06,3.91136963473845e-05,0.000919206234305519,2.17749899338153e-05,-1.46108422039074e-07,3.10959980536829e-05,-5.98790024280832e-05,0.00129037236547348,-2.0703026009711e-06,0.000634216425221523,-8.61230454816793e-07,0.00165699687320149,-2.74852644323328e-07,-9.64158408996271e-06,-2.28508292848611e-05,7.21892986807623e-06,-1.28632402750691e-05,1.60128110047261e-05,-3.69050150125921e-05,0.0500228371872035,-0.165026811768442,-0.000462299099043153,9.13238646905722e-05,-4.10549532203937e-05,4.56098641919794e-05,-0.000489879936648897,-0.000480757100675112,2.26944681464909e-06,-3.71002545156299e-05,3.77518896520028e-06,-7.38605016959861e-05,4.03454399009307e-05,0.00139559926899897,9.88183761787282e-06,-2.58902261393031e-05,1.97102484246954e-06,0.000225253584005917,-3.6866915049801e-08,2.35728960453e-05,-3.71965555609071e-05,-6.6683346235013e-07,-2.29311245171813e-05,7.42080644494277e-06,0.000290766222969258,-8.75934916341071e-07,-1.78206631747862e-06,-2.07035111615541e-07,-1.20049034944298e-09,4.74570491514836e-06,5.64136702406003e-07,-0.00217894866587544,-3.17725799677654e-05,3.83397049599654e-07,4.81043722775628e-07,2.66154588269717e-05,3.81905118620798e-07,-9.65556230719379e-05,3.84054347060391e-07,7.47128104721743e-06,-4.71272976612692e-05,7.35451067963088e-06,4.67333706562892e-05,6.58434736558022e-06,6.83363911358707e-06,-1.01097887120944e-06,0.00134890028033859,9.95730351609453e-06,-7.779120957803e-06,5.74694217626574e-06,-0.00196281311391587,-2.67068643273883e-05,-0.00168793131999206,-6.85394593395383e-06,1.52625347770109e-05,2.74418265183361e-06,-4.41061505716259e-07,-0.0176260083689033,-2.44266364406981e-06,-5.1960317108912e-06,-2.32147307186368e-07,1.180341272488e-05,0.00069438622298579,8.32946709944258e-05,-0.000363609239899058,-0.000130642864929592,3.14212460937303e-05,1.47426547699453e-07,5.39651456640242e-06,6.71876679389222e-06,0.105693912444982,0.00535506598502704,0.0248366939080845,3.4603874438016e-06,-0.0138772708013587,0.000152513577832629,4.79869523177992e-05,6.05366896463625e-09,5.33854963707986e-07,-7.61104024491691e-05,-4.5042896096455e-05,-6.2319824334269e-07,6.2537398331315e-05,5.69535010591508e-06,2.27712064257653e-05,1.21770113506827e-05,-0.00813195887267274,2.30284186813412e-07,2.6537371717475e-05,1.46709287773585e-06,-3.00706981784125e-05,-1.95598370500069e-06,0.000157374279638594,4.73251129995217e-08,0.00114129052696145,7.62789919636979e-06,2.13322846133772e-05,0.000668968243185092,-1.0726053430121e-07,2.00804072337204e-06,-7.54149525972015e-07,-5.0545248772428e-07,0.014897475275335,8.66906240343537e-05,4.31129978147624e-05,-7.32993825076066e-05,-1.77901434884191e-05,-8.47041159242029e-05,0.000390292127863751,2.4914032829766e-05,0.00243001662751868,3.71042057951042e-05,0.95010322729722,-0.00247544633316449,9.24475191747685e-05,1.45418400926948e-05,0.000362273991525462,0.000127138008026695,-8.83534551631625e-05,-7.66909400762135e-07,-0.000289499800130791,1.65032747651743e-16,-2.27495216293602e-06,3.14646999709348e-05,-5.27241126754933e-06,-1.19740667760347e-05,-0.000147291280460506,2.02652594299685e-06,-2.48239544333911e-05,1.08057019591073e-05,-0.000404710849746292,1.2663344829956e-06,-2.4856794795885e-06,0.000954620387386269,-6.10020309404106e-07,6.65843300733092e-05,-0.000937801231043982,1.93488618070523e-07,-1.21211101687679e-08,5.58680781411115e-07,-5.03931197513158e-07,7.93644889175961e-06,0.0123754696041683,-0.000596329983519598,6.24850405031215e-06,-0.000197122735796432,0.000135936974443438,-8.66700878863653e-06,0.000360642678819666,-0.123672768216924,8.22774632799362e-08,0.000716471642587115,3.48226541143905e-06,2.86994090759814e-05,7.57817331487614e-08,-4.02067027643774e-05,2.0855877834487e-06,-2.42082410370832e-06,3.79796892939445e-06,-7.29408377782034e-06,5.58471752754057e-06,-4.03514145506975e-07,7.53085421446294e-05,-3.24669903454263e-07,5.30185428446783e-05,-4.53975364248431e-16,-0.000127678013252734,-0.000239697720208304,-1.33761386836464e-10,-1.14794091469203e-06,1.66120422516346e-06,-1.02176077310193e-06,-2.89024399693945e-07,3.20541864779137e-08,-1.42653797412007e-06,5.38853806894133e-05,1.96592999184186e-05,-1.47803851989831e-07,7.84867136485648e-05,-0.00026238992315693,7.00371308884605e-06,-0.00217845774711745,1.60800884198531e-06,2.80867122885153e-06,4.33425058488901e-08,0.000112954616544531,-1.39357994160261e-05,6.12376541338635e-08,-1.89949910574213e-05,2.19870032555225e-06,-7.955855431009e-06,5.63938247379148e-06,5.00753805520403e-05,2.52862667404785e-06,-8.00840182976204e-07,-5.1755325289535e-06,5.2073583267705e-07,-2.39718321971505e-06,6.68024943480882e-06,2.69702805800753e-05,-0.00205380361184149,-9.18079809363581e-17,3.22296329361882e-07,1.74405191523381e-06,-1.70398317337304e-07,9.10179981827604e-05,9.77219739554202e-08,2.39911724333823e-05,0.000935865775088575,-6.98835935148324e-06,3.04299058935318e-05,1.37381188496735e-16,-0.00261385177604494,-7.87066391431812e-09,-5.94759991653807e-06,2.54758257844231e-07,5.07767112583439e-06,-3.37016705167247e-06,-5.57753474783137e-05,1.48484982394823e-05,-1.46910470489045e-06,9.18199670513791e-05,-2.92754351842212e-07,-2.78550807578586e-05,-3.7036916158117e-08,-5.37507098192673e-09,-7.66293208209113e-05,4.17609494311886e-07,-0.000140753689968794,-4.44650196414838e-16,-2.16334880107365e-06,1.6980198187081e-07,4.89361147004894e-09,4.35669046499732e-08,-6.63156425614913e-05,-0.000527253597230729,1.31565341591012e-06,-4.85520434137223e-06,-2.81207679545971e-06,3.7776325047763e-16,-5.22119938682677e-05,-1.8790092472585e-07,-0.0035460664262242,2.44328592752932e-15,1.0519233830719e-05,1.37403111686982e-06,-2.13058524330953e-07,-0.000148474267401632,-2.87889012911498e-05,-2.66477253453107e-05,-5.02565135752929e-06,2.67754831639099e-05,1.12837646593479e-06,6.26605030209266e-08,1.45502818371505e-05,4.41011003992757e-07,3.27335600245803e-16,-1.751811854004e-07,6.48049706588601e-06,2.79266630105373e-06,-1.75269819169415e-05,-1.28075307759263e-16,-3.56171586701962e-07,6.50661248471684e-08,-7.35597132239443e-06,-1.04918778710023e-07,-3.79566573361967e-05,3.68524079287997e-07,-4.85450129222155e-06,2.57345129808159e-05,3.6093445494802e-17,9.18960881467224e-05,-4.35241357787067e-07,1.26131379581697e-06,0.000135185987099947,-1.7765931418263e-07,-4.12168114579464e-06,3.14418630020796e-17,3.05053531383261e-17,-3.66481919292349e-06,-2.3623406692384e-07,3.11446324429747e-08,-3.43157172521774e-05,1.06461267376304e-14,-0.000197168730153773,-3.3407381453914e-06,1.7073864354083e-16,1.55127104586853e-17,6.4907108787726e-17,3.94809733455442e-05,1.07413450480085e-06,-1.17076992243731e-06,3.54168943804412e-05,5.02631752826808e-06,9.26713558932851e-07,-4.01901017198946e-07,-2.60796451875391e-16,-8.73219683827884e-08,2.44583457408377e-07,-1.18571817629849e-17,2.07833371452447e-17,-1.51956718403384e-07,-8.75438474611321e-09,-8.94053851149644e-08,2.25241503784923e-05,8.74272360666351e-08,-3.50184192591761e-06,2.53662839467936e-17,-1.23177021545805e-06,-3.18304054863801e-16,-6.79743125280957e-05,3.89086278387157e-16,-9.67413607807351e-08,-8.716174300843e-17,3.96879151515106e-07,1.04464822320139e-07,7.85384767733994e-06,6.33888473786641e-06,2.79820949424063e-07,-3.20737278437394e-08,2.02967879803416e-07,7.5746224941331e-08,3.62970804488705e-05,1.20752565840567e-06,7.02380593775907e-08,-1.9714716352291e-07,-3.58631347077862e-05,-5.05501582360059e-05,-9.34177890474869e-08,1.86972218205394e-17,8.72133096786538e-07,-1.49881928885259e-07,7.68598961833213e-08,5.01477176920015e-17,1.42620119510082e-06,4.04957245779832e-06,1.2947092406997e-06,1.18557435532584e-16,-3.13533397813844e-07,-1.76166221766697e-05,-1.17942910176245e-16,-2.19129684382689e-07,4.85692123164611e-07,-1.30743486910967e-17,4.75915627883535e-17,-1.7825278657847e-08,-1.00686917747104e-05,-5.72988493160368e-08,-7.93916393504855e-05,2.21153597454272e-06,5.83830831540234e-08,0.000103138590091853,5.17379254942835e-07,-1.29255274024259e-05,1.20319336091579e-16,2.38602788230346e-09,1.74142039954473e-07,4.80612270661046e-07,7.61566625944142e-05,-3.69892736667531e-16,8.71373229523403e-18,6.360937171575e-06,-6.26787581420931e-17,-3.0248811977932e-15,6.52883871480064e-07,-9.59542113007687e-07,-1.79642881405977e-07,-1.70994850597461e-06,4.58829700325634e-06,1.19852162882466e-06,1.53124484874378e-06,4.05476630890397e-17,0.000424954382348535,3.72032651909049e-07,2.94874105911276e-05,-1.63145792731451e-07,6.42900753978691e-07,-4.74802697666192e-17,-1.5996561922711e-17,2.37074182795579e-16,-5.89809104747533e-06,-2.68438255121864e-08,-1.73994192875481e-06,-9.88082846067255e-17,-2.05389884824116e-08,1.07351150497846e-16,6.09471431035327e-17,3.33850530365059e-06,-8.35823472545049e-07,6.84077360729729e-16,-6.88695372620473e-06,-9.27958354930762e-08,2.38558296945906e-16,2.09561161050774e-07,3.13633582953104e-17,1.32182523392639e-05,1.11615510803407e-16,1.31935083999687e-05,6.40634056157557e-07,2.32514599267021e-08,3.90044173368049e-05,0.00026747099924856,-7.38379048039625e-08,2.26495358667926e-06,-4.50267281326179e-17,1.33511071797748e-06,-7.53326185851349e-08,3.19928463790178e-17,-9.92025214395075e-09,-2.01997788558866e-07,4.68973729299013e-08,-2.10961023338246e-16,1.50043864132425e-07,1.98350766620257e-07,1.99988514405061e-17,-5.49998645508451e-06,-4.17329559405304e-06,-5.69047743804683e-09,-2.43579487494795e-17,-9.02882106342819e-17,1.01497129471633e-07,5.53358926133769e-05,4.4498270657886e-07,-4.04276497357375e-08,9.86512544927464e-05,-1.75051571035714e-18,5.62258396238632e-17,1.20225244211798e-05,2.13256533614907e-08,2.83156417291276e-16,0.000868186551601157,9.70864783417799e-18,8.07659920326935e-08,-1.37873828625135e-06,-1.84502654959978e-06,-1.22425222460411e-05,-6.77899660831736e-17,2.5667808344713e-17,2.99600855118712e-16,1.85241597321783e-17,-9.45217552462353e-09,-3.27833463101146e-08,8.67582164506121e-17,-1.32839634568209e-16,2.0502855709465e-17,4.61222064871244e-08,4.14379854828443e-10,-2.27991645460394e-08,-3.26764553133262e-17,-2.64731677334859e-16,5.70473301843982e-16,-9.75047056794591e-07,2.98332745750258e-08,7.82100118899971e-17,5.22769603655812e-09,-1.3668759067297e-07,2.71543061310112e-17,9.82826942154824e-19,-1.66322363118856e-05,-9.63905095316371e-10,-8.23018678862766e-06,-3.41922284357127e-17,5.24488521291289e-08,8.45821140097882e-07,9.06589880959311e-07,-3.37842723476901e-06,-2.0040518401734e-07,3.26012563592911e-09,6.30785596978091e-17,-2.96398897070022e-17,1.41225557305787e-16,6.17418022638521e-08,-5.58988061652133e-08,-2.18256355059434e-06,-1.6527186892991e-08,1.8230466369479e-16,-1.26390601825589e-16,5.46836176572929e-17,3.91543273174466e-17,-2.19796880090566e-16,7.8683905789588e-08,4.88763883338982e-19,-5.25254331903206e-17,-2.22970254056305e-05,4.40422075888384e-17,-1.99795618668566e-06,-1.55706299577539e-17,-1.46078137600086e-06,-9.29165323111403e-17,-1.76590298151613e-06,-3.73819760853256e-06,-1.94723747678794e-07,3.95413686244621e-18,1.20065163692048e-05,-1.72796561583352e-17,1.07284278674028e-06,-1.70257458055465e-07,9.4212843291541e-10,-3.23514929609697e-16,5.1833092631114e-06,-7.04766005473112e-17,-3.72573826222917e-07,-1.90178174342734e-07,-1.9033883927916e-16,-1.35585575076683e-17,8.96552119292324e-17,-3.93483728101553e-17,-2.88100497291599e-08,-1.45318488043651e-06,-3.23021317090181e-06,5.27586362961295e-17,6.69655484225297e-18,-1.956359548046e-08,1.59573245755778e-07,-1.17670738390885e-17,1.24932044081622e-16,-3.17419392072888e-07,-1.87553376681001e-17,-6.14707293064393e-06,1.06445702561267e-16,5.6229385722522e-07,2.6560068503805e-17,-9.57459683967591e-16,-4.36028304973809e-17,1.4015558318324e-16,-6.7408286521092e-17,-4.51160110230182e-16,1.07780895075816e-08,-7.53753793115784e-08,-1.58355698875844e-17,-4.99983800145855e-08,2.09986249062412e-06,8.31245989222093e-17,4.05002451995148e-17,5.35088041046575e-16,3.99911259000802e-17,1.92672631295098e-06,0.000210032714790138,-1.09865569615625e-17,4.29535134188165e-18,-3.74982558212304e-07,-1.21119313685321e-07,-1.8335086503553e-09,2.33201434478351e-17,1.68105175070191e-17,-3.3794949029639e-17,-1.13593948198992e-16,7.43064518370142e-18,-4.23530151532459e-17,8.64589389760971e-05,-2.53030594461726e-06,-2.25642805141585e-06,2.17513751245334e-17,1.6436423048112e-17,-5.24812378357974e-17,-7.48391348757056e-17,2.22026298773191e-17,1.51316411673006e-16,-1.80752404369502e-17,3.25639796484803e-17,-2.24483768333008e-17,-2.38068329720962e-17,6.06604930680185e-17,-6.78099449313784e-17,-9.20956042016512e-17,-1.71151672509505e-17,7.07935831168865e-09,-1.20689112310547e-17,1.59754522849997e-16,-1.68565310371984e-17,1.00144446394072e-07,-1.23825412418743e-07,-1.20579473147647e-16,-2.58394322918057e-09,9.14229401368615e-08,3.06951964910332e-17,2.03259789662671e-15,-1.76106380468752e-07,1.16501540860371e-16,2.24580187189655e-09,-2.22936809819312e-17,-3.11004117808777e-17,-5.829379027019e-17,3.65513800870047e-17,2.24879959468339e-07,-3.01113877611255e-07,7.77478404396969e-17,1.16662809579958e-16,5.16610584547863e-17,-3.9494251437522e-16,1.70761842166467e-18,-6.65186115866197e-17,-8.23117950788143e-18,1.49958981387778e-17,3.59721774601681e-09,2.82131550343868e-17,-1.73455954510186e-18,-1.28486864757861e-17,-1.05826101909156e-16,1.11056293753581e-16,-9.73794226051297e-18,-7.80837251901756e-07,1.80475741247371e-17,-1.23893009355438e-17,5.28061938091604e-08,-7.25132121349851e-17,1.36585079890392e-17,1.49890959907372e-17,-6.41947310361607e-17,4.38830016953653e-08,-1.65567396384749e-17,-3.30983000209133e-06,7.67240210307441e-17,-5.86556032179385e-17,1.16754350990026e-16,-3.08175891320414e-16,4.22738363854394e-17,-1.35318967377576e-16,5.23692012088994e-08,1.22744547744813e-16,1.19136550080697e-16,6.60616005136622e-09,-6.52977491878239e-06,2.49594417017872e-17,1.1230892691106e-06,2.55247425687888e-05,1.75310644161711e-17,-6.89957775966888e-17,-8.13523523627267e-17,-8.30963879711319e-18,6.06314682313166e-17,-4.26280167895586e-05,1.03332696809663e-16,3.95859794880535e-16,-4.26805319882354e-17,1.72619378664552e-06,-5.41905736558812e-17,-4.71512727532938e-17,7.82455809238283e-17,-4.87104902359212e-17,-0.000301261249776245,-1.41109880747047e-16,1.36574730881015e-09,1.72594907106804e-17,-3.11852972102121e-17,-4.95210604030377e-17,2.71908444853055e-17,-4.30340430511636e-18,-7.2924607946838e-17,-6.10930957080175e-17,-2.36548092393881e-08,-5.26452423307356e-17,-3.12065165476902e-16,9.93934486077857e-09,-1.22477051335165e-16,-6.22959205953616e-17,-5.30507889095969e-17,5.46223319684639e-17,-5.41206506544097e-18,2.25677132581569e-17,-7.19296685948592e-08,3.46226453025224e-17,3.2572702759631e-17,2.1401962888523e-08,1.07749182837912e-16,-2.06240667384738e-16,-6.70148791248854e-17,-6.82273839875744e-17,-9.9674797564656e-17,-3.48216491348003e-17,-3.60183936939928e-17,-2.72199835682511e-17,-1.63789908575803e-16,1.79244899364648e-17,-6.35680058984169e-17,-1.11962392672353e-08,3.71146329665182e-08,-6.412918198379e-17,1.2519693289164e-16,-2.91085269256523e-17,4.75930650668265e-17,5.68542066724242e-16,-2.81743139676792e-17,9.76183888008026e-17,2.13141549407913e-16,-3.5313669694991e-08,-3.98028688058519e-17,-1.34339889129283e-17,-8.21236505449677e-17,-6.23312286175051e-17,4.10498005303281e-09,9.71874691097897e-17,-6.49877663903842e-10,-4.88133352262656e-17,-9.39204124933421e-17,-6.14195970363383e-16,-3.54027596909703e-17,-3.8179448517802e-17,9.75079026931858e-17,-9.76248942662586e-18,-3.22438150609144e-17,-1.86978616238457e-17,8.58775161656227e-18,-7.72660475612414e-17,2.9799387465997e-17,-1.21222380267214e-16,5.4741682112674e-17,-2.19366678756766e-17,-1.49958063070353e-18,1.58861619505078e-17,-2.79416841469266e-16,-7.19788410457924e-18,6.22857923687532e-18,7.48316339449495e-16,8.16034737714935e-18,-3.83557698051876e-16,7.25257422487853e-17,-4.14033098520023e-17,5.1992939586947e-07,3.3316849486611e-16,7.49439102513625e-16,2.59489804462103e-18,-1.42879227019551e-16,2.18650559731813e-16,-1.14496957817321e-17,-3.86277200521746e-17,5.18278033180317e-17,-4.28461339481597e-18,4.42012096115521e-17,-5.53959547504312e-16,8.18343919567564e-17,3.86245147341631e-18,-5.048272933538e-17,8.7367861507284e-17,5.21546363086775e-17,-2.76517539388548e-18,-4.00297283854586e-07,-2.27045640805418e-17,-2.80081310195727e-17,1.63089972420934e-17,1.53673030905587e-16,-1.60656024695284e-17,-5.36320429003078e-17,1.6213829738593e-17,-9.46706989870112e-17,-1.69961884479037e-17,9.14143394750297e-09,1.45899194212705e-16,5.19296231171652e-17,-3.46539071785268e-17,-5.14755720032786e-17,2.86704517779225e-17,1.2756980936818e-16,-2.58091613187189e-17,-4.80809284226486e-17,2.17081792520905e-17,-4.553625407521e-17,-4.0554647183762e-18,1.34369749040238e-16,-2.70001605717633e-17,7.17096818998091e-07,-4.79545288223965e-17,-1.02260486849354e-16,-3.26928546254084e-16,-2.89400664890693e-16,-1.25717694990314e-08,3.18981229941067e-18,1.33431844977163e-17,-2.02354853305821e-16,1.61516808056168e-16,-1.48350317799165e-18,-8.3165251034054e-18,1.24850060349343e-16,1.24812780903101e-16,1.44901989982819e-17,-3.16151662585162e-18,2.78836986748001e-17,5.47243929345269e-17,5.27138702707743e-17,-1.53566068009252e-16,1.6470275029644e-18,1.13023796016296e-17,-1.68036123509326e-16
"t766",0.0361378142181142,-0.0108456713499577,-0.011876179210978,0.000709404054212915,0.00665632831155537,-0.0185082607355999,-0.00262022016829632,-5.71943048437226e-06,-0.0564537431861235,-0.0445321573882292,-0.0451297293461899,0.000503939884727801,-0.001049486263257,-0.000225900507545878,-0.00626300211629046,0.000140844107657346,8.81081150879489e-05,-1.01594411054625e-05,-0.00434361011369548,-0.000787876160003624,1.42566395783743e-06,-7.87780467912346e-05,0.153355860287199,0.00653255425503734,-0.000634676617691055,0.00767443817972407,-0.0829988751699181,-0.000670009220762009,-5.59922876607324e-05,0.00429397031717664,0.0289337561930272,-0.0162179978333104,-7.93085256258418e-06,0.00754675551574631,-0.0100450480688828,-0.002174421331515,-0.000110486257114772,0.000554438602121138,0.198730988920794,-0.0334662907997776,-0.000792405745986042,0.0494929288757266,3.68122868538023e-05,-0.00207579623686382,1.14530341681744e-05,4.35597816406481e-07,-2.47628184757318e-08,-1.20154009353479e-07,0.000199795169184692,-0.000673022975413019,1.15526718304186e-06,-1.951999878439e-06,2.66242244027541e-06,-1.01080209821279e-06,0.000115502288523308,-9.13611910189273e-05,6.00524402945296e-05,-7.83378819462665e-05,0.000687836256535269,-1.34638973432603e-06,-1.49490330251593e-06,8.85762510845181e-05,-6.19596279531387e-05,4.91689221890345e-05,-0.0294922820748026,-3.12901287832427e-07,-2.36668058633573e-05,8.26728758931557e-05,-2.08746169940251e-05,0.000100306244913,-1.08199065019851e-06,3.49918647315754e-06,-1.2514055015287e-05,-8.87512468007436e-06,3.78141792725685e-06,3.38452052686171e-06,-3.54223576204224e-05,6.13301542705189e-06,-0.0160508044272784,0.000177864128994679,2.31241159576399e-06,0.000267066778466616,-0.00874493734748739,2.27875310082637e-05,8.20851626468817e-05,2.55676351015926e-05,-4.40220436952321e-06,-7.67487134913616e-05,-1.44125263879802e-07,5.85630520646475e-06,-6.11839395074659e-05,4.26707357886443e-08,2.99247433906934e-05,-2.88792293393091e-05,-6.7258813494322e-06,-8.03956056899732e-06,-9.45764255571857e-07,5.32214357605963e-06,-6.09891443319785e-05,-0.00137930949354147,-3.17451796562246e-05,2.12483707649464e-07,-4.50982260064418e-05,7.84058603020333e-05,-0.00167957663746881,2.68271077470673e-06,-0.000815600360464861,1.10528576531682e-06,-0.00211908868021653,3.49712681877739e-07,1.22479487977987e-05,2.87701530771388e-05,-9.07989558705732e-06,1.58910308945252e-05,-1.97262520270839e-05,4.52432783371488e-05,-0.06122899572492,0.201545719699285,0.000565118709146475,-0.000111954935547329,5.04566986209416e-05,-5.68572565876782e-05,0.000619498686872712,0.000608350109724064,-2.878830707178e-06,4.80420960461377e-05,-4.89822625374082e-06,9.80547001383008e-05,-5.90422558471938e-05,-0.0020452464478968,-1.46362607700322e-05,4.27478871828964e-05,-3.34231489234024e-06,-0.000389939424843295,7.04335287021505e-08,-4.57502914826443e-05,0.000101128912980845,3.15601021343397e-06,-0.000295618897367178,8.49841574906152e-05,0.00195646055591976,-4.82891207070692e-06,-7.53774164577342e-06,-8.01762396773688e-07,-4.64370405440859e-09,1.10685719386643e-05,6.5706039232077e-07,-0.00147480583182986,-1.89895176270335e-05,1.75286813012754e-07,2.15327804057103e-07,1.07647647014085e-05,1.45490702580248e-07,-3.43518138879385e-05,6.95816262263635e-08,1.19653901845677e-06,-6.88521591197557e-06,-4.56194982916771e-07,-4.49246812948598e-06,-6.65988522539532e-07,-8.76934984616549e-07,1.3531959826797e-07,-0.000227939774311052,-1.72658719835326e-06,1.64391483462717e-06,-1.46671248743037e-06,0.00105428931292355,1.4938636582667e-05,0.000954336123633579,4.640795466283e-06,-1.35935646529629e-05,-2.56356465882922e-06,1.42162120477327e-06,0.334227118938838,-4.50581898304696e-06,-7.45036245237124e-06,-2.98183549352987e-07,4.71392756698013e-06,0.000140711069756061,1.52839011689395e-05,-6.08597101163581e-05,-1.68485280991215e-05,3.67563423692455e-06,1.56877663534756e-08,5.25376700515009e-07,4.84427005613315e-07,0.00706337172420132,0.000172790520492481,0.000779366616178833,7.99064003587017e-08,-7.42314999399331e-05,-8.17691346262352e-07,-4.04970045105788e-07,-7.59155390296572e-11,-8.1516875543297e-09,1.67516680893675e-06,1.04675067719122e-06,1.59604889781182e-08,-1.66912059667156e-06,-1.88350344596384e-07,-7.58324975435767e-07,-4.28494417555169e-07,0.000563219484035897,-8.89263394731979e-09,-1.02496135407924e-06,-5.68729296976881e-08,1.17685152568585e-06,7.69494297961793e-08,-6.24764130677906e-06,-1.88489847554703e-09,-4.53366316554268e-05,-3.025159601375e-07,-8.36256801371267e-07,-2.59860298940995e-05,4.1654257475412e-09,-7.73335377174933e-08,2.83145863307342e-08,1.88724824478314e-08,-0.000538286553989742,-3.05271991871213e-06,-1.50387269247809e-06,2.45170697103131e-06,5.88714682107118e-07,2.76955077984647e-06,-1.22773420309677e-05,-7.77332301490398e-07,-7.56646090064214e-05,-1.10263681797137e-06,-0.0273932147147395,6.88860315387839e-05,-2.52989877063337e-06,-3.90933064056505e-07,-9.57405463748354e-06,-3.34347162062216e-06,2.21645739819535e-06,1.86503423654752e-08,6.79640634472767e-06,1.29288340301071e-16,5.06123124969142e-08,-6.9219371819551e-07,1.06776870114751e-07,2.25931006983406e-07,2.60707075255283e-06,-3.572582394366e-08,3.81673826216199e-07,-1.61914210050371e-07,5.99079573927643e-06,-1.76305487854473e-08,3.30965295443471e-08,-1.16230522632443e-05,7.11085470119180e-09,-7.61727272036445e-07,9.58805150472959e-06,-8.38486616301225e-10,2.12421146346614e-11,4.08808035288056e-10,-3.99662221545919e-09,6.81696461335187e-08,0.000209965757146795,-1.44429606208813e-05,2.64709408159982e-07,-1.03297026792039e-05,9.21017280748843e-06,-9.29361500576925e-07,0.000164996568779472,-0.0867649449753036,-6.00242369913288e-09,-5.10763710555049e-05,-2.42059095257993e-07,-1.5837062486574e-06,-3.88692331211594e-09,1.68610703906876e-06,-8.45946565938661e-08,4.53757576358529e-08,-6.64611510366567e-08,1.20953032962812e-07,-8.19378314422844e-08,5.36792884233407e-09,-7.98497252516269e-07,3.21364119897619e-09,-4.96338756436564e-07,2.14541599470561e-16,9.75374272098437e-07,1.77976377537458e-06,9.02270335682288e-13,6.00376275897019e-09,-6.67750561501609e-09,3.54567684644965e-09,9.2594758820559e-10,-1.07197249198144e-12,-2.23597373235589e-10,1.12000276405295e-08,2.07436757108689e-08,-4.9083090144302e-10,2.89991710869119e-07,-1.03695229903883e-06,3.35111284393351e-08,-1.69334480267405e-05,1.43938903952932e-08,2.53310947661857e-08,3.91771475457559e-10,1.33221751914474e-06,-2.0561956867781e-07,9.25777329985786e-10,-2.97149094156568e-07,3.57798314508354e-08,-1.3099065229302e-07,1.01690450345345e-07,9.08768961937355e-07,4.64246873255391e-08,-1.48185745884305e-08,-9.82014054299146e-08,1.0148493745097e-08,-4.78469094110222e-08,1.34698489042533e-07,5.53099664830315e-07,-4.36073087277538e-05,-4.85967120721461e-17,8.18820609560714e-09,4.49981121212683e-08,-4.49599610349133e-09,2.40309195618508e-06,2.58186379406918e-09,6.37262322972184e-07,2.5107962473818e-05,-1.89685126654851e-07,8.45167467469532e-07,9.45674262932476e-17,-7.62906308010763e-05,-2.31076797951498e-10,-1.7679722088078e-07,7.58397774385346e-09,1.55687282744741e-07,-1.04964014164975e-07,-1.7747260227774e-06,4.79257447270588e-07,-4.88445077140877e-08,3.13295469890388e-06,-1.01492043854485e-08,-9.74176801536224e-07,-1.30227006114887e-09,-1.9078334266944e-10,-2.72268562647782e-06,1.49355990759939e-08,-5.05942056237639e-06,7.34754456375844e-16,-8.06247136216116e-08,6.37393604463097e-09,1.837069220054e-10,1.66836708498996e-09,-2.54699025435298e-06,-2.09628953592442e-05,5.28037491153239e-08,-1.95222222465296e-07,-1.13853226461045e-07,-1.48933733852007e-16,-2.13037675533634e-06,-7.688746083498e-09,-0.000146637438785587,-3.8619074660906e-17,4.398637957197e-07,5.76042831596507e-08,-8.9441149028468e-09,-6.25004666493144e-06,-1.21742665947033e-06,-1.13072369941895e-06,-2.13814970945826e-07,1.14802152021256e-06,4.84241855687132e-08,2.70321637519611e-09,6.33438927735533e-07,1.92079995910689e-08,1.66541898317627e-16,-7.76286323729799e-09,2.88016852313781e-07,1.24913206454165e-07,-7.91475927566162e-07,7.65912147009324e-17,-1.64065062530202e-08,3.0615504810949e-09,-3.49323614320162e-07,-5.00351915445587e-09,-1.81921714530712e-06,1.78248467326644e-08,-2.38203085900347e-07,1.305627867681e-06,2.0636072769676e-16,4.79070651510273e-06,-2.27415395583487e-08,6.62145871474071e-08,7.14248288686244e-06,-9.39111907249243e-09,-2.18263466599357e-07,-1.45283091113058e-17,6.63905954963646e-18,-1.960467958989e-07,-1.27460827743939e-08,1.68219033283912e-09,-1.86741201393859e-06,5.76211841101173e-16,-1.09011811954703e-05,-1.85967509777241e-07,-5.50980296157324e-17,-2.34209764713973e-18,2.34384018413869e-17,2.24324748556576e-06,6.11848064390558e-08,-6.72628105313625e-08,2.04923503995275e-06,2.91063269677996e-07,5.40610692086964e-08,-2.34651221232024e-08,-3.89551075233217e-17,-5.17223855272821e-09,1.45585786425477e-08,2.90185250524288e-17,-6.20944071325732e-17,-9.21461140399701e-09,-5.33160181907732e-10,-5.47604101953911e-09,1.38478599988306e-06,5.41316441295674e-09,-2.17065201656582e-07,-1.48635416553005e-16,-7.64696797759355e-08,-1.36982194068705e-16,-4.23840953306602e-06,-3.88645821254585e-16,-6.05133539678118e-09,-1.27327676737985e-17,2.49248557058718e-08,6.56587302782684e-09,4.98797246225776e-07,4.03457085330122e-07,1.78261099294029e-08,-2.05124282511564e-09,1.30240290234981e-08,4.89762304847026e-09,2.3470642277915e-06,7.82616370115331e-08,4.5712525050264e-09,-1.29014079405604e-08,-2.35757826444468e-06,-3.33480984793991e-06,-6.17340471606542e-09,9.85360426623868e-17,5.79379494448937e-08,-1.00067342157655e-08,5.20211935523719e-09,2.11942399610155e-17,9.69016841259424e-08,2.76719812505609e-07,8.86845643503276e-08,2.4659637140243e-16,-2.15027530532976e-08,-1.21403881795454e-06,-1.44419602097197e-16,-1.51367603857872e-08,3.40159491795646e-08,7.73024867603887e-18,-1.04938324583418e-16,-1.25497070461306e-09,-7.09206769219173e-07,-4.0447409036412e-09,-5.61851546740651e-06,1.57399494246967e-07,4.15726096104242e-09,7.34918715094457e-06,3.71393320016043e-08,-9.33344950510189e-07,6.37226274351199e-16,1.72675396930643e-10,1.26073094887351e-08,3.48409181163683e-08,5.52958813012143e-06,8.44751452018834e-17,1.96578644356175e-16,4.62856966028857e-07,1.00800522877374e-16,7.11860361293951e-17,4.81462328215192e-08,-7.09208716275507e-08,-1.32782439238702e-08,-1.27012346955817e-07,3.41036884003761e-07,8.9095759009197e-08,1.13933487322792e-07,2.32732021158707e-16,3.19234987282606e-05,2.80044824386434e-08,2.22112202242997e-06,-1.23295609362357e-08,4.88784424185563e-08,-2.94479218641344e-16,3.01797763080841e-16,1.23548283033055e-16,-4.52264912605034e-07,-2.06593524272782e-09,-1.33945373134984e-07,2.95315396935371e-16,-1.58672095473234e-09,1.66266887905697e-17,2.33780898799212e-16,2.61897763991592e-07,-6.55808816979323e-08,-1.95373231481888e-16,-5.42388117896766e-07,-7.32408452672014e-09,-6.30361866833998e-17,1.66134341451459e-08,2.37246715457612e-16,1.05350222687511e-06,8.33898822593096e-17,1.05203292628899e-06,5.11022362140679e-08,1.85550359240083e-09,3.11442969586027e-06,2.13850786739728e-05,-5.93269813727444e-09,1.83239197747039e-07,3.1256046586818e-17,1.08942846481127e-07,-6.15265193382087e-09,1.93094514270596e-16,-8.11207306104035e-10,-1.65547119727759e-08,3.85119065981798e-09,1.68062800393745e-16,1.24063448874615e-08,1.64229457591521e-08,3.42257883991125e-17,-4.56211354472445e-07,-3.46475328747837e-07,-4.740100279001e-10,1.63988731976632e-16,2.91803783142168e-16,8.52181545271433e-09,4.66187115875499e-06,3.75145425667464e-08,-3.45981133838983e-09,8.46353483435163e-06,-6.23203800174438e-17,7.64810674952397e-17,1.03321211069703e-06,1.83311930707279e-09,2.30036956770413e-16,7.4845098747585e-05,-3.33792533107096e-17,6.98240536758921e-09,-1.19660808351617e-07,-1.60174577281452e-07,-1.06399012977695e-06,3.4861422538458e-17,-5.61276014100919e-17,-5.61948947182801e-16,-2.82673823577327e-16,-8.29727938971913e-10,-2.8801717210404e-09,-4.51413989078201e-17,-5.26587216917175e-16,-1.30886133181227e-16,4.06431701598501e-09,3.65635347164656e-11,-2.01898934745616e-09,5.63974871447204e-17,8.47951130969124e-16,1.47740164286453e-15,-8.74383843766652e-08,2.67651586612934e-09,5.2724042688159e-16,4.71392895376187e-10,-1.23510205938116e-08,-1.09847656190844e-16,1.78062820076375e-16,-1.51036628378023e-06,-8.75671482449899e-11,-7.4991013720464e-07,-3.08437415898175e-16,4.80327390481477e-09,7.76813375739428e-08,8.35993260384863e-08,-3.13301610808109e-07,-1.86135402887967e-08,3.0368931321576e-10,2.61073961521843e-16,8.79481096759591e-16,-5.42624334837688e-16,5.85439631520864e-09,-5.301887223581e-09,-2.07512018336313e-07,-1.59165594269752e-09,9.68891363925787e-16,-9.26810370659167e-16,8.1957878984401e-16,-6.79895011006047e-16,7.3414736748172e-16,7.69087701362158e-09,-3.17543737570312e-16,-2.87085435733612e-17,-2.19315320874288e-06,-1.21527069057688e-15,-1.96588257481493e-07,-2.05515482874264e-16,-1.43816785963225e-07,-3.71006106216938e-16,-1.75921185088897e-07,-3.73515893733601e-07,-1.95482934067755e-08,7.05995104218835e-17,1.21265080890376e-06,-2.30317363595989e-16,1.09932029229797e-07,-1.78316432191932e-08,9.87764667802972e-11,-1.59927714920068e-15,5.49014447072611e-07,-7.32802173696492e-16,-4.01859016930349e-08,-2.05324371336609e-08,1.16060725038329e-15,-3.2478279674032e-16,-7.87994946413222e-16,-2.34208132454896e-17,-3.16513219634292e-09,-1.60456009077435e-07,-3.58854662232022e-07,-1.11106109928422e-15,-4.07423568394751e-16,-2.24824749696734e-09,1.83696734647036e-08,-8.33988206708433e-16,-2.94241763141819e-15,-3.87520045299263e-08,-4.6840144203341e-18,-7.6258395057056e-07,-7.6370882481671e-16,7.38538949493532e-08,4.71445758848119e-16,-7.61500780876153e-16,1.17498195480749e-15,-5.82781875358631e-15,-1.21009422299371e-15,9.36699900177723e-16,1.7534042960813e-09,-1.2317369857064e-08,5.88682395977014e-16,-9.5244541743972e-09,4.38858473760122e-07,-4.64233552598385e-15,-1.06683567958506e-15,1.10154222557697e-14,1.98146123153348e-14,1.36345867557843e-06,0.499167094434224,8.19659980975485e-14,4.27014051344949e-15,1.71989878600311e-07,4.78509864388414e-08,4.73617176121787e-10,8.85648071779572e-15,7.53694770754696e-15,-6.00217970432372e-15,-4.39107252455475e-15,3.65684006567962e-15,7.9057607238496e-16,2.64527235634246e-06,-8.89983226450313e-08,-8.82812407639342e-08,-2.43604407122072e-16,8.34643159568862e-16,-8.55190858799192e-16,1.01492587302274e-15,-3.20384405527946e-15,-1.3130592799662e-15,2.04028963980057e-15,7.66601889931201e-16,-8.02013584543096e-16,1.19553931979391e-16,-5.49802575539031e-16,-3.21013729499365e-15,1.38501318583136e-15,-1.80779107504339e-16,4.89470278293511e-10,5.62348165827938e-16,-2.25756523475126e-16,3.6463312312276e-17,7.10829668241844e-09,-8.83790071495966e-09,1.1228978160962e-15,-1.85038987110832e-10,6.72048111620128e-09,-4.72978150657091e-18,1.609463832342e-15,-1.33050532742532e-08,-1.72002253750627e-16,1.74445284074222e-10,-2.50862420830312e-16,6.98418016454419e-16,2.40720310075126e-16,-3.5197238473245e-16,1.80840707825227e-08,-2.42641444798518e-08,1.41371454935195e-15,-1.20991761535708e-15,-1.32643214768062e-16,4.60917368831207e-16,1.74048330001814e-15,-2.0143453650406e-16,1.70052557655418e-16,-4.05221891073717e-16,3.12588782529329e-10,2.90512104122742e-16,3.63868645151139e-16,-9.67352858711304e-17,-1.11195544801558e-19,7.35258142056031e-17,6.45745405548609e-16,-6.86327234368547e-08,4.58212391753209e-16,6.01085082243527e-16,4.65071293250144e-09,6.791852583921e-16,7.31803955998097e-16,4.15896914162095e-16,4.01082921420038e-16,3.94758214075988e-09,-7.18402752481935e-17,-2.98768084559882e-07,-5.01577238434751e-16,-2.45348718294144e-16,9.52667297748221e-16,-1.27609621613655e-15,-8.85679379830918e-16,-1.08714802304434e-15,4.7592027155068e-09,-3.28013976299699e-16,-1.08173471416517e-16,6.03337101746822e-10,-5.96507328095533e-07,1.2974963956417e-16,1.03020776858791e-07,2.34436080918861e-06,-1.59534297689529e-16,3.24163729374422e-16,8.40172790770966e-16,-1.91150461424436e-16,-7.42679490359281e-17,-3.98679723961992e-06,-7.35328940167492e-16,-1.90737932751118e-16,-1.83485827334235e-15,1.6227414660101e-07,-4.61128531292319e-16,-2.04271081248012e-16,-9.19258239326668e-16,8.43108811202631e-16,-0.000388717109714321,-1.13495158602937e-16,1.27983857167818e-10,-3.02319982566957e-16,-4.79476440297396e-16,-8.75347207500726e-16,-3.91319053572909e-16,-1.7060697842051e-15,7.80964900386822e-16,-4.25968522285661e-17,-2.24936617011078e-09,1.53519896074103e-15,7.04394781420128e-16,9.47202018549949e-10,-2.31271933495167e-16,-2.64410747954647e-16,-5.34366672203044e-16,5.35057217475639e-16,9.21561486012005e-17,-3.8274842786255e-16,-6.89861107381993e-09,4.2653868948455e-16,1.11660474746163e-15,2.05820135133448e-09,5.51628361312074e-16,-1.28013308276596e-15,1.25547957906701e-15,2.98236511251255e-15,-5.60867422206417e-16,2.73163279424372e-15,2.67970499641179e-16,1.75271564997187e-16,-2.14923744455049e-15,8.16556813380352e-16,-1.06097616042264e-15,-1.08708683634572e-09,3.60760944470892e-09,5.23157967808992e-16,-1.00078076471222e-14,-1.93611063254591e-15,2.3576079326137e-15,-1.76081209075224e-15,-9.56460647711567e-16,1.21005871552133e-15,4.38040749931474e-15,-3.45211770835725e-09,-2.39514569375612e-15,-1.8522467696105e-15,1.90539393549114e-15,-1.01627121526457e-17,4.03173498301915e-10,4.4142371771261e-15,-6.41853386469022e-11,3.06840157031747e-15,5.03820808853707e-15,0.707106781186551,2.79611037962704e-14,-2.65112727689974e-15,1.89535552642479e-14,1.26666262060807e-14,2.02785720118287e-14,-1.72114996565004e-14,3.23985695652382e-15,5.42991479713633e-15,2.05109919686173e-15,3.83674843351085e-15,1.46789739487807e-15,-5.58165793411579e-15,4.99291672099667e-15,2.13529111459301e-16,-1.32878504484112e-15,1.42506161229324e-16,1.9165559302467e-16,-3.34727091964165e-15,-9.14412023619244e-16,1.02162309924264e-14,2.97010912053887e-15,1.47026504778746e-15,5.22628355888112e-08,1.42748086831569e-15,-6.1091621014151e-15,1.28618433719812e-16,4.16532257967614e-16,8.86270169516588e-16,7.16896510747643e-16,2.98981197040803e-15,-1.53490733354326e-15,-8.69962974980045e-16,-7.52635511350437e-16,-6.5384167264454e-16,-7.94775383391957e-16,-1.38170066457367e-15,-5.77230316112084e-16,-9.04944183032741e-16,-9.74364184884028e-16,-5.49006784982904e-16,-4.07010869960438e-08,1.25483158610666e-15,-5.17216354786385e-16,2.3379716795268e-16,-4.16365150835296e-16,4.25115645449248e-16,-1.42434917709859e-15,-9.59000965886841e-17,6.61514891487206e-17,-3.38992682723014e-16,9.40068776143194e-10,5.36564233462864e-16,-3.66327110958406e-16,1.23099883588452e-16,-4.6971492920395e-17,7.8158845676268e-16,-5.61755016376857e-16,8.94684090324153e-18,-3.76842122558024e-16,-7.20764979907048e-17,-2.28408495708801e-16,-1.19354695063321e-16,6.52436599693268e-16,2.25896704290735e-16,7.45570323797029e-08,-4.46770245729971e-16,-1.61117836363527e-16,3.08422160448475e-16,-3.4515576161076e-16,-1.31363425187615e-09,7.35204205977294e-16,-2.23627769428455e-16,5.783546315638e-16,-2.83184489998894e-16,2.88672876455651e-16,6.02920936395039e-17,5.16203301825704e-16,2.08362406275836e-17,-1.21975801893737e-18,4.15151540258121e-17,6.36726754175207e-17,4.76850975209717e-17,-4.38664586848902e-16,-1.38808948685033e-16,1.90902351690862e-16,-6.52755464412214e-16,-3.38251862648808e-16
"t767",0.0361378142181142,-0.0108456713499577,-0.011876179210978,0.000709404054212915,0.00665632831155536,-0.0185082607355998,-0.00262022016829631,-5.71943048436942e-06,-0.0564537431861235,-0.0445321573882292,-0.0451297293461899,0.000503939884727812,-0.00104948626325699,-0.000225900507545881,-0.00626300211629046,0.000140844107657345,8.81081150879521e-05,-1.01594411054598e-05,-0.00434361011369549,-0.000787876160003623,1.42566395782476e-06,-7.87780467912381e-05,0.1533558602872,0.00653255425503736,-0.000634676617690989,0.0076744381797241,-0.0829988751699182,-0.000670009220762048,-5.59922876607448e-05,0.00429397031717667,0.0289337561930273,-0.0162179978333104,-7.93085256260554e-06,0.00754675551574635,-0.0100450480688829,-0.00217442133151504,-0.000110486257114756,0.000554438602121143,0.198730988920795,-0.0334662907997777,-0.000792405745986004,0.0494929288757266,3.68122868538643e-05,-0.00207579623686383,1.14530341681779e-05,4.35597816401067e-07,-2.47628185169973e-08,-1.20154009328789e-07,0.000199795169184755,-0.000673022975413068,1.15526718305768e-06,-1.95199987843558e-06,2.66242244028514e-06,-1.01080209821366e-06,0.000115502288523313,-9.13611910188069e-05,6.00524402945113e-05,-7.83378819462e-05,0.000687836256535315,-1.34638973432025e-06,-1.49490330253112e-06,8.85762510845003e-05,-6.19596279530626e-05,4.9168922189032e-05,-0.0294922820748027,-3.12901287800533e-07,-2.36668058633378e-05,8.26728758931534e-05,-2.08746169939895e-05,0.000100306244913043,-1.08199065028204e-06,3.49918647318744e-06,-1.25140550152783e-05,-8.87512468006331e-06,3.7814179272155e-06,3.38452052684266e-06,-3.54223576204192e-05,6.13301542701452e-06,-0.0160508044272785,0.000177864128994656,2.31241159578272e-06,0.00026706677846662,-0.00874493734748746,2.27875310082969e-05,8.20851626468773e-05,2.55676351015433e-05,-4.40220436953814e-06,-7.67487134914061e-05,-1.44125263860691e-07,5.8563052064873e-06,-6.11839395074772e-05,4.26707357482035e-08,2.99247433907284e-05,-2.88792293394373e-05,-6.72588134940851e-06,-8.0395605690583e-06,-9.45764255564611e-07,5.32214357592257e-06,-6.09891443319525e-05,-0.00137930949354149,-3.17451796562102e-05,2.12483707703843e-07,-4.50982260064428e-05,7.84058603020683e-05,-0.00167957663746882,2.6827107747012e-06,-0.000815600360464816,1.10528576529984e-06,-0.00211908868021658,3.49712681877237e-07,1.22479487978252e-05,2.87701530771198e-05,-9.07989558703355e-06,1.58910308945653e-05,-1.97262520271009e-05,4.52432783371158e-05,-0.0612289957249202,0.201545719699285,0.000565118709146512,-0.000111954935547351,5.04566986208931e-05,-5.68572565876618e-05,0.000619498686872707,0.00060835010972405,-2.87883070728196e-06,4.80420960461422e-05,-4.89822625373399e-06,9.80547001383398e-05,-5.90422558471855e-05,-0.00204524644789696,-1.46362607700166e-05,4.27478871828533e-05,-3.34231489234464e-06,-0.00038993942484328,7.04335286878764e-08,-4.57502914826763e-05,0.000101128912980863,3.15601021345082e-06,-0.000295618897367182,8.49841574905958e-05,0.00195646055591969,-4.8289120706637e-06,-7.53774164575822e-06,-8.01762396739996e-07,-4.64370403727396e-09,1.10685719386935e-05,6.57060392386296e-07,-0.00147480583182985,-1.8989517627011e-05,1.75286813035578e-07,2.15327804100891e-07,1.07647647013804e-05,1.45490702625604e-07,-3.43518138879489e-05,6.95816262100065e-08,1.19653901849836e-06,-6.88521591199923e-06,-4.56194982904427e-07,-4.49246812948938e-06,-6.65988522582607e-07,-8.76934984686033e-07,1.35319598279839e-07,-0.000227939774311063,-1.72658719838374e-06,1.64391483468837e-06,-1.46671248738592e-06,0.00105428931292355,1.49386365826505e-05,0.000954336123633541,4.64079546628875e-06,-1.3593564652992e-05,-2.56356465881732e-06,1.42162120458618e-06,0.334227118938839,-4.50581898309377e-06,-7.45036245236689e-06,-2.98183549461382e-07,4.71392756708292e-06,0.000140711069756089,1.52839011688378e-05,-6.08597101163647e-05,-1.68485280991424e-05,3.67563423688315e-06,1.56877663241402e-08,5.25376700560368e-07,4.8442700573151e-07,0.00706337172420099,0.000172790520492379,0.000779366616178722,7.99064005272359e-08,-7.42314999398025e-05,-8.17691346195153e-07,-4.04970045125956e-07,-7.59155437847749e-11,-8.15168745839445e-09,1.67516680914195e-06,1.04675067701887e-06,1.59604890899283e-08,-1.66912059669594e-06,-1.8835034451285e-07,-7.58324975561995e-07,-4.28494417481694e-07,0.000563219484035829,-8.89263390580866e-09,-1.02496135403527e-06,-5.68729295971843e-08,1.1768515256751e-06,7.69494299072016e-08,-6.24764130680068e-06,-1.88489849760473e-09,-4.53366316554218e-05,-3.02515960156426e-07,-8.36256801401235e-07,-2.59860298942731e-05,4.16542564656911e-09,-7.73335376185338e-08,2.83145863991852e-08,1.88724824771821e-08,-0.000538286553989749,-3.05271991874419e-06,-1.50387269247889e-06,2.45170697111707e-06,5.88714682255119e-07,2.76955077987819e-06,-1.22773420309428e-05,-7.77332301568506e-07,-7.56646090065091e-05,-1.10263681822952e-06,-0.0273932147147402,6.88860315388913e-05,-2.5298987707692e-06,-3.90933063961999e-07,-9.57405463745214e-06,-3.34347162047367e-06,2.21645739815541e-06,1.86503424918135e-08,6.79640634459964e-06,6.58404519970121e-17,5.06123127346445e-08,-6.92193718224133e-07,1.0677687005236e-07,2.25931006952847e-07,2.60707075249653e-06,-3.57258238837957e-08,3.816738262902e-07,-1.61914210350948e-07,5.99079573931406e-06,-1.76305489406332e-08,3.30965294240029e-08,-1.16230522632193e-05,7.11085465002443e-09,-7.6172727205261e-07,9.58805150475212e-06,-8.38486543896578e-10,2.12421479738783e-11,4.08808132037774e-10,-3.99662220001919e-09,6.81696459259577e-08,0.000209965757146856,-1.44429606207481e-05,2.64709408386316e-07,-1.03297026792209e-05,9.21017280751895e-06,-9.29361500499689e-07,0.00016499656877955,-0.0867649449753031,-6.0024238564667e-09,-5.1076371055535e-05,-2.42059095313593e-07,-1.58370624862386e-06,-3.88692339810627e-09,1.6861070390283e-06,-8.45946566466958e-08,4.53757575740466e-08,-6.64611509711997e-08,1.20953032972468e-07,-8.19378314782179e-08,5.36792865357083e-09,-7.98497252461169e-07,3.21364109660835e-09,-4.9633875630382e-07,-4.66264278242294e-18,9.75374272136559e-07,1.77976377507093e-06,9.02257956725057e-13,6.00376285139426e-09,-6.67750553777716e-09,3.54567687189163e-09,9.25947583708891e-10,-1.07177010137812e-12,-2.23597276773002e-10,1.12000275192777e-08,2.07436758562613e-08,-4.90830910868108e-10,2.89991710780361e-07,-1.0369522990757e-06,3.35111283914474e-08,-1.6933448026422e-05,1.43938905197325e-08,2.53310948966666e-08,3.91771491633609e-10,1.33221751912218e-06,-2.0561956861026e-07,9.25777346482915e-10,-2.97149094342731e-07,3.57798314525346e-08,-1.30990652282639e-07,1.01690450382979e-07,9.08768961623693e-07,4.64246871989877e-08,-1.48185745883378e-08,-9.82014054994366e-08,1.01484936702108e-08,-4.78469094823363e-08,1.34698489176855e-07,5.53099664833476e-07,-4.36073087276199e-05,1.85296939715193e-16,8.18820616443173e-09,4.49981121859815e-08,-4.49599600981627e-09,2.40309195625376e-06,2.58186383202846e-09,6.37262322826086e-07,2.51079624738152e-05,-1.89685126681188e-07,8.45167467420383e-07,-1.56813661061094e-16,-7.62906308012252e-05,-2.3107690358427e-10,-1.76797220858112e-07,7.58397774680881e-09,1.55687282793605e-07,-1.04964013944939e-07,-1.77472602252383e-06,4.79257447198757e-07,-4.88445077621297e-08,3.13295469885186e-06,-1.01492044904781e-08,-9.74176801609157e-07,-1.30226985048537e-09,-1.90783469914118e-10,-2.72268562649582e-06,1.49355989798775e-08,-5.0594205623828e-06,7.27082745487075e-16,-8.06247135149063e-08,6.3739361343758e-09,1.83706528499206e-10,1.66836705463963e-09,-2.54699025439427e-06,-2.09628953593043e-05,5.280374920109e-08,-1.95222222563711e-07,-1.13853226094477e-07,-9.42065512187507e-17,-2.13037675569834e-06,-7.68874612718039e-09,-0.000146637438785767,-3.58645278746049e-17,4.39863795772202e-07,5.76042832406407e-08,-8.94411498299538e-09,-6.25004666500264e-06,-1.21742665967014e-06,-1.1307236992601e-06,-2.13814970982138e-07,1.14802152058822e-06,4.84241854848294e-08,2.70321628648515e-09,6.33438927409941e-07,1.92079995884953e-08,-1.4360090020007e-18,-7.76286327789877e-09,2.88016852600254e-07,1.2491320639342e-07,-7.9147592743518e-07,-5.23701427664128e-17,-1.64065064929464e-08,3.06155044305296e-09,-3.49323614543331e-07,-5.00351920452835e-09,-1.81921714539875e-06,1.78248468075016e-08,-2.38203085777492e-07,1.30562786782215e-06,3.17409035658019e-16,4.79070651496574e-06,-2.27415396976551e-08,6.62145868966521e-08,7.14248288702547e-06,-9.3911190234268e-09,-2.18263466187356e-07,1.79977560632594e-17,6.92180146949981e-17,-1.96046795694032e-07,-1.27460828773542e-08,1.68219043580671e-09,-1.86741201425052e-06,7.36123320307698e-16,-1.09011811953672e-05,-1.85967509661395e-07,6.86745616645022e-17,-1.69143566260092e-16,-1.6516181208671e-16,2.24324748590155e-06,6.11848064791296e-08,-6.72628105779002e-08,2.04923503993797e-06,2.91063269804106e-07,5.40610691932998e-08,-2.3465121954186e-08,6.28628541202135e-17,-5.17223844896266e-09,1.45585787465881e-08,9.36220585736682e-17,-2.02023347263822e-16,-9.21461139891368e-09,-5.33159892375844e-10,-5.47604080545616e-09,1.38478599980283e-06,5.41316438853003e-09,-2.17065201909092e-07,-2.09164006341748e-17,-7.64696793072246e-08,-1.5256908615179e-16,-4.2384095332048e-06,-4.38715632832681e-16,-6.05133520372493e-09,2.07377811831441e-17,2.49248557447703e-08,6.5658729162817e-09,4.98797246436164e-07,4.0345708560584e-07,1.78261099536596e-08,-2.05124215136943e-09,1.30240290946065e-08,4.89762290908158e-09,2.34706422784089e-06,7.82616372801138e-08,4.57125242431017e-09,-1.29014079597016e-08,-2.35757826419752e-06,-3.33480984795408e-06,-6.17340458963151e-09,2.44583344092617e-16,5.79379496143196e-08,-1.00067345197677e-08,5.20211935259431e-09,-2.33866284716208e-17,9.69016841604724e-08,2.76719812447819e-07,8.86845642302911e-08,2.3190640091544e-17,-2.15027532019793e-08,-1.21403881754353e-06,8.28860145395e-17,-1.51367603248192e-08,3.4015949190694e-08,1.92900569750855e-16,1.14399713728471e-17,-1.25497098050654e-09,-7.09206769061716e-07,-4.04474063833267e-09,-5.61851546714214e-06,1.57399494274934e-07,4.15726089863664e-09,7.34918715125475e-06,3.71393319463894e-08,-9.33344950501735e-07,3.5484581852735e-16,1.72675203918108e-10,1.26073094633096e-08,3.48409180647508e-08,5.52958813024115e-06,1.11547744582799e-16,-6.64074998537356e-17,4.62856965707107e-07,1.75006940004475e-17,-6.7367913855451e-17,4.81462326849353e-08,-7.09208715651921e-08,-1.32782438342824e-08,-1.27012347295393e-07,3.410368838916e-07,8.90957590691403e-08,1.13933487691037e-07,-1.65155682219023e-16,3.1923498727978e-05,2.80044824271562e-08,2.22112202239923e-06,-1.23295611148966e-08,4.88784423845042e-08,-4.50368891742979e-17,-3.8622383009513e-17,1.67622335314678e-16,-4.52264912842836e-07,-2.06593507619909e-09,-1.33945372736986e-07,-1.38562013496342e-16,-1.58672090197885e-09,2.53091182609665e-16,4.42858809736646e-16,2.61897764103231e-07,-6.55808819021916e-08,6.8548682355396e-17,-5.42388118374437e-07,-7.32408476155702e-09,-7.46002240186305e-16,1.66134338757617e-08,3.24168956363147e-16,1.05350222702308e-06,2.32714587876278e-16,1.05203292605336e-06,5.11022361284891e-08,1.85550363086088e-09,3.11442969555355e-06,2.13850786740426e-05,-5.93269862891947e-09,1.83239197455781e-07,1.50125151489222e-16,1.08942846650236e-07,-6.15265162795953e-09,2.16182831331624e-16,-8.11207055074135e-10,-1.65547118588767e-08,3.85119094712615e-09,1.04910358913921e-16,1.24063448854622e-08,1.64229459827386e-08,3.04311333609524e-16,-4.56211354198656e-07,-3.46475328991491e-07,-4.74010362655902e-10,4.53483468736757e-17,3.38413247033259e-16,8.52181509301986e-09,4.66187115837994e-06,3.75145429918834e-08,-3.45981136459277e-09,8.46353483367246e-06,1.20195880064058e-16,2.17451438630493e-16,1.03321211105336e-06,1.83311942907104e-09,3.14753007377184e-16,7.4845098747974e-05,-6.79889948744789e-17,6.98240520296525e-09,-1.19660808101982e-07,-1.60174577455483e-07,-1.06399012985985e-06,-2.3779873998125e-17,1.6353393135014e-16,-7.77571729160714e-16,-6.9899185157522e-17,-8.29728225163852e-10,-2.88017203632207e-09,-1.60567089926015e-17,-6.73050519411902e-16,2.74744983273265e-16,4.06431700585368e-09,3.65635102964505e-11,-2.01898998003012e-09,3.80163048573021e-17,1.33542875650934e-15,1.12581520711821e-15,-8.74383845643109e-08,2.6765161782164e-09,5.08275444475612e-16,4.71392821487098e-10,-1.23510206238686e-08,-4.59153698802584e-16,2.13314317662085e-16,-1.51036628375997e-06,-8.7567034041335e-11,-7.49910137174696e-07,-8.79118288615013e-16,4.80327368852307e-09,7.76813377671575e-08,8.35993266569049e-08,-3.13301610622848e-07,-1.86135400657011e-08,3.03689600169742e-10,-3.58926203450284e-17,1.14534065170716e-15,-1.02771129539125e-15,5.85439594526153e-09,-5.30188719732872e-09,-2.07512017995498e-07,-1.59165605184106e-09,1.83871392805872e-16,-3.78440818495366e-16,8.76479042527525e-16,-8.6884829537276e-16,1.65537229166759e-16,7.690876804342e-09,-1.44193119415506e-16,1.61342845737869e-16,-2.19315320835124e-06,-5.90437274008138e-16,-1.96588257927051e-07,-3.13254270082287e-16,-1.43816786225609e-07,-2.11094415871615e-16,-1.75921184994469e-07,-3.73515894027214e-07,-1.95482935049786e-08,1.11547511782842e-17,1.21265080891306e-06,4.12734330873442e-17,1.09932029269104e-07,-1.78316432298971e-08,9.8775586088813e-11,-1.27281419835017e-15,5.49014446848101e-07,-2.46213092844674e-16,-4.01859017153961e-08,-2.05324377548391e-08,1.31565344733527e-15,-2.38291822989461e-16,-1.34489998247345e-15,-4.31959091693719e-17,-3.16513190233894e-09,-1.60456009230191e-07,-3.58854662314193e-07,-1.67945312406176e-15,-7.1049344056718e-16,-2.24824770735347e-09,1.83696732289438e-08,-8.11901262722608e-16,-2.18036427646953e-15,-3.87520045637615e-08,-4.87923739179736e-17,-7.62583951311967e-07,-8.60363306655636e-16,7.38538949268329e-08,5.44881122552653e-16,-6.19107092489279e-16,1.09541854719713e-15,-5.61314443422158e-15,-1.30235943712016e-15,4.34280613447889e-16,1.75340514260954e-09,-1.23173687174506e-08,4.25508667347445e-16,-9.52445412364617e-09,4.38858473561831e-07,-4.45535571844886e-15,-1.2645617441251e-15,1.12691805608367e-14,1.92793077851529e-14,1.36345867593938e-06,0.499167094434231,8.21816593883572e-14,4.46806058862651e-15,1.71989878092852e-07,4.78509864221723e-08,4.73617448709745e-10,8.18226194646235e-15,7.20330170014457e-15,-6.09826981634151e-15,-4.52014296230149e-15,3.43725634600181e-15,2.76468045072455e-16,2.64527235587889e-06,-8.89983230487982e-08,-8.82812408360082e-08,-5.04058079121833e-16,6.13756394575262e-16,-1.08638736378139e-15,4.44053870871371e-16,-2.98609345897944e-15,-2.34722469366258e-15,1.96427703795779e-15,4.57380083107081e-16,-7.46691176525505e-16,-6.60903603819932e-16,-3.60668709727991e-16,-2.44304116950986e-15,1.24322252831772e-15,-4.73467432342071e-16,4.89469931266149e-10,6.34732176904696e-16,-5.17190126156533e-16,-5.4915265824315e-17,7.10829661655057e-09,-8.83790086463662e-09,8.16833367100645e-16,-1.85038792818122e-10,6.72048113538934e-09,-1.00214412785859e-16,1.77518133831538e-15,-1.33050535013658e-08,-3.66604367383341e-16,1.74445245679856e-10,-1.08048335340623e-15,4.79665593160521e-16,6.41758823620132e-17,-1.24127217518761e-16,1.80840706097449e-08,-2.42641442875404e-08,1.46483502686846e-15,-5.31130899005441e-16,3.97236474818166e-16,1.49307783699328e-15,1.31500170995336e-16,6.13542286499833e-17,2.58900662295242e-16,3.58030887705048e-16,3.12588608351586e-10,2.7795965679573e-16,5.88200653960608e-16,-3.51143043330038e-16,5.98007005468633e-16,-9.16716014457738e-16,7.39555998522907e-16,-6.86327228694373e-08,-1.54792424184908e-16,-7.57361883179286e-16,4.65071337154215e-09,-1.47741470966296e-16,-1.72398992635228e-15,-5.9343195806001e-16,-1.82041748342211e-16,3.94758271972279e-09,1.92369337082665e-16,-2.98768084278551e-07,1.18898349303932e-16,-6.32431132250772e-17,-1.92281361783362e-15,1.44873990081402e-15,-5.44994856779153e-16,4.46347022482806e-16,4.7592038663586e-09,8.07069249038297e-16,6.84047978413971e-16,6.03335370266945e-10,-5.96507327758834e-07,-2.61344915690892e-16,1.03020777463233e-07,2.34436080896676e-06,4.74633240703426e-16,2.18562774733658e-16,-9.57992007610648e-16,7.30529488629552e-17,-7.87752708271876e-17,-3.98679723871219e-06,-4.52378096840828e-17,-8.87364933627367e-16,1.91690944046754e-15,1.62274147468842e-07,1.30324614491785e-15,7.14186516402759e-16,1.10207558404271e-15,-5.58575161154519e-16,-0.000388717109714481,-1.8219848833461e-16,1.27983917339313e-10,4.00049852053165e-16,3.7780219259089e-16,1.32640632424336e-15,2.77174756751928e-16,2.15010352577813e-15,-5.12160023948289e-16,4.80057498920883e-16,-2.24936793421544e-09,-1.85410790446692e-15,-2.95811598171683e-16,9.47202525319371e-10,-1.03716989562545e-16,-1.99067184147072e-16,9.3552946480364e-17,-2.9288956953336e-16,-4.42940856030524e-17,5.91365833961764e-17,-6.89861098983468e-09,-3.39035559012652e-16,-1.72168297248565e-15,2.05820093256091e-09,-1.25745408443315e-15,2.29866717255253e-15,-6.27445229905216e-16,-3.11515507835661e-15,1.17622544051594e-15,-2.94888036262612e-15,-2.46273535988105e-16,-9.32875308608902e-17,2.025422983663e-15,-9.98902994222173e-16,6.10002714495489e-16,-1.08708675557241e-09,3.60760965482625e-09,-3.43815490918607e-16,1.13395673143138e-14,2.00528419648926e-15,-1.79817831315668e-15,2.52257253714055e-15,5.14113691119607e-16,-1.52544860703201e-15,-6.03069512199395e-15,-3.45211450797454e-09,2.48323880909089e-15,1.98703524531119e-15,-2.24160887830792e-15,1.7437671808543e-16,4.03173953898902e-10,-4.68845681433006e-15,-6.41313648935237e-11,-2.59283158079759e-15,-5.19962196272386e-15,-0.707106781186546,-2.80475967152632e-14,2.55413737775816e-15,-1.8469174064181e-14,-1.26070525132901e-14,-1.98347602330434e-14,1.73035783075216e-14,-3.26800674993951e-15,-5.25145407151662e-15,-2.21570156831341e-15,-4.18763962593134e-15,-1.78604829123475e-15,5.83779645107641e-15,-4.51820068008932e-15,-4.94575798183849e-16,1.17608267402062e-15,-3.01261010693941e-16,-7.59796358534173e-16,3.17245687185552e-15,1.15966194423549e-15,-9.37682014742813e-15,-2.96384078522722e-15,-1.59071023276697e-15,5.22628367223603e-08,-1.32534237281292e-15,4.02075563655146e-15,-2.30298821693802e-16,-7.73651996230971e-16,-5.57739467320693e-16,-8.96623458563597e-16,-3.01295015729596e-15,1.68911569567981e-15,6.78375080557697e-16,3.33623894157553e-16,6.06705983195732e-16,7.11533441331939e-16,1.26585882557781e-15,4.70767695582848e-16,7.1322004406833e-16,9.67208059943444e-16,7.38551360657036e-16,-4.07010880624583e-08,-1.17680995759626e-15,5.80744918867997e-16,-4.79112801993775e-18,4.54477071515752e-16,-4.65127447413158e-16,1.69898131216565e-15,-2.00672838318918e-16,8.37258979316245e-17,4.63088430726927e-16,9.40068509176618e-10,-2.05680573820713e-16,9.2681794905043e-17,-7.50605645729635e-17,1.01308091037114e-16,-6.55926724843845e-16,6.67906138560212e-16,1.63215476080048e-17,4.35997577953185e-16,5.6332876325145e-16,-3.51307062711005e-17,-3.54360947795527e-17,-5.82261231972888e-16,-6.89701050557259e-17,7.45570322431604e-08,3.73061404583749e-17,2.00168480841451e-16,1.82875330782258e-17,-3.84647825743545e-16,-1.31363444000214e-09,-6.23553966135814e-16,2.11945185486671e-16,-7.29567534247774e-16,-1.55762079981819e-16,-1.06173851538966e-16,-4.77757133508197e-17,2.78739991162431e-16,-1.07591949371032e-17,1.73565770545036e-16,-5.04468112366582e-17,8.62945669106789e-17,2.2098870696418e-16,2.54561389385251e-16,-3.70036142485547e-19,-2.63422481039228e-16,7.92747622754627e-16,-1.2612167335048e-16
"t721",0.0361371257907232,-0.0108452362918617,-0.0118756874324289,0.000709364705786181,0.00665587649353612,-0.0185067875316409,-0.0026200075250346,-5.71892954411063e-06,-0.0564479074295286,-0.0445265808361428,-0.0451225701720953,0.000503841549800276,-0.00104927554007971,-0.000225854469481442,-0.00626167063234676,0.000140812415942024,8.80878211658937e-05,-1.01570591334758e-05,-0.00434256839357689,-0.000787671072665957,1.42526293356415e-06,-7.87513696937064e-05,0.15330106238125,0.00653020688341794,-0.000634447672752262,0.00767153992636331,-0.0829671658979702,-0.000669750987071129,-5.59701378848334e-05,0.00429197032715471,0.0289194033087529,-0.0162095943848633,-7.92645306820546e-06,0.0075423751834244,-0.0100389271815624,-0.00217299327713087,-0.000110412799140724,0.000554064277101717,0.198595929511269,-0.0334432175979971,-0.000791844165052825,0.049457027296209,3.67851970888999e-05,-0.00207426687173716,1.14444531212093e-05,4.35251261277715e-07,-2.47427641941452e-08,-1.20055893464758e-07,0.000199628242353515,-0.000672446842204563,1.15424641990506e-06,-1.95024997857187e-06,2.6600306388555e-06,-1.00987774668626e-06,0.000115393000770468,-9.12743054737991e-05,5.99900859409757e-05,-7.82546567997191e-05,0.000687103532746055,-1.34487555975961e-06,-1.49315457603566e-06,8.84706462760588e-05,-6.18846265286389e-05,4.91091776911306e-05,-0.029455438885757,-3.12500766389177e-07,-2.36348992822422e-05,8.25588804255723e-05,-2.08455363879606e-05,0.000100163929803236,-1.08030834869486e-06,3.49338220677844e-06,-1.24930967906368e-05,-8.85996694239001e-06,3.77494396962315e-06,3.37867756317334e-06,-3.53610030629097e-05,6.12222051045213e-06,-0.0160215333726161,0.000177535196741616,2.30803358289811e-06,0.000266558605569032,-0.00872768816410048,2.27421039981206e-05,8.19141219793031e-05,2.55137298634855e-05,-4.39281330800671e-06,-7.65846782849456e-05,-1.43817072630842e-07,5.84376681250678e-06,-6.10523628246477e-05,4.25751408280944e-08,2.9857456568903e-05,-2.8812690442781e-05,-6.70974166103041e-06,-8.02015265115647e-06,-9.43480494848632e-07,5.30909724343151e-06,-6.08388105234264e-05,-0.00137583875528484,-3.16639707620304e-05,2.11939351369734e-07,-4.49825009577597e-05,7.8189868317157e-05,-0.00167492595701372,2.67525283823406e-06,-0.000813316972142735,1.1021852999052e-06,-0.0021131237789968,3.48723149978895e-07,1.22132338085878e-05,2.86877889934637e-05,-9.05387051172006e-06,1.58442942705537e-05,-1.96679209853741e-05,4.51079115002957e-05,-0.0610448400535433,0.2009308608568,0.000563371290184952,-0.000111605258224306,5.02982080722811e-05,-5.66751789762998e-05,0.000617490300879611,0.000606376944915941,-2.86947691758305e-06,4.78840457327503e-05,-4.88209536066056e-06,9.77283557218122e-05,-5.8839851144645e-05,-0.00203823279116989,-1.45859505291307e-05,4.25980826515897e-05,-3.33055829581567e-06,-0.000388564105064224,7.01823663606921e-08,-4.55869011692501e-05,0.000100759424954876,3.14427024140303e-06,-0.000294492512405322,8.46601287512872e-05,0.00194897066601528,-4.81038752876263e-06,-7.50872992712157e-06,-7.98672638458785e-07,-4.6258086700462e-09,1.1025531729455e-05,6.54459942872884e-07,-0.00146886523151826,-1.89126937059604e-05,1.74570894625845e-07,2.1444768497379e-07,1.07206065941705e-05,1.44892622858561e-07,-3.42102619359481e-05,6.92885976705114e-08,1.19148269929682e-06,-6.85604975334272e-06,-4.54156185746404e-07,-4.47213597003304e-06,-6.62968573811752e-07,-8.72916331240446e-07,1.34698146733283e-07,-0.000226878895675692,-1.71853834891222e-06,1.63615229635641e-06,-1.45970126353721e-06,0.00104907155263432,1.48646150743856e-05,0.00094960589151316,4.61768601268425e-06,-1.35255066127155e-05,-2.55071984728093e-06,1.41442212607872e-06,0.332528984425651,-4.48276243761612e-06,-7.41217205434862e-06,-2.96653704027511e-07,4.68934437123036e-06,0.00013996496932197,1.52026303717193e-05,-6.05352202506729e-05,-1.67579803100746e-05,3.65582039476394e-06,1.56029485339467e-08,5.22528241970823e-07,4.8177596129463e-07,0.00702462814836232,0.000171823909980424,0.000775003933745841,7.94561881315109e-08,-7.3805788304998e-05,-8.12933488306511e-07,-4.02601946382757e-07,-7.54683557601422e-11,-8.10340582451824e-09,1.66508426895323e-06,1.04042868025247e-06,1.58633904562074e-08,-1.65892929938362e-06,-1.87168242047504e-07,-7.5355958114568e-07,-4.25770770429756e-07,0.000559599468919692,-8.83395984468912e-09,-1.01819779479336e-06,-5.64967378689276e-08,1.16901038668787e-06,7.64341537022508e-08,-6.20524962475392e-06,-1.87190133830938e-09,-4.5019997015826e-05,-3.00394878230103e-07,-8.30289979246773e-07,-2.5798829220177e-05,4.13541099289856e-09,-7.67721511879273e-08,2.81051902545594e-08,1.87324202890872e-08,-0.000534216471825148,-3.02934237983442e-06,-1.49230575904246e-06,2.43251101635191e-06,5.84085878060501e-07,2.74767504593149e-06,-1.21790145323162e-05,-7.71089440001353e-07,-7.50565229259812e-05,-1.09364221940741e-06,-0.0271677473942127,6.83134130929768e-05,-2.50877490322616e-06,-3.87653848062518e-07,-9.49340033116574e-06,-3.31527117474262e-06,2.197553177394e-06,1.84901725812664e-08,6.73760339646122e-06,2.18022619870311e-16,5.01697553646886e-08,-6.86128391590829e-07,1.05827634409983e-07,2.23900273982951e-07,2.58342595332892e-06,-3.54016345903881e-08,3.78152708189136e-07,-1.60416357455972e-07,5.9353052317473e-06,-1.74662547482203e-08,3.27868564524098e-08,-1.15134927871019e-05,7.0436083506574e-09,-7.54514050796505e-07,9.49658948696525e-06,-8.30242687899245e-10,2.10312949374585e-11,4.04710733333949e-10,-3.95580771965088e-09,6.74725581414159e-08,0.000207790772271448,-1.42922705490014e-05,2.61919301200479e-07,-1.02204706143592e-05,9.11244800434865e-06,-9.19454070850685e-07,0.00016322540593108,-0.0858328288625289,-5.93680648780102e-09,-5.05177919319123e-05,-2.3941072002069e-07,-1.56629744624265e-06,-3.84412220856998e-09,1.66743739771675e-06,-8.36570100707785e-08,4.48560234744643e-08,-6.56971795482548e-08,1.1955874215712e-07,-8.09871608030902e-08,5.30532613075148e-09,-7.89076522033285e-07,3.17559924547851e-09,-4.90447708089526e-07,-1.14023540099249e-18,9.63692207886265e-07,1.75842217682991e-06,8.9111659113666e-13,5.93082980355898e-09,-6.5957543754684e-09,3.50210795706672e-09,9.14549000517686e-10,-1.0584137927494e-12,-2.20775859293089e-10,1.10586422895361e-08,2.04800369613523e-08,-4.84472769126352e-10,2.86222827368317e-07,-1.0234448167121e-06,3.30713271201096e-08,-1.67048365590325e-05,1.41972693266912e-08,2.49848360915883e-08,3.86415225158076e-10,1.31347239909326e-06,-2.02630165243923e-07,9.12262075846315e-10,-2.92784769556053e-07,3.52504639198804e-08,-1.29048278444724e-07,1.00154191207831e-07,8.95020805493259e-07,4.57205594034286e-08,-1.45934262311515e-08,-9.67007822132903e-08,9.99242914126016e-09,-4.71068046062829e-08,1.32609637310994e-07,5.44485347484518e-07,-4.29218890474417e-05,-1.40215691981304e-16,8.05223239380516e-09,4.42468242192507e-08,-4.42032408601105e-09,2.36263599812172e-06,2.53838706585398e-09,6.26510209598174e-07,2.46827597862431e-05,-1.86458661144548e-07,8.30663085513491e-07,3.19135254403208e-16,-7.49545910041125e-05,-2.27020066691777e-10,-1.73676676326975e-07,7.4500322841239e-09,1.52901192999583e-07,-1.03072035133588e-07,-1.74241018265283e-06,4.70469816344655e-07,-4.79354153973012e-08,3.07384359031622e-06,-9.95604930736873e-09,-9.55546381720195e-07,-1.2772900601366e-09,-1.87103991425731e-10,-2.67014823794746e-06,1.46463079330792e-08,-4.9611358739531e-06,-2.62888976854509e-16,-7.90240660266417e-08,6.24682575293771e-09,1.80043065117739e-10,1.63467014139299e-09,-2.49544873864106e-06,-2.05287273107261e-05,5.17029166179995e-08,-1.91147038084864e-07,-1.11464937267295e-07,1.13882750298587e-16,-2.08543858421105e-06,-7.52622376159392e-09,-0.000143513852622093,2.6361150121545e-16,4.30415786375854e-07,5.63645534789989e-08,-8.75142894820388e-09,-6.11511770269191e-06,-1.19105197774603e-06,-1.10616288281396e-06,-2.0916107252593e-07,1.12288137589384e-06,4.73629967466426e-08,2.64372948500469e-09,6.19397180991715e-07,1.87820481026129e-08,-6.16618021951552e-18,-7.58824487338776e-09,2.81522155847153e-07,1.22081118498191e-07,-7.73383321671102e-07,-1.65332681200447e-16,-1.60248127395822e-08,2.98891686234374e-09,-3.40963382620227e-07,-4.88328496707579e-09,-1.77528872521413e-06,1.73905526905197e-08,-2.32314784690695e-07,1.27219383286408e-06,-1.36899427579893e-16,4.66421784024086e-06,-2.21395095710106e-08,6.44520416135996e-08,6.95090892846606e-06,-9.13908607357439e-09,-2.12393294135579e-07,-7.39425881635114e-17,-1.03760349957452e-16,-1.9070899330884e-07,-1.23953386008258e-08,1.63583892124619e-09,-1.81546801992001e-06,5.84411255959286e-16,-1.05916552288691e-05,-1.8063911708782e-07,-5.21851303278675e-17,1.10450503527719e-16,-9.54692319946662e-17,2.1771404814848e-06,5.93753050597303e-08,-6.52490682555905e-08,1.98724786080919e-06,2.8224829567568e-07,5.24057904465532e-08,-2.2745745885087e-08,-9.99387965539589e-17,-5.0101460987161e-09,1.40988023837704e-08,9.46883153622157e-17,1.20598723310281e-17,-8.91476123829511e-09,-5.1568574572103e-10,-5.29483978724983e-09,1.33867009387679e-06,5.23068285738365e-09,-2.09733395282614e-07,9.156017955898e-17,-7.38798214606353e-08,4.2029497782804e-16,-4.09375243525179e-06,-5.4800321181922e-16,-5.84362839795565e-09,1.19326508703989e-16,2.40631601296979e-08,6.33854937392921e-09,4.81194252317878e-07,3.89160780976048e-07,1.71933788143053e-08,-1.97789669649719e-09,1.25553485947373e-08,4.7187557698724e-09,2.26133571149423e-06,7.53900987634258e-08,4.40213274870898e-09,-1.24188019203586e-08,-2.26856684786361e-06,-3.20798287247347e-06,-5.93778043069429e-09,6.10091481234822e-18,5.5702006972643e-08,-9.61642897291526e-09,4.99303751510684e-09,-1.09947028374906e-16,9.29731805126573e-08,2.65353944931316e-07,8.50216518811388e-08,7.17046234736933e-17,-2.06120854123508e-08,-1.16317804026619e-06,-1.60160822727635e-16,-1.44990717293093e-08,3.25339777806753e-08,-1.92090856699225e-16,-7.88076447467173e-19,-1.19957223927329e-09,-6.77863004008095e-07,-3.86498989710021e-09,-5.36719692655809e-06,1.50254572083006e-07,3.9683073343513e-09,7.01455419417273e-06,3.54146935879532e-08,-8.89300280946047e-07,4.56150959018964e-16,1.6447679632648e-10,1.20081028881537e-08,3.31788720225547e-08,5.26463333595652e-06,-2.03297914156329e-16,-3.91628426927687e-16,4.40543483618726e-07,-7.4408307718631e-17,-2.4808002937573e-16,4.57340902863269e-08,-6.7343813139631e-08,-1.26084301833227e-08,-1.20510306080671e-07,3.23543521615655e-07,8.4523668716896e-08,1.08070620916301e-07,3.40888982451228e-17,3.02313659164198e-05,2.65105789745185e-08,2.10238553864227e-06,-1.16634558557149e-08,4.61859503649213e-08,-1.39618392211977e-16,-2.86243433802765e-20,9.9295025508986e-17,-4.26633240898889e-07,-1.94738121902749e-09,-1.26251599385509e-07,2.60305414462539e-17,-1.4944666978303e-09,2.94411094995955e-17,-2.74619333156611e-16,2.45813650527201e-07,-6.15504892136353e-08,2.04073953916084e-16,-5.08591366612584e-07,-6.8639965846515e-09,7.58746043442414e-16,1.55521566656265e-08,-4.39633954059748e-16,9.84808329673944e-07,8.26278837419136e-17,9.83306981884368e-07,4.77590638311396e-08,1.73391597720741e-09,2.90988031287612e-06,1.99732987095967e-05,-5.53330113073168e-09,1.70554009559443e-07,-2.16247351095483e-17,1.01126096917713e-07,-5.70947109149156e-09,-2.13898923621994e-16,-7.5247047865053e-10,-1.53445372774887e-08,3.56720757915492e-09,2.47037890759396e-17,1.14634994491446e-08,1.51672401956866e-08,-3.37246677258973e-17,-4.21044270086709e-07,-3.19659225700121e-07,-4.36764339954703e-10,-4.28191789340343e-16,-2.85096688578919e-16,7.82715936003712e-09,4.27570648435103e-06,3.43966891140722e-08,-3.15036464532351e-09,7.69705957502703e-06,-1.56999528249473e-16,-1.20126047935952e-16,9.3882560228685e-07,1.66547359132744e-09,-2.89498300203954e-16,6.78978648458638e-05,1.07496824217438e-16,6.32478568370991e-09,-1.08159612724305e-07,-1.44756927781959e-07,-9.60984519660324e-07,-2.56137972315653e-17,-1.68637293965945e-16,3.96608522254637e-16,-9.04263193908785e-17,-7.45003961632072e-10,-2.58474547388422e-09,-1.97921596582062e-16,5.30823334552646e-16,7.46149882330145e-17,3.64051053665653e-09,3.27234440333695e-11,-1.80267711965606e-09,-1.07116401282901e-16,-6.16978798780032e-16,-1.14251869683807e-15,-7.73840631677248e-08,2.36797153167221e-09,-2.44072616698655e-16,4.15445486692289e-10,-1.08674947883435e-08,1.61982207823845e-16,-1.40755234013593e-17,-1.32363551501714e-06,-7.67155882024958e-11,-6.5534460714967e-07,1.9740868751651e-16,4.17921437988759e-09,6.74171120400223e-08,7.22848666121008e-08,-2.69442738474434e-07,-1.59835923489597e-08,2.60017295510991e-10,-2.450906982425e-16,-1.02205179914061e-15,6.62453236126586e-16,4.91768075187342e-09,-4.45210195605048e-09,-1.73765844403907e-07,-1.31214815425215e-09,-8.53659864620133e-16,5.58451638622828e-16,-1.30994420005648e-15,8.52353294564532e-16,-4.25078149423712e-16,6.21675910631385e-09,-9.48839641030578e-17,-5.73868275460231e-18,-1.75713838072593e-06,1.02833372410563e-15,-1.57427243781473e-07,-1.70158202176816e-17,-1.15071623063568e-07,2.98492816991248e-16,-1.38311311544818e-07,-2.92315069925936e-07,-1.51859794345982e-08,1.33225442562561e-16,9.32907332425982e-07,-1.19201816585205e-16,8.25427490161921e-08,-1.28705010445664e-08,7.11539336689615e-11,1.2302842191488e-15,3.87820752443872e-07,1.25104344068104e-15,-2.73732003033079e-08,-1.39582224264968e-08,-1.65719193222516e-15,2.02593314744947e-16,8.5085836723292e-16,-3.22619343068854e-17,-2.07386633313763e-09,-1.03986894619017e-07,-2.29444417674693e-07,1.2455491177207e-15,7.1452215523217e-16,-1.32869230224586e-09,1.08111822754255e-08,4.54167214350507e-16,2.28840065294534e-15,-1.95738388303838e-08,-4.61152786536847e-17,-3.68089522068414e-07,8.76925982052907e-16,2.98740381081046e-08,-1.71823380632481e-16,6.33221303493892e-16,-1.08877688379514e-15,5.81691058397675e-15,1.35122649087159e-15,-7.59273044615222e-16,2.45991444231261e-10,-1.66612838382898e-09,-6.43015104232591e-16,2.33561710079529e-10,-4.84366637179311e-08,4.80140374485752e-15,1.53515473609803e-15,-1.07504874744316e-14,-1.90201890104847e-14,-1.00712195235949e-06,-0.500830781639609,-8.24476250067329e-14,-4.36261714734931e-15,-2.42965781740913e-07,-7.07528622462242e-08,-8.19601850777086e-10,-8.1570477548792e-15,-7.40580898869619e-15,6.28269554285576e-15,4.55058288607381e-15,-3.52690825160096e-15,-1.04365739060945e-15,1.36998103623137e-05,-3.89633563360301e-07,-3.38793909773641e-07,9.20784561220073e-17,-1.07936633449307e-15,1.02532387162967e-15,-5.66535945032357e-16,3.26092221562101e-15,1.88202042861721e-15,-1.90714839594139e-15,-5.77104548670867e-16,4.22898201912857e-16,2.53178287611908e-16,8.62464225164984e-16,2.25128886945695e-15,-1.14174136774757e-15,2.48260602156783e-16,8.64574171491075e-10,-7.18808425252367e-16,3.7536928059798e-16,-1.64394552693164e-16,1.20733033060463e-08,-1.48873486794287e-08,-4.59185778032523e-16,-3.10151693699094e-10,1.08307551463828e-08,1.96618421755716e-16,-1.15918164298435e-15,-2.05777281851193e-08,-1.77950281650574e-16,2.58807780984556e-10,6.06088961717938e-16,-3.59558283230817e-16,-3.07960991696693e-16,-1.31891664241801e-16,2.5483221840542e-08,-3.40891550657564e-08,-1.04278913199049e-15,9.72310606764761e-16,2.71228782668247e-16,-1.8347758419175e-15,-2.26652464158095e-16,3.28236292907965e-16,-2.07051117206853e-16,-8.15729773801752e-17,3.94946273938074e-10,-5.50870047672291e-16,-9.0643838434405e-16,4.14765936861491e-16,-2.84705502113164e-16,2.49463474345538e-15,-5.95178881878977e-16,-8.54422465404298e-08,-2.33668452864402e-16,2.44361874857164e-17,5.775165361647e-09,-9.40775911928547e-16,2.2269495676437e-16,9.69212809338025e-16,6.8228854503661e-16,4.77686997323889e-09,-2.99498502383393e-16,-3.60086459398185e-07,1.1817078277155e-16,-5.33504080970065e-16,1.31354229888262e-15,-1.07997441928752e-15,-2.85252901620947e-17,-1.30613222644162e-16,5.69207275321836e-09,-1.73124731320019e-15,-3.92875088411528e-16,7.17649647838905e-10,-7.09335557140225e-07,-1.42361877301893e-16,1.21962119071329e-07,2.77164236737538e-06,-3.16259031624226e-16,-3.94045607181052e-16,2.46188972911813e-17,-2.57601574502423e-16,1.32428144403781e-16,-4.63028520241782e-06,1.11092945663381e-15,-1.35152764059992e-15,-9.46042675045708e-16,1.87713096006024e-07,5.47547722147813e-16,3.36150611082256e-16,8.04821767002665e-16,1.58898983788591e-15,-0.00044741825318388,4.01357867038237e-16,1.47092775188958e-10,7.13532707228467e-17,9.91511014017093e-16,2.80227751354058e-16,1.59102795566299e-16,1.33053754260659e-16,4.03394403854227e-16,-7.95103828240403e-16,-2.56636674008332e-09,-2.18811474002656e-15,1.28491518128414e-15,1.07885256840417e-09,1.81477103428294e-15,9.11412496371248e-16,-2.39374291478945e-15,-2.0509119169526e-15,3.84899845948936e-16,-4.15848811999829e-16,-7.81756288619261e-09,-3.42645458026572e-15,-2.05979537639452e-15,2.32734849910915e-09,-3.55967368840182e-15,-1.30304712902166e-15,1.04798354564643e-16,-3.90209005102728e-15,-1.6983623183444e-15,2.24063163169931e-15,1.99376393822357e-15,3.99274770975651e-15,7.63396314197951e-15,1.45232956765261e-15,-1.14170264181305e-16,-1.22020703254226e-09,4.04603202862176e-09,-1.67716105574592e-14,-0.70710678118655,1.04594574870593e-13,3.72553256358115e-15,1.23673586562706e-15,-1.62589407598099e-15,-8.67957669360779e-15,6.3061213902094e-15,-3.85561506335367e-09,-5.44394598043061e-16,-4.12315919630326e-15,8.98117435868476e-16,8.17420614822106e-15,4.48811901612242e-10,-8.95409980783266e-15,-7.11699217653711e-11,1.38767575131185e-15,-3.19998267516843e-16,-1.28980009526692e-14,4.23410552953749e-16,-5.76587960790146e-16,-1.15359623666372e-15,1.08444017267561e-15,-2.75248444232324e-15,-3.33458808421902e-16,1.22099828485439e-15,-5.25185106839406e-16,6.82643927793942e-16,1.15778246906006e-16,1.18167798796791e-15,9.23034130547725e-16,-1.05910417505487e-15,1.11539464757849e-16,-1.24653851412325e-15,-3.30562589465862e-16,-9.87565191552707e-16,-4.73620166523137e-16,3.77580010657414e-16,1.178686759265e-15,-4.25442662889642e-16,1.33105292004712e-16,5.73286450093688e-08,-2.88944202404837e-16,1.1116112862743e-15,1.71269748452309e-16,-1.56636953401226e-15,-1.15805743854608e-15,7.51897833284651e-16,5.47726160989436e-16,-2.14412874776272e-16,-5.41599647605907e-16,-1.16903705058385e-16,-2.93073399749988e-16,9.86528971936276e-16,3.29025271709e-16,-2.470389240775e-17,3.19330428368448e-16,-4.70482472754229e-16,-2.2436298743177e-16,-4.43640980884103e-08,-2.70487444419738e-16,2.49138122082197e-16,-4.70456911166523e-16,6.40533004927852e-16,-6.11492879856236e-16,-7.32137686138383e-16,3.70103630719567e-16,-2.62196527756676e-16,4.37580170073579e-16,1.01883268386487e-09,5.45249619590184e-16,2.08923159148657e-16,7.03994912117334e-16,-3.93325088113677e-16,1.20622607945367e-16,-5.64119485421563e-16,-1.20933885953036e-16,-4.95360061755147e-16,1.40765535326258e-16,2.13596053405551e-16,-5.39393171610729e-17,2.22246593843303e-16,1.1243788765441e-16,8.03968788485904e-08,-8.83345704292482e-16,1.03350009374757e-16,2.66541707634233e-16,-6.27265166891489e-16,-1.41348624940178e-09,5.92537106467723e-17,-5.84769316085827e-16,3.7393933143596e-16,5.86118583734824e-16,3.65675781859789e-16,1.13683239434272e-16,-3.48709321327295e-16,-1.23426935734797e-16,-2.99115356363891e-16,-7.81643841055889e-17,1.46294679502412e-16,-1.77426013819138e-16,3.82053593655286e-16,8.69583088173612e-17,-1.15934543801742e-16,-6.89654659892739e-16,-2.24941304970209e-16
"t722",0.0361371257907232,-0.0108452362918617,-0.0118756874324289,0.000709364705786181,0.00665587649353612,-0.0185067875316409,-0.0026200075250346,-5.71892954410809e-06,-0.0564479074295286,-0.0445265808361428,-0.0451225701720953,0.000503841549800271,-0.00104927554007971,-0.000225854469481442,-0.00626167063234676,0.000140812415942023,8.80878211659035e-05,-1.01570591334767e-05,-0.00434256839357687,-0.000787671072665955,1.4252629335647e-06,-7.87513696937083e-05,0.15330106238125,0.00653020688341792,-0.000634447672752287,0.00767153992636334,-0.0829671658979702,-0.000669750987071087,-5.59701378848331e-05,0.00429197032715472,0.0289194033087529,-0.0162095943848632,-7.92645306822232e-06,0.00754237518342438,-0.0100389271815624,-0.00217299327713076,-0.000110412799140724,0.000554064277101719,0.198595929511269,-0.0334432175979971,-0.000791844165052836,0.049457027296209,3.67851970889274e-05,-0.00207426687173716,1.14444531212342e-05,4.35251261294976e-07,-2.47427642087588e-08,-1.20055893427596e-07,0.00019962824235349,-0.000672446842204504,1.1542464198519e-06,-1.95024997858036e-06,2.66003063884666e-06,-1.00987774668626e-06,0.000115393000770449,-9.12743054737646e-05,5.9990085940992e-05,-7.82546567996932e-05,0.000687103532746078,-1.3448755597539e-06,-1.49315457605839e-06,8.84706462760629e-05,-6.18846265286146e-05,4.91091776911281e-05,-0.0294554388857569,-3.12500766320439e-07,-2.36348992822589e-05,8.25588804255629e-05,-2.08455363879591e-05,0.000100163929803234,-1.08030834869408e-06,3.49338220673637e-06,-1.24930967906555e-05,-8.85996694240771e-06,3.7749439695853e-06,3.37867756315991e-06,-3.53610030629277e-05,6.12222051043313e-06,-0.016021533372616,0.000177535196741612,2.30803358289096e-06,0.000266558605569005,-0.00872768816410051,2.27421039981154e-05,8.19141219793196e-05,2.55137298634831e-05,-4.39281330805169e-06,-7.65846782849743e-05,-1.43817072686108e-07,5.84376681248661e-06,-6.10523628247041e-05,4.25751407613075e-08,2.98574565689174e-05,-2.88126904428487e-05,-6.70974166103336e-06,-8.02015265115426e-06,-9.4348049481247e-07,5.30909724330718e-06,-6.08388105233612e-05,-0.00137583875528486,-3.16639707619827e-05,2.1193935131224e-07,-4.49825009577608e-05,7.81898683171423e-05,-0.00167492595701369,2.67525283821057e-06,-0.00081331697214272,1.10218529985361e-06,-0.00211312377899676,3.48723150005634e-07,1.22132338086038e-05,2.8687788993384e-05,-9.05387051171126e-06,1.58442942705755e-05,-1.96679209853743e-05,4.5107911500288e-05,-0.0610448400535432,0.2009308608568,0.000563371290184876,-0.000111605258224327,5.02982080722125e-05,-5.66751789762621e-05,0.000617490300879615,0.000606376944915939,-2.86947691765762e-06,4.78840457327789e-05,-4.8820953606495e-06,9.77283557217816e-05,-5.88398511446446e-05,-0.00203823279116991,-1.4585950529098e-05,4.25980826515658e-05,-3.33055829580958e-06,-0.00038856410506415,7.01823663306512e-08,-4.55869011692202e-05,0.00010075942495486,3.14427024141562e-06,-0.000294492512405336,8.46601287512894e-05,0.00194897066601524,-4.81038752884325e-06,-7.50872992711073e-06,-7.98672638429282e-07,-4.62580873628524e-09,1.10255317294447e-05,6.54459942904062e-07,-0.00146886523151827,-1.89126937059494e-05,1.74570894631888e-07,2.14447685047652e-07,1.07206065941437e-05,1.44892622851312e-07,-3.42102619359619e-05,6.92885976497018e-08,1.19148269926309e-06,-6.85604975333194e-06,-4.54156185840616e-07,-4.47213597003292e-06,-6.62968573811582e-07,-8.72916331268588e-07,1.34698146734982e-07,-0.000226878895675712,-1.71853834891128e-06,1.63615229622156e-06,-1.45970126360066e-06,0.00104907155263429,1.48646150743117e-05,0.000949605891513257,4.61768601270205e-06,-1.35255066127672e-05,-2.55071984729087e-06,1.41442212606719e-06,0.33252898442565,-4.48276243760969e-06,-7.41217205434419e-06,-2.9665370408813e-07,4.68934437126236e-06,0.000139964969322004,1.52026303717248e-05,-6.05352202506813e-05,-1.67579803100131e-05,3.65582039462927e-06,1.56029485234425e-08,5.22528241938004e-07,4.81775961349266e-07,0.00702462814836249,0.000171823909980555,0.000775003933745809,7.94561881569676e-08,-7.38057883049579e-05,-8.12933488272477e-07,-4.02601946343352e-07,-7.54683313817968e-11,-8.10340577486073e-09,1.66508426896798e-06,1.04042868028147e-06,1.58633905582774e-08,-1.65892929944634e-06,-1.8716824203841e-07,-7.53559581078789e-07,-4.25770770495884e-07,0.000559599468919737,-8.83395982667316e-09,-1.01819779470314e-06,-5.64967378953017e-08,1.16901038662639e-06,7.64341537377042e-08,-6.20524962477975e-06,-1.87190135090516e-09,-4.50199970157982e-05,-3.00394878202889e-07,-8.30289979208628e-07,-2.57988292202359e-05,4.13541098063178e-09,-7.67721512109879e-08,2.81051901932856e-08,1.87324202747863e-08,-0.000534216471825045,-3.02934237979321e-06,-1.49230575905526e-06,2.43251101633556e-06,5.84085878036193e-07,2.74767504599689e-06,-1.21790145323351e-05,-7.71089440169837e-07,-7.50565229259326e-05,-1.09364221937248e-06,-0.0271677473942129,6.83134130932761e-05,-2.50877490321438e-06,-3.87653847982764e-07,-9.49340033121152e-06,-3.3152711748048e-06,2.19755317734308e-06,1.84901727618456e-08,6.73760339646397e-06,1.11882455749992e-16,5.01697555848049e-08,-6.86128391536403e-07,1.05827634322296e-07,2.2390027403739e-07,2.58342595331318e-06,-3.54016347099458e-08,3.78152708119403e-07,-1.60416357287431e-07,5.93530523161782e-06,-1.74662547735384e-08,3.27868563090916e-08,-1.15134927869129e-05,7.04360840796389e-09,-7.54514050838278e-07,9.49658948687478e-06,-8.30242502730101e-10,2.10312850034561e-11,4.04710748600489e-10,-3.95580774377826e-09,6.74725579334864e-08,0.000207790772271307,-1.42922705492202e-05,2.61919301069078e-07,-1.02204706144783e-05,9.11244800432836e-06,-9.19454070777628e-07,0.000163225405930982,-0.0858328288625284,-5.9368063821403e-09,-5.05177919318446e-05,-2.39410719947986e-07,-1.5662974462829e-06,-3.84412219211295e-09,1.6674373977058e-06,-8.36570100393019e-08,4.48560234878135e-08,-6.56971794886597e-08,1.19558742074732e-07,-8.0987160728348e-08,5.30532625513742e-09,-7.89076522089376e-07,3.17559931951988e-09,-4.90447708132134e-07,8.42654921744418e-18,9.63692207906475e-07,1.75842217702155e-06,8.91157456526134e-13,5.93082968737471e-09,-6.59575429011923e-09,3.50210782927832e-09,9.14548734860712e-10,-1.05842342296973e-12,-2.20775752883708e-10,1.10586423043398e-08,2.04800370018088e-08,-4.84472715565632e-10,2.86222827355615e-07,-1.02344481673453e-06,3.30713270073043e-08,-1.67048365591344e-05,1.41972692670059e-08,2.49848360449717e-08,3.86415104516882e-10,1.31347239910006e-06,-2.02630165365828e-07,9.12262074620721e-10,-2.92784769534555e-07,3.52504637236825e-08,-1.29048278516172e-07,1.00154191284188e-07,8.95020805500095e-07,4.5720559216604e-08,-1.45934262245813e-08,-9.67007820893261e-08,9.99242900876817e-09,-4.7106804694335e-08,1.32609637449875e-07,5.44485347442674e-07,-4.29218890473728e-05,-1.29969647595159e-17,8.05223231219247e-09,4.42468241671676e-08,-4.42032426441652e-09,2.36263599808979e-06,2.53838706435474e-09,6.26510209608178e-07,2.4682759786308e-05,-1.86458660983395e-07,8.30663085572092e-07,-9.36908555428341e-18,-7.49545910042119e-05,-2.27020100566457e-10,-1.73676676354752e-07,7.45003231903451e-09,1.52901193002832e-07,-1.03072035059302e-07,-1.74241018271647e-06,4.70469816305875e-07,-4.79354153953544e-08,3.07384359030099e-06,-9.95604925367475e-09,-9.55546381803497e-07,-1.27728992640694e-09,-1.87103975542169e-10,-2.670148238022e-06,1.46463079425892e-08,-4.96113587394402e-06,-2.39855759659541e-16,-7.90240659700987e-08,6.24682589843765e-09,1.80042880535364e-10,1.63467003177262e-09,-2.49544873901122e-06,-2.05287273107258e-05,5.17029167795283e-08,-1.9114703806758e-07,-1.114649371804e-07,1.46680595977597e-16,-2.08543858425417e-06,-7.52622379543081e-09,-0.000143513852622184,1.44610638192788e-16,4.30415786443876e-07,5.63645536299502e-08,-8.75142909058347e-09,-6.11511770313394e-06,-1.19105197758363e-06,-1.10616288276249e-06,-2.09161072610134e-07,1.12288137588861e-06,4.7362996458665e-08,2.64372948475304e-09,6.19397180973337e-07,1.87820482367223e-08,-3.53650205827549e-16,-7.58824488977483e-09,2.81522155954097e-07,1.22081118432155e-07,-7.73383321714713e-07,2.11467363921299e-16,-1.60248127429363e-08,2.98891681313452e-09,-3.40963382507979e-07,-4.88328509771539e-09,-1.77528872542994e-06,1.7390552640859e-08,-2.32314784819618e-07,1.27219383273644e-06,-3.63825092318003e-16,4.66421784030728e-06,-2.21395096710418e-08,6.44520417330954e-08,6.95090892839248e-06,-9.13908615552609e-09,-2.12393294205397e-07,-4.18502038579405e-17,1.79976566883941e-17,-1.90708993306715e-07,-1.23953388835857e-08,1.63583894551981e-09,-1.81546802019192e-06,4.3245484093931e-16,-1.05916552289597e-05,-1.80639116691362e-07,1.18888117977068e-16,1.01053587326428e-16,1.88299938943535e-17,2.17714048181103e-06,5.93753049136975e-08,-6.52490680356453e-08,1.98724786096484e-06,2.82248295701663e-07,5.24057902984234e-08,-2.27457458907768e-08,-8.14905645024716e-17,-5.01014607421942e-09,1.40988025839123e-08,-3.482358799397e-16,1.98598265744284e-17,-8.91476095172605e-09,-5.15685679868048e-10,-5.29483958749429e-09,1.33867009382705e-06,5.23068312306362e-09,-2.09733395056434e-07,1.26905170382039e-16,-7.38798214953022e-08,4.74378531391969e-17,-4.09375243510983e-06,-3.28513258263108e-16,-5.84362878258063e-09,-7.30625635107588e-17,2.40631601636974e-08,6.33854946875543e-09,4.81194252132096e-07,3.89160780919692e-07,1.71933786657002e-08,-1.97789719673111e-09,1.25553484577675e-08,4.71875563084882e-09,2.26133571148176e-06,7.53900984349081e-08,4.40213247805439e-09,-1.24188019203641e-08,-2.26856684796818e-06,-3.20798287236422e-06,-5.93778030406353e-09,-2.72652497632271e-16,5.57020068052094e-08,-9.61642860877822e-09,4.99303777499128e-09,1.59420733089526e-16,9.29731806626744e-08,2.65353944525056e-07,8.50216521712836e-08,5.45672999063158e-16,-2.06120854721085e-08,-1.16317804010735e-06,2.07582577332793e-16,-1.44990718156954e-08,3.25339777947447e-08,-5.9795660607341e-17,5.9870274120125e-17,-1.19957233769204e-09,-6.77863003869856e-07,-3.86498979783335e-09,-5.36719692626206e-06,1.50254572335037e-07,3.96830731972686e-09,7.01455419437904e-06,3.54146934475779e-08,-8.89300280830139e-07,8.42560613292798e-16,1.64476880158511e-10,1.20081028111068e-08,3.3178871880436e-08,5.26463333577486e-06,-8.04057360911295e-17,3.08320822879796e-16,4.40543483353378e-07,-1.15096389195577e-16,-6.11604602706779e-16,4.57340902909931e-08,-6.73438129255898e-08,-1.26084300268574e-08,-1.20510306429018e-07,3.2354352134446e-07,8.45236686522632e-08,1.08070621003206e-07,-1.46242531293507e-16,3.0231365916237e-05,2.65105792034585e-08,2.10238553806445e-06,-1.16634555795673e-08,4.61859502882087e-08,3.2597959071681e-16,-3.16910494848204e-16,1.53207274130398e-16,-4.26633241454161e-07,-1.94738101406562e-09,-1.26251599532923e-07,-4.08362898911875e-16,-1.49446665395721e-09,-4.05983508429612e-17,-4.62069918812968e-16,2.45813650355324e-07,-6.15504892145492e-08,1.94831130395645e-16,-5.08591366940959e-07,-6.8639973537769e-09,7.70103061199351e-16,1.55521564793365e-08,1.51510605612946e-16,9.8480832938416e-07,-4.14168073274322e-16,9.83306981447009e-07,4.77590643315589e-08,1.73391590959361e-09,2.90988031318199e-06,1.9973298709436e-05,-5.53330081266742e-09,1.70554009416507e-07,-1.4568821884743e-16,1.01126096934612e-07,-5.70947097670783e-09,-2.46475924777259e-16,-7.52470695444444e-10,-1.53445373035907e-08,3.56720750266152e-09,-2.18479907824178e-16,1.1463499138341e-08,1.51672401363791e-08,-1.62335574235174e-16,-4.21044270226544e-07,-3.19659225979789e-07,-4.36764467918462e-10,1.37028527670438e-16,-3.01585015335768e-16,7.82715931059398e-09,4.27570648473113e-06,3.43966892263583e-08,-3.15036491648878e-09,7.69705957463008e-06,1.55094960121324e-16,-1.42182555942802e-16,9.38825602053863e-07,1.66547326178411e-09,-3.20086117270365e-16,6.78978648451542e-05,1.23275931136016e-16,6.32478574400435e-09,-1.08159613119183e-07,-1.44756927750856e-07,-9.6098451974255e-07,-5.74666189304325e-17,4.48862963048288e-17,1.12217345867378e-15,3.52142871007715e-16,-7.45003636373026e-10,-2.58474560951562e-09,1.36582478438287e-16,6.78980674202501e-16,-2.57276546306131e-16,3.64051059678866e-09,3.27231145951228e-11,-1.80267692386587e-09,4.44033866870743e-17,-1.78898440657792e-15,-1.14344704494826e-15,-7.73840634162497e-08,2.36797147203403e-09,-8.46564715326669e-16,4.15446348232854e-10,-1.08674944189004e-08,4.58806393215466e-16,-3.47840488969184e-16,-1.32363551549639e-06,-7.67153466125779e-11,-6.55344607312236e-07,7.51298531931207e-16,4.17921393870024e-09,6.74171121606499e-08,7.2284866341926e-08,-2.69442738725321e-07,-1.59835924997651e-08,2.60018294264257e-10,-4.99350510351396e-17,-1.1558677581067e-15,7.08719556810258e-16,4.91768127558448e-09,-4.45210143720504e-09,-1.73765844881757e-07,-1.3121480173877e-09,-4.07215903176701e-16,7.28409004290423e-16,-6.23505847359908e-16,7.16711337911566e-16,-7.77931820418731e-16,6.21675929977553e-09,4.30602393595624e-16,-1.18562647564826e-16,-1.75713838016805e-06,7.01666112633574e-16,-1.57427243558328e-07,5.56929299464593e-16,-1.15071623014113e-07,3.03836926729288e-16,-1.38311311935362e-07,-2.92315070104923e-07,-1.51859791539962e-08,-2.08605219773312e-16,9.3290733219824e-07,2.76630841514169e-16,8.25427486980329e-08,-1.2870501161253e-08,7.11534735466086e-11,1.54965980191575e-15,3.8782075239266e-07,-1.43464820311239e-16,-2.7373199707516e-08,-1.39582223524204e-08,-8.68673985139664e-16,3.50938972783569e-16,1.45339152761464e-15,1.61353945410008e-16,-2.07386604408158e-09,-1.03986894987841e-07,-2.29444417108083e-07,1.59398614751968e-15,4.6563581016161e-16,-1.32869155039551e-09,1.08111822549883e-08,1.10970337917201e-15,2.62435923048124e-15,-1.95738384333435e-08,3.86235036380742e-17,-3.68089522540456e-07,1.10702597751161e-15,2.98740382602976e-08,-8.06864862242742e-16,6.76787613853045e-16,-1.22551008073743e-15,5.64958378097334e-15,1.15539400880736e-15,-2.39723363560198e-16,2.45991027886573e-10,-1.66612868028334e-09,-3.74303813357203e-16,2.33561813354998e-10,-4.84366627028067e-08,4.32110957035024e-15,8.67209645202159e-16,-1.13786347018975e-14,-2.01452449022621e-14,-1.00712195224528e-06,-0.500830781639612,-8.2305052338113e-14,-4.43331529885279e-15,-2.42965782806349e-07,-7.07528619705553e-08,-8.19601658771205e-10,-9.00041971074555e-15,-7.45354348812888e-15,5.91035839139764e-15,4.42089704854444e-15,-3.35692643437662e-15,-2.74476673289403e-17,1.3699810362387e-05,-3.89633563699013e-07,-3.3879390951469e-07,6.9350569240498e-16,-3.78580469442217e-16,9.23170453815462e-16,-8.59044180378123e-16,2.86604332876511e-15,1.38540182181981e-15,-2.04312991142515e-15,-6.56405922681312e-16,1.05456662189237e-15,3.46307286373889e-16,2.49316361499336e-16,3.20946286239951e-15,-1.55089461091536e-15,4.42870637311494e-16,8.64572772842418e-10,-5.33596899626819e-16,2.57408070176593e-16,1.86366820318415e-16,1.20733035557908e-08,-1.48873490306613e-08,-1.39897904776548e-15,-3.10152849022741e-10,1.08307545878005e-08,-7.57285605579676e-17,-1.27661242137323e-15,-2.05777273345488e-08,7.74868554025044e-16,2.58807919108494e-10,8.131719524551e-16,-6.98411050275522e-16,5.50132293791663e-17,3.23669791791079e-16,2.54832227718431e-08,-3.40891547071559e-08,-1.9443031558252e-15,6.83509902093812e-16,-5.14008471292797e-16,-5.39154245808368e-16,-1.71476060347592e-15,-1.93911509360558e-16,-2.59878723179191e-16,1.13115411121412e-16,3.94946297004126e-10,-3.9052906707357e-17,-8.04152258303927e-17,-1.23227903194763e-17,-2.89548737424737e-16,-1.25251756273413e-15,-9.44210666256374e-16,-8.54422482447548e-08,-1.23006987353706e-16,2.85030208104216e-16,5.77516349521319e-09,4.26905309442514e-16,1.12961271208199e-15,-8.34935845379583e-16,-9.44005675969186e-16,4.77686914913626e-09,1.58107732679632e-16,-3.60086461436485e-07,4.96594042373211e-16,8.06559056514423e-16,-3.48092534844169e-16,9.16370164344031e-16,1.56190131078468e-15,8.73032607043579e-16,5.69207211602808e-09,5.22440634393807e-16,-2.4597104709384e-16,7.17650387259666e-10,-7.0933555617664e-07,3.49113506478735e-16,1.2196211978014e-07,2.77164236878031e-06,1.76759722222646e-16,-1.98347034414322e-16,1.39511635464292e-16,3.75734485040169e-16,-3.91817782387904e-17,-4.6302852027349e-06,-3.35306602231176e-16,1.60335696029208e-15,8.9470579845043e-16,1.87713093274455e-07,-1.22603928272659e-15,-8.84071628719838e-16,-1.15250369415517e-15,-2.08006465723e-15,-0.000447418253181802,-1.28888904314921e-16,1.47095230127593e-10,-1.61344757965433e-16,-8.11950885652773e-16,-6.88918992306642e-16,-6.84276240611969e-17,-5.97401328084241e-16,-7.34802430294746e-16,2.79304596858693e-16,-2.56636619537979e-09,2.37932693916826e-15,-1.55374423796548e-15,1.07884783186358e-09,-1.49523721461044e-15,-3.72599711525818e-16,2.74797232673296e-15,1.82318418827315e-15,-4.2933540290154e-16,7.5793308856959e-16,-7.8175647734361e-09,3.28707565533812e-15,2.77613953769862e-15,2.32734667073747e-09,4.01590644008071e-15,4.05299882425735e-16,-7.31009461014844e-16,3.93809078013981e-15,1.20636665488041e-15,-2.03001453807107e-15,-1.99677765021145e-15,-4.10091107214853e-15,-7.49553520919067e-15,-1.28154103412685e-15,5.34498404105245e-16,-1.22021276049063e-09,4.04603907810375e-09,1.67488356767485e-14,0.70710678118655,-1.04686561725188e-13,-3.45819788204429e-15,-1.00421515721039e-15,2.25983434691389e-15,9.02310197658425e-15,-4.60420886384411e-15,-3.85561456432081e-09,2.40482821167699e-16,4.02369636357585e-15,-7.07656431345958e-16,-8.27311185525507e-15,4.48812681331474e-10,9.18562400698179e-15,-7.1171563246992e-11,-1.86348510532835e-15,4.76925736870917e-16,8.61930461578659e-15,-3.510660110423e-16,7.58917605563356e-16,8.76831346427446e-16,-1.08378451921553e-15,2.41655775990564e-15,2.86452958335699e-16,-1.15745531774497e-15,2.96089971744488e-16,-5.3571507459462e-16,4.04130735684107e-16,-8.11501186854185e-16,-1.21137532480157e-15,7.89356412339127e-16,2.1912565538214e-16,1.39371304000838e-15,4.69153699996139e-16,1.63145758149785e-15,1.02335132555476e-15,-6.37428067818441e-16,-2.10059113163466e-15,3.30343720582903e-16,-2.82851165968982e-17,5.73286449782237e-08,2.2807256952984e-16,-2.92647367528924e-16,1.04111012116707e-17,1.52760466125145e-15,8.6834304704623e-16,-5.80654149332092e-16,-5.14072048751153e-16,4.46693580441137e-17,8.01107017165181e-16,4.13008091594012e-16,-3.73561858529881e-16,-8.66447471242763e-16,-2.62305354939588e-16,1.1325344112824e-16,-3.55758111153371e-16,4.99767757556439e-16,-1.69338941663906e-17,-4.43640978686663e-08,1.80205773309761e-16,-3.50198792049251e-16,2.5560584258293e-16,-7.86786802374863e-16,7.95643179286725e-16,6.41483216624499e-16,-2.20788237686057e-17,-5.71762136461783e-17,-5.32419099377907e-16,1.01883287957903e-09,4.86850245918216e-17,-1.20350512620433e-17,-8.08649729210744e-16,3.69009231378837e-16,-1.84644604079619e-16,4.3124073549536e-16,-5.52727306790716e-17,4.9385119667349e-16,-6.08923182335743e-16,-1.83061350915774e-17,2.06874485231828e-16,-3.45022275760536e-16,-2.64255332080741e-16,8.03968788565652e-08,1.33499078164469e-15,-2.4870699787988e-16,-5.70457349073377e-16,-1.40241551011e-16,-1.41348634804553e-09,-1.46250540557119e-16,6.94264151252728e-16,-1.90414220318189e-16,-1.88050465711059e-16,-4.51620626597517e-16,2.05021241944878e-17,9.1754879127853e-17,5.61876610254644e-17,1.39846225494359e-16,1.83817669294457e-16,-2.89836060466916e-17,5.07486520392572e-17,-3.71504407388282e-16,-4.05338429938637e-17,2.33269176747274e-16,7.12801946837305e-16,-1.75427312571098e-16
"t726",0.0361091668659325,-0.0108274885266713,-0.0118556203075983,0.000707754291098387,0.00663733607899646,-0.0184461833535003,-0.0026112569716187,-5.69828688577265e-06,-0.0562066159559522,-0.0442949240864634,-0.0448230220808615,0.000499694452121752,-0.00104037774290685,-0.000223909236362537,-0.00620530397408231,0.000139467149745652,8.72253733615154e-05,-1.00557390686358e-05,-0.00429820548894675,-0.000778897887444331,1.40802861734438e-06,-7.75902486255142e-05,0.150906026705819,0.00642756497564718,-0.000624433640537166,0.00754428974406654,-0.0815735726425639,-0.000658393265233112,-5.49937123556459e-05,0.00420239499055847,0.0282721112839336,-0.0158286889383014,-7.72534908566433e-06,0.00734095218013523,-0.00975556696813743,-0.00210614453909786,-0.000106967581134009,0.000536465607946202,0.192239489002825,-0.0323547705575851,-0.000765231099088813,0.0477489014415848,3.54930879860195e-05,-0.00200130508000265,1.10338522916497e-05,4.18482952900088e-07,-2.37690704479319e-08,-1.15284312497348e-07,0.000191472912810119,-0.000644158180097203,1.1037871322375e-06,-1.86347294914363e-06,2.54136672837925e-06,-9.63835586794077e-07,0.000109906435178763,-8.69071747364339e-05,5.67866186794177e-05,-7.39528100707721e-05,0.00064920193595305,-1.26535451791785e-06,-1.4002376985343e-06,8.28265813600432e-05,-5.78570292888833e-05,4.58970191887258e-05,-0.0274567102154901,-2.90595064016496e-07,-2.18577799168741e-05,7.6156749569772e-05,-1.92060157036769e-05,9.20840712526923e-05,-9.8112838000792e-07,3.14092639262751e-06,-1.12145455735192e-05,-7.92635517837364e-06,3.37571047406436e-06,3.01684643453726e-06,-3.15552191429375e-05,5.44708484871947e-06,-0.014156050492336,0.000156409872842513,2.0231044051313e-06,0.000233389843962438,-0.00757748354991207,1.96931254841044e-05,7.01037985228327e-05,2.17622034376048e-05,-3.73399264770339e-06,-6.50619625525156e-05,-1.22160694171648e-07,4.96194924420651e-06,-5.1770199829649e-05,3.56302449495537e-08,2.49557599862886e-05,-2.38747258903321e-05,-5.47229937109093e-06,-6.52469152658291e-06,-7.67466105134841e-07,4.29067516876751e-06,-4.90473165838666e-05,-0.00109861208010821,-2.50791804015683e-05,1.67741017915152e-07,-3.55720880767328e-05,5.93484129771414e-05,-0.00126702701778237,2.01835089967042e-06,-0.000610660300026465,8.26424276451913e-07,-0.00158058440539988,2.59869576138417e-07,9.09018984501746e-06,2.11945193685561e-05,-6.6829878482564e-06,1.14569097972907e-05,-1.41564528650478e-05,3.21329333316649e-05,-0.0432785784471597,0.140536138894221,0.000388691854729986,-7.6178188024938e-05,3.41171854046212e-05,-3.75797052504749e-05,0.000403101085692355,0.000395603750304587,-1.86773906922093e-06,3.06419468173978e-05,-3.11960736538335e-06,6.14911053025995e-05,-3.52754250754179e-05,-0.00122124683328631,-8.70248591553947e-06,2.44932903926714e-05,-1.90036048323897e-06,-0.000220455959754496,3.88707552575083e-08,-2.51612334252898e-05,5.25466198015925e-05,1.55680227786224e-06,-0.000134314673651519,3.85145008206421e-05,0.000872838856194866,-2.13671946138609e-06,-3.29061810132976e-06,-3.48176608706958e-07,-2.01645037398463e-09,4.62086126155062e-06,2.51055222237767e-07,-0.00050600622001823,-6.32092530540269e-06,5.42535545813495e-08,6.62363653836415e-08,3.21187464955453e-06,4.26074531459036e-08,-9.84194050362982e-06,1.56102193933956e-08,2.55703900287605e-07,-1.41862117194603e-06,7.00859178502657e-10,2.88057054681658e-07,4.94474466218094e-08,1.16563932224934e-07,-1.96971270659798e-08,5.23951209912143e-05,4.15700589952212e-07,-5.49186351445676e-07,6.38338230237202e-07,-0.000854662107495773,-1.2350889050101e-05,-0.000793009176934074,-4.15770036927396e-06,1.32805455417206e-05,2.53570382645935e-06,-1.6630985117958e-06,-0.411908682927489,6.2119461617785e-06,1.05581141148497e-05,4.28568364274992e-07,-8.81107024485878e-06,-0.000348924944254011,-3.98711050810991e-05,0.000166750413931206,5.36352479952748e-05,-1.24260570932284e-05,-5.63344456894511e-08,-2.00013127356595e-06,-2.27284226433299e-06,-0.0350320220194428,-0.00152847631693768,-0.00705870968073944,-9.43466939004469e-07,0.00342320204288677,-3.50303114664886e-05,-1.07739022145346e-05,-1.31581430013998e-09,-1.13382826097524e-07,1.51551997713856e-05,8.85109934491916e-06,1.19168448317245e-07,-1.18006437635451e-05,-9.76874868103027e-07,-3.88939188860668e-06,-2.00656080262731e-06,0.00244500438278379,-3.3473904630848e-08,-3.85604062279665e-06,-2.11625044754581e-07,4.2420019159283e-06,2.71709115043416e-07,-2.09931509076014e-05,-6.00836652607208e-09,-0.000139309075789091,-9.19901742100995e-07,-2.43674122403243e-06,-7.41550842612608e-05,1.18804203863756e-08,-2.17278968807448e-07,7.68999349493511e-08,5.09545974576366e-08,-0.00141247875446383,-7.87441941189144e-06,-3.85801413375198e-06,6.16267269327936e-06,1.4733603229551e-06,6.89957550641012e-06,-3.01978760301137e-05,-1.90744546727173e-06,-0.000185562871325408,-2.67308795433909e-06,-0.0660037899046142,0.000164979304069136,-6.04390909689361e-06,-9.31674940923832e-07,-2.27684985824564e-05,-7.94667500837866e-06,5.24267206147972e-06,4.40019887823176e-08,1.59967109661281e-05,2.92055189756975e-16,1.18800743648346e-07,-1.62403019253812e-06,2.49949463690881e-07,5.28467835391115e-07,6.09819034058058e-06,-8.35677561211955e-08,8.94241660062364e-07,-3.79534980698616e-07,1.40460376874214e-05,-4.13902662718757e-08,7.77793827711279e-08,-2.73759198380545e-05,1.67671673115139e-08,-1.79700916529593e-06,2.26861663337408e-05,-2.01886744592689e-09,5.15729547690682e-11,1.00036127858117e-09,-9.98029024868983e-09,1.70508638875854e-07,0.000534356677088214,-3.71594238988415e-05,6.92839603994842e-07,-2.71974127939002e-05,2.44068347254571e-05,-2.48600363612764e-06,0.000447963638847225,-0.235983437257042,-1.7059742019993e-08,-0.000145329008644438,-6.89608690990609e-07,-4.57437459330999e-06,-1.12869807874418e-08,4.9838979657012e-06,-2.50912412897292e-07,1.5509239439092e-07,-2.31796966212863e-07,4.29019737632557e-07,-3.03044589461252e-07,2.06012602926661e-08,-3.37935575677091e-06,1.40563633824075e-08,-2.23219485576647e-06,1.32969751051982e-16,4.89460335980559e-06,9.07815925716172e-06,4.87101456321701e-12,3.81390392887379e-08,-5.10424204660019e-08,3.02518931022025e-08,8.40155470775827e-09,-7.31661424363585e-10,3.20413370477906e-08,-1.20504102193577e-06,-4.07961606645186e-07,2.44486076643046e-09,-1.24476230008399e-06,4.03891970662606e-06,-9.73014663252891e-08,1.88354120757523e-05,-1.06636983637049e-08,-1.83042299648123e-08,-2.8098880088186e-10,-2.12711230425403e-07,-4.05631147954165e-08,2.13653716741369e-10,-8.21135564531096e-08,1.16889621353228e-08,-4.46907574075892e-08,4.54663950470747e-08,4.12703833067328e-07,2.16675519146015e-08,-7.04055647464103e-09,-4.92499073882415e-08,5.36632261910474e-09,-2.64282862742165e-08,7.57250651375344e-08,3.1983558454135e-07,-2.66095979573951e-05,9.66244958202125e-17,6.17671331593301e-09,3.44332939423921e-08,-3.50957078099046e-09,1.8769083468145e-06,2.01773287329645e-09,5.00318100504457e-07,1.98791130256864e-05,-1.51632169519727e-07,6.8806318081182e-07,-1.70965819758546e-16,-6.44146980288421e-05,-1.95901977935316e-10,-1.51152746651883e-07,6.49026797023959e-09,1.3580776885462e-07,-9.24517991609613e-08,-1.58321248758391e-06,4.31053262176784e-07,-4.46518391010462e-08,2.90275286619621e-06,-9.47809333364284e-09,-9.13629106396516e-07,-1.22446781465983e-09,-1.80181689013459e-10,-2.57262125637517e-06,1.41552521611766e-08,-4.80612613047283e-06,-8.09966751540972e-16,-7.78111130292111e-08,6.17007899289469e-09,1.77836392691556e-10,1.62821629626413e-09,-2.48860773203129e-06,-2.07561196351364e-05,5.24640011731589e-08,-1.9409557599083e-07,-1.13477401172363e-07,-3.38837471228749e-17,-2.1291869329101e-06,-7.69214920716616e-09,-0.000147237215717988,1.73934880586449e-16,4.43329249879548e-07,5.81082461842283e-08,-9.02636861641382e-09,-6.31326017322168e-06,-1.23158668487801e-06,-1.14514382471594e-06,-2.16727244105887e-07,1.16654931035225e-06,4.92199180408231e-08,2.75218488074066e-09,6.46736173885741e-07,1.96139856371237e-08,4.14169759411961e-17,-7.96838530900794e-09,2.9589877556396e-07,1.28572246467598e-07,-8.1689941944186e-07,8.86363631039105e-17,-1.70276283923182e-08,3.19554317280643e-09,-3.65481627720074e-07,-5.24059381876918e-09,-1.90782189442246e-06,1.87354193990775e-08,-2.51244204507494e-07,1.38770468540242e-06,-3.78285159698787e-18,5.12160394402859e-06,-2.43237620701576e-08,7.08898120694821e-08,7.65675054752452e-06,-1.00682789883935e-08,-2.34085688297632e-07,-1.06251812903579e-16,5.36622013331095e-17,-2.10680277476588e-07,-1.37202374583439e-08,1.81112121151754e-09,-2.01339221434829e-06,5.82651743119328e-16,-1.17876771973886e-05,-2.01335627432068e-07,-9.66532838387235e-17,1.8353336743009e-16,6.22470702319907e-17,2.43722996118367e-06,6.6503809993834e-08,-7.32136709701625e-08,2.23309353182418e-06,3.17219272493126e-07,5.89880037258886e-08,-2.56070157851526e-08,-1.14357776475758e-16,-5.65683055684717e-09,1.59342821674086e-08,-1.56486145076925e-17,-2.11071331937059e-16,-1.01124013006999e-08,-5.85458436243936e-10,-6.01790062133039e-09,1.52258660981279e-06,5.95743789104179e-09,-2.38925692393602e-07,1.79612494326461e-16,-8.41877920712245e-08,7.17250495655278e-17,-4.66884079939974e-06,-5.35900805068851e-16,-6.66859477746873e-09,1.68608465746746e-16,2.748119573911e-08,7.24001045905764e-09,5.50716742915593e-07,4.45569493412121e-07,1.96889135426251e-08,-2.26664603486864e-09,1.43973517012835e-08,5.4188106091307e-09,2.59685030965417e-06,8.66131928254027e-08,5.0614264304053e-09,-1.42934397396841e-08,-2.61323363153963e-06,-3.69781838441846e-06,-6.84664163560393e-09,-2.05598563787469e-16,6.42913448207087e-08,-1.11096630788003e-08,5.78317869347456e-09,-6.75996700421216e-17,1.07764026141235e-07,3.07899865428873e-07,9.8698581496899e-08,2.36237113523549e-17,-2.39334004223147e-08,-1.35184390368571e-06,-2.29557242195098e-16,-1.68583328358775e-08,3.79276888175191e-08,1.21536241597844e-16,-1.34253186797874e-16,-1.39985890295753e-09,-7.91113943702534e-07,-4.51261663108014e-09,-6.26962526308012e-06,1.75712328789095e-07,4.64110247122827e-09,8.20491945293125e-06,4.14848882428682e-08,-1.04295674633967e-06,1.31450026644858e-15,1.92981171727901e-10,1.4090219261289e-08,3.8942229482365e-08,6.18111008549559e-06,-2.34687700119713e-16,-5.1276098419703e-17,5.17460805725429e-07,1.50210856491143e-16,-3.32374013058978e-16,5.38666312325661e-08,-7.93565402004841e-08,-1.48576582263341e-08,-1.42154988903164e-07,3.81708098524597e-07,9.97217755487553e-08,1.27527326479127e-07,-5.15062853138083e-17,3.57476895692315e-05,3.13618082620785e-08,2.48746852905532e-06,-1.38098414098518e-08,5.47585477066554e-08,-2.55531310436059e-16,1.81731090234666e-16,-1.56281268910432e-16,-5.06806948504915e-07,-2.31530877387013e-09,-1.50114636695848e-07,-3.12176155437911e-16,-1.77841264576192e-09,1.23993593585785e-16,3.21920311510401e-17,2.93613028668311e-07,-7.35227356269245e-08,4.71112948999264e-16,-6.08091542133849e-07,-8.21141778680434e-09,3.09812203974747e-17,1.86264818864598e-08,-1.19125188246419e-17,1.18114884344313e-06,6.33279885038861e-16,1.17949943700622e-06,5.72938034826133e-08,2.08031336379752e-09,3.49175862700448e-06,2.3975805041298e-05,-6.65113178543178e-09,2.05407824681936e-07,1.12836698050432e-16,1.2209853503992e-07,-6.89545013785691e-09,1.56590798595702e-16,-9.09109741691331e-10,-1.85513304761667e-08,4.31537213721525e-09,-6.27949379748212e-17,1.38978405510971e-08,1.83961773752333e-08,9.07018998311517e-18,-5.10981387684647e-07,-3.88053906216974e-07,-5.30801124327218e-10,1.8044068971898e-16,1.51330857479099e-16,9.53823000317234e-09,5.21667785092881e-06,4.19770083218823e-08,-3.86640522223083e-09,9.45579832929886e-06,1.35266895582132e-16,-5.01398350087888e-16,1.15413814168962e-06,2.04761773524292e-09,4.25352976240826e-17,8.35762829249655e-05,-2.05407832310092e-17,7.7944092670172e-09,-1.33512816055181e-07,-1.78710185200542e-07,-1.1869498711483e-06,-1.26506797680064e-16,-1.0327537250425e-17,-7.85588760787275e-17,2.05799112115396e-17,-9.24320201865381e-10,-3.20811424558338e-09,-2.19874121238024e-16,1.69875271751071e-16,2.18270126361616e-16,4.5249407561964e-09,4.0699038298513e-11,-2.24596431438048e-09,-4.10455961435246e-17,-6.61468357301617e-16,-4.60108296948536e-17,-9.70371363817034e-08,2.97006495348558e-09,1.47366069139377e-16,5.22523918428426e-10,-1.36843462473857e-08,3.75505770707903e-16,1.90905010673818e-16,-1.6714618993441e-06,-9.68975885344039e-11,-8.29201597628828e-07,2.96615457041134e-17,5.30413599126252e-09,8.57149106228264e-08,9.21391796962367e-08,-3.44720898066918e-07,-2.04703094698729e-08,3.3367033255732e-10,-1.14581045679052e-16,-2.22773361840195e-16,-4.97418990799155e-16,6.3919624020433e-09,-5.78807645566911e-09,-2.26327269394104e-07,-1.72668136199316e-09,5.36797298407395e-16,-2.45934467307617e-16,-4.11031565496117e-16,4.15893332759296e-16,-5.63652878764412e-16,8.28578471235489e-09,-2.1835813780986e-16,-2.00697899917552e-16,-2.35533366707389e-06,2.83960192716772e-16,-2.11088283829279e-07,-4.10160843400892e-17,-1.5437813005739e-07,-8.3062576345282e-17,-1.87648599046343e-07,-3.97750489233757e-07,-2.0760685835235e-08,-3.85676173003643e-18,1.28328036517835e-06,-8.49283860986628e-17,1.15301127504233e-07,-1.84319328425369e-08,1.02027156586256e-10,1.47104299773405e-16,5.63004196588766e-07,-4.65759331040198e-17,-4.06629210417415e-08,-2.07610734390989e-08,-5.09924968817685e-16,1.63804895430463e-16,-9.77496494505416e-17,-1.84785879822181e-16,-3.157734725082e-09,-1.59447175285286e-07,-3.54869466053447e-07,-6.60484547994018e-17,-2.30492624497584e-16,-2.16227035550057e-09,1.76416529934845e-08,-3.97055640520048e-16,2.40681353582262e-16,-3.53647893643496e-08,-2.67889794569681e-16,-6.86019927957484e-07,-5.44548146179699e-16,6.30637021244394e-08,-2.42777754030348e-16,-4.45435474742178e-16,-2.68269806005679e-18,2.58109556816485e-16,-1.4782387033808e-17,-6.81875238025163e-17,1.22151634436398e-09,-8.5437522569683e-09,-2.16272044737606e-17,-5.68919902343509e-09,2.39338950226717e-07,-1.17384112023347e-15,9.28134671421322e-17,1.1500196844645e-16,-8.87971380557656e-16,2.21758317126323e-07,0.000352943170893562,-2.82931723780543e-16,7.14472188826765e-17,-4.30215657997204e-08,-1.39044127851955e-08,-2.10823813746714e-10,-1.23363232995921e-16,-2.32840462191249e-18,-3.56355244792247e-17,4.0666307699131e-16,2.54042625660626e-16,6.82937346809733e-16,1.00972416463328e-05,-2.95916014387101e-07,-2.6425238461835e-07,-1.84948390407829e-16,4.14238136699135e-16,-7.76160463604653e-16,-5.66433252759142e-16,-4.13240169164223e-16,-2.53664344282991e-16,4.8612768274434e-16,5.05286139653333e-16,1.1598452575949e-16,9.50872378641803e-17,7.0678129468151e-17,-3.81818152228003e-16,1.49784391372776e-16,3.94936970131544e-17,8.50259616418248e-10,-2.00644321682946e-16,1.07375493088782e-17,1.09619713066031e-16,1.20723184948532e-08,-1.49399945922734e-08,6.91654788922746e-17,-3.1193007584121e-10,1.10888899273862e-08,-2.29644920489744e-16,-3.88816018538328e-16,-2.14920758586124e-08,3.52280406204307e-16,2.76267310735132e-10,3.70328881498009e-16,3.71377360124745e-17,1.50595581106735e-16,-2.56946067640286e-16,2.80441720573342e-08,-3.75880928287369e-08,-2.85145114142964e-16,-4.87065530632816e-16,-2.11678301088236e-16,3.37325244361227e-16,2.56196973358325e-16,2.329070577719e-16,-4.04680462470736e-16,-2.50907229537797e-16,4.7997737836334e-10,5.24815565350208e-16,4.08749309631259e-17,-4.43773797272275e-16,1.12352178468627e-15,-1.41703051093129e-15,2.89117776580144e-16,-1.06384156316603e-07,2.47594281604473e-16,-1.66760872070805e-16,7.22517239549959e-09,-7.47429838953543e-16,6.39524403624548e-16,1.88967558965067e-16,-5.99038449943351e-16,6.40063931819388e-09,2.52544087102947e-16,-4.90196447704309e-07,-1.77083592456182e-15,-2.58221195671011e-16,-1.8132171588494e-15,6.82590341451265e-16,2.29494944804462e-16,4.60476704690516e-15,8.04699331794255e-09,6.49867824408187e-16,-1.50118658539818e-15,1.05137907854438e-09,-1.04127297746211e-06,9.82383329401966e-17,1.85913864563991e-07,4.2822749377822e-06,-4.56486531194531e-16,1.58102338980871e-16,3.20110141622488e-16,4.62731994529276e-16,1.95543670646371e-15,-1.10019117671729e-05,2.51753470026101e-16,-9.79053364657332e-15,-2.04368887822951e-15,6.3241000093721e-07,-3.08105969839638e-15,9.45406807293871e-15,-1.13439573281018e-14,-3.1853862471253e-14,-0.40626577581918,-3.10251098529556e-14,-9.526106691783e-10,-3.47619019800449e-15,-2.08811436474517e-14,-4.57081223293288e-15,2.49391904852927e-15,1.82461208791977e-15,-3.4265206211391e-15,1.69006823470407e-15,3.04136808424992e-10,-3.631058601588e-15,3.5553404908644e-17,9.5123896453907e-11,3.87603431704836e-15,1.73635646381667e-15,1.74503067801341e-15,2.80309674632887e-15,2.26542043700587e-15,3.59482368070446e-15,-3.42005087985864e-09,4.31176709634214e-15,7.64190688316283e-16,1.22321075656183e-09,-1.45246269091824e-15,4.04390529464283e-15,1.19886765293037e-15,-8.61799955584943e-16,-1.71018577198422e-15,3.78366786590886e-15,3.62925234410682e-16,-8.51890119559224e-16,2.13010340380294e-15,2.3592246470761e-15,6.59806429114364e-15,-8.71377091329202e-10,2.94858665040643e-09,1.45355724409709e-14,4.67660308970062e-15,1.72030647666837e-14,0.707106781186545,-3.02184086130655e-14,-4.73802714672248e-14,5.43205254417555e-15,7.4196477294153e-14,-3.04701491778909e-09,-5.02230109907799e-15,-2.7427115341219e-15,1.14333567680468e-14,-7.9601377435574e-15,3.71961356793027e-10,-2.60115485791534e-15,-6.13806357212195e-11,-6.97129290395718e-16,2.1042503072174e-15,-1.88875358613212e-15,-9.84158246883147e-18,-7.97642780346845e-16,-4.07985656934725e-15,4.40639555256601e-16,-1.4878032982426e-16,5.59518922812859e-16,3.88936470286514e-16,1.01875245627393e-15,-4.87240978763908e-16,3.49359207251248e-15,-4.10597657063515e-17,-3.47830400686403e-16,4.43359634323837e-16,-4.55620307803599e-16,-1.41332665925436e-16,-1.41799240387613e-16,-8.3191926803193e-16,-3.81449429334713e-16,2.32721331246857e-16,4.87987198341987e-16,9.42891793217866e-16,-6.97168465198607e-17,5.38395228574327e-08,-7.18132568100159e-16,-2.92317316804542e-16,-9.19283911954142e-16,1.82284996723297e-15,-1.59803915835977e-15,5.16589422883305e-17,-6.86829555393805e-16,-4.93454280040789e-16,3.38783228990414e-16,1.13238056576344e-15,1.9383637490239e-15,1.28420628989008e-15,1.02359130756463e-16,-6.75251146147536e-17,-3.74933887483499e-18,1.84211124875067e-16,5.43525554912153e-16,-4.30201742078354e-08,2.61590179394387e-16,4.28353697732696e-16,8.05446704661654e-17,-2.03475389803643e-16,-2.15891512632058e-16,1.03114825243005e-15,-2.48513608731402e-16,5.56166037568713e-19,-2.34700388075414e-16,1.01110988059555e-09,6.96452404673785e-16,2.22301325291495e-16,-3.06737730919008e-17,-3.77051393381852e-16,-2.85716313133699e-16,-1.85150253558942e-16,5.53951599242054e-17,4.32702628121444e-16,1.8030210065426e-16,-2.31607218577586e-16,-4.19219039752468e-16,-5.28064482240741e-16,-3.33840426888209e-16,8.11736947834199e-08,-7.3179539545942e-17,2.19788556401796e-16,-3.07062142000896e-16,-4.71167159107888e-16,-1.43660138786704e-09,-6.26154519763902e-17,4.1849126343009e-16,-1.06370915187155e-16,1.60936683648543e-16,-1.41936523175615e-16,-1.23025470039172e-17,-2.76861442461067e-16,-8.55914428412321e-17,-2.94351337407336e-17,-8.589681061608e-17,6.36194224423742e-17,-1.05181599086022e-16,-2.22675426477797e-17,-5.94301500099691e-17,3.30437150015729e-17,1.03051178415576e-15,-2.48910999096963e-16
"t727",0.0361091668659325,-0.0108274885266713,-0.0118556203075983,0.000707754291098386,0.00663733607899646,-0.0184461833535003,-0.00261125697161871,-5.6982868857719e-06,-0.0562066159559522,-0.0442949240864634,-0.0448230220808614,0.000499694452121754,-0.00104037774290685,-0.000223909236362538,-0.00620530397408232,0.000139467149745652,8.72253733615196e-05,-1.00557390686424e-05,-0.00429820548894675,-0.000778897887444342,1.40802861734352e-06,-7.75902486255202e-05,0.150906026705819,0.00642756497564718,-0.000624433640537202,0.00754428974406656,-0.0815735726425639,-0.000658393265233137,-5.49937123556485e-05,0.00420239499055848,0.0282721112839336,-0.0158286889383014,-7.72534908567149e-06,0.00734095218013524,-0.00975556696813743,-0.00210614453909781,-0.000106967581133991,0.000536465607946125,0.192239489002825,-0.032354770557585,-0.000765231099088827,0.0477489014415848,3.54930879859863e-05,-0.00200130508000263,1.10338522916721e-05,4.18482952927071e-07,-2.37690704814998e-08,-1.15284312481101e-07,0.000191472912810097,-0.000644158180097247,1.10378713221575e-06,-1.86347294913486e-06,2.5413667283918e-06,-9.63835586802859e-07,0.000109906435178764,-8.69071747363396e-05,5.67866186794537e-05,-7.39528100708073e-05,0.000649201935952993,-1.26535451791015e-06,-1.40023769850955e-06,8.2826581360063e-05,-5.78570292889387e-05,4.58970191887258e-05,-0.0274567102154902,-2.90595064042503e-07,-2.18577799168688e-05,7.61567495697857e-05,-1.92060157037042e-05,9.20840712527095e-05,-9.81128380005162e-07,3.14092639258406e-06,-1.12145455735005e-05,-7.92635517831177e-06,3.37571047407052e-06,3.01684643452569e-06,-3.15552191429436e-05,5.44708484872036e-06,-0.0141560504923361,0.000156409872842498,2.02310440515863e-06,0.000233389843962562,-0.00757748354991207,1.96931254840193e-05,7.01037985228298e-05,2.17622034375202e-05,-3.73399264762478e-06,-6.50619625525061e-05,-1.22160694167168e-07,4.961949244245e-06,-5.17701998296334e-05,3.56302449729725e-08,2.49557599862563e-05,-2.38747258904471e-05,-5.47229937108196e-06,-6.52469152655036e-06,-7.67466105143953e-07,4.29067516868889e-06,-4.90473165838102e-05,-0.00109861208010821,-2.50791804015333e-05,1.67741017926141e-07,-3.55720880767424e-05,5.93484129771708e-05,-0.00126702701778238,2.01835089967904e-06,-0.000610660300026498,8.26424276461842e-07,-0.0015805844053999,2.59869576158989e-07,9.09018984501814e-06,2.11945193685338e-05,-6.68298784825285e-06,1.14569097972516e-05,-1.41564528650627e-05,3.21329333317066e-05,-0.0432785784471597,0.140536138894221,0.00038869185472997,-7.61781880249548e-05,3.41171854046602e-05,-3.75797052504932e-05,0.000403101085692358,0.000395603750304603,-1.86773906926163e-06,3.06419468174176e-05,-3.11960736539549e-06,6.14911053026078e-05,-3.52754250754135e-05,-0.00122124683328626,-8.7024859155181e-06,2.44932903926967e-05,-1.90036048323067e-06,-0.000220455959754494,3.88707552356853e-08,-2.51612334252499e-05,5.25466198015615e-05,1.55680227786447e-06,-0.000134314673651525,3.85145008206541e-05,0.000872838856194923,-2.13671946137989e-06,-3.2906181013235e-06,-3.48176608735325e-07,-2.01645045548318e-09,4.62086126159597e-06,2.51055222241036e-07,-0.000506006220018249,-6.32092530542486e-06,5.42535545762224e-08,6.6236365421819e-08,3.2118746495821e-06,4.26074530984524e-08,-9.84194050364156e-06,1.56102193923644e-08,2.55703900282923e-07,-1.41862117196133e-06,7.00859153447846e-10,2.88057054686727e-07,4.94474466355243e-08,1.16563932204759e-07,-1.96971270626694e-08,5.23951209912216e-05,4.15700589872532e-07,-5.49186351379668e-07,6.38338230236038e-07,-0.000854662107495782,-1.23508890500892e-05,-0.000793009176934073,-4.1577003693017e-06,1.32805455417919e-05,2.53570382646242e-06,-1.66309851195503e-06,-0.411908682927488,6.21194616176121e-06,1.0558114114881e-05,4.28568364344578e-07,-8.81107024482967e-06,-0.000348924944253942,-3.98711050808597e-05,0.000166750413931159,5.36352479952027e-05,-1.24260570931159e-05,-5.63344457110359e-08,-2.00013127357909e-06,-2.2728422644976e-06,-0.0350320220194425,-0.00152847631693775,-0.00705870968073936,-9.43466939238702e-07,0.00342320204288663,-3.50303114665707e-05,-1.077390221452e-05,-1.31581432312946e-09,-1.13382826119209e-07,1.51551997712971e-05,8.85109934489157e-06,1.19168448484735e-07,-1.18006437635796e-05,-9.76874868191009e-07,-3.88939188848165e-06,-2.00656080267752e-06,0.00244500438278394,-3.34739046443021e-08,-3.85604062279313e-06,-2.11625044750864e-07,4.24200191588923e-06,2.71709114762282e-07,-2.09931509075542e-05,-6.00836658547325e-09,-0.000139309075789048,-9.19901742175504e-07,-2.43674122393502e-06,-7.41550842609279e-05,1.18804204062021e-08,-2.17278968892466e-07,7.68999349288712e-08,5.09545974401948e-08,-0.001412478754464,-7.87441941182343e-06,-3.85801413377565e-06,6.16267269316397e-06,1.47336032296945e-06,6.89957550636181e-06,-3.01978760301861e-05,-1.90744546739404e-06,-0.000185562871325465,-2.67308795409185e-06,-0.066003789904614,0.000164979304069032,-6.04390909688567e-06,-9.31674941006687e-07,-2.27684985824199e-05,-7.94667500874145e-06,5.24267206146232e-06,4.40019889191447e-08,1.59967109662658e-05,3.5384328494319e-16,1.18800743700124e-07,-1.62403019252013e-06,2.49949463698392e-07,5.28467835422448e-07,6.09819034058922e-06,-8.35677561735405e-08,8.9424166004653e-07,-3.79534980906048e-07,1.40460376877365e-05,-4.13902662489695e-08,7.7779382777496e-08,-2.73759198382056e-05,1.6767167279069e-08,-1.79700916530518e-06,2.26861663335444e-05,-2.01886731105009e-09,5.15729923637786e-11,1.00036124813047e-09,-9.98029016916604e-09,1.70508638910413e-07,0.00053435667708854,-3.71594238988927e-05,6.92839603882496e-07,-2.71974127937985e-05,2.44068347255264e-05,-2.48600363604316e-06,0.000447963638847197,-0.235983437257041,-1.70597420701694e-08,-0.000145329008644584,-6.89608691208386e-07,-4.57437459329241e-06,-1.12869808830386e-08,4.98389796556137e-06,-2.50912412955007e-07,1.55092394409738e-07,-2.31796966156502e-07,4.29019737847362e-07,-3.03044589500017e-07,2.06012602643231e-08,-3.37935575681215e-06,1.40563634283902e-08,-2.23219485571088e-06,-1.44309858880581e-17,4.89460335971671e-06,9.07815925725396e-06,4.87107567016314e-12,3.81390393463337e-08,-5.10424204355631e-08,3.02518929499289e-08,8.40155450864426e-09,-7.31660943020527e-10,3.20413373125203e-08,-1.20504102204105e-06,-4.0796160652114e-07,2.44486075705738e-09,-1.24476230010054e-06,4.03891970639899e-06,-9.73014663169631e-08,1.88354120757662e-05,-1.06636985289644e-08,-1.83042299593153e-08,-2.80988913539894e-10,-2.12711230458098e-07,-4.0563114789396e-08,2.13653830308196e-10,-8.21135564265556e-08,1.16889619695896e-08,-4.46907575213165e-08,4.54663947857217e-08,4.12703832991474e-07,2.16675517383625e-08,-7.04055636360692e-09,-4.92499075278546e-08,5.36632277624915e-09,-2.64282863116731e-08,7.57250650577567e-08,3.19835584322398e-07,-2.66095979573084e-05,-3.63307499310945e-17,6.17671338137813e-09,3.44332939133866e-08,-3.50957069121852e-09,1.87690834657649e-06,2.01773282006845e-09,5.00318100369808e-07,1.98791130257819e-05,-1.51632169542536e-07,6.88063180549261e-07,-2.37571664259555e-17,-6.44146980290272e-05,-1.95901739428978e-10,-1.51152746854638e-07,6.49026790344661e-09,1.35807769034007e-07,-9.24517991463984e-08,-1.58321248756787e-06,4.31053262051022e-07,-4.46518390980452e-08,2.90275286612817e-06,-9.4780929933243e-09,-9.13629106654924e-07,-1.22446766937047e-09,-1.80181743975733e-10,-2.57262125654846e-06,1.41552520094313e-08,-4.80612613072296e-06,-6.77204013559069e-16,-7.78111132623767e-08,6.17007919200842e-09,1.77836381935887e-10,1.62821608803656e-09,-2.48860773226159e-06,-2.07561196346973e-05,5.24640013014812e-08,-1.94095576111189e-07,-1.13477401052581e-07,2.8737886229045e-16,-2.12918693250695e-06,-7.69214913653481e-09,-0.000147237215718083,-1.60803146073411e-17,4.43329249940048e-07,5.81082460186532e-08,-9.02636845385474e-09,-6.31326017331436e-06,-1.23158668463607e-06,-1.1451438248329e-06,-2.1672724403214e-07,1.16654931023911e-06,4.92199176631247e-08,2.75218492421496e-09,6.46736173948392e-07,1.96139855852072e-08,6.36341985388805e-17,-7.96838553374093e-09,2.95898775765721e-07,1.28572246343193e-07,-8.16899419437488e-07,4.93462882047294e-17,-1.70276284859032e-08,3.19554320619986e-09,-3.65481627387821e-07,-5.24059390065748e-09,-1.9078218946809e-06,1.87354194867323e-08,-2.51244204299341e-07,1.38770468562125e-06,8.66725781633398e-17,5.12160394385895e-06,-2.432376242871e-08,7.0889811783416e-08,7.65675054743999e-06,-1.00682789396538e-08,-2.34085688272953e-07,6.85215773010839e-17,-2.04033011305791e-17,-2.10680277520422e-07,-1.37202374826267e-08,1.81112100491384e-09,-2.01339221428254e-06,7.09737077455343e-16,-1.17876771972645e-05,-2.01335627517264e-07,-2.57929855766827e-17,1.22501006016698e-16,-1.03302911761817e-16,2.43722996119549e-06,6.65038096445249e-08,-7.32136709088516e-08,2.23309353169413e-06,3.17219272562211e-07,5.89880037399498e-08,-2.56070157495922e-08,-2.29319946372046e-16,-5.65683049969648e-09,1.59342823511143e-08,-1.54399160408603e-16,2.10108275622388e-17,-1.01124013386882e-08,-5.85458968328379e-10,-6.01790066874371e-09,1.52258660973457e-06,5.95743809880451e-09,-2.38925692631293e-07,2.83045381581554e-16,-8.41877923002576e-08,-2.48990288684848e-16,-4.66884079927935e-06,-2.3404536772173e-16,-6.66859454895692e-09,-6.62795572529516e-17,2.74811960354193e-08,7.24001045644932e-09,5.50716742722869e-07,4.45569493066841e-07,1.96889134926038e-08,-2.26664625692577e-09,1.43973516921838e-08,5.41881038242025e-09,2.59685030946843e-06,8.66131928921525e-08,5.06142669411168e-09,-1.42934398976396e-08,-2.61323363161178e-06,-3.69781838479619e-06,-6.84664161655953e-09,1.42395816024913e-16,6.42913450953952e-08,-1.11096631469567e-08,5.78317887478838e-09,9.62991613599847e-17,1.07764025814777e-07,3.07899865618649e-07,9.86985812813978e-08,8.24957832980361e-16,-2.39334004469073e-08,-1.35184390383263e-06,2.61838158314224e-16,-1.68583327271034e-08,3.79276888128758e-08,-2.25623974422287e-16,-6.12572956171012e-17,-1.39985920896267e-09,-7.91113943399225e-07,-4.51261649395348e-09,-6.26962526270283e-06,1.7571232878905e-07,4.641102310117e-09,8.20491945341033e-06,4.14848882793992e-08,-1.04295674638545e-06,1.4013042028832e-15,1.92981199146454e-10,1.4090219095456e-08,3.89422297985633e-08,6.18111008572464e-06,7.11238612374883e-17,2.27949887274766e-16,5.17460805680406e-07,-1.84240756126147e-17,1.16011361589396e-16,5.38666307162969e-08,-7.93565406042571e-08,-1.48576577614056e-08,-1.42154988733888e-07,3.8170809847562e-07,9.97217754505052e-08,1.2752732637526e-07,-7.06534779292469e-17,3.5747689569476e-05,3.13618077607736e-08,2.48746852896004e-06,-1.38098414691452e-08,5.47585476839457e-08,1.92722311310757e-16,-2.42572712833283e-16,2.92387987043914e-16,-5.06806948544331e-07,-2.31530853300633e-09,-1.5011463672666e-07,3.163060633058e-16,-1.77841287972443e-09,-4.24314398907455e-17,-1.04288207063664e-16,2.93613028799612e-07,-7.35227356777957e-08,-3.39626330531084e-17,-6.0809154167132e-07,-8.21141724155978e-09,-1.75613503569747e-16,1.86264818441762e-08,1.56890826590173e-16,1.18114884364647e-06,-6.24958196802053e-16,1.17949943711652e-06,5.72938032886504e-08,2.08031351549286e-09,3.49175862668881e-06,2.39758050408636e-05,-6.65113125878736e-09,2.05407824716336e-07,-8.64426024777322e-17,1.22098534684097e-07,-6.89545013994455e-09,-1.13275669456013e-16,-9.09109875717333e-10,-1.85513302600515e-08,4.31537180084419e-09,-1.61154932077901e-16,1.38978403255934e-08,1.83961771696158e-08,7.35148223508615e-17,-5.10981387994024e-07,-3.88053906133736e-07,-5.30801066019209e-10,1.12733673468927e-16,4.34711922260064e-17,9.5382303007148e-09,5.21667785091966e-06,4.19770088673541e-08,-3.86640533733965e-09,9.45579832902952e-06,2.61771209856438e-16,3.53938322119562e-16,1.15413814142628e-06,2.04761778710529e-09,-4.02608563127783e-16,8.35762829253246e-05,7.55813327257107e-17,7.79440899388029e-09,-1.33512815999224e-07,-1.78710184921878e-07,-1.18694987111391e-06,8.18412868305643e-17,-1.14783587945202e-16,-3.36824829374414e-16,-1.80000517883444e-17,-9.24319922332734e-10,-3.20811441537161e-09,7.37223188649769e-17,-2.05549526884246e-16,-3.13806692280489e-16,4.52494046292012e-09,4.06983889186149e-11,-2.24596489764418e-09,7.07385951768125e-18,-1.86394682240992e-16,-3.29123121985131e-17,-9.70371362031636e-08,2.97006505409304e-09,-4.33314915801463e-16,5.22523750872115e-10,-1.36843467264417e-08,-1.95895473999083e-16,-1.74323935799657e-16,-1.67146189927891e-06,-9.68973615939498e-11,-8.29201597288328e-07,7.02220261147665e-17,5.30413597513509e-09,8.57149104519766e-08,9.213917945077e-08,-3.44720898383542e-07,-2.04703088316034e-08,3.3366998403398e-10,3.42439112318283e-16,3.78874584778509e-16,4.73977616448346e-16,6.39196369702446e-09,-5.78807615885572e-09,-2.26327269018365e-07,-1.72668106784363e-09,-2.73559122230797e-16,-1.67686859345325e-16,-1.16680904214113e-16,-3.04059358844594e-16,9.79139884800806e-16,8.28578457607138e-09,6.69216142986958e-17,2.23477693932116e-16,-2.35533366712932e-06,1.33449482914381e-16,-2.11088283841802e-07,7.1967448708625e-17,-1.5437812956898e-07,9.04320663054832e-17,-1.87648599494462e-07,-3.9775048820873e-07,-2.07606859660018e-08,-6.52753607186418e-17,1.28328036526481e-06,2.18425429317286e-16,1.15301126891939e-07,-1.84319326767092e-08,1.02026594254768e-10,3.34814793261319e-16,5.6300419620895e-07,-6.56821729684154e-17,-4.06629207696885e-08,-2.07610741054463e-08,5.74947354637563e-16,-1.81320688799513e-16,-5.32015904945329e-16,6.66310666010485e-17,-3.15773373887952e-09,-1.59447175913888e-07,-3.54869466063351e-07,7.24340593078204e-17,3.19802528247727e-16,-2.16227007940222e-09,1.76416531850088e-08,-8.61086878001433e-17,-2.9027302826361e-16,-3.53647896130484e-08,9.7254185196207e-17,-6.86019928911527e-07,4.51205742111262e-16,6.30637020163055e-08,1.44455114586672e-16,-4.70008756239629e-16,-1.20838790725222e-16,7.01914115577099e-16,-1.53399009022683e-16,1.02056829780746e-15,1.22151606681787e-09,-8.54375235114397e-09,-4.43298225709703e-17,-5.68919957374998e-09,2.39338950808236e-07,-6.63096300809822e-16,-1.34295157150422e-16,-3.53003549911251e-16,4.68654321275587e-16,2.21758316891424e-07,0.000352943170893593,5.98163551054284e-16,-4.26365214555956e-17,-4.30215649221613e-08,-1.39044122414684e-08,-2.10824217332531e-10,-4.13428595127858e-16,-2.34597373281705e-17,2.30433590929133e-17,-2.62644377494117e-16,1.42286557098545e-16,-7.35199455959058e-16,1.00972416465186e-05,-2.95916014809073e-07,-2.64252384551147e-07,1.52608294227833e-16,6.61335572514633e-16,4.08153945366506e-16,5.81666008276416e-16,5.00024850027782e-16,3.96205962843945e-16,-8.93251546638685e-17,-3.07709381273652e-16,-8.84567024606251e-17,-1.72980223284583e-16,4.57916733612128e-16,1.73717971147641e-16,1.65707663021715e-17,-2.64322447238562e-16,8.50261088169237e-10,6.76772071707175e-16,-2.04368128043006e-16,-1.30394860514824e-16,1.20723181400495e-08,-1.493999526527e-08,1.06300395820518e-18,-3.11931571174911e-10,1.10888903012204e-08,-9.2775033788868e-17,-4.31442952327763e-17,-2.14920755485445e-08,-3.65429431275293e-16,2.7626716173868e-10,-6.6158286874797e-17,1.80035801456106e-16,2.13623938342835e-16,-4.36101723368997e-16,2.80441716480394e-08,-3.75880925576328e-08,-8.18574046446134e-17,-1.50896434109786e-16,2.55583522154229e-16,1.39783608558751e-16,1.09492222146595e-15,-2.25407902629371e-16,1.90883790696646e-16,6.39552084955832e-17,4.79977616183444e-10,-1.09372614075026e-16,-8.65017151130344e-17,2.1815815575569e-16,-1.66128869746061e-16,5.57771234464412e-16,7.83759793032791e-17,-1.06384155949099e-07,-1.68807827181381e-16,8.66919961170975e-16,7.22517264245384e-09,-9.29913728598049e-16,-9.24720003769525e-18,4.84325883402298e-17,1.12858626276696e-15,6.40063996725208e-09,-2.62270903983303e-16,-4.90196445168184e-07,-2.05256848922998e-15,5.38915724711572e-16,-1.51629451390278e-15,9.23862170762495e-16,-1.05573734108897e-15,1.25277641845095e-16,8.04699242111889e-09,-1.08926898455085e-15,-1.2753571042016e-15,1.05137752293602e-09,-1.0412729783363e-06,7.47768284849174e-17,1.85913863249098e-07,4.28227493674672e-06,-3.42155050180502e-16,1.77226234021355e-15,2.89035391983871e-15,-5.38941808001838e-16,1.53100212247321e-15,-1.10019117686115e-05,3.27710177806722e-15,-3.72198303662883e-15,-1.4149537407515e-15,6.32409999895514e-07,-2.14456660786088e-15,8.1991718155512e-15,-1.01233528041556e-14,-2.74063160518773e-14,-0.406265775819174,-2.68942757630384e-14,-9.52612952652053e-10,-3.55768490664703e-15,-1.74241107961014e-14,-2.33843785786733e-15,1.52405995722916e-15,5.0564523306189e-16,2.10969308673854e-15,1.49590069658949e-15,3.04138146167467e-10,2.10549575821672e-15,5.02677897004568e-15,9.51283015810047e-11,-9.33828314234017e-16,-3.12866174232168e-15,2.88859692318397e-15,-1.60167874298192e-15,-1.64628988379793e-15,-2.42692635199907e-15,-3.42004916740209e-09,-3.61002096356306e-15,-3.89375666582004e-15,1.22321401700196e-09,1.35580741758736e-15,-2.72498195717002e-15,9.09941956959562e-17,-3.42993429291813e-15,1.77764180883911e-15,-6.39852096260166e-16,-4.77267302247621e-16,1.29090597321881e-16,1.38189239496549e-16,-2.2326272107715e-15,-6.25730597857656e-15,-8.71378556330409e-10,2.94858182744203e-09,-1.47230673247864e-14,-3.72139966569758e-15,-1.73119655920444e-14,-0.707106781186551,2.78719240612638e-14,4.70217474562923e-14,-4.82787006334716e-15,-7.34819623139652e-14,-3.04699920892782e-09,6.5792854877563e-15,2.37404380581729e-15,-1.11366186371241e-14,9.1966445424466e-15,3.71961681581888e-10,3.48071929635361e-15,-6.1381878217367e-11,8.94366471719829e-16,-1.82172796851402e-15,1.84328099414831e-15,1.27888777660969e-16,1.00555632529772e-15,3.38780008762099e-15,-1.36698093971362e-15,-2.99850348184121e-16,-1.007098925363e-15,-5.46304642493798e-16,-1.84452027444908e-16,4.64541375302267e-16,-3.12123911373794e-15,-8.14463722346041e-17,2.385614704895e-16,-2.33273298148642e-15,4.12966565143469e-16,7.68324170068664e-16,1.56305744359021e-17,1.47545264826778e-15,3.87453198864851e-16,8.62094652833592e-17,7.35944235189421e-16,-9.78999280584792e-16,4.05039925920865e-17,5.3839522022996e-08,-6.12818127920699e-16,-1.90734487293895e-15,7.05849815720738e-16,-2.06472739558402e-15,1.93332024013598e-15,-3.00863001947479e-17,6.88041686134682e-16,3.0470262253772e-16,-4.78682728035377e-16,-6.25721967128847e-16,-1.83444297079116e-15,-1.62551626841646e-15,-1.88062068899068e-16,-3.18243995596395e-16,-2.56993031952791e-16,-4.04794880260925e-16,-3.25430006872773e-16,-4.30201743744214e-08,-1.49179511846858e-16,-6.5840482447953e-16,8.70089744375186e-17,-3.83266516632962e-16,4.95795203223964e-16,-6.80972254407271e-16,2.09617288334362e-16,4.35419890554478e-16,4.66028219609392e-16,1.01110960239583e-09,-2.86702125336069e-16,-1.73065178948312e-16,-2.66189226626036e-18,4.4359023386952e-16,3.31746468010774e-16,-4.14071491533192e-18,-7.13213407424419e-17,-5.27935279889424e-16,-1.2417987787103e-16,2.16967408902806e-16,2.88827733100609e-16,7.45950145658411e-16,2.39724022268951e-16,8.11736947375217e-08,1.01151608228049e-16,-5.49129370956067e-16,1.98006982406866e-16,-1.55284856154236e-16,-1.43660138053345e-09,5.56027310801206e-19,-2.91707148056552e-16,1.46386476674402e-17,-1.92988681855138e-16,-2.54184316431893e-16,-2.10734729625968e-16,2.13254089331644e-16,3.4388261639287e-17,-1.96090674971507e-17,-2.01783780981281e-16,-2.79381026227059e-17,1.48690486894124e-16,3.64363777736496e-16,6.3132800421763e-17,5.27174284586649e-17,-1.06178898597334e-15,-2.79938922322072e-16
"t663",0.0361080761415136,-0.0108267999465521,-0.0118548420040083,0.000707692060424432,0.00663662195702249,-0.0184438562419387,-0.00261092110098448,-5.69749590467255e-06,-0.0561974086723458,-0.0442861355236357,-0.0448117586787276,0.000499540037400279,-0.00104004694391601,-0.000223836976005924,-0.00620321507524036,0.0001394174628946,8.71935651741977e-05,-1.00520064464976e-05,-0.0042965735498036,-0.000778576954328889,1.40740178265616e-06,-7.75486814055407e-05,0.150820731864625,0.00642391162235031,-0.000624077347855597,0.00753978367567277,-0.0815242848229587,-0.000657991952335361,-5.49593099904932e-05,0.00419930125918386,0.0282499489328868,-0.0158157302774266,-7.71857980105605e-06,0.0073342230101306,-0.00974618081112573,-0.00210396122787452,-0.000106855331681258,0.000535893988641016,0.192033303719738,-0.0323195688260284,-0.000764375395638921,0.0476942567236088,3.54518840979145e-05,-0.00199897903001873,1.1020811989822e-05,4.17957949569808e-07,-2.37387194268854e-08,-1.15135888452924e-07,0.000191220725623964,-0.00064328902627279,1.10225020255674e-06,-1.86084060368192e-06,2.53776926776099e-06,-9.62446898370925e-07,0.000109742626449976,-8.67769901487356e-05,5.66938009085815e-05,-7.38291548922644e-05,0.000648113504534826,-1.26311579403785e-06,-1.39766164638065e-06,8.2671302937858e-05,-5.7746917030445e-05,4.58093400274739e-05,-0.0274027967945207,-2.90010527733929e-07,-2.18114947320578e-05,7.59918445652568e-05,-1.91640031231706e-05,9.18789617825997e-05,-9.78735799779561e-07,3.13276095588024e-06,-1.11851128571328e-05,-7.90514598676712e-06,3.36665610307476e-06,3.00868769248702e-06,-3.14696027300983e-05,5.43206934713104e-06,-0.0141156376448824,0.00015595714281518,2.01711128905488e-06,0.000232695032607096,-0.0075541104241109,1.96317426232552e-05,6.98755458395279e-05,2.16905218638062e-05,-3.72155019550107e-06,-6.48447580556862e-05,-1.2175267155115e-07,4.94535586330531e-06,-5.15963170226827e-05,3.55056547885575e-08,2.48681797537016e-05,-2.37889046961623e-05,-5.45182596559519e-06,-6.50013669685247e-06,-7.6457705438366e-07,4.27428271163924e-06,-4.88589107025559e-05,-0.00109430559506515,-2.49792655739397e-05,1.6707178652609e-07,-3.54299390366601e-05,5.90941460124373e-05,-0.00126157130946037,2.00962607951549e-06,-0.000608002286055207,8.22820200825771e-07,-0.00157366799491041,2.5872659761203e-07,9.05014227159435e-06,2.11002257709548e-05,-6.6532208936681e-06,1.14045741318141e-05,-1.40914419797354e-05,3.19836611688477e-05,-0.0430764983511358,0.139870740718282,0.000386827069798322,-7.58091034307644e-05,3.39509686073191e-05,-3.73931294617053e-05,0.000401075587323298,0.000393615016259422,-1.85833367668836e-06,3.04857559376095e-05,-3.10368985475401e-06,6.11740977210581e-05,-3.50882377063611e-05,-0.0012147642879878,-8.65618514392218e-06,2.43604980284618e-05,-1.89001987325267e-06,-0.000219253209342208,3.86564035320106e-08,-2.50222774424262e-05,5.22499087725922e-05,1.54785634500043e-06,-0.000133524598507757,3.82878003600611e-05,0.000867680940660884,-2.12406750547399e-06,-3.2710709559768e-06,-3.46105812197759e-07,-2.00445684122358e-09,4.59313702477256e-06,2.49522874518621e-07,-0.000502864380909558,-6.28151199896272e-06,5.39121215920193e-08,6.58192156800813e-08,3.19157569195396e-06,4.23376216756746e-08,-9.77946637612466e-06,1.55090137943801e-08,2.5404055915068e-07,-1.40937134673551e-06,6.96045740009593e-10,2.86054381045929e-07,4.91030303648348e-08,1.15743694373023e-07,-1.95582334832404e-08,5.20208520848796e-05,4.12726523344867e-07,-5.4520813934005e-07,6.33659063302124e-07,-0.000848183508957792,-1.22571566751024e-05,-0.000786989140126722,-4.12599585256526e-06,1.31787446092615e-05,2.51625201351202e-06,-1.65020922446871e-06,-0.408706110568496,6.16331584292695e-06,1.04753207825005e-05,4.25204778618219e-07,-8.74081968607256e-06,-0.000346098077064457,-3.95471998899137e-05,0.000165392242530213,5.31950423224841e-05,-1.23237724838343e-05,-5.58694033232943e-08,-1.98357567008761e-06,-2.25385975613617e-06,-0.03473879036429,-0.00151543795895857,-0.00699845941994324,-9.35363387232008e-07,0.00339329507977995,-3.47199777531552e-05,-1.06780004557204e-05,-1.30401906085546e-09,-1.12361099056098e-07,1.50165113377905e-05,8.76983257718837e-06,1.18066646083448e-07,-1.16911585709505e-05,-9.6756959010222e-07,-3.85229794178356e-06,-1.9872134585647e-06,0.00242117763231805,-3.31394258303133e-08,-3.81750581343228e-06,-2.09505376522716e-07,4.19921780190417e-06,2.68955559656566e-07,-2.0777707208723e-05,-5.94575108193710e-09,-0.000137839500473956,-9.1016143006796e-07,-2.41050691386042e-06,-7.3349404943872e-05,1.1751311044995e-08,-2.14901022735301e-07,7.60433439705017e-08,5.03851058251563e-08,-0.00139641038395639,-7.78375313792834e-06,-3.81340869583981e-06,6.09020897359432e-06,1.45596684355655e-06,6.81776988464578e-06,-2.98351064898277e-05,-1.88447089269252e-06,-0.000183326387863833,-2.64041333485106e-06,-0.0651901314364352,0.000162926456886993,-5.9683872882672e-06,-9.19982546631694e-07,-2.24815977395908e-05,-7.84642610622991e-06,5.17583594523749e-06,4.34373734063932e-08,1.57900065661371e-05,1.46226915745872e-16,1.17250276213256e-07,-1.60279299225613e-06,2.46636218502674e-07,5.21389796552534e-07,6.01582122476652e-06,-8.24384247847815e-08,8.81968137149629e-07,-3.74312366409217e-07,1.38525265671332e-05,-4.08167985084274e-08,7.66976257285007e-08,-2.69925297915548e-05,1.65316303357009e-08,-1.77173389117836e-06,2.23648853443734e-05,-1.98945711450514e-09,5.08144646559029e-11,9.85524112163267e-10,-9.82965484890499e-09,1.67931928815844e-07,0.00052618375942572,-3.6587261068827e-05,6.82070042383182e-07,-2.67733748283845e-05,2.40251018942374e-05,-2.44695147871565e-06,0.000440881251494168,-0.232249765088845,-1.67854269308491e-08,-0.000142991305148399,-6.78511341400859e-07,-4.50044192207646e-06,-1.11042619024391e-08,4.90280192506468e-06,-2.46825782195758e-07,1.52488447123942e-07,-2.27892305679887e-07,4.21773928487029e-07,-2.97895733518053e-07,2.02495662331991e-08,-3.32104577913064e-06,1.38130738202143e-08,-2.19346541082765e-06,-1.83117365244394e-16,4.80896829007614e-06,8.91915546346481e-06,4.78521577506508e-12,3.74630067334744e-08,-5.01311690885501e-08,2.97099804728506e-08,8.25080315737167e-09,-7.18249652409499e-10,3.14532026445532e-08,-1.18291375927838e-06,-4.00423894193126e-07,2.39889228914397e-09,-1.22128793551316e-06,3.96259291921684e-06,-9.54500458534568e-08,1.84676401538763e-05,-1.04532430445718e-08,-1.79427603524674e-08,-2.75438962776677e-10,-2.08398587527829e-07,-3.97159387220297e-08,2.09174457165112e-10,-8.03826984304064e-08,1.14409363222655e-08,-4.37405505975942e-08,4.4483288071469e-08,4.03768798807816e-07,2.11973647927611e-08,-6.88753484568678e-09,-4.81739415611157e-08,5.24841359336261e-09,-2.58445399863837e-08,7.40486169669066e-08,3.12727336931359e-07,-2.60133133875451e-05,6.5027761044796e-17,6.03131127357265e-09,3.3618799927683e-08,-3.42595532897157e-09,1.83218162451529e-06,1.9696394826215e-09,4.88371891123482e-07,1.94028834145845e-05,-1.47985357539552e-07,6.71383310327608e-07,3.15364424897973e-17,-6.28247910698446e-05,-1.91055965422877e-10,-1.47395850559668e-07,6.32886127330085e-09,1.32390730070367e-07,-9.0110709846513e-08,-1.54276004765953e-06,4.19971559300105e-07,-4.34886581409731e-08,2.82622121051396e-06,-9.2262889802022e-09,-8.89252732380186e-07,-1.19171121908568e-09,-1.75339011722114e-10,-2.50343943879608e-06,1.37733289780358e-08,-4.67611781931229e-06,-3.8663418459276e-18,-7.56657653218536e-08,5.99929442243546e-09,1.7291378463168e-10,1.58264264714053e-09,-2.41883681635982e-06,-2.01623001213512e-05,5.09544391269891e-08,-1.88504518703135e-07,-1.1019467325478e-07,2.29368610940691e-16,-2.06729404081314e-06,-7.46814519543156e-09,-0.000142920682953945,6.52332575813668e-17,4.3023809137235e-07,5.63894418103785e-08,-8.75913960828233e-09,-6.12601451012094e-06,-1.19494784402135e-06,-1.11099896237145e-06,-2.1025356400998e-07,1.13152064586452e-06,4.77410424047418e-08,2.66919351489225e-09,6.27110466200281e-07,1.90185923317915e-08,-1.12039516001069e-17,-7.72350934632842e-09,2.86786164119035e-07,1.24594139977291e-07,-7.91444965439158e-07,-3.75737548531432e-17,-1.64889816629601e-08,3.09274882329016e-09,-3.53636679101885e-07,-5.07016113267447e-09,-1.84551895570538e-06,1.81188877991349e-08,-2.42874028582191e-07,1.34006970142379e-06,-5.0231521122704e-17,4.94120425913641e-06,-2.34650951566926e-08,6.83756976137806e-08,7.3834647440017e-06,-9.7087450242159e-09,-2.25711561764999e-07,7.11236625150491e-17,7.2290874584375e-18,-2.03065502030598e-07,-1.32199140633845e-08,1.74500371539726e-09,-1.93930784792784e-06,6.2974530735332e-16,-1.13464510804371e-05,-1.93742464346353e-07,4.44470080842258e-17,-9.16576120695881e-17,-3.46809205980894e-17,2.34314730463723e-06,6.39290577265836e-08,-7.03503978613754e-08,2.14501596548627e-06,3.04695119151912e-07,5.66380690119655e-08,-2.4585842331485e-08,6.78335950089577e-17,-5.42714594534805e-09,1.52832216912646e-08,2.43830057750077e-16,-9.6413193432058e-17,-9.68903191004482e-09,-5.60805104867544e-10,-5.76251624368173e-09,1.45763721644539e-06,5.70079580775605e-09,-2.28616636976571e-07,-1.83262369735682e-16,-8.05474347767749e-08,9.21420595873214e-17,-4.46569907293253e-06,1.89240712943767e-16,-6.37711929715362e-09,-6.80740567612469e-17,2.62730780337653e-08,6.92135724716477e-09,5.26104186658977e-07,4.25591496661967e-07,1.88049272108878e-08,-2.16427871884063e-09,1.37438292774011e-08,5.16993937601361e-09,2.47757172893287e-06,8.26205785602262e-08,4.82657620126317e-09,-1.36244130720445e-08,-2.49002057794458e-06,-3.52246614217579e-06,-6.52105695646169e-09,2.22032662277365e-17,6.12073861608614e-08,-1.05722976744076e-08,5.49683590822847e-09,2.52272990886184e-17,1.02392329234485e-07,2.92396211514468e-07,9.37074146182624e-08,6.95355052759492e-16,-2.27204167422882e-08,-1.28272846044424e-06,-1.72123814790225e-16,-1.5992710474818e-08,3.59295161997015e-08,-7.54862135480685e-17,1.19576140559399e-16,-1.32536751969774e-09,-7.48978126604074e-07,-4.27125715959644e-09,-5.93263404016278e-06,1.66162107917608e-07,4.38860980560176e-09,7.7579341672211e-06,3.91912125605066e-08,-9.84592904893353e-07,-2.06147490570963e-16,1.82132714590184e-10,1.3297510757565e-08,3.67453324009669e-08,5.83125309923766e-06,8.22440205150329e-17,-2.11847062303819e-16,4.88039114482231e-07,5.07282839256856e-17,-3.84958756348084e-16,5.07153777395567e-08,-7.46911494605668e-08,-1.39840821894938e-08,-1.33706089571853e-07,3.58988281005794e-07,9.37843328894613e-08,1.19918968183141e-07,2.2230901052911e-17,3.3568456428747e-05,2.94410863529019e-08,2.3348930762999e-06,-1.29562953856706e-08,5.13264157624253e-08,-4.30917679091774e-17,-6.77159452114204e-17,-2.08265417954754e-16,-4.74389590588657e-07,-2.16589495801613e-09,-1.40420758113548e-07,-1.68569606385631e-17,-1.66257762120759e-09,-1.66756720106811e-16,1.2664267901743e-16,2.73740899745992e-07,-6.85441899028884e-08,-4.42625536917207e-17,-5.66519051163227e-07,-7.64688477476661e-09,-9.46256684480617e-16,1.73310507216179e-08,-8.23640799427384e-18,1.09784068124438e-06,1.02515931935973e-16,1.09620191286541e-06,5.32436667650825e-08,1.9330907505613e-09,3.24426481341782e-06,2.2270452894852e-05,-6.17173923811210e-09,1.9032226597913e-07,5.89424814771894e-17,1.12915320282046e-07,-6.37549742370639e-09,-1.05675209129676e-16,-8.40322149902259e-10,-1.71388067267787e-08,3.98491780303442e-09,1.22879967498423e-16,1.28124793282823e-08,1.69538514436172e-08,-7.93582622035016e-17,-4.70707605894015e-07,-3.5738919660057e-07,-4.88446801105202e-10,-1.40833574378483e-16,-3.08134758921662e-16,8.75916190403542e-09,4.7862550403297e-06,3.8506292802586e-08,-3.53187349898427e-09,8.63142890733093e-06,-2.64355980353313e-16,1.18531112451698e-16,1.05298751753853e-06,1.86804109691174e-09,4.3507733485558e-16,7.61807091781856e-05,-8.24917922839216e-17,7.09864668446187e-09,-1.2144993168527e-07,-1.62549754009153e-07,-1.07925016349367e-06,-7.97360518693546e-17,1.82481490436128e-16,2.45018952089468e-16,-5.83082188716632e-17,-8.37796039704596e-10,-2.90702526307869e-09,1.10720261634469e-16,-5.45530376587344e-17,3.00581180650398e-17,4.09622509188726e-09,3.68265959450195e-11,-2.02986143585035e-09,-8.19523448454558e-18,1.85530708634793e-16,3.54561215457072e-16,-8.73249578631851e-08,2.6723869367953e-09,2.053581359558e-16,4.69317063339569e-10,-1.22818662106741e-08,-1.2343130867895e-16,6.85261023900302e-19,-1.49749285753069e-06,-8.67997368976073e-11,-7.41989932844432e-07,-2.37505398577567e-16,4.73750551392179e-09,7.64781085776148e-08,8.20875177015517e-08,-3.06469037478076e-07,-1.81883093050768e-08,2.96147657415593e-10,-2.67596448843328e-16,-2.08873690464244e-16,2.70586837717815e-16,5.63538053718939e-09,-5.10241801090166e-09,-1.99335185653784e-07,-1.51346393133613e-09,-5.12329227333322e-17,3.61252797449614e-16,4.35851767628372e-16,-6.15753854266367e-17,-3.94687341463326e-16,7.22313591126954e-09,4.23167182325113e-18,-4.3373378359754e-17,-2.04861776151758e-06,-4.21309979235844e-16,-1.83577392042026e-07,4.25559077691142e-17,-1.34230332889465e-07,-4.45208544396174e-17,-1.62484318579647e-07,-3.44058429165538e-07,-1.79296038253201e-08,8.32964908567216e-17,1.10605295957408e-06,-1.74529190283225e-16,9.8919262638399e-08,-1.5710894086894e-08,8.69388718839672e-11,-2.78675571719165e-16,4.7840679488907e-07,7.66461441679164e-18,-3.43927594751216e-08,-1.7555622306392e-08,1.13711987924672e-17,-2.9644736560309e-17,3.07418464807351e-16,6.41569743919996e-17,-2.65938077630515e-09,-1.3413477204461e-07,-2.98144699368148e-07,8.64686092159696e-17,-3.56543542616959e-17,-1.80481794866157e-09,1.47208111712796e-08,3.01157173962359e-16,1.6719355395895e-16,-2.92479642859559e-08,1.61218982460427e-16,-5.66219231406466e-07,1.66702002751989e-16,5.17341516990037e-08,1.61441824153815e-16,4.57787220430796e-16,1.23300285122859e-16,-8.2674779894263e-16,9.01032755096591e-17,-1.02997608821693e-15,9.88441304117664e-10,-6.91220837963934e-09,6.91771985783942e-17,-4.5786517509385e-09,1.92181281248556e-07,1.79578394290541e-15,-6.11339841723574e-17,4.43077727049136e-16,2.47861308400572e-16,1.76223427466351e-07,0.000279751202302204,-2.13422742501407e-16,-3.56922092183369e-17,-3.4000011009367e-08,-1.09844216412554e-08,-1.66330693570567e-10,4.88438682235943e-16,3.7147810454191e-17,2.6875512100691e-17,-3.29056267851154e-16,-1.8012427417315e-16,5.69258557040008e-17,7.77949943628291e-06,-2.27428337527589e-07,-2.0258572979353e-07,-1.56145530876515e-17,-1.09550499260666e-15,3.43828589138374e-16,-3.3080347949801e-17,-3.17931105770485e-17,-7.09473282262601e-17,-3.19731798425676e-16,-2.03919901462809e-16,-2.61167358600805e-17,5.65383126200896e-17,-2.82032178214666e-16,2.77185364289806e-16,-9.3871642273303e-17,2.20273635004048e-16,6.19495129748971e-10,-4.94494008699493e-16,1.14800814584544e-16,6.14399432412315e-17,8.7231815776386e-09,-1.0773968571687e-08,-4.95298890301904e-17,-2.2467117886178e-10,7.89909754632383e-09,2.77950633385718e-16,1.02039998703777e-15,-1.50837504359726e-08,6.48379009769944e-18,1.90026937004333e-10,-3.42730033125049e-16,-1.63349975387211e-16,-3.23685937254469e-16,4.7123569961409e-16,1.85896284955865e-08,-2.48467758644646e-08,5.12113317128794e-16,6.35033351927003e-16,1.06350747688232e-17,-8.66458952496564e-16,-1.24357989184087e-15,3.71453712192292e-17,1.83118351105263e-16,2.2220802332549e-16,2.52931555677625e-10,-4.78542865613885e-16,3.65505054374615e-17,2.03234871758829e-16,-1.01810938970089e-15,1.00059180257074e-15,-4.72749211007737e-16,-5.13415111528074e-08,-5.89616628781259e-18,-7.50897024359951e-16,3.42110698649954e-09,1.82926978929179e-15,-7.4455220455256e-16,-2.24865023929926e-16,-5.41879920755724e-16,2.14970458849065e-09,-1.60254141046493e-17,-1.4858521765377e-07,4.23554082913739e-15,-3.17959802808674e-16,3.3813035061477e-15,-1.6767285594464e-15,8.12378771218742e-16,-4.93259283692585e-15,1.81083172171683e-09,6.19946793308891e-17,2.82142574285882e-15,1.59789483924006e-10,-1.54031531447903e-07,-1.11763795628009e-16,1.34059138840646e-08,1.94578930925374e-07,9.01867035859214e-16,-2.08564297559167e-15,-3.16131572164049e-15,6.6093384037234e-17,-3.53116756567148e-15,7.31710701439449e-06,-3.66329325186372e-15,1.33003343975837e-14,3.56355188178307e-15,-6.71661215755315e-07,5.36821733863533e-15,-1.75952977584241e-14,2.15714034050885e-14,5.965723574341e-14,0.818468684044827,5.84744737141136e-14,2.39779486563496e-09,7.0725180246316e-15,3.85255928833639e-14,6.92828244500968e-15,-3.92045133136169e-15,-2.37052674226349e-15,1.26682594592811e-15,-3.27532575553729e-15,-8.93471889643051e-09,1.5061253899593e-15,-5.17294258952897e-15,3.30881618851415e-09,-3.04037595582531e-15,1.47110758279814e-15,-4.77132973877075e-15,-1.18526071560188e-15,-5.73003672802842e-16,-1.19065058048465e-15,-1.85270275174486e-08,-7.02931400130165e-16,3.25419519645696e-15,5.10966548488999e-09,2.57689373907818e-17,-1.23806472620114e-15,-1.17468728046965e-15,4.44581741250106e-15,1.13853100494515e-16,-3.05558334557781e-15,1.11263080651473e-16,6.6937563344192e-16,-2.23784228928804e-15,-9.7243755738574e-17,-3.04770851963554e-16,-2.22878408515119e-09,7.27608336623854e-09,2.32825713256231e-16,-1.3646791875235e-15,1.15055104576157e-16,3.84947608727711e-15,2.20053738685805e-15,6.57076827099989e-16,-5.34356252922807e-16,-1.06293196748107e-15,-6.48023554786470e-09,-1.69003294628864e-15,4.07425290731306e-16,-3.26321217306765e-16,-1.30847876445254e-15,7.21821786549953e-10,-9.34193707916664e-16,-1.10023963383163e-10,-2.23064097527166e-16,-3.62732486659153e-16,2.15095501055099e-16,-5.56289461942741e-17,-1.56300383218168e-16,8.37654255451932e-16,1.00358136458047e-15,5.79540655814787e-16,4.55907552764211e-16,1.80518021912458e-16,-6.80665624126612e-16,5.78217737630165e-17,1.72297640975473e-16,1.26414845732765e-16,6.13251175971408e-17,2.02519426506594e-15,6.96517343525563e-17,-6.2855697442609e-16,3.91083958222246e-17,-6.58796324867008e-16,-1.44361519266445e-16,-2.95694832831953e-16,-1.18801834951197e-15,9.71761099456493e-17,1.56286653671068e-17,8.07841572672864e-08,1.21979956208582e-15,2.48668902753962e-15,2.52398233235708e-16,-1.56951990187019e-16,-2.65728239314656e-16,-4.70490658985817e-17,-3.59097899468958e-17,2.11438051754556e-16,1.23279821140647e-16,-4.68663751554559e-16,3.76990647900366e-16,3.83990864711608e-16,9.06558645760092e-17,3.48087859939507e-16,1.89904502828114e-16,2.35266681711491e-16,-1.9611088190584e-16,-6.02336863554458e-08,-1.70887093654692e-16,1.67343257589491e-16,-2.43241408058978e-16,6.03440334071597e-16,-1.64020020200595e-16,-4.22662408239789e-16,9.71646218307888e-17,-6.72614162168811e-16,-1.79582968986948e-16,1.3460564036337e-09,5.40040305883672e-18,-5.49345604251318e-17,-6.50292855375641e-18,-5.90257085029631e-19,1.8373372737574e-17,1.13794802192614e-16,-1.07581948308527e-16,2.45127764311234e-16,-1.52679107907073e-17,-2.12855975103564e-16,1.99693144259994e-16,-1.47472501880517e-16,1.23680906841414e-16,1.04083538882199e-07,8.4623166076279e-17,1.39546058591643e-16,5.7099202852009e-18,-4.37855047358271e-16,-1.81581246558155e-09,6.80304059918278e-17,-4.73066088438882e-17,-9.73210703400612e-17,2.50174541419502e-17,4.91287114162548e-16,2.37754094401076e-16,6.22304484125637e-16,1.70759059448179e-16,6.0773141016824e-17,3.2366243556085e-16,-1.43112058203793e-16,7.22152984134251e-17,-3.97711702352646e-16,-3.84668078190247e-17,-1.12102366372643e-16,2.00104972298511e-16,-1.39216582350789e-16
"t83",0.0360508552838739,-0.0107906167666975,-0.011813939946317,0.000704418072996969,0.00659901520563275,-0.0183211947112039,-0.0025932152787589,-5.65577741327855e-06,-0.055711191218446,-0.0438212345180815,-0.0442143781479434,0.000491326750324274,-0.00102244397529074,-0.000219990837952228,-0.0060919539851311,0.000136768397231396,8.54969927588158e-05,-9.85285242821271e-06,-0.00420946452846796,-0.000761418566444356,1.37383295514771e-06,-7.53124848695195e-05,0.146225290389926,0.00622704794645433,-0.000604876122232309,0.00729661640044384,-0.0788635656385741,-0.000636321931118621,-5.31001504021612e-05,0.00403117022755149,0.0270425899587707,-0.0151085147986096,-7.3480584752476e-06,0.00696513314792995,-0.0092301526958864,-0.00198346616484196,-0.000100656302388996,0.000504299670178543,0.180632974508056,-0.0303716491393844,-0.000716950011859106,0.0446615803259079,3.31631888871522e-05,-0.0018697679729985,1.02956909611596e-05,3.88653687579531e-07,-2.20426256228429e-08,-1.06836984410032e-07,0.000177098182219673,-0.00059453395057475,1.01584071184157e-06,-1.7126871672042e-06,2.33526574548579e-06,-8.84172654275141e-07,0.00010048521368681,-7.94168646797102e-05,5.14080779173866e-05,-6.67731969877965e-05,0.000585991028281503,-1.13470467411731e-06,-1.24934080634278e-06,7.37139753217629e-05,-5.13852646669964e-05,4.07417801730831e-05,-0.0242777894471559,-2.56040496059875e-07,-1.91060611646155e-05,6.63276765828183e-05,-1.66988882668081e-05,7.98175946356139e-05,-8.36388078233024e-07,2.64256132663008e-06,-9.41569887808306e-06,-6.62642274184835e-06,2.82056111151e-06,2.51599434343489e-06,-2.6296785693884e-05,4.52262602808152e-06,-0.0116542679278769,0.000128320867211706,1.64984832481472e-06,0.000190080535963664,-0.00611168818653417,1.58365337208464e-05,5.56487826996496e-05,1.72127858211607e-05,-2.94256259341258e-06,-5.12412374232311e-05,-9.61957848170973e-08,3.90576530693535e-06,-4.06930670320943e-05,2.76295570522059e-08,1.9327574163299e-05,-1.83320867911962e-05,-4.13861263239124e-06,-4.92304303150869e-06,-5.79009254827751e-07,3.21781616577719e-06,-3.67012198547333e-05,-0.000815087738522395,-1.84758980471117e-05,1.23497013854678e-07,-2.61707661719209e-05,4.22362743618674e-05,-0.000899373849138856,1.42979118421281e-06,-0.000431026808436382,5.82729372165945e-07,-0.00111249612305826,1.82408603278904e-07,6.37490062451836e-06,1.47841677747603e-05,-4.6586980982873e-06,7.87266714794259e-06,-9.69741760844467e-06,2.18605380062367e-05,-0.0293514087021768,0.094489196407238,0.000259133448935671,-5.04586693539042e-05,2.25146849981447e-05,-2.44790290517732e-05,0.000260332259840887,0.000255405700190594,-1.2043293037382e-06,1.95814208296792e-05,-1.99205130574939e-06,3.89584173381333e-05,-2.18392823338375e-05,-0.000755884431509996,-5.37603311429151e-06,1.48895259273198e-05,-1.15153624473479e-06,-0.00013327551699285,2.32733285898268e-08,-1.50445857249028e-05,3.07661101096745e-05,8.95717721721173e-07,-7.53923139063948e-05,2.16031990349549e-05,0.00048746376887004,-1.19066414637369e-06,-1.82707724076999e-06,-1.93054368396644e-07,-1.11804603418933e-09,2.53664217541187e-06,1.35035417568331e-07,-0.000266387066200087,-3.30949942900141e-06,2.80605773682158e-08,3.42245364876492e-08,1.65174017575129e-06,2.18499441232194e-08,-5.03097865959921e-06,7.74199942630398e-09,1.26189286590969e-07,-6.9760848632199e-07,3.16175696191349e-10,1.27019024978775e-07,2.17261516538999e-08,5.0197358745109e-08,-8.44691353927112e-09,2.18734626536224e-05,1.72964469812734e-07,-2.22322208330014e-07,2.51381217758862e-07,-0.000308617457010803,-4.44536661017819e-06,-0.000285182397299075,-1.4762069678728e-06,4.64391083749613e-06,8.84708479799485e-07,-5.62385534229575e-07,-0.137888722915622,2.03358031879631e-06,3.43709411086522e-06,1.39114841651381e-07,-2.70605413439377e-06,-0.000100732679031441,-1.13825026314959e-05,4.70918864231902e-05,1.46565389409393e-05,-3.35148563778556e-06,-1.49976816457856e-08,-5.2587972062618e-07,-5.72180983370463e-07,-0.00872135890000818,-0.000343089045741525,-0.00157863044176435,-2.03120456397794e-07,0.000656914666098829,-6.02600570712733e-06,-1.77833766821236e-06,-2.03419450041607e-10,-1.66346867434143e-08,1.86205629244983e-06,1.04104970577282e-06,1.26815269995497e-08,-1.18905167238072e-06,-5.47868534292495e-08,-2.09763712715938e-07,-6.89619632321519e-08,3.61129068338123e-05,1.13145304098738e-09,1.3122099602411e-07,8.17387115291566e-09,-2.23963635736364e-07,-1.70488830738549e-08,1.88110773693619e-06,7.43695674711248e-10,2.1179346789667e-05,1.48010753999307e-07,4.91697141587491e-07,1.66943344376939e-05,-2.68199590041536e-09,5.30746436689006e-08,-2.25008888203268e-08,-1.53939467918675e-08,0.000500239800227705,3.08284162782959e-06,1.56127612844677e-06,-2.83809278142258e-06,-6.98656587862724e-07,-3.37618660274217e-06,1.62051580050871e-05,1.04222313601107e-06,0.00010183735585539,1.612057832767e-06,0.0420527210723119,-0.000111533989366708,4.19496766779133e-06,6.64294076752144e-07,1.66433528559415e-05,5.8496556524041e-06,-4.11259744850355e-06,-3.588058465137e-08,-1.359381670857e-05,-7.6127953757345e-16,-1.06985834024085e-07,1.47934629605789e-06,-2.46096257842382e-07,-5.51670064267977e-07,-6.67482399620099e-06,9.17282405150169e-08,-1.06990941423293e-06,4.60627786133245e-07,-1.71594556624309e-05,5.21695570426428e-08,-1.00115345271036e-07,3.66055475290903e-05,-2.27998006864001e-08,2.46050032439918e-06,-3.22544537840184e-05,3.35281164765048e-09,-9.04355174595603e-11,-1.83521074577633e-09,2.01930380426173e-08,-3.47400564756025e-07,-0.00116584622475126,8.42504393668258e-05,-1.65968520301391e-06,6.6313664764794e-05,-6.06250086819662e-05,6.33659641156379e-06,-0.00118651198655414,0.627796694109182,5.00893278582804e-08,0.000427677069588848,2.0346023515137e-06,1.38669597347411e-05,3.45642383416155e-08,-1.57646566471535e-05,7.98482291330679e-07,-6.03742016518854e-07,9.23304223120645e-07,-1.74052114845607e-06,1.28290021205194e-06,-9.0277722247849e-08,1.60380721507372e-05,-6.83091162084422e-08,1.10548232151415e-05,-2.69495208052153e-16,-2.59008111183437e-05,-4.84672352679182e-05,-2.67751189543108e-11,-2.25009471127621e-07,3.20659556490189e-07,-1.959457859846e-07,-5.52572893578824e-08,5.93785391424244e-09,-2.63832664756734e-07,9.9616327338414e-06,3.60986489332542e-06,-2.67310746972462e-08,1.41646763463904e-05,-4.72880358555361e-05,1.25693388686966e-06,-0.00038661244117797,2.84543115677214e-07,4.96933229773079e-07,7.66818800955052e-09,1.99063242877078e-05,-2.45470226807766e-06,1.07883623138804e-08,-3.34742899640542e-06,3.87659949343196e-07,-1.40296548400747e-06,9.96277702673477e-07,8.84795747469325e-06,4.46925498856736e-07,-1.41575729019855e-07,-9.15620948352874e-07,9.22045865231938e-08,-4.24817518149321e-07,1.18429333363556e-06,4.78453758645357e-06,-0.000364884554337847,1.20222286017883e-17,5.78578301706245e-08,3.13440243373465e-07,-3.06760883736924e-08,1.63864159090647e-05,1.75943071706902e-08,4.32129700391452e-06,0.000168702701603526,-1.26094756727245e-06,5.50132939142554e-06,1.68515043049333e-16,-0.00047468937584938,-1.43016178896212e-09,-1.08203615454594e-06,4.63544162503279e-08,9.2668504601294e-07,-6.16083703750467e-07,-1.02199488514417e-05,2.72513809995618e-06,-2.70562014226149e-07,1.69640825694911e-05,-5.4196624486129e-08,-5.16255489031799e-06,-6.86909724418717e-09,-9.98134898443483e-10,-1.42317843202809e-05,7.76276181899129e-08,-2.61819071947199e-05,7.04990028321873e-16,-4.04440319946229e-07,3.17774838886579e-08,9.15821134788296e-10,8.17718383278087e-09,-1.24524009323374e-05,-9.95295825052471e-05,2.48724384455148e-07,-9.18144535899827e-07,-5.32364219654261e-07,-3.00851695075463e-16,-9.89679610336158e-06,-3.56331755361615e-08,-0.000673628891870398,7.20869982608384e-16,2.0019843322813e-06,2.61614232515699e-07,-4.05752425009403e-08,-2.82887849451498e-05,-5.48938833273874e-06,-5.08405570645409e-06,-9.59265002783469e-07,5.11754557220498e-06,2.15698298870611e-07,1.19889596195116e-08,2.78836135485755e-06,8.45205163284663e-08,1.30762299103045e-16,-3.36770440132943e-08,1.24647714144234e-06,5.37771961555631e-07,-3.38098259857019e-06,-2.26682822066786e-16,-6.89602411750483e-08,1.26488652348977e-08,-1.4325563228571e-06,-2.04495098970023e-08,-7.40532536520515e-06,7.20287070641358e-08,-9.51556487383709e-07,5.07908222134892e-06,2.79723731200465e-17,1.82418204996856e-05,-8.64398048513432e-08,2.50753810377781e-07,2.69129530548497e-05,-3.53723425529682e-08,-8.20955874579465e-07,-6.91720986045752e-17,-7.37769622458487e-16,-7.31583144434763e-07,-4.72475252818329e-08,6.23048049578741e-09,-6.87636147012556e-06,2.03172082338504e-15,-3.96515150356211e-05,-6.72883360647094e-07,-3.1789545830318e-17,-5.00319642688969e-17,1.29996917589052e-16,7.98990473052075e-06,2.17504554227429e-07,-2.37549556455768e-07,7.19814706594988e-06,1.02175001048706e-06,1.88713255123252e-07,-8.18583703030118e-08,1.15716613465188e-15,-1.78472229733343e-08,5.00486384882851e-08,9.7965619034199e-16,2.27524077511722e-16,-3.12362773929596e-08,-1.80147524356767e-09,-1.84237964298761e-08,4.64590157503301e-06,1.8064914640704e-08,-7.23783048326991e-07,1.24866502703259e-15,-2.54688154973444e-07,6.36038694042553e-16,-1.40702425195554e-05,1.35075327659107e-15,-2.00409071162351e-08,-3.07768255092155e-16,8.23005227868439e-08,2.16671907264504e-08,1.63329714662854e-06,1.31897533186573e-06,5.82377177129485e-08,-6.68200846014634e-09,4.23211945652843e-08,1.58250398722963e-08,7.58338257620354e-06,2.52433148441527e-07,1.46991550668515e-08,-4.13172055845238e-08,-7.52494924372883e-06,-1.06164354677747e-05,-1.96282487716124e-08,-8.99895682630515e-16,1.83499821913308e-07,-3.15771250020806e-08,1.6251669978481e-08,-6.18263144264578e-15,3.01872941308575e-07,8.58451310089068e-07,2.74636735653713e-07,0.707106781186546,-6.65294780068294e-08,-3.74296976341112e-06,1.74135994793411e-15,-4.65875484508011e-08,1.03644949289242e-07,-2.84503789089847e-14,2.31650920169202e-15,-3.80926118597205e-09,-2.15195334322451e-06,-1.22535718840819e-08,-1.69899268155567e-05,4.74004223748419e-07,1.25150593801881e-08,2.21130332797123e-05,1.11150972180157e-07,-2.78135763260915e-06,1.52694968214712e-15,5.13742990984906e-10,3.74991251838991e-08,1.03531025251458e-07,1.64124444636964e-05,6.23422472711565e-16,1.92654001801662e-15,1.37165606975678e-06,4.70325344717706e-16,1.08258200348009e-15,1.41305447212592e-07,-2.0780626909466e-07,-3.89054385179011e-08,-3.70828086085006e-07,9.95223097796482e-07,2.59975102700874e-07,3.32230830122505e-07,9.92806614970406e-16,9.24462693924729e-05,8.09788137648193e-08,6.4195875338535e-06,-3.55503755733464e-08,1.40324419764452e-07,-7.84677710008168e-17,-8.22426263656812e-16,-8.57166333409837e-17,-1.29041211087151e-06,-5.87898184957125e-09,-3.81088565772341e-07,-5.27327779367314e-16,-4.50291229018194e-09,1.27242283845429e-15,4.81974712928788e-17,7.35034682180401e-07,-1.84031949484653e-07,2.31696714765584e-15,-1.51793378987654e-06,-2.04650932290154e-08,-6.79527046434429e-16,4.62727788496464e-08,-7.01672276587861e-16,2.92296874397229e-06,5.24394715701986e-16,2.9178797264515e-06,1.41697187599795e-07,5.14341156159814e-09,8.62947208764439e-06,5.91974723226457e-05,-1.63640532158446e-08,5.02903557077822e-07,-6.80866369767121e-17,2.9713345313848e-07,-1.67696782175515e-08,2.752136704079e-17,-2.20905718762794e-09,-4.5008165986317e-08,1.04550811968789e-08,-3.07535577358891e-16,3.35115275747054e-08,4.4316701368065e-08,4.02336271873228e-16,-1.22943189622109e-06,-9.33093527730912e-07,-1.27343764520503e-09,2.0364695196569e-16,-1.10943977119343e-16,2.27607368511426e-08,1.24200657719945e-05,9.98938784670928e-08,-9.1105510039138e-09,2.22453784851235e-05,4.30193620024667e-16,-2.73377403315573e-16,2.71218760640244e-06,4.81116365300974e-09,4.17789678921259e-16,0.000196008876695591,3.52509896920263e-17,1.824715932549e-08,-3.11792137753199e-07,-4.17268426274092e-07,-2.76949142894677e-06,9.60240887725673e-17,-7.22698634274688e-17,-3.11293880190101e-17,2.93141173166862e-17,-2.14340877379334e-09,-7.43553326012356e-09,3.75978180254813e-16,2.77045759789994e-16,2.67369630220716e-17,1.04683509709301e-08,9.40808207033954e-11,-5.18065631548379e-09,-2.16755367076132e-16,-5.46061812304113e-16,-1.95488427962714e-16,-2.22190628185178e-07,6.79897626496135e-09,-2.84054970238214e-16,1.19270713967349e-09,-3.11994241446485e-08,8.49363981474553e-17,3.10892640154167e-17,-3.80036658168318e-06,-2.20264812797742e-10,-1.88187154425745e-06,7.31722185932555e-17,1.20050942372476e-08,1.93711651712512e-07,2.07794100722804e-07,-7.7519018743905e-07,-4.59969600388231e-08,7.48671222820836e-10,-1.29040895170741e-16,2.17206212264956e-16,-1.41838948763942e-16,1.42228075355824e-08,-1.28774317830066e-08,-5.02997124299948e-07,-3.8165062925895e-09,-3.16715429047158e-16,5.95217356489886e-18,1.05197838780592e-16,1.41731160888539e-16,-9.17634654094885e-17,1.82080173376788e-08,1.00686763032111e-16,1.03048784535781e-16,-5.16392841941871e-06,3.25684641909791e-17,-4.62741309724278e-07,-2.64426012526295e-17,-3.38352640104452e-07,1.5930859889171e-17,-4.09609941064671e-07,-8.67388037188431e-07,-4.52059570254563e-08,-7.90915111254528e-17,2.78914840768628e-06,-7.96774203010039e-18,2.49574539518363e-07,-3.96794645563708e-08,2.19585889119363e-10,-3.99037396461427e-16,1.20899317250162e-06,1.5999884344574e-16,-8.70041761701094e-08,-4.44133498230676e-08,3.78550317841497e-16,2.00426098604011e-17,-5.68888491398249e-18,-6.75627437416679e-17,-6.73471818165177e-09,-3.39788087548477e-07,-7.5552436656606e-07,4.50550153130453e-18,-9.52510143806033e-17,-4.58236495089237e-09,3.7379101783155e-08,-2.49950258405644e-17,1.49884083177579e-17,-7.44878068586412e-08,6.66420915219005e-17,-1.44307346522945e-06,-1.38608095238366e-16,1.32152346838157e-07,-6.20687012749212e-17,-2.32098874150303e-16,2.80847185657416e-17,-1.88961835003958e-16,1.02282920655048e-16,-4.85151118505251e-17,2.53917089335644e-09,-1.77580060881806e-08,-1.48661686853339e-16,-1.17902560814228e-08,4.95386749058358e-07,-3.40652872480016e-16,2.10903628986389e-16,1.53904835324365e-16,-1.61311957927837e-16,4.56474779009119e-07,0.000725550192754541,-2.8567517943148e-16,-1.02316705323674e-16,-8.83083359197147e-08,-2.85353563247048e-08,-4.32377635221416e-10,7.58029725460141e-17,-2.46023895290378e-16,-8.05794254761304e-17,2.04415530813162e-16,-1.30519573813839e-16,3.24247366151909e-19,2.04753389892578e-05,-5.993913980845e-07,-5.34654172247661e-07,1.52900441577366e-18,-2.21273375293807e-16,-9.25656582411521e-17,-1.96385398614712e-16,-3.39443398965508e-16,-5.44356484446503e-18,-3.62870343034157e-16,-3.53639790358726e-17,2.76003778631986e-17,1.91818266060225e-17,-6.79061599509171e-17,-5.89556736067588e-16,-1.36069061759823e-16,1.18033768334309e-16,1.68452344397235e-09,-2.25363558708693e-18,-2.29882463643191e-16,5.28405473858449e-17,2.38422956380368e-08,-2.94839619245032e-08,6.76651702427399e-18,-6.15308399151217e-10,2.17849731072847e-08,2.63786397136756e-17,5.25380869963882e-16,-4.19990755835394e-08,-1.11738092309479e-16,5.36142044738491e-10,9.93278472121374e-18,3.1817267303401e-17,-2.79662542127751e-16,-1.62843214921528e-16,5.37721946747535e-08,-7.20087348324824e-08,1.29520812945322e-16,3.42931210294419e-16,-5.37624447850561e-17,-1.15139142391335e-16,-6.23280723907604e-17,1.0350309843443e-17,-1.20441402796541e-16,6.90609947753388e-17,8.65126189186164e-10,8.37723181548131e-17,1.11959047596736e-17,4.55891883740336e-19,-3.60573445603986e-16,-9.52985665221524e-17,3.57854119481053e-17,-1.88022091759913e-07,6.4105135185502e-17,-1.46104123031706e-16,1.27183937664264e-08,-8.8573968840921e-17,-5.1288563577418e-18,-1.18459477901863e-16,1.8073542445803e-16,1.05979266453007e-08,6.10040296071418e-18,-7.997333196052e-07,-3.72066491432601e-16,2.29995165397114e-17,-2.34668809617713e-16,5.30038807678259e-17,-3.17024139695002e-17,6.0825055929857e-16,1.26666027749586e-08,-1.37701573880394e-16,3.27852444033535e-17,1.59912423971926e-09,-1.5806992598321e-06,5.77830451491766e-17,2.72066021596379e-07,6.18472457417066e-06,-5.36312111284849e-17,-2.47311729278739e-17,-2.03722384029065e-17,-1.14273362833225e-17,-1.40979774118866e-16,-1.03722158556717e-05,2.65300138090144e-17,6.12120882192359e-16,-1.60578379644796e-16,4.20974392461678e-07,-9.10719853220514e-17,-3.67990756851753e-18,-1.02687889030748e-16,-1.88181975394943e-16,-0.00147256078811836,-3.16332284497129e-16,3.28497537002417e-10,-7.6518979314554e-18,5.00927386340478e-17,5.12615273973502e-16,-3.18235790585046e-17,-7.61598231286549e-17,-2.27300125239745e-17,8.51587150479725e-17,-5.75473783217852e-09,6.32211360486041e-18,-3.00835971319847e-16,2.41978763797236e-09,1.08303980516175e-16,-6.95922098044382e-17,9.63489064864595e-17,9.43300011542881e-17,7.59061261699425e-17,-1.82529567928632e-16,-1.75433410525569e-08,6.93355431377081e-17,-1.69008191029932e-16,5.22352894225164e-09,-1.08453378200229e-16,4.54871495737423e-17,-9.47840413191649e-17,7.02628847012385e-17,-7.38194876506662e-17,1.72340087144539e-17,6.30878871366769e-18,7.65357553260223e-17,3.76783962901243e-17,9.75656636432446e-17,5.92194218356234e-17,-2.73919453734348e-09,9.08271384642969e-09,-2.07655770980415e-17,-3.44205142345378e-16,6.5303659219643e-17,9.36873452836985e-16,-2.09860883011725e-16,2.24945200559537e-16,-1.196528136921e-16,7.15173190382798e-16,-8.65424204596183e-09,3.79038471549157e-17,-4.75303483973755e-18,-2.97524903199781e-16,-1.96325253779674e-17,1.0071910738357e-09,-7.68921715682581e-17,-1.59664131843434e-10,-1.36847721260449e-16,1.63217367965785e-16,1.09838352950391e-16,2.96562869698372e-17,-7.62487004020159e-17,6.31703063026618e-17,-6.60736062494855e-17,-3.27595848868475e-19,4.28369834682896e-17,5.07693129588365e-17,1.65704841701179e-16,-5.66327697307455e-18,-3.84632864607219e-16,-4.05260665191877e-18,4.58539440392262e-17,-8.24486355217364e-17,5.74724345586336e-17,2.19422288510408e-16,9.35161945658057e-17,1.12923228266356e-16,-1.60190870984733e-17,8.58935454092693e-17,2.9242508104961e-16,-8.17156148852433e-17,-9.58253203841068e-17,1.28353875319994e-07,-1.17472641089512e-16,1.01460938722461e-17,4.633051549315e-17,5.51814141218799e-17,-1.66593642103276e-16,5.28455589996878e-17,-1.31194900527499e-16,-2.35608608341349e-17,2.48095437122839e-16,7.5432219602726e-17,-1.2217603231196e-16,-2.18480774996119e-16,1.82700925826814e-17,-3.55372759228522e-17,-9.56859099341818e-17,-2.3605106420788e-17,-1.14453998700305e-16,-9.91396259446328e-08,5.29086122210759e-17,2.57411513099629e-17,2.75843228494051e-17,1.70942331130538e-17,5.26164592560099e-16,-1.33720621290792e-16,-1.55669556777978e-16,7.82235422723083e-17,-3.36926180028702e-17,2.27152905930529e-09,2.67243773812832e-16,1.17691077910667e-16,7.59767664216043e-17,4.62064954638275e-17,-1.66742951322322e-16,-1.35727315375348e-16,1.83629088685052e-16,-1.25914806667039e-16,-1.42341152335828e-16,4.69223035762173e-17,1.04173542377508e-17,9.88561466384085e-17,6.15346961236713e-18,1.78782316662669e-07,-3.98570457707436e-17,5.04470397037545e-17,-3.60191661497155e-16,-3.68113742613141e-16,-3.139168421859e-09,-3.69814736436862e-18,-1.12696354166884e-16,1.3638765216104e-16,1.22694947073662e-16,-5.0446067189983e-17,1.10785283571871e-16,3.04527788943187e-17,-5.49618879921255e-17,-8.34922884961453e-17,8.34654904076365e-17,6.47285892573388e-17,3.73080009563125e-17,-1.3742864132874e-16,-5.11147610712632e-17,9.76626273955712e-17,1.4896667056082e-16,-2.08232225245604e-16
"t563",0.0360508552838739,-0.0107906167666975,-0.011813939946317,0.000704418072996967,0.00659901520563275,-0.0183211947112039,-0.0025932152787589,-5.65577741328012e-06,-0.055711191218446,-0.0438212345180816,-0.0442143781479434,0.000491326750324268,-0.00102244397529075,-0.000219990837952226,-0.0060919539851311,0.000136768397231397,8.54969927588197e-05,-9.85285242819574e-06,-0.00420946452846794,-0.00076141856644435,1.3738329551521e-06,-7.53124848695146e-05,0.146225290389926,0.00622704794645433,-0.00060487612223235,0.00729661640044382,-0.078863565638574,-0.00063632193111857,-5.31001504021737e-05,0.0040311702275515,0.0270425899587707,-0.0151085147986097,-7.34805847523226e-06,0.00696513314792997,-0.00923015269588638,-0.00198346616484213,-0.000100656302388982,0.000504299670178564,0.180632974508056,-0.0303716491393844,-0.000716950011859082,0.0446615803259079,3.31631888871839e-05,-0.00186976797299847,1.02956909611233e-05,3.88653687566729e-07,-2.20426256305369e-08,-1.06836984348758e-07,0.000177098182219632,-0.000594533950574685,1.01584071187085e-06,-1.71268716719835e-06,2.335265745503e-06,-8.84172654247711e-07,0.000100485213686808,-7.94168646797095e-05,5.14080779173574e-05,-6.6773196987766e-05,0.000585991028281553,-1.13470467412819e-06,-1.24934080633394e-06,7.37139753217296e-05,-5.13852646669946e-05,4.07417801731144e-05,-0.0242777894471558,-2.56040496041069e-07,-1.91060611645648e-05,6.63276765827565e-05,-1.66988882667851e-05,7.98175946356471e-05,-8.363880783218e-07,2.64256132658202e-06,-9.41569887809637e-06,-6.62642274180402e-06,2.8205611115494e-06,2.51599434341945e-06,-2.62967856938968e-05,4.52262602809424e-06,-0.0116542679278768,0.000128320867211705,1.64984832477288e-06,0.000190080535963558,-0.00611168818653422,1.58365337209226e-05,5.56487826996855e-05,1.72127858212308e-05,-2.94256259339932e-06,-5.12412374232241e-05,-9.61957848107459e-08,3.90576530691648e-06,-4.06930670320554e-05,2.76295570340998e-08,1.93275741633139e-05,-1.83320867911257e-05,-4.13861263240733e-06,-4.92304303156658e-06,-5.79009254824688e-07,3.2178161658236e-06,-3.67012198547785e-05,-0.000815087738522417,-1.847589804709e-05,1.23497013845217e-07,-2.61707661718723e-05,4.22362743619044e-05,-0.000899373849138894,1.42979118425144e-06,-0.000431026808436308,5.82729372162109e-07,-0.00111249612305826,1.8240860329415e-07,6.37490062452336e-06,1.47841677748064e-05,-4.65869809823528e-06,7.87266714793799e-06,-9.69741760845012e-06,2.18605380062369e-05,-0.0293514087021768,0.0944891964072378,0.000259133448935658,-5.04586693539127e-05,2.25146849980896e-05,-2.44790290517373e-05,0.000260332259840902,0.000255405700190595,-1.20432930362139e-06,1.95814208296691e-05,-1.99205130588557e-06,3.89584173381365e-05,-2.18392823338622e-05,-0.000755884431509988,-5.37603311426568e-06,1.48895259273263e-05,-1.15153624477339e-06,-0.000133275516992888,2.32733286484813e-08,-1.50445857249468e-05,3.07661101096789e-05,8.9571772167521e-07,-7.53923139063863e-05,2.16031990349306e-05,0.000487463768870088,-1.19066414643614e-06,-1.82707724078116e-06,-1.93054368398934e-07,-1.11804594707792e-09,2.53664217537675e-06,1.3503541759408e-07,-0.000266387066200093,-3.30949942895808e-06,2.80605773684292e-08,3.42245364408117e-08,1.651740175779e-06,2.18499441188011e-08,-5.03097865958547e-06,7.74199942345673e-09,1.26189286595584e-07,-6.97608486358703e-07,3.161757832837e-10,1.27019024953758e-07,2.17261516877276e-08,5.01973587547832e-08,-8.44691353005678e-09,2.18734626535915e-05,1.72964469804865e-07,-2.22322208286601e-07,2.513812177159e-07,-0.000308617457010813,-4.44536661019766e-06,-0.000285182397299016,-1.47620696788278e-06,4.6439108374331e-06,8.84708479756207e-07,-5.62385534033116e-07,-0.137888722915622,2.03358031881478e-06,3.43709411086487e-06,1.39114841638624e-07,-2.70605413443773e-06,-0.000100732679031449,-1.13825026315447e-05,4.70918864231968e-05,1.46565389410309e-05,-3.35148563779913e-06,-1.49976816760381e-08,-5.25879720642629e-07,-5.7218098335977e-07,-0.00872135890000825,-0.000343089045741477,-0.00157863044176436,-2.03120456241906e-07,0.000656914666098878,-6.02600570710049e-06,-1.77833766824278e-06,-2.03419441165498e-10,-1.66346866961233e-08,1.86205629240148e-06,1.04104970583412e-06,1.26815265631846e-08,-1.18905167237258e-06,-5.47868534465805e-08,-2.09763712662925e-07,-6.8961963218608e-08,3.61129068341307e-05,1.13145297057152e-09,1.31220996148248e-07,8.1738711906603e-09,-2.239636357469e-07,-1.70488830212711e-08,1.8811077369682e-06,7.43695620727582e-10,2.1179346789606e-05,1.48010753968638e-07,4.91697141531991e-07,1.66943344375098e-05,-2.68199598571457e-09,5.30746437275679e-08,-2.25008887650475e-08,-1.53939469256607e-08,0.000500239800227635,3.0828416277608e-06,1.56127612847793e-06,-2.83809278136927e-06,-6.98656588224897e-07,-3.37618660260204e-06,1.62051580052212e-05,1.04222313590276e-06,0.000101837355855317,1.61205783300711e-06,0.0420527210723116,-0.000111533989366637,4.19496766782525e-06,6.64294076844877e-07,1.66433528557711e-05,5.84965565229595e-06,-4.11259744843505e-06,-3.58805846452618e-08,-1.35938167085506e-05,-8.60214455876037e-16,-1.06985834228732e-07,1.47934629596931e-06,-2.46096257915235e-07,-5.51670064270029e-07,-6.67482399615488e-06,9.17282407268031e-08,-1.0699094142488e-06,4.60627786262924e-07,-1.71594556621507e-05,5.21695570562009e-08,-1.00115345111462e-07,3.66055475292225e-05,-2.27998007593147e-08,2.46050032444425e-06,-3.22544537842386e-05,3.35281148787121e-09,-9.04353396368515e-11,-1.83521075778555e-09,2.01930381368735e-08,-3.4740056463709e-07,-0.00116584622475136,8.42504393669201e-05,-1.6596852029622e-06,6.63136647646419e-05,-6.06250086818791e-05,6.33659641140809e-06,-0.00118651198655428,0.62779669410918,5.00893278956286e-08,0.000427677069588891,2.03460235158444e-06,1.38669597346338e-05,3.45642381657019e-08,-1.57646566469584e-05,7.98482291525945e-07,-6.0374201684879e-07,9.23304222783357e-07,-1.74052114836261e-06,1.28290021201898e-06,-9.02777221936819e-08,1.60380721508433e-05,-6.83091159267115e-08,1.10548232150728e-05,2.72576322295757e-16,-2.59008111182336e-05,-4.84672352675019e-05,-2.67753027102787e-11,-2.25009471096977e-07,3.20659556705456e-07,-1.95945785644844e-07,-5.52572892657803e-08,5.9378538029136e-09,-2.63832664869878e-07,9.96163273386435e-06,3.60986489343339e-06,-2.67310746316356e-08,1.41646763464014e-05,-4.72880358554835e-05,1.25693388695319e-06,-0.000386612441177998,2.84543115816236e-07,4.96933229523233e-07,7.66818796157246e-09,1.99063242876689e-05,-2.45470226804659e-06,1.07883624583115e-08,-3.34742899666732e-06,3.87659949268646e-07,-1.40296548392493e-06,9.96277702473708e-07,8.84795747499571e-06,4.46925499136859e-07,-1.41575729074049e-07,-9.15620948255593e-07,9.22045861333661e-08,-4.24817518435068e-07,1.18429333340267e-06,4.78453758695413e-06,-0.000364884554337899,1.0064766789702e-17,5.78578302772695e-08,3.13440243229512e-07,-3.06760882064542e-08,1.63864159094531e-05,1.75943073713473e-08,4.32129700342313e-06,0.000168702701603446,-1.26094756709964e-06,5.5013293917271e-06,-2.03855136015379e-16,-0.000474689375849343,-1.43016164593265e-09,-1.0820361539003e-06,4.63544160665827e-08,9.26685046394568e-07,-6.16083703883592e-07,-1.02199488517928e-05,2.72513809973712e-06,-2.70562014024038e-07,1.69640825692062e-05,-5.41966237543114e-08,-5.16255489078156e-06,-6.8690971105079e-09,-9.981350010971e-10,-1.42317843209092e-05,7.76276181045335e-08,-2.61819071950676e-05,3.8323951704667e-16,-4.04440319550999e-07,3.17774837204439e-08,9.15820767565895e-10,8.17718367834688e-09,-1.2452400932466e-05,-9.95295825050158e-05,2.48724384300631e-07,-9.18144536218459e-07,-5.32364219262253e-07,-2.4170802733928e-16,-9.89679610347972e-06,-3.5633175201431e-08,-0.000673628891870113,3.04671892629084e-16,2.00198433242144e-06,2.61614232563808e-07,-4.05752421879028e-08,-2.8288784944937e-05,-5.48938833245533e-06,-5.08405570626116e-06,-9.59265003116954e-07,5.11754557180757e-06,2.15698298415039e-07,1.19889592959825e-08,2.78836135376717e-06,8.45205165365731e-08,-7.12779397836643e-17,-3.36770442372228e-08,1.24647714212571e-06,5.37771961802264e-07,-3.38098259911638e-06,5.44039555290883e-17,-6.8960240531122e-08,1.26488654064863e-08,-1.43255632274099e-06,-2.04495097834722e-08,-7.40532536434276e-06,7.20287070882243e-08,-9.51556487881652e-07,5.07908222088996e-06,-1.72182602125202e-16,1.82418205003679e-05,-8.64398039588822e-08,2.50753810583416e-07,2.69129530552814e-05,-3.53723423169761e-08,-8.20955873593563e-07,-5.46437894932694e-17,5.86822630356561e-16,-7.31583144045296e-07,-4.72475250250972e-08,6.23048163700633e-09,-6.87636146946454e-06,2.19168943619412e-15,-3.96515150359129e-05,-6.72883359501538e-07,7.7823997975767e-17,-2.05754756685154e-16,-8.10764899896282e-17,7.98990473074448e-06,2.17504554922735e-07,-2.37549555483762e-07,7.19814706531697e-06,1.02175000907347e-06,1.88713256265178e-07,-8.18583711389484e-08,-7.91994484614997e-16,-1.78472251754343e-08,5.00486363977087e-08,-1.15212698413519e-15,1.69292275583441e-16,-3.12362778365859e-08,-1.80147364762003e-09,-1.84237974964981e-08,4.64590157375669e-06,1.80649155253102e-08,-7.23783048215976e-07,-1.55031130145603e-15,-2.5468815537486e-07,-6.16211679439573e-16,-1.40702425214965e-05,-9.41087485717418e-16,-2.0040911308699e-08,3.12452088447673e-16,8.23005203335966e-08,2.16671890828689e-08,1.63329715007526e-06,1.31897532926616e-06,5.82377178343343e-08,-6.6820148946937e-09,4.23211961828616e-08,1.58250371045477e-08,7.58338257740396e-06,2.52433158158809e-07,1.46991483752104e-08,-4.13172049443179e-08,-7.52494924784443e-06,-1.06164354642608e-05,-1.96282569371376e-08,1.00600352666474e-15,1.83499818924307e-07,-3.15771246394503e-08,1.62516676486594e-08,6.10252484420533e-15,3.01872939810939e-07,8.58451238530211e-07,2.74636714596713e-07,-0.70710678118655,-6.65292902685461e-08,-3.74296975910913e-06,-1.53728555358777e-15,-4.65875502006106e-08,1.03644947290501e-07,2.87532981379575e-14,-2.21797030757938e-15,-3.80926722226127e-09,-2.15195333288047e-06,-1.22535695393377e-08,-1.69899268127283e-05,4.74004219978965e-07,1.25150536275327e-08,2.21130332781762e-05,1.11150972405475e-07,-2.78135762810807e-06,-1.27113217954916e-15,5.13747456308116e-10,3.74991099108259e-08,1.0353102607803e-07,1.64124444671369e-05,-8.90194553644324e-16,-1.94407651673729e-15,1.37165606293205e-06,-5.39456588673265e-16,-2.62693673343749e-15,1.41305444715479e-07,-2.07806269012501e-07,-3.89054374175804e-08,-3.70828086352603e-07,9.9522309827207e-07,2.59975103913551e-07,3.32230827058493e-07,-8.41341818482268e-16,9.24462693932359e-05,8.09788129862666e-08,6.41958753228207e-06,-3.55503771467088e-08,1.40324419849543e-07,-1.01998870577234e-16,9.67102401286941e-16,-1.83565773419709e-16,-1.29041211293369e-06,-5.87898201197493e-09,-3.81088566838739e-07,3.46362400801453e-16,-4.50291407920305e-09,-1.47678861031721e-15,-3.74086170177886e-17,7.35034682472709e-07,-1.84031949685135e-07,-2.00742742741122e-15,-1.51793379003983e-06,-2.04650933853181e-08,7.51131930268779e-16,4.62727806196816e-08,7.21199179704968e-16,2.92296874492141e-06,-5.6928421938077e-16,2.91787972619177e-06,1.41697185737741e-07,5.14341131107332e-09,8.62947208687102e-06,5.91974723224509e-05,-1.63640534124173e-08,5.02903556701391e-07,2.91276163776812e-17,2.97133453114432e-07,-1.67696787150115e-08,-3.69793332903547e-17,-2.20906069783564e-09,-4.50081655421265e-08,1.04550818875203e-08,3.34204757516439e-16,3.35115265546172e-08,4.43167011908548e-08,-4.53691351185145e-16,-1.22943189576983e-06,-9.33093527373684e-07,-1.27343696935583e-09,-2.21224196728786e-16,3.90534694888714e-16,2.27607373737029e-08,1.24200657716718e-05,9.98938769709923e-08,-9.11055131671367e-09,2.22453784856721e-05,-5.2879580555326e-16,3.62588666362066e-16,2.71218760593036e-06,4.81116242224351e-09,-4.65241051105492e-16,0.00019600887669494,-1.39314246359775e-16,1.82471594948436e-08,-3.11792137735718e-07,-4.17268426398109e-07,-2.76949142845312e-06,-6.04894963815484e-17,5.26680380188103e-17,7.63246873372268e-17,1.75306503575062e-16,-2.14340906741407e-09,-7.4355333891474e-09,-2.80129795149829e-16,-3.29525032553795e-16,-5.51912640564728e-17,1.04683504176354e-08,9.40808170654374e-11,-5.18065683850666e-09,2.06759302854031e-16,5.71706581815185e-16,1.09850008863516e-16,-2.22190627995174e-07,6.79897637501511e-09,5.53482024067726e-16,1.1927075897332e-09,-3.11994243772933e-08,-7.54957286051377e-17,-4.4084765524101e-17,-3.80036658096614e-06,-2.2026543646355e-10,-1.88187154475688e-06,-9.35637244080455e-17,1.20050944256042e-08,1.93711651625677e-07,2.07794100035432e-07,-7.75190187304768e-07,-4.59969596248346e-08,7.4867200396178e-10,3.88177500960367e-16,3.21731458778426e-17,8.96956854527631e-18,1.42228084907466e-08,-1.28774316580667e-08,-5.02997125482997e-07,-3.81650648956748e-09,3.04590014027446e-16,-1.52463708910847e-17,2.5194076087139e-16,-2.31176858162739e-16,6.30911466780433e-16,1.82080173988561e-08,-1.16997829530625e-16,-1.41623575863134e-16,-5.16392841865564e-06,9.33624583615083e-17,-4.62741309979615e-07,-7.91948044435242e-17,-3.3835263970209e-07,-2.75721330747651e-18,-4.09609941289115e-07,-8.67388037379046e-07,-4.52059569758203e-08,9.95952106018302e-17,2.78914840887837e-06,1.00600555212539e-16,2.49574538672809e-07,-3.96794644467327e-08,2.19585853559756e-10,2.61539429021045e-16,1.20899317261287e-06,-2.4303715222528e-16,-8.70041760875934e-08,-4.44133496920267e-08,-2.9965462025855e-16,-2.90569097690657e-17,7.95343376451633e-17,1.17560455249056e-16,-6.73471834353625e-09,-3.39788087845171e-07,-7.55524366044132e-07,-1.10677173676158e-16,6.52136421456215e-17,-4.58236496002131e-09,3.73791026077991e-08,1.6625842131315e-16,-3.61132106560096e-18,-7.44878069891145e-08,-5.331234647075e-17,-1.44307346546189e-06,-3.7681542210523e-17,1.32152346894938e-07,-1.7238616970132e-17,-1.59779235698576e-16,8.04414709074293e-17,-7.44603728104641e-17,-3.17848080733309e-17,-4.48288244640317e-17,2.5391718925732e-09,-1.77580059465854e-08,1.76728666970069e-16,-1.17902565722312e-08,4.95386749896674e-07,1.71172992911665e-16,1.83799914635412e-17,2.48364760633875e-16,2.22739828020801e-16,4.56474778574814e-07,0.000725550192754481,4.00596023106644e-16,5.73304386623015e-17,-8.830833579803e-08,-2.85353560260753e-08,-4.32377728082954e-10,3.12073614307877e-17,2.90702891861527e-16,-8.93778392078584e-17,-8.33389702631352e-17,-2.19267301114855e-17,5.14337272717094e-17,2.04753389890621e-05,-5.99391398532601e-07,-5.34654172244969e-07,3.21873829599046e-17,2.80486169863838e-16,1.1383290538455e-16,1.69607440821484e-16,1.76717230157088e-16,2.19094773014636e-16,3.12477884164001e-16,7.95371302886417e-17,8.68376645748768e-17,1.08657453140156e-17,-2.72776812038219e-16,4.2925398858547e-16,1.48376027209625e-16,-7.49116627927603e-17,1.68452359362054e-09,2.77624125867441e-17,5.19518073146329e-16,-9.25448517920041e-17,2.38422957318767e-08,-2.94839625273344e-08,8.81722468240865e-18,-6.15308638546367e-10,2.1784972959781e-08,1.36615416356961e-17,4.89274588662206e-16,-4.19990755499297e-08,4.31103921889873e-17,5.36141803086817e-10,-1.98046991065734e-18,-9.60076635316741e-17,1.98584294463473e-16,3.32596416147803e-16,5.37721943836359e-08,-7.20087348620279e-08,-2.63332211184482e-17,-2.31972718885654e-16,1.50171745556944e-17,-2.14668901802647e-16,-1.76182853028894e-17,-6.44354224087939e-17,6.16202479247261e-17,1.84820342461402e-17,8.65126142213673e-10,8.84199333786365e-18,3.92314188024377e-17,-9.28334124521974e-19,1.7008607720424e-16,2.80547837918597e-16,-2.18026316630747e-16,-1.88022091640244e-07,-2.81272513431699e-17,6.7887964242607e-17,1.27183938616601e-08,1.14166982538863e-16,-1.59583233213811e-16,8.15210486470822e-17,-3.53242637108133e-16,1.05979266058367e-08,8.68951675759198e-18,-7.99733319770521e-07,-1.85328691453531e-16,-8.1718530496672e-17,1.46726363125346e-16,-2.35077053851486e-17,-1.24396426623234e-17,-3.63519889260582e-16,1.26666026757516e-08,-1.13411553671513e-16,-2.49347532736931e-17,1.59912437351791e-09,-1.58069925966958e-06,-1.8991608956892e-17,2.7206602155869e-07,6.18472457444207e-06,-6.85222622043143e-17,-9.81316325490981e-17,-6.22489250558216e-17,-4.33475826337148e-17,1.64102254783928e-16,-1.03722158557157e-05,-1.97783072790956e-19,-8.25097517654427e-16,3.42051971224371e-17,4.20974392451494e-07,-7.66237199627498e-17,1.06424198321624e-16,1.98900164238391e-16,1.15381399052072e-17,-0.00147256078811827,-7.26810384812136e-17,3.28497520519182e-10,-2.09800823412591e-17,-3.67518574087726e-17,-3.67183843354988e-16,-5.41687693398674e-17,5.34123618859864e-18,1.6467989009421e-16,-4.3174389204866e-17,-5.75473794694191e-09,-3.4463566858829e-17,2.00342082624935e-16,2.4197874374358e-09,-1.49750887035737e-16,-1.62830576987364e-17,-7.59088241114799e-17,-8.93039214112965e-17,-9.09477446423459e-17,1.31603977185445e-16,-1.7543341239067e-08,-1.50797534488822e-16,1.7435671036535e-16,5.22352882952212e-09,7.11447390738684e-17,-2.19768650474028e-16,7.94912236058533e-17,-4.76938933367536e-17,-6.20553604558165e-17,-1.29298410262519e-16,1.40430734356395e-17,-1.99346792475045e-16,-1.32160235039019e-17,-1.33514061971037e-16,-3.30198398277083e-17,-2.73919454987977e-09,9.08271389749651e-09,-8.67424871321063e-17,3.28575598971164e-17,-6.96210471409698e-17,2.6054857584229e-16,1.84341474376848e-16,-3.14057620374331e-16,3.37842321155862e-17,-3.00275263842565e-16,-8.65424207743588e-09,7.53083815591059e-17,-3.94876360894928e-17,2.2287548583977e-16,4.62201451796333e-17,1.00719109891382e-09,3.00912130851738e-17,-1.59663721148396e-10,1.31521277628528e-16,-1.25446341142881e-16,3.91654719359901e-16,-8.15587128759506e-17,7.33156521601511e-17,-2.64085451675215e-16,8.98965717497273e-18,-1.37691952626125e-16,-9.85616136962349e-17,-4.55926308003091e-17,-1.04192287459454e-16,-1.37081294408224e-17,1.80816686197425e-16,-3.61012951865653e-17,-2.31324069659979e-17,-4.58680840855434e-17,-4.90045717335565e-17,-2.08925011909211e-16,-5.98661720462692e-17,-1.56940399637024e-16,1.17107387155591e-16,-1.01928236912399e-16,-4.79093184891074e-16,7.17360770998532e-17,1.02315002822424e-16,1.28353875301949e-07,1.10816243143827e-16,-5.92428451668225e-17,6.92428023889128e-18,-9.53917750931069e-17,1.77080121805279e-16,2.78818837243429e-18,5.4661490881485e-17,6.34787988876519e-17,-2.40563815612771e-16,-1.21543646953686e-16,-4.05356087238018e-17,1.35642033462166e-16,1.59604432139107e-17,6.39847088747686e-17,-1.18093096741145e-16,-2.43952329175081e-16,5.06701403147915e-17,-9.91396259564455e-08,-3.77524442732263e-17,3.32250695499477e-17,7.42236222881961e-17,-3.48230674979686e-17,-2.20999801529164e-16,2.86964406293915e-18,8.99477782432201e-17,-7.3475557789594e-17,-3.06756574753814e-17,2.27152908423877e-09,2.93698171695137e-17,-3.45218641853811e-17,-9.81139749372485e-17,-2.8777691389962e-17,3.70124193287838e-17,8.80921289377176e-17,1.46655456661583e-16,4.94344550559848e-17,1.15304172039748e-16,-5.90339240567601e-17,-1.42526526659479e-16,-1.23895293960995e-16,1.37826818966877e-17,1.78782316679797e-07,-2.12232798308839e-17,1.89584625035779e-16,2.84847464791455e-17,-3.94812221110596e-16,-3.13916846424116e-09,-6.96119115355076e-17,8.68161458105594e-17,2.3187996993279e-16,-2.21345613958166e-18,-1.28233046885775e-16,-4.27467503273747e-17,1.85276701262859e-17,3.11529921196984e-17,-9.90748155594807e-17,-1.39634201366398e-16,-2.15146516342038e-17,3.97388106672806e-17,-9.46274747835549e-17,-3.78394639707074e-17,-1.58354475546788e-17,-1.52445374778369e-16,-2.14838687916521e-16
"t548",0.0358730277835167,-0.0106776832839146,-0.0116862441440743,0.000694167110466783,0.00648096494851836,-0.0179352147368454,-0.00253748219975361,-5.52428324080551e-06,-0.0541736049638541,-0.0423442979382488,-0.0423030965635933,0.000464842763257738,-0.00096561348346703,-0.000207565663305971,-0.00573183436664544,0.000128171023835794,7.99845045264685e-05,-9.2051806998417e-06,-0.00392584400384813,-0.000705301011193806,1.2635349046316e-06,-6.78702727307468e-05,0.13086661584746,0.00556879930455647,-0.000540653128234383,0.00648014811807049,-0.0699208575993129,-0.000563432535642215,-4.68320832366154e-05,0.00345501098498073,0.0228754567407472,-0.0126547190697296,-6.05111489162207e-06,0.0056651045903072,-0.00739962612140812,-0.00155096098927109,-7.83601511021827e-05,0.000390369216691917,0.139476509095722,-0.0233219080088626,-0.000544469120073577,0.0335848503438422,2.47812042204517e-05,-0.00139644655278666,7.63087441334827e-06,2.79649231892011e-07,-1.57097700991852e-08,-7.57953189907422e-08,0.000124006903621405,-0.000410234826588016,6.8676169071149e-07,-1.14647844620436e-06,1.56094344071726e-06,-5.83545892963609e-07,6.46169656389162e-05,-5.08614541474969e-05,3.03868499649748e-05,-3.85156265998162e-05,0.000336996008058393,-6.10935481842302e-07,-6.36087668626893e-07,3.64242945550512e-05,-2.47525952135581e-05,1.94966131550285e-05,-0.0110365424385935,-1.10699424172533e-07,-7.27422243305092e-06,2.36340759466174e-05,-5.75715713778684e-06,2.58194345100764e-05,-1.68345866408007e-07,2.52939902231549e-07,-7.38060056009436e-07,-2.7580075850916e-07,1.04122232354872e-07,5.16219038477685e-08,-3.65976641993217e-07,-8.648421576891e-08,0.00114021550248137,-1.68486133981838e-05,-3.14806640847074e-07,-3.8798520136498e-05,0.00187057920562519,-5.36076755557465e-06,-2.71211446486724e-05,-9.13950040268802e-06,1.69628818622374e-06,2.99235278434873e-05,5.63649897707293e-08,-2.30789424195295e-06,2.47736169572182e-05,-2.18027599816492e-08,-1.55922983416933e-05,1.70608190859326e-05,4.83102748157378e-06,5.93621729843586e-06,6.99222934617992e-07,-4.21251550954336e-06,4.94809830065815e-05,0.00122514964358791,3.02709648744039e-05,-2.03876524217264e-07,4.35736952295637e-05,-0.000101693821434356,0.00222446205274264,-3.61106605566761e-06,0.00112973370723967,-1.54322208972283e-06,0.00300058845568419,-5.05787655416269e-07,-1.78363930097079e-05,-4.36341127557727e-05,1.38375608214583e-05,-2.68983488676582e-05,3.41373406415172e-05,-8.21645883862673e-05,0.113616634501482,-0.3966864718987,-0.00117684399255177,0.000243264133665335,-0.000112312733567993,0.000137558505036135,-0.00158206411326219,-0.00155681977638493,7.42484888269613e-06,-0.000131030035243225,1.34219081220226e-05,-0.000282027075438498,0.000195549551166805,0.00678476436368384,4.91240237155223e-05,-0.000158246774250082,1.26173835927774e-05,0.00149318488559345,-2.86169097558518e-07,0.000187436428914792,-0.000472223418504299,-1.64810748010492e-05,0.00182132817416038,-0.000526182343802132,-0.012485516836698,3.13031191650077e-05,5.01280658900803e-05,5.38492952898804e-06,3.11929616829231e-08,-7.99819307215432e-05,-5.56511715018013e-06,0.0150443869559702,0.000203943350394726,-2.1285201120966e-06,-2.64207367722295e-06,-0.000139038706155031,-1.93912977351109e-06,0.000475069811380027,-1.46673269973837e-06,-2.7533524671147e-05,0.000169454344418059,-1.68259155369837e-05,-9.78825452550532e-05,-1.36125745507184e-05,-1.31792089800491e-05,1.92305220941429e-06,-0.002361452377227,-1.72631457691212e-05,1.25080411531219e-05,-8.62975881593057e-06,0.00248845781304423,3.37013193811233e-05,0.00212750278073405,8.502183178948e-06,-1.87017166308681e-05,-3.35976568126096e-06,5.96657330725472e-07,0.0464291087552912,2.14711864454984e-06,4.69735600932383e-06,2.11683220325561e-07,-1.07002244749834e-05,-0.000590588327115099,-7.00036237938829e-05,0.000302100060775219,0.000104876510705703,-2.48897468472688e-05,-1.15261201182043e-07,-4.16719716435012e-06,-4.97662744538068e-06,-0.0774828453399135,-0.00358998948293326,-0.0166010273505517,-2.2445779208167e-06,0.00828228875899332,-8.48134460578268e-05,-2.60279292862318e-05,-3.16124328639179e-09,-2.70788490780587e-07,3.51887532588108e-05,2.03745544713424e-05,2.68268336112409e-07,-2.62038014752207e-05,-1.67335137937675e-06,-6.46239385564366e-06,-1.41284007072424e-06,-0.502349154827899,-1.09105250901947e-07,-1.25532735272993e-05,-6.73642776704183e-07,1.27971406837953e-05,7.966594739215e-07,-5.81695894996376e-05,-1.58355753125789e-08,-0.00035543711684046,-2.32564366762644e-06,-5.92971522198727e-06,-0.000176942033568905,2.83335741947981e-08,-5.10574071965351e-07,1.74256086779358e-07,1.14675584312398e-07,-0.00306576884957113,-1.66695362486255e-05,-8.09660661172128e-06,1.24751209245387e-05,2.95671770923975e-06,1.37139139654373e-05,-5.82676797026015e-05,-3.6581383507931e-06,-0.000355343824410969,-4.94946214050366e-06,-0.119668755846362,0.000292021168641473,-1.05796166458982e-05,-1.61190480988747e-06,-3.89567952985372e-05,-1.35536021733202e-05,8.67743488979006e-06,7.14350861563149e-08,2.54157206906803e-05,-7.40226832033862e-17,1.82778860249899e-07,-2.48215704300088e-06,3.64276860244739e-07,7.40655320976749e-07,8.26054860999668e-06,-1.12962469302813e-07,1.12867624823106e-06,-4.73193244089608e-07,1.74121423150768e-05,-4.98871222896225e-08,9.19165236343288e-08,-3.11577243147456e-05,1.87544611933332e-08,-1.99535656289678e-06,2.41663611063757e-05,-1.74597087461946e-09,4.06788686868847e-11,7.23323601487948e-10,-5.70931134945099e-09,9.56293550048417e-08,0.0002389560656439,-1.41368919022875e-05,1.9472529525736e-07,-6.74735912614203e-06,5.19712759998754e-06,-4.05504441719523e-07,3.89424955659997e-05,-0.0184187025032563,2.22866459702887e-09,1.97190349573856e-05,9.74879046356634e-08,9.25197911689546e-07,2.54401730324105e-09,-1.49912596729595e-06,7.90687789315403e-08,-1.30353293326716e-07,2.1019324750756e-07,-4.12188290767406e-07,3.30205877986263e-07,-2.46811503952533e-08,4.94132345780284e-06,-2.17113758601954e-08,3.59766616306742e-06,1.61080380575471e-16,-9.08746939196473e-06,-1.71634241979032e-05,-9.7634572796019e-12,-8.74859173545971e-08,1.31079161208889e-07,-8.19083211711457e-08,-2.33477435909263e-08,2.83570751294157e-09,-1.26883724456462e-07,4.79980221815044e-06,1.79357921916422e-06,-1.43608597336418e-08,7.70418758112293e-06,-2.59366813157075e-05,7.08023577961813e-07,-0.000238092034675776,1.81019786222442e-07,3.1671251305981e-07,4.88983544544142e-09,1.36166451055115e-05,-1.79621412188866e-06,7.95566875425676e-09,-2.49584729641216e-06,2.92792937092608e-07,-1.0637359575286e-06,7.78819024510561e-07,6.9318331697349e-06,3.51530617158287e-07,-1.11656071112576e-07,-7.28397011623827e-07,7.40355551918482e-08,-3.43964823338562e-07,9.62323714909156e-07,3.91100865651996e-06,-0.000301956508085721,-2.28193735760104e-17,5.10793522035191e-08,2.782794442163e-07,-2.74584740357728e-08,1.46711300359239e-05,1.57565311581548e-08,3.87750314841762e-06,0.000151929762265072,-1.14042782492745e-06,5.01753375124926e-06,3.12185706058977e-16,-0.000440875397079064,-1.33114693720116e-09,-1.01170263744944e-06,4.33645056313412e-08,8.76311861138261e-07,-5.85932279651277e-07,-9.79591540830534e-06,2.62566585651389e-06,-2.63506856057924e-07,1.66773490632692e-05,-5.35873388649348e-08,-5.12064401904057e-06,-6.82650831339529e-09,-9.95307410782702e-10,-1.41967088964118e-05,7.76187578417985e-08,-2.62262325015224e-05,-3.66448337664134e-17,-4.10385954750087e-07,3.2327141665173e-08,9.31685358835517e-10,8.37766467798218e-09,-1.27709524236198e-05,-0.000103324953385443,2.59061154619417e-07,-9.56915976364619e-07,-5.56181661101187e-07,3.81743734046118e-17,-1.03675145998635e-05,-3.73650573027639e-08,-0.000708952938881677,4.79117542746789e-16,2.11509243248844e-06,2.76641838733026e-07,-4.2925729364262e-08,-2.99558841597032e-05,-5.822040454649e-06,-5.39845931720843e-06,-1.01951318614485e-06,5.45343646612893e-06,2.29927378087195e-07,1.28027931752796e-08,2.98688626186927e-06,9.05523404223702e-08,-4.31449273297469e-17,-3.62926608889019e-08,1.34462314762114e-06,5.81370950392208e-07,-3.66684698789142e-06,1.77942637729029e-16,-7.52900450075088e-08,1.39077305158226e-08,-1.5799280319008e-06,-2.25845959811097e-08,-8.19196021506373e-06,7.99184989905322e-08,-1.06074294956658e-06,5.72312197669021e-06,1.06059503476368e-16,2.07329724683384e-05,-9.83146378268651e-08,2.85623377767008e-07,3.07171870115029e-05,-4.03785023226882e-08,-9.37668496973413e-07,5.5944832100252e-17,1.93194758573419e-17,-8.38233796078903e-07,-5.4279586789477e-08,7.16012537226048e-09,-7.92067591967911e-06,2.44849439561755e-15,-4.58959912881423e-05,-7.8046915028083e-07,-3.75545973346404e-16,-3.32098295924986e-17,8.68324461222503e-17,9.32488449153519e-06,2.54038004451268e-07,-2.78160552037516e-07,8.44650379291709e-06,1.19924116584242e-06,2.21978563413404e-07,-9.63117442077881e-08,3.59646734057336e-17,-2.10872994420189e-08,5.9219588574772e-08,3.09932215268021e-16,5.61685938179544e-17,-3.71589884860009e-08,-2.14570635692677e-09,-2.19799734762785e-08,5.54858697412278e-06,2.16181614222466e-08,-8.66422076714503e-07,1.7198476834021e-16,-3.0501266012723e-07,-1.34461737067918e-16,-1.68711827225053e-05,-2.73950783932775e-16,-2.40518917079011e-08,1.49558067764136e-17,9.88827395469442e-08,2.60386097388813e-08,1.96851277237556e-06,1.59063606942015e-06,7.02500894717959e-08,-8.06894227677362e-09,5.11524575783639e-08,1.91672213887938e-08,9.18512903597003e-06,3.05943548232082e-07,1.78352681577829e-08,-5.02069864905907e-08,-9.15521464554867e-06,-1.29287071500155e-05,-2.39143294390095e-08,4.85904890097577e-17,2.23884011006273e-07,-3.85776219447403e-08,1.99263119418174e-08,1.19700199823371e-16,3.70501503920355e-07,1.05518174778664e-06,3.37785609143453e-07,3.98819825212463e-16,-8.18529582449017e-08,-4.61082924204833e-06,-2.0342484426391e-16,-5.74242471425954e-08,1.28203789641032e-07,-1.07991215235736e-16,-8.95633017073802e-18,-4.71811213090084e-09,-2.66569814498189e-06,-1.51872180839248e-08,-2.10709080594177e-05,5.88692199114685e-07,1.554502102489e-08,2.74714024009021e-05,1.38337152997146e-07,-3.46667184541257e-06,4.2699947310626e-16,6.40675525425945e-10,4.67682982858789e-08,1.29163948081649e-07,2.04838626820834e-05,2.94109336120969e-16,1.90857226098739e-16,1.71282117983847e-06,-6.94486369982048e-17,-1.00830959882653e-15,1.77018686086871e-07,-2.60467045115734e-07,-4.87651245672064e-08,-4.65346331026028e-07,1.24908436752254e-06,3.2630034850531e-07,4.17079521438793e-07,2.01830951565364e-16,0.000116316479060463,1.01935848577517e-07,8.08220042760527e-06,-4.47917561351948e-08,1.77044925429255e-07,1.35306782209735e-16,-1.20666041274371e-16,-5.22404928203711e-16,-1.63124531524645e-06,-7.43789760002576e-09,-4.82170911806288e-07,-1.71805622553578e-16,-5.70177125592958e-09,-1.95113173762154e-17,-1.11647877343353e-16,9.33870251645174e-07,-2.33824446611579e-07,-6.8738417735581e-17,-1.93018704345668e-06,-2.60352999477435e-08,1.79923675111128e-16,5.89230277947202e-08,1.5049875542088e-16,3.7262561207501e-06,-1.35936545876279e-16,3.72014245202168e-06,1.80670481990064e-07,6.55866413483343e-09,1.10052885168804e-05,7.55160994859696e-05,-2.08964298377458e-08,6.43101215075661e-07,-1.45558392178443e-16,3.8062553896615e-07,-2.14857531249968e-08,-3.56037371642383e-17,-2.83099316575564e-09,-5.77051316041726e-08,1.34098099486065e-08,-4.16734330084685e-17,4.30398980115649e-08,5.69323057621401e-08,2.81942426387298e-17,-1.57996459351764e-06,-1.19934078508474e-06,-1.63783724090915e-09,5.02464371317412e-17,-7.58862795824399e-16,2.93173896388168e-08,1.60079368311299e-05,1.28767424810427e-07,-1.17755074523226e-08,2.87648408936145e-05,4.25549430731426e-16,2.06135346570246e-16,3.5080890053395e-06,6.22325006216194e-09,4.58574415274689e-17,0.000253664132417733,1.45922368415699e-16,2.36257965726556e-08,-4.03961416313979e-07,-5.40642678238265e-07,-3.58900144816994e-06,-6.0647259760407e-17,-2.70092866706662e-16,-9.2500427710401e-17,8.40692143565866e-17,-2.78215625435476e-09,-9.65263285558683e-09,6.56411448757772e-16,1.54272190470359e-16,-2.99908051134343e-16,1.35962199008237e-08,1.22217187810658e-10,-6.73371648709087e-09,1.22801198463882e-16,-6.40255264170581e-16,1.78893358460108e-18,-2.89338107719412e-07,8.85423511370086e-09,-2.71134774260891e-16,1.55436605107477e-09,-4.06716071380709e-08,-4.78979954699563e-16,1.54579336477357e-16,-4.95751937068511e-06,-2.87348220171426e-10,-2.45597763554073e-06,1.09641514825669e-15,1.56778389083474e-08,2.53065763978328e-07,2.71599451666497e-07,-1.01391167644744e-06,-6.01727904517723e-08,9.79738865692287e-10,1.22174239433363e-15,1.03599270169828e-15,-1.8121262595248e-16,1.8648243377078e-08,-1.68847445637489e-08,-6.59683852356434e-07,-5.01145355757282e-09,6.26513751279598e-17,-2.64954462700062e-17,1.5120290957409e-15,-1.70598453607189e-16,1.19346017941305e-15,2.39390062280129e-08,9.42072771177169e-17,9.96230647962719e-17,-6.79259368436185e-06,-4.72851921370846e-16,-6.08702346879692e-07,1.26590062808069e-18,-4.45097609431499e-07,1.52062741858251e-16,-5.39288920659236e-07,-1.14222316854541e-06,-5.95477197977415e-08,3.49280230494763e-16,3.67538610033519e-06,3.21464140123992e-16,3.29142723162847e-07,-5.23847043139124e-08,2.89909653411151e-10,3.30970725605458e-16,1.59685140629677e-06,-5.77895399107049e-18,-1.14991902936444e-07,-5.87022405883971e-08,1.28009477069918e-16,-5.10766276513567e-16,4.81626468101491e-16,-2.50748246386487e-17,-8.90625007888495e-09,-4.49412552917174e-07,-9.99440392334729e-07,-1.53689826630768e-16,-4.96721190464821e-16,-6.06647816615743e-09,4.94869532503589e-08,-5.67617480584833e-16,1.80145317463953e-16,-9.87096876817375e-08,2.42118062818074e-16,-1.91271137024908e-06,-4.51190156445109e-16,1.75259390805377e-07,-4.03622976055689e-16,2.51073216753614e-16,-3.35937874827872e-16,9.39464386918036e-16,3.02067021409569e-16,-1.12902786037596e-15,3.37095091279427e-09,-2.35754422855676e-08,-8.7360161104693e-17,-1.56569698474937e-08,6.57902319421038e-07,7.04265611464679e-17,-3.89722870235411e-16,7.71098484182273e-16,3.02383315257334e-16,6.05046366257467e-07,0.000115189797201598,-1.42734283590864e-15,-4.64850243116882e-16,-1.17836120109023e-07,-3.80645599004319e-08,-5.76387785906367e-10,-1.30369102821409e-15,-4.83084651406118e-16,7.17979004341325e-16,3.81403122980088e-16,-5.32022235767069e-16,-1.93895852207258e-16,2.7289539900895e-05,-7.98950677086888e-07,-7.12734510614022e-07,1.07736929113206e-15,-9.5108349781056e-16,3.55074646916911e-16,3.38846586998534e-16,-6.39173297085868e-16,1.27366252752521e-15,1.16561292182409e-15,5.53851232883314e-16,1.36250859866805e-15,-2.15416271530251e-17,-6.16061152343868e-16,6.67237158642026e-17,1.30881462030502e-17,9.03496862185799e-16,2.24993579426052e-09,-6.74037835600949e-16,-8.68744170599048e-16,-1.30278327652509e-15,3.18533984218193e-08,-3.93930850324976e-08,-1.1571668165762e-16,-8.22138173230195e-10,2.9117116625833e-08,5.30675582240728e-16,1.11786216987068e-15,-5.61573064408751e-08,-1.18087498809722e-15,7.17233932468654e-10,-2.70113339858404e-16,2.49927224682419e-16,-2.66255402911526e-15,1.90038902828226e-15,7.19902231150073e-08,-9.64103357836041e-08,2.24112687563728e-16,4.81831257828785e-16,-1.33050035898543e-15,9.62904249299306e-15,-1.35244734248557e-15,1.73098024913028e-15,4.05077921436989e-15,-1.39546895510961e-15,1.16135071098279e-09,9.1376210620593e-15,1.84268124635005e-14,6.6424147783143e-14,5.10373438340503e-15,0.707106781186546,3.91450530362022e-14,-2.5253902127955e-07,-7.86829126373521e-16,-3.002374362175e-14,1.70842197172583e-08,-1.53182635196435e-14,9.29558212316631e-15,-4.9271538921522e-15,-1.67457404735535e-15,1.42519700778759e-08,2.35232833022887e-15,-1.07567919514682e-06,-4.6010561357615e-15,1.04938396485601e-15,4.24730708524122e-15,-6.05591721941531e-15,-3.78707731719017e-15,-9.08109709720147e-15,1.70436265574755e-08,-2.19056911062831e-15,3.55905630838882e-15,2.1522977549185e-09,-2.12752767642567e-06,1.33214883037353e-16,3.66263684132268e-07,8.32659176760032e-06,1.03697776060532e-15,-1.78380668612177e-15,-1.80612275922487e-16,-6.58254946626937e-16,-8.35660563683841e-16,-1.39662793211763e-05,5.65531205832622e-16,-1.34649197140587e-15,-3.88393787303698e-17,5.66211066474252e-07,3.61606919637113e-16,-1.05009086904577e-15,3.74531660322274e-16,-1.21856310087233e-15,-0.000170441570850282,1.09791316960317e-15,4.48577048674071e-10,4.2617389249626e-16,6.38858961567737e-16,1.40510534056182e-16,-3.61932098441688e-16,4.56551402640142e-16,1.17468147006819e-15,4.05630338017258e-16,-7.79073044543985e-09,-5.65825702438531e-16,-1.61424068821817e-15,3.2754977967939e-09,-1.01329937248834e-15,4.68154527362336e-16,-1.08183262066955e-15,1.444026072937e-15,4.6630901903024e-16,-6.35032884394545e-18,-2.37486685003685e-08,-1.31120172718303e-16,1.16269977114838e-16,7.07206797033365e-09,2.47527203349218e-16,-6.33084223247375e-16,2.28056411929604e-16,-3.01399991494647e-16,-1.03456761268074e-15,-2.34587101913431e-16,8.52346138861655e-18,2.45550045346979e-16,9.13307092510223e-16,-1.26939825451564e-16,1.23559381313068e-15,-3.71103610739011e-09,1.23063042485535e-08,1.17047529124443e-16,1.75604962468595e-15,-4.86972218040755e-16,9.2939542565374e-16,5.24889376754545e-17,-8.31138095870268e-16,-8.53867718227961e-17,3.39721216753996e-16,-1.17315898818633e-08,-4.16102468884091e-16,5.09358448485173e-16,1.70784824303272e-16,-2.88902220423505e-16,1.36593691887173e-09,9.86063082871143e-17,-2.16643190966359e-10,-1.15536876970504e-16,-3.18146621061271e-17,-5.19445632445747e-16,-7.08413261449439e-16,6.26097530080246e-16,-3.09747667410018e-16,4.88457679828473e-17,-3.85940877485053e-16,8.261310533766e-16,5.6012933012909e-17,1.79744343013266e-16,8.85588393964278e-17,2.89973400463233e-16,2.39669637853637e-16,8.96345602327684e-18,-3.08043558722004e-16,-8.89609600396392e-17,-6.04202946289818e-17,2.22584677094394e-17,-8.53921434172564e-16,-1.02579078044285e-16,-1.41752312883424e-16,-4.51389349276765e-16,3.49436375532767e-16,1.37629807028475e-16,1.74492409191457e-07,-5.69332386533337e-16,4.22711103226504e-17,1.33542752980389e-16,7.72599656398136e-17,3.99780079351649e-16,-3.23333062738858e-16,3.56726521505736e-16,-1.43278788944321e-17,-4.74276891539776e-17,1.3247992903781e-16,2.02745806254789e-17,2.68980741198341e-16,-7.67427414607614e-17,-9.65953278766496e-17,3.08127134468376e-16,2.58958980541458e-16,9.36670414804999e-17,-1.34950951342709e-07,-1.95740757993079e-16,8.37665142075742e-17,2.83164307483343e-16,3.76220630108148e-17,-2.22877426407276e-16,1.06019714346616e-16,1.38007326391495e-16,-7.34287942880713e-17,-5.86583415566414e-17,3.09614150041738e-09,2.09824017460576e-16,5.80923110583334e-18,-3.11629123433455e-16,-2.59193632811913e-16,-4.72888746865445e-17,2.16815698500819e-17,-1.74004463374901e-16,-1.07076732799878e-16,2.08387132804279e-16,1.08240017608222e-16,-5.67942750775712e-17,-3.06476439307992e-16,1.27675481163347e-16,2.44003571077692e-07,2.26416665015961e-16,3.13557698553776e-16,-5.56200153412891e-17,-2.51589114125261e-16,-4.28695132985955e-09,-4.18389824184453e-17,2.26785843459553e-16,2.78327760257862e-18,-2.37671750371358e-16,-1.09886269138103e-16,1.74994439141915e-16,-3.63459428229145e-17,-2.62522312015515e-17,-8.89508216161997e-17,-1.36239526610657e-16,7.82620028087927e-17,-2.17907579559711e-17,2.33504884194933e-16,3.85928689598422e-17,-1.7920654862218e-16,-5.41579938853309e-16,-2.18993917124506e-16
"t549",0.0358730277835167,-0.0106776832839146,-0.0116862441440743,0.000694167110466783,0.00648096494851836,-0.0179352147368454,-0.0025374821997536,-5.52428324080541e-06,-0.0541736049638541,-0.0423442979382488,-0.0423030965635933,0.000464842763257735,-0.000965613483467029,-0.000207565663305967,-0.00573183436664544,0.000128171023835795,7.99845045264579e-05,-9.20518069983352e-06,-0.00392584400384814,-0.000705301011193807,1.26353490463688e-06,-6.78702727307504e-05,0.13086661584746,0.00556879930455647,-0.000540653128234379,0.00648014811807049,-0.069920857599313,-0.000563432535642221,-4.68320832366188e-05,0.00345501098498072,0.0228754567407472,-0.0126547190697296,-6.0511148916247e-06,0.00566510459030721,-0.00739962612140813,-0.0015509609892711,-7.83601511021811e-05,0.000390369216691934,0.139476509095722,-0.0233219080088627,-0.000544469120073597,0.0335848503438423,2.47812042204342e-05,-0.00139644655278667,7.63087441334919e-06,2.79649231942313e-07,-1.57097700948376e-08,-7.57953189801323e-08,0.000124006903621443,-0.000410234826588047,6.86761690678622e-07,-1.14647844618013e-06,1.56094344072371e-06,-5.83545892967946e-07,6.46169656389186e-05,-5.086145414749e-05,3.03868499649444e-05,-3.85156265998094e-05,0.000336996008058421,-6.10935481842804e-07,-6.36087668582401e-07,3.64242945550056e-05,-2.47525952134861e-05,1.94966131550293e-05,-0.0110365424385935,-1.10699424086695e-07,-7.27422243304785e-06,2.3634075946548e-05,-5.75715713775734e-06,2.58194345101015e-05,-1.68345866500812e-07,2.52939902241307e-07,-7.38060056000263e-07,-2.75800758467566e-07,1.04122232282498e-07,5.16219037883739e-08,-3.65976641985262e-07,-8.64842157866785e-08,0.00114021550248138,-1.68486133981727e-05,-3.14806640864962e-07,-3.87985201364572e-05,0.00187057920562519,-5.36076755563018e-06,-2.7121144648718e-05,-9.13950040263866e-06,1.69628818619421e-06,2.9923527843445e-05,5.63649897446557e-08,-2.3078942419394e-06,2.47736169569918e-05,-2.18027600375941e-08,-1.55922983417374e-05,1.70608190859039e-05,4.83102748150356e-06,5.93621729841236e-06,6.99222934615692e-07,-4.21251550947219e-06,4.94809830067324e-05,0.00122514964358788,3.02709648743915e-05,-2.03876524191568e-07,4.35736952296658e-05,-0.000101693821434386,0.00222446205274263,-3.61106605557483e-06,0.00112973370723975,-1.54322208979554e-06,0.00300058845568422,-5.05787655425606e-07,-1.78363930096701e-05,-4.36341127559682e-05,1.38375608215225e-05,-2.6898348867715e-05,3.41373406415134e-05,-8.21645883861004e-05,0.113616634501482,-0.3966864718987,-0.00117684399255186,0.000243264133665347,-0.00011231273356791,0.000137558505036094,-0.00158206411326218,-0.00155681977638495,7.42484888281275e-06,-0.000131030035243123,1.3421908121987e-05,-0.000282027075438547,0.000195549551166817,0.00678476436368378,4.91240237155175e-05,-0.000158246774250004,1.26173835926594e-05,0.00149318488559345,-2.86169097558408e-07,0.000187436428914732,-0.000472223418504285,-1.64810748010889e-05,0.00182132817416038,-0.000526182343802045,-0.012485516836698,3.13031191650614e-05,5.01280658901023e-05,5.38492952899032e-06,3.11929617054944e-08,-7.99819307215497e-05,-5.56511715011872e-06,0.0150443869559702,0.000203943350394685,-2.12852011208265e-06,-2.64207367726089e-06,-0.000139038706155023,-1.93912977363834e-06,0.00047506981137996,-1.46673269960237e-06,-2.75335246711566e-05,0.000169454344417903,-1.68259155369788e-05,-9.78825452550532e-05,-1.36125745507184e-05,-1.31792089799667e-05,1.92305220938988e-06,-0.00236145237722709,-1.72631457690992e-05,1.25080411530828e-05,-8.62975881580725e-06,0.00248845781304422,3.37013193810333e-05,0.00212750278073406,8.50218317893316e-06,-1.87017166309057e-05,-3.35976568123323e-06,5.96657330578014e-07,0.0464291087552913,2.14711864454532e-06,4.69735600926457e-06,2.1168322038062e-07,-1.07002244749271e-05,-0.000590588327114992,-7.00036237938794e-05,0.000302100060775124,0.000104876510705674,-2.48897468472138e-05,-1.15261201207276e-07,-4.16719716430448e-06,-4.97662744539973e-06,-0.0774828453399135,-0.0035899894829335,-0.0166010273505517,-2.24457792087396e-06,0.00828228875899333,-8.4813446057874e-05,-2.60279292862104e-05,-3.16124332145268e-09,-2.70788490731913e-07,3.51887532588348e-05,2.0374554471335e-05,2.68268336136717e-07,-2.62038014752378e-05,-1.67335137930227e-06,-6.46239385576737e-06,-1.41284007079401e-06,-0.5023491548279,-1.09105250850053e-07,-1.25532735273687e-05,-6.73642776608646e-07,1.27971406839449e-05,7.96659473891901e-07,-5.8169589499901e-05,-1.58355752989366e-08,-0.000355437116840449,-2.32564366773529e-06,-5.9297152219257e-06,-0.000176942033568913,2.83335741125055e-08,-5.10574072081412e-07,1.74256086866151e-07,1.14675584274722e-07,-0.00306576884957124,-1.66695362484124e-05,-8.09660661177983e-06,1.2475120924631e-05,2.95671770959575e-06,1.37139139654297e-05,-5.826767970252e-05,-3.65813835079122e-06,-0.000355343824411013,-4.94946214069131e-06,-0.119668755846362,0.000292021168641755,-1.0579616645894e-05,-1.61190481002416e-06,-3.89567952986393e-05,-1.35536021735584e-05,8.67743488974482e-06,7.1435086033662e-08,2.54157206907304e-05,2.18882381644373e-17,1.82778860291129e-07,-2.48215704298885e-06,3.64276860470168e-07,7.40655320894453e-07,8.26054861004837e-06,-1.12962469180027e-07,1.12867624808168e-06,-4.73193243951943e-07,1.74121423152005e-05,-4.98871224311591e-08,9.19165235402639e-08,-3.11577243148048e-05,1.87544610937263e-08,-1.99535656280655e-06,2.41663611063332e-05,-1.7459708078295e-09,4.06788120644263e-11,7.23323857409835e-10,-5.70931133252607e-09,9.56293548941513e-08,0.000238956065643967,-1.41368919022759e-05,1.94725295317524e-07,-6.74735912600907e-06,5.19712759987228e-06,-4.05504441764065e-07,3.89424955658554e-05,-0.0184187025032563,2.22866449866489e-09,1.97190349574888e-05,9.74879047351288e-08,9.25197911760841e-07,2.54401705221775e-09,-1.49912596727623e-06,7.9068778896903e-08,-1.30353293363694e-07,2.10193247558638e-07,-4.12188290654597e-07,3.30205878101592e-07,-2.46811503350721e-08,4.94132345791693e-06,-2.17113757716579e-08,3.59766616270832e-06,-1.97641163503601e-17,-9.08746939185571e-06,-1.71634241981563e-05,-9.76353964550876e-12,-8.74859173187444e-08,1.31079161200431e-07,-8.19083209252766e-08,-2.33477434525252e-08,2.83570767814357e-09,-1.26883724507248e-07,4.79980221791189e-06,1.79357921899511e-06,-1.43608597440206e-08,7.7041875813405e-06,-2.59366813157693e-05,7.08023577888424e-07,-0.000238092034675901,1.81019786271502e-07,3.16712513116167e-07,4.88983540718964e-09,1.36166451054528e-05,-1.79621412185548e-06,7.95566879461583e-09,-2.49584729625851e-06,2.92792937110198e-07,-1.06373595748151e-06,7.78819024577531e-07,6.93183316993786e-06,3.51530616995347e-07,-1.11656070906366e-07,-7.2839701165919e-07,7.4035555279649e-08,-3.43964823464578e-07,9.6232371504175e-07,3.9110086563785e-06,-0.000301956508085428,-7.07116188840832e-17,5.10793524839838e-08,2.78279444180801e-07,-2.74584739465701e-08,1.46711300358058e-05,1.57565311942542e-08,3.87750314851614e-06,0.000151929762265085,-1.14042782495073e-06,5.01753375141074e-06,1.59529076802527e-16,-0.000440875397079141,-1.33114683586503e-09,-1.01170263742243e-06,4.33645055955674e-08,8.76311861060258e-07,-5.85932279935589e-07,-9.79591540825255e-06,2.62566585661227e-06,-2.63506856283186e-07,1.66773490631292e-05,-5.35873387682427e-08,-5.12064401863221e-06,-6.82650817646576e-09,-9.95307608398876e-10,-1.41967088965164e-05,7.76187579478087e-08,-2.62262325017923e-05,-2.65355826020979e-16,-4.10385954670241e-07,3.2327141591366e-08,9.31685517025406e-10,8.37766466098929e-09,-1.27709524234611e-05,-0.00010332495338525,2.59061154498919e-07,-9.56915976372795e-07,-5.56181660863965e-07,-3.23689874887148e-17,-1.0367514599623e-05,-3.73650575297931e-08,-0.000708952938881528,4.36720488690391e-16,2.11509243246112e-06,2.76641838637333e-07,-4.29257292921102e-08,-2.99558841593668e-05,-5.82204045450652e-06,-5.39845931744472e-06,-1.01951318622222e-06,5.45343646624204e-06,2.29927377656336e-07,1.28027931175745e-08,2.98688626174165e-06,9.055234056674e-08,2.42216755813815e-18,-3.62926607601029e-08,1.34462314795539e-06,5.81370950366072e-07,-3.66684698799153e-06,-8.17854700713477e-17,-7.5290045008398e-08,1.390773040602e-08,-1.57992803195895e-06,-2.25845964770527e-08,-8.19196021500106e-06,7.99184989616667e-08,-1.06074294951659e-06,5.72312197689396e-06,-1.78343413192682e-16,2.07329724685265e-05,-9.8314637859398e-08,2.85623377496224e-07,3.07171870114652e-05,-4.03785024154323e-08,-9.37668497335108e-07,1.22731685925359e-16,4.43926202021113e-17,-8.38233795762484e-07,-5.42795869699119e-08,7.1601251098556e-09,-7.92067592003373e-06,2.46320196830238e-15,-4.58959912879452e-05,-7.80469150084723e-07,2.43858741827742e-16,6.65438477031389e-17,-8.19966621543239e-17,9.32488449180108e-06,2.54038004418077e-07,-2.78160551160502e-07,8.44650379315912e-06,1.19924116567726e-06,2.21978563561635e-07,-9.63117443151647e-08,-1.43436860280592e-16,-2.10872993452048e-08,5.92195886579845e-08,-2.94617874703541e-16,-3.26773273393691e-16,-3.71589881779012e-08,-2.14570613018476e-09,-2.19799733286091e-08,5.54858697420575e-06,2.16181621145232e-08,-8.66422076651089e-07,-2.69393936078636e-16,-3.05012659599513e-07,9.53348435934922e-17,-1.68711827225074e-05,1.7019941228949e-16,-2.40518915192475e-08,9.74630822161475e-18,9.88827395732988e-08,2.60386097002566e-08,1.9685127723967e-06,1.59063606981443e-06,7.02500894685636e-08,-8.06894213127327e-09,5.11524571670786e-08,1.91672215611542e-08,9.1851290360448e-06,3.05943548475434e-07,1.78352681851033e-08,-5.02069866711748e-08,-9.15521464514748e-06,-1.29287071501315e-05,-2.39143299607265e-08,-5.92997764364974e-17,2.2388401083173e-07,-3.85776218842554e-08,1.99263114679865e-08,-1.01798593265974e-16,3.70501503243275e-07,1.05518174773285e-06,3.37785609160119e-07,-2.52375113776904e-16,-8.18529582895166e-08,-4.61082924160697e-06,2.28626220603705e-16,-5.74242470971754e-08,1.28203789147666e-07,7.09569148569126e-17,-2.6298976571007e-17,-4.71811191038767e-09,-2.66569814537045e-06,-1.51872176425323e-08,-2.10709080592125e-05,5.88692199372865e-07,1.55450212699968e-08,2.74714024010045e-05,1.38337152968124e-07,-3.46667184563084e-06,4.98909182196361e-16,6.40675629905385e-10,4.67682984075723e-08,1.29163948075279e-07,2.04838626818183e-05,-3.03781509579736e-16,-1.83217222130592e-16,1.7128211794546e-06,9.3286408632857e-17,-6.6864037827185e-16,1.77018686253624e-07,-2.60467044836901e-07,-4.87651244731959e-08,-4.65346331165653e-07,1.24908436783956e-06,3.26300348691765e-07,4.17079521363543e-07,-1.1736708401394e-16,0.000116316479060141,1.01935849085457e-07,8.08220042747429e-06,-4.47917560037353e-08,1.77044925403383e-07,2.79288475283232e-16,1.79943520236663e-16,4.09250011733971e-16,-1.631245315609e-06,-7.43789735189254e-09,-4.82170911432025e-07,2.18615954423457e-16,-5.70177110880928e-09,-5.88678562374385e-17,1.06753348907423e-16,9.33870251739771e-07,-2.33824447131644e-07,1.9691821957768e-16,-1.93018704327258e-06,-2.60352995732397e-08,-2.24426603832561e-17,5.89230284583332e-08,-7.76687050973224e-17,3.72625612133843e-06,6.35015052236595e-17,3.72014245177608e-06,1.80670481781864e-07,6.55866404792108e-09,1.10052885171027e-05,7.55160994860361e-05,-2.08964298721421e-08,6.43101215260812e-07,1.65954859876819e-16,3.80625539280677e-07,-2.1485753263856e-08,1.45289047469899e-17,-2.83099235898723e-09,-5.770513171283e-08,1.34098098721703e-08,1.49638101986781e-16,4.30398979150726e-08,5.69323056159355e-08,-8.86762649277545e-17,-1.57996459346446e-06,-1.19934078491249e-06,-1.63783748658513e-09,-2.16382384073587e-17,8.49162588426442e-16,2.93173892273011e-08,1.60079368313785e-05,1.28767424222842e-07,-1.17755074137657e-08,2.87648408935433e-05,-4.58688918198339e-16,-2.40935520992217e-16,3.50808900470673e-06,6.2232494156657e-09,-2.90680543159649e-16,0.000253664132417344,-9.42226568991062e-17,2.36257971072622e-08,-4.03961416707282e-07,-5.4064267940821e-07,-3.589001447041e-06,-6.64794286803637e-18,2.62598102705843e-16,1.1915112957721e-16,-8.84645632343161e-17,-2.7821560417495e-09,-9.65263336264113e-09,-9.97641362583044e-16,-1.65696593914124e-17,2.30481649620553e-16,1.35962203190818e-08,1.22215773736163e-10,-6.73371638536222e-09,-1.2572034412859e-16,9.76385042695399e-16,1.46631567565086e-16,-2.89338108338546e-07,8.85423544765207e-09,1.66816168762726e-16,1.55436604585029e-09,-4.06716077539655e-08,5.09957685052051e-16,-1.57668326327075e-16,-4.95751937030024e-06,-2.87347818475381e-10,-2.45597763565093e-06,-8.22192936940441e-16,1.56778392598567e-08,2.53065764328605e-07,2.71599451442501e-07,-1.01391167639554e-06,-6.01727904842442e-08,9.79739164162991e-10,-1.10799124763635e-15,-7.92744683475192e-16,8.06218735028128e-17,1.86482424322233e-08,-1.68847442084626e-08,-6.59683852334205e-07,-5.01145367763932e-09,2.3254178685268e-17,1.77225166042497e-17,-1.69586683530379e-15,1.90327118153239e-16,-1.42301782166377e-15,2.39390056994034e-08,-1.27167237343259e-16,-8.97358124719586e-17,-6.79259368510136e-06,4.27837816057808e-16,-6.08702346420433e-07,7.71463319640378e-17,-4.45097609123747e-07,-1.70896809518606e-16,-5.39288920987191e-07,-1.14222316834948e-06,-5.95477198855629e-08,-3.31100751100853e-16,3.67538610153578e-06,-2.8637642873394e-16,3.29142723199648e-07,-5.23847042934685e-08,2.89909733201284e-10,-4.27157617332576e-16,1.59685140542627e-06,7.62529716426766e-17,-1.14991903439841e-07,-5.87022416522909e-08,-1.1573869057867e-16,5.28533691226349e-16,-5.78829652984633e-16,4.0042120139569e-17,-8.90624971999413e-09,-4.49412553640345e-07,-9.99440391717334e-07,2.1095825598244e-16,5.1190315681852e-16,-6.06647748345828e-09,4.94869532589241e-08,7.39984582693533e-16,-2.13227902855385e-16,-9.87096884231619e-08,-2.96159721851514e-16,-1.91271137051189e-06,2.81109641760692e-16,1.75259390282954e-07,4.24450052964839e-16,-6.1948054322459e-16,3.33781102364953e-16,-1.19749413048648e-15,-3.2432215026455e-16,1.11039172689285e-15,3.3709534732456e-09,-2.35754432964731e-08,2.55544508398329e-17,-1.56569700505741e-08,6.57902319703137e-07,-3.51468844318548e-16,3.11881614155529e-16,-3.85309156033101e-16,-3.46701885405414e-16,6.05046366252701e-07,0.000115189797200109,1.63574763598424e-15,5.06025887574666e-16,-1.17836120090378e-07,-3.8064559416461e-08,-5.76388260062704e-10,1.17495181157675e-15,5.01628045108842e-16,-7.35398020160228e-16,-3.64379346568993e-16,5.23433716209762e-16,1.61559444340061e-16,2.72895399010518e-05,-7.98950678347744e-07,-7.12734511902178e-07,-1.07290092873456e-15,9.75516817512947e-16,-2.96409816668989e-16,-2.5707799467104e-16,6.06547905398131e-16,-1.22629083301777e-15,-1.12967469746781e-15,-6.46007087089168e-16,-1.34556512623069e-15,1.19857336566776e-17,6.59364781064078e-16,1.09433451186949e-17,3.50422669987058e-17,-8.87991501949537e-16,2.24993696589002e-09,7.12615681264298e-16,9.0761266817922e-16,1.31764251423421e-15,3.18533983907028e-08,-3.93930839709819e-08,1.42133597048881e-16,-8.22133768767212e-10,2.91171159960471e-08,-5.21954316962449e-16,5.69042409957105e-16,-5.61573030075321e-08,1.12561035938875e-15,7.17232033538523e-10,2.46622234232502e-16,-2.5191916754453e-16,2.63781013714054e-15,-1.6826942874817e-15,7.19902238133428e-08,-9.64103306110111e-08,-2.86031535993433e-16,-6.24458613314995e-16,1.29564416614971e-15,-9.94037303949933e-15,1.40898848578069e-15,-1.69356103391311e-15,-3.95669344412245e-15,1.40707630661656e-15,1.16134137436223e-09,-9.15103295507483e-15,-1.84683431332499e-14,-6.64338739612908e-14,-4.94684917586259e-15,-0.707106781186547,-3.91034711603897e-14,-2.52539037039154e-07,8.70338864337858e-16,2.99000867957414e-14,1.70842169917096e-08,1.54181338310397e-14,-9.10833178319884e-15,4.93825749781026e-15,1.9751017203451e-15,1.42519661488085e-08,-2.33357103942109e-15,-1.07567920592821e-06,4.68761927227377e-15,-1.02987435911612e-15,-4.27415607830031e-15,5.91576878908895e-15,3.82348749572186e-15,8.98615631995017e-15,1.7043631049743e-08,1.82011511046906e-15,-3.38398486869903e-15,2.15229860027073e-09,-2.12752767363365e-06,-1.79028370951934e-16,3.66263682942763e-07,8.32659177342171e-06,-1.02744366788605e-15,1.78191742231148e-15,1.58878092961701e-16,6.36364040476962e-16,8.46859745284639e-16,-1.39662793210652e-05,-7.56052019603667e-16,1.17270598647282e-15,3.9809675118104e-17,5.6621106883494e-07,-3.12436701929312e-16,9.52197595450454e-16,-2.61861170083938e-16,1.21170285105463e-15,-0.000170441570848368,-1.04382499435843e-15,4.48579714584912e-10,-4.55925576228809e-16,-5.21074732929122e-16,-1.83435490566503e-16,3.26296485989572e-16,-4.63451923663188e-16,-1.17993515413537e-15,-3.73140200594216e-16,-7.79073132529703e-09,5.73916814665514e-16,4.75048025220386e-16,3.27549927251503e-09,9.37291725389008e-16,-4.50412564276389e-16,1.11907624593148e-15,-1.48202525914553e-15,-4.6155536433986e-16,-3.09729691787478e-17,-2.37486685089201e-08,1.04569639608293e-16,3.96185454392798e-18,7.07206697698762e-09,-1.13947537475004e-16,6.70996952558742e-16,-2.06646832844289e-16,3.25490098266514e-16,1.05971718189849e-15,2.86696186180651e-16,1.12527430359231e-17,-2.57946962638811e-16,4.69180576708075e-17,1.4904788272308e-16,-1.25492610945817e-15,-3.71103622682853e-09,1.23063039007415e-08,-7.59406262954828e-17,-1.82723612247375e-15,4.33944507629461e-16,-9.99762055898529e-16,4.0024678450018e-16,9.28543972249627e-16,1.61889465653755e-16,-2.90852216132843e-16,-1.17315904656663e-08,4.01763817942663e-16,-5.10047615975187e-16,-1.79580083346962e-16,2.41021532926713e-16,1.36593734935336e-09,-3.7319643321761e-17,-2.16643775351321e-10,9.02482565444201e-17,-1.65855641345219e-17,6.66774366404275e-16,6.70599893148553e-16,-5.65531447587414e-16,2.38120747457044e-16,2.49596277170639e-17,9.29797419992685e-17,-8.21812307615285e-16,-8.24878656051882e-17,-1.69991794294061e-16,-3.21371067129163e-17,-1.89127856446492e-16,-2.87128513690791e-16,-1.61940208620308e-17,3.51250503197097e-16,7.61224055186646e-17,9.94886586623054e-17,-4.66319011842899e-17,7.86555324370103e-16,3.27930499595397e-16,9.63633832901358e-17,2.73399803029794e-16,-3.59706956848926e-16,-1.45827164573519e-16,1.74492408933111e-07,5.18365002727574e-16,2.94673376077276e-16,-1.12805442427538e-16,-2.28464767383233e-16,-3.93222309874409e-16,2.97731152736668e-16,-3.09538373194103e-16,1.54628542389162e-17,6.42618645893262e-17,-1.68663132166777e-16,-2.36749096889366e-16,-3.40976725383007e-16,1.07892231917225e-16,6.87515073781683e-17,-8.71241449541492e-17,-2.71169358127889e-16,-9.30709822170496e-17,-1.34950951813469e-07,1.73161744645526e-16,-9.64644264408742e-17,-2.89428674780613e-16,-1.33638369533296e-16,3.21210831653447e-16,-2.40747111767439e-16,-1.21620660886697e-16,-1.40617392280077e-17,8.95648309584121e-17,3.09614146953668e-09,2.27171252220344e-16,-5.32039232693702e-17,2.75250020507774e-16,2.46093574279307e-16,1.38272135373648e-17,2.35640659582702e-17,1.59204568954114e-16,6.90757567156946e-17,-1.78387653428314e-16,-1.63049470707883e-16,5.50333448191903e-17,2.66974515125996e-16,-1.27173753055114e-16,2.44003571156738e-07,-2.28139437616611e-16,-2.97410835724082e-16,2.99517273125684e-17,-3.81720479877834e-16,-4.28695118010074e-09,3.61331099780148e-17,-2.42926439325244e-16,1.33414678025015e-17,3.47003421641599e-16,6.73433830768523e-17,-9.48154762962077e-17,2.41363577207563e-16,3.46233335135036e-17,6.92165765844335e-17,2.03996846435086e-16,-6.48265389133876e-17,1.07901136209571e-16,-2.6777776602861e-16,-6.57429568289954e-17,1.53930634325147e-16,6.14419959243937e-16,-2.05383772530099e-16
"t661",0.0358747424487568,-0.0106787615460026,-0.0116874626091263,0.000694264275034894,0.00648207727509728,-0.0179388311269569,-0.00253800398971736,-5.52551048756779e-06,-0.0541878448535838,-0.0423578285403542,-0.0423203124773163,0.000465076835443023,-0.000966114268166173,-0.000207674978205162,-0.00573498784937613,0.000128245809138016,8.0032318061858e-05,-9.2107858334224e-06,-0.00392829137553802,-0.000705779832789622,1.26446505222652e-06,-6.79309924798392e-05,0.130990540000918,0.00557410410322552,-0.000541170266066773,0.00648665551535849,-0.0699919415783249,-0.000564010724167497,-4.68814935736702e-05,0.00345935386867907,0.0229062386734425,-0.0126725732392367,-6.06031229842264e-06,0.00567415405784532,-0.00741209745539519,-0.00155380170562123,-7.85056528244551e-05,0.0003911066041083,0.139741924123509,-0.0233670083865514,-0.000545555113247333,0.0336536178675231,2.48327760195003e-05,-0.00139935656847579,7.6470813366309e-06,2.80285146550832e-07,-1.57462276616564e-08,-7.59728932328464e-08,0.000124305168789841,-0.000411249566544159,6.88523868277914e-07,-1.14947016654478e-06,1.56502669912329e-06,-5.85104359264389e-07,6.47965666477014e-05,-5.1003667781379e-05,3.04811335115763e-05,-3.86384540766465e-05,0.000338074186422041,-6.13022339263874e-07,-6.38367329535792e-07,3.65579169696774e-05,-2.48451149099553e-05,1.95698291404165e-05,-0.0110794373493039,-1.1114293348429e-07,-7.30533328683064e-06,2.37380941449502e-05,-5.78283022510131e-06,2.59373037357994e-05,-1.6921182371699e-07,2.54358553654528e-07,-7.42253823276994e-07,-2.77410223870239e-07,1.04731869679317e-07,5.19276210968611e-08,-3.68153880145152e-07,-8.70102284280851e-08,0.00114750102275805,-1.69584058982175e-05,-3.16927348534562e-07,-3.90617624798274e-05,0.00188394379911706,-5.39966225552308e-06,-2.73311454401443e-05,-9.21151847816313e-06,1.70989218914774e-06,3.01641939857834e-05,5.68186534632675e-08,-2.32650440434368e-06,2.49747218202951e-05,-2.19911405281627e-08,-1.5727784630114e-05,1.72147960060466e-05,4.87752923148818e-06,5.99390953063177e-06,7.06021512874248e-07,-4.25448271999542e-06,4.99783952192195e-05,0.00123788949432469,3.05944865271546e-05,-2.06060762387922e-07,4.40418023232228e-05,-0.000102927782861892,0.00225169921952585,-3.65559392006526e-06,0.00114383986465126,-1.56255857614617e-06,0.00303841884693776,-5.12224383729199e-07,-1.80640739898015e-05,-4.42012582277541e-05,1.40178060601916e-05,-2.72657030485083e-05,3.46082759007457e-05,-8.33233174527405e-05,0.115234810258185,-0.402491351433683,-0.00119451913117085,0.000246990121876961,-0.000114052250050768,0.00013977248902937,-0.00160816764318859,-0.00158253122534958,7.54791192367185e-06,-0.000133257949515707,1.36506070638593e-05,-0.000286939372912269,0.000199176835632201,0.00691070475490071,5.00405614504031e-05,-0.000161327071868446,1.28650352393703e-05,0.00152267013268935,-2.91961513196505e-07,0.000191243437867961,-0.000482332292478137,-1.68492406061531e-05,0.00186447098203777,-0.000538667091647313,-0.0127847697852058,3.20572731704004e-05,5.1345828132194e-05,5.5161622347968e-06,3.19531775314151e-08,-8.19762354879669e-05,-5.71039094657932e-06,0.0154560696279994,0.000209590658345364,-2.1890276219172e-06,-2.71733764446409e-06,-0.000143039543306369,-1.99526057837178e-06,0.000488914779229651,-1.51224718679541e-06,-2.83966437694341e-05,0.000174804850110968,-1.74549417265621e-05,-0.000101701813591394,-1.41472587701718e-05,-1.37163852999359e-05,2.00203756070164e-06,-0.00246327245983022,-1.80119548034933e-05,1.30776348995455e-05,-9.04211267801667e-06,0.00262613174215111,3.55759201134114e-05,0.00224600710651186,8.98582742854461e-06,-1.97924232919009e-05,-3.55642237871569e-06,6.33392555984017e-07,0.0493343279997534,2.28632994163183e-06,5.00462317673477e-06,2.2559322465046e-07,-1.1466929462204e-05,-0.000637115402421057,-7.5612890187195e-05,0.000326705901737787,0.000113851619017478,-2.70617332928268e-05,-1.2551614011165e-07,-4.54488879506589e-06,-5.45750586201937e-06,-0.0850932275401969,-0.00399973691019771,-0.0185058240526796,-2.51656537083284e-06,0.00946428148787598,-9.89395257050209e-05,-3.06232519271617e-05,-3.77346701696888e-09,-3.27265815659217e-07,4.46503440664607e-05,2.62121158907092e-05,3.57372094890175e-07,-3.56527594146135e-05,-3.35219551272742e-06,-1.3521876578234e-05,-8.7433705478455e-06,0.497560513671815,-5.74308044625026e-08,-6.62806633111233e-06,-3.75959131298101e-07,8.05783200045813e-06,5.31126457171895e-07,-4.2791682925144e-05,-1.24834119559328e-08,-0.000290339568623039,-1.91646411095793e-06,-5.04096495185389e-06,-0.000152389164780815,2.44095492289725e-08,-4.43657272244501e-07,1.54094805590289e-07,1.01693861447949e-07,-0.00275384643675927,-1.50814480250682e-05,-7.34160226094807e-06,1.14034921724596e-05,2.70731315599203e-06,1.2579357320873e-05,-5.37097645699793e-05,-3.37505101673729e-06,-0.000327917125224061,-4.58798842486973e-06,-0.111199373862882,0.000272029794859437,-9.86580348906607e-06,-1.5047370135224e-06,-3.64014219195574e-05,-1.26678940412199e-05,8.12919924883431e-06,6.70118534275201e-08,2.38748552501246e-05,6.94032723085397e-17,1.72014838816896e-07,-2.3368026402581e-06,3.43731671227927e-07,7.00010735212656e-07,7.8169319489993e-06,-1.06903748153849e-07,1.07039524192691e-06,-4.48908577816043e-07,1.65210379814506e-05,-4.73675331414328e-08,8.73146459103969e-08,-2.96219674058713e-05,1.78363082268585e-08,-1.89794148686658e-06,2.30040179050869e-05,-1.66674593631973e-09,3.8868118840379e-11,6.91617738194539e-10,-5.46691019766462e-09,9.15780983980698e-08,0.000229043629061624,-1.3557106916455e-05,1.86864345915884e-07,-6.47631795789038e-06,4.98942833233012e-06,-3.89412267826579e-07,3.74127964016309e-05,-0.0176960303998482,2.14337158191746e-09,1.89647918063532e-05,9.3761361801603e-08,8.90061114331864e-07,2.44763303002344e-09,-1.44275654577263e-06,7.60998040886291e-08,-1.25663778648132e-07,2.0266516347357e-07,-3.97477450699234e-07,3.1851424870829e-07,-2.38127096436055e-08,4.76983624315053e-06,-2.09608393646224e-08,3.47368146938891e-06,-7.27368289691611e-18,-8.77753602472848e-06,-1.65788463192568e-05,-9.4325399202816e-12,-8.45491801033787e-08,1.26716442483074e-07,-7.91930000186741e-08,-2.25752616518675e-08,2.74414622119331e-09,-1.22793036904707e-07,4.64512168799745e-06,1.73617356808582e-06,-1.3909797933143e-08,7.46297129888046e-06,-2.51263840135042e-05,6.86061028856829e-07,-0.000230896163288396,1.75605357150411e-07,3.07245071314136e-07,4.74369048091717e-09,1.32195061647395e-05,-1.74518703396738e-06,7.73039010494275e-09,-2.42550164156648e-06,2.84586422550838e-07,-1.03397161248352e-06,7.5732619886991e-07,6.74073234762701e-06,3.41857431101645e-07,-1.0858748195066e-07,-7.0846130150807e-07,7.20183668524765e-08,-3.34631582949445e-07,9.36258212675273e-07,3.80539233713653e-06,-0.000293853441673889,-3.41002715859915e-17,4.97568946124816e-08,2.71098818873713e-07,-2.67534383587974e-08,1.42944822396109e-05,1.53520795701092e-08,3.77809139789246e-06,0.000148043303928881,-1.11133203311592e-06,4.89019722047183e-06,-8.31608189191936e-17,-0.000429817719793509,-1.29780806868414e-09,-9.8644094242808e-07,4.22821053987343e-08,8.54598913923429e-07,-5.71471802235104e-07,-9.55548672093346e-06,2.56146175297638e-06,-2.57113998082263e-07,1.62755807265751e-05,-5.2302038362418e-08,-4.99812386032147e-06,-6.66341776597228e-09,-9.71591709803064e-10,-1.38585350332506e-05,7.57732697505222e-08,-2.56035632742192e-05,-1.55419105577053e-17,-4.00743794307817e-07,3.15692075785324e-08,9.09841778599395e-10,8.18240461680389e-09,-1.24735585277169e-05,-0.000100943971954776,2.53108761970021e-07,-9.3494163421826e-07,-5.43437002834154e-07,8.46783464236147e-17,-1.01305220085201e-05,-3.65116881476685e-08,-0.000692814949768692,5.77459594098714e-16,2.06711611727839e-06,2.70371991173462e-07,-4.19532698846093e-08,-2.92778456312043e-05,-5.6904540786179e-06,-5.27657994268195e-06,-9.96515562631922e-07,5.33072877749201e-06,2.24755313522191e-07,1.2515293362595e-08,2.92001147281784e-06,8.85252269472159e-08,-1.39549162598165e-16,-3.54848234049428e-08,1.31472238559835e-06,5.68470372137454e-07,-3.58573934149873e-06,-4.91145561532413e-17,-7.36358417771197e-08,1.36043815680955e-08,-1.54557720011557e-06,-2.20942827215856e-08,-8.01442250107537e-06,7.81920234755149e-08,-1.03794386454454e-06,5.60157693007405e-06,6.45788329211642e-17,2.02970086708794e-05,-9.62490549264494e-08,2.79632874023739e-07,3.00744747049669e-05,-3.95337944373571e-08,-9.18065773805752e-07,-5.33427468862868e-17,5.87754312588349e-17,-8.20776041359195e-07,-5.31527536817207e-08,7.01154166056654e-09,-7.75677428487454e-06,2.50123776031282e-15,-4.49519831877162e-05,-7.64457957824514e-07,-1.74407772104217e-16,5.41888091343314e-17,-2.87388254763807e-19,9.135092161966e-06,2.48872553203528e-07,-2.72523447527261e-07,8.27580405970257e-06,1.17501288080352e-06,2.17506906625728e-07,-9.43722296861478e-08,-2.28013373041067e-16,-2.06650572952677e-08,5.80361225758136e-08,-9.18332802607578e-17,1.28801610561549e-16,-3.64218878760274e-08,-2.10321716408297e-09,-2.15457252011521e-08,5.43913255898744e-06,2.11929313966912e-08,-8.49387311339113e-07,-2.84597586888841e-18,-2.99019529296613e-07,-2.25139878657474e-16,-1.65402741186174e-05,-5.28494348978059e-16,-2.3580753496437e-08,-4.61016214892243e-17,9.69489454005913e-08,2.55295542175861e-08,1.93019225423516e-06,1.55969922869288e-06,6.88842784045925e-08,-7.91231563747043e-09,5.01609080910384e-08,1.87968492788011e-08,9.00764775116946e-06,3.00037539470777e-07,1.74915673149525e-08,-4.92416627018398e-08,-8.97952139693337e-06,-1.2680963699996e-05,-2.34564059122728e-08,1.99154460127863e-16,2.19606403340341e-07,-3.78420829046905e-08,1.95485677651772e-08,7.64593089859388e-17,3.63489289903493e-07,1.03525928247393e-06,3.31414509028507e-07,6.47144445573099e-16,-8.03099046246172e-08,-4.52408611937534e-06,4.93022068209725e-16,-5.63450087722271e-08,1.25808416125914e-07,-7.10870914655946e-18,-9.99987186962844e-17,-4.63015531481895e-09,-2.61601309447428e-06,-1.49044114435299e-08,-2.06789646409913e-05,5.77768367075685e-07,1.5256626176005e-08,2.69618958530843e-05,1.3577954514569e-07,-3.4027416514668e-06,4.77997632794547e-16,6.28871972243881e-10,4.59067847906512e-08,1.26785987621267e-07,2.0107003722186e-05,-2.02394025074933e-16,-5.90906202455053e-17,1.68133826100897e-06,1.90587661712939e-16,-6.04079581331445e-16,1.73783574595143e-07,-2.55711503023071e-07,-4.78748010955894e-08,-4.56868244255388e-07,1.22633391924463e-06,3.20357572772725e-07,4.09486395954352e-07,-9.81922754627829e-17,0.000114207589398827,1.0008929473808e-07,7.93583435917474e-06,-4.39817430687271e-08,1.73851476172321e-07,1.85218666861285e-16,2.54698629908299e-16,1.45287186890205e-16,-1.60192927240827e-06,-7.30443648453971e-09,-4.73520158588332e-07,8.02956481265787e-17,-5.59962810356344e-09,3.4950261643235e-16,-8.11541088042303e-17,9.17249733263498e-07,-2.29663303974581e-07,7.96888596776846e-17,-1.89589182783121e-06,-2.55731350114312e-08,4.08604752124024e-17,5.78790187024681e-08,4.136896379801e-16,3.66038196522385e-06,7.35019705022666e-17,3.65438963328287e-06,1.77477663740062e-07,6.44277950039046e-09,1.08108845280032e-05,7.41828742891266e-05,-2.0528269403424e-08,6.31803372375208e-07,-1.3961967803018e-16,3.73962575423209e-07,-2.11097812344003e-08,3.26459597639436e-16,-2.78147884031253e-09,-5.66968028680795e-08,1.31756827121365e-08,-4.10328340770573e-16,4.22905548548777e-08,5.59416400511044e-08,-1.28482259608723e-16,-1.55249224446168e-06,-1.17849427699733e-06,-1.60940705282651e-09,-1.61816393667217e-16,2.71221854553589e-16,2.88101060923418e-08,1.573132285466e-05,1.26542964400406e-07,-1.15732743527603e-08,2.82713018497322e-05,-3.00602540461966e-16,-1.53176177533566e-16,3.44793761840835e-06,6.11655176275984e-09,-3.92705970025912e-16,0.000249319843385423,1.99986419999469e-16,2.32216090372857e-08,-3.9706055477584e-07,-5.31407851262351e-07,-3.52772192357862e-06,-2.59867316029489e-16,-5.24192906095084e-19,2.74092580245622e-17,-1.95002380762322e-16,-2.73482604499469e-09,-9.48847175553916e-09,1.37530423525334e-16,1.50930532677127e-16,5.8047215565825e-18,1.33652406030176e-08,1.20141549946945e-10,-6.61951944979407e-09,-8.47969560549228e-17,-7.75306197280806e-17,3.56377254095985e-16,-2.8445232633825e-07,8.70474403834345e-09,2.53926268082977e-16,1.52816658853094e-09,-3.9986540491017e-08,1.63098656807778e-16,-1.64122155841264e-16,-4.87414861528926e-06,-2.82516212587874e-10,-2.41471932169878e-06,1.21802869265162e-16,1.54148770514309e-08,2.48824783471043e-07,2.67053340512059e-07,-9.96968338111775e-07,-5.91676932429923e-08,9.6338773165146e-10,1.76966346406338e-16,7.68048574540013e-16,-2.88390181214678e-16,1.83384633013332e-08,-1.66042798540155e-08,-6.48732697128758e-07,-4.92851083267141e-09,-9.06715692462455e-16,-3.45295449291616e-16,-8.17330778990533e-16,8.74157854641004e-17,-7.72113053715674e-16,2.35440464662707e-08,-3.62013794628635e-16,7.02507099810826e-17,-6.68066378937881e-06,2.68840803627834e-16,-5.98672671843764e-07,6.44738565470195e-17,-4.37764486439612e-07,-2.27633777328484e-17,-5.30422980553326e-07,-1.12345452898612e-06,-5.85700136318448e-08,1.80762390859021e-16,3.61509830854167e-06,-9.98553704665932e-17,3.23755102377419e-07,-5.15295847010946e-08,2.85177640967415e-10,-1.7620460114192e-16,1.57081664441846e-06,-6.41459789354837e-17,-1.13120384009585e-07,-5.77469314772557e-08,5.30356415212821e-17,-2.5705496970798e-16,2.29144707196291e-16,-1.54286277091325e-16,-8.76152128146122e-09,-4.42112272184056e-07,-9.83212647240302e-07,-3.09204904283251e-16,-3.2408215951425e-16,-5.9681862286123e-09,4.86852251390508e-08,1.0296360944907e-16,2.52717897133392e-16,-9.71147445716719e-08,1.02353474629466e-16,-1.88182338872084e-06,-4.24023852404483e-16,1.72433791990144e-07,-5.39184395477287e-16,-9.01914576961017e-16,4.29067108953168e-17,4.82032476735862e-16,7.96755189598139e-17,-1.21691083913824e-15,3.31678467428299e-09,-2.3196627322584e-08,-9.64199113757023e-17,-1.54056816231091e-08,6.47348332623304e-07,8.72726800987809e-16,-1.69932228731019e-16,3.60023435487447e-16,3.96371628296158e-16,5.95360502257382e-07,0.000113346681575625,-1.43195741969583e-16,-2.38290400787232e-16,-1.15951682162232e-07,-3.74558732473499e-08,-5.6717354522391e-10,-6.28562839357892e-17,-8.68683729834514e-17,1.1367044974955e-16,-4.88518469277089e-16,4.8642482878703e-16,-9.52439001811394e-17,2.68549413413291e-05,-7.86231612325165e-07,-7.01392051852516e-07,-3.17184189254336e-16,2.00784142096091e-17,-3.92942119718856e-16,-3.94581102646453e-16,8.99587766950366e-17,1.71932327113577e-16,-1.1506321787299e-16,1.63678891248177e-16,1.57482922399239e-16,3.39917733777062e-16,-5.21411934046075e-16,1.08838375778587e-15,1.16814693508599e-15,2.93049599844143e-16,2.21434671611024e-09,-3.38029618782645e-17,-4.19082043287684e-16,-3.78215825186562e-16,3.13499398204693e-08,-3.87705739096417e-08,-7.56881427542426e-16,-8.09145021270427e-10,2.86574968238814e-08,-1.0177946523921e-15,1.11198493683196e-15,-5.52719365658074e-08,-4.65467714236558e-16,7.05941861681212e-10,-3.55011361787534e-16,1.3391527427095e-16,3.52708453397555e-16,-9.50913063028464e-16,7.08596155955575e-08,-9.48964489104215e-08,-1.39135992636815e-16,-4.2724973906415e-16,-1.0261857181725e-16,2.41769973191775e-16,4.44766836207866e-16,3.70487396912064e-16,-2.98936227410446e-16,-1.79947596277662e-16,1.14326066201687e-09,-2.25670711534151e-16,1.24409566863499e-15,4.43610199610639e-16,-4.34550268936512e-16,1.12759682275574e-15,1.301248082736e-15,-2.48613287883494e-07,3.2035555165145e-16,-2.24650592694155e-15,1.6818730459882e-08,6.47797085745849e-16,1.07801375028743e-16,-1.55859892920547e-15,8.413610820228e-16,1.40313475035796e-08,3.12868412009349e-16,-1.05903930632611e-06,-9.94205718806786e-16,1.24626385075107e-15,2.46733386224019e-16,-2.75621598772881e-15,5.80459316086544e-16,6.42593258101218e-16,1.67803508804783e-08,-1.01906214621794e-15,3.41121180383607e-15,2.11908721593228e-09,-2.09470066075033e-06,1.88861277688772e-16,3.60617659082374e-07,8.19827349823457e-06,-5.39154123584909e-16,-1.07754937047861e-16,6.67069224401119e-15,-1.15645348225537e-15,-5.36262375587267e-15,-1.37519856034909e-05,-6.25877476280922e-16,-3.35254743422258e-17,3.01160986090856e-16,5.57533085197637e-07,2.30812396429877e-15,8.14431345693432e-16,5.69207281555115e-15,3.69057595539456e-15,-0.000167833196100434,4.96350688334359e-16,4.41720074097888e-10,-4.67682179311015e-16,2.65000727293211e-15,-4.12012300326354e-15,1.97098089393139e-15,-7.52193512009115e-15,4.72820746511917e-14,-5.29774625320265e-14,-7.67181633196436e-09,-5.93432715966168e-13,0.707106781186549,3.22551432733106e-09,2.8573380560606e-14,2.04673884068737e-14,4.52992384757247e-15,6.18890234890584e-16,-1.10563930458337e-14,7.41459831450914e-15,-2.33871813165149e-08,6.66578181744718e-15,-1.55410222897186e-15,6.96451137545678e-09,-1.44793282671242e-14,-5.92455283208038e-15,1.562439566107e-16,1.84417925776283e-15,6.74737320090379e-15,8.84665203954593e-15,-4.84131915659357e-18,5.90929374563421e-16,1.24588715257594e-15,1.38683892743899e-15,-2.44271669610412e-16,-3.65477461349249e-09,1.21198094862752e-08,5.82462723133086e-16,1.59355908786413e-15,-1.98059771311697e-15,2.73049609278207e-15,2.66767944540058e-15,-4.27322210383021e-17,1.25278604425879e-15,1.76583489802308e-15,-1.15541522804802e-08,1.14104411630134e-15,5.44205377687095e-16,-2.7185154163258e-16,1.01426033565553e-15,1.34531208635724e-09,-1.8451748650311e-16,-2.13379066928865e-10,2.24429021642173e-16,2.8438480616729e-16,-5.33945199580676e-16,-1.63208140078744e-16,3.94673550258197e-16,7.02872742641737e-16,5.58985362068436e-16,-3.73432648027828e-16,7.43289933986551e-17,3.74591550184661e-16,-1.56717511990084e-16,8.61900993319724e-17,-1.89483962172047e-15,5.0099108031107e-16,-7.86420654719962e-17,1.5608266053531e-15,2.27330178947951e-16,-4.0460951285557e-16,1.2379082883204e-16,7.67789760623311e-16,-5.506933884597e-16,7.10706242709353e-16,1.34579760242601e-15,4.83708775326598e-16,2.79775791690113e-16,1.71881066977884e-07,4.45714080542646e-16,-3.34132065853552e-16,-8.67301125501557e-17,-2.98146340051489e-16,-6.38160780322288e-16,-3.56288600484938e-16,5.36743016151495e-16,-3.34435282574425e-16,2.27662638589456e-16,1.58141520237003e-16,8.74978258250114e-16,4.17903107976317e-17,3.47622326434518e-16,2.68646700197368e-16,4.42782622499683e-16,6.10804666030151e-16,-1.11667082226729e-16,-1.32940916885543e-07,1.8862759566603e-16,-6.04093131399054e-16,-4.05295748345985e-16,-5.91000430060077e-17,-1.030810082113e-15,-3.51896646970022e-16,-2.5737464076905e-18,9.58980847524078e-17,1.83425079699287e-18,3.05025076207888e-09,5.62703985647255e-16,2.286733750979e-16,2.5123617386305e-16,2.29652591489179e-19,-6.04980575039097e-16,-3.57167961498322e-16,5.48516508412923e-17,3.81662875117125e-16,-4.20998210773693e-16,2.18460510502546e-16,6.53566625073127e-17,4.13201953731585e-16,2.43444096966552e-16,2.40404720034418e-07,-1.40367952056703e-16,-2.55342685950624e-16,1.1085599161152e-16,-3.46389041581963e-16,-4.2238666772335e-09,-1.83406207488391e-16,-5.39524499627286e-16,7.01469888991939e-17,-6.92242981410771e-16,2.701366621459e-16,2.87263038903963e-17,2.96876051994394e-16,6.49273633515671e-17,5.67398145528544e-18,-3.41182244057579e-17,7.21990324920585e-17,2.78076210533536e-16,-3.63639120985688e-17,-5.11089870098065e-17,-1.95998639698263e-16,1.06104140190674e-16,-1.09832074224479e-16
"t849",0.0358747424487568,-0.0106787615460026,-0.0116874626091263,0.000694264275034894,0.00648207727509728,-0.0179388311269569,-0.00253800398971736,-5.52551048756835e-06,-0.0541878448535838,-0.0423578285403542,-0.0423203124773163,0.000465076835443019,-0.000966114268166182,-0.00020767497820516,-0.00573498784937613,0.000128245809138016,8.00323180618553e-05,-9.21078583341324e-06,-0.00392829137553802,-0.000705779832789622,1.2644650522292e-06,-6.79309924798362e-05,0.130990540000918,0.00557410410322552,-0.000541170266066823,0.00648665551535846,-0.0699919415783249,-0.000564010724167453,-4.68814935736712e-05,0.00345935386867908,0.0229062386734425,-0.0126725732392367,-6.06031229843511e-06,0.00567415405784533,-0.00741209745539516,-0.00155380170562127,-7.85056528244654e-05,0.00039110660410829,0.139741924123509,-0.0233670083865513,-0.000545555113247354,0.0336536178675231,2.48327760194947e-05,-0.00139935656847579,7.64708133662559e-06,2.80285146536608e-07,-1.57462276778502e-08,-7.59728932539286e-08,0.000124305168789841,-0.000411249566544136,6.88523868287184e-07,-1.14947016656197e-06,1.56502669910754e-06,-5.851043592568e-07,6.4796566647695e-05,-5.10036677812745e-05,3.04811335115981e-05,-3.86384540766602e-05,0.000338074186422053,-6.1302233925993e-07,-6.38367329527442e-07,3.65579169696888e-05,-2.48451149100333e-05,1.95698291404308e-05,-0.011079437349304,-1.11142933540192e-07,-7.30533328683148e-06,2.37380941449584e-05,-5.78283022515746e-06,2.59373037356857e-05,-1.6921182362953e-07,2.54358553647779e-07,-7.42253823297655e-07,-2.77410223906192e-07,1.04731869698115e-07,5.19276209728432e-08,-3.6815388015434e-07,-8.70102284239861e-08,0.00114750102275807,-1.69584058982371e-05,-3.16927348514007e-07,-3.90617624798108e-05,0.00188394379911702,-5.39966225552493e-06,-2.73311454401367e-05,-9.21151847816035e-06,1.70989218912124e-06,3.01641939857405e-05,5.68186535573236e-08,-2.32650440433382e-06,2.49747218203241e-05,-2.19911404945525e-08,-1.57277846299981e-05,1.72147960060718e-05,4.87752923148357e-06,5.99390953061075e-06,7.06021512851726e-07,-4.2544827199779e-06,4.99783952192023e-05,0.00123788949432472,3.05944865271094e-05,-2.06060762296584e-07,4.40418023232349e-05,-0.000102927782861836,0.00225169921952584,-3.65559392012901e-06,0.00114383986465123,-1.56255857613873e-06,0.00303841884693772,-5.1222438371793e-07,-1.80640739897287e-05,-4.4201258227727e-05,1.40178060601736e-05,-2.72657030485404e-05,3.46082759007275e-05,-8.33233174525698e-05,0.115234810258185,-0.402491351433683,-0.00119451913117091,0.000246990121877032,-0.000114052250050729,0.000139772489029465,-0.00160816764318865,-0.00158253122534961,7.54791192372661e-06,-0.000133257949515655,1.36506070639159e-05,-0.000286939372912292,0.0001991768356322,0.0069107047549008,5.0040561450398e-05,-0.000161327071868467,1.28650352391457e-05,0.00152267013268926,-2.91961513349173e-07,0.000191243437867843,-0.000482332292478127,-1.68492406061449e-05,0.00186447098203783,-0.000538667091647477,-0.0127847697852058,3.20572731702339e-05,5.13458281321878e-05,5.51616223481179e-06,3.19531774361027e-08,-8.19762354879567e-05,-5.7103909465462e-06,0.0154560696279994,0.000209590658345431,-2.18902762192887e-06,-2.71733764447519e-06,-0.000143039543306361,-1.99526057837018e-06,0.000488914779229702,-1.51224718681754e-06,-2.83966437694312e-05,0.000174804850110924,-1.74549417265079e-05,-0.000101701813591402,-1.4147258770168e-05,-1.37163852998751e-05,2.00203756069328e-06,-0.00246327245983022,-1.80119548034775e-05,1.30776348997136e-05,-9.04211267781505e-06,0.00262613174215112,3.55759201133506e-05,0.00224600710651182,8.98582742857248e-06,-1.97924232919634e-05,-3.55642237871951e-06,6.33392555858477e-07,0.0493343279997535,2.28632994155343e-06,5.0046231766668e-06,2.25593224626622e-07,-1.14669294620582e-05,-0.000637115402421101,-7.56128901871582e-05,0.000326705901737782,0.000113851619017514,-2.70617332929137e-05,-1.25516140183942e-07,-4.54488879497366e-06,-5.45750586194683e-06,-0.0850932275401972,-0.0039997369101977,-0.0185058240526796,-2.51656537081004e-06,0.00946428148787606,-9.89395257050628e-05,-3.06232519272053e-05,-3.77346695660657e-09,-3.27265815650903e-07,4.46503440663959e-05,2.62121158907246e-05,3.57372094718624e-07,-3.56527594146177e-05,-3.3521955126733e-06,-1.35218765781983e-05,-8.74337054778618e-06,0.497560513671817,-5.74308044281047e-08,-6.62806633119478e-06,-3.7595913119544e-07,8.05783200061612e-06,5.31126457286929e-07,-4.27916829250001e-05,-1.2483411935406e-08,-0.000290339568623009,-1.91646411096101e-06,-5.04096495180418e-06,-0.000152389164780742,2.44095491651923e-08,-4.43657272441901e-07,1.54094805368317e-07,1.01693861424934e-07,-0.00275384643675947,-1.50814480250264e-05,-7.3416022609614e-06,1.14034921722127e-05,2.70731315598188e-06,1.25793573208458e-05,-5.37097645698676e-05,-3.37505101663307e-06,-0.000327917125223877,-4.58798842474459e-06,-0.111199373862883,0.000272029794859467,-9.86580348911849e-06,-1.5047370135906e-06,-3.64014219195802e-05,-1.26678940411204e-05,8.12919924888677e-06,6.70118531867431e-08,2.38748552501387e-05,-3.14734773717485e-17,1.72014838580007e-07,-2.33680264026846e-06,3.43731671210241e-07,7.00010735412307e-07,7.81693194897961e-06,-1.06903748265495e-07,1.07039524187132e-06,-4.48908578371667e-07,1.65210379814514e-05,-4.7367533068669e-08,8.73146460444552e-08,-2.96219674056744e-05,1.78363082116885e-08,-1.89794148683466e-06,2.30040179048996e-05,-1.6667458725611e-09,3.88681411613912e-11,6.91617593923382e-10,-5.46691022438664e-09,9.15780986738005e-08,0.000229043629061405,-1.35571069165392e-05,1.86864345889444e-07,-6.47631795790532e-06,4.98942833239586e-06,-3.89412267851375e-07,3.74127964017132e-05,-0.017696030399848,2.14337161796861e-09,1.89647918064744e-05,9.37613618367558e-08,8.90061114302746e-07,2.44763294161628e-09,-1.44275654579412e-06,7.60998041486599e-08,-1.25663778561958e-07,2.02665163475609e-07,-3.97477450747339e-07,3.18514248718142e-07,-2.38127095870409e-08,4.76983624319995e-06,-2.09608395449377e-08,3.47368146949551e-06,1.33359429416986e-17,-8.77753602452135e-06,-1.65788463193266e-05,-9.43248289937428e-12,-8.45491800767898e-08,1.26716442594331e-07,-7.91930002282206e-08,-2.25752618422314e-08,2.74414616314085e-09,-1.22793036833502e-07,4.64512168802789e-06,1.73617356793475e-06,-1.39097979241663e-08,7.46297129874453e-06,-2.51263840137127e-05,6.8606102898779e-07,-0.000230896163288346,1.75605357234085e-07,3.07245071454941e-07,4.74369064497476e-09,1.32195061647459e-05,-1.74518703406077e-06,7.73039007074117e-09,-2.42550164141221e-06,2.84586422563808e-07,-1.03397161273528e-06,7.57326198791499e-07,6.74073234751574e-06,3.41857431168314e-07,-1.08587482042393e-07,-7.08461301519216e-07,7.20183670246085e-08,-3.34631582962261e-07,9.36258212737168e-07,3.80539233754246e-06,-0.000293853441673683,4.52447610421921e-17,4.9756894487658e-08,2.71098818898629e-07,-2.67534382111833e-08,1.42944822397251e-05,1.53520798049081e-08,3.77809139773276e-06,0.000148043303928599,-1.11133203304386e-06,4.89019722055996e-06,6.08121358474232e-17,-0.000429817719793403,-1.29780792709871e-09,-9.86440942122514e-07,4.2282105421421e-08,8.54598913945166e-07,-5.71471802242597e-07,-9.55548672060313e-06,2.56146175271741e-06,-2.57113998252622e-07,1.62755807260859e-05,-5.2302038380964e-08,-4.99812386026035e-06,-6.66341771191574e-09,-9.71591733133739e-10,-1.38585350331428e-05,7.57732699406757e-08,-2.56035632742714e-05,3.39394690274231e-16,-4.00743794525867e-07,3.15692075237802e-08,9.09841643949337e-10,8.18240430844587e-09,-1.24735585279237e-05,-0.000100943971954985,2.53108762024393e-07,-9.3494163422414e-07,-5.43437002606574e-07,8.90554241595425e-18,-1.01305220085078e-05,-3.65116880209557e-08,-0.000692814949768795,4.23553560657321e-16,2.06711611735293e-06,2.70371991139515e-07,-4.19532696730723e-08,-2.92778456314021e-05,-5.69045407876945e-06,-5.27657994277722e-06,-9.96515562627741e-07,5.33072877790648e-06,2.24755313200007e-07,1.251529322305e-08,2.92001147282949e-06,8.85252268079107e-08,2.95734728906096e-17,-3.5484823844545e-08,1.31472238535557e-06,5.68470371928352e-07,-3.58573934204926e-06,3.15334594192786e-17,-7.3635841626366e-08,1.36043815960815e-08,-1.54557720001428e-06,-2.20942822662845e-08,-8.01442250092641e-06,7.8192023424951e-08,-1.03794386429723e-06,5.60157692980932e-06,-1.73188764371686e-16,2.02970086708486e-05,-9.62490547081046e-08,2.79632873855778e-07,3.0074474704919e-05,-3.95337944196161e-08,-9.18065775006879e-07,2.02528965820292e-16,-2.57784662804114e-17,-8.20776041209942e-07,-5.3152753405549e-08,7.01154188460254e-09,-7.75677428511914e-06,2.40788078831152e-15,-4.49519831878065e-05,-7.64457958236995e-07,7.13273114305913e-17,-5.60893802688589e-17,-2.28582562212415e-17,9.13509216205462e-06,2.48872552938386e-07,-2.72523447460519e-07,8.27580405950374e-06,1.17501288100031e-06,2.17506906588672e-07,-9.43722298532584e-08,1.23731157705251e-16,-2.06650575943723e-08,5.80361223388487e-08,1.90047661495666e-16,-9.7553659243066e-17,-3.64218878953132e-08,-2.10321699582545e-09,-2.15457251771906e-08,5.43913255917882e-06,2.11929312612766e-08,-8.49387311205179e-07,-2.52071521715938e-18,-2.99019531022769e-07,2.82272020214036e-16,-1.6540274118537e-05,7.00665653968757e-18,-2.35807536842499e-08,5.2416288243306e-17,9.69489453656735e-08,2.55295543375196e-08,1.93019225447232e-06,1.55969922879937e-06,6.88842783592738e-08,-7.91231668069987e-09,5.01609082647351e-08,1.8796849185603e-08,9.00764775138264e-06,3.00037538895384e-07,1.74915675829896e-08,-4.92416630542841e-08,-8.97952139695189e-06,-1.2680963699374e-05,-2.345640616053e-08,-1.60907626161933e-16,2.19606402975023e-07,-3.78420826138809e-08,1.95485675172704e-08,8.91861684063941e-17,3.63489290286062e-07,1.03525928240556e-06,3.31414509279808e-07,-5.63247185882426e-17,-8.03099044646784e-08,-4.52408611932092e-06,-4.93241943339627e-16,-5.63450087286745e-08,1.25808415473023e-07,-5.93142898929682e-17,1.22048926872936e-16,-4.63015531549983e-09,-2.61601309452235e-06,-1.49044114681096e-08,-2.0678964641251e-05,5.77768367056484e-07,1.5256625854569e-08,2.69618958532373e-05,1.35779545769231e-07,-3.40274165157562e-06,5.48985770038035e-16,6.28872395029198e-10,4.59067845365485e-08,1.26785987811964e-07,2.01070037226858e-05,-2.63991582078791e-16,1.48289946483508e-17,1.68133826119894e-06,-2.10893231552864e-16,-9.69599122079721e-16,1.73783574305179e-07,-2.55711502587507e-07,-4.78748011213063e-08,-4.56868244357772e-07,1.22633391886827e-06,3.20357572440792e-07,4.09486395312302e-07,1.80433236871158e-17,0.000114207589399303,1.00089294545279e-07,7.93583435930482e-06,-4.39817430041502e-08,1.73851475981491e-07,-2.06467402719593e-17,-1.67221280804959e-16,5.68430791406942e-17,-1.60192927251753e-06,-7.30443631886276e-09,-4.73520158918306e-07,-4.06933700573048e-17,-5.59962834279277e-09,-2.60252685373501e-16,8.57124157500876e-17,9.17249733027904e-07,-2.29663303845213e-07,-1.49077798716757e-18,-1.89589182783509e-06,-2.55731348093297e-08,-1.02647234843228e-16,5.78790180894706e-08,-2.65361897500868e-16,3.66038196563882e-06,2.24015324896949e-18,3.65438963304688e-06,1.77477663602673e-07,6.44277916902117e-09,1.08108845289813e-05,7.4182874289038e-05,-2.05282694938668e-08,6.31803372012715e-07,2.18335097836854e-16,3.73962575363696e-07,-2.1109781568213e-08,-3.3164831385859e-16,-2.78147857965372e-09,-5.66968030212639e-08,1.31756830638265e-08,4.3609108303013e-16,4.22905549168299e-08,5.59416395388065e-08,1.39035763568931e-16,-1.55249224453047e-06,-1.17849427694715e-06,-1.60940720120215e-09,2.13575225942719e-16,-9.99882400772314e-17,2.88101060122447e-08,1.57313228544609e-05,1.26542964683567e-07,-1.15732747986184e-08,2.82713018500198e-05,2.95963085584226e-16,5.78611310520606e-17,3.44793761829218e-06,6.11655198747999e-09,5.68353897730496e-16,0.000249319843385014,-1.92622119262428e-16,2.32216085607388e-08,-3.97060554969027e-07,-5.31407851523544e-07,-3.52772192363404e-06,1.04790407131896e-16,2.50539557305985e-17,-1.72223278202268e-16,1.22970060507261e-16,-2.73482629021418e-09,-9.48847159074212e-09,4.2229631305161e-17,-4.25740444462883e-17,-5.7325656727635e-17,1.3365240592657e-08,1.20140856649652e-10,-6.6195193129137e-09,8.29260993539731e-17,-1.52323628970635e-16,-3.36305961377847e-16,-2.84452326330689e-07,8.70474419739612e-09,-1.68269653653535e-16,1.52816696246576e-09,-3.99865404785768e-08,-2.8408808147516e-16,1.70863765484857e-16,-4.87414861543287e-06,-2.82516311260225e-10,-2.41471932234896e-06,-4.70722398711716e-16,1.54148763418503e-08,2.48824783414736e-07,2.67053340877076e-07,-9.96968337701324e-07,-5.91676936099205e-08,9.63387157780036e-10,-3.75542010562912e-16,-6.3791442211204e-16,2.45683159646304e-16,1.8338463647466e-08,-1.6604280108512e-08,-6.48732697170538e-07,-4.92851071363048e-09,9.79613128545715e-16,3.44406944278513e-16,1.00627924678889e-15,-3.08728003552756e-17,7.09611924190108e-16,2.35440463818797e-08,3.02171223078787e-16,-5.78771281318648e-17,-6.68066378889829e-06,-2.07857994419821e-16,-5.98672672460844e-07,-3.73070203851988e-17,-4.37764486058152e-07,8.98718922415354e-17,-5.30422980582869e-07,-1.12345452980372e-06,-5.85700133868248e-08,-1.06208544233257e-16,3.61509830894762e-06,8.24207591629695e-17,3.23755102468491e-07,-5.1529584362201e-08,2.85178035117594e-10,1.63695010749238e-16,1.57081664482612e-06,2.42837589831194e-17,-1.1312038523096e-07,-5.77469319175825e-08,9.15094584622299e-17,2.02272142816723e-16,-1.44259527714426e-16,1.0249543100217e-16,-8.76152067630482e-09,-4.42112272445151e-07,-9.83212645758834e-07,3.8917925298455e-16,3.29579352356979e-16,-5.96818703902856e-09,4.86852251271245e-08,-1.51553046320408e-16,-2.90677160116745e-16,-9.7114743391014e-08,-1.63948491175212e-16,-1.88182338915168e-06,5.88219368706803e-16,1.72433792378595e-07,5.71193246172906e-16,3.16410852521265e-16,-3.73258844750985e-17,-3.12828238350905e-16,-9.53147320231945e-17,1.66132066815905e-15,3.31678434122315e-09,-2.31966270457271e-08,1.45857266641333e-16,-1.54056807631022e-08,6.47348333393403e-07,-6.8105129265639e-16,2.37030393148808e-16,6.08219351100462e-17,-4.88082212944698e-16,5.95360502590594e-07,0.000113346681576547,8.97284008103726e-17,2.08830372620641e-16,-1.15951682421131e-07,-3.74558732071499e-08,-5.67172683124808e-10,1.21879048123954e-16,7.12195813737399e-17,-1.63484420004392e-16,4.58842649642733e-16,-5.81012505168526e-16,9.10451780573434e-17,2.6854941341313e-05,-7.86231613332411e-07,-7.01392051118207e-07,3.29555841654313e-16,1.2368597876438e-17,3.53892734114247e-16,3.56237547357125e-16,-5.27083601270304e-17,-2.2401851775056e-16,1.29185027602372e-16,-2.34483539448162e-16,-1.49471966735695e-16,-2.99342376541448e-16,5.91700201028245e-16,-9.78546865893343e-16,-1.17811477666284e-15,-2.96614133499023e-16,2.21434626600425e-09,4.14469005765254e-17,2.81746255995909e-16,3.12520525904191e-16,3.13499398532132e-08,-3.87705717276007e-08,8.41217953877371e-16,-8.09145878225305e-10,2.86574966935612e-08,9.78388176803954e-16,5.80293537831472e-16,-5.52719362691022e-08,2.8453904238645e-16,7.05942488765983e-10,2.21921568568923e-16,-1.66685169459057e-16,-3.03986362354598e-16,1.15684504635834e-15,7.08596142946123e-08,-9.48964489487755e-08,1.31426571451814e-16,3.82269704645134e-16,1.1887412971473e-16,-4.66864566729905e-16,-4.31851277828132e-16,-3.22513277490758e-16,3.63567759478076e-16,2.19238814136639e-16,1.14326031734926e-09,2.28014889294046e-16,-1.21476719409013e-15,-4.37913625950666e-16,4.25350170060872e-16,-1.13582755879247e-15,-1.45148702309607e-15,-2.48613289604117e-07,-3.6185832443223e-16,2.13951687409525e-15,1.68187300509346e-08,-6.7201143345507e-16,1.2417069131274e-16,1.57246770475795e-15,-8.66292586964126e-16,1.40313501547525e-08,-2.92506264237342e-16,-1.05903930607824e-06,1.00504452993688e-15,-1.26401316708298e-15,-9.33671370355054e-17,2.77425694247238e-15,-5.64098398892768e-16,-7.50606404140537e-16,1.67803509679166e-08,5.93720907504061e-16,-3.52388823195208e-15,2.11908724553454e-09,-2.09470066046042e-06,-3.09680156598949e-16,3.60617656345428e-07,8.19827350228451e-06,5.89549364424343e-16,1.56898727297149e-16,-6.63566262188834e-15,1.17932472172346e-15,5.31463570588118e-15,-1.37519856075725e-05,7.27667394892539e-16,-1.29639996933066e-16,-2.86737162531309e-16,5.57533079153663e-07,-2.44827653630809e-15,-7.96429183447202e-16,-5.90131936583582e-15,-3.69991409207627e-15,-0.0001678331961092,-6.33710548240507e-16,4.41713462550044e-10,4.43125178697975e-16,-2.68201768983777e-15,4.09305144455257e-15,-1.96061248485689e-15,7.59494256989712e-15,-4.72906966849266e-14,5.29958841347099e-14,-7.67188183363231e-09,5.93468709598128e-13,-0.707106781186548,3.22557871883e-09,-2.8661993002345e-14,-2.0424369195957e-14,-4.63437824812959e-15,-6.18912801474074e-16,1.11059838533982e-14,-7.42772353523408e-15,-2.33871880120055e-08,-6.66654512461157e-15,1.3921850578405e-15,6.96451604942543e-09,1.46865870065688e-14,5.9710927046317e-15,-5.65831670019193e-17,-1.7724440233419e-15,-6.87891628554025e-15,-8.62163328613106e-15,1.76997506304845e-17,-6.30430904165273e-16,-2.07688890157126e-15,-1.38115204328428e-15,2.5094817439276e-16,-3.65477572799821e-09,1.21198022686876e-08,-7.30222831725987e-16,-1.74493876447142e-15,1.98105186616451e-15,-2.56572077741488e-15,-2.3750668315739e-15,1.76910661215992e-16,-1.27793230641326e-15,-1.83938569525046e-15,-1.1554153325524e-08,-1.1370090018562e-15,-5.39119482625159e-16,2.00906896583382e-16,-1.01630974032213e-15,1.34531291673075e-09,2.85775486292979e-16,-2.13377794726361e-10,-2.18855122848753e-16,-3.48445429232466e-16,5.52562037624197e-16,2.04214382874593e-16,-3.62970399970343e-16,-5.1571327509247e-16,-5.42213577997858e-16,5.19353961436515e-16,-5.76533283876584e-17,-4.27407956164309e-16,1.85163403326554e-16,-9.64137679611984e-17,2.0801550977052e-15,-4.89312326706126e-16,1.01946443700661e-16,-1.56773800608437e-15,-1.97049130951398e-16,3.55085024728631e-16,-1.43427303303239e-16,-7.79980562523494e-16,7.6974288488324e-16,-7.2280218891396e-16,-1.43084416130937e-15,-4.76126607407487e-16,-1.9643962598977e-16,1.71881066271202e-07,-5.37928868008728e-16,4.55600796584891e-16,7.16759890668474e-17,1.71503178361497e-16,6.57847616014221e-16,4.18746042153304e-16,-3.68433595967298e-16,3.45258960694243e-16,-2.64627197031963e-16,-1.28273952626497e-16,-9.51509379100435e-16,1.18679233758244e-18,-3.20028343834509e-16,-2.26138183305871e-16,-5.14813399939043e-16,-6.96145946301382e-16,1.10306870129565e-16,-1.32940915789056e-07,-1.15491152776481e-16,4.92158469925351e-16,3.84764445126636e-16,3.30573867086274e-17,9.32357168499792e-16,3.018089759551e-16,1.13403208989887e-17,-1.52856362961203e-16,1.69500241989367e-17,3.0502512927699e-09,-3.99417022216381e-16,-2.4757693854741e-16,-2.71318489460993e-16,3.38146091708486e-17,6.05180654765442e-16,2.99838668857547e-16,-9.7101891090852e-17,-2.56937014932613e-16,4.33826322257781e-16,-1.9587548811625e-16,-9.8741137076153e-17,-4.09845452885674e-16,-2.33598046539772e-16,2.40404720106038e-07,1.4814543437566e-16,2.785286503102e-16,-1.12644958069007e-16,-3.30247981739085e-16,-4.22386687490475e-09,1.1077752547642e-16,5.54040363880372e-16,5.91481350393291e-17,4.72925566714091e-16,-2.41653806929912e-16,-6.35609952448711e-17,4.50956889721667e-17,-5.23157006891977e-17,-4.9168567600647e-17,2.11948513353761e-17,1.41417955779139e-17,-2.19290720141583e-16,-7.56700000731552e-17,-2.75903961623472e-17,2.34654093435266e-16,4.28405923207777e-17,-2.35410173190765e-16
"t190",0.0358472840371967,-0.0106588624288472,-0.0116647852008726,0.000692285687565043,0.0064576149370186,-0.0178534651229999,-0.00252557209678212,-5.49513710693067e-06,-0.0538016379432168,-0.0419428429350374,-0.0416872992900039,0.000454653238112697,-0.000943152070343478,-0.000202584198060677,-0.00558133737259179,0.000124363002750188,7.74816597103154e-05,-8.90542347666993e-06,-0.00379127168664178,-0.000676039645481334,1.20021738436607e-06,-6.23127471449372e-05,0.118358155741758,0.00502765489683167,-0.000487510931356267,0.00574859558468622,-0.0617395862737635,-0.000495671073245401,-4.07145342233517e-05,0.00265525336320878,0.0160545043752842,-0.0080931397892033,-3.02287199240129e-06,0.00204101408381372,-0.00102114867206625,0.000816108731291204,5.56373458161626e-05,-0.000388453433174998,-0.159296011038333,0.0357313960755062,0.00148391733084056,-0.160934299292293,-0.000184626132449692,0.0108501894546092,-0.00013011330400348,2.66698180832384e-06,-1.15207660444935e-07,-5.08054685296477e-07,0.000690768856688228,-0.00200348018065882,2.99875569837064e-06,-4.82986357678504e-06,6.54595358803753e-06,-2.36817376668061e-06,0.000252332159486247,-0.000197950346004945,0.000121263863727715,-0.000158843277520012,0.00139637338826238,-2.91757617021788e-06,-3.67696983087878e-06,0.000242902782051212,-0.000193126241014314,0.000159587123005159,-0.158843291919217,-2.43292401027607e-05,2.45250005056801e-05,-3.29197672383876e-05,4.71286442021404e-06,-9.97392143701097e-07,-4.44191763493892e-07,1.73036761275103e-06,-6.27290792324073e-06,-4.54351529502888e-06,1.93987679358027e-06,1.74729492707259e-06,-1.83271535801328e-05,3.19950288141845e-06,-0.00842881022936817,9.33022376104559e-05,1.20607142298298e-06,0.000139038852714469,-0.0044685753944596,1.15596971767448e-05,4.00568332450991e-05,1.23209125037352e-05,-2.0928623675749e-06,-3.64044650078282e-05,-6.83226005768356e-08,2.77200243607874e-06,-2.88023579581622e-05,1.89605521311743e-08,1.32193805388448e-05,-1.22335266306933e-05,-2.62080738408139e-06,-3.08921871951816e-06,-3.63171372691703e-07,1.96873344763627e-06,-2.2234018521186e-05,-0.000474072171216509,-1.03476824624959e-05,6.89189038006038e-08,-1.45454334125375e-05,1.82428901836169e-05,-0.000378301126931808,5.8849199778757e-07,-0.000170256989946934,2.27409291775078e-07,-0.000424627786794508,6.71974565824004e-08,2.32024585735484e-06,4.97823442638363e-06,-1.55303353941531e-06,1.98743954200973e-06,-2.26272801797767e-06,4.12846184618701e-06,-0.0049207657333046,0.00991850247235168,9.79121018483445e-06,9.11770619738305e-07,-1.17067541981945e-06,4.48740205968848e-06,-7.34201575000178e-05,-7.30592997838145e-05,3.62932086500906e-07,-8.21082719040159e-06,8.56308101447167e-07,-2.12887321708909e-05,2.13025964208882e-05,0.00074168988761295,5.50646974864144e-06,-2.14877388074842e-05,1.77471794354402e-06,0.000215385135120249,-4.56724165822811e-08,3.03321734779051e-05,-9.44583994818358e-05,-3.95755557157968e-06,0.000590816057798715,-0.000172395877526746,-0.00435600045575021,1.12969334299974e-05,1.91581509679313e-05,2.10581906572285e-06,1.2202054332364e-08,-3.76737482434745e-05,-4.64028885835613e-06,0.114792722878709,-0.00124871705337754,2.46709275914827e-06,2.86636605437551e-06,0.000114710162243115,1.39596363921266e-06,-0.000297586189246763,3.7964080956881e-07,6.39964863790536e-06,-3.66057401595662e-05,8.82323578583499e-07,3.57755143282513e-06,4.6904807167419e-07,3.19410355599437e-07,-4.3054656696509e-08,2.92999590124655e-05,1.96096681838836e-07,-5.02654731247941e-08,-1.31128973271708e-08,2.76649107236204e-05,3.80954079603657e-07,2.41471385998806e-05,1.01629788825857e-07,-2.31826780915576e-07,-4.17582448832713e-08,6.2260007384192e-09,6.32485035943439e-05,4.25147192157453e-08,8.86922870132056e-08,3.93114617947825e-09,-1.80040077159045e-07,-9.28250007176348e-06,-1.08363827968443e-06,4.60353715750964e-06,1.51457014341102e-06,-3.50990624916446e-07,-1.58511537398683e-09,-5.58735766325057e-08,-6.04857687846284e-08,-0.000915955659867154,-3.11106576651608e-05,-0.000142017043461158,-1.6642376172275e-08,3.50049888965591e-05,-1.47457416976903e-07,-2.52661123946348e-08,9.54196338180489e-14,1.69915036974356e-10,-4.18813457051336e-08,-1.95108905627338e-08,4.68464105262681e-11,-3.04881964913059e-08,-5.85823285020518e-08,-2.56560291176232e-07,-3.07791630913918e-07,1.44723299573226e-06,3.16917960113755e-08,3.62392123232378e-06,1.74668807563953e-07,-2.69868588943751e-06,-1.54477801932065e-07,1.00556498568833e-05,2.62022699770954e-09,5.86950371064833e-05,3.85010420282707e-07,1.00241496356011e-06,3.0367980709876e-05,-4.86481843701962e-09,8.87712594813418e-08,-3.14396757982568e-08,-2.09017232827494e-08,0.0018235471596897,2.51395091772817e-06,1.23877832764169e-06,-1.81452954666631e-06,-4.17887358693702e-07,-1.86381575636261e-06,6.58213529884602e-06,3.91547721080294e-07,3.74916154010646e-05,3.14400326730126e-07,0.00346150374618841,5.77216574298487e-06,-4.87212790499431e-07,-1.23227056313551e-07,-4.21391734454559e-06,-1.59619838040705e-06,1.91958664002949e-06,2.15360661907556e-08,1.03039742048926e-05,4.20128730220629e-17,1.08390982732267e-07,-1.5812511822567e-06,3.71185346227548e-07,1.06422093973019e-06,1.56841815619816e-05,-2.18092752483469e-07,3.67413644921859e-06,-1.68529502813112e-06,6.46568458476762e-05,-2.26888739031698e-07,4.81203857983352e-07,-0.000212977041259363,1.45001371728351e-07,-1.62483457280469e-05,0.000264675813677294,-1.0721558383799e-07,8.97775249525086e-09,-5.49169622122396e-07,1.23597091953985e-06,-2.14908162718366e-05,-0.617115056231052,-0.00379356089514229,1.57563130504555e-05,-0.000416348224125437,0.000243627874340413,-1.24191857904714e-05,0.000179983070592092,-0.00229131554955533,9.08949710639805e-08,0.000785403019117455,3.78489451408131e-06,2.87796779019533e-05,7.400520530361e-08,-3.64154530979093e-05,1.86500633715321e-06,-1.61863645958302e-06,2.48259264761706e-06,-4.68720367165311e-06,3.46009562146837e-06,-2.43388327952535e-07,4.30399239319024e-05,-1.82942046530846e-07,2.95538765559653e-05,-7.63444576066625e-17,-6.87601015991169e-05,-0.000128539130035666,-7.07715324581115e-11,-5.89712109874638e-07,8.33989363929203e-07,-5.07742310051687e-07,-1.42920969886228e-07,1.49944082898628e-08,-6.65214785604463e-07,2.51063785378376e-05,9.03496813115993e-06,-6.56320491439409e-08,3.46660577597869e-05,-0.000115473491281235,3.04719754870398e-06,-0.000913169565684045,6.65273152885925e-07,1.16117512952782e-06,1.79150265713054e-08,4.54341444251494e-05,-5.46944815018817e-06,2.39693461549861e-08,-7.40671168372652e-06,8.53590622475911e-07,-3.08466178379751e-06,2.16477447957204e-06,1.92089285984493e-05,9.68763469092245e-07,-3.06557391761561e-07,-1.97582756105066e-06,1.98232237222185e-07,-9.10261575321026e-07,2.53393962151163e-06,1.0212379131531e-05,-0.000774923749947291,-8.45825030712897e-18,1.19579154511233e-07,6.46248393885525e-07,-6.30255580240564e-08,3.36632637439506e-05,3.61407789118426e-08,8.86896719786659e-06,0.000345698779695015,-2.57913237938105e-06,1.1211533756654e-05,-4.28337884104794e-17,-0.000959842641199562,-2.88916996323978e-09,-2.1816375194559e-06,9.34398847237743e-08,1.85940548499378e-06,-1.23320099175458e-06,-2.03906307353051e-05,5.42558892197331e-06,-5.36376059057776e-07,3.35129395812093e-05,-1.06853708242977e-07,-1.01680067988967e-05,-1.35210297538976e-08,-1.96276497569574e-09,-2.79829673652247e-05,1.52537591024585e-07,-5.14241198733429e-05,8.97623938293219e-17,-7.92849355107693e-07,6.22973820817152e-08,1.79540091071251e-09,1.60530721961319e-08,-2.44565162589546e-05,-0.000198533024017378,5.02364249903887e-07,-1.86089082416805e-06,-1.0990812296038e-06,5.17557812948582e-16,-2.1304733683549e-05,-7.89542529466678e-08,-0.00359912669784497,7.26018497398736e-16,3.01835028723436e-06,4.14323785119808e-07,-6.53995961031917e-08,-4.68246099408704e-05,-9.34335473245201e-06,-8.77150546183471e-06,-1.66830001321284e-06,9.04203773096625e-06,3.81627635049739e-07,2.13490777327119e-08,5.00234743657552e-06,1.51674100858553e-07,1.56093667367946e-17,-6.08626424644408e-08,2.25424881673508e-06,9.73702556943728e-07,-6.12836028707861e-06,-1.68097209710236e-16,-1.25070453206077e-07,2.29204034602419e-08,-2.59407351504621e-06,-3.70165256622757e-08,-1.33984779084186e-05,1.30201045386238e-07,-1.71724744364215e-06,9.12589667985001e-06,5.30421731549457e-17,3.2646073957521e-05,-1.5464183999066e-07,4.48280194193985e-07,4.8065580038846e-05,-6.31689777047678e-08,-1.465680308058e-06,-6.72205346941013e-17,2.65404702404867e-17,-1.30405069329521e-06,-8.41045495732694e-08,1.10889157575931e-08,-1.22237769700604e-05,4.01442186195963e-15,-7.0306055756764e-05,-1.1917639432321e-06,2.77803712294355e-16,-1.66783164170434e-16,1.55097165305726e-16,1.41036292967614e-05,3.83775090274519e-07,-4.18550411088684e-07,1.26678926660857e-05,1.7979154327409e-06,3.31662186071551e-07,-1.43845455939905e-07,-5.96570698558238e-17,-3.1287165458847e-08,8.76664251887944e-08,6.63067155054312e-17,-5.50144878950745e-17,-5.45462612548946e-08,-3.14357875273417e-09,-3.21194614422197e-08,8.09451558486216e-06,3.14378783054739e-08,-1.25934764738142e-06,-4.90379954660823e-16,-4.4303401617957e-07,-2.26095102076448e-16,-2.44579449571764e-05,3.32768751790113e-16,-3.48185664606655e-08,-6.75917092636207e-17,1.42894040495749e-07,3.76147059110897e-08,2.83067841943876e-06,2.28512812985559e-06,1.00882394126638e-07,-1.15677154568162e-08,7.32262970959236e-08,2.73482732664231e-08,1.31051964287741e-05,4.36083362183702e-07,2.53764789732362e-08,-7.1268630260588e-08,-1.29707769977281e-05,-1.82896656720678e-05,-3.38060461086148e-08,9.90447877596715e-17,3.15791654080589e-07,-5.4301476706261e-08,2.78907355724996e-08,2.75530154612054e-16,5.17779405265182e-07,1.47123635036255e-06,4.70520163957167e-07,-2.64309075813369e-16,-1.13961533027043e-07,-6.40722672337294e-06,4.01643146828506e-16,-7.97230418090031e-08,1.77039533981524e-07,3.0620180928902e-16,-1.42235680637151e-16,-6.50244195995403e-09,-3.67318809236122e-06,-2.09101386456626e-08,-2.89836154240957e-05,8.08080562676047e-07,2.13344360636796e-08,3.7693184945624e-05,1.89311920748482e-07,-4.73438815880925e-06,1.32737516724685e-15,8.74308089752154e-10,6.38150308643435e-08,1.76165459687137e-07,2.79231008057873e-05,2.09566404461106e-15,5.13498650692624e-16,2.3332323489036e-06,1.3394761905537e-15,-2.17455784398178e-15,2.40189275302624e-07,-3.532227335741e-07,-6.61302992123427e-08,-6.30488196181471e-07,1.6922391881385e-06,4.42060761699446e-07,5.65011898355045e-07,-3.16574202700586e-16,0.000427684063214156,1.35537638673458e-07,1.07781745227855e-05,-5.99893343221295e-08,2.37228833357991e-07,8.94988622826165e-16,-2.1701406593209e-15,3.82590044958333e-15,-2.18299427238985e-06,-9.94709747888326e-09,-6.44800364589013e-07,1.21675751208102e-15,-7.62005998419608e-09,-3.50253532701303e-15,-8.01926912299407e-16,1.24510668844264e-06,-3.11745279844961e-07,1.08721083351415e-15,-2.57235643306e-06,-3.46902862243914e-08,-2.73444182124523e-15,7.848711605211e-08,1.19281611447069e-15,4.96271497203457e-06,9.24589335931393e-16,4.95456792781712e-06,2.40621141133795e-07,8.73500316746068e-09,1.46572345528976e-05,0.000100577862012804,-2.78393166520255e-08,8.5760141348083e-07,8.34014178907013e-16,5.08831445872493e-07,-2.87334217657799e-08,-3.29483755939616e-15,-3.78797148072982e-09,-7.72957199953887e-08,1.79827419317061e-08,-3.17536865652177e-15,5.80194532046965e-08,7.68503938035239e-08,4.3728341111368e-16,-2.13697512760528e-06,-1.62390981278867e-06,-2.22791309168603e-09,6.19339094364388e-14,-0.70710678118655,4.0554071927564e-08,2.2392505314435e-05,1.80621000032807e-07,-2.00486350964989e-08,0.00428343618346658,5.23392729089956e-15,3.84290224437148e-15,7.29015578253863e-06,1.33946748858715e-08,1.71208880343723e-15,0.0103789721917151,7.4300074683801e-16,4.6447475906227e-09,-3.27998358884221e-07,-4.48425068230614e-07,-3.18139049950777e-06,5.26005528754244e-16,4.72573933728564e-16,4.14962997242976e-15,-8.26265238390286e-16,-3.01883790043847e-09,-1.05404015434231e-08,-2.84194779752636e-15,-7.95031402434642e-17,-2.72106081872505e-16,1.51252938900851e-08,1.36841876440433e-10,-7.6457941182468e-09,3.44122751732242e-16,2.55860396346404e-14,-2.41282417223071e-16,-3.37425308978442e-07,1.0331817491785e-08,1.82490546790118e-16,1.82408756238715e-09,-4.78189025099694e-08,-1.355335606489e-15,-8.74486206746409e-16,-5.85033695111932e-06,-3.39184855876422e-10,-2.90410176766312e-06,2.17469664658779e-16,1.858321886832e-08,3.00293597466268e-07,3.22707635093892e-07,-1.20642229374247e-06,-7.16207536773676e-08,1.16677062063904e-09,-1.09043739550366e-15,-1.65429828229718e-14,-4.14370040250157e-15,2.22493519091036e-08,-2.01456185505587e-08,-7.87176280429009e-07,-5.98164589110164e-09,-2.59414458620581e-15,-2.94245695181143e-16,1.99227833825648e-15,8.50900977764402e-18,2.27266265414097e-15,2.85692284612318e-08,8.09131981287767e-16,6.49400490860944e-16,-8.10513461673494e-06,-2.15006900996003e-17,-7.26315586721231e-07,-2.56336153405545e-16,-5.3109038093628e-07,-6.36463945986028e-17,-6.43228419798736e-07,-1.36221773912804e-06,-7.10038307173579e-08,-5.57361900365601e-16,4.38141237012425e-06,-7.26613958706516e-16,3.92134498503326e-07,-6.23539429125277e-08,3.45067515815048e-10,4.48037682219631e-16,1.89990537315112e-06,6.82279051398456e-16,-1.36724024805705e-07,-6.97939198141268e-08,9.826151935014e-17,-7.11642257994217e-17,-1.18228369608459e-16,-3.34842471813134e-17,-1.05829182410469e-08,-5.33933677026263e-07,-1.18718566934081e-06,6.77177696464451e-17,-2.13320403025286e-16,-7.19948889451497e-09,5.8726986764345e-08,-1.12701700636084e-17,3.22407751210004e-15,-1.17000080669257e-07,-2.52477147494731e-16,-2.26652974415944e-06,-1.9461606930345e-17,2.07518068457101e-07,1.05907011922177e-16,-1.18014261593155e-16,7.36475544948089e-16,6.82103619957534e-16,-4.4829218747994e-16,3.14580416782402e-16,3.98487363417711e-09,-2.78684239973388e-08,-1.06975577292474e-16,-1.84969602520885e-08,7.77038135351388e-07,5.26030365922764e-17,-1.02550922829556e-16,4.97028230279811e-16,1.67834553173855e-16,7.13599954073101e-07,5.78603049312994e-06,1.53934375048198e-16,9.64629836728782e-17,-1.39017614800315e-07,-4.49031564762034e-08,-6.79791223572574e-10,-8.99652566721787e-17,-3.00950439263633e-16,-4.78649447098625e-16,8.59591244021009e-16,7.18148058231493e-16,-4.53942504175722e-16,3.21131251778614e-05,-9.39985095328899e-07,-8.38386016234444e-07,3.28703700474629e-16,7.36228469376417e-17,-3.51018689324283e-16,-1.93178778355316e-16,1.12621840184703e-16,6.1532699080694e-16,-4.26577839245321e-17,-2.25238771992187e-16,-1.12388373827111e-16,1.82164652943735e-16,6.19383924077694e-16,2.64903035457905e-16,2.620552218111e-16,1.11574877640855e-16,2.63783195165804e-09,9.37444529350834e-17,3.71772214535209e-17,3.22650114838504e-16,3.73284431088733e-08,-4.61593294691332e-08,4.79562626446524e-17,-9.63287528231072e-10,3.40974731557171e-08,4.34811119882174e-16,5.48083625944197e-16,-6.57177609693768e-08,3.44071040873517e-16,8.38632248905286e-10,-4.25732455861215e-16,5.40613747768021e-16,-2.52561090529028e-16,-2.42880180601676e-16,8.40632558935916e-08,-1.12568510134367e-07,2.46895587052748e-16,-1.39145282067744e-16,2.95453298060109e-16,-1.558540117093e-16,5.86905741020716e-16,-1.04184867243332e-16,9.24231745407947e-19,1.58502721574528e-16,1.34960507739483e-09,-6.43805101288828e-17,2.80146767099994e-16,1.85810534391397e-16,-8.96392382124412e-17,-6.85325497765068e-16,3.31774948960887e-16,-2.93176042924049e-07,7.25378121318453e-17,1.11819905439775e-16,1.98295558914465e-08,2.72758939883876e-16,-2.50255899392155e-17,2.82348036171047e-16,-2.35922180103162e-17,1.65053848056275e-08,6.52011264737525e-17,-1.24525887150882e-06,-2.10582389039065e-16,-8.33628324250688e-18,-5.16566424503417e-17,2.59171964827319e-16,7.37659344491424e-17,-6.31998283093709e-16,1.97143852976891e-08,-2.8413939970446e-16,2.77278160699446e-16,2.48799667905679e-09,-2.4592840746175e-06,-2.8933285779904e-17,4.23146344032376e-07,9.61810558053271e-06,3.74222087713262e-17,-1.00638501850326e-16,6.69408780665664e-17,1.23479967817714e-16,1.97349407678288e-16,-1.60905101125294e-05,-3.45770039579203e-16,-1.03290657535329e-17,5.89357294587672e-17,6.51823862224044e-07,-2.7922893752272e-16,1.01796581931663e-16,1.73244978108735e-16,-6.15635700227933e-17,-8.75851603073646e-06,-2.18973185839204e-16,5.16498855672079e-10,-5.48067129972463e-17,-1.13889139321763e-16,2.01493965098015e-17,9.44510880657267e-17,-5.36805869266658e-17,7.60840944038987e-17,-9.44666167169493e-17,-8.95037706074884e-09,6.13139890479185e-17,3.0117839991406e-16,3.7616508707802e-09,3.12872278174665e-16,-2.25223002001986e-16,-2.41720614137439e-16,-1.23852951074229e-17,-3.75765788343818e-17,-3.10241031478958e-17,-2.72425955627648e-08,-1.16036202158657e-16,2.59059589477104e-17,8.10847580252941e-09,-3.48066778350152e-16,-7.2632033211285e-17,-6.28543152421426e-16,-4.29834568820931e-18,2.56614526415219e-17,-1.06784145679173e-16,2.56538968824419e-16,-2.93062880100243e-16,4.20270726414808e-17,2.70853112274094e-16,7.91207561756079e-17,-4.2471459058899e-09,1.40810529113145e-08,2.2362249181575e-16,3.10337662770987e-17,1.70570439217563e-16,-2.53159559604233e-16,-1.39798383372997e-15,1.05099437142186e-17,6.94804182369981e-17,1.03714227280425e-16,-1.34082477305798e-08,4.85301821518057e-16,-1.04621938864341e-16,1.29285688270462e-16,-4.4315295419095e-18,1.55965498803693e-09,-7.30818658640678e-17,-2.47100402149236e-10,-1.12914969913743e-16,-3.26926567784577e-17,2.94913032065873e-17,-1.24254776230807e-16,1.04700156425933e-16,2.80031270397879e-16,3.0597146935571e-16,-1.89968650772466e-16,1.16739059033909e-16,-7.02508658450419e-17,-5.84152231171163e-18,5.69185986282135e-17,-7.72204975684771e-17,-1.55368970991358e-17,8.37762520699515e-17,3.0318465086149e-16,-1.17617060983039e-16,-1.7110882098048e-16,-6.75942747580566e-17,1.23389596569048e-16,-2.12056392411009e-16,-1.64762337383677e-16,5.84161289273021e-16,1.98683612824182e-16,1.72949787836758e-16,1.9823599779722e-07,5.86234802449662e-18,8.88236186703806e-16,-1.06513849971662e-16,-1.24473224789865e-16,2.04083512256636e-16,7.98949225028936e-17,2.57314208297831e-16,1.98032826336145e-16,6.74675757641901e-17,5.28654407931177e-17,1.63362162339253e-16,-2.13544471614428e-17,1.37111318524998e-16,2.71537052408231e-18,1.28239930649221e-16,-5.15133113910552e-17,2.58581246876603e-17,-1.52906629321751e-07,-3.9434154499955e-18,-4.0494849786578e-17,4.5658839148774e-17,-1.15047908824843e-16,-2.0251944322472e-16,-1.81493581622901e-17,-9.55857064280198e-17,2.85922453287369e-16,-7.63918176726622e-17,3.49854062362884e-09,2.21599606712719e-16,-1.00032967522179e-16,-2.43711002348812e-17,-8.49868998453122e-17,-1.12451272778717e-16,1.46524895607879e-16,-1.4431140325728e-16,2.99885266422683e-17,-6.48345320365736e-17,-1.54615901265406e-16,6.57136036675719e-17,-2.60408341456881e-16,-2.86869557831331e-17,2.74967457953147e-07,6.38986289411723e-17,-2.55621323778903e-16,-1.61236024011724e-16,-5.18086008122198e-16,-4.8248801214239e-09,-5.50355612639325e-17,1.23553366886737e-16,-6.74992773487193e-17,-3.61762833500325e-17,1.89170995631371e-16,8.21142926342928e-17,-9.21591934610056e-17,-3.47457063557124e-18,1.02715663244928e-16,1.32762640526666e-16,5.25946630977951e-17,-8.39509157810512e-17,2.98717233601761e-19,-5.02800488847688e-17,5.27427456614863e-17,-2.05062518516804e-16,-2.4376037236797e-16
"t191",0.0358472840371967,-0.0106588624288472,-0.0116647852008726,0.000692285687565049,0.0064576149370186,-0.0178534651229999,-0.00252557209678212,-5.49513710693199e-06,-0.0538016379432169,-0.0419428429350374,-0.0416872992900039,0.0004546532381127,-0.000943152070343471,-0.00020258419806068,-0.00558133737259179,0.000124363002750185,7.74816597103176e-05,-8.90542347666644e-06,-0.00379127168664179,-0.000676039645481338,1.20021738435852e-06,-6.23127471449453e-05,0.118358155741758,0.00502765489683168,-0.000487510931356273,0.00574859558468621,-0.0617395862737636,-0.000495671073245389,-4.07145342233641e-05,0.00265525336320879,0.0160545043752843,-0.0080931397892033,-3.02287199243086e-06,0.00204101408381369,-0.00102114867206625,0.000816108731291294,5.5637345816137e-05,-0.000388453433174987,-0.159296011038333,0.0357313960755063,0.00148391733084056,-0.160934299292294,-0.000184626132449712,0.0108501894546092,-0.000130113304003481,2.66698180832542e-06,-1.15207660442935e-07,-5.08054685328075e-07,0.000690768856688169,-0.00200348018065885,2.99875569836416e-06,-4.8298635768247e-06,6.54595358802945e-06,-2.36817376667378e-06,0.00025233215948623,-0.000197950346005036,0.000121263863727685,-0.000158843277520026,0.00139637338826236,-2.91757617020898e-06,-3.67696983088034e-06,0.000242902782051267,-0.000193126241014283,0.000159587123005192,-0.158843291919218,-2.43292401027743e-05,2.45250005056502e-05,-3.29197672383691e-05,4.71286442024274e-06,-9.97392143650467e-07,-4.44191763508005e-07,1.73036761272279e-06,-6.2729079232339e-06,-4.54351529498413e-06,1.93987679354684e-06,1.74729492707501e-06,-1.83271535801464e-05,3.1995028814606e-06,-0.00842881022936833,9.33022376104832e-05,1.20607142290653e-06,0.000139038852714417,-0.00446857539445967,1.15596971766895e-05,4.00568332451089e-05,1.23209125036264e-05,-2.09286236757308e-06,-3.64044650078141e-05,-6.83226007324541e-08,2.77200243609425e-06,-2.88023579581482e-05,1.89605521425584e-08,1.32193805388458e-05,-1.22335266306041e-05,-2.62080738405594e-06,-3.08921871954445e-06,-3.63171372699542e-07,1.96873344771692e-06,-2.22340185211839e-05,-0.000474072171216509,-1.03476824624774e-05,6.89189037882269e-08,-1.4545433412476e-05,1.82428901836284e-05,-0.000378301126931812,5.88491997747952e-07,-0.000170256989946922,2.27409291773427e-07,-0.00042462778679452,6.71974565643078e-08,2.32024585733739e-06,4.9782344263626e-06,-1.55303353940559e-06,1.98743954205964e-06,-2.26272801797596e-06,4.12846184619592e-06,-0.00492076573330471,0.00991850247235181,9.79121018481336e-06,9.11770619729402e-07,-1.17067541974523e-06,4.48740205967714e-06,-7.34201574999673e-05,-7.30592997837677e-05,3.62932086396589e-07,-8.21082719035942e-06,8.56308101507665e-07,-2.12887321708422e-05,2.13025964208574e-05,0.000741689887612779,5.50646974860408e-06,-2.14877388074593e-05,1.7747179435626e-06,0.000215385135120254,-4.56724166049035e-08,3.03321734779321e-05,-9.44583994818394e-05,-3.95755557155764e-06,0.000590816057798713,-0.000172395877526757,-0.00435600045575025,1.12969334301022e-05,1.9158150967959e-05,2.10581906573859e-06,1.22020544935764e-08,-3.76737482434778e-05,-4.64028885838824e-06,0.114792722878709,-0.0012487170533776,2.46709275915128e-06,2.86636605439353e-06,0.000114710162243104,1.39596363920251e-06,-0.000297586189246749,3.79640809655065e-07,6.39964863787565e-06,-3.66057401595235e-05,8.82323578580287e-07,3.57755143285202e-06,4.69048071612368e-07,3.1941035549367e-07,-4.3054656698202e-08,2.9299959012474e-05,1.96096681871629e-07,-5.02654732073104e-08,-1.31128973342257e-08,2.76649107236327e-05,3.80954079615349e-07,2.41471385998721e-05,1.01629788782763e-07,-2.31826780877685e-07,-4.17582448339456e-08,6.22600048724905e-09,6.32485035943111e-05,4.25147191978042e-08,8.86922870275973e-08,3.9311461797328e-09,-1.80040077162724e-07,-9.28250007176232e-06,-1.08363827962918e-06,4.60353715745822e-06,1.51457014350367e-06,-3.50990624897926e-07,-1.58511537563132e-09,-5.58735765913814e-08,-6.04857687685927e-08,-0.000915955659867538,-3.11106576651264e-05,-0.000142017043461229,-1.66423764145392e-08,3.50049888965941e-05,-1.47457417019658e-07,-2.5266112376158e-08,9.54242154933966e-14,1.69915041280859e-10,-4.18813456823e-08,-1.95108905844268e-08,4.68467055156563e-11,-3.04881965041107e-08,-5.85823285022792e-08,-2.56560291203742e-07,-3.07791630909982e-07,1.44723299567401e-06,3.16917959793583e-08,3.62392123231893e-06,1.7466880757103e-07,-2.69868588943292e-06,-1.54477801859857e-07,1.00556498568173e-05,2.62022705372547e-09,5.86950371065095e-05,3.8501042021038e-07,1.00241496361972e-06,3.03679807098814e-05,-4.86481857899271e-09,8.87712594218864e-08,-3.14396757756299e-08,-2.09017233044841e-08,0.00182354715968946,2.51395091776946e-06,1.23877832759247e-06,-1.81452954663147e-06,-4.17887358539555e-07,-1.86381575635138e-06,6.58213529867095e-06,3.91547721033922e-07,3.74916154010937e-05,3.14400326514884e-07,0.0034615037461888,5.77216574285452e-06,-4.87212790388372e-07,-1.23227056497027e-07,-4.21391734461294e-06,-1.59619837995004e-06,1.91958664003242e-06,2.15360658778869e-08,1.03039742050131e-05,1.82088649805554e-16,1.08390982605248e-07,-1.58125118231698e-06,3.71185346326295e-07,1.06422093971674e-06,1.56841815618504e-05,-2.18092752595575e-07,3.67413644936832e-06,-1.68529502801111e-06,6.46568458480326e-05,-2.26888738904933e-07,4.81203858055164e-07,-0.000212977041259256,1.45001371701032e-07,-1.62483457282063e-05,0.000264675813676964,-1.07215583736085e-07,8.97775260219385e-09,-5.49169622227774e-07,1.23597091964444e-06,-2.14908162719338e-05,-0.617115056231057,-0.0037935608951424,1.57563130505947e-05,-0.000416348224125501,0.000243627874340376,-1.2419185790431e-05,0.000179983070591958,-0.00229131554955555,9.08949708946516e-08,0.000785403019117132,3.78489451400014e-06,2.87796779021544e-05,7.40052057621081e-08,-3.6415453097777e-05,1.86500633724899e-06,-1.61863645941932e-06,2.48259264782389e-06,-4.68720367155225e-06,3.46009562153738e-06,-2.43388327824032e-07,4.30399239317816e-05,-1.82942046709637e-07,2.95538765561028e-05,4.65402240306107e-17,-6.87601015990288e-05,-0.00012853913003564,-7.07714399261515e-11,-5.89712109830946e-07,8.33989363995252e-07,-5.07742310078664e-07,-1.42920969768275e-07,1.49944079431469e-08,-6.6521478589217e-07,2.51063785378777e-05,9.03496813095279e-06,-6.56320490435457e-08,3.46660577597272e-05,-0.000115473491281147,3.04719754860076e-06,-0.000913169565684036,6.65273153049368e-07,1.16117512948437e-06,1.79150264931581e-08,4.54341444251428e-05,-5.46944815024001e-06,2.3969346387866e-08,-7.40671168369178e-06,8.53590622583421e-07,-3.08466178377812e-06,2.16477447980663e-06,1.92089285986764e-05,9.68763468913966e-07,-3.06557391950894e-07,-1.97582756096257e-06,1.98232237151699e-07,-9.10261575332655e-07,2.53393962123014e-06,1.02123791315431e-05,-0.000774923749947396,-2.75924520196927e-16,1.19579154746158e-07,6.46248393828695e-07,-6.30255580306158e-08,3.36632637443478e-05,3.61407784351292e-08,8.86896719793304e-06,0.000345698779695163,-2.57913237941584e-06,1.12115337563148e-05,-1.85086166495258e-16,-0.000959842641199444,-2.88917017911667e-09,-2.18163751927489e-06,9.34398848269551e-08,1.85940548493225e-06,-1.23320099197439e-06,-2.03906307348198e-05,5.42558892181661e-06,-5.36376059275208e-07,3.35129395807681e-05,-1.0685370865139e-07,-1.01680067988404e-05,-1.35210297843163e-08,-1.96276476803036e-09,-2.79829673652674e-05,1.5253759100548e-07,-5.14241198738368e-05,1.14106220977551e-16,-7.92849355101012e-07,6.22973819394408e-08,1.79540097276985e-09,1.60530716942682e-08,-2.44565162592391e-05,-0.000198533024017641,5.02364250073631e-07,-1.86089082406767e-06,-1.09908122988384e-06,9.25692968248388e-17,-2.13047336841527e-05,-7.89542527285414e-08,-0.00359912669784485,1.2725978614557e-15,3.01835028708857e-06,4.14323785259936e-07,-6.53995960781654e-08,-4.68246099405271e-05,-9.34335473278881e-06,-8.77150546239742e-06,-1.66830001338537e-06,9.04203773054563e-06,3.81627635471014e-07,2.13490778334888e-08,5.00234743692909e-06,1.51674101300809e-07,-3.62150153176145e-17,-6.08626428893214e-08,2.25424881646813e-06,9.73702557061305e-07,-6.12836028732388e-06,2.24494780938183e-16,-1.25070452972735e-07,2.29204033313439e-08,-2.59407351520018e-06,-3.70165260581314e-08,-1.33984779088691e-05,1.30201045967428e-07,-1.71724744374732e-06,9.12589667980768e-06,-1.8320147779296e-16,3.26460739575029e-05,-1.54641839477731e-07,4.48280194419752e-07,4.80655800386663e-05,-6.31689779282893e-08,-1.46568030715901e-06,-3.92481186439753e-17,1.44939493096466e-16,-1.30405069289324e-06,-8.41045489709883e-08,1.1088916741352e-08,-1.22237769699118e-05,3.83870142589927e-15,-7.03060557564084e-05,-1.19176394279083e-06,-5.37076106871711e-16,1.28832625067232e-16,-1.89300023462928e-16,1.41036292959785e-05,3.83775090748761e-07,-4.18550410365506e-07,1.26678926657526e-05,1.79791543302242e-06,3.31662186561451e-07,-1.43845456439286e-07,2.12037756669404e-16,-3.12871648554745e-08,8.76664248657411e-08,-2.415278774612e-18,1.21159912044867e-17,-5.45462610194592e-08,-3.1435792124514e-09,-3.21194602980669e-08,8.09451558522485e-06,3.14378770112579e-08,-1.25934764657896e-06,4.36396062379818e-16,-4.4303401606352e-07,1.42720251176066e-16,-2.44579449577615e-05,-1.34515608287561e-16,-3.48185669918714e-08,1.67284682179526e-16,1.42894039763749e-07,3.76147057017227e-08,2.83067842105129e-06,2.28512812932623e-06,1.00882394576729e-07,-1.1567715163413e-08,7.32262967982479e-08,2.73482733230086e-08,1.31051964282907e-05,4.36083363373924e-07,2.53764806662855e-08,-7.12686307008473e-08,-1.29707769984075e-05,-1.82896656710545e-05,-3.38060469230668e-08,-5.02718309416911e-17,3.1579165467375e-07,-5.43014769918117e-08,2.78907358018739e-08,-2.8080573425686e-16,5.17779404424776e-07,1.47123634943785e-06,4.7052016479129e-07,4.53690178018881e-16,-1.139615330146e-07,-6.40722672456472e-06,-2.91781603078321e-16,-7.97230423008393e-08,1.77039534224845e-07,-3.50903858512108e-16,2.25561444153592e-16,-6.50244219137049e-09,-3.67318809192954e-06,-2.09101393842879e-08,-2.89836154249863e-05,8.08080562370506e-07,2.13344362510068e-08,3.76931849456848e-05,1.89311919785419e-07,-4.73438815968381e-06,3.31955600160749e-16,8.74309064008593e-10,6.38150318430242e-08,1.76165460089918e-07,2.79231008078733e-05,-2.45701521075141e-15,-4.43198901136584e-16,2.33323234826254e-06,-1.35942439073214e-15,-5.40585367503814e-16,2.40189277271633e-07,-3.53222733406522e-07,-6.61302988436005e-08,-6.30488194930835e-07,1.69223918800662e-06,4.42060762773464e-07,5.65011900038392e-07,4.08993889808162e-16,0.000427684063213694,1.35537637283692e-07,1.07781745233492e-05,-5.99893352707303e-08,2.37228832050762e-07,-1.04167594712646e-15,2.06862676752468e-15,-4.22186140557232e-15,-2.18299427217997e-06,-9.94709852352703e-09,-6.44800364436172e-07,-1.35295352710463e-15,-7.62006161277764e-09,3.48308769052833e-15,7.60267193615146e-16,1.24510668906611e-06,-3.11745280662893e-07,-1.31779353054751e-15,-2.57235643237231e-06,-3.46902856579083e-08,2.55825371406871e-15,7.84871148539035e-08,-1.10070657065586e-15,4.96271497070233e-06,-8.12785145685918e-16,4.95456792854304e-06,2.40621140208786e-07,8.73500445122864e-09,1.46572345502442e-05,0.000100577862006652,-2.78393319867845e-08,8.57601411780455e-07,-7.57360371686487e-16,5.08831439602965e-07,-2.87334194342429e-08,3.20532589217137e-15,-3.78796379455497e-09,-7.72957192677531e-08,1.7982747753217e-08,3.00612119496257e-15,5.80194496413235e-08,7.68503756479056e-08,-2.81103190201787e-16,-2.13697512533774e-06,-1.62390979034826e-06,-2.22794188163026e-09,-6.19824445760036e-14,0.707106781186546,4.05540710896941e-08,2.23925052688493e-05,1.80621001240752e-07,-2.00486332400662e-08,0.00428343618341206,-4.1098928445345e-15,-4.05551274285918e-15,7.29015578266532e-06,1.33946772899869e-08,1.05199628859053e-16,0.0103789721917299,-6.05706685531289e-16,4.6447447012499e-09,-3.2799836358739e-07,-4.48425069149663e-07,-3.18139049827343e-06,-6.37674350536362e-16,-3.94121813562421e-16,-4.38221250494657e-15,7.20849254586016e-16,-3.01883960525309e-09,-1.05404075134705e-08,2.62926004583757e-15,1.26138798287959e-16,3.59029061748554e-16,1.51252928496028e-08,1.36834416315445e-10,-7.64579450009571e-09,-4.38930674473474e-16,-2.53980796355129e-14,5.42982000507897e-16,-3.374253091833e-07,1.03318175073429e-08,-1.30010593695936e-16,1.82408602363944e-09,-4.7818902695095e-08,1.39379477301394e-15,8.85320571603942e-16,-5.85033695010284e-06,-3.39185636756068e-10,-2.90410177134437e-06,-3.42333227259591e-16,1.85832198457569e-08,3.00293600182467e-07,3.22707634490408e-07,-1.2064222937896e-06,-7.16207551539149e-08,1.16676233899427e-09,1.03806785743782e-15,1.66613308142861e-14,3.93689164605645e-15,2.22493500106629e-08,-2.01456184254274e-08,-7.87176277359051e-07,-5.98164633379956e-09,2.25761608995357e-15,4.00911977974581e-16,-1.89473878496627e-15,-1.14567224385269e-16,-2.0739309160999e-15,2.85692286031663e-08,-8.39300148813035e-16,-6.67221772904815e-16,-8.10513461880688e-06,3.81093982870233e-16,-7.26315585398447e-07,1.82286247878551e-16,-5.31090379987818e-07,2.88853087268724e-17,-6.43228419339578e-07,-1.36221773792524e-06,-7.10038308032071e-08,6.07992800034664e-16,4.38141237012101e-06,7.61027073244677e-16,3.92134499475356e-07,-6.23539423744906e-08,3.45067399066166e-10,-4.76082102834581e-16,1.89990537173298e-06,-8.23181328483662e-16,-1.36724024867199e-07,-6.97939203406287e-08,-1.96805244061872e-16,7.43627690498736e-17,-5.25961192458054e-17,-9.76140162403751e-17,-1.05829180406693e-08,-5.3393367765475e-07,-1.18718566843111e-06,-7.04407193480733e-17,2.08630761029872e-16,-7.19948882463698e-09,5.87269841271316e-08,-2.53807560971076e-16,-3.53958026830036e-15,-1.17000081074525e-07,2.79657874060638e-16,-2.26652974354995e-06,-2.72916797054025e-16,2.07518068578896e-07,-1.27138919982804e-16,-7.19610617359285e-16,-7.14583625729348e-16,-7.93619405430551e-16,5.34859782489304e-16,-7.80463777428002e-16,3.9848775893326e-09,-2.78684238789547e-08,1.14606353821027e-16,-1.84969603993256e-08,7.77038136183085e-07,-2.15456546959578e-16,5.21942141706505e-16,-7.6388178138246e-17,-1.96811219301592e-16,7.13599954567837e-07,5.78603049227442e-06,-2.19258145859235e-16,-1.72374010885424e-16,-1.39017614973524e-07,-4.49031563662852e-08,-6.79790926423211e-10,7.76652992317902e-17,2.89014411443866e-16,4.45458255470134e-16,-7.4958516662719e-16,-6.97824032310658e-16,4.70278921126279e-16,3.2113125177306e-05,-9.39985095114684e-07,-8.38386016180064e-07,-3.30527278003772e-16,-9.34766504354324e-18,4.25079204993304e-16,1.88354552450315e-16,-1.17311735065867e-16,-3.4652308349561e-16,-1.0964554576021e-16,3.15417452258174e-16,1.38145769199906e-17,-1.56325290096408e-16,-5.46134319671434e-16,-4.26581594507107e-16,-1.81590555453007e-16,-8.52658306713684e-17,2.63783330276258e-09,-2.94915122840569e-17,-2.47317420295376e-16,-2.61218057504476e-16,3.73284435202175e-08,-4.61593299677022e-08,-5.0520014618956e-17,-9.63285325129315e-10,3.40974738753544e-08,-4.43828737881242e-16,1.06882625109694e-15,-6.57177609727509e-08,-4.76040597565071e-16,8.38631591836372e-10,4.52645374961836e-16,-4.80984449477001e-16,3.2762510041602e-16,3.91101912388712e-16,8.40632563354639e-08,-1.12568510062781e-07,-9.32457881994664e-17,1.72731831529068e-16,-3.34531155092122e-16,5.53485714541277e-17,-3.01828332292808e-16,2.29645071571325e-16,6.41352263521632e-17,-6.66336556010592e-17,1.34960527721275e-09,9.83858302380553e-17,-3.32911485681449e-16,-2.25971472331643e-16,-1.13496076014679e-16,6.05821135233885e-16,-3.80491668253474e-16,-2.93176042572862e-07,-5.64885954436129e-18,-1.00361529754475e-16,1.98295559842337e-08,-3.08380182992241e-16,-2.83198213072172e-16,-3.44395888813935e-16,3.08319211056521e-18,1.65053847325514e-08,-6.76670143966568e-17,-1.24525887097974e-06,1.94867147353106e-16,-6.60306088036362e-17,-2.20385525143536e-16,8.89475915356641e-17,-6.19208878484292e-17,2.11511078550617e-16,1.97143853102021e-08,-9.05991532661434e-18,-1.4390548465646e-16,2.487996265318e-09,-2.45928407432406e-06,5.64976277696233e-17,4.23146343998399e-07,9.61810558052889e-06,5.95861364142001e-17,1.19346071500169e-16,-2.1495721860696e-16,-8.92336360847056e-17,-4.1340192013548e-16,-1.60905101126791e-05,1.95171155632333e-16,-2.29283694486981e-16,-1.24989699338758e-16,6.51823861983444e-07,2.37877844369185e-16,-6.22906099585101e-17,-1.67517536916439e-16,8.27678917216248e-17,-8.75851603015485e-06,1.85080020214798e-16,5.16499043770966e-10,9.05443591845252e-17,1.02192357158125e-16,-7.96144127107007e-17,-3.88612145450829e-17,8.37335095479286e-17,-1.71573790225589e-16,7.68859268248213e-17,-8.95037720001406e-09,1.29189062747995e-17,5.8682754305902e-18,3.76165050291022e-09,-2.35820764603168e-16,2.88964217918573e-16,1.81528252588639e-16,-2.2336929676558e-17,1.24915497680684e-17,-8.72388779064319e-17,-2.7242595601186e-08,-3.1294796706535e-17,3.80600906581692e-17,8.10847562959879e-09,3.28690542304135e-16,1.16313048423958e-16,3.65925732450145e-16,4.16044751325086e-17,1.42021653844474e-16,1.18723584124597e-16,-2.74977975177738e-16,1.96202158501015e-16,6.4890515819632e-17,-2.23401166117453e-16,-3.57224427529107e-18,-4.24714579546371e-09,1.40810527641874e-08,-1.46853405649466e-16,-7.41532135770355e-17,-1.7128019106229e-16,2.08406559419568e-16,-3.8407861960299e-17,1.17043028180989e-16,-2.73572293107488e-16,-1.93863635460123e-16,-1.3408247938412e-08,-4.41109709842672e-16,8.96512677277315e-17,-1.45056457659967e-16,-7.73383470927019e-17,1.55965505463658e-09,5.24223084846653e-17,-2.47101200555065e-10,8.83065283852892e-17,-4.60566815344968e-17,-9.58578257726953e-17,1.55928384977802e-16,-7.70302221482742e-17,-4.83960456502405e-17,-3.0960765818762e-16,-1.51236493863755e-17,-9.09023824891883e-17,8.34383290727844e-17,6.08418622807529e-18,-5.14751499234817e-17,-1.97721515522557e-16,4.31937842624859e-17,-1.2332167853201e-16,-3.00734701415519e-16,7.55087368011794e-17,1.38076869839165e-16,2.69139628545968e-17,-8.8258053189306e-17,1.08555742520111e-17,2.10341665424433e-16,6.3202145393736e-17,-3.25786818067874e-16,-1.73735518775404e-16,1.98235997766747e-07,1.23722640730789e-16,-6.0657554655511e-17,1.0672118254872e-16,-3.40787073781483e-16,8.68955123611906e-16,-9.55648510655946e-17,-2.51422491906317e-16,-1.63647597428433e-16,-8.83280494226579e-17,-8.40416012286212e-17,-2.74032099095711e-16,1.11222480919306e-16,-1.39130043332203e-16,6.71461939947755e-17,-1.27843714441534e-16,1.84061965715386e-16,-9.94156631194101e-17,-1.52906629323816e-07,-1.81409854522344e-17,1.54668177669611e-17,1.31626563351765e-16,-8.53512950306709e-17,1.56849512240652e-16,-5.25570951521905e-17,5.67492810899736e-17,-1.62826911400912e-16,8.16153448461092e-17,3.49854057186051e-09,2.63666651005156e-16,3.53876411387411e-17,3.25272583717358e-17,4.05283907365766e-17,1.39664012731228e-16,-7.66017551955795e-17,3.25233517844715e-17,-1.9197539737984e-17,2.64606804037091e-17,1.2861856945048e-16,-6.45776269948771e-17,-1.83341503553907e-18,3.87844084651743e-17,2.74967457798328e-07,-7.59027144653949e-17,-1.68281406581224e-16,3.2689310113657e-17,-3.05690802532288e-16,-4.82488011270792e-09,4.06757384144445e-17,-5.03644839892969e-17,4.78322487865425e-18,2.14433986831651e-16,4.02286659338036e-17,-6.87704211704827e-17,8.88296114978408e-17,1.53469814468408e-17,-4.45604657833042e-17,-5.94184680347068e-17,7.94978705784934e-18,1.65822171663391e-16,-3.81515456289255e-17,-4.77113407965133e-17,-1.1796164752923e-17,-1.84586735861507e-17,-1.9519319551294e-16
"t838",0.0359175117075204,-0.0107029901877761,-0.0117146478742606,0.000696259120265074,0.00650306858493045,-0.0180011238164816,-0.0025468745099628,-5.54521499346506e-06,-0.0543818844628682,-0.0424928888910473,-0.0423838729472849,0.000464057735439492,-0.000963246385162765,-0.000206967388383989,-0.00570750451633022,0.000127344950143607,7.93851772300747e-05,-9.12829007367698e-06,-0.00388841648492267,-0.00069490903603811,1.23655308946276e-06,-6.46071841959203e-05,0.12297224958626,0.00522482726824251,-0.000506708826325334,0.00598631697428466,-0.064324461112043,-0.000516619551172976,-4.2483898277887e-05,0.00279286738610062,0.0169456364164084,-0.00856429497716702,-3.21256228220571e-06,0.00217566950974995,-0.00109226105783101,0.000877916749716055,5.99096662102995e-05,-0.000418803057238037,-0.17183475051063,0.0385900240184836,0.00160640349139203,-0.174574700480236,-0.000200533357642733,0.011786297056254,-0.000141556632023172,2.91830722202504e-06,-1.26290025134616e-07,-5.57398092597377e-07,0.000759666837314079,-0.0022090566505312,3.31809509292203e-06,-5.35304570885856e-06,7.25678980126251e-06,-2.63079669267602e-06,0.000281470813817435,-0.000220947801998514,0.000136921458327533,-0.000179932485725856,0.00158237771095599,-3.33296176222442e-06,-4.22669481460456e-06,0.000280091352837509,-0.00022326300048404,0.000184609302297385,-0.184636917863974,-2.84041868766336e-05,2.89160646043053e-05,-3.89890722242356e-05,5.59349888346858e-06,-1.18828763810116e-06,-5.40271454781485e-07,2.13944467879041e-06,-7.77589432191575e-06,-5.66242914486007e-06,2.41923971642812e-06,2.18417821506373e-06,-2.29310069653326e-05,4.02177482943327e-06,-0.0107081405018187,0.000119050895031935,1.55055004927503e-06,0.000179046091544043,-0.00582509839528124,1.51253601919236e-05,5.32768300293403e-05,1.64620181366695e-05,-2.8093064726883e-06,-4.89037075874162e-05,-9.17988900478809e-08,3.72634162578529e-06,-3.87876261815603e-05,2.59762848197655e-08,1.81398514523243e-05,-1.69714845375992e-05,-3.70682320562426e-06,-4.38235115369955e-06,-5.15264970577353e-07,2.81461159156652e-06,-3.18780268658445e-05,-0.000687173373245297,-1.51357458055235e-05,1.00891030432973e-07,-2.13127485954496e-05,2.79019080037918e-05,-0.000580541079358743,9.05473296943865e-07,-0.000263196639619856,3.52010998835688e-07,-0.000658831183409931,1.04632682777612e-07,3.61705572758846e-06,7.8149628497536e-06,-2.44003775615902e-06,3.18168693809404e-06,-3.63719449014784e-06,6.69642572105725e-06,-0.00801429470347665,0.0163389570193099,1.63101944662354e-05,1.53187447317922e-06,-1.97654500446712e-06,7.70829558623257e-06,-0.00012756611149264,-0.000126995129138342,6.31913675261569e-07,-1.44685146885303e-05,1.51044299327046e-06,-3.79479366452329e-05,3.91691354770034e-05,0.00136423070405945,1.01546139878777e-05,-4.04981365322203e-05,3.35941621254912e-06,0.000409003448789912,-8.78769003243229e-08,5.84689538157085e-05,-0.000187392047773926,-8.04266053435943e-06,0.00124260173841099,-0.000362943302411968,-0.00922641249040017,2.40025191800475e-05,4.09106697467455e-05,4.5055079225441e-06,2.61075986643615e-08,-8.17447619987979e-05,-1.036273204272e-05,0.264310324494716,-0.00289777233800983,5.82664508443766e-06,6.77922882529382e-06,0.000273160878603663,3.33772576373735e-06,-0.000714832084083504,9.5298710085841e-07,1.6182270734097e-05,-9.30458720381522e-05,2.55282339797718e-06,1.07217563889101e-05,1.41353875393342e-06,9.93294317822177e-07,-1.34777147413349e-07,9.57174615245221e-05,6.44046888841424e-07,-1.72572724604878e-07,-4.71079279975073e-08,0.000115242349178214,1.59607002403733e-06,0.000101318542310987,4.36205120010206e-07,-1.02262202697077e-06,-1.84943202845796e-07,2.91989296434566e-08,0.000302257570546412,2.11917169347167e-07,4.46841855717361e-07,1.99153715625618e-08,-1.01729933058178e-06,-5.97010297788459e-05,-7.14151332427987e-06,3.10724119193583e-05,1.10154588791164e-05,-2.63190538092222e-06,-1.22596083902502e-08,-4.45391636095992e-07,-5.37962124306477e-07,-0.00838911355937902,-0.000385532316340942,-0.00178100466659485,-2.37638590196278e-07,0.000816677205815836,-7.44876748003297e-06,-2.15554799809857e-06,-2.33428832002336e-10,-1.78042749145318e-08,1.12716659366906e-06,4.51340041377228e-07,-8.33763394662965e-10,4.86061033186884e-07,5.12403827205743e-07,2.19637284845894e-06,2.20839802207042e-06,-8.93599319922326e-06,-1.45482995618431e-07,-1.6615747137848e-05,-7.8193092363879e-07,1.126040536891e-05,6.15239849198262e-07,-3.56711998860842e-05,-8.16148796441006e-09,-0.000166098112700226,-1.05913787080869e-06,-2.44368147560594e-06,-6.95191882157343e-05,1.11186271276573e-08,-1.93552977125013e-07,6.12104447379212e-08,3.98551707831497e-08,-0.00312510988939818,-4.01704732128658e-06,-1.93335591164139e-06,2.57800320776539e-06,5.80988755114676e-07,2.5311745274129e-06,-8.33581047446612e-06,-4.89063141576933e-07,-4.66712469362117e-05,-3.63770803004317e-07,-0.00383556792265054,-6.101258490857e-06,5.04239540986347e-07,1.24800824118741e-07,4.1827083779755e-06,1.57541750679471e-06,-1.79889668887388e-06,-1.95499913106177e-08,-9.0402075801708e-06,3.05921340402171e-17,-9.06170656442391e-08,1.30938141219979e-06,-2.87922805730347e-07,-7.85590693517718e-07,-1.11197509301218e-05,1.54250872920518e-07,-2.41339889560422e-06,1.09345126757421e-06,-4.17135875161933e-05,1.42477829924561e-07,-2.96732516258662e-07,0.000127058380257467,-8.52501584890438e-08,9.49548856399385e-06,-0.000149675584760953,5.28973983819855e-08,-4.22157278372973e-09,2.48107773233208e-07,-5.11861300393518e-07,8.84510915735819e-06,0.238956864897831,0.00141937886423158,-5.61250502035644e-06,0.000145978440986636,-8.40126511783604e-05,4.1848176400484e-06,-5.85987903021979e-05,0.00074307649694691,-2.69853791877128e-08,-0.000232698616293611,-1.11881452005862e-06,-8.30323567083618e-06,-2.11584548188569e-08,1.01137784830511e-05,-5.15176042353385e-07,3.7342887741535e-07,-5.61140311386363e-07,1.04228049503693e-06,-7.40815575319463e-07,5.05350137357754e-08,-8.32656285098996e-06,3.46586033607467e-08,-5.50625983962364e-06,-4.05194474059161e-17,1.20842974371107e-05,2.24146074809754e-05,1.20289789828434e-11,9.4216969305944e-08,-1.26149815492878e-07,7.47916925153201e-08,2.07753856741338e-08,-1.82030373964378e-09,7.97703324295312e-08,-3.00065435784776e-06,-1.01968383389889e-06,6.21770456921951e-09,-3.17921999420796e-06,1.03492782698196e-05,-2.52465042842617e-07,5.33363713180331e-05,-3.24425801749172e-08,-5.59848129055637e-08,-8.60813846638326e-10,-1.16486581395237e-06,1.05403894340491e-08,2.2677732559252e-11,-3.77221410216629e-08,8.56600142183757e-09,-3.55763137467959e-08,5.13028347975652e-08,4.72364758654073e-07,2.53991596867185e-08,-8.37654685153862e-09,-6.11016231005472e-08,6.90720792039484e-09,-3.49658728085453e-08,1.01241860351119e-07,4.3449518117251e-07,-3.71768937838292e-05,9.32182035683819e-17,9.37883079672168e-09,5.25033920602966e-08,-5.38103596010582e-09,2.87819954657374e-06,3.09464486257105e-09,7.68292054278494e-07,3.05937852501387e-05,-2.33930661478528e-07,1.06621980303591e-06,-1.06856271183933e-16,-0.000100622838132201,-3.06276212792373e-10,-2.36714183177581e-07,1.01661067360759e-08,2.13500748768516e-07,-1.45597725874864e-07,-2.49893569899252e-06,6.8133669962474e-07,-7.07761407264354e-08,4.61209337364868e-06,-1.50822158046739e-08,-1.45508871232103e-06,-1.95121128673845e-09,-2.87409898025372e-10,-4.10407689040135e-06,2.25984302530508e-08,-7.67739686076814e-06,4.21765727291766e-16,-1.24967066058277e-07,9.92365057334954e-09,2.86027489104543e-10,2.63251856924239e-09,-4.0276007332475e-06,-3.43388669654615e-05,8.80381459586652e-08,-3.26949155501702e-07,-1.94952830865141e-07,6.81443628815685e-16,-3.81946798820936e-06,-1.4210174554121e-08,-0.000657117354168605,1.76198985778724e-16,5.59426698489675e-07,7.70589055631342e-08,-1.21852945604113e-08,-8.75655081148396e-06,-1.75797519811575e-06,-1.65787693010057e-06,-3.16430890438733e-07,1.73270954310024e-06,7.3218530032993e-08,4.12438176578228e-09,9.77957560607581e-07,2.96700110873755e-08,6.65306500833044e-17,-1.21754037047247e-08,4.52664058298413e-07,1.97136759899583e-07,-1.25594648203322e-06,-3.7510270721462e-17,-2.6283535853728e-08,4.94608568728586e-09,-5.6619287283026e-07,-8.12146553635965e-09,-2.95774979134315e-06,2.90644425114512e-08,-3.90080769006306e-07,2.15754302354725e-06,-2.14194499615098e-16,7.9693956900245e-06,-3.78509859075412e-08,1.1032790380153e-07,1.19184549298685e-05,-1.56724279209165e-08,-3.64398270609681e-07,-2.89915660922624e-16,8.95738454274161e-17,-3.28050253767618e-07,-2.13686097714482e-08,2.82081303160467e-09,-3.13648386064874e-06,6.93691297520248e-16,-1.83712843347547e-05,-3.13850386526437e-07,-1.75934099710836e-16,9.79739281930308e-17,-1.99297893909814e-16,3.80192606895763e-06,1.03751726624278e-07,-1.14258958924325e-07,3.4860908149667e-06,4.95230589924179e-07,9.21218957772741e-08,-3.99922766639703e-08,-5.03702509459642e-16,-8.84149192966715e-09,2.4912201400597e-08,-2.12300115431235e-16,-3.06492527306295e-16,-1.58300271432356e-08,-9.16785751215593e-10,-9.42796741655676e-09,2.38613562661394e-06,9.34227807827985e-09,-3.74716528938187e-07,-2.07114128019775e-16,-1.32054642699302e-07,3.58226960381328e-17,-7.32662365349164e-06,-3.64556204234673e-16,-1.04682361675127e-08,1.08851547995664e-16,4.31582370354274e-08,1.13711964677239e-08,8.66031431021612e-07,7.00876211619508e-07,3.09740911197572e-08,-3.56768408267838e-09,2.26718613659075e-08,8.54275628683446e-09,4.09397762440785e-06,1.3659636729256e-07,7.98770807593117e-09,-2.25785154295295e-08,-4.13138097919765e-06,-5.84997462368591e-06,-1.08350879725911e-08,2.07989575929873e-17,1.01853066132854e-07,-1.76193997255988e-08,9.20221884958211e-09,-1.7021803031974e-16,1.71651257045592e-07,4.91231318447892e-07,1.57579033068732e-07,2.10428465545117e-16,-3.82256208529764e-08,-2.16241776291281e-06,4.18469747429709e-16,-2.69876285270894e-08,6.10229445214394e-08,-5.39702342461447e-16,1.17844969967796e-16,-2.25713357452393e-09,-1.27584625638427e-06,-7.28446993594179e-09,-1.01322157294297e-05,2.8472744207974e-07,7.52232639067497e-09,1.33031107518398e-05,6.75231146593814e-08,-1.70337233072845e-06,1.02518091672082e-15,3.15605451201436e-10,2.304892743195e-08,6.37554583796565e-08,1.01299778151696e-05,-2.8636021728607e-16,1.64302169943169e-16,8.49267796133103e-07,-1.50069064036768e-17,-8.81344286231661e-17,8.93092031111545e-08,-1.31835118746799e-07,-2.46841139917039e-08,-2.37317687773839e-07,6.37695020331155e-07,1.66624937673231e-07,2.13307775987144e-07,1.15475402827043e-16,0.000164292244334915,5.22656996941325e-08,4.16155515289754e-06,-2.33118849074888e-08,9.33120918182197e-08,-2.91198731896095e-16,1.0244714225714e-15,1.70484197643382e-15,-8.7470536622583e-07,-4.01954545240317e-09,-2.60729732214309e-07,-3.8002090670454e-17,-3.10747051073714e-09,1.16997785641771e-15,-1.90438933750597e-16,5.29356844721601e-07,-1.32614960571164e-07,-3.43393933080471e-16,-1.10705524919756e-06,-1.50355420598248e-08,-1.36368258414529e-16,3.45417686955516e-08,-3.54832634557045e-16,2.22829468718049e-06,-1.03606329892121e-16,2.22886928503455e-06,1.08407047916434e-07,3.94204132592314e-09,6.63045365768348e-06,4.57470027311556e-05,-1.29427012020793e-08,4.12898241998777e-07,-6.85531206331189e-16,2.5839727317943e-07,-1.46869496528034e-08,-1.76744607736718e-15,-1.95365266000287e-09,-4.0560373923562e-08,9.59549564817652e-09,6.09976421765128e-16,3.31145653597719e-08,4.45549518953152e-08,-7.18010305171965e-16,-1.26690042577394e-06,-9.74059888272677e-07,-1.40222002210445e-09,3.06142152607866e-15,1.95711800158449e-14,2.982183189821e-08,1.81055815696294e-05,1.49387449959458e-07,-7.339204292652e-08,0.497065196678117,6.7337343336797e-14,-7.70615460991838e-15,-3.49330185895561e-05,-5.61221453576478e-08,2.55406715142112e-14,-0.0147487034525816,-3.9920277134323e-15,-3.536769236649e-09,1.25700437764611e-07,1.64038075994935e-07,9.68833727455448e-07,2.49919422471639e-16,-1.33730639300303e-15,-1.29336571107402e-15,-1.41166012049872e-15,4.85093499502643e-11,3.13369825758468e-11,-1.08281341338039e-15,3.78294142979359e-15,-2.26118849150697e-16,5.72201732854747e-10,7.23805131465759e-12,-6.71048209063596e-10,4.99455270366094e-16,-4.62623307175523e-15,2.02156948949858e-15,-5.5836222828856e-08,1.72987281935872e-09,1.15742289658888e-15,3.41809015861145e-10,-9.2987193350322e-09,-1.3609864698454e-16,-1.18699373749722e-15,-1.22467297308984e-06,-7.13739529793898e-11,-6.3335704725653e-07,-5.54644875269229e-16,4.26627325068393e-09,7.06599001601392e-08,7.83122863191638e-08,-3.03716566443767e-07,-1.81927637714643e-08,3.01125797072968e-10,-1.7723187506747e-16,-6.94039008858791e-16,-8.79158959167322e-16,6.17964515118785e-09,-5.60064215097171e-09,-2.2053160952781e-07,-1.73516374844257e-09,7.33738994046817e-16,3.97675470015401e-16,4.88693608010077e-16,-2.4696522922785e-16,-2.64791949298886e-16,8.54537245467449e-09,5.13704079830616e-16,-3.98685201037594e-16,-2.45049113941932e-06,-3.75635712274235e-17,-2.19714771315123e-07,1.50899453593515e-16,-1.60807536918042e-07,1.70585100937677e-16,-1.98117218308874e-07,-4.21180922389533e-07,-2.2079068966485e-08,-1.43253647949187e-16,1.3716874096422e-06,3.62389798609803e-16,1.24493791335393e-07,-2.01283958757499e-08,1.11467339003818e-10,1.64923154847357e-16,6.17592746006547e-07,4.87288471166061e-17,-4.48675944574874e-08,-2.29140439561987e-08,5.46533816031433e-16,5.26220227432478e-16,-5.45595073943742e-17,-1.65045091773031e-16,-3.500365648021e-09,-1.76939284714406e-07,-3.94281995598256e-07,3.32761545161614e-16,2.83279579614298e-16,-2.41534303480441e-09,1.9710788512874e-08,-1.25460321031243e-16,3.84578810931374e-17,-3.97343047809417e-08,5.70548360761323e-17,-7.71591985285853e-07,1.53066236803864e-16,7.11266786477377e-08,2.21517732853246e-16,-3.90506924125102e-16,3.54686754870083e-18,-6.02033512515401e-16,-1.38142027089809e-16,-6.69394984297971e-16,1.38369520319777e-09,-9.67853235859247e-09,1.54561910277702e-16,-6.45164182942058e-09,2.71507392035905e-07,1.41372589518253e-16,-9.45290805440155e-16,5.55504024490052e-17,8.38213960763995e-16,2.51201635662222e-07,2.04024397425766e-06,-5.47914103325586e-16,-8.58957459854239e-18,-4.91111871749566e-08,-1.58669030467267e-08,-2.40404724295466e-10,-3.72735409981992e-18,-1.47947568148645e-16,-1.00553352425863e-16,2.82434008370899e-17,-6.52424349623156e-16,2.98161169259078e-16,1.1501621880612e-05,-3.37049330728342e-07,-3.00958100667296e-07,4.81241571579496e-17,-4.6718142636446e-17,9.45358479155263e-17,-9.42222924184851e-17,3.69843463613556e-16,-7.52819723231586e-16,-3.35684030886418e-17,4.90122907108813e-18,2.80978549884075e-18,-5.47612592333337e-17,1.22761095306291e-17,4.33063056451e-16,7.94104323153319e-17,-5.32130893889144e-17,9.64134418038738e-10,3.26909943616706e-17,-4.48674634999609e-16,-8.13922789825534e-17,1.36746056632073e-08,-1.69184254964316e-08,-3.28983741643573e-16,-3.5317885964817e-10,1.25357688102447e-08,-4.9982709120176e-17,5.48716647702808e-17,-2.42420235439248e-08,-2.20311773904161e-16,3.10605143571217e-10,1.21678804972886e-16,-2.00452895028871e-16,5.5128919271425e-18,-4.13987899623872e-16,3.13279373598876e-08,-4.19683519060449e-08,3.12932822724965e-16,-1.20930613396889e-16,-2.07592967636075e-16,3.8816600231852e-16,6.07844395476842e-16,-3.49149652004218e-16,-1.54848062986485e-16,3.27909893311519e-16,5.13477385219563e-10,2.60000248416135e-16,2.89646861378956e-17,1.49746115246664e-16,-1.62834720335948e-16,-5.88503197451222e-16,-3.27110149949626e-16,-1.12005288335287e-07,7.66799632624244e-17,-4.79813581710695e-17,7.58140944800415e-09,4.02457174665889e-16,3.56587637149746e-17,-2.40707039780377e-16,-3.31670416870483e-16,6.36535277923814e-09,-2.09366287209602e-17,-4.80967263761549e-07,-5.56141116051114e-16,1.11323263004624e-17,6.41063687882008e-17,6.17929460914427e-16,2.91206571254876e-16,4.99262068862929e-16,7.63784761143213e-09,-7.71472358590637e-16,5.73439323201244e-16,9.66159586822013e-10,-9.55119917268213e-07,-4.09229483543622e-17,1.64665366686383e-07,3.7451597013661e-06,-5.62093560622138e-16,9.27782268566839e-16,-1.43905696150252e-16,-3.73390048114813e-16,7.25805522817408e-17,-6.3220210752305e-06,1.03560783539697e-16,-5.88232079348591e-16,-5.18467927845874e-16,2.5668487141025e-07,5.27708923980965e-16,-1.60840341515794e-16,-3.07755991972264e-16,5.51428180295684e-17,-3.45930464696881e-06,9.38675568926591e-16,2.04184602520341e-10,-7.60342832817127e-17,-1.38707531011994e-16,7.9115693129999e-16,3.67774865176845e-16,1.57221119415456e-16,-2.50541538860455e-16,3.94098405111799e-17,-3.55518760662845e-09,-6.27272531931403e-16,7.68812030851273e-16,1.49591593009968e-09,4.23576151290269e-16,-3.54464127874341e-16,5.75530345173279e-17,-3.73497550655169e-16,4.10812245178384e-16,1.35022915537024e-16,-1.08731912709255e-08,-8.69735120027561e-16,-7.00214385331362e-16,3.2415212590765e-09,3.33044892720753e-16,2.72749444283528e-15,-9.00489142388378e-16,-4.34475853335266e-16,1.12911781256548e-15,-9.14078553668488e-16,7.2367787906877e-16,-5.27834356310243e-16,1.16071518686178e-15,2.20210357225334e-16,1.82185853400333e-16,-1.70789291063198e-09,5.66632992251061e-09,-5.83645668212039e-16,-8.69726164312238e-16,5.61504328302241e-16,1.87005728910403e-15,2.49315000068473e-15,1.4381775772594e-15,-1.60850047789374e-15,-2.27397654899236e-16,-5.41514274626958e-09,1.77452022663399e-15,5.68713847654087e-16,6.24913566214292e-16,1.57454458280714e-15,6.31810121362788e-10,-8.1916764588597e-19,-1.00441236438011e-10,4.14806947793307e-16,-2.3276855383257e-15,-5.86363486388562e-16,1.32277183531983e-16,-1.19876195222933e-16,7.83712340925466e-17,-1.41998131968488e-15,1.48670491444856e-15,2.680606345341e-16,6.78406606598524e-16,-5.1579751769624e-16,1.77769658490419e-15,-9.78708176091476e-16,-1.15932596542487e-15,1.81349049252855e-15,1.50696401758134e-15,-1.10874485042694e-15,-1.50823028936907e-15,-7.78223262876903e-16,-1.88841946203492e-15,-9.39121014027072e-15,7.98508355081571e-16,-6.25919505306054e-15,-3.53125484818552e-15,-2.66261897419005e-15,8.15629404866742e-08,3.0862925346995e-15,3.15403880704252e-14,4.24331050900931e-15,6.17862899297315e-14,0.707106781186547,-4.27717737415845e-16,2.03651147221062e-15,3.75208804297846e-15,3.80774018770477e-15,3.01829383063669e-15,6.52499972456089e-15,-3.23848132591963e-15,1.52339042260706e-16,-2.66573606640206e-15,4.40938908147474e-15,-8.82528172920689e-16,-1.48945367947528e-15,-6.34139089196653e-08,1.01081596607913e-16,-6.60603272085796e-17,1.17682787915793e-15,1.34650837032504e-16,-1.79860377417379e-15,-8.36969207080925e-17,1.18145595329959e-16,2.86753332309182e-16,4.30376009005072e-16,1.46253830100737e-09,1.15144817737188e-15,1.13295281663956e-15,-1.3543774063802e-15,7.35016387160857e-17,-1.83276452866463e-16,8.55652227772991e-16,-1.17322636052399e-16,4.76312527676144e-18,5.14131414408576e-16,2.40370474395046e-16,-7.49008103928276e-17,4.75219660728488e-16,5.06473328030356e-17,1.15848375752286e-07,1.20519968275499e-15,-1.24870105211701e-15,6.82745961438319e-17,-7.58833100522605e-16,-2.04006880876754e-09,-4.65955031901542e-16,3.8781317624399e-16,3.46865285137687e-17,-2.3157640978329e-16,-7.83513892833703e-17,-1.81383303561577e-16,2.39460261083927e-16,5.44722270386952e-17,2.86722815738905e-16,1.66951789021135e-16,-1.80776669374381e-16,4.27390548535948e-16,-6.8850841337104e-16,-9.03878626392331e-17,1.7808573671533e-17,1.19930267752809e-15,-1.59842470230452e-16
"t839",0.0359175117075204,-0.0107029901877761,-0.0117146478742606,0.000696259120265074,0.00650306858493046,-0.0180011238164816,-0.0025468745099628,-5.5452149934657e-06,-0.0543818844628682,-0.0424928888910473,-0.0423838729472849,0.000464057735439476,-0.000963246385162778,-0.000206967388383982,-0.00570750451633021,0.00012734495014361,7.93851772300737e-05,-9.12829007368419e-06,-0.00388841648492267,-0.000694909036038108,1.23655308946803e-06,-6.46071841959251e-05,0.12297224958626,0.00522482726824251,-0.000506708826325301,0.00598631697428468,-0.064324461112043,-0.00051661955117299,-4.24838982778871e-05,0.00279286738610062,0.0169456364164084,-0.00856429497716705,-3.21256228220072e-06,0.00217566950974997,-0.00109226105783099,0.000877916749716152,5.99096662103059e-05,-0.000418803057238116,-0.17183475051063,0.0385900240184835,0.00160640349139204,-0.174574700480236,-0.000200533357642749,0.011786297056254,-0.000141556632023156,2.91830722197821e-06,-1.26290025131166e-07,-5.57398092552056e-07,0.000759666837314181,-0.00220905665053135,3.31809509288672e-06,-5.35304570885846e-06,7.25678980124257e-06,-2.6307966926913e-06,0.000281470813817428,-0.000220947801998392,0.000136921458327577,-0.000179932485725855,0.00158237771095596,-3.33296176222839e-06,-4.22669481462567e-06,0.000280091352837681,-0.00022326300048403,0.000184609302297296,-0.184636917863974,-2.84041868765996e-05,2.89160646043563e-05,-3.89890722241932e-05,5.59349888356946e-06,-1.18828763795989e-06,-5.40271454895443e-07,2.13944467876808e-06,-7.77589432189009e-06,-5.66242914486892e-06,2.41923971640416e-06,2.18417821506371e-06,-2.2931006965306e-05,4.02177482941088e-06,-0.0107081405018187,0.000119050895031874,1.55055004926548e-06,0.000179046091544076,-0.00582509839528128,1.51253601918439e-05,5.32768300293434e-05,1.64620181365956e-05,-2.80930647264996e-06,-4.8903707587412e-05,-9.17988900284173e-08,3.72634162578757e-06,-3.87876261815676e-05,2.59762849187531e-08,1.81398514523293e-05,-1.69714845376732e-05,-3.70682320562921e-06,-4.38235115360561e-06,-5.15264970599653e-07,2.81461159158116e-06,-3.18780268658646e-05,-0.000687173373245277,-1.51357458055288e-05,1.0089103046992e-07,-2.13127485954096e-05,2.79019080038448e-05,-0.000580541079358671,9.05473296903459e-07,-0.00026319663961984,3.52010998800026e-07,-0.000658831183409945,1.04632682729785e-07,3.61705572762246e-06,7.81496284981042e-06,-2.44003775619111e-06,3.18168693811975e-06,-3.63719449009115e-06,6.69642572108224e-06,-0.00801429470347659,0.0163389570193098,1.6310194466193e-05,1.5318744731803e-06,-1.9765450044259e-06,7.70829558619917e-06,-0.000127566111492729,-0.000126995129138485,6.31913675090069e-07,-1.44685146885611e-05,1.51044299332153e-06,-3.79479366453136e-05,3.91691354770369e-05,0.00136423070405949,1.01546139880028e-05,-4.04981365321644e-05,3.35941621253263e-06,0.000409003448789966,-8.78769003156435e-08,5.8468953815732e-05,-0.000187392047773908,-8.04266053435424e-06,0.00124260173841099,-0.000362943302411918,-0.00922641249040016,2.4002519180097e-05,4.09106697467169e-05,4.50550792252924e-06,2.61075986541689e-08,-8.17447619988006e-05,-1.03627320427179e-05,0.264310324494715,-0.00289777233800983,5.8266450844467e-06,6.77922882522729e-06,0.000273160878603599,3.33772576378622e-06,-0.000714832084083666,9.52987100745396e-07,1.61822707341026e-05,-9.30458720382186e-05,2.55282339796486e-06,1.07217563888944e-05,1.41353875398117e-06,9.93294317777241e-07,-1.34777147398744e-07,9.57174615244948e-05,6.44046888856708e-07,-1.72572724500325e-07,-4.71079279609997e-08,0.000115242349178002,1.59607002399682e-06,0.000101318542310916,4.36205119939572e-07,-1.02262202698162e-06,-1.84943202851433e-07,2.91989294250409e-08,0.00030225757054638,2.11917169295289e-07,4.46841855724298e-07,1.99153715939728e-08,-1.01729933057175e-06,-5.97010297788578e-05,-7.1415133240158e-06,3.10724119193304e-05,1.10154588790791e-05,-2.63190538094149e-06,-1.22596083912867e-08,-4.45391636079016e-07,-5.37962124327295e-07,-0.00838911355937895,-0.000385532316340932,-0.00178100466659481,-2.37638590392496e-07,0.000816677205815858,-7.44876747997407e-06,-2.15554799817621e-06,-2.33428823566714e-10,-1.78042749770317e-08,1.12716659366531e-06,4.51340041342826e-07,-8.33763433784028e-10,4.86061033175606e-07,5.12403827206422e-07,2.19637284849027e-06,2.20839802208552e-06,-8.93599319922329e-06,-1.45482995671296e-07,-1.66157471377955e-05,-7.81930923669782e-07,1.12604053688865e-05,6.15239849312212e-07,-3.56711998860067e-05,-8.16148795482253e-09,-0.000166098112700129,-1.05913787073771e-06,-2.44368147556069e-06,-6.95191882157558e-05,1.11186270578345e-08,-1.93552977009874e-07,6.12104446451096e-08,3.98551708108897e-08,-0.00312510988939823,-4.01704732126455e-06,-1.93335591163171e-06,2.57800320777572e-06,5.80988755158291e-07,2.5311745274208e-06,-8.33581047444264e-06,-4.89063141628465e-07,-4.66712469361538e-05,-3.63770802953218e-07,-0.00383556792265039,-6.10125849097929e-06,5.04239541040085e-07,1.2480082412407e-07,4.18270837806521e-06,1.57541750687557e-06,-1.79889668886513e-06,-1.95499909315309e-08,-9.04020758011964e-06,-2.35010819758943e-17,-9.06170656666458e-08,1.30938141218852e-06,-2.87922805719838e-07,-7.85590693526089e-07,-1.11197509303095e-05,1.54250872947891e-07,-2.41339889544321e-06,1.09345126747668e-06,-4.17135875162352e-05,1.42477829829731e-07,-2.96732516187135e-07,0.000127058380257545,-8.52501584907089e-08,9.49548856387529e-06,-0.00014967558476106,5.28973984717664e-08,-4.2215728192238e-09,2.48107773225836e-07,-5.11861300455465e-07,8.84510915710643e-06,0.238956864897829,0.00141937886423174,-5.61250502039756e-06,0.000145978440986319,-8.40126511783942e-05,4.18481764003226e-06,-5.85987903021324e-05,0.000743076496946991,-2.69853790354001e-08,-0.000232698616293404,-1.1188145199206e-06,-8.30323567079159e-06,-2.11584549519356e-08,1.01137784830678e-05,-5.15176042327819e-07,3.73428877717877e-07,-5.61140311156455e-07,1.04228049506736e-06,-7.40815574950577e-07,5.05350139179154e-08,-8.32656285098094e-06,3.46586033194328e-08,-5.50625983967061e-06,-1.10349267527272e-16,1.20842974371368e-05,2.24146074810479e-05,1.2028854117612e-11,9.42169693347456e-08,-1.26149815262313e-07,7.47916925825781e-08,2.07753858254476e-08,-1.82030385029756e-09,7.97703325077141e-08,-3.00065435776905e-06,-1.0196838337687e-06,6.21770455361525e-09,-3.17921999411231e-06,1.03492782699983e-05,-2.52465042766431e-07,5.33363713180485e-05,-3.24425800474421e-08,-5.59848129279987e-08,-8.608137275738e-10,-1.16486581401322e-06,1.05403894071805e-08,2.26776887444376e-11,-3.77221408767782e-08,8.56600142796632e-09,-3.55763137490099e-08,5.13028347210789e-08,4.72364758649373e-07,2.53991596417997e-08,-8.37654677409735e-09,-6.11016230883005e-08,6.90720774124252e-09,-3.49658726809831e-08,1.01241860147386e-07,4.34495181395967e-07,-3.71768937837077e-05,7.56606015234978e-18,9.37883070305829e-09,5.25033920435181e-08,-5.38103608297303e-09,2.87819954683861e-06,3.09464474518063e-09,7.68292054265368e-07,3.0593785250006e-05,-2.33930661783957e-07,1.06621980288705e-06,1.27162074846118e-16,-0.000100622838132044,-3.0627603775806e-10,-2.36714183322502e-07,1.01661068806388e-08,2.1350074877503e-07,-1.45597726301722e-07,-2.49893569877893e-06,6.81336699638275e-07,-7.0776140745421e-08,4.61209337354852e-06,-1.50822156703927e-08,-1.4550887121908e-06,-1.95121124560509e-09,-2.87409950039971e-10,-4.10407689046217e-06,2.25984303482047e-08,-7.67739686106257e-06,4.59753367220676e-16,-1.24967066362362e-07,9.92365046563405e-09,2.86027727039328e-10,2.63251857831773e-09,-4.02760073311783e-06,-3.43388669657995e-05,8.80381458631023e-08,-3.26949155305761e-07,-1.94952831142144e-07,-5.99944304217424e-16,-3.81946798829422e-06,-1.42101746933858e-08,-0.00065711735416839,1.31455930611999e-16,5.59426698543019e-07,7.70589055992332e-08,-1.21852946632867e-08,-8.75655081123851e-06,-1.75797519849815e-06,-1.65787693008921e-06,-3.16430890604709e-07,1.73270954288896e-06,7.32185303105565e-08,4.12438158525293e-09,9.77957560825954e-07,2.96700107283883e-08,-2.01584101512e-16,-1.21754039350664e-08,4.52664058372964e-07,1.97136759960168e-07,-1.25594648198603e-06,-5.26569261913431e-17,-2.62835358070735e-08,4.94608580531482e-09,-5.66192873376194e-07,-8.12146564630887e-09,-2.95774979119659e-06,2.90644423708619e-08,-3.90080769023282e-07,2.15754302329031e-06,-1.70973828084699e-17,7.96939569011973e-06,-3.78509859728373e-08,1.10327903904402e-07,1.19184549298307e-05,-1.56724276656828e-08,-3.64398270682574e-07,-1.49403059368503e-16,-2.97895917494504e-17,-3.28050253968336e-07,-2.13686090763798e-08,2.82081300017402e-09,-3.13648386071832e-06,7.54347720446256e-16,-1.83712843350357e-05,-3.13850386527446e-07,-1.14587411321977e-16,9.62747594558849e-17,4.87036077720484e-17,3.8019260684543e-06,1.03751726584454e-07,-1.14258958774083e-07,3.48609081536945e-06,4.95230589896672e-07,9.21218956254456e-08,-3.99922762517579e-08,-2.86827938399075e-16,-8.84149200108248e-09,2.49122014292887e-08,-3.03512043843623e-16,9.85399836967778e-17,-1.58300272396556e-08,-9.16786015286768e-10,-9.42796746949157e-09,2.38613562673831e-06,9.34227810948004e-09,-3.74716529093921e-07,-1.2059479465545e-16,-1.32054642778028e-07,2.76430430116376e-16,-7.32662365328612e-06,4.8177878787109e-16,-1.04682362421343e-08,3.05008714133446e-17,4.31582369045814e-08,1.13711965743218e-08,8.660314309557e-07,7.00876211690951e-07,3.09740911628689e-08,-3.56768394694582e-09,2.26718615748747e-08,8.54275614270634e-09,4.09397762455917e-06,1.36596367039895e-07,7.98770804993209e-09,-2.25785151733469e-08,-4.13138097970569e-06,-5.84997462342173e-06,-1.08350885246413e-08,1.44159761104748e-16,1.01853066234691e-07,-1.76193997805007e-08,9.20221831446317e-09,-1.55796724904226e-16,1.71651257059622e-07,4.91231318477225e-07,1.57579032777055e-07,1.46192905347091e-16,-3.82256210779225e-08,-2.16241776312637e-06,1.9520573657966e-16,-2.69876285494893e-08,6.10229443687997e-08,-5.71613584353557e-16,2.15828524861753e-16,-2.25713331915289e-09,-1.27584625596433e-06,-7.28446964026385e-09,-1.01322157297732e-05,2.84727442061154e-07,7.52232612860874e-09,1.33031107517895e-05,6.75231146783803e-08,-1.70337233078608e-06,8.55435514091063e-16,3.15605635301983e-10,2.30489273827512e-08,6.37554583600833e-08,1.01299778153209e-05,-1.86251354902983e-17,-1.04900857893526e-16,8.49267795526875e-07,-2.84930679632151e-16,-6.59538729009217e-16,8.93092033690105e-08,-1.31835118849518e-07,-2.46841139301289e-08,-2.37317687759439e-07,6.37695020019686e-07,1.6662493753946e-07,2.133077756953e-07,-5.68392489360594e-17,0.000164292244335694,5.22657004477161e-08,4.16155515319601e-06,-2.33118848299218e-08,9.3312091834215e-08,-4.8462495271651e-16,8.24850805934323e-16,-1.00083829528132e-16,-8.74705366364762e-07,-4.01954563293991e-09,-2.60729732328343e-07,-8.33739972537058e-17,-3.10747047859065e-09,9.08685132848701e-16,-3.82726864080865e-16,5.29356844779879e-07,-1.32614960457304e-07,-1.57653837901117e-15,-1.10705524926986e-06,-1.50355420390425e-08,2.62319985462628e-16,3.45417689611339e-08,-1.43728538265337e-16,2.22829468671699e-06,3.64002582865564e-17,2.22886928489864e-06,1.08407047928347e-07,3.94204143185999e-09,6.63045365826629e-06,4.57470027313912e-05,-1.29427000026603e-08,4.12898242263062e-07,-7.54100244754997e-16,2.58397272769611e-07,-1.46869497067971e-08,-1.7545835824557e-15,-1.95365236229817e-09,-4.05603738046794e-08,9.59549554561287e-09,2.77265782111759e-16,3.31145655510693e-08,4.4554952034582e-08,-8.70504888876652e-16,-1.26690042562302e-06,-9.74059888314439e-07,-1.40221939942346e-09,2.65275162940745e-15,2.01420809809079e-14,2.98218321319167e-08,1.81055815693751e-05,1.49387449419585e-07,-7.33920428622407e-08,0.497065196678114,6.7331183282268e-14,-7.94117202615273e-15,-3.49330185896519e-05,-5.61221455374729e-08,2.53147391540774e-14,-0.0147487034525806,-4.08015406428692e-15,-3.53676931715053e-09,1.25700437451181e-07,1.64038075940173e-07,9.68833727210147e-07,2.57092782222466e-16,-1.1576355972057e-15,-1.20142027015204e-15,-1.41557471289624e-15,4.85090711272909e-11,3.13364555979557e-11,-7.9609562170642e-16,3.91290984475561e-15,-3.5343698937389e-16,5.72201812245725e-10,7.23816889555456e-12,-6.71048445352046e-10,4.94311725051274e-16,-4.39013788430115e-15,1.71555342631455e-15,-5.58362228918761e-08,1.72987301326168e-09,1.15994450153181e-15,3.41808774843243e-10,-9.29871937951242e-09,7.13592494784992e-18,-1.25758714418747e-15,-1.22467297279787e-06,-7.13740007183528e-11,-6.33357047755666e-07,-7.53020725150266e-16,4.26627357008316e-09,7.06598999491738e-08,7.83122865478729e-08,-3.03716566599508e-07,-1.81927634579742e-08,3.01125946062822e-10,3.25828738218307e-16,-5.17102940319133e-16,-5.85088674052035e-16,6.17964511833377e-09,-5.60064266896318e-09,-2.20531609222663e-07,-1.73516380087308e-09,1.52944852096108e-15,2.55083255571578e-16,3.63814309125886e-16,1.44587241798659e-17,5.81106226852872e-17,8.54537257039996e-09,1.94323159027164e-17,-2.30856975301549e-16,-2.45049113976555e-06,2.36607812259466e-16,-2.19714771762781e-07,2.44118380619858e-16,-1.60807537484493e-07,2.17542262028497e-16,-1.98117218919806e-07,-4.21180922838476e-07,-2.20790686592296e-08,-1.08524275964858e-16,1.37168741000718e-06,5.93409788200381e-16,1.24493791673564e-07,-2.01283956560912e-08,1.11467757440622e-10,4.0963166501637e-16,6.17592746871546e-07,1.17261828234355e-16,-4.48675940161284e-08,-2.29140442303969e-08,4.5743099290318e-16,3.03998364173215e-16,-1.60559422068713e-16,4.78401133441918e-17,-3.50036555793312e-09,-1.7693928456478e-07,-3.94281995081125e-07,5.04376215168699e-16,2.84075353511666e-16,-2.41534307537355e-09,1.97107882566228e-08,-4.53588001134169e-17,-6.12941511052548e-17,-3.9734304820034e-08,2.2069331836852e-16,-7.71591985297195e-07,5.93677018954446e-16,7.11266786759957e-08,5.30768854903874e-17,-3.92033819031949e-16,6.2781291810915e-18,-2.95776487935473e-16,-2.17040621725943e-16,-2.25956295751382e-16,1.38369503667017e-09,-9.67853282885365e-09,6.21189765148953e-17,-6.45164187651399e-09,2.71507392392622e-07,1.35718999497494e-17,2.78331485016896e-17,-5.86615116665066e-18,2.35844874489754e-17,2.51201635830107e-07,2.04024397488853e-06,1.5665281313526e-16,-1.36920560400406e-16,-4.91111868365085e-08,-1.58669029385302e-08,-2.40404572138297e-10,4.52304822891485e-17,1.31367116347975e-16,2.98489395878876e-17,1.40710045936246e-16,-3.64016737449566e-16,1.2937075553191e-16,1.1501621880369e-05,-3.37049331233767e-07,-3.00958100991196e-07,1.36100045613817e-17,1.66497945683312e-16,-6.34179144222445e-16,6.23899118184365e-17,3.18266037967272e-17,-1.77081425425433e-16,1.03153952464482e-16,-4.36683953738967e-17,4.92783697652007e-17,1.28520492594081e-16,7.46788385009221e-17,-8.73973152869341e-16,-6.36504480734381e-16,-4.20000025729231e-17,9.64135858835457e-10,-2.4062430409254e-17,-8.23374894412992e-16,2.50844702963417e-16,1.36746054544992e-08,-1.69184256125875e-08,-1.47911017684248e-16,-3.53180070486445e-10,1.2535768345177e-08,-4.42816449632238e-16,4.29258797579131e-16,-2.42420238290973e-08,1.21880711731573e-16,3.10604877392826e-10,4.21692500740803e-18,7.52223941616069e-17,-9.54042518895744e-17,4.70372021124173e-16,3.13279353343137e-08,-4.19683518508051e-08,-1.59142422699719e-16,-3.04509728566061e-16,1.39754569786231e-16,-2.61271098992696e-16,-3.6639257166432e-16,2.37585982201368e-16,-1.64377776047799e-16,2.40494066905107e-16,5.1347936874054e-10,3.38870876928886e-18,-1.19602738188862e-16,3.57265738223934e-17,-4.68425795744168e-17,3.52746792200475e-16,2.38030232458444e-16,-1.12005288610892e-07,-1.05498637220824e-16,1.66891801936751e-16,7.58140974056261e-09,-2.90623657898133e-16,4.75726289735646e-16,9.82020513741187e-17,9.0971497786004e-16,6.36535219734717e-09,9.79847298141235e-18,-4.80967262968652e-07,4.03633264317905e-16,2.98453929883135e-16,-8.46270979457189e-16,-9.40863339623751e-16,-3.09307208339623e-16,-7.34072013958432e-16,7.63784770505214e-09,-3.14933485211392e-16,-4.10354086844721e-16,9.66156667502205e-10,-9.55119915602743e-07,-7.9783510153731e-17,1.6466536670411e-07,3.74515970126851e-06,3.25549454578958e-16,-4.22537392583685e-16,6.60328906346809e-16,2.43281150887429e-16,-2.58748810262516e-16,-6.32202107578387e-06,-2.20337376230294e-16,9.34421451690051e-16,3.42960848885384e-16,2.56684871470349e-07,-4.80834845626184e-16,6.7694327110576e-16,5.18403352692575e-16,1.72830813268499e-16,-3.45930464744591e-06,-2.42861059413744e-16,2.04184064957667e-10,-8.92390587880947e-17,2.2776636064945e-16,-8.52146573985765e-16,-4.47542846870788e-16,-1.06936403624207e-16,1.98227189618621e-16,1.25876892761504e-16,-3.55518709716206e-09,5.21542595088574e-16,-5.83601043157868e-16,1.49591491630296e-09,6.18083422851362e-17,1.06002388333148e-16,-2.86045562236633e-16,3.85749724482732e-16,3.80467448329889e-17,-1.70201814257942e-16,-1.08731913291201e-08,6.79085326397549e-16,4.97880317068101e-16,3.24152119304873e-09,-6.12315512091374e-16,-6.06149311540658e-17,1.83252440085626e-15,4.77842981805008e-16,-5.91532401683427e-16,6.14355962091359e-16,-4.81472548196147e-16,5.35404112993819e-16,-7.40686035315758e-16,-2.34139840399089e-16,3.32343471258276e-16,-1.70789299913006e-09,5.66632918915661e-09,8.25744560858591e-16,1.1445577012628e-15,-4.38464224210082e-16,-2.01137391610361e-15,-2.0930116364018e-15,-9.76489947081101e-16,1.97076992853427e-15,-9.24616478355081e-17,-5.41514221039588e-09,-1.81128852378152e-15,-3.64180898111255e-16,-9.00032093130107e-16,-7.98105014798206e-16,6.31809160705457e-10,-6.85013152419565e-17,-1.00437289942387e-10,-4.36444100086543e-16,2.18732469888964e-15,5.95350819470894e-16,-1.31156047854625e-16,3.4122669243915e-16,2.49334083996952e-16,9.86579496390999e-16,-1.5591686931703e-15,-3.38912278304032e-16,-7.42802768055626e-16,3.57282950626095e-16,-1.6428459224752e-15,1.00510725146039e-15,1.1398510175668e-15,-2.15746546473103e-15,-1.44501519654424e-15,1.08447052554448e-15,1.37656907632813e-15,6.45889814763008e-16,2.30280656148969e-15,9.63080526786286e-15,-9.1524121929901e-16,5.86663046423459e-15,4.06661560678928e-15,2.6701449588508e-15,8.15629394757936e-08,-2.85705228084674e-15,-3.17796208879422e-14,-4.3059389346004e-15,-6.15640650660306e-14,-0.707106781186549,5.76715792919494e-16,-1.92203898374025e-15,-4.04849223889323e-15,-4.11178110293376e-15,-3.09928020517607e-15,-6.35770732934637e-15,3.32477712741148e-15,6.49945323563374e-18,2.36459995510178e-15,-4.33536075206228e-15,8.69347505832641e-16,1.46648639894804e-15,-6.3413908944801e-08,-3.87158658593835e-16,2.16536809524051e-17,-1.14787026250663e-15,-5.09020697118783e-16,2.1037198770193e-15,3.27649368198562e-16,-4.05867062090016e-17,-6.61867487936505e-16,-5.45695210932283e-16,1.46253920428352e-09,-6.82805058039098e-16,-9.52763544785191e-16,8.55389018334839e-16,2.83114555397765e-17,2.51245891193753e-17,-6.62674529113414e-16,2.38010715028303e-16,2.65142951883164e-16,-5.93956025083238e-16,-3.03086228206935e-16,-1.76751351855671e-16,-6.10362498090189e-16,1.85082477752994e-16,1.1584837528806e-07,-8.86763341769576e-16,1.17657004123439e-15,-1.4830689328223e-16,1.2021091587433e-16,-2.04006834974346e-09,3.76657769145999e-16,-4.35637340447774e-16,1.95649175344811e-16,-5.52832743855171e-17,1.03031867847839e-16,3.74451302390207e-16,7.77239385197638e-17,7.7192856310034e-17,-1.25385769419976e-16,2.41505511361983e-17,1.02505368796745e-16,-1.31299104580259e-16,2.38193115321106e-16,3.09544915736154e-17,8.87074800822512e-17,-4.62597242634461e-16,-2.22963587644022e-16
"t691",0.0359157185207438,-0.0107018647847456,-0.0117133763059484,0.000696157873371096,0.00650191120278951,-0.0179973665143527,-0.00254633250007261,-5.54394130089289e-06,-0.0543671396740342,-0.042478929042926,-0.0423662282283344,0.000463820013301804,-0.00096273861703247,-0.000206856647742995,-0.00570431854263251,0.000127269704047943,7.93371588822092e-05,-9.12266935977754e-06,-0.00388596724700147,-0.000694433860971829,1.23563918672625e-06,-6.45496678544932e-05,0.122856710989417,0.00521989058031154,-0.000506228199683084,0.0059803714230815,-0.0642598285258501,-0.000516095855969735,-4.24396919652375e-05,0.00278944336848262,0.0169235035398408,-0.0085526082892046,-3.20786734831261e-06,0.00217234181086009,-0.00109050670818779,0.000876396260047041,5.98046173858121e-05,-0.00041805727399114,-0.171526717932049,0.03851983912934,0.00160339970066722,-0.174240526167601,-0.000200143895584553,0.0117633792181243,-0.000141276686900635,2.91217612614285e-06,-1.26019904417221e-07,-5.56195891823346e-07,0.00075799013898351,-0.00220406001007663,3.31034642459669e-06,-5.34036086728066e-06,7.23955717575503e-06,-2.62443627219676e-06,0.000280766482173601,-0.000220392078261473,0.000136545132475407,-0.000179426368017512,0.00157791460837613,-3.32303149999488e-06,-4.21359008251768e-06,0.000279206072843856,-0.000222546411574603,0.000184014499363316,-0.184025094702309,-2.83077171118008e-05,2.88125594353625e-05,-3.88462876360275e-05,5.5728001671894e-06,-1.1838081360649e-06,-5.38036538859224e-07,2.12999326694172e-06,-7.74120537817161e-06,-5.63666062905214e-06,2.40820303142347e-06,2.17412904179555e-06,-2.28251490661394e-05,4.00290298103235e-06,-0.0106560473656543,0.000118463424228757,1.54271354394107e-06,0.000178136550560228,-0.0057944024302007,1.50447890573092e-05,5.29799238932578e-05,1.63691694098537e-05,-2.79327018958293e-06,-4.86240121986931e-05,-9.12735993008885e-08,3.70499179498001e-06,-3.85643875733947e-05,2.5820399845891e-08,1.80305838069476e-05,-1.68666732187053e-05,-3.68295828523925e-06,-4.35396357175276e-06,-5.1192628255374e-07,2.79609093339654e-06,-3.16670715076717e-05,-0.000682528818420907,-1.50316989865526e-05,1.00196445275845e-07,-2.11657744666955e-05,2.76949529743566e-05,-0.000576212312714491,8.98694025774544e-07,-0.000261211776180366,3.49351006857866e-07,-0.000653834954837613,1.03834938389595e-07,3.5894303803729e-06,7.7546589524776e-06,-2.42118628521457e-06,3.15644480763287e-06,-3.60817735974935e-06,6.6423519962459e-06,-0.00794922982988628,0.0162043501696494,1.61739439894314e-05,1.51894427369736e-06,-1.95976367050643e-06,7.64153324988575e-06,-0.000126447143920708,-0.000125880632294338,6.26358009195135e-07,-1.4339665438042e-05,1.49697747054453e-06,-3.76059193196969e-05,3.88051442550978e-05,0.00135154890624966,1.00599860528197e-05,-4.01131297988017e-05,3.32735510311787e-06,0.000405089135029796,-8.70262666789212e-08,5.79020959960518e-05,-0.000185531875042029,-7.9613220453945e-06,0.00122971772614228,-0.000359177477874198,-0.00913027762789707,2.37518889995887e-05,4.04820196697785e-05,4.45823875035984e-06,2.5833688266052e-08,-8.08790945911773e-05,-1.02509608101779e-05,0.261406757465559,-0.00286579470879483,5.76170653127969e-06,6.70361434434015e-06,0.000270102630503362,3.30027495802792e-06,-0.000706791264954301,9.42021510029762e-07,1.59954002813081e-05,-9.19686688217487e-05,2.52156889661129e-06,1.05887466231778e-05,1.39596768642822e-06,9.80810095584856e-07,-1.3307938507885e-07,9.44947494132102e-05,6.35805821324606e-07,-1.70334599013555e-07,-4.64890728322073e-08,0.000113672231454761,1.57429687792475e-06,9.99359341969475e-05,4.30223489273081e-07,-1.00851898282141e-06,-1.82390555808128e-07,2.87913921118809e-08,0.000298024173335831,2.08926767707728e-07,4.4052482162705e-07,1.96335623746592e-08,-1.00265453468151e-06,-5.88264098968432e-05,-7.03657691694547e-06,3.0614538003492e-05,1.08517743599322e-05,-2.59267081425112e-06,-1.20762772474656e-08,-4.38711544509003e-07,-5.2981379700669e-07,-0.00826173740309534,-0.000379555581001026,-0.00175337569969061,-2.3392662324053e-07,0.00080367911277927,-7.32837935236666e-06,-2.12052594882804e-06,-2.29606550265501e-10,-1.75110475277937e-08,1.10828339259362e-06,4.4375105085344e-07,-8.19634914085689e-10,4.77793060326276e-07,5.03428835247949e-07,2.15784997616688e-06,2.1691897615974e-06,-8.77545051336167e-06,-1.4279508967421e-07,-1.63087197829775e-05,-7.67445448134354e-07,1.10501775898498e-05,6.03691785790606e-07,-3.49921292674551e-05,-8.00341382588803e-09,-0.000162836683096624,-1.03825356197169e-06,-2.39458296466468e-06,-6.81079347640977e-05,1.08928555709584e-08,-1.89591303187046e-07,5.99322744526643e-08,3.90197593676189e-08,-0.00305827303766851,-3.92994658867804e-06,-1.89123719677214e-06,2.52074825814074e-06,5.68026788563719e-07,2.4744226815429e-06,-8.14608384139474e-06,-4.77898264514558e-07,-4.56049976009982e-05,-3.55324459853413e-07,-0.00374563902139626,-5.95666166058416e-06,4.92231191256507e-07,1.21813802051901e-07,4.08212902821048e-06,1.53748420219744e-06,-1.75505289001477e-06,-1.90699089352776e-08,-8.81640317250927e-06,4.25980197003204e-17,-8.83476256633914e-08,1.27651340179268e-06,-2.80580316788154e-07,-7.65313891569492e-07,-1.08298960783945e-05,1.50227695033756e-07,-2.34930093250695e-06,1.06432205331399e-06,-4.06008022355029e-05,1.38651664642713e-07,-2.88728217452171e-07,0.000123603021770233,-8.29234333906935e-08,9.23594529766826e-06,-0.000145551301132747,5.13903790433543e-08,-4.09989299138909e-09,2.40887160553164e-07,-4.96651934560712e-07,8.58190048562013e-06,0.231743252333731,0.0013761868139295,-5.43976681199126e-06,0.00014146930950516,-8.14077383358277e-05,4.05438088965673e-06,-5.67581493772016e-05,0.000719715248523727,-2.61203106271312e-08,-0.000225235699114849,-1.08291493395646e-06,-8.03540622810805e-06,-2.04746348668398e-08,9.7848807098007e-06,-4.98403363209591e-07,3.60814261553993e-07,-5.42108315027807e-07,1.00681713960706e-06,-7.154250939971e-07,4.87928939497501e-08,-8.03574144138552e-06,3.34434936635854e-08,-5.31263564299991e-06,3.51464889133338e-17,1.16549834366547e-05,2.16172202604687e-05,1.15991873984712e-11,9.08156012255589e-08,-1.21555225527781e-07,7.20562425421509e-08,2.00139711365618e-08,-1.75180172861436e-09,7.6763284990681e-08,-2.887488935255e-06,-9.80929958695794e-07,5.97619074974466e-09,-3.05526554026748e-06,9.94471774931329e-06,-2.42510964931735e-07,5.11639791605704e-05,-3.11031951776095e-08,-5.36716740390623e-08,-8.25238951057403e-10,-1.11509944563888e-06,1.00726297334412e-08,2.16665619637558e-11,-3.60281191500315e-08,8.17802082755178e-09,-3.39607278639087e-08,4.89217056499228e-08,4.50404847597938e-07,2.42148194268721e-08,-7.98515339307916e-09,-5.82273558262327e-08,6.57986064456458e-09,-3.32973391760354e-08,9.63962042660605e-08,4.13593369110158e-07,-3.53690232345877e-05,1.85787846964475e-16,8.89200850014183e-09,4.97605036722099e-08,-5.09720141263345e-09,2.72633929836283e-06,2.93131507776235e-09,7.27647511928723e-07,2.896810511454e-05,-2.21434509381759e-07,1.00865332919491e-06,-3.95497544154796e-17,-9.50561476954637e-05,-2.8928110105728e-10,-2.23494064509298e-07,9.59790916523439e-09,2.01376617444289e-07,-1.37256996275217e-07,-2.35400604314565e-06,6.41485971687766e-07,-6.65603967172104e-08,4.33275510514009e-06,-1.41589900516776e-08,-1.36548540202148e-06,-1.8306110995193e-09,-2.69528309339209e-10,-3.84855356764542e-06,2.11848662959107e-08,-7.19542654715214e-06,-1.3388924405727e-16,-1.1690813689509e-07,9.2801232417204e-09,2.6747825859554e-10,2.45908337715185e-09,-3.76162357107065e-06,-3.20044950831101e-05,8.20038328907956e-08,-3.045030010709e-07,-1.81486220631609e-07,-5.90720256863947e-16,-3.55378001629797e-06,-1.32191150659845e-08,-0.000610840150480646,1.90822905128731e-16,5.19613080975183e-07,7.1561134633987e-08,-1.13148180675048e-08,-8.12935217729067e-06,-1.63149763297435e-06,-1.53820266411498e-06,-2.93529619612302e-07,1.60633544976036e-06,6.78734954811667e-08,3.8216964552352e-09,9.05514216599805e-07,2.74711252610214e-08,-9.65833594628976e-17,-1.12564802067083e-08,4.18391566100108e-07,1.8210670720104e-07,-1.15917563493436e-06,-2.99500803345533e-17,-2.4211944934384e-08,4.54623300946222e-09,-5.19896826580768e-07,-7.45387000089584e-09,-2.7130718603807e-06,2.66316909451861e-08,-3.56803432115602e-07,1.96467730498647e-06,1.63405919992699e-16,7.22721743862965e-06,-3.43134238494825e-08,9.99398810070692e-08,1.07846739663382e-05,-1.41803628641772e-08,-3.29605668761569e-07,1.8323016715005e-16,-4.10890673706452e-17,-2.96201510717453e-07,-1.92637921008654e-08,2.54246114541639e-09,-2.82294604324914e-06,9.33989430334996e-16,-1.64820783222841e-05,-2.81168145756278e-07,1.30815307550485e-16,-5.43562124773677e-17,5.93426106387369e-17,3.39018537780472e-06,9.2459386198974e-08,-1.01606917282942e-07,3.09439586370603e-06,4.39491598873605e-07,8.15908566096223e-08,-3.54122959125915e-08,2.11976504317502e-16,-7.79654602156566e-09,2.19350505930407e-08,1.48127009064311e-16,1.15024290122693e-16,-1.38540982420392e-08,-8.01143425121702e-10,-8.22186372885388e-09,2.07798449029963e-06,8.11374352864726e-09,-3.25295852452118e-07,1.9905565480742e-16,-1.1456833767863e-07,-2.1981084550733e-16,-6.34519946990001e-06,-6.87939830969209e-16,-9.05401191617055e-09,3.47127837864481e-17,3.72642623201141e-08,9.81486760879351e-09,7.44011907758196e-07,6.01512560837352e-07,2.65714898952208e-08,-3.05483038244325e-09,1.93806689991032e-08,7.27400779945703e-09,3.48582668187595e-06,1.16162081085172e-07,6.77726101331707e-09,-1.90972153278517e-08,-3.48500049582323e-06,-4.92409037613301e-06,-9.11042179516253e-09,-8.70700991461062e-17,8.53518028574705e-08,-1.47157035057059e-08,7.60982326747778e-09,1.28351441212789e-16,1.41521123630206e-07,4.03117552465204e-07,1.29049764516381e-07,-1.61476615751079e-16,-3.12717249850045e-08,-1.76145248362925e-06,-1.8131494187831e-16,-2.19359381840426e-08,4.89228784762417e-08,5.92126678040678e-16,-2.25656810626715e-16,-1.79918542859565e-09,-1.01645421525268e-06,-5.78898384075953e-09,-8.02806183563533e-06,2.24026999699569e-07,5.9149919745568e-09,1.0451358069354e-05,5.25239323759719e-08,-1.31363976720485e-06,-1.82322147830594e-16,2.42574453327525e-10,1.77049182207142e-08,4.88715883329407e-08,7.74540627880703e-06,-4.52233055181089e-17,9.14254084982298e-17,6.47053224032143e-07,1.97102942937682e-16,-4.29750636765761e-17,6.64143610253007e-08,-9.75917672612058e-08,-1.82707920952948e-08,-1.73836115414745e-07,4.66431974285125e-07,1.21836900751135e-07,1.55653353968144e-07,-7.45938115910578e-17,0.000117126338107691,3.70611042628503e-08,2.94558088951006e-06,-1.63478253644712e-08,6.42561744594532e-08,3.72257081595189e-16,-8.25056597951057e-16,-2.29176890612526e-16,-5.84805975539884e-07,-2.64948610260632e-09,-1.71667905185657e-07,3.00564812844355e-16,-2.01609712176556e-09,-1.48345276949816e-15,4.96633718595454e-16,3.17407734520784e-07,-7.94244346533497e-08,7.90329173633308e-16,-6.47329539359183e-07,-8.6607724469144e-09,7.09050415121516e-17,1.92414244027095e-08,6.0689917381922e-16,1.18519122926288e-06,-1.60535220546699e-17,1.1801514319282e-06,5.71965903833818e-08,2.07143805347749e-09,3.46418756957752e-06,2.35853859873148e-05,-6.3130042166003e-09,1.83018904962992e-07,7.34913990834541e-16,9.71274505794321e-08,-5.40080896703853e-09,1.68328488692864e-15,-6.96546051036386e-10,-1.35919602746545e-08,3.01811701274889e-09,-1.88700091490651e-16,7.74103172198086e-09,9.60026017823492e-09,8.53548744736773e-16,-2.40406409226426e-07,-1.71873850720331e-07,-1.72431434325394e-10,-3.20179153275832e-15,-1.91543934125933e-14,-1.07716605818524e-09,-2.22513740194226e-06,-2.12899426370693e-08,5.99796701959672e-08,-0.502206344292651,-6.8089459925167e-14,8.16256493549283e-15,4.08494174040967e-05,6.68598576455705e-08,-2.51317190268402e-14,0.0226041392424572,4.22757757106511e-15,7.00704009451358e-09,-3.69259418775819e-07,-4.9694588565254e-07,-3.3289549092328e-06,-2.8307027679279e-16,1.45683819778099e-15,1.38826211296715e-15,1.33145789876547e-15,-2.28649684642379e-09,-7.84676657537732e-09,5.26063374365124e-16,-4.09075428535264e-15,3.44707541825877e-16,1.06516915508299e-08,9.43448947736548e-11,-5.01180391689786e-09,-3.26120738106948e-16,4.36150139442038e-15,-1.72008674664825e-15,-1.96221049893885e-07,5.98945865085369e-09,-1.94705698826492e-15,1.02399883574458e-09,-2.65382632971028e-08,4.46459160064613e-17,1.6769691610932e-15,-3.16914062781366e-06,-1.83410732466668e-10,-1.5508917003246e-06,1.14878474495324e-15,9.74079954772389e-09,1.5595715700966e-07,1.65628555410004e-07,-6.10345256281132e-07,-3.61053288244519e-08,5.84468358095662e-10,2.84204997388505e-16,5.10205865760637e-16,6.20490901242596e-16,1.08207672398223e-08,-9.79391045615220e-09,-3.81511437580237e-07,-2.85936187003956e-09,-9.13539235850465e-16,-1.7771289835118e-16,-2.20762135729226e-16,-1.16547058692928e-16,2.08926431189816e-15,1.34974992088154e-08,-1.40002734030867e-17,4.74792747359535e-16,-3.81409476225872e-06,-2.48372720071497e-16,-3.41718515175993e-07,-6.31457291026312e-17,-2.49783702135096e-07,-2.11941977147256e-16,-3.00684242590597e-07,-6.35936304838521e-07,-3.30827056674898e-08,-2.95884294453639e-16,2.03679263448397e-06,-7.63924537926478e-16,1.81471986761291e-07,-2.87119024469564e-08,1.58860642480209e-10,-7.87117638858015e-16,8.73125380073963e-07,4.03077435211088e-17,-6.26740027895568e-08,-3.19896494600208e-08,-6.25206150271819e-16,-6.44574549899816e-16,-4.56123637346973e-16,9.9922168946431e-17,-4.84159859727688e-09,-2.44157753964081e-07,-5.4259543608545e-07,-4.17254397238944e-16,-1.35595553620619e-16,-3.28303493253162e-09,2.67775803579882e-08,4.31807214279613e-17,-1.11216407353585e-16,-5.32237999634168e-08,3.88304579330205e-16,-1.03060304243716e-06,2.77423734139525e-17,9.42508870958625e-08,-5.61963240887764e-16,5.74955872185957e-17,-5.01815595232176e-16,6.45750459122541e-16,1.07966640036227e-16,7.82852856861655e-16,1.80648160076867e-09,-1.26334564842249e-08,-3.18169675681814e-16,-8.38083030470739e-09,3.52001109247559e-07,2.09529041809203e-16,3.63259577636647e-16,9.65659235226965e-17,-5.50724823723861e-16,3.23030398029061e-07,2.61883469391449e-06,-4.9099836690957e-16,7.87287942252749e-16,-6.29120787753049e-08,-2.03204460528232e-08,-3.07613875227659e-10,7.41258543776544e-17,-6.83512160436953e-17,-6.52719549934039e-18,-3.43919441597442e-17,1.35541708162485e-15,-4.5327736937779e-16,1.45219592203663e-05,-4.25058347208358e-07,-3.79104148964802e-07,5.20155985458235e-16,-4.64399335496588e-16,3.33055307047031e-16,-8.45980907926087e-17,-6.1994849049104e-16,2.27713705344835e-16,-4.02297679850311e-16,1.85229016010617e-17,5.13786944323e-16,1.05584277210203e-16,5.49560267894255e-16,4.55851445237495e-16,1.96419041921723e-16,2.44016856177508e-16,1.19288738094755e-09,-6.59321123634218e-17,-3.96429761870023e-16,-6.43603979326008e-16,1.68822537296106e-08,-2.08766050402633e-08,3.22438936105067e-16,-4.35676048769555e-10,1.54237036788606e-08,6.26083711018051e-16,4.87122386664088e-16,-2.97329373484701e-08,1.0861278347372e-16,3.79538322980515e-10,1.74881487561196e-16,2.13894391940387e-17,4.5849068458687e-16,-3.31026343362223e-16,3.8065854805438e-08,-5.09758821856955e-08,8.34735577392487e-17,-3.40668626582339e-16,-5.30927185549571e-16,-8.15278429831325e-16,-8.11186512926498e-16,-5.04398381217603e-16,-2.02027313532627e-16,-6.53173083889848e-16,6.12887939761406e-10,-5.70807543754959e-16,-1.91957030740526e-16,-2.84610530370877e-16,9.45387359116295e-16,-7.36388474878434e-16,-3.74477195718568e-16,-1.33238636892306e-07,2.7676289903041e-16,1.94530559211662e-15,9.01315957071269e-09,3.9895260220424e-16,3.65801464371105e-16,-1.43093341320424e-16,8.47024777893388e-17,7.51569583223121e-09,-4.4307810376448e-16,-5.67219996752465e-07,4.91829394244833e-16,1.90024598433037e-16,2.7620063194975e-15,-9.7593105950545e-16,-4.81142704584853e-16,-5.76596444731956e-16,8.9863961821185e-09,-1.69466007547248e-16,-3.90158059964813e-16,1.13474277587635e-09,-1.12167875723903e-06,8.40231996916475e-16,1.93092865048779e-07,4.38968877172524e-06,8.40631878369313e-17,-1.80134173940353e-15,1.95785551387861e-15,5.66931721641884e-16,1.86204356397343e-15,-7.36161432313137e-06,-1.83518722816713e-15,2.85371144791444e-15,-1.72204681385279e-15,2.98413952269853e-07,-3.17340341983459e-15,2.20603847380315e-15,-2.38488611553614e-15,1.98215448159993e-15,-4.01332849002924e-06,-1.8656311166866e-15,2.36737237183418e-10,8.82539203871237e-16,2.95324177374221e-16,-1.88909233160078e-16,6.49586146306275e-16,-4.2988862000841e-16,4.37294989381375e-16,-1.37847237920825e-15,-4.10854373502596e-09,6.97367262650427e-16,-6.36502261839717e-15,1.72738829283577e-09,3.7721686385669e-15,-1.58359179746228e-16,6.56971705707365e-15,-7.93914139726946e-15,3.8960479781449e-15,4.5041634596972e-15,-1.2525215230112e-08,-9.76934300099613e-16,4.98469284161804e-14,3.73017297395082e-09,1.77552735023705e-13,-0.707106781186549,2.28659276454957e-14,-5.51481030254475e-15,3.85131282947387e-14,-3.41614773501208e-15,-3.64544230606984e-15,2.61084882301378e-15,-3.30004102721447e-15,1.56462143201406e-15,-1.81033229714251e-15,-1.95782994199981e-09,6.49267057730898e-09,-4.61553902937685e-15,9.46676493639571e-16,2.63314275643375e-16,3.61399772202996e-15,2.66805891616095e-15,-5.60013615118976e-15,1.89336450128123e-15,2.84909563711838e-15,-6.19074398610613e-09,-1.22896096486253e-15,-1.71655542573649e-15,6.82819007443678e-16,-1.28663733627784e-15,7.20945438875979e-10,1.30411063841723e-15,-1.14372622816781e-10,4.26907241271193e-16,-1.15462306135593e-15,-1.88933002555285e-15,-3.50614169641064e-16,1.7268995068896e-15,-1.53858027530119e-15,7.59912136150437e-16,1.36442974734463e-16,-6.53713480421099e-16,-2.5996530490103e-16,-3.83834476713292e-19,4.91049973270229e-16,5.96727076997647e-17,-6.02766022822555e-16,2.52842736597016e-16,1.47971089700731e-15,-8.15960502232963e-17,4.55020131098874e-16,5.00695876352541e-16,2.45253255704526e-16,2.26367861087817e-16,1.59701039068705e-16,-2.43298020546939e-16,-1.38783855886825e-15,8.1757595701266e-17,9.22191017137449e-08,-1.07021067213765e-15,1.15407073706107e-15,-6.86870336915211e-16,-8.09309499815958e-16,2.11085374634064e-15,-7.97048701705961e-16,4.34726652994468e-16,-7.93892297386205e-16,3.3969156949414e-16,-1.69745012524122e-16,-6.13739744789732e-16,-1.21528039363363e-16,-8.04984726650407e-17,1.75028831999118e-16,4.04935540347426e-16,-6.80759540142208e-16,1.41603547838616e-16,-7.13831675517556e-08,1.6514719270122e-16,2.72538294994156e-16,5.20902891308402e-17,1.10504169147644e-15,7.87456963930897e-17,-3.33086498204768e-17,3.23154711298787e-16,-1.47644754765208e-17,3.67324636175644e-16,1.63935047916776e-09,-3.6770944737361e-16,-6.70058873525123e-17,-1.90385161273418e-16,1.08437983561305e-17,3.5954787713118e-16,-1.80854181346576e-16,-1.01302689847734e-16,2.02189554292739e-19,1.58119010857814e-16,-3.48481518539091e-16,6.25477869681079e-16,1.23043131277602e-16,3.27783945411493e-17,1.29336126777354e-07,1.02886025354989e-15,-1.60103929216714e-17,3.59688902061328e-16,-3.46700749706552e-16,-2.27355122642347e-09,3.69713628880025e-16,-6.89325145081286e-17,2.77852981423473e-16,1.55852649054305e-16,-2.18349526612273e-16,-1.6682929772053e-16,-2.32267263936922e-17,2.57746741506126e-17,4.53296741770531e-17,8.15006564970842e-17,-1.02271059024094e-16,1.09518428252742e-16,-3.93204451508069e-16,-6.65863970827964e-17,-8.18584960194454e-17,6.49830110561648e-16,-1.86355203203485e-16
"t692",0.0359157185207438,-0.0107018647847456,-0.0117133763059484,0.000696157873371097,0.00650191120278951,-0.0179973665143527,-0.00254633250007261,-5.54394130089162e-06,-0.0543671396740342,-0.042478929042926,-0.0423662282283344,0.000463820013301804,-0.00096273861703247,-0.000206856647742993,-0.00570431854263251,0.000127269704047941,7.93371588822098e-05,-9.12266935978139e-06,-0.00388596724700146,-0.000694433860971829,1.23563918672031e-06,-6.45496678544905e-05,0.122856710989417,0.00521989058031155,-0.000506228199683069,0.0059803714230815,-0.0642598285258501,-0.000516095855969707,-4.24396919652399e-05,0.00278944336848262,0.0169235035398409,-0.0085526082892046,-3.20786734830892e-06,0.00217234181086009,-0.0010905067081878,0.000876396260046992,5.98046173858187e-05,-0.000418057273991058,-0.171526717932049,0.03851983912934,0.00160339970066722,-0.174240526167601,-0.000200143895584542,0.0117633792181243,-0.000141276686900623,2.9121761262512e-06,-1.26019904413191e-07,-5.56195891863489e-07,0.000757990138983529,-0.00220406001007668,3.3103464245998e-06,-5.34036086724238e-06,7.23955717572501e-06,-2.62443627220153e-06,0.000280766482173636,-0.000220392078261574,0.000136545132475362,-0.000179426368017445,0.00157791460837619,-3.32303149999526e-06,-4.21359008250422e-06,0.000279206072843756,-0.000222546411574541,0.000184014499363245,-0.184025094702309,-2.83077171117278e-05,2.88125594353958e-05,-3.88462876361749e-05,5.57280016716323e-06,-1.18380813600586e-06,-5.38036538961193e-07,2.1299932669256e-06,-7.74120537817984e-06,-5.63666062908143e-06,2.40820303145549e-06,2.17412904179157e-06,-2.28251490661312e-05,4.00290298106657e-06,-0.0106560473656543,0.000118463424228846,1.54271354391634e-06,0.000178136550560122,-0.00579440243020066,1.50447890573959e-05,5.29799238932445e-05,1.6369169409795e-05,-2.79327018964266e-06,-4.8624012198698e-05,-9.12735992729494e-08,3.70499179501405e-06,-3.85643875733956e-05,2.58203998049081e-08,1.80305838069364e-05,-1.68666732184833e-05,-3.68295828528228e-06,-4.35396357176256e-06,-5.11926282598409e-07,2.79609093341788e-06,-3.16670715076603e-05,-0.000682528818420894,-1.50316989865061e-05,1.00196445323463e-07,-2.11657744667031e-05,2.76949529743645e-05,-0.000576212312714497,8.98694025783883e-07,-0.000261211776180456,3.49351006890295e-07,-0.00065383495483761,1.03834938384201e-07,3.58943038035559e-06,7.75465895244423e-06,-2.42118628517487e-06,3.15644480758612e-06,-3.60817735976989e-06,6.6423519962443e-06,-0.00794922982988629,0.0162043501696494,1.61739439893804e-05,1.51894427368998e-06,-1.9597636705823e-06,7.64153324991225e-06,-0.000126447143920687,-0.000125880632294292,6.26358009299144e-07,-1.43396654380774e-05,1.49697747048999e-06,-3.76059193197485e-05,3.88051442550518e-05,0.00135154890624947,1.00599860527048e-05,-4.01131297988663e-05,3.32735510314084e-06,0.00040508913502976,-8.70262666728393e-08,5.79020959960533e-05,-0.000185531875042003,-7.96132204544396e-06,0.00122971772614229,-0.000359177477874221,-0.0091302776278971,2.37518889996694e-05,4.04820196697441e-05,4.45823875038495e-06,2.58336883787834e-08,-8.08790945911378e-05,-1.02509608101909e-05,0.261406757465558,-0.0028657947087948,5.7617065312603e-06,6.7036143443282e-06,0.000270102630503336,3.30027495815914e-06,-0.000706791264954297,9.42021510026978e-07,1.5995400281297e-05,-9.1968668821793e-05,2.52156889653242e-06,1.05887466231693e-05,1.39596768643246e-06,9.80810095533867e-07,-1.33079385114658e-07,9.44947494132397e-05,6.35805821247098e-07,-1.70334599067877e-07,-4.64890727919606e-08,0.000113672231454745,1.57429687792805e-06,9.99359341969345e-05,4.30223489294939e-07,-1.00851898276081e-06,-1.82390555782976e-07,2.87913922062781e-08,0.000298024173335783,2.08926767614363e-07,4.40524821603815e-07,1.9633562349828e-08,-1.00265453459343e-06,-5.88264098968831e-05,-7.03657691703255e-06,3.06145380035057e-05,1.08517743599942e-05,-2.59267081428374e-06,-1.20762772511038e-08,-4.38711544512698e-07,-5.29813797013826e-07,-0.00826173740309545,-0.00037955558100104,-0.00175337569969056,-2.33926623217589e-07,0.000803679112779239,-7.3283793524205e-06,-2.12052594881926e-06,-2.29606538354607e-10,-1.75110475600109e-08,1.10828339258508e-06,4.43751050778208e-07,-8.19634427338206e-10,4.77793060301992e-07,5.0342883527563e-07,2.15784997618584e-06,2.16918976159658e-06,-8.77545051336912e-06,-1.42795089675207e-07,-1.63087197829572e-05,-7.67445448151824e-07,1.10501775897847e-05,6.03691785875933e-07,-3.49921292674333e-05,-8.00341381896762e-09,-0.000162836683096829,-1.0382535620414e-06,-2.39458296474366e-06,-6.81079347640844e-05,1.08928556141472e-08,-1.89591303147542e-07,5.99322743668348e-08,3.9019759354484e-08,-0.00305827303766869,-3.92994658866193e-06,-1.89123719680221e-06,2.52074825814371e-06,5.68026788651219e-07,2.47442268150521e-06,-8.1460838414994e-06,-4.77898264599643e-07,-4.56049976010635e-05,-3.5532446013716e-07,-0.00374563902139594,-5.95666166097641e-06,4.92231191242854e-07,1.2181380199806e-07,4.08212902845984e-06,1.53748420240982e-06,-1.7550528900984e-06,-1.90699091083926e-08,-8.8164031725645e-06,-1.16510443708548e-16,-8.83476254558317e-08,1.27651340179767e-06,-2.80580316937291e-07,-7.65313891603183e-07,-1.08298960782194e-05,1.50227694851263e-07,-2.34930093259389e-06,1.06432205402791e-06,-4.06008022353717e-05,1.38651664879617e-07,-2.88728217472068e-07,0.000123603021770285,-8.29234334339152e-08,9.23594529764603e-06,-0.000145551301132627,5.13903789297285e-08,-4.09989306092711e-09,2.4088716050716e-07,-4.96651934811628e-07,8.581900485641e-06,0.231743252333732,0.00137618681392967,-5.43976681186252e-06,0.00014146930950501,-8.14077383358125e-05,4.05438088961508e-06,-5.67581493772848e-05,0.000719715248523877,-2.61203107242296e-08,-0.000225235699114846,-1.0829149338931e-06,-8.03540622782951e-06,-2.04746348236806e-08,9.78488070975452e-06,-4.98403363251963e-07,3.60814261101894e-07,-5.42108314992079e-07,1.00681713953178e-06,-7.15425094752252e-07,4.87928939359032e-08,-8.03574144124087e-06,3.3443493774681e-08,-5.31263564291906e-06,1.10806834260901e-16,1.16549834369411e-05,2.16172202605382e-05,1.15992127415013e-11,9.08156012463639e-08,-1.21555225252436e-07,7.20562423832206e-08,2.00139711221155e-08,-1.75180157311068e-09,7.67632848761922e-08,-2.88748893533012e-06,-9.80929958925535e-07,5.97619080632818e-09,-3.05526554054101e-06,9.94471774922134e-06,-2.42510964898473e-07,5.11639791605289e-05,-3.11031950822268e-08,-5.36716739402965e-08,-8.25238743654787e-10,-1.11509944562921e-06,1.00726298112984e-08,2.16666470020298e-11,-3.60281190045321e-08,8.17802104156862e-09,-3.39607278802404e-08,4.89217056628329e-08,4.50404847694527e-07,2.4214819409397e-08,-7.98515338401679e-09,-5.8227355885331e-08,6.57986077991198e-09,-3.32973388631371e-08,9.63962042652214e-08,4.13593369081713e-07,-3.53690232346796e-05,-1.96781766764165e-17,8.89200863979536e-09,4.97605035188575e-08,-5.09720135901965e-09,2.72633929826542e-06,2.93131509504841e-09,7.27647511980082e-07,2.89681051143203e-05,-2.21434509271771e-07,1.00865332942535e-06,3.49472272672817e-19,-9.50561476954146e-05,-2.89281279564906e-10,-2.2349406460122e-07,9.59790905007349e-09,2.01376617536776e-07,-1.37256996224181e-07,-2.35400604314313e-06,6.41485971657398e-07,-6.65603966608642e-08,4.3327551051651e-06,-1.41589901064875e-08,-1.36548540190343e-06,-1.8306110832077e-09,-2.69528290121725e-10,-3.84855356759699e-06,2.11848663260988e-08,-7.19542654712246e-06,-5.58486601759139e-16,-1.16908136582797e-07,9.28012318637188e-09,2.67478254607086e-10,2.45908331699327e-09,-3.76162357100763e-06,-3.20044950827354e-05,8.20038327946335e-08,-3.045030010197e-07,-1.81486220852248e-07,4.12131415880598e-16,-3.55378001622302e-06,-1.32191151961707e-08,-0.000610840150480487,3.25054573410437e-16,5.1961308127075e-07,7.15611345916854e-08,-1.13148180423952e-08,-8.1293521771547e-06,-1.63149763300543e-06,-1.53820266416935e-06,-2.93529619691926e-07,1.6063354496799e-06,6.78734957439047e-08,3.82169663285727e-09,9.05514216939216e-07,2.74711251572497e-08,2.56710136447299e-16,-1.12564800744011e-08,4.1839156604146e-07,1.8210670753326e-07,-1.15917563484144e-06,-6.08538503443224e-17,-2.42119448628388e-08,4.54623300988235e-09,-5.19896826974896e-07,-7.45387002039489e-09,-2.71307186058076e-06,2.66316910377506e-08,-3.568034321435e-07,1.96467730459222e-06,1.31427079328197e-16,7.22721743860496e-06,-3.4313423752094e-08,9.99398808333746e-08,1.07846739664528e-05,-1.41803628667808e-08,-3.29605668779751e-07,2.81892564846231e-17,-1.41026315593669e-16,-2.96201510802553e-07,-1.92637923902255e-08,2.54246084269274e-09,-2.82294604358855e-06,1.17222735838542e-15,-1.64820783221673e-05,-2.81168146169535e-07,2.42006805527305e-16,-1.10706374664522e-16,7.71564213159118e-17,3.39018537756965e-06,9.24593862949019e-08,-1.01606917034388e-07,3.09439586362467e-06,4.39491598928827e-07,8.15908566773237e-08,-3.54122958007012e-08,2.81854171264786e-16,-7.79654601081837e-09,2.19350504773152e-08,3.77125094101884e-16,2.53416888586226e-16,-1.38540982116338e-08,-8.01143555202398e-10,-8.22186343811127e-09,2.07798449072829e-06,8.11374385119636e-09,-3.25295852332273e-07,1.02127980587225e-16,-1.14568336918736e-07,-2.72274632017191e-16,-6.34519946957079e-06,-4.95521050407344e-16,-9.05401179862764e-09,-2.0066846724527e-16,3.72642624265589e-08,9.81486760925407e-09,7.44011907740424e-07,6.01512560891386e-07,2.6571489971006e-08,-3.0548301543215e-09,1.93806691025221e-08,7.2740077549683e-09,3.48582668185252e-06,1.16162080994669e-07,6.77726081901606e-09,-1.9097215129483e-08,-3.48500049590614e-06,-4.92409037553066e-06,-9.11042195056605e-09,1.28217626749869e-17,8.53518027283674e-08,-1.47157035004811e-08,7.60982330390355e-09,2.84730507787472e-16,1.41521123147513e-07,4.03117552077331e-07,1.29049764585431e-07,-2.93513840480777e-16,-3.12717249769469e-08,-1.76145248336501e-06,-4.84628754533027e-16,-2.19359378955431e-08,4.89228782629708e-08,5.73975657899386e-16,-2.53419899712366e-16,-1.79918552464893e-09,-1.01645421549564e-06,-5.78898401198184e-09,-8.02806183567998e-06,2.24026999639376e-07,5.91499210214565e-09,1.04513580695009e-05,5.25239322680876e-08,-1.31363976719533e-06,-2.56359603684198e-16,2.42574546912871e-10,1.77049175842654e-08,4.88715882962898e-08,7.74540627881215e-06,1.56007269623971e-16,-2.48332443695706e-16,6.47053224308275e-07,1.68439099818158e-16,-1.65970023026665e-16,6.64143613680912e-08,-9.75917667522132e-08,-1.82707919155133e-08,-1.73836114979483e-07,4.66431974336829e-07,1.21836900613692e-07,1.55653354223342e-07,-2.11946300502484e-17,0.000117126338107843,3.70611040885584e-08,2.94558088975257e-06,-1.63478250359779e-08,6.42561743088013e-08,3.28268889799871e-16,-9.60376864469138e-16,-3.67466613313336e-16,-5.8480597553767e-07,-2.64948634657206e-09,-1.71667904940698e-07,-3.08242838401928e-16,-2.01609720002796e-09,-7.49664739159974e-16,8.02338522599155e-17,3.17407734462615e-07,-7.94244348581072e-08,8.88097104537189e-16,-6.4732953988591e-07,-8.66077246758847e-09,4.58870763820775e-17,1.92414245148023e-08,9.52082284268763e-17,1.18519122926704e-06,3.77669995747234e-17,1.18015143155915e-06,5.71965905488985e-08,2.07143825379732e-09,3.46418756976283e-06,2.35853859876412e-05,-6.31300369822969e-09,1.83018904995823e-07,6.90155959913326e-16,9.71274504395644e-08,-5.40080913468306e-09,1.89927642092077e-15,-6.96545227907926e-10,-1.35919604149874e-08,3.01811703378126e-09,-4.63859040653218e-16,7.74103113328951e-09,9.60026023014044e-09,8.25825373944973e-16,-2.40406409423072e-07,-1.71873851011409e-07,-1.72431340673177e-10,-2.81109260804408e-15,-1.89958476926327e-14,-1.07716566875343e-09,-2.22513740195787e-06,-2.12899428219237e-08,5.99796701870092e-08,-0.502206344292654,-6.81174598150145e-14,7.66882306078447e-15,4.08494174042636e-05,6.68598574255785e-08,-2.49045659128667e-14,0.0226041392424577,3.99826717301609e-15,7.00704009669523e-09,-3.69259418287059e-07,-4.96945885418724e-07,-3.32895490916167e-06,-3.11679032647046e-16,1.14924045816712e-15,1.49416821747626e-15,1.61901861670041e-15,-2.28649674240472e-09,-7.8467655785067e-09,1.03081414998206e-15,-3.72384563224876e-15,2.75614286845409e-16,1.06516920560815e-08,9.43444227010053e-11,-5.01180317691624e-09,-5.20141849424081e-16,4.07569892548962e-15,-1.93872289099353e-15,-1.96221049902802e-07,5.98945876523013e-09,-4.20575233212364e-16,1.02399931364719e-09,-2.65382631812824e-08,1.49042979544251e-16,7.94962290841466e-16,-3.16914062801276e-06,-1.83410284218579e-10,-1.55089170123317e-06,6.81136181591966e-17,9.74079947531948e-09,1.55957157919025e-07,1.65628555006528e-07,-6.10345256640797e-07,-3.6105329174046e-08,5.84467332419978e-10,-4.4177749280209e-16,5.69943056756501e-16,3.7004387037443e-16,1.08207658349515e-08,-9.79391038559752e-09,-3.81511437897767e-07,-2.85936213213527e-09,-1.6926299763396e-15,-5.07465386649142e-16,-6.55095539404876e-16,4.8016477609027e-16,-2.41376618973584e-15,1.34974990762442e-08,-6.57593271098746e-16,1.35093113113664e-16,-3.81409476214765e-06,-1.90379532329124e-16,-3.41718515246377e-07,-2.64411051489327e-16,-2.4978370230225e-07,-1.41031335403665e-16,-3.00684243413227e-07,-6.35936304557122e-07,-3.30827057559554e-08,5.53796974076154e-16,2.03679263428662e-06,-2.5272604591648e-16,1.81471986945072e-07,-2.87119025165346e-08,1.5886035788823e-10,-5.17695737953185e-16,8.73125380265668e-07,-1.72950530938134e-16,-6.26740027652849e-08,-3.19896499313336e-08,-4.75631332322477e-16,-2.83497128833673e-16,8.01254061614971e-16,8.65091762000127e-17,-4.84159885333972e-09,-2.44157753748303e-07,-5.42595436022e-07,-3.46851399389015e-16,-3.94579770723573e-16,-3.28303525631223e-09,2.67775807433136e-08,-3.33146883384175e-16,2.87766358602481e-16,-5.32237994262793e-08,-6.70839486008537e-16,-1.03060304227223e-06,-1.34511773971191e-16,9.42508870548654e-08,3.54853185425382e-16,3.22984880303374e-16,4.89194089922366e-16,2.83214205918185e-16,1.77667072413496e-16,5.4702677820378e-17,1.80648382121086e-09,-1.26334581773967e-08,1.32951216539649e-16,-8.38082996892061e-09,3.52001109749043e-07,-3.136586940745e-16,5.11744021584239e-16,2.05031112281811e-16,-7.68758264899553e-16,3.23030398505708e-07,2.61883469224385e-06,9.56187737232941e-16,-5.88334478319727e-16,-6.29120791656777e-08,-2.03204459821738e-08,-3.07614065799897e-10,-2.27919003053837e-16,6.79153130447372e-17,9.95776803532897e-17,-3.5522435693743e-16,-2.53317856826417e-16,2.51786666499182e-17,1.4521959220301e-05,-4.25058347856711e-07,-3.79104148187307e-07,-5.72435954818243e-16,3.7206638656406e-16,2.41769574149694e-16,-7.44719924247952e-18,1.42192464951497e-16,6.543745425537e-16,4.32987819782137e-16,-1.00916468289667e-16,-5.37588300553211e-16,-8.88973701054006e-17,-7.0322963998066e-16,9.81913810405726e-17,2.95479348305416e-16,-1.20362535817027e-16,1.1928874890151e-09,5.65600249880238e-17,1.70258563149676e-15,4.86474229614406e-16,1.68822547018683e-08,-2.08766062094661e-08,7.66435951765318e-17,-4.35673398111179e-10,1.54237041599747e-08,-7.46123135223769e-17,2.57493205812159e-16,-2.97329364989569e-08,-1.77175102335887e-18,3.7953768078045e-10,-2.96098160920465e-16,4.65499643744262e-17,-4.57886806097563e-16,5.35746315989406e-16,3.80658547549737e-08,-5.09758823220337e-08,-2.79042917334837e-16,6.79299978028866e-16,6.79225104409133e-16,2.08642101854607e-16,5.78828434835699e-16,5.34970007954839e-16,4.25411071101197e-16,1.01420774625325e-16,6.12888200457673e-10,2.4377773827074e-16,3.09026783365119e-16,7.27759647477013e-17,-7.62233811613973e-16,8.9950225692073e-16,2.37500720540873e-16,-1.33238636623532e-07,-2.33398609947801e-16,-2.11442045251115e-15,9.01315970768805e-09,-5.90156912672885e-16,-2.0695844024516e-16,2.66836628061266e-16,-6.62317535380553e-16,7.51569561305951e-09,4.90716785464814e-16,-5.67219998867744e-07,-2.92171726722509e-16,-4.4174665890794e-16,-1.99300637560899e-15,8.6987001430346e-16,5.64562974341117e-16,6.47847170270098e-16,8.98639527576783e-09,7.03250331438996e-16,2.68338459794849e-16,1.13474051336116e-09,-1.12167875766116e-06,-7.03121643252942e-16,1.9309286395818e-07,4.38968877361102e-06,1.582314430402e-16,1.14709193063321e-15,-2.20550907467143e-15,-4.4449419484498e-16,-1.58795697267831e-15,-7.36161432182549e-06,2.01480077605885e-15,-2.90023079662907e-15,1.98965958237024e-15,2.98413951607563e-07,3.28779014823357e-15,-2.67521211162524e-15,2.32446547755538e-15,-2.19380708978237e-15,-4.01332848766792e-06,1.0676060988376e-15,2.36735386172476e-10,-6.73983446117992e-16,-1.45132960522858e-16,3.31773435646646e-16,-6.27811814349127e-16,3.06070953420268e-16,-2.97146578329446e-16,1.19202876377594e-15,-4.10853739260573e-09,-8.68187951159465e-16,6.00016979256981e-15,1.72738510899472e-09,-4.42075381570223e-15,3.79100613162707e-16,-6.37982378692312e-15,7.96586810084454e-15,-4.25575684771909e-15,-4.48074356744851e-15,-1.25252128050905e-08,1.11957450052469e-15,-4.96544887434657e-14,3.72993505689703e-09,-1.77321226966079e-13,0.707106781186547,-2.30835364809883e-14,5.5469880620745e-15,-3.91791976276017e-14,3.79466205836919e-15,3.37625657462411e-15,-2.68216075962925e-15,2.87328060915221e-15,-1.64652029359185e-15,1.22685636513248e-15,-1.95783305008213e-09,6.49267710312163e-09,4.42190906072509e-15,-9.84275358644473e-16,-4.31740256855589e-16,-3.26592717569997e-15,-2.4958740586431e-15,5.42468655787319e-15,-2.03608436719976e-15,-2.23959304165436e-15,-6.19074237176212e-09,1.18727380862098e-15,1.54613223780668e-15,-5.09544939173407e-16,5.57527684654939e-16,7.20944928753772e-10,-1.25751935072659e-15,-1.14373197010068e-10,-4.31033691980939e-16,1.33340075047727e-15,1.93159652421204e-15,3.37362263725474e-16,-1.95916630427734e-15,1.6715498264233e-15,-3.42874315103049e-16,4.74392045929355e-18,7.14241843358813e-16,3.21110228651201e-16,2.14485741892511e-16,-6.46677613005333e-16,2.80042041506497e-16,6.14195963494178e-16,1.06042433830206e-16,-1.42970395422763e-15,1.46386824685673e-16,-3.5295430819214e-16,-3.81482002874638e-16,-6.75364897735294e-16,-1.9812439449457e-16,-1.19974509869926e-16,-6.55972844765644e-17,1.00788169183338e-15,-8.29128120246618e-17,9.2219102228167e-08,8.21848091129299e-16,-9.05046028923397e-16,8.08916174077315e-16,2.7844323194005e-16,-8.6709545113718e-16,6.85289402020583e-16,-5.17272128215684e-16,1.02506844727776e-15,5.65356124874423e-17,2.16951048478941e-16,1.03514202418054e-16,1.10586241923467e-17,-1.13955331611161e-16,4.04761852196515e-17,-4.36639832383287e-16,4.87869035472711e-16,-7.2252366014687e-17,-7.13831678626294e-08,1.3093093203104e-16,-2.32931400781848e-16,-1.66487637723517e-16,-6.06828406819245e-16,-1.74609776171127e-16,-2.48815864350031e-16,-3.54307395231936e-16,1.38045000426247e-16,-2.33365309381462e-16,1.63935024672011e-09,6.71173074302e-16,-3.60733490258943e-17,6.17575653292072e-16,-1.06192579114198e-16,-2.27675157272573e-16,-9.14626877665386e-17,7.27647031233159e-18,-1.64942904784962e-16,-1.67737991817212e-16,2.58955662816305e-16,-4.10164099794702e-16,2.51818291119169e-16,-2.40120832924631e-16,1.29336126504344e-07,-1.27722177759737e-15,3.03810551938409e-16,-5.7032502866934e-16,-4.48941014571935e-16,-2.27355082762002e-09,-3.95925287391354e-16,7.03125314943174e-17,-4.1472302942046e-16,2.18476126123645e-17,1.17108620735848e-17,6.61447853096018e-17,5.92308740124881e-16,2.96867229395796e-17,-2.61758372020205e-16,-2.72529549419942e-16,3.16188052700894e-16,-1.99881642120474e-16,6.18268582451213e-16,4.67401779989174e-17,-1.32840635816962e-16,-1.02414691263746e-15,-2.34572079851596e-16
"t997",0.0358226474442464,-0.0106432423999197,-0.011647125426827,0.000690869973082953,0.00644133421926712,-0.0178003118058295,-0.00251789869243491,-5.47704896502991e-06,-0.0535906401318574,-0.0417409590019605,-0.041427976739596,0.000451097357829121,-0.000935536040980143,-0.000200920779462023,-0.00553327763695086,0.00012322110516163,7.67510835961521e-05,-8.81973632210848e-06,-0.00375383638702931,-0.000668704665751083,1.18596629593588e-06,-6.13906490640688e-05,0.116489030281216,0.00494771397426441,-0.0004797227891426,0.0056514609182423,-0.0606814118603716,-0.000487083046048379,-3.99860222499089e-05,0.00259687434881956,0.0156715542349949,-0.00788875158570539,-2.93928944980934e-06,0.00198102657932159,-0.000989074787916161,0.000787659790656209,5.36640390531142e-05,-0.000374373559828083,-0.153467852263791,0.0343970512001075,0.00142626879910905,-0.154468206683519,-0.000177051349850329,0.0104042619054139,-0.000124632777598788,2.54418706492512e-06,-1.09759488247722e-07,-4.83726496231909e-07,0.000656520822967562,-0.00190037887999252,2.83667707956665e-06,-4.56283623360131e-06,6.18285147444915e-06,-2.23308078599652e-06,0.000237134926734334,-0.000185930853694697,0.000112762033805267,-0.000147270546958277,0.00129417429826715,-2.68329298689305e-06,-3.36065010400327e-06,0.000221289308970694,-0.000175468315528066,0.000144895878353735,-0.1434662026668,-2.18661754521926e-05,2.17880794475891e-05,-2.90837566613101e-05,4.1526592661223e-06,-8.74525601194359e-07,-3.78353154546533e-07,1.43605719537667e-06,-5.18335627243982e-06,-3.71953131257475e-06,1.58616785370457e-06,1.42271876129755e-06,-1.48974464039301e-05,2.57865095708666e-06,-0.00665419120326764,7.30026882022676e-05,9.28584267663067e-07,0.000106660317324796,-0.00333207324047677,8.54072855322474e-06,2.83400647027315e-05,8.60396357906964e-06,-1.44147264515158e-06,-2.50163755309302e-05,-4.6921602125944e-08,1.90082986061501e-06,-1.96421773553449e-05,1.22136259655221e-08,8.46665586596523e-06,-7.51886080396407e-06,-1.48211731901812e-06,-1.72247076834901e-06,-2.02359152731365e-07,1.0558598843404e-06,-1.17461195047638e-05,-0.000235450255729145,-4.85506904579517e-06,3.21626696888367e-08,-6.7464852477314e-06,5.77395057935072e-06,-0.000114913472070305,1.72808869275801e-07,-4.68618433343323e-05,6.14019970123128e-08,-0.000110669062640328,1.65414105422204e-08,5.6005905535455e-07,1.05664709844829e-06,-3.24106143478634e-07,2.49297939436057e-07,-2.40769437486043e-07,2.60183063079863e-07,-0.000210446334549654,-0.000154315035740184,-7.40538292453254e-07,-1.12846342840551e-07,1.78224597645437e-07,-1.15505335794453e-06,2.43438308553318e-05,2.44392277796871e-05,-1.25444274591325e-07,3.51847377878228e-06,-3.73080753353783e-07,1.09104451975728e-05,-1.62308878691702e-05,-0.000567379214453127,-4.33627633043645e-06,2.12237380557009e-05,-1.82837263318143e-06,-0.000228685651069035,5.46966939072716e-08,-3.69241720328966e-05,0.000146276736566909,7.37586309760227e-06,-0.0014078394483108,0.00041363027104148,0.0108953422805594,-2.8861128405437e-05,-5.06401581188392e-05,-5.63910520673812e-06,-3.26811797862305e-08,0.000110756008641503,1.64375898018639e-05,-0.492974428919634,0.00563048782960832,-1.24037481582116e-05,-1.45379082730326e-05,-0.000606866744644633,-7.57218217223499e-06,0.00166104784297166,-2.78217006244973e-06,-4.90828657009222e-05,0.00029006390204962,-1.68523294671154e-05,-9.09183361615173e-05,-1.25105731750825e-05,-1.1465354180304e-05,1.6553961886153e-06,-0.00191096590917795,-1.38714572459618e-05,9.52071650721074e-06,-6.25388332466041e-06,0.00155809309437554,2.09678818683499e-05,0.00132146154457587,5.13810993607304e-06,-1.0842715744285e-05,-1.93348225723382e-06,2.57026809593613e-07,0.00253839881691574,1.62209541329302e-06,3.34871513454276e-06,1.47674047218506e-07,-6.34718977683361e-06,-0.000322831959734903,-3.77805814834944e-05,0.000161085668899494,5.39669306912242e-05,-1.26317205521754e-05,-5.77009625901541e-08,-2.05905702339975e-06,-2.34976779588562e-06,-0.0361573112663291,-0.00149618084084639,-0.00688973922802114,-8.90898983793711e-07,0.00282918169646458,-2.43345142338615e-05,-6.90936758960447e-06,-7.28107889236537e-10,-5.4458270585528e-08,3.26380621657258e-06,1.29225401846935e-06,-2.33246665741e-09,1.34449605255722e-06,1.30728101603659e-06,5.58359716362288e-06,5.44143266476282e-06,-2.13805995812652e-05,-3.25875900724144e-07,-3.72077669662313e-05,-1.74085833709066e-06,2.46353128656924e-05,1.33006052269408e-06,-7.47720790353454e-05,-1.64888975591194e-08,-0.000326075404922995,-2.06118975665294e-06,-4.57533765700304e-06,-0.000127451037748638,2.03727793268228e-08,-3.48942267058455e-07,1.05954081432659e-07,6.8455814911835e-08,-0.00515118375749237,-6.43573712009292e-06,-3.06707863795522e-06,3.92620911185852e-06,8.76209296940316e-07,3.77648140718735e-06,-1.20312819926607e-05,-7.01115650277486e-07,-6.67962002364161e-05,-5.01621795379861e-07,-0.00516841420080162,-8.0089137412352e-06,6.53947698753012e-07,1.59818016734357e-07,5.29241513560789e-06,1.98657346914533e-06,-2.19643580224265e-06,-2.33821405956992e-08,-1.05669109329183e-05,-8.70806566745937e-17,-1.02374969255787e-07,1.46899347243227e-06,-3.07276686334546e-07,-8.04866210590848e-07,-1.0996614990338e-05,1.52210926493759e-07,-2.21872326640137e-06,9.92651564309283e-07,-3.76460429323112e-05,1.2493126885445e-07,-2.54993934933758e-07,0.000105075044895249,-6.92629965299356e-08,7.65762076758939e-06,-0.000115725782613452,3.31570252977157e-08,-2.41393166860884e-09,1.30133040537446e-07,-2.13181327857706e-07,3.61322610826303e-06,0.0783402797353717,0.000398427552348015,-1.18321135044335e-06,2.7401971974883e-05,-1.37039822244559e-05,5.37042891203932e-07,-4.4126286470257e-06,5.13710678752096e-05,2.02612845993021e-09,1.82790184197402e-05,9.22549506077919e-08,1.03165873706352e-06,2.96422184222356e-09,-1.93805527732075e-06,1.03755881501544e-07,-2.07354381314963e-07,3.36310529915459e-07,-6.61949264325421e-07,5.33484787388295e-07,-3.99876572003204e-08,8.0201309451852e-06,-3.52266216540914e-08,5.83431014312188e-06,1.84238904420635e-16,-1.46950310702273e-05,-2.77408851013555e-05,-1.57533721466916e-11,-1.40483308614437e-07,2.09501585802327e-07,-1.30605439583032e-07,-3.71845991822752e-08,4.4443360017368e-09,-1.98651842870004e-07,7.51252819936911e-06,2.79379109723876e-06,-2.207088837074e-08,1.18135424878804e-05,-3.97088437947339e-05,1.0784684701203e-06,-0.000356090865042454,2.68819866944725e-07,4.70138194439663e-07,7.25775930089684e-09,1.98894950109877e-05,-2.58194041088091e-06,1.14143962757797e-08,-3.57137832074778e-06,4.17656253690434e-07,-1.51594984009842e-06,1.10169859881233e-06,9.8004039947183e-06,4.96524833860026e-07,-1.5760773892834e-07,-1.02601359334347e-06,1.04052092432104e-07,-4.82450250998712e-07,1.3486142260122e-06,5.47313692860787e-06,-0.00042132943919395,8.65994285189644e-17,7.02320436365954e-08,3.82165957544732e-07,-3.7645082391082e-08,2.01128785265785e-05,2.15997608044699e-08,5.31333035558363e-06,0.000208035386047761,-1.56024720358161e-06,6.85342163615981e-06,4.26308826014165e-16,-0.000600217542160213,-1.81159528614107e-09,-1.37583051131423e-06,5.8967025069126e-08,1.18966564481638e-06,-7.94831763858584e-07,-1.32757801612015e-05,3.55644891339983e-06,-3.56608019827279e-07,2.25610913165686e-05,-7.2492519699332e-08,-6.92779159840284e-06,-9.23653879052049e-09,-1.34701557792324e-09,-1.92139794995529e-05,1.05075630556378e-07,-3.55116430924366e-05,4.19035358044865e-16,-5.57436249926092e-07,4.3958176684615e-08,1.26691266949636e-09,1.14419100179696e-08,-1.74574821880064e-05,-0.000144243398578792,3.6677130392019e-07,-1.35991306444025e-06,-8.06075620365111e-07,2.44959763921588e-16,-1.56883604170289e-05,-5.82271304293161e-08,-0.0026689805531306,8.62902008570719e-16,2.25149465291779e-06,3.09483112909601e-07,-4.88855009616763e-08,-3.50520436885968e-05,-7.01131298663777e-06,-6.59416717343445e-06,-1.25595674246729e-06,6.83555046062467e-06,2.8864221938671e-07,1.61930151232229e-08,3.81294435524771e-06,1.15639554123223e-07,1.27141854694141e-17,-4.68434420932506e-08,1.7378103392707e-06,7.53292667770161e-07,-4.76634542195977e-06,-3.20371633228515e-17,-9.83676380606774e-08,1.82477526894565e-08,-2.07632569507297e-06,-2.9701764637869e-08,-1.07825189221346e-05,1.05347989334882e-07,-1.40148578411358e-06,7.60284116634042e-06,4.97424017707054e-18,2.76761393361001e-05,-1.31295207496295e-07,3.81783192020546e-07,4.11106883927896e-05,-5.40463101262345e-08,-1.25551566589145e-06,4.98732999343332e-17,-8.97602378708553e-18,-1.12474529741878e-06,-7.2969398860196e-08,9.62781294251311e-09,-1.0668850087967e-05,3.40712044395678e-15,-6.20615949828565e-05,-1.05725723020847e-06,-2.97657839852478e-17,-4.83218895914843e-17,-5.8550801826012e-18,1.27058809528266e-05,3.46413710768519e-07,-3.80337674626636e-07,1.15764289737943e-05,1.6440902229939e-06,3.05106391128979e-07,-1.32419089542505e-07,-7.08839012130404e-17,-2.91510832123028e-08,8.20274457308469e-08,-2.78380654432551e-17,1.10963530885451e-16,-5.18884439257101e-08,-3.00233239834665e-09,-3.08402871919195e-08,7.79998774012747e-06,3.0502358972658e-08,-1.22322693731094e-06,-1.00358691447902e-16,-4.30979431982925e-07,-2.15329294375094e-16,-2.38965711239539e-05,-3.97061940618504e-16,-3.41290953274718e-08,-1.23310068590981e-16,1.40639958250766e-07,3.7052084956984e-08,2.81921098269015e-06,2.28123713352677e-06,1.00809852554525e-07,-1.16091243904257e-08,7.3763582359272e-08,2.77902345044678e-08,1.33180169064594e-05,4.44360636549851e-07,2.59865031792976e-08,-7.34700208210137e-08,-1.34471087846711e-05,-1.90462390442137e-05,-3.52822712518532e-08,-4.61021821149265e-18,3.31855379769934e-07,-5.74461023660725e-08,3.00800851143722e-08,-5.94901963991048e-17,5.61609873019143e-07,1.60970201383526e-06,5.16736208718773e-07,-2.63041230166444e-16,-1.25398046379232e-07,-7.10512566091116e-06,1.40062659543539e-16,-8.87487166557753e-08,2.01839617772018e-07,1.26119917668769e-17,1.14447321997481e-16,-7.48526602249586e-09,-4.23208826217211e-06,-2.41914516258581e-08,-3.36964967740211e-05,9.50135023669781e-07,2.51096740730204e-08,4.44254324697556e-05,2.26625882243539e-07,-5.74254231434083e-06,1.19644420239207e-15,1.06588685837125e-09,7.78665912581853e-08,2.15623293187326e-07,3.43061706395624e-05,2.28893341577251e-17,1.27488283481904e-16,2.88157219450922e-06,9.78010062431763e-17,-1.31063250347955e-15,3.07025238786632e-07,-4.54349904923582e-07,-8.50745957265406e-08,-8.22592524593692e-07,2.21214716806695e-06,5.7811661255163e-07,7.40911136378199e-07,-2.32894209910358e-16,0.000577927397989559,1.84388354435106e-07,1.46958813430637e-05,-8.27331426426962e-08,3.34371855990387e-07,3.41822750757174e-16,1.49811553616024e-17,-7.43520967615622e-16,-3.18263542333131e-06,-1.47302131909443e-08,-9.56016285108409e-07,-6.63809340682797e-16,-1.14773066559237e-08,-1.41773353150994e-15,2.39594513898432e-16,2.02771173666697e-06,-5.08242335070551e-07,-1.13190706807487e-16,-4.28631766523866e-06,-5.85771980463965e-08,8.84050056782513e-16,1.36375329396281e-07,-3.57733104483188e-17,8.95036849603047e-06,-4.92527359308849e-16,8.96713383627625e-06,4.36689686914935e-07,1.59022104880944e-08,2.68009971945904e-05,0.00018576266668267,-5.35111222279238e-08,1.75459605113387e-06,4.61906148314341e-17,1.14074336975543e-06,-6.51202269010466e-08,-4.99048513889568e-17,-8.7131338933951e-09,-1.82877425970182e-07,4.37013387545596e-08,1.9936826293644e-16,1.56302757884195e-07,2.11833153129382e-07,6.79655296823007e-16,-6.0818696517182e-06,-4.69835671780806e-06,-6.88229777256821e-09,-1.52888653140334e-15,-3.80690786431659e-15,1.51539865055405e-07,9.26568231578423e-05,7.64731703181417e-07,-1.90511942235051e-07,0.0152564720269229,-5.87195952517038e-17,-2.28117949027316e-15,0.000124421193320034,2.3673660302432e-07,3.02188063195504e-14,0.390696858276194,2.28958595956498e-15,-9.34608781813637e-07,6.39819889562325e-06,8.19950729644236e-06,4.6558992095766e-05,-8.37824297385035e-16,1.8343634332904e-15,1.62291867725351e-15,2.34945061598517e-16,1.46900264907409e-08,4.83376264549988e-08,-2.23798606956673e-15,6.18104435422478e-16,2.40841604907617e-15,-5.69996304784593e-08,-4.77103396940199e-10,2.19466988264943e-08,-2.18919179860632e-16,-1.76442045110754e-15,2.28223202055483e-15,5.61251335543168e-07,-1.68994902882449e-08,-7.15948487589386e-16,-2.4813882469577e-09,6.05350513295391e-08,2.38329602125067e-17,-5.6695912586497e-16,6.27432800524456e-06,3.59025780046858e-10,2.79360616961798e-06,-1.04066278400154e-15,-1.52527551065129e-08,-2.25832173988204e-07,-2.14660965036394e-07,6.76546813297997e-07,3.83303290279423e-08,-5.71314601646877e-10,-1.34126408089022e-16,-6.62926191153904e-16,-7.46512482524486e-16,-6.19535974273118e-09,5.55474584115911e-09,1.99632700604806e-07,9.2036726823873e-10,-4.7931223410837e-16,3.24729736851605e-16,1.96304191987239e-16,2.57334985327429e-16,8.08842617159561e-17,-1.91195931004491e-09,2.08373719056548e-16,-1.14398136342387e-16,2.98104540692403e-07,4.7033514994002e-16,2.55851477002379e-08,4.90584713907224e-17,1.73251599213344e-08,-5.58044797594518e-17,-9.59248089535673e-09,-3.4740666661974e-08,-2.92505604482191e-09,1.15023272461292e-17,2.61739681091328e-07,-2.42608966763156e-17,3.82879242734176e-08,-8.85803516348312e-09,4.96476672369837e-11,-1.26982953842484e-16,3.04700226851686e-07,-3.66320338436187e-17,-2.52988775137952e-08,-1.29958278852112e-08,1.71901365753066e-16,6.80383308710669e-17,4.48721213044149e-18,-1.97073708274344e-17,-2.17226869693726e-09,-1.12194532728026e-07,-2.56069328796455e-07,2.39144050094338e-16,-3.69768337588765e-17,-1.73589925427084e-09,1.42236454092159e-08,3.48506989457074e-16,-2.91480612104366e-16,-3.17332363282413e-08,3.86287203556817e-17,-6.28025777734891e-07,9.99754151075618e-17,6.08981319854987e-08,-3.64252841607698e-17,-9.78360785806386e-17,1.09357585866835e-16,1.14132181780252e-16,1.73740626987574e-16,-6.75782046730336e-16,1.2917442173337e-09,-9.04448913130452e-09,1.67575978179458e-17,-6.18761200521517e-09,2.63098092794171e-07,7.28859528006355e-17,-6.16595595127965e-17,-1.06556611506483e-16,-5.44002850991714e-17,2.53671013222767e-07,2.07878372120992e-06,3.23714699752632e-16,-8.77573018221217e-17,-5.05250584971491e-08,-1.63439085652387e-08,-2.48659800629403e-10,2.56687185402244e-16,-5.88725652086581e-17,1.5240975941886e-16,1.59877966610565e-16,-1.13535530795926e-16,-1.81297352965413e-16,1.2638000162162e-05,-3.7223297059771e-07,-3.34022755698319e-07,2.3715543215952e-17,7.6813856809334e-17,8.07481049802504e-17,-2.20927146826195e-16,-8.83493033452289e-17,-5.76131295991465e-17,1.23165662888536e-17,-5.42277507550143e-17,1.94224194885776e-17,-1.45461937131364e-17,1.79666284209388e-16,1.17218181495404e-16,5.74229448474933e-17,1.1620489154255e-17,1.14995531440718e-09,-1.89605747365849e-16,1.04826843528742e-16,2.04813524523967e-17,1.64441223172451e-08,-2.03825497885898e-08,2.71505206000884e-18,-4.25979670262204e-10,1.52649417550302e-08,-2.68127398891556e-17,6.05389436190273e-16,-2.98573946841856e-08,-3.3182623659755e-17,3.87627796973591e-10,-4.64958248059627e-17,-1.10163411207062e-17,-1.6430742869145e-18,-7.42002250694524e-17,3.98562397967134e-08,-5.34596845895028e-08,-2.18751687978593e-16,6.57448698815118e-17,-1.16939753381075e-16,-5.66208888562191e-16,-1.36731446477578e-16,6.85235658618192e-17,4.56470782949284e-18,-6.35738319390818e-17,6.91223323397238e-10,-9.32776743916132e-17,-3.7315417847275e-17,1.58747734254193e-17,-1.27895857816968e-16,4.80457328471492e-16,-8.59070719023832e-17,-1.52285868974241e-07,2.64021612568562e-17,6.06660290701382e-17,1.03261877363423e-08,-1.51720298019709e-16,9.83353586763822e-16,-7.88219499082013e-17,4.25016389185023e-16,8.84002796899741e-09,-1.09250782009922e-17,-6.70119785022893e-07,8.81393869852309e-17,3.80691964213516e-17,2.06431718419183e-17,2.04016938010822e-16,-6.21120600766809e-17,2.12205222262224e-16,1.07098654154592e-08,-4.41284187059945e-16,-1.42170585528652e-16,1.36116646218528e-09,-1.34593035936666e-06,1.12775497253804e-17,2.32957375546848e-07,5.30482381799294e-06,3.63954035325099e-17,-1.18014527900256e-16,5.00748061172926e-16,-1.82947922753439e-17,2.15218562679652e-16,-9.10609302423717e-06,3.35401753424824e-17,-1.21026661471213e-17,5.30292317762368e-17,3.71198104590793e-07,-8.56921346174625e-17,-6.04846071505268e-17,3.55705537777512e-16,2.1373152610609e-16,-5.02803250568362e-06,-1.83009356987961e-16,2.97231554201505e-10,1.45638280057892e-17,4.45051523455476e-17,2.09429204772546e-17,7.9186213392143e-17,-1.22479103771683e-17,-2.03314628132611e-16,1.14189105727041e-17,-5.21554478307866e-09,1.07308481425373e-15,-6.86107383890897e-17,2.1985931377871e-09,-2.95211716738462e-16,9.43429075749186e-17,2.74866810987738e-16,-2.42741611397156e-17,1.58412838297323e-17,-1.76184283450216e-16,-1.60703330245217e-08,-4.89724904080619e-17,2.86874220132281e-16,4.80247769978064e-09,4.27882952988699e-16,6.70436910766494e-16,-3.72189212374522e-16,-1.06584005077146e-16,-3.105575079884e-17,3.5868832523324e-16,-4.88630312363196e-17,1.05061155131478e-17,2.15557382268084e-18,-6.73520442749913e-17,-2.15420042425429e-18,-2.55180338231522e-09,8.47440028339815e-09,-3.27621917963916e-17,-5.92453120348048e-16,-2.62999827329604e-17,-1.10151536900069e-15,1.18909873267348e-16,4.03630731379587e-16,3.23679814572609e-16,-6.78435138952755e-17,-8.13852330424438e-09,1.42005595192522e-16,-5.27905894554738e-17,-4.33140065000031e-17,-7.65337137113346e-17,9.53335977912425e-10,-1.24240990198508e-16,-1.52202462619458e-10,1.77112196797217e-19,5.80327996883773e-18,8.18341628793382e-16,-5.62885076026539e-17,5.68663774008979e-17,-6.44082463913655e-16,3.24055659346717e-18,2.26773654638233e-16,6.78479321957033e-17,7.35647003239453e-17,1.74505875277317e-17,-1.34636680396613e-17,-1.40413549612311e-16,1.21173058182445e-17,2.76503974219784e-17,4.0640264822846e-16,5.92014538437894e-18,3.83503302486201e-17,-6.49361222527596e-17,1.18835501767049e-16,1.63402819920722e-16,-1.34056083654694e-16,-4.5738481372699e-16,-3.42137550505543e-16,8.27054605839274e-17,1.25347659833452e-07,-2.23062881927105e-16,3.89038917581752e-16,6.92257384503708e-17,-3.85897944662815e-16,-5.90170931648119e-16,2.09828462348082e-17,-2.03335398190103e-16,-1.67483402593642e-16,-4.87435480090097e-18,-1.01760206229117e-16,-3.12521276218947e-17,-7.61017860470384e-16,2.74048929884276e-17,-2.9218181828608e-16,-3.11001868670956e-16,5.74473225494857e-16,1.58380648563642e-17,-9.82561201673051e-08,2.26948326995673e-17,-6.27244801511699e-17,-2.30485070830872e-16,-5.34231942254798e-17,-1.05425818876023e-16,1.69589464539936e-16,-8.72523530259269e-18,4.46173186058429e-16,7.2064051920692e-17,2.28311924468535e-09,-4.33950825596449e-16,3.7865872231877e-17,1.45017169808107e-17,6.45890093176226e-17,-4.66205695486258e-17,-2.77735114121574e-16,-1.99104437893648e-16,1.73626598387666e-17,-1.90688860904746e-16,2.79907084877654e-16,1.09213542185462e-16,3.63124721123042e-16,-2.70228232230678e-17,1.82052510256712e-07,1.48814723593462e-17,-2.4922469900428e-16,-1.20214485669346e-16,-3.48354158019593e-16,-3.21499388411686e-09,2.03720007196346e-16,6.78934757956335e-17,-1.01668023226151e-16,1.01239487244485e-15,1.79056201815794e-16,-2.61338369365416e-17,7.57442318228263e-16,2.28741329173993e-16,-5.01493038060196e-17,-6.99883229873494e-17,5.86084878786513e-16,-2.48185906945914e-16,9.54392419957979e-16,5.60579534300971e-16,-1.03052357280844e-15,0.707106781186547,-2.60915221672843e-16
"t998",0.0358226474442464,-0.0106432423999197,-0.011647125426827,0.000690869973082953,0.00644133421926712,-0.0178003118058295,-0.00251789869243491,-5.47704896502789e-06,-0.0535906401318574,-0.0417409590019605,-0.041427976739596,0.00045109735782912,-0.000935536040980143,-0.000200920779462022,-0.00553327763695086,0.00012322110516163,7.67510835961516e-05,-8.81973632210913e-06,-0.00375383638702931,-0.000668704665751083,1.18596629593477e-06,-6.13906490640703e-05,0.116489030281216,0.00494771397426441,-0.000479722789142601,0.00565146091824233,-0.0606814118603716,-0.000487083046048392,-3.9986022249903e-05,0.00259687434881956,0.015671554234995,-0.0078887515857054,-2.93928944981238e-06,0.0019810265793216,-0.000989074787916156,0.000787659790656189,5.36640390531189e-05,-0.000374373559828153,-0.153467852263791,0.0343970512001075,0.00142626879910904,-0.154468206683519,-0.000177051349850335,0.0104042619054139,-0.000124632777598794,2.54418706494248e-06,-1.09759488244271e-07,-4.83726496223011e-07,0.000656520822967592,-0.00190037887999246,2.83667707956577e-06,-4.56283623363185e-06,6.1828514744798e-06,-2.23308078599132e-06,0.000237134926734296,-0.000185930853694652,0.000112762033805336,-0.000147270546958309,0.00129417429826709,-2.6832929868938e-06,-3.36065010398915e-06,0.000221289308970698,-0.000175468315528095,0.000144895878353723,-0.1434662026668,-2.18661754521965e-05,2.17880794475927e-05,-2.9083756661357e-05,4.15265926606327e-06,-8.74525601268932e-07,-3.78353154559559e-07,1.43605719537407e-06,-5.18335627243567e-06,-3.71953131255322e-06,1.58616785370683e-06,1.42271876131805e-06,-1.489744640394e-05,2.57865095710113e-06,-0.00665419120326765,7.3002688202259e-05,9.28584267686054e-07,0.000106660317324847,-0.00333207324047679,8.54072855325941e-06,2.83400647027322e-05,8.60396357897972e-06,-1.44147264516785e-06,-2.50163755309559e-05,-4.69216020866914e-08,1.90082986063745e-06,-1.96421773553638e-05,1.22136259190098e-08,8.46665586598881e-06,-7.51886080404206e-06,-1.4821173190165e-06,-1.72247076829352e-06,-2.02359152726731e-07,1.05585988435947e-06,-1.1746119504772e-05,-0.000235450255729156,-4.85506904582263e-06,3.21626696744303e-08,-6.74648524773834e-06,5.77395057943558e-06,-0.00011491347207021,1.72808869305941e-07,-4.68618433344241e-05,6.14019970011721e-08,-0.000110669062640394,1.65414105423017e-08,5.60059055296449e-07,1.05664709840663e-06,-3.2410614347229e-07,2.49297939398652e-07,-2.40769437468281e-07,2.60183063146135e-07,-0.000210446334549575,-0.000154315035740176,-7.40538292516897e-07,-1.12846342954934e-07,1.78224597639799e-07,-1.15505335809051e-06,2.43438308553683e-05,2.44392277798119e-05,-1.25444274559873e-07,3.51847377890807e-06,-3.73080753366469e-07,1.09104451975861e-05,-1.62308878691432e-05,-0.000567379214453082,-4.33627633044758e-06,2.12237380557087e-05,-1.8283726332428e-06,-0.000228685651069136,5.46966939511814e-08,-3.6924172033022e-05,0.000146276736566916,7.37586309753765e-06,-0.00140783944831084,0.000413630271041462,0.0108953422805594,-2.88611284053199e-05,-5.06401581189005e-05,-5.63910520672904e-06,-3.26811797203182e-08,0.000110756008641482,1.64375898018735e-05,-0.492974428919634,0.00563048782960834,-1.24037481582284e-05,-1.45379082730451e-05,-0.000606866744644651,-7.57218217213429e-06,0.00166104784297176,-2.78217006258717e-06,-4.90828657009435e-05,0.000290063902049525,-1.6852329467148e-05,-9.0918336161511e-05,-1.2510573175049e-05,-1.14653541803148e-05,1.65539618861653e-06,-0.00191096590917796,-1.38714572458549e-05,9.5207165071813e-06,-6.25388332462113e-06,0.00155809309437551,2.09678818683208e-05,0.00132146154457583,5.13810993605396e-06,-1.08427157442607e-05,-1.93348225726233e-06,2.57026809533763e-07,0.00253839881691574,1.62209541328492e-06,3.34871513450492e-06,1.47674047180418e-07,-6.34718977680826e-06,-0.000322831959734906,-3.77805814834145e-05,0.000161085668899474,5.3966930691294e-05,-1.26317205522009e-05,-5.77009625545279e-08,-2.059057023385e-06,-2.34976779586853e-06,-0.0361573112663293,-0.00149618084084642,-0.00688973922802131,-8.90898983897784e-07,0.00282918169646461,-2.4334514233799e-05,-6.90936758968043e-06,-7.2810786181861e-10,-5.4458270666606e-08,3.26380621664082e-06,1.29225401849089e-06,-2.33246658453044e-09,1.34449605258393e-06,1.30728101603087e-06,5.5835971636925e-06,5.44143266473047e-06,-2.13805995811997e-05,-3.25875900714609e-07,-3.72077669662625e-05,-1.7408583371119e-06,2.46353128657764e-05,1.33006052268508e-06,-7.47720790352197e-05,-1.64888975619396e-08,-0.000326075404922996,-2.06118975660437e-06,-4.57533765700392e-06,-0.000127451037748529,2.03727795706597e-08,-3.48942266961727e-07,1.05954081453422e-07,6.8455814830173e-08,-0.00515118375749262,-6.43573712008352e-06,-3.06707863795749e-06,3.92620911177265e-06,8.76209296866245e-07,3.77648140713347e-06,-1.2031281992724e-05,-7.01115650323744e-07,-6.67962002363792e-05,-5.01621795551872e-07,-0.00516841420080157,-8.00891374094877e-06,6.53947698655328e-07,1.5981801670091e-07,5.29241513548212e-06,1.98657346916555e-06,-2.19643580184356e-06,-2.33821406036727e-08,-1.05669109329027e-05,-4.56564589999397e-17,-1.02374969520421e-07,1.46899347242555e-06,-3.0727668631024e-07,-8.04866210600994e-07,-1.09966149902098e-05,1.52210926587161e-07,-2.21872326627535e-06,9.92651564210319e-07,-3.76460429322699e-05,1.24931268636729e-07,-2.54993934815526e-07,0.000105075044895577,-6.92629964920343e-08,7.65762076754117e-06,-0.000115725782613661,3.31570250819571e-08,-2.41393171001859e-09,1.30133040447293e-07,-2.13181327835164e-07,3.61322610840014e-06,0.0783402797353722,0.000398427552348002,-1.1832113502866e-06,2.74019719749962e-05,-1.37039822244961e-05,5.37042891165393e-07,-4.41262864705982e-06,5.13710678751792e-05,2.02612849000654e-09,1.82790184197913e-05,9.22549505548161e-08,1.03165873733377e-06,2.96422173460739e-09,-1.93805527729071e-06,1.03755881523038e-07,-2.07354381353215e-07,3.36310529920043e-07,-6.6194926439399e-07,5.33484787222317e-07,-3.99876571809426e-08,8.0201309453556e-06,-3.52266216846718e-08,5.83431014302943e-06,1.56598634126852e-16,-1.46950310697037e-05,-2.77408851016112e-05,-1.57534987884377e-11,-1.40483308606859e-07,2.09501585788189e-07,-1.30605439611191e-07,-3.71845989752442e-08,4.44433672097251e-09,-1.98651842935531e-07,7.51252819931719e-06,2.79379109703981e-06,-2.20708883413344e-08,1.18135424877336e-05,-3.97088437946376e-05,1.0784684701591e-06,-0.000356090865042467,2.68819866954185e-07,4.70138194393516e-07,7.25775926677499e-09,1.98894950110339e-05,-2.58194041096183e-06,1.14143965093936e-08,-3.57137832066831e-06,4.17656253443572e-07,-1.51594984003509e-06,1.10169859881689e-06,9.80040399464359e-06,4.96524833689173e-07,-1.57607738955517e-07,-1.026013593241e-06,1.04052092715937e-07,-4.82450251040812e-07,1.34861422614197e-06,5.47313692840856e-06,-0.000421329439194051,1.2919325632523e-16,7.02320436666501e-08,3.82165957512616e-07,-3.76450823487981e-08,2.01128785264421e-05,2.15997607478499e-08,5.31333035551844e-06,0.000208035386047816,-1.560247203547e-06,6.85342163627799e-06,2.83664090912516e-17,-0.000600217542160419,-1.81159553232288e-09,-1.37583051135665e-06,5.89670251217729e-08,1.18966564469303e-06,-7.94831763882727e-07,-1.32757801611286e-05,3.55644891332319e-06,-3.5660801978403e-07,2.2561091316642e-05,-7.24925196570333e-08,-6.92779159841371e-06,-9.23653873376261e-09,-1.34701548272351e-09,-1.92139794993914e-05,1.05075630394526e-07,-3.55116430924345e-05,4.33334245830628e-16,-5.57436249845183e-07,4.39581766931802e-08,1.26691273369184e-09,1.14419098176309e-08,-1.74574821880675e-05,-0.000144243398578799,3.66771304031688e-07,-1.35991306444854e-06,-8.06075620432883e-07,4.97152112076805e-16,-1.56883604169201e-05,-5.82271303689453e-08,-0.00266898055313051,8.15512410323075e-16,2.25149465285444e-06,3.09483112956429e-07,-4.88855009053522e-08,-3.50520436887807e-05,-7.01131298659783e-06,-6.59416717331797e-06,-1.25595674244916e-06,6.83555046027081e-06,2.88642219318565e-07,1.61930151226437e-08,3.81294435540238e-06,1.15639554337354e-07,3.12621956162344e-17,-4.68434421535297e-08,1.7378103393554e-06,7.53292667937941e-07,-4.76634542190745e-06,1.25297344425238e-17,-9.8367638209654e-08,1.82477528547703e-08,-2.07632569503781e-06,-2.97017647521447e-08,-1.078251892258e-05,1.05347989265791e-07,-1.40148578410007e-06,7.60284116605575e-06,-2.38386827740519e-17,2.76761393362157e-05,-1.31295207557139e-07,3.81783191844823e-07,4.11106883926034e-05,-5.40463101050053e-08,-1.25551566587289e-06,1.44415729375069e-16,-2.4233281205221e-17,-1.12474529721042e-06,-7.29693988567519e-08,9.62781265541608e-09,-1.06688500879805e-05,3.44150444039314e-15,-6.20615949826183e-05,-1.05725723000069e-06,-1.47903676453647e-16,9.41669415537333e-18,5.58192003426919e-17,1.27058809528191e-05,3.4641371098293e-07,-3.80337674721422e-07,1.15764289736012e-05,1.64409022288065e-06,3.05106391171114e-07,-1.32419089553848e-07,-6.78561887506655e-17,-2.91510832196787e-08,8.20274455986556e-08,-1.1510295870329e-16,-8.94784173017086e-17,-5.18884437760428e-08,-3.00233225628163e-09,-3.08402873649019e-08,7.79998773998494e-06,3.05023589904388e-08,-1.22322693726214e-06,-3.40055184917888e-17,-4.30979431931248e-07,4.3043149188399e-17,-2.38965711238885e-05,-2.16338990992326e-16,-3.41290950663958e-08,-2.3080133109996e-16,1.4063995847609e-07,3.70520848984235e-08,2.81921098259951e-06,2.28123713355129e-06,1.00809852693099e-07,-1.16091243546465e-08,7.37635823485045e-08,2.77902344784254e-08,1.33180169064595e-05,4.44360636899663e-07,2.5986503040519e-08,-7.34700209392866e-08,-1.34471087846179e-05,-1.90462390442601e-05,-3.52822710680804e-08,-3.79873805114753e-17,3.3185537961202e-07,-5.74461023329366e-08,3.00800850208199e-08,-1.99237309511702e-17,5.61609873030212e-07,1.60970201370193e-06,5.16736208847759e-07,-1.39361962600536e-16,-1.25398046338873e-07,-7.10512566051082e-06,1.12650290493349e-17,-8.87487166679472e-08,2.0183961770805e-07,4.49975234024749e-17,-5.46042993463887e-17,-7.48526599773221e-09,-4.2320882621875e-06,-2.41914518452838e-08,-3.369649677444e-05,9.50135023699061e-07,2.51096743668811e-08,4.44254324701414e-05,2.2662588216223e-07,-5.74254231435506e-06,1.2167323355447e-15,1.06588690148976e-09,7.78665912106429e-08,2.15623293149283e-07,3.43061706398059e-05,-1.51740762580932e-16,1.98483515415391e-16,2.88157219448312e-06,1.06202825564269e-16,-1.36422011512064e-15,3.07025238816461e-07,-4.54349904938224e-07,-8.50745958870804e-08,-8.22592524387161e-07,2.21214716807096e-06,5.78116612507927e-07,7.40911136284559e-07,-1.40059259006357e-16,0.000577927397990071,1.84388354364006e-07,1.46958813428354e-05,-8.27331424945738e-08,3.34371856089158e-07,9.9210632872965e-17,7.02778536656583e-17,-6.97523691169991e-16,-3.18263542344796e-06,-1.47302129022382e-08,-9.56016284943444e-07,-5.33283308069657e-16,-1.14773062753942e-08,-1.01473558399708e-15,1.91006270141133e-16,2.0277117364307e-06,-5.0824233512728e-07,-1.37016049547856e-16,-4.28631766508698e-06,-5.85771983510438e-08,5.14797901888263e-16,1.36375329330057e-07,1.18692474580372e-17,8.95036849603219e-06,-3.33629802529775e-16,8.96713383651766e-06,4.36689686658128e-07,1.59022104976337e-08,2.68009971946687e-05,0.000185762666682833,-5.35111219150637e-08,1.75459605115264e-06,1.58311371181596e-17,1.14074336976649e-06,-6.51202269011889e-08,-7.32223447377507e-17,-8.71313353769537e-09,-1.82877425952696e-07,4.37013388650397e-08,3.63691010354697e-16,1.56302757933719e-07,2.11833153169633e-07,6.87211383187628e-16,-6.08186965166958e-06,-4.69835671788452e-06,-6.88229775726317e-09,-1.67643183895828e-15,-3.47285410319148e-15,1.51539864832944e-07,9.26568231578403e-05,7.647317030646e-07,-1.90511942322336e-07,0.0152564720269236,-1.65403988520161e-16,-2.00400336830895e-15,0.000124421193319644,2.3673660314215e-07,3.00774637663669e-14,0.390696858276195,2.28623983687715e-15,-9.34608782112104e-07,6.39819889564313e-06,8.19950729640292e-06,4.65589920960607e-05,-8.46943334691774e-16,1.8290784429763e-15,1.49595341105892e-15,2.63505151485236e-16,1.46900265675617e-08,4.83376266277122e-08,-2.0782221434923e-15,5.89567538458941e-16,2.48055584865664e-15,-5.69996303588583e-08,-4.77103263183957e-10,2.19466986358678e-08,-2.84176863642471e-16,-1.44173816765333e-15,2.05700257174812e-15,5.61251335498635e-07,-1.68994903155871e-08,-6.86760813855111e-16,-2.48138819984236e-09,6.0535051480189e-08,-8.11651157799633e-17,-6.51451877453568e-16,6.27432800525027e-06,3.59025770515302e-10,2.79360616984031e-06,-7.20747651615769e-16,-1.52527552572644e-08,-2.2583217396188e-07,-2.14660965065554e-07,6.76546813298111e-07,3.83303286481463e-08,-5.71314134203282e-10,2.28968833377476e-16,-5.11462467043825e-16,-5.50424009401246e-16,-6.19535934499299e-09,5.55474579382014e-09,1.99632700391777e-07,9.20367231862477e-10,-7.04138495232184e-16,3.18279597618722e-16,1.51977386147665e-16,4.88097638671287e-16,1.22094317505652e-15,-1.91195903574178e-09,2.23865056857107e-16,-1.40702150690805e-16,2.98104539745223e-07,6.39358636248768e-16,2.55851477545948e-08,2.53601921277618e-17,1.73251599051183e-08,-4.6233611287228e-17,-9.59248094896714e-09,-3.47406671324965e-08,-2.92505652512333e-09,3.86318416019968e-17,2.6173968154922e-07,6.36377923372192e-18,3.8287924235955e-08,-8.8580351814944e-09,4.96476171285262e-11,3.23405666285772e-17,3.04700227052668e-07,2.11222486169868e-16,-2.52988775486208e-08,-1.2995827384962e-08,-2.34383678087116e-16,2.85840461897175e-17,7.572615783203e-19,-4.07728670913356e-17,-2.17226854887448e-09,-1.12194532667933e-07,-2.56069328924363e-07,2.44101564772276e-16,2.00950730394352e-17,-1.73589925792219e-09,1.42236452036512e-08,9.47741334311618e-16,-2.06703558424098e-16,-3.1733236397818e-08,3.11645048417599e-17,-6.28025777703163e-07,1.57741367782181e-16,6.08981316296906e-08,8.91715712979371e-17,-8.36073416085672e-17,1.87665469278494e-16,-1.45560354603397e-16,7.68897129867921e-17,-4.36607047480034e-16,1.29174456427802e-09,-9.04448921554409e-09,-1.25058061954134e-17,-6.1876118837481e-09,2.63098092218863e-07,1.35204636548319e-16,4.39265279609803e-16,-3.52337604423548e-16,-4.03086994045655e-16,2.53671013363344e-07,2.078783721503e-06,1.62327914443558e-16,-9.77966535853415e-17,-5.05250587511514e-08,-1.63439087960416e-08,-2.4865989584734e-10,-1.06227134416556e-17,-1.07078474842885e-16,1.82484396391452e-16,-2.61996354778808e-17,-2.08160709254889e-16,-2.00454650331974e-16,1.26380001623498e-05,-3.72232970760706e-07,-3.34022755828335e-07,1.43427043628288e-17,1.5356098676184e-16,-3.88645586643084e-16,-2.03773839140631e-16,-1.2633383128677e-16,-2.40599351746679e-16,2.19933712373714e-17,-5.10796058617247e-17,-1.42477528119187e-17,-3.71379418060225e-17,1.87958871887939e-16,-3.10820996943176e-16,5.55467752256467e-17,1.13375151847341e-16,1.14995577982804e-09,-1.20527854679614e-16,-1.25891378741722e-16,4.50402538936573e-17,1.64441222128364e-08,-2.03825490139317e-08,-1.61524300472136e-17,-4.2597969107882e-10,1.52649417065663e-08,-1.29548829951461e-17,3.32698655233625e-16,-2.98573943890251e-08,-2.31127284208868e-16,3.87627559119962e-10,-2.31793794414826e-17,-1.87411454561319e-17,-1.90000859490938e-16,-3.71707661013082e-16,3.98562397033818e-08,-5.34596848122251e-08,4.54470098296419e-16,-1.53715426798997e-16,-1.01557454018328e-16,-1.48791052155647e-16,1.15115165663648e-16,1.32138686831173e-16,4.01590666066391e-18,7.78341210525302e-20,6.91222769640974e-10,4.57140496934856e-17,-5.41656755692137e-17,1.60436070628344e-17,-2.76677130256724e-16,-7.12027806738228e-16,-8.43349787522792e-17,-1.52285868542661e-07,8.73326507507009e-17,7.12973029368817e-17,1.03261880963651e-08,4.17085377914818e-17,-6.05681583932172e-16,-1.24900223307591e-17,-1.87398467616841e-16,8.84002834429397e-09,-1.69803205018802e-17,-6.7011978406561e-07,2.48113381293122e-17,3.27979193608517e-17,-1.79510370310378e-17,1.69393036923704e-16,2.73063831567149e-17,-9.60063500230671e-17,1.07098653828897e-08,2.99063033028814e-16,2.87052953521132e-16,1.36116656041381e-09,-1.34593035956686e-06,-3.22584745319913e-17,2.32957375182584e-07,5.30482381742803e-06,2.47469699406397e-19,-9.29152478052776e-17,-3.32919480349626e-16,-3.97845325404354e-17,-3.12779516247124e-16,-9.10609302377725e-06,-1.77426447441514e-16,4.80802746519101e-16,-1.98313119740324e-17,3.71198104979528e-07,1.29030000440423e-16,-2.93419611865969e-16,-2.32671304770808e-16,-1.24105480142148e-16,-5.02803250540441e-06,3.60387449293351e-16,2.97230093228913e-10,2.59671151881386e-17,1.36350628896861e-16,1.23131022500728e-16,4.2368393930019e-17,-7.83519397887941e-17,-3.17798984483183e-16,-2.16842582442908e-17,-5.21554569218217e-09,-8.02628295215645e-16,1.33788586323007e-18,2.19859178032532e-09,1.82958702129087e-16,-9.12026888419278e-17,-5.72495987717696e-16,2.06703010396628e-17,-5.43461573762807e-18,-1.36274655052628e-16,-1.60703340425876e-08,-1.33103542948421e-17,-1.46858883885487e-16,4.80247666843332e-09,-1.90945136192516e-16,-8.95444063423356e-16,-1.45417834448603e-17,8.77045626114028e-17,3.01218316110934e-17,-2.26281419802205e-16,-8.79464857853317e-17,-7.901977351616e-17,3.67083668210813e-16,-2.85190502995719e-17,1.48476286132939e-16,-2.55180348325444e-09,8.47440039897409e-09,-1.2273590215688e-17,9.1217028982716e-16,-1.78508582864168e-16,1.49894050792376e-15,2.23413410167794e-16,-1.86100445220607e-16,2.95864069029814e-16,1.32569465366402e-16,-8.13852361416187e-09,6.80378758873434e-17,2.52542559357432e-17,-7.81544828183453e-17,7.36262300059778e-17,9.53336238825678e-10,-1.60917548620431e-16,-1.52201481633316e-10,-3.77130422198917e-17,1.00917410812712e-17,-6.78993890161378e-16,4.59932253436961e-17,9.03959784027856e-17,3.46897821873186e-16,1.79662591962247e-17,7.16715172933269e-17,-4.69409269803077e-17,1.87998243666894e-17,-1.44406281480675e-16,-1.20284896199103e-17,5.02715448499821e-16,-9.53819495199391e-17,-1.26137592819672e-17,-3.27917772570765e-16,-6.6981215476453e-17,-3.08057363232681e-16,8.27218523138426e-18,2.57674945734079e-16,-5.23466361403158e-16,-6.10811741344202e-17,5.27504439758842e-16,-3.95821718810712e-17,-2.03067463291711e-17,1.25347658802599e-07,4.68080598045399e-18,-2.20905462247509e-17,1.816871734974e-17,2.50722555928305e-17,1.34479099666765e-15,1.46859259580799e-17,2.12478003231409e-16,9.97044443143238e-18,-4.85962249225102e-18,2.56318064301049e-17,2.91528411654196e-16,6.33269518502408e-16,1.48917086663563e-17,-1.09081193288445e-16,1.75140151504162e-16,-5.004758062197e-16,-4.34636397386162e-17,-9.82561200054498e-08,1.35868960935898e-17,1.85715056412226e-17,2.24635550545902e-16,1.64192936124279e-16,4.92847317048407e-17,-1.8509295640871e-16,-8.24444150146357e-17,-6.18216736676599e-16,6.43318011853969e-17,2.28311930375235e-09,5.17761841411327e-16,-6.18505693276709e-17,-1.51041820757132e-16,-7.42210198792172e-17,1.99768356470975e-16,-5.24615495850921e-17,1.15981514127157e-16,2.53063179067821e-16,-2.72156217184669e-17,-2.79384032228212e-16,-2.24972724724528e-16,-2.01695679509412e-16,4.12504466796152e-17,1.82052511321389e-07,-1.57436143717311e-16,2.5573693817322e-16,-1.83513367065302e-16,-3.21167788544519e-16,-3.21499466745631e-09,-8.7721585774522e-17,2.40791622781514e-17,2.27738744351236e-18,-1.14297316254937e-15,-5.84737183317903e-17,1.47599795979264e-16,-5.4908306915771e-16,-2.14217769026997e-16,1.12181469035469e-16,2.23430179688716e-16,-5.2512137493711e-16,2.67623649988849e-16,-1.00267349340821e-15,-5.1694087638394e-16,1.01499682438882e-15,-0.707106781186547,-3.50342880635492e-16
"t585",0.0358098490536141,-0.0106352346600787,-0.0116380793667049,0.000690151174661315,0.00643313245035379,-0.0177737319809521,-0.00251406530630877,-5.46804935608861e-06,-0.0534867031689544,-0.0416428798897921,-0.0413046419918301,0.000449445142031281,-0.000932010098308702,-0.000200152162186577,-0.00551119557780497,0.000122700603980528,7.64192080851266e-05,-8.78091488317823e-06,-0.00373693447157559,-0.000665436393702377,1.17970199828142e-06,-6.10001666146244e-05,0.11570712628566,0.00491431659356435,-0.000476472059928964,0.00561136523664947,-0.060245873910596,-0.000483556103225314,-3.9688832535231e-05,0.00257414168786559,0.0155254240072009,-0.00781190789363363,-2.90863164384143e-06,0.00195940405329669,-0.000977739799221551,0.00077792855241997,5.29928276525065e-05,-0.000369618376377047,-0.151505609710919,0.0339508630617164,0.00140724913750097,-0.152359671013809,-0.000174599437050934,0.0102600062345111,-0.000122875367294151,2.50608456449079e-06,-1.08086098245671e-07,-4.76290091713653e-07,0.000646193429832536,-0.00186974675579571,2.78947579684283e-06,-4.48579973565722e-06,6.07824244936874e-06,-2.19461795352056e-06,0.000232908158417042,-0.00018259981786475,0.000110555435105989,-0.000144321557591356,0.00126818894897904,-2.62639750757247e-06,-3.28651379223512e-06,0.000216313397558271,-0.000171462016687974,0.000141574970764667,-0.140085061042666,-2.13380700524199e-05,2.12336691836035e-05,-2.83267303698789e-05,4.04344561488923e-06,-8.51098691303025e-07,-3.672388650461e-07,1.39103013592774e-06,-5.01925095041501e-06,-3.59942310818044e-06,1.53482292547617e-06,1.37627596567716e-06,-1.44095176510633e-05,2.49281450353265e-06,-0.00642462713438792,7.04483531248198e-05,8.95314772227094e-07,0.000102819466232831,-0.0032076488668266,8.21837312481318e-06,2.72215338490236e-05,8.26032406780797e-06,-1.38321306891741e-06,-2.4003361962089e-05,-4.50206106003346e-08,1.82372280134457e-06,-1.88418203378475e-05,1.16949560903523e-08,8.10576995193009e-06,-7.19037465364075e-06,-1.41464829708124e-06,-1.64358390796265e-06,-1.93088759514013e-07,1.00674731213091e-06,-1.11966904074123e-05,-0.000224204713260636,-4.6192763431387e-06,3.05983458306694e-08,-6.41780675731244e-06,5.47168750122942e-06,-0.000108866466432572,1.63678531426054e-07,-4.43681727310905e-05,5.81281098213138e-08,-0.000104747590122182,1.56516537532219e-08,5.29881924742074e-07,9.99132764633691e-07,-3.06443488086551e-07,2.35352274979422e-07,-2.27226733165387e-07,2.45372902205751e-07,-0.000198403605624047,-0.000145356099491543,-6.96953141956839e-07,-1.06136516485944e-07,1.67566267248912e-07,-1.08461018980753e-06,2.28405316179181e-05,2.29293208812484e-05,-1.17680243719896e-07,3.29793828575045e-06,-3.49671890782235e-07,1.02184836294717e-05,-1.51700653985912e-05,-0.000530284040478775,-4.05208848780727e-06,1.98052162807357e-05,-1.705704844521e-06,-0.00021330066446539,5.09756040456253e-08,-3.44082998080534e-05,0.000136076279885981,6.8520203629123e-06,-0.00130537849132652,0.000383506183449791,0.0100985704219875,-2.67460963542575e-05,-4.69165876465236e-05,-5.22392981660714e-06,-3.02750085650391e-08,0.000102526643954679,1.51940949207053e-05,-0.455005213920495,0.00519489827558092,-1.14348055733022e-05,-1.34013789827541e-05,-0.000559249105911019,-6.9767503800714e-06,0.00153011268872295,-2.55793727663593e-06,-4.51130685343644e-05,0.000266545493890107,-1.54091161706636e-05,-8.30312344529218e-05,-1.14231565264397e-05,-1.04579849655508e-05,1.50962975503988e-06,-0.001740381761107,-1.26311666116385e-05,8.65817846244293e-06,-5.68015456681605e-06,0.00140998293211147,1.89722457912615e-05,0.00119565052174947,4.64659944055377e-06,-9.79974101799624e-06,-1.7473500344922e-06,2.32012806740617e-07,0.00229052096164728,1.46253629860735e-06,3.01872670948998e-06,1.331086785094e-07,-5.71058440835182e-06,-0.0002898963986047,-3.39149491576228e-05,0.000144558046809659,4.8384590022262e-05,-1.13210107342743e-05,-5.16954404436543e-08,-1.84413469332084e-06,-2.10214193063844e-06,-0.0323379295419293,-0.00133490936765537,-0.0061466103189842,-7.94162134356532e-07,0.00251633566896719,-2.16032345864015e-05,-6.12989926509315e-06,-6.45344274023652e-10,-4.82332113182597e-08,2.88450375495373e-06,1.14154028024867e-06,-2.05838944104591e-09,1.18592031632906e-06,1.14866109475218e-06,4.90521442773121e-06,4.77248700336231e-06,-1.8721854156077e-05,-2.84240912841418e-07,-3.24533935400771e-05,-1.51786450179333e-06,2.14559165676137e-05,1.15751368822748e-06,-6.49388556143299e-05,-1.42840443442216e-08,-0.000281893312332819,-1.78077228831444e-06,-3.94151103078976e-06,-0.000109618932299769,1.75216118838182e-08,-2.99731679234824e-07,9.07212664155673e-08,5.85779622145865e-08,-0.0043933780250386,-5.47638083267796e-06,-2.60780225702938e-06,3.32730845551988e-06,7.41968947593939e-07,3.19514185578782e-06,-1.01523556317438e-05,-5.91305626890921e-07,-5.63270562406935e-05,-4.21771995921156e-07,-0.00433798084913094,-6.70876949047083e-06,5.47293630999998e-07,1.3362769909528e-07,4.42122876866041e-06,1.65914940161047e-06,-1.8301920145293e-06,-1.94551640313303e-08,-8.77842001915616e-06,1.1158242368526e-16,-8.48553255068757e-08,1.21704908973626e-06,-2.5377577652318e-07,-6.63107789816595e-07,-9.04152687008965e-06,1.25134133825395e-07,-1.81715932483207e-06,8.12474436248344e-07,-3.08038130269314e-05,1.02080901257795e-07,-2.08155801456969e-07,8.56246295172349e-05,-5.63978655015713e-08,6.23326720594705e-06,-9.40344492353172e-05,2.67421289089953e-08,-1.9417177847349e-09,1.04442503991097e-07,-1.70258886655204e-07,2.88471764355851e-06,0.0623289880981082,0.000316378310943979,-9.36922805358958e-07,2.16786316210765e-05,-1.08314298424253e-05,4.23912639943544e-07,-3.4762821161137e-06,4.04612252665885e-05,1.58785283122977e-09,1.43233951451834e-05,7.22813723239635e-08,8.07192449018777e-07,2.31808561459684e-09,-1.51312893138507e-06,8.09823403235767e-08,-1.60234409359468e-07,2.59596658296253e-07,-5.10503532883004e-07,4.10591560225767e-07,-3.07257039935267e-08,6.13958657873169e-06,-2.69373785348275e-08,4.45757286571305e-06,-3.65537639074016e-16,-1.11939357743277e-05,-2.11232715014192e-05,-1.19797240954436e-11,-1.06506166388975e-07,1.58411230375837e-07,-9.86304096912085e-08,-2.80634086309116e-08,3.32687791983562e-09,-1.48624815381362e-07,5.61981925570222e-06,2.08483469863842e-06,-1.63552276075558e-08,8.74349554972157e-06,-2.93644231973709e-05,7.95267201959205e-07,-0.00025971480040508,1.95144582090475e-07,3.41193627169324e-07,5.26674475544894e-09,1.42627087486589e-05,-1.82539793808652e-06,8.05491420560476e-09,-2.51339724795319e-06,2.92952779026422e-07,-1.06222561952121e-06,7.65275585040857e-07,6.8031682318306e-06,3.44254087777849e-07,-1.09182469990727e-07,-7.08812088892904e-07,7.1662952638332e-08,-3.31324061889112e-07,9.25001633812221e-07,3.74594587139218e-06,-0.000287044393199225,-5.3829679875269e-17,4.64740253079987e-08,2.52126468694858e-07,-2.47229841629872e-08,1.32071214666054e-05,1.41814578131365e-08,3.48459074005094e-06,0.000136144681717473,-1.01848730145464e-06,4.4505675534235e-06,9.13117968901838e-17,-0.000385080395682688,-1.16048741826146e-09,-8.78447180673555e-07,3.76347389847215e-08,7.53054814628232e-07,-5.00814224198097e-07,-8.31003227675415e-06,2.21600348751516e-06,-2.19979302017167e-07,1.37867005699613e-05,-4.40292879496735e-08,-4.19310076807541e-06,-5.57837244896357e-09,-8.10374697196841e-10,-1.15543084652197e-05,6.30123084330607e-08,-2.12498181365072e-05,-9.82355738102789e-16,-3.28127284068756e-07,2.57855986377246e-08,7.43137826034498e-10,6.64469604437674e-09,-1.01226484136175e-05,-8.20598797224799e-05,2.07499432375587e-07,-7.6851660330777e-07,-4.53621114685048e-07,-5.67968494521252e-16,-8.78607737740968e-06,-3.25503697016887e-08,-0.00148187373380954,4.25454397021605e-16,1.24075183670733e-06,1.70246208498513e-07,-2.68669647111631e-08,-1.92273417434405e-05,-3.83356293924107e-06,-3.59670006322764e-06,-6.83733849035545e-07,3.70002197389878e-06,1.56132973029626e-07,8.72446047175722e-09,2.0398958633233e-06,6.18438474640756e-08,-4.82457564681416e-17,-2.4701220107509e-08,9.1409668495651e-07,3.94055692244098e-07,-2.47229237322491e-06,4.15043923594615e-17,-5.00781981769271e-08,9.09013464321781e-09,-1.02399764111304e-06,-1.45790819298902e-08,-5.26238628362591e-06,5.0864595572896e-08,-6.64690199911876e-07,3.4422202321095e-06,-1.63478345844323e-17,1.19921189924184e-05,-5.66652424705333e-08,1.63401323213207e-07,1.73893672836142e-05,-2.28401638536341e-08,-5.28802357849983e-07,-1.22514845490862e-16,-2.97960315792881e-17,-4.64476001978115e-07,-2.96070180321537e-08,3.89775289040135e-09,-4.24957820623877e-06,1.04548002173817e-15,-2.38226264997603e-05,-3.98961005277165e-07,4.67393779900555e-16,5.49696726653689e-17,-1.96172475688137e-16,4.53200414111423e-06,1.22635654848057e-07,-1.31115178380524e-07,3.89879814173253e-06,5.52171191573879e-07,9.98581583453161e-08,-4.32079087805757e-08,-8.94419126464899e-18,-8.99821518342515e-09,2.48035654477949e-08,2.31066653363604e-16,-3.18935689757147e-16,-1.43874162705815e-08,-8.13975608860574e-10,-8.10458504113656e-09,2.0059158578121e-06,7.51262103844099e-09,-2.99113125550573e-07,1.23385354648888e-16,-1.04342040452784e-07,3.6184137498723e-16,-5.61785167508002e-06,-2.01844563198911e-16,-7.84589522426201e-09,2.41187733677491e-16,3.13950045164793e-08,8.22101795866266e-09,5.74527057971536e-07,4.55992213313272e-07,1.99858666438876e-08,-2.218553897159e-09,1.36352906675397e-08,4.72878292841298e-09,2.26444173354433e-06,7.35249816334303e-08,4.08089118259365e-09,-1.06998808959264e-08,-1.82786796577117e-06,-2.4420044326703e-06,-4.38886238151005e-09,-2.2670911869526e-17,3.731702826428e-08,-5.79022373810205e-09,2.01250158720647e-09,1.80859215185903e-16,3.19212650746685e-08,6.66792680055831e-08,1.79611060748738e-08,4.62156746738702e-16,-3.92603111139572e-09,-1.24203904849848e-07,-1.80677234259429e-16,-9.39835733549609e-10,-6.47656615346307e-09,-9.52839332942206e-17,1.34926749919443e-17,3.69762143979229e-10,2.15711650397539e-07,1.41213294034289e-09,2.26281419115705e-06,-8.30054999645059e-08,-2.23806973589026e-09,-4.0712508050228e-06,-2.70803321689285e-08,8.2086331994055e-07,-5.57618729836451e-16,-1.62001160399732e-10,-1.19565291092497e-08,-3.42981477812984e-08,-5.68615543598777e-06,-2.45744678105249e-16,-3.10684831865581e-16,-5.04249690212245e-07,-1.82303317369686e-16,7.72871885638239e-17,-7.2349361357312e-08,1.12042968779804e-07,2.09991509403901e-08,2.2317616559665e-07,-6.07631367384264e-07,-1.59214732815935e-07,-2.07519654402179e-07,4.0036467119117e-16,-0.000191669015971179,-6.32622310124292e-08,-5.09809548300112e-06,3.02949321769092e-08,-1.34613697294059e-07,-4.6538271574543e-16,-9.21648798571196e-17,1.29878306219584e-15,1.45789642195288e-06,7.11894452261531e-09,4.63895936200098e-07,1.1237511165362e-15,5.85780166291897e-09,2.36743065645645e-15,-3.95660441204329e-16,-1.27896646670056e-06,3.21394752591396e-07,8.08462454968129e-16,2.8490631409724e-06,4.0070810631784e-08,-1.49040159746808e-15,-9.88824237868983e-08,2.48374916279595e-16,-6.95498366764357e-06,8.98273747142339e-16,-7.0112112946289e-06,-3.43075999039255e-07,-1.25609046582729e-08,-2.1329436045136e-05,-0.000150355652973177,4.61336021729438e-08,-1.65099367150685e-06,-7.84885172477711e-18,-1.19627267341157e-06,6.90841591990264e-08,5.09544546601917e-17,9.38689745746101e-09,2.02623996870658e-07,-4.96611926853101e-08,-6.00174343216143e-16,-1.93684953562805e-07,-2.67056289974469e-07,-1.60347940291797e-15,7.84530250999685e-06,6.12974223881562e-06,9.36646641151722e-09,3.44131590019421e-15,7.69890449529779e-15,-2.28168304774273e-07,-0.000145735360641406,-1.2136842473169e-06,3.67963098468505e-07,-0.0304566735706558,5.0378667066733e-16,4.62599296504678e-15,-0.000254162873899313,-4.85014256494968e-07,-6.40698102298347e-14,-0.832484007008985,-4.90615112138691e-15,2.06951120821206e-06,-1.49487158341747e-05,-1.92313027294097e-05,-0.000110874420788337,1.5562923215748e-15,-3.88476292860976e-15,-3.22380237912094e-15,-4.54580312393357e-16,-4.02994775530369e-08,-1.34209428336705e-07,4.43276854926007e-15,-1.1761934648759e-15,-5.22708355044386e-15,1.65388166404669e-07,1.41142673502517e-09,-6.85033950392872e-08,4.13444046473366e-16,3.10467051915266e-15,-4.43423103140342e-15,-2.12847392711866e-06,6.45459200412221e-08,1.52112902143481e-15,1.02942359704896e-08,-2.59971402709911e-07,-4.20788883130438e-17,1.25438542244822e-15,-2.9327517394085e-05,-1.6899466263956e-09,-1.38559579225875e-05,2.08114897639656e-15,8.29299051712192e-08,1.29502352253244e-06,1.33054077029714e-06,-4.69972144273803e-06,-2.75013413574127e-07,4.36465782824154e-09,-3.93818142227059e-17,1.44843488472583e-15,2.05134594384252e-15,7.30364689215562e-08,-6.6012077020336e-08,-2.54171701437989e-06,-1.80267760385153e-08,1.4267632015223e-15,-6.22471278689923e-16,-4.2469404207606e-16,-7.48212081431438e-16,-1.71360962894676e-15,8.07603048166664e-08,-5.4410509295781e-16,2.40440093066132e-16,-2.23883580646335e-05,-1.19620609851006e-15,-2.0038451115141e-06,5.4520681552495e-18,-1.46227485126237e-06,1.01111821215916e-16,-1.70569738652926e-06,-3.58153407260645e-06,-1.84309177589761e-07,-8.43403266608667e-17,1.12002768219148e-05,1.47683293410419e-17,9.70879892567048e-07,-1.48526981125857e-07,8.20627718029465e-10,-1.27395703038294e-16,4.45227811743633e-06,-2.23412543568939e-16,-3.13319744165451e-07,-1.59770495561782e-07,3.81642729417794e-17,-9.08517485233677e-17,7.83441545851368e-17,5.53848875351388e-17,-2.38037886657766e-08,-1.19552681679409e-06,-2.64441569721458e-06,-4.79009934405892e-16,-1.40314901584987e-17,-1.56552973107392e-08,1.27569397017106e-07,-4.84818979338104e-16,5.46997875665519e-16,-2.47111924662629e-07,-1.20099076206468e-16,-4.7596006383803e-06,-3.65467231694502e-16,4.28772632691839e-07,-1.82875146607172e-17,-6.31104457255015e-16,-3.36813654176223e-16,6.57377284116211e-17,-2.84967239764881e-16,1.10556517015924e-15,7.98259872630318e-09,-5.58050216921513e-08,-5.75784786674223e-17,-3.66625512293264e-08,1.53371336592849e-06,-2.28956565659506e-16,-3.42253410480919e-16,1.05316567861068e-15,4.3272063938466e-16,1.38402123030285e-06,1.11774880601895e-05,-4.29097236938589e-16,2.00310720368558e-16,-2.6738337315704e-07,-8.63169289938562e-08,-1.30427396304657e-09,-2.40317018666612e-16,1.82028667484986e-16,-3.79083342943961e-16,-2.52977905009013e-16,4.57799214238566e-16,4.26123879133057e-16,5.98212317508685e-05,-1.74641930087225e-06,-1.55361332365313e-06,-6.12863694694298e-17,-2.52732468101545e-16,3.03939118661649e-16,4.51365310203211e-16,1.4555678127039e-16,2.39706117468607e-16,-1.01291799216466e-17,9.34052043681369e-17,1.57482496920823e-17,4.79878792821154e-17,-1.79098619093793e-16,2.84031469696496e-16,-1.321581971057e-16,-1.30675874490619e-16,4.69183555436407e-09,3.09434381978592e-16,9.68587451342562e-17,-6.11260043139642e-17,6.60591300233403e-08,-8.15923101533208e-08,2.80629852973036e-17,-1.70150769177661e-09,5.98628819869123e-08,5.37076852471393e-17,1.07939406802051e-15,-1.14524056969456e-07,1.51886124070313e-16,1.44858210413261e-09,8.99335164545931e-17,5.89520870006979e-17,2.1224988427061e-16,-7.41233793650716e-17,1.43265789680179e-07,-1.91675503278774e-07,-3.10512544258541e-16,7.94541367821884e-17,2.09985535108156e-16,1.1800570681667e-16,-3.80826013085533e-18,-2.08539404690693e-16,-3.67962763173171e-17,9.26801647850391e-17,2.20213402903203e-09,4.66179131197921e-17,9.97874483285201e-17,-3.62940068866561e-17,4.01484474357418e-16,1.51206571332819e-16,1.64488863183031e-16,-4.74368099492845e-07,-1.16258430090154e-16,-2.05770949368512e-16,3.20361028528439e-08,7.14791561898063e-17,-1.58603364064388e-16,1.015373586006e-16,-1.30925916053133e-16,2.62098080814917e-08,-1.30934041931626e-17,-1.97153966850775e-06,-6.40924262372203e-17,-1.06536460120124e-16,1.21592966916736e-16,-5.65124765238104e-17,6.34479686095989e-17,-2.05583926302321e-16,3.1026761651448e-08,-3.7029144122496e-16,-3.32567804252742e-16,3.89809612419296e-09,-3.85224572323738e-06,2.48689454642766e-17,6.60304002948876e-07,1.49909662424524e-05,1.81412692034572e-17,1.91095296170477e-16,-3.22750250507662e-16,4.5354665154087e-17,1.53887328433654e-16,-2.46594332678164e-05,1.72202031140029e-16,-4.1468679323162e-16,2.29769941887042e-17,9.94795426197686e-07,1.61657608407758e-16,3.65384038737667e-16,-2.79761736040814e-16,-2.16931203259858e-16,-1.3294950092783e-05,-1.67322524062741e-16,7.82729163500145e-10,-2.60838652261653e-17,9.05794868452131e-18,-8.02856878217395e-17,-1.18332357137263e-16,3.94276665416966e-17,4.88312350708368e-16,-2.01929310905054e-17,-1.34487150020565e-08,-1.14806846508969e-16,2.15419136458918e-16,5.6405266230097e-09,-1.31184274602407e-16,2.62421242838909e-18,1.90105556138866e-16,5.20882765899382e-17,-3.4602782692742e-17,2.79726015351427e-16,-4.05899055237156e-08,1.66297377515336e-16,-2.43665385749142e-16,1.20473470741519e-08,-3.66557297882964e-17,3.80676729979278e-17,-7.98686169834597e-17,-1.98175489408692e-17,-1.3085316152682e-16,-1.98217204501448e-16,1.34089125615007e-16,3.38605705932691e-17,-3.68236452481817e-16,1.38439109841105e-16,-1.25429656916852e-16,-6.24712130445109e-09,2.06873968520836e-08,-9.92391970103078e-17,-2.07029395490038e-16,1.99638950231161e-16,-3.02240036823105e-16,1.45242433531589e-16,3.98334104908431e-17,-5.9924659849714e-16,4.67248744885712e-17,-1.95800145584242e-08,-2.78146364199394e-16,-2.71118408979144e-18,7.92449667710259e-17,-2.66895505935017e-17,2.26615996075639e-09,2.86561991309179e-16,-3.57056637532493e-10,-3.13511079620727e-18,-8.87067322595828e-17,-1.15851434153362e-16,-9.04372500116785e-18,-1.57976108654412e-16,-1.8512146336057e-16,-3.06525185617913e-17,-1.6693508227185e-16,-1.80073083934698e-17,-1.04386794383909e-16,1.67618980753359e-16,5.26253958372314e-17,-1.15493459840391e-16,5.50732875986187e-17,-4.61267993959803e-17,-3.29691883391175e-17,8.04588518567068e-17,1.8999608852399e-16,-2.70274174172687e-17,-3.98565541321127e-16,4.58183838092374e-16,1.80099109715921e-16,-1.85792295581817e-16,3.80974642275464e-16,-2.39725070403961e-17,2.81012543377619e-07,1.9482409724538e-16,-3.09425028254255e-16,-5.35494949583634e-17,1.24421101648041e-16,-4.66294709994596e-16,-1.67914232091834e-17,-2.07799993079779e-17,2.62718053710086e-16,-4.47300426852766e-17,4.39421907570601e-17,-4.34534678205034e-16,4.01226847662693e-17,-4.09745614088492e-18,3.95585789262678e-16,-5.62077567756032e-17,-2.24473655869889e-16,1.94620939731012e-17,-2.14177088881654e-07,-7.79627941504869e-17,-3.78382623849045e-17,-7.45652369641783e-17,-1.22469348435656e-16,1.77473461135534e-16,-5.75595062529497e-17,1.43032239680171e-16,1.70043091647578e-16,-1.41738086449602e-16,4.84397312312794e-09,2.68579469849534e-16,-1.02334129893747e-17,9.49247007411269e-17,9.7047679431976e-17,-1.60668293611222e-16,2.65658892729812e-16,1.49271778414168e-16,-2.79461861692714e-16,1.54266763759473e-16,-6.57458327779697e-17,1.37770813183734e-16,-1.24268341455512e-16,-2.96820469501182e-17,3.76574265374765e-07,1.86842890421971e-16,6.04960402769631e-17,9.14414302971378e-17,-3.63492330852921e-16,-6.57572681959657e-09,-1.5756352055226e-16,-1.03032753478498e-16,1.7100119362814e-16,1.49621166409994e-16,-1.44083255370742e-16,-7.46414232767385e-17,3.34857514040278e-16,5.42743210169679e-17,-1.65095857372831e-16,-1.04011238585763e-16,-2.85256652057551e-17,1.5005663757005e-16,-6.82172489052128e-17,-8.51052351890806e-17,1.44183801977062e-16,4.07236015904985e-16,-1.15727767013033e-16
"t730",0.0356446808316344,-0.0105299738411418,-0.0115190343699102,0.000680573528560334,0.006322630209701,-0.0174118238884119,-0.00246179672365186,-5.34462078452438e-06,-0.0520404900685017,-0.0402502422308245,-0.0394971424254706,0.000424357406531089,-0.000878171307021469,-0.000188380819369335,-0.00517003490198708,0.000114558155140378,7.11995377490994e-05,-8.16777532319129e-06,-0.00346852426799696,-0.00061242916012887,1.07584603148754e-06,-5.41118751261449e-05,0.101622703386197,0.00431136462803135,-0.000417691387036868,0.00487222654406221,-0.0521763136053936,-0.000417954609226122,-3.40953942038371e-05,0.00210848495240776,0.012415010870499,-0.00612859218090564,-2.20329139602831e-06,0.00144389514675783,-0.000696095276611108,0.000518386211019197,3.48653124804743e-05,-0.000239115331079748,-0.0972725718504651,0.0214245224206798,0.000856364011648756,-0.0895743191871697,-0.000100282932159268,0.00588118379598337,-6.83743323122999e-05,1.2222134451422e-06,-5.01752214507356e-08,-2.15625942819889e-07,0.000270678854044632,-0.000709196404013406,8.95701518513999e-07,-1.30796296209638e-06,1.74517398537539e-06,-5.43450745935895e-07,3.76114793807174e-05,-2.69007074434385e-05,-1.94189938637429e-05,4.24135694122471e-05,-0.000392019910138929,1.82060351770551e-06,3.65501435737018e-06,-0.000299353604948398,0.000282648107880857,-0.000243893522963211,0.336447090270545,7.04377383076378e-05,-0.000170979064931815,0.000434280927199274,-9.82092159378269e-05,0.000401095486880872,-2.62516275410671e-06,6.82447004080402e-06,-2.37319303953587e-05,-1.59368017408592e-05,6.74571081547505e-06,5.90487217607213e-06,-6.12661366462489e-05,1.01778443076957e-05,-0.0244151379117871,0.000261716815580995,3.22134998117641e-06,0.00036775491306196,-0.0110876185437316,2.81973365700087e-05,9.16314152973157e-05,2.77519483190215e-05,-4.64431024144036e-06,-8.05963449251025e-05,-1.51168051593531e-07,6.12386236360264e-06,-6.32858102191584e-05,3.97450751226562e-08,2.75999509119792e-05,-2.48924485614216e-05,-5.12130567365432e-06,-6.00195340031596e-06,-7.05406629890881e-07,3.76967732678968e-06,-4.23520193257407e-05,-0.000885825495470395,-1.90422550121645e-05,1.26657297939448e-07,-2.66908662488636e-05,3.13176801719621e-05,-0.000646186797066964,1.00129122488664e-06,-0.000287664341735377,3.83475200768992e-07,-0.000713549031554195,1.12322084049469e-07,3.87162067256366e-06,8.22096476097936e-06,-2.56144685111374e-06,3.18678752705207e-06,-3.60574373859631e-06,6.48807805775302e-06,-0.0076840573219414,0.0152113654821911,1.47456474229366e-05,1.35358803696371e-06,-1.72340232033278e-06,6.40640402705079e-06,-0.000102594275664393,-0.000102003406180575,5.05092722868638e-07,-1.11575078743406e-05,1.16121827606558e-06,-2.82369549667983e-05,2.62732516525979e-05,0.00091392509639155,6.74010584319989e-06,-2.47615419668203e-05,2.01851041564009e-06,0.00024258958523675,-4.92823273746566e-08,3.25228148983499e-05,-9.06265671821826e-05,-3.38126866914186e-06,0.000404549904650047,-0.000117128443342006,-0.00281620998205159,7.10880633488991e-06,1.1510852392558e-05,1.24187722104459e-06,7.1941660802421e-09,-1.90644341082951e-05,-1.46413809848886e-06,0.0092596785922406,-1.7671174200047e-05,-3.59961108508115e-07,-4.57202215083246e-07,-2.59971403549304e-05,-3.73684633047665e-07,9.40013461210564e-05,-3.21356519458116e-07,-6.07564414935467e-06,3.75558321529164e-05,-3.8178510544022e-06,-2.20548385538723e-05,-3.06287212253296e-06,-2.93792768293959e-06,4.277365001299e-07,-0.000516695366342054,-3.76859785157439e-06,2.67418388694586e-06,-1.80010568220388e-06,0.000464786576297072,6.25741080658445e-06,0.000394400148079927,1.53511195847052e-06,-3.24018632150941e-06,-5.77759961167656e-07,7.65736159653861e-08,0.000754884420851813,4.79853392835376e-07,9.8905695752717e-07,4.35787435652533e-08,-1.83341255583229e-06,-9.01604176236872e-05,-1.04768740639752e-05,4.43533263977845e-05,1.45176115623461e-05,-3.36464059671864e-06,-1.5213568837518e-08,-5.37436403555358e-07,-5.90670599392366e-07,-0.00899613692482421,-0.000334462868108677,-0.00153373225831073,-1.89590743896358e-07,0.000515535100535093,-3.71036530170616e-06,-9.75622139904235e-07,-8.98506838190418e-11,-5.95164756876645e-09,2.04640355633952e-07,6.67064904343519e-08,-6.27640645932862e-11,1.86388168953152e-08,-1.36266585530909e-07,-6.17934249717067e-07,-9.40125334697947e-07,5.17730503058398e-06,1.47529990665459e-07,1.6887382135469e-05,8.30878219486532e-07,-1.36499688934081e-05,-8.14687724994597e-07,5.92425669704711e-05,1.78297678103447e-08,0.000454221595660982,3.1107929913995e-06,1.01350843018331e-05,0.000358360201507505,-5.76652305211036e-08,1.21509552327659e-06,-7.30733477622348e-07,-5.64966343129397e-07,0.580738943932936,-0.000113275191365433,-3.94903577403739e-05,2.53007514121236e-05,5.09750058108312e-06,1.99257311409919e-05,-5.02430854646947e-05,-2.81670690936924e-06,-0.000265907671314836,-1.67762662077086e-06,-0.0158638525914293,-2.26270617188381e-05,1.78563821912784e-06,4.22081063642786e-07,1.35693965372925e-05,5.05221279160421e-06,-5.20656778164867e-06,-5.32476009118023e-08,-2.31008619891899e-05,-4.85500997791805e-17,-2.11893174377384e-07,3.00880284480326e-06,-5.87303519330079e-07,-1.46263508326632e-06,-1.91896416498818e-05,2.64974778715408e-07,-3.58426828968498e-06,1.58333357284173e-06,-5.96950213953482e-05,1.92538909025545e-07,-3.85335247075113e-07,0.00015301040806778,-9.91593048911442e-08,1.08848756855424e-05,-0.000157951923472422,3.63602588043513e-08,-2.36144334282999e-09,1.12302976996142e-07,-1.11664112414651e-07,1.78011118701961e-06,0.00793828796367882,-8.93771930572726e-05,1.14112023860339e-06,-3.63764453869001e-05,2.50159161518943e-05,-1.53182538108038e-06,2.74981589836214e-05,-0.000357573750221472,2.04352580777186e-08,0.000177746207154341,8.62880354740111e-07,7.05937150312678e-06,1.86202842097682e-08,-9.87849763790497e-06,5.12611596055761e-07,-6.15451632867586e-07,9.6992978968828e-07,-1.86946690899795e-06,1.44320854241278e-06,-1.0496453296533e-07,1.98794400481248e-05,-8.60659854744104e-08,1.41011976137106e-05,-2.20426690595399e-18,-3.43421297553487e-05,-6.45669728938075e-05,-3.62020386349654e-11,-3.14135116335424e-07,4.58830060095086e-07,-2.8344234662017e-07,-8.03483659425377e-08,9.15207029666125e-09,-4.07984617060317e-07,1.54179635570797e-05,5.6676072464551e-06,-4.35069165222223e-08,2.31844873176462e-05,-7.76972237395253e-05,2.09045421431155e-06,-0.000669614835616559,5.00208625936959e-07,8.74306131773611e-07,1.34947819545456e-08,3.61956771722534e-05,-4.61275864317672e-06,2.03529940571307e-08,-6.35115472178928e-06,7.40522342603093e-07,-2.68552344450292e-06,1.93950809348797e-06,1.72463775480189e-05,8.73141779985183e-07,-2.77023842880499e-07,-1.80080504449663e-06,1.82369334003909e-07,-8.44619808112461e-07,2.35995637366878e-06,9.57099862408431e-06,-0.000735944448788152,1.32275653578278e-16,1.2297170232188e-07,6.69954184610481e-07,-6.61368948603249e-08,3.53378947616051e-05,3.79531821216812e-08,9.34179405014828e-06,0.000366211925006299,-2.75093074667135e-06,1.21283422680877e-05,1.08994235700612e-16,-0.00107407924602443,-3.24722732890934e-09,-2.47552892258958e-06,1.06149698561708e-07,2.16524487047067e-06,-1.45689354648148e-06,-2.46125666816661e-05,6.65235944648912e-06,-6.82359588521674e-07,4.43077069449762e-05,-1.45217804409828e-07,-1.40521109670115e-05,-1.88910649893657e-08,-2.79902166599823e-09,-3.99991568968801e-05,2.21455570789453e-07,-7.56092066087358e-05,2.30589117288375e-16,-1.30868494735434e-06,1.05984690003134e-07,3.05541186790996e-09,3.03082342577646e-08,-4.70409940511659e-05,-0.000536503185626804,1.60483931904233e-06,-6.18786135571718e-06,-4.3871496763712e-06,3.57155344774312e-15,-0.00011515915197577,-4.99872900820848e-07,-0.0881756276712613,9.18918401841285e-15,-2.42457188037859e-05,-2.41672006547672e-06,3.31551727098825e-07,0.00018425817045766,2.58207834070068e-05,1.92754272316641e-05,3.10706857131783e-06,-1.07481265077712e-05,-4.31100325293706e-07,-1.79901740392912e-08,-2.4629821942216e-06,-7.25165326430824e-08,-5.01484624250092e-17,5.14042548430023e-09,-8.32482005531162e-08,5.26326955779262e-08,-1.00884333207838e-06,-3.88006705684442e-17,-4.14875740299922e-08,1.04037781588389e-08,-1.28528405386405e-06,-1.89816143880722e-08,-7.12908447403614e-06,7.34625419581651e-08,-1.04454141702138e-06,6.28078110541772e-06,8.55907769537665e-17,2.40867209342141e-05,-1.14667265592538e-07,3.35732811100941e-07,3.64668717801306e-05,-4.79713779413477e-08,-1.11691879628612e-06,-1.19912760276897e-16,-5.06764180763722e-17,-1.01243440884934e-06,-6.62569794896905e-08,8.7508513572838e-09,-9.76161409584146e-06,2.96438114767247e-15,-5.74539844271909e-05,-9.82852543034025e-07,-1.9781728396549e-16,-3.22324975001034e-17,-2.52742836834794e-17,1.19277330610357e-05,3.2550424326104e-07,-3.58380263971183e-07,1.09284586586027e-05,1.55236067957622e-06,2.8851068804042e-07,-1.25234301399947e-07,6.60718304093131e-17,-2.76152084236779e-08,7.77238349150338e-08,2.19027436104187e-16,3.21734461475451e-17,-4.91370201895172e-08,-2.84181193704161e-09,-2.91681311345463e-08,7.3723401198476e-06,2.87880623531222e-08,-1.15417656720871e-06,1.54728887176005e-16,-4.06500534923085e-07,1.97719211349149e-16,-2.25136386084611e-05,-1.0114928642932e-16,-3.21248559482419e-08,-9.79872239757127e-17,1.3221769337327e-07,3.48241557101551e-08,2.63974114279727e-06,2.13414279993296e-06,9.42743880729462e-08,-1.08383232130214e-08,6.87612997234436e-08,2.58084654396441e-08,1.23678569111124e-05,4.1215595860784e-07,2.40476982389264e-08,-6.77694548948779e-08,-1.23685697304426e-05,-1.74781312881569e-05,-3.23397772073773e-08,3.77801971037802e-17,3.03053795736944e-07,-5.22659466738957e-08,2.70610750419736e-08,-1.57515125841563e-16,5.0349700519491e-07,1.43537767425237e-06,4.59689070394887e-07,-8.70283416678293e-17,-1.11417221752371e-07,-6.28168277460126e-06,-7.11767597108321e-17,-7.82674529909423e-08,1.75223516599491e-07,6.1412717308297e-17,-2.47205361637945e-16,-6.45633616736493e-09,-3.64819725814922e-06,-2.07961431488437e-08,-2.88721753509052e-05,8.07994170450212e-07,2.13392295771283e-08,3.77194391035661e-05,1.90466507990949e-07,-4.78658759338419e-06,3.47866267041974e-16,8.85733769085735e-10,6.46721321239137e-08,1.78761869415966e-07,2.83806046244819e-05,-1.25423689191242e-16,5.26049026853661e-17,2.37707541498294e-06,-7.23126250245253e-17,-1.08522409439696e-15,2.5022074891277e-07,-3.70390534831865e-07,-6.93551142792822e-08,-6.75896326375194e-07,1.82197880103503e-06,4.76423348076269e-07,6.13220648385466e-07,3.97251202054251e-17,0.00921205086714,8.05763014636699e-08,7.52037734335898e-06,-5.21294049209295e-08,2.22753602494332e-07,1.11165116592171e-17,-2.15682085352903e-17,8.1237267853797e-17,-2.11614733432039e-06,-9.71027006984862e-09,-6.29733025336264e-07,-8.54050446164983e-17,-7.47933480034604e-09,3.66753192297718e-16,-1.95507814585228e-17,1.23793045419618e-06,-3.09981033940578e-07,-2.27980611819389e-16,-2.56257188624227e-06,-3.45906697947235e-08,-5.76787116357266e-17,7.83876185614974e-08,6.98975003736489e-17,4.96355725405793e-06,-8.10778206421714e-17,4.95592373315819e-06,2.40705683637554e-07,8.73881420065785e-09,1.46652836904742e-05,0.000100656420094826,-2.78775842491719e-08,8.58824580411231e-07,-1.09501354293359e-16,5.08832676767703e-07,-2.87257644725193e-08,1.08849495977762e-16,-3.78544865870483e-09,-7.71784226768528e-08,1.79388717138429e-08,-1.18434029445324e-16,5.76173455200678e-08,7.62261610578004e-08,-1.28333738343292e-16,-2.11582144609738e-06,-1.60626831861361e-06,-2.19441495373627e-09,-2.00947108841012e-16,-2.82977605851452e-17,3.93270838771227e-08,2.14887480414571e-05,1.72884426239985e-07,-1.59925454736115e-08,0.000103926461005799,-7.04249215401756e-17,1.65006519036417e-16,4.85951256045933e-06,8.64485482938753e-09,-3.88387885022636e-17,0.000916109764364186,-1.18021847433705e-16,3.01162858791101e-08,-5.2909024187181e-07,-7.08643748502646e-07,-4.71581677746132e-06,4.40632019280211e-17,-1.15412220879698e-16,3.63811283213891e-16,-2.08930179150744e-17,-3.68645965367538e-09,-1.27936941202503e-08,-2.18136490525036e-16,2.34884833820356e-16,-1.73016644168927e-16,1.80354186365468e-08,1.62166491765802e-10,-8.9402557957149e-09,7.16076522217952e-17,2.50064454820204e-16,-9.71885603679584e-17,-3.84553461226714e-07,1.17682107991038e-08,1.55197265702814e-17,2.0662595665168e-09,-5.40682565930627e-08,-1.19597377492756e-16,-3.20935251551975e-18,-6.59088175039105e-06,-3.82022519990359e-10,-3.26520594611776e-06,4.43596329186957e-16,2.0843414164167e-08,3.36440314685218e-07,3.6106560297039e-07,-1.34779354613059e-06,-7.99857268481122e-08,1.30226847176679e-09,1.5492126399751e-16,2.37137588905097e-16,2.03627033661794e-16,2.47777930200292e-08,-2.24344919601504e-08,-8.76460739685766e-07,-6.65613715052278e-09,2.86278852223648e-16,2.43014590304992e-16,1.96597463013348e-16,-7.53015268836188e-17,8.74366326079949e-16,3.17835896644494e-08,-2.77676726851979e-16,-8.01344124995733e-17,-9.0170608766045e-06,9.86155035527386e-17,-8.08035945776853e-07,3.62786922451864e-16,-5.90846668846931e-07,-9.10513359270503e-18,-7.15679401445211e-07,-1.51571645571308e-06,-7.90106527032999e-08,3.10609391159086e-16,4.87601784391767e-06,1.54039346855512e-16,4.36531411825695e-07,-6.94477692960614e-08,3.84333761640043e-10,-5.04162832093831e-16,2.11658895506886e-06,1.26889212008405e-16,-1.52377252599159e-07,-7.7786037253215e-08,1.95690159252138e-16,6.67436270515923e-17,-1.11832787323655e-16,2.52904693681729e-16,-1.17988995217835e-08,-5.95339948575471e-07,-1.32387032128403e-06,-6.75303998755095e-16,8.36038907775478e-18,-8.03291900841889e-09,6.55270579510417e-08,2.70432880936329e-17,5.35861259630427e-18,-1.30645844386147e-07,-9.19832760032688e-17,-2.53129706857207e-06,-2.15840668910137e-16,2.31873653363336e-07,2.96760034732305e-16,-5.00993644393071e-16,-8.67728721574592e-17,-2.56935597362311e-16,7.21793436489963e-16,-8.61197790131767e-16,4.45720267142922e-09,-3.11721034008005e-08,-1.22761273734103e-16,-2.06974513208324e-08,8.69616150297002e-07,-5.92451590844067e-17,1.07201151059736e-15,1.15786164828005e-16,1.5331456379123e-15,7.99172330589515e-07,6.48092969433064e-06,-1.49180729854718e-16,3.52753701696882e-16,-1.55742040134107e-07,-5.03064028926751e-08,-7.61652388216546e-10,-2.29887327868148e-16,1.47150287134105e-16,1.3968261502602e-17,-6.64825562407078e-17,1.63043534651175e-16,-4.61106103276225e-17,3.60281756043644e-05,-1.05471603925872e-06,-9.40834502786594e-07,1.00115361767809e-16,-2.12471415659231e-16,1.20843935267218e-16,1.81606941801661e-16,-4.22868416892557e-16,2.01723229467655e-16,-4.94506293876891e-17,-3.65908257123399e-16,-1.65017229903751e-16,-1.29203242151709e-16,-7.08346901687821e-17,-4.60133343623838e-16,-1.85111362184547e-16,-4.33395680388333e-16,2.96655278707703e-09,-2.68237101570462e-16,-2.00314894071961e-17,-6.89605401601068e-17,4.19923885376321e-08,-5.19301161069925e-08,1.69737640008532e-17,-1.08376066203904e-09,3.83756152736278e-08,1.1248384004888e-16,8.24881761756757e-16,-7.39962882331482e-08,1.40479299394466e-16,9.44793752984654e-10,-9.50968351193979e-17,1.24999092705795e-16,9.14413932325632e-18,6.01412924480827e-16,9.47870338397938e-08,-1.26936139912126e-07,-6.65586402261289e-16,1.5865687495559e-17,-1.11689137808717e-16,1.63725202976763e-16,9.38505729294187e-16,-5.00736041973597e-16,-1.51218609014833e-16,-2.50887872499032e-16,1.52653433865793e-09,-3.52022314980858e-16,6.68157885116696e-16,2.70645884979891e-16,-1.39827671990159e-15,8.81819443308689e-16,-9.0884678795535e-17,-3.3183036953159e-07,-4.24010867302081e-16,-3.90380723767843e-16,2.24467617160977e-08,3.19684707277694e-16,-1.58890948755904e-16,1.74478790648657e-16,-8.43265645558505e-16,1.87106836681888e-08,4.11310337979087e-16,-1.41200204892805e-06,2.85997103515749e-16,-9.46154154720231e-16,2.82255145970378e-17,4.01302055203561e-16,-2.22609046468848e-16,5.96995483721535e-16,2.23659208453538e-08,3.12930394201538e-16,8.90723204864753e-16,2.82376240080457e-09,-2.79123159464825e-06,7.75114395646423e-17,4.8042799094549e-07,1.09213031967211e-05,-3.47060597691486e-18,1.02134827093297e-15,-3.50827251454014e-16,-1.25207691680905e-15,-7.44208882809234e-16,-1.83000579702037e-05,1.49937207519257e-15,-3.91352385327609e-18,-5.83495198726443e-16,7.41638602957402e-07,1.56501683996077e-15,-1.07912537653879e-15,-1.69200477835747e-16,8.39135459349634e-17,-9.97079244237364e-06,8.73059322267087e-16,5.88088699403997e-10,2.59079135854523e-16,1.50588893938432e-15,-4.26519954505478e-16,1.19567933469908e-15,2.65039064646837e-16,-7.72152006117545e-16,-4.55793039032522e-16,-1.02000046298967e-08,3.73345115777004e-15,-1.1956605528286e-16,4.28778774399296e-09,6.79945558841359e-16,1.39533951651506e-15,-8.35644774810665e-17,2.20257340918244e-16,1.03154642652287e-15,-9.87002528646542e-16,-3.10744792563665e-08,3.50082732607936e-15,-4.61326327126858e-15,9.25186017915312e-09,-1.59830435906013e-15,-5.20024134436553e-15,-7.68694880608993e-16,-7.25409426002762e-16,1.56670911706533e-15,6.37625247940373e-15,-1.24677438203505e-15,2.27303331035451e-15,-3.13746543842471e-15,-2.59124225586106e-15,-1.02133313190344e-14,-4.85156967496952e-09,1.60871682312844e-08,-1.64201482548897e-14,-1.75493406175881e-15,1.37130136379802e-14,4.73769583016625e-14,-2.07352784573588e-13,0.707106781186547,2.20492194560369e-13,-2.49966687869292e-13,-1.5329403913577e-08,3.01375148910117e-14,1.59733411817956e-15,1.67014136706084e-14,2.8442832735669e-15,1.78420416215094e-09,4.39713607073526e-15,-2.82867893627801e-10,-2.20408821069242e-15,-7.76904747160941e-16,7.57909539425792e-16,2.26030954179894e-15,-9.10628957554049e-16,-1.5457592078145e-15,-2.63448526261536e-15,-1.16790317796715e-16,-6.04803127456861e-17,-5.36142981304057e-16,2.26562015160303e-15,6.37520202022137e-16,-1.04970145580879e-15,2.15402422792471e-16,6.25083551902924e-16,-3.86645801628173e-16,-2.21996132429371e-16,2.41034577180882e-15,1.20006653380902e-16,1.47741659019096e-15,1.14112278654099e-17,-1.99249197966797e-16,-1.76017261246219e-15,-7.79211195951351e-16,1.08587215224409e-15,2.2749498236412e-07,1.52224425118323e-17,-1.03350385817595e-15,7.19142549048099e-16,-3.79475562279508e-16,-1.27496957453937e-15,8.77802375092498e-16,-7.13647429507834e-16,4.20965168489975e-16,-2.37498850796353e-16,1.46709276106674e-15,1.10954539826735e-16,-1.40447089290407e-15,3.28528171223565e-16,-9.47587315971046e-17,7.74157533449169e-17,-1.20478963819625e-15,6.87668448493591e-16,-1.75766227290199e-07,-2.13153264886242e-16,6.624286228537e-16,1.94563087667115e-17,9.71438538125897e-16,-2.13462147007055e-16,1.60223527416776e-17,1.30786266171747e-16,-1.21740927436472e-16,-9.51668113169472e-17,4.02837835812945e-09,-5.69525324572988e-16,1.48423631453219e-16,-1.05254519448899e-16,-6.7562733296863e-16,-3.55232328630736e-16,-4.46101581105544e-16,-1.69870728367563e-16,1.64074670377869e-16,2.08427667819715e-16,6.43583865019458e-17,-7.02303453201936e-17,-7.05770586898182e-17,-1.01205110459076e-16,3.17141648956003e-07,2.63894362888413e-16,-6.69447146352529e-17,7.67494082974674e-18,-3.24393290007663e-16,-5.56922610346413e-09,1.59753669254873e-16,4.56540370758114e-17,-1.33761298800829e-16,2.39839927399348e-17,-1.35439406217494e-16,1.77436819674238e-16,-2.8041969341618e-16,-2.05287718463344e-16,1.92150887392431e-16,-3.0791569292368e-17,9.079905788607e-17,1.93882067566555e-16,9.49801937489847e-17,-1.02903687516248e-16,-1.77402180586387e-16,-4.04556319206993e-16,-2.17946299610381e-16
"t731",0.0356446808316344,-0.0105299738411418,-0.0115190343699102,0.000680573528560335,0.006322630209701,-0.0174118238884119,-0.00246179672365186,-5.34462078452427e-06,-0.0520404900685017,-0.0402502422308245,-0.0394971424254706,0.000424357406531091,-0.000878171307021466,-0.000188380819369335,-0.00517003490198708,0.000114558155140374,7.11995377491053e-05,-8.16777532319527e-06,-0.00346852426799696,-0.000612429160128873,1.07584603148945e-06,-5.41118751261469e-05,0.101622703386197,0.00431136462803135,-0.00041769138703686,0.00487222654406219,-0.0521763136053935,-0.000417954609226139,-3.40953942038254e-05,0.00210848495240775,0.012415010870499,-0.00612859218090563,-2.20329139601798e-06,0.00144389514675783,-0.00069609527661112,0.000518386211019221,3.48653124804658e-05,-0.000239115331079778,-0.097272571850465,0.0214245224206796,0.000856364011648761,-0.0895743191871695,-0.000100282932159273,0.00588118379598333,-6.83743323122992e-05,1.22221344513233e-06,-5.01752214730435e-08,-2.15625942821469e-07,0.000270678854044624,-0.000709196404013429,8.9570151851142e-07,-1.30796296210366e-06,1.74517398549823e-06,-5.43450745948797e-07,3.76114793806726e-05,-2.69007074434744e-05,-1.94189938637636e-05,4.24135694122612e-05,-0.000392019910138893,1.82060351770225e-06,3.65501435729483e-06,-0.000299353604948687,0.000282648107880883,-0.000243893522963144,0.336447090270544,7.04377383076522e-05,-0.000170979064931724,0.000434280927198999,-9.82092159379219e-05,0.000401095486880819,-2.62516275416531e-06,6.82447004077957e-06,-2.37319303953455e-05,-1.5936801740993e-05,6.74571081546408e-06,5.90487217606693e-06,-6.1266136646252e-05,1.01778443076619e-05,-0.0244151379117871,0.000261716815580931,3.22134998119181e-06,0.000367754913061974,-0.0110876185437315,2.81973365700945e-05,9.16314152973324e-05,2.77519483190791e-05,-4.64431024149014e-06,-8.05963449251049e-05,-1.51168051574462e-07,6.1238623635841e-06,-6.32858102191775e-05,3.97450750598809e-08,2.75999509119859e-05,-2.48924485614082e-05,-5.12130567363755e-06,-6.00195340031991e-06,-7.05406629899423e-07,3.76967732673796e-06,-4.23520193257406e-05,-0.000885825495470372,-1.90422550121441e-05,1.26657297956684e-07,-2.66908662488479e-05,3.13176801719938e-05,-0.000646186797066944,1.00129122492118e-06,-0.000287664341735445,3.83475200799697e-07,-0.000713549031554215,1.12322084039393e-07,3.87162067257139e-06,8.22096476097513e-06,-2.56144685110069e-06,3.1867875269269e-06,-3.60574373861213e-06,6.4880780577868e-06,-0.00768405732194132,0.0152113654821911,1.4745647422943e-05,1.35358803693282e-06,-1.72340232025389e-06,6.4064040270777e-06,-0.000102594275664407,-0.000102003406180602,5.0509272300808e-07,-1.11575078743268e-05,1.16121827595998e-06,-2.82369549668155e-05,2.62732516526271e-05,0.000913925096391552,6.74010584320241e-06,-2.4761541966756e-05,2.0185104156128e-06,0.000242589585236734,-4.9282327378576e-08,3.25228148983936e-05,-9.06265671821984e-05,-3.38126866918715e-06,0.00040454990465001,-0.000117128443342034,-0.00281620998205158,7.1088063349034e-06,1.15108523925697e-05,1.24187722102161e-06,7.19416623136993e-09,-1.90644341083142e-05,-1.46413809847519e-06,0.00925967859224055,-1.76711742000419e-05,-3.59961108530465e-07,-4.57202215119282e-07,-2.59971403549378e-05,-3.73684633092439e-07,9.4001346121071e-05,-3.21356519467617e-07,-6.07564414933247e-06,3.75558321529257e-05,-3.81785105461452e-06,-2.20548385538464e-05,-3.06287212256543e-06,-2.93792768299732e-06,4.27736500126992e-07,-0.00051669536634212,-3.76859785154509e-06,2.67418388693054e-06,-1.80010568214468e-06,0.000464786576297053,6.25741080660503e-06,0.000394400148079934,1.53511195842009e-06,-3.24018632136484e-06,-5.77759961053745e-07,7.65736160308221e-08,0.000754884420851733,4.79853392874201e-07,9.8905695754025e-07,4.35787435998622e-08,-1.8334125557324e-06,-9.01604176236328e-05,-1.04768740640404e-05,4.43533263977637e-05,1.45176115624156e-05,-3.3646405966914e-06,-1.5213568874081e-08,-5.37436403595053e-07,-5.90670599338936e-07,-0.00899613692482421,-0.00033446286810857,-0.00153373225831071,-1.8959074405085e-07,0.000515535100535125,-3.71036530162277e-06,-9.75622139904646e-07,-8.9850656172526e-11,-5.95164758403689e-09,2.04640355593395e-07,6.67064903689673e-08,-6.27639925683806e-11,1.86388170789069e-08,-1.36266585435532e-07,-6.1793424978113e-07,-9.40125334755625e-07,5.17730503062318e-06,1.47529990746927e-07,1.68873821354178e-05,8.30878219486505e-07,-1.36499688932462e-05,-8.14687724952096e-07,5.92425669704898e-05,1.7829767824951e-08,0.000454221595660951,3.11079299139446e-06,1.01350843018933e-05,0.000358360201507476,-5.76652304740292e-08,1.21509552328543e-06,-7.3073347781558e-07,-5.64966343181897e-07,0.580738943932935,-0.000113275191365371,-3.94903577403508e-05,2.53007514119246e-05,5.09750058128498e-06,1.99257311410352e-05,-5.02430854645931e-05,-2.81670690951524e-06,-0.000265907671314769,-1.67762662076023e-06,-0.0158638525914295,-2.26270617183339e-05,1.78563821904117e-06,4.22081063598966e-07,1.35693965374847e-05,5.05221279208851e-06,-5.20656778162004e-06,-5.32476006100543e-08,-2.31008619892708e-05,1.25842060559907e-16,-2.11893174222058e-07,3.00880284477843e-06,-5.87303519305e-07,-1.46263508332463e-06,-1.91896416500919e-05,2.64974778324877e-07,-3.58426828962693e-06,1.58333357310767e-06,-5.96950213953207e-05,1.92538909124361e-07,-3.85335247246509e-07,0.000153010408067697,-9.91593048938179e-08,1.08848756855419e-05,-0.000157951923472322,3.63602586924758e-08,-2.36144321795023e-09,1.12302977009242e-07,-1.11664112303862e-07,1.78011118700134e-06,0.0079382879636788,-8.93771930572837e-05,1.1411202385485e-06,-3.63764453868433e-05,2.50159161518988e-05,-1.53182538108578e-06,2.749815898364e-05,-0.000357573750221632,2.04352578552033e-08,0.000177746207154631,8.62880354755094e-07,7.05937150322109e-06,1.86202844464527e-08,-9.87849763785577e-06,5.12611596096732e-07,-6.15451633380854e-07,9.69929789633395e-07,-1.86946690907188e-06,1.44320854151589e-06,-1.04964532858569e-07,1.98794400482365e-05,-8.60659855787203e-08,1.41011976136045e-05,1.6089288331884e-16,-3.43421297555016e-05,-6.4566972894339e-05,-3.62021906922253e-11,-3.14135116338301e-07,4.58830060333476e-07,-2.83442346683457e-07,-8.03483659677803e-08,9.15207032881671e-09,-4.07984617278949e-07,1.54179635571216e-05,5.66760724657841e-06,-4.35069163885879e-08,2.3184487317505e-05,-7.76972237392517e-05,2.09045421437197e-06,-0.000669614835616624,5.00208625956448e-07,8.74306131856342e-07,1.34947818103426e-08,3.61956771722263e-05,-4.61275864313462e-06,2.03529940064043e-08,-6.35115472144231e-06,7.40522342690381e-07,-2.6855234444952e-06,1.93950809339822e-06,1.72463775480827e-05,8.73141779821454e-07,-2.77023842929641e-07,-1.80080504451938e-06,1.82369334308496e-07,-8.446198076408e-07,2.35995637355143e-06,9.57099862390417e-06,-0.000735944448788469,1.60046098333256e-16,1.22971702270176e-07,6.69954184532926e-07,-6.61368946917992e-08,3.53378947614094e-05,3.79531821634514e-08,9.34179405008482e-06,0.000366211925006105,-2.75093074648332e-06,1.21283422682597e-05,-2.42317873675015e-16,-0.00107407924602444,-3.24722732616041e-09,-2.47552892227052e-06,1.06149698696379e-07,2.1652448703712e-06,-1.45689354671771e-06,-2.46125666817606e-05,6.65235944627703e-06,-6.82359588547733e-07,4.43077069452411e-05,-1.45217804455146e-07,-1.40521109669726e-05,-1.88910651464093e-08,-2.79902192714865e-09,-3.99991568968603e-05,2.21455570572391e-07,-7.5609206608899e-05,3.33589045021568e-16,-1.30868494751443e-06,1.0598468995368e-07,3.05541180687177e-09,3.03082337279629e-08,-4.70409940514303e-05,-0.000536503185626652,1.60483931898079e-06,-6.18786135581634e-06,-4.38714967648229e-06,3.51682428964402e-15,-0.000115159151975777,-4.9987290081124e-07,-0.0881756276712616,9.29729331810248e-15,-2.42457188038078e-05,-2.41672006551613e-06,3.31551727181103e-07,0.000184258170457878,2.58207834072108e-05,1.9275427231622e-05,3.10706857129489e-06,-1.07481265077651e-05,-4.31100325483168e-07,-1.79901741901105e-08,-2.46298219407634e-06,-7.25165324999721e-08,2.53995637456225e-16,5.14042536926643e-09,-8.32482010031178e-08,5.2632695406433e-08,-1.00884333216171e-06,-2.68717064324002e-16,-4.1487573929224e-08,1.04037783525587e-08,-1.28528405433521e-06,-1.89816146843117e-08,-7.12908447412076e-06,7.3462541996777e-08,-1.04454141703853e-06,6.28078110573629e-06,-5.96843355925315e-17,2.40867209337931e-05,-1.14667265736391e-07,3.35732811009995e-07,3.64668717800369e-05,-4.79713780888038e-08,-1.11691879639763e-06,4.40186082029115e-17,1.66876576791608e-16,-1.01243440926995e-06,-6.625697925378e-08,8.75085152310727e-09,-9.76161409561335e-06,3.16748868949552e-15,-5.7453984427338e-05,-9.82852543100006e-07,8.54520110166076e-17,6.4071271034384e-17,9.66825455343881e-17,1.19277330609487e-05,3.25504243111312e-07,-3.58380263869527e-07,1.09284586587893e-05,1.55236067943819e-06,2.88510687995413e-07,-1.25234301459112e-07,-1.74054926361436e-16,-2.76152084203513e-08,7.77238348820351e-08,-2.34723497513816e-16,-1.15390907499952e-16,-4.91370201052688e-08,-2.84181193762172e-09,-2.91681310816563e-08,7.37234011958213e-06,2.87880628798315e-08,-1.15417656711529e-06,7.33053040223146e-17,-4.06500534777152e-07,-1.72614216176656e-16,-2.25136386086241e-05,-3.02865100620248e-16,-3.21248558554848e-08,2.73238067392764e-17,1.32217693637084e-07,3.48241554840929e-08,2.63974114310858e-06,2.13414280018922e-06,9.42743880779082e-08,-1.0838322851999e-08,6.87612997899777e-08,2.58084653738537e-08,1.23678569110305e-05,4.12155958579792e-07,2.40476980576858e-08,-6.77694548309654e-08,-1.23685697302977e-05,-1.74781312876486e-05,-3.23397768738199e-08,-6.39138675849016e-17,3.0305379546548e-07,-5.22659466588602e-08,2.70610751570617e-08,1.20747935043824e-16,5.03497005323791e-07,1.43537767418985e-06,4.59689070475946e-07,8.02806879301616e-17,-1.11417221809362e-07,-6.28168277518197e-06,1.46695724729864e-16,-7.82674531267257e-08,1.75223517308423e-07,5.06065376519918e-17,2.18697915794092e-16,-6.45633633381784e-09,-3.6481972579917e-06,-2.07961429625439e-08,-2.88721753512828e-05,8.0799417027931e-07,2.13392294256954e-08,3.77194391034115e-05,1.90466507530104e-07,-4.78658759343519e-06,3.77641169203857e-16,8.85734045271929e-10,6.46721317482628e-08,1.78761869587482e-07,2.83806046243083e-05,-3.46969074606641e-16,-4.4276290403242e-17,2.37707541503869e-06,8.74602812505146e-18,-1.21181732592346e-15,2.50220749114596e-07,-3.70390534668868e-07,-6.93551144906354e-08,-6.75896326710154e-07,1.82197880089505e-06,4.76423348039147e-07,6.13220647937548e-07,6.54677800036493e-17,0.00921205086714029,8.05763018939725e-08,7.52037734261551e-06,-5.21294048340797e-08,2.22753602485123e-07,-9.55222272627492e-17,4.38445499141449e-17,1.08748209753336e-16,-2.11614733410214e-06,-9.71027003180777e-09,-6.29733025290467e-07,-2.13851663530874e-16,-7.47933495971548e-09,-2.13620230633779e-16,-4.22876691710419e-17,1.23793045392858e-06,-3.09981033984107e-07,5.38577429182174e-17,-2.56257188634488e-06,-3.45906695534488e-08,2.12647590483073e-17,7.83876186763962e-08,6.74918899239763e-17,4.96355725374589e-06,2.11985627483306e-16,4.95592373402481e-06,2.40705683773053e-07,8.73881377984874e-09,1.46652836905664e-05,0.000100656420095092,-2.78775836299027e-08,8.5882458041106e-07,3.41253713056537e-17,5.08832676332521e-07,-2.87257643653263e-08,-1.83058630520821e-16,-3.78544896368404e-09,-7.71784227711278e-08,1.79388714531772e-08,-1.85383667190411e-16,5.76173453999029e-08,7.62261610261031e-08,8.96316783500549e-17,-2.11582144605765e-06,-1.60626831799591e-06,-2.19441502606066e-09,1.49298182205362e-16,2.3786408455346e-16,3.93270835356279e-08,2.14887480416396e-05,1.72884426639443e-07,-1.59925451500184e-08,0.000103926461006133,6.71610581963995e-17,-1.39889027622726e-16,4.85951256072021e-06,8.64485477978348e-09,1.3082002484982e-16,0.00091610976436411,5.33759800055358e-17,3.01162859328197e-08,-5.2909024243384e-07,-7.08643748895634e-07,-4.71581677788052e-06,-1.98301621661257e-16,1.31416559871996e-16,-2.48893902930949e-16,3.17906880954792e-17,-3.68645942439553e-09,-1.27936936337175e-08,2.50899601667883e-16,-1.30232192100266e-16,2.43756924179058e-16,1.8035418667237e-08,1.62165985306628e-10,-8.94025584988462e-09,-6.78921646374583e-17,-6.49515028349965e-16,2.05696869043023e-16,-3.84553461143204e-07,1.1768210726449e-08,-1.84797884115269e-18,2.06625986661088e-09,-5.40682564506408e-08,1.9235182541416e-16,6.33046405629273e-17,-6.59088175027526e-06,-3.82021872538176e-10,-3.26520594622615e-06,-3.4006704874275e-16,2.0843414105671e-08,3.36440314387375e-07,3.61065603421076e-07,-1.34779354565702e-06,-7.9985727011197e-08,1.30226810040412e-09,-2.81793508328516e-16,-2.50831222804948e-16,-1.98922593781741e-16,2.4777794551743e-08,-2.24344918591983e-08,-8.76460738946679e-07,-6.65613727433446e-09,-3.02961311599703e-16,-2.15530851542378e-16,-1.79056404293467e-16,1.92371459861654e-16,-1.09336557707511e-15,3.17835897424112e-08,2.59912477117707e-16,1.20009611183384e-16,-9.01706087724474e-06,7.03633662706044e-18,-8.08035945876123e-07,-3.51585927832116e-16,-5.90846668443256e-07,1.12958783935704e-16,-7.15679401432037e-07,-1.51571645534061e-06,-7.90106527457081e-08,-2.37844919763177e-16,4.8760178444825e-06,-2.0797691915412e-16,4.36531411501335e-07,-6.94477694053233e-08,3.8433404122275e-10,1.05591716810345e-15,2.11658895464149e-06,-1.91386122275506e-16,-1.52377253323305e-07,-7.7786037548711e-08,-4.34264550297875e-16,-5.47605987306483e-19,3.30522674765881e-17,-2.30723823806806e-16,-1.17988998511841e-08,-5.95339948896668e-07,-1.32387032191573e-06,7.08240154398289e-16,-2.74791952509431e-17,-8.03291911300886e-09,6.5527058089928e-08,-5.25542989576966e-17,-1.31049886480144e-16,-1.30645843732478e-07,9.53092405623395e-17,-2.53129706833155e-06,-4.04627468025894e-17,2.31873653294165e-07,-2.43928074703256e-16,-3.08787960816874e-16,1.1034455437477e-16,4.43254062936766e-16,-7.52350410100609e-16,7.0634171084781e-16,4.45720326124701e-09,-3.11721034932572e-08,1.51304176352331e-16,-2.06974521163329e-08,8.6961615053467e-07,-5.25573131688502e-17,-2.49883128028996e-16,3.66398258716539e-16,-1.97828065427565e-15,7.99172329798019e-07,6.48092969340227e-06,2.30301767340405e-16,-3.39392920040536e-16,-1.55742039585226e-07,-5.03064023783401e-08,-7.61652611220662e-10,2.52208879478667e-16,-2.55706617929406e-16,-4.06076607239241e-17,4.728120217053e-17,-5.76768130369062e-16,-5.02810636922248e-18,3.60281756045937e-05,-1.05471604050239e-06,-9.4083450190971e-07,-8.91352576761494e-17,1.83917693045335e-16,-1.15458524032117e-16,-3.97625695260818e-16,4.13849239251245e-16,2.45768480949835e-16,3.40685265208249e-17,4.05265087999374e-16,1.15841510146899e-16,1.96847444593962e-16,2.05437995543234e-16,5.83929612001494e-16,1.77795487804094e-16,4.4403280703342e-16,2.96655324272746e-09,2.64684544313304e-16,4.58752222689881e-16,5.1818450918543e-17,4.19923888949868e-08,-5.1930116378944e-08,5.22268514181599e-17,-1.08375988315075e-09,3.83756156439658e-08,-1.32606248937091e-16,9.5177501208826e-16,-7.39962884245375e-08,-2.51018293129828e-16,9.44793432941764e-10,8.98935753230191e-17,-4.73423651862591e-17,-3.59448057238985e-17,-6.26432541823173e-16,9.47870331643015e-08,-1.26936140008322e-07,3.60827602118969e-16,1.39988748267712e-16,1.24982723563972e-16,-4.32694412084575e-16,-9.6869398353433e-16,4.9772665010986e-16,1.94941524485752e-16,3.32155239629542e-16,1.52653277381582e-09,3.77640157981682e-16,-6.54090884036002e-16,-3.14775309645852e-16,1.51779828084295e-15,-9.31001743971301e-16,-7.31308682210801e-17,-3.31830368119065e-07,3.98484642888902e-16,3.90198096212204e-16,2.24467624346426e-08,-5.29439934916522e-16,3.50191759244627e-16,-2.10104729302663e-16,8.06979701663683e-16,1.87106835351308e-08,-4.0660466473734e-16,-1.41200204958118e-06,-1.89046964421405e-16,9.08762431587875e-16,-1.24578910754409e-16,-5.3157455782097e-16,2.06351116105328e-16,-5.09215710211488e-16,2.2365920246979e-08,-4.48998854436831e-16,-8.34159987850055e-16,2.82376137103544e-09,-2.79123159429883e-06,-5.11748318842555e-17,4.80427991492849e-07,1.0921303195679e-05,-4.31210357466624e-18,-1.17432394644133e-15,3.60382748101271e-16,1.29486441660488e-15,5.63957813125294e-16,-1.83000579705048e-05,-1.43471554661836e-15,-1.9009814192335e-16,5.44093054867041e-16,7.41638603990233e-07,-1.5141167136897e-15,1.10134335825436e-15,2.06138566625497e-17,-8.0293678843748e-17,-9.97079244143619e-06,-8.1616113090463e-16,5.88086183019903e-10,-3.74579099907454e-16,-1.44240911943701e-15,4.54148201113629e-16,-1.22471841208007e-15,-3.12955333075504e-16,6.36370936949503e-16,4.57057641816978e-16,-1.02000033752042e-08,-3.90012537789267e-15,-1.14868986205725e-16,4.28778799887548e-09,-7.20838586760737e-16,-1.38206340362903e-15,-4.1091544483861e-17,-2.09946126324536e-16,-1.05552317334106e-15,9.08699493068161e-16,-3.10744802582778e-08,-3.51900160220299e-15,4.55692108140638e-15,9.25186005598806e-09,1.55583619517782e-15,5.35557683000761e-15,8.71660925361811e-16,6.09311796536491e-16,-1.56219571328032e-15,-6.27805632177674e-15,1.23498812053173e-15,-2.27405788255936e-15,3.30985751137639e-15,2.62100772533009e-15,1.01798690058937e-14,-4.85156892951292e-09,1.60871641697011e-08,1.67781965527764e-14,1.75242172743287e-15,-1.36911132184693e-14,-4.75397308771797e-14,2.07512352028323e-13,-0.70710678118655,-2.20470322731283e-13,2.49693040659924e-13,-1.53294462588204e-08,-3.01871295436173e-14,-1.58432533701348e-15,-1.66917378738459e-14,-2.76164499354841e-15,1.78420498971569e-09,-4.38703416082712e-15,-2.82868836884246e-10,2.2206451395989e-15,7.33839576213848e-16,-7.61174818374418e-16,-2.2637001673184e-15,9.28114046596218e-16,1.55988323768116e-15,2.55300187601578e-15,4.33055562609523e-17,1.71270874537698e-17,5.34706285432592e-16,-2.3102058870151e-15,-6.29839174361695e-16,1.30839302875477e-15,-1.44476319988754e-16,-6.34355908176527e-16,4.90451295364337e-16,2.7566627727776e-16,-2.47567577682917e-15,-1.02695793542681e-16,-1.4740930632373e-15,-5.95633568509224e-17,1.92055621927345e-16,1.53244096515904e-15,7.89440816382978e-16,-1.13430264175807e-15,2.27494982384026e-07,1.65842443051016e-16,8.17879771560305e-16,-6.09439880384174e-16,1.93846950457701e-16,1.2297152498742e-15,-8.77600485129628e-16,7.61207236994014e-16,-3.78252782595887e-16,2.75802102440835e-16,-1.511163176982e-15,1.66452138530837e-16,1.57405354604853e-15,-3.22598149019973e-16,6.31252090847195e-17,-1.61309461528159e-16,1.18601246563243e-15,-7.42527327885663e-16,-1.75766227526562e-07,2.01523919180238e-16,-6.86459549897044e-16,-2.45653251113692e-17,-1.07544518460417e-15,3.02299434784812e-16,1.96691353794514e-16,-8.82084496088466e-17,-1.0410019552208e-16,3.86473328851442e-17,4.02837838614263e-09,8.69427798749775e-16,-9.38885449452883e-17,1.00603101365361e-16,7.58806787691252e-16,3.15816634342019e-16,4.67096534551344e-16,1.44645667705558e-16,-3.97803244575531e-16,-1.70355657580068e-16,4.58360188911586e-16,1.01256644989671e-16,-6.1305628744895e-17,1.74671879258195e-16,3.17141649262466e-07,-2.27796289614886e-16,-7.14926685958566e-19,-1.29877741127938e-16,-3.50929138179246e-16,-5.56922624837539e-09,-2.26409695258794e-16,-2.24428391173054e-17,1.56101771869292e-16,3.17345650652916e-17,1.01087518959965e-16,-1.52591117703224e-16,5.67342963941048e-16,2.07173346427874e-16,-2.32143730187068e-16,1.35036953207317e-17,-1.56040378935717e-16,2.68432843938055e-17,-1.50308568685259e-16,-2.04615523084925e-17,1.94018304026501e-16,3.30232446073504e-16,-1.69722741852158e-16
"t707",0.0356855525015563,-0.0105554765929157,-0.0115478388645976,0.000682857842125716,0.00634864773927655,-0.0174959887638536,-0.00247393215354186,-5.3730818709674e-06,-0.0523683295140479,-0.0405584078583885,-0.03988213562778,0.000429473353956043,-0.000889074402879045,-0.000190755846874234,-0.00523812051526967,0.000116157922067162,7.2218130250913e-05,-8.28679411718494e-06,-0.00352026630269374,-0.000622376041612526,1.09478883224491e-06,-5.52690346915254e-05,0.103922436010327,0.00440951045834734,-0.000427238808873966,0.0049891255369252,-0.0534436093590942,-0.0004282012124707,-3.49546927022532e-05,0.00217174568362521,0.0128136338365333,-0.00633485968313762,-2.28314776351025e-06,0.00149887904225031,-0.000724054082781326,0.000541001484670591,3.64071882537037e-05,-0.000249871604132402,-0.101680433214925,0.0224110149380575,0.000897025924555775,-0.0939396820717978,-0.000105249590757952,0.00617284527311801,-7.18297772876369e-05,1.28831317316419e-06,-5.29441272075375e-08,-2.27637736855578e-07,0.000286156042916675,-0.000750890473467525,9.50310592608435e-07,-1.3890495045556e-06,1.85362857154679e-06,-5.77925221818408e-07,4.00937651569721e-05,-2.86866324111522e-05,-2.08483017882459e-05,4.56213409793009e-05,-0.000421764026108834,1.96799531009992e-06,3.96532862705275e-06,-0.000325363144424536,0.000307665331992304,-0.000265580866080723,0.367399830406916,7.71156155989376e-05,-0.000188271258174703,0.000479465714068821,-0.000108560938853515,0.000444365131936533,-2.94385337749017e-06,7.72693593728967e-06,-2.69109000949572e-05,-1.81285932670507e-05,7.67650082982863e-06,6.72889064663427e-06,-6.98541315137234e-05,1.16360771547698e-05,-0.028088015921225,0.000301860688501518,3.73196637620316e-06,0.000426461234940963,-0.0129503867784847,3.30072825847278e-05,0.00010830102584527,3.28888507967523e-05,-5.51908869567302e-06,-9.58198496367584e-05,-1.79742533435236e-07,7.2835610738269e-06,-7.53499222621647e-05,4.78043048811414e-08,3.32279661394762e-05,-3.01626644772329e-05,-6.27705525124267e-06,-7.36942265712447e-06,-8.66196135534057e-07,4.64991531256329e-06,-5.23301163673444e-05,-0.00110165132404595,-2.38097185734194e-05,1.58444135476897e-07,-3.34076191790481e-05,4.02128427520406e-05,-0.000831383692775656,1.2902804170761e-06,-0.000371730238385357,4.95930854172083e-07,-0.000924092726735203,1.45774725939542e-07,5.02820136830904e-06,1.07214677705709e-05,-3.34221642159401e-06,4.20512776290132e-06,-4.76959891496669e-06,8.62886270249489e-06,-0.0102445897956912,0.0204193077129406,1.99272692859741e-05,1.83867389493943e-06,-2.34794710577666e-06,8.81921479711913e-06,-0.000142209459118045,-0.000141428075628559,7.01014712318917e-07,-1.55979112363773e-05,1.62434143365152e-06,-3.97503242963238e-05,3.76874712562274e-05,0.00131125508823405,9.68557742671635e-06,-3.60559642058144e-05,2.9469949881182e-06,0.000354860549531359,-7.2669282227101e-08,4.80104208298453e-05,-0.000136149526279577,-5.1550317976783e-06,0.000629868852078427,-0.000182475839590482,-0.00440374859735467,1.11373792167594e-05,1.80898704540022e-05,1.95398825425903e-06,1.13195894666826e-08,-3.02560167461385e-05,-2.36516285972922e-06,0.0152422828162855,-2.92291827408932e-05,-6.01890657506386e-07,-7.6515680232912e-07,-4.36918838232621e-05,-6.29604335335805e-07,0.000158833279256794,-5.5798809669588e-07,-1.05972459421896e-05,6.57174974927576e-05,-7.2400341999525e-06,-4.27495128421717e-05,-5.95737732316152e-06,-5.8270570697798e-06,8.51858616924504e-07,-0.00105668513762572,-7.73276409903872e-06,5.64038043134256e-06,-3.90511501405184e-06,0.00110481839159137,1.4926772862004e-05,0.000941681150765131,3.71662862081881e-06,-7.97727396563724e-06,-1.42593151668314e-06,1.95697373844832e-07,0.00195139652995872,1.27245605055647e-06,2.63969382435745e-06,1.16695220825038e-07,-5.2403196176641e-06,-0.000277999690843966,-3.2761931863351e-05,0.000140611542802192,4.80179123569059e-05,-1.13209765443577e-05,-5.20782751023843e-08,-1.87066805088061e-06,-2.18161181729261e-06,-0.0337482655049027,-0.0014604027647946,-0.00673477013632163,-8.83690956434082e-07,0.00292006463184753,-2.59516655640079e-05,-7.45228780172181e-06,-7.98687188076758e-10,-6.04977348189301e-08,3.76669104923033e-06,1.50393801712083e-06,-2.7637677214643e-09,1.60768749947836e-06,1.68256179241318e-06,7.21273241288706e-06,7.2704112506583e-06,-2.95873708641985e-05,-4.95671401392413e-07,-5.66216449398884e-05,-2.67487502979154e-06,3.90331201005936e-05,2.1553051437191e-06,-0.000129315807772563,-3.13431957714439e-08,-0.000679079280035203,-4.43117619044095e-06,-1.16880957144265e-05,-0.000368841305336637,5.91754078298363e-08,-1.14243402709418e-06,5.51085810246999e-07,4.08365832110959e-07,-0.333653320494974,5.52115369850693e-05,1.81541902575237e-05,-9.02445915040325e-06,-1.70509543261993e-06,-6.19871634779047e-06,1.2310840667483e-05,6.55077616581514e-07,6.10409317481713e-05,2.8010313817463e-07,0.00209847138761052,2.17828225334622e-06,-1.4418288139566e-07,-2.7506853363373e-08,-6.92262372822127e-07,-2.37870897406116e-07,6.3488267628639e-08,-4.42259559308493e-10,-6.82307411858235e-07,-5.06565297507079e-17,-1.23633530298738e-08,1.92229890971752e-07,-5.89566200187655e-08,-1.85063107286455e-07,-2.81911152759958e-06,3.92427450475656e-08,-6.57215526546472e-07,2.99249270069578e-07,-1.14358112769297e-05,3.92088268875469e-08,-8.15370291863961e-08,3.454028995851e-05,-2.29900539832152e-08,2.55080317937943e-06,-3.91275937902446e-05,1.0880685304988e-08,-7.46174075916858e-10,3.69926362020313e-08,-3.98732992425558e-08,6.39025901266966e-07,0.00299395167867624,-3.45879665274064e-05,4.57156963579767e-07,-1.47287297813573e-05,1.02398041120324e-05,-6.36327703500739e-07,1.16658677031728e-05,-0.000152054106954009,9.13159455580679e-09,7.95126688836887e-05,3.86467107240534e-07,3.20182730171233e-06,8.48437489399175e-09,-4.56640543252127e-06,2.37582794518812e-07,-3.08576983278387e-07,4.90195793793483e-07,-9.50720240609254e-07,7.44315104948821e-07,-5.47307272272649e-08,1.06168760009807e-05,-4.62770392208266e-08,7.62240354517536e-06,-2.17925927362075e-16,-1.88979382088177e-05,-3.56123182789361e-05,-2.01168207266746e-11,-1.77601269926915e-07,2.63181148370891e-07,-1.63679340643319e-07,-4.65524045318632e-08,5.52541302670545e-09,-2.469480358888e-07,9.33876875872969e-06,3.47294442699525e-06,-2.75262891936273e-08,1.47481247813052e-05,-4.96100821991233e-05,1.35119693983642e-06,-0.000452901313719711,3.4464897634892e-07,6.03053008267153e-07,9.31100516094684e-09,2.612284732615e-05,-3.5041234228987e-06,1.55626401979324e-08,-4.90301018033487e-06,5.78364093697584e-07,-2.10497318025456e-06,1.5666300247429e-06,1.39624882323519e-05,7.09852889137584e-07,-2.25863831399307e-07,-1.48219180911234e-06,1.51691433509905e-07,-7.09460961014567e-07,1.99085498659751e-06,8.13347901765732e-06,-0.000635349719016205,4.58193533336664e-16,1.17528206298438e-07,6.47272415010293e-07,-6.49609318091994e-08,3.47267064497959e-05,3.73162294226428e-08,9.22280718613227e-06,0.000364380941460088,-2.76301383854963e-06,1.24211189214083e-05,-4.64872673607194e-16,-0.00115283017677001,-3.50653187527148e-09,-2.70873349624435e-06,1.16334604298193e-07,2.45503770150986e-06,-1.68456284198478e-06,-2.92907745397205e-05,8.08208043879661e-06,-8.69175728134199e-07,5.91637536755374e-05,-2.00261062709375e-07,-1.97496889585292e-05,-2.68741646400557e-08,-4.07112454366848e-09,-5.83234579497558e-05,3.28218756389268e-07,-0.000113525202377825,4.02007468828506e-16,-2.18727870848412e-06,1.81597789792958e-07,5.23655231894327e-09,5.60898667498415e-08,-8.81498616068228e-05,-0.00119949978555511,3.81184768776772e-06,-1.48841937603712e-05,-1.10942683708333e-05,1.07514686601404e-14,-0.000309827044300204,-1.37830380186007e-06,-0.268731021280929,2.68162000362198e-14,-8.38673664414597e-05,-8.64252300990288e-06,1.20702760808363e-06,0.000696960004203474,0.000104618494713789,8.25922950663926e-05,1.39500380658009e-05,-5.64523959337778e-05,-2.31180347848955e-06,-1.10079397531939e-07,-2.02928005589284e-05,-6.08507177361872e-07,6.02794386858186e-16,1.69141236025587e-07,-5.9298479044118e-06,-2.28474837644625e-06,1.22682234552758e-05,-5.40104592319159e-16,1.85477377820525e-07,-2.53423397557194e-08,2.53680078914235e-06,3.42327421314624e-08,1.15989119893438e-05,-9.9918868049236e-08,1.08737730153696e-06,-3.5671460402519e-06,7.02115682033933e-17,-7.88133116114741e-06,3.56152880420218e-08,-9.32067461147788e-08,-8.5813401631532e-06,1.11400726705757e-08,2.46841574445231e-07,5.98479599211998e-17,3.39123711897164e-16,1.63270018064458e-07,7.62927845143494e-09,-9.60281580575047e-10,7.09686964888581e-07,-4.28074767391131e-16,9.74922843526018e-08,-2.57378981569812e-08,1.3446647068052e-16,6.50567732551024e-17,4.55156204542208e-17,1.22159379941467e-06,3.61735610492457e-08,-5.00926484391933e-08,1.77580031974075e-06,2.56247193711826e-07,5.4174665764825e-08,-2.38333494050482e-08,3.37278005601333e-16,-6.41898079106642e-09,1.91457856130053e-08,-1.57182875404664e-16,-2.84058544036082e-17,-1.45927207835218e-08,-8.76557162539515e-10,-9.4344484097094e-09,2.45717733249534e-06,1.01262853065442e-08,-4.09373492209913e-07,7.26285690838004e-17,-1.45805363502178e-07,2.14229889140496e-16,-8.33181333172847e-06,1.80411241501588e-16,-1.21553239119621e-08,1.31659129854308e-16,5.14107408285554e-08,1.36140211586734e-08,1.10463536549802e-06,9.05472359652275e-07,4.02273818332953e-08,-4.73901118905143e-09,3.06941173223726e-08,1.20693055559247e-08,5.78615716302772e-06,1.95528325122527e-07,1.16989007077347e-08,-3.40764258190091e-08,-6.39169039141361e-06,-9.22669407993834e-06,-1.72511812016471e-08,5.2797882389462e-17,1.66942308785789e-07,-2.96936311723689e-08,1.67881781855391e-08,7.51437701180005e-17,3.20576964974822e-07,9.51103782595968e-07,3.09928332296112e-07,1.1237153782434e-16,-7.57993374256995e-08,-4.43214901739543e-06,2.78579237501438e-16,-5.62472679948989e-08,1.41792023225729e-07,2.04218049846525e-16,-3.53013732249468e-16,-5.50014719153517e-09,-3.12281252591599e-06,-1.82125962544601e-08,-2.59973121071067e-05,7.78032459469778e-07,2.0673916310521e-08,3.68642336083231e-05,2.06392054563461e-07,-5.71978398620622e-06,-4.50011664217265e-16,1.10276077406635e-09,8.11092585887152e-08,2.30173779089748e-07,3.77717723367463e-05,1.56707989030732e-15,2.47106113757272e-16,3.31955667295777e-06,5.45871701754245e-16,-2.45334220547117e-19,5.29469173325903e-07,-8.69603593684126e-07,-1.63214023926916e-07,-2.13214014562751e-06,6.03877527397678e-06,1.59648673514246e-06,2.21413616109353e-06,2.64523955844561e-15,0.368645311547525,-2.27827693856992e-06,-0.000134562839191214,3.20107527460244e-07,-5.83604373876581e-07,-1.4523984517232e-15,-6.37299668139972e-16,-2.21219945391389e-15,2.75820647112889e-06,1.00275180394515e-08,6.39507537618478e-07,-1.45168338854942e-15,6.19671887819925e-09,1.57474658917566e-15,1.56220425039232e-16,-4.59976490521377e-07,1.14044559766359e-07,1.02137265658997e-15,7.74647792625107e-07,9.29271014661493e-09,-1.28176800965932e-15,-1.63205846445827e-08,5.37870739420153e-17,-7.30878638608103e-07,9.05143237043061e-16,-7.05200742415745e-07,-3.33397992332378e-08,-1.17349486151778e-09,-1.88442905764532e-06,-1.16615371000898e-05,2.0244573113433e-09,-1.84496952143546e-08,-1.40817841578338e-16,1.57288990935479e-08,-1.03158482111555e-09,1.17238976435318e-15,-1.60554568516413e-10,-4.15418314200449e-09,1.1420752772955e-09,2.14136244777391e-16,5.43871721265587e-09,7.62381573040879e-09,-3.07141174760114e-16,-2.26976190577114e-07,-1.77926610161037e-07,-2.70522548433895e-10,5.54908593855673e-16,-3.75259873279592e-16,5.90862492152682e-09,3.45441248819778e-06,2.8153282743947e-08,-3.24282367233829e-09,2.16746544777211e-05,-3.21859669085153e-16,9.96043861811105e-17,1.03240256407938e-06,1.84081251150799e-09,4.75550659173212e-16,0.000200911640183875,-1.17204753345042e-17,6.78421040327567e-09,-1.23351481896742e-07,-1.65599786163131e-07,-1.11207571563862e-06,1.54973065637531e-16,5.15529299963311e-16,-1.00323292549549e-15,7.05234243769656e-19,-9.36217567520716e-10,-3.26715431585854e-09,-5.78866531624816e-16,1.59651304213197e-16,-7.69332514924513e-16,4.69614877512093e-09,4.25706458442623e-11,-2.39751281412605e-09,-7.97355610206912e-16,-6.35816811526968e-17,3.04508344537921e-16,-1.10037986547063e-07,3.37432182341279e-09,7.10556472533358e-16,6.05934641295206e-10,-1.5994150656851e-08,1.70784954760476e-15,3.88160097588649e-16,-1.98855450595113e-06,-1.15438127739498e-10,-9.97666188466301e-07,3.23446635367236e-16,6.48297287191348e-09,1.0563686607354e-07,1.14824596975402e-07,-4.35841545969012e-07,-2.59780754757032e-08,4.26351954631026e-10,6.92505720407778e-16,1.24294829253611e-16,1.39543201289533e-16,8.46254520621989e-09,-7.66688455974571e-09,-3.01032337975392e-07,-2.34220361027181e-09,3.38535058306007e-16,-9.67770476542481e-16,1.56691992085485e-15,9.39230882007623e-16,1.94108402841751e-15,1.14509002049744e-08,-9.83699852956084e-16,-1.05868917634088e-16,-3.27728330200208e-06,9.97741015532586e-16,-2.93819178789874e-07,-2.65313561726225e-16,-2.15011223231096e-07,-4.45211724313028e-16,-2.64275935940374e-07,-5.61599942700096e-07,-2.94246686211062e-08,6.68268139821483e-16,1.82713991883175e-06,3.6986844689284e-16,1.65736437912689e-07,-2.68000328253029e-08,1.48416495255085e-10,-1.28250936533493e-15,8.22555976399844e-07,9.88830236237108e-16,-5.97985709496494e-08,-3.05405554185713e-08,-1.15906789231118e-15,-2.58214999908106e-15,-1.63603270962468e-15,2.31441638080389e-15,-4.66885635770803e-09,-2.36056896779614e-07,-5.26156171380859e-07,2.97524656758889e-15,-3.52300810673654e-15,-3.22777415866053e-09,2.63425526796654e-08,-2.7855814293683e-15,4.36659582123499e-15,-5.32129478111653e-08,-2.40973607361372e-15,-1.03382170981672e-06,8.62866878773911e-16,9.54359477261324e-08,-3.62995059801443e-15,-4.66568860718445e-15,-3.85373909062152e-15,-2.0033461601536e-15,6.6020730545421e-15,-2.64919236050224e-15,1.86240434332958e-09,-1.3027422357586e-08,-2.01854406464937e-14,-8.69387494475101e-09,3.66043946844185e-07,1.70060073478823e-13,0.707106781186548,-1.68299344883696e-14,-1.01273412436548e-14,3.39382932292037e-07,2.7578226114847e-06,-7.09268497302529e-15,1.82341403947041e-15,-6.64212634916097e-08,-2.14610368062253e-08,-3.25241194063628e-10,5.80542990185487e-15,5.17801699685955e-15,2.0333561871495e-15,-4.80594577446938e-15,1.82647039278524e-15,7.97153682030943e-15,1.56237157377563e-05,-4.58020453864195e-07,-4.09131220788838e-07,2.63404641447971e-15,1.34817647836325e-15,5.68732178138466e-16,-5.44120837822042e-16,6.89151716049561e-16,2.56672425100134e-15,-2.30858055273387e-15,-1.67584481586241e-15,-2.15454919228479e-15,-4.57769502162244e-16,-1.35852899771773e-15,2.62497640937887e-17,1.26411204830535e-15,1.4942021304471e-15,1.31912216756156e-09,3.63457220425233e-16,-2.1242009145283e-15,2.08862891484693e-15,1.87254260192704e-08,-2.31719174759174e-08,5.35796366378262e-16,-4.83780957872934e-10,1.71892966747799e-08,6.43928247773175e-16,8.64313677008237e-16,-3.32841450635356e-08,1.04015751337703e-15,4.27130329910179e-10,-1.02130610179486e-16,-4.69351550180861e-17,-8.95641766099084e-16,-3.12852122593905e-16,4.31870069068765e-08,-5.78649114219036e-08,1.14086240351457e-15,-2.78437141829819e-16,6.06099242265584e-16,3.34955683465552e-16,5.62687374992821e-16,-1.55818244342955e-15,-7.30329522601901e-16,-2.88707434020756e-16,7.13915690356709e-10,1.44021483147563e-16,-8.02386509492286e-16,-1.32072383903516e-16,1.03797794381383e-16,3.15876864689118e-16,-6.16766940077208e-17,-1.55998840108511e-07,-3.04268676029375e-16,-6.58502892641071e-16,1.05626093941205e-08,1.03599814147524e-15,-1.02405482694824e-15,6.17486101580362e-16,-2.63109922336135e-16,8.90111153991492e-09,-4.63612637539257e-16,-6.73006293983762e-07,6.97010223733364e-16,2.16497903923074e-16,-2.7103106965299e-16,-1.02487540252466e-15,-4.37150030615853e-16,-5.38763969626233e-16,1.07015069541876e-08,-5.4836823894057e-16,-5.97966627577391e-16,1.3550508477656e-09,-1.33963643847271e-06,-6.25396974318473e-17,2.31153993605545e-07,5.25877993501546e-06,3.11879679725035e-16,-5.10824236006413e-16,3.92742185042439e-16,-3.1622973365446e-16,3.31275788499082e-16,-8.91142491027344e-06,7.2103070157108e-16,-2.96475670582495e-16,-2.26632980987224e-16,3.62170800000725e-07,-7.978059736662e-16,1.93119049436174e-16,8.68532451197259e-16,3.31981636792502e-16,-4.8871291708318e-06,-4.6401471486649e-16,2.88573604718072e-10,-3.55609125556836e-16,3.57196761141414e-17,5.27253007152757e-16,-1.46544595266823e-16,9.7993790366639e-17,1.16027072376266e-16,1.95697197143487e-16,-5.03477036293465e-09,2.04906621255222e-16,3.3167317683858e-16,2.11953410950133e-09,-4.03200440181408e-16,-4.00161748637634e-16,3.391429955301e-16,-5.68109432003931e-16,3.76487560585969e-16,5.37023300819772e-16,-1.5429860368677e-08,2.67041762632342e-16,-5.85385325748387e-16,4.60310631569913e-09,4.89287296409041e-16,-1.01206721119617e-16,-2.44100614275049e-16,3.40480746016649e-17,-2.85643732569088e-16,2.98955755760706e-16,-1.19686321493383e-16,6.761799803605e-17,3.12401593153957e-16,-3.07413222579425e-16,1.00085618381155e-16,-2.43130963821191e-09,8.06879685394648e-09,-1.29441519290855e-16,3.82816433337541e-16,-1.22208392453837e-16,-1.19636912452703e-16,2.95187593986335e-16,-2.65749723545745e-16,-1.00232723868354e-16,-7.89849161906712e-17,-7.72279542387241e-09,-9.59582165757926e-17,-2.06997568660732e-16,-2.85576492505433e-16,-4.18228656968434e-16,9.02194751215775e-10,1.73860393281324e-16,-1.43623274101943e-10,8.29434994265049e-17,-8.4301608779976e-17,-1.17730286824643e-17,-8.20301355574984e-17,-1.44274316165556e-16,-2.5934965350644e-16,1.89479463480087e-16,2.69113891212937e-16,-2.17663965049721e-16,1.28562936350876e-16,1.2257437979433e-17,-2.37019997334729e-16,5.34125820590574e-16,2.41457805637593e-16,-2.11335016879801e-16,4.24834899664045e-17,2.91964985575524e-16,2.58421633092989e-16,-9.66185527545894e-17,7.30722830435057e-17,1.66370823367901e-16,9.77779385369109e-18,-1.18761563186763e-17,4.82350699313012e-16,-1.94361515966035e-16,1.17210594270059e-07,-5.306812904649e-17,5.3153547068768e-16,3.1342015056086e-16,-1.80220301326833e-16,6.72100864956041e-16,2.1881057362048e-17,1.83001111061514e-16,1.05424576716602e-17,5.74142786534038e-17,6.16827183819715e-17,-3.95991290973174e-16,-1.25799714169701e-16,-3.44301080728385e-17,-1.84495979356406e-16,-1.82706113714219e-16,2.45883437232677e-17,-1.91337277677649e-16,-9.14174379219955e-08,-6.40394397095227e-17,7.15229805730942e-17,-1.26657980347189e-16,2.08529339478463e-16,1.07100336191756e-16,-1.81198602146219e-16,-9.81075006675531e-17,-4.22791070054264e-17,4.72265179362441e-17,2.11493878374555e-09,2.04459280335655e-16,8.3299361910897e-17,6.90887120782608e-17,1.06830880952255e-16,-1.70696108535352e-16,-3.75332405605607e-16,1.58024576407424e-16,1.47507162207375e-16,2.0194787960251e-16,-5.79959362772393e-16,-1.15530527425308e-16,-1.89321509496028e-16,1.88825672494889e-16,1.6802172743891e-07,9.24360411819414e-17,1.87794475456809e-16,-3.89686889816814e-16,-4.41161863984352e-16,-2.96276208939054e-09,4.19626792163138e-17,6.45184082648883e-17,3.67292854918288e-17,3.05526351315752e-17,1.0455678282339e-16,2.32246127973809e-16,-4.26629130589811e-17,-2.0839737033013e-16,-1.41446494527465e-17,4.61826125730131e-17,4.96905100168704e-17,2.28461372411205e-16,-1.50316940249696e-16,5.95733146273678e-17,-1.28453843951469e-16,1.90419405917768e-16,-1.62030718643969e-16
"t409",0.0356855525015563,-0.0105554765929157,-0.0115478388645976,0.000682857842125715,0.00634864773927655,-0.0174959887638536,-0.00247393215354186,-5.37308187096952e-06,-0.0523683295140479,-0.0405584078583885,-0.03988213562778,0.000429473353956042,-0.000889074402879045,-0.000190755846874233,-0.00523812051526966,0.00011615792206716,7.22181302509031e-05,-8.28679411718031e-06,-0.00352026630269375,-0.000622376041612519,1.09478883224718e-06,-5.52690346915236e-05,0.103922436010327,0.00440951045834733,-0.000427238808873967,0.00498912553692518,-0.0534436093590942,-0.000428201212470691,-3.49546927022521e-05,0.00217174568362521,0.0128136338365334,-0.00633485968313762,-2.28314776350462e-06,0.00149887904225031,-0.00072405408278131,0.000541001484670595,3.64071882537017e-05,-0.000249871604132378,-0.101680433214925,0.0224110149380575,0.000897025924555743,-0.0939396820717979,-0.000105249590757978,0.00617284527311801,-7.18297772876423e-05,1.28831317315673e-06,-5.2944127204573e-08,-2.27637736851517e-07,0.000286156042916635,-0.000750890473467526,9.50310592597569e-07,-1.38904950453798e-06,1.85362857151653e-06,-5.77925221808e-07,4.00937651569403e-05,-2.86866324111682e-05,-2.08483017881987e-05,4.5621340979313e-05,-0.000421764026108728,1.96799531010045e-06,3.96532862705782e-06,-0.000325363144424451,0.00030766533199222,-0.00026558086608081,0.367399830406916,7.71156155989176e-05,-0.000188271258174711,0.000479465714068811,-0.000108560938853511,0.00044436513193659,-2.9438533775931e-06,7.7269359372354e-06,-2.69109000949995e-05,-1.81285932671552e-05,7.67650082977868e-06,6.72889064664188e-06,-6.98541315137375e-05,1.1636077154709e-05,-0.0280880159212251,0.000301860688501443,3.73196637619898e-06,0.000426461234940876,-0.0129503867784847,3.30072825847313e-05,0.000108301025845288,3.28888507967898e-05,-5.51908869574047e-06,-9.58198496367895e-05,-1.79742533427485e-07,7.28356107381303e-06,-7.53499222621858e-05,4.78043048782141e-08,3.32279661394532e-05,-3.01626644770882e-05,-6.27705525123872e-06,-7.36942265713611e-06,-8.66196135546747e-07,4.64991531262063e-06,-5.2330116367362e-05,-0.00110165132404592,-2.38097185733932e-05,1.58444135449483e-07,-3.34076191790347e-05,4.02128427520113e-05,-0.000831383692775646,1.29028041700145e-06,-0.000371730238385208,4.95930854135637e-07,-0.000924092726735193,1.45774725943397e-07,5.02820136830444e-06,1.07214677706004e-05,-3.34221642165421e-06,4.20512776292935e-06,-4.76959891496621e-06,8.62886270247859e-06,-0.0102445897956912,0.0204193077129406,1.99272692859884e-05,1.83867389493524e-06,-2.34794710585923e-06,8.81921479710378e-06,-0.00014220945911805,-0.000141428075628568,7.01014712221891e-07,-1.55979112363507e-05,1.62434143362214e-06,-3.97503242963268e-05,3.76874712562319e-05,0.00131125508823403,9.68557742669662e-06,-3.60559642058176e-05,2.94699498813887e-06,0.000354860549531396,-7.26692822138536e-08,4.80104208297902e-05,-0.00013614952627956,-5.15503179766121e-06,0.000629868852078484,-0.000182475839590491,-0.00440374859735466,1.11373792166639e-05,1.80898704539934e-05,1.95398825425053e-06,1.13195897025224e-08,-3.02560167461641e-05,-2.36516285973823e-06,0.0152422828162855,-2.92291827408838e-05,-6.01890657442075e-07,-7.65156802320338e-07,-4.36918838232354e-05,-6.29604335368552e-07,0.000158833279256792,-5.57988096709199e-07,-1.05972459422069e-05,6.57174974927875e-05,-7.24003419971882e-06,-4.27495128421395e-05,-5.95737732316047e-06,-5.82705706977297e-06,8.51858616906075e-07,-0.0010566851376257,-7.7327640990595e-06,5.64038043141459e-06,-3.90511501411091e-06,0.00110481839159137,1.49267728619619e-05,0.0009416811507651,3.71662862084939e-06,-7.9772739657462e-06,-1.4259315167291e-06,1.95697373907854e-07,0.00195139652995876,1.27245605056545e-06,2.63969382443009e-06,1.16695220825135e-07,-5.24031961767954e-06,-0.000277999690843921,-3.27619318634495e-05,0.000140611542802205,4.80179123569167e-05,-1.132097654436e-05,-5.20782750860374e-08,-1.87066805093425e-06,-2.18161181733284e-06,-0.0337482655049026,-0.00146040276479455,-0.00673477013632163,-8.83690956499095e-07,0.00292006463184751,-2.59516655640508e-05,-7.4522878016768e-06,-7.98687192522582e-10,-6.04977348673738e-08,3.7666910493375e-06,1.50393801704988e-06,-2.76376767081088e-09,1.60768749952223e-06,1.68256179238953e-06,7.21273241290172e-06,7.27041125061892e-06,-2.95873708641004e-05,-4.95671401359724e-07,-5.66216449399111e-05,-2.67487502981998e-06,3.90331201005456e-05,2.15530514363301e-06,-0.000129315807772559,-3.13431959305642e-08,-0.000679079280035185,-4.43117619039328e-06,-1.16880957144861e-05,-0.0003688413053366,5.91754076027748e-08,-1.1424340270862e-06,5.51085810102143e-07,4.08365832082374e-07,-0.333653320494974,5.52115369849856e-05,1.81541902575001e-05,-9.02445915037002e-06,-1.70509543253409e-06,-6.19871634779158e-06,1.23108406673916e-05,6.55077617219246e-07,6.10409317481303e-05,2.80103138157011e-07,0.00209847138761056,2.1782822534395e-06,-1.44182881470842e-07,-2.75068533636294e-08,-6.92262373092279e-07,-2.3787089730538e-07,6.34882676739798e-08,-4.42259774700845e-10,-6.82307411851137e-07,-6.4261770521696e-18,-1.23633531093679e-08,1.92229890956736e-07,-5.89566199872482e-08,-1.85063107368734e-07,-2.81911152728067e-06,3.92427452499191e-08,-6.57215527219339e-07,2.99249269902688e-07,-1.14358112769878e-05,3.92088270029594e-08,-8.15370294072629e-08,3.45402899584469e-05,-2.29900539186342e-08,2.55080317936572e-06,-3.91275937901522e-05,1.08806854741153e-08,-7.4617410636261e-10,3.69926362021241e-08,-3.98732996900887e-08,6.39025901248119e-07,0.00299395167867658,-3.45879665274411e-05,4.57156963561362e-07,-1.47287297812924e-05,1.02398041120695e-05,-6.36327703454897e-07,1.16658677030636e-05,-0.000152054106953749,9.13159456385513e-09,7.95126688834122e-05,3.86467107115849e-07,3.20182730160684e-06,8.48437505051986e-09,-4.56640543249931e-06,2.37582794447501e-07,-3.08576983010352e-07,4.90195793809911e-07,-9.50720240539312e-07,7.44315105495739e-07,-5.47307273110977e-08,1.06168760010046e-05,-4.62770391352064e-08,7.62240354519265e-06,-1.85534170432011e-16,-1.88979382088412e-05,-3.56123182791433e-05,-2.01169613889099e-11,-1.77601269868116e-07,2.63181148337287e-07,-1.63679340731565e-07,-4.65524045040545e-08,5.52541254812053e-09,-2.46948036022746e-07,9.33876875872524e-06,3.47294442716242e-06,-2.75262892081345e-08,1.47481247814669e-05,-4.96100821990739e-05,1.3511969398243e-06,-0.000452901313719829,3.44648976147529e-07,6.03053008290059e-07,9.31100515201051e-09,2.61228473261205e-05,-3.50412342304642e-06,1.55626402392895e-08,-4.90301018007421e-06,5.78364093824318e-07,-2.10497318031074e-06,1.56663002451734e-06,1.39624882323949e-05,7.09852889125909e-07,-2.2586383140828e-07,-1.48219180892566e-06,1.51691433916533e-07,-7.09460960622604e-07,1.99085498654077e-06,8.13347901756424e-06,-0.000635349719016255,4.05664252655293e-16,1.17528206325731e-07,6.47272415070213e-07,-6.49609321167469e-08,3.47267064502951e-05,3.73162297524493e-08,9.22280718614357e-06,0.000364380941459569,-2.76301383829318e-06,1.24211189215936e-05,-5.95410462227322e-16,-0.00115283017677005,-3.506531484635e-09,-2.7087334962601e-06,1.16334604248134e-07,2.45503770183198e-06,-1.68456284182297e-06,-2.92907745398383e-05,8.08208043892235e-06,-8.69175728121956e-07,5.91637536757861e-05,-2.00261062577095e-07,-1.97496889586948e-05,-2.6874164756859e-08,-4.07112446565674e-09,-5.83234579498732e-05,3.28218756373676e-07,-0.000113525202377682,3.1470128779204e-16,-2.18727870850907e-06,1.81597789740184e-07,5.23655222071475e-09,5.60898666491831e-08,-8.81498616066823e-05,-0.00119949978555501,3.81184768809054e-06,-1.48841937602341e-05,-1.1094268370776e-05,1.05515314761745e-14,-0.000309827044300039,-1.37830380182918e-06,-0.268731021280929,2.68263295653534e-14,-8.38673664412951e-05,-8.64252301013055e-06,1.20702760814187e-06,0.000696960004203364,0.000104618494713679,8.25922950666254e-05,1.39500380655515e-05,-5.64523959335484e-05,-2.31180347846408e-06,-1.10079397447539e-07,-2.02928005589848e-05,-6.08507178028673e-07,8.78358929594675e-16,1.69141236297582e-07,-5.92984790465235e-06,-2.28474837660143e-06,1.22682234552672e-05,-6.79212397802824e-16,1.85477377400947e-07,-2.53423397714267e-08,2.53680078926104e-06,3.42327422837091e-08,1.15989119898691e-05,-9.99188680298156e-08,1.08737730146715e-06,-3.56714604020381e-06,-2.08517227741104e-16,-7.88133116127386e-06,3.56152878954106e-08,-9.32067460120593e-08,-8.58134016334627e-06,1.11400728522903e-08,2.46841574121381e-07,2.16840434497101e-17,2.77951590175275e-16,1.63270017200587e-07,7.62927848328677e-09,-9.60281788140126e-10,7.09686964786855e-07,-3.00377642188347e-16,9.74922840348184e-08,-2.57378978600115e-08,2.05669760672491e-16,5.08084106117403e-17,2.31663515573546e-16,1.2215937992396e-06,3.6173561001879e-08,-5.00926483571218e-08,1.77580031979911e-06,2.56247193746911e-07,5.41746659897288e-08,-2.38333495575127e-08,1.57892830063833e-16,-6.41898059661106e-09,1.91457854726881e-08,5.03962938626823e-16,3.36076269840449e-17,-1.45927207579747e-08,-8.76556899502271e-10,-9.43444838666787e-09,2.45717733232108e-06,1.01262843986851e-08,-4.09373492761512e-07,4.94057953528935e-16,-1.45805363536871e-07,4.13042607730929e-16,-8.33181333175267e-06,-3.12141805458577e-16,-1.21553245307912e-08,-1.76952940778633e-16,5.14107412536878e-08,1.36140213604192e-08,1.10463536521599e-06,9.05472359361749e-07,4.02273819079144e-08,-4.73901115282812e-09,3.06941173191497e-08,1.20693053492834e-08,5.78615716292298e-06,1.95528325066491e-07,1.16989007536803e-08,-3.4076425799147e-08,-6.39169039162042e-06,-9.22669407982451e-06,-1.72511815768559e-08,-7.79864669510322e-17,1.66942308815994e-07,-2.96936310700636e-08,1.67881781140937e-08,-1.18063864825849e-16,3.20576965704163e-07,9.51103782196759e-07,3.09928332344172e-07,4.48570773195145e-16,-7.57993374287745e-08,-4.4321490165685e-06,-1.96290743271191e-16,-5.62472681512708e-08,1.4179202456367e-07,9.1239821037439e-17,-7.37231269509778e-17,-5.50014737045597e-09,-3.12281252619856e-06,-1.82125958873749e-08,-2.5997312106556e-05,7.78032459075168e-07,2.06739164108543e-08,3.68642336084657e-05,2.06392054900784e-07,-5.71978398661596e-06,-6.83562364697798e-16,1.10276042179722e-09,8.11092594235661e-08,2.30173779325329e-07,3.77717723368838e-05,1.1254774438927e-15,7.06860562164264e-16,3.3195566734028e-06,4.98198640754398e-16,1.18061587787849e-16,5.29469173351803e-07,-8.69603593837375e-07,-1.63214023709504e-07,-2.13214014549659e-06,6.03877527371183e-06,1.59648673486848e-06,2.2141361609464e-06,2.25059381377953e-15,0.368645311547523,-2.27827693870825e-06,-0.000134562839191043,3.2010752813718e-07,-5.83604373711935e-07,-1.10518161094688e-15,-9.61815123392126e-16,-3.40300576063078e-15,2.75820647130854e-06,1.00275179016945e-08,6.39507538325804e-07,-1.11919878211292e-15,6.19671944570044e-09,2.24890350002715e-15,1.36756761989564e-16,-4.59976490696181e-07,1.14044560118246e-07,1.65286621195415e-16,7.74647792519387e-07,9.29270959862592e-09,-5.96552236648437e-16,-1.63205856103242e-08,1.78464711959877e-16,-7.30878638114108e-07,5.00158240608425e-16,-7.05200742138003e-07,-3.33397996647375e-08,-1.1734947077459e-09,-1.88442905797391e-06,-1.16615371013846e-05,2.02445744853553e-09,-1.8449695121952e-08,3.32019316879732e-17,1.57288991251946e-08,-1.03158404173629e-09,-2.33798555571278e-16,-1.60554668346431e-10,-4.15418330519365e-09,1.14207621257999e-09,-6.5732788756949e-16,5.43871752160251e-09,7.62381593139132e-09,-1.25523120683933e-16,-2.26976190813029e-07,-1.7792661085011e-07,-2.70522218532307e-10,-2.46300012407248e-16,3.0790389796472e-16,5.90862472104926e-09,3.45441248759253e-06,2.81532828170668e-08,-3.24282372809297e-09,2.1674654476835e-05,3.66149148351674e-16,1.22206521403927e-15,1.03240256395704e-06,1.84081210144759e-09,-2.87713760148119e-16,0.000200911640184462,-4.06920303562658e-16,6.78420992392212e-09,-1.23351481782638e-07,-1.65599785989377e-07,-1.11207571603631e-06,-3.83405628000118e-17,-3.39360229330336e-16,1.37414601476561e-15,-2.51816356933204e-16,-9.36217478905745e-10,-3.26715443799188e-09,4.61530129134941e-16,4.03283370523692e-16,3.10864395584212e-16,4.69614996421928e-09,4.25706513516447e-11,-2.39751325647018e-09,7.96480298686886e-16,2.49542682524695e-16,7.85335067376297e-16,-1.10037986651579e-07,3.3743222077622e-09,-1.06642893908093e-15,6.05933140894592e-10,-1.59941510591837e-08,-1.39290370579421e-15,-1.40423061186286e-16,-1.98855450449509e-06,-1.15438837685654e-10,-9.97666188717018e-07,-4.32023898287253e-16,6.48297208595155e-09,1.05636865194192e-07,1.14824596043293e-07,-4.3584154582051e-07,-2.59780763509589e-08,4.26355885365131e-10,-5.0792292117852e-16,-3.9008143847587e-16,-2.25401227986601e-16,8.4625456371697e-09,-7.66688378544191e-09,-3.01032336271552e-07,-2.34220311904986e-09,-4.45580281626242e-16,1.76093183085518e-16,-9.41627009186458e-16,-7.68313676863125e-16,-1.57605427757622e-15,1.14508995355805e-08,9.15463157592307e-16,1.28443871638182e-16,-3.27728330176819e-06,-9.24357227654299e-16,-2.93819178191968e-07,3.15667210281372e-16,-2.15011224288098e-07,3.78907544834088e-16,-2.64275936341852e-07,-5.61599941584496e-07,-2.94246652911841e-08,-6.86117006010255e-16,1.82713991694236e-06,-4.67810096557105e-16,1.65736438049912e-07,-2.68000329703544e-08,1.48418239211557e-10,2.13995135602508e-15,8.22555971903548e-07,-8.08604652952752e-16,-5.97985698512111e-08,-3.05405537241385e-08,9.02598518216119e-16,2.5693189609327e-15,1.82535066350971e-15,-2.34447159689179e-15,-4.66885932746225e-09,-2.36056898078917e-07,-5.26156166274356e-07,-2.69776303573769e-15,3.38271668515596e-15,-3.22777396670441e-09,2.63425547884387e-08,2.85664782686453e-15,-4.50496073515752e-15,-5.32129423573871e-08,2.50592832866681e-15,-1.03382170864662e-06,-1.18861302165872e-15,9.54359487549068e-08,3.60873657218779e-15,4.17766252339015e-15,3.85561542600993e-15,2.32490953896796e-15,-6.61849785326616e-15,3.13112310188695e-15,1.86238120211011e-09,-1.30274135028492e-08,2.01574426654001e-14,-8.69384689807717e-09,3.66043888441672e-07,-1.7030006816489e-13,-0.707106781186549,1.70764479705024e-14,1.08929951308447e-14,3.39382912978446e-07,2.75782260814866e-06,7.33261989395453e-15,-1.75689432099093e-15,-6.64212865945485e-08,-2.14610264434258e-08,-3.25245556560685e-10,-5.87414250757978e-15,-5.03511161526952e-15,-1.86898915870525e-15,4.48598414482006e-15,-2.19808375563143e-15,-8.17354619086827e-15,1.56237157387591e-05,-4.58020454823065e-07,-4.09131224935614e-07,-2.68201995824438e-15,-1.19118499558688e-15,-5.75960570504817e-16,6.49682683826907e-16,-9.89328443834477e-16,-2.22241355552232e-15,2.28843279885205e-15,1.74456043654664e-15,2.010405056248e-15,4.94780347983056e-16,1.36809262346333e-15,-2.21168085849023e-16,-1.42168317712713e-15,-1.56132727393547e-15,1.31912508547422e-09,-3.33490964936035e-16,2.88914992893515e-15,-2.17090561703523e-15,1.87254279319103e-08,-2.31719169881921e-08,-6.74900643607854e-16,-4.83784137619284e-10,1.71892966919091e-08,-6.17391443668465e-16,1.1046880144789e-16,-3.32841462600472e-08,-1.13471669733284e-15,4.27131455272196e-10,2.0465212263666e-16,4.73800628932925e-17,7.81009329381827e-16,4.07780579745217e-17,4.31870063686583e-08,-5.78649117238669e-08,-1.30905502318533e-15,3.51350215417251e-16,-7.63873402336256e-16,-1.98580205636045e-16,-2.25229448806707e-16,1.54398756196304e-15,8.11292117864669e-16,1.18839171040513e-16,7.13918018870295e-10,-8.58720399370448e-17,7.45883390409632e-16,1.10342031421895e-16,1.7942360734249e-16,-5.24820034046147e-16,1.85589163954749e-16,-1.55998839866436e-07,3.21815207797483e-16,6.61007932015681e-16,1.05626102485056e-08,-7.37022286266163e-16,9.68253970058568e-17,-5.88856305366642e-16,3.8403079264123e-16,8.90111182478854e-09,5.05813469014808e-16,-6.73006294092463e-07,-4.93277704975197e-16,-1.14386374025063e-16,2.43436393340131e-16,1.0250546823419e-15,4.57356197465208e-16,6.14718703555772e-16,1.0701506659628e-08,4.94471428467906e-17,5.61789990672071e-16,1.35505018314526e-09,-1.33963643819329e-06,2.00756986892117e-16,2.31153994030213e-07,5.25877993584273e-06,-4.4080888278688e-16,4.41918435101955e-16,-3.41416556794438e-16,2.51639390667436e-16,-5.22221903993817e-16,-8.91142490987787e-06,-6.5424416004337e-16,-8.706202096692e-17,1.21879903763633e-16,3.62170799788904e-07,4.60987433577546e-16,-9.98221855074147e-17,-7.25008557091318e-16,-2.8138358150056e-16,-4.88712917106871e-06,5.95037946489342e-16,2.88574009576088e-10,3.34715820011364e-16,-9.02104071096309e-17,-6.50144644513684e-16,3.46538668978634e-16,5.49548012039394e-17,-3.5578903946578e-17,-2.07883572865955e-16,-5.03477005680983e-09,-1.52818677566914e-16,9.89058801102773e-17,2.11953402296834e-09,1.71496342113223e-16,4.59863400995695e-16,-2.90179146138693e-16,4.55650746482447e-16,-4.11986880192522e-16,-7.35810329879109e-16,-1.54298606518976e-08,-1.83164761181185e-16,3.49195780128816e-16,4.60310595108172e-09,-5.65749777596968e-16,1.30915371723152e-16,2.70148104779121e-16,1.85376694220268e-16,1.10993277560766e-16,-2.94320583771784e-16,-2.67091565959164e-17,-1.49682445847552e-16,-4.82768276646156e-16,3.15375729583644e-16,-2.22448606140527e-16,-2.43130931997135e-09,8.06879740764803e-09,-7.73886779378141e-17,-1.74178648381877e-16,9.50970344956637e-19,3.59127583282797e-16,-4.64553525855727e-16,7.80955910950288e-16,6.79354877506191e-16,6.27143956431335e-17,-7.72279533653187e-09,2.43986173749519e-17,1.67153181085774e-16,3.67239895096488e-16,5.12973175931288e-16,9.02194686829406e-10,-1.88131765839676e-16,-1.43624167484142e-10,-1.42985737859798e-16,1.83647305983077e-16,9.52129903836963e-17,-1.87670557952285e-17,4.80380091659919e-17,5.32288553286855e-16,-1.89268286364817e-16,-1.14959857217332e-16,-9.31179159849157e-17,-9.91996988119184e-17,-3.27307056270311e-17,2.17144306533667e-16,-5.81396154775131e-17,-1.79147298766795e-16,1.82971993875995e-16,-3.45726813300928e-16,-2.09992672296018e-16,-2.84683248848416e-16,6.80665103793046e-17,2.03594045229026e-16,1.07932326270932e-16,-9.60600628945606e-17,4.87307451232635e-17,-5.31450287475823e-16,2.39954181446799e-16,1.1721059421593e-07,4.79736143367125e-17,-1.49343493633219e-16,-2.6014086633626e-16,1.30945126393158e-16,-4.02628974962658e-16,-7.99702627477789e-18,-7.09776417743511e-17,3.2992223119998e-17,-7.6595085357511e-17,-1.28117262778502e-16,8.1342267990725e-17,-1.60842378392656e-17,-2.11198018648393e-17,1.78753482911389e-16,4.43207055321613e-19,9.33451953754465e-17,2.03226401034675e-16,-9.14174380264228e-08,1.96756386900826e-18,-1.55506606693357e-17,1.70451108011966e-16,-2.53029207862884e-16,1.35774651624819e-16,1.34437447069105e-16,-1.08491646455442e-17,-8.3809205433742e-17,-3.61340596391341e-17,2.11493884576795e-09,2.64198820039606e-16,-1.38496027973353e-16,-1.41904541889662e-16,-1.10631950323871e-16,2.83456953573362e-16,2.94541391982324e-16,-2.03647895984132e-16,5.79263962291387e-17,-5.28151274049671e-18,-6.7398532592133e-17,3.82890422225913e-17,1.32838586635301e-16,-1.35325211635867e-16,1.68021727697549e-07,-2.68241715578904e-18,-1.74450713549269e-16,3.84771890240244e-16,-4.08540931119694e-16,-2.96276248082393e-09,-3.31310758270381e-17,9.4015293546372e-17,-1.50408101582063e-17,-7.17557817211956e-18,1.40376126688023e-17,-1.0046223858956e-16,2.49184020871438e-16,1.45882757352125e-16,2.45258182232874e-18,2.27888149341362e-17,-5.14300021105944e-18,1.5275328708358e-16,4.81849789745699e-17,-6.4528110029758e-17,3.0195966222531e-17,6.70571977872372e-17,-2.75147576972224e-16
"t169",0.0356751842109342,-0.0105490168157011,-0.0115405434420183,0.000682279868577772,0.00634207069342716,-0.0174747304319372,-0.00247086733547152,-5.36589732128639e-06,-0.0522856659945208,-0.0404808279746112,-0.0397854499889215,0.000428191982371824,-0.000886344680112479,-0.000190161361352042,-0.00522108924512595,0.000115758114363075,7.19636672827509e-05,-8.25707011505581e-06,-0.00350734926334974,-0.000619896632652813,1.09007440905821e-06,-5.49822760714001e-05,0.103353333674377,0.00438522651769608,-0.000424876765504546,0.00496024148666488,-0.0531305828696531,-0.000425670911089045,-3.47426603525219e-05,0.00215621930208719,0.0127160252715295,-0.0062844381224216,-2.26368233428989e-06,0.00148550321235554,-0.000717267967620291,0.00053553279345854,3.6034580076225e-05,-0.000247274370020507,-0.100616477995099,0.0221730845074757,0.000887233769393685,-0.0928898197384974,-0.000104056121076299,0.00610276499126022,-7.10003348160146e-05,1.27250578538764e-06,-5.22827234123411e-08,-2.2477006620214e-07,0.000282466726005837,-0.000740968451193425,9.37344436527624e-07,-1.36981703480432e-06,1.82790882753665e-06,-5.69760535804758e-07,3.95074197668834e-05,-2.82649443325313e-05,-2.05132739327114e-05,4.48709700070768e-05,-0.000414807890437327,1.93369913922768e-06,3.89340218048662e-06,-0.000319346189917248,0.000301887085101744,-0.000260573725494648,0.360274766805572,7.55825675444361e-05,-0.000184325329540607,0.000469183171302893,-0.000106208237407167,0.000434553673211425,-2.87248152270662e-06,7.52677642182237e-06,-2.62068963958215e-05,-1.76447281615314e-05,7.47109862416474e-06,6.54729849969475e-06,-6.79625928228501e-05,1.13157575048109e-05,-0.0272861573863932,0.0002931184418023,3.62124607060267e-06,0.000413743509711165,-0.0125496342343483,3.19746584616834e-05,0.000104754870500767,3.17988250534692e-05,-5.33394089682624e-06,-9.2599122558024e-05,-1.73697895373836e-07,7.03830594461882e-06,-7.28010909793544e-05,4.61175091798693e-08,3.20510477249437e-05,-2.90670501172038e-05,-6.03925515630086e-06,-7.08850270625644e-06,-8.33167490943579e-07,4.4698258264954e-06,-5.02917395149672e-05,-0.00105781213816449,-2.28458739596406e-05,1.52020444315562e-07,-3.20508959881285e-05,3.84547344671704e-05,-0.000794840947853772,1.23333181681197e-06,-0.000355202594185404,4.73836083752366e-07,-0.000882773863340404,1.39221212078352e-07,4.80175215705671e-06,1.02335595685793e-05,-3.18993188023067e-06,4.00830392974782e-06,-4.54509014216406e-06,8.21768085517394e-06,-0.00975374290158695,0.0194263177216435,1.89444466427262e-05,1.7470304775778e-06,-2.2302244298968e-06,8.36799849725717e-06,-0.000134839309974082,-0.000134094829972525,6.6459920453961e-07,-1.47770087148983e-05,1.53876176999955e-06,-3.76326981340245e-05,3.56163512012388e-05,0.00123917025165604,9.15179718283257e-06,-3.40281211543964e-05,2.78059775585848e-06,0.000334766907600323,-6.85065911183247e-08,4.52558663609624e-05,-0.000128148210563403,-4.84627756354513e-06,0.00059117439848974,-0.000171257939436606,-0.00413186140082432,1.04482594295891e-05,1.69666519208543e-05,1.83250144860126e-06,1.06157952936758e-08,-2.83569038679662e-05,-2.21390637992504e-06,0.014249128014078,-2.73158706190598e-05,-5.62091624503151e-07,-7.1452158655046e-07,-4.07894355810437e-05,-5.87685758073847e-07,0.000148231287007159,-5.1987129984969e-07,-9.87068483617131e-06,6.12001673637822e-05,-6.71311866630402e-06,-3.9596095548325e-05,-5.51702804997252e-06,-5.39145498023195e-06,7.8803125092944e-07,-0.000976370820428059,-7.14401321104946e-06,5.20498478644055e-06,-3.5996787942584e-06,0.0010151218322987,1.37133472943695e-05,0.000865104669367474,3.41288269946082e-06,-7.32151453660973e-06,-1.30861693081604e-06,1.79411751518238e-07,0.00178842406378408,1.16536733867283e-06,2.41712195053997e-06,1.0684632867539e-07,-4.79017925865508e-06,-0.000253687036298421,-2.98879129197994e-05,0.000128240446416095,4.37568336829592e-05,-1.03130465112348e-05,-4.74266999907346e-08,-1.70307547045107e-06,-1.98417604230972e-06,-0.0306864189997475,-0.00132504575324018,-0.00611012211632931,-8.01147472492178e-07,0.00264200106860322,-2.34410728350203e-05,-6.72743333194689e-06,-7.20376628881247e-10,-5.45305763967021e-08,3.38858491242939e-06,1.35239926883627e-06,-2.48306174535664e-09,1.44375153580647e-06,1.50573567257035e-06,6.45365776256349e-06,6.4955982053617e-06,-2.63954283677913e-05,-4.40629906710865e-07,-5.03333049903136e-05,-2.37702296282693e-06,3.46517130146953e-05,1.91203138439928e-06,-0.000114505063185517,-2.76887716055218e-08,-0.000598772028444781,-3.90486626900193e-06,-1.02725895130528e-05,-0.000323692589617224,5.19298978447789e-08,-1.00139293350818e-06,4.81625217108633e-07,3.5669053221738e-07,-0.290541694908584,4.79751372758512e-05,1.57630907633531e-05,-7.81180355301944e-06,-1.47488913861941e-06,-5.35749306270809e-06,1.0613833417807e-05,5.64493775262632e-07,5.25937353186777e-05,2.40681815648335e-07,0.00180012419393142,1.8650977305216e-06,-1.23347725249277e-07,-2.35111639371524e-08,-5.91211691774343e-07,-2.03100600818272e-07,5.40895818601015e-08,-3.76272310747149e-10,-5.79637846025263e-07,-1.25106312435442e-16,-1.04803929862864e-08,1.62882510590162e-07,-4.98059401736694e-08,-1.55974800285573e-07,-2.37140504420252e-06,3.30067082801805e-08,-5.50775684519225e-07,2.50630186898324e-07,-9.57512037209823e-06,3.27847179747084e-08,-6.81149434943608e-08,2.88057912388496e-05,-1.9158752513269e-08,2.12505034446723e-06,-3.25412765765615e-05,8.98381862970971e-09,-6.14487033773084e-10,3.03974447289982e-08,-3.26072118402531e-08,5.22396098815747e-07,0.00243918365449528,-2.81246567291948e-05,3.70700910513476e-07,-1.19326084869711e-05,8.28807645954745e-06,-5.14369239957632e-07,9.41164793781076e-06,-0.000122645035567998,7.32866722745652e-09,6.38064349236651e-05,3.10087495320981e-07,2.56550658231013e-06,6.79473222013471e-09,-3.65103268679283e-06,1.89899373772845e-07,-2.44174110882029e-07,3.87449523234486e-07,-7.50772076290334e-07,5.86559490031316e-07,-4.3058793582793e-08,8.3210243945963e-06,-3.62294520773241e-08,5.96216605984657e-06,-2.23472858251972e-17,-1.4736612101102e-05,-2.77592357749396e-05,-1.56601693269853e-11,-1.37818755823174e-07,2.03670878156592e-07,-1.26502883716103e-07,-3.59556376083332e-08,4.23160216156972e-09,-1.89018599502137e-07,7.14699357057602e-06,2.65109982599643e-06,-2.08586565287247e-08,1.11613195792217e-05,-3.75109462045591e-05,1.01861437091075e-06,-0.000337464256723322,2.55515723985439e-07,4.46959002164416e-07,6.90034015275907e-09,1.91129360740959e-05,-2.52437357877752e-06,1.11885511163496e-08,-3.51438767190597e-06,4.13037045815043e-07,-1.50154876139419e-06,1.10676742991048e-06,9.85668839504498e-06,5.00431499453154e-07,-1.59080428895261e-07,-1.04071385785064e-06,1.06142010519446e-07,-4.94825565281103e-07,1.38658503769116e-06,5.65107257198842e-06,-0.000439135242403398,-1.78129152392112e-16,7.85456837250538e-08,4.31055402529245e-07,-4.30304058123481e-08,2.2999455583868e-05,2.47103313832585e-08,6.09914715274368e-06,0.000240365517826585,-1.81716587594295e-06,8.11877919696163e-06,1.32479159183522e-16,-0.00074263983913305,-2.2547021489824e-09,-1.73479429390943e-06,7.44703079301627e-08,1.55586915703549e-06,-1.06157165162824e-06,-1.83091181847417e-05,5.02334686225639e-06,-5.3348923572756e-07,3.58848552574734e-05,-1.20525294133134e-07,-1.18335157325212e-05,-1.6057584494024e-08,-2.4204258678878e-09,-3.46561378357863e-05,1.9433286084645e-07,-6.70284700408195e-05,-9.43965920956681e-16,-1.26397222846742e-06,1.04459708017595e-07,3.01206270934067e-09,3.1835893357858e-08,-4.99303555558349e-05,-0.00066210838809713,2.08809617340689e-06,-8.14103214449044e-06,-6.032962351918e-06,5.56513224426716e-15,-0.000167353095870455,-7.42612127064944e-07,-0.143410362284106,1.33408285110588e-14,-4.42855638135965e-05,-4.55209445622488e-06,6.34915949166783e-07,0.00036561224531118,5.46282457760364e-05,4.29764320043033e-05,7.23887034235473e-06,-2.90533319590568e-05,-1.1885996787982e-06,-5.62712422804358e-08,-1.02670073979156e-05,-3.07706319034794e-07,3.75893699624525e-16,8.37637413927475e-08,-2.92573571308527e-06,-1.11796815767368e-06,5.92647435698426e-06,-7.99598517233108e-17,8.70557325640317e-08,-1.14932890972025e-08,1.13203273310935e-06,1.51589339528089e-08,5.08828431145262e-06,-4.30586499167602e-08,4.54666432675027e-07,-1.3741411666634e-06,2.55192981908216e-16,-2.79481938738949e-06,1.25320687984769e-08,-3.2260334134835e-08,-2.90084900980756e-06,3.75885556626249e-09,8.27203506397168e-08,-1.88651178012478e-16,-3.94285200957242e-16,5.25228221285409e-08,2.36342464596052e-09,-2.96040331620576e-10,2.11054412169043e-07,6.06005757649779e-16,2.66037201184707e-08,-6.73545510736199e-09,4.60661801951523e-17,8.13581392794412e-17,-1.55639601138157e-16,2.75347398558959e-07,7.98093040488113e-09,-1.02137332088792e-08,3.36309942904606e-07,4.80886140087298e-08,9.30760982349661e-09,-4.05059860560907e-09,-1.1027491860693e-16,-8.7688022264014e-10,2.38317006810897e-09,-2.70727143372419e-16,3.54636999571511e-16,-1.09258533507386e-09,-5.4691813499351e-11,-4.27796979653541e-10,8.279353332676e-08,1.10032720865415e-10,-2.91252698531408e-09,4.36014245017737e-17,-2.8522019938757e-10,-3.92595093328176e-16,1.09060443789791e-07,7.16047772290895e-16,2.96100412742264e-10,3.6202687142712e-17,-2.001429368612e-09,-5.70546993549552e-10,-9.10236487043072e-08,-8.2669173302268e-08,-3.82343255407288e-09,5.28625428986494e-10,-3.8719664027752e-09,-1.94403622742281e-09,-9.33823275527624e-07,-3.37147277327355e-08,-2.25820770943519e-09,7.54460268197152e-09,1.57242466405867e-06,2.45319738589875e-06,4.75830330946436e-09,-1.30362094641574e-16,-5.13097768751507e-08,1.00598446429406e-08,-7.28885983267986e-09,-1.79862209606603e-16,-1.48650086083224e-07,-4.85105872855061e-07,-1.64422904506301e-07,-4.6119376030953e-16,4.10244329221866e-08,2.59223113586452e-06,3.60122428916764e-16,3.41463337065035e-08,-1.06596464589113e-07,-3.42603464211691e-16,7.14145023804699e-16,4.47852221318283e-09,2.56084034205185e-06,1.5436387217874e-08,2.28981015111686e-05,-7.4670536359629e-07,-1.99879661411356e-08,-3.60133423181485e-05,-2.25563011247573e-07,6.84376294664395e-06,4.09181965654176e-15,-1.36525385616412e-09,-1.01005847415896e-07,-2.92589839749365e-07,-4.92159558770967e-05,-3.17450324837968e-15,-9.39501899410088e-16,-4.47430088758323e-06,-1.06321881309589e-15,-1.8180061607799e-15,-8.84186861133152e-07,1.5077097962398e-06,2.83202452317471e-07,4.0191189501451e-06,-1.15127444587233e-05,-3.05104245887565e-06,-4.29833534638566e-06,-5.8490726630256e-15,-0.84887982371524,5.4469610231039e-06,0.000325763599497889,-8.25420955680695e-07,1.69546423717785e-06,3.15294182823812e-15,2.00673178639239e-15,5.90414461605833e-15,-9.62710565301525e-06,-3.80975553760972e-08,-2.44580055233337e-06,2.18462803518353e-15,-2.58292310086242e-08,-4.35895063815226e-15,-4.08702950676801e-16,2.98838608751195e-06,-7.45756132733702e-07,-1.10336544588419e-15,-5.78951991433086e-06,-7.55650247961517e-08,2.74602219485789e-15,1.60789960744136e-07,-5.48383112409072e-17,9.52087615542074e-06,-1.66638544987975e-15,9.45299196210108e-06,4.57150974931754e-07,1.65169799657394e-08,2.7534885805424e-05,0.000186243425915082,-4.90006535770247e-08,1.41687718985523e-06,7.59644011622912e-17,7.84319794721451e-07,-4.39850237423683e-08,-9.79485454791479e-16,-5.74620365635982e-09,-1.15370722128725e-07,2.64606800496972e-08,3.93560088628687e-16,8.14677726230976e-08,1.06937819307891e-07,6.21885866616703e-16,-2.93825660277411e-06,-2.21970586179243e-06,-2.97935149866613e-09,-2.55632547272011e-16,-1.15805832257583e-16,5.13760034860123e-08,2.76499818574915e-05,2.21782196735565e-07,-1.93566353184708e-08,0.000124726405301907,-1.82267605659019e-17,-1.04767494700123e-15,5.79893798514358e-06,1.03086838048155e-08,-1.92948494835742e-16,0.00108227386765626,3.55363358335433e-16,3.52694685155317e-08,-6.12517568588407e-07,-8.19726633768799e-07,-5.43803209526386e-06,-2.000321470129e-16,-2.68295852940497e-16,-8.04939867956503e-17,3.70351292556579e-16,-4.13981707014047e-09,-1.43375417076323e-08,3.69216975044483e-16,-4.96305233676183e-16,5.81881223560486e-16,2.00648960422086e-08,1.79857118947892e-10,-9.8345345789172e-09,-6.15522548133937e-17,-3.15621416805897e-16,-9.13196384830228e-16,-4.12208025159485e-07,1.26039093697862e-08,5.74734620080653e-16,2.19250004137513e-09,-5.71630684044429e-08,-3.44485252758808e-16,-2.65025058299994e-16,-6.91019924581819e-06,-4.00268221385892e-10,-3.40497573077149e-06,1.69051482950502e-16,2.15691647360012e-08,3.46725223612004e-07,3.70026924105204e-07,-1.37107531333977e-06,-8.12101100819205e-08,1.31749068537628e-09,-2.65743654878866e-17,5.24641857365449e-16,8.73073445688572e-17,2.45932428321674e-08,-2.22612225392726e-08,-8.67704761596308e-07,-6.51688600715581e-09,8.19411117277028e-17,7.86540313817838e-16,-6.65359828100496e-16,-5.47051180181368e-17,-8.63599815297115e-16,3.07822786169059e-08,3.32394280885631e-17,-3.54102231633682e-17,-8.6975926494663e-06,4.73443817733894e-16,-7.7924124215949e-07,-8.48160823128076e-17,-5.69586993797061e-07,6.89175744769577e-17,-6.85267231952889e-07,-1.44903119444081e-06,-7.53558923758197e-08,-4.00683203925996e-17,4.63717396580181e-06,1.30871859551224e-16,4.12631047772036e-07,-6.51519854694391e-08,3.60445541174052e-10,1.82437986623787e-16,1.97922267269667e-06,-1.07292831268534e-16,-1.41847083792446e-07,-7.23948376368619e-08,2.69777502436969e-16,-1.04314315761339e-16,-5.74154073769823e-17,-3.5251116097032e-17,-1.09417005192586e-08,-5.5157251284971e-07,-1.2252242548969e-06,-1.30399825684626e-16,1.53956253494705e-16,-7.39710863739674e-09,6.03273758415738e-08,-1.97089426097959e-16,1.07928994790973e-16,-1.19563477601571e-07,-1.36422847644794e-16,-2.31371570934881e-06,6.22368715643325e-16,2.11202129228669e-07,1.17846689879443e-16,1.51573629360519e-16,6.23209264464144e-17,-6.61498762404893e-16,-5.16507048231e-17,-4.35558879883101e-16,4.03242633054607e-09,-2.81989455186874e-08,8.50675322627116e-17,-1.86810151238613e-08,7.84163091376871e-07,3.99150012539886e-16,2.86957820697635e-16,1.24378842745282e-16,3.24207978901371e-16,7.17821680604458e-07,5.81601738176422e-06,-4.28489737685536e-17,1.08649030660324e-17,-1.39626025410543e-07,-4.50950015675621e-08,-6.82457599613733e-10,-5.65059710956644e-17,-8.08466770833471e-17,-1.95135298382921e-16,2.30217714872305e-16,5.46465693297539e-16,3.69050986286459e-16,3.20660523536881e-05,-9.38158991306211e-07,-8.36363948082742e-07,-6.26296545364583e-18,-2.50794663912649e-16,1.71671922927625e-16,7.83955534850752e-17,6.02654506437241e-17,-1.95612064073209e-16,-2.53026299048238e-17,-1.07080754645651e-16,9.24132895538567e-17,-6.0977771180529e-17,1.15508123709717e-16,5.72805244426636e-17,2.05243750933748e-16,1.20920332361245e-16,2.61225469763829e-09,-1.50903074165397e-17,-7.5999357257991e-16,1.91940834850559e-17,3.69334847266497e-08,-4.56616375519829e-08,-3.08322496845893e-17,-9.5278074405829e-10,3.36896707167173e-08,1.5207825301077e-18,9.881499399868e-16,-6.48479864444683e-08,-9.15189903201997e-17,8.26268470183859e-10,-1.01679482633794e-17,1.90014375764336e-17,1.02282953254283e-16,1.56749698553421e-16,8.26339891615145e-08,-1.10637886554572e-07,3.86644036976319e-16,-2.59768103022106e-16,1.86280423789299e-16,-4.92013767967992e-16,-2.71985667495145e-16,-1.14418821017348e-16,1.09701160485188e-16,1.82484845909619e-16,1.31717070382469e-09,-1.21660677526822e-16,3.65413302245062e-17,-5.37211145514427e-17,-2.08127140619708e-16,3.19986668748078e-16,-3.11221539395432e-16,-2.85749509122593e-07,3.09408616573501e-17,-1.11596377990687e-16,1.93226346691171e-08,-1.67121186237111e-16,-2.83540888824267e-16,-4.47573577993839e-17,1.05787188526034e-17,1.60407718749361e-08,-2.64791842651611e-17,-1.20966318113471e-06,-5.82384011943958e-17,2.33655747303269e-17,-3.06318708067809e-16,-2.07127984146969e-16,-7.15007208239013e-18,-1.7743905971902e-16,1.91338065376219e-08,-1.48385267889629e-16,1.88841881356297e-16,2.41313018858063e-09,-2.38520341593169e-06,-1.30807082468408e-16,4.10172816519765e-07,9.32162482584866e-06,9.58636645581704e-17,7.64668875577458e-17,-1.83811732291098e-16,-2.32466794493838e-17,2.23380256893611e-16,-1.55575124898259e-05,-1.19220497481305e-16,1.86578515121588e-16,1.24777070343127e-16,6.29874710017944e-07,1.98471398913742e-17,2.67571929798385e-17,-1.22441003869865e-18,-8.61999678088355e-17,-8.45746371780036e-06,-1.79971878390823e-16,4.98636979690237e-10,-1.36244507724556e-16,-1.18607201927965e-16,2.91924423872185e-16,-9.82344509489458e-17,-5.1133591679133e-17,1.2451693722643e-17,-8.18118255452629e-17,-8.63131127863072e-09,-1.59657669148801e-16,-2.91091795089213e-16,3.62660309274397e-09,-2.29705178921894e-17,-4.01485080273128e-17,-2.97562909435137e-17,7.58508236356512e-17,1.56692527223798e-16,2.83950394006753e-18,-2.62437021001725e-08,-1.14315582796721e-16,-3.00374167842264e-17,7.80849830501089e-09,1.27408742337079e-16,-1.1858282328243e-16,2.43317157573881e-17,-2.61573937644103e-16,1.25396362582456e-16,-7.48212074950702e-17,1.08638755697015e-16,1.20885133107471e-16,1.54178297526777e-16,1.20635171582761e-16,1.48163550851095e-16,-4.08516864085765e-09,1.35422031825639e-08,1.09067382822838e-16,-1.07487610892641e-16,1.30204194419028e-16,-9.20513124538133e-17,4.10370522285763e-16,5.93549001858964e-18,-4.68818727726585e-16,1.75972439379832e-16,-1.28863952868638e-08,4.47004210002e-17,5.01242458261371e-17,-1.1782277840205e-16,7.16154688998871e-17,1.49813822833332e-09,7.1186427879067e-17,-2.37217260106108e-10,6.02689843023885e-17,-2.35857762072257e-16,1.32930829392038e-16,5.62657868531737e-17,-2.66744998779946e-17,-8.62082399399174e-17,1.60149782106028e-18,-6.73206150593956e-17,2.32609929320507e-16,-1.47055419206931e-17,-7.87326023894727e-17,2.32530798884393e-17,-5.41248453366358e-16,-6.6897131946559e-17,3.18380029088481e-17,1.69566066212068e-16,-1.79648283707083e-18,1.11648802001307e-16,4.9836281832077e-17,-2.28407866424501e-16,-1.75166413492189e-16,1.71702793405545e-18,4.40384353137185e-17,4.19681183666954e-17,-3.23186135027959e-17,1.89960834248525e-07,-4.30090360238512e-17,-1.18740507177895e-16,-1.49803596135879e-17,-1.4910434446312e-16,-2.77257191699813e-16,-2.28795155077802e-17,-4.72964702941923e-17,-8.3699936620466e-17,3.78512559614102e-17,6.45748245208735e-17,7.9173863645754e-17,1.36613504903207e-16,1.21541004668956e-16,-3.43324315045996e-17,6.23145630693663e-17,-9.83947025309788e-17,-3.45041648053622e-17,-1.46380579543304e-07,-4.30249895325289e-17,-2.22341416673466e-16,-8.8889983789708e-17,-2.00160246495096e-17,-2.55665026065618e-16,-2.06221750400432e-16,1.25815574469538e-16,1.75977087927364e-16,4.6625270445722e-17,3.34650046777527e-09,1.39766620610858e-16,6.07469590723743e-17,1.28539826448064e-16,8.11828227933538e-18,-3.10938053971686e-16,9.17756959758028e-17,-8.11860402777804e-17,-6.09121242385101e-17,-7.8643936131443e-17,-4.21265363001571e-17,2.22555694349175e-16,1.48454122500073e-16,-4.88541078084647e-18,2.62851245867988e-07,1.16182542668154e-16,-1.12332361202166e-16,-1.71017897678341e-16,-3.56011335862771e-16,-4.61118374000748e-09,-2.78358290965425e-17,-6.6737049172136e-17,5.52491428511451e-17,2.01938592064745e-16,-9.54725507318545e-17,9.97686041793319e-17,2.67706219534166e-16,2.74042212667382e-18,-7.49460534900385e-17,-8.72405752142223e-17,1.24080885598925e-16,2.23373101809589e-16,7.33514856263667e-17,-1.67463145452335e-17,1.3060665056678e-16,-7.02648788005139e-17,-2.71139563736336e-16
"t71",0.0356435172950482,-0.0105292788025213,-0.0115182515017325,0.00068051330001715,0.00632196292219592,-0.0174097224503368,-0.00246149482178942,-5.34392336426314e-06,-0.0520327574825308,-0.0402433661436656,-0.0394893043071536,0.000424264217866936,-0.000877976334662755,-0.000188338769830527,-0.00516886477702994,0.000114531834460793,7.11830991986457e-05,-8.16588360916826e-06,-0.00346771831047724,-0.000612286297450115,1.07559759322583e-06,-5.41006628383723e-05,0.101603000030519,0.00431053559950115,-0.000417611540119193,0.00487136796667188,-0.0521673414546729,-0.000417884150115227,-3.40900126963311e-05,0.00210835809501971,0.0124149487677977,-0.00612883924253907,-2.20356665028051e-06,0.001444171891001,-0.000696286090565984,0.000518607310329268,3.48811680037807e-05,-0.000239232859527084,-0.0973219673026452,0.02143618550626,0.000856893922602703,-0.0896357935560637,-0.00010035616287657,0.00588550022764133,-6.84281939988216e-05,1.22343800193232e-06,-5.02290330405024e-08,-2.15864535192415e-07,0.000271004960715852,-0.000710129744526364,8.97020522612894e-07,-1.30998879549298e-06,1.74789678233891e-06,-5.44352094180309e-07,3.76814764223685e-05,-2.69516261115025e-05,-1.94678921427595e-05,4.25283853030823e-05,-0.000393090170132087,1.82648576265655e-06,3.66833244733624e-06,-0.000300508965035694,0.00028379000762996,-0.000244890132730367,0.337940718790192,7.07738874338769e-05,-0.000171929770014476,0.000436860311466391,-9.88102819578417e-05,0.000403684599823889,-2.64725482094896e-06,6.89367846217414e-06,-2.39793610980541e-05,-1.61126018032552e-05,6.8206460287596e-06,5.97206178795766e-06,-6.1969926068306e-05,1.03003022011888e-05,-0.0247405393098996,0.00026534886611605,3.26919735041611e-06,0.000373297267610508,-0.0112731115521001,2.86838602316861e-05,9.34307051789636e-05,2.83160218100496e-05,-4.74202826344705e-06,-8.23015937345524e-05,-1.54371100097295e-07,6.25409314612062e-06,-6.46493351868392e-05,4.07116414980965e-08,2.82785288540422e-05,-2.55506593882526e-05,-5.2743455972893e-06,-6.18459184347363e-06,-7.26890182571732e-07,3.88985409077858e-06,-4.37251468385377e-05,-0.000916416190984616,-1.97341182120723e-05,1.31279864394119e-07,-2.76699285462559e-05,3.27524524253132e-05,-0.000676277866837269,1.04851366192844e-06,-0.000301539685998444,4.02088200008603e-07,-0.000748569123724476,1.17927809619517e-07,4.06589927717378e-06,8.64701722486826e-06,-2.69470476035955e-06,3.36709507027595e-06,-3.81341143291233e-06,6.8765117352894e-06,-0.00815212654212485,0.0161828819681241,1.57310274303453e-05,1.44716946997049e-06,-1.84486633000895e-06,6.88878354738075e-06,-0.000110654702587069,-0.000110030434752416,5.45083484456424e-07,-1.20801452991482e-05,1.25758876185747e-06,-3.06692892326621e-05,2.87892264115387e-05,0.00100154732461857,7.39187558587789e-06,-2.73311346088146e-05,2.23089052576408e-06,0.000268370336302233,-5.47383630555127e-08,3.61438789158381e-05,-0.000101626149498867,-3.82116036042135e-06,0.000462412077432082,-0.000133926100019257,-0.00322670261326803,8.15360899786011e-06,1.32253377960445e-05,1.42779342695448e-06,8.27124780674147e-09,-2.20248756595411e-05,-1.7087071963404e-06,0.0109260703081375,-2.09111560027295e-05,-4.28735572488302e-07,-5.44843080146982e-07,-3.1059689268154e-05,-4.47132967689455e-07,0.000112673919582613,-3.9173762072543e-07,-7.42736561261989e-06,4.60050466668594e-05,-4.93002193824243e-06,-2.89090926106236e-05,-4.02433578771231e-06,-3.91300016943557e-06,5.71342181423071e-07,-0.000703268356595663,-5.14161799227806e-06,3.72181462448232e-06,-2.55761271460007e-06,0.000707725090031382,9.55418610604792e-06,0.000602618892440209,2.37107244681028e-06,-5.07071539653458e-06,-9.0590963782514e-07,1.23427590941466e-07,0.0012279297976983,7.96708084894051e-07,1.65072066733101e-06,7.29285896085096e-08,-3.23643299984328e-06,-0.000169567625586759,-1.9940003422736e-05,8.54032906004099e-05,2.89849356201333e-05,-6.81728440233635e-06,-3.1286740655095e-08,-1.12132399839929e-06,-1.29787407711821e-06,-0.020039507816204,-0.000852950196046169,-0.00393126859581073,-5.12932785714016e-07,0.00166836398204223,-1.46295822465436e-05,-4.18131991541816e-06,-4.44969359345264e-10,-3.35257928237222e-08,2.05399841681813e-06,8.17201661926528e-07,-1.49042929364072e-09,8.63675122879071e-07,8.76975480373899e-07,3.75390568700635e-06,3.73409390592096e-06,-1.49954905451871e-05,-2.43063548282605e-07,-2.7761365826101e-05,-1.30738824999155e-06,1.88949257744756e-05,1.0362806394501e-06,-6.10471835138312e-05,-1.44549025616246e-08,-0.000307174857082312,-1.99224079004761e-06,-5.10922537709992e-06,-0.000158656358089441,2.54432524434383e-08,-4.84955045347582e-07,2.26216246904741e-07,1.66524305861753e-07,-0.131196723637519,2.11471388195669e-05,6.88902072036277e-06,-3.29148392558674e-06,-6.15864364575213e-07,-2.21480204225927e-06,4.25154047401416e-06,2.24639075631311e-07,2.08957358534079e-05,9.21725869552546e-08,0.000673481298138946,6.79243527409417e-07,-4.43599741372468e-08,-8.3438943809185e-09,-2.07173595814441e-07,-7.09129632627414e-08,1.82454981717714e-08,-1.24116281385965e-10,-1.86463353826423e-07,3.16042483539248e-16,-3.24711244244929e-09,5.0075836084836e-08,-1.44790083460551e-08,-4.32967608991024e-08,-6.32269283064807e-07,8.77844933923457e-09,-1.35051247403951e-07,6.0568033347878e-08,-2.29829537808157e-06,7.61153521761549e-09,-1.54493020215738e-08,6.24932234642681e-06,-4.07192913495082e-09,4.47769724298533e-07,-6.52943845768836e-06,1.41262905126886e-09,-8.68571207592408e-11,3.88752414772568e-09,-3.19322492151434e-09,5.00247057802951e-08,0.000180952520720746,-1.74023895358912e-06,1.63233282507991e-08,-4.5633608116706e-07,2.66354536503901e-07,-1.21411630298445e-08,1.01899918703212e-07,-1.14777519156633e-06,-1.75277995092473e-10,-1.57556313782443e-06,-7.92740200849401e-09,-8.93016553825814e-08,-2.60045933054341e-10,1.80260396467903e-07,-9.77047024206482e-09,2.95934019035518e-08,-5.00501751097123e-08,1.01766586726449e-07,-8.81737701564036e-08,6.98825287976165e-09,-1.57959718345927e-06,7.172503161166e-09,-1.21902690820919e-06,3.02439270231475e-16,3.34608850897163e-06,6.38657855701181e-06,3.75753055927704e-12,3.63343506649577e-08,-5.79253726504107e-08,3.7242395845269e-08,1.07642509446087e-08,-1.54680007283095e-09,6.9924443228589e-08,-2.65242843595701e-06,-1.03768138585666e-06,9.40707048543401e-09,-5.15218173990888e-06,1.75944496837048e-05,-5.03105280056495e-07,0.000200322571473649,-1.62984541868174e-07,-2.86273989236428e-07,-4.42502356587198e-09,-1.44857647537427e-05,2.28770545376987e-06,-1.03643181931498e-08,3.36057460410549e-06,-4.1029109342841e-07,1.50896042575306e-06,-1.22326567784086e-06,-1.09713163738808e-05,-5.64252575202702e-07,1.80952202680629e-07,1.21830983843388e-06,-1.28233850228309e-07,6.15362544471755e-07,-1.74615095568086e-06,-7.26915081396691e-06,0.00059080608075741,-1.12342581560858e-15,-1.37717818146022e-07,-7.75536842410114e-07,8.04516550077181e-08,-4.30496648213948e-05,-4.63074615827861e-08,-1.15376984819709e-05,-0.000462807155975354,3.57301061149519e-06,-1.66561553660597e-05,1.46446953530175e-15,0.001678601165318,5.1578779187556e-09,4.07181719572386e-06,-1.75328964659683e-07,-3.90306955276785e-06,2.75792174694739e-06,4.99786886569692e-05,-1.41874017846926e-05,1.62212798115857e-06,-0.000116806903470495,4.09843738202561e-07,4.12461642603864e-05,5.68370404789154e-08,8.80544500757245e-09,0.000126460498535798,-7.23085317159331e-07,0.000253217728553632,-3.38187861161909e-16,5.35368801921928e-06,-4.53198987022135e-07,-1.30709366144381e-08,-1.47992864896471e-07,0.000234552090277818,0.00354229531674491,-1.16014772475508e-05,4.55721884385843e-05,3.47491469036473e-05,-3.58547245762942e-14,0.000996105863380521,4.47482568791053e-06,0.905157534345246,-8.69447655353616e-14,0.000294103267226558,3.05991012229069e-05,-4.29484640852505e-06,-0.00250563274149638,-0.000382704957939607,-0.000306121165556137,-5.22403966342984e-05,0.000218010811878398,8.96069975951751e-06,4.3590627204987e-07,8.34790187072873e-05,2.50814579556307e-06,-2.16055597698303e-15,-7.52607790129373e-07,2.67457773556693e-05,1.06209027243499e-05,-5.9752468210653e-05,1.61115513641332e-15,-1.00266608827712e-06,1.55150055441028e-07,-1.64738276415226e-05,-2.2866217328476e-07,-8.01919258925503e-05,7.37896382194243e-07,-8.99394643685644e-06,4.08662465827476e-05,-1.76675244322193e-16,0.000131439133710971,-6.17530995842264e-07,1.76056231556398e-06,0.000184647563003449,-2.42268526156757e-07,-5.58752366528276e-06,1.07119174641568e-16,-3.89981034709513e-16,-4.80968603808722e-06,-3.02016299121764e-07,3.96923716146318e-08,-4.2787437146998e-05,1.28637202596033e-14,-0.000235316057282648,-3.91666947588829e-06,-4.21119955193711e-16,-2.66010026796897e-16,-2.65617782479089e-16,4.4016130733445e-05,1.19050014325153e-06,-1.27259217178291e-06,3.79028871506356e-05,5.36962045511892e-06,9.74672633167814e-07,-4.21962818368439e-07,-6.68805966699068e-16,-8.9065211141575e-08,2.47112763239819e-07,-1.69721017507529e-16,-3.55915723991094e-16,-1.48401485780452e-07,-8.4857023003974e-09,-8.58282481308373e-08,2.1488425105447e-05,8.24570613550116e-08,-3.29685604428102e-06,-8.57480207735262e-16,-1.15686119083046e-06,-2.8024305018161e-16,-6.34072817188046e-05,-1.08049555630832e-15,-8.98036876486196e-08,1.28407952066077e-16,3.66211292030309e-07,9.62778772701225e-08,7.13036277752449e-06,5.7375123637486e-06,2.52957488618192e-07,-2.88403873830289e-08,1.81690313742528e-07,6.71369807475807e-08,3.21688585107923e-05,1.06708108919846e-06,6.17491007683161e-08,-1.72180600144499e-07,-3.11567197418603e-05,-4.37419338571322e-05,-8.06823461566345e-08,2.46854209074744e-16,7.48979508356967e-07,-1.28057373551853e-07,6.48277766170145e-08,4.61655468912602e-16,1.19901290230649e-06,3.3891231391003e-06,1.08162677321778e-06,1.46914345659207e-16,-2.61701867354056e-07,-1.4656723610679e-05,-6.00715322567797e-16,-1.82048412907025e-07,4.00929281553211e-07,-1.15731670863944e-16,-2.52772653626192e-16,-1.4695780540778e-08,-8.3003637102687e-06,-4.72236402609108e-08,-6.54257446105068e-05,1.82382569448091e-06,4.8154067731656e-08,8.50855869880457e-05,4.28516861387268e-07,-1.077261349108e-05,-4.24383835365139e-16,1.99518039064974e-09,1.45707990906499e-07,4.03089762714136e-07,6.40770755907003e-05,4.85623073877511e-17,-2.89227611322395e-17,5.37928012477005e-06,1.4415916872005e-16,-1.96166144407744e-15,5.89326649844345e-07,-8.85808604145412e-07,-1.65927678822689e-07,-1.70802090056199e-06,4.65492816572833e-06,1.22025000668575e-06,1.59864440890436e-06,8.09853382520676e-16,0.0862103256918837,-2.70971271056761e-07,-1.07672329030804e-05,-3.8963786121914e-08,3.08932910069429e-07,-5.88470292789646e-16,-3.9974728880635e-16,-1.499822008421e-16,-3.4065574392913e-06,-1.60308613811742e-08,-1.04120856098348e-06,3.67898865830619e-16,-1.25612504826087e-08,2.00882164954895e-16,2.10835397545941e-16,2.13897167435221e-06,-5.3567845897881e-07,3.8597597340484e-16,-4.43776869219513e-06,-5.99497613682655e-08,-3.91408691478762e-16,1.35962675296254e-07,1.00495658718444e-16,8.60786290876038e-06,2.06855175397877e-16,8.59408909630276e-06,4.17386631924169e-07,1.5152228892564e-08,2.54256228540229e-05,0.000174466167162909,-4.82551988575941e-08,1.4826672676509e-06,2.64209644781228e-17,8.74771768682928e-07,-4.93603275858264e-08,-1.08372735021897e-17,-6.50032384960219e-09,-1.32365385291509e-07,3.07308438491667e-08,3.84893120761871e-16,9.82995078637825e-08,1.29938274335985e-07,-9.48450964730677e-17,-3.6026450118505e-06,-2.73348377259122e-06,-3.72648973765724e-09,8.22829494891189e-17,-8.54310900965548e-17,6.6442582049319e-08,3.62241534523567e-05,2.91302027942981e-07,-2.66810434530119e-08,0.00017310288520757,2.3729639081014e-17,-2.06402124919207e-16,8.08504562307156e-06,1.43808828692832e-08,1.44699010172767e-16,0.00152107544990012,1.5270063271144e-16,4.99122776405716e-08,-8.74665757097492e-07,-1.17128517246208e-06,-7.78908329833284e-06,-5.01939159416803e-17,6.42924766380777e-17,-3.4080990048582e-16,-1.3171701422464e-16,-6.05057806590887e-09,-2.0987409480999e-08,6.4307983364438e-17,6.88736063757867e-17,-2.85597252732602e-16,2.95309927755418e-08,2.65315199273258e-10,-1.45948341628961e-08,3.3334451940478e-17,4.79420648145934e-18,-2.07977081737032e-16,-6.23148239733644e-07,1.90649219577339e-08,-1.97755291882641e-16,3.33783864657793e-09,-8.72413636141398e-08,-1.07051748835317e-17,4.58275946890278e-17,-1.06058951554586e-05,-6.14608127089889e-10,-5.24483352510388e-06,-1.93336973576701e-16,3.33920494851308e-08,5.38210897639103e-07,5.76442067905279e-07,-2.14587097996451e-06,-1.27254958562724e-07,2.0690370951469e-09,1.43535409323686e-16,-6.95419024595982e-17,-9.21493682518004e-17,3.9064233912246e-08,-3.536567778986e-08,-1.38030646337836e-06,-1.04314492723316e-08,1.4172642194339e-16,2.74890015633167e-17,3.75365509056772e-17,-1.84375995259881e-16,-2.33023185531326e-16,4.95600003058255e-08,-7.42166501488871e-17,-2.05481970992009e-17,-1.40327021007988e-05,-6.72908315194496e-16,-1.25736579383347e-06,3.93561540597311e-17,-9.19241099869995e-07,-7.54797925404812e-17,-1.10969836300754e-06,-2.34831672932694e-06,-1.22262757235451e-07,3.66808378838859e-18,7.53396007514449e-06,2.3696927344402e-17,6.72289537610749e-07,-1.06505216580879e-07,5.89307865188158e-10,-3.45227984916728e-16,3.23993575750048e-06,-8.282197425124e-17,-2.32630041371558e-07,-1.1873831909336e-07,1.6851342724772e-17,2.57532370157504e-17,-1.12891355836777e-17,-2.02141573338382e-17,-1.79715294267478e-08,-9.06274006821986e-07,-2.01396163611823e-06,-1.22726556315987e-16,3.83377423133359e-18,-1.21816197444282e-08,9.93554184627139e-08,9.45915187453373e-17,1.28981750349642e-16,-1.97320651053575e-07,4.17336765018298e-18,-3.8199797052051e-06,2.20223110235197e-16,3.4908790687348e-07,-1.32792664146848e-16,-6.37314871911344e-16,-7.34432614101617e-17,8.59620586176328e-17,5.44274878748969e-17,-1.95616480002053e-16,6.67835380891802e-09,-4.67031546847042e-08,-5.815252308587e-17,-3.09585106645147e-08,1.29984664613341e-06,-1.19502570047696e-16,-7.44664644587708e-16,4.48999464786571e-16,-2.61449041014504e-17,1.19103829413865e-06,9.65219163595883e-06,-4.13312458977322e-16,-8.85316967284343e-17,-2.31774024283745e-07,-7.48581880607258e-08,-1.13299579650741e-09,6.41710010218579e-17,-1.77385791854117e-17,1.83854682774762e-17,2.87539341211915e-18,-2.35314109308233e-17,5.53633150032099e-18,5.33074171421447e-05,-1.55978736286944e-06,-1.39068698127234e-06,1.89790435073064e-17,1.50208963408445e-16,-7.74366007759572e-17,-6.53494274375078e-17,2.14528076456293e-16,-4.59574548605958e-16,9.427920888647e-17,1.5377642769566e-18,1.18231786535378e-16,8.97337548680078e-17,-7.08621490341474e-17,-3.88031359070577e-17,-1.82788604711708e-17,-3.66330818999726e-17,4.34929275536847e-09,1.71165644595213e-17,-2.81464399759909e-16,4.93123922579307e-17,6.14997326722927e-08,-7.60352792804202e-08,1.33863498193185e-16,-1.58658368789988e-09,5.61071339912571e-08,3.12856591496457e-17,9.98278403997229e-16,-1.08011517592001e-07,1.48069952734708e-16,1.37639157036022e-09,-6.67866384581951e-17,-5.55000577037302e-17,5.5126071825418e-17,6.66269003504183e-17,1.37663266938808e-07,-1.8431653730462e-07,-2.90473923405181e-17,-7.50981607723866e-17,-2.89656863352665e-17,1.06839407427504e-16,3.44952473703419e-16,1.1734343246438e-16,-2.71904560806851e-17,1.67214577677879e-17,2.19338311710427e-09,6.45188000040014e-17,2.8260694592406e-18,5.01184202677845e-17,-1.7930700526346e-18,-1.86374585462721e-17,2.38924089427357e-18,-4.75729212768769e-07,4.4134119398315e-17,6.08853743473561e-17,3.21677382220182e-08,8.86846018438552e-18,5.37281591285111e-16,3.07356883557978e-17,-2.83641706766688e-17,2.66868467281546e-08,-3.75415178561299e-17,-2.01222867601328e-06,-2.13070661959857e-16,-7.88886584997481e-17,4.03675252022018e-16,2.30113123143221e-16,1.10499729324422e-17,-9.2925118026912e-18,3.18189511703282e-08,-6.82267396690849e-17,-5.82787517266685e-17,4.01198995085041e-09,-3.96550986282901e-06,-6.73047154836659e-17,6.81780831548027e-07,1.54931111376601e-05,1.83878832487483e-16,-7.98721437430524e-17,1.20435576032921e-16,8.63377760187081e-17,1.11790543469385e-16,-2.58275562739503e-05,-1.03511801811331e-17,6.30341985522224e-17,8.89071033060237e-17,1.04533126354945e-06,-1.79059322713902e-17,-1.31148386775073e-16,-3.82070836171398e-17,1.62028843950179e-18,-1.4029497680395e-05,3.28124696908751e-17,8.2703491451163e-10,2.03176625693131e-17,1.10363169106136e-16,-1.1166103485131e-16,-7.77186725823527e-17,-1.74899439570747e-17,2.58828693354514e-17,3.96323541512254e-17,-1.43043755095523e-08,7.0187388479196e-17,5.21856153160224e-17,6.00900478966304e-09,1.65796687449872e-16,2.13287376339782e-17,-6.84681391820831e-17,6.20889584488565e-17,-7.12765596605877e-17,1.13117082810679e-16,-4.34547492242865e-08,5.26617653718428e-18,-1.62889616854298e-18,1.29254402988446e-08,-4.45321318517082e-17,-1.5157543221957e-16,-1.70508155528963e-17,1.83231022811132e-16,5.2178412810018e-17,1.04786604840978e-16,6.84014440267451e-17,-1.69502474188395e-16,-1.31674695017762e-16,-1.62457961084333e-16,7.02001098909329e-17,-6.75414050893573e-09,2.23864380674404e-08,-1.42813145924773e-16,5.54612317596325e-17,-6.03405667181192e-17,5.29149480665809e-17,4.61870125478825e-17,1.44103162841672e-16,-8.17032182058822e-17,-2.85870899789951e-17,-2.12854720962771e-08,1.06119639942435e-17,-3.55594485855009e-17,-1.24716751946827e-16,-1.52435403657293e-16,2.47287395425904e-09,-1.28025764743494e-16,-3.91242494017935e-10,-1.87973570121444e-17,1.02076972449625e-16,-1.86967365551442e-16,3.86902903315524e-18,1.52296157201716e-16,1.68519506302005e-17,1.24333890772803e-18,-2.79514071217108e-17,1.10769388310887e-16,-7.01898083261538e-17,2.17475852366217e-16,1.88374855331134e-17,-1.82173389965306e-17,-7.83802642853938e-17,-9.3426095045925e-18,3.84905753499207e-17,-6.61168168102351e-17,-6.75217619239164e-17,-2.40112043034012e-17,-1.21389086380178e-16,2.11446528688986e-16,8.1195676120394e-17,-2.70343750507788e-17,-3.34893684717134e-17,-7.30941598201034e-18,3.12311458885982e-07,-7.46084223464224e-17,4.20616512132922e-16,8.70712121918056e-18,-2.41534382049112e-16,-3.08497340314326e-17,-2.75283841698638e-17,-5.51643284296584e-17,-2.55670941154113e-17,-3.26872002075269e-17,-3.2689854461313e-17,2.3838895267525e-17,-1.29779604264012e-16,-6.19760317476544e-17,1.9622579684059e-17,8.81539650216824e-17,-1.24300320094474e-16,5.82346678773883e-17,-2.4011016043929e-07,9.07046570467034e-17,1.24942234171054e-16,9.71429418296458e-17,1.57144601419364e-16,2.61356299823993e-16,6.73890570284424e-17,-3.17817324636026e-17,-3.14304748312801e-17,2.24990474279983e-17,5.47571412035702e-09,1.48444256392047e-16,-4.97078832387491e-17,-1.21772245762322e-16,-1.91879891680628e-18,2.78098837301365e-16,-8.73371073550972e-17,1.3656582850363e-16,3.33303783783233e-17,-2.41182361451659e-16,1.44678240214088e-17,-1.8810244135207e-16,7.0641747854638e-17,-9.78436056771123e-17,4.28976690526557e-07,-2.12499349926641e-16,8.19010950474454e-17,-1.02371169922367e-16,-3.23485270688206e-16,-7.51619083022978e-09,1.06745302297699e-16,-9.62055997925408e-17,5.06740029810783e-17,-2.37883319487312e-16,1.27945443451863e-17,-1.47655659769195e-16,1.83673391661721e-16,3.2631095689206e-17,1.01727095669427e-17,1.00179867887444e-16,3.12489889252099e-17,-4.9905368495508e-16,-9.47321054396603e-17,1.78745730296127e-18,-1.59897674479112e-18,1.5984253726667e-16,-2.36382732716493e-16
"t778",0.0357135473812553,-0.0104922051248587,-0.0114692655026094,0.000669279928828862,0.00609204599725004,-0.0162378953859108,-0.00228269869984094,-4.81732921763732e-06,-0.0416125490647028,-0.0187123041142845,0.141055564959018,0.00244982659007476,-0.00478902411035865,-0.00101037664823,-0.0275164832596616,0.000656004765947533,0.000433062303769945,-5.27728337580101e-05,-0.0247573942835373,-0.0098657238100616,-1.81307095739762e-05,5.43141565511581e-05,-0.0322736189467654,-0.00106881264495629,8.31128464048135e-05,0.00287141033073017,-0.0516804245638705,-0.00062902185868898,0.00120352237548948,0.000161212262683598,0.000163988182497016,-0.00309891958236608,-1.85597422548288e-06,0.00188150720426883,-0.00253647883010237,-0.000458066149291785,-2.09297528795629e-05,7.69767970850213e-05,0.0183743023876032,0.103092619242531,-0.000165442336337484,0.0035259323753463,-2.47761894906352e-06,0.000172729920987846,-5.98869325772657e-06,1.57112025430811e-07,2.18333354274704e-08,-6.90097029787639e-07,0.00019508500364754,-0.000500379838963868,7.30603048766388e-07,-1.17544054533281e-06,9.1330526622627e-06,-5.7603969815705e-07,6.10605309300235e-05,-4.78210959918919e-05,2.68666898576828e-05,-3.35545574279022e-05,0.000293035431898503,-5.03193281426825e-07,-4.77528233239461e-07,2.48391498944539e-05,-1.46019740030375e-05,1.08801420630401e-05,-0.000197601552298041,2.06542359747685e-06,-1.26515564044487e-05,3.79032159519435e-05,-9.06681344580641e-06,4.00544049112731e-05,-2.97423528523415e-07,6.75496222739226e-07,-2.25199289302438e-06,-1.3481494914495e-06,5.60611550395737e-07,4.58203735043035e-07,-4.60893395192173e-06,6.29251885799933e-07,-0.000230288844133361,-1.26868331197904e-05,6.63848462593152e-07,4.82617944247888e-05,-4.91893079379311e-05,-3.84744737718086e-07,-1.1496220845805e-05,-4.28119753948284e-06,8.65114097902471e-07,1.54526463581847e-05,2.92005183450313e-08,-1.20517790943696e-06,1.32967092826089e-05,-1.4319244278152e-08,-1.03959356704605e-05,1.24897775505454e-05,4.09313234136741e-06,5.14164041526164e-06,6.06258221418146e-07,-3.86925792341109e-06,4.6473771665867e-05,0.00126031104443498,3.39389900047417e-05,-2.30503938669224e-07,4.97398915180158e-05,-0.000299571785390852,0.000752313846030575,-1.68280209248876e-05,0.0103316113386441,-2.01504100334349e-05,0.20277091929973,5.6828052230804e-06,0.000141725523265469,0.000113718634052594,-3.29549048551034e-05,1.45837869887586e-05,-1.36307309222531e-05,1.29187191869595e-05,-0.00216688389137287,0.0018660964800787,-0.00013802771924255,4.4677807900847e-05,-2.42507697706201e-05,4.23858033989983e-05,-0.000566015906382081,-0.000559792207532331,2.7197333509089e-06,-5.40894438263463e-05,5.59161453473137e-06,-0.000128680222976129,0.00011838899196125,0.0041248605368708,3.08420890965489e-05,-0.000187338194289877,2.60570675083935e-05,0.0254095593615967,-2.41095362861238e-08,2.65712296314727e-05,-0.000210070922526665,-8.96637711600362e-06,0.00101036680270433,-0.000280767161284641,-0.0017501823882596,-2.64474932218688e-05,0.000328680813992036,2.2791544063884e-05,1.31631458987057e-07,-0.456817436070041,1.054966069727e-06,6.98312024805537e-05,5.50403206916853e-06,-6.71446708190573e-07,-8.39081434695884e-07,-4.56920109619333e-05,-6.5013400311424e-07,0.000162798815514326,-5.82421805377133e-07,-1.11168722066079e-05,6.91750260301498e-05,-7.98036428884402e-06,-4.74005293484618e-05,-6.61065958329902e-06,-6.48523596956178e-06,9.48090549483467e-07,-0.000126269214171179,-9.61801891354988e-06,6.56904494887061e-06,-4.62928067397444e-06,0.00505943794545283,6.63277035163555e-06,0.0015691723768828,2.44103944562715e-07,-5.03472680098249e-06,-9.43652843475774e-07,1.60846663787774e-07,0.000103022111999804,1.17557294139422e-06,2.43993036235826e-06,1.07909576789674e-07,-4.80503091796126e-06,-0.000238960670670453,-2.7599951408406e-05,0.000115777431213139,3.58712384914453e-05,-8.00495889427232e-06,-3.43875797607991e-08,-1.13655013098024e-06,-7.34229598214585e-07,-0.00791673576870233,0.00543721035205124,0.0287067525540863,0.000133581727763604,0.000263240993661247,-0.000123728339103182,-3.64470076754505e-05,-4.28474064721580e-09,-3.64022975455167e-07,4.9200328069748e-05,2.90897843454256e-05,4.07456829195933e-07,-4.15022834372879e-05,-1.84069180697123e-05,-0.0380255992409869,-4.71153405265704e-06,1.85482144417475e-07,1.42649929004341e-07,1.62272143246879e-05,7.04149734915641e-07,-7.79217594709664e-06,-3.48372345373559e-07,1.04620437271964e-05,3.83474835764408e-10,-1.65049805869473e-05,-1.45505230551793e-07,-6.74000225706942e-07,-2.31741451344216e-05,3.72145844534208e-09,-7.18541253163649e-08,2.6497542179036e-08,1.74685195054868e-08,-9.79248698062061e-06,-2.51597909493731e-06,-1.17813107969941e-06,1.51429055128176e-06,3.38747521961017e-07,1.46100075103683e-06,-4.55133654113406e-06,-2.61958241430851e-07,-2.48651630184008e-05,-1.46020452398491e-07,-5.62162746379664e-05,-1.06365847204135e-05,5.81855693282534e-07,1.21951366996108e-07,3.76405793365394e-06,1.39495245476599e-06,-0.00637421550632865,-1.37155841010981e-08,-6.25579424201533e-06,2.62236136766236e-17,-6.0419190415935e-08,8.66316402620224e-07,-1.80414755530576e-07,-4.71099259242098e-07,-6.41698188921653e-06,8.88032042297857e-08,-1.28387722557854e-06,5.73138158117057e-07,-1.90404947520931e-06,7.18477722558781e-08,-1.46241072345019e-07,6.00800977748035e-05,-3.9677328822988e-08,4.39743858361996e-06,-0.000230228463636529,1.60541384346214e-08,-1.08298445840489e-09,5.30791153304918e-08,-5.48486404103733e-08,8.7153234381316e-07,4.39126643997985e-05,-9.77381061667519e-06,2.57035761965746e-06,-0.0221759431877767,-2.53411381688478e-05,1.5222945828708e-07,1.94972281104173e-05,-1.9882299070165e-06,8.86684737141759e-09,7.78194307760854e-05,3.81656974015804e-07,3.55727479923949e-06,1.01193194801586e-08,-0.012228297419515,-1.60071062561812e-07,-2.91820030703417e-07,4.67418805990211e-07,-9.11626389602413e-07,7.21204284104697e-07,-5.33814187113917e-08,1.0469786732527e-05,-4.57489290794503e-08,7.54875926097905e-06,9.29682349849225e-17,-1.87820866820979e-05,-3.24132142476996e-06,-2.00952689663716e-11,-1.78012779996968e-07,2.64499865527005e-07,-1.6468994586443e-07,-4.68654800889077e-08,5.59547873500496e-09,-2.50159522294858e-07,9.46102345770336e-06,3.52322448421579e-06,-2.80078139882712e-08,1.50106503262675e-05,-5.05007250462277e-05,1.37542425754345e-06,-4.39386799226371e-05,3.68458681005226e-07,6.43956751885825e-07,9.93937364069619e-09,2.77513799006506e-05,-3.77256697425658e-06,1.67906033962538e-08,-5.30707565298823e-06,6.28607918255788e-07,-2.29079986052003e-06,1.72374983544323e-06,1.53750581987053e-05,7.82782114261741e-07,-2.49302351448547e-07,-1.64050394208054e-06,1.68214303948956e-07,-7.86162190356767e-07,2.20176100793959e-06,8.91584553923513e-06,-7.02308523626551e-05,5.77115765375839e-17,1.48145694640336e-07,8.22130537786544e-07,-8.29897607171684e-08,4.43561542716669e-05,4.76515425695375e-08,1.17146421937282e-05,4.72171053127414e-05,-3.73723187021694e-06,1.67341576754285e-05,2.21251280348083e-16,-0.000243033481938001,-1.10899256133164e-08,-5.0957608716351e-06,2.16536296747014e-07,4.4724305372123e-06,-3.17875857507924e-06,-5.94140053896425e-05,1.74799736133865e-05,-2.27332436004926e-06,0.000204058266315406,-9.13038869359494e-07,-0.00011300374261748,-1.85199276432839e-07,-4.61438853107223e-08,-0.000714697128154475,8.8165454503983e-06,-0.246199770222727,-6.44950434502019e-15,6.09496667151049e-06,-3.95756514053047e-07,-1.13862326393906e-08,-6.85753020409723e-08,9.9742268260295e-05,0.00165373225881444,-8.49785449829596e-07,3.24160056792851e-06,1.93567142587633e-06,-2.09105304253429e-16,3.52656080970136e-05,1.25021201734032e-07,8.10904507560905e-05,-3.04986330942714e-15,-1.28164587180991e-05,-2.1294583248258e-06,4.18520531389883e-07,0.00732848519706281,8.2198920304357e-06,0.0238667398544843,-3.21822420610397e-06,-0.00403055922865501,3.88421370415842e-07,-2.84200455574209e-09,-1.89833839791579e-06,-5.84374641867419e-08,2.79913245596473e-16,2.82763588700551e-08,-1.04710772479878e-06,-4.46404397672785e-07,2.69709263158109e-06,2.2544695260433e-16,4.82965160463378e-08,-7.39084261641102e-09,7.65649916940596e-07,1.04693594795426e-08,3.59626032765256e-06,-3.15984946981359e-08,3.49945633905926e-07,-1.10484070544786e-06,-1.45517778560358e-16,-1.99167850623202e-06,8.69808168286329e-09,-2.085518609598e-08,-1.61004082258363e-06,2.05415057461328e-09,4.00686113528827e-09,9.54097911787244e-17,-1.30949770728159e-16,1.13992529244745e-09,-6.0637990021052e-10,1.018123944964e-10,-2.8134502595286e-07,1.23071807969962e-16,-5.02905951459474e-07,-7.26785970718362e-09,1.54180530121794e-17,9.08851885321888e-17,-2.88559837702448e-17,1.37338719197968e-06,3.8944396831987e-08,-4.82293416824679e-08,1.60174937404147e-06,2.29647998691463e-07,4.61795420044579e-08,-2.02159153231818e-08,-8.1565200962494e-18,-5.08999156270366e-09,1.49218628399625e-08,-1.83199518083469e-16,-2.54864765706488e-16,-1.0854674037593e-08,-6.47645136375955e-10,-6.93329358397506e-09,1.80582343281659e-06,7.61024747766518e-09,-3.11117951232775e-07,1.39570622995923e-16,-1.13674581170317e-07,-2.72971538173725e-16,-0.000265416982422889,4.29506690630133e-16,-6.99326616019979e-09,3.24484551951499e-18,3.27301881931008e-08,8.73321041118254e-09,0.000776467999760306,5.37675584595947e-07,2.44643511946538e-08,-2.96597742917007e-09,1.9294541598339e-08,7.56242080629801e-09,3.62527414436508e-06,1.22207134576434e-07,7.27283426632881e-09,-2.10064786015893e-08,-3.90891564629521e-06,-5.48316391967043e-07,-1.04499280157509e-08,1.42902225142728e-16,9.99892385687445e-08,-1.75826120435491e-08,9.58291026744948e-09,-8.51459042466584e-17,1.80814185608881e-07,5.26159487165094e-07,1.69954291435977e-07,-1.58843259436346e-16,-4.1372694198739e-08,-2.37262213550135e-06,1.37616801459983e-16,-2.9806123804777e-08,6.99828913946883e-08,1.03959239072212e-18,-1.86806519907936e-18,-2.62509770213626e-09,-1.48568184990526e-06,-8.53167661420482e-09,-1.19467116397244e-05,3.40297551616579e-07,8.98957073292875e-09,1.57058681995465e-06,8.28139730873035e-08,-2.12801607739634e-06,2.029030155698e-15,3.98211541793046e-10,2.91494762045009e-08,8.16960983940903e-08,4.37627473902973e-05,-1.72152739209284e-17,3.52422103669939e-16,1.05800293103903e-06,-1.93571654774244e-17,-2.80113891646397e-13,1.1688111100314e-07,-1.73667639447266e-07,-3.25211622631706e-08,-0.000290404576165199,8.4265074881048e-07,2.20650574770277e-07,2.84360323572205e-07,3.93707727423235e-17,2.67183589840372e-06,7.39995190271437e-08,5.79362407259295e-07,-3.29840664915527e-08,1.34051146072397e-07,-2.33808374306074e-16,5.30949621894516e-17,6.44456318870761e-17,-1.29024632339558e-06,-6.00253697316491e-09,-3.89730746879615e-07,2.91514611872028e-16,-4.70313210320177e-09,-1.53545872265465e-16,8.82331827567506e-19,8.54854734171051e-07,-2.14373461674278e-07,-6.06719535722888e-16,-1.82872257015157e-06,-2.5221599413941e-08,-5.49699967129133e-16,6.07891122079098e-08,1.35101974840456e-16,0.000291043480272659,1.63026628488266e-15,0.00337019545243017,-2.27523038365705e-08,3.05326968668127e-09,7.64767133227245e-07,6.47144350282413e-06,-2.12969765500193e-08,7.21689887600313e-07,-1.19897643882631e-16,4.78579255109767e-07,-2.736735952145e-08,5.28186813844595e-16,-3.67003970594505e-09,-7.73395057487996e-08,1.85478049372386e-08,-7.94535516447202e-16,6.71894608873442e-08,9.13117759673843e-08,4.37824446941669e-16,-2.63177933128316e-06,-2.03718329456576e-06,-3.0086980876255e-09,-5.00643716432858e-16,-2.38832551811453e-16,6.80734732840719e-08,4.21837216945092e-06,1.51358284557247e-05,-1.28629169896771e-07,2.47721124296743e-05,7.09744716740136e-15,4.64528105423139e-13,0.379396192564272,-1.24110211322359e-06,-4.03884105768941e-14,-0.000114486827317702,3.76138232796657e-15,-1.70649916365671e-07,1.6666704862272e-06,2.16186332828334e-06,1.27793015436188e-05,-1.7051449846084e-16,4.60368665660154e-16,4.29891022270883e-16,5.00188142499694e-16,4.64379813405299e-09,1.53419065408468e-08,-1.50757029619919e-15,-1.41626989817334e-15,2.33951328611408e-15,-1.82763165759518e-08,-1.53383051429494e-10,7.076878077874e-09,3.17206859054723e-17,8.66900952065097e-15,-3.09322879810114e-16,1.76599829264643e-07,-5.30857678515373e-09,3.7363984433973e-16,-7.61822498480623e-10,1.83762716389791e-08,-1.85786746740952e-17,-1.09870165986847e-16,6.28347956231262e-06,1.04638196887283e-10,3.38410749818315e-05,-1.64956668479413e-16,-4.12393659544204e-09,-5.90545653608437e-08,-5.30356411456233e-08,1.50834039159433e-07,8.25817397719276e-09,-1.14270323078485e-10,-2.52951100225816e-16,-3.13998890138016e-16,-4.06223376914664e-16,-3.54292714278987e-10,2.99154314442374e-10,4.80170727906024e-09,-2.02050642850317e-10,-4.01598555901543e-16,1.58440532884151e-16,2.97990577728707e-17,3.20596388718179e-17,-1.03284771876578e-15,1.97677107706637e-09,-1.79918251285102e-16,3.03851571634189e-16,-6.63022944088777e-08,-1.00178138346001e-15,-2.03487652612869e-07,-3.27535595592522e-17,-4.42813702819092e-08,-3.45917696466298e-17,-6.63869613213665e-08,-1.46999961838074e-08,-8.1168523390691e-09,1.29853805548404e-16,1.8201256000343e-06,2.60760973896908e-17,5.42448709982724e-08,-9.82861837798293e-09,5.46662320364783e-11,3.49171029300618e-16,3.14760367974105e-07,1.2162317597729e-16,-2.41452655029364e-08,-1.23617993345191e-08,-2.06600475118355e-16,9.75720034592408e-17,-2.652150876502e-17,4.41096490951226e-16,-1.96504115813747e-09,-4.18658532250891e-06,-2.26835405457838e-08,3.25883622630514e-16,-4.30566332488161e-16,-1.45330854986094e-09,1.18839276060882e-08,-4.16017813326739e-16,9.15674785004364e-18,-2.52403367709365e-08,9.78295482157823e-17,-4.9513518716663e-07,-1.02926395807345e-15,4.69231809713184e-08,2.94207048647874e-16,-4.41447384700265e-16,-5.8176823335635e-18,8.33505083558661e-16,2.22137637578702e-17,8.82639264476073e-16,9.59126616216717e-10,-6.71279148749965e-09,1.27855396678496e-16,-4.54429657044067e-09,1.92431785219962e-07,-1.31471994906154e-16,-2.78783219060258e-16,6.39557229630498e-17,6.31174834925747e-17,1.82601947233399e-07,4.98502605134518e-08,-8.35269536991635e-16,4.53130125265833e-18,-3.61210010984401e-08,-1.16791651196409e-08,-1.77421710994231e-10,-2.23820372682706e-16,1.09055785704456e-16,2.62058385893385e-17,-3.53483642975875e-16,-4.68046833090703e-17,-1.90676130272023e-16,1.27587935594115e-06,-2.63280926371434e-07,-0.000175707985413005,-6.20643450147663e-16,1.88166355395457e-16,-4.8958610673588e-16,6.12135718873761e-17,-2.58281429566285e-16,2.19533898283443e-16,-6.25455663018534e-17,1.62673129642187e-16,-3.41632909220307e-16,-1.16024015746277e-18,2.44643311473544e-16,-4.69227509264422e-16,-1.05262198598709e-16,1.2190799827921e-16,7.81262492760283e-10,-1.14556913955142e-16,-1.00976034622163e-15,-5.38510510747367e-17,1.11459370742987e-08,-1.38082252864631e-08,-1.85865189168007e-16,-2.88488737164627e-10,1.03104542108674e-08,-2.70070562292611e-17,9.81352957621501e-16,-2.01041649292981e-08,-3.33917115778202e-16,2.60093506449746e-10,2.32375497515015e-16,1.04641488756737e-16,3.45521615732672e-16,-2.22459158018209e-16,2.6612538502415e-08,-3.56847940397404e-08,-1.88066446216239e-16,-4.98736651573957e-16,3.39424127619587e-16,3.36598883647284e-16,9.18807131072841e-16,-5.36984077864096e-16,1.06177362228634e-16,-4.45876949187111e-17,4.55764407665503e-10,2.38730678239508e-16,-4.78808646953792e-16,-8.44043885249869e-16,3.95529495164493e-16,-4.1436437039658e-16,9.32367978038897e-16,-1.0022081105132e-07,5.45501061078358e-16,-8.13487403512497e-16,6.79355220327288e-09,-8.8830970650935e-18,7.05388475348317e-16,-5.38914583110764e-16,-5.20452692318663e-16,5.79648275227758e-09,4.82373724815044e-16,-4.39179562214809e-07,-9.98907331792026e-16,6.19434805517211e-16,9.2334331923833e-17,2.71474059595003e-16,-3.76089998719927e-16,1.48325199414573e-15,7.01217114732998e-09,-8.31232545701245e-17,1.7490156202541e-15,8.90589353857817e-10,-8.80589238597146e-07,-4.0392592760494e-16,1.52305969975809e-07,3.51078283142725e-07,3.33242109579035e-16,-3.8529672847105e-16,-9.42779024935055e-16,6.82626445811094e-16,4.53855933131784e-16,-6.01917945422033e-07,2.60786571399952e-16,2.20577193762543e-16,-9.42211553241625e-18,8.19898301707142e-07,3.95212015429923e-16,8.5171658117171e-17,1.17298485768959e-16,2.29763927114148e-16,-1.11067874120148e-07,1.30490540122956e-15,1.93812480623531e-10,1.22771041340843e-15,-4.66856143812992e-16,1.65646553304774e-15,1.75414739024426e-16,-1.04308308008657e-15,2.28190231962277e-15,3.71413538914043e-16,-3.39876247568606e-09,-3.19745816035383e-15,1.1621356495954e-15,1.43256815676159e-09,-4.84866241461902e-16,-1.80885977083927e-15,-6.53311747494379e-16,-1.31163688129205e-15,-8.69368351286415e-16,2.17954399389575e-15,-1.04680545880783e-08,-2.3978897765463e-15,1.33724192178102e-15,3.12796387340797e-09,2.73830852899618e-15,-2.26783574904281e-15,-1.65344578092408e-15,-4.48413065287561e-15,1.84184868231698e-15,-2.67771708938271e-15,-1.87569965489709e-15,1.64334362945808e-15,-3.91716172109342e-15,-2.24739444845445e-15,-3.9013035895145e-15,-1.66166123752434e-09,5.51818891694957e-09,-1.25014844114497e-16,9.00390471595772e-15,-1.72944467069797e-15,5.26850397931977e-15,1.14274908979972e-16,2.19844354792232e-13,-0.707106781186548,2.35776058979325e-13,-5.29933753032974e-09,6.07008667379092e-15,1.39006546443957e-15,-1.41817539806268e-14,-1.10374081647872e-14,6.2077602831812e-10,-8.40102307196608e-16,-9.91189984987504e-11,-4.92809409664607e-17,4.90970126380053e-18,1.331228943295e-15,-2.48985159769709e-16,-1.59670420944748e-15,8.19249575851536e-16,-2.38908138481047e-15,-2.71970179304919e-15,2.62960479037986e-16,9.11599143366784e-17,8.77516477610667e-16,-6.43056925515289e-16,4.96129258010767e-16,2.88974798193984e-16,9.05213911563729e-16,-5.66340788730144e-16,-2.56014347395031e-16,2.02144411889778e-15,-6.04052285127935e-16,-3.93329562163143e-16,-5.79820479823523e-15,3.9280497378541e-16,2.50724535134904e-16,9.36539190576268e-16,-6.63153028203197e-18,8.30682112662323e-09,3.40348921496262e-16,-1.08684781362553e-15,3.51584970136871e-17,-2.32275420097182e-17,-1.77751187483184e-15,4.74918790800062e-16,7.96140651445726e-16,8.15575589258651e-16,-1.01415034849554e-16,1.44797300683081e-16,-2.77664176373538e-16,-1.49448386184795e-15,-6.68396400173429e-16,2.29584324196904e-16,-4.23694521310501e-16,4.05165941317424e-16,2.30896222900743e-16,-6.40990250326097e-08,-1.7665190816219e-16,-6.17654089956294e-16,-6.12964264852928e-17,-2.28829670245337e-16,-3.97291235216049e-16,5.77429587959705e-17,-6.5890360345974e-17,-7.0951625679732e-17,-1.80346240719385e-16,1.49118076343809e-09,3.52110811827215e-16,8.00870444851126e-17,-7.30632117596806e-16,2.2206128640976e-16,-1.04919292700093e-15,2.66503627728337e-16,1.6432834166331e-16,3.67527997538509e-16,9.25435882520737e-17,-1.0996643561859e-16,-2.19032628369633e-16,1.3799914331984e-16,6.62658272028285e-17,4.02017993219184e-07,-2.68237682399017e-16,-2.85639368974378e-16,-3.5027014949017e-16,-1.96023752785379e-16,-2.1041823307302e-09,1.44633700810606e-16,-1.13655859856204e-16,-3.02362927211751e-16,-3.20736756899891e-16,6.2334948420821e-17,-2.41012926771436e-16,-1.21029587011044e-17,5.92806406706555e-17,1.30299699508611e-16,1.49015245647546e-17,1.34248977368126e-16,5.05368385176639e-16,1.57065412050455e-16,5.50483860680198e-17,-6.60317062735513e-17,-3.26995680991189e-17,-2.66903117343622e-16
"t733",0.0357135473812553,-0.0104922051248587,-0.0114692655026094,0.000669279928828867,0.00609204599725004,-0.0162378953859108,-0.00228269869984094,-4.81732921763363e-06,-0.0416125490647028,-0.0187123041142845,0.141055564959018,0.00244982659007475,-0.00478902411035867,-0.00101037664823001,-0.0275164832596617,0.000656004765947542,0.00043306230376994,-5.27728337579997e-05,-0.0247573942835374,-0.00986572381006163,-1.81307095739706e-05,5.43141565511578e-05,-0.0322736189467654,-0.00106881264495631,8.31128464048208e-05,0.00287141033073018,-0.0516804245638706,-0.000629021858688957,0.0012035223754895,0.000161212262683598,0.000163988182497051,-0.00309891958236608,-1.85597422549242e-06,0.00188150720426885,-0.0025364788301024,-0.000458066149291779,-2.09297528795752e-05,7.69767970850103e-05,0.0183743023876033,0.103092619242531,-0.000165442336337471,0.0035259323753462,-2.47761894908775e-06,0.000172729920987849,-5.98869325769405e-06,1.57112025465574e-07,2.18333354349181e-08,-6.90097029772365e-07,0.000195085003647578,-0.000500379838963922,7.30603048784494e-07,-1.17544054532164e-06,9.13305266223475e-06,-5.76039698171795e-07,6.10605309300123e-05,-4.78210959918894e-05,2.68666898576833e-05,-3.35545574278928e-05,0.000293035431898502,-5.03193281429942e-07,-4.7752823322821e-07,2.48391498944627e-05,-1.46019740030301e-05,1.08801420630193e-05,-0.000197601552298046,2.06542359751416e-06,-1.2651556404431e-05,3.7903215951917e-05,-9.06681344579798e-06,4.0054404911308e-05,-2.97423528584293e-07,6.75496222798423e-07,-2.25199289302906e-06,-1.34814949145024e-06,5.60611550392016e-07,4.58203735037983e-07,-4.60893395188688e-06,6.29251885789434e-07,-0.000230288844133367,-1.26868331198036e-05,6.63848462588937e-07,4.82617944247348e-05,-4.9189307937945e-05,-3.84744737720896e-07,-1.14962208457918e-05,-4.28119753939936e-06,8.65114097886263e-07,1.54526463581767e-05,2.92005183861912e-08,-1.20517790953411e-06,1.32967092826325e-05,-1.43192442191714e-08,-1.03959356704576e-05,1.24897775505612e-05,4.09313234138038e-06,5.14164041530707e-06,6.06258221403182e-07,-3.86925792342889e-06,4.64737716658931e-05,0.00126031104443495,3.39389900047625e-05,-2.30503938686085e-07,4.97398915180225e-05,-0.000299571785390814,0.000752313846030606,-1.68280209248741e-05,0.0103316113386441,-2.01504100334573e-05,0.202770919299731,5.68280522307996e-06,0.000141725523265452,0.000113718634052577,-3.29549048551404e-05,1.45837869887638e-05,-1.36307309222512e-05,1.29187191869536e-05,-0.00216688389137291,0.00186609648007873,-0.000138027719242575,4.46778079008505e-05,-2.42507697706378e-05,4.23858033989956e-05,-0.000566015906382129,-0.000559792207532324,2.71973335096406e-06,-5.40894438263566e-05,5.59161453466675e-06,-0.000128680222976101,0.000118388991961204,0.00412486053687079,3.08420890965193e-05,-0.000187338194289906,2.60570675083872e-05,0.0254095593615966,-2.4109536280365e-08,2.65712296314115e-05,-0.000210070922526733,-8.96637711600928e-06,0.00101036680270433,-0.000280767161284611,-0.00175018238825964,-2.644749322183e-05,0.000328680813991868,2.27915440638687e-05,1.31631459005486e-07,-0.456817436070042,1.05496606972946e-06,6.98312024805334e-05,5.50403206917385e-06,-6.71446708236552e-07,-8.39081434777633e-07,-4.56920109620338e-05,-6.50134003086328e-07,0.000162798815514353,-5.82421805432895e-07,-1.1116872206424e-05,6.91750260301519e-05,-7.98036428878157e-06,-4.74005293484503e-05,-6.61065958331118e-06,-6.48523596960542e-06,9.48090549497724e-07,-0.000126269214171158,-9.6180189135855e-06,6.56904494891788e-06,-4.62928067397138e-06,0.00505943794545281,6.63277035169392e-06,0.00156917237688277,2.44103944522251e-07,-5.03472680100504e-06,-9.4365284347157e-07,1.60846663768522e-07,0.000103022111999817,1.17557294137925e-06,2.4399303623857e-06,1.07909576823514e-07,-4.80503091802555e-06,-0.000238960670670448,-2.7599951408479e-05,0.000115777431213162,3.58712384914587e-05,-8.00495889427583e-06,-3.43875797443698e-08,-1.13655013098995e-06,-7.34229598236008e-07,-0.00791673576870239,0.00543721035205126,0.0287067525540863,0.000133581727763725,0.000263240993661225,-0.000123728339103148,-3.64470076754026e-05,-4.28474068541447e-09,-3.64022975525366e-07,4.92003280697752e-05,2.90897843453905e-05,4.07456829262476e-07,-4.15022834373836e-05,-1.84069180697543e-05,-0.0380255992409872,-4.71153405264497e-06,1.85482144496764e-07,1.42649929017588e-07,1.62272143245989e-05,7.04149734979531e-07,-7.79217594734488e-06,-3.48372345304604e-07,1.04620437272002e-05,3.83474816965577e-10,-1.65049805869481e-05,-1.4550523056922e-07,-6.74000225750338e-07,-2.31741451345278e-05,3.7214582885845e-09,-7.18541252162709e-08,2.64975421079181e-08,1.74685194404707e-08,-9.79248698055961e-06,-2.5159790949179e-06,-1.17813107966532e-06,1.51429055128613e-06,3.38747521880401e-07,1.46100075109357e-06,-4.55133654114435e-06,-2.61958241080087e-07,-2.48651630183537e-05,-1.46020452344668e-07,-5.62162746380641e-05,-1.06365847202698e-05,5.81855693255054e-07,1.21951367021893e-07,3.76405793372429e-06,1.39495245486347e-06,-0.00637421550632867,-1.37155839361806e-08,-6.25579424204251e-06,1.26622327176243e-16,-6.04191904062998e-08,8.66316402599408e-07,-1.80414755515108e-07,-4.71099259200774e-07,-6.41698188925054e-06,8.8803204314946e-08,-1.28387722535364e-06,5.73138158219646e-07,-1.90404947527734e-06,7.18477721051959e-08,-1.46241072364811e-07,6.00800977748721e-05,-3.96773289447908e-08,4.39743858366786e-06,-0.000230228463636574,1.60541384309362e-08,-1.08298440647161e-09,5.30791153799816e-08,-5.48486404280406e-08,8.7153234373921e-07,4.39126643995489e-05,-9.77381061689225e-06,2.57035761966243e-06,-0.022175943187777,-2.53411381688301e-05,1.52229458160227e-07,1.94972281104438e-05,-1.98822990703059e-06,8.86684741328087e-09,7.78194307760191e-05,3.81656974149468e-07,3.55727479914461e-06,1.01193194288018e-08,-0.0122282974195147,-1.60071062590006e-07,-2.91820030633351e-07,4.67418805922389e-07,-9.11626389630546e-07,7.21204284135246e-07,-5.33814188303532e-08,1.04697867323951e-05,-4.57489292440583e-08,7.54875926068817e-06,3.94349393508702e-17,-1.87820866821031e-05,-3.24132142480078e-06,-2.00952168677135e-11,-1.7801278000267e-07,2.64499865453702e-07,-1.64689946091666e-07,-4.68654801298796e-08,5.59547876536864e-09,-2.50159522147929e-07,9.46102345755808e-06,3.52322448446353e-06,-2.80078138976303e-08,1.50106503262604e-05,-5.05007250461393e-05,1.37542425746635e-06,-4.3938679922685e-05,3.68458680893012e-07,6.43956752037682e-07,9.93937360141596e-09,2.77513799007617e-05,-3.77256697425534e-06,1.67906034919451e-08,-5.30707565302251e-06,6.28607918197015e-07,-2.29079986052265e-06,1.7237498355477e-06,1.53750581987223e-05,7.82782114203773e-07,-2.49302351526833e-07,-1.64050394179309e-06,1.68214303873576e-07,-7.86162190420115e-07,2.20176100728743e-06,8.91584553909084e-06,-7.02308523625743e-05,-1.36137372913847e-17,1.48145694954786e-07,8.22130537763165e-07,-8.29897606944002e-08,4.43561542716678e-05,4.76515426176349e-08,1.17146421938418e-05,4.7217105312833e-05,-3.7372318703244e-06,1.6734157675397e-05,9.63748033102344e-17,-0.000243033481937899,-1.10899254473549e-08,-5.09576087174572e-06,2.16536296661006e-07,4.47243053710593e-06,-3.17875857510427e-06,-5.94140053896965e-05,1.74799736132437e-05,-2.27332436001275e-06,0.000204058266315382,-9.13038869349026e-07,-0.0001130037426175,-1.85199276344813e-07,-4.61438853499975e-08,-0.000714697128154381,8.81654545021965e-06,-0.246199770222726,-6.43397539789074e-15,6.09496667147501e-06,-3.95756514267719e-07,-1.13862326807664e-08,-6.85753020998732e-08,9.97422682601652e-05,0.00165373225881409,-8.49785450066627e-07,3.24160056764602e-06,1.93567142598543e-06,5.20738181127665e-16,3.52656080971168e-05,1.2502120192198e-07,8.10904507562956e-05,-3.23087332041781e-15,-1.28164587182913e-05,-2.12945832494726e-06,4.18520531395897e-07,0.00732848519706295,8.21989203019605e-06,0.0238667398544841,-3.21822420609403e-06,-0.00403055922865429,3.88421370631726e-07,-2.84200428972383e-09,-1.89833839792114e-06,-5.84374638729581e-08,3.73755043253228e-16,2.8276358950259e-08,-1.04710772463165e-06,-4.46404397600362e-07,2.69709263140209e-06,3.60425326554614e-16,4.82965159237007e-08,-7.390842844744e-09,7.65649917076957e-07,1.04693595626373e-08,3.5962603276447e-06,-3.15984945053234e-08,3.49945633796126e-07,-1.10484070534522e-06,-2.10581158394113e-16,-1.99167850614641e-06,8.69808166795551e-09,-2.08551860579725e-08,-1.61004082242326e-06,2.05415060911814e-09,4.00686072738192e-09,1.14491749414469e-16,-4.99260555896492e-17,1.13992541704163e-09,-6.06379215469085e-10,1.01812305874095e-10,-2.81345025964336e-07,1.34901854205426e-16,-5.0290595146769e-07,-7.26785966666665e-09,3.71624245177531e-18,6.09481450602287e-17,2.01789544391516e-16,1.37338719140825e-06,3.89443969886019e-08,-4.82293413565672e-08,1.60174937379704e-06,2.29647998864321e-07,4.61795420610636e-08,-2.02159153366229e-08,8.92299349884588e-17,-5.0899917147305e-09,1.492186293522e-08,5.36787707899893e-17,7.91909955975991e-17,-1.08546740916821e-08,-6.47644981527908e-10,-6.93329357384222e-09,1.80582343286508e-06,7.6102474451327e-09,-3.11117950827101e-07,4.50194545413017e-16,-1.13674581143272e-07,-8.19688903450623e-17,-0.000265416982422997,6.55210477887302e-16,-6.99326644556477e-09,3.13330427145366e-16,3.2730188042082e-08,8.73321073941635e-09,0.000776467999759702,5.37675584577045e-07,2.44643511945421e-08,-2.96597761505741e-09,1.92945415239036e-08,7.56242081080238e-09,3.62527414488604e-06,1.22207134929809e-07,7.27283418870237e-09,-2.10064785853806e-08,-3.90891564655001e-06,-5.4831639205068e-07,-1.04499280584284e-08,-3.39456664036439e-17,9.99892384127755e-08,-1.75826125426346e-08,9.58291057331827e-09,-1.96795067529716e-16,1.80814185359371e-07,5.2615948727667e-07,1.69954291598685e-07,-5.86033578547472e-17,-4.13726942669167e-08,-2.37262213543602e-06,-1.49555616666152e-16,-2.98061236340471e-08,6.99828915110234e-08,1.30090071085297e-16,8.39036653662774e-17,-2.62509780948598e-09,-1.48568184869047e-06,-8.53167696617851e-09,-1.19467116397134e-05,3.40297551452761e-07,8.98957053710266e-09,1.57058681978922e-06,8.28139726901924e-08,-2.12801607785597e-06,1.55723958034093e-15,3.98211799510844e-10,2.91494765376203e-08,8.1696098236054e-08,4.37627473903568e-05,1.59703915438792e-16,-4.48886719630799e-17,1.05800293056983e-06,-2.04739826967393e-16,-2.79495395379028e-13,1.16881111172583e-07,-1.73667639641071e-07,-3.25211621296312e-08,-0.000290404576165287,8.42650748777301e-07,2.20650574796721e-07,2.84360323161836e-07,-2.72566198584839e-17,2.67183589742604e-06,7.39995189766681e-08,5.79362407496118e-07,-3.29840662255818e-08,1.34051145745062e-07,-2.19970508548998e-16,1.39122447025369e-16,-8.97559661681752e-16,-1.29024632317352e-06,-6.00253686989041e-09,-3.89730746881367e-07,1.87048355723015e-17,-4.70313191326647e-09,-1.12698555417074e-16,-9.07340013178555e-18,8.54854734303784e-07,-2.14373461795437e-07,-6.07803737895374e-16,-1.82872257050042e-06,-2.52215994898792e-08,-4.88957540415677e-16,6.07891122370079e-08,3.76839550380367e-16,0.000291043480272583,1.42413528800804e-15,0.00337019545242996,-2.27523039510893e-08,3.05327011882606e-09,7.64767133176204e-07,6.47144350269988e-06,-2.12969765831417e-08,7.21689887482338e-07,-6.56575538433691e-17,4.78579254850801e-07,-2.73673593090343e-08,3.22466420534413e-17,-3.6700396767989e-09,-7.73395058417572e-08,1.85478052384833e-08,-9.51923702895275e-16,6.71894609022634e-08,9.13117759831184e-08,4.95417718886129e-16,-2.63177933132721e-06,-2.03718329526538e-06,-3.00869814958383e-09,-1.19016740116764e-15,2.20476228284102e-16,6.80734730831697e-08,4.21837216945191e-06,1.51358284558521e-05,-1.28629169793453e-07,2.47721124291135e-05,6.57746603959415e-15,4.65031459843188e-13,0.379396192564275,-1.24110211282607e-06,-4.07735184388728e-14,-0.000114486827318324,3.48531837330077e-15,-1.70649916509772e-07,1.66667048577887e-06,2.16186332739466e-06,1.27793015439386e-05,-1.86785729464964e-16,3.74795326902205e-16,-5.41980035235702e-17,7.55782099614552e-16,4.64379809444829e-09,1.53419063292653e-08,-1.43933044225338e-15,-1.34722293764252e-15,1.63558057489537e-15,-1.82763167524533e-08,-1.53383304789549e-10,7.07687805875991e-09,3.19411699728508e-17,8.99954210546033e-15,-5.03042702978962e-16,1.76599829324248e-07,-5.30857671057255e-09,8.24210210324117e-16,-7.61821987191313e-10,1.83762718808515e-08,-1.57208120504749e-16,-4.50430903698738e-16,6.28347956213112e-06,1.04638247252578e-10,3.38410749799521e-05,2.03513707520346e-16,-4.12393593596233e-09,-5.90545658168156e-08,-5.30356410943575e-08,1.50834039324004e-07,8.25817402557878e-09,-1.14269298921704e-10,2.57273031203487e-16,-1.02174636617755e-16,1.76428495440871e-16,-3.54293269637621e-10,2.99154331784699e-10,4.80170701776964e-09,-2.02050484725352e-10,-5.00976704828976e-17,6.32469205223089e-16,6.97139511283109e-16,8.05950556958931e-16,-2.11361445519178e-15,1.97677057019482e-09,-2.46382763779548e-16,-2.17084219608544e-16,-6.630229444457e-08,1.29252767079786e-16,-2.03487652571051e-07,5.64803746849982e-17,-4.42813694541471e-08,1.92267963156983e-16,-6.63869612034276e-08,-1.46999969569047e-08,-8.11685205812029e-09,-4.30038542073337e-17,1.82012560057402e-06,2.30172036920305e-16,5.42448710796324e-08,-9.82861901727536e-09,5.4666330154106e-11,-3.84229972163761e-16,3.14760368445965e-07,-5.9743676431122e-16,-2.41452655183241e-08,-1.23617994674907e-08,1.47367579294537e-16,1.39456647823126e-16,-3.08161748658332e-16,-1.58588865885631e-16,-1.96504054999585e-09,-4.18658532269809e-06,-2.26835406680457e-08,-2.25803918496288e-16,5.14244134377572e-16,-1.45330875160443e-09,1.18839278680314e-08,3.42574205310587e-16,3.40681938039402e-17,-2.52403370330677e-08,-1.39079484728932e-16,-4.95135186763715e-07,7.32372907064837e-16,4.69231816650541e-08,1.72227212987709e-16,-1.01376213885179e-17,-2.43472966735661e-17,-3.31234780456384e-16,-1.30561479184278e-16,9.62002863502004e-16,9.5912721816346e-10,-6.7127910422842e-09,-5.58685919120479e-17,-4.54429629319553e-09,1.92431785061876e-07,1.03025807008205e-16,2.45337077202524e-16,-1.17883679419353e-16,4.35294355724051e-16,1.82601947524394e-07,4.9850260815553e-08,5.67190485860603e-16,1.51570939636532e-16,-3.61210007066278e-08,-1.16791645370694e-08,-1.7742105591133e-10,1.9778396653856e-16,-6.10559867387698e-18,6.62891074771629e-17,-7.17223792847428e-17,-2.27791646718923e-16,3.85823784882371e-17,1.27587935598459e-06,-2.63280926333808e-07,-0.000175707985411931,5.44463007137238e-16,-8.17588447416522e-17,3.35447506200226e-16,3.41891347872982e-17,2.34739368239939e-16,-5.31790754757764e-16,-6.1669477625715e-17,-3.62091748681736e-16,2.23752309434449e-16,-1.40139709885455e-17,-5.9898253052812e-16,1.39749688103145e-16,8.29644006728633e-18,1.6539653113728e-16,7.81263304434452e-10,-1.68103780261328e-16,8.82822941445118e-16,8.71726996982333e-17,1.11459371899284e-08,-1.38082245691092e-08,9.67025940575458e-17,-2.88488556752846e-10,1.03104535005722e-08,-5.5463931047847e-17,-9.69213100033757e-16,-2.01041638683045e-08,1.10875495134153e-16,2.60093054624363e-10,-7.10026278780176e-17,-1.39557522346979e-17,-3.74705803962651e-16,4.3551825603471e-16,2.66125386381124e-08,-3.56847948437778e-08,4.52588762200012e-16,7.3986493870965e-16,-2.84151514444204e-16,5.94449265300045e-16,2.49366499671666e-16,7.78615024867033e-16,-3.50947960727472e-16,-3.583881845032e-17,4.55763748785557e-10,-1.95012677561323e-16,5.15243627901645e-16,8.11780486460747e-16,-2.30526127284629e-16,3.62975017808662e-17,-1.39094514045777e-15,-1.00220811253399e-07,-5.04475805296749e-16,5.77372876219755e-16,6.79355253247559e-09,2.45064775587275e-16,-1.09024522251943e-15,4.27540114211354e-16,4.23940065402719e-16,5.79648347199788e-09,-4.63386288786269e-16,-4.39179562690306e-07,8.64485565194826e-16,-7.60583279938546e-16,-2.53729940717403e-17,-2.96531199998917e-16,2.90254268228721e-16,-1.52448767532292e-15,7.01217116181678e-09,-1.53421759880142e-16,-1.79460062795766e-15,8.90588659262305e-10,-8.80589239524762e-07,3.7819078052665e-16,1.52305970428518e-07,3.51078283557366e-07,-6.17059298220553e-16,7.22367295918845e-17,6.81985479343254e-16,-7.12360473769546e-16,-6.58750311654616e-16,-6.01917947892662e-07,-2.337753578892e-16,-5.03209071534468e-16,-1.35961839830655e-16,8.1989830316768e-07,-4.25072108530053e-16,-3.74133269471201e-16,-1.64107035532332e-16,-2.18476094708069e-16,-1.11067873050288e-07,-1.17097377464107e-15,1.93813566996642e-10,-1.32966629093329e-15,8.96961758518662e-16,-1.99942455574614e-15,-2.4909203509707e-16,8.11688930966658e-16,-2.13370517531562e-15,-5.06529502162653e-16,-3.3987618981111e-09,3.24824587534298e-15,-1.22908159418657e-15,1.43256844664671e-09,4.57948128328173e-16,1.68927538238034e-15,4.5736307765857e-16,1.28353253078152e-15,8.60754234619218e-16,-2.21585957854773e-15,-1.04680522599879e-08,2.28728142075063e-15,-1.38504914424963e-15,3.12795994644116e-09,-2.83794928717367e-15,2.33287358603283e-15,1.63650578638169e-15,4.70393533232683e-15,-1.9700222951826e-15,2.63546381883462e-15,1.76795434062026e-15,-1.52679863044406e-15,3.84748376600292e-15,2.57398795030022e-15,3.7157994177935e-15,-1.66165017519946e-09,5.51819386831096e-09,1.06364335211959e-16,-8.78062454659521e-15,1.6695204265839e-15,-5.27530115991106e-15,-1.22514845490862e-16,-2.19746253170246e-13,0.707106781186546,-2.36100397078446e-13,-5.29934933137995e-09,-6.41853191638779e-15,-1.42299510893564e-15,1.38315269792124e-14,1.06085088270192e-14,6.20784109607898e-10,7.70338613156571e-16,-9.91176443301137e-11,6.44467211595214e-17,-1.11182384357293e-16,-1.277781647618e-15,3.34070357787998e-16,1.64051220189341e-15,-2.59046072841346e-16,2.36565172097299e-15,2.75390159502194e-15,1.41364266194445e-17,-1.32611587349623e-16,-6.8659684322076e-16,6.33939454922092e-16,-6.33188694419431e-16,-3.69339004203432e-16,-9.21930114897707e-16,1.14227612500211e-15,2.70465825231632e-16,-2.10721573160004e-15,6.36557800412442e-16,6.60633455221661e-16,3.25954541136042e-15,-3.70737688214911e-16,-2.08543505129953e-16,-8.85674730972198e-16,6.90366752116848e-17,8.30682045041137e-09,-1.04088299983021e-16,9.31611370890738e-16,-1.08734567962731e-16,-4.99754667956097e-16,1.83026500122628e-15,-4.02039622390357e-16,-6.93952754861192e-16,-9.077456958723e-16,1.0117685838076e-16,-8.28734194021954e-17,-1.26743233963555e-16,1.26573019615189e-15,4.7941806745791e-16,-4.16018983618066e-16,1.78386174528784e-16,-4.3016845487299e-16,-2.36036982231903e-16,-6.40990248665131e-08,1.97906465415402e-16,6.16100080052769e-16,-7.82800141933852e-17,2.40999913120744e-16,4.46276009700316e-16,1.63989925670653e-17,-6.72086759554541e-17,5.09169401079528e-17,3.2886435488189e-16,1.49118064893167e-09,-2.21015680061565e-17,-1.18966574485788e-16,4.22588836511957e-16,-2.64478323611829e-16,5.60062214573248e-16,-5.7074037263819e-18,-4.36409807741501e-17,-2.87780362064207e-16,-2.02902956529442e-16,1.87681653783637e-16,1.13396077826186e-16,1.13072218198e-16,-3.31828719700122e-17,4.02017993672116e-07,2.32688819522085e-16,3.08810694003905e-16,4.24310002699997e-16,-7.41594285980085e-17,-2.10418277490284e-09,1.0423666793822e-16,1.58721356059863e-16,2.90051756101907e-16,3.70290491048153e-16,-2.64461442606178e-17,5.56958833062234e-17,9.78027119492018e-18,-3.66062702303543e-17,7.02457679222788e-17,4.38209000697697e-17,4.15750603472788e-18,-2.49199818444918e-16,4.14736088857809e-17,-7.32300281634088e-18,-4.47659938300867e-17,1.02994552833879e-16,-2.41605203683282e-16
"t444",0.0357028974080459,-0.0104856159274093,-0.0114618300603867,0.000668698686780148,0.00608557098920402,-0.0162176555813324,-0.00227979771234302,-4.81072167567568e-06,-0.0415451783871633,-0.0186755996195767,0.14070499173967,0.00244233542654258,-0.00477395518104252,-0.00100714970785487,-0.0274248026758029,0.000653691220781897,0.000431498873727201,-5.25788943072368e-05,-0.0246643245911208,-0.00982546442283784,-1.80507480447618e-05,5.40256796147873e-05,-0.0320927244175823,-0.00106278816022467,8.26425519121543e-05,0.00285439842280333,-0.0513706685230881,-0.000625218332212518,0.00119605254390068,0.000160033657570688,0.000162711071458516,-0.00307370737229515,-1.83980489222471e-06,0.00186435349385701,-0.00251219731907263,-0.000453338588666431,-2.07110652779349e-05,7.61600043066151e-05,0.0181780393024876,0.101975441000307,-0.000163599201491452,0.00348572234708324,-2.44895309897193e-06,0.000170729072413085,-5.91814194488569e-06,1.55146075678191e-07,2.15552092116691e-08,-6.81232742937623e-07,0.000192520830296214,-0.000493640307096772,7.20444443253013e-07,-1.1588569616068e-06,9.00392673559592e-06,-5.67748532618196e-07,6.01509990059591e-05,-4.71051264170979e-05,2.64272780779926e-05,-3.29929670661872e-05,0.0002881176599069,-4.94274800142588e-07,-4.68722227073102e-07,2.43722389658471e-05,-1.43232645163889e-05,1.0671676893425e-05,-0.000193708216595354,2.02371819803837e-06,-1.23823839025317e-05,3.70782641814234e-05,-8.86742246390753e-06,3.9157166804993e-05,-2.90116299469816e-07,6.57779736666989e-07,-2.19235247810349e-06,-1.31173253872843e-06,5.45430775696034e-07,4.45691074662855e-07,-4.48265234832709e-06,6.11728625718301e-07,-0.000223641788526385,-1.23154220629428e-05,6.43947148137411e-07,4.68076033513347e-05,-4.76522322222393e-05,-3.72592436554032e-07,-1.1116468816589e-05,-4.13808360691148e-06,8.35848268386659e-07,1.49288980792091e-05,2.82103081230566e-08,-1.16425815029682e-06,1.28432118732761e-05,-1.38102008041124e-08,-1.00249861211739e-05,1.20329575447914e-05,3.93712018707184e-06,4.94446912126995e-06,5.83002891206074e-07,-3.71855388929801e-06,4.46534679365036e-05,0.00120990211147824,3.25585844405884e-05,-2.2111475284874e-07,4.77104526183226e-05,-0.000286434665321516,0.000719150071466204,-1.60831933138509e-05,0.00987103553045203,-1.92503289335318e-05,0.193681600029695,5.42671539912422e-06,0.000135327795467245,0.000108532688711088,-3.14502359419847e-05,1.39002112491082e-05,-1.29882972464919e-05,1.23025134595541e-05,-0.00206297472520979,0.00177530562180437,-0.000131219377197297,4.24513322898559e-05,-2.30352564347969e-05,4.0219068650523e-05,-0.000536716635005839,-0.000530801281020225,2.57862958137663e-06,-5.12473631768235e-05,5.29750007362793e-06,-0.000121838373958058,0.000111901265396209,0.00389874276572989,2.91472887907265e-05,-0.000176838757870111,2.45910991384936e-05,0.0239760710317086,-2.27340392923752e-08,2.50529410106695e-05,-0.000197784554009598,-8.43223441899556e-06,0.000948680351613116,-0.000263613578539735,-0.00164281003341901,-2.48215369229789e-05,0.000308405524461653,2.13837919211655e-05,1.23500914306358e-07,-0.428340501150464,9.88002787545985e-07,6.5317939318416e-05,5.14671261744882e-06,-6.27429370530711e-07,-7.84032139861178e-07,-4.26832170254153e-05,-6.07230116663617e-07,0.000152028858003428,-5.43021888613959e-07,-1.0362176574358e-05,6.44671993626751e-05,-7.40652755805843e-06,-4.39476781671089e-05,-6.128159447817e-06,-6.0067277308689e-06,8.77981562534129e-07,-0.000116802741025727,-8.89575408855543e-06,6.06917597470846e-06,-4.27254186530164e-06,0.00465535140800478,6.10236737186574e-06,0.00144365035084513,2.24483759919087e-07,-4.62779031563577e-06,-8.67320085068131e-07,1.47692413896897e-07,9.45680074015974e-05,1.0783931904453e-06,2.23786855034528e-06,9.89648653072392e-08,-4.39996606005189e-06,-0.00021846760944061,-2.52260585861511e-05,0.000105791539223244,3.27518467165759e-05,-7.3066494821146e-06,-3.13785694346688e-08,-1.03681108884522e-06,-6.69172175903574e-07,-0.00721359131063304,0.00494435834884975,0.0261029111130913,0.000121383363908395,0.000238757412454899,-0.000112046406110718,-3.29880795908848e-05,-3.87499592508305e-09,-3.2901448826369e-07,4.43891427811134e-05,2.62349506764906e-05,3.67166515426442e-07,-3.73829729803333e-05,-1.65269597578993e-05,-0.0341367599267549,-4.22393046228321e-06,1.66063046929915e-07,1.27301940265495e-07,1.44810792059128e-05,6.28190913622674e-07,-6.94522468525591e-06,-3.10308494519754e-07,9.30310471065798e-06,3.40275140541894e-10,-1.46206716081763e-05,-1.28825413670484e-07,-5.95312219752054e-07,-2.04413555602646e-05,3.28249329146132e-09,-6.3312631784394e-08,2.32858894006111e-08,1.5343392602603e-08,-8.57768310098383e-06,-2.19967088085774e-06,-1.02933714344755e-06,1.31943261117779e-06,2.94965160784287e-07,1.27125893407166e-06,-3.95158010340685e-06,-2.27337507984912e-07,-2.15766014559509e-05,-1.26403071388947e-07,-4.85922396669743e-05,-9.17895864082193e-06,5.01743481440253e-07,1.05079054874676e-07,3.24092899331006e-06,1.20083392330926e-06,-0.00547670647789754,-1.17702898399223e-08,-5.36154624760781e-06,4.36795642515901e-17,-5.16854459014353e-08,7.40809702285197e-07,-1.53875507784141e-07,-4.009886072498e-07,-5.45285258778815e-06,7.54532360198491e-08,-1.08746441517649e-06,4.85200918054237e-07,-1.61151666712703e-06,6.07384257213407e-08,-1.23531128264341e-07,5.06767947339322e-05,-3.34457915779143e-08,3.70581219405699e-06,-0.000193735705280181,1.34264322862777e-08,-9.03726955032644e-10,4.42115254319643e-08,-4.55006695882548e-08,7.2278549511564e-07,3.63139496027551e-05,-8.06951217406691e-06,2.11725161162231e-06,-0.0182531442598897,-2.08421343540539e-05,1.25066983167476e-07,1.59924531276224e-05,-1.63052909451611e-06,7.24158551127765e-09,6.35493390661296e-05,3.11637447361424e-07,2.90136351183907e-06,8.24997410844329e-09,-0.00995593609212404,-1.30292630095686e-07,-2.35583914181994e-07,3.76996750329459e-07,-7.34735731871823e-07,5.80285785164674e-07,-4.28930211857669e-08,8.38687969028317e-06,-3.66145238250148e-08,6.0372429375101e-06,-1.13293954895315e-16,-1.49843684090598e-05,-2.58508870238169e-06,-1.6009615871908e-11,-1.41464297030676e-07,2.09735932788102e-07,-1.30455474448158e-07,-3.71042885061362e-08,4.40035916850774e-09,-1.96642624380619e-07,7.43613580730049e-06,2.76362116411521e-06,-2.18431907375261e-08,1.16949683676582e-05,-3.93180833816663e-05,1.06836910200698e-06,-3.38230115134934e-05,2.8253883665411e-07,4.93682495015069e-07,7.61939955595571e-09,2.10673735857462e-05,-2.83078470818549e-06,1.25799226516446e-08,-3.96732805446904e-06,4.68638457620389e-07,-1.70639457740602e-06,1.27489726843107e-06,1.13653345897845e-05,5.78060755525023e-07,-1.83976442362983e-07,-1.20790773659722e-06,1.23545937560649e-07,-5.7605131090177e-07,1.61165905153981e-06,6.51487114056145e-06,-5.1125656663347e-05,1.52717383033157e-16,1.05312074949907e-07,5.82993804273399e-07,-5.86327558098169e-08,3.13344366702045e-05,3.36584791630692e-08,8.26704111062184e-06,3.3263683638601e-05,-2.62739157357245e-06,1.17150657001971e-05,2.95118703924676e-16,-0.000168471764352837,-7.67804565655756e-09,-3.5186084248335e-06,1.49469894968667e-07,3.0666382007679e-06,-2.17147096879675e-06,-4.03708364007093e-05,1.18333663253817e-05,-1.5264985994721e-06,0.00013598178742522,-6.0544228801171e-07,-7.47236759477806e-05,-1.22248583743759e-07,-3.03639598560259e-08,-0.000470127582532918,5.78656995209461e-06,-0.161306899778831,-4.26130616998909e-15,3.94080244726845e-06,-2.55167961009145e-07,-7.34118463180921e-09,-4.38589104637031e-08,6.37140919462914e-05,0.00104033929883429,-5.32211264766407e-07,2.02838315451823e-06,1.20714704039912e-06,3.97111134493255e-16,2.19077719024138e-05,7.75533523564344e-08,5.0028168064665e-05,-1.92686706746252e-15,-7.85983637969429e-06,-1.30405713799618e-06,2.56108010121561e-07,0.00447770640911821,5.0094219954673e-06,0.0145167502833543,-1.9544692514592e-06,-0.0024366811045307,2.3469319564871e-07,-1.71178132264645e-09,-1.13699184758459e-06,-3.49904678355835e-08,2.49722551441368e-16,1.67422619375116e-08,-6.18762663458276e-07,-2.62638705470217e-07,1.57618448146839e-06,-2.83393492831812e-16,2.78098419772948e-08,-4.18336029619354e-09,4.29959974511356e-07,5.85733215837288e-09,2.00297686567371e-06,-1.7450980486034e-08,1.90577312683828e-07,-5.80276702024942e-07,2.26431768309726e-16,-1.0110661199683e-06,4.40204544756122e-09,-1.04869104166086e-08,-8.02302257969244e-07,1.02289089632954e-09,1.9901125000041e-09,5.89805981832114e-17,9.30787898365908e-18,5.57677208025529e-10,-2.92682544182404e-10,4.90588736315036e-11,-1.3389927137544e-07,3.00178048321851e-16,-2.32728042666496e-07,-3.32027255372548e-09,1.50953840151894e-16,-4.21796657455798e-17,-2.36251877787831e-17,6.01503054590046e-07,1.69613719874848e-08,-2.05954443243968e-08,6.72331600188653e-07,9.61973171984973e-08,1.8981250847523e-08,-8.29094367661342e-09,-3.86988564606771e-16,-2.00501554394985e-09,5.79139631126023e-09,-6.6184585603728e-17,-5.91064003319176e-16,-3.96122243386405e-09,-2.32653002087775e-10,-2.43718598687572e-09,6.25364370827245e-07,2.55862832966435e-09,-1.0408906778583e-07,-1.96139068796592e-16,-3.77753766803048e-08,-1.7757493913832e-17,-8.64691206370876e-05,-5.93112798458195e-16,-2.24443550222796e-09,-6.61620880447537e-16,1.03013725507749e-08,2.73764389778268e-09,0.000230287902790995,1.57503541384989e-07,7.12901456837267e-09,-8.44443884919933e-10,5.38027197937763e-09,2.0044809065986e-09,9.60460828445108e-07,3.18523404219237e-08,1.83796080089896e-09,-5.08294409695495e-09,-9.10033667359332e-07,-1.23655304739674e-07,-2.31887493106108e-09,-8.38144328028048e-17,2.10571278570421e-08,-3.50838900991672e-09,1.60304354412516e-09,2.82099718990402e-16,2.85088819008976e-08,7.51993612099318e-08,2.32046444330225e-08,5.028181839697e-16,-5.51191183874703e-09,-2.84591138674078e-07,6.09272690095978e-17,-3.37764942698253e-09,5.04748935626746e-09,-1.61126759143384e-16,-1.72147734229313e-16,-1.45272098395767e-10,-7.99494795538104e-08,-3.97752199285115e-10,-4.54925758860683e-07,6.25368563087757e-09,1.4966311250035e-10,2.22963245073859e-08,-1.08259675084854e-09,7.68675223043376e-08,3.19080699362484e-16,-1.79319353721819e-11,-1.35760805323294e-09,-4.24932333911366e-09,-2.56504259792369e-06,7.22765204018173e-17,-3.97854144781742e-16,-7.16816063989673e-08,3.13089941091083e-16,3.25521302322988e-14,-1.49653583952244e-08,2.41374157971686e-08,4.52752755388235e-09,4.75521983941029e-05,-1.40832191986442e-07,-3.70375737065398e-08,-4.90703361671231e-08,2.86450059000836e-17,-6.00100519429988e-07,-1.74792129428917e-08,-1.39093048968766e-07,8.56526472700453e-09,-3.9795735604068e-08,3.39574317175333e-16,-3.71989012845481e-17,6.65886052540251e-16,4.56686699639819e-07,2.28125447009153e-09,1.48904804849539e-07,-6.10106041119926e-16,1.91984504850831e-09,4.93543025442264e-16,-9.94934556964233e-17,-4.57126266072503e-07,1.15003286119209e-07,6.94973592563208e-16,1.04394161303432e-06,1.4920240566698e-08,1.28523925555724e-15,-3.86369139334569e-08,-6.52947766344033e-16,-0.000201346612217764,-1.00359781935115e-15,-0.00234917052315558,1.59520803717715e-08,-2.15483873181635e-09,-5.44695481374831e-07,-4.70482044751798e-06,1.67141410946294e-08,-6.29399666413764e-07,1.39780312804122e-16,-4.7534306466149e-07,2.75611165035743e-08,-8.56425877589688e-16,3.76474746572925e-09,8.20428922536754e-08,-2.02803606850223e-08,2.01469567968158e-15,-8.14776763721912e-08,-1.13033373432773e-07,-1.12918593456805e-15,3.34845600968807e-06,2.62733124528927e-06,4.08151808198913e-09,1.69839961273184e-15,-2.54209715590325e-16,-1.04248451402563e-07,-6.80859880987592e-06,-2.46962831553515e-05,2.66439743742027e-07,-5.34378764434857e-05,-1.50906848991582e-14,-1.03154400425132e-12,-0.841963367682276,2.76425083190126e-06,8.98135375219237e-14,0.000267688839165519,-7.98685070174527e-15,4.18570324500415e-07,-4.37241834697397e-06,-5.69913058425288e-06,-3.43414026341426e-05,4.39896768717202e-16,-9.87740790713884e-16,-1.72376387741022e-16,-1.43145424550987e-15,-1.49549590031719e-08,-5.0184930381047e-08,3.09665846418665e-15,3.10675041987458e-15,-4.35759148683516e-15,6.33281958495416e-08,5.45217298631634e-10,-2.70144697744949e-08,-1.23054664732189e-16,-1.45626105575378e-14,-1.28369537222284e-15,-8.81633748511235e-07,2.67713654400913e-08,-1.18257516459622e-15,4.33107535294233e-09,-1.09977308035909e-07,2.81250396186208e-16,5.74448913258031e-16,-4.27952149579137e-05,-7.20499946467698e-10,-0.000253172121176841,-9.33111481430409e-17,3.59119217102387e-08,5.63973301138171e-07,5.83482193310542e-07,-2.07883658214152e-06,-1.21914804563924e-07,1.94263726187918e-09,3.46467266627931e-18,2.0799386790461e-16,3.32508056054446e-16,3.31862760651425e-08,-3.00033477851407e-08,-1.15804150545764e-06,-8.30954621871527e-09,4.56075704044968e-16,-9.81900590888676e-16,-6.46071427933694e-16,-5.57696201466983e-16,2.46977381556372e-15,3.76513053687786e-08,4.66872740895431e-16,1.15770991925318e-16,-1.05036047361855e-06,1.1820563405321e-15,-3.19528672837044e-06,-4.12011524887641e-17,-6.85197992544374e-07,-2.66491964642413e-16,-8.04876312596286e-07,-1.69673362884052e-07,-8.73515852046545e-08,9.70203247151719e-17,1.81020598453878e-05,-3.92797081704987e-16,4.64233902499913e-07,-7.16029902229547e-08,3.95751187039507e-10,-6.4878376886611e-18,2.15398441378851e-06,4.15115195060878e-16,-1.52334047615899e-07,-7.76980870942784e-08,-2.08594029371316e-16,-3.68739516228096e-16,2.33419964642743e-16,-2.15060389115075e-16,-1.16243650977103e-08,-2.4392114267401e-05,-1.29896152417117e-07,-7.56581515087346e-17,-1.14105578691977e-16,-7.7031402303527e-09,6.27856729632122e-08,-3.7559404847013e-17,-1.04325374907177e-16,-1.22451669579533e-07,7.47860312704182e-17,-2.36189010472139e-06,8.58164103313721e-17,2.13640426644652e-07,-4.95676357387874e-16,-1.47732973852086e-16,6.43393682373663e-17,-5.78118217744434e-16,6.68460132976086e-17,-1.71723819847385e-15,4.00953109741142e-09,-2.80328668631239e-08,-5.54448793911498e-17,-1.84675828965953e-08,7.73441419981502e-07,1.05457576035165e-16,7.51713075605645e-17,4.46860938330701e-16,-4.35796089682819e-16,7.01365060712583e-07,1.89545606367133e-07,2.97107923422452e-16,-4.14911014670357e-17,-1.35830966797979e-07,-4.38562667693001e-08,-6.63050382901911e-10,2.57754715907284e-16,-5.43051578461115e-17,-1.8286970164003e-16,3.31041665203993e-16,4.79311549664916e-16,1.62557598344006e-16,4.43376274603387e-06,-9.09123266704536e-07,-0.000602954749463985,1.49170266612507e-16,-1.09774108177589e-16,2.33831954055004e-16,-2.59133202356081e-16,4.98431482716424e-17,-1.3230235063359e-17,1.1347958082293e-16,2.04696176665101e-16,2.08956715870649e-16,-1.76332598196546e-17,5.0108092710474e-16,3.22577417483948e-16,4.76807913880184e-17,-2.4476733584271e-16,2.43609104962142e-09,1.33035277874312e-16,-1.57380258157996e-16,-5.70372633465064e-17,3.4356430473481e-08,-4.24511859266577e-08,1.35639216837122e-16,-8.85476504165644e-10,3.12155003553012e-08,1.39958593280708e-16,1.27440541995901e-15,-5.98651678971888e-08,3.4191565140181e-16,7.5945362556986e-10,-2.23729589987439e-16,-1.10717200841903e-16,9.73071818165786e-17,1.35595926938138e-16,7.54524975933493e-08,-1.00978709751838e-07,-2.42684612697557e-16,-3.41187795419065e-17,-2.2966513062281e-17,-1.06850299704844e-15,-8.64434392122693e-16,-1.28004158093108e-17,2.42919361393943e-16,1.15077823572349e-16,1.17778360515449e-09,-6.83424599811348e-17,-1.30772034194734e-16,6.53321820872847e-17,-2.42700119776722e-17,4.33909796367165e-16,5.57148387066468e-16,-2.54501331527077e-07,-1.01937565979656e-16,2.07781990600739e-16,1.71973397211563e-08,-3.89188289320728e-16,5.70717984878751e-16,1.36935407540565e-16,1.84145440370972e-16,1.41623827382761e-08,-9.2379180652331e-17,-1.06654457168988e-06,1.20617830115408e-16,9.41810550527053e-17,-7.32729499189138e-17,-5.40841971766659e-16,-2.69547384409951e-18,-3.93137814495847e-17,1.68237002017232e-08,-3.02129445608111e-16,1.14040261459758e-16,2.11738081425521e-09,-2.09265761588113e-06,2.8522062452313e-17,3.59177706752879e-07,8.25967484845701e-07,1.84184732083642e-16,1.85423101507843e-16,2.12185952111561e-16,8.85888246543559e-17,-1.83469400034601e-16,-1.36910569638369e-06,-1.62781232190611e-16,-1.90887816016583e-17,2.1476195394159e-16,1.84954371484898e-06,6.254143442535e-17,1.99150090459772e-16,2.49775515685133e-17,-3.15027813044594e-17,-2.47881744133022e-07,-4.62362236155389e-18,4.31148802627303e-10,5.97970567653362e-17,-1.05588514029201e-16,2.09177824528762e-16,7.33441114917952e-17,2.18084364715958e-16,-2.43597027197964e-16,2.80837294774528e-17,-7.43485878561658e-09,-8.95763963015376e-17,9.39211804634002e-17,3.12107012353607e-09,-1.09310566322357e-17,1.0902529688376e-16,8.74085211247426e-17,2.45904895719174e-17,4.80353811214239e-17,5.79064416590287e-17,-2.25229648131862e-08,6.00981149331881e-18,-8.22633378449044e-17,6.69334067299718e-09,3.17713876392607e-17,6.20361847455368e-18,-7.86086045109219e-17,-1.43098337007555e-16,-8.25346188725323e-17,1.54682281520086e-16,8.07989475192784e-17,-1.86503976368256e-16,1.14289873668362e-16,-3.80377404386248e-16,1.13423082086022e-16,-3.48671242807765e-09,1.15525527371019e-08,1.09154180380053e-16,-1.77424203247743e-16,8.57386917462162e-17,5.9470268034004e-17,-2.93710368526323e-16,-2.08107770606978e-17,2.19918644250484e-15,2.95742142501849e-16,-1.0964982341977e-08,-1.24294217090596e-17,1.92500335236016e-18,1.9417204703559e-16,5.40656230431933e-16,1.27207645735901e-09,-5.00124167517643e-17,-2.00958810221547e-10,-1.14021762736043e-17,-6.21534115948528e-17,-8.92800718751643e-17,-1.62078049434231e-16,-7.26443081441731e-18,-2.53145391362252e-16,3.08025771831299e-17,-1.51902369356132e-16,-2.90344914937414e-16,1.11141977665074e-17,-4.12707321484339e-16,-9.03287875401335e-18,1.01696535054309e-16,1.21905717222082e-16,1.06968427618324e-16,-1.2166912933899e-16,-2.60847296265357e-17,7.37941554348192e-17,1.12015386602693e-17,-3.49483193393202e-16,1.29941630372388e-16,-3.43148995752532e-17,9.84090761230303e-17,1.30964883452618e-16,9.11160427201301e-17,1.62341003095987e-08,1.63817275573122e-17,8.58619286725932e-17,1.36349239239745e-16,-1.09373600162172e-16,1.88242860996297e-17,-4.91063616525801e-17,2.69456200937216e-16,2.38994591027176e-16,1.02730877512659e-17,-9.75175553299034e-17,-4.17417836406919e-17,2.35446957961941e-16,1.94067736319535e-16,6.07927194222552e-17,2.63480826838248e-16,7.45675017451212e-17,8.78533101735712e-19,-1.22442763845912e-07,-9.51275589131623e-17,-2.5445520158599e-17,-8.60800589925375e-17,-1.8583137505168e-17,6.65841615743197e-17,-9.92244987106896e-17,1.53140663642884e-16,-4.68513071798665e-17,-1.67589916221977e-16,2.78641712899129e-09,2.15745141143423e-16,1.49450873805053e-16,3.40051487657184e-16,5.21486891384415e-17,4.95062302388684e-16,-2.85405046823702e-17,3.15538657713269e-17,1.46438796296983e-16,1.04066466975175e-17,-3.34248343621043e-17,7.80259552295043e-17,-2.58320226983767e-16,4.69067407928357e-17,7.35803928275937e-07,-6.78113658399218e-19,8.46666705511825e-17,-2.31907534197143e-16,-2.45680212285215e-16,-3.81592539651543e-09,-2.77395080434989e-16,-8.9415492259619e-17,6.92362342383456e-17,-5.52652136864676e-17,-7.87446466499633e-17,1.18035546079072e-16,1.97749309446165e-16,8.33134373759192e-17,-1.82624163532376e-16,-1.37544574635995e-16,-9.26050855521548e-17,-1.58868213781377e-16,-1.66807388265636e-16,-9.57708623339494e-17,1.54934370239345e-16,1.63290965777907e-16,-1.74400796683094e-16
"t859",0.0356583154890761,-0.0104580153544226,-0.0114306835554856,0.00066626287654114,0.00605842602980608,-0.0161327749349027,-0.00226763112926835,-4.78300462865892e-06,-0.0412624399267784,-0.0185214579990139,0.13923126062968,0.0024108094241587,-0.0047105278441771,-0.000993565801626816,-0.0270387674044491,0.00064394600977608,0.000424912265734973,-5.17617401875515e-05,-0.0242721161758138,-0.00965570026592676,-1.771335423007e-05,5.28063366606581e-05,-0.0313276778182329,-0.00103730759809013,8.06533564774174e-05,0.00278240628466431,-0.0500596460039848,-0.000609118491152745,0.00116442387171431,0.000155032484144401,0.000157286867003106,-0.00296655219140637,-1.77100573821548e-06,0.00179130809618125,-0.0024087074386127,-0.000433159784108863,-1.97773995069927e-05,7.26716759676309e-05,0.0173397302739702,0.0972021238870361,-0.000155719421485923,0.00331372724862665,-2.3262973144318e-06,0.00016216758584758,-5.61614100450468e-06,1.46718525444056e-07,2.03624199413691e-08,-6.43208840474489e-07,0.000181515169920627,-0.000464695092175488,6.76777327784543e-07,-1.08754313232581e-06,8.44861803010009e-06,-5.32074227480202e-07,5.62336779501159e-05,-4.40210060711219e-05,2.45292658082106e-05,-3.05653747133589e-05,0.000266857634272428,-4.55647064405808e-07,-4.30527144576897e-07,2.23456241040073e-05,-1.3112833773972e-05,9.76618409510836e-06,-0.000176778718345876,1.84219203481597e-06,-1.12082438027947e-05,3.34762655147934e-05,-7.9964227623892e-06,3.52345392152488e-05,-2.58030128376705e-07,5.79725014348371e-07,-1.92945436360674e-06,-1.15103239041066e-06,4.78432270862594e-07,3.90442289564767e-07,-3.92496141127832e-06,5.3427104276926e-07,-0.000194199198498665,-1.06689081518157e-05,5.55595367225073e-07,4.03497184051748e-05,-4.0810667146158e-05,-3.18464871957863e-07,-9.41998696408811e-06,-3.49822479233817e-06,7.04893693119968e-07,1.25849907702117e-05,2.37787101293116e-08,-9.81109341635297e-07,1.08128084770613e-05,-1.15243124427025e-08,-8.35876027848443e-06,9.9772268360509e-06,3.23280690964273e-06,4.05391427293928e-06,4.77964203783767e-07,-3.03702464854292e-06,3.64177468706101e-05,0.000981439626468198,2.62935072345393e-05,-1.78495856766751e-07,3.8497228041856e-05,-0.000226412389443345,0.000567554799696272,-1.26772236889995e-05,0.00776349053984256,-1.51308849238595e-05,0.152068287213722,4.25367926531242e-06,0.000106017787555496,8.47511009729103e-05,-2.45493577516865e-05,1.0757070610294e-05,-1.00327122506033e-05,9.46418416985829e-06,-0.00158409627263296,0.00135626295496524,-9.9750684012068e-05,3.21492535034316e-05,-1.7407521719185e-05,3.01659041081241e-05,-0.000400587192980715,-0.000396097352534411,1.92287261531696e-06,-3.80205089583758e-05,3.92854936592671e-06,-8.99541639015413e-05,8.1561217439954e-05,0.00284125479992459,2.12189308303616e-05,-0.000127605868673125,1.7713844796749e-05,0.0172489320200255,-1.62701554581114e-08,1.79166716887406e-05,-0.000139867374208537,-5.90837675028893e-06,0.000656265496787983,-0.000182292302706141,-0.0011334996985052,-1.71067908358298e-05,0.000212160695655937,1.470016728203e-05,8.48992083969682e-08,-0.2929707219585,6.68887953108539e-07,4.37551676933805e-05,3.43848261398907e-06,-4.16701348985201e-07,-5.20460443546194e-07,-2.82696312951382e-05,-4.01634823535859e-07,0.000100400726011916,-3.53525104588376e-07,-6.73049032839668e-06,4.18040661586963e-05,-4.62034064451252e-06,-2.71475784895232e-05,-3.77976160268578e-06,-3.67359496970277e-06,5.36015455407978e-07,-7.05223511768532e-05,-5.36370302593896e-06,3.61917718126692e-06,-2.52023900887436e-06,0.00265778836315513,3.47977871651974e-06,0.000822968045955989,1.27380789526486e-07,-2.6117390777921e-06,-4.89095170844923e-07,8.23809685221973e-08,5.25661100291418e-05,5.94912803882804e-07,1.23224500754282e-06,5.4440938918983e-08,-2.37714213107353e-06,-0.000115783985436126,-1.33243885075818e-05,5.56988212377156e-05,1.7078157094323e-05,-3.7956990241484e-06,-1.62404982493015e-08,-5.34737868201796e-07,-3.41034139162349e-07,-0.00366531448963763,0.00244666542564236,0.0129052033054582,5.94666558267075e-05,0.000113989507076175,-5.23179108927814e-05,-1.52826175163873e-05,-1.77400625184015e-09,-1.4927602745346e-07,1.95929391348187e-05,1.15092343755251e-05,1.58973907490479e-07,-1.6078293079251e-05,-6.73677659092946e-06,-0.0138784027912025,-1.67634479496519e-06,6.43087368998136e-08,4.63127231049783e-08,5.26666532817216e-06,2.27092166370381e-07,-2.46397216704827e-06,-1.08630776002577e-07,3.13976765150454e-06,1.09472799632295e-10,-4.51566945671772e-06,-3.92727280095104e-08,-1.70617423002591e-07,-5.64859519276388e-06,9.06163632433931e-10,-1.69671371517292e-08,5.7572681256854e-09,3.7316974048341e-09,-1.89955839502274e-06,-4.53453445596538e-07,-2.06692574910156e-07,2.35517204214052e-07,5.10655428551403e-08,2.12560896177664e-07,-5.88624224742734e-07,-3.30180802637929e-08,-3.11402237792779e-06,-1.56670289616512e-08,-5.41281126533007e-06,-8.92786916344921e-07,4.55564149668844e-08,8.83282308404862e-09,2.51856119855241e-07,9.1151683885604e-08,-0.000323684065871019,-5.70894182804981e-10,-1.97870757894812e-07,-1.30986943017528e-16,-1.03700591953574e-09,1.23477273796316e-08,1.0887460699893e-09,1.03036137017681e-08,2.24960056087982e-07,-3.18379956487719e-09,7.79083643905817e-08,-3.71962817079991e-08,1.27278666814525e-07,-5.4742587861665e-09,1.20716960506401e-08,-5.66109406404361e-06,3.94535162578947e-09,-4.46740322997628e-07,2.61175498072977e-05,-2.63583497169111e-09,1.97757806495464e-10,-1.05170437410961e-08,1.27530837365037e-08,-2.0480398857329e-07,-1.13980136369645e-05,2.67329445983833e-06,-7.54821169930793e-07,0.00665684515158758,7.78090608673598e-06,-4.81989559980696e-08,-6.4519750009045e-06,6.61201410162192e-07,-3.27688976078552e-09,-2.88263506157848e-05,-1.41744328733988e-07,-1.3575105380485e-06,-3.90038719964649e-09,0.00486291305974882,6.40227558602859e-08,1.38934124722375e-07,-2.26571672236611e-07,4.48165490273978e-07,-3.66034759557976e-07,2.7779512870657e-08,-5.75690767286033e-06,2.55525099669783e-08,-4.268374879308e-06,-1.92785560424501e-16,1.10705129789112e-05,1.92082265247604e-06,1.21184115515136e-11,1.11791118034956e-07,-1.71864321963422e-07,1.08731086929892e-07,3.11848186831867e-08,-4.10707956032386e-09,1.84750282780206e-07,-6.99884554132478e-06,-2.67976210256747e-06,2.30044984767986e-08,-1.24907136466066e-05,4.24029613186666e-05,-1.18938696876287e-06,4.23708816717113e-05,-3.71409795346081e-07,-6.50778948734634e-07,-1.00523301158541e-08,-3.12218713716683e-05,4.77975611691395e-06,-2.15923467372821e-08,6.97441864448719e-06,-8.48009450379398e-07,3.11519533549521e-06,-2.5048863210981e-06,-2.24535788735423e-05,-1.15360393730969e-06,3.69689963821143e-07,2.48270614650706e-06,-2.60346082466767e-07,1.2421716081039e-06,-3.51036658333855e-06,-1.44334937280262e-05,0.000117440655518438,-2.64732534226073e-16,-3.01133156979307e-07,-1.70375624951081e-06,1.77029318043837e-07,-9.46991125372588e-05,-1.0182656652497e-07,-2.52109137908195e-05,-0.00010298109681469,8.28138643201939e-06,-3.82962850124579e-05,-4.99427255122643e-16,0.000598923308980834,2.75826200917439e-08,1.29269668355606e-05,-5.5060797496427e-07,-1.1943645841425e-05,8.72237226510652e-06,0.000169425862104554,-5.1189092570712e-05,7.05374162699006e-06,-0.00066809646354698,3.09456123794987e-06,0.000390586569248007,6.47998551597801e-07,1.65017043660207e-07,0.00256203397010844,-3.2100854405296e-05,0.907341479903501,2.39230992252056e-14,-2.46227968302416e-05,1.63007885873277e-06,4.69076356679551e-08,2.98704552251079e-07,-0.000438180183454637,-0.00808032813030343,4.28342723137953e-06,-1.64411155498092e-05,-1.00520188945008e-05,-6.85185854491688e-16,-0.00018819159542492,-6.74021535858242e-07,-0.000454405309282238,1.42873402042864e-14,7.49472842740034e-05,1.25799610945809e-05,-2.48558095964401e-06,-0.0440046370284985,-5.02819504162819e-05,-0.148062091685904,2.01871130384429e-05,0.0261353094191756,-2.5286603971163e-06,1.89359822223275e-08,1.31848376429362e-05,4.06747139136376e-07,-1.35696507700443e-15,-2.14141901188982e-07,8.05055113560824e-06,3.54989746831581e-06,-2.26045727521826e-05,-3.10061139703863e-16,-4.56113576331862e-07,8.07926352874421e-08,-8.98447994892796e-06,-1.27137930520979e-07,-4.5557354039821e-05,4.34515569129336e-07,-5.56283364295497e-06,2.76128405195028e-05,1.97995110417099e-16,9.36906847571689e-05,-4.41904395520609e-07,1.26977395242677e-06,0.000134540191794609,-1.76657651813323e-07,-3.85904120505794e-07,2.81025203108243e-16,1.87950824318339e-16,-3.43054818195914e-07,-2.2670719045927e-07,2.98353291378774e-08,-3.24604604195395e-05,9.50204720400266e-15,-2.53524218102501e-05,-2.94757930192139e-07,-3.0740052328367e-20,1.12757270972936e-16,-3.09641323549752e-16,3.5001104484509e-05,9.48825975132709e-07,-1.02192165244175e-06,3.06213854104971e-05,4.34105928904622e-06,7.92820647168156e-07,-3.43471910301418e-07,3.35612228956168e-16,-7.3364836056799e-08,2.04404620704138e-07,1.8495374824816e-16,5.78456463826377e-16,-1.25042313486828e-07,-7.1920059868421e-09,-7.34878978175503e-08,1.85792970825457e-05,7.41811998224577e-08,-3.00732072388765e-06,-1.14465250319252e-16,-1.08643512611992e-06,1.61504337700757e-16,-0.00245758529870197,-1.74049685254529e-15,-6.33101446209767e-08,3.94197174672027e-16,2.88199801881184e-07,7.64777504197971e-08,0.00634510147769017,4.33277310454461e-06,1.9600899752112e-07,-2.3186201520569e-08,1.47737445142264e-07,5.52947187122205e-08,2.64966583978016e-05,8.81091145017776e-07,5.11721547207999e-08,-1.43215958263481e-07,-2.59765027452339e-05,-3.57311896747528e-06,-6.74553567935944e-08,-1.75425137111427e-16,6.27202667443035e-07,-1.07384301025237e-07,5.44904228446068e-08,2.24424428524876e-16,1.00811608500956e-06,2.84990518144397e-06,9.09482894072231e-07,-2.79004381173352e-16,-2.20038539828805e-07,-1.23182218845951e-05,-1.29508983600787e-16,-1.52953723732626e-07,3.35616934917029e-07,-8.64861116930304e-17,2.85287517714479e-16,-1.22720637298045e-08,-6.92968269698634e-06,-3.93759101419291e-08,-5.44620474816118e-05,1.50922390613183e-06,3.97749862003817e-08,6.92607290102961e-06,3.52321424586022e-07,-8.79569036634497e-06,-2.02675333113578e-15,1.62817831891365e-09,1.18962955125537e-07,3.31247406367255e-07,0.000176059051322243,-5.08201091699281e-16,1.72503469439484e-17,4.21111255301921e-06,-1.1377268858789e-16,-1.05527992075304e-12,4.35120609951342e-07,-6.39101837258061e-07,-1.19649775774515e-07,-0.00104175767597736,3.01245342686628e-06,7.88240584132276e-07,1.01102384193158e-06,2.56100075832592e-17,9.02818896994257e-06,2.47311851793499e-07,1.92923112037633e-06,-1.07848054416753e-07,4.2372076616843e-07,6.46025144469483e-17,-3.45339594462605e-16,4.66387591024754e-16,-3.87834393310565e-06,-1.76427359368578e-08,-1.14352590654548e-06,1.5469764223143e-16,-1.34972087623033e-08,-1.11989099784474e-16,3.44731093795462e-18,2.20994180373436e-06,-5.53416658021038e-07,3.89011739487799e-16,-4.59115665503011e-06,-6.22702658924081e-08,1.34165983079997e-16,1.44848987115227e-07,1.40826160773416e-17,0.000662756217679034,3.75650308454201e-15,0.00764213404350231,-5.14225900563565e-08,6.87492991385284e-09,1.712979869495e-06,1.43227503687854e-05,-4.4967834527624e-08,1.41767712593797e-06,3.17631380378184e-17,8.47643169542982e-07,-4.78864571262778e-08,3.49909926406737e-16,-6.31619012550532e-09,-1.28990816310262e-07,3.00290285917118e-08,-2.6702056823061e-16,9.70949579010254e-08,1.28672898271076e-07,1.81287581586724e-16,-3.5806803784426e-06,-2.72211663091294e-06,-3.74155060779787e-09,1.69392109218733e-16,3.1397397379973e-16,6.86470370625226e-08,3.79771858023216e-06,1.32808914452116e-05,-4.20112720505243e-08,5.51366650400215e-06,9.06589500280452e-16,6.87496752949618e-14,0.0561128571723278,-1.71594899203824e-07,-5.8698266879859e-15,-6.75499898299704e-07,5.32326059322005e-16,2.21257335877461e-08,-5.48955195327171e-07,-7.44167423959008e-07,-5.15649891421726e-06,-1.38788858544196e-16,1.52786951827414e-16,-2.11229104745203e-16,2.26203093322414e-17,-4.70532364842459e-09,-1.6423273170841e-08,-7.1585039554792e-17,-1.45548858405944e-16,2.62317534566367e-16,2.35497990582212e-08,2.13016044833089e-10,-1.1898320119106e-08,1.28708827680797e-17,-1.5846427902505e-15,7.9959910220806e-18,-5.24559439348459e-07,1.60611295484516e-08,8.52559726325271e-17,2.8345405095955e-09,-7.43084368695166e-08,-1.12949249997733e-16,2.04345269613443e-17,-3.09820204369269e-05,-5.24331509337405e-10,-0.000191126069882717,-1.75502310535118e-16,2.86828136554928e-08,4.6356130210072e-07,4.97935866164414e-07,-1.85959217316952e-06,-1.10362223447674e-07,1.79678675497172e-09,-1.05215770686556e-16,-1.75730919695807e-17,9.07968766502157e-17,3.41285201048269e-08,-3.08996035500338e-08,-1.2067352054438e-06,-9.14448171085603e-09,-2.8428976537897e-17,1.38867968040868e-17,1.89489943964558e-16,1.22394832465507e-17,1.81111844407776e-16,4.35450630702991e-08,-1.09896692880601e-16,-1.27709468244024e-16,-1.23645868370601e-06,-3.12842751095838e-16,-3.76486877123113e-06,1.06896599216804e-16,-8.08583767770258e-07,1.11301575792413e-16,-9.7719478086696e-07,-2.07323786004837e-07,-1.07758839337364e-07,-8.70730859801827e-17,2.25861934888234e-05,8.79560452095392e-17,5.92982515303888e-07,-9.4047683306869e-08,5.20401243337783e-10,2.79250688834114e-16,2.86220639713457e-06,3.53578813953553e-17,-2.05627212227692e-07,-1.04958555277232e-07,7.0458900406825e-17,1.18419145565958e-16,6.62693311331704e-17,-4.30867290327278e-17,-1.58956621334972e-08,-3.34592023924685e-05,-1.78819810364087e-07,4.50662578209041e-17,3.4718445391065e-17,-1.07794169244464e-08,8.79208533709468e-08,2.17902592224517e-17,6.69783126694046e-17,-1.74715098565107e-07,-7.08804923606014e-17,-3.38274288188614e-06,1.71075635916136e-17,3.0922901239148e-07,-2.50981568660499e-17,-4.19846796587773e-16,-8.78637698867965e-17,-4.06772009462273e-17,6.61996875295398e-17,-1.922497046225e-16,5.91928551289603e-09,-4.13951272808546e-08,-5.24935740776245e-17,-2.74452910082867e-08,1.15243229470998e-06,-1.1426021602274e-16,4.84714886154763e-17,2.72912880181565e-16,4.53962977052801e-17,1.05634230308583e-06,2.86167286496486e-07,-5.2766144238705e-17,-1.00681089017673e-16,-2.05613243182615e-07,-6.64097217256904e-08,-1.00517738612037e-09,-3.31216505883186e-16,4.2450545573688e-17,4.53410943373135e-17,-2.19346545491902e-16,-7.09085017349404e-19,5.05024569524736e-17,6.83951646177857e-06,-1.40454863429328e-06,-0.000932927496607042,-3.0048922737165e-17,-9.62932378823071e-17,-1.0444715655365e-16,1.25507356783599e-16,-1.51211327832359e-16,-3.62054616673545e-17,2.55562138693468e-16,4.74036338164417e-17,-3.35214540907738e-18,1.83152674510752e-17,-4.3745376441184e-17,-4.92520186790304e-17,1.70398362240278e-17,1.06688058662735e-16,3.85633629787335e-09,6.90839601810146e-17,-2.46816228459722e-16,1.27141999491366e-16,5.45345673432516e-08,-6.74252233489702e-08,-9.43143523991925e-17,-1.40693905031763e-09,4.97587477540061e-08,4.59425597551972e-17,1.20879461023477e-15,-9.57987050326411e-08,-1.34783715071954e-16,1.22086296587666e-09,-1.41316699093706e-16,-3.52927419502149e-18,3.4860168739699e-17,1.21905389137129e-16,1.22118338092158e-07,-1.63504244030593e-07,2.8710228616242e-17,9.29645633637857e-17,-5.94888637786497e-17,6.90015543865067e-17,9.75781955236954e-19,-2.93233242277961e-16,6.37597044978887e-18,3.51088658095573e-17,1.94580802738345e-09,-2.82293072542105e-18,5.32462761475659e-17,-4.15791985076956e-17,-1.71972620252603e-16,-1.16887533894371e-16,1.64447053376518e-16,-4.22020626819037e-07,1.0078612351101e-16,-8.87753983036867e-17,2.85359089986929e-08,7.97085029510399e-17,-9.8369228872079e-17,-7.65414609817249e-17,3.39884662362137e-18,2.36714173904368e-08,7.86028306736565e-17,-1.7848164617347e-06,1.79863613758601e-16,4.40171148266949e-17,1.15047123249047e-17,1.49984547486793e-16,3.98244861850417e-17,-1.04773479176966e-16,2.82212137535763e-08,-3.05851316647442e-16,-1.09513421339071e-16,3.55811632858554e-09,-3.51687783526547e-06,-6.97133445545477e-18,6.04515009140227e-07,1.39077574207605e-06,1.52475451554305e-16,2.07067159488396e-18,7.78093166123425e-18,-7.98367908086715e-18,5.82268838738477e-18,-2.31968980022009e-06,5.21273961378883e-17,-1.24926247219541e-16,-9.93822300275364e-18,3.13828726375866e-06,6.27507896450426e-17,-1.84515519757761e-17,-1.19194406194196e-16,-2.74483903082669e-17,-4.2138308822614e-07,-9.49141363776839e-17,7.33331769894369e-10,1.02404461337324e-17,-2.10292236698997e-16,1.23042295698318e-16,5.59813589081409e-18,1.1517610127083e-17,1.4073948132838e-16,-3.05694170898912e-17,-1.26811223133412e-08,-2.13375024117263e-16,-1.94751349657407e-17,5.32689094972569e-09,-6.66371070106248e-17,7.17320148799964e-17,-5.3727708780007e-17,1.99029967265662e-17,-7.38657309434751e-17,-9.244227010135e-17,-3.85171301600412e-08,-8.35829757002027e-17,2.00420093112768e-17,1.14561153439417e-08,1.03032747486248e-16,-1.66612527239409e-17,1.29035245004097e-16,-6.01542424508932e-17,-3.34624009095502e-17,-1.14255518319371e-16,-6.21775733986507e-18,-2.69568448212961e-17,-9.37908513693809e-17,5.75068946765128e-17,1.1914777857295e-17,-5.98505980545779e-09,1.98368088536694e-08,-8.60608668314038e-17,3.54438763882281e-17,2.22212409601731e-18,-1.72397693947561e-16,1.70360687362647e-15,-5.37486669243366e-17,-1.28623243669692e-16,-3.90578433587363e-17,-1.88585548513919e-08,1.40302351009644e-16,-2.81765302979865e-18,-5.07470035688242e-18,-1.82512134407933e-16,2.19065021002773e-09,-1.19163499749301e-16,-3.4654038231177e-10,9.63437967033366e-18,1.59372431752204e-16,-1.82018236436321e-17,6.91128492901465e-17,-6.01843711652118e-17,-1.56976402964759e-18,-2.43463992549584e-17,1.12253054154682e-16,2.43482176562684e-17,2.69030919053704e-17,9.00392451912338e-17,4.29161829773326e-17,1.48606656231714e-16,-5.52223794066205e-17,-1.00466307944237e-16,-1.47808615441747e-16,4.22585877441584e-17,-2.46913142354646e-17,-1.65229179075587e-16,5.514656601835e-17,9.65482034598342e-17,5.94544107492529e-17,-2.36597540003171e-16,5.86688769405299e-17,6.97778514617265e-17,2.81106531876731e-08,-7.83110367724115e-17,-9.79708299166125e-17,4.86969881869261e-17,2.88758529629714e-17,-8.08343617373401e-17,-2.27309347243576e-17,1.93983260359627e-18,-9.31267512641222e-17,-3.94228482596635e-17,7.09376257763175e-17,-1.25767452008319e-16,1.15058032130325e-16,3.19034847430553e-17,1.40046886637872e-16,-1.11658414279491e-17,-2.32240444015937e-16,3.40214449688107e-17,-2.12466827675258e-07,6.7790435077605e-17,1.80408945081746e-17,2.48755591310952e-16,-1.32136094479071e-16,4.82857398541139e-17,-4.95038640361969e-17,1.88379751556567e-17,-1.10902901525528e-16,1.98504090296651e-17,4.8431221652217e-09,1.7797675636453e-16,-3.76616557838497e-17,-7.51500062412201e-18,3.7767767722468e-17,3.68898773201546e-17,-1.69350657631347e-16,-2.53992372444043e-16,-1.07544496596133e-16,1.26310130620268e-16,-8.99992619979348e-17,-1.48711142867023e-16,1.36076311498219e-17,-5.47444507518023e-17,1.2804455407469e-06,4.22056094779719e-17,-2.10727788099685e-16,-1.15861062056605e-16,-4.84746791318269e-16,-6.64319251503497e-09,-2.12680504732914e-18,9.89271016076402e-17,-1.00758641205138e-16,-1.20021857803362e-16,9.79423243218025e-18,1.84458772386537e-16,-8.48635340669381e-17,4.86895919370473e-17,-1.90306207247933e-17,1.68009595904746e-16,-3.86145611569538e-17,5.99888785317845e-17,-1.30882847487805e-17,3.92554114148131e-17,-9.69122714895132e-17,-1.23051044638639e-17,-2.67191809901683e-16
"t25",0.0358326246852073,-0.0105668173489906,-0.0115535259715523,0.000675923042839946,0.00616661143896715,-0.0164726526537038,-0.00231637883632442,-4.89434598741841e-06,-0.0424055108589681,-0.0191502418108764,0.145327460473674,0.00254326881879119,-0.00497767741145742,-0.00105085476188903,-0.0286730988729439,0.000685429389870918,0.000453016094689734,-5.52547751302916e-05,-0.0259526734484093,-0.0103898318405862,-1.9186394523896e-05,5.8274716338005e-05,-0.0347896446218712,-0.0011527237750154,8.96696578129533e-05,0.00311142771981641,-0.0560643035539873,-0.000682980748158026,0.00131026219813935,0.000178934661349458,0.000183631099908648,-0.00349325007109782,-2.11610168813288e-06,0.0021630952204846,-0.00294438290093675,-0.000540623014799838,-2.47745299357887e-05,9.14610893697039e-05,0.0218677640716967,0.123144300450426,-0.000199072077063646,0.00427025368136345,-3.01312889433406e-06,0.000210136523020111,-7.32222902705289e-06,1.95850859817518e-07,2.73860357760222e-08,-8.6817471732019e-07,0.000247515043244285,-0.000640894530722226,9.48110853651147e-07,-1.53503511293633e-06,1.19382181444372e-05,-7.59069031373415e-07,8.17950483950641e-05,-6.42241302657477e-05,3.79218591236015e-05,-4.80722156608574e-05,0.000420582434286741,-7.51256828689467e-07,-7.36609771097649e-07,3.89796131619648e-05,-2.32482670306246e-05,1.73871304492177e-05,-0.000324937530164589,3.49046666960932e-06,-2.28499755923602e-05,7.07566562984928e-05,-1.719935503191e-05,7.83127408335752e-05,-7.05792964941333e-07,1.96514745468761e-06,-6.80353715307525e-06,-4.43459731591044e-06,1.86526368579276e-06,1.5881042203808e-06,-1.62468696189565e-05,2.42522387972858e-06,-0.00114086306587167,-7.15122893072754e-05,4.95407976969381e-06,0.000388249670065099,-0.000980161275641542,-1.44331647304627e-05,0.000142041944711939,3.81095608617455e-05,-5.9644868668079e-06,-0.000102719516004059,-1.92301634651946e-07,7.75513389925184e-06,-7.9030924914343e-05,4.81913283324059e-08,3.35694681438291e-05,-3.14080441891498e-05,-7.25097171347767e-06,-8.69272039038334e-06,-1.02276958967145e-06,5.82948386181166e-06,-6.7255856229209e-05,-0.00157811295044983,-3.80422138659841e-05,2.5590845113269e-07,-5.46320855885521e-05,0.000211629297628629,-0.000515433269718087,1.12594435083272e-05,-0.00662983707519879,1.27815849058921e-05,-0.126014978433283,-3.42457317850886e-06,-8.45579461248182e-05,-6.39678531037147e-05,1.84084549435297e-05,-7.00038363560995e-06,6.337546432917e-06,-5.60353803131814e-06,0.000911204352336373,-0.000720926760494465,4.91639522619549e-05,-1.49686333822997e-05,7.84712731133242e-06,-1.21596650561178e-05,0.000150142232753138,0.000148044906518011,-7.11175463386903e-07,1.30393094767615e-05,-1.33883269118167e-06,2.87061239158045e-05,-2.14602788189192e-05,-0.000745939837040461,-5.48174421984575e-06,2.87719266486733e-05,-3.88606096989139e-06,-0.00370907480777287,3.21796910359498e-09,-3.50198339203028e-06,2.26521411901063e-05,8.11433769180317e-07,-7.00105501798559e-05,1.92972821264333e-05,0.000114406066265682,1.68419892683591e-06,-2.00508542810913e-05,-1.36734072277878e-06,-7.89523408406700e-09,0.0241779322893127,-4.19936003234712e-08,-1.92900091884425e-06,-1.36248908599772e-07,1.25224810223834e-08,1.52519845105338e-08,7.28098289048931e-07,9.51463342764376e-09,-2.14452177040165e-06,3.29427379340281e-10,-1.47003796994095e-08,1.82594791464434e-07,-2.27580471974626e-07,-1.60192136690006e-06,-2.28562833581521e-07,-2.51244228313906e-07,3.7513079599136e-08,-5.62285896588238e-06,-4.33874215252605e-07,3.25779748114245e-07,-2.48349876289944e-07,0.000324145642361555,4.27173778337381e-07,0.00010119514216671,1.6054709559852e-08,-3.3850668506984e-07,-6.36421951245769e-08,1.12961748493522e-08,7.32269589226458e-06,8.56716633294405e-08,1.78873683710981e-07,7.93486650063724e-09,-3.72445391200417e-07,-1.94650161443245e-05,-2.26670119384201e-06,9.58227731845147e-06,3.03644422864084e-06,-6.83433093235148e-07,-2.96047307729478e-09,-9.86174265325547e-08,-6.54039363378601e-08,-0.000709831958252722,0.000516667531689081,0.00273331980367693,1.29857370211136e-05,2.72649610803922e-05,-1.36608083215631e-05,-4.12869622159961e-06,-5.06621750121871e-10,-4.46394839733754e-08,6.95261126485436e-06,4.27889180366657e-06,6.63318804913191e-08,-7.18652197096998e-06,-1.15302393631995e-05,-0.0288851798070551,2.71969459456997e-06,-3.08579166628649e-08,-5.16975606140687e-09,-5.84541427012728e-07,-2.24758923340414e-08,1.71464802059915e-07,5.8753679230833e-09,-8.04356308559619e-08,-7.05695303495093e-13,-3.69396331252877e-09,-7.60030793827543e-11,-2.43782846557142e-10,1.38247146030189e-08,-2.34074721622048e-12,1.25128819722859e-10,-1.53350485509691e-10,-1.17937168007519e-10,1.26095314438411e-07,4.55772404950091e-08,2.37210056304143e-08,-4.50911834172185e-08,-1.09893919527528e-08,-5.1952071512078e-08,2.12481789577386e-07,1.2917042920483e-08,1.24268127138436e-06,9.92508351468215e-09,4.71066102824044e-06,1.18042647867393e-06,-7.5691468875309e-08,-1.94121798059447e-08,-7.67571177273669e-07,-3.10158482689226e-07,0.0432977734474667,-3.80647495533072e-09,-6.33984374113445e-07,-1.63449511793612e-16,-1.76872325398439e-09,1.82609597013973e-08,3.02809913360098e-09,1.68701496451327e-08,3.13506196228604e-07,-4.4040101797216e-09,9.11368990381381e-08,-4.26547092524399e-08,1.44707262631935e-07,-5.99972956225652e-09,1.29536426690511e-08,-5.88214431353848e-06,4.0507212134555e-09,-4.56590247490155e-07,2.61321533453689e-05,-2.55033264568659e-09,1.92669809306097e-10,-1.03823787510752e-08,1.32951260443164e-08,-2.14668364991237e-07,-1.27689344165039e-05,3.1482556484368e-06,-9.75073155919631e-07,0.00891770045397365,1.08755585501917e-05,-7.20825940707006e-08,-1.09261595473299e-05,1.13832251344179e-06,-1.0293272642381e-08,-9.26646091268477e-05,-4.6804821344621e-07,-6.44543904543091e-06,-2.24648708824809e-08,0.108004092662788,3.35001145854363e-06,-9.86687303416078e-08,1.34213874494258e-07,-2.30739868551993e-07,1.37135956244179e-07,-8.0361618987198e-09,8.67566904634268e-07,-3.06774930138791e-09,4.1862864379802e-07,-1.20994276586893e-16,-3.841739951348e-07,-5.28717328400054e-08,-6.91339018888705e-14,4.25254455369221e-09,-1.17985993783867e-08,8.85065492915101e-09,2.72365347541982e-09,-6.04815843757042e-10,2.7766992637463e-08,-1.05752553503867e-06,-4.39136755899927e-07,4.44359069135929e-09,-2.4655073636117e-06,8.48914223767526e-06,-2.48376918982916e-07,9.92899866597128e-06,-9.00172199806573e-08,-1.58006297405469e-07,-2.44193912209658e-09,-8.0496957832621e-06,1.28497558536515e-06,-5.82703614182807e-09,1.89171461564785e-06,-2.31246359562038e-07,8.50749733158683e-07,-6.90621413360603e-07,-6.19390523654118e-06,-3.18509619354501e-07,1.0212835430005e-07,6.86925814775754e-07,-7.21222137559541e-08,3.44347462915289e-07,-9.73283026183117e-07,-4.00219921413118e-06,3.2545871131989e-05,-4.90559832962219e-16,-8.12275690999218e-08,-4.57220208237758e-07,4.70994934879737e-08,-2.51882578559954e-05,-2.70761800201497e-08,-6.68819666336484e-06,-2.71951669680364e-05,2.17429098116256e-06,-9.92418329738969e-06,5.73638971552868e-16,0.000149493363970948,6.84693615447783e-09,3.16902036339668e-06,-1.34769992068938e-07,-2.81994512960715e-06,2.01199311661292e-06,3.76269874188717e-05,-1.10306791831502e-05,1.40342490586972e-06,-0.000120545121655263,5.15291086607003e-07,6.16439200485391e-05,9.85458437792205e-08,2.32903108855298e-08,0.000358358296864223,-4.21876425874265e-06,0.112936227124327,2.53321276334038e-15,-1.44541947132879e-06,6.69204352091255e-08,1.91718085587577e-09,-6.1103785959543e-09,1.38041017448664e-05,0.00186173718554735,-1.38356439981e-06,5.66285053542675e-06,4.4017207395796e-06,1.53129051757167e-15,0.000108449038954401,4.31163770443234e-07,0.000439968226638987,6.40500160941791e-15,-0.000124361812209693,-2.43273818406268e-05,5.23547219026651e-06,0.112475174958479,0.000191797117007884,0.854585420576266,-0.000186931093492473,0.395573803235243,-2.97479155253242e-05,1.00434648673982e-07,3.78734637238038e-05,1.14383289856787e-06,5.9366830757634e-16,-3.55297769009799e-07,1.25986121662665e-05,4.97661849418152e-06,-2.77985137442733e-05,-1.87446976920214e-16,-4.62033203380404e-07,7.12025455825533e-08,-7.55626533903687e-06,-1.04876414007922e-07,-3.67816891692182e-05,3.38571958000337e-07,-4.13140593811254e-06,1.88539325715452e-05,-2.09746093298286e-15,6.09241628653867e-05,-2.86358221891227e-07,8.17136850437548e-07,8.58104245057051e-05,-1.1259942533402e-07,-2.45387545051506e-07,-3.97772093041482e-15,1.04595798111315e-15,-2.15407340312988e-07,-1.4098586890307e-07,1.85333569106666e-08,-2.0011520719144e-05,7.12358713710375e-15,-1.54129824549428e-05,-1.78279876227435e-07,7.35144348050979e-16,-7.04779378660836e-16,3.86740476658043e-16,2.09104869474002e-05,5.66180718720081e-07,-6.07715024995118e-07,1.81719577733865e-05,2.57565896022633e-06,4.69807567541697e-07,-2.03516376886373e-07,-3.58360287665465e-16,-4.35048651578062e-08,1.21387130979464e-07,-8.72840688148377e-16,-1.19939848994573e-16,-7.53302604256312e-08,-4.36083592106674e-09,-4.50778936947008e-08,1.15143846347709e-05,4.72953351886616e-08,-1.92907263655832e-06,1.32302432690852e-15,-7.03380603306073e-07,9.71142727661046e-16,-0.00164703125520147,-3.34603763967045e-15,-4.40168007720638e-08,-3.12949519997221e-15,2.15353089879004e-07,5.83121680245932e-08,0.0905020169953857,-2.65969572303658e-06,-5.00343920586257e-08,-4.63857069976078e-09,4.60204893014426e-08,2.2560195838041e-08,1.08232306935798e-05,3.72642349789768e-07,2.26169927195202e-08,-6.56891051114074e-08,-1.21638855768046e-05,-1.69377742455286e-06,-3.21389038179706e-08,1.62654328115161e-16,3.02684107113723e-07,-5.2307911070209e-08,2.70008617499158e-08,1.34853866820774e-16,5.01229298950773e-07,1.42301658886175e-06,4.54840223553106e-07,3.49833406303025e-16,-1.10127196548038e-07,-6.18213295720552e-06,9.07172574706211e-16,-7.68559105776541e-08,1.69643185457748e-07,6.89815011197756e-17,-2.66969128061786e-16,-6.21486854749147e-09,-3.50992701190051e-06,-1.99590405551847e-08,-2.76295340726398e-05,7.67086743806238e-07,2.02194807380372e-08,3.52163832037632e-06,1.79586294334831e-07,-4.49312628067771e-06,-1.70219741080224e-15,8.32473619145906e-10,6.08345177262677e-08,1.69489269471629e-07,9.0150337177376e-05,-2.30782687545318e-16,3.06707178172958e-16,2.15864302811218e-06,3.41072249832257e-17,-5.46095584686327e-13,2.2627879802827e-07,-3.3510476491575e-07,-6.27522655458648e-08,-0.0103221255781136,1.25561719399989e-06,3.41979154767197e-07,4.81341464378841e-07,3.0621500429477e-16,4.59775817957177e-06,1.26280696961766e-07,9.85858453594069e-07,-5.53039643530649e-08,2.18533486475822e-07,-1.51998001982042e-16,9.9882461979334e-18,-1.26550174383351e-15,-2.01865522279547e-06,-9.22821279327994e-09,-5.98378158111189e-07,3.95544471767187e-17,-7.10353717577493e-09,2.7536064417305e-16,-1.30628411191399e-17,1.22552214346139e-06,-3.07280112448724e-07,-1.25984292442816e-16,-2.63077138694209e-06,-3.66887008864919e-08,-2.65535188868836e-16,9.52924706053645e-08,-4.63826307721539e-16,0.00109274985962638,1.05944180470758e-14,0.0227304726410925,-1.14898653673462e-06,-1.58753962812045e-08,-1.02588680950779e-06,4.43216996335437e-07,-1.54568705507151e-08,5.84507397883414e-07,-8.75696562753342e-17,3.70370074469466e-07,-2.09888642071841e-08,2.0688916738487e-16,-2.77844396374217e-09,-5.70404009189024e-08,1.33251814329641e-08,3.30994204543516e-16,4.32947908805701e-08,5.73667013041186e-08,7.12252769098262e-17,-1.59519876004616e-06,-1.21198189038348e-06,-1.65984089549011e-09,-1.03725474077894e-15,5.01635103074511e-16,2.98628258900863e-08,1.62685246754106e-06,5.66684900345328e-06,-1.26543162843199e-08,1.12972556109765e-06,2.33639938249253e-16,3.52462282329523e-15,0.00289824943643438,-3.39213643210552e-09,-4.31566066091537e-16,7.40997249658112e-06,-2.68469444260779e-16,2.28634391621954e-08,-3.93788991726206e-07,-5.27259237524942e-07,-3.50549037488218e-06,-3.43927275777948e-16,-1.0866163568309e-17,4.62603825046237e-16,7.40017092205918e-17,-2.73147043444759e-09,-9.47723715358555e-09,1.28604648400207e-16,-3.62620122641088e-16,-1.05802775733241e-16,1.33482676048738e-08,1.19972540789599e-10,-6.60632291802844e-09,1.1623603746463e-16,-3.72193053287118e-15,1.03712069314532e-15,-2.82914391125408e-07,8.65650952634227e-09,2.49314111810952e-16,1.51749619032641e-09,-3.96902297983515e-08,6.05328395867754e-17,6.78749197299013e-17,-1.64709212775196e-05,-2.78656496548848e-10,-0.000101338429630277,3.85055416204019e-16,1.51571805544101e-08,2.44569842963371e-07,2.62176748646054e-07,-9.76801405032242e-07,-5.79375034154146e-08,9.42317409579156e-10,-3.95443194291298e-16,2.90704457141736e-16,-1.39792259903745e-16,1.78187935795477e-08,-1.61320687128461e-08,-6.29735362609371e-07,-4.7630223860621e-09,3.04800702999335e-16,1.52635495250772e-17,2.57392391232693e-16,-4.98358039790035e-18,9.02157792827391e-16,2.26470194238898e-08,3.04533166901171e-17,-9.12896127286311e-17,-6.42753527379237e-07,-2.04078567849934e-17,-1.95706081787417e-06,5.98791876636204e-17,-4.20302690889155e-07,3.6210769883059e-17,-5.07596528720755e-07,-1.07677413346164e-07,-5.59551505311973e-08,-6.01634685441725e-17,1.17255120566712e-05,5.04954037697752e-17,3.07717847746025e-07,-4.87864828800722e-08,2.69950792761571e-10,1.72852952583838e-16,1.48458933111119e-06,7.93518778698461e-17,-1.06646644385881e-07,-5.44356455333952e-08,-5.55294564922672e-17,-6.80455212347937e-17,-8.78163665510812e-17,-6.55375932705044e-17,-8.24399917561509e-09,-1.73530976249678e-05,-9.27431070499341e-08,1.99339188337406e-16,1.76535109884093e-17,-5.59133985674159e-09,4.56053989839316e-08,-2.60916059610945e-16,9.22706403589925e-17,-9.06596635220779e-08,7.07420956046566e-17,-1.75550480357017e-06,3.08347292905391e-17,1.60544201586392e-07,-1.79892089357897e-16,-3.1372684210974e-17,-9.18349175872826e-17,3.91917327088658e-16,-4.19182650853347e-17,1.10390574297334e-16,3.07755496075688e-09,-2.15227249692212e-08,-1.40324116849307e-16,-1.42812551849853e-08,5.99918453653585e-07,-1.48695997205584e-16,5.08309302804812e-17,-1.40101241929907e-16,2.63141902323217e-16,5.51304617581445e-07,1.49482153426287e-07,1.2505236045281e-16,1.10471026295176e-16,-1.07531492025971e-07,-3.47369568751755e-08,-5.26108425436474e-10,-2.09116739672396e-16,-2.41498290417324e-17,-1.9248166730094e-16,-3.06785833256462e-16,6.79739032704464e-17,4.66880566234694e-16,3.82132397558588e-06,-8.43257692334352e-07,-0.0068570834367196,-2.50873767121919e-16,8.13795767670582e-17,-2.89901011397413e-17,5.82838341241741e-17,-3.73520832617637e-16,-3.5634784384994e-16,1.39685138367168e-15,-2.14235298910385e-16,-4.08123144234411e-17,1.52630761215335e-16,1.05504836513545e-17,1.92043207056178e-16,1.9375060784593e-16,-3.9707881402386e-17,1.97436033901203e-09,-5.32877331300051e-17,-1.93129047499965e-17,1.42110868625054e-16,2.79540778322581e-08,-3.45700480687248e-08,9.25972589391037e-17,-7.21464908701554e-10,2.55431680779006e-08,-9.20875106436801e-17,1.69312606250648e-16,-4.92286590833526e-08,6.56837531140663e-17,6.27993419408109e-10,1.2323660308623e-16,5.05791170265672e-17,-2.40628813254455e-17,-1.73700901055059e-17,6.28893933207251e-08,-8.42082967994004e-08,1.81815228461093e-16,3.75243383724364e-17,7.52119694160315e-17,5.58615996012424e-17,6.23416249179165e-18,-8.70887517667936e-17,-5.17985476415292e-17,7.28514452434374e-17,1.00464919478551e-09,3.65088885110382e-17,3.83412619386586e-17,1.84818646959655e-17,1.97964781207849e-16,-2.88872316827521e-16,3.88037622631848e-16,-2.17984173629141e-07,3.66664981599481e-18,1.11894108545915e-16,1.47405756499063e-08,4.12369236868075e-16,2.94022489690201e-17,-6.45505601989537e-17,-1.24077367583954e-16,1.22376278139874e-08,-3.89177444113301e-17,-9.22840085467473e-07,1.49632261243405e-17,-1.43163275386994e-18,3.17070380231355e-16,5.1475843918891e-16,4.755300026362e-17,-1.74275925393186e-17,1.45958339246887e-08,-3.96990484616183e-17,-2.12704930476266e-16,1.84062005005669e-09,-1.81930667664129e-06,6.45482418787995e-17,3.12775774015212e-07,7.1962669390443e-07,2.95749558739234e-16,-9.68328915696136e-17,-4.88323854363312e-17,1.52592379714716e-16,9.77628662709626e-17,-1.20124510114208e-06,9.3054857336366e-17,1.43380064012588e-16,4.74435154417993e-16,1.62548822164248e-06,-3.67648589746821e-16,8.71686202113929e-17,1.32165870662939e-16,9.12673325497189e-18,-2.18316276886205e-07,-1.66591803304069e-16,3.79966539279143e-10,4.64709960510781e-17,6.54791854014707e-17,3.4123134628267e-16,1.12180581479493e-17,2.2610782658343e-17,2.03894139993314e-16,3.57364801212662e-17,-6.57347744416365e-09,4.38868704335148e-16,-3.00110818142198e-17,2.76158854527017e-09,1.71360848741753e-16,-1.35525105718915e-16,-5.49862946571621e-18,1.22253463925882e-16,8.09099664664604e-17,8.70689680729689e-17,-1.99750955393868e-08,-5.67329637959925e-17,1.7846236895395e-16,5.94209307137574e-09,-4.66297685098104e-17,1.83910030609513e-17,-1.87261285912769e-16,-7.28927275743202e-17,-8.92782438427711e-17,6.36430349435883e-17,-5.64399244564266e-17,-5.63464017065406e-17,-2.16106348942493e-18,7.08188877639863e-17,1.87589811263343e-16,-3.10612906545194e-09,1.02956290833167e-08,-1.12004228189688e-16,1.78569823793849e-16,-4.88116349611963e-17,-4.72423748595932e-16,1.63345899306666e-15,5.6071140514869e-17,-6.39163703775948e-17,-1.83982902744649e-16,-9.79144110771347e-09,-4.40083806970746e-16,6.59324947016272e-17,-1.69696812920839e-17,1.90378314869408e-16,1.13774619224963e-09,4.45635687935396e-17,-1.80043967338592e-10,7.4032397137453e-17,-8.88107011849966e-17,-1.2614632895913e-17,-1.05004547567521e-16,3.34164786561723e-17,2.13851108524968e-16,1.15333698146154e-16,2.21473594116563e-16,-3.40424881877155e-16,-1.33411688120774e-16,-1.71824819500073e-16,2.97166901386288e-17,1.54685583269156e-16,1.17223351639795e-16,3.00626752662252e-16,9.83517016014378e-17,2.31921112253525e-17,5.30580454556264e-18,5.94129925009291e-17,2.23363142857766e-16,1.12388397199847e-15,1.41613182916057e-18,-2.77130535953987e-16,4.73230986708976e-17,-2.78088341462179e-18,1.46239112390091e-08,-8.10966312966057e-17,-4.16130931244895e-18,-1.3351554151154e-17,-2.59486554251534e-16,-3.37680864566944e-16,-2.12893462373442e-17,-9.1131520816794e-17,-1.55052709795069e-16,-6.74236144002389e-17,-3.41095821211134e-17,-2.79290479632266e-16,-2.34574928353508e-16,-3.61408182781355e-17,5.25314619730075e-17,-1.07350659300027e-16,9.89206133681706e-17,5.62145787654158e-18,-1.10630520361013e-07,-1.22640044976341e-16,9.7418869169747e-17,-2.1435033297162e-18,4.46545461929407e-18,6.59421209973329e-17,7.83235779592628e-17,-2.94347806081038e-17,-1.04022075048755e-16,-3.90155275822432e-17,2.52417342744706e-09,-9.17020865286662e-17,-1.52577647660963e-16,-7.40040289939558e-17,1.664472768929e-17,-8.99368640718188e-17,-8.86281511177215e-17,1.31936299506921e-16,-5.30195479846486e-17,-1.3964365146712e-16,-1.30339914814004e-16,4.60815730628617e-17,5.38612471975501e-17,-1.11044170706305e-16,6.67994765188654e-07,2.7601291181839e-17,8.69125375351151e-18,-4.33355109816158e-17,-4.20670442924376e-16,-3.46725555505881e-09,2.1922872317367e-16,-2.1851591669667e-17,7.49621486179208e-17,2.60727899412224e-16,-2.9680693382534e-17,1.24429314960997e-16,3.23433533086882e-16,1.28875127526028e-17,1.28470139527086e-16,4.61118142828058e-17,5.74094443397572e-17,5.74568294306559e-17,-7.10140497547463e-17,1.2865427282933e-16,-1.13511622547264e-17,1.96280796372848e-17,-4.74195137682026e-16
"t454",0.035866973393535,-0.0105881897578139,-0.011577651687079,0.000677816233080152,0.00618777363551771,-0.0165390177522448,-0.00232589513390728,-4.9160601756342e-06,-0.0426278976353551,-0.0192721612608642,0.146503365501663,0.00256867271276343,-0.00502886712195012,-0.00106182690685232,-0.0289856729879914,0.00069334758438146,0.000458375885531857,-5.59205045325654e-05,-0.0262726908868203,-0.0105291667647392,-1.94650198496408e-05,5.9299344696406e-05,-0.0354363072648679,-0.00117427518065252,9.13528593651703e-05,0.00317267657845898,-0.0571812709252405,-0.000696712553099337,0.00133732856339255,0.000183317640315357,0.000188436415234561,-0.00358894921882994,-2.17839765867122e-06,0.00222989989021491,-0.00304013152525211,-0.000559664385425736,-2.56586346645692e-05,9.47789842658283e-05,0.0226666705130936,0.127712981724252,-0.000206679227710973,0.00443756562354698,-3.13302624063435e-06,0.000218508865838394,-7.61929239379553e-06,2.04329222911032e-07,2.85946559329547e-08,-9.0683546384037e-07,0.000258814879426502,-0.000670938303552483,9.94120329141681e-07,-1.61071731226808e-06,1.25281708696473e-05,-7.97318815437889e-07,8.60742175320837e-05,-6.76029105314147e-05,4.01207001050434e-05,-5.09316500300377e-05,0.000445675017283234,-7.98883422047851e-07,-7.85425551448174e-07,4.16189526246892e-05,-2.48497417608272e-05,1.85900191293262e-05,-0.000348137576923258,3.74669951893024e-06,-2.46302415784353e-05,7.64146116562885e-05,-1.85911210509577e-05,8.47855721422605e-05,-7.70729688105701e-07,2.16039472611222e-06,-7.48732499272385e-06,-4.89089220860403e-06,2.0577504719805e-06,1.75364303402754e-06,-1.79471425350332e-05,2.68400269674545e-06,-0.00126795468222772,-7.96160809320893e-05,5.53188258675762e-06,0.000433812596593816,-0.00110042298780803,-1.62275809573596e-05,0.000160708738909168,4.31927449811848e-05,-6.7719872496885e-06,-0.000116659605648587,-2.18415292091897e-07,8.80990309693516e-06,-8.98405439915048e-05,5.51370142320984e-08,3.84306814726669e-05,-3.61020405005146e-05,-8.39379136873702e-06,-1.00736224628911e-05,-1.18530374258115e-06,6.77449158084942e-06,-7.82388941864083e-05,-0.00184300390539861,-4.45706469386487e-05,2.99911043975055e-07,-6.40466038161263e-05,0.000251810352005198,-0.000613994674534235,1.3424415569217e-05,-0.00791718504515949,1.52702338874684e-05,-0.15066962822015,-4.09949239610363e-06,-0.000101262320420965,-7.67834373389205e-05,2.21026513791225e-05,-8.45747671516715e-06,7.66689945067635e-06,-6.79888446057812e-06,0.0011070494619227,-0.000879092433524968,6.01638769162409e-05,-1.83673750206248e-05,9.64377580581189e-06,-1.50243815194727e-05,0.000186168976162777,0.000183593262921884,-8.8239133132128e-07,1.62378158003474e-05,-1.66775441266072e-06,3.58723623764365e-05,-2.70662164499706e-05,-0.000940895157091234,-6.91968292034381e-06,3.65497184414654e-05,-4.94274786594384e-06,-0.00472192785907396,4.11209314765301e-09,-4.47736146046186e-06,2.91954048644045e-05,1.05275825624874e-06,-9.16722464127805e-05,2.52746361639798e-05,0.000150083416306594,2.21122232867338e-06,-2.63599869055825e-05,-1.79849241723752e-06,-1.03848404916018e-08,0.0319180109817625,-5.58467039702182e-08,-2.58501851990742e-06,-1.82937112380197e-07,1.68857822188386e-08,2.05734085456785e-08,9.83753925762518e-07,1.28680190440335e-08,-2.90357421407255e-06,4.5067326995893e-10,-2.01447495007224e-08,2.50519671553152e-07,-3.21198282184193e-07,-2.27728321597378e-06,-3.25288461669692e-07,-3.59813999652443e-07,5.37932980947499e-08,-8.1297565181937e-06,-6.27949048507435e-07,4.75407761227402e-07,-3.65382717523309e-07,0.00048885515461132,6.4482002376627e-07,0.000152789997483796,2.43261299989854e-08,-5.15057405559685e-07,-9.68940876466998e-08,1.73442505632439e-08,1.12737154226268e-05,1.32677719291027e-07,2.77424371706217e-07,1.23158814711637e-08,-5.86380935255742e-07,-3.1121743958895e-05,-3.63403252931253e-06,1.54029143761734e-05,4.91953369835651e-06,-1.11070043789946e-06,-4.82602046773339e-09,-1.61229843628387e-07,-1.08000133786688e-07,-0.00117508963509029,0.000874929758282158,0.00463223928989666,2.21839605178971e-05,4.76687178164715e-05,-2.43826862470351e-05,-7.42449867149981e-06,-9.21578441512229e-10,-8.19264398281851e-08,1.31239615017486e-05,8.12936830908885e-06,1.27821801792897e-07,-1.39508009213672e-05,-2.38616459792824e-05,-0.0599800711216416,5.83312306070467e-06,-6.85876960971539e-08,-1.28045901649258e-08,-1.448674028858e-06,-5.6387098957683e-08,4.47977378996114e-07,1.58410334025541e-08,-2.399712482993e-07,-2.5280111259318e-12,-1.68846568693868e-08,-3.87620973267552e-10,-4.64569054126365e-09,-1.71444123193864e-07,2.7524144749969e-11,-5.03335788244391e-10,8.87401078201786e-11,3.90220257295621e-11,5.80909266357348e-08,3.49239418516868e-08,2.01623261679153e-08,-5.07967839269517e-08,-1.2983241359134e-08,-6.43380197982469e-08,2.9702207507298e-07,1.84500374884332e-08,1.7841977114125e-06,1.58526948436281e-08,7.995504525738e-06,2.14442478248496e-06,-1.41970754237951e-07,-3.76893543448982e-08,-1.54216277878259e-06,-6.29493789711105e-07,0.0978302702447891,-9.39217336078071e-09,-1.78879693466362e-06,1.3578875826288e-16,-7.43069249611755e-09,9.04592258551586e-08,-3.22493149465019e-09,1.26654543608493e-08,3.76309163945921e-07,-5.37009624619916e-09,1.48391654852279e-07,-7.1556579151372e-08,2.45897932566666e-07,-1.07749365081941e-08,2.40427307923499e-08,-1.15211242522037e-05,8.10963477353566e-09,-9.22143079794625e-07,5.52394054583323e-05,-6.38030123479538e-09,5.10085175866367e-10,-2.88188290370538e-08,4.10138684706881e-08,-6.67369145175696e-07,-4.2921699151187e-05,1.10787256487375e-05,-3.67460143084851e-06,0.0343837659004183,4.29715015527812e-05,-2.94925390619164e-07,-4.71798918250462e-05,4.94657673256968e-06,-5.20952906675624e-08,-0.000470764146841197,-2.38799995217441e-06,-3.44399060175063e-05,-1.22189986275496e-07,0.623079400096514,1.9547193454977e-05,-9.20964381005294e-07,1.34294011738003e-06,-2.44907247790178e-06,1.69303478292265e-06,-1.14228442820879e-07,1.88417202417072e-05,-7.8855554540798e-08,1.2598496149571e-05,1.59956146033447e-16,-2.83599137695808e-05,-4.83539592380372e-06,-2.88665359591416e-11,-2.35732812796022e-07,3.29201760608124e-07,-1.99457264703285e-07,-5.60236372552447e-08,5.78168893084684e-09,-2.56371896955884e-07,9.67471287083973e-06,3.47615185395461e-06,-2.52479795330805e-08,1.33408970630355e-05,-4.44522648830356e-05,1.17416129658039e-06,-3.3835873644883e-05,2.73138162797787e-07,4.76342317548182e-07,7.34758841251452e-09,1.88525750941974e-05,-2.35114545981863e-06,1.03560958702024e-08,-3.22449786626927e-06,3.75132699885235e-07,-1.35962465008554e-06,9.78148864704689e-07,8.69554408763468e-06,4.40012553182219e-07,-1.39552466945821e-07,-9.05827203400255e-07,9.14902092565068e-08,-4.21661614206363e-07,1.17374999676981e-06,4.70407654245269e-06,-3.62433158592102e-05,2.94931315219651e-17,6.6324886779456e-08,3.62434222662804e-07,-3.57279026443101e-08,1.90821078327269e-05,2.04843002135991e-08,5.00593123995563e-06,1.99483846350427e-05,-1.55723639041248e-06,6.77287138987944e-06,3.30266901186403e-16,-9.14285135980581e-05,-4.13117460678776e-09,-1.85745296748673e-06,7.87202482581886e-08,1.53351176110203e-06,-1.05187441582021e-06,-1.86059923831296e-05,5.24925081633297e-06,-6.14526762900519e-07,4.88675443146455e-05,-1.98781575048667e-07,-2.31208001903009e-05,-3.63190238516143e-08,-8.31896293193059e-09,-0.000127557764479048,1.4685076365274e-06,-0.0386332687351258,-1.01675784768499e-15,4.33173239471991e-07,-1.95007120077457e-08,-5.58514042840619e-10,1.6415875557148e-09,-3.66275873215921e-06,-0.000422424590085049,2.99701960055707e-07,-1.21535285368647e-06,-9.11818909738495e-07,-1.59321689357207e-16,-2.15604755407793e-05,-8.4399478654438e-08,-8.11900777578921e-05,-2.29690356655559e-16,2.14874433367086e-05,4.13723796889588e-06,-8.83041355773831e-07,-0.0186472726713926,-3.08835620962912e-05,-0.134582891262965,2.89255993247333e-05,-0.0580451423948021,4.3372374308827e-06,-1.41027568553261e-08,-4.96714667076929e-06,-1.49481632688631e-07,-4.78638178092004e-17,4.02450562416092e-08,-1.39008740029754e-06,-5.17388317540066e-07,2.62788337262404e-06,1.27725600538562e-16,3.47130858494216e-08,-3.89686808668042e-09,3.47569257486157e-07,4.40661021591633e-09,1.37261453646549e-06,-9.75178844772189e-09,6.41301043115282e-08,2.77345895138083e-07,3.63858423071854e-16,2.35743188665887e-06,-1.16481371487251e-08,3.65776058549597e-08,4.31782908308413e-06,-5.71321287104923e-09,-1.2829550036407e-08,1.07552855510562e-16,-4.99631668476275e-18,-1.31354053300128e-08,-9.62792254568504e-09,1.28221831544171e-09,-1.51135201794881e-06,3.73793406457114e-16,-1.36899884066462e-06,-1.68449314338043e-08,3.50795029281101e-17,-9.55875800115074e-17,-3.2473769901728e-18,2.32853124438932e-06,6.42164727861108e-08,-7.3170738401395e-08,2.2926038037387e-06,3.26663158139106e-07,6.23907551030108e-08,-2.71654201211863e-08,-1.57103237932324e-16,-6.31383717476638e-09,1.81012275746135e-08,9.84981156916225e-17,2.00979008260048e-16,-1.23817333998662e-08,-7.32613426741033e-10,-7.79341498087198e-09,2.02891147971229e-06,8.644378142678e-09,-3.54712455722247e-07,-6.95681944487195e-16,-1.30415541571672e-07,3.6810321093874e-17,-0.000313061169297596,-1.65525145673362e-15,-8.53316841848525e-09,-1.74932733224956e-17,4.29506408646081e-08,1.1705164627331e-08,0.0217647722086033,-7.60427788859056e-07,-1.7290989790425e-08,-5.49869180714998e-10,7.69015486926708e-09,4.33664630667273e-09,2.08182236816558e-06,7.31018844516775e-08,4.5642454685344e-09,-1.36546415656313e-08,-2.58187411308796e-06,-3.64890377631974e-07,-6.97164783065531e-09,-1.67536415632666e-16,6.69904417061184e-08,-1.17853072539729e-08,6.3635529936315e-09,1.90221130290675e-16,1.19539402862745e-07,3.45234822134703e-07,1.11127063503957e-07,2.04093341703431e-16,-2.70024719860171e-08,-1.53684954069574e-06,1.8044967578546e-16,-1.92322040037984e-08,4.40571705634527e-08,-5.52945727975266e-17,-1.69694601866405e-16,-1.63600368039844e-09,-9.25053417144154e-07,-5.28937585238658e-09,-7.36895283003052e-06,2.07472872007186e-07,5.47522308772235e-09,9.55217586149435e-07,4.95826733856757e-08,-1.25786684382919e-06,1.02673945734377e-16,2.34251759260192e-10,1.7133373224182e-08,4.78809662609706e-08,2.55607706410715e-05,-2.26215952503903e-16,-2.45972784977179e-16,6.15094169188363e-07,1.94923200918609e-16,-1.59268365094335e-13,6.65171435588108e-08,-9.91231814087147e-08,-1.85646380807367e-08,-0.0036386987396716,3.57247485339379e-07,9.82874633830971e-08,1.41530814348982e-07,7.51594903881655e-17,1.39642140202374e-06,3.852021998848e-08,3.01143991716252e-07,-1.70086498698532e-08,6.80136677374027e-08,2.69507517844031e-17,2.54163893691333e-16,1.91318921590726e-16,-6.38586689172408e-07,-2.93921768880816e-09,-1.90683192134129e-07,-9.72816099943051e-17,-2.27828465299938e-09,-1.9764602245585e-16,7.38958236183778e-17,4.03838659909256e-07,-1.01289275017431e-07,2.21827764490534e-16,-8.72711970824414e-07,-1.22153703976053e-08,8.79865015233635e-16,3.1962045929353e-08,2.8437180871796e-16,0.000369724514571356,3.66627560013931e-15,0.00769665174055255,-3.89285414321316e-07,-5.3823368649238e-09,-3.48139502512577e-07,1.50724511130682e-07,-5.29763365217806e-09,2.02481614170895e-07,-1.79889127785134e-16,1.29970907417338e-07,-7.37545247690946e-09,-7.15979235511537e-17,-9.78100251128053e-10,-2.01456000290235e-08,4.71995753425664e-09,2.04949934341303e-16,1.54867263635872e-08,2.05596686301611e-08,3.46357042183855e-16,-5.73154557089047e-07,-4.36007149368894e-07,-5.99870560749234e-10,4.09939550454022e-16,-2.53587885314598e-16,1.09083394880183e-08,5.96923221450089e-07,2.08117127921231e-06,-4.73624592427547e-09,4.24106159144391e-07,9.36877726939678e-17,7.73991740005637e-16,0.00109026803733679,-1.27639157362699e-09,-2.90211597652973e-16,2.79787330847753e-06,1.35521122259403e-16,8.66147378739539e-09,-1.49854413999524e-07,-2.00709694469995e-07,-1.33608776420693e-06,1.5936272518899e-17,-3.34709435308413e-18,3.04280993210663e-16,3.10678182907487e-16,-1.05266750384057e-09,-3.65566139093045e-09,4.34490061870085e-16,-2.17722301446749e-16,-9.49487597024862e-18,5.16547788650223e-09,4.64911308159714e-11,-2.56968772328523e-09,-2.76049876274152e-16,-1.24027307521479e-15,3.59711175776378e-16,-1.11434037017531e-07,3.41106659369904e-09,-2.67515351266963e-16,6.00835521166923e-10,-1.57450887342381e-08,-1.43661650695761e-16,2.95359837275057e-16,-6.56343369834262e-06,-1.11080211288521e-10,-4.05023864776974e-05,-1.33020910668895e-16,6.08432737088208e-09,9.84079170801548e-08,1.05840641816721e-07,-3.96098358243384e-07,-2.35219640319259e-08,3.83421888570273e-10,8.90491314542891e-17,-8.50282002086196e-17,4.54074373964402e-16,7.34117550368707e-09,-6.64751243491112e-09,-2.59899694917459e-07,-1.98118114237854e-09,1.32115790183733e-15,4.0302894553714e-16,-1.08063754873386e-15,9.53058841907479e-17,-1.00271617695854e-15,9.49614101235291e-09,-1.36268768527456e-15,6.64930776753042e-16,-2.70354384528206e-07,-7.82107961085837e-17,-8.2331344853421e-07,-4.65027325737548e-17,-1.7686590434599e-07,-2.05625515203842e-16,-2.1474672364596e-07,-4.56123604455701e-08,-2.37484928801329e-08,-7.2798014757706e-16,4.98833002578162e-06,-2.84025154867527e-16,1.31586429497615e-07,-2.10008040165475e-08,1.1623688557287e-10,7.7712851989519e-16,6.40944685708342e-07,-1.51982672829016e-16,-4.62354414020788e-08,-2.36047721403064e-08,3.64677037037472e-18,4.84750559233965e-16,-5.96294447780177e-16,3.97453430981332e-16,-3.58706918047427e-09,-7.55735615538948e-06,-4.0432259704277e-08,-2.21669013549533e-16,-9.70296231917037e-16,-2.4497459656143e-09,1.9985576236916e-08,9.02084703649315e-16,-5.0489678088423e-16,-3.99741926228521e-08,2.96223192482511e-16,-7.75056782195119e-07,1.62991091438327e-15,7.11476285253174e-08,1.35717153791738e-16,-2.31335028702625e-15,4.26965163189054e-16,3.6836225112308e-15,8.5783904119875e-16,-5.8820614147372e-16,1.37429548670016e-09,-9.61202245162555e-09,-1.16914243041881e-15,-6.395038881409e-09,2.68940586662753e-07,3.41268982927664e-15,2.55812948576673e-15,-4.7494417215276e-16,-2.49535394000273e-15,2.483649795164e-07,6.74218313407671e-08,-7.92391106062298e-16,-4.13167940536717e-16,-4.8565655944806e-08,-1.56914168159527e-08,-2.37793962245637e-10,2.40884779033489e-15,2.16731923812318e-15,2.33627037764196e-15,-9.89621388950884e-15,1.36404611011151e-14,2.43099835356934e-15,1.75737166822322e-06,-3.91704080053677e-07,-0.00354904214421379,7.05145483772e-15,-2.68360601547835e-14,3.97844572662347e-14,-2.54457917978996e-14,2.90244265761148e-14,-1.18377510472452e-13,0.707106781186548,-3.60611262813436e-15,-5.52153312038221e-15,1.754725089246e-16,-6.04195648268766e-15,-2.53219718303344e-15,-4.2364559549343e-15,4.96740726218328e-15,9.09553122260457e-10,-1.36403393308153e-15,-4.17722706819862e-15,3.38252649336803e-15,1.29012596693636e-08,-1.59612004134133e-08,1.48829056289498e-15,-3.33185493949119e-10,1.18218408632047e-08,-1.63800982707992e-16,-1.27610764459024e-15,-2.28437218411977e-08,-6.41306284802456e-16,2.92329504129341e-10,1.23798540340797e-15,4.81990453202992e-16,1.42389663733792e-16,3.02313967507361e-15,2.94173239677968e-08,-3.94023523442587e-08,-3.19028682483772e-15,-7.7760536059269e-16,1.46324561216424e-17,1.23453887914903e-15,1.79690247056885e-15,1.91540477945836e-15,-2.64319182722986e-15,-3.15353046305925e-16,4.77847348347076e-10,-1.85568813373632e-16,8.7540729516664e-17,7.88081689900824e-16,-1.73893189481942e-16,-9.99035721224953e-16,-1.39039590064499e-15,-1.04037215762411e-07,-2.36459927267963e-16,9.46825818079322e-16,7.03964957854289e-09,-1.25739273985037e-15,-1.5804838147594e-15,8.60877394378738e-16,8.9519596543024e-16,5.88717585963174e-09,1.38756150540487e-17,-4.44527667551583e-07,3.79058819688632e-16,-1.11342943691613e-16,-1.34688039587395e-15,3.65788848931165e-16,-4.70171775143921e-16,5.96897016284393e-16,7.04927075613367e-09,-2.5878947648267e-16,3.34623410102136e-16,8.907423111416e-10,-8.80516704530777e-07,-2.37309432037823e-16,1.51639713652584e-07,3.49076986006625e-07,-1.67064159277526e-16,-1.26225942297343e-16,-5.32935843675541e-16,-1.16176904405904e-16,4.33287927192533e-16,-5.87322340614959e-07,4.70300685789367e-16,3.17378169652905e-16,6.16735563215651e-16,7.96347851661598e-07,3.01188136157497e-16,-6.84564147603616e-16,5.97108474760986e-16,-1.5523702461332e-16,-1.07239631383214e-07,1.7358026580779e-16,1.86796633148509e-10,-9.1356539212361e-17,7.93769146030774e-17,-9.42554995923749e-17,-1.78596112570401e-16,-4.52059844647241e-17,-2.75352836581951e-16,1.46697498692939e-16,-3.24549341546699e-09,-1.79837578286584e-16,1.39886338940379e-16,1.36490863191451e-09,1.54580318391501e-16,2.84042407632829e-16,4.07395727431939e-16,-3.09946722250961e-16,-5.44067885911705e-16,5.66455816525177e-16,-9.90536283309093e-09,-1.04776891389002e-16,-3.33010169207973e-16,2.95094572406015e-09,5.55509217035142e-17,-5.20744998258647e-16,-3.27953042998523e-16,-5.27301012812652e-18,-3.99964162042293e-16,2.31408082774246e-16,2.09065779181537e-16,1.96652104937123e-16,1.46087868400371e-16,-4.98243262570588e-16,-6.312952021573e-16,-1.55091269318073e-09,5.14399768067243e-09,-3.28780417465278e-16,-5.8731833903836e-17,1.08942689077709e-16,-2.10225798164225e-16,6.09104780502356e-16,1.44146379481779e-16,-1.49523021494603e-16,-3.96772927432884e-16,-4.9085104981503e-09,2.02809240573437e-16,-3.46870278688374e-16,2.41448445746851e-16,-8.07425742000031e-16,5.71974852643672e-10,8.9801023619247e-16,-9.08000790538742e-11,7.50327700109449e-17,-1.20536584410857e-16,3.17671815950802e-17,-1.86037275721007e-16,2.78477747049118e-17,1.82979579493059e-16,-2.47299016245772e-16,2.815329992029e-16,-2.38601701921668e-16,-3.42753126721908e-16,3.53940243324593e-16,-5.10673284006294e-17,3.97666570985538e-17,-1.19639862556337e-17,7.85530338834858e-17,3.09190206648943e-16,3.32575385497657e-16,3.77992781841636e-17,-3.3948654121705e-16,-2.69169925719716e-16,-8.47303997797422e-17,-3.36186597055011e-17,-3.04574760209468e-16,4.94320012027734e-16,-1.32726722679011e-17,7.46031378540407e-09,-1.68817533198e-16,-3.46241185255265e-16,1.87744452773785e-16,2.19653669856682e-16,1.92828872862766e-16,1.11900870285789e-16,1.53366987153867e-16,-3.96145283546228e-16,-6.76755821822833e-18,-8.64907780918814e-18,-2.86229373536173e-17,-2.16938392987492e-16,4.95852157059263e-17,-1.06210148786555e-16,5.31321488831954e-17,-3.87355452855294e-16,1.38630740789457e-16,-5.68670967720894e-08,3.24615516776052e-17,1.975810761654e-16,-3.6180916138812e-16,1.00035181293065e-16,5.03794092262139e-16,-5.85037212545077e-17,9.8599994289623e-17,1.14601238577099e-16,-1.93270032763811e-17,1.30748611540608e-09,2.92242436749253e-20,9.61900671561147e-17,-1.05689755033474e-16,1.63620090839328e-16,-5.12988192342266e-16,-9.1168024756968e-17,-7.31483755133058e-17,2.28623718811101e-16,-6.99901379984004e-17,-2.89460273539987e-18,1.7901461503791e-16,-1.4937898289531e-16,2.34910387040343e-16,3.48637125064423e-07,-1.07982688538555e-16,6.76084740604239e-17,-2.581678939085e-17,-3.19622800448727e-16,-1.81590880806973e-09,-1.41760250631049e-16,2.23074951624376e-16,1.67127114490425e-16,5.72122018362874e-17,1.04539424793615e-17,3.15097269359709e-17,2.23082706175773e-16,4.05464948163373e-17,2.16961928262346e-17,-2.323456112408e-16,-4.29117856890558e-17,2.00754591003915e-16,-1.13567204926872e-16,-1.04773030922819e-16,-8.29636591955113e-17,6.46521092876087e-17,-8.87878529312195e-17
"t455",0.035866973393535,-0.0105881897578139,-0.011577651687079,0.000677816233080152,0.00618777363551771,-0.0165390177522448,-0.00232589513390728,-4.91606017563599e-06,-0.0426278976353552,-0.0192721612608641,0.146503365501663,0.00256867271276341,-0.00502886712195013,-0.00106182690685232,-0.0289856729879914,0.000693347584381455,0.000458375885531852,-5.59205045325552e-05,-0.0262726908868204,-0.0105291667647392,-1.94650198496501e-05,5.92993446964048e-05,-0.0354363072648679,-0.00117427518065251,9.13528593651799e-05,0.00317267657845897,-0.0571812709252405,-0.000696712553099316,0.0013373285633925,0.000183317640315395,0.000188436415234562,-0.00358894921882998,-2.17839765866449e-06,0.00222989989021493,-0.00304013152525213,-0.000559664385425773,-2.56586346645446e-05,9.47789842658399e-05,0.0226666705130936,0.127712981724252,-0.000206679227710964,0.004437565623547,-3.13302624061298e-06,0.00021850886583838,-7.61929239383044e-06,2.04329222877736e-07,2.85946559569575e-08,-9.06835463832554e-07,0.000258814879426504,-0.000670938303552514,9.94120329154177e-07,-1.61071731226924e-06,1.25281708696548e-05,-7.97318815418373e-07,8.60742175320815e-05,-6.76029105314255e-05,4.01207001050737e-05,-5.09316500300497e-05,0.000445675017283154,-7.98883422062366e-07,-7.85425551438951e-07,4.16189526246882e-05,-2.48497417608475e-05,1.85900191293254e-05,-0.00034813757692325,3.74669951893148e-06,-2.46302415784447e-05,7.64146116563203e-05,-1.85911210509808e-05,8.47855721422203e-05,-7.70729688138835e-07,2.16039472607124e-06,-7.48732499269787e-06,-4.89089220851764e-06,2.05775047196384e-06,1.75364303402081e-06,-1.79471425350502e-05,2.68400269675287e-06,-0.00126795468222776,-7.96160809320848e-05,5.53188258676663e-06,0.000433812596593881,-0.00110042298780801,-1.62275809573396e-05,0.000160708738909159,4.31927449811175e-05,-6.7719872497143e-06,-0.000116659605648593,-2.18415292077161e-07,8.80990309696465e-06,-8.98405439914855e-05,5.5137014168781e-08,3.84306814726579e-05,-3.61020405004089e-05,-8.39379136874053e-06,-1.00736224628377e-05,-1.18530374255005e-06,6.77449158094089e-06,-7.82388941864258e-05,-0.00184300390539864,-4.45706469386552e-05,2.99911043932943e-07,-6.40466038161333e-05,0.000251810352005178,-0.000613994674534267,1.34244155692397e-05,-0.00791718504515946,1.52702338875137e-05,-0.15066962822015,-4.09949239614147e-06,-0.000101262320420927,-7.67834373389571e-05,2.21026513790754e-05,-8.457476715154e-06,7.66689945068886e-06,-6.79888446057825e-06,0.00110704946192268,-0.000879092433524966,6.01638769162704e-05,-1.83673750206425e-05,9.64377580585758e-06,-1.50243815195137e-05,0.000186168976162757,0.000183593262921875,-8.82391331445204e-07,1.62378158004206e-05,-1.66775441249201e-06,3.58723623764154e-05,-2.70662164499623e-05,-0.000940895157091175,-6.91968292034241e-06,3.65497184414059e-05,-4.94274786599156e-06,-0.00472192785907411,4.11209319500861e-09,-4.4773614604685e-06,2.91954048644079e-05,1.05275825627291e-06,-9.16722464127905e-05,2.52746361640256e-05,0.0001500834163066,2.21122232877394e-06,-2.63599869055678e-05,-1.79849241722927e-06,-1.03848405221797e-08,0.0319180109817624,-5.5846703920997e-08,-2.58501851990682e-06,-1.82937112374634e-07,1.68857822405505e-08,2.05734084007207e-08,9.83753925779669e-07,1.28680191259534e-08,-2.9035742140398e-06,4.50673242328133e-10,-2.01447495220948e-08,2.50519671460619e-07,-3.21198282188827e-07,-2.27728321597212e-06,-3.25288461644492e-07,-3.59813999627819e-07,5.37932981125494e-08,-8.1297565181965e-06,-6.27949048530176e-07,4.75407761225957e-07,-3.65382717489706e-07,0.0004888551546113,6.44820023772449e-07,0.000152789997483816,2.43261299897577e-08,-5.15057405519044e-07,-9.68940876212416e-08,1.73442505346913e-08,1.12737154226287e-05,1.32677719207026e-07,2.77424371680077e-07,1.2315881524725e-08,-5.86380935227166e-07,-3.11217439588939e-05,-3.63403252917662e-06,1.54029143761652e-05,4.91953369834934e-06,-1.11070043787041e-06,-4.8260205267349e-09,-1.61229843644564e-07,-1.08000133762555e-07,-0.00117508963509036,0.000874929758282219,0.00463223928989679,2.21839605177903e-05,4.76687178164486e-05,-2.43826862470681e-05,-7.42449867147273e-06,-9.21578381147516e-10,-8.19264398262568e-08,1.3123961501767e-05,8.12936830917015e-06,1.2782180174608e-07,-1.39508009213584e-05,-2.38616459793123e-05,-0.0599800711216416,5.83312306072875e-06,-6.85876961168262e-08,-1.28045902239759e-08,-1.44867402887338e-06,-5.6387099015122e-08,4.47977378969313e-07,1.58410333826048e-08,-2.39971248284103e-07,-2.52803813967199e-12,-1.68846568691452e-08,-3.87621092233753e-10,-4.64569043655259e-09,-1.71444123334257e-07,2.75241357243036e-11,-5.03335788976558e-10,8.87401513812302e-11,3.90220359544004e-11,5.80909266245635e-08,3.49239417678331e-08,2.01623261625364e-08,-5.07967839357269e-08,-1.29832412751226e-08,-6.43380198413918e-08,2.97022075091393e-07,1.84500374552543e-08,1.78419771140977e-06,1.5852694854604e-08,7.99550452570357e-06,2.14442478245693e-06,-1.41970754170395e-07,-3.76893544262185e-08,-1.54216277905171e-06,-6.29493789712034e-07,0.0978302702447884,-9.39217346363444e-09,-1.78879693465337e-06,3.42969131644082e-17,-7.430692537711e-09,9.04592258768426e-08,-3.22493149913801e-09,1.26654543102086e-08,3.7630916410071e-07,-5.37009626271863e-09,1.48391654941355e-07,-7.15565792105965e-08,2.45897932768673e-07,-1.07749366440823e-08,2.40427308175765e-08,-1.15211242521894e-05,8.10963465171247e-09,-9.22143079840661e-07,5.52394054583466e-05,-6.38030125348333e-09,5.10085162096999e-10,-2.88188290428872e-08,4.10138689334346e-08,-6.67369145111964e-07,-4.29216991513864e-05,1.10787256486896e-05,-3.67460143063557e-06,0.034383765900418,4.29715015528172e-05,-2.94925390711677e-07,-4.7179891825219e-05,4.94657673244769e-06,-5.20952905700926e-08,-0.000470764146841614,-2.38799995246573e-06,-3.44399060174679e-05,-1.22189986355972e-07,0.623079400096513,1.95471934549652e-05,-9.20964380964474e-07,1.34294011732183e-06,-2.44907247786323e-06,1.69303478300501e-06,-1.1422844228624e-07,1.88417202415123e-05,-7.88555548402973e-08,1.25984961497832e-05,1.10713681258363e-16,-2.83599137695555e-05,-4.83539592394675e-06,-2.88663968589617e-11,-2.35732812725304e-07,3.29201760584492e-07,-1.99457264464413e-07,-5.60236372672972e-08,5.78168853627427e-09,-2.56371896940756e-07,9.67471287081969e-06,3.47615185386733e-06,-2.52479794431663e-08,1.33408970625453e-05,-4.44522648834403e-05,1.17416129686947e-06,-3.38358736449142e-05,2.73138163051599e-07,4.76342317721226e-07,7.34758851754746e-09,1.88525750942577e-05,-2.35114545979932e-06,1.03560958156043e-08,-3.2244978663996e-06,3.75132699847846e-07,-1.35962465012778e-06,9.7814886467056e-07,8.69554408795194e-06,4.40012553146087e-07,-1.395524670741e-07,-9.05827203307313e-07,9.14902091106351e-08,-4.21661614240939e-07,1.17374999685056e-06,4.70407654251195e-06,-3.6243315859188e-05,-1.55843269989664e-17,6.63248869747271e-08,3.62434222913596e-07,-3.57279027509956e-08,1.90821078331293e-05,2.04843002577117e-08,5.00593123996559e-06,1.99483846353001e-05,-1.55723639052628e-06,6.77287138975242e-06,1.82250329160196e-17,-9.14285135980442e-05,-4.13117466172001e-09,-1.85745296768404e-06,7.87202482079577e-08,1.53351176111082e-06,-1.05187441544804e-06,-1.86059923829075e-05,5.24925081639013e-06,-6.14526762883236e-07,4.88675443143382e-05,-1.98781574846624e-07,-2.31208001906978e-05,-3.63190238591246e-08,-8.31896292463933e-09,-0.000127557764478928,1.46850763663521e-06,-0.0386332687351253,-1.00242882592549e-15,4.33173239505347e-07,-1.95007118232145e-08,-5.58514200715484e-10,1.64158753746802e-09,-3.66275873219726e-06,-0.000422424590084577,2.99701959952883e-07,-1.21535285346735e-06,-9.1181890918423e-07,-3.4500231225862e-16,-2.15604755408976e-05,-8.43994790371544e-08,-8.11900777577142e-05,-7.21265390512108e-16,2.14874433368098e-05,4.1372379688872e-06,-8.83041355658321e-07,-0.018647272671392,-3.08835620961279e-05,-0.134582891262964,2.8925599324704e-05,-0.0580451423948014,4.33723743081831e-06,-1.41027569579462e-08,-4.96714667073536e-06,-1.49481632684594e-07,-1.76149545201014e-16,4.02450561672632e-08,-1.39008740021172e-06,-5.1738831728039e-07,2.62788337239362e-06,-4.56666967515447e-17,3.47130860062548e-08,-3.89686810386503e-09,3.47569257168208e-07,4.40660986654299e-09,1.37261453643683e-06,-9.7517884858979e-09,6.41301043589229e-08,2.77345895450378e-07,2.56083785414824e-16,2.35743188682108e-06,-1.16481370353175e-08,3.65776060688757e-08,4.31782908311653e-06,-5.71321318985002e-09,-1.28295497741291e-08,3.01841884819964e-16,-7.47820433444102e-17,-1.31354046898582e-08,-9.62792190715094e-09,1.28221877769856e-09,-1.51135201844895e-06,4.67878777965955e-16,-1.3689988404903e-06,-1.68449312874907e-08,4.20107086029278e-17,-6.45808604718866e-17,6.63695555621428e-17,2.32853124442351e-06,6.42164726717903e-08,-7.31707382721156e-08,2.29260380334192e-06,3.26663158342909e-07,6.23907555947957e-08,-2.71654203239282e-08,-3.98100049811076e-16,-6.31383761632358e-09,1.81012277936043e-08,3.78675362477851e-16,4.19197513469357e-16,-1.23817327881232e-08,-7.32613681641577e-10,-7.79341508389088e-09,2.02891147966018e-06,8.64437807235905e-09,-3.54712455580206e-07,-2.94939196035148e-17,-1.30415541388307e-07,3.30089940422531e-16,-0.000313061169297527,-1.210593040743e-15,-8.53316859462755e-09,-4.31480037344412e-16,4.29506408142188e-08,1.17051642765028e-08,0.0217647722086046,-7.60427789020084e-07,-1.7290989968059e-08,-5.49869054862367e-10,7.69015547854973e-09,4.33664644676412e-09,2.08182236783134e-06,7.31018843063477e-08,4.56424540461888e-09,-1.36546415741983e-08,-2.58187411306081e-06,-3.64890377464493e-07,-6.97164760803038e-09,-7.51962481296486e-19,6.69904424488185e-08,-1.17853062936829e-08,6.36355297112365e-09,-2.28916417893198e-16,1.19539402448219e-07,3.45234821702027e-07,1.11127063007789e-07,-7.2179157722912e-17,-2.70024719764894e-08,-1.53684954124651e-06,-6.31541278618817e-17,-1.92322043517391e-08,4.4057170522427e-08,5.51555576404624e-18,4.28392731716406e-16,-1.63600335665735e-09,-9.2505341751668e-07,-5.2893751684748e-09,-7.36895282987598e-06,2.07472872298013e-07,5.47522321147282e-09,9.55217586273497e-07,4.95826741487823e-08,-1.25786684356291e-06,9.55507374611475e-16,2.34252465540011e-10,1.71333733873442e-08,4.78809665572212e-08,2.55607706413006e-05,-2.43896971679463e-17,1.73608240981308e-16,6.15094168807922e-07,-1.61567415802881e-16,-1.60182276022341e-13,6.65171440442804e-08,-9.91231816209736e-08,-1.85646384672918e-08,-0.00363869873967135,3.57247484693956e-07,9.82874634964496e-08,1.41530813942804e-07,-2.19998433396551e-17,1.39642140175748e-06,3.85202198189642e-08,3.01143991766929e-07,-1.70086505476037e-08,6.80136685563364e-08,-1.94067827788335e-16,-2.74952588336429e-16,-1.36076492532058e-16,-6.38586689182993e-07,-2.9392172866394e-09,-1.90683192773283e-07,1.90361291948371e-16,-2.27828506550429e-09,-1.81292477465686e-17,-6.10701613168745e-17,4.03838659985916e-07,-1.01289275836358e-07,2.33970828822372e-16,-8.72711969659381e-07,-1.22153696332441e-08,1.32748074437431e-16,3.19620460851043e-08,-3.73252258250269e-16,0.00036972451457221,3.82499421490093e-15,0.00769665174055407,-3.89285413808267e-07,-5.38233677825083e-09,-3.48139502834164e-07,1.50724511330833e-07,-5.29763348786723e-09,2.02481613720876e-07,2.69893890736578e-16,1.29970907976545e-07,-7.37545124564671e-09,2.42744947427705e-16,-9.78099722380745e-10,-2.0145599717985e-08,4.71995743378424e-09,-3.12280294208882e-16,1.54867269799311e-08,2.05596679681575e-08,-3.70269549488177e-16,-5.73154557279387e-07,-4.36007149790091e-07,-5.99871041980303e-10,1.8952129440509e-16,-3.25947999995762e-16,1.09083400540331e-08,5.96923221554641e-07,2.08117127938699e-06,-4.73624507096696e-09,4.2410615928673e-07,-4.80399508090282e-17,1.72738636509972e-15,0.00109026803733684,-1.27639213501442e-09,2.58622948672103e-16,2.79787330825368e-06,-4.58260866080708e-17,8.66147463354562e-09,-1.49854413875021e-07,-2.0070969444189e-07,-1.33608776451116e-06,8.90839421837373e-17,-4.07013585747964e-17,-3.69841963218602e-16,-1.43260583580566e-16,-1.05266783830357e-09,-3.65566142366456e-09,-2.15736358093106e-16,2.94524239433437e-16,4.17777448432989e-17,5.16547687136973e-09,4.64910468605624e-11,-2.56968727897878e-09,1.56587686408451e-16,8.6871699070401e-18,-1.30971622436249e-16,-1.11434036897147e-07,3.41106840091388e-09,4.22895391862726e-17,6.00836288960717e-10,-1.57450891884538e-08,9.39932732578917e-17,-4.53296365293872e-16,-6.56343369798263e-06,-1.11079971346205e-10,-4.05023864762234e-05,1.69627125823592e-16,6.08432731953128e-09,9.84079181181427e-08,1.05840642331888e-07,-3.96098356608437e-07,-2.35219636752818e-08,3.83419654852569e-10,1.03252425011991e-16,5.74910646789165e-17,-2.214604005957e-16,7.34117555790798e-09,-6.64751260424433e-09,-2.59899694107441e-07,-1.98118132132298e-09,-1.2869378579216e-15,-4.72786264957236e-16,1.28362972557071e-15,-7.98950073535226e-18,9.79279992693036e-16,9.49613782745306e-09,1.11439929748145e-15,-6.67229423496332e-16,-2.7035438422724e-07,1.75709697182854e-16,-8.23313444845875e-07,2.98840675042553e-17,-1.76865908017492e-07,3.35588444229904e-16,-2.14746725746656e-07,-4.56123610856721e-08,-2.37484934480672e-08,6.84783796371847e-16,4.98833002512229e-06,1.83301333240433e-16,1.31586427878317e-07,-2.10008053346896e-08,1.16237434388978e-10,-1.22702100655535e-15,6.40944686918095e-07,-1.85491445746575e-17,-4.62354411665208e-08,-2.36047709319778e-08,1.09473377198071e-16,-5.17540320835721e-16,5.94158812292862e-16,-3.8209257337686e-16,-3.58706754623313e-09,-7.55735615007187e-06,-4.04322581264617e-08,2.45524618534117e-16,8.69810514975719e-16,-2.44974332808828e-09,1.99855785208963e-08,-9.59944944902761e-16,4.15622993383059e-16,-3.99741901103474e-08,-2.90600305747845e-16,-7.7505678165189e-07,-1.50142746575125e-15,7.11476280551272e-08,-2.93320608435332e-17,2.14526681243605e-15,-4.38903650911389e-16,-3.51691824281729e-15,-8.55954737195839e-16,1.08303729730412e-15,1.37429547284045e-09,-9.6120252021571e-09,1.28741172629787e-15,-6.39504095251087e-09,2.68940581192117e-07,-3.55074795745887e-15,-2.43591491684e-15,4.38705321885613e-16,2.4340257168547e-15,2.48364980957784e-07,6.74218368429364e-08,7.6219953298116e-16,4.37928819576695e-16,-4.85656480932677e-08,-1.56914211968601e-08,-2.37800460363131e-10,-2.64508043249114e-15,-2.23795862684501e-15,-2.27680570524776e-15,9.53516339982948e-15,-1.35616841214492e-14,-2.17429292215497e-15,1.75737165943503e-06,-3.91704075461313e-07,-0.00354904214433913,-7.2816110135769e-15,2.70096794170762e-14,-3.93942023951089e-14,2.52847747909434e-14,-2.8968740846531e-14,1.1849902066976e-13,-0.707106781186546,3.9567807013007e-15,5.59638602432126e-15,-2.24108536665608e-16,6.21885516693701e-15,2.39249395364362e-15,4.16195004794615e-15,-4.87749589426023e-15,9.09551395161776e-10,1.40790638337784e-15,3.86148153081889e-15,-3.41171211162555e-15,1.29012664245965e-08,-1.59612003449123e-08,-1.44762173330945e-15,-3.33193131940587e-10,1.18218256566348e-08,1.95881026147165e-16,1.61822869109628e-15,-2.28437243051766e-08,7.99333617508446e-16,2.92327453275444e-10,-1.22063122776816e-15,-5.0722528266165e-16,-3.37791096396485e-17,-2.83049025132825e-15,2.94173214154483e-08,-3.94023514979318e-08,2.9459585917428e-15,7.13505006009571e-16,-6.75590478406732e-17,-1.54990914017822e-15,-1.62473116557815e-15,-2.05443385346439e-15,2.69549976067047e-15,3.55243180407797e-16,4.77846492072041e-10,1.85721000279866e-16,-7.47920713618535e-17,-8.27771599196498e-16,-2.09764813956111e-17,1.02439930154111e-15,8.94912543574278e-16,-1.04037214250908e-07,1.72435741890807e-16,-1.07764372202224e-15,7.03965085325992e-09,1.21116707771843e-15,1.53381424260156e-15,-8.51773677815037e-16,-9.03076071663851e-16,5.88717275871985e-09,-9.76816765732217e-17,-4.44527668512566e-07,-8.01230076251339e-16,5.00434181269758e-17,1.22759504199373e-15,-2.95119831350554e-16,5.19484309381243e-16,-5.88908354657288e-16,7.04927105647811e-09,-6.96141489857398e-17,-3.68863496747278e-16,8.90741945937958e-10,-8.80516704083008e-07,1.66828193654471e-16,1.5163971253815e-07,3.49076987311592e-07,1.07602265319309e-16,6.14358363891443e-17,4.81712322790324e-16,3.53142298172684e-17,-3.74258807868776e-16,-5.87322340325023e-07,-4.65516725491112e-16,-5.31823181946364e-16,-4.71573784089429e-16,7.9634785177031e-07,-1.53909761788989e-16,7.43595193643231e-16,-5.5780015797175e-16,2.47469083314244e-16,-1.07239632028851e-07,-4.81713531702326e-17,1.86796194040312e-10,1.27591467043684e-16,1.13854548479357e-16,2.18986015376015e-16,2.46966699505212e-16,-6.12686325765839e-18,-9.83260727073138e-18,-1.75563949806944e-16,-3.24549468154486e-09,2.6660951183781e-16,-1.21239396413338e-16,1.36491127795421e-09,-3.28898412825355e-16,-2.81910666733205e-16,-5.65870127435602e-16,1.18842608331016e-16,5.98664001135021e-16,-5.96149315754624e-16,-9.90536298668198e-09,1.0027305300383e-16,5.5674299015801e-16,2.95094598463512e-09,-2.78844896603068e-17,3.30410216383126e-16,2.69337154092139e-16,-2.7173193286663e-17,2.88891641677009e-16,-3.37795983360453e-16,-1.96579471282308e-16,-3.01349101754308e-16,-4.23717710938527e-17,3.66089572878909e-16,5.80823309147422e-16,-1.55091256821315e-09,5.14399541745577e-09,2.92537656168436e-16,3.25220013662585e-17,-8.45795641279945e-17,2.93953795672091e-16,3.4184894498468e-16,2.45622584167275e-17,-2.15343142478541e-16,3.41135448449836e-16,-4.90851106022972e-09,-1.35085530111534e-16,3.3076497302138e-16,-1.22235212859774e-16,4.99612139125764e-16,5.71974992515931e-10,-5.19206943590963e-16,-9.07999361569328e-11,-1.58306062444127e-16,1.34224700163147e-16,-1.29096870105845e-16,2.15759726978609e-16,3.68991602297869e-17,-4.69183352563042e-16,1.52531315831028e-16,-6.202109441204e-16,3.80155146359194e-16,2.73917220838779e-16,-3.49800298328706e-16,4.98906155996359e-17,-8.53071450038715e-17,-3.19731684192564e-17,-2.85954904106323e-16,-1.47958730490158e-16,-2.70237715347028e-16,-2.13219826305043e-16,2.56749165333661e-16,2.8385902434667e-16,1.29198951884235e-15,6.665710142279e-17,1.49895685442143e-16,-4.57160468205392e-16,-7.48765110542726e-17,7.46031383245477e-09,1.94355136042871e-16,8.02839494005368e-17,-1.42492731029385e-16,-5.1469581507804e-16,2.73055458250859e-17,-9.35613802884363e-17,-1.80542935686981e-16,3.59591523437637e-16,1.10913438445071e-16,-3.38926071807499e-17,5.31259064517897e-18,5.03075221660713e-17,-3.20246239863913e-17,1.01202271222219e-16,-4.14209482569809e-17,2.43596239230306e-16,-1.57249087244599e-17,-5.68670967429314e-08,3.65679198584476e-19,-2.14217641055967e-16,3.08559815605992e-17,2.68175389820578e-16,-1.76273584060914e-16,-6.75930629703212e-17,9.49664413761074e-18,9.58447479705867e-17,-5.35023186685467e-17,1.30748683775684e-09,3.72181619949324e-16,1.81441383047079e-18,2.65425789803077e-16,-8.24115437619321e-17,5.2377439085358e-16,-8.38052504029006e-17,-1.4545015706199e-16,-1.4956524719423e-16,3.85063189254284e-17,-5.03720265120603e-17,1.83748058660239e-16,2.10240798807745e-17,-1.6381645681197e-17,3.4863712515516e-07,5.84624308231588e-17,1.2420262437351e-16,-1.10478879542684e-16,-5.04696111292002e-16,-1.81590879785242e-09,5.33764142698641e-17,-2.35623865697816e-16,1.30788688180315e-16,2.64589665934672e-17,1.68275862415856e-16,-5.64083641253424e-17,2.77400355503933e-16,5.07007389327917e-17,-3.73572780230383e-18,1.54691909398937e-16,3.08459640104517e-17,-5.73020719569398e-18,-2.37097653067516e-17,-1.94891935792329e-17,1.0796051460049e-17,3.61608126231637e-17,-2.14467368060584e-16
"t95",0.0358807491769657,-0.0105967851000865,-0.0115873559826054,0.000678579160087453,0.00619631566409354,-0.0165658472591683,-0.00232974309282976,-4.92484788190442e-06,-0.0427180856823802,-0.0193217487819636,0.146983764801333,0.00257910181376403,-0.00504989802243014,-0.00106633654593448,-0.0291142949165755,0.000696611292491681,0.000460586652176833,-5.61952519336727e-05,-0.0264048578029727,-0.0105868706807361,-1.95807361213767e-05,5.97282001217128e-05,-0.0357076543088172,-0.00118332086880195,9.20594768872602e-05,0.00319844851587585,-0.0576515435620597,-0.000702496664487935,0.00134874528986922,0.000185184269097553,0.00019049146775896,-0.003630001260969,-2.20525654084751e-06,0.00225880577945852,-0.00308172865518631,-0.000567991834169081,-2.60457247963351e-05,9.62337691148306e-05,0.0230171842244623,0.129720231881406,-0.000210030519145563,0.00451144803369839,-3.18604982919168e-06,0.00022221192070996,-7.75091490509477e-06,2.08110642905769e-07,2.91348090457069e-08,-9.24130230607721e-07,0.000263883513405139,-0.000684454437344543,1.01490121996655e-06,-1.64496389402312e-06,1.27952002575915e-05,-8.14672078958047e-07,8.80245359128561e-05,-6.91439343330134e-05,4.11364163631143e-05,-5.22571867682457e-05,0.000457311998418867,-8.21165068742527e-07,-8.0841719161586e-07,4.28662162974098e-05,-2.5608610333458e-05,1.91604074600216e-05,-0.000359195119972499,3.8693916219634e-06,-2.54915283415923e-05,7.916475238261e-05,-1.92690843204653e-05,8.79510816369078e-05,-8.03162143683319e-07,2.25951582087831e-06,-7.83534539491363e-06,-5.12435282652278e-06,2.1563003978223e-06,1.83858997815419e-06,-1.88204401520967e-05,2.81751503064435e-06,-0.00133419931868518,-8.38576787531309e-05,5.83647910392745e-06,0.000457869104967683,-0.00116465004882375,-1.71892438633531e-05,0.000170864047227853,4.59696178395515e-05,-7.21496996733894e-06,-0.000124312148713752,-2.32753183669008e-07,9.38929110787592e-06,-9.57878503609745e-05,5.90173233208993e-08,4.11503108841158e-05,-3.8753361737685e-05,-9.05013903116959e-06,-1.08687178204074e-05,-1.27889868991273e-06,7.32219855445577e-06,-8.46197858350902e-05,-0.00199831296291644,-4.84271938215501e-05,3.2592215988578e-07,-6.96159825881722e-05,0.000276415032566009,-0.000674507417679754,1.47563575860583e-05,-0.00871210206230524,1.68085131455307e-05,-0.165936885724056,-4.51858855343143e-06,-0.000111644382780593,-8.47914380239127e-05,2.44125070091751e-05,-9.38161722592194e-06,8.51260692387239e-06,-7.56447689138265e-06,0.00123286490046695,-0.000981556200051353,6.73479575985413e-05,-2.06008213415858e-05,1.08285800960186e-05,-1.69367430961303e-05,0.000210411291563781,0.000207520998214528,-9.97770123047802e-07,1.84110927699437e-05,-1.89139972359446e-06,4.07799296954571e-05,-3.09855968248381e-05,-0.00107722958199378,-7.92696111373848e-06,4.20756189671338e-05,-5.6955920375069e-06,-0.00544500546600269,4.75575327587222e-09,-5.18033028290298e-06,3.39961533128492e-05,1.23241816976226e-06,-0.000108128376509932,2.98181811835723e-05,0.000177297897458451,2.61395325396302e-06,-3.11951194602728e-05,-2.12927960595021e-06,-1.22949382369625e-08,0.0379038278893274,-6.67330623656174e-08,-3.10914346465359e-06,-2.20394309013169e-07,2.04188887672268e-08,2.48855214534174e-08,1.19165615067497e-06,1.56007491283682e-08,-3.52361759668755e-06,5.51935144342004e-10,-2.47081244695697e-08,3.07598522411733e-07,-4.04703721308871e-07,-2.88883044477989e-06,-4.13078873072851e-07,-4.59640846103943e-07,6.88026811972267e-08,-1.04804660819383e-05,-8.10311220713733e-07,6.18396051795469e-07,-4.79090413089749e-07,0.0006570284917104,8.67443270548211e-07,0.000205589094951958,3.28500053534453e-08,-6.9850409754625e-07,-1.31486076645125e-07,2.37411498985041e-08,1.54746442321279e-05,1.83233156277172e-07,3.83717802660999e-07,1.70479890747841e-08,-8.23866249730923e-07,-4.44438177497392e-05,-5.2047091677525e-06,2.21219911366061e-05,7.1253119913054e-06,-1.6140447344805e-06,-7.03610962657794e-09,-2.35802151911715e-07,-1.59660051887231e-07,-0.00174191802916004,0.00132933898435242,0.00704406009819972,3.4030274731442e-05,7.50040038728552e-05,-3.92459047270172e-05,-1.20489441493972e-05,-1.5145921750939e-09,-1.35960991366833e-07,2.2458584409324e-05,1.40095008151439e-05,2.23679667929652e-07,-2.46071230431562e-05,-4.50233445063141e-05,-0.11356838553744,1.14131077632245e-05,-1.38993965203734e-07,-2.86406322315255e-08,-3.24197545597838e-06,-1.27503402955304e-07,1.04727482048048e-06,3.79577127359795e-08,-6.18378390553432e-07,-7.2626145705241e-12,-5.40769984448857e-08,-1.29046076197306e-09,-1.92671330163376e-08,-8.43794152417093e-07,1.36175353750659e-10,-2.97420033595972e-09,1.30521652027174e-09,8.75261152655695e-10,-4.99642650277906e-07,-1.20282412760173e-07,-5.40157344640089e-08,4.84563595319386e-08,9.14633361211636e-09,3.0037199042841e-08,3.30503026559462e-08,3.89050138008336e-09,4.1874501391647e-07,1.14841262230733e-08,8.08380282387779e-06,2.8886589193515e-06,-2.14750316163272e-07,-6.39787066976478e-08,-2.91026649348691e-06,-1.22396351271886e-06,0.25225365891137,-2.93231149327546e-08,-7.0633185427075e-06,-2.50093388151904e-17,-4.52440740544864e-08,6.1482936260281e-07,-9.96832795660232e-08,-2.32973246547762e-07,-2.98176097603948e-06,4.11353073904087e-08,-5.53778636743796e-07,2.45219575016462e-07,-8.11870688305926e-07,3.02116788652627e-08,-6.10454011485756e-08,2.48416960962691e-05,-1.63602478799597e-08,1.81157414203804e-06,-9.46026646746741e-05,6.78440897753448e-09,-4.68959671930894e-10,2.36037852912303e-08,-2.64512802140957e-08,4.2334719577953e-07,2.3194246202373e-05,-5.47858293885217e-06,1.60199220249046e-06,-0.0143964523260285,-1.72451430381139e-05,1.11578044385524e-07,1.63467385779982e-05,-1.69666839458747e-06,1.4210429568026e-08,0.000127725312826992,6.43994795304911e-07,8.70930777744085e-06,3.01606202934013e-08,-0.14222973457255,-4.3966947145786e-06,1.2202860521162e-07,-1.66416644969756e-07,2.87294696007651e-07,-1.73934010876099e-07,1.04693265269327e-08,-1.28800929943197e-06,4.88932066556486e-09,-7.19372233213586e-07,3.43106377474498e-17,1.16394187610019e-06,1.88656780416372e-07,9.398604726755e-13,4.25423257871248e-09,-2.11288978118416e-09,2.29420414891697e-10,-7.83508989674835e-11,1.80007587030696e-10,-8.42645453327535e-09,3.22485453546976e-07,1.42372277594705e-07,-1.52685295028737e-09,8.47904697823425e-07,-2.91836488099831e-06,8.48809552817756e-08,-3.18470603788467e-06,2.78051267168069e-08,4.86925491291174e-08,7.52005316095567e-10,2.22381995044463e-06,-3.08008204516836e-07,1.37036121212501e-09,-4.32488276056322e-07,5.10586199918829e-08,-1.85823804619845e-07,1.37538628690688e-07,1.22479359208706e-06,6.21637410798825e-08,-1.97540604811859e-08,-1.2896968820287e-07,1.30965901331501e-08,-6.06047699704055e-08,1.68953328030229e-07,6.7858209923882e-07,-5.24424507984808e-06,3.43790288683668e-16,9.36741484420785e-09,5.08633737366701e-08,-4.95961413127591e-09,2.64798496821729e-06,2.84151531301615e-09,6.92359808912851e-07,2.74294554453466e-06,-2.12539407484676e-07,9.09081528231923e-07,3.44532854895223e-16,-1.17078012959878e-05,-5.25454278303419e-10,-2.32694264983766e-07,9.84325788197955e-09,1.83805736593614e-07,-1.22804447906836e-07,-2.08470646154035e-06,5.70068113090435e-07,-6.17984724207428e-08,4.51790553643645e-06,-1.72755501539817e-08,-1.93418927934439e-06,-2.96322065695183e-09,-6.47415767589081e-10,-9.8732316986185e-06,1.0963090320907e-07,-0.0028001641014309,-5.67761629384618e-16,2.38719465898275e-08,-9.99360373100944e-10,-2.86012657993508e-11,6.52198134180556e-11,-1.38925167793701e-07,-6.11147402542186e-06,2.18058808901586e-09,-7.08349609248664e-09,-2.39755423042893e-10,-3.46667381743045e-18,1.34825456943822e-07,7.36446694748938e-10,1.47682249218196e-06,-5.82563671817844e-16,-6.19722179667401e-07,-1.29977973304553e-07,2.89295666388557e-08,0.000663107116542898,1.24517220841737e-06,0.00591428672799258,-1.35417103469065e-06,0.00322087458123732,-2.45205339942194e-07,8.83847256626493e-10,3.66455980366941e-07,1.11144882808993e-08,7.1307482173593e-17,-3.91717244284779e-09,1.4108610526379e-07,5.73488086523149e-08,-3.29832050220055e-07,6.44998371296573e-16,-5.52758282857225e-09,7.82686726302946e-10,-7.68034232556358e-08,-1.01646848111944e-09,-3.32955048316573e-07,2.58889615238103e-09,-1.95657723671687e-08,-1.15911253140003e-07,-2.78371693022095e-17,-1.27112142041092e-06,6.41717497098637e-09,-2.10707557147665e-08,-2.64466177401171e-06,3.51576126441359e-09,8.03206961882918e-09,4.45823933326039e-16,-4.51674083930262e-15,9.07414828957347e-09,7.24028952866677e-09,-9.74452316230584e-10,1.23893435823199e-06,-2.02085276500577e-15,1.32448007217533e-06,1.75481507375649e-08,-6.44067268958494e-15,8.85101963232522e-16,-9.45573352390201e-17,-3.07032552271371e-06,-8.73140284473668e-08,1.10791300876405e-07,-3.81178857541473e-06,-5.49199857976203e-07,-1.16281411329308e-07,5.12469175466189e-08,4.06550927797879e-15,1.48745620523142e-08,-4.63553886157574e-08,7.7881788886105e-16,2.13318753139097e-15,4.56822134606314e-08,2.98857385168084e-09,3.67620856168821e-08,-1.06380915527638e-05,-5.68956594284715e-08,2.431193741171e-06,-3.31593063420735e-15,9.46743687012312e-07,-3.88623228392631e-15,0.00272427827471654,3.65499731175278e-14,8.64851470363579e-08,1.92296294801581e-14,-5.45974829880424e-07,-1.56669391393708e-07,-0.87104828100542,5.07491921061459e-05,1.59160418535138e-06,-8.23940786632082e-08,3.59324068876122e-07,8.04202162391259e-08,3.84076422101799e-05,1.14672704435049e-06,5.65486605301139e-08,-1.3330918235121e-07,-2.15415093702347e-05,-2.74224521537681e-06,-5.0011101804038e-08,2.10339225570526e-15,4.22935899495432e-07,-6.70383542259601e-08,2.88256527089004e-08,6.78816453337125e-16,5.13803410549906e-07,1.3825753817966e-06,4.32978246882694e-07,-2.11673044858185e-15,-1.03791168054665e-07,-5.61771655673169e-06,-3.83592221143135e-18,-6.87141844221304e-08,1.40378499689559e-07,-7.28648155533145e-16,-1.73120408655276e-15,-5.0311354550538e-09,-2.8364129077278e-06,-1.60043352742356e-08,-2.19752316161404e-05,6.01358779461591e-07,1.58355986527727e-08,2.75449313739798e-06,1.39362675258244e-07,-3.50120726716714e-06,6.24148085645593e-15,6.5186836007183e-10,4.76870831943563e-08,1.33434094945894e-07,7.14372301461184e-05,-8.65950371475305e-16,-1.27103914651002e-16,1.73076019587047e-06,4.26418846763064e-16,-5.19020433405918e-13,2.36983571408568e-07,-4.12453655278544e-07,-7.75909813410722e-08,-0.253899557764532,-6.53192930269883e-06,-1.36172617778878e-06,-6.45101557747011e-07,5.16030008015187e-15,1.48129755507916e-06,4.57276191983087e-08,3.67297717190502e-07,-2.27649146713759e-08,9.86930099545451e-08,7.44239409411725e-16,-9.21176167604175e-16,-2.03523093239008e-15,-9.67175806615155e-07,-4.4840897972749e-09,-2.9102059348412e-07,-3.03647154252743e-16,-3.4888406263728e-09,1.80342017780717e-15,-1.29831790040447e-18,6.15139226330905e-07,-1.54258334034434e-07,-1.07552855510562e-15,-1.32385587208006e-06,-1.84828990798966e-08,-3.93422320021485e-16,4.80892600435609e-08,-5.85438385018057e-16,0.000552204111664148,4.69755762333947e-15,0.011487535771467,-5.80714486669291e-07,-8.02424260982661e-09,-5.18586086431612e-07,2.24090154973277e-07,-7.81892305588838e-09,2.95747682153251e-07,-1.05873501991748e-16,1.87367676556156e-07,-1.061771786307e-08,-5.25747249040792e-17,-1.40546469410089e-09,-2.88504378397786e-08,6.73898686022359e-09,2.74412751253286e-16,2.18862041944598e-08,2.89971426636962e-08,-9.0789749089633e-17,-8.06226587087168e-07,-6.12508524612963e-07,-8.38657390204038e-10,-5.794176547838e-16,1.08340940861277e-15,1.50808184205116e-08,8.21396901181523e-07,2.86107273223857e-06,-6.38435725630961e-09,5.69921438867678e-07,-1.35679220081237e-16,1.56059584887677e-15,0.0014620261508545,-1.7111574710829e-09,6.48171107039453e-16,3.73766339245294e-06,2.79130169867541e-16,1.15318486512937e-08,-1.98606897210801e-07,-2.65921514449633e-07,-1.76796147199633e-06,2.25609875055539e-17,2.53131015125678e-16,2.28158048672885e-16,1.96305361110071e-17,-1.37756422129832e-09,-4.77969010486991e-09,-5.32973629303495e-16,2.4755683423211e-16,-4.68782168303922e-16,6.73217863026332e-09,6.05091854855351e-11,-3.33214677607622e-09,1.30886331888088e-16,2.13759945074526e-15,-1.16855310150488e-15,-1.42748662099497e-07,4.36784124526147e-09,3.9530214205674e-16,7.65842395740819e-10,-2.00324512553353e-08,-8.66082106412991e-17,-3.68939821663426e-16,-8.31515480347901e-06,-1.40679166959158e-10,-5.11684112721836e-05,4.77579754947778e-16,7.65539085349053e-09,1.23544615931587e-07,1.32471227185107e-07,-4.93731033542277e-07,-2.92878980094783e-08,4.76442176118139e-10,5.68153091172418e-17,6.82556048013961e-16,-2.40789402643612e-16,9.02067650316783e-09,-8.16695279162744e-09,-3.18863789865055e-07,-2.41403717547017e-09,-5.93665816356356e-16,5.46418581460172e-17,-1.50699912918436e-16,-1.94099622045492e-15,-1.87952174273809e-16,1.14907652396254e-08,2.29813173186009e-16,2.55266470940922e-16,-3.26272834693101e-07,-3.18686789260211e-16,-9.93462661102858e-07,-1.14129592906665e-16,-2.13367165688637e-07,7.05959536871147e-17,-2.57896906631082e-07,-5.47193913121011e-08,-2.84442957512388e-08,-3.42423161207891e-17,5.96294912711842e-06,-8.74506334010106e-17,1.56631118077523e-07,-2.48640070363979e-08,1.37588104235829e-10,2.28263517175145e-16,7.57066978124211e-07,-5.68945024066564e-17,-5.44320467423694e-08,-2.77849664062593e-08,-8.63675431531209e-17,-1.07331770875151e-17,-2.93294361499795e-16,1.33205299025402e-16,-4.21105236396333e-09,-8.86580117702035e-06,-4.73943111043027e-08,2.59037913538206e-16,-3.25395556243598e-17,-2.86070888476243e-09,2.33344525555311e-08,9.21025377965426e-17,-3.14946758093083e-16,-4.64606040759629e-08,1.72075172603471e-17,-8.99970647637094e-07,1.11627713549619e-16,8.23934044891682e-08,-4.25977521971211e-16,6.98172965354521e-18,1.56873795259247e-16,-1.32332530398738e-16,1.5461980034693e-16,-3.13001669470327e-16,1.5834266129109e-09,-1.10740219722634e-08,-1.64315584007988e-17,-7.35575557390651e-09,3.09142828062437e-07,2.3261577125399e-16,3.23556067659096e-16,3.46650864811787e-16,-1.70704279722519e-16,2.84790148273869e-07,7.7274365816746e-08,3.29224257473819e-17,-1.70345517845111e-16,-5.56385997667995e-08,-1.79757898342548e-08,-2.72375082676282e-10,-9.04981298438319e-18,2.43556146848339e-17,7.75513412304959e-17,-1.65575414851811e-16,8.98930455998671e-17,6.53353454856244e-17,2.04718834266549e-06,-4.66514875531232e-07,-0.00526343169965958,-1.66147929173168e-16,-1.75642220808906e-16,3.27225288086806e-16,1.78313605476784e-16,4.04199568574083e-17,-4.11329346186659e-16,-4.33822758648498e-16,7.4028240587031e-17,-7.17099181256317e-17,-4.82517804301882e-18,-1.28802951967534e-17,1.36787985951561e-16,2.50266578964164e-17,9.52654398146105e-17,1.01640108953398e-09,1.6244740753809e-17,-1.79770297040062e-16,-1.63842978374155e-16,1.44065448968716e-08,-1.78203354219731e-08,-6.56030971153433e-17,-3.71956686919366e-10,1.31838938663239e-08,-8.8403635222753e-17,-8.5033998330047e-17,-2.54409063968048e-08,-2.2305574315518e-16,3.24992368889285e-10,7.94946622881159e-17,-4.93616033124997e-17,1.06040642934492e-16,-1.40139719066465e-16,3.26106368749869e-08,-4.36709669185786e-08,1.18703986712528e-16,-2.12957290083606e-16,-4.83925760377254e-17,-2.85255928619259e-16,-9.90418684565508e-17,2.72769135522484e-17,-2.23480134004748e-17,-9.75041642433921e-17,5.24262212677157e-10,2.09154688613447e-16,-7.14431418468163e-17,-1.34045882007668e-17,1.50781781020439e-16,3.66994552471601e-17,5.89302735723894e-16,-1.13898089818337e-07,-5.82970261162976e-17,1.377815831728e-16,7.70385801212891e-09,-1.20741365611194e-16,-4.239408187465e-16,-3.80254632255797e-17,2.16457088852619e-16,6.41340429927552e-09,2.2661504059551e-16,-4.83873693698879e-07,1.94353111151921e-16,9.48962753651975e-17,-8.08566775313424e-17,-3.05606734512273e-16,-2.86885944676715e-17,-1.10301223132638e-16,7.66075589748269e-09,-1.66015346112656e-16,-3.26990794136163e-17,9.66813149116082e-10,-9.55655212264992e-07,4.35561551511422e-18,1.64406046489878e-07,3.78340443845197e-07,6.52249833724549e-17,1.26889862535811e-17,4.00697641644559e-16,-4.84332068960472e-17,3.57555746634479e-17,-6.33511717515001e-07,-3.898687131661e-17,-1.39860755581305e-16,6.52537164256571e-17,8.5793684130897e-07,-3.42715388095197e-16,1.3451568136227e-16,-3.01419895933075e-16,-3.83110883180904e-18,-1.15350504692931e-07,-1.03083177691764e-16,2.00827369792875e-10,7.68040631996219e-17,2.954652968747e-16,5.90610946259394e-17,2.11026344127796e-17,-7.39067381770655e-17,1.70129466573639e-16,-1.01254264745931e-17,-3.48040393869888e-09,-2.13179814288861e-16,-1.83540339912057e-17,1.46279008679946e-09,-8.13661955227171e-17,9.9630727672858e-17,2.18021647293878e-16,-1.01719033224748e-16,-1.13663973067906e-16,5.28641223576959e-17,-1.05951195867204e-08,1.22853965881657e-16,-1.62307385067705e-16,3.15372107623148e-09,-1.67995644882491e-17,5.97440282632307e-17,1.58396147095717e-16,2.444797960311e-17,-5.1230517513481e-17,-1.45570813469798e-16,-3.73182180361193e-17,1.9606474146525e-16,4.13069062562063e-17,1.95997478438891e-16,4.75341809429508e-17,-1.65231086102946e-09,5.47828107666631e-09,3.84238498452525e-17,-8.30028983310117e-17,-5.59575064964496e-17,4.94571061119156e-17,5.33969569949111e-16,-1.83392486033872e-16,-4.82311114903377e-16,6.4393621265633e-17,-5.21748642388505e-09,-8.85082429230159e-16,8.99177695496874e-17,-1.95713653350062e-16,-3.22615719187113e-16,6.07003852950475e-10,1.40645815380973e-16,-9.61890165728766e-11,1.78320325753993e-16,-2.38130969634335e-17,4.90881425030645e-17,3.60942397840976e-16,-1.87629423307786e-16,6.59320150565105e-17,1.71920355051975e-16,-1.54082251199473e-17,3.57549321888297e-17,1.29624856388938e-17,1.54665700662604e-16,1.11544041723623e-17,-2.32251528088699e-17,1.84134024071776e-16,-7.700241585775e-17,7.26813188130189e-18,4.98563534493996e-17,1.6123453002246e-16,-2.08566044802233e-16,2.06840556906384e-16,-7.63386749647044e-16,-1.35590377878794e-16,6.75382078929392e-17,-3.26959664994979e-16,3.4527869882402e-17,7.85308279251005e-09,-1.17120021703084e-16,-1.40725258190471e-16,-1.93822911291575e-17,-5.67723586831375e-17,9.24840600188162e-18,1.38678435964088e-16,2.19899885296807e-17,1.40642380365105e-17,6.25424009150395e-17,7.36642685574489e-17,-3.55726732792494e-16,7.56718076262338e-17,-1.80388175039922e-16,-1.27404811304054e-16,2.3303792111545e-17,1.9199749605445e-17,-6.77549863826556e-17,-5.96167994402767e-08,8.0467224311787e-17,-2.11808209133737e-16,2.33561640521883e-17,3.42519035019933e-17,-3.26083153116211e-17,3.89717101857493e-18,-1.85883950112404e-16,2.7220964619903e-17,-4.39943449127035e-17,1.36516314521085e-09,3.71113293334949e-17,1.00361398909718e-16,-1.43194723403058e-16,-1.14128215503943e-16,1.08263081199735e-16,5.11081636107124e-17,-1.38006094020994e-16,-2.39971269728912e-18,-4.93070390143777e-17,-6.16609248742217e-17,-9.60988373138919e-17,-3.74462444317784e-17,-1.39605662799e-17,3.62595873257474e-07,2.88682278024616e-17,-1.09660202608258e-16,-2.90634796613379e-16,-1.8323016715005e-16,-1.88527760222473e-09,8.04224307654746e-17,7.10650472406264e-17,-4.65214265997952e-17,3.87058897561387e-17,-9.02443644338466e-17,1.03318949024529e-16,2.03907227145917e-16,1.69521675831026e-17,5.18366760965685e-17,1.13998092278034e-16,2.94733861826391e-17,1.14205092541326e-17,4.16416162853686e-17,1.79811317837257e-17,1.26742904062046e-16,7.97195216385917e-17,-2.51393211012375e-16
"t150",0.0358910726985773,-0.0106032118620591,-0.0115946109019727,0.00067914866177661,0.00620268351549865,-0.0165858227003582,-0.00233260754266147,-4.93138498422422e-06,-0.0427850616818,-0.0193584869636455,0.147338396675388,0.00258677019053576,-0.00506535226613787,-0.00106964930333389,-0.029208689636229,0.000699003272606953,0.000462205991670695,-5.63964081312854e-05,-0.0265015672069227,-0.0106289997863793,-1.96650262858449e-05,6.0038633647737e-05,-0.0359036707717717,-0.00118985387823811,9.25697347324913e-05,0.00321702421001021,-0.0579903392811534,-0.000706662132122479,0.00135695793309063,0.000186516677587002,0.000191953463819506,-0.00365913485152361,-2.22424030190912e-06,0.00227917798829917,-0.00311095093254761,-0.000573810984171343,-2.631597433184e-05,9.72482662567376e-05,0.0232614931810276,0.1311177461603,-0.00021235875520548,0.00456267993718374,-3.22277424150868e-06,0.000224776423852709,-7.84194025487349e-06,2.10712078463543e-07,2.95058085663161e-08,-9.35999937088558e-07,0.000267354756597904,-0.000693689355063458,1.0290553804197e-06,-1.66825548820554e-06,1.2976771663517e-05,-8.26450063771186e-07,8.934346326451e-05,-7.01854968817628e-05,4.18160795367887e-05,-5.31417084078796e-05,0.000465074702862842,-8.35926803324097e-07,-8.23569583166966e-07,4.36860651397312e-05,-2.61063681060755e-05,1.95343363269426e-05,-0.000366415205889142,3.94921565247693e-06,-2.60474110064097e-05,8.09332908080808e-05,-1.97043297319326e-05,8.99771257985568e-05,-8.23586029356487e-07,2.32115935238893e-06,-8.05136016928448e-06,-5.26867987664714e-06,2.21719393041594e-06,1.89098689279055e-06,-1.93587329910953e-05,2.89953003694903e-06,-0.00137457759839335,-8.64349263690548e-05,6.02055718653748e-06,0.000472390186911879,-0.00120308580071735,-1.77632340355787e-05,0.000176857524623035,4.76034121259897e-05,-7.47478560514771e-06,-0.00012879818878678,-2.41157161422938e-07,9.72877872161722e-06,-9.92684492138772e-05,6.12625346363763e-08,4.27222836992987e-05,-4.0275027566981e-05,-9.42223194445022e-06,-1.13186297381751e-05,-1.33185562801158e-06,7.63062989449743e-06,-8.82067290184105e-05,-0.00208503576274483,-5.05688773358008e-05,3.40360041464116e-07,-7.27056535129768e-05,0.000289727635342468,-0.000707186404617773,1.54745890924154e-05,-0.00913962154471445,1.76352154702352e-05,-0.174131100768085,-4.74307977065658e-06,-0.00011720199957444,-8.90617413252864e-05,2.56436818446269e-05,-9.86921123819288e-06,8.95784755228856e-06,-7.9656161575674e-06,0.00129864541322272,-0.00103481109699486,7.10605198546611e-05,-2.1750017577518e-05,1.14367048348603e-05,-1.79099334845218e-05,0.000222679602617148,0.000219627524057033,-1.05610057835222e-06,1.95035094527246e-05,-2.00376314990914e-06,4.32333645335884e-05,-3.29171832043222e-05,-0.00114440843124834,-8.42271762863488e-06,4.47690907141101e-05,-6.06184883209947e-06,-0.00579629442733358,5.06668670439866e-09,-5.51964569727903e-06,3.62855327339992e-05,1.31725556930185e-06,-0.00011579450980356,3.19339888670551e-05,0.000189941370083772,2.8008333592161e-06,-3.34344681679833e-05,-2.28236816791154e-06,-1.31789243067754e-08,0.0406594492320483,-7.16918753931679e-08,-3.34530436964458e-06,-2.37225859840419e-07,2.199695187953e-08,2.68106015728197e-08,1.28425670481154e-06,1.68162616929348e-08,-3.79898373241995e-06,5.96265709756775e-10,-2.67012715565705e-08,3.3248800359284e-07,-4.39761613459973e-07,-3.14316475204842e-06,-4.49536636429988e-07,-5.00763679275391e-07,7.49753908137074e-08,-1.14371329422172e-05,-8.84432016260967e-07,6.75915033351229e-07,-5.24371091371378e-07,0.000722026939040753,9.5339428090033e-07,0.000225968306480284,3.61263649290169e-08,-7.68672124323823e-07,-1.4470809717594e-07,2.61624510441187e-08,1.70598410991419e-05,2.02182389989391e-07,4.23492841260525e-07,1.8817240239678e-08,-9.11260988621532e-07,-4.9265184513456e-05,-5.77149853789771e-06,2.45398768136574e-05,7.91252206680096e-06,-1.79310452944812e-06,-7.81984692510954e-09,-2.62167830879751e-07,-1.77740863781653e-07,-0.00193980471114465,0.00148449363214463,0.00786694401305258,3.80415404945435e-05,8.40649153925282e-05,-4.40839503574896e-05,-1.35446440425067e-05,-1.7045573592555e-09,-1.53145106870765e-07,2.53623687560427e-05,1.58297625567514e-05,2.53044848710248e-07,-2.78543382247231e-05,-5.12041629158389e-05,-0.129187894203717,1.3009004778572e-05,-1.58746701185485e-07,-3.28705772947472e-08,-3.7208683567354e-06,-1.46404296223431e-07,1.20420099157854e-06,4.3687928258547e-08,-7.1358779565515e-07,-8.40825626369722e-12,-6.27738481839511e-08,-1.4992364445484e-09,-2.24687344923549e-08,-9.86092765375647e-07,1.59149097466545e-10,-3.4817541461147e-09,1.53449463644545e-09,1.02986566350757e-09,-5.90533625469413e-07,-1.42610675239007e-07,-6.41130422074868e-08,5.77779951501438e-08,1.09178433672553e-08,3.58984439246438e-08,3.96472577999838e-08,4.67061199562849e-09,5.02804366997026e-07,1.38470152406307e-08,9.77208312368629e-06,3.50202989594835e-06,-2.60693614366112e-07,-7.77729715754208e-08,-3.54232153838688e-06,-1.49033323002522e-06,0.308204737851993,-3.59045261689614e-08,-8.66907933656236e-06,-9.21260360738386e-17,-5.57203301951721e-08,7.57715992122897e-07,-1.23443944284462e-07,-2.89598112349325e-07,-3.71821110693272e-06,5.13048964175906e-08,-6.94822658877842e-07,3.07988715943809e-07,-1.02016560175923e-06,3.80486993177932e-08,-7.69991727301264e-08,3.14227949671771e-05,-2.07206482795812e-08,2.29560526038977e-06,-0.000120225911795991,8.72991460570927e-09,-6.06190708361213e-10,3.06286329183071e-08,-3.46188265885034e-08,5.54410687662509e-07,3.05626798718506e-05,-7.24445465038674e-06,2.12916479649347e-06,-0.019165577437381,-2.29979793328052e-05,1.49162155915646e-07,2.1932767312184e-05,-2.27740950762067e-06,1.9256206728939e-08,0.000173115746055313,8.73071679742083e-07,1.18384579827521e-05,4.10374456400281e-08,-0.194135088795134,-6.00478003659235e-06,1.70004456474869e-07,-2.32371322357716e-07,4.01884592967605e-07,-2.44335026501516e-07,1.47570953378699e-08,-1.82981701074512e-06,6.96216928903859e-09,-1.02624796893593e-06,-1.29860159489313e-16,1.67119329208534e-06,2.71106839073337e-07,1.35463010545645e-12,6.17227446230048e-09,-3.08370798811686e-09,3.35789026435441e-10,-1.14840099793028e-10,2.68873192054361e-10,-1.26022200829739e-08,4.82458711861496e-07,2.14237340884319e-07,-2.33708726758143e-09,1.30180746296265e-06,-4.49019962795648e-06,1.31533027941673e-07,-5.07870580189605e-06,4.49116146465514e-08,7.87093426311287e-08,1.2158589796146e-09,3.71929200958091e-06,-5.38006682547364e-07,2.407860191043e-09,-7.66664678808085e-07,9.15112294313357e-08,-3.34194888757625e-07,2.5487117555489e-07,2.27498077777585e-06,1.15967308259355e-07,-3.696190793441e-08,-2.43737962740883e-07,2.50331333857442e-08,-1.17094710053254e-07,3.2800100864904e-07,1.32827957605187e-06,-1.04527796720329e-05,8.82673389242828e-17,2.12388769914813e-08,1.17059540805923e-07,-1.16822694709107e-08,6.24165960141503e-06,6.70281614682841e-09,1.64280676358023e-06,6.58194687348848e-06,-5.17036840682748e-07,2.27637465059005e-06,-1.34877415146162e-16,-3.15278656437136e-05,-1.42882261594510e-09,-6.46435910650986e-07,2.74164193806504e-08,5.41890770165463e-07,-3.74504959267639e-07,-6.6916068762104e-06,1.90036951415427e-06,-2.25461654520558e-07,1.81312299878562e-05,-7.42479077617879e-08,-8.66715171307083e-06,-1.36444515546133e-08,-3.13712706176026e-09,-4.81223950883465e-05,5.55445066525273e-07,-0.0146413292180646,-8.46843303978957e-16,1.6639876639182e-07,-7.51016103928311e-09,-2.15102156941843e-10,6.36556295175827e-10,-1.42169102571729e-06,-0.000165745798062113,1.17913150067192e-07,-4.78409551872437e-07,-3.59611531730588e-07,-3.43782560376534e-16,-8.52084126199562e-06,-3.33800165690102e-08,-3.2195685965005e-05,-5.8214652530677e-16,8.54320006402982e-06,1.6458881050317e-06,-3.51398771352792e-07,-0.0074250088876158,-1.23093310075789e-05,-0.0536790005743657,1.15433106701704e-05,-0.0231989801884848,1.73376519590622e-06,-5.64281243542104e-09,-1.9905175317066e-06,-5.99071728962915e-08,-5.24452402269303e-17,1.61687781667558e-08,-5.58679977444299e-07,-2.0808967337831e-07,1.05786960262471e-06,-3.11198926009449e-16,1.39902930844087e-08,-1.57060886692151e-09,1.40026492655522e-07,1.77478978610245e-09,5.52591433186728e-07,-3.92186083823388e-09,2.57310767392043e-08,1.10235151699934e-07,3.81899026700462e-17,9.24782534608129e-07,-4.56308024904869e-09,1.42859707872742e-08,1.67886271179222e-06,-2.22062061540215e-09,-4.97993591700149e-09,6.74807432154978e-16,-6.29241142872687e-17,-5.05646919909409e-09,-3.67632638674037e-09,4.89078128235299e-10,-5.7180405924449e-07,4.77227094099881e-17,-5.07332315577758e-07,-6.17640513078333e-09,-4.57849173142529e-16,2.5020416501069e-16,-3.07792087754027e-16,8.19850891240286e-07,2.24721955607168e-08,-2.50208306221785e-08,7.6658558405556e-07,1.08919972920593e-07,2.02324548540679e-08,-8.7787648209339e-09,-7.20947033723769e-16,-1.89691303115332e-09,5.26424050435161e-09,8.13869848998649e-17,6.52342634849896e-16,-2.97857247699221e-09,-1.64118333840628e-10,-1.54011045923895e-09,3.57769241603078e-07,1.06932047547709e-09,-4.01549961933876e-08,1.71561973426742e-15,-1.27376645224005e-08,2.86975854432165e-15,-1.35264852527851e-05,1.11049407516828e-15,8.50495666030854e-11,3.93856292759404e-16,-4.46978150895535e-09,-1.50320464780229e-09,-0.0232951770099923,1.52509231266212e-06,4.997334612697e-08,-3.05005423821595e-09,1.49424261569897e-08,4.10868245793076e-09,1.96523028808249e-06,6.16707194861135e-08,3.29073143917756e-09,-8.44514516094931e-09,-1.44368004340383e-06,-1.90506708008676e-07,-3.5275564222697e-09,1.36991974051331e-15,3.09694643861373e-08,-5.02276039732331e-09,2.15090941566549e-09,-4.38228909801348e-16,3.74963946588978e-08,9.54172539653208e-08,2.88939757356536e-08,-3.06177788944414e-16,-6.78923696224194e-09,-3.32137112867917e-07,-3.84722403579033e-15,-3.80440450954309e-09,3.00687250380102e-09,3.40532868480542e-15,-6.76828543749448e-16,-6.88108350865338e-12,1.89800642680115e-09,1.72657037015475e-10,5.27290930651371e-07,-3.61591584858131e-08,-1.00913796199773e-09,-1.89948934101311e-07,-1.9398567685314e-08,7.74999337106586e-07,-5.79132011443995e-15,-1.70065997765536e-10,-1.27935141513961e-08,-3.94624931776882e-08,-2.37401441742499e-05,-2.13557928417409e-16,-2.66852412236989e-16,-6.74798976096983e-07,-2.06835899280118e-15,5.00530084233698e-13,-2.86826593026771e-07,6.46550932984479e-07,1.22343531546162e-07,0.873342657528511,2.61119188760144e-05,5.63548517775318e-06,3.43213374374205e-06,-1.95564722113896e-14,5.54959973573293e-06,1.33549095646193e-07,1.00353537921681e-06,-4.79518813470858e-08,1.53935682053289e-07,-9.7508454253404e-16,3.09352315544305e-15,3.29643192774838e-15,-1.17157248213024e-06,-5.03874041191018e-09,-3.25342804236799e-07,2.11266950513678e-15,-3.67581545509473e-09,-3.28712600242676e-15,1.14252151457776e-15,5.45054978811256e-07,-1.36470917470456e-07,-7.32053306862213e-16,-1.13855767582611e-06,-1.56629925001274e-08,-6.96467998248557e-16,3.96720482701567e-08,-2.63833031304669e-16,0.000443250460918946,7.14044156993582e-15,0.00920044169859872,-4.64306800040514e-07,-6.40356387738305e-09,-4.12770314849082e-07,1.77355628424465e-07,-6.0699097485491e-09,2.24502870401544e-07,3.24706066997224e-16,1.3912857890726e-07,-7.86808475015117e-09,9.90888109805238e-16,-1.03876638421843e-09,-2.12264404525301e-08,4.93911744468015e-09,9.01308357626592e-16,1.58570365798139e-08,2.09667440361364e-08,-3.39938441867731e-16,-5.81462990081406e-07,-4.41215609535941e-07,-6.01571431423908e-10,1.49176581627503e-16,-7.40582614105016e-16,1.07263310621575e-08,5.82455816375304e-07,2.02761557363383e-06,-4.48069769943848e-09,3.9951831005353e-07,-6.20022663656995e-16,1.02273547556973e-15,0.00102412393011028,-1.19852598046151e-09,-4.54922325271912e-16,2.61492675121019e-06,-2.89967521964532e-16,8.05984777249872e-09,-1.3864532956677e-07,-1.85622574673047e-07,-1.23373511899911e-06,-1.81041730002945e-16,2.92623838511112e-16,-1.49374604605864e-16,-1.89610920132743e-16,-9.59322749120359e-10,-3.32811192669583e-09,8.48880076124652e-16,1.56115053113029e-17,1.32903263761122e-15,4.68574170485543e-09,4.21082487841168e-11,-2.31809825670359e-09,-3.17706040063283e-16,1.38180211630562e-15,5.65818008765873e-16,-9.92579899366399e-08,3.03710670938401e-09,-4.84431897799903e-16,5.32550299634512e-10,-1.39310303145081e-08,-1.21152801357265e-16,-9.2255753483247e-17,-5.78381999241305e-06,-9.78552056086681e-11,-3.55986668091611e-05,-7.68441412245437e-16,5.32794669410738e-09,8.60043202318576e-08,9.22529169002151e-08,-3.44033498607684e-07,-2.0411348413001e-08,3.32151236608638e-10,-1.97962363730122e-16,4.47052342388293e-16,4.07587620539326e-17,6.3025885817829e-09,-5.70632018659742e-09,-2.22863153815415e-07,-1.69010630385811e-09,2.24776753417429e-16,-3.2899891514715e-17,2.24291254331857e-16,-9.14594016791617e-16,-4.65649714345466e-17,8.06052363266658e-09,-5.55470254905434e-16,-2.6996241917746e-17,-2.29057025187138e-07,2.5589744669395e-16,-6.97482147359062e-07,-6.72965114880912e-17,-1.49810043216728e-07,-3.49403249098957e-16,-1.81337471066761e-07,-3.84889343629027e-08,-2.00182721385644e-08,2.73845819043064e-16,4.19940856849969e-06,5.56098430066726e-17,1.10475987012155e-07,-1.75732444426857e-08,9.72522902252123e-11,-6.32978369386807e-16,5.35578879958741e-07,-1.07982989551984e-16,-3.85599023123445e-08,-1.9684320085456e-08,2.7379753587437e-16,-2.73779497469563e-19,-5.5660436761217e-17,-9.38897339054583e-18,-2.98673818108217e-09,-6.2900861112888e-06,-3.36371145368402e-08,2.27179766314058e-16,3.00356549170774e-16,-2.03380572328631e-09,1.65907743370376e-08,1.39436298057044e-16,1.99599636967812e-16,-3.31050810294628e-08,-7.8455522553166e-17,-6.41565040617898e-07,-6.06507109349087e-16,5.8815854835781e-08,2.42827748417149e-16,-1.88845788911727e-16,1.32974753531568e-16,3.23450585661173e-16,1.45580824869832e-16,-4.47195047979247e-16,1.13346636173565e-09,-7.92742188672492e-09,-2.00494575760833e-16,-5.27082818861332e-09,2.21609748771301e-07,2.50945724915043e-16,1.53199784483832e-16,-2.62455821066403e-16,1.16505328686813e-16,2.04514686797773e-07,5.55156069560651e-08,-1.47467386075217e-16,-5.55354220357678e-17,-3.99904863862003e-08,-1.29209560920495e-08,-1.95822467457077e-10,-2.68687462935757e-16,9.77496136617164e-18,8.3506749829404e-17,5.10634710822686e-17,9.568757099055e-17,9.32932258780673e-17,1.4766985067914e-06,-3.366158092551e-07,-0.00379902453939676,-1.38557622229857e-16,2.54157915536845e-17,2.72090739935273e-16,-4.78289910945037e-16,4.50511743810203e-17,-5.58324155186109e-16,3.65382716636286e-16,2.72901274102294e-16,1.42309746812681e-16,-1.16831038286068e-16,-5.34239892175923e-19,-4.3893871911393e-16,-1.03379855853574e-17,-1.40604492427484e-16,7.37449811098679e-10,-1.02061212802403e-16,-1.51778407827128e-16,1.03828115455006e-16,1.04599002792026e-08,-1.29405565594154e-08,-1.92962448809388e-16,-2.70129703200436e-10,9.58281668381712e-09,1.00266121058253e-16,1.83518481753196e-16,-1.85115086432811e-08,2.74514847781935e-16,2.36779588623603e-10,6.00090092932564e-18,-6.27208018968639e-17,4.08150187815917e-17,-4.10816191720972e-16,2.38076541807191e-08,-3.18867410722971e-08,-1.89603753671211e-16,2.65702397033022e-17,1.01078517300733e-16,-3.22956374710132e-16,4.90601483049691e-17,-2.77859914692553e-16,-3.28290606193071e-16,1.37259140891411e-16,3.85523273703777e-10,-9.83704571040494e-17,1.33042206001009e-16,-2.45592652969866e-16,-7.80597542089133e-17,-1.47721443391279e-17,1.04951939996514e-16,-8.38840390795567e-08,4.32162786525548e-17,1.25631723922241e-16,5.67534969219583e-09,-1.20025663217083e-16,1.71735716010064e-16,4.18750666807499e-17,1.02076348366163e-16,4.74017776868907e-09,1.47469885401013e-17,-3.57842416457431e-07,1.83430187886116e-16,-2.97194278338971e-16,6.80397786320193e-17,-4.28143391101527e-16,7.53894274970897e-17,9.72543701617873e-18,5.67215772636673e-09,-3.33576607242099e-16,3.21484892698094e-17,7.16498382611106e-10,-7.08261568180023e-07,-2.61732870073505e-17,1.21941210968482e-07,2.80686880346644e-07,-1.98436399935284e-16,-4.99134487439417e-17,1.06791948620444e-16,-9.19707032763342e-18,1.72872149821287e-16,-4.71698463257983e-07,1.51759741175941e-16,-2.22003862752622e-16,4.77329367190965e-18,6.3939234104212e-07,-1.23299991261513e-16,-4.08884095625125e-17,2.55609327839655e-17,2.95404880889166e-17,-8.60720720164165e-08,2.08432561169596e-19,1.4990884597674e-10,-3.00055952088749e-17,1.85382816529927e-16,-6.26950508665448e-17,1.14722561837961e-16,1.36447321507011e-16,-1.4110500901935e-16,-4.4740470291031e-17,-2.60314777348453e-09,2.80342972805177e-16,-1.47224251982802e-16,1.09462271292084e-09,-1.32387102529787e-16,-3.95843034622509e-17,-2.88970099132765e-16,-2.50597583256691e-17,-2.13465784250356e-16,1.27076452609144e-16,-7.94066101681952e-09,-1.25959583032218e-16,-5.85056380887234e-17,2.36522506917506e-09,-4.276466262604e-17,-2.45809363317941e-16,-1.78440389471331e-16,-3.29848922492925e-16,-1.79006218470374e-16,2.4648110846862e-16,7.65676508052253e-17,-6.21661951170131e-17,-2.37717141955085e-16,-5.85710418207612e-17,-2.44090509734864e-16,-1.24233196668112e-09,4.12022824602398e-09,1.42227507070359e-16,1.99525547947512e-16,3.81626398649384e-17,1.74007981713414e-16,4.16008373582688e-16,-1.71914150660215e-16,1.37866056886403e-16,-1.29692549163083e-16,-3.930257741194e-09,-3.35762773092167e-16,2.9179336111159e-17,1.76154082452896e-16,-1.5380448462473e-16,4.57855766646738e-10,1.83830207516588e-16,-7.266244131576e-11,-7.68944702724095e-17,1.30340209340789e-16,-1.37221000697358e-16,-5.61246675306804e-17,1.61525415709763e-16,-5.11823007230399e-17,1.24262107771507e-16,-1.59876129147162e-16,-1.9720916870433e-16,1.74286049069967e-17,-4.37163681848547e-16,3.7811310015054e-17,8.27725820438129e-17,-1.88986030356679e-17,1.3031410100208e-16,-1.33233196035026e-16,-5.52824722826042e-17,-1.1920285875856e-16,-4.22029980454436e-17,3.08518601773137e-16,7.53520509877426e-18,3.16665177988796e-17,-1.86288638108621e-16,1.88989902005468e-16,1.36173776619654e-16,5.96462511525914e-09,-2.41192992785123e-16,-3.01007024853729e-16,2.70401880699002e-17,-1.00624222136122e-17,-6.93221040704148e-17,-1.79936385478542e-16,8.40878972078396e-17,1.365560409494e-16,7.04730339197953e-17,1.71627150327907e-18,-1.43656787854329e-16,-1.37036084925628e-16,2.54483500939526e-17,1.0071762525374e-16,3.01849554627089e-17,5.28674713755834e-17,7.7929952621488e-17,-4.54438982083029e-08,-5.17194121900567e-18,1.43884986224336e-16,2.10021027784132e-16,-3.60580086748534e-16,8.32685543503849e-17,-1.03113960106051e-16,-4.94594602476448e-17,-5.7146547996411e-17,-1.42506793620235e-17,1.0444286062641e-09,1.12601067252989e-16,-3.15869981073115e-17,-1.14272749874004e-16,3.00315888143295e-16,-2.04963942178631e-16,-5.82236107174197e-17,-1.0999892022356e-16,-2.1950233375056e-17,-2.34216862560965e-16,3.13073082692793e-17,9.0382432426785e-17,3.39346808838078e-16,1.49201461996262e-16,2.78409658777241e-07,2.02844288339306e-16,3.0072650376984e-16,2.21942429140784e-16,-2.42536025985007e-16,-1.44996522461186e-09,-5.0784601513081e-17,-3.44206906923878e-17,-1.05225542971776e-16,-4.71823170847501e-17,-1.40918584919041e-17,2.53118182105648e-16,1.68155227652085e-16,4.99185419024106e-17,-2.22399538947415e-16,-7.98091949366182e-17,8.47319425474801e-18,-1.95759543401893e-16,4.59105031418713e-17,-6.36400134352692e-18,4.0092470177419e-16,3.22768174697414e-16,-1.79980064231909e-16
"t313",0.0358998747030987,-0.0106086907716963,-0.0116007957826587,0.000679634128156426,0.00620811134886045,-0.0166028482483297,-0.00233504896043015,-4.93695646085306e-06,-0.0428421392308597,-0.019389791685901,0.147640522218562,0.00259330183971989,-0.0050785152141633,-0.0010724708522754,-0.0292890836793427,0.000701040328616407,0.000463585010307919,-5.65677073609198e-05,-0.0265839198205494,-0.010664870509218,-1.97367863290388e-05,6.03028330409312e-05,-0.0360704758260405,-0.00119541324002255,9.30039427850015e-05,0.00323282981248313,-0.0582786049748908,-0.000710206268277086,0.00136394514999965,0.000187649816916354,0.000193196593069533,-0.00368390386562915,-2.24037664776108e-06,0.00229649195211725,-0.00313578224740847,-0.000578754384688253,-2.6545542016454e-05,9.81099952184924e-05,0.0234690074568969,0.132304716906847,-0.000214336007724091,0.0046061843640198,-3.25395748309431e-06,0.000226953970343494,-7.91922521570275e-06,2.1292022695424e-07,2.98206938161971e-08,-9.46073937137731e-07,0.00027030052788521,-0.000701525362005716,1.04106352410912e-06,-1.68801417905242e-06,1.31308003442505e-05,-8.36440491482852e-07,9.04620073396151e-05,-7.10687909156226e-05,4.23921697648537e-05,-5.38913326331093e-05,0.000471653414356291,-8.48432643015857e-07,-8.36402946105142e-07,4.43803460997858e-05,-2.65278437716252e-05,1.98509514045534e-05,-0.000372527395378903,4.01677859758873e-06,-2.65177182289359e-05,8.2429296787136e-05,-2.00724723250904e-05,9.16905464211401e-05,-8.40844360762804e-07,2.37321593250903e-06,-8.2337621203749e-06,-5.39052458920916e-06,2.26860056688633e-06,1.93521679756186e-06,-1.98131073985257e-05,2.96874733987951e-06,-0.00140864205464181,-8.86088377175403e-05,6.17578567326512e-06,0.000484634743326838,-0.00123548202345227,-1.82469690212667e-05,0.000181905780350941,4.89793346153454e-05,-7.69355933863988e-06,-0.000132575495271292,-2.48233378321896e-07,1.00146253576641e-05,-0.000102198921824883,6.31518304273701e-08,4.40449964124802e-05,-4.15549695267636e-05,-9.73503002008766e-06,-1.16968119851131e-05,-1.37636942938791e-06,7.88982755224884e-06,-9.12208464417986e-05,-0.0021578857331838,-5.23674889449492e-05,3.52484864851257e-07,-7.53002674234009e-05,0.000300893874538455,-0.00073459416817731,1.60769254852689e-05,-0.00949811110343241,1.83284092518271e-05,-0.181001565155618,-4.93128753796778e-06,-0.000121861223338955,-9.26410992088837e-05,2.66756273081527e-05,-1.02777078309803e-05,9.33082335246754e-06,-8.30157347875624e-06,0.0013537315937057,-0.00107939573553904,7.41678265869318e-05,-2.27116684313881e-05,1.19455273917885e-05,-1.87238881563055e-05,0.00023293792238354,0.00022975046576656,-1.10487213234394e-06,2.04166662380399e-05,-2.09768626697896e-06,4.52836940130399e-05,-3.45303574964354e-05,-0.00120051278529802,-8.83672632929208e-06,4.70174394993084e-05,-6.36755183272117e-06,-0.00608948602897785,5.32613070291728e-09,-5.80276181851611e-06,3.81947014657429e-05,1.38797268187557e-06,-0.000122180883085238,3.36965605374625e-05,0.00020047292470357,2.9564895843424e-06,-3.52995102584184e-05,-2.4098639154566e-06,-1.39151285037489e-08,0.0429538655990526,-7.58188386310739e-08,-3.54175666015984e-06,-2.5122567576747e-07,2.33091825631571e-08,2.84113590029661e-08,1.36124905059502e-06,1.78268355048961e-08,-4.02790728122031e-06,6.330971361843e-10,-2.83570887277189e-08,3.53163637688541e-07,-4.68838178273459e-07,-3.35402484166853e-06,-4.79760756178146e-07,-5.34844022131851e-07,8.00906479184026e-08,-1.22295769446629e-05,-9.45825962727727e-07,7.23538028616487e-07,-5.61846301597273e-07,0.000775758092544589,1.02444298656987e-06,0.000242813962868451,3.883420130572e-08,-8.26653486978316e-07,-1.55633443317697e-07,2.81624235975764e-08,1.83690457391678e-05,2.1782847574555e-07,4.56332416031971e-07,2.02779452676036e-08,-9.83371854279298e-07,-5.32409266256182e-05,-6.23882841161892e-06,2.6533272585677e-05,8.56133260687698e-06,-1.94066667442667e-06,-8.46564689564158e-09,-2.83890832714684e-07,-1.92632486213002e-07,-0.00210277247092701,0.00161217046826217,0.00854407809878584,4.13414645970066e-05,9.15136125998794e-05,-4.80587577024619e-05,-1.4773213420976e-05,-1.86054626518499e-09,-1.67252451564848e-07,2.77445749046078e-05,1.73228418656723e-05,2.77124037926954e-07,-3.05165959350906e-05,-5.62652224806168e-05,-0.141976910007457,1.43150035521341e-05,-1.74902793627506e-07,-3.6325918458558e-08,-4.11206223038349e-06,-1.6184207141985e-07,1.33232800970983e-06,4.8365355245078e-08,-7.91252704347929e-07,-9.34193761963667e-12,-6.98574122022986e-08,-1.66924814766427e-09,-2.50734202413075e-08,-1.1017996692756e-06,1.77829534291534e-10,-3.89428360567595e-09,1.72065138022618e-09,1.15536738085625e-09,-6.64234863253311e-07,-1.60702370303765e-07,-7.22923291683937e-08,6.53207107420254e-08,1.23509078281706e-08,4.06385432450633e-08,4.49776538371607e-08,5.30083563428548e-09,5.70709970112252e-07,1.57539765051871e-08,1.11337972255375e-05,3.99642836016382e-06,-2.9771435616418e-07,-8.88848012516716e-08,-4.05131739440482e-06,-1.70482369276055e-06,0.353223740412993,-4.1197455860915e-08,-9.95979044699427e-06,-1.86472296474264e-16,-6.41347508057856e-08,8.72463554692747e-07,-1.42505151321175e-07,-3.34986196019216e-07,-4.30811593775072e-06,5.94505172312182e-08,-8.07651815282287e-07,3.58190498572645e-07,-1.18674005681772e-06,4.43130146000241e-08,-8.97472747726506e-08,3.66784046128949e-05,-2.42019084527212e-08,2.6820043268577e-06,-0.000140668562663264,1.02781391351844e-08,-7.15298947894308e-10,3.62096165348314e-08,-4.10967580443385e-08,6.58348667863045e-07,3.63991698288661e-05,-8.64225243620704e-06,2.54605294134458e-06,-0.0229358311509789,-2.75444269467374e-05,1.7885127520895e-07,2.63424043802659e-05,-2.73581380614742e-06,2.32321587907212e-08,0.000208880891655191,1.05356344924214e-06,1.43027724586895e-05,4.96018039763543e-08,-0.234981967078585,-7.27012786753006e-06,2.07624113041636e-07,-2.84068736823183e-07,4.91676096572214e-07,-2.99461239424534e-07,1.81126274871649e-08,-2.25327309439201e-06,8.58160925351882e-09,-1.26592585268074e-06,-1.01442325234262e-16,2.06695443455798e-06,3.35426029374866e-07,1.67783778136671e-12,7.6662448454017e-09,-3.83917515172059e-09,4.18525526290124e-10,-1.43216729155521e-10,3.37779974978722e-10,-1.58395415303469e-08,6.06473928276515e-07,2.69900705236511e-07,-2.96309451204456e-09,1.65235109650112e-06,-5.70373882259738e-06,1.6751449504262e-07,-6.53375444537678e-06,5.80313112588616e-08,1.01728213337917e-07,1.57156184222011e-09,4.86116745670283e-06,-7.12717834966809e-07,3.19543112254251e-09,-1.02008713732471e-06,1.2215101633455e-07,-4.4653235074512e-07,3.43424515811025e-07,3.06738553785209e-06,1.56545838511379e-07,-4.99360300633605e-08,-3.30181215701516e-07,3.40135077859945e-08,-1.59549479126639e-07,4.47476935999859e-07,1.81594205532632e-06,-1.43556235870278e-05,2.87978877830057e-17,3.00377843381902e-08,1.66067114184192e-07,-1.66507601381946e-08,8.89748874673598e-06,9.55627442697365e-09,2.34487813343961e-06,9.41544039141951e-06,-7.41564344356755e-07,3.28258834761223e-06,-3.6306818006593e-16,-4.60464075749009e-05,-2.09016784953757e-09,-9.48949645237125e-07,4.02633717967409e-08,8.028424438801e-07,-5.57604103153586e-07,-1.00343671012952e-05,2.86392153431371e-06,-3.4354218475614e-07,2.79169473194682e-05,-1.15103591618125e-07,-1.34888684955584e-05,-2.12871358069856e-08,-4.91585454875693e-09,-7.54441636971426e-05,8.73546531594185e-07,-0.023083130530243,-2.86044203457829e-16,2.67348334403744e-07,-1.21152758823448e-08,-3.47012227274292e-10,1.0390468746948e-09,-2.32480691045203e-06,-0.000277275127565113,1.98588590603919e-07,-8.06816886849551e-07,-6.0958549191945e-07,-8.74066447146117e-17,-1.45297735322236e-05,-5.7046858233142e-08,-5.54895826090171e-05,-3.77783804713162e-16,1.48625134420745e-05,2.86974016678334e-06,-6.13405521927582e-07,-0.0129924976182145,-2.16272541516132e-05,-0.0946047963452935,2.03936946595135e-05,-0.0412858733419242,3.08817658896703e-06,-1.01023466213394e-08,-3.59628925715575e-06,-1.08285917159184e-07,1.42518507112233e-17,2.97709553285339e-08,-1.0320686835982e-06,-3.87243688210145e-07,1.99115621980401e-06,-2.32757368272707e-16,2.70137739545386e-08,-3.12642697353812e-09,2.82763654531482e-07,3.60852107894062e-09,1.13292619227785e-06,-8.16886969982082e-09,5.50504771834911e-08,2.53660687834002e-07,-9.39538901907216e-17,2.29044839884776e-06,-1.13796972850172e-08,3.61531711587683e-08,4.33866080206835e-06,-5.74814015692531e-09,-1.2969310634275e-08,3.20923843055709e-16,1.62410947912271e-15,-1.36551590029959e-08,-1.02658437367217e-08,1.37159612040974e-09,-1.65554272742775e-06,1.03131775115755e-15,-1.58500725138893e-06,-2.00226088597164e-08,2.46461052707395e-15,-2.50454896758106e-16,-6.26181994113016e-17,3.03050066162551e-06,8.46362637050255e-08,-1.00947300077746e-07,3.29747902305403e-06,4.72233906225295e-07,9.46539258300666e-08,-4.14536754997246e-08,-1.27279977021522e-15,-1.07806613984508e-08,3.23289674960785e-08,-1.63616880178021e-16,-1.22734189877187e-15,-2.74067762687229e-08,-1.72888009216195e-09,-2.0251032661353e-08,5.6702364717104e-06,2.84590719406523e-08,-1.20358837783405e-06,8.8152806963915e-17,-4.62112995824209e-07,1.44452288104976e-16,-0.00127640340493172,-1.45726800852147e-14,-3.93082561493539e-08,-7.61924990379945e-15,2.38669587268313e-07,6.79466538205027e-08,0.339587505674213,-1.933181157973e-05,-6.00412001712368e-07,2.97805263776643e-08,-1.25067063259234e-07,-2.55828597772077e-08,-1.22080884154677e-05,-3.54278369994537e-07,-1.65668057993128e-08,3.62870455288357e-08,5.49857000769369e-06,6.64227171540697e-07,1.17975757009043e-08,-1.27506107489939e-15,-9.16431295967158e-08,1.3317486624569e-08,-4.31344495334936e-09,-7.63845006413991e-17,-6.98188575269956e-08,-1.59534954748376e-07,-4.62033554319009e-08,9.07947751707194e-16,1.06131828902984e-08,4.75379343129632e-07,1.64239079248896e-15,5.21849811497945e-09,-3.22431938458763e-09,-1.41018013320484e-15,1.40383775156107e-15,6.71960188788303e-12,-1.83878471561635e-09,-1.60900088011377e-10,-4.69565595685532e-07,2.90704005852735e-08,8.04176788741394e-10,1.49492337735908e-07,1.33245740569571e-08,-4.75965538947261e-07,1.07937747281794e-15,1.00081114736577e-10,7.47353399880029e-09,2.24630140499885e-08,1.30968137970389e-05,5.62931250939692e-16,5.55136371869729e-16,3.56528469724124e-07,6.86259874296828e-16,-2.10224534848154e-13,1.14222362771088e-07,-2.44560129105583e-07,-4.62264070442149e-08,-0.293793131105468,-8.64324135648555e-06,-1.85892226218449e-06,-1.10688008003016e-06,6.67351870423287e-15,-1.38543101545234e-06,-3.14174851116688e-08,-2.31394569642269e-07,9.96881974535836e-09,-2.59833947442835e-08,6.83526195347987e-16,-1.36617096401946e-15,-4.86065384642335e-16,1.37256167744579e-07,4.85466472222447e-10,3.0842111742382e-08,-1.34549065675666e-15,2.77756459002625e-10,4.39310859462415e-16,-5.86705692457886e-16,5.27566413227231e-10,-2.52906762212851e-10,4.88758339356465e-16,-2.14409482669277e-08,-4.45401913801023e-10,1.33859043785988e-15,1.88345179505119e-09,8.37223925002523e-19,3.07547481202519e-05,-8.16133058632215e-16,0.000656001027906252,-3.37923659139225e-08,-4.76717318125016e-10,-3.16822527450372e-08,1.45267406816027e-08,-6.11488681955333e-10,2.82268330232305e-08,-4.40764429546193e-16,2.15514937369616e-08,-1.242360657019e-09,-1.46216379503497e-16,-1.68127481743453e-10,-3.58639195721303e-09,8.65621051813122e-10,7.04211944671101e-17,3.10836052932806e-09,4.19356590304645e-09,1.19356901388076e-15,-1.19343797060626e-07,-9.1686682225556e-08,-1.30635665483673e-10,1.01807009695457e-16,-2.11634219515169e-17,2.55729737668754e-09,1.43937952331305e-07,5.04640015474986e-07,-1.2745518283001e-09,1.15829441701209e-07,-1.81773911049252e-16,1.01983742196328e-15,0.000300731128855948,-3.52506724919044e-10,-4.32281865113847e-16,7.85267390369457e-07,2.95829142371877e-17,2.46773024923335e-09,-4.35446498986127e-08,-5.84017674604074e-08,-3.90841741032402e-07,2.04264474037993e-16,-9.75315040926354e-16,1.40837222419757e-16,-3.45445824322343e-16,-3.22056038129617e-10,-1.12229512966063e-09,5.19531654963131e-16,-6.98484263516694e-17,-8.34911984989697e-16,1.60536588051847e-09,1.45244572771732e-11,-8.1389452438741e-10,-7.79987740128112e-16,-4.13216552988538e-16,-3.1078655274297e-16,-3.68550456675206e-08,1.1297409208494e-09,-2.27987394988418e-15,2.02109491447656e-10,-5.32867608469355e-09,-4.95533096498265e-16,1.32152605234253e-15,-2.25249801161201e-06,-3.81634443155454e-11,-1.40260004049723e-05,-2.4074368572284e-15,2.13431002132441e-09,3.47594693510687e-08,3.77379265584945e-08,-1.42998888953106e-07,-8.51963498600095e-09,1.39717503762921e-10,3.99357743721481e-16,2.36829802943519e-15,-2.34332162769359e-15,2.76332262155811e-09,-2.50339957139215e-09,-9.82601587842297e-08,-7.63468611611594e-10,1.37822993936774e-14,6.29885101245208e-13,5.44357056161051e-13,0.707106781186549,-3.96993350917796e-13,3.72934311801829e-09,-4.36849587283771e-14,7.44539939814585e-14,-1.06930560335046e-07,-2.75759263032336e-15,-3.25759201983926e-07,4.6780374079453e-15,-7.00244386445657e-08,-1.12463644508196e-14,-8.60454982517945e-08,-1.83271096137024e-08,-9.58245642457902e-09,-4.90431518554491e-15,2.02309709102629e-06,1.67856553632546e-15,5.39538513660241e-08,-8.72985014710038e-09,4.8347380409573e-11,-9.43524348946755e-16,2.68029922252208e-07,1.34203891346506e-15,-1.94967473294592e-08,-9.95777654519869e-09,-2.52891951582374e-15,1.80563241121515e-16,-7.86661754868771e-16,3.10184877720502e-15,-1.52343126335978e-09,-3.21525301154274e-06,-1.723668565314e-08,-1.76295619052312e-16,6.31698474725547e-16,-1.0543608563644e-09,8.6053122212628e-09,-2.71538974121766e-15,2.55980539401733e-15,-1.74114943525023e-08,5.59004626308186e-16,-3.38406800940243e-07,-1.39408301821027e-15,3.1280302673151e-08,-3.48214129160631e-16,-1.43594648465947e-16,8.9109315025881e-17,-9.50899204017139e-17,8.94414896443855e-16,-9.06243527693798e-16,6.12599278476516e-10,-4.28536470449579e-09,-2.47756728033366e-16,-2.8647726075241e-09,1.20718276541721e-07,4.34345038082997e-16,-1.09749337018249e-15,7.3665318374464e-16,-1.74730755355981e-15,1.12466008251473e-07,3.05951957194429e-08,-5.50487934565248e-16,1.83589499663962e-16,-2.20920350559964e-08,-7.140169716453e-09,-1.08324548276204e-10,1.48450943949754e-16,-7.36975410558764e-16,3.25677412480829e-16,4.54511661622546e-16,-7.10076622069132e-16,-3.25089157434002e-16,8.30472258261961e-07,-1.89591234270164e-07,-0.00214288362270034,-2.85981685559383e-16,7.04566899060541e-16,-3.14891010948607e-16,8.09624429908358e-16,1.72748477011905e-16,1.01101473659616e-15,-6.48749372136656e-18,-5.79601010675067e-16,-3.54491273991553e-16,1.2247171672753e-17,2.1489449620952e-16,-2.49445599550791e-16,-1.97813226742562e-16,-6.25006000601227e-16,4.26018150163052e-10,7.39824277446355e-16,-2.6209561686853e-16,4.94860476613221e-16,6.06088982160244e-09,-7.50348371771816e-09,1.16788337875227e-16,-1.56699855660278e-10,5.57928596046786e-09,-7.30773171491807e-16,3.3490367096696e-18,-1.08262426983146e-08,8.47601460463241e-17,1.39228017900601e-10,5.00002976417131e-16,-5.75134391592877e-16,-2.34289873254683e-17,2.84456695818389e-16,1.41158383019833e-08,-1.8916512446079e-08,2.97928382305499e-16,4.78375271630248e-16,3.88638859221841e-17,-4.23020641820374e-16,-3.89228579922296e-16,3.77141997695752e-16,8.4371063898157e-16,1.30519912758478e-16,2.35016810582915e-10,-1.39286137154532e-16,6.11631808380844e-17,1.89544604266086e-16,-3.97376641397106e-16,3.67013980693402e-18,6.82711553090383e-16,-5.14192615840173e-08,2.38803792512947e-16,-5.65064593349516e-16,3.48237446653703e-09,7.6280807443742e-17,2.03617290325572e-16,1.87280528948105e-16,-2.187271289063e-16,2.94226153089382e-09,-2.34949745212279e-16,-2.22562727760327e-07,-2.41037480963185e-16,3.94826130682927e-16,-2.13676420844649e-16,8.18268767156728e-16,-2.55811963785508e-16,3.34374435464341e-17,3.54218873429945e-09,-1.57655495720496e-17,5.27141044253603e-16,4.48820869704381e-10,-4.43729858216851e-07,-4.18681448541492e-17,7.65970283432216e-08,1.76456516487546e-07,-1.03591003662379e-17,-8.6821668477967e-17,-1.23302580234538e-16,-4.38240225445373e-17,7.96949903811963e-17,-3.00049757297666e-07,3.9767796095408e-17,-1.30065744310632e-16,-5.48143441765588e-16,4.07921054608439e-07,4.94759790203488e-16,-3.13361826559158e-17,5.62717674887928e-17,4.7689337652908e-17,-5.51240673371852e-08,-2.11038356458265e-16,9.6120729434946e-11,-1.18129661070854e-17,-1.20922863827982e-18,2.3034255501079e-16,3.47963416274718e-17,-1.25815914039279e-17,5.77780677488304e-16,2.52471397563336e-17,-1.67939468401079e-09,-4.31847546921217e-16,2.46661158010868e-16,7.07243789408887e-10,-1.21067837491755e-16,-2.12785578877424e-16,-3.61333702509227e-16,5.28320097067136e-17,-1.6053197790701e-16,-1.59031832396981e-16,-5.1544371935992e-09,2.57444150747288e-16,4.71690801571507e-16,1.53847210894573e-09,1.19691092823037e-16,1.78113642342627e-16,4.06058064211456e-16,4.66643040665561e-16,4.10030399688688e-16,3.44422798388077e-17,-8.25407427900987e-17,-8.07219318208223e-17,2.2663536223416e-16,4.29430250022239e-16,-3.22163247491778e-17,-8.14117122663436e-10,2.70241791761812e-09,-1.96140062155839e-16,1.82127314662439e-16,9.54266501881975e-18,-4.46257737767692e-16,5.86987056183652e-16,2.42340296680247e-16,-2.52414825268515e-16,-9.26640614846977e-17,-2.58954004295023e-09,-1.95895038660289e-16,-3.67267260002097e-16,1.62782114695769e-16,-5.45470269784609e-17,3.02813847257663e-10,-1.2974896680856e-16,-4.8259518079579e-11,5.47897245992974e-17,5.89163932736474e-17,-1.38243381698082e-17,-1.31135663217061e-16,3.47778903383734e-17,5.63664521908909e-17,-5.96243052341128e-17,1.31328493479335e-16,1.4665920604957e-16,1.66118203292041e-16,-1.09394363390543e-16,-1.97581123365901e-17,2.16199249343541e-16,-4.25600090744623e-16,-1.28396620627647e-16,2.74276123465028e-17,-6.50678760174584e-17,1.40654536698171e-16,7.0300623531718e-17,-1.8100093418212e-16,-9.60061023735914e-17,9.67037161196632e-17,-2.21521673634487e-17,1.38729209387729e-17,3.21443597604124e-18,4.02070592582343e-09,4.07008437757558e-17,2.50386980353028e-16,-7.53045794560894e-17,-1.45572273188876e-16,1.69126322960252e-16,-1.92546880029074e-17,-6.70584322301029e-17,1.18838234020462e-16,1.05132238051983e-16,1.21172776427209e-17,-2.65629532258949e-16,-1.16830091168658e-17,-2.06006334375135e-17,4.83999397438046e-17,-1.24898060216565e-16,-2.11299948465831e-16,-9.18930482654195e-17,-3.09255810667295e-08,5.69556497972097e-17,-1.58867994797504e-16,1.73044848449352e-16,6.84893612349453e-17,-7.59022232419908e-17,-5.12860155538605e-17,1.00933780717615e-16,-1.38002507805236e-16,4.3774535748744e-17,7.17445795176514e-10,1.90541953801648e-16,-1.75957946346882e-17,1.31590748345527e-16,-2.84653724431361e-16,-1.00780596961162e-16,-9.40889534537874e-17,2.1828431501667e-17,-1.33090537721094e-16,1.48126413468705e-16,-6.84913687476254e-17,5.44679959061364e-18,-1.05410577243786e-16,-4.10030148298973e-17,1.92975999654642e-07,-2.34849681911115e-16,-1.36471872551916e-17,-1.38492238441299e-16,-4.34981911601184e-16,-1.00911302663511e-09,-7.94870977334015e-17,4.92831039565287e-17,-1.26521808861566e-16,-1.38275312794578e-16,-1.06017455803379e-16,1.52016671080563e-16,1.28910676200945e-16,2.45474514987605e-17,1.68553453806267e-17,1.73238200358638e-17,1.79931599337031e-18,2.40616035575828e-16,-5.39924247794951e-18,3.76468235412683e-17,1.70883447303172e-16,1.26527260768859e-16,-2.34097724932774e-16
"t314",0.0358998747030987,-0.0106086907716963,-0.0116007957826587,0.000679634128156425,0.00620811134886045,-0.0166028482483297,-0.00233504896043015,-4.93695646085096e-06,-0.0428421392308597,-0.0193897916859011,0.147640522218562,0.00259330183971989,-0.00507851521416331,-0.00107247085227539,-0.0292890836793427,0.000701040328616405,0.000463585010307928,-5.65677073609074e-05,-0.0265839198205495,-0.010664870509218,-1.97367863290272e-05,6.03028330409315e-05,-0.0360704758260405,-0.00119541324002255,9.30039427850067e-05,0.00323282981248314,-0.0582786049748908,-0.00071020626827707,0.00136394514999967,0.000187649816916353,0.000193196593069538,-0.00368390386562915,-2.24037664770882e-06,0.00229649195211726,-0.00313578224740846,-0.000578754384688283,-2.65455420164567e-05,9.81099952184276e-05,0.0234690074568969,0.132304716906847,-0.000214336007724098,0.00460618436401981,-3.25395748307598e-06,0.000226953970343501,-7.91922521570947e-06,2.12920226910555e-07,2.98206938598083e-08,-9.4607393709357e-07,0.000270300527885177,-0.000701525362005798,1.04106352412045e-06,-1.68801417903913e-06,1.31308003442615e-05,-8.36440491477214e-07,9.0462007339608e-05,-7.10687909155891e-05,4.23921697648884e-05,-5.38913326331127e-05,0.000471653414356184,-8.48432643011873e-07,-8.36402946105177e-07,4.43803460997902e-05,-2.65278437716252e-05,1.98509514045115e-05,-0.000372527395378894,4.01677859757888e-06,-2.6517718228939e-05,8.24292967871356e-05,-2.00724723250541e-05,9.1690546421146e-05,-8.40844360732879e-07,2.37321593250512e-06,-8.23376212036425e-06,-5.39052458923552e-06,2.26860056691133e-06,1.93521679756098e-06,-1.98131073985341e-05,2.96874733989443e-06,-0.00140864205464184,-8.86088377175414e-05,6.17578567327283e-06,0.000484634743326895,-0.0012354820234523,-1.82469690212802e-05,0.000181905780350938,4.89793346153748e-05,-7.69355933867111e-06,-0.000132575495271282,-2.48233378336177e-07,1.00146253576676e-05,-0.000102198921824872,6.31518303918083e-08,4.40449964124525e-05,-4.15549695268222e-05,-9.73503002006701e-06,-1.16968119850837e-05,-1.37636942938119e-06,7.88982755223375e-06,-9.1220846441783e-05,-0.00215788573318378,-5.2367488944961e-05,3.52484864870175e-07,-7.53002674233842e-05,0.000300893874538464,-0.000734594168177313,1.60769254852483e-05,-0.00949811110343242,1.83284092518387e-05,-0.181001565155618,-4.93128753801793e-06,-0.000121861223338928,-9.26410992087931e-05,2.66756273082524e-05,-1.02777078309923e-05,9.33082335245679e-06,-8.30157347873126e-06,0.00135373159370573,-0.00107939573553908,7.41678265869056e-05,-2.27116684314232e-05,1.19455273918238e-05,-1.87238881562771e-05,0.000232937922383565,0.000229750465766578,-1.10487213239089e-06,2.0416666238066e-05,-2.09768626689526e-06,4.52836940130558e-05,-3.45303574964486e-05,-0.00120051278529794,-8.83672632928546e-06,4.70174394993684e-05,-6.36755183267177e-06,-0.00608948602897803,5.32613076663184e-09,-5.80276181850473e-06,3.81947014657461e-05,1.38797268186996e-06,-0.000122180883085271,3.36965605375126e-05,0.000200472924703581,2.95648958438885e-06,-3.52995102584564e-05,-2.40986391544912e-06,-1.3915128536502e-08,0.0429538655990526,-7.58188386506133e-08,-3.54175666016134e-06,-2.5122567575015e-07,2.33091825316369e-08,2.84113589986293e-08,1.36124905056783e-06,1.78268356624578e-08,-4.02790728128427e-06,6.33097159940676e-10,-2.83570887473631e-08,3.53163637792275e-07,-4.68838178202348e-07,-3.35402484165924e-06,-4.79760756219039e-07,-5.3484402213424e-07,8.00906479250161e-08,-1.22295769446602e-05,-9.45825962777939e-07,7.23538028637233e-07,-5.6184630165735e-07,0.000775758092544583,1.02444298654664e-06,0.000242813962868433,3.88342013222625e-08,-8.2665348700935e-07,-1.55633443273607e-07,2.81624236996185e-08,1.83690457391687e-05,2.17828475774307e-07,4.56332416049274e-07,2.02779451859512e-08,-9.83371854267441e-07,-5.32409266256163e-05,-6.23882841155992e-06,2.65332725856462e-05,8.56133260681031e-06,-1.94066667439702e-06,-8.4656468321998e-09,-2.8389083270075e-07,-1.92632486195734e-07,-0.00210277247092706,0.00161217046826212,0.00854407809878581,4.13414645969228e-05,9.15136125998603e-05,-4.80587577023729e-05,-1.47732134208996e-05,-1.8605462652315e-09,-1.67252451549493e-07,2.7744574904594e-05,1.7322841865732e-05,2.77124037853662e-07,-3.05165959351084e-05,-5.62652224805334e-05,-0.141976910007457,1.43150035521551e-05,-1.74902793601218e-07,-3.63259183563486e-08,-4.11206223036822e-06,-1.61842071342408e-07,1.33232800969262e-06,4.83653553344163e-08,-7.91252704157732e-07,-9.34196778045498e-12,-6.98574121112237e-08,-1.66924822581831e-09,-2.50734203287916e-08,-1.10179966928395e-06,1.77829569844358e-10,-3.89428357827278e-09,1.72065145202244e-09,1.15536737856691e-09,-6.64234863176506e-07,-1.6070237028321e-07,-7.22923292407254e-08,6.53207108420558e-08,1.23509078078523e-08,4.06385432610535e-08,4.4977653860371e-08,5.30083564476432e-09,5.70709970053261e-07,1.57539764904616e-08,1.11337972255794e-05,3.9964283601632e-06,-2.97714356164475e-07,-8.8884801223854e-08,-4.05131739457821e-06,-1.70482369265308e-06,0.353223740412993,-4.11974555971029e-08,-9.95979044700826e-06,-1.74045140294533e-16,-6.4134750769981e-08,8.72463554627261e-07,-1.42505151322439e-07,-3.34986196118714e-07,-4.30811593807678e-06,5.94505172936998e-08,-8.07651815417935e-07,3.58190498858915e-07,-1.18674005690774e-06,4.43130147730257e-08,-8.97472748842461e-08,3.66784046128705e-05,-2.42019084252538e-08,2.68200432686569e-06,-0.000140668562663253,1.02781390950818e-08,-7.15298812856927e-10,3.62096165328423e-08,-4.10967579492994e-08,6.58348667810032e-07,3.63991698291779e-05,-8.64225243616812e-06,2.54605294130712e-06,-0.0229358311509788,-2.75444269467221e-05,1.7885127507703e-07,2.63424043802563e-05,-2.73581380621738e-06,2.3232158730777e-08,0.000208880891655268,1.0535634492913e-06,1.43027724587062e-05,4.96018039677835e-08,-0.234981967078584,-7.27012786768663e-06,2.07624112903834e-07,-2.8406873683785e-07,4.91676096534647e-07,-2.99461239257058e-07,1.81126276856683e-08,-2.25327309454261e-06,8.58160902212092e-09,-1.26592585257576e-06,2.11654442747612e-17,2.06695443459049e-06,3.35426029485512e-07,1.6779306973313e-12,7.66624481861069e-09,-3.83917540065221e-09,4.1852543441184e-10,-1.43216788068727e-10,3.37780165465228e-10,-1.58395413085807e-08,6.06473928362338e-07,2.69900705214469e-07,-2.96309466132239e-09,1.65235109645936e-06,-5.7037388223975e-06,1.67514495114664e-07,-6.53375444539694e-06,5.80313112913877e-08,1.01728213183907e-07,1.57156172228435e-09,4.86116745671041e-06,-7.12717834916452e-07,3.19543113728463e-09,-1.02008713736995e-06,1.22151016173064e-07,-4.46532350826282e-07,3.43424515963144e-07,3.06738553774407e-06,1.56545838389536e-07,-4.99360300903331e-08,-3.30181215738978e-07,3.40135077591162e-08,-1.59549479075221e-07,4.47476935764245e-07,1.81594205514783e-06,-1.43556235870129e-05,-1.4668067155125e-16,3.00377842059353e-08,1.66067114361463e-07,-1.66507601854658e-08,8.89748874695837e-06,9.55627431939286e-09,2.3448781336264e-06,9.415440391506e-06,-7.41564344213261e-07,3.28258834785103e-06,-4.02532470656177e-16,-4.60464075748381e-05,-2.09016767173392e-09,-9.48949644897445e-07,4.02633716736383e-08,8.02842444140833e-07,-5.57604103228413e-07,-1.00343671012071e-05,2.86392153414596e-06,-3.43542184762679e-07,2.79169473193954e-05,-1.15103591612493e-07,-1.3488868495328e-05,-2.12871356311896e-08,-4.91585461524563e-09,-7.544416369678e-05,8.73546531858976e-07,-0.0230831305302432,-9.50280453983829e-17,2.67348334386973e-07,-1.21152758905847e-08,-3.47012105889442e-10,1.03904652698225e-09,-2.32480691056533e-06,-0.000277275127565217,1.98588590748842e-07,-8.06816886778573e-07,-6.09585492199331e-07,-2.31733129844302e-16,-1.45297735323087e-05,-5.7046858319952e-08,-5.54895826091467e-05,-2.49802337005313e-16,1.48625134420454e-05,2.86974016697891e-06,-6.13405521794053e-07,-0.0129924976182147,-2.16272541514233e-05,-0.094604796345294,2.03936946594075e-05,-0.0412858733419238,3.08817658938734e-06,-1.01023468809524e-08,-3.59628925695023e-06,-1.08285917065365e-07,-2.73806702798897e-16,2.97709553011059e-08,-1.03206868360948e-06,-3.87243687944207e-07,1.99115621978547e-06,-7.06884580768816e-17,2.70137740125114e-08,-3.12642696589449e-09,2.82763654312099e-07,3.60852091546318e-09,1.13292619215088e-06,-8.16886974025891e-09,5.50504773022253e-08,2.53660687764245e-07,4.70947732573076e-16,2.29044839898901e-06,-1.13796971677608e-08,3.61531710945516e-08,4.3386608020693e-06,-5.74814049518203e-09,-1.29693107248992e-08,4.02455846426619e-16,1.53854552490929e-15,-1.36551589719367e-08,-1.02658439489679e-08,1.37159589593336e-09,-1.65554272745654e-06,1.230547870309e-15,-1.58500725136217e-06,-2.00226086506699e-08,2.75437022973566e-15,-2.52658954968314e-16,1.00949234857829e-16,3.03050066184525e-06,8.46362639563799e-08,-1.00947299944854e-07,3.29747902271762e-06,4.7223390629752e-07,9.46539253688019e-08,-4.14536755367048e-08,-1.10984526436736e-15,-1.07806606681293e-08,3.23289673152625e-08,-3.43813237130738e-16,-1.48246365093429e-15,-2.74067763050903e-08,-1.72887987411932e-09,-2.02510328490727e-08,5.67023647203882e-06,2.84590714948662e-08,-1.20358837797062e-06,8.65308924201494e-16,-4.62112995772547e-07,6.35011735712477e-17,-0.00127640340493199,-1.4782852676351e-14,-3.93082565752785e-08,-6.95274232479518e-15,2.38669587092193e-07,6.79466546757272e-08,0.339587505674215,-1.9331811579515e-05,-6.00412001506093e-07,2.97805266719542e-08,-1.25067064038693e-07,-2.55828597832324e-08,-1.22080884154382e-05,-3.54278369766977e-07,-1.65668057997094e-08,3.6287045803888e-08,5.49857000796742e-06,6.64227171360809e-07,1.17975751879438e-08,-1.67543090968891e-15,-9.16431294530466e-08,1.33174861659183e-08,-4.31344563597491e-09,7.54953680170182e-17,-6.9818857028644e-08,-1.59534955057986e-07,-4.620335518203e-08,9.86311402975234e-16,1.06131832212676e-08,4.75379343174445e-07,1.38151361051399e-15,5.21849840466427e-09,-3.22431937489921e-09,-1.13752624786959e-15,7.04876853674308e-16,6.719854430152e-12,-1.83878526306772e-09,-1.60900027513051e-10,-4.69565595465076e-07,2.90704005456753e-08,8.0417688579393e-10,1.49492337345228e-07,1.3324574511923e-08,-4.75965538797864e-07,1.17494989432254e-15,1.00081409640594e-10,7.4735341489858e-09,2.24630137659829e-08,1.30968137963894e-05,2.15705282526261e-16,-3.06956541318131e-16,3.56528469038346e-07,6.96183818754291e-16,-2.09782078279099e-13,1.14222362975218e-07,-2.44560128846485e-07,-4.62264070402082e-08,-0.293793131105469,-8.64324135711993e-06,-1.85892226224469e-06,-1.10688007950197e-06,6.87448800076718e-15,-1.38543101541127e-06,-3.14174850948981e-08,-2.31394569293474e-07,9.96881928229589e-09,-2.5983393689119e-08,-3.58633344175726e-16,-8.34652638510052e-16,-3.45135984316019e-16,1.3725616802663e-07,4.85467558538145e-10,3.0842111821731e-08,-7.13051084754833e-16,2.77756173454925e-10,1.13393208631956e-15,-5.07076937636719e-16,5.2756632318209e-10,-2.5290691547827e-10,1.00440489259057e-15,-2.14409481974051e-08,-4.45402107670811e-10,3.08218903238175e-16,1.8834523415471e-09,5.44157564099197e-16,3.07547481196113e-05,-1.48402038431548e-16,0.000656001027903379,-3.37923664199831e-08,-4.76717407903059e-10,-3.16822522427201e-08,1.45267409527233e-08,-6.11486872855588e-10,2.82268334962766e-08,2.56182364949602e-16,2.15514910913619e-08,-1.24236079659379e-09,-5.50088170151173e-16,-1.68127846346853e-10,-3.5863918647927e-09,8.65621157227994e-10,-1.08262466791198e-15,3.10835940047476e-09,4.19356624654397e-09,-8.9753340767373e-16,-1.19343795177371e-07,-9.16866819273967e-08,-1.30634842906105e-10,2.46332297585477e-16,-2.13578778283005e-16,2.55729900816716e-09,1.43937953604303e-07,5.04640014370259e-07,-1.2745508433521e-09,1.15829441327438e-07,9.04091873411928e-16,2.04544905751431e-16,0.000300731128856898,-3.52506247461119e-10,4.23752944957197e-16,7.85267391562161e-07,1.40293625636701e-16,2.46772919722269e-09,-4.35446520170602e-08,-5.84017660072834e-08,-3.90841741591084e-07,-7.88446881087365e-17,6.17683308822353e-16,-1.49385633797502e-16,3.67255599993311e-16,-3.22053688752125e-10,-1.12229448377693e-09,-7.85638668015419e-16,-1.83360274229508e-16,-4.37918935449702e-17,1.60536708304148e-09,1.452393717166e-11,-8.13897945988263e-10,1.0642727911648e-15,-2.14680161668424e-15,5.21284404531031e-16,-3.68550473488554e-08,1.12974015104247e-09,2.56810630631322e-15,2.02110989630834e-10,-5.32867800100881e-09,6.22303025345019e-16,-8.67421997568145e-16,-2.25249801111916e-06,-3.8162623860012e-11,-1.40260004057552e-05,2.54390937868909e-15,2.13431526429496e-09,3.47594692902421e-08,3.77379298975366e-08,-1.4299889090653e-07,-8.51963397284154e-09,1.39714225061276e-10,8.87337096866716e-17,-3.25365903231731e-15,2.44398698329681e-15,2.76331332771324e-09,-2.50340146912263e-09,-9.82601622988901e-08,-7.63481926309923e-10,-1.37598654238578e-14,-6.29851054607725e-13,-5.44785791202603e-13,-0.707106781186546,3.95790032902956e-13,3.72921007010546e-09,4.38989444797819e-14,-7.47232667871421e-14,-1.06930559426186e-07,2.80725753140181e-15,-3.25759187845363e-07,-4.5428534142833e-15,-7.00244600808722e-08,1.14298937697025e-14,-8.60455035821562e-08,-1.83270987092801e-08,-9.58245705239971e-09,4.79896773739278e-15,2.02309711048726e-06,-1.58713120049289e-15,5.39538657899001e-08,-8.72984728323228e-09,4.83468274536347e-11,1.42175800069986e-15,2.68029918849851e-07,-1.15749686749194e-15,-1.94967481710276e-08,-9.95778092940443e-09,2.27507963534676e-15,9.64198123717125e-18,1.0914111247021e-15,-3.19572524169109e-15,-1.52342960767916e-09,-3.21525300909801e-06,-1.72366853819831e-08,-1.35473350184942e-16,-8.47352681023958e-16,-1.05436098620722e-09,8.60531344185761e-09,2.63462952868134e-15,-2.4305060753072e-15,-1.74114930785945e-08,-4.91844169401379e-16,-3.3840680006451e-07,2.05220776725544e-15,3.12803034748613e-08,4.76700600561021e-16,6.32593288315109e-17,-2.56555053959158e-16,-3.92576163521951e-16,-1.17910519090325e-15,1.34412650151715e-15,6.12596044963682e-10,-4.28536531081066e-09,5.16550095532287e-16,-2.86477226823821e-09,1.20718278327516e-07,-8.31325129900044e-16,6.49469807320576e-16,-4.42555320832703e-16,1.46801510082565e-15,1.12466010006388e-07,3.05951932804979e-08,4.28873017187958e-16,-1.06481434656666e-16,-2.2092032736359e-08,-7.14016908580765e-09,-1.08326827864138e-10,-4.7103371800797e-19,7.10558931927738e-16,-4.59155223542377e-16,-5.98229777837978e-16,1.08042402205945e-15,6.07907115193383e-16,8.30472257414521e-07,-1.89591235729924e-07,-0.00214288362270224,1.54357985197614e-16,-6.73461952254729e-16,3.93788861485479e-16,-6.68347969956523e-16,-1.27406887069785e-16,-3.25088219768125e-16,1.28867934289919e-16,5.75274306561792e-17,2.97541325248731e-16,7.6985650608825e-17,-1.60626751914713e-16,4.78858964466034e-16,1.29581420489977e-16,5.32200233475867e-16,4.26016956579297e-10,-6.44883606019652e-16,2.95617977932013e-16,-4.5318643013634e-16,6.06088994201827e-09,-7.50348394548977e-09,9.76868340166459e-17,-1.56700204342129e-10,5.5792830820752e-09,7.19359639116685e-16,5.30650680805059e-16,-1.08262432752122e-08,-4.47335739674665e-16,1.39229181057291e-10,-5.51506884080879e-16,6.4632451933344e-16,-8.38949108679424e-17,-1.74625081572062e-16,1.41158387712137e-08,-1.89165124927614e-08,-2.36542615143789e-16,-3.55672323290901e-16,-5.07758198017643e-17,6.35702779624482e-16,2.91921434941722e-16,-4.24451976980376e-17,-5.81327013701248e-16,-1.42126146775054e-16,2.35016862089698e-10,5.62249347905258e-17,-1.60720361446122e-16,1.49505098995804e-17,3.78410662115177e-16,-9.12487177903364e-18,-1.28264205376482e-15,-5.14192613630672e-08,-1.57552793948607e-16,2.58101536173658e-16,3.48237419872905e-09,2.50737703289721e-17,1.32243000380757e-16,-1.46249421096418e-16,1.09922261741781e-16,2.94226168551525e-09,6.84540428197782e-17,-2.22562727308749e-07,1.81573891848014e-16,-2.15349982035061e-16,2.64902250057228e-16,-2.05080017299185e-16,2.18135827598148e-16,-2.66845924169517e-16,3.54218969547819e-09,-7.47748815947287e-17,-3.32907021952741e-16,4.48821043236749e-10,-4.43729858869358e-07,3.72866984597152e-17,7.65970282012048e-08,1.76456516094125e-07,1.57819226872186e-16,6.86935962593621e-17,-3.02431263777349e-16,5.20471855420096e-17,-4.51763217756053e-16,-3.0004975742783e-07,-1.46649644542886e-16,3.29046441891932e-16,4.65272475243283e-16,4.07921054017189e-07,5.73100132853864e-17,-5.82992472894978e-17,-2.88345780432276e-17,-9.52195829681094e-17,-5.51240676256516e-08,3.98028959343537e-16,9.61212421372319e-11,-8.33644881304488e-17,-1.74708682443707e-16,-2.42643950411675e-16,-2.52092149716269e-16,-4.83895842295746e-17,-5.42732342472113e-16,1.70548638639123e-17,-1.67939321886105e-09,3.2344054974194e-16,-2.28137640503901e-17,7.07244257865678e-10,1.13128966135231e-16,1.9879276083572e-16,4.25025367192474e-16,6.94224443106192e-17,3.71614784084198e-16,-1.06675598796446e-16,-5.15443708628705e-09,-1.01275672677861e-16,-4.04562802975903e-16,1.53847303343167e-09,-1.23170027961544e-16,2.34321908119903e-16,-2.93485448666981e-16,-9.74577997880843e-17,-4.78018966783812e-17,-8.59040040857153e-17,6.3793920041601e-17,-2.12551479326119e-17,-1.7571178579857e-16,-5.24735714350208e-16,2.52689790692296e-16,-8.14117894012443e-10,2.7024175687767e-09,2.49413029281219e-16,-4.0618876775873e-17,-2.73616711488355e-17,3.34748301400866e-16,1.83880688453542e-16,-5.89768292995816e-17,4.89062125688252e-16,4.06890866382689e-16,-2.58953993774197e-09,-1.26845438203582e-16,2.78376761413829e-16,-4.37901786405455e-16,2.18191233166264e-16,3.02813872930393e-10,2.90395485762042e-18,-4.82596654231886e-11,-1.42232904005127e-16,-2.00192065154627e-16,2.06033104247842e-16,-8.9195068858448e-17,-7.77586751063026e-17,4.52479960888532e-17,-2.68334317780243e-16,5.17136921703659e-17,8.04964139820123e-17,-1.39442906137212e-16,2.03613835966991e-16,-8.06739686648758e-17,-3.40835049626174e-16,2.35603826837669e-16,4.41011136500285e-17,-1.39650938956068e-16,4.8644857633262e-17,-5.29273252498033e-17,5.08329073811859e-17,-4.35394680764944e-16,7.56718906286258e-16,-3.58345833852055e-17,2.77060527188239e-16,1.9781790587779e-16,-1.16812991800224e-16,4.02070593747157e-09,2.59353504613209e-16,2.152588299645e-16,6.70275910560728e-17,7.68600534907644e-17,-9.46438563260155e-17,7.92253000412622e-17,6.94831278292352e-17,-9.08008194702667e-17,-1.4996882458971e-16,-2.4383434731157e-17,-4.44522890719057e-17,1.61068315140228e-16,1.16823676472839e-16,-3.45910337068818e-17,1.3657214783907e-16,1.06908391586521e-16,-4.72450425464034e-17,-3.09255809755593e-08,-1.06638340622235e-16,1.20311562084039e-16,-2.68725675099398e-16,-3.17148983431694e-18,4.70884721013051e-17,-6.34174829726464e-17,5.4516257241201e-17,2.01956021490464e-16,2.1878830481972e-17,7.17445806124363e-10,3.8824621995438e-16,2.7351224768581e-17,1.70473790098886e-16,3.05871574857674e-17,7.41752479432347e-17,1.85473803496785e-17,3.0240291826679e-16,1.34627946276217e-17,3.91520103781781e-17,-8.3827683068195e-17,-1.7597357793021e-16,-7.26466940681708e-17,-1.00505401725583e-16,1.92975999783527e-07,5.39709691875162e-17,1.25558456670497e-17,-1.58271342762498e-16,-3.34476370211778e-16,-1.00911305090008e-09,-1.33242206154951e-16,-7.36752039281403e-17,2.25594566949097e-16,-4.66785078227492e-17,1.05469634687411e-16,-1.58211001118648e-16,1.22284355898951e-16,3.66165067763686e-17,-8.11902319773305e-17,-9.82165125962194e-17,-2.73391241683759e-17,2.14668446137109e-17,-2.30684683723991e-16,-1.07783055092085e-16,-3.79727538302661e-16,-1.44568320497459e-16,-1.97288881662935e-16
"t737",0.0359083608844142,-0.010613989782231,-0.0116067787456666,0.000680104737286599,0.00621338289160583,-0.0166194127439142,-0.00233742482176073,-4.94238358902395e-06,-0.0428978705441953,-0.0194204591873223,0.147938000993991,0.00259976885686929,-0.00509155916081892,-0.00107526817801922,-0.0293688947066509,0.000703066455876589,0.000464957747410083,-5.67383341848643e-05,-0.026666016694279,-0.0107007423830299,-1.98087807038758e-05,6.05702542259226e-05,-0.0362398053602462,-0.00120105850091431,9.34449553136301e-05,0.00324892542094975,-0.0585723608343032,-0.000713819803234259,0.0013710804903693,0.000188819770585362,0.000194486251501967,-0.003709689857175,-2.2572732586983e-06,0.00231469596736257,-0.00316201089932861,-0.000584015827683364,-2.67901984570088e-05,9.90298855514392e-05,0.0236906872901665,0.133574728710011,-0.000216458187376017,0.00465300394835523,-3.2875742196875e-06,0.00022930178169818,-8.00272234358556e-06,2.15323971089914e-07,3.01642731424289e-08,-9.57078066891308e-07,0.000273528284734582,-0.000710140562055994,1.05432587316434e-06,-1.70988319684288e-06,1.33013334412236e-05,-8.47531011182508e-07,9.17102878282315e-05,-7.20553270992935e-05,4.30450839901618e-05,-5.47443797723654e-05,0.000479143403769558,-8.62815007362995e-07,-8.51276381541134e-07,4.51881021656479e-05,-2.70197485521659e-05,2.02207662546649e-05,-0.00037970886716483,4.09658630736002e-06,-2.70799125679055e-05,8.42272714673757e-05,-2.0516036517352e-05,9.37643982533978e-05,-8.62247214291344e-07,2.4390044282539e-06,-8.46495751474554e-06,-5.54590654362615e-06,2.33420689154663e-06,1.99181355138397e-06,-2.03951402722958e-05,3.05787348214071e-06,-0.0014530270672296,-9.1455075214891e-05,6.38071247939875e-06,0.000500828731458366,-0.00127889993355561,-1.88978968325066e-05,0.000188818343259622,5.08724553800144e-05,-7.99604029355655e-06,-0.000137802214026589,-2.58026878602767e-07,1.04104435962506e-05,-0.000106264395258912,6.58198684782771e-08,4.59159859860258e-05,-4.33857140263373e-05,-1.0191195556682e-05,-1.22499585334942e-05,-1.44148631702844e-06,8.27185649981426e-06,-9.56758033236418e-05,-0.00226671312324348,-5.50779619685331e-05,3.70771017813397e-07,-7.92168012746094e-05,0.00031844145024508,-0.00077779763169202,1.70286835392982e-05,-0.0100669948074501,1.94297507760333e-05,-0.191940540002202,-5.23191521898975e-06,-0.00012931132546328,-9.84005054104313e-05,2.83373379740187e-05,-1.09465359702391e-05,9.94368179029446e-06,-8.85796646000176e-06,0.00144528624121153,-0.00115422576431093,7.9432800251082e-05,-2.43528638610843e-05,1.28174844863675e-05,-2.01388292576053e-05,0.000250937674314918,0.00024751904685683,-1.19059526525566e-06,2.20372697736995e-05,-2.26450876676188e-06,4.89560666277496e-05,-3.7490728434982e-05,-0.00130349925234615,-9.59820733469578e-06,5.12219094518165e-05,-6.94109883687286e-06,-0.00664086834414657,5.81884232703314e-09,-6.34116218715406e-06,4.19022204389178e-05,1.52767477501838e-06,-0.00013510062628699,3.726469208349e-05,0.000221880856649918,3.27356503020075e-06,-3.91115567617175e-05,-2.67079706883687e-06,-1.54218719556151e-08,0.0476938009231237,-8.45066760915716e-08,-3.96344182457085e-06,-2.81423917417549e-07,2.61706723357365e-08,3.19050556144918e-08,1.52999028181662e-06,2.00471383661845e-08,-4.53228418995584e-06,7.16392260850027e-10,-3.21176245866031e-08,4.00261457833671e-07,-5.39896637531148e-07,-3.87856019196949e-06,-5.55153133884645e-07,-6.21165874030645e-07,9.30880740645707e-08,-1.42837640405032e-05,-1.10536333435126e-06,8.49776723053959e-07,-6.63146386441011e-07,0.000929763616410974,1.22851721547518e-06,0.00029122640043834,4.66807148606062e-08,-9.96311088561494e-07,-1.87646901844104e-07,3.4138471587805e-08,2.23053987532895e-05,2.65512133169218e-07,5.56751631263893e-07,2.47522890329152e-08,-1.21150403696594e-06,-6.62584260776554e-05,-7.77822618941914e-06,3.31376269350701e-05,1.07483464199494e-05,-2.44142583603294e-06,-1.06717663618335e-08,-3.58566807138261e-07,-2.44930260635069e-07,-0.0026781764163758,0.00208489106885989,0.0110551855855589,5.37812679449699e-05,0.000120928572996612,-6.43985771619905e-05,-1.98960326338982e-05,-2.52514202594953e-09,-2.28348506136037e-07,3.85926178989155e-05,2.41985821982764e-05,3.90715575834618e-07,-4.32306407487957e-05,-8.29659035722405e-05,-0.209780928059276,2.15601721079906e-05,-2.68798276164971e-07,-5.89834292006457e-08,-6.67872646936847e-06,-2.64339460747804e-07,2.21518181534993e-06,8.14624238022407e-08,-1.38296401778685e-06,-1.71984824147306e-11,-1.34897370750794e-07,-3.27538139343705e-09,-5.33565644945937e-08,-2.47133962567507e-06,3.9946042937234e-10,-9.15771430756546e-09,4.65470149221766e-09,3.22671417036104e-09,-2.2876594164439e-06,-6.78448334542327e-07,-3.33304985999901e-07,5.21735533321434e-07,1.22473733008704e-07,5.57550486441912e-07,-2.07403022720522e-06,-1.2413169539056e-07,-1.18986286976573e-05,-8.93152112163329e-08,-4.15806797377438e-05,-1.03958028861136e-05,6.71199191482348e-07,1.74448644420498e-07,7.03121733721669e-06,2.86041217673597e-06,-0.440500499168941,4.31267098141127e-08,8.66226770459081e-06,2.39068273934452e-17,4.28250297654762e-08,-5.52336604671237e-07,6.15654873648669e-08,1.04490817142801e-07,9.88025939785269e-07,-1.33630290010859e-08,8.18185114272423e-08,-2.98897171804936e-08,8.95510284745146e-08,-1.7378810044324e-09,1.47181177176093e-09,8.12921756047406e-07,-9.21994571443885e-10,1.19284050014173e-07,-1.09056832484102e-05,1.93923286544159e-09,-1.57346309484323e-10,8.81990815899758e-09,-1.18542323624015e-08,1.91807216620336e-07,1.15754999444461e-05,-2.86632298653124e-06,8.90394197141976e-07,-0.00814629304752806,-9.9364568341931e-06,6.58540714634805e-08,9.97696814368254e-06,-1.0393533377582e-06,9.386497438881e-09,8.45018285004239e-05,4.26821800882421e-07,5.87961035365582e-06,2.04977513527457e-08,-0.0986793975398701,-3.06188494874613e-06,9.46658014037722e-08,-1.30472440764637e-07,2.27102981003976e-07,-1.40047416533397e-07,8.55088956971944e-09,-1.08502978096358e-06,4.15471308185461e-09,-6.15444754398635e-07,9.98497745376602e-17,1.01866923030263e-06,1.65594596737113e-07,8.3281831153369e-13,3.85272055890944e-09,-1.94857512099368e-09,2.13377366910924e-10,-7.31750569499455e-11,1.77025312374432e-10,-8.3136022795479e-09,3.18443186005887e-07,1.42649251455133e-07,-1.59273212102218e-09,8.90564947275321e-07,-3.07975950874983e-06,9.09776623509638e-08,-3.61811910301093e-06,3.23609617155574e-08,5.67504656960798e-08,8.76818034077436e-10,2.75243704127638e-06,-4.08950346012018e-07,1.83615985895886e-09,-5.87349398328489e-07,7.04950952976869e-08,-2.57874873344167e-07,1.99346026877498e-07,1.78112866990676e-06,9.09575804028255e-08,-2.90263233009372e-08,-1.92176275267216e-07,1.98237733120249e-08,-9.30969038501768e-08,2.61227914616909e-07,1.06093810280175e-06,-8.39980277121919e-06,3.88680105462733e-17,1.76684878091377e-08,9.76995593095196e-08,-9.79741546897582e-09,5.23535444887956e-06,5.62300476817577e-09,1.37977260507756e-06,5.54029422997855e-06,-4.36346696615641e-07,1.93121293372982e-06,-8.30801208297118e-17,-2.70647298609396e-05,-1.22833029351191e-09,-5.57444544862872e-07,2.36508173318092e-08,4.71005700994097e-07,-3.26861759497635e-07,-5.87423602494994e-06,1.67485717387044e-06,-2.00402370664014e-07,1.62415139274706e-05,-6.68382937126738e-08,-7.82387447523659e-06,-1.23381269591694e-08,-2.8454673366889e-09,-4.36631552906206e-05,5.0506812353847e-07,-0.0133358253094527,-1.53133514935139e-16,1.53477614216848e-07,-6.9450906685798e-09,-1.9892240460497e-10,5.93070238103708e-10,-1.3260605133087e-06,-0.000156753006652633,1.11960263624284e-07,-4.54614900118358e-07,-3.42748909075699e-07,2.91052829249487e-17,-8.14916552484455e-06,-3.19648885388336e-08,-3.09792830164865e-05,-5.41000882518833e-16,8.26362601377877e-06,1.59400655714779e-06,-3.40541657437214e-07,-0.00720521422931953,-1.19718074751553e-05,-0.0522955609802981,1.12607562532676e-05,-0.0227207784895134,1.69882683859148e-06,-5.54426728443134e-09,-1.96527732070871e-06,-5.91622819831402e-08,-8.97218130468582e-17,1.61228841354621e-08,-5.58043541916449e-07,-2.08638768931766e-07,1.06682325964556e-06,-1.42235267432943e-18,1.42901343353387e-08,-1.62833366386915e-09,1.46178579806528e-07,1.85882433950224e-09,5.81050557183623e-07,-4.15474771837529e-09,2.76016787582949e-08,1.2224233608106e-07,2.82519714968213e-16,1.05966240779223e-06,-5.24451998577249e-09,1.65256762425405e-08,1.96002208470889e-06,-2.59437278913406e-09,-5.83362041486731e-09,2.9316826744008e-16,1.25748106425777e-16,-6.01790851800546e-09,-4.43957086172694e-09,5.9172146673043e-10,-7.01463029890946e-07,1.07502284590802e-16,-6.43293931626129e-07,-7.95863003244336e-09,1.17931241238483e-16,-5.67298395753887e-17,6.15756077162154e-17,1.1190206097654e-06,3.09278498971084e-08,-3.55087443022069e-08,1.11985986630285e-06,1.59687386490289e-07,3.07178199868114e-08,-1.33859680893313e-08,-7.206453154985e-17,-3.15918546003419e-09,9.10953003006116e-09,4.14515142019157e-17,-3.39278496787144e-16,-6.39533440947721e-09,-3.81270941623544e-10,-4.10232177700963e-09,1.07734038758665e-06,4.68450092801945e-09,-1.9297458958948e-07,-6.81781729602427e-17,-7.13553643393932e-08,-1.10817355210993e-16,-0.000174636840061705,-8.99074651533605e-16,-4.84749342485855e-09,-1.2570536336094e-16,2.51652878161521e-08,6.91176859451043e-09,0.0166377845987316,-7.11828148772598e-07,-1.89908727790689e-08,2.46182346153764e-10,1.63869269601718e-09,1.7174155285395e-09,8.25769041806298e-07,3.03473270139349e-08,1.99778426578512e-09,-6.23277974419872e-09,-1.20616570549437e-06,-1.72861411467425e-07,-3.3222959614524e-09,-1.05965166579844e-16,3.24208246567323e-08,-5.77231505146499e-09,3.19644194362651e-09,-6.56822730266106e-17,6.03969055249888e-08,1.75833636868755e-07,5.67794736941246e-08,1.57257270671394e-17,-1.38186886669684e-08,-7.91258185300835e-07,-2.30957013817772e-16,-9.92989887302094e-09,2.31030353770143e-08,2.11473656346126e-17,4.7331266909647e-18,-8.62666708960826e-10,-4.8801915390199e-07,-2.79675367290961e-09,-3.90649951584446e-06,1.10621783394557e-07,2.92074353049174e-09,5.09909793331443e-07,2.66642735480084e-08,-6.80474543378422e-07,4.46420244520906e-16,1.27009261113518e-10,9.29314344120498e-09,2.60060024344213e-08,1.39059269657985e-05,2.0026476829754e-16,9.56337137740195e-17,3.35397241465873e-07,1.23650464162269e-16,-8.81923371329994e-14,3.69211914795252e-08,-5.53463790362491e-08,-1.03674118772201e-08,-0.00287666476089586,1.72480013494778e-07,4.89841062255504e-08,7.52074488551789e-08,1.6518877934064e-16,7.76564912796418e-07,2.14797363255135e-08,1.680650862094e-07,-9.52918663005065e-09,3.83481965303975e-08,-2.3570044965265e-17,1.36703490947464e-17,2.60936030156016e-16,-3.63110646373722e-07,-1.67719464000928e-09,-1.08837847871989e-07,-1.93544393969116e-16,-1.30477627640675e-09,-3.08386598339645e-16,-9.71061225758747e-17,2.34671844785396e-07,-5.88702003222068e-08,2.14888870586627e-16,-5.09034705691476e-07,-7.13975594825762e-09,3.4572985285513e-16,1.8761053888361e-08,-3.02940373241529e-16,0.000218139958793851,2.13272063082557e-15,0.00454318364394963,-2.29870262572961e-07,-3.17952390716802e-09,-2.05774114790063e-07,8.92022944852454e-08,-3.15042653032879e-09,1.21236399833335e-07,1.27651754203265e-16,7.84959175113021e-08,-4.45856692987608e-09,-1.2249931484344e-16,-5.9201379437466e-10,-1.22213920645386e-08,2.86931717698971e-09,-4.89927209132709e-16,9.48229712765068e-09,1.26065243988013e-08,7.063267613588e-17,-3.52117046916866e-07,-2.68116346140655e-07,-3.70201947724061e-10,4.82258514051024e-16,-4.53097834516358e-16,6.7903529326882e-09,3.72984188698462e-07,1.30142377013391e-06,-3.01318393609241e-09,2.70606066578285e-07,4.57603494711616e-16,4.53538523637677e-16,0.000697081102193342,-8.16294646292583e-10,-4.74906106803875e-17,1.79559317993775e-06,-1.21363849512294e-17,5.57777249321426e-09,-9.69661527673654e-08,-1.29917804440571e-07,-8.66016095319578e-07,1.37245837709157e-16,2.06111086763869e-16,-2.63183159122216e-17,-3.61012215722019e-17,-6.90999805863411e-10,-2.40225532399329e-09,3.44790071160961e-16,2.38153552218402e-16,3.84219628876668e-16,3.40778296542354e-09,3.07241263604637e-11,-1.70633703326669e-09,-2.8362207210816e-16,-1.72483013115288e-16,-4.0386530925085e-17,-7.52749074218548e-08,2.30563863520299e-09,3.11237012434195e-16,4.09037006655919e-10,-1.07507625701484e-08,-4.51318117244128e-16,5.20314866308752e-17,-4.51381366389659e-06,-7.64374364941666e-11,-2.79926927339344e-05,1.88567096304244e-16,4.23691077171477e-09,6.88222272020232e-08,7.44766028509702e-08,-2.81166126228432e-07,-1.67371703884582e-08,2.74084310173098e-10,2.43461414558242e-18,8.09761464274024e-17,-3.40481534344771e-16,5.40011505690905e-09,-4.89218001026157e-09,-1.92034589030165e-07,-1.49564103309274e-09,-1.67395497210824e-18,-3.8102956369515e-16,-3.49147973401738e-16,1.69229411087037e-16,5.64726272019058e-16,7.35263739708658e-09,-6.16485202252713e-16,2.14732560231925e-16,-2.11612190037263e-07,-3.04851906131279e-16,-6.44808806411477e-07,1.27710235415407e-16,-1.3865858738869e-07,-4.67034367482359e-16,-1.71835844140221e-07,-3.66875005115713e-08,-1.92582499332092e-08,-4.73297098801956e-16,4.08782458806227e-06,1.83732194025005e-16,1.10550260183726e-07,-1.83101305323061e-08,1.01522419059111e-10,9.73884563297431e-17,5.69365137866081e-07,-3.8644750133824e-16,-4.22966297104445e-08,-2.1626977596006e-08,8.62672956891629e-16,-2.16550009164847e-16,-9.021329614458e-17,-1.02604040110201e-16,-3.37710824623312e-09,-7.16980264083669e-06,-3.87129460332729e-08,-1.07581276782685e-16,4.47684521439849e-16,-2.46248010783109e-09,2.01369834273036e-08,-9.45090386713297e-17,-3.22585792725207e-16,-4.34094425402722e-08,4.33462549837715e-16,-8.57403587072872e-07,6.29744799756502e-16,8.35845841726016e-08,-8.75942462322576e-16,5.69161326756848e-16,-3.55475532437762e-16,2.01291019546322e-15,5.21287107017732e-16,1.01776152391555e-16,1.90152328586116e-09,-1.33347977908502e-08,-5.66048698051225e-16,-9.58469209427424e-09,4.18147302299408e-07,-4.10693974480199e-16,1.09523473404229e-15,-7.57300276447972e-16,1.40728266972267e-17,4.71675315845216e-07,1.35977084698934e-07,8.35222922433837e-16,-8.80627351896132e-16,-1.05630377049123e-07,-3.44922687077825e-08,-5.42535605081323e-10,-3.72419789073877e-15,-4.02891615378157e-16,-1.36145934306887e-16,-3.617901906773e-15,1.05025417313393e-14,1.47454902853931e-14,1.86872511040294e-05,-7.47263614835366e-06,-0.396156874240126,-1.34450985343877e-14,1.68828939389768e-16,1.06319074807326e-14,-3.82658055826821e-15,3.63076633059467e-16,-4.23771068131439e-16,3.50395780499192e-14,8.26812335587999e-16,4.12280433628747e-16,-6.41497922427838e-16,1.36664190298547e-15,1.49457514771592e-16,-2.35675609647843e-17,-1.24881360892232e-15,-6.89955212912655e-10,-4.9845826628608e-16,-3.33404247438518e-15,-1.0718998487951e-15,-7.74419603726833e-09,9.0804602098073e-09,5.02317430509739e-16,1.83343281970355e-10,-4.87200507946582e-09,1.93947080913069e-17,-3.4554320448855e-15,6.41682580506673e-09,-2.52659284144895e-16,-4.697413417434e-11,1.88250346625435e-16,4.5811475343306e-16,2.2702262892546e-16,1.11004494795767e-15,-7.84239174617694e-10,7.59559897623262e-10,-1.44704501698376e-15,7.60475880669238e-16,6.01505041419953e-16,-5.56214520910995e-17,5.95606463454912e-16,-6.89873902160589e-16,8.2791604514299e-17,2.18904287852617e-16,1.02473954647701e-10,2.46874699424959e-16,8.43701949339719e-16,-8.92122411886356e-17,-1.16396141328128e-15,8.02562823908998e-17,-8.31630537726479e-16,-2.53344291638476e-08,2.62029836152608e-16,3.5766284745473e-16,1.74867458016391e-09,2.5724527144676e-16,1.03129719743862e-15,-5.47177906704114e-17,-2.21739470077468e-16,1.75080551272595e-09,7.78880328938116e-17,-1.35497822659183e-07,-2.00044800977625e-16,-4.6747876528521e-16,-6.97261276847372e-16,5.30927027602573e-16,-6.81604506989484e-17,9.51812662171584e-16,2.24822907586397e-09,2.07125038168114e-16,-1.19027960377181e-15,2.92992637816113e-10,-2.90057712640154e-07,5.29051647946612e-16,5.11763350684918e-08,1.18660474292046e-07,1.39130728983863e-15,7.68416014285545e-16,-5.73263789366218e-16,8.41438117423136e-16,-1.89011437141896e-16,-2.18313894355748e-07,2.78918881876465e-16,-1.19183383859487e-15,-3.63631960992831e-16,3.01647117350451e-07,8.6764347368676e-16,-1.78372241058384e-16,-2.0323875726765e-16,5.05722398570494e-16,-4.15633960480161e-08,-4.67883188950322e-17,7.28833356898928e-11,5.33639985688411e-17,1.75925930575764e-16,1.29192992938557e-15,8.60082645279895e-16,-1.03775459460444e-15,1.6774880833247e-15,-2.61556188188798e-17,-1.30801122023506e-09,8.80053730178055e-16,8.90845493403991e-16,5.5416489007258e-10,1.93059155885565e-15,-5.60855513535647e-16,-4.43594355748274e-15,1.77748117007361e-15,-2.20844419759602e-15,-9.28842239259717e-16,-4.10982182657208e-09,-1.61401757204366e-15,3.73571937403841e-16,1.23550273071254e-09,-5.24837936624102e-16,1.38847650320187e-15,1.78910654300609e-16,-5.82977707507754e-15,-3.57654253127912e-16,3.79997193013655e-15,5.45855906836456e-15,-2.69666436867732e-15,-1.49864524186031e-15,8.02514700729443e-16,-2.35600863244429e-15,-6.69353819125471e-10,2.22755273526207e-09,-6.57723922269193e-15,2.83650081453021e-16,8.4781078194655e-15,-5.56692207881143e-15,6.91713396630544e-14,3.00633138435912e-14,-6.40595422013695e-15,-6.50194277615667e-14,-2.16129062167595e-09,-0.707106781186546,1.66396490486757e-15,5.24842410523401e-15,-1.10143289837653e-14,2.55170787191758e-10,8.72963045938623e-15,-4.10703011181143e-11,1.9382180784191e-15,-9.12973260974436e-16,-2.22941528568986e-15,-2.83967646864654e-15,-1.21751277150707e-16,4.39965180278051e-15,-3.92429480647713e-15,1.83041244191693e-15,-2.94058179573652e-15,9.99885303417937e-16,2.20329008831278e-16,-6.66754653312436e-16,-7.91974784621257e-16,-1.2874682194598e-17,1.14849149106171e-16,4.43323976543623e-16,1.20263638237607e-15,-1.02668389129184e-15,-6.22484614921748e-16,-4.66035316323777e-16,2.30935062739412e-17,7.78108400563038e-17,1.4235953711715e-15,2.85385219221773e-15,-1.27711775267665e-16,3.5232059135986e-09,2.31097455863024e-16,-6.91164564936392e-16,1.24072766760357e-16,-1.0439185596001e-15,1.70765295757744e-15,1.11571259936128e-16,4.66127763650236e-16,-2.36957356378647e-16,-4.88435274103615e-16,6.44918963462477e-16,3.71989765379777e-16,-1.76481470500151e-15,6.3902974143794e-16,-5.15764117181601e-17,-1.90816574317846e-16,-1.74870633621906e-16,-5.67397194067326e-17,-2.75083042864836e-08,2.09826629141525e-16,-1.47106804625488e-16,3.42524976753849e-16,4.19118237273524e-16,-4.41467858436644e-16,-1.29235583580774e-16,3.50758006918046e-16,7.34800700684241e-17,1.5294812789833e-16,6.46222701970586e-10,9.21012119110809e-16,2.14149287097663e-16,-3.7408442782368e-16,7.11249009938587e-16,-5.2035824111002e-16,-3.33687996964855e-16,2.02264305175013e-16,2.75877094666476e-17,-2.83160643479686e-16,-1.84847958875665e-16,-2.68351350407621e-16,-7.16758190128087e-17,1.23830865175673e-16,1.75616656986235e-07,3.36958535490545e-16,-4.16664244027747e-16,-2.65218374196397e-16,-5.33969569949111e-16,-9.22156878363909e-10,-1.3657711095192e-16,8.85876069321307e-17,-2.12220125728259e-16,-2.68423157115318e-16,-3.65255426953736e-16,-2.47720880272688e-16,4.66408658760722e-16,1.46594967218838e-16,2.50597661043053e-16,4.15564360216279e-17,3.49600914376401e-17,-1.54567684626334e-16,3.7211255077413e-17,8.62539960497391e-17,-7.14550141314117e-17,1.91640744354725e-17,-1.90798346751265e-16
"t738",0.0359083608844142,-0.010613989782231,-0.0116067787456666,0.000680104737286599,0.00621338289160583,-0.0166194127439142,-0.00233742482176073,-4.94238358902256e-06,-0.0428978705441953,-0.0194204591873224,0.147938000993991,0.00259976885686928,-0.00509155916081892,-0.00107526817801923,-0.0293688947066509,0.00070306645587659,0.000464957747410082,-5.67383341848503e-05,-0.026666016694279,-0.0107007423830299,-1.98087807038817e-05,6.05702542259207e-05,-0.0362398053602463,-0.0012010585009143,9.34449553136374e-05,0.00324892542094976,-0.0585723608343033,-0.000713819803234268,0.00137108049036928,0.000188819770585357,0.00019448625150196,-0.00370968985717501,-2.25727325870568e-06,0.00231469596736257,-0.0031620108993286,-0.000584015827683333,-2.67901984570072e-05,9.90298855514479e-05,0.0236906872901664,0.133574728710011,-0.000216458187376016,0.00465300394835529,-3.28757421967594e-06,0.00022930178169819,-8.00272234359857e-06,2.15323971150942e-07,3.01642731315388e-08,-9.57078066890081e-07,0.000273528284734547,-0.000710140562055949,1.05432587318153e-06,-1.7098831968555e-06,1.33013334412303e-05,-8.47531011176437e-07,9.171028782825e-05,-7.20553270992949e-05,4.30450839901536e-05,-5.47443797723495e-05,0.000479143403769549,-8.6281500736244e-07,-8.51276381541549e-07,4.51881021656436e-05,-2.70197485521672e-05,2.02207662546833e-05,-0.000379708867164843,4.09658630736517e-06,-2.70799125679025e-05,8.42272714673543e-05,-2.05160365173781e-05,9.37643982534497e-05,-8.62247214358572e-07,2.43900442826149e-06,-8.46495751473734e-06,-5.54590654363202e-06,2.33420689153596e-06,1.99181355138884e-06,-2.03951402722993e-05,3.05787348214618e-06,-0.00145302706722962,-9.14550752148752e-05,6.38071247939003e-06,0.000500828731458266,-0.00127889993355562,-1.88978968324723e-05,0.000188818343259621,5.08724553799856e-05,-7.99604029354771e-06,-0.000137802214026604,-2.58026878563023e-07,1.04104435962741e-05,-0.000106264395258909,6.58198684505215e-08,4.59159859860339e-05,-4.33857140264214e-05,-1.01911955566909e-05,-1.22499585335178e-05,-1.4414863170169e-06,8.271856499706e-06,-9.56758033236168e-05,-0.00226671312324347,-5.50779619685166e-05,3.70771017845036e-07,-7.92168012745969e-05,0.000318441450245046,-0.000777797631691975,1.70286835393164e-05,-0.0100669948074501,1.94297507760042e-05,-0.191940540002201,-5.2319152189981e-06,-0.000129311325463295,-9.84005054104502e-05,2.8337337974003e-05,-1.09465359702565e-05,9.94368179030581e-06,-8.85796646001614e-06,0.00144528624121153,-0.00115422576431085,7.94328002511356e-05,-2.43528638611367e-05,1.28174844863494e-05,-2.01388292576562e-05,0.00025093767431496,0.000247519046856841,-1.19059526523246e-06,2.20372697736601e-05,-2.264508766869e-06,4.89560666277365e-05,-3.74907284349567e-05,-0.00130349925234612,-9.59820733467664e-06,5.12219094518097e-05,-6.94109883686883e-06,-0.00664086834414649,5.81884232097463e-09,-6.34116218718445e-06,4.19022204389343e-05,1.5276747750118e-06,-0.000135100626286969,3.72646920834076e-05,0.000221880856649868,3.27356503016698e-06,-3.91115567617267e-05,-2.67079706886719e-06,-1.54218719546664e-08,0.0476938009231236,-8.4506676099914e-08,-3.96344182458383e-06,-2.81423917417728e-07,2.61706723673622e-08,3.19050556069024e-08,1.52999028184644e-06,2.00471382810543e-08,-4.53228419000934e-06,7.16392236844756e-10,-3.21176245554537e-08,4.0026145784334e-07,-5.39896637550223e-07,-3.87856019195192e-06,-5.55153133873073e-07,-6.21165874103487e-07,9.30880740866738e-08,-1.42837640404985e-05,-1.10536333438391e-06,8.4977672304057e-07,-6.63146386438062e-07,0.000929763616411014,1.22851721546342e-06,0.000291226400438424,4.66807148453403e-08,-9.96311088514453e-07,-1.87646901816932e-07,3.41384714739799e-08,2.23053987533458e-05,2.65512133204245e-07,5.5675163125182e-07,2.4752289074707e-08,-1.21150403699187e-06,-6.62584260776804e-05,-7.77822618930606e-06,3.31376269350379e-05,1.07483464199427e-05,-2.44142583597247e-06,-1.0671766376093e-08,-3.5856680718879e-07,-2.44930260599437e-07,-0.0026781764163758,0.0020848910688599,0.0110551855855588,5.37812679448654e-05,0.000120928572996631,-6.43985771621007e-05,-1.98960326339222e-05,-2.52514202995568e-09,-2.28348506081599e-07,3.8592617898888e-05,2.41985821983574e-05,3.90715575857264e-07,-4.32306407488972e-05,-8.29659035723077e-05,-0.209780928059275,2.15601721079981e-05,-2.68798276178826e-07,-5.89834291749645e-08,-6.67872646935324e-06,-2.64339460771134e-07,2.21518181540972e-06,8.1462423718974e-08,-1.38296401785307e-06,-1.71984891867557e-11,-1.34897370771837e-07,-3.27538146013835e-09,-5.33565644398585e-08,-2.47133962580845e-06,3.99460402342447e-10,-9.15771433298536e-09,4.65470145912615e-09,3.22671417719848e-09,-2.28765941642296e-06,-6.78448334486852e-07,-3.33304985908682e-07,5.21735533327718e-07,1.22473733000945e-07,5.57550486437526e-07,-2.07403022721727e-06,-1.24131695398176e-07,-1.18986286976032e-05,-8.93152112064728e-08,-4.15806797377208e-05,-1.03958028860843e-05,6.71199191521141e-07,1.7444864443306e-07,7.03121733689159e-06,2.86041217683128e-06,-0.440500499168939,4.31267102472228e-08,8.66226770457815e-06,1.29625414315654e-16,4.28250298021682e-08,-5.52336604657359e-07,6.15654873350323e-08,1.04490817158634e-07,9.88025939764129e-07,-1.33630289651674e-08,8.18185117170209e-08,-2.98897171514234e-08,8.95510286870877e-08,-1.73788094213124e-09,1.47181176123492e-09,8.12921755969043e-07,-9.21994565735496e-10,1.19284050022741e-07,-1.09056832483765e-05,1.93923278738562e-09,-1.57346380336935e-10,8.81990814184093e-09,-1.18542323745703e-08,1.91807216549517e-07,1.15754999444019e-05,-2.86632298650881e-06,8.90394197160403e-07,-0.00814629304752784,-9.93645683425278e-06,6.5854071506695e-08,9.97696814348182e-06,-1.03935333800307e-06,9.38649759353328e-09,8.45018285004892e-05,4.2682180095104e-07,5.87961035359356e-06,2.04977512104044e-08,-0.09867939753987,-3.06188494875551e-06,9.46658012881962e-08,-1.30472440644468e-07,2.27102980932052e-07,-1.40047416543929e-07,8.55088911548766e-09,-1.08502978104243e-06,4.15471314874115e-09,-6.15444754445157e-07,1.72194413394592e-16,1.01866923032958e-06,1.6559459658829e-07,8.32667448512323e-13,3.85272062305202e-09,-1.94857510679787e-09,2.1337740609368e-10,-7.3175234286325e-11,1.77025212143558e-10,-8.31360236467265e-09,3.1844318603159e-07,1.42649251327131e-07,-1.59273211195439e-09,8.9056494719101e-07,-3.07975950881844e-06,9.09776623873264e-08,-3.61811910306512e-06,3.2360961801643e-08,5.67504658866715e-08,8.76818189379286e-10,2.75243704123366e-06,-4.08950345935722e-07,1.83615980836877e-09,-5.87349398329438e-07,7.04950952715014e-08,-2.57874873420209e-07,1.99346026667862e-07,1.78112866998203e-06,9.09575803743756e-08,-2.90263232982068e-08,-1.92176275179116e-07,1.98237733134907e-08,-9.30969038933265e-08,2.61227914445834e-07,1.06093810263578e-06,-8.39980277130443e-06,4.9049795007619e-17,1.76684877134121e-08,9.76995592230259e-08,-9.79741545878432e-09,5.23535444898795e-06,5.62300456687972e-09,1.37977260497926e-06,5.54029423039114e-06,-4.36346696624532e-07,1.93121293367264e-06,-5.68908934330051e-18,-2.7064729861045e-05,-1.22833029572464e-09,-5.57444544920175e-07,2.36508173604782e-08,4.71005700926979e-07,-3.26861759370257e-07,-5.87423602487762e-06,1.67485717392085e-06,-2.0040237072028e-07,1.62415139276245e-05,-6.68382935719433e-08,-7.82387447524999e-06,-1.23381268662215e-08,-2.84546731974824e-09,-4.36631552903901e-05,5.05068123417846e-07,-0.013335825309453,-2.61939976591027e-16,1.53477614280091e-07,-6.94509068473442e-09,-1.98922422705343e-10,5.93069965930588e-10,-1.32606051319626e-06,-0.00015675300665272,1.11960263656619e-07,-4.54614900078474e-07,-3.42748908882766e-07,2.36733925343219e-16,-8.14916552463009e-06,-3.19648886769294e-08,-3.09792830163408e-05,-6.73293891465856e-16,8.26362601368749e-06,1.5940065570917e-06,-3.40541657455487e-07,-0.00720521422931949,-1.19718074749427e-05,-0.0522955609802975,1.12607562532062e-05,-0.022720778489513,1.69882683843174e-06,-5.54426747381581e-09,-1.96527732109497e-06,-5.91622819218558e-08,-7.62650956391798e-18,1.61228840322871e-08,-5.58043541320453e-07,-2.08638768841183e-07,1.06682325943599e-06,-1.29019223368134e-16,1.42901344600218e-08,-1.6283338276921e-09,1.4617858004546e-07,1.85882408466999e-09,5.81050557338611e-07,-4.15474780132973e-09,2.76016789489612e-08,1.22242335868374e-07,1.62642665929584e-16,1.05966240786329e-06,-5.24452012747771e-09,1.65256760146243e-08,1.96002208469325e-06,-2.59437285257961e-09,-5.83362018456933e-09,4.33680868994202e-17,6.89220193616304e-17,-6.01790833608911e-09,-4.43957038771375e-09,5.91721564740983e-10,-7.01463030024068e-07,2.68808467389238e-16,-6.43293931454454e-07,-7.95862972947416e-09,7.85687867457244e-17,1.01192639106686e-16,-1.40937751428468e-16,1.11902060966188e-06,3.09278500906185e-08,-3.55087443088906e-08,1.11985986592573e-06,1.59687386690881e-07,3.07178201536925e-08,-1.33859681828922e-08,-5.65139311376765e-17,-3.15918553822491e-09,9.1095302712564e-09,-1.94947436867776e-16,-4.1331188826371e-17,-6.39533420922891e-09,-3.81270913327553e-10,-4.10232179722671e-09,1.07734038777394e-06,4.6845010509903e-09,-1.92974589344124e-07,-1.88958294975143e-16,-7.13553641498662e-08,1.83787649536641e-16,-0.000174636840061899,-1.00372726623277e-15,-4.8474934723736e-09,-3.23815205603739e-16,2.51652881762871e-08,6.91176877616041e-09,0.0166377845987305,-7.11828148811515e-07,-1.8990872870551e-08,2.46182465677631e-10,1.63869239299349e-09,1.71741536345906e-09,8.25769041770157e-07,3.03473271896339e-08,1.99778428857317e-09,-6.23277992415495e-09,-1.20616570536215e-06,-1.7286141168087e-07,-3.32229590533149e-09,-8.97927178537324e-17,3.24208247113994e-08,-5.77231504653237e-09,3.1964422717485e-09,-3.5899003888857e-17,6.03969054376922e-08,1.75833636901445e-07,5.67794738782059e-08,1.18697872345135e-16,-1.38186886190615e-08,-7.9125818543967e-07,2.99819349912047e-18,-9.92989874122422e-09,2.31030353755112e-08,-1.43760627493673e-16,8.72046942580342e-17,-8.62666862382655e-10,-4.88019153831866e-07,-2.79675371017384e-09,-3.90649951584159e-06,1.10621783396375e-07,2.92074349673392e-09,5.09909793593515e-07,2.66642734340208e-08,-6.80474543508501e-07,5.104965929148e-16,1.27009223657031e-10,9.29314317003033e-09,2.60060026267556e-08,1.39059269655411e-05,1.55197320811989e-16,-4.39507375922776e-17,3.3539724127276e-07,-7.29699677931456e-17,-8.81790608193936e-14,3.69211916297577e-08,-5.53463787995189e-08,-1.03674117818789e-08,-0.00287666476089557,1.72480013424545e-07,4.89841061968361e-08,7.52074482774666e-08,5.37602129384466e-17,7.7656491276265e-07,2.14797363575481e-08,1.68065086493537e-07,-9.52918623033831e-09,3.83481965820564e-08,7.48604763014426e-18,-1.53971145649242e-16,2.35670323192902e-16,-3.63110646614257e-07,-1.67719454135211e-09,-1.08837847261824e-07,4.37838946919106e-17,-1.30477610240682e-09,-2.99905854996825e-17,-4.49259519732096e-17,2.34671844666339e-07,-5.8870200326599e-08,-8.5868812060852e-17,-5.09034705320722e-07,-7.13975560488622e-09,1.12653490825022e-16,1.87610537230703e-08,-4.310585922318e-17,0.00021813995879341,2.26564666505056e-15,0.00454318364394995,-2.29870262595587e-07,-3.17952419523489e-09,-2.05774114549344e-07,8.9202294388816e-08,-3.15042712951312e-09,1.21236399879657e-07,-9.18454838145518e-17,7.84959172013389e-08,-4.45856668694747e-09,-1.21673113400575e-16,-5.92013573736685e-10,-1.22213922612224e-08,2.86931703256253e-09,-3.33746915812824e-16,9.48229694995346e-09,1.26065243880417e-08,-6.45174817937988e-17,-3.52117046783028e-07,-2.68116346331163e-07,-3.7020189258458e-10,2.74725428798422e-16,5.23792858400629e-16,6.79035321900491e-09,3.72984188496072e-07,1.30142377096039e-06,-3.01318392611302e-09,2.70606066710746e-07,1.68117593867596e-16,1.00953340070876e-15,0.000697081102193639,-8.16295010199589e-10,-3.84118040109742e-16,1.79559317966697e-06,9.0346957448301e-17,5.57777264275678e-09,-9.69661525221663e-08,-1.29917804220093e-07,-8.66016095424325e-07,-2.90720113902182e-17,8.77507916713292e-17,-5.37865302671244e-16,-1.76059680611308e-16,-6.9099999877057e-10,-2.40225551912423e-09,-9.93690549388684e-17,8.11655194034314e-18,-3.1038613600993e-16,3.40778252669298e-09,3.0724219849842e-11,-1.7063371209212e-09,2.30876285577422e-16,-2.26367861087817e-16,1.93557192842975e-16,-7.52749076266141e-08,2.30563867438863e-09,5.44104756255055e-16,4.09036813849471e-10,-1.07507624414274e-08,2.60640484924981e-16,1.14858556671022e-16,-4.51381366478137e-06,-7.64368406636441e-11,-2.79926927333411e-05,-1.41605028042252e-16,4.23691080130888e-09,6.88222270797917e-08,7.44766032358931e-08,-2.81166126228654e-07,-1.67371702496179e-08,2.74084307850708e-10,3.59376156236687e-17,-4.74685693090766e-16,-2.07565400219964e-17,5.40011610790234e-09,-4.89217991186045e-09,-1.92034589074317e-07,-1.49564051980805e-09,-3.69569163084859e-16,1.47602240716353e-16,-1.61562348742942e-16,2.75649634880186e-16,-1.27162411481673e-15,7.35263755501811e-09,-4.33359733293575e-16,-2.63919414714753e-16,-2.11612190478905e-07,-3.71021679310806e-16,-6.44808805483133e-07,1.03691508915238e-16,-1.38658588155403e-07,2.6801461496081e-16,-1.71835844040216e-07,-3.66875006982346e-08,-1.92582500956864e-08,3.60270448765327e-16,4.087824588047e-06,-1.13521648958913e-16,1.10550259765564e-07,-1.8310130519981e-08,1.01522408153056e-10,-3.75345990068132e-16,5.69365137939314e-07,3.97244405996807e-16,-4.22966299072128e-08,-2.16269773348543e-08,7.35564389837904e-16,-2.21988374089239e-16,2.67851314686285e-16,1.94206713069947e-17,-3.37710802894703e-09,-7.1698026399636e-06,-3.87129451307723e-08,-5.7930515556414e-16,2.65900183300026e-16,-2.46247993643291e-09,2.01369839125925e-08,-1.1918329654645e-15,-2.49159024408567e-16,-4.3409442832209e-08,3.41372813379764e-16,-8.57403586492267e-07,-2.53099154508088e-16,8.35845841529618e-08,-1.02677324111702e-15,1.09180823358201e-15,6.01159370087083e-17,1.57294556184815e-15,1.6308223707499e-16,2.45267476019829e-17,1.90152196400867e-09,-1.33347973081024e-08,-7.54619397647748e-17,-9.58469213511274e-09,4.18147301922768e-07,-1.15316382976833e-15,1.23350056243706e-15,-7.98530363189124e-16,1.83202529515534e-16,4.71675316113928e-07,1.35977084266356e-07,1.51600499110239e-15,-1.11703980576975e-15,-1.05630376260488e-07,-3.4492269415128e-08,-5.42535131810048e-10,-2.68582756417387e-15,-9.32797695474391e-16,1.25270048600501e-16,-2.97059802700672e-15,9.7814918832528e-15,1.51571319930899e-14,1.86872511042978e-05,-7.47263614789551e-06,-0.396156874240128,-1.31968271375033e-14,2.63806611810668e-16,1.1539029288002e-14,-4.83766003807855e-15,1.71223547582816e-15,-9.00406945859505e-16,3.5047856800224e-14,8.81675458023122e-16,3.6071908270431e-16,-8.49364822334161e-16,1.29136452903048e-15,-5.7301501479091e-16,2.17054570742581e-16,-1.51477856030872e-15,-6.89955013432459e-10,-4.411636724686e-16,-2.77806358092165e-15,-4.51469053247294e-16,-7.74419661243654e-09,9.08046119878073e-09,1.89446830133703e-16,1.83344283771654e-10,-4.87200463215018e-09,5.88009766249232e-16,-2.68898076057051e-15,6.41682680881406e-09,-8.98291713723234e-16,-4.6974795386024e-11,6.98775937833719e-17,-4.21136500987961e-16,-3.02618423050822e-16,2.04774402712871e-16,-7.84238649818523e-10,7.59560264035729e-10,-8.05305865164705e-16,3.36701183202247e-16,-5.34683037153193e-16,2.05765121242754e-15,6.41251374916552e-16,1.19539390567492e-15,-1.05537752523212e-15,3.59338520068293e-16,1.02473770699509e-10,-2.29173186106898e-16,-6.79607905248581e-16,1.71715087847684e-16,6.73690244230471e-16,6.69096950146936e-16,7.27336989826853e-16,-2.53344309068958e-08,-3.08258333828758e-16,1.95082344484073e-16,1.74867317097221e-09,6.53121892065837e-16,-9.73108803790408e-16,7.99640507392624e-17,8.07099662723983e-16,1.75080520473164e-09,2.10896520892984e-16,-1.35497823019351e-07,-4.13056860641662e-16,6.03788666330311e-16,4.98571556587361e-16,-4.40977422560087e-16,-3.23734172939123e-16,-1.01143335904551e-15,2.24822951356295e-09,2.20348606149516e-16,-8.76207879807636e-18,2.9299257320125e-10,-2.90057712853546e-07,-4.22826781861035e-16,5.11763343381089e-08,1.18660475507673e-07,-9.98794965637327e-16,-2.89399499206264e-16,5.9411405088815e-16,-9.38872913828221e-16,-5.65672803431225e-16,-2.18313893131584e-07,-5.49092808517073e-16,1.43777655802432e-15,3.41792086187458e-16,3.01647120428858e-07,-2.95671149837951e-16,3.96050842871604e-16,3.63422539893532e-16,-5.68526676683026e-16,-4.15633933139086e-08,-4.2787626163841e-16,7.28810761757317e-11,-9.7190787826267e-17,-7.45721968843118e-17,-1.60396276870359e-16,-9.72174155095156e-16,9.9232179788393e-16,-1.00993680177333e-15,-7.93718464584882e-17,-1.30801051634418e-09,-6.74286841192213e-16,-1.24620463333012e-15,5.541631404448e-10,-1.84610784659831e-15,6.42510122708093e-16,4.29218545398213e-15,-1.74815781620209e-15,2.17495977313841e-15,5.1924462713136e-16,-4.10982337403699e-09,1.40761015502173e-15,-2.38424086276618e-17,1.23550450814022e-09,4.24716369137934e-16,-9.46013419723568e-16,-4.50817955451578e-16,5.13666832995831e-15,1.38197116973004e-16,-3.56842350369411e-15,-5.65021054789463e-15,3.10578048488323e-15,1.31113709867714e-15,-8.79836637591629e-16,2.37012050337199e-15,-6.69355195615092e-10,2.22755852259816e-09,6.70544555426457e-15,-6.47353047397674e-17,-8.53723101090797e-15,5.53957861918672e-15,-6.89111311416579e-14,-3.04546057941606e-14,7.05637038712245e-15,6.45988450726407e-14,-2.16129571523955e-09,0.707106781186547,-1.45759466805238e-15,-5.76914133856733e-15,1.07998574573666e-14,2.55173970384142e-10,-8.07427340265905e-15,-4.1068867369484e-11,-1.90169723276312e-15,1.00428470006854e-15,2.66863524941309e-15,2.84847686969407e-15,3.66567617996136e-16,-4.20848809782983e-15,3.7609291910565e-15,-1.89014702414814e-15,2.86897974560391e-15,-9.92913928582257e-16,-7.97645727410437e-16,7.23068982858934e-16,1.09871951119183e-15,1.65120299222761e-16,-1.13608652579918e-16,1.26876200196796e-16,-1.13624575550649e-15,9.31210487944361e-16,5.29880199258896e-16,1.67618199737603e-17,4.68863229491356e-16,-3.12039998431955e-17,-1.95239335351387e-15,-2.92520805173379e-15,4.73151710306219e-16,3.52320642928237e-09,-1.56763711124559e-16,2.02218025191665e-16,-4.36981433519161e-17,6.38979551906981e-16,-1.5792240352265e-15,-1.68699752191871e-16,-1.80184904465092e-16,2.89893909755637e-16,3.52536105496484e-16,-7.60139617737879e-16,-2.71809484642116e-16,1.21930640864308e-15,-7.75341443713854e-16,2.21470261950628e-16,-9.23372977048871e-17,4.71695147311309e-16,1.35120707344188e-16,-2.75083046158278e-08,-1.57850960390054e-16,3.02431065178196e-16,-4.74024814830406e-16,-3.00372455062739e-16,4.62611633437081e-16,2.53317005579565e-16,-4.3451873071487e-16,9.82995377337448e-18,-2.5969172937271e-16,6.46222652210789e-10,-1.97125581373491e-16,-1.36971875156573e-16,1.67329275478176e-17,-8.45196018561179e-16,4.70280339624895e-16,6.11753953970128e-16,-9.19462854566995e-17,2.84771526594307e-16,2.12423255654042e-16,3.53793088764494e-16,-2.15032424944513e-16,2.10553676169768e-16,2.27183559821306e-17,1.75616657029927e-07,-2.24609271987303e-16,-5.16229986304572e-17,2.84959380029327e-16,-3.16695454583016e-16,-9.22156939282106e-10,5.51175859425475e-17,-1.38625497745287e-16,2.06390824618037e-16,1.40572445093365e-16,5.1383316719571e-16,1.64325764396994e-16,-2.00775913976192e-16,1.69707801101944e-17,-3.20299638134535e-16,-6.43200497875914e-17,7.7862521746522e-17,-3.75997514559418e-17,4.91304907329143e-17,-5.39556911089875e-17,1.74000972693098e-16,1.52269292255624e-16,-2.10187744705692e-16
"t505",0.0359037373538052,-0.0106111121973234,-0.0116035304033977,0.000679849789501543,0.00621053262830199,-0.0166104729383873,-0.00233614289001144,-4.93945825183381e-06,-0.0428679045234619,-0.0194040262066739,0.147779435775795,0.00259634156127078,-0.00508465250418646,-0.00107378772425877,-0.0293267144240469,0.000701997749841107,0.00046423429073837,-5.66484697566106e-05,-0.0266228153904783,-0.0106819271015225,-1.97711446600999e-05,6.04317310736162e-05,-0.0361523556346755,-0.00119814396252473,9.32173199825496e-05,0.00324063997073186,-0.0584212524488081,-0.000711962004038021,0.00136741804690686,0.000188226017614954,0.000193834953955137,-0.00369671418875758,-2.24882127634819e-06,0.00230562812440613,-0.0031490074928148,-0.000581427585705416,-2.66700060867487e-05,9.85787358883872e-05,0.0235820469892715,0.132953333642896,-0.000215423138705984,0.00463023161820161,-3.27125196707953e-06,0.000228161991225613,-7.96227082119167e-06,2.1416837683936e-07,2.99994906469298e-08,-9.51806349130504e-07,0.000271986847403705,-0.000706040436180456,1.04804316375311e-06,-1.69954570404908e-06,1.32207479935697e-05,-8.42304376261205e-07,9.11251480640806e-05,-7.15932576848894e-05,4.27437702245391e-05,-5.43523174418902e-05,0.000475702675177612,-8.56274864759486e-07,-8.44565275743386e-07,4.48250403902298e-05,-2.67993483521399e-05,2.00552007903645e-05,-0.00037651271879024,4.06125707818309e-06,-2.68339853964199e-05,8.34449916107186e-05,-2.03235290264736e-05,9.28684106440429e-05,-8.53221040929685e-07,2.41177301168582e-06,-8.36953716197282e-06,-5.48216010746755e-06,2.30731177708607e-06,1.96867224574555e-06,-2.0157405376901e-05,3.02165495174321e-06,-0.00143519869816451,-9.03172015704528e-05,6.29944795448384e-06,0.0004944182545654,-0.0012619338578402,-1.86445355309193e-05,0.000186172952270229,5.01513362050548e-05,-7.88136336474877e-06,-0.000135822172376441,-2.54317542490699e-07,1.02606009118253e-05,-0.000104728127383932,6.48288051878151e-08,4.5222091130173e-05,-4.27139665314096e-05,-1.00268963056008e-05,-1.20512896022659e-05,-1.41810191861759e-06,8.13564533972919e-06,-9.40916428179274e-05,-0.00222840478125229,-5.41317368841384e-05,3.64392054593556e-07,-7.78516922830784e-05,0.00031255309401186,-0.000763341797791156,1.67109422397668e-05,-0.00987783517137345,1.906395406415e-05,-0.188314517881789,-5.1325641318315e-06,-0.000126851646163066,-9.65101211370172e-05,2.77923040473398e-05,-1.07305361505735e-05,9.74641393639049e-06,-8.68017621154987e-06,0.00141612672182489,-0.0011306077157407,7.77855358290587e-05,-2.38427746238365e-05,1.25474993732271e-05,-1.97064246193881e-05,0.000245483678096302,0.000242136858321866,-1.16466124168346e-06,2.15512868529509e-05,-2.21451916472461e-06,4.78639672932627e-05,-3.66294965455161e-05,-0.00127354579247016,-9.3771296771616e-06,5.00193092286214e-05,-6.77752895184923e-06,-0.00648395427316556,5.67984716198198e-09,-6.18946297884741e-06,4.0876912881975e-05,1.48962261773214e-06,-0.000131654485693799,3.63135152056564e-05,0.000216194613043567,3.18950068558608e-06,-3.81038918640935e-05,-2.60190118980405e-06,-1.50240426745479e-08,0.0464524909717009,-8.22685007494548e-08,-3.85662218075817e-06,-2.73806503660814e-07,2.54555984333211e-08,3.10326482819189e-08,1.4880050156886e-06,1.94958622268143e-08,-4.40735457623438e-06,6.96215620191112e-10,-3.12099746884809e-08,3.88922801728287e-07,-5.23770289824733e-07,-3.76125719326846e-06,-5.3833118867104e-07,-6.02146382000078e-07,9.02317462613354e-08,-1.38396562509214e-05,-1.07094084310258e-06,8.22975442542364e-07,-6.41976377322013e-07,0.000899046834142872,1.187882186218e-06,0.000281590716917881,4.51291128442226e-08,-9.63017760181075e-07,-1.8137156866053e-07,3.29847771034207e-08,2.15491305736486e-05,2.56446444416532e-07,5.37709107550618e-07,2.39049436783191e-08,-1.16935675187294e-06,-6.39152528864146e-05,-7.50238524358708e-06,3.19593295706353e-05,1.03631576761501e-05,-2.35366955916205e-06,-1.02870479318762e-08,-3.45604761994063e-07,-2.35994321721118e-07,-0.00258024496037643,0.00200716050077865,0.0106427550753363,5.17619708683275e-05,0.000116308168447919,-6.1902654438339e-05,-1.91211342983041e-05,-2.4260797509787e-09,-2.19342068758185e-07,3.70461837702377e-05,2.32256252259119e-05,3.74893102156994e-07,-4.14737115454154e-05,-7.95015331537155e-05,-0.201010178294746,2.06485670323227e-05,-2.57307987480157e-07,-5.63962137413132e-08,-6.3857402600155e-06,-2.52716029238651e-07,2.11707861479615e-06,7.78368898328441e-08,-1.32061077733189e-06,-1.64106202596386e-11,-1.28640160885814e-07,-3.12286750341885e-09,-5.08290381583898e-08,-2.35316347828908e-06,3.80354051084082e-10,-8.71649859051734e-09,4.42631349676281e-09,3.06784241192235e-09,-2.17294337415051e-06,-6.44000092171751e-07,-3.16308810612731e-07,4.94662037810444e-07,1.16092214251039e-07,5.28368448296799e-07,-1.96399171417915e-06,-1.17527885289329e-07,-1.12651993287982e-05,-8.44904784459126e-08,-3.93147241709083e-05,-9.82376726117951e-06,6.34104439220598e-07,1.64763983767584e-07,6.63922965598668e-06,2.70075584452342e-06,-0.415643830242566,4.06766676056737e-08,8.16657137965005e-06,-6.67273749208345e-17,4.03488859244635e-08,-5.20334717612949e-07,5.79477088502268e-08,9.82841742828967e-08,9.28820000767396e-07,-1.25618490879086e-08,7.68332748354392e-08,-2.80636171471951e-08,8.40731711721157e-08,-1.63094559262856e-09,1.38088785366057e-09,7.62338311053557e-07,-8.64440972885708e-10,1.11828234313885e-07,-1.02191344921509e-05,1.81349841667274e-09,-1.4703899231007e-10,8.23721794890435e-09,-1.10566427777411e-08,1.78885182573285e-07,1.07857783749869e-05,-2.66939848805682e-06,8.28611723893399e-07,-0.00757924874324423,-9.24251257333596e-06,6.12338654384116e-08,9.27226693005153e-06,-9.65884578483987e-07,8.71164801015073e-09,7.84241568422101e-05,3.96109952612298e-07,5.45461040674389e-06,1.90135862062403e-08,-0.0914958766060566,-2.83876779103073e-06,8.75438016860691e-08,-1.20622463948404e-07,2.09910768404311e-07,-1.29378680489304e-07,7.89621741950077e-09,-1.00101893285255e-06,3.83197696760747e-09,-5.67514462012631e-07,-2.28401633920729e-16,9.38635602501775e-07,1.5256933350796e-07,7.67056177446784e-13,3.5458352965578e-09,-1.79218670515247e-09,1.96191020631516e-10,-6.72707084743414e-11,1.62416117982798e-10,-7.62652589021865e-09,2.92115261474348e-07,1.30777878103073e-07,-1.45771383066075e-09,8.14830411720654e-07,-2.81727600578232e-06,8.31673692222262e-08,-3.29889265517881e-06,2.94731739470958e-08,5.16828950897472e-08,7.98506454422496e-10,2.49968976714628e-06,-3.70193474900031e-07,1.66144848420476e-09,-5.31136110782548e-07,6.37005048052175e-08,-2.32966150332495e-07,1.7974199192872e-07,1.60573356100224e-06,8.19785049489946e-08,-2.61560971329473e-08,-1.7306794486245e-07,1.78406248788207e-08,-8.37310993212579e-08,2.34883225239781e-07,9.5349834870521e-07,-7.54163583829462e-06,2.08569406709991e-17,1.57655229065831e-08,8.71222733940625e-08,-8.72849095702889e-09,4.66403283565962e-06,5.00923163453347e-09,1.22888066678143e-06,4.93225156163988e-06,-3.88255758241133e-07,1.71654666668785e-06,1.03875652711353e-18,-2.39974150623254e-05,-1.08878697987091e-09,-4.93791750972902e-07,2.09485611116526e-08,4.16508972619199e-07,-2.88781002164988e-07,-5.18318952653689e-06,1.47651338647449e-06,-1.76328707846467e-07,1.42649104414306e-05,-5.86365683099695e-08,-6.8593468546232e-06,-1.08127048485365e-08,-2.49187024684819e-09,-3.82342372390013e-05,4.42043130268784e-07,-0.0116670586637231,-1.99409653317697e-16,1.3387045505629e-07,-6.05404443059215e-09,-1.73399697812538e-10,5.16052923952809e-10,-1.15354298634136e-06,-0.000135905003277141,9.69765483138972e-08,-3.93698729406398e-07,-2.96608507990698e-07,-4.56581255593913e-17,-7.0463235423044e-06,-2.76305156181812e-08,-2.67476880907746e-05,-1.2432888018051e-16,7.12591834947711e-06,1.37414145029398e-06,-2.93524754491962e-07,-0.00620844941817996,-1.03101222099925e-05,-0.0450188330922393,9.69081053570595e-06,-0.0195348161999008,1.46045081957339e-06,-4.76322995103569e-09,-1.68649889826826e-06,-5.0767035106673e-08,-7.00295336430744e-17,1.38039431002671e-08,-4.77592979268079e-07,-1.7840547369769e-07,9.11028412575947e-07,1.27131603318524e-16,1.21683081856328e-08,-1.38204980852609e-09,1.2388632471229e-07,1.57426697749568e-09,4.91692820520685e-07,-3.51037983320718e-09,2.32621704677838e-08,1.0237530547224e-07,-2.45848835539546e-16,8.8243177473058e-07,-4.36519081775319e-09,1.37405678287063e-08,1.6273359144496e-06,-2.15377458835344e-09,-4.84091830479183e-09,5.63785129692462e-16,8.22214215379292e-17,-4.98201120108266e-09,-3.66773801587438e-09,4.88722644748294e-10,-5.78277101545693e-07,2.1778611314257e-16,-5.28134539045234e-07,-6.52182456863796e-09,-7.37237694682179e-17,1.71887955150097e-17,-8.2261041703012e-17,9.11639214206592e-07,2.51771760673063e-08,-2.8830771978166e-08,9.07224250132642e-07,1.29332465505572e-07,2.48190608613425e-08,-1.08124495922417e-08,-6.90975591873305e-17,-2.53930722282514e-09,7.30931834772344e-09,3.02250488620414e-16,1.2860471390043e-16,-5.09602677880193e-09,-3.0329593110206e-10,-3.2559049025089e-09,8.53742463686691e-07,3.70125603594696e-09,-1.5239713727765e-07,1.90547580087048e-16,-5.63140787478199e-08,7.57934532632047e-17,-0.000137562102936456,-4.13596023748908e-16,-3.81300874816328e-09,-4.53283713908449e-16,1.9759232647109e-08,5.42498726585335e-09,0.0129953912073688,-5.55410730424823e-07,-1.48113162601263e-08,1.9163448729938e-10,1.27347217742896e-09,1.32943989169268e-09,6.39199979598451e-07,2.34623934700252e-08,1.54110257355272e-09,-4.79355217108483e-09,-9.25281003588709e-07,-1.32338310791903e-07,-2.54092171460313e-09,-4.81854288928005e-18,2.47184966969295e-08,-4.38763723090568e-09,2.40849118632797e-09,6.86189433950083e-17,4.53911577881899e-08,1.31627825307712e-07,4.24326370719632e-08,-1.1506062509325e-16,-1.0317976057657e-08,-5.88739423656882e-07,1.75115243726296e-16,-7.37553065749601e-09,1.69772990151059e-08,5.641141236209e-17,7.57863469422416e-17,-6.31210663070154e-10,-3.5694304707673e-07,-2.04183555897308e-09,-2.84585698725695e-06,8.01879323049945e-08,2.11628187833741e-09,3.69238128120428e-07,1.91776641902263e-08,-4.86648471324162e-07,8.23776810654486e-16,9.06346356324213e-11,6.62915152012197e-09,1.85265379541143e-08,9.89066412136806e-06,-4.005762219565e-16,-8.80630711683637e-17,2.38026663212591e-07,8.36489877036997e-18,-6.17903359656606e-14,2.58292170810754e-08,-3.86199125086806e-08,-7.23384051868515e-09,-0.00199578104289097,1.19570188320371e-07,3.39520932524795e-08,5.20716198831418e-08,9.23773647927472e-17,5.3134213992261e-07,1.46586560489573e-08,1.14595207164473e-07,-6.46919288560019e-09,2.58218498341909e-08,-9.16357633593799e-17,-2.14701559355746e-17,-4.05246256071351e-16,-2.41511321585356e-07,-1.10938281133038e-09,-7.19602765847379e-08,1.26921482664066e-17,-8.57971095860678e-10,4.48757934258052e-16,8.49551647249163e-17,1.50398769433294e-07,-3.77164684991582e-08,-1.4137996329211e-16,-3.23929140817312e-07,-4.52521794894263e-09,-1.6857602515352e-16,1.17909070971784e-08,2.48181818578687e-16,0.000135654373199295,1.43221616245235e-15,0.00282251658898858,-1.42702175498443e-07,-1.97213967015684e-09,-1.27481012215988e-07,5.51124585103085e-08,-1.92613337405374e-09,7.29880400208784e-08,-7.44738206733846e-18,4.62937501932791e-08,-2.6234521479546e-09,2.96826830727875e-16,-3.47270695606429e-10,-7.12808970524157e-09,1.66473688225938e-09,5.65262686750955e-16,5.3993135810874e-09,7.15056319152534e-09,-3.76964447977363e-17,-1.98683583622132e-07,-1.50890890980031e-07,-2.0628556813275e-10,-6.56376327289171e-16,-1.53963778765315e-16,3.69060473261598e-09,2.00442250212589e-07,6.97731691956277e-07,-1.52870753431779e-09,1.35929725647805e-07,-6.44797970705164e-16,8.11125859502399e-16,0.000347697100297458,-4.06792168785496e-10,1.40141693438372e-16,8.83912509814638e-07,-1.95360276807365e-17,2.71224846914645e-09,-4.63291522310246e-08,-6.1993426280709e-08,-4.11143538876801e-07,-7.60233015343308e-17,-3.76413465243563e-16,5.61256832404372e-16,2.612852417753e-16,-3.12272901796195e-10,-1.08089838266046e-09,-3.23522169945196e-16,-1.79384544868959e-16,-2.23209604876898e-16,1.50873804223589e-09,1.35049849749095e-11,-7.34924123771998e-10,8.72240852676928e-17,-1.42857188752121e-16,2.13370987545147e-16,-2.99912202188215e-08,9.15904234054939e-10,-8.12353769658636e-16,1.56895182683825e-10,-4.06241612167205e-09,1.69510195324318e-16,-1.06344873302328e-16,-1.64302940100525e-06,-2.77359217412642e-11,-9.91996673324245e-06,2.68385011851061e-17,1.43913475815493e-09,2.27981128890843e-08,2.37709690327527e-08,-8.48910764374916e-08,-4.97334013870171e-09,7.89388369908575e-11,1.87365528838171e-16,4.69755671482106e-16,3.06247341929476e-16,1.2472132398911e-09,-1.12526573458411e-09,-4.26407014691394e-08,-2.67848044298103e-10,2.46471107524365e-16,1.42574547771953e-16,3.93448892680964e-16,-1.46516335478718e-15,-7.14779914466159e-17,9.45399609922079e-10,1.10517294283353e-15,-5.66973410134783e-17,-2.26466136404339e-08,6.90257434870202e-16,-6.824553722843e-08,-2.52779685868153e-16,-1.4398685190072e-08,1.83045816576885e-16,-1.08955555014195e-08,-1.95263395067982e-09,-7.16635296837844e-10,1.36090315383733e-16,6.83510809922589e-08,-1.01155495724428e-16,-3.47921308665592e-09,1.86772408001145e-09,-1.06901028142936e-11,2.84776981587295e-16,-7.79537708694067e-08,1.69708154557969e-18,8.0744475665783e-09,4.18879770305828e-09,-1.65731235431884e-15,4.85174645188925e-16,-1.89990142894701e-17,9.46884807105662e-17,8.19168602125222e-10,1.83671960585514e-06,1.05441581336052e-08,6.51976511063715e-16,-6.82037671540352e-16,8.76926828410198e-10,-7.25128042550552e-09,1.46817790169848e-15,5.89665470883811e-16,2.09363219794933e-08,-8.30149050680451e-16,4.38407694120361e-07,-4.45697621611868e-16,-5.03382397833864e-08,2.08359094573537e-15,-1.93880916999782e-15,3.09864870165334e-16,-3.61694517420363e-15,-7.32627872718165e-16,-4.40687705529636e-16,-1.56983933558488e-09,1.10533400763297e-08,7.1931572385277e-16,8.84419611147391e-09,-4.0347928180042e-07,1.65324838969619e-15,-2.45841310980973e-15,1.79040620098446e-15,-1.80226036610154e-16,-5.51972464441702e-07,-1.66505660746587e-07,-2.47583079004658e-15,2.09106615161959e-15,1.36082729751306e-07,4.47318117302749e-08,7.1955756481662e-10,6.8524369239781e-15,1.37335899025567e-15,-1.22011818748498e-17,7.00323598113736e-15,-2.12393592335703e-14,-3.12410080274427e-14,-3.62290818780664e-05,1.5042674858994e-05,0.828242519996681,2.7846944898252e-14,-4.78003484679014e-16,-2.31533204236936e-14,9.05241440109415e-15,-2.0656858362927e-15,1.4449621227423e-15,-7.36394018775538e-14,-1.81026711890704e-15,-7.82135692435091e-16,1.56918205731623e-15,-2.7824615143907e-15,3.42962398178041e-16,-2.29173921564785e-16,2.88388480778594e-15,3.08780044474677e-09,8.84441993427478e-16,6.56338955704907e-15,1.52756170987554e-15,3.95111858006938e-08,-4.78325335424776e-08,-6.96639894098582e-16,-9.85475940637196e-10,3.15424929408045e-08,-6.23394252000996e-16,7.07274292656891e-15,-5.46780599411911e-08,1.07387352210039e-15,6.26339241580645e-10,-3.08196556961348e-16,-7.41595181448694e-18,4.74240354740157e-17,-1.78393666428871e-15,5.48273568849013e-08,-7.28339447503519e-08,2.36031711912034e-15,-1.27641543584476e-15,-7.59059249843732e-17,-2.40916959856576e-15,-1.37460572438575e-15,-4.0894162635379e-16,1.09297900746047e-15,-5.44458386373775e-16,6.53904928410948e-10,-4.14883988792576e-17,-2.04237297783088e-16,-1.0519670272274e-16,4.07032620290666e-16,-7.91583337316316e-16,-1.13831947058558e-16,-1.36274088729665e-07,8.89834557859333e-17,-6.33395702168484e-16,9.15185297148756e-09,-1.01425235924269e-15,-9.90807636332081e-17,-1.33121846880718e-17,-5.46676114525707e-16,7.07958214851086e-09,-3.08758695509562e-16,-5.28068559503035e-07,7.83686841839158e-16,-1.76638110644784e-16,6.36972440104557e-17,-4.63375726542569e-16,4.02381771814704e-16,-2.2764218683306e-16,8.17905021278523e-09,-8.38572297220133e-16,1.22151518799651e-15,1.01615445694904e-09,-1.00365714706064e-06,-9.24306991701823e-17,1.70476855476268e-07,3.90796068612692e-07,-4.25641661680747e-16,-5.97408533793468e-16,-1.15631723366445e-16,8.18761802713368e-17,7.4986457844191e-16,-6.21915555559949e-07,6.92507970016608e-18,-1.5908963157165e-16,7.49181184448759e-17,8.32677487770323e-07,-5.12541038998471e-16,-1.9093278624811e-16,-1.17965964700503e-16,3.42803618427224e-17,-1.10377860828438e-07,5.68421573056558e-16,1.91366270631374e-10,-8.52726122213127e-18,1.11302975652691e-16,-1.14151926005333e-15,1.00096725507617e-16,1.78550589890682e-17,-7.70365002576194e-16,8.2921807745116e-17,-3.24840622130264e-09,-2.67018898583503e-16,4.23602480046267e-16,1.35874256876775e-09,-1.84251554911499e-16,-1.03937916315863e-17,5.43245004933716e-17,1.736558077016e-17,-3.2385652851863e-17,3.4816653063345e-16,-9.70192964456452e-09,3.45094503324607e-16,-3.35856088572631e-16,2.87050121044907e-09,-5.00040221126076e-17,-4.88211072190354e-16,1.78644972833513e-16,6.81367004360537e-16,2.37043222525333e-16,-1.03201788101021e-16,2.18647506676572e-16,-3.80279698550552e-16,-4.93143234605977e-17,3.89606555764648e-17,-9.93915984129575e-17,-1.47345306257575e-09,4.87412522558775e-09,-9.06907817393859e-17,-1.56029648546969e-16,5.37256028298317e-17,1.14209837077916e-16,7.55580494005148e-16,5.17011340484066e-16,-6.22124077059853e-16,5.61063171146651e-16,-4.58960036674038e-09,1.38091271864619e-15,-2.04002830158873e-16,5.3061167215734e-16,5.37948336076023e-16,5.29181153818091e-10,-6.61178216693203e-16,-8.30686266937389e-11,-7.72909514056115e-17,-1.59394981731238e-16,-3.01000871636776e-16,7.8542443175296e-17,-2.08015878830257e-16,-5.90408114036775e-17,1.51350077019929e-16,2.98134444099848e-17,1.40206446269791e-16,-1.65900477033501e-17,3.6632461982652e-16,-8.3425686642804e-18,-5.49831014270055e-17,-2.00583472717107e-16,-6.26722971621764e-17,-5.72779800045879e-16,-3.98168854031013e-17,1.61453165773908e-16,7.93280395682537e-17,3.27508632598648e-16,-2.96746134609283e-16,-4.23086014242718e-18,5.74344231347255e-16,-1.68815832365486e-16,-3.07743127409497e-16,6.58522072902265e-09,1.4831100282865e-16,5.04293036890893e-16,-6.6914207815441e-17,-2.07146359891929e-16,-8.39701977046508e-17,1.06455987686172e-16,-2.32830230865594e-16,4.06202028572582e-17,2.21367465871482e-16,1.018352768961e-16,-4.56449114616397e-16,6.91966736586923e-16,1.1851104564996e-16,-2.55028153955684e-16,1.31198173195251e-16,-3.51113783266437e-16,-1.42968802659557e-16,-4.91995958191233e-08,-1.37373051509568e-17,-1.92691595994579e-16,2.76358730887329e-16,-2.33243794376196e-16,-4.43449289306711e-17,-1.70290887602448e-16,9.41410464411811e-17,-7.18670964519186e-17,1.32353580581245e-16,1.11111169928586e-09,-8.8615750225565e-17,-5.77460298182349e-17,1.0757383560304e-16,5.70334830038653e-17,6.42777003299248e-17,-2.67799918188725e-16,-2.80963493089151e-17,-2.76990351662682e-16,4.91308217870855e-17,-8.05217560454065e-17,3.86092707377442e-16,-1.83626141167352e-16,-1.30981876293413e-16,2.91680433978697e-07,-9.42999083372738e-17,1.71546117539837e-16,-1.35276509303087e-16,-2.84494650060196e-16,-1.50928008750845e-09,5.22109895087014e-17,4.86581368683864e-17,-8.65081087635902e-17,-1.09136357003964e-17,-1.69299545977276e-16,-1.73726690719257e-16,2.81821151878042e-16,-2.60511690354394e-17,8.57921893329075e-17,1.17492175217262e-16,-3.08044566638646e-17,3.72880406013955e-16,-1.17410808659769e-16,-3.10174720549261e-17,-1.2294247989245e-16,3.06230263579104e-17,-2.79552708469283e-16
"t792",0.0358469758539082,-0.0105756874508871,-0.0115635346222815,0.000676704900765644,0.0061753159941446,-0.0164998459252229,-0.00232027616942553,-4.90322006343283e-06,-0.0424959200555611,-0.0191994439847998,0.1457966045717,0.00255327478268374,-0.00499779908904964,-0.00105516304785166,-0.0287954452641909,0.000688514768719731,0.000455100524219832,-5.55132868196188e-05,-0.0260766954868754,-0.0104434219261143,-1.92927130853054e-05,5.86570831920013e-05,-0.0350291663081254,-0.00116069987819227,9.02922548889179e-05,0.00313392756295169,-0.0564738839397625,-0.000688009074583043,0.00132013178482349,0.000180485661212051,0.000185308762245642,-0.00352632672444224,-2.13726858442871e-06,0.00218551604855218,-0.00297606446105347,-0.000546773396645868,-2.50588913977427e-05,9.25224935757026e-05,0.0221227326411055,0.124594753647888,-0.00020146216533311,0.00432234131543699,-3.05023767432688e-06,0.000212726536974007,-7.41348246474324e-06,1.98386167962579e-07,2.77443810414442e-08,-8.79590752682689e-07,0.000250813331497794,-0.000649552033587873,9.61137101261665e-07,-1.55628216194863e-06,1.21036351389101e-05,-7.69679271271466e-07,8.29565680927828e-05,-6.51381726139609e-05,3.84796425734367e-05,-4.87839788304115e-05,0.000426814091183172,-7.62515148813422e-07,-7.47694705432039e-07,3.95665491586261e-05,-2.35982373138727e-05,1.7648824518226e-05,-0.000329815241107751,3.54262678505611e-06,-2.31854567737343e-05,7.17834262279296e-05,-1.74473817975485e-05,7.94277792742905e-05,-7.14857589812443e-07,1.98724587179228e-06,-6.87806381011755e-06,-4.48033124500659e-06,1.88434289906935e-06,1.60387602219443e-06,-1.64062490006439e-05,2.44750906534768e-06,-0.0011495643684133,-7.20079579943304e-05,4.98208514756939e-06,0.000390330890284182,-0.000983149739212822,-1.44662150773149e-05,0.000141855780762728,3.80182471949217e-05,-5.94336870693869e-06,-0.000102336308449214,-1.91574649895733e-07,7.72484226100982e-06,-7.86862923398594e-05,4.77567103076768e-08,3.32512271427827e-05,-3.1007724879404e-05,-7.11284615325397e-06,-8.51818294322476e-06,-1.00218412817936e-06,5.69632660497733e-06,-6.56493061412493e-05,-0.00153389302168265,-3.6839468536719e-05,2.4773317123689e-07,-5.28663895732297e-05,0.000200724270049,-0.000488025271739599,1.06460443067263e-05,-0.00625296096879724,1.20464232346936e-05,-0.118615461997137,-3.21715105749824e-06,-7.93847739735269e-05,-5.98174150870874e-05,1.72057470004282e-05,-6.46985111546743e-06,5.84228598381156e-06,-5.1357062568999e-06,0.000832874655135709,-0.000653868563757266,4.4239137647116e-05,-1.33846192845205e-05,6.99076107649989e-06,-1.06867210705439e-05,0.000130714439965318,0.000128840461770432,-6.1805066474318e-07,1.12144785211081e-05,-1.15043506561689e-06,2.44326619773148e-05,-1.77214860602238e-05,-0.000615758315271067,-4.51298119375425e-06,2.31385259988722e-05,-3.1099288722194e-06,-0.0029575921259541,2.52679823377992e-09,-2.74372918356144e-06,1.71140371303348e-05,5.92996531997591e-07,-4.85562117247106e-05,1.33622113280867e-05,7.84369351381116e-05,1.14872895611362e-06,-1.35602840637745e-05,-9.21677991212428e-07,-5.32167294411439e-09,0.015900731321969,-2.61514739101683e-08,-1.12632855276848e-06,-7.81570760703572e-08,6.88942132999643e-09,8.36181939054687e-09,3.92396498334101e-07,5.07480337177497e-09,-1.13007203614467e-06,1.52854378570763e-10,-6.66221533117256e-09,8.1331281612175e-08,-5.36197318689833e-08,-2.77538298807199e-07,-3.73064834704794e-08,-2.64945294165577e-08,3.4922361502918e-09,-6.44766767739957e-08,-4.43059550558341e-10,-2.84453082812445e-08,4.48982206720907e-08,-0.000163947767733659,-2.21685583431758e-07,-5.28606141571707e-05,-9.22705939608156e-09,2.16188733385317e-07,4.12469235848432e-08,-8.86208021176302e-09,-6.07783156666085e-06,-7.99262250942144e-08,-1.71586451963518e-07,-7.71992979205821e-09,4.64209897588336e-07,3.07070234200149e-05,3.71819154235729e-06,-1.63086986383133e-05,-5.75277837374413e-06,1.34857150115246e-06,6.07724798953702e-09,2.10080514305486e-07,1.57531171098174e-07,0.00176201401861485,-0.00165832164940821,-0.00884731732736372,-4.57703019371783e-05,-0.000121514692396819,7.41330768850949e-05,2.40013370222669e-05,3.26641639218969e-09,3.11230785802756e-07,-6.15644435575964e-05,-3.9963420726761e-05,-6.94956192223034e-07,7.98436317337077e-05,0.000208210080746228,0.534618902232217,-6.34301255975144e-05,9.21145538041312e-07,3.13850724345689e-07,3.56221229188748e-05,1.48004591388787e-06,-1.45696699871487e-05,-6.07451549176213e-07,1.56666290310874e-05,4.98182686334125e-10,-1.9610627739838e-05,-1.68757379204201e-07,-7.11962411233806e-07,-2.34503775890897e-05,3.76182666122908e-09,-7.0501667631274e-08,2.43840983076273e-08,1.5904192213592e-08,-8.48313757144004e-06,-2.1193701563917e-06,-9.8392543151231e-07,1.2276009801088e-06,2.7304385143994e-07,1.1709677377002e-06,-3.60104855909145e-06,-2.0691211557786e-07,-1.96330561385639e-05,-1.1514240713547e-07,-4.4699013203892e-05,-8.67480077401697e-06,4.85187843464838e-07,1.05496655431775e-07,3.45252693740489e-06,1.31060593464242e-06,-0.060587119698236,-3.57786094678273e-09,-3.00613649131685e-06,1.39614927470786e-16,-3.38285112802951e-08,4.91783360594741e-07,-1.07711331653532e-07,-2.85705759622766e-07,-3.91949321056498e-06,5.42586657795517e-08,-7.89755253255818e-07,3.52809569938068e-07,-1.17244520681837e-06,4.42991291550093e-08,-9.02378787604623e-08,3.71212284655792e-05,-2.45292595231797e-08,2.71923271477871e-06,-0.000142563808982717,1.00345273608261e-08,-6.8081708223507e-10,3.35794553477438e-08,-3.54199194363891e-08,5.63905007045998e-07,2.90956029705571e-05,-6.59503295758954e-06,1.79655063073169e-06,-0.01572506418986,-1.82826199864478e-05,1.13002221169797e-07,1.52996632600939e-05,-1.57219868010589e-06,9.73657969317324e-09,8.66942914631731e-05,4.32441344271801e-07,5.15023372035794e-06,1.68815291457704e-08,-0.0642763912718168,-1.89311278964239e-06,-7.27840809992331e-08,1.2824872561386e-07,-2.65002615150141e-07,2.30704271452363e-07,-1.80095302279852e-08,3.82110846960061e-06,-1.6966593520742e-08,2.83100845042857e-06,-8.35824459637143e-17,-7.26220170667327e-06,-1.25739765804368e-06,-7.8716825825593e-12,-7.1016952651644e-08,1.0674671827787e-07,-6.676155450538e-08,-1.90359616638939e-08,2.30945681534914e-09,-1.03307014987244e-07,3.9076195251364e-06,1.45794958463876e-06,-1.16049469943205e-08,6.21782323334745e-06,-2.09129913059605e-05,5.68822770268285e-07,-1.79895034040013e-05,1.49924411674772e-07,2.61920575007901e-07,4.04222827621986e-09,1.10658562254117e-05,-1.46031162897446e-06,6.471438402899e-09,-2.03212908831388e-06,2.38712708628404e-07,-8.67646038437455e-07,6.37742979734386e-07,5.67769204116203e-06,2.8805812336604e-07,-9.15197807658133e-08,-5.97353878841454e-07,6.06817303360192e-08,-2.81064452582679e-07,7.8399867377275e-07,3.15265587662472e-06,-2.44511164067406e-05,-4.60284320523133e-17,4.58607891434725e-08,2.50873469010783e-07,-2.47583033258919e-08,1.32236228351321e-05,1.41956854505836e-08,3.46975799945044e-06,1.38302967057865e-05,-1.07979363775142e-06,4.69523788387062e-06,-1.2340405417405e-16,-6.31754320912399e-05,-2.85262602503558e-09,-1.2804564994309e-06,5.4254855591967e-08,1.05112244294389e-06,-7.1822060851777e-07,-1.2621896143192e-05,3.54239830369594e-06,-4.09098973729307e-07,3.20278894173305e-05,-1.28764181290898e-07,-1.48685016543338e-05,-2.32448615100922e-08,-5.27662838252442e-09,-8.08249774159241e-05,9.24146347682666e-07,-0.0241771970028085,-1.19631020370756e-15,2.57953910495698e-07,-1.14699694433095e-08,-3.28466596554794e-10,9.27642240061563e-10,-2.0559157953236e-06,-0.00021432722848603,1.46563899119511e-07,-5.89726952851567e-07,-4.28795970821774e-07,4.79345301027132e-16,-9.74550861689605e-06,-3.75465805103994e-08,-3.3807260632773e-05,-2.59935772631868e-16,8.20963791786245e-06,1.54476216831586e-06,-3.25650225444302e-07,-0.00669572049298753,-1.056605968909e-05,-0.0442534930011042,9.1996204009964e-06,-0.0164909640194868,1.21385587362742e-06,-3.58688568195375e-09,-1.01874257858638e-06,-3.02581724137591e-08,4.18380772603337e-17,3.44734910924307e-09,-8.63752759060232e-08,-3.23550262424474e-09,-2.38944042506408e-07,4.68638947227061e-17,-1.28723190004667e-08,3.45272345263214e-09,-4.34079317536411e-07,-6.45556946254302e-09,-2.44323122509628e-06,2.54985597249269e-08,-3.69070739797904e-07,2.30095923722045e-06,-2.18232311151962e-16,9.06855185172934e-06,-4.32693956361964e-08,1.27280608406963e-07,1.39134604515847e-05,-1.83117230920651e-08,-4.03438205079918e-08,4.71844785465692e-16,1.75388108591852e-16,-3.75917011677922e-08,-2.58147122272681e-08,3.41306194224881e-09,-3.83583905563931e-06,1.22015056803477e-15,-3.20074914564627e-06,-3.82509996053114e-08,1.51355504807743e-17,-9.87894312869469e-17,-2.26991601485874e-16,4.92066258681883e-06,1.34682669746022e-07,-1.49835241972125e-07,4.61044771218335e-06,6.5560368652464e-07,1.2305774566924e-07,-5.34779830843669e-08,-1.10295428533281e-16,-1.20467174287435e-08,3.41810669537965e-08,-1.08666098670766e-16,-1.08807514982113e-16,-2.24296394479525e-08,-1.31215271025832e-09,-1.37210721014691e-08,3.5246925650664e-06,1.4536479695865e-08,-5.92619370233751e-07,6.33525856791914e-16,-2.15787542126519e-07,5.04634872934814e-17,-0.000500404938871896,-2.39256314413239e-16,-1.31712762843484e-08,-5.33901019925359e-18,6.21012889837932e-08,1.66268926812368e-08,0.00911463427982262,4.45968781186392e-07,2.66136551314312e-08,-4.16308318242556e-09,2.83786236693402e-08,1.14286060635851e-08,5.47900678324966e-06,1.84957604165684e-07,1.10029968616458e-08,-3.16656252717547e-08,-5.86730293185579e-06,-8.20010562287689e-07,-1.55991538010074e-08,-1.0694560569777e-16,1.48413345653885e-07,-2.59612273362289e-08,1.39726463209423e-08,-1.62704711606429e-16,2.62885328782812e-07,7.62218785923749e-07,2.45889724882204e-07,3.51823376928482e-17,-5.98225078726577e-08,-3.42409466455453e-06,7.45440568586807e-16,-4.2985679314301e-08,1.00882518737472e-07,-1.64135335644494e-16,6.74000295850808e-16,-3.7902875126861e-09,-2.14554667331586e-06,-1.23337992628259e-08,-1.72960443746762e-05,4.94808392748775e-07,1.30770344096558e-08,2.28619009865159e-06,1.21578302098808e-07,-3.15281232713727e-06,1.62630325872826e-18,5.92353743439018e-10,4.3392217318559e-08,1.21932087228155e-07,6.55328668330333e-05,-2.75344918146679e-16,-1.28582589759527e-16,1.59200488931186e-06,-7.19564534913522e-16,-4.35154555018903e-13,1.83226728796433e-07,-2.75089679495011e-07,-5.15261775262768e-08,-0.00286920120824056,1.28534091893905e-06,3.40103887292552e-07,4.50762782264442e-07,-1.65986004706387e-16,4.54095819008741e-06,1.27511691888952e-07,1.00303590924228e-06,-5.85399938130781e-08,2.5072296461654e-07,-1.37050190808773e-15,-1.81826442380177e-15,-3.05658741235638e-15,-2.66005044779613e-06,-1.30484892145901e-08,-8.50915069559396e-07,-4.28455904229883e-16,-1.09054378022046e-08,3.43591099905504e-16,3.1601457784218e-16,3.08123149931955e-06,-7.79412590925217e-07,-4.92097682047721e-15,-8.11621901267902e-06,-1.30276543250651e-07,8.87333198154723e-15,5.00564325353225e-07,-6.61153871583786e-15,0.0151966990281877,1.81342144853334e-13,0.374110836405658,-2.20705626296135e-05,-3.76496015721119e-07,-3.62921505884267e-05,-0.000126273396705717,1.19216511768451e-07,-1.79114423542722e-06,2.99487609528887e-16,-6.03767727247745e-07,3.24190813924534e-08,4.96848828324311e-15,4.00454700648283e-09,7.2951822265362e-08,-1.53959897073947e-08,3.21325203265733e-15,-3.65132890036474e-08,-4.56522511807438e-08,-5.63036378689576e-16,1.17706431491183e-06,8.62094503344019e-07,1.03324925003695e-09,-1.52561328813067e-15,-3.69555729604296e-16,-1.37095992001398e-08,-6.57062164039872e-07,-2.22932026297074e-06,2.76992846058438e-09,-2.226325176241e-07,2.77769283012452e-16,-1.60930031433093e-15,-0.000529817314562131,6.14122060311234e-10,-3.68962688672296e-16,-1.1740819194713e-06,1.68902103245401e-16,-3.15635251695259e-09,4.41539975152418e-08,5.81918597209409e-08,3.63003255925943e-07,-1.53755953006671e-16,-4.23763059529159e-17,-2.44672148152983e-16,-1.27476385873922e-16,1.32724588966394e-10,4.21994711446736e-10,2.87387514372842e-16,-6.24143368951015e-16,2.86094510574602e-16,-4.04743703385238e-10,-2.92668022824618e-12,5.90474704911065e-11,1.37804343982819e-16,-1.48657670374919e-16,5.6806772827378e-16,-1.06178313239576e-08,3.37472844201207e-10,1.66971791133944e-16,8.32900521373979e-11,-2.42171376071194e-09,-3.57549078566929e-16,8.0131852225706e-17,-1.2331926713887e-06,-2.1163916219892e-11,-8.48096157167687e-06,-3.51230724935481e-16,1.4563141363988e-09,2.5101197207266e-08,2.92230175103907e-08,-1.20132281538115e-07,-7.29886011746754e-09,1.23892906006834e-10,3.307639737357e-17,-1.06705463379609e-15,2.56588953388426e-16,2.85789435196913e-09,-2.59404954793816e-09,-1.03410809298907e-07,-8.60474543647651e-10,4.53902872727256e-16,7.69678044658331e-16,5.02105158530572e-16,-5.25370616751227e-16,-4.92680215624258e-16,4.45230664422277e-09,3.25023063304455e-16,-1.528376426438e-17,-1.30170679452585e-07,4.62951609397914e-16,-3.96954072495779e-07,-1.48339733472589e-16,-8.54706417353286e-08,1.53382724749879e-16,-1.08226377818991e-07,-2.32036716819744e-08,-1.22501531814944e-08,-6.26708087039884e-17,2.61573142441863e-06,6.91848342337442e-17,7.13586782681574e-08,-1.18470271296192e-08,6.56781025701448e-11,2.78867916389569e-16,3.67508328259702e-07,-7.37342200540412e-16,-2.70986312389462e-08,-1.38491422507908e-08,8.05270389604299e-18,2.34751849079686e-16,-4.04281637660556e-16,1.00799597227069e-16,-2.14054265567483e-09,-4.52932109892975e-06,-2.43522924615981e-08,5.55995969392889e-17,-2.15413413465932e-18,-1.50915643736742e-09,1.23238964131345e-08,2.68431042867658e-17,1.69467095925285e-16,-2.52905331126362e-08,-2.109198476619e-16,-4.92894203571693e-07,4.1950127741762e-17,4.5900066085508e-08,1.10453642690249e-16,-6.1946376043604e-16,8.62499016878231e-17,-2.26544150333666e-17,-3.96984952237973e-16,6.23314220378655e-16,9.10374799414138e-10,-6.36934653379046e-09,1.62798788028629e-16,-4.27311389064166e-09,1.8030482730303e-07,2.16928968909526e-16,6.24220263621994e-17,-2.50950140641473e-16,2.4232900643224e-17,1.68719153544825e-07,4.59256171364001e-08,-3.51865796735608e-16,5.34576819719447e-17,-3.31744310704642e-08,-1.07222680991749e-08,-1.62675350318562e-10,4.24137587968174e-16,8.66396863215158e-17,-3.02351555781896e-16,-6.01499090688721e-16,-6.93741542045338e-17,5.38310635095053e-17,1.17061551147627e-06,-2.47479920674576e-07,-0.000851998816978314,8.08837601557135e-18,-1.02905340422141e-16,4.72504381865502e-16,-5.79870210176952e-16,3.77637694357857e-16,-9.67928931697503e-16,4.1786010399604e-17,-2.13327049054085e-16,7.13572114263195e-17,-3.08201101660595e-16,6.56513924413283e-17,-2.31151403488677e-16,-7.72623624671698e-16,-2.6661530962524e-16,6.74969877213349e-10,1.324080236667e-16,2.65199119017161e-16,1.10213813967016e-16,9.60434974998497e-09,-1.18912570922719e-08,2.32336311646523e-18,-2.48346045021589e-10,8.84763543155842e-09,-2.59963954292454e-16,-1.3371440720426e-16,-1.71853262306579e-08,1.16795796571975e-16,2.21320323234679e-10,-9.26510062074534e-17,-8.18255277028604e-17,2.38648307271931e-16,-3.35580862400892e-16,2.2492103110059e-08,-3.01463585397147e-08,-5.02907279532095e-16,-6.55352871470679e-16,6.62783965649778e-17,4.02148887174906e-16,5.17001805949713e-16,-7.23789339539405e-17,-4.26657845768184e-16,6.38618987029405e-16,3.7738529111993e-10,3.70663095398605e-16,1.33582804984067e-16,-1.80899111440271e-16,2.61513435312174e-16,-3.59842393727865e-16,-2.72814864854997e-16,-8.26797301023686e-08,3.83992830908923e-17,-2.14319028121532e-16,5.60082153756599e-09,-3.16666285094066e-16,-6.6694963713492e-16,4.94685624933186e-16,4.49235681456345e-16,4.74406554802279e-09,2.37414708909432e-16,-3.59000919884479e-07,7.60872424736781e-16,-6.14252863935176e-16,4.18732801757312e-16,-9.18410931411763e-16,2.23994253778973e-16,4.00518380362296e-16,5.71806903998817e-09,-5.87362208835956e-17,-8.75416111296396e-16,7.24919529265863e-10,-7.16715518891437e-07,1.52378890190116e-16,1.23775055247575e-07,2.85178786447727e-07,-4.84662368266945e-16,4.53601958103545e-17,1.11082979986149e-16,3.1480870167657e-16,-6.90477381859355e-16,-4.85752937686735e-07,-3.10657131979712e-16,-1.41706487738909e-17,-2.26165418460398e-16,6.6062494833229e-07,-4.95751636914922e-16,2.67355365645136e-16,-1.95521385317899e-15,3.67187055343653e-16,-8.93114075392382e-08,1.55754138718823e-16,1.55753721709361e-10,-5.47439941760117e-17,-2.66813299705248e-16,1.17974459497619e-15,5.13237499703641e-16,1.22076513844735e-15,1.16105151819775e-15,-3.02638401941572e-16,-2.72281560331983e-09,1.56458794959937e-17,1.79172801088224e-17,1.14679989930095e-09,-4.20188013239543e-16,-3.43019143038127e-16,1.9911242530001e-16,3.07626553202544e-16,4.68787606509318e-16,1.65708684289321e-16,-8.36070613512452e-09,-1.02920051940264e-15,1.47179136856154e-15,2.49577587396821e-09,3.76641236893276e-16,-9.37960000099069e-17,1.2460088850873e-15,-8.89222238496994e-17,-2.88085145546576e-16,4.3278554648058e-16,-6.8320057957334e-16,-2.46908600917214e-16,-3.83193915126222e-16,4.47049516608815e-16,9.3633892788008e-17,-1.32114567517842e-09,4.38559875795163e-09,-3.37447982170862e-16,-3.06385950059222e-16,6.85049587655646e-16,-5.36264472401163e-16,1.7724537115793e-15,-2.05230846195777e-15,1.05438749585572e-15,2.91551629856716e-15,-4.20288225675137e-09,5.08217932083482e-16,1.57057853687304e-15,1.29287349480234e-15,8.23238773253882e-16,4.91495146217001e-10,-2.68126319657292e-16,-7.83300414449144e-11,6.39368974280727e-16,3.26920516502496e-15,-5.30606550257498e-15,-2.21640213538879e-15,3.46938139905558e-15,-7.73395505985695e-15,1.61096911895657e-14,-4.29315404943856e-15,4.5798636616617e-15,-1.25912090471648e-14,0.707106781186548,1.03917360955224e-15,1.0780673858554e-14,-3.10751452409394e-16,6.91375599191816e-15,-2.69689742313272e-15,3.78477953236066e-16,-1.09865005789157e-14,-2.22629470078221e-16,-3.54406736969529e-15,-5.97595974441423e-15,5.00010020741667e-17,2.83208674712601e-15,6.56742495486639e-16,-4.77549714173085e-16,6.52298442119131e-09,-1.91867205495882e-15,-1.03918929404249e-15,8.36174880133172e-16,-3.68567907768549e-15,3.91279665902956e-16,3.49098058052492e-16,-7.16612951433915e-17,-4.46377989012569e-17,-1.20159255788875e-16,-1.75731866758158e-16,5.81457625103976e-16,-8.44819618880272e-16,-5.60544723237145e-17,-1.24643090312598e-16,1.91918111680884e-15,-5.02194691603791e-16,1.30687422064397e-16,-5.01394703579503e-08,-1.06214045639461e-15,7.49045679568901e-16,2.84271386292072e-16,9.2108120337815e-16,-4.58060513107164e-16,-6.046212810764e-17,8.88873705869924e-16,-1.13802487897659e-15,7.9901789484431e-16,1.1621267939828e-09,3.65450679920362e-16,-4.2635707207932e-16,1.44127289002904e-16,-5.43208906537967e-16,-8.0009352238598e-16,9.20794253530872e-17,7.26822096484665e-17,8.3539942990858e-16,-4.92777734165871e-17,2.11817197244343e-16,4.31769102788286e-16,-1.68289089269716e-17,-8.41323843856601e-17,3.12229611728665e-07,-3.23805884517609e-16,3.53337497111186e-16,-8.21883659731785e-16,-8.5792917908778e-16,-1.63174422965731e-09,2.13619277643797e-16,-3.73267896104798e-16,6.31772297970503e-16,2.68403986209971e-16,2.61950978485645e-16,-5.23221853124699e-18,7.03922551259417e-16,-1.79077265576211e-16,5.07648289470277e-17,1.50783120621084e-16,1.55688197840535e-16,8.0483184585255e-17,-1.01283599538934e-16,-8.30483148999665e-17,-3.71627260704694e-16,2.34281619930096e-17,-1.44810162820548e-16
"t793",0.0358469758539082,-0.0105756874508871,-0.0115635346222815,0.000676704900765644,0.0061753159941446,-0.0164998459252229,-0.00232027616942553,-4.90322006343156e-06,-0.0424959200555611,-0.0191994439847998,0.1457966045717,0.00255327478268375,-0.00499779908904964,-0.00105516304785165,-0.0287954452641909,0.000688514768719732,0.000455100524219815,-5.55132868196214e-05,-0.0260766954868754,-0.0104434219261143,-1.92927130853062e-05,5.86570831919966e-05,-0.0350291663081254,-0.00116069987819227,9.02922548889336e-05,0.00313392756295172,-0.0564738839397625,-0.000688009074583058,0.00132013178482347,0.000180485661212077,0.000185308762245607,-0.00352632672444223,-2.13726858441592e-06,0.00218551604855216,-0.00297606446105346,-0.000546773396645838,-2.50588913977321e-05,9.25224935756739e-05,0.0221227326411055,0.124594753647888,-0.000201462165333108,0.00432234131543693,-3.05023767432811e-06,0.000212726536974024,-7.4134824647556e-06,1.98386167893372e-07,2.77443810853143e-08,-8.79590752663231e-07,0.000250813331497797,-0.000649552033587918,9.61137101241418e-07,-1.55628216195874e-06,1.21036351389258e-05,-7.69679271255853e-07,8.29565680927724e-05,-6.51381726139368e-05,3.84796425734531e-05,-4.87839788304249e-05,0.000426814091183132,-7.62515148813896e-07,-7.47694705438307e-07,3.95665491586344e-05,-2.35982373138693e-05,1.7648824518187e-05,-0.000329815241107747,3.54262678505845e-06,-2.31854567737511e-05,7.1783426227915e-05,-1.74473817975115e-05,7.94277792742783e-05,-7.1485758978001e-07,1.98724587179987e-06,-6.87806381011042e-06,-4.48033124500653e-06,1.88434289906328e-06,1.60387602219026e-06,-1.64062490006379e-05,2.44750906536843e-06,-0.00114956436841331,-7.20079579943366e-05,4.98208514757234e-06,0.000390330890284254,-0.000983149739212839,-1.44662150773561e-05,0.000141855780762737,3.80182471949134e-05,-5.94336870694465e-06,-0.000102336308449216,-1.91574649922147e-07,7.72484226097599e-06,-7.86862923398481e-05,4.77567103241566e-08,3.32512271427835e-05,-3.1007724879485e-05,-7.11284615325262e-06,-8.51818294321162e-06,-1.00218412820073e-06,5.69632660498867e-06,-6.56493061412583e-05,-0.00153389302168264,-3.68394685367128e-05,2.47733171263619e-07,-5.28663895732105e-05,0.000200724270049016,-0.000488025271739597,1.06460443067032e-05,-0.00625296096879723,1.20464232347128e-05,-0.118615461997137,-3.21715105748631e-06,-7.9384773973522e-05,-5.98174150870913e-05,1.72057470004519e-05,-6.46985111549639e-06,5.84228598383401e-06,-5.13570625686293e-06,0.000832874655135749,-0.000653868563757232,4.42391376471032e-05,-1.33846192845197e-05,6.9907610765177e-06,-1.06867210705208e-05,0.000130714439965329,0.000128840461770412,-6.1805066481593e-07,1.12144785210671e-05,-1.15043506553796e-06,2.4432661977363e-05,-1.772148606021e-05,-0.000615758315270966,-4.5129811937901e-06,2.3138525998935e-05,-3.10992887219964e-06,-0.002957592125954,2.52679823959533e-09,-2.74372918352186e-06,1.71140371303545e-05,5.92996531997241e-07,-4.85562117247755e-05,1.33622113281083e-05,7.84369351381421e-05,1.14872895608581e-06,-1.35602840637969e-05,-9.21677991240536e-07,-5.32167301615623e-09,0.0159007313219692,-2.61514739214619e-08,-1.12632855276666e-06,-7.81570760878142e-08,6.88942126644093e-09,8.36181941082145e-09,3.92396498305478e-07,5.07480349798119e-09,-1.13007203619535e-06,1.52854378264137e-10,-6.66221535779787e-09,8.13312816480179e-08,-5.36197318366995e-08,-2.77538298772678e-07,-3.73064834692479e-08,-2.64945294036815e-08,3.49223608583545e-09,-6.4476676828829e-08,-4.43059514908419e-10,-2.84453082908995e-08,4.489822064309e-08,-0.000163947767733555,-2.21685583438315e-07,-5.28606141572126e-05,-9.22705947822602e-09,2.16188733390852e-07,4.12469235915109e-08,-8.86208018680096e-09,-6.07783156678585e-06,-7.99262250836767e-08,-1.71586451941004e-07,-7.71992977038675e-09,4.64209897624658e-07,3.07070234199747e-05,3.71819154238909e-06,-1.63086986382574e-05,-5.75277837372953e-06,1.34857150117488e-06,6.07724791249337e-09,2.10080514186559e-07,1.57531171038331e-07,0.00176201401861492,-0.00165832164940831,-0.00884731732736368,-4.57703019371658e-05,-0.0001215146923968,7.4133076884941e-05,2.400133702229e-05,3.26641638824105e-09,3.11230785916129e-07,-6.1564443557599e-05,-3.99634207266699e-05,-6.94956192171375e-07,7.98436317338044e-05,0.000208210080746306,0.534618902232218,-6.34301255975192e-05,9.21145538043216e-07,3.13850724433001e-07,3.56221229188658e-05,1.48004591391401e-06,-1.45696699869073e-05,-6.07451549183152e-07,1.56666290310653e-05,4.98182918920128e-10,-1.96106277399922e-05,-1.68757379320757e-07,-7.11962411273884e-07,-2.34503775890798e-05,3.76182666006788e-09,-7.05016675502892e-08,2.43840982884647e-08,1.59041922465577e-08,-8.48313757149096e-06,-2.11937015650281e-06,-9.83925431460663e-07,1.22760098014032e-06,2.73043851550932e-07,1.17096773768534e-06,-3.60104855905192e-06,-2.06912115633234e-07,-1.96330561385469e-05,-1.1514240712108e-07,-4.4699013204023e-05,-8.67480077409934e-06,4.85187843463076e-07,1.05496655275728e-07,3.45252693722373e-06,1.31060593466262e-06,-0.0605871196982359,-3.57786071168651e-09,-3.00613649133559e-06,1.83542159673972e-16,-3.38285114008982e-08,4.9178336060992e-07,-1.07711331731181e-07,-2.85705759698933e-07,-3.91949321047309e-06,5.42586658074345e-08,-7.89755253228805e-07,3.52809570047934e-07,-1.17244520721776e-06,4.4299129214258e-08,-9.0237878713043e-08,3.71212284657121e-05,-2.45292593419578e-08,2.71923271473703e-06,-0.000142563808982661,1.00345272166215e-08,-6.80817186481109e-10,3.35794551830185e-08,-3.54199192360097e-08,5.63905006758461e-07,2.9095602970669e-05,-6.59503295770397e-06,1.79655063071594e-06,-0.01572506418986,-1.82826199863943e-05,1.13002221183268e-07,1.52996632597392e-05,-1.5721986799498e-06,9.73657970948851e-09,8.66942914631786e-05,4.32441344293945e-07,5.15023372020162e-06,1.68815292205138e-08,-0.0642763912718165,-1.89311278958997e-06,-7.27840810517085e-08,1.28248725682892e-07,-2.65002615245605e-07,2.3070427153783e-07,-1.80095301064212e-08,3.82110846961735e-06,-1.69665936641399e-08,2.83100845037543e-06,-4.04148959136311e-18,-7.26220170688312e-06,-1.25739765804324e-06,-7.8717150533161e-12,-7.10169525819583e-08,1.06746718220783e-07,-6.67615543453277e-08,-1.90359615091093e-08,2.30945693571962e-09,-1.03307014712061e-07,3.90761952512616e-06,1.45794958464527e-06,-1.1604947089503e-08,6.21782323344925e-06,-2.091299130605e-05,5.68822770237872e-07,-1.7989503404158e-05,1.49924411574375e-07,2.61920575209416e-07,4.04222825188273e-09,1.10658562254446e-05,-1.4603116289177e-06,6.47143832125982e-09,-2.03212908817888e-06,2.38712708529476e-07,-8.67646038511177e-07,6.37742979637187e-07,5.67769204116964e-06,2.88058123367901e-07,-9.15197808434672e-08,-5.97353878828268e-07,6.06817302892151e-08,-2.81064452680279e-07,7.83998673680353e-07,3.15265587664261e-06,-2.44511164068447e-05,-1.32794885993512e-17,4.58607889535867e-08,2.50873468988027e-07,-2.47583033309877e-08,1.32236228352184e-05,1.41956856435504e-08,3.46975799962314e-06,1.38302967062786e-05,-1.07979363768657e-06,4.69523788384245e-06,-2.33293193544835e-16,-6.31754320913901e-05,-2.85262595436868e-09,-1.28045649962296e-06,5.42548556107059e-08,1.05112244293341e-06,-7.1822060823719e-07,-1.2621896143053e-05,3.54239830378492e-06,-4.09098973660554e-07,3.20278894175024e-05,-1.28764181255429e-07,-1.48685016543508e-05,-2.32448613313362e-08,-5.27662850753293e-09,-8.08249774156309e-05,9.24146347858139e-07,-0.0241771970028084,-8.02696734545563e-16,2.57953910446568e-07,-1.14699694526337e-08,-3.28466575530457e-10,9.27641939644461e-10,-2.05591579544494e-06,-0.000214327228486153,1.46563899137854e-07,-5.89726952854919e-07,-4.28795970964222e-07,3.60853671722047e-16,-9.74550861698553e-06,-3.75465806196832e-08,-3.38072606327117e-05,-8.25374166894165e-17,8.20963791786332e-06,1.54476216848243e-06,-3.25650225547908e-07,-0.00669572049298736,-1.05660596889663e-05,-0.0442534930011039,9.19962040100609e-06,-0.016490964019487,1.21385587331301e-06,-3.58688559026111e-09,-1.01874257894533e-06,-3.02581724307605e-08,2.85823076286087e-17,3.44734916014297e-09,-8.63752759395185e-08,-3.23550259635186e-09,-2.38944042709694e-07,1.0623163776326e-17,-1.2872319067683e-08,3.45272338812212e-09,-4.34079317478835e-07,-6.45556974784006e-09,-2.4432312252943e-06,2.54985599037388e-08,-3.69070739847142e-07,2.30095923725302e-06,9.27829932522911e-17,9.06855185159878e-06,-4.32693956647109e-08,1.27280608429448e-07,1.39134604516238e-05,-1.83117230946416e-08,-4.03438206183951e-08,4.05925293378573e-16,-2.54415592982796e-19,-3.75917010621235e-08,-2.58147123956311e-08,3.41306189492741e-09,-3.8358390554898e-06,1.3075657649431e-15,-3.20074914578825e-06,-3.82509992925737e-08,3.96280839739854e-17,1.7808094459816e-17,-2.93156253862169e-17,4.92066258696233e-06,1.3468266953435e-07,-1.49835241905449e-07,4.61044771198406e-06,6.55603686665363e-07,1.23057745712378e-07,-5.34779831137782e-08,8.97544521262568e-17,-1.20467174524187e-08,3.41810669052981e-08,1.48714602196722e-17,-2.9854123350299e-16,-2.24296395197162e-08,-1.31215249128666e-09,-1.37210723584451e-08,3.52469256511807e-06,1.45364796425477e-08,-5.92619370374803e-07,2.97368973212796e-16,-2.15787542208551e-07,-3.86169829612735e-16,-0.000500404938872124,-8.79531907374553e-16,-1.31712760394064e-08,1.14648467327102e-16,6.21012886121463e-08,1.66268930869212e-08,0.00911463427982205,4.45968781333948e-07,2.66136548325836e-08,-4.16308315515041e-09,2.83786235996018e-08,1.14286061960573e-08,5.47900678332554e-06,1.84957604302833e-07,1.10029969420782e-08,-3.16656251383956e-08,-5.86730293156095e-06,-8.20010561760078e-07,-1.55991539920348e-08,-7.27953594968704e-17,1.48413345904773e-07,-2.59612271879672e-08,1.39726464193144e-08,-1.92134815295659e-16,2.62885328795516e-07,7.62218785516528e-07,2.45889724730714e-07,-2.52263721431878e-17,-5.98225075073942e-08,-3.42409466468855e-06,5.6651756888758e-16,-4.29856791102472e-08,1.00882518698836e-07,-9.09544759819574e-17,9.27215095902685e-16,-3.7902875270731e-09,-2.14554667313519e-06,-1.23337992829161e-08,-1.72960443748351e-05,4.94808392687434e-07,1.30770341422992e-08,2.28619009801178e-06,1.21578302022393e-07,-3.15281232705491e-06,-1.12865446155741e-16,5.92353756513241e-10,4.3392217871161e-08,1.2193208717571e-07,6.55328668331486e-05,-2.00294159808556e-16,-2.89003033225994e-16,1.59200488943499e-06,-9.75367166780477e-16,-4.35361610656199e-13,1.83226728929449e-07,-2.75089679276461e-07,-5.15261776790927e-08,-0.00286920120824095,1.28534091889577e-06,3.40103886957669e-07,4.50762782054613e-07,-2.14532602156057e-16,4.54095819021631e-06,1.27511691886822e-07,1.00303590870193e-06,-5.85399937920727e-08,2.50722964629758e-07,-9.59181187094076e-16,-1.57065898864261e-15,-3.67696064729179e-15,-2.66005044792657e-06,-1.3048489156835e-08,-8.50915069885106e-07,-3.53000076635792e-16,-1.09054375911845e-08,1.13999180570473e-15,1.95318080079755e-16,3.08123149934843e-06,-7.7941259056389e-07,-4.53955449619681e-15,-8.11621901267821e-06,-1.30276543703465e-07,8.91617151988758e-15,5.00564325628464e-07,-6.72054000368821e-15,0.0151966990281873,1.80933235443598e-13,0.374110836405657,-2.2070562629198e-05,-3.76496015719934e-07,-3.62921505886254e-05,-0.000126273396705827,1.19216512019796e-07,-1.79114423530104e-06,2.38803980487061e-16,-6.0376772759009e-07,3.24190815723212e-08,4.70930399152649e-15,4.00454679722823e-09,7.29518219792023e-08,-1.5395989650015e-08,2.8569749942369e-15,-3.65132891716048e-08,-4.56522512632527e-08,-1.12720218328926e-16,1.17706431514794e-06,8.62094503329012e-07,1.03324935838774e-09,-7.19868385265962e-16,-4.92581644440134e-17,-1.37095989516149e-08,-6.5706216427812e-07,-2.22932026319407e-06,2.76992821683906e-09,-2.22632517903505e-07,2.27630040991004e-16,-1.78880782849991e-15,-0.00052981731456159,6.14121923901418e-10,-5.57945454372464e-16,-1.17408191989852e-06,1.08526673954333e-16,-3.15635267634092e-09,4.41539968715722e-08,5.81918597262916e-08,3.63003256247833e-07,-1.68391390739903e-16,-6.88798696378999e-18,2.81229492628038e-16,-1.9977581593202e-16,1.32724789372748e-10,4.21994609722797e-10,5.5382134877068e-16,-3.89403954826466e-16,6.29356642049984e-16,-4.04743813428631e-10,-2.92675963696759e-12,5.90476751327031e-11,1.8236477246538e-16,-7.26252825239415e-16,6.66919861350146e-16,-1.06178311329475e-08,3.37473066096572e-10,5.04047351692712e-16,8.32903867456803e-11,-2.42171362454892e-09,1.34071994960514e-16,-8.60980918914247e-17,-1.23319267134877e-06,-2.11637632274172e-11,-8.48096157195275e-06,-4.80651013143388e-16,1.45631424285132e-09,2.51011973693444e-08,2.92230177639939e-08,-1.20132281378197e-07,-7.29885993509265e-09,1.23892547468659e-10,3.99103246831108e-16,-9.4836505288685e-16,1.20565170681389e-17,2.85789384142246e-09,-2.59404945682419e-09,-1.03410809002995e-07,-8.60474786696859e-10,-2.59322585783388e-16,-6.96590097570326e-17,3.04865956406763e-16,-9.31522995658888e-16,7.80013774503682e-16,4.45230708976505e-09,4.422937867726e-18,1.88206077842488e-16,-1.301706786635e-07,-2.20785424954889e-16,-3.96954072626418e-07,-1.54924188247199e-17,-8.54706414740619e-08,-2.63782911720813e-16,-1.08226377953802e-07,-2.32036722985021e-08,-1.2250153025632e-08,1.695832366665e-16,2.61573142417504e-06,-4.25306900937757e-17,7.13586781394341e-08,-1.18470275529858e-08,6.56782018421045e-11,-7.52531513527002e-17,3.67508328482802e-07,-7.29953580111416e-16,-2.70986310781842e-08,-1.38491419173655e-08,-1.94819525055346e-16,2.43336288210014e-16,-2.6308718053758e-16,-1.14776914970255e-16,-2.14054253585172e-09,-4.52932109895777e-06,-2.43522924044429e-08,2.99736046338354e-16,-4.10120519258385e-17,-1.50915686023167e-09,1.23238963400593e-08,-4.52070327206266e-16,6.88499231391108e-16,-2.52905325672995e-08,7.46139446875047e-17,-4.9289420482476e-07,1.77537615735951e-16,4.59000656954434e-08,-2.0044261062324e-16,3.89596191550504e-16,1.4604494053678e-16,-6.06184572827091e-16,3.08019124786993e-16,-2.75323437644092e-17,9.10375760445649e-10,-6.36934689276058e-09,-4.04285669849385e-17,-4.27311399989148e-09,1.80304827211442e-07,4.81866215838816e-16,1.92549994067019e-16,2.33974233202746e-16,1.06332703009742e-16,1.68719153296349e-07,4.59256175260392e-08,2.56432898794791e-16,-1.47063170085386e-16,-3.31744312422162e-08,-1.07222675205437e-08,-1.6267514642628e-10,6.57903009958461e-16,1.5663900621254e-16,-7.40085787033365e-17,3.40507768364679e-16,-6.3014011935675e-16,3.09411242572317e-16,1.17061551199744e-06,-2.47479920267965e-07,-0.000851998816977749,-1.02355288824674e-16,-1.8059372801691e-16,4.91171822952662e-17,2.13830500576792e-16,6.82496296758693e-17,6.24764376614846e-16,6.05410850209429e-16,2.76723318056888e-16,-2.14072074548074e-17,1.88305414291822e-16,7.02619127154326e-17,-7.38402914784454e-17,5.94413367086002e-16,-9.73774482932664e-17,6.74970457403378e-10,-2.15632754055534e-16,5.7831668397074e-16,3.68319519941987e-16,9.6043503782522e-09,-1.18912581284284e-08,1.16009374061489e-16,-2.4834566511595e-10,8.84763553565465e-09,1.48804785244698e-16,3.56247592717905e-16,-1.71853261821566e-08,-2.6694665166542e-16,2.21319390923707e-10,1.00260727458195e-17,-6.9023673470442e-17,-3.33870666780848e-16,2.07468275152004e-16,2.24921030402558e-08,-3.01463584602898e-08,-1.50351706087196e-16,5.29736100509852e-16,-8.84404996973473e-17,-5.94124489137675e-16,-2.75441561919942e-16,3.3399362307414e-16,4.24208487538272e-16,-4.60531306684973e-16,3.77385303506728e-10,-4.46605877381841e-16,7.13732186903337e-17,-1.04671345645691e-16,-7.81074483448416e-17,1.62926003626156e-16,-2.2316729165803e-17,-8.26797290806876e-08,3.17723699024735e-17,3.25187353276905e-16,5.60082123452295e-09,-5.94830658228444e-17,6.14810149201215e-16,-1.80918569826493e-16,-5.12935430392214e-16,4.74406553150192e-09,-2.13987836444643e-16,-3.59000921670158e-07,-2.56818503413053e-16,3.49074508010525e-16,-3.95033992079386e-16,1.08123776892835e-15,-1.45371177803796e-16,-5.08043234222529e-16,5.71806860186774e-09,-2.10001488373294e-16,8.07809581667106e-16,7.24919202755493e-10,-7.1671551688588e-07,-2.24666323117611e-16,1.23775055117589e-07,2.85178786775087e-07,1.47203794833655e-16,-2.52117646361685e-16,-3.28792502484658e-17,-3.1519546738891e-16,5.41731379936974e-16,-4.85752936766766e-07,5.63252759762587e-16,-2.51407636640875e-16,2.48343898591546e-16,6.60624950327195e-07,3.52730382659128e-16,2.33807821339771e-16,1.95439698003103e-15,-3.39997223682387e-16,-8.93114091418522e-08,-1.94560827806811e-16,1.55752833530931e-10,-3.0483062302476e-17,-3.43942447662348e-17,-1.46371523237459e-15,-6.50770757010425e-16,-1.20419195631389e-15,-1.19388969829204e-15,3.36291039658491e-16,-2.72281521079776e-09,4.13695653960826e-16,-1.81491458483222e-16,1.14679888268516e-09,3.03636197542109e-16,4.03984528222536e-16,-3.84152143888e-16,-1.90053028217692e-16,-5.61676594889371e-16,-2.7186474235889e-16,-8.36070686289177e-09,1.2386210687944e-15,-1.64943223768163e-15,2.49577599638126e-09,-4.64628073555668e-16,2.21122537327266e-16,-1.19573538002073e-15,-9.09844759318499e-17,3.55912682780463e-16,-4.41341085457403e-16,6.98176188262385e-16,1.76135882715304e-16,6.79131695979729e-16,-4.35696828950116e-16,-6.14536855973198e-17,-1.32114767499942e-09,4.38559954863283e-09,2.38751586200231e-16,5.74867152514368e-16,-7.18676997193609e-16,6.85700415620661e-16,-1.27209440897724e-15,2.3510931690928e-15,-6.58303399814337e-16,-2.64531786601267e-15,-4.20288089488417e-09,-7.40344153477171e-16,-1.54996174253302e-15,-1.55872994878685e-15,-5.67657981957597e-16,4.91494666911758e-10,5.27190664997379e-16,-7.83285301752497e-11,-7.51599585198195e-16,-3.41056242757396e-15,5.25689150458063e-15,2.20037183253112e-15,-3.59614386285525e-15,7.83197257768929e-15,-1.62742377483724e-14,4.29030041019254e-15,-4.66041943030898e-15,1.25372429177158e-14,-0.707106781186548,-9.49685769118335e-16,-1.09653856330689e-14,3.07538923146729e-16,-6.94850679631303e-15,2.95234173002585e-15,-4.30476209045203e-16,1.1049457435029e-14,2.05932172628826e-16,3.17254750392919e-15,6.32789176960302e-15,-7.02619337807373e-17,-3.14655639766512e-15,-6.15838581429098e-16,4.43807509964575e-16,6.52298353709032e-09,2.14689220484867e-15,8.96545264713126e-16,-7.14529628565594e-16,3.29757676160939e-15,-3.90959370011348e-16,-4.42002243229166e-16,-2.42400426860021e-16,-1.15326435851062e-16,4.19858991983787e-17,4.06978053851437e-16,-8.90455244262345e-16,1.58612410350254e-15,1.93040206224836e-16,1.08669936066778e-17,-1.94254338400741e-15,7.0343749138039e-16,-1.42249491743692e-16,-5.01394704094351e-08,1.21871523190316e-15,-8.28194276061917e-16,-3.2651346494387e-16,-8.67863129122795e-16,5.06143261472037e-16,2.86691062545546e-16,-9.02607182254961e-16,9.14915923638591e-16,-6.24192386626209e-16,1.16212649987676e-09,-1.94919212928772e-16,2.82617882889363e-16,-2.5441636401481e-16,3.33558342263969e-16,8.40206054225534e-16,3.03693444734005e-16,-9.72337154543749e-17,-8.19973051681892e-16,-2.14254722645494e-17,-2.73083181306419e-16,-4.39715156967781e-16,2.87550808424968e-17,8.62476135676327e-17,3.1222961178393e-07,1.34133107780386e-16,-6.93951038770851e-16,7.87861172185521e-16,-1.645818897833e-16,-1.63174416716744e-09,-3.95015256954594e-16,3.9959961443435e-16,-6.61975843650004e-16,-1.22649904098117e-16,-2.46854442009216e-16,4.41006074382187e-17,-9.84060855171054e-17,9.98458613635483e-17,-1.23903420745352e-16,-2.2463781551227e-16,6.39432681138385e-17,1.96708603374648e-17,1.19123957353021e-16,-3.14898195646392e-17,4.41193646971147e-16,2.91506455786818e-16,-7.33169434368884e-17
"t244",0.0358334044105229,-0.0105672548597477,-0.0115540165224815,0.000675958699200565,0.00616698185300303,-0.0164737305080248,-0.00231653179239428,-4.89467989606463e-06,-0.0424085491662792,-0.0191516158582356,0.145336364686358,0.00254335711264797,-0.0049778225589083,-0.00105088212682267,-0.0286735658773738,0.000685429995552891,0.000453013239666664,-5.52541049710693e-05,-0.0259521536880251,-0.0103892756922253,-1.9184600683676e-05,5.82611582114127e-05,-0.0347796335677415,-0.0011523849024979,8.96429078522779e-05,0.00311032851284923,-0.0560436593877072,-0.000682721295337375,0.00130971709590953,0.000178808087827677,0.000183473820869896,-0.00348984598647704,-2.1135892250381e-06,0.00216017455785265,-0.00293982743810099,-0.000539594673883047,-2.4725799577238e-05,9.12735132977353e-05,0.021822105021443,0.122876961817083,-0.000198606506359384,0.00425962149323292,-3.00533173201046e-06,0.000209591018670792,-7.30234678681676e-06,1.95226827406242e-07,2.72945612116278e-08,-8.65210539439008e-07,0.000246617179486642,-0.000638415518192143,9.44124081541032e-07,-1.5283292340188e-06,1.18857753054726e-05,-7.55574726409546e-07,8.13831719596178e-05,-6.38963853602848e-05,3.76780643913976e-05,-4.77439725432713e-05,0.000417690168554008,-7.4529720272442e-07,-7.30125843029928e-07,3.86187942756991e-05,-2.30242324226534e-05,1.72178843766756e-05,-0.000321532923910298,3.45144650432665e-06,-2.25565454169852e-05,6.97913477504523e-05,-1.69581319942464e-05,7.71588802480362e-05,-6.92451206150043e-07,1.92072986551772e-06,-6.64558566438593e-06,-4.32585409394811e-06,1.81921212857295e-06,1.54796772584704e-06,-1.58324347712827e-05,2.36049762946855e-06,-0.00110719614340689,-6.93159976618536e-05,4.79133184120949e-06,0.0003753094211535,-0.00094390301027513,-1.38824615434208e-05,0.000135867425425603,3.63939746019369e-05,-5.68638512979711e-06,-9.79028726627368e-05,-1.83271033325712e-07,7.3895931196671e-06,-7.52559359497927e-05,4.55859836909905e-08,3.17341538527632e-05,-2.95573301162089e-05,-6.76602388678625e-06,-8.10028500414989e-06,-9.53003437748761e-07,5.41245231027407e-06,-6.23591288463996e-05,-0.00145537836426525,-3.49216551926668e-05,2.34817284821734e-07,-5.01055116176265e-05,0.000189450650950142,-0.000460470834033013,1.00424973992407e-05,-0.00589589641280569,1.13571496530362e-05,-0.111804372686735,-3.03142556512499e-06,-7.47939331292845e-05,-5.63224583162976e-05,1.61992392478073e-05,-6.08121789665307e-06,5.48939219507186e-06,-4.82172166571354e-06,0.00078168029523651,-0.000613085091775811,4.14412739292488e-05,-1.25293131047318e-05,6.54142268519723e-06,-9.98602082121091e-06,0.000122034616480736,0.000120280953185821,-5.76916201515903e-07,1.04584630372512e-05,-1.07279715611929e-06,2.27657403641246e-05,-1.64749424214695e-05,-0.000572430833595292,-4.19465111918305e-06,2.14735382577243e-05,-2.88528007908923e-06,-0.00274335064805033,2.34167289038477e-09,-2.5423957146926e-06,1.58282750015187e-05,5.47608794184924e-07,-4.47461492375933e-05,1.23129899267712e-05,7.22520389227872e-05,1.05795610974046e-06,-1.24850726368572e-05,-8.4850159008411e-07,-4.8991526257126e-09,0.0146264732986237,-2.40170323549004e-08,-1.0327022151386e-06,-7.16308630191676e-08,6.30843178704891e-09,7.65610956782788e-09,3.59155312378404e-07,4.64395476049404e-09,-1.03388976422519e-06,1.39547002008234e-10,-6.08012975783914e-09,7.42073029359534e-08,-4.86535365869198e-08,-2.51492724919747e-07,-3.37984314670623e-08,-2.39755814622428e-08,3.15946838143266e-09,-5.82465411443344e-08,-4.0017625123784e-10,-2.56548983132277e-08,4.04369885684908e-08,-0.0001470544664351,-1.98814110990981e-07,-4.74051786940885e-05,-8.27014421586201e-09,1.93640869371524e-07,3.6941482704179e-08,-7.92668347998803e-09,-5.43408237142529e-06,-7.13971904940796e-08,-1.53242735295598e-07,-6.89384624616568e-09,4.13677284931936e-07,2.73054782602583e-05,3.30508227709732e-06,-1.44915774325946e-05,-5.10643143787543e-06,1.19656872804977e-06,5.39011376458213e-09,1.86257468649154e-07,1.39490956568802e-07,0.00155974158647957,-0.00146396476177533,-0.00780969761367829,-4.0365388442554e-05,-0.000106894586746772,6.5076112246148e-05,2.1053636264861e-05,2.86212623652791e-09,2.72486479784287e-07,-5.37690460984384e-05,-3.48846531740635e-05,-6.05954583337599e-07,6.95789078867548e-05,0.000180650099779538,0.463757405902238,-5.49201011771178e-05,7.9609290975656e-07,2.7003820967643e-07,3.06487617937426e-05,1.27288466680969e-06,-1.25145253728131e-05,-5.2130768505871e-07,1.34134384823899e-05,4.25291283558115e-10,-1.67018624214135e-05,-1.436213206147e-07,-6.03914698182754e-07,-1.98548126867922e-05,3.18488336984006e-09,-5.96028130484057e-08,2.05387377258096e-08,1.33865863377769e-08,-7.1131042636421e-06,-1.7723774990856e-06,-8.22074455799859e-07,1.02175595434836e-06,2.27052044751476e-07,9.7275194930053e-07,-2.98229768800851e-06,-1.71252600379596e-07,-1.62469829850121e-05,-9.49613776419887e-08,-3.67883070243067e-05,-7.12303961153974e-06,3.97976596212018e-07,8.64391693550481e-08,2.82593522235877e-06,1.07243390456264e-06,-0.0494428735657311,-2.9148133979643e-09,-2.44452689831074e-06,6.64468299178458e-17,-2.743554261424e-08,3.98632446053405e-07,-8.69860474345638e-08,-2.30068269388746e-07,-3.14869807604219e-06,4.35820661525488e-08,-6.31525171432482e-07,2.81909901559188e-07,-9.36507288496795e-07,3.53255069154233e-08,-7.18770235293995e-08,2.95067672206796e-05,-1.94797057421421e-08,2.15863148185564e-06,-0.000112935754506201,7.87878021291233e-09,-5.32850469314467e-10,2.62110875343538e-08,-2.74854458091221e-08,4.37399057935894e-07,2.24744764751965e-05,-5.08226271773536e-06,1.37978491556738e-06,-0.0120639951319084,-1.40100592586817e-05,8.64562996793911e-08,1.16778252296255e-05,-1.1996917842693e-06,7.38456577464635e-09,6.57427660509869e-05,3.27880877403466e-07,3.89844098736585e-06,1.27704208774457e-08,-0.048526738292151,-1.42871292828828e-06,-5.42629752686057e-08,9.54830860440499e-08,-1.97083994743006e-07,1.71146466030039e-07,-1.3333328743509e-08,2.81599190461444e-06,-1.24868395483277e-08,2.08130367560591e-06,-1.04337633522568e-16,-5.31936090763833e-06,-9.20558976287244e-07,-5.75385942317207e-12,-5.17127113608897e-08,7.74746414116404e-08,-4.83780749011544e-08,-1.37834569506793e-08,1.65526170719404e-09,-7.39941123154827e-08,2.79834595502006e-06,1.0408922209513e-06,-8.21270368046148e-09,4.39350862280175e-06,-1.47612123371526e-05,4.00066797173164e-07,-1.24775536473798e-05,1.03367298627272e-07,1.80520961649686e-07,2.78569356958615e-09,7.51079990263602e-06,-9.73150944425487e-07,4.3022161674325e-09,-1.34618425936622e-06,1.57450313151785e-07,-5.71514977926929e-07,4.15322770612078e-07,3.6943145122199e-06,1.87131467722869e-07,-5.93888089653264e-08,-3.86228917571347e-07,3.90760830308323e-08,-1.80308131454055e-07,5.02114077984985e-07,2.01340772111307e-06,-1.55202994821056e-05,1.00784587642912e-16,2.7992526580651e-08,1.52502653492008e-07,-1.49573491412631e-08,7.98737565258206e-06,8.57285390005069e-09,2.09220081196862e-06,8.31526604010237e-06,-6.46960394844871e-07,2.7931857203765e-06,1.02071897640782e-16,-3.69587657100852e-05,-1.66530257762633e-09,-7.44092151415838e-07,3.1511013719491e-08,6.03503222779855e-07,-4.09710698890162e-07,-7.13371816113169e-06,1.98918386634017e-06,-2.26464006951723e-07,1.74919294876042e-05,-6.97079472043489e-08,-8.00890125422342e-06,-1.24814984894141e-08,-2.81739433757693e-09,-4.31285842655714e-05,4.91141741751598e-07,-0.0128085835788405,3.28094841193528e-16,1.33395243396426e-07,-5.90096255973643e-09,-1.6897791579159e-10,4.70157256161958e-10,-1.03961624047832e-06,-0.000105304972211155,7.14033281950182e-08,-2.86819913562911e-07,-2.07211034774494e-07,-8.68060828519845e-16,-4.67451365736754e-06,-1.7959261956205e-08,-1.60006760533887e-05,-1.70448460860541e-16,3.84049901638532e-06,7.20635669490514e-07,-1.51696744365388e-07,-0.0031096901805443,-4.88235637927601e-06,-0.0203702516669293,4.22188422992573e-06,-0.00749987965834615,5.51449140724595e-07,-1.61924994205769e-09,-4.54741499158097e-07,-1.34986509456029e-08,-1.27134095860084e-16,1.50333125160629e-09,-3.75148234500408e-08,-1.39266092451725e-09,-1.01427566804088e-07,1.49183047543739e-16,-5.29679780958712e-09,1.36936297251509e-09,-1.69208266765019e-07,-2.49586386921264e-09,-9.35225891075544e-07,9.57743853603576e-09,-1.34275090473245e-07,7.68298865010414e-07,3.18612943903532e-16,2.78005792721878e-06,-1.31597548860655e-08,3.80633344804108e-08,4.06198037894273e-06,-5.33600588341015e-09,-1.16746528940587e-08,-7.63278329429795e-16,-1.8232300941234e-16,-1.0437567601038e-08,-6.90092528606056e-09,9.07976245835527e-10,-9.84449943379477e-07,2.38442787057394e-17,-7.54510521574409e-07,-8.65521029097254e-09,1.07339968341578e-16,1.14679388360495e-16,2.15815196425112e-16,9.64345677829579e-07,2.58643322633168e-08,-2.67157138955282e-08,7.67556650992847e-07,1.08231711686471e-07,1.87399300169955e-08,-8.06432740522707e-09,-8.26705857240541e-17,-1.49670831990029e-09,3.92033020996876e-09,1.17826212208084e-16,5.81734060813648e-16,-1.71053308742904e-09,-8.75808954658025e-11,-7.38730165605996e-10,1.58906107683672e-07,4.08090422066586e-10,-1.49913450112769e-08,-9.97227418566953e-16,-4.63660784605009e-09,-3.58328633392515e-16,-5.21926056922895e-06,-8.83624770575686e-16,-2.89982493543757e-11,-4.41364316491249e-16,-5.19716170059134e-10,-1.74920997164128e-10,-0.000359675807090962,-2.04007139737777e-08,-1.2876188213243e-09,2.49545177061924e-10,-1.98915813687536e-09,-1.07533030320353e-09,-5.16707282644835e-07,-1.88301711739097e-08,-1.27304252532743e-09,4.2626785379478e-09,8.84888348618234e-07,1.34287558609678e-07,2.65494146441474e-09,1.10411900707709e-16,-2.82581225606979e-08,5.45857224237969e-09,-3.75573933784256e-09,3.32255893228912e-16,-7.52932594937828e-08,-2.39034540627953e-07,-8.00221955007224e-08,1.06300302446749e-16,1.98362857744271e-08,1.2201755796819e-06,-1.51014573399091e-15,1.58518325754855e-08,-4.50828428486122e-08,2.02561855984668e-16,-1.57748915447979e-15,1.81618309997386e-09,1.03440353495704e-06,6.11809812008152e-09,8.8667288577899e-06,-2.72744140820895e-07,-7.25269470535427e-09,-1.27899629239908e-06,-7.45961404649157e-08,2.08051492535295e-06,1.97243480229425e-15,-4.01583800935696e-10,-2.95535187326989e-08,-8.43952525495519e-08,-4.62413192444552e-05,8.68199699159299e-16,4.64996607083945e-16,-1.15317232242321e-06,1.95984525295018e-15,3.60263006719172e-13,-1.55767907273816e-07,2.40263362390444e-07,4.50284070296747e-08,0.00265832228739909,-1.20027306414586e-06,-3.18129009367314e-07,-4.26234381656812e-07,5.39049065961583e-16,-4.81340713753057e-06,-1.38470718235281e-07,-1.09796247158495e-06,6.667230299367e-08,-3.06943442064544e-07,2.69464735207333e-15,3.76526164173556e-15,7.43143159006117e-15,3.61387533413307e-06,1.85471381066737e-08,1.21366763273178e-06,8.40116612267249e-16,1.62514994989845e-08,-1.73971646088138e-15,-4.91038283566653e-16,-5.58725588368284e-06,1.41687568588157e-06,1.16517039072672e-14,1.55013762803652e-05,2.56155053216724e-07,-2.01934029065153e-14,-1.04531504232014e-06,1.52181213557745e-14,-0.0341750700835249,-4.09980840342405e-13,-0.847014889682488,5.02319119936896e-05,8.61991349465294e-07,8.37825046008095e-05,0.000297021643793103,-3.01241675627965e-07,5.02038900735284e-06,-4.95957652162252e-16,1.93958813994801e-06,-1.0573155620635e-07,-1.08539599822878e-14,-1.33283803768138e-08,-2.52100093364368e-07,5.50727527800647e-08,-6.29100157537203e-15,1.477102759977e-07,1.89441235555075e-07,7.92686134556439e-16,-5.05560642729297e-06,-3.76725075438137e-06,-4.82219183205285e-09,2.68542463428506e-15,4.18673676437894e-16,7.56776910886144e-08,3.92057319410555e-06,1.35232460990974e-05,-2.53037369462163e-08,2.2052941384994e-06,-5.31964383446768e-16,9.21389106695175e-15,0.00556787023205342,-6.50373100912947e-09,2.36898442825411e-17,1.38455993581837e-05,-2.45045375518073e-16,4.17196839784254e-08,-6.96797498203566e-07,-9.31000532882514e-07,-6.13915696341076e-06,2.68070695577865e-16,4.4184598234332e-18,-3.43088920264296e-16,3.71266709081288e-16,-4.46921099143495e-09,-1.54269315001538e-08,-1.03316907544805e-15,1.18955451009261e-15,-8.44890189531705e-16,2.13376779860163e-08,1.9032305545015e-10,-1.02721666383314e-08,-3.78001634660325e-16,2.86595291769387e-16,-1.32061245619597e-15,-4.13609119646849e-07,1.26306750478604e-08,-6.7326246528753e-16,2.16698805505836e-09,-5.62062095875102e-08,3.03950406587455e-16,6.25684521726922e-17,-2.28861605416923e-05,-3.86614357364201e-10,-0.000139108057421735,7.72554654929463e-16,2.04525715225623e-08,3.27023430820415e-07,3.46282176669785e-07,-1.2695610722236e-06,-7.49875029682903e-08,1.21027174536049e-09,-6.37303019180386e-16,2.09661749592201e-15,-2.90712922162204e-16,2.19765851926466e-08,-1.98847300966189e-08,-7.7252104920846e-07,-5.71004317677742e-09,-3.54656660314366e-16,-7.57099607837436e-16,-9.29607777111097e-16,1.75023799592198e-15,-2.93442254303913e-16,2.65535443060506e-08,-3.86645653107202e-16,-2.33723324147756e-16,-7.47457038521887e-07,-1.82085892447684e-16,-2.27488137233132e-06,2.15641583256207e-16,-4.88204626553832e-07,7.0131961925524e-17,-5.81627858465357e-07,-1.22995434729031e-07,-6.36142997200586e-08,-6.66156032732521e-17,1.32548708437216e-05,4.53288755241871e-17,3.43695909782956e-07,-5.36898634311422e-08,2.96897546819807e-10,-4.9539137909939e-16,1.62347599324917e-06,1.45666518837533e-15,-1.15606000705365e-07,-5.89839074739398e-08,3.00306692579563e-17,-6.30943833908242e-16,6.75515599647849e-16,6.65553723706961e-17,-8.87074264370106e-09,-1.86386294892994e-05,-9.94064385178107e-08,-5.06814594898921e-16,7.04099043904246e-17,-5.93517584536803e-09,4.83894595478332e-08,6.44586317522248e-16,-9.51895350812159e-16,-9.5090768840494e-08,1.11286861252941e-16,-1.8369036962365e-06,-1.07607435968443e-16,1.66846589314258e-07,1.4069508429049e-16,-3.74834446994479e-16,-2.28884640756959e-16,4.60372782122406e-16,6.3722945314966e-17,-7.05363164202578e-16,3.15555514031435e-09,-2.20643539997928e-08,-1.2053741342977e-16,-1.45723316053906e-08,6.10940264434997e-07,-8.41019166771188e-16,-2.68728902464522e-16,3.44996451922575e-16,-2.57436144070075e-16,5.56513922524769e-07,1.50564177365679e-07,1.66190044484602e-16,7.20297099987429e-17,-1.08033271877179e-07,-3.4887047424599e-08,-5.27755726049832e-10,-9.97467295076574e-16,-3.04326872983239e-16,4.61093853153771e-16,1.19770338609588e-17,7.20730272283324e-16,-1.3045838507803e-16,3.62957154518097e-06,-7.6422835196599e-07,-0.00262053227006299,-7.3962685837445e-17,3.30846393061715e-16,-4.53592491063967e-16,2.0760235731048e-16,-4.31320940952954e-16,4.51130478434885e-16,-7.43221355898617e-16,-1.08875817331163e-16,-3.87424876731208e-17,6.91792723606481e-17,-6.00826812386699e-17,2.57636180715656e-16,2.78687652599508e-16,2.78870436489427e-16,1.94924389569077e-09,-2.40250582752257e-17,-5.27602940361114e-16,-5.1410891593001e-16,2.75205436122899e-08,-3.40127258437021e-08,-1.25419750300891e-16,-7.09562765257386e-10,2.5043030012317e-08,1.22526315460512e-16,9.08593799667733e-16,-4.80891897158536e-08,1.6948358285993e-16,6.10907641803309e-10,8.58311995146253e-17,1.94617052288506e-16,2.03017619186441e-17,-8.12331278439533e-18,6.08077442685077e-08,-8.13888637503114e-08,4.06704303230732e-16,1.48774827418903e-16,1.22543676961008e-17,-1.91379872785679e-16,-3.93782229046735e-16,-2.47303901861689e-16,3.75648817316374e-17,-1.40276106628874e-16,9.53515996065997e-10,3.64273816686838e-17,-1.87431632198553e-16,2.7103073218646e-16,-3.01712699164275e-16,-2.01311184715768e-18,3.36961217210699e-17,-2.06174164510759e-07,-2.69107174450369e-17,-9.96908025445494e-17,1.39332720661284e-08,2.44100946339612e-16,1.01158544314752e-16,-3.48387428256776e-16,7.05843032391885e-18,1.14867669391632e-08,-6.01251727633766e-17,-8.6518380305607e-07,-4.88907487313488e-16,2.8017475174873e-16,-3.16685227807627e-17,-1.45252809685193e-16,-6.29019816958529e-17,-1.06976232026768e-16,1.36513412524991e-08,-3.07625418073737e-16,2.65313548571057e-16,1.71844667351962e-09,-1.69839676691168e-06,9.74042359949607e-17,2.91550289461313e-07,6.70479273110656e-07,3.33173008070785e-16,1.66567518733874e-16,1.56317443169631e-17,-6.4338685413503e-17,7.74070813024435e-17,-1.11186528237425e-06,-3.48335698705957e-16,4.69211108979584e-16,-4.50963061579631e-18,1.50212984647699e-06,2.39176267448428e-16,-3.19406075408897e-16,1.17947227752637e-16,-7.12955051414853e-17,-2.01331338417096e-07,8.88925830046853e-17,3.50185703238256e-10,5.66167399083097e-17,1.4797057996158e-16,-7.32149843534363e-17,1.52398047391118e-16,-9.98449933839946e-17,1.32195344350019e-16,-5.56380570704064e-17,-6.03875813751567e-09,-5.72486032187915e-16,2.48136497815854e-16,2.53497728030254e-09,-8.27195665155665e-17,-5.0764457233217e-17,1.61715528991601e-16,-1.2084093603103e-16,1.67104187252626e-16,5.03825174841711e-17,-1.82923611681215e-08,-1.95773150716078e-16,6.12864304892813e-17,5.43587323209715e-09,-1.30031292662568e-16,-1.21319109521663e-16,1.87552544940378e-16,2.74612249500158e-16,5.32529982387885e-17,1.18329717767793e-16,-5.8049626020925e-19,-2.04884415606789e-17,-4.16504765661164e-17,-8.95822305424186e-17,-1.13113541319655e-17,-2.83104632712054e-09,9.37981595898344e-09,2.35191548958668e-16,-2.71478958445416e-16,1.33450288773452e-17,6.21296899755832e-17,6.1929628092372e-16,-4.17496489479328e-16,-1.21937022911298e-16,-1.00474015057883e-16,-8.901001201612e-09,1.59047153099102e-16,-6.24720266890426e-17,1.26181083481125e-16,-1.99177259157227e-16,1.03242674435538e-09,-3.14084403636526e-16,-1.63058643249134e-10,4.34015439185627e-17,1.38165213249165e-16,-3.25710734876958e-17,-1.58691568983948e-16,1.67986744780036e-16,-9.85086309067791e-17,1.35357377465863e-16,-1.38659085571764e-16,1.7082508482534e-16,6.54723864841696e-17,3.67041191215724e-16,-8.31086913918398e-17,1.4721852974721e-16,-1.70734898560762e-17,2.93603971513866e-18,-1.10003369092694e-16,5.99633997373563e-17,-3.08725065069334e-16,2.17380408286336e-17,2.98688641876624e-16,-4.33518238668329e-16,-2.25793227118445e-17,2.18800226779964e-16,-3.95871085817889e-17,1.02559653999835e-16,1.31572286388824e-08,-2.97241694014e-16,2.12894729858904e-16,-7.91245416776306e-17,9.19546995064359e-17,8.16140908405354e-17,8.02684440690327e-17,8.79462186995364e-17,2.02256207625298e-16,9.98313947617777e-17,-3.24928462574551e-16,-6.04984812246911e-17,-6.53555646545103e-16,-1.31811868561775e-16,6.81926017089677e-17,1.23686056115807e-17,-2.84013538873965e-16,-4.70665535623759e-17,-9.91411788091462e-08,-1.80446488321099e-16,9.75403485697855e-18,1.22232985431308e-16,-1.87423350620781e-16,4.68105322635522e-18,-1.65754390478772e-16,-2.58392604187683e-17,-8.96022144327518e-17,-1.03306944257982e-16,2.25365221869353e-09,4.82919267893639e-16,4.75128540975923e-17,6.51179822054114e-17,4.02976867119034e-16,1.00343526430138e-16,-1.49261207068858e-16,-4.73338790949924e-17,5.30252486693871e-17,6.27895978469127e-17,-7.19181411587006e-17,1.38925740588647e-17,3.90877197700164e-17,-5.51927934257242e-17,5.94397484133718e-07,1.87654167019668e-16,1.82305953474583e-16,-1.83275286970841e-16,-1.40512601554121e-16,-3.08075484093208e-09,1.08419834533365e-16,1.61053665604504e-17,-5.64005540637972e-17,4.00235666727271e-17,-4.65260416080251e-17,5.59312807294479e-17,-1.01300478012822e-16,-1.12496533520169e-16,4.99663470618486e-17,1.52727692030429e-16,3.0813648970316e-17,-7.13276337329493e-19,-1.35350085128828e-16,-2.23099779445544e-16,-1.72028070927648e-16,-7.13961140649437e-17,-1.49668845472183e-16
"t571",0.0355987192607875,-0.010420667383719,-0.0113885056540687,0.000662937226647413,0.00602109411237782,-0.016015231902892,-0.00225076729559977,-4.74444021395384e-06,-0.0408653402768562,-0.0183021163577566,0.13709123413899,0.00236398917479953,-0.00461599806970415,-0.000973282824632619,-0.026459176819749,0.000629200086990512,0.000414912299505129,-5.051787326403e-05,-0.023673065316995,-0.00939300068926351,-1.71841589370715e-05,5.08204971940353e-05,-0.0300660440114627,-0.000995230962804825,7.73654737413729e-05,0.00266204352608397,-0.0478612070059329,-0.000582058744160978,0.00111089334892391,0.000146142935776863,0.000147433389030261,-0.00276873703706338,-1.64050755099648e-06,0.0016500411262725,-0.00220406842623816,-0.000391742887860901,-1.78485742191678e-05,6.54053479553383e-05,0.0155871750123283,0.0871429654530058,-0.000138849123627375,0.00294035042224754,-2.05767282213317e-06,0.000143403580233557,-4.94722703054187e-06,1.2728918952552e-07,1.75776106030614e-08,-5.5390078415668e-07,0.000155222727914674,-0.000394236168775039,5.6772511007353e-07,-9.07264230226485e-07,7.04229186733756e-06,-4.40323179179154e-07,4.584156170936e-05,-3.58000705304626e-05,1.89921051328244e-05,-2.32954687621439e-05,0.000202988447879496,-3.31500554501434e-07,-3.00931253823051e-07,1.52742863550041e-05,-8.79000111855087e-06,6.51311884241162e-06,-0.000113148380952077,1.13040824798566e-06,-6.11986945823151e-06,1.70933470108197e-05,-3.94206036308654e-06,1.61707935536012e-05,-5.51608855790938e-08,-5.91130518519042e-08,3.24084021660492e-07,3.75506711665442e-07,-1.66753163152436e-07,-1.68057136371159e-07,1.82645180948438e-06,-3.52423591674669e-07,0.000254292048929599,1.82747474132669e-05,-1.5513524294352e-06,-0.000126548594252553,0.000414685984821082,6.54761405070205e-06,-8.40825514028146e-05,-2.40808234713251e-05,4.01568549288165e-06,6.9856263540317e-05,1.31120659113121e-07,-5.32259839292493e-06,5.55194784290942e-05,-4.15970175379407e-08,-2.94960593907995e-05,3.09853392097687e-05,8.6130992679023e-06,1.06055159274248e-05,1.24937596127788e-06,-7.61160758153591e-06,8.99778277246832e-05,0.00230995635824633,5.98002746011874e-05,-4.04802640783739e-07,8.70290672596033e-05,-0.000456761044497343,0.00113716290128388,-2.52680791024718e-05,0.0153347058733357,-2.98131411357734e-05,0.298332137535667,8.29141638719133e-06,0.000206226395288849,0.000162890424783501,-4.71173474870924e-05,2.00445875328536e-05,-1.85823877729245e-05,1.73033678962436e-05,-0.00287963514235112,0.00242733769491652,-0.000175885805545954,5.60503091014853e-05,-3.0153105247219e-05,5.10679081927335e-05,-0.00066766172482511,-0.000659773902854586,3.19549651963912e-06,-6.21089373123182e-05,6.4080310113613e-06,-0.000144408162079709,0.000124045597334479,0.00431821429094878,3.20826137543016e-05,-0.000183649711903879,2.52046821374069e-05,0.0243305354632831,-2.20436734520763e-08,2.41225232278537e-05,-0.000165772964279512,-5.82273124281341e-06,0.000309260225574033,-8.18264843598631e-05,-0.000337431106564464,-3.56644648623243e-06,9.16552604320944e-06,-4.17703435318382e-07,-2.49689321322194e-09,0.221197170146082,-5.22297928593818e-06,0.000351082142459015,2.16324910034276e-05,-1.9276875981633e-06,-2.36677873257101e-06,-0.000119525218299956,-1.63670494832663e-06,0.000394067255075779,-1.11783731837823e-06,-2.08231871763613e-05,0.000127522521887711,-1.19093765577693e-05,-6.86667731763173e-05,-9.53661290124162e-06,-9.15620347432806e-06,1.33304451160853e-06,-0.000173325785036978,-1.31664413892992e-05,8.80935507745982e-06,-6.09708275572969e-06,0.00637122277422267,8.34055379852983e-06,0.00197247639014753,3.05177506169082e-07,-6.25535818370548e-06,-1.17139895197076e-06,1.97315738880701e-07,0.000125924829649463,1.42596097290445e-06,2.95414508902779e-06,1.30528224361519e-07,-5.71445007407984e-06,-0.000279465072021469,-3.21871250785891e-05,0.000134658423713038,4.13945520150488e-05,-9.20981023807118e-06,-3.94474846610088e-08,-1.30019306222929e-06,-8.32230823368638e-07,-0.00895294800012454,0.00602814957788487,0.0318056115620116,0.000147004968097051,0.000284155764519112,-0.000131254051563226,-3.84139384442162e-05,-4.46964922066476e-09,-3.76571598566463e-07,4.93720768872355e-05,2.8949374917677e-05,3.96998976642565e-07,-3.99069309316655e-05,-9.43105319561754e-06,-0.0146800203242807,-7.6942599775289e-06,2.29505424421341e-07,1.55826801707062e-07,1.77211329302089e-05,7.64792292631209e-07,-8.34099932607858e-06,-3.69686207987632e-07,1.08891636333301e-05,3.91452946479557e-10,-1.66232139997872e-05,-1.45980266147867e-07,-6.65264956213879e-07,-2.26828597876905e-05,3.64177859346219e-09,-6.98769594254579e-08,2.53841677362025e-08,1.66883524694005e-08,-9.22358981094711e-06,-2.34793413548503e-06,-1.0960222254529e-06,1.3914424388315e-06,3.103856556117e-07,1.33459024558495e-06,-4.12012882912745e-06,-2.36718459578466e-07,-2.24596579541827e-05,-1.30660483394787e-07,-5.0018737368684e-05,-9.40130283025521e-06,5.12538241945411e-07,1.06978401133781e-07,3.28486525415287e-06,1.21504470708097e-06,-0.0026351213824599,-1.23545302805514e-08,-5.54997806241105e-06,1.94447244835391e-16,-5.32223437977253e-08,7.6250273844513e-07,-1.58336732914006e-07,-4.13578226274729e-07,-5.64371805727484e-06,7.81143501111571e-08,-1.13809640397298e-06,5.09027910642691e-07,-1.69265941086562e-06,6.41979341171656e-08,-1.31200790776779e-07,5.43769552133334e-05,-3.60739326179941e-08,4.00604022080786e-06,-0.000212324243445723,1.61276878523162e-08,-1.14376854233426e-09,5.91687476757599e-08,-7.30543960166222e-08,1.18103414064394e-06,7.44632778613758e-05,-2.01171582173545e-05,8.44709528562799e-06,-0.0939167733861835,-0.000159747308263684,3.83894332065299e-06,-0.000117905139062918,1.03951705577486e-05,-9.21447329491448e-09,-7.8899260111195e-05,-3.76440589694847e-07,-2.62890489200588e-06,-6.6651398441376e-09,0.00323358394431823,-2.82418646138467e-08,4.58021752973285e-08,-6.3549806241111e-08,1.10495148262685e-07,-6.67654917617624e-08,3.94929942462283e-09,-4.46142204720465e-07,1.63244065516263e-09,-2.3233796167187e-07,-1.47715631113897e-16,3.2466438464733e-07,5.13861445639793e-08,2.33867929906039e-13,7.88669767185003e-10,-1.89003147983087e-10,-5.89850228144123e-11,-3.46709641335654e-11,-9.21306104050821e-12,5.48662557257952e-10,-2.22130761021017e-08,-1.89709797896167e-08,4.99379957555558e-10,-3.07406277625411e-07,1.13108189237736e-06,-4.00849624972594e-08,2.63332724012701e-06,-2.75710018881247e-08,-4.87654030704228e-08,-7.55355664495216e-10,-3.24633238038456e-06,6.40984937909946e-07,-2.97210205984268e-09,9.95227869842049e-07,-1.26022713212176e-07,4.68453990612206e-07,-4.11342926699164e-07,-3.7091215914257e-06,-1.92597165703789e-07,6.21591699879755e-08,4.26845496436909e-07,-4.58007581475509e-08,2.22886478455162e-07,-6.35056547517101e-07,-2.64613798023588e-06,2.2097844927122e-05,-4.55246138405245e-16,-6.22954898816124e-08,-3.53766999244173e-07,3.68892248840723e-08,-1.97346673978123e-05,-2.12214588276853e-08,-5.25657975691554e-06,-2.14818935841333e-05,1.72722098236578e-06,-7.9650348243074e-06,-1.95043055049589e-17,0.000122077809087624,5.59966819197792e-09,2.59869962729191e-06,-1.10545634160456e-07,-2.32000800035007e-06,1.65408213682471e-06,3.07932920777322e-05,-8.97326133708093e-06,1.11471647866239e-06,-9.17941543944299e-05,3.75414982699123e-07,4.33891292759009e-05,6.75620282484314e-08,1.50430112698309e-08,0.000229648809533154,-2.54947137223909e-06,0.0643972036790482,1.92706502269317e-15,2.44152566025228e-07,-5.16991587284606e-08,-1.49826216348372e-09,-3.2067111740318e-08,5.29517149296287e-05,0.00287700865087831,-1.96951850865334e-06,7.94532628058454e-06,5.86206680403478e-06,-7.68639762577033e-15,0.00013624898255066,5.29617323925327e-07,0.000490449051508595,-2.19480204269733e-14,-0.000117617398174354,-2.1674598953581e-05,4.49662401756263e-06,0.0879875696173711,0.000116537037465328,0.350879500897206,-3.41544495063318e-05,-0.824482552751808,9.03116715512596e-05,9.31850964050669e-07,0.000104429654328277,3.0911900871806e-06,6.1437595018963e-15,-6.77794993966229e-07,2.34100233729666e-05,8.83996330179325e-06,-4.71118177021462e-05,-5.35721279020448e-15,-7.38709381321102e-07,1.09994900657879e-07,-1.15552484255435e-05,-1.59742044721073e-07,-5.57853438127779e-05,5.10076098779293e-07,-6.17297713543692e-06,2.78333562436723e-05,4.85502536193363e-15,8.94512273120607e-05,-4.20295789263091e-07,1.19851627587963e-06,0.000125752353075102,-1.65000470575025e-07,-3.59503917710871e-07,-4.85722573273506e-17,5.85651600731532e-16,-3.15204020123558e-07,-2.06108898860305e-07,2.70910558919599e-08,-2.92281508320257e-05,7.97049547492332e-15,-2.24710644287772e-05,-2.59691667030653e-07,-1.07435619072858e-16,1.01578507948551e-16,-4.08571210990886e-16,3.03557003780349e-05,8.2148237645518e-07,-8.79900016355534e-07,2.62548524876247e-05,3.72029139382499e-06,6.76707175498248e-07,-2.93038913190474e-07,-4.0716794472131e-16,-6.21543189383895e-08,1.72792697841805e-07,1.24932985701796e-16,-1.20103146259791e-15,-1.04920378361597e-07,-6.02507345541558e-09,-6.1437952478533e-08,1.55119028268426e-05,6.17730404964217e-08,-2.50320167192162e-06,-2.43957709650328e-16,-9.03765364519121e-07,-1.64529289135776e-16,-0.00204051531019014,-8.27978094072868e-16,-5.24804778158129e-08,2.80245483144682e-17,2.38256756772725e-07,6.3180407256118e-08,0.00282294803934538,3.73760773920511e-06,1.67081399482999e-07,-1.94538540134288e-08,1.23421396124567e-07,4.59871698376478e-08,2.20359972179169e-05,7.32149087584625e-07,4.24689645677395e-08,-1.18703403570739e-07,-2.15112067480796e-05,-2.95710266977241e-06,-5.58104242370597e-08,2.41824704191139e-16,5.18526481540351e-07,-8.87202638181688e-08,4.49540774220836e-08,1.64580119321116e-16,8.31400658596553e-07,2.3492414099326e-06,7.49570557812814e-07,3.80895668983652e-16,-1.8133326044774e-07,-1.01479946041194e-05,4.07485083919945e-16,-1.25986811840879e-07,2.76222346966423e-07,-2.89128779112744e-16,-1.46102273007633e-16,-1.00975116946085e-08,-5.70164116469458e-06,-3.23943958216641e-08,-4.48001036950595e-05,1.24113748205954e-06,3.27089164218521e-08,5.69546156497125e-06,2.89618656836471e-07,-7.22817823179959e-06,2.72329901684909e-15,1.33786074500957e-09,9.77488380952349e-08,2.72158057011153e-07,0.000144640117079725,-1.72732628571328e-16,2.40324218730043e-18,3.4591788237732e-06,-6.64457731935858e-17,-6.63541337530555e-12,3.57051645518782e-07,-5.24255150017191e-07,-9.81478008245724e-08,-0.000473055001483214,2.48281396441373e-06,6.49124321529113e-07,8.30867889077793e-07,1.32858901187196e-16,7.40172501327806e-06,2.02703392796449e-07,1.58110887380679e-06,-8.83471360541556e-08,3.46784529740823e-07,-2.53639085248579e-16,-5.12857402392339e-16,2.09431586280135e-16,-3.16885073967162e-06,-1.44022152502916e-08,-9.33419945656418e-07,-3.12971293746449e-17,-1.10059706034673e-08,-4.68047507054554e-16,2.31624835502133e-17,1.78769024946158e-06,-4.47599290164894e-07,-3.08347097854877e-16,-3.69784337135878e-06,-4.99767618421654e-08,5.66661104670651e-16,1.14644748340768e-07,2.53080351450981e-16,0.000428368636109782,1.89624615159822e-15,0.00347119063228646,1.20893412678915e-07,8.38119650537822e-09,1.66366441760396e-06,1.25971681822445e-05,-3.74231880557378e-08,1.16083194533025e-06,-6.36541091191967e-17,6.86114276944807e-07,-3.87156872563827e-08,-1.28658528425204e-16,-5.098509515591e-09,-1.03814583977774e-07,2.41001040856917e-08,-3.15394500845817e-16,7.70561401338963e-08,1.01848248954921e-07,1.27983518661003e-17,-2.82349532801154e-06,-2.14219001897666e-06,-2.91984570047522e-09,9.5518328449683e-18,-1.55028610911899e-16,5.20433934680353e-08,2.82498407279018e-06,9.83302505285191e-06,-2.12394354327981e-08,1.81717914711993e-06,1.90095758825393e-16,3.65986399985534e-15,0.00282252166909858,1.33147537898405e-09,-2.49955879179128e-16,1.35101964652276e-05,4.27093864488709e-17,4.05936247217659e-08,-6.91126026398678e-07,-9.24913124716379e-07,-6.13857866476933e-06,-2.27881922673915e-16,7.26652363821074e-17,-1.12236618707158e-16,-1.70986588556681e-18,-4.74370987799609e-09,-1.64524778742116e-08,-1.27862724518364e-16,-2.94839045134775e-16,-8.636712070065e-17,2.3143410709182e-08,2.0791122923922e-10,-1.14357871042283e-08,-3.67385829879225e-17,-4.91468844787679e-16,2.70752387523943e-16,-4.88437743339162e-07,1.49440066933205e-08,2.39464704206759e-16,2.61785000969816e-09,-6.84528891231435e-08,-3.8649164170238e-17,-2.32151309252994e-16,-2.83921186496144e-05,-4.80319919884772e-10,-0.000174630987781374,-1.70602450936069e-16,2.61092724728375e-08,4.21207568003615e-07,4.51422552680934e-07,-1.68140575029383e-06,-9.97232735218804e-08,1.62174347983585e-09,-3.6059310850653e-18,1.85449385265124e-18,-1.3874413290323e-16,3.06510208644987e-08,-2.77494378086078e-08,-1.08318418800108e-06,-8.19118897506186e-09,2.48773939083571e-16,3.43123013731134e-16,-3.91083601309296e-17,-3.06175893942604e-16,-2.55343401605593e-16,3.89423065007698e-08,-2.50252110178892e-16,3.45855640739169e-18,-1.10519863515786e-06,-3.64099903205215e-17,-3.36511172667758e-06,-8.97155492777834e-17,-7.22696857655029e-07,-3.65634214043217e-17,-8.7275790995927e-07,-1.85138249925426e-07,-9.62069770361809e-08,-4.13226044379263e-17,2.01601022801124e-05,-4.37616520191769e-17,5.29056962925991e-07,-8.38749863665361e-08,4.64105209249873e-10,-3.05017197320758e-17,2.5522836035788e-06,-8.38816357501788e-17,-1.83336730125449e-07,-9.35803037489687e-08,-1.4901496550024e-16,2.04268256696467e-16,7.29043334656181e-17,1.78491074084345e-16,-1.41714639478211e-08,-2.98295035982181e-05,-1.59419237255532e-07,-2.08758837238096e-16,1.30960366731326e-16,-9.60974273307468e-09,7.83806053741842e-08,-2.00225104658633e-16,-5.51098888912478e-17,-1.55766060605285e-07,-1.94008972616727e-16,-3.01593033657256e-06,-1.34306430928317e-16,2.75720476793338e-07,1.71300137877391e-17,-2.76504687284817e-16,-1.62771270084041e-16,1.99843865069037e-16,-8.84159502498453e-17,-1.92910351763122e-17,5.27911726115191e-09,-3.69183963918247e-08,1.03883540837916e-17,-2.44795832328182e-08,1.02794499955666e-06,3.21922605604303e-16,-6.63813096525802e-18,5.70850669738495e-16,-1.17829769539898e-16,9.42402331195256e-07,2.55309980150063e-07,-1.44314285662885e-16,-4.39553005897852e-17,-1.83448789841552e-07,-5.92512198736306e-08,-8.96838471916627e-10,9.54763515229133e-17,3.25334754037548e-17,-1.17791497007585e-16,-2.06026159651428e-16,5.38271997681642e-17,2.02320262638819e-16,6.09264094263222e-06,-1.24800314138273e-06,-0.000479732648892045,6.83261521671701e-18,1.15070822568707e-16,2.15870563659364e-16,1.20067778321815e-16,-7.30262097395845e-18,2.93744911608449e-16,-8.45922228873845e-18,4.90294420062907e-17,-4.54119782635915e-17,7.64338807044321e-18,9.92090825070037e-19,-2.40673218166128e-17,2.02260455275797e-16,-7.53342179349221e-17,3.44959731535399e-09,-1.77842924793571e-16,-3.92916166793583e-17,-1.78805533942575e-16,4.87888742964001e-08,-6.03232581741329e-08,-1.85999285806351e-17,-1.25876961073102e-09,4.45262585365152e-08,8.12321307003805e-17,8.84199576196714e-16,-8.57447277521592e-08,-4.60975642943244e-17,1.093065057279e-09,-4.14357632712156e-17,-1.9440823759873e-19,2.52780217399865e-17,1.97083560179964e-16,1.09390506891744e-07,-1.46468139874226e-07,6.45848206225236e-17,-1.8001751059487e-16,5.98208751887871e-17,-9.79746801624922e-17,1.20888542232134e-16,5.46662907575907e-16,-2.38732291962302e-16,8.47788227911212e-17,1.74650727220606e-09,3.1483515177214e-17,3.46511069327717e-17,3.94081042581086e-17,-6.09860842538738e-17,-2.5085654570632e-16,-1.9181310038703e-16,-3.78967093708143e-07,6.82820993772008e-17,-7.67049442631381e-17,2.56269134637146e-08,1.85126432228102e-16,1.92449357312198e-17,1.67013876658588e-17,-1.3162810416833e-16,2.12799001372183e-08,-5.26936122603436e-18,-1.60479468029549e-06,8.04436223359462e-17,6.17529733623979e-17,-2.68347571052061e-17,1.43036547978702e-16,-4.07522684314626e-17,-8.31350549592947e-17,2.5384434081097e-08,-2.85809213834451e-17,-3.16707996716877e-16,3.20140417946552e-09,-3.16434728315995e-06,4.32521566585593e-17,5.4405844715746e-07,1.25178788831096e-06,-1.47812614281033e-16,-1.27195312535126e-16,7.31079823457405e-17,2.26928947801918e-17,1.35800060542209e-16,-2.09041243729797e-06,-8.61110368608422e-17,2.20639616352865e-17,1.9242202395349e-16,2.82900155003063e-06,-2.9372119142379e-17,-2.10083585235081e-16,7.95682162164487e-17,-5.44065854396208e-18,-3.8001612404258e-07,-3.93869009226815e-17,6.61428174106296e-10,7.49075920585873e-17,2.12221948578871e-16,2.06431687276173e-16,-8.97942256454245e-17,-2.52239507949352e-17,3.11185342586211e-16,7.36853914461185e-17,-1.14457739474114e-08,6.80094532905741e-17,-1.34998335626809e-16,4.8088098907667e-09,-5.50023718088178e-17,1.69441347558142e-17,-2.2520695147383e-16,-2.42147037835627e-17,-9.44962221774949e-17,-1.45690489143375e-16,-3.47903511657445e-08,-6.22000374853115e-17,-6.88527660889807e-18,1.0350252384593e-08,-6.28317458523049e-17,6.62605032635003e-17,7.47160690274223e-18,3.96801035115993e-17,4.05205588443992e-19,-2.94003970324585e-17,5.43516699826009e-18,-9.34306022633277e-18,2.36128592052919e-17,4.26318439890503e-17,-1.126257985244e-16,-5.41235838650018e-09,1.79406763088316e-08,-6.26389962161256e-17,-2.38071980872213e-17,-1.04592533568048e-16,2.03686370689324e-16,-4.27609336828283e-16,3.92631585736561e-18,4.3017977590556e-16,-1.61543136893749e-16,-1.70660077258736e-08,-1.0721369164954e-16,1.19186334340167e-17,4.2558316565523e-17,3.52649377389916e-16,1.98342533322718e-09,-2.43482484033338e-18,-3.13939333100577e-10,-6.3615910147412e-18,-6.11107234201052e-17,4.15155668803e-18,-2.05587327911499e-17,3.06351695750363e-17,-1.03401226480477e-16,-8.89476059232818e-17,1.79009917311758e-16,-5.04191219498681e-17,-9.6262040274881e-18,2.1443313510072e-16,-8.50957630607427e-17,3.57879712869739e-16,-1.00197232568505e-16,-6.51133267826366e-17,7.27182893245684e-17,1.36264775179228e-17,-3.43439795356766e-18,2.01682493184406e-17,1.02253622244082e-16,5.90727553678727e-16,2.71903488348045e-17,-1.08913396827829e-16,-1.83483467520312e-16,1.28061582554678e-16,2.55205572207493e-08,-1.24599075757488e-16,4.8943656909124e-17,3.93462343331891e-18,-1.0888250543895e-15,1.4005141173328e-16,5.43245909431325e-17,3.23545303128205e-16,-1.18829458387053e-16,-1.4725870680086e-16,7.52419861618689e-17,-2.43511807940244e-16,1.10406555283953e-16,-6.96444538536903e-17,4.39505451621926e-17,-2.12058708033362e-16,-1.75564854323419e-16,-2.10957801117219e-17,-1.93172230182974e-07,-1.64456361566039e-17,1.38642187242283e-16,7.54367790599275e-17,-4.2428907292034e-17,-8.10122334793321e-17,6.31506005829006e-17,9.17223541065356e-17,-2.41289014572725e-17,5.8847446281767e-17,4.40999444362376e-09,2.44516954612438e-16,-4.75988183092778e-17,-1.20649720996921e-16,-1.03244471340385e-16,-1.27580610883521e-16,1.7890454122223e-16,-2.46955907472262e-17,-1.2928702778155e-16,3.81140130571615e-17,7.18087201757917e-17,2.00654977381024e-17,2.0744172916609e-16,8.92573484743291e-17,1.16772135821408e-06,-9.66095107071929e-17,9.84013309556546e-17,-1.14617244739115e-16,-4.03106367730111e-16,-6.06269814887063e-09,2.14495971996395e-16,-6.7312515214783e-17,-1.59960470003432e-17,9.6702375293862e-17,-2.59651148854847e-17,4.61238905146006e-17,-5.02982735366194e-17,2.81574921777006e-17,4.50357306188548e-18,-5.26417094610984e-17,4.69398153495117e-17,1.60546708066757e-16,-8.38129663359334e-17,-4.64593600448658e-17,1.50669717440512e-17,1.11612065023007e-16,-1.45763044025478e-16
"t835",0.0356303180965034,-0.010440178139168,-0.0114105193677674,0.000664655686412795,0.00604021371937717,-0.0160749247797471,-0.00225932174255949,-4.76391150893011e-06,-0.0410635383107457,-0.0184098406966704,0.138116240792562,0.00238579647809236,-0.00465983417818319,-0.000982666610495987,-0.0267254856774255,0.000635909726891308,0.000419443377133377,-5.10796399281604e-05,-0.0239424622004337,-0.00950921587050828,-1.74143130893106e-05,5.16438607344867e-05,-0.030580845724233,-0.00101237038052955,7.87031464657092e-05,0.00271029899945715,-0.0487392178474975,-0.000592833919850846,0.00113201902486344,0.000149434618537619,0.000150979215280516,-0.0028384229471927,-1.68484980679899e-06,0.00169680943795914,-0.00226981501187522,-0.000404389001540265,-1.84322779528469e-05,6.75793093342763e-05,0.0161088946214628,0.0901044661088651,-0.000143707709132425,0.0030458130547394,-2.13261271517302e-06,0.00014863288048854,-5.13088456418958e-06,1.32327162937467e-07,1.8286674725876e-08,-5.76443525267446e-07,0.00016169694225394,-0.000411114175893015,5.92872981758927e-07,-9.48084862905462e-07,7.35986729186688e-06,-4.60564704001312e-07,4.80280935758813e-05,-3.75170689256544e-05,1.99943470525827e-05,-2.45559854764836e-05,0.000214004659239221,-3.50594769682529e-07,-3.19034322983798e-07,1.62126751993411e-05,-9.33918883958023e-06,6.92176553528531e-06,-0.000120469761399318,1.20556431878324e-06,-6.55108418668565e-06,1.83286841146578e-05,-4.23027099226904e-06,1.73777270873993e-05,-5.97298544229995e-08,-6.43878123448779e-08,3.53326190589105e-07,4.10167031386924e-07,-1.82188462361118e-07,-1.83764697259306e-07,1.99781930949514e-06,-3.8611494050432e-07,0.000279632540735887,2.01260595523285e-05,-1.71292467285547e-06,-0.000139807027151732,0.000460028245137858,7.27265000605627e-06,-9.39006735703062e-05,-2.69328354063307e-05,4.49808875428688e-06,7.82673179283689e-05,1.46917698032944e-07,-5.96481252171203e-06,6.22543980375303e-05,-4.69007671553834e-08,-3.32738351118942e-05,3.50744674639065e-05,9.80839577480609e-06,1.20883182616475e-05,1.42411717311304e-06,-8.69635517081701e-06,0.000102889778250844,0.00265012696775467,6.87917232757679e-05,-4.65779940389851e-07,0.000100165792144354,-0.000532246263912216,0.00132634067398266,-2.94933319661379e-05,0.0179224013047056,-3.48568144930407e-05,0.349029705087133,9.71000487309483e-06,0.000241587660839471,0.000191186997270738,-5.53150380892467e-05,2.36518001439847e-05,-2.19503672544376e-05,2.04885510331957e-05,-0.00341339437344518,0.00288583378640939,-0.00020971149931125,6.69758225952709e-05,-3.60755289498784e-05,6.13628702024791e-05,-0.000804519491458016,-0.000795100756154218,3.85249277242219e-06,-7.50969495313543e-05,7.74993947951245e-06,-0.000175089445950183,0.000151498872761951,0.00527433551722757,3.92095856953603e-05,-0.000225559584361191,3.09867361442575e-05,0.0299332288258179,-2.71987626962507e-08,2.97758203220716e-05,-0.000205897746263593,-7.26877308921181e-06,0.000388769732523007,-0.000102884181082081,-0.000424779727415574,-4.49243674424867e-06,1.15567260856138e-05,-5.26878439792264e-07,-3.14952140773327e-09,0.279775618591331,-6.6424843564394e-06,0.000449024556001885,2.77065750092256e-05,-2.47670912503494e-06,-3.04161860898095e-06,-0.000153790217575629,-2.10740189896052e-06,0.000507806294090411,-1.45128203758763e-06,-2.70672382720556e-05,0.000165903398082153,-1.5803983206433e-05,-9.15735461302211e-05,-1.2727666085281e-05,-1.22718127137457e-05,1.78820333874183e-06,-0.000233788312736088,-1.77713323104919e-05,1.19551327544751e-05,-8.31831739357166e-06,0.00882973409417041,1.15654860576413e-05,0.00273554310353877,4.2416216909457e-07,-8.71658131558243e-06,-1.6329010687633e-06,2.76465598807498e-07,0.000176723225608987,2.00824286698748e-06,4.16406195856136e-06,1.84070043476228e-07,-8.12559184121957e-06,-0.000400859611901901,-4.62386774565076e-05,0.00019372532601786,5.98092213294513e-05,-1.33291135412e-05,-5.71850852004229e-08,-1.88775624272467e-06,-1.21467910146739e-06,-0.0130843724770129,0.00891147177322922,0.047036597413014,0.000218251495286563,0.000426492782294644,-0.000198826310414772,-5.83781359294881e-05,-6.82552916466017e-09,-5.77153613531848e-07,7.65061164637489e-05,4.49677889191421e-05,6.19847797926909e-07,-6.24698035530578e-05,-1.50676698229496e-05,-0.0234767502961457,-1.24148255714942e-05,3.73615831183375e-07,2.59294110758015e-07,2.94908096459504e-05,1.27536879665382e-06,-1.39982641218489e-05,-6.23198917376871e-07,1.85782621566548e-05,6.78112324822577e-10,-2.91597024842983e-05,-2.57079496097674e-07,-1.19290917547267e-06,-4.10931533741802e-05,6.59939106757219e-09,-1.27659580678749e-07,4.73650234178737e-08,3.12685967238937e-08,-1.76771928649647e-05,-4.57311444961742e-06,-2.1469161170485e-06,2.7918252731663e-06,6.26422835166199e-07,2.71099092251087e-06,-8.54002290421274e-06,-4.92704062663245e-07,-4.67952411409285e-05,-2.78580046944049e-07,-0.000108192457693349,-2.06721503653285e-05,1.13559153966345e-06,2.38918360055776e-07,7.3917877448955e-06,2.74005777852242e-06,-0.00606406304835981,-2.88014212636261e-08,-1.31251400266655e-05,1.08829918242877e-16,-1.28552940722397e-07,1.84969212076386e-06,-3.96011946259064e-07,-1.06007428207596e-06,-1.47713427750123e-05,2.04710040513721e-07,-3.10629745298653e-06,1.39919433466185e-06,-4.66801192212261e-06,1.79885142657161e-07,-3.71684357663609e-07,0.00015723492556198,-1.05282598134061e-07,1.17369726288428e-05,-0.000635601404113155,5.32401757297667e-08,-3.9221823456702e-09,2.09761923221744e-07,-2.79947363204745e-07,4.55234409458078e-06,0.000304760934776335,-8.53313822272438e-05,3.78178165287718e-05,-0.428153812987694,-0.000742558320855543,1.83469947632551e-05,-0.000588219889135576,5.21231965147358e-05,-5.21605107705168e-08,-0.000447968189747705,-2.14456539006116e-06,-1.55337495737672e-05,-3.99388490796338e-08,0.0202925271594884,-1.78814038762235e-07,4.12466706890591e-07,-6.01089463950604e-07,1.08879348121164e-06,-7.28305235712449e-07,4.71588991373039e-08,-6.80245353945534e-06,2.71007664216737e-08,-4.15029566332428e-06,-4.38958741544353e-16,7.88019802328797e-06,1.309671182205e-06,7.15169497430242e-12,4.52779278161079e-08,-4.73305127460893e-08,2.41064195271077e-08,6.13721305835819e-09,1.92214116148805e-10,-1.08158857613671e-08,4.31463294061593e-07,2.94889756098118e-07,-4.90624547814758e-09,2.83537670274097e-06,-1.00045318187258e-05,3.1189912944191e-07,-1.38699639308417e-05,1.27197314505386e-07,2.23337112512816e-07,3.45190066206764e-09,1.12420400070473e-05,-1.70497304060832e-06,7.66775950995401e-09,-2.45791961176517e-06,2.95635303372969e-07,-1.08206779190588e-06,8.39376497452e-07,7.50103876814703e-06,3.83172455606396e-07,-1.22300234833238e-07,-8.10123126882394e-07,8.35984759018736e-08,-3.92670353459539e-07,1.10186498808642e-06,4.4750724519664e-06,-3.5422431463906e-05,6.84622697322274e-17,7.39265732961032e-08,4.08202397596638e-07,-4.08371349157289e-08,2.18201066394832e-05,2.34338833226202e-08,5.74650693617349e-06,2.30449863561835e-05,-1.81205499877983e-06,7.99040301396463e-06,2.70595725762774e-16,-0.000110759415223955,-5.01843511400384e-09,-2.26872852119805e-06,9.6209001463806e-08,1.89382999170894e-06,-1.30383447146059e-06,-2.31119691285338e-05,6.51322275518587e-06,-7.53070152906252e-07,5.80849534326292e-05,-2.27880503014702e-07,-2.57294665908241e-05,-3.9487124242651e-08,-8.56847207460687e-09,-0.000130436934261891,1.42189137046976e-06,-0.0354107769751309,-1.01928649691934e-15,-1.20794161094178e-07,2.50228875651754e-08,7.25016149515854e-10,1.45773419932731e-08,-2.38444367272416e-05,-0.00115313881513527,7.63419472530464e-07,-3.05940000885091e-06,-2.20113568420943e-06,2.44519621485018e-15,-4.9704998077705e-05,-1.91137666975065e-07,-0.00016997705040544,7.03395637653742e-15,3.89998543692831e-05,7.11189456093473e-06,-1.46741922061194e-06,-0.0283915879242586,-3.68967198833243e-05,-0.109512529935394,1.05407637266213e-05,0.246070988633723,-2.68465723771624e-05,-2.70643564110488e-07,-2.91037615770186e-05,-8.59666131019708e-07,-1.80520433478705e-15,1.73568305388687e-07,-5.90802981588548e-06,-2.15986891217813e-06,1.09508711687966e-05,1.50317257986025e-15,1.53685952903504e-07,-2.00712486119262e-08,1.98237371441548e-06,2.66105551413546e-08,8.96578185428301e-06,-7.6564290338061e-08,8.24584666328993e-07,-2.67519855833601e-06,-1.25730175804837e-15,-5.95354584617486e-06,2.69495234403731e-08,-7.08351529841625e-08,-6.57541834185513e-06,8.54249938809664e-09,1.79324788658087e-08,1.05818132034585e-16,-2.17133096682158e-16,1.23682201467327e-08,6.24754787422762e-09,-7.91629316101131e-10,6.28323712807749e-07,3.73122141438025e-16,1.20198948958085e-07,-3.91204294743714e-10,1.96930061117302e-16,-6.24654811016466e-17,3.06091262033825e-17,6.62406857583106e-07,1.99568557792897e-08,-2.87163077459468e-08,1.03664480575881e-06,1.49827743622684e-07,3.20327099572644e-08,-1.41060079299204e-08,3.47500067895816e-16,-3.83846596220417e-09,1.14673777930247e-08,-3.6605092420265e-16,4.60099397100841e-16,-8.76490618981111e-09,-5.27082600600948e-10,-5.69225555291692e-09,1.48984371498756e-06,6.32535412354335e-09,-2.58841572794311e-07,4.47497482151308e-17,-9.46907595320346e-08,7.85147631460691e-17,-0.000221732998924327,4.0766001685455e-16,-5.85073543992153e-09,-6.00190275628954e-17,2.74024739381904e-08,7.31111802928350e-09,0.000352375116667994,4.73600152993729e-07,2.13020273704722e-08,-2.54581699150701e-09,1.65066681904586e-08,6.45026383759088e-09,3.09207123628507e-06,1.04169029166521e-07,6.19259561925369e-09,-1.78584430930034e-08,-3.31818266439409e-06,-4.64846442668362e-07,-8.85307375737817e-09,-9.64356362116069e-17,8.45146710609025e-08,-1.48246290782024e-08,8.01249798988861e-09,-4.63266812531349e-18,1.50765384402257e-07,4.36769833619133e-07,1.4079869553402e-07,1.08404079412377e-17,-3.42391730641566e-08,-1.95505491667088e-06,-7.83508763554863e-17,-2.45060056903954e-08,5.67073810739007e-08,1.23605076836001e-16,1.0374892448965e-16,-2.11385619146837e-09,-1.1956525197705e-06,-6.84737070089984e-09,-9.5567156983041e-06,2.70120749391848e-07,7.13081313927229e-09,1.24461999354555e-06,6.49030824862546e-08,-1.65178757575886e-06,6.04659551595166e-16,3.0792760274201e-10,2.25258185628553e-08,6.29852774602829e-08,3.36439797420627e-05,-1.8758763344957e-16,3.17386000350188e-16,8.10151346204254e-07,1.113614048698e-16,-1.60645537476772e-12,8.71038922333445e-08,-1.2875087888351e-07,-2.41072964154483e-08,-0.00011786065671794,6.19760884076904e-07,1.62100150234956e-07,2.08025873719221e-07,-3.22635449488231e-17,1.90343686894817e-06,5.24153795529275e-08,4.09583926539025e-07,-2.30902999192194e-08,9.20761697397964e-08,6.46839312296383e-17,3.68878144806135e-17,1.11865967174331e-16,-8.59922831719833e-07,-3.94409611734535e-09,-2.55795782870518e-07,-3.50247953866857e-16,-3.04221164186505e-09,6.38488299466698e-17,1.63341769615343e-16,5.12321522429583e-07,-1.28330243269514e-07,4.48859699408999e-17,-1.06919070202622e-06,-1.45204644758997e-08,-1.12895323608608e-16,3.36363783071428e-08,-2.52059850184004e-16,0.000127136836223786,7.5224526607465e-16,0.00103127748296359,3.59453386743932e-08,2.49420846223978e-09,4.95712608531188e-07,3.76393115588228e-06,-1.12973187040911e-08,3.55375197546114e-07,-3.07727694689921e-17,2.13625925732582e-07,-1.2075724145153e-08,5.45068267696262e-17,-1.59400099752768e-09,-3.25947689536103e-08,7.59551508937745e-09,2.08202154163848e-16,2.45965798577357e-08,3.25911253048753e-08,1.71688324960117e-16,-9.06479416888355e-07,-6.88855679634429e-07,-9.44511803248063e-10,-1.6694165941538e-16,1.62384026914994e-16,1.70683162055354e-08,9.31835326775722e-07,3.24727405125114e-06,-7.18642029806632e-09,6.172109380109e-07,9.55889125195058e-18,1.05944431697956e-15,0.000961203054457045,4.53581857255879e-10,3.19040674474095e-16,4.62269007384709e-06,3.57600600591418e-17,1.39482915586633e-08,-2.38838712524828e-07,-3.19759755631969e-07,-2.12558513357199e-06,9.33795256745849e-17,1.46638920336357e-17,-2.66595135871778e-17,-4.42027230718376e-17,-1.66578098664762e-09,-5.78393155507953e-09,-3.4938714388153e-16,3.28247244293959e-16,9.14388165298065e-17,8.16937575396515e-09,7.35191367785431e-11,-4.06299169830944e-09,2.21015397473698e-18,-6.10351613000715e-16,2.56034343032452e-16,-1.7629174721463e-07,5.39661650621467e-09,1.72932621130329e-17,9.51058761795515e-10,-2.49285911608187e-08,4.88376326928017e-17,1.49560693339748e-16,-1.03978800806953e-05,-1.75983851131766e-10,-6.41924192613968e-05,1.59819749952979e-17,9.64966617018607e-09,1.56135250129734e-07,1.68023406764511e-07,-6.29316616893826e-07,-3.7379665563065e-08,6.09562752390309e-10,-1.2247111670017e-16,-1.95053918262176e-16,-9.15126555539127e-17,1.16998087117773e-08,-1.05947103837408e-08,-4.1435761981409e-07,-3.1637697514279e-09,1.61466928004058e-16,2.96255762766405e-16,1.39782663891001e-16,-3.21497606563183e-18,-5.74313661163411e-16,1.5190637571524e-08,-6.12915014626715e-17,-1.68383165284805e-16,-4.32767509471342e-07,-1.23456239090914e-16,-1.31795932108054e-06,-7.22826330648825e-17,-2.83143842708714e-07,1.96223186687026e-16,-3.44186177523588e-07,-7.31254487340473e-08,-3.80893314104859e-08,-1.87366133121528e-16,8.00468413424861e-06,-1.99704223151013e-17,2.11387412028487e-07,-3.3783838698374e-08,1.87000912295461e-10,-6.74678959015803e-17,1.03170538197738e-06,2.50375635046398e-17,-7.4485598904321e-08,-3.80289599511261e-08,3.0694846432458e-16,-1.03573686291505e-16,1.23057740235817e-16,-9.29672468273894e-17,-5.78281186724267e-09,-1.21854677522105e-05,-6.52054071695158e-08,-2.63842667084504e-16,-8.74129104829261e-17,-3.95413167774097e-09,3.22598703713858e-08,1.62904771174364e-16,2.37448397817001e-16,-6.45826658760837e-08,2.07913151765927e-16,-1.25238762969025e-06,1.12546314439266e-16,1.15007664371547e-07,1.11955714284685e-16,-1.50286949590022e-16,-1.4799349364424e-16,-1.0052121062994e-16,-8.09594382568575e-17,-1.68255585829074e-17,2.2217772068547e-09,-1.55393328565583e-08,-3.04582405586725e-17,-1.03354623496708e-08,4.34562182011468e-07,2.44339780124967e-16,-2.8310575175684e-16,-1.47147803781752e-16,-1.58052008542915e-16,4.00587039281431e-07,1.08662349620925e-07,8.16772239099545e-17,1.50141437528455e-17,-7.81876088901413e-08,-2.52580528240197e-08,-3.82547048333371e-10,2.18899018898732e-17,-1.0270415603484e-16,4.77924564535176e-17,4.47182219028314e-16,1.1039313602886e-16,6.76841619890127e-17,2.62470421922322e-06,-5.38131436594702e-07,-0.000207045758287171,-4.06901078556845e-17,-7.34497078737102e-16,-1.02442013404221e-16,-3.19113695713662e-16,-3.00968697445795e-16,-2.28441489663e-16,5.17471947264775e-16,-2.79936378405382e-16,2.30182905561392e-17,-8.50277169736186e-17,-3.49384518870715e-17,4.30959001909833e-16,-2.64806664709897e-18,1.74010839993889e-16,1.51135395152183e-09,5.22766927518393e-17,3.38254194434106e-16,-6.91475414674181e-17,2.14175153830508e-08,-2.64928607356217e-08,3.03972233353454e-17,-5.52982631949255e-10,1.96074070124016e-08,4.77365474703571e-18,2.58150897685963e-17,-3.787017449428e-08,1.21637855032553e-16,4.84506611398179e-10,1.75770410583761e-16,-5.72717937091244e-17,1.08748820542005e-16,1.28855367089605e-16,4.8760831359564e-08,-6.53129003788398e-08,2.63196478901345e-16,1.24858824774973e-16,-4.40981939547843e-17,-2.34939330109148e-17,5.38306378639053e-17,-8.23237822744575e-16,5.50497788728785e-16,2.77309826021107e-16,7.93843771308784e-10,2.69257225044907e-16,1.52919685352051e-16,-1.45141879239819e-17,3.65287887772373e-16,1.91358830770126e-16,-4.5054530025291e-16,-1.72947161467927e-07,1.43594565533691e-16,5.5559431777973e-18,1.17038413516459e-08,-4.57263252977233e-17,-7.43350062803916e-16,-4.99802316764684e-16,6.39985564397676e-17,9.80222588799848e-09,-1.39161432014181e-17,-7.40345912507826e-07,1.4163094910006e-16,3.69925567666119e-16,8.06450639309586e-16,-4.29493985135924e-16,1.13688949287059e-16,3.4311953001567e-16,1.17468995971096e-08,2.12945087326148e-16,1.35779864146164e-16,1.48497595334521e-09,-1.46796073502579e-06,-1.53919553789305e-17,2.52902380266978e-07,5.8225402443648e-07,-1.84633561492932e-16,6.94767008005944e-16,3.15763108935022e-16,1.38695135370811e-16,-8.0194686051571e-17,-9.81369095332621e-07,6.2396432026439e-16,-1.12557166206943e-16,-2.32556607021708e-16,1.33124039874523e-06,2.61946250616555e-16,-6.30396054334738e-16,7.91255015236277e-17,-6.69312924675752e-17,-1.7937864435947e-07,-5.54228098903064e-16,3.12511528071211e-10,-1.10621737543926e-16,3.76937278246831e-16,-9.36418936161033e-16,6.33434760302695e-16,-7.29253044100353e-16,7.69749426571167e-16,-8.00959903417888e-17,-5.43506064305168e-09,-2.45374241419555e-16,-1.26992705971894e-16,2.2863001675508e-09,-2.89917252804883e-16,3.95358771622153e-16,4.05917025678351e-16,2.53519626642262e-17,-3.12646994909029e-16,3.52895429867585e-16,-1.66047190028653e-08,-4.24959691965783e-16,-4.38944669433387e-16,4.94846619806367e-09,1.15275462214977e-15,6.14335662588004e-16,6.23525337487537e-17,9.74562026010387e-16,-4.49618423161523e-16,6.49664666517618e-16,7.2654826050206e-16,3.04389327187535e-17,6.77025782014848e-16,-1.10910034760653e-15,-9.18700271341266e-16,-2.60400153989701e-09,8.63812954256923e-09,4.17180346184165e-17,1.41595787462562e-15,1.31305253455213e-15,1.77459680254891e-15,-2.01401395560907e-15,-2.32817616770214e-16,-3.24875862881838e-16,-6.74499524418252e-16,-8.24911722857204e-09,8.2477460929288e-16,4.37143666323156e-16,7.66964317446474e-17,3.57977998238517e-15,9.61879356264313e-10,1.02012146097262e-16,-1.52810108068152e-10,-3.15999499079814e-16,-8.35681681693347e-17,6.56853150547198e-16,-5.02916680726064e-16,9.45643788746248e-16,2.72124512373412e-15,9.46035379565172e-16,-1.43649795079309e-15,1.50677404732657e-16,3.95959750312259e-16,-3.66339911967624e-15,-3.46517450851535e-16,6.39576657807048e-16,-1.0500273040135e-15,1.89201841209547e-15,2.65323585138762e-15,-9.83362901811564e-17,-2.39906285197183e-15,-6.85325560110022e-16,-6.26197511429468e-15,1.56748529087092e-15,2.65354370752224e-15,6.90231246154553e-15,-1.75271012264724e-15,-4.28098601513116e-15,1.2588687620645e-08,5.68556540707014e-15,-2.80359106752101e-15,-3.70370860661639e-15,-0.707106781186547,6.16781012739727e-14,-6.43257149041388e-15,-8.18806073254388e-15,-3.71880928802151e-15,-8.37929407747896e-16,5.55954094230372e-16,2.11820578438493e-15,-3.19525919978364e-15,-3.54320999680581e-15,2.72695519050648e-15,-5.99127205099285e-16,-1.53509746091423e-16,-7.7751422541393e-16,-9.61272221884218e-08,3.01936774762163e-15,-7.10288553162411e-16,8.76936829996301e-17,-7.62369664165191e-16,7.18579056755775e-16,1.95616833595183e-17,-9.74228918834057e-16,9.28979251221412e-17,-2.82915788348877e-16,2.21405667068198e-09,-2.53427694285944e-16,-7.87328635877293e-16,-4.04017478755147e-16,5.72201685693867e-16,5.8739483988459e-16,-2.87303035887639e-16,-1.00521573053335e-16,-2.92898216034821e-16,-7.15493769471478e-16,4.97582549089109e-16,4.76304476904109e-16,7.45146929338705e-16,4.81589866589487e-16,5.91390152149847e-07,-2.51895239425076e-17,1.36112667114819e-15,-1.04590300050088e-16,-1.60678761962352e-16,-3.08273487304376e-09,4.67520287556386e-16,2.2610766448192e-18,1.02334968695531e-15,1.21764204195302e-15,1.96388415099922e-16,3.42323363358631e-16,2.40143360990522e-18,2.45370265449562e-17,2.63009671603689e-17,7.33849289815265e-18,1.13099574313548e-18,8.65496742191947e-17,-3.25976795992579e-16,-9.70281418994309e-17,-3.88015487666656e-16,-1.38624035392662e-16,-2.56271459983619e-16
"t836",0.0356303180965034,-0.010440178139168,-0.0114105193677674,0.000664655686412794,0.00604021371937717,-0.0160749247797471,-0.00225932174255949,-4.76391150893097e-06,-0.0410635383107457,-0.0184098406966704,0.138116240792562,0.00238579647809237,-0.00465983417818319,-0.00098266661049598,-0.0267254856774255,0.00063590972689131,0.000419443377133373,-5.10796399281684e-05,-0.0239424622004337,-0.00950921587050828,-1.74143130893059e-05,5.16438607344936e-05,-0.030580845724233,-0.00101237038052957,7.8703146465707e-05,0.00271029899945714,-0.0487392178474975,-0.000592833919850839,0.00113201902486346,0.000149434618537614,0.000150979215280522,-0.00283842294719274,-1.68484980680073e-06,0.00169680943795912,-0.00226981501187523,-0.000404389001540266,-1.84322779528542e-05,6.7579309334224e-05,0.0161088946214628,0.0901044661088652,-0.000143707709132432,0.00304581305473929,-2.13261271517794e-06,0.000148632880488535,-5.13088456417289e-06,1.32327162946214e-07,1.82866746923032e-08,-5.76443525264187e-07,0.00016169694225395,-0.000411114175892998,5.9287298173971e-07,-9.4808486292968e-07,7.35986729187242e-06,-4.60564704001746e-07,4.80280935758727e-05,-3.75170689256433e-05,1.99943470526144e-05,-2.45559854765149e-05,0.000214004659239168,-3.50594769672053e-07,-3.19034322979931e-07,1.6212675199343e-05,-9.33918883960879e-06,6.92176553527119e-06,-0.000120469761399323,1.20556431876539e-06,-6.55108418669672e-06,1.83286841146776e-05,-4.23027099228551e-06,1.73777270873957e-05,-5.97298544702461e-08,-6.43878123448779e-08,3.53326190613052e-07,4.10167031388403e-07,-1.82188462370048e-07,-1.83764697267623e-07,1.99781930949037e-06,-3.86114940490348e-07,0.000279632540735907,2.01260595523596e-05,-1.71292467286326e-06,-0.000139807027151792,0.000460028245137846,7.27265000609326e-06,-9.3900673570305e-05,-2.6932835406334e-05,4.49808875428416e-06,7.82673179283942e-05,1.46917698026861e-07,-5.9648125216678e-06,6.22543980374983e-05,-4.69007672221702e-08,-3.32738351118855e-05,3.5074467463914e-05,9.80839577474861e-06,1.20883182617287e-05,1.42411717312361e-06,-8.69635517068132e-06,0.000102889778250804,0.00265012696775469,6.87917232757689e-05,-4.65779940372711e-07,0.000100165792144355,-0.000532246263912207,0.00132634067398265,-2.94933319661628e-05,0.0179224013047056,-3.48568144929796e-05,0.349029705087133,9.71000487312541e-06,0.000241587660839531,0.000191186997270806,-5.53150380892582e-05,2.36518001439229e-05,-2.19503672544361e-05,2.04885510331267e-05,-0.00341339437344526,0.00288583378640942,-0.000209711499311253,6.6975822595191e-05,-3.60755289499347e-05,6.13628702024969e-05,-0.000804519491458019,-0.000795100756154287,3.85249277252666e-06,-7.50969495314076e-05,7.74993947953283e-06,-0.000175089445950197,0.000151498872761898,0.00527433551722749,3.92095856953626e-05,-0.000225559584361267,3.09867361441893e-05,0.0299332288258177,-2.7198762616184e-08,2.97758203219922e-05,-0.000205897746263588,-7.26877308920308e-06,0.00038876973252295,-0.00010288418108206,-0.000424779727415563,-4.49243674429754e-06,1.1556726085643e-05,-5.26878439821258e-07,-3.14952145330533e-09,0.279775618591331,-6.64248435647422e-06,0.000449024556001926,2.7706575009169e-05,-2.47670912493084e-06,-3.04161860889692e-06,-0.000153790217575657,-2.10740189890015e-06,0.000507806294090486,-1.4512820376384e-06,-2.70672382722114e-05,0.000165903398082192,-1.58039832064437e-05,-9.15735461302204e-05,-1.27276660852115e-05,-1.22718127137333e-05,1.78820333885936e-06,-0.000233788312736069,-1.77713323106304e-05,1.19551327544749e-05,-8.31831739353563e-06,0.00882973409417042,1.15654860575477e-05,0.00273554310353869,4.24162169078756e-07,-8.71658131561287e-06,-1.63290106878035e-06,2.76465598916019e-07,0.00017672322560895,2.00824286701745e-06,4.16406195855769e-06,1.84070043516461e-07,-8.12559184108151e-06,-0.00040085961190182,-4.62386774562913e-05,0.000193725326017771,5.98092213294845e-05,-1.33291135412053e-05,-5.71850852130109e-08,-1.88775624277304e-06,-1.2146791014782e-06,-0.0130843724770128,0.00891147177322919,0.047036597413014,0.000218251495286334,0.00042649278229473,-0.000198826310414898,-5.83781359293534e-05,-6.82552917042424e-09,-5.77153613496231e-07,7.65061164637933e-05,4.49677889191492e-05,6.19847797970409e-07,-6.24698035530399e-05,-1.50676698229762e-05,-0.0234767502961458,-1.24148255714591e-05,3.73615831164766e-07,2.59294110686373e-07,2.94908096456657e-05,1.27536879675028e-06,-1.39982641218951e-05,-6.23198917366029e-07,1.85782621567061e-05,6.78112280048978e-10,-2.91597024841999e-05,-2.57079496063273e-07,-1.19290917554887e-06,-4.10931533745094e-05,6.59939102656977e-09,-1.27659580807003e-07,4.73650234224421e-08,3.1268596647091e-08,-1.76771928649553e-05,-4.57311444961167e-06,-2.14691611707225e-06,2.79182527332927e-06,6.26422835193059e-07,2.71099092263683e-06,-8.5400229040753e-06,-4.927040627369e-07,-4.67952411408434e-05,-2.78580046833792e-07,-0.000108192457693288,-2.06721503653738e-05,1.1355915397033e-06,2.38918360127561e-07,7.39178774497398e-06,2.74005777855826e-06,-0.00606406304835978,-2.88014215362018e-08,-1.31251400266391e-05,1.22268163179254e-16,-1.28552940751053e-07,1.84969212080116e-06,-3.96011946221787e-07,-1.06007428209967e-06,-1.47713427749707e-05,2.04710040562583e-07,-3.10629745293427e-06,1.39919433490901e-06,-4.66801192194053e-06,1.79885142623391e-07,-3.7168435764624e-07,0.000157234925562155,-1.05282598097965e-07,1.17369726290359e-05,-0.000635601404113122,5.32401754098742e-08,-3.92218237862995e-09,2.09761923169229e-07,-2.7994736318488e-07,4.55234409465148e-06,0.000304760934776208,-8.53313822272214e-05,3.78178165287556e-05,-0.428153812987695,-0.000742558320855479,1.83469947632878e-05,-0.000588219889135744,5.21231965147014e-05,-5.21605106529919e-08,-0.000447968189747926,-2.14456539008337e-06,-1.55337495737066e-05,-3.99388490440816e-08,0.020292527159488,-1.78814038730002e-07,4.12466706871211e-07,-6.01089464013946e-07,1.08879348137532e-06,-7.28305235415061e-07,4.71588991775648e-08,-6.80245353944728e-06,2.71007663272462e-08,-4.15029566320282e-06,-3.89958706745513e-16,7.8801980230864e-06,1.30967118230381e-06,7.1514578027981e-12,4.52779279858294e-08,-4.73305127533815e-08,2.41064196193483e-08,6.13721335602134e-09,1.92214081346531e-10,-1.08158859383492e-08,4.31463294106016e-07,2.94889756010605e-07,-4.90624557364929e-09,2.83537670276903e-06,-1.00045318186956e-05,3.11899129497091e-07,-1.38699639307573e-05,1.27197314358151e-07,2.233371122019e-07,3.45190065570692e-09,1.12420400068666e-05,-1.70497304052424e-06,7.66775942058094e-09,-2.45791961168044e-06,2.9563530336625e-07,-1.08206779190923e-06,8.39376497522182e-07,7.50103876822424e-06,3.8317245555823e-07,-1.22300234714002e-07,-8.10123126857279e-07,8.35984759651978e-08,-3.92670353506004e-07,1.10186498789814e-06,4.47507245205515e-06,-3.5422431464085e-05,4.54006047418166e-17,7.39265733824314e-08,4.08202397859031e-07,-4.08371348139223e-08,2.18201066396061e-05,2.34338833576645e-08,5.74650693635179e-06,2.30449863562595e-05,-1.81205499874829e-06,7.99040301389465e-06,2.22850882541915e-16,-0.000110759415224067,-5.01843526265417e-09,-2.26872852106232e-06,9.62090014613676e-08,1.89382999169116e-06,-1.30383447136776e-06,-2.31119691286031e-05,6.51322275486325e-06,-7.53070152762004e-07,5.80849534327174e-05,-2.278805033144e-07,-2.57294665910916e-05,-3.94871243683263e-08,-8.56847227477769e-09,-0.000130436934261835,1.42189137073462e-06,-0.0354107769751312,-1.08760179136026e-15,-1.20794160980447e-07,2.50228874510089e-08,7.25016285875578e-10,1.45773419820947e-08,-2.38444367267717e-05,-0.00115313881513483,7.63419472523431e-07,-3.05940000886122e-06,-2.20113568430374e-06,2.15568481750258e-15,-4.97049980778348e-05,-1.91137667087433e-07,-0.000169977050405314,6.93733403439685e-15,3.8999854369288e-05,7.11189456094111e-06,-1.4674192207788e-06,-0.028391587924259,-3.68967198831087e-05,-0.109512529935394,1.05407637266796e-05,0.246070988633723,-2.68465723772993e-05,-2.70643564081385e-07,-2.91037615771429e-05,-8.59666131200647e-07,-1.87680562530944e-15,1.73568305534457e-07,-5.90802981596919e-06,-2.15986891219525e-06,1.09508711689031e-05,1.82355162712804e-15,1.53685952826145e-07,-2.00712486719368e-08,1.98237371447619e-06,2.66105551121665e-08,8.96578185395691e-06,-7.65642900785422e-08,8.24584666311811e-07,-2.67519855830224e-06,-1.55116720427042e-15,-5.95354584630828e-06,2.69495233835067e-08,-7.0835152947881e-08,-6.57541834209293e-06,8.54249945357683e-09,1.79324784093865e-08,9.54097911787244e-17,-9.57790483934507e-17,1.23682203180337e-08,6.24754794342682e-09,-7.9162900807797e-10,6.28323712820781e-07,2.39315456943573e-16,1.20198949489641e-07,-3.91204186035857e-10,-9.74410298166645e-17,-8.04655270338727e-17,6.21614799221263e-17,6.62406857580299e-07,1.99568559091807e-08,-2.87163078952281e-08,1.03664480562554e-06,1.49827743779118e-07,3.20327099717555e-08,-1.41060082123334e-08,-2.11394587855593e-16,-3.83846599559171e-09,1.14673777642478e-08,-7.0851059409564e-17,-1.17628760286793e-16,-8.76490620826125e-09,-5.27082755482013e-10,-5.69225581167352e-09,1.48984371562302e-06,6.32535411370477e-09,-2.5884157274133e-07,-1.22515541945074e-16,-9.46907595745949e-08,1.45420943912056e-16,-0.00022173299892436,1.49457269477127e-16,-5.85073515207262e-09,8.85309159790351e-17,2.74024740439104e-08,7.31111807180548e-09,0.000352375116667931,4.73600152700317e-07,2.13020277336377e-08,-2.54581708420839e-09,1.6506667782548e-08,6.45026331130692e-09,3.09207123617399e-06,1.04169029012212e-07,6.19259590288489e-09,-1.78584431926391e-08,-3.31818266412064e-06,-4.64846442902677e-07,-8.85307384662622e-09,-4.93944249051946e-17,8.45146711418319e-08,-1.48246289598753e-08,8.01249755922292e-09,-1.18552865392375e-17,1.50765384329279e-07,4.36769833589342e-07,1.40798695605784e-07,-1.03623519785145e-16,-3.4239173168901e-08,-1.95505491672124e-06,-3.155018260959e-16,-2.45060056652037e-08,5.67073810303857e-08,1.20286426275023e-17,-2.20778878558435e-18,-2.1138563361648e-09,-1.19565251978885e-06,-6.84737025536577e-09,-9.55671569806628e-06,2.70120749709614e-07,7.13081323155245e-09,1.24461999336412e-06,6.49030824709808e-08,-1.65178757578627e-06,4.15357852279197e-16,3.0792793420248e-10,2.25258189865665e-08,6.29852777393265e-08,3.36439797418457e-05,-4.84632477823582e-17,-4.09449886836271e-16,8.10151346672021e-07,-1.22850419862548e-16,-1.60715921937265e-12,8.71038923754268e-08,-1.2875087872566e-07,-2.41072963924177e-08,-0.000117860656717904,6.19760884196144e-07,1.62100150386275e-07,2.08025873825689e-07,-4.61034249303579e-17,1.9034368689433e-06,5.2415379221615e-08,4.09583926801022e-07,-2.30902997670204e-08,9.20761695482286e-08,1.37633670954505e-16,2.09964281609366e-16,4.35071906922866e-17,-8.59922832042507e-07,-3.9440962125053e-09,-2.55795783241995e-07,2.44860347716348e-16,-3.04221119226253e-09,2.63884130770244e-16,-9.76977319884296e-17,5.12321522592559e-07,-1.28330243241437e-07,3.14635470455293e-16,-1.0691907027885e-06,-1.45204648736394e-08,1.55589169083827e-17,3.36363782558317e-08,2.63014522837083e-16,0.000127136836223355,2.9421311320195e-16,0.0010312774829638,3.59453384525945e-08,2.49420803292799e-09,4.95712608369619e-07,3.76393115556297e-06,-1.12973184346126e-08,3.55375197583409e-07,9.47838852593846e-18,2.13625925951211e-07,-1.20757242589315e-08,6.6511128984152e-17,-1.59400102830685e-09,-3.25947690165211e-08,7.59551504066277e-09,9.27064121676287e-17,2.45965797389012e-08,3.25911251792502e-08,-1.96095191100593e-16,-9.06479416544885e-07,-6.88855679257977e-07,-9.44511996377292e-10,1.52526991637703e-16,-9.00913325995178e-17,1.70683163846918e-08,9.31835327025202e-07,3.24727405099848e-06,-7.18642009941507e-09,6.17210937592379e-07,-1.19349972067173e-16,1.20379719694914e-15,0.000961203054456991,4.5358153254138e-10,-3.42876017759566e-16,4.62269007433918e-06,-9.85875545335466e-20,1.39482918034558e-08,-2.38838712484782e-07,-3.19759755436783e-07,-2.1255851336926e-06,-4.91352165182456e-17,-1.12713735853989e-16,9.16913833923501e-17,-2.11040465790758e-17,-1.66578135799957e-09,-5.78393145165351e-09,2.77630354853216e-16,-1.15606077394932e-16,-3.68525077906914e-17,8.16937574453599e-09,7.35190909735432e-11,-4.06299217136295e-09,2.22980301503607e-17,1.17513962970273e-16,-2.97613496347271e-16,-1.76291747115687e-07,5.39661566307385e-09,1.88600459147821e-16,9.51058750406317e-10,-2.49285916962554e-08,6.81944229095674e-17,-3.46394812127837e-17,-1.03978800813891e-05,-1.75983898349161e-10,-6.41924192611894e-05,-1.45605304929238e-16,9.64966613405991e-09,1.56135250052192e-07,1.6802340619217e-07,-6.29316616116707e-07,-3.73796657149939e-08,6.09563977951274e-10,1.55741332902539e-16,3.2633357565475e-16,4.69794270753068e-17,1.16998084868718e-08,-1.05947103734579e-08,-4.14357619614587e-07,-3.16376975136734e-09,-3.12276905329377e-16,-2.94433901687856e-16,-3.18616832996223e-17,2.50623583018111e-16,1.54819033378311e-16,1.51906369238521e-08,1.49324922877494e-16,2.19257823885909e-16,-4.32767508903069e-07,2.57909950873228e-16,-1.31795932246901e-06,8.06862461154573e-17,-2.83143842618154e-07,-1.59185467177527e-16,-3.44186177959241e-07,-7.31254485887008e-08,-3.808933126092e-08,1.54839728355306e-16,8.00468413378668e-06,6.05072103209326e-17,2.11387412361651e-07,-3.37838377898531e-08,1.87001153439363e-10,-1.56651503181808e-16,1.03170538216585e-06,-3.14382864055787e-17,-7.44855990963444e-08,-3.80289600614113e-08,-2.19343232307729e-17,-3.01321389824734e-17,-3.07345785797232e-16,4.21900635172659e-17,-5.78281221137099e-09,-1.21854677524209e-05,-6.52054068638225e-08,4.81681098090497e-16,-2.23225662011487e-17,-3.95413147615411e-09,3.22598701974798e-08,-1.50579808268244e-16,-2.1671162663977e-16,-6.45826659970192e-08,-9.31258984241448e-17,-1.25238762974328e-06,1.3195274820385e-16,1.15007664325581e-07,-1.48561136389497e-16,-3.10985651659721e-16,2.54303072420065e-16,-1.2259354299719e-16,9.07943629119252e-17,-3.57969772155468e-16,2.22177786431596e-09,-1.55393331874902e-08,6.12918757357196e-17,-1.03354627225625e-08,4.34562182202833e-07,-5.73223703428979e-16,3.51285145042164e-16,5.22714216263054e-17,-7.80115309244007e-17,4.00587038485941e-07,1.08662349939586e-07,-1.26520088159352e-16,3.01561649550661e-17,-7.81876085849725e-08,-2.52580526810897e-08,-3.82547074946302e-10,-1.49180314925408e-16,1.61326476011861e-16,1.68581863714618e-17,-6.20159275698982e-16,-1.65060154354427e-17,-1.96760270073742e-16,2.62470421940478e-06,-5.38131436444028e-07,-0.000207045758287307,-2.00827782901652e-17,5.44773868377927e-16,-1.3894661567184e-16,1.6668887149632e-16,3.24093880125669e-16,1.86835162035054e-16,-5.48633971152773e-16,3.32711126770823e-16,-7.86735485321664e-18,1.28188047446756e-16,8.69369623646161e-17,-3.25877034845052e-16,-1.31314359644499e-16,-1.77160450821303e-16,1.51135319995971e-09,7.7726409637486e-17,2.4269237162568e-17,2.49898554582216e-16,2.14175158088374e-08,-2.64928600762486e-08,-1.80234425653634e-17,-5.52982964582634e-10,1.96074072531149e-08,-1.12951805945382e-16,8.55915402250073e-16,-3.78701744734193e-08,-1.0279802640676e-16,4.84505905223424e-10,-1.43508469615406e-16,1.35363267200892e-16,-1.40632422574823e-16,-9.31666208159583e-17,4.87608311885979e-08,-6.53129001726246e-08,-4.98532981475871e-17,-1.86951822293565e-16,4.94499674674966e-17,-3.9624263991316e-16,-1.77971786613496e-16,4.98707786714876e-16,-2.8636612664374e-16,-3.08884359253238e-16,7.93843862496978e-10,-3.08074771208941e-16,-1.67665246082533e-16,-1.27667482695713e-17,-3.11675853807934e-16,-1.94448353875286e-16,3.97649776205022e-16,-1.7294716066463e-07,-9.87399363241083e-17,2.23814629143429e-17,1.17038417757451e-08,-1.30418042878617e-16,8.16661219552045e-16,4.33919982466335e-16,1.05925664001829e-16,9.80222566854243e-09,4.07680843635021e-17,-7.40345913135981e-07,-1.58181132633208e-16,-3.98799062473991e-16,-6.22239911855282e-16,2.94924590256212e-16,-9.12119441841649e-17,-3.50119409235602e-16,1.17468994696979e-08,-1.77133401406785e-16,2.35376059344902e-17,1.48497497875617e-09,-1.46796073508619e-06,5.03851215440163e-17,2.52902379105635e-07,5.82254023759039e-07,3.766479943395e-16,-7.41204512731241e-16,-3.6987066064503e-16,-2.27588572280736e-16,5.04533291714206e-17,-9.81369094683488e-07,-5.54039626663541e-16,2.42864634724539e-16,3.44066943294051e-16,1.33124040020015e-06,-4.63346059218879e-16,6.08774577359239e-16,-5.99107491833447e-17,9.9726021570886e-17,-1.79378644470496e-07,6.24099465606752e-16,3.12510235232119e-10,5.49227750801498e-17,-3.51876978068955e-16,7.49559027994013e-16,-5.20169181431188e-16,7.87163365360882e-16,-1.06798606965149e-15,3.31356469418771e-17,-5.4350603482639e-09,6.78837680648137e-19,1.78198950910325e-16,2.28630144860005e-09,2.71252100789191e-16,-2.73339899006659e-16,-3.33174520871669e-16,3.06884874340658e-17,3.35401087490279e-16,-2.27535043315389e-16,-1.66047185209883e-08,3.91196499959658e-16,4.34639019977368e-16,4.94846544925267e-09,-6.66576225035558e-16,-6.01830849153577e-16,3.12019735195207e-17,-1.03868086204946e-15,4.73955643724451e-16,-3.99702780086119e-16,-7.99518620247177e-16,-8.61450357928098e-17,-8.05948349305299e-16,1.10556354131733e-15,1.03418960435215e-15,-2.60400191664033e-09,8.63812911906633e-09,-9.68263577602558e-17,-1.33352619754693e-15,-1.28517492099389e-15,-2.02230064079255e-15,2.76742604526925e-15,3.22796053082877e-16,-7.56255461496328e-17,7.47388789650133e-16,-8.24911541124982e-09,-9.60491731283856e-16,-4.71797365388983e-16,-8.26201394565776e-17,-3.78444690117119e-15,9.61879651488965e-10,-2.55847557559623e-16,-1.5280888801547e-10,3.13562006888363e-16,9.60960500989771e-17,-7.14921286322223e-16,4.95439842732746e-16,-9.59848136255035e-16,-2.46295556749578e-15,-1.00146834358918e-15,1.53766580687491e-15,-1.94496942190842e-16,-3.44336050869873e-16,3.516406759604e-15,3.36357913497963e-16,-6.05993168577059e-16,1.0931711754294e-15,-1.85139700993886e-15,-2.7521918201419e-15,1.46632495531925e-16,2.45287967015073e-15,6.46524846787526e-16,5.85579928432315e-15,-1.96067120872279e-15,-2.72130794175201e-15,-6.85859835207499e-15,1.71320349271312e-15,4.18284706855604e-15,1.25886959209909e-08,-5.71238527092279e-15,2.73679045409717e-15,3.74111499135017e-15,0.707106781186549,-6.15939687588558e-14,6.44277906876151e-15,7.91849696986064e-15,3.801230390204e-15,8.3310799833083e-16,-6.33223581065054e-16,-2.43023916962626e-15,3.06725174116449e-15,3.58096990326766e-15,-2.83663916494156e-15,6.55111788269469e-16,2.09146968363452e-16,8.51089221668211e-16,-9.61272228714156e-08,-3.03889325543221e-15,6.05172526889896e-16,-2.5220769529688e-17,5.94679107936025e-16,-5.76628678592899e-16,-1.26315378714503e-16,8.39578377831244e-16,-1.11653409483874e-16,3.30352595460778e-16,2.21405673442028e-09,6.15180876200818e-16,6.98259483378824e-16,4.04564485806635e-16,-5.1339796456994e-16,-4.59779260753276e-16,3.82945922003222e-17,2.32745195209897e-17,3.59186739326177e-16,7.00675618749088e-16,-5.21591743589585e-16,-4.85462479707999e-16,-6.14519553562792e-16,-5.09231218583195e-16,5.91390154817858e-07,1.08698410642207e-16,-1.1261085095318e-15,2.47551209892523e-17,-7.0082828429463e-16,-3.08273549846134e-09,-5.73045887353296e-16,-4.70498646040973e-17,-9.4342817939405e-16,-1.37416184165569e-15,-3.87266905314635e-16,-2.99214172108923e-16,-9.84420137154623e-17,-1.00545436158792e-16,1.17567698448692e-16,2.2723507628686e-16,4.09322412669353e-17,-7.47973041570684e-17,7.43158584378301e-18,-6.49413540089279e-17,6.77551186505265e-17,7.83165780690263e-17,-2.15947409498523e-16
"t181",0.0355995515743695,-0.0104211692818134,-0.0113890711035367,0.000662980658963627,0.00602157036737525,-0.0160166982094987,-0.00225097703582261,-4.74491392307242e-06,-0.0408700697036813,-0.0183046171207198,0.137114009638648,0.00236444990202423,-0.00461691675733445,-0.000973478634312819,-0.0264646633405975,0.000629335808242518,0.000415003225994459,-5.05290763291723e-05,-0.0236783940504043,-0.00939522735969395,-1.71884218435175e-05,5.08343029342616e-05,-0.0300743797566214,-0.000995507424805415,7.73869931945344e-05,0.002662794594894,-0.0478747533396397,-0.000582223862620474,0.00111121041883972,0.000146185130429155,0.000147475461311266,-0.00276951521666672,-1.64095120853297e-06,0.00165047069266906,-0.00220461133092994,-0.00039182796206998,-1.7852347468938e-05,6.54186751639011e-05,0.0155902975668757,0.0871597418823751,-0.000138873592833299,0.00294082395577898,-2.05798348346036e-06,0.000143425108468244,-4.94790776836259e-06,1.27300146546478e-07,1.75788166108292e-08,-5.53934077235603e-07,0.000155228207661771,-0.000394238848570195,5.6770583497121e-07,-9.07215197733768e-07,7.04189013897475e-06,-4.40286542123785e-07,4.58352490029969e-05,-3.5794831759095e-05,1.89860424076093e-05,-2.3286792505662e-05,0.000202911522830311,-3.31327621881238e-07,-3.00738462721807e-07,1.52635454441879e-05,-8.78335843934909e-06,6.50810905096291e-06,-0.000113049672693403,1.12931171255407e-06,-6.11251100763859e-06,1.70708763716121e-05,-3.93666692471463e-06,1.61470625139625e-05,-5.50477680807129e-08,-5.8961470665933e-08,3.23225543188329e-07,3.74444533862098e-07,-1.66277640337556e-07,-1.67564425015741e-07,1.82103809104285e-06,-3.51322118191384e-07,0.000253399817934979,1.82076627845072e-05,-1.54521228503009e-06,-0.000126039636496201,0.000412816756766542,6.5170984577966e-06,-8.36325670736577e-05,-2.39471609678222e-05,3.99257020254422e-06,6.94517951536232e-05,1.30360310919411e-07,-5.29161509816006e-06,5.5191844254933e-05,-4.13186364203039e-08,-2.9296428724519e-05,3.07593933878717e-05,8.54201356476307e-06,1.05163791802183e-05,1.23886636780925e-06,-7.54458744338021e-06,8.91721682511324e-05,0.00228793902671117,5.9201088159019e-05,-4.00728701357505e-07,8.61488589076647e-05,-0.000451035061030986,0.00112268438004083,-2.49424646200142e-05,0.0151328405481475,-2.941835025702e-05,0.29433999153254,8.1786987367911e-06,0.000203408438730113,0.000160596178400817,-4.64513273533624e-05,1.97382110990863e-05,-1.82936558551317e-05,1.7024736929822e-05,-0.00283252245482747,0.00238586892432799,-0.000172754906352757,5.50214777519755e-05,-2.95899678096486e-05,5.00561153201177e-05,-0.000653925583947676,-0.000646180553999218,3.12930410377733e-06,-6.07722572077906e-05,6.26968368345722e-06,-0.000141187321762574,0.000121013962027814,0.00421257208207725,3.12919561364159e-05,-0.000178843965814844,2.45373989927071e-05,0.023680952462883,-2.14346230593568e-08,2.34528747290601e-05,-0.00016083040061458,-5.63901220704188e-06,0.000298731233069736,-7.90347020119925e-05,-0.000325769229424272,-3.44237688343055e-06,8.84330262356512e-06,-4.02959584884184e-07,-2.40875473445757e-09,0.213162075901619,-5.0222110443636e-06,0.000336797707527882,2.07398674042739e-05,-1.84565196786695e-06,-2.26581009033367e-06,-0.000114366083351558,-1.5655710556445e-06,0.000376806001765405,-1.06525947236373e-06,-1.98326347102441e-05,0.000121407662044869,-1.12268597006088e-05,-6.45604816488886e-05,-8.9625990484214e-06,-8.58499203019481e-06,1.24927133037855e-06,-0.000161924742587131,-1.22955782739531e-05,8.20033647084384e-06,-5.6572869546085e-06,0.00585216952763832,7.6581610383073e-06,0.0018109191657561,2.79766726240222e-07,-5.72438570334757e-06,-1.07169169846252e-06,1.79871121814682e-07,0.000114658824634545,1.29507563807682e-06,2.68128182381943e-06,1.18432943184871e-07,-5.15257693808161e-06,-0.000250260120008991,-2.87880829654489e-05,0.000120295647450139,3.68474816202676e-05,-8.18661684706191e-06,-3.50161048920361e-08,-1.15260060037919e-06,-7.34393205984362e-07,-0.0078912663533301,0.00525782545948847,0.0277311936550455,0.000127697279832786,0.000244185727436988,-0.000111712182241161,-3.25814477670485e-05,-3.77092430138769e-09,-3.16408884585749e-07,4.09571251003143e-05,2.39456236800891e-05,3.26314200570912e-07,-3.26953411686981e-05,-7.52032913858673e-06,-0.0116898153667587,-6.04925192142e-06,1.78044987514217e-07,1.16651046324949e-07,1.32635858040159e-05,5.70373314353222e-07,-6.15091311246059e-06,-2.70411414944778e-07,7.78493112052749e-06,2.71266075298557e-10,-1.12045912174939e-05,-9.75058641323146e-08,-4.25032304990799e-07,-1.40996004916654e-05,2.26201473441077e-09,-4.24167213579667e-08,1.443335858131e-08,9.3580979250706e-09,-4.7610414711928e-06,-1.13266719021313e-06,-5.15263810892781e-07,5.78677759265527e-07,1.24794863229988e-07,5.15809215687642e-07,-1.38461301445826e-06,-7.70058904387517e-08,-7.24635273449829e-06,-3.40367885882623e-08,-1.09809329200861e-05,-1.605766241451e-06,7.56054761484969e-08,1.31123827251677e-08,3.23279675323855e-07,1.11092343379094e-07,-6.25596553664161e-05,2.65794415555454e-10,4.07645999340729e-07,-2.35353684191414e-16,8.17859718077298e-09,-1.30059207508349e-07,4.68763451804672e-08,1.67151005167988e-07,2.83155327473408e-06,-3.9669321532479e-08,8.12038622914369e-07,-3.82512022394973e-07,1.30215200245915e-06,-5.50699581659843e-08,1.20816237325608e-07,-5.67228810373773e-05,3.97007417841564e-08,-4.50606065141264e-06,0.000268422264590872,-3.21681058194818e-08,2.66051138091876e-09,-1.5621496495866e-07,2.53661620994216e-07,-4.18176052655775e-06,-0.000319822650863057,9.64202647317167e-05,-4.74712551928186e-05,0.555880957878062,0.000998805365675149,-2.59229061913203e-05,0.00089427891492012,-7.99117252441499e-05,9.66885598456837e-08,0.000834077995942935,4.01295188821803e-06,3.06471246404939e-05,8.03796477793972e-08,-0.0435402379243538,3.88316208492322e-07,-1.36646715977274e-06,2.09713837900774e-06,-3.9617889473753e-06,2.92969073897985e-06,-2.06449972055535e-07,3.67001340682079e-05,-1.56272671548012e-07,2.52825336820856e-05,6.09657522909959e-16,-5.90509496204296e-05,-1.01110006746468e-05,-6.11443319625267e-11,-5.12593406365648e-07,7.29126657555608e-07,-4.45154371894935e-07,-1.2548015845585e-07,1.34111506523159e-08,-5.95689746798983e-07,2.24896663454963e-05,8.13745050552652e-06,-5.99894230200978e-08,3.17597674778045e-05,-0.000105957604134197,2.80895533391594e-06,-8.15878686645845e-05,6.59307596358833e-07,1.14983760567542e-06,1.77363987690401e-08,4.54198738427121e-05,-5.61662485616766e-06,2.47025648186318e-08,-7.67339930186461e-06,8.89946270320541e-07,-3.22226120968221e-06,2.29651089542871e-06,2.0399635084595e-05,1.03076525476045e-06,-3.26582104919755e-07,-2.11254913306123e-06,2.12518905978508e-07,-9.75655482193513e-07,2.71109565386518e-06,1.08321230405871e-05,-8.28858734546488e-05,1.59160256814582e-16,1.43773837694408e-07,7.80454562057576e-07,-7.61332483329444e-08,4.06493855567715e-05,4.36215904459236e-08,1.06316218626951e-05,4.21475492629055e-05,-3.26927518703309e-06,1.40255388057473e-05,2.13144775226555e-16,-0.000182644637794781,-8.21167827325461e-09,-3.65121331940987e-06,1.54528931630524e-07,2.91891557893091e-06,-1.9639676731816e-06,-3.36903809672299e-05,9.27963813160473e-06,-1.01998799009852e-06,7.49617170329087e-05,-2.84836254228983e-07,-3.15716924386459e-05,-4.78916610528337e-08,-1.01752841388694e-08,-0.000154532772346093,1.65898229934358e-06,-0.0408195822476031,-1.12323796014812e-15,-1.2646898576745e-07,2.56398616329308e-08,7.42733486977406e-10,1.39944816034933e-08,-2.26554846435176e-05,-0.000951972393600856,6.01976779989894e-07,-2.38977171454989e-06,-1.65700573694775e-06,7.71938492007762e-16,-3.5780678802948e-05,-1.35214783435342e-07,-0.000112189997812561,3.89478726796151e-15,2.36731360373371e-05,4.22600769776311e-06,-8.6217198970561e-07,-0.0162870023658336,-2.02955938922501e-05,-0.0582699525766344,5.45858206887216e-06,0.116840104724381,-1.26079310037313e-05,-1.1884422427187e-07,-1.11675631863184e-05,-3.27382473248573e-07,-8.52818959596453e-16,4.59794349228422e-08,-1.43969392215412e-06,-4.22681556670079e-07,1.30780335958962e-06,9.70272046640187e-16,-9.43504011365555e-09,5.97723095904735e-09,-8.29719187785765e-07,-1.27314738111604e-08,-4.96321356257594e-06,5.38756230660161e-08,-8.10050111643856e-07,5.22821101620743e-06,-1.20544960661136e-15,2.06727483217175e-05,-9.86085747728491e-08,2.89828486009725e-07,3.16330372448998e-05,-4.16270344019035e-08,-9.16632932973612e-08,8.01442245901285e-16,-4.20020911985195e-16,-8.51045983804167e-08,-5.82217219848258e-08,7.69380497853557e-09,-8.6134107749921e-06,2.66135965388341e-15,-7.11863967029502e-06,-8.46754441565021e-08,-9.04748673756754e-17,2.36524433272628e-16,3.35540160212824e-16,1.07200024682162e-05,2.92778794270037e-07,-3.23213314806099e-07,9.87777754035844e-06,1.40347202616886e-06,2.61444594595256e-07,-1.13516136555911e-07,4.87476761369623e-16,-2.51546832392449e-08,7.09349822895371e-08,4.07654343145094e-16,4.66968089918751e-16,-4.5315671503987e-08,-2.63149507084213e-09,-2.72222642234589e-08,6.93725453973472e-06,2.81015964838915e-08,-1.14179144837248e-06,4.72225309345571e-16,-4.13727865314516e-07,-6.5619016838644e-16,-0.000943650812196429,4.67779027318871e-16,-2.4446987614592e-08,-3.14197497285217e-18,1.11989421876197e-07,2.97501416433909e-08,0.00135966029508329,1.80848834939886e-06,8.0997863465292e-08,-9.5075661516978e-09,6.07331471836854e-08,2.29769955315725e-08,1.10114967401596e-05,3.67513350454896e-07,2.14906144487367e-08,-6.06966216553693e-08,-1.10925705330569e-05,-1.53473988930634e-06,-2.90559847923942e-08,6.10319221236514e-16,2.72503695626403e-07,-4.70337293414602e-08,2.43880270702013e-08,-3.69265694193419e-16,4.53881383858495e-07,1.29429474342105e-06,4.14539445918076e-07,-1.94457376085126e-15,-1.0047731378971e-07,-5.66529227153566e-06,-6.67733685949803e-16,-7.05875649127773e-08,1.57957892348599e-07,1.11333522490986e-15,-3.49713814485383e-15,-5.81772211184042e-09,-3.28719279477603e-06,-1.87338259418195e-08,-2.60000850098672e-05,7.25944674844053e-07,1.91441692217305e-08,3.33659742077133e-06,1.71352714608219e-07,-4.3096998181565e-06,1.49069667200463e-14,7.99954325988671e-10,5.84757512425815e-08,1.63087454572317e-07,8.68489079692348e-05,1.97064515123095e-15,7.52681424740583e-15,2.08273990799358e-06,7.41081721142787e-14,0.707106781193796,2.18527593444206e-07,-3.21729231682163e-07,-6.02355523252759e-08,-0.000292006537048413,1.53376670132341e-06,4.01064600565948e-07,5.13898858885531e-07,-1.10864993490933e-15,4.62827416500377e-06,1.27036018179111e-07,9.91627987736059e-07,-5.56111797661688e-08,2.19709512274724e-07,3.37214931686808e-16,3.59700858361987e-15,-4.00068035816779e-16,-2.02583894015387e-06,-9.24218849629999e-09,-5.99164610951821e-07,-2.19241755832685e-15,-7.09011771252429e-09,6.4756485684417e-15,-2.00925905233577e-15,1.16913150946022e-06,-2.9277886955214e-07,-8.15320033709099e-17,-2.42736563660882e-06,-3.28729024686478e-08,1.77183173418531e-15,7.57191543611464e-08,-4.58861481309539e-16,0.000284296813918959,7.53951066267073e-16,0.00230472687826908,8.02949135474967e-08,5.56870828003336e-09,1.10596262902717e-06,8.38407585835981e-06,-2.50153518954147e-08,7.80558299842679e-07,8.68653685760109e-16,4.6466480165196e-07,-2.62395351409701e-08,2.50488238752915e-16,-3.45895122525894e-09,-7.05572605228541e-08,1.64059672398793e-08,7.60138095851994e-17,5.27397868625778e-08,6.97819351469752e-08,5.18832232192959e-16,-1.93723542476344e-06,-1.47079023073241e-06,-2.00978342015349e-09,-5.50309383785936e-16,-7.58036223127305e-16,3.60329598968963e-08,1.96071698969206e-06,6.8281470279503e-06,-1.49023477266753e-08,1.27708848935481e-06,-3.6037826767253e-16,2.39692331951813e-15,0.00198585844863037,9.3692595525922e-10,-6.16336359359413e-16,9.52468599228133e-06,1.9948782014814e-16,2.86700754975836e-08,-4.89316642292119e-07,-6.54950757558876e-07,-4.34980261985897e-06,5.03070380995791e-16,2.8721815266596e-16,-1.96139212413065e-17,2.71804745707961e-16,-3.3816095406095e-09,-1.17340279449438e-08,2.49471493409441e-16,6.17680868138003e-16,-8.4183464564227e-16,1.65348421183047e-08,1.48653951013826e-10,-8.19302669256583e-09,-1.47002058863787e-16,3.24420395061975e-16,6.59140710762562e-16,-3.52302181906402e-07,1.07813288860218e-08,-3.64843407005703e-16,1.89350317789746e-09,-4.95632178242517e-08,1.59385637020588e-16,1.96196279178883e-16,-2.06067740287757e-05,-3.48678912464296e-10,-0.000126947666348697,1.28824330722117e-16,1.90241744347447e-08,3.07296733543643e-07,3.2991894781825e-07,-1.23176392140142e-06,-7.31014793541594e-08,1.19021056417756e-09,-4.93580584821267e-17,-2.90675364713249e-16,5.74955076773576e-17,2.26438493232513e-08,-2.0502305499761e-08,-8.00956689702776e-07,-6.08193574679419e-09,2.88925516157808e-16,-3.43816735975965e-17,3.48560624812841e-16,3.80739823739782e-16,-5.81892624251941e-17,2.90369640889739e-08,-3.23638366629101e-16,3.05631572712115e-16,-8.25426558609068e-07,1.26111289012938e-16,-2.51347884106637e-06,4.377624579626e-17,-5.39877542524959e-07,6.08465416236827e-17,-6.53805155310701e-07,-1.38783443979863e-07,-7.2191315016142e-08,-1.95449830752687e-17,1.5146283929018e-05,-3.18427185266273e-17,3.98544969346687e-07,-6.34012870166792e-08,3.5087006401784e-10,7.48188403389727e-16,1.93221064631825e-06,4.05875173339652e-16,-1.39094340639268e-07,-7.10051770215523e-08,-3.34627653164745e-17,-4.1448524595849e-17,-1.31932261943846e-17,-2.07782419298676e-16,-1.07716801376504e-08,-2.268377335979e-05,-1.21294862260447e-07,-3.10368509696394e-16,-2.2586300103049e-16,-7.33021503456261e-09,5.97946437598182e-08,-2.77516848338761e-16,-4.70733866093795e-16,-1.19201159664617e-07,-6.9146430860904e-17,-2.30948464409912e-06,4.3936167536823e-17,2.11536718719292e-07,-2.3057931435714e-16,-3.13505985426722e-16,-1.58373065027921e-16,-3.72112182127666e-16,1.98978551054291e-16,2.5266405292688e-16,4.06558298923315e-09,-2.84331941447912e-08,1.33587208232255e-17,-1.88778537861583e-08,7.93147317135912e-07,1.68272447766531e-17,2.78422418968744e-17,-1.6969112409986e-16,-1.32142716566011e-16,7.28830377905215e-07,1.97556243755132e-07,3.89651359953414e-16,6.29854069365713e-17,-1.42035341030664e-07,-4.58788431593318e-08,-6.94612770948865e-10,4.1202360935042e-16,2.1469020111339e-16,-8.40699937170944e-17,-2.60634394684261e-17,-1.09607593277557e-16,-2.05932573000168e-16,4.73861512804737e-06,-9.71022705834946e-07,-0.000373404308426677,-1.856126818781e-16,1.42603636606524e-16,-7.23139188092654e-17,-1.18229118767734e-16,3.07372080084154e-16,-2.51911933730208e-16,-3.30190527140326e-16,-4.26218687124735e-16,5.56419650565678e-18,1.23915982303499e-16,1.70861434207494e-16,-3.50070858587527e-16,-1.04357032755549e-16,4.35725528081037e-17,2.70208459562398e-09,3.10142185100732e-16,-2.35099752382052e-16,-1.04446839044418e-16,3.82480250779291e-08,-4.72993641048546e-08,1.41378609597904e-16,-9.87114800358183e-10,3.4952171830139e-08,2.5410213590021e-16,1.63700777498096e-15,-6.73915578361234e-08,-8.70981655662795e-17,8.60400243729957e-10,-3.33581080698325e-17,-2.31092672643829e-16,-4.44977176263371e-17,-2.23484054790005e-16,8.6309041821355e-08,-1.15581597966319e-07,-6.44731106366385e-16,1.71531010009768e-17,-2.27073168251783e-17,1.40456890644163e-16,3.11870754915455e-16,6.03316686673333e-17,4.09650028427392e-17,-3.55087736622492e-16,1.38928077751249e-09,2.34004165242621e-18,-1.36623702313903e-17,-2.79220300512083e-16,-2.51331989784644e-16,2.55800710282428e-16,-9.44665911182111e-17,-3.01960225475867e-07,-6.19984635690336e-17,-2.0118182874719e-19,2.04257487562389e-08,2.06555733819187e-16,6.94234698672382e-17,1.83467316783571e-16,-1.75607406751751e-16,1.7021620399722e-08,-7.52948923369459e-17,-1.28447362685438e-06,-1.92895679828029e-16,-1.18637836322096e-16,-1.43701706199309e-16,1.4414256124958e-16,-1.52599172431807e-16,-2.38390752469231e-16,2.03437080380113e-08,-4.84013626222238e-16,1.26332243202097e-17,2.568193983593e-09,-2.53859163352437e-06,-1.71517392214071e-17,4.36835706836667e-07,1.00534961468924e-06,8.93336261832135e-17,-1.94874133996495e-16,2.31146737629258e-16,8.38674853979383e-17,-6.74471373244732e-17,-1.68532111304992e-06,-2.23955950472177e-16,-3.02709261267598e-16,3.2232039420005e-16,2.28300464854675e-06,-6.62739721627689e-18,2.86721342569707e-16,4.48641053243111e-17,2.99575041199878e-17,-3.07065807750359e-07,1.06185690924078e-16,5.34666053021079e-10,-2.7376975573091e-16,1.38196443476937e-16,3.0440480313118e-16,4.78114236019894e-17,1.52947781379242e-17,8.85128623802898e-17,-8.01187227877166e-18,-9.27135821242593e-09,-1.07103912436233e-16,-1.95077438198427e-17,3.89723762876518e-09,-8.11006628221184e-17,-8.10517468419431e-17,1.79487777472551e-16,5.5465574612804e-17,-4.33223473961801e-17,1.38512405247589e-16,-2.82402586306576e-08,1.05858420062798e-17,-1.07409852724023e-16,8.40752363778740e-09,-1.45813408403128e-16,-5.60724232115683e-17,-2.56594558623733e-16,-1.33869296309388e-16,3.70752619784915e-16,-9.78728604030785e-17,-1.32317155099915e-16,-7.22083241645086e-17,-7.1372242227575e-17,1.02279473955398e-16,8.39580824330968e-17,-4.40785757557182e-09,1.4615500281601e-08,1.65818474440057e-16,2.85502173706304e-16,-6.51559127275322e-17,1.86254791397772e-16,5.38414798856302e-16,-3.48946044634887e-17,-6.20795049667523e-17,1.79252572132497e-16,-1.39252112474608e-08,-1.84697323342225e-16,-9.23739587029445e-17,-2.26626598469874e-16,-3.17393538688078e-16,1.62058277528959e-09,-1.07637919345189e-16,-2.56894944154901e-10,-1.59118411903488e-16,8.02924262184469e-17,-1.15524677177699e-16,-1.07266522511004e-16,-8.26195528963604e-17,4.8563450759467e-16,-2.33099270575818e-16,-1.98792362418095e-16,2.23367659789674e-16,-1.16532740143125e-16,8.43356443676815e-17,-1.5942687710784e-17,-1.18584949788476e-17,7.03260644606438e-17,-1.17858366237191e-17,-1.95434357273503e-16,6.95126586020792e-18,-5.25433943144562e-17,-3.13908534267026e-17,2.82339016533084e-16,9.10350354127454e-16,8.31841706653575e-17,-1.69501192064117e-16,1.42900359409642e-16,1.65920725898621e-17,2.09971399123843e-08,2.56415126757133e-16,-1.72672184139024e-16,5.72969538540965e-17,-3.24259921395035e-16,-3.99758531190208e-16,-7.88297243474938e-17,-2.31243063476273e-16,-6.0490227598635e-17,-8.66224085222697e-17,-4.88951928332998e-17,-8.35919874986324e-17,2.16332216945062e-17,4.08132736068791e-17,9.77567170588436e-17,2.64952376551479e-16,1.0511710678807e-17,5.66471741070538e-17,-1.59500877880701e-07,-4.02329339724138e-18,-1.55192536158337e-16,6.76524678493774e-18,1.51576950744931e-16,1.39730703584396e-16,9.90883817980946e-18,2.53116900671381e-17,-5.84611911344591e-17,1.44970491421485e-16,3.65438964991846e-09,9.35089925886979e-17,7.69682879174995e-17,7.06215732135975e-18,-1.17046099637122e-16,-1.14956126612912e-17,-1.26043884664325e-16,7.99402171764175e-17,4.62295932763848e-17,-4.58483749611437e-17,-1.30105413374468e-17,-6.07085598190086e-17,-1.76586194105024e-16,2.14564438943283e-17,9.71052931799146e-07,6.10110004548802e-17,-2.37338701070958e-16,-1.12903613423923e-16,-4.99166680212326e-16,-5.0497281608552e-09,-1.89463326078096e-17,5.15295495463585e-17,-2.45052417028672e-17,-9.12160016089244e-17,9.27804727847188e-17,-1.43674410253753e-16,2.00049144409883e-16,-2.8196192643129e-17,-1.79866823085557e-16,-8.42282903925745e-17,6.09476362669723e-17,-2.30774071591576e-17,2.23890824172472e-17,-1.46759528443338e-17,1.49961875076503e-16,2.98862413783335e-17,-2.23840758325734e-16
"t333",0.0355995515743708,-0.0104211692818142,-0.0113890711035376,0.000662980658963705,0.00602157036737603,-0.0160166982095011,-0.00225097703582297,-4.74491392307771e-06,-0.0408700697036894,-0.0183046171207241,0.13711400963869,0.00236444990202508,-0.00461691675733625,-0.000973478634313192,-0.0264646633406083,0.000629335808242814,0.000415003225994626,-5.05290763292127e-05,-0.0236783940504152,-0.00939522735969864,-1.71884218435024e-05,5.08343029343034e-05,-0.0300743797566421,-0.000995507424806117,7.73869931945509e-05,0.00266279459489595,-0.0478747533396749,-0.000582223862620923,0.00111121041884061,0.000146185130429236,0.000147475461311403,-0.00276951521666948,-1.64095120843322e-06,0.00165047069267093,-0.00220461133093254,-0.000391827962070446,-1.78523474689669e-05,6.54186751640105e-05,0.0155902975668962,0.0871597418824912,-0.000138873592833485,0.00294082395578306,-2.0579834834545e-06,0.000143425108468454,-4.94790776845279e-06,1.27300146556091e-07,1.75788165930091e-08,-5.53934077248135e-07,0.000155228207662016,-0.000394238848570806,5.67705835005904e-07,-9.07215197730153e-07,7.04189013898322e-06,-4.40286542066973e-07,4.58352490030581e-05,-3.5794831759154e-05,1.89860424076802e-05,-2.32867925057107e-05,0.000202911522830726,-3.31327621842952e-07,-3.00738462713402e-07,1.52635454441829e-05,-8.78335843938065e-06,6.50810905096944e-06,-0.000113049672693676,1.1293117126095e-06,-6.11251100765961e-06,1.70708763716772e-05,-3.93666692477211e-06,1.61470625140566e-05,-5.50477681439337e-08,-5.89614706941223e-08,3.23225543180739e-07,3.74444533850537e-07,-1.66277640332781e-07,-1.67564425037164e-07,1.82103809107396e-06,-3.51322118173326e-07,0.000253399817935882,1.82076627845681e-05,-1.5452122850558e-06,-0.000126039636496724,0.000412816756768146,6.51709845788093e-06,-8.3632567074041e-05,-2.39471609679358e-05,3.99257020255273e-06,6.9451795153922e-05,1.30360310840518e-07,-5.29161509806118e-06,5.51918442551892e-05,-4.13186364671414e-08,-2.929642872464e-05,3.07593933880308e-05,8.54201356474826e-06,1.05163791802937e-05,1.23886636776263e-06,-7.54458744350379e-06,8.91721682515915e-05,0.00228793902672277,5.92010881592967e-05,-4.00728701352034e-07,8.6148858908092e-05,-0.000451035061033489,0.00112268438004709,-2.4942464620206e-05,0.0151328405482331,-2.94183502571986e-05,0.294339991534214,8.17869873681175e-06,0.000203408438731278,0.000160596178401663,-4.64513273536485e-05,1.9738211099222e-05,-1.8293655855209e-05,1.70247369299707e-05,-0.00283252245484475,0.00238586892434273,-0.000172754906353776,5.50214777523428e-05,-2.95899678098239e-05,5.00561153203892e-05,-0.000653925583952014,-0.000646180554003513,3.12930410372026e-06,-6.07722572082137e-05,6.26968368328852e-06,-0.000141187321763467,0.000121013962028691,0.0042125720821068,3.12919561366274e-05,-0.000178843965816064,2.45373989929786e-05,0.0236809524630543,-2.14346230854727e-08,2.34528747292331e-05,-0.000160830400615792,-5.63901220712556e-06,0.000298731233072118,-7.90347020125843e-05,-0.00032576922942677,-3.44237688350155e-06,8.84330262370867e-06,-4.02959584800875e-07,-2.40875471733056e-09,0.213162075903334,-5.02221104441416e-06,0.000336797707530841,2.07398674044517e-05,-1.84565196779596e-06,-2.26581009014676e-06,-0.000114366083352484,-1.56557105567316e-06,0.000376806001768548,-1.06525947238826e-06,-1.98326347104196e-05,0.000121407662045799,-1.12268597008519e-05,-6.45604816495333e-05,-8.96259904854132e-06,-8.58499203021316e-06,1.24927133033524e-06,-0.000161924742588658,-1.22955782738678e-05,8.20033647074208e-06,-5.65728695471553e-06,0.00585216952769966,7.65816103841415e-06,0.00181091916577518,2.79766726312041e-07,-5.72438570341337e-06,-1.07169169839301e-06,1.79871121782677e-07,0.000114658824635752,1.29507563806717e-06,2.68128182383005e-06,1.18432943263943e-07,-5.152576938024e-06,-0.000250260120011896,-2.87880829658501e-05,0.000120295647451516,3.68474816207062e-05,-8.18661684709574e-06,-3.50161050219619e-08,-1.15260060043634e-06,-7.34393205898184e-07,-0.00789126635342285,0.00525782545955172,0.0277311936553793,0.000127697279834406,0.000244185727439942,-0.00011171218224259,-3.25814477674101e-05,-3.77092423530111e-09,-3.1640888451118e-07,4.09571251007809e-05,2.39456236802332e-05,3.26314200653701e-07,-3.26953411691572e-05,-7.52032913870457e-06,-0.011689815366919,-6.04925192153957e-06,1.78044987571242e-07,1.16651046485387e-07,1.32635858043181e-05,5.70373314188583e-07,-6.15091311247139e-06,-2.70411414963426e-07,7.78493112022163e-06,2.71266083306317e-10,-1.12045912179174e-05,-9.75058642877998e-08,-4.25032304895638e-07,-1.4099600491698e-05,2.26201474629842e-09,-4.24167213581049e-08,1.44333586623634e-08,9.35809788430498e-09,-4.76104147133619e-06,-1.13266719028583e-06,-5.15263810961336e-07,5.78677759211989e-07,1.24794863124646e-07,5.15809215750598e-07,-1.38461301457859e-06,-7.70058904378128e-08,-7.24635273468743e-06,-3.40367885617589e-08,-1.09809329202814e-05,-1.60576624140581e-06,7.56054761314491e-08,1.31123826264534e-08,3.23279675767113e-07,1.11092343159959e-07,-6.25596553678616e-05,2.65794712658189e-10,4.07645999435929e-07,-3.0903931509784e-16,8.17859722160092e-09,-1.30059208120273e-07,4.68763451439974e-08,1.67151005023769e-07,2.83155327464591e-06,-3.96693216761477e-08,8.1203862261865e-07,-3.82512022580131e-07,1.30215200229148e-06,-5.5069958075183e-08,1.2081623713126e-07,-5.67228810387493e-05,3.97007416642555e-08,-4.50606065157898e-06,0.000268422264597106,-3.21681055753132e-08,2.66051172943555e-09,-1.56214964717214e-07,2.53661621506136e-07,-4.18176052666199e-06,-0.000319822650870581,9.64202647334121e-05,-4.74712551936982e-05,0.555880957892303,0.00099880536570093,-2.59229061917048e-05,0.000894278914943277,-7.99117252464652e-05,9.66885601926526e-08,0.000834077995965616,4.01295188822033e-06,3.0647124641117e-05,8.03796477949794e-08,-0.0435402379255371,3.88316208781173e-07,-1.36646715945851e-06,2.09713837922604e-06,-3.9617889472762e-06,2.92969073897592e-06,-2.06449972804346e-07,3.67001340692408e-05,-1.56272671359538e-07,2.52825336829639e-05,6.23003509324304e-16,-5.90509496223786e-05,-1.01110006748446e-05,-6.11440700353714e-11,-5.12593406478355e-07,7.29126657869066e-07,-4.45154371703695e-07,-1.25480158237572e-07,1.34111505140326e-08,-5.95689746851584e-07,2.24896663466636e-05,8.13745050582355e-06,-5.99894231610698e-08,3.17597674784437e-05,-0.000105957604137939,2.80895533395332e-06,-8.15878686675146e-05,6.59307595732815e-07,1.14983760543821e-06,1.77363979640808e-08,4.5419873844798e-05,-5.61662485622982e-06,2.47025648459512e-08,-7.67339930259198e-06,8.89946269386952e-07,-3.22226121014422e-06,2.29651089581884e-06,2.03996350858174e-05,1.03076525510638e-06,-3.26582105061328e-07,-2.11254913290883e-06,2.12518906436929e-07,-9.7565548198039e-07,2.711095654225e-06,1.08321230410013e-05,-8.28858734582558e-05,2.25629399097027e-16,1.43773837313955e-07,7.80454561977545e-07,-7.61332486469294e-08,4.06493855586664e-05,4.36215904305131e-08,1.06316218633667e-05,4.21475492649253e-05,-3.26927518676318e-06,1.40255388071414e-05,-3.69300693949269e-16,-0.00018264463780378,-8.21167877600976e-09,-3.65121331972517e-06,1.54528932220961e-07,2.91891557939641e-06,-1.9639676733454e-06,-3.36903809688892e-05,9.27963813245444e-06,-1.019987990821e-06,7.49617170362143e-05,-2.84836254551916e-07,-3.15716924409794e-05,-4.78916614259148e-08,-1.01752840738173e-08,-0.000154532772355587,1.65898229871456e-06,-0.040819582250085,-8.10020522024442e-16,-1.26468985725915e-07,2.56398597334086e-08,7.42734051921634e-10,1.3994481915762e-08,-2.26554846450345e-05,-0.000951972393663913,6.01976780094097e-07,-2.38977171544952e-06,-1.65700573714242e-06,1.56386534821081e-15,-3.57806788050258e-05,-1.35214782158355e-07,-0.000112189997820319,3.50006350046907e-15,2.36731360384642e-05,4.2260076978659e-06,-8.62171990014439e-07,-0.0162870023670195,-2.02955938942524e-05,-0.0582699525809205,5.45858206906598e-06,0.116840104733102,-1.26079310044061e-05,-1.18844224208556e-07,-1.11675631860706e-05,-3.27382473644021e-07,-9.83234338353195e-16,4.59794346162876e-08,-1.43969392193322e-06,-4.22681557597399e-07,1.30780336142911e-06,6.16052650215708e-16,-9.43503979467532e-09,5.97723121361802e-09,-8.29719187973722e-07,-1.27314746255231e-08,-4.9632135636552e-06,5.3875623328588e-08,-8.10050111880032e-07,5.22821101485534e-06,-1.43260814904606e-16,2.06727483233553e-05,-9.86085753413505e-08,2.89828486237229e-07,3.1633037249439e-05,-4.16270344569575e-08,-9.16632930399126e-08,-8.76035355368288e-16,2.7570354921707e-16,-8.51045986914263e-08,-5.82217200710531e-08,7.69380377555344e-09,-8.61341077539018e-06,2.93222615247122e-15,-7.11863967093911e-06,-8.46754450257966e-08,4.236245467196e-16,-2.18041047064791e-16,-8.80663571786038e-17,1.07200024691129e-05,2.92778795258734e-07,-3.23213313603878e-07,9.87777754129531e-06,1.40347202543143e-06,2.61444594790285e-07,-1.135161377178e-07,-5.55469448871425e-16,-2.51546841909059e-08,7.09349821385508e-08,-2.87811163870144e-16,-5.84080054466711e-16,-4.53156705363447e-08,-2.63149439632994e-09,-2.72222640387661e-08,6.9372545416942e-06,2.81015952802997e-08,-1.14179144971212e-06,-1.97974263576735e-16,-4.13727863984292e-07,8.80149727049793e-16,-0.000943650812387699,-1.60570341745103e-15,-2.44469888369261e-08,-7.60348603435108e-17,1.11989422807651e-07,2.97501416428413e-08,0.0013596602953966,1.80848834833555e-06,8.09978621125334e-08,-9.5075644411244e-09,6.07331488499929e-08,2.29769968746826e-08,1.10114967456758e-05,3.67513349890977e-07,2.14906144445409e-08,-6.06966197451568e-08,-1.10925705364249e-05,-1.53473989324359e-06,-2.90559857566165e-08,-7.0548479035388e-16,2.72503698876035e-07,-4.70337266066016e-08,2.43880197429192e-08,2.21865846990638e-16,4.5388138039618e-07,1.29429473985078e-06,4.14539442262155e-07,1.70892750131014e-15,-1.00477317058367e-07,-5.66529227939802e-06,6.76413962923054e-16,-7.05875663099403e-08,1.57957891399289e-07,-9.72500335149629e-16,3.58373786332068e-15,-5.81772163959162e-09,-3.2871927820604e-06,-1.8733826811164e-08,-2.6000085033677e-05,7.25944677001765e-07,1.91441857230604e-08,3.33659743162931e-06,1.71352707674437e-07,-4.3096998348108e-06,-1.55197577879351e-14,7.99951008579245e-10,5.84757494677557e-08,1.63087439972002e-07,8.6848908222101e-05,-2.24717763299872e-15,-7.43874498646869e-15,2.08273993983329e-06,-7.40809347063099e-14,-0.7071067811793,2.18527575808007e-07,-3.21729192248822e-07,-6.02355290602003e-08,-0.000292006536053127,1.533766692875e-06,4.01064603129088e-07,5.13898866142521e-07,1.12251181243616e-15,4.62827416711357e-06,1.27036026016097e-07,9.91627986504737e-07,-5.56111692841521e-08,2.19709514132342e-07,-2.91545456873966e-16,-3.45841597599704e-15,2.32156839031158e-16,-2.02583893020631e-06,-9.24218124784801e-09,-5.9916460838668e-07,2.0182847835727e-15,-7.09011024889598e-09,-6.13570978674664e-15,1.98001841847523e-15,1.1691315085717e-06,-2.92778871253062e-07,6.13875270061293e-16,-2.42736563115129e-06,-3.28728989037982e-08,-1.73726313596094e-15,7.5719154491474e-08,3.88875652609673e-16,0.000284296813810484,1.30103726140741e-15,0.00230472687735046,8.02949125434201e-08,5.56870479657525e-09,1.10596262912963e-06,8.38407585736968e-06,-2.50153552268698e-08,7.80558299176477e-07,-7.79113419012883e-16,4.64664803119334e-07,-2.62395320829253e-08,-1.55518140684935e-16,-3.45895156880463e-09,-7.05572609774921e-08,1.64059677938788e-08,-1.04885596611111e-17,5.27397883226268e-08,6.97819353624365e-08,-4.05722960529817e-16,-1.93723542470728e-06,-1.47079023113593e-06,-2.00978177225865e-09,5.43871651269012e-16,7.51064244713663e-16,3.60329630078973e-08,1.96071698961864e-06,6.82814702641981e-06,-1.49023467722296e-08,1.27708848879399e-06,4.54859830073182e-16,2.41406433156973e-15,0.00198585844821702,9.36928326492908e-10,6.34548746849651e-17,9.52468599080824e-06,-2.27657002535086e-16,2.8670072765533e-08,-4.89316641374024e-07,-6.54950758839273e-07,-4.34980261855328e-06,-5.58062907843642e-16,-2.19433294002291e-16,1.56125443146303e-16,-1.81261772238798e-16,-3.38161001633839e-09,-1.17340274294906e-08,-3.16943662535728e-16,-3.75575388644754e-16,8.00436584745722e-16,1.65348441953496e-08,1.48653691481114e-10,-8.19302841473708e-09,9.70042013258714e-17,-1.40133130793751e-17,-5.69179035500578e-16,-3.52302181903835e-07,1.07813296797431e-08,-7.59563117123069e-18,1.89350331551346e-09,-4.95632174410795e-08,-1.33256854365533e-16,-1.20134382607319e-16,-2.06067740255163e-05,-3.48680268204043e-10,-0.00012694766633066,-1.19450774634644e-16,1.90241738081554e-08,3.07296734194601e-07,3.29918946619502e-07,-1.23176392089009e-06,-7.31014786443801e-08,1.19021141674257e-09,1.09478002905716e-16,5.02754632400984e-17,-2.41645437388538e-17,2.26438486836751e-08,-2.05023058022773e-08,-8.00956688871287e-07,-6.0819351669634e-09,-1.00118410581641e-16,-3.18505825819956e-16,-2.16982791951362e-16,-1.62009069213109e-17,3.20346500352192e-16,2.90369641647433e-08,3.21486830543308e-16,-2.54949097284085e-16,-8.25426558606256e-07,-2.24567865122196e-16,-2.51347884099892e-06,-8.41920264047636e-18,-5.39877540752663e-07,-7.14982959042787e-17,-6.53805155724201e-07,-1.38783444098143e-07,-7.21913148879399e-08,1.4056714464367e-16,1.5146283927585e-05,6.28267498438678e-17,3.98544969941724e-07,-6.34012866766911e-08,3.50870288057707e-10,-5.07779702875775e-16,1.93221064575713e-06,-4.29386537748054e-16,-1.39094340919698e-07,-7.10051773049637e-08,-1.06358591746148e-16,-5.87460480895628e-17,1.34112035420496e-16,7.57191834308133e-17,-1.07716786368892e-08,-2.26837733587852e-05,-1.21294862068598e-07,3.07273085473e-16,2.43551051282025e-16,-7.33021551463463e-09,5.9794644060359e-08,1.61505045554407e-16,4.80100376279419e-16,-1.19201159713339e-07,8.17436742120939e-17,-2.30948464391873e-06,6.33958498080738e-18,2.11536718886291e-07,2.52763567056809e-16,-2.74970354659653e-16,1.47764323639768e-16,3.34516403866553e-16,-1.67637746832504e-16,3.41297580527678e-16,4.06558321466357e-09,-2.84331944013125e-08,-1.51359575971769e-16,-1.88778537417382e-08,7.93147317276334e-07,4.02729210258351e-17,-5.83012500217095e-17,5.99160619224058e-16,2.18221389566948e-16,7.28830378376183e-07,1.97556244172395e-07,-1.36738634031967e-16,-5.31279909297722e-17,-1.42035340818493e-07,-4.58788429728644e-08,-6.94612661343286e-10,-2.92726309205975e-16,-3.47256309654504e-16,5.71024358979427e-17,-1.47163031272614e-16,5.30973601870078e-17,1.13249599730632e-16,4.7386151278238e-06,-9.71022705676884e-07,-0.000373404308391688,2.04592471011252e-16,-2.10753122141013e-17,4.00861613901699e-17,1.34897176197949e-17,-3.52831102626964e-16,3.35175070636885e-17,4.30449810272896e-16,3.70131481933574e-16,7.20612925877909e-17,-1.3844543379959e-16,-1.31349131933712e-16,2.10464911217402e-16,4.5224065501943e-17,-2.57402274031847e-17,2.70208458171999e-09,-1.84476781017975e-16,4.48381320874635e-16,6.04711543332282e-17,3.82480244369175e-08,-4.72993637710459e-08,-1.39006042449586e-16,-9.87115067492132e-10,3.49521719712312e-08,-2.03699359306701e-16,7.27256310466563e-16,-6.73915578734037e-08,1.19532555640813e-16,8.60399283960287e-10,2.57496818968697e-17,1.86816894959741e-16,-2.1741959750036e-17,4.72898356898775e-16,8.63090422151594e-08,-1.15581597815895e-07,3.26063380159678e-16,-2.23785489070379e-16,3.85712201022936e-17,-2.97262631358322e-16,-4.22730427052098e-16,-2.06455417580422e-16,7.46872231011087e-18,4.02514915099998e-16,1.38928100510083e-09,1.16974073251783e-17,-2.50026104619096e-17,2.32595759203219e-16,1.16943604342804e-16,-7.21617560703787e-17,-1.68666677297613e-16,-3.01960225432098e-07,3.98263562322268e-17,4.83765723766061e-17,2.04257485827014e-08,-2.13344656442859e-16,4.91330782901723e-18,-1.32597574021349e-16,8.25382573305276e-17,1.7021620629074e-08,7.07199436023105e-17,-1.28447362676307e-06,1.87196295267658e-16,7.72037593765083e-17,5.0919588662838e-17,-3.8109473428805e-16,1.88917395268043e-16,1.00205789349714e-16,2.03437086280218e-08,-7.8804737695631e-17,-1.70236081054586e-17,2.56819392571897e-09,-2.53859163374701e-06,-2.6313066479552e-17,4.36835706795429e-07,1.00534961500763e-06,-2.67471961166045e-17,1.74594726325637e-16,-1.03898570306067e-16,-3.58773068994931e-17,1.55307932149382e-16,-1.68532111286115e-06,2.37299390067225e-16,-9.57960529122103e-17,-3.29317617703369e-16,2.28300464833297e-06,-2.78792614845746e-17,-1.14122957014602e-16,4.11889127500055e-18,-1.58287263346391e-16,-3.07065807899302e-07,-9.27014043929323e-17,5.34666101123529e-10,2.03841723191313e-16,-9.72787058921851e-17,-1.98102813534918e-16,-1.13301974628357e-16,-3.42069661850033e-17,-3.34708049349611e-17,-6.90701645024929e-17,-9.27135803846962e-09,-1.20856216455872e-16,1.02988505610536e-16,3.89723774841613e-09,-7.30906885883973e-17,-8.03823526121516e-17,-7.37445313029878e-17,-3.07991307497531e-17,9.23593035540761e-17,-2.08139249471622e-16,-2.82402585353349e-08,-1.2919499733751e-16,1.09048983390349e-16,8.40752357826272e-09,1.52769021977431e-16,-3.94945534461932e-17,1.57376754564183e-16,9.10480508226441e-17,-2.00864391128405e-16,-1.06779189451583e-16,1.81732543952901e-16,-3.20773245537793e-19,1.08972677543088e-16,-1.15955387014406e-16,-9.94272760558293e-17,-4.40785743374021e-09,1.46155001130167e-08,-7.70190423040576e-18,-2.38060858388785e-16,9.72895415539848e-17,-6.45488448481827e-17,4.76832115459125e-16,-6.81105338172772e-17,4.89727539885558e-16,9.22664672414623e-17,-1.39252113006923e-08,9.99360751336091e-17,8.2007231237056e-17,7.88740055996711e-17,2.41063482445479e-16,1.62058292998105e-09,-2.27593782409234e-17,-2.5689494382653e-10,1.4625379681391e-16,-8.93437828181253e-17,1.5070608810858e-16,1.03701429692867e-16,5.01963046852761e-17,-2.94993625876445e-16,3.94020595656414e-16,2.3293677213312e-17,-1.07842595957695e-16,6.5650409654166e-17,8.77819022379921e-17,5.88986182543627e-17,-1.91995869424055e-16,-3.82800576728647e-17,4.40056487426492e-18,5.22038302297626e-17,-9.23913604225556e-18,-7.99068884038815e-17,1.52831778478653e-17,6.74222391349002e-17,-1.42626795790468e-16,-9.39408885734025e-17,-1.06926788490656e-17,-7.42312949566978e-17,-7.21786863277805e-17,2.0997139816043e-08,-2.02025328335735e-16,6.04312829453507e-17,-4.38100920226988e-18,-6.97094777977816e-16,1.55492767891091e-16,4.27269714271401e-17,2.05583848243343e-17,1.0707558126472e-16,1.02364902313945e-16,2.62063510024582e-17,-1.26634813746307e-16,4.95074642672308e-17,6.68916567701353e-17,-5.12956980806253e-17,-3.57090141825414e-16,4.84892875724397e-17,-8.31548046293652e-17,-1.59500877857407e-07,4.28357658678604e-18,5.95006154014408e-17,-2.30850751938771e-16,4.0045207236031e-17,4.26274271017262e-17,2.40873106328471e-17,2.92226469564963e-17,1.27929707276487e-16,-2.17508532689427e-16,3.65438984757716e-09,1.81437788777264e-16,3.17780860961134e-17,5.63363703872649e-17,1.00925259825117e-16,-2.49614954121294e-17,3.38579902705596e-17,4.5465179446175e-17,1.74142844778143e-17,2.42918903744534e-17,-3.93912236883368e-18,3.57811022868251e-17,-1.46242566965429e-16,-2.22674698524367e-17,9.71052931737796e-07,-4.72656853028124e-17,-1.49315359437033e-16,-4.40678506509868e-17,-3.89445420356793e-16,-5.04972826317557e-09,-9.13510082502165e-17,1.17802850257483e-16,7.09644144455285e-17,2.25744962772344e-16,1.51891068123075e-16,5.18684629768532e-17,1.7417690366768e-16,4.2779835754936e-17,-1.27222884877253e-16,-1.3018545428692e-16,7.54489456254754e-17,6.09982227473602e-17,4.69299519444567e-17,3.2720740253595e-18,2.78111236024694e-16,1.61057178290516e-16,-2.33042340815769e-16
"t431",0.0353014391049552,-0.0102301020734499,-0.0111729911698245,0.000645678153052882,0.00582462128256643,-0.0153882274791388,-0.00216064837979932,-4.53679974535032e-06,-0.0386866976477806,-0.0170659990292418,0.124501165130862,0.00207442794802877,-0.00402665377358319,-0.000846281663254898,-0.0227834880173676,0.00053394851329468,0.000349798015226718,-4.23675001143515e-05,-0.0197153435903483,-0.00760055141827897,-1.34466063043148e-05,3.52765093504616e-05,-0.019822754364847,-0.000652227124616018,5.04876856228416e-05,0.00164313665819397,-0.0290765432124534,-0.000349168680119488,0.000639852306264815,5.32628635582402e-05,3.51778314130199e-05,-0.000353877733681186,1.70192018323191e-07,-0.000521761099216209,0.0013841525756526,0.000557431874899223,2.8842089042978e-05,-0.000124066461345439,-0.0317030863498678,-0.20693029794,0.000451457922567617,-0.0128416142272615,1.10204835346121e-05,-0.000781826199645309,3.54667866688859e-05,-7.67573079023914e-06,1.47766335760884e-06,-2.29247285823658e-05,0.00281440426287242,-0.00470095306415618,4.90528246937025e-06,-7.06111576022683e-06,5.40661757898175e-05,-3.05107320251611e-06,0.000273855733315093,-0.000210063844446311,9.10518736034983e-05,-0.000108580489290873,0.000943482067430014,-1.48700743058851e-06,-1.34631369916376e-06,6.87165211878459e-05,-3.98533373242446e-05,2.96015194140178e-05,-0.000526620535440308,5.42424673335906e-06,-3.25381211786593e-05,9.70305853906317e-05,-2.31831539691656e-05,0.000102354528103989,-7.84550987482111e-07,1.91948533264253e-06,-6.50834442677846e-06,-4.05922533831901e-06,1.69777962380053e-06,1.41739512256355e-06,-1.43862601073401e-05,2.06405350930424e-06,-0.000882818867019388,-5.31146226664347e-05,3.41699817363958e-06,0.000263331451988156,-0.00058253755935965,-8.21260356608989e-06,6.53960605917232e-05,1.64157783399544e-05,-2.39055033709562e-06,-4.06715494141319e-05,-7.58978811460546e-08,3.03613451946121e-06,-3.00396149265324e-05,1.31614006780752e-08,8.84174431374154e-06,-6.23781727481047e-06,-6.63655313119553e-07,-6.61638293778441e-07,-7.71170541010445e-08,2.1845871388075e-07,-1.60650100999158e-06,3.85526418362616e-05,2.26117354026193e-06,-1.59492783380505e-08,3.57972038245834e-06,-2.72399462584861e-05,6.39527560535271e-05,-1.34152557178121e-06,0.00071126644866605,-1.31921240065242e-06,0.0119880697680939,2.76228319098391e-07,6.36975205119151e-06,2.35539462902821e-06,-5.77732921638481e-07,-1.01264279184513e-06,1.26159624901451e-06,-1.933224152309e-06,0.000386551297608798,-0.000501570791536438,5.16670462506609e-05,-2.09456558404354e-05,1.28348764502923e-05,-3.33259461544793e-05,0.000569532059897209,0.000568597963002938,-2.86202067040706e-06,7.34623299506568e-05,-7.75974817918091e-06,0.000224359140176666,-0.000446570473869915,-0.015723157500804,-0.000127156321393388,0.00188995003724202,-0.000350164653790884,-0.445197138598821,-2.45715862712959e-06,0.00142504783497889,-0.00144093519726496,-3.56409954148341e-05,0.00204342758982847,-0.000553702411296484,-0.0029023443001131,-3.94039997333419e-05,0.000394599769779081,2.46645626320791e-05,1.42235700929134e-07,-0.00504916798890292,-9.10370725440534e-06,0.000687313414082042,4.26655010925381e-05,-3.82502954935551e-06,-4.69667761266232e-06,-0.000237148406230103,-3.24588173891826e-06,0.000780899218703302,-2.18537648652198e-06,-4.06059465544138e-05,0.000248227035864583,-2.25671204762723e-05,-0.000130121888103705,-1.80775543280092e-05,-1.74196630924279e-05,2.53910265139424e-06,-0.000334015947372492,-2.54246091210051e-05,1.74115627781253e-05,-1.25594966828443e-05,0.085740541800502,-0.00131409974352974,-0.0632205059628384,-2.930385120901e-07,-2.47734239513405e-06,-5.66059775198699e-07,2.07289211611422e-07,0.00014213322288657,1.77047308322127e-06,3.72775697717398e-06,1.65959370004509e-07,-7.92147853221805e-06,-0.00040363057039813,-4.67139921413826e-05,0.000196260443468522,6.09741592765519e-05,-1.36131445558392e-05,-5.84899880481688e-08,-1.93308537218554e-06,-1.24703039319196e-06,-0.0134376673708841,0.00914923091684393,0.0482868427989897,0.000223773959852605,0.000434816258753504,-0.000201273550797801,-5.89192907814361e-05,-6.85370655332365e-09,-5.76994766668999e-07,7.51608781442204e-05,4.3952310933444e-05,5.97747278924376e-07,-5.9719415298201e-05,-5.88691965765882e-06,0.000117903643762895,-1.5145954197944e-05,4.10176308406939e-07,2.66737562835653e-07,3.03322089258215e-05,1.30741108665094e-06,-1.42191266454266e-05,-6.29429536586675e-07,1.85119663685936e-05,6.65696515965851e-10,-2.83044166782729e-05,-2.48686029258793e-07,-1.13640128745257e-06,-3.88135528277057e-05,6.23188589853342e-09,-1.19743194304415e-07,4.36594866002796e-08,2.87235285041079e-08,-1.59344250621935e-05,-4.06602492397042e-06,-1.89953166286146e-06,2.41860126465049e-06,5.39836600962466e-07,2.32259504453573e-06,-7.18088360311297e-06,-4.12660817309863e-07,-3.91548183120613e-05,-2.27898491034703e-07,-8.7207841307431e-05,-1.63669151389375e-05,8.9114343886524e-07,1.85616659619681e-07,5.68100152432041e-06,2.09853827962693e-06,-0.000242136632309054,-2.19895553485893e-08,-9.75296139896394e-06,5.76279626494532e-17,-9.27794955127381e-08,1.32743235795344e-06,-2.7300837471177e-07,-7.06856771721596e-07,-9.56242802203613e-06,1.32277586705433e-07,-1.88738642985094e-06,8.40601610527824e-07,-2.78958597204594e-06,1.04706694772088e-07,-2.12332153963526e-07,8.6612473604133e-05,-5.70097209597412e-08,6.30952651011368e-06,-0.000327686390655726,2.18631422675516e-08,-1.44203262265191e-09,6.90201974399824e-08,-6.5741652610867e-08,1.03578551106051e-06,4.59837250508089e-05,-8.84465633269034e-06,1.14049439593209e-06,-0.00211108365936196,1.66607978870462e-05,-1.13843679680047e-06,7.31896626567486e-05,-6.87146626292237e-06,1.61368595754461e-08,0.000140438763125161,6.82211197007101e-07,5.62471308198628e-06,1.48933257827493e-08,-0.000545732650717624,3.93387222197307e-07,-5.11543514526594e-07,8.09739012318415e-07,-1.56613626810223e-06,1.21860926149412e-06,-8.91832452380168e-08,1.71254787646178e-05,-7.44357237157874e-08,1.22333326745256e-05,-8.94675824291392e-17,-3.00592113265476e-05,-5.17954207500021e-06,-3.19573345382432e-11,-2.80117701680229e-07,4.12774071566378e-07,-2.56054711278116e-07,-7.27336226659743e-08,8.50094985404768e-09,-3.79570840616812e-07,1.43504287240757e-05,5.31362792681717e-06,-4.15932794547409e-08,2.22340036915182e-05,-7.46685171969337e-05,2.02176434807892e-06,-6.31781279847021e-05,5.24900848954905e-07,9.16871926878206e-07,1.41494822504543e-08,3.85812650609163e-05,-5.09136143293941e-06,2.25687493490424e-08,-7.09042304576109e-06,8.33522962790553e-07,-3.03037164920041e-06,2.2332349382875e-06,1.9886552344504e-05,1.00937740167427e-06,-3.20788359765781e-07,-2.09594522627504e-06,2.131696665524e-07,-9.88498504522988e-07,2.75873973001264e-06,1.11035337397291e-05,-8.62852140758031e-05,1.98125153929781e-17,1.63640703421169e-07,8.95783446171078e-07,-8.84670093892525e-08,4.72516870043561e-05,5.07259033548385e-08,1.2399863930915e-05,4.94306461378954e-05,-3.85915732959405e-06,1.67690043850223e-05,3.22137297688533e-16,-0.000224238737445515,-1.01112854426311e-08,-4.52246264116117e-06,1.91530273688611e-07,3.6601540165599e-06,-2.47273482089952e-06,-4.2481555313812e-05,1.16653560331562e-05,-1.24942896720306e-06,8.55433437207511e-05,-2.93880947895113e-07,-2.95174287630447e-05,-4.0952489409663e-08,-6.68478952831823e-09,-9.72286160554708e-05,6.80044613351137e-07,-0.00705408164240746,-1.16845327752658e-15,-2.62996355076441e-06,2.19906306490121e-07,6.34149291882808e-09,6.79629288407422e-08,-0.000106696903265964,-0.00415212964863035,2.7181085438978e-06,-1.0889849243193e-05,-7.87563044369818e-06,-3.3032766192531e-17,-0.000181428926113103,-7.06297920110653e-07,-0.000682271275850494,1.49755649398331e-14,0.000200543610043551,4.16367818855284e-05,-9.4441679249525e-06,-0.252012777494489,0.000805306438534269,0.0384389673661559,5.08404203486296e-05,-0.0105935920878594,-5.36781033865696e-06,-2.6906761705172e-07,-4.51053901928919e-05,-1.34727903277223e-06,-1.79172476281626e-16,3.38436650594866e-07,-1.1735188851022e-05,-4.43196855833719e-06,2.32823138065509e-05,-6.67059109712521e-16,3.43240675918572e-07,-4.65840242440787e-08,4.67288112340907e-06,6.31776033152763e-08,2.14705918481865e-05,-1.86376581982195e-07,2.06528177108057e-06,-7.33766686515986e-06,1.9114878436353e-16,-1.8551216422305e-05,8.52176925345276e-08,-2.31572086614489e-07,-2.26688890432148e-05,2.95822139835549e-08,6.31620886091636e-08,-1.43982048506075e-16,-2.00938302249263e-16,4.90088464058812e-08,2.85544945624421e-08,-3.6971417108388e-09,3.56044562811824e-06,-1.04213052469285e-15,2.04846245359697e-06,2.02884132766768e-08,3.66473349202604e-16,6.98380661648489e-17,-2.15265424445724e-16,-1.19327641314587e-06,-2.83858269819855e-08,1.62122530071754e-08,-1.32775368952488e-07,-1.30474874322788e-08,7.0901770502304e-09,-3.53927949062918e-09,-1.96718131362366e-17,-2.48547443355351e-09,8.61694983276842e-09,8.60786018290975e-18,-2.73116456606443e-16,-9.59455358538073e-09,-6.22549239293337e-10,-7.51633651403052e-09,2.15589155730151e-06,1.22662520486038e-08,-5.4525073884013e-07,2.33536774600468e-16,-2.32170567069197e-07,1.80367820572927e-16,-0.003103004666583,2.26381413614973e-16,8.93449528074019e-09,-1.32523271909239e-16,1.81638877307491e-09,1.33193721840454e-09,2.21245103043737e-05,4.08666777843475e-07,1.8580544306602e-08,-2.36240747838229e-09,1.60296499070388e-08,6.76381165100119e-09,3.24416771628583e-06,1.11288109775036e-07,6.80850235272433e-09,-2.02679875423381e-08,-3.85116229186233e-06,-5.47952442763465e-07,-1.05099177448488e-08,-1.00185043622492e-16,1.02351306619693e-07,-1.82585632207271e-08,1.02602874455548e-08,-3.95936391132939e-16,1.94897844529163e-07,5.72095121696023e-07,1.8539275719303e-07,-1.51222264358001e-16,-4.52019063061837e-08,-2.60681190756492e-06,-6.22961239869669e-16,-3.28276548436116e-08,7.78961707303141e-08,3.6488299394866e-16,-2.09943710274735e-16,-2.92929435075407e-09,-1.65815224370905e-06,-9.52964733090462e-09,-1.33543014238415e-05,3.80803347763193e-07,1.00601394820261e-08,1.75774216442365e-06,9.2675682573853e-08,-2.37888410483551e-06,-3.66514544408725e-16,4.44875230420779e-10,3.25613547600486e-08,9.12171054765164e-08,4.88334317671365e-05,8.32661891491454e-16,2.0531133643185e-16,1.17949121436818e-06,9.45625292034561e-18,-2.65324662198523e-14,1.29152800194801e-07,-1.9146272255482e-07,-3.5851569915344e-08,-1.54368518260644e-05,9.34226565348942e-07,2.44176783824959e-07,3.13049755189515e-07,2.04422359322792e-16,2.89820901344493e-06,8.00338743010268e-08,6.25984874967935e-07,-3.54554377197248e-08,1.4261219623724e-07,2.7008256686829e-18,3.33995828264635e-16,-7.67181374475682e-16,-1.34897466525884e-06,-6.22217933398663e-09,-4.03716511948425e-07,5.14130685029027e-16,-4.82814865857763e-09,8.91508173626707e-17,-5.39131152458997e-16,8.34265607331251e-07,-2.0904418587002e-07,-9.97465998686664e-18,-1.7534495184525e-06,-2.3909977396088e-08,-1.01265893835978e-16,5.58977269006465e-08,1.74978463029056e-16,0.00169952347195001,3.23781433811099e-16,8.67126942871016e-05,1.18591129418786e-07,4.91669630871398e-09,8.88410559353333e-07,6.49839270650209e-06,-1.94126815454315e-08,6.1932920732286e-07,9.61347514544947e-17,3.80568641077679e-07,-2.15674379219235e-08,6.56788447956141e-16,-2.85675433549681e-09,-5.87949537169721e-08,1.37837825589297e-08,1.26888758282837e-16,4.5634304602251e-08,6.07507236560106e-08,7.43606915315327e-16,-1.70054863340805e-06,-1.29646781610113e-06,-1.79986931412739e-09,8.45911919192948e-16,-1.15291525552342e-16,3.35978007459535e-08,1.86281563594315e-06,7.5392427456289e-05,-1.52832085134111e-08,1.26537115358746e-06,1.19138380362622e-16,-2.76017098696087e-16,0.000198973477152386,7.5996651636311e-09,1.341089662639e-15,1.14819446892613e-05,-8.11215363169317e-16,3.45690306411782e-08,-6.08142497725126e-07,-8.16193746204329e-07,-5.4811115329163e-06,4.57065277784906e-17,9.38366863823765e-16,-1.80980893258028e-15,-1.56365802884749e-17,-4.86095526795537e-09,-1.70970577299097e-08,-2.28751909264453e-15,2.80285659386197e-15,5.13812775551232e-16,2.54083588142627e-08,2.34289985525163e-10,-1.39516086984725e-08,5.7819886773789e-16,6.01733560982171e-15,2.11956103710054e-15,-9.13812898332085e-07,2.85870606210745e-08,6.68441903584698e-16,6.93281169830794e-09,-2.19458641503596e-07,-9.8713976978108e-16,-4.09169186534629e-15,-0.000207570125953655,-3.95896790497959e-09,-0.394740472089006,1.72161200285103e-15,-1.10059848275047e-07,-1.07349696252768e-06,-6.98341831368198e-07,1.54014949333983e-06,8.05923357900855e-08,-1.04612221948573e-09,1.00816445858952e-15,-4.69003088337955e-16,-8.19352814348189e-16,-5.18237139607734e-09,4.57333115307226e-09,1.42194349540833e-07,1.43990795991804e-11,-1.42859683738562e-15,-6.0428635157036e-16,-9.53124294496088e-16,7.93053460097953e-18,2.90468091941558e-15,3.47562159646743e-09,1.46073907557606e-15,6.23982795050142e-16,-1.29572937340754e-07,-5.19681092414374e-16,-3.99235340107479e-07,-4.05130513499002e-16,-8.74296975864022e-08,2.02996546493237e-16,-1.41204616032749e-07,-3.1555047468122e-08,-1.76046103628488e-08,-5.0031053381461e-16,3.97999022550982e-06,-1.71866232146449e-16,1.19415665800372e-07,-2.15631979545132e-08,1.19893476046399e-10,2.25765278186682e-16,6.87956586600978e-07,1.32058250582618e-15,-5.24292712471473e-08,-2.68335229316094e-08,-2.41111680538293e-17,2.11809350587019e-15,5.57176038902036e-16,4.98788692177407e-16,-4.24741819827623e-09,-9.92985132851732e-05,-4.86073836128532e-08,1.52043753513109e-15,-1.66248645103233e-15,-3.08917618246012e-09,2.52497312936556e-08,-6.92585358255418e-17,-1.32717940496361e-15,-5.29730316014771e-08,2.55584088556837e-15,-1.036448233027e-06,1.20719104898935e-15,9.74897678550907e-08,-2.21392703558584e-15,2.96449621341781e-16,-1.49017174199292e-15,6.04142611704427e-16,9.53673238215343e-17,1.02940936954622e-15,1.96372875686425e-09,-1.37412928304461e-08,7.17651062648812e-16,-9.25668330704263e-09,3.91187915474602e-07,1.25981659077549e-15,4.78697377373494e-15,5.93770332772702e-16,-6.43785366273178e-15,3.68044606313257e-07,1.00279335631664e-07,5.95048002355063e-15,1.20345176227536e-15,-7.2503644951264e-08,-2.3436306984707e-08,-3.55681782132921e-10,4.07678391716236e-15,5.27106287298311e-15,-1.96481543345699e-14,0.707106781186552,-6.21617247904991e-14,1.70063267060562e-14,2.50980422840317e-06,-5.14258465242518e-07,-1.89810726414811e-05,-3.95113384322896e-15,3.20723398358924e-15,-6.94468699779405e-15,9.05026183858789e-15,-8.47598984943968e-15,1.26800839273118e-14,9.47065858051445e-15,3.11056921003714e-15,-1.96833426926728e-15,-7.62938685518734e-16,2.75016538865586e-15,-2.67797980655196e-15,-6.39235968046819e-15,2.73026899333283e-15,1.51355916526932e-09,-3.97142757583255e-16,4.6574917095036e-15,-1.57646725875274e-15,2.15404268780565e-08,-2.66706991032795e-08,-3.34686680360111e-15,-5.57026785954577e-10,1.98503283456172e-08,-3.17285986910167e-17,1.62351701904223e-15,-3.85705893438968e-08,3.8285612020087e-16,4.96938090898557e-10,-8.8247675311705e-16,-6.34999168007323e-16,2.44714615308543e-16,1.60978608200635e-15,5.05309953298865e-08,-6.77293316479478e-08,1.75734911231824e-15,2.11574878697689e-16,-6.17354496107806e-16,-4.74446731115749e-18,-2.44270749460984e-16,2.44645568160088e-16,5.35917910437263e-16,2.33751179645431e-16,8.48480788030856e-10,-5.53613129504816e-16,-3.21308007367199e-16,7.68155217326588e-16,-1.02371053870563e-15,-3.62702603740433e-16,-4.73851486705474e-16,-1.85880320216617e-07,4.22853090868993e-16,2.74374380987253e-17,1.25915455472466e-08,-6.19436261036739e-16,7.11489830706299e-16,6.45726189796779e-16,-2.107800779227e-16,1.06619956414393e-08,5.32946936212087e-16,-8.06767765932401e-07,-3.43179675879112e-16,3.42276662218853e-16,-4.69880261046041e-17,3.52966887692103e-16,-1.36561132423615e-16,-9.87966019435333e-16,1.28476398390219e-08,3.48166916231685e-16,8.26194092670665e-16,1.62853378016523e-09,-1.61008905387998e-06,-2.88788498807013e-16,2.78018548544469e-07,6.40527105560115e-07,-7.05441788819676e-16,-9.65183348606126e-16,2.48274298503929e-16,-8.42360757362143e-17,4.98542203755178e-17,-1.09018026694365e-06,4.86900612836782e-16,-4.52752581913982e-16,-2.0029076114428e-15,1.48231854309222e-06,-1.18931889339126e-16,2.04850705227929e-16,-1.26101672900266e-15,6.30465814384018e-17,-2.00337065918733e-07,4.72326628481681e-16,3.49340004747581e-10,1.98003258116434e-16,6.24392298261532e-17,-3.27480810856666e-16,-4.32548939825997e-16,3.32922526578798e-16,-8.05932207730939e-16,4.10455382977576e-17,-6.10382937616372e-09,5.8832670598955e-16,6.7276135878358e-16,2.57047449043064e-09,1.67919687354311e-16,9.28346293343372e-17,3.30358539442538e-16,-5.01579771783467e-18,1.13017869690187e-16,-3.68718158659068e-16,-1.87319203627205e-08,-1.32333643306174e-16,-6.6183708390313e-17,5.59061774903784e-09,1.64464901275441e-16,1.18709552133545e-16,-2.77824100291541e-16,-1.01004834429317e-16,4.92254982190211e-16,-1.9273512582538e-16,3.86410651251372e-16,1.51393516323152e-16,-1.21885686183928e-16,1.33348056035662e-16,-6.7614038452935e-18,-2.95722451737962e-09,9.81574030718909e-09,4.65498230180589e-16,1.01936621762194e-16,5.39035538486376e-17,-6.3160279484986e-16,-2.49962810866533e-16,7.90437395718226e-17,-6.02869928311562e-16,-3.74277002819302e-16,-9.40232421759158e-09,-3.87391909135532e-16,2.92932387945319e-16,-4.1868307584755e-16,-3.14419177252282e-16,1.09908256665727e-09,-3.07024735867789e-16,-1.75079623795449e-10,-5.33519558841498e-17,-2.00370514311852e-16,-1.1475138253903e-16,1.61398659580652e-16,-1.20986226636353e-16,2.09535199744977e-16,4.02607778092893e-16,-2.71669597910549e-16,-1.68421905767936e-17,-1.02664684727419e-16,5.0322452265943e-16,-3.31778577568442e-16,2.00449905003435e-16,-1.8754470972634e-16,-9.66405283206375e-17,-2.17011588227138e-16,-6.89948655381483e-17,3.30093959537968e-16,-1.92073382433306e-17,-3.1015692559944e-16,1.57030421651938e-15,6.48930695457113e-17,5.60988447973582e-16,2.57897226009699e-17,-1.43360107214492e-16,1.45550037570046e-08,-5.19448468729268e-17,4.36296646753125e-16,4.72957161251088e-18,4.35744487395576e-16,-5.05757538242345e-17,-1.98217899459514e-17,9.01302962115121e-18,-2.65095237958242e-16,5.64124364849668e-17,1.71725020933862e-17,4.80301562411078e-17,8.45717903440657e-17,-5.81810342124083e-17,-4.41779692688176e-17,-7.63143207529726e-17,1.01303418237556e-17,-1.2034024698621e-16,-1.11749364387054e-07,-6.60262393406249e-17,9.11888701174804e-17,6.70514039303502e-17,-2.91268536173265e-16,1.01268361486499e-16,1.26370194692167e-17,1.66236711794687e-16,1.83310719036039e-16,-1.57625363362945e-16,2.58707567810182e-09,-2.67873179975829e-17,-1.80602642313193e-16,-1.87060487820907e-16,-1.15654186263784e-16,-1.93632540124642e-16,-7.50550720947118e-17,-3.92952611179879e-17,-9.97728957420457e-17,1.2680042692775e-16,-2.18674093362694e-17,-1.59025102598221e-16,1.56702093036392e-16,-1.19411009106131e-16,6.94268389207612e-07,-2.03488060467898e-17,2.65173668261965e-16,-1.74013483043219e-16,-2.99131379388751e-16,-3.62639504124347e-09,4.60020541861959e-17,-2.61038948810442e-16,1.28138498540842e-16,1.08131261669648e-16,4.42217349366692e-16,3.6363679588697e-16,2.92759773860726e-16,1.44658973556266e-17,-1.23224967627201e-17,-7.36585033528939e-18,1.17792525721227e-17,-1.07744144692772e-17,-1.18813355753683e-16,-5.588489277621e-17,-9.81304414770062e-17,8.10594956795657e-17,-1.61556603351461e-16
"t432",0.0353014391049552,-0.0102301020734498,-0.0111729911698245,0.000645678153052884,0.00582462128256643,-0.0153882274791388,-0.00216064837979933,-4.53679974534782e-06,-0.0386866976477806,-0.0170659990292418,0.124501165130862,0.00207442794802876,-0.0040266537735832,-0.000846281663254895,-0.0227834880173676,0.000533948513294683,0.000349798015226707,-4.23675001143534e-05,-0.0197153435903484,-0.00760055141827898,-1.34466063043014e-05,3.52765093504642e-05,-0.0198227543648471,-0.000652227124616021,5.04876856228611e-05,0.00164313665819398,-0.0290765432124533,-0.0003491686801195,0.000639852306264794,5.32628635582411e-05,3.51778314130318e-05,-0.000353877733681185,1.70192018327095e-07,-0.000521761099216201,0.00138415257565259,0.000557431874899298,2.88420890429853e-05,-0.000124066461345396,-0.0317030863498679,-0.206930297940001,0.000451457922567629,-0.0128416142272614,1.10204835346202e-05,-0.000781826199645329,3.54667866688462e-05,-7.67573079032296e-06,1.4776633576274e-06,-2.29247285823502e-05,0.00281440426287237,-0.00470095306415627,4.90528246935645e-06,-7.0611157601883e-06,5.40661757898191e-05,-3.05107320251394e-06,0.000273855733315093,-0.000210063844446332,9.10518736035042e-05,-0.000108580489290873,0.000943482067429986,-1.4870074305943e-06,-1.34631369915296e-06,6.87165211878337e-05,-3.98533373242144e-05,2.96015194139911e-05,-0.000526620535440315,5.42424673338498e-06,-3.25381211786636e-05,9.70305853906634e-05,-2.31831539691663e-05,0.000102354528103911,-7.84550987436664e-07,1.91948533262627e-06,-6.50834442678187e-06,-4.05922533834018e-06,1.6977796237967e-06,1.41739512255818e-06,-1.43862601073279e-05,2.06405350931248e-06,-0.000882818867019437,-5.31146226664404e-05,3.41699817363978e-06,0.000263331451988195,-0.000582537559359703,-8.21260356609663e-06,6.53960605917139e-05,1.64157783399202e-05,-2.39055033711622e-06,-4.06715494141405e-05,-7.58978811584047e-08,3.03613451944993e-06,-3.00396149264864e-05,1.31614006980245e-08,8.84174431376351e-06,-6.23781727471284e-06,-6.63655313109863e-07,-6.61638293695655e-07,-7.7117054116753e-08,2.18458714055154e-07,-1.60650100999088e-06,3.85526418362437e-05,2.26117354025722e-06,-1.59492782757936e-08,3.57972038243964e-06,-2.72399462584384e-05,6.39527560535479e-05,-1.34152557179006e-06,0.000711266448665998,-1.3192124006952e-06,0.0119880697680939,2.76228319038164e-07,6.36975205121743e-06,2.35539462904754e-06,-5.77732921642792e-07,-1.01264279184354e-06,1.26159624893863e-06,-1.93322415230524e-06,0.000386551297608786,-0.000501570791536423,5.16670462506527e-05,-2.09456558404098e-05,1.28348764503102e-05,-3.33259461544715e-05,0.000569532059897383,0.000568597963002868,-2.86202067028424e-06,7.34623299506368e-05,-7.75974817917181e-06,0.000224359140176637,-0.000446570473870057,-0.0157231575008041,-0.00012715632139335,0.00188995003724194,-0.000350164653790853,-0.445197138598823,-2.45715862714948e-06,0.00142504783497882,-0.00144093519726516,-3.56409954148101e-05,0.00204342758982826,-0.000553702411296514,-0.00290234430011324,-3.94039997332751e-05,0.000394599769778901,2.46645626320753e-05,1.42235700725465e-07,-0.00504916798890301,-9.10370725441472e-06,0.000687313414082032,4.2665501092534e-05,-3.82502954941001e-06,-4.6966776127753e-06,-0.000237148406230294,-3.24588173896559e-06,0.000780899218703389,-2.18537648645513e-06,-4.06059465543878e-05,0.000248227035864613,-2.25671204763324e-05,-0.000130121888103725,-1.80775543280451e-05,-1.74196630924129e-05,2.53910265135403e-06,-0.000334015947372484,-2.54246091209679e-05,1.74115627779666e-05,-1.25594966828281e-05,0.0857405418005027,-0.00131409974352989,-0.0632205059628391,-2.93038512148003e-07,-2.47734239508164e-06,-5.66059775231632e-07,2.07289211440141e-07,0.000142133222886663,1.77047308320789e-06,3.72775697717108e-06,1.65959370013485e-07,-7.92147853222563e-06,-0.000403630570398155,-4.67139921408908e-05,0.000196260443468499,6.09741592765046e-05,-1.36131445558708e-05,-5.84899880077224e-08,-1.93308537222636e-06,-1.24703039322146e-06,-0.0134376673708842,0.00914923091684361,0.0482868427989899,0.00022377395985216,0.000434816258753569,-0.000201273550797844,-5.89192907814604e-05,-6.85370655919005e-09,-5.76994766644626e-07,7.51608781442084e-05,4.3952310933442e-05,5.97747278814784e-07,-5.97194152982115e-05,-5.88691965773953e-06,0.000117903643762785,-1.51459541979044e-05,4.10176308375885e-07,2.66737562832565e-07,3.03322089258391e-05,1.30741108664613e-06,-1.42191266454552e-05,-6.29429536774025e-07,1.85119663686749e-05,6.65696561420875e-10,-2.83044166781871e-05,-2.48686029248037e-07,-1.13640128751276e-06,-3.88135528276755e-05,6.23188586726188e-09,-1.19743194300011e-07,4.36594865355865e-08,2.87235284606322e-08,-1.59344250621581e-05,-4.06602492396456e-06,-1.89953166285855e-06,2.4186012648113e-06,5.39836600876766e-07,2.32259504454042e-06,-7.18088360307586e-06,-4.12660817329625e-07,-3.91548183119508e-05,-2.27898490998272e-07,-8.72078413075405e-05,-1.63669151389486e-05,8.91143438902716e-07,1.85616659579248e-07,5.68100152437299e-06,2.09853827958591e-06,-0.000242136632309086,-2.19895553898002e-08,-9.75296139892331e-06,2.49650524598807e-16,-9.27794955381376e-08,1.32743235794304e-06,-2.73008374647138e-07,-7.06856771575195e-07,-9.56242802205134e-06,1.32277586845225e-07,-1.88738642988838e-06,8.40601611371564e-07,-2.7895859721629e-06,1.04706694810048e-07,-2.12332153917426e-07,8.66124736040582e-05,-5.70097207497629e-08,6.30952651022332e-06,-0.000327686390655866,2.18631425021711e-08,-1.44203258904164e-09,6.90201975569909e-08,-6.57416524140346e-08,1.03578551143337e-06,4.59837250509414e-05,-8.84465633296729e-06,1.14049439581133e-06,-0.00211108365936201,1.66607978870044e-05,-1.13843679685062e-06,7.31896626570124e-05,-6.87146626270287e-06,1.61368595704652e-08,0.000140438763125336,6.82211196753452e-07,5.62471308181981e-06,1.48933260475947e-08,-0.000545732650718033,3.93387222354087e-07,-5.11543514695431e-07,8.0973901231254e-07,-1.56613626815327e-06,1.21860926172966e-06,-8.91832455898065e-08,1.71254787643781e-05,-7.4435723728295e-08,1.22333326745285e-05,6.6527018738735e-17,-3.00592113263048e-05,-5.17954207500075e-06,-3.19573395919828e-11,-2.8011770147966e-07,4.12774071781359e-07,-2.56054711124795e-07,-7.27336219901235e-08,8.50095008814982e-09,-3.79570840904106e-07,1.43504287246273e-05,5.31362792654494e-06,-4.15932792904682e-08,2.22340036916825e-05,-7.4668517196898e-05,2.0217643480699e-06,-6.31781279846631e-05,5.24900848840521e-07,9.16871926626919e-07,1.41494818060005e-08,3.85812650608542e-05,-5.0913614327764e-06,2.25687494716672e-08,-7.0904230457225e-06,8.33522962724434e-07,-3.03037164937564e-06,2.23323493810262e-06,1.98865523441655e-05,1.0093774014386e-06,-3.20788360279356e-07,-2.09594522612567e-06,2.13169666439363e-07,-9.88498504540862e-07,2.75873972994014e-06,1.11035337397916e-05,-8.62852140757772e-05,5.92554666739265e-17,1.63640703375281e-07,8.95783446174888e-07,-8.84670093788441e-08,4.72516870043566e-05,5.07259035517422e-08,1.23998639311559e-05,4.94306461379881e-05,-3.85915732951583e-06,1.67690043849423e-05,2.93951610462085e-16,-0.000224238737445446,-1.01112853901236e-08,-4.5224626417672e-06,1.91530273364702e-07,3.66015401660711e-06,-2.4727348206764e-06,-4.24815553137384e-05,1.16653560331706e-05,-1.24942896723841e-06,8.55433437206102e-05,-2.93880948111282e-07,-2.95174287630409e-05,-4.0952489582948e-08,-6.68478977760342e-09,-9.72286160557367e-05,6.80044613116382e-07,-0.00705408164240758,-9.61974406485554e-16,-2.62996355052422e-06,2.19906306198254e-07,6.3414929534439e-09,6.79629286317285e-08,-0.000106696903265708,-0.00415212964863086,2.71810854411788e-06,-1.08898492433129e-05,-7.87563044370042e-06,-1.62165277883706e-16,-0.000181428926113251,-7.0629791987164e-07,-0.000682271275850424,1.52725382262335e-14,0.000200543610043432,4.16367818859897e-05,-9.44416792449946e-06,-0.25201277749449,0.000805306438534626,0.038438967366156,5.08404203487179e-05,-0.0105935920878593,-5.367810338493e-06,-2.69067616908245e-07,-4.5105390193148e-05,-1.34727903276682e-06,-1.62755026011263e-16,3.38436650777637e-07,-1.17351888509782e-05,-4.4319685577702e-06,2.32823138061505e-05,-1.00076924853885e-15,3.43240675669586e-07,-4.65840238047599e-08,4.67288112363233e-06,6.31776031384818e-08,2.14705918481632e-05,-1.86376582254032e-07,2.06528177130313e-06,-7.33766686509043e-06,-4.44636102071271e-17,-1.85512164223292e-05,8.52176924153196e-08,-2.31572086246945e-07,-2.26688890435261e-05,2.95822138484826e-08,6.31620888805776e-08,-9.62771529167128e-17,7.37603172116238e-17,4.90088466911553e-08,2.85544952101445e-08,-3.69714155634222e-09,3.56044562795959e-06,-9.72882793002733e-16,2.04846245344342e-06,2.02884133129015e-08,3.70363263082018e-16,4.82465978076896e-16,-1.13974362128549e-16,-1.19327641363274e-06,-2.83858270015777e-08,1.62122529667453e-08,-1.3277536903022e-07,-1.30474871884809e-08,7.09017699690259e-09,-3.53927935302946e-09,-2.96277382618825e-16,-2.48547458571089e-09,8.6169499798701e-09,-5.7753299432183e-17,-6.36503364678228e-16,-9.59455293824886e-09,-6.22548952491572e-10,-7.51633595073476e-09,2.15589155710185e-06,1.22662518737134e-08,-5.45250739071939e-07,-1.08423950777484e-17,-2.32170566829903e-07,4.06034720057947e-17,-0.00310300466658342,-3.91749349973325e-16,8.93449554726493e-09,8.66098682752689e-17,1.81638900534553e-09,1.33193797378985e-09,2.21245103043366e-05,4.08666777929e-07,1.85805446549519e-08,-2.36240756977103e-09,1.60296498353657e-08,6.76381132979938e-09,3.24416771647207e-06,1.11288110152774e-07,6.80850185201764e-09,-2.02679876828839e-08,-3.85116229224365e-06,-5.47952442572626e-07,-1.05099175283321e-08,9.11579837949329e-17,1.02351306628621e-07,-1.82585632545706e-08,1.02602877289457e-08,1.90904081926288e-16,1.94897844888529e-07,5.72095121937015e-07,1.85392757446182e-07,2.96119038811771e-16,-4.52019061341298e-08,-2.60681190699129e-06,5.10432462228185e-16,-3.28276550229874e-08,7.78961705236774e-08,1.70147374910565e-16,3.98640684042359e-17,-2.92929396058743e-09,-1.65815224403229e-06,-9.52964768428806e-09,-1.33543014235538e-05,3.80803348033306e-07,1.00601392830165e-08,1.75774216415987e-06,9.26756832512995e-08,-2.37888410484878e-06,-1.04283985960518e-15,4.44874998419982e-10,3.25613544988648e-08,9.12171058466243e-08,4.88334317670757e-05,1.37460474146335e-16,-9.93096575155528e-17,1.17949121414876e-06,5.73894886630214e-17,-2.60499074279847e-14,1.29152800394774e-07,-1.91462722419789e-07,-3.58515702287062e-08,-1.54368518255931e-05,9.34226565736629e-07,2.44176783795873e-07,3.13049755315391e-07,5.17725335322017e-17,2.89820901296721e-06,8.00338742198177e-08,6.25984875132105e-07,-3.54554382910289e-08,1.42612196476316e-07,1.78298165509613e-17,-3.24868675118248e-16,1.04423598186284e-15,-1.34897466527299e-06,-6.222179191571e-09,-4.03716512173513e-07,4.28911818545082e-17,-4.82814926340985e-09,-1.15275502259468e-16,-7.2770164381094e-17,8.34265606910144e-07,-2.09044185566343e-07,4.05274772075082e-16,-1.75344951910239e-06,-2.39099771256433e-08,4.81235275859008e-16,5.58977266983442e-08,3.12539163971297e-16,0.00169952347195267,-3.90730880959448e-16,8.67126942868178e-05,1.18591129946504e-07,4.91669681241125e-09,8.88410559037774e-07,6.49839270649274e-06,-1.94126830676514e-08,6.19329206934041e-07,-4.75755427482916e-16,3.80568642256412e-07,-2.1567437900964e-08,5.3239588838065e-16,-2.85675452099922e-09,-5.87949539608818e-08,1.37837833706422e-08,-2.25683031969466e-16,4.5634305167044e-08,6.07507231954535e-08,1.27586065782034e-16,-1.70054863336289e-06,-1.29646781489565e-06,-1.79986886773252e-09,-4.06064769289338e-16,-1.83944656794883e-15,3.35978002113595e-08,1.8628156357724e-06,7.53924274566631e-05,-1.52832088905233e-08,1.26537115411247e-06,-6.17810204574409e-16,1.37293676162403e-16,0.000198973477151773,7.59966458521593e-09,-6.84815833158913e-16,1.14819446897018e-05,-3.98292557405762e-16,3.45690312363842e-08,-6.08142498627855e-07,-8.16193746562566e-07,-5.48111153284523e-06,1.20522798758561e-16,-2.69387420178223e-16,-1.81001808952892e-15,-2.33007427487982e-16,-4.86095511812447e-09,-1.70970576356903e-08,-1.71769899908111e-15,1.43350721498408e-15,5.76371935036702e-16,2.54083584422725e-08,2.34288149902035e-10,-1.39516078431892e-08,-1.63022716572608e-16,4.46439218058925e-15,2.72682267390967e-15,-9.13812897305358e-07,2.85870606659263e-08,-1.14526867891208e-15,6.93281292132827e-09,-2.19458641928466e-07,2.84081161627376e-16,-4.40174049724672e-15,-0.000207570125955,-3.95896774278797e-09,-0.394740472089014,2.49488939648224e-15,-1.10059848757405e-07,-1.07349696225394e-06,-6.98341831949692e-07,1.54014949317676e-06,8.05923343811313e-08,-1.04612981418667e-09,1.01987380811108e-15,-1.04543334317858e-15,-9.84355775630661e-16,-5.18236997480661e-09,4.57333081236906e-09,1.4219434442354e-07,1.43977934268967e-11,-1.4183917844371e-15,-2.54276192542925e-15,5.29473831012034e-16,5.93624005122087e-16,-4.01838366482668e-15,3.47562053482264e-09,-1.64785788371883e-16,7.57082909006947e-16,-1.29572936839603e-07,4.06991951865167e-17,-3.99235339985266e-07,-6.31053554695572e-17,-8.74296966822798e-08,3.52409492941429e-16,-1.41204614656296e-07,-3.15550476622962e-08,-1.76046112691733e-08,6.72504947848843e-16,3.97999022419026e-06,2.84427792720436e-16,1.1941566481948e-07,-2.15631969776794e-08,1.19895619842553e-10,9.04991870722085e-16,6.8795658620682e-07,-7.45981280775599e-16,-5.2429273228941e-08,-2.68335225550201e-08,1.51429012160157e-15,-1.76434024991066e-15,1.24950406033503e-16,-6.54416333993855e-16,-4.24741903348431e-09,-9.92985132900592e-05,-4.86073817006448e-08,-6.79396012044793e-16,1.43833030244397e-15,-3.08917260980887e-09,2.52497318459482e-08,2.25648043783213e-16,9.68758639092713e-16,-5.29730343686155e-08,-2.3967332058277e-15,-1.03644823471243e-06,-3.04414476942871e-15,9.74897682538537e-08,1.73659347238238e-15,4.30302080990824e-16,1.03228552132749e-15,-3.11089181995092e-16,-7.3324984701791e-17,-7.01085717957929e-16,1.96372754254912e-09,-1.37412914396249e-08,-8.56161312931836e-16,-9.25668586269719e-09,3.911879117038e-07,-1.60254849221568e-15,-4.68517710767255e-15,-9.14957197045458e-16,6.30535517779201e-15,3.68044609415057e-07,1.00279323334276e-07,-5.89424197074362e-15,-1.0272649924085e-15,-7.25036421223208e-08,-2.34363095061103e-08,-3.5569417108602e-10,-4.2345111051865e-15,-5.43487421288471e-15,1.99174321327808e-14,-0.707106781186543,6.21450086651411e-14,-1.68120220629237e-14,2.50980420527363e-06,-5.1425845589456e-07,-1.89810726295635e-05,3.98555794158211e-15,-3.24561146629182e-15,6.69923521007992e-15,-9.3910096708903e-15,8.61795498086423e-15,-1.49682097969352e-14,-1.03800354518427e-14,-2.99553813117545e-15,1.88032546607141e-15,9.97819108552496e-16,-2.84881661299491e-15,2.23058310873842e-15,6.20541693121512e-15,-2.40726679479817e-15,1.51353822981251e-09,1.56353736921317e-16,-4.6198094461447e-15,1.54173033123339e-15,2.15404259288903e-08,-2.66707061768515e-08,3.35824952242246e-15,-5.57028432205197e-10,1.98503284222283e-08,-6.39028039140151e-17,-7.45122632301217e-16,-3.8570591157089e-08,1.28425992653804e-16,4.96940048388702e-10,5.40920820673102e-16,7.65005042518849e-16,-1.65900273494623e-16,-1.91924561632673e-15,5.05309955310909e-08,-6.77293292700479e-08,-9.25265182102889e-16,3.95059867518711e-16,6.98379696725294e-16,-1.03495337164086e-15,-1.21755903970122e-16,-5.24340684711518e-16,-1.91406976916586e-16,-5.23903736894571e-16,8.48481733481889e-10,6.3488649633825e-16,1.3774350527286e-16,-8.59855523704859e-16,1.4229055194334e-15,2.17939154820616e-16,6.12871455831051e-16,-1.85880320577995e-07,-4.3668313312973e-16,-3.94507477031689e-16,1.2591546152831e-08,7.70585880051454e-16,-5.26179087763965e-16,-4.18498243207351e-16,7.30015904276668e-17,1.06619947335278e-08,-4.55156978943559e-16,-8.0676776485258e-07,7.54273749858038e-16,-1.95888269651995e-16,2.38197743558341e-16,9.28999055010678e-16,-4.23079798129458e-17,4.74676868658359e-16,1.28476381450808e-08,-7.60484104646576e-16,-9.23497818940042e-16,1.62853016852029e-09,-1.61008905163587e-06,3.45930583126904e-16,2.78018548601538e-07,6.40527106663285e-07,4.28907004216932e-16,4.67373016897675e-16,3.15784997532965e-16,6.54537363967495e-17,3.43956203293301e-16,-1.09018026718308e-06,-6.88024247809412e-16,5.35280857872057e-16,8.8427081963201e-16,1.48231854320966e-06,-9.20914399863176e-17,-3.22478421163081e-16,7.12548999545954e-16,-1.55587504883937e-16,-2.00337066384818e-07,-1.47628250756781e-16,3.49341411559174e-10,-2.66972155039532e-16,8.97882270409573e-17,3.35794696093161e-16,1.2474443595497e-16,-5.10053196472504e-16,8.79180367731064e-16,-1.13731130586633e-16,-6.10382939158609e-09,-2.1133072600021e-16,-7.91829695608518e-17,2.57047456786965e-09,7.59121915234568e-18,6.09278027842199e-16,-3.4401357133689e-16,9.00869555427806e-17,-8.16157536169197e-17,3.27905102998466e-16,-1.87319202725893e-08,2.14095773138797e-16,9.51251529145909e-17,5.59061721089382e-09,-1.39326615861001e-16,-4.11844365827811e-16,4.32433159731682e-16,3.34784716802141e-17,-3.47908846208734e-16,-1.23279388163332e-17,-3.17950465622931e-16,-2.17998280174698e-17,9.40556239422302e-17,4.8173974055901e-17,-3.96325940339841e-16,-2.95722402096396e-09,9.81573776058733e-09,-4.03653909011584e-16,-1.3322416875226e-16,-3.14695367503932e-16,2.34920123845976e-16,2.561427632497e-16,2.15083291452195e-16,-4.92602987795062e-16,-7.55053585603965e-18,-9.40232420985901e-09,9.05661118620326e-16,-8.8094530398922e-17,3.21143187655138e-16,8.05328634000065e-17,1.09908247334853e-09,3.28335101076657e-16,-1.75078830592695e-10,3.4582542059478e-16,2.77816503487368e-16,-6.54374201205713e-17,-1.99951421894424e-16,9.38026494658305e-17,-7.42922508075375e-17,-3.7274953379862e-16,2.96111397468474e-16,-6.03721316628198e-17,-5.31902829548194e-17,-5.12489150142731e-16,4.62535311017168e-16,4.6192334842577e-17,1.15862387375126e-16,2.84523428409887e-16,1.4317513169698e-16,6.01428424000933e-17,2.09471884712146e-16,-1.72879163585493e-18,7.56544627193075e-16,7.73036148982165e-17,6.08703828762299e-17,-2.9038130797066e-16,2.5001853298347e-16,4.80040249761588e-17,1.4555003797407e-08,1.39120810724119e-16,-3.08767086178915e-16,2.0657554160057e-18,-5.97644686269816e-16,-5.08661002044849e-17,1.20052549713221e-17,-7.70024759419957e-17,2.66342865318853e-16,6.70522948068043e-18,4.07070527566791e-17,-2.57226965422186e-16,-3.40791748761339e-17,-2.90742221223336e-16,-6.33480116691645e-17,6.89936110652686e-17,-6.53463232603223e-17,-4.29820753057613e-17,-1.11749364232291e-07,1.78789479342114e-16,-2.68730766310339e-16,-1.55345824673552e-16,1.57041097701826e-16,-9.1777083398334e-17,-2.17494475294772e-17,-1.27211859917122e-16,-2.02370973599588e-16,-7.45746476632365e-17,2.5870756515052e-09,4.09495636210584e-16,1.36941057839394e-16,3.82762198891332e-16,4.94707680641369e-17,3.66956005536803e-16,-1.67401245431683e-16,-9.29006583456132e-17,-3.54144771895271e-17,7.44149578235095e-17,-1.45757997809287e-16,6.00250147029268e-17,-3.21684092642723e-16,7.23650963770984e-17,6.94268389048903e-07,-4.95758912176352e-17,-5.32622118994113e-16,2.30395200792396e-17,-2.61292723569007e-16,-3.62639484634371e-09,-1.56596653736635e-17,1.4045044906176e-16,9.33703384178049e-17,1.55189727544364e-16,-1.73004825231605e-16,-2.81919319676121e-16,2.4771780735583e-16,2.07302059778626e-17,2.8748437382902e-17,-7.81540983325952e-18,1.11243420708942e-16,7.2819324557615e-17,8.17999451263154e-17,1.17251044351287e-16,2.1466271086005e-16,1.51769634387185e-16,-1.79746606197421e-16
"t597",0.0352967612124699,-0.0102272472163346,-0.0111697724802799,0.000645428979856822,0.00582187035792959,-0.0153797043904274,-0.00215942823063199,-4.53403462743457e-06,-0.0386588661885287,-0.0170511243488545,0.124363672288482,0.00207160940847988,-0.00402102400521498,-0.000845080691162637,-0.0227497582399328,0.00053311179928782,0.000349236901153851,-4.22983180337405e-05,-0.0196824120686457,-0.00758677031890391,-1.34202565908148e-05,3.5193261958064e-05,-0.0197733886421024,-0.000650593694467834,5.0360753850437e-05,0.00163881140377866,-0.0289991120228635,-0.000348230610982103,0.000638087839522079,5.30898581541075e-05,3.50561162130378e-05,-0.000352598618492711,1.6953328621722e-07,-0.000519647761684875,0.00137826592337753,0.00055487604229507,2.87082086243125e-05,-0.000123481624204392,-0.0315526485320487,-0.205934101501687,0.000449223576775178,-0.0127765563686281,1.09638401915768e-05,-0.00077780297176986,3.52811727829365e-05,-7.63306397522081e-06,1.46930150878827e-06,-2.27939183571776e-05,0.00279797150236055,-0.00467282675100849,4.87498482971684e-06,-7.01686293930205e-06,5.37266187650005e-05,-3.03156565989579e-06,0.000272043723975105,-0.000208666811225648,9.03904014900695e-05,-0.000107773289878231,0.000936449039963359,-1.47530114181336e-06,-1.33528642158098e-06,6.81428055939007e-05,-3.95154749279947e-05,2.93496084223754e-05,-0.000522012057856607,5.37560093004814e-06,-3.22306601714617e-05,9.60926636639061e-05,-2.29567279674899e-05,0.000101336258173482,-7.75991000539294e-07,1.89712925120506e-06,-6.43180282139998e-06,-4.01053348864317e-06,1.67736412285699e-06,1.40020708593054e-06,-1.42112227254833e-05,2.0385294536186e-06,-0.000871503851328344,-5.24241630098211e-05,3.37151273331786e-06,0.000259808279478135,-0.000574454992054835,-8.09742708010825e-06,6.44369299599774e-05,1.61721347820256e-05,-2.35464510559209e-06,-4.00595061326577e-05,-7.47551660943242e-08,2.99036525500465e-06,-2.95847375557306e-05,1.2953674994199e-08,8.70167559071631e-06,-6.13652760321184e-06,-6.5242555650332e-07,-6.50374487357081e-07,-7.58038333446026e-08,2.14681405002367e-07,-1.57856718198273e-06,3.78681184643779e-05,2.22034737359455e-06,-1.56608838813216e-08,3.51488444961996e-06,-2.6709712502536e-05,6.27013925036397e-05,-1.31516959935157e-06,0.000697192393683601,-1.29305676026578e-06,0.0117495490582965,2.70703140967891e-07,6.24212348968732e-06,2.30771832836865e-06,-5.66024726181647e-07,-9.91575865114415e-07,1.23520528419294e-06,-1.89229733665953e-06,0.00037832428775135,-0.000490740273799631,5.05359743294705e-05,-2.04824052510292e-05,1.2549368213562e-05,-3.25698977849853e-05,0.000556448647873366,0.000555529788300069,-2.7961247665332e-06,7.17493406893349e-05,-7.57861740922211e-06,0.000219065375686344,-0.000435710909219058,-0.0153406797420753,-0.000124055675044852,0.00184294791669594,-0.000341422942214483,-0.434052325608389,-2.39495433479373e-06,0.00138891620698575,-0.00140354113825752,-3.46989350620398e-05,0.0019880744515513,-0.000538693238324547,-0.00282334429501581,-3.83291883545925e-05,0.000383799991544081,2.39886504249061e-05,1.38337780529107e-07,-0.00490952198296516,-8.84734025094555e-06,0.000667606037567944,4.14366981805749e-05,-3.71378732000325e-06,-4.55998013397318e-06,-0.000230220662479362,-3.15085533322955e-06,0.00075798137238407,-2.1197946528756e-06,-3.93830890877443e-05,0.000240733007599692,-2.18473492561313e-05,-0.000125917649127678,-1.7492315538596e-05,-1.68495836234227e-05,2.45582387292016e-06,-0.000322909456192484,-2.45778055194612e-05,1.68239404854061e-05,-1.21302519322671e-05,0.0827036918707563,-0.00126749788552099,-0.0609778075268171,-2.82593417238186e-07,-2.38854684495856e-06,-5.45754226438437e-07,1.99771690277274e-07,0.000136961043070782,1.705572333876e-06,3.59086217826327e-06,1.59859229585164e-07,-7.62537007380312e-06,-0.000388282118546117,-4.49324458255434e-05,0.000188754756776554,5.86231396535661e-05,-1.3086604866998e-05,-5.62207266931082e-08,-1.85787014761071e-06,-1.19804001824329e-06,-0.0129085052718025,0.00878154982260687,0.0463450408534101,0.000214714485923595,0.000416887613027744,-0.000192849188695856,-5.64405187167687e-05,-6.56316656364922e-09,-5.52396648211447e-07,7.19029342759601e-05,4.20403200113764e-05,5.71547822856084e-07,-5.70920552454176e-05,-5.62043324156882e-06,0.000112559360208671,-1.4451240157462e-05,3.91144102312779e-07,2.54019416125263e-07,2.88857786368843e-05,1.2449108003293e-06,-1.35342376006143e-05,-5.98953566994988e-07,1.76032647383842e-05,6.32467153116927e-10,-2.68726287486902e-05,-2.3605477996321e-07,-1.07761998673198e-06,-3.6785721157445e-05,5.90621262435488e-09,-1.13436982823017e-07,4.13151954789135e-08,2.71755263955847e-08,-1.50587799164406e-05,-3.83959504277067e-06,-1.79326621654264e-06,2.28075313742216e-06,5.08933160985691e-07,2.18899681534496e-06,-6.76179341480415e-06,-3.88506941437983e-07,-3.6861373799011e-05,-2.14339288572823e-07,-8.19702728603073e-05,-1.53736927393583e-05,8.36810937306686e-07,1.74244939124553e-07,5.33138515973404e-06,1.96922684448032e-06,-0.000227040456955619,-2.06086291648061e-08,-9.13568056094232e-06,-1.52941944458711e-16,-8.68416251170039e-08,1.24228868928541e-06,-2.55228953602703e-07,-6.60286457972616e-07,-8.92641917593502e-06,1.23474653174831e-07,-1.75957562974688e-06,7.8351171947221e-07,-2.59987636150332e-06,9.75404430341373e-08,-1.97737375289854e-07,8.06124651609106e-05,-5.30467825814205e-08,5.87030688850439e-06,-0.000304698147627618,2.02795435669659e-08,-1.33641077447021e-09,6.39179237318495e-08,-6.07841751729343e-08,9.57568704359114e-07,4.24633052140258e-05,-8.162336487814e-06,1.05155303287645e-06,-0.00194588100863804,1.53522892517237e-05,-1.04857806201158e-06,6.73699281367616e-05,-6.32461749367733e-06,1.48285803962854e-08,0.000129048017936515,6.26851936701006e-07,5.1659976217815e-06,1.3676463669034e-08,-0.000500879721972335,3.61019921594996e-07,-4.67951523902782e-07,7.40471591993509e-07,-1.43175867890301e-06,1.11332375376726e-06,-8.14353319281526e-08,1.56191138657835e-05,-6.78647720112627e-08,1.11503455128067e-05,2.33692217856786e-16,-2.73721587636454e-05,-4.71594148985524e-06,-2.90851198347957e-11,-2.54693682678502e-07,3.74995283470184e-07,-2.32526620030442e-07,-6.60372762068759e-08,7.69846651647129e-09,-3.43682150756026e-07,1.29929984246328e-05,4.80732522492775e-06,-3.75477667011251e-08,2.00637748198921e-05,-6.73622958018352e-05,1.82233048401589e-06,-5.67523397268459e-05,4.70830209478015e-07,8.22353995688172e-07,1.26905277910786e-08,3.44771060443252e-05,-4.53012410199338e-06,2.0069669621138e-08,-6.30009361125478e-06,7.39870162139115e-07,-2.68905147039146e-06,1.97652360496995e-06,1.75970877931112e-05,8.92845584037759e-07,-2.83682642019034e-07,-1.85197867664112e-06,1.88184213305115e-07,-8.71893213706036e-07,2.4324035574183e-06,9.78385022010271e-06,-7.59263182067604e-05,2.53720261994705e-17,1.42769223797925e-07,7.80847567063133e-07,-7.70145414526972e-08,4.11331268942426e-05,4.41556483364401e-08,1.07902768979055e-05,4.29878576799218e-05,-3.35370145873922e-06,1.45509282875316e-05,5.89633327435922e-18,-0.000193904497970292,-8.73966232031398e-09,-3.90532411777052e-06,1.6537541665208e-07,3.15296811762148e-06,-2.12732415903096e-06,-3.64798696822171e-05,1.00044704847414e-05,-1.06854323095081e-06,7.29683375310758e-05,-2.50258817972212e-07,-2.51120702835635e-05,-3.48197893406603e-08,-5.67770490952219e-09,-8.2571127371688e-05,5.77089689342387e-07,-0.00598261021452856,-9.99606639155972e-16,-2.22059032350328e-06,1.85502852165925e-07,5.34934264382246e-09,5.71765619522313e-08,-8.97265063584161e-05,-0.00347415172396759,2.27096889814437e-06,-9.09579558536075e-06,-6.57093477986127e-06,-2.41068178658892e-16,-0.000151182340667256,-5.88271547166795e-07,-0.000567255065996691,1.24019111177479e-14,0.000166414521743478,3.45350930346412e-05,-7.83148111174286e-06,-0.208876245492362,0.000666911615450621,0.0318132492321841,4.20564922290979e-05,-0.0087505470804539,-4.43316505268276e-06,-2.21993795071825e-07,-3.7147851104004e-05,-1.10948929906713e-06,-4.50036335602809e-17,2.77720493558152e-07,-9.62390556962225e-06,-3.62962854316027e-06,1.9027475419813e-05,-4.05411038169091e-16,2.79231328101253e-07,-3.76983705679046e-08,3.77250032830958e-06,5.09470671562704e-08,1.72906607421985e-05,-1.4971281371829e-07,1.65211163026473e-06,-5.80801136230097e-06,4.2085710575641e-16,-1.45425878613613e-05,6.67461764093256e-08,-1.81051119892148e-07,-1.76788065357024e-05,2.30658335021515e-08,4.92135191084384e-08,-4.0766001685455e-17,3.57597805958997e-16,3.80276272784554e-08,2.20754440575165e-08,-2.85694364907535e-09,2.74217482585935e-06,-3.04489153188588e-16,1.5660178707515e-06,1.54582132473948e-08,-4.96186886305989e-16,-2.14298825943846e-16,1.82306370847723e-16,-8.99452834369992e-07,-2.13663635162384e-08,1.21436844248105e-08,-9.90371498743499e-08,-9.72728990109295e-09,5.26189783556653e-09,-2.62524586257505e-09,3.29232001107284e-16,-1.8262228677125e-09,6.30984256045388e-09,1.67811315745199e-16,6.67019912293172e-16,-6.92992229402316e-09,-4.48124751461563e-10,-5.38549940285692e-09,1.53987453538679e-06,8.70810218712599e-09,-3.86701246764871e-07,2.32860916731612e-16,-1.64434606785396e-07,-2.06725931068886e-16,-0.00218900152078288,-1.5279119115752e-16,6.28421582843344e-09,1.67451358919094e-16,1.27274437813829e-09,9.32568900077546e-10,1.53303360973153e-05,2.82530408699693e-07,1.2833406907902e-08,-1.62491338295166e-09,1.09852624494427e-08,4.59534165432842e-09,2.20391968730391e-06,7.53988450456683e-08,4.58973019878359e-09,-1.35698234704483e-08,-2.56334382442578e-06,-3.63010708007549e-07,-6.94643647016341e-09,8.0616697321068e-17,6.71536975285938e-08,-1.18934321541927e-08,6.54229480558562e-09,-1.36120282566252e-17,1.23475084867525e-07,3.58851174442127e-07,1.15785192178592e-07,-1.27098310426351e-16,-2.81667659274566e-08,-1.60966828546326e-06,4.69945605131075e-17,-2.01781202201521e-08,4.65178676795231e-08,-5.21750383233268e-16,3.72952897222669e-17,-1.7284648033569e-09,-9.77339736956941e-07,-5.58787621223337e-09,-7.78222487653207e-06,2.1873806954566e-07,5.77131143682074e-09,1.00656012575196e-06,5.20021031423831e-08,-1.31169315429481e-06,2.96735292587558e-15,2.43627525063886e-10,1.78104683439768e-08,4.96849054709892e-08,2.64631967682566e-05,-1.08540579691681e-15,-2.25465534313807e-17,6.34633499050222e-07,-1.44178752071023e-17,-1.47516404599102e-14,6.62168542382925e-08,-9.72832966578996e-08,-1.82128999974655e-08,-7.6832360594848e-06,4.63657922070901e-07,1.21110945409219e-07,1.54654119968462e-07,-1.27346022945979e-16,1.36866940938163e-06,3.74076534261702e-08,2.915714581426e-07,-1.62243718953666e-08,6.30482803994504e-08,-2.99096400470014e-16,-6.98648659687209e-17,-9.13905041136142e-16,-5.64351658872888e-07,-2.53569699796934e-09,-1.64186149911871e-07,-7.3887780562052e-16,-1.91124717275522e-09,-1.17292452565168e-16,7.53777564292266e-16,2.86659221941683e-07,-7.16809014671973e-08,3.91613824701764e-16,-5.76451430616814e-07,-7.65712719528907e-09,-7.7543236715401e-16,1.6892085947021e-08,-2.13128892826563e-16,0.00047450600929873,7.1096244516088e-17,2.40247849928799e-05,3.26596737281462e-08,1.34475403611828e-09,2.40634081997988e-07,1.72097993307126e-06,-4.68416610943548e-09,1.27499307366676e-07,4.38836801315304e-16,5.97365437071594e-08,-3.2652300456195e-09,-1.1773900585887e-15,-4.10991429019749e-10,-7.63202534170374e-09,1.60910566254861e-09,1.50218468919115e-16,3.15356230882906e-09,3.58807752249825e-09,-8.82637590369538e-16,-7.71628180087103e-08,-4.98861106976608e-08,-2.15603530030704e-11,-7.65977346279875e-16,2.27328667866168e-15,-1.91151163760293e-09,-1.66240591068358e-07,-7.24666191822301e-06,4.06555409555461e-09,-3.78034935935079e-07,8.11141015457743e-16,4.9328377340175e-16,-6.41382038841173e-05,-2.47289939742968e-09,-9.39990609922459e-16,-4.2182683748851e-06,1.2137660615534e-15,-1.41924203709257e-08,2.88494969985393e-07,3.91073267232918e-07,2.73031524888393e-06,-2.17396817563703e-16,-7.0437751395513e-16,3.99648601463969e-15,3.87215929938124e-16,3.37237125701355e-09,1.21750931989991e-08,4.10927397060365e-15,-4.15277704734394e-15,-1.22935846125148e-15,-1.9867724028995e-08,-1.90699624812284e-10,1.26566190598533e-08,-4.78424516434656e-16,-1.30531978455306e-14,-4.4674008416179e-15,1.19790136903103e-06,-3.79594862821279e-08,7.10014212004161e-16,-1.0671573167614e-08,3.59018595467029e-07,7.5225270356381e-16,8.72506526746583e-15,0.000393557471796944,7.5977673624894e-09,0.829164544942945,-4.34968424889859e-15,2.70781760975569e-07,2.89515956015392e-06,2.15560240753971e-06,-5.81408175155702e-06,-3.22464607502102e-07,4.69525127640422e-09,-1.97385973302543e-15,1.49383629359434e-15,1.82207724892072e-15,5.88290531132473e-08,-5.30213612309016e-08,-1.99666083697213e-06,-1.29961088756691e-08,2.97785651392986e-15,2.9773188557785e-15,6.94366666416317e-16,-4.45159900691416e-16,2.53672465456481e-16,5.49610975059968e-08,-1.39520351544368e-15,-1.67369708830045e-15,-1.50168954725266e-06,6.16520896256498e-16,-4.5635623318502e-06,4.67166626007802e-16,-9.76931067966612e-07,-5.89504088190479e-16,-1.11429444118313e-06,-2.3348157410846e-07,-1.19165552964907e-07,-1.5692203033434e-16,2.44557565955872e-05,-6.22002951493057e-17,6.15836245983579e-07,-9.32358541796292e-08,5.14957972844592e-10,-7.30572758134251e-16,2.78580591936716e-06,-4.42880364639485e-16,-1.95411236619165e-07,-9.96345119799113e-08,-1.20861512069717e-15,-4.36467971701449e-16,-7.51594989935493e-16,1.04632393703008e-16,-1.48496812428393e-08,-0.000342029909865746,-1.64633694526289e-07,-7.49329513420504e-16,1.64636714810489e-16,-9.7168421190708e-09,7.91790088978169e-08,-7.71908692727636e-17,2.37951913275857e-16,-1.53470799295387e-07,-1.16965073247282e-16,-2.95687717829195e-06,1.2482567514612e-15,2.66688050630929e-07,5.54758190821692e-16,-1.38138253976874e-15,5.67717083170404e-16,-4.61722005320098e-16,-2.55648521330263e-18,-8.14626324046732e-17,4.98305117911217e-09,-3.48376587550855e-08,1.17862933185175e-16,-2.29239265048299e-08,9.59659595561548e-07,2.50342462328085e-16,-1.08646185584036e-16,8.47928064904279e-16,1.93996474375578e-16,8.6883296400475e-07,2.3472798249622e-07,-1.14692397240628e-16,-2.38735971058481e-16,-1.68150803959797e-07,-5.42890816638731e-08,-8.20658861812297e-10,1.99042973636782e-16,7.63249917836744e-17,-3.83872057040683e-16,-4.46628713450455e-15,-1.28740505470184e-16,-1.10823104268845e-16,5.45548458030195e-06,-1.1121036059887e-06,-4.08413369020817e-05,-4.52469284203116e-17,3.04014428599732e-16,5.4610296487138e-16,4.84756911204865e-16,-9.92974942514583e-17,2.20091713062475e-15,9.02406877666697e-16,5.72830176193996e-18,-9.24974305779331e-17,-1.04607814742942e-16,9.90871565134896e-17,5.76066178288776e-16,1.58993313066839e-16,-2.62832419332723e-16,3.01921211010515e-09,3.23657946678432e-16,7.22577261973823e-17,-8.11737599780767e-18,4.25869982607805e-08,-5.26232317252076e-08,1.03521381304776e-16,-1.09768218359915e-09,3.87068465373037e-08,2.02097959850306e-16,7.62620809341742e-16,-7.42624236472261e-08,-5.3778078807691e-16,9.42653731078482e-10,2.82830462147752e-16,-1.53687140118503e-16,-1.70028436477665e-17,3.08141714980707e-16,9.37559923475753e-08,-1.25484513817871e-07,-6.18631489522724e-16,-4.07933129105853e-16,-1.01363516469358e-16,6.93042072918455e-16,6.0661111550564e-16,1.93214837993266e-16,-3.93673939688079e-16,3.74484935254662e-16,1.47084352892952e-09,-6.00469536174194e-17,1.31151138767107e-16,-5.67796867168431e-17,-3.74875493455262e-16,6.05470653297886e-17,1.38108550361013e-16,-3.18211922286949e-07,1.39526003529384e-16,2.34448365881113e-16,2.15073162294351e-08,-7.99013268788229e-18,-1.11536837809782e-16,-2.1483463485383e-16,1.60802060136513e-16,1.77603991953378e-08,4.5772301945294e-17,-1.33818004521105e-06,-2.27112236984174e-16,-1.76287701170472e-16,5.96893298396929e-17,-6.70396931598625e-16,1.94399154428184e-16,3.45748813624545e-16,2.11304394692235e-08,1.92551239523613e-16,2.70385368081801e-17,2.661558956707e-09,-2.63058823272092e-06,2.76386944575135e-18,4.51822370608029e-07,1.03924258024354e-06,3.43043705313485e-16,4.07271038554842e-16,-5.88172377756097e-16,1.03331953919874e-17,-4.95089492575541e-16,-1.7283090563649e-06,2.01406533776192e-16,1.40913772290749e-16,4.68301523622637e-16,2.33679690606754e-06,3.2439510234799e-16,-5.15340231699642e-17,-3.20599404115057e-17,8.41810490202631e-17,-3.13540888036298e-07,-2.55465913577264e-16,5.45543771516628e-10,1.49903189858939e-16,-9.32544307393643e-17,-1.46678402569688e-17,2.13642763924465e-16,1.76275186304622e-16,-1.78103824240279e-16,3.30457394218658e-17,-9.42504473049598e-09,-3.44068125440324e-16,-4.34477466662278e-16,3.95835644479174e-09,-1.42519358762548e-16,-5.12259216253077e-16,1.79965097114057e-17,-2.25654271076425e-17,-1.85306574591017e-17,-8.31519037646898e-17,-2.86066575180152e-08,-1.75354987322488e-16,-1.31431349323924e-16,8.50680550340739e-09,7.4186018725185e-17,3.01612873407918e-16,-4.44214236638342e-16,2.68303231127546e-16,-2.51697053319392e-16,3.84492862391962e-16,-8.70019605558219e-17,5.94010782212791e-17,1.11050684065684e-16,-4.53949099986014e-17,3.96986023055909e-16,-4.44199589651652e-09,1.47219161980822e-08,-1.19029277831627e-16,8.05761792082372e-17,2.41023869318811e-16,3.39637304937711e-16,1.15055534544162e-15,-1.72500203192593e-16,1.08187341444236e-15,3.0299849639308e-16,-1.39939931487246e-08,-4.47289366656809e-16,-1.94347441447388e-16,3.53216315963361e-17,3.07147108444242e-16,1.62552733724258e-09,-4.38383795633481e-19,-2.57159271127971e-10,-3.28444073673976e-16,1.75197499357872e-17,9.90851853392905e-17,9.74540478295748e-17,5.53714577014432e-18,-9.55086374256058e-18,-4.89805366071084e-17,-1.5846062715151e-16,9.34858730323354e-17,1.98491635232477e-16,-1.36630651159059e-16,-1.54096494663479e-16,-1.43388843119363e-16,1.49363719139577e-16,-2.77182140040638e-16,2.21921412645885e-16,2.63342800171039e-17,-1.245923829211e-17,2.40351288611575e-17,-4.11807423632741e-16,2.60642202265515e-16,-1.37454133384339e-16,4.92934963863955e-17,-1.13609736872167e-16,1.11864236890172e-16,2.08807181871384e-08,-1.25495163764805e-17,-1.9122636939343e-16,-8.80912002631116e-18,-5.25004400734136e-16,-1.6243626146759e-16,-7.52419894829445e-18,6.75625385517053e-17,1.59510345133454e-16,1.12339006699997e-18,-2.22444879500801e-17,-1.1552174147833e-16,4.98364978186933e-17,2.02486728400876e-16,1.77213323128451e-16,6.39561005020167e-17,-1.66834174088458e-16,1.29262863392604e-16,-1.58019133098176e-07,-8.2176275680846e-17,7.83555686782218e-17,1.06994591882464e-16,-1.93778121674216e-17,1.09561965719234e-16,-5.46082594342065e-17,2.91561683315493e-17,2.02978659736162e-17,2.6118189292311e-16,3.60817370574072e-09,3.08591603363374e-16,1.75358074175831e-16,-1.66432367719338e-16,2.49130788691046e-17,5.73098763832317e-17,6.46608306875855e-18,-2.80761135578106e-18,1.35024984881572e-16,4.61710923656202e-17,6.7498256903218e-18,-2.62247458668599e-17,1.78205551524138e-18,-1.31669945560471e-17,9.55940340654206e-07,-4.14998479142296e-17,1.07817917577752e-16,1.14594276659284e-16,-5.52617847315862e-16,-4.96498670828977e-09,1.41388319817477e-16,2.3057426879604e-16,-1.40691905602357e-16,-3.35846694443508e-16,-2.21416729913349e-16,-9.90826603084742e-17,1.01304764660781e-16,-3.49774803092845e-17,-1.00991950412589e-16,8.59771947596032e-17,-4.58420386569235e-17,-1.73320672829412e-17,-6.1512039315671e-17,1.4687534500974e-17,6.33781116257748e-17,9.35044648586234e-17,-1.7269153949454e-16
"t197",0.0352571651459463,-0.0102030684518555,-0.0111425113367263,0.00064331776764669,0.00579855427879142,-0.0153074420524378,-0.0021490828542073,-4.51058570506086e-06,-0.0384227468878134,-0.0169248540487806,0.123195441569723,0.00204763738445381,-0.00397313474900444,-0.000834863861342965,-0.0224627456250244,0.000525989638311985,0.000344459970091152,-4.17092839599992e-05,-0.0194019834665029,-0.00746935156876196,-1.3195620868944e-05,3.44824479906753e-05,-0.0193516595767817,-0.000636638607246237,4.92762803734626e-05,0.00160184032746087,-0.0283371717551864,-0.00034021054434597,0.000622998230658297,5.16074655165519e-05,3.4012330631312e-05,-0.000341622694297174,1.63875072312428e-07,-0.000501482222786207,0.00132762568004097,0.000532860410939817,2.75547191468533e-05,-0.000118441333192194,-0.0302559720976432,-0.197345185240525,0.000429949372263343,-0.0122150850425307,1.04748459558085e-05,-0.000743070152192916,3.36781972384344e-05,-7.26411330256444e-06,1.39696566831384e-06,-2.16621055620398e-05,0.00265571471025987,-0.00442919997019642,4.61234778144232e-06,-6.63311583492396e-06,5.07819266661526e-05,-2.86231666363386e-06,0.00025630857684772,-0.000196533596568497,8.46313858319973e-05,-0.000100740748270157,0.000875170417009764,-1.37313322099877e-06,-1.23892142556922e-06,6.31260349567207e-05,-3.65595573565693e-05,2.71453815811889e-05,-0.000481648605562233,4.94916226544089e-06,-2.95301552873201e-05,8.78474358698286e-05,-2.0965416709622e-05,9.23744595007798e-05,-7.00359707145098e-07,1.69901010260308e-06,-5.7531781038257e-06,-3.57841306828204e-06,1.49616301725061e-06,1.2475884679388e-06,-1.26567470504984e-05,1.81167032198806e-06,-0.000770749515148423,-4.62713753949527e-05,2.96566568271949e-06,0.000228363778634769,-0.000502170481833898,-7.06673885715055e-06,5.58311214284543e-05,1.3984454302266e-05,-2.03201441208807e-06,-3.45592640086244e-05,-6.44856220868888e-08,2.57900619825627e-06,-2.54953035567735e-05,1.10812182281712e-08,7.4387764148056e-06,-5.22176661176015e-06,-5.50719197502731e-07,-5.48315887534929e-07,-6.39048217457562e-08,1.80418021450921e-07,-1.32508077561076e-06,3.1646834901573e-05,1.84883315051319e-06,-1.30362286771757e-08,2.92474341232149e-06,-2.18559584187711e-05,5.12415112782461e-05,-1.07372312569233e-06,0.000568183527180777,-1.05326299151367e-06,0.00956215703897919,2.20010990764825e-07,5.07099233528397e-06,1.86985763368584e-06,-4.58485164703237e-07,-7.97635064095594e-07,9.92133418353674e-07,-1.51494158140525e-06,0.000302432773126773,-0.00039070044617108,4.00751600410673e-05,-1.61938787613111e-05,9.9048430055811e-06,-2.5553764054041e-05,0.000434886041566985,0.000434103072178478,-2.18372623616709e-06,5.58097702968661e-05,-5.89299743861908e-06,0.000169747689251085,-0.000334226512187367,-0.0117662388226579,-9.50712932770317e-05,0.00140265966851792,-0.000259502120063468,-0.329580370798604,-1.81113748677638e-06,0.00104974631584743,-0.00105161291332017,-2.58143694760503e-05,0.00146454628113892,-0.000396725495495876,-0.00207573812645955,-2.81553093393194e-05,0.000281531027230631,1.75870865631888e-05,1.01420503562692e-07,-0.00358547296627754,-6.41124736715226e-06,0.000479918397954252,2.97273510745964e-05,-2.65243920661677e-06,-3.25563807125346e-06,-0.00016408614499295,-2.2434494346993e-06,0.000539069790140195,-1.49152743116671e-06,-2.76627654919018e-05,0.000168883644693952,-1.48941532629808e-05,-8.52282749584067e-05,-1.18266588541015e-05,-1.13219932546654e-05,1.64807731397788e-06,-0.000214965684979967,-1.6345707319353e-05,1.11000952343186e-05,-7.94106587416449e-06,0.0528992461191356,-0.000810044161837957,-0.0389618813565661,-1.79978056827219e-07,-1.51540944316155e-06,-3.46061357937677e-07,1.25709090835463e-07,8.59760798801174e-05,1.06503185411931e-06,2.2393690495181e-06,9.96263840569e-08,-4.69327093056495e-06,-0.000235850935656756,-2.72302257601582e-05,0.000114138698021974,3.52173276360447e-05,-7.84167071700717e-06,-3.36039804447657e-08,-1.10784669680499e-06,-7.08676619440558e-07,-0.00762044706595475,0.00509348592494629,0.026865179235665,0.000123717167301748,0.00023617877912979,-0.00010769086395068,-3.13584858409157e-05,-3.61886148431283e-09,-3.028419987878e-07,3.87393207011495e-05,2.25633881503762e-05,3.04248275318391e-07,-3.02656650839287e-05,-2.88310341660453e-06,5.7647647955606e-05,-7.29483542151076e-06,1.9459232068496e-07,1.21869258057776e-07,1.38559627512829e-05,5.95103655633492e-07,-6.40115308714803e-06,-2.81163801420323e-07,8.09715573106877e-06,2.83450381236504e-10,-1.17853671777132e-05,-1.02820993536166e-07,-4.54768011672516e-07,-1.52439274883644e-05,2.44633219887707e-09,-4.63078452163974e-08,1.62334975196933e-08,1.05971453159335e-08,-5.63166830568522e-06,-1.39293890400647e-06,-6.43570231394906e-07,7.81488777219046e-07,1.72397300994258e-07,7.32109076696463e-07,-2.17220227899544e-06,-1.23762547486823e-07,-1.17182164686643e-05,-6.49917958165236e-08,-2.41160286684511e-05,-4.3674116526429e-06,2.33853863005352e-07,4.785581413421e-08,1.44010760786449e-06,5.29392975727902e-07,-5.83209467178029e-05,-5.1387863004475e-09,-2.20293593873785e-06,-7.31873069049914e-17,-1.99071026656682e-08,2.81799809001993e-07,-5.36316471436719e-08,-1.30127531271252e-07,-1.66210674550366e-06,2.29100519253587e-08,-2.90406816581405e-07,1.26583651913917e-07,-4.15851612104399e-07,1.48481595582371e-08,-2.90618644844913e-08,1.10690415804672e-05,-7.05526427967547e-09,7.70285988784415e-07,-3.69925981202366e-05,1.60923786044588e-09,-8.56190523210523e-11,3.27061367590428e-09,-1.37403548913271e-09,1.96725027202316e-08,4.6972519944991e-09,9.38840079810247e-08,-2.97329076371476e-08,6.5584626068293e-05,-6.05198757731413e-07,4.9698849646417e-08,-3.99569781298189e-06,3.83757760825843e-07,-1.35728962959158e-09,-1.19045410264023e-05,-5.83313656464206e-08,-5.24771898537869e-07,-1.43291346808543e-09,5.75922238617183e-05,-4.21999493049643e-08,8.44415411373331e-08,-1.38957792561816e-07,2.76915648148402e-07,-2.30135790923303e-07,1.77087963935346e-08,-3.78103614918912e-06,1.69207432947507e-08,-2.84444248428747e-06,-1.98350421128209e-16,7.53115191187661e-06,1.31009831047161e-06,8.33368749113036e-12,7.82881955352471e-08,-1.22091954690003e-07,7.7736774665007e-08,2.23638440719431e-08,-3.04838318673711e-09,1.37389633040718e-07,-5.207359524781e-06,-2.0104023604082e-06,1.76076462441471e-08,-9.58899370485003e-06,3.26174319803849e-05,-9.20550281786496e-07,3.3380634908643e-05,-2.94065085454354e-07,-5.15384778268778e-07,-7.96153305944866e-09,-2.48883766145735e-05,3.80300069019744e-06,-1.71636069584208e-08,5.53460744318659e-06,-6.71256858729862e-07,2.46372799995013e-06,-1.96270546394298e-06,-1.75786006734677e-05,-9.01686955632306e-07,2.88629113578532e-07,1.93059260588119e-06,-2.01466013671726e-07,9.56508748982143e-07,-2.69690618028295e-06,-1.10437218701445e-05,8.90077553439051e-05,-6.79024292196939e-17,-2.08962788429889e-07,-1.16768524758832e-06,1.18905519348755e-07,-6.35667448611894e-05,-6.83055936468576e-08,-1.68223276103384e-05,-6.80087737548685e-05,5.39870105606907e-06,-2.42604834351449e-05,-4.03391221882671e-16,0.000350120902564327,1.59366298846725e-08,7.27261402686196e-06,-3.08739250165646e-07,-6.1989040844139e-06,4.30302874336348e-06,7.68039303577539e-05,-2.16498281692019e-05,2.45345345720396e-06,-0.000176897760257714,6.28106822036592e-07,6.42699818051497e-05,9.02033575586483e-08,1.50294531691981e-08,0.000219094904177435,-1.55487471846053e-06,0.0163120269776688,3.72122417679618e-15,6.61830785860602e-06,-5.63222542492221e-07,-1.62445993251096e-08,-1.83055144184794e-07,0.00028957751098255,0.0123744637418172,-8.32156181296537e-06,3.35175909249959e-05,2.47351730149914e-05,5.54849978180857e-16,0.000583171214250012,2.29000137539618e-06,0.00228513317444703,-5.08133301583556e-14,-0.000695900812120104,-0.000145701040057948,3.3192697316681e-05,0.893757347729946,-0.00289966405401838,-0.139998772847901,-0.000186834707127077,0.0399842286269594,2.03246804276772e-05,1.03781827408909e-06,0.000179774228343153,5.37882288616898e-06,5.04235624075779e-16,-1.44226393725314e-06,5.05878082711304e-05,1.95979945554854e-05,-0.000107055575168181,2.70147300500516e-15,-1.72030965040177e-06,2.58153376767663e-07,-2.71319961577978e-05,-3.75014800036413e-07,-0.000130904675047138,1.19528853679482e-06,-1.44187625868459e-05,6.43583686815012e-05,-8.96006524673055e-16,0.00020500450616599,-9.6254011048449e-07,2.74075242624682e-06,0.000287009598343997,-3.76532618048301e-07,-8.19959041360806e-07,2.08166817117217e-16,-2.18692116310795e-16,-7.16880135607496e-07,-4.6774232924251e-07,6.14649159084954e-08,-6.62041376843828e-05,1.9665931043696e-14,-5.07662429245929e-05,-5.86312520396674e-07,-3.34826458118401e-16,-4.37852608662142e-16,1.48578759955745e-16,6.85741261165353e-05,1.85651461740546e-06,-1.99287099032059e-06,5.96374588056894e-05,8.45408871102977e-06,1.5448880672037e-06,-6.69421664434099e-07,-3.835116705894e-16,-1.44293510316232e-07,4.04622091297639e-07,-1.64659062349737e-16,2.7822739150968e-17,-2.61985914876762e-07,-1.54952367208222e-08,-1.67559541311751e-07,4.49655947240913e-05,2.28201185155101e-07,-9.97228107359e-06,7.16968964644399e-16,-4.15071271077064e-06,1.05965079538291e-15,-0.0521322179778271,-9.49454815983575e-15,1.43804172252336e-07,3.27981718885085e-16,2.77711525940658e-08,2.01617913998302e-08,0.000296619893662719,5.35133764726174e-06,2.40973157083221e-07,-2.94212726556754e-08,1.93055570146119e-07,7.57703814985799e-08,3.63199813138916e-05,1.22017127553904e-06,7.19543974965642e-08,-2.04474209001735e-07,-3.74459666589949e-05,-5.18213603463202e-06,-9.80857377302838e-08,-1.69653400770873e-16,9.18162690905247e-07,-1.57986047339253e-07,8.0886610316377e-08,4.44772235175032e-16,1.49887299999779e-06,4.24511728860809e-06,1.35556845231186e-06,1.18810503114644e-16,-3.28055992873993e-07,-1.83819133739127e-05,-1.28540482515415e-16,-2.28322397499457e-07,5.01419021524763e-07,-9.94865601101649e-17,1.13396984238764e-16,-1.83331466650855e-08,-1.03520282511964e-05,-5.88166914045475e-08,-8.13389876669814e-05,2.25296641428567e-06,5.93731524184635e-08,1.03380015059517e-05,5.2540634823907e-07,-1.31047984280365e-05,-7.11182415041867e-16,2.42491468378006e-09,1.77164547236961e-07,4.9318777418478e-07,0.000262051868597083,-7.72255576161353e-16,-9.23411509737198e-17,6.26525282403993e-06,8.82627201074891e-17,-1.36920571256813e-13,6.45151781245551e-07,-9.46693094771832e-07,-1.77231362172871e-07,-7.46555119206602e-05,4.50485583813449e-06,1.17668679232687e-06,1.50250554917834e-06,-1.41367491665886e-16,1.33372246801433e-05,3.65082896855949e-07,2.84725508934367e-06,-1.5897619384165e-07,6.23173419731425e-07,4.4515713538404e-17,-3.75743507237157e-17,3.62576146655507e-16,-5.68316815286326e-06,-2.58071386585409e-08,-1.67247126210523e-06,3.41820103089375e-17,-1.97033596909634e-08,1.2736537883821e-16,-1.31885368125975e-16,3.18794333077284e-06,-7.98152068866169e-07,-3.30898503042576e-16,-6.5873909588965e-06,-8.89800475207984e-08,5.0090191856378e-16,2.04014111502663e-07,3.21376537280601e-17,0.00605772838691512,1.9898940332847e-16,0.000308414164881112,4.21096452632749e-07,1.74255212497442e-08,3.14040853932074e-06,2.28352600238435e-05,-6.66980214929377e-08,2.06044921320721e-06,6.67876200668043e-18,1.21430979312865e-06,-6.85015454588527e-08,2.06985959744593e-17,-9.01777278167998e-09,-1.83498232487009e-07,4.25736030199912e-08,-1.52748382286845e-17,1.35851904817974e-07,1.79488576625446e-07,-2.86660887196299e-17,-4.97316793675454e-06,-3.77211439026874e-06,-5.13602471722007e-09,-2.24067012091382e-16,-4.10368507632836e-16,9.12767946388977e-08,4.94793373228672e-06,0.000199302823639923,-3.59923820005949e-08,2.91482049944297e-06,-3.43680440240983e-16,5.16739813115073e-16,0.000451086688657997,1.71934236551795e-08,1.83851850613483e-16,2.52468651320163e-05,1.42462371383458e-18,7.38029834605292e-08,-1.24235517437322e-06,-1.66186240541527e-06,-1.10130308582449e-05,-3.11107155080334e-16,6.20337500366372e-17,-2.8991602596966e-16,-1.74000731713266e-16,-8.47378188012612e-09,-2.93916860793908e-08,-4.21431574855633e-16,7.05508587521802e-18,8.04622628890583e-17,4.13739703334888e-08,3.71878476818949e-10,-2.04980175456482e-08,9.56440786222955e-17,7.60215458292524e-16,5.74139260439699e-16,-8.94476505301929e-07,2.74086612302593e-08,-1.09982823463972e-16,4.93337717675136e-09,-1.31688574635145e-07,-4.85092633663455e-17,-5.55827196342098e-17,-6.29820716242984e-05,-1.09776912471446e-09,-0.0288534514407866,2.15710572404961e-16,3.60440281788967e-08,6.31750545418986e-07,7.09015980059143e-07,-2.71379763403082e-06,-1.61671844114235e-07,2.64650007772616e-09,1.04057489733033e-16,-6.17872289412125e-18,2.4473081125356e-16,5.08845128483566e-08,-4.60735132688997e-08,-1.80024719681648e-06,-1.3658995989835e-08,-1.27659279811561e-16,-2.72510197399994e-16,-2.11922823842164e-16,6.4214659975782e-17,1.00288918571768e-15,6.5040170645566e-08,-6.36089347766303e-17,2.1551268155401e-16,-1.8464225359503e-06,-1.09760166206585e-16,-5.62206089146884e-06,1.84995884363794e-17,-1.20742677267798e-06,3.02420881705209e-17,-1.45843471705778e-06,-3.09379610500645e-07,-1.60765924875296e-07,-2.78832834952966e-17,3.36862659705566e-05,-6.31552168833378e-17,8.83787176198633e-07,-1.40038871686845e-07,7.74857008431016e-10,-4.49550704786443e-16,4.26020277470906e-06,-2.31868311512475e-16,-3.05934894928625e-07,-1.56157456244777e-07,-2.28281205287232e-16,1.28584818184477e-16,1.20184746762042e-16,6.89605489595146e-17,-2.36856343553544e-08,-0.00054794921173705,-2.65069334176608e-07,-8.12212453791654e-17,7.22705367499132e-17,-1.59956330507731e-08,1.30463332615642e-07,1.85285382615396e-17,7.36514852574865e-17,-2.59043003090283e-07,6.98804842053043e-18,-5.01447373453079e-06,-7.22880059494523e-17,4.58124771732993e-07,-1.02018127278509e-17,-6.71623137597455e-16,-1.48896857166476e-16,8.76540361822317e-17,-6.93136199922732e-17,-3.74809065035388e-16,8.75871591109813e-09,-6.12510090276499e-08,2.28693383806997e-17,-4.05918443592044e-08,1.70413434299523e-06,6.90897126678501e-17,-1.55553070607297e-17,4.07373157163102e-16,1.88932374251609e-16,1.5606889108006e-06,4.22703372630517e-07,-3.80618712875021e-17,5.56818687608209e-17,-3.03636407885031e-07,-9.80661518143588e-08,-1.48414871358326e-09,-9.8453180121916e-17,4.96299254043008e-17,1.40826821797779e-16,-5.30589359722511e-16,1.70861735811172e-16,-1.46115915283645e-17,1.00370467969442e-05,-2.04901144061348e-06,-7.53546687415294e-05,-4.45571326570623e-17,-2.23742656634959e-16,-1.40176038649927e-16,-1.16738095090135e-16,-5.42325050943987e-17,9.46100271675962e-17,2.91573146714687e-16,-1.35837129316237e-16,4.6960209368897e-17,-7.32598281726015e-17,-5.8512726450375e-18,-2.41497795039251e-17,4.64954777158571e-17,-2.09870210602414e-17,5.68465210493726e-09,-1.57362074270862e-16,5.95316307738385e-18,6.64876643239181e-18,8.03647462104386e-08,-9.93541795538394e-08,-7.79456803542934e-18,-2.07310217341713e-09,7.3293013223344e-08,-6.36881569939619e-17,1.86529013216382e-15,-1.41050290386833e-07,2.97518469437012e-17,1.79669350752637e-09,4.62170908047294e-17,2.98773593787923e-17,-5.10140780579509e-17,2.57675648698465e-16,1.79588740338141e-07,-2.4044011415282e-07,-4.72036221985592e-17,-2.16293513373469e-16,6.47870631573318e-17,-5.50391575271925e-16,1.43656787854329e-17,1.34638842761824e-16,-8.02375037096007e-18,1.15019359040401e-17,2.85495899784547e-09,-1.19018481447745e-17,5.08915745267764e-17,1.38178515066722e-16,-2.91585037491168e-17,-3.87523212319561e-18,-9.89504527026009e-17,-6.1892329691914e-07,6.55887901131316e-18,8.68276577166432e-17,4.18464931894601e-08,4.68826849781759e-17,-1.02732769075653e-16,8.76007799176218e-18,-1.2250722989949e-16,3.46801307215802e-08,-1.03740768966719e-18,-2.61443664690646e-06,-1.29995635932363e-16,-7.7875352078664e-17,-1.67889518892373e-17,-1.1958157039452e-16,8.78104500555076e-17,-8.63674073387738e-17,4.13252084827236e-08,2.24621739672806e-16,-4.06442045134122e-17,5.20894034477916e-09,-5.14850354239526e-06,-9.11803931119484e-17,8.84783330230139e-07,2.03543699521447e-06,-4.98323432036586e-17,1.06731343006514e-16,3.22985220928716e-17,-4.29534488434401e-17,1.99722041379498e-16,-3.39161151472155e-06,1.06337993084148e-16,-2.26636740339804e-16,2.58033666202354e-16,4.58735299244016e-06,-1.84005524554388e-16,8.63815213087646e-17,-6.42166855654799e-17,-1.69510891598912e-18,-6.15753595536341e-07,-7.77755218864142e-17,1.07148824843333e-09,-4.4134214764689e-17,5.11170276018266e-17,1.40749734848608e-16,3.48540247509005e-17,-2.44971940603101e-17,2.76611214319508e-17,1.13209307865118e-17,-1.85191508258327e-08,-5.14701792944528e-17,-4.40971269273394e-17,7.77825831786368e-09,-7.36336544275654e-17,-2.02561968185677e-16,-2.03876528028877e-16,4.56251700893185e-18,9.39605567285294e-17,1.04869491953835e-16,-5.62201432127802e-08,1.06697659372147e-16,1.46596574783034e-16,1.67185965276802e-08,-1.15408690794551e-16,-3.28036365640704e-17,1.26106519765242e-16,7.33067287603632e-17,6.99711982260411e-17,4.04411704096333e-17,-1.97071608088675e-17,-2.76164686257312e-16,-8.99836649994465e-17,-1.05466273807371e-16,2.20372853705638e-17,-8.72883170669831e-09,2.89285631357378e-08,-6.50255290137342e-17,1.8247333368837e-16,2.14993072216587e-17,2.82072985313549e-17,-1.99601619954581e-16,1.5504591555235e-17,-2.5616831368299e-16,2.30867189291943e-16,-2.74912758298856e-08,-1.15248082483153e-16,-2.04160037960221e-17,3.83218980022846e-16,-4.65508617893604e-17,3.19240639996569e-09,2.12660676105562e-16,-5.04826087139625e-10,1.05705964066745e-17,-1.97073700875276e-16,9.81387974469383e-17,-7.80753592752904e-17,4.25473902299705e-17,7.70374906490062e-17,1.12578715624522e-16,9.29974659468576e-17,2.06582698691841e-17,-1.1418109147426e-16,9.32437249883096e-17,3.9044516286137e-17,1.07210385379307e-16,-5.18524763478564e-17,8.28791806157393e-17,-6.99426040724071e-17,-3.72065814024228e-17,-3.00233775001786e-16,-6.01439436162497e-18,-7.01386586731938e-17,3.28513258263108e-17,-6.84422592193037e-18,-7.85249893958539e-17,-1.3527509650256e-16,-6.03870945459322e-17,4.08975540357384e-08,-1.2166151579782e-16,-1.34082544244376e-16,2.3580632869231e-17,9.74509235577321e-17,2.37293760089358e-16,-2.49015812800639e-17,2.87861055472839e-17,-1.01878621774143e-16,-3.2834799785864e-17,-7.86996739439496e-17,2.29037708937563e-16,-9.28039901753165e-17,1.81062236900647e-16,-1.06860500737214e-16,-1.05238736365082e-16,1.6544114591329e-16,1.46312852820911e-17,-3.08854349565009e-07,7.46500939311831e-18,7.00010365683633e-17,-1.03671332863864e-16,4.06362072411806e-17,-5.00718604773633e-17,4.43024940102605e-17,-1.04639046474447e-16,-8.93509015375272e-17,-6.73683917922729e-18,7.03436862236453e-09,3.43713509779933e-17,-9.7240560767098e-17,-9.36836270715615e-17,1.02152269078809e-16,-2.05016923131764e-16,2.1935946284278e-16,6.95371632849779e-17,8.40476727831183e-17,-2.54862896511616e-16,5.23696396744887e-17,7.40691350166258e-17,2.63407687416203e-16,5.56676590522354e-17,1.85826739150795e-06,2.31197713372741e-16,1.09417635848384e-16,2.42480546921558e-16,-1.26960074398053e-16,-9.63748152950455e-09,-2.8016345731402e-16,-2.82913981802221e-17,-2.14064834357257e-17,6.32535413626321e-17,-5.54463656602249e-17,1.30169066375735e-16,2.06974856598729e-16,2.62285445461853e-17,1.74908991477754e-17,1.20626264769357e-17,-1.67661026661323e-17,2.12816986840056e-16,-1.19881396237696e-16,4.99732939767215e-17,-1.46534056395436e-16,-3.48483368580304e-17,-2.35530125346276e-16
"t216",0.0353715659978871,-0.010273319410819,-0.0112217456438319,0.000649477295709619,0.00586680942245851,-0.015519660916882,-0.00217947798388249,-4.57960160155745e-06,-0.0391207482877349,-0.0173004168187865,0.126703255561688,0.00212038405699637,-0.00411870350452915,-0.000865947473314523,-0.0233382247658261,0.000547794884464758,0.000359108323062811,-4.35177821530738e-05,-0.0202643687051673,-0.00783269047677547,-1.38952220899565e-05,3.67364648901357e-05,-0.0206970454454565,-0.00068118664028678,5.27397469963784e-05,0.00172056776413599,-0.0304659693867455,-0.00036603170467635,0.000671743828099573,5.65115543727627e-05,3.75022561791896e-05,-0.000378611211031974,1.83198324887716e-07,-0.000564113651926217,0.00150414442266746,0.00061102760723988,3.16633971025599e-05,-0.000136468375523,-0.0349019596348338,-0.228241446518595,0.000499828743393007,-0.0142647775571191,1.22677814152494e-05,-0.000870467175312578,3.95886940359371e-05,-8.65187166791888e-06,1.67075919501248e-06,-2.59588465136833e-05,0.00320035659287792,-0.00537069280954816,5.64032440345558e-06,-8.14425852785794e-06,6.23880875838438e-05,-3.5345345017865e-06,0.00031977537561008,-0.000245588536781119,0.000108980517351195,-0.000130860927159253,0.00113803488703964,-1.82617110776247e-06,-1.67767826751937e-06,8.62796465847194e-05,-5.03559021819658e-05,3.74627943718674e-05,-0.000674716947978169,7.03043508684619e-06,-4.33429751538891e-05,0.000130970033367534,-3.1490591935051e-05,0.000140674840287034,-1.15688025548987e-06,3.02119668183875e-06,-1.03587104329159e-05,-6.61816850935085e-06,2.77673234077134e-06,2.34374719172584e-06,-2.38947290750864e-05,3.50667896943307e-06,-0.00158644552415174,-9.78547602429077e-05,6.59126389283554e-06,0.000513361699331811,-0.00123668854628741,-1.79441368101289e-05,0.000165100100139062,4.34294828825539e-05,-6.65790088112531e-06,-0.000114269377375108,-2.13732212452086e-07,8.59990798461694e-06,-8.69253438278518e-05,4.87368012657211e-08,3.36658079034462e-05,-2.96593116623593e-05,-6.05981736468868e-06,-7.11382384548712e-06,-8.36163223317444e-07,4.50096656186572e-06,-5.07588130224567e-05,-0.00108303544413522,-2.38522458019288e-05,1.59060564397072e-07,-3.36201139004993e-05,6.1940967924725e-05,-0.000136105740378662,2.71604775315087e-06,-0.00132195377492293,2.39562693913232e-06,-0.0209067587655534,-4.53801078521745e-07,-1.02666424474529e-05,-3.40080280459089e-06,8.23558920621662e-07,1.10645136916302e-06,-1.30656840535577e-06,1.78572198465722e-06,-0.00033958415382548,0.000385030415198464,-3.49486191788535e-05,1.28971881872917e-05,-7.49541668117987e-06,1.62328798068273e-05,-0.000246790281215152,-0.000245283219988013,1.21399401784723e-06,-2.76141530889072e-05,2.88755393008325e-06,-7.51635063127574e-05,0.000109775952537873,0.0038513311567413,3.03463295541446e-05,-0.000361435291802938,6.40161263010999e-05,0.078746676687476,3.78222639814845e-07,-0.000215051711643155,0.000157707690930155,2.90889276272607e-06,-0.00010330838287,2.75666442263495e-05,0.000131294856558109,1.69427193871892e-06,-1.5588310006664e-05,-9.42310214028813e-07,-5.43166278066438e-09,0.000148687388567025,1.35923282163341e-07,-2.78127298846601e-06,-8.28935580612159e-08,-6.95892998710807e-09,-9.70410697821332e-09,-7.4469287002196e-07,-1.19672823934186e-08,3.30408899716036e-06,-1.1251960257205e-08,-1.85445673045434e-07,9.98728244122708e-07,1.05663547334688e-06,9.86800542589073e-06,1.46775610611339e-06,2.02436078699628e-06,-3.16649297934822e-07,6.39721814712685e-05,5.1260068417916e-06,-5.31659138935703e-06,5.85494283830996e-06,-0.291239578755958,0.0052112497970286,0.261788945937055,3.29897369335957e-06,-3.43138915482514e-05,-6.02414961371999e-06,5.73543068509534e-07,0.000327026956835541,3.062985063133e-06,6.10645047286298e-06,2.64819401139497e-07,-8.95696344777664e-06,-0.000372034610991452,-4.1923492890035e-05,0.000172003878924244,5.02359977206929e-05,-1.09831479932366e-05,-4.62926189182733e-08,-1.50414727491084e-06,-9.22606164469335e-07,-0.00983187086546668,0.00618878114941755,0.0325922046475013,0.000147975999409807,0.00027450495448286,-0.000123319123467196,-3.57782983523995e-05,-4.11144085340504e-09,-3.43265454239419e-07,4.37676446781676e-05,2.54902575655856e-05,3.43885900178929e-07,-3.42278285646313e-05,-3.29383888051799e-06,6.5906460783025e-05,-8.39909384996736e-06,2.2589030600514e-07,1.44895230037691e-07,1.64759296880583e-05,7.09386364894159e-07,-7.69050469296616e-06,-3.39717622297332e-07,9.94014793431492e-06,3.55447709408979e-10,-1.50522278205504e-05,-1.32095773732097e-07,-6.00664790189611e-07,-2.0464174238907e-05,3.28550662644653e-09,-6.30124579296045e-08,2.28737581188151e-08,1.50365082036983e-08,-8.30730828246543e-06,-2.11409099972504e-06,-9.86745656914898e-07,1.25180674609477e-06,2.79168319949907e-07,1.1999846110986e-06,-3.69973390226998e-06,-2.12492583471201e-07,-2.0159349108198e-05,-1.16985298779667e-07,-4.46847615135962e-05,-8.36945912724306e-06,4.55283225170377e-07,9.47414151759124e-08,2.89709051635781e-06,1.06990366562752e-06,-0.00012316126159418,-1.116848022498e-08,-4.94561876822031e-06,-4.86727789357467e-17,-4.69388384931871e-08,6.71259859284096e-07,-1.37607915702266e-07,-3.5538030648725e-07,-4.79739947840109e-06,6.6354150817967e-08,-9.42953728830872e-07,4.1968216214987e-07,-1.3922964375969e-06,5.21796104608614e-08,-1.05703205820218e-07,4.30343372491095e-05,-2.83014380117541e-08,3.1311288514444e-06,-0.000162295054388519,1.07358242238294e-08,-7.05869205425667e-10,3.36943858607046e-08,-3.19013150571568e-08,5.02397866563795e-07,2.22068874887503e-05,-4.26068562198288e-06,5.47411540137078e-07,-0.0010120755101186,7.97740056365101e-06,-5.44146888946665e-07,3.489145846457e-05,-3.27482312908927e-06,7.63802759316408e-09,6.64629458603091e-05,3.22799750494567e-07,2.65634713164307e-06,7.02853667468975e-09,-0.000256953449792886,1.85143128858158e-07,-2.37278797675367e-07,3.74969519771067e-07,-7.24270692711715e-07,5.61811191342731e-07,-4.10126226962134e-08,7.82999946992415e-06,-3.39746970126265e-08,5.5760325576422e-06,-9.19634632575309e-17,-1.36360135906835e-05,-2.34814597156791e-06,-1.4457807497357e-11,-1.26093371345381e-07,1.84992587357198e-07,-1.14513064736772e-07,-3.24937128474337e-08,3.74482379595522e-09,-1.67051594642566e-07,6.31411810826324e-06,2.3279026988855e-06,-1.79923591229752e-08,9.59621389003033e-06,-3.21759474336864e-05,8.66607535093141e-07,-2.65106451897023e-05,2.18186241591773e-07,3.80903592914805e-07,5.87725128888311e-09,1.5631154516034e-05,-1.99839497204737e-06,8.82044212726666e-09,-2.7534617309607e-06,3.21127839093669e-07,-1.16461008432584e-06,8.40039409909062e-07,7.46788667282056e-06,3.77875712999373e-07,-1.19836346572952e-07,-7.77440572923548e-07,7.84379923725531e-08,-3.60975676653147e-07,1.00403619731184e-06,4.01776959844315e-06,-3.08289693738674e-05,2.59030368140477e-17,5.3544276401241e-08,2.90205561950389e-07,-2.82243314358131e-08,1.50681113049599e-05,1.61681003788582e-08,3.93706355561285e-06,1.55795140500812e-05,-1.20552009171623e-06,5.14122678715778e-06,1.69989601885466e-16,-6.56506175115534e-05,-2.94237335858066e-09,-1.29866981609591e-06,5.491135684009e-08,1.01359761642193e-06,-6.71034489640596e-07,-1.11861350455815e-05,3.00534034910486e-06,-3.05989454888647e-07,1.99018854108113e-05,-6.59876558560984e-08,-6.48977451800362e-06,-8.88330612711972e-09,-1.41453384907577e-09,-2.05165139269401e-05,1.40890880307769e-07,-0.00144020107918306,-1.4203304306382e-16,-4.75049023969812e-07,3.85942389623467e-08,1.11262961440252e-09,1.09004177169569e-08,-1.68629032653678e-05,-0.000530980460274864,3.22736105052246e-07,-1.27300949588012e-06,-8.65114959694289e-07,-1.62063903790614e-16,-1.84347185344364e-05,-6.95609732688178e-08,-5.9051890422292e-05,1.28918775965754e-15,1.46669082258454e-05,2.91010130450124e-06,-6.44084865099628e-07,-0.0162986423145172,4.7255881808219e-05,0.00207992721769178,2.56699070416932e-06,-0.00041892846304952,-2.05181331520342e-07,-8.19716920334873e-09,-7.3932250433117e-07,-2.10950459925552e-08,-1.27671610370782e-16,-4.62385008286009e-09,2.23023805272171e-07,1.37604423444861e-07,-1.16586213096087e-06,-6.45576188252662e-17,-3.24388785452e-08,7.03106037416379e-09,-8.36240362771863e-07,-1.21710840860206e-08,-4.50092873026407e-06,4.52721944216729e-08,-6.24564303474009e-07,3.5826001552209e-06,-3.59591230708594e-18,1.3413348505114e-05,-6.37545287148064e-08,1.86090697826262e-07,2.01359302796476e-05,-2.64811784187853e-08,-5.81821002124706e-08,8.67361737988404e-19,9.24901845781392e-17,-5.34086287179235e-08,-3.62454492735067e-08,4.78545676682847e-09,-5.32692601926286e-06,1.4933939809267e-15,-4.36546011144761e-06,-5.18236008837117e-08,-2.99872035329732e-16,-1.26729010593801e-16,4.99398886610629e-16,6.5701488739811e-06,1.79640612210143e-07,-1.99468040096714e-07,6.14273901240137e-06,8.73729173412522e-07,1.64719558887345e-07,-7.16371195532683e-08,2.0819334453948e-16,-1.65351214467862e-08,4.76377406790281e-08,-1.19966115962845e-16,2.9880070014488e-16,-3.54370196943155e-08,-2.19860005249965e-09,-2.57820280945334e-08,7.42646017530727e-06,4.62208308853265e-08,-2.11704027153723e-06,5.05793285771834e-16,-9.49273388283698e-07,8.88899481957539e-16,-0.0164727966208997,-3.58526684902938e-15,7.36356069512364e-08,1.08718227584939e-15,-1.05795795022541e-07,-2.37373873689171e-08,-1.09532741214272e-05,-8.82366830366411e-08,-2.35913195500593e-09,-3.39898026458863e-10,4.5719709507666e-09,3.07876037408841e-09,1.4796566966412e-06,5.38235735843356e-08,3.52198706138408e-09,-1.09361525659295e-08,-2.10059647994484e-06,-2.98375823880445e-07,-5.70390728542023e-09,-2.43416670030605e-17,5.45284320210052e-08,-9.46733574654179e-09,4.75365092895755e-09,9.44133183387172e-16,8.66614344621047e-08,2.37370941046384e-07,7.44745889400953e-08,-1.06085383331821e-15,-1.78460454149564e-08,-9.55930825333725e-07,-1.01445658044919e-15,-1.15706718379305e-08,2.03496123254207e-08,3.37139059491664e-16,-3.60850952458551e-16,-6.52492594470154e-10,-3.63478347933189e-07,-1.929059891551e-09,-2.43438169975563e-06,5.13729415519548e-08,1.3146910028521e-09,2.19139350739889e-07,5.20588148542146e-09,1.04179063198255e-08,1.8287238043313e-15,-1.26917508356666e-11,-1.06645695061181e-09,-4.35683265909076e-09,-3.23317761920372e-06,1.99731441584516e-16,-3.48979557853185e-16,-1.08750726766093e-07,-4.23566164480549e-16,3.93706216815772e-15,-3.6022775082191e-08,6.05342336130109e-08,1.1363808962846e-08,6.25215232151511e-06,-3.90226576034932e-07,-1.02661553240008e-07,-1.37225886578281e-07,-3.98535318382606e-16,-1.90335125293862e-06,-5.69319417603103e-08,-4.57048890464239e-07,2.94209066482444e-08,-1.48818588501867e-07,1.32303129052325e-15,-3.27668018891631e-16,-3.36853431799099e-15,1.96379603399303e-06,1.05245136417201e-08,6.9087944267509e-07,-1.6301161774463e-16,9.61808207691844e-09,6.5687556545258e-15,2.31529241384162e-15,-3.84965564609503e-06,9.78051504378668e-07,4.45542040761193e-15,1.11109610661261e-05,1.88126546420276e-07,2.29994210589738e-15,-8.22389838734355e-07,-4.54267250554885e-15,-0.682938509743725,1.38792633753476e-14,0.0277616364274516,1.5932663364491e-05,3.9990916746282e-07,4.67552263092089e-05,0.000191818876382949,-2.22281874736225e-07,3.96055721599729e-06,2.09806722976725e-15,1.62020582396449e-06,-8.88122381910011e-08,-2.24506699052379e-15,-1.12775942521356e-08,-2.16133251512239e-07,4.77756980481417e-08,-4.09569579935674e-15,1.336038158833e-07,1.72903662279893e-07,7.19649150168561e-16,-4.67359172142269e-06,-3.50611015620173e-06,-4.61972482956271e-09,-1.12402126884047e-15,-1.06957484500552e-15,8.57114881495961e-08,8.8924480431664e-06,0.542510367986073,-2.11972162202646e-08,1.70596949946227e-06,4.09803503609442e-15,-1.31065258215546e-15,0.000262576783491682,1.00009017909439e-08,-3.22393066083142e-16,1.45323392645352e-05,-2.67533960073649e-16,4.20218861407975e-08,-6.96531779779106e-07,-9.306998901181e-07,-6.14088934033249e-06,-7.66064315900068e-16,-2.15061021189029e-16,-4.17224228290996e-16,-2.50420388020456e-16,-4.54454924550482e-09,-1.57130758962998e-08,-5.4582655872479e-16,7.62481443187731e-16,5.55639173439884e-16,2.18665049563338e-08,1.9556041163655e-10,-1.06322898908193e-08,2.70173834519946e-16,2.3727222443759e-15,-1.34896434300646e-15,-4.39160103183698e-07,1.34235033218324e-08,-1.39719617210229e-15,2.32994121145574e-09,-6.07834928616606e-08,-5.34655235080743e-16,1.1803021755571e-15,-2.53985599089644e-05,-4.31083877860226e-10,-0.00170161391273314,-9.94516760905262e-16,2.17990082161373e-08,3.52592158434767e-07,3.77030732660263e-07,-1.39586629017402e-06,-8.26378359966744e-08,1.33921506200838e-09,4.18816712897542e-16,-3.41633738990564e-16,6.08046666360288e-16,2.48163139357085e-08,-2.24605623526627e-08,-8.74643914854603e-07,-6.53858836710416e-09,5.25766602313404e-16,-9.58120911067919e-16,-1.73636017598797e-16,-1.86396272520565e-16,-1.53868608653794e-15,3.07455692196074e-08,3.13629871169341e-16,-5.06686394483363e-17,-8.69065287235319e-07,-6.50003137802358e-16,-2.64557526837758e-06,2.03171341983836e-16,-5.67967239108558e-07,2.74215019460542e-16,-6.81392737694597e-07,-1.44326639572179e-07,-7.48305308337646e-08,2.26339517958553e-17,1.5638484785081e-05,1.99019520823936e-16,4.08102562971558e-07,-6.42701812056759e-08,3.55529750417721e-10,4.03298966575838e-18,1.95047839907515e-06,-6.65568357434833e-16,-1.39667340996822e-07,-7.12824696808958e-08,-5.91358141727515e-16,-1.28853082286458e-16,2.08569110439556e-16,-1.11687140533095e-16,-1.08345428016741e-08,-0.000765614796833505,-1.19734365613939e-07,1.35488488072682e-16,-8.7195249877791e-17,-7.23166772237923e-09,5.89761455711043e-08,-1.40032187684233e-15,-2.26565099451934e-17,-1.16705159641455e-07,1.03771266796997e-16,-2.25753094070776e-06,-2.64867423147103e-16,2.05838877686625e-07,1.96639316151427e-16,-8.16974995620469e-16,3.28207522334534e-16,8.04842801665496e-16,1.32384396934237e-16,7.02971239630447e-16,3.9210201528264e-09,-2.7419077633909e-08,-1.6528735304054e-16,-1.815018575671e-08,7.61633968008084e-07,-3.25549171761197e-16,-1.79967661124139e-16,-2.65181333573421e-16,1.1213967238422e-16,6.96227873139406e-07,1.8849271137303e-07,2.15739039488989e-16,-4.13961509499681e-17,-1.35338585867924e-07,-4.37081527726917e-08,-6.6136107885761e-10,1.7913089670272e-16,2.81855280244932e-16,4.97010662675592e-17,-1.26815085805105e-15,-9.18721444804081e-17,-5.07632181332004e-17,4.46044326768847e-06,-9.1037050964812e-07,-3.34725242233011e-05,3.50201064420941e-17,-2.88191814275119e-16,6.06586784974858e-17,-2.56587789971646e-16,2.62100429568662e-16,-3.331129238764e-16,-3.1741744863954e-16,-9.27626539523628e-17,2.31935880004026e-16,-1.19378019542203e-16,2.27350345449666e-16,9.94193610436949e-17,-2.67989900227351e-16,-1.96458867361642e-16,2.51748792129204e-09,2.46658415250108e-16,-6.69102163823499e-17,-3.05789249763986e-16,3.55789642262227e-08,-4.39828913937956e-08,-3.28764705701543e-16,-9.1769849085442e-10,3.24332517052048e-08,-2.51385319858835e-17,9.0572851411818e-16,-6.23922448171987e-08,-4.63367756323505e-16,7.94411806216025e-10,1.49744227812065e-16,1.52420146927171e-16,-4.37744506705027e-17,-7.91009077898523e-17,7.93620660605244e-08,-1.06249503223783e-07,1.97073690241087e-16,-1.02279482186813e-16,-2.35020640851507e-17,-3.49784102679304e-16,-1.12811236047117e-16,-7.91358921713092e-18,3.4327120209086e-17,2.29899717261441e-16,1.26054278668951e-09,-2.45036369846906e-16,-1.52831220499282e-16,-1.05637646013269e-15,-1.22145960873131e-16,-3.73685764452085e-16,-5.88828690449135e-16,-2.73274818356239e-07,-3.9130642048966e-18,-1.81572892581568e-16,1.8476754973643e-08,1.01916109979954e-15,-1.13264002511973e-16,4.52095828375759e-17,8.57267481966097e-17,1.53164224498163e-08,-1.18419996376203e-16,-1.15474615719718e-06,1.10200178034016e-16,9.82136263239675e-17,2.72618217322465e-16,1.13951554152358e-16,5.07315757597156e-17,4.91548535504939e-16,1.82557288163131e-08,-1.15355795897919e-15,3.15019992104143e-16,2.30144840888134e-09,-2.27476483599784e-06,1.98503894595185e-17,3.90982769312265e-07,8.99497622873749e-07,-1.51540466666466e-17,2.39473213229781e-16,-2.36954596483038e-16,4.00287481049439e-17,3.80998428664062e-16,-1.50014753407226e-06,7.25069693658552e-17,-3.87374213735636e-16,2.99707380325801e-16,2.02958921762431e-06,1.3583834062022e-16,5.15058544296518e-17,-9.87291820210033e-17,-2.45614850965371e-16,-2.7253379862279e-07,8.77482950780025e-17,4.74302209072943e-10,-3.12841867970752e-16,-5.22003351431774e-16,-3.04187207474289e-16,2.1373576348639e-16,-9.64196638557349e-17,1.7954061291098e-17,2.0767302213208e-16,-8.20341756322676e-09,-3.00083201255305e-16,-1.97015600809256e-16,3.44617160378552e-09,7.57454723904204e-17,-1.47520808903383e-16,5.71881677889848e-17,-8.97649446632006e-17,-3.36857625968755e-17,-1.69674610086323e-16,-2.49236905381025e-08,-1.67205192835219e-16,2.88658514756899e-16,7.41387257409082e-09,1.77821776653973e-16,1.11630455453873e-16,6.14182814390269e-17,-5.69482705091193e-16,1.46464274689857e-16,-1.24088633799422e-16,2.80896563149157e-17,3.52950992533026e-17,-1.68755451312516e-16,4.00167041409268e-16,2.12382436876077e-17,-3.87518239811721e-09,1.2844727506066e-08,-6.75614505011844e-17,-1.44855291751791e-16,5.86836807716547e-17,-5.64329450185898e-17,2.34567140017239e-16,3.31141316869731e-16,-1.65570715895567e-16,-1.59263165728245e-17,-1.22159335329705e-08,-4.96245385997271e-16,-1.0363356031195e-16,2.7042428243032e-16,-1.77078147551456e-16,1.41953641110115e-09,1.26609006661636e-16,-2.24656214211532e-10,-1.1906723508107e-16,-1.824009632139e-16,5.75264733883346e-17,1.55407328314704e-16,-8.95251116438619e-17,2.46781383025526e-16,4.98743271051725e-17,1.33056930645346e-16,-2.33512490863101e-16,-7.35917145270587e-17,1.01789814613565e-16,3.39963433035103e-17,1.33596244015966e-16,-7.37120681217599e-17,-2.41877794017851e-16,-1.1075966790083e-16,-8.16434578325254e-17,-3.42955150090841e-16,4.01537981823564e-17,2.53384816547302e-16,7.63386749647044e-16,1.03676408316104e-16,-6.30769876165707e-18,2.43839957876207e-16,2.60518395609515e-17,1.82587466180158e-08,3.97998322902387e-16,-5.35834554171105e-17,-3.88480349107227e-17,-6.53185044748921e-17,8.56753285550154e-17,3.87706282336543e-17,1.33878776753812e-17,-1.58294190867433e-16,-8.65434174817568e-17,-5.73327479636182e-18,-1.83338587367299e-16,-2.14567561588721e-16,2.19811382396123e-16,-3.62363516849175e-17,-5.6050445193671e-17,1.82010693301598e-16,-3.45090762323341e-19,-1.38217269636876e-07,7.45575842314907e-18,1.9153332946017e-16,2.3954714671446e-17,2.79347961347426e-16,5.00571403030328e-17,4.50223148667871e-17,1.68308944817068e-18,1.85236906889786e-16,-2.12333519441175e-16,3.15622389417905e-09,2.22052139388913e-16,8.51871416672146e-17,7.11326880505188e-17,-3.98814268115452e-16,2.86648965227529e-17,2.56406542075061e-16,-3.75153401739131e-17,1.34160065815555e-16,3.69150169102674e-17,5.29928450841627e-17,3.59230114207269e-17,1.11808344750908e-17,7.60237084533676e-17,8.36084504544612e-07,2.13207071589163e-17,7.99101928750214e-17,1.81519486640919e-16,-3.63099307565395e-16,-4.34193002332017e-09,4.58061886394141e-17,-1.79754264875106e-17,2.19805370672161e-17,1.36974805506302e-16,2.378791689053e-17,1.75052283534596e-17,2.41574063020236e-16,-9.51344184634116e-18,1.04943890367351e-18,-6.80237510425398e-18,1.43498952454497e-17,7.9192705434966e-17,-7.96182131174022e-17,-1.24727913440595e-17,2.79503228404715e-17,7.20991026906711e-18,8.96595988531223e-18
"t205",0.0353735752729833,-0.0102745487969697,-0.0112231319276065,0.000649584800710457,0.00586799813937241,-0.0155233493110889,-0.0021800061114144,-4.58079942781343e-06,-0.0391328290138669,-0.0173068917580329,0.126763371503957,0.00212162253756426,-0.00412117918722897,-0.000866475819640417,-0.0233530817765461,0.000548164076559991,0.000359356095539828,-4.35483489582444e-05,-0.0202789300143439,-0.00783880203882509,-1.39069434344213e-05,3.6773818377693e-05,-0.0207192605885842,-0.000681921934467853,5.27968982744024e-05,0.00172252044386618,-0.0305009510241041,-0.000366455731982397,0.000672542712717605,5.65908063676602e-05,3.75583071622017e-05,-0.000379202575090935,1.83504911188985e-07,-0.000565101991102964,0.00150691276291705,0.000612240941759697,3.17270596593935e-05,-0.000136747065413951,-0.0349737135176906,-0.228717575748331,0.000500901001955502,-0.0142961109922789,1.22951247329669e-05,-0.000872409670327898,3.96785591149566e-05,-8.67274727436555e-06,1.67486407144748e-06,-2.60231641230854e-05,0.00320847298757048,-0.00538465467275531,5.65546803537359e-06,-8.16645028653023e-06,6.2558450348376e-05,-3.54436289147844e-06,0.000320696055917104,-0.000246299296715931,0.000109325543077389,-0.000131285048576708,0.00114173347418812,-1.83244507387107e-06,-1.68367960013958e-06,8.65943643187565e-05,-5.05424685160497e-05,3.76021337561471e-05,-0.000677299007596424,7.05802138587755e-06,-4.35223700228588e-05,0.000131524843149184,-3.16254109274257e-05,0.000141288564775871,-1.16242806073625e-06,3.03668919351789e-06,-1.04123617886088e-05,-6.65315003791916e-06,2.79144633918347e-06,2.35627479440551e-06,-2.40228878262121e-05,3.52580353003293e-06,-0.0015954226402138,-9.84166112553694e-05,6.63004597375015e-06,0.00051639809800372,-0.00124428302761203,-1.80555589426616e-05,0.000166173840104941,4.37154290178447e-05,-6.7022807482245e-06,-0.000115032579783845,-2.15160463330249e-07,8.65745096593432e-06,-8.75096785942041e-05,4.90787965133806e-08,3.39029604343184e-05,-2.9873668701162e-05,-6.10553005873725e-06,-7.16782756478551e-06,-8.42512720926323e-07,4.53569222916192e-06,-5.11527195843346e-05,-0.00109162537221981,-2.40447575249348e-05,1.60346322302964e-07,-3.38923513068543e-05,6.24817541885173e-05,-0.000137300534141193,2.73999150422612e-06,-0.00133369530236962,2.41694914884276e-06,-0.0210935250813366,-4.57877589670136e-07,-1.03590345096068e-05,-3.43173525170969e-06,8.31059191225606e-07,1.11680892922953e-06,-1.31887015773399e-06,1.80274756685389e-06,-0.000342839989553272,0.00038877855725327,-3.52937807433379e-05,1.30259444602353e-05,-7.57070158636768e-06,1.63993399570608e-05,-0.000249354634620362,-0.000247833194971688,1.22663857805651e-06,-2.79056480996856e-05,2.91806867808728e-06,-7.59668994227746e-05,0.000110987356441584,0.00389384644304484,3.06821831948741e-05,-0.00036551977917588,6.47424889864687e-05,0.0796427945501846,3.82578203239553e-07,-0.000217532284058182,0.000159572314329205,2.9439634535574e-06,-0.000104586881920093,2.79080459692693e-05,0.000132928083003386,1.71539497087534e-06,-1.57833554903803e-05,-9.54116871025465e-07,-5.49971988693723e-09,0.000150568727632363,1.37676580378363e-07,-2.81784758852451e-06,-8.39888348398525e-08,-7.05184263148035e-09,-9.83377931428747e-09,-7.54683304111198e-07,-1.21282024887184e-08,3.34863513527408e-06,-1.14073310220176e-08,-1.88016065335631e-07,1.0126082616158e-06,1.07221451366098e-06,1.00155449499731e-05,1.4897477463201e-06,2.05504900620404e-06,-3.21460995100678e-07,6.49588075123155e-05,5.20520561971498e-06,-5.39991732520156e-06,5.94796836970179e-06,-0.296049889483754,0.00529743839181891,0.266120157453076,3.35383866500247e-06,-3.48880327399363e-05,-6.12503371635831e-06,5.83263032312674e-07,0.000332589791597032,3.11550564526311e-06,6.21136212414914e-06,2.69373682844142e-07,-9.1138599615777e-06,-0.00037867467855474,-4.26741423453977e-05,0.000175093042268909,5.11463552728698e-05,-1.11828662653924e-05,-4.71372404465982e-08,-1.5316777946998e-06,-9.39672062569875e-07,-0.010014210823495,0.00630615038131757,0.0332107642344768,0.000150805257043562,0.00027986042449166,-0.000125765191782299,-3.64920100076693e-05,-4.19414947201352e-09,-3.50214094020331e-07,4.46701101431704e-05,2.60179426833592e-05,3.51064631645448e-07,-3.49453314143574e-05,-3.36511340744846e-06,6.73347022336559e-05,-8.5835322189532e-06,2.3091506418599e-07,1.48218109902843e-07,1.68538244421034e-05,7.25702293393752e-07,-7.86889217050676e-06,-3.47643932425978e-07,1.01756800629771e-05,3.64030671055452e-10,-1.54211961917843e-05,-1.35348737859248e-07,-6.1576500722377e-07,-2.09844942218394e-05,3.36906830832388e-09,-6.46292104951692e-08,2.34737312280995e-08,1.54325729501079e-08,-8.53104461418203e-06,-2.1719013289502e-06,-1.01386992176907e-06,1.28696095911407e-06,2.87047843406322e-07,1.23404156937965e-06,-3.80650723232643e-06,-2.18645690554166e-07,-2.07435797411284e-05,-1.20437412907216e-07,-4.60177887442392e-05,-8.62215711901162e-06,4.6910442587757e-07,9.76336978798535e-08,2.98599819624188e-06,1.10278621232767e-06,-0.000126998497386832,-1.15194013965037e-08,-5.10243756986592e-06,3.70774957383758e-18,-4.84467036076543e-08,6.92879402577722e-07,-1.42119631881021e-07,-3.67191990117751e-07,-4.95863965278996e-06,6.85857987471896e-08,-9.75326534559307e-07,4.34140006022705e-07,-1.4403362963984e-06,5.39936575290791e-08,-1.09396767792494e-07,4.45520675178323e-05,-2.93036644383087e-08,3.24219746245731e-06,-0.000168105307036409,1.11351282488352e-08,-7.32476677239597e-10,3.49786436472007e-08,-3.31467042411321e-08,5.2204418299758e-07,2.30898243592622e-05,-4.43166431016173e-06,5.69669701953812e-07,-0.00105340062432628,8.30457010654566e-06,-5.66599789928714e-07,3.6344180102719e-05,-3.41131165492842e-06,7.96368305653444e-09,6.9298135016616e-05,3.36577829843301e-07,2.77042610608418e-06,7.331072508302e-09,-0.000268094208971124,1.93181218001163e-07,-2.48036796545603e-07,3.92051129402809e-07,-7.57388782500172e-07,5.87722809066865e-07,-4.29172409619111e-08,8.19929663616284e-06,-3.55843061337893e-08,5.84114617076606e-06,-2.11217309525231e-18,-1.42922880161584e-05,-2.46133876660807e-06,-1.51583171442381e-11,-1.32279207145645e-07,1.94164137976924e-07,-1.20218843070417e-07,-3.41167657595823e-08,3.93791219271484e-09,-1.75682608884796e-07,6.64052798982031e-06,2.44936852365651e-06,-1.89562169831058e-08,1.01126301344763e-05,-3.39129635037943e-05,9.1388115600153e-07,-2.80152718813304e-05,2.30776544758444e-07,4.02904646024994e-07,6.21682059937974e-09,1.65720130674648e-05,-2.12449891066728e-06,9.38039879525357e-09,-2.92981102593504e-06,3.41916287704799e-07,-1.24025025202531e-06,8.96118339002155e-07,7.96745673461991e-06,4.03250114785886e-07,-1.2790428484642e-07,-8.30229852835828e-07,8.38145454814189e-08,-3.85935927443307e-07,1.07372726023289e-06,4.29845758224288e-06,-3.30126669214173e-05,2.92204973291597e-17,5.7670037548642e-08,3.12755603377333e-07,-3.04452280443582e-08,1.62542216623355e-05,1.744129899732e-08,4.24805507669371e-06,1.68173283806268e-05,-1.30196510450386e-06,5.55835766426336e-06,2.50588027549724e-17,-7.11516889921608e-05,-3.18991438389318e-09,-1.40886907417539e-06,5.95756640163653e-08,1.10154528937853e-06,-7.29946370023034e-07,-1.21846398593301e-05,3.2766901326962e-06,-3.34309402102668e-07,2.17863356572149e-05,-7.2327625737427e-08,-7.11844969974198e-06,-9.74825943668059e-09,-1.55352404489326e-09,-2.25344599080358e-05,1.54838272347408e-07,-0.00158348992813969,-3.56577876693563e-17,-5.24121713034565e-07,4.26123169664557e-08,1.22847513298775e-09,1.20609039701099e-08,-1.86642317457253e-05,-0.000590095324568268,3.59094430117051e-07,-1.41675810577288e-06,-9.63673888739542e-07,2.34059662904672e-16,-2.05563031751939e-05,-7.75968059123599e-08,-6.59709045419e-05,1.31897656368531e-15,1.64120064314926e-05,3.25761006432941e-06,-7.21142968254655e-07,-0.0182562101499571,5.29688026032611e-05,0.00233261473096065,2.88005292017401e-06,-0.000470606244359443,-2.30526234192593e-07,-9.21771941208162e-09,-8.32654878473244e-07,-2.37599841371906e-08,-1.3370491074624e-16,-5.22416368275986e-09,2.52117319836299e-07,1.55744869509028e-07,-1.32203967204428e-06,-3.07367312025872e-17,-3.69379148763783e-08,8.04536504469188e-09,-9.59047190802963e-07,-1.39734437981782e-08,-5.17416164508696e-06,5.21713705751476e-08,-7.22688402392969e-07,4.19015881567784e-06,2.5982306377245e-16,1.58502837516179e-05,-7.54079707644185e-08,2.20540624203117e-07,2.39302235203517e-05,-3.14779441586383e-08,-6.92158859703066e-08,4.0766001685455e-16,4.47670518143947e-19,-6.38364261136635e-08,-4.3505523997269e-08,5.7470719773591e-09,-6.42242730101729e-06,1.9095280561305e-15,-5.3106178311386e-06,-6.33069952144714e-08,1.88534509751465e-16,6.49824187748587e-18,-1.70824604738481e-16,8.13795084299357e-06,2.22921673629838e-07,-2.49164761926036e-07,7.71795401273062e-06,1.09854806094591e-06,2.08448589730472e-07,-9.07242701735907e-08,-6.67132424662343e-17,-2.12362428334509e-08,6.15022699620279e-08,-5.28601899416177e-16,-3.96746234700471e-16,-4.67739201016023e-08,-2.91874367229615e-09,-3.4502093935277e-08,9.99372114972054e-06,6.28950704447624e-08,-2.88612314667535e-06,1.75910369073763e-16,-1.29745552316029e-06,2.90511803363321e-17,-0.0226861967417915,-3.72315026031522e-15,1.01997271390368e-07,3.8241494227005e-16,-1.47659315492549e-07,-3.31822296484959e-08,-1.56501470287671e-05,-1.26700219069457e-07,-3.39464545158595e-09,-4.93706407120851e-10,6.6974225907766e-09,4.60556260494428e-09,2.21386995045391e-06,8.1083364730534e-08,5.37533789364156e-09,-1.70038230400082e-08,-3.32112041826241e-06,-4.78363837377842e-07,-9.21007450684172e-09,-1.73050456546636e-16,9.01233834280811e-08,-1.60337025629116e-08,8.73852064396191e-09,1.08493554645248e-15,1.63861312210235e-07,4.70599034328615e-07,1.50974085652349e-07,7.66854460583464e-16,-3.66139767794521e-08,-2.06520946433275e-06,-1.89144096262952e-15,-2.57103431714125e-08,5.65131260459391e-08,1.65982222603593e-16,-1.24504217839399e-15,-2.05499527687867e-09,-1.15961840831343e-06,-6.56600320259901e-09,-9.03669311809564e-06,2.46781429227387e-07,6.49409444421283e-09,1.12835893782992e-06,5.575306699518e-08,-1.34825652188876e-06,9.55724215045972e-16,2.46048166037447e-10,1.79311781632499e-08,4.94622702667535e-08,2.5976056863738e-05,-6.1934338026838e-16,-2.18669450905337e-16,6.10382371937626e-07,-2.18608966686605e-16,-1.29160999753189e-14,5.38408313212434e-08,-7.60793955340292e-08,-1.42309535146415e-08,-5.42486510902023e-06,3.22242486547033e-07,8.3881936984297e-08,1.04681077367939e-07,-6.12309601483318e-16,6.52353375097511e-07,1.5868506560481e-08,1.18368911946614e-07,-4.98821391052034e-09,5.48356199673494e-09,1.8579433747468e-16,-1.51562575391042e-15,9.0859748196248e-16,2.08322138723461e-07,1.63582914373072e-09,1.09807523926236e-07,-3.7442142382983e-16,1.93095834130511e-09,7.55465808340554e-16,4.45088550801001e-16,-1.3066577846666e-06,3.33319442261131e-07,-1.88672862055927e-15,4.07014494260758e-06,7.14903823808235e-08,1.04702953301381e-15,-3.33570944454238e-07,-4.50176565801602e-15,-0.295403245930708,3.61647349951538e-15,0.012070031376876,6.95425276797921e-06,1.75312556833706e-07,2.0618752626537e-05,8.56871404634854e-05,-1.03631051695974e-07,1.93406976745297e-06,-3.7224002975306e-16,8.21255246005474e-07,-4.51321203229612e-08,-5.08728953450122e-15,-5.74764400373724e-09,-1.10565498920855e-07,2.44756451125905e-08,-1.92890522528162e-15,6.74677239692396e-08,8.66089969495075e-08,3.46237952557972e-15,-2.30614225261222e-06,-1.71341174046554e-06,-2.13509733917032e-09,2.00005982315508e-15,2.62476096313441e-16,1.8379424980474e-08,-5.66294213704854e-06,-0.817447020611355,-1.8087247374931e-08,1.42142791349455e-06,-8.4668555212575e-15,2.24267948377742e-15,0.000216131050308365,8.2207729451809e-09,-1.26113052113885e-15,1.1770327012535e-05,2.22210368883454e-15,3.36986563235492e-08,-5.53562140550778e-07,-7.39305499944319e-07,-4.86951927740577e-06,9.59093591052737e-16,4.30569086804195e-16,1.38858949761755e-15,6.22218093963834e-16,-3.57667822833512e-09,-1.23645465906787e-08,3.74137391338594e-16,-2.00228877885819e-15,3.76145281742294e-16,1.72029408144641e-08,1.53866958417564e-10,-8.37003399493344e-09,-6.89102889193509e-16,-4.70803951380105e-15,1.1759798863864e-15,-3.47386064398168e-07,1.06206206824901e-08,1.63287928110829e-17,1.84827373807901e-09,-4.82719506464592e-08,1.13110466828101e-15,-1.52633435046918e-15,-2.022629187604e-05,-3.43373209567087e-10,-0.00135767855362089,1.15764601225091e-15,1.7442956836878e-08,2.82587742561802e-07,3.02856246136586e-07,-1.12472718879026e-06,-6.6641239194792e-08,1.08165842468151e-09,-1.32124118491143e-15,2.58572949033012e-15,7.69851978709565e-16,2.02196453902954e-08,-1.83026619940115e-08,-7.13509110901815e-07,-5.36302226385758e-09,-8.67644175675582e-16,-4.33454054878395e-17,7.75829524283633e-16,8.38319284758067e-16,-1.25220516911085e-15,2.53569203656833e-08,-1.28652773463906e-15,-1.85762064741446e-16,-7.18254186522274e-07,6.43470802111981e-16,-2.18672488856197e-06,-2.21766693409976e-16,-4.69546366592817e-07,-7.38330810485111e-16,-5.65326599507901e-07,-1.19842406139124e-07,-6.22145237036695e-08,1.33043539245636e-16,1.30219467210294e-05,-4.89045044711745e-16,3.40946478896367e-07,-5.39184209210646e-08,2.98319364417145e-10,-8.38969312495873e-17,1.63930101724052e-06,-2.2814301809843e-16,-1.17684287530741e-07,-6.00703185406873e-08,5.22407750218947e-16,-3.85572425194088e-16,2.66667301812478e-16,1.49943699631403e-16,-9.14912280363983e-09,-0.000646862627330844,-1.01225374980923e-07,1.22027695203869e-16,6.19311904436268e-17,-6.13158578390903e-09,5.00110575829375e-08,5.89020073447952e-16,6.48489126215421e-16,-9.93119067869894e-08,-1.6932792434144e-16,-1.92248325758001e-06,-3.31498688081475e-17,1.75655619180145e-07,6.65301379184335e-18,2.42401437774029e-17,3.97211857429839e-16,-4.56707494277456e-16,-3.32776065982124e-16,1.68303126840419e-16,3.35977566564141e-09,-2.34956034187978e-08,-1.33993955987174e-16,-1.55745442495244e-08,6.53926412683461e-07,-2.56683839787983e-16,-1.74563783093571e-16,5.79692414064065e-16,-1.03749029946942e-16,5.99218368694432e-07,1.62318945247188e-07,-9.33416238732029e-17,9.20916249066446e-17,-1.16617260160133e-07,-3.76650209487842e-08,-5.70073638337377e-10,1.50458173711344e-17,1.0565884629568e-16,6.65780810190602e-17,-1.11772648149058e-15,-2.71949937060697e-17,5.53405956090532e-17,3.8610840387971e-06,-7.88345624662267e-07,-2.89969455109311e-05,-3.68373600872213e-17,1.214377612197e-15,-2.83437294472135e-16,-1.25051288170294e-16,1.7170329189177e-17,-8.46060088714879e-16,-2.84636624630997e-16,-5.82569017248309e-17,-1.95229466433474e-16,-3.02493153160661e-16,-1.89228387329238e-16,-5.63401879763371e-16,3.09191512858035e-16,-2.78134335812688e-16,2.19433665360165e-09,1.20127021556528e-16,6.7769585777161e-17,2.8076499894771e-16,3.10361937945236e-08,-3.83739675158114e-08,1.77988120974599e-16,-8.00757868643968e-10,2.83270957479581e-08,2.82999338725076e-16,1.11099584164136e-15,-5.45564753586899e-08,5.54098289862717e-17,6.9561399145773e-10,-2.43216085831189e-17,5.0433591694957e-17,9.37248558096047e-17,-9.98411923145619e-17,6.96416244932473e-08,-9.32492133334491e-08,-2.92549671655251e-16,-2.60918212805015e-16,4.07733960789424e-17,-1.66276324738427e-15,-1.56992474575901e-16,-1.95709332024242e-16,1.74320080292725e-16,-6.71096812555982e-16,1.11413360304305e-09,2.62295072805496e-17,2.1503768443211e-16,9.21433347987963e-16,-9.12438142674152e-17,1.26015921742887e-16,-9.89487810084741e-17,-2.41880558863571e-07,-5.98255660783691e-17,-1.56157349402317e-16,1.63583755342549e-08,-4.5037161858248e-17,3.34444033298517e-16,7.43877868423416e-16,-4.16757745333439e-17,1.36009485297365e-08,3.47661748542877e-17,-1.02594716680816e-06,2.0714320114756e-16,-6.31521877328382e-16,-9.71673580360148e-17,4.34755542046031e-16,4.40904308322962e-17,3.18462676864611e-16,1.62365866212764e-08,-2.10626518557721e-16,-1.24327186565827e-16,2.04853242322293e-09,-2.02486211400072e-06,3.84416892389408e-17,3.48266112527125e-07,8.01392815833788e-07,6.87618658124865e-17,-5.06631444825005e-16,-1.82664516996638e-16,-3.04031335601408e-17,-6.03938696175523e-17,-1.3406176007836e-06,-4.08367676566079e-17,2.83208606708635e-16,-2.92095362028579e-16,1.81514283805779e-06,-2.57337998627151e-16,1.98160767985877e-16,2.5372502417774e-16,1.20166992767355e-16,-2.43980928937373e-07,-2.84440940494271e-16,4.24739794698889e-10,2.6319219678474e-16,1.65006876335009e-16,2.99666697578941e-16,-2.28067143438941e-16,9.9146195681568e-18,-2.8135467492448e-16,-1.60374610345999e-16,-7.35788274671177e-09,1.53464540181252e-16,-8.1851150745423e-17,3.09217151122783e-09,-5.44414147143666e-17,2.39620089667823e-16,2.13209398944578e-16,4.15140239523791e-17,7.29290350321841e-17,2.71936490732277e-16,-2.23904131684764e-08,2.6977648509078e-16,-3.82483235021371e-16,6.66386190200154e-09,-4.8879004261541e-16,-7.8886834013541e-17,-2.59137592218691e-16,-1.13273330887932e-16,6.05953425385878e-17,-4.46414083156557e-16,-7.78304531981455e-17,-1.55197413130192e-16,-2.07676230854225e-16,-1.87191775122993e-16,-1.1681772017905e-16,-3.48987359999548e-09,1.15702092494704e-08,-1.75863767969167e-16,-7.36715709602178e-17,-1.9671984851552e-16,-4.81174026700321e-16,-3.49709410735199e-16,-1.11156638771431e-16,1.36078706106469e-16,4.84276014990778e-17,-1.10167315824292e-08,3.46157841258334e-16,1.70110671925676e-17,4.75264796517868e-16,-2.08503484018045e-17,1.28143971689826e-09,-1.85185259253747e-16,-2.03021285419751e-10,-5.10434503005311e-17,4.04886769548418e-17,-2.10706695453413e-16,-1.53676673248556e-16,1.01182695218381e-16,-1.87109777265921e-16,-1.17397799977862e-17,1.59329310299579e-17,-3.63378396460822e-17,1.9867260782753e-17,3.22969615192113e-17,2.38364773339293e-17,-6.63857172884985e-17,7.80311365226063e-18,2.63513090059759e-16,-7.65030354920893e-17,-2.06951662123849e-17,1.42229908805306e-16,-1.02580138795705e-16,1.48877365680651e-16,1.04679719753475e-16,5.89886139574354e-17,-1.44967521835716e-16,-7.39583248145329e-17,4.67593201240159e-17,1.65637990099007e-08,-4.46470967929549e-16,7.86831055482162e-17,3.52777952949319e-17,-4.72578671242532e-16,2.89550165741313e-16,-2.60993021299902e-16,-2.26923593754426e-16,6.88854266637922e-17,6.86024826476721e-17,-4.17230861169596e-17,-3.29380620001096e-16,3.55756148727614e-16,-1.33888328599792e-17,7.65914165703865e-17,-2.43188575125133e-16,-5.33860581343847e-17,9.42753690495155e-17,-1.25694147463469e-07,-2.18234521469093e-16,-8.56295702485721e-17,2.60753946012147e-16,-2.12170224128643e-16,-2.77132979839957e-17,-1.83280354609797e-16,-1.72213917574923e-16,-2.69761756874073e-16,3.52361061627757e-17,2.87719268297912e-09,2.49358936725898e-16,1.69754561719973e-16,1.21082610830153e-16,1.64392702883616e-16,-1.94835040363694e-16,-1.16010548626636e-16,3.35087141802074e-17,-3.48775224990172e-16,1.64901568191719e-16,-9.79345965144004e-17,-3.73733140249121e-17,-7.65902412563691e-17,2.11075400844985e-17,7.63936847610574e-07,6.75236003205562e-17,-7.16964038721985e-17,-3.41785896683362e-16,-2.22695126228523e-16,-3.97139956136376e-09,-1.35098365642505e-17,2.23905961205114e-18,5.49023006795243e-17,-5.46858762710052e-17,1.23395546062692e-16,-1.47099942952363e-16,4.9383861258086e-17,1.51999048451852e-16,-4.54994944795166e-19,1.77997775726818e-16,8.54701052817347e-17,1.07039507975089e-16,5.37388366705727e-17,5.56061622582883e-17,1.40721665475305e-16,1.26220280947163e-16,-4.75327876214259e-16
"t458",0.0353783009252018,-0.0102774401771505,-0.0112263923111091,0.000649837638252599,0.00587079382355009,-0.0155320238010735,-0.00218124817841029,-4.5836165025984e-06,-0.0391612404686656,-0.0173221193223473,0.126904747507459,0.002124535036156,-0.00412700115817991,-0.000867718309802216,-0.0233880202083951,0.000549032279246104,0.000359938762518445,-4.36202303230303e-05,-0.0203131725003642,-0.00785317385792438,-1.39345067504996e-05,3.68616539009737e-05,-0.0207714981938714,-0.000683650933486798,5.29312858749235e-05,0.00172711199937612,-0.0305832070651395,-0.000367452790414672,0.000674421199661517,5.67771505839137e-05,3.76900967179855e-05,-0.000380592997889776,1.84225745134903e-07,-0.000567425699280988,0.00151342136061863,0.000615093509856526,3.18767305713761e-05,-0.000137402262311073,-0.0351424056567196,-0.229836940651936,0.000503421818739568,-0.0143697733072216,1.23594062011243e-05,-0.000876976283883841,3.98898214190456e-05,-8.72182200192823e-06,1.68451380030346e-06,-2.61743611082841e-05,0.00322755268095071,-0.0054174752464721,5.69106603031094e-06,-8.21861583695954e-06,6.29589169022387e-05,-3.56746595987041e-06,0.000322860207763312,-0.000247970004652157,0.000110136515080896,-0.000132281917790164,0.00115042674224092,-1.84719105134668e-06,-1.69778440367039e-06,8.73340284557395e-05,-5.09809404005243e-05,3.79296110036463e-05,-0.000683367270333918,7.12285247457071e-06,-4.39439516154198e-05,0.000132828632692787,-3.19422295060315e-05,0.000142730766855956,-1.17546384881043e-06,3.07308990460972e-06,-1.05384180449841e-05,-6.73533900711641e-06,2.82601673340695e-06,2.3857080107606e-06,-2.43239917904359e-05,3.57073515030461e-06,-0.00161651281795565,-9.97365616079341e-05,6.72115378441544e-06,0.000523531237329191,-0.00126212328355734,-1.83172981022475e-05,0.000168695995059613,4.43870900467095e-05,-6.80652331766198e-06,-0.000116825239001713,-2.18515229263287e-07,8.79261132957516e-06,-8.88821905065116e-05,4.98820450223203e-08,3.44599606065454e-05,-3.03771114540279e-05,-6.2128852123606e-06,-7.29465283189689e-06,-8.57424219597652e-07,4.61724194576886e-06,-5.20777613139474e-05,-0.00111179711766638,-2.4496821166518e-05,1.6336558267865e-07,-3.45316267327109e-05,6.37514907391958e-05,-0.000140105819111585,2.79620921585342e-06,-0.0013612629759244,2.46701091951883e-06,-0.0215320253344969,-4.67448556493578e-07,-1.05759549787745e-05,-3.50435792553908e-06,8.48668160651234e-07,1.1411250128199e-06,-1.34775025818773e-06,1.84271662746355e-06,-0.000350483274993895,0.000397577320011974,-3.61040258465721e-05,1.33281856412418e-05,-7.74742259390184e-06,1.67900669241774e-05,-0.000255373711211097,-0.000253818516518744,1.25631788122896e-06,-2.85898269844091e-05,2.98969083162466e-06,-7.78525267133127e-05,0.000113830433046083,0.00399362664676236,3.14704024633801e-05,-0.000375105297974898,6.64471101651782e-05,0.0817457825788492,3.92799476629103e-07,-0.000223353464075036,0.000163947806706288,3.02625615434635e-06,-0.000107586677725574,2.87090898196715e-05,0.000136760145230605,1.76495598249444e-06,-1.62409872792658e-05,-9.81818534512958e-07,-5.65940091501571e-09,0.000154982765478861,1.417900188691e-07,-2.90365181417021e-06,-8.65583310567587e-08,-7.26980811609407e-09,-1.01379787494603e-08,-7.7811977533697e-07,-1.25057012426221e-08,3.45313424839485e-06,-1.1771787495528e-08,-1.94045432665031e-07,1.04516638708368e-06,1.10875234765441e-06,1.03615592517223e-05,1.54132292852685e-06,2.12701724691714e-06,-3.32745035529264e-07,6.72724751253623e-05,5.39092819244372e-06,-5.59531026341053e-06,6.16609758656514e-06,-0.307327976486065,0.00549951235685836,0.27627491380635,3.48247051443422e-06,-3.62340918685985e-05,-6.36155325594096e-06,6.06050351599479e-07,0.000345631059407103,3.23862958781979e-06,6.45730490579305e-06,2.80050183293334e-07,-9.48164784412364e-06,-0.000394239022724597,-4.4433649549377e-05,0.000182333908124173,5.3280132420415e-05,-1.16509785217076e-05,-4.91168960395931e-08,-1.59620418763446e-06,-9.79669950272307e-07,-0.0104415630912003,0.00658120947679614,0.0346603777016058,0.000157435543398111,0.00029240995061437,-0.000131496757317676,-3.81643277468485e-05,-4.38794057028219e-09,-3.66494798814954e-07,4.67844517363209e-05,2.72542121400456e-05,3.67882568171403e-07,-3.66262318103069e-05,-3.53206908484281e-06,7.06802408700446e-05,-9.01554219773856e-06,2.42683969782495e-07,1.55999971252469e-07,1.7738816720589e-05,7.63912166430581e-07,-8.28663924600328e-06,-3.66205295278081e-07,1.07272005856256e-05,3.8412695579338e-10,-1.62850483841728e-05,-1.42964635950598e-07,-6.51114791522689e-07,-2.2202509574965e-05,3.56467767435756e-09,-6.84137116552501e-08,2.48780142727487e-08,1.63595749845096e-08,-9.05465390328609e-06,-2.30718516735045e-06,-1.07734276105887e-06,1.36921624258227e-06,3.05484237379953e-07,1.3137254507246e-06,-4.05630728388124e-06,-2.33040872257501e-07,-2.21103806639921e-05,-1.28512881336762e-07,-4.91359473440839e-05,-9.21322160600027e-06,5.01431543057667e-07,1.04398414471024e-07,3.19393750801013e-06,1.17969208315394e-06,-0.000135972417260385,-1.23400454394534e-08,-5.46914712278618e-06,1.68038171415726e-16,-5.19724971012941e-08,7.43431007661083e-07,-1.52668088545188e-07,-3.9480584270284e-07,-5.33557078709516e-06,7.38027025516739e-08,-1.0509955591062e-06,4.67933492645319e-07,-1.55262274742447e-06,5.82335590501506e-08,-1.18029339015466e-07,4.80991112629835e-05,-3.16458866640754e-08,3.50176415358096e-06,-0.000181683115518252,1.20680412932206e-08,-7.94635790762194e-10,3.79786777714559e-08,-3.60555158533144e-08,5.67930902313521e-07,2.51518341856932e-05,-4.83094455294756e-06,6.21644039770495e-07,-0.00114989502047812,9.06849151416103e-06,-6.19023927742685e-07,3.97358689619871e-05,-3.72997114463455e-06,8.72387698717164e-09,7.59164389409086e-05,3.68740468843067e-07,3.03671371675979e-06,8.03725236159561e-09,-0.00029409775507615,2.11942680212385e-07,-2.73139319153479e-07,4.3190774300977e-07,-8.34661385988624e-07,6.48177319457344e-07,-4.73607005036489e-08,9.0607695385736e-06,-3.93389798682259e-08,6.45955082505324e-06,1.5312962034376e-17,-1.58229812288337e-05,-2.72534636894003e-06,-1.67922341665745e-11,-1.46705031429914e-07,2.15551210298497e-07,-1.33523613976042e-07,-3.79013412221152e-08,4.3880410078468e-09,-1.95802985946439e-07,7.40144234853844e-06,2.73250496036895e-06,-2.12025089315381e-08,1.13161069953233e-05,-3.79608742909983e-05,1.02403771257914e-06,-3.1520226105641e-05,2.60101064516213e-07,4.54147674399766e-07,7.00771339949503e-09,1.87626295956865e-05,-2.41798966459e-06,1.06835582050322e-08,-3.34018797228707e-06,3.90287857594294e-07,-1.41624831925895e-06,1.0265695344448e-06,9.12953830024178e-06,4.62273084343734e-07,-1.46670537722287e-07,-9.53009646659631e-07,9.63185019759845e-08,-4.43979938592178e-07,1.23578515721521e-06,4.95112326003647e-06,-3.80896217358923e-05,6.22491139313491e-17,6.72543701528706e-08,3.65136009078912e-07,-3.56033923172398e-08,1.90090236124043e-05,2.0398354828116e-08,4.97032355566044e-06,1.96919466101169e-05,-1.52592696475348e-06,6.52686864684942e-06,-3.57121951580478e-17,-8.39200468808742e-05,-3.76444997287508e-09,-1.66461530652661e-06,7.04002934023537e-08,1.30560288183593e-06,-8.66617548983164e-07,-1.45006834548149e-05,3.90601120538135e-06,-3.99971938575673e-07,2.61545118675567e-05,-8.70213451131386e-08,-8.57535281354794e-06,-1.17526011364856e-08,-1.8755699922302e-09,-2.72100777256995e-05,1.87152257968556e-07,-0.00191544935212915,-1.73045401763178e-16,-6.37759811914024e-07,5.19161693740252e-08,1.49671553735358e-09,1.47473004672817e-08,-2.28339404483428e-05,-0.000726866400969685,4.43202769407286e-07,-1.74928476607424e-06,-1.19164077544431e-06,3.8668212714334e-17,-2.54629201244662e-05,-9.61805189941944e-08,-8.19690578930047e-05,1.80747752905837e-15,2.04462535835711e-05,4.06093025929353e-06,-8.99270484698022e-07,-0.0227811034458489,6.61730634882088e-05,0.00291661468699277,3.6035530460006e-06,-0.000590018543563713,-2.890899138011e-07,-1.15756380364511e-08,-1.04825526415722e-06,-2.99160093785764e-08,1.38402676311778e-16,-6.61040271876368e-09,3.19295697103512e-07,1.97626321955517e-07,-1.68253633823224e-06,-1.88292325979922e-16,-4.73180372496342e-08,1.03843234727807e-08,-1.24216747649148e-06,-1.81281528447069e-08,-6.72585139339712e-06,6.80687420998135e-08,-9.48694514463572e-07,5.58801960910728e-06,-2.96590859620403e-16,2.14515678307318e-05,-1.02190981126807e-07,2.99701871551386e-07,3.26467234238647e-05,-4.29566125994553e-08,-9.4561035229942e-08,-1.25767452008319e-16,1.60533020708294e-16,-8.77792655497352e-08,-6.01687314317565e-08,7.95404851215041e-09,-8.93581030596313e-06,3.06007758297624e-15,-7.47738493725118e-06,-8.96232930967925e-08,-2.38484981576211e-17,-8.65505487954303e-18,-2.134680127029e-16,1.17267674851107e-05,3.21980534415412e-07,-3.62848196971645e-07,1.13197087578109e-05,1.61257279054134e-06,3.08381566642399e-07,-1.34341221956356e-07,-3.15600623431912e-16,-3.19680431471378e-08,9.31407807554851e-08,6.41802351469433e-16,-4.08391266015307e-16,-7.2605785305098e-08,-4.55902362925435e-09,-5.43538409170245e-08,1.58362232117914e-05,1.00816282167279e-07,-4.63500863660946e-06,9.31374633032953e-16,-2.08909764480075e-06,2.51893781693371e-16,-0.0368070280954097,-5.54198071982259e-15,1.66431962812631e-07,-4.60202194201445e-16,-2.42728475242511e-07,-5.46289584253858e-08,-2.63030417305965e-05,-2.1391643641879e-07,-5.74242628365767e-09,-8.4226783447189e-10,1.15121059353287e-08,8.0607418570425e-09,3.8753939079057e-06,1.42753137660121e-07,9.56575706985493e-09,-3.07119934266634e-08,-6.07667495564478e-06,-8.84498125554177e-07,-1.71194247010327e-08,-4.33595152528737e-18,1.70351112374884e-07,-3.08211539036477e-08,1.76897786799551e-08,-1.05518263943739e-15,3.37142648572285e-07,9.93471502065023e-07,3.22387812930989e-07,2.62154940832701e-16,-7.86561093213632e-08,-4.5473614082282e-06,9.62014248820376e-16,-5.73319896176494e-08,1.37100616402008e-07,-2.07243253023768e-16,1.25970439632759e-15,-5.17567188416836e-09,-2.93084857696024e-06,-1.68754185614855e-08,-2.37042651252685e-05,6.8010173056199e-07,1.79776061956119e-08,3.14376702768736e-06,1.67504341910023e-07,-4.34520524575301e-06,-1.4620466295967e-16,8.16259237687924e-10,5.97917087395264e-08,1.67984695204538e-07,9.02581004043003e-05,-3.28953933809762e-16,3.75433652623818e-16,2.19150975865912e-06,4.86891574412424e-16,-4.98902105827993e-14,2.50133577556124e-07,-3.74120211245334e-07,-7.00678543504233e-08,-3.0826811989506e-05,1.87151386460019e-06,4.89487819285001e-07,6.30370946681734e-07,5.84078140591209e-16,6.17063098808978e-06,1.72824560394058e-07,1.35833126193364e-06,-7.89441788204831e-08,3.35434450844741e-07,-2.26178244461176e-16,4.07618961021578e-16,3.03086864323479e-15,-3.51406487183424e-06,-1.71353108885916e-08,-1.11690454168848e-06,1.56072249107467e-16,-1.42283311599238e-08,-3.58820480903289e-15,-9.79612832869839e-16,3.91546890195756e-06,-9.90190678959051e-07,-1.27675647831893e-15,-1.02783449548441e-05,-1.65110288292382e-07,-1.55487974410912e-15,6.4776551878383e-07,4.47425856174695e-15,0.471325400470401,-8.38378981025506e-15,-0.0189306543640718,-1.07635875755376e-05,-2.67327026814778e-07,-3.07967430425489e-05,-0.000122201396044326,1.24608213393902e-07,-1.84058300351263e-06,-1.07451271293596e-15,-5.82954875481494e-07,3.10303101169549e-08,3.54345713435912e-15,3.78632100957112e-09,6.73117870954303e-08,-1.38602561882387e-08,3.71384875607143e-15,-2.94783188058023e-08,-3.58401032205542e-08,-1.951738165287e-15,8.86085474858189e-07,6.34117324810698e-07,6.83309953770616e-10,6.46534788949811e-16,6.37749104427939e-16,-3.95303151715777e-09,9.92532011262934e-07,0.13686217135536,4.05866062835709e-10,-3.1218371457304e-09,2.56178803403981e-15,-1.13487001429413e-17,2.44401028960224e-06,1.06815109926784e-10,1.1364089174664e-15,4.10648809720372e-07,-4.1277959471367e-16,1.85809853653313e-09,-4.51515526709897e-08,-6.16483307129947e-08,-4.40568533419677e-07,-2.16418198322535e-18,2.23412664781736e-16,-2.02963116585187e-15,-3.15590089183548e-16,-5.35198344816915e-10,-1.90601991739667e-09,2.5140378081335e-16,8.7786174224985e-16,-1.01988196051133e-15,2.92605863154717e-09,2.72040210056236e-11,-1.62823992384389e-09,1.21454237134518e-16,3.55291696670784e-15,-7.23135743993519e-16,-8.66629755230099e-08,2.66822826389689e-09,2.636640759102e-17,5.00163740397757e-10,-1.34270586038082e-08,-1.73813291255174e-15,1.76509939565579e-15,-5.97381433019657e-06,-1.0187503213634e-10,-0.000415983604160163,-1.80775714536572e-15,5.61730514113856e-09,9.33585631405645e-08,1.03472303002247e-07,-4.00942712893754e-07,-2.40140280463766e-08,3.97483001646275e-10,2.40671979743653e-15,5.53723343950727e-16,-3.29382492161269e-15,8.19422139913858e-09,-7.42732185088429e-09,-2.92751680711849e-07,-2.31694114776412e-09,1.2522076396729e-14,-0.707106781186548,5.1863559916481e-13,6.29694201366941e-13,-1.56384941314599e-13,1.14909103236666e-08,-7.97576885264881e-14,2.70172491757202e-14,-3.3114371542558e-07,2.93342313286375e-15,-1.00907219810675e-06,7.84653176973952e-15,-2.17000512095291e-07,9.65698357861189e-15,-2.68676721234921e-07,-5.7319493349288e-08,-3.00409041184048e-08,-3.36135399000048e-15,6.3596816015628e-06,-2.17792784129514e-15,1.70507134330637e-07,-2.77473210986911e-08,1.53700042889945e-10,2.68032143988375e-15,8.53853826274531e-07,5.13419595824084e-15,-6.23174807914785e-08,-3.18341782100405e-08,2.26367411563505e-15,-3.54226105380281e-15,-6.37221301943602e-16,2.44456541386748e-15,-4.91185498674829e-09,-0.00034844048375608,-5.47358032848596e-08,-4.95342301686619e-16,-1.40894759317544e-15,-3.37479628751627e-09,2.75468792834948e-08,-1.23471050430581e-15,-1.71253527234947e-16,-5.58436840863979e-08,1.13324260588316e-15,-1.08559932196127e-06,-2.28867512556833e-15,1.00376663003054e-07,-1.4682780732745e-16,-1.11501170214538e-15,-1.2235998755974e-15,-9.48849804368812e-16,-1.03084390968781e-15,-2.00009963086207e-15,1.96395032329454e-09,-1.37382026690333e-08,2.37200868743153e-16,-9.17502407130956e-09,3.86413895895373e-07,-5.55180795828478e-16,-3.49813844509946e-16,-3.52886497511083e-16,1.18782475743151e-16,3.58654772549482e-07,9.74363561276981e-08,5.3966990160273e-16,1.30601434838921e-16,-7.02266987716439e-08,-2.26911739992065e-08,-3.43916815849452e-10,1.25853236455614e-15,8.57792873764573e-16,-8.54673806250187e-16,1.67797718907962e-15,4.14742230189953e-16,-4.0533075269391e-16,2.38008050348987e-06,-4.86894250909505e-07,-1.79429418825363e-05,1.42511796135036e-16,-3.0435712128168e-16,-6.01393713631065e-17,9.96826368180285e-17,-1.84104511500116e-16,-4.70507504483426e-16,6.35269408460363e-16,-2.38236211923878e-16,7.10401808679626e-17,4.36665644292747e-16,-7.79767126082361e-16,3.62410966932078e-16,2.44342206503993e-16,-2.74372238911251e-16,1.39902120417829e-09,-1.9690885979301e-16,5.96517280820634e-16,4.5819105490545e-17,1.9860690854952e-08,-2.45770215867853e-08,1.34366985304527e-16,-5.13120493487362e-10,1.82325291225788e-08,-1.25482776450318e-16,2.9939165752997e-16,-3.53051345689568e-08,1.02736486759078e-16,4.53063541204272e-10,-6.71019046891576e-17,-3.29365712856326e-16,-3.49015240690445e-17,5.00122427818236e-16,4.5804635629611e-08,-6.13715791780984e-08,4.16903147846011e-16,3.45448555615783e-16,-4.13823041476104e-16,7.90518371035562e-16,9.69439372527914e-16,9.59730639927005e-19,-9.46065486131236e-18,6.36120732519909e-16,7.56391942014556e-10,7.42076006155476e-17,7.89968632183345e-17,-7.0671054293173e-16,-1.35045100088401e-16,-2.58197899882283e-16,5.65657396937103e-17,-1.65223552696269e-07,-8.82800751408266e-17,2.87377551936333e-16,1.11864606279659e-08,1.57796041974558e-16,-3.92017697416714e-16,-3.94025468147559e-16,-1.78326496211888e-16,9.41857442330144e-09,3.39174406556214e-16,-7.12007227420127e-07,-2.52636960549732e-16,6.91121675293488e-16,1.91289919694515e-16,-2.88004119318908e-16,-4.93248996814399e-16,5.35674017702739e-16,1.13174205872772e-08,-2.32624243282362e-16,-5.00472796366001e-16,1.43258476147673e-09,-1.41626422924895e-06,2.65705234662986e-16,2.44268410938224e-07,5.62570175348877e-07,-3.44856413369455e-16,-1.00255697154389e-17,1.05581621064896e-17,7.86830164096632e-17,-6.88596618329687e-16,-9.52788549172648e-07,-3.21886242090928e-16,3.02641249290077e-16,5.43950739590791e-16,1.29398117871116e-06,3.0786810155568e-16,-2.21827333958338e-18,-1.05624072204825e-16,2.45673162365921e-16,-1.74619738725184e-07,-9.65948831919694e-17,3.04357679726752e-10,-5.78712556816941e-17,4.36831810517696e-16,7.45869691025334e-17,6.43233528010199e-17,9.50311229899475e-17,-1.41145673217362e-16,8.32247101569167e-17,-5.3055520900189e-09,-2.64390884230846e-17,-1.90499371458618e-16,2.23306252065142e-09,1.53375503216128e-17,1.26090416566232e-16,-4.63957977417822e-16,8.96423740635361e-17,-2.19361945735912e-16,3.42557661325364e-16,-1.62456071266531e-08,1.99141344665022e-16,5.32431089343142e-17,4.84501356033824e-09,1.33623218824087e-16,-2.97382839654575e-16,7.1933239085535e-19,2.15446877600264e-16,-5.32191799318574e-16,5.63759434225696e-16,-1.75441479312044e-16,-9.36249343032292e-17,1.51963759364837e-16,-2.0826585595422e-16,1.55187929256456e-16,-2.55620307198523e-09,8.482116386887e-09,-3.37140311831618e-16,9.38662368642447e-17,1.4155218336182e-16,2.28378715243536e-16,3.78386558197441e-16,-5.38396794096762e-17,6.49949951576349e-17,-2.38082859565376e-16,-8.1125093463477e-09,2.70169605639505e-16,4.28854793884694e-16,1.21805959669169e-16,-4.44899460016745e-17,9.47129837708114e-10,-1.05012742195336e-16,-1.50669603442022e-10,2.98661119988538e-17,1.07930413557364e-16,-1.93520523375699e-16,-1.78037573796272e-16,2.80620661249034e-17,1.1420159234288e-16,-1.40922998279976e-16,2.79272300432169e-17,1.06401196373281e-16,2.69952055631316e-16,7.54085483114181e-17,-2.42273651750437e-18,-4.26157335953559e-17,-2.30902783244055e-17,-1.7529571565051e-16,2.93481789906404e-16,1.31807056940512e-16,3.00104844643624e-16,-6.43173634711784e-17,-1.55280471291136e-16,1.99059518868339e-16,-1.53829793452551e-16,-1.67761339647748e-16,-6.23006335463468e-17,-9.5763591425206e-17,1.24685081376488e-08,2.08511232805064e-16,1.40901964602961e-16,1.35532454195724e-16,-2.08187177925844e-16,2.31867746094724e-18,7.21330988442256e-17,1.40821072608924e-16,3.84122794393913e-16,1.30968414454784e-16,4.43505254333863e-17,-9.03682510766668e-17,-3.23139565165315e-16,-1.0000680108716e-16,-7.87637752085506e-17,1.11275844660424e-16,-1.51207778368992e-16,4.8076306616822e-17,-9.54642618148729e-08,9.48233734949544e-17,-1.44581529249064e-16,-3.01646417189193e-17,-2.27347244230343e-16,2.66501553306049e-16,-3.76190337774895e-17,-5.56704010102664e-17,-3.34517300833534e-16,2.76318152495564e-16,2.20423825880652e-09,2.18857350817565e-16,7.60065325200155e-17,-1.77443157233019e-16,-4.95523613456316e-18,2.46028224071888e-16,-2.6891932590961e-16,3.56641150463306e-17,-2.65525412137711e-16,1.42516540665131e-16,-2.3222367766748e-17,1.42658715211889e-16,-7.7581781929625e-17,3.96091488339717e-18,5.90081944148704e-07,-9.66433911293828e-17,-5.77589831981676e-17,-6.74727023958006e-16,-3.86518074491082e-16,-3.07886545583896e-09,1.12451543480191e-16,7.69543389139152e-17,-7.53672262556706e-17,-9.47756266794403e-17,-8.10178908359365e-17,-4.76742204929779e-17,-1.44647876231457e-16,8.37895160464149e-17,-4.73261394591063e-17,8.72592304739407e-17,1.8092542832383e-16,5.54433816044291e-17,-3.411402925734e-17,1.23752389963167e-16,9.1078460570986e-17,4.10298816482873e-17,-2.90215247807794e-16
"t772",0.0353783009252018,-0.0102774401771505,-0.0112263923111091,0.000649837638252598,0.00587079382355009,-0.0155320238010735,-0.0021812481784103,-4.58361650259933e-06,-0.0391612404686656,-0.0173221193223473,0.126904747507459,0.002124535036156,-0.00412700115817991,-0.000867718309802215,-0.0233880202083951,0.000549032279246105,0.000359938762518446,-4.36202303230267e-05,-0.0203131725003642,-0.00785317385792437,-1.39345067504965e-05,3.68616539009759e-05,-0.0207714981938714,-0.000683650933486797,5.29312858749248e-05,0.00172711199937612,-0.0305832070651395,-0.000367452790414681,0.000674421199661526,5.67771505838909e-05,3.7690096717981e-05,-0.000380592997889783,1.8422574516461e-07,-0.000567425699280994,0.00151342136061864,0.000615093509856491,3.18767305713675e-05,-0.000137402262311068,-0.0351424056567195,-0.229836940651936,0.000503421818739575,-0.0143697733072216,1.23594062011357e-05,-0.000876976283883846,3.98898214190417e-05,-8.72182200194391e-06,1.68451380026888e-06,-2.61743611082858e-05,0.0032275526809508,-0.00541747524647215,5.6910660302706e-06,-8.21861583696239e-06,6.29589169022308e-05,-3.5674659598665e-06,0.000322860207763283,-0.000247970004652077,0.000110136515080889,-0.000132281917790162,0.00115042674224094,-1.8471910513406e-06,-1.69778440367647e-06,8.73340284557428e-05,-5.09809404005877e-05,3.79296110036537e-05,-0.00068336727033391,7.12285247449687e-06,-4.3943951615418e-05,0.000132828632692806,-3.1942229506063e-05,0.000142730766855915,-1.17546384885063e-06,3.07308990459693e-06,-1.05384180449738e-05,-6.73533900703202e-06,2.82601673337649e-06,2.38570801076266e-06,-2.43239917904384e-05,3.57073515031648e-06,-0.00161651281795567,-9.97365616079372e-05,6.72115378442031e-06,0.000523531237329205,-0.00126212328355732,-1.83172981022282e-05,0.00016869599505961,4.43870900465349e-05,-6.80652331764637e-06,-0.00011682523900172,-2.18515229271283e-07,8.79261132960638e-06,-8.88821905064926e-05,4.98820449954321e-08,3.44599606065471e-05,-3.03771114539985e-05,-6.21288521236301e-06,-7.29465283180737e-06,-8.5742421960057e-07,4.61724194589703e-06,-5.20777613139742e-05,-0.00111179711766636,-2.44968211665298e-05,1.6336558268319e-07,-3.4531626732723e-05,6.37514907392155e-05,-0.000140105819111566,2.79620921584425e-06,-0.00136126297592439,2.46701091951359e-06,-0.0215320253344969,-4.67448556505505e-07,-1.05759549787818e-05,-3.50435792552485e-06,8.48668160653544e-07,1.14112501288356e-06,-1.34775025816571e-06,1.84271662744667e-06,-0.000350483274993908,0.000397577320011955,-3.61040258465675e-05,1.33281856412519e-05,-7.74742259395513e-06,1.67900669241812e-05,-0.00025537371121106,-0.000253818516518754,1.25631788128709e-06,-2.85898269844076e-05,2.98969083166413e-06,-7.78525267133023e-05,0.000113830433046091,0.00399362664676232,3.14704024634115e-05,-0.000375105297974915,6.64471101651677e-05,0.0817457825788489,3.92799476552796e-07,-0.000223353464075018,0.00016394780670625,3.0262561543474e-06,-0.000107586677725628,2.87090898196148e-05,0.000136760145230568,1.76495598252776e-06,-1.62409872792376e-05,-9.81818534376585e-07,-5.65940078056617e-09,0.000154982765478784,1.41790018890509e-07,-2.90365181412769e-06,-8.65583310384631e-08,-7.26980810339065e-09,-1.01379786981233e-08,-7.78119775397422e-07,-1.25057013291355e-08,3.45313424841408e-06,-1.17717875066829e-08,-1.94045432685689e-07,1.04516638706837e-06,1.10875234762521e-06,1.03615592517344e-05,1.54132292848658e-06,2.12701724689913e-06,-3.32745035463503e-07,6.72724751253804e-05,5.39092819241585e-06,-5.5953102634075e-06,6.16609758657895e-06,-0.307327976486065,0.00549951235685839,0.27627491380635,3.48247051437425e-06,-3.62340918685527e-05,-6.36155325593143e-06,6.06050351554635e-07,0.000345631059407081,3.23862958775151e-06,6.45730490577713e-06,2.80050183337323e-07,-9.48164784409844e-06,-0.000394239022724635,-4.44336495491297e-05,0.000182333908124222,5.32801324204264e-05,-1.16509785217334e-05,-4.91168960338069e-08,-1.59620418768181e-06,-9.79669950328069e-07,-0.0104415630912003,0.00658120947679609,0.0346603777016058,0.000157435543397845,0.000292409950614505,-0.000131496757317517,-3.81643277468779e-05,-4.38794059547386e-09,-3.664947989152e-07,4.67844517363224e-05,2.72542121400394e-05,3.67882568405245e-07,-3.66262318101996e-05,-3.53206908484899e-06,7.06802408699856e-05,-9.01554219775221e-06,2.42683969776001e-07,1.5599997114934e-07,1.7738816720634e-05,7.63912166451455e-07,-8.28663924592688e-06,-3.66205295293694e-07,1.07272005856326e-05,3.8412693102918e-10,-1.62850483842633e-05,-1.42964636024594e-07,-6.5111479158597e-07,-2.22025095748269e-05,3.56467777681009e-09,-6.84137116894459e-08,2.48780141699615e-08,1.63595749745457e-08,-9.05465390332538e-06,-2.3071851673737e-06,-1.07734276109754e-06,1.36921624263274e-06,3.05484237315534e-07,1.31372545070467e-06,-4.05630728395171e-06,-2.33040872215643e-07,-2.2110380664041e-05,-1.2851288122554e-07,-4.91359473439098e-05,-9.21322160601013e-06,5.01431543029957e-07,1.04398414450581e-07,3.19393750802292e-06,1.17969208310128e-06,-0.000135972417260404,-1.23400455964897e-08,-5.46914712301715e-06,-2.01854505555925e-17,-5.19724972405805e-08,7.43431007563938e-07,-1.52668088637764e-07,-3.94805842683878e-07,-5.33557078710925e-06,7.38027025118835e-08,-1.05099555910726e-06,4.67933492178453e-07,-1.55262274716602e-06,5.82335591131808e-08,-1.18029338979225e-07,4.80991112629964e-05,-3.16458866320308e-08,3.50176415353381e-06,-0.000181683115518286,1.20680408811125e-08,-7.94635668193138e-10,3.79786777996097e-08,-3.60555157260388e-08,5.679309023834e-07,2.51518341858847e-05,-4.83094455284245e-06,6.21644039705263e-07,-0.00114989502047805,9.06849151419231e-06,-6.19023927703624e-07,3.97358689624109e-05,-3.72997114474665e-06,8.72387708917468e-09,7.59164389407802e-05,3.68740468711151e-07,3.03671371703661e-06,8.03725228953223e-09,-0.00029409775507599,2.11942680332912e-07,-2.73139319434287e-07,4.31907742800205e-07,-8.34661386040329e-07,6.48177319731151e-07,-4.73607000339838e-08,9.06076953871506e-06,-3.93389797513115e-08,6.45955082463502e-06,1.47082599931274e-16,-1.58229812288336e-05,-2.7253463690775e-06,-1.67923011584967e-11,-1.46705031323968e-07,2.15551210167273e-07,-1.33523614053561e-07,-3.79013410060203e-08,4.38804092699231e-09,-1.95802986139411e-07,7.4014423484984e-06,2.73250496037022e-06,-2.12025088746204e-08,1.13161069951181e-05,-3.79608742912087e-05,1.02403771256778e-06,-3.15202261056979e-05,2.60101064421888e-07,4.54147674181052e-07,7.00771335657717e-09,1.87626295955901e-05,-2.41798966454365e-06,1.06835583522263e-08,-3.34018797218897e-06,3.90287857641612e-07,-1.4162483191919e-06,1.0265695346e-06,9.1295383002277e-06,4.62273084519724e-07,-1.46670537631885e-07,-9.53009646649735e-07,9.63185020807288e-08,-4.43979938524926e-07,1.23578515720966e-06,4.95112326007491e-06,-3.80896217358889e-05,-3.18447996548355e-17,6.7254370118931e-08,3.65136008868153e-07,-3.56033922647644e-08,1.90090236121163e-05,2.0398354638389e-08,4.97032355565334e-06,1.96919466101339e-05,-1.52592696449733e-06,6.526868646792e-06,-5.49029357863992e-17,-8.39200468804643e-05,-3.76445007536852e-09,-1.66461530690932e-06,7.04002936993956e-08,1.30560288126864e-06,-8.66617549267246e-07,-1.45006834550188e-05,3.90601120577201e-06,-3.99971938544794e-07,2.61545118675613e-05,-8.70213452009888e-08,-8.5753528136639e-06,-1.17526010281122e-08,-1.87556993287014e-09,-2.72100777258844e-05,1.87152257973299e-07,-0.00191544935212896,-8.72976997362331e-17,-6.37759811586495e-07,5.19161693088646e-08,1.49671544956103e-09,1.474730057499e-08,-2.28339404481869e-05,-0.000726866400970224,4.43202769067871e-07,-1.74928476604569e-06,-1.19164077534516e-06,-9.00801861371724e-17,-2.54629201248192e-05,-9.61805191337539e-08,-8.19690578930943e-05,1.7329409648711e-15,2.04462535835195e-05,4.0609302594553e-06,-8.99270484639254e-07,-0.0227811034458489,6.61730634881292e-05,0.00291661468699227,3.60355304586184e-06,-0.000590018543563488,-2.89089914079136e-07,-1.15756382538121e-08,-1.04825526413091e-06,-2.9916009290909e-08,2.19458633447371e-16,-6.61040269432848e-09,3.19295697063564e-07,1.97626322387525e-07,-1.68253633818158e-06,1.07595862455621e-16,-4.73180367151073e-08,1.03843234312015e-08,-1.2421674764877e-06,-1.81281525675052e-08,-6.72585139344858e-06,6.80687424112243e-08,-9.4869451439545e-07,5.58801960917565e-06,-6.75008538611659e-17,2.14515678304805e-05,-1.02190981190667e-07,2.99701871626054e-07,3.26467234235935e-05,-4.29566126956876e-08,-9.45610355344273e-08,-1.58727198051878e-16,3.03637160016193e-18,-8.77792654736577e-08,-6.01687313226722e-08,7.95404870522654e-09,-8.93581030598656e-06,3.16486945025651e-15,-7.47738493746622e-06,-8.96232927643818e-08,5.90388141622727e-17,2.63159043134885e-16,-1.19816620391431e-16,1.17267674847467e-05,3.21980534632616e-07,-3.6284819717437e-07,1.13197087576108e-05,1.6125727904791e-06,3.08381566206341e-07,-1.34341221789125e-07,1.14852173947014e-16,-3.19680429178899e-08,9.31407811687962e-08,-1.15349179147342e-16,-2.708262308589e-16,-7.26057843242116e-08,-4.55902412662904e-09,-5.43538410442322e-08,1.58362232118102e-05,1.00816281469431e-07,-4.63500863602993e-06,8.54504699003736e-16,-2.08909764437295e-06,4.0585153017027e-16,-0.0368070280954092,-4.97990320855179e-15,1.66431963489183e-07,-3.30508657662346e-16,-2.42728474209396e-07,-5.46289581449114e-08,-2.63030417306661e-05,-2.13916436630283e-07,-5.74242589915591e-09,-8.42268118312551e-10,1.1512106038829e-08,8.06074190810078e-09,3.87539390801467e-06,1.42753137304375e-07,9.56575668929133e-09,-3.07119931826872e-08,-6.07667495642546e-06,-8.84498125490871e-07,-1.71194247628197e-08,9.87723851838376e-17,1.70351112519705e-07,-3.08211534793653e-08,1.76897786298219e-08,-8.78338338530507e-16,3.37142648197049e-07,9.93471501337359e-07,3.223878125558e-07,2.08175863025216e-16,-7.86561094800221e-08,-4.54736140850272e-06,1.32854017988742e-15,-5.73319896938001e-08,1.37100616144611e-07,-1.48848063821255e-16,3.31628920252476e-16,-5.1756720516387e-09,-2.93084857647475e-06,-1.68754182735427e-08,-2.37042651253468e-05,6.80101730841952e-07,1.79776058244176e-08,3.14376702823517e-06,1.6750434203274e-07,-4.34520524444178e-06,-5.00413512710685e-16,8.16258984702709e-10,5.97917091274379e-08,1.67984694771337e-07,9.02581004048201e-05,5.4629076478515e-17,1.09398292276922e-16,2.19150975833182e-06,-1.14308953345095e-16,-5.03099090273141e-14,2.50133577545429e-07,-3.741202111631e-07,-7.0067854301378e-08,-3.0826811989576e-05,1.87151386500513e-06,4.89487819187666e-07,6.30370946265429e-07,4.41236007047149e-16,6.17063098936196e-06,1.7282455983424e-07,1.35833126078717e-06,-7.89441787525337e-08,3.35434450752379e-07,-1.24911089339831e-15,1.2610464223139e-15,1.96655712104298e-16,-3.51406487111121e-06,-1.7135311271353e-08,-1.11690454156336e-06,7.35658968483312e-17,-1.42283315457853e-08,-3.45083639377897e-15,-1.67638677884182e-15,3.91546890195674e-06,-9.90190679425369e-07,-9.37834879199961e-16,-1.0278344953788e-05,-1.65110289185947e-07,-1.72760670271323e-15,6.47765519266208e-07,4.29655120156624e-15,0.471325400470399,-8.18786594188145e-15,-0.0189306543640727,-1.0763587576299e-05,-2.67327026622542e-07,-3.07967430440078e-05,-0.000122201396045233,1.24608211136675e-07,-1.8405830029976e-06,-6.20973853286739e-16,-5.829548746999e-07,3.10303102942426e-08,3.59715208186383e-15,3.78632081411202e-09,6.73117860794093e-08,-1.38602567776394e-08,2.2434125923167e-15,-2.94783182489917e-08,-3.58401021982743e-08,-2.05482780006624e-15,8.86085476205619e-07,6.34117324531629e-07,6.83309400488717e-10,-1.4199105575012e-15,9.43966245820437e-17,-3.95303050920047e-09,9.92532009363121e-07,0.136862171355361,4.05866439464046e-10,-3.12183849059703e-09,1.75700381159202e-15,-1.53406516194615e-16,2.44401028787915e-06,1.06813171272244e-10,1.71930623880933e-16,4.10648808547374e-07,-1.43422979377112e-15,1.85809849275812e-09,-4.51515545859765e-08,-6.16483305257147e-08,-4.40568538964137e-07,-3.48246015187463e-16,-3.86995341129444e-16,9.25518783215e-16,-9.51212586499652e-17,-5.35198582307973e-10,-1.90601873802758e-09,-3.81824005858239e-17,3.65374347926554e-16,1.13893904702291e-16,2.926060085601e-09,2.72039213651008e-11,-1.62824193412572e-09,2.86578366349999e-16,-1.87541226038396e-15,1.08268428944402e-15,-8.66629748833706e-08,2.66822740383984e-09,1.36005669018484e-15,5.00166221767049e-10,-1.34270581434011e-08,1.17885893984355e-15,-1.53630280843289e-15,-5.97381433255148e-06,-1.01875817825691e-10,-0.000415983604165579,1.77064577683507e-15,5.61730512165846e-09,9.33585630905454e-08,1.03472304431774e-07,-4.00942714637411e-07,-2.40140262184556e-08,3.974750482304e-10,-1.56693531544202e-15,-2.29843338180769e-15,1.89430652490808e-15,8.19422611420873e-09,-7.4273191702348e-09,-2.92751709270922e-07,-2.31695601661837e-09,-1.22071385897868e-14,0.70710678118655,-5.19331569723021e-13,-6.30364637104762e-13,1.59703888608365e-13,1.1490895926654e-08,8.07057483194849e-14,-2.68492236616422e-14,-3.31143706793878e-07,-3.02305644537432e-15,-1.00907223980313e-06,-7.80254768193758e-15,-2.17000482343411e-07,-9.23567494722165e-15,-2.68676726391036e-07,-5.73195017321385e-08,-3.00409065508051e-08,3.1963778351125e-15,6.35968159284022e-06,2.48493718250155e-15,1.70507136141417e-07,-2.7747323004284e-08,1.53705871646347e-10,-2.45090275246131e-15,8.53853825238367e-07,-4.21246175617257e-15,-6.23174810267131e-08,-3.18341757313577e-08,-2.01173796890958e-15,4.12435304972113e-15,-3.1849889385649e-16,-2.46352130933603e-15,-4.91185209924316e-09,-0.000348440483753434,-5.47358048006576e-08,3.11785054368693e-16,1.41727505392043e-15,-3.37479733984707e-09,2.75468801994288e-08,1.82905490421265e-15,-3.74623946393259e-16,-5.58436846292581e-08,-1.10541892057659e-15,-1.0855993177381e-06,2.85014754644472e-15,1.00376662965726e-07,1.76733075498632e-17,1.24159405751572e-15,5.88020146252972e-16,5.38231921795094e-16,1.22894168168027e-15,1.24849533855624e-15,1.96394681221066e-09,-1.3738203062087e-08,3.45943463192744e-17,-9.17502656997837e-09,3.86413895792335e-07,1.09263752756262e-15,6.94962572274713e-16,6.27699303439713e-16,-2.72504772590048e-16,3.58654773290672e-07,9.74363582738827e-08,-5.97550354034314e-16,-1.34588630124796e-16,-7.02266993517517e-08,-2.26911741137879e-08,-3.43916334620165e-10,-1.48391525881141e-15,-1.21900022906458e-15,6.90136868798547e-16,-4.00382371143614e-16,-3.7566905823347e-16,3.87435981843587e-16,2.38008050375843e-06,-4.86894249537944e-07,-1.79429418827679e-05,-9.5539210790127e-17,-5.99028091096298e-16,1.42645605850942e-16,3.46912227942219e-16,-2.50061065246126e-16,1.33506856247187e-15,-3.58759536030132e-17,3.55957616704979e-16,-3.81837168319869e-17,7.17704625289861e-17,7.92276130474042e-16,-1.78117232267906e-16,-2.4360285215173e-16,7.69659009494487e-16,1.39902082831218e-09,-1.80634411475421e-16,-6.52483620391247e-16,-5.93736126623158e-17,1.98606906225255e-08,-2.4577021580054e-08,-6.18833114791523e-17,-5.13122590767273e-10,1.82325289208896e-08,-1.54056626918091e-16,1.7896394240184e-16,-3.53051345010178e-08,1.52615777319963e-16,4.53062749957324e-10,-1.82954812215513e-16,1.60679019749391e-16,-5.11892800233688e-17,-5.7678916184291e-16,4.58046356689568e-08,-6.13715791148349e-08,-3.04416566264521e-16,-2.54934129602797e-16,3.79390087587008e-16,7.8179054352932e-16,-7.18175519054398e-16,2.14837234209601e-16,-1.00242268144606e-16,-2.48042969307091e-16,7.56392360380906e-10,1.32655495341078e-16,-1.46446384128343e-16,7.89486623860474e-16,3.56620255118981e-16,4.23982986228791e-16,3.55195675577682e-16,-1.65223552515593e-07,1.68628534995038e-16,-5.21648269964693e-17,1.11864603567392e-08,-3.41290575396946e-16,3.25491997066599e-16,-3.64868343932832e-16,2.60293923698612e-16,9.41857454825548e-09,-3.0998386620113e-16,-7.12007227359662e-07,1.67418847640736e-17,-2.20869292710528e-16,-4.81897970971074e-16,-2.76878129798486e-17,4.01089580760573e-16,-9.05772757750026e-16,1.13174209397665e-08,3.70626712211753e-16,3.96975802664533e-16,1.4325852778802e-09,-1.4162642291894e-06,-2.89093367539799e-16,2.44268411189827e-07,5.62570174418457e-07,4.21002147246987e-16,1.10917174079217e-16,4.05260970704706e-16,-9.9547640619062e-17,1.67883457991121e-16,-9.5278854912464e-07,3.84418566888291e-16,-1.87160634657406e-16,-3.64521337447337e-16,1.29398117833969e-06,-1.57850229991751e-16,-1.32648124732281e-16,1.92758215571542e-16,-1.67125166493361e-16,-1.74619739180315e-07,1.65034124911986e-16,3.04357632519057e-10,8.60776783697377e-17,-3.82655808344308e-17,-8.16636397903989e-17,3.18689603846357e-17,-2.31511639960747e-17,2.89584933591447e-16,-1.36445285679981e-16,-5.30555251502598e-09,2.58895398340381e-16,4.56830273416792e-16,2.23306260397908e-09,-1.10244790006636e-16,-2.11199401133085e-16,2.77105256926673e-16,-5.41289885119772e-17,1.97261741852515e-16,-4.82810313321968e-16,-1.62456071398328e-08,-3.24811062318823e-16,-1.00821271523209e-16,4.84501354308575e-09,2.40850726242513e-16,3.1704000427292e-16,3.93249000574549e-16,4.2512632207515e-16,3.40565193058709e-16,-5.84642670728207e-17,3.2954991112916e-16,1.26630879141015e-16,1.97554797922603e-16,1.43363873877068e-16,-6.96581019340921e-17,-2.55620315321902e-09,8.48211647825788e-09,5.09953502764458e-16,1.10860516927948e-16,-3.96671310167379e-17,3.00033291584193e-16,5.44974221999839e-16,2.86190458236663e-17,-8.11898959575007e-17,2.69127986295e-16,-8.11250926651315e-09,-2.76111334597535e-16,-3.44258337370647e-16,5.2882510756444e-16,-8.85756396088085e-17,9.47129726574847e-10,2.35705059160602e-16,-1.50669779190998e-10,7.082105078076e-17,2.82405045224143e-18,3.41546858697483e-16,7.50770194149427e-17,5.55744790305485e-17,9.17293764302181e-17,1.99866781845833e-16,-2.37940426324752e-16,2.00648485507919e-16,-1.85857371652974e-16,-2.8849560135366e-16,-2.07794530676475e-17,8.08428750840886e-17,1.43512124195804e-16,1.01634985926165e-16,-5.10182688887992e-17,2.94386199439422e-17,-3.13059712100016e-16,1.64717488441767e-17,-1.16667012451638e-16,-1.40187340902376e-16,3.68395684974808e-17,7.57504682924966e-17,-6.55823243202459e-17,2.05801875816903e-17,1.24685080773719e-08,-3.28114214029802e-17,-3.59348917781851e-16,-7.18976636930194e-17,4.53168601774413e-16,-1.9295109345432e-16,1.85954029508995e-16,2.32318129853539e-16,-2.36078202601659e-16,-1.03066693880219e-16,-2.98742545684019e-18,-2.02745806254789e-16,1.60120352966352e-16,-1.19801042428496e-16,3.05599260218617e-17,6.18712438049611e-17,-9.25939258588834e-17,-1.97341563207627e-16,-9.54642618431934e-08,1.24162674750777e-16,-5.97773408381231e-19,-2.72783964367418e-16,5.10907697464175e-16,-1.3528249585186e-16,1.15921089715869e-16,2.1921269613584e-16,2.55966104045169e-16,-1.09343850033326e-16,2.20423826128007e-09,-3.69059416717653e-17,-1.58099937743366e-16,-8.19837700441478e-17,1.57705673043669e-16,-3.94007070234726e-17,3.07214986235745e-16,-4.54827733342309e-17,4.74458205115821e-16,-2.56569321316464e-16,-5.20824560250409e-17,-9.50606507108419e-17,7.20777677029844e-17,-4.9743564514965e-18,5.90081944331011e-07,-3.83706004063417e-18,-1.04586629760836e-17,3.10830356378092e-16,-2.44379169678233e-16,-3.07886544775487e-09,-1.14170485924048e-16,-7.02216253087895e-17,7.26926650412408e-17,1.34040744476461e-16,-6.74119536666451e-17,3.05261630801375e-16,4.94759080839828e-16,1.36391275965051e-16,-1.95103619317777e-17,-2.30448815294761e-16,-4.94722964549258e-17,-9.30280833082771e-17,-1.78207562845489e-16,-2.01725172006999e-17,-1.82488458905844e-16,-1.10115982278164e-17,-2.38141295784489e-16
"t622",0.0354300627881387,-0.0103092629051555,-0.0112622869372705,0.000652630183632494,0.00590175983835147,-0.0156283655273587,-0.00219504794422271,-4.61496168107772e-06,-0.0394785299013818,-0.0174930438782459,0.128504146807147,0.00215777072713237,-0.00419352765193384,-0.000881926205369237,-0.0237883831254909,0.00055901077324178,0.000366644082156045,-4.4448262337898e-05,-0.0207081371587731,-0.00801976664516884,-1.42556463364163e-05,3.78995674220288e-05,-0.0213916432649411,-0.000704187247759392,5.45280395135646e-05,0.00178189906805992,-0.0315657808123971,-0.000379373063368439,0.000696936920242349,5.90509914459682e-05,3.93108896213372e-05,-0.000397791655667133,1.93228177140922e-07,-0.000596644901124628,0.00159589893194542,0.000651708663150148,3.38021456398506e-05,-0.000145854703915113,-0.0373213087281987,-0.244334355123766,0.000536244391626612,-0.0153333617601544,1.32027519895621e-05,-0.000936902940596775,4.26718854331315e-05,-9.37660933395355e-06,1.813793092692e-06,-2.8203890096305e-05,0.00348505919143411,-0.00586308017524322,6.17828447061072e-06,-8.93530206547985e-06,6.84638697944509e-05,-3.88656654553773e-06,0.000353035664729572,-0.000271298902461198,0.00012176598268213,-0.000146684451811843,0.00127613774109999,-2.06446268033914e-06,-1.90865108082313e-06,9.84731665391333e-05,-5.76238481712154e-05,4.28984577412179e-05,-0.000776491565916614,8.12809864899417e-06,-5.06350991442907e-05,0.000153744758206069,-3.70503432042944e-05,0.000166196586647161,-1.3984112542288e-06,3.72108169309211e-06,-1.2796691958617e-05,-8.22735954449003e-06,3.45464352820038e-06,2.92403439321142e-06,-2.98439023967687e-05,4.40395050360514e-06,-0.00201814154947094,-0.000125150251380416,8.50906952850028e-06,0.000664100832286691,-0.00162484992703379,-2.36905082596877e-05,0.000222723346920702,5.89481353248244e-05,-9.09432127591317e-06,-0.000156247431262471,-2.92328232331178e-07,1.1770391315888e-05,-0.000119264375266644,6.85009804001629e-08,4.74271831504555e-05,-4.24521105910128e-05,-8.92983674584894e-06,-1.05313412743991e-05,-1.23812785474369e-06,6.74477787752196e-06,-7.6408734025227e-05,-0.00165933505781258,-3.70966899937783e-05,2.47719580392511e-07,-5.24403990884056e-05,0.000104274613167357,-0.000230585223501336,4.62453635916412e-06,-0.00227134215107597,4.12666805938939e-06,-0.0361790717204899,-7.90844651365043e-07,-1.79333062094669e-05,-6.02426533460292e-06,1.46136146985581e-06,2.04201242193081e-06,-2.43275160681398e-06,3.39201792936871e-06,-0.000651043704941366,0.000757917153271471,-7.06667845093287e-05,2.66395033528185e-05,-1.56769243388753e-05,3.55411891451965e-05,-0.000557860382700004,-0.000555153635113924,2.76078136942997e-06,-6.5058054526716e-05,6.8237487991841e-06,-0.00018350401666238,0.000297728510367635,0.010458849870008,8.31947473113262e-05,-0.00107830776750245,0.000194463513063922,0.242439014525317,1.23410357250873e-06,-0.000707679853895792,0.000600121070825145,1.27931116079927e-05,-0.000589370564053276,0.000158660705744598,0.000798982096769904,1.06244284573278e-05,-0.000102844234688031,-6.34434213173467e-06,-3.65801115524537e-08,0.00117800835346536,1.71302810236646e-06,-9.96449338028434e-05,-5.74076662350748e-06,4.28266703790555e-07,5.17516316786047e-07,2.41201895549528e-05,3.14030745423863e-07,-7.11590322584692e-05,8.80837930690836e-08,1.30935584185267e-06,-6.58658814652693e-06,-2.50718378193644e-06,-1.96343720697206e-05,-2.846055582484e-06,-3.4208123498509e-06,5.20665911864753e-07,-8.91606134604622e-05,-7.00621556046427e-06,6.23429867377363e-06,-5.94787013893428e-06,0.197309579070891,-0.00348041137732212,-0.174198493546937,-2.07666881877372e-06,2.02327676833152e-05,3.51859453566865e-06,-2.93692807238262e-07,-0.000160570545449921,-1.37142746061121e-06,-2.67190711780684e-06,-1.14507724540074e-07,3.08477638859437e-06,9.89042566317216e-05,1.0623242572646e-05,-4.15892597815952e-05,-1.04961784766724e-05,2.16174215101123e-06,8.57521321311507e-09,2.6255586308911e-07,1.29456839760973e-07,0.0012996894040128,-0.000417025687957305,-0.00213122614446579,-6.76658705675455e-06,1.14005642982892e-06,-5.10739513080416e-06,-1.9145492490745e-06,-2.9129429659384e-10,-2.85910276456565e-08,5.16561371862663e-06,3.18970824063274e-06,4.80519838325796e-08,-5.02526009907921e-06,-6.48786065431712e-07,1.31254584898824e-05,-1.83234741190735e-06,5.32643712274343e-08,3.97601516654193e-08,4.52384677237365e-06,1.97134635324528e-07,-2.2135232695311e-06,-1.00056077693544e-07,3.09729996977587e-06,1.17790726516581e-10,-5.2131735428453e-06,-4.63385180401714e-08,-2.22266556942559e-07,-7.77941535851802e-06,1.24983829889842e-09,-2.44501095795412e-08,9.29566769305608e-09,6.16157693155365e-09,-3.54817048307221e-06,-9.26937175732496e-07,-4.36403045970427e-07,5.72556660300625e-07,1.28655731816745e-07,5.57514169602009e-07,-1.75995610978623e-06,-1.01546210916269e-07,-9.6445058654998e-06,-5.73104144233106e-08,-2.21912812015097e-05,-4.21733785700915e-06,2.30888257277401e-07,4.83596920670473e-08,1.48765426639152e-06,5.50315260377565e-07,-6.43118383115775e-05,-5.88502199718859e-09,-2.63101803625311e-06,2.34749536465756e-17,-2.5303848750661e-08,3.62800166717019e-07,-7.5674254208713e-08,-1.9794270112024e-07,-2.69936641414433e-06,3.73580704746201e-08,-5.40551145098915e-07,2.41291589632578e-07,-8.01561904791265e-07,3.02318453356181e-08,-6.15017544642973e-08,2.52294581674807e-05,-1.66470849999726e-08,1.8442481210991e-06,-9.62949763773756e-05,6.55776131955862e-09,-4.35384324133734e-10,2.09480491799276e-08,-2.01658861108046e-08,3.17949646699332e-07,1.42116436529936e-05,-2.74340980754517e-06,3.55501227974852e-07,-0.000659043939334928,5.20936566547923e-06,-3.56714230198323e-07,2.30029559523677e-05,-2.16038386315759e-06,5.10996478362009e-09,4.44788594556735e-05,2.16103287439328e-07,1.78496871155252e-06,4.72943665675763e-09,-0.000173656840205078,1.25226173912725e-07,-1.64617427093509e-07,2.60851758413637e-07,-5.0492929227931e-07,3.93591058013635e-07,-2.88442294847792e-08,5.55479946022076e-06,-2.41627645394387e-08,3.97348036486144e-06,8.62774503957969e-17,-9.78252095246065e-06,-1.68604932586712e-06,-1.04108389992298e-11,-9.14093907892518e-08,1.3487523514414e-07,-8.37148874607635e-08,-2.37861467589649e-08,2.78809487095213e-09,-1.24507569705466e-07,4.70743551414226e-06,1.7440821335005e-06,-1.36672645336857e-08,7.30672504866084e-06,-2.45396641180618e-05,6.645226781345e-07,-2.07488335774277e-05,1.72225832013786e-07,3.0081619251258e-07,4.64220674881139e-09,1.26078901192832e-05,-1.65128759595813e-06,7.31091391815028e-09,-2.29257144242956e-06,2.68847825680146e-07,-9.76657071097306e-07,7.14494829313838e-07,6.35858903375225e-06,3.2237606775788e-07,-1.02372804622622e-07,-6.67081673775966e-07,6.76335661580313e-08,-3.1266827851701e-07,8.71398876079759e-07,3.49878162814655e-06,-2.70409598477633e-05,-1.56452165062122e-17,4.91125547253187e-08,2.67399093356747e-07,-2.61846629882184e-08,1.39820313966274e-05,1.50059510910234e-08,3.66022402817576e-06,1.45301504612654e-05,-1.12859511419006e-06,4.85058085749305e-06,1.46537801193e-16,-6.30636619006363e-05,-2.83282084066343e-09,-1.25640455837038e-06,5.3155140284936e-08,9.9315727691516e-07,-6.61966167261311e-07,-1.11420022979624e-05,3.01362234282983e-06,-3.11372380325217e-07,2.05323595326948e-05,-6.86871610474177e-08,-6.78956183088549e-06,-9.32311086750916e-09,-1.49299081593762e-09,-2.16680235440596e-05,1.49401004521422e-07,-0.00153201606249813,4.56936843866854e-17,-5.17603550777936e-07,4.22656569921834e-08,1.21853344435433e-09,1.21140535642066e-08,-1.87824195225102e-05,-0.000608212068184107,3.72718538355445e-07,-1.47255825553056e-06,-1.00695291542277e-06,-1.44337363286256e-16,-2.16111501277128e-05,-8.17659196804053e-08,-7.01193560642572e-05,1.40145024409219e-15,1.76108193703543e-05,3.50349799773622e-06,-7.7649067020399e-07,-0.0197054764006651,5.74098773057679e-05,0.00253607876425167,3.13894935781613e-06,-0.000516680065836526,-2.53317001633e-07,-1.01808186709597e-08,-9.28050632350042e-07,-2.64945203645973e-08,6.8572023181559e-17,-5.93280864734283e-09,2.87245085727934e-07,1.78727475376148e-07,-1.53407224146002e-06,9.34547949806819e-18,-4.39347812246749e-08,9.85217691359518e-09,-1.19051810192523e-06,-1.74583359191422e-08,-6.51542335101224e-06,6.66769067099571e-08,-9.46918431743165e-07,5.86824462124331e-06,1.13265370982217e-16,2.37053010607831e-05,-1.13465748029299e-07,3.36149057370073e-07,3.71494824873864e-05,-4.89365625469056e-08,-1.08176212631824e-07,-1.72604985859692e-16,4.08016610547988e-16,-1.02950839593633e-07,-7.22028367199836e-08,9.57298098475056e-09,-1.09909583736874e-05,4.05524062813398e-15,-9.68414913110728e-06,-1.18999300404683e-07,-1.6008192850517e-16,-1.60047794695988e-17,-1.15991401111516e-16,1.6993333901777e-05,4.72376376812609e-07,-5.56841051387213e-07,1.81062642291127e-05,2.59246831117969e-06,5.20364118075392e-07,-2.28021178536659e-07,9.43836845950992e-17,-6.08198767287745e-08,1.85560019432716e-07,3.64752224880189e-16,-4.01670512448109e-16,-1.80638920027038e-07,-1.21269257843145e-08,-1.59931244606424e-07,5.03021921319417e-05,3.80657859208456e-07,-1.80689553422078e-05,4.60932820627559e-15,-8.52661357589656e-06,2.67715224945523e-15,-0.174378845126361,-2.65927687856382e-14,8.98198722914158e-07,1.26768391422187e-15,-1.60216213628309e-06,-3.7798510996523e-07,-0.000554115619374191,-8.36656315219265e-06,-3.52620269901618e-07,3.36140763689458e-08,-1.84931545431007e-07,-5.24656483469843e-08,-2.50863120569377e-05,-7.7540208232245e-07,-3.98042595637092e-08,9.60246621724971e-08,1.55496584367611e-05,1.96784705750829e-06,3.57160177233787e-08,6.31768951078272e-18,-2.95706752042457e-07,4.55997611537774e-08,-1.76834927725976e-08,1.06839425740607e-16,-3.04340815700644e-07,-7.74046660868055e-07,-2.36364286977279e-07,2.54606744995225e-16,5.59139327039891e-08,2.86638497031721e-06,-7.55225979624585e-17,3.41017417884136e-08,-5.81318151813457e-08,5.82416256526706e-17,2.77566954324361e-16,1.92698708827666e-09,1.07855363193206e-06,5.87995287098852e-09,7.74512642628338e-06,-1.91958827213193e-07,-5.00993463901354e-09,-8.60414630571728e-07,-3.75442687935402e-08,8.22761285475602e-07,9.19403442267708e-17,-1.44753029028366e-10,-1.04833632106268e-08,-2.82922205775301e-08,-1.44747855152625e-05,-6.99090919044586e-16,9.32259803871581e-18,-3.28259057252003e-07,1.8919866310987e-16,3.86789635006724e-15,-2.3386354673863e-08,3.19253879461522e-08,5.96751317554098e-09,2.11892436422244e-06,-1.24738030865706e-07,-3.24084384657854e-08,-3.99588505994623e-08,2.6194743275046e-17,-2.27912427999929e-07,-5.54271036459184e-09,-4.14597411961858e-08,1.8331278570485e-09,-3.8914098850328e-09,4.59142499038787e-17,1.11118407595153e-16,4.60537086849656e-16,-4.97763805527127e-09,-9.79733473491087e-11,-6.71500331620958e-09,1.53819411053721e-16,-1.3295802400593e-10,-8.94583969619839e-16,2.39466622690919e-16,5.76270321026734e-08,-1.45384184498709e-08,-2.0491421059976e-16,-1.38004391554168e-07,-2.01094328144995e-09,-2.93489795363503e-16,5.40620469028716e-09,-1.84213657154701e-17,0.000556920057069279,2.50709216314434e-16,-7.32775720757572e-06,2.65659159895639e-09,2.62655026221597e-10,6.2900903909049e-08,5.59739809749289e-07,-2.01709772810425e-09,7.17750026562842e-08,-3.74549532050226e-17,4.81173313749826e-08,-2.74731764480442e-09,1.43149087649499e-17,-3.67371056768216e-10,-7.68324371058956e-09,1.82516012751887e-09,-4.72443439651389e-17,6.26877785415594e-09,8.39452771493251e-09,6.98833513984413e-17,-2.36665572136105e-07,-1.8101572873839e-07,-2.53946570667011e-10,-3.06462226037419e-16,3.00762211106738e-16,4.81282295192018e-09,2.67659711281396e-07,3.54536817357497e-05,-2.14369524196461e-09,1.75860018603444e-07,-2.74203080963778e-16,-2.89940270762342e-16,2.74497416339869e-05,1.04737915951365e-09,4.52455280065886e-17,1.55934675764373e-06,3.34369608095838e-16,4.61625246655339e-09,-7.89730253576755e-08,-1.05755861646092e-07,-7.03816495180169e-07,-1.27460522316162e-16,7.85608324352115e-16,-2.55006426213979e-16,-1.19747016489928e-16,-5.59811221423945e-10,-1.9461900085621e-09,3.22893330398951e-16,-1.66746281671713e-16,2.27123153981139e-16,2.76072882784496e-09,2.48889124086031e-11,-1.3816332979186e-09,3.26815352900802e-16,2.03287907341032e-18,1.28505062493844e-16,-6.06350885716476e-08,1.85673477073687e-09,5.03174400430904e-16,3.28479555881169e-10,-8.62925273224037e-09,-1.08876986352705e-16,1.66593496485653e-16,-3.65920377498732e-06,-6.21731532909254e-11,-0.000247229612096502,5.78006774028817e-16,3.19980917057894e-09,5.19879683272506e-08,5.58553720628363e-08,-2.07493505989637e-07,-1.22870466605239e-08,1.99049634804183e-10,-4.14684226610024e-16,2.18075891008634e-16,-1.03503401964134e-16,3.58804804847962e-09,-3.24468299549355e-09,-1.25382591636636e-07,-8.82265093320507e-10,-2.44989928066482e-16,-2.69047074525583e-16,5.80002516854959e-16,1.3660984643553e-15,-2.1942233010105e-16,3.65834395068693e-09,-6.54702589322871e-16,9.20892075253865e-16,-9.53917342450409e-08,2.1611897981696e-16,-2.88923169355593e-07,-5.64539339741413e-16,-6.14894660168556e-08,2.70117019513911e-16,-5.8202660547262e-08,-1.13160511841429e-08,-4.94993420043253e-09,-1.39977047767139e-16,7.49312019132117e-07,5.51105152520436e-16,-4.18313644786261e-09,1.07789927553866e-08,-6.35794722489018e-11,-5.89454380892664e-16,-6.19739894885613e-07,-4.41652452511608e-15,1.21745186318955e-07,6.60317169370541e-08,-1.73093370206953e-15,-1.87266803910237e-14,-1.43919811072182e-15,-5.12382949127477e-15,5.97098011847134e-08,0.504478280242905,-6.45311510956773e-07,4.09063082944467e-15,3.20202580423791e-15,-8.54172508515769e-09,6.78433666157722e-08,-3.77319205835385e-15,-1.27257248799348e-15,-8.58764224282217e-08,4.90970366349262e-17,-1.57223963123395e-06,2.39373762108808e-15,1.26965844368066e-07,-1.26721485939944e-15,4.29264717437963e-16,1.44986579226673e-16,-1.97392380980194e-15,3.51219324074618e-16,2.26209494298138e-16,2.0874051442428e-09,-1.45767190952886e-08,5.79235409274363e-16,-9.33280616992987e-09,3.86905548410795e-07,-4.05662875425757e-16,-3.48591604554982e-16,-1.1978799377087e-15,-9.58284188924096e-16,3.38844023437334e-07,9.09896806530346e-08,6.85592062230575e-17,1.4888988425638e-16,-6.47819887194468e-08,-2.08996612204916e-08,-3.1514533109947e-10,-1.02497561642527e-16,-3.30730304209271e-16,-1.05038335380397e-16,-6.86679146894147e-16,-4.15818529215887e-16,-7.10133403536196e-17,2.03712524742636e-06,-4.14567619414377e-07,-1.52010637051206e-05,4.26814895126069e-17,-7.85500016090084e-16,-4.85294940744145e-16,7.3749289348932e-16,5.60820286885117e-16,2.34894393206808e-15,1.13235587483515e-15,4.49844999148114e-17,4.6223473038113e-16,-2.61379888572124e-16,6.85097267973692e-16,-3.05117716653956e-16,-2.06954651203864e-16,7.64412256831773e-17,1.10950934368316e-09,1.01410336904538e-16,-1.58015059252771e-15,-1.77133153007177e-16,1.56450296893763e-08,-1.93312136550371e-08,3.90076983554564e-16,-4.03227934074351e-10,1.42188469923601e-08,5.92775447007728e-16,7.33930641795781e-16,-2.72911891175486e-08,-5.15952932419257e-16,3.46771918739856e-10,5.43672650411929e-16,-3.98641504572426e-18,2.78079964240685e-16,-7.40257506513163e-16,3.45770517284894e-08,-4.62880129475404e-08,-1.37328780221427e-15,-2.29655323055827e-17,9.47892055466179e-17,2.91606848000206e-15,1.64115682849131e-15,5.19784075605425e-16,4.56093752146814e-16,1.36823220851218e-15,5.50527714250269e-10,1.33897804748466e-16,3.76179337443772e-16,7.03277526312574e-16,-7.24725427648751e-16,-3.02439820514819e-16,-9.78653798078856e-16,-1.19559264647881e-07,-2.74989183164426e-16,9.54417507423155e-16,8.08657271038464e-09,2.18819819145987e-15,4.33209905944812e-16,-3.76244406901965e-15,5.17498630781757e-16,6.73607683617982e-09,6.92845714828721e-16,-5.08350624449769e-07,-1.9955763032289e-15,-7.17215061451634e-16,-6.15999041303409e-17,2.62197481811616e-15,-1.69035364171833e-15,-1.79852943538002e-16,8.05353238103695e-09,7.11716282668785e-15,8.79464002230052e-16,1.01699882682526e-09,-1.00529188828913e-06,-2.60006607303223e-16,1.7304703913757e-07,3.98303722940338e-07,-7.29024868659385e-16,1.46757173969125e-16,-1.46890228739042e-15,-6.37449448893682e-16,-6.49023804477463e-15,-6.69258190091426e-07,7.30093589191473e-14,-2.35116777766202e-14,0.707106781186546,9.07293076893e-07,-2.21164255226955e-14,-2.05625400237509e-14,-2.1210378086094e-15,1.66495399435905e-16,-1.22164651096293e-07,-2.22446282570902e-15,2.12790300207592e-10,5.91579813296202e-15,-8.3689792378986e-15,9.15274941712894e-16,1.08557939620693e-15,-1.49556139437051e-15,3.27825529933649e-15,2.71508450019716e-15,-3.69729708796919e-09,-3.75704241133621e-15,-4.33522031569314e-16,1.55499516703595e-09,-6.74137366630872e-16,2.19331109736074e-15,1.78609247442018e-15,-3.54328205277523e-17,2.07867816519735e-15,1.53577108536046e-15,-1.12875002057856e-08,-1.5779583887734e-15,-2.53755030735372e-16,3.36318714203462e-09,4.70830882756619e-16,-1.92741360164409e-15,-6.53551118722824e-16,1.06486159505411e-15,-2.24345290162587e-15,-1.97218472615092e-15,4.68697720909408e-16,-4.70894108881531e-16,-3.87380286453905e-16,5.18483855775682e-16,-3.04392454481283e-15,-1.76883778876995e-09,5.86741382610674e-09,-1.40090282537728e-15,-8.23925438569098e-16,-7.52198100818749e-16,3.2047280658087e-16,1.75076966812959e-15,4.72134235199481e-16,1.99759448820471e-16,-7.90335204692798e-16,-5.60216253199544e-09,-8.41462077916002e-16,6.58723467220673e-17,-5.15545892795945e-15,1.44449231539718e-15,6.5318103317832e-10,3.39578184467588e-16,-1.03766426442121e-10,4.30822445117145e-16,-5.70977012208631e-16,1.75290311159517e-15,-5.82360620809322e-16,-3.55055006702911e-16,-9.56246795675673e-16,-2.13531450837704e-16,1.67280941425459e-16,7.61432780426584e-16,5.50670634097436e-16,2.94807628867518e-16,-5.55091979947526e-16,8.12721977140999e-16,6.05386537469131e-17,4.9708640377587e-16,7.07417214415403e-17,-2.63898484926637e-17,4.5450094964526e-17,7.59384510563925e-17,-1.0913594945834e-16,-5.21989135943146e-16,-3.74449024650284e-16,-1.69235172739905e-16,-8.30058911587312e-17,-2.51682500755073e-16,8.5525297458465e-09,-8.48527085438597e-17,-5.31049038941972e-16,-2.82410742045999e-16,-4.98953731001009e-16,3.98325005841222e-16,-6.14304750828274e-16,5.08364289840724e-17,-2.67241775924881e-16,-1.13083447222883e-16,-8.3825166151469e-16,-5.97503817256761e-16,-5.94842190498694e-17,1.41076063994293e-16,4.65928276293977e-16,-3.62775002745686e-16,-5.52373467597307e-17,3.56567248794443e-16,-6.53540680138489e-08,3.18796048080316e-16,-1.57714360574253e-16,-1.58641650427127e-16,5.03913507840396e-16,4.4616584989819e-16,1.85563277435913e-16,2.46137363820966e-17,1.24103709248893e-16,1.12921762219202e-16,1.50676426735535e-09,5.01443759732223e-16,-1.17840451577275e-16,5.83194228746617e-17,-1.30458770968662e-16,2.07588952174555e-16,5.76207191734108e-17,1.23386904506926e-16,-5.1678758410091e-16,2.86187535256896e-17,-1.56557965489858e-16,1.92762300358982e-16,2.11992475835649e-18,1.06013043606492e-16,4.02948299167087e-07,2.75355693356422e-16,-2.88552386410248e-16,5.63812527837502e-16,-8.40907204979757e-16,-2.10173097854779e-09,1.32429457321786e-16,-7.11731600092746e-17,-3.38493043771879e-16,-5.81272252734436e-16,2.13984067182158e-16,-1.38073438186773e-16,9.00666854907375e-16,2.00698697588981e-16,1.7717468772344e-16,3.79241318240543e-17,-2.17888332273126e-16,3.93853076900173e-17,3.39014556094391e-17,-7.08449735293507e-16,-9.05955988088171e-17,-1.33058022186036e-17,-3.9514877931077e-16
"t623",0.0354300627881387,-0.0103092629051555,-0.0112622869372705,0.000652630183632494,0.00590175983835147,-0.0156283655273587,-0.00219504794422271,-4.61496168107762e-06,-0.0394785299013818,-0.0174930438782459,0.128504146807147,0.00215777072713237,-0.00419352765193384,-0.000881926205369236,-0.0237883831254909,0.00055901077324178,0.000366644082156049,-4.44482623379031e-05,-0.0207081371587731,-0.00801976664516884,-1.42556463364113e-05,3.78995674220334e-05,-0.0213916432649411,-0.000704187247759377,5.45280395135692e-05,0.00178189906805992,-0.031565780812397,-0.000379373063368446,0.000696936920242371,5.90509914459416e-05,3.93108896213349e-05,-0.000397791655667132,1.93228177148728e-07,-0.00059664490112463,0.00159589893194542,0.000651708663150128,3.38021456398459e-05,-0.000145854703915201,-0.0373213087281987,-0.244334355123765,0.000536244391626595,-0.0153333617601543,1.32027519895749e-05,-0.000936902940596785,4.26718854331504e-05,-9.37660933398317e-06,1.81379309268679e-06,-2.82038900963147e-05,0.00348505919143415,-0.00586308017524327,6.1782844705921e-06,-8.93530206547146e-06,6.84638697944641e-05,-3.88656654555074e-06,0.000353035664729582,-0.000271298902461183,0.00012176598268212,-0.000146684451811828,0.00127613774110002,-2.06446268033439e-06,-1.9086510808233e-06,9.84731665391333e-05,-5.7623848171173e-05,4.28984577412245e-05,-0.000776491565916605,8.12809864903132e-06,-5.06350991443022e-05,0.00015374475820605,-3.7050343204273e-05,0.000166196586647142,-1.3984112541269e-06,3.72108169311445e-06,-1.27966919586103e-05,-8.22735954459504e-06,3.45464352823044e-06,2.92403439320591e-06,-2.98439023967525e-05,4.40395050362788e-06,-0.00201814154947095,-0.000125150251380396,8.50906952850103e-06,0.0006641008322867,-0.00162484992703377,-2.36905082597526e-05,0.000222723346920723,5.89481353249485e-05,-9.09432127591496e-06,-0.000156247431262468,-2.92328232356279e-07,1.17703913159028e-05,-0.000119264375266643,6.85009803767442e-08,4.7427183150451e-05,-4.24521105911961e-05,-8.92983674585081e-06,-1.05313412744664e-05,-1.23812785474178e-06,6.74477787744844e-06,-7.64087340251644e-05,-0.00165933505781256,-3.70966899937635e-05,2.47719580356317e-07,-5.24403990883981e-05,0.000104274613167357,-0.00023058522350134,4.62453635917913e-06,-0.00227134215107595,4.12666805938182e-06,-0.0361790717204898,-7.90844651351544e-07,-1.79333062094913e-05,-6.0242653345832e-06,1.46136146983899e-06,2.04201242194583e-06,-2.43275160680139e-06,3.39201792935983e-06,-0.000651043704941375,0.00075791715327148,-7.06667845093433e-05,2.66395033528122e-05,-1.56769243389317e-05,3.55411891451962e-05,-0.000557860382700117,-0.000555153635113897,2.76078136947691e-06,-6.50580545267077e-05,6.82374879922357e-06,-0.000183504016662379,0.00029772851036761,0.0104588498700078,8.31947473112971e-05,-0.00107830776750244,0.000194463513063899,0.242439014525316,1.23410357245525e-06,-0.000707679853895779,0.00060012107082522,1.27931116079793e-05,-0.000589370564053173,0.00015866070574465,0.000798982096769945,1.06244284572727e-05,-0.000102844234687944,-6.34434213172218e-06,-3.65801114779554e-08,0.00117800835346547,1.7130281023662e-06,-9.96449338028538e-05,-5.74076662357614e-06,4.28266703791766e-07,5.17516316781601e-07,2.41201895551431e-05,3.14030745406283e-07,-7.11590322585279e-05,8.80837930343998e-08,1.30935584182239e-06,-6.58658814652322e-06,-2.50718378190381e-06,-1.96343720698303e-05,-2.84605558244698e-06,-3.42081234988341e-06,5.20665911905004e-07,-8.91606134604156e-05,-7.00621556047354e-06,6.23429867387341e-06,-5.9478701389182e-06,0.197309579070891,-0.00348041137732205,-0.174198493546936,-2.07666881877884e-06,2.02327676832744e-05,3.51859453575329e-06,-2.93692807363019e-07,-0.000160570545449936,-1.37142746062097e-06,-2.67190711779153e-06,-1.14507724557711e-07,3.08477638865045e-06,9.89042566317912e-05,1.06232425726202e-05,-4.15892597816425e-05,-1.04961784766252e-05,2.16174215091547e-06,8.57521319676517e-09,2.62555863051551e-07,1.29456839699777e-07,0.00129968940401281,-0.000417025687957215,-0.00213122614446572,-6.76658705674859e-06,1.14005642990101e-06,-5.10739513077819e-06,-1.91454924907418e-06,-2.91294275126353e-10,-2.85910276595784e-08,5.16561371869064e-06,3.18970824068399e-06,4.80519837339714e-08,-5.02526009893895e-06,-6.48786065422841e-07,1.31254584898557e-05,-1.83234741191368e-06,5.32643712348947e-08,3.97601517001432e-08,4.52384677241186e-06,1.97134635275871e-07,-2.21352326955614e-06,-1.00056077649742e-07,3.09729996989283e-06,1.1779070606237e-10,-5.21317354291723e-06,-4.63385180256613e-08,-2.22266557034135e-07,-7.77941535848003e-06,1.24983823931456e-09,-2.44501095695897e-08,9.29566775013933e-09,6.16157693586038e-09,-3.54817048313476e-06,-9.26937175806306e-07,-4.36403046054597e-07,5.72556660439406e-07,1.28655731731335e-07,5.57514169666097e-07,-1.75995610978515e-06,-1.01546210954769e-07,-9.6445058655225e-06,-5.73104144634469e-08,-2.21912812015891e-05,-4.21733785701968e-06,2.30888257261336e-07,4.83596920744876e-08,1.48765426644894e-06,5.50315260336777e-07,-6.43118383115723e-05,-5.88502178728081e-09,-2.63101803625195e-06,1.75186931333399e-16,-2.53038486960014e-08,3.62800166676253e-07,-7.56742541848425e-08,-1.97942701138066e-07,-2.69936641411102e-06,3.73580705127196e-08,-5.40551145130423e-07,2.41291589924105e-07,-8.01561904648902e-07,3.02318454052817e-08,-6.15017544230085e-08,2.52294581674335e-05,-1.66470850509326e-08,1.84424812110152e-06,-9.62949763774228e-05,6.55776147469932e-09,-4.35384294914486e-10,2.09480492028673e-08,-2.01658860784255e-08,3.17949646762323e-07,1.42116436529478e-05,-2.74340980759511e-06,3.55501228006312e-07,-0.000659043939334854,5.20936566544647e-06,-3.56714230190029e-07,2.30029559523246e-05,-2.16038386318054e-06,5.1099647879115e-09,4.44788594556626e-05,2.16103287411866e-07,1.78496871146023e-06,4.7294364572298e-09,-0.000173656840204808,1.25226173889806e-07,-1.64617427307883e-07,2.60851758802636e-07,-5.04929292204647e-07,3.93591058000761e-07,-2.88442294573232e-08,5.554799460291e-06,-2.41627646729324e-08,3.9734803647099e-06,5.49148054368398e-17,-9.78252095244643e-06,-1.68604932597221e-06,-1.04108487764197e-11,-9.14093908224997e-08,1.34875235131177e-07,-8.37148874515513e-08,-2.37861469466789e-08,2.78809499817103e-09,-1.24507569707803e-07,4.70743551412889e-06,1.74408213365996e-06,-1.36672645779704e-08,7.30672504864089e-06,-2.45396641179832e-05,6.64522678071972e-07,-2.0748833577449e-05,1.72225831884549e-07,3.00816192539547e-07,4.64220665745329e-09,1.26078901193296e-05,-1.65128759597579e-06,7.3109136571978e-09,-2.29257144252476e-06,2.68847825567914e-07,-9.76657071142105e-07,7.1449482927698e-07,6.35858903371635e-06,3.22376067704843e-07,-1.02372804686218e-07,-6.67081673915504e-07,6.76335660122812e-08,-3.12668278567257e-07,8.71398876070767e-07,3.49878162802082e-06,-2.7040959847727e-05,4.65461817538888e-17,4.91125546222372e-08,2.67399093460733e-07,-2.61846627283352e-08,1.39820313968258e-05,1.5005951077563e-08,3.66022402816006e-06,1.45301504613367e-05,-1.12859511418482e-06,4.85058085756434e-06,5.1798444892545e-17,-6.30636619004262e-05,-2.83282080818737e-09,-1.25640455832002e-06,5.31551403961475e-08,9.93157276858735e-07,-6.6196616706644e-07,-1.11420022980754e-05,3.01362234277639e-06,-3.11372380214705e-07,2.05323595325448e-05,-6.86871613470586e-08,-6.78956183128341e-06,-9.32311071916856e-09,-1.49299085206865e-09,-2.16680235442376e-05,1.49401004523568e-07,-0.00153201606249781,2.7937655177916e-17,-5.1760355093129e-07,4.22656570050854e-08,1.2185335230886e-09,1.21140533635467e-08,-1.87824195225395e-05,-0.000608212068184196,3.72718538202927e-07,-1.47255825563606e-06,-1.00695291551244e-06,1.83050320955667e-16,-2.16111501278071e-05,-8.17659197628308e-08,-7.01193560642325e-05,1.32373890717051e-15,1.7610819370401e-05,3.50349799785018e-06,-7.76490670254336e-07,-0.0197054764006641,5.74098773051326e-05,0.00253607876425199,3.13894935783229e-06,-0.000516680065836486,-2.53317002163236e-07,-1.01808185955305e-08,-9.28050632425332e-07,-2.64945203111625e-08,1.97461516095377e-16,-5.93280901741153e-09,2.87245085719803e-07,1.78727475383662e-07,-1.53407224158168e-06,-3.11445484432272e-16,-4.39347812953807e-08,9.85217669805579e-09,-1.19051810204064e-06,-1.74583359179574e-08,-6.51542335096345e-06,6.66769066666829e-08,-9.46918431866086e-07,5.86824462124137e-06,-9.7796391813395e-17,2.37053010606892e-05,-1.13465747833167e-07,3.36149057184581e-07,3.71494824873525e-05,-4.89365625378946e-08,-1.08176212585862e-07,-2.52402265754625e-16,2.34787634994136e-16,-1.02950839517743e-07,-7.22028371737357e-08,9.5729810683678e-09,-1.09909583735696e-05,3.9062337946734e-15,-9.68414913123341e-06,-1.18999300333816e-07,-4.6634920683708e-17,1.5162777068501e-16,3.16271758773664e-17,1.69933339017196e-05,4.72376376730476e-07,-5.56841051364848e-07,1.81062642291247e-05,2.59246831091684e-06,5.20364118192637e-07,-2.28021178515068e-07,1.97517559219267e-16,-6.08198768677282e-08,1.85560019448795e-07,4.76055251032522e-17,-3.87294749857891e-16,-1.80638920014149e-07,-1.21269255741104e-08,-1.59931244927658e-07,5.03021921321724e-05,3.80657859267e-07,-1.80689553420451e-05,4.23929000480631e-15,-8.52661357605199e-06,2.8165836533349e-15,-0.174378845126361,-2.66184914821804e-14,8.98198723111517e-07,1.34546871400003e-15,-1.60216213610135e-06,-3.77985110081685e-07,-0.000554115619374191,-8.3665631521813e-06,-3.5262026954781e-07,3.36140763382741e-08,-1.84931545222567e-07,-5.24656480844562e-08,-2.50863120567117e-05,-7.75402082634388e-07,-3.98042596175103e-08,9.60246623422365e-08,1.55496584367607e-05,1.96784705741845e-06,3.57160175259252e-08,5.29505975510621e-17,-2.95706751883991e-07,4.55997611863448e-08,-1.76834931629975e-08,8.61438750401751e-17,-3.04340815696597e-07,-7.7404666073504e-07,-2.36364287234443e-07,-1.0642831499725e-16,5.59139326053893e-08,2.86638497014383e-06,-2.36470765167827e-16,3.41017418487793e-08,-5.81318152528398e-08,-7.8164451817146e-17,-1.21969737835337e-17,1.92698698808218e-09,1.07855363238957e-06,5.87995337125494e-09,7.7451264257772e-06,-1.91958827046078e-07,-5.00993474638332e-09,-8.60414630332834e-07,-3.7544268873412e-08,8.22761285400889e-07,3.79470760369927e-19,-1.44752966070286e-10,-1.04833633225733e-08,-2.82922206491617e-08,-1.44747855150975e-05,-1.64182784007994e-16,1.50048943506885e-16,-3.28259057032644e-07,6.78021045743473e-17,4.65011711953403e-15,-2.33863547284067e-08,3.19253879507684e-08,5.96751339192508e-09,2.118924364377e-06,-1.24738031117159e-07,-3.24084382859973e-08,-3.99588510841236e-08,3.21849244716899e-16,-2.27912428144162e-07,-5.5427107026194e-09,-4.14597410227576e-08,1.83312792871529e-09,-3.89140965074074e-09,-8.94877469528164e-17,-1.05743828186445e-16,7.38255802562617e-16,-4.97763791972392e-09,-9.79730433742204e-11,-6.71500336667608e-09,-2.1916538411832e-16,-1.32957796134025e-10,-4.47892674555807e-16,-1.29135828359629e-16,5.7627031746347e-08,-1.45384181737504e-08,-1.42030484595601e-16,-1.38004391514011e-07,-2.01094293293927e-09,-3.05144968717681e-16,5.40620463588872e-09,-2.30653512658697e-16,0.000556920057069306,1.7488743765826e-16,-7.32775720740976e-06,2.65659141905261e-09,2.62654956397946e-10,6.29009038684604e-08,5.59739809980916e-07,-2.01709687532503e-09,7.17750025818417e-08,-2.34308461395035e-16,4.81173309108239e-08,-2.74731797507222e-09,-7.22726779401845e-17,-3.67371050028031e-10,-7.68324407982118e-09,1.82516009241537e-09,-5.8020778011938e-17,6.26877763285487e-09,8.39452774378442e-09,-5.01367227151647e-16,-2.36665572252338e-07,-1.81015728718323e-07,-2.53946481638724e-10,3.488217973959e-16,8.99988826661134e-17,4.81282287004332e-09,2.67659711117339e-07,3.54536817362292e-05,-2.14369534105351e-09,1.75860018369374e-07,-2.52752254708233e-16,-1.71998918856337e-16,2.74497416336404e-05,1.04737911290843e-09,-6.9135599520237e-16,1.55934675769563e-06,-1.92258391294632e-16,4.61625296554999e-09,-7.89730254177e-08,-1.0575586139108e-07,-7.03816495290556e-07,5.09142452159749e-17,3.07515402339923e-16,-6.52781800046735e-16,-2.87209250833443e-17,-5.59811180174211e-10,-1.94618979025597e-09,5.0723336894344e-18,-2.02150353934389e-16,-2.01647445077704e-16,2.76072872221957e-09,2.48897386841352e-11,-1.38163377847578e-09,-1.54237700031204e-16,-9.784518030867e-16,5.17706537361828e-16,-6.0635088613578e-08,1.85673454399268e-09,6.60729735268918e-16,3.28479105896275e-10,-8.62925301733015e-09,-3.81329836391965e-16,4.60775929878825e-16,-3.65920377521862e-06,-6.21732247702479e-11,-0.000247229612095928,7.9304290859282e-16,3.19980907703764e-09,5.19879681589358e-08,5.58553718836456e-08,-2.07493506185161e-07,-1.2287046360308e-08,1.99050882666466e-10,-4.8353214931389e-16,-6.74354884170474e-18,2.52332495043515e-16,3.58804762163632e-09,-3.24468324849841e-09,-1.25382590178583e-07,-8.82265299717217e-10,9.32899170583034e-16,-1.35018942319046e-15,1.60300093300593e-16,3.97894063736999e-16,1.91710638874544e-15,3.65834496620423e-09,-9.34811464571007e-16,7.62058950817244e-16,-9.53917349874732e-08,-2.08070596329751e-16,-2.88923169763596e-07,-7.16517036753701e-16,-6.14894658610815e-08,-6.21425394977162e-16,-5.820265998492e-08,-1.13160513896543e-08,-4.94993450291335e-09,6.83211090224914e-16,7.49312019390913e-07,9.04223158315944e-16,-4.18313657660325e-09,1.07789926962512e-08,-6.35793219619511e-11,3.77727032104699e-16,-6.19739893602539e-07,-4.09000938262296e-15,1.21745186266522e-07,6.60317170920096e-08,-2.42854418405063e-15,-1.71827764585897e-14,-1.22679655854915e-15,-4.87257669389247e-15,5.97098009221498e-08,0.5044782802429,-6.45311511332024e-07,3.86528126593391e-15,3.28862441327108e-15,-8.54172519638552e-09,6.78433663878729e-08,-3.44035589694452e-15,-1.63638291241944e-15,-8.58764219091926e-08,5.98133106039114e-16,-1.57223963199836e-06,3.43945581795965e-15,1.26965845202138e-07,-1.453581973124e-15,4.1443483001261e-16,1.07348055368905e-15,-2.24679701049053e-15,2.24713712200275e-16,-2.42011116830451e-15,2.08740620588522e-09,-1.45767182562206e-08,1.14736744805125e-16,-9.33280700449058e-09,3.8690554784231e-07,-5.25369500427662e-16,-6.0839499497735e-16,-9.23628537238852e-16,4.98734881711771e-16,3.3884402313247e-07,9.09896809121655e-08,-1.60047855579419e-16,-1.25985398063486e-17,-6.47819886633774e-08,-2.08996612034897e-08,-3.1514508511049e-10,4.29431151787923e-17,7.80923512780163e-16,-1.01100737389932e-15,-3.01559417880266e-15,6.57064834074079e-16,1.53748274661621e-16,2.03712524807669e-06,-4.14567619139291e-07,-1.52010637046995e-05,-6.84574378793186e-16,5.89536704934757e-16,-5.52847327622641e-16,4.30994094111731e-16,7.95812767177728e-16,2.72364442339344e-15,2.41126659566546e-15,-3.83400756146076e-18,-4.84969476030583e-16,-6.39347250914836e-16,-1.88217857623757e-16,-1.408313347738e-15,-1.44819998659249e-16,-9.13925256254214e-16,1.10950941679840e-09,-4.01961033495475e-16,-1.5177005630231e-15,1.42909431315842e-17,1.56450294467578e-08,-1.93312149588236e-08,-5.20104472733872e-16,-4.03226476904871e-10,1.42188465057149e-08,-5.33659397288568e-16,1.00030880447064e-16,-2.72911888369432e-08,-2.30001032790976e-16,3.46771947942984e-10,1.52720650585762e-16,-3.05410958216966e-16,-4.75507433988407e-16,7.43992970170909e-16,3.45770524845261e-08,-4.62880124777551e-08,9.77940225901563e-16,-5.18190048522073e-16,-1.30634894742477e-16,9.5930039908221e-16,-2.06139359054669e-15,-9.10456272426243e-16,3.55328345018326e-16,-5.10579411548539e-16,5.50527853407298e-10,-2.74637496760951e-16,-2.49677899406118e-16,-8.03705529362817e-17,-1.59241333186536e-16,-1.80162435039196e-16,6.39111368541073e-16,-1.19559266285829e-07,1.9652111052078e-16,-6.28032644568737e-16,8.08657144105147e-09,-3.2210956114121e-15,-2.01430533119759e-16,4.03915327575129e-15,-7.6344479338654e-16,6.73607567003856e-09,-7.588710785766e-16,-5.08350623957158e-07,2.23470305545002e-15,5.65500822049695e-16,-4.44879076541928e-16,-3.32857012623217e-15,2.01176349638993e-15,-9.70236462186661e-16,8.05353227303718e-09,-7.04568217742756e-15,-8.65920737260407e-16,1.01699275225298e-09,-1.00529188872598e-06,-2.11811187543335e-17,1.7304704266351e-07,3.98303727437637e-07,1.13161418920458e-15,-3.44711581204864e-16,7.27134796872678e-16,4.59745485241883e-16,5.47738356109516e-15,-6.69258209300447e-07,-7.28080980019567e-14,2.40564457086829e-14,-0.707106781186548,9.07293096133723e-07,2.1889461921429e-14,2.16906439915683e-14,2.59228580022092e-15,-2.20304927731931e-16,-1.22164644929014e-07,2.33277657589126e-15,2.1278948999007e-10,-5.72109344399717e-15,8.85612014051808e-15,-4.56013412752016e-16,-1.06284165928565e-15,1.60900362435973e-15,-3.06794884374659e-15,-2.77698714231541e-15,-3.69730839261964e-09,3.99419606952738e-15,2.47106146364073e-16,1.55499615645164e-09,6.22830299553376e-16,-1.92432704216946e-15,-1.96955081849759e-15,7.29061535275986e-17,-2.09960681363905e-15,-1.10822714777288e-15,-1.1287499760131e-08,1.29214010012274e-15,2.52932556148703e-16,3.36318876457005e-09,-5.87652668474112e-16,1.86459701264192e-15,2.55766345603592e-16,-2.01722853085689e-15,2.28749844022486e-15,2.00665537168316e-15,-5.62784093962224e-16,-1.12231732022139e-16,8.53325233596029e-16,-4.19701111415616e-16,3.03338931924298e-15,-1.76883924872938e-09,5.86741207837234e-09,8.7335549934568e-16,1.18871752934889e-15,8.5849378596119e-16,-5.73595644950347e-16,-7.57857318567368e-16,-5.49490411581537e-16,-1.52907866108832e-16,4.27875319512039e-16,-5.60216170235588e-09,3.36701997942229e-16,-2.18815739119266e-16,4.90673751545848e-15,-1.13695216915622e-15,6.53180851572333e-10,-1.84737095005578e-16,-1.03765341155349e-10,-7.32414404187804e-16,2.46389846340497e-16,-1.87181334049268e-15,3.61627041960865e-16,4.02954825579586e-16,6.49726124733629e-16,1.11785897397245e-15,-1.38332123936957e-16,-6.83763482416812e-16,-2.75028200508711e-16,-2.12143309979772e-16,4.15142553319275e-16,-4.05998251858277e-16,8.96772427987716e-18,-4.78232479391686e-16,2.49798904295248e-16,1.37709413996212e-16,-6.61091970084852e-16,-4.93157866370157e-16,-1.30919877800793e-16,9.03899351201165e-16,2.94956617938858e-16,1.12711602214951e-16,1.83217422345825e-16,6.03322961084464e-17,8.55252986158482e-09,5.98297125070283e-17,2.0013690618225e-16,1.80949415538387e-16,3.51488077473005e-16,-5.29014690756186e-16,3.96162418772861e-16,1.04630651174607e-16,7.37355234881178e-17,-1.76969160826132e-16,6.32198877699804e-16,7.00557233751509e-16,-9.47473636739582e-17,-4.49836842955404e-17,-4.32532019630066e-16,-2.77869863801449e-16,-3.51807091597373e-17,-4.21262335900845e-16,-6.53540680996414e-08,-1.9656538742973e-16,-2.46325969210803e-17,3.77500122534581e-16,-4.55850245934224e-16,-6.25241081618581e-16,-3.19805788425626e-16,4.07366413471338e-17,-2.92481747105767e-16,-2.76241746681972e-16,1.50676430196501e-09,-2.35596877123423e-16,-6.41582523649909e-17,-2.78049686629221e-16,1.03927637248847e-16,-7.67320680750857e-17,-3.64852023880975e-16,-1.4169899909582e-16,-3.83200923744974e-16,6.67058519767071e-17,5.85768079929827e-17,-1.6866790660315e-16,9.06483855195308e-17,3.04313512712416e-16,4.02948299102003e-07,-2.8758709343556e-16,1.35755165316243e-16,-1.95106601997345e-16,-3.06395533944404e-16,-2.10173099245182e-09,-4.515677485949e-17,2.68735642853551e-16,2.12558661297864e-16,7.79851968854156e-17,8.16513214562255e-17,1.12379653942509e-16,-7.39619435739015e-16,-2.15800126751807e-16,-1.63954173496472e-16,-3.01159694078366e-16,1.48353224396976e-16,7.75296713019153e-17,1.59731854383192e-18,1.37223873210105e-16,8.9566117996898e-17,9.85234565496148e-17,-5.79453408893384e-17
"t743",0.0354316916808817,-0.010310261018521,-0.0112634125348538,0.000652717559072182,0.00590272682558745,-0.0156313684344092,-0.00219547796719678,-4.61593744877874e-06,-0.039488382218603,-0.0174983328219252,0.128553372041975,0.00215878760597176,-0.00419556122545465,-0.000882360297815694,-0.0238005978577692,0.000559314592153511,0.000366848064088162,-4.44734348085363e-05,-0.0207201336696761,-0.00802480968566734,-1.42653341820698e-05,3.79305812741534e-05,-0.0214101158985329,-0.000704798769089273,5.45755758293896e-05,0.00178352547726029,-0.0315949279106224,-0.000379726465605802,0.00069760330220073,5.91174894410212e-05,3.93580430536174e-05,-0.000398290105063785,1.93487429707819e-07,-0.000597482580521065,0.00159825145544669,0.00065274429297533,3.3856525651387e-05,-0.000146092989819208,-0.0373826858515069,-0.244742009980458,0.000537164140674232,-0.0153602820124762,1.32262681716917e-05,-0.000938573694619621,4.27492736909281e-05,-9.3946697570732e-06,1.81734953681176e-06,-2.82596527132599e-05,0.00349210965016825,-0.00587523423170739,6.19150538728813e-06,-8.95470272828282e-06,6.86128356935881e-05,-3.89517535118135e-06,0.000353844875029501,-0.000271923937337289,0.000122072381503174,-0.000147062140870114,0.00127943251368122,-2.07009114498341e-06,-1.91406476732338e-06,9.87578628590064e-05,-5.77930062847923e-05,4.30248693378103e-05,-0.000778844361051271,8.15333697606445e-06,-5.08007394812635e-05,0.000154259219995988,-3.71756084732156e-05,0.00016676891360538,-1.40369151678634e-06,3.73607764856125e-06,-1.28487643220897e-05,-8.26150495388801e-06,3.46901620675139e-06,2.93630209634023e-06,-2.99695284894935e-05,4.42279099965106e-06,-0.0020270892337832,-0.000125712998025383,8.54824688123947e-06,0.000667173981846607,-0.00163264655741755,-2.38054057335207e-05,0.000223852830727397,5.92506412152059e-05,-9.14154741603524e-06,-0.000157060362306569,-2.93849927725693e-07,1.18317379240876e-05,-0.00011988875755975,6.88747121379944e-08,4.76868996934768e-05,-4.26903758608708e-05,-8.98205604899313e-06,-1.05932993020426e-05,-1.24541406447898e-06,6.78507770093225e-06,-7.68678315728074e-05,-0.00166951495842808,-3.73281014437393e-05,2.49267143772688e-07,-5.27685486896806e-05,0.000104975651884023,-0.000232143511440233,4.65591486564255e-06,-0.00228686384773217,4.1549243985445e-06,-0.0364276670214412,-7.96307475653781e-07,-1.8057394327161e-05,-6.06637354105176e-06,1.47158831808652e-06,2.05668039697402e-06,-2.45032226014785e-06,3.41681005174423e-06,-0.00065582739943424,0.000763566858192545,-7.12007937794439e-05,2.6842871178272e-05,-1.57972917665573e-05,3.58194650161922e-05,-0.000562282965565684,-0.000559556844423693,2.78271749999627e-06,-6.55815388521049e-05,6.87871273669484e-06,-0.00018499801832329,0.000300226291907293,0.0105466229123692,8.38946135590846e-05,-0.00108755827832657,0.000196138103249402,0.244532462727763,1.24487937335602e-06,-0.000713868586938268,0.000605491927862922,1.29097128267439e-05,-0.000594874877177518,0.000160143495409856,0.000806479894163815,1.07243387426579e-05,-0.000103814613533346,-6.40428027246972e-06,-3.69257080637868e-08,0.00118923968673678,1.7296557853004e-06,-0.000100629626897544,-5.7977481457217e-06,4.32558899520969e-07,5.22706967989771e-07,2.43630012038574e-05,3.17198814274723e-07,-7.18786674348478e-05,8.8994523967319e-08,1.32294116546682e-06,-6.65509677659286e-06,-2.53472296413815e-06,-1.98528254137449e-05,-2.87778302125604e-06,-3.45935908158724e-06,5.26545793775897e-07,-9.01813000611435e-05,-7.08655264076762e-06,6.30672686289168e-06,-6.01783993282436e-06,0.199714364916382,-0.00352288234798569,-0.176324883331055,-2.10213849226739e-06,2.04822896894806e-05,3.56202226907443e-06,-2.97357158126797e-07,-0.000162580735856636,-1.38872162384395e-06,-2.70566074214945e-06,-1.15955593124709e-07,3.12443721079982e-06,0.000100197630054605,1.07625660938912e-05,-4.21362069265832e-05,-1.06353391460146e-05,2.19049224135975e-06,8.68960600103524e-09,2.66068359372046e-07,1.31205318125979e-07,0.001317284699436,-0.000422786189324258,-0.00216068485447364,-6.86074216462658e-06,1.15621018723327e-06,-5.18084526653491e-06,-1.94222292037567e-06,-2.95536578060341e-10,-2.90097483396919e-08,5.2425208233542e-06,3.23736584853416e-06,4.87753031855639e-08,-5.10118602508946e-06,-6.58869024219398e-07,1.33297123281274e-05,-1.86119811407343e-06,5.41126546900892e-08,4.04106476103462e-08,4.59786823767893e-06,2.00368167635774e-07,-2.25010290881447e-06,-1.0171809915107e-07,3.14945155909592e-06,1.19807152665389e-10,-5.3035992036458e-06,-4.71455326081344e-08,-2.26207789516093e-07,-7.91872903650914e-06,1.27222632437815e-09,-2.4891430800321e-08,9.466695383118e-09,6.27535499684036e-09,-3.61496221957482e-06,-9.44616543983054e-07,-4.44764089661384e-07,5.83729838360626e-07,1.31177296655978e-07,5.6849289699391e-07,-1.79511345038028e-06,-1.035805570768e-07,-9.83785682863316e-06,-5.84772161054893e-08,-2.26472877184016e-05,-4.30489060805981e-06,2.35703710080238e-07,4.93731049095895e-08,1.51896799303355e-06,5.6191343459654e-07,-6.56829810515489e-05,-6.01139123312184e-09,-2.68795059147334e-06,7.45088658179252e-17,-2.58574346469677e-08,3.70754666356287e-07,-7.73584666441609e-08,-2.02398732761607e-07,-2.76070376850784e-06,3.82074270080469e-08,-5.53053474689389e-07,2.46888377866016e-07,-8.20178715383477e-07,3.09384189010335e-08,-6.2945248146294e-08,2.58261789142059e-05,-1.7042155421754e-08,1.88807719642533e-06,-9.86009529727989e-05,6.7198169974702e-09,-4.46262195653944e-10,2.14762002067052e-08,-2.06843471264242e-08,3.26135363208909e-07,1.45824938616229e-05,-2.81553766593066e-06,3.64947776943605e-07,-0.000676615908836377,5.34875574670148e-06,-3.66306000398485e-07,2.36259813452034e-05,-2.21894516953062e-06,5.25102764027027e-09,4.57072277135298e-05,2.22074173208195e-07,1.83452959027129e-06,4.860992174131e-09,-0.000178515369601076,1.28733486275317e-07,-1.6938942369192e-07,2.68441822575477e-07,-5.19664957463692e-07,4.05155690503133e-07,-2.96963386853975e-08,5.72090446640101e-06,-2.4887849535982e-08,4.09304974884617e-06,-2.62133200602541e-17,-1.00797106147561e-05,-1.73733497504987e-06,-1.0728798572658e-11,-9.42280489782052e-08,1.39068380667905e-07,-8.63276061043164e-08,-2.45299276706491e-08,2.87743854786914e-09,-1.28503625672335e-07,4.85858408054362e-06,1.80048279632359e-06,-1.41182197569752e-08,7.54864836567242e-06,-2.53541192187684e-05,6.86752830987244e-07,-2.14640099797122e-05,1.78236366687057e-07,3.11322007789896e-07,4.80436794809254e-09,1.30619224731835e-05,-1.71285484634733e-06,7.58469867146677e-09,-2.37897892307413e-06,2.79059893134975e-07,-1.01384353395469e-06,7.42244446831123e-07,6.60591235068076e-06,3.34949436605032e-07,-1.06373015567982e-07,-6.93307747120461e-07,7.0310563032119e-08,-3.25121318102677e-07,9.06199592050393e-07,3.63915562096076e-06,-2.81365336196168e-05,-1.55485745232868e-17,5.12229167951392e-08,2.78955951416876e-07,-2.73261705594115e-08,1.45917267944315e-05,1.56604715242325e-08,3.82021097945334e-06,1.51677888584078e-05,-1.17835656042895e-06,5.06650396708723e-06,1.57323351661978e-16,-6.59327362562354e-05,-2.9620470183973e-09,-1.3140494290604e-06,5.55956142479144e-08,1.03940620615319e-06,-6.93033199438227e-07,-1.16706732207526e-05,3.157691711973e-06,-3.26500266163512e-07,2.15447484653532e-05,-7.2105827492869e-08,-7.12927356198647e-06,-9.79111348295571e-09,-1.56837188191022e-09,-2.27627430906932e-05,1.56980117244462e-07,-0.00160998283200873,-3.0566905086996e-16,-5.44574972074906e-07,4.44788106095844e-08,1.28234248414986e-09,1.27572300308713e-08,-1.97817193053696e-05,-0.000641400692800112,3.93203142410718e-07,-1.55360444580233e-06,-1.06267019376093e-06,-4.24625190423472e-17,-2.28142501753593e-05,-8.63281699915408e-08,-7.40649419178831e-05,1.42210909064657e-15,1.861084280832e-05,3.70286991084667e-06,-8.20727186677608e-07,-0.0208306721399182,6.07006415852534e-05,0.0026818678555865,3.31980225227935e-06,-0.000546648111883831,-2.68021291529539e-07,-1.07744948378003e-08,-9.82604739020857e-07,-2.80526000028738e-08,-2.53083291821074e-17,-6.28721540578907e-09,3.04450851356693e-07,1.89497295601302e-07,-1.62735274473412e-06,-3.95876942082734e-17,-4.66585943287149e-08,1.04763341842221e-08,-1.26667313533211e-06,-1.85801426397062e-08,-6.93633839642486e-06,7.10275145084247e-08,-1.00970501666687e-06,6.27294409594337e-06,2.46193902035586e-17,2.53969881512376e-05,-1.21587012009782e-07,3.60357520213025e-07,3.98477826667549e-05,-5.24933229544609e-08,-1.16057487556033e-07,-4.59701721133854e-17,3.54791801313074e-16,-1.10555601391924e-07,-7.76003920423225e-08,1.02896759998944e-08,-1.18226308310045e-05,4.28690288357562e-15,-1.04341404230035e-05,-1.2831016719481e-07,-1.49925309051492e-16,1.112108820203e-16,7.35825193685839e-17,1.83660109249117e-05,5.10688245793336e-07,-6.02636252375521e-07,1.96129485921913e-05,2.80849318159019e-06,5.64269819327092e-07,-2.47288133693225e-07,-1.19959524705755e-17,-6.60898552207072e-08,2.01781138619135e-07,2.19690377776958e-16,-7.73664249254702e-16,-1.96982686365837e-07,-1.32332379921962e-08,-1.74683391952838e-07,5.49764973279655e-05,4.16533386678874e-07,-1.97757666831158e-05,4.24805069280338e-15,-9.33455611935763e-06,2.94782093784724e-15,-0.191050710205414,-2.86315567608886e-14,9.84640036234939e-07,1.07629510139375e-15,-1.75764626853694e-06,-4.14729215360636e-07,-0.000609196186098322,-9.20217518857326e-06,-3.87908089246334e-07,3.70070286349202e-08,-2.03738135195008e-07,-5.78943094109802e-08,-2.76824106121706e-05,-8.56073518220317e-07,-4.39859041246871e-08,1.06244652502337e-07,1.72228159238627e-05,2.18141833284214e-06,3.96087282593782e-08,-2.39524433048784e-16,-3.28361044049946e-07,5.06991573171281e-08,-1.97329640715803e-08,3.34554556497223e-17,-3.39980257447809e-07,-8.66119023374583e-07,-2.64668117735531e-07,5.12682184679446e-16,6.2632508027181e-08,3.21554426934665e-06,-1.32968206871576e-15,3.82837960569087e-08,-6.55564995068806e-08,-5.45406364943973e-17,-2.42771483295146e-16,2.17707224198435e-09,1.21873013017793e-06,6.64932600371260e-09,8.76662367038449e-06,-2.17736202311687e-07,-5.68374928881341e-09,-9.76392672410427e-07,-4.27287424407329e-08,9.38655381072189e-07,-9.54097911787244e-18,-1.6529764953918e-10,-1.19731687114996e-08,-3.23312623149138e-08,-1.65526283584655e-05,6.46045127830878e-16,-2.11464225547336e-16,-3.75737783798797e-07,-2.42552465778045e-16,6.28523999438136e-15,-2.69355669703311e-08,3.68115000914713e-08,6.88098981020152e-09,2.44934781667781e-06,-1.4423874409182e-07,-3.74776964014306e-08,-4.62310041915697e-08,-9.68468373864741e-17,-2.65057251625477e-07,-6.45343359462347e-09,-4.82903761837171e-08,2.13924604959726e-09,-4.55767416465841e-09,2.90060193057684e-16,-3.53960306610559e-16,6.29687591944064e-16,-5.8618005973907e-09,-1.15660824491669e-10,-7.92878011687321e-09,1.76352375598519e-16,-1.5737522394341e-10,6.2911278768285e-16,4.00975451569799e-17,6.90034483994166e-08,-1.7411198750841e-08,2.15322551455621e-16,-1.65781292857021e-07,-2.4201203172234e-09,-2.28989549510222e-16,6.53134805326581e-09,-2.06113294075489e-16,0.000676095093981933,-6.02403099636527e-16,-8.89979739541906e-06,3.22763790140382e-09,3.19239879648312e-10,7.64940798950993e-08,6.81555322043965e-07,-2.46801028615587e-09,8.84518035949742e-08,1.23100707027387e-16,5.9872297505722e-08,-3.42218172699523e-09,8.01820814393777e-17,-4.58281756604732e-10,-9.61048331264214e-09,2.28867400806769e-09,-1.1440860693995e-16,7.93128470903212e-09,1.06404758368239e-08,2.1052110094323e-16,-3.00738081568126e-07,-2.30311161764633e-07,-3.24650595761442e-10,1.78049245167263e-17,-2.36414984689868e-16,6.22770717948152e-09,3.48266035356938e-07,4.6184290587388e-05,-2.87009833787287e-09,2.3663296377745e-07,2.80844526620912e-16,-5.59252154493124e-17,3.70672912818114e-05,1.41499614872642e-09,4.65441012904383e-16,2.11979090901264e-06,-9.38697766231912e-17,6.31475923296993e-09,-1.09008044382562e-07,-1.46073298288027e-07,-9.74683741794749e-07,4.04880901951619e-17,-5.9555260769254e-16,7.12925204556496e-16,1.73981816261606e-16,-7.95405679472863e-10,-2.77156845037848e-09,1.35206647730294e-16,4.24418532100028e-17,2.97050288953232e-16,3.9652486386275e-09,3.58847010423139e-11,-2.01374163177607e-09,-1.87505352864851e-16,4.11861300272931e-16,-4.79569725944651e-16,-9.21871330394231e-08,2.82749821942423e-09,-4.0256720227511e-16,5.10001882088659e-10,-1.35101950936773e-08,3.69698377440086e-16,1.37339468063175e-17,-5.85067605107322e-06,-9.95851283924481e-11,-0.000401352962595861,-1.23472386177229e-15,5.32247340345792e-09,8.77397404496069e-08,9.63368635980677e-08,-3.69836196393086e-07,-2.21102105358156e-08,3.64973106993942e-10,4.41406179376776e-16,-2.96387093394656e-16,-2.94040880917468e-16,7.54023649836399e-09,-6.8363870067236e-09,-2.70143934621814e-07,-2.18409851359228e-09,-6.02219215628832e-16,6.22978824369461e-16,-3.65554395467552e-16,-1.19535892022964e-15,-1.34458312815188e-16,1.12806549428316e-08,6.02176176153078e-16,-5.81508356933987e-16,-3.32480600349017e-07,-4.32509600504318e-17,-1.01449076424736e-06,6.64787811527506e-16,-2.18660279428134e-07,1.56304757757336e-16,-2.85303281485954e-07,-6.18072521799335e-08,-3.32483842422662e-08,-2.80923080210595e-16,7.3054816472157e-06,-5.0374558316748e-16,2.1829626487843e-07,-4.51842947673622e-08,2.54036332620897e-10,3.22709321989351e-16,1.67007102322809e-06,4.14179592236653e-15,-1.96678488371848e-07,-1.04231466181601e-07,1.97135446605677e-15,1.75315033631912e-14,1.35129546711649e-15,4.88517135821333e-15,-6.46519397374951e-08,-0.495374597035514,5.65561323814114e-07,-4.18002620015013e-15,-3.23117039589987e-15,4.22846089742641e-09,-3.26761588522861e-08,3.79639614881221e-15,1.45734646864622e-15,1.57879410069457e-08,-1.2334623368486e-16,2.12386391161577e-07,-2.90734641726192e-15,-1.78143453636249e-09,1.28756405558035e-15,-6.13744437424888e-16,-8.78759161571025e-16,1.91399765520841e-15,-3.54630949474666e-16,1.03492302313819e-15,3.47931472892524e-10,-2.45796050693931e-09,-2.12789187704471e-16,-2.02764087491266e-09,9.12947948628207e-08,7.6279411427222e-16,7.41814369326382e-16,9.35691073794633e-16,4.47994689645972e-16,1.04137882395064e-07,2.93094660854345e-08,1.75537059842798e-16,-8.36106479193514e-17,-2.18879351833467e-08,-7.10312077473949e-09,-1.09205116336197e-10,-1.53235503021708e-16,-2.04820788433972e-16,7.06357047132948e-16,2.07969695140043e-15,-6.82931135572402e-17,-2.43828494680392e-17,8.93440745980598e-07,-1.84853127068893e-07,-6.88568597002992e-06,2.87774142181825e-16,-7.12589308485992e-17,3.16878450503085e-16,-4.76559955559956e-16,-9.68915331881455e-16,-2.23566913248682e-15,-1.95660061188221e-15,8.85668541500874e-17,-3.03559223176773e-16,-5.31409578435155e-17,-3.11728033981295e-16,1.0470148283965e-15,4.33681349485579e-16,3.65923799883144e-16,6.10354391627501e-10,1.28416102725492e-16,1.72393889761385e-15,1.43503235547864e-17,8.76902373224595e-09,-1.08801719927288e-08,-1.53864401237847e-16,-2.27526118952319e-10,8.19284036909827e-09,1.51441121285996e-17,2.16324506325941e-16,-1.6106935298726e-08,2.41433675563394e-16,2.1019028086426e-10,-4.11502676705209e-16,2.28987332150978e-16,1.84313859050166e-16,-3.27006309948388e-16,2.17461861646564e-08,-2.91786791196593e-08,-2.27527625206631e-16,1.05732883484673e-16,4.83419904458085e-18,-2.41573605765513e-15,5.73109268375838e-16,1.67946303909999e-16,-7.66984925084941e-16,-2.54901659983078e-16,3.81386999653731e-10,4.13522791089963e-16,-3.05256599489046e-16,-2.76977287660994e-16,4.85275038586326e-16,1.91749055830878e-17,-3.0877965410068e-16,-8.41235369604764e-08,3.38269807639889e-16,-4.85544191106426e-16,5.70532794778364e-09,-7.60613897992627e-16,9.64191722241997e-17,2.82979225943822e-16,-7.47445439832038e-16,4.89290836272663e-09,-1.06090922733444e-16,-3.70999818501601e-07,-5.55521489338034e-16,4.55746923651673e-16,3.16046310569076e-16,7.49715214361886e-17,5.34445462893389e-16,-9.3914137068652e-16,5.93201631644076e-09,2.47757851249936e-15,-7.1080234414298e-16,7.54150562956668e-10,-7.457182055602e-07,4.79479836656744e-17,1.29080451028442e-07,2.97611708938731e-07,-7.26972818313891e-17,3.93062750605997e-16,6.23835847368547e-16,7.82433601280529e-17,1.01557042986275e-15,-5.11764609428237e-07,2.77785518019038e-16,-1.57094889343473e-15,6.15486631776524e-15,6.9753440272866e-07,-9.04429925790354e-16,9.05282917169391e-16,-5.60833900211235e-16,-4.10204635807919e-16,-9.45637541014026e-08,-1.01177098722208e-15,1.65050161040038e-10,1.47392771966988e-16,5.86066089876992e-17,-8.58471907799835e-16,-8.17130636385687e-16,-1.59351443088543e-15,-3.93879923064365e-16,-9.78836937445225e-18,-2.89744835569088e-09,1.65607018402267e-15,2.55309023122416e-16,1.22155967694711e-09,8.20691948142709e-16,-1.70640909729176e-15,-1.03823445244964e-16,-1.73761256360781e-16,4.10064262705966e-16,-6.89108668372886e-17,-8.93244173410329e-09,1.78249273034643e-15,-4.03360191590437e-16,2.669881670592e-09,7.3444249051726e-16,7.42601374413739e-16,1.53726248664811e-15,4.43606828124707e-15,-3.6793564894051e-15,-1.93343110216313e-15,8.7816092776296e-16,4.77067815770207e-15,-4.10754370600575e-15,-4.24391633309895e-15,-8.53279577918796e-16,-1.41967565837858e-09,4.7151069738087e-09,1.14563508741401e-14,4.55914301685993e-16,2.14482703240166e-15,-1.14118588227456e-14,2.25129160105753e-15,-1.63151201342728e-14,-1.3965152181272e-14,1.02142432127631e-14,-4.53045885762323e-09,5.4778156197662e-15,7.61553108417479e-14,0.707106781186547,-4.2257103470175e-15,5.30929160645696e-10,-6.65864839614319e-15,-8.48042746605669e-11,1.47051759111031e-15,3.71481284373675e-15,-2.06425546852822e-15,3.7235913383641e-15,9.58960700129832e-17,-2.14686615508071e-15,-5.86601918930284e-15,7.75594730003237e-16,3.35711137967672e-15,-1.6576203584245e-15,-1.01881241677105e-15,-7.54944094956777e-16,-2.79104138420649e-16,7.67586386141831e-16,5.15276206573695e-15,2.2252031904493e-16,1.45936284949463e-16,1.21571598005138e-15,8.83862132370257e-16,-1.5249843608447e-15,7.8008346310332e-16,3.0011872989991e-16,4.40850169676831e-17,1.9533396435058e-16,-1.24594891990102e-16,7.11686849543553e-09,2.38695017625642e-16,-1.07575736715831e-15,-4.04188109909294e-16,-1.68313650958261e-16,-9.74371256157708e-16,-1.52113116973831e-18,-1.17939987178938e-15,6.11433160859824e-16,6.85404800137803e-16,2.26827276415938e-16,-8.29794132711781e-16,-3.59202888789406e-16,-5.83901775220698e-17,7.00406626316412e-16,-1.94096232598773e-17,2.59038634144619e-16,2.996318048961e-16,-5.49580930669909e-08,1.53778497693108e-16,1.98614041625158e-16,-5.55015042122646e-16,-3.78572213500557e-16,3.53143019741942e-17,5.72766855761216e-17,8.96000309460127e-17,-1.54205629189229e-16,-4.69817828728115e-17,1.27942693837128e-09,1.01198230969342e-15,-3.29344188737861e-16,2.12073671648533e-16,-4.95289933143569e-16,5.9972624601746e-16,1.49443793315999e-17,-2.77442964577198e-16,2.94788631252925e-16,4.97783420157387e-16,-6.22500125484332e-17,1.15330340983175e-16,1.28939040531981e-17,-1.4550435307323e-16,3.45157478761132e-07,-2.15676550452024e-16,1.3387231782392e-16,-2.12159065509957e-16,-5.77120816414034e-16,-1.80710996045518e-09,5.1057394836109e-17,-2.70248571600387e-16,1.02158846783353e-16,1.60052437485265e-16,-1.98427489129671e-16,-1.74130031830821e-16,3.36024883688337e-16,-1.75217044445604e-16,2.75146055319684e-16,1.36130824085936e-16,1.06541313347534e-16,5.47188073805536e-17,-5.09757196599634e-17,4.83698690419586e-17,-3.53800914080683e-17,2.26407514045349e-17,-1.42968953102843e-16
"t744",0.0354316916808817,-0.010310261018521,-0.0112634125348538,0.000652717559072182,0.00590272682558745,-0.0156313684344092,-0.00219547796719678,-4.61593744878011e-06,-0.039488382218603,-0.0174983328219252,0.128553372041975,0.00215878760597176,-0.00419556122545465,-0.000882360297815696,-0.0238005978577692,0.000559314592153511,0.000366848064088164,-4.44734348085354e-05,-0.0207201336696761,-0.00802480968566734,-1.42653341820714e-05,3.79305812741559e-05,-0.0214101158985329,-0.000704798769089268,5.4575575829394e-05,0.00178352547726029,-0.0315949279106224,-0.000379726465605811,0.000697603302200729,5.91174894410203e-05,3.93580430536201e-05,-0.000398290105063789,1.93487429705217e-07,-0.000597482580521062,0.00159825145544669,0.00065274429297533,3.38565256514083e-05,-0.000146092989819195,-0.0373826858515069,-0.244742009980458,0.000537164140674241,-0.0153602820124761,1.3226268171668e-05,-0.000938573694619612,4.27492736909099e-05,-9.39466975717601e-06,1.81734953683979e-06,-2.82596527132354e-05,0.00349210965016822,-0.00587523423170744,6.19150538729742e-06,-8.95470272822912e-06,6.86128356936078e-05,-3.89517535115966e-06,0.000353844875029531,-0.000271923937337313,0.000122072381503139,-0.000147062140870075,0.00127943251368134,-2.07009114498724e-06,-1.91406476733009e-06,9.87578628590038e-05,-5.77930062847291e-05,4.30248693378173e-05,-0.00077884436105128,8.15333697608318e-06,-5.08007394812596e-05,0.000154259219995987,-3.71756084731787e-05,0.000166768913605404,-1.40369151685875e-06,3.73607764854781e-06,-1.28487643220953e-05,-8.26150495390323e-06,3.46901620676115e-06,2.93630209634243e-06,-2.99695284894823e-05,4.42279099964641e-06,-0.0020270892337832,-0.00012571299802536,8.54824688121794e-06,0.000667173981846473,-0.00163264655741755,-2.38054057333958e-05,0.000223852830727404,5.92506412152895e-05,-9.1415474160386e-06,-0.000157060362306572,-2.93849927707758e-07,1.1831737924098e-05,-0.000119888757559751,6.88747121301882e-08,4.7686899693486e-05,-4.26903758606642e-05,-8.98205604900661e-06,-1.05932993020899e-05,-1.2454140644728e-06,6.78507770098749e-06,-7.6867831572815e-05,-0.00166951495842811,-3.73281014437403e-05,2.49267143777173e-07,-5.27685486896693e-05,0.000104975651884021,-0.000232143511440234,4.65591486566339e-06,-0.00228686384773216,4.1549243985507e-06,-0.0364276670214411,-7.96307475638765e-07,-1.80573943271383e-05,-6.0663735410482e-06,1.47158831807141e-06,2.05668039697458e-06,-2.45032226014626e-06,3.416810051725e-06,-0.000655827399434241,0.000763566858192533,-7.12007937794557e-05,2.68428711782937e-05,-1.5797291766598e-05,3.58194650161986e-05,-0.000562282965565814,-0.000559556844423669,2.78271750005468e-06,-6.55815388521307e-05,6.87871273667316e-06,-0.000184998018323259,0.000300226291907287,0.0105466229123691,8.38946135590663e-05,-0.00108755827832659,0.000196138103249469,0.244532462727763,1.2448793732906e-06,-0.000713868586938264,0.000605491927863042,1.29097128267107e-05,-0.000594874877177477,0.00016014349540991,0.000806479894163786,1.07243387426054e-05,-0.000103814613533259,-6.40428027235787e-06,-3.69257080083391e-08,0.00118923968673684,1.7296557852873e-06,-0.000100629626897561,-5.79774814567885e-06,4.32558899509349e-07,5.22706967995789e-07,2.43630012038502e-05,3.17198814238502e-07,-7.18786674349409e-05,8.89945239207564e-08,1.32294116543564e-06,-6.65509677658062e-06,-2.53472296409019e-06,-1.98528254137064e-05,-2.87778302127723e-06,-3.4593590816136e-06,5.26545793740777e-07,-9.01813000611643e-05,-7.08655264079998e-06,6.30672686289959e-06,-6.01783993284704e-06,0.199714364916381,-0.00352288234798578,-0.176324883331054,-2.1021384923217e-06,2.04822896894461e-05,3.56202226905066e-06,-2.9735715801169e-07,-0.000162580735856672,-1.38872162381606e-06,-2.70566074216136e-06,-1.15955593099981e-07,3.12443721082671e-06,0.000100197630054708,1.07625660938633e-05,-4.21362069264324e-05,-1.06353391459845e-05,2.19049224134533e-06,8.68960596123803e-09,2.66068359389826e-07,1.31205318129813e-07,0.00131728469943595,-0.000422786189324237,-0.00216068485447355,-6.86074216462294e-06,1.15621018718478e-06,-5.18084526653674e-06,-1.94222292040034e-06,-2.95536570987018e-10,-2.90097484258028e-08,5.2425208233435e-06,3.23736584841735e-06,4.87753030884262e-08,-5.10118602504779e-06,-6.58869024257459e-07,1.33297123280748e-05,-1.86119811411163e-06,5.4112654649538e-08,4.0410647677897e-08,4.59786823772884e-06,2.0036816758834e-07,-2.25010290880124e-06,-1.01718099127651e-07,3.14945155913058e-06,1.19807188699745e-10,-5.30359920357799e-06,-4.71455325375914e-08,-2.2620778955463e-07,-7.91872903649011e-06,1.27222626062482e-09,-2.48914308251601e-08,9.46669548488647e-09,6.27535497900454e-09,-3.61496221953929e-06,-9.44616543980587e-07,-4.44764089695163e-07,5.83729838463084e-07,1.31177296646832e-07,5.68492897027652e-07,-1.79511345036879e-06,-1.03580557076642e-07,-9.83785682864541e-06,-5.84772161284018e-08,-2.26472877184928e-05,-4.30489060807362e-06,2.35703710105922e-07,4.93731048107365e-08,1.51896799303598e-06,5.61913434579637e-07,-6.56829810515422e-05,-6.01139133500095e-09,-2.6879505916186e-06,-2.68763136010316e-17,-2.58574346478069e-08,3.70754666354119e-07,-7.73584666759331e-08,-2.0239873278034e-07,-2.76070376850032e-06,3.82074270246254e-08,-5.53053474680328e-07,2.46888378331164e-07,-8.20178714839167e-07,3.09384190488557e-08,-6.29452482218622e-08,2.58261789142092e-05,-1.70421554001619e-08,1.88807719639595e-06,-9.86009529727562e-05,6.71981700505403e-09,-4.46262233275759e-10,2.14762001726849e-08,-2.06843471212966e-08,3.26135363164868e-07,1.45824938616353e-05,-2.81553766586898e-06,3.64947776920578e-07,-0.000676615908836548,5.34875574663929e-06,-3.6630600048605e-07,2.36259813450868e-05,-2.21894516947451e-06,5.25102754337983e-09,4.5707227713551e-05,2.22074173137029e-07,1.83452959030696e-06,4.86099210019948e-09,-0.000178515369600942,1.28733486133842e-07,-1.69389423897295e-07,2.68441822695659e-07,-5.19664957460452e-07,4.05155690618942e-07,-2.96963385169809e-08,5.72090446648217e-06,-2.48878494598344e-08,4.09304974879916e-06,-1.89857357413531e-16,-1.00797106150587e-05,-1.73733497506462e-06,-1.07286473380092e-11,-9.42280491299273e-08,1.39068380842655e-07,-8.63276061718128e-08,-2.45299273213699e-08,2.87743847843457e-09,-1.28503625800697e-07,4.8585840805823e-06,1.80048279609762e-06,-1.41182198448868e-08,7.54864836587611e-06,-2.53541192186814e-05,6.86752831075394e-07,-2.14640099796384e-05,1.7823636664911e-07,3.11322007923507e-07,4.80436795544165e-09,1.30619224732967e-05,-1.71285484640261e-06,7.584698691998e-09,-2.37897892299471e-06,2.79059893402634e-07,-1.01384353392767e-06,7.42244446816035e-07,6.60591235047989e-06,3.34949436572436e-07,-1.06373015342491e-07,-6.93307747130432e-07,7.0310563078793e-08,-3.25121318117561e-07,9.06199592052879e-07,3.6391556210539e-06,-2.81365336196534e-05,3.01030453599058e-18,5.12229169823338e-08,2.7895595129642e-07,-2.73261704403661e-08,1.45917267945812e-05,1.56604716190875e-08,3.82021097951229e-06,1.51677888582746e-05,-1.17835656041468e-06,5.06650396712774e-06,-1.57282835394827e-16,-6.59327362564078e-05,-2.96204706167263e-09,-1.31404942959258e-06,5.55956142298697e-08,1.03940620609658e-06,-6.93033199300822e-07,-1.16706732206841e-05,3.15769171209552e-06,-3.26500266136368e-07,2.15447484652991e-05,-7.21058277209697e-08,-7.129273562225e-06,-9.79111343494033e-09,-1.56837171483466e-09,-2.2762743091044e-05,1.56980117294175e-07,-0.00160998283200863,-2.21189087321085e-16,-5.44574971971599e-07,4.44788105503869e-08,1.28234250199684e-09,1.27572300680057e-08,-1.97817193055264e-05,-0.000641400692800052,3.93203142417319e-07,-1.55360444568751e-06,-1.06267019371974e-06,-3.20165608289525e-17,-2.28142501753359e-05,-8.63281699905173e-08,-7.4064941917919e-05,1.72064332469669e-15,1.86108428084529e-05,3.70286991100138e-06,-8.20727186612535e-07,-0.0208306721399177,6.07006415852508e-05,0.00268186785558599,3.31980225233302e-06,-0.000546648111883986,-2.6802129154913e-07,-1.07744948664736e-08,-9.82604738969969e-07,-2.80526001517985e-08,1.39436309669945e-16,-6.28721531183364e-09,3.04450851473834e-07,1.89497295648548e-07,-1.62735274470886e-06,1.02002644472189e-16,-4.66585942655052e-08,1.04763341456787e-08,-1.26667313525551e-06,-1.85801423638758e-08,-6.93633839629177e-06,7.10275143653374e-08,-1.00970501664116e-06,6.27294409602643e-06,8.06922732697919e-17,2.53969881510134e-05,-1.21587011958255e-07,3.60357520056235e-07,3.98477826669792e-05,-5.24933225816866e-08,-1.16057487422485e-07,-3.55618312575245e-17,3.59311767342317e-16,-1.10555601569571e-07,-7.76003922459289e-08,1.02896761379684e-08,-1.1822630831038e-05,4.01698140596263e-15,-1.04341404228251e-05,-1.28310167173111e-07,-4.77816515897597e-16,1.54421927423664e-16,1.16000989587896e-17,1.83660109251172e-05,5.10688245742078e-07,-6.02636252334436e-07,1.96129485921166e-05,2.8084931813697e-06,5.64269819549846e-07,-2.47288133709019e-07,9.55835218506549e-17,-6.60898551269523e-08,2.01781138584989e-07,-2.14180271844547e-17,-1.12151479601888e-15,-1.96982686411519e-07,-1.32332382465042e-08,-1.74683391955753e-07,5.4976497327724e-05,4.16533386535283e-07,-1.97757666833075e-05,4.44884493514771e-15,-9.3345561191122e-06,2.94679173711868e-15,-0.191050710205413,-2.91205319406795e-14,9.8464003631151e-07,1.15284280302084e-15,-1.75764626844518e-06,-4.14729215411928e-07,-0.000609196186098209,-9.20217518875209e-06,-3.879080892083e-07,3.70070289068475e-08,-2.0373813522907e-07,-5.78943091897532e-08,-2.76824106126222e-05,-8.56073518110214e-07,-4.39859040800395e-08,1.06244652707289e-07,1.72228159241931e-05,2.18141833295044e-06,3.96087282327919e-08,-2.02705614308127e-16,-3.28361044105624e-07,5.06991570497441e-08,-1.97329644326875e-08,5.83117369457756e-17,-3.39980257092455e-07,-8.66119023363464e-07,-2.64668117509198e-07,2.7543134975989e-16,6.26325078741912e-08,3.2155442689257e-06,-1.38116959769227e-15,3.82837961036549e-08,-6.55564996905327e-08,2.91156596865166e-16,-3.13104225315947e-16,2.17707228124069e-09,1.21873013016163e-06,6.64932659448459e-09,8.76662367049924e-06,-2.17736202167872e-07,-5.6837494527122e-09,-9.76392672520202e-07,-4.27287425573043e-08,9.386553811128e-07,-9.74697753064468e-17,-1.65297414484981e-10,-1.19731687295835e-08,-3.23312624589921e-08,-1.65526283582998e-05,5.89330636388296e-16,-1.9893413879077e-16,-3.75737783543577e-07,5.90806048985893e-17,5.84761019684118e-15,-2.69355671797784e-08,3.68115000450664e-08,6.88098972234476e-09,2.44934781678957e-06,-1.44238743993289e-07,-3.74776963700671e-08,-4.62310039216967e-08,-6.96346756633019e-17,-2.65057251637765e-07,-6.45343346174714e-09,-4.82903760785008e-08,2.13924615018837e-09,-4.55767416124671e-09,1.13314324017051e-16,-3.99643291137891e-16,-1.27333066843191e-15,-5.86180003138248e-09,-1.15660910957489e-10,-7.92878015223884e-09,-3.01330006855501e-16,-1.57375215057072e-10,7.13030035833231e-16,-3.4323727860606e-16,6.90034484945389e-08,-1.74111983497971e-08,3.54317269968263e-16,-1.65781292747313e-07,-2.42012031266243e-09,2.79704557292874e-16,6.53134792409813e-09,8.33010943132791e-17,0.000676095093981485,5.94317228589786e-16,-8.89979739567941e-06,3.22763803400455e-09,3.19239679535784e-10,7.6494079524913e-08,6.81555321774871e-07,-2.46801020901488e-09,8.84518037500234e-08,1.85158768489016e-16,5.98722976542476e-08,-3.42218186158155e-09,1.20598548476069e-16,-4.58281628901995e-10,-9.61048311366376e-09,2.28867443434671e-09,2.60259048645607e-16,7.93128447614197e-09,1.06404758659606e-08,1.32751294896086e-16,-3.00738081758146e-07,-2.30311161455334e-07,-3.24650622412874e-10,4.64296042554794e-16,-4.32994747801159e-16,6.22770737416941e-09,3.48266034859095e-07,4.61842905871762e-05,-2.87009834777604e-09,2.36632963481837e-07,1.85942491784001e-16,1.62447365640563e-16,3.70672912812101e-05,1.41499622115425e-09,5.12793889959609e-16,2.11979090876671e-06,-4.11415756697376e-17,6.31475916192702e-09,-1.09008043708938e-07,-1.46073298464069e-07,-9.74683741750487e-07,-8.86727756795378e-17,-3.10490060609963e-16,2.15606296852785e-16,3.96103191735826e-17,-7.95405682858389e-10,-2.77156872497807e-09,-5.05861498061003e-16,2.80855849622265e-16,-1.53728275502831e-16,3.96524864733129e-09,3.58841624811681e-11,-2.01374158596329e-09,-3.36252728739763e-17,1.46109795269578e-16,-3.83861779168493e-16,-9.21871327598741e-08,2.82749864988616e-09,-4.41296779465993e-16,5.10001900746819e-10,-1.35101951060091e-08,3.56334355981285e-16,-8.69446052210585e-16,-5.85067605040677e-06,-9.95850372945963e-11,-0.000401352962595835,-5.57234705657751e-16,5.32247370487116e-09,8.77397404415219e-08,9.63368640147078e-08,-3.69836196566708e-07,-2.21102103979862e-08,3.64971951735695e-10,4.40320490480431e-16,-9.96201490112791e-17,-4.66633330927556e-17,7.54023546819426e-09,-6.83638699963523e-09,-2.70143934337218e-07,-2.18409870115776e-09,-5.41671606493198e-16,1.22195897770783e-15,-5.60951646382524e-16,-5.30616297649775e-16,-2.39022237241948e-15,1.12806548461405e-08,1.02234171303391e-15,-9.70225386157557e-16,-3.32480600127033e-07,5.90214760932651e-17,-1.01449076425717e-06,6.41592326172661e-16,-2.18660280133364e-07,1.01415466897298e-17,-2.85303281651192e-07,-6.18072511700915e-08,-3.32483840712779e-08,-4.62295126564177e-16,7.30548164739585e-06,-6.6974709445196e-16,2.18296264994221e-07,-4.51842946769592e-08,2.54036530122404e-10,-1.74721856628372e-16,1.67007102372761e-06,4.41738169289057e-15,-1.96678488370047e-07,-1.04231466275257e-07,2.28459107620433e-15,1.77242589680535e-14,1.41066711591186e-15,4.98695007201665e-15,-6.46519402075977e-08,-0.495374597035512,5.65561324378628e-07,-3.55244765703577e-15,-3.17155025219694e-15,4.22846090988414e-09,-3.2676158830602e-08,3.68316933131358e-15,1.19681544920396e-15,1.57879415287762e-08,-5.85712212736659e-16,2.1238639147778e-07,-2.33973336510399e-15,-1.78143467167891e-09,1.54733344005726e-15,-3.72159924366299e-16,-2.87173317331651e-16,2.19818575222078e-15,-3.67878952546254e-16,1.23690988787222e-15,3.47930890018223e-10,-2.45796129147267e-09,-5.13895794085711e-16,-2.0276411772254e-09,9.12947946555345e-08,2.69596815927097e-16,2.89496799549572e-16,1.43114940543098e-15,-1.40087762550821e-17,1.04137882454389e-07,2.93094661403634e-08,-1.86607880181607e-16,-5.32092217263635e-17,-2.18879357036375e-08,-7.10312025825078e-09,-1.09205055970255e-10,1.64709740749669e-16,-2.19814098109066e-16,3.51006447756796e-16,1.40181100091166e-15,-6.14694112258054e-17,-1.11686516581279e-16,8.93440745444641e-07,-1.84853127284344e-07,-6.88568596901316e-06,2.35882634402738e-16,2.91223571469002e-16,5.99437226164903e-16,-4.99998284722697e-16,-5.96080723066341e-16,-2.50015991839824e-15,-1.63256518436102e-15,-1.19317247296675e-16,2.98417185397075e-16,9.68300357916014e-16,-1.72932402538572e-16,4.22692800311741e-16,-5.50369533267656e-17,5.06068898393147e-16,6.10355034301335e-10,2.67860498026655e-16,1.34923860312675e-15,1.32827569592013e-16,8.7690235928436e-09,-1.08801720238476e-08,3.55864994446391e-16,-2.27525772006095e-10,8.19284021050563e-09,-1.21241985210469e-16,-1.82322855772424e-16,-1.61069348921364e-08,4.78689082642836e-16,2.10191143952693e-10,-2.72327592959671e-16,2.14225521711331e-18,4.09801532827985e-17,2.55377940029246e-16,2.17461872865272e-08,-2.91786796494542e-08,5.60714598373202e-16,6.06171974014251e-16,8.94630987439363e-17,-1.64042308412636e-15,-3.25802752831894e-17,2.18001955210421e-16,8.36708018258239e-18,-2.69789062282465e-16,3.81386110553469e-10,-1.68598076461679e-16,1.22059152120625e-16,-3.22304976253953e-16,5.85471682991637e-16,4.02750131128372e-16,6.82763890218779e-16,-8.41235372406613e-08,-3.61107127714049e-16,2.66773939215891e-16,5.70532865422259e-09,1.24622501173795e-15,-1.93986940929131e-16,-5.10279982729529e-16,1.05861783030473e-15,4.89290884633458e-09,-3.47042746698214e-18,-3.70999818069425e-07,3.13397027457449e-16,-3.15802688374933e-16,7.18769747561467e-17,5.42033747123446e-16,-7.54844439310681e-16,2.11315859091306e-15,5.93201761442367e-09,-2.32411618132357e-15,7.91352605822781e-16,7.54150006757168e-10,-7.45718205849939e-07,2.92158497671758e-16,1.29080451818934e-07,2.97611709841237e-07,-2.88524385862148e-16,-2.40761703586979e-16,-4.79332782127466e-17,1.52212182612066e-16,-3.86931935868916e-16,-5.11764609532468e-07,-2.96474173729191e-16,8.70538873731071e-16,-3.98339702558998e-15,6.97534403134153e-07,1.09950455084193e-15,-1.72081629000488e-15,4.08301885256463e-16,5.25795917081145e-16,-9.45637546274012e-08,7.37780240270747e-16,1.65049594262328e-10,-3.73648528779293e-16,-4.59398094008103e-16,4.32802407319928e-16,7.94026260420823e-16,1.41343903572407e-15,1.44120671746246e-16,3.27298473227542e-17,-2.89744797237093e-09,-2.13821412242971e-15,-6.80103544612055e-17,1.22155975682561e-09,-9.45393263767943e-16,1.60326824905848e-15,1.397871785769e-16,8.95413807539342e-17,-3.51658347877695e-16,-4.46563479562935e-16,-8.93244261626429e-09,-1.55640287090805e-15,3.05577776283392e-16,2.66988022387308e-09,-5.61112306333157e-16,-4.68416762010839e-16,-1.07888781220354e-15,-3.72736242536348e-15,3.54067042219916e-15,2.06824568013534e-15,-7.83044742541006e-16,-3.88058850570503e-15,3.72449977493353e-15,4.38711961709187e-15,8.85432072217561e-16,-1.41967837048989e-09,4.715096196405e-09,-1.10337950350817e-14,-6.30684350334447e-16,-2.30122377967366e-15,1.165541342537e-14,-1.51663620898135e-15,1.66844139010754e-14,1.38608524171842e-14,-9.84002662760761e-15,-4.53045466371577e-09,-5.27126502247027e-15,-7.5954750419427e-14,-0.707106781186549,4.23854715944752e-15,5.30922740514151e-10,6.45276557156001e-15,-8.48109264573931e-11,-1.39852914316743e-15,-3.32895286778147e-15,2.223304851287e-15,-3.54326898492017e-15,-1.23439630357038e-16,2.38353250505069e-15,4.97308188312268e-15,-8.93720204014024e-16,-3.29834951882124e-15,1.41828221237247e-15,1.15713443082872e-15,8.31382361136798e-16,3.10887967085421e-16,-7.92518988704645e-16,-5.23446688631001e-15,-1.99522613113138e-16,-2.09607416834179e-16,-7.95555316400945e-16,-4.48761788842949e-16,1.97986352445467e-15,-9.05037763482275e-16,-2.28652823167441e-16,-1.02553326860982e-16,-1.05963509617636e-16,3.21199140857865e-16,7.11686818803404e-09,-1.68278205621475e-16,9.43894439747682e-16,5.6268197853833e-16,-7.08375353350751e-17,1.00365584159003e-15,9.85785630791333e-17,9.21210055920887e-16,-3.89898412673875e-16,-3.64193832769401e-16,-1.25229766169253e-16,4.16496264560307e-16,3.95016619959118e-16,-4.35520543810929e-17,-8.75009690874331e-16,3.9982299477155e-16,-4.07123702925052e-16,-3.27358089312761e-16,-5.4958093201141e-08,-2.84007437442533e-16,-2.38828327130967e-16,2.02742818903237e-16,1.10667677769234e-16,4.86478865811661e-16,1.16195869544519e-16,-3.36579404041904e-16,9.55893900752767e-17,2.57313108184253e-16,1.27942694241141e-09,-4.25778191239603e-16,3.54995479242049e-16,-5.34324122410279e-17,5.48983584913039e-16,-4.52835819332142e-16,1.9222156099527e-16,1.32399902918648e-16,4.38987045778456e-16,-4.3765222211095e-16,-4.64619199015699e-17,-2.40791733889281e-16,-4.70460557811221e-17,-2.70927316016248e-16,3.45157478864066e-07,2.19209846488466e-16,-1.58850930915977e-16,1.3640550791342e-16,-3.39463700205211e-16,-1.80711004621556e-09,-6.62898922886324e-17,8.22128948718968e-17,-1.47461997315049e-16,1.47278769880885e-16,-1.58846520761783e-16,3.91211243539323e-16,-1.42293306904059e-17,-6.53397954280131e-17,-3.55361259850522e-16,1.90827210567072e-16,-3.64993776654838e-17,-8.12186044296129e-17,-6.95840453129698e-17,-7.63274489080541e-17,-1.31420234969533e-16,1.97248231123296e-17,-9.20772377117931e-17
"t302",0.0353833718854205,-0.0102806436579482,-0.0112300116579825,0.000650124254768048,0.00587402141337998,-0.0155422106037493,-0.00218271007601125,-4.58696302166299e-06,-0.0391957599964856,-0.0173411963473429,0.127090155113662,0.00212854474851187,-0.00413507596440407,-0.000869448369174776,-0.0234372279441321,0.0005502747872751,0.000360778326865375,-4.37243510374802e-05,-0.0203631126599127,-0.00787468157343407,-1.39768441345757e-05,3.70062535489838e-05,-0.0208594113475879,-0.000686567608424123,5.31583562601019e-05,0.00173502457980282,-0.0307256804851523,-0.000369186505070638,0.000677725972613221,5.71318829240182e-05,3.79494280207737e-05,-0.000383395056175071,1.85736052219811e-07,-0.000572427326485768,0.00152785659737833,0.000621733228681575,3.22279660926666e-05,-0.000138955772255897,-0.0355441762946798,-0.232529206481708,0.000509601791759757,-0.0145533562352941,1.25212683447959e-05,-0.000888484928517998,4.04287639992845e-05,-8.85274943194197e-06,1.71061236439291e-06,-2.65859191117436e-05,0.00328042822843001,-0.00551021186538776,5.79427915566274e-06,-8.37169226197912e-06,6.41361265232294e-05,-3.63640216785198e-06,0.000329509208786894,-0.000253125692763594,0.000112845254545501,-0.00013568403378871,0.00118017127008942,-1.90037231258355e-06,-1.75071175706582e-06,9.01645205585505e-05,-5.2685699770563e-05,3.92079237696365e-05,-0.000707766253722409,7.39053278959964e-06,-4.57892881616162e-05,0.000138686971504333,-3.33831400727027e-05,0.000149434720404296,-1.24343843194692e-06,3.28024239975764e-06,-1.12655252355739e-05,-7.22280640543451e-06,3.03177380141799e-06,2.56301564370272e-06,-2.61465978161949e-05,3.84921134203858e-06,-0.00175442317381986,-0.000108557512472757,7.35311612229496e-06,0.000573411947905083,-0.00139451804631565,-2.02950251130057e-05,0.000189296955717662,4.99921687605391e-05,-7.69559652692779e-06,-0.000132168829492693,-2.47255640829836e-07,9.95322964188455e-06,-0.000100766626022833,5.74131678037111e-08,3.97209479255241e-05,-3.53761428584896e-05,-7.37667767072583e-06,-8.68810064426059e-06,-1.02136205091903e-06,5.54515343956532e-06,-6.27395943401195e-05,-0.00135599117873513,-3.01964121379299e-05,2.01571248728698e-07,-4.26543249344927e-05,8.33050385961796e-05,-0.000183962897007466,3.6855584455887e-06,-0.00180672085631381,3.28077779474977e-06,-0.0287358876260666,-6.27243774781888e-07,-1.42168242320035e-05,-4.7625330893257e-06,1.15490698041896e-06,1.60194735289389e-06,-1.90546569436023e-06,2.64760077390832e-06,-0.000507370494303593,0.000588116402012793,-5.46065153017953e-05,2.0520151711789e-05,-1.20540218198378e-05,2.71571499744388e-05,-0.000424529103952511,-0.000422403168955188,2.09937740346279e-06,-4.92638909556057e-05,5.16532855086545e-06,-0.000138400107302695,0.00022219798167257,0.00780462877363992,6.20282814130736e-05,-0.000798233915586307,0.000143751802985005,0.179033182784591,9.07521608333179e-07,-0.000520101531931556,0.000437113488315838,9.25038479701983e-06,-0.000421883778732449,0.000113540077003328,0.00057076957499284,7.58303822097816e-06,-7.32985770249966e-05,-4.51922749096966e-06,-2.60567020686269e-08,0.00083581918262434,1.20584997147654e-06,-6.95749958796974e-05,-4.00019790031795e-06,2.97072849733451e-07,3.58852511753464e-07,1.66963052169913e-05,2.17154240122109e-07,-4.91496909891664e-05,6.01882377561163e-08,8.93139588817296e-07,-4.48731908405638e-06,-1.66004828518319e-06,-1.29081646339318e-05,-1.86902195643622e-06,-2.23283011620442e-06,3.39422437718373e-07,-5.76661995852231e-05,-4.52701545015273e-06,3.99691441453944e-06,-3.78432077059612e-06,0.122739836485127,-0.00216330175916874,-0.108253203441086,-1.28647672324456e-06,1.24878743925431e-05,2.17055638971686e-06,-1.79845430744916e-07,-9.80984556244655e-05,-8.33635815088016e-07,-1.62212239605375e-06,-6.94735233203198e-08,1.84941353601389e-06,5.85584319363155e-05,6.27604022346842e-06,-2.45191457190678e-05,-6.14987329080963e-06,1.26356186834504e-06,5.00050099308368e-09,1.52764074318849e-07,7.47566228053378e-08,0.000749111974428936,-0.000236438077460767,-0.00120765974811249,-3.81287075183287e-06,6.32428794764597e-07,-2.79593340455124e-06,-1.04323203494797e-06,-1.57624904308297e-10,-1.53903785103016e-08,2.73702852516593e-06,1.68422923305299e-06,2.51853487432036e-08,-2.62406441870733e-06,-3.28967877524046e-07,6.64589574598618e-06,-9.15968161702417e-07,2.6287268913539e-08,1.90115446787022e-08,2.16278156566148e-06,9.39661951612257e-08,-1.04543824306206e-06,-4.69522670565152e-08,1.42839264343875e-06,5.31369550624946e-11,-2.30933854602407e-06,-2.04104072811315e-08,-9.53645837060557e-08,-3.2882669453046e-06,5.28081659993871e-10,-1.02089972475451e-08,3.76340178377931e-09,2.47946479161201e-09,-1.38126125908439e-06,-3.52378302346242e-07,-1.64516175632845e-07,2.08323764127701e-07,4.64070084962698e-08,1.9917642825118e-07,-6.10169095072645e-07,-3.49881737296861e-08,-3.31798769639987e-06,-1.90489221530768e-08,-7.21815000140783e-06,-1.33824999961785e-06,7.24299740913233e-08,1.49888034739052e-08,4.55841298942949e-07,1.68074849475328e-07,-1.90452942933784e-05,-1.7086010339047e-09,-7.47234978897093e-07,-1.81709031361529e-16,-6.95594798306175e-09,9.90693617059814e-08,-1.97035421592761e-08,-4.95888737816396e-08,-6.54212286490416e-07,9.03566332691673e-09,-1.22484991625952e-07,5.40519565549402e-08,-1.78604172161298e-07,6.56377747269672e-09,-1.31149840387136e-08,5.20118423538677e-06,-3.37937271062965e-09,3.7198057007905e-07,-1.87339914026932e-05,1.07709061423427e-09,-6.6775343934844e-11,3.02174866450597e-09,-2.5052152558693e-09,3.90427585822553e-08,1.5439028780825e-06,-2.76108960133006e-07,3.17000697798061e-08,-5.63307349455864e-05,4.2503334615514e-07,-2.71772930488935e-08,1.56769132629057e-06,-1.45247290644416e-07,2.38199957074285e-10,2.05220385976723e-06,9.85523500196346e-09,7.13202340084566e-08,1.78999496795131e-10,-5.40421356561808e-06,3.73992916502919e-09,1.87040739428775e-09,-4.16678900610066e-09,9.91680127211152e-09,-1.10564544824102e-08,1.00630526517698e-09,-2.79666971410074e-07,1.32587610862931e-09,-2.32302651725569e-07,5.76900733127581e-17,6.93324128248465e-07,1.22264872567465e-07,8.10775071918776e-13,8.28527791282533e-09,-1.37152729497629e-08,8.95427237155265e-09,2.6064134289421e-09,-4.00665095712265e-10,1.81698308315902e-08,-6.89807765444627e-07,-2.73368524186983e-07,2.54352475256587e-09,-1.39738052159257e-06,4.78110076931757e-06,-1.37371888784322e-07,5.24928074906043e-06,-4.69897901944323e-08,-8.24248000490463e-08,-1.27359488693521e-09,-4.09360928719717e-06,6.35866006408591e-07,-2.87288746458899e-09,9.27520283704625e-07,-1.12593382458228e-07,4.13315808834346e-07,-3.28958008514923e-07,-2.94559220349264e-06,-1.51022821755764e-07,4.83249723709004e-08,3.2278443719115e-07,-3.36181937883869e-08,1.59262638700657e-07,-4.48568420928702e-07,-1.83327478832866e-06,1.47044012451725e-05,-8.25034152943983e-17,-3.28957464629699e-08,-1.82604994413884e-07,1.83988463643139e-08,-9.83280092755528e-06,-1.05621899138672e-08,-2.59417274837846e-06,-1.04324370517673e-05,8.22782950190773e-07,-3.64603096106163e-06,-1.72025077195335e-16,5.07444472067714e-05,2.29838864226104e-09,1.03747694877417e-06,-4.39846296148311e-08,-8.57708975838056e-07,5.85081336406748e-07,1.01705595102862e-05,-2.81166265513361e-06,3.04307967059333e-07,-2.09216300097417e-05,7.18469779123093e-08,7.20642634376713e-06,9.98526094791736e-09,1.62474190769065e-09,2.36214832008561e-05,-1.64708988552591e-07,0.00170371197022865,1.07359885927812e-16,6.13491801587592e-07,-5.07510400411674e-08,-1.46335598149923e-09,-1.50895348306531e-08,2.35242445119511e-05,0.000813702954736249,-5.07945675895712e-07,2.01412549320781e-06,1.39629887740213e-06,-3.00956947963813e-17,3.04373276265174e-05,1.15826626105276e-07,0.000101484397276723,-1.77453256691449e-15,-2.60828563497041e-05,-5.21708192667132e-06,1.15952080281209e-06,0.0295964062021579,-8.70634078366261e-05,-0.00387395966718108,-4.82204002111299e-06,0.000807071395907558,3.9647070509575e-07,1.61170519229842e-08,1.4988246174117e-06,4.28328233599889e-08,-5.89555831720961e-16,9.97059827705545e-09,-4.85983168989818e-07,-3.068639495332e-07,2.69300182584781e-06,-5.94431092516875e-17,8.08655740106355e-08,-1.91106331031842e-08,2.36389174275437e-06,3.50432195863226e-08,1.3248703842675e-05,-1.38868747969367e-07,2.0497093340558e-06,-1.39542286551337e-05,-2.25071001506753e-17,-6.11603732439835e-05,2.94817329462893e-07,-8.86349960100607e-07,-9.99679615407956e-05,1.31892035093923e-07,2.93229756188662e-07,4.25007251614318e-16,-1.7052431790718e-15,2.88413743623439e-07,2.08134849706422e-07,-2.76936235452579e-08,3.26179677304091e-05,-1.26095784323618e-14,3.03868984081407e-05,3.82730687077095e-07,9.7400111952613e-16,-4.26657037470419e-16,-2.0587110988879e-16,-5.90410292332113e-05,-1.657432654941e-06,2.02129736805487e-06,-6.76460238431656e-05,-9.71837450518196e-06,-2.01164027479989e-06,8.84628129947247e-07,-5.52769478070055e-16,2.51177290007853e-07,-7.83463996029423e-07,-5.82525759790616e-16,3.49106366510044e-15,8.3214059478617e-07,5.70597177817097e-08,7.74242149927824e-07,-0.000248229097645128,-1.9490643873645e-06,9.30729123747342e-05,-2.21136098877769e-14,4.42817705698108e-05,-1.44047142456111e-14,0.927299595687936,1.39961067908978e-13,-4.86073835462197e-06,-6.16776371694047e-15,8.86644981624675e-06,2.10129909868542e-06,0.00327256226915962,5.00595895714762e-05,2.12136187512136e-06,-2.0709573249372e-07,1.16331585610278e-06,3.46553157199568e-07,0.00016577585356548,5.20234146429522e-06,2.74633167150847e-07,-6.8811419948916e-07,-0.000115084260175777,-1.49431535317093e-05,-2.74691317900421e-07,5.47180610272701e-16,2.36677425028585e-06,-3.79495481514426e-07,1.65005529753834e-07,-2.62940572378856e-16,2.93900238189026e-06,7.88148070571525e-06,2.46284347055065e-06,-1.26290947500963e-15,-5.89626993631127e-07,-3.17230465997717e-05,3.9268473671488e-15,-3.86686744974119e-07,7.68774681734744e-07,-3.73866615525871e-16,4.01033236887393e-16,-2.71796557629989e-08,-1.53030065555642e-05,-8.57989876062136e-08,-0.000116877332662763,3.13476619372484e-06,8.23916411766257e-08,1.42924083637426e-05,6.98897591311099e-07,-1.69369648710746e-05,2.63537022066052e-15,3.1018071630188e-09,2.2622304816428e-07,6.25949665847299e-07,0.000330221409963771,-9.60815046692939e-17,3.89337754771696e-16,7.81982101523413e-06,1.44726496860504e-16,-1.59623722163684e-13,7.6232418951312e-07,-1.10905095151498e-06,-2.07589560233212e-07,-8.58831180249664e-05,5.17014502311619e-06,1.34978520173402e-06,1.71798945848732e-06,-1.57099393074581e-16,1.47666103523844e-05,4.01625361618395e-07,3.12572691759909e-06,-1.72765273892838e-07,6.65505748734141e-07,-4.45837089524457e-16,1.02876849438003e-15,-7.53907053584574e-16,-5.93249737703622e-06,-2.66995003049821e-08,-1.72916737608507e-06,1.55280858953446e-16,-2.02090076582058e-08,-4.70635752485373e-16,7.11386939722521e-17,3.19168730250533e-06,-7.99011143085459e-07,6.48352899146332e-16,-6.5973384606441e-06,-8.94233784798076e-08,7.75883757605068e-16,2.10656258194832e-07,8.26295616669595e-16,0.0189259694121544,-4.77998568550168e-16,-0.000246220430531124,8.84942194065116e-08,8.66500185837201e-09,2.04765147222845e-06,1.76965096346864e-05,-5.760147487013e-08,1.8100837534271e-06,-1.20606693414742e-16,1.06300938404391e-06,-5.99148664142352e-08,-2.71191523035731e-17,-7.87775614838149e-09,-1.59914131575998e-07,3.70152120556054e-08,-6.71459599840523e-17,1.17092387201871e-07,1.54423908091701e-07,-5.73302200131449e-18,-4.26830131426789e-06,-3.23356733385931e-06,-4.38285301376062e-09,-2.59717341514274e-16,3.42291599808025e-16,7.70539193185697e-08,4.16048173394934e-06,0.000547852840866429,-2.95910265853177e-08,2.38830683572471e-06,7.18117938333617e-17,9.87106867543408e-16,0.000368737556632456,1.40504409252924e-08,-2.98289884124528e-16,2.05493376669242e-05,-2.07315802672018e-17,5.98362706802028e-08,-1.00174967213961e-06,-1.33948269197067e-06,-8.86281334153706e-06,-2.43941521857079e-17,-2.50550254567617e-16,1.1575351211685e-16,3.87516570759329e-17,-6.71826082532703e-09,-2.32716291499327e-08,7.92666725212267e-17,-9.16375224743263e-17,-3.69093192975259e-16,3.25952732233071e-08,2.92305853568132e-10,-1.60047019093055e-08,3.18777785728739e-17,-6.41102297117835e-16,2.2101461286117e-16,-6.75042028008258e-07,2.06467366699077e-08,-2.1725624631476e-16,3.60847884653686e-09,-9.43835455991327e-08,-2.6407002451573e-16,2.1506773860143e-16,-3.96663831710323e-05,-6.73541957885182e-10,-0.00266700182786135,1.39514398403399e-16,3.43328072225571e-08,5.56707542030104e-07,5.97239014305422e-07,-2.22018288243949e-06,-1.31573854355135e-07,2.13620812860813e-09,3.36812929099366e-17,9.61663028175319e-20,-9.40305177726344e-18,3.99353771269043e-08,-3.61485547205241e-08,-1.4089832333876e-06,-1.05769434750203e-08,2.53846046787849e-16,-3.79392680733212e-16,1.40521557906188e-16,-2.23526176280449e-16,1.15980950909577e-15,4.99083413992683e-08,-2.03746565707918e-16,-2.03121168829828e-17,-1.41237947228703e-06,4.78394965565635e-17,-4.29976879515911e-06,7.49671989695897e-18,-9.23191464428991e-07,2.31259233516118e-16,-1.10956999607312e-06,-2.35114744746844e-07,-1.21976514947877e-07,2.52381172731801e-16,2.5510167557481e-05,-3.38764476238557e-16,6.66844455402841e-07,-1.05344633188643e-07,5.82858509372492e-10,-1.93041442308496e-16,3.20507033495056e-06,-4.36154492556164e-16,-2.31541290337954e-07,-1.18274369754717e-07,-1.44849336800048e-16,4.31493778777128e-16,1.30574700413439e-16,4.06505457478903e-17,-1.92778706131396e-08,-0.0144790694875349,-1.78802280286203e-07,-7.82581509516409e-17,-5.21396982970946e-17,-1.15926295985805e-08,9.45864791640234e-08,-2.29635740890633e-16,1.65862099155476e-16,-1.88298072350244e-07,2.48035109786245e-17,-3.64403009011194e-06,1.3294408408643e-17,3.32476863261704e-07,-8.95900177176591e-17,-7.49997038135605e-16,-1.39828310042231e-16,1.79993821472472e-16,1.16094391837395e-16,-6.67556837572298e-17,6.33214243094937e-09,-4.42791843986273e-08,7.04942443195018e-17,-2.93007794258734e-08,1.22933351239441e-06,-2.34740123104081e-16,-7.72236846506278e-18,3.28021712879445e-16,-2.1422109525144e-16,1.1227503905152e-06,3.0389310965319e-07,3.7598194502379e-17,3.7572366955819e-17,-2.18134734952431e-07,-7.04448447052322e-08,-1.06578449156376e-09,8.83449502176798e-17,-8.17446355361377e-17,8.10134387263148e-18,-3.22961169552204e-16,8.12021017396336e-17,9.83673043504244e-17,7.17079919570707e-06,-1.46318562414548e-06,-5.37849199329523e-05,1.28274086629425e-16,-3.91186549657359e-17,2.23666880855078e-16,-1.43418789660009e-16,2.19361731845429e-16,2.04764528118123e-16,-3.14488039468218e-17,-5.48892297658534e-17,1.44175464430471e-17,7.52614439925902e-17,5.5545601845777e-17,2.23210395832066e-16,-2.18171251383424e-17,-6.29951114167277e-17,4.02613821780198e-09,-2.38332150936418e-17,-1.11610636173071e-16,3.04247854106683e-17,5.68613075347941e-08,-7.02809848875634e-08,1.11782309829271e-16,-1.46625903137387e-09,5.17756913369523e-08,1.46154695310975e-16,1.14050737803976e-15,-9.94920281546332e-08,-4.93259796124044e-17,1.26503931352064e-09,1.69732041808602e-17,1.01462372636953e-16,6.31328929502855e-17,-1.45144425317098e-17,1.26094788302566e-07,-1.68788854649822e-07,2.91816997326867e-17,1.73985972504179e-16,-6.90772599244011e-17,-1.91149692815637e-16,-1.23870098206469e-16,-5.15721698701787e-17,-6.84970281949752e-17,-1.04089689483493e-16,1.98572238551407e-09,-7.85496215895239e-17,3.18828229708705e-17,-2.67979045972575e-17,-1.16560117820316e-16,-7.55084564058508e-17,8.15292480401009e-18,-4.29667886442682e-07,3.56101344053235e-17,-1.42218645884204e-16,2.90405779804691e-08,-9.64007104764135e-17,-5.73240288860468e-18,-9.14147910242106e-17,-1.29324342034452e-16,2.39719804414397e-08,1.40082811226443e-16,-1.8059247123139e-06,1.01219926672579e-16,-8.41715944505134e-17,6.03335809507603e-17,-1.75608564690656e-16,-3.09680739910432e-17,3.34296230529143e-16,2.85054230440018e-08,-9.36364465448175e-16,-9.85566556661429e-17,3.58922112755751e-09,-3.54738801688896e-06,-2.8109443746333e-17,6.0907563747303e-07,1.40077799326795e-06,1.82404339825116e-17,-7.01871517502121e-17,7.50095237062082e-17,-6.07629200421142e-17,3.67670997702748e-16,-2.32458088226486e-06,-1.52247469333396e-16,1.46678114512897e-16,-1.38583344970243e-17,3.14091620524661e-06,1.74505970852804e-16,-1.19983542897011e-16,5.22535408057269e-17,-5.84495229700585e-17,-4.21037700659643e-07,2.09986486560043e-16,7.32359023693015e-10,1.13227822051141e-16,-5.46743367608103e-17,-4.83106217260184e-17,-4.0323030932884e-17,3.47863563117732e-17,3.20310040842848e-16,1.28591483345238e-17,-1.26308291986727e-08,5.86058995603196e-17,-3.29003581865971e-17,5.30233198078921e-09,4.60990474709395e-17,-1.65244216913288e-16,-3.66519499055195e-17,3.5247064281333e-17,1.34480433982893e-17,1.26830477312969e-16,-3.82626046556227e-08,2.72451992057393e-17,1.85824266811835e-17,1.13703069686295e-08,-2.23853312521233e-17,-2.18454132131929e-16,-1.31114278179925e-16,3.39539497174674e-17,-5.45989287591551e-17,-1.60317093058659e-16,-1.14437151489454e-17,-4.31749810876446e-16,-6.6808051806709e-17,-3.13256525201933e-16,1.89380995489139e-18,-5.92114408557482e-09,1.96175077386927e-08,6.99659501683182e-17,-9.99065676613061e-17,3.9534374897332e-17,-5.72444400715726e-17,2.82434665932474e-17,-1.98394418476295e-16,4.64312891484751e-17,4.04498095121184e-17,-1.86134965981222e-08,2.28122729539965e-16,-5.28767711893428e-17,7.21472062119105e-16,-2.15285034091904e-17,2.15864188239884e-09,-1.01947802827008e-16,-3.40856784666675e-10,2.08421594536007e-16,-1.72652936262497e-16,-1.67394215441314e-17,7.38450145592773e-17,6.08553311437131e-17,1.33234966365306e-16,9.44436055572192e-17,1.87083281556762e-17,-1.56129445011964e-16,-6.14592395988019e-17,-1.0604848969971e-16,7.34918149886026e-17,-1.60437445695237e-16,-1.26598872635154e-16,6.6430932765183e-17,-2.23992750159286e-16,1.71229005634754e-17,4.51383789363379e-17,2.62526055656833e-17,-3.47606954614407e-16,2.85578852232682e-16,-1.18792913177244e-17,-1.84709208140331e-16,-2.51057829795742e-16,1.01704627516429e-16,2.74726563869188e-08,-1.61261949372858e-16,-6.18733527634768e-17,-1.20351289461975e-17,3.54208050647442e-17,1.37079483073779e-16,1.7559473959583e-16,3.86971534288432e-17,-6.57801345295699e-18,1.50893260308735e-17,-1.91855087332336e-17,-1.91524313769564e-16,1.94230359487126e-16,-5.34618647074835e-18,1.17513686908286e-16,1.74750455643934e-16,2.386150363657e-16,8.57828245203335e-17,-2.06795440817186e-07,-5.75744237481519e-17,1.75468683938945e-16,2.60509215829481e-16,1.26631058355397e-17,-9.38797291416263e-17,-1.13065309701943e-16,3.23178460389541e-16,4.22224135142846e-17,-6.07753341079506e-17,4.69486927204148e-09,1.84883211585974e-16,-2.50491723372102e-17,5.60312194641228e-17,1.54187470493418e-16,-3.22258566895633e-16,-1.27772804775882e-16,2.53131749134122e-16,2.44626294578646e-16,-1.44466965536323e-16,4.03114752818719e-17,6.68653691377906e-17,2.42121283103894e-17,-9.75349436584543e-18,1.23646510828448e-06,5.42520568188833e-17,1.42871525288731e-16,-3.47184632796764e-16,-3.80012861456169e-16,-6.40388114056815e-09,-1.26024160240638e-16,1.18348551249028e-16,2.6130240581723e-16,2.27615481097459e-16,1.0196053415523e-16,-1.65848143613886e-16,9.46679140568917e-17,9.78064589519767e-17,1.81918532778858e-17,5.98244167414414e-17,4.07912215572212e-17,1.57528337368286e-16,5.10608962951331e-17,1.87534582352575e-17,1.47790609815921e-16,7.77250741793292e-17,-2.28201496592032e-16
"t785",0.0342718390158514,-0.00959678747721994,-0.0104586124948973,0.00059007374815441,0.00520771186196011,-0.0134677727649361,-0.00188554362947495,-3.91168951614845e-06,-0.0323525297285259,-0.0136477328078292,0.0923997383778586,0.00140366385541734,-0.00268262199568532,-0.00055907542108041,-0.0146759919234404,0.000331323113950158,0.000213464246767577,-2.55143475996152e-05,-0.0116652019557986,-0.00418445174861667,-6.81166244839729e-06,1.31676652029037e-05,-0.00641794914837504,-0.000207537320350729,1.5868644350423e-05,0.000434992815721319,-0.00730039315828631,-8.39180279658776e-05,0.000132118374541249,-8.21015278720371e-06,-1.92909330887168e-05,0.000509518771831199,4.38788093288286e-07,-0.000528334356111751,0.000814150294085218,0.000158463408562711,7.15139621563958e-06,-2.54601030974466e-05,-0.00594769953091817,-0.0311486724395102,3.75907702611806e-05,-0.000374642010409443,-3.7523405722399e-08,4.74265165062005e-06,-1.54455342315401e-06,1.34769230841926e-06,-3.17359458322488e-07,5.34387621301428e-06,-0.000799939859517985,0.00159540764598152,-2.02586175342754e-06,3.15961124835693e-06,-2.44662511122247e-05,1.5124716020911e-06,-0.000159178385061708,0.000124844002649385,-7.61802511665082e-05,9.8343872031587e-05,-0.000862386255624611,1.62116213166262e-06,1.65629290657022e-06,-8.94695809397515e-05,5.4258399275954e-05,-4.07495521778493e-05,0.000785405347556315,-8.67016978457625e-06,6.01571490106476e-05,-0.000191008007418431,4.69597194588758e-05,-0.000218150069675349,2.16499367777538e-06,-6.41364949467422e-06,2.23970946736927e-05,1.48490363777717e-05,-6.25859769175468e-06,-5.36582360729016e-06,5.50432536655935e-05,-8.32252642794804e-06,0.00401779981521837,0.00025417308817657,-1.78548982825711e-05,-0.00140307905385203,0.0036002272117031,5.32061659870985e-05,-0.000527777421454269,-0.000141576046215099,2.21288556823147e-05,0.00038097635031283,7.13163282209253e-07,-2.87536490716032e-05,0.000292741293096746,-1.7518669435555e-07,-0.000121704309130452,0.000111264673417978,2.40857202340975e-05,2.85013438320702e-05,3.35129521801005e-06,-1.83894028733005e-05,0.00020878344367145,0.00455902287284253,0.0001019843713186,-6.80918424316112e-07,0.000144115336907029,-0.000257028517975229,0.000552149270141475,-1.07575790195271e-05,0.00490697748099514,-8.66384993700802e-06,0.071206604016512,1.32981846975446e-06,2.78309533157528e-05,-2.50436886130126e-06,1.56626208751889e-06,-8.48378789445484e-06,9.39838785481663e-06,-1.18704999291897e-05,0.00220785997996599,-0.00239837131347261,0.00021121092446235,-7.63139620972627e-05,4.38081791643113e-05,-9.03208691632563e-05,0.00131732127166177,0.00130691871152311,-6.42370311607742e-06,0.000137852042086016,-1.43337941387303e-05,0.000348712463126545,-0.000356911944078517,-0.0124426721501417,-9.33755862632791e-05,0.000534087439144601,-6.91621151735563e-05,-0.0607754281281261,2.66296835439578e-07,-0.000202017970405532,0.000916088491661839,3.62639633382463e-05,-0.00310999621977923,0.000850466805850836,0.00470341867428766,6.55456882224069e-05,-0.000683390071450416,-4.33538526402359e-05,-2.50062279503558e-07,0.00651122655056002,2.12172638771081e-05,-0.00186188800513104,-0.000119608723061862,1.15206820241721e-05,1.42240195905636e-05,0.000737100838689416,1.02410539388112e-05,-0.00250551218696561,8.08692743551801e-06,0.000153470246228238,-0.000952086873124054,0.000115381650225688,0.000704869555027158,9.87555302525814e-05,9.94714831060893e-05,-1.46237148312896e-05,0.00201974977939394,0.000154547574911404,-0.000109575822641412,8.01482403871346e-05,-0.0903694852884478,-0.000276489998051809,-0.0381048080754106,-4.95348112326766e-06,0.000103189896563796,1.93834399345751e-05,-3.4219575591596e-06,-0.00221793436837652,-2.59827448681634e-05,-5.42830519431969e-05,-2.40887315511392e-06,0.000114330916742065,0.00608808355573607,0.000711668675896642,-0.00301990966360665,-0.00096840989469373,0.000219025132432024,9.53394211161324e-07,3.19082227987147e-05,2.15103435405802e-05,0.234426154692996,-0.176974193372264,-0.937361168028639,-0.00450633159523555,-0.00973610977948664,0.00495050725394624,0.00149891510010841,1.83593097858994e-07,1.60808390049318e-05,-0.00237156646349999,-0.00142658785596538,-2.06337590772685e-05,0.00212801705759465,0.000265670105477557,-0.0331491931420626,0.000830161757695334,-2.6065971798966e-05,-2.68263502353346e-05,-0.00305850850004034,-0.000139049616188666,0.00181183110322504,9.27554496095205e-05,-0.0045896609861884,-8.82762893147973e-07,-0.0158373740672649,-9.73192763097112e-05,-0.000191620018612011,-0.00501247590614314,7.99920324592526e-07,-1.30534673596078e-05,3.47189136710139e-06,2.17405159766111e-06,-0.000964254135563618,-0.000216987628470065,-9.74618126119735e-05,0.000107420386435289,2.32497592351702e-05,9.68426451466251e-05,-0.000273341055533997,-1.54408677726806e-05,-0.00145902605520566,-7.79084324289888e-06,-0.00284192000620225,-0.000507424170772345,2.70387413970101e-05,5.51100185547388e-06,0.000165363291041997,6.07479755128491e-05,-0.00285915653170828,-5.89620685771019e-07,-0.000253703306112519,1.46928983393289e-16,-2.31638964714716e-06,3.28800618217234e-05,-6.41700295908812e-06,-1.59970309315855e-05,-0.000210067266717723,2.90080316577991e-06,-3.92930616916055e-05,1.73543076851242e-05,-5.73713695764957e-05,2.11497861949121e-06,-4.23805527962776e-06,0.00169232681392167,-1.10366417055835e-06,0.000121686564653368,-0.00619247071608141,3.81436150250344e-07,-2.44978178670597e-08,1.14738080828209e-06,-1.04320107406074e-06,1.6381214576717e-05,0.000702644396557685,-0.000132041287662299,1.56771477099233e-05,-0.0158223709885484,0.000272467596312864,-1.72792353309676e-05,0.00107414194739482,-0.00010057269777358,2.25381495747949e-07,0.00195961882307206,9.50906639397655e-06,7.75017239993444e-05,2.04254503076376e-07,-0.0037915638944197,5.45296470994393e-06,-6.50805157156502e-06,1.02308978564319e-05,-1.96806963625966e-05,1.51259897015401e-05,-1.09626794434697e-06,0.000206012987665642,-8.89902676630618e-07,0.000145541851503471,-5.42458355922542e-17,-0.000351728999066,-6.04755462731488e-05,-3.70511472942838e-10,-3.19448769539978e-06,4.64175349039878e-06,-2.86043036842747e-06,-8.0987493917242e-07,9.08092790878984e-08,-4.04395569518109e-06,0.000152780625111023,5.58949286676391e-05,-4.2295939255054e-07,0.00022478228410725,-0.000751837870992016,2.00876207645394e-05,-0.000596695237584251,4.8531863189907e-06,8.46679590272169e-06,1.30614189919415e-07,0.000337764242052815,-4.18713552944384e-05,1.84103384053782e-07,-5.7151802066415e-05,6.62084606906401e-06,-2.39621338797184e-05,1.69933721912346e-05,0.000150878563168569,7.61677978449664e-06,-2.41169883625316e-06,-1.55649052769322e-05,1.56141794845695e-06,-7.14785901672727e-06,1.98356710807375e-05,7.90654360270187e-05,-0.000601656796777798,-7.88489450290398e-17,9.92700119902187e-07,5.35199422336521e-06,-5.16364782540051e-07,0.000275605583850953,2.95650469343314e-07,7.18505459855585e-05,0.00028325370319167,-2.18188216792245e-05,9.21852051491943e-05,-9.05397947237653e-16,-0.00115092550256447,-5.1432091432854e-08,-2.25558796302549e-05,9.52987737648626e-07,1.7300472662932e-05,-1.13420285044433e-05,-0.000186307804641173,4.95124085209602e-05,-4.90913171971766e-06,0.000309747951452921,-1.0010209743004e-06,-9.65734169552165e-05,-1.30160261397158e-07,-1.98395703857892e-08,-0.00028561800430969,1.79503335673536e-06,-0.0123184466171307,-2.32981021346436e-16,-6.89465045621765e-06,5.47358982037611e-07,1.5776248742461e-08,1.4464943576177e-07,-0.000221349505386769,-0.00582873920992692,3.27612864379546e-06,-1.2693387302626e-05,-7.98423847728399e-06,-3.31308458491094e-17,-0.000151918669268878,-5.44364638557291e-07,-0.000352869327883501,7.1909372448508e-15,4.70138037226816e-05,6.93369865937885e-06,-1.23886768863527e-06,-0.0145952364712696,-5.15356465952749e-05,-0.00255508921983732,-1.2643748106863e-05,0.00251762680745963,2.94131897499229e-06,1.80020634681356e-07,4.31820135480375e-05,1.31020101302031e-06,-6.2176193408326e-17,-5.33630756725685e-07,1.97929266987679e-05,8.57147948906203e-06,-5.4106790177396e-05,-2.88453749373654e-16,-1.10890089850404e-06,2.03837773418236e-07,-2.30941407927408e-05,-3.29691124979418e-07,-0.000119393928642387,1.16118793394827e-06,-1.53327770192475e-05,8.16528011113412e-05,1.08119295578994e-16,0.000292454811105879,-1.3854530674827e-06,4.01686355987654e-06,0.000430786436817322,-5.66158403119609e-07,-1.24088653654886e-06,3.98986399474666e-17,-2.87775605227003e-17,-1.12378746872089e-06,-7.54140850568232e-07,9.94319928308363e-08,-0.000109605100646469,3.4006257712443e-14,-8.79288105287321e-05,-1.03374758618512e-06,4.82271407006199e-17,1.63904884240735e-17,2.74134661907743e-17,0.000126759926687375,3.44939620004019e-06,-3.76262489482885e-06,0.00011390379463986,1.61664719529537e-05,2.98311412406827e-06,-1.29385917440709e-06,-7.22176804602624e-16,-2.81681948610976e-07,7.89649774879384e-07,1.45461047423804e-16,2.71813693493753e-16,-4.93125960262372e-07,-2.84703058239174e-08,-2.91989802520066e-07,7.38954189976619e-05,2.9286314970411e-07,-1.18215458117125e-05,-1.16122387816044e-16,-4.22812775203681e-06,3.86453975309382e-17,-0.00581006055843975,-1.03575188790256e-15,-2.81917070868854e-07,-5.0551710757676e-17,1.22366665309969e-06,3.23510463623331e-07,0.000669277282071787,2.00615705073655e-05,8.86647949770782e-07,-1.01938607194598e-07,6.46177452252087e-07,2.41785779196653e-07,0.000115864241116214,3.85685478139113e-06,2.24550036182545e-07,-6.30902402325568e-07,-0.000114838918472228,-1.58416850100937e-05,-2.9949461380314e-07,1.85190177778842e-17,2.79707708297059e-06,-4.80931132221645e-07,2.46913620873032e-07,2.14969386719115e-16,4.58303074755126e-06,1.30184391466262e-05,4.16287839054688e-06,1.66672558760469e-17,-1.00818763977165e-06,-5.66654731748867e-05,-2.90940099802338e-17,-7.04957223427955e-07,1.56385675025646e-06,4.32794841908967e-17,1.25041516696695e-18,-5.7413278617988e-08,-3.24310688022686e-05,-1.84581908962003e-07,-0.000255783526679511,7.11753887818797e-06,1.87645367973477e-07,3.26910131048167e-05,1.67158869104914e-06,-4.1897809035828e-05,4.69703486175033e-16,7.7669909997305e-09,5.67635188377921e-07,1.58190874885129e-06,0.000841641368265433,-1.21202825409629e-15,5.22922300798212e-18,2.01583654167408e-05,-1.75472969882511e-17,-2.58379310759703e-13,2.09854103280789e-06,-3.08499003620391e-06,-5.77565936895239e-07,-0.000142568742088678,1.47492991244735e-05,3.85286949631813e-06,4.9228102560553e-06,4.72175792240895e-17,4.40205786880378e-05,1.20682413122812e-06,9.41663062449267e-06,-5.27066027414632e-07,2.07497125052634e-06,1.02924345386892e-17,4.44295954347912e-17,3.28160880177023e-16,-1.90322775891142e-05,-8.66219015670475e-08,-5.61460037744797e-06,-3.74697129591167e-16,-6.62792866713264e-08,2.0168953077128e-16,-1.80846580523494e-17,1.07773343515898e-05,-2.6982215735044e-06,-6.52689707836274e-17,-2.22375958819208e-05,-2.99697033000933e-07,1.49261932614125e-16,6.77537461257142e-07,5.40412970345959e-16,0.00108371643711775,5.60588071697188e-16,0.00108041106332801,1.96505767935969e-06,7.26704610737103e-08,1.22994351950671e-05,8.49130447051697e-05,-2.38428428559062e-07,7.30861062777784e-06,8.42834420612848e-18,4.30770188707113e-06,-2.43056579244185e-07,2.72820193477457e-17,-3.20067320442432e-08,-6.51708991207882e-07,1.5130158894344e-07,-2.69731143861111e-17,4.84010043992691e-07,6.39814617481916e-07,-8.18116491134341e-17,-1.7740179597316e-05,-1.34605384577872e-05,-1.83516011104548e-08,-8.60622893569096e-18,1.39172071353346e-17,3.27130854047985e-07,1.77497796583871e-05,3.63595632945575e-05,-1.29669901149932e-07,1.04827273700265e-05,2.30542286307538e-17,1.10069334645508e-15,0.000959962091832349,6.43112876440561e-08,-1.54177276277037e-16,9.14760591118318e-05,-2.2011595944846e-17,2.67249915325843e-07,-4.49875577233071e-06,-6.01788095787561e-06,-3.98805097294356e-05,-5.87189332924511e-16,-2.35562846238945e-17,-3.94371419983733e-17,-5.92455469235313e-17,-3.06572975343582e-08,-1.06314208934075e-07,1.06481209762418e-16,-8.31753925781284e-17,6.57278576362589e-18,1.49506281594656e-07,1.34302176737262e-09,-7.38690688034714e-08,-5.9689410764139e-17,-2.61767062019469e-16,2.0484644796398e-16,-3.15764056372777e-06,9.66135523806113e-08,2.09248839958085e-17,1.69321620777777e-08,-4.42818927802053e-07,3.17403026801932e-17,4.13067892865955e-18,-0.00018364681330025,-3.10646092858711e-09,-0.000668376542351898,-2.52547104219982e-16,1.694214125485e-07,2.73339016615312e-06,2.93048650140137e-06,-1.09218571259034e-05,-6.47884376871757e-07,1.05397591478852e-08,1.18188060427847e-16,2.19441281036826e-16,-6.1593720696005e-17,1.99603332867e-07,-1.80713495776001e-07,-7.05588025746344e-06,-5.34270527846194e-08,1.84654920192943e-17,1.57828230827576e-17,-1.57219954022254e-16,5.22590724887362e-17,-5.90728763067752e-17,2.54341883513816e-07,3.90780573557828e-17,3.46827541528194e-17,-7.22205426004168e-06,1.34134221927365e-17,-2.199033220158e-05,2.62146468157072e-17,-4.72289706376891e-06,5.23013194329784e-18,-5.70858957298542e-06,-1.21121469384018e-06,-6.29604957180996e-07,5.418382903935e-17,0.000131983893257114,2.94096978832842e-17,3.46648779781298e-06,-5.50140629224022e-07,3.04422810044918e-09,3.35919892490601e-17,1.67481955709082e-05,5.91110550546886e-18,-1.20382409264284e-06,-6.14484701610265e-07,-2.59164515559646e-17,-1.93760493409898e-17,8.91203310280741e-17,2.73618335570058e-17,-9.30956739968137e-08,-0.000116344494618518,-1.0477750299706e-06,2.73337182306035e-17,2.53577421939702e-18,-6.32009546221955e-08,5.15506465649778e-07,1.60698181973616e-16,-1.39343193946699e-17,-1.02535612363784e-06,-3.80991309826163e-17,-1.98564481859833e-05,7.02945817631638e-17,1.8162326007272e-06,1.15987701762712e-17,-2.64661540674631e-15,-7.45990060794664e-18,-1.5490580794862e-17,-2.77173465834505e-17,3.5431510271676e-16,3.48087886338381e-08,-2.43430901559398e-07,2.54421990817993e-17,-1.61463611857638e-07,6.78103600643141e-06,-1.11513999556795e-17,1.8842657175171e-17,1.86179882981088e-15,-1.73729614613825e-16,6.21988496345598e-06,1.68522820030486e-06,1.3698459662458e-17,4.25588868113959e-18,-1.21102067609126e-06,-3.9114660607415e-07,-5.92071975577014e-09,-4.27253347442675e-17,-3.16606494657388e-17,5.25927551204381e-17,-5.64548295467077e-17,1.16087728495624e-16,-1.37629159946343e-17,4.0151497583469e-05,-8.19779009042341e-06,-0.000179554056699629,-2.38515113837185e-18,-3.11965919014906e-17,1.7634542272268e-17,3.75170449898157e-17,-9.11431697897541e-18,1.07733252981051e-17,-9.01800359690349e-17,6.86500853983881e-18,-3.21220940980853e-17,-1.64260904518987e-17,1.68480897590135e-16,1.18026343958034e-16,-2.11468677972211e-17,3.49361442988001e-17,2.28571936564559e-08,3.5979887538073e-17,2.66559754824149e-17,-5.95620644085962e-17,3.23322537412467e-07,-3.99773920639628e-07,-5.77656177780463e-20,-8.34228332686742e-09,2.9514432193884e-07,-9.31561975426766e-19,7.47304989443126e-15,-5.68495871279112e-07,2.40957215251295e-17,7.24922719199022e-09,-1.77262551811618e-17,5.33670570540777e-17,-2.31864874479124e-17,1.32907680164236e-16,7.25808424542273e-07,-9.71848846344026e-07,-4.73939093913436e-19,-7.8656194042295e-18,-8.53862106562138e-18,-1.78407174177221e-16,-3.00866102864727e-17,-1.08683433090518e-17,-2.23798757477827e-17,8.58273563042554e-18,1.16054531033156e-08,-1.43919895082135e-17,1.76492167155361e-17,3.20720034243996e-17,1.16360745143969e-17,5.7056011008313e-17,3.41333176660785e-17,-2.51893530295117e-06,-6.42664971414593e-18,-2.12276395193523e-18,1.70346836604211e-07,-9.18932873533931e-18,8.72868214231668e-18,-2.36035491075691e-17,2.80995003161153e-17,1.41532343904562e-07,-4.26703930999615e-17,-1.0674500476285e-05,-1.09079053313092e-17,3.07498051966607e-17,1.21527263277035e-16,-1.70918543261709e-17,3.60971562783067e-17,-1.31387281045202e-16,1.68880236470898e-07,-7.52981451793395e-17,1.81134107476304e-16,2.13016653465854e-08,-2.10552436308779e-05,-1.41901990642795e-17,3.6205392641229e-06,8.33056275774023e-06,1.66496063827378e-17,-4.98327815870437e-17,-4.62860751069118e-17,5.90050875804209e-18,5.02100811789653e-17,-1.39185714332218e-05,-4.45196747651307e-17,2.7027383081011e-16,-5.56309431444831e-17,1.88385494025946e-05,-3.92896510713061e-19,-1.0059760442711e-16,3.26621491464632e-17,1.74922212388629e-17,-2.53093798895622e-06,-5.73926802477443e-18,4.40536052074899e-09,1.19335910965337e-17,-5.86452238483978e-17,2.77555170649497e-17,2.24545121850488e-17,-9.54827543530856e-18,6.19165772949786e-17,2.03183567843049e-17,-7.62503000727612e-08,-4.12283593854415e-17,-3.30437798627584e-17,3.20373616964247e-08,4.14393481963306e-17,2.02662990560008e-17,-4.11649260050566e-17,1.40317498841178e-17,-1.55251593202513e-17,-2.10106623012124e-17,-2.31817316050501e-07,-7.58246599807787e-17,-8.64833125818537e-17,6.89710169019031e-08,-9.94572297788112e-17,4.51386659437992e-17,2.69909459809136e-16,1.57791162728128e-16,7.41477390465239e-17,-4.58618159934773e-17,-9.97119052760372e-18,-7.37321493163309e-18,-1.07500329551736e-17,-2.27880050928274e-17,3.56239447240489e-17,-3.60743498534458e-08,1.19580767136741e-07,3.44312497492151e-17,-4.43325961362459e-18,3.62444210958388e-18,-8.97413843364994e-18,2.92355115810716e-16,3.48338126105165e-18,-4.01014805840455e-17,-1.21373730315912e-17,-1.13764344168923e-07,-3.24711271392288e-17,6.17801456419565e-18,-3.6220271978086e-17,-2.76188150189127e-17,1.32229864615011e-08,-2.58244215529535e-16,-2.09314215002866e-09,6.48703534577293e-18,-6.91796221326098e-18,2.07629662339735e-17,-2.75438358084257e-17,1.98682175127092e-19,-2.01920477143164e-16,2.31796635646297e-17,5.82089068423494e-17,1.38025414403217e-17,3.81374403652937e-17,-2.88938528611035e-17,-1.47155510715661e-17,2.75055614774475e-17,-2.93911794512587e-17,-1.52802430125274e-18,-5.05435404264877e-21,1.68309886014281e-17,-4.00245756423006e-17,-7.15777488752935e-18,5.53083552154251e-18,2.48878608694048e-16,4.38065712109739e-17,-5.51413202328449e-17,-5.21244038779699e-18,8.57062381464465e-17,1.7019386295899e-07,1.98068767592565e-17,-1.44868335137872e-16,-6.20005573491619e-18,-1.58043710426409e-16,1.51310203979126e-17,-1.87925566432895e-17,1.19704153652128e-17,-1.08840559062119e-16,-5.14710143751359e-17,-4.75582373351778e-17,-1.79652299980848e-16,5.07332262022384e-17,-5.2985939366475e-17,-1.44941673128306e-17,2.33959459839194e-17,-5.28765263836908e-18,9.00505684337872e-18,-1.28833068968857e-06,-2.38358956708574e-17,-7.75712016513165e-17,-1.64341169154626e-17,-2.85889371327872e-17,9.70314686534015e-17,-3.28270025004382e-17,-7.61448665858286e-18,-1.3436724544734e-17,-2.18248973915391e-18,2.94115822916604e-08,1.67683945851281e-16,-1.79645117423645e-17,-1.71836667228971e-17,4.86652315105328e-17,1.16503298532215e-17,2.8054809444384e-17,3.08982167624436e-17,7.3032734539757e-17,-5.02451841811367e-18,-9.21120833494812e-17,1.72760018570248e-17,-1.8827103694045e-17,2.02483044296307e-18,7.78727339412559e-06,-9.8642231290651e-18,-5.09844112491045e-17,-6.25025316414838e-17,-3.07913416985883e-16,-4.04283066813857e-08,-3.12979320298191e-18,-5.89130245313931e-17,-2.12135393915034e-18,1.04906360904399e-17,-3.4202265184376e-19,5.52152358963798e-18,-6.06055584861043e-17,1.84940263886288e-17,-7.34058413282556e-18,1.26045036870413e-17,-2.31693523051059e-17,6.85561117154081e-17,-8.09435410830104e-17,-2.86475375351959e-17,2.24578871111274e-17,1.42451650371632e-16,-2.27367546579984e-16
"t149",0.0338584240704552,-0.00929546009081627,-0.0101152540008257,0.000560297402800231,0.00484516872440016,-0.0122377005841014,-0.00170732699866087,-3.48742613586022e-06,-0.0275390500156145,-0.010616278645257,0.0563875670890023,0.000426553619394443,-0.000642067967860868,-0.000113259911801752,-0.00124173125528698,-3.74733881044599e-05,-4.50291326446261e-05,7.48085501533732e-06,0.00477359418244046,0.00405048742173395,1.23518625712056e-05,-0.000101163143830036,0.0812832418139952,0.0027823432080285,-0.000221399292714941,-0.0102277408789936,0.19940022313371,0.00258499945820304,-0.00604985885536156,0.00816878837246139,0.00184791281140989,-0.0228640919772321,-8.68068483128581e-06,0.00679826728108808,-0.00683233181542059,-0.000598567419734833,-2.18646933592233e-05,5.28718172590114e-05,0.0095549503897993,0.0124991510201022,0.000138687574768583,-0.00700646497469047,7.36185712310262e-06,-0.000529591125389292,2.83671299678128e-05,-8.57957125365227e-06,1.75357634093743e-06,-2.78783922563591e-05,0.00363132749139804,-0.00640619019723747,7.3133805826068e-06,-1.53197609865347e-05,0.227936576615636,-4.16363121410199e-06,0.000402185321130853,-0.000310336219487424,0.000143458086415769,-0.000172972385509609,0.0015048200506381,-2.42287672876424e-06,-2.22228373489078e-06,0.000114085619763962,-6.64629376132426e-05,4.94205495565113e-05,-0.000886209064074151,9.19106484997035e-06,-5.59663755192508e-05,0.000168046905908153,-4.02815216940242e-05,0.000178914888430286,-1.42201378653204e-06,3.60506630517517e-06,-1.23010439784482e-05,-7.77938850631227e-06,3.25969548291281e-06,2.73898992269084e-06,-2.7873617892102e-05,4.05374573673477e-06,-0.00179526669913752,-0.000109747702294544,7.27656227880603e-06,0.000564752643971614,-0.00132476857131896,-1.90617143676452e-05,0.00016882949040724,4.3921391184758e-05,-6.65610175705191e-06,-0.000114021428335234,-2.13162208825872e-07,8.56621601485119e-06,-8.61931487787214e-05,4.61628179874649e-08,3.17443787045637e-05,-2.70865289406196e-05,-5.19408851826116e-06,-6.03229295234329e-06,-7.08676844337396e-07,3.70496691108713e-06,-4.12997640078376e-05,-0.000839421617728136,-1.76400874497459e-05,1.17096141846249e-07,-2.46204623576518e-05,2.64517982781899e-05,-5.11553399829474e-05,8.89987541153296e-07,-0.000283694390148841,4.16618612719727e-07,-0.00182132867237445,4.52458422929244e-08,1.88373816529507e-06,4.90342041073051e-06,-1.53170977040485e-06,1.61619708626834e-06,-1.66822450896975e-06,1.87829476386341e-06,-0.000335299670181824,0.000331311439833346,-2.70275166662228e-05,9.2664103805817e-06,-5.17003613002223e-06,9.70228980884566e-06,-0.000133359253139121,-0.000132006107337211,6.43314836995396e-07,-1.29797354629694e-05,1.34260370881741e-06,-3.09031994110754e-05,2.59801458139851e-05,0.000903047667067493,6.62545249923083e-06,-2.48777939865723e-05,2.26718122147409e-06,0.000802919586231115,-3.91051561034741e-08,2.59407769012186e-05,-7.00482164440341e-05,-2.41892341953533e-06,0.000179931556630045,-4.90200274230071e-05,-0.000265022768822255,-3.65087746752087e-06,3.73577845931914e-05,2.35273121979662e-06,1.35690680450251e-08,-6.2711996149089e-05,-1.00624441819062e-06,8.03212397547049e-05,5.04060025777015e-06,-4.61146288705395e-07,-5.67027850025654e-07,-2.88125994559017e-05,-3.95713869194608e-07,9.55477807921212e-05,-2.7322062195543e-07,-5.08516952141446e-06,3.11146788614805e-05,-2.75029475992848e-06,-1.55725544127907e-05,-2.15678697690706e-06,-2.04058174389728e-06,2.96252563595021e-07,-3.79589981216099e-05,-2.87979087152256e-06,1.91982414171678e-06,-1.35046508697482e-06,0.0023313415065134,2.72993692447531e-05,0.00247435707213414,-3.09497991725156e-06,1.81963782440832e-06,2.80880460657811e-07,-3.42481814230013e-09,2.71748720027794e-07,3.65151252919354e-08,8.59956963383593e-08,4.00375498974109e-09,-2.46273927932083e-07,-1.1526102109677e-05,-1.29650387912698e-06,5.285438224447e-06,1.47841617335393e-06,-3.15006615080813e-07,-1.28848906779924e-09,-4.05228516485575e-08,-2.15854150970268e-08,-0.000220344104007869,8.02318230628523e-05,0.000411946847079665,1.38842798492638e-06,3.47087505327978e-07,4.23529686643287e-07,1.56844647994395e-07,2.04137417761942e-11,1.59168791281501e-09,5.66173202969943e-08,9.63889551073229e-08,3.71515115492918e-09,-5.2466945586015e-07,-2.75000817188862e-07,-5.13580926904282e-06,-1.20600612168906e-06,5.08655370628179e-08,9.14289415550166e-08,1.04470650688229e-05,4.9623713429507e-07,-7.34876930742313e-06,-4.09164215579329e-07,2.48801640672699e-05,6.00586558385851e-09,0.000127026128009304,8.18964290858312e-07,1.97467023439798e-06,5.72999981339563e-05,-9.16862304786669e-09,1.61578786496648e-07,-5.15613216303649e-08,-3.33724525634577e-08,1.74974916521994e-05,4.3854687354369e-06,2.04179836702868e-06,-2.59225817763125e-06,-5.794264005387e-07,-2.49871398018497e-06,7.81198303730386e-06,4.50224946926079e-07,4.27504888980008e-05,2.53540552371203e-07,9.83261137713023e-05,1.87560350529486e-05,-1.02920032241232e-06,-2.16153295740582e-07,-6.66807851836965e-06,-2.46871240500919e-06,9.42392864755158e-06,2.68773917319164e-08,1.210690056916e-05,1.469734531175e-16,1.17928628749496e-07,-1.69548547406494e-06,3.61091463980158e-07,9.62064668465912e-07,1.33465052606624e-05,-1.84912846216429e-07,2.78470637975597e-06,-1.25358027604915e-06,4.18169135410313e-06,-1.61398719325322e-07,3.35032535152677e-07,-0.000145745064929146,1.00930784937328e-07,-1.15171977253248e-05,0.00301500720712848,-3.39553124289449e-08,2.33992926169111e-09,-1.15634777709869e-07,1.17630315519652e-07,-1.86205650100465e-06,-8.66747718877523e-05,1.71089626137833e-05,-2.12353284872667e-06,0.000244895715023503,-4.92136775584044e-05,3.49456463566858e-06,-0.0323264317249981,-4.77861909528769e-05,-2.6946255935266e-08,-0.000235837238501441,-1.15257759592795e-06,-9.98978140316037e-06,-2.68093514018087e-08,5.37381367246875e-05,-7.77068606713754e-07,1.11245145547557e-06,-1.78093761171681e-06,3.47484397592163e-06,-2.7571164828948e-06,2.04860518197093e-07,-4.06604231999104e-05,1.7839283057623e-07,-2.95345064809252e-05,-2.97178679920026e-16,7.43972762903512e-05,1.2860999738376e-05,8.01867611668003e-11,7.20275390581009e-07,-1.08359190925519e-06,6.78763906497064e-07,1.93734556832507e-07,-2.40674679054219e-08,1.07880421138741e-06,-4.08291052089817e-05,-1.53871473529016e-05,1.26572637845612e-07,-6.82399739308094e-05,0.000230531560793826,-6.36482800913606e-06,0.000214136651517283,-1.8347719418642e-06,-3.21065039129644e-06,-4.95743438219828e-08,-0.000145860067017324,2.10222677423136e-05,-9.42454227555699e-08,3.01036664885742e-05,-3.61093258040153e-06,1.32096504269501e-05,-1.02551277505397e-05,-9.1680781156203e-05,-4.68722751565758e-06,1.49704094114385e-06,9.94226827575189e-06,-1.02968932407078e-06,4.85596263421152e-06,-1.36526127810661e-05,-5.56441657818645e-05,0.000444208301467405,2.04693809797685e-17,-9.98238592511946e-07,-5.56153233670755e-06,5.64082850072279e-07,-0.000301525234856547,-3.23966711208443e-07,-7.97168612539836e-05,-0.000321777477764689,2.55007946510466e-05,-0.000114273414511015,-1.28753731659845e-16,0.00164378939171921,7.48154634540312e-08,3.4145022826342e-05,-1.44958674642785e-06,-2.91618680704937e-05,2.02858267328627e-05,0.000363641462670941,-0.000102902335673927,1.17850855040362e-05,-0.000858182952982612,3.05041371317646e-06,0.00031007659248347,4.30537684897122e-07,6.79093954901705e-08,0.000977838095872298,-5.74437892760875e-06,0.00672751250960063,-1.74297281367952e-15,4.67800353119597e-05,-4.12508293714425e-06,-1.19026108491683e-07,-1.60806066909496e-06,0.0026502677420531,0.944352882176782,0.000211743539194473,-0.000643018985869073,-0.000222179362800464,1.08742989198927e-14,-0.00278047358618924,-8.81768516837837e-06,-0.00392190602426302,7.24246160874015e-14,0.000346278753023469,4.28759324864672e-05,-6.5680103618512e-06,-0.0144650360035111,-0.000685422336831755,-0.00222244042292105,-0.000110036625368124,0.00189016022934006,2.17548022075616e-05,1.13473336551336e-06,0.000236633898015962,7.13541344458122e-06,3.07784898269575e-16,-2.37596739057383e-06,8.55486116477403e-05,3.48413725614252e-05,-0.000202165820400019,6.01312109415363e-16,-3.55228151616007e-06,5.67291595123301e-07,-6.08316847466214e-05,-8.47676619374446e-07,-0.000298533352508793,2.76512501418141e-06,-3.39720539466344e-05,0.000155910533489914,-2.65591008409762e-16,0.000502459698272159,-2.36061653072632e-06,6.72918059679658e-06,0.000705510368906831,-9.25639306278294e-07,-2.01623541575817e-06,-3.00107161343988e-16,1.93655993346434e-16,-1.76430951891871e-06,-1.15115749977264e-06,1.51263771515369e-07,-0.000162823246875808,4.824254719617e-14,-0.000124459225830958,-1.43425666106332e-06,-7.54383089247485e-16,1.93878076421632e-16,2.51116864016473e-16,0.000166028667327191,4.48712856710124e-06,-4.78380877347795e-06,0.000142155769284345,2.01334724273916e-05,3.64552595568696e-06,-1.57779637638109e-06,-1.01467155877304e-15,-3.31341376454792e-07,9.1765395004919e-07,-6.00789521690331e-16,-3.87450481832946e-16,-5.47244212942641e-07,-3.12411478248232e-08,-3.15340913703702e-07,7.88547636007639e-05,3.02246107685533e-07,-1.20877065907142e-05,-1.02371211234453e-15,-4.24568999218182e-06,4.98472497412604e-17,-0.000795129308787839,-7.98325164655389e-16,-3.23388933288609e-07,3.07472392406049e-16,1.3229112095495e-06,3.4780348512894e-07,8.85436002868891e-05,2.06396230895753e-05,9.09650964278831e-07,-1.03533631703795e-07,6.51212297745446e-07,2.39710608196385e-07,0.000114853977366189,3.8052516027221e-06,2.19706977570189e-07,-6.1075783019184e-07,-0.000110223585357264,-1.51061183161184e-05,-2.8469158646191e-07,1.04330675528085e-16,2.63373052975217e-06,-4.48882925403705e-07,2.25160929427424e-07,8.45367075016771e-17,4.15293701260841e-06,1.16885866508349e-05,3.7234123922018e-06,1.49264392489746e-16,-9.00012500578058e-07,-5.02077746580507e-05,-8.6561587316702e-17,-6.22385231539507e-07,1.35336960752105e-06,1.1354653524034e-16,-3.70742320443568e-16,-4.93403007432915e-08,-2.78542238394326e-05,-1.58100663609421e-07,-0.000218422839742099,6.04169007079898e-06,1.59211827235369e-07,2.77208878955375e-05,1.41295379085774e-06,-3.58386221396402e-05,-6.53773910008759e-16,6.79417021534932e-09,5.00285476747762e-07,1.47137652862396e-06,0.0038309456150942,2.11627274731663e-16,-9.51815776769666e-17,1.46418072460447e-05,1.4797804531175e-16,-2.58827535387747e-14,1.65097322022667e-06,-2.42423428665473e-06,-4.53847220476014e-07,-1.47742190980301e-05,1.15431500073373e-05,3.0148320881792e-06,3.8484191715867e-06,-6.10510309727528e-17,3.40753554589542e-05,9.32116917689296e-07,7.26781315719597e-06,-4.05302373783759e-07,1.58488246684315e-06,2.64110056528306e-17,-1.34506065250816e-16,6.41552940882805e-17,-1.43967747544842e-05,-6.52521097355701e-08,-4.22813229050054e-06,-5.25035380002221e-16,-4.97133331973137e-08,-3.47126701243522e-16,5.039015388888e-17,7.94394459562095e-06,-1.9884127433998e-06,8.55110253439317e-16,-1.63159378206403e-05,-2.19306148458248e-07,-1.36990941001905e-15,4.92708797967372e-07,4.49110242527292e-16,0.000105263881528514,7.30448385525529e-17,0.000104901015052971,1.48167858341526e-06,5.3761913712964e-08,9.02212736577672e-06,6.18451427457435e-05,-1.72051247270016e-07,5.23191342765339e-06,-3.71945872030204e-17,3.05682296558485e-06,-1.72322544643649e-07,-8.4450796415761e-17,-2.26652502027114e-08,-4.60514963746599e-07,1.06710280277088e-07,-1.40847057529701e-16,3.39205273433285e-07,4.47845653167631e-07,-1.33615258335027e-17,-1.23973258380215e-05,-9.39912635084517e-06,-1.27770771938498e-08,-2.10508383861388e-18,2.20027145046558e-16,2.26236460321714e-07,1.22410499645355e-05,3.3780162441522e-06,-8.82607305584486e-08,7.10220633646633e-06,-1.03404070990468e-16,2.51490660495845e-16,8.82064052886292e-05,4.55927360041725e-08,-1.49514507835769e-17,6.22845306443876e-05,-3.95646471281955e-18,1.81433375563429e-07,-3.04625632478625e-06,-4.07426204711819e-06,-2.69840343136207e-05,-4.86212527324877e-16,1.95731268925336e-16,-1.40428269075353e-16,1.74513816714018e-16,-2.06653701164447e-08,-7.16521399799876e-08,-5.7869786488812e-17,1.39086511309628e-16,-2.65695854915309e-17,1.00727204676883e-07,9.04828739739355e-10,-4.9794303117606e-08,1.64467472751595e-17,9.2880889611402e-16,-7.50593164011715e-16,-2.16376080922953e-06,6.63050427862839e-08,-2.26882439093442e-16,1.20125266690971e-08,-3.24984469283477e-07,3.56958206273155e-16,5.89917947689558e-16,-0.0237374521126346,1.32862048872123e-09,-4.69386836967613e-05,-1.743784643949e-16,1.00360163848374e-07,1.65066542794834e-06,1.79425291833444e-06,-6.74654035444944e-06,-4.00756714002158e-07,6.53183508151936e-09,-9.72395982542037e-18,1.14272677803895e-16,-2.12260349550603e-16,1.23961163900395e-07,-1.12226676326751e-07,-4.380637836067e-06,-3.31002904392592e-08,6.81516703962011e-17,1.09441857299099e-16,9.65489978951813e-17,-2.03759836988181e-16,-2.79750824942133e-16,1.57295012450414e-07,-2.86499376183473e-17,1.09195258926126e-16,-4.64645471518634e-06,2.68635872215094e-16,-0.00257030347473732,3.71497115742629e-16,-2.83331164657847e-06,-1.04613028461576e-16,-3.50428527317123e-06,-7.43421738564239e-07,-3.86563771206506e-07,1.55074107709693e-17,0.000441961538071806,1.49867972816636e-17,2.11199124178343e-06,-3.34115516368459e-07,1.84855081961978e-09,-6.24563230189564e-17,1.01547277760771e-05,1.19976144402653e-16,-7.28099693952303e-07,-3.71608187956616e-07,6.20664625857893e-17,-2.08719271923015e-17,-9.38137638522524e-17,3.18785262386133e-17,-5.61769263596565e-08,-9.62584434413861e-06,-6.31664609275831e-07,-3.78015012921711e-17,1.35807443058899e-16,-3.7980212565529e-08,3.09747385627114e-07,3.75637106376235e-17,-7.76235885623224e-17,-6.13705240715468e-07,-5.31763689014898e-17,-1.18747981834787e-05,2.2380312275226e-17,1.08355947152804e-06,2.11618658417284e-17,-1.54877515767373e-15,-7.74859139099477e-17,-1.27276613611166e-16,-1.08623787064746e-18,-1.69266282650202e-15,2.06660578449729e-08,-1.44516312157753e-07,4.79494997209085e-17,-9.56932595821873e-08,4.01602196913753e-06,-5.63086904178279e-17,-4.65009525644683e-16,1.02516953606025e-15,2.13368007045036e-16,3.67252246061245e-06,9.94338221041564e-07,-4.21903935308635e-18,-1.47724202393942e-16,-7.13979238805488e-07,-2.30584004489212e-07,-3.48910655454508e-09,8.14646596569236e-17,2.84279178393957e-17,4.10744978519163e-17,-2.1852455082102e-16,-2.7330449521492e-16,-1.35051876332198e-16,2.35270625279762e-05,-4.80024102421939e-06,-1.45019959244913e-05,3.45552023928604e-17,-5.81334786324808e-16,-2.78573984747396e-17,-6.65991543090181e-17,1.10383601328504e-16,1.15319157677662e-16,2.81608513997364e-16,-1.71531327239453e-16,-1.68865616616357e-17,2.96346974480798e-17,3.96520579979869e-17,-3.42952369489136e-16,-4.38857145684323e-17,-1.09972234663222e-16,1.32685592896633e-08,1.03622924070814e-16,1.4903593539454e-16,1.73362780296704e-18,1.87478050007973e-07,-2.31748490659052e-07,-4.03556300557473e-17,-4.83523934546518e-09,1.70833426648555e-07,1.71810751264056e-17,4.10729858991994e-15,-3.28494849337518e-07,-1.11654227047522e-17,4.18018344625064e-09,5.97912779861762e-17,3.51469593040334e-17,-1.2442566685536e-17,-5.93526457775891e-17,4.17178871538604e-07,-5.58475732053672e-07,-1.57851101045366e-16,-3.68789436622404e-17,-3.48004036926892e-18,2.20701712821837e-16,-3.05745012640912e-16,2.09623644967092e-16,-9.16506285884543e-17,1.00118794159829e-16,6.59566191239499e-09,3.24646013494712e-17,-8.98588126371134e-17,-6.51274521993249e-17,-2.06913127348538e-16,3.71480975884719e-17,4.04681421293091e-17,-1.42822778487511e-06,4.77106519620705e-18,8.11161215383868e-17,9.65446557740373e-08,9.40410511781445e-17,1.45433132132205e-17,1.38245680373847e-17,3.94783129110945e-17,7.98142821693475e-08,4.99619833778985e-17,-6.01433119486608e-06,-1.81282958133128e-18,5.7815940585222e-18,-3.58355817192337e-17,-2.8620099793244e-16,-4.19016232616361e-17,7.91979870426856e-17,9.49808519689493e-08,-2.86609927261072e-16,3.61287698737047e-17,1.19639138962484e-08,-1.1824694437836e-05,7.78616834033796e-17,2.03090935232439e-06,4.67123057185514e-06,-4.34737888474135e-17,-1.01041824845326e-16,4.41181470889938e-16,-4.81460883295935e-18,-8.51342258679269e-17,-7.76272441833908e-06,3.37397592584604e-17,-5.58068877707279e-16,-4.06444848387225e-17,5.68095003111606e-05,2.67441469319253e-16,7.18176461146608e-17,-3.3929824335988e-17,-1.69605123687824e-17,-1.4069437540191e-06,-5.04559681104721e-17,2.44758327601470e-09,6.20652371717758e-17,-2.28410796824606e-17,-1.30836549424894e-16,-3.2946916505572e-18,-3.06433917722576e-18,3.56125132872261e-16,2.22342362867882e-17,-4.22402287200822e-08,-2.12207921122783e-16,-2.52129299056296e-16,1.77348273134383e-08,3.47366075824497e-17,-1.92293453206275e-17,1.54280986893629e-17,-6.57236317724715e-17,-1.64593114639855e-17,-9.69738628084516e-17,-1.28036045177366e-07,-3.98608274563556e-17,5.12536011050166e-17,3.80552394550669e-08,-2.52641047869732e-16,-2.92244636747975e-16,4.99128540419005e-17,6.77192725272052e-17,3.64099780220014e-16,-4.36181460912552e-16,1.52944906382832e-17,-1.0823332147984e-16,5.79333913987684e-18,8.90470567461077e-17,-1.9188444768658e-17,-1.98307662371546e-08,6.57068433495112e-08,5.76149655799334e-17,-7.73799389237562e-19,-9.49605110899829e-18,3.21870725522606e-16,3.47215745738483e-16,9.60311282392756e-17,4.03743388352107e-17,1.78610765095881e-17,-6.23676348771804e-08,1.06747661679766e-16,-9.05445800099409e-17,1.50229856267832e-17,1.12649585546053e-17,7.23506305667856e-09,1.73826787159051e-16,-1.14280174297471e-09,4.20272359396731e-17,-9.86127697984134e-17,1.35559068722054e-17,5.40817209218074e-17,-2.0034173870321e-17,-4.35094491866903e-17,1.01442272333455e-17,1.70218777196852e-16,2.14764113303542e-17,8.00191986455914e-17,-7.67660520071896e-17,4.517244885017e-17,5.19493920901904e-17,-1.72350678287094e-18,-1.49910301440249e-17,6.36229296255818e-17,5.09539891056437e-17,-1.40261078531152e-17,-3.26080687462977e-17,-6.05477487589359e-17,7.98514900035574e-16,6.77161926259348e-17,3.25302515386503e-17,3.86896978687679e-17,6.32517135961707e-17,9.21965365361463e-08,3.65675530750149e-17,1.14868256180266e-15,5.10153344323819e-17,-2.88566244511476e-16,-4.10896047036651e-16,-3.83722497615333e-18,8.72651004408382e-17,6.71898320350841e-17,-5.9433357875637e-17,1.30443574723177e-16,-2.99402429931872e-16,7.15836566420178e-17,-3.26936931701302e-17,-2.47212602021633e-17,4.71958648907836e-17,-4.77145262178254e-18,3.64030044992333e-17,-6.94321707458691e-07,-5.03754309563074e-17,-5.86478174692375e-17,4.60881801356332e-18,-5.78288938061925e-17,-4.33921626199543e-16,9.29308873590151e-17,-5.31333216396105e-17,-2.47408324207778e-16,8.29951991796016e-17,1.57689476555111e-08,-1.08095783863233e-16,5.75548954036706e-17,1.74229946261664e-16,-2.84165462316164e-17,-4.72896427468205e-17,2.20941606563662e-16,3.26699560785061e-17,-2.64560651281256e-17,3.86253863203092e-17,-4.00913134179695e-16,8.19414061599424e-17,-6.24083318596432e-18,9.66731187538626e-17,0.000602989983357349,-4.69402234998841e-18,8.35338209191729e-17,6.73271601386823e-17,-4.7271214720368e-16,-2.1510364873996e-08,-8.41534856674255e-17,-1.45610111236728e-17,-2.06470611554408e-16,-4.46713392926672e-17,-1.04762312952451e-17,1.59322361566367e-16,2.21672244686777e-16,5.25721805722802e-17,-7.19792420527549e-17,-2.30794051787612e-17,1.02188995634022e-16,1.8580566600311e-17,-5.69453044630478e-17,-8.86720614029817e-17,1.57714084445199e-16,-1.0652825095471e-16,-1.41367023699733e-16
"t956",0.0339481854587062,-0.00934753616597342,-0.0101737655593126,0.000564649134461072,0.00489131808966938,-0.0123746606325638,-0.00172681390785404,-3.53043205356518e-06,-0.0279409500668618,-0.010804669688037,0.0576624936559522,0.000438492344761682,-0.000660577694438178,-0.000116575706947567,-0.00127971169042369,-3.86891615568294e-05,-4.65259574969006e-05,7.73416944547969e-06,0.00493909377028403,0.00420345659699799,1.2857816426599e-05,-0.000106202890593845,0.0855704086696475,0.00292997224351381,-0.000233195041370169,-0.010799957760498,0.210694915928961,0.0027328051649669,-0.00640555682113424,0.00874152891684791,0.00198667107134017,-0.024664722413423,-9.41755073609611e-06,0.00740496818522848,-0.00747592511437259,-0.00065988362066681,-2.41356167631808e-05,5.84590345136765e-05,0.0105722112141124,0.0138516548100279,0.000154170609706441,-0.00780964089826549,8.21971770519653e-06,-0.00059138661717166,3.17413043093313e-05,-9.67297315812997e-06,1.98169781007379e-06,-3.15400119365459e-05,0.00412112418425654,-0.00729509166344868,8.36650479230155e-06,-1.75637083881369e-05,0.261406305933809,-4.7879746117069e-06,0.000464981967791472,-0.0003590853007135,0.000168500370771378,-0.000204018514906265,0.00177580387044048,-2.88916733770315e-06,-2.67135797551011e-06,0.000137693351809254,-8.04803290692038e-05,5.98933711742646e-05,-0.00108069207716111,1.12714141234109e-05,-6.95060193109488e-05,0.000209907446805054,-5.04509339116485e-05,0.000225177680891423,-1.83743260452612e-06,4.75583297682765e-06,-1.62804372122543e-05,-1.03658128786019e-05,4.34715226917937e-06,3.66351140547857e-06,-3.73259768267178e-05,5.46003663679997e-06,-0.00245046667957889,-0.000150619854811032,1.00808624653057e-05,0.00078401104149142,-0.00186725881827891,-2.69925278165877e-05,0.0002439608705318,6.3824761705829e-05,-9.72792422901158e-06,-0.000166798227615076,-3.11903994559257e-07,1.25419678509179e-05,-0.000126474955717554,6.91801627125503e-08,4.76660105297431e-05,-4.12187222317531e-05,-8.09228282556344e-06,-9.43216298620761e-06,-1.10828250288359e-06,5.84789335523248e-06,-6.54131440579492e-05,-0.00134719677878815,-2.86216616739515e-05,1.90178658113314e-07,-4.00308350420321e-05,4.52711223910942e-05,-8.78994112375851e-05,1.53402402575239e-06,-0.000491721450003831,7.23245603501167e-07,-0.00317059773964529,7.90979032630761e-08,3.29766296582951e-06,8.65498580687714e-06,-2.70628571509731e-06,2.91936003580183e-06,-3.02780042753613e-06,3.44534897834129e-06,-0.000617993082649097,0.00061882065383507,-5.11421039772393e-05,1.77093015631831e-05,-9.93706194240145e-06,1.902434692874e-05,-0.000264956566115297,-0.000262401396984425,1.28122546720571e-06,-2.62089788344925e-05,2.71415035062389e-06,-6.32295740584924e-05,5.50711723202903e-05,0.00191499843638193,1.40912940719834e-05,-5.42320929497624e-05,4.96667081070502e-06,0.00176524386972006,-8.72563825075681e-08,5.80025167253944e-05,-0.000161753835038697,-5.73764076031577e-06,0.000443319343219763,-0.000120909222681922,-0.000658066349441057,-9.09642828562774e-06,9.35964114960365e-05,5.90708208808455e-06,3.40692888345957e-08,-0.000159896970450418,-2.64758259647405e-06,0.000218461067739061,1.3826117677883e-05,-1.2890876436988e-06,-1.58748697003694e-06,-8.1260151907701e-05,-1.12089663884491e-06,0.000271997890361183,-8.15198535178935e-07,-1.52904131949748e-05,9.4076190642572e-05,-9.52163489499749e-06,-5.59006471738895e-05,-7.78634290439228e-06,-7.60679345633139e-06,1.11179671165083e-06,-0.000148740084150798,-1.13452494612534e-05,7.90703927141859e-06,-5.81836079281985e-06,0.0116034497985289,0.000136625045583882,0.0124010306958504,-1.5851692466644e-05,9.56567950162122e-06,1.48220490091224e-06,-1.90754616185049e-08,1.54046230844695e-06,2.15266866630789e-07,5.12005106708256e-07,2.39597634979371e-08,-1.62812982153902e-06,-8.5496838928743e-05,-9.82412665348975e-06,4.08901321770103e-05,1.21952524290354e-05,-2.66662986962169e-06,-1.11954019850727e-08,-3.61094764398509e-07,-2.10436965595732e-07,-0.00219954893371059,0.00101057699040847,0.00523427215578129,1.93606343118931e-05,6.62425304217215e-06,1.16768855431892e-05,5.11151110704753e-06,9.13375118006515e-10,9.87523911983259e-08,-2.27587183917222e-05,-1.47540960690105e-05,-2.45886608797845e-07,2.70323739907881e-05,5.22044097455183e-06,9.4671311167583e-05,1.76298897518503e-05,-6.17601003138366e-07,-7.88389920877107e-07,-8.99644393878801e-05,-4.16193037926641e-06,5.70802392380914e-05,3.02289503325507e-06,-0.000162696785626771,-3.43778108966047e-08,-0.00066078868811403,-4.14353280463567e-06,-8.89154165605041e-06,-0.000243159108705497,3.88491440781379e-08,-6.55318823333813e-07,1.88651984954577e-07,1.19853618836275e-07,-5.72309305509735e-05,-1.35135810794503e-05,-6.16857734362157e-06,7.25008307660564e-06,1.5925838845761e-06,6.7407564451332e-06,-1.99560542342984e-05,-1.13801122230296e-06,-0.000107780566094058,-6.05146009128761e-07,-0.000227428991446415,-4.19595002683482e-05,2.26905940462098e-06,4.69555687216076e-07,1.42904701189801e-05,5.27077983876013e-06,-1.94517361310773e-05,-5.43760895761719e-08,-2.39883726576888e-05,-2.46415684083737e-16,-2.2714073142469e-07,3.24796728265334e-06,-6.67657634280827e-07,-1.73547938088355e-06,-2.36333640229265e-05,3.27088061508224e-07,-4.78204012322528e-06,2.1433849572038e-06,-7.13608059180596e-06,2.73053009556637e-07,-5.63821388535044e-07,0.00024323132019356,-1.67913398314841e-07,1.9137804068689e-05,-0.00498327567139142,5.63793303663462e-08,-3.94789797641265e-09,1.99385020560384e-07,-2.21110637609901e-07,3.5316779189873e-06,0.000185260683624366,-4.05409543506117e-05,6.33949107724307e-06,-0.000815798249744239,0.000189773852348868,-1.80238182301447e-05,0.439538948628603,0.000828688917027035,-5.6171741814506e-08,-0.000473530790662715,-2.22039922460093e-06,-1.28780436049898e-05,-3.00966311395899e-08,3.95881940610651e-05,-5.29954752361496e-07,-7.50224833558229e-08,1.772445356704e-07,-4.24064692725372e-07,4.56911757240535e-07,-3.97767756728246e-08,9.87315655863649e-06,-4.52823247406639e-08,7.73047831974254e-06,1.04928853376334e-17,-2.11540832700484e-05,-3.68922939982338e-06,-2.36072851486899e-11,-2.22486950337099e-07,3.44826707795025e-07,-2.18446370418201e-07,-6.26612483465365e-08,8.08857415737833e-09,-3.6299794102585e-07,1.37424071830463e-05,5.19914524213055e-06,-4.27944002562524e-08,2.30459818168656e-05,-7.7780000887108e-05,2.13860357646602e-06,-7.00852892877458e-05,5.91732777202288e-07,1.03452460322019e-06,1.59693225629616e-08,4.5005813332159e-05,-6.12322634235654e-06,2.72376702121278e-08,-8.59999869119432e-06,1.01693022990358e-06,-3.70370165454848e-06,2.76846438918928e-06,2.46782188705191e-05,1.2549558060664e-06,-3.9934800854932e-07,-2.62017827900318e-06,2.6770903232454e-07,-1.24661898239026e-06,3.48544991664502e-06,1.40716673840864e-05,-0.000110066859277755,4.14727332816884e-17,2.17454829762418e-07,1.1955937746365e-06,-1.18873458084413e-07,6.35051397031008e-05,6.81890096967713e-08,1.66968608906534e-05,6.67751911955421e-05,-5.23371481817068e-06,2.29295066324212e-05,-1.40826982883698e-16,-0.000312986152588145,-1.4151890404339e-08,-6.3681333619973e-06,2.69895086865e-07,5.24151522709426e-06,-3.57530849533208e-06,-6.23249499067781e-05,1.7298345292067e-05,-1.89910360874947e-06,0.000132947615013373,-4.60693783714849e-07,-4.61590068365328e-05,-6.35168750256172e-08,-9.85885126623476e-09,-0.000141707009341912,8.22983704262208e-07,-0.000955265214702268,2.5544560820491e-16,-6.20813360939818e-06,5.39690445819363e-07,1.55701680241382e-08,2.01918262282582e-07,-0.000330712716008833,-0.10903543062772,-2.3901765252478e-05,7.22594563253212e-05,2.45447944905704e-05,-1.29738526635044e-15,0.000301191359697175,9.48159875916841e-07,0.000410185960523555,-7.57729692639214e-15,-3.51315421427683e-05,-4.31858147504764e-06,6.5906384491181e-07,0.00144021772609865,6.73539043439866e-05,0.000216235276927547,1.06230288243364e-05,-0.000178280584357792,-2.04622920056435e-06,-1.05018230436207e-07,-2.12785449152739e-05,-6.40679326896688e-07,-3.28601180789005e-17,2.01367908611181e-07,-7.1767133052384e-06,-2.85723770525393e-06,1.60089963400769e-05,-3.49443837955318e-17,2.60248331905601e-07,-3.79211796598276e-08,3.89565763440241e-06,5.31905777993628e-08,1.82744943493784e-05,-1.61500630915933e-07,1.83295944955846e-06,-6.77961116672403e-06,-9.94478882191357e-17,-1.75016762614805e-05,8.05038817622283e-08,-2.1932479581782e-07,-2.15362599893402e-05,2.81101875647099e-08,6.00648305231372e-08,-1.2490009027033e-16,-9.27499094080278e-18,4.67722846828042e-08,2.73054891754786e-08,-3.53603562797938e-09,3.40782866983e-06,-7.1446064674586e-16,1.95708064706896e-06,1.93306258491792e-08,4.84115685986977e-16,-3.99946805561203e-18,-2.76379335763476e-17,-1.10997969512903e-06,-2.62268985274263e-08,1.42831128367459e-08,-8.69879833997438e-08,-6.78080945824939e-09,7.80167640772618e-09,-3.8223153237067e-09,6.44528625523059e-17,-2.41208329113314e-09,8.20919783505761e-09,9.03209446587708e-17,1.0159478317586e-16,-8.3507991234825e-09,-5.22757906307362e-10,-5.88994673177228e-09,1.57425200930014e-06,6.76674587186755e-09,-2.7529708327447e-07,9.41043000188257e-16,-9.89314924950008e-08,6.97514063559437e-17,-1.97227752355355e-05,2.7338157779222e-16,-8.37539136167808e-09,-7.56157996663409e-17,3.60829916933726e-08,9.58258515964117e-09,2.75766066577794e-06,6.58313042427106e-07,2.92978502381855e-08,-3.47418162072408e-09,2.2605805099388e-08,8.95443588027476e-09,4.29305215259088e-06,1.45275944660383e-07,8.7063071621315e-09,-2.53693178548782e-08,-4.75273531355999e-06,-6.6992860492065e-07,-1.27963100213225e-08,-1.62074959275269e-17,1.23219641248837e-07,-2.17823416325283e-08,1.20036586560043e-08,6.59646612554933e-17,2.26997143499425e-07,6.62309913082163e-07,2.14123100612642e-07,-1.55534750461967e-18,-5.21460396964192e-08,-2.99424347021212e-06,-4.42685786748995e-17,-3.76316546535034e-08,8.83921486661411e-08,-1.08008395248065e-16,2.75877380302753e-17,-3.31351299900255e-09,-1.87515832748774e-06,-1.07644675571552e-08,-1.50666457764211e-05,4.28810337641672e-07,1.13273163190207e-08,1.97892947432615e-06,1.04540829612083e-07,-2.7262398797962e-06,1.24168253803902e-15,5.22121139312925e-10,3.8512828249676e-08,1.13955961751432e-07,0.000298844051750296,6.7010400225532e-17,9.73518627397174e-17,1.15334084249408e-06,-1.51313903541846e-17,-2.45714628190084e-15,1.37805549426961e-07,-2.04279526117217e-07,-3.82512698907712e-08,-1.27069727425787e-06,9.95479518585881e-07,2.60148224495196e-07,3.33309416451692e-07,6.94092938861558e-17,3.06585883433009e-06,8.45263694922529e-08,6.6075833585048e-07,-3.7318026965245e-08,1.49251866928854e-07,5.74489950094727e-18,7.8514329733191e-17,3.81158747172728e-16,-1.39874699713234e-06,-6.42312557715307e-09,-4.16608528010547e-07,-7.44921530431947e-18,-4.95938968179803e-09,-7.68481138664014e-18,7.1262199729882e-17,8.34828918191647e-07,-2.09093970320435e-07,4.52112305926455e-17,-1.73681702805122e-06,-2.35095834437507e-08,7.58439250031916e-16,5.35728635970423e-08,7.89905890048812e-17,1.16389229653116e-05,-5.39555468597366e-17,1.16160866496387e-05,1.64261003364254e-07,5.96787411070694e-09,1.00331836746428e-06,6.90550056517801e-06,-1.95023122373246e-08,6.05390515670466e-07,7.10494483761993e-19,3.62671829897257e-07,-2.04988413060693e-08,-2.48357642858369e-18,-2.70561349343336e-09,-5.53224258879974e-08,1.28923013839586e-08,3.09813985466581e-16,4.17739941508278e-08,5.53609681810855e-08,2.99938979737494e-17,-1.54015820661012e-06,-1.1705451004284e-06,-1.60570229247458e-09,-1.71033384563008e-16,1.19678471872945e-16,2.90413496005262e-08,1.58553711366351e-06,4.38347491357327e-07,-1.19101454147003e-08,9.64569063993481e-07,-6.24189905854453e-18,1.2356513397587e-16,1.20330417377673e-05,6.22324456670009e-09,2.07347339012527e-16,8.56627887931658e-06,5.54091784563705e-17,2.51389194399011e-08,-4.26472157051165e-07,-5.70817149793848e-07,-3.79170176588366e-06,-7.73293662584671e-17,-4.85160931270388e-19,-8.89039704185602e-17,3.87678041807656e-17,-2.98660808796297e-09,-1.03811822669917e-08,-4.72649079447473e-17,-1.04406301838987e-17,1.05194005874573e-17,1.47311512922182e-08,1.32895350567422e-10,-7.40527272282403e-09,9.64522206093137e-17,-2.60235626450833e-16,-1.32570820640665e-16,-3.4342176969791e-07,1.05626315693684e-08,-1.60707278965841e-16,2.04104873096998e-09,-5.8196838413842e-08,6.10638229551944e-17,2.58672050926919e-16,-0.00994741533901695,1.10362188611273e-09,-3.86038774970152e-06,-4.57308569565311e-17,1.27404386222165e-08,2.20931583412966e-07,2.50221825825655e-07,-9.72539477304003e-07,-5.81588133194098e-08,9.58452247138571e-10,-1.56164658341489e-16,-2.17279562620497e-16,6.24547563918148e-17,1.90149980342246e-08,-1.72244399621076e-08,-6.75350817301461e-07,-5.21059071669879e-09,3.20542372094025e-16,-2.87901644843051e-17,1.21423211059086e-17,-1.05649915385571e-16,2.26654215251823e-17,2.53072256730659e-08,-1.39692472179097e-16,-2.74204852860514e-17,-8.05136046514525e-07,2.80463690590273e-16,-0.00113401514683052,2.20418063126892e-16,-4.36291169376985e-07,-2.40158892875352e-17,-5.7157121867277e-07,-1.21639604567163e-07,-6.35380001315489e-08,-4.52380695957725e-18,7.30319149919706e-05,-5.47472719342243e-19,3.52907463869075e-07,-5.66094269688464e-08,3.1338627475072e-10,-1.35150584588632e-16,1.7309603816934e-06,-8.89628061118519e-17,-1.25170060930636e-07,-6.39107956176569e-08,-5.25366564881013e-17,3.17900714044354e-17,2.45771841077177e-16,2.79768811581756e-17,-9.72838526315113e-09,-1.66996075457856e-06,-1.09815076964014e-07,2.19282364280429e-17,7.91850567139629e-17,-6.6685275768186e-09,5.44088330639569e-08,3.29915193641946e-19,-6.29148611658952e-17,-1.09111787825518e-07,-3.49360576251829e-17,-2.11663191762221e-06,8.76208234439126e-16,1.94560035155823e-07,-3.84517408626388e-18,-1.2126948985439e-16,4.60719865302948e-17,-3.52753736625216e-16,-3.42944641070221e-17,6.56898007764434e-16,3.76539380766081e-09,-2.63361211935368e-08,5.05578161012453e-17,-1.75267243578082e-08,7.37096633802571e-07,-8.61221426065873e-17,2.25899001541547e-16,1.30023145222932e-16,4.35546641570398e-16,6.80111026600866e-07,1.84522633740755e-07,-1.38137372076547e-16,4.94052374803225e-17,-1.32800923062577e-07,-4.290171210869e-08,-6.49827291091895e-10,4.96272027202553e-17,-6.98245540684679e-18,-6.17805489486643e-17,-6.27665877583029e-17,-5.71003659168529e-16,4.57310044116898e-17,4.45342247615819e-06,-9.09999398035728e-07,-2.75329098292908e-06,1.52432755729855e-18,-8.89411219544947e-16,-5.06304035068125e-17,-1.59578527784875e-16,-1.67129844437646e-16,-4.5600019759292e-16,-1.36608914354624e-16,3.22484156431824e-17,-2.13192043946397e-17,4.34589003223556e-17,9.16948380908762e-18,-6.97463884385458e-16,-9.00998290483974e-19,7.9901633217035e-18,2.58215961232105e-09,1.4265538971681e-16,-5.0004387023997e-17,-6.71400345603068e-17,3.66027669838136e-08,-4.52797243266635e-08,-3.4228106905861e-17,-9.45159813481926e-10,3.35256735946505e-08,5.15402152793568e-17,9.50016012565289e-16,-6.47833299107016e-08,-3.02532151606308e-17,8.29326482283546e-10,-3.12917848802536e-18,1.22954198757085e-17,1.27989856682367e-19,2.69735520106432e-16,8.35441126128873e-08,-1.11910907951229e-07,4.58464885607686e-16,-3.61426982203072e-17,-7.30594055850488e-18,2.14308687228913e-16,3.07371315899641e-16,1.51273589117006e-16,2.38673821153223e-17,2.31124042871096e-16,1.3650698355396e-09,-2.04127925920663e-17,6.54824041885585e-17,6.08022176142142e-18,7.52136913364214e-17,-3.52784398435628e-17,5.97759817741738e-16,-2.97638100835116e-07,2.00140533622745e-17,1.65362768886002e-16,2.01451337467893e-08,7.2253000173135e-18,-7.85534230766127e-17,-7.94848535597396e-18,-2.93594642725452e-16,1.69036799548036e-08,6.84699586083964e-17,-1.2771577584688e-06,-1.888411166717e-16,2.10749434141804e-16,4.50093830702493e-16,-1.8878458570167e-16,-4.71253973933825e-17,-5.7218929143555e-16,2.02793528905571e-08,-6.67357356524845e-17,-1.18594548225045e-16,2.56510256388478e-09,-2.53578735362564e-06,-4.65439479094309e-18,4.37096364540284e-07,1.00648878351392e-06,-1.37462339853792e-17,-4.65004890573076e-16,5.53015348791338e-17,1.3912119158141e-16,5.11127908503684e-16,-1.70095115665809e-06,2.28288672499108e-16,2.29165034154899e-16,-9.33789815281861e-17,1.25024361302284e-05,2.25037321717094e-16,5.98303537309784e-17,-2.99883470696678e-16,-1.04365661412248e-16,-3.1143841999667e-07,-2.92062664541959e-17,5.42770189879148e-10,-3.56521834909029e-17,-1.77620957339935e-16,-5.29347938763852e-17,4.1701849128774e-17,-1.98355626226899e-17,-3.27202857904862e-16,-4.51477073609845e-17,-9.45762030967934e-09,-9.77313932586472e-17,1.29853565565117e-18,3.98042929075638e-09,-2.78563843046861e-16,-8.59132327362762e-17,5.94593367121047e-17,-4.28361168290123e-17,-6.67247820559047e-17,-1.8699194629276e-17,-2.89574338146677e-08,-2.8252826458008e-16,2.86254063764283e-16,8.63677127191624e-09,-9.60806705085569e-18,-1.90224572584744e-16,-5.75948993373807e-17,8.90095126192974e-18,6.32235511553451e-16,3.09830371750089e-16,2.07361329196578e-17,-4.05378977899461e-17,-1.79447825837609e-16,-8.3329929169513e-17,6.22745119930469e-17,-4.56019434436778e-09,1.51341205365514e-08,6.11204758371632e-17,-2.32638526751571e-16,1.07647710014549e-16,-3.23187672503998e-16,2.07028404836107e-16,-2.54142120417285e-17,1.47763472130905e-16,4.4983433840172e-16,-1.44893827337509e-08,2.09561740448977e-16,-7.45837178230864e-17,8.8670779705112e-17,6.48377418657431e-17,1.69368822458884e-09,-3.78633041771677e-16,-2.69931711354773e-10,3.64489558063605e-17,1.04607075355854e-16,7.0879544764326e-16,7.55005225968337e-17,6.46633031044878e-17,-5.42298070163774e-16,1.51933494157555e-16,-2.03730661534087e-16,1.21083010962479e-16,1.27634224136834e-16,6.19882370911457e-16,3.73202095636254e-17,4.1153719120722e-16,-1.42181999863607e-17,-1.00285989838813e-17,8.9431180214779e-17,3.29519682784294e-17,-4.01363160877672e-16,1.43045156071249e-16,1.65618798520348e-16,1.06723440848611e-15,1.19480890441402e-16,-6.89122230996453e-16,1.33419593838477e-16,2.02607701047147e-16,2.26504517591262e-08,6.75320757784306e-16,4.87395765631012e-16,-7.20928887905998e-17,-1.93258336134324e-15,-1.80238601982918e-16,-1.82397616033873e-16,-1.21103396273324e-16,-2.52993638290593e-16,-1.52818955506305e-16,1.29058058473683e-16,1.35584902680175e-15,2.61472368819277e-16,-4.76689916330335e-17,4.78107973938997e-17,3.09223272143156e-16,-3.68010309914385e-16,1.28561951737457e-16,-1.77563570733037e-07,1.73221626600913e-16,-1.90406031343167e-16,3.8845982194384e-16,-1.39668141843116e-16,2.58680505161984e-17,5.91305564825947e-16,3.59982597573704e-16,-7.16150133470273e-16,2.16810409114578e-16,4.41084115546265e-09,-9.4918708074382e-16,2.99849023634555e-16,2.44335738633408e-16,1.80578404903124e-16,-4.58031726889508e-16,-9.95843903432788e-16,2.15168341223478e-16,-6.57209471273662e-16,-1.23169891726856e-16,-4.69582069657397e-16,1.5300691941416e-16,2.07029124782794e-15,2.74757041512428e-15,0.407516625398689,-2.16000070922921e-15,-1.70440442420852e-16,1.55525232332754e-15,1.28047529177056e-14,-3.33494809977403e-09,7.39168997308912e-16,-9.01337410726993e-15,-0.707106781186547,6.00525861119367e-14,1.66830982541455e-14,1.83203954887982e-15,-1.51958774023372e-15,-2.132225846013e-15,3.91806586666347e-16,1.82931498582099e-16,6.13073864007979e-16,-6.3434631701416e-17,-5.45111820377383e-16,3.76771748262828e-16,1.06173626563833e-16,1.72678406437102e-16,3.11269410067979e-16
"t957",0.0339481854587062,-0.00934753616597342,-0.0101737655593126,0.000564649134461075,0.00489131808966938,-0.0123746606325638,-0.00172681390785404,-3.5304320535637e-06,-0.0279409500668618,-0.010804669688037,0.0576624936559523,0.000438492344761681,-0.00066057769443817,-0.000116575706947571,-0.00127971169042369,-3.86891615568333e-05,-4.65259574968953e-05,7.73416944548154e-06,0.00493909377028404,0.00420345659699799,1.28578164265921e-05,-0.00010620289059385,0.0855704086696475,0.00292997224351381,-0.000233195041370135,-0.010799957760498,0.210694915928961,0.00273280516496695,-0.00640555682113422,0.00874152891684789,0.00198667107134018,-0.024664722413423,-9.4175507361178e-06,0.00740496818522841,-0.00747592511437256,-0.000659883620666814,-2.41356167632096e-05,5.84590345136773e-05,0.0105722112141124,0.0138516548100279,0.000154170609706444,-0.00780964089826549,8.21971770517605e-06,-0.000591386617171665,3.17413043093642e-05,-9.67297315812874e-06,1.98169781007766e-06,-3.15400119365768e-05,0.00412112418425652,-0.00729509166344869,8.36650479226774e-06,-1.75637083881243e-05,0.261406305933809,-4.787974611716e-06,0.000464981967791482,-0.000359085300713489,0.000168500370771382,-0.000204018514906216,0.00177580387044045,-2.88916733769491e-06,-2.67135797551381e-06,0.000137693351809157,-8.04803290692325e-05,5.98933711742416e-05,-0.00108069207716113,1.12714141234082e-05,-6.9506019310935e-05,0.000209907446805046,-5.04509339115989e-05,0.000225177680891416,-1.83743260452019e-06,4.75583297680868e-06,-1.62804372122662e-05,-1.03658128786053e-05,4.34715226921081e-06,3.66351140548695e-06,-3.73259768267186e-05,5.46003663680435e-06,-0.00245046667957884,-0.000150619854810947,1.00808624653021e-05,0.000784011041491446,-0.00186725881827892,-2.69925278165682e-05,0.000243960870531801,6.38247617057781e-05,-9.7279242290195e-06,-0.000166798227615069,-3.11903994461576e-07,1.25419678508485e-05,-0.000126474955717563,6.91801626028291e-08,4.76660105297699e-05,-4.12187222317703e-05,-8.09228282554054e-06,-9.4321629863e-06,-1.10828250288629e-06,5.84789335524288e-06,-6.54131440579314e-05,-0.00134719677878822,-2.86216616739743e-05,1.90178658036466e-07,-4.00308350420783e-05,4.52711223910984e-05,-8.78994112375782e-05,1.53402402579496e-06,-0.00049172145000392,7.23245603547028e-07,-0.0031705977396453,7.90979032546735e-08,3.29766296581291e-06,8.65498580689019e-06,-2.7062857151126e-06,2.91936003578334e-06,-3.02780042754097e-06,3.44534897836538e-06,-0.0006179930826491,0.000618820653835088,-5.11421039772059e-05,1.77093015631537e-05,-9.93706194247018e-06,1.90243469287463e-05,-0.00026495656611531,-0.000262401396984437,1.28122546722173e-06,-2.62089788344538e-05,2.71415035052848e-06,-6.32295740584616e-05,5.50711723202942e-05,0.00191499843638199,1.40912940720015e-05,-5.42320929496761e-05,4.9666708107222e-06,0.00176524386972007,-8.72563825107525e-08,5.80025167253748e-05,-0.000161753835038678,-5.73764076031775e-06,0.000443319343219742,-0.000120909222681911,-0.000658066349441025,-9.0964282855493e-06,9.35964114959966e-05,5.90708208808994e-06,3.4069288791591e-08,-0.000159896970450442,-2.64758259643618e-06,0.000218461067739072,1.3826117677867e-05,-1.28908764367667e-06,-1.58748696997687e-06,-8.12601519077105e-05,-1.12089663889997e-06,0.000271997890361163,-8.15198535207139e-07,-1.52904131949569e-05,9.40761906426049e-05,-9.52163489495175e-06,-5.59006471738993e-05,-7.78634290439066e-06,-7.60679345636693e-06,1.11179671167405e-06,-0.000148740084150772,-1.13452494612958e-05,7.90703927145778e-06,-5.8183607929096e-06,0.011603449798529,0.000136625045583833,0.0124010306958504,-1.58516924666407e-05,9.56567950155322e-06,1.4822049009293e-06,-1.90754615527811e-08,1.54046230838809e-06,2.15266866630863e-07,5.12005106874544e-07,2.39597635415306e-08,-1.62812982150533e-06,-8.5496838928785e-05,-9.82412665355623e-06,4.08901321770234e-05,1.21952524290312e-05,-2.66662986964185e-06,-1.11954020255639e-08,-3.61094764608828e-07,-2.10436965564218e-07,-0.00219954893371063,0.00101057699040838,0.00523427215578128,1.93606343117841e-05,6.6242530421665e-06,1.16768855431332e-05,5.11151110699313e-06,9.13375022991423e-10,9.87523912334906e-08,-2.27587183916841e-05,-1.47540960690753e-05,-2.4588660894116e-07,2.70323739908625e-05,5.22044097449202e-06,9.46713111675606e-05,1.76298897519167e-05,-6.17601003235464e-07,-7.88389920855478e-07,-8.99644393880388e-05,-4.16193037925756e-06,5.7080239238101e-05,3.02289503336913e-06,-0.000162696785626837,-3.43778109696615e-08,-0.000660788688113938,-4.14353280456127e-06,-8.89154165613047e-06,-0.000243159108705348,3.88491445406436e-08,-6.55318823252927e-07,1.88651984933134e-07,1.19853618831797e-07,-5.72309305509171e-05,-1.3513581079456e-05,-6.16857734365621e-06,7.25008307669063e-06,1.59258388441345e-06,6.74075644517279e-06,-1.99560542344668e-05,-1.13801122243692e-06,-0.000107780566094011,-6.05146009195361e-07,-0.000227428991446418,-4.19595002683127e-05,2.26905940454929e-06,4.69555687164449e-07,1.42904701188512e-05,5.27077983891129e-06,-1.94517361308641e-05,-5.43760896053636e-08,-2.39883726575546e-05,-5.90110868802565e-17,-2.27140731429111e-07,3.24796728264336e-06,-6.67657634237264e-07,-1.73547938084288e-06,-2.36333640229891e-05,3.27088061466373e-07,-4.78204012318713e-06,2.14338495710728e-06,-7.13608059182015e-06,2.7305300957521e-07,-5.63821388714232e-07,0.000243231320193635,-1.67913398402935e-07,1.91378040687258e-05,-0.00498327567139133,5.63793300691167e-08,-3.94789793255667e-09,1.99385020506371e-07,-2.21110637555305e-07,3.53167791888856e-06,0.000185260683624335,-4.05409543506319e-05,6.33949107708826e-06,-0.000815798249744223,0.000189773852348779,-1.80238182301484e-05,0.439538948628603,0.000828688917026874,-5.61717417385453e-08,-0.000473530790662781,-2.22039922464698e-06,-1.28780436049018e-05,-3.00966312634569e-08,3.95881940609256e-05,-5.29954752377244e-07,-7.50224835156614e-08,1.77244535656839e-07,-4.24064692652333e-07,4.5691175726614e-07,-3.97767756158191e-08,9.87315655863058e-06,-4.52823248712802e-08,7.73047831993631e-06,-4.3251662124226e-17,-2.11540832698359e-05,-3.68922939993824e-06,-2.36072546416969e-11,-2.22486950416966e-07,3.44826707529611e-07,-2.18446370241605e-07,-6.26612484195434e-08,8.08857375703254e-09,-3.62997941023018e-07,1.37424071830661e-05,5.19914524233041e-06,-4.27944001958844e-08,2.30459818171446e-05,-7.77800008868986e-05,2.13860357641463e-06,-7.00852892875237e-05,5.91732777003228e-07,1.03452460330067e-06,1.59693227775474e-08,4.50058133321384e-05,-6.12322634242547e-06,2.72376701262521e-08,-8.59999869133536e-06,1.0169302298793e-06,-3.7037016545352e-06,2.76846438921546e-06,2.46782188706129e-05,1.25495580602598e-06,-3.99348008731092e-07,-2.62017827919231e-06,2.67709032275504e-07,-1.24661898252506e-06,3.48544991649792e-06,1.40716673839526e-05,-0.000110066859277737,8.03113969884114e-17,2.17454829554437e-07,1.19559377468204e-06,-1.18873458111626e-07,6.35051397031476e-05,6.81890096713659e-08,1.66968608908583e-05,6.6775191195358e-05,-5.23371481818826e-06,2.29295066326326e-05,3.72839585615558e-18,-0.00031298615258798,-1.41518904739747e-08,-6.36813336208644e-06,2.69895086857186e-07,5.24151522734059e-06,-3.57530849529783e-06,-6.23249499069062e-05,1.72983452923038e-05,-1.89910360874764e-06,0.000132947615013418,-4.60693783990508e-07,-4.61590068366015e-05,-6.35168750999325e-08,-9.85885137666075e-09,-0.000141707009341847,8.22983704297299e-07,-0.000955265214702295,3.56452648381504e-16,-6.2081336095106e-06,5.3969044577773e-07,1.55701680567685e-08,2.01918262325826e-07,-0.000330712716008602,-0.10903543062772,-2.39017652525442e-05,7.22594563253008e-05,2.45447944906532e-05,-1.13675468856602e-15,0.00030119135969716,9.48159875961836e-07,0.000410185960523574,-7.51592745846233e-15,-3.5131542142648e-05,-4.31858147505992e-06,6.59063844969341e-07,0.00144021772609882,6.73539043438262e-05,0.000216235276927477,1.06230288243071e-05,-0.000178280584357965,-2.04622920037328e-06,-1.05018230416984e-07,-2.12785449154973e-05,-6.40679326947303e-07,-4.05937667905503e-17,2.01367909168962e-07,-7.17671330518387e-06,-2.85723770532086e-06,1.60089963398538e-05,-9.49809429553742e-17,2.60248332073896e-07,-3.79211796673628e-08,3.89565763430476e-06,5.31905776272241e-08,1.82744943491854e-05,-1.61500631049944e-07,1.83295944965233e-06,-6.77961116669438e-06,5.35997922122627e-17,-1.75016762617305e-05,8.05038816502845e-08,-2.19324796030346e-07,-2.15362599891066e-05,2.81101875965293e-08,6.00648310298689e-08,-3.12250225675825e-17,-5.01907111078938e-17,4.67722846689811e-08,2.73054892545102e-08,-3.53603586720356e-09,3.40782867003445e-06,-7.93387671347708e-16,1.95708064706868e-06,1.93306259326533e-08,2.65569347783892e-16,-1.05879086175965e-16,-2.44950912765681e-17,-1.10997969486986e-06,-2.62268987925721e-08,1.42831130306269e-08,-8.69879838297499e-08,-6.78080966365123e-09,7.80167643943943e-09,-3.82231551588855e-09,-1.2327492466128e-20,-2.41208339793622e-09,8.20919778151778e-09,7.15883367031126e-17,2.6005506719752e-17,-8.35079907752854e-09,-5.22757835799611e-10,-5.88994666467721e-09,1.57425200937026e-06,6.76674600207724e-09,-2.75297083167749e-07,3.28238379772293e-16,-9.89314928001255e-08,-4.83914416138111e-17,-1.97227752358653e-05,-4.09503160547775e-16,-8.37539117942644e-09,-2.07952521986893e-17,3.60829915900747e-08,9.58258499670771e-09,2.75766066557148e-06,6.58313042383444e-07,2.92978502242037e-08,-3.4741816957384e-09,2.26058052733794e-08,8.95443592501364e-09,4.29305215253823e-06,1.45275944522259e-07,8.706306942855e-09,-2.53693178456736e-08,-4.75273531362717e-06,-6.69928604915575e-07,-1.27963098458794e-08,1.82531248927783e-17,1.23219641106338e-07,-2.17823415891599e-08,1.2003658640005e-08,2.10667126152451e-17,2.26997143426977e-07,6.62309913311858e-07,2.14123100797347e-07,-2.47040925463446e-17,-5.21460397036014e-08,-2.99424347018219e-06,1.58836724180162e-16,-3.76316546403111e-08,8.83921483917527e-08,-5.12915394108042e-17,1.5641042009677e-16,-3.31351308261974e-09,-1.87515832765997e-06,-1.0764467205365e-08,-1.5066645776492e-05,4.2881033771486e-07,1.1327316386049e-08,1.97892947374215e-06,1.04540829579469e-07,-2.72623987981883e-06,1.50243316052179e-15,5.22121151507559e-10,3.85128285330283e-08,1.13955961387456e-07,0.000298844051749236,1.66586881482665e-16,6.57713443729876e-17,1.15334084275401e-06,3.93997220173855e-17,-2.25759434487911e-15,1.37805549506901e-07,-2.04279526150188e-07,-3.82512699575663e-08,-1.27069727413882e-06,9.95479518491337e-07,2.60148224443156e-07,3.33309416479047e-07,-9.49526652622454e-17,3.06585883430452e-06,8.45263698069544e-08,6.60758336869353e-07,-3.73180273089733e-08,1.49251866834975e-07,9.88343799899368e-17,4.12696150329412e-17,3.10995270349121e-16,-1.39874699706027e-06,-6.42312540089804e-09,-4.16608528050348e-07,8.2297605947936e-17,-4.95938988921811e-09,-1.68668505210002e-16,9.53449343629482e-17,8.34828918091555e-07,-2.09093970608858e-07,-5.48606299277665e-17,-1.73681702808772e-06,-2.35095837289316e-08,-3.65486048112054e-17,5.35728636031213e-08,-1.21105011184263e-17,1.16389229656439e-05,1.36892291199843e-16,1.16160866494631e-05,1.64261003274768e-07,5.96787411883871e-09,1.00331836710683e-06,6.90550056573549e-06,-1.95023121535699e-08,6.05390515792866e-07,-2.75378264809179e-17,3.62671829746907e-07,-2.04988412089266e-08,-5.49917786196368e-18,-2.70561336488226e-09,-5.53224258127178e-08,1.28923013188561e-08,-2.89304673767782e-16,4.17739939409744e-08,5.53609682725433e-08,-6.70923618978221e-17,-1.54015820661451e-06,-1.17054510029214e-06,-1.60570231812301e-09,9.2650876982404e-17,3.72585211311067e-17,2.9041349486346e-08,1.58553711375213e-06,4.38347491486688e-07,-1.19101451825879e-08,9.64569063862045e-07,2.51655430914608e-17,2.30141873205211e-16,1.203304173772e-05,6.22324447660409e-09,-3.23027123567114e-16,8.56627887959909e-06,-6.52418815095761e-18,2.51389197165761e-08,-4.2647215700371e-07,-5.70817150022751e-07,-3.79170176539785e-06,-4.40130023449505e-17,-3.78436901714629e-17,-6.63806353037212e-17,1.04578812814805e-17,-2.98660812715552e-09,-1.03811823700118e-08,2.44653936687812e-16,1.93488491881328e-16,3.86648344110755e-17,1.47311510965749e-08,1.32895241706384e-10,-7.40527260045577e-09,2.94346275126537e-17,-1.47234655023532e-16,1.55528801643046e-16,-3.43421769998917e-07,1.0562631903517e-08,2.76626836203708e-16,2.04104887128023e-09,-5.81968381789144e-08,1.17520120086594e-16,3.28665572016083e-16,-0.00994741533901569,1.10362196136168e-09,-3.8603877493978e-06,-4.88926358799651e-17,1.27404386464889e-08,2.20931583571549e-07,2.50221826132321e-07,-9.72539477377472e-07,-5.81588130662656e-08,9.58452096033883e-10,1.61803756021424e-16,-1.52324994095003e-17,7.09012759650933e-17,1.90149983240841e-08,-1.72244399706229e-08,-6.7535081720259e-07,-5.21059076917516e-09,3.21617466300621e-17,-3.14144162437188e-16,1.58456031428854e-17,1.74138732245109e-16,-2.44345110187156e-16,2.53072254225655e-08,-1.28129456028861e-16,-2.7680284211563e-17,-8.05136046199512e-07,1.29205006965865e-16,-0.00113401514683041,2.03038522660378e-16,-4.3629116934485e-07,-3.31047015389584e-17,-5.71571218483936e-07,-1.21639604782478e-07,-6.35380001758296e-08,-1.95507722868359e-17,7.30319149923176e-05,1.4508329236966e-17,3.52907463543104e-07,-5.66094267858981e-08,3.13386342405542e-10,-1.07869897063583e-16,1.73096038211047e-06,8.2426179818748e-17,-1.25170060960582e-07,-6.39107962810037e-08,1.17001107374553e-16,3.86301776073181e-17,-2.04054952514833e-16,-9.14779799583545e-18,-9.72838536032576e-09,-1.66996075464235e-06,-1.09815077322944e-07,1.17918883275711e-16,-1.04177919329438e-16,-6.66852766472506e-09,5.4408833061138e-08,-1.08556973276766e-16,-4.06025279622809e-18,-1.09111787611743e-07,8.57877096205422e-17,-2.11663191775368e-06,6.36455060915358e-16,1.94560035210044e-07,4.50623585682524e-17,-4.95062535731292e-16,-1.32637978768625e-16,3.32252872269941e-16,5.27829947379285e-18,-6.14491669800691e-16,3.76539363765868e-09,-2.63361220190755e-08,-4.76311820043252e-18,-1.75267241834152e-08,7.37096633482598e-07,-5.92017071249129e-17,1.19870009427523e-16,2.53122920350659e-16,-4.98201002891007e-16,6.80111026796265e-07,1.84522634392213e-07,-6.35731320710881e-17,-2.44722130751534e-17,-1.32800923062124e-07,-4.2901712310032e-08,-6.49827160934434e-10,-2.89130302446887e-17,-5.49273138581031e-18,-2.4902965466814e-17,-1.06878875482501e-16,-4.27639780631522e-17,1.40278831000726e-17,4.45342247581697e-06,-9.09999398115963e-07,-2.75329098295039e-06,-5.7750930784502e-17,-2.50338775620245e-16,-7.575347207982e-17,1.86402869366599e-16,2.37258219707091e-17,-4.92974268333511e-16,6.48004123169464e-19,1.14083814573744e-17,-2.29283441120515e-18,3.20501843907425e-17,2.1190060528288e-17,-4.1513668825956e-16,1.9035119599459e-17,8.56060193008104e-18,2.58215985917368e-09,-1.42734926752325e-16,1.68245526986825e-16,6.88134352925216e-17,3.66027673881907e-08,-4.52797239325256e-08,1.07345505931686e-16,-9.4515949516043e-10,3.35256732935813e-08,-7.07731495746861e-17,6.73254937408319e-16,-6.47833307413717e-08,1.55587655320101e-16,8.29326706982652e-10,-2.52952311138171e-17,-3.96678321403551e-17,1.87965338917542e-17,-3.81246817048191e-17,8.3544112644816e-08,-1.11910907873446e-07,-5.99117865682156e-19,2.19660237792808e-16,1.30317077208304e-17,-3.67460645989429e-16,-3.21249103707455e-16,-1.91310578073398e-16,6.54020191537172e-17,-9.91899317952129e-17,1.36506980762317e-09,-4.10812956407472e-18,-4.00947897171707e-17,2.24601059095258e-17,5.28724528726289e-16,-1.12243450238501e-16,4.10965410697929e-17,-2.97638101315939e-07,-6.22171778294215e-18,1.94972857761761e-16,2.01451334551914e-08,1.6862488493222e-17,-1.35423827828424e-16,-3.65579221855249e-17,-2.92752029552895e-16,1.69036799241276e-08,-1.63135166575678e-17,-1.2771577592825e-06,3.95529817796489e-17,1.97088206545815e-16,-4.64673637659805e-16,1.13164872302595e-16,6.19543278314099e-17,-7.92426183731305e-16,2.02793526769404e-08,2.99934640347009e-16,1.95793402907978e-16,2.56510174036622e-09,-2.53578735304575e-06,9.4778957592266e-17,4.3709636427034e-07,1.00648878361261e-06,-1.83030651879834e-17,1.8923309761186e-16,8.72478826039253e-17,-9.06726842585117e-17,-3.56652645463607e-16,-1.70095115717815e-06,-3.58449751948595e-16,1.44853068651101e-16,2.99602957123618e-16,1.25024361292074e-05,-1.70140084955832e-16,-3.01014032651651e-16,1.08815420571073e-16,9.95405561226899e-17,-3.11438419146879e-07,4.25823634041569e-16,5.42768826223234e-10,-1.7289181515406e-18,3.84085560584187e-16,1.50128750170003e-16,-2.30652753471756e-17,7.32749875785133e-17,3.4273442251166e-16,5.12754944413018e-17,-9.45762043177075e-09,-3.92155965527562e-17,9.36985242146213e-17,3.98042887620408e-09,2.53074775526637e-16,-4.43993577730162e-17,-8.81657079839934e-17,-6.72435021883373e-17,-2.46559547370435e-17,-2.67381046076857e-17,-2.89574332388242e-08,-1.38309109393958e-16,3.61467506569248e-16,8.63677127083549e-09,1.81939618291291e-16,5.31659688618629e-16,1.70432306439799e-16,-7.11985980646275e-18,2.27261685751893e-16,6.10685892040708e-16,3.65077438717013e-17,6.13494033201687e-17,2.11061017282894e-16,1.80726159683917e-17,-1.93094351596154e-16,-4.56019397038582e-09,1.51341208598539e-08,3.18381756743161e-17,3.06797961848481e-16,-1.68199442347065e-16,1.87735734142974e-16,-5.42046876134128e-16,3.24817393462336e-16,-3.70305718214499e-16,-3.4740305194361e-16,-1.44893823219309e-08,-1.95265818445426e-16,1.91508803995977e-16,-4.98704146047117e-17,-1.08300025425203e-16,1.69368851298567e-09,3.03875989475435e-16,-2.69932694184111e-10,1.06991242618794e-16,1.70739151794157e-17,-7.73788781256078e-16,-1.01127029617482e-16,-6.72267143884106e-18,-3.43388106465566e-16,-1.08465962817275e-16,9.38529665584381e-17,-1.71136815475054e-16,1.49834180404482e-17,-5.50354827082216e-16,-2.68416405951645e-17,-4.51163131411397e-16,-6.53771841519251e-17,-1.09053820929932e-16,-6.85754544534593e-16,-1.17779384762641e-16,3.4419885556337e-16,5.03939564394843e-17,1.85289844037996e-16,4.06413184356191e-16,4.86273097792746e-17,-5.44137295480829e-16,-2.20365495631993e-16,-3.40323288761981e-16,2.26504517986971e-08,-1.42347824543387e-16,2.60255410495299e-16,1.28021912585855e-17,2.32471200920649e-16,6.80365111777937e-17,2.84217667397696e-16,-1.3184594805292e-16,1.58971203397451e-16,-3.65900969917059e-17,-4.70963332946662e-17,2.47713091358626e-15,-2.22794361356801e-16,9.32893347074495e-17,1.45728644686638e-16,-2.2682326757482e-16,3.15953876145386e-16,-4.22024161670033e-17,-1.77563570586629e-07,-1.13003205240266e-16,-1.08168973509791e-16,-9.82098991449899e-17,-4.11947014024111e-16,-7.99100689817061e-17,-8.04301463838798e-16,-2.54955205196369e-16,-2.36697910499169e-16,-4.13779205430268e-16,4.41084134636106e-09,-4.96011170269101e-15,4.72824004821372e-16,-3.38569479063157e-17,2.4115365939423e-16,2.30085679396346e-16,-1.5716110684308e-15,1.02552606915505e-16,7.00320698681661e-16,-8.41812401276823e-16,-1.60795854467964e-15,-4.05315400834873e-17,-2.27611163468626e-15,3.34400559324919e-15,0.407516625398688,-3.49240474973284e-15,2.24286412191144e-15,2.93157638284494e-16,7.26816610369108e-15,-3.33494960835126e-09,9.06323079749007e-16,9.74763428092108e-15,0.707106781186548,-6.03195626239579e-14,-1.62067662062158e-14,-1.60051110595065e-15,2.01565390196659e-15,1.61866664967018e-15,-4.04047848216127e-16,-1.26814055940296e-16,-6.95839651089674e-16,2.84734963682149e-16,3.36670965091694e-16,2.51078445026686e-16,-4.86935654088191e-16,4.33731114251869e-16,1.68954333406458e-16
"t946",0.0339479099030376,-0.00934737644334422,-0.0101735861083517,0.000564635796027398,0.00489117671302921,-0.0123742412717316,-0.00172675424446012,-3.53030041787195e-06,-0.027939720733229,-0.0108040939759351,0.057658603128452,0.00043845596986085,-0.000660521312686559,-0.000116565608137984,-0.00127959605827353,-3.86854620822051e-05,-4.652140385005e-05,7.73339894773737e-06,0.00493859049181951,0.00420299183148714,1.28562805729058e-05,-0.000106187629745142,0.0855574371198015,0.00292952560538597,-0.000233159356546584,-0.0107982279318662,0.210660778180596,0.00273235849296998,-0.00640448236366783,0.00873980404779066,0.00198625372991587,-0.0246593118233914,-9.41534005892224e-06,0.00740315002803318,-0.00747399879684462,-0.00065970047133384,-2.41288359629604e-05,5.8442358902622e-05,0.01056917568096,0.0138476206123417,0.000154124465778227,-0.00780724892113558,8.21716402452281e-06,-0.000591202671170532,3.17312658377387e-05,-9.66972668023593e-06,1.98102089900388e-06,-3.15291498641104e-05,0.00411967240252096,-0.00729245924891533,8.36338974617753e-06,-1.75570746850749e-05,0.261307368614152,-4.78613032061726e-06,0.000464796722193815,-0.000358941524311644,0.000168426791097553,-0.000203927389359501,0.00177500858658804,-2.88780237233221e-06,-2.67004597147915e-06,0.000137624446988083,-8.04394482121166e-05,5.98628339089056e-05,-0.00108012582947393,1.12653651343674e-05,-6.94667662692533e-05,0.000209786249367293,-5.0421508889438e-05,0.0002250439691523,-1.83623898825913e-06,4.7525413620238e-06,-1.6269062596621e-05,-1.03584305080938e-05,4.34404892619592e-06,3.66087468088421e-06,-3.72990254843458e-05,5.45603178118854e-06,-0.00244860592795498,-0.000150503908313262,1.00729223561049e-05,0.000783390488923967,-0.0018657280833307,-2.69701700126292e-05,0.000243749895571521,6.37689312560308e-05,-9.71931686512831e-06,-0.000166650370962931,-3.11627377209695e-07,1.25308313913223e-05,-0.000126362169131078,6.91159664518298e-08,4.76216205003102e-05,-4.11794161931822e-05,-8.08425548679185e-06,-9.42275202123302e-06,-1.10717641221981e-06,5.84197126661659e-06,-6.53465448805141e-05,-0.00134579747524662,-2.85914542169825e-05,1.89977659804583e-07,-3.99884597105538e-05,4.52197963217183e-05,-8.77992606291477e-05,1.53226946592966e-06,-0.00049115520232722,7.22411166808273e-07,-0.00316692747026552,7.90058780233255e-08,3.29382008335413e-06,8.64480211632989e-06,-2.70309777928229e-06,2.91583459611021e-06,-3.02412492614105e-06,3.44111901133766e-06,-0.000617230525399831,0.000618046557175107,-5.10772941006166e-05,1.76866414291619e-05,-9.92427744273075e-06,1.89994129394785e-05,-0.000264605183913624,-0.000262053247274658,1.27952269494504e-06,-2.61737284182679e-05,2.71049628751321e-06,-6.31435811715336e-05,5.49941210899061e-05,0.00191231828763261,1.40715277825417e-05,-5.41546012566018e-05,4.95954855263978e-06,0.00176270594724928,-8.7129608141756e-08,5.79181232877474e-05,-0.000161513305582111,-5.72896123125318e-06,0.000442633188170457,-0.000120721963864332,-0.000657043224558613,-9.08225790273391e-06,9.34501479390885e-05,5.89783998791009e-06,3.40159841305968e-08,-0.000159644647907884,-2.64333389265432e-06,0.000218104568783444,1.38034619487744e-05,-1.28695614068774e-06,-1.58486018609103e-06,-8.11252314305719e-05,-1.11903181583954e-06,0.000271544338179923,-8.13810846269519e-07,-1.52642998144442e-05,9.39151546053979e-05,-9.50448823539148e-06,-5.57987740971948e-05,-7.7721273322159e-06,-7.59276666870052e-06,1.10974241476389e-06,-0.000148461768089309,-1.13239884309312e-05,7.89204087934975e-06,-5.80719606412897e-06,0.0115804449449605,0.000136353867922107,0.0123764095970078,-1.58200827982891e-05,9.54650753192016e-06,1.47923203006241e-06,-1.90368187127292e-08,1.53733193568162e-06,2.14826492886979e-07,5.1095598012181e-07,2.39106275677416e-08,-1.62473940240078e-06,-8.53160093517161e-05,-9.80329298964625e-06,4.08031989377034e-05,1.21691320106366e-05,-2.66090208322274e-06,-1.11712879833547e-08,-3.60314961863433e-07,-2.09978539751422e-07,-0.00219474702784863,0.00100832988627795,0.00522262629976637,1.93172964040241e-05,6.60917826808852e-06,1.16499516656862e-05,5.09966637831019e-06,9.11243990195991e-10,9.85208173859655e-08,-2.27045473858924e-05,-1.47188652624843e-05,-2.45295491835399e-07,2.69671689755814e-05,5.20752381779979e-06,9.44367850117946e-05,1.75857519843044e-05,-6.16038834604354e-07,-7.86346953037931e-07,-8.97312874301919e-05,-4.15112058229722e-06,5.6930989599101e-05,3.0149544040254e-06,-0.000162264190048686,-3.42850406789369e-08,-0.000658984480497827,-4.13217867559456e-06,-8.86678345871353e-06,-0.000242476072383518,3.87399915913052e-08,-6.53465084868043e-07,1.88109204365633e-07,1.19507668214472e-07,-5.70629041601982e-05,-1.34734440334312e-05,-6.15018299323612e-06,7.22811094434165e-06,1.58773896392492e-06,6.72016443802484e-06,-1.9894320610798e-05,-1.13448193635223e-06,-0.000107446102950579,-6.03242600169533e-07,-0.000226707822827902,-4.18252544870835e-05,2.26177046511289e-06,4.68041051591758e-07,1.42441948303277e-05,5.25369336361329e-06,-1.93880420160204e-05,-5.41969277200754e-08,-2.39088041583584e-05,-1.55276060608272e-16,-2.26380116042485e-07,3.23707039668903e-06,-6.65388430042744e-07,-1.72952241962843e-06,-2.35515874317463e-05,3.25955720635408e-07,-4.76523893531608e-06,2.13583585173453e-06,-7.11091852230425e-06,2.72085011193766e-07,-5.61815326135899e-07,0.000242360187884977,-1.67310265896525e-07,1.90689801629248e-05,-0.00496523738783105,5.61696959642635e-08,-3.9330800674143e-09,1.98630898898742e-07,-2.20260372094555e-07,3.51808121365283e-06,0.000184539262235091,-4.03820809743914e-05,6.31442379415602e-06,-0.000812563227603462,0.000189019058808106,-1.79518349356455e-05,0.437772810543521,0.000825356807214606,-5.59423997764646e-08,-0.000471596752598996,-2.21132692505845e-06,-1.28252088326425e-05,-2.99729652216979e-08,3.94247388746618e-05,-5.27764664766835e-07,-7.47034291618696e-08,1.76488404101783e-07,-4.22251160589359e-07,4.54946725214839e-07,-3.96049399785802e-08,9.83007360407576e-06,-4.50841537373222e-08,7.69656938934114e-06,-1.51749044692154e-17,-2.10605618383811e-05,-3.67290265142437e-06,-2.35023816674239e-11,-2.21491213435926e-07,3.43273028591893e-07,-2.17458988325052e-07,-6.23775731107383e-08,8.05121456485054e-09,-3.61319216540658e-07,1.36788319248991e-05,5.17495263354926e-06,-4.25919860882383e-08,2.2936669587219e-05,-7.74103533715214e-05,2.12837459500012e-06,-6.97418794938903e-05,5.88804251600798e-07,1.02940170064597e-06,1.58902299031492e-08,4.47774102493532e-05,-6.09128108684839e-06,2.70950735806901e-08,-8.55474592283333e-06,1.01154621020109e-06,-3.6840559058001e-06,2.75354836697557e-06,2.45451012487745e-05,1.24817189596162e-06,-3.97186095393432e-07,-2.60592549432208e-06,2.66245080551799e-07,-1.23976863150144e-06,3.46625619305668e-06,1.39938985466641e-05,-0.000109453905555626,3.66561013612773e-17,2.16187497670962e-07,1.18859478416377e-06,-1.18172953266524e-07,6.31308394839524e-05,6.77870197861396e-08,1.65982698683224e-05,6.63796985438532e-05,-5.20260485968195e-06,2.27922135016336e-05,-7.9913514875054e-17,-0.000311080853131772,-1.40655649740533e-08,-6.32911878891454e-06,2.68240708768623e-07,5.20904081245446e-06,-3.55302711624257e-06,-6.19333313686877e-05,1.71890381552345e-05,-1.88695763414139e-06,0.000132087941847038,-4.57694029564186e-07,-4.58572735424626e-05,-6.31006720675147e-08,-9.79397285445554e-09,-0.000140774029947775,8.17548878709347e-07,-0.000948942026606084,-7.93094739009017e-18,-6.16632112246229e-06,5.36042585074447e-07,1.54649229060175e-08,2.00539598376619e-07,-0.000328451241985737,-0.108276016495987,-2.37344297456484e-05,7.1753054504601e-05,2.43721185416932e-05,-1.19205265193939e-15,0.000299063141459099,9.41449275150439e-07,0.000407265232801008,-7.48872005052219e-15,-3.48797517831522e-05,-4.28758241740764e-06,6.54329286614313e-07,0.00142985458593072,6.68679267734716e-05,0.000214671869850971,1.05460997058399e-05,-0.000176983389561927,-2.03133219339162e-06,-1.04251187404118e-07,-2.11222415216368e-05,-6.35971797796609e-07,-1.66318420460193e-17,1.99871853210878e-07,-7.12329209098314e-06,-2.83587976401697e-06,1.5888566980366e-05,-3.7135900718915e-17,2.58263882975851e-07,-3.76276476066716e-08,3.86530093481893e-06,5.27748071314173e-08,1.81311194511973e-05,-1.60224868730706e-07,1.81832012636417e-06,-6.72400254641521e-06,-5.36422435046718e-17,-1.73547966126601e-05,7.98269365081714e-08,-2.17472957617295e-07,-2.13533911215461e-05,2.78713949044589e-08,5.95537755724064e-08,2.51534904016637e-16,-5.11873732309157e-17,4.63706894967345e-08,2.70691934670147e-08,-3.50540593620219e-09,3.37810282044194e-06,-6.90012019451926e-16,1.93974991977896e-06,1.91583079562991e-08,-4.3413099706106e-16,-3.30268188932387e-17,-5.23930385602612e-17,-1.09988066307983e-06,-2.59876604940797e-08,1.41516677769914e-08,-8.61814747328253e-08,-6.71788680742066e-09,7.72870952653525e-09,-3.78653412682882e-09,-1.32902689704795e-17,-2.38914598458709e-09,8.13070506563094e-09,2.20145628697347e-17,-1.09710481594624e-16,-8.26924386186319e-09,-5.17626696666052e-10,-5.83174442216828e-09,1.55862613058596e-06,6.69900464569255e-09,-2.72537359783157e-07,3.97146374969714e-16,-9.79378959564916e-08,9.49821332492217e-18,-1.95236291214624e-05,4.38885039422132e-16,-8.29048953067292e-09,3.75881785187339e-18,3.57153921425666e-08,9.48486328386966e-09,2.72916517957645e-06,6.51491559838809e-07,2.89939107345168e-08,-3.43795824788121e-09,2.23690738633404e-08,8.85971577196158e-09,4.24763618888417e-06,1.43734347888327e-07,8.61340145373678e-09,-2.50965699479062e-08,-4.70131842713191e-06,-6.62645554279395e-07,-1.26568621748211e-08,1.47000370148759e-17,1.21866889128329e-07,-2.15415077759374e-08,1.18682828916047e-08,1.72310804809938e-17,2.24422459615718e-07,6.54733280328977e-07,2.11664681417663e-07,-3.35059835117488e-17,-5.15462153966401e-08,-2.9595462096529e-06,4.01674725699149e-17,-3.71939975714749e-08,8.73416793895604e-08,-1.28225440854005e-17,-1.72068120316935e-16,-3.27380273962351e-09,-1.85266886868887e-06,-1.06349101523252e-08,-1.48845595515616e-05,4.23579556521753e-07,1.11890307782113e-08,1.95474297298856e-06,1.03247277365043e-07,-2.69216630550713e-06,1.03188941766308e-15,5.155707589734e-10,3.80293409669123e-08,1.1252210135054e-07,0.000295073498097069,-4.88079153791425e-17,1.21149586483764e-17,1.13873426906774e-06,1.87997326118309e-17,-2.32241610295043e-15,1.36018702343315e-07,-2.01619957345339e-07,-3.77532240925097e-08,-1.25400465143657e-06,9.82386573544735e-07,2.56725770065627e-07,3.28917173852658e-07,1.39186252644554e-16,3.02473671887892e-06,8.33883270343519e-08,6.51850919662558e-07,-3.68118134462565e-08,1.47204062050523e-07,-9.16846277286172e-17,-6.18227794711872e-17,-7.57463913040831e-16,-1.37923592605252e-06,-6.33288392358577e-09,-4.10752190850533e-07,-2.28765459393881e-16,-4.88918811509496e-09,4.11794087002834e-16,-1.4177907956557e-16,8.22640695210697e-07,-2.0604007343099e-07,7.28583859910259e-17,-1.71125475301849e-06,-2.31620162315487e-08,-2.3593804452473e-17,5.27734989073965e-08,7.87322880693389e-17,1.14633023880142e-05,-1.12430066955893e-16,1.14406334234769e-05,1.61778005793842e-07,5.87758270769871e-09,9.88119828870632e-07,6.80060257862517e-06,-1.92029299566395e-08,5.95958167459651e-07,3.1703526694536e-17,3.56914251969932e-07,-2.01727551248272e-08,5.2783231455375e-18,-2.66245853014976e-09,-5.44356519146332e-08,1.26847250564767e-08,-1.79076677111562e-16,4.10910022464114e-08,5.44530560662286e-08,2.01419992349321e-17,-1.51479639860693e-06,-1.15123071728786e-06,-1.5790071733144e-09,-1.99214940388143e-17,-5.53573746804471e-17,2.85497335937868e-08,1.55848694497324e-06,4.30857019450047e-07,-1.16994308641428e-08,9.47405217167195e-07,-2.48004879060183e-17,-3.72935382526293e-16,1.18180644284327e-05,6.11200624817354e-09,1.45749758956507e-16,8.41211776923461e-06,-1.340838841221e-17,2.46835190993118e-08,-4.18675715036447e-07,-5.60375108109799e-07,-3.72216171049303e-06,-7.62719684309024e-17,1.78053356562071e-17,-7.78852400481113e-17,-1.12897363028209e-17,-2.93053967440562e-09,-1.01859150515845e-08,-4.03300870129797e-17,-3.22594012797548e-16,-5.63716508312559e-17,1.44521018372909e-08,1.3037114956112e-10,-7.26337970275961e-09,1.48671530305356e-17,-2.197406753085e-16,2.90728812551988e-16,-3.3664738788135e-07,1.03540600691584e-08,7.429646066367e-17,2.00027551039664e-09,-5.70287745422309e-08,2.4843079498648e-16,3.05278611871387e-16,-0.00974550825238259,1.08120093509318e-09,-3.78143610636586e-06,1.45264641206866e-17,1.24769250624414e-08,2.16333292983582e-07,2.44967869434942e-07,-9.51869055806187e-07,-5.69186279041626e-08,9.37886706336668e-10,1.24959421090325e-16,1.7195259188791e-16,1.43225373942288e-16,1.85920046886195e-08,-1.68410608706587e-08,-6.60248057506563e-07,-5.09121903858e-09,-4.35676438123288e-16,-1.2775980063649e-17,6.42500419962986e-18,-7.40047296005323e-17,2.78543623336894e-16,2.47121870518881e-08,1.55329393707952e-16,-5.87817493942804e-17,-7.86007575417686e-07,1.7043228542859e-16,-0.00110705812265231,2.20776778342408e-16,-4.25910209780124e-07,-8.23555383221473e-18,-5.57719632103685e-07,-1.18678693670314e-07,-6.1980819233202e-08,-2.84121835416685e-17,7.1226872664497e-05,2.30192988920616e-17,3.44019526381036e-07,-5.51474901125285e-08,3.05284180598563e-10,2.34290938982515e-16,1.68574235289629e-06,1.14870922388928e-16,-1.21845307556971e-07,-6.22118029837869e-08,-1.33206936716082e-16,3.26967172617123e-17,-8.03836775215577e-17,1.24755356145305e-17,-9.46612374089517e-09,-1.62477283532157e-06,-1.06830584680774e-07,-4.40199071590323e-17,-4.74650346434871e-17,-6.48342151070329e-09,5.28971086778771e-08,1.34751219691351e-16,1.1659796494856e-17,-1.05996968113547e-07,-1.21982796068196e-17,-2.05585183049839e-06,-1.33322059705236e-15,1.88875951974064e-07,-9.9669870537398e-17,-2.33494820219071e-16,-3.35252814728873e-17,-1.28427834755318e-16,-2.81231239635452e-18,9.49430400220717e-16,3.65135280825167e-09,-2.55381071720117e-08,1.26674751358542e-17,-1.69887473295876e-08,7.14348059402632e-07,5.93850445289302e-17,-4.81867517631999e-17,3.21142398191012e-16,1.10545823935468e-16,6.58614561856758e-07,1.7865731970989e-07,-7.39438397885254e-18,-2.05896124297132e-17,-1.28552823701177e-07,-4.15282152010605e-08,-6.28964676961999e-10,-1.54722801173274e-16,-4.13822717756936e-17,-3.03246939729677e-17,5.50702589573268e-17,4.13508679542763e-16,-8.12647818782085e-18,4.30361313924945e-06,-8.7925007992371e-07,-2.65983830149022e-06,3.77998216346122e-17,-5.48242818586563e-16,1.09198469074069e-16,-6.73990821035097e-17,-3.76716201930486e-18,1.02099037677462e-15,-1.43598469504245e-16,2.22823653869071e-17,1.04053003495312e-17,-5.52877242232034e-17,-2.55287629091632e-17,1.17773701782036e-15,-1.89719422656285e-17,1.26523622620605e-16,2.4873214297414e-09,-2.20095242268014e-17,-1.05810430542657e-16,4.01253755140673e-17,3.52435590967099e-08,-4.35940079334299e-08,5.15983866433574e-17,-9.09917189724987e-10,3.22582732431961e-08,-1.10897908312103e-17,7.04165118724648e-16,-6.22912949267795e-08,-1.43909471131053e-16,7.96723352222699e-10,-4.33685854961724e-17,1.69335597537188e-17,5.96175340757071e-17,-1.59103184277867e-16,8.01416533882129e-08,-1.07342009708538e-07,-3.57086770182955e-16,-1.77719162784075e-16,-1.1230455124888e-17,4.46762746600733e-16,3.74049749507499e-17,-7.78635046366796e-17,-3.20106882216891e-17,1.58387807461364e-17,1.30122979408066e-09,2.40355134209525e-18,3.45909440469784e-17,-3.14121078067712e-17,-5.14729251291395e-16,-1.34839353697598e-16,-4.58179517608843e-16,-2.83265409444688e-07,1.12464619674208e-17,-4.00898333179125e-16,1.91664633043614e-08,8.41028225534455e-17,2.78829707601125e-16,1.35871247910207e-17,5.54174620345817e-16,1.6019573584286e-08,-6.95135430220632e-17,-1.2094265403124e-06,-2.24968773295467e-17,-4.25143525871077e-16,-4.15251399780078e-17,1.31256860781237e-16,3.46858051290736e-17,1.33168100311857e-15,1.91722980749711e-08,-8.47711846084393e-16,-1.53752408011281e-17,2.42183754798709e-09,-2.39399491370394e-06,-1.39757924913132e-16,4.12157867945581e-07,9.48694197855989e-07,-2.08271621650292e-17,2.85049034057548e-16,-6.28169039854671e-16,-8.29015879475144e-18,-1.70493286461512e-17,-1.5929648908368e-06,1.49114819628125e-16,-3.06979996260876e-16,1.57134287252162e-16,1.16864206008241e-05,4.00936396788924e-16,2.40266664710204e-16,1.3932915986865e-16,-1.36309028196708e-17,-2.90325588509808e-07,-2.38827345529025e-16,5.05529394118476e-10,-6.20295222723794e-17,8.04670268807049e-17,3.00219879914243e-19,-4.23011933824193e-17,-5.55339591887561e-17,-1.54555891669918e-16,-5.68858223086754e-17,-8.76421164122547e-09,2.32389545518397e-16,-1.72079012978964e-17,3.68353025376556e-09,-1.07323975482485e-16,3.18163501251535e-17,-4.0984733596744e-17,3.1141810921512e-17,1.07872966044123e-16,5.23111701187005e-17,-2.66727226108183e-08,4.0326736700599e-16,-6.31899685896536e-16,7.9371937039575e-09,2.17778659335146e-16,-6.95891005614161e-17,-6.6630526584755e-17,5.95583427232876e-17,-1.43425740094994e-15,-6.78360812102925e-16,-6.89970656528473e-17,-7.86636318230405e-17,-4.18459118519395e-17,3.77782474416183e-17,8.01490331549073e-17,-4.15040596534160e-09,1.37559747863593e-08,-1.06436419681606e-17,4.56959382867026e-17,2.9228524527103e-17,-2.79942424534519e-17,7.49888432599599e-16,-1.22161256473983e-16,2.80289618993027e-16,-1.30085562810952e-16,-1.30708637301976e-08,4.41936638031561e-17,-5.75806819572757e-17,-7.06077991836044e-17,-6.20914603234236e-17,1.51653894646618e-09,-5.76253338933302e-17,-2.39330330402138e-10,-2.30952678544019e-16,-1.47226434312108e-16,8.20625098512821e-17,1.82551079103592e-17,5.68222162852342e-18,9.67564462653266e-16,-5.72805903264828e-17,-3.59015260280409e-17,5.01258035973886e-17,-2.40629046530525e-16,-1.25378816576809e-17,-4.52705944605372e-17,3.18340786777121e-17,8.05964338409911e-17,7.26393423755913e-17,6.35663209667722e-16,3.91415620286799e-17,5.7750415709837e-18,-1.99556039876948e-16,-2.3034553278481e-17,-1.42670163877368e-15,-1.71464179085392e-16,1.03127081870449e-15,3.78989121850864e-17,1.0941538010609e-16,1.89261171977124e-08,-4.50704369851404e-16,-4.91745008891007e-16,9.29676906322528e-17,1.46092198188357e-15,3.47213203264371e-16,-2.83230008873136e-17,2.59161988976627e-16,1.18842159474587e-16,2.1411252947143e-16,-1.96572587709611e-16,-4.35572801785189e-15,1.03125417844415e-16,1.77024704058567e-17,-1.34334098499873e-16,-1.56521999395972e-16,4.43447893690128e-17,-1.22439259818328e-16,-1.35460219795171e-07,-5.61909351059434e-17,3.27072758318343e-16,-3.4790399216353e-16,5.41854029934118e-16,9.1368463815253e-16,1.95748166895989e-16,6.24102795095856e-18,1.24090604149305e-15,1.65142580446536e-16,2.4798557739543e-09,6.64061487416164e-15,-7.89126470556297e-16,-2.96529970869893e-16,-3.39484039367783e-16,2.82796236635706e-16,2.53931998148759e-15,-1.83496307971745e-16,-1.08973718249872e-16,9.16566476396716e-16,2.09985119546386e-15,-1.9285566446021e-16,1.56839692410204e-16,-6.129151256312e-15,-0.817226714830798,5.70432755255255e-15,-2.60931253758896e-15,-2.13585823283171e-15,-2.12857075715389e-14,-9.08778005440539e-09,-1.6698111044315e-15,-6.95570612611429e-16,-3.28455018098614e-17,3.42772703694305e-16,-4.12128794947147e-16,-7.5197388110312e-17,1.83523904400123e-16,7.16181653505885e-16,-1.20762488632432e-16,-9.27145198192801e-17,9.59319551676279e-17,-5.839367825279e-17,1.23540987724029e-16,-6.75115032219539e-16,2.33295555184964e-16,-6.27570088588814e-16,-1.14364450121925e-15
"t985",0.0339381403206955,-0.00934170567908645,-0.010167214363351,0.000564161745955618,0.00488614800314963,-0.0123593130992752,-0.00172463015927623,-3.52561202246651e-06,-0.0278958899640619,-0.0107835374048796,0.0575193745125136,0.000437151031870608,-0.000658497863003327,-0.000116203104524676,-0.00127544289587364,-3.85524763335357e-05,-4.63576540807865e-05,7.70568399382121e-06,0.00492048088180229,0.00418624480318285,1.28008597497491e-05,-0.000105634789007291,0.0850869274458848,0.00291332272433607,-0.000231864679568347,-0.0107353953666082,0.209420418794933,0.00271612537448276,-0.0063654067534858,0.00867677020225449,0.00197097031928785,-0.0244608670890762,-9.33405214265299e-06,0.00733617527633175,-0.00740289602543699,-0.000652917654120671,-2.38775699577916e-05,5.78239876999478e-05,0.010456575444221,0.0136978719283518,0.000152409278714093,-0.00771823315667528,8.12205980991839e-06,-0.000584351727748105,3.1357058585131e-05,-9.54830687176626e-06,1.95567830519528e-06,-3.11222936530477e-05,0.00406522002052818,-0.00719357903293656,8.24614898202609e-06,-1.73071707031821e-05,0.257579707558071,-4.71656218538341e-06,0.000457793074752792,-0.000353503822488851,0.000165626242520648,-0.000200452914264552,0.00174467927624444,-2.83552002037119e-06,-2.61962434793813e-06,0.000134971957630094,-7.88636086239693e-05,5.86853078232775e-05,-0.00105823554465043,1.1030982099205e-05,-6.79380106852878e-05,0.000205055121036504,-4.92716206652865e-05,0.000219808517658047,-1.78901487993393e-06,4.62126054647297e-06,-1.58148374949137e-05,-1.00628652493934e-05,4.21976111725613e-06,3.5551561606256e-06,-3.62179373616895e-05,5.29503232038759e-06,-0.00237342567651632,-0.000145809743926973,9.75033586810534e-06,0.00075815982364111,-0.00180314199243877,-2.60544910956656e-05,0.000235045815107741,6.14609252160999e-05,-9.36276529257287e-06,-0.000160523525531412,-3.00164001750401e-07,1.20692213516713e-05,-0.000121683477304277,6.64331197080224e-08,4.57652276743894e-05,-3.95280128960358e-05,-7.744272626666e-06,-9.02368173133899e-06,-1.06027015713283e-06,5.59005009450972e-06,-6.25101839638023e-05,-0.00128594096703296,-2.72946437086728e-05,1.81345996739759e-07,-3.81680382048955e-05,4.2978241946102e-05,-8.34199227586544e-05,1.45547191854143e-06,-0.000466327193169053,6.85806173160495e-07,-0.00300578128543781,7.49601430320018e-08,3.12480181715135e-06,8.19576060707558e-06,-2.56248558769984e-06,2.75928572738918e-06,-2.86067674037281e-06,3.25241637550538e-06,-0.000583163562592013,0.000583327708273531,-4.81594375348625e-05,1.66634940962231e-05,-9.34608393981655e-06,1.78652967508763e-05,-0.00024856324022293,-0.000246156615237639,1.20173192073304e-06,-2.45571322330537e-05,2.54286609999198e-06,-5.91855492864264e-05,5.14135658665945e-05,0.0017877589331986,1.3152173900038e-05,-5.05268879765222e-05,4.62569872626407e-06,0.00164363252731529,-8.11589339941765e-08,5.39413409611455e-05,-0.000150086533794626,-5.31388777281946e-06,0.000409518878512584,-0.000111682379532728,-0.000607575839261318,-8.39657831307875e-06,8.63635372398891e-05,5.44982926692609e-06,3.14320093300877e-08,-0.000147369584177321,-2.43515827853743e-06,0.000200508242667703,1.26831411289481e-05,-1.18112268590347e-06,-1.45439252165241e-06,-7.44134849574515e-05,-1.02617886567929e-06,0.000248937411211373,-7.43967504632157e-07,-1.39479355095027e-05,8.57883692833774e-05,-8.6166322895159e-06,-5.048990730129e-05,-7.03058552910542e-06,-6.85705153048854e-06,1.00187130354921e-06,-0.000133743085731285,-1.01986255345447e-05,7.09256949707577e-06,-5.20798052634875e-06,0.0103205020168591,0.000121491073726058,0.0110267166699825,-1.40823998542462e-05,8.48906778231124e-06,1.31518335294045e-06,-1.68902867361325e-08,1.36308342941008e-06,1.90202242154356e-07,4.52226602229214e-07,2.11584529681233e-08,-1.43279552804252e-06,-7.49629653864985e-05,-8.60816933233241e-06,3.58069448303148e-05,1.06595689547514e-05,-2.32916580662722e-06,-9.77172018480643e-09,-3.14964819600184e-07,-1.83137440883465e-07,-0.00191311755816988,0.000874577370492379,0.00452909671614729,1.6723458340644e-05,5.69417996922514e-06,9.99558851845016e-06,4.36909631665898e-06,7.78981337439981e-10,8.40806107338092e-08,-1.92784200970026e-05,-1.24836952992218e-05,-2.07543228987421e-07,2.278882921468e-05,4.35768484526142e-06,7.8987414931345e-05,1.46445612771647e-05,-5.10737814798468e-07,-6.44670611469489e-07,-7.35604364461086e-05,-3.39936800224625e-06,4.64655552071253e-05,2.45492032700237e-06,-0.000131274128242462,-2.75061727142094e-08,-0.000524974125728952,-3.28449754156681e-06,-6.97421139254062e-06,-0.00018955567998439,3.02800052277078e-08,-5.08248061471547e-07,1.44389840512955e-07,9.14895733737726e-08,-4.30414616072513e-05,-1.00514715002241e-05,-4.57001261910301e-06,5.27906063694179e-06,1.15458032123352e-06,4.86305382806568e-06,-1.41732952267455e-05,-8.05570159934968e-07,-7.62326306193611e-05,-4.19967288739847e-07,-0.000155889629487182,-2.83424016947878e-05,1.52202794354411e-06,3.12627132745898e-07,9.44619112414633e-06,3.4768118224333e-06,-1.25753229385464e-05,-3.46840615938597e-08,-1.50668061049334e-05,3.35830074105244e-16,-1.39298112660176e-07,1.98185540374509e-06,-3.92343901574421e-07,-9.86916853876828e-07,-1.30420327171387e-05,1.80160655592896e-07,-2.46810128380957e-06,1.09272488933488e-06,-3.61697531284217e-06,1.34415555732246e-07,-2.71735701923743e-07,0.000112394930949979,-7.60360016345438e-08,8.59136792010199e-06,-0.0021258352798291,1.75556501926801e-08,-1.02410440945642e-09,4.18724014393331e-08,-1.70712800348386e-08,2.33406907128021e-07,-1.08780723072265e-05,5.83892121546855e-06,-1.8515274337414e-06,0.000283770963372297,-7.81182192282819e-05,9.20462256282089e-06,-0.301339985215269,-0.000586812767545862,8.03422743203151e-08,0.000688535886568,3.28901465607844e-06,2.33074755865107e-05,5.88544107260949e-08,-0.000100519494613877,1.41711983207591e-06,-1.24595114030872e-06,1.92908127426115e-06,-3.67085408501049e-06,2.76159852472484e-06,-1.97339404563933e-07,3.61930628396721e-05,-1.55488859685607e-07,2.53311105414851e-05,5.13400506274524e-18,-6.05577746227715e-05,-1.04000699006335e-05,-6.35003606883915e-11,-5.44199622801763e-07,7.88216034089319e-07,-4.85255324727529e-07,-1.37340438369366e-07,1.54172967507453e-08,-6.86837457549723e-07,2.59515987666552e-05,9.51554182130528e-06,-7.26875668367748e-08,3.87089119211704e-05,-0.000129663495701767,3.48258232078003e-06,-0.000106000257848735,8.72550654971017e-07,1.52334851607788e-06,2.35052595302305e-08,6.28693159445011e-05,-8.15545920359324e-06,3.60843318104546e-08,-1.13074114285692e-05,1.32536561809545e-06,-4.81439645261308e-06,3.52537744264632e-06,3.13794587006257e-05,1.59150607200567e-06,-5.05537235740241e-07,-3.29782117282688e-06,3.34870268791416e-07,-1.55075591768878e-06,4.32555119159768e-06,1.73946521817005e-05,-0.000134957271875211,-4.82068289889069e-17,2.55449477069592e-07,1.39922441910751e-06,-1.38359461299272e-07,7.39032471952752e-05,7.93406754994253e-08,1.94019360850159e-05,7.7403276934611e-05,-6.04930015468321e-06,2.63519632088345e-05,-1.31338338486201e-17,-0.000355252306967368,-1.6039066751922e-08,-7.19461230889236e-06,3.04809432327053e-07,5.87494253500537e-06,-3.9911701382386e-06,-6.91864877506572e-05,1.91307644270864e-05,-2.0837564927665e-06,0.000144854981216211,-4.99770036492889e-07,-4.99531090851919e-05,-6.86352337575196e-08,-1.06253225886266e-08,-0.000152679943239389,8.85076363745075e-07,-0.0010258773888307,1.21587580398644e-16,-6.59819531569382e-06,5.72394569610716e-07,1.65133480396746e-08,2.12891839753237e-07,-0.000348379168962301,-0.113653839253033,-2.48408958279267e-05,7.50551853209121e-05,2.5438858462811e-05,-1.55361925114077e-15,0.000311390932669369,9.79369517164361e-07,0.000422245442126862,-7.57455877434008e-15,-3.60323469922838e-05,-4.42551413709665e-06,6.75083029964368e-07,0.0014738724606925,6.88222911821203e-05,0.000220696071854155,1.08324674578436e-05,-0.00018131546861311,-2.08041183000656e-06,-1.06579594328902e-07,-2.15266072343966e-05,-6.48043789238925e-07,1.05826144817088e-16,2.02433066462057e-07,-7.20700669986419e-06,-2.86260092234795e-06,1.59825255635537e-05,-5.4247666493152e-17,2.57863011007739e-07,-3.72589721949661e-08,3.81325842311066e-06,5.19745117719498e-08,1.78193334286131e-05,-1.56868489255351e-07,1.76924325504182e-06,-6.44343002852407e-06,1.45042518231814e-16,-1.64079086912545e-05,7.53827159318508e-08,-2.04860878658466e-07,-2.00463800980256e-05,2.61585537550888e-08,5.58398463650931e-08,4.42354486374086e-16,-1.29325868495548e-16,4.32368098170536e-08,2.51169564355919e-08,-3.25061475825477e-09,3.11882713129588e-06,-7.45136269243913e-16,1.77358529050339e-06,1.74412058825036e-08,2.83058487108262e-16,9.29424307276636e-17,-3.10937793616464e-16,-9.87597324705827e-07,-2.32932055498856e-08,1.26062574365664e-08,-7.63650867514819e-08,-5.94898732544576e-09,6.80518288504885e-09,-3.33186365289929e-09,-5.37783761300881e-17,-2.07768163557526e-09,7.04101086845899e-09,1.32723841924201e-16,-1.04058977692509e-16,-7.04112319059368e-09,-4.38918772677975e-10,-4.91716803105886e-09,1.3091750490411e-06,5.58524647283333e-09,-2.26951010414544e-07,-8.16931554335523e-16,-8.14207886520818e-08,-2.37570890105278e-17,-1.61529404625283e-05,-7.89922597818626e-16,-6.83460744550592e-09,5.33280793714076e-16,2.93081336904908e-08,7.77600598909042e-09,2.20941127635321e-06,5.25975442407456e-07,2.33810436097622e-08,-2.75846237729183e-09,1.78685612348736e-08,7.00334562221769e-09,3.35731508171896e-06,1.13234658550377e-07,6.74450309672015e-09,-1.94887427646197e-08,-3.62488413457782e-06,-5.08016552155887e-07,-9.67585659909928e-09,1.25871534823223e-16,9.23356114200291e-08,-1.61783484462727e-08,8.68341868864021e-09,4.21322274930377e-17,1.62901779362569e-07,4.69444324072099e-07,1.50950245575221e-07,5.04999505999518e-16,-3.66578971343164e-08,-2.08105790878723e-06,5.9704688485058e-16,-2.60050355152664e-08,5.88928517755312e-08,3.8205800534914e-16,7.8982212837851e-16,-2.17414883027832e-09,-1.22865049407307e-06,-7.00638597691831e-09,-9.72880199120266e-06,2.71773896113265e-07,7.1672178255148e-09,1.2491985428187e-06,6.42581683632079e-08,-1.63738491859213e-06,-1.76741217147725e-15,3.10739936832724e-10,2.28844867574087e-08,6.73331739032195e-08,0.000175368082964454,4.75132706479003e-16,-2.33823817810736e-16,6.70328489480634e-07,-1.32857933327913e-16,-1.242248001113e-15,7.49550591872688e-08,-1.09718574846651e-07,-2.05392398558495e-08,-6.6282181399473e-07,5.17149198780978e-07,1.35027834627585e-07,1.72016519932144e-07,6.92703226169336e-17,1.48145710207657e-06,4.02198587835682e-08,3.12774856276815e-07,-1.71971723175843e-08,6.52062799298711e-08,1.76153263692586e-16,-4.52294533455937e-16,-1.07404081908236e-15,-5.59091300827181e-07,-2.45704216410486e-09,-1.58808775529914e-07,1.83496741680869e-18,-1.80453763052321e-09,4.60458847539306e-16,9.65029218336571e-17,2.32241403732589e-07,-5.79199498990178e-08,6.68952740423556e-16,-4.39722001803286e-07,-5.61217267413933e-09,-2.06686343589147e-15,1.11265924269755e-08,-2.7178607966638e-17,1.94928087501479e-06,-1.25209069172331e-16,1.90157692307053e-06,2.64058611771402e-08,9.39375293972875e-10,1.53208045284439e-07,9.80274293169477e-07,-1.93958592584328e-09,2.04677549840141e-08,-3.69516674199827e-16,-2.18659607117177e-08,1.4611403218163e-09,7.58439705933254e-16,2.33278769522923e-10,6.32913364550739e-09,-1.81697597902794e-09,1.05421523599911e-15,-1.00453141741841e-08,-1.45068024389543e-08,5.33940755324816e-16,4.49390394353319e-07,3.59263781352051e-07,5.87773631300079e-10,4.76616683380642e-16,-4.4993824293641e-16,-1.5313913946088e-08,-9.62558424551671e-07,-2.737038215839e-07,1.30531215296921e-08,-1.15530333771305e-06,1.1256297827015e-15,1.15832821763417e-15,-1.53247348609087e-05,-7.98762595503431e-09,4.10962310626519e-16,-1.22019077720564e-05,1.49112872650033e-16,-3.96463265343805e-08,7.75655379356226e-07,1.04892939323984e-06,7.25708753391975e-06,-5.26139440205666e-17,7.28096599843548e-16,4.84658717528144e-16,-1.46753471192475e-15,8.45287850592729e-09,3.04223632643168e-08,1.64026215447747e-15,2.54349244256745e-15,-1.47061948089461e-15,-4.91975030638828e-08,-4.70916315505983e-10,3.11367490642266e-08,-2.78806261654337e-15,-7.94182157103779e-15,4.91490528831129e-15,3.13299992305206e-06,-9.99027746808191e-08,2.61558468846436e-15,-3.19974231645963e-08,1.21526788527366e-06,-1.13445293244675e-14,-2.18988589623975e-14,0.795004450329084,-1.12634312169295e-07,-0.000403224187026191,7.61449351161657e-15,3.18485564496097e-07,3.96009265981551e-06,3.2627228532927e-06,-9.41839913777305e-06,-5.28657347432917e-07,7.84089027989934e-09,-1.91152453033302e-16,-2.14989907936411e-15,-4.75007348998705e-15,1.05076720432538e-07,-9.47954518240003e-08,-3.59992601442109e-06,-2.49930157921015e-08,1.08054215065937e-15,-9.61991120534495e-15,2.63002166913462e-16,-3.42039367130377e-15,-8.74330472024867e-15,1.43216266430703e-07,1.39760599327463e-16,-2.29652709139701e-17,-3.1066828249706e-05,5.29647858827281e-14,-0.371807932232043,6.40016331964232e-14,9.45513292240505e-06,-8.56101125350782e-15,-1.20329931313501e-06,-2.76015238165626e-07,-1.52792455220959e-07,-3.8357509675186e-15,0.000181064046996115,3.1312897511053e-16,8.83713789282225e-07,-1.38498568599528e-07,7.65689971107779e-10,-1.54487878256445e-15,4.17412905984401e-06,-3.17534593748793e-16,-2.9527712415155e-07,-1.50600914166134e-07,-4.92638462580969e-16,-1.2531180492646e-15,-3.04646567016162e-16,-7.90269587601853e-17,-2.25049243892391e-08,-3.84442942737651e-06,-2.51388410246445e-07,-1.57147201902866e-16,7.28633537683524e-17,-1.48677061237174e-08,1.21166866047301e-07,1.12533340832659e-15,7.84001086827015e-16,-2.35501222806413e-07,2.23419571903119e-16,-4.53915131021899e-06,1.31967192701137e-15,4.09750815802297e-07,-6.58624935820089e-16,-1.2897532329799e-15,4.18055328911096e-16,3.85776014130702e-16,1.66613176447815e-16,2.84545189376887e-15,7.66163896355001e-09,-5.35643945480589e-08,7.46936506391823e-17,-3.52466499005894e-08,1.47548291436251e-06,-1.87683217016704e-16,5.86919443590862e-16,1.39204569768367e-15,1.64466352235117e-15,1.33546017497369e-06,3.60758327801512e-07,1.35246136908919e-16,2.82410941318912e-16,-2.58402429926152e-07,-8.34262452642954e-08,-1.26103505978462e-09,-3.35570535828494e-16,-4.37637880063918e-16,6.12271157613178e-17,-4.90065622998476e-16,1.19057438962574e-15,2.40690006141274e-16,8.37075271829939e-06,-1.70562372678551e-06,-5.14618083563155e-06,1.4235270859521e-16,2.82265855774921e-15,5.91763901643566e-16,-8.97409882913427e-16,-7.51976172573484e-16,3.26097709164575e-16,-5.18475692965902e-16,7.17648303632193e-17,-2.31322586209286e-16,1.44084349985681e-16,5.95840100175427e-17,-5.14188294870925e-16,1.63478938207397e-16,-1.45761279261066e-16,4.62098923100605e-09,9.61778636818287e-18,8.4341620009305e-16,-1.3634947285725e-17,6.51559400576751e-08,-8.05037917664181e-08,-2.30569645221821e-16,-1.67915890499322e-09,5.9183151403319e-08,1.75738904917263e-16,1.50193564371036e-15,-1.13480600179577e-07,7.887800379085e-16,1.4394134834897e-09,-1.70061042370016e-16,-1.59964230912107e-17,-2.21678934531606e-16,6.33155644460688e-17,1.4299653485103e-07,-1.91373621230209e-07,3.49193412270925e-16,-3.21880451841336e-16,-1.79096309449928e-16,-2.21500291130953e-17,2.1239520558991e-16,3.11781800153011e-17,1.8981220051118e-18,-1.97778137828314e-16,2.23398272685713e-09,-9.37023412331261e-18,-1.38440245632993e-16,1.23631768348216e-16,5.19343582836676e-16,8.42873413410087e-17,-9.85458159184956e-16,-4.82894789820167e-07,-3.14384930809517e-16,-1.37683633112424e-16,3.26327118848804e-08,-1.35139035366995e-16,-3.67882921214981e-16,-1.20349206532866e-16,-2.33532046470346e-16,2.68978663926116e-08,9.27415213991808e-17,-2.0259936370678e-06,2.90315259101316e-16,-3.1129931736518e-16,2.39088827405727e-17,7.12646935007669e-17,2.7822660892092e-16,3.62178643088929e-16,3.19701962777852e-08,1.49870057099871e-16,1.8241049290625e-16,4.02489705082699e-09,-3.97796242122629e-06,3.13028629302496e-17,6.82950669894181e-07,1.57065365915323e-06,1.46008009071243e-16,-5.60492546085962e-16,7.37140808813838e-17,-5.85892372123183e-17,2.63630173172412e-16,-2.60707419809618e-06,1.92346506629137e-16,4.45574851829438e-16,1.70683066440599e-17,1.90762551571749e-05,-6.24586874872418e-16,1.83011206697277e-16,-2.79875146356833e-16,-1.84760969915907e-16,-4.72386847747019e-07,-6.12556190095261e-17,8.21771347477229e-10,-1.14912618373261e-16,6.34192598675164e-17,-1.60524882562291e-16,-7.79361689357469e-17,-1.66620537693583e-16,-1.28382300574648e-16,7.96232903477822e-17,-1.41828640113508e-08,-4.47519097012496e-17,9.45239498353603e-17,5.9550642988287e-09,-3.80289988564988e-16,5.72498331953832e-16,4.98780312224693e-16,1.10180101347654e-16,6.46715252996944e-17,1.51204774396433e-16,-4.30030621171612e-08,1.17030118798971e-16,-1.02867923907961e-16,1.27834596727136e-08,-1.07582492636726e-16,1.21210278513376e-16,-1.20929603126005e-16,-1.2209039723096e-16,2.73302076017872e-16,1.65631473810273e-16,-1.31358354680226e-16,1.11592940468717e-16,1.21376003216437e-16,1.49073914892585e-16,1.23594959507531e-16,-6.66675112080192e-09,2.20920407529584e-08,2.65297290575122e-17,3.66330603263142e-16,1.82186395424933e-17,-1.11380168264354e-16,1.07943168292657e-15,1.12080859975671e-17,4.61627935345002e-17,-4.02445007995532e-16,-2.09835818511374e-08,5.38098575891929e-16,-1.17184194284963e-16,1.92831238705273e-16,-2.35808389598324e-16,2.43586654466351e-09,-3.48401538586514e-17,-3.85080425247835e-10,7.51907504485375e-18,1.28085471725392e-16,1.67388331161112e-16,-8.05206649852953e-17,2.94226579395743e-17,1.06720430087282e-16,1.70807106228801e-16,2.91866144158767e-17,-7.54658466626427e-17,-1.81311023629863e-16,2.80729369876751e-17,9.84370803408817e-17,2.89558843673679e-16,-9.97484264988529e-17,7.4925526615451e-17,1.89799574754377e-16,-1.11668994514778e-16,2.17602465645365e-16,-2.56055380843999e-17,6.0537559500132e-17,-3.43095777483038e-16,-2.64526783296894e-18,-2.95686758475749e-16,-2.77889892468501e-18,6.92875649580317e-19,3.11891749381162e-08,7.60292292746161e-17,-6.51586121425226e-16,1.40553351957041e-17,-2.66876098094763e-16,3.35362095107414e-16,2.86220512175051e-17,-1.40262583495521e-16,1.72275204945627e-16,-3.03527495094079e-17,7.43334466704105e-17,-3.25585912397397e-16,-4.5367151808362e-17,-1.19891505227957e-16,-1.07059645999115e-16,1.21981145825462e-16,-2.0015239992693e-16,2.35806526604534e-16,-2.35654289021249e-07,2.07026312317656e-18,5.64740593315472e-17,-4.1286683484372e-16,2.07467200761555e-16,-2.88323266590449e-17,2.90565432343466e-17,1.23605289761263e-16,1.17209790591429e-17,-2.30154264901202e-16,5.37266666181624e-09,-7.06704877768459e-16,-5.65355811187531e-17,-2.23640368324956e-16,2.03467756896091e-16,3.86318651097227e-17,1.30971625987246e-16,-4.72444135198848e-17,3.72118678950091e-16,-9.7421768222778e-17,-1.5719062910269e-16,-3.4742180364201e-17,2.06599401924326e-16,-1.36596005849885e-16,0.000458351410600339,2.29837349543903e-16,3.79369383469148e-16,8.33287238680276e-17,-3.00324001778485e-16,-7.37347425735992e-09,-8.77562471535085e-17,-1.78935282563527e-16,-8.03133357653837e-16,-1.42529001779924e-16,1.75336234327944e-16,-4.86897694254038e-16,4.76203591210294e-17,2.49873957953708e-17,8.81914067557666e-17,1.10986819863702e-16,3.68874460221851e-17,1.64707575809416e-16,9.20519345591899e-17,1.96443970417881e-17,1.93510355826517e-16,7.16507514174698e-17,-2.25978775165359e-16
"t342",0.0339409772572465,-0.00934335050191882,-0.0101690623778087,0.000564299130924487,0.00488760439405078,-0.0123636337612782,-0.00172524488110019,-3.52696839281371e-06,-0.0279085594179743,-0.0107894722396401,0.057559496926057,0.000437526325178487,-0.000659079613784761,-0.000116307308489282,-0.00127663616482032,-3.85906588155516e-05,-4.640465549998e-05,7.71363723877847e-06,0.00492567616325411,0.00419104368694329,1.28167219727671e-05,-0.000105792508644229,0.0852210166428872,0.00291793980959381,-0.000232233574514368,-0.0107532811433193,0.209773408285662,0.00272074421157159,-0.0063765185523974,0.00869462283972956,0.00197529135603716,-0.0245169008974577,-9.3569560919585e-06,0.00735501792239714,-0.00742286605707401,-0.000654817352896849,-2.39479094512207e-05,5.79969889518375e-05,0.0104880691537718,0.0137397313244285,0.000152888175569783,-0.00774306240408328,8.14857060584576e-06,-0.000586261364027522,3.14612871512511e-05,-9.58203163535745e-06,1.96271120736421e-06,-3.12351554436395e-05,0.00408030772665186,-0.00722094249475843,8.27853874076845e-06,-1.7376156267817e-05,0.258608602344844,-4.73574506201476e-06,0.000459720492958035,-0.000354999842531698,0.0001663925405794,-0.000201402176237526,0.00175296405136304,-2.8497478658549e-06,-2.63330627183754e-06,0.000135690674030274,-7.92900952566845e-05,5.90038999577836e-05,-0.00106414510683789,1.10941301945049e-05,-6.83480557972686e-05,0.000206321537824565,-4.95791294541097e-05,0.000221206216156817,-1.80150717031925e-06,4.65574146069742e-06,-1.5934007179857e-05,-1.01402305871281e-05,4.25228448586821e-06,3.58279262988626e-06,-3.65004376471649e-05,5.33702042964773e-06,-0.00239294445721443,-0.000147026241788572,9.83367155574019e-06,0.000764673339671885,-0.00181921769248251,-2.62893289050916e-05,0.000237263289395662,6.20478408444907e-05,-9.45326591594842e-06,-0.000162078182709836,-3.03072547416019e-07,1.21863200969775e-05,-0.00012286949589527,6.71085950022104e-08,4.6232328091871e-05,-3.99417669524321e-05,-7.82882303104683e-06,-9.12281429846018e-06,-1.07192146622417e-06,5.65244571049706e-06,-6.32119346516349e-05,-0.00130068969711566,-2.76131063567365e-05,1.8346506981247e-07,-3.86148003177199e-05,4.35198923811124e-05,-8.44768947353862e-05,1.47399018151047e-06,-0.000472304112662748,6.94614127741492e-07,-0.00304452475725879,7.59316261246491e-08,3.16537088829275e-06,8.30328239256396e-06,-2.59614504219708e-06,2.79652000536551e-06,-2.89949830193627e-06,3.2971001858314e-06,-0.000591219395375978,0.000591506676506546,-4.88443006647237e-05,1.69029730956149e-05,-9.48120151629165e-06,1.81288659333661e-05,-0.0002522779649336,-0.000249837180555257,1.21973351805653e-06,-2.4929832534262e-05,2.58150055211124e-06,-6.00948201597207e-05,5.22284321448574e-05,0.00181610327539103,1.33612179280295e-05,-5.13464919670193e-05,4.70102950521109e-06,0.0016704758991389,-8.24998553806076e-08,5.48339944969779e-05,-0.000152630774626839,-5.40569693374942e-06,0.000416776478810601,-0.000113663049862553,-0.000618397475905921,-8.54645799232712e-06,8.79105429751265e-05,5.54758095979519e-06,3.19958042518469e-08,-0.000150038237023704,-2.4800893892997e-06,0.000204277782970994,1.29226881327936e-05,-1.20365765211644e-06,-1.48216354045703e-06,-7.58398410861171e-05,-1.04589297888896e-06,0.000253732036012061,-7.586328590719e-07,-1.42238921067015e-05,8.74900739594462e-05,-8.79762735215477e-06,-5.15648903424149e-05,-7.1805827446926e-06,-7.00501103804978e-06,1.02353932466117e-06,-0.000136677397283061,-1.0422770173033e-05,7.25061725119864e-06,-5.32557410853385e-06,0.0105624193616846,0.000124342582951737,0.0112856103365215,-1.4414698818348e-05,8.690556006936e-06,1.34642547460049e-06,-1.72961448554163e-08,1.39595454279716e-06,1.9482447028204e-07,4.63237190360484e-07,2.16741057506496e-08,-1.46833741605353e-06,-7.68563063189092e-05,-8.8262563108106e-06,3.67167698668911e-05,1.09327640480131e-05,-2.38905784695437e-06,-1.00238021351439e-08,-3.23114719630742e-07,-1.87924556741268e-07,-0.00196325083300052,0.000897992346071755,0.00465043915079221,1.71746994950249e-05,5.85082453030142e-06,1.02749578882297e-05,4.49187458517963e-06,8.01048853362671e-10,8.64767783940889e-08,-1.98375965790965e-05,-1.28471642734799e-05,-2.13634435038863e-07,2.34603297116322e-05,4.49003907163377e-06,8.13898505439818e-05,1.5095634244909e-05,-5.26663646516825e-07,-6.65364630002329e-07,-7.59220492020625e-05,-3.50879166846393e-06,4.79733527420523e-05,2.53502655914563e-06,-0.000135620988013416,-2.84334567539955e-08,-0.000542925921583542,-3.39730455294562e-06,-7.21846890681763e-06,-0.000196266101835633,3.13522435951099e-08,-5.26395505623925e-07,1.49653956243496e-07,9.48383275612481e-08,-4.46502894885964e-05,-1.04326054079905e-05,-4.74415494624882e-06,5.4843111874766e-06,1.19968429685739e-06,5.05401830626679e-06,-1.47386706547244e-05,-8.37805982734523e-07,-7.92855233999609e-05,-4.37073251348393e-07,-0.000162304369868535,-2.95218872440129e-05,1.58569103731687e-06,3.25772484224571e-07,9.84533717973032e-06,3.62392725427106e-06,-1.31142548537794e-05,-3.61822779172936e-08,-1.57231999676285e-05,1.26059301624342e-17,-1.4544085263554e-07,2.06946234422188e-06,-4.09977783505667e-07,-1.0318401852634e-06,-1.36418874530205e-05,1.88452106247487e-07,-2.5838805453125e-06,1.14414870967009e-06,-3.78744082239528e-06,1.4079497198241e-07,-2.84693367826036e-07,0.000117800659216367,-7.97069124425999e-08,9.00679555945256e-06,-0.00222950805886505,1.84425410397874e-08,-1.07648363085935e-09,4.40360011720426e-08,-1.79730276084012e-08,2.45755278421268e-07,-1.14624155662582e-05,6.15524881660182e-06,-1.95305187697384e-06,0.000299390947709239,-8.24355360606308e-05,9.7161723575743e-06,-0.318225399316977,-0.000619725300450524,8.4942910998575e-08,0.000727982161973782,3.47754274044334e-06,2.46509706743796e-05,6.22539742408883e-08,-0.000106364212656646,1.49961957401238e-06,-1.32140153962299e-06,2.04640335002263e-06,-3.89486829322143e-06,2.93144544910353e-06,-2.09552195345785e-07,3.84645384537751e-05,-1.65287022291574e-07,2.69324828701632e-05,2.29579802789255e-16,-6.44284239887222e-05,-1.10657684721452e-05,-6.75841662954381e-11,-5.79587887854017e-07,8.39961190130288e-07,-5.17255117126739e-07,-1.46417390985961e-07,1.64656889692006e-08,-7.33628597670826e-07,2.77204372227287e-05,1.01695338698007e-05,-7.78022092757936e-08,4.14437255385241e-05,-0.000138850165681425,3.73162393669047e-06,-0.000113852041290716,9.38139249476232e-07,1.63795472792703e-06,2.52740822008635e-08,6.77744199847514e-05,-8.81869028799771e-06,3.90343499639373e-08,-1.22389852906956e-05,1.43558265862853e-06,-5.21591004853112e-06,3.82650274089512e-06,3.40646040990549e-05,1.72814109172153e-06,-5.49036847662574e-07,-3.58369399121039e-06,3.64136968548521e-07,-1.68731587962462e-06,4.70771876643658e-06,1.8940109290839e-05,-0.000147091435164483,-2.97858055203882e-17,2.80135076589834e-07,1.53541060879491e-06,-1.51970674178614e-07,8.11758311008013e-05,8.71509452497307e-08,2.13168606781304e-05,8.50805640729685e-05,-6.65282967689122e-06,2.90124833905086e-05,2.11892114625367e-16,-0.000392106996824796,-1.77086114223942e-08,-7.94893718502951e-06,3.36794906913915e-07,6.50251010583703e-06,-4.42171235814123e-06,-7.67538709461784e-05,2.12432042642205e-05,-2.31861547166636e-06,0.000161491683907744,-5.57861716519209e-07,-5.57988361582548e-05,-7.67009740814082e-08,-1.1883306970682e-08,-0.000170771326541373,9.90506057989356e-07,-0.00114858097210314,2.13664038742237e-16,-7.41187918419337e-06,6.43430074820741e-07,1.85628204253556e-08,2.39793159603709e-07,-0.000392520558694831,-0.128539953925174,-2.81253549700067e-05,8.49974769328109e-05,2.88325100078596e-05,-1.5633936306921e-15,0.000353267542421022,1.11147288683639e-06,0.000479842039408782,-8.94404782092692e-15,-4.10072978644786e-05,-5.038289748839e-06,7.68696523125622e-07,0.00167888041065419,7.84443732583982e-05,0.000251670887441777,1.23574028275962e-05,-0.000207069160237784,-2.37622274197541e-06,-1.21827417549984e-07,-2.46397930038833e-05,-7.41815866654772e-07,-8.60184657397631e-17,2.32352383170478e-07,-8.27612287630681e-06,-3.29071100002896e-06,1.84023719192585e-05,1.06621691007963e-16,2.97955068193608e-07,-4.32272615088461e-08,4.43232909301107e-06,6.04653257948438e-08,2.07522880262364e-05,-1.8304965964888e-07,2.07126795562048e-06,-7.60651628091297e-06,-8.73338095776325e-17,-1.95193577398539e-05,8.97392054313413e-08,-2.44228045777127e-07,-2.39468916652339e-05,3.12532083859526e-08,6.6753609354669e-08,-3.6949610038306e-16,-2.55899129588984e-16,5.18605571326428e-08,3.02159496877428e-08,-3.91197776669379e-09,3.76352566310412e-06,-7.61201213618729e-16,2.15319918895845e-06,2.12326213324761e-08,3.11334801279201e-16,4.3594289357255e-17,-7.87609769550045e-17,-1.21300992067573e-06,-2.86430027375196e-08,1.5564737145576e-08,-9.46187554145481e-08,-7.37404989290532e-09,8.46769397503546e-09,-4.14769088091701e-09,-6.50350084884725e-17,-2.60719782728972e-09,8.86111923296209e-09,-8.27210223317043e-17,6.64480686935462e-16,-8.96616864438803e-09,-5.60564865487317e-10,-6.30517521724e-09,1.68331349529939e-06,7.21977442931325e-09,-2.93624713112044e-07,4.81169590882484e-16,-1.05467029601709e-07,6.6242629236063e-17,-2.09966093954372e-05,5.27735407457319e-17,-8.90725149354310e-09,1.03866605816183e-17,3.83246778709436e-08,1.01752455547659e-08,2.91807944564167e-06,6.96093371884896e-07,3.09696676661262e-08,-3.66748909443033e-09,2.38357107378654e-08,9.41593500105904e-09,4.51420069027625e-06,1.52631354227399e-07,9.13302661681045e-09,-2.65576972489357e-08,-4.9666740834566e-06,-6.99117654532791e-07,-1.33447454651758e-08,-3.84260541503523e-16,1.28228409590053e-07,-2.26212207951832e-08,1.23925205155661e-08,8.53585872931573e-17,2.33944088961075e-07,6.80775029947726e-07,2.19842185925993e-07,-6.95050014422876e-17,-5.3507309329648e-08,-3.06518638549604e-06,1.86580711284312e-16,-3.84782578480955e-08,8.97328794931291e-08,-3.56376063546977e-16,-3.00208330153785e-16,-3.35403265652638e-09,-1.89759016858328e-06,-1.08797704134854e-08,-1.52057303225317e-05,4.3131383802109e-07,1.13900915564128e-08,1.98906533211948e-06,1.04590873469354e-07,-2.71694347144485e-06,2.04458845687316e-15,5.19559894393442e-10,3.83139653384113e-08,1.1326380455606e-07,0.000296699500932499,-1.37143348337017e-16,4.43003036603242e-16,1.14330763322436e-06,7.62373420662226e-17,-2.29035038970337e-15,1.35234801787431e-07,-2.00102471952457e-07,-3.74676686271436e-08,-1.23958023828865e-06,9.70553529744651e-07,2.53603585623417e-07,3.24669045727262e-07,1.51085829597138e-16,2.96055143284592e-06,8.14649029342212e-08,6.36414210695586e-07,-3.58254943684372e-08,1.42392276094288e-07,-2.20428357194505e-16,1.5128825847982e-16,7.2807632986206e-16,-1.32169950826412e-06,-6.04258696203476e-09,-3.91792208583268e-07,9.70754325314316e-16,-4.64331838556884e-09,6.34064058237952e-16,-1.7337653122049e-16,7.64796896023707e-07,-1.91496146245118e-07,-9.90418684565508e-16,-1.58111053599971e-06,-2.13241702980905e-08,2.85556176032061e-15,4.82154286819001e-08,-4.88464172959851e-16,1.0369959680094e-05,3.37331932861642e-16,1.03398324191369e-05,1.46105948319601e-07,5.30382344683353e-09,8.90629532848557e-07,6.11345184668983e-06,-1.70831029849394e-08,5.2168106377852e-07,-1.76768668805145e-16,3.0527638739456e-07,-1.72075121322898e-08,3.17647046737695e-16,-2.26274219816255e-09,-4.59424238960089e-08,1.06356327727146e-08,-2.41855243140345e-16,3.36128049826926e-08,4.43043730426185e-08,-1.217664026113e-16,-1.22336179510364e-06,-9.26230951268527e-07,-1.25169948461506e-09,-2.57342908586703e-16,-9.1927241657508e-16,2.17252143248375e-08,1.16188834983218e-06,3.19779918131808e-07,-7.65275923651474e-09,6.0223259788392e-07,8.48465456723692e-16,6.63603601040023e-16,7.35122206136448e-06,3.79096177593521e-09,-5.93235697088592e-16,5.0066060638578e-06,-5.77293139850613e-16,1.40276221963632e-08,-2.20376068584864e-07,-2.9314734097009e-07,-1.89842464245163e-06,8.30400262172094e-17,-4.386477435647e-16,4.18465875823587e-16,-7.90806028315464e-16,-1.04603629784884e-09,-3.46899311171335e-09,-1.25653803852053e-15,-1.59002075010225e-15,5.21822450973773e-16,3.96492790375015e-09,3.15091921717361e-11,-9.94970023027743e-10,-4.08826560935859e-16,-3.29924076340055e-15,-2.99456640040496e-16,2.05279389943981e-07,-6.82911156650581e-09,1.38002976161725e-16,-3.14572787884343e-09,1.32821106693521e-07,-6.8593086647008e-16,-1.95024022116374e-15,0.105542349213656,-1.5148361525581e-08,-5.90896221092535e-05,-1.78114364883861e-15,5.22465413051235e-08,6.8206414133526e-07,5.93199677808306e-07,-1.79986983444328e-06,-1.01907437525096e-07,1.52760946898839e-09,-1.12596759454682e-15,4.10720604131335e-15,2.36788231917818e-15,1.76821712590384e-08,-1.58410626420982e-08,-5.61482251234269e-07,-8.999858650031e-10,-5.01116796626837e-15,2.55582592495038e-14,-3.55582594156193e-15,8.73598612227213e-15,8.67114242798994e-15,-8.07466746269417e-08,9.53517635424351e-16,-1.73854586841608e-15,6.51950471166326e-05,-1.23510755526074e-13,0.862750168611635,-1.50378318985359e-13,-2.64276346718711e-05,2.06386692277077e-14,-2.34960472047752e-06,-4.38148100027281e-07,-1.97265212552864e-07,9.11719970019629e-15,0.000199035034621769,-7.00268970813972e-16,8.01386083013682e-07,-1.1181575955639e-07,6.16126105330353e-10,3.9307389147171e-15,3.27101221977847e-06,-1.67582602148233e-15,-2.2467652914393e-07,-1.14461257560209e-07,-6.00641434092899e-16,1.53231075361237e-15,1.42740752604833e-15,-1.48004586167805e-16,-1.68321432044765e-08,-2.86569089071905e-06,-1.86727442035138e-07,-8.05756126069134e-17,-7.6963455661126e-16,-1.09088473036791e-08,8.88681943559018e-08,1.36892184402589e-16,-1.23111744369426e-15,-1.71448185953496e-07,-5.89339337573524e-16,-3.30183145170855e-06,-1.25254201789128e-15,2.97673912338169e-07,1.45027006991383e-15,8.6748825220497e-16,5.62906131742327e-16,1.89380688693393e-15,1.00590353778738e-15,-3.25416296021254e-15,5.57209553245953e-09,-3.89574018464949e-08,-5.42189333501114e-16,-2.56660789771595e-08,1.07507066469743e-06,1.06200089034548e-15,5.15938594989767e-16,3.01036342375602e-17,-2.26469371413985e-15,9.76067242760263e-07,2.63889680321733e-07,5.47021522603697e-16,1.11584121328548e-16,-1.89198045539976e-07,-6.10910796598888e-08,-9.23824400540843e-10,7.44021031949311e-17,3.25253807494911e-16,-1.6461595297886e-16,-1.10328743063957e-16,7.87153512163236e-16,-6.89098721269794e-16,6.18009057079815e-06,-1.26023550202758e-06,-3.80532861292068e-06,-1.32442236043699e-16,2.14940288291265e-15,4.78358004668422e-16,6.56854843348254e-16,1.12878607679894e-15,-1.3602069817081e-16,2.13778967915101e-15,-5.75979561246186e-16,1.47319325945521e-16,2.84574592494099e-16,-5.33553696653266e-16,2.98195558148914e-16,-3.08867550964233e-16,4.06588999940026e-16,3.46420388196462e-09,-4.05076268565391e-16,-8.7171810718488e-18,3.19608937156345e-17,4.89361867474609e-08,-6.04893475844467e-08,-3.79355587595014e-16,-1.2620308854391e-09,4.4582959183386e-08,-2.09892334110788e-16,4.28298146619344e-16,-8.57287168538238e-08,-1.29181931546495e-15,1.09117723318246e-09,-1.56205718929171e-16,1.11064548716696e-16,1.21702018562109e-16,-8.30224077926084e-16,1.08988660631424e-07,-1.45913625067344e-07,-2.34418785941944e-17,5.95357551451999e-16,4.63565402362108e-17,-8.30661627739217e-16,-1.67834496300756e-16,2.29404574135908e-16,-1.03080180831938e-17,-5.2756967715644e-16,1.73447648403068e-09,-1.68759323502502e-16,1.46956965272882e-16,-1.84122061715822e-17,2.13391698148685e-16,3.03200835919533e-16,9.03797181259746e-16,-3.76319106324598e-07,3.5472139651825e-16,-1.30580211417863e-16,2.54478439555323e-08,-9.00847736643182e-17,4.29542313699492e-16,-2.5614411857544e-16,1.68636844219138e-16,2.11392106412723e-08,-1.69682580211724e-16,-1.59440192501125e-06,1.80337956108805e-16,2.3826036771372e-16,-4.55824196695561e-16,6.53243032109068e-16,-8.26484032937412e-17,-1.68249958557412e-16,2.52285243112219e-08,-6.3723371754712e-17,1.13678661192045e-16,3.18272320592081e-09,-3.14593504163815e-06,-1.86799323105832e-16,5.41055531880678e-07,1.24500383823916e-06,1.12124300218562e-16,6.5474429192832e-16,-1.15972300152588e-16,1.03875414462177e-16,-2.75317931472559e-16,-2.08288421136509e-06,-4.88711344461275e-16,3.61223922133371e-17,-3.02428840033513e-16,1.52706492282709e-05,-1.27057627173794e-16,-3.71606671851234e-17,7.85691780052266e-16,-4.55342848439141e-17,-3.79116148962401e-07,5.5899724618955e-18,6.60031201929777e-10,1.09201258997903e-16,1.40821204086677e-16,1.03770044044415e-16,1.17014054493616e-16,2.90274502214931e-16,5.34281737349209e-16,-9.65108802011219e-18,-1.14377210637694e-08,1.45721752610177e-16,-4.1651777451631e-16,4.80718960956046e-09,-3.23659283471086e-17,-1.76535147370986e-16,-2.9231837498761e-16,-2.48046289755175e-16,-1.14231867151451e-16,-5.2452969032502e-17,-3.48202929000175e-08,-4.46131533540433e-16,-8.85943375142447e-17,1.03649370931316e-08,-2.73978310524851e-16,-4.77029723535854e-17,7.3037378788185e-17,9.16454217609995e-17,-1.086884480895e-16,2.51834263718223e-16,3.71507532290644e-16,-7.26378675602174e-17,-7.46835573741264e-17,-3.60674956597956e-16,-4.8098844105676e-16,-5.43177737926895e-09,1.80099146587807e-08,3.13476182691139e-16,3.85602328461417e-17,2.83808266694042e-16,1.11812189020468e-16,1.07878116162308e-17,-2.08195090082149e-17,1.68851171991997e-16,6.64151043278781e-16,-1.715664912029e-08,-4.60875245668001e-16,1.11660347167879e-16,-9.08100638434858e-17,-2.13221816310955e-16,1.99649416480213e-09,1.36911806727427e-16,-3.16474148118822e-10,-5.52263427686038e-17,-1.06947802016839e-16,-2.85356517692356e-16,-1.2690694362958e-16,-1.86261392867956e-18,-1.26800784811643e-16,9.76872815465986e-17,3.05190544952019e-17,4.96528315549098e-17,-4.3621017495547e-17,1.81246168483612e-17,-7.71885676738187e-17,-1.61678212286956e-17,1.32250268345191e-16,2.04299383205787e-16,9.22721669265857e-17,1.78470827105182e-16,-3.17151935888932e-16,3.21494399102389e-17,-2.31722672534297e-16,4.91252004353182e-16,1.46445259769941e-16,2.82542046510455e-16,-1.89193793460424e-16,5.00965589081841e-17,2.58753934922349e-08,-5.09097167341151e-17,3.80520971519577e-17,-4.79540320070227e-17,9.88970648257883e-16,-2.8234287332117e-16,-7.02940800172939e-18,1.15045590689326e-16,2.6558671473024e-16,2.43613066157725e-17,2.67987693091081e-18,-4.01154803819637e-17,1.15069762232344e-16,7.56129512688196e-18,2.44487092679612e-16,2.90136969581828e-17,1.3014469424197e-16,-4.31936496305177e-16,-1.96670482319563e-07,1.36124088974002e-16,1.33881475328522e-16,2.09273130385651e-16,-3.81720236597368e-16,-1.6742827398516e-16,-1.76600026627113e-16,1.24479531585528e-16,-1.89354986667852e-16,1.10015355492492e-17,4.50992327280997e-09,-2.34840356316597e-16,7.83020833308848e-17,-3.49807301441021e-17,-3.03088458783961e-16,-2.15297822202231e-16,-1.91367526048387e-16,-1.33037412027258e-16,4.51092226618379e-17,2.59396801663001e-16,-6.63500574775527e-17,-1.12245164399414e-16,-1.0669811752939e-16,-2.04220745989605e-16,0.00038687000483233,6.28940367086636e-17,-1.68443236727669e-16,-1.68821897435739e-16,-2.40692882291782e-16,-6.23886989952868e-09,6.44240322069391e-17,2.59720068048737e-16,-2.70890362346347e-16,-5.1330125722743e-17,-3.8820246303863e-16,2.5454485701013e-16,-1.39913540505999e-19,2.48771758170721e-17,-1.86455638663658e-16,-2.82409890085721e-17,-2.14962264607382e-17,4.33655248833216e-17,-1.23390170806115e-16,-2.49934947385213e-17,-1.22509205505201e-16,1.76684256353102e-16,-2.12100154472913e-16
"t687",0.0339443948302807,-0.00934533191189092,-0.0101712885552917,0.000564464625966487,0.00488935874341656,-0.0123688382875529,-0.00172598535300396,-3.52860221317711e-06,-0.0279238201078514,-0.0107966206823731,0.0576078216382477,0.000437978316975142,-0.000659780251032564,-0.000116432807017623,-0.00127807326586664,-3.86366426799648e-05,-4.64612597451439e-05,7.72321534935527e-06,0.00493193280451618,0.00419682278117453,1.28358236125453e-05,-0.000105982422642785,0.0853824723724314,0.00292349918914053,-0.000232677755820075,-0.0107748166416433,0.210198425169618,0.00272630549421922,-0.00638989745269322,0.00871611574217718,0.00198049325502911,-0.0245843553207181,-9.38452680783767e-06,0.00737769899891392,-0.00744690318804304,-0.000657103790056432,-2.40325675948952e-05,5.82052041291549e-05,0.0105259730791695,0.0137901100568377,0.000153464522962903,-0.00777294343422457,8.18047483602191e-06,-0.000588559499460677,3.15867178936951e-05,-9.62261400563081e-06,1.97117401020093e-06,-3.13709625231279e-05,0.00409846233828548,-0.00725386721084477,8.31750974776958e-06,-1.7459157422321e-05,0.259846531249012,-4.75882467200397e-06,0.000462039334065877,-0.000356799664113667,0.000167314338056949,-0.000202544025878043,0.00176292961288825,-2.86686075259048e-06,-2.64976147293075e-06,0.000136555043862822,-7.98029992886816e-05,5.93870447052166e-05,-0.00107125170662408,1.11700661803472e-05,-6.8841089436743e-05,0.000207844195996607,-4.99488507045107e-05,0.000222886622636587,-1.81652329966275e-06,4.69718241436975e-06,-1.60772281898038e-05,-1.02332056860185e-05,4.29136975843409e-06,3.61600433788366e-06,-3.68399252920476e-05,5.38747654899116e-06,-0.00241639756684334,-0.000148487890474246,9.93379485384352e-06,0.000772498867461164,-0.00183852956315936,-2.65714329274318e-05,0.000239926731303764,6.27527689597551e-05,-9.56195979036144e-06,-0.000163945360174083,-3.06565769286698e-07,1.23269575115622e-05,-0.000124293903084995,6.79197351251618e-08,4.67932356348287e-05,-4.04385747028469e-05,-7.93033133822698e-06,-9.24182696015898e-06,-1.08590932095202e-06,5.72735012211596e-06,-6.40543525709595e-05,-0.00131839351729234,-2.79953536806875e-05,1.86008556857371e-07,-3.91510379531138e-05,4.41698437137829e-05,-8.57451779887265e-05,1.49621028374792e-06,-0.000479475625608752,7.05182424005734e-07,-0.00309101077029739,7.70972269958426e-08,3.21404594718486e-06,8.43228243870415e-06,-2.6365280179572e-06,2.84118700631147e-06,-2.94606835680986e-06,3.35069981731101e-06,-0.000600882398258943,0.000601316764131828,-4.96656953455604e-05,1.71901805501406e-05,-9.64324398781528e-06,1.84449282781312e-05,-0.000256732266481607,-0.000254250512018524,1.24131888504869e-06,-2.53767036646471e-05,2.6278233902343e-06,-6.11849831839301e-05,5.32052665050451e-05,0.00185008146650015,1.36118095038672e-05,-5.2328895914267e-05,4.79132168329844e-06,0.00170265016755132,-8.41069819916196e-08,5.59038528561191e-05,-0.000155679716188594,-5.51570755695993e-06,0.000425471765945325,-0.000116036070122133,-0.000631362469616617,-8.72602108515806e-06,8.97638959349842e-05,5.66468918538203e-06,3.26712406800874e-08,-0.000153235165699878,-2.53390939718736e-06,0.000208792597938294,1.32095884807505e-05,-1.2306457619495e-06,-1.51542224986767e-06,-7.7548015084142e-05,-1.0695018825611e-06,0.000259473820242086,-7.76192946836833e-07,-1.45543115538249e-05,8.95275965018887e-05,-9.01426564024055e-06,-5.28514609370869e-05,-7.36010140732055e-06,-7.18207832490608e-06,1.04946967327461e-06,-0.000140188597222595,-1.06909788698062e-05,7.43971831601157e-06,-5.46626037174428e-06,0.0108517710654315,0.000127753176496889,0.011595263571643,-1.48121357976735e-05,8.93153073243272e-06,1.38379003066538e-06,-1.77814991628128e-08,1.43526320582298e-06,2.00351626605072e-07,4.76403228664338e-07,2.22906993296037e-08,-1.51083139720886e-06,-7.91196948983986e-05,-9.0869618549453e-06,3.78043696201063e-05,1.1259319213778e-05,-2.4606461631811e-06,-1.03251058018251e-08,-3.32855754263645e-07,-1.93645844053633e-07,-0.00202316612820997,0.000925971493783369,0.00479543351688425,1.77138665672772e-05,6.03796358377422e-06,1.06086710427302e-05,4.6385296846945e-06,8.27406127740151e-10,8.93386076710278e-08,-2.05053448628757e-05,-1.32811921551544e-05,-2.20907622401977e-07,2.42621063173498e-05,4.64803045375067e-06,8.42576058139791e-05,1.56340153452171e-05,-5.45669988291173e-07,-6.90055088887648e-07,-7.87397345715464e-05,-3.6393440247648e-06,4.97721606424753e-05,2.63058873666792e-06,-0.000140805845572954,-2.95393199507326e-08,-0.000564332045426249,-3.53181256400864e-06,-7.50966015002732e-06,-0.000204265084570341,3.26303745174971e-08,-5.48025866166838e-07,1.55927076622596e-07,9.88287983240936e-08,-4.6567005746143e-05,-1.08866113973446e-05,-4.95158232691193e-06,5.72874099381672e-06,1.25339523467918e-06,5.28141097914072e-06,-1.54117827148392e-05,-8.76183276571111e-07,-8.2920013553096e-05,-4.57434240658553e-07,-0.000169938883945765,-3.09254772611595e-05,1.66144590450139e-06,3.41413654647927e-07,1.03202399817277e-05,3.79896200326076e-06,-1.37553708385497e-05,-3.79644005991869e-08,-1.65039008816243e-05,5.29901177868089e-17,-1.5274585799662e-07,2.17364239097793e-06,-4.30943431368347e-07,-1.08524323794185e-06,-1.43548808554678e-05,1.98307333647455e-07,-2.72146360939364e-06,1.20525435824425e-06,-3.98999706380125e-06,1.48374673348545e-07,-3.00088107355673e-07,0.000124222401186992,-8.406756676716e-08,9.5002699134108e-06,-0.00235264456043093,1.94954586016357e-08,-1.13865729979611e-09,4.66038571047374e-08,-1.90429431746824e-08,2.60406202884139e-07,-1.21555741864167e-05,6.53043827789689e-06,-2.07344761352416e-06,0.000317913362683019,-8.75547856950172e-05,1.03226937035111e-05,-0.338243326912233,-0.000658743111640221,9.03953385881924e-08,0.000774731449908167,3.70097285280541e-06,2.6243056179087e-05,6.62824460548899e-08,-0.000113289514564694,1.59737028319491e-06,-1.41074725169631e-06,2.18532296711972e-06,-4.16010700821882e-06,3.13252471707551e-06,-2.24009356426249e-07,4.11528655298313e-05,-1.76882568693332e-07,2.88275174758733e-05,3.26910313504801e-17,-6.90080885816252e-05,-1.18533899822887e-05,-7.24155100946995e-11,-6.21447028259299e-07,9.01158826320749e-07,-5.55097689397857e-07,-1.57151301467506e-07,1.77048838864816e-08,-7.88933835949321e-07,2.98111157787304e-05,1.09424130253093e-05,-8.38442398711645e-08,4.46741941666702e-05,-0.000149701299326191,4.02574093391548e-06,-0.000123119298837437,1.01553170371029e-06,1.77318435928684e-06,2.73611968164896e-08,7.35584101656679e-05,-9.6001580856312e-06,4.25099352757217e-08,-1.33363657508695e-05,1.56539367654686e-06,-5.68877737546626e-06,4.18097835074613e-06,3.72253658126132e-05,1.88896778020631e-06,-6.00235956583066e-07,-3.92011803232448e-06,3.98573394837224e-07,-1.84797404970766e-06,5.15729655073681e-06,2.07579659148948e-05,-0.000161360941993206,-8.74704490270632e-17,3.0912172078707e-07,1.69530075221664e-06,-1.6794736456497e-07,8.97122515318592e-05,9.63184259990502e-08,2.35644211216277e-05,9.40904989333141e-05,-7.36103263115783e-06,3.21336311455885e-05,9.66902539092881e-17,-0.000435316816577438,-1.9665902613193e-08,-8.83312889849708e-06,3.74286381149406e-07,7.2378150530526e-06,-4.92605628283391e-06,-8.56156394798407e-05,2.37164352404328e-05,-2.59345677768661e-06,0.000180952062657284,-6.25793845292477e-07,-6.26337076176347e-05,-8.61305633805339e-08,-1.33537449174609e-08,-0.000191917636697167,1.11372312349336e-06,-0.00129197214556724,4.91722960583035e-16,-8.36204402335189e-06,7.26367642096934e-07,2.0955680333319e-08,2.71187831960517e-07,-0.000444031451215889,-0.145896887992659,-3.19540557218287e-05,9.65866765969665e-05,3.27875962756359e-05,-1.68225015006421e-15,0.00040206201050615,1.26538737050493e-06,0.00054692880031611,-9.86724638942789e-15,-4.68001442381221e-05,-5.7517541343762e-06,8.77687983589265e-07,0.00191754608109232,8.96446792892478e-05,0.000287722573427734,1.41321390472687e-05,-0.000237034514053695,-2.72039980656092e-06,-1.3956542356859e-07,-2.82603625015855e-05,-8.5086920937051e-07,-2.23877549361422e-17,2.67127600292111e-07,-9.51863270423465e-06,-3.7881442028679e-06,2.12131158710934e-05,-2.86833196121919e-16,3.44489499179545e-07,-5.01488262025294e-08,5.15000818205337e-06,7.0306851782526e-08,2.41510897079117e-05,-2.13377176605035e-07,2.42089706989604e-06,-8.95072069323989e-06,2.99257135826935e-16,-2.31100033702412e-05,1.06304583445666e-07,-2.89639814534645e-07,-2.84445884273042e-05,3.7127704174642e-08,7.93365858197359e-08,3.55618312575245e-17,1.94039069213398e-16,6.17970418951035e-08,3.60879003334058e-08,-4.6735431367795e-09,4.5055337516456e-06,-1.07480393263618e-15,2.58962983425081e-06,2.55893381264591e-08,-6.06269593860228e-17,-4.71220609558876e-18,1.96036368597891e-16,-1.47162358150718e-06,-3.4779522753411e-08,1.89558779174984e-08,-1.15529243591749e-07,-9.00641360660746e-09,1.03708026600867e-08,-5.08151370053339e-09,1.82482542775161e-16,-3.21248525882899e-09,1.09406759954945e-08,2.34052169828299e-16,-1.01077981198496e-16,-1.1161408010782e-08,-6.99220610077316e-10,-7.8862491566013e-09,2.10931018436717e-06,9.07931436768323e-09,-3.6946657308331e-07,-1.37557244392728e-15,-1.32814751353618e-07,-2.26588414359471e-16,-2.65023482449919e-05,-6.89552581700781e-17,-1.12622647773435e-08,-9.79509582225835e-17,4.85643846208574e-08,1.28996782078259e-08,3.72168858483009e-06,8.88944615559181e-07,3.9571303508316e-08,-4.69729901141891e-09,3.0592490830601e-08,1.21447124399043e-08,5.82269194273625e-06,1.97175278487812e-07,1.18318757858429e-08,-3.45381017190904e-08,-6.48034540366457e-06,-9.14571227170385e-07,-1.74799583703719e-08,1.4917889197427e-16,1.68646290952274e-07,-2.98698858817561e-08,1.65546889477062e-08,-3.08890471701816e-17,3.1360271273177e-07,9.17456934313146e-07,2.96958972245628e-07,-5.61110827962623e-16,-7.23633426623598e-08,-4.16534877844352e-06,-4.61991860758184e-16,-5.2414768550605e-08,1.2407821166313e-07,1.47938447576849e-16,2.82533987069248e-16,-4.66627837364165e-09,-2.64148276381812e-06,-1.51847090840424e-08,-2.12887684035321e-05,6.08234504254277e-07,1.60723806277334e-08,2.80926541927196e-06,1.49207202163925e-07,-3.90900709866062e-06,3.98769559040169e-16,7.4998196790723e-10,5.53375134828086e-08,1.63918187640572e-07,0.000430440507275755,-4.7001328818268e-17,-2.25152348510323e-17,1.66429159225977e-06,-3.67600798938669e-16,-3.23313592269502e-15,2.01323203808961e-07,-2.9911230918639e-07,-5.60113599082218e-08,-1.87018048392537e-06,1.46615544390861e-06,3.83207757201495e-07,4.91459129649834e-07,-5.52306209442438e-17,4.57021311533391e-06,1.26311231613133e-07,9.88208328907805e-07,-5.6044267626836e-08,2.25932944124586e-07,3.61824878854991e-17,3.47135871993807e-16,3.12039964210506e-16,-2.14355891255675e-06,-9.89918246282288e-09,-6.42350265966959e-07,-2.84267482931418e-16,-7.69030065844974e-09,-5.88263014134118e-16,2.46092141860913e-16,1.33110209667441e-06,-3.33519609176247e-07,3.64291929955129e-16,-2.79163814253978e-06,-3.79628492019938e-08,-1.02573504709061e-15,8.7366757107659e-08,6.1417088810911e-17,1.92230331717369e-05,-3.62519494292453e-18,1.92080591827582e-05,2.71868634024088e-07,9.88780348231371e-09,1.66478417820446e-06,1.14966445925393e-05,-3.28990741973231e-08,1.041941515838e-06,1.95367992460875e-17,6.42003385046721e-07,-3.64047934017625e-08,-7.83822589279923e-16,-4.82613873011604e-09,-9.94962016254504e-08,2.33653374290592e-08,-8.54073109888268e-18,7.78838407096164e-08,1.0384040687871e-07,-3.11416661199113e-16,-2.91284009013556e-06,-2.22307835592588e-06,-3.09921079697603e-09,-3.34887742194545e-17,2.95819289063765e-16,5.85039329658332e-08,3.26022155625811e-06,9.0530919029467e-07,-2.75296589152937e-08,2.28068817969705e-06,-8.85904697690076e-16,-9.47748094286854e-16,2.89266037017229e-05,1.499250984133e-08,-4.88160797209764e-16,2.12649290181562e-05,3.63981085898386e-16,6.43991016815431e-08,-1.14598816297271e-06,-1.5394325160296e-06,-1.03758492638377e-05,-7.57423225978573e-17,-2.59436949574869e-16,-4.53539164345086e-16,1.00228378400271e-15,-9.58723436240725e-09,-3.38610555756385e-08,1.60221183272626e-16,-1.12462755262832e-15,4.60089829112133e-16,5.11542028080142e-08,4.7541798600637e-10,-2.90070927349349e-08,1.32712848070049e-15,5.41903219346274e-15,-2.26034468919778e-15,-2.20876089762747e-06,6.97405993751866e-08,-8.86126759317453e-16,1.99399637679444e-08,-7.22620369492056e-07,5.41820781118982e-15,1.11692372875236e-14,-0.421883630194595,5.92156285314721e-08,0.000197728032620653,-2.52282356257203e-15,-1.38282098108539e-07,-1.6024225171365e-06,-1.19075542141642e-06,2.94989564825572e-06,1.5845677682469e-07,-2.15552360354072e-09,3.27953510450647e-16,3.38799789594243e-16,6.24057349284758e-16,-1.45839140940901e-08,1.29578722628683e-08,4.2867012663232e-07,4.78018429847291e-10,2.22030361124661e-15,-7.85865618326069e-15,1.20819868739371e-15,-1.93888809070208e-15,-1.63897291775072e-15,2.7869900867698e-08,-9.9927906967976e-18,1.21007372294894e-15,-1.85119799073373e-05,3.47759903666538e-14,-0.242291742942642,4.26797839121055e-14,7.28429741355299e-06,-6.76177664452844e-15,4.29203209346188e-07,7.11887470882852e-08,2.62143627762294e-08,-2.80102851542388e-15,-1.95925624952843e-05,-4.25767611666889e-16,-2.37991736600859e-08,-5.37776626939136e-09,3.15545625620981e-11,-1.90934399505899e-15,2.59479551103385e-07,2.26198223350412e-17,-2.70999377135988e-08,-1.40272243221701e-08,1.42786891804909e-15,8.68243893032613e-16,-1.6088684489694e-15,-1.26331104800964e-15,-2.58955300626538e-09,-4.63541595227896e-07,-3.18861654059892e-08,-1.51998510288536e-15,3.90808456257065e-16,-2.30570488711154e-09,1.89355564023802e-08,1.10378351849303e-15,5.22815024275175e-16,-4.42889469026332e-08,-6.91563035956757e-16,-8.82667253370288e-07,8.17592003841379e-16,8.69894732542032e-08,-1.9271055060367e-15,-9.27046264247254e-16,-5.24264264052684e-16,1.91089494902007e-15,-6.35641910292427e-16,-5.36732797095414e-15,1.88330170951834e-09,-1.31889333933728e-08,5.30203900676901e-15,-9.06397204791774e-09,3.86025641647399e-07,2.90151320647305e-15,6.0038214727843e-16,-5.88311364172673e-15,3.87655556784003e-15,3.74230780771478e-07,1.02607039865509e-07,-7.58258899149055e-16,9.14665732007658e-16,-7.46865971053925e-08,-2.41625486643555e-08,-3.67752273778237e-10,6.62924776206781e-16,6.08546572780135e-15,-3.69892770149382e-15,3.63912532854097e-15,2.11213752629832e-15,-1.83964868235377e-14,2.70017116020968e-06,-5.54879573920364e-07,-1.68811938991564e-06,3.14142332976624e-14,-0.707106781186548,-3.6970629530148e-14,-2.35738827407796e-14,2.9355697145689e-14,-1.00353139938809e-14,-2.74269263719507e-14,-1.82372946188827e-15,-8.83206704201344e-15,-3.37890088846652e-16,4.29799167229304e-15,2.58732453316482e-15,5.25773505696814e-15,-1.49170488902918e-15,1.71245854279411e-09,2.09490231758246e-15,1.82048269914969e-16,-3.43209187806933e-16,2.44871429319101e-08,-3.03516081738442e-08,1.01792367195806e-15,-6.34322735502165e-10,2.27290000367559e-08,2.69337246704673e-15,-4.14038977650692e-16,-4.44500406428427e-08,-1.05334095817034e-15,5.76947668517839e-10,-1.1004327403863e-15,4.33856554915978e-16,-3.41828589461197e-15,-1.31561237580576e-15,5.92931489430245e-08,-7.95278356602285e-08,4.16382383796988e-16,-4.87221561515294e-16,-1.28175166796449e-15,9.24099973447577e-16,-1.52975505526842e-15,-1.03936597963665e-15,1.24029027460995e-15,1.07532283849192e-15,1.02619530427983e-09,2.23908582054126e-16,3.54914733410909e-16,2.85719894020724e-16,5.57413964837119e-16,-1.08432656763116e-15,2.33715946387698e-16,-2.25986792936697e-07,1.88979702468824e-16,1.48092707289357e-15,1.53224927700007e-08,-3.46756747129975e-16,-1.09084671857406e-15,7.50463325894088e-16,-1.03090334521641e-15,1.31057649627806e-08,3.05166907622827e-16,-9.93337384867977e-07,8.47620954091677e-16,-7.08428246816392e-16,9.64513242486723e-16,-1.16301223548041e-15,-1.28636560065475e-16,-4.79808397955744e-16,1.58708170397275e-08,-5.12641921726551e-17,8.29253147459319e-16,2.01662152299044e-09,-1.99402323739591e-06,1.33396681687676e-18,3.45008977266322e-07,7.95360143815884e-07,4.65725880201919e-16,2.08144633826133e-17,1.3904965807264e-16,-1.82099201326109e-16,-4.1576331817534e-16,-1.3653935435195e-06,6.89185632731485e-16,4.90526228951941e-16,-7.75908291436273e-16,1.0072499252934e-05,5.28171393353838e-16,-1.59691598873042e-16,-1.83286969847504e-16,-4.98895066048327e-16,-2.52053338182082e-07,1.09235531709426e-16,4.39867361165934e-10,-1.22622973954883e-16,-4.72167384657007e-17,1.30716978547922e-15,-1.51974826954418e-16,-2.57194790243586e-16,-1.06922553519585e-15,-5.28744851762205e-17,-7.7161458301363e-09,2.70259801010564e-16,8.37498798886418e-17,3.25252896945836e-09,1.09641213836085e-16,-7.74489490122479e-17,-2.20900354542279e-16,3.46737910743975e-17,-7.19168609759948e-17,-1.03792765278885e-16,-2.3770329459935e-08,3.35261480588852e-16,1.3974921990148e-16,7.10314321451212e-09,3.2964730906527e-16,4.17586435412984e-16,3.01215723961186e-16,6.05692076776405e-17,4.74807536971458e-16,-1.07111511661448e-16,1.86748443879447e-17,-1.0386428970195e-16,-5.16620963017019e-16,1.14679181354228e-16,1.17248371113655e-16,-3.7736590011388e-09,1.2531941509098e-08,-7.77927639463996e-16,3.99392471543386e-16,4.05695254140191e-17,-1.33555777397704e-16,4.31295624214734e-16,-1.90886968560973e-16,-4.01636114392659e-16,-4.34199262152094e-16,-1.20345835679583e-08,-2.06660247836147e-16,3.39121917401074e-16,-2.70714869791046e-16,8.16441466904904e-16,1.40968206428697e-09,-1.98891840565549e-16,-2.25057367279459e-10,-2.33309332655062e-16,4.85710270788422e-17,8.26861797730337e-17,1.01585797844167e-16,3.05872122063767e-16,3.28359903434909e-16,1.30600430986089e-16,6.35202038352215e-17,-1.12972716315569e-16,4.93405556460042e-17,2.80983462227407e-16,-3.17009097035163e-16,1.79561057927472e-18,4.77736235714196e-16,-3.5528669341705e-16,2.39712649663732e-17,-5.54515108873082e-17,-7.22668451863084e-17,3.00518078680377e-16,-4.96709380597028e-16,3.93348548177741e-16,-6.12010240174073e-17,8.7762579277633e-18,2.67330506731426e-16,-9.67674755939647e-17,1.88494617816175e-08,2.58643884517879e-16,3.41492879216555e-16,-7.76254563455836e-17,1.38134296052859e-16,-8.47375945091172e-17,9.47193180962054e-17,-7.20328196737816e-17,-3.68847602824552e-16,3.21506369120027e-16,-1.33006816023786e-17,-4.21212544010618e-17,-1.01536910956765e-16,-7.93702775570432e-17,-1.03180578491064e-16,-2.64472560008352e-16,-7.83557792605886e-17,4.77155879022763e-16,-1.4536334215467e-07,-9.21706269116585e-17,-2.0135606841294e-16,3.30625665575251e-16,-2.13548424687592e-16,-1.92938973914404e-16,-1.79651758635356e-16,-1.67535348195953e-16,6.94277496048564e-17,1.19493863197988e-16,3.37935992318007e-09,3.49345733376936e-16,-1.36898898482067e-16,1.30371658130412e-16,2.78043215840757e-16,-1.29620493994459e-17,-1.3504350588137e-16,1.57317027380031e-17,1.48898106069833e-16,-8.62480032561084e-17,-2.34931283057513e-16,-1.77512475743606e-16,-2.13709705119449e-16,1.3911177218578e-16,0.000293569066801897,8.80907746006016e-18,-1.54420906254398e-16,1.81487313091527e-16,-3.81205483845903e-16,-4.76048542099776e-09,2.02897078051681e-16,-4.48343406228075e-17,4.58200295985105e-16,2.17231286089837e-16,4.13087578213168e-16,5.85067483224978e-17,3.07447060907675e-16,5.41546552940564e-17,-2.08028079055969e-16,-2.33623972394482e-16,-1.09088061186618e-17,-1.50856784452759e-16,-1.63824356766189e-16,-4.0248610840356e-17,-5.42158676634862e-17,1.67284514384085e-16,-2.38224274818522e-16
"t443",0.0339443948302807,-0.00934533191189092,-0.0101712885552917,0.000564464625966486,0.00488935874341656,-0.0123688382875529,-0.00172598535300396,-3.52860221317857e-06,-0.0279238201078514,-0.0107966206823731,0.0576078216382477,0.000437978316975147,-0.000659780251032563,-0.000116432807017631,-0.00127807326586665,-3.86366426799642e-05,-4.64612597451315e-05,7.72321534935679e-06,0.00493193280451618,0.00419682278117453,1.2835823612545e-05,-0.000105982422642785,0.0853824723724313,0.00292349918914054,-0.000232677755820046,-0.0107748166416433,0.210198425169618,0.00272630549421921,-0.00638989745269322,0.00871611574217718,0.00198049325502912,-0.0245843553207181,-9.38452680784201e-06,0.00737769899891389,-0.00744690318804303,-0.00065710379005643,-2.40325675948804e-05,5.82052041291569e-05,0.0105259730791695,0.0137901100568377,0.000153464522962904,-0.00777294343422457,8.18047483602091e-06,-0.000588559499460662,3.15867178936988e-05,-9.62261400563175e-06,1.9711740102037e-06,-3.13709625231314e-05,0.00409846233828546,-0.00725386721084477,8.31750974779134e-06,-1.74591574223144e-05,0.259846531249011,-4.7588246719992e-06,0.000462039334065871,-0.00035679966411367,0.000167314338056934,-0.000202544025877999,0.00176292961288824,-2.86686075259428e-06,-2.64976147294259e-06,0.000136555043862799,-7.98029992886894e-05,5.9387044705194e-05,-0.00107125170662407,1.11700661803319e-05,-6.88410894367171e-05,0.000207844195996571,-4.99488507044989e-05,0.00022288662263659,-1.81652329966195e-06,4.69718241437951e-06,-1.60772281898031e-05,-1.02332056860251e-05,4.29136975843473e-06,3.61600433787462e-06,-3.68399252920411e-05,5.38747654894185e-06,-0.00241639756684333,-0.000148487890474219,9.93379485383809e-06,0.000772498867461179,-0.00183852956315934,-2.6571432927426e-05,0.000239926731303762,6.27527689597762e-05,-9.56195979036665e-06,-0.000163945360174091,-3.0656576931409e-07,1.2326957511557e-05,-0.000124293903084985,6.79197351654941e-08,4.67932356348369e-05,-4.04385747028566e-05,-7.93033133822093e-06,-9.24182696014914e-06,-1.08590932097117e-06,5.72735012211168e-06,-6.40543525709666e-05,-0.00131839351729236,-2.79953536806858e-05,1.86008556865696e-07,-3.91510379531294e-05,4.41698437138019e-05,-8.57451779887174e-05,1.49621028371947e-06,-0.000479475625608747,7.05182423963243e-07,-0.00309101077029736,7.70972270201288e-08,3.21404594719375e-06,8.43228243870305e-06,-2.63652801796159e-06,2.84118700635979e-06,-2.94606835679018e-06,3.35069981731688e-06,-0.000600882398258965,0.000601316764131855,-4.96656953455489e-05,1.71901805501372e-05,-9.6432439878678e-06,1.84449282781044e-05,-0.000256732266481592,-0.000254250512018516,1.24131888506127e-06,-2.53767036646663e-05,2.62782339024298e-06,-6.11849831839461e-05,5.32052665050439e-05,0.00185008146650016,1.3611809503846e-05,-5.23288959142782e-05,4.79132168329774e-06,0.00170265016755137,-8.41069820041394e-08,5.59038528561203e-05,-0.000155679716188604,-5.51570755693245e-06,0.000425471765945294,-0.000116036070122071,-0.000631362469616599,-8.72602108513432e-06,8.97638959349839e-05,5.6646891854074e-06,3.26712406878953e-08,-0.000153235165699913,-2.53390939717288e-06,0.000208792597938273,1.32095884807403e-05,-1.23064576193959e-06,-1.5154222498559e-06,-7.7548015084116e-05,-1.06950188261269e-06,0.000259473820242069,-7.76192946832967e-07,-1.45543115538341e-05,8.95275965018968e-05,-9.01426564013375e-06,-5.28514609370835e-05,-7.36010140731761e-06,-7.18207832491681e-06,1.04946967325088e-06,-0.00014018859722261,-1.06909788698409e-05,7.43971831600461e-06,-5.46626037173074e-06,0.0108517710654312,0.000127753176496915,0.0115952635716428,-1.48121357976651e-05,8.93153073236768e-06,1.38379003067961e-06,-1.77814988816517e-08,1.43526320582857e-06,2.00351626601868e-07,4.76403228691538e-07,2.22906993544814e-08,-1.51083139724949e-06,-7.91196948984279e-05,-9.08696185493776e-06,3.78043696201231e-05,1.12593192137954e-05,-2.46064616317748e-06,-1.03251058070951e-08,-3.32855754278401e-07,-1.93645844046891e-07,-0.00202316612820999,0.000925971493783369,0.00479543351688424,1.77138665671738e-05,6.03796358377716e-06,1.06086710427139e-05,4.63852968468878e-06,8.27406129875299e-10,8.9338607636289e-08,-2.05053448628737e-05,-1.32811921551425e-05,-2.20907622445582e-07,2.42621063173333e-05,4.64803045374469e-06,8.42576058139559e-05,1.56340153451996e-05,-5.45669988297264e-07,-6.90055088897097e-07,-7.87397345715441e-05,-3.63934402474525e-06,4.97721606424313e-05,2.63058873666792e-06,-0.000140805845572952,-2.95393200122952e-08,-0.000564332045426238,-3.53181256398052e-06,-7.50966015014656e-06,-0.000204265084570333,3.263037448535e-08,-5.48025866209297e-07,1.55927076534454e-07,9.88287983780979e-08,-4.65670057461128e-05,-1.08866113973433e-05,-4.95158232689338e-06,5.72874099373158e-06,1.25339523468898e-06,5.28141097910615e-06,-1.54117827148098e-05,-8.76183276512014e-07,-8.2920013553048e-05,-4.57434240677391e-07,-0.000169938883945777,-3.09254772610988e-05,1.66144590442878e-06,3.41413654658175e-07,1.03202399817096e-05,3.79896200325417e-06,-1.37553708385654e-05,-3.79644006114583e-08,-1.65039008815805e-05,-3.17004051151399e-18,-1.5274585807439e-07,2.17364239099268e-06,-4.30943431347205e-07,-1.08524323799729e-06,-1.43548808554088e-05,1.98307333700886e-07,-2.72146360939063e-06,1.20525435829322e-06,-3.9899970636709e-06,1.48374674196114e-07,-3.00088107301958e-07,0.00012422240118707,-8.4067566610202e-08,9.50026991344042e-06,-0.00235264456043102,1.94954583229441e-08,-1.13865730928288e-09,4.66038571025527e-08,-1.90429432299694e-08,2.60406202807771e-07,-1.21555741863013e-05,6.53043827787442e-06,-2.073447613541e-06,0.000317913362682618,-8.7554785694959e-05,1.03226937034805e-05,-0.338243326912231,-0.00065874311164031,9.0395338587688e-08,0.000774731449908073,3.70097285263021e-06,2.6243056178877e-05,6.62824459015089e-08,-0.000113289514564834,1.5973702832267e-06,-1.41074725176847e-06,2.185322966713e-06,-4.16010700822853e-06,3.13252471710137e-06,-2.24009356785896e-07,4.11528655297238e-05,-1.76882568891038e-07,2.88275174758049e-05,6.20401700136677e-17,-6.90080885815391e-05,-1.18533899820934e-05,-7.24154424667447e-11,-6.21447028300054e-07,9.01158826198396e-07,-5.5509768924053e-07,-1.57151301412977e-07,1.77048832342551e-08,-7.88933835686735e-07,2.98111157787646e-05,1.09424130257429e-05,-8.38442401521787e-08,4.46741941666875e-05,-0.000149701299326128,4.02574093382748e-06,-0.000123119298837455,1.01553170353899e-06,1.77318435916531e-06,2.73611965105964e-08,7.35584101656774e-05,-9.60015808570614e-06,4.25099348141331e-08,-1.33363657508689e-05,1.5653936767234e-06,-5.6887773755058e-06,4.18097835042015e-06,3.72253658126443e-05,1.88896778032686e-06,-6.00235956533008e-07,-3.9201180324507e-06,3.98573394845761e-07,-1.84797404973842e-06,5.15729655105128e-06,2.07579659144251e-05,-0.000161360941993294,-1.06796562614529e-17,3.09121720879145e-07,1.69530075227834e-06,-1.67947364784087e-07,8.97122515316649e-05,9.6318426127708e-08,2.35644211216925e-05,9.4090498933159e-05,-7.36103263125181e-06,3.21336311457432e-05,1.65862875866459e-16,-0.00043531681657724,-1.96659027238027e-08,-8.83312889884899e-06,3.74286381280597e-07,7.23781505264865e-06,-4.92605628275161e-06,-8.56156394798758e-05,2.37164352408613e-05,-2.59345677760743e-06,0.000180952062657286,-6.25793845405448e-07,-6.2633707617479e-05,-8.61305632954311e-08,-1.33537447569447e-08,-0.000191917636697162,1.11372312361286e-06,-0.0012919721455671,1.03551682818019e-16,-8.36204402320093e-06,7.26367642010957e-07,2.09556803914978e-08,2.71187831747617e-07,-0.00044403145121627,-0.145896887992659,-3.19540557219271e-05,9.65866765968992e-05,3.2787596275318e-05,-1.44216227147711e-15,0.000402062010506277,1.26538736984136e-06,0.000546928800315835,-9.98928135832697e-15,-4.68001442381187e-05,-5.75175413440649e-06,8.77687983430225e-07,0.00191754608109286,8.96446792892992e-05,0.000287722573427676,1.41321390476301e-05,-0.000237034514053581,-2.72039980688339e-06,-1.39565423431066e-07,-2.82603625013326e-05,-8.50869209469079e-07,-1.79246028944456e-16,2.67127600220803e-07,-9.51863270416015e-06,-3.78814420325209e-06,2.12131158714533e-05,-2.38903159189109e-16,3.44489499078951e-07,-5.01488260691726e-08,5.15000818216875e-06,7.03068515996934e-08,2.41510897083148e-05,-2.13377176511494e-07,2.42089706989321e-06,-8.95072069329351e-06,-7.28893907453393e-17,-2.31100033701695e-05,1.0630458335237e-07,-2.89639814760641e-07,-2.84445884268162e-05,3.7127704201291e-08,7.93365857732538e-08,3.20923843055709e-17,1.19271221007176e-16,6.17970416702613e-08,3.60879001718326e-08,-4.67354334751897e-09,4.50553375165537e-06,-1.1430216884434e-15,2.58962983377631e-06,2.55893379031595e-08,-1.87187180966058e-16,-1.45693440690008e-16,1.19962073385691e-18,-1.47162358136163e-06,-3.47795229732229e-08,1.89558777053056e-08,-1.15529243284078e-07,-9.00641355669351e-09,1.03708028024183e-08,-5.08151351856189e-09,3.7258562324046e-17,-3.212485259834e-09,1.09406761962701e-08,9.06110432504784e-17,-2.40918829629826e-16,-1.11614076497007e-08,-6.99220683581094e-10,-7.88624915423967e-09,2.10931018471138e-06,9.07931438164902e-09,-3.69466572888856e-07,4.82289540349966e-17,-1.32814751668397e-07,1.0203278600339e-16,-2.65023482450229e-05,-3.41794734876055e-17,-1.12622645080267e-08,-5.47934541444467e-16,4.85643845624962e-08,1.2899678264353e-08,3.72168858466788e-06,8.88944615505397e-07,3.957130354943e-08,-4.69729878986204e-09,3.05924913112951e-08,1.21447128559356e-08,5.82269194280104e-06,1.97175278098829e-07,1.18318760712586e-08,-3.45381014470437e-08,-6.4803454039805e-06,-9.14571227202893e-07,-1.74799586199395e-08,7.77091496132217e-17,1.68646291022348e-07,-2.98698855832392e-08,1.65546889694489e-08,9.49054148513518e-17,3.13602712818152e-07,9.17456934192759e-07,2.96958972399885e-07,2.10834806619249e-16,-7.23633427899716e-08,-4.16534877806945e-06,-3.83309338084482e-16,-5.24147687322014e-08,1.24078211326736e-07,-1.33202556247543e-16,-3.50639151174441e-16,-4.66627823945467e-09,-2.64148276374084e-06,-1.51847090171124e-08,-2.12887684037576e-05,6.08234504247164e-07,1.60723802289305e-08,2.80926541883185e-06,1.49207201693626e-07,-3.90900709894524e-06,3.48787838888587e-16,7.49981646086059e-10,5.53375138449872e-08,1.63918187861188e-07,0.000430440507275214,-1.96889270464584e-16,-6.60443153054487e-17,1.66429159209727e-06,2.53621749504289e-16,-3.43350505589758e-15,2.0132320336003e-07,-2.99112309766344e-07,-5.60113601576145e-08,-1.87018048404905e-06,1.46615544367249e-06,3.83207757200703e-07,4.91459129545195e-07,-1.41409297213285e-16,4.57021311483027e-06,1.26311231568276e-07,9.8820832831433e-07,-5.60442675992494e-08,2.25932944215181e-07,-1.1545811604997e-16,-9.60240580808463e-18,5.99177372617103e-16,-2.14355891256109e-06,-9.89918196306148e-09,-6.42350265678239e-07,-5.4157439923887e-16,-7.6903005280667e-09,-3.0080713689032e-16,-2.26925741542514e-16,1.33110209693703e-06,-3.33519608231659e-07,1.77700736070374e-16,-2.79163814271378e-06,-3.79628483506986e-08,-8.99296588322475e-17,8.73667570195483e-08,7.48223243517975e-16,1.92230331725579e-05,-1.17533166327089e-16,1.92080591832493e-05,2.71868634645679e-07,9.88780376964615e-09,1.66478417697435e-06,1.14966445930105e-05,-3.28990739674722e-08,1.04194151526804e-06,5.3430102566975e-16,6.42003385144677e-07,-3.6404793120362e-08,-2.80855426565996e-16,-4.82613812794446e-09,-9.94962019440906e-08,2.33653371832941e-08,-5.17674443309422e-16,7.78838411968629e-08,1.03840407355377e-07,-4.73216870070742e-17,-2.91284008963828e-06,-2.22307835568089e-06,-3.09921061505378e-09,-1.27070324268548e-16,7.23408453009672e-16,5.85039319781704e-08,3.26022155594536e-06,9.05309192048685e-07,-2.75296593302492e-08,2.28068817944053e-06,-9.6125323591689e-16,-5.79973253321586e-16,2.89266037014747e-05,1.49925089700798e-08,6.25562200187311e-16,2.12649290177791e-05,8.42285485709046e-17,6.43991013292003e-08,-1.14598816234256e-06,-1.53943251598009e-06,-1.03758492650799e-05,-5.80249446468503e-17,-1.72723682681935e-16,-6.95128099755979e-17,9.28520321997576e-16,-9.58723409538541e-09,-3.38610556415071e-08,-1.1216360151109e-15,3.01452529312576e-16,3.7376795272755e-16,5.11542022896021e-08,4.75418279456698e-10,-2.90070918543242e-08,1.67173544100811e-15,4.87755452346916e-15,-1.86263222727578e-15,-2.20876089762172e-06,6.97405999323623e-08,-1.63909976957117e-15,1.99399629393882e-08,-7.22620369240635e-07,5.81662063393934e-15,1.11455687370446e-14,-0.421883630194601,5.92156270973203e-08,0.000197728032620409,-3.13257517750451e-15,-1.38282097710554e-07,-1.60242251623531e-06,-1.19075542234803e-06,2.94989564847485e-06,1.58456778391295e-07,-2.15552132847122e-09,9.61344408218751e-16,-2.07291991549458e-15,1.59051714213775e-15,-1.45839135722571e-08,1.29578730260289e-08,4.28670126968307e-07,4.78018357812249e-10,1.96516521731412e-15,-7.86574168247866e-15,1.98235381127497e-15,-3.13184143879751e-15,1.38675073872439e-15,2.78699010302436e-08,-1.16706027427323e-15,4.76817410491078e-16,-1.85119799062052e-05,3.48374907032529e-14,-0.242291742942644,4.26585770666488e-14,7.28429741661621e-06,-5.15469709649075e-15,4.29203210144445e-07,7.11887488672954e-08,2.62143630504925e-08,-2.29858002604217e-15,-1.95925624943886e-05,7.78544221502724e-16,-2.37991712169118e-08,-5.37776530585748e-09,3.15547395857827e-11,-6.579712797678e-16,2.59479555737236e-07,1.61887857431672e-15,-2.70999402935524e-08,-1.40272235315991e-08,-4.30258467280384e-16,-1.28046179605646e-15,5.92551774828473e-16,1.45981902495039e-15,-2.58954994153475e-09,-4.63541594785533e-07,-3.18861645804294e-08,1.80774239295566e-15,2.88720017043115e-16,-2.305706203413e-09,1.89355575557545e-08,-2.39995092259032e-15,-2.55772930890252e-17,-4.4288947605702e-08,1.01123458478277e-15,-8.82667263483616e-07,-9.84110279118864e-16,8.69894711859871e-08,1.17198130889987e-15,4.33961594821212e-17,-2.51982271327957e-16,-3.98210785862215e-15,-5.29442501798871e-16,5.81831807994303e-15,1.88329763638703e-09,-1.31889341967693e-08,-4.93178171670072e-15,-9.06397301725896e-09,3.86025634401844e-07,-3.72338607852868e-15,-1.54259491475447e-15,5.39489481729612e-15,-3.10995411697997e-15,3.74230781385351e-07,1.02607037906266e-07,1.68784226294708e-16,-1.25048153958767e-15,-7.46865981893619e-08,-2.41625510874379e-08,-3.67759281089293e-10,-3.77756980507987e-16,-6.0519500857301e-15,3.86601976342625e-15,-2.81941475727373e-15,-3.57559215418488e-15,1.89170946790191e-14,2.70017113285691e-06,-5.5487959668665e-07,-1.68811938921756e-06,-3.14271221817818e-14,0.707106781186546,3.5945838648267e-14,2.37456667214463e-14,-2.97930072859943e-14,9.65673836724453e-15,2.58712444585673e-14,2.36281631845005e-15,8.90925764658466e-15,-4.12110685947284e-17,-3.74784260862477e-15,-2.1726462870961e-15,-5.03234347865248e-15,1.19851349257007e-15,1.7124500600166e-09,-1.70359127802333e-15,-1.005369950128e-15,3.21003842038451e-16,2.44871455445493e-08,-3.03516045055409e-08,-4.51761568877366e-16,-6.34318758865311e-10,2.2728995678446e-08,-2.65283918790435e-15,2.11182962775944e-15,-4.44500471883313e-08,1.50694135395972e-15,5.76929061665888e-10,1.37336670286729e-15,-5.01851267513987e-16,3.46050375014021e-15,2.03540911735183e-15,5.9293143809458e-08,-7.95278358824492e-08,-5.45325267667456e-16,1.24265178050116e-16,1.46017282355925e-15,-2.5707053084167e-16,1.39260348044901e-15,7.05520096233009e-16,-1.19936719776168e-15,-4.47597682305546e-16,1.0261950711018e-09,-3.73610360694225e-17,-3.54143235659597e-16,-4.08613453659418e-16,-1.10957590374127e-15,7.34543815125529e-16,-9.87715904639271e-17,-2.25986793750801e-07,-2.12742483261158e-16,-1.32031018945222e-15,1.53224924291636e-08,4.46616612771227e-16,1.08715110789593e-15,-3.68415669971564e-16,1.08987620000464e-15,1.31057647173951e-08,-2.46687688728402e-16,-9.93337385276955e-07,-1.04349107004506e-15,7.28882767303595e-16,-5.9244258895315e-16,2.08064749647073e-16,7.96383103500399e-18,3.33275462429827e-16,1.58708166300803e-08,-3.61024610803016e-16,-1.20517165689045e-15,2.01662149062675e-09,-1.99402323815776e-06,2.02689876314296e-16,3.4500897788168e-07,7.95360141421442e-07,-5.00966410852834e-16,-2.65292933196581e-16,-2.81704438432884e-17,8.36811243691999e-17,3.11433586057981e-16,-1.36539354329586e-06,-4.93214157066421e-16,-5.14940842954487e-16,8.84836914477636e-16,1.00724992532615e-05,5.07680978998138e-16,4.04252040688538e-17,-2.7444330261216e-16,6.95026444901994e-16,-2.52053336449254e-07,-8.57839222227564e-17,4.39867949022786e-10,8.27440938824292e-17,-5.96545705744496e-17,-1.17034607692991e-15,1.47970361203809e-16,1.36497332561796e-16,1.13854173569565e-15,-1.55089101086947e-17,-7.71614542738906e-09,-4.51948947287798e-16,4.45571988323084e-16,3.25252913550391e-09,-1.07957290244029e-16,-2.51324529562659e-16,-8.6302847673165e-17,2.23754351831813e-16,1.15277312447514e-16,-1.82780632836164e-17,-2.3770329473391e-08,1.91249164313461e-17,9.17157556592306e-17,7.10314302957093e-09,-1.22193606727331e-16,-4.20796879445236e-16,-3.68225197729657e-16,-1.10643707766566e-16,-3.60098002020511e-16,-4.20596743699506e-17,-2.30953820764459e-16,9.89370473952616e-17,4.31026200421651e-16,8.78544557112301e-17,3.26666284816551e-16,-3.77365913189527e-09,1.25319408907029e-08,3.78779525974403e-16,-6.31517009491868e-16,-3.52805418761012e-16,3.47076687188316e-17,-1.3910313872989e-16,2.40397111441907e-16,2.03702456961873e-16,2.91270650608682e-16,-1.20345833601434e-08,-1.03083701537283e-16,-2.87616321390887e-16,3.58153721319698e-17,-3.07823158146006e-16,1.40968192847042e-09,4.73271178540549e-17,-2.25057733414512e-10,2.68801908931855e-16,-5.87863690717073e-17,-2.78863536243988e-18,3.45578067953924e-17,-3.14162820967653e-16,-7.68324861436607e-17,-3.94689487762191e-16,-2.01436235994171e-16,1.16880230650686e-16,1.45658835192577e-16,-2.59998965534599e-16,3.1343743450851e-16,-9.24495369769579e-17,-5.22737778908696e-16,7.3269651554909e-17,-2.61551581967622e-16,6.93083748850184e-17,1.5598231038306e-16,-3.13274751104034e-16,6.84242970242258e-16,-1.40187340902376e-16,-1.47523112836597e-16,-1.70564333928495e-16,-9.04112027206775e-17,3.89432646273446e-17,1.88494617357786e-08,-3.69398109765728e-16,-8.12375478355429e-17,1.63311162466378e-16,-1.17746855977533e-15,1.50034904717753e-16,-1.45769204087899e-16,5.93714459062715e-17,-1.00917214110414e-16,-2.56295956607937e-16,-1.05935656410587e-16,-9.26450756388864e-17,-2.1019265077123e-16,1.42015528549158e-16,-9.41841068742177e-17,-2.51869442689077e-17,2.3066971683178e-17,-3.47649873688708e-16,-1.45363342244288e-07,4.9238741949281e-19,-2.83354319072171e-17,-7.62766321766536e-17,3.31644385041457e-16,1.85655066932316e-16,1.36809824948056e-16,-9.26054553194344e-17,-1.61212756936502e-16,9.49490125614173e-17,3.37936006333566e-09,3.74743169267409e-16,8.14386664984036e-17,-2.87913571271819e-17,-1.51697522147421e-16,1.72401080534555e-16,-2.00810300286052e-17,-2.07047140725408e-17,-3.86612974016986e-16,-1.32196664195881e-16,1.23946204085785e-16,3.07067703453028e-16,2.04354721673557e-16,2.11750821915446e-16,0.000293569066801922,-2.40411913936636e-16,3.0892658326075e-16,-3.43378419272409e-16,-3.93240127960492e-16,-4.76048559407232e-09,-2.95038539303748e-16,7.89796929147878e-18,-5.48292657077714e-17,3.27890408441854e-17,-2.58183176629259e-16,1.90496543459125e-17,-1.96712377199847e-16,1.53227124874239e-17,3.83295716297061e-16,2.21472063740264e-16,7.89268440100273e-17,1.28996089009601e-16,1.94695364870583e-17,7.07010715269382e-18,5.31306231122287e-17,2.24650805786549e-16,-2.19362292606004e-16
"t653",0.0338015155642134,-0.00926217732584406,-0.0100778396709054,0.000557499736139407,0.00481535836875124,-0.0121488314216114,-0.00169467496453625,-3.45943499567747e-06,-0.0272758693930478,-0.0104918653487224,0.0555346014642207,0.000418451325342715,-0.000629478261386536,-0.000111001943005789,-0.00121577775877897,-3.66385171805879e-05,-4.39990975440993e-05,7.30625193364886e-06,0.00465927622289704,0.00394395949757579,1.19965405654949e-05,-9.75404876605984e-05,0.0781777548153588,0.0026753165773494,-0.000212842800271588,-0.00980973345552651,0.19113424158631,0.00247667564075984,-0.00578806032904458,0.00773434653059636,0.00174123283100391,-0.0214657447635766,-8.09853508106756e-06,0.00631289977897964,-0.0063098002493677,-0.000547464501062225,-1.99629016000455e-05,4.81633013076833e-05,0.00869527223065259,0.0113489094925123,0.000125345749545873,-0.00630572211064917,6.60706964326391e-06,-0.000475181045721061,2.53637928889683e-05,-7.55386647575019e-06,1.53460248092198e-06,-2.43183279484481e-05,0.0031324450045712,-0.00542064333722762,5.65921667808691e-06,-4.63662410289396e-06,-0.1798553986373,-4.08525174150354e-06,0.000362032335402109,-0.000277995134864204,0.000122658602487735,-0.000146547906090986,0.00127357148793587,-2.00648183163628e-06,-1.80987838927739e-06,9.21271691947377e-05,-5.32942604310404e-05,3.95575582290364e-05,-0.000699760099107049,7.16562244705495e-06,-4.23443286702922e-05,0.000125321944513825,-2.98334174134721e-05,0.000130818901909586,-9.6275282402753e-07,2.27234853243706e-06,-7.65932632846908e-06,-4.7174655009362e-06,1.96991975680058e-06,1.63540192990265e-06,-1.6561582294227e-05,2.34947192220539e-06,-0.000978202461860451,-5.81827663029811e-05,3.66739092380511e-06,0.000281337773747448,-0.000600821224529268,-8.37514642386281e-06,6.32598280050572e-05,1.56293877716873e-05,-2.23803151431731e-06,-3.79698781658069e-05,-7.08040175124582e-08,2.82710143992239e-06,-2.77830931139277e-05,1.13239377809611e-08,7.5495194778014e-06,-5.02410036139553e-06,-4.50851735243083e-07,-4.2775032741428e-07,-4.97215431068619e-08,1.05546699884297e-07,-5.17290427924049e-07,4.21834298949073e-05,1.8431289896412e-06,-1.28161559590999e-08,2.83302727607518e-06,-1.06342352567104e-05,2.18210199803417e-05,-3.96947283769665e-07,0.00013655305424416,-2.04714112290256e-07,0.000927654127782158,-2.42959118364281e-08,-1.02871742237507e-06,-2.949804956602e-06,9.31815128045401e-07,-1.23756643074666e-06,1.33703438759719e-06,-1.65788203253532e-06,0.000308612726333367,-0.000340795935632612,3.07932575994151e-05,-1.13743805298731e-05,6.61461537820603e-06,-1.42603835779822e-05,0.000213747522738619,0.000212272639349015,-1.04726045477204e-06,2.30403430232849e-05,-2.40027302318485e-06,5.94268616447622e-05,-6.11872731442527e-05,-0.0021315494538366,-1.58936403636506e-05,6.81090199941052e-05,-6.3683246703004e-06,-0.00229755883351754,1.20697297889455e-07,-8.090809440307e-05,0.000256088455891732,1.00467343479154e-05,-0.000890076673639857,0.000243696280285881,0.00135780312469375,1.89945839854742e-05,-0.000199239721768251,-1.26673315844272e-05,-7.30664489493499e-08,0.000361524808360231,6.65591010199283e-06,-0.000612757487513305,-3.986781366828e-05,3.95308680373525e-06,4.89223955444436e-06,0.000256441231112818,3.58734993632897e-06,-0.000884585188570873,3.0827390332222e-06,5.92747273140854e-05,-0.000371212328700708,5.84780698399709e-05,0.000388748809957213,5.52360918912543e-05,6.05023186801773e-05,-9.06226106563612e-06,0.00142702128458723,0.000111167096328796,-9.29285393566221e-05,8.37269660156209e-05,-0.411129102448207,-0.00508586650944441,-0.467690363497863,0.000743630363103054,-0.000623480784193595,-0.000102281491785917,6.27298592830653e-06,0.00332000362603535,2.7261071991409e-05,5.28132270016815e-05,2.25784220665136e-06,-6.01913879499178e-05,-0.00198411605607323,-0.000214670674651321,0.000846783129390115,0.000219251220027674,-4.56638901726526e-05,-1.83269661120865e-07,-5.67751546209754e-06,-2.92787590539635e-06,-0.0297690891134318,0.0111441821204795,0.0573805502535544,0.00020041436290568,5.9742276176708e-05,9.55789188057792e-05,4.05814665134688e-05,6.94614308151047e-09,7.28539587222623e-07,-0.000154566459659121,-9.85531850495241e-05,-1.5879571420788e-06,0.000171768424929872,2.96526511773971e-05,0.000535176848829033,9.56270255133216e-05,-3.2254961746447e-06,-3.79572878298317e-06,-0.000432986284878571,-1.98929259638603e-05,0.000267275043286946,1.39604474244078e-05,-0.000725595982408705,-1.47304039377171e-07,-0.00274799864852482,-1.70797456362919e-05,-3.52888642721644e-05,-0.000946250015802509,1.51104303904458e-07,-2.51171923671949e-06,6.98231434984337e-07,4.40787768449127e-07,-0.000203841431167946,-4.71599205647388e-05,-2.13828856740809e-05,2.44881590511394e-05,5.34832908582384e-06,2.24994139130833e-05,-6.54632824087232e-05,-3.72092964998232e-06,-0.000352130173732514,-1.94558325556527e-06,-0.000725083937152542,-0.000132709882514337,7.1543539434674e-06,1.47631199828408e-06,4.48274007443563e-05,1.65242012877007e-05,-6.07542725256268e-05,-1.69721031587925e-07,-7.49492157295331e-05,-4.19379318176558e-17,-7.13460576782478e-07,1.02195287752999e-05,-2.14234221131049e-06,-5.72544182611581e-06,-8.07869857787829e-05,1.12102420038741e-06,-1.85299708519343e-05,8.57782777383352e-06,-2.90351696070702e-05,1.22545452032704e-06,-2.77078437401348e-06,0.00154680966986462,-1.28485952438828e-06,0.00016172138095359,-0.157861418326872,-1.93659508218832e-08,-5.99377815202516e-10,7.20237715874769e-08,-1.17547402128357e-07,1.88730705752353e-06,9.52556743197311e-05,-1.89905817098944e-05,2.28397886726357e-06,-0.000256094921962214,4.90523116781565e-05,-3.03907749961203e-06,0.00113439957364583,-1.59903590612557e-05,4.18976558404587e-08,0.00036472393640531,1.77218607561569e-06,1.46325796897013e-05,3.87229955910026e-08,-7.48582618459296e-05,1.07627095113221e-06,-1.35245378983295e-06,2.13939030177335e-06,-4.13519750009975e-06,3.21181602169215e-06,-2.34645204713471e-07,4.48405746516227e-05,-1.94584304639667e-07,3.19366274907711e-05,-6.65823446417081e-17,-7.80825275731754e-05,-1.34451030063269e-05,-8.27612929892803e-11,-7.21171097155235e-07,1.0569480891266e-06,-6.53896039334399e-07,-1.85491545345032e-07,2.12778713688794e-08,-9.48848398279349e-07,3.586062755096e-05,1.31994591611201e-05,-1.01499714446247e-07,5.40841122098704e-05,-0.000181223580912165,4.87014674257009e-06,-0.000147655258482135,1.2104514897002e-06,2.11268307819177e-06,3.25959421417007e-08,8.58248155898025e-05,-1.08411914231998e-05,4.77757035738227e-08,-1.48798047392574e-05,1.7305183891654e-06,-6.27050361239792e-06,4.48996710712924e-06,3.98932267096794e-05,2.01653367090102e-06,-6.39057575997541e-07,-4.13629458721871e-06,4.16243820416506e-07,-1.91095939246785e-06,5.30960922012583e-06,2.12086555888378e-05,-0.000162104448176503,1.69593185311982e-17,2.74469468959133e-07,1.48349767607127e-06,-1.43669525457077e-07,7.66910140700871e-05,8.22784641439249e-08,2.00142257954578e-05,7.90389189262333e-05,-6.1009483301961e-06,2.58857546933665e-05,-3.97922623229405e-17,-0.000326361315205321,-1.46022651841787e-08,-6.42091367406206e-06,2.71370231568447e-07,4.95927533036897e-06,-3.26335190073821e-06,-5.38887015844661e-05,1.43731229343357e-05,-1.43564199119609e-06,9.09933099435717e-05,-2.93611604707169e-07,-2.81690065090685e-05,-3.76809606563274e-08,-5.54657223478922e-09,-7.92409498113583e-05,4.42035296510428e-07,-0.000496532100805581,-1.11152308302249e-17,-2.38970797495921e-06,1.91942385590325e-07,5.53305624167382e-09,5.44086464254628e-08,-8.47002097346989e-05,-0.00921552417961153,-7.77566923204919e-07,1.59633408215758e-06,-4.41514112670219e-07,-4.96125747569552e-18,-1.95223530548859e-05,-7.82831935622289e-08,-6.17015416060066e-05,1.24392541804433e-15,7.96588822923645e-06,1.05892480520557e-06,-1.67956040695222e-07,-0.000395929136654999,-2.08148609580163e-05,-7.24547667559884e-05,-3.7785362740196e-06,7.45378720775558e-05,8.70931841510477e-07,4.93479272739354e-08,1.17089512449901e-05,3.55232053706686e-07,6.41687132660331e-17,-1.45432877199236e-07,5.40292385663055e-06,2.34841234626103e-06,-1.49077070247797e-05,4.68745261168405e-17,-3.08968179214724e-07,5.7406127226768e-08,-6.53164980336689e-06,-9.34210334204046e-08,-3.39050172610562e-05,3.31013254456647e-07,-4.39582140854875e-06,2.36929969109827e-05,-1.17012783843233e-16,8.56188416583644e-05,-4.05894576083519e-07,1.17854437275423e-06,0.000126642826212981,-1.66464406843812e-07,-3.65050475858823e-07,1.61329283265843e-16,2.96978373759826e-17,-3.31614065715352e-07,-2.23103196183919e-07,2.94248273656612e-08,-3.25063035800285e-05,1.02744999224561e-14,-2.619610168379e-05,-3.08567091374657e-07,5.84856372495147e-17,-6.23969022048845e-17,1.1741655590054e-16,3.80495284869821e-05,1.03610255177708e-06,-1.13273490335957e-06,3.43529732743097e-05,4.87675837994868e-06,9.01523630716183e-07,-3.91094979553115e-07,-2.68675208538006e-16,-8.54209084829831e-08,2.39695077412268e-07,-2.65502334570867e-17,-1.2163502467165e-16,-1.49988113109869e-07,-8.65636141325762e-09,-8.86258384187213e-08,2.23687711796506e-05,8.72339267256293e-08,-3.49829005307186e-06,4.19066370418439e-16,-1.23330953139127e-06,-2.82810293791042e-17,-0.000233416737017964,-4.24194099984954e-16,-9.56579580240462e-08,2.85875292613666e-16,3.95048131500185e-07,1.0405833357029e-07,2.71456692768807e-05,6.35969769598837e-06,2.80878354411418e-07,-3.22578217993686e-08,2.04463045724176e-07,7.65854954927727e-08,3.67004467696571e-05,1.22232205401727e-06,7.12461959669114e-08,-2.00536936399492e-07,-3.6565100145822e-05,-5.05143533714443e-06,-9.55719202402383e-08,6.22328701672651e-17,8.947936803413e-07,-1.54250969078453e-07,7.98768611959282e-08,1.10666070396075e-16,1.48692614783703e-06,4.24419354354812e-06,1.36022471603591e-06,1.44613180670165e-16,-3.29826438188728e-07,-1.86348434867568e-05,3.8090032622222e-16,-2.32487629883378e-07,5.27552968759108e-07,7.72352483901162e-17,-5.14580312328539e-18,-1.96229609620093e-08,-1.10994894987998e-05,-6.36078426007883e-08,-8.89686907525535e-05,2.5469171774234e-06,6.73561428829873e-08,1.17893076778571e-05,6.5359264294441e-07,-1.98041071463642e-05,-1.72615827881417e-15,4.48227638465242e-09,3.46581782949978e-07,1.34419940801261e-06,0.0152081327665576,6.31214922102935e-15,8.47875312189566e-16,-1.97770263274187e-06,-6.35613453876604e-17,-8.19732119196157e-15,5.45183927204347e-07,-8.24188147760516e-07,-1.54380676700602e-07,-5.25136784143846e-06,4.12204427082297e-06,1.07763282155019e-06,1.38387709377309e-06,-4.31079975063592e-17,1.28460964935211e-05,3.54076708169362e-07,2.76735306339201e-06,-1.56044800027342e-07,6.21027381705568e-07,4.56616819189948e-16,-1.54569587086393e-16,1.91822480794948e-16,-5.76313136189026e-06,-2.63367813928337e-08,-1.70757616925313e-06,-2.66074677153422e-16,-2.02279506981603e-08,-4.61027227801184e-16,-1.16322700448468e-16,3.32813106934413e-06,-8.33329900068153e-07,-1.21322223101128e-16,-6.88224965126118e-06,-9.28457758691711e-08,3.39439844197533e-16,2.10122766095508e-07,1.29681595604454e-16,4.52732559714673e-05,3.80645177074077e-16,4.51508283113015e-05,6.38101973117847e-07,2.31682140244844e-08,3.89150805914295e-06,2.6729382958089e-05,-7.49134032126844e-08,2.30087390487473e-06,-3.26430521613594e-17,1.3603663739764e-06,-7.67826662344636e-08,2.13615893964496e-16,-1.0115570520554e-08,-2.06135399089943e-07,4.78910946149103e-08,2.99373749143994e-16,1.53569831598622e-07,2.03098489694674e-07,1.37102050322443e-16,-5.63475514277897e-06,-4.27669982551975e-06,-5.83705293728578e-09,-1.74436838597009e-16,1.23384149689962e-16,1.0430725576427e-07,5.66519065589056e-06,1.56455313522294e-06,-4.15126133320433e-08,3.34820369187566e-06,2.59787713848118e-16,-3.5569270420759e-17,4.16482473424039e-05,2.15316439412722e-08,1.06769114354991e-17,2.94896460922549e-05,1.58962966848025e-16,8.61059858462998e-08,-1.45013851496823e-06,-1.93991289929989e-06,-1.28584611947741e-05,-1.37491220221411e-16,2.24263467484086e-16,-1.87439206902793e-16,8.13576859638198e-17,-9.90674902715695e-09,-3.43616622200473e-08,-1.49968680652361e-16,4.28187291669057e-16,2.21403369088146e-16,4.83565944820725e-08,4.34527132031501e-10,-2.39208027110925e-08,-1.54999794939036e-16,-5.32343266690383e-16,-6.13929480169917e-17,-1.02585403101843e-06,3.13918951874053e-08,4.30385194395848e-17,5.51162263479952e-09,-1.44315936230048e-07,-1.60264178636069e-16,1.99387439384052e-16,-0.000327956731145601,-9.71503478139512e-10,-2.94152982056202e-05,3.13651086379146e-17,5.51957042653036e-08,8.91080129853219e-07,9.56212206250653e-07,-3.5681258442753e-06,-2.1172927568277e-07,3.44647071694014e-09,-9.64491552014765e-17,-5.48199340611476e-16,2.1632202474239e-16,6.54970730905442e-08,-5.93019388773281e-08,-2.31650286326511e-06,-1.7585749842769e-08,4.16779966451225e-16,-2.01620839259783e-16,-3.46875306526418e-16,-5.94921788701317e-16,4.88082251197936e-16,8.40181419527865e-08,-1.29092445228324e-16,-3.31010123620267e-16,-2.39292002285808e-06,4.16105663619205e-17,-3.98611081513756e-05,-3.54852842231439e-17,-1.56280205263268e-06,1.46908027834691e-17,-1.90404664301153e-06,-4.0559642037467e-07,-2.13700704861859e-07,2.67520467227138e-17,0.00228484271794197,4.36005530088058e-17,1.12888661017168e-06,-1.80829580142778e-07,1.00083701474071e-09,-3.22442583907064e-16,5.51539791465115e-06,4.70916873108926e-17,-3.97231180812831e-07,-2.02781588870386e-07,3.33312971775693e-17,4.31478496969217e-16,2.81481645415941e-16,1.83475159243399e-16,-3.0759977992767e-08,-5.27531981984264e-06,-3.46525948320133e-07,-3.19096419587147e-16,1.27042272383082e-16,-2.09343129586222e-08,1.70764908824939e-07,-5.72776006065997e-16,-5.01574777572752e-16,-3.4027294110338e-07,2.90659808005741e-16,-6.59196053649192e-06,2.7237625085308e-16,6.03582918616236e-07,-4.70867021799355e-17,-8.51330418103808e-16,1.48987973872962e-16,5.58861057222122e-16,-4.01998314577612e-17,-1.25589401404528e-15,1.15912700656865e-08,-8.10641809311787e-08,1.19212960580632e-16,-5.38051234737772e-08,2.26030682718916e-06,-2.96314572434276e-16,-1.09548469522356e-16,4.65902305365087e-16,7.88008000975366e-16,2.0757410845499e-06,5.62560181549821e-07,-2.2592895966664e-16,3.01735745087383e-16,-4.04384139277131e-07,-1.30616870778898e-07,-1.97738831718428e-09,-3.02743581637878e-16,9.59786635736735e-17,3.24177102675736e-16,8.47329858169186e-16,-4.93406375378344e-15,2.30564593375068e-16,1.34366218892579e-05,-2.7434410438002e-06,-8.29407564078787e-06,5.86809484787548e-18,-1.31883052991288e-15,3.10453546078961e-16,-9.68983262346733e-17,2.16142222954854e-16,2.54844475598366e-16,1.0153872506198e-16,-1.22676057230863e-16,2.29581688003944e-16,5.17389269714158e-16,3.0782654859722e-16,3.9266414627667e-16,3.61408161143585e-16,5.78466142228844e-16,7.67863642277039e-09,1.35646938746025e-16,-3.94579704191543e-16,2.63345872959599e-17,1.08662940357418e-07,-1.34370026993633e-07,2.82470357977412e-16,-2.80413690536521e-09,9.92600485892918e-08,7.978166025489e-16,1.522331241537e-15,-1.91314440766526e-07,1.38430656824392e-15,2.44148525662117e-09,5.31488839113558e-17,1.18356641894534e-17,-6.63351030421669e-16,-9.29225876025362e-16,2.44748955613901e-07,-3.27743309497144e-07,3.08271106153673e-16,-1.20009010477911e-16,-7.65867228485574e-16,-8.01563569605041e-16,-1.32934028368448e-15,3.53140634647299e-17,8.69214166406684e-16,4.49129138456614e-16,3.93055652425389e-09,-3.15164692213271e-16,-5.92502518442428e-16,-2.01313267417056e-16,2.01070417504552e-16,-1.05453987228796e-15,-1.11893146221953e-15,-8.53898241374355e-07,4.10195546455518e-17,4.07138203448344e-16,5.77558838458062e-08,1.90695265585961e-15,-4.57528130635203e-16,-3.6333198409971e-16,1.08347265344703e-15,4.80811713411954e-08,4.41185396723583e-16,-3.62761009592109e-06,1.18790858218036e-15,-6.74763006016047e-16,1.70755402964846e-15,6.01343841123139e-16,-1.13051435101789e-15,-1.10470219846765e-15,5.74336114152404e-08,7.29572588028288e-16,-4.88821362749795e-16,7.24841466291733e-09,-7.16476604976913e-06,1.20574645684514e-15,1.23260805641323e-06,2.83656239653182e-06,9.87224169126804e-16,4.91392349768909e-15,3.08206811169243e-15,-1.63321171100973e-15,3.98676478088434e-15,-4.75151995597457e-06,9.12394651878491e-16,-2.05307697247479e-15,-3.29181552685587e-15,0.000318819273962753,-9.94655685020715e-15,5.3009998991863e-15,-5.53285955365523e-15,-9.90670055513109e-16,-8.64357286936612e-07,-2.44499181716295e-15,1.5049834361954e-09,-1.21286838857821e-14,-8.58649208877779e-15,6.40056598060736e-15,1.60519002201468e-14,-6.79501445854813e-14,0.707106781186547,-3.55465968457186e-15,-2.6084670747775e-08,-3.53895448251611e-14,-4.73002392399939e-14,1.09631896051833e-08,-1.26010354595013e-14,2.04978663019677e-15,-1.22486229868223e-14,3.96965834394044e-15,-9.416275199935e-16,3.93156644740285e-15,-7.94047458362622e-08,-3.42757171447415e-15,4.15235658015299e-16,2.36348725287363e-08,5.44917770967402e-15,3.89290309283795e-16,-4.93661679838926e-15,3.8395968598539e-15,1.18924096875609e-15,-7.74946558308065e-16,2.66146514643896e-15,-3.44156072516564e-16,4.13437241641913e-16,-1.71791252665635e-16,-1.90404336300165e-15,-1.23812735042453e-08,4.10496463866843e-08,-3.46523809996731e-15,8.46917053656785e-16,-8.5652288088313e-16,2.78244077027987e-15,2.40454357813835e-15,8.11353366849561e-16,1.93703503570685e-15,5.82372491213192e-16,-3.90910753269993e-08,1.23660559726439e-15,-3.98024266568809e-16,1.07874040238792e-16,2.92072944384943e-16,4.54736389516112e-09,8.17719475362826e-16,-7.20498645020392e-10,-1.69418522271605e-17,-8.21585805595714e-16,-5.94746734908576e-16,-9.75691552727961e-17,-3.94546381477024e-16,-1.12844895235883e-15,1.3357621644379e-16,-6.86729690949617e-16,-8.94501612237441e-16,3.91865202537228e-16,-1.19066498232769e-15,-2.06694285163345e-16,-1.62234484536051e-15,-3.30133983522894e-16,-1.62218505875415e-16,-2.7463147027543e-16,-2.94226455384809e-17,-2.56279091355364e-15,-2.5533274088173e-16,9.00827222584485e-16,-6.28511999389847e-16,8.86438188557611e-17,-7.82944366247675e-16,-2.71190482043394e-16,1.3762772043628e-16,5.87838483288098e-08,-1.05660591077352e-16,-6.62666887917388e-16,3.19807410867511e-17,8.8279356783627e-16,3.10373761896773e-16,3.09676947907068e-16,4.26977084260037e-16,1.23882593514459e-16,2.22977797069531e-16,-4.16006650431624e-16,-4.3530717225293e-17,2.77098734052717e-16,3.07285162419135e-16,5.71115441968213e-16,-1.16990344618905e-16,3.50459049880735e-16,3.90555605396618e-16,-4.46001474117107e-07,-4.30382207854981e-16,4.43971969971249e-16,2.22795955759975e-16,4.69596713387744e-16,1.41696133174155e-16,-5.89312976969386e-17,2.12315489720914e-16,3.60094348882849e-16,1.61919421595788e-16,1.02058532050987e-08,-1.25670684374485e-16,4.57260119388165e-17,3.49131988561378e-17,3.18040446332006e-16,2.95104768367569e-17,-2.01838094056304e-16,5.18318793509167e-16,1.73811457840907e-16,1.07561109222519e-16,-1.49198688152497e-16,-8.25625907737554e-16,3.06236195419039e-16,-2.73955940594915e-16,1.45800042639358e-05,8.56679333243857e-17,-8.45663615363719e-17,3.77619983738985e-17,-4.59701721133854e-17,-1.40770136565257e-08,4.22435065133237e-18,-1.49129442113623e-16,-2.41893339819108e-16,-3.90533945480209e-17,-2.19960668657315e-16,3.89793354249377e-16,-1.30940232356459e-16,-1.20745450073403e-17,2.72797290732501e-16,2.14974791149786e-16,1.56287183592938e-16,7.81421135997293e-17,-2.31150223828584e-18,4.27656048488273e-17,5.22558099861424e-17,2.51820518451284e-17,-2.50085577047028e-16
"t654",0.0338015155642134,-0.00926217732584406,-0.0100778396709054,0.000557499736139406,0.00481535836875124,-0.0121488314216114,-0.00169467496453625,-3.4594349956762e-06,-0.0272758693930478,-0.0104918653487224,0.0555346014642206,0.000418451325342706,-0.000629478261386541,-0.000111001943005794,-0.00121577775877898,-3.66385171805876e-05,-4.39990975440862e-05,7.30625193365504e-06,0.00465927622289703,0.00394395949757578,1.19965405655002e-05,-9.75404876606011e-05,0.0781777548153588,0.0026753165773494,-0.000212842800271552,-0.00980973345552653,0.191134241586309,0.00247667564075982,-0.00578806032904458,0.00773434653059635,0.00174123283100392,-0.0214657447635767,-8.09853508106128e-06,0.00631289977897961,-0.00630980024936768,-0.000547464501062235,-1.99629016000573e-05,4.8163301307682e-05,0.00869527223065259,0.0113489094925123,0.000125345749545872,-0.00630572211064917,6.6070696432721e-06,-0.000475181045721062,2.53637928889583e-05,-7.55386647573958e-06,1.53460248093449e-06,-2.43183279484305e-05,0.00313244500457119,-0.0054206433372276,5.65921667808054e-06,-4.63662410289983e-06,-0.1798553986373,-4.08525174150527e-06,0.000362032335402099,-0.000277995134864187,0.000122658602487728,-0.000146547906090978,0.00127357148793588,-2.00648183164047e-06,-1.80987838924492e-06,9.21271691947353e-05,-5.32942604310243e-05,3.95575582290585e-05,-0.000699760099107045,7.1656224470963e-06,-4.23443286702815e-05,0.000125321944513847,-2.98334174134626e-05,0.00013081890190962,-9.62752824027076e-07,2.27234853238925e-06,-7.65932632845475e-06,-4.71746550096278e-06,1.96991975679047e-06,1.63540192989614e-06,-1.65615822942473e-05,2.34947192216611e-06,-0.000978202461860515,-5.8182766303065e-05,3.66739092380861e-06,0.000281337773747421,-0.000600821224529237,-8.37514642390132e-06,6.32598280050618e-05,1.56293877716793e-05,-2.23803151425914e-06,-3.79698781658368e-05,-7.08040175108433e-08,2.82710143988335e-06,-2.77830931139513e-05,1.13239377922368e-08,7.54951947781583e-06,-5.02410036140313e-06,-4.50851735245653e-07,-4.27750327428415e-07,-4.97215430816652e-08,1.0554669988882e-07,-5.17290427925556e-07,4.21834298948843e-05,1.84312898967231e-06,-1.28161559598094e-08,2.83302727606144e-06,-1.06342352567569e-05,2.18210199803879e-05,-3.96947283769779e-07,0.000136553054244225,-2.04714112318325e-07,0.00092765412778219,-2.42959118476496e-08,-1.02871742236358e-06,-2.94980495646756e-06,9.3181512805679e-07,-1.23756643077386e-06,1.33703438761377e-06,-1.65788203252184e-06,0.000308612726333387,-0.000340795935632604,3.07932575994555e-05,-1.13743805298384e-05,6.61461537823318e-06,-1.42603835780044e-05,0.000213747522738535,0.000212272639348861,-1.0472604547463e-06,2.30403430232066e-05,-2.40027302323559e-06,5.9426861644719e-05,-6.11872731442227e-05,-0.00213154945383662,-1.58936403635483e-05,6.81090199940786e-05,-6.36832467034034e-06,-0.00229755883351743,1.20697297892117e-07,-8.09080944030397e-05,0.000256088455891862,1.00467343479128e-05,-0.0008900766736399,0.000243696280285897,0.00135780312469373,1.89945839853993e-05,-0.000199239721768247,-1.26673315844553e-05,-7.30664489661813e-08,0.000361524808360225,6.65591010196379e-06,-0.000612757487513193,-3.98678136682278e-05,3.95308680373376e-06,4.8922395544229e-06,0.000256441231112804,3.58734993640318e-06,-0.000884585188570739,3.08273903315046e-06,5.92747273140098e-05,-0.000371212328700755,5.84780698399586e-05,0.0003887488099573,5.52360918912532e-05,6.05023186801603e-05,-9.0622610656617e-06,0.00142702128458726,0.000111167096328804,-9.29285393566599e-05,8.37269660156287e-05,-0.411129102448206,-0.00508586650944462,-0.467690363497863,0.000743630363102974,-0.000623480784193529,-0.00010228149178575,6.27298592817138e-06,0.0033200036260353,2.72610719912696e-05,5.28132270017196e-05,2.25784220659574e-06,-6.01913879499682e-05,-0.00198411605607317,-0.000214670674651368,0.000846783129390117,0.000219251220027688,-4.56638901726468e-05,-1.83269661096194e-07,-5.67751546204812e-06,-2.92787590541322e-06,-0.0297690891134318,0.0111441821204796,0.0573805502535542,0.000200414362905715,5.97422761767271e-05,9.55789188059096e-05,4.05814665133996e-05,6.94614309840433e-09,7.28539587265005e-07,-0.000154566459659037,-9.85531850495051e-05,-1.58795714203625e-06,0.000171768424929958,2.96526511775029e-05,0.000535176848829128,9.56270255133107e-05,-3.22549617464156e-06,-3.7957287829509e-06,-0.000432986284878493,-1.9892925963857e-05,0.000267275043286962,1.39604474244247e-05,-0.000725595982408623,-1.4730403933527e-07,-0.00274799864852473,-1.70797456362018e-05,-3.52888642720604e-05,-0.000946250015802499,1.51104303670281e-07,-2.51171923671139e-06,6.98231435029538e-07,4.40787768394091e-07,-0.000203841431168118,-4.71599205648119e-05,-2.13828856742178e-05,2.44881590510812e-05,5.34832908587649e-06,2.24994139130878e-05,-6.54632824087296e-05,-3.72092965003368e-06,-0.000352130173732589,-1.94558325557163e-06,-0.00072508393715264,-0.000132709882514242,7.15435394346235e-06,1.47631199827511e-06,4.48274007443644e-05,1.65242012877102e-05,-6.07542725256066e-05,-1.69721031514651e-07,-7.49492157293759e-05,8.15731296860879e-17,-7.13460576711018e-07,1.02195287752971e-05,-2.14234221130532e-06,-5.72544182631256e-06,-8.07869857787891e-05,1.12102420028009e-06,-1.85299708519076e-05,8.57782777385668e-06,-2.90351696071479e-05,1.22545452029423e-06,-2.77078437410558e-06,0.00154680966986456,-1.28485952437904e-06,0.00016172138095381,-0.157861418326872,-1.9365950950583e-08,-5.99377713206197e-10,7.20237716198026e-08,-1.17547402113807e-07,1.88730705762306e-06,9.5255674319831e-05,-1.89905817097109e-05,2.28397886721309e-06,-0.000256094921961989,4.90523116782872e-05,-3.03907749957698e-06,0.00113439957364557,-1.59903590611133e-05,4.18976558045637e-08,0.00036472393640543,1.77218607560002e-06,1.4632579690408e-05,3.8722995445775e-08,-7.48582618460131e-05,1.0762709511046e-06,-1.35245378983891e-06,2.13939030195612e-06,-4.13519750000001e-06,3.21181602171623e-06,-2.34645204533554e-07,4.48405746515771e-05,-1.94584304687472e-07,3.19366274906187e-05,-1.43008184454435e-16,-7.80825275731231e-05,-1.34451030064128e-05,-8.27614918939926e-11,-7.21171097140231e-07,1.05694808932963e-06,-6.53896039522141e-07,-1.85491545248711e-07,2.12778709952753e-08,-9.48848398335441e-07,3.58606275510175e-05,1.31994591609642e-05,-1.01499714446005e-07,5.40841122098098e-05,-0.000181223580912122,4.87014674266745e-06,-0.000147655258482146,1.21045148955264e-06,2.11268307822882e-06,3.25959422321504e-08,8.58248155896902e-05,-1.08411914232872e-05,4.77757035948157e-08,-1.48798047391232e-05,1.7305183890331e-06,-6.27050361231469e-06,4.48996710700248e-06,3.98932267097942e-05,2.01653367100502e-06,-6.39057575970175e-07,-4.1362945872248e-06,4.16243820447332e-07,-1.91095939236742e-06,5.30960922031647e-06,2.12086555890045e-05,-0.000162104448176456,2.62043896450167e-18,2.74469469184355e-07,1.48349767610912e-06,-1.43669525460221e-07,7.66910140702655e-05,8.22784641210525e-08,2.00142257955198e-05,7.90389189262968e-05,-6.10094833017894e-06,2.58857546934315e-05,1.03333765036101e-16,-0.000326361315205244,-1.46022652028592e-08,-6.42091367392686e-06,2.71370231593224e-07,4.95927533062852e-06,-3.26335190036159e-06,-5.38887015844176e-05,1.4373122934103e-05,-1.4356419911821e-06,9.09933099434934e-05,-2.93611604438287e-07,-2.81690065090821e-05,-3.76809608966341e-08,-5.54657212458007e-09,-7.92409498115828e-05,4.42035296376985e-07,-0.00049653210080541,1.13954272937932e-16,-2.3897079748667e-06,1.91942385586422e-07,5.53305627448511e-09,5.44086463233947e-08,-8.47002097346487e-05,-0.00921552417961105,-7.77566923087383e-07,1.5963340821104e-06,-4.4151411262243e-07,-2.12826218995572e-16,-1.95223530553541e-05,-7.82831934616909e-08,-6.17015416059439e-05,1.33366477822379e-15,7.96588822912629e-06,1.05892480506941e-06,-1.67956040763163e-07,-0.000395929136654807,-2.08148609581525e-05,-7.24547667558404e-05,-3.77853627395799e-06,7.45378720773778e-05,8.70931841486141e-07,4.93479271281423e-08,1.17089512450343e-05,3.55232053996389e-07,-4.06801508417305e-18,-1.45432877258354e-07,5.40292385677425e-06,2.34841234639133e-06,-1.49077070247024e-05,-3.95965152824861e-17,-3.0896817898959e-07,5.74061272504579e-08,-6.53164980350166e-06,-9.34210335217981e-08,-3.39050172614205e-05,3.31013254381433e-07,-4.39582140846133e-06,2.36929969112101e-05,-3.32361014957888e-16,8.56188416585022e-05,-4.05894576077556e-07,1.17854437260987e-06,0.000126642826213032,-1.66464406639356e-07,-3.65050475852817e-07,-2.64545330086463e-16,-2.13441178679228e-17,-3.31614065664642e-07,-2.23103196266061e-07,2.94248273801926e-08,-3.25063035801655e-05,9.97583527670853e-15,-2.61961016839734e-05,-3.08567091905091e-07,1.12938945281785e-16,4.11377164005126e-17,-1.87425904666547e-16,3.80495284866684e-05,1.03610255177877e-06,-1.13273490346668e-06,3.43529732740051e-05,4.87675837976225e-06,9.01523630660725e-07,-3.91094979423947e-07,-1.11732760253805e-16,-8.54209083991995e-08,2.39695077234747e-07,9.4019993561122e-17,-2.22978678438022e-16,-1.49988113121363e-07,-8.65636211962354e-09,-8.86258385636789e-08,2.23687711798437e-05,8.72339268376736e-08,-3.49829005318565e-06,4.2597815926806e-16,-1.23330953112276e-06,-1.00923373738041e-16,-0.000233416737017843,-2.9316826744008e-16,-9.56579578877759e-08,-3.7508699667849e-16,3.95048131903262e-07,1.04058333592778e-07,2.71456692769879e-05,6.35969769579531e-06,2.80878354652597e-07,-3.22578222587176e-08,2.04463045705524e-07,7.65854956183875e-08,3.67004467702205e-05,1.22232205406875e-06,7.1246196242322e-08,-2.00536936648541e-07,-3.65651001460141e-05,-5.0514353375394e-06,-9.55719202746158e-08,-4.92001746285458e-17,8.94793680307187e-07,-1.54250969343573e-07,7.98768608528128e-08,1.29988984216854e-16,1.48692614809382e-06,4.24419354325103e-06,1.36022471598639e-06,1.18944964400321e-17,-3.29826438048473e-07,-1.8634843486931e-05,-3.18111645380044e-16,-2.32487630306192e-07,5.27552968760694e-07,-7.51762711299646e-17,1.75255150574309e-16,-1.96229611151144e-08,-1.10994894988187e-05,-6.36078431757845e-08,-8.89686907524979e-05,2.54691717729463e-06,6.73561431956246e-08,1.17893076778485e-05,6.5359264235194e-07,-1.98041071464418e-05,-1.51739515050209e-15,4.48227663256007e-09,3.46581782443593e-07,1.34419940834506e-06,0.0152081327665587,6.03004318477206e-15,2.5752419387242e-16,-1.97770263267815e-06,-2.30109353206113e-17,-8.0757466399771e-15,5.45183927422591e-07,-8.24188147802502e-07,-1.54380676718795e-07,-5.25136784173861e-06,4.12204427078777e-06,1.07763282151462e-06,1.38387709354735e-06,1.89810133558728e-16,1.28460964934356e-05,3.54076708518216e-07,2.76735306323459e-06,-1.56044799707649e-07,6.21027381920082e-07,-5.30124655682303e-16,2.19799597278105e-16,-2.82199302783784e-18,-5.76313136113085e-06,-2.63367814687688e-08,-1.70757616909586e-06,-2.47409662931888e-17,-2.02279505890058e-08,3.75837987977501e-17,1.14889040918708e-16,3.32813106949088e-06,-8.33329900164393e-07,-3.67544536472586e-17,-6.88224965108161e-06,-9.28457755868763e-08,6.69889419778195e-16,2.10122766268451e-07,2.51710962323329e-16,4.52732559713225e-05,-5.84769548467599e-17,4.51508283110042e-05,6.38101973347868e-07,2.31682141022345e-08,3.8915080590778e-06,2.67293829584488e-05,-7.49134035587075e-08,2.30087390468366e-06,-1.68338205760037e-16,1.36036637412573e-06,-7.67826662639606e-08,-1.74197187996616e-16,-1.01155700515059e-08,-2.06135398960621e-07,4.78910943758853e-08,-1.13124290790672e-16,1.53569831681657e-07,2.03098490307392e-07,-1.42160652357324e-16,-5.63475514301789e-06,-4.27669982516912e-06,-5.83705292666035e-09,2.42834853429038e-16,-2.13845996018983e-16,1.04307255503445e-07,5.66519065597497e-06,1.56455313556759e-06,-4.15126136532217e-08,3.34820369149959e-06,-2.01064146843093e-16,1.21913313229273e-16,4.16482473428182e-05,2.15316438961089e-08,-8.32365145197872e-17,2.94896460911554e-05,-1.50864672883184e-16,8.61059858386191e-08,-1.45013851482999e-06,-1.93991289876905e-06,-1.28584611945636e-05,-2.50887716394331e-16,-2.37647780866897e-16,2.56820747837725e-16,-4.7973409225565e-17,-9.90674902566504e-09,-3.4361662205212e-08,1.5175532485523e-16,-5.99934275195676e-16,-3.35649642741768e-16,4.83565946487288e-08,4.34526809771544e-10,-2.39208031272989e-08,1.44612019638104e-16,3.55889363118367e-17,1.17391990225868e-16,-1.02585403107478e-06,3.13918949930614e-08,-5.86873941399194e-16,5.5116229158045e-09,-1.44315936482625e-07,1.23708101921818e-16,-9.26043526353862e-17,-0.000327956731145573,-9.71503346515852e-10,-2.94152982060442e-05,-4.00677358784297e-17,5.51957046613769e-08,8.91080130100909e-07,9.56212206047217e-07,-3.56812584409672e-06,-2.11729275735815e-07,3.4464709329613e-09,6.48790468880058e-17,4.95260675383751e-16,2.30976880513236e-17,6.54970728992218e-08,-5.9301938886822e-08,-2.31650286320509e-06,-1.75857497167233e-08,-7.22938926780903e-17,3.04081728361926e-16,1.58313151184257e-16,6.66008189299039e-16,-3.24003888038689e-16,8.4018142990768e-08,1.06910452721718e-16,2.52977705766726e-16,-2.3929200229206e-06,4.90479941022684e-17,-3.98611081508018e-05,1.11585766287859e-16,-1.56280205299252e-06,2.09689076993578e-17,-1.90404664370041e-06,-4.05596420423159e-07,-2.13700704829974e-07,8.0746952986485e-17,0.00228484271794303,-8.96624369119811e-17,1.12888661050148e-06,-1.8082957907787e-07,1.00083661035807e-09,3.30001117268271e-16,5.51539791528848e-06,-2.37877591055389e-16,-3.97231181049197e-07,-2.02781588609769e-07,-2.31444626254308e-16,-4.48676145771382e-16,-3.31514619559591e-16,-2.10853441108222e-16,-3.07599785507946e-08,-5.27531981968761e-06,-3.46525948184733e-07,3.55312482622931e-16,-1.13795128219943e-16,-2.09343129206921e-08,1.70764908406654e-07,3.97585296669183e-16,4.63113861150802e-16,-3.40272940216102e-07,-3.33418888739141e-16,-6.59196053726869e-06,-2.32511389522563e-16,6.03582918210355e-07,4.5663820942232e-17,-9.41173744788281e-16,-1.37246843913655e-16,-6.08897441635406e-16,3.93417834861369e-18,1.50209947232332e-15,1.15912700119004e-08,-8.10641802114988e-08,-1.77131738895503e-16,-5.3805124090014e-08,2.26030682703927e-06,2.48652488903613e-16,8.50572942545879e-17,8.28384371553845e-16,-4.32536820206218e-16,2.07574108462042e-06,5.62560182033523e-07,1.34633977307215e-16,-3.57206690120555e-16,-4.04384139660562e-07,-1.30616871624042e-07,-1.97738880790888e-09,2.20365331290233e-16,-1.33015286865025e-16,-3.28550136650894e-16,-6.51259397742322e-16,4.5607579742141e-15,-1.26222718392574e-16,1.34366218899797e-05,-2.74344104431408e-06,-8.29407564218354e-06,-1.08089338851345e-17,7.82431429077852e-16,-1.56840794920999e-16,1.23984849157177e-16,-2.32268402385833e-16,-2.48604595901159e-16,-8.6799526730139e-17,8.29725883450533e-17,-2.34434819222023e-16,-4.98195454170446e-16,-3.01283969820806e-16,-3.4736222581512e-16,-3.5888270513532e-16,-4.82320821809662e-16,7.67863725097141e-09,-1.1529344819282e-16,4.25510804383581e-16,1.07504126398354e-17,1.08662940553369e-07,-1.34370026030482e-07,-2.06675933881825e-16,-2.80413690612222e-09,9.92600481880443e-08,-8.07983678897632e-16,3.44385825106015e-15,-1.91314440531633e-07,-1.4101472416082e-15,2.44148665538943e-09,-7.12879757043801e-17,-3.247283659153e-17,7.11122782638732e-16,2.61655081756775e-16,2.44748953631248e-07,-3.27743309178991e-07,-3.91501688774963e-16,9.7424510535643e-18,7.71997864365558e-16,8.52224214182357e-16,1.54721071024544e-15,-4.29805742765692e-17,-8.81792126286762e-16,-3.57087593533076e-16,3.93055801391008e-09,3.17124959653516e-16,5.64590490013361e-16,1.86308823926719e-16,-2.88442230692362e-16,9.6781173269299e-16,1.07417405755931e-15,-8.5389824060825e-07,-4.7723206024609e-17,-4.59876062877548e-16,5.77558847186045e-08,-2.17536728271685e-15,2.3122663387426e-16,3.40748365945998e-16,-1.11531195223209e-15,4.80811696277625e-08,-4.77176054529865e-16,-3.62761009417523e-06,-1.14609094320023e-15,6.37896785156506e-16,-1.71523849040683e-15,-8.02146553796927e-16,1.12340666388082e-15,1.20296778871791e-15,5.7433611298681e-08,-7.25042910965033e-16,5.95053293472929e-16,7.24841500159043e-09,-7.16476604715128e-06,-1.11344523167641e-15,1.23260805914119e-06,2.83656239793807e-06,-9.75710673050332e-16,-4.99877425076272e-15,-3.03449438565245e-15,1.63238036300113e-15,-4.1291535447309e-15,-4.75151995475728e-06,-9.13142463395512e-16,1.79080597601027e-15,3.31064142376623e-15,0.000318819273970356,9.7269971374259e-15,-5.02603142565906e-15,6.0370153459033e-15,9.60454902677995e-16,-8.64357284551381e-07,2.52467780690635e-15,1.50498267036272e-09,1.21514843484021e-14,8.58771416243177e-15,-6.48672574321768e-15,-1.60426187803972e-14,6.80827174691234e-14,-0.707106781186549,3.54889147738892e-15,-2.60846806288239e-08,3.56331091939932e-14,4.73230117873851e-14,1.09631952540934e-08,1.26280044128495e-14,-2.09533124295515e-15,1.2153074820679e-14,-4.00357996906014e-15,9.04114157801955e-16,-3.97228419864979e-15,-7.94047533609504e-08,3.32346190526038e-15,-5.24345719009138e-16,2.36348623584301e-08,-5.32575086783205e-15,-3.66785832494495e-16,5.27637490647557e-15,-3.85220076774582e-15,-1.19666833273029e-15,8.75659230969547e-16,-2.67063584981771e-15,3.02465216072586e-16,-4.92370131143228e-16,1.66354982817998e-16,1.91780710469914e-15,-1.23812730137038e-08,4.10496462527984e-08,3.42012972115441e-15,-7.2838541602881e-16,8.36094831658505e-16,-2.78423797970355e-15,-2.06892879564546e-15,-8.18969928145386e-16,-1.9845208823168e-15,-5.42662166130217e-16,-3.90910740748768e-08,-1.17682770089671e-15,3.96684567704662e-16,-2.91190890776907e-16,-1.20852023247903e-16,4.54736376359424e-09,-1.73619754302246e-16,-7.20496902842602e-10,1.7004645069857e-18,7.53893893321836e-16,5.69199787787567e-16,1.67106321341231e-16,3.55362679753836e-16,1.41335251013782e-15,-1.41430597460296e-16,7.28595735505758e-16,9.42018145304882e-16,-3.5247957924947e-16,1.15887709112408e-15,1.97084349988974e-16,1.71597217932522e-15,3.08666851774295e-16,1.67948259310242e-16,3.24585483026819e-16,4.37513839392391e-17,2.56178258068746e-15,2.49555812517496e-16,-6.48423013368549e-16,5.50828913731261e-16,-8.47978518717723e-17,5.30519131873467e-16,3.10935620075739e-16,-1.47026524859826e-16,5.87838511072302e-08,3.89919886449893e-17,7.18715100046391e-16,4.13224119620802e-17,-1.11963393177977e-15,-4.62524559865198e-17,-2.9123824773005e-16,-3.63330032572167e-16,-1.12204775986069e-16,-2.86691950508964e-16,4.11321168753643e-16,9.75781955236954e-19,-2.10252201212715e-16,-3.92694239717647e-16,-6.06781104556416e-16,7.28209417708996e-17,-3.35124497435424e-16,-4.53405179558755e-16,-4.4600147412411e-07,3.97582361196693e-16,-4.30539660787306e-16,-2.57306803749614e-16,-5.62886786936359e-16,-1.25143009993118e-16,1.54860993496389e-18,-1.94261681407884e-16,-3.97361910725293e-16,-1.4937496533632e-16,1.02058532657877e-08,-2.31729214931379e-17,-1.05999172131918e-17,-7.3836408892165e-17,-2.88237077728582e-16,-2.2850705705743e-17,1.44182579199236e-16,-5.62865855033926e-16,-2.71267919514829e-16,-7.79895230851966e-17,1.70277221719006e-16,8.46642444279347e-16,-2.51114138948166e-16,2.49245790658482e-16,1.45800042641221e-05,4.44358042063934e-18,7.15915003255267e-17,-6.42509287722401e-17,-1.17473305388804e-16,-1.40770136916298e-08,2.17187899871989e-18,1.33574545255238e-16,2.90176600437138e-16,2.67684941010696e-18,1.87648083057806e-16,-2.87399457889155e-16,5.1937847098235e-16,1.03790308997627e-16,-2.62805734862595e-16,-1.82624298571853e-16,5.61079610582994e-17,8.29155434417841e-18,-1.52849526229787e-16,3.55189635657805e-17,-4.2453591389983e-17,1.42829446935457e-16,-2.02472093925721e-16
"t198",0.0339566328725731,-0.00935247772559044,-0.0101793205798864,0.000565064522485217,0.00489574395777913,-0.012387853075144,-0.00172869203279347,-3.53458673131303e-06,-0.027979999237638,-0.0108231156004323,0.0577887386385888,0.000439688198008592,-0.000662434888512476,-0.000116908698663737,-0.00128353574077442,-3.88120043525274e-05,-4.66774210043795e-05,7.75983123195087e-06,0.0049558838006452,0.00421905748315182,1.29096752458276e-05,-0.000106725211135124,0.0860159161762873,0.00294531724027294,-0.000234421337533741,-0.0108595551550702,0.211871741852555,0.00274820974753268,-0.00644265455086621,0.0088011638714928,0.00200104193731494,-0.0248500388637269,-9.49216666064107e-06,0.0074653622425072,-0.0075382827782248,-0.000665411909609741,-2.43368312839821e-05,5.89418359821431e-05,0.0106590590019417,0.0139637586428776,0.000155363787980445,-0.00786644953451242,8.27629730389763e-06,-0.000595435816594931,3.19395854762785e-05,-9.69206723848028e-06,1.98064952019176e-06,-3.14749534231379e-05,0.00408673591105382,-0.00713456323446437,7.5387367642207e-06,-6.21200914998878e-06,-0.2411685719335,-5.51784580246498e-06,0.000496171314605254,-0.000381854670287953,0.000175791207715195,-0.000212625494127865,0.00185056370752413,-3.0091069673305e-06,-2.78370004500568e-06,0.00014354742428146,-8.39379125470583e-05,6.24737839255624e-05,-0.00112833626553642,1.17799970843384e-05,-7.28260682155102e-05,0.000220212633390343,-5.29600930705661e-05,0.000236645974045647,-1.94403635073782e-06,5.06135151285181e-06,-1.73429249848766e-05,-1.10647065921599e-05,4.64145065090193e-06,3.91504970666381e-06,-3.99032206026701e-05,5.84757488978554e-06,-0.00263558130252994,-0.000162287997133488,1.08960495421296e-05,0.000848001884865042,-0.00203035544864648,-2.93987799363147e-05,0.000267689123069626,7.01815095576468e-05,-1.07202816014371e-05,-0.000183879627432183,-3.43877678961163e-07,1.38309363352162e-05,-0.000139592146860677,7.69986806914251e-08,5.30955944104993e-05,-4.61689050396083e-05,-9.15653196185842e-06,-1.06897000418076e-05,-1.25613790780737e-06,6.6556061187424e-06,-7.45651878038161e-05,-0.00154508162631923,-3.29958176952455e-05,2.19345745645955e-07,-4.61946675444653e-05,5.36088844282749e-05,-0.000104308031135326,1.82341595775194e-06,-0.000586237820588979,8.62993895434679e-07,-0.00378894224799804,9.47423206329847e-08,3.95288906011256e-06,1.04221973717845e-05,-3.26066948688719e-06,3.56199352329689e-06,-3.70464696655426e-06,4.24202293396309e-06,-0.000763082450036794,0.000770322552498758,-6.41805755150012e-05,2.23650716880698e-05,-1.25956497547749e-05,2.44331946595153e-05,-0.000343332266043832,-0.00034013954585413,1.66297599858212e-06,-3.43455032763138e-05,3.55964729748057e-06,-8.36405556141763e-05,7.47829525644717e-05,0.00260123892610531,1.91840464817657e-05,-7.5271466754796e-05,6.92073412304744e-06,0.00246687319814259,-1.23428557405185e-07,8.21891963387317e-05,-0.000235616217823142,-8.56183751589041e-06,0.000685841132827265,-0.000187255300435759,-0.00102591407057588,-1.4229662573829e-05,0.000147230591967558,9.31203639351449e-06,5.37090238967549e-08,-0.000256080917728336,-4.38513315913203e-06,0.000375656423918552,2.40120013980101e-05,-2.29035812663983e-06,-2.82580500663153e-06,-0.000145964982738968,-2.02439281251711e-06,0.000494327828289097,-1.57647402255385e-06,-2.98899269649842e-05,0.000185340316722214,-2.34041489198627e-05,-0.00014755327819447,-2.07958138208653e-05,-2.17803732483309e-05,3.23253042396699e-06,-0.000480602362888475,-3.71791094827611e-05,2.9383370441939e-05,-2.50737610430413e-05,0.105033452983496,0.00129197740568367,0.118635982618032,-0.000184533388029758,0.000150774474574947,2.46423530788487e-05,-1.43546265101705e-06,-0.000747457282167036,-5.92418766556905e-06,-1.137715388476e-05,-4.84213317306462e-07,1.18710974957277e-05,0.000358091143452447,3.81462263298719e-05,-0.000148246440059593,-3.67144584272082e-05,7.51520959284763e-06,2.96510868259028e-08,9.0378631345639e-07,4.41045818838022e-07,0.00442247226872017,-0.00146301155164929,-0.00750124518149573,-2.50939940649111e-05,-6.60873042413714e-06,-9.47463398985518e-06,-3.86671932763654e-06,-6.22835553796643e-10,-6.23330298023464e-08,1.13969864911519e-05,7.02162365122467e-06,1.04907091035027e-07,-1.09092421595601e-05,-1.32560656091427e-06,-2.34700628511192e-05,-3.47510424587605e-06,9.40915296247851e-08,4.84175901345786e-08,5.49136528454733e-06,2.23191812080529e-07,-1.81597959128674e-06,-5.25343015447995e-08,-2.99773710057112e-06,-2.00751440528291e-09,-5.79201209088546e-05,-3.98766525553862e-07,-1.1802487709294e-06,-3.68735056740819e-05,5.91014588446673e-09,-1.08964800085527e-07,3.77999927193806e-08,2.47705586002265e-08,-1.36982282378651e-05,-3.53131087845745e-06,-1.65842935358547e-06,2.17431801332351e-06,4.89487929663976e-07,2.12722426474751e-06,-6.80902065482395e-06,-3.94332763372033e-07,-3.7488298948831e-05,-2.28619030317451e-07,-9.03393044459619e-05,-1.76362326545825e-05,9.78929138770095e-07,2.08209440857304e-07,6.50443153177193e-06,2.41707794868806e-06,-9.58105018067086e-06,-2.80742493628408e-08,-1.3070194215619e-05,1.6941293844097e-16,-1.34565622815117e-07,1.9588353104812e-06,-4.61495509397397e-07,-1.36043048169232e-06,-2.09599621583777e-05,2.92456666031523e-07,-5.83522390574884e-06,2.79927713587947e-06,-9.63680940810134e-06,4.43010085112947e-07,-1.06648878758222e-06,0.000676212239812517,-5.98148015941297e-07,7.73706375590177e-05,-0.0891943778348533,-5.79813032393944e-08,2.68396253692068e-09,-1.01036852206039e-07,6.2782747057903e-08,-9.62661921731572e-07,-3.31500108449375e-05,5.5426215133865e-06,-5.34383298621408e-07,5.61359200367046e-05,-1.00661236036549e-05,5.71175986041095e-07,-0.000188387481670465,2.61937386909778e-06,-5.14862884141558e-09,-4.45393041985894e-05,-2.14900468966284e-07,-1.64908789359706e-06,-4.24825115429807e-09,7.54754498208575e-06,-1.06841904716414e-07,8.2565384655316e-08,-1.23898837443608e-07,2.29668600427048e-07,-1.61995562600948e-07,1.09512392102579e-08,-1.75183710164135e-06,7.21227450497844e-09,-1.13503683958333e-06,8.81382445432685e-17,2.39494261826707e-06,4.04310765295554e-07,2.33175408212226e-12,1.73309500104592e-08,-2.20090369516641e-08,1.26877701126984e-08,3.47315024692607e-09,-2.37954533961136e-10,1.02157763922199e-08,-3.82104815899604e-07,-1.16932435410798e-07,4.59142421441626e-10,-2.09698002071131e-07,6.24246087554652e-07,-1.02798334253331e-08,-2.65219220495041e-07,3.56307947849046e-09,6.34314889982133e-09,9.84317614630191e-11,4.08053354737345e-07,-5.5714693453599e-08,2.4254297572331e-10,-7.35448455877881e-08,8.15640453559909e-09,-2.90230412858043e-08,1.64600163133265e-08,1.42638664222354e-07,6.86280313118455e-09,-2.09659083862748e-09,-1.17943323894486e-08,9.69583592933662e-10,-3.44538211405812e-09,8.28409482139942e-09,2.39792228694542e-08,-2.2903665466292e-08,-1.68685551020218e-16,-2.17951414418782e-09,-1.32513911089664e-08,1.50520937001412e-09,-8.07072028982296e-07,-8.6994392742347e-10,-2.19430931701998e-07,-9.25704066074821e-07,7.70043640692012e-08,-3.76244442024159e-07,-1.81747528467856e-16,6.28399604923933e-06,2.90193191991795e-10,1.36263546423102e-07,-5.80321114792684e-09,-1.23331125725496e-07,8.77042794481642e-08,1.60662086642362e-06,-4.5856759022084e-07,5.25726606171913e-08,-3.74815172437137e-06,1.29862954620932e-08,1.29527083490181e-06,1.77425275397586e-09,2.722128824976e-10,3.90653348338507e-06,-2.24271777800175e-08,2.57525001176458e-05,-2.62785532548908e-16,1.44930531486961e-07,-1.20059950673703e-08,-3.46196741368758e-10,-3.70675089207034e-09,5.84329402662152e-06,0.000736599198055859,6.46898983593813e-08,-1.33849106563396e-07,3.81214870330548e-08,3.44139408198312e-16,1.74210273259303e-06,7.07106378796559e-09,5.82857479507815e-06,-2.81627670792736e-16,-7.89051541138538e-07,-1.06054961318337e-07,1.69175460348575e-08,4.03509956419827e-05,2.1631801185564e-06,7.64026184136625e-06,4.02979412095497e-07,-8.21792233123102e-06,-9.63975858820753e-08,-5.58643044676084e-09,-1.37837305051984e-06,-4.19006087046197e-08,-9.35577734767345e-17,1.84849604521814e-08,-6.95542256764916e-07,-3.10863352437511e-07,2.05733271348562e-06,2.53038694369096e-16,4.65388665350759e-08,-9.50758239254583e-09,1.12772450983701e-06,1.64419355156882e-08,6.10494367171492e-06,-6.2149752670196e-08,8.82232382660508e-07,-5.57378207592143e-06,4.58213401995269e-17,-2.30362568417704e-05,1.10468375931949e-07,-3.28492632475254e-07,-3.64775415874266e-05,4.80680660325654e-08,1.0638891942179e-07,-2.4980018054066e-16,-1.68276124138235e-16,1.01881909254877e-07,7.173037071699e-08,-9.51384092143573e-09,1.09430227156929e-05,-3.56010680386199e-15,9.62426981391055e-06,1.17809920247906e-07,-2.53894117902328e-17,-5.9264935615345e-17,1.22439910492793e-16,-1.6367810552057e-05,-4.52488221107264e-07,5.21116841010534e-07,-1.65151201565941e-05,-2.35659520229506e-06,-4.5653538554201e-07,1.99124494923921e-07,3.72954016767609e-17,4.78176840836839e-08,-1.38743243746994e-07,7.40282384586887e-16,-1.80283892582981e-16,9.90393144171047e-08,5.90165622692257e-09,6.30789207792075e-08,-1.63889344544266e-05,-6.75858077957213e-08,2.73504690693667e-06,-4.82727390105593e-16,9.76283877941468e-07,8.28372739819688e-16,0.000191529967899052,-1.14497170425332e-15,8.06093340435793e-08,1.27768757473512e-16,-3.4443501369681e-07,-9.13562016546085e-08,-2.61441299115703e-05,-6.24887672861584e-06,-2.78309887932139e-07,3.31592590051616e-08,-2.17059748956746e-07,-8.77329737868665e-08,-4.20711744763953e-05,-1.43493328308897e-06,-8.74095506949352e-08,2.61293632517936e-07,5.01733933970282e-05,7.22529271527718e-06,1.39561171811087e-07,8.71568146566578e-16,-1.39493178078639e-06,2.5659243257267e-07,-1.61707693201992e-07,-1.04481525564599e-15,-3.19973196072449e-06,-1.00583227646468e-05,-3.36517294046339e-06,-2.00283364181322e-15,8.34619910395886e-07,5.17495264573291e-05,-7.39255975855115e-16,6.77342942321575e-07,-2.13482027273119e-06,-7.13833394178466e-16,-4.25383919819354e-15,9.2649100496474e-08,5.31873132047275e-05,3.27478741261855e-07,0.000501173001099336,-1.81004005592985e-05,-4.89535172956808e-07,-8.85103876988193e-05,-7.55133282770296e-06,0.000395520076938667,1.33091291893567e-13,-1.2236706125624e-07,-1.00929491783376e-05,-5.1030882842443e-05,-0.904843220938843,-3.95975107311072e-13,-3.47647355455387e-14,0.000507134526680435,1.3466124114005e-15,-1.65802856630593e-13,7.42140142379616e-06,-9.56075694402345e-06,-1.78534500164515e-06,-4.61759837504191e-05,3.51247993427891e-05,9.12252588870302e-06,1.1240513744231e-05,-4.73755144142488e-15,7.3600246682124e-05,1.91233652436171e-06,1.46706257206024e-05,-7.58363040677695e-07,2.62867394199406e-06,-1.51185537823208e-16,-3.29499448796313e-16,1.88910500530373e-15,-2.06954473150777e-05,-8.89307663971316e-08,-5.7401322993724e-06,-3.9540849548347e-16,-6.43792922288187e-08,2.89334139656434e-15,7.21736292395414e-16,8.66161185520791e-06,-2.1640234869684e-06,8.22909448916498e-17,-1.71441841566115e-05,-2.2600351915031e-07,-2.72107984960126e-15,4.88998090214013e-07,2.1307693453241e-16,0.000100181594608978,7.29821086817497e-16,9.94775752338202e-05,1.40118751002287e-06,5.06833870471698e-08,8.46899019159001e-06,5.75022294205491e-05,-1.54585827519266e-07,4.49885410141694e-06,-5.66034638981742e-16,2.50242478674152e-06,-1.40376675074715e-07,-7.54838287163374e-16,-1.83445196548227e-08,-3.68459075917977e-07,8.45211187446773e-08,-1.21048100092401e-15,2.60058245472941e-07,3.41250880372324e-07,9.54705514341218e-17,-9.37134043940294e-06,-7.07744995657757e-06,-9.48684783971358e-09,-5.34887652157965e-16,1.41023945289466e-15,1.62833326384738e-07,8.70173771501945e-06,2.3953476803284e-06,-5.96152694340269e-08,4.76268217273345e-06,-1.38261354731521e-16,3.50114177142186e-16,5.88629130716307e-05,3.04068578779789e-08,-1.86917491560284e-16,4.12069007950211e-05,-2.31467529548326e-16,1.19130771117274e-07,-1.98012589215298e-06,-2.64648197779477e-06,-1.74794801550025e-05,-2.99574394805199e-16,-4.691495527909e-17,4.06621034710861e-16,-2.48745127439358e-16,-1.30665610342641e-08,-4.52161158409594e-08,7.99176005173479e-16,-4.09400867214877e-16,-1.39109657038333e-16,6.3110414318776e-08,5.6513880452708e-10,-3.08277773774938e-08,-5.80512054122238e-17,-3.07506841171201e-16,7.8818787434265e-16,-1.28581135465751e-06,3.93128706488332e-08,9.43175114172109e-16,6.83848368618602e-09,-1.78434061014909e-07,-5.17554813263438e-16,-1.88052197454277e-16,-0.000402417091061148,-1.19139827647389e-09,-3.59299219524927e-05,1.76819197525729e-16,6.70271627189376e-08,1.07912473649211e-06,1.15431770887815e-06,-4.29450080729184e-06,-2.54704528565352e-07,4.14375045835704e-09,1.60746323030037e-16,-1.79766374037298e-16,-8.96254185272355e-16,7.95488375748598e-08,-7.20529735807758e-08,-2.82491204801257e-06,-2.2157334765083e-08,1.82687170725867e-15,1.24460299611966e-15,-7.11238657093692e-16,2.71357141882148e-15,3.29223735144766e-15,1.15119414477581e-07,-6.10019610590053e-16,-1.01458677626777e-16,-3.49865041784127e-06,1.11640583563138e-15,-5.85364666978054e-05,3.62697498322819e-16,-2.31261979598112e-06,4.18777823562952e-16,-3.66691322384448e-06,-8.90576914757255e-07,-6.73544211083564e-07,1.09363331860933e-15,0.170807015440589,4.07036537450554e-16,-9.2351836067362e-08,-8.96184641396384e-08,5.06241586231039e-10,8.38986213761356e-16,3.20216591404944e-06,-9.28338302989578e-16,-2.59210674589469e-07,-1.32854616116266e-07,5.29746159705617e-16,-2.04379105769917e-16,-1.74146728162438e-16,6.41783381524992e-17,-2.12530011673181e-08,-3.68375909040505e-06,-2.44652544521448e-07,3.38380756350417e-16,2.73507002557555e-16,-1.53534938865142e-08,1.25400390595153e-07,-6.59716576952143e-16,-2.61079059498022e-16,-2.56529849438539e-07,-4.78598630497587e-17,-4.98866059389369e-06,-2.0830168403457e-16,4.60733315830006e-07,-3.56246391215253e-17,-4.78169550594204e-16,2.37970882793066e-16,-5.3035726097225e-16,-5.04120803800203e-17,2.67119769858398e-15,8.93371015993889e-09,-6.24831040415699e-08,-2.36593888972014e-16,-4.15403239634977e-08,1.74593405314347e-06,-4.41825447837469e-17,-2.61404572683371e-16,2.56581835429243e-16,-3.54713579407732e-16,1.60505953482169e-06,4.3501143550434e-07,-1.45247731841816e-16,-8.16218580073581e-17,-3.12684013643443e-07,-1.00996336754523e-07,-1.52889115311788e-09,1.12965114318953e-16,-1.77672028145119e-16,-3.50830502655497e-16,-3.73201134656864e-16,-6.03639625135099e-16,2.47133758470366e-16,1.03623451429635e-05,-2.11494607817072e-06,-6.39146356216781e-06,-9.87160526251948e-17,-5.91444339959595e-16,-5.2317785907866e-17,7.98615410554944e-17,1.04357122947246e-16,-4.50641517486504e-16,-3.39881037542523e-16,2.14736307241002e-17,-3.30542941741028e-17,-3.29079585651949e-17,-1.99722597368944e-16,-4.90212200216465e-19,-8.00626605032445e-17,-2.60964752296826e-16,5.86544268884288e-09,-1.40697309724461e-17,-5.9147657859006e-16,-1.96726527217571e-16,8.28886991249856e-08,-1.02464846080985e-07,-1.97207105877746e-16,-2.13788174027021e-09,7.5542292925746e-08,-1.32469997725162e-17,1.48715344679158e-15,-1.45270854114568e-07,1.81749435249829e-16,1.84860494209338e-09,4.22982823530752e-17,-1.08164790949199e-16,1.63518001756068e-16,2.78852198857132e-16,1.84457154858238e-07,-2.46927622937418e-07,9.48150713714981e-17,2.56870475795365e-16,1.2783907126448e-19,-6.90211278950191e-16,-1.13624387676481e-16,-3.52153924534887e-17,2.22093121406084e-16,2.54023895588155e-16,2.91180308335078e-09,1.58433056452954e-16,2.89086002310687e-17,-2.65740139695002e-17,8.63276376693187e-18,3.72310467749167e-16,1.42718121116379e-17,-6.30287515915822e-07,-7.95931259166962e-17,1.95910969083973e-18,4.26030583079925e-08,-4.31541522574637e-17,-4.69747669767641e-17,-2.44318855854746e-17,-2.82558044189568e-16,3.51987176826739e-08,2.03358541611996e-17,-2.65222222837071e-06,3.27964643659055e-16,-6.47496014889034e-17,1.18652526390686e-16,-2.11620593959646e-17,-4.99828969557787e-17,-2.53877967597493e-16,4.18844809585502e-08,-3.54018928674361e-16,1.26598481918607e-16,5.2764806993172e-09,-5.21513548643591e-06,-1.13781268320823e-16,8.95946569564783e-07,2.06099679762306e-06,-2.97918979839498e-17,-2.01864175512615e-16,-4.18859840421481e-17,-1.50803923773692e-16,-2.94937701941195e-16,-3.47878497585184e-06,-3.5272880102877e-16,-1.06452623435184e-17,2.31996933496004e-16,0.0095408616676495,-3.00418604847185e-16,-4.84365503799423e-17,1.70611832336281e-16,5.79976037038939e-17,-6.06455992468423e-07,1.36543640523095e-16,1.05902102585418e-09,3.01612555706616e-17,-1.74000916568061e-17,4.05488091522263e-16,-2.9338694110947e-17,-5.8608813520664e-17,-5.11595335229537e-16,-8.79205726765796e-17,-1.83916392993595e-08,-1.37648640899148e-16,-2.99095019694889e-16,7.72568799954827e-09,3.92518884271914e-16,2.16014471819742e-16,-1.0007043293798e-16,-9.59107717576833e-18,-6.69272811347938e-18,7.32735249334656e-17,-5.58200081148353e-08,-8.64052395497228e-17,1.08610888219099e-16,1.65934587852082e-08,-1.86871382148948e-16,8.07863791953306e-17,4.17124703640627e-16,-4.46411988469869e-16,-4.66458114595814e-17,4.03238742874507e-17,2.49155244522539e-17,1.58573656225227e-16,2.59175488898195e-16,1.7060957674067e-16,6.02178403278118e-17,-8.64745497263055e-09,2.86516467787426e-08,4.14441425269191e-17,2.98506662603446e-17,-1.55770795583233e-16,-6.1066988337265e-17,5.24808061591608e-16,1.34634455341127e-16,-1.13784986667417e-16,2.19757381188038e-16,-2.71909002623431e-08,-1.64245322671553e-16,3.04352686191523e-17,-7.64442977701057e-17,-2.43608402311512e-16,3.15372177718607e-09,-1.88079321017826e-16,-4.98020245932342e-10,-2.00659597558393e-18,-5.03957645465759e-17,-1.41636425675606e-17,1.27943336729483e-16,3.91453914708584e-18,1.14893252764158e-16,4.14921428974644e-18,-3.95412565575629e-16,-4.06700829197302e-17,-1.21605480171448e-16,2.65176836207912e-17,-2.26993280209968e-17,-8.92316420185498e-17,-4.96771972560815e-17,1.00476767498484e-16,-9.50622637603845e-17,-1.45025830552165e-17,-2.49383148791741e-18,-1.13234881409278e-16,-1.72750429694621e-16,2.25351421551112e-16,-5.51613852207196e-17,-1.25941532200324e-16,-2.97212912758235e-17,6.40690899824808e-17,4.01417334029309e-08,-1.42978384423751e-17,-4.48677953859172e-16,-2.22940631726667e-17,-8.291564436914e-17,-7.68723433109739e-17,-1.17192091409352e-17,-1.8852162391474e-16,1.71962868449512e-16,-1.54991197742158e-16,7.54980964187764e-17,-1.98517417782096e-16,1.14384056871332e-16,6.793420574711e-17,2.80497549676397e-17,-1.41022456189484e-16,-3.32062057295248e-17,-2.09224115869658e-16,-3.0214499878737e-07,-9.27427341274144e-18,1.2648373771871e-16,2.50858079247312e-16,1.40381741367027e-16,7.66188128429526e-17,-5.65459671109339e-17,-9.00418914844861e-17,5.22144878530855e-17,-7.10013186827271e-17,6.8591860273355e-09,1.6215171775773e-16,-5.35901549103653e-17,-3.26933918201906e-17,5.8948991808493e-17,-6.86368323124248e-17,-1.88073458652617e-16,1.12687217121443e-17,3.58650998735432e-17,-1.23604416904782e-16,-1.10637947164846e-16,-1.18886645850921e-16,2.94413170060765e-17,-5.01843551473561e-17,9.72368849839728e-06,-4.38941686155813e-17,-2.10650569128192e-16,-1.11949474145957e-16,-5.72350326855098e-16,-9.35546827241909e-09,-3.36379065213726e-17,7.57762850798772e-17,-6.51988017435426e-16,-1.34557816243404e-16,-2.66431982953187e-17,2.83479289083103e-16,2.13832600486946e-17,-1.23091623192941e-16,-1.30505375758716e-17,-2.01038964333967e-17,6.40537080881541e-17,-1.72026042790417e-18,-1.21234121320775e-16,-1.16659757254226e-16,2.35077765296685e-16,-2.51357828016638e-17,-2.69631898667612e-16
"t417",0.0339803943022136,-0.00936627776175546,-0.0101948270147616,0.000566218614303254,0.00490799059543207,-0.0124242197468589,-0.00173386675497819,-3.54601063589704e-06,-0.0280868443562056,-0.0108732555758433,0.0581286448439665,0.000442877222871549,-0.000667380596985381,-0.000117794802711362,-0.00129369021394117,-3.91372665703793e-05,-4.7077986506382e-05,7.82763549496586e-06,0.00500019535489543,0.00426005844708134,1.30454391563669e-05,-0.000108081675892273,0.0871709731804058,0.00298509601448124,-0.000237599948713045,-0.0110138902970398,0.21491879756648,0.00278809159942659,-0.00653868321688076,0.0089563635356191,0.00203870157119091,-0.0253392914373862,-9.69274724308116e-06,0.0076307140598373,-0.00771391934949667,-0.000682176757446204,-2.49579110543174e-05,6.04703946685594e-05,0.0109373993027976,0.0143339257540986,0.000159603068945685,-0.00808640361243765,8.51123333410999e-06,-0.000612359268142516,3.28635492754384e-05,-9.99075494794722e-06,2.0428457350455e-06,-3.24720114556562e-05,0.0042193678120114,-0.00737214768202438,7.79835829311121e-06,-6.42925914896726e-06,-0.249621770208425,-5.71494587206164e-06,0.000514550766791278,-0.000396076383000052,0.000182983925691525,-0.000221542151233908,0.00192839463199628,-3.14328379285789e-06,-2.91323067264826e-06,0.000150366158301014,-8.79914182972222e-05,6.5503212619955e-05,-0.00118472764121871,1.2384578388793e-05,-7.67821324836636e-05,0.000232474957337858,-5.59426583798507e-05,0.000250244517673108,-2.0676842100803e-06,5.40743857373649e-06,-1.85416900864492e-05,-1.18465584950213e-05,4.97032342568649e-06,4.19507423359302e-06,-4.27679581622252e-05,6.27507637866433e-06,-0.00283616698565653,-0.000174837441916539,1.17614895783064e-05,0.000915743648359465,-0.00219937647937969,-3.18761782402564e-05,0.000291430099830687,7.64912955996864e-05,-1.16973645669383e-05,-0.000200675975222818,-3.753069733339e-07,1.50968628685128e-05,-0.000152434893185978,8.44296730523678e-08,5.82418698456349e-05,-5.0774033072984e-05,-1.01148562509905e-05,-1.18164747686133e-05,-1.38858817769305e-06,7.3700738596033e-06,-8.26226228780079e-05,-0.00171621028506848,-3.67234312568686e-05,2.44169123677643e-07,-5.14328165176296e-05,6.02336752350707e-05,-0.000117279059379482,2.05126944282038e-06,-0.000660128084351203,9.72028102147847e-07,-0.00426968716047984,1.06840503329793e-07,4.45870667403904e-06,1.17723398521134e-05,-3.68369048304002e-06,4.03905934893148e-06,-4.20415886255446e-06,4.82240323933344e-06,-0.000868166566180176,0.000878302528709137,-7.333027616524e-05,2.55939983375382e-05,-1.44271402547951e-05,2.8073617792971e-05,-0.000395290091548621,-0.000391644763428296,1.91535174074714e-06,-3.96409948982372e-05,4.10920360246038e-06,-9.67287915812466e-05,8.69382923712101e-05,0.00302422573197744,2.23130937588981e-05,-8.78593111330018e-05,8.08373924314148e-06,0.0028828793804341,-1.44542939620357e-07,9.62767318200118e-05,-0.000277224462425532,-1.01100268082258e-05,0.000813870796436841,-0.000222242454712085,-0.00121863531912188,-1.69101003656978e-05,0.000175086932926463,1.10768593247101e-05,6.38882205542335e-08,-0.000305201047663003,-5.24645440056359e-06,0.00045122214519214,2.88707545868116e-05,-2.75984581263133e-06,-3.40564618988426e-06,-0.000176063898141627,-2.44304291175362e-06,0.000596892198581194,-1.91348594137695e-06,-3.63100327095003e-05,0.00022528354304654,-2.88397024416686e-05,-0.000182438737967352,-2.57259079224284e-05,-2.70219225094701e-05,4.01284226988045e-06,-0.000598854444636136,-4.63481986769732e-05,3.67651629954322e-05,-3.14856776477733e-05,0.133292110685988,0.00164019422432762,0.150625608692568,-0.000234634357718996,0.000192039022428722,3.13943425063891e-05,-1.83503526951873e-06,-0.000956547940335131,-7.59912619036395e-06,-1.46022101952972e-05,-6.21655789085743e-07,1.5324577168767e-05,0.000464926581420152,4.95763950945626e-05,-0.000192850576553344,-4.78961532394362e-05,9.81475197502243e-06,3.87654469047439e-08,1.18279771848524e-06,5.79180947554874e-07,0.00581253919503928,-0.00193720549179294,-0.00993502604869686,-3.33194539568021e-05,-8.83660099697933e-06,-1.27435006301478e-05,-5.21147041208474e-06,-8.42026286095181e-10,-8.44640754102471e-08,1.55508280791744e-05,9.59531710186227e-06,1.43822544775576e-07,-1.49803246662606e-05,-1.84352757880779e-06,-3.26596827492792e-05,-4.86232337506571e-06,1.32370134645871e-07,6.90271468625471e-08,7.82932013499379e-06,3.18612322193759e-07,-2.60229552272041e-06,-7.54830427880486e-08,-4.33820927245782e-06,-2.93146999440769e-09,-8.52019888776355e-05,-5.87941245482678e-07,-1.75846014668689e-06,-5.5263135856092e-05,8.85905236853892e-09,-1.64093496734863e-07,5.76091614767815e-08,3.78396254735083e-08,-2.11906954773395e-05,-5.51158593195972e-06,-2.59649535231491e-06,3.44874029936091e-06,7.78831627361423e-07,3.3963984519729e-06,-1.09884305901065e-05,-6.37768732027922e-07,-6.06637720531741e-05,-3.74419069751733e-07,-0.000149053680781482,-2.93430875450609e-05,1.63500252671705e-06,3.49145489480982e-07,1.09485302260027e-05,4.07290007762599e-06,-1.63072646426161e-05,-4.80873320441684e-08,-2.25437258970588e-05,-5.34939736011712e-17,-2.3446528699957e-07,3.42004388012877e-06,-8.1740643721252e-07,-2.43703401735071e-06,-3.79052257181506e-05,5.29199897469112e-07,-1.07513476406394e-05,5.17361988650344e-06,-1.78362298190011e-05,8.25608940098778e-07,-1.99691337888573e-06,0.00127719778975895,-1.13416022229453e-06,0.000146940885659601,-0.170911864645927,-1.15499449879779e-07,5.42387607602775e-09,-2.06694596639418e-07,1.32016403145091e-07,-2.02829819140076e-06,-7.12589983383239e-05,1.20523186929785e-05,-1.18168874507545e-06,0.0001248163102549,-2.25117498117627e-05,1.2877922416266e-06,-0.000429970088033318,5.98681834310254e-06,-1.21530062260639e-08,-0.000105211858315116,-5.08075960046803e-07,-3.93429159958924e-06,-1.01697576014165e-08,1.82667079823299e-05,-2.59113068643858e-07,2.1483272123792e-07,-3.25043622390331e-07,6.06511781502439e-07,-4.34432115315485e-07,2.97398611719746e-08,-4.89859921046822e-06,2.03445530668179e-08,-3.22422290614112e-06,1.38906546935757e-16,6.97266796316291e-06,1.18101424940722e-06,6.88581729757568e-12,5.25495733643987e-08,-6.83224523290627e-08,3.98397631337813e-08,1.09683898444061e-08,-8.12607590179516e-10,3.50735365298041e-08,-1.31377302987853e-06,-4.12187289341517e-07,1.74569483465081e-09,-8.08453463896735e-07,2.43042339444305e-06,-4.13795874813344e-08,-1.2307777280447e-06,1.77027035117494e-08,3.16466627969647e-08,4.91699124807455e-10,2.48982043795312e-06,-4.64670559784843e-07,2.12529758632158e-09,-6.96496289956793e-07,8.57428895922206e-08,-3.15855458493011e-07,2.55754000103611e-07,2.29136097103951e-06,1.17571058099722e-07,-3.76345868526733e-08,-2.51452148566398e-07,2.61586445718544e-08,-1.23637190850171e-07,3.47756128040729e-07,1.41735855981585e-06,-1.12824546235255e-05,6.74036045524101e-17,2.32192421079816e-08,1.27486930135975e-07,-1.26277695899728e-08,6.7451015589222e-06,7.24148344988728e-09,1.77091010464242e-06,7.06302971559334e-06,-5.51476644557816e-07,2.39280053307713e-06,1.59103317204544e-16,-3.16247927056159e-05,-1.42276986505369e-09,-6.32867181674468e-07,2.67833419581749e-08,5.02861001475785e-07,-3.35601437080134e-07,-5.64859343359961e-06,1.52562913563896e-06,-1.56356528810653e-07,1.01312906343346e-05,-3.31309009417817e-08,-3.20184507603023e-06,-4.30213797776259e-09,-6.38204530347374e-10,-9.12539406709973e-06,5.11793130698558e-08,-5.77259950615748e-05,3.51585641826326e-17,-2.86023731069188e-07,2.31048345055882e-08,6.66072042567615e-10,6.65277289536135e-09,-1.03803615199283e-05,-0.00115977756687189,-9.85554346997922e-08,2.02612693620244e-07,-5.63289580013669e-08,-1.02074572808884e-16,-2.50511411111262e-06,-1.00666243942691e-08,-7.99620338615087e-06,3.4993111474925e-16,1.04078039707444e-06,1.38614171613021e-07,-2.2006932507773e-08,-5.19812478601168e-05,-2.74181420805322e-06,-9.56746240825513e-06,-4.99895729930113e-07,9.9161273436501e-06,1.15939473192947e-07,6.59381067994035e-09,1.57461728050195e-06,4.77869718862229e-08,-2.39616987184313e-17,-1.98016142327404e-08,7.37139681504479e-07,3.21819358247853e-07,-2.05628897970636e-06,2.92973968529941e-19,-4.31931554319104e-08,8.13909878627202e-09,-9.31653565077237e-07,-1.33618482500046e-08,-4.86508310246152e-06,4.77764546727523e-08,-6.40274400072786e-07,3.52304263542266e-06,6.99695455976712e-17,1.2940277494329e-05,-6.14286120097197e-08,1.78856572096293e-07,1.92917390155736e-05,-2.5365053484285e-08,-5.56827137945956e-08,-1.76074432811646e-16,-1.81443032958852e-16,-5.0880449285242e-08,-3.44005491655045e-08,4.53978608774724e-09,-5.03668553876085e-06,1.43180198031293e-15,-4.09548721936718e-06,-4.84258912554138e-08,-2.40004703668432e-16,8.41608845959143e-17,-5.68595411997901e-17,6.03994965211656e-06,1.64700678510936e-07,-1.80919989363782e-07,5.50851768093407e-06,7.82348190787386e-07,1.45222424549216e-07,-6.30293710408611e-08,4.52068414017985e-17,-1.38788565277998e-08,3.90545452793764e-08,-3.62466426513545e-17,1.14034946429329e-16,-2.47064834019511e-08,-1.42965295351103e-09,-1.46889277156179e-08,3.71626294413388e-06,1.45596844320416e-08,-5.84317439001669e-07,-7.26299674512394e-16,-2.06211637235813e-07,-3.01529899600357e-16,-3.91448873364815e-05,-1.00855196590033e-15,-1.60781513159184e-08,-4.97083413369622e-17,6.65916483423677e-08,1.75510490564323e-08,4.61558364586411e-06,1.08327327417355e-06,4.78792486139469e-08,-5.51715568080066e-09,3.50745665390409e-08,1.32340461717592e-08,6.34229836529167e-06,2.11731588156841e-07,1.23967556447792e-08,-3.51159877878124e-08,-6.4396685673791e-06,-8.93895691931385e-07,-1.69537451520826e-08,1.92078662264905e-17,1.60010096528919e-07,-2.78181752131969e-08,1.48296232512297e-08,3.00744473025302e-16,2.78887809460017e-07,8.10013617038023e-07,2.61761089367741e-07,-6.16962948007702e-16,-6.37572138895591e-08,-3.67320836267014e-06,1.55530607817429e-16,-4.63217865769654e-08,1.14682920342083e-07,6.71439178876885e-17,1.76372948598561e-16,-4.48338931024529e-09,-2.54891826874559e-06,-1.49841121936359e-08,-2.16800107407118e-05,6.84139749647327e-07,1.82777182726615e-08,3.24737868311384e-06,2.2558775382136e-07,-9.7402207845006e-06,-1.27990066461914e-16,2.77943511962875e-09,2.25972941462893e-07,1.08482764072376e-06,0.0180210038117037,8.04945194098945e-15,8.9557643874421e-16,-9.18408020758672e-06,-2.15061869876204e-16,1.44469466136503e-15,-5.62556034933073e-08,5.64259032373162e-08,1.04746528246535e-08,1.08114677702213e-07,-6.59905843019031e-08,-1.62402253459003e-08,-1.29028135121465e-08,-1.24393563912591e-16,3.8043164642905e-07,1.22803414498963e-08,1.00170171088518e-07,-6.67181247675151e-09,3.19699337439742e-08,-1.49684964815471e-16,-2.02737996195903e-16,4.9878565698986e-16,-3.4106152318762e-07,-1.61427242944358e-09,-1.04897146942194e-07,-6.99423076188486e-17,-1.27250572942315e-09,2.47947739680852e-16,-1.86768778708401e-16,2.1612288415205e-07,-5.41052526948896e-08,-5.43185288415238e-17,-4.44212400613386e-07,-5.96001782142125e-09,2.83116048162164e-15,1.32783814422845e-08,1.43635757584165e-16,2.78517817123728e-06,-5.83966885189929e-16,2.76976107716271e-06,3.90560621398132e-08,1.41436975938709e-09,2.36688063332738e-07,1.61156058836011e-06,-4.34811414515767e-09,1.24761121586737e-07,-3.67324435963696e-17,6.57783731927481e-08,-3.65883403472733e-09,-3.42518844192424e-16,-4.72343922453482e-10,-9.25184262643027e-09,2.06752770591634e-09,5.68643239841506e-16,5.64555358094214e-09,7.18618011096303e-09,1.28791346138813e-16,-1.88708689263972e-07,-1.39127184561097e-07,-1.68227073323373e-10,7.12085489516033e-16,-5.03714825490095e-17,1.98505831321988e-09,8.15100358541645e-08,2.09626694003303e-08,4.5946711298264e-10,-5.27507570770427e-08,1.80667509468838e-16,-8.63762602734957e-16,-7.96364906744726e-07,-4.21068128632718e-10,-3.55682960159799e-16,-7.52531581870342e-07,2.0646719127771e-16,-2.72185385572457e-09,5.8786259414861e-08,7.99233078598858e-08,5.63627610567706e-07,-9.78955605155412e-17,-7.75781549270014e-16,5.66092149018715e-16,-6.89718215544461e-18,6.97352770139026e-10,2.50243912831845e-09,4.49611804984446e-17,9.07849415478329e-16,9.46533123963546e-16,-3.96524275411438e-09,-3.74395148540204e-11,2.34643558832458e-09,-2.51105378445048e-16,-3.60605642568679e-16,-1.79760720198097e-16,1.50611381088859e-07,-4.66991791736612e-09,6.08559700719317e-16,-9.49917089346548e-10,2.63715761491007e-08,3.06117496992871e-16,-1.41275324715658e-15,6.87155183350817e-05,2.05791097474139e-10,6.74982970519469e-06,7.1776615613501e-16,-1.44800518330834e-08,-2.51775734572629e-07,-2.99911139130401e-07,1.29415200403224e-06,7.99039684191011e-08,-1.40246048407972e-09,-1.97192118775473e-15,3.93446212673302e-15,2.44060938854758e-15,-4.25163950653588e-08,3.87988598125798e-08,1.61979722054551e-06,1.79057862920186e-08,-7.82112059569055e-15,-5.61287729102295e-15,3.19470078735058e-15,-1.22705178244772e-14,-1.71727580182452e-14,-1.43357593662469e-07,3.30111090609433e-15,-3.07268041017074e-16,5.34412537048916e-06,-4.69544850503939e-15,9.04647886653307e-05,-1.66384437203584e-15,3.64582220821587e-06,-4.36600451208557e-15,9.08088570033528e-06,2.52257820251693e-06,2.42057085545963e-06,-6.27060000039925e-15,-0.896100452356651,-1.69420284015025e-15,6.53239281850682e-06,-4.78037148962146e-07,2.58832416337861e-09,-2.80081254297571e-15,1.19156174057823e-05,5.21621372261159e-15,-6.88966631054993e-07,-3.4846222011434e-07,-1.22434137859858e-15,9.08421064502558e-16,4.72628340845591e-17,-2.99329808515924e-16,-4.59401660741693e-08,-7.62435996939949e-06,-4.83009418959244e-07,-1.50524594739448e-15,-1.34474794014107e-15,-2.51108037929277e-08,2.03624505634757e-07,2.05347295488163e-15,1.29164488985382e-15,-3.50616658927424e-07,-2.57136301924232e-16,-6.61174934542881e-06,5.76236627349488e-16,5.63692046765224e-07,5.2242026716036e-16,-7.62211030928368e-16,-1.1424112948553e-15,1.46875570446216e-15,2.9249455773106e-16,2.65601984272394e-16,9.59657451322738e-09,-6.70203957675918e-08,4.07256403055715e-16,-4.29175072023093e-08,1.7774863580598e-06,1.06956444434781e-15,1.04985060963414e-15,1.39414656770947e-15,-2.2289642664655e-15,1.54254675688467e-06,4.12981136360417e-07,1.42414768057804e-16,4.91010397085219e-16,-2.92967909229992e-07,-9.44695333924926e-08,-1.42210069504628e-09,3.42810467965514e-16,5.95771146798785e-16,1.0403914332886e-15,8.86111879992035e-16,5.42960480786661e-15,-1.11046926037169e-15,8.90111140819217e-06,-1.80496594246521e-06,-5.42044305646319e-06,-1.33469506379189e-16,4.92327763953892e-16,-2.68820895426025e-17,4.09564304376394e-16,-1.17631306592111e-15,1.27966251785507e-15,4.10501770022908e-16,4.43555912784779e-17,-3.98107917045733e-17,6.40921270289228e-17,2.49882607637806e-16,4.15977492798075e-16,3.21007481120471e-16,1.95357357160589e-16,4.55482127660662e-09,-8.78404584684944e-17,-1.26987159110939e-15,2.05327651614776e-16,6.37558547687631e-08,-7.86446540561402e-08,6.05153509159127e-16,-1.63872176695299e-09,5.72725870804302e-08,8.54116628439811e-18,1.67993479850296e-15,-1.0873080762587e-07,-3.9042653017032e-16,1.36356677786167e-09,-1.96580238457832e-16,1.32032346565552e-16,2.19037501323539e-16,2.36854315372945e-16,1.33271189426025e-07,-1.78172894764784e-07,-5.343879711774e-16,-3.90700644331856e-16,-2.32550455329664e-16,3.81711983301836e-17,9.79576662840653e-17,-1.94897971453042e-16,3.34599731197902e-16,-1.77842506939397e-16,1.99127092122942e-09,-2.52945925646638e-16,-5.4597907717078e-17,8.87088039052639e-17,5.05184039065768e-16,-7.53929028680724e-16,-1.45968738251755e-16,-4.2746436979647e-07,2.73726074712961e-16,-3.56998713936698e-16,2.88530207527142e-08,7.92497768628824e-16,2.14473938817289e-17,-1.89032364548298e-16,1.11541981380942e-16,2.35229667234135e-08,-2.80295779853894e-18,-1.76952409849555e-06,-2.03971392790303e-16,4.2776657791683e-17,-3.64963474436451e-16,-1.17562455606503e-16,5.58491285441772e-17,-5.61551070216723e-16,2.78769029112076e-08,1.49834829274993e-15,2.12253758144919e-16,3.50927628584377e-09,-3.46846431774612e-06,2.17998904360265e-16,5.96220141152924e-07,1.37218094057955e-06,-1.87840753930773e-16,4.37264520387152e-16,-6.89723035087303e-17,5.82161261817205e-17,6.65866945305877e-16,-2.54031689747206e-06,-1.21706868886976e-15,-9.40870280059648e-16,5.29380294043436e-16,0.0474000261522277,1.03428161837112e-16,-2.013384481783e-16,-9.28364460010897e-16,2.16618068779901e-16,-3.40244191103145e-07,6.96741502343736e-16,6.11757226645978e-10,-1.34980222549549e-16,-2.91214130573103e-16,-2.99833589613097e-16,-2.68491494279359e-16,-1.91015109956142e-16,-2.15591536239798e-16,7.3114368162264e-18,-1.11273266226918e-08,-2.12719358196857e-16,-6.24480776383502e-16,4.69097649542748e-09,-7.29892292308819e-16,-2.81413738154819e-16,-3.84595523811722e-17,4.69390197754291e-17,-1.08334363292945e-16,-1.17555537887825e-17,-3.40933393393835e-08,-6.97344139541003e-18,4.58566796164216e-17,1.01469909713053e-08,5.09688704069612e-18,-8.31701751261593e-17,-2.19890027496315e-17,1.49871144327263e-16,-5.03077887115066e-17,-2.14669643523046e-16,6.84880434692901e-17,-1.25611386200049e-16,8.41766780452363e-17,-3.87499245990093e-16,-7.78749482666776e-18,-5.29446154481407e-09,1.75414866311194e-08,2.76988054697572e-16,-1.3305554453344e-17,8.61668389812676e-17,-1.25048815338877e-16,2.77230495504543e-16,-3.4338902662587e-16,3.43707438543573e-16,1.93223783140147e-16,-1.66387049860622e-08,-2.0309593378257e-16,-9.75574743052342e-17,-7.4994231592833e-17,2.99850718380336e-16,1.92853115624179e-09,-1.24412575114716e-16,-3.04279194262177e-10,3.8389106232513e-17,-1.93292139082904e-17,2.71654974200096e-17,-2.14309222459085e-16,2.08107519973158e-16,-1.00971000264424e-16,-2.7352300740859e-16,4.65520700304282e-16,2.17418657716967e-16,4.18861994796408e-17,4.01760500530039e-16,3.15350734398398e-17,3.91656377989102e-16,1.50011315097427e-16,-8.25952951217644e-17,-9.79586986031096e-17,6.39828308554414e-17,6.14369996828913e-16,-9.68523183238683e-17,-3.4428771889112e-16,3.08021837203132e-16,-3.69210397896512e-17,1.78342279124025e-16,-1.35190440744673e-17,-9.6342762699016e-17,2.44507300916632e-08,-1.62037972316685e-16,4.05149352651317e-16,-9.89947804148532e-17,-3.56783238002415e-16,-8.59717722719842e-17,6.87923305856498e-17,-2.95545706374841e-17,1.0568364049443e-16,1.13150996608443e-16,3.2102041036749e-17,-2.30121911110048e-16,-2.64968458034371e-16,1.39216219847363e-16,-2.21717911475419e-16,1.18289306967185e-16,-8.46258739029355e-17,-1.61326056120833e-17,-1.8377570946088e-07,6.34151617620762e-18,-2.26949567008651e-16,-1.73199382675976e-16,-5.92242078469237e-17,1.81968106480586e-16,-5.67718860310662e-17,2.44263167263663e-16,-1.98425894035078e-17,-2.82524848487705e-17,4.16860703860734e-09,8.23084026844363e-16,2.71352226226452e-17,-4.9343475800721e-17,5.66151133030012e-17,-3.90413591731861e-18,1.54857801113827e-16,7.93509488395611e-17,7.66646717847464e-17,-8.85357792097112e-18,1.66540176398829e-16,1.55670413698781e-16,2.01408497414744e-16,-3.78917005955003e-17,5.90851263690897e-06,-1.52988794277035e-17,2.14715186191398e-16,-4.7145182983024e-17,-4.40836603332606e-16,-5.68551696224933e-09,2.86949786587441e-17,3.2387939412003e-16,1.07477457848045e-16,5.01405351384909e-17,-3.39430633163604e-17,3.2007350876414e-17,8.3415956972204e-17,5.84716561787871e-18,-6.15295937365428e-17,-1.45660894029324e-16,-8.83828698974086e-17,-3.50991539912045e-17,7.83374276143053e-18,3.56209053633895e-17,-3.65057127764392e-17,-1.60175926155592e-16,-1.86727484146709e-16
"t672",0.0339912910675437,-0.00937260502023456,-0.0102019365595702,0.000566747680882669,0.00491360409855437,-0.0124408872570237,-0.00173623838846914,-3.55124600979556e-06,-0.0281358020036121,-0.0108962253547171,0.0582843092460884,0.000444337154080908,-0.00066964460971871,-0.000118200425381925,-0.00129833812000369,-3.92861274386389e-05,-4.72613014071675e-05,7.85866419569466e-06,0.00502047221217644,0.00427881660835709,1.31075390520084e-05,-0.000108701787515642,0.0876989134978121,0.00300327728425549,-0.000239052743469154,-0.0110844179232947,0.216311171966239,0.00280631529753639,-0.00658255836224628,0.00902722463199745,0.00205589107510151,-0.025562558997669,-9.78424796007748e-06,0.00770612499208418,-0.00779399788668721,-0.00068981682397858,-2.52409264477766e-05,6.11668617569186e-05,0.0110642156887208,0.0145025635121311,0.000161533998286609,-0.00818657286568319,8.61821438690321e-06,-0.000620065506430908,3.32842320793709e-05,-1.0126685676116e-05,2.07114680061194e-06,-3.29256712396514e-05,0.00427970379530401,-0.0074802059140205,7.91640716711278e-06,-6.52802921283636e-06,-0.253464841626901,-5.80453899094507e-06,0.000522902633655479,-0.000402538608599882,0.000186249398786673,-0.00022558931858376,0.00196372017682019,-3.20414736480853e-06,-2.97196024566114e-06,0.000153457100406725,-8.9828544059882e-05,6.68761442340834e-05,-0.00121027539913393,1.26583959865885e-05,-7.85726324390443e-05,0.000238023135089227,-5.72919496321407e-05,0.00025639482009676,-2.12353108864187e-06,5.56358954557023e-06,-1.90824736720853e-05,-1.21991480067501e-05,5.11862804456704e-06,4.32133262384137e-06,-4.40595464481864e-05,6.4677642550068e-06,-0.00292651925697269,-0.000180488779812351,1.21510470619513e-05,0.000946233082619181,-0.00227539657112213,-3.29901939559582e-05,0.000302096021717535,7.93253374595582e-05,-1.21361109971656e-05,-0.000208217849164679,-3.89419163186929e-07,1.56652662259248e-05,-0.00015820075571414,8.77628504149588e-08,6.05500428427749e-05,-5.28383324466381e-05,-1.05440191023785e-05,-1.23210002991727e-05,-1.44789380832654e-06,7.68986334110976e-06,-8.62285616005964e-05,-0.00179275539313551,-3.83900664968639e-05,2.55267363170141e-07,-5.37746311552727e-05,6.318972119662e-05,-0.000123066020938384,2.1529137125396e-06,-0.000693083538789716,1.020655218807e-06,-0.00448406867081062,1.12234708142707e-07,4.68422403643673e-06,1.23741218284616e-05,-3.87223174004297e-06,4.25152571726313e-06,-4.42658548225852e-06,5.08074707572646e-06,-0.000914934990657416,0.000926338564613646,-7.73988886006607e-05,2.70293500091898e-05,-1.5241142648014e-05,2.96905790252097e-05,-0.000418358727969553,-0.000414512091036175,2.02739516253603e-06,-4.1990970297978e-05,4.35307120603837e-06,-0.000102534652666565,9.2324775227117e-05,0.00321166475200851,2.36995588058789e-05,-9.34330657827872e-05,8.59863490175831e-06,0.0030670391404581,-1.5388620315661e-07,0.000102510217962325,-0.000295619715712502,-1.07940212204458e-05,0.000870381691646311,-0.000237684993482517,-0.00130368446668232,-1.80928982838421e-05,0.000187377493728568,1.18554817653355e-05,6.8379178851621e-08,-0.000326864535052934,-5.62605050617136e-06,0.000484500633622046,3.10101167216467e-05,-2.96648313956918e-06,-3.66084562384764e-06,-0.00018930898318613,-2.6272540220504e-06,0.00064201711769515,-2.06161990285365e-06,-3.91315703732871e-05,0.000242836094476058,-3.12224727183048e-05,-0.000197722305691019,-2.78856200416305e-05,-2.93169149832879e-05,4.35446349573194e-06,-0.000650591758632027,-5.03595161437076e-05,3.99925235281463e-05,-3.42872854104386e-05,0.145617426509603,0.00179206316151229,0.16457712329665,-0.000256479384431914,0.000210026061461705,3.43373847064423e-05,-2.00910171654249e-06,-0.00104761826438453,-8.3283728565128e-06,-1.60062256729711e-05,-6.81487930011785e-07,1.68266189682925e-05,0.000511350116213706,5.45423884181481e-05,-0.000212226501506017,-5.27512639078865e-05,1.08130435500748e-05,4.27215553417448e-08,1.30388377892721e-06,6.39096801133798e-07,0.00641539728020188,-0.00214262011072129,-0.0109892675494728,-3.6881091519456e-05,-9.80023663037149e-06,-1.41561404417452e-05,-5.79242432598059e-06,-9.36676480537551e-10,-9.40173331142283e-08,1.73420646568655e-05,1.07049079240828e-05,1.60592142918549e-07,-1.67342354483743e-05,-2.0662508616241e-06,-3.66111838508624e-05,-5.45835818800365e-06,1.48804380190084e-07,7.78591861741717e-08,8.83122103139767e-06,3.59496596318328e-07,-2.939027903746e-06,-8.53070589779993e-08,-4.91149224770441e-06,-3.3261477808247e-09,-9.68444954922246e-05,-6.68647266708356e-07,-2.00480517655025e-06,-6.30920978405114e-05,1.01144560344074e-08,-1.87549066682611e-07,6.60248123836063e-08,4.33902461296679e-08,-2.43679802666502e-05,-6.35045627031125e-06,-2.99372589940151e-06,3.98758203516021e-06,9.01125328663197e-07,3.93261253140776e-06,-1.27520423190476e-05,-7.40467613335829e-07,-7.04402701653701e-05,-4.35842126628227e-07,-0.000173768902059053,-3.42664953897433e-05,1.91080532774541e-06,4.08367397540723e-07,1.28152089997331e-05,4.7683248289394e-06,-1.91292165497463e-05,-5.64782013391074e-08,-2.65128468129337e-05,1.06345418755658e-16,-2.76277168923646e-07,4.03149032305629e-06,-9.66125792940301e-07,-2.88640228621301e-06,-4.49716315201106e-05,6.27919635602944e-07,-1.27978408089606e-05,6.16173222275375e-06,-2.12480696569853e-05,9.84710433948763e-07,-2.38365919346875e-06,0.00152681117298629,-1.35671002598893e-06,0.000175821978273894,-0.204808981683499,-1.39279332598305e-07,6.55530361573899e-09,-2.50281973780344e-07,1.60515794274408e-07,-2.46688953945733e-06,-8.6919886089248e-05,1.47251847810718e-05,-1.44714457199157e-06,0.000152970580564809,-2.7611493338339e-05,1.58126529348425e-06,-0.000528819944996912,7.36456195076053e-06,-1.50125006748719e-08,-0.000129979814030057,-6.27750298392621e-07,-4.86655694716017e-06,-1.25849422375872e-08,2.263560224841e-05,-3.21167249372017e-07,2.68503128121161e-07,-4.06623506494415e-07,7.5929294913404e-07,-5.44787744697239e-07,3.73452081714401e-08,-6.17033363960596e-06,2.56493736347758e-08,-4.06784453959983e-06,-2.38410961258028e-16,8.81882423745489e-06,1.49419936556421e-06,8.72107503893676e-12,6.6724344499384e-08,-8.69417534938999e-08,5.07498028703056e-08,1.39792820879064e-08,-1.04265904230531e-09,4.50226093384599e-08,-1.68664152252388e-06,-5.30232478343532e-07,2.25856852114642e-09,-1.047020966161e-06,3.14981967118698e-06,-5.37520215355754e-08,-1.61317006453135e-06,2.32916746108246e-08,4.16472573078369e-08,6.47123114683856e-10,3.30858893322142e-06,-6.2459715060519e-07,2.8610241059481e-09,-9.39663052041963e-07,1.15988295020076e-07,-4.27625088473602e-07,3.48678505226541e-07,3.12555121577172e-06,1.60530243201214e-07,-5.14201955909249e-08,-3.4431738994818e-07,3.59074084900764e-08,-1.70102112991116e-07,4.78928048583708e-07,1.95531002060469e-06,-1.56217219563638e-05,2.5600138029116e-17,3.28985674510272e-08,1.81060255159852e-07,-1.79983777239684e-08,9.61482182327417e-06,1.03235462109961e-08,2.5268512583334e-06,1.00947649938564e-05,-7.89758724029317e-07,3.44061460353628e-06,-1.37277589652901e-16,-4.59049937607106e-05,-2.06767676420206e-09,-9.2208247839552e-07,3.90350444105873e-08,7.37581187136962e-07,-4.94005237090916e-07,-8.35704568090148e-06,2.26512389157249e-06,-2.33941589650871e-07,1.52680539291335e-05,-5.01618571195301e-08,-4.86057996965622e-06,-6.54166436110963e-09,-9.73291569924704e-10,-1.39211891768353e-05,7.8240444491702e-08,-8.83933074872923e-05,1.3785449636571e-16,-4.43441061342684e-07,3.59146327936653e-08,1.03538259356216e-09,1.04193488664506e-08,-1.62759766665004e-05,-0.00184448683002054,-1.57387576656147e-07,3.23825814291232e-07,-9.03079311921481e-08,-6.602617320587e-17,-4.03062031939704e-06,-1.62184134776675e-08,-1.29476264396564e-05,2.70738909204417e-16,1.69453912118462e-06,2.25978267162203e-07,-3.59015166479564e-08,-8.49198355449756e-05,-4.48978544779788e-06,-1.56948577032079e-05,-8.21195904348109e-07,1.63574874183612e-05,1.91346763689985e-07,1.09138721103122e-08,2.61961900431645e-06,7.95218719031247e-08,-5.52207381716026e-17,-3.32885444260323e-08,1.24142553688763e-06,5.44130917219641e-07,-3.49791946304709e-06,-1.51184440690843e-16,-7.44594557766767e-08,1.42476025397661e-08,-1.64238592272353e-06,-2.36332831235578e-08,-8.63935141037644e-06,8.54776129008993e-08,-1.15974737709311e-06,6.58644391881842e-06,1.06138408939046e-17,2.49120247208121e-05,-1.18569711339344e-07,3.4713472300181e-07,3.77323973929918e-05,-4.96406639376863e-08,-1.09213644567997e-07,2.16840434497101e-17,1.08216872231919e-16,-1.01080989594965e-07,-6.91216574842869e-08,9.13490751597535e-09,-1.024045340872e-05,3.26410713449853e-15,-8.52324113772784e-06,-1.01857398124769e-07,-5.97194290762044e-17,3.54205385243559e-17,-1.64465522695354e-17,1.31494038880372e-05,3.60190911576625e-07,-4.01985888007757e-07,1.24087829240253e-05,1.76523287436787e-06,3.32626455653451e-07,-1.44619782773052e-07,-5.04136538004215e-17,-3.28660116969468e-08,9.35517262893498e-08,-7.51956565528353e-17,-1.85244602336504e-16,-6.20275895526418e-08,-3.63193328658989e-09,-3.79240157921435e-08,9.70124916198389e-06,3.88401103857434e-08,-1.56431511771825e-06,2.86729384523507e-16,-5.54774069931165e-07,-2.81147130702805e-17,-0.000106828526794153,-3.06558164270276e-17,-4.43509705663294e-08,2.31326476557974e-17,1.86255835522293e-07,4.92294804559661e-08,1.34563579341334e-05,3.18517968788658e-06,1.41286207633199e-07,-1.65398452764501e-08,1.06632827041629e-07,4.16086579410937e-08,1.99466627739806e-05,6.73031135482834e-07,4.01982705384174e-08,-1.17047382250306e-07,-2.19853530385253e-05,-3.11168802548084e-06,-5.95949775934377e-08,-1.2765322148499e-16,5.80187578900838e-07,-1.04057456939368e-07,6.10511623690868e-08,2.73633075159342e-16,1.18326830586117e-06,3.60507547569746e-06,1.19012887358011e-06,7.22306730331434e-16,-2.93148387274814e-07,-1.76862707443875e-05,1.01256130319779e-16,-2.28394132505288e-07,6.63478557491793e-07,4.21015282860647e-17,1.01330419131868e-15,-2.78820290210603e-08,-1.59599574791017e-05,-9.69386443233332e-08,-0.000145995120802867,5.08384104262079e-06,1.37060187407096e-07,2.46701929301255e-05,2.00361541040881e-06,-0.000100754549212913,-2.94062192131295e-14,3.06908028693527e-08,2.52463077541559e-06,1.26449862655953e-05,0.22167392331533,9.67298465472335e-14,8.42041810560052e-15,-0.000122308640683098,-3.27442695740629e-16,3.75403085820085e-14,-1.61804553572095e-06,2.04748620526836e-06,3.82196644776052e-07,9.50041897232522e-06,-7.18753528701006e-06,-1.86455594478157e-06,-2.28019792336492e-06,1.19378487869257e-15,-1.37531045107844e-05,-3.50956125645942e-07,-2.67628476957676e-06,1.34227860790297e-07,-4.39629756145064e-07,-2.3210107798751e-17,1.85965704039449e-16,-5.70534176519329e-16,3.17719076922865e-06,1.31347501083782e-08,8.45267290094109e-07,-7.0830876905837e-17,9.12227628990858e-09,-3.99996748108635e-16,-1.47392222515931e-16,-1.02083315406009e-06,2.54411017326537e-07,1.3314002678122e-16,1.91764538757369e-06,2.45327555103704e-08,3.22652851554546e-16,-4.97981300369194e-08,1.99944966355709e-17,-9.39958026180395e-06,-1.51102092875069e-16,-9.26228917450201e-06,-1.29686713691254e-07,-4.65926335645621e-09,-7.71164149067294e-07,-5.123437270809e-06,1.26419092431255e-08,-3.22296520179501e-07,1.88621148123659e-16,-1.47949314216451e-07,8.11264699933998e-09,2.73924959531177e-16,1.02769888670199e-09,1.94552758050109e-08,-4.21781289871146e-09,8.59195583190053e-16,-1.04108873604456e-08,-1.2994854316646e-08,-1.5184961059054e-16,3.32535220709257e-07,2.42076977905246e-07,2.7936971317848e-10,-1.25374185905198e-16,-5.69465783509899e-16,-2.95885059189997e-09,-1.16124021511493e-07,-2.9590639984595e-08,-5.34991093694703e-10,5.95560413028808e-08,3.38492724117182e-17,2.59619389184899e-16,8.80221637489203e-07,4.64157601404641e-10,2.62177207972033e-16,8.004483759399e-07,7.66580405798859e-17,2.79724298983905e-09,-5.76356325413661e-08,-7.80975128411276e-08,-5.4356732631926e-07,8.39139619111512e-17,1.31971841288268e-16,-1.86312721669908e-16,-1.088893427433e-17,-5.97624856456014e-10,-2.12386369464979e-09,2.02729350887586e-16,-2.15621439210855e-16,-2.85231449745806e-16,3.24923633576267e-09,3.02148049042226e-11,-1.81675913763242e-09,6.45108543492875e-17,-1.96742036724651e-16,-2.11609159014858e-16,-1.01155643388558e-07,3.12101053054477e-09,-3.78152739244376e-16,6.00105093538587e-10,-1.62834184549419e-08,1.11128744507984e-16,4.37164103303205e-16,-4.01848030897468e-05,-1.19819898083758e-10,-3.80521149847499e-06,-2.71504029322762e-16,7.72999290943794e-09,1.30386038935359e-07,1.48812202683775e-07,-6.05187471171382e-07,-3.67693230568224e-08,6.26071529089722e-10,4.43981522781641e-16,-1.00394240108641e-15,-3.20893770787529e-16,1.58650955595758e-08,-1.44367841378719e-08,-5.88565947263085e-07,-5.74904373802053e-09,1.8086282550406e-15,8.58799013481658e-16,-5.93775029764923e-16,2.84904208728069e-15,3.99795689591183e-15,4.01226236341321e-08,-7.7298094378448e-16,1.28348190287566e-16,-1.41374082086321e-06,8.63382210725956e-16,-2.38587267064113e-05,3.61464903286086e-16,-9.56592228080366e-07,1.09997989127583e-15,-2.15095460692169e-06,-5.82646681144778e-07,-5.37595531680504e-07,1.28429722018685e-15,0.189414603406619,2.57929737269606e-16,-1.23254281686768e-06,7.68173315537721e-08,-4.12877872852771e-10,1.11738967005732e-17,-1.77193072830714e-06,-1.24916547115661e-15,9.10502411439846e-08,4.57739684136216e-08,4.76053160959046e-17,-3.15569352535031e-16,7.62865516111323e-17,6.56483258775313e-17,5.43140461811192e-09,8.75508321064102e-07,5.35767055129827e-08,1.0600036777714e-16,3.12509530702802e-16,2.33002404936988e-09,-1.87345644002586e-08,-7.34668941791773e-16,-5.82930039071475e-17,2.4804448213791e-08,6.43804551291855e-17,4.38949221764757e-07,-3.00471184904397e-16,-3.05140116011669e-08,-1.56166460575126e-16,-2.4042666373532e-16,2.27070759515844e-16,-2.2913446168563e-16,-1.67417119371987e-19,6.13386248692526e-16,-2.96364540007117e-10,2.05032704897848e-09,-5.36627654979763e-17,9.87263549882078e-10,-3.53890236913604e-08,3.05476930081104e-16,-1.4811302077736e-16,-2.84760033592811e-16,1.1028903128958e-15,-1.09783512103219e-08,-1.75925560275925e-09,2.23588315789034e-16,-1.71153021664262e-16,3.32277333233033e-10,6.91342962921574e-11,-8.79911071386729e-13,8.13987451431375e-16,-9.69950211998495e-17,-2.1635829660203e-16,-2.55526305153456e-16,-1.40912763514177e-15,1.27212383476594e-16,1.85690812706796e-07,-4.07676526278321e-08,-1.3155197530359e-07,-9.27579553334675e-17,9.09019089286474e-17,-4.12958254753546e-16,-1.09956206365419e-16,3.62448653384499e-16,1.25644377240758e-16,-5.37678017375774e-17,-9.53600242002162e-17,1.52026815482039e-16,-1.37985192066637e-18,-5.18596623649483e-17,-2.13951002979812e-16,-1.23289500932857e-16,-7.81126161306429e-17,2.17580261541248e-10,2.84875212239074e-16,5.00843547071833e-16,6.3284271544775e-17,3.19525986625006e-09,-3.98176613526876e-09,-2.03984382736224e-16,-8.34807232226598e-11,3.06083735531564e-09,1.44535053265943e-18,4.53938410668165e-16,-6.0975391239824e-09,-2.4395539270444e-17,7.97863982073442e-11,3.89144171259025e-18,-1.89192140167996e-16,-2.83052320148377e-16,-6.09352718447322e-17,8.03697163750095e-09,-1.07482353115815e-08,-1.68259899785533e-16,5.41409253433313e-16,5.08569972942626e-17,3.11105433373148e-15,-1.01844531072426e-15,5.33113983545398e-16,-5.70991012955651e-16,3.58017604723624e-16,6.75384514550743e-11,-2.98981797349588e-16,-9.00592640379182e-18,-4.94601961378953e-16,-4.31458890624845e-16,-1.36242755294774e-15,2.11216930043058e-17,-7.12559127958699e-09,2.71115643127246e-16,5.74881955087692e-17,3.67377769951945e-10,5.78481030808529e-16,-4.29496467994568e-16,-5.17385063507045e-16,1.49673832259657e-16,-1.44210175434791e-09,4.82670220888633e-16,1.46415377468933e-07,-1.1394424040294e-15,-3.44732965525021e-16,2.69452784131595e-15,-1.51586392669169e-15,4.95286948748743e-16,-1.19015273697606e-15,-3.89891422677476e-09,-7.24572012195053e-15,5.84799710662381e-17,-7.06929831715377e-10,7.11431558953679e-07,2.86128374459313e-16,-1.66283205333371e-07,-4.21782282578915e-07,2.04623741848156e-15,-2.57538468210732e-15,9.83560824497462e-16,6.70500134820946e-16,-5.33275392254937e-15,5.82410510362515e-06,2.53313635245473e-14,1.24587338823852e-14,-1.13157353090615e-14,-0.835021351374697,9.90086195678131e-16,1.79466002661411e-15,8.56771503880066e-15,-5.0215991826906e-15,-1.01280166293767e-06,-7.94921406618699e-15,1.3980923368646e-09,5.35411526845065e-16,2.55602404262015e-15,-4.45710847260495e-16,3.15957421332386e-16,3.34263130452366e-16,-3.97104527800813e-15,8.42612867770101e-16,-1.29029674376048e-08,1.65601297847399e-16,3.71178364475248e-15,4.96661081227754e-09,-3.4024925272369e-16,5.86934358513012e-16,-5.68814018788317e-16,4.76479723961974e-17,1.27446518793426e-15,-3.47473755859043e-16,-2.94286922196724e-08,7.72299513367401e-16,-5.17482113976857e-16,8.20553470948516e-09,2.05989336978973e-15,-3.87393769977332e-16,-2.45426557365867e-15,5.3249473280358e-15,1.60415262541875e-15,1.94096822473215e-15,-1.96999354385014e-16,-2.92141899936861e-16,-1.76816287009236e-16,5.06622182344785e-16,-5.31608357855104e-17,-3.63690076168656e-09,1.1882367740057e-08,-2.91830721514618e-17,-1.5772330903286e-15,-7.79338026449859e-17,8.8802504290287e-16,-4.92010945873922e-16,-5.354809071775e-16,9.10245060724084e-16,-7.86845956107741e-17,-1.06123679859343e-08,1.90923855101113e-15,-1.29421900429254e-16,-1.8353860977864e-16,-1.24779476405396e-15,1.18402464397481e-09,-6.55093276840404e-16,-1.8079865996608e-10,-4.41399420412174e-16,-3.55908865995809e-16,-4.1705755085716e-16,-2.63369140288243e-16,-3.16557916626532e-17,1.36920821450793e-16,3.12839623825625e-16,-6.72164445209711e-16,1.7525891189309e-16,-5.64570655551467e-18,-1.22851588047541e-15,2.04321763154841e-16,-9.22891387981083e-16,-4.13460844424525e-18,-2.25464465062276e-18,8.89456681977724e-16,3.56925512178837e-17,-1.04580622849209e-15,-3.59305420740955e-17,2.46295859278686e-15,-1.03888252167561e-15,1.8305493231593e-17,1.96521850925942e-16,6.07775515903115e-16,-1.49332526055755e-16,1.36204906267401e-08,6.9197486108557e-16,-5.91160211059453e-16,1.07266928525764e-16,9.59931512766862e-16,2.04186201559894e-17,1.45864247223892e-16,4.33921724645291e-16,1.37483727036569e-16,-1.75344744077273e-16,-2.75715919973022e-16,2.83193607453214e-16,2.16734572942882e-16,-1.64865830629846e-16,-2.44874958891385e-16,-3.74396066701902e-16,-1.08351101610077e-16,1.23752232306639e-16,-1.0073022280806e-07,-8.68609487104954e-17,-1.0672705666996e-16,-9.64236439105781e-17,-6.65782132874117e-16,-1.21482012390696e-16,2.17838536921815e-16,-7.03352074221646e-17,5.19145746215124e-16,-1.64454482778952e-16,2.27349691441561e-09,1.01210326315967e-15,-1.37816821363184e-16,-1.05371143663084e-16,5.08169280365958e-17,-1.54716293320062e-16,4.44793258915489e-16,3.915969788101e-17,3.01009243363993e-16,2.29250555199732e-18,-1.87049482452642e-16,-1.48939160746897e-16,-8.1952721471226e-16,2.12500155117822e-16,3.22912088226564e-06,-1.13801970079992e-16,-2.43870030530886e-16,7.74365378037949e-17,-1.28694797874029e-16,-3.11521142232735e-09,-9.59360285131616e-19,-1.9987870034736e-16,-4.37349110506974e-16,2.73548497368648e-16,1.707111306778e-16,-3.51764421084987e-16,-7.46730723797872e-18,8.91025297661861e-17,1.90687357973892e-17,-8.04330642712397e-18,1.56876127475083e-17,3.40173006146571e-17,-5.24112865786605e-17,9.05515682507277e-17,-3.16928055956021e-16,5.76874862777291e-17,-3.52053693894358e-18
"t811",0.0339932748468708,-0.00937375672552942,-0.0102032306459907,0.000566843971753971,0.00491462566715235,-0.0124439202078873,-0.00173666994435836,-3.55219862131742e-06,-0.0281447091017169,-0.0109004036579459,0.0583126180514174,0.000444602580105975,-0.000670056205781528,-0.000118274165626862,-0.00129918303011701,-3.93131852406512e-05,-4.72946204177525e-05,7.86430374268487e-06,0.00502415743253927,0.00428222527996678,1.31188218332457e-05,-0.00010881440479324,0.08779477804631,0.0030065786280488,-0.00023931653824462,-0.0110972224963904,0.216563954639831,0.00280962368682142,-0.00659052298052058,0.00904008110252814,0.00205900908083205,-0.0256030506994259,-9.80083786178507e-06,0.00771979499419272,-0.00780851080354359,-0.000691200960329873,-2.52921966426445e-05,6.1293021705216e-05,0.0110871867733968,0.0145331076884357,0.000161883682717891,-0.0082047108568239,8.63758426545828e-06,-0.000621460780694372,3.33603927327407e-05,-1.01512859735079e-05,2.07626807853681e-06,-3.30077599822479e-05,0.00429061988899793,-0.00749975294654215,7.9377569703767e-06,-6.54589058365529e-06,-0.254159804598804,-5.82073860400881e-06,0.000524412396778024,-0.000403706739378761,0.000186839283699198,-0.000226320277527897,0.00197010018472161,-3.21513474174286e-06,-2.98255874803505e-06,0.000154014805378398,-9.0159974519049e-05,6.71238221500905e-05,-0.00121488303991523,1.27077685635989e-05,-7.88953141817732e-05,0.000239022788220311,-5.75350344398606e-05,0.000257502626865945,-2.13358000141278e-06,5.59166477534338e-06,-1.91796922965058e-05,-1.22625184275981e-05,5.14528178927984e-06,4.34402169581512e-06,-4.42916393416917e-05,6.50238210164663e-06,-0.00294274394096976,-0.000181503401479477,1.22209636655199e-05,0.000951704840743547,-0.00228903227052643,-3.31899828859076e-05,0.000304007559775448,7.98331578061938e-05,-1.22147133968565e-05,-0.000209568951522314,-3.91947296265527e-07,1.57670910067706e-05,-0.000159233588504452,8.83595151425672e-08,6.09631980495296e-05,-5.32076806292251e-05,-1.06207504469716e-05,-1.24111961841904e-05,-1.45849604036331e-06,7.74701724780922e-06,-8.68729617907941e-05,-0.00180642912237344,-3.86876942207339e-05,2.572492312946e-07,-5.41928075225543e-05,6.37168324874555e-05,-0.000124097820979688,2.17103511670236e-06,-0.000698958056487383,1.02932295238411e-06,-0.00452227916752482,1.13196043660083e-07,4.72441345771584e-06,1.24813424034739e-05,-3.90582361728779e-06,4.28935902093323e-06,-4.46618764168698e-06,5.12673209841631e-06,-0.000923258759261218,0.00093488518184296,-7.81225554229837e-05,2.7284590164385e-05,-1.53858726755522e-05,2.99779437228484e-05,-0.000422457247734115,-0.000418574798922645,2.04730043103114e-06,-4.24083322330121e-05,4.39638165063106e-06,-0.000103565493331776,9.32804401035486e-05,0.00324491973491529,2.39455271874596e-05,-9.44213930069812e-05,8.68992623423783e-06,0.00309968846580124,-1.55542170476335e-07,0.000103614974656872,-0.000298877892386989,-1.09151107909803e-05,0.000880379242616372,-0.00024041693798873,-0.00131872880332145,-1.83021110077911e-05,0.000189551236586362,1.19931861261177e-05,6.91734332114438e-08,-0.000330694867936883,-5.69313250727115e-06,0.000490378508376649,3.13879361893713e-05,-3.00296557272925e-06,-3.70590080905469e-06,-0.000191647132019988,-2.6597706252017e-06,0.000649981899260089,-2.08774869201498e-06,-3.96291970939665e-05,0.000245931552634959,-3.16419562144833e-05,-0.000200411825240357,-2.82656499526367e-05,-2.97206052545404e-05,4.41455043790781e-06,-0.000659687546526371,-5.10646950590448e-05,4.05596314955345e-05,-3.47793681965977e-05,0.147779577402893,0.00181870337777268,0.167024412151588,-0.000260310650808141,0.000213180068734709,3.48534290289523e-05,-2.03961113089196e-06,-0.00106357859134442,-8.4561410884908e-06,-1.62522010871962e-05,-6.91969821925414e-07,1.70895949761306e-05,0.000519472662752323,5.54111725363409e-05,-0.000215615896360606,-5.36002934136941e-05,1.09875970712126e-05,4.34132080643276e-08,1.32505108296847e-06,6.49566892307447e-07,0.00652073488754065,-0.00217848346193698,-0.0111733227432078,-3.75027342390669e-05,-9.96830347324891e-06,-1.44023659465029e-05,-5.89366401742899e-06,-9.53165350438038e-10,-9.56812056464903e-08,1.76538210531956e-05,1.08979975205654e-05,1.63509422577033e-07,-1.70393005429105e-05,-2.10494167515396e-06,-3.7297586254966e-05,-5.5618386473896e-06,1.51656123031075e-07,7.93898461013611e-08,9.00485710058881e-06,3.66581294957451e-07,-2.99735854741086e-06,-8.70084127910405e-08,-5.01071062260966e-06,-3.39439977634852e-09,-9.88565449141516e-05,-6.82592033126538e-07,-2.04733143433516e-06,-6.44429251982507e-05,1.03310640965396e-08,-1.91594511557534e-07,6.74748443907859e-08,4.4346446118289e-08,-2.49147719298726e-05,-6.49471929564132e-06,-3.0620221893966e-06,4.08013273793531e-06,9.22125302610867e-07,4.02466577217406e-06,-1.30545640844533e-05,-7.58081256843581e-07,-7.21169479300278e-05,-4.46367017057195e-07,-0.000178001623565601,-3.51091776981951e-05,1.95799858987273e-06,4.18498175113876e-07,1.313444849736e-05,4.88724761228354e-06,-1.96114614603311e-05,-5.79115103105595e-08,-2.71905293486572e-05,7.45511909111156e-17,-2.8341133469079e-07,4.13580471032068e-06,-9.91474396301665e-07,-2.96294095585885e-06,-4.61745134571497e-05,6.44723654855357e-07,-1.31458150173948e-05,6.32971454556019e-06,-2.18280446505945e-05,1.01174501770807e-06,-2.44935725262504e-06,0.00156919285457127,-1.39448824005351e-06,0.000180724145983833,-0.210559674520305,-1.43305162754945e-07,6.74670673706445e-09,-2.57651038273688e-07,1.65327491617485e-07,-2.54093198895874e-06,-8.95612264108463e-05,1.51757456619466e-05,-1.4918579482605e-06,0.000157711725238833,-2.84700636024455e-05,1.63065552581393e-06,-0.000545447162183419,7.59629380970536e-06,-1.54928117867403e-08,-0.000134139974549718,-6.47850753904133e-07,-5.02308259307838e-06,-1.29903921282418e-08,2.33687133282535e-05,-3.31579250563141e-07,2.77484789583908e-07,-4.20271808111127e-07,7.84847317658565e-07,-5.63236178990177e-07,3.86160734490125e-08,-6.3826382110745e-06,2.65347171788004e-08,-4.20860886722857e-06,-3.30911140292932e-16,9.12663344105606e-06,1.54641138735513e-06,9.02700067738586e-12,6.90848487288464e-08,-9.00403211875891e-08,5.25648402734673e-08,1.44801070498959e-08,-1.08084766850429e-09,4.66739227561925e-08,-1.74852676866375e-06,-5.49812704458519e-07,2.34349277559562e-09,-1.08651247274971e-06,3.26888086956086e-06,-5.57982713094921e-08,-1.67624633538262e-06,2.42125561063407e-08,4.32949252731437e-08,6.72729637222527e-10,3.44310904079098e-06,-6.50786859720237e-07,2.98145646278951e-09,-9.79443045473e-07,1.20932477168732e-07,-4.45891730727821e-07,3.63835902311006e-07,3.26160038015838e-06,1.67534629197953e-07,-5.36674904774082e-08,-3.59446878591683e-07,3.74945979978746e-08,-1.77662320255194e-07,5.00264929294993e-07,2.04277453360915e-06,-1.632653647483e-05,-4.04379969158497e-17,3.44611618752248e-08,1.89703596127414e-07,-1.88640515866399e-08,1.007737143888e-05,1.08203074176903e-08,2.64866473762625e-06,1.05830935374661e-05,-8.28119737389399e-07,3.60912658789046e-06,-2.08619866992804e-17,-4.81960635009938e-05,-2.17111252910693e-09,-9.68439566624055e-07,4.09986669430318e-08,7.75140653403135e-07,-5.19330328077865e-07,-8.78952254044712e-06,2.38310204748109e-06,-2.4629623306077e-07,1.60846153566661e-05,-5.28661626113838e-08,-5.12380136078164e-06,-6.8969117032498e-09,-1.02640842686622e-09,-1.46813402398352e-05,8.25276150062309e-08,-9.32499233446341e-05,8.10449214575892e-17,-4.68298684032766e-07,3.79362012478592e-08,1.09366480070652e-09,1.10127476686137e-08,-1.72045500654813e-05,-0.00195198683856034,-1.66615843966842e-07,3.4283557610644e-07,-9.56331788280333e-08,-3.31600182931362e-16,-4.26951326159725e-06,-1.71814968747601e-08,-1.37219407234835e-05,1.22033373499296e-16,1.79665392260229e-06,2.39620398445962e-07,-3.80708760263168e-08,-9.006098439833e-05,-4.76247592114673e-06,-1.66503924824737e-05,-8.71286047686732e-07,1.73607976363597e-05,2.03091017160363e-07,1.15862874002943e-08,2.7820983596412e-06,8.4455818518972e-08,-5.80816955337706e-17,-3.53809820390145e-08,1.31963440435883e-06,5.78580813644084e-07,-3.72104143620887e-06,-3.96998342204522e-17,-7.92856055571292e-08,1.51876350191951e-08,-1.75161010700585e-06,-2.52107708514297e-08,-9.21855843391448e-06,9.12550489339169e-08,-1.2391678524716e-06,7.0520887414165e-06,5.66604081593829e-18,2.67223786956027e-05,-1.27206614296602e-07,3.72545996081962e-07,4.0513418080267e-05,-5.33012793615591e-08,-1.17282782827558e-07,-2.60208521396521e-18,6.80260831715692e-17,-1.08631884004743e-07,-7.43344411547421e-08,9.824626347393e-09,-1.10202118111127e-05,3.48117216184407e-15,-9.18426035738989e-06,-1.09820985745562e-07,-1.41323987575688e-16,-1.26524665083226e-17,1.94011642089263e-17,1.42035016228956e-05,3.89156280099023e-07,-4.3466495625537e-07,1.34268050309595e-05,1.91020798460596e-06,3.60210147932407e-07,-1.56626009362584e-07,-3.27932791063444e-17,-3.56480076760379e-08,1.0152446631611e-07,-2.17937721577625e-16,1.09125925436177e-17,-6.74547156985521e-08,-3.95171342597244e-09,-4.12912105780058e-08,1.0567436379862e-05,4.23451926143618e-08,-1.70572759515455e-06,3.11700146809162e-16,-6.05042799155536e-07,5.98595351070369e-18,-0.000116573777548263,5.99590906438796e-16,-4.84168576751966e-08,4.45244904898564e-17,2.03438217706785e-07,5.3776718814151e-08,1.47201565733135e-05,3.48538340335397e-06,1.54622064416086e-07,-1.81110299098189e-08,1.16818456723468e-07,4.56342568961796e-08,2.187670200586e-05,7.38408875411772e-07,4.41310995341002e-08,-1.28608413543881e-07,-2.41742937436978e-05,-3.42344479505562e-06,-6.558412300097e-08,-3.25599177006729e-16,6.39051414399801e-07,-1.14711389257876e-07,6.74642119266764e-08,2.17317130638032e-16,1.30848419064394e-06,3.99083218927438e-06,1.31808077292702e-06,1.00634545729039e-15,-3.24741765116306e-07,-1.96108109589101e-05,5.20333352738531e-16,-2.53364844365438e-07,7.38104866413169e-07,2.85914419654929e-16,1.26626638797066e-15,-3.10530174550796e-08,-1.77768659990486e-05,-1.08025717100896e-07,-0.000162784243051482,5.6757272598843e-06,1.5303443339832e-07,2.75498201409477e-05,2.24135821713969e-06,-0.000112871050680989,-3.80875886385468e-14,3.44003593411505e-08,2.83004542894623e-06,1.41793858413748e-05,0.248671999635908,1.08441539843295e-13,9.54618873422462e-15,-0.000137280153198547,-1.62491772337673e-16,4.21045249726343e-14,-1.82250629782723e-06,2.30764321326268e-06,4.30764815385221e-07,1.07223736577708e-05,-8.11352074294442e-06,-2.1048549207943e-06,-2.57473037309586e-06,1.39899734506069e-15,-1.55731128327746e-05,-3.97641622648572e-07,-3.03290636305127e-06,1.52268139979396e-07,-4.99654415872014e-07,2.87560335412709e-16,2.10632421588672e-16,-3.83444640790782e-16,3.62105189524844e-06,1.4988179132788e-08,9.64633224022791e-07,2.38806571490586e-16,1.04230966352034e-08,-9.40498257042832e-16,-1.63654652873014e-16,-1.17288741495652e-06,2.92326883390848e-07,2.90024081139872e-16,2.20657450354232e-06,2.82527896342719e-08,-4.43714359195542e-16,-5.74495266744017e-08,-9.91917260498206e-17,-1.08672148727462e-05,1.81579505123513e-16,-1.07105931759742e-05,-1.49988163196492e-07,-5.38956654195207e-09,-8.92253537931034e-07,-5.93116482549691e-06,1.46655116300748e-08,-3.75013201174486e-07,2.86368544705951e-17,-1.72823382715161e-07,9.48065628922522e-09,2.63523137127454e-16,1.20168530690601e-09,2.27730862937976e-08,-4.94186470359148e-09,-9.52643453501252e-17,-1.22393554869616e-08,-1.52876259244845e-08,-8.50687738601947e-17,3.91566986189412e-07,2.85181083516635e-07,3.29681191559732e-10,-5.02124112362788e-16,-2.89035981632914e-16,-3.50647646713753e-09,-1.3787309688677e-07,-3.51463312289865e-08,-6.40966537300384e-10,7.14599787837866e-08,-3.10068289784616e-17,1.01158057743507e-16,1.05726199108345e-06,5.57588769755656e-10,-2.95168081610251e-16,9.63295836488508e-07,-1.45326889157675e-16,3.37227304503037e-09,-6.96559866213597e-08,-9.44021827655772e-08,-6.57512396488292e-07,5.79909483776844e-17,3.14000543696769e-16,-1.93390537561814e-16,1.04667835004964e-16,-7.2767311036311e-10,-2.58748349030246e-09,-6.34378959908058e-17,2.30781947065908e-16,-5.05283956633288e-16,3.96665009463092e-09,3.69199560929836e-11,-2.22543891133972e-09,2.98686096844697e-17,3.26656562042726e-16,-4.16604684777555e-17,-1.25027227392751e-07,3.85878074272747e-09,-8.39718267248771e-16,7.44738562457206e-10,-2.0239205804645e-08,-3.23165152218441e-16,2.60442858751296e-16,-5.01339836941396e-05,-1.49531321892851e-10,-4.75954383923743e-06,-4.42050963992582e-16,9.70637964563595e-09,1.64084627278894e-07,1.87864227165639e-07,-7.67412329567787e-07,-4.66827378248171e-08,7.96721038581851e-10,7.07075209666407e-16,-9.6353541654345e-16,-6.00718106820079e-16,2.04784922394452e-08,-1.86391556099547e-08,-7.61366053693347e-07,-7.51383033047216e-09,1.99677669523341e-15,1.74554328581619e-15,-9.91933872337476e-16,3.21888812344429e-15,4.23155123268208e-15,5.30575582964772e-08,-8.15717369098885e-16,-6.84132566350435e-17,-1.87867165379368e-06,1.56057538761502e-15,-3.17134722260175e-05,3.16672754250129e-16,-1.27209124736242e-06,1.37811380283851e-15,-2.88614453065176e-06,-7.83533191850666e-07,-7.25459232158393e-07,1.75794855144766e-15,0.256729164135602,5.23086846768104e-16,-1.68751626521852e-06,1.06682388684193e-07,-5.7376940996109e-10,6.90378838745092e-16,-2.47768855193534e-06,-1.79542734359025e-15,1.28632219319276e-07,6.47014204610052e-08,6.14754735489793e-16,-4.37502041710219e-16,-9.82560230168785e-17,6.40408943569565e-17,7.7468923791419e-09,1.25183652582694e-06,7.6829503791918e-08,3.4415420156353e-16,5.04761065089209e-16,3.39056299687434e-09,-2.72803540120239e-08,-8.51953180481031e-17,-4.27974325434535e-16,3.68540282266622e-08,1.00879304508934e-16,6.55185468227931e-07,-3.90813400147352e-17,-4.61854114335901e-08,-1.26942946604044e-17,9.1183190720343e-17,5.20705748254738e-16,-5.64095418186831e-16,-7.12764104700678e-18,-8.11404517191092e-16,-4.62987121343136e-10,3.20449119916478e-09,-2.07688860886263e-16,1.56205729339247e-09,-5.62925748724824e-08,-7.31357727479874e-16,-3.46009977128762e-16,-9.79906683554494e-17,6.33343059666244e-16,-1.78971328101484e-08,-2.8855810659101e-09,6.0415881766649e-18,-2.17531218628187e-16,5.48843361379978e-10,1.14299173852145e-10,-1.4590883900442e-12,-4.30697926877118e-16,-1.99212730222897e-16,-5.33199791611126e-16,-7.53870755063379e-16,-7.027494276068e-16,-6.97909044994943e-17,3.26267846003685e-07,-7.20696245740966e-08,-2.3400671217686e-07,3.66319554123221e-16,2.81836403788446e-16,1.23639469159797e-16,-3.12219025791532e-16,2.37950453196691e-16,-1.6675903275067e-16,-2.56102456953547e-16,1.17162114037422e-16,2.17966872640265e-16,-1.99122363293133e-16,7.84296752972108e-17,2.06780288524813e-16,-3.62185275951433e-17,-2.07134088330945e-16,4.41172308571959e-10,1.35798670046473e-17,-1.43623942796898e-16,7.21497466220386e-17,6.62461763496767e-09,-8.2995216497115e-09,-1.58626378992206e-16,-1.74590877556966e-10,6.59790168741553e-09,-5.25054707228596e-16,-2.23683474364229e-16,-1.37013434033341e-08,-7.36815233467392e-17,1.89973534440254e-10,-4.82041917650046e-17,-1.48889983492437e-16,1.7302636486183e-16,6.20762609459157e-16,2.14028951646073e-08,-2.88745925667971e-08,-3.277757000083e-16,-7.24181699157992e-17,-1.23681555577199e-16,-8.38762744002912e-16,8.52887638985722e-16,-7.09844968834476e-16,6.22856902168576e-16,-2.62898404356753e-16,4.89097715762083e-10,1.04159575172913e-16,-8.75575877011024e-17,-7.90662314058888e-17,2.54462291956284e-16,1.6327567044742e-17,-7.23217090124418e-16,-1.14459772334557e-07,-9.88295833025901e-17,1.13343511362774e-18,7.85217498027531e-09,-9.6361649182825e-18,7.12626840003114e-16,3.68888613611498e-16,-9.99281695950215e-17,7.88232370488042e-09,-4.70911358097176e-16,-6.19045208362542e-07,1.5881754834037e-16,-3.47605260400942e-16,-1.13165723787941e-15,1.0167359982367e-17,-2.25114156373432e-16,4.04919156944334e-16,1.07525200311884e-08,2.69363625261386e-15,-5.33134323385721e-16,1.47734725505313e-09,-1.46719126807923e-06,-2.91227007659183e-16,2.75739953284727e-07,6.5481912265066e-07,-1.3700979129697e-15,1.37921577854644e-15,-1.04390447005904e-15,-4.69969573203416e-16,1.94358524571354e-15,-3.52206298190674e-06,-1.27434129852766e-14,-5.61867062125772e-15,5.39811642974552e-15,0.387556044986572,2.1021341798128e-17,-9.93706792419067e-16,-3.54474338249881e-15,2.37897197872319e-15,3.15786063647532e-07,3.8960013078092e-15,-3.78740934187265e-10,-7.68543463245919e-16,-9.66565242887218e-16,3.04580480883965e-16,2.46371784774901e-16,7.00533823078785e-17,3.22453102659268e-15,-5.65114555903209e-16,1.16829630917024e-09,-3.62221981733767e-16,-6.12509698569395e-16,-2.65074945966724e-10,1.09663684002605e-15,-2.90637122888476e-17,-2.44985753423436e-16,3.4413786068577e-16,3.33111809863458e-16,6.62849876091878e-16,-1.43312503032435e-09,-1.23428972777601e-15,4.30623609528532e-16,7.25016287686338e-10,-1.79847545549855e-15,-1.999966611533e-16,1.91097823624475e-15,-2.24117074708807e-15,-1.8774935052315e-15,-7.03239048068457e-16,-1.30552480626123e-16,3.06057033325031e-16,-6.50887621996161e-16,-1.48056563104746e-15,1.18878990667731e-15,-7.64793538660559e-10,2.64750162745363e-09,-2.52694123844002e-18,1.89954097069831e-15,3.09661841741768e-16,-1.44099207002305e-15,1.65687775999235e-15,1.71286386659271e-15,8.0775185280444e-17,-1.18774068038468e-15,-2.99612208223745e-09,-6.74316396182178e-16,-7.38540219807618e-16,-1.64514685578691e-15,1.91048296970545e-15,3.86331786524555e-10,-8.35602210868875e-16,-6.688083352252e-11,7.81979982244262e-16,2.34345447233386e-15,6.95745413840159e-16,4.55485109125246e-16,-1.79844698687757e-15,4.02132044801257e-15,-3.45416497848835e-17,1.18621400182947e-16,-2.19995002565425e-15,1.28758579649375e-15,-2.90304917404723e-15,-3.05556649746099e-15,-1.30569697821062e-14,-3.8448655403692e-15,-5.3721219083196e-15,-1.19739428679076e-14,-8.04967132531019e-16,2.060706246553e-14,2.57026011581473e-14,-0.707106781186547,1.83248056485896e-14,-1.6497346399866e-14,-2.09762352452121e-15,-5.72380593145668e-15,3.92865873997306e-15,6.7004212369778e-09,-1.97828189997826e-15,5.85093586428719e-15,1.171646466107e-15,5.47735826296106e-15,-1.94239323679067e-15,1.46590793099152e-15,-3.88205309949354e-15,-3.07585460830528e-15,1.85109414380026e-15,-7.45365538891752e-16,-2.04431740633004e-15,-1.66534900107216e-15,-5.88951310798172e-17,4.98781594344617e-16,7.19544998302162e-16,1.20919484929988e-15,-1.57974252498741e-16,-5.55111875599252e-08,-1.12808363961579e-15,5.29082820409972e-16,3.05644718564777e-16,9.04459324581478e-16,-2.77057500431394e-16,-1.6268862290054e-16,-2.01001952921273e-16,1.47007121208732e-16,-3.38406020844481e-16,1.36282524894673e-09,-7.71666351520445e-16,4.64712184021943e-16,-4.46019160997986e-16,-4.14816072150236e-17,-3.91133476431195e-16,-3.44634305331453e-16,-1.99197437736144e-16,-4.53565827035878e-16,5.48260065041903e-16,-3.25677190931449e-16,-1.06929448004182e-15,3.83931425080607e-16,5.50559402275788e-17,2.06251711229866e-06,5.27927312666218e-16,1.36911483581965e-16,1.79907628090754e-17,-5.90998604221848e-16,-2.039105314382e-09,1.081609545953e-16,-1.16743559248164e-16,2.57827374242432e-16,1.95919654408327e-17,-2.24165858542247e-16,6.17153408997208e-16,-1.85439311297563e-16,-2.81023346021219e-16,2.00219056166366e-16,2.13330734954761e-16,6.74342001591335e-17,7.82550837488592e-17,4.93358863718694e-17,-1.73665393162259e-17,1.53216647493473e-16,1.16588848921747e-16,-2.78250628088704e-16
"t812",0.0339932748468708,-0.00937375672552942,-0.0102032306459907,0.00056684397175397,0.00491462566715235,-0.0124439202078873,-0.00173666994435835,-3.55219862131654e-06,-0.0281447091017169,-0.0109004036579459,0.0583126180514174,0.000444602580105979,-0.00067005620578153,-0.000118274165626857,-0.00129918303011701,-3.93131852406487e-05,-4.72946204177545e-05,7.86430374268639e-06,0.00502415743253928,0.00428222527996677,1.31188218332529e-05,-0.000108814404793239,0.0877947780463099,0.00300657862804881,-0.000239316538244619,-0.0110972224963904,0.216563954639831,0.00280962368682145,-0.00659052298052057,0.00904008110252814,0.00205900908083204,-0.0256030506994259,-9.80083786176187e-06,0.00771979499419275,-0.00780851080354362,-0.000691200960329877,-2.52921966426799e-05,6.12930217052117e-05,0.0110871867733968,0.0145331076884357,0.000161883682717877,-0.00820471085682387,8.63758426546523e-06,-0.000621460780694367,3.33603927327251e-05,-1.01512859735141e-05,2.07626807854753e-06,-3.3007759982238e-05,0.00429061988899793,-0.00749975294654217,7.93775697037282e-06,-6.54589058365859e-06,-0.254159804598804,-5.82073860399667e-06,0.000524412396778022,-0.000403706739378771,0.000186839283699194,-0.000226320277527945,0.00197010018472162,-3.2151347417411e-06,-2.9825587480599e-06,0.00015401480537847,-9.01599745190307e-05,6.71238221501122e-05,-0.0012148830399152,1.27077685636162e-05,-7.88953141817863e-05,0.00023902278822033,-5.75350344398768e-05,0.000257502626865942,-2.13358000139182e-06,5.59166477534327e-06,-1.91796922965066e-05,-1.2262518427564e-05,5.14528178927929e-06,4.34402169581194e-06,-4.42916393416994e-05,6.50238210170022e-06,-0.0029427439409697,-0.000181503401479392,1.22209636655189e-05,0.000951704840743567,-0.00228903227052644,-3.31899828859025e-05,0.000304007559775431,7.98331578062059e-05,-1.22147133969197e-05,-0.000209568951522335,-3.9194729626525e-07,1.5767091006787e-05,-0.000159233588504478,8.83595149925136e-08,6.09631980495245e-05,-5.32076806291972e-05,-1.06207504469358e-05,-1.24111961842044e-05,-1.45849604036861e-06,7.74701724774422e-06,-8.68729617907898e-05,-0.0018064291223735,-3.86876942207483e-05,2.57249231312683e-07,-5.41928075226069e-05,6.37168324874694e-05,-0.000124097820979652,2.17103511672951e-06,-0.000698958056487596,1.02932295246021e-06,-0.00452227916752485,1.13196043663769e-07,4.72441345773557e-06,1.24813424034154e-05,-3.90582361721348e-06,4.28935902076849e-06,-4.46618764163526e-06,5.1267320984027e-06,-0.0009232587592612,0.000934885181842911,-7.8122555422999e-05,2.72845901643846e-05,-1.53858726755838e-05,2.9977943722881e-05,-0.00042245724773413,-0.00041857479892264,2.04730043118505e-06,-4.2408332232993e-05,4.39638165053392e-06,-0.000103565493331794,9.32804401035277e-05,0.00324491973491541,2.3945527187458e-05,-9.4421393006932e-05,8.68992623421988e-06,0.00309968846580123,-1.55542170370479e-07,0.000103614974656853,-0.000298877892386984,-1.09151107910058e-05,0.000880379242616325,-0.000240416937988758,-0.00131872880332146,-1.83021110077618e-05,0.000189551236586367,1.19931861261133e-05,6.91734330589829e-08,-0.000330694867936862,-5.69313250725257e-06,0.000490378508376648,3.13879361893632e-05,-3.00296557271098e-06,-3.70590080903512e-06,-0.000191647132019935,-2.65977062528893e-06,0.000649981899260056,-2.08774869202794e-06,-3.96291970939419e-05,0.000245931552634975,-3.1641956214625e-05,-0.000200411825240373,-2.82656499526231e-05,-2.97206052545568e-05,4.41455043789565e-06,-0.000659687546526402,-5.10646950590633e-05,4.0559631495485e-05,-3.47793681966181e-05,0.147779577402893,0.00181870337777276,0.167024412151588,-0.000260310650808085,0.000213180068734651,3.48534290289392e-05,-2.03961113105083e-06,-0.00106357859134446,-8.45614108844312e-06,-1.62522010871636e-05,-6.91969821918694e-07,1.70895949760622e-05,0.00051947266275228,5.54111725363357e-05,-0.000215615896360625,-5.360029341372e-05,1.09875970712671e-05,4.34132079981451e-08,1.32505108298013e-06,6.4956689232725e-07,0.00652073488754062,-0.00217848346193691,-0.0111733227432079,-3.75027342389348e-05,-9.96830347328233e-06,-1.44023659465371e-05,-5.89366401745369e-06,-9.53165341166668e-10,-9.56812057632392e-08,1.76538210531161e-05,1.08979975206243e-05,1.63509422229113e-07,-1.70393005429449e-05,-2.10494167510785e-06,-3.7297586254944e-05,-5.56183864734005e-06,1.51656122989901e-07,7.93898460634248e-08,9.00485710072565e-06,3.66581294882793e-07,-2.9973585474302e-06,-8.70084129120374e-08,-5.01071062265561e-06,-3.39439972937166e-09,-9.8856544914252e-05,-6.82592033104663e-07,-2.04733143435185e-06,-6.44429251981894e-05,1.03310649392251e-08,-1.91594511533017e-07,6.74748444435902e-08,4.43464460838581e-08,-2.49147719298583e-05,-6.49471929560956e-06,-3.06202218929969e-06,4.08013273839835e-06,9.22125302626903e-07,4.02466577221277e-06,-1.3054564084417e-05,-7.58081256808277e-07,-7.2116947930082e-05,-4.46367017099002e-07,-0.000178001623565621,-3.51091776982404e-05,1.95799858985769e-06,4.18498175173087e-07,1.31344484973537e-05,4.88724761226924e-06,-1.96114614603618e-05,-5.7911510123445e-08,-2.7190529348653e-05,1.22668633594479e-16,-2.83411334708561e-07,4.13580471031894e-06,-9.91474396377152e-07,-2.9629409558713e-06,-4.61745134571494e-05,6.44723654908622e-07,-1.31458150174125e-05,6.3297145451482e-06,-2.18280446505316e-05,1.01174501768189e-06,-2.4493572526874e-06,0.00156919285457125,-1.39448824001538e-06,0.000180724145983791,-0.210559674520305,-1.43305162513901e-07,6.74670680406815e-09,-2.57651038251747e-07,1.65327491602051e-07,-2.54093198900716e-06,-8.95612264108087e-05,1.51757456620612e-05,-1.49185794827591e-06,0.00015771172523883,-2.84700636024179e-05,1.63065552588747e-06,-0.00054544716218353,7.5962938096602e-06,-1.54928118056303e-08,-0.0001341399745497,-6.47850753926484e-07,-5.02308259332911e-06,-1.29903921943169e-08,2.3368713328526e-05,-3.3157925057292e-07,2.77484789316923e-07,-4.20271808032122e-07,7.84847317591394e-07,-5.6323617881834e-07,3.86160734783855e-08,-6.38263821113913e-06,2.65347171470745e-08,-4.20860886719892e-06,-2.76713651867636e-16,9.12663344102978e-06,1.54641138719547e-06,9.02685658733843e-12,6.90848486614321e-08,-9.00403217621648e-08,5.25648403814302e-08,1.44801069417034e-08,-1.08084636418794e-09,4.66739228034431e-08,-1.74852676869526e-06,-5.49812704613087e-07,2.34349291108275e-09,-1.08651247272656e-06,3.26888086950134e-06,-5.57982713069638e-08,-1.67624633540737e-06,2.42125562199651e-08,4.32949252675819e-08,6.72729783924068e-10,3.44310904068518e-06,-6.50786859601898e-07,2.98145656885556e-09,-9.79443045548864e-07,1.20932477147184e-07,-4.45891730775783e-07,3.63835902161496e-07,3.26160038015779e-06,1.67534629317091e-07,-5.36674904525403e-08,-3.59446878374123e-07,3.74945980426629e-08,-1.77662320183219e-07,5.0026492902614e-07,2.04277453359652e-06,-1.63265364748712e-05,2.6426048124932e-17,3.44611620965482e-08,1.89703596052453e-07,-1.88640512298289e-08,1.0077371438902e-05,1.08203074788434e-08,2.64866473725245e-06,1.05830935373948e-05,-8.28119737454642e-07,3.60912658777282e-06,-7.79231527046854e-18,-4.81960635010266e-05,-2.17111262666662e-09,-9.68439566887886e-07,4.09986669187583e-08,7.75140653549624e-07,-5.19330327886997e-07,-8.7895225405363e-06,2.38310204732489e-06,-2.46296233016645e-07,1.60846153565151e-05,-5.28661629975753e-08,-5.1238013609846e-06,-6.8969117906305e-09,-1.02640842965804e-09,-1.46813402400647e-05,8.25276149696123e-08,-9.32499233448253e-05,-1.15901482741199e-16,-4.68298684584762e-07,3.79362012669412e-08,1.09366467695839e-09,1.10127476938409e-08,-1.72045500654725e-05,-0.00195198683856047,-1.66615843973914e-07,3.42835576066857e-07,-9.5633178903023e-08,2.19476032376451e-16,-4.26951326157753e-06,-1.71814969264795e-08,-1.37219407234792e-05,2.53624075841706e-16,1.79665392271825e-06,2.39620398402377e-07,-3.80708762588174e-08,-9.00609843982469e-05,-4.76247592080503e-06,-1.66503924828336e-05,-8.71286047483134e-07,1.73607976362576e-05,2.03091017304527e-07,1.15862873523329e-08,2.78209835975386e-06,8.44558183098023e-08,4.90232401274098e-17,-3.53809817594556e-08,1.31963440434384e-06,5.78580813594122e-07,-3.72104143616541e-06,-7.03329682852634e-17,-7.92856052746817e-08,1.51876349121301e-08,-1.75161010698579e-06,-2.52107706731795e-08,-9.21855843356757e-06,9.12550488967536e-08,-1.23916785247569e-06,7.05208874137817e-06,1.40930569158558e-16,2.67223786959154e-05,-1.27206614280529e-07,3.72545995850973e-07,4.05134180805901e-05,-5.33012791174473e-08,-1.17282782921407e-07,-4.33680868994202e-18,1.48483549323573e-16,-1.08631884206272e-07,-7.43344413159155e-08,9.82462660465486e-09,-1.10202118113183e-05,3.64254854787413e-15,-9.18426035736494e-06,-1.09820985621956e-07,1.66407808023588e-19,-8.83980402965597e-17,-1.18867803264861e-16,1.42035016227979e-05,3.89156279943095e-07,-4.34664956358318e-07,1.34268050309034e-05,1.91020798436305e-06,3.60210147887433e-07,-1.56626009363904e-07,-1.16070820578752e-16,-3.56480076222062e-08,1.01524466226836e-07,-4.2106380767323e-16,9.32232724396067e-18,-6.74547153010547e-08,-3.95171350785718e-09,-4.12912107332075e-08,1.05674363797788e-05,4.23451926291884e-08,-1.70572759543728e-06,-1.52853379046565e-16,-6.05042799466106e-07,-1.9212216214763e-16,-0.000116573777547749,2.99321114768936e-16,-4.84168577339064e-08,-6.19425341772656e-17,2.03438217933519e-07,5.37767187338849e-08,1.47201565737519e-05,3.48538340338195e-06,1.5462206417178e-07,-1.81110296713489e-08,1.16818456717543e-07,4.56342573730804e-08,2.18767020058381e-05,7.38408874914797e-07,4.41310990689785e-08,-1.28608413430742e-07,-2.41742937436923e-05,-3.42344479462412e-06,-6.55841225853868e-08,-2.29273657564531e-16,6.390514144284e-07,-1.14711389330646e-07,6.74642121702805e-08,1.58391073325369e-16,1.30848419042065e-06,3.99083218886711e-06,1.3180807729992e-06,8.24059613564573e-16,-3.24741764972511e-07,-1.96108109588031e-05,-1.76509156133666e-16,-2.53364844141596e-07,7.38104865246242e-07,2.5790794335482e-16,1.11367146244528e-15,-3.10530174497923e-08,-1.77768659992625e-05,-1.08025717375178e-07,-0.000162784243051434,5.67572726015609e-06,1.53034433439794e-07,2.75498201408244e-05,2.24135821686402e-06,-0.000112871050681158,-3.80818965771412e-14,3.44003588266815e-08,2.83004542862791e-06,1.41793858413403e-05,0.248671999635908,1.08587923463074e-13,9.48952482749354e-15,-0.000137280153198669,-4.01670943373401e-16,4.20585644314562e-14,-1.82250629775708e-06,2.30764321324316e-06,4.30764815587071e-07,1.07223736569219e-05,-8.11352074272531e-06,-2.10485492067458e-06,-2.57473037297992e-06,1.30392860740848e-15,-1.55731128329332e-05,-3.97641621839352e-07,-3.03290636301588e-06,1.52268139904625e-07,-4.99654415590159e-07,-4.76414785367255e-17,1.44054540283804e-16,-7.25385121852784e-16,3.62105189549112e-06,1.49881790787577e-08,9.64633224185488e-07,-2.47165665530483e-17,1.04230964646398e-08,-9.7284136310079e-16,-1.40513582898248e-16,-1.17288741484482e-06,2.92326882989211e-07,2.24646690138997e-16,2.20657450367782e-06,2.82527894741788e-08,-7.6930196565884e-16,-5.74495267185418e-08,-2.49634834969772e-17,-1.08672148723403e-05,-9.44338592313605e-17,-1.07105931754885e-05,-1.49988163369372e-07,-5.38956663483812e-09,-8.92253538054295e-07,-5.93116482577301e-06,1.46655120876623e-08,-3.75013200860488e-07,4.37025053903045e-16,-1.72823383048404e-07,9.48065615903708e-09,3.82262346243262e-16,1.20168481089352e-09,2.2773086262033e-08,-4.94186512611178e-09,-6.26976251931534e-17,-1.22393554175522e-08,-1.52876259891198e-08,1.5176432420278e-17,3.91566986376911e-07,2.85181083214316e-07,3.29681432213437e-10,3.34272676159264e-16,-3.32271309959247e-16,-3.50647663648165e-09,-1.3787309703879e-07,-3.51463312159766e-08,-6.40966530845154e-10,7.14599782449743e-08,-5.26354579329748e-17,1.95324599017693e-16,1.05726199089388e-06,5.57588627774591e-10,5.42729735738084e-16,9.63295836382547e-07,1.3695105706018e-16,3.37227310303351e-09,-6.9655986701333e-08,-9.4402182911347e-08,-6.57512396459846e-07,1.73934250599322e-17,2.97386981834474e-16,-5.2376399037185e-16,4.11930720597033e-17,-7.27672995476752e-10,-2.58748328387043e-09,-5.04442843614242e-16,-4.39141174282982e-16,2.22193169847201e-17,3.96665002547323e-09,3.69200504981416e-11,-2.2254393722472e-09,1.77152530858193e-16,-3.75540527494667e-17,-2.45246531416221e-16,-1.25027227304172e-07,3.8587803485446e-09,-2.54572606435307e-16,7.44738453685901e-10,-2.02392059386304e-08,3.54465933498517e-16,7.52716474401543e-16,-5.01339836940104e-05,-1.495310509028e-10,-4.75954383837543e-06,-1.65863487055636e-16,9.70637941347576e-09,1.64084627393503e-07,1.87864227297463e-07,-7.67412329999554e-07,-4.6682738284748e-08,7.96720749209145e-10,7.2561451557524e-16,-1.23156295284493e-15,-8.37573673967262e-16,2.04784923309205e-08,-1.863915537667e-08,-7.61366053447968e-07,-7.51383070910595e-09,2.08981648822572e-15,1.47506927137146e-15,-7.40953517773183e-16,3.22220136761788e-15,4.93534753458096e-15,5.3057558382562e-08,-1.11680271494104e-15,3.30909300516745e-16,-1.87867165417925e-06,1.12539658278447e-15,-3.17134722256805e-05,4.96794710129524e-16,-1.27209124727949e-06,1.22149574029538e-15,-2.88614453065904e-06,-7.83533191690342e-07,-7.25459232308922e-07,2.06948235136322e-15,0.256729164135601,4.77605735324469e-16,-1.68751626509944e-06,1.06682388624235e-07,-5.73769757230247e-10,1.13544134210221e-15,-2.47768855273336e-06,-1.17910331274931e-15,1.28632219387418e-07,6.47014203217404e-08,1.2457050017189e-16,-3.86020484958678e-17,1.43866548922099e-16,1.04243332551677e-16,7.74689223900059e-09,1.25183652612482e-06,7.68295038183175e-08,8.09594600419891e-16,2.15246202666695e-16,3.39056321994567e-09,-2.72803539012184e-08,-4.94847988884194e-16,-5.97960071524176e-16,3.68540287421896e-08,1.3137946469263e-16,6.55185468022959e-07,1.78261999777124e-16,-4.61854113953367e-08,-1.82952181487815e-16,1.16349077631934e-16,1.67088106338447e-16,-3.05199704159227e-16,-2.50324943437891e-16,-1.61170835081127e-15,-4.62986586180507e-10,3.20449125416517e-09,1.05496074889111e-16,1.56205691397051e-09,-5.62925749514432e-08,-5.64724193931376e-16,-4.04171251671687e-16,-2.69671069333423e-16,-3.20479691592171e-18,-1.78971334696585e-08,-2.88558034145672e-09,-1.13695231562663e-16,-1.97035007102675e-17,5.48843469507278e-10,1.14299150244266e-10,-1.4595197165069e-12,-7.85693018307806e-16,-1.35328213332721e-16,4.59485853775349e-17,3.71959205290972e-16,-2.33729867340017e-15,8.04138583344818e-16,3.26267846392548e-07,-7.20696242583422e-08,-2.3400671287565e-07,-6.60816397517599e-17,-7.43398366452265e-16,1.69853890002484e-16,3.68662539653882e-17,3.34604061172892e-16,-9.42980063584413e-16,1.91121448295277e-16,-7.2452873926382e-17,-2.20111213899731e-16,2.08159565821723e-16,5.92265698695854e-19,-4.46528848259002e-16,-4.45862678997305e-17,2.90765577940209e-16,4.41172237368698e-10,-2.30869848514845e-16,1.26757360760102e-15,-1.97516226917552e-16,6.62461726632883e-09,-8.29952131593006e-09,-8.36551478924981e-17,-1.7459078171356e-10,6.59790200000122e-09,4.81878237528169e-16,4.85139131229003e-17,-1.37013431604669e-08,3.16770910391901e-16,1.89973669312359e-10,1.81634084327711e-16,3.32130503964567e-16,-1.39466789255849e-16,-5.48173909855876e-16,2.1402894946056e-08,-2.88745924923023e-08,6.80471318215409e-16,-2.08337801337608e-16,2.93511413720408e-16,-1.54613689891513e-15,8.44051391279965e-17,3.74578483286259e-16,-5.42438369190555e-16,-5.48773453399854e-17,4.8909777721603e-10,3.30765404103321e-16,1.41303462735576e-16,4.45166082355006e-16,-3.61085324658889e-16,1.60619299728045e-15,6.28102004475414e-16,-1.14459772798689e-07,-2.38192136753335e-16,2.42473198262375e-16,7.85217490156012e-09,-1.07725061103742e-15,-1.18448024794769e-16,3.66967976280175e-16,8.75926500578532e-17,7.88232389893231e-09,-5.08836233365141e-18,-6.19045208442983e-07,9.56043724077472e-16,6.58535676889414e-16,-1.06089692631272e-15,1.44186839896897e-15,-2.58109433850533e-16,1.05580640191757e-15,1.07525205102012e-08,2.38651517892941e-15,3.39852197495456e-17,1.47734829726979e-09,-1.46719126801799e-06,-2.22778238103299e-16,2.75739952855737e-07,6.54819124761762e-07,-3.88440648849035e-16,8.79154616097408e-16,2.45111405376024e-16,-1.71965402923294e-16,3.05731557646794e-15,-3.52206298136899e-06,-1.10911191597593e-14,-5.71523745944239e-15,5.24488754338072e-15,0.387556044986577,-1.33038951201052e-15,-7.2613833844686e-16,-4.62035090796585e-15,2.32498802836241e-15,3.1578606504569e-07,3.31169399746199e-15,-3.78741094241445e-10,3.58794650036586e-16,-1.19267899294975e-15,1.35394616559657e-16,-3.22741318067994e-16,-1.69617049280627e-16,2.03822597546644e-15,-2.60722960643476e-16,1.16829646681661e-09,2.06984040166269e-16,-2.32317569538353e-15,-2.65074937438792e-10,-4.61367418971375e-16,-4.84021994311864e-16,7.80265959390988e-16,-3.32364604299703e-16,-1.4593048900411e-15,-4.96050519069199e-16,-1.43312451590939e-09,5.92707245136761e-16,-2.91090910667921e-17,7.25015877386973e-10,-1.87913569189378e-16,7.32231579306708e-16,3.3395689337087e-17,-2.73946842030289e-15,4.05432357971969e-16,-1.06661146233577e-15,2.40462945121422e-16,-1.00183676085607e-16,3.41395011567656e-16,1.21129753816367e-15,-1.19017427634496e-15,-7.64792872301436e-10,2.64749784016605e-09,-4.73571568203334e-17,-2.52481693298524e-16,-2.14888283153337e-16,7.5314283003107e-16,-8.28655720430671e-16,-1.04012628272184e-15,-1.22514108643749e-15,1.11579133562929e-15,-2.99612244299932e-09,-9.81018549845203e-16,9.58289186795786e-16,1.90758398542412e-15,-8.91511802075856e-16,3.86331474139121e-10,1.35125138656463e-15,-6.68839044167732e-11,-4.31078677656827e-16,-1.96058844929017e-15,-4.3776140068781e-16,-1.52637331482171e-16,1.71019264654818e-15,-4.08296610937754e-15,-2.49755072309772e-17,4.70932489066506e-16,1.84017883451008e-15,-1.26151674179532e-15,3.72324717505283e-15,2.84387000006575e-15,1.38067462057236e-14,3.759274098893e-15,5.36713676812447e-15,1.13109584153236e-14,7.66032919045347e-16,-2.0303515523231e-14,-2.56133461127853e-14,0.707106781186545,-1.70576985696058e-14,1.65245511636945e-14,1.65197449253908e-15,5.17982952070639e-15,-3.7196497844645e-15,6.70042180102318e-09,1.43439762803759e-15,-5.15583038067702e-15,-1.15340113811046e-15,-6.46506998434636e-15,2.21139624219822e-15,-1.66132587332924e-15,3.66067211735119e-15,2.7176516813023e-15,-1.58385517077564e-15,8.45179989082968e-16,1.45836034221025e-15,1.81829602045958e-15,1.12901925265894e-16,-1.78993084999417e-16,-4.68317382985782e-16,-1.06193766313711e-15,1.76101276846488e-16,-5.55111861166788e-08,1.2087153300254e-15,-3.69127299832967e-16,-2.29271817831372e-16,-2.51036724174167e-16,4.20754617791226e-16,-9.21111558711767e-18,1.50062645805238e-16,-7.81223349798599e-16,5.79842002828135e-16,1.36282525816852e-09,-5.71739470914118e-16,-2.46509529015238e-16,5.45531198011656e-16,-6.42580498697833e-17,6.4251943380794e-16,-2.08956491794937e-17,1.12786585696887e-16,1.58630884066552e-16,-5.31502965894647e-16,4.03724443710495e-16,1.13537785840884e-15,1.71254281232291e-16,-1.31586091873758e-16,2.06251711206636e-06,-2.54903361817984e-16,5.45640958810336e-17,-4.63834138028441e-16,-4.96456174781112e-16,-2.03910365252506e-09,-8.94199710812295e-17,2.81349856811773e-17,4.13249095891625e-16,-3.37536846853515e-16,1.4417623275183e-16,-4.67851656066027e-16,6.30690835902956e-16,4.63447636810894e-17,-1.96537722438417e-16,-1.61343097306442e-17,-1.16643121111299e-16,1.35434470595319e-16,-1.84085114265026e-16,-8.08035752501455e-17,-4.52135925606152e-17,2.44466184912432e-16,-2.86793601026812e-16
"t252",0.0338995099993423,-0.00931924716881321,-0.0101419771968268,0.000562282099227805,0.00486618937242715,-0.0123000088185137,-0.00171619087357733,-3.50697469202038e-06,-0.0277214276962344,-0.0107015637377066,0.0569625337214423,0.000431914148368524,-0.00065037304890329,-0.00011474710550083,-0.00125874718584872,-3.80172046711235e-05,-4.56981972126275e-05,7.59402203151136e-06,0.00484747740775035,0.00411858594380337,1.25764305799656e-05,-0.000103380276412372,0.0831633466031785,0.00284706226363098,-0.000226569174352991,-0.0104777782986821,0.204331604928025,0.00264949263079672,-0.00620476530329258,0.0084144992090819,0.00190698521377779,-0.0236259050977048,-8.98880286401759e-06,0.00704953249830892,-0.00709553975100422,-0.000622986098691395,-2.27640502984866e-05,5.50677313445493e-05,0.00995335034867308,0.0130244680074407,0.000144589568196466,-0.00730665902784853,7.6778566423243e-06,-0.000552324449872619,2.95834117773053e-05,-8.92745167274003e-06,1.82124296211133e-06,-2.89180965925054e-05,0.00374607731949976,-0.00652328990113195,6.86922258133369e-06,-5.65115679012432e-06,-0.219342341853834,-5.00824228535229e-06,0.000448524097906301,-0.000344971085072103,0.000156998842638929,-0.000189281356594976,0.00164674970741529,-2.65595905439958e-06,-2.44146010853561e-06,0.000125496525563329,-7.31904291289855e-05,5.44383651765786e-05,-0.000978319849897471,1.01673645253421e-05,-6.22113082149229e-05,0.000187222725196938,-4.49259879490102e-05,0.000199933388758172,-1.60620207171723e-06,4.10699529550219e-06,-1.40325255382312e-05,-8.89921335921281e-06,3.73023355691434e-06,3.13818045400566e-06,-3.19515380851569e-05,4.65796123184289e-06,-0.00207420300451822,-0.00012708414571116,8.45860878559387e-06,0.000657047357375077,-0.00155086876471819,-2.23572283977224e-05,0.000199647083966478,5.20562838889119e-05,-7.9070609039514e-06,-0.000135501389167039,-2.53343544603551e-07,1.01834546692488e-05,-0.000102555986555897,5.53887523494292e-08,3.81182483761548e-05,-3.26963894593571e-05,-6.32744220649081e-06,-7.35876409152826e-06,-8.64567524383368e-07,4.53600493254111e-06,-5.06302574945791e-05,-0.00103423094559501,-2.18233200974571e-05,1.44917786641073e-07,-3.04827709515017e-05,3.33697405308311e-05,-6.46256178729362e-05,1.12558476345427e-06,-0.000359501506881622,5.28235692696251e-07,-0.00231153887602443,5.75087182382462e-08,2.39543764437689e-06,6.25327754334365e-06,-1.9540410028245e-06,2.07742685229869e-06,-2.14775283304986e-06,2.4267376159202e-06,-0.000433888164059907,0.000430588140618242,-3.52724873771577e-05,1.21310614281808e-05,-6.78031059174395e-06,1.28017441650063e-05,-0.000176648109325764,-0.000174881679841117,8.52738355329268e-07,-1.72733388229508e-05,1.78731179335812e-06,-4.12777959136315e-05,3.50286416041885e-05,0.00121768992955385,8.94053982456965e-06,-3.37720891540217e-05,3.08125297311599e-06,0.00109211534711089,-5.33649011066608e-08,3.54158987500964e-05,-9.62538852988194e-05,-3.3393836296518e-06,0.000249724049082799,-6.80428797217197e-05,-0.000368146059135533,-5.07332927690219e-06,5.19421733717208e-05,3.27190069274182e-06,1.88703076281189e-08,-8.73261787857052e-05,-1.40344570927268e-06,0.000112022187357098,7.02767310648543e-06,-6.42120976719543e-07,-7.89448415532471e-07,-4.00854783399264e-05,-5.50267928937916e-07,0.000132784580239414,-3.76302314696116e-07,-6.98898091355557e-06,4.26941025542051e-05,-3.46553747556464e-06,-1.87370477816247e-05,-2.57263043445172e-06,-2.29615020170665e-06,3.28530440889583e-07,-3.72882410725495e-05,-2.77452211564609e-06,1.48523439271376e-06,-6.70956518433077e-07,-0.00474745122156622,-6.17872225097259e-05,-0.00575368917856058,1.08352425758105e-05,-1.06741470898085e-05,-1.78770339500958e-06,1.39045148667117e-07,7.81863900714801e-05,7.19777441032962e-07,1.42996582337584e-06,6.19018416380886e-08,-1.99799972638758e-06,-7.57613804224939e-05,-8.36074267953668e-06,3.35735766003177e-05,9.11574554935914e-06,-1.92986447478634e-06,-7.86286433293472e-09,-2.46860218061404e-07,-1.32412119656883e-07,-0.00135782184504856,0.0005373837542345,0.0027706287772106,9.79123359120936e-06,2.96867093546855e-06,4.73885341851233e-06,2.00367738614087e-06,3.39720102838461e-10,3.52872575335757e-08,-7.17249275363341e-06,-4.51762458859967e-06,-7.06611765038777e-08,7.51517331248042e-06,1.07641897864749e-06,1.9199536566654e-05,3.03450728459249e-06,-8.74292754642771e-08,-5.18561098079839e-08,-5.88507905888029e-06,-2.4223935173392e-07,2.04784397044795e-06,6.08152241599567e-08,3.71537580236212e-06,2.70083599324742e-09,8.30941023139201e-05,5.83377665986683e-07,1.88303194242623e-06,6.16709672726782e-05,-9.8969385350462e-09,1.89211414531251e-07,-7.18557318584348e-08,-4.79021848074084e-08,2.89966009722817e-05,7.94982001923466e-06,3.81325764113272e-06,-5.45020714693933e-06,-1.25222933893598e-06,-5.56449797933908e-06,1.90557942577815e-05,1.11866987354116e-06,0.000106703625557293,7.00137995556052e-07,0.000289173122022154,5.92922611022944e-05,-3.36509302175197e-06,-7.3237879155229e-07,-2.33774541589151e-05,-8.74030105783671e-06,3.6652645803688e-05,1.11235001468936e-07,5.37947895146612e-05,-3.00548202296841e-16,5.84959384156767e-07,-8.60873334240612e-06,2.18780134557416e-06,6.83860795046354e-06,0.000110595887975262,-1.54766372423041e-06,3.38095267783596e-05,-1.64696090621185e-05,5.7100622275097e-05,-2.7154235785311e-06,6.68908345954666e-06,-0.00442399410735544,3.98750040842416e-06,-0.000519806618492575,0.625368232843583,4.87824963193004e-07,-2.41273627314166e-08,9.60523835861583e-07,-6.75865279439591e-07,1.04569081309451e-05,0.000393834470618212,-6.93079468754553e-05,7.19850474510189e-06,-0.000774728645428932,0.000142521491850786,-8.38201720573922e-06,0.00291752918456888,-4.08183527137145e-05,9.24453188447198e-08,0.000802387514913957,3.88602314463717e-06,3.10318061636882e-05,8.1147883623839e-08,-0.000151291420977168,2.16116391745656e-06,-2.28381853194408e-06,3.55669334570695e-06,-6.79274109332562e-06,5.13896274660522e-06,-3.68038193948186e-07,6.74667373061635e-05,-2.89479453541194e-07,4.70995381159163e-05,4.36823889917885e-16,-0.000111922502799699,-1.92030181923962e-05,-1.16859245099719e-10,-9.92483852871309e-07,1.42492236182818e-06,-8.73347414818951e-07,-2.46624782835294e-07,2.68262210767695e-08,-1.19253238319416e-06,4.50325930427041e-05,1.63481611794815e-05,-1.21283749899438e-07,6.42552993878312e-05,-0.000214461100440049,5.69149664488514e-06,-0.000165332940764275,1.33405742411958e-06,2.32634834601925e-06,3.58830274620602e-08,9.12590063572679e-05,-1.11448426480921e-05,4.89227224448683e-08,-1.515261484236e-05,1.75080398902518e-06,-6.33164008050368e-06,4.46419561358773e-06,3.96203814108815e-05,1.99872160639233e-06,-6.32552284591864e-07,-4.07627582275363e-06,4.08277300765772e-07,-1.86647764666867e-06,5.17664593653014e-06,2.06152492232917e-05,-0.000156590796969188,1.17196224113898e-16,2.56623790313143e-07,1.3831382773234e-06,-1.33403734230652e-07,7.12026690841771e-05,7.63806960373122e-08,1.85614557042948e-05,7.31685890203242e-05,-5.63584993438022e-06,2.38126502406197e-05,7.95816978027673e-17,-0.000297542059879301,-1.32987298140815e-08,-5.8347073026806e-06,2.46530454552051e-07,4.48164057385498e-06,-2.94087036615052e-06,-4.83803626530234e-05,1.28717097401475e-05,-1.2790690740817e-06,8.07098556584741e-05,-2.59727087945211e-07,-2.48813675525458e-05,-3.32531730007568e-08,-4.8871127849594e-09,-6.98076492366977e-05,3.88988535784443e-07,-0.0004365810842861,2.58525402969207e-16,-2.08882196579493e-06,1.67581655872041e-07,4.83076372947692e-09,4.73531401388362e-08,-7.36826157775646e-05,-0.00797419005406939,-6.71875379190583e-07,1.37897179775549e-06,-3.81004974546427e-07,8.07937350391275e-18,-1.68275909990919e-05,-6.74491948757271e-08,-5.30812472534806e-05,1.06725050234634e-15,6.84208187576405e-06,9.09201519919134e-07,-1.44181258816882e-07,-0.000339752612323055,-1.78501230087803e-05,-6.21053781335501e-05,-3.23762776133398e-06,6.37997174183224e-05,7.45370331466165e-07,4.22034971659503e-08,1.00016175855904e-05,3.03415660250724e-07,2.39140657410356e-17,-1.23940210535607e-07,4.602735230392e-06,1.99899126755281e-06,-1.26746083043797e-05,-2.29107573271121e-17,-2.62064317739021e-07,4.85751342908292e-08,-5.52141841827478e-06,-7.8937071072412e-08,-2.86336989635284e-05,2.79295725020653e-07,-3.70398941694118e-06,1.99091646885845e-05,4.36512430692032e-17,7.18188641710926e-05,-3.40430457832885e-07,9.88222370503296e-07,0.000106158772345995,-1.3953627228429e-07,-3.0597381922401e-07,2.86229373536173e-17,6.78505949426857e-17,-2.77837985756735e-07,-1.86874121913573e-07,2.46459300211979e-08,-2.72224115763849e-05,8.69343828768953e-15,-2.19345260132954e-05,-2.58375558191927e-07,9.94272998249735e-17,2.09838227400417e-16,-1.41437343961166e-17,3.18746609884299e-05,8.68044197096712e-07,-9.49395511520718e-07,2.8805491443232e-05,4.0894708622346e-06,7.56421188973929e-07,-3.28171241386358e-07,-3.90170355768208e-16,-7.17855000739346e-08,2.01561537320959e-07,-3.16125178560909e-17,-1.36730766912773e-16,-1.26512479669709e-07,-7.30793743486356e-09,-7.4915870438817e-08,1.89258088651513e-05,7.39480328037537e-08,-2.96646469878409e-06,-1.11146144348419e-15,-1.04629388201832e-06,1.9679232083147e-16,-0.000198294131124006,-2.71267383555873e-16,-8.13510648112947e-08,-6.44160212631809e-18,3.3644553346412e-07,8.86486266872682e-08,2.3225969140337e-05,5.44689522034433e-06,2.4066816029773e-07,-2.76938492997096e-08,1.75849624090697e-07,6.61675064390044e-08,3.17094111329747e-05,1.05769149885841e-06,6.18306015394427e-08,-1.74774701614602e-07,-3.19920029368292e-05,-4.43424562942337e-06,-8.40376146948558e-08,-2.00946465171434e-16,7.91245078967871e-07,-1.37220380938747e-07,7.25501762529356e-08,-8.33169562832606e-17,1.36047971571296e-06,3.93213711490286e-06,1.26772952181689e-06,3.90531676530326e-16,-3.08389743866165e-07,-1.76690100910007e-05,9.94628003956146e-16,-2.22137971964961e-07,5.36367104771558e-07,-1.23442795886626e-16,-1.84269363980791e-16,-2.06710865270079e-08,-1.17349283074652e-05,-6.84859464087662e-08,-9.81463081866801e-05,3.01497486725902e-06,8.03287043856287e-08,1.42147795492042e-05,9.33138280248358e-07,-3.74349322028686e-05,-8.66846741956473e-15,1.02786204454341e-08,8.29476803660313e-07,3.87067353922832e-06,0.0618021980115888,2.66612904149599e-14,1.99107005781486e-15,-2.94570860477029e-05,1.95970833615762e-16,2.88063893898936e-15,2.27103953445182e-08,-1.25429545783887e-07,-2.37967058951449e-08,-1.60817668644468e-06,1.32379978697029e-06,3.4938443966601e-07,4.74685279033592e-07,5.55712070909008e-16,6.08909988166031e-06,1.74184648163563e-07,1.37641327136182e-06,-8.13686036374107e-08,3.45019946676789e-07,2.78480430037539e-16,2.96355855152333e-16,-4.94244749081767e-16,-3.40223849090432e-06,-1.58525929526398e-08,-1.02921273342665e-06,-2.31818850095746e-16,-1.23869515723063e-08,-4.19973061296221e-16,6.54701937449259e-18,2.14142135225883e-06,-5.36443073849399e-07,-3.79253919935429e-16,-4.46903222874972e-06,-6.05701515934507e-08,4.81299669349723e-16,1.38268043749482e-07,5.13194310184263e-17,3.00644144717312e-05,1.38573070485739e-15,3.00059029164603e-05,4.24310714937964e-07,1.54159194658397e-08,2.59169623575341e-06,1.78365425739032e-05,-5.03343598804416e-08,1.55896313884183e-06,3.0397362393063e-16,9.29904067221903e-07,-5.2531169747424e-08,-3.28929546986661e-16,-6.92833357928029e-09,-1.41463599789433e-07,3.29219888374749e-08,-3.26376453887796e-16,1.06135840994307e-07,1.4050458325466e-07,4.59246818135714e-16,-3.9031205130705e-06,-2.96423232009026e-06,-4.05464365905115e-09,1.39130002532426e-15,4.48526957404424e-17,7.28013489080688e-08,3.96137418911004e-06,1.09441497643276e-06,-2.92437596146223e-08,2.3610650347893e-06,4.22139442943315e-15,2.22829260144318e-15,2.93893939557099e-05,1.51952667283398e-08,-4.8532392571925e-15,2.0834741998454e-05,9.22880259163577e-15,6.08986091677917e-08,-1.0270349846217e-06,-1.37404125288084e-06,-9.11107405880239e-06,9.65593376477618e-16,7.20561583143149e-15,-2.04322603745122e-15,-1.44430209728518e-15,-7.0420732162893e-09,-2.4431600386532e-08,-2.98828677426277e-15,4.30367921698291e-15,6.06933529322651e-16,3.44127018165025e-08,3.09343708190097e-10,-1.70466816661073e-08,1.15786833661317e-14,6.91138227378041e-16,2.2833839853631e-15,-7.33429465529412e-07,2.2445895642662e-08,0.707106781186547,3.9457259341621e-09,-1.03363668082748e-07,5.10879709061534e-14,-1.16627625030297e-14,-0.000235158274749318,-6.96660311808563e-10,-2.11078002289245e-05,2.75828141953819e-15,3.96511385584724e-08,6.40522131613717e-07,6.87936465711931e-07,-2.57017214809327e-06,-1.52562699038564e-07,2.48496074888799e-09,3.22374675970928e-15,-1.70980110461842e-15,-7.56841778902638e-16,4.74226810930147e-08,-4.29403839578612e-08,-1.67846191751466e-06,-1.2794130628693e-08,-3.78819092804674e-16,-6.92690528877292e-16,-1.70666067595589e-15,2.50488714515173e-15,9.49006960109923e-16,6.15838071352265e-08,-8.30728650695747e-16,6.79707351018067e-16,-1.76324570426273e-06,-6.39311846559305e-16,-2.93824653481142e-05,3.54347341591355e-16,-1.15268893048686e-06,-6.84067163676563e-16,-1.43692035566801e-06,-3.10146377774965e-07,-1.70890752946435e-07,5.25844138110522e-16,0.00776432446646889,4.72752405690914e-16,7.71628636028773e-07,-1.27571672323686e-07,7.06482754251692e-10,-2.7870133565363e-15,3.91038003627182e-06,-1.51558264336377e-15,-2.82907708808252e-07,-1.44445941903752e-07,-2.25996475962368e-16,3.86427040501503e-16,1.04921407940157e-15,1.02940279422997e-15,-2.19655437401959e-08,-3.76913893434708e-06,-2.47733844082327e-07,-4.5835206593034e-16,-3.72549785585304e-17,-1.50007369749163e-08,1.22374351036033e-07,-1.10311932812094e-15,-1.37624178558973e-17,-2.44356104296071e-07,-8.77935628431615e-17,-4.73556361184098e-06,-4.32585268124402e-16,4.34025459101174e-07,2.137604165062e-16,-7.38619801924102e-17,3.30207058652786e-16,6.86526527599942e-16,-4.77255220823601e-16,-8.37580352277055e-16,8.34848179271053e-09,-5.83866451437872e-08,-2.09138609290637e-16,-3.87716866879986e-08,1.62907240238146e-06,-4.96200292261412e-16,-7.20978869545522e-16,3.45632559101949e-16,-6.53643950698912e-16,1.49717775176354e-06,4.05826241818561e-07,-5.02885875596203e-16,5.86433895345851e-16,-2.91771024964354e-07,-9.42447516018285e-08,-1.4268652714411e-09,-1.44542675460084e-16,-4.38859275338606e-16,-3.79194222516874e-16,-9.06466147155992e-16,3.1777361712426e-16,-6.2643881482875e-16,9.70659163449381e-06,-1.98204507816942e-06,-5.99275074492474e-06,-4.05630914859404e-16,3.68349759233693e-16,2.87928396346618e-17,-3.24399404666563e-16,3.67266884183743e-17,4.9983823889553e-17,2.39705529253456e-16,5.24681707842414e-16,7.05012200494466e-17,3.1986473965969e-16,2.01158964275753e-16,9.47045638688306e-17,-2.48254415587729e-16,-1.52411565756201e-16,5.55575541102187e-09,5.51925456201168e-16,1.49515836474808e-16,1.02045305666259e-16,7.86340596899829e-08,-9.72405944573804e-08,3.64347215361107e-16,-2.02933706640568e-09,7.1847653813544e-08,8.80112593235814e-17,1.90312574608105e-15,-1.38511465224879e-07,5.10896248569089e-16,1.76811077338681e-09,8.69506582954123e-17,-1.03514519355571e-16,3.15630764792651e-16,-4.83283967576939e-16,1.77317168779463e-07,-2.37451663088078e-07,3.97754443673901e-16,1.96310988970195e-17,2.58606796169621e-16,-7.68542579588505e-17,-2.53703308361608e-17,-8.40482172918218e-17,2.52308008689755e-18,-9.5413083530912e-17,2.85121119702821e-09,2.77447834137691e-17,4.50355206471218e-16,-6.39676469490731e-17,8.43134341125004e-17,2.36131758633209e-16,3.31367080429766e-16,-6.1956274403252e-07,-2.79956268573498e-17,-2.41149847089519e-16,4.19077434027992e-08,-3.68526763230117e-16,2.30446754861358e-16,-1.01956852069633e-16,3.25091281676988e-16,3.49053160111392e-08,4.38195076461087e-17,-2.6337621043376e-06,1.42678761997801e-16,-6.33680432778144e-17,6.01282857254837e-17,2.79062627769455e-16,-2.3850819636827e-16,-4.14262697586916e-17,4.17065546891587e-08,-3.98161042588788e-16,4.34948468934705e-16,5.26438402013525e-09,-5.20367325633098e-06,-8.46193279340565e-18,8.95353720222195e-07,2.06054720123693e-06,1.29995187707498e-17,1.1850840797919e-16,-1.1216127426268e-16,1.82064371251325e-16,-1.2262255279997e-16,-3.45774313309201e-06,1.60204550554098e-16,-2.60836132919252e-16,2.41436578195306e-16,0.00099192062330855,9.52276478149043e-17,-3.44286550488758e-17,3.61640039810612e-17,9.585405784643e-17,-6.27265960841621e-07,-4.50802747820949e-16,1.09254631089043e-09,4.61127298812117e-17,3.20670121632694e-16,-7.52832147461188e-17,2.90150507160472e-16,-3.09694705236816e-17,-2.7090926272081e-16,2.01912560078753e-16,-1.89504893816518e-08,2.77071105700903e-16,2.18516142050526e-16,7.96556191835829e-09,5.51331927585789e-17,5.05763617683244e-17,-1.1759094475594e-16,-8.31143115081871e-17,-9.68649705609661e-17,-2.46613273440207e-16,-5.77081955111529e-08,7.55341963575975e-17,-2.97225592260705e-16,1.7178533974784e-08,2.26977095626802e-16,-1.20730693825951e-15,-2.82501266959116e-16,3.32659911220927e-16,1.87238117509334e-17,-5.71710413233245e-17,-1.01223120509509e-16,1.25349472336197e-16,-2.10614537765206e-16,-1.07084104204799e-16,9.26643640652281e-17,-9.00183815679902e-09,2.98462473097857e-08,-2.41415303931908e-17,2.80961883307281e-16,-1.72155513001977e-16,-1.42172333875569e-16,4.26796185198919e-16,1.23671946807798e-16,-2.23599346038883e-16,-3.02060623719005e-16,-2.84269058514625e-08,7.54880424521894e-17,6.85886942178747e-17,5.13845477952456e-17,7.39624437032536e-17,3.30726278753802e-09,2.32696374195142e-16,-5.24086026993549e-10,-7.66080850042204e-17,1.52796948079731e-17,6.96139102051448e-17,3.83155112443368e-16,1.57309201916455e-16,-2.23096323332746e-16,4.28867414316106e-16,-4.37216240133493e-16,-1.20841941918927e-16,-2.06603668049e-16,1.00418033485511e-16,-1.43541065450323e-16,-2.75137647110307e-16,-8.90335539633932e-17,-2.50524516511249e-17,1.41280470534565e-16,7.99966010690109e-17,-2.81361971841236e-16,-6.71388526946991e-17,8.98647278853607e-17,3.25043811311154e-16,4.43100212664675e-17,8.91368805520177e-17,5.75749471236788e-17,1.33869990528412e-16,4.2778947089835e-08,2.55843476807237e-16,-1.85737037928752e-17,3.36537555715252e-16,-2.69565684691135e-16,1.52320887973624e-16,4.06601012074477e-17,2.99524232259043e-16,5.45214854279244e-17,-1.57991062171452e-17,-5.37083825033691e-17,-8.47303997797422e-17,2.12155788133881e-16,1.28840282514081e-16,5.83642860643519e-17,-3.76741800586058e-16,-1.19850290676923e-16,1.00633260603157e-16,-3.24660896314136e-07,-9.48395070281586e-17,5.816967999223e-17,-6.18661913351133e-17,3.07374225732726e-17,7.25122221152526e-17,-9.79319975903518e-17,2.83272445711548e-17,-3.94925300014262e-17,3.00214456697913e-16,7.4311980179849e-09,-4.97690500250129e-16,-4.40085860038663e-17,6.40234521342463e-17,-1.05363840809314e-16,-6.53673413045624e-17,4.75056305758089e-17,1.81876099856371e-16,-1.52281946072809e-16,-2.21392385042108e-16,2.40649197361457e-16,-5.29595273092878e-17,1.5587058743689e-16,-6.35781539259711e-17,1.06187989234028e-05,-6.96354391961195e-17,-4.37050988447659e-17,-4.64722180816706e-18,-2.69532660079896e-16,-1.02535981642312e-08,2.19782784556511e-18,1.00876764300122e-17,4.1602566660653e-17,3.51736586930197e-16,-1.6319404293042e-17,-3.8105602190173e-16,2.63525003576185e-16,-1.34771695267644e-17,-1.09769800951374e-16,-1.498888064854e-16,1.13755822045423e-16,1.87656686940838e-16,-4.29143323119468e-17,-1.76296299320087e-16,4.09538700724531e-17,5.41848319627373e-17,-2.61202052465819e-16
"t335",0.0338995099993423,-0.00931924716881321,-0.0101419771968268,0.000562282099227807,0.00486618937242714,-0.0123000088185137,-0.00171619087357733,-3.50697469202219e-06,-0.0277214276962344,-0.0107015637377066,0.0569625337214423,0.000431914148368523,-0.000650373048903292,-0.00011474710550083,-0.00125874718584871,-3.80172046711246e-05,-4.56981972126305e-05,7.59402203150822e-06,0.00484747740775036,0.00411858594380337,1.25764305799654e-05,-0.000103380276412372,0.0831633466031785,0.00284706226363099,-0.000226569174352905,-0.0104777782986821,0.204331604928025,0.00264949263079674,-0.00620476530329256,0.00841449920908189,0.0019069852137778,-0.0236259050977048,-8.98880286401196e-06,0.00704953249830888,-0.00709553975100421,-0.000622986098691394,-2.27640502984977e-05,5.50677313445517e-05,0.0099533503486731,0.0130244680074407,0.000144589568196446,-0.00730665902784853,7.67785664232214e-06,-0.000552324449872607,2.9583411777325e-05,-8.92745167274785e-06,1.821242962118e-06,-2.89180965925339e-05,0.00374607731949976,-0.00652328990113195,6.86922258135511e-06,-5.65115679012597e-06,-0.219342341853834,-5.00824228535099e-06,0.000448524097906302,-0.000344971085072102,0.000156998842638924,-0.000189281356594952,0.00164674970741528,-2.65595905440118e-06,-2.44146010852577e-06,0.00012549652556333,-7.31904291289906e-05,5.44383651765644e-05,-0.000978319849897475,1.01673645253392e-05,-6.22113082149488e-05,0.000187222725196931,-4.49259879490185e-05,0.000199933388758172,-1.60620207172714e-06,4.1069952954611e-06,-1.4032525538248e-05,-8.89921335922429e-06,3.73023355691443e-06,3.13818045400394e-06,-3.19515380851411e-05,4.65796123187911e-06,-0.00207420300451813,-0.000127084145711131,8.45860878559809e-06,0.000657047357375088,-0.0015508687647182,-2.23572283977009e-05,0.000199647083966468,5.20562838889158e-05,-7.90706090397699e-06,-0.00013550138916705,-2.53343544555707e-07,1.01834546692267e-05,-0.000102555986555901,5.53887523871595e-08,3.81182483761646e-05,-3.2696389459369e-05,-6.32744220648056e-06,-7.35876409152288e-06,-8.64567524377551e-07,4.53600493258943e-06,-5.06302574945925e-05,-0.00103423094559502,-2.18233200974783e-05,1.44917786669741e-07,-3.04827709515083e-05,3.33697405308644e-05,-6.46256178729566e-05,1.12558476343532e-06,-0.000359501506881615,5.2823569269156e-07,-0.00231153887602442,5.75087182290847e-08,2.39543764438061e-06,6.25327754335036e-06,-1.95404100283473e-06,2.07742685231391e-06,-2.14775283304188e-06,2.42673761589734e-06,-0.000433888164059933,0.000430588140618239,-3.52724873771576e-05,1.21310614281965e-05,-6.78031059168689e-06,1.2801744164988e-05,-0.00017664810932576,-0.000174881679841122,8.5273835521628e-07,-1.72733388229541e-05,1.78731179321847e-06,-4.12777959136275e-05,3.50286416041914e-05,0.0012176899295538,8.94053982457237e-06,-3.37720891540115e-05,3.0812529731354e-06,0.00109211534711088,-5.33649011032008e-08,3.54158987501048e-05,-9.62538852987899e-05,-3.33938362963543e-06,0.000249724049082762,-6.80428797217016e-05,-0.000368146059135549,-5.07332927684142e-06,5.19421733717285e-05,3.27190069275908e-06,1.88703077230323e-08,-8.73261787857421e-05,-1.40344570924318e-06,0.000112022187357099,7.02767310648991e-06,-6.42120976720534e-07,-7.89448415565051e-07,-4.00854783399345e-05,-5.50267928967886e-07,0.000132784580239433,-3.76302314708847e-07,-6.98898091354873e-06,4.26941025542435e-05,-3.4655374754757e-06,-1.87370477816244e-05,-2.5726304344554e-06,-2.29615020166605e-06,3.28530440865946e-07,-3.72882410725674e-05,-2.77452211566767e-06,1.48523439272055e-06,-6.70956518428611e-07,-0.00474745122156593,-6.17872225096925e-05,-0.0057536891785603,1.08352425758121e-05,-1.06741470898356e-05,-1.78770339502928e-06,1.39045148539321e-07,7.81863900714421e-05,7.19777441054277e-07,1.42996582327731e-06,6.19018417248572e-08,-1.99799972633729e-06,-7.57613804225148e-05,-8.36074267951081e-06,3.35735766003374e-05,9.11574554934682e-06,-1.92986447480156e-06,-7.86286414266959e-09,-2.46860218121788e-07,-1.32412119660063e-07,-0.0013578218450485,0.000537383754234498,0.00277062877721059,9.79123359118292e-06,2.96867093546202e-06,4.73885341845296e-06,2.00367738608405e-06,3.39720007189948e-10,3.52872575595052e-08,-7.17249275352533e-06,-4.51762458866053e-06,-7.06611764369722e-08,7.51517331241357e-06,1.07641897862978e-06,1.91995365666649e-05,3.03450728455429e-06,-8.74292753468723e-08,-5.18561098025644e-08,-5.8850790588219e-06,-2.42239351719551e-07,2.04784397043027e-06,6.08152240593428e-08,3.71537580239546e-06,2.70083601313709e-09,8.3094102313859e-05,5.83377665979571e-07,1.88303194238151e-06,6.16709672725941e-05,-9.89693865060456e-09,1.8921141453352e-07,-7.18557318529262e-08,-4.7902184951243e-08,2.89966009722307e-05,7.94982001928093e-06,3.81325764112878e-06,-5.45020714709766e-06,-1.2522293390237e-06,-5.56449797934185e-06,1.9055794257745e-05,1.11866987370519e-06,0.0001067036255573,7.00137995379923e-07,0.000289173122022249,5.92922611023934e-05,-3.3650930218108e-06,-7.32378791560698e-07,-2.33774541589319e-05,-8.7403010577757e-06,3.66526458036753e-05,1.11235001524135e-07,5.37947895145992e-05,-1.62221029469524e-16,5.84959384306245e-07,-8.60873334246597e-06,2.18780134554967e-06,6.83860795046183e-06,0.000110595887975232,-1.54766372413528e-06,3.38095267784329e-05,-1.64696090619804e-05,5.71006222750126e-05,-2.71542357848943e-06,6.6890834596514e-06,-0.00442399410735531,3.98750040845363e-06,-0.000519806618492555,0.625368232843584,4.8782496300654e-07,-2.41273628304585e-08,9.60523836054891e-07,-6.75865279476568e-07,1.04569081310035e-05,0.000393834470618162,-6.93079468752901e-05,7.19850474506045e-06,-0.000774728645428457,0.000142521491850821,-8.38201720563886e-06,0.00291752918456919,-4.08183527136234e-05,9.24453189443325e-08,0.0008023875149141,3.88602314463948e-06,3.10318061636152e-05,8.11478834275674e-08,-0.000151291420977121,2.1611639174165e-06,-2.28381853180338e-06,3.5566933456661e-06,-6.79274109337846e-06,5.13896274651171e-06,-3.680381939191e-07,6.74667373061352e-05,-2.89479453515746e-07,4.70995381158941e-05,4.4056799979267e-16,-0.000111922502799784,-1.92030181923619e-05,-1.16859219680847e-10,-9.92483852750273e-07,1.42492236138559e-06,-8.7334741471833e-07,-2.46624782996054e-07,2.68262197216803e-08,-1.19253238293796e-06,4.50325930428867e-05,1.6348161179278e-05,-1.21283749811071e-07,6.42552993879677e-05,-0.000214461100440184,5.69149664476072e-06,-0.000165332940764269,1.33405742414321e-06,2.32634834614097e-06,3.58830276460572e-08,9.12590063571297e-05,-1.1144842648092e-05,4.89227224880375e-08,-1.51526148425379e-05,1.7508039889401e-06,-6.33164008053563e-06,4.46419561347588e-06,3.9620381410743e-05,1.99872160637274e-06,-6.3255228480243e-07,-4.07627582273391e-06,4.08277300472066e-07,-1.86647764690013e-06,5.17664593695174e-06,2.06152492229092e-05,-0.000156590796969317,-5.80797973554709e-17,2.56623790280903e-07,1.38313827743922e-06,-1.33403734344493e-07,7.12026690843152e-05,7.63806958588178e-08,1.85614557041112e-05,7.31685890202966e-05,-5.63584993428834e-06,2.38126502407312e-05,2.1973087071096e-16,-0.000297542059879101,-1.32987298515713e-08,-5.83470730246027e-06,2.46530454555431e-07,4.4816405737161e-06,-2.94087036627669e-06,-4.83803626532038e-05,1.28717097402768e-05,-1.27906907403773e-06,8.07098556587329e-05,-2.59727087845141e-07,-2.48813675526494e-05,-3.32531729630039e-08,-4.88711262896981e-09,-6.98076492365753e-05,3.88988535804241e-07,-0.000436581084286037,-3.33944618138414e-17,-2.08882196547017e-06,1.67581655943815e-07,4.83076394550805e-09,4.73531402912478e-08,-7.36826157777403e-05,-0.0079741900540698,-6.71875379021498e-07,1.37897179795891e-06,-3.81004974772786e-07,-2.6618462068451e-16,-1.68275909991832e-05,-6.74491951130607e-08,-5.30812472535023e-05,1.37398748980547e-15,6.84208187561934e-06,9.09201520144123e-07,-1.44181258843893e-07,-0.00033975261232315,-1.78501230088632e-05,-6.2105378133241e-05,-3.23762776186308e-06,6.37997174180845e-05,7.45370331857117e-07,4.22034972719548e-08,1.00016175854886e-05,3.03415660267174e-07,1.1991502495091e-16,-1.23940210238126e-07,4.6027352301328e-06,1.99899126724273e-06,-1.26746083042942e-05,-7.14531116611868e-17,-2.62064318062399e-07,4.85751341566592e-08,-5.52141841868183e-06,-7.89370709484285e-08,-2.86336989634987e-05,2.79295725025631e-07,-3.70398941716465e-06,1.99091646888842e-05,-3.99226720502462e-17,7.18188641708287e-05,-3.40430457618565e-07,9.88222370740368e-07,0.000106158772346017,-1.39536272135982e-07,-3.0597381947777e-07,6.15826833971767e-17,-4.11544665579539e-17,-2.77837986252342e-07,-1.8687412174689e-07,2.4645929474647e-08,-2.7222411576068e-05,8.21604856266641e-15,-2.19345260129826e-05,-2.58375558491293e-07,2.30669836338153e-16,-1.28178308802298e-16,-1.51191788112312e-17,3.18746609884965e-05,8.68044197086166e-07,-9.49395511692969e-07,2.8805491442897e-05,4.0894708625544e-06,7.56421188879616e-07,-3.28171241814744e-07,1.49576524776656e-17,-7.17855000249028e-08,2.01561537079961e-07,-4.98603780129964e-17,5.53270148050296e-16,-1.2651248050973e-07,-7.3079372969028e-09,-7.49158704965979e-08,1.89258088644979e-05,7.39480325430078e-08,-2.96646469902524e-06,2.91984058689688e-16,-1.04629388187844e-06,-4.19793554067777e-16,-0.000198294131124457,2.44758640438603e-17,-8.13510645717671e-08,-3.37387646194176e-17,3.36445533306383e-07,8.86486270582186e-08,2.32259691398211e-05,5.44689522061506e-06,2.40668161001403e-07,-2.76938493769226e-08,1.75849623820468e-07,6.61675063108631e-08,3.17094111328933e-05,1.05769149915841e-06,6.1830601659823e-08,-1.74774701653293e-07,-3.19920029372533e-05,-4.43424562911304e-06,-8.40376149101832e-08,4.67513310168147e-17,7.91245078994096e-07,-1.37220380504481e-07,7.25501762130922e-08,3.71910128466116e-16,1.36047971622578e-06,3.9321371142548e-06,1.26772952173741e-06,-4.36176247416426e-16,-3.08389743991382e-07,-1.7669010090528e-05,-9.05531998752514e-16,-2.22137971818427e-07,5.36367105107999e-07,1.12167364470728e-16,6.88284723103687e-16,-2.06710860233248e-08,-1.17349283064747e-05,-6.84859465735464e-08,-9.81463081872322e-05,3.01497486725101e-06,8.03287037602075e-08,1.42147795485761e-05,9.3313828005216e-07,-3.74349322031404e-05,-8.68841673953846e-15,1.02786194747986e-08,8.29476802654817e-07,3.87067353874623e-06,0.0618021980115868,2.6723614705125e-14,2.79222858867434e-15,-2.9457086048825e-05,-3.67100768876263e-16,2.70820385558897e-15,2.27103949379169e-08,-1.25429545859877e-07,-2.37967058683913e-08,-1.60817668756467e-06,1.32379978668491e-06,3.49384440129431e-07,4.74685278330696e-07,2.43663748624241e-16,6.08909988073066e-06,1.74184648684673e-07,1.37641327068317e-06,-8.13686043938646e-08,3.45019946861004e-07,-2.10055547448317e-16,-3.22071132395894e-16,7.11530924591023e-17,-3.40223849032538e-06,-1.58525928941362e-08,-1.02921273387787e-06,2.40942090960449e-16,-1.23869513915988e-08,8.63967870995592e-17,-1.08083964175621e-16,2.14142135214636e-06,-5.36443073131064e-07,4.10695782937509e-16,-4.46903222937998e-06,-6.05701518215955e-08,-4.18977768968937e-16,1.38268043967384e-07,3.4301516261627e-16,3.0064414474013e-05,-1.56809542298013e-15,3.00059029177683e-05,4.24310715356863e-07,1.54159192010709e-08,2.59169623368065e-06,1.78365425737922e-05,-5.03343602609695e-08,1.55896313916204e-06,-1.43268168898314e-16,9.29904067893382e-07,-5.25311700794979e-08,3.69778774009022e-16,-6.92833426905426e-09,-1.41463598210191e-07,3.2921987099653e-08,4.70218918791693e-17,1.06135840648568e-07,1.40504585296591e-07,-4.37496164107279e-16,-3.9031205124059e-06,-2.96423231929361e-06,-4.05464345057932e-09,-1.33773867435121e-15,-1.61927575703645e-16,7.28013503198938e-08,3.96137419436677e-06,1.09441497526617e-06,-2.92437574998776e-08,2.36106503797463e-06,-4.23360458870276e-15,-2.26308309798981e-15,2.93893939577428e-05,1.51952709931631e-08,4.92284035816829e-15,2.08347419957213e-05,-9.25397665646525e-15,6.08986137550354e-08,-1.02703498630119e-06,-1.37404124877868e-06,-9.111074062364e-06,-1.25805375229186e-15,-7.11608399401374e-15,2.00211244658127e-15,1.41851652628264e-15,-7.04207509252757e-09,-2.44315988440836e-08,2.86697959776008e-15,-4.26606635198551e-15,-6.96976452047837e-16,3.44127000521245e-08,3.09346996013262e-10,-1.70466753366205e-08,-1.15541933958875e-14,-1.14442960316707e-15,-2.22478285794026e-15,-7.33429466998732e-07,2.24459148638833e-08,-0.707106781186547,3.94567032278884e-09,-1.03363689675694e-07,-5.09553027402938e-14,1.17914348132806e-14,-0.000235158274745103,-6.96680009812608e-10,-2.11078002278112e-05,-2.86553961733664e-15,3.96511440498722e-08,6.40522140555505e-07,6.87936463807181e-07,-2.57017214698736e-06,-1.52562694724633e-07,2.48496449685109e-09,-3.19633651242962e-15,1.3703216478919e-15,8.09514402231927e-16,4.74226788204601e-08,-4.2940383179103e-08,-1.67846191565219e-06,-1.27941294854208e-08,3.7075614936268e-16,7.79153560135611e-16,1.77794402312664e-15,-2.31622840239005e-15,-8.30602476163332e-16,6.15838090810742e-08,6.60069290597625e-16,-6.78550418313677e-16,-1.76324569938067e-06,6.0577876869543e-16,-2.93824653482281e-05,-2.46077566777829e-16,-1.15268892905985e-06,8.74658692677336e-16,-1.43692035537532e-06,-3.10146379953072e-07,-1.70890753510578e-07,-4.07598828897801e-16,0.00776432446646791,-4.42020172789058e-16,7.71628635875595e-07,-1.27571672296749e-07,7.06485035848933e-10,2.91255597313238e-15,3.91038003494568e-06,1.45458822707763e-15,-2.82907709541182e-07,-1.44445942302723e-07,1.69140236625483e-16,-3.3609874400712e-16,-1.02356289244215e-15,-1.05609129955778e-15,-2.1965543557793e-08,-3.76913893285987e-06,-2.47733842655809e-07,4.60354632886139e-16,8.45791954234828e-17,-1.50007351818772e-08,1.22374350601268e-07,1.18034641594614e-15,4.11747564733562e-17,-2.44356105349113e-07,5.37234696948274e-17,-4.7355636117924e-06,4.21606364532646e-16,4.3402545919687e-07,-2.18984112263926e-16,-1.22920913934116e-15,-3.42809771844467e-16,-5.64206928287572e-16,4.65755331231147e-16,9.31796935637802e-16,8.34848109100836e-09,-5.83866436875297e-08,1.98689083421828e-16,-3.87716863079696e-08,1.62907240076985e-06,3.96237829474102e-16,9.39079759237831e-16,5.71242909686032e-16,5.52110016554666e-16,1.49717775105201e-06,4.05826243084637e-07,5.23035857089445e-16,-5.77760352765207e-16,-2.91771025463388e-07,-9.42447520805197e-08,-1.42686481815225e-09,5.48711839531619e-17,5.25668158893801e-16,3.98527036681159e-16,7.82470666106226e-16,-2.95497938582313e-16,6.27555001184825e-16,9.70659163424023e-06,-1.98204507828202e-06,-5.99275074643926e-06,4.20180659562363e-16,-4.98421301206481e-16,1.50443662218703e-17,1.04119170823312e-16,-2.34626279494749e-17,-4.24037792007814e-17,-2.0261916193095e-16,-5.22940868524605e-16,-4.85570049272652e-17,-2.93265647283191e-16,-1.38996302194296e-16,-2.13942827083146e-16,2.59498067213981e-16,1.49085231651595e-16,5.55575434607057e-09,-4.8503849195822e-16,-2.52575519208866e-17,-9.67170260496363e-17,7.86340596471628e-08,-9.72405946535367e-08,-3.28691879830436e-16,-2.02933771540776e-09,7.18476532064984e-08,-3.66016072802995e-17,1.56546038711235e-15,-1.38511465228777e-07,-5.90709183132225e-16,1.76811087918502e-09,-8.75752471990215e-17,1.33890306603311e-16,-4.95242281622392e-16,4.18566099445171e-16,1.77317168550874e-07,-2.37451663071141e-07,-2.85940068771474e-16,-1.57921080769515e-16,-2.36219069972127e-16,6.96485605859723e-17,-6.01732205729455e-17,1.19948035717641e-16,-3.42101381851017e-17,7.87934214852795e-17,2.85121110123363e-09,-7.84680421147291e-17,-4.59627571711831e-16,7.26864157429211e-17,-1.08240248322592e-16,-2.97972990544881e-16,-2.72158474608714e-17,-6.19562744374328e-07,-5.69070919687951e-18,2.48622146064542e-16,4.19077433266911e-08,4.03212241915587e-16,-6.36050958188531e-17,8.90969030245439e-17,-2.16055347567594e-16,3.49053157902022e-08,-6.06070338573084e-17,-2.63376210470603e-06,-1.24811823527237e-16,4.8160416338545e-17,-1.43554321433962e-16,-1.10268654897696e-16,2.95729802510534e-16,-9.07032429220612e-17,4.17065557097259e-08,1.37081830323619e-16,-3.92474898351326e-16,5.26438432388481e-09,-5.20367325523863e-06,-1.92059254731297e-17,8.95353719498549e-07,2.06054720108045e-06,4.49352718783359e-17,-1.8928304660671e-16,-9.44356558454606e-18,-1.2121365670425e-16,8.08712652261982e-17,-3.45774313330241e-06,-1.56521927012823e-16,5.07658225399735e-16,-2.30579798162785e-16,0.000991920623308451,-3.53462508583797e-16,7.47061638711868e-17,-3.52263379408298e-17,-9.33492435010688e-17,-6.27265960572486e-07,3.09461229811535e-16,1.09254633889312e-09,-2.32841877582716e-17,-1.65126989776298e-16,1.25236317678169e-16,-2.38921465152945e-16,-4.05949631515805e-17,1.63200110558338e-16,-2.59538488864176e-16,-1.89504892567718e-08,-2.05022017452525e-16,4.08711295511956e-17,7.9655625669415e-09,-3.85887163945108e-17,-5.90587043896496e-17,1.29624230460052e-16,6.20148639273937e-17,8.70197255085662e-17,2.37109947130647e-16,-5.77081952055382e-08,-3.66183582930581e-17,1.97405453758733e-16,1.71785341963423e-08,-2.50222949596067e-16,1.03645761353872e-15,2.59102104932899e-16,-3.34014289299053e-16,-1.31103134470864e-16,8.88275877008768e-17,8.20336150554038e-17,-1.78665213866216e-16,4.76769975158426e-16,8.55261247988905e-17,-1.2277850099159e-16,-9.00183805765712e-09,2.98462471488423e-08,-1.93970948289018e-16,-1.72282475836461e-16,1.91195850797323e-16,1.00569324312059e-16,1.11943874309128e-16,-8.376808663133e-17,3.09025173492009e-16,1.69632797880316e-16,-2.84269058838676e-08,-8.0622347862544e-17,-1.11772521282782e-16,-6.24878662257811e-17,-2.39530069279445e-17,3.30726286633681e-09,-3.00775307421777e-16,-5.2408596879871e-10,8.48060568769798e-17,-2.95313207281107e-17,8.16632139783211e-17,-4.15416729048944e-16,-1.28851176546117e-16,1.96475880785469e-16,-3.6672951858215e-16,3.30854215577125e-16,1.31701867880014e-16,1.58050489035445e-16,-7.64439950666744e-17,1.48820837965826e-16,3.71185306258687e-16,1.14730568091315e-16,-8.86367821716672e-18,-5.43543589340526e-17,-3.35990297910716e-17,2.10600822578317e-16,1.03820752259248e-16,-8.84355051230998e-17,2.53540678035735e-16,-2.51365529864427e-17,-1.47652873918817e-16,-7.95134635914243e-17,-7.45331878364746e-17,4.2778947079925e-08,-1.44379870299974e-16,2.09271382754952e-16,-3.19318517953592e-16,5.14816134925539e-17,-4.39637494529735e-16,-3.68522733964073e-17,-2.93397536216946e-16,-5.2819162339277e-17,3.51230092983833e-17,1.10802820900328e-16,-6.76000054544712e-17,-3.82251757037028e-16,-1.62500634707614e-16,6.28863849068812e-17,4.04212903211733e-16,2.80364427937853e-17,-1.75047254970818e-17,-3.24660896354661e-07,8.20988021698411e-17,-9.42886211490982e-17,1.84968803698526e-17,-1.10530289601106e-16,1.68097557578517e-17,6.53513212040847e-17,2.05125651593222e-19,-2.65522117889858e-17,-2.84833474565619e-16,7.4311981382948e-09,3.95014463520122e-16,-2.97601912543351e-17,-4.75310117660842e-17,1.40052720927185e-16,2.38949932150535e-17,-9.73428820174598e-17,-2.34261503686781e-16,1.83725357241064e-16,2.37964117799099e-16,9.07146626441164e-17,3.48904978569922e-17,-1.02054410317203e-16,6.40488707525641e-17,1.06187989233852e-05,-7.65620464646144e-18,8.77095247813951e-18,5.85650864660358e-17,-3.02383985906207e-16,-1.02535983045033e-08,3.04741966762411e-17,-3.48744729280162e-17,2.06160499608514e-16,-4.86996369943658e-17,2.86971126210648e-17,3.298928360396e-16,1.3387971525248e-16,1.63744548953084e-17,6.14609869551815e-17,1.32390328569763e-16,5.59899512763377e-17,-1.01333343597494e-16,1.20675296390196e-16,-1.30556489367486e-17,8.4538717168995e-17,3.30813764250068e-17,-1.94370628129862e-16
"t669",0.0299139308312046,-0.00656954192933249,-0.00701307956455517,0.000288847504581659,0.00131635438091973,0.00227972434166505,0.000501296068327948,4.21827022699561e-06,-0.0165153111244152,0.0461020180117259,-0.00288596549705735,-0.000484251485608305,0.00122583634850192,0.000289502253799985,0.0102506615101322,-0.000314591164609585,-0.000223637520671396,2.84357785162761e-05,0.0137509217531864,-0.00259940488071112,2.90267911309864e-05,-6.77484505370104e-05,0.0107714457144696,3.35639244827234e-05,2.38018303189309e-05,-0.00215272349080235,0.0113674278330414,-0.000116820818716531,0.00199871477717019,-0.026942922793702,-0.00465493169392974,0.282059441863886,-0.00653163965681013,0.145891945205675,-0.0163118691564633,-0.00456032719165939,-0.00014330380335919,0.000223149156469304,0.0106936373464956,0.00254921029960782,0.00121297114307195,-0.0148862840383332,0.000549710026843734,-0.0661998829868999,0.000100178694534133,-4.24961390313764e-05,8.04790027722807e-06,-0.000121407458949413,0.00720279707109827,-0.0126289796889769,9.86163672451008e-05,-9.18389592404051e-05,1.00110609489657e-05,-3.33435978230423e-05,0.00089270443486095,-0.00214261990374773,0.000472199827634819,-0.00318213317949736,0.0383487696925256,-6.00658977511584e-06,-7.36021403287718e-06,0.00039546932980797,-0.00023523567253569,0.000175506083521069,-0.000660234621760528,3.48188861850291e-05,-8.25443248875362e-05,0.000640529522180463,-0.000153624867941415,0.000682836652536921,-5.42170594355029e-06,1.36377862392189e-05,-4.64163312932737e-05,-2.91258368095416e-05,1.21878861306462e-05,4.31149391397795e-06,-0.000103362998229387,1.47303086626772e-05,-0.00172854811227244,-0.000528323829440462,2.99829597431008e-05,0.00229505734650213,-0.00123751090808957,-9.7211465064347e-05,0.000300313079576122,0.000191305439062571,-2.89729102217532e-05,-0.000209636053022839,-9.89619453600146e-07,3.8780542985904e-05,-0.00158338045761655,2.01122657322687e-07,0.000138702322829384,-0.000121994345438392,-0.380791344158982,-1.02952666171677e-05,-1.28497915329847e-06,1.25221980931303e-05,-0.00014352587052494,-0.00142886033277961,-7.89387643829359e-05,5.2005653267756e-07,-0.000108603222668703,0.000106201463396205,-5.29568500017573e-05,3.3410997731678e-06,-0.000881841686779117,1.10994742423164e-06,-0.000567798756875836,4.16020786784556e-07,1.37724366308053e-05,2.63698124177918e-05,-8.14378751821637e-06,7.86299847203485e-06,-3.05255470253008e-05,8.66251773227089e-06,-0.000430523719134352,0.000433205084604449,-0.000138339373594701,4.70022583322479e-05,-2.61883327015463e-05,4.91923610136525e-05,-0.000423866904403588,-0.000734339177946251,3.33909773765682e-06,-6.68455586537004e-05,6.91732011615835e-06,-0.000482009729142681,0.000134030836818797,0.0046580392597534,3.41244067886554e-05,-0.0001166867499188,8.98574636068835e-06,0.000153889968126528,-2.37478032893731e-07,0.000155747525118684,-0.000147475176999091,-1.40094195427521e-05,0.000480340685373523,-0.000400734609243693,-0.000338241583523907,-2.91294561470769e-05,0.00025203758022206,1.55951137382733e-05,8.9925906816103e-08,-2.46449729931175e-05,-6.4722104839808e-06,0.000124645006533021,7.99620197882198e-06,-3.33300934766581e-06,-4.1392148665176e-06,-9.77892151244521e-05,-3.63609036700945e-06,0.00261368316040567,-1.74191377399164e-06,-1.39620239946165e-05,0.000856702563165509,-1.85241986834762e-05,-4.45030719796021e-05,-5.99061402657411e-05,-1.37386423876565e-05,1.9912899875727e-06,-6.38104880139708e-05,-1.91120796831886e-05,1.21500452705074e-05,-7.91119842066363e-06,0.000504826489606612,8.59360667001507e-06,0.00042679563987675,8.48683905664406e-06,-1.48243253944561e-05,-2.60873456367907e-06,3.01124420602128e-07,4.59018108569913e-05,1.86291159546134e-06,3.77540219433732e-06,1.6499145806336e-07,-5.96016437420899e-06,-0.000871367599778297,-2.36570587556264e-05,9.68503724498161e-05,2.54703382514807e-05,-5.23696931737765e-06,-2.05077158411433e-08,-6.11618501107176e-07,-1.99994880808105e-07,-0.00107333256971517,0.000236775349551933,0.00105961134770338,-1.74341978915726e-05,-2.80712656927844e-05,5.05491514548166e-05,4.37175794344559e-05,6.22140258796685e-09,6.0083198547501e-07,-4.6520478611733e-05,-7.08857209176238e-05,-1.11680037488974e-06,5.00728007090323e-05,7.85809146768093e-05,2.01652056249061e-05,6.64245450132367e-05,-5.55781905097138e-07,-2.28986407502788e-06,-0.000138532102081221,-1.45496176030115e-05,8.78917207331207e-05,1.02993211933541e-05,-0.000542730918749873,-1.12261524664445e-07,-0.00212374343178684,-1.32508778064443e-05,-2.757195429696e-05,-0.000282331260720523,-1.54359456979683e-07,-2.109747148443e-06,5.86169400933973e-07,3.71055568302467e-07,-3.95278596327508e-05,-4.08469808972256e-05,-1.85867162876584e-05,2.15852615124545e-05,4.72862883298499e-06,1.99552936173832e-05,-5.85433503912883e-05,-3.33207946737338e-06,-0.000315428196519339,-1.74581568875219e-06,-0.000156770021949742,-0.0004911635399765,6.47577122675943e-06,1.34433904041467e-06,0.00016395827408701,1.49551829518886e-05,-3.57083836946105e-06,-1.53430535219179e-07,-6.73603499980722e-05,-9.794295389668e-18,-6.33118969034147e-07,9.03913277222048e-06,-1.83652328530213e-06,-4.72341913464679e-06,-6.36533105398207e-05,8.80355226719747e-07,-1.25148407239724e-05,5.57179200094483e-06,-4.56444542549215e-06,2.97773426620532e-07,-1.40484409305705e-06,0.000569984074435287,-3.7252583672439e-07,4.10140295931869e-05,-0.000147065453724991,1.5844951147956e-07,-1.07168721374929e-08,5.27105877191307e-07,-5.45212689810929e-07,8.65279577278765e-06,0.000103616989544831,-2.11451024442595e-05,1.10638257314655e-05,-9.15588433874036e-05,0.000265571099087688,-1.79166863756664e-05,9.85974720756493e-05,-3.44514153664794e-05,3.76951065205218e-06,0.0489564902353819,0.00054111838935161,-0.000125389499488109,-5.96295445777395e-07,3.5221153194678e-05,-7.03452274472471e-06,8.89201666543068e-07,-1.06552392513662e-06,1.60399182319648e-06,-5.68238346914964e-07,9.45910585078477e-09,8.81604576697519e-06,-4.90102895208741e-08,9.3329232297347e-06,-1.80611499613133e-16,-3.21913530446066e-05,-1.38297859840541e-06,-3.88474432435801e-11,-4.02620117563154e-07,6.58442298956395e-07,-4.25429975938533e-07,-1.23100369876973e-07,1.70669404391459e-08,-7.68102459294147e-07,2.91003902479515e-05,4.75495124102366e-06,-9.29980516126852e-08,4.96485333825233e-05,-7.27816887404259e-05,4.74916802994228e-06,-3.88170584284971e-05,1.32114088831499e-06,9.02598476056292e-06,3.56322541454239e-08,0.000387736987463134,-1.32066193369916e-05,5.86158825830773e-08,-1.84406471138407e-05,2.16997829531877e-06,-7.89056986701119e-06,5.80210173519273e-06,2.22321991994e-05,2.6278994465183e-06,-8.34585673862827e-07,-5.44444845530834e-06,5.52719003384093e-07,-2.5582852882843e-06,3.0722643986068e-06,0.000111027807094883,-5.57319176543545e-05,3.71799139387285e-17,1.7422162494834e-07,2.1950386101829e-06,-2.06538505972444e-07,4.95320909030919e-05,1.28135615004775e-07,1.29578418394793e-05,3.01238434547015e-05,-9.273078969655e-06,3.96492256849012e-05,-2.02736004961038e-16,-0.000130326657048271,-2.45869029979112e-08,-4.47610730334693e-06,4.41569649720886e-07,8.13084101809978e-06,-2.33194186696273e-06,-0.000344796110286849,9.25621098647808e-05,-2.45227345741636e-06,0.000599373707454279,-4.94413549136587e-07,-4.7812976069634e-05,-6.40580025569853e-08,-9.27086991165749e-09,-5.82115701857007e-05,7.38287133015377e-07,-6.38613689013572e-05,-3.34957330916821e-17,-4.08791396576692e-06,3.24391335255222e-07,9.34984129102465e-09,8.88231543763288e-08,-0.000498050597197029,-0.000278282229501087,2.96695645597814e-06,-1.08463683989739e-05,-6.16945951209133e-06,-6.05499570046526e-16,-4.8138576240381e-05,-3.99136862178492e-07,-6.19513145787376e-05,5.07163215027443e-15,2.83805805427625e-05,3.63841136173018e-06,-5.58292298250643e-07,-9.88342206436331e-05,-3.31739197741943e-05,-1.78159577677701e-05,-1.3556109705363e-05,1.83464250703689e-05,3.10432531747362e-06,1.75427712762519e-07,0.00309458168293998,7.27499330342025e-07,-2.43001832673658e-16,-5.15159274601667e-07,1.92893954002953e-05,8.53588498407704e-06,-0.000214077862506334,2.96339163415575e-16,-1.24318686282282e-06,2.56569325471226e-07,-0.000118031796714804,-4.53261391390451e-07,-7.3842669663263e-05,1.78831722881423e-06,-2.71419659312579e-05,0.00023965776370264,-1.80961091125122e-15,0.00237216711395552,-1.3399617831737e-05,6.54765822571295e-05,0.236507484648077,0.00020174243304053,1.47307540246803e-05,-2.52384918519866e-14,6.72278986921791e-16,2.32926485477859e-06,3.55848969766424e-06,-4.44852699844272e-07,0.000153334132093267,-7.1764349780218e-14,4.41057380260516e-05,4.3892991047894e-07,6.20877882847595e-16,-3.11043602260582e-16,1.84304951339144e-16,-6.05412423883296e-05,-3.64124903162471e-06,3.42322158942595e-06,-9.23297275117952e-05,-1.29348917059729e-05,-2.12879056060696e-06,9.11614780457101e-07,6.77758161038202e-16,1.60567602673418e-07,-4.19624354448039e-07,3.46168188566349e-16,-9.56954751897059e-17,2.02094706934065e-07,4.76753819517636e-09,1.04116978438676e-07,-9.52650863350032e-05,-8.73423088654805e-08,1.49572022120344e-06,4.76279415142043e-16,1.18655263990806e-06,-1.91811418547058e-16,1.57420477982902e-05,-1.032838094564e-15,8.44469467439191e-08,8.17293266406069e-17,-3.27251162074165e-07,-8.51681275292663e-08,-1.40645920163317e-06,-4.31573145753276e-06,-1.88004370060965e-07,2.03404937414843e-08,-1.22392574200971e-07,-3.88325918459199e-08,-8.44512312034076e-06,-6.24290660817045e-07,-3.38973432397622e-08,8.66842296017734e-08,6.32981209101203e-06,4.80392677378344e-07,3.45122563611658e-08,-7.34862746710216e-17,-2.90903926605483e-07,4.51462341837829e-08,-1.68423464490816e-08,-2.18040141714543e-16,-1.22591289507545e-07,-6.75929085202188e-07,-1.99867149770692e-07,1.97070143912864e-16,4.64167079097954e-08,9.48876648983804e-07,-5.39965751712112e-16,2.46143079978471e-08,-2.36993440933618e-08,-3.97834512722982e-18,-3.49522765943572e-17,4.68390245260219e-10,1.06914798894995e-07,3.82409066811193e-10,1.70686441336905e-07,3.90145699145929e-08,1.13849726361876e-09,5.74443158860651e-08,2.59224702161031e-08,-9.22197138291019e-07,-3.29705880652842e-16,1.88474547365402e-10,6.0885932601965e-09,1.77352001533714e-08,1.76384722027753e-06,2.34654758735431e-16,-7.60035496093357e-17,2.38918422667321e-06,1.04489033592845e-16,-1.5742339970178e-18,9.19240523284292e-08,-1.41694978708881e-07,-2.65533979904816e-08,-7.10230972149558e-08,7.53620020126314e-07,1.97344911146097e-07,9.75959496469065e-07,3.13368901073975e-17,6.79651869209795e-07,3.25866587796195e-08,1.50793818395384e-07,-3.43921727673561e-08,1.45205626096278e-07,4.65631468562332e-17,-2.76013647255976e-16,-5.76773513807495e-16,-6.33432276837333e-07,-6.84609677806547e-09,-4.44853638385025e-07,1.43607066749149e-16,-5.41481449686609e-09,-1.83499089791118e-16,-6.82106094975375e-17,9.88426654364109e-07,-2.47779181719994e-07,-8.60856524953491e-17,-2.09196133021701e-06,-2.85708972611452e-08,1.06603899436705e-15,6.62222433142844e-08,1.52011875326718e-16,1.10092172366421e-06,-3.93484423667561e-17,1.1006609446911e-06,2.08664902970523e-07,7.57104021106055e-09,3.2691841728771e-07,2.25828653991608e-06,-2.52300747834036e-08,7.97580298002589e-07,-5.55056200094285e-18,4.87241176817235e-07,-2.75916517505366e-08,-3.63737818055209e-17,-3.65071613467983e-09,-7.4968202875132e-08,1.75349885895633e-08,-1.78383836684778e-16,5.74612269166736e-08,7.63029778732822e-08,2.84335662602379e-17,-2.1281774651106e-06,-1.61940116105767e-06,-2.23077397637938e-09,-2.69843276882537e-16,-7.42391553185972e-17,4.06787494779665e-08,5.72323967356616e-07,4.63727151637815e-08,-1.68370347176571e-08,3.50632375645592e-07,2.38182002074093e-16,-2.03291277002982e-16,1.28338054524568e-06,3.35664555662366e-08,7.94920542441662e-17,3.11539513972816e-06,-2.1392186175792e-17,3.55393266197098e-08,-2.27960896787956e-06,-3.5137091425074e-07,-2.33278960278189e-06,-6.60088753891849e-17,-2.62046444731373e-17,1.30034263523352e-16,1.70437225303044e-17,-4.1624233957399e-09,-1.44489098596935e-08,-2.07005689712657e-16,-2.15368743262836e-16,-4.34038769850286e-17,2.03894016871379e-08,1.83420868077252e-10,-1.01256281117562e-08,-2.52005400546022e-17,-2.23332095004858e-16,-8.94900473169535e-16,-4.37163700122633e-07,1.33793485735297e-08,6.75659024729238e-16,2.35079642090092e-09,-6.15212518317022e-08,1.25412058373621e-16,-1.92191546583687e-16,-1.93120163576124e-06,-4.35536274272385e-10,-9.56602206995317e-07,7.43242482444271e-17,2.37017830128963e-08,3.82322480921551e-07,4.09827600123115e-07,-5.77870933500031e-06,-9.04916800377928e-08,1.47151734926532e-09,2.69297843679016e-16,1.83010980119548e-16,-2.29311331859047e-17,2.7676093303633e-08,-2.50529506795091e-08,-4.27091224621452e-07,-7.33218294461754e-09,3.17242863331025e-16,-3.03924174665641e-17,1.19791642634647e-16,-4.03964265766811e-16,5.16260475834197e-17,3.44603870532056e-08,1.56894407564818e-17,-4.90995405738835e-17,-2.50705819763815e-07,1.08920250905079e-16,-2.24331726958633e-07,6.78064165692909e-17,-2.77926318384635e-07,-2.19699168462443e-16,-3.3170050100597e-07,-4.13539681450715e-08,-8.28869235837952e-08,1.63802172995992e-16,1.3089414855225e-06,2.35328683290902e-16,4.45616312520547e-07,-6.87938393753086e-08,3.801671664302e-10,8.78037431901043e-16,2.06456712860744e-06,-3.10408301966637e-16,-1.45038793899986e-07,-7.39451275075374e-08,2.73270721185765e-16,-1.40282925386487e-16,-1.00338515127671e-16,2.28517706388662e-17,-4.14307340147886e-08,-1.41856164506222e-07,-3.14330144550437e-08,-1.06718966069579e-16,3.42044983233527e-17,-7.06744266364496e-09,5.75386507886081e-08,5.42456260960999e-17,1.39678876613429e-16,-1.07900912171886e-07,4.40698984454007e-17,-9.01696175193681e-07,6.46972109787112e-18,1.79996666042089e-07,1.02288783160948e-16,-2.08481514933553e-16,6.96561490819968e-17,-1.16272290242459e-15,4.45418042285577e-16,3.66237553833691e-16,3.06764424819528e-09,-2.14144692173395e-08,4.977140303053e-17,-1.34925503164769e-08,5.53497517729811e-07,1.16659866053683e-16,2.33732440340367e-16,9.92124854044844e-15,-1.82609587548628e-16,1.97584081664099e-07,3.05829880785669e-08,1.05149681966803e-15,3.80269658460799e-18,-8.18553499539235e-08,-2.63006250285663e-08,-3.90996112196177e-10,6.61346244344765e-16,8.87647181015087e-17,-1.34202057515099e-16,1.25871232158768e-15,3.11342662731203e-16,-5.10487826346696e-17,4.51710457618622e-07,-3.36944005074098e-07,-7.28287450611551e-08,1.54979565528547e-16,8.43649546984737e-16,6.83592197933754e-16,3.43683984985538e-16,1.97862148244654e-17,-5.44701193155809e-16,1.02498018371982e-16,-3.42191459752343e-16,1.49097807719687e-16,-9.78162070231056e-17,-3.79623856528784e-16,2.89810677816294e-16,-8.22368982848609e-17,1.93173793936746e-16,-3.51662545807999e-10,-7.89856956722836e-17,-1.22740396744238e-15,-3.14687472581059e-18,-8.01631449081322e-09,4.73972115807462e-09,-2.2650136015823e-16,2.37639552117852e-10,-1.22056336495432e-08,-2.43641272379302e-17,-1.42395224438808e-15,3.36182775586592e-08,-6.05568389103618e-16,-6.09268457605999e-10,1.62087467147193e-16,-3.83756887758788e-16,-2.72310555422007e-17,1.49503742213922e-15,-4.20883353227589e-08,1.32255795663899e-07,5.53424249432262e-16,-1.08657537430147e-15,-5.34609574306369e-16,6.45243402826918e-16,-2.9734244580415e-16,5.84668131236936e-16,-9.09356267762709e-16,8.69883930789118e-16,-5.97678278107908e-09,-1.81167496955715e-15,5.17843119118532e-16,2.19201305183908e-16,-2.71970943134884e-16,1.55400096566086e-15,2.80610250487956e-15,1.78656775981963e-06,-5.84437760558916e-16,4.84480290455512e-15,-1.28741161560125e-07,-3.61211736521435e-15,7.81640952611465e-16,2.59281448820551e-15,1.13607638980473e-16,-2.84680540286641e-07,-9.09234442968002e-16,1.23541481348953e-05,8.49915638386428e-15,4.58302204641061e-16,-1.46018531419247e-14,1.88357765799549e-14,-6.87506542247828e-15,-6.28858978904448e-15,-3.99805397237001e-06,-2.61166221295298e-14,3.05245742953618e-14,-2.90781950265701e-06,0.826545797449171,1.71279574565795e-14,3.02387179167699e-05,1.38744865163014e-05,-6.01869523363241e-15,-7.17658118050546e-15,1.00628781817637e-15,3.815936038683e-18,1.72821609721004e-15,-5.99133322349458e-06,1.86414845359375e-15,-4.20987686532193e-15,-2.30766416020075e-16,2.07123555285028e-06,-1.82737631266417e-15,1.25351833139369e-16,1.7534928101722e-15,-2.08765446833599e-16,-8.09247829184863e-07,-4.3140867458908e-16,5.22237781429562e-09,-2.63098894533171e-16,3.40822952782059e-17,-1.37972904248765e-16,-1.68195687447995e-16,5.63321386743793e-16,1.66866853396697e-15,-4.77600817381398e-16,-7.5965218207675e-08,-1.79721942105501e-17,9.7731068848982e-17,3.08073200501044e-08,-4.94748172137574e-16,1.69854979537929e-16,-1.32772878085416e-15,2.20542165334609e-16,4.42271144776303e-16,-1.22908649238825e-15,-2.02373475049986e-07,-1.33539841936943e-16,-2.24816785406073e-15,5.80007291712347e-08,-1.76969989353481e-15,1.82106627264428e-16,-1.01570633914853e-16,1.43442179581093e-15,2.57321946134259e-16,1.43969213528109e-15,4.30416552489975e-16,1.94989671384623e-16,-4.8851647515352e-16,-1.98001706908727e-16,6.80849374642433e-17,-2.70541541774113e-08,8.86350602339165e-08,-6.96533280787896e-16,-6.48518210868603e-16,-4.45417335479715e-17,-4.6269597121531e-16,1.93573455875562e-15,3.33804774725645e-16,5.06986906616037e-16,7.37481931737586e-17,-7.97622760679743e-08,5.9245518950539e-17,4.05074359063919e-16,-4.04571576438943e-17,1.03463100859403e-15,8.8988911513582e-09,-3.7428972045801e-17,-1.35273349130483e-09,1.22773273413063e-16,1.02468374641291e-15,2.36926790019357e-16,1.91209896636017e-16,-9.2986617100599e-17,3.79756972927631e-16,6.0760882905718e-16,-8.37087858124214e-16,-2.55119842809324e-16,-2.22198638362018e-16,1.10097822351757e-15,-1.28100513191237e-16,-9.45241350843299e-16,-2.40331000551342e-16,7.78225552867582e-18,1.61258617065021e-17,1.9591954655104e-17,-5.36492812040579e-16,-7.41526421755735e-17,-4.27263302740293e-16,5.51262594600255e-16,2.77082992384268e-16,-5.66970561175869e-16,-6.09513434210456e-18,-1.48007404406447e-16,2.55247039650177e-08,-2.17735270573451e-16,8.5040225663316e-17,1.82750043191252e-17,1.22593128034358e-16,1.16220599211982e-15,-1.79314435252403e-17,2.31476604587548e-16,-3.49154225421756e-16,4.15621159218772e-16,1.96974474102701e-17,-7.30860684472479e-16,2.35670337487979e-16,3.16717663549351e-16,9.39284874555615e-16,5.38661524536768e-17,4.65803567089277e-16,2.53460240832475e-16,-3.10136969395717e-07,4.88778806020457e-17,1.52121467479791e-16,8.50104002003445e-17,-1.10828292929909e-16,4.69802475177036e-16,4.7235646058205e-17,-4.63038895563129e-18,-8.29761884552666e-18,3.54613932367414e-17,1.54565879032816e-08,1.32398060612727e-15,1.13462913379733e-16,3.47540607453944e-17,-1.70808752323238e-16,-8.60744789208038e-17,4.07648529939792e-16,-4.63760580874545e-17,-3.80268803246412e-16,4.08727629515884e-18,-5.15191251372974e-17,-3.38648819027452e-16,1.67816595969261e-16,-9.25107962058242e-18,3.04683464057643e-07,-2.68195513576772e-16,1.08560182617974e-16,1.08523648754929e-16,-3.33825848908287e-16,-2.02951891246145e-08,6.99501654448556e-17,-5.60814735275268e-17,1.68181876586229e-16,4.13234428524999e-16,3.44134057099677e-16,-2.77223152088327e-15,3.46498052172013e-16,2.38372225014083e-17,-1.44854184856369e-16,6.50416569473382e-17,7.47167120515383e-17,-3.03057646430783e-17,-5.4777904402852e-17,-2.77711190415414e-17,-9.94479157642116e-17,-9.75981042017469e-17,-2.76170373238114e-16
"t963",0.0299174838741066,-0.00657118496411927,-0.00701489016179592,0.000288947393198922,0.00131691145058097,0.00228085565262697,0.000501549703688597,4.22057361037283e-06,-0.0165259545752491,0.0461380089374569,-0.00288881951540066,-0.000484840530503581,0.0012273706607918,0.000289870040577951,0.0102642460667478,-0.000315032417922305,-0.000223958610578251,2.84773372135516e-05,0.0137714787417264,-0.00260362255182639,2.90776844219314e-05,-6.78914432829283e-05,0.0107954346024742,3.36390942410466e-05,2.38553433864384e-05,-0.00215779037569125,0.011394494653822,-0.000117101434289831,0.00200364250367386,-0.0270211279409272,-0.00466932151382922,0.282970190011437,-0.00655421765158168,0.146419595690372,-0.0163738019722834,-0.00457898796446034,-0.000143897435199552,0.000224087830116911,0.0107389173651881,0.00256016052967061,0.00121832693261597,-0.0149535595797327,0.000552230265623049,-0.0665037467199866,0.000100646305240987,-4.27067610620527e-05,8.08850262520074e-06,-0.000122025055374602,0.00724028499549874,-0.0126963239718193,9.91591401276988e-05,-9.23517980968582e-05,1.00670815725451e-05,-3.35335287198059e-05,0.000897965648342844,-0.00215531178464655,0.000475253456317763,-0.00320318764104285,0.0386031880035439,-6.04865731195078e-06,-7.4138297477039e-06,0.000398405367256011,-0.000237008791016561,0.000176834001095846,-0.000665370360127357,3.50963937271632e-05,-8.3237171998088e-05,0.000646028208104337,-0.000154957269206456,0.000688868029055836,-5.47417815231821e-06,1.37785817038291e-05,-4.69001518389096e-05,-2.9435421831517e-05,1.2317748471468e-05,4.35781692572719e-06,-0.000104477202385549,1.48916606430454e-05,-0.00174816411935197,-0.000534403693453597,3.03361766439192e-05,0.00232223023479899,-0.00125269815248852,-9.84171745182351e-05,0.000304205996839531,0.000193814564852172,-2.93573954711688e-05,-0.00021242328511136,-1.00278349270171e-06,3.92970444522264e-05,-0.0016045622061354,2.03925245551885e-07,0.000140642192755303,-0.000123742553412576,-0.386474006014409,-1.04498263321421e-05,-1.30427552050571e-06,1.27130854278316e-05,-0.00014572587041255,-0.00145121737316063,-8.0194392410032e-05,5.28340746434062e-07,-0.00011033603608785,0.000108020212437065,-5.38684102530586e-05,3.39883962720033e-06,-0.000897188748695068,1.12930203397221e-06,-0.000577733890838275,4.23338102045268e-07,1.40150867587348e-05,2.68390637673691e-05,-8.28887795260324e-06,8.0067325581624e-06,-3.10865659168436e-05,8.82359896074065e-06,-0.000438571206781928,0.000441418250385005,-0.000140997643411128,4.79145301965663e-05,-2.66995028078111e-05,5.0171203540808e-05,-0.000432405026602284,-0.000749138159452429,3.40650757906432e-06,-6.82118701530059e-05,7.05885373764427e-06,-0.000491976384758116,0.000136885150434041,0.00475726875637382,3.48530692036525e-05,-0.000119226761050425,9.18207609096492e-06,0.000157261366602677,-2.42737886497255e-07,0.000159202351049319,-0.000150821579672304,-1.43330520881011e-05,0.000491705577279728,-0.000410222343357668,-0.000346282105177284,-2.98233288070269e-05,0.000258060967918342,1.59682852021858e-05,9.20777561572124e-08,-2.5239999031076e-05,-6.6312438968554e-06,0.000127761959342153,8.19702707308916e-06,-3.41751475229949e-06,-4.24423959715292e-06,-0.000100279346426455,-3.72887583594963e-06,0.00268053846413035,-1.78744575728713e-06,-1.43282285828452e-05,0.000879227041685484,-1.90379079958337e-05,-4.57528031846781e-05,-6.15916382581207e-05,-1.41292661588156e-05,2.04802853388548e-06,-6.56529818194285e-05,-1.96648161589542e-05,1.25059544472734e-05,-8.14578375689057e-06,0.000520321705775391,8.857695998742e-06,0.000439915486692742,8.74893493209081e-06,-1.52846089202413e-05,-2.68979630954869e-06,3.10580622234908e-07,4.73480168076424e-05,1.92202225305928e-06,3.89540431084782e-06,1.70240403855918e-07,-6.1528818782446e-06,-0.000900011839922638,-2.44369264288586e-05,0.000100051667829935,2.63189011683304e-05,-5.41197102360302e-06,-2.11950399220391e-08,-6.32174144088405e-07,-2.06779028075352e-07,-0.0011098250875183,0.000244984520590121,0.00109637240054746,-1.80429640131201e-05,-2.90688624851069e-05,5.23716315601934e-05,4.53015474811887e-05,6.44846733836454e-09,6.22879864019537e-07,-4.8255040880114e-05,-7.35378456435254e-05,-1.15888738384392e-06,5.19666135270019e-05,8.16352739451354e-05,2.09500015154097e-05,6.90391813010419e-05,-5.7790170284287e-07,-2.38340259167015e-06,-0.000144191661600717,-1.51454339335416e-05,9.15169887939748e-05,1.07262567842735e-05,-0.000565525256150314,-1.17052425709067e-07,-0.00221553372508208,-1.38258232231941e-05,-2.8789222841666e-05,-0.0002949150069804,-1.61241108728467e-07,-2.20449780281011e-06,6.12984314782337e-07,3.88089443101975e-07,-4.13763222757631e-05,-4.27813735835868e-05,-1.9470746584867e-05,2.2630202317201e-05,4.95849608354551e-06,2.09297729404555e-05,-6.14417503563186e-05,-3.49750102521525e-06,-0.000331098233688189,-1.83383722812612e-06,-0.000164744657464545,-0.000516394257583105,6.80990000828515e-06,1.41401944884361e-06,0.000172492861544529,1.57345873626067e-05,-3.75900324945614e-06,-1.61570963653462e-07,-7.09606282438133e-05,-4.38707498459972e-17,-6.67314378984009e-07,9.52836395592656e-06,-1.93735452503331e-06,-4.98559316043311e-06,-6.72180057401643e-05,9.29682893566687e-07,-1.32276279188524e-05,5.89000186741018e-06,-4.82545194272546e-06,3.14902941971657e-07,-1.48598406433509e-06,0.000603146474797899,-3.94269965698291e-07,4.34111813152341e-05,-0.000155723545809641,1.68060931764301e-07,-1.13737573419811e-08,5.59694136815181e-07,-5.79550884807607e-07,9.19847368968998e-06,0.000110235505337025,-2.25053737194899e-05,1.17827692098565e-05,-9.75276112708815e-05,0.000282942037256029,-1.90940655796026e-05,0.000105121224323194,-3.6732686867782e-05,4.02345245462965e-06,0.0522558512485329,0.000577602441113464,-0.000133882952981087,-6.36756019339371e-07,3.76241114169822e-05,-7.51493873292223e-06,9.51931417640455e-07,-1.14095826306302e-06,1.71786472096015e-06,-6.08838089313713e-07,1.01383941436432e-08,9.45643150704704e-06,-5.25821243693798e-08,1.00148786522488e-05,-9.05731239948752e-18,-3.45647019003557e-05,-1.48506020644417e-06,-4.17259438143368e-11,-4.32721810366396e-07,7.08050039285931e-07,-4.57598965922265e-07,-1.32425347261417e-07,1.83897792744775e-08,-8.27724640284592e-07,3.13601360673021e-05,5.12666245457768e-06,-1.00406038796589e-07,5.36162181108468e-05,-7.86111397492889e-05,5.13237179485753e-06,-4.20377295377098e-05,1.43203215227617e-06,9.78409931272262e-06,3.86256934677963e-08,0.000421245779231993,-1.43853231023513e-05,6.38687709533135e-08,-2.01030765312433e-05,2.36701600369977e-06,-8.60862929372122e-06,6.3398769038127e-06,2.42956534334242e-05,2.87241981433655e-06,-9.1237581059487e-07,-5.95478773534018e-06,6.0485213345368e-07,-2.80097618625637e-06,3.36444437099379e-06,0.000121631700339667,-6.11028717460419e-05,-3.25935583169245e-17,1.91943546537701e-07,2.41950688442999e-06,-2.27827175504629e-07,5.46387345466651e-05,1.41349356720114e-07,1.42966794066688e-05,3.3247661732721e-05,-1.02388502511191e-05,4.38148294707016e-05,-2.40513600559301e-16,-0.00014429378513204,-2.72283584053716e-08,-4.95951971324059e-06,4.89288257253256e-07,9.02091754122013e-06,-2.58903118102793e-06,-0.00038318915955058,0.000102939402130329,-2.73125945110952e-06,0.000668479874522129,-5.51903733310669e-07,-5.33991839373582e-05,-7.15643210772322e-08,-1.03629358263254e-08,-6.5072579320552e-05,8.25626894313438e-07,-7.14379188925105e-05,1.49344050049835e-16,-4.58334352388181e-06,3.6387840447055e-07,1.04880152184134e-08,9.97708222683491e-08,-0.000559551370828253,-0.000313434381213724,3.34415072391506e-06,-1.22270308456711e-05,-6.95855031517066e-06,-2.38954543007399e-16,-5.43292370645354e-05,-4.50570151199988e-07,-6.99948892394724e-05,5.70002820568382e-15,3.20955218365267e-05,4.11558169399399e-06,-6.31583811412175e-07,-0.000111835556947096,-3.75528224721752e-05,-2.01736846532962e-05,-1.53537030295202e-05,2.07937192130198e-05,3.51871338091068e-06,1.98940627066869e-07,0.00351232788146201,8.25742245263324e-07,-2.98821652847835e-16,-5.85702516884095e-07,2.19371588730144e-05,9.71379082665097e-06,-0.000243857091356692,3.59651486591339e-16,-1.41911217363023e-06,2.935763629108e-07,-0.000135202102857304,-5.19459550403459e-07,-8.46784303504476e-05,2.05304192802819e-06,-3.12168372016701e-05,0.000276895778049767,-2.23610141876435e-15,0.00275188511259182,-1.55500367356377e-05,7.60408243798869e-05,0.274949447984964,0.0002345522330987,1.71314376741404e-05,-2.93341739787678e-14,5.90843088969619e-16,2.71342364639952e-06,4.15146466766224e-06,-5.19076417242905e-07,0.00017915410165025,-8.40010750374066e-14,5.1682402336492e-05,5.14996944704081e-07,8.92410080678446e-16,-3.45790958584085e-16,1.73886362430644e-16,-7.13230911713027e-05,-4.29196240112101e-06,4.04226767888762e-06,-0.000109194093666955,-1.53002573309745e-05,-2.52222324634394e-06,1.08030040879024e-06,6.71286757503084e-16,1.90918178401958e-07,-4.99534835721522e-07,-1.03841384982404e-16,-1.56849152106232e-16,2.41710093918685e-07,5.70857880265669e-09,1.24858820744365e-07,-0.000114360966802896,-1.05057475507832e-07,1.79966489000251e-06,-4.38556960526037e-16,1.42829685540488e-06,-1.07864863611569e-16,1.8973235068647e-05,-9.85512669735011e-16,1.01875396108818e-07,6.18458559078957e-17,-3.95260307895508e-07,-1.02892504276011e-07,-1.70460614613758e-06,-5.23418434086072e-06,-2.28079920673142e-07,2.47071922104331e-08,-1.48829692700822e-07,-4.73405777963344e-08,-1.02956312106059e-05,-7.61683068590012e-07,-4.14169879306564e-08,1.06119204285074e-07,7.76167730925629e-06,5.89824778928198e-07,4.24011113358988e-08,-1.01954709314617e-17,-3.58109148703068e-07,5.56829311430127e-08,-2.08878865779654e-08,-1.19938135371284e-16,-1.52283125178539e-07,-8.41699325864101e-07,-2.49145982066403e-07,1.0073405962848e-16,5.7892517041706e-08,1.18603370431051e-06,1.32286126359749e-16,3.0799231589673e-08,-2.98485816488413e-08,2.09071996402589e-17,3.78438733947611e-17,5.91457950601435e-10,1.35037902180107e-07,4.83531210384132e-10,2.16102596369685e-07,4.95422725338162e-08,1.44608232013398e-09,7.29906064438833e-08,3.30705258693164e-08,-1.18041556516746e-06,-1.82200175086189e-16,2.41555169679215e-10,7.80505025215293e-09,2.27525366226907e-08,2.26495297403713e-06,-2.23353832495076e-16,5.98596261072571e-17,3.07188379559245e-06,7.3913541559084e-17,1.05814010620257e-16,1.1916917834823e-07,-1.83959505756168e-07,-3.44747570614246e-08,-9.2508234029857e-08,9.82029295097134e-07,2.5718101901863e-07,1.27265235677192e-06,-5.10717027363961e-17,8.92143626467404e-07,4.28364775384682e-08,1.98319349450631e-07,-4.53401958395014e-08,1.92285259686792e-07,-1.53841763166961e-16,-8.44277644056356e-17,1.50708835033079e-17,-8.44390264641127e-07,-9.15305310588353e-09,-5.94892334435224e-07,-9.55922428119367e-17,-7.2621070375503e-09,2.026522750459e-16,4.10191697809278e-17,1.3434340526598e-06,-3.36831170242186e-07,1.98408997564847e-16,-2.85360638334797e-06,-3.90523854299141e-08,-4.48347582816354e-16,9.09008213689061e-08,-1.48346658648424e-17,1.51914355440664e-06,-9.53964098188336e-18,1.51951179176839e-06,2.88178516673002e-07,1.04604614124318e-08,4.51950099563552e-07,3.12614352867153e-06,-3.51045959586394e-08,1.11796101494256e-06,8.40009587608444e-17,6.89584089739332e-07,-3.90914719850714e-08,1.52116288956989e-16,-5.17965038109297e-09,-1.06644472639184e-07,2.50038926527593e-08,-1.70952048335568e-16,8.26292206966019e-08,1.09911926443906e-07,-1.26907326977141e-17,-3.0726407017965e-06,-2.34075793480382e-06,-3.23843177954125e-09,4.48518399959307e-18,1.01986146158087e-16,5.96853140852984e-08,8.43708663959117e-07,6.8428944651264e-08,-2.54015534113088e-08,5.3102723935622e-07,1.44488263803912e-17,1.04546795350494e-16,1.94890649835266e-06,5.0990642932875e-08,2.07156678780961e-17,4.75457183205818e-06,4.53114237076065e-17,5.4487394048621e-08,-3.51759969088117e-06,-5.42442864943665e-07,-3.60796554306994e-06,-1.244253656929e-16,-4.00149815643456e-17,1.38955502887869e-16,9.54182711985329e-18,-6.54997879867878e-09,-2.27704613351983e-08,1.09195725347328e-16,1.02022576743367e-16,-1.64173867960787e-18,3.23074855415105e-08,2.91331450062465e-10,-1.61900210322081e-08,6.42096417301897e-17,-1.99533857318801e-16,-1.92391675507553e-16,-7.16055093142933e-07,2.19339979980325e-08,-4.88135832475718e-16,3.89322741437326e-09,-1.02318405877458e-07,-1.68899476653402e-16,1.06223236712979e-16,-3.24496968704102e-06,-7.32441067134815e-10,-1.61881012003725e-06,-8.29011831406944e-17,4.05455228396151e-08,6.58064423351196e-07,7.11672513922376e-07,-1.01618385815827e-05,-1.59683743593224e-07,2.6139659934947e-09,-4.75845403209839e-16,-3.15181421282971e-16,-1.08927308840654e-16,5.1228305500259e-08,-4.64043925319703e-08,-7.95608703007527e-07,-1.40836217474093e-08,-6.84190820256687e-18,1.52284520379649e-16,-9.84991349502168e-17,3.2118808651228e-16,-8.14921293706558e-17,6.85972104502055e-08,-2.47206513634368e-17,-4.48408765112284e-17,-5.06673814878365e-07,-4.74915094913679e-17,-4.53747632784516e-07,7.29646759642038e-18,-5.62938425309449e-07,7.97893996184686e-17,-6.91107095015533e-07,-8.6774829393107e-08,-1.75869974994023e-07,-1.20959500299586e-16,2.81701754834243e-06,-9.64485208198635e-17,9.91418680266004e-07,-1.60620150384432e-07,8.89607911540096e-10,-1.83831350559883e-16,4.93613686999813e-06,1.37885649846376e-16,-3.59675247855366e-07,-1.83718048514197e-07,-1.59720920563296e-16,-1.05904309463535e-18,1.27744563433628e-16,-2.2123133351981e-17,-1.0638015046716e-07,-3.67583651216936e-07,-8.23402699824233e-08,5.86596907219455e-18,8.08586597580263e-17,-1.95797514959091e-08,1.59829801347437e-07,1.45516286152438e-16,-2.09556132782217e-16,-3.25097727998785e-07,-4.40515184432186e-17,-2.76954914681462e-06,1.57694208824074e-16,5.87192726377142e-07,-5.11657117973897e-17,-1.18655256206032e-16,-1.0060171850056e-16,5.46038580048964e-16,-2.47603121604581e-16,-5.1748479399945e-17,1.16062312780138e-08,-8.12006608914836e-08,-9.39445439508656e-17,-5.44713007588233e-08,2.29869846967656e-06,-2.86197593020463e-17,3.3648355177355e-17,4.49035653086237e-14,1.16772507189783e-16,9.43301786181386e-07,1.51574007066387e-07,-1.41769932899766e-15,5.78853640693283e-17,-4.24077504848484e-07,-1.37077670429847e-07,-2.08033087540969e-09,-4.23070462051603e-16,-4.06754237169683e-17,1.23477241191793e-16,-2.75349229562164e-16,-2.75580365411772e-16,-9.86977634497775e-17,3.81431340048314e-06,-3.02747703646402e-06,-6.99621762321513e-07,-6.32840148644106e-17,-4.94340753444161e-16,-2.29072082432444e-16,-3.01414185469143e-16,-5.81671913214725e-17,2.12474592160869e-16,-4.7666128522419e-17,1.49909243716299e-16,-5.31339972051089e-17,9.43485305202459e-17,1.32527124520927e-16,-1.62600305736794e-16,1.51493312882282e-16,-1.3193275546387e-16,9.26388495211585e-09,3.33498727820715e-17,4.52530264537879e-16,-4.01998942616274e-17,1.32853774715164e-07,-7.22043434077775e-08,7.23722157861961e-17,-3.44604483738986e-09,1.24136287649322e-07,-3.39776877703107e-17,3.76080899983135e-15,-2.44901932910548e-07,1.41632421354524e-16,3.22424300003559e-09,5.84672056606985e-18,1.71639029575167e-16,-3.5570994459243e-17,-5.92897573838272e-16,1.49852767395844e-07,-4.59820404689551e-07,-1.54504688925255e-16,3.98150083857382e-16,2.7543518989845e-16,-4.22764204891165e-16,1.14274908979972e-16,-2.30726263342249e-16,5.28200209058734e-16,-3.00003956209743e-16,7.73068457732253e-09,7.95161427776648e-16,-2.24276637873352e-16,-1.97706243154035e-16,2.09570674810061e-16,-6.0611547521968e-16,-1.35631156912445e-15,-1.91901068597392e-06,3.35805740483103e-16,-2.46057762521355e-15,1.33657396032556e-07,1.5871588775837e-15,-3.82349590155737e-16,-1.33881419732442e-15,-2.97069524967142e-17,1.97217459684213e-07,4.43746958280817e-16,-7.94038409401384e-06,-4.11496672165105e-15,-1.63861829719013e-16,7.16856922582476e-15,-9.09647337957056e-15,3.28538653370862e-15,2.98202785872129e-15,2.1955317952646e-06,1.2116857722849e-14,-1.482094991039e-14,1.40781840353014e-06,-0.397577304223106,-8.27961361595096e-15,-1.29838414263982e-05,-5.74265395286503e-06,2.99670455936757e-15,3.38694869017355e-15,-5.40535985762355e-16,-1.17759740091326e-17,-9.43316784378277e-16,1.30660765388468e-06,-9.49794826994682e-16,1.76418465988015e-15,-8.16682481716409e-18,-3.64451798434323e-07,2.34271841395745e-16,9.02964587548914e-17,-7.9989354979041e-16,-1.29115466123123e-17,1.00690200143042e-07,3.40922807760415e-16,-5.71267771849783e-10,1.03975388581091e-16,-1.34989997618845e-16,7.28354207982215e-17,5.61722866139239e-17,-1.70162534108727e-16,-4.40011166504606e-16,2.63246639224298e-16,2.72738289764519e-09,-1.64524777085732e-16,2.88174216300344e-18,-5.88914391218058e-10,3.38387720124708e-16,-8.81439736973067e-17,7.27059478761817e-16,-1.30548991930634e-16,-2.66279773647636e-16,4.63852422793102e-16,-6.1410336694536e-09,-4.20547520094905e-17,1.2833609690138e-15,2.9593305851612e-09,1.37720814424713e-15,3.23800756863706e-18,9.49120246135036e-17,-8.7895108484694e-16,3.30744664333487e-17,-2.00095146906726e-16,-2.52828195402226e-16,-2.40295961717146e-17,2.73925081212523e-16,2.78802340806428e-17,6.05089149419461e-17,-3.2595808313751e-09,1.13604350563569e-08,3.21977562109664e-16,3.60046791135163e-16,1.48809923924562e-16,2.3865261229157e-16,-3.31223763694322e-16,-5.60110946158444e-18,-2.16758453444688e-16,-9.79814906311431e-17,-1.32629709517034e-08,8.97918147970841e-18,-2.84751335012601e-16,-1.86458483548353e-16,-3.04082329546828e-16,1.74616180165293e-09,-1.99397177344178e-16,-3.07870636711077e-10,-3.18834762136336e-18,-7.35324076388145e-16,-7.19890497144916e-17,-4.82587241863689e-17,6.96820041750358e-17,-8.34314027968193e-17,-2.01087136876529e-16,2.6650664602237e-16,-5.21503383265106e-17,1.11171325767389e-16,-3.98348197104745e-16,1.18952520837318e-16,8.06796931117632e-16,9.47053175958818e-17,-1.81399863467911e-16,-1.00304330746375e-16,-4.92994039482791e-17,1.10247630557039e-16,1.0206378521039e-16,-2.49202716722335e-16,-4.13189447934226e-16,-2.6862855653742e-16,1.12230444752802e-16,-4.45588002178797e-17,2.02197646635855e-18,8.30076341290009e-09,-1.22759366814744e-16,3.16000370060985e-16,-7.27130509865912e-17,-4.08690908819609e-16,-7.28000220030879e-16,-5.0604837747445e-17,-1.37996713357391e-16,-3.95871539927402e-16,-1.30069995418964e-16,6.53228862570599e-17,-1.56016692620664e-16,-2.55446523870933e-16,-3.19996214102217e-16,-1.28984238991278e-16,-7.75686938373282e-16,-1.82089580389297e-16,-2.52826578493567e-16,-1.17430153826509e-07,3.80826354930585e-17,2.36858708332469e-16,-2.47911280861534e-16,-2.22651957454495e-16,-6.17833118251267e-17,-3.43425003024277e-16,4.52242095869066e-16,8.289917861242e-16,1.46023712581313e-16,6.58117238121255e-09,-2.63636018243339e-15,1.38561269550804e-17,4.93723639557497e-16,-2.24239206621163e-16,-2.76102922485896e-16,-2.70877242936391e-16,-4.35898624098264e-16,-7.67893993318817e-17,1.0611617490842e-16,1.18505412198694e-16,1.11854067854081e-16,3.46803002603883e-16,-5.08353289615292e-16,1.42176881253394e-07,2.2447961635761e-16,-3.78495346351914e-16,-1.07090942708008e-15,-1.11174090766664e-15,-9.81899866573104e-09,-3.90530458963864e-16,-4.5909872310897e-15,-9.23742734748777e-16,-7.71884689357263e-15,-1.22287493057629e-14,-0.707106781186548,-5.62913176281709e-15,-9.29846106177815e-16,8.69653171114175e-16,3.47330773379121e-16,-3.23212160129086e-16,1.03835476496235e-15,-6.44770703495885e-16,-4.07263659438328e-17,4.59534407897173e-16,3.21113217872499e-16,-2.32243457733721e-16
"t964",0.0299174838741066,-0.00657118496411927,-0.00701489016179592,0.000288947393198922,0.00131691145058097,0.00228085565262697,0.000501549703688597,4.22057361037223e-06,-0.0165259545752491,0.0461380089374569,-0.00288881951540066,-0.000484840530503585,0.0012273706607918,0.000289870040577958,0.0102642460667478,-0.000315032417922304,-0.000223958610578253,2.84773372135524e-05,0.0137714787417264,-0.00260362255182639,2.90776844219317e-05,-6.78914432829281e-05,0.0107954346024742,3.36390942410484e-05,2.38553433864659e-05,-0.00215779037569126,0.011394494653822,-0.00011710143428982,0.00200364250367386,-0.0270211279409271,-0.00466932151382918,0.282970190011437,-0.00655421765158168,0.146419595690372,-0.0163738019722834,-0.00457898796446033,-0.000143897435199541,0.00022408783011694,0.0107389173651881,0.00256016052967062,0.001218326932616,-0.0149535595797327,0.000552230265623064,-0.0665037467199867,0.00010064630524099,-4.2706761062086e-05,8.08850262519808e-06,-0.000122025055374585,0.00724028499549876,-0.0126963239718193,9.91591401276906e-05,-9.23517980968641e-05,1.00670815725375e-05,-3.35335287198158e-05,0.000897965648342833,-0.00215531178464651,0.000475253456317776,-0.00320318764104281,0.0386031880035439,-6.0486573119468e-06,-7.4138297477154e-06,0.000398405367256033,-0.000237008791016538,0.000176834001095871,-0.000665370360127355,3.50963937271709e-05,-8.32371719980808e-05,0.000646028208104333,-0.00015495726920642,0.000688868029055832,-5.47417815228276e-06,1.37785817038488e-05,-4.69001518389002e-05,-2.94354218315178e-05,1.23177484714456e-05,4.35781692574114e-06,-0.000104477202385543,1.4891660643056e-05,-0.00174816411935199,-0.000534403693453592,3.03361766439347e-05,0.00232223023479896,-0.00125269815248852,-9.84171745182199e-05,0.000304205996839512,0.000193814564852209,-2.93573954711903e-05,-0.000212423285111433,-1.00278349250275e-06,3.92970444522169e-05,-0.00160456220613539,2.03925245559691e-07,0.000140642192755295,-0.000123742553412559,-0.386474006014409,-1.04498263321346e-05,-1.30427552054131e-06,1.27130854278042e-05,-0.000145725870412556,-0.00145121737316063,-8.01943924100159e-05,5.28340746432472e-07,-0.000110336036087875,0.000108020212436958,-5.38684102530784e-05,3.39883962729094e-06,-0.000897188748695071,1.12930203394229e-06,-0.00057773389083824,4.23338102053237e-07,1.40150867587262e-05,2.68390637673316e-05,-8.28887795259159e-06,8.00673255815955e-06,-3.10865659168919e-05,8.82359896069296e-06,-0.000438571206781944,0.000441418250384948,-0.000140997643411189,4.79145301966203e-05,-2.66995028077943e-05,5.01712035407762e-05,-0.000432405026602275,-0.000749138159452407,3.40650757912824e-06,-6.8211870153016e-05,7.05885373758789e-06,-0.000491976384758117,0.000136885150434076,0.00475726875637386,3.48530692036157e-05,-0.000119226761050429,9.18207609094763e-06,0.000157261366602686,-2.42737886549763e-07,0.000159202351049343,-0.000150821579672302,-1.43330520881859e-05,0.000491705577279679,-0.000410222343357593,-0.000346282105177288,-2.98233288069598e-05,0.000258060967918363,1.59682852021937e-05,9.20777560842168e-08,-2.52399990310541e-05,-6.63124389677379e-06,0.000127761959342147,8.19702707307669e-06,-3.41751475230963e-06,-4.24423959715183e-06,-0.000100279346426514,-3.72887583604082e-06,0.00268053846413048,-1.78744575744867e-06,-1.43282285828694e-05,0.000879227041685699,-1.90379079958118e-05,-4.57528031846552e-05,-6.15916382581372e-05,-1.41292661587775e-05,2.04802853387675e-06,-6.56529818194038e-05,-1.9664816158864e-05,1.25059544472103e-05,-8.1457837568543e-06,0.000520321705775469,8.85769599872982e-06,0.00043991548669276,8.74893493215967e-06,-1.52846089203896e-05,-2.68979630959605e-06,3.10580622041081e-07,4.73480168076096e-05,1.92202225298822e-06,3.89540431090285e-06,1.70240403860111e-07,-6.15288187827591e-06,-0.000900011839922654,-2.44369264288509e-05,0.000100051667829942,2.63189011682587e-05,-5.41197102360419e-06,-2.11950399264797e-08,-6.32174144137692e-07,-2.06779028093404e-07,-0.00110982508751827,0.000244984520590077,0.00109637240054748,-1.80429640131925e-05,-2.90688624850914e-05,5.23716315602081e-05,4.53015474812362e-05,6.44846726043454e-09,6.22879864059193e-07,-4.82550408800852e-05,-7.35378456435131e-05,-1.15888738390831e-06,5.19666135269988e-05,8.16352739450935e-05,2.09500015153899e-05,6.90391813009502e-05,-5.77901702864099e-07,-2.38340259170973e-06,-0.00014419166160078,-1.51454339336645e-05,9.15169887939103e-05,1.07262567841729e-05,-0.000565525256150307,-1.17052425742612e-07,-0.0022155337250821,-1.38258232232236e-05,-2.87892228416693e-05,-0.000294915006980311,-1.6124110880078e-07,-2.20449780274453e-06,6.12984314508209e-07,3.88089443113092e-07,-4.1376322275765e-05,-4.27813735835472e-05,-1.94707465847947e-05,2.26302023172374e-05,4.95849608351966e-06,2.09297729404644e-05,-6.14417503563838e-05,-3.49750102524945e-06,-0.000331098233688233,-1.83383722815514e-06,-0.000164744657464539,-0.000516394257583119,6.80990000813782e-06,1.41401944882264e-06,0.000172492861544573,1.57345873625935e-05,-3.75900324975817e-06,-1.61570963638437e-07,-7.09606282438043e-05,2.8274778311467e-16,-6.67314378993998e-07,9.52836395591919e-06,-1.93735452504361e-06,-4.98559316064567e-06,-6.72180057402792e-05,9.29682893690561e-07,-1.32276279189021e-05,5.89000186741701e-06,-4.82545194268475e-06,3.14902941999478e-07,-1.48598406436646e-06,0.000603146474797866,-3.94269965620936e-07,4.34111813150847e-05,-0.00015572354580954,1.68060931715277e-07,-1.13737572899936e-08,5.5969413680789e-07,-5.79550884874687e-07,9.19847368973842e-06,0.000110235505337069,-2.25053737195287e-05,1.17827692097384e-05,-9.75276112708777e-05,0.000282942037256106,-1.90940655796221e-05,0.000105121224323241,-3.67326868677945e-05,4.02345245455997e-06,0.0522558512485337,0.000577602441113449,-0.00013388295298105,-6.36756019317543e-07,3.76241114169752e-05,-7.514938732929e-06,9.51931417589118e-07,-1.14095826298404e-06,1.7178647209211e-06,-6.08838089405499e-07,1.01383940296813e-08,9.4564315070398e-06,-5.25821244809782e-08,1.00148786518747e-05,-1.63219075950992e-16,-3.45647019002715e-05,-1.48506020643544e-06,-4.1725912771399e-11,-4.32721810400503e-07,7.08050039494222e-07,-4.57598965887449e-07,-1.32425347290064e-07,1.83897790930335e-08,-8.27724640429461e-07,3.13601360673171e-05,5.12666245468932e-06,-1.00406038631719e-07,5.36162181108317e-05,-7.86111397493008e-05,5.1323717950642e-06,-4.20377295376585e-05,1.43203215226999e-06,9.78409931277922e-06,3.86256934045559e-08,0.000421245779232005,-1.43853231026063e-05,6.38687712385825e-08,-2.01030765312418e-05,2.36701600369608e-06,-8.60862929378549e-06,6.33987690377506e-06,2.42956534334397e-05,2.87241981421577e-06,-9.12375810672922e-07,-5.95478773533764e-06,6.04852133335968e-07,-2.80097618617619e-06,3.36444437082282e-06,0.000121631700339515,-6.11028717460357e-05,-8.29518425321744e-17,1.91943546399145e-07,2.4195068843595e-06,-2.27827175633649e-07,5.46387345464926e-05,1.4134935666445e-07,1.42966794065965e-05,3.32476617326735e-05,-1.02388502511892e-05,4.38148294707304e-05,-9.63753816723742e-17,-0.000144293785132006,-2.72283584480091e-08,-4.95951971328517e-06,4.89288257461983e-07,9.02091754106347e-06,-2.58903118088375e-06,-0.000383189159550674,0.000102939402130302,-2.73125945128923e-06,0.000668479874522166,-5.51903733322809e-07,-5.33991839371962e-05,-7.15643210472383e-08,-1.03629359168563e-08,-6.50725793205435e-05,8.25626894292167e-07,-7.14379188927106e-05,2.53470405279127e-16,-4.58334352386651e-06,3.63878404435964e-07,1.04880150793064e-08,9.97708222432538e-08,-0.000559551370828378,-0.00031343438121383,3.34415072395868e-06,-1.22270308456003e-05,-6.9585503153069e-06,3.7607555544528e-16,-5.43292370642818e-05,-4.50570150874173e-07,-6.99948892391761e-05,5.69939633044878e-15,3.20955218364663e-05,4.11558169398272e-06,-6.31583811410097e-07,-0.000111835556947357,-3.75528224722172e-05,-2.01736846533993e-05,-1.53537030293886e-05,2.079371921292e-05,3.51871338101359e-06,1.9894062713641e-07,0.0035123278814621,8.25742245537434e-07,-3.30489050969723e-16,-5.85702516893256e-07,2.19371588730499e-05,9.71379082665253e-06,-0.000243857091357358,3.09033014663409e-16,-1.41911217345222e-06,2.93576362969672e-07,-0.000135202102857393,-5.19459550374033e-07,-8.46784303506052e-05,2.05304192813067e-06,-3.12168372017296e-05,0.000276895778048611,-2.10747497225923e-15,0.00275188511259156,-1.5550036735565e-05,7.60408243799712e-05,0.274949447984964,0.000234552233098692,1.71314376742455e-05,-2.94608087925141e-14,6.14146958633476e-16,2.71342364632313e-06,4.15146466724275e-06,-5.19076419090262e-07,0.00017915410165019,-8.39994534758512e-14,5.16824023362777e-05,5.14996944761307e-07,9.2623189140791e-16,-3.47962669813919e-16,1.60210712786334e-16,-7.13230911713445e-05,-4.29196240120827e-06,4.04226767883112e-06,-0.000109194093667115,-1.53002573309358e-05,-2.52222324641152e-06,1.08030040870183e-06,7.12380846174786e-16,1.90918178163661e-07,-4.99534835721662e-07,4.69200007018392e-16,-7.22785656521484e-17,2.41710094053818e-07,5.70857877632713e-09,1.24858820860213e-07,-0.00011436096680258,-1.05057475576357e-07,1.79966489007961e-06,-6.87316984607471e-16,1.4282968552153e-06,-1.08977564716409e-16,1.89732350687154e-05,-1.0723572637511e-15,1.01875396032526e-07,-1.67026581045336e-18,-3.95260307818081e-07,-1.02892504222588e-07,-1.70460614587037e-06,-5.23418434060922e-06,-2.28079920664943e-07,2.47071922940441e-08,-1.48829692544435e-07,-4.73405777117103e-08,-1.0295631210782e-05,-7.61683068339029e-07,-4.14169878601123e-08,1.06119204057562e-07,7.76167730903179e-06,5.89824778998222e-07,4.24011118494423e-08,-4.53769397617115e-17,-3.58109148606723e-07,5.56829312367393e-08,-2.08878871490822e-08,-2.51684954364899e-16,-1.52283125423319e-07,-8.4169932595135e-07,-2.49145982203342e-07,-5.06620828866648e-17,5.78925169302017e-08,1.18603370424217e-06,5.94562604226052e-16,3.07992315611206e-08,-2.9848581983837e-08,-2.18673044735071e-17,1.64731141100245e-17,5.91457986868159e-10,1.3503790213213e-07,4.83531090659418e-10,2.16102596692986e-07,4.95422727841267e-08,1.4460824734115e-09,7.2990606194882e-08,3.30705262187362e-08,-1.18041556504262e-06,-2.10172591136315e-16,2.41555146781116e-10,7.80505022926744e-09,2.27525365690855e-08,2.26495297457617e-06,-1.89669376940209e-16,8.21156724076786e-17,3.07188379571212e-06,1.35359128542102e-16,2.69230780222649e-16,1.19169177991203e-07,-1.83959505784565e-07,-3.4474756956559e-08,-9.25082342818229e-08,9.82029295133726e-07,2.57181018984512e-07,1.27265235647408e-06,3.96532555031414e-21,8.9214362666609e-07,4.28364774846656e-08,1.98319349733015e-07,-4.53401959036483e-08,1.9228525964765e-07,-1.68320087178052e-16,1.10838597789769e-16,-1.60678329431565e-16,-8.44390264268351e-07,-9.15305307069156e-09,-5.94892334252759e-07,-8.12203773632382e-17,-7.26210721214329e-09,7.01239584722303e-16,3.37199160178183e-17,1.34343405261358e-06,-3.36831170380821e-07,7.15573433840433e-18,-2.85360638343587e-06,-3.90523856434345e-08,-1.59858529090275e-15,9.09008210932411e-08,1.45962884353312e-16,1.51914355444355e-06,-1.12844945928383e-16,1.51951179191225e-06,2.88178516523835e-07,1.04604614750651e-08,4.51950099463037e-07,3.12614352882272e-06,-3.51045957708556e-08,1.11796101505085e-06,1.13389596560673e-17,6.89584089865751e-07,-3.90914718845471e-08,-8.89895159781789e-17,-5.17964987578227e-09,-1.06644472639162e-07,2.50038924498537e-08,-2.41108135579718e-16,8.26292206327684e-08,1.09911926416891e-07,8.59661160901889e-17,-3.07264070174759e-06,-2.34075793403448e-06,-3.23843182387937e-09,-5.71105632901252e-17,1.61388411556783e-16,5.96853141366104e-08,8.43708664117857e-07,6.84289445076649e-08,-2.54015532099372e-08,5.3102723912075e-07,-2.951174502896e-16,3.46858208248682e-16,1.9489064987121e-06,5.09906427955785e-08,-2.2392128070816e-16,4.7545718323198e-06,-9.66452804328707e-19,5.44873941294213e-08,-3.51759969056995e-06,-5.42442865087456e-07,-3.60796554267204e-06,-3.82996078411362e-17,-4.55738762069757e-17,1.6950080038054e-16,4.57647106096654e-17,-6.54997880228985e-09,-2.27704611185029e-08,7.73071148059489e-17,-1.31895699032146e-16,5.55283594191285e-17,3.23074855843172e-08,2.91331954485251e-10,-1.61900210990424e-08,-3.94906690870154e-17,-1.458251921993e-16,-5.02798757490153e-16,-7.16055092956353e-07,2.19339979524202e-08,5.24491826610977e-17,3.89322737658144e-09,-1.02318405947026e-07,-2.01766336264776e-17,9.04081837555756e-17,-3.24496968658415e-06,-7.32441050633376e-10,-1.61881012002765e-06,-1.12139377217295e-16,4.05455230499023e-08,6.58064423500585e-07,7.11672513940791e-07,-1.01618385817582e-05,-1.59683743247634e-07,2.61396649111578e-09,1.25468175414185e-16,1.40238274736908e-16,6.93492166387664e-17,5.12283051415919e-08,-4.64043922600146e-08,-7.95608702967225e-07,-1.40836220758194e-08,-6.76140661585077e-16,1.49960408051418e-17,4.93520448514334e-17,2.84695629132015e-17,-1.8576526307442e-16,6.85972103906333e-08,1.65123772441452e-18,-9.17364629423188e-18,-5.0667381460927e-07,1.10278988384409e-16,-4.53747633192366e-07,3.17783214744601e-17,-5.62938425097487e-07,1.42841605519187e-16,-6.91107094915375e-07,-8.67748295323449e-08,-1.75869974792701e-07,-5.10722631451515e-17,2.81701754803778e-06,-1.56187848924226e-16,9.91418680323659e-07,-1.60620150295639e-07,8.89607741537423e-10,-3.50526718439755e-16,4.93613687011566e-06,-6.01884444605791e-17,-3.59675247897552e-07,-1.83718048751502e-07,-6.02608379257801e-17,8.78992936126133e-17,-1.06983108012249e-16,-2.96478986236938e-17,-1.06380150565245e-07,-3.67583651002813e-07,-8.23402702628606e-08,8.69643408213129e-17,-1.12956360039622e-16,-1.95797514410001e-08,1.59829801555387e-07,-1.7337993933258e-16,1.5285985470911e-17,-3.25097727998386e-07,-6.98554011439715e-17,-2.76954914658796e-06,-1.75132156044055e-16,5.87192726387303e-07,-1.43644703301773e-17,-1.13892057107825e-16,-2.82075672860181e-17,1.13167662352585e-15,-1.69812280068023e-16,-6.65623749461235e-16,1.16062307278903e-08,-8.12006604743336e-08,-7.42721164148433e-17,-5.44713008339895e-08,2.29869846972093e-06,1.71111510699173e-16,-2.15175427308658e-16,4.48643156758136e-14,2.1138483518026e-18,9.43301786499972e-07,1.51574007147733e-07,-7.41084537775665e-17,1.0594580164102e-17,-4.24077504877529e-07,-1.37077670592811e-07,-2.08033074585481e-09,-3.11005749148586e-16,-3.989733290548e-17,8.13901497076982e-17,-1.01363171448465e-15,-1.74600950768863e-16,9.00705401683413e-18,3.81431339993009e-06,-3.02747703586998e-06,-6.99621762424506e-07,-4.43018163086003e-17,-4.08679876940478e-16,-2.81997319499204e-16,-5.9866253430962e-17,5.70501004750193e-17,3.39272008761832e-16,1.71960186260022e-17,2.16923279317417e-16,-9.00004812973086e-17,4.6298818034296e-17,3.67268280572165e-16,-1.79513105831031e-16,6.44909970751219e-17,-1.27497518183913e-16,9.26388497726897e-09,-4.25595331036158e-17,6.08655379322122e-16,4.64770389406524e-17,1.32853774967762e-07,-7.22043434756398e-08,9.02420074731343e-17,-3.44604484150999e-09,1.24136287696658e-07,3.77756285747105e-17,3.44561624786068e-15,-2.44901933182218e-07,5.33080852396958e-16,3.22424308101954e-09,-1.25603465409712e-16,1.54784939745591e-16,-3.72327965325741e-18,-7.31847424418932e-16,1.49852767274394e-07,-4.59820404427677e-07,-3.77497982197458e-16,7.38665717976626e-16,3.30446970343482e-16,-2.26689630128471e-16,4.15032591627451e-16,-4.21873133025324e-16,2.60464522133716e-16,-4.09552226237925e-16,7.73068447690341e-09,7.85877936140562e-16,-3.32849550875892e-16,-1.16125407334106e-16,8.97994009089115e-17,-8.6643553591448e-16,-1.66372142502319e-15,-1.91901068586412e-06,2.84158312854513e-16,-2.18277372378486e-15,1.33657396002718e-07,1.69777941998872e-15,-3.52772832615854e-16,-1.20608730828539e-15,-2.04926749289485e-16,1.97217459511397e-07,4.48102375590246e-16,-7.94038409414006e-06,-4.1939797811668e-15,-2.54470295718193e-16,6.95050230658124e-15,-9.71492855677766e-15,3.37846930560133e-15,3.01661392485451e-15,2.19553179468424e-06,1.25084533092497e-14,-1.45840399363975e-14,1.40781840175999e-06,-0.397577304223103,-8.20243193766442e-15,-1.29838414262852e-05,-5.74265395274879e-06,2.901375160759e-15,3.55630105833415e-15,-4.16527982786755e-16,-4.65701198218756e-17,-7.12993751690604e-16,1.30660765341425e-06,-1.02714548358322e-15,1.59665509544041e-15,1.99230388412264e-16,-3.64451799159832e-07,1.38223740009786e-15,-1.21956322444052e-16,-9.00922385148291e-16,1.58249569413807e-16,1.00690200040317e-07,1.11802921142044e-18,-5.71267853922828e-10,1.09504010347886e-16,1.36385806980458e-16,6.99917826446507e-17,5.78363571248862e-17,-3.27577239307889e-16,-1.22502275309936e-15,1.33735934392086e-16,2.72738300468133e-09,8.91389760207422e-17,-2.8202259843532e-17,-5.88914285047551e-10,1.08948532047348e-17,-1.07278871109607e-16,6.25626537936872e-16,-1.09920106920965e-16,-2.27978945020461e-16,5.82735935623527e-16,-6.14103329910667e-09,9.06329876330994e-17,1.47235074718822e-15,2.95933058507058e-09,4.09188318483065e-16,-2.37964700325832e-16,6.77094445457531e-17,-4.70172012610065e-16,-3.50662601010311e-16,-1.03803865482593e-15,-1.99846516769354e-16,-1.31621434063541e-16,6.68107838693754e-17,1.35315985756488e-16,-5.10946591424405e-17,-3.25958079163698e-09,1.13604353881905e-08,3.94700794693568e-16,3.44486035744093e-16,-1.72820701228604e-16,1.87342305495881e-17,-7.99382261773562e-16,-2.58812843334023e-16,-3.76074664822908e-16,1.35400858194992e-16,-1.32629708563098e-08,-1.39567866197989e-16,-8.18471515562739e-17,4.50805755341055e-16,-8.26380984886929e-16,1.74616175484414e-09,2.58630015644818e-16,-3.07869752903384e-10,-9.7361877111793e-17,-3.546827108764e-16,-1.42359167228838e-16,-9.72601822389194e-17,1.2008743987079e-16,-2.87171030701219e-16,-1.26096744437061e-16,6.66780036951888e-16,2.79066763046791e-16,1.49088589771312e-16,-5.89464563792285e-16,-5.56236149224033e-17,1.15026541803664e-16,1.28947215442721e-16,1.59867377679401e-16,1.75167358712548e-16,4.73111840399869e-17,4.25098186586574e-16,-5.22414319220541e-17,5.64878488239149e-16,3.64237719846505e-16,-6.9158357686054e-17,5.15777269615485e-16,6.44339407760441e-17,1.70881716678592e-17,8.30076340726396e-09,1.73908262675337e-16,-4.66536100457584e-16,-2.72757699712557e-17,3.91730434151384e-17,-2.93463061352391e-16,5.4300114094792e-17,8.47334474749888e-18,6.11333336389984e-16,-2.32175364001276e-16,-1.06958289851599e-16,5.31367484735146e-16,-1.44437006939684e-16,5.92996100104014e-17,-8.13586421212289e-16,7.55419649721236e-16,-2.86985505993658e-16,-3.05580510091393e-17,-1.17430154081885e-07,-4.27783796669338e-17,-4.52063790687745e-16,1.28664437259161e-16,3.14592220789274e-16,-1.83081830973872e-16,2.25039850602149e-16,-3.10761979260302e-16,-8.61590466697393e-16,-1.72661165881659e-16,6.58117351673989e-09,2.5280539070847e-15,-2.17492116074528e-16,-6.50928192255109e-16,3.69380451510719e-16,3.51030635914983e-16,1.54311621760207e-17,5.29395117504157e-16,2.44330917096241e-16,-9.0827734193016e-17,-1.69282627926676e-16,1.40946777979089e-16,-3.9654015153163e-16,5.21646455555628e-16,1.42176881042873e-07,3.51449900272831e-17,3.34190892978479e-16,7.33437997303327e-16,2.45680212285215e-16,-9.81900089995138e-09,3.02386366350381e-16,4.68460749877734e-15,7.7251944491351e-16,7.33712158583118e-15,1.18321279235911e-14,0.70710678118655,5.52686501578542e-15,9.54317338370698e-16,-7.43158527229381e-16,-2.3976075428674e-16,3.18264119651166e-16,-8.03439420539859e-16,6.64209357274772e-16,3.89471706469227e-17,-3.52251770348278e-16,-1.73014528436315e-16,-2.29795091492976e-16
"t139",0.0298788654679692,-0.00655331655182699,-0.00699519878199292,0.000287860632121333,0.00131084866502257,0.00226853932343712,0.000498788316849303,4.19549181354216e-06,-0.0164100077261438,0.0457457034339257,-0.00285768242492174,-0.000478407792895362,0.00121061246505591,0.000285852643288502,0.0101158245313476,-0.000310209781313434,-0.00022044878643362,2.80230098518377e-05,0.0135467134621889,-0.00255748209917107,2.85206075453589e-05,-6.63238267511213e-05,0.0105323140058752,3.28145548262266e-05,2.32683348362283e-05,-0.00210218408665251,0.0110974158805821,-0.000114021186303831,0.00194953721775644,-0.0261608244715092,-0.00451089518431786,0.272937212453808,-0.00630524779278455,0.140597090417877,-0.0156898515950149,-0.0043726441145452,-0.000137331832327236,0.000213703148703804,0.0102379173031608,0.00243896953660325,0.00115902107394934,-0.0142082648982109,0.000524302489090631,-0.0631364311421801,9.54626443183154e-05,-4.036898468162e-05,7.63766635839789e-06,-0.000115166195047793,0.00682373999328458,-0.0119476131391468,9.31202503989017e-05,-8.66439504959455e-05,9.44354526760025e-06,-3.14185786028237e-05,0.000839329433362688,-0.00201384221993219,0.000441135102063559,-0.00296779040827765,0.0357584671358741,-5.5775247427945e-06,-6.81262140886902e-06,0.000365462491497873,-0.000217104135347775,0.000161925199341116,-0.000607656366271398,3.19752082919747e-05,-7.54299887909391e-05,0.000584015261414806,-0.000139924866491964,0.00062077280410906,-4.87953538798544e-06,1.21784303091313e-05,-4.13990583101162e-05,-2.5912182113846e-05,1.08396772081607e-05,3.83036717555565e-06,-9.17884875891337e-05,1.30527349219903e-05,-0.00152420722593439,-0.000464940141310502,2.6295690413529e-05,0.0020113144582027,-0.00107858710983535,-8.45864861458996e-05,0.000259438158558699,0.000164940266141121,-2.49297756346719e-05,-0.000180322720847666,-8.51168740265429e-07,3.33478803688668e-05,-0.00136052207599838,1.71554939264879e-07,0.000118231251982363,-0.000103514491773756,-0.3205452336385,-8.65594027466459e-06,-1.08030941717122e-06,1.04952491874864e-05,-0.000120155287687714,-0.00119098686809948,-6.55619935834981e-05,4.31790969555147e-07,-9.01382876837093e-05,8.67078549372267e-05,-4.31823494540962e-05,2.72175457113575e-06,-0.000717121993091223,9.02179641216977e-07,-0.000461115131629544,3.37411641917215e-07,1.11652859858469e-05,2.13235116823967e-05,-6.58332984637725e-06,6.31354793013336e-06,-2.44747885248446e-05,6.92332765300542e-06,-0.000343593003446634,0.000344366247635034,-0.000109548896738353,3.71122868087893e-05,-2.0643667215777e-05,3.85546383225385e-05,-0.000330963298975725,-0.0005733033564381,2.60544448417926e-06,-5.19565214568179e-05,5.37483066106537e-06,-0.000373270852507024,0.000102792372221391,0.00357200411751508,2.61474088151092e-05,-8.88218848408388e-05,6.83105301958134e-06,0.000116878315867701,-1.79664360023457e-07,0.00011776739894265,-0.000110592156368554,-1.0435031262339e-05,0.000354463744905743,-0.000295640545649606,-0.000249134774032237,-2.14379034179204e-05,0.000185241935073196,1.14562426980334e-05,6.60595384126834e-08,-1.80382761375326e-05,-4.70258211412974e-06,8.98844931999672e-05,5.75534558290704e-06,-2.38892643630139e-06,-2.96577892999327e-06,-6.99541542936473e-05,-2.59863634369875e-06,0.00186592675825862,-1.23119208439254e-06,-9.85250916291382e-06,0.000603852799163422,-1.27147705054094e-05,-3.03446464962324e-05,-4.08055516250108e-05,-9.3051972461229e-06,1.34712493855146e-06,-4.28510908975043e-05,-1.28228894703526e-05,8.09262108436058e-06,-5.23190968747438e-06,0.000326891375170907,5.5604294459927e-06,0.000276101282142908,5.47418421521469e-06,-9.52902502116573e-06,-1.67604888359578e-06,1.92135821279033e-07,2.92244036518859e-05,1.18046250545006e-06,2.38954705830735e-06,1.04364635474751e-07,-3.72816692762781e-06,-0.000538683695852547,-1.4595013914723e-05,5.96341641434358e-05,1.55919650110271e-05,-3.19864566147687e-06,-1.24979969985308e-08,-3.71956627969736e-07,-1.20767338966666e-07,-0.000646986984004832,0.000140527783653987,0.000628559792779405,-1.02874899818482e-05,-1.63214760922827e-05,2.90252760903716e-05,2.49929466476796e-05,3.53341845832426e-09,3.39555840569887e-07,-2.59007706075804e-05,-3.93369885320592e-05,-6.15426263360072e-07,2.74958891304026e-05,4.19648457679206e-05,1.07544888879662e-05,3.49971978599094e-05,-2.89284656314364e-07,-1.15655909060476e-06,-6.9959561237988e-05,-7.32680865333786e-06,4.38741600129733e-05,5.10977562338723e-06,-0.000264840686655091,-5.36407682007726e-08,-0.000997294357882523,-6.18871984034229e-06,-1.25582455073227e-05,-0.000126767405384342,-6.92813600622174e-08,-9.36240800199162e-07,2.52543738549543e-07,1.58937468833157e-07,-1.64011404322894e-05,-1.65661342761804e-05,-7.47766216114401e-06,8.39267395186899e-06,1.8232714269543e-06,7.62350120128775e-06,-2.17274299314516e-05,-1.22927863624028e-06,-0.000116197304635044,-6.22090589273035e-07,-5.47068503744295e-05,-0.000167345843570672,2.18202526174852e-06,4.47725918586697e-07,5.40036488541817e-05,4.91027591047032e-06,-1.13790710677221e-06,-4.79629823560937e-08,-2.06122352998769e-05,-1.71387697033695e-16,-1.87696365808073e-07,2.66245712060966e-06,-5.16483637504554e-07,-1.27943598388553e-06,-1.66944971943194e-05,2.30436823331856e-07,-3.07400605091264e-06,1.35337872662403e-06,-1.10294561424668e-06,7.01548387372463e-08,-3.25218816761931e-07,0.000127663059127487,-8.21892917802824e-08,8.99202632316375e-06,-3.11251199281022e-05,2.84114996970984e-08,-1.79678208726483e-09,8.32140039025606e-08,-7.43256195016986e-08,1.166194379743e-06,1.23806424120181e-05,-2.34361916703258e-06,1.08861251399939e-06,-8.64132376100543e-06,2.39440536566972e-05,-1.51011505344458e-06,7.44755158463277e-06,-2.56775929250954e-06,1.96084827715237e-07,0.00252115650616769,2.75499281574609e-05,-5.60852021049132e-06,-2.52942850370759e-08,1.23420231427573e-06,-2.36814783530915e-07,-1.04530430543738e-08,1.79622211547715e-08,-3.35504456324326e-08,1.72087759500751e-08,-3.57820749618564e-10,-4.85082428347581e-07,2.94383362217985e-09,-5.97955153109912e-07,4.31225415128164e-16,2.50862275110417e-06,1.10312274629196e-07,3.33151500159662e-12,4.02883922422291e-08,-7.40584469987681e-08,5.03735007888943e-08,1.49382237927036e-08,-2.72886441417677e-09,1.24752108114779e-07,-4.7462296919357e-06,-8.30569836808238e-07,1.93530445019436e-08,-1.06234844162616e-05,1.58716180813588e-05,-1.10028486552734e-06,1.10590755126242e-05,-4.06733730130794e-07,-2.79098520531007e-06,-1.1032432751665e-08,-0.000142777957194529,5.80082516555761e-06,-2.62929461053609e-08,8.52562311730718e-06,-1.03989010471653e-06,3.82253618891382e-06,-3.0684994002727e-06,-1.18333376420349e-05,-1.41517538576642e-06,4.53025573832034e-07,3.03266131650677e-06,-3.16648635956605e-07,1.50358677278107e-06,-1.82571846713884e-06,-6.72156543216375e-05,3.50783636197586e-05,1.23393006475745e-16,-1.36611619740522e-07,-1.75687641472275e-06,1.70394978858831e-07,-4.0900493354254e-05,-1.05905685662954e-07,-1.07887648665817e-05,-2.54291117772564e-05,7.95615329189191e-06,-3.51452750076115e-05,6.7250795665584e-16,0.000124247391490373,2.36488284039273e-08,4.38736670588078e-06,-4.33786043970196e-07,-8.36301438869642e-06,2.45910836350759e-06,0.000376469445208437,-0.000103481581088358,2.88301116839183e-06,-0.000737364585108174,6.25861591233353e-07,6.14983115336258e-05,8.32101431447154e-08,1.22547685532583e-08,7.70951111461854e-05,-9.89885988324103e-07,8.64432745481486e-05,-4.06284213014994e-16,5.93529863641733e-06,-4.77795516379037e-07,-1.37733045479707e-08,-1.36245597012822e-07,0.000768609442547299,0.000462153147424558,-5.03011050073235e-06,1.84635577845342e-05,1.06646081157351e-05,4.19085234491722e-16,8.46778511762152e-05,7.06664115040059e-07,0.000112363403277814,-9.2078358986686e-15,-5.28300467955335e-05,-6.81434733480316e-06,1.04893329377789e-06,0.000186908523481313,6.34255987714372e-05,3.43427387885274e-05,2.62990944159607e-05,-3.62721585407272e-05,-6.15122695597402e-06,-3.52147782568667e-07,-0.00635487827341182,-1.49568866070783e-06,1.0799613128814e-15,1.10712409664299e-06,-4.17740080095997e-05,-1.88003328056975e-05,0.000483699451040207,-1.2193021752603e-15,2.96695917539654e-06,-6.50889085755256e-07,0.000307738138919337,1.1969013006293e-06,0.000197986782166175,-4.9321345463517e-06,7.83579835952832e-05,-0.000774384268919964,6.65584239730414e-15,-0.00846569990819009,4.82363308363851e-05,-0.000240010802008335,-0.889014543289975,-0.000759801144012617,-5.5874813225088e-05,9.48286588142722e-14,-2.03190540386871e-15,-9.20502377632506e-06,-1.45753961049345e-05,1.83025180251282e-06,-0.000651524808074839,3.23785035819044e-13,-0.000201205599942696,-2.06703968547114e-06,-2.86011523421572e-15,1.18261765732645e-15,-7.85568654278521e-16,0.000315332280117246,1.9213776108443e-05,-1.88979588760721e-05,0.000529814465052608,7.45631591405833e-05,1.27945647788434e-05,-5.50565143329531e-06,-3.39512469578468e-15,-1.05710763878081e-06,2.84950158483131e-06,-6.66407466792987e-16,2.53759581386899e-16,-1.55455884440235e-06,-3.78259700563248e-08,-8.61577253630685e-07,0.00081122302686646,7.86485144954043e-07,-1.3592246242967e-05,1.00807515899307e-15,-1.09191600774067e-05,4.55156142637233e-16,-0.000150267924436701,1.63302531219767e-15,-8.2847586147766e-07,-1.40096421738432e-16,3.32606292465115e-06,8.7189260155789e-07,1.58832252399028e-05,4.98011887615339e-05,2.18928127043083e-06,-2.46551153172608e-07,1.53722941396365e-06,5.31248475473903e-07,0.000115623237929446,8.78273939129344e-06,5.01819633313234e-07,-1.37755524499424e-06,-0.00010705059029142,-8.54836013630704e-06,-6.30106300599262e-07,1.01499712265346e-16,5.76827814878564e-06,-9.7395421281182e-07,4.77000625379385e-07,1.18576068346302e-15,3.80211542252425e-06,2.43820131955406e-05,7.73757651072259e-06,-2.57855081896489e-16,-1.866695072158e-06,-4.49850842955635e-05,-2.15682678373687e-16,-1.27747236702527e-06,2.7200559859706e-06,-6.01409282578244e-17,-1.18211688922335e-18,-9.82284116071776e-08,-2.41936518263192e-05,-1.36890507768455e-07,-0.00018840806261384,1.18951808862148e-05,3.13092708521414e-07,1.3878374777196e-05,2.72570777382165e-06,-6.70387577093913e-05,3.50571351462325e-15,1.22941696557857e-08,3.90313698995081e-07,1.07232352433018e-06,9.98683242919707e-05,-9.36030555973248e-16,-1.03599930120951e-16,0.000124526983301535,-2.98657695894707e-16,-4.60895786028655e-15,3.23389000592128e-06,-4.7288179561493e-06,-8.8522295382581e-07,-2.13260928485569e-06,2.23325416330883e-05,5.83174745729745e-06,2.83315695353827e-05,2.2556175323569e-17,1.66746742843494e-05,7.74550721357562e-07,3.54789591688083e-06,-7.70635300482386e-07,2.99820707949979e-06,3.20482583366518e-16,2.01753003361904e-16,1.38145587537629e-15,-1.17876486338107e-05,-1.22314206752742e-07,-7.92401206377285e-06,-7.12782565039936e-16,-9.29410397820935e-08,-5.48979533576537e-16,-1.15114259506536e-17,1.47066006428536e-05,-3.68071689194569e-06,-1.54607229796433e-16,-3.01345628240834e-05,-4.04520533485516e-07,4.67426537970203e-16,9.06345440453132e-07,6.52640559865416e-16,1.44980481105965e-05,2.39823566471953e-16,1.44461889073245e-05,2.7316719072784e-06,9.88266965802441e-08,4.25022897412658e-06,2.90982184765671e-05,-3.14708996306554e-07,9.5350614903259e-06,-4.02630654987183e-17,5.54833260724394e-06,-3.12645482097981e-07,-4.96810772238747e-17,-4.10988518582179e-08,-8.34215869791962e-07,1.93131769848726e-07,6.24636660157916e-16,6.12089608497342e-07,8.07659054795178e-07,-9.2205510132336e-17,-2.23405190534474e-05,-1.69312223223541e-05,-2.29839215910618e-08,3.29370585148767e-16,-2.016706466317e-16,4.05618179220874e-07,5.63217488627817e-06,4.55144695831637e-07,-1.5691627724846e-07,3.24286966078705e-06,5.47871208865681e-17,-3.02992413809234e-16,1.18084184805598e-05,3.08646128552909e-07,1.07640105177287e-16,2.84049554588999e-05,-3.02063581309683e-17,3.21480229315288e-07,-2.04067647885872e-05,-3.14315348313178e-06,-2.08090114283562e-05,-8.21261999279051e-16,1.87963471642228e-17,-4.62407681053569e-16,-1.4573967996651e-16,-3.62603271907401e-08,-1.25641581638842e-07,-7.11192246911648e-17,2.0844641147689e-16,-1.76074533102015e-17,1.76168567879526e-07,1.58054372991211e-09,-8.66397946426641e-08,9.19907631117273e-18,4.65217599686374e-16,2.67282940571989e-16,-3.66198827067695e-06,1.12001341388297e-07,-1.79084033967678e-16,1.95404068631452e-08,-5.10019471027238e-07,1.01487262845696e-16,5.1453293626048e-17,-1.59165687341238e-05,-3.58801410834725e-09,-7.8560961422592e-06,-6.14497870835445e-17,1.93733622071136e-07,3.11773681245059e-06,3.33225567742285e-06,-4.68277829182602e-05,-7.32729449804581e-07,1.18995983794248e-08,1.0319007143834e-16,-3.80495695084599e-17,5.7888726224673e-17,2.23014455224242e-07,-2.01877231487295e-07,-3.44175975619763e-06,-5.92238607432237e-08,1.8719464840306e-16,-1.6163735673342e-16,-1.11530555919799e-16,-1.46229843948539e-17,4.69746680536318e-17,2.80086537711271e-07,-1.56497145544667e-17,-9.86253853549861e-17,-2.04509326569557e-06,-1.69306748132332e-16,-1.83034211627278e-06,-1.02379104336315e-16,-2.26845236876653e-06,-2.1741751790586e-17,-2.72981810521371e-06,-3.41125286468544e-07,-6.86353848991981e-07,1.71105601490124e-16,1.08954601173172e-05,1.22505140883274e-17,3.7595503355033e-06,-5.93498460041256e-07,3.2834152118905e-09,-4.03360589965316e-16,1.8026784746733e-05,1.48104405150136e-16,-1.2915510135091e-06,-6.59160565546724e-07,-9.80917903490468e-17,8.69745019457959e-17,1.38142165161053e-17,-7.66564269133032e-17,-3.76345242443574e-07,-1.29555334129175e-06,-2.88945480390858e-07,8.21473658171266e-17,1.24544564395457e-17,-6.72732502514475e-08,5.48632435741318e-07,-2.87903920242668e-17,1.95693772418751e-17,-1.08625661989276e-06,2.54183240207503e-17,-9.19991348402647e-06,-1.81104192282835e-18,1.91727766192688e-06,4.50822371140561e-19,-1.77726936173436e-15,8.58317232066001e-17,-6.2128291836709e-16,-4.95170998920391e-17,5.16812749458436e-17,3.65492914482318e-08,-2.55585406413846e-07,4.04568134499373e-17,-1.69218880845046e-07,7.10141529826174e-06,-3.19546849721747e-16,1.62159175291392e-16,1.35588576817507e-13,-1.73170680766761e-16,2.84328619563764e-06,4.54182510171034e-07,-5.82613270379601e-16,-4.28659727986291e-17,-1.26229309588436e-06,-4.07664344124293e-07,-6.16856996156289e-09,1.20536494593985e-17,-3.8222475419404e-17,-7.04870937473406e-17,1.57453137115765e-17,5.77742046311895e-17,1.72894408976042e-16,1.07511551328819e-05,-8.49049080606119e-06,-1.95217508028588e-06,5.11771689525352e-18,1.65787792735942e-16,-1.17596766856257e-16,8.99646925927276e-17,-6.2761649157011e-17,-5.01713963180699e-17,-8.85619111033532e-17,-3.67915929160156e-17,-3.83696972418694e-17,1.32452578699264e-17,-2.42937219444729e-17,-1.55760905767011e-16,-7.39438449009798e-17,4.30958556997559e-17,2.34856847892001e-08,8.01769561782954e-17,-2.00648547305452e-18,-2.63391068822899e-17,3.31912496493573e-07,-1.79767206647103e-07,9.41364475120061e-17,-8.56109219588581e-09,3.02566311100148e-07,1.95005703232991e-17,7.33818284380824e-15,-5.82068492795077e-07,-5.11044427569103e-17,7.4119310827947e-09,-1.29412420035081e-17,7.25535265949183e-17,6.29668795515159e-17,-1.50587331240096e-16,3.24612314355539e-07,-9.91700167758357e-07,-1.1365743178937e-16,-1.51422375803409e-16,-1.00020119285331e-16,-5.6122845272632e-16,-7.11778726236734e-17,6.32536648460335e-17,4.19089694721539e-17,-9.65246099867405e-17,1.18484726360836e-08,2.09852187659722e-16,2.97974836536042e-17,6.43100105179144e-17,-8.603112488286e-17,-1.18260186392575e-16,1.61140380895819e-16,-2.58118563648154e-06,2.70054291978141e-17,-2.08356278506126e-16,1.74733356255498e-07,3.62439682076517e-16,2.16935602305828e-16,-7.7946337793185e-17,1.94591276367942e-16,1.50084752178925e-07,1.2953995233007e-17,-5.05285534625022e-06,2.79517244859666e-17,-6.87685053117693e-17,5.2064135282908e-16,-7.02979324464182e-16,1.91784635926571e-16,3.34452088904242e-16,7.58398672489278e-07,7.21833844716142e-16,-8.91129598981518e-16,1.13016557095109e-07,-0.026133733912016,-5.37867643167094e-16,2.63508293302453e-06,1.70043225140921e-06,7.39465865784579e-17,1.91576373769022e-16,4.12423503286249e-18,7.4379123563139e-17,-1.39773139037782e-16,-3.36679287418693e-06,1.97232552338376e-16,-6.59448864394215e-18,6.50582839102702e-17,1.35457564294084e-06,-1.15324484467874e-16,-1.29040029336775e-16,-3.39886154505013e-17,3.76866295016029e-17,-6.19211691034015e-07,1.12244916166216e-16,4.1637240625322e-09,-1.76423119224274e-17,1.42775756422984e-16,-5.0352231866418e-17,3.46319072664691e-17,-1.73776963752549e-17,-1.3020330698479e-17,5.29311832840476e-17,-7.23135352287646e-08,3.29526870061966e-17,-4.71680075009184e-17,3.03967534718737e-08,-7.27064187916221e-17,-3.00570428384424e-17,-9.93147169264364e-17,2.76311444132292e-17,3.89376092866179e-17,1.24786771342603e-16,-2.2010892611715e-07,9.37312756830085e-17,8.65227524096422e-17,6.54932353210755e-08,1.37241920662897e-16,3.30987322490626e-17,-1.20041322692925e-18,-4.18248461117967e-17,-4.00091461773072e-17,-2.64334104121575e-17,-2.21944692501418e-17,-1.06275931816505e-16,1.95747901674342e-16,2.83874213621894e-17,-6.30548607194316e-17,-3.42372537800403e-08,1.13476286170963e-07,4.12333170263018e-17,9.65053218663516e-18,6.83906917084389e-17,1.3867198234026e-16,1.89843800402212e-16,4.06381348788869e-17,1.81869044879304e-16,-4.6373331324107e-17,-1.07865631906235e-07,2.52393440795419e-17,-8.05973778078026e-17,-3.44439923654085e-16,1.58235815836065e-16,1.2526222751809e-08,-2.61853211262446e-17,-1.98058404495269e-09,-4.28048088220021e-17,-9.11804378081454e-17,-7.08558002014263e-17,-6.53596712003424e-17,-1.24078559966756e-16,1.45718242041161e-16,-2.20676868346702e-16,-7.02777410211347e-17,5.70687344430268e-17,-4.29319797430536e-17,-7.95720610051819e-17,3.74231813882491e-17,1.88206519756146e-16,-2.57005190257362e-18,8.55612230252536e-18,-2.59208011243419e-17,-2.22302118806299e-17,-7.38243988820525e-17,1.17948827230091e-17,9.79417724609469e-17,-2.11582053960546e-16,3.64773483834439e-17,8.50351694981711e-17,-1.64275204999066e-17,1.35910757520516e-16,4.15885494539147e-08,1.6121191125606e-16,1.52928933852677e-16,1.12672041123829e-16,-1.73780229997043e-16,-1.05956032918267e-16,3.97041398627468e-17,-6.97333880101166e-17,2.0576858316703e-16,-7.65879777874274e-17,-2.12666782242805e-17,8.87961579265628e-17,1.64754109556191e-16,-5.47376126162176e-17,-4.46558418803238e-17,-1.42124796860049e-16,7.10555140741922e-18,3.7824143671818e-17,-5.30811926706916e-07,4.5188465095384e-18,1.89675683275217e-17,6.60095497587292e-17,-8.80883417666382e-17,1.35554759153598e-16,1.0725771378633e-17,-1.56945711930472e-16,-1.2471292298302e-16,-1.57343273597046e-17,2.74830061428782e-08,-1.18273303750925e-16,8.64193637565028e-17,6.58438516588514e-17,6.09981729520823e-17,4.86089584598986e-17,-9.98653401897838e-17,-8.01916823301975e-17,2.63312913235472e-16,-3.69501806143039e-17,2.07841616888423e-17,8.20115060632189e-17,-6.83583189388892e-17,3.20860225720504e-17,5.57691858545877e-07,-1.22164599204214e-18,-8.98873080622109e-17,3.07424461236603e-17,-2.19550939928315e-16,-3.75605150681286e-08,-5.06832459795053e-18,3.632769166749e-17,9.77908314195219e-17,4.62316755633952e-17,1.86412601540544e-17,1.03896834275421e-15,1.9010844342656e-16,3.05594314825062e-17,-2.35665724823264e-17,-1.12806721100058e-16,2.57676739250414e-17,1.87861007028611e-17,-8.75135258255504e-17,-1.67738752426904e-17,2.64881884403394e-17,1.22381206937312e-16,-1.55718574845923e-16
"t104",0.0298274512545635,-0.00652948562193357,-0.00696893372404978,0.000286409359472299,0.00130274389587622,0.00225205850809841,0.000495092744362961,4.16190654090474e-06,-0.0162545440796339,0.0452187176276195,-0.0028157366982118,-0.000469714948505965,0.00118795537384605,0.00028041971453268,0.0099149547303119,-0.000303675968051108,-0.000215691419145612,2.74069754212536e-05,0.0132418069405576,-0.00249477901104816,2.77621809708587e-05,-6.4178890475029e-05,0.0101716996318619,3.16842997540902e-05,2.24635815669506e-05,-0.00202583730379897,0.0106893717390245,-0.000109789136210594,0.00187513328910555,-0.0249703342538607,-0.00429106605372217,0.258987820724438,-0.0059579386650672,0.132455677931551,-0.0147309609652042,-0.00408207901940202,-0.000128079426722157,0.000199054752517111,0.00953092276789289,0.00226779125560958,0.00107510183737565,-0.0131519941822066,0.000484682446793402,-0.058358958183825,8.80994723381216e-05,-3.70335437077184e-05,6.9935488401733e-06,-0.00010536046385666,0.00622713909020912,-0.0108731209232851,8.44303385272544e-05,-7.84199927017531e-05,8.54497699653857e-06,-2.836590509589e-05,0.000754428055813146,-0.00180890509236225,0.000391271597849195,-0.00262290792519376,0.0315894051719275,-4.88276639227778e-06,-5.92177665044449e-06,0.000316530967132695,-0.000187480265135226,0.000139725473994171,-0.000521394941419965,2.72941442118976e-05,-6.36296951693558e-05,0.000489947791823306,-0.000117083792901409,0.000516986684273943,-3.95756853417419e-06,9.66159088345089e-06,-3.27262253275489e-05,-2.03298810406813e-05,8.49629506949014e-06,2.99227089567043e-06,-7.16085677329615e-05,1.0114954609587e-05,-0.00116251458676211,-0.000352225241881094,1.96827895605111e-05,0.00150144938051396,-0.00078852293894581,-6.14211804942205e-05,0.000182346296725957,0.000114743195305689,-1.71485639140247e-05,-0.000123801272336716,-5.8407712565105e-07,2.28541775198271e-05,-0.000928016796889533,1.10367239799548e-07,7.54947112859647e-05,-6.1375266253909e-05,0.178393323432712,-2.07255600215868e-05,-2.39854222574083e-06,9.45617140933026e-06,-0.000101045063887384,-0.000885577545993083,-4.63990697924763e-05,3.0450705750308e-07,-6.33224074888824e-05,5.40468680872456e-05,-2.67189566188426e-05,1.6745066620589e-06,-0.00043677293818095,5.47947373550989e-07,-0.000278678183798323,2.02395478931324e-07,6.68115640069666e-06,1.25762051634777e-05,-3.87600801395825e-06,3.57693607556771e-06,-1.37511473174321e-05,3.81868657642738e-06,-0.000187930266237112,0.000183983142157105,-5.71850241823938e-05,1.90273884393059e-05,-1.04743463952673e-05,1.88492289438471e-05,-0.000157799493676188,-0.000273077199335731,1.23646399120475e-06,-2.40019668996952e-05,2.47729884307992e-06,-0.000167944477578561,4.29507223276915e-05,0.00149122386575146,1.0846407088283e-05,-3.48707179898339e-05,2.6516216559327e-06,4.49931566903625e-05,-6.67758458782168e-08,4.35517065182638e-05,-3.77123847565065e-05,-3.30911486137285e-06,0.00010047623664505,-8.35156845655973e-05,-6.89093852012152e-05,-5.86486299235151e-06,4.97735216073124e-05,3.05679394775823e-06,1.76245750710088e-08,-4.56867366464065e-06,-1.06151850705035e-06,1.76950250172076e-05,1.09079510538009e-06,-4.1364084107389e-07,-5.09621464578358e-07,-1.15776592594036e-05,-4.2035231922097e-07,0.000293846701638955,-1.44440918257033e-07,-1.0910770647627e-06,6.40418400154367e-05,8.26143330846843e-08,1.08592498297702e-06,1.64660587052541e-06,6.13416309508491e-07,-9.59680670833711e-08,4.50413823140362e-06,1.40152256041573e-06,-1.16119807788127e-06,9.28680676068731e-07,-9.21361211427722e-05,-1.5886301548322e-06,-7.91562211943946e-05,-1.65158192121713e-06,3.04457127032261e-06,5.3983875797903e-07,-6.88111849637515e-08,-1.080318134703e-05,-4.66179675704124e-07,-9.58669230139319e-07,-4.22074150945665e-08,1.73551277108607e-06,0.000286368412182738,7.92964594987282e-06,-3.30708218467864e-05,-9.17340972017558e-06,1.9242111458311e-06,7.68177767703577e-09,2.33245558284256e-07,8.08654972037178e-08,0.000440165576880449,-0.000109094438556914,-0.00049002489909642,8.36529479176314e-06,1.48409128941014e-05,-2.88377391598273e-05,-2.55831941048799e-05,-3.77856272607115e-09,-3.74972946430599e-07,3.14006523465806e-05,4.86444874213755e-05,7.93286888777932e-07,-3.61782681106325e-05,-6.44081959009296e-05,-1.66233057200076e-05,-5.76153603343064e-05,5.06189956446382e-07,2.33473870762803e-06,0.000141318602340874,1.49934767812532e-05,-9.34000829058367e-05,-1.11784059561443e-05,0.000622508252387602,1.37666604596171e-07,0.00274527095616929,1.74067251385821e-05,3.89112909809892e-05,0.000414380374462583,2.26788152980288e-07,3.19498266166945e-06,-9.57722704806103e-07,-6.15083480752348e-07,7.07360663202957e-05,7.70348580687487e-05,3.56928824013439e-05,-4.46448411424026e-05,-9.9540414237511e-06,-4.28250712785163e-05,0.000133240793333872,7.67410568642963e-06,0.000728578329816776,4.30028207921574e-06,0.000401561259832523,0.00131423346230032,-1.76752270064488e-05,-3.74573091281142e-06,-0.000465768331632276,-4.27182680424685e-05,1.07330356275653e-05,4.76157098549135e-07,0.000216463835654068,-2.23064976155397e-16,2.13984277746793e-06,-3.08627117627212e-05,6.73128231664359e-06,1.83017275194423e-05,0.000258373796920988,-3.5834948545438e-06,5.56478628969283e-05,-2.51529930704095e-05,2.07502212562905e-05,-1.40013428443156e-06,6.75970945509334e-06,-0.00286223561779578,1.90691304645102e-06,-0.00021162395340543,0.000793022352057761,-1.03898785405061e-06,7.57052134055637e-08,-3.97196698864677e-06,4.77289524673138e-06,-7.66043697462681e-05,-0.00102921211426305,0.000224970967171712,-0.000130651520073377,0.00111994465983707,-0.00337397099016016,0.000240364363010905,-0.00144028232977559,0.000508356523757226,-7.13378343038833e-05,-0.932400437247141,-0.0103800172279762,0.00260135347998413,1.27547489695207e-05,-0.000835092921077996,0.000170193739024763,-5.89180090675025e-05,8.64612659922246e-05,-0.000158107852579389,0.000109378960296788,-7.35503223401728e-06,0.00119472117686109,-4.97123789767264e-06,0.000790377042853585,3.23449139825327e-17,-0.00174681105861211,-7.16897070980854e-05,-1.7588989617143e-09,-1.40701238936684e-05,1.92921295506267e-05,-1.15861748619389e-05,-3.2401059780303e-06,3.15822650060962e-07,-1.39523440446393e-05,0.000525991929670541,7.93753316980176e-05,-1.28033898515839e-06,0.00066374303795959,-0.000953889025256502,5.8480224001493e-05,-0.000390182063965346,1.23519458956917e-05,8.40479983240321e-05,3.31402363090652e-07,0.00308716012310188,-9.04909285806257e-05,3.94694731785795e-07,-0.000121117699294083,1.38405027963961e-05,-4.98856663340073e-05,3.4184479046657e-05,0.000130319845008439,1.52617540846447e-05,-4.81649871760145e-06,-3.07857956968055e-05,3.05708221449279e-06,-1.38695290154257e-05,1.65131748464225e-05,0.000588205518011671,-0.000286490464968596,4.38745030310495e-18,7.57126933541163e-07,9.39165922784264e-06,-8.63600538977632e-07,0.000206969014825322,5.35031142211809e-07,5.38046139243985e-05,0.000123780703399492,-3.76357993667003e-05,0.000156978014156981,-4.43438924179732e-16,-0.000488038363921838,-9.14458750170783e-08,-1.64076687381625e-05,1.61582744693433e-06,2.87124738828872e-05,-8.07600648447279e-06,-0.00116188257597786,0.000306125409458527,-7.78965893111228e-06,0.0018347423097738,-1.47808698933137e-06,-0.000141046626061114,-1.87407308342745e-07,-2.67249047102632e-08,-0.0001675315569264,2.10258225105424e-06,-0.000180392597247933,-1.32836024009306e-16,-1.08587156677384e-05,8.50641922262789e-07,2.45147035217779e-08,2.24442219439567e-07,-0.00125143784805537,-0.000652200864094827,6.81529668246847e-06,-2.48160553885384e-05,-1.39046344175081e-05,1.89192317590261e-16,-0.000106649323268337,-8.78664535293491e-07,-0.000133209474032538,1.02732325140392e-14,5.9551540708459e-05,7.59296568929823e-06,-1.16188034027888e-06,-0.000204553563175107,-6.80754902355353e-05,-3.63580274970376e-05,-2.75665691067176e-05,3.71988257540995e-05,6.30045768475667e-06,3.62940938483525e-07,0.0348261068638453,-3.57926274831891e-06,5.26316210417635e-16,-8.28277571505741e-07,3.09402771575988e-05,1.35214832856557e-05,-0.000329563453354066,2.61702824500964e-17,-1.76797496714725e-06,3.27819335076563e-07,-0.000142872331559936,-5.34272785321444e-07,-8.42094907111786e-05,1.91065754631548e-06,-2.57659068708387e-05,0.000153834496752387,-4.31306280812521e-16,0.00083676937552407,-4.3768390196637e-06,1.77849988682805e-05,0.0459083443136467,3.79479044099711e-05,2.44392329559245e-06,-4.86069517968701e-15,1.39167481694396e-16,8.3221838138977e-08,-2.88260809714992e-07,4.26093170544494e-08,-3.12555476674942e-05,2.93446710347915e-14,-1.99086739900192e-05,-2.48702544162068e-07,2.15320999354438e-16,7.88320479939944e-17,5.2860925273088e-17,5.76090065920035e-05,3.65417494889569e-06,-4.06886581572791e-06,0.000124901185293156,1.77527218428127e-05,3.31345704892322e-06,-1.43879410156512e-06,-7.58219172332638e-16,-3.18247974280545e-07,8.95719738554529e-07,2.80008902655607e-17,2.21767227593678e-16,-5.64581663963758e-07,-1.41558541678605e-08,-3.34848419283435e-07,0.000322911417958086,3.26818893439372e-07,-5.68568935772763e-06,-1.58204759761477e-16,-4.60842541741359e-06,-7.38824481632385e-17,-6.50141674025654e-05,-1.80844922370582e-16,-3.64779001478599e-07,-3.90025040671136e-17,1.49616198386543e-06,3.93860012451935e-07,7.56169828219532e-06,2.39586727511896e-05,1.05777097497533e-06,-1.21316384690797e-07,7.68024556555851e-07,2.74459172856542e-07,5.97515632429294e-05,4.58334910793572e-06,2.66461359950231e-07,-7.47842145081888e-07,-5.91546614193558e-05,-4.78752236398583e-06,-3.55171669606888e-07,1.29221448300051e-16,3.31473534368176e-06,-5.69675152804965e-07,2.92130983997911e-07,2.49858965280041e-16,2.35733494424664e-06,1.53879686190248e-05,4.91918161759572e-06,-6.84788704781799e-17,-1.19115917132725e-06,-2.91191732432e-05,-1.13387761642452e-17,-8.32581605481173e-07,1.84201802820744e-06,1.80433396586281e-17,-1.30842607551772e-16,-6.7446876399341e-08,-1.66323237276813e-05,-9.46380305140317e-08,-0.000131100281190885,8.39510721998638e-06,2.21231354173019e-07,9.82296200134991e-06,1.96373906538961e-06,-4.89659443142304e-05,-2.59666420310278e-16,9.02509686827178e-09,2.86772879942703e-07,7.90216507302624e-07,7.38566675089822e-05,-8.94970262177698e-16,3.27098621146993e-17,9.25353098091334e-05,-3.37134721130693e-17,-3.15732561612199e-15,2.47243505745616e-06,-3.63218696331231e-06,-6.80002086957334e-07,-1.65448228163886e-06,1.73483781593825e-05,4.53148984870774e-06,2.20543960299519e-05,3.4765464669952e-17,1.32222280088961e-05,6.16514780549726e-07,2.827504167711e-06,-6.17916869473036e-07,2.43016612762895e-06,-1.0074656134258e-16,5.49954353482111e-17,5.31425543999632e-16,-9.69753884849583e-06,-1.01251793242718e-07,-6.56256051243162e-06,-1.7441073772242e-16,-7.74237899523388e-08,2.74258092257491e-16,-1.08849298662559e-18,1.25531084733809e-05,-3.1426664484445e-06,-2.37440275774325e-16,-2.58753140768953e-05,-3.48472187328329e-07,-2.54597838864413e-17,7.85867429777698e-07,6.70491297872448e-16,1.26673446749198e-05,-3.88841656873362e-17,1.26305781662756e-05,2.38960269121233e-06,8.65023002752152e-08,3.7232459482741e-06,2.5537182280702e-05,-2.78076784255616e-07,8.50312853259848e-06,-1.6866515220983e-17,5.00283216865082e-06,-2.82232042336985e-07,-3.07802261595903e-17,-3.71575595490173e-08,-7.56300901449211e-07,1.75525351727411e-07,1.49855450743348e-16,5.60889047328241e-07,7.41284894338622e-07,-7.39920934392858e-17,-2.05479204708088e-05,-1.55888020074887e-05,-2.12423946245147e-08,2.73041087734412e-17,-4.05832384907931e-17,3.78196728189479e-07,5.27067346744092e-06,4.26248232716932e-07,-1.49222260401234e-07,3.09128773934134e-06,-4.59263168568478e-16,6.74259713598347e-17,1.1274990451043e-05,2.94764700404648e-07,1.07594192280635e-17,2.72020674779942e-05,6.7162182680741e-18,3.08675399558118e-07,-1.96636911324965e-05,-3.02946004488174e-06,-2.00760075435622e-05,-7.07460926196559e-16,-1.49636358449483e-17,8.94483291799516e-17,-4.00915094726769e-17,-3.52869446976797e-08,-1.22353913433117e-07,-9.42623447853407e-17,8.57219207212182e-17,-4.86754554298409e-17,1.71987917721643e-07,1.54469297508832e-09,-8.49198653514083e-08,3.99943847949495e-17,-1.55664326914606e-16,6.29623306616645e-16,-3.62376809876399e-06,1.10868064340935e-07,-9.58008152544589e-17,1.94127463338545e-08,-5.07418659386954e-07,-9.19294915244797e-17,3.68178482459311e-17,-1.58887638767605e-05,-3.58270445929536e-09,-7.85979080181205e-06,6.86040420569743e-17,1.94450504218122e-07,3.13477397964955e-06,3.35859657335901e-06,-4.73523608392302e-05,-7.41580977963378e-07,1.20628206848935e-08,3.46902936943001e-17,-1.34475134023688e-16,-1.67695420934149e-16,2.28108867496072e-07,-2.06516530883639e-07,-3.52477378868937e-06,-6.09883356438847e-08,-3.06070910989604e-16,-2.35388058735609e-18,9.1042577676215e-17,2.55951904524751e-16,5.46698825104878e-17,2.90055654420791e-07,-2.88456150710699e-17,-7.98473365953477e-18,-2.12245086144521e-06,7.56008991061977e-17,-1.8997934896189e-06,-2.08131046688931e-17,-2.35497998529565e-06,-4.20496328927145e-18,-2.84437001792374e-06,-3.55746909547435e-07,-7.16712031952194e-07,6.50964731362142e-18,1.13956034114817e-05,2.39744439720506e-17,3.9457408953585e-06,-6.25634741920506e-07,3.46185483428012e-09,-9.52024110716634e-18,1.90395960523399e-05,1.69106975333416e-16,-1.36782446657254e-06,-6.98179867366043e-07,1.27100224987161e-16,-2.48124759447311e-17,-2.26186725125374e-17,4.21581628010327e-17,-3.99501483907045e-07,-1.37606026055618e-06,-3.07105324625561e-07,-3.73039794834849e-17,8.44416036503886e-18,-7.17262992056859e-08,5.85028965190701e-07,-1.66853817263009e-16,2.35911836020708e-17,-1.1627350147269e-06,-7.75852009428447e-18,-9.85548484573009e-06,6.62813667436919e-18,2.0585782860567e-06,-8.30715979275401e-18,-1.20249316068675e-15,-3.70649522889352e-17,8.76993921512755e-17,-8.63315413413828e-18,1.01326305000671e-16,3.94187255901367e-08,-2.75666810017032e-07,5.45467809554947e-17,-1.82790298221292e-07,7.6757385011711e-06,2.19281427702931e-17,-8.95123972827732e-16,5.9038750543159e-13,1.65364773587085e-17,3.08134294971531e-06,4.92505668546732e-07,3.1207257894245e-16,4.71175645422917e-17,-1.36971328027006e-06,-4.42394333239607e-07,-6.6960259559372e-09,-1.32085158034451e-17,-3.8267482556339e-17,2.43931797906458e-17,-1.35226547066888e-16,1.26623780820752e-16,1.50605613567292e-17,1.17233838875679e-05,-9.26203719742238e-06,-2.13042230809726e-06,1.31856767524008e-17,-7.91598971984881e-17,-1.20601545271322e-16,-2.96900247918229e-17,2.29463692998495e-17,-1.07365912486928e-16,3.89823891542863e-17,-1.41174206350411e-16,1.88571255618292e-17,1.49325804645535e-17,-8.15173530465993e-17,-1.38168896392931e-17,3.6688299378994e-17,-1.66440036821552e-17,2.57881882395841e-08,1.12014836145243e-16,6.85374375530837e-17,3.35001209360786e-17,3.64715348648381e-07,-1.97565648465066e-07,-5.01009981414909e-17,-9.40965232013806e-09,3.3283360162106e-07,3.10772432630433e-17,7.88747150602298e-15,-6.409189566481e-07,-5.87280383935761e-17,8.17011414204543e-09,1.03940196750682e-17,-3.32910410640454e-17,1.5995615757171e-17,-5.23513773127562e-18,3.58312928495079e-07,-1.09474109372863e-06,-5.1837789081619e-17,7.0199123658301e-17,1.27333633775561e-17,-2.24046094418612e-16,-2.95390881893676e-16,1.16762404388907e-16,-4.32773711216353e-17,9.91236571233305e-17,1.30562061748945e-08,6.24197540281421e-17,2.20759425564803e-17,-1.92048378101679e-17,2.46216636871768e-17,1.45328728268208e-17,-7.80983856377515e-17,-2.83360356119453e-06,-1.92057009906165e-17,-4.58250998262208e-17,1.91627653322363e-07,-5.98872551304433e-17,-6.0985975550196e-17,2.09160768030134e-17,-4.04532341637785e-17,1.59414166196688e-07,-6.60167790681183e-17,-5.27753028040021e-06,1.35859678825881e-16,3.87012354151127e-17,3.16304153758984e-17,-2.98804424671111e-16,6.49120040845353e-17,3.11268469557212e-17,7.20963192094994e-07,-4.17666440045931e-17,-1.37664560276109e-16,2.94747099056667e-08,-0.00160982852849648,-4.05849501662308e-17,4.00222629350342e-06,2.39274280164901e-06,3.34001308222135e-17,-2.46213755749278e-16,-1.22713893866463e-17,-3.32089193908024e-17,1.09853438164541e-16,-4.0285605245205e-06,-2.07856456546673e-16,-1.41687446055555e-16,9.2105065462257e-17,1.61106181357055e-06,1.57245467083165e-16,1.4545298334494e-16,9.45871522287997e-17,1.15386419964779e-18,-7.32827854356594e-07,-2.75323229031645e-17,4.92239973318554e-09,1.83181585239043e-17,1.59354104481414e-17,3.66899291334934e-17,3.91439432575465e-17,-1.94535625467035e-18,-1.14539799617955e-16,-2.52613031803033e-17,-8.51832364843391e-08,1.14334324455096e-17,-4.19839647858587e-17,3.57882462307382e-08,5.57267196936848e-18,-1.85396742201697e-17,3.58946754718909e-17,1.97013027865614e-18,3.72505948549277e-17,-2.05997291008824e-17,-2.58895718057062e-07,-1.49029022540948e-17,2.07482010002991e-16,7.70182373370381e-08,1.34284179281569e-16,-9.92102491579741e-17,-2.70863670577778e-17,9.06736010251111e-17,8.58929880014329e-17,4.07239774931601e-17,1.47909818412931e-17,-1.07976080328494e-16,-7.10998228101594e-17,-6.10101553575771e-17,1.72102639258258e-17,-4.02638788686993e-08,1.33460229076851e-07,-1.18780964583265e-16,1.28487505816749e-16,-2.70834072163092e-17,1.40125410369385e-16,-2.92734586571086e-18,-2.79982703018053e-16,-1.39875204570385e-16,6.32897827055841e-17,-1.26927238364552e-07,-4.31329046536213e-17,6.5034977094476e-17,-3.06449305855156e-17,-1.44776629348349e-17,1.47487244558592e-08,-7.20898469738049e-17,-2.33389707736857e-09,-1.61520771270927e-17,-2.84873538852342e-17,4.15563363450527e-17,-8.5156878439851e-17,1.20065039368345e-17,6.63644860977769e-17,3.54959237059744e-17,5.15724700473444e-18,-5.33354787225602e-17,-2.58399380463174e-17,-3.61138790958143e-17,1.64648525221394e-17,2.8497765851909e-17,1.08537329343686e-17,-1.49402608014415e-17,6.94296895333404e-18,4.40397614099754e-17,-2.32802477430738e-18,9.36553715064693e-18,2.56560995352611e-17,3.86680704816955e-16,4.72785297373261e-17,9.21291831951933e-17,9.7750971324043e-17,-4.93062729776003e-17,4.91907892672437e-08,1.62330210531593e-17,-1.4695952899904e-16,1.02371249360002e-18,-1.33104450658211e-16,-1.7412082050633e-16,-5.0527184001834e-17,-6.86532878059235e-17,2.59047299709218e-17,3.29310769997061e-17,3.59873836945782e-17,3.51281503885303e-17,3.96908290376355e-17,-1.21774368285231e-18,-7.03997463019968e-18,5.13580819729796e-17,-1.68292420616226e-16,-4.5105267165371e-17,-6.29637869464945e-07,2.07712489803024e-17,-2.42991621537581e-17,-6.92896609999147e-17,1.55286343835469e-16,-1.18889433916524e-17,-1.12015139964243e-17,1.18245891864674e-17,7.91796071636061e-17,4.86278068911562e-17,3.26994163299962e-08,3.49903776118636e-16,-1.78659108932089e-17,-1.15951842262559e-16,2.97018227914227e-17,-8.50187561715653e-17,2.12385413218544e-17,2.43636548333839e-17,9.41423994162878e-17,-4.44221631157291e-17,-1.26335484049049e-16,-2.21772223159969e-17,-1.45254776311162e-16,1.96187467036485e-18,6.65602369000196e-07,1.97329755859093e-17,-9.61825255342239e-17,-1.20366018205202e-16,-5.48606299277665e-16,-4.48928397835812e-08,-8.2885679685311e-17,5.21230716816334e-18,-1.84173342360754e-17,-2.48210964167345e-17,1.03319395420634e-16,4.73779397686482e-16,2.67603906377071e-16,2.72919959820534e-17,9.3787677398492e-18,-2.69242425418446e-17,8.62573504131125e-18,7.56567281904689e-17,-2.16779711745403e-16,-4.69921603575132e-17,1.29270832826703e-16,4.107492323445e-16,-1.66002521763396e-16
"t944",0.0299204074583078,-0.00657253789651523,-0.00701638113415629,0.00028902968498082,0.00131737055275067,0.00228178831158454,0.000501758810758012,4.22247292924003e-06,-0.0165347342925202,0.0461677113894194,-0.00289117616902347,-0.000485327106532067,0.00122863811358936,0.000290173864129961,0.0102754685193904,-0.000315396956222151,-0.000224223877633032,2.85116707108426e-05,0.0137884616740621,-0.00260710665661097,2.91197187198708e-05,-6.80094304574867e-05,0.0108152188996512,3.37010852680033e-05,2.38994727899161e-05,-0.00216196656293292,0.0114168001260626,-0.000117332659272983,0.00200770139512784,-0.0270853283302211,-0.00468111199722488,0.283715249862349,-0.00657263333916832,0.146848951074609,-0.0164240475574098,-0.00459404227441993,-0.000144375830626971,0.000224843236229946,0.0107753342975469,0.00256895506200138,0.00122261601547662,-0.0150072937048059,0.000554239726055413,-0.0667459905936832,0.000101018289524724,-4.28728474546182e-05,8.12042486762029e-06,-0.000122509919170605,0.00726959216894437,-0.012748716453182,9.95784556132268e-05,-9.27466094344374e-05,1.01101867789236e-05,-3.36790043038676e-05,0.000901956647604443,-0.00216492456995787,0.000477492876715255,-0.00321846774749114,0.0387875905164459,-6.07826147614321e-06,-7.45058031961742e-06,0.00040038881262249,-0.000238191627604569,0.000177716933416769,-0.000668697170183106,3.52715088223575e-05,-8.36452001037876e-05,0.000649147962978255,-0.000155699115091157,0.000692104573243791,-5.49532353719713e-06,1.38150806270026e-05,-4.70127436921589e-05,-2.94891107262622e-05,1.23392435122914e-05,4.36418250458323e-06,-0.000104617421753322,1.49022466037597e-05,-0.00174629913286999,-0.000533360035913933,3.02224293507005e-05,0.00231249147561937,-0.00124242167686121,-9.74585032152399e-05,0.000298416501278133,0.000189419297699012,-2.85618958987315e-05,-0.000206497476436935,-9.74596089516967e-07,3.8171097173894e-05,-0.00155530578894586,1.9122693379562e-07,0.000131215565937442,-0.00010898798111417,0.32921403506849,-3.84771892856483e-05,-4.45416446098296e-06,1.78331871780307e-05,-0.00019166871321511,-0.00171779669711074,-9.17038681786054e-05,6.02849902638738e-07,-0.000125602151077115,0.000117432532197832,-5.84798711304699e-05,3.68607679749033e-06,-0.000971426613144877,1.22223260518693e-06,-0.000624832016814548,4.57393123835554e-07,1.5137882033398e-05,2.8941528898735e-05,-8.93660031312379e-06,8.6053365593454e-06,-3.33937462106968e-05,9.46945147202195e-06,-0.000470501743835838,0.000473165438370549,-0.000151049687181637,5.13136010619969e-05,-2.85893439047976e-05,5.37050816483918e-05,-0.000462828037991838,-0.000801845025714465,3.64616956608128e-06,-7.30133981644739e-05,7.55578733181023e-06,-0.000526664704448821,0.000146621661380935,0.00509569263679944,3.73348465568771e-05,-0.000127794580109845,9.84325262602081e-06,0.000168602463434241,-2.60358415130653e-07,0.000170770005552317,-0.000161954301413657,-1.5406111511828e-05,0.000529301839303814,-0.000441607829837375,-0.00037287639375732,-3.21182247556208e-05,0.000277981702432329,1.72024427957263e-05,9.91943826060588e-08,-2.72081442838189e-05,-7.15786645128459e-06,0.000138106312657739,8.86398459893585e-06,-3.69866002565699e-06,-4.593704811718e-06,-0.000108571389934551,-4.03799040817984e-06,0.00290338714402258,-1.94008688141755e-06,-1.5557159572914e-05,0.000954872804524515,-2.0799524339678e-05,-5.00644630081882e-05,-6.74123185278717e-05,-1.54856190946326e-05,2.24526653612723e-06,-7.21055448927041e-05,-2.1602334317463e-05,1.3763061432418e-05,-8.98073401400488e-06,0.000576799913581728,9.82111652676091e-06,0.000487788640136749,9.7085846299374e-06,-1.6976774898817e-05,-2.98798395627902e-06,3.45652348895642e-07,5.2725860257543e-05,2.14309261486257e-06,4.34484334603984e-06,1.89913428337997e-07,-6.88517878541769e-06,-0.00101046510405462,-2.74518848851702e-05,0.000112458443482634,2.96318961929037e-05,-6.09718482710551e-06,-2.3893856348299e-08,-7.13103738809096e-07,-2.33733051805987e-07,-0.00125514413481162,0.000278337957081577,0.00124583171847675,-2.05351134878234e-05,-3.32325235191134e-05,6.01044983182302e-05,5.20613551728594e-05,7.42595625619836e-09,7.18417323838212e-07,-5.592164932243e-05,-8.53112205924887e-05,-1.3474675332374e-06,6.04922008152092e-05,9.59041290109201e-05,2.46228115588104e-05,8.14748943864167e-05,-6.84820179803653e-07,-2.85389463113123e-06,-0.000172664161810167,-1.81541669519982e-05,0.000110036347672191,1.29249326256322e-05,-0.000685496283876156,-1.42971500019301e-07,-0.00272348393675169,-1.70300395111169e-05,-3.57968133450302e-05,-0.000368702235940533,-2.01612737698208e-07,-2.76849350477446e-06,7.78722138408223e-07,4.94150846515463e-07,-5.33560480760457e-05,-5.56800960963042e-05,-2.54247980536137e-05,2.99704778322203e-05,6.58981596095157e-06,2.79240482587973e-05,-8.29881166591329e-05,-4.73612376426868e-06,-0.000448638683779486,-2.52091082635331e-06,-0.000228556247458821,-0.000724057682640925,9.59596329672257e-06,2.00299632509034e-06,0.000245567428179696,2.24325390952463e-05,-5.4327400074415e-06,-2.35589544931266e-07,-0.000104501125914001,-4.97589529057909e-17,-9.97451065018178e-07,1.42860054086775e-05,-2.96959708232966e-06,-7.78216198902413e-06,-0.000106593859259522,1.47572065591286e-06,-2.16711606949793e-05,9.70409442081226e-06,-7.97103615106985e-06,5.26879999296044e-07,-2.5085594615905e-06,0.00103554452438726,-6.82188647202818e-07,7.53566199022945e-05,-0.0002753009723056,3.24249168450153e-07,-2.27485768675606e-08,1.1563669699328e-06,-1.29669269900088e-06,2.07090652472912e-05,0.000264993331772262,-5.63523841918596e-05,3.14594094034101e-05,-0.000266259531174824,0.000791482511247591,-5.53457266850535e-05,0.000322567026504952,-0.000113491040834057,1.48286481319706e-05,0.193493249477459,0.00215007929603448,-0.00052834738370878,-2.57158680731541e-06,0.000164460110387738,-3.33705218146172e-05,9.98267731502553e-06,-1.44082882814891e-05,2.60012526088842e-05,-1.74441608087145e-05,1.1442219757487e-06,-0.000175538423875593,7.18167044016158e-07,-0.00011265258637722,1.37131515420773e-17,0.000237532205981556,9.68738632789904e-06,2.32834375143656e-10,1.77231335663672e-06,-2.32607784505142e-06,1.36773100710774e-06,3.78473277313749e-07,-3.19947821423721e-08,1.39991489590177e-06,-5.26380539235702e-05,-7.59574745286356e-06,1.07059374392449e-07,-5.41474619955483e-05,7.64731788076839e-05,-4.41935964973983e-06,2.2888799281008e-05,-6.40417335375995e-07,-4.32467179261796e-06,-1.70135203135162e-08,-0.00010842389382935,1.5667912272871e-06,-5.96135782110892e-09,1.44017819167249e-06,-1.11071613990824e-07,3.41481495710729e-07,9.87232232828948e-08,4.708352227381e-07,7.53892262954213e-08,-2.81530734963377e-08,-2.71206071152397e-07,3.69001143514605e-08,-2.09040122490101e-07,2.70454695078441e-07,1.09338507369758e-05,-6.66929454465293e-06,-1.28125274347015e-17,3.90202455682453e-08,5.10545798489797e-07,-5.06094592489384e-08,1.21550210273472e-05,3.14927930767118e-08,3.22316379520359e-06,7.65917962089851e-06,-2.41737631857422e-06,1.08383930749993e-05,-9.361645027822e-17,-3.91991389272969e-05,-7.47569262207358e-09,-1.39202986679745e-06,1.37686824639857e-07,2.67162572514513e-06,-7.87432015401328e-07,-0.000120826381403677,3.32481028409707e-05,-9.27884850951851e-07,0.000237741898149272,-2.02150555503165e-07,-1.98908662426271e-05,-2.6940668318925e-08,-3.97634592524325e-09,-2.50221490674772e-05,3.21898614293302e-07,-2.81585493536664e-05,-5.35223678185146e-16,-1.97434772947472e-06,1.60006016980993e-07,4.61278444734047e-09,4.68012677788553e-08,-0.00026529004991855,-0.000174211415123331,1.97169748566099e-06,-7.30080332063688e-06,-4.37427679263559e-06,-6.38142734233055e-16,-3.65072078346217e-05,-3.1118212488795e-07,-5.44072849104007e-05,3.65536517927839e-15,2.94680018202902e-05,3.96231475452354e-06,-6.24178103632548e-07,-0.000117105312041141,-4.3921841067833e-05,-2.60049304069922e-05,-2.15903610319723e-05,4.11943815994827e-05,7.35057756047422e-06,6.21377331163146e-07,0.489208587515802,-8.17738761433121e-05,8.52540662435644e-15,7.40023300014356e-07,-2.29640279007184e-05,-7.17992465186439e-06,0.000117693440158342,-1.35924210756749e-15,3.28019583220665e-07,-3.22492824111897e-08,1.04831578464377e-05,3.39265104822747e-08,4.44948009082564e-06,-6.83905663721926e-08,3.53003729042096e-07,3.63327765909951e-06,-1.60849130673923e-15,3.81746430258476e-05,-2.06767522056752e-07,8.9817742038313e-07,0.0025147065055119,2.0906899537139e-06,1.37465329552755e-07,-3.76434994286967e-16,1.89089482370444e-16,5.20370681532556e-09,-1.94700743602228e-08,2.90347738444577e-09,-2.25968503836049e-06,1.83727754100931e-15,-1.6039950078673e-06,-2.087366007324e-08,-1.41172625139302e-16,1.67539247065202e-16,5.08571358543582e-17,5.38444384574207e-06,3.45638384727232e-07,-4.00049359582633e-07,1.26557998345531e-05,1.80491828507027e-06,3.46976164432586e-07,-1.51159557804431e-07,-6.10622573508678e-17,-3.52636570872607e-08,1.00963380761411e-07,-4.16373244454106e-16,3.88343398979977e-17,-6.75941031489201e-08,-1.71724069101736e-09,-4.1312434355129e-08,4.02759135554964e-05,4.1585154413245e-08,-7.25719548434236e-07,-4.25482438380556e-16,-5.90704869364347e-07,1.86131262726971e-17,-8.43294319611736e-06,-1.14545959523094e-16,-4.77183498567072e-08,8.56866220463007e-17,1.97783903785607e-07,5.21745274691971e-08,1.02849335120088e-06,3.27623507964576e-06,1.44966039046706e-07,-1.67844682858104e-08,1.07112617252618e-07,3.89676188293439e-08,8.48481478645468e-06,6.54300453478724e-07,3.84014232383761e-08,-1.09107043968904e-07,-8.71688097499592e-06,-7.10882103087822e-07,-5.29330859774815e-08,1.49593482427999e-16,4.99555981966501e-07,-8.67504162238099e-08,4.57334668677065e-08,2.60491139439348e-16,3.71847354715581e-07,2.45434919923393e-06,7.88224311451955e-07,-2.87443867324848e-16,-1.91313410775047e-07,-4.71977104819583e-06,4.55527476583573e-16,-1.355435123844e-07,3.07530726705187e-07,-3.06702989958092e-16,-1.12030716266193e-16,-1.13659281618674e-08,-2.80513310541866e-06,-1.60224228777448e-08,-2.22942043054313e-05,1.44168684125576e-06,3.80235742132943e-08,1.69027977611031e-06,3.42161608851792e-07,-8.6162352809242e-06,8.55923405068681e-16,1.59388607909962e-09,5.06773007997781e-08,1.39947449044757e-07,1.31139936122928e-05,-3.13887401999044e-16,-1.25478336850636e-16,1.64884910085225e-05,-1.52396498871255e-16,-3.79236392329497e-16,4.50026638877255e-07,-6.63465010647589e-07,-1.24220181402171e-07,-3.04540368308271e-07,3.19655908380855e-06,8.35139561430621e-07,4.07023993020567e-06,3.85075283212046e-17,2.47588727857235e-06,1.1579261626174e-07,5.31582970040082e-07,-1.16741163435882e-07,4.63168067329229e-07,1.75732947602521e-16,9.85517309921385e-17,6.67730132292125e-17,-1.87109890887508e-06,-1.96377474629835e-08,-1.27330520479067e-06,-2.24076240873048e-16,-1.50965829835601e-08,-5.41256640161392e-16,-7.01260540138669e-17,2.49967527556873e-06,-6.25953617489968e-07,2.19659360145563e-16,-5.17961233818257e-06,-6.99568808978291e-08,4.36687534461715e-16,1.58688211321973e-07,6.45300792745732e-16,2.57565829088275e-06,-1.16709861280231e-16,2.56976737798564e-06,4.86411263182795e-07,1.76173097051832e-08,7.58855680439703e-07,5.21363836427659e-06,-5.71286306762361e-08,1.76200631478185e-06,2.17793721379824e-16,1.04763122774575e-06,-5.91670766761938e-08,-7.36931635340359e-17,-7.80117437127244e-09,-1.59208690675673e-07,3.70383459062155e-08,-2.49687210930677e-17,1.193154326886e-07,1.5794027203633e-07,7.13135256785104e-17,-4.3871950066056e-06,-3.33180736068911e-06,-4.55749922153413e-09,-6.4643934964973e-17,-2.93568513040434e-16,8.18673415047378e-08,1.14521875183423e-06,9.26867344295829e-08,-3.29723032323051e-08,6.84806555213795e-07,5.23204738733036e-16,-3.4980087747532e-16,2.50212669029614e-06,6.54282483915611e-08,4.61463012455893e-16,6.05585091770572e-06,1.06921540087102e-16,6.89141814863417e-08,-4.40709549339016e-06,-6.79159223386778e-07,-4.50557897727924e-06,-6.89335290094895e-16,-7.19591235533895e-17,4.0150581823864e-16,-2.33833931213989e-16,-7.99551813144535e-09,-2.77452435008662e-08,-4.24076358710383e-16,-8.85342090799149e-18,-6.77367290727183e-16,3.9109964781602e-08,3.51687932117838e-10,-1.93976111491882e-08,-3.71737502092263e-16,-6.24229400808529e-16,5.94332525902241e-16,-8.36904195166657e-07,2.56144255480432e-08,9.42536235240422e-17,4.50404670919734e-09,-1.1792885838847e-07,2.49794387270799e-16,-2.2437490035521e-16,-3.70745244268925e-06,-8.36247782094574e-10,-1.83885306215266e-06,-1.65295496290727e-16,4.56697811230103e-08,7.37818801018654e-07,7.92836338829002e-07,-1.12229984047798e-05,-1.759508206338e-07,2.86781533931614e-09,5.40014964466254e-17,1.87314361331799e-16,6.37608418651258e-16,5.48460303097088e-08,-4.96629262243941e-08,-8.48841814947772e-07,-1.479257144492e-08,1.50701124551594e-16,2.46267215583477e-16,-3.22601824541856e-16,7.40651122406166e-16,-8.23494264801802e-17,7.08744287969222e-08,-1.46455463214576e-15,-1.50503179383463e-16,-5.20108679165744e-07,-1.19858230047979e-15,-4.65617504611262e-07,-1.3148511502307e-16,-5.773271310049e-07,-1.8725703537679e-16,-7.00767243838043e-07,-8.77483826173656e-08,-1.77101003712467e-07,-1.08897289601516e-16,2.82207930579697e-06,3.94621802255644e-17,9.81848478451587e-07,-1.56650010500675e-07,8.67032417956412e-10,-1.13922695188195e-15,4.78042735271049e-06,6.86094369981586e-16,-3.44782423104125e-07,-1.76021417040164e-07,3.59567104479448e-15,-2.24607228977083e-15,-2.49971609140671e-16,8.96897810088381e-16,-1.01045384638631e-07,-3.48340929923011e-07,-7.78184172109493e-08,1.59263376558768e-15,-2.70880476191236e-15,-1.82605103647959e-08,1.48971140967935e-07,-5.70520459640614e-16,-8.89402871961088e-16,-2.97801229701725e-07,-2.81103780221651e-15,-2.52731266393248e-06,-4.26204061027892e-15,5.29776591292539e-07,2.45355489253388e-15,-3.86270609411879e-15,-2.23928827759536e-15,1.9048798685219e-15,8.83479546351998e-15,-6.31598625542341e-15,1.02173216885004e-08,-7.14593773301533e-08,-7.55492934308058e-16,-4.75011719556517e-08,1.99673441452746e-06,-1.61653053039133e-14,-1.69554181092677e-14,-0.707106781189119,-8.67579584822482e-13,8.05130316697223e-07,1.28820472702789e-07,1.18921237239643e-13,2.33731918103329e-14,-3.58674820383334e-07,-1.15863185155594e-07,-1.75457108940646e-09,1.0868796083252e-14,8.65381429694799e-15,-5.72069509928962e-15,7.88665337242972e-16,2.72411578881711e-15,-5.82031272926239e-15,3.09691834118538e-06,-2.44855924777744e-06,-5.63630535449719e-07,-4.78397594002235e-16,5.81272816378519e-15,-5.69709469331458e-16,-1.02924297943006e-15,6.58192705324585e-17,1.49996500688894e-16,-3.15813623659492e-16,-1.10625936732799e-15,3.27059095024868e-17,-8.47443730997105e-16,3.49318043087615e-15,-8.75826730480945e-16,-2.06573861400715e-15,-3.19632793745801e-16,6.90825302219328e-09,-7.90611811260924e-16,3.53738768812174e-17,-1.20925058196802e-15,9.78617571787155e-08,-5.30315557354956e-08,2.86898920338284e-15,-2.52637756386051e-09,8.95412300253444e-08,-5.74470673493469e-16,1.11079945846708e-15,-1.72854472451513e-07,-1.59685746977191e-16,2.21016712178746e-09,-1.94465798756873e-15,5.27776781037896e-17,-6.96692786593289e-16,-3.75518308380996e-16,9.73926084892205e-08,-2.97656006206908e-07,4.7612989168445e-16,4.44370083555914e-16,-5.17932244227632e-16,-4.08375062915927e-16,7.31294365341473e-17,-4.49487933449681e-16,1.19410481594424e-16,-1.73532681637714e-16,3.60871863196704e-09,6.26798243274399e-17,3.94487275563971e-16,8.17321133966348e-16,-8.51735647899247e-16,8.18572754668168e-16,2.87914968288939e-16,-7.85945656515056e-07,-3.06278376203572e-16,-9.27749379518738e-16,5.31851436482396e-08,9.14943582750586e-17,6.6457070363341e-16,1.2845843395364e-16,1.34458986219345e-16,4.457746132594e-08,3.80773155067807e-16,-1.47774488427761e-06,6.83547419125248e-16,-6.94169109011629e-16,-9.9597267803573e-17,-3.68562458316949e-16,7.29380589059023e-16,5.65630075262143e-17,2.02424516587455e-07,8.36414233821264e-16,-2.96819847266427e-16,8.29284272039736e-09,-0.000452980183741313,-3.15732069430877e-16,1.12817914121179e-06,6.74863307199847e-07,8.31872627869519e-16,-1.07551953331099e-15,8.1751070104386e-17,-1.28825021364118e-16,1.43950476452605e-17,-1.14565056139231e-06,-1.24993546784633e-16,3.51984026758416e-16,-2.23667240793605e-16,4.59125962650428e-07,4.61965978916476e-16,-6.00736898780833e-16,4.20669618130536e-16,7.24661588333989e-16,-2.09426499686566e-07,-2.12062075036512e-16,1.40792452461598e-09,-1.61821022856213e-17,-1.9107467738188e-16,-1.4297378512465e-16,1.04341185659053e-15,2.15332429785115e-17,-3.3454900731688e-16,-1.54064354845042e-16,-2.44751093060521e-08,4.85518946231677e-17,-1.52591301386014e-16,1.02943185693247e-08,-1.0518988796725e-16,1.75825031259692e-16,3.53508801404115e-16,2.5340800149712e-16,4.52307433643595e-16,-6.27931309968591e-16,-7.47320943733196e-08,3.18797162492076e-16,-1.23496696870841e-15,2.22667668182073e-08,-3.27264525576406e-16,8.80769728939466e-18,-2.36033464480932e-16,-5.14634325850134e-16,-1.06821077608974e-16,5.76828053870601e-17,-2.69826264242423e-16,3.72026805451299e-17,7.77627242594249e-17,-6.25717636834659e-16,5.66537428934294e-16,-1.17080483792236e-08,3.88347640734559e-08,-2.49627219749302e-17,-3.75381165316594e-16,-7.41776902237516e-18,1.84202965134591e-16,-1.58401937400132e-16,1.26010445911585e-16,-1.4255798684603e-16,4.56963151571168e-16,-3.70668379897639e-08,1.2213282622422e-16,-5.32874201210177e-16,-2.93849698604695e-16,-8.12824012974144e-16,4.32023687831482e-09,-9.19664928229314e-17,-6.85994744792123e-10,-2.50821056418773e-16,-2.23219488093112e-17,-2.20564888845951e-16,-2.65040929027819e-16,1.6144538559795e-16,2.01598000401305e-17,7.30127638156464e-17,-5.11857482134683e-17,-5.44208825774533e-18,-1.10839689392548e-17,-4.01014308573489e-16,-9.61673287736327e-17,-3.32272153208788e-16,1.43455770704271e-16,-3.37440966103507e-17,-7.80210134274532e-17,1.54162487067378e-16,1.45098683464698e-16,1.30420619476103e-16,-3.42776757708218e-16,1.76779164223761e-16,-1.79136982618246e-16,-1.0595479303439e-17,1.9232750550685e-16,-1.14483054990948e-16,1.46401418837937e-08,-3.21318746914325e-16,-5.77024860236362e-16,3.10994808653596e-17,-3.14966950687268e-17,4.81854616513428e-17,1.37521871449123e-16,-1.80464598065527e-16,1.65674388644996e-16,-1.24988256842671e-16,-4.33312535277993e-17,-1.29020058525775e-16,-5.85842940779978e-17,-1.04063638167179e-16,1.37895378377641e-17,3.01636069142828e-17,-1.53273439026941e-16,-1.42729589170377e-16,-1.88958910922845e-07,-7.89442786321308e-17,-1.78101169988099e-16,-2.22490465960134e-16,-8.13872203194708e-17,-1.19852988374993e-16,3.61585209546152e-18,-1.21746446227417e-16,9.32129274239527e-17,-1.23955785749982e-16,9.89698504817721e-09,-1.72910601264341e-16,-5.38260263545264e-17,-3.58890819173463e-16,6.02101685166158e-16,3.73678244884319e-16,-4.15946034352889e-17,-2.43510745817587e-16,1.84287532133868e-16,-1.6651138968806e-16,2.08547268404208e-17,2.52761799131904e-16,-1.19368493150409e-16,6.84383884048068e-17,2.03159575341263e-07,-6.86053314166353e-17,-8.35413772144402e-18,2.9460305862371e-18,-1.36392633298676e-16,-1.37559222892697e-08,4.14846252423109e-17,-3.30718361487678e-17,1.25936011785903e-16,6.57351870253998e-17,-4.83362718993982e-17,-1.68771637163316e-16,2.06618551272684e-16,3.71735747479846e-17,-2.92103795431554e-17,1.8322313172952e-16,1.13445264934887e-17,3.33723570858035e-17,-7.13918828108225e-17,-9.20620820592306e-18,6.66249425235591e-17,1.53983192480145e-16,-2.3226834366846e-16
"t410",0.0299204074583081,-0.0065725378965154,-0.00701638113415646,0.000289029684980835,0.00131737055275072,0.00228178831158466,0.000501758810758034,4.22247292924568e-06,-0.0165347342925213,0.0461677113894228,-0.00289117616902374,-0.000485327106532124,0.00122863811358952,0.00029017386413,0.0102754685193918,-0.000315396956222196,-0.000224223877633065,2.85116707108512e-05,0.013788461674064,-0.00260710665661136,2.91197187198705e-05,-6.80094304575149e-05,0.0108152188996534,3.37010852679929e-05,2.38994727899526e-05,-0.00216196656293341,0.0114168001260651,-0.000117332659273039,0.00200770139512832,-0.0270853283302286,-0.00468111199722629,0.283715249862436,-0.00657263333917049,0.146848951074659,-0.0164240475574156,-0.00459404227442176,-0.000144375830627081,0.000224843236230047,0.0107753342975513,0.00256895506200246,0.00122261601547701,-0.0150072937048124,0.000554239726055557,-0.0667459905937125,0.000101018289524812,-4.28728474546576e-05,8.1204248676026e-06,-0.000122509919170613,0.00726959216894797,-0.0127487164531884,9.9578455613283e-05,-9.27466094344828e-05,1.01101867789542e-05,-3.36790043038953e-05,0.000901956647604947,-0.00216492456995907,0.000477492876715533,-0.00321846774749327,0.0387875905164705,-6.07826147614739e-06,-7.45058031961569e-06,0.000400388812622796,-0.000238191627604639,0.000177716933416865,-0.000668697170183623,3.5271508822263e-05,-8.3645200103844e-05,0.000649147962978762,-0.000155699115091243,0.000692104573244397,-5.49532353722822e-06,1.38150806270148e-05,-4.7012743692196e-05,-2.9489110726298e-05,1.23392435122974e-05,4.36418250456142e-06,-0.000104617421753422,1.49022466037675e-05,-0.00174629913287192,-0.000533360035914524,3.02224293507667e-05,0.002312491475622,-0.00124242167686266,-9.74585032153858e-05,0.00029841650127852,0.000189419297699265,-2.85618958987721e-05,-0.000206497476437232,-9.74596089527888e-07,3.81710971739061e-05,-0.00155530578894778,1.91226933761793e-07,0.000131215565937614,-0.000108987981114306,0.32921403506896,-3.84771892856351e-05,-4.45416446076575e-06,1.78331871780436e-05,-0.000191668713215365,-0.00171779669711334,-9.17038681787738e-05,6.02849902660654e-07,-0.000125602151077272,0.000117432532198071,-5.84798711305561e-05,3.6860767974745e-06,-0.000971426613146485,1.22223260520019e-06,-0.00062483201681558,4.57393123828127e-07,1.51378820334224e-05,2.89415288988036e-05,-8.93660031308363e-06,8.60533655937535e-06,-3.3393746210796e-05,9.46945147200289e-06,-0.000470501743836585,0.00047316543837145,-0.000151049687181936,5.13136010621017e-05,-2.85893439048237e-05,5.37050816485131e-05,-0.000462828037992747,-0.000801845025716059,3.64616956614349e-06,-7.3013398164562e-05,7.55578733175818e-06,-0.000526664704449854,0.000146621661381235,0.00509569263680992,3.73348465569856e-05,-0.000127794580110096,9.84325262600401e-06,0.000168602463434596,-2.60358415329297e-07,0.000170770005552689,-0.000161954301414025,-1.54061115118525e-05,0.000529301839304994,-0.000441607829838347,-0.000372876393758157,-3.21182247556901e-05,0.000277981702432968,1.72024427957706e-05,9.91943826634402e-08,-2.72081442838147e-05,-7.15786645132376e-06,0.000138106312658048,8.86398459899862e-06,-3.69866002565754e-06,-4.59370481172971e-06,-0.000108571389934841,-4.03799040823236e-06,0.00290338714402979,-1.94008688144307e-06,-1.55571595729428e-05,0.000954872804526865,-2.07995243397628e-05,-5.00644630083489e-05,-6.74123185280428e-05,-1.54856190946246e-05,2.24526653613225e-06,-7.21055448929369e-05,-2.16023343175041e-05,1.37630614324394e-05,-8.98073401404511e-06,0.000576799913583444,9.82111652674714e-06,0.000487788640138206,9.70858462992836e-06,-1.69767748988608e-05,-2.98798395626327e-06,3.4565234876201e-07,5.27258602577065e-05,2.14309261487032e-06,4.34484334604632e-06,1.89913428333437e-07,-6.88517878548927e-06,-0.00101046510405785,-2.74518848853151e-05,0.000112458443482966,2.96318961930528e-05,-6.09718482712127e-06,-2.3893856341119e-08,-7.13103738791537e-07,-2.33733051819022e-07,-0.00125514413481568,0.000278337957082497,0.00124583171848093,-2.05351134880082e-05,-3.32325235192431e-05,6.01044983184505e-05,5.20613551730666e-05,7.42595622922387e-09,7.18417323825795e-07,-5.59216493226505e-05,-8.53112205927548e-05,-1.34746753335301e-06,6.0492200815442e-05,9.59041290113587e-05,2.46228115588798e-05,8.14748943866874e-05,-6.84820179834627e-07,-2.85389463115378e-06,-0.000172664161810847,-1.81541669521173e-05,0.00011003634767256,1.29249326254891e-05,-0.000685496283878954,-1.4297150004493e-07,-0.00272348393676319,-1.70300395110559e-05,-3.57968133451162e-05,-0.000368702235942068,-2.01612737649194e-07,-2.76849350462506e-06,7.78722138456474e-07,4.94150846531957e-07,-5.33560480762968e-05,-5.56800960965423e-05,-2.54247980537762e-05,2.99704778323473e-05,6.58981596101061e-06,2.79240482588778e-05,-8.29881166595653e-05,-4.73612376416282e-06,-0.000448638683781541,-2.52091082638934e-06,-0.00022855624745988,-0.000724057682644551,9.59596329669745e-06,2.00299632514167e-06,0.000245567428180927,2.24325390953373e-05,-5.43274000748291e-06,-2.35589544920661e-07,-0.000104501125914587,3.85872190065992e-17,-9.97451064991789e-07,1.42860054087911e-05,-2.96959708237118e-06,-7.78216198919724e-06,-0.000106593859260127,1.47572065605732e-06,-2.16711606951134e-05,9.70409442071033e-06,-7.97103615106901e-06,5.26879999306169e-07,-2.5085594615946e-06,0.00103554452439274,-6.82188647240661e-07,7.53566199027053e-05,-0.000275300972307162,3.24249168829386e-07,-2.27485767234159e-08,1.1563669700056e-06,-1.29669269904109e-06,2.07090652473158e-05,0.000264993331773908,-5.63523841921866e-05,3.14594094035624e-05,-0.00026625953117665,0.000791482511252654,-5.53457266853907e-05,0.000322567026506988,-0.000113491040834785,1.48286481319542e-05,0.193493249478725,0.00215007929604846,-0.000528347383712221,-2.57158680727598e-06,0.00016446011038902,-3.33705218148519e-05,9.98267731496639e-06,-1.44082882816968e-05,2.60012526091111e-05,-1.74441608087123e-05,1.14422197566655e-06,-0.000175538423876806,7.18167044103839e-07,-0.000112652586378154,-2.29636257944746e-16,0.000237532205983286,9.68738632782019e-06,2.32834248603847e-10,1.77231335671795e-06,-2.32607784524128e-06,1.3677310070421e-06,3.78473277402039e-07,-3.19947821368645e-08,1.39991489580092e-06,-5.2638053923948e-05,-7.5957474529795e-06,1.0705937383237e-07,-5.41474619961629e-05,7.64731788081872e-05,-4.4193596496716e-06,2.28887992811307e-05,-6.40417335338048e-07,-4.32467179254073e-06,-1.70135203165892e-08,-0.000108423893830266,1.56679122727506e-06,-5.961357898176e-09,1.44017819161957e-06,-1.1107161409053e-07,3.41481495655067e-07,9.87232233717376e-08,4.70835222771744e-07,7.53892262105975e-08,-2.81530735616999e-08,-2.71206071166802e-07,3.69001144703064e-08,-2.09040122497899e-07,2.70454694842762e-07,1.09338507371955e-05,-6.66929454473609e-06,1.24297934631287e-16,3.90202454416171e-08,5.10545798464569e-07,-5.06094592412406e-08,1.2155021027577e-05,3.14927928406256e-08,3.22316379535038e-06,7.65917962098847e-06,-2.41737631853005e-06,1.08383930752176e-05,-1.07819650876918e-16,-3.91991389276485e-05,-7.47569263109231e-09,-1.39202986690002e-06,1.37686824641745e-07,2.67162572525002e-06,-7.87432015302963e-07,-0.000120826381404946,3.32481028413247e-05,-9.27884851000876e-07,0.000237741898152116,-2.02150555660311e-07,-1.98908662429349e-05,-2.69406684044187e-08,-3.97634602943508e-09,-2.50221490675475e-05,3.21898614382663e-07,-2.81585493541397e-05,-3.34076766186071e-16,-1.97434772939745e-06,1.60006016751359e-07,4.61278449016952e-09,4.68012675013306e-08,-0.000265290049921892,-0.000174211415125412,1.97169748556001e-06,-7.30080332054093e-06,-4.37427679299818e-06,-8.56575250623439e-16,-3.65072078349094e-05,-3.11182125116644e-07,-5.44072849108409e-05,3.73925690996868e-15,2.9468001820629e-05,3.96231475448395e-06,-6.24178103750912e-07,-0.000117105312042487,-4.39218410681966e-05,-2.60049304073521e-05,-2.15903610323625e-05,4.11943816004765e-05,7.35057756044392e-06,6.21377331212331e-07,0.489208587522344,-8.17738761442585e-05,8.42316131279759e-15,7.40023299675974e-07,-2.29640279007984e-05,-7.17992465209805e-06,0.000117693440159944,-1.44907228666827e-15,3.28019583181101e-07,-3.22492823168642e-08,1.04831578465048e-05,3.39265105637863e-08,4.44948009090083e-06,-6.8390566480467e-08,3.53003729153119e-07,3.63327765902295e-06,-1.63907474016335e-15,3.81746430272017e-05,-2.06767521594665e-07,8.98177420494486e-07,0.00251470650555229,2.09068995353915e-06,1.37465329823681e-07,-7.19910242530375e-16,1.73615902864059e-16,5.20370662018305e-09,-1.94700741929101e-08,2.90347577512463e-09,-2.25968503847447e-06,1.5403741217997e-15,-1.60399500816083e-06,-2.08736598671286e-08,-2.15851370781089e-17,-1.92572354247205e-17,1.44251920892463e-16,5.38444384598278e-06,3.45638384648077e-07,-4.00049359504207e-07,1.26557998346626e-05,1.80491828505203e-06,3.46976164455267e-07,-1.5115955783264e-07,-2.39164086658499e-16,-3.52636570317347e-08,1.00963380728395e-07,-4.51392546108765e-16,2.34890974436695e-16,-6.75941030403709e-08,-1.71724037945308e-09,-4.13124344586158e-08,4.02759135565578e-05,4.1585154655447e-08,-7.25719548361486e-07,-6.09820524625488e-16,-5.90704868661788e-07,-2.08905053176993e-16,-8.43294319621676e-06,-6.79252661062169e-16,-4.77183499316271e-08,2.05065599849677e-16,1.97783903794007e-07,5.21745276224115e-08,1.02849335146806e-06,3.27623507983083e-06,1.44966038840802e-07,-1.67844681123736e-08,1.07112616940493e-07,3.89676185229107e-08,8.48481478731016e-06,6.54300452874029e-07,3.8401422650873e-08,-1.09107044021151e-07,-8.71688097581823e-06,-7.10882103759473e-07,-5.29330870982598e-08,1.25031458236678e-16,4.99555981869213e-07,-8.67504162174158e-08,4.57334669857997e-08,3.20516526472139e-17,3.71847354817938e-07,2.45434919883728e-06,7.88224311368886e-07,-4.31591550580093e-16,-1.91313410925404e-07,-4.71977104811141e-06,-4.36658617184173e-16,-1.35543512160442e-07,3.07530727054205e-07,2.01817918072497e-16,4.50886752471713e-16,-1.13659279096805e-08,-2.80513310577842e-06,-1.60224230926902e-08,-2.2294204306195e-05,1.44168684172506e-06,3.80235740711006e-08,1.69027977622493e-06,3.42161608673717e-07,-8.61623528110312e-06,7.27391237520525e-16,1.59388601844191e-09,5.06773003788443e-08,1.39947449146319e-07,1.31139936126545e-05,-6.93020038167987e-17,-7.17291662081916e-17,1.64884910092562e-05,1.36988560212076e-16,5.7491375854285e-17,4.5002663869842e-07,-6.63465011057782e-07,-1.24220181303374e-07,-3.04540367787119e-07,3.19655908380982e-06,8.35139561064755e-07,4.07023993037728e-06,-1.4725089335317e-16,2.47588727848112e-06,1.15792616162872e-07,5.31582970257271e-07,-1.16741163841269e-07,4.63168067564712e-07,5.57664346295585e-17,-2.11971508450559e-16,7.41743058288085e-16,-1.87109890875077e-06,-1.96377476295621e-08,-1.27330520490173e-06,-3.39652598402773e-16,-1.50965834102049e-08,-2.25091428203371e-16,8.27378056558062e-17,2.49967527588608e-06,-6.2595361792238e-07,-1.22298005056365e-16,-5.17961233848524e-06,-6.99568810424259e-08,-5.02782965358858e-16,1.58688211835776e-07,-4.11654619191127e-16,2.57565829056821e-06,4.04360430731009e-16,2.56976737785511e-06,4.86411262962473e-07,1.76173098720394e-08,7.58855680540111e-07,5.21363836471038e-06,-5.71286313798833e-08,1.76200631446731e-06,-2.31855925054514e-16,1.04763122747061e-06,-5.91670767948958e-08,8.55206471683328e-17,-7.80117583639076e-09,-1.59208690521058e-07,3.7038346120656e-08,5.32733802640859e-16,1.19315433283497e-07,1.57940271296255e-07,-5.41110691696725e-17,-4.3871950084874e-06,-3.33180736075666e-06,-4.55749941521787e-09,3.01661877025015e-16,1.5780610299957e-16,8.18673414521026e-08,1.14521875165392e-06,9.2686735344026e-08,-3.29723030599872e-08,6.84806555564199e-07,2.28364981209205e-15,4.89145305318055e-17,2.50212669077596e-06,6.54282484491947e-08,-3.13522878616195e-16,6.05585091909063e-06,-1.37418898408599e-16,6.8914181456517e-08,-4.40709549376065e-06,-6.79159223163753e-07,-4.50557897828977e-06,2.89525848648107e-16,1.07731427917019e-16,-2.34620364931719e-17,3.86321339186151e-16,-7.99551837862441e-09,-2.77452440319572e-08,8.2199951498825e-16,-2.71935399983638e-16,4.16607469007444e-16,3.91099651757433e-08,3.5168777639727e-10,-1.93976106964077e-08,3.80733766439181e-16,2.15227683765529e-16,-1.41141438814163e-15,-8.36904196063196e-07,2.56144249014861e-08,1.15102254594653e-16,4.50404653521687e-09,-1.17928858824004e-07,-1.87298331405544e-16,2.38597881263841e-16,-3.70745244458618e-06,-8.36247358434499e-10,-1.83885306323608e-06,1.48977715958392e-17,4.56697814704151e-08,7.37818800966353e-07,7.92836338431979e-07,-1.12229984056714e-05,-1.75950820383129e-07,2.86781609419168e-09,-4.32751071467933e-16,-1.42852203716291e-16,-1.54432895751816e-16,5.48460306200941e-08,-4.96629268939163e-08,-8.48841814899098e-07,-1.47925735827645e-08,-8.08615366621944e-17,-3.45722032552758e-16,4.13245884076205e-16,-7.61260968925428e-16,8.68403268502053e-17,7.0874428109266e-08,1.10943327452538e-15,3.57874608623812e-16,-5.2010867846906e-07,1.13658480251552e-15,-4.65617504417658e-07,2.27048503474294e-16,-5.77327131492506e-07,9.63804074003461e-17,-7.00767243974576e-07,-8.77483824020777e-08,-1.77101005242311e-07,2.27281521975903e-16,2.82207930758005e-06,-7.1663731988779e-17,9.81848477653378e-07,-1.56650010274536e-07,8.67031171420072e-10,1.18481446743005e-15,4.78042735599746e-06,-9.05118743464018e-16,-3.44782424677556e-07,-1.76021415776177e-07,-3.51536887386235e-15,2.31289656469937e-15,7.91793311074192e-17,-9.80291508769511e-16,-1.01045385244369e-07,-3.48340926765976e-07,-7.7818416788831e-08,-1.7034210340335e-15,2.76789431449802e-15,-1.82605099135934e-08,1.48971146233254e-07,6.77287526910213e-16,8.36559012459706e-16,-2.97801228583095e-07,2.85029731644349e-15,-2.52731265811761e-06,4.34027014150989e-15,5.29776593162633e-07,-2.27234139946594e-15,3.10566283209317e-15,2.27515711557835e-15,-1.58911258579193e-15,-8.91300862499274e-15,6.02030323234184e-15,1.02173111469694e-08,-7.14593641919568e-08,6.70538577969102e-16,-4.75011771707054e-08,1.99673442861347e-06,1.60787887486869e-14,1.73715919446472e-14,0.707106781183975,8.67802422685476e-13,8.05130479792689e-07,1.28820441295701e-07,-1.17756841899392e-13,-2.3308024402598e-14,-3.58674817839393e-07,-1.15863194124515e-07,-1.75457376324042e-09,-1.0822036054626e-14,-8.66838018655045e-15,5.78596771640695e-15,-1.02361446410629e-15,-2.46802509227762e-15,5.75831724125583e-15,3.09691832576524e-06,-2.44855926519169e-06,-5.63630538482333e-07,5.04546328627398e-16,-5.91718783724028e-15,5.77530374205819e-16,9.58201410163631e-16,-4.38526434941906e-17,-2.35300687062463e-17,3.42743019174676e-16,1.21838049607174e-15,-1.75265218140731e-17,9.40027887463218e-16,-3.45924268534852e-15,5.52283310556235e-16,1.99307625918835e-15,2.73108462398695e-16,6.90825067805136e-09,8.39798942269507e-16,-2.00548515024041e-16,1.45946659094662e-15,9.78617589097301e-08,-5.3031556438442e-08,-2.82609842973948e-15,-2.52637667114613e-09,8.95412303354359e-08,5.44513454179478e-16,3.15441144431296e-15,-1.72854473939238e-07,1.96410873611026e-16,2.21016348241935e-09,1.71015316508017e-15,-9.74130470697906e-17,6.73337254796836e-16,6.96559550252517e-18,9.7392606036377e-08,-2.97656006278343e-07,-4.3522335430424e-16,-4.12531624911946e-16,5.4227878076736e-16,4.36550467366587e-16,-2.23887748618257e-16,4.72808934114937e-16,1.81548277483563e-16,3.04825981940082e-16,3.60871950190501e-09,-6.82805145069332e-17,-3.22639677306825e-16,-9.43800020110468e-16,8.21569466031416e-16,-9.60783210124897e-16,-1.22210337958406e-16,-7.85945656731618e-07,2.67759266061363e-16,8.87715382126839e-16,5.31851437897848e-08,5.61554951019187e-17,-5.47857220148606e-16,-5.62720848121126e-17,-2.26359557956605e-16,4.45774613819776e-08,-3.67821341287346e-16,-1.47774488357603e-06,-7.81447923398027e-16,4.8199680783997e-16,-4.43503828591071e-17,2.90098196522757e-17,-6.74718524925222e-16,-2.50049359738019e-16,2.02424516553544e-07,-1.28176547177493e-15,5.11643133183298e-16,8.29284685810662e-09,-0.000452980183695938,3.54729977748773e-16,1.128179140889e-06,6.74863306849987e-07,-9.17970961300664e-16,1.20358184874524e-15,9.904492344374e-17,4.35740736900166e-17,-1.0077546869039e-16,-1.14565056151495e-06,1.10493978375245e-16,-5.89644713012323e-16,1.36861125058462e-16,4.59125962461943e-07,-3.98186263821737e-16,5.9609758239368e-16,-2.77003511816737e-16,-7.01451374951355e-16,-2.09426499970153e-07,2.60491131735671e-16,1.40792475378272e-09,-1.95375385867353e-17,2.76297774471604e-16,3.59478131150433e-16,-6.8998504176656e-16,-1.33166516915162e-16,3.05956582698589e-16,1.65446750186127e-16,-2.4475109621695e-08,5.78865099066019e-17,1.73922592095393e-16,1.0294318880392e-08,3.09210578361571e-16,-2.93586642242047e-16,-3.66040146301533e-16,-2.31762295386128e-16,-4.76303771790423e-16,5.62595790802432e-16,-7.47320944458078e-08,-2.87161441959861e-16,6.52087738611134e-16,2.22667672343997e-08,-1.39155503131073e-16,-1.33479976368273e-16,9.07004748486169e-17,4.13797954029601e-16,-7.47926497734365e-17,2.98192941347033e-17,2.6524402671225e-16,-2.50334795435258e-16,2.72288044969106e-18,7.46395768108394e-16,-5.71864535037473e-16,-1.17080482439718e-08,3.88347635144186e-08,1.24522636002935e-16,3.14507360523179e-16,9.56711744848606e-17,-2.39215767925823e-16,3.08997619158369e-16,2.13492682891041e-16,2.13977098646215e-16,-5.89800702935765e-16,-3.70668380099529e-08,1.77181143219026e-16,4.79801696097499e-16,1.75601156240827e-16,5.68217394871824e-16,4.32023680007777e-09,1.62155664645307e-16,-6.85994743299066e-10,1.22985884036508e-16,1.77044836693522e-17,1.11077497666721e-17,2.86898071800399e-16,-1.83927223306955e-16,1.54229096624807e-16,-8.87146002501673e-17,-1.15273038368282e-16,6.74889738304295e-17,-3.16137990153487e-17,1.77705625459742e-16,8.32466481624955e-17,-2.78211623526565e-17,-2.85569188750389e-16,-5.54297136350162e-17,2.29061220288806e-16,-2.27497252318958e-16,-9.12139869413453e-17,-2.19632227477952e-16,2.19157514359536e-16,1.83934898562166e-16,1.78109178240042e-16,-2.90055365525155e-16,-2.88144370786212e-16,2.28745614366316e-16,1.46401418814346e-08,2.1451534329368e-16,3.80989731898982e-16,-2.84832363457781e-17,-9.66495628770746e-17,9.13943805513023e-17,-7.48264413215484e-17,1.86946106997847e-16,-3.99455409634202e-17,9.45302022355874e-17,-3.14412784989644e-17,-1.40729441988618e-16,6.25560224951452e-17,4.32619198904108e-17,-1.43287197751321e-16,-9.68087211888564e-18,2.18738498361354e-16,1.23761110063474e-16,-1.88958910357657e-07,4.06689617141246e-17,-5.85161616219999e-17,8.02773142731279e-17,6.21645193002e-17,2.60772491462723e-17,1.79948279682324e-17,-7.49736721306345e-17,-2.06388658407629e-16,4.44315376490975e-17,9.89698508710768e-09,1.59495620424354e-16,3.38363528084778e-17,8.53643200756984e-17,-5.42987970645719e-16,-1.61118785972176e-16,-5.58047073012746e-18,-1.87205930025687e-16,2.66873080182441e-17,1.0242258700715e-16,-1.00097903346771e-16,9.98117914373525e-17,8.97087171384863e-17,-3.32889131872501e-17,2.03159575491286e-07,2.73141165876568e-16,-1.17363372653684e-17,-2.38269724686151e-16,-4.03431628381856e-16,-1.37559221766266e-08,-1.00236655305388e-16,-3.15842759955495e-17,2.04202632726436e-17,1.23768830187873e-16,2.3427827255929e-17,-1.18255393872595e-17,2.61766418941589e-16,2.91508126275696e-17,9.63184513964886e-17,7.49885476444306e-17,6.88669134500599e-17,1.12196072782343e-16,6.02440653234973e-17,-1.70571688921961e-17,-4.31809776461719e-17,-9.12052332373855e-17,-1.62617923174836e-16
"t206",0.0299144625892647,-0.00656978576704692,-0.00701334812653959,0.000288862233734612,0.00131643608316091,0.00227988939776649,0.000501333047054999,4.21860505849687e-06,-0.0165168468231457,0.046107155124881,-0.00288636570155236,-0.000484332354544909,0.00122604626417395,0.000289552478620596,0.0102525063918325,-0.00031465061171081,-0.000223680627360344,2.84413424418467e-05,0.0137536639648592,-0.00259995949373639,2.90333804748868e-05,-6.77661125603923e-05,0.0107743587680958,3.35730354425138e-05,2.380830788196e-05,-0.00215332687581671,0.0113706369926421,-0.00011685397695579,0.00199929100634761,-0.0269513546398648,-0.00465642110965447,0.282150704516168,-0.00653377207443142,0.145939521485567,-0.0163171399230068,-0.00456174935374644,-0.000143348095501164,0.000223217257681617,0.0106968813314466,0.00254997262862307,0.00121332219777274,-0.0148904485866786,0.000549860112056937,-0.066217918773721,0.000100205113586615,-4.25056795450328e-05,8.04959144433253e-06,-0.000121432100799166,0.00720410386815947,-0.0126309445957061,9.86278821767564e-05,-9.18478541575406e-05,1.00120003640406e-05,-3.33458350490817e-05,0.000892712354088726,-0.00214261851935893,0.000472101778351459,-0.00318125065459357,0.0383377995875073,-6.00366371057802e-06,-7.3552869105995e-06,0.000395164588193525,-0.000235033761977826,0.000175351414384687,-0.000659533001300068,3.47755785886293e-05,-8.24029496022746e-05,0.000639274709768703,-0.000153305110546189,0.000681254772421643,-5.40036951295369e-06,1.35592790152406e-05,-4.61332352291136e-05,-2.89257238261855e-05,1.21028876671863e-05,4.27983562399261e-06,-0.000102588291170104,1.46081720044728e-05,-0.0017104969401133,-0.000522258837811927,2.95772247264752e-05,0.00226285429580955,-0.00121469302836475,-9.52582063072188e-05,0.000291346677914066,0.000184873783929726,-2.78676343863296e-05,-0.000201467696069066,-9.50844468818606e-07,3.7239578501891e-05,-0.0015171661468467,1.86322557298689e-07,0.000127836693284661,-0.000106105167636604,0.320106395632213,-3.74056486953802e-05,-4.33008338257537e-06,1.73280526655079e-05,-0.00018620618632506,-0.0016677055133808,-8.89802112590549e-05,5.84915874886084e-07,-0.000121858828832197,0.000113643401362019,-5.65820212177666e-05,3.5659157330549e-06,-0.000939507481274896,1.18198387204268e-06,-0.000604175663307685,4.42183007935161e-07,1.46335260212101e-05,2.79663280365808e-05,-8.63507269136978e-06,8.30639381308143e-06,-3.22265347789463e-05,9.13402171726086e-06,-0.000453736213039467,0.000456030033702111,-0.000145494777176634,4.94047299601416e-05,-2.75189069363034e-05,5.16492990294662e-05,-0.000444859724856182,-0.000770698377202721,3.50425298732088e-06,-7.01306034044862e-05,7.25710832047768e-06,-0.000505590659133047,0.000140550529076525,0.00488461683995934,3.57841008800794e-05,-0.000122366145426303,9.42330980982374e-06,0.000161386737501998,-2.49072291791355e-07,0.000163354315671376,-0.000154731655903601,-1.47044128570314e-05,0.000504502737874739,-0.000420901050435403,-0.000355308617030193,-3.06013170620532e-05,0.000264801612858335,1.63856000400988e-05,9.44841317427766e-08,-2.59023744227885e-05,-6.80708403671967e-06,0.000131194770925106,8.4180810594688e-06,-3.51047263383353e-06,-4.35976712373129e-06,-0.000103018442259946,-3.83094195047552e-06,0.00275408730589863,-1.83768342562787e-06,-1.47326058348878e-05,0.000904114977756779,-1.96198108100287e-05,-4.71809028228706e-05,-6.35204537549494e-05,-1.45799927139493e-05,2.11361326175223e-06,-6.78077320308748e-05,-2.03121864777017e-05,1.29279925852808e-05,-8.42752014515673e-06,0.000539704119191351,9.18854136495409e-06,0.000456358215805993,9.07938161312263e-06,-1.58690670060882e-05,-2.79283319594925e-06,3.22775061800991e-07,4.92216350954382e-05,1.99938119228617e-06,4.05284818271493e-06,1.77135978148475e-07,-6.41230426722087e-06,-0.000939590994099579,-2.55194633600393e-05,0.000104514983844602,2.75176261585564e-05,-5.66045454946848e-06,-2.21758889239125e-08,-6.61648447872921e-07,-2.16665334493447e-07,-0.00116322025251688,0.000257431335045754,0.001152176529256,-1.89783876176011e-05,-3.06548148632466e-05,5.53537238993953e-05,4.79196069255455e-05,6.82948303359663e-09,6.60298699839202e-07,-5.13011954514161e-05,-7.82303519840734e-05,-1.23454840725461e-06,5.53985553900605e-05,8.75279339465787e-05,2.24686016052112e-05,7.42369416677157e-05,-6.23067749735872e-07,-2.58726416545224e-06,-0.000156530073931957,-1.64522958018564e-05,9.96184325996855e-05,1.16928379399143e-05,-0.00061895874427734,-1.28782830918046e-07,-0.00244837819125617,-1.53004164452564e-05,-3.20714234048473e-05,-0.000329811873784845,-1.80339295684234e-07,-2.47331106947643e-06,6.93483073677594e-07,4.39788896798375e-07,-4.73279199742227e-05,-4.92733425777217e-05,-2.24808460615398e-05,2.6409384346678e-05,5.80200913031452e-06,2.45633443288355e-05,-7.27953139715216e-05,-4.15203742896198e-06,-0.000393254484437429,-2.20276424861069e-06,-0.000199324686373908,-0.000630074678333,8.34204617687672e-06,1.73944626464165e-06,0.000213046542492792,1.94563213246893e-05,-4.69969136919445e-06,-2.03465994308006e-07,-9.00895115620485e-05,1.04644831953144e-16,-8.57644280474497e-07,1.22771293701572e-05,-2.54259202583618e-06,-6.64380847490333e-06,-9.07805165051861e-05,1.25661067453171e-06,-1.83685790750294e-05,8.21876233834576e-06,-6.74851368272818e-06,4.45291939126437e-07,-2.1175771018893e-06,0.000872223769257909,-5.74031886596012e-07,6.33834436476162e-05,-0.000231039289615997,2.69482045166126e-07,-1.88387338037762e-08,9.54717854746307e-07,-1.06334345667056e-06,1.69739677296135e-05,0.000216137588592561,-4.58343180284214e-05,2.5483632334348e-05,-0.000215397759100424,0.000639397309443919,-4.46236362482507e-05,0.000259315257230742,-9.1205963274789e-05,1.18259418832961e-05,0.154284456668392,0.00171404952855789,-0.000420301269566726,-2.04406350846616e-06,0.000130387850414044,-2.64441890506145e-05,7.7830087487833e-06,-1.12124052525811e-05,2.02036563264412e-05,-1.35074651864266e-05,8.83498741803601e-07,-0.000134658176163083,5.49850823545806e-07,-8.61171440676091e-05,1.36365669409481e-16,0.000180603701775632,7.36033641109334e-06,1.76486341409116e-10,1.3357594328455e-06,-1.74434678957944e-06,1.02319284733899e-06,2.82792215497645e-07,-2.3522615798664e-08,1.02810498204838e-06,-3.86463221964452e-05,-5.5488340245198e-06,7.70561482262796e-08,-3.88688968621475e-05,5.47923791290558e-05,-3.14660586031574e-06,1.5885664846781e-05,-4.39371228475884e-07,-2.96498319812551e-06,-1.16620243469377e-08,-7.20453694466889e-05,9.99312272988069e-07,-3.78067144497143e-09,9.05610897484006e-07,-6.91022313767008e-08,2.11737943687937e-07,5.94307892885973e-08,2.82776301596799e-07,4.50813042465513e-08,-1.67844732689017e-08,-1.60067852202851e-07,2.1529166377501e-08,-1.20625033480221e-07,1.5529574830854e-07,6.22486718309506e-06,-3.72572229879019e-06,-7.18595372384144e-17,1.88989487056909e-08,2.42982519361111e-07,-2.34299613177799e-08,5.62248797508484e-06,1.45544442064977e-08,1.47908385788136e-06,3.46703273049935e-06,-1.07601178807158e-06,4.65289682910903e-06,4.02226398275565e-16,-1.52998551694264e-05,-2.8795102268728e-09,-5.20578349613214e-07,5.13037951558586e-08,9.17372485344043e-07,-2.56956903259332e-07,-3.63696085113018e-05,9.39943516187317e-06,-2.23082440816887e-07,4.7043034462311e-05,-3.40916442742807e-08,-3.0115192333119e-06,-3.78219197404296e-09,-4.78033906811106e-10,-2.95130092292116e-06,3.31899834083987e-08,-2.57069103070503e-06,4.99503633548974e-16,1.1451603722558e-08,-4.5039690082984e-09,-1.30875543778866e-10,-4.52826076211921e-09,2.85894688178267e-05,4.52074259694302e-05,-6.10186122622153e-07,2.33444033348712e-06,1.57470564966933e-06,6.62126127232808e-16,1.49180948228235e-05,1.33043519520347e-07,2.73326942246018e-05,-1.41851551529893e-15,-1.74338384169689e-05,-2.43311175797586e-06,3.90686813894212e-07,7.62268609209619e-05,3.0500930182192e-05,1.89445501105329e-05,1.63228197256073e-05,-3.47032040551851e-05,-6.2714130289404e-06,-5.70369649522712e-07,-0.50993227934281,8.57899345254102e-05,-8.87689113125497e-15,-9.93960341839286e-07,3.22035329281742e-05,1.10791935714687e-05,-0.000210484820935847,1.42475694137748e-15,-8.21006038580232e-07,1.24632340951195e-07,-5.10439144290103e-05,-1.86168606883677e-07,-2.85563110577959e-05,6.20257463931193e-07,-7.90748132401028e-06,4.31844188214052e-05,1.38887393049307e-15,0.00022463964486351,-1.17157658460017e-06,4.73351219130759e-06,0.012132035343809,1.00232507809556e-05,6.44335732589039e-07,-1.49880108324396e-15,-2.77286306374208e-16,2.17367696883242e-08,-7.47887655098633e-08,1.10466223253007e-08,-8.06344075532639e-06,8.59254788627151e-15,-5.09442595900103e-06,-6.34706904337942e-08,2.24411670839518e-16,-3.91193038825243e-16,1.55095428537878e-16,1.46221869968356e-05,9.27093132651155e-07,-1.03115053232023e-06,3.1635970081513e-05,4.49636670996407e-06,8.39073524531328e-07,-3.64348950884976e-07,-5.48473844537284e-16,-8.06412026351119e-08,2.27073236782589e-07,1.29798736230527e-16,-2.82886798484419e-16,-1.43525889760574e-07,-3.6017483470783e-09,-8.53035157233994e-08,8.233579554216e-05,8.34833624774917e-08,-1.4528084410925e-06,7.83342263112566e-16,-1.17804277624691e-06,7.0127640162224e-17,-1.66401614161946e-05,-1.43331527202584e-16,-9.34522259919527e-08,-4.96813615135217e-16,3.83772080906677e-07,1.01052361695978e-07,1.94680878232342e-06,6.17299707925129e-06,2.72623601037711e-07,-3.1311192031832e-08,1.98467957987034e-07,7.1130727045113e-08,1.54860302401293e-05,1.18896115739668e-06,6.92381875317565e-08,-1.94761671007908e-07,-1.54353067278976e-05,-1.25111163293467e-06,-9.28856796888469e-08,-1.98400878585669e-16,8.68899856123329e-07,-1.49666461827006e-07,7.72411061517542e-08,2.66815238299915e-16,6.24446509428002e-07,4.08757143774743e-06,1.30825531007797e-06,-1.91008394979386e-16,-3.16981953244299e-07,-7.7677204164295e-06,-7.39184387418439e-16,-2.22360141873593e-07,4.95454806391824e-07,-6.39997970401671e-17,-1.10317538961336e-16,-1.81914010602956e-08,-4.4870830067964e-06,-2.55609340553023e-08,-3.54568471270906e-05,2.27740595483962e-06,6.00308279902452e-08,2.66643190534305e-06,5.3519177777211e-07,-1.3388295177483e-05,5.15429712799609e-16,2.47065054084190e-09,7.85214340830031e-08,2.16527956815098e-07,2.02553155862087e-05,3.54469781735652e-17,-7.42842700638649e-16,2.54084363680063e-05,1.70807056894811e-16,-5.38859534071123e-16,6.8396854311795e-07,-1.0060816798183e-06,-1.88359226926311e-07,-4.59560866954188e-07,4.82061239792042e-06,1.25927061623995e-06,6.13193181391061e-06,1.73293479957816e-16,3.69634776292055e-06,1.72549175929536e-07,7.91658467642549e-07,-1.73334720338314e-07,6.84040897021444e-07,-9.98375987542314e-17,7.91697612652776e-16,5.9534523230513e-16,-2.74307539580318e-06,-2.87008163856868e-08,-1.86052010302934e-06,2.937871237392e-18,-2.1994575388926e-08,-1.00751800365144e-16,8.84665151948389e-17,3.5977209307606e-06,-9.00787274307495e-07,-4.27175655959289e-16,-7.4326213010057e-06,-1.00222710443155e-07,-1.84248351372147e-15,2.2659617547774e-07,1.39466752506136e-15,3.66366145437825e-06,-6.75173210135081e-16,3.6540282865509e-06,6.9145909435003e-07,2.50364358650409e-08,1.07798193220248e-06,7.39926445915452e-06,-8.07982644860468e-08,2.48036450752796e-06,1.00762711631882e-15,1.46642068133327e-06,-8.27700234694752e-08,-1.39465575366247e-15,-1.09046625962198e-08,-2.22229755786441e-07,5.16340229564153e-08,-1.97234640889796e-15,1.65628371169892e-07,2.19064110583412e-07,-4.89564308577945e-15,-6.07841012727562e-06,-4.61370431398916e-06,-6.29850517012536e-09,2.45314409598997e-15,4.67489466878807e-15,1.1262424441053e-07,1.57245830197157e-06,1.27215263392816e-07,-4.48926268611369e-08,9.31197730382263e-07,0.707106781186546,-5.58121415558837e-14,3.39942442902137e-06,8.88820195958711e-08,4.05911508689129e-14,8.21469483273799e-06,-1.98431456323798e-14,9.33512000964269e-08,-5.95858508192974e-06,-9.18130414618635e-07,-6.08774312164652e-06,-9.43988908941518e-15,1.21785739892911e-14,-5.33492924959648e-15,-4.97871150500825e-15,-1.07533687853436e-08,-3.73013447126172e-08,-7.9135090120864e-15,-7.22993294978476e-15,-9.11541955962235e-16,5.25098435857602e-08,4.71910861552671e-10,-2.59880976930976e-08,-3.5680788560176e-15,-3.71610294619407e-17,-1.41789249612223e-15,-1.11546318606544e-06,3.41340755683562e-08,-4.45504504356648e-15,5.9903435815437e-09,-1.56721017353622e-07,-1.98564401758166e-15,1.45267170002822e-15,-4.91794781615801e-06,-1.10912296077536e-09,-2.4362796864061e-06,-1.71523165883311e-15,6.04003705349029e-08,9.74855254481216e-07,1.04614685506953e-06,-1.47819716008595e-05,-2.3163572942941e-07,3.77203344996555e-09,8.21683214149852e-17,-1.04255556077965e-15,-6.27412608635536e-17,7.17781554508422e-08,-6.4990009474409e-08,-1.11011777049736e-06,-1.92854342214366e-08,-3.4948801717763e-16,4.42394860506317e-16,-1.12741458417162e-15,5.48142585370009e-16,1.41319928243082e-15,9.21054260336035e-08,7.91383681549635e-16,1.45353635909275e-15,-6.7507717095682e-07,9.16598034982778e-16,-6.04310489933939e-07,1.83486967702108e-16,-7.49212240367621e-07,5.86474618136881e-16,-9.07480673003726e-07,-1.13575794870795e-07,-2.29053806956426e-07,-5.44538917250751e-16,3.64654453780714e-06,3.89245616526225e-16,1.26613416979868e-06,-2.01484229584287e-07,1.11505709389224e-09,3.3862939926571e-16,6.14157593700968e-06,1.33420083481981e-15,-4.42235992594564e-07,-2.25756434687911e-07,-7.36412912716809e-16,-9.68896161589761e-16,-4.39468561361053e-16,4.71487219767291e-17,-1.29424467418455e-07,-4.46019013597337e-07,-9.95993030944692e-08,-3.79345472135333e-16,-2.99652139685491e-16,-2.33268738625921e-08,1.90287015558194e-07,-2.47267918239115e-16,-7.55211978006652e-17,-3.79503068877714e-07,-6.82291522264753e-16,-3.21908691036499e-06,5.62248185445569e-16,6.73826467450682e-07,-8.21299959012458e-16,5.27996578413122e-17,2.09281241497158e-16,-4.40611403353021e-16,-6.48062006908831e-16,3.87758101795968e-16,1.29585645939679e-08,-9.0628183046492e-08,-1.56719903506429e-16,-6.01843771736488e-08,2.52885005589565e-06,-2.58106255416944e-17,5.13618041295062e-16,2.08802109466882e-12,-1.61750574594215e-16,1.01792118316353e-06,1.62801391765243e-07,-1.49543212967556e-16,-1.73896413056162e-16,-4.53085564864018e-07,-1.46352324664901e-07,-2.21585143721293e-09,3.48178079994741e-17,-1.61861721537205e-16,-3.14021946034191e-16,-4.23410697077886e-16,4.29424693892787e-16,4.03531018322015e-16,3.89885081450737e-06,-3.08170957296595e-06,-7.09171002066151e-07,1.10080257370044e-16,9.46458256219203e-17,-3.38647971672394e-16,3.07492611412408e-16,1.71805896072561e-16,3.44880694909189e-16,-7.35173995022029e-17,1.17135148854606e-16,-2.00882704825682e-17,3.25354419406942e-16,6.53559405320103e-16,5.15930652873281e-16,-1.3090655025122e-16,-1.63361213535525e-16,8.65097081036424e-09,-3.95506525036293e-16,-1.18357639849286e-16,6.25398501673344e-17,1.22473448330554e-07,-6.63592862256315e-08,3.39163620279881e-16,-3.16102064116229e-09,1.11950381512254e-07,2.46976735888312e-16,2.98138202585305e-15,-2.15913097656067e-07,1.77281012095746e-16,2.75760654402245e-09,-1.33462745270676e-17,2.97141530107611e-16,5.54750407512115e-17,2.16725283316618e-16,1.21302187795588e-07,-3.70685658837626e-07,-3.08406014726036e-16,2.35404439564102e-17,-3.75226521905325e-16,-9.01794906896414e-16,-1.48264647087393e-16,-1.68243499537218e-16,-2.81294929339952e-16,8.39738346651479e-18,4.46731537557917e-09,1.24305726354882e-16,-1.98822865491922e-16,4.26867287948186e-16,-2.20390401002994e-16,-4.91641523176765e-16,8.72830119157436e-17,-9.71720907923518e-07,4.33741916929263e-17,-1.80661843138755e-16,6.57415047670327e-08,-5.65361340291814e-16,-9.07521880510115e-17,-2.58012375928662e-16,3.87081016061196e-16,5.49549094453154e-08,1.23844357632735e-16,-1.82089778819661e-06,5.0351918345338e-17,2.94258032137377e-16,2.31051360421871e-18,8.01863009517833e-16,8.13296862179652e-17,6.49750152895516e-17,2.49191387878846e-07,-3.75400869144704e-16,-3.81852622883318e-16,1.02013149195195e-08,-0.000557205994375014,1.19056420832887e-16,1.38689227280841e-06,8.29459983711366e-07,3.03848076640398e-16,-3.80237358983617e-16,-2.31970956885979e-17,1.3891124616543e-16,4.83958492479428e-17,-1.40406773975334e-06,-2.83999114691544e-16,-5.86776773623571e-16,-4.3525429737384e-17,5.62278752144529e-07,-3.11910061574859e-16,3.50549569805208e-17,1.31307633849317e-16,-2.99358673403684e-16,-2.562335857445e-07,-7.67698530933467e-17,1.72209138284388e-09,-1.25761225807826e-16,7.0666023280805e-17,-2.21987802496526e-16,-2.93600985491125e-16,8.33791027980989e-17,-1.74227628334482e-16,1.25789268496939e-17,-2.98902986660785e-08,-5.26149769362102e-16,3.1474825369828e-16,1.25671829799857e-08,3.95621384421826e-18,1.565303566373e-17,-3.47892528743408e-17,2.32692529814212e-16,1.42607366049975e-16,-3.82142296343394e-16,-9.11236890773983e-08,-7.44795989589323e-18,1.18594738876831e-16,2.71363583864956e-08,-1.42525629868792e-16,2.91947140222474e-16,7.53318150597994e-18,-3.06831907038482e-16,-7.72234186321935e-17,-1.02653769583517e-16,-1.44981547967228e-16,9.22144431397077e-17,2.3597244040533e-18,9.26808724373984e-17,-2.07317813190443e-17,-1.42409397321139e-08,4.72252973978667e-08,1.27110942538006e-16,-1.97945986500834e-16,1.88959257594507e-16,1.58438795165826e-16,3.99311660126411e-16,1.40141118528346e-16,2.31006928885249e-16,-8.90215785010375e-17,-4.5021487593035e-08,3.94837817316777e-17,1.47119720138451e-16,-1.68622443661653e-16,6.21512221915816e-17,5.24208393713097e-09,2.27089156565879e-16,-8.31433183042078e-10,5.4212100005202e-17,-1.15925685228357e-16,2.46422387368243e-16,-3.43871749680999e-16,2.11094294389973e-18,9.88737737019866e-17,8.19518131264898e-17,6.17290808020067e-17,9.24675237545163e-17,-1.12275817840726e-16,1.63977433707295e-16,2.70313225319513e-17,1.34926892619997e-16,1.77845631339611e-16,1.53323314326173e-17,-9.6081264643623e-17,1.72591153933738e-16,-4.74259721149488e-17,-6.06175049037534e-17,-6.33531307838574e-17,8.99887803162969e-17,-1.22631474286431e-16,2.82161651671505e-17,-1.02200169396664e-16,9.18864738083481e-17,1.76719984746923e-08,3.88661013036223e-17,-1.02163389946793e-17,-1.3797286165703e-16,-1.33041479273552e-17,-3.76972323877999e-17,-1.03130325847052e-17,1.24471200248564e-16,-4.1054858574294e-16,1.4252495430795e-16,-1.93534556342792e-16,1.25767452008319e-17,4.4887883792717e-17,-5.81385668475691e-17,-2.77360196108823e-17,-5.35833855691754e-17,-1.0360043702906e-16,-1.05330695179589e-16,-2.27482533364338e-07,-1.03982896162899e-16,3.64817962244006e-17,1.21535240712155e-16,-4.66622168299608e-17,9.29006583504755e-18,-6.98711859368994e-17,2.1411528471125e-16,-1.25059851212384e-16,1.45342710436753e-16,1.18827105192406e-08,-3.71018037057482e-17,6.77361586955773e-17,2.33483975184101e-16,3.72435597832156e-17,-1.82285678965841e-16,-3.79664668935464e-17,6.96899276376814e-17,-7.19710839138608e-17,1.02619554058078e-16,-6.90902785095752e-18,-2.70573541254026e-16,6.5848366823403e-17,6.41762847230178e-18,2.43279011882842e-07,-9.65673395613342e-17,2.05609877057006e-17,9.70201641831765e-18,-2.67581096169422e-16,-1.64525367400175e-08,-2.98381570441887e-18,-3.3274591898431e-17,-7.72893488346269e-17,-1.64268110236992e-16,4.80485281146603e-17,2.66515133531949e-17,-9.57625019713955e-17,-4.13962622246285e-17,-1.21780420521379e-16,-1.3729515281195e-16,2.91195657053623e-17,2.4713525122316e-17,2.38611145604348e-17,-3.62557182013716e-17,-6.39938652512352e-17,-1.03783196593556e-16,-1.91683734485344e-16
"t593",0.0299144625892647,-0.00656978576704691,-0.00701334812653958,0.000288862233734613,0.00131643608316091,0.00227988939776649,0.000501333047055,4.21860505849953e-06,-0.0165168468231457,0.046107155124881,-0.00288636570155236,-0.000484332354544909,0.00122604626417396,0.000289552478620596,0.0102525063918325,-0.000314650611710808,-0.000223680627360344,2.84413424418518e-05,0.0137536639648592,-0.00259995949373639,2.90333804748845e-05,-6.77661125603955e-05,0.0107743587680958,3.35730354425155e-05,2.38083078819583e-05,-0.00215332687581674,0.0113706369926421,-0.000116853976955774,0.00199929100634761,-0.0269513546398648,-0.00465642110965441,0.282150704516168,-0.00653377207443141,0.145939521485567,-0.0163171399230068,-0.00456174935374644,-0.000143348095501148,0.000223217257681625,0.0106968813314466,0.00254997262862308,0.00121332219777276,-0.0148904485866786,0.00054986011205696,-0.066217918773721,0.000100205113586618,-4.25056795450073e-05,8.04959144434101e-06,-0.000121432100799171,0.00720410386815947,-0.0126309445957061,9.86278821767768e-05,-9.18478541575639e-05,1.00120003640374e-05,-3.33458350490886e-05,0.000892712354088748,-0.00214261851935892,0.000472101778351481,-0.00318125065459357,0.0383377995875074,-6.00366371057794e-06,-7.35528691059423e-06,0.000395164588193518,-0.000235033761977826,0.000175351414384713,-0.000659533001300069,3.47755785886256e-05,-8.24029496022625e-05,0.000639274709768703,-0.000153305110546183,0.000681254772421633,-5.40036951296763e-06,1.35592790151773e-05,-4.61332352291213e-05,-2.89257238262072e-05,1.21028876671838e-05,4.27983562398728e-06,-0.000102588291170106,1.4608172004468e-05,-0.00171049694011326,-0.000522258837811912,2.95772247264889e-05,0.00226285429580952,-0.00121469302836474,-9.52582063072532e-05,0.000291346677914071,0.000184873783929696,-2.78676343863564e-05,-0.000201467696068998,-9.50844468887093e-07,3.7239578501878e-05,-0.0015171661468467,1.86322557307363e-07,0.000127836693284653,-0.000106105167636658,0.320106395632213,-3.74056486953123e-05,-4.33008338231965e-06,1.73280526655288e-05,-0.000186206186325063,-0.00166770551338081,-8.89802112591083e-05,5.84915874903669e-07,-0.000121858828832169,0.000113643401362003,-5.65820212177801e-05,3.56591573310179e-06,-0.000939507481274883,1.18198387202706e-06,-0.000604175663307684,4.42183007886752e-07,1.46335260212089e-05,2.79663280366135e-05,-8.63507269138899e-06,8.30639381305771e-06,-3.22265347789766e-05,9.134021717294e-06,-0.000453736213039519,0.00045603003370217,-0.000145494777176566,4.94047299599906e-05,-2.75189069363404e-05,5.16492990297426e-05,-0.00044485972485621,-0.00077069837720277,3.50425298730871e-06,-7.01306034043454e-05,7.25710832051758e-06,-0.000505590659133074,0.000140550529076505,0.00488461683995932,3.57841008800851e-05,-0.0001223661454262,9.42330980975078e-06,0.000161386737501982,-2.49072291916884e-07,0.000163354315671229,-0.000154731655903584,-1.47044128570714e-05,0.000504502737874765,-0.00042090105043546,-0.00035530861703019,-3.06013170620457e-05,0.000264801612858339,1.63856000401028e-05,9.44841316784461e-08,-2.59023744228028e-05,-6.80708403683241e-06,0.000131194770925109,8.41808105950822e-06,-3.51047263382486e-06,-4.3597671237919e-06,-0.000103018442259979,-3.83094195044413e-06,0.00275408730589861,-1.83768342558413e-06,-1.47326058348714e-05,0.000904114977756686,-1.96198108100081e-05,-4.71809028228924e-05,-6.35204537549888e-05,-1.4579992713947e-05,2.11361326175774e-06,-6.78077320308779e-05,-2.03121864777759e-05,1.29279925853303e-05,-8.42752014513561e-06,0.000539704119191313,9.18854136488777e-06,0.000456358215805979,9.07938161312128e-06,-1.58690670060165e-05,-2.7928331959573e-06,3.22775061900116e-07,4.92216350954065e-05,1.99938119234642e-06,4.05284818271521e-06,1.77135978135797e-07,-6.4123042672622e-06,-0.000939590994099596,-2.55194633599849e-05,0.000104514983844626,2.75176261585693e-05,-5.6604545494769e-06,-2.21758889468874e-08,-6.61648447881004e-07,-2.16665334486635e-07,-0.00116322025251692,0.000257431335045796,0.00115217652925599,-1.89783876174971e-05,-3.06548148632309e-05,5.53537238993885e-05,4.7919606925569e-05,6.82948304655965e-09,6.60298699820474e-07,-5.13011954514155e-05,-7.82303519840797e-05,-1.23454840719315e-06,5.5398555390082e-05,8.75279339465795e-05,2.24686016051885e-05,7.42369416676692e-05,-6.23067749715053e-07,-2.58726416549057e-06,-0.000156530073931965,-1.64522958019209e-05,9.96184325996682e-05,1.16928379398189e-05,-0.000618958744277293,-1.28782830930817e-07,-0.00244837819125609,-1.5300416445312e-05,-3.20714234047807e-05,-0.00032981187378483,-1.80339295623097e-07,-2.4733110693754e-06,6.93483073615645e-07,4.39788896836529e-07,-4.73279199742494e-05,-4.92733425777187e-05,-2.24808460615258e-05,2.64093843466073e-05,5.80200913034186e-06,2.45633443288285e-05,-7.27953139714633e-05,-4.1520374289339e-06,-0.000393254484437358,-2.20276424859588e-06,-0.000199324686373924,-0.000630074678333016,8.3420461768661e-06,1.73944626469719e-06,0.000213046542492708,1.94563213246445e-05,-4.6996913691466e-06,-2.03465994393523e-07,-9.00895115620483e-05,9.44281388201995e-17,-8.57644280454617e-07,1.22771293702118e-05,-2.54259202585147e-06,-6.64380847495063e-06,-9.07805165051651e-05,1.25661067481093e-06,-1.8368579075028e-05,8.2187623382923e-06,-6.74851368277131e-06,4.45291939149476e-07,-2.11757710188163e-06,0.000872223769258013,-5.74031886598206e-07,6.33834436476761e-05,-0.000231039289616037,2.6948204535677e-07,-1.88387337585107e-08,9.54717854755987e-07,-1.06334345658298e-06,1.69739677294709e-05,0.000216137588592456,-4.58343180283866e-05,2.54836323343762e-05,-0.000215397759100502,0.000639397309444132,-4.46236362482624e-05,0.000259315257230694,-9.12059632750221e-05,1.18259418833668e-05,0.154284456668393,0.00171404952855801,-0.000420301269566677,-2.04406350833101e-06,0.000130387850414356,-2.64441890506541e-05,7.78300874885161e-06,-1.12124052526366e-05,2.02036563264599e-05,-1.35074651862548e-05,8.83498741725093e-07,-0.000134658176163177,5.49850823038675e-07,-8.61171440676788e-05,8.76637841314708e-18,0.000180603701775657,7.36033641095582e-06,1.76486298008363e-10,1.33575943278206e-06,-1.74434678945096e-06,1.02319284744892e-06,2.8279221539066e-07,-2.35226159504443e-08,1.02810498196417e-06,-3.86463221963843e-05,-5.54883402443296e-06,7.70561481620775e-08,-3.88688968621231e-05,5.47923791290859e-05,-3.14660586053689e-06,1.5885664846711e-05,-4.39371228409748e-07,-2.96498319808301e-06,-1.16620243983469e-08,-7.20453694466963e-05,9.99312273072655e-07,-3.78067139018939e-09,9.05610897482647e-07,-6.91022315773311e-08,2.11737943705392e-07,5.94307888845078e-08,2.82776301473467e-07,4.50813043263143e-08,-1.67844731265194e-08,-1.60067852272037e-07,2.15291663192081e-08,-1.20625033405569e-07,1.55295748055006e-07,6.224867183051e-06,-3.72572229881521e-06,9.34047734078335e-18,1.88989486075117e-08,2.42982519462645e-07,-2.34299614461494e-08,5.62248797515384e-06,1.45544441871695e-08,1.47908385798518e-06,3.46703273051977e-06,-1.07601178804233e-06,4.65289682914858e-06,2.81662738749279e-16,-1.52998551693763e-05,-2.8795100906889e-09,-5.20578349583983e-07,5.130379516011e-08,9.17372485396944e-07,-2.56956903258775e-07,-3.63696085109639e-05,9.39943516218928e-06,-2.23082440739318e-07,4.70430344623149e-05,-3.40916443761323e-08,-3.01151923302092e-06,-3.7821920217806e-09,-4.78034289805524e-10,-2.95130092271659e-06,3.31899833538558e-08,-2.57069103087238e-06,6.03544549850903e-16,1.14516035443119e-08,-4.50396919835904e-09,-1.30875580098507e-10,-4.52826098801509e-09,2.85894688177217e-05,4.52074259694492e-05,-6.10186122577483e-07,2.33444033334004e-06,1.57470564941359e-06,6.42336899096255e-16,1.49180948229046e-05,1.33043519791594e-07,2.7332694224728e-05,-1.23875884715741e-15,-1.74338384169305e-05,-2.43311175789858e-06,3.90686814134627e-07,7.62268609205238e-05,3.05009301822961e-05,1.89445501108962e-05,1.63228197256928e-05,-3.47032040552346e-05,-6.27141302913554e-06,-5.70369649408324e-07,-0.509932279342806,8.57899345249154e-05,-8.82691676304577e-15,-9.93960341572014e-07,3.22035329280892e-05,1.10791935713541e-05,-0.000210484820935703,1.51671765105311e-15,-8.21006038426651e-07,1.24632341417076e-07,-5.104391442895e-05,-1.86168607147799e-07,-2.85563110578616e-05,6.20257463507872e-07,-7.9074813239358e-06,4.31844188215217e-05,1.62675524060122e-15,0.000224639644864869,-1.17157658491047e-06,4.73351219108243e-06,0.012132035343809,1.00232507809346e-05,6.44335732568858e-07,-9.21138165743685e-16,-1.14946240606016e-16,2.17367701006534e-08,-7.47887648063991e-08,1.10466226423134e-08,-8.06344075557706e-06,8.00052158206044e-15,-5.09442595870304e-06,-6.34706902860313e-08,7.67432734668516e-17,9.93139784746301e-17,-3.46843041044002e-16,1.46221869966264e-05,9.27093132926878e-07,-1.03115053224021e-06,3.16359700815262e-05,4.49636670991714e-06,8.39073524169356e-07,-3.64348951333666e-07,3.53849232775883e-16,-8.06412021708673e-08,2.27073237490098e-07,6.04138555695571e-16,-2.54281213291585e-16,-1.43525889863315e-07,-3.60174792803453e-09,-8.53035159683834e-08,8.23357955416144e-05,8.34833631812236e-08,-1.45280844122698e-06,1.57276849962409e-15,-1.17804277619769e-06,1.90311267236852e-16,-1.66401614161467e-05,9.9475549325545e-17,-9.34522254901597e-08,2.79656086086556e-16,3.8377208092595e-07,1.01052361661883e-07,1.94680878302025e-06,6.17299707943404e-06,2.72623601484703e-07,-3.1311192311094e-08,1.98467957983007e-07,7.11307266607773e-08,1.5486030239793e-05,1.18896115604468e-06,6.92381869504395e-08,-1.94761670810373e-07,-1.54353067280369e-05,-1.25111163231087e-06,-9.28856797708504e-08,-1.87135648309151e-16,8.68899856216121e-07,-1.49666462364177e-07,7.72411054396206e-08,-3.15439604458551e-16,6.24446510525304e-07,4.08757143783375e-06,1.30825531076315e-06,9.70547354472101e-16,-3.16981952889323e-07,-7.76772041706851e-06,7.45900806537077e-16,-2.22360141658545e-07,4.95454806770011e-07,1.55134828282462e-16,-9.81703653186756e-17,-1.81914009165191e-08,-4.48708300688456e-06,-2.55609343099597e-08,-3.54568471273785e-05,2.27740595477464e-06,6.003082805249e-08,2.66643190417267e-06,5.3519177752034e-07,-1.33882951779403e-05,1.83826478344917e-16,2.47065130671749e-09,7.85214349778061e-08,2.16527956820212e-07,2.02553155865157e-05,-3.0579144416398e-16,9.63509390196849e-16,2.54084363679499e-05,-9.39743260472376e-17,-1.70629173196269e-15,6.83968542815641e-07,-1.00608167955162e-06,-1.88359227936015e-07,-4.59560868159313e-07,4.82061239767299e-06,1.25927061713345e-06,6.13193181401383e-06,-5.38589536265482e-17,3.69634776282976e-06,1.72549177084847e-07,7.91658467475573e-07,-1.73334720904515e-07,6.840408974006e-07,-9.26785607369643e-17,-7.0774194814619e-16,-1.06584225085039e-15,-2.74307539751309e-06,-2.87008179827833e-08,-1.86052010227819e-06,3.61113513069903e-17,-2.19945743833057e-08,8.38436637484528e-16,-1.17861940848763e-16,3.59772093112519e-06,-9.00787275395354e-07,6.41847686111419e-16,-7.43262130257518e-06,-1.00222710881843e-07,1.4638426802828e-15,2.2659617499903e-07,-8.92660613240601e-16,3.66366145697505e-06,4.33566073209409e-16,3.65402828744095e-06,6.91459094640267e-07,2.50364359708292e-08,1.0779819355814e-06,7.39926446104507e-06,-8.07982655035163e-08,2.48036450712715e-06,-9.89469639425066e-16,1.46642067922976e-06,-8.27700232114149e-08,1.3637817699942e-15,-1.09046577728099e-08,-2.22229758111807e-07,5.16340231912719e-08,1.30339170786247e-15,1.65628368182576e-07,2.19064108690313e-07,4.9622897713501e-15,-6.07841013257487e-06,-4.6137043117991e-06,-6.29850777841559e-09,-2.72019086797468e-15,-4.53573843905428e-15,1.12624242431405e-07,1.57245829755443e-06,1.2721527725599e-07,-4.48926297035241e-08,9.31197921844541e-07,-0.707106781186549,5.6201446713643e-14,3.39942445434021e-06,8.88819141556794e-08,-4.0796801209389e-14,8.21469482493686e-06,1.98926837084809e-14,9.33511966976424e-08,-5.9585850772115e-06,-9.18130431765964e-07,-6.08774310591662e-06,9.02575630953309e-15,-1.21410857993099e-14,5.00498361806099e-15,4.75402315827908e-15,-1.07533691602478e-08,-3.73013363525407e-08,7.65550528468065e-15,7.46094742445555e-15,1.12094507316447e-15,5.25098438471108e-08,4.71911071006471e-10,-2.59880960990355e-08,3.50081399033525e-15,4.55893461002999e-16,1.63183268980793e-15,-1.11546318457533e-06,3.41340758307917e-08,4.41653893305626e-15,5.99034211664362e-09,-1.5672101754674e-07,2.00650974104949e-15,-1.47745251102992e-15,-4.9179478136357e-06,-1.10912207807209e-09,-2.43627968497063e-06,1.84324636615633e-15,6.04003721797992e-08,9.74855256098017e-07,1.04614685510522e-06,-1.47819716023653e-05,-2.3163572866768e-07,3.77203146638624e-09,3.31751511354637e-16,1.4166315251609e-15,-3.34757261796169e-16,7.1778156187262e-08,-6.49900087996581e-08,-1.11011776657583e-06,-1.92854331838222e-08,4.16753657018134e-16,-3.32727870065241e-16,9.9360925630846e-16,-6.88646332409799e-16,-1.59597673741692e-15,9.21054258357228e-08,-6.01276183240206e-16,-1.52260704359129e-15,-6.75077173157435e-07,-8.59634837799158e-16,-6.043104886993e-07,-2.02488014972906e-16,-7.49212240983902e-07,-5.12660494546248e-16,-9.07480672135294e-07,-1.13575794368946e-07,-2.29053806219597e-07,5.94602894036551e-16,3.64654453758064e-06,-4.3593294750891e-16,1.26613417057715e-06,-2.01484229269844e-07,1.11505740459227e-09,-3.65939418820258e-16,6.14157593751035e-06,-1.26515279373739e-15,-4.42235992307548e-07,-2.25756434681688e-07,5.33077202432096e-16,9.21825296711627e-16,5.72412268484982e-16,3.76056215065676e-17,-1.2942446563452e-07,-4.46019014174798e-07,-9.95993029991694e-08,4.93354655048597e-16,2.80083972375982e-16,-2.33268737431857e-08,1.90287014734634e-07,2.20687038380536e-16,-1.57589455663828e-17,-3.7950306942812e-07,5.65537107368201e-16,-3.21908691104944e-06,-4.56481735150975e-16,6.73826467239378e-07,7.01935785515664e-16,-8.7417384406359e-16,-2.21879763824496e-16,9.9754238757828e-17,7.22037930150659e-16,-1.54600482462743e-16,1.29585654464793e-08,-9.06281826708414e-08,2.32786922852571e-16,-6.01843768826424e-08,2.52885005592853e-06,7.77451395982214e-17,-2.2944741081722e-16,2.08959699065163e-12,7.90912687581278e-17,1.01792118326819e-06,1.62801391790635e-07,-3.74408665705809e-16,9.39567239810937e-17,-4.53085565188913e-07,-1.46352324729803e-07,-2.21585093272857e-09,-1.65790237365518e-16,1.7506473835611e-16,2.15753377429479e-16,7.15884139143753e-16,-6.14648820142103e-16,-3.17032245424461e-16,3.89885081393401e-06,-3.08170957369743e-06,-7.09171003275579e-07,-1.65460059456294e-16,1.26701307314956e-16,3.50240471680222e-16,-2.1224033465495e-16,-2.641503674974e-16,-4.22029724557218e-16,1.0417676752987e-17,-1.45078385677379e-16,-8.66294380103928e-19,-4.11578415126457e-16,-5.10188859034564e-16,-6.17877350698591e-17,1.68329855401537e-16,2.43264523763923e-16,8.65097057806207e-09,3.60421714453722e-16,2.04300927588784e-16,-3.95354140655057e-16,1.22473447869373e-07,-6.63592858864882e-08,-3.5029780149199e-16,-3.16102087711239e-09,1.11950381235621e-07,-1.84346931014463e-16,2.60630232382702e-15,-2.15913097972366e-07,-9.60605085211772e-17,2.75760590283427e-09,2.29577690914768e-16,-2.19049512172249e-16,-4.62035289914217e-17,6.35449392059572e-17,1.21302187767622e-07,-3.70685659022167e-07,3.44608948450261e-16,-1.58069401384021e-16,3.51131765607858e-16,4.11754988584086e-16,2.82109405280728e-16,1.14094498256463e-16,5.81960363394898e-17,-1.42066716554895e-16,4.46731575355416e-09,-1.91678342564062e-16,1.14060591614808e-16,-3.45728663584835e-16,2.61347159568008e-16,4.40335834459219e-16,-1.53285780049267e-16,-9.71720907931164e-07,-1.01874368450499e-17,2.17646927231797e-16,6.57415047386656e-08,5.13255088831188e-16,-6.09506806338402e-17,1.24530592225186e-16,-2.72033901892396e-16,5.49549095504552e-08,-9.93632109304189e-17,-1.82089778822092e-06,4.57434004294792e-17,-2.06071520471227e-16,1.09233185376455e-16,-9.16663925958051e-16,-1.07711445961885e-16,-1.11316250160092e-16,2.49191388464202e-07,2.50184360321249e-16,1.90734965399479e-16,1.02013140889323e-08,-0.00055720599437432,-1.96742259311808e-16,1.38689227290776e-06,8.2945998333067e-07,-5.87118484704534e-17,1.25759789737912e-16,-1.83278008892336e-16,-6.64599893956005e-17,-8.29913182957256e-17,-1.4040677397666e-06,3.49173277661377e-16,1.97073444996189e-16,9.97242900457021e-17,5.62278752077636e-07,3.70107077983783e-16,-5.76139569303521e-17,-3.59777051450011e-16,2.14866555891352e-16,-2.56233586262337e-07,9.23368965008962e-17,1.72209125370389e-09,2.29574529037296e-16,6.17213557401178e-17,9.50252395810195e-17,-1.22330425918618e-16,-8.84285645271502e-18,2.27901801478058e-16,-5.76894584333318e-17,-2.98902990149995e-08,3.49516658038367e-16,-2.75401572406205e-16,1.25671830728366e-08,-2.47925352499771e-16,1.26653095223273e-16,-9.86209532520641e-17,-2.74470171567403e-16,-6.347891584908e-17,3.85728731946702e-16,-9.11236891707098e-08,-1.06381852044061e-17,-2.99688224454716e-16,2.7136358531157e-08,2.85896485567214e-16,-5.06002109224523e-17,1.61904147486753e-16,3.48516996504839e-16,3.04437500147458e-16,-1.07209178872548e-16,1.25620044650127e-16,7.84483079279556e-17,-6.59184668746892e-17,-2.11125613295397e-16,1.91528702140694e-17,-1.42409397459826e-08,4.72252973222827e-08,-1.20955039478553e-16,2.91490921299501e-16,-2.52216670926526e-16,-2.57053710933747e-16,3.90638042746527e-16,-1.83361481513641e-16,-1.86434315116323e-16,2.59550101801999e-16,-4.50214877938626e-08,-3.66506574334133e-16,-9.65892034313044e-17,2.03806038266705e-16,2.13667189387622e-16,5.24208393569516e-09,-2.67044680438039e-16,-8.314333041442e-10,7.89120621739266e-18,-4.70719506073442e-17,-3.92526342927638e-17,3.38277450177361e-16,1.13772280636646e-16,-1.22343454903378e-16,-2.23196648431921e-17,8.06684509859755e-17,-4.12310198302821e-17,1.41460419818434e-16,1.28647494031981e-16,-1.39818273615313e-17,3.51358784508781e-16,-3.72946351055311e-17,6.27190161512162e-17,-1.99195957810559e-18,-1.00382832311191e-16,-6.66956551141521e-17,5.28666974605572e-17,7.18223340674129e-17,7.85504473965748e-17,8.21691877728264e-17,3.43429312092472e-16,1.25260486454517e-16,-1.4320234049935e-16,1.76719984298886e-08,6.46935824063081e-17,-3.82294126262729e-17,1.78579697548412e-16,-1.10232941803801e-16,2.65604353340119e-17,-6.70991600623302e-18,-8.15407287344981e-17,3.07505969343482e-16,-1.22829488438569e-16,2.17632103050333e-16,-1.21864324187371e-16,-1.01276456624876e-16,1.37534542184884e-16,1.34917191205726e-16,-9.58967091460996e-17,1.05719713894249e-16,1.51270353810125e-16,-2.27482533257031e-07,6.519312054936e-17,2.09616508212708e-16,6.31833679778761e-17,-8.76297870539343e-17,7.54939555588985e-17,-1.58658402181514e-17,7.74366986176907e-18,1.18499013749831e-16,-9.01555373887326e-17,1.18827104810424e-08,3.24028999290229e-16,-7.16485932656297e-17,7.33704288929601e-17,-1.00906621593602e-17,-2.65243077380519e-18,-3.20927384054795e-17,3.52118972682037e-16,-1.55685022733007e-16,-6.47248574814941e-17,6.16985460831107e-17,-8.4617239365589e-17,7.75027099813174e-17,-1.12196983601222e-17,2.43279011929373e-07,-1.10043815608061e-16,4.32547293363096e-17,5.94638983051525e-17,-2.99673480474993e-16,-1.6452536757392e-08,1.01747787510678e-16,9.90336752125587e-17,2.25824156173696e-18,3.89762662472014e-17,-1.04231667482453e-16,-1.09503129714232e-16,1.63892980404031e-16,8.33945392929966e-18,-9.33207338357876e-18,-7.01990629553914e-17,4.44990979784522e-17,-1.77429170142499e-17,-8.24826233720808e-18,-3.71508190164038e-18,-4.46975182424666e-17,-5.94213215637901e-18,-2.02212142825145e-16
"t29",0.0311668709884122,-0.00725111830607811,-0.00777226124656579,0.000336206641774156,0.00161415189141464,0.00296553293689438,0.000657809819282074,5.75256221545685e-06,-0.0252848147765321,0.0895840036399374,-0.0136687500007326,0.00139666441968717,-0.00261730850744442,-0.000537577184863003,-0.0133354168009104,0.000267976567108986,0.000161472290508053,-1.81298970628358e-05,-0.00748391839274118,0.000778267741518193,-4.37669123099271e-06,-3.00910911929648e-06,0.000821203155957759,2.65518159435528e-06,1.92891831039084e-06,-0.000217855093341566,0.0011995752090842,-1.26893335764345e-05,0.000233525789762947,-0.00373720422264324,-0.000623027676848694,0.0354635870708681,-0.000678253149243777,0.0118943849441772,-0.0007815633726198,0.000174769135787206,8.56552829596902e-06,-2.05141094677572e-05,-0.00115670855782552,-0.0003842420513188,-0.000345449277156539,0.00864974120962865,-0.000725732929157481,0.0974493077604019,0.000216577780943364,-2.80723508226892e-06,-1.50229699567699e-07,6.51990524970116e-06,-0.00104796586826174,0.00308644511281385,-3.85149924870237e-05,4.30528546325532e-05,-4.81488683205285e-06,1.97920449105438e-05,-0.000784883052756834,0.00199890867430372,-0.00162561786549699,0.0206136460574096,-0.274900239284459,-5.09177403628912e-05,-2.753950115762e-05,0.00119487887231883,-0.00062134088893491,0.000449931029444308,-0.00140610398208362,6.52537169708946e-05,-0.000125837409338163,0.000909378736359328,-0.000211707696387167,0.000895559358122422,-5.81638161779647e-06,1.30572123459473e-05,-4.37450155581047e-05,-2.6599115395474e-05,1.10877530615791e-05,3.87109086598206e-06,-9.23259503006196e-05,1.28330069760711e-05,-0.00142650586708826,-0.000426882346137284,2.33862958436681e-05,0.00177672075865185,-0.000908546842919483,-7.03065205774099e-05,0.000207871583728029,0.000134203432903544,-2.25987498833704e-05,-0.00017293383466453,-8.32920443006628e-07,3.49005890133351e-05,-0.0106701077748783,1.04091055810798e-07,7.13362453689242e-05,-5.8520428998459e-05,-4.05997271651175e-05,-1.14913466723504e-05,-1.34867842314362e-06,6.62536676880867e-06,-7.16488236357032e-05,-0.000621002722671101,-3.13697182119717e-05,2.0505570921548e-07,-4.2445577298111e-05,2.53245882922029e-05,-1.19876325167502e-05,7.24448829665291e-07,-0.000176020994604111,2.16146442916893e-07,-0.000105633040720807,7.18489454867507e-08,2.31813227181492e-06,3.73962969651799e-06,-1.12876042941366e-06,5.59543336393467e-07,-0.0127103558642013,-5.36224429773161e-09,7.52796952159454e-06,-2.98138477240894e-05,1.70003371653953e-05,-7.83295904084938e-06,5.04688685725402e-06,-1.42815726880535e-05,0.000152997630555507,0.000267156420435407,-1.25087896843915e-06,3.06603187199183e-05,-3.22723059790293e-06,0.001872235960434,-0.000104396638219829,-0.00364335059623618,-2.75119774904626e-05,0.000119835824103827,-9.66604926061394e-06,-0.000171171016868594,3.02749901896856e-07,-0.000202343765158264,0.000256294190586874,3.10970605880983e-05,-0.00153900015621515,0.00129840639918824,0.00117440329515906,0.000104864519077785,-0.000963034336031794,-6.09912043918119e-05,-3.51803064365822e-07,0.000114967373764514,4.59444362262353e-05,-0.00163627603412099,-0.000130163043406211,0.000108346575153045,0.000145592146866886,0.00559565126523585,0.000324392101487535,-0.615380815582063,-4.01269798134283e-05,-0.00037036867678806,0.147514344804327,-9.06520938413738e-05,-0.000195662097510045,-0.00230727361630145,-5.47649890263082e-05,7.82145658045562e-06,-0.000230265085525443,-6.83169989039005e-05,4.04764044458558e-05,-2.48269092136533e-05,0.0013809374976561,2.34133267238256e-05,0.00116161819414715,2.27551322650205e-05,-3.90957219374158e-05,-6.86420135329362e-06,7.69737446985556e-07,0.000116398445602421,4.65301730127339e-06,9.3999685627186e-06,4.10167184110896e-07,-1.4721046445123e-05,-0.0149037230131542,-2.38110521774852e-05,0.000153539651049804,4.81787655403936e-05,-1.00565064027783e-05,-3.96915335949317e-08,-1.18825478015816e-06,-3.88590845012869e-07,-0.00208216554627476,0.000448779676334106,0.00200654516507617,-3.27066557791843e-05,-5.1287575741634e-05,9.03740344158761e-05,7.75885726783666e-05,1.09233642803528e-08,1.04663420785471e-06,-7.92161467301911e-05,-0.000120130542823968,-1.87394863545671e-06,8.36117534432819e-05,0.000957163470816268,3.20889464438772e-05,0.00010511466481163,-8.67906487938324e-07,-3.46641341968537e-06,-0.000209681778387704,-2.1961207441331e-05,0.000131554684533209,1.53274672980634e-05,-0.000795704708126442,-1.61661231013485e-07,-0.00301569250436626,-1.87360731849087e-05,-3.82563437708598e-05,-0.000387741856523819,-2.11933904792458e-07,-2.87392727157913e-06,7.82974819776657e-07,4.93800745572962e-07,-5.15878134552959e-05,-5.2611460224137e-05,-2.3832688383545e-05,2.71837181819706e-05,5.93058412194815e-06,2.49176229854526e-05,-7.22059224446791e-05,-4.10083322270259e-06,-0.000388005830526158,-2.13442818259482e-06,-0.000194016114686497,-0.00415719741162987,6.68178997587785e-06,1.47832812754075e-06,0.00135861897277527,1.56862834692856e-05,-3.91385597171198e-06,-1.67517188323769e-07,-7.30281310238462e-05,2.56454223261664e-18,-6.77765368265462e-07,9.64980758388478e-06,-1.92034682925145e-06,-4.85267528624954e-06,-6.43862339156465e-05,8.89634821956468e-07,-1.22538124759228e-05,5.42475616526444e-06,-4.43224266634086e-06,2.85414137500661e-07,-1.33430181568369e-06,0.000532008393253379,-3.44911610143115e-07,3.7845130869416e-05,-0.000133111002048444,1.30098354176518e-07,-8.42566680466471e-09,3.97693100307955e-07,-3.67943226581328e-07,5.7845845029937e-06,6.21997284608124e-05,-1.17654579987339e-05,5.36420714134307e-06,-4.20450723363254e-05,0.000114387954681485,-6.95361437185624e-06,3.12783564231504e-05,-1.06273278538037e-05,2.43463595117467e-07,0.0028198552979805,2.68705702221068e-05,5.10778180392329e-06,4.64175546866477e-08,-7.43641447354944e-06,1.6803653764403e-06,-2.32744195883823e-06,3.68098410967476e-06,-7.11214894687382e-06,5.51609157529407e-06,-4.02386995810621e-07,7.65989617904413e-05,-3.320096572653e-07,5.44413892070574e-05,9.06178094449524e-17,-0.00013267288011899,-5.51065122753647e-06,-1.40414693040256e-10,-1.22000375128288e-06,1.78396493248198e-06,-1.10255514419344e-06,-3.12611109577174e-07,3.56662108797534e-08,-1.58998130547805e-06,6.008652055467e-05,9.43497168998308e-06,-1.68542937799132e-07,8.88107772812515e-05,-0.0001290616235433,8.199368912707e-06,-6.20019885309862e-05,2.06884495400843e-06,9.59587125493459e-05,5.55296091599202e-08,0.00385353184352977,-1.71287043978262e-05,7.57904013304981e-08,-2.37128179973634e-05,2.76927253874304e-06,-1.00451615834219e-05,7.23303175023779e-06,2.76719726261616e-05,3.26165163976387e-06,-1.03388431460099e-06,-6.7041637454318e-06,6.76707435738033e-07,-3.12456248756142e-06,3.76225165609055e-06,0.00092955988778482,-6.57216699104384e-05,-9.90933295794365e-17,1.95694314658544e-07,2.4549736315402e-06,-2.29632353237455e-07,5.50613986737877e-05,1.42414852291456e-07,1.43826863896495e-05,3.33568920336584e-05,-1.02418896153165e-05,4.36061269562677e-05,-2.70265885746485e-16,-0.00014300343494696,-2.70000272699139e-08,-4.92989870227499e-06,4.86570613484644e-07,9.14097299176788e-06,-2.69837231171889e-06,-0.00261128274174492,0.000718512922065308,-3.42170168523056e-06,0.0195213683884919,-2.55909756783199e-08,-1.69310498494763e-05,-2.88859521199084e-08,-5.16212275120218e-09,-3.29146765404794e-05,4.51888179216952e-07,-4.09190358048761e-05,9.70429025546545e-17,-3.30290858130321e-06,2.81405839116199e-07,8.1178225313341e-09,2.0975527463633e-07,-0.014509153778071,-0.000129273936376484,1.45829899812329e-06,-5.36940666474886e-06,-3.11482840409899e-06,1.60503883415387e-16,-2.46051539246759e-05,-2.04546047930323e-07,-3.18444946290334e-05,3.11205360008999e-15,1.45080235966137e-05,1.85560101917518e-06,-2.84346860433127e-07,-5.01830430669996e-05,-1.67428735077437e-05,-8.9447060099803e-06,-6.77506592178727e-06,9.01966724099671e-06,1.52259719312657e-06,8.45946859907524e-08,7.59437701369601e-05,5.88393626731756e-07,-1.78903986143085e-16,-2.40306765589218e-07,8.91375046221906e-06,3.8709549480016e-06,-0.000645708417454171,-1.32448997417067e-15,-4.95395636765802e-07,9.1866622312347e-08,-0.000275214399415783,-1.48405756852292e-07,-2.33727884861801e-05,5.27372721170069e-07,-7.00164142420234e-06,3.7873152078124e-05,0.707106781186548,0.000140308037294554,-6.70286212768281e-07,2.00985348301343e-06,0.000768554257847643,2.24314249286212e-07,-1.00118778253776e-07,-2.49279763497867e-15,-5.07493572701656e-15,-1.24751232483649e-07,-3.416279669765e-07,4.51120127834091e-08,-2.16423805508762e-05,1.43139182873538e-14,-1.02966339431144e-05,-1.21568541143536e-07,6.39279388172806e-16,-9.37211805039346e-16,6.07011012433888e-16,2.56985210881546e-05,1.61899427098815e-06,-1.76890141386249e-06,5.36604520613104e-05,7.61791279404971e-06,1.4087011128101e-06,-6.11139122268823e-07,-1.0363637403949e-15,-1.33581689148511e-07,3.74975337174478e-07,3.02191945626697e-17,-6.14420571350197e-16,-2.35626485175512e-07,-5.92329607825715e-09,-1.42434415009843e-07,0.000911491006644964,1.32681133493715e-07,-2.31325571597818e-06,-1.58053904972025e-16,-1.87894505203166e-06,7.77603679820798e-16,-2.66005197198118e-05,-7.76478490879806e-16,-1.49468924394099e-07,1.19829266580266e-16,6.13859728058198e-07,1.61632371826638e-07,3.11039617751852e-06,9.85930109958788e-06,4.35363654031901e-07,-4.99703481218091e-08,3.16559909670508e-07,1.13302144795257e-07,2.4666968694501e-05,1.89305495324385e-06,1.1015716909711e-07,-3.09553253191422e-07,-2.45124164405209e-05,-1.9855748002661e-06,-1.47367596275486e-07,4.61640515431323e-17,1.377220868463e-06,-2.37007078902492e-07,1.22009632571441e-07,8.52895300493093e-17,9.8567432977844e-07,6.44534758225619e-06,2.06196227302124e-06,-1.22391719736966e-16,-4.99486864654599e-07,-1.22291190098619e-05,9.39147029537276e-17,-3.49920658498358e-07,7.77694390820229e-07,-1.23009925448372e-16,-1.10498442039536e-16,-2.85267390930636e-08,-7.03579086642161e-06,-4.00638470791529e-08,-5.55489141045171e-05,3.56430972903916e-06,9.39447062644888e-08,4.17230922361317e-06,8.36430382873756e-07,-2.09101773135135e-05,-2.77509677563959e-15,3.8588239162297e-09,1.22645353386625e-07,3.38318942427e-07,3.16922412099583e-05,1.0168337483618e-16,-6.69906737908508e-17,0.000267567542186746,-7.90674853463891e-17,-6.15895784017951e-16,1.06191735993384e-06,-1.56149047275563e-06,-2.92341059881753e-07,-7.12798945792455e-07,7.47744629381582e-06,1.95339842637223e-06,6.4161962954523e-05,9.38729510248528e-18,5.71894426178882e-06,2.66862452952796e-07,1.22421144321642e-06,-2.67869515324205e-07,1.05585098450593e-06,-3.62028656961809e-17,-1.86669443983471e-17,2.71729647422047e-16,-4.22678095600118e-06,-4.41918598819504e-08,-2.86455872925611e-06,-5.22198454588307e-17,-3.38396851279297e-08,-3.95412583197023e-18,7.02029530023979e-17,5.51780789334329e-06,-1.38147865711825e-06,7.64145691167784e-16,-1.13901241104048e-05,-1.53517326155401e-07,3.39200823363385e-16,3.46772637991562e-07,6.27386986993004e-16,5.60050964983611e-06,3.38224726951287e-16,5.58522946515412e-06,1.0568229046892e-06,3.8262250410128e-08,1.64724020964924e-06,1.13035744606757e-05,-1.23306343032442e-07,3.77989571088422e-06,6.67822876470024e-17,2.23076201282315e-06,-1.25888388534823e-07,7.69491019530008e-17,-1.65811819224824e-08,-3.37758774067247e-07,7.84442588640545e-08,3.68654781456991e-16,2.51274994848694e-07,3.32249965881707e-07,1.1290897709436e-18,-9.21559005486853e-06,-6.99364748238045e-06,-9.54108312184226e-09,1.9823002679168e-16,1.33299922852712e-16,1.70332612377131e-07,2.37656479700152e-06,1.9224242856399e-07,-6.76401113125739e-08,1.40237847875679e-06,-2.58425642731721e-17,-2.9894598182248e-16,5.11785250925951e-06,8.94779700657613e-07,-1.31332222984941e-16,1.23601023381168e-05,3.98937604065396e-17,1.40390738500029e-07,-5.98378710129416e-05,-1.37710345285126e-06,-9.14183249847852e-06,-2.77812586913611e-16,-2.91847469844275e-17,4.29642341537427e-17,-2.35346548397663e-16,-1.61231802031598e-08,-5.59198370476544e-08,7.24791744871452e-19,-5.75584714459695e-17,1.24870800977763e-16,7.86768967688857e-08,7.06910972984026e-10,-3.89046309930143e-08,-1.54904076643866e-16,-3.0174159611901e-15,2.07192390414696e-15,-1.66625119659284e-06,5.0984848781177e-08,9.25104313575693e-18,8.940066412098e-09,-2.33813992242978e-07,5.58102174185984e-17,-8.13469910986489e-17,-7.33140458435266e-06,-1.65331541507713e-09,-3.63001369629732e-06,3.2094569115068e-16,8.9930982523507e-08,1.4509610051513e-06,1.55653916298091e-06,-0.000146328070974152,-3.43217056372958e-07,5.59557234577329e-09,7.99946173124867e-17,-4.23830174155868e-17,1.70138506553738e-16,1.06292958765172e-07,-9.62373577919867e-08,-1.64338688165825e-06,-2.85068314798572e-08,2.85541814252643e-16,-1.38137320257492e-16,-7.66171382249868e-18,3.36054092810384e-16,3.96800187437421e-17,1.35928967756463e-07,8.64241069718944e-17,-1.84807947827323e-16,-9.95651725238869e-07,-2.23598144910735e-16,-8.91250099656818e-07,-4.87437691130243e-17,-1.10489190167089e-06,-7.97379379539315e-17,-1.33683421382564e-06,-1.67267959113338e-07,-3.37202945472649e-07,8.29771134615814e-17,5.36564652083484e-06,9.73319670016423e-17,1.861025062267e-06,-2.95735204926349e-07,1.63656262882521e-09,-9.81622311695009e-17,9.00882126354386e-06,-3.26331008753212e-16,-6.48113029269861e-07,-3.30839680944183e-07,5.88533875732938e-18,-1.0920464104734e-16,-1.30409387482387e-16,-3.85166407911721e-17,-1.2579620913609e-06,-6.53013365809276e-07,-1.45789342821244e-07,-1.55622191680998e-16,4.33928363348661e-17,-3.41075835244939e-08,2.78216219039458e-07,6.24131390417047e-16,1.98565671049964e-16,-5.54110434872444e-07,-5.06295901453359e-17,-4.69880370678009e-06,2.95422119034181e-17,9.82735123434056e-07,1.18546987114476e-16,-5.07216132840208e-16,6.01282684074906e-17,1.38592479402939e-17,-7.44285758334254e-17,4.05272186063262e-16,1.886695945623e-08,-1.31946704698609e-07,-9.63529737915205e-18,-8.75708537953072e-08,3.6786662192937e-06,4.88599036688852e-17,-1.2215654540905e-16,3.86480849774836e-15,-1.81113629347008e-16,1.47915529886318e-06,2.36509499237725e-07,9.4498852477677e-17,-1.07846469792282e-17,-6.58035132200404e-07,-2.12545859304256e-07,-3.21765989727631e-09,-1.47883406076157e-16,4.07422661436916e-17,-6.21734681278741e-17,-1.9814282772809e-16,9.00559039117401e-17,-1.53563478749589e-16,5.65024203465305e-06,-4.46519778151658e-06,-1.02735148225544e-06,1.72745328752275e-17,1.03404658306508e-16,-2.30384869203895e-16,-1.25900111436361e-16,1.36195058277795e-16,-5.42335119920837e-18,8.4057284008134e-17,-1.15991932132576e-16,1.8674309722709e-18,7.27209921828223e-17,6.96180970976787e-16,-2.84851303707586e-17,7.31693757027313e-17,7.65853620533589e-17,1.24928995196988e-08,6.0319488152118e-17,1.77244157042161e-16,-1.36157384929712e-16,1.76789854256312e-07,-9.57799955218557e-08,-4.10135612212395e-17,-4.56219882327538e-09,1.61490432379768e-07,-7.10764745525526e-17,3.80256695482476e-15,-3.11256262626936e-07,-5.41414173661049e-16,3.97213440144317e-09,-3.57768433886575e-17,4.43324072590558e-17,8.70016939947644e-17,1.53621929748781e-16,1.7450467226678e-07,-5.33219902041562e-07,1.54934301828039e-16,3.76103400793941e-17,-3.26009848381407e-17,4.2930073429713e-16,2.45029690981724e-17,6.72386277226145e-17,-1.93781695502485e-16,9.20971467363039e-17,6.39535049961476e-09,2.71713712367778e-17,-1.52261245031697e-17,1.37523559136543e-17,2.42478151256992e-17,-2.36638395673328e-16,-9.91678948251857e-17,-1.3894118767089e-06,2.43769009400849e-17,-3.4770304407737e-16,9.39775692335184e-08,-4.85492530820641e-17,-5.84448223952826e-17,3.42043841197832e-17,6.65673133132434e-17,7.82449064412498e-08,1.7335437996744e-17,-2.58904118607393e-06,3.87027954390837e-16,3.55370131370439e-17,1.39591109045338e-16,1.16467030247466e-18,-6.35205838561904e-17,-7.88234122660102e-16,2.31856907767518e-06,-2.82123488876222e-16,7.33728323856558e-17,1.19081041389615e-08,-4.39037410437713e-05,-3.37525699598265e-17,2.0045060465234e-06,1.19483880978882e-06,-3.53699071962056e-17,-2.01620415494976e-16,-7.84353656192124e-17,2.33676612541043e-17,1.50678140107399e-16,-2.002330393536e-06,-3.34358096804792e-18,3.66573743655421e-16,-5.51182647781827e-17,8.01116464487155e-07,-1.56588880959004e-16,-3.37691787533669e-16,-1.92765990332816e-16,2.12990373351351e-17,-3.64681782355305e-07,6.74932031987876e-17,2.45019402070127e-09,1.0170818423831e-17,1.39866751809398e-17,-1.54513139359729e-17,-1.0066568456292e-16,-6.59934884287678e-17,-1.47268028385844e-16,-5.9734750731677e-17,-4.24633660334251e-08,6.38627739320248e-17,-1.8892121926044e-16,1.78470787095476e-08,3.37656043751534e-17,9.41293958417521e-18,-2.10558061669155e-17,-4.33109357850531e-17,-1.56958659060928e-17,2.1646865086473e-18,-1.29267163484993e-07,-1.85830281415958e-16,7.82669181994836e-18,3.84771079827656e-08,6.78533106564538e-17,-6.02323307705512e-17,-2.13982256757595e-17,-9.02541574524016e-17,-9.669165552195e-18,-2.70134182277276e-17,8.35076397549909e-18,4.24056832006126e-18,-1.9275289956481e-17,-3.55700179236686e-17,-2.22897009771158e-17,-2.01580425184113e-08,6.68339234634544e-08,7.55359990376012e-17,4.25255305272486e-17,1.251482998136e-18,5.25861484915216e-18,-5.80373422931491e-16,-1.82421373920714e-17,1.10147437881137e-16,4.13835896215601e-17,-6.36487093840914e-08,2.20830940146902e-17,-6.27153931047357e-17,3.96005578682488e-17,-1.82621268540776e-16,7.40446312091622e-09,-4.19219711931089e-16,-1.17325405786223e-09,-6.55011937218437e-18,-1.30960661336627e-16,2.6132612569205e-17,-2.27330496203983e-17,9.90433475096281e-17,4.48569220400712e-16,4.96104989421867e-17,1.41530239179321e-16,7.98026043317684e-17,-1.02220425987747e-17,1.03943416684582e-16,-3.64434305510789e-17,6.36967680367362e-17,-5.99205763511973e-17,-7.34902772531539e-17,9.57897781837838e-17,3.06628503346066e-17,1.1833709873739e-16,1.48994711135193e-16,-8.66587534654538e-17,5.67444312024601e-16,-9.18252037235626e-18,-2.75464099536951e-16,-3.6110074544648e-17,-4.13546723858368e-17,2.48489708077538e-08,-8.69641357255509e-17,-1.62733262087155e-16,-8.6031698221788e-18,-8.66225832763858e-17,9.18663583718395e-17,3.23011700222836e-17,-2.37178182783287e-17,6.29032836442172e-17,1.58656230126554e-16,7.23917832522023e-17,-1.52980926537705e-16,8.50199925590917e-17,9.72648205674885e-17,-4.54435188944921e-17,-4.38157462031718e-18,2.57965426441481e-17,2.51321560061663e-17,-3.19112622653449e-07,8.89328776927411e-18,1.92197354672726e-17,2.16839131762904e-17,5.33529843574665e-17,1.31067372840687e-16,-1.54302588697618e-17,-1.75607215237433e-18,3.98913560740475e-17,-9.15648657664058e-17,1.66288262954016e-08,2.54717977559062e-16,5.4125876910971e-17,5.22434693359205e-17,1.15708907118522e-16,-8.70468388778699e-17,3.38384359355279e-18,1.74282891723989e-16,5.12153502900554e-17,5.10710541109812e-17,-1.38375552363203e-18,-1.45930073398341e-16,-2.7356194287467e-17,4.05012867375618e-17,3.39628448897074e-07,1.41624888153259e-16,1.52408135629413e-17,-1.22797589100631e-16,-9.46020605602227e-16,-2.29428346743212e-08,-6.02626779097057e-17,1.29997052576912e-16,-5.65413491452014e-17,-2.51339183704256e-17,1.2513121519219e-17,-1.54842144636023e-17,1.08292664106904e-16,7.6535322802929e-17,-7.28736402186411e-17,-4.97028922428623e-17,6.88689340972257e-18,9.29880997865247e-17,-5.11365105539502e-17,-6.15090855288511e-17,-2.05379068318487e-17,-1.92915048751697e-18,-2.20590202075892e-16
"t53",0.0311668709884123,-0.00725111830607811,-0.0077722612465658,0.00033620664177416,0.00161415189141463,0.00296553293689439,0.000657809819282083,5.75256221545677e-06,-0.0252848147765321,0.0895840036399375,-0.0136687500007326,0.00139666441968717,-0.00261730850744443,-0.000537577184862992,-0.0133354168009104,0.00026797656710899,0.000161472290508052,-1.81298970628188e-05,-0.00748391839274122,0.000778267741518212,-4.37669123098563e-06,-3.00910911929615e-06,0.00082120315595775,2.65518159436179e-06,1.92891831040461e-06,-0.000217855093341569,0.00119957520908418,-1.26893335764399e-05,0.000233525789762941,-0.00373720422264323,-0.000623027676848709,0.035463587070868,-0.000678253149243795,0.0118943849441772,-0.000781563372619795,0.000174769135787225,8.56552829596777e-06,-2.05141094675908e-05,-0.00115670855782552,-0.000384242051318752,-0.000345449277156538,0.00864974120962867,-0.000725732929157486,0.0974493077604021,0.00021657778094337,-2.80723508231861e-06,-1.50229699530975e-07,6.51990524967868e-06,-0.00104796586826175,0.00308644511281381,-3.85149924870482e-05,4.30528546325315e-05,-4.81488683205429e-06,1.97920449105493e-05,-0.0007848830527568,0.00199890867430372,-0.00162561786549699,0.0206136460574096,-0.274900239284459,-5.09177403629173e-05,-2.75395011576184e-05,0.00119487887231883,-0.000621340888934962,0.000449931029444278,-0.00140610398208359,6.52537169709242e-05,-0.000125837409338158,0.00090937873635925,-0.000211707696387141,0.000895559358122405,-5.81638161775022e-06,1.30572123459806e-05,-4.37450155581077e-05,-2.65991153954701e-05,1.10877530615528e-05,3.87109086599538e-06,-9.23259503005479e-05,1.28330069760422e-05,-0.00142650586708826,-0.000426882346137242,2.33862958436654e-05,0.00177672075865182,-0.000908546842919464,-7.0306520577423e-05,0.000207871583728025,0.00013420343290355,-2.25987498833482e-05,-0.000172933834664525,-8.32920443031171e-07,3.49005890132714e-05,-0.0106701077748783,1.04091055907075e-07,7.13362453689161e-05,-5.85204289985538e-05,-4.05997271650409e-05,-1.14913466723627e-05,-1.34867842316615e-06,6.62536676861226e-06,-7.16488236356546e-05,-0.000621002722671055,-3.13697182119848e-05,2.05055709225728e-07,-4.24455772981121e-05,2.53245882921741e-05,-1.19876325169537e-05,7.24448829580827e-07,-0.000176020994604122,2.16146442897666e-07,-0.000105633040720643,7.1848945708443e-08,2.31813227189358e-06,3.73962969627957e-06,-1.12876042950267e-06,5.59543336407119e-07,-0.0127103558642021,-5.36224433208663e-09,7.52796952155959e-06,-2.98138477240501e-05,1.70003371654768e-05,-7.83295904095183e-06,5.0468868572088e-06,-1.42815726881022e-05,0.000152997630555546,0.000267156420435466,-1.25087896856689e-06,3.06603187199817e-05,-3.22723059790011e-06,0.00187223596043401,-0.000104396638219723,-0.00364335059623604,-2.75119774903387e-05,0.000119835824104043,-9.6660492605033e-06,-0.000171171016868519,3.02749901616778e-07,-0.000202343765158112,0.000256294190586861,3.10970605881445e-05,-0.0015390001562152,0.00129840639918835,0.0011744032951591,0.000104864519077748,-0.000963034336031806,-6.09912043918236e-05,-3.51803064723318e-07,0.00011496737376452,4.59444362261745e-05,-0.00163627603412106,-0.000130163043406259,0.000108346575153088,0.000145592146866873,0.00559565126523592,0.000324392101487454,-0.615380815582064,-4.01269798135006e-05,-0.000370368676788057,0.147514344804327,-9.06520938415656e-05,-0.000195662097510053,-0.00230727361630135,-5.47649890261662e-05,7.82145658052902e-06,-0.000230265085525458,-6.83169989036602e-05,4.04764044454196e-05,-2.48269092136423e-05,0.00138093749765648,2.34133267239036e-05,0.00116161819414743,2.27551322652607e-05,-3.9095721937104e-05,-6.86420135327997e-06,7.69737446983291e-07,0.000116398445602414,4.6530173014726e-06,9.39996856278083e-06,4.10167184049906e-07,-1.47210464450316e-05,-0.0149037230131542,-2.38110521775951e-05,0.000153539651049973,4.81787655404876e-05,-1.00565064028297e-05,-3.96915335646325e-08,-1.18825477999989e-06,-3.88590845065538e-07,-0.00208216554627443,0.000448779676334149,0.002006545165076,-3.27066557792397e-05,-5.12875757417242e-05,9.03740344160027e-05,7.75885726781605e-05,1.09233642775033e-08,1.04663420770591e-06,-7.92161467300997e-05,-0.000120130542823814,-1.87394863505055e-06,8.36117534434012e-05,0.000957163470816454,3.20889464438998e-05,0.000105114664811632,-8.67906487965436e-07,-3.466413419593e-06,-0.000209681778387214,-2.19612074413234e-05,0.000131554684533215,1.53274672984017e-05,-0.000795704708126483,-1.6166123094905e-07,-0.00301569250436588,-1.87360731848735e-05,-3.8256343770819e-05,-0.000387741856523911,-2.11933904698207e-07,-2.87392727174953e-06,7.82974819658392e-07,4.9380074553256e-07,-5.15878134552792e-05,-5.26114602242442e-05,-2.38326883838993e-05,2.71837181818189e-05,5.93058412206769e-06,2.49176229852495e-05,-7.22059224445684e-05,-4.10083322267029e-06,-0.000388005830526301,-2.13442818246896e-06,-0.000194016114686481,-0.00415719741163031,6.68178997578116e-06,1.47832812729051e-06,0.00135861897277518,1.56862834692857e-05,-3.91385597169821e-06,-1.67517188019028e-07,-7.30281310237451e-05,3.14518762889237e-17,-6.77765368301791e-07,9.64980758395677e-06,-1.9203468290626e-06,-4.85267528645703e-06,-6.43862339156753e-05,8.89634821767991e-07,-1.22538124759609e-05,5.4247561649157e-06,-4.43224266631154e-06,2.85414137692518e-07,-1.33430181579152e-06,0.000532008393253508,-3.44911610289879e-07,3.78451308697338e-05,-0.000133111002048403,1.30098354505914e-07,-8.425667197173e-09,3.97693100393656e-07,-3.67943226841398e-07,5.7845845024964e-06,6.21997284609662e-05,-1.17654579984621e-05,5.36420714119465e-06,-4.20450723362985e-05,0.000114387954681109,-6.95361437171889e-06,3.12783564230543e-05,-1.06273278538284e-05,2.43463595246335e-07,0.00281985529798043,2.68705702221427e-05,5.10778180336829e-06,4.64175549383562e-08,-7.43641447343326e-06,1.680365376413e-06,-2.32744195800019e-06,3.68098410952804e-06,-7.11214894680002e-06,5.51609157455048e-06,-4.02386995200444e-07,7.65989617906041e-05,-3.32009657233419e-07,5.44413892067531e-05,-1.65482964113787e-16,-0.000132672880119053,-5.51065122745493e-06,-1.4041441630417e-10,-1.22000375170357e-06,1.7839649326413e-06,-1.1025551443253e-06,-3.12611110518543e-07,3.56662107108237e-08,-1.58998130571645e-06,6.00865205547872e-05,9.43497168968067e-06,-1.68542938055122e-07,8.88107772812363e-05,-0.000129061623543237,8.1993689121789e-06,-6.20019885308851e-05,2.06884495621777e-06,9.59587125484414e-05,5.55296093349977e-08,0.00385353184352963,-1.71287043973659e-05,7.57904008775736e-08,-2.37128179976723e-05,2.76927253792302e-06,-1.00451615837785e-05,7.23303175101185e-06,2.76719726260221e-05,3.26165163921782e-06,-1.03388431494251e-06,-6.70416374499058e-06,6.76707435995571e-07,-3.12456248811312e-06,3.76225165642127e-06,0.000929559887783684,-6.57216699103861e-05,8.43179968225336e-17,1.95694314114848e-07,2.45497363145469e-06,-2.29632350829117e-07,5.50613986732085e-05,1.4241485227121e-07,1.43826863903784e-05,3.33568920338019e-05,-1.02418896152526e-05,4.3606126956348e-05,-4.60651283339351e-16,-0.000143003434946651,-2.70000272265477e-08,-4.92989870261762e-06,4.86570613504164e-07,9.14097299078675e-06,-2.69837231206814e-06,-0.00261128274175107,0.000718512922063233,-3.42170168642716e-06,0.0195213683884883,-2.55909763847292e-08,-1.69310498494577e-05,-2.88859533865514e-08,-5.16212349171226e-09,-3.29146765417228e-05,4.51888179423711e-07,-4.0919035804339e-05,1.64056809313714e-17,-3.30290858272816e-06,2.81405843604741e-07,8.1178229196784e-09,2.09755277089085e-07,-0.0145091537780786,-0.000129273936376903,1.45829899961276e-06,-5.36940666595323e-06,-3.11482840394609e-06,-2.95178806182968e-16,-2.46051539265843e-05,-2.0454604763872e-07,-3.18444946294377e-05,2.02463096972158e-15,1.45080235980338e-05,1.85560101831592e-06,-2.84346858216317e-07,-5.01830430680359e-05,-1.67428735052407e-05,-8.94470600963411e-06,-6.77506592060488e-06,9.0196672333809e-06,1.52259719340095e-06,8.45946873060449e-08,7.59437701323587e-05,5.88393628516977e-07,2.45264327283459e-16,-2.40306768403488e-07,8.91375046328184e-06,3.87095494778126e-06,-0.000645708417467175,1.19007957102798e-15,-4.95395634885382e-07,9.18666186130492e-08,-0.000275214399391435,-1.48405754193337e-07,-2.33727884849472e-05,5.27372724492263e-07,-7.00164142416312e-06,3.78731520676437e-05,-0.707106781186547,0.000140308037289613,-6.70286197149427e-07,2.00985349372248e-06,0.000768554257837144,2.24314245007948e-07,-1.00118786615187e-07,2.3861121412061e-15,5.07951623105e-15,-1.2475122925939e-07,-3.41627972893807e-07,4.51120013255482e-08,-2.16423805525611e-05,1.70001231724205e-14,-1.02966339471184e-05,-1.21568542461048e-07,-5.36104009244984e-16,1.00904138431166e-15,-6.39309665662942e-16,2.56985210895115e-05,1.61899427057583e-06,-1.76890141349992e-06,5.36604520669351e-05,7.61791279436498e-06,1.40870111222259e-06,-6.11139119364239e-07,3.43065468675676e-16,-1.33581688698431e-07,3.7497533421341e-07,-4.52406584967447e-17,5.2531174090663e-16,-2.35626484316847e-07,-5.92329317934846e-09,-1.42434414816036e-07,0.000911491006646884,1.32681133042866e-07,-2.31325571133133e-06,-2.43231538147619e-16,-1.87894505032971e-06,-6.71996850084643e-16,-2.6600519720127e-05,5.07271091451655e-16,-1.49468923200629e-07,-8.06413432656324e-17,6.13859729077871e-07,1.61632372656449e-07,3.11039617714494e-06,9.85930109704893e-06,4.35363651805161e-07,-4.99703506172689e-08,3.16559909627352e-07,1.1330214356826e-07,2.46669686953274e-05,1.89305495312766e-06,1.10157168885777e-07,-3.09553254112288e-07,-2.45124164398118e-05,-1.98557480162593e-06,-1.47367594066616e-07,-6.45711375931637e-18,1.37722086690708e-06,-2.3700708111688e-07,1.22009632861737e-07,3.02551447459122e-16,9.8567433115493e-07,6.44534758169851e-06,2.06196227492687e-06,8.53393495075e-17,-4.99486864452678e-07,-1.22291190110685e-05,-1.05437467103059e-16,-3.49920659088306e-07,7.77694390750096e-07,1.20690483670665e-16,2.91953622460998e-16,-2.85267373278299e-08,-7.035790867417e-06,-4.00638472797331e-08,-5.55489141042438e-05,3.5643097299467e-06,9.39447063186468e-08,4.17230922284506e-06,8.36430381853763e-07,-2.09101773128287e-05,2.64791986080704e-15,3.85882397510802e-09,1.22645353372683e-07,3.38318943189979e-07,3.16922412098459e-05,-7.81956680254833e-16,1.4987012015643e-16,0.000267567542186396,1.0114363203991e-16,-1.88687830455067e-15,1.06191735955957e-06,-1.56149047317321e-06,-2.92341059952284e-07,-7.12798946112728e-07,7.4774462932446e-06,1.95339842702594e-06,6.41619629558396e-05,-1.64163338030363e-17,5.71894426142197e-06,2.66862453634619e-07,1.22421144326216e-06,-2.67869514491159e-07,1.05585098430547e-06,1.3751607074779e-17,1.0171746121905e-18,4.91701040231739e-17,-4.22678095610567e-06,-4.4191859169839e-08,-2.86455872943179e-06,-3.02236531113329e-16,-3.3839685318184e-08,-1.30141706182058e-16,-9.73255911514902e-17,5.51780789366586e-06,-1.38147865669292e-06,6.01515365294958e-16,-1.13901241106814e-05,-1.53517325541827e-07,-4.14946490893701e-16,3.46772638061514e-07,1.86270567756258e-17,5.60050964952791e-06,-2.91805874472443e-16,5.58522946457458e-06,1.05682290485977e-06,3.82622499521262e-08,1.64724020923824e-06,1.13035744606584e-05,-1.23306341961305e-07,3.77989571047519e-06,2.34936864701316e-17,2.23076201232324e-06,-1.25888388020847e-07,-4.02492424383948e-17,-1.65811819168066e-08,-3.37758774542319e-07,7.84442574952283e-08,-3.20455168421768e-16,2.51274995013215e-07,3.32249966254615e-07,2.29969595729194e-17,-9.21559005443982e-06,-6.99364748214947e-06,-9.54108349779237e-09,-2.42255589704067e-16,-1.31422159858721e-16,1.70332612778354e-07,2.37656479714492e-06,1.92242428649662e-07,-6.76401116453736e-08,1.40237847857686e-06,-5.18941612387635e-18,3.27316313252725e-16,5.11785250914662e-06,8.94779700768982e-07,2.82554512269262e-17,1.23601023381322e-05,-3.06073449289323e-17,1.40390738992517e-07,-5.98378710112027e-05,-1.37710345265477e-06,-9.14183249884285e-06,-2.76782529335894e-16,3.84250000237788e-17,-2.81586410369086e-17,2.28771579694462e-16,-1.61231804733302e-08,-5.59198363040164e-08,-7.47353503825087e-17,9.50032878261019e-17,-1.00016872859363e-16,7.86768969198212e-08,7.06910561364966e-10,-3.89046308438497e-08,1.0554051211131e-16,1.35390423915485e-15,-2.80983190274059e-15,-1.66625119626547e-06,5.09848487205048e-08,3.22216802425374e-17,8.94006651217046e-09,-2.33813991427638e-07,2.58268193688454e-17,4.64497566139759e-17,-7.33140458410363e-06,-1.65331653183872e-09,-3.63001369594239e-06,-3.19166908448279e-16,8.99309821590135e-08,1.45096100478556e-06,1.55653916344473e-06,-0.000146328070975483,-3.43217056388721e-07,5.59557186014731e-09,-1.16245986317252e-16,-1.94588743117271e-17,4.78484881937364e-16,1.06292958388744e-07,-9.62373575943491e-08,-1.64338688106329e-06,-2.85068309086373e-08,-2.53248220199279e-16,1.63536843164603e-16,2.46139126423199e-17,-2.05484326622848e-16,-4.4100102820648e-16,1.35928967632348e-07,-1.69014822669913e-16,-7.17097304745629e-17,-9.95651724925862e-07,2.04181909226925e-16,-8.91250099972743e-07,6.18737148889736e-17,-1.10489190102657e-06,6.29168349431765e-17,-1.33683421320578e-06,-1.67267959344263e-07,-3.37202945239491e-07,-4.31786344640294e-17,5.36564652058678e-06,-1.00546959724536e-16,1.86102506248891e-06,-2.95735204479035e-07,1.63656256918392e-09,5.49948861895202e-17,9.00882126418554e-06,2.7290072658664e-16,-6.481130292849e-07,-3.30839681029176e-07,1.30599412651377e-17,9.54244756551164e-17,1.49632399943533e-16,-7.23649618428211e-18,-1.25796209174591e-06,-6.53013365908408e-07,-1.45789343176347e-07,1.17546863529373e-16,-2.82446693262985e-17,-3.41075832407306e-08,2.78216219932298e-07,-9.79999958833451e-16,-2.04880369063101e-16,-5.54110434884288e-07,8.81052217696454e-17,-4.69880370706564e-06,-4.6834627658266e-16,9.82735123359974e-07,-1.19256361107302e-16,-6.9986775678452e-16,-1.06692004303782e-16,-1.71425306650784e-17,4.67793167916983e-17,-2.30910543697147e-16,1.88669593329729e-08,-1.31946704689979e-07,5.17984039164932e-17,-8.75708538510523e-08,3.67866621913463e-06,-1.31032995546553e-16,1.11103035038092e-16,3.89728611467681e-15,1.01698827652326e-16,1.47915529918782e-06,2.36509500024585e-07,-1.43375144778192e-16,-3.00751433497748e-17,-6.58035132926505e-07,-2.12545859065001e-07,-3.21765978108343e-09,6.22125497539528e-17,-3.22991865134549e-17,2.48179756535972e-17,1.27389837889637e-16,-1.2968980054821e-16,1.41154528347175e-16,5.65024203425805e-06,-4.46519778171287e-06,-1.02735148261523e-06,-8.04994553288237e-18,-1.25473485319572e-16,6.47173476448224e-17,1.14224806299192e-16,-2.51296280549451e-16,-2.30666316809354e-16,-1.0219304742509e-16,7.64907133051466e-17,2.91803719984766e-17,-7.67431861409678e-17,8.8093605502179e-17,-6.43479503794605e-18,-4.65256637981335e-17,-6.03804122136079e-17,1.24928994691555e-08,-2.52448574682564e-17,1.39080238024755e-16,1.61030764875679e-16,1.76789855016469e-07,-9.57799959951071e-08,4.67442613180705e-17,-4.56219882239048e-09,1.6149043228111e-07,3.33299636162145e-17,4.05074093803608e-15,-3.11256262538985e-07,2.66096789152609e-16,3.97213424131993e-09,8.08977166084704e-17,-3.81080104513801e-17,-5.64573931932456e-17,2.3842583319898e-16,1.74504672985464e-07,-5.33219901822132e-07,-5.65393171062069e-17,-5.19522089319482e-17,4.27403611025741e-17,-3.95353901240238e-17,-2.53974358904729e-17,-1.26311169891028e-16,9.75188297674276e-17,-4.95946836374145e-17,6.3953506892814e-09,-3.24801469677013e-17,4.1658026658571e-18,-7.14419208613231e-17,-7.84446886310736e-18,1.97813783808734e-16,9.43079828548793e-17,-1.3894118767711e-06,4.51001423981241e-17,2.08876086401002e-16,9.39775689988776e-08,3.64715714723236e-18,-7.13247160645391e-17,-4.51954863398766e-17,-1.16628732754028e-16,7.82449060213578e-08,-8.0013888860517e-18,-2.58904118599119e-06,3.9477043946359e-16,-4.24772447327398e-17,6.62244790248571e-17,3.25133596803563e-18,7.92197605764459e-17,4.29216475185934e-16,2.31856907864324e-06,-5.27053102169851e-17,2.87231740918151e-16,1.19081038234041e-08,-4.39037410437939e-05,3.54315820578527e-17,2.00450604629889e-06,1.19483881033215e-06,1.10487330191016e-16,3.96100256551662e-16,3.51888799386418e-17,-2.73919932402978e-17,-5.04341928837369e-17,-2.0023303935748e-06,-4.8311137228995e-17,-2.76856200001446e-16,1.11794257921723e-16,8.01116464595085e-07,7.23404062387775e-17,1.71490572402387e-16,3.60536159104617e-17,2.60455805495609e-18,-3.64681782277714e-07,-7.89484926896822e-17,2.45019347901151e-09,-2.17905160482334e-17,-1.00992966269998e-16,5.05620059009796e-17,1.33054817095104e-16,3.38027104512185e-17,5.92141178545042e-17,5.90818800236479e-17,-4.24633662264307e-08,-1.22489068387843e-16,1.26051332426101e-16,1.78470789424655e-08,-2.34471534537732e-17,-6.38099235581545e-18,-8.67434933797274e-17,-9.1958393187638e-18,5.08667434319924e-17,-5.51667709587926e-17,-1.29267163472464e-07,6.77280490381463e-17,-4.1361584898835e-19,3.84771078492714e-08,-1.14726298222779e-16,1.26245963446136e-16,-6.75669011796682e-17,9.3193734052836e-17,-1.22365063497078e-16,-9.46676861834202e-17,3.07302200957081e-17,-4.18185660875268e-17,2.14812089070716e-17,9.01967073619216e-17,-1.64188125888035e-17,-2.01580424207644e-08,6.68339233624637e-08,-1.29723722561339e-16,5.8094253364792e-19,-4.73721377477634e-18,2.4827909448345e-17,-5.30066442128163e-16,2.65433618091281e-17,-6.66092539814445e-17,2.66359378053619e-18,-6.36487093686848e-08,-1.15841659107107e-16,2.40332706986191e-17,-4.84336268032468e-17,1.27027986294596e-16,7.40446290562348e-09,1.33581086455973e-16,-1.17325383502785e-09,-1.18371512436208e-17,-2.19550530640906e-16,-4.48821035555848e-17,1.72424388612813e-17,-5.05691539147056e-17,-6.92261174518908e-17,-7.60851291374243e-18,-2.42953865325195e-16,-5.29174374028752e-17,4.56143806501825e-18,-1.19587039143867e-17,9.70099620767941e-18,4.0245748308263e-17,5.5741496776979e-17,8.60245678035565e-17,-9.03084131891522e-17,-1.36958688012373e-17,-1.45354848304974e-16,-3.37098259095286e-17,6.17105233912046e-17,-7.97051227102719e-16,-7.81610356135104e-18,1.71322063217155e-16,2.79439661441765e-17,1.79170815390816e-17,2.48489709028206e-08,7.42770558383549e-17,-9.55669375016983e-17,2.61723653549229e-17,-6.38669363249052e-17,3.87193166770925e-17,-7.73728008589317e-17,7.86356375480328e-17,-7.40427031679136e-17,-4.7403177724598e-17,-4.3850816324855e-17,-2.24321429487251e-16,-2.25975090499982e-17,-3.88450827934274e-17,5.29852964546983e-18,-5.3730903898962e-17,-4.00632414764107e-17,-5.02910168288306e-17,-3.19112622583876e-07,3.35794762355619e-18,-5.71840639366183e-17,-1.16572389117262e-16,-7.36863122730865e-17,-1.57804175553858e-18,1.45391779519593e-17,2.96230497136966e-17,-1.01909497925986e-16,9.69318449811219e-17,1.66288262440135e-08,1.66951811696346e-16,-1.05672837464701e-16,-7.52748615622781e-17,-1.55188589553477e-16,3.8257517803027e-17,-4.32180437202868e-17,-1.66459036706262e-16,-2.25926886440454e-17,-7.84157730892384e-17,3.75478376836496e-17,8.90247456569808e-17,-1.99473583716611e-18,-2.78816304544529e-17,3.39628448928645e-07,-1.43615751936866e-16,-4.8786928287949e-17,-1.05888086646088e-16,-3.87710696880816e-16,-2.29428347384719e-08,5.4100625017061e-17,1.46919708950345e-17,3.92621980499968e-17,7.88489447935351e-17,-7.55435776642712e-17,1.32916767926546e-16,4.50889440061258e-17,8.81351688294707e-18,4.48570050575324e-17,1.12717615478256e-16,5.17706580869143e-17,-2.57620031875704e-17,-3.79926643378789e-17,-9.17469089821747e-18,3.22328884256516e-17,2.6099504420947e-17,-2.43392310559141e-16
"t468",0.0312456435741398,-0.00728997168770435,-0.00781526983643861,0.000338710069708238,0.00162891999061704,0.00299747160906056,0.000665036733648646,5.82091411498343e-06,-0.0256412504567668,0.091124959666808,-0.0139699549360989,0.00143499427368627,-0.00269136224562065,-0.000553031346801055,-0.0137365395481824,0.000276544601779758,0.000166766784800271,-1.87358797423497e-05,-0.00774027060988166,0.000807409843162556,-4.55509976787554e-06,-3.1598319595791e-06,0.000864901250222857,2.79736822875274e-06,2.03266595233994e-06,-0.000230198307066565,0.00126844240936887,-1.34251680149157e-05,0.000247477002409529,-0.0040070789830252,-0.000671502361356632,0.0383704358782042,-0.000738629218382735,0.0130135638242451,-0.000859666946695973,0.000193960235872715,9.52089822736124e-06,-2.28474821087649e-05,-0.00128939461446523,-0.000429140157480426,-0.000387278604293929,0.00972935935933494,-0.000818038276650439,0.109863095396494,0.000244784457367118,-3.20334553907967e-06,-1.71943769674781e-07,7.47294956580613e-06,-0.00120602193963683,0.00356781856140686,-4.47932046143995e-05,5.02154073256937e-05,-5.61831067597224e-06,2.31790028406276e-05,-0.000925936018445655,0.0023607873717672,-0.00196079861655528,0.0250147598064094,-0.333836250388104,-6.27964247146463e-05,-3.43825928877731e-05,0.00150114029684871,-0.000784637812562564,0.000568925784707132,-0.00179569665319832,8.41019422626419e-05,-0.000165658127072069,0.00120914439743629,-0.000282824607445748,0.00120680652056309,-8.23531814924463e-06,1.92901697659097e-05,-6.50790358465174e-05,-4.01605962672605e-05,1.67725221450775e-05,5.89457199185447e-06,-0.000140959926783025,1.98551726723014e-05,-0.00227821192781641,-0.000691032000031136,3.87806645461416e-05,0.00296222573671398,-0.00157903922043365,-0.000123827591054171,0.000389387467145627,0.000256026525349314,-4.39475717988825e-05,-0.000337372884238367,-1.62628046434793e-06,6.82867213622519e-05,-0.0210364014239222,2.21821432808394e-07,0.000153201268005905,-0.000132809320989485,-0.000102827658158952,-2.96470773223916e-05,-3.48257272066593e-06,1.79797080492047e-05,-0.000198272551258421,-0.00186114423303206,-0.000101149904334889,6.65779570787787e-07,-0.000138902707885022,0.00013594722021215,-6.79564429442224e-05,4.29681654600118e-06,-0.00113927524511366,1.43605447605994e-06,-0.000736677686370491,5.4239718676912e-07,1.79883197630156e-05,3.49108084591513e-05,-1.08037621793229e-05,1.27829362565934e-05,-0.421448170965376,9.82384072137889e-06,-0.00051106477941509,0.000541334221614566,-0.00017725046717666,6.11236463305594e-05,-3.43248681830476e-05,6.62216873785403e-05,-0.000581480709164409,-0.00100819225181158,4.59815049460855e-06,-9.46025611691597e-05,9.82230391279189e-06,-0.00497859183718868,0.000198325592694385,0.00689763956961378,5.08064584463232e-05,-0.000182042986438969,1.41575611330572e-05,0.000244245458485378,-3.89112704786611e-07,0.000256392127827433,-0.000263240901743306,-2.71517241447691e-05,0.00108196895409938,-0.000907286449487059,-0.000790935857992853,-6.9309217191467e-05,0.000617547170265244,3.86611700345238e-05,2.22966775876763e-07,-6.70595512199169e-05,-2.26705928035809e-05,0.000677849065287357,5.15644714249529e-05,-3.88156254921939e-05,-5.17364812991221e-05,-0.0019118127149513,-0.000108272307707484,0.199960240135172,1.0050721619242e-05,8.87269163377796e-05,-0.0342213516072916,7.963365734031e-06,1.15966336597109e-05,0.000127046226814171,1.78747776262911e-06,-2.20579592003223e-07,3.64293865549468e-07,-1.04108571508295e-07,1.03312182987613e-06,-1.17263997686904e-06,0.000142414913552494,2.45684836105739e-06,0.000122429353373607,2.55476440985591e-06,-4.69668349978058e-06,-8.32277896661857e-07,1.04824657569737e-07,1.63797967123325e-05,6.99348264855512e-07,1.43450504345569e-06,6.30767090689358e-08,-2.5715515294801e-06,-0.00290308708780548,-4.71724913393997e-06,3.08987816041994e-05,1.01318941057913e-05,-2.14916399684021e-06,-8.61338116225292e-09,-2.61515942469879e-07,-8.94382427428929e-08,-0.000484316072996114,0.000113455564232856,0.000508562975514799,-8.49935030384198e-06,-1.41935382636632e-05,2.62044607594553e-05,2.28390628583379e-05,3.28553360568326e-09,3.19709150563382e-07,-2.52616349799245e-05,-3.86473827664889e-05,-6.13844204332646e-07,2.76291580828818e-05,0.000336473301399595,1.13106816981831e-05,3.7929107962634e-05,-3.20057122437346e-07,-1.34071165335843e-06,-8.11157700342492e-05,-8.53068913714369e-06,5.17331662761651e-05,6.07765532267476e-06,-0.000322259112083599,-6.71024149277416e-08,-0.00127528805438319,-7.96735910931688e-06,-1.66643628677692e-05,-0.000171055909135413,-9.35273239694936e-08,-1.28046921320796e-06,3.57029831821524e-07,2.26135176052743e-07,-2.41502676839649e-05,-2.49883467154796e-05,-1.1374842658881e-05,1.32284709253899e-05,2.89894344426394e-06,1.22390942399274e-05,-3.59795891038411e-05,-2.04921318876682e-06,-0.000194023269604728,-1.08342327210354e-06,-9.93529357294407e-05,-0.00214932001837994,3.46934167457949e-06,7.70946828119096e-07,0.000711397308693821,8.22299753056414e-06,-2.07314917722587e-06,-8.92985035909036e-08,-3.91940408326985e-05,1.5863803623727e-18,-3.67245673899555e-07,5.23859223210978e-06,-1.05595276413442e-06,-2.6942401361353e-06,-3.6027996815105e-05,4.98036056425453e-07,-6.95792831973413e-06,3.08751191521932e-06,-2.52534223593526e-06,1.63455265200949e-07,-7.66781840055772e-07,0.000307640318715911,-1.99997333853319e-07,2.19693145927831e-05,-7.77475995020465e-05,7.79228765292655e-08,-5.09077286445572e-09,2.42022281906194e-07,-2.2741309002498e-07,3.57916994846292e-06,3.88997541340272e-05,-7.40215256977786e-06,3.40358571632049e-06,-2.67499875989232e-05,7.29828979597758e-05,-4.45408633123472e-06,2.01519328733052e-05,-6.85148467637268e-06,1.59292413506244e-07,0.00184558699942379,1.759337794816e-05,3.35769194918878e-06,3.05588606327919e-08,-4.91898979559131e-06,1.11249702474911e-06,-1.58571282970118e-06,2.51588000137102e-06,-4.87329613881923e-06,3.80168206977719e-06,-2.78620539209748e-07,5.36029637958739e-05,-2.33056149415249e-07,3.83093566523682e-05,-2.98877392537435e-16,-9.4154250542048e-05,-3.9151437226041e-06,-1.00126259304869e-10,-8.77572286334137e-07,1.29297259251237e-06,-8.01993223845579e-07,-2.27799445050605e-07,2.66068716572545e-08,-1.18794698428673e-06,4.4912042730664e-05,7.1022149936689e-06,-1.29495819464772e-07,6.84825229737013e-05,-9.97717213904765e-05,6.39205297262993e-06,-4.99695640450466e-05,1.69183605632834e-06,7.85397317964822e-05,4.54612419229333e-08,0.00327717889408846,-1.5283598635388e-05,6.80670271622708e-08,-2.15034192272643e-05,2.54161966924094e-06,-9.25406282974429e-06,6.88429240641148e-06,2.64050777347327e-05,3.12704188283631e-06,-9.9444623146479e-07,-6.51882592199363e-06,6.6615343232546e-07,-3.11201187096662e-06,3.76667546114823e-06,0.000939026194394544,-6.77110586394117e-05,1.07021697750952e-16,2.322428546872e-07,2.96229823864587e-06,-2.84364114363958e-07,6.82387352476691e-05,1.76644750023609e-07,1.79573882649641e-05,4.21772828442114e-05,-1.31516473981413e-05,5.78633136478297e-05,6.79515125450525e-16,-0.000206357599317687,-3.94073511774018e-08,-7.37873440116866e-06,7.30510831799692e-07,1.46875266287914e-05,-4.51772168512815e-06,-0.00465803146449533,0.00134437350886627,-7.20002800069231e-06,0.0467916599820922,-6.76696057749496e-08,-4.76305042291223e-05,-8.46895451334985e-08,-1.63896138605913e-08,-0.000105482074367633,1.54208671626727e-06,-0.000147179711578587,4.90076762451204e-15,-2.0881480738207e-05,2.14085219284583e-06,6.18832606491004e-08,4.09110490801926e-06,-0.375324984943228,0.0010064182222109,-8.06054431614421e-06,2.80297731996514e-05,1.33826740666475e-05,-1.82616517359373e-15,8.73908865494446e-05,6.81276543962351e-07,8.5445524644174e-05,-7.31926993027315e-15,-3.18097257226067e-05,-3.89367259012956e-06,5.83500566280514e-07,9.84384822106852e-05,3.05328602379114e-05,1.547346079304e-05,1.1258426699959e-05,-1.33720709660619e-05,-2.22797441537417e-06,-1.1493058960706e-07,-9.10997402063789e-05,-7.01475644646782e-07,3.14258187077234e-16,2.28545344206596e-07,-8.16578758593898e-06,-3.2701765748243e-06,0.000484023637787802,-3.54985413667012e-16,2.8973858799805e-07,-4.09473901095384e-08,0.000108539227511673,5.52593988675588e-08,8.11900488248358e-06,-1.60693559778936e-07,1.70931683082172e-06,-4.85185979712096e-06,2.57153373742956e-15,-7.39814654313275e-06,3.15251261324653e-08,-7.13963674452058e-08,-1.56470324551581e-05,-4.31392419153748e-09,1.51421293567249e-09,-3.29597460435593e-16,-2.55397919399652e-17,-9.0904399944341e-10,-8.61475883304311e-09,1.23409393011027e-09,-9.13254547379901e-07,1.27124065186174e-15,-7.37119220472581e-07,-1.01441073380681e-08,2.11346531181257e-16,-1.86466524198897e-16,-1.01665005155043e-18,2.99658598860211e-06,1.95013021286695e-07,-2.35541193796372e-07,7.68815498826122e-06,1.10019947902428e-06,2.17710339348296e-07,-9.51406043500714e-08,-9.48163424777206e-17,-2.3295483254488e-08,6.76870940440153e-08,2.35422460390761e-17,-9.70604515320872e-17,-4.77006148725249e-08,-1.22784907490123e-09,-3.04169187769439e-08,0.000198341365157991,2.98607050816211e-08,-5.23314510884668e-07,-1.22978692258158e-16,-4.28034274441648e-07,5.68954473381044e-17,-6.1782577339944e-06,-1.80573871827461e-16,-3.51928303853147e-08,-1.6412109955639e-16,1.46962003140361e-07,3.8822799423351e-08,7.78129722802043e-07,2.48653864508813e-06,1.10165155708719e-07,-1.28239574911433e-08,8.22004059850038e-08,3.01891732390855e-08,6.5739178147031e-06,5.08319643149462e-07,2.99757679818074e-08,-8.56769411439718e-08,-6.87716326277995e-06,-5.62816933595771e-07,-4.19778798815862e-08,9.36241909601384e-17,3.98126716606794e-07,-6.94454000683318e-08,3.702449531222e-08,3.98187728073571e-17,3.01918269411865e-07,2.00110493802903e-06,6.43752227774161e-07,1.26818406668101e-16,-1.56381264562022e-07,-3.87059911160114e-06,-2.0008331300496e-16,-1.11328223194742e-07,2.54733635411304e-07,-2.43724084890167e-17,-9.69511256472748e-16,-9.44266401565675e-09,-2.33107156601866e-06,-1.33306123341472e-08,-1.8574190937123e-05,1.20471907680935e-06,3.17816873895726e-08,1.41330643940002e-06,2.87175851073684e-07,-7.25464983999347e-06,2.24971950790742e-16,1.34393404567495e-09,4.27422335208405e-08,1.18173495862395e-07,1.10999725780786e-05,-2.57190713843162e-16,-2.98706385852537e-17,9.40567595355593e-05,-2.31928919593798e-16,-3.82930883143686e-16,3.81489931967683e-07,-5.62955327545202e-07,-1.0540386481004e-07,-2.58953115397807e-07,2.71921839708236e-06,7.10517516996588e-07,2.33701308109818e-05,2.17594955933045e-17,2.11279587414308e-06,9.88769563203754e-08,4.54023663338098e-07,-9.98123440036088e-08,3.9671795535278e-07,-1.12561099253737e-16,-3.32236220222676e-17,-8.40786503646389e-17,-1.60650614898275e-06,-1.68771941559936e-08,-1.09439127948072e-06,-7.80454670504498e-17,-1.29870715117897e-08,4.13056853453551e-16,-3.09372136114314e-17,2.15818418651936e-06,-5.40462203916262e-07,-4.41703965070595e-16,-4.47580210415251e-06,-6.04786963704085e-08,3.15263691878194e-16,1.37312455285715e-07,4.48997214897982e-16,2.23103245519852e-06,-1.15374306820489e-16,2.22613244831459e-06,4.21396894440906e-07,1.52637643673516e-08,6.57550163616603e-07,4.5187346536809e-06,-4.95584305843389e-08,1.53032591041076e-06,-8.3644738073882e-18,9.11128416264115e-07,-5.14650055960733e-08,2.30377600121808e-16,-6.786909930554e-09,-1.3855507644176e-07,3.22429140684813e-08,-1.14549986279201e-16,1.03966985719756e-07,1.37648381201572e-07,1.81655678839984e-16,-3.82445198491432e-06,-2.90477736325445e-06,-3.97506604791733e-09,-2.21701493930845e-16,-6.74350290085022e-16,7.14733616344007e-08,1.00020859883238e-06,8.09568645760202e-08,-2.88445302929029e-08,5.99219730915244e-07,4.67197474198791e-16,-3.72229253866077e-16,2.18977302149036e-06,3.8291470453132e-07,2.82682152916436e-16,5.30146425159468e-06,2.50744635913617e-16,6.03473231917534e-08,-2.57975925556592e-05,-5.93827370726554e-07,-3.94531950611853e-06,-2.35092206614736e-16,-7.36212618600774e-17,2.5224093611768e-16,8.93728465640711e-17,-7.00879775289356e-09,-2.43227463615633e-08,4.94721441442699e-16,-3.35190161505217e-16,6.51269190835008e-16,3.4293131285193e-08,3.08402145664402e-10,-1.70143464234232e-08,4.60819566594868e-16,-1.31662801321208e-16,-8.39809450280116e-16,-7.34653997137211e-07,2.2485519970575e-08,2.38853971468342e-16,3.95500096957393e-09,-1.03565277349774e-07,-3.81726784725065e-17,9.47389269251781e-16,-3.25678120679462e-06,-7.34611014433531e-10,-1.61562981603379e-06,3.67440604797383e-16,4.01380241081478e-08,6.48582713089156e-07,6.97247905332934e-07,-6.57348690190236e-05,-1.54300619423597e-07,2.5191830703032e-09,3.22176377462299e-16,2.72987774587625e-16,-5.37355525555898e-16,4.82355604983009e-08,-4.36775772058769e-08,-7.46596656038563e-07,-1.30151428849881e-08,2.20937055543642e-16,8.60096615393014e-16,7.69144527298606e-16,1.5634701517145e-16,1.07830920772133e-15,6.23768001739238e-08,1.60750133627012e-17,-1.98095855346163e-16,-4.57796845874206e-07,2.31023258284333e-16,-4.09836215826107e-07,-4.07716214655629e-16,-5.08167541379487e-07,-1.18407671028644e-16,-6.16922673948287e-07,-7.72524354331069e-08,-1.55925806363517e-07,-6.32428694506519e-17,2.48481729694512e-06,5.59737396103088e-16,8.64624091014601e-07,-1.37968447928445e-07,7.63636621719112e-10,4.77981811241394e-16,4.21058903896666e-06,-1.06408326318188e-16,-3.0370811772973e-07,-1.55052375668451e-07,1.33743330101792e-16,-1.79591878313813e-15,-5.05232832605739e-16,1.22681515210673e-15,-5.90816265762086e-07,-3.06866833776074e-07,-6.85543836659366e-08,-2.60110720596508e-16,3.16589363178053e-16,-1.60878453807922e-08,1.31246712052266e-07,5.06328127435607e-16,-4.41641774508977e-16,-2.6238893997266e-07,6.04740240769408e-16,-2.22681437958549e-06,1.2569097260436e-15,4.66802614727574e-07,-6.22982930222863e-17,8.88435004011428e-17,8.72690677701439e-17,4.18745695940946e-16,-3.00724426105496e-16,-4.98299874355959e-17,9.00326699477294e-09,-6.29683978045195e-08,-9.67874142384662e-16,-4.18574677493228e-08,1.75950559449877e-06,-3.2879006993061e-15,-1.21996810640448e-15,-1.88278789208126e-15,7.09753893466087e-16,7.09481844646721e-07,1.13516853206545e-07,1.03010699758277e-15,-4.93314997906613e-16,-3.1606514482856e-07,-1.02098933770132e-07,-1.54613357261503e-09,6.75776774746345e-16,-1.20490629163955e-15,1.49146004801629e-15,2.50841705434092e-15,-5.20050828124402e-15,-1.14355654836692e-15,2.7289563793431e-06,-2.15762418792586e-06,-4.96658542014357e-07,-1.11851538147644e-15,-4.05814027194061e-15,9.25301772948457e-15,2.81601448570237e-15,-4.95205226796143e-15,-2.9003596356845e-15,-6.0319451686247e-15,-6.01762097726751e-14,5.12197941849467e-14,2.20640064909642e-13,-0.707106781186548,-2.11581772957185e-13,-1.6692725005218e-14,1.02029313229043e-14,6.0866572510072e-09,-1.35818650372985e-15,-3.36682083993922e-14,1.48360927247432e-14,8.62209355680022e-08,-4.67230834614994e-08,1.3659019577444e-15,-2.22583359721902e-09,7.88867123301653e-08,7.91246712842383e-16,-6.36452198712707e-15,-1.5227930603251e-07,8.07201991758442e-15,1.94696003735217e-09,-2.34145345201705e-15,2.64217477221938e-16,1.10434497000028e-15,-9.75107777308833e-16,8.57833433903173e-08,-2.62172693294388e-07,-8.54082018302494e-17,-7.78764869375822e-17,-1.60679719737848e-16,-1.27874314447582e-15,1.26857075191666e-15,-1.26406084630135e-15,1.89145501812825e-16,3.38531753967366e-16,3.17583420298213e-09,3.30468028129599e-16,9.54700981843282e-16,-1.72724424069499e-16,7.19319531645862e-16,-5.74247693456604e-16,8.53619529150931e-16,-6.91405293082893e-07,1.76234261838146e-17,-2.01603048894536e-16,4.67834664590307e-08,1.34875858617864e-15,1.40560969112755e-15,-9.32537923857343e-16,2.82505236724927e-16,3.91256519238157e-08,6.43954364211521e-16,-1.29565160904837e-06,1.51563465679175e-15,3.70860923881718e-16,-1.37484396305956e-16,-1.20089620756283e-15,-6.07401749762911e-16,3.7564255770389e-16,1.16216478971526e-06,-5.10826521319194e-16,-4.22191799201085e-15,5.97617738900379e-09,-2.20348077380162e-05,-4.28209525941815e-16,1.00709958487963e-06,6.00506168061475e-07,3.34724685545746e-16,-1.13322031395958e-15,2.54674572820672e-16,-5.34063863579565e-17,-5.06576089055718e-16,-1.01121049810994e-06,6.90143237720599e-16,5.845607711894e-16,5.28446796061363e-16,4.05075519381783e-07,4.90415978845096e-16,3.0637552172152e-16,-1.12326430602882e-16,-1.10313909632219e-16,-1.84696133908227e-07,-5.15966587036119e-16,1.24153919828389e-09,-7.01849302942503e-17,1.32582033821296e-16,-6.37941145482356e-16,1.38845824795935e-15,-4.27232009353201e-16,2.5807894672078e-16,-5.84361324165241e-17,-2.1573156687418e-08,1.0037584990298e-15,-3.38043706353121e-16,9.07292672737966e-09,3.72364346256263e-17,2.26843586216342e-16,2.26591433904811e-16,5.8414825606387e-17,3.53037011886891e-16,-4.07332261672976e-16,-6.58486775618298e-08,-1.24708386883488e-16,1.64860071750341e-16,1.96179143784614e-08,4.25844677487677e-16,-4.04525376243998e-16,-3.14560486138212e-16,-2.87119179475025e-16,-9.55087213509958e-17,-1.71480436903102e-16,4.84613771515554e-16,-1.19998228171693e-16,-2.24624739843631e-16,-2.68976295640365e-16,-4.01919424296598e-18,-1.03117845831199e-08,3.42021726003908e-08,-1.68698438947153e-16,-4.33351064908595e-16,-3.75110208307274e-16,-2.33820575228686e-17,9.09591412606714e-16,-1.58456000935177e-16,-3.0215698994105e-17,-3.46287498505229e-16,-3.26389840649759e-08,-1.39356680759235e-16,-4.39624935420381e-17,-7.92562072841464e-17,1.65274810008519e-16,3.80357635147078e-09,-7.54979797416119e-17,-6.0385519686942e-10,-3.35954877019322e-16,8.55177102857256e-17,-7.12327084849758e-17,1.15519382880388e-16,2.23767593593777e-16,-5.63462267531532e-16,7.42432414100444e-18,-1.56309186401803e-16,9.67999917681619e-17,-5.65612626923036e-18,-2.2180871048544e-18,3.23710419963131e-17,6.19147297926582e-17,3.58018059964291e-16,1.41634474936237e-16,4.10399292278403e-17,-2.82143444811785e-16,2.7050243405913e-16,-9.85694054423012e-18,1.32639777577104e-17,6.82207111982192e-16,1.61216881602995e-16,-1.00964906036883e-18,2.44745537824638e-17,4.07046878760614e-16,1.28795301695033e-08,2.64993036827316e-16,-2.90417773205389e-16,5.57781155276744e-18,8.21323100636843e-17,-7.16532462913534e-17,-1.6992121276105e-16,-1.36333234027425e-17,-1.98930575066078e-17,8.68617592078799e-17,-3.24452662086273e-17,-1.66153982933404e-16,-1.45940874038669e-16,-1.34177778064457e-17,1.31151986054834e-16,3.17959434553597e-16,-1.08249216541253e-16,-2.44420128165184e-16,-1.661694909423e-07,1.06351286533143e-16,-1.62075476551132e-16,2.84516178999092e-17,-2.11890290350556e-16,3.17041541774885e-16,-4.31740226754453e-17,-1.16481658635695e-16,7.23242651324531e-17,2.02440556031508e-17,8.6998077514282e-09,1.68208490175736e-16,-1.0680848369858e-16,-7.26217744259433e-17,1.04225798429319e-16,8.34193524571692e-17,-7.73530711747598e-17,3.04241175909776e-16,1.24457014708776e-16,1.32683593893691e-16,2.74538726632802e-16,1.14443823291428e-16,-2.89792578539829e-17,1.596450354253e-16,1.78510462880984e-07,-4.61393265242446e-18,4.90870348913017e-17,-8.65485444082011e-17,-2.32507155889516e-16,-1.20845651812128e-08,-9.15727845798102e-17,-4.46759843034862e-17,1.39581961573477e-16,-5.45581900679259e-18,2.15168179147185e-16,-1.19799285632908e-17,2.58565095377515e-16,1.19558104895763e-17,7.12603132247508e-17,5.11560720825383e-17,-2.40111581563587e-17,3.56652765175004e-17,4.09136096565269e-18,4.73495519096595e-17,3.57123616791433e-17,1.02326813521194e-16,-2.0010710757653e-16
"t469",0.0312456435741398,-0.00728997168770435,-0.00781526983643862,0.000338710069708239,0.00162891999061704,0.00299747160906056,0.000665036733648645,5.82091411498219e-06,-0.0256412504567668,0.091124959666808,-0.0139699549360989,0.00143499427368629,-0.00269136224562064,-0.000553031346801066,-0.0137365395481824,0.000276544601779761,0.000166766784800276,-1.87358797423671e-05,-0.00774027060988168,0.000807409843162555,-4.55509976787585e-06,-3.15983195958331e-06,0.000864901250222868,2.79736822876575e-06,2.03266595234802e-06,-0.000230198307066566,0.00126844240936887,-1.34251680149329e-05,0.00024747700240953,-0.0040070789830252,-0.000671502361356638,0.0383704358782043,-0.000738629218382752,0.013013563824245,-0.000859666946695977,0.000193960235872731,9.5208982273573e-06,-2.28474821087105e-05,-0.00128939461446524,-0.000429140157480451,-0.000387278604293929,0.00972935935933497,-0.000818038276650455,0.109863095396494,0.000244784457367139,-3.2033455390889e-06,-1.71943769652595e-07,7.4729495658121e-06,-0.00120602193963682,0.00356781856140684,-4.47932046143658e-05,5.02154073257864e-05,-5.61831067596536e-06,2.31790028406243e-05,-0.000925936018445737,0.0023607873717672,-0.00196079861655512,0.0250147598064094,-0.333836250388104,-6.27964247146401e-05,-3.43825928877601e-05,0.00150114029684869,-0.000784637812562494,0.000568925784707188,-0.00179569665319835,8.41019422626395e-05,-0.000165658127072058,0.00120914439743632,-0.000282824607445805,0.00120680652056309,-8.23531814932124e-06,1.92901697658711e-05,-6.50790358465159e-05,-4.01605962674146e-05,1.6772522145132e-05,5.89457199185254e-06,-0.000140959926783023,1.98551726722823e-05,-0.00227821192781639,-0.000691032000031123,3.87806645461528e-05,0.00296222573671407,-0.00157903922043365,-0.000123827591054211,0.000389387467145619,0.000256026525349246,-4.39475717988834e-05,-0.000337372884238369,-1.62628046432536e-06,6.82867213622055e-05,-0.0210364014239222,2.21821432820103e-07,0.000153201268005928,-0.00013280932098937,-0.000102827658158955,-2.96470773224416e-05,-3.48257272067415e-06,1.79797080492129e-05,-0.000198272551258446,-0.00186114423303204,-0.00010114990433488,6.65779570794242e-07,-0.000138902707885004,0.000135947220212128,-6.79564429442006e-05,4.29681654601702e-06,-0.00113927524511361,1.43605447606007e-06,-0.000736677686370527,5.42397186817177e-07,1.79883197629521e-05,3.49108084591104e-05,-1.08037621793437e-05,1.27829362566274e-05,-0.421448170965377,9.82384072133066e-06,-0.000511064779415141,0.000541334221614531,-0.000177250467176756,6.11236463305081e-05,-3.4324868183094e-05,6.62216873785511e-05,-0.000581480709164432,-0.00100819225181167,4.5981504946667e-06,-9.46025611692508e-05,9.82230391277368e-06,-0.00497859183718889,0.000198325592694415,0.00689763956961377,5.08064584464363e-05,-0.000182042986438947,1.41575611330814e-05,0.000244245458485363,-3.89112704677019e-07,0.000256392127827249,-0.000263240901743208,-2.71517241447792e-05,0.00108196895409944,-0.000907286449487025,-0.000790935857992872,-6.93092171914761e-05,0.00061754717026528,3.86611700345656e-05,2.22966775884683e-07,-6.70595512199061e-05,-2.26705928036178e-05,0.000677849065287502,5.15644714249661e-05,-3.88156254921938e-05,-5.17364812990476e-05,-0.0019118127149514,-0.000108272307707461,0.199960240135173,1.00507216195441e-05,8.87269163377815e-05,-0.0342213516072915,7.96336573405937e-06,1.15966336597258e-05,0.000127046226814097,1.78747776260975e-06,-2.20579591920977e-07,3.64293865546151e-07,-1.04108571510717e-07,1.03312183025368e-06,-1.17263997682646e-06,0.000142414913552496,2.45684836107238e-06,0.000122429353373585,2.55476440982254e-06,-4.69668349983257e-06,-8.32277896670411e-07,1.04824657439373e-07,1.63797967122985e-05,6.99348265051976e-07,1.4345050434512e-06,6.30767090473452e-08,-2.57155152963875e-06,-0.00290308708780549,-4.71724913389683e-06,3.08987816042026e-05,1.01318941058351e-05,-2.14916399678959e-06,-8.61338117000824e-09,-2.61515942449534e-07,-8.94382427467474e-08,-0.000484316072995854,0.000113455564232824,0.0005085629755151,-8.49935030387818e-06,-1.41935382635867e-05,2.62044607594111e-05,2.2839062858292e-05,3.28553362669335e-09,3.19709150695626e-07,-2.52616349801335e-05,-3.86473827666791e-05,-6.13844204358457e-07,2.76291580827883e-05,0.000336473301399545,1.1310681698171e-05,3.79291079626479e-05,-3.20057122456816e-07,-1.3407116535278e-06,-8.11157700342827e-05,-8.5306891371656e-06,5.17331662760806e-05,6.07765532269385e-06,-0.000322259112083896,-6.71024149243586e-08,-0.00127528805438334,-7.96735910942564e-06,-1.66643628678706e-05,-0.000171055909135478,-9.35273239825525e-08,-1.28046921313773e-06,3.57029831716532e-07,2.26135175967449e-07,-2.41502676840459e-05,-2.49883467155647e-05,-1.13748426592693e-05,1.32284709254525e-05,2.89894344420611e-06,1.22390942399226e-05,-3.59795891039103e-05,-2.04921318879546e-06,-0.000194023269605026,-1.08342327203073e-06,-9.93529357294831e-05,-0.00214932001837999,3.4693416745406e-06,7.70946828114507e-07,0.000711397308693772,8.22299753053898e-06,-2.07314917724141e-06,-8.92985034386889e-08,-3.91940408328434e-05,5.8778176047481e-18,-3.67245673855275e-07,5.23859223212062e-06,-1.05595276415977e-06,-2.69424013626552e-06,-3.60279968150741e-05,4.98036056445153e-07,-6.95792831968492e-06,3.08751191542614e-06,-2.52534223594841e-06,1.63455265205647e-07,-7.66781840050218e-07,0.000307640318715935,-1.99997333846385e-07,2.19693145927834e-05,-7.77475995020541e-05,7.79228763860545e-08,-5.09077287540616e-09,2.42022281888475e-07,-2.27413089985589e-07,3.57916994871077e-06,3.8899754134018e-05,-7.40215256976971e-06,3.40358571634662e-06,-2.67499875989464e-05,7.29828979601052e-05,-4.45408633139434e-06,2.01519328732884e-05,-6.85148467643127e-06,1.5929241355261e-07,0.0018455869994236,1.75933779484266e-05,3.35769194987718e-06,3.05588606258856e-08,-4.91898979540009e-06,1.11249702446392e-06,-1.5857128297606e-06,2.5158800014857e-06,-4.87329613888784e-06,3.80168206979576e-06,-2.7862053910355e-07,5.36029637957259e-05,-2.33056149331253e-07,3.83093566526175e-05,-2.87583232239174e-16,-9.41542505419898e-05,-3.91514372236863e-06,-1.00126239265913e-10,-8.77572286048463e-07,1.29297259253735e-06,-8.01993223878758e-07,-2.27799445042016e-07,2.66068717958465e-08,-1.18794698437343e-06,4.49120427310502e-05,7.10221499441607e-06,-1.29495818947079e-07,6.84825229738248e-05,-9.9771721390573e-05,6.39205297252436e-06,-4.99695640450246e-05,1.69183605607095e-06,7.85397317967515e-05,4.54612419829988e-08,0.00327717889408885,-1.52835986355047e-05,6.80670273987851e-08,-2.15034192269002e-05,2.54161966942298e-06,-9.25406282932895e-06,6.88429240644095e-06,2.64050777345676e-05,3.12704188289822e-06,-9.94446231408058e-07,-6.51882592199481e-06,6.66153432588072e-07,-3.11201187116381e-06,3.76667546107758e-06,0.000939026194394837,-6.77110586395014e-05,1.67117654607729e-16,2.32242854851476e-07,2.96229823871805e-06,-2.84364114554615e-07,6.82387352476704e-05,1.7664474999175e-07,1.79573882648345e-05,4.21772828441255e-05,-1.31516473982474e-05,5.78633136479749e-05,6.71287711185526e-16,-0.000206357599317947,-3.94073512495595e-08,-7.37873440099498e-06,7.30510831952202e-07,1.46875266289697e-05,-4.51772168498465e-06,-0.00465803146449506,0.00134437350886645,-7.20002800069465e-06,0.046791659982092,-6.76696058950617e-08,-4.76305042292725e-05,-8.46895452418871e-08,-1.63896135677889e-08,-0.000105482074367414,1.54208671607747e-06,-0.000147179711578607,4.86606574704125e-15,-2.08814807385616e-05,2.1408521930231e-06,6.18832604285317e-08,4.09110490802548e-06,-0.375324984943228,0.00100641822221111,-8.06054431603334e-06,2.802977319974e-05,1.33826740667563e-05,-1.53701245186364e-15,8.73908865501269e-05,6.81276544031554e-07,8.54455246442926e-05,-7.13522562435922e-15,-3.18097257226752e-05,-3.89367259003768e-06,5.83500566294891e-07,9.8438482210685e-05,3.05328602375022e-05,1.54734607928846e-05,1.12584267001885e-05,-1.33720709660839e-05,-2.22797441547903e-06,-1.14930589454929e-07,-9.1099740206205e-05,-7.01475644913045e-07,2.99451939191036e-16,2.2854534443588e-07,-8.16578758580377e-06,-3.27017657482291e-06,0.000484023637787286,-2.43252826283094e-16,2.89738587953488e-07,-4.09473906077835e-08,0.000108539227511589,5.52593985022285e-08,8.1190048823934e-06,-1.60693559473767e-07,1.70931683063986e-06,-4.8518597972201e-06,2.04247999325283e-15,-7.39814654325739e-06,3.15251259072223e-08,-7.13963675471479e-08,-1.5647032455303e-05,-4.31392439701831e-09,1.51421276153937e-09,-3.58220397789211e-16,-1.45993758538022e-16,-9.09044211340502e-10,-8.61475900595303e-09,1.23409383625508e-09,-9.13254547607028e-07,9.36578538752978e-16,-7.37119220633399e-07,-1.01441076025272e-08,-7.95499106419281e-17,5.48792200116829e-17,2.22364232534386e-16,2.99658598871858e-06,1.95013021221903e-07,-2.3554119418615e-07,7.68815498814786e-06,1.10019947880025e-06,2.17710339405775e-07,-9.51406045600557e-08,6.82156353929226e-17,-2.32954833789361e-08,6.76870940395237e-08,2.50542480228781e-16,-2.53243915265825e-16,-4.7700614756388e-08,-1.22784849613077e-09,-3.04169186004837e-08,0.000198341365157972,2.98607045975445e-08,-5.23314510252685e-07,-3.26727385522397e-16,-4.2803427399929e-07,1.7907950377583e-16,-6.17825773408313e-06,-5.43456338958359e-17,-3.51928305206204e-08,1.62678600317116e-16,1.46962002805509e-07,3.88227993785238e-08,7.78129722625252e-07,2.48653864514869e-06,1.1016515524582e-07,-1.28239575911455e-08,8.22004057734494e-08,3.0189172832408e-08,6.57391781469531e-06,5.08319642945603e-07,2.99757681947824e-08,-8.56769416054122e-08,-6.87716326306552e-06,-5.62816933604987e-07,-4.19778798942147e-08,3.07430358647149e-17,3.98126716839948e-07,-6.94454005128327e-08,3.70244953438571e-08,1.10563121072519e-16,3.01918268921887e-07,2.00110493805366e-06,6.43752227654415e-07,-5.81115457311117e-17,-1.56381264821395e-07,-3.87059911238681e-06,2.27577786856158e-16,-1.11328223255742e-07,2.5473363556791e-07,-2.30445891086967e-17,1.82349907774646e-16,-9.44266398969555e-09,-2.33107156612122e-06,-1.33306117972212e-08,-1.85741909371754e-05,1.20471907709633e-06,3.17816871618939e-08,1.41330643940998e-06,2.87175850658e-07,-7.25464984006317e-06,2.6717452035474e-16,1.34393408795343e-09,4.27422333350736e-08,1.18173495858205e-07,1.10999725777242e-05,-4.3060441025656e-16,5.87070778844862e-17,9.40567595365899e-05,7.94540156960317e-17,-6.6230839106791e-16,3.81489931512243e-07,-5.62955328118816e-07,-1.05403864978849e-07,-2.58953115158112e-07,2.71921839715415e-06,7.10517516931482e-07,2.33701308108316e-05,7.16389813360468e-17,2.11279587426099e-06,9.88769545737793e-08,4.54023662963259e-07,-9.98123438358534e-08,3.96717954758029e-07,-1.44202014061608e-16,4.66925821874937e-17,3.06885031255884e-16,-1.60650614882603e-06,-1.68771941747993e-08,-1.09439127903139e-06,4.15987693933554e-16,-1.29870719612949e-08,-5.30552130251026e-17,5.40558028397212e-17,2.15818418638819e-06,-5.40462204014492e-07,-7.88214979396962e-17,-4.47580210416532e-06,-6.04786965590028e-08,-5.50724158669446e-16,1.3731245578416e-07,-1.35333320948927e-16,2.23103245551454e-06,9.90355609304038e-17,2.22613244835345e-06,4.21396894334484e-07,1.52637643363809e-08,6.57550163480469e-07,4.51873465450136e-06,-4.95584321995291e-08,1.53032591033235e-06,1.03247504369164e-16,9.11128415898686e-07,-5.14650057697314e-08,-1.78400513129983e-16,-6.78690966648992e-09,-1.38555076427346e-07,3.22429130663726e-08,8.15465697909832e-17,1.03966986020254e-07,1.37648381724056e-07,-8.76955785422951e-17,-3.82445198511351e-06,-2.90477736324344e-06,-3.97506615310375e-09,1.87460159787148e-16,5.17815980235864e-16,7.14733617567289e-08,1.00020859843491e-06,8.09568640958158e-08,-2.8844530379434e-08,5.99219731032865e-07,-4.2293664167238e-16,1.85346188040545e-16,2.18977302227066e-06,3.82914705187593e-07,-1.96726988232654e-16,5.30146425140397e-06,-2.5261258938666e-16,6.03473238478588e-08,-2.57975925559233e-05,-5.93827370219786e-07,-3.94531950584617e-06,-1.80465315194999e-16,5.36393923175755e-17,-1.86393807768234e-16,-1.80222517686972e-16,-7.00879702667754e-09,-2.43227453414149e-08,-3.9573303127439e-16,4.09884268218946e-16,-8.01610137913103e-16,3.4293131741122e-08,3.08401943418019e-10,-1.70143458324424e-08,-5.16172271063527e-16,1.61654543917589e-16,6.6855971713603e-16,-7.34653997150697e-07,2.24855186946805e-08,-6.18925715489315e-17,3.95500350829327e-09,-1.03565277585093e-07,1.99526006837692e-17,-7.79791319380129e-16,-3.2567812063632e-06,-7.34611051651816e-10,-1.61562981645288e-06,-3.10951214647838e-16,4.01380245819865e-08,6.48582714353318e-07,6.97247905121909e-07,-6.57348690205885e-05,-1.54300618689701e-07,2.51918533772986e-09,-3.46126559546475e-16,-4.26333754130764e-16,3.21240618691221e-16,4.82355603711864e-08,-4.36775770351698e-08,-7.46596655355669e-07,-1.30151436405781e-08,-4.41273090861525e-16,-8.58160862881103e-16,-4.5205094924437e-16,-1.06713677036336e-16,-1.29915651518228e-15,6.23768000165169e-08,-7.23791305922915e-17,3.95200854407711e-16,-4.57796845035335e-07,-1.63471465740254e-16,-4.09836215051911e-07,4.27411509260748e-16,-5.08167542525964e-07,7.88055002889684e-17,-6.16922673232775e-07,-7.72524348978021e-08,-1.55925806053889e-07,7.74313079647e-17,2.48481729768831e-06,-5.68238365630547e-16,8.64624090107624e-07,-1.37968447498948e-07,7.63637454344842e-10,-1.11230974135014e-15,4.21058903937475e-06,-1.30780433632786e-16,-3.03708118130645e-07,-1.55052375918376e-07,-1.82482874421424e-16,1.73260420883709e-15,3.6260889628673e-16,-1.23288089158908e-15,-5.90816267285018e-07,-3.06866834504278e-07,-6.8554385521919e-08,2.89331035667742e-16,-2.70426954181875e-16,-1.60878448700647e-08,1.31246712559889e-07,-5.08264226770271e-16,3.96335970966117e-16,-2.62388937056582e-07,-6.48998294240389e-16,-2.22681437758332e-06,-8.03131862136716e-16,4.66802616623044e-07,8.82796680498426e-17,-7.68271934158043e-16,-5.89614579372274e-17,-3.48405222925287e-16,2.63562021433171e-16,-1.35143145883164e-16,9.0032642313192e-09,-6.29683951168668e-08,9.16259820162979e-16,-4.18574684927943e-08,1.7595055933536e-06,3.27552685903371e-15,1.1236935971442e-15,5.3582788944496e-15,-8.08637279271507e-16,7.09481847825114e-07,1.13516854560124e-07,-8.33725867292124e-16,4.64065149587765e-16,-3.16065143415106e-07,-1.02098930873282e-07,-1.54613363316274e-09,-5.88492816826869e-16,1.24635631228228e-15,-1.43546534494575e-15,-2.51646883768375e-15,5.15324025256756e-15,1.17486270463017e-15,2.72895637797181e-06,-2.15762418087393e-06,-4.96658537136309e-07,1.1139133098909e-15,3.87016497549392e-15,-9.04545450489374e-15,-2.68599906811487e-15,4.85443049100032e-15,2.92841991656504e-15,6.05087770456477e-15,6.01061421284185e-14,-5.12030674975296e-14,-2.20610318875894e-13,0.707106781186547,2.11503277857932e-13,1.67010621786001e-14,-1.01748493099169e-14,6.08664700160914e-09,1.35706576415191e-15,3.39513126762675e-14,-1.47960003268387e-14,8.6220938298265e-08,-4.67230890523091e-08,-1.16740538589202e-15,-2.22584421198378e-09,7.88867085917803e-08,-7.62180528474535e-16,1.00636351315593e-14,-1.52279310983962e-07,-7.97359794999846e-15,1.94695353482051e-09,2.27154075482676e-15,-2.55592026160174e-16,-1.13225169874214e-15,7.91711960705111e-16,8.57833484418697e-08,-2.62172696773384e-07,3.34340774341562e-16,5.76134684621942e-17,2.0199330812525e-16,7.97110992477186e-16,-1.20774701004023e-15,1.34370150953176e-15,-2.65933391260948e-16,-3.2828408808185e-16,3.1758338898174e-09,-3.18270421476301e-16,-9.58815284532752e-16,1.52762950375863e-16,-6.51273526902779e-16,4.12649677969726e-16,-7.89885274670179e-16,-6.91405293761294e-07,3.50316568380334e-19,2.14041571914565e-16,4.67834659041407e-08,-1.41428567101223e-15,-1.48695876782715e-15,9.07431733266454e-16,-3.44361017062552e-16,3.9125652559715e-08,-7.12275186792384e-16,-1.29565160829802e-06,-6.04432171449858e-16,-3.96678224587951e-16,1.29324032180493e-16,7.77410862396496e-16,5.83625833036755e-16,-5.44086299515997e-16,1.16216478896937e-06,5.0545503693137e-16,4.38447152254008e-15,5.97617830067611e-09,-2.20348077371053e-05,4.56458309717426e-16,1.00709958477023e-06,6.00506168886171e-07,-4.23033075762584e-16,7.95033352288056e-16,-2.41877103665399e-16,1.07505221603941e-17,6.42090885062852e-16,-1.01121049740718e-06,-5.2942403051441e-16,-6.33216803012211e-16,-5.77546025835246e-16,4.05075519303237e-07,-4.2804062150236e-16,-1.3094493801596e-16,1.19457877364893e-16,1.00273542075277e-16,-1.84696133169259e-07,3.63856010006851e-16,1.24153961002718e-09,-1.51249624668693e-18,1.16644254313673e-16,6.23655099895515e-16,-1.32709441632185e-15,5.46287730037262e-16,-3.03552440264649e-16,-2.5919572787896e-18,-2.15731563150947e-08,-1.12779253443454e-15,4.65857495954413e-16,9.07292673567080e-09,-1.10845189322781e-16,-1.74129243094585e-16,-5.10846594544405e-16,-9.21274432957255e-17,-3.4148695580866e-16,3.0178371606904e-16,-6.58486777240886e-08,1.40237331172416e-16,8.64782003448335e-17,1.96179141418875e-08,-4.43998670879106e-16,3.96858313281585e-16,7.63808100701765e-17,2.4291414515671e-16,1.33789991811175e-16,3.04929814085797e-16,-4.3234984139803e-16,2.6826475969015e-17,8.52383325021565e-17,3.20190642459959e-16,1.8085177405856e-17,-1.03117838319892e-08,3.42021720958009e-08,1.37603628362035e-16,3.30635714063655e-16,3.87176977506547e-16,2.75791655015405e-16,6.72205346941013e-18,3.02507523834927e-16,6.26574141423544e-17,5.32314280110829e-16,-3.26389840390391e-08,1.48451859874658e-16,9.01221089064819e-17,3.64001160826894e-17,-1.15340556038145e-16,3.80357618102787e-09,2.14974378061839e-16,-6.03854352626505e-10,3.09962217298403e-16,-1.78744397546006e-16,-6.10966308657565e-17,-8.43073508328376e-17,-9.10137751977062e-17,5.56957394878357e-16,-3.62097457946273e-17,3.53380207102305e-18,-1.31173057011497e-16,-3.59292470047108e-17,-1.75116440776336e-17,-1.8704921231092e-17,-4.99732021256449e-17,-3.73480804398771e-16,-1.97802279115657e-16,-3.06515945512405e-17,2.67166582362666e-16,-4.55367317599834e-16,-3.09203917907561e-17,5.24042629468646e-17,-1.16633048705128e-16,-1.35977740237499e-16,-5.80048020152177e-17,-2.80016066941469e-17,-3.03759393218047e-16,1.287953002425e-08,-1.83695115667762e-16,2.63121645957077e-16,6.05883650297595e-17,-1.32032528278512e-16,-4.91966852254708e-17,1.49227530053566e-16,-6.93251292124984e-17,3.93050440514736e-16,-1.30777250941149e-16,-1.04895801148254e-16,1.16118052673198e-16,1.84106965936057e-16,1.42679022564384e-17,-1.72179447814314e-16,-3.00081606074348e-16,-1.06306395377684e-16,2.39510644020569e-16,-1.66169490900613e-07,-1.1222989415354e-16,1.63239899319808e-16,-4.73779100840291e-17,6.95724754981933e-17,-1.34955116542624e-16,1.64938539656294e-18,8.18227664683625e-17,1.03498264915212e-16,2.8591896753125e-17,8.69980768312446e-09,-1.02647399425368e-17,1.50438766367915e-17,-1.10115870766185e-16,-9.05490385763975e-17,-4.77787090208217e-17,1.27358953250913e-16,-4.10613364039106e-16,1.22582775246261e-17,-1.60461045601411e-16,-1.86328343590798e-16,-1.59561998362043e-18,-3.37047259029557e-17,-6.33516597202296e-17,1.78510462837746e-07,4.26706144418881e-17,2.67269919737547e-17,-1.84234219099914e-17,-2.79941000935757e-16,-1.20845650888726e-08,6.96531034134164e-17,6.88098703858367e-17,-4.51548380237339e-17,-4.17827012323942e-17,-1.36340512454651e-16,-8.61600614070313e-17,1.30701583850967e-16,8.61011989447147e-18,-1.18153948691417e-16,6.99350213802378e-18,1.86387281685747e-17,2.72890107533609e-18,-2.50414443919563e-17,3.53014372184792e-17,1.88957813020897e-17,1.18126491041238e-16,-2.4159835366175e-16
"t158",0.0312214314496584,-0.00727806745112835,-0.00780209508330262,0.000337944837841049,0.00162441432422089,0.0029877447858107,0.000662836325857877,5.80012330611958e-06,-0.0255330960079793,0.0906589642714124,-0.0138793430072853,0.00142352970290589,-0.00266923244505267,-0.000548415323603263,-0.0136168955024188,0.000273994055983178,0.000165192053748426,-1.85557628769422e-05,-0.00766414047842206,0.000798783908799353,-4.50247114065473e-06,-3.11578690128219e-06,0.00085217111060438,2.75596024061934e-06,2.00245928364971e-06,-0.000226614662367315,0.00124846269554982,-1.32118089471241e-05,0.000243438684911314,-0.00392988856885445,-0.00065770987589799,0.0375465286824366,-0.000721626111813875,0.0126998148937656,-0.000837884564584186,0.000188653787036495,9.25712424009304e-06,-2.22044599392985e-05,-0.00125285948217179,-0.000416799830977118,-0.00037582262934248,0.00943459637862432,-0.000792886005462389,0.106481016113364,0.000237117650492327,-3.0966207132189e-06,-1.66109257510888e-07,7.21719978734567e-06,-0.0011637618545932,0.00343962403725706,-4.31302361250276e-05,4.83230061152887e-05,-5.40611915047212e-06,2.22873270619935e-05,-0.000889035775822958,0.00226620941692733,-0.0018747451846761,0.0238904682011247,-0.31878971582196,-5.9801550750412e-05,-3.26739889821339e-05,0.00142504502113054,-0.000744226248438991,0.000539507614843592,-0.00170010767607338,7.95092472345882e-05,-0.000156105051021851,0.00113774236263488,-0.000265941581786094,0.0011333647853341,-7.6831799473929e-06,1.79047774706003e-05,-6.03570189584959e-05,-3.71851251269094e-05,1.5526630599479e-05,5.45279802729622e-06,-0.000130358252199365,1.83359953786207e-05,-0.00209715524037075,-0.000635283064948134,3.55721568651713e-05,0.00271582058631651,-0.00144250336400557,-0.000112997312917878,0.000353661497131326,0.00023223510139054,-3.98113148584012e-05,-0.000305554765448208,-1.4728214594959e-06,6.18343811725191e-05,-0.0190391119717761,1.9980223836492e-07,0.000137932689640104,-0.000119215996689785,-9.18239366429041e-05,-2.64535874192397e-05,-3.10732611885589e-06,1.60101107890196e-05,-0.000176420151258466,-0.00165130901080168,-8.95362419027867e-05,5.89214294114151e-07,-0.000122899885455506,0.000119002710969971,-5.94378182169342e-05,3.75579969746496e-06,-0.00099469770352137,1.25341653431346e-06,-0.000642624602560738,4.72744110680088e-07,1.56739408565643e-05,3.03687210993261e-05,-9.39626699150924e-06,1.10688248322653e-05,-0.364590476514848,8.48089579804478e-06,-0.000440789120338417,0.000465695396359644,-0.000152104394109113,5.23531498266624e-05,-2.93680220777105e-05,5.64472054295026e-05,-0.000494447586752984,-0.000857210953304113,3.90818357307267e-06,-8.02049455444405e-05,8.32569322621515e-06,-0.00421082684415674,0.000166689778649681,0.00579695623110966,4.26770833366461e-05,-0.000152262834587106,1.18315761731085e-05,0.000203993014205376,-3.24170461271845e-07,0.000213526075105409,-0.000218057885244128,-2.23934348284558e-05,0.000886995609530829,-0.000743663825279904,-0.000647622251285161,-5.67205973378533e-05,0.000504949850320449,3.16017337567453e-05,1.82252781873795e-07,-5.46855607275616e-05,-1.84001972231637e-05,0.000547498780794912,4.15978795519868e-05,-3.12287483999235e-05,-4.16151308696593e-05,-0.00153620910671493,-8.69475697846647e-05,0.160465552280776,8.01388268325333e-06,7.06725606704842e-05,-0.02723785869422,6.23123373403427e-06,9.03580851555167e-06,9.89264780544784e-05,1.38679904863767e-06,-1.71006675767211e-07,2.81094122505448e-07,-8.02852977408123e-08,7.93010311912039e-07,-8.96021205123225e-07,0.000107368507317004,1.85136000105104e-06,9.22453306952007e-05,1.92131659653388e-06,-3.52440647416484e-06,-6.24345990284321e-07,7.82921988325013e-08,1.22169476666594e-05,5.20047808784345e-07,1.06593302063814e-06,4.685238316294e-08,-1.89662549705636e-06,-0.00212528316187104,-3.44892581267161e-06,2.25631291439752e-05,7.37143834255465e-06,-1.56139418916524e-06,-6.24897862475426e-09,-1.89477917497345e-07,-6.45121370528617e-08,-0.000348949320097293,8.09508397629286e-05,0.000362742505941015,-6.04225882863476e-06,-9.99732365223893e-06,1.83132957993744e-05,1.59177320689742e-05,2.28047868650637e-09,2.21225147622723e-07,-1.73180122164248e-05,-2.64404928946584e-05,-4.18135528299417e-07,1.87790510137385e-05,0.000224783633019825,7.5499432114803e-06,2.51285981416223e-05,-2.10460295941324e-07,-8.65499732726746e-07,-5.23599541754186e-05,-5.49697842676063e-06,3.31578902119684e-05,3.8808527027161e-06,-0.000203713419472092,-4.18807585913479e-08,-0.00078764483283401,-4.90469349020648e-06,-1.01052015703772e-05,-0.000102844275162832,-5.62188276721835e-08,-7.64497538770755e-07,2.09455123533556e-07,1.32209276022832e-07,-1.38575988034235e-05,-1.41485780891025e-05,-6.41038919050595e-06,7.30916741386603e-06,1.59407818432216e-06,6.69437417537128e-06,-1.93568898129608e-05,-1.09872770609761e-06,-0.000103942563796262,-5.69603686171722e-07,-5.16253323928848e-05,-0.00110202690450034,1.76793140084962e-06,3.90341045179566e-07,0.000357998778602233,4.13089096949026e-06,-1.02459245131546e-06,-4.36757991284693e-08,-1.89505082661371e-05,4.82417171439755e-17,-1.74588299278736e-07,2.48187405921555e-06,-4.88253235055469e-07,-1.22178784617981e-06,-1.6070748061473e-05,2.21932364353475e-07,-3.00320705183656e-06,1.32529830007696e-06,-1.08121566621205e-06,6.91204033674947e-08,-3.21497510110225e-07,0.00012695718528931,-8.19457106935625e-08,8.97479148743055e-06,-3.12395599261375e-05,2.90669844053964e-08,-1.84564606691339e-09,8.56039210504606e-08,-7.59781039915804e-08,1.19072455260873e-06,1.23949916435631e-05,-2.29949836328897e-06,1.01804260195695e-06,-7.90115181857681e-06,2.12696100010781e-05,-1.27358893764425e-06,5.59667807479382e-06,-1.89636344095103e-06,4.06967566625003e-08,0.000470604989889232,4.47633324350065e-06,8.34521997607435e-07,7.52772126837023e-09,-1.17699259416864e-06,2.64724186171595e-07,-3.07485892976904e-07,4.75255559626721e-07,-9.01117523532235e-07,6.67819662964584e-07,-4.68607901482421e-08,8.09652752841726e-06,-3.40241481710425e-08,5.43873572518292e-06,6.0886560468234e-16,-1.20502708699977e-05,-4.9379653034686e-07,-1.20188731099814e-11,-9.25375572065408e-08,1.19864190704274e-07,-6.94416461386778e-08,-1.90310070067943e-08,1.15147804933911e-09,-4.82460655096095e-08,1.79162768670265e-06,1.96189947264772e-07,1.06337720859235e-09,-9.97849670243639e-07,1.89765708802485e-06,-2.16451422299207e-07,4.64414166826048e-06,-2.0123609272536e-07,-9.46290219617701e-06,-5.49829333992053e-09,-0.000618931567108041,4.18915420520531e-06,-1.94360648251789e-08,6.50579046373916e-06,-8.22446767906051e-07,3.05518537880205e-06,-2.66168556717329e-06,-1.03248273758184e-05,-1.24802692684925e-06,4.02430473521997e-07,2.75874447580594e-06,-2.95821014953326e-07,1.44324598163302e-06,-1.77968224954813e-06,-0.000457709480396748,3.52102285537351e-05,-1.84663268851978e-16,-1.7222834280836e-07,-2.26950389696248e-06,2.28563818537551e-07,-5.49255468774815e-05,-1.42393024069902e-07,-1.46445098268405e-05,-3.51531578407335e-05,1.12464449274523e-05,-5.20933893483976e-05,-9.42370399486279e-16,0.00020842372430125,4.0364301004497e-08,7.78721719312349e-06,-7.7369316044917e-07,-1.67329849496835e-05,5.3556579247288e-06,0.00583818029928694,-0.00175024207653245,1.0169332585412e-05,-0.0711841770260139,1.07921174830673e-07,7.80051995745188e-05,1.4100159361152e-07,2.8098177163658e-08,0.00018142178657862,-2.70787997254408e-06,0.000262642769055045,-1.11023349821756e-14,4.20347660332096e-05,-4.41908970672293e-06,-1.27769303592761e-07,-9.07402720166833e-06,0.841566794502176,-0.00258092917012831,2.14893273994691e-05,-7.53047688999188e-05,-3.70220609858222e-05,3.71133653209008e-15,-0.000250033110024783,-1.97390838710906e-06,-0.000259596819193547,2.17243946280943e-14,0.000101806179149937,1.2616943468347e-05,-1.90297384502225e-06,-0.000325350964567801,-0.000103210950388527,-5.32022998389945e-05,-3.92307893980611e-05,4.84956775521593e-05,8.11874139867099e-06,4.3063690468075e-07,0.000358738701143101,2.76940564468807e-06,-6.5870058811216e-16,-9.97545947206567e-07,3.62847230373602e-05,1.5122370950896e-05,-0.00238123450468304,5.55049597473469e-16,-1.63962328017801e-06,2.74798913939538e-07,-0.000790975771392665,-4.19066774880041e-07,-6.46689067360855e-05,1.40793669945348e-06,-1.77288852491283e-05,8.59621550305371e-05,-4.0068595728836e-15,0.000294709105106739,-1.39935636114284e-06,4.14426046057506e-06,0.00155872203044945,4.54372735260382e-07,-2.01884602503297e-07,7.63278329429795e-16,1.63999683173759e-16,-2.45331940067386e-07,-6.58237844990135e-07,8.67064323163036e-08,-4.08861161264572e-05,2.86825695276503e-14,-1.87845011467827e-05,-2.18614029267456e-07,-2.85189320913379e-16,1.28568450050368e-16,-3.32637759714532e-16,4.4348540648215e-05,2.78036244071857e-06,-2.98893769793313e-06,8.94936542885098e-05,1.2686034649961e-05,2.31506668360114e-06,-1.00285794180177e-06,-5.65931833282054e-16,-2.13823922130085e-07,5.95304176347908e-07,-2.00758812372883e-16,4.09645413729368e-16,-3.63055424010343e-07,-9.06570507528469e-09,-2.16110808066253e-07,0.0013751730318472,1.98092290300162e-07,-3.44799572256458e-06,2.04674686657048e-16,-2.79439276600603e-06,-4.60819590316017e-16,-3.93118740450446e-05,-4.04095702212504e-16,-2.1989464145789e-07,3.36344697014384e-17,8.98016480677504e-07,2.36187009544162e-07,4.48042656562335e-06,1.41604015211314e-05,6.245317189366e-07,-7.13109146727521e-08,4.4976252083472e-07,1.59392453822791e-07,3.46983000790612e-05,2.65506965723441e-06,1.53684241781282e-07,-4.28914468056385e-07,-3.37747505254683e-05,-2.72413147969826e-06,-2.0176298255805e-07,-1.68259757442459e-16,1.87373873688317e-06,-3.20565981383014e-07,1.62456587639379e-07,9.38945570660686e-17,1.30679736188928e-06,8.49148661488835e-06,2.70943392576995e-06,-9.45756454820249e-17,-6.55453625261409e-07,-1.59644657569286e-05,-8.00317679002538e-17,-4.55659977000214e-07,9.98269588798431e-07,3.9774970129765e-18,1.1420462738632e-15,-3.64239172413311e-08,-8.97933223802192e-06,-5.10197441369674e-08,-7.05611994657327e-05,4.50242963804629e-06,1.18614682116791e-07,5.26445083730871e-06,1.04791191640817e-06,-2.60513854164557e-05,1.0178761045837e-15,4.79769997601307e-09,1.52432141325828e-07,4.19970089308487e-07,3.92833486834491e-05,7.5578488729765e-17,-2.35505494141401e-17,0.000330998456784976,2.19712896959282e-16,-1.4645525051883e-15,1.29801521868731e-06,-1.90487199075659e-06,-3.56613903184476e-07,-8.65815325809105e-07,9.07746474899157e-06,2.37109732284289e-06,7.78209665967669e-05,-1.06734805182174e-16,6.8804555459726e-06,3.20522821572609e-07,1.46956392223091e-06,-3.20681443256139e-07,1.25788768917413e-06,2.47739251251552e-16,5.28938781265924e-17,7.93000103218205e-17,-5.00155128783636e-06,-5.2143150830478e-08,-3.37924101225918e-06,-6.64738245696526e-16,-3.98116580288185e-08,-8.47119796379846e-17,7.40201153616152e-17,6.41754142985689e-06,-1.60651840154257e-06,2.25839312528731e-16,-1.3209739272469e-05,-1.77764961662805e-07,3.68671565099028e-16,4.00281399432351e-07,3.61401276520258e-16,6.44064213138346e-06,2.42178075531034e-17,6.42094115723269e-06,1.21464262711719e-06,4.39633875166038e-08,1.89192030300641e-06,1.29708923454644e-05,-1.41020712268297e-07,4.30312437744335e-06,-6.75893640474576e-17,2.52544572426033e-06,-1.42434835559107e-07,-1.44093560021733e-16,-1.87460028081096e-08,-3.81319203331722e-07,8.844962332312e-08,-1.02270969887943e-16,2.82126356346857e-07,3.72734370815416e-07,-1.48033568269132e-16,-1.03271751310604e-05,-7.83300280323649e-06,-1.06649621668773e-08,-7.545404255938e-17,1.80624104652992e-16,1.89518468714342e-07,2.63913463756331e-06,2.13397601065766e-07,-7.4468921916177e-08,1.54194586741082e-06,-6.50142296477469e-17,1.86418581151694e-16,5.62215441665889e-06,9.82838085931223e-07,7.70675011466134e-18,1.35561518142086e-05,-1.45667856777313e-17,1.53754598124322e-07,-6.54058449458597e-05,-1.50503634237971e-06,-9.9856946910946e-06,-2.65366186437824e-16,2.96664418793171e-17,-1.27860123429125e-17,4.94645789230995e-17,-1.75269872816088e-08,-6.0764980359346e-08,5.57311113315826e-18,1.69957710112959e-17,1.72948002321686e-16,8.5374081538434e-08,7.66621930515064e-10,-4.21220424060926e-08,2.84950260104747e-17,1.56165770419381e-16,7.07319944802387e-16,-1.79425918019372e-06,5.48915704120297e-08,-1.38337820640095e-16,9.60510119532058e-09,-2.50997810136275e-07,-6.44661419326244e-17,-1.11634882358651e-16,-7.85487933039889e-06,-1.77109006813018e-09,-3.88418047699656e-06,-1.0269830679607e-16,9.60464892311744e-08,1.54803164412567e-06,1.65830154851402e-06,-0.000155593238288641,-3.64760532301876e-07,5.94108008944935e-09,1.05824352436892e-16,3.13555226251826e-16,-1.08383497572837e-16,1.12249213349004e-07,-1.01621851817284e-07,-1.73416190180844e-06,-2.99799807270524e-08,1.03107504649131e-16,2.78569225117692e-17,-1.85611123994478e-16,1.45643530719437e-17,-5.92344589163252e-16,1.42457538237595e-07,1.07151096661031e-17,-4.20203839400908e-17,-1.04207077878226e-06,-3.57517914278674e-17,-9.32735130812179e-07,8.09241562738566e-18,-1.1561823211759e-06,2.56531712546657e-17,-1.39566642412224e-06,-1.74533964591473e-07,-3.51558628785004e-07,2.73225762718031e-17,5.58838603210955e-06,7.74744739240455e-17,1.93399706569051e-06,-3.06458512524918e-07,1.69569601212371e-09,2.42469927571139e-16,9.32372082154769e-06,2.39786831128184e-16,-6.69570445246706e-07,-3.41763162940685e-07,-5.21376216981101e-17,6.10792148648033e-17,1.92406906680564e-16,-9.11787956900856e-18,-1.29760059353242e-06,-6.73331232274366e-07,-1.50258544922889e-07,1.04955171423247e-17,-3.00230631309586e-17,-3.50789071647736e-08,2.86112611387395e-07,3.1804058975739e-16,1.40657093694367e-17,-5.68358499729695e-07,2.14200825538176e-17,-4.81697765085701e-06,-5.31729835503181e-16,1.00585837413374e-06,-2.92456451788689e-17,-5.76697709106528e-16,-2.7760705126053e-17,-4.62753302268941e-17,5.01563378651804e-17,3.29721190650833e-16,1.92498552370645e-08,-1.34618975733248e-07,1.50909489411616e-17,-8.92470447873247e-08,3.74737866490454e-06,-3.02970093009032e-17,5.79742814352123e-17,4.09426784592958e-15,4.85516478534358e-17,1.50386230451744e-06,2.40351970908913e-07,-1.93857696090631e-16,-1.86405365697904e-17,-6.68392153033223e-07,-2.15877179766273e-07,-3.26737660784849e-09,-1.16580889761468e-16,-4.01214118385075e-17,-5.4056350987885e-17,1.07659724768819e-16,1.62423518792766e-16,-2.16956631871783e-17,5.71742360134966e-06,-4.51682182370418e-06,-1.03889462576792e-06,-2.28322061938689e-18,2.37364261383549e-16,-1.11653405810819e-16,-1.41482994431552e-16,1.00172429374544e-16,1.46638419452771e-18,5.71489927530356e-17,8.78372680045063e-17,-1.04590349457377e-17,1.06061532593313e-16,-1.03664612810705e-15,1.02844780127277e-16,9.16900427877839e-18,1.98287851614302e-17,1.25661023081463e-08,6.73157398690353e-17,-8.38822375423683e-18,-5.18304656149847e-17,1.77702348650974e-07,-9.62589796763783e-08,-1.49935427028762e-16,-4.58455976798424e-09,1.62144465143715e-07,-1.84138546642168e-17,4.01933327808457e-15,-3.12189078887376e-07,1.01020865948304e-17,3.97896003530847e-09,3.13945424812554e-17,4.18116937284723e-18,5.85014545410269e-17,-5.99212367091207e-17,1.74457192239478e-07,-5.33003371025236e-07,-8.80326713767673e-17,-2.18505634075968e-17,-6.56134965371723e-18,-9.30229605007322e-17,4.63496428737553e-17,-1.72334297994361e-16,1.08011286296899e-16,4.46700533276658e-17,6.34960567083477e-09,-3.18522270579222e-17,4.09488503448044e-17,3.08819475522228e-17,-1.22855135762172e-16,6.32172084339831e-17,-5.96332917259629e-17,-1.37751251621696e-06,-4.24632862780787e-17,-1.56094537030194e-16,9.31484336035532e-08,6.83061940753927e-17,6.37746489117374e-17,1.73588007252804e-17,6.30338136703777e-17,7.73200089157232e-08,1.27733612758526e-17,-2.55706444786969e-06,5.75651463430308e-16,-4.67402020356924e-18,-1.15495238525765e-16,-1.14575923313603e-16,3.59604060458772e-17,-2.79331640927323e-16,2.28743888504176e-06,-3.64716716445849e-16,-3.06742020794577e-17,1.17384579697908e-08,-4.32764661184548e-05,1.02919791617795e-17,1.97445946637792e-06,1.17666650179394e-06,9.89023426697738e-17,2.64300723174583e-16,4.62620851391306e-17,2.39699171353907e-17,-1.99462957696604e-16,-1.965456713273e-06,-1.18410798647788e-16,-1.09451160673662e-16,1.93386096851055e-17,7.85711733229387e-07,-2.73725979553129e-17,-1.84822335882226e-16,3.05302910038403e-17,-3.12845647581326e-18,-3.57279555730265e-07,1.91383491971932e-16,2.39965582848624e-09,7.23918010177628e-18,1.00736429491871e-16,7.57335520901039e-18,-8.25870023254193e-17,-3.42796750797732e-17,4.09075587671332e-17,5.77405878040897e-17,-4.15142920517217e-08,6.13348407360635e-17,-1.08940112279012e-16,1.74406159592532e-08,-1.35217207695157e-17,-2.20579902449916e-17,1.79247440352493e-16,-2.17959394747651e-18,-5.64387423187814e-17,-3.44864215294085e-17,-1.26151954127206e-07,-2.39827021789188e-17,-1.43029886078651e-16,3.75271879990292e-08,4.96021925607387e-17,2.26915260070889e-17,-2.0729451845862e-16,1.78229516300726e-17,-2.88841326346755e-17,9.73559569097565e-17,-3.74530280217399e-17,4.85943820930461e-17,1.28653518343317e-16,-3.09307538546495e-17,-3.46024992970806e-17,-1.96170130800638e-08,6.50230284429111e-08,-5.53941174168097e-17,2.25538530575225e-16,-2.2168620968533e-17,-2.43766700397492e-16,-4.51082313862594e-16,-1.27906827924986e-16,-2.19493205318921e-17,-1.22231635744544e-16,-6.18395649318707e-08,-4.70736392763699e-17,-6.39904543479783e-17,-1.50801950946955e-16,-9.69279490549076e-17,7.1857210848395e-09,4.72894024043008e-17,-1.13712854117987e-09,-1.96296202968251e-17,-2.21599300975381e-16,1.28217035505129e-16,-6.63906646614351e-17,-1.28490597624466e-16,-1.35937587192713e-16,4.75949395440739e-17,1.6800579026734e-16,5.35548783212045e-17,-1.1420073793421e-17,5.01875812569279e-17,-2.30985951267461e-17,1.08981434415185e-16,4.65638766586901e-17,4.84801075462276e-17,-2.01173625557352e-17,1.3867367455308e-17,1.14750482938016e-16,-6.3132103487041e-18,-2.52666909589452e-17,8.78745860799501e-17,-2.0475204578044e-17,5.77813010242542e-17,2.98592984910222e-19,-6.17110448173669e-17,2.39722278736664e-08,-1.07481387225575e-16,-2.08847746611407e-16,1.97577693614141e-17,-3.21415743986485e-16,7.49678497269252e-17,-1.77292134240415e-17,1.02116492450688e-16,-3.77677649909185e-16,-4.15226758730777e-17,8.53757308568027e-17,-1.98625837999344e-16,-7.82202509778875e-17,-4.65545217477566e-17,5.36292941206504e-17,-5.91627692203986e-17,1.79015532770426e-16,-1.3561807798464e-17,-3.06915954473751e-07,8.62284510281559e-18,-1.91135268306473e-17,4.56311852184465e-17,9.0622827474534e-17,-1.15977823696589e-17,7.26207935080004e-17,6.23298731967981e-17,-3.21739015822406e-16,-4.85494617431584e-17,1.59442261564033e-08,3.10527749385326e-16,1.17955730262678e-16,1.46925170197194e-16,2.53244813642525e-17,-1.70684612340024e-17,-5.01867247812101e-17,9.23650654511789e-17,-7.47704496232298e-17,-6.68672130931618e-18,-7.3194874078355e-17,-1.61716919123092e-16,9.51725446924948e-17,-1.08652587952307e-16,3.24667678540365e-07,-4.14018723073116e-17,-1.59172570555449e-16,-1.02213733994667e-16,-3.80771802976909e-16,-2.19020237603095e-08,-7.4290928579861e-17,7.20691897102686e-17,-8.15339613709115e-17,7.7935040028609e-17,-6.85990855479842e-17,1.36334639251684e-16,3.53078694225906e-17,2.38557241272004e-17,1.35822681222749e-17,-7.96784611975544e-17,1.06118115223207e-16,5.9897288197879e-17,-1.03648429894456e-16,-1.12680984174754e-16,-6.19781002052039e-17,2.86876125414241e-17,-2.11058288514607e-16
"t574",0.0312442115519117,-0.00728926290315674,-0.00781448508209891,0.00033866428445473,0.00162864933882897,0.0029968851320322,0.000664903994234317,5.81965732177524e-06,-0.0256346793048731,0.0910964465613506,-0.0139643500456941,0.00143427658019225,-0.00268997431250936,-0.00055274155192741,-0.0137290063930092,0.00027638334921185,0.00016666704991559,-1.87244564423641e-05,-0.00773543367369357,0.000806858031065696,-4.55170923023283e-06,-3.15693864666543e-06,0.000864059635321835,2.7946287728918e-06,2.0306665925871e-06,-0.000229959720186054,0.0012671102057286,-1.34109250808773e-05,0.000247206469703637,-0.00400177910027582,-0.000670545119645924,0.0383127999244468,-0.000737423962056866,0.0129911147000061,-0.000858091747308544,0.000193569679762332,9.50142531567794e-06,-2.27998277598287e-05,-0.00128668243903615,-0.000428220669592897,-0.000386418755569187,0.0097070942240298,-0.000816130727540813,0.109606512633205,0.000244200015861841,-3.19506226167426e-06,-1.71488393939534e-07,7.45293575367464e-06,-0.00120269007783029,0.00355762858255499,-4.46595512267552e-05,5.00625210989681e-05,-5.60115470645997e-06,2.31064365770767e-05,-0.000922893770755718,0.00235297439253049,-0.00195342507196671,0.024917428399872,-0.332532043641167,-6.25300464708245e-05,-3.42275433726942e-05,0.00149416479683424,-0.000780902573071361,0.000566200957417732,-0.00178670267290087,8.36635701380056e-05,-0.000164716195641172,0.0012019979688177,-0.000281122942036084,0.00119930900046816,-8.1748356679114e-06,1.91294325232842e-05,-6.45261207350261e-05,-3.98054143276762e-05,1.66234360441179e-05,5.84125793238327e-06,-0.000139676140494018,1.96680767766619e-05,-0.00225501583693924,-0.000683771022459683,3.83505140439085e-05,0.00292897910253793,-0.00155970387724671,-0.000122270437617428,0.000383886697756197,0.000252290098864517,-4.32844868664769e-05,-0.000332254824381724,-1.60157414826288e-06,6.72455991666283e-05,-0.0207115217627011,2.17938730558837e-07,0.00015048763960056,-0.000130255757536903,-0.000100526609512402,-2.89673138450862e-05,-3.40263090705549e-06,1.75397486035031e-05,-0.000193300084016064,-0.00180967340118631,-9.80993808147537e-05,6.45538075089766e-07,-0.000134640831152097,0.00012871478760674,-6.41170444575645e-05,4.04156494355538e-06,-0.00106464497594561,1.33916031744443e-06,-0.000684150923297447,5.00015781330898e-07,1.65367414843252e-05,3.13889770774737e-05,-9.67930069357036e-06,7.13541847885236e-06,0.433939001283425,1.24473009194926e-05,-0.000598548314795745,0.000584792003069952,-0.000185883899430771,6.32764627433779e-05,-3.53382189348884e-05,6.72634266047451e-05,-0.000587051233889772,-0.00101764040555651,4.63770719301704e-06,-9.49509292349282e-05,9.85482524939064e-06,-0.00497722822898969,0.000196574119402928,0.00683612647734462,5.03214688284177e-05,-0.000179395700530069,1.39381526023151e-05,0.000240291727948407,-3.81716074390715e-07,0.000251417797033906,-0.00025652766046475,-2.63172247622044e-05,0.00104011688395091,-0.000871971504866493,-0.000758968677078948,-6.64540117501321e-05,0.000591318275408629,3.69999216226329e-05,2.13384530829504e-07,-6.39287102249754e-05,-2.1423241090815e-05,0.000633669359410137,4.80557211069255e-05,-3.59060380666301e-05,-4.78279100862047e-05,-0.00176182014517073,-9.95848124888578e-05,0.183497033221235,8.9878004272747e-06,7.89320264926862e-05,-0.030324586969442,5.6269139104007e-06,6.5805638544486e-06,6.79429387930979e-05,3.90550370317602e-07,-2.12399800284701e-08,-5.47487981703714e-06,-1.83551419828768e-06,2.05437598979245e-06,-1.796581878101e-06,0.000176796950461201,3.03962365378374e-06,0.000151340875772394,3.12053550811203e-06,-5.66763679918329e-06,-1.00272547982175e-06,1.23900002787727e-07,1.92626927510895e-05,8.1446053146937e-07,1.66699286150185e-06,7.32199799211943e-08,-2.93484993841029e-06,-0.00327036784605324,-5.30393403467337e-06,3.46813033124619e-05,1.13183962307661e-05,-2.3968040395518e-06,-9.59071491109577e-09,-2.90773362108603e-07,-9.90061521492337e-08,-0.000535584908688524,0.000124514630566368,0.000558011414299541,-9.30574869074615e-06,-1.54603912953226e-05,2.84414441888034e-05,2.47611738258224e-05,3.55650348615733e-09,3.45700604815618e-07,-2.72359813697875e-05,-4.16440443506296e-05,-6.60679502994959e-07,2.97209497846952e-05,0.000360628543731929,1.21208515814499e-05,4.05941932625218e-05,-3.42159362489939e-07,-1.43002260271694e-06,-8.65184572581405e-05,-9.09719500619915e-06,5.51389205213283e-05,6.47547683660507e-06,-0.000343057514446131,-7.13671302659228e-08,-0.00135546752214149,-8.46673993161136e-06,-1.76959106954922e-05,-0.000181581402340575,-9.92814342340634e-08,-1.35891737728316e-06,3.78706229024032e-07,2.39844151946227e-07,-2.56046186298031e-05,-2.6488039965041e-05,-1.20568521143252e-05,1.40193333351238e-05,3.07218071299215e-06,1.2970215068783e-05,-3.81278717876346e-05,-2.17157115213063e-06,-0.000205608479298877,-1.14816875645203e-06,-0.000105296382809735,-0.00227810003803345,3.67739402800306e-06,8.1722578625617e-07,0.00075414529845199,8.71726963860387e-06,-2.19815388151969e-06,-9.46949640506112e-08,-4.15688990205393e-05,5.81471969067825e-17,-3.89592189458286e-07,5.5576430118174e-06,-1.12070031596486e-06,-2.86040336110367e-06,-3.82614632898577e-05,5.28920460628153e-07,-7.39395883671063e-06,3.28135910379635e-06,-2.68403261421797e-06,1.7377059240814e-07,-8.1531580354167e-07,0.000327221918980006,-2.12759898825463e-07,2.33727525187689e-05,-8.27439518122645e-05,8.30690919843354e-08,-5.43054656795892e-09,2.58323908798721e-07,-2.43054891768991e-07,3.82573141467261e-06,4.16215267301278e-05,-7.92477274087543e-06,3.64710166618097e-06,-2.86722063033597e-05,7.82515633547796e-05,-4.77771639572577e-06,2.16305204904394e-05,-7.35475891564022e-06,1.71299256370201e-07,0.00198478478952311,1.89212125059898e-05,3.61295657339612e-06,3.28884147781987e-08,-5.29728099995268e-06,1.19819402072199e-06,-1.71492016330072e-06,2.72221943461516e-06,-5.27506737022066e-06,4.11892910357315e-06,-3.02101573436105e-07,5.82245433808449e-05,-2.53286371026323e-07,4.16527636299992e-05,-5.72095667751427e-17,-0.000102527924093317,-4.26421795204525e-06,-1.09127488815414e-10,-9.58052249491711e-07,1.41364151517219e-06,-8.7747499224654e-07,-2.49329794193078e-07,2.92668789450154e-08,-1.30715727668976e-06,4.94235353221949e-05,7.82810037524571e-06,-1.43423259641114e-07,7.59153129726557e-05,-0.000110669863224698,7.10533883596011e-06,-5.60461931047577e-05,1.90560574669799e-06,8.84861301646283e-05,5.12224359582969e-08,0.00373677123842273,-1.77239215823347e-05,7.9128846815172e-08,-2.50912500495575e-05,2.9798113652188e-06,-1.08659513667391e-05,8.19520790532646e-06,3.14684139747357e-05,3.73446649733807e-06,-1.18934551992575e-06,-7.8350115030762e-06,8.05271703418079e-07,-3.78310241337346e-06,4.59061324929114e-06,0.00114954460285469,-8.37343744734502e-05,1.26590923743689e-16,3.13436957982006e-07,4.04700481582191e-06,-3.96320209420232e-07,9.51642020036246e-05,2.46507842694445e-07,2.51919883111626e-05,5.9784994855218e-05,-1.88869609666312e-05,8.55693904481132e-05,-3.28294129667413e-16,-0.000332565152858715,-6.43434036916331e-08,-1.24177792452974e-05,1.2341079882177e-06,2.72257383705785e-05,-8.93844760288243e-06,-0.0103638858487809,0.00332472014978195,-2.55326193660897e-05,0.372937377572282,7.81993940850279e-06,0.000471458160492821,5.09478368947912e-07,5.45369281199494e-08,0.000332742261622248,-3.56518621537174e-06,0.000274883551927886,-2.64005850846551e-15,1.00064698498106e-05,-7.55965365965947e-07,-2.17827384424278e-08,-4.08523163144848e-07,0.0266889569998037,0.0001715404609766,-1.73270884039661e-06,6.24783900215111e-06,3.3556485339851e-06,-4.82376342235333e-16,2.43574111683804e-05,1.96355910468821e-07,2.73328960180954e-05,-2.06309316870074e-15,-1.10794729847312e-05,-1.37928819415231e-06,2.08431157262604e-07,3.57452515712971e-05,1.13704445258953e-05,5.86242373492518e-06,4.31927601008829e-06,-5.30118859342611e-06,-8.86344402310019e-07,-4.65888565020441e-08,-3.79565545088768e-05,-2.92627681374205e-07,2.23283279727774e-16,9.88388621202923e-08,-3.54652106212859e-06,-1.43094230053215e-06,0.000213189632586305,-2.38073323899008e-16,1.27005441362939e-07,-1.7269596726125e-08,4.43603361490362e-05,2.21734239632767e-08,3.17518017444431e-06,-5.91534082736147e-08,5.41610303356772e-07,-2.4606369021109e-07,-1.09524852887186e-15,5.99752148109943e-06,-3.12190311239132e-08,1.09263980565251e-07,4.9745599387677e-05,1.46928532351531e-08,-6.84112429464815e-09,5.46437894932694e-17,-2.11058485748937e-16,-1.04686245117484e-08,-3.29917367572704e-08,4.42519449051488e-09,-2.35283226536553e-06,2.12284359871817e-15,-1.33955178619053e-06,-1.6880358744266e-08,1.09269176846246e-16,1.16346428622409e-16,-6.94798359440735e-17,4.20873276393269e-06,2.69894842412945e-07,-3.12115229488074e-07,9.8880490975358e-06,1.41055412649971e-06,2.71964130439766e-07,-1.18527947063862e-07,-1.17653521614526e-16,-2.78808131806931e-08,8.00922768575549e-08,1.4089733560813e-16,-5.77917518400617e-18,-5.44900758368514e-08,-1.39317185054094e-09,-3.42292808381521e-08,0.000222074570891006,3.31412258194368e-08,-5.80040848320588e-07,-3.60767975273893e-16,-4.73597634801122e-07,-4.10077726707464e-16,-6.80308295272094e-06,-1.78324152319553e-16,-3.86234832592006e-08,1.61070857569485e-17,1.60648651991309e-07,4.24056832089679e-08,8.42079067948104e-07,2.68609533725892e-06,1.18919994575186e-07,-1.38010418596471e-08,8.82433480723215e-08,3.2237100291287e-08,7.01955846730052e-06,5.41961376692429e-07,3.18759044630196e-08,-9.0811368135387e-08,-7.27080126253753e-06,-5.93913029371575e-07,-4.42577711014052e-08,1.03649997768436e-16,4.18651969032856e-07,-7.28550810022727e-08,3.86180725288575e-08,-2.93770833961289e-16,3.14447855757447e-07,2.07980630285582e-06,6.68507538005592e-07,-2.57682217222436e-16,-1.62326297637421e-07,-4.01129334671795e-06,-1.41072384174062e-16,-1.15288086570925e-07,2.62724182289213e-07,2.53793522974592e-16,-1.03975650502947e-16,-9.72523303665659e-09,-2.40053748385982e-06,-1.37202121285813e-08,-1.91049020988527e-05,1.23745377505659e-06,3.26415664720469e-08,1.45131394546676e-06,2.94414154151791e-07,-7.42832906619704e-06,2.82678611421283e-16,1.37549790086762e-09,4.37428084827762e-08,1.20908371051951e-07,1.13533621272428e-05,-4.44786361490488e-16,1.38528708582383e-16,9.61642376493684e-05,-4.36860587225523e-17,-4.81909562934527e-16,3.89117929014454e-07,-5.73998483204955e-07,-1.07470681800723e-07,-2.63825401734134e-07,2.77009878426733e-06,7.23796573228007e-07,2.3803582497934e-05,-1.53015409812597e-16,2.14897842608219e-06,1.00542188930242e-07,4.61628163238978e-07,-1.0143920637526e-07,4.02874533915928e-07,-4.25139089610037e-18,-9.58951248372448e-17,-3.26026395193585e-16,-1.62976734044154e-06,-1.7114456438227e-08,-1.10974204270614e-06,-3.62788222315072e-17,-1.31641672821176e-08,4.6766114789466e-16,2.06912184917116e-16,2.18424687148692e-06,-5.46979166183942e-07,-1.7130394325271e-17,-4.52821953737044e-06,-6.11751140182383e-08,3.08680834055451e-16,1.38840234901249e-07,1.5421840333183e-16,2.25485846827517e-06,-2.02836432437821e-16,2.24981917763112e-06,4.25867983392797e-07,1.54251973246643e-08,6.64473626783367e-07,4.5658391057363e-06,-5.00560608255251e-08,1.54491717489571e-06,-1.03541401570519e-16,9.19279958399827e-07,-5.19223495383967e-08,2.38945756447111e-16,-6.84668365128726e-09,-1.39755637586524e-07,3.25182336883847e-08,-7.77075025602751e-17,1.04811800706199e-07,1.38756016147065e-07,2.71032107368435e-16,-3.85483079767912e-06,-2.92770429585722e-06,-4.00570881919547e-09,-1.39863269919786e-16,-4.58876702076287e-17,7.19946326289288e-08,1.00733437473363e-06,8.15308674578537e-08,-2.90294300633918e-08,6.0299908222391e-07,9.25871054712198e-17,1.30396570560854e-16,2.2034309784662e-06,3.85299634743192e-07,-2.24989219047804e-16,5.33387027493006e-06,-1.78811270289556e-18,6.07096074460246e-08,-2.59486940135759e-05,-5.97299464831129e-07,-3.96823010534598e-06,3.15432276655736e-17,3.42312593189996e-16,-3.69407544331635e-16,6.07709283722198e-17,-7.04708048611713e-09,-2.44549389934194e-08,4.55624977019761e-16,2.36563958307908e-16,1.26352161583478e-16,3.44761893915513e-08,3.10034968801627e-10,-1.71025882655382e-08,-5.56744964305466e-16,7.47205032222698e-16,5.0428953547732e-17,-7.38203623610712e-07,2.25939002489e-08,2.35379614836702e-17,3.97355154350815e-09,-1.04045713922179e-07,1.76608434178069e-16,2.89341061380893e-16,-3.27150496626982e-06,-7.37925169141761e-10,-1.62280995136746e-06,1.99834075119752e-16,4.03119867557484e-08,6.51355327731053e-07,7.00172158117986e-07,-6.60034997056056e-05,-1.54926823659961e-07,2.52927519643816e-09,3.27467548233301e-16,-6.0957830347156e-18,5.38206258627588e-16,4.84152090626622e-08,-4.38400700901406e-08,-7.49348824921579e-07,-1.30609641094454e-08,3.22541272080494e-16,-3.34729682944322e-16,-6.07635212372169e-16,3.68381909069262e-16,-9.49715314767681e-17,6.25862208784647e-08,4.38060140024129e-16,-1.11271157427938e-17,-4.59305813057702e-07,-5.3653980467385e-16,-4.11185776667734e-07,-7.47456924712018e-17,-5.09838149008653e-07,-2.40072893619789e-16,-6.18887665655891e-07,-7.74966627005093e-08,-1.56413168637873e-07,-2.44664004003455e-16,2.49247616615329e-06,-7.88455845456917e-18,8.67209431566143e-07,-1.38365216645262e-07,7.65829556447235e-10,-3.36975478526309e-17,4.22249055681721e-06,-4.36154910270636e-16,-3.045458417779e-07,-1.55479550280323e-07,-2.20360571119749e-16,1.3262927159477e-17,-1.5881212091505e-16,2.97933974135867e-16,-5.92411836888651e-07,-3.07691233361136e-07,-6.87374410375295e-08,-2.01806115849285e-16,4.84522318019519e-16,-1.61295843254153e-08,1.31586796955213e-07,-2.87622555781895e-16,2.87842291055052e-17,-2.63045306345873e-07,4.57188518014353e-16,-2.23234356001812e-06,2.15493712674075e-15,4.67937241282761e-07,-5.93466355307262e-16,-1.24328425485625e-15,-1.55117615284912e-16,-8.09784334857544e-18,-4.13710881690843e-16,-9.56815499356405e-17,9.02424194799554e-09,-6.31150192680211e-08,-3.75317613475522e-16,-4.1953530971747e-08,1.76351945268367e-06,-1.3131634288635e-16,-3.38243971634264e-16,2.69471774658765e-15,-2.49040520792247e-16,7.11059426094196e-07,1.1376778127282e-07,3.93738227363003e-16,1.28413725437192e-16,-3.1675924629578e-07,-1.0232295907738e-07,-1.54951632594579e-09,-8.52823444242702e-16,3.63860167082405e-16,2.05572319440048e-16,3.9157660167411e-16,3.30341365583481e-16,-9.59696218669229e-16,2.73466150241238e-06,-2.16211614172381e-06,-4.97688282102944e-07,-2.18990668250522e-17,7.08667206449032e-16,-2.27317517465732e-16,-2.83509130632672e-16,-7.23756138816529e-17,2.45875509738794e-16,-5.68215951850929e-16,3.09838959089444e-16,1.39772542191462e-15,-4.7174414871822e-16,1.26570684176246e-15,6.88204458777982e-16,-1.42002754242939e-15,8.45425493407626e-16,6.09845473440786e-09,-2.25561506086808e-16,-3.25601201164273e-15,-5.86323705978655e-16,8.63867004514903e-08,-4.68127364396072e-08,-1.57756448386786e-15,-2.2301049790203e-09,7.90363393504118e-08,-8.7211580630114e-16,3.38165049780798e-16,-1.52564506139356e-07,-3.97215114904022e-16,1.95054734718278e-09,5.43397361543429e-16,-1.68168433483169e-15,1.41021960127369e-15,9.87199799567217e-16,8.59379091196083e-08,-2.62644352463136e-07,-3.16862546830123e-16,6.93613070822729e-16,2.83347732430943e-16,8.41674895204645e-17,-2.40045071493722e-15,-1.66940606035169e-15,1.51737501315896e-15,8.21598990479021e-16,3.18112813122683e-09,-2.60293049884662e-15,-4.464662463e-16,-2.50037923771377e-15,-2.87631604278121e-15,4.43325133867809e-15,-5.42250696658842e-15,-6.925413644707e-07,3.91665732670006e-15,-1.99221182015071e-15,4.68601277214553e-08,2.98063061013092e-15,2.15205857044624e-15,3.13330627666382e-15,1.45896415488766e-15,3.91878437913492e-08,4.16887744680454e-16,-1.29769978895924e-06,0.707106781186547,-1.87213308424331e-14,3.1363200877235e-14,-1.11137938341684e-14,7.50285634615525e-15,3.02045053951877e-15,1.16398266887106e-06,-4.37475744719873e-15,1.75850109118615e-14,5.9854483710018e-09,-2.20689915311415e-05,1.06060561827199e-16,1.00865161692242e-06,6.01429692546512e-07,3.41318955717373e-15,-5.91200363966532e-15,3.97428782748478e-15,-3.31812996724827e-16,-2.24131706692637e-15,-1.01272131322319e-06,-5.87294373621531e-15,4.45798970216635e-15,2.27149679956581e-15,4.05676507596935e-07,-1.74529747519711e-15,-6.57922585459883e-16,1.54092912957232e-15,-1.01098493473142e-15,-1.84967714733282e-07,-1.45588560901348e-15,1.24335951978082e-09,-6.44446448518296e-16,-2.27257813079748e-15,-6.4038012428519e-16,-1.88313977536686e-15,-9.59736469006096e-16,-9.64872707417556e-16,-4.23844197436833e-16,-2.16043590155014e-08,-2.34697444713273e-16,7.26480137978445e-16,9.08600638741206e-09,-3.16260489792576e-16,3.2551574577595e-16,2.46057493940904e-15,1.09589024405815e-15,-4.24063032999505e-16,1.25181300020833e-15,-6.59426633730046e-08,-3.2428486445578e-16,-1.00859248065782e-15,1.96457949606173e-08,5.0913858730653e-16,6.1197070482928e-16,1.78932701210972e-15,5.73040419628377e-16,1.48467980793408e-15,-4.04970109610188e-16,5.64558971060952e-16,-1.81087658379788e-16,-6.70678732951454e-16,2.7905532429798e-16,-3.1531433491875e-16,-1.03262217284759e-08,3.42499785899943e-08,-8.67951113039771e-16,8.54816598961651e-17,-5.67883581268821e-18,-2.11481991370753e-16,7.0792980852441e-16,-2.25114230752049e-16,-1.15083860326399e-15,-8.0959710308615e-17,-3.2684215832747e-08,8.88752243991787e-17,2.85774865631025e-16,3.62490144052571e-16,3.52606245953026e-16,3.80881122161766e-09,-1.90262044067862e-16,-6.04681013198155e-10,-4.79215255486579e-16,-8.42843874577525e-16,2.71551783100347e-16,1.01740668418428e-16,-2.62603172508151e-16,3.94913071472534e-16,2.54291968801299e-16,5.07115711410677e-16,4.02305525373546e-16,5.48559335185797e-17,-6.10671006989568e-16,-1.11167438683736e-17,1.06285182012537e-16,-1.16981151139891e-16,-2.32418888819346e-16,-3.46162532501178e-16,5.96507678869958e-17,-9.4148872789288e-16,2.62511802232457e-17,-3.67432439874532e-16,2.77528651101977e-16,2.69445102557861e-16,2.64787595361169e-16,-5.93945297819191e-16,-2.25956483368714e-16,1.28967429266872e-08,-3.31982947850821e-16,-2.97363381348028e-16,-1.45887925360577e-17,3.61822744745162e-17,4.74674673044045e-16,-1.33044154785324e-16,-1.7179571350291e-16,-6.64353473666732e-16,5.05480989568046e-17,-1.10659563470049e-16,6.72205346941013e-17,-5.04406631468521e-17,-1.35681254774137e-16,2.10304573009067e-16,2.94289730223288e-16,-1.88680946852669e-16,9.90722972804821e-17,-1.66389077514912e-07,-2.49324824980269e-16,-8.52772809718742e-17,-1.23486948796356e-16,-2.39502377389027e-16,4.82548311833935e-17,5.32762577098309e-17,-1.10689464844802e-16,-2.33308447918642e-16,4.54173140736176e-16,8.71120502463217e-09,5.78818102418185e-16,8.63923007234746e-17,-3.71798623553745e-16,-5.87818557962607e-17,-2.87868338071551e-16,-5.46346357324575e-17,-3.9337682869704e-16,1.25056060449918e-16,2.14788526996758e-16,2.24384567437419e-16,2.56806056181732e-16,-3.63228248385023e-17,-1.27502784628841e-16,1.78742969305686e-07,-3.03004284083231e-16,-9.42878193255181e-17,-1.5166297704165e-16,-3.37403716077489e-16,-1.21002774119891e-08,3.02608862924648e-16,-3.26817129571895e-16,-2.63964070192237e-16,-1.37222701657141e-16,-7.43783760624495e-17,-3.0078485985289e-17,-2.46662223052264e-16,1.71570613051838e-17,-2.24841883552216e-16,-2.28754774190201e-16,-2.74753055824882e-17,7.62753542204403e-17,2.27944493681542e-17,-2.30857710268009e-17,-7.04504316018543e-17,2.01919493038962e-17,-1.82368860745731e-16
"t575",0.0312442115519117,-0.00728926290315674,-0.0078144850820989,0.000338664284454727,0.00162864933882897,0.0029968851320322,0.000664903994234308,5.81965732177073e-06,-0.0256346793048731,0.0910964465613505,-0.0139643500456941,0.00143427658019225,-0.00268997431250935,-0.000552741551927415,-0.0137290063930092,0.000276383349211847,0.000166667049915593,-1.87244564423664e-05,-0.00773543367369354,0.000806858031065691,-4.55170923023983e-06,-3.156938646668e-06,0.000864059635321855,2.79462877290524e-06,2.03066659259534e-06,-0.000229959720186058,0.00126711020572859,-1.34109250808814e-05,0.000247206469703638,-0.00400177910027581,-0.000670545119645938,0.0383127999244469,-0.000737423962056876,0.0129911147000061,-0.000858091747308552,0.000193569679762353,9.5014253156811e-06,-2.27998277597125e-05,-0.00128668243903617,-0.000428220669592912,-0.000386418755569189,0.00970709422402986,-0.000816130727540782,0.109606512633205,0.000244200015861863,-3.19506226173815e-06,-1.71488393949781e-07,7.45293575369906e-06,-0.0012026900778302,0.00355762858255502,-4.46595512267265e-05,5.00625210987513e-05,-5.60115470647348e-06,2.31064365770618e-05,-0.000922893770755718,0.00235297439253048,-0.00195342507196673,0.024917428399872,-0.332532043641167,-6.2530046470822e-05,-3.42275433727085e-05,0.00149416479683422,-0.000780902573071285,0.000566200957417822,-0.0017867026729009,8.36635701380166e-05,-0.000164716195641145,0.0012019979688177,-0.00028112294203604,0.00119930900046815,-8.17483566800201e-06,1.91294325233074e-05,-6.45261207350299e-05,-3.98054143277054e-05,1.66234360441329e-05,5.8412579323736e-06,-0.000139676140494025,1.96680767766591e-05,-0.00225501583693921,-0.000683771022459668,3.83505140439008e-05,0.00292897910253791,-0.00155970387724669,-0.000122270437617417,0.000383886697756196,0.000252290098864536,-4.32844868664758e-05,-0.000332254824381718,-1.60157414825434e-06,6.72455991666526e-05,-0.0207115217627011,2.17938730512433e-07,0.000150487639600579,-0.000130255757536762,-0.000100526609512418,-2.89673138451882e-05,-3.40263090705572e-06,1.75397486034681e-05,-0.000193300084016059,-0.00180967340118627,-9.80993808147476e-05,6.45538075084813e-07,-0.000134640831152068,0.000128714787606732,-6.41170444575097e-05,4.04156494353336e-06,-0.00106464497594553,1.33916031747962e-06,-0.000684150923297429,5.00015781342282e-07,1.65367414842859e-05,3.1388977077515e-05,-9.67930069356503e-06,7.13541847891666e-06,0.433939001283423,1.24473009194786e-05,-0.000598548314795782,0.000584792003069938,-0.00018588389943084,6.32764627433567e-05,-3.53382189350093e-05,6.72634266047939e-05,-0.000587051233889748,-0.00101764040555643,4.63770719323051e-06,-9.49509292348165e-05,9.85482524920762e-06,-0.00497722822898953,0.000196574119402883,0.00683612647734461,5.03214688284167e-05,-0.000179395700530101,1.39381526021778e-05,0.000240291727948385,-3.81716074666057e-07,0.000251417797034051,-0.000256527660464787,-2.63172247622964e-05,0.00104011688395087,-0.000871971504866502,-0.000758968677078935,-6.64540117502303e-05,0.000591318275408632,3.69999216226015e-05,2.1338453094e-07,-6.39287102250107e-05,-2.14232410907975e-05,0.000633669359410126,4.80557211069234e-05,-3.59060380666194e-05,-4.7827910086158e-05,-0.00176182014517077,-9.95848124888065e-05,0.183497033221234,8.98780042716774e-06,7.89320264927091e-05,-0.030324586969442,5.62691391036378e-06,6.58056385448007e-06,6.79429387931109e-05,3.905503703323e-07,-2.12399800641047e-08,-5.47487981702837e-06,-1.83551419826379e-06,2.05437598987579e-06,-1.79658187806184e-06,0.000176796950461209,3.03962365382249e-06,0.00015134087577238,3.12053550809644e-06,-5.66763679922098e-06,-1.00272547979841e-06,1.23900002717395e-07,1.92626927510887e-05,8.1446053150779e-07,1.66699286150761e-06,7.32199799382125e-08,-2.93484993847123e-06,-0.00327036784605322,-5.30393403460452e-06,3.46813033124551e-05,1.13183962307609e-05,-2.39680403952628e-06,-9.59071489292878e-09,-2.90773362076848e-07,-9.90061521008048e-08,-0.000535584908688488,0.000124514630566282,0.000558011414299611,-9.3057486907799e-06,-1.54603912953307e-05,2.84414441887407e-05,2.47611738257651e-05,3.55650352680108e-09,3.4570060478834e-07,-2.72359813698415e-05,-4.16440443505801e-05,-6.60679502963703e-07,2.97209497847094e-05,0.000360628543731836,1.21208515814531e-05,4.05941932624955e-05,-3.42159362540726e-07,-1.43002260273201e-06,-8.65184572581584e-05,-9.09719500619859e-06,5.51389205213346e-05,6.47547683652744e-06,-0.000343057514446078,-7.13671302414082e-08,-0.00135546752214145,-8.46673993161596e-06,-1.76959106956741e-05,-0.000181581402340472,-9.92814342034801e-08,-1.35891737707895e-06,3.78706229089474e-07,2.39844152073486e-07,-2.56046186297606e-05,-2.64880399650643e-05,-1.20568521143781e-05,1.40193333352839e-05,3.07218071294835e-06,1.29702150687795e-05,-3.81278717877153e-05,-2.17157115212516e-06,-0.000205608479298987,-1.14816875641148e-06,-0.00010529638280974,-0.00227810003803328,3.67739402801395e-06,8.17225786167799e-07,0.00075414529845198,8.71726963862337e-06,-2.1981538815502e-06,-9.46949642348507e-08,-4.15688990207342e-05,2.2480004433984e-17,-3.89592189441602e-07,5.55764301184516e-06,-1.12070031605836e-06,-2.86040336110531e-06,-3.82614632898375e-05,5.28920460788077e-07,-7.39395883675826e-06,3.28135910396854e-06,-2.68403261420609e-06,1.73770592333519e-07,-8.15315803508993e-07,0.000327221918979966,-2.12759898850243e-07,2.33727525187037e-05,-8.27439518122426e-05,8.30690920347812e-08,-5.43054652575635e-09,2.58323908859306e-07,-2.43054891819764e-07,3.82573141472393e-06,4.16215267301537e-05,-7.92477274086562e-06,3.64710166622717e-06,-2.86722063033653e-05,7.82515633548833e-05,-4.77771639572177e-06,2.16305204904421e-05,-7.354758915807e-06,1.71299256091697e-07,0.00198478478952292,1.89212125060382e-05,3.61295657360601e-06,3.28884147592911e-08,-5.29728100015257e-06,1.19819402071226e-06,-1.7149201633015e-06,2.72221943456957e-06,-5.27506737024851e-06,4.11892910346608e-06,-3.02101573411181e-07,5.82245433808808e-05,-2.53286370858429e-07,4.16527636301734e-05,-5.85607098198104e-17,-0.000102527924093361,-4.26421795183719e-06,-1.0912747743069e-10,-9.58052249414489e-07,1.41364151510442e-06,-8.77474992238065e-07,-2.49329794349109e-07,2.92668788736848e-08,-1.30715727688055e-06,4.94235353222563e-05,7.82810037549819e-06,-1.43423259958685e-07,7.59153129728628e-05,-0.00011066986322474,7.10533883594896e-06,-5.60461931046535e-05,1.90560574678055e-06,8.84861301644551e-05,5.12224359522071e-08,0.00373677123842271,-1.77239215823112e-05,7.91288467861987e-08,-2.50912500495569e-05,2.97981136509831e-06,-1.08659513668461e-05,8.19520790534898e-06,3.14684139746144e-05,3.73446649744205e-06,-1.18934552000469e-06,-7.83501150300988e-06,8.05271703423851e-07,-3.7831024134687e-06,4.59061324918573e-06,0.0011495446028546,-8.37343744734147e-05,1.5571200030092e-16,3.13436957767786e-07,4.04700481574979e-06,-3.9632020962081e-07,9.51642020036125e-05,2.46507842751972e-07,2.51919883113935e-05,5.97849948552636e-05,-1.88869609668084e-05,8.55693904481656e-05,-3.43693419297046e-16,-0.00033256515285867,-6.43434037624004e-08,-1.24177792452763e-05,1.23410798827358e-06,2.72257383707497e-05,-8.93844760251576e-06,-0.0103638858487809,0.00332472014978227,-2.55326193658787e-05,0.372937377572282,7.81993940869436e-06,0.00047145816049285,5.09478369173058e-07,5.45369278428815e-08,0.000332742261622263,-3.5651862153946e-06,0.000274883551928153,-2.58845396753508e-15,1.00064698496225e-05,-7.55965366106134e-07,-2.17827383577669e-08,-4.08523163794684e-07,0.026688956999804,0.000171540460976696,-1.73270884033675e-06,6.2478390022047e-06,3.35564853383058e-06,-7.67152966450631e-16,2.43574111685184e-05,1.96355910440244e-07,2.73328960178162e-05,-2.10087682471195e-15,-1.10794729847517e-05,-1.37928819419554e-06,2.08431156979553e-07,3.57452515712445e-05,1.13704445259191e-05,5.86242373504387e-06,4.31927601017572e-06,-5.30118859344536e-06,-8.86344402291525e-07,-4.65888566385913e-08,-3.79565545091346e-05,-2.92627681373241e-07,8.85277972280613e-17,9.88388623110384e-08,-3.5465210623878e-06,-1.43094230058627e-06,0.000213189632586521,-6.94708899627272e-17,1.27005441458674e-07,-1.72695970022713e-08,4.43603361489881e-05,2.21734240325145e-08,3.1751801745428e-06,-5.91534079908593e-08,5.41610303343648e-07,-2.46063690381075e-07,-1.16679300147423e-15,5.99752148105693e-06,-3.12190313302098e-08,1.09263980723643e-07,4.97455993873293e-05,1.46928532960197e-08,-6.84112468469258e-09,4.91794105439425e-16,-1.19011079801979e-16,-1.04686245367608e-08,-3.2991736502144e-08,4.42519429786446e-09,-2.35283226532165e-06,1.86131947830252e-15,-1.33955178647246e-06,-1.68803586743089e-08,-9.44797909871804e-17,1.93941358942685e-16,-6.17244342173679e-17,4.20873276435219e-06,2.69894842251361e-07,-3.12115229675088e-07,9.88804909741031e-06,1.41055412646221e-06,2.71964130850686e-07,-1.18527947042506e-07,5.43689299093997e-18,-2.78808132758808e-08,8.00922769449412e-08,2.98542154489514e-16,4.44283919813428e-17,-5.44900757072399e-08,-1.39317233153075e-09,-3.42292809975763e-08,0.000222074570891117,3.31412254546866e-08,-5.8004084741968e-07,-2.21976544668584e-16,-4.7359763506878e-07,-2.20395683324784e-16,-6.80308295270307e-06,2.39852625608106e-16,-3.86234835374213e-08,-5.11221754326877e-17,1.60648652006852e-07,4.24056828485836e-08,8.42079067848563e-07,2.68609533714627e-06,1.18919994379488e-07,-1.3801041484685e-08,8.82433480636836e-08,3.22371003969373e-08,7.01955846709742e-06,5.41961376746231e-07,3.18759045325066e-08,-9.08113682904073e-08,-7.27080126250952e-06,-5.93913029722812e-07,-4.42577714757663e-08,6.1304198217743e-17,4.1865196927153e-07,-7.28550810968199e-08,3.86180728436562e-08,4.3412155019545e-16,3.14447856242519e-07,2.07980630288099e-06,6.68507537807859e-07,2.26528101000428e-17,-1.62326298009593e-07,-4.01129334666497e-06,1.08075424398482e-16,-1.15288086659793e-07,2.62724182359628e-07,-1.53052745236427e-16,5.34426847076506e-16,-9.72523300012273e-09,-2.40053748370096e-06,-1.37202122339722e-08,-1.91049020987925e-05,1.23745377508709e-06,3.26415667352828e-08,1.45131394535259e-06,2.94414153930147e-07,-7.42832906645174e-06,2.58690638355041e-16,1.37549791542271e-09,4.37428080261595e-08,1.2090837100758e-07,1.13533621270279e-05,8.34627429217434e-17,-2.20142755207874e-16,9.61642376491884e-05,8.94450328734716e-17,-9.59873855249434e-16,3.89117928928722e-07,-5.73998483213074e-07,-1.07470681983901e-07,-2.63825401787339e-07,2.77009878408146e-06,7.23796573586837e-07,2.38035824980718e-05,8.18931743487591e-17,2.14897842621966e-06,1.00542189368887e-07,4.61628162817969e-07,-1.014392062204e-07,4.02874533408657e-07,-1.64383915102858e-16,2.95313714467287e-17,2.19435858697467e-16,-1.62976734079493e-06,-1.71144563085238e-08,-1.10974204275402e-06,4.71026855484632e-19,-1.31641672702906e-08,-2.20996967013818e-16,-8.03667414443088e-17,2.18424687156514e-06,-5.46979166271984e-07,1.50270421106491e-16,-4.52821953718932e-06,-6.11751138240981e-08,5.2008344904221e-19,1.38840235238666e-07,1.4614413790621e-16,2.25485846803067e-06,-1.15783752934709e-17,2.24981917852568e-06,4.25867983070737e-07,1.54251975596005e-08,6.64473626778633e-07,4.56583910556888e-06,-5.00560612067306e-08,1.54491717472988e-06,1.31948193921441e-16,9.19279957747823e-07,-5.19223494467577e-08,-2.45221375525193e-16,-6.84668356568709e-09,-1.39755637627875e-07,3.25182333216284e-08,-3.34603477859372e-17,1.04811800818601e-07,1.38756017186333e-07,-2.07086518516372e-16,-3.8548307970706e-06,-2.9277042961918e-06,-4.00570856209681e-09,1.8652182082761e-16,3.11050088247904e-16,7.19946327577512e-08,1.00733437483033e-06,8.15308673499817e-08,-2.90294303191371e-08,6.02999081858175e-07,-1.62601476390551e-16,-2.79934078755175e-16,2.2034309782153e-06,3.85299634621698e-07,3.92565736955086e-16,5.3338702749854e-06,6.73758600254928e-17,6.07096081422871e-08,-2.59486940136846e-05,-5.97299463729745e-07,-3.96823010492161e-06,-3.60296678568028e-16,-1.13010673300737e-16,6.74682158532129e-16,-1.58302315132187e-16,-7.04708055840046e-09,-2.44549397073488e-08,-4.92382340478571e-16,-2.1142845935273e-16,-2.21185693960054e-16,3.44761895549048e-08,3.10036825857244e-10,-1.71025881020519e-08,5.880609829709e-16,-7.38998977029698e-16,2.42671551256568e-16,-7.38203623835093e-07,2.25939003297098e-08,1.65536538256357e-16,3.97355249277404e-09,-1.04045714388919e-07,-1.36930684292083e-16,-2.53723579228117e-16,-3.27150496559254e-06,-7.37925722671368e-10,-1.62280995197119e-06,-2.01928088647123e-16,4.03119869357963e-08,6.51355327290683e-07,7.00172158856644e-07,-6.60034997045362e-05,-1.54926823451556e-07,2.52927728858023e-09,-1.24861737371325e-16,3.2489683001366e-16,-1.08061799077834e-15,4.84152089878049e-08,-4.38400703464907e-08,-7.49348824900818e-07,-1.30609636958407e-08,-5.35744084361604e-16,3.0685541182524e-16,4.18443530519726e-16,-2.23206740103768e-16,-5.89394862350955e-16,6.25862207684027e-08,-4.85189567466406e-16,4.63676460042787e-17,-4.59305812797554e-07,4.94860513445697e-16,-4.11185776402337e-07,1.25778201277332e-17,-5.09838147817791e-07,2.15179948434055e-16,-6.18887665676525e-07,-7.74966622018631e-08,-1.56413168434486e-07,3.61411007005178e-16,2.49247616655464e-06,-3.74448989435197e-17,8.67209430886759e-07,-1.3836521628178e-07,7.65829366126198e-10,-8.30016211133965e-18,4.22249055742135e-06,4.73426718509668e-16,-3.04545841919248e-07,-1.55479550130961e-07,7.26574394153635e-17,-6.70536858671486e-17,3.13981175203529e-17,-3.47718091803322e-16,-5.9241183638514e-07,-3.07691232852458e-07,-6.87374420742363e-08,1.70364313986654e-16,-5.00054876701036e-16,-1.61295852892179e-08,1.31586797136709e-07,4.84805513227688e-17,1.0306416623398e-16,-2.63045306123783e-07,-5.10417298652241e-16,-2.23234355931196e-06,-1.59637015174533e-15,4.6793724178215e-07,6.15428926585233e-16,5.88259376045078e-16,6.72427355294823e-17,5.26263270359423e-17,4.08383735535459e-16,-2.5506564321527e-17,9.02424067643972e-09,-6.31150185037831e-08,3.53131527564564e-16,-4.19535315144849e-08,1.76351945216602e-06,3.97925777991336e-17,4.70575934766831e-16,9.83279633321831e-16,1.2233763415572e-16,7.11059426069356e-07,1.13767780494691e-07,-3.10765011373835e-16,-1.82297301961218e-16,-3.16759245242544e-07,-1.02322958305867e-07,-1.54951671666604e-09,8.12625306084797e-16,-3.24434580492507e-16,-2.33347728475215e-16,-5.52346223413853e-16,-2.86148070278341e-16,1.01081536663273e-15,2.73466150212139e-06,-2.16211614107477e-06,-4.97688280890177e-07,1.77388896796278e-17,-7.24312040397188e-16,1.38250959173616e-16,3.55437116644167e-16,1.27210438840539e-17,-2.35943841427594e-16,5.21699009407571e-16,-2.18151007943062e-16,-1.37441744002147e-15,4.88338202045645e-16,-8.45489691247233e-16,-6.51591191757078e-16,1.45801646227988e-15,-9.30030718341122e-16,6.09845364619388e-09,1.83198888285663e-16,3.20409820621124e-15,6.22561685478821e-16,8.63866999646153e-08,-4.68127385693003e-08,1.63290871244237e-15,-2.23010412336722e-09,7.90363401603001e-08,7.97063040593689e-16,3.5969333384683e-15,-1.52564506414683e-07,3.03255516236211e-16,1.95054893696535e-09,-5.13440046858678e-16,1.67112358159369e-15,-1.43661417979862e-15,-1.13250315595613e-15,8.59379179972211e-08,-2.62644350066151e-07,2.03012434123223e-16,-8.8786381570946e-16,-3.11394315276924e-16,-1.16477675034847e-16,2.32905600187905e-15,1.58580336912553e-15,-1.54655122803465e-15,-8.22738427825856e-16,3.1811344049846e-09,2.64186643427829e-15,3.93028439501006e-16,2.46396707151711e-15,2.84237277900704e-15,-4.61488665581433e-15,5.44633351544258e-15,-6.92541364318064e-07,-3.7926281090656e-15,1.92426516617268e-15,4.68601306982077e-08,-2.9826561952709e-15,-2.20692260091565e-15,-3.05405942290449e-15,-1.45084463918022e-15,3.91878133687106e-08,-4.16557122934759e-16,-1.29769976019055e-06,-0.707106781186549,1.87135248953096e-14,-3.15139928737545e-14,1.12437205355851e-14,-7.48191192766276e-15,-3.17294600824741e-15,1.163982723785e-06,4.06562438690679e-15,-1.73753172122288e-14,5.98545666564815e-09,-2.20689915163035e-05,-1.16639177650842e-16,1.00865160738052e-06,6.01429705427944e-07,-3.36664691299679e-15,5.81266711211049e-15,-4.11237928619938e-15,4.38101825097195e-16,2.09635854004993e-15,-1.01272131023128e-06,5.95369807154543e-15,-4.6519597598368e-15,-2.26553092886419e-15,4.05676509604037e-07,1.81674560730339e-15,7.40871400923686e-16,-1.38154519249815e-15,1.06390472971424e-15,-1.84967707504557e-07,1.45802349164932e-15,1.24336103167417e-09,6.87972759717593e-16,2.10418340637091e-15,5.356654872405e-16,1.853878487099e-15,9.10876851127428e-16,9.25612467382651e-16,4.42693267655552e-16,-2.16043585399228e-08,1.61024773912058e-16,-1.05944535783258e-15,9.08600649018676e-09,3.00877389167534e-16,-3.05362560187122e-16,-2.47981971653591e-15,-1.09487758072996e-15,4.05045339859657e-16,-1.34495748416283e-15,-6.59426631938148e-08,3.02544596340521e-16,8.90436085962669e-16,1.96457945309954e-08,-4.62264776127933e-16,-6.65303998893901e-16,-1.464683520628e-15,-3.82813687833707e-16,-1.46231276826482e-15,4.08923100853019e-16,-5.67500766790711e-16,9.92968807361428e-17,3.05462242828013e-16,-2.79262684909793e-16,3.93744180073672e-16,-1.03262210915528e-08,3.42499758349076e-08,8.16261224014368e-16,-4.19563318123663e-17,4.21465248809517e-17,2.42067929227474e-16,-4.86102044033876e-16,3.17039030067419e-16,1.11642797786067e-15,1.63437421058739e-17,-3.26842159642136e-08,-1.54586793923255e-16,-2.70161985420972e-16,-5.09736762218975e-16,-4.23964197518319e-16,3.80881178918616e-09,2.43022960186359e-16,-6.04678992678828e-10,4.88525258325939e-16,6.98813935924773e-16,-2.94036102390866e-16,-9.62600964205886e-17,2.41019057844776e-16,-2.89975666627388e-16,-2.26872876752307e-16,-4.12419952933596e-16,-4.12246487519786e-16,-8.0349701261131e-17,7.96254101740148e-16,4.40218793081056e-17,1.38624194672722e-16,1.17572855739844e-16,2.02754430087968e-16,2.95540680104005e-16,2.07073266772769e-18,8.62537404845012e-16,-1.0378072236522e-17,3.66110930875691e-16,8.79559012428865e-17,-2.52505549014352e-16,-6.30751415984476e-17,5.8081214910786e-16,2.71193726292384e-16,1.28967435152925e-08,2.01132780361298e-16,3.03447252534814e-16,6.81749200886209e-17,-2.64565594770254e-16,-4.74894220768612e-16,1.46168656988059e-16,2.61097747971535e-16,7.33195450207224e-16,-9.31969876871806e-17,1.25764162453648e-16,-2.98101387324889e-16,2.00932699684497e-17,1.50193356074479e-16,-1.81537631268574e-16,-1.64310282681855e-16,6.79261246845402e-17,-7.48036330665572e-17,-1.66389077227045e-07,2.24845666768213e-16,9.87586534553479e-17,1.10511819626358e-16,1.45568391607795e-16,1.431444823522e-17,-4.90946996861294e-17,1.39296769812538e-16,2.98330819910446e-16,-4.62711048703953e-16,8.71120498499079e-09,-4.69427339589803e-17,-1.15054219002712e-16,3.6396826889709e-16,9.69469354710996e-17,2.91788584908249e-16,2.05225785244569e-16,4.36358476994628e-16,-2.10206023444586e-17,-2.21137482079549e-16,-2.2988194882657e-16,-2.60375008113783e-16,1.34703143217786e-16,1.44777538729771e-16,1.78742969247396e-07,1.9330887502369e-16,9.52652004259456e-17,-1.1050736410606e-16,-1.65503461629912e-16,-1.21002771604168e-08,-3.30863704449857e-16,2.17662929346438e-16,1.31837134746489e-16,3.62134768879523e-16,1.99709947099678e-16,1.73264679898641e-17,4.83433843352031e-16,6.63766361671835e-17,1.47423461144112e-16,2.06521775979149e-16,8.0506481135649e-18,3.76255093227738e-17,1.29085889364235e-16,-3.5248481268265e-17,-3.04658342551158e-17,8.11989456988949e-17,-1.57572422109992e-16
"t167",0.0312168354859746,-0.00727580318544825,-0.00779958884250808,0.00033779906847328,0.00162355499750359,0.00298588754036929,0.000662416114351282,5.79615037450936e-06,-0.0255123964132133,0.0905695835100644,-0.0138619045523376,0.00142131509208802,-0.00266495514484947,-0.000547522850870073,-0.0135937422151549,0.000273499843129796,0.000164886753151726,-1.85208277239248e-05,-0.00764936612508665,0.000797106294971755,-4.49221289389635e-06,-3.10714859233493e-06,0.000849669313347352,2.7478207187113e-06,1.99652068396533e-06,-0.000225908805051397,0.00124452544808355,-1.3169748182025e-05,0.000242641685375485,-0.00391453275410915,-0.000654956439998879,0.0373816234139356,-0.00071820813213678,0.012636549459845,-0.000833476780948428,0.000187573663536022,9.20337848982719e-06,-2.20732695800137e-05,-0.0012454013089102,-0.000414277560673892,-0.000373475332801317,0.00937406998210311,-0.000787714200559406,0.105785514620622,0.000235538448217627,-3.07450193361134e-06,-1.64897722964405e-07,7.16404496694208e-06,-0.00115495586985099,0.00341283561747409,-4.27813924503687e-05,4.79253112709885e-05,-5.3615144064489e-06,2.20994575750207e-05,-0.000881225528347338,0.00224617715191553,-0.00185627910868521,0.0236483115294031,-0.315547455994537,-5.91501159291641e-05,-3.22995863116443e-05,0.00140830785135965,-0.000735310280651494,0.000533012029056915,-0.00167887684111331,7.84836441502407e-05,-0.000153945126782211,0.00112150494667301,-0.000262091775257497,0.00111653429318302,-7.55304787430466e-06,1.75704606069142e-05,-5.92131485116502e-05,-3.64584846714328e-05,1.52220567714763e-05,5.34441205362321e-06,-0.000127753450541774,1.79600360536607e-05,-0.00205157602699696,-0.000621146974530722,3.47480815820824e-05,0.00265235216956799,-0.00140655494793559,-0.000110125835113796,0.000343879509398214,0.000225658687335358,-3.86565295178068e-05,-0.000296656932488153,-1.42988859947464e-06,6.00272583285285e-05,-0.0184775174747253,1.93356074167875e-07,0.000133444790049792,-0.000115104184858681,-8.82980365501013e-05,-2.54202227059833e-05,-2.98584541231905e-06,1.53553170399568e-05,-0.000169078450558146,-0.00157767311037721,-8.52906804281577e-05,5.61114769240409e-07,-0.000117000518160435,0.000110461704515752,-5.49721852553597e-05,3.4625492194229e-06,-0.000910909030829701,1.14535881356766e-06,-0.000584756358042588,4.26945963917752e-07,1.41155422055624e-05,2.67412461009206e-05,-8.24418176224584e-06,6.04628008805631e-06,0.367297195996022,1.05101468748021e-05,-0.000504844378208141,0.000491754350287686,-0.000155854317951169,5.29365426245777e-05,-2.95262753285799e-05,5.59544755506228e-05,-0.000486954406809528,-0.000844031927376585,3.84492895753921e-06,-7.84868727483433e-05,8.14402921438121e-06,-0.00410264039511169,0.000160835612587025,0.00559280598327302,4.11442284619257e-05,-0.00014594049137027,1.13275677629881e-05,0.000195144627014193,-3.09078160380748e-07,0.000203490578899014,-0.000206312981539066,-2.10564833265095e-05,0.000826269333317894,-0.000692553515992667,-0.000602057673928336,-5.26818784304153e-05,0.000468294964891605,2.92907116564369e-05,1.68923389052888e-07,-5.04669704337594e-05,-1.6817170705939e-05,0.000494556318709613,3.74512532591599e-05,-2.78925942549966e-05,-3.71442018408039e-05,-0.0013665780267222,-7.71879401712726e-05,0.142110004942603,6.90731087044299e-06,6.05856368396319e-05,-0.023255651629484,4.22786648486646e-06,4.91921258213925e-06,5.07497856133326e-05,2.90445302412862e-07,-1.57815296725058e-08,-4.04479857400249e-06,-1.35511924528955e-06,1.50818363931371e-06,-1.31169049621766e-06,0.00012699266403399,2.18207425976064e-06,0.000108627712983842,2.23473922628828e-06,-4.04798418694561e-06,-7.1589787309951e-07,8.79876896956808e-08,1.36563477008992e-05,5.75301009076565e-07,1.17642865563727e-06,5.16487318887034e-08,-2.05235968480254e-06,-0.00226623847117382,-3.66959162145501e-06,2.39582796906648e-05,7.78365623855125e-06,-1.64539673511336e-06,-6.57266638290557e-09,-1.9894712371043e-07,-6.73678692598987e-08,-0.000363932982344663,8.35949727125647e-05,0.000374478958623548,-6.21947212918629e-06,-1.02149817413338e-05,1.86097069349046e-05,1.61465310870747e-05,2.30732462532662e-09,2.23415002425615e-07,-1.73980045502588e-05,-2.6533704575684e-05,-4.1866324591881e-07,1.87819351454589e-05,0.000222998559707987,7.4872336701294e-06,2.48387288423588e-05,-2.07380903771906e-07,-8.46602596096478e-07,-5.12150298171014e-05,-5.37319264685781e-06,3.23453352905341e-05,3.78042118377242e-06,-0.000197702587214222,-4.045757971793e-08,-0.000758039286844718,-4.71486113230713e-06,-9.66281107212698e-06,-9.80487118042734e-05,-5.35931308503231e-08,-7.2707749227484e-07,1.97990177977571e-07,1.24822991763817e-07,-1.29980895523976e-05,-1.32088467960676e-05,-5.9746900096593e-06,6.76444883531043e-06,1.47271997747479e-06,6.1728118691959e-06,-1.77409231094146e-05,-1.00573584271699e-06,-9.51157456680762e-05,-5.17568373109658e-07,-4.66995208856927e-05,-0.000991733629619242,1.58715133829874e-06,3.49533443281664e-07,0.000319791925210063,3.68745088721806e-06,-9.08552994295733e-07,-3.85625931219789e-08,-1.66511514992521e-05,-2.07963148401933e-17,-1.52294549494304e-07,2.16171134895379e-06,-4.20685284768302e-07,-1.0433229153997e-06,-1.36164373311789e-05,1.8794830383424e-07,-2.50358760349809e-06,1.10171507939972e-06,-8.9763061924293e-07,5.70160982857747e-08,-2.64006256846373e-07,0.000103366269398119,-6.64564410609331e-08,7.26637174212759e-06,-2.50578387008978e-05,2.22796063322601e-08,-1.38792825274186e-09,6.32648321651498e-08,-5.37668051838579e-08,8.39748357139136e-07,8.42828687552939e-06,-1.52803427421588e-06,6.5214108320758e-07,-4.9967350924139e-06,1.32626858991049e-05,-7.77853128491134e-07,3.3055651901045e-06,-1.11551353711206e-06,2.15371412058985e-08,0.000248344513036105,2.35465848404751e-06,4.23641581269042e-07,3.76784639892757e-09,-5.61211243589529e-07,1.2500788416486e-07,-8.64217954743064e-08,1.20447023569016e-07,-2.07528075742713e-07,1.15239912168582e-07,-5.67395861163894e-09,-1.35876587317665e-07,2.17003406681816e-09,-5.63568874975847e-07,3.86045345298717e-17,3.15786651914685e-06,1.41138954899124e-07,4.43325768246577e-12,5.62232146133901e-08,-1.05288754672567e-07,7.20158538319464e-08,2.14049237692719e-08,-3.9787675655676e-09,1.82048336409169e-07,-6.92768344530815e-06,-1.21712212061457e-06,2.87304079391126e-08,-1.58126579686795e-05,2.36695956734244e-05,-1.65211646732133e-06,1.72065090118327e-05,-6.4779803884827e-07,-3.02531312565533e-05,-1.75426210746201e-08,-0.00160286725731119,9.54152028861832e-06,-4.37670249023623e-08,1.44294966229331e-05,-1.79482173445765e-06,6.63719278336128e-06,-5.60808136905676e-06,-2.1714330206988e-05,-2.61638017277385e-06,8.41918539456085e-07,5.73616768442862e-06,-6.11603952402064e-07,2.97118749457537e-06,-3.65805635642683e-06,-0.00093867148512867,7.1978751810039e-05,-3.07927729431962e-16,-3.62482761353599e-07,-4.81513094708137e-06,4.91867652807653e-07,-0.000118253969686584,-3.06720654584514e-07,-3.16695709450353e-05,-7.66256610450904e-05,2.47685390278225e-05,-0.000117533843376731,1.02078963421316e-15,0.000507453045334092,9.94635196940767e-08,1.97364316018419e-05,-1.96795557654334e-06,-4.64933340879124e-05,1.58509463897147e-05,0.0193844955354111,-0.00645076862976537,5.36361019404862e-05,-0.843132410569611,-1.85333386263179e-05,-0.00114760031971424,-1.2609607134371e-06,-1.39047585673771e-07,-0.000851150373630369,9.31463707391403e-06,-0.000730112192756841,6.39409502233271e-15,-3.01111853775662e-05,2.33556956174598e-06,6.73156779049189e-08,1.36203556514846e-06,-0.0900218473681155,-0.000669278028726142,7.05629884295949e-06,-2.56620543214102e-05,-1.42396952886796e-05,1.12210833015998e-15,-0.000107336511523337,-8.7766878211606e-07,-0.000128934735692554,1.01102064691318e-14,5.5484922076425e-05,7.00715791466457e-06,-1.06683202379988e-06,-0.000185821559698078,-6.0684496510471e-05,-3.19193837044542e-05,-2.38912030969308e-05,3.07482819355475e-05,5.17046489261651e-06,2.81019365018019e-07,0.000243193379003667,1.88079780816349e-06,-3.43000670150923e-16,-7.19687289250377e-07,2.64154380740876e-05,1.1216153257514e-05,-0.00181142909673468,3.71543971210516e-16,-1.30466785116853e-06,2.2737528250857e-07,-0.000664127105693789,-3.54089868638597e-07,-5.50358028450614e-05,1.21305467697075e-06,-1.55455523210547e-05,7.79631232502453e-05,2.52111845881395e-15,0.000273183351497919,-1.29927518382751e-06,3.86061497063612e-06,0.00145836253173138,4.25254718067847e-07,-1.89169001900364e-07,-7.37257477290143e-16,3.64582184746399e-16,-2.31351778170734e-07,-6.23886128648005e-07,8.22310484484381e-08,-3.89378589647194e-05,2.76348562764319e-14,-1.80363665752321e-05,-2.10593874050566e-07,-1.79623203110134e-16,-3.70885716141609e-16,1.65932956293916e-17,4.3108249057386e-05,2.70539562635319e-06,-2.91821252168523e-06,8.76097779781053e-05,1.24227373065286e-05,2.27302534442458e-06,-9.8493566366137e-07,-5.56826815687745e-16,-2.11016610248467e-07,5.88402016919802e-07,-5.59952444099521e-16,-1.93131478172128e-16,-3.60816015955455e-07,-9.02050814025869e-09,-2.15361112153117e-07,0.00137174347458735,1.97951102875681e-07,-3.44649483452951e-06,3.13924371211209e-16,-2.79422395434352e-06,5.91909619060079e-16,-3.93508375954776e-05,-8.85467914268911e-16,-2.20277307930587e-07,5.86135255660136e-17,9.00408040292002e-07,2.36859155720553e-07,4.50348278470572e-06,1.42398348452013e-05,6.28154353587566e-07,-7.17825807517641e-08,4.53045022559475e-07,1.60796947707563e-07,3.50044959321188e-05,2.67968057055415e-06,1.55230476279248e-07,-4.3366533239848e-07,-3.41764439895488e-05,-2.75822031888711e-06,-2.04347947302966e-07,-1.41517858560782e-16,1.89942289738992e-06,-3.25224266346698e-07,1.65166473704377e-07,1.32994753956161e-16,1.32934815178335e-06,8.64509388231108e-06,2.75937579486814e-06,2.52106095056209e-16,-6.67649198920869e-07,-1.62722194413764e-05,6.01304411880708e-17,-4.64589790304297e-07,1.01962445745486e-06,-1.59155201625243e-16,-9.26442304071454e-16,-3.72266317216977e-08,-9.17772796681578e-06,-5.2160382179708e-08,-7.21600062069272e-05,4.60741292639448e-06,1.21386999748699e-07,5.38790479038851e-06,1.07334638533975e-06,-2.67001899602979e-05,1.29036321558362e-15,4.91829557168945e-09,1.56269682066012e-07,4.30600547286519e-07,4.02841005593877e-05,-3.1092437167451e-16,9.1473667871176e-17,0.000339503385129701,-2.72180230348722e-17,-9.89883834305132e-16,1.33304772227574e-06,-1.95668260366931e-06,-3.66315000314214e-07,-8.89753729523e-07,9.32897681982268e-06,2.43682382086618e-06,7.99844396514692e-05,7.63179314198752e-17,7.07740537831236e-06,3.29751476455088e-07,1.51195700389503e-06,-3.30018592929162e-07,1.29510970967668e-06,1.14314551545268e-16,9.49971819035286e-18,3.82755908627802e-16,-5.15278709605257e-06,-5.37337831837679e-08,-3.48239287641832e-06,-4.01003179872905e-16,-4.10369007588505e-08,-1.45325085083444e-16,-6.43478252005288e-17,6.62166035472484e-06,-1.65763561140592e-06,2.51209643364891e-16,-1.36331687997937e-05,-1.83487001987087e-07,-1.86410493570357e-17,4.13273587045802e-07,2.63891483193163e-16,6.65170687336106e-06,2.70148115849048e-16,6.63153736326772e-06,1.25450676857932e-06,4.5407305992172e-08,1.95412094670096e-06,1.33983028001373e-05,-1.45706224359028e-07,4.44768226639787e-06,-1.0355889299029e-16,2.61138417887493e-06,-1.47288167139646e-07,-6.53966145768742e-17,-1.93858706465881e-08,-3.94375873237341e-07,9.14866400013778e-08,1.12850751348069e-16,2.91902573667807e-07,3.85673026385975e-07,1.42151691331612e-17,-1.068648778787e-05,-8.10584274091935e-06,-1.10379759726674e-08,-8.90678512444178e-17,-3.15429698973554e-16,1.96209072947187e-07,2.732659903053e-06,2.20965770485819e-07,-7.71510751283985e-08,1.59761331902508e-06,4.33123638977692e-18,1.98839118719731e-16,5.82545131863255e-06,1.01838464225225e-06,-9.78357405152913e-17,1.4047743676724e-05,-5.1548389569401e-17,1.59344289894769e-07,-6.77916691101825e-05,-1.5599488450155e-06,-1.03503671326328e-05,-4.02238005080104e-16,-2.68438407365439e-16,-2.73650844526706e-16,1.37041177975145e-17,-1.81721978958952e-08,-6.30032993546228e-08,-3.31094570326301e-18,1.25656774177637e-17,6.13373176511685e-17,8.85259960297441e-08,7.94951204449001e-10,-4.36826532689851e-08,2.66937610090399e-17,-7.31870347745606e-16,-8.00073440658522e-16,-1.86129085008594e-06,5.69428258441611e-08,-1.40402942326577e-16,9.96513570987163e-09,-2.6041749709466e-07,5.06543965643774e-17,-3.30915497566468e-17,-8.15048783546132e-06,-1.83775743685251e-09,-4.03062258657806e-06,-6.88791640464219e-17,9.9677112426484e-08,1.60663063533221e-06,1.72119548335782e-06,-0.000161509488128217,-3.78639459009036e-07,6.16741614159792e-09,-1.31729715783371e-16,-3.56871943262987e-16,2.93493655685797e-16,1.16554448758652e-07,-1.05519867359139e-07,-1.80073516199968e-06,-3.1135474807485e-08,3.25289316799269e-16,1.88333003509743e-17,1.69514547157019e-16,-1.12669843440052e-16,-1.53102268527413e-17,1.47969729179459e-07,-5.88917763915354e-17,-2.36260402331786e-17,-1.08245156756913e-06,4.34509628230376e-17,-9.68881906154724e-07,6.9371749371864e-18,-1.20099429738192e-06,7.5149185479621e-18,-1.44989373559209e-06,-1.81319188488754e-07,-3.65237677601374e-07,5.31353993021009e-17,5.80605520541106e-06,2.19330256459598e-17,2.00949372442031e-06,-3.18454484423863e-07,1.7620797872378e-09,-2.08606438954615e-16,9.68911822504213e-06,-1.19723971850656e-16,-6.95853876743881e-07,-3.55179846371503e-07,5.3281836681232e-17,4.56668552048267e-17,1.89983810239683e-17,7.73145249970904e-17,-1.34860711564463e-06,-6.99807684794655e-07,-1.56169241999792e-07,9.82581942234494e-17,1.08367236748829e-17,-3.64612930977787e-08,2.97388589457935e-07,3.1453555890366e-16,-1.4061360841419e-16,-5.90805765642502e-07,-3.92734942410724e-17,-5.00730700927391e-06,-5.68845965217083e-16,1.04565117600713e-06,-1.16019343102944e-17,-5.65598909269566e-16,1.15210056397546e-16,-9.49787509760687e-17,1.02340300274358e-18,1.77005645210872e-16,2.00132024410317e-08,-1.39957409471112e-07,1.1132430580172e-17,-9.2788977654177e-08,3.89614783255889e-06,9.91354935527025e-17,-2.04589258794487e-16,4.10299574987293e-15,7.8590842887678e-17,1.56364462944489e-06,2.49909447114456e-07,-1.04672157732185e-16,1.44350474792245e-17,-6.94979234254546e-07,-2.24464637686981e-07,-3.39736939375291e-09,4.04887206348156e-17,-7.46781148024177e-17,6.42165990958137e-18,1.28903122434272e-16,-3.25245326585088e-18,-4.90874146609153e-17,5.94539562157572e-06,-4.69695719814412e-06,-1.08033474548221e-06,1.95719228421952e-17,1.51655662750491e-18,1.10707626151886e-16,-5.01464749285575e-17,2.03106905394678e-17,-1.63943232226289e-17,1.54008314397332e-16,-8.33700271670069e-17,6.85591885798799e-17,-1.01955604222257e-17,-9.94862900173432e-18,-5.68635668531031e-17,-2.22463927041271e-17,5.05109375666784e-17,1.30688328761288e-08,6.84151234475886e-17,1.62937223987745e-16,-1.63641907926858e-17,1.84814184118848e-07,-1.00111676003247e-07,7.33797215229308e-18,-4.76806275165921e-09,1.68637225786029e-07,4.27481396889596e-17,4.10553245666343e-15,-3.24696390684652e-07,1.06691860000183e-16,4.13846413627509e-09,-9.28155037309475e-18,3.80950880303034e-17,8.20266330838771e-18,8.50096639205254e-17,1.81456742736138e-07,-5.54389681008495e-07,-6.30094658926615e-17,1.57132066329828e-16,1.83506338697769e-17,-2.08892816951798e-16,9.88521330763659e-17,1.07846489539906e-16,-2.06553758986071e-17,3.93724169991191e-17,6.60501531005845e-09,-5.41694286845815e-17,4.03875929305012e-17,3.03545897188016e-17,1.7225133805549e-17,8.48946534863181e-17,7.45998647265296e-17,-1.43294626620154e-06,-7.70946835026256e-17,-1.20216355399653e-16,9.68971903605423e-08,-7.63622593001486e-17,1.88190185721288e-16,-9.39417922822103e-17,-1.66133733391781e-17,8.04342510418851e-08,-1.22774868739897e-17,-2.66006921519033e-06,-3.18396588869949e-16,-1.90492318903891e-17,5.18135194994281e-17,-1.85423770725202e-16,4.12522564396798e-17,-4.02725610735996e-17,2.37960491183658e-06,-1.74317156819078e-16,-6.45128209716363e-16,1.22115084939815e-08,-4.50204875295211e-05,-1.68239031941359e-19,2.05404028796635e-06,1.22409415833724e-06,-4.57991481400459e-18,5.66302219324203e-18,1.53419712589399e-16,-5.47920860858702e-17,1.08534430949888e-17,-2.04471881708098e-06,-1.12980896109151e-16,-5.17081346664841e-18,-1.72222893890969e-17,8.17400840069795e-07,-1.24970458361656e-16,3.09026126475637e-17,-4.68611437892116e-17,-6.93019093818484e-17,-3.7169094934291e-07,-4.00021678713807e-17,2.4964522958439e-09,-2.29651391037551e-17,1.04316984311395e-16,1.34218043410537e-16,-1.14451016888148e-17,9.08361645521972e-17,8.75337820258773e-17,-1.64403269572955e-17,-4.31891152988702e-08,8.70182064402297e-17,4.04269401014712e-16,1.81442458322273e-08,-1.53134675039737e-16,-3.01636125426151e-17,2.03195668958765e-17,7.22290758608601e-17,3.46743232318529e-17,-1.96988932437969e-17,-1.31241771924069e-07,8.79066985697616e-17,-5.36790021440439e-17,3.90413113292328e-08,-1.33859802056845e-17,1.17964654849734e-16,2.6349444195889e-16,-1.29910245819383e-16,-1.08077714817056e-16,-1.15413404272705e-16,1.3073897997942e-17,3.86182701142521e-19,3.80606292770877e-16,6.28351464869307e-17,-6.01458575862773e-17,-2.04085117166271e-08,6.76465351759515e-08,7.22772436424236e-17,5.54196737307915e-17,-8.47323493963306e-17,-1.14618256064175e-17,8.8037216405823e-17,-9.12025854016088e-17,5.4791267514396e-17,1.18959966291181e-16,-6.43345107327729e-08,1.78205346853089e-17,1.33908027513633e-17,-1.99012653863499e-17,3.79254586467158e-17,7.47561333256394e-09,6.50640033254374e-17,-1.18299882658339e-09,-2.44990022707561e-17,-2.39819845888354e-16,-4.2294276988283e-17,5.66226181159307e-19,4.8736882756996e-17,-6.09201373663928e-17,2.0606391365661e-17,-8.2777254253491e-17,-2.28733379220265e-17,1.4789900824393e-17,-1.46957358865208e-16,2.66467306990454e-17,-1.65914404061671e-16,-4.85077791895286e-17,1.5818116695785e-17,2.09765701529601e-17,-2.81457673027165e-17,8.04283584928827e-17,-5.13543131504108e-17,-4.44237349209027e-17,6.92263087131995e-17,-8.97164071182094e-18,-1.91218140284533e-16,4.55000887231869e-18,8.49224314902766e-18,2.49386376351768e-08,1.29880407895851e-16,-2.06003396557552e-18,1.70273988492811e-17,-1.04528091400492e-16,3.63413616518297e-17,6.63098429518662e-17,-8.04114199712358e-17,1.08219986981171e-16,4.71896342163089e-17,1.76597410172872e-17,1.23219576902978e-16,3.4964346243882e-17,1.706178392124e-17,-1.61657470341793e-17,-1.23335605353998e-16,5.00264693466701e-17,-1.21422380286055e-17,-3.19281106645812e-07,6.36623140456747e-18,-7.00792241236912e-17,7.36999115620619e-17,6.92842877197039e-17,5.47833529506782e-17,-1.11285098911446e-17,3.93757991055421e-18,-1.94539462984444e-16,1.93957325407505e-17,1.65860697171973e-08,7.13228245340086e-17,6.19138452143439e-17,-1.93686412020834e-17,7.77811793724658e-17,-2.76074147062881e-17,-1.68615395691114e-16,-8.14029365532144e-17,2.99601530353116e-17,-9.86021977123367e-18,2.49181153029928e-17,6.75814551188026e-18,-7.0580018615148e-17,2.39060199021974e-17,3.37724517892392e-07,1.05529158982956e-16,-3.88264380102898e-17,1.41636718222291e-16,-3.54588320511384e-16,-2.27823855910798e-08,-2.47349846474787e-17,-3.11956865175902e-17,1.91664147369288e-16,-2.37747318276145e-16,-1.19538021911357e-16,1.32641711445289e-16,2.51912583245674e-16,7.4589329063777e-18,1.01851838683999e-17,8.08108022604384e-17,1.03204450881531e-16,-3.32088420505764e-18,-2.78781922650435e-16,1.59287380989148e-17,1.5929393675764e-16,1.80665491927745e-16,-3.77007966324869e-16
"t207",0.0323054818145308,-0.00784649733776795,-0.00843379194060205,0.000376366728712215,0.00186055543635533,0.00351970561927393,0.000783879804765145,6.9721584598718e-06,-0.0320281441848873,0.121465379548681,-0.0209893113478294,0.00256293348977558,-0.00496537447294539,-0.00103890753478076,-0.0272995860270773,0.000601322035230583,0.000378564756979389,-4.40731707472637e-05,-0.0191329601956494,0.00252133437268983,-2.05059243307031e-05,2.24278655314364e-05,-0.00279937460517443,-8.4952842286188e-06,-5.91465257127467e-06,0.000425402511064276,-0.0021119962899689,2.06851884443258e-05,-0.000304694835364759,0.000887864435464128,3.49896955991657e-06,0.00478708000049512,-0.000232974614719137,0.0057818400441604,-0.000513184741331587,0.000175771304285454,9.26419847364473e-06,-2.43804020637453e-05,-0.00143361777489122,-0.000523821296531486,-0.000576630433298708,0.017660961847826,-0.0017139831746969,0.233142632373268,0.000634963068126295,-4.36416529335946e-05,7.42502658114743e-06,-0.000108172086971106,0.00602983172451404,-0.0102944078932481,8.10844614843391e-05,-7.68495749797895e-05,8.40415802304266e-06,-2.89587940715333e-05,0.000857862239686783,-0.00209982313365154,0.000932308442839463,-0.010221332197691,0.134001659399606,1.75423990282163e-05,7.25662927215302e-06,-0.000273932465636825,0.000126610068478057,-8.89236992569875e-05,0.000218394923463905,-7.91878077233944e-06,7.13647489411848e-06,-2.8384449141065e-05,4.23569075251572e-06,-5.66841304146187e-07,-5.1533649210235e-07,1.93240868978715e-06,-6.86124136182035e-06,-4.65579831919043e-06,1.96601665933931e-06,7.16838031785702e-07,-1.73860118982539e-05,2.61500968823721e-06,-0.000341822718261511,-0.000108735137959044,6.59179112355207e-06,0.000511789549129954,-0.000307706508482816,-2.50904229060658e-05,0.000100806308629317,7.68363469219625e-05,-1.86378411393622e-05,-0.000160161842460766,-7.99792561353121e-07,3.72421035476946e-05,-0.0249477957085272,3.43913218216196e-08,2.47792131746883e-05,-2.54153876464186e-05,-2.26616166835797e-05,-6.63807895383991e-06,-7.80321382346505e-07,4.18049966657456e-06,-4.66970182671853e-05,-0.000458726787812912,-2.58072300978659e-05,1.70375592027372e-07,-3.56653971676385e-05,4.03329503424047e-05,-2.03765584444736e-05,1.29903987871892e-06,-0.00034946095030667,4.42257831795138e-07,-0.000228464814362142,1.69955390364536e-07,5.65486611073179e-06,1.11688086792067e-05,-3.46253087543097e-06,3.67017749213089e-06,-0.00012354909908006,4.36043254842926e-06,-0.000222439250938975,0.000242522209931453,-8.49863914130562e-05,3.14247888802433e-05,-1.85100518333319e-05,4.50500465205882e-05,-0.000509156768297006,-0.000893919818314421,4.28468203554028e-06,-0.000154511089403149,1.73171799665575e-05,-0.314979206821796,-5.43430473186178e-05,-0.00184780250613119,-1.15357608242221e-05,5.92262661514623e-06,-1.44987084019411e-07,1.00926853578348e-06,-2.00389233275083e-08,1.45970226512324e-05,-3.12535835460733e-05,-4.09661728740095e-06,0.000195847659294338,-0.000164841235475571,-0.000146791457821789,-1.29926998383941e-05,0.000117512745953793,7.39639084541497e-06,4.26594890702592e-08,-1.32574948894589e-05,-4.6351070079602e-06,0.000134360718313426,9.9526321358884e-06,-6.68107663425798e-06,-8.77882789536303e-06,-0.000297734341734585,-1.57453356170367e-05,0.0262489190601017,-5.24326985755398e-06,-0.000109350093533479,0.105429515203534,8.23725388007941e-06,1.53939846246349e-05,0.000884665533622624,3.64158219615929e-06,-5.07240383034931e-07,1.27338794266249e-05,3.70416061247717e-06,-1.86422719785721e-06,9.65564842711522e-07,-2.88656073671244e-05,-4.75879610684462e-07,-2.34383114671743e-05,-4.08980437794187e-07,6.0386258483594e-07,1.03553151405265e-07,-7.87967325444088e-09,-1.01775563452695e-06,-2.57954008405337e-08,-4.47344783497437e-08,-1.78688885302457e-09,-5.07161174743915e-08,-0.000557829271811052,7.65677800618715e-07,-5.30513799916875e-07,3.752090899869e-07,-9.76466404096984e-08,-4.48497288395649e-10,-1.50236463697634e-08,-6.4403687175298e-09,-3.63652655560894e-05,1.09855165800823e-05,4.95533814701226e-05,-8.78262174952078e-07,-1.66558070910406e-06,3.33083099783852e-06,2.97293541882782e-06,4.41809950119597e-10,4.39607152251481e-08,-3.68171615456809e-06,-5.69647216699135e-06,-9.25437872305752e-08,4.21026540294504e-06,0.0002217353272817,1.78598956087769e-06,6.3345201830787e-06,-5.4711883361076e-08,-2.39955355612846e-07,-1.45205384544533e-05,-1.53283491964865e-06,9.39949265282913e-06,1.11244465395618e-06,-6.008353498822e-05,-1.27738860364182e-08,-0.000246529987702102,-1.54719436756924e-06,-3.29942059974861e-06,-3.42118158366059e-05,-1.87106942413235e-08,-2.58117785854534e-07,7.33076964593647e-08,4.65909546491662e-08,-5.06582027758188e-06,-5.30683532241236e-06,-2.4262079909639e-06,2.87527185601985e-06,6.33190318384844e-07,2.68845603826852e-06,-8.06724293220214e-06,-4.61827434309529e-07,-4.37848877131759e-05,-2.55451302165761e-07,-2.51018684293187e-05,-0.00177421424165425,4.70928991687049e-07,1.45940370014774e-07,0.000590082922583925,1.31443907275585e-06,-4.25482016264518e-07,-1.87741828001347e-08,-8.37819039840655e-06,-4.10291419120746e-17,-7.98040802163862e-08,1.14143194345504e-06,-2.33670364835072e-07,-6.0195677722287e-07,-8.10609801639178e-06,1.12100233129685e-07,-1.58433845167644e-06,7.0431213748583e-07,-5.76548250116668e-07,3.74624124277649e-08,-1.76188018463334e-07,7.10099935964462e-05,-4.62547313759347e-08,5.08508874498166e-06,-1.80741109873301e-05,1.84327318806327e-08,-1.21145474495142e-09,5.78806125617905e-08,-5.49772413112801e-08,8.65935320328932e-07,9.48353482862321e-06,-1.81245908972081e-06,8.38653075638136e-07,-6.60478954576769e-06,1.80591110417176e-05,-1.10548096337675e-06,5.02449842462491e-06,-1.7091871992645e-06,4.02215502504174e-08,0.000466146911191355,4.4450600509277e-06,8.51260014325664e-07,7.75750180244021e-09,-1.25395557852295e-06,2.83823882719392e-07,-4.16063285235712e-07,6.62392209784667e-07,-1.28663313076893e-06,1.0103390143868e-06,-7.44540335519849e-08,1.45143740538894e-05,-6.33634894402644e-08,1.04500515971231e-05,-8.33506652166269e-17,-2.59923626729742e-05,-1.0826029203843e-06,-2.78391668467269e-11,-2.47404692765366e-07,3.69273375070252e-07,-2.30554445553939e-07,-6.570620991555e-08,8.07081964942269e-09,-3.61720946907541e-07,1.36896319513822e-05,2.2053246223229e-06,-4.29051558858333e-08,2.30007747301587e-05,-3.38456891291171e-05,2.24870971798451e-06,-2.18951199940928e-05,8.81205836698266e-07,0.000134005187315548,2.38431581520673e-08,0.0258423686145951,7.97199240323514e-07,-1.25239139295479e-09,-4.11672178011616e-07,1.33744705903782e-07,-5.65114137033778e-07,7.70745465717789e-07,3.0324816030128e-06,3.74984901667393e-07,-1.22551644906934e-07,-8.69966269115217e-07,9.59222562668883e-08,-4.80024648581113e-07,6.0372025524718e-07,0.000538595028165757,-1.12261228951282e-05,7.22460895412313e-17,5.41977766589865e-08,7.15750391460319e-07,-7.2648851502633e-08,1.74637645702231e-05,4.52903043233116e-08,4.67193735758539e-06,1.12925531848716e-05,-3.65136532137013e-06,1.74515322792917e-05,6.07718558888459e-16,-8.11506219984677e-05,-1.62065489560342e-08,-3.38739510660034e-06,3.40307265023903e-07,1.04593101785897e-05,-4.9842059808136e-06,-0.0928226656788363,-0.00816313375135085,2.18689938480752e-06,-0.00194748563196901,1.49541220134766e-07,1.35262419308441e-05,1.71161296923533e-08,2.22371973195327e-09,1.37961375833566e-05,-1.62052328290515e-07,1.32186612314833e-05,6.71130655059399e-16,5.68377117751212e-07,-4.20706570535695e-08,-1.21181183156327e-09,-1.19991222247416e-08,0.000335704562683386,1.75019076519764e-05,-1.68838938851977e-07,6.0497746624194e-07,3.18775926139222e-07,3.1220387042196e-16,2.27753375604103e-06,1.82710222311969e-08,2.50481525604786e-06,1.56285167779081e-16,-1.0015971141628e-06,-1.24316753709094e-07,1.87573937544193e-08,3.20678277816412e-06,1.01480353388061e-06,5.21205557760867e-07,3.82857906279085e-07,-4.65723292950057e-07,-7.77850558497659e-08,-4.06341908133646e-09,-3.27448532755309e-06,-2.52306907056065e-08,4.04315245667261e-17,8.35370840007547e-09,-2.98999200187174e-07,-1.20510915429196e-07,6.14676630279668e-05,-3.17494277716482e-16,9.73399252950318e-09,-1.27161732684476e-09,1.13529448482422e-05,1.56028288259193e-09,2.22030849748449e-07,-4.06646034151657e-09,3.66503892744038e-08,-4.39569698215546e-08,6.17565089141065e-16,5.6767705525317e-08,-3.09455255420154e-10,1.08964814941165e-09,4.37131681181745e-07,1.27139465179002e-10,-5.55275615630074e-11,1.71737624121704e-16,5.08235953743545e-16,-4.2011370065036e-11,1.84512467967229e-11,-5.21534117440708e-12,1.39242412449391e-08,-3.05698972457775e-16,2.38402760552464e-08,3.99757435156362e-10,-1.10954995990457e-16,2.6707064315863e-16,-7.92116710122505e-17,-1.87701364983621e-07,-1.28365851153275e-08,1.82240917545104e-08,-6.7625416464573e-07,-9.82011147543585e-08,-2.21438519972193e-08,9.82162245927191e-09,-4.02246559273748e-16,3.11887919620283e-09,-9.96769463763089e-09,-3.77485932910619e-16,-1.76959061442195e-16,1.14196574034251e-08,3.62504877739388e-10,1.61282000608185e-08,-0.00223130792148997,9.25787266051089e-10,6.28659982891193e-10,1.00624020219852e-15,1.45580537521634e-08,-6.75700288829061e-16,5.75349479381878e-07,-1.40843283216729e-15,4.26904234150943e-09,-1.55105063343516e-15,-2.18987774049502e-08,-5.97638043391064e-09,-1.62852127006062e-07,-5.46780916414018e-07,-2.47078795100775e-08,3.11854359950234e-09,-2.13351054001854e-08,-9.00681829205762e-09,-1.96361948522008e-06,-1.58103009381055e-07,-1.0020840127532e-08,3.14543850271387e-08,2.72708718881287e-06,2.3697496499346e-07,1.82015868974926e-08,-4.20352815615851e-16,-1.89009293356722e-07,3.59778293102805e-08,-2.46825886810209e-08,-2.34565114100221e-16,-2.17059227387602e-07,-1.61746082555201e-06,-5.47792161521944e-07,2.66286863426807e-15,1.36691464368926e-07,3.77447721969719e-06,-3.03177220375614e-16,1.14794082656226e-07,-3.81487471038628e-07,1.11750197917422e-15,2.63721522486432e-15,1.67799549426164e-08,4.2105445019761e-06,2.60551937648195e-08,4.00599942688908e-05,-3.34444726045887e-06,-9.03950178141082e-08,-4.16337442044113e-06,-1.34656230398807e-06,6.16880420131365e-05,7.04408319868177e-14,-1.61916408616774e-08,-5.54095578962752e-07,-2.08253295609431e-06,-0.000340583581572466,-9.78433868551529e-16,-3.39038463858375e-14,-0.618271696080873,-3.09819161940916e-15,-1.30080080195302e-14,2.02775567549142e-06,-2.5802848725132e-06,-4.81738027483561e-07,-9.18255646983213e-07,9.37016891244027e-06,2.43398218478444e-06,0.000265291332629992,1.43029599448374e-15,5.03486932730877e-06,2.23181979275751e-07,1.00745136961686e-06,-2.04528007053362e-07,7.16798232467316e-07,-4.53652838252245e-16,-1.8291192043602e-15,-1.76860884515881e-15,-2.50223771837201e-06,-2.48773815695614e-08,-1.60670740962251e-06,-5.80543199942574e-16,-1.81595575087496e-08,2.46873672587507e-17,-3.09095899984714e-16,2.52717477805146e-06,-6.31654827319075e-07,-1.86179197059211e-15,-5.0449271495475e-06,-6.68154056029689e-08,-2.81901886383719e-16,1.45916198806169e-07,-5.57648391533529e-16,2.27025440746548e-06,-1.92907188981839e-16,2.25684787720602e-06,4.25988049919015e-07,1.53804513399739e-08,6.59633093235521e-07,4.48848584349219e-06,-4.75106270154783e-08,1.4016924133004e-06,5.78470601528114e-16,7.92922424742526e-07,-4.45591444752193e-08,8.96477067409444e-16,-5.83678935583942e-09,-1.17738298165297e-07,2.71121577492199e-08,-3.03184731288191e-15,8.45147711275405e-08,1.11187381564431e-07,5.44675810090984e-16,-3.0638956680299e-06,-2.31785215729194e-06,-3.12667275729138e-09,2.55370166790281e-15,-1.46773510240767e-15,5.45082809197446e-08,7.54000965576681e-07,6.08928969961276e-08,-2.16084219282822e-08,4.81553969037673e-07,-4.7454012742697e-14,-2.81311727635829e-13,3.60081132898524e-06,0.635688079610878,-9.34498170095619e-15,3.25799057745359e-06,1.72631991175143e-15,3.88567739563475e-08,-5.72091373039024e-05,-3.84430195192771e-07,-2.56416250282618e-06,-2.0427486015988e-15,-3.1240685445908e-15,1.56320612578662e-15,-4.36520819157805e-16,-4.49740427043783e-09,-1.55833097187817e-08,-2.72477818825686e-15,2.35873898860154e-15,7.97444279723429e-16,2.18447034239256e-08,1.95951565163843e-10,-1.07345194261689e-08,7.76926656429351e-16,-1.57048039937241e-14,2.59051677678479e-14,-4.52716113348597e-07,1.38455376497899e-08,2.5457582210349e-15,2.41474386199831e-09,-6.30283074015161e-08,1.82336561798977e-15,1.34818756883686e-15,-1.96826132973396e-06,-4.43743185707455e-10,-9.72628925534412e-07,-1.66885658384483e-15,2.40790652397759e-08,3.89273364851645e-07,4.22472247718436e-07,-0.00195193429527629,-7.62075692514878e-08,1.37541189429532e-09,-9.81678959343437e-16,-1.1664006155554e-16,-9.48396039532259e-16,2.68149499833229e-08,-2.42760492630686e-08,-4.14204602494428e-07,-7.14421072288039e-09,-1.71365498162985e-16,6.65872097664253e-16,-5.9008339323528e-16,4.98785846206773e-16,1.93103870545936e-15,3.38298166344605e-08,6.57539610577211e-17,-2.69736698431895e-16,-2.47108423952754e-07,-5.93738201218488e-16,-2.2116442465397e-07,-1.30661767083445e-16,-2.74111352437891e-07,-4.96074194457098e-16,-3.30065479689174e-07,-4.12518731150705e-08,-8.30185907683477e-08,9.35798753969579e-16,1.31824154778672e-06,9.91664219539735e-17,4.55161490139811e-07,-7.1919845900652e-08,3.97898619590678e-10,1.21163396780902e-15,2.18545099592763e-06,-9.39306168064024e-17,-1.5668507331135e-07,-7.99690939820721e-08,1.63075374969797e-16,3.81083281162997e-16,6.39026397804417e-17,-1.16140391265012e-16,-1.02594604175089e-06,-1.57294512944132e-07,-3.50878796755279e-08,3.30363050834564e-16,7.48829994505846e-18,-8.17704726561927e-09,6.66890558969312e-08,3.14811744914355e-16,1.06069214158355e-16,-1.32208138075171e-07,-2.25437282963922e-16,-1.12003705202487e-06,3.04985666899906e-15,2.3361385954075e-07,-1.82192315697133e-16,-2.47108768419302e-16,1.94088857631125e-16,4.57420048580229e-16,-3.81957031110915e-16,5.98977480720212e-16,4.46138994338926e-09,-3.11987880299207e-08,-7.37343341380126e-17,-2.06695893706392e-08,8.67654615061076e-07,8.5608951980003e-17,-2.66627302920304e-16,1.02540219230386e-15,-6.80402420545087e-16,3.47810072164722e-07,5.55743757601446e-08,-7.4971941047892e-16,1.88733562194967e-16,-1.54504625172957e-07,-4.99001539985196e-08,-7.55169308989945e-10,3.09093911549423e-16,-4.08944453269188e-17,-3.17607466785733e-17,-3.50458760487803e-16,2.25656400703116e-16,7.29304778266533e-16,1.31916983475868e-06,-1.04200642825607e-06,-2.39633525338594e-07,-9.74495600802185e-17,1.34933572009066e-16,-2.40373087153901e-16,8.99725412227027e-17,1.14718196611699e-16,-5.88439512889325e-17,5.44695710642368e-18,1.88648698533899e-16,1.56270008737763e-16,-5.17885468568005e-17,2.26991094780028e-16,2.26661021332906e-16,-5.45470865274577e-17,-2.02118591158035e-16,2.89268903540394e-09,-1.51079503423274e-16,7.76118368205767e-17,-2.37734364753486e-16,4.08977773521489e-08,-2.21526997463644e-08,-1.48320668838851e-16,-1.05504324071632e-09,3.73050034632303e-08,-4.52980458342637e-16,3.01085764035215e-16,-7.18056597264048e-08,-7.64633310962701e-17,9.14899613195061e-10,5.38652872278394e-17,-4.62242415255598e-17,-8.3087481554736e-18,6.67122246797712e-16,4.00966113152183e-08,-1.22500416358797e-07,4.63486760108909e-16,5.27282274222873e-16,7.15406841377141e-17,3.3976647024196e-16,-1.40187340902376e-16,-3.94547747344053e-16,-8.49350037548007e-17,-1.89377897384954e-16,1.45812559952504e-09,1.90914020441535e-16,5.10315364284332e-17,-3.34896947024163e-16,-3.81271025198362e-16,-2.3211007725372e-16,-5.90533972241972e-16,-3.16314297968753e-07,1.02686171103755e-16,-3.30548027052739e-16,2.13892789899379e-08,1.87499029060741e-17,3.25014351989684e-17,-8.43174551673558e-17,4.49697510279177e-17,1.77551234057194e-08,4.05426645870823e-17,-5.87196706665895e-07,8.85949472130732e-18,-1.58234967306387e-16,-1.31741942884372e-16,-3.91106875482833e-17,-1.03342143829295e-16,1.0777988367896e-15,1.76349936613097e-06,1.00929380422787e-15,-8.61319918493619e-16,2.6959273823543e-09,-9.93918021281224e-06,1.77601863396065e-17,4.53498527142522e-07,2.70265697815164e-07,-3.75102810140233e-17,1.53783286286623e-16,-1.38982475604641e-16,1.74478833323933e-16,8.46617480893335e-17,-4.51639952913542e-07,2.79450826986383e-16,2.05321656019942e-16,-1.28436702945978e-16,1.80573776318536e-07,-3.75708569857386e-16,-5.13079462448301e-17,4.04405893961312e-17,2.92029117478847e-16,-8.21278406447251e-08,-8.80830909517778e-17,5.51646898275536e-10,1.16943037815542e-17,-7.21382167565186e-16,-1.94552508556474e-16,-4.12520192813907e-17,-3.09048868010462e-18,-1.3537600660831e-16,-2.5343782479357e-17,-9.54732474121120e-09,-2.89802677810644e-16,-8.25538397518613e-17,4.0113643203974e-09,6.11982668341456e-17,-1.56529505700696e-16,-1.78073533413247e-16,2.62390580690301e-16,-4.16646130736045e-18,-2.81030280126293e-16,-2.90254129566836e-08,-2.82946945225295e-17,-6.64062437262413e-17,8.63582471581365e-09,-6.27485348309105e-17,1.14812039120184e-16,-7.56099457094734e-17,-1.35496115259553e-16,-1.9047607394744e-17,-4.62816642344588e-20,-6.10313136359546e-17,-8.74770728520162e-17,2.83926641194087e-17,3.8737988389123e-16,4.54600491768227e-17,-4.5173520115705e-09,1.49746193190306e-08,-1.8886930334768e-16,-6.15713455310222e-17,5.42028111692592e-17,-1.64998810351151e-17,1.57469523531795e-15,-2.21782851394182e-17,-2.69988489852448e-16,-2.41471771773894e-16,-1.424816115108e-08,9.20402387648382e-18,-8.46446173484421e-17,-1.46177714522757e-16,-2.35482075838963e-16,1.65632636426755e-09,-3.74790091140945e-16,-2.62242307744484e-10,2.39793816232524e-17,-3.64570642505849e-16,9.65242766321105e-17,-2.80280962848811e-16,-2.00844675285331e-17,-1.44494889982138e-16,9.24207953887586e-17,-1.5913641818494e-16,-5.18935991442742e-17,9.88823940278741e-17,-1.41054717177216e-16,9.71815541001626e-17,1.63443459514873e-16,5.87501854950785e-18,1.54372387511619e-16,1.87218149191855e-16,8.6260078875816e-17,9.86058752760737e-17,-9.5512602759657e-17,5.98634654397746e-17,-3.49546780409327e-16,-1.67521215253325e-16,1.63028121412652e-16,6.87688835098373e-18,-1.40180440151119e-16,5.53979900439306e-09,8.31980847933155e-17,2.13580644783117e-16,1.55698978109651e-16,3.26499233169558e-16,8.26160955299351e-17,-2.06509160809404e-16,7.98565163549423e-17,-4.89624622140481e-17,-2.70141804399847e-16,1.29799429691998e-16,-5.34294830600857e-16,1.12150787320801e-16,-6.21847884511539e-17,4.85566052516457e-17,-2.43908392250131e-16,2.5111107265191e-16,8.92470777815062e-17,-7.10367553309172e-08,-1.25322231050114e-16,-2.72819792496462e-17,9.14870909933363e-17,-8.3659334319966e-18,4.20267828387084e-17,1.05314663333902e-17,-1.3200955163316e-18,-1.78324239456059e-16,1.25501893360807e-16,3.69677691336655e-09,-1.92740693623711e-16,-2.44554590261016e-17,-1.47280712768413e-16,-2.62796742317359e-16,1.1841809705023e-16,-1.09425222536301e-16,-2.37938004710101e-16,8.47267859750778e-18,1.06067827016186e-16,8.47553752438355e-17,-1.89295740307835e-16,-1.40894718959536e-18,-8.26273822375923e-18,7.54173379010843e-08,-8.66492897318705e-18,-7.57588962052763e-17,-2.52360213623782e-16,-5.57822017743792e-16,-5.09227173293916e-09,-8.05012974586235e-17,5.22053849116795e-16,1.57777677910141e-16,1.40010200798423e-17,5.66618791159452e-17,7.33798638357545e-17,1.32007727356753e-16,1.18261053776818e-17,1.27515724634274e-16,-9.31376579901822e-18,5.74745608838241e-17,1.66762279381963e-16,-1.44873454433866e-16,-7.66878388612066e-17,5.7482402431791e-17,9.83007468708949e-17,-1.25749866854172e-16
"t245",0.0323082802799272,-0.00784792968735287,-0.0084353812875279,0.000376461782975572,0.00186113073807428,0.00352098239464137,0.000784169738676577,6.97494226339497e-06,-0.032043245889829,0.121534815256551,-0.0210045297877145,0.00256522236227274,-0.00496993834243994,-0.00103987686239947,-0.0273261653597549,0.000601941972338666,0.000378964341693238,-4.41205322936553e-05,-0.0191539957111627,0.00252434536965046,-2.05324074046808e-05,2.24628099780764e-05,-0.00280398016157984,-8.50934038480137e-06,-5.92447728791972e-06,0.000426142754400397,-0.00211571474634103,2.0721933712435e-05,-0.00030525058586482,0.000889776143321962,3.50700242210747e-06,0.00479856905562409,-0.000233574043122049,0.00579742032842005,-0.00051463808419855,0.000176308771185286,9.29288468585511e-06,-2.44570919886027e-05,-0.00143815789581431,-0.000525504817194442,-0.000578536820708861,0.0177207624705423,-0.00171987312035396,0.233944780687787,0.000637185755507102,-4.38041536981864e-05,7.45318489267991e-06,-0.000108585827376365,0.0060534455919631,-0.0103357461226312,8.14208872858344e-05,-7.71732398672272e-05,8.43963071180413e-06,-2.90832936701117e-05,0.00086168288217579,-0.00210922438489925,0.000936880922962981,-0.0102726707440206,0.134676600967211,1.76358915264678e-05,7.29692649105577e-06,-0.000275484187590091,0.000127338746889981,-8.94375158123318e-05,0.000219694023948086,-7.96710229260359e-06,7.18246077479823e-06,-2.85717408063013e-05,4.26394350083911e-06,-5.70695787539788e-07,-5.19196929731644e-07,1.94791461001465e-06,-6.91686359559612e-06,-4.69433761578445e-06,1.98233298748278e-06,7.22840363123462e-07,-1.75321047439438e-05,2.63736361262898e-06,-0.000344857705280159,-0.000109715168564779,6.65271891829795e-06,0.000516545591107355,-0.000310678870695966,-2.53355763293221e-05,0.000101839504504903,7.76339576331542e-05,-1.88337945693848e-05,-0.000161849200893796,-8.082231535399e-07,3.76351994753679e-05,-0.0252123918433175,3.47726626711425e-08,2.50550733636641e-05,-2.57059569437248e-05,-2.29324861503845e-05,-6.71794517082183e-06,-7.89712710209064e-07,4.23165060404781e-06,-4.72718674969853e-05,-0.000464503381230817,-2.61381761103304e-05,1.72563959015669e-07,-3.61243241471479e-05,4.0894380743619e-05,-2.06618207707985e-05,1.31730654198102e-06,-0.000354413627980039,4.48539339078397e-07,-0.000231722291317643,1.72392761850113e-07,5.73611719778827e-06,1.13310869141536e-05,-3.51290677213909e-06,3.72513653095543e-06,-0.000125410437648116,4.42699675862347e-06,-0.000225854888980397,0.000246306237735789,-8.63327105479443e-05,3.19282863954423e-05,-1.88085288690689e-05,4.57925252517422e-05,-0.000517665965527538,-0.000908867226558841,4.35646975251465e-06,-0.000157136674480358,1.76117921910184e-05,-0.320402650548025,-5.53108717210575e-05,-0.00188072324389521,-1.17418404375034e-05,6.03079613189287e-06,-1.47646478752395e-07,1.02783826933268e-06,-2.04123037022354e-08,1.48694794242717e-05,-3.18524500359804e-05,-4.17676184389877e-06,0.000199787293973206,-0.000168159732255274,-0.000149760527845355,-1.3256125716742e-05,0.000119904476432951,7.54714984548671e-06,4.35290251277591e-08,-1.35305635909591e-05,-4.73256382556313e-06,0.000137244644149527,1.01673475519698e-05,-6.82683184179352e-06,-8.97051753319215e-06,-0.000304263103273183,-1.60914613528567e-05,0.0268275745326593,-5.36186210099512e-06,-0.00011183344015709,0.107830708708407,8.43719694303111e-06,1.57733225582036e-05,0.000906515667941472,3.73267006737697e-06,-5.19960924698575e-07,1.30583907736551e-05,3.79874122589728e-06,-1.91257138440646e-06,9.90978625799125e-07,-2.96581111441431e-05,-4.8896407051711e-07,-2.40829982818666e-05,-4.20293707177755e-07,6.20677569237222e-07,1.06439405668927e-07,-8.10217244825303e-09,-1.04661108708671e-06,-2.65331757840355e-08,-4.60166741066759e-08,-1.83816156137661e-09,-5.22009507200702e-08,-0.000574500261081733,7.88641064908989e-07,-5.46477659621895e-07,3.86611490120212e-07,-1.00625320452459e-07,-4.62229293350352e-10,-1.54852405033894e-08,-6.64056264188167e-09,-3.74989072070298e-05,1.13365272540451e-05,5.11380021042162e-05,-9.06577984863923e-07,-1.72049391187035e-06,3.44268239893083e-06,3.07339986178552e-06,4.56880381255775e-10,4.54706969642671e-08,-3.8108021104635e-06,-5.89708422760406e-06,-9.5833468487198e-08,4.36062777488167e-06,0.000229940749444407,1.85219059382526e-06,6.57283464731908e-06,-5.68002889521596e-08,-2.49435131013817e-07,-1.50942829845431e-05,-1.59359194134149e-06,9.77564880757581e-06,1.15725945838783e-06,-6.25467308728687e-05,-1.33089304505186e-08,-0.000257034337345874,-1.61346598444983e-06,-3.44411717252051e-06,-3.57317924885764e-05,-1.95422645429629e-08,-2.69705516301897e-07,7.66832052565214e-08,4.87466781641764e-08,-5.30630449567144e-06,-5.56323548581635e-06,-2.54414323490279e-06,3.01855164433677e-06,6.64929413046277e-07,2.82408606041571e-06,-8.48225113987937e-06,-4.85678998430457e-07,-4.60483808068577e-05,-2.68939596232515e-07,-2.64443440674259e-05,-0.00187045445521817,4.96638152637445e-07,1.53960538815279e-07,0.000622712396106028,1.38725026645405e-06,-4.49434476798168e-07,-1.9841723244177e-08,-8.85978320361227e-06,7.29813890862327e-18,-8.44629883892608e-08,1.20827421093341e-06,-2.47648653954431e-07,-6.38559189858654e-07,-8.60565046730076e-06,1.19014159672084e-07,-1.68450726005491e-06,7.49027193942281e-07,-6.13221956866847e-07,3.98672245160546e-08,-1.87567934862643e-07,7.56483416629704e-05,-4.9291146038708e-08,5.41958744382223e-06,-1.92764361278963e-05,1.97175582635042e-08,-1.29729931441433e-09,6.20386328629048e-08,-5.90457153562341e-08,9.30152358530375e-07,1.02015263049439e-05,-1.95127658339072e-06,9.03954314113466e-07,-7.1217917685604e-06,1.94805657165201e-05,-1.19316483207238e-06,5.42757963745267e-06,-1.84648131047119e-06,4.3546870413995e-08,0.000504711091722178,4.8130710506453e-06,9.22289528636498e-07,8.40667633915635e-09,-1.35986645849099e-06,3.07837343046795e-07,-4.5328331010208e-07,7.2201336257192e-07,-1.4030069430315e-06,1.10275038894519e-06,-8.13252650962156e-08,1.58812487029202e-05,-6.93658986600016e-08,1.1444604714443e-05,1.62317144461094e-16,-2.85060718557425e-05,-1.1875222338729e-06,-3.05558481139639e-11,-2.71943843468511e-07,4.06417157489861e-07,-2.53899948594792e-07,-7.23814567488789e-08,8.926425252715e-09,-4.00173535310748e-07,1.51459853274643e-05,2.44290307525304e-06,-4.76958802865946e-08,2.55850356160583e-05,-3.76649349960792e-05,2.50611718473711e-06,-2.45430230424064e-05,9.90281331329952e-07,0.000150614888499668,2.67996711915446e-08,0.0292385147737309,9.09375559704412e-07,-1.430181097564e-09,-4.70875559429289e-07,1.53285186478922e-07,-6.48081951646974e-07,8.88637700706747e-07,3.49777116059713e-06,4.32850469932921e-07,-1.41537288346875e-07,-1.00649080234954e-06,1.11192817237094e-07,-5.57469029242355e-07,7.01691688089206e-07,0.000626871137629755,-1.31057321777942e-05,-3.83973434589212e-17,6.45701200005853e-08,8.54623509495671e-07,-8.70390259178743e-08,2.09250870329266e-05,5.42726819196084e-08,5.60325275427238e-06,1.35654458699658e-05,-4.39480027481654e-06,2.10894198932601e-05,5.85246408075773e-16,-9.90222732583774e-05,-1.98004644461399e-08,-4.14984439826423e-06,4.1704176442946e-07,1.29073758176876e-05,-6.1753822139697e-06,-0.115678215011459,-0.0102153235133877,2.76236524038136e-06,-0.00248243641846939,1.91781629651632e-07,1.74082499594518e-05,2.20775929221453e-08,2.87991290927672e-09,1.78752720127e-05,-2.10582276420134e-07,1.72169548372179e-05,8.26748989269169e-16,7.53929528995229e-07,-5.60302277098895e-08,-1.61397113862775e-09,-1.61732349891281e-08,0.000453333359717832,2.42196000862122e-05,-2.35413445171219e-07,8.44810281197746e-07,4.47769365096585e-07,2.58002868574869e-17,3.22130322310608e-06,2.59102291854835e-08,3.58820616194935e-06,6.02270919813597e-17,-1.4514028031286e-06,-1.80650977948824e-07,2.72972744645341e-08,4.68105407270744e-06,1.4890931740495e-06,7.67864879586827e-07,5.65838544688455e-07,-6.94993144287633e-07,-1.16213883827906e-07,-6.1130278362569e-09,-4.98890976034112e-06,-3.84662700633838e-08,8.15557607529776e-17,1.3082907535348e-08,-4.70601774599021e-07,-1.9182803902255e-07,9.96276452007459e-05,2.45901389598374e-17,1.6476006250743e-08,-2.27973426551384e-09,2.09652012679888e-05,2.92412333891163e-09,4.23892363118208e-07,-8.05738630781529e-09,7.78368988995856e-08,-1.19362319701979e-07,5.24258587933482e-16,2.31053276124412e-07,-1.32777600736099e-09,5.3031788094436e-09,2.66241211147752e-06,7.90367892879522e-10,-3.7413367226548e-10,-6.15826833971767e-16,3.00029414660039e-16,-6.01240617957279e-10,-1.9015511020041e-09,2.54739881015807e-10,-1.3308917314402e-07,1.59898163374747e-16,-6.98581291516299e-08,-8.34889603655474e-10,2.70338450325623e-17,-1.24846063219016e-16,2.35182159210401e-16,1.63214526710649e-07,1.00381179810389e-08,-9.77770517064546e-09,2.55801068233339e-07,3.55457564975901e-08,5.10888798269497e-09,-2.13428464939079e-09,1.31900705101685e-16,-7.67205752604952e-11,-2.83348021800214e-10,-6.44467166604441e-16,-2.4182574083976e-16,2.1532294006651e-09,7.93086762971188e-11,4.12053660858221e-09,-0.000620239839296094,2.93448427069392e-10,2.02943880520613e-10,9.48507365350828e-16,4.81330045533376e-09,-8.79461354518009e-16,2.02514580858066e-07,-5.4676315558444e-16,1.56557508833809e-09,-7.08337301779691e-16,-8.41740108772957e-09,-2.3176778721199e-09,-6.99064521387597e-08,-2.39082001632197e-07,-1.08841365501559e-08,1.41638273315718e-09,-9.92960669588459e-09,-4.40844577363436e-09,-9.61502019087976e-07,-7.85020830071218e-08,-5.09591722880104e-09,1.64678698413466e-08,1.45988822055134e-06,1.28939535760937e-07,9.97948194752706e-09,-4.31137654656355e-16,-1.05959289821606e-07,2.0568628310466e-08,-1.48003778757081e-08,3.89650083597538e-16,-1.31727813055071e-07,-9.98286652084912e-07,-3.40391551392088e-07,2.46805735553502e-15,8.5227211506179e-08,2.38391508643292e-06,-1.1855528478803e-15,7.29408537124859e-08,-2.5039163436303e-07,4.08256301153117e-16,-5.71076458772814e-16,1.11372714283259e-08,2.79734199136245e-06,1.73873159509021e-08,2.68688733912091e-05,-2.26771532452418e-06,-6.13481718838992e-08,-2.82914033486937e-06,-9.27165764741711e-07,4.28984917537979e-05,4.38212834075191e-14,-1.13001674985199e-08,-3.86938112583625e-07,-1.45734441052066e-06,-0.000238932098893888,-1.11766785518519e-15,-2.35250058791577e-14,-0.435189816091949,-2.89099871824643e-15,-1.14831631465839e-14,1.45500526141143e-06,-1.85711807542369e-06,-3.46745012108757e-07,-6.65186535990887e-07,6.79348562997839e-06,1.76498278176318e-06,0.000192595444200575,9.04225293675657e-16,3.69780313062681e-06,1.64295695166862e-07,7.42199350523372e-07,-1.5123679028666e-07,5.33462726231508e-07,2.70239685277935e-16,4.13584618741041e-17,-4.09251374534962e-16,-1.8784189159556e-06,-1.87412234380102e-08,-1.21072128325852e-06,-2.05723317246495e-15,-1.37288290221442e-08,3.69095951896013e-17,-5.79421658115867e-16,1.93574499218996e-06,-4.83903104550449e-07,1.29171846829923e-15,-3.87607044590268e-06,-5.14188637086916e-08,-2.03870464343156e-15,1.12653901526848e-07,3.43534667674483e-16,1.75914954913053e-06,-1.3835874196881e-16,1.74931368561125e-06,3.30269524826608e-07,1.19277609573534e-08,5.11748517671296e-07,3.48512883247241e-06,-3.70014444969063e-08,1.09580566963907e-06,-1.48369801302835e-16,6.22353841325357e-07,-3.49866349957347e-08,1.84269892429644e-16,-4.58502207636608e-09,-9.25608007940204e-08,2.13279213632305e-08,7.24295440731256e-15,6.65840915877039e-08,8.7611024943133e-08,-1.06398714944958e-16,-2.41447896140203e-06,-1.82658143988036e-06,-2.4633268781197e-09,-4.09673627290577e-15,1.23451031765472e-15,4.2798924210173e-08,5.89987614517017e-07,4.76020955147155e-08,-1.49091588089403e-08,2.63850403615672e-07,5.70759641067935e-14,3.38745527405408e-13,-1.27139283657965e-06,-0.766418615880428,1.04471676315446e-14,3.43651153382102e-06,-1.57094087374138e-15,3.63213186241573e-08,-5.08867143244559e-05,-3.41260399777414e-07,-2.26067874243586e-06,2.2646675672063e-15,3.93936719727465e-15,-1.23004670042512e-15,3.56960615423101e-16,-3.85807626218429e-09,-1.33548894007598e-08,3.13372430435047e-15,-2.3695069591265e-15,-2.11096794820299e-15,1.86676096250906e-08,1.67288192741021e-10,-9.14653275076368e-09,-6.01534448462426e-16,1.77783135435483e-14,-2.80807820572659e-14,-3.84741743675914e-07,1.17664133155439e-08,-1.88187906300427e-15,2.05205567631962e-09,-5.35655154162678e-08,-1.85554022941108e-15,-8.03846535692694e-16,-1.67329890492245e-06,-3.77256572358042e-10,-8.27132424601589e-07,1.27025239917317e-15,2.04888583810826e-08,3.31353169537213e-07,3.5981134921028e-07,-0.00166379672684213,-6.49732123886246e-08,1.17317791615642e-09,7.18789794082102e-16,-9.24884851965223e-16,9.79593408573864e-16,2.29352118017371e-08,-2.07645714400529e-08,-3.54421522359727e-07,-6.12469515576622e-09,-3.95508171482175e-16,-1.13702758384737e-15,5.57564277100397e-16,9.85795553816382e-21,-7.70228866465391e-17,2.90611096828457e-08,3.75145852264529e-16,1.54407592626155e-16,-2.12445870662506e-07,5.89317514744998e-16,-1.90149249235253e-07,-2.48642110484296e-18,-2.35688118485458e-07,7.88911067112654e-16,-2.8419520161288e-07,-3.55307699469597e-08,-7.15413043216624e-08,-1.12681275773786e-15,1.13670510795311e-06,8.65577046987352e-17,3.93017256246476e-07,-6.22104345398696e-08,3.44208700910527e-10,-5.93742609225834e-16,1.89189805987715e-06,-2.33536331342138e-16,-1.35790845189441e-07,-6.93088673969361e-08,6.54365627867308e-17,-3.48267254851956e-16,4.21063057330609e-16,-9.35925986045187e-17,-8.8999899892128e-07,-1.36484535994662e-07,-3.04542975144371e-08,-1.78707651035685e-16,5.59807899281625e-17,-7.10666932794585e-09,5.79628455766278e-08,-2.42882834452821e-17,4.24984611926433e-16,-1.15097123991015e-07,3.11813920610597e-16,-9.75414301320838e-07,-2.36107821425824e-15,2.03651808338696e-07,1.76921256870464e-16,2.46802842127571e-16,-1.0647831197659e-16,3.70169467158142e-16,3.13937338151726e-16,-4.41871059746901e-16,3.8969573866937e-09,-2.72523753247222e-08,-9.08061528793432e-17,-1.80674275009423e-08,7.58639125651469e-07,-1.98994987819126e-16,4.59511112207794e-17,7.55460126909765e-16,7.13212681747445e-16,3.04480811192941e-07,4.86647898069027e-08,7.31750393867946e-16,-8.35859298872909e-17,-1.35337369337927e-07,-4.37115080851102e-08,-6.61602485261278e-10,-1.70840465712992e-16,1.91620210967024e-16,1.14892357970714e-16,5.20095188157986e-16,-1.06454251406568e-16,-8.04672250250911e-16,1.15826733574122e-06,-9.15095792063009e-07,-2.10489766466058e-07,1.01021570829671e-16,-4.97143091431489e-16,1.65943262979294e-16,1.12428536068154e-16,-5.560870804065e-16,-7.49486935028574e-17,1.89056890783935e-16,-8.95388499062588e-17,-2.29635358277515e-16,2.7994530333955e-16,6.83808743449996e-16,1.14573386846139e-16,4.05173496754761e-17,3.06709586713737e-16,2.54932020443471e-09,5.82465275733412e-17,-9.41163093235549e-16,5.42769762631481e-18,3.60586215381254e-08,-1.95334515849017e-08,-1.49046420164665e-17,-9.3035545921158e-10,3.29134600554665e-08,3.08134146758554e-16,1.57075495629359e-15,-6.33937438597733e-08,9.74043859561597e-17,8.08354971835915e-10,2.86087378102051e-17,5.23531948927628e-18,-5.54048661299892e-17,-7.184564279169e-16,3.54705100896115e-08,-1.08375978691432e-07,1.19188349793872e-17,-5.30221169381123e-16,7.17386184279724e-20,-6.92979703516601e-17,9.44340092234874e-17,-2.28434027080898e-16,-5.04611272757985e-17,2.91704373510384e-16,1.29533978600289e-09,-3.05553020053601e-17,3.64109422757522e-17,4.18750602532679e-16,3.04511753385875e-16,4.61194872013687e-16,2.03583416449309e-16,-2.81242977808976e-07,3.78940288379355e-17,3.63649670209579e-16,1.90207409039724e-08,-5.2554921153248e-17,-2.4205783812817e-16,-3.21923036549446e-17,-7.99704629714552e-17,1.58178615193575e-08,-1.492602834099e-17,-5.23296348804777e-07,1.04541029299707e-16,3.19461773495497e-16,1.99435556071991e-16,-5.99299103588467e-17,2.3647932260033e-18,-6.19572623506997e-16,1.57261803513629e-06,-9.97835334747905e-16,-2.66314540603086e-16,2.40531709442011e-09,-8.86799693717468e-06,2.28929935110831e-17,4.04795637161401e-07,2.41272975493246e-07,5.16994448237778e-16,1.19764431289254e-16,1.90116183759853e-16,-1.64985751587051e-17,2.75862262897657e-17,-4.03973957439907e-07,-4.75918948949817e-16,-1.02158470012314e-16,7.16905314351587e-17,1.61595522323275e-07,5.5825103184758e-16,2.65166047325409e-16,-2.15455368754097e-16,-2.62878860129139e-16,-7.35436851946272e-08,2.18921401310954e-16,4.94085596168361e-10,2.23297912566313e-17,3.52674078472427e-16,-7.00349645316034e-17,-4.26551101235299e-17,-1.33747913950706e-17,-2.27638943462159e-17,9.80737373761735e-18,-8.56001277765337e-09,2.53986068776791e-16,-1.56792160259847e-16,3.59745889392562e-09,-2.04253225998431e-16,4.00091272706059e-18,1.05109956797506e-16,-2.56105172750559e-16,-8.37578563028291e-17,-3.09448806086245e-17,-2.60512429682865e-08,2.46206761164404e-16,1.64367995614624e-16,7.75367741226537e-09,1.33133886737782e-16,-1.81007513013406e-16,-3.07874103462895e-17,1.44145993119613e-16,6.01241096292765e-17,-1.54432687072594e-16,5.11138800927356e-17,-1.09512009289362e-16,-2.21121044462446e-16,-3.32469006024556e-16,-8.4597792434147e-17,-4.06115281144067e-09,1.34644295236933e-08,2.24591939959936e-16,-2.1044148178217e-16,5.56720734347955e-17,4.97963756524772e-17,-4.53196508098941e-16,-2.35366257361148e-18,2.4859652956142e-16,3.87649439572735e-16,-1.28214483088038e-08,-2.47577727613276e-16,7.17040163992691e-17,-1.77297569604756e-16,-9.40110842293118e-17,1.49147238184868e-09,-1.89470757377191e-16,-2.36317846042938e-10,-1.81228949714122e-16,-2.21451736695106e-16,4.53461324386834e-17,3.60353334591295e-16,2.39689355901988e-16,-1.62340639967156e-16,-3.56128266330976e-16,2.11125501778157e-16,-5.01333240960177e-17,-9.42014299394312e-18,3.92731416881641e-18,-7.88646516694925e-17,1.15418943267474e-16,9.96402897214963e-17,-5.49735312546971e-17,-8.31569131091023e-18,4.51892806520779e-17,1.75947068927865e-17,1.64086646545929e-16,-3.66190088803285e-16,2.77772596590786e-16,6.35439331177833e-17,-1.57973689072233e-16,-1.53848579951647e-16,1.6894186881436e-16,5.00556843912576e-09,-1.12786270561795e-16,1.31320910117915e-16,-6.98974211332657e-19,-8.16851554214814e-17,1.59896902754801e-16,1.42819311851788e-16,-6.96747450313872e-17,-5.63933151338381e-17,2.18991203414262e-16,-1.19538921872101e-16,1.52438825451462e-16,-2.16106028398894e-16,-1.12367391112021e-16,1.22104857760128e-16,2.75405383560187e-16,1.67311857135698e-17,-9.92910136111364e-17,-6.42987506582267e-08,6.4571599045542e-17,-1.87780540077063e-16,1.82138642962028e-17,9.3338756748117e-17,-4.08599741095404e-17,-3.10039266939766e-17,-6.63298363682315e-17,2.06199061366029e-16,4.73566852393856e-17,3.35199985825166e-09,2.81614234456012e-16,-2.02651354738191e-17,3.58717523225334e-17,1.29020972014235e-16,2.20628853119311e-20,-1.02416811566112e-17,1.43598948851313e-16,2.9388666680679e-17,-1.06318874783041e-16,2.56814314714851e-17,2.33191609058725e-16,-1.11559565666674e-17,1.12889870633713e-16,6.8500595138967e-08,2.80070202705009e-16,-1.18914929162138e-16,-1.92972653408327e-16,-1.78134416939368e-16,-4.6288504503726e-09,9.50712583285499e-17,6.47954135560584e-16,-3.62759548976821e-19,-5.07079382275146e-17,1.49476994289894e-16,6.93433416067435e-18,3.36759344696993e-16,1.89249640042577e-17,8.33194905016945e-17,1.16928593219838e-16,7.51289131982958e-17,-1.34010699740342e-17,-1.81774797752516e-17,-2.55755586024498e-18,6.08646061671324e-17,-1.7608251830629e-17,-2.39081751132474e-16
"t954",0.0323222227447659,-0.0078550658795084,-0.00844329966290104,0.000376935356672363,0.00186399696387641,0.00352734343353749,0.000785614221607628,6.98881146101442e-06,-0.0321184838745769,0.121880748142836,-0.0210803483884381,0.00257662547897615,-0.00499267541865488,-0.00104470602340497,-0.0274585825252958,0.000605030465185195,0.000380955048485717,-4.43564844177788e-05,-0.0192587931423805,0.00253934586968263,-2.06643429150626e-05,2.26368967219488e-05,-0.0028269240888679,-8.57936520840073e-06,-5.9734219510334e-06,0.000429830475853605,-0.00213423921887234,2.0904989827292e-05,-0.000308019195059342,0.000899299635647564,3.5470191862097e-06,0.00485580300687286,-0.00023656013408342,0.00587503404695222,-0.000521877912528267,0.000178986133226284,9.43578321636537e-06,-2.48391170242353e-05,-0.00146077413974127,-0.000533891119471986,-0.000588033270295166,0.0180186512311971,-0.0017492130205437,0.237940564020415,0.000648257712024611,-4.461361610398e-05,7.59344896100602e-06,-0.000110646775560062,0.00617107186421227,-0.010541660651507,8.30966850605066e-05,-7.87854683418705e-05,8.61632597822277e-06,-2.97034441916789e-05,0.000880713913613791,-0.00215605297617063,0.000959656444836609,-0.0105283865759134,0.1380384633487,1.8101568154798e-05,7.49764070052812e-06,-0.000283213033433522,0.000130968146359425,-9.19967291436728e-05,0.000226164520818797,-8.20777803064698e-06,7.41149965947479e-06,-2.95045654226979e-05,4.40465862587638e-06,-5.89893240122812e-07,-5.38423416259806e-07,2.02513823118248e-06,-7.1938761039438e-06,-4.88627134474808e-06,2.06359162128357e-06,7.52733091895849e-07,-1.8259673353963e-05,2.74868942392843e-06,-0.000359972154415182,-0.000114595759953498,6.9561385620983e-06,0.000540230565576727,-0.000325480915112554,-2.65564078599122e-05,0.000106984571187981,8.16058433271399e-05,-1.98095838049302e-05,-0.000170251730977647,-8.50204919280693e-07,3.95926954890437e-05,-0.0265299956507094,3.66715772227855e-08,2.64287360070989e-05,-2.71528450500067e-05,-2.4281247803881e-05,-7.11562791899762e-06,-8.36475517151544e-07,4.48634729537783e-06,-5.01342141159646e-05,-0.000493266412036388,-2.77860181251073e-05,1.83460237082935e-07,-3.8409402895504e-05,4.36897133950737e-05,-2.20821220754247e-05,1.40825474335998e-06,-0.00037907248081266,4.79814250940291e-07,-0.000247940860558319,1.84528083304106e-07,6.14065423672406e-06,1.21390403912607e-05,-3.76371888499806e-06,3.99876221962426e-06,-0.000134677485643611,4.75839720424208e-06,-0.000242860117446851,0.000265145346118073,-9.30354079447741e-05,3.44349472542648e-05,-2.02944893849865e-05,4.94888812874852e-05,-0.000560027737490561,-0.000983280645941581,4.71385358055356e-06,-0.000170207604152448,1.90784566982873e-05,-0.347401881532975,-6.01288191351108e-05,-0.00204460662921038,-1.27677274257893e-05,6.56926691810589e-06,-1.60884974418835e-07,1.12027838525504e-06,-2.22709743806167e-08,1.62257540059367e-05,-3.48335127595029e-05,-4.57570217532236e-06,0.000219397404534136,-0.000184678027078199,-0.000164539443453996,-1.45673582235722e-05,0.000131809551191551,8.29756675074671e-06,4.78572206984399e-08,-1.4889776514799e-05,-5.21765150836271e-06,0.000151599023631076,1.12360619104284e-05,-7.55229984988434e-06,-9.92461443573137e-06,-0.000336758589496391,-1.78142229197081e-05,0.0297076924244082,-5.95211284580448e-06,-0.000124193370111006,0.119781721169856,9.43227742205255e-06,1.7661191641149e-05,0.00101525802658303,4.18598483727994e-06,-5.83266772927159e-07,1.46733489169225e-05,4.26942873918995e-06,-2.15315614741045e-06,1.11744838915138e-06,-3.36017751773636e-05,-5.54074971132376e-07,-2.72910881125566e-05,-4.76590452043088e-07,7.04351199137166e-07,1.208017815791e-07,-9.20934218005809e-09,-1.1901969659914e-06,-3.02043391435812e-08,-5.23968568869616e-08,-2.09329303819851e-09,-5.95892840265422e-08,-0.000657451014265548,9.02900190669184e-07,-6.25909303838016e-07,4.43345978547286e-07,-1.15446162386829e-07,-5.30554325500878e-10,-1.77819485504405e-08,-7.63663444511522e-09,-4.31393621826234e-05,1.30829377439357e-05,5.90220799844206e-05,-1.04745834247606e-06,-1.99369775223707e-06,3.99915261478206e-06,3.57321519925517e-06,5.3185530259192e-10,5.29827785508384e-08,-4.45298190112071e-06,-6.89508825874805e-06,-1.12198769943703e-07,5.10863681199537e-06,0.000270758497312483,2.18150592581888e-06,7.75830108900405e-06,-6.71886144591414e-08,-2.96588089538316e-07,-1.79481213109937e-05,-1.89579959281575e-06,1.1646639186287e-05,1.38016506558581e-06,-7.47981977304455e-05,-1.59700601853047e-08,-0.000309278176802095,-1.94306831666333e-06,-4.16374251143554e-06,-4.32910133899091e-05,-2.36778682036797e-08,-3.27333308990293e-07,9.34695759874833e-08,5.94669922090578e-08,-6.50217591059528e-06,-6.8382194062349e-06,-3.13058654223818e-06,3.73099588780144e-06,8.22747418627832e-07,3.49847980448485e-06,-1.05457355300834e-05,-6.0427190023254e-07,-5.73027290146634e-05,-3.36002706193585e-07,-3.31189285258064e-05,-0.00234893527059995,6.24455960749174e-07,1.93833851518943e-07,0.000784932436941318,1.74923591518588e-06,-5.68512568985286e-07,-2.51488437049013e-08,-1.12539078882213e-05,4.53274152897849e-17,-1.07623050057519e-07,1.54055442956992e-06,-3.17133763488967e-07,-8.20502201402028e-07,-1.10887651713308e-05,1.53381020301262e-07,-2.18239218121644e-06,9.71279924763417e-07,-7.9550516652571e-07,5.18199263351043e-08,-2.44129225961164e-07,9.87017412003772e-05,-6.43825242891992e-08,7.08208369162922e-06,-2.52520085921441e-05,2.61026262956873e-08,-1.72390037070673e-09,8.27011709559733e-08,-7.92621570899767e-08,1.24924863088786e-06,1.37691077630027e-05,-2.64102278856102e-06,1.22840817205814e-06,-9.69052829347346e-06,2.65430188082527e-05,-1.62881299018368e-06,7.4302029032757e-06,-2.52859619568552e-06,6.0067051875436e-08,0.000696297599771237,6.64134380341245e-06,1.2751576340591e-06,1.1631697894763e-08,-1.8860094560557e-06,4.27130766320018e-07,-6.38163501684322e-07,1.01816132791442e-06,-1.98104894702232e-06,1.561757896381e-06,-1.15454071153255e-07,2.26701168334258e-05,-9.91777585771201e-08,1.63841541021538e-05,3.75520551190417e-18,-4.09902551286289e-05,-1.70859534517543e-06,-4.40473186674298e-11,-3.93809691877057e-07,5.90874525699873e-07,-3.69832959774688e-07,-1.05530290499424e-07,1.31749268377063e-08,-5.91108411832191e-07,2.2377441696578e-05,3.62255678296735e-06,-7.14815665416568e-08,3.84155796739949e-05,-5.66268554913895e-05,3.78406333143436e-06,-3.76874622227971e-05,1.53171498976958e-06,0.000233062597978233,4.14752826757733e-08,0.0460942443131313,1.46604428341965e-06,-2.31243544859573e-09,-7.64654822243024e-07,2.50245629504389e-07,-1.05976623718055e-06,1.47356258690608e-06,5.80629935428304e-06,7.19946076700918e-07,-2.35732286401609e-07,-1.68382137057272e-06,1.86951254629857e-07,-9.41665118440844e-07,1.18771465860221e-06,0.00106478715233429,-2.24295639485569e-05,-1.9119081991716e-16,1.16006828343755e-07,1.54327752410284e-06,-1.58394746204468e-07,3.80885216171982e-05,9.88129504604444e-08,1.02212463145071e-05,2.48355020926045e-05,-8.08100050014055e-06,3.91263378951378e-05,1.94827182954599e-15,-0.000187620393500048,-3.76169052458264e-08,-7.92947832234612e-06,7.97430562812647e-07,2.50419415049027e-05,-1.20795298903511e-05,-0.228955902926035,-0.0203860148772201,5.6141014804482e-06,-0.00513315346888536,4.01073172559304e-07,3.66420567179124e-05,4.66591516037726e-08,6.13089863984095e-09,3.80844855261937e-05,-4.51007221214782e-07,3.70247102300603e-05,1.24764554548892e-15,1.67301997535831e-06,-1.25173389722193e-07,-3.60590428996386e-09,-3.6846050223064e-08,0.00103589616009314,5.74833134392778e-05,-5.6505036524253e-07,2.03230583609939e-06,1.08643550344304e-06,-6.88618947593637e-17,7.89383797357511e-06,6.37307523298377e-08,8.9515647169384e-06,-1.07114233504241e-15,-3.67802441512821e-06,-4.59511243474642e-07,6.95702087381992e-08,1.1978658536662e-05,3.8367445857637e-06,1.98875830341953e-06,1.47152466007619e-06,-1.82973414845706e-06,-3.06411131648979e-07,-1.62568671983747e-08,-1.34733215519264e-05,-1.03966814904549e-07,-1.41564080391887e-16,3.64838930393607e-08,-1.31970519113549e-06,-5.44693431872333e-07,0.00028842263424443,1.13086223969839e-16,4.98263128121051e-08,-7.26557328732148e-09,6.85003584172926e-05,9.66839767809024e-09,1.42206098299999e-06,-2.7789970769414e-08,2.81447022124106e-07,-4.9199297762063e-07,1.01657759712299e-15,1.092014491924e-06,-6.35806622520212e-09,2.61157539085893e-08,1.36530816757016e-05,4.06603266580028e-09,-1.94767780734691e-09,-2.32452945780892e-16,-3.58721781708721e-16,-3.36276098119437e-09,-1.13814051144111e-08,1.53822524881198e-09,-8.58853484100313e-07,7.92640688530816e-16,-5.32293780595703e-07,-6.92756081060176e-09,4.69968460913211e-17,-7.88885239976212e-17,-1.46418328530366e-16,1.89420136378565e-06,1.22867828477459e-07,-1.47871626511831e-07,4.85160910334446e-06,6.95016870358557e-07,1.39462091821525e-07,-6.10745028293242e-08,1.68641683841258e-16,-1.58247783335687e-08,4.74354012712447e-08,2.83383686482524e-16,-2.18017090370079e-16,-4.34825602925193e-08,-1.31521324361866e-09,-5.49974296125246e-08,0.00731067025370305,-2.81869570385183e-09,-1.8921970149169e-09,-1.1605417549401e-15,-4.31423770290668e-08,3.22575858708014e-16,-1.63199458443006e-06,6.20109432553084e-16,-1.17351549054976e-08,9.83772775906319e-16,5.78996743052754e-08,1.56795411856175e-08,3.87112256073285e-07,1.2737579033405e-06,5.70795220755523e-08,-6.95085408817229e-09,4.61279864039474e-08,1.81848253663462e-08,3.96220450312258e-06,3.12560338658867e-07,1.90944720782587e-08,-5.71238019172322e-08,-4.76130351073912e-06,-4.01352984975497e-07,-3.03750964504765e-08,4.4927666248156e-16,3.01538103165114e-07,-5.50175603307086e-08,3.36337683006855e-08,-9.19223167964897e-17,2.86387406409279e-07,2.03440703164812e-06,6.75274426646502e-07,-1.94569110643986e-15,-1.66776902077163e-07,-4.42276067631406e-06,6.3019331146881e-16,-1.31889575957266e-07,3.90452477134508e-07,-7.46991690510101e-16,-1.17687820159388e-15,-1.64329108816478e-08,-4.10726700125829e-06,-2.49532449536253e-08,-3.75505613505071e-05,2.98748371331555e-06,8.04132646622095e-08,3.68203254684644e-06,1.11783019043953e-06,-4.865465265788e-05,-4.89735205513875e-14,1.25271311160144e-08,4.27277908127645e-07,1.58739350561998e-06,0.000256017752633024,7.65166664882202e-16,2.49870727826597e-14,0.455989966858457,2.44367330303577e-15,1.03950340897719e-14,-1.32737934979059e-06,1.65466232270832e-06,3.08791228951305e-07,5.62686452889885e-07,-5.7069011998648e-06,-1.48048265321926e-06,-0.000160009675437343,-9.37633823132012e-16,-2.77523710252989e-06,-1.20661892460681e-07,-5.41197977712103e-07,1.06414429149978e-07,-3.51626678074471e-07,-3.95216710601803e-17,6.41472028173946e-16,1.18359999343616e-15,1.12610200703472e-06,1.07793588412927e-08,6.94168701091122e-07,1.28568078932273e-15,7.56047573978843e-09,1.81019827962783e-16,3.58300021711816e-16,-8.88728138818384e-07,2.21647405991241e-07,4.34765071166687e-16,1.69536208885629e-06,2.18868296638413e-08,1.07462347649355e-15,-4.53187803394986e-08,1.48543068371135e-16,-6.60025582339035e-07,-1.12692219787524e-16,-6.52173329924779e-07,-1.22523145210135e-07,-4.40026388841014e-09,-1.87318971697767e-07,-1.25332601214684e-06,1.24351135587079e-08,-3.33765491615121e-07,-1.37231749905042e-16,-1.66466845112477e-07,9.22416152565663e-09,-4.64050065930804e-16,1.18561512078732e-09,2.30908794403962e-08,-5.14781584957355e-09,-1.6597458633436e-15,-1.42843693007034e-08,-1.83420290851487e-08,-1.9088026603092e-16,4.89051493840934e-07,3.63892592823584e-07,4.60695320613701e-10,7.05646114811741e-16,2.78172074016477e-16,-6.81108950352574e-09,-8.71163174120603e-08,-6.91809151653732e-09,1.46154214900892e-09,-2.39321782860983e-08,-4.78815681941925e-15,-2.86513869547291e-14,1.08966185848168e-07,0.065203978755055,-6.98478394759542e-16,-2.63788022988713e-07,-9.69694664985231e-18,-2.50059760263976e-09,2.96064992355228e-06,1.95991229593658e-08,1.23198044871001e-07,-2.08520022726813e-16,-3.34125096249611e-16,4.63007339482805e-17,-8.73753052829917e-18,1.11112523756456e-10,3.57196957097762e-10,-3.85879323158343e-16,5.22170263365729e-18,4.79663979571581e-16,-3.61922225086257e-10,-2.71530071630358e-12,7.09475408180281e-11,-8.50409051616219e-17,-8.01388035792661e-16,1.53192345961339e-15,-7.70806340851242e-09,2.46675320829673e-10,-1.83050663620218e-16,6.44035158100513e-11,-1.90312982976728e-09,-7.22137019250865e-17,-9.17758105741436e-17,-7.55805585444876e-08,-1.73287846867685e-11,-4.26019567168555e-08,6.18141813134893e-17,1.24335329074771e-09,2.17605226343268e-08,2.61008079439084e-08,-0.000136045525874986,-5.47170819829109e-09,1.04135989818891e-10,-9.19427013683301e-17,2.42451059728576e-16,-9.96375708685821e-17,2.61187440154207e-09,-2.37246431291615e-09,-4.15947223762111e-08,-8.12954033263718e-10,1.23432174970772e-16,2.39923101488931e-16,2.09479990729581e-16,-1.26422313710546e-16,-5.14940121801027e-16,4.30987853911362e-09,-2.93621392229987e-16,2.23999335902874e-16,-3.27724418334314e-08,-1.03156654888091e-16,-2.93929475911125e-08,3.25369826293932e-17,-3.65574504502033e-08,-1.75271532266046e-16,-4.69643296648051e-08,-5.95623877763722e-09,-1.22517151276357e-08,-4.35870120539368e-17,1.99683415983176e-07,-7.76359654015503e-17,7.278575710329e-08,-1.22749981556311e-08,6.80959521570832e-11,-2.81374940215432e-16,3.83371164725455e-07,8.8506373720589e-17,-2.85345627034055e-08,-1.45895633736901e-08,-5.43143937147724e-17,-7.75754519500128e-17,-3.48729926411032e-16,7.35358960752621e-17,-1.92761640394625e-07,-2.97783064683829e-08,-6.70071911900959e-09,-1.89901118510504e-17,5.38754518264489e-18,-1.62559856523483e-09,1.32807890852217e-08,-2.05061521399439e-18,-6.10442863277209e-17,-2.7592464733446e-08,-1.29372397159351e-16,-2.36012279555161e-07,-2.72875090255847e-16,5.05766413346808e-08,-7.00053378265069e-17,2.64279686045421e-16,4.15806193701546e-17,-7.83819245951321e-16,5.40675765919488e-17,-1.55755148441853e-16,1.01714785051332e-09,-7.11760453307999e-09,9.38599507016851e-17,-4.79684807264441e-09,2.02777331731762e-07,1.17006321861716e-16,9.41035740039984e-17,1.50385053905632e-16,8.53375596235447e-17,8.37102604132816e-08,1.34649735257653e-08,-1.73302866379319e-18,8.34289009248377e-17,-3.77104122263135e-08,-1.21908504761436e-08,-1.85081746174522e-10,-1.19906132499342e-17,-1.27994181565355e-16,-4.47678914430906e-17,1.64775694100013e-16,-5.43518419212105e-17,-1.19030263194891e-16,3.39789428148781e-07,-2.69595812799619e-07,-6.2272574241026e-08,-3.01184218944477e-17,1.50190177170401e-16,2.3339116808329e-16,-6.09408830031635e-16,-2.04400964780667e-16,-1.85535621625035e-16,-2.85278412211142e-16,1.46720455129999e-17,-1.80967873583579e-17,-9.8370811166009e-17,-4.16317393940155e-16,-1.92388853651347e-16,7.13209508016424e-17,-6.24550996494136e-17,8.0585724413937e-10,-1.28849772039242e-18,4.43443167754662e-16,1.66249181398445e-17,1.14924554557409e-08,-6.23733133685198e-09,-4.21815588361477e-17,-2.97422261917352e-10,1.06264352064994e-08,2.50011504344319e-17,4.26315978736511e-17,-2.07154646046705e-08,-4.974630659207e-16,2.6798012091191e-10,-1.60306175613849e-16,8.98441129881041e-18,1.79824978172516e-16,-3.16174011247899e-16,1.20194682548139e-08,-3.67775112615851e-08,1.81949570286047e-16,5.73463557410373e-17,-1.92225654225585e-17,-2.99860846627393e-17,1.74448129552918e-16,2.63819240094061e-16,3.14246484706482e-16,1.15623433526687e-16,4.71451550324663e-10,-1.40838546138037e-16,-1.65364361112822e-18,-1.90520772376147e-17,2.62412557768531e-17,-3.5802107737953e-16,-8.54202903904442e-17,-1.03794270681764e-07,-2.66904501486078e-17,-9.8432348591322e-17,7.03741463376603e-09,1.99704780807546e-16,4.15533674220951e-16,9.278760087418e-17,-4.30895062760127e-17,6.02254923920075e-09,-9.56146101510016e-18,-2.00233145179717e-07,2.09795596876104e-16,-8.2915931052094e-17,7.39017135055696e-17,-3.7132230341734e-16,1.72584160489083e-17,-6.71493283795355e-16,6.07776089694623e-07,-3.52222426502854e-16,-1.51010401945079e-16,9.36609303864151e-10,-3.45441762384115e-06,-1.23376469284423e-16,1.58692271941503e-07,9.4774245162923e-08,1.68681792391368e-16,-6.3869467789251e-17,-1.13256550204372e-16,-5.17641919149451e-17,4.72391855507497e-17,-1.6326139136175e-07,3.03170664360308e-16,4.40110627217407e-16,2.3695823656085e-16,6.57694086249731e-08,2.33286474789453e-16,5.41023264942052e-16,2.77502372228006e-16,-5.94637188550281e-17,-3.02081265608625e-08,1.99238631698211e-17,2.03514374116815e-10,2.95414492486188e-17,-6.49174816737503e-16,-1.77796822031152e-16,9.2127348386212e-18,1.3629630563613e-17,2.13538465213374e-16,1.66427411006264e-17,-3.57748197937852e-09,-6.04905841283014e-17,3.61325899428514e-16,1.5088084596279e-09,-3.17941849413525e-17,1.85438991049363e-16,2.45067695003133e-16,-5.43603967888103e-17,1.40721325643232e-16,2.24022267168776e-16,-1.10462265077356e-08,-1.71677317502921e-16,1.10756978759828e-16,3.30357020155877e-09,3.31903014489822e-16,-5.44920799471568e-17,3.92528410061012e-16,-2.80701911839175e-16,4.02721453010318e-16,4.45693527982443e-17,-6.80075671181822e-17,-1.10931164565293e-16,6.96107003774676e-17,2.8392331541995e-17,1.15772873199005e-16,-1.76057782699131e-09,5.84896740515011e-09,3.42272827859882e-17,-4.54980419145527e-16,-1.2078491807e-16,-4.38347946513109e-16,6.3425827090402e-17,-3.16158470248367e-17,-7.64354190961263e-17,-5.61541371764942e-17,-5.62840355063518e-09,1.87368064608644e-16,-7.09520163984259e-19,2.38965608639329e-16,3.19597094002766e-17,6.60468548552884e-10,-8.93830389838179e-16,-1.05660354690909e-10,1.41440062867556e-16,3.46226580913526e-16,9.04340923382177e-18,6.37506136180017e-17,1.01617290386545e-16,-2.80816358378483e-16,1.49667095885843e-16,6.44487274349492e-16,3.84760747032447e-16,1.46020205210547e-16,4.59540337232493e-16,2.28456370667741e-16,2.41724841477401e-16,1.46440723735375e-16,8.10728993468444e-17,-3.46633999242614e-16,6.17426914737705e-17,-1.8000844517156e-17,-1.00141564502748e-17,1.14885071336446e-16,7.27499657737773e-17,1.58022656196079e-16,5.20186191001904e-18,-3.56754720836673e-18,-1.56638372275036e-16,2.31480300272928e-09,6.55313909927623e-16,-4.38390821167887e-17,-6.52181754981492e-17,-2.82194485755661e-16,-5.79319990753871e-16,1.34217110145998e-16,-1.31102210712636e-16,2.98713133264839e-16,1.03647246233049e-16,-1.04295081482055e-16,-3.89987521443036e-16,-6.82236645826589e-16,1.09678876785896e-16,4.80033951392037e-16,-1.42851366766708e-16,4.16936604988717e-16,1.40926386650243e-16,-3.03747220956063e-08,-6.0137920382154e-17,-6.66689537200497e-17,-3.27969225357301e-16,2.56519692411623e-16,7.21898043741249e-16,6.44390596583082e-17,-5.55045159295794e-16,-2.60988569398857e-16,-3.41329764545954e-16,1.61679928702697e-09,2.97769624722835e-16,1.98047917753747e-17,1.30516819361618e-16,3.38920560353184e-16,-5.10384849071244e-16,3.56907980106102e-17,5.75857541525333e-16,7.84213292009314e-17,6.03047627195602e-16,-1.87742897108632e-15,8.84277899541692e-16,-5.37539009724264e-17,3.65110928515721e-16,3.37022689229716e-08,3.75803467962416e-15,1.38489263588e-16,1.22411945386015e-14,-5.54677831443584e-16,-2.29769432948727e-09,-1.25453836754285e-14,0.707106781186547,-9.37362112780926e-15,-1.39222148874636e-14,-3.97447149337658e-15,-4.8381695227933e-15,-2.39294202780144e-15,-6.41961766478682e-17,-9.22557543227042e-16,-1.48222480396252e-15,6.14737532217064e-17,8.52164119229123e-16,-1.80480368542562e-16,2.33700568492958e-17,-1.41950175314099e-16,6.50585014191782e-17,-2.68246904699743e-16
"t955",0.0323222227447659,-0.0078550658795084,-0.00844329966290104,0.000376935356672363,0.00186399696387641,0.00352734343353749,0.00078561422160763,6.98881146101522e-06,-0.032118483874577,0.121880748142836,-0.0210803483884381,0.00257662547897615,-0.00499267541865488,-0.00104470602340497,-0.0274585825252958,0.000605030465185192,0.00038095504848571,-4.43564844177734e-05,-0.0192587931423805,0.00253934586968263,-2.06643429150658e-05,2.26368967219428e-05,-0.00282692408886789,-8.57936520839639e-06,-5.97342195101974e-06,0.000429830475853607,-0.00213423921887233,2.09049898273006e-05,-0.000308019195059366,0.000899299635647575,3.54701918620724e-06,0.00485580300687287,-0.000236560134083438,0.00587503404695223,-0.00052187791252825,0.000178986133226297,9.43578321635274e-06,-2.48391170242154e-05,-0.00146077413974127,-0.00053389111947203,-0.000588033270295152,0.0180186512311972,-0.00174921302054371,0.237940564020415,0.000648257712024629,-4.46136161039877e-05,7.59344896103032e-06,-0.00011064677556005,0.00617107186421227,-0.010541660651507,8.30966850605377e-05,-7.87854683418298e-05,8.61632597822341e-06,-2.97034441916972e-05,0.000880713913613835,-0.00215605297617064,0.000959656444836502,-0.0105283865759134,0.1380384633487,1.81015681548056e-05,7.49764070052416e-06,-0.000283213033433513,0.000130968146359435,-9.19967291436903e-05,0.000226164520818794,-8.20777803064672e-06,7.41149965948504e-06,-2.95045654227445e-05,4.40465862586671e-06,-5.89893240096915e-07,-5.38423416161196e-07,2.02513823120633e-06,-7.19387610394198e-06,-4.88627134467698e-06,2.06359162125838e-06,7.52733091897229e-07,-1.82596733539462e-05,2.74868942390704e-06,-0.000359972154415217,-0.000114595759953526,6.95613856209762e-06,0.000540230565576748,-0.000325480915112534,-2.65564078598299e-05,0.000106984571187982,8.16058433271467e-05,-1.98095838049696e-05,-0.000170251730977594,-8.5020491922535e-07,3.95926954890576e-05,-0.0265299956507091,3.6671577147325e-08,2.6428736007105e-05,-2.71528450499132e-05,-2.42812478039187e-05,-7.11562791913423e-06,-8.36475517162164e-07,4.48634729522366e-06,-5.01342141159147e-05,-0.000493266412036384,-2.77860181251181e-05,1.83460237090988e-07,-3.84094028954644e-05,4.36897133950742e-05,-2.20821220753752e-05,1.4082547433461e-06,-0.000379072480812588,4.79814250952835e-07,-0.000247940860558313,1.84528083269412e-07,6.14065423668609e-06,1.21390403912847e-05,-3.76371888502832e-06,3.99876221968574e-06,-0.000134677485643717,4.75839720421038e-06,-0.000242860117446918,0.000265145346118114,-9.30354079448176e-05,3.4434947254265e-05,-2.02944893851552e-05,4.94888812875041e-05,-0.000560027737490624,-0.000983280645941692,4.71385358059078e-06,-0.000170207604152439,1.90784566982708e-05,-0.347401881532974,-6.01288191351177e-05,-0.00204460662921026,-1.27677274258256e-05,6.56926691814327e-06,-1.6088497450457e-07,1.1202783852455e-06,-2.22709745738742e-08,1.62257540059568e-05,-3.48335127594806e-05,-4.57570217534502e-06,0.0002193974045341,-0.000184678027078189,-0.000164539443454021,-1.45673582235851e-05,0.000131809551191542,8.29756675080071e-06,4.78572205976294e-08,-1.48897765148038e-05,-5.2176515083616e-06,0.000151599023631071,1.12360619104171e-05,-7.55229984989612e-06,-9.92461443576065e-06,-0.000336758589496404,-1.7814222919733e-05,0.0297076924244079,-5.952112845739e-06,-0.000124193370111011,0.119781721169856,9.43227742198797e-06,1.766119164114e-05,0.00101525802658296,4.18598483725574e-06,-5.83266772942511e-07,1.46733489169363e-05,4.26942873920415e-06,-2.15315614743474e-06,1.1174483891173e-06,-3.3601775177316e-05,-5.54074971248825e-07,-2.72910881125559e-05,-4.76590452101504e-07,7.04351199201909e-07,1.20801781630711e-07,-9.20934225118599e-09,-1.19019696598495e-06,-3.02043392290739e-08,-5.23968568847119e-08,-2.09329306061947e-09,-5.95892839114406e-08,-0.000657451014265587,9.02900190660524e-07,-6.25909303839223e-07,4.43345978490473e-07,-1.15446162349931e-07,-5.30554315172714e-10,-1.77819485119672e-08,-7.63663443855938e-09,-4.3139362182712e-05,1.30829377439959e-05,5.9022079984486e-05,-1.04745834256235e-06,-1.99369775217914e-06,3.99915261470055e-06,3.5732151992254e-06,5.31855363951832e-10,5.29827785641935e-08,-4.45298190109022e-06,-6.89508825869148e-06,-1.12198769782326e-07,5.10863681200848e-06,0.00027075849731246,2.18150592585578e-06,7.75830108897321e-06,-6.71886144454555e-08,-2.96588089576693e-07,-1.79481213109161e-05,-1.89579959275401e-06,1.16466391862303e-05,1.38016506554678e-06,-7.47981977304228e-05,-1.59700601869385e-08,-0.000309278176802055,-1.94306831656853e-06,-4.16374251168531e-06,-4.32910133900012e-05,-2.36778682657314e-08,-3.27333308784045e-07,9.34695759565361e-08,5.94669922010275e-08,-6.50217591063119e-06,-6.83821940618278e-06,-3.13058654208095e-06,3.73099588798274e-06,8.22747418624152e-07,3.49847980456214e-06,-1.0545735530016e-05,-6.04271900204064e-07,-5.73027290146488e-05,-3.36002706171291e-07,-3.31189285257661e-05,-0.00234893527060008,6.2445596074893e-07,1.93833851575711e-07,0.000784932436941377,1.74923591518048e-06,-5.68512569036324e-07,-2.51488435700015e-08,-1.12539078881786e-05,-4.12564411914191e-18,-1.076230501986e-07,1.5405544296198e-06,-3.17133763448651e-07,-8.20502201456925e-07,-1.10887651713801e-05,1.53381020555984e-07,-2.18239218118664e-06,9.71279924622112e-07,-7.95505166546689e-07,5.18199263015377e-08,-2.44129225909722e-07,9.87017412003706e-05,-6.43825242627049e-08,7.08208369155805e-06,-2.52520085921655e-05,2.61026264010215e-08,-1.72390048904739e-09,8.27011709384036e-08,-7.92621571139154e-08,1.24924863088132e-06,1.3769107762962e-05,-2.64102278850151e-06,1.2284081721108e-06,-9.69052829334816e-06,2.65430188082063e-05,-1.62881299022489e-06,7.43020290332899e-06,-2.52859619557672e-06,6.00670521851127e-08,0.000696297599771225,6.64134380335414e-06,1.27515763384623e-06,1.16316980386647e-08,-1.88600945597599e-06,4.27130766415277e-07,-6.38163501417988e-07,1.01816132792467e-06,-1.98104894693909e-06,1.56175789621332e-06,-1.15454071168538e-07,2.26701168334062e-05,-9.91777585002605e-08,1.63841541022941e-05,6.99212532062479e-18,-4.0990255128562e-05,-1.70859534541021e-06,-4.40475621739571e-11,-3.93809691855239e-07,5.90874525752672e-07,-3.69832959707842e-07,-1.05530290413804e-07,1.31749269196271e-08,-5.91108411515313e-07,2.23774416965658e-05,3.6225567827322e-06,-7.14815666581353e-08,3.84155796739248e-05,-5.66268554914479e-05,3.78406333148187e-06,-3.76874622228991e-05,1.53171498979798e-06,0.000233062597978412,4.14752826533256e-08,0.046094244313131,1.46604428336376e-06,-2.31243546181792e-09,-7.64654822310055e-07,2.50245629497294e-07,-1.05976623721304e-06,1.47356258673045e-06,5.80629935415885e-06,7.19946076831955e-07,-2.35732286271331e-07,-1.68382137053799e-06,1.86951254621997e-07,-9.41665118345561e-07,1.18771465877204e-06,0.00106478715233448,-2.24295639485742e-05,-1.5525332557057e-16,1.16006828255631e-07,1.54327752427332e-06,-1.58394746260413e-07,3.80885216172118e-05,9.88129503644531e-08,1.02212463145144e-05,2.48355020923323e-05,-8.08100050006484e-06,3.91263378950796e-05,2.05333126673459e-15,-0.000187620393499934,-3.76169048776889e-08,-7.92947832239837e-06,7.97430562618304e-07,2.50419415048797e-05,-1.20795298903598e-05,-0.228955902926034,-0.0203860148772204,5.61410148043827e-06,-0.00513315346888544,4.01073172421171e-07,3.66420567179013e-05,4.66591515810767e-08,6.13089872066822e-09,3.80844855262321e-05,-4.51007221050063e-07,3.70247102302007e-05,1.38863778785643e-15,1.67301997525874e-06,-1.25173389819771e-07,-3.6059044001564e-09,-3.6846050177849e-08,0.00103589616009317,5.74833134393001e-05,-5.6505036509183e-07,2.03230583607155e-06,1.08643550305835e-06,-8.83775763264217e-17,7.8938379734917e-06,6.37307523471881e-08,8.95156471699758e-06,-8.52220441591799e-16,-3.67802441510338e-06,-4.59511243537864e-07,6.95702086458724e-08,1.19786585365061e-05,3.83674458548634e-06,1.98875830331812e-06,1.47152466002882e-06,-1.82973414839648e-06,-3.06411131907897e-07,-1.62568673411664e-08,-1.34733215519522e-05,-1.0396681454913e-07,-2.11214783390871e-16,3.64838929990239e-08,-1.31970519108729e-06,-5.44693431777949e-07,0.000288422634244443,6.25923677370296e-17,4.98263125737645e-08,-7.26557337026295e-09,6.85003584169986e-05,9.6683977204396e-09,1.4220609827789e-06,-2.77899708014812e-08,2.81447022108464e-07,-4.91992977601933e-07,9.04376968222218e-16,1.09201449178901e-06,-6.3580661650289e-09,2.61157538944205e-08,1.36530816758198e-05,4.06603267951617e-09,-1.94767759410474e-09,-1.43982048506075e-16,-4.29506127813647e-16,-3.36276087203698e-09,-1.13814048404196e-08,1.53822547429178e-09,-8.58853484159157e-07,7.5506439374377e-16,-5.32293780443277e-07,-6.92756098688916e-09,-2.71713504666459e-16,-1.340523261282e-16,-7.9115669854557e-17,1.89420136363077e-06,1.22867828549144e-07,-1.47871626480148e-07,4.85160910351062e-06,6.95016870588389e-07,1.39462091741588e-07,-6.1074502744599e-08,1.02360566527589e-16,-1.58247783220191e-08,4.74354012844484e-08,4.79331246362741e-17,6.82528058537863e-17,-4.34825603333718e-08,-1.31521344024031e-09,-5.49974291265319e-08,0.00731067025370372,-2.81869737189997e-09,-1.89219693150043e-09,-8.57154882024345e-16,-4.31423775291586e-08,6.52784741231971e-16,-1.63199458429669e-06,6.38161398724968e-16,-1.17351548971509e-08,9.60443379697566e-16,5.789967440436e-08,1.56795412856547e-08,3.87112255969743e-07,1.27375790338378e-06,5.70795221194593e-08,-6.95085417604724e-09,4.6127986235244e-08,1.81848254196256e-08,3.96220450333088e-06,3.12560338554049e-07,1.90944719418672e-08,-5.71238017097846e-08,-4.76130351092751e-06,-4.01352985020044e-07,-3.03750965343404e-08,3.52239703187991e-16,3.01538103044094e-07,-5.50175603854397e-08,3.36337688147097e-08,-2.6017038114949e-17,2.8638740654084e-07,2.03440703163335e-06,6.75274426582337e-07,-2.37443669864703e-15,-1.66776902067007e-07,-4.42276067635027e-06,5.59929431238862e-16,-1.31889575901517e-07,3.90452477220257e-07,-7.11807518316266e-16,-6.73096713338915e-16,-1.64329108128896e-08,-4.10726700089862e-06,-2.49532450131186e-08,-3.75505613504129e-05,2.98748371330667e-06,8.04132644266351e-08,3.68203254640961e-06,1.11783019047611e-06,-4.86546526579678e-05,-4.89971561587477e-14,1.25271311209383e-08,4.27277908090425e-07,1.58739350571596e-06,0.000256017752632786,1.10632298243641e-15,2.49155245800666e-14,0.455989966858455,2.61993264483148e-15,1.02813926103524e-14,-1.32737934959719e-06,1.65466232288895e-06,3.08791228968586e-07,5.62686452715274e-07,-5.7069011996742e-06,-1.48048265309719e-06,-0.000160009675437195,-1.00594442008004e-15,-2.77523710236541e-06,-1.20661892287956e-07,-5.41197977885402e-07,1.06414429092622e-07,-3.51626678130679e-07,1.13578610858204e-16,8.96498731187185e-16,1.12216654422606e-15,1.12610200714356e-06,1.07793587253849e-08,6.94168701098373e-07,1.21425747991571e-15,7.5604755954019e-09,-1.77078597082023e-16,3.69960639063959e-16,-8.88728138845915e-07,2.21647405820537e-07,1.27719015918792e-16,1.69536208896431e-06,2.18868299372203e-08,9.13497481135058e-16,-4.53187804489847e-08,1.99784598158201e-16,-6.60025582187589e-07,2.02436340092404e-16,-6.52173329778845e-07,-1.22523145190899e-07,-4.40026378037022e-09,-1.8731897151194e-07,-1.25332601193545e-06,1.24351134932221e-08,-3.33765491524386e-07,-1.29565937226606e-16,-1.66466845016796e-07,9.22416151903788e-09,-5.41106241530316e-16,1.18561519635975e-09,2.30908795223123e-08,-5.14781632322743e-09,-1.8465784032431e-15,-1.42843692721741e-08,-1.83420291838144e-08,-2.0468745620692e-16,4.89051494052413e-07,3.63892592785271e-07,4.60695258485102e-10,7.52230282969566e-16,9.43481230154983e-17,-6.81108927030537e-09,-8.71163174714061e-08,-6.91809143963479e-09,1.46154215098757e-09,-2.39321783417793e-08,-4.99332156900279e-15,-2.87004257041704e-14,1.08966185890774e-07,0.0652039787550547,-4.17479610226066e-16,-2.63788022798904e-07,-8.79113467007899e-17,-2.50059753914614e-09,2.96064992330272e-06,1.95991228404767e-08,1.23198045228996e-07,-1.61653199436503e-16,-4.53907229913501e-16,-1.31218776474858e-16,3.66489335743227e-17,1.11112588579248e-10,3.57196560977597e-10,-2.95140265907947e-16,8.32542103239992e-17,6.23403302386715e-16,-3.61922546709714e-10,-2.71529496897183e-12,7.09475280464509e-11,-9.22345794419654e-17,-1.57903204400789e-15,2.08703497192597e-15,-7.70806342029304e-09,2.46675308197891e-10,-2.04746466500692e-16,6.44039237919580e-11,-1.9031297683744e-09,1.792126162805e-17,-3.82946602008332e-16,-7.55805589426545e-08,-1.73287265491402e-11,-4.26019564656603e-08,2.7404206795223e-16,1.24335339185592e-09,2.17605226624928e-08,2.61008075352925e-08,-0.000136045525874588,-5.47170811333879e-09,1.04136064268022e-10,2.92075505589007e-16,4.72153735144449e-16,-1.08486416788103e-16,2.61187381936754e-09,-2.37246412900839e-09,-4.15947222382606e-08,-8.12954369970063e-10,5.44803961175473e-16,1.30613517751818e-16,-1.05358992158499e-16,-2.21151858651636e-16,-8.47139706701874e-16,4.30987863569068e-09,-7.36076313484554e-17,-9.59206383719939e-17,-3.27724414699015e-08,-1.97264375251628e-17,-2.93929470930952e-08,4.31270493714685e-17,-3.65574503643191e-08,-7.68862974568737e-17,-4.6964329905503e-08,-5.95623897330321e-09,-1.22517151083107e-08,5.3130274057884e-17,1.99683415324521e-07,-2.58933061417954e-17,7.27857573911701e-08,-1.22749980636131e-08,6.80959618387427e-11,4.26292867006745e-17,3.83371164491518e-07,2.07553198778214e-16,-2.85345623101752e-08,-1.4589563425353e-08,-1.88573357786341e-16,1.14584779606579e-16,-2.6835466986321e-16,9.47488246254216e-17,-1.92761640403826e-07,-2.97783064911203e-08,-6.70071875673852e-09,3.35099458372224e-17,-4.4792073362057e-17,-1.62559868227211e-09,1.32807891346613e-08,9.92466149622576e-17,-2.83409462583131e-16,-2.75924646485757e-08,-2.16469701636062e-17,-2.36012279365042e-07,3.62970153772451e-16,5.05766415466626e-08,1.07360159675806e-16,-2.69179926851031e-17,-9.89617450157907e-17,-1.19342412950719e-16,-6.49470065907768e-17,2.96384262538914e-16,1.01714668130972e-09,-7.11760422726764e-09,1.16753167792209e-16,-4.79684808059943e-09,2.02777331531539e-07,1.03721928423361e-16,1.92672848274745e-16,2.47705721837292e-16,-1.32317258433731e-16,8.37102601960095e-08,1.3464973433724e-08,-2.45441807992774e-16,-7.12633211837894e-17,-3.7710412102749e-08,-1.21908504452536e-08,-1.85081725268955e-10,9.01621502538181e-17,-1.10006672505358e-16,-3.5587650761055e-17,-3.67147327084691e-16,-2.17960942395625e-17,1.69834991247724e-16,3.39789428065229e-07,-2.69595812896698e-07,-6.22725743177901e-08,6.6815293282151e-17,1.51909915989174e-16,-3.46359279098327e-17,4.78936833305436e-16,4.83112555346171e-17,2.45597477608904e-16,7.20720304666954e-17,-3.71137503581755e-17,1.50743801325101e-16,-3.35365351226001e-17,-3.41541938845417e-16,1.68643890700816e-16,-2.08296116149245e-18,-1.04423108971343e-16,8.05856982365551e-10,1.16228408152891e-16,5.50996015801448e-16,1.38775478683787e-16,1.1492454984811e-08,-6.23733111014396e-09,1.94977115929925e-16,-2.97422457941138e-10,1.06264350719499e-08,7.2277293326555e-18,3.15931196257962e-16,-2.07154647369516e-08,5.99676659736158e-16,2.67980052863613e-10,2.27678060842191e-17,6.44199884271895e-17,-7.2652517978504e-17,1.04134908664873e-16,1.20194685530096e-08,-3.67775111278555e-08,-2.9805379263469e-16,-1.0899184778869e-16,-1.4193441597177e-17,-2.14137823658544e-16,-4.2934406030426e-17,-2.10838008827386e-17,-1.48379175569774e-16,-1.70752920304115e-16,4.71451771806849e-10,5.16385900326957e-17,1.5856391171945e-17,-6.17819685316983e-17,-1.77992469905283e-16,2.29035083205593e-17,3.7228243298789e-16,-1.03794270723225e-07,-3.66326956765875e-17,-1.55508139531316e-16,7.03741465732625e-09,-1.47983711940124e-16,-3.78308262790555e-16,6.65288376282736e-19,1.61117027017235e-16,6.02254867584932e-09,-8.49958692065047e-18,-2.00233144968711e-07,-3.85482774040478e-16,-1.19846818877095e-16,-3.55824498331065e-17,2.60052667334226e-16,6.0358143819374e-17,5.40698890611616e-16,6.07776089462045e-07,-3.95373508949295e-16,6.12111115923268e-16,9.36608452901064e-10,-3.45441762404315e-06,4.62689960931837e-17,1.58692272306916e-07,9.4774245129491e-08,-4.55138398845285e-16,-2.23355564484451e-16,1.92103660147998e-17,-6.93808595035782e-17,-9.29395392323783e-17,-1.63261391616633e-07,-1.20505292919308e-16,-2.53128241869825e-16,-8.61557797420334e-17,6.57694087055954e-08,-3.28810198370146e-16,-5.42215298288823e-16,5.91903987496366e-17,-5.33831594136168e-18,-3.02081273276375e-08,4.82481189758291e-17,2.0351453382276e-10,-8.23384829194295e-17,1.1721493045985e-15,3.27346772126196e-16,1.11172121025055e-17,-6.41881663591413e-17,-1.06001996832663e-16,-3.81602161239213e-17,-3.57748187790399e-09,3.0091221944535e-16,-3.76289507715706e-16,1.50880828669596e-09,-6.47910205354296e-17,-3.31427321850999e-17,-2.45873226118988e-16,8.47630434269589e-17,-1.63634536656504e-17,2.13823977934197e-17,-1.10462267651387e-08,2.02229670896272e-17,4.08283400391522e-17,3.30357059657429e-09,-4.35530959015345e-16,2.63664514247352e-17,-4.27405136467651e-16,1.26064656836041e-16,-3.73335241489697e-16,-3.73600016305211e-17,5.36163401761731e-17,3.02514760847081e-16,-2.9757549359908e-17,-1.29675030448292e-17,-2.85523202178725e-17,-1.76057882558895e-09,5.84896948012336e-09,-1.13149559930278e-16,7.56194132797514e-16,1.23052394184e-17,4.27779935618114e-16,2.08275237334465e-16,1.06368009634062e-16,7.09326001168006e-17,2.48150249387201e-16,-5.62840348869176e-09,-1.72123448518524e-17,-2.31120244943786e-17,-5.01689634648729e-17,2.47077680332134e-16,6.60468272613267e-10,1.82966246435318e-16,-1.05662775063844e-10,-6.8156228952564e-17,-2.64960701917296e-16,-3.35785445565572e-16,-1.45664628379979e-16,-2.17970787015771e-16,4.10640654456629e-16,5.51854236508818e-17,-8.14195807395548e-16,-2.82818226068481e-16,-2.75706262688776e-16,-4.2090513162958e-16,-2.28894879668977e-16,-3.05836327412681e-16,-1.90142198958583e-16,-1.68870297718413e-16,2.00632869215399e-16,-1.40678951740776e-16,-1.666711541227e-16,-6.8763791806395e-17,7.37756076411968e-17,2.90566182226115e-16,-7.83867743837698e-17,-1.68622851393719e-16,9.67398663388541e-17,1.32819587962944e-17,2.31480396249828e-09,-5.12037258542678e-16,-2.9428978396094e-16,6.9679435830737e-17,-3.14067606170215e-16,2.89969166570492e-16,-7.05196549558686e-17,1.82403488744355e-16,9.44009859277776e-18,-1.25725255350009e-16,1.23449981068351e-16,3.17237555669259e-16,9.49106868253439e-16,1.84040220720364e-17,-6.08244561172979e-16,1.77644935060264e-16,-6.78157422973653e-16,-8.55216403158484e-17,-3.03747226387985e-08,9.73742370824156e-17,3.0081862603415e-16,1.47889731928666e-16,-1.36170121560632e-16,-6.84209091496399e-16,-1.67266195877498e-16,6.62551797418099e-16,4.35558812188997e-17,2.17226453032141e-16,1.61679971176622e-09,5.11678405910074e-17,-1.27823125027942e-18,7.09503907128894e-18,-1.46903759201056e-16,5.132086176253e-16,-7.97964921148505e-17,-5.13212793242429e-16,-2.91463785025223e-16,-6.55054390962051e-16,1.78742722736977e-15,-9.10445389852581e-16,5.69032906362966e-17,-4.4056351302916e-16,3.37022701446744e-08,-4.02694423758403e-15,-8.00352644645456e-17,-1.21675144010982e-14,-2.1163626406917e-16,-2.29777309333403e-09,1.25267432240114e-14,-0.707106781186549,9.43098507471194e-15,1.39074717366311e-14,3.89769303439527e-15,4.78603933862594e-15,2.76599867761332e-15,-8.22534319830268e-18,7.0970681831975e-16,1.39614315063446e-15,1.72241217083388e-16,-7.43169970016553e-16,2.33176213808964e-16,-1.02769151103816e-16,1.57197463504913e-16,2.09038354276969e-17,-2.8960607447638e-16
"t70",0.0322508178234152,-0.00781850603942362,-0.0084027317171748,0.000374508555637113,0.00184930617688297,0.00349473379952933,0.000778208943858756,6.91770223233157e-06,-0.0317326289676038,0.12010601003917,-0.0206911631119511,0.00251805686054176,-0.00487588250756885,-0.00101989897477139,-0.0267782665382197,0.000589159551119764,0.000370724456915236,-4.31438023848114e-05,-0.0187201362843535,0.00246221748313298,-1.99857317309588e-05,2.17406283053764e-05,-0.00270876283784631,-8.21872523515572e-06,-5.72134261674702e-06,0.00041083228035876,-0.00203879889996364,1.99618096132265e-05,-0.00029375176668325,0.000850164795588795,3.34045464352614e-06,0.00456025459725785,-0.000221130875105383,0.00547382700296109,-0.000484434942249883,0.000165128232662422,8.69604546256591e-06,-2.28611567710435e-05,-0.0013436681461676,-0.000490459936503261,-0.000538836739187368,0.0164749951375241,-0.00159714682303062,0.217230452891943,0.000590859658325964,-4.04139675941636e-05,6.86555411520792e-06,-9.99503349591835e-05,0.00556038706882859,-0.0094722297383,7.43892018797176e-05,-7.04064361402963e-05,7.69798005134314e-06,-2.6479415155929e-05,0.00078172158110773,-0.00191244785941754,0.000840997699497999,-0.00919556993655815,0.120515223969047,1.56717838860724e-05,6.4495374405763e-06,-0.000242838148536299,0.000112002385637839,-7.86222459980616e-05,0.00019232932623211,-6.94856690776479e-06,6.21173036761039e-06,-2.46155127253048e-05,3.66696655413021e-06,-4.89205620243861e-07,-4.37338466847862e-07,1.61836879031111e-06,-5.7343119913523e-06,-3.87437716435597e-06,1.63515560361064e-06,5.95082807436183e-07,-1.44221761883613e-05,2.16121230352648e-06,-0.000280119503631612,-8.87985290593037e-05,5.35107151511906e-06,0.000414916968425694,-0.000247065255826685,-2.00863965740966e-05,7.96718834727271e-05,6.05113674028872e-05,-1.46248173826286e-05,-0.000125602305052613,-6.2711752701166e-07,2.91902216711234e-05,-0.0195267814709203,2.65616936319032e-08,1.91141812113945e-05,-1.9440342721645e-05,-1.70788206280963e-05,-4.99141064432658e-06,-5.86689401800242e-07,3.12492596057777e-06,-3.48302598644064e-05,-0.000339330218555002,-1.89599177200956e-05,1.25093904467219e-07,-2.61683087356819e-05,2.86606951812422e-05,-1.44438197122682e-05,9.19035551108946e-07,-0.000246379521446331,3.11501353716671e-07,-0.000160640527783361,1.19188101688878e-07,3.96230977874569e-06,7.78596952097986e-06,-2.41231020380233e-06,2.52227053302689e-06,-8.46565796296615e-05,2.96836176426789e-06,-0.000150979248692035,0.000163269327302621,-5.67596003579191e-05,2.08601847709839e-05,-1.22444679501787e-05,2.94398493284852e-05,-0.000330075624224681,-0.000579330543206208,2.77358941061946e-06,-9.91866341859072e-05,1.11087856701428e-05,-0.200588225837774,-3.38773307711687e-05,-0.00115163714916725,-7.17694318199946e-06,3.63075887468119e-06,-8.86213741792016e-08,6.15587259236249e-07,-1.21151965389541e-08,8.81424967852247e-06,-1.85156475208646e-05,-2.3889796080541e-06,0.000111706272493284,-9.39611303939402e-05,-8.33489003816233e-05,-7.36269040381194e-06,6.63788938146166e-05,4.17283518005081e-06,2.40668844713214e-08,-7.41331105554281e-06,-2.54551137200369e-06,7.24095971421301e-05,5.33805309428062e-06,-3.54531504047438e-06,-4.65449742857607e-06,-0.000157208032729783,-8.29352128736775e-06,0.0137876139890969,-2.68314274572843e-06,-5.5719455634686e-05,0.0535586397908062,3.89048722067295e-06,7.13427343836719e-06,0.000408785936396308,1.65511568259712e-06,-2.29751868745945e-07,5.64276871964765e-06,1.63698548061633e-06,-8.05826711191995e-07,4.08271415753204e-07,-1.14039217860386e-05,-1.87533489159878e-07,-9.23053935694322e-06,-1.59492216290613e-07,2.3276141647048e-07,3.9847406235328e-08,-2.9611418662286e-09,-3.79574941865753e-07,-9.46144044742442e-09,-1.63400493800217e-08,-6.51298760295946e-10,-1.77497901475252e-08,-0.000186761153353321,2.54330418445e-07,-1.74880994976605e-07,1.20878851082432e-07,-3.11754747834171e-08,-1.41916229457645e-10,-4.71347796681473e-09,-1.96216515267694e-09,-1.09970594422292e-05,3.10540679034383e-06,1.3975200178477e-05,-2.41820900147554e-07,-4.27610065482357e-07,8.02891965991452e-07,7.00370312069214e-07,1.00464941050241e-10,9.72613543236392e-09,-7.46503447593758e-07,-1.13196684941363e-06,-1.75929493160816e-08,7.82145318015519e-07,3.36727073895097e-05,2.683291262093e-07,8.58842831895974e-07,-6.62031542988543e-09,-2.04755966630718e-08,-1.23663072182246e-06,-1.25422213662174e-07,6.72579987788464e-07,7.16167509687976e-08,-2.71197011177555e-06,-2.6740851310414e-10,-2.84137766910161e-07,7.75568772545792e-09,1.09475945951204e-07,1.67882902190735e-06,9.26051344253007e-10,1.60037002068492e-08,-6.90880080616688e-09,-4.68341855283665e-09,6.81307956032135e-07,8.40968949115078e-07,4.04827666016135e-07,-5.80642172468079e-07,-1.3323608022296e-07,-5.90827646363035e-07,2.00577589980435e-06,1.17549361512175e-07,1.12080822762273e-05,7.3662229336793e-08,7.74052459407274e-06,0.000587144031211972,-1.60719998672008e-07,-5.13822662228642e-08,-0.000213762791075364,-4.79973686813418e-07,1.6686288670238e-07,7.68344560742504e-09,3.58573033617464e-06,-9.72954447247737e-18,3.6330688485289e-08,-5.25921401448547e-07,1.16684039665094e-07,3.18877085120037e-07,4.50048926756281e-06,-6.24105504640038e-08,9.58722158154435e-07,-4.32022929919819e-07,3.55857923447212e-07,-2.38121181308878e-08,1.14202327396999e-07,-4.76732405869418e-05,3.15335736969108e-08,-3.48855885569933e-06,1.28281851072588e-05,-1.49807981687382e-08,1.03056154316652e-09,-5.11042504696086e-08,5.25060649140892e-08,-8.31551974545508e-07,-9.60258172093348e-06,1.88945567096257e-06,-9.10781168622755e-07,7.26637074401669e-06,-2.01380435931783e-05,1.25587804331678e-06,-5.86588162803571e-06,2.00158068813579e-06,-5.04098051158366e-08,-0.000585120832773659,-5.58918309641186e-06,-1.08990843977495e-06,-9.99910281360721e-09,1.65096616512015e-06,-3.75155600481092e-07,6.22874781217877e-07,-1.00503882681523e-06,1.97298890074095e-06,-1.58726352648333e-06,1.19241735283395e-07,-2.42687689242418e-05,1.07272744307639e-07,-1.78661007345548e-05,-2.23811426442497e-16,4.59544777329662e-05,1.92247667210858e-06,5.01479709476948e-11,4.60911490054712e-07,-7.07981379004854e-07,4.48061435696795e-07,1.28551918180192e-07,-1.72012492530291e-08,7.75166007611066e-07,-2.93802107568442e-05,-4.85237809498782e-06,1.0127759865488e-07,-5.49545952443766e-05,8.15485571882741e-05,-5.57019720488278e-06,6.02456429717385e-05,-2.53352245723837e-06,-0.000386260449156512,-6.87785896346643e-08,-0.0830895730761236,-2.90665905991075e-06,4.64050274802696e-09,1.56183226695961e-06,-5.22201630652311e-07,2.22605741687913e-06,-3.26972364252809e-06,-1.29370266432861e-05,-1.61630137561367e-06,5.31972790349717e-07,3.86503500733605e-06,-4.37278965289742e-07,2.24125412342082e-06,-2.84846409520496e-06,-0.00258683455971278,5.6013231598032e-05,4.18207291692542e-16,-3.43058545400524e-07,-4.64225738444012e-06,4.88802523062421e-07,-0.00011762946786263,-3.05410319064788e-07,-3.17909494885889e-05,-7.81678360908663e-05,2.57967518856548e-05,-0.000128556694652353,-7.70902189355375e-15,0.000659056254491404,1.33248309648366e-07,2.85981978598445e-05,-2.88218250902925e-06,-9.4666901178332e-05,4.68216843608285e-05,0.9197026393965,0.0839447557699911,-2.44082497584526e-05,0.0234836570295353,-1.89657130781642e-06,-0.00017656555224852,-2.27499211794445e-07,-3.05302895785905e-08,-0.000190094909304775,2.28539837938655e-06,-0.000189842403791336,-5.68984056420481e-15,-9.38872109519743e-06,7.16111785426725e-07,2.06331528836538e-08,2.22943770634471e-07,-0.00632195939623266,-0.000391072345691015,3.97034718980505e-06,-1.43725371920809e-05,-7.87532754392171e-06,-4.28510979609599e-16,-5.88843637097671e-05,-4.8057001062378e-07,-7.03335753274237e-05,5.36182254204514e-15,3.02541704554526e-05,3.82168953824706e-06,-5.81941610577994e-07,-0.000101404028651637,-3.31446433199198e-05,-1.74473477534087e-05,-1.30679432404437e-05,1.68572838632224e-05,2.83547558430919e-06,1.54393321100214e-07,0.000134104581918784,1.03734618759801e-06,3.92179913474363e-16,-4.01236840904876e-07,1.47729146811304e-05,6.34564767633878e-06,-0.00357904551765041,-1.7964648148436e-16,-7.17206250633216e-07,1.26809392796958e-07,-0.00131946538662974,-1.95608886952025e-07,-3.06082946143559e-05,6.77831864784319e-07,-8.7273898305348e-06,4.41632373328099e-05,-4.14334913578209e-15,0.000155940563796294,-7.4218440004306e-07,2.20860621616486e-06,0.000836109874446785,2.43848788767297e-07,-1.08541232441488e-07,6.26235174827627e-16,4.19346342674913e-17,-1.33251352123612e-07,-3.60640771710923e-07,4.75566111668648e-08,-2.25996709176211e-05,1.64926300555257e-14,-1.05642947409973e-05,-1.23938866767171e-07,5.45076841745089e-16,3.16448968174415e-16,1.4453222823858e-16,2.5858777960169e-05,1.6277749914047e-06,-1.7768261410156e-06,5.40008576266291e-05,7.66933964799769e-06,1.42652930618682e-06,-6.19466285221591e-07,-4.10056508383404e-16,-1.39598661104045e-07,3.99724111682277e-07,-7.82826213331298e-17,-1.82340397633299e-16,-3.10220064372196e-07,-9.03670320299713e-09,-3.59747953963829e-07,0.046302235848092,-1.68053962784382e-08,-1.11736323732214e-08,1.22701907489648e-17,-2.5145198283972e-07,8.3925649573654e-16,-9.1640874197221e-06,-2.45972946871786e-15,-6.41332584625368e-08,-9.19684766446802e-17,3.05806344622273e-07,8.22480469831666e-08,1.85654422305153e-06,5.9945046187167e-06,2.66518706342314e-07,-3.13653666170112e-08,2.02087356218878e-07,7.43937351658701e-08,1.61994467433937e-05,1.2512633991178e-06,7.35419853965432e-08,-2.0886021715323e-07,-1.66574098073697e-05,-1.35578964406904e-06,-1.00842452518218e-07,-5.57818396850856e-19,9.48097008335572e-07,-1.63994004434588e-07,8.55411228959893e-08,1.28428063517307e-16,6.93786326072176e-07,4.56610278247874e-06,1.46519734652997e-06,-7.11850266671278e-16,-3.55509654684357e-07,-8.76654000477551e-06,4.57952496368734e-16,-2.5184261499011e-07,5.79040248337115e-07,3.04801878755018e-18,-8.14225743786783e-18,-2.16863748748884e-08,-5.36039177638904e-06,-3.08639275991708e-08,-4.34446136705224e-05,2.91830542448786e-06,7.73014981828061e-08,3.45860717994984e-06,7.82346977857905e-07,-2.45113759718224e-05,-1.07748011901609e-14,5.37807208245861e-09,1.7795891505352e-07,5.89612553491332e-07,8.11818827142625e-05,-3.05835539183988e-16,5.98199452735594e-15,0.110524444108507,7.97991950990381e-16,1.83868363953745e-15,3.14698455618282e-07,-5.32987516872147e-07,-1.00019414587359e-07,-2.88457958318318e-07,3.07330918652577e-06,8.05489769128214e-07,9.2804001107522e-05,-3.01662057336762e-16,2.70040107231556e-06,1.27889248992953e-07,5.89274920392114e-07,-1.31418998981286e-07,5.31387005380438e-07,7.94984089119182e-17,2.01710050485319e-16,7.98948263104892e-17,-2.17817140971797e-06,-2.29372623795355e-08,-1.48754309095008e-06,-3.43028943364477e-17,-1.76715233296612e-08,9.55102914487612e-17,1.08382163064578e-16,2.92559909580035e-06,-7.32562450860457e-07,3.61906685175661e-16,-6.05257017400267e-06,-8.16602174426524e-08,1.67573376718172e-16,1.84767761899544e-07,1.24084338288815e-16,2.98826870003732e-06,2.48016671038287e-16,2.9804068658548e-06,5.63986014279586e-07,2.04207160967795e-08,8.79230803448964e-07,6.03468317598694e-06,-6.58661704331688e-08,2.0194839992032e-06,-2.56579175301694e-17,1.1912317649114e-06,-6.72183704469838e-08,-6.0314380254331e-17,-8.85235739740432e-09,-1.80272650564839e-07,4.18564506942069e-08,-8.81369721586771e-16,1.33920928044186e-07,1.77031492296835e-07,-4.02241918348955e-17,-4.90852756221497e-06,-3.72435897556748e-06,-5.07730445666726e-09,1.63881342570069e-16,-1.77992998306909e-16,9.04725639401769e-08,1.26122616648526e-06,1.02003192121842e-07,-3.57433456670751e-08,7.40567651346163e-07,1.91791808846648e-16,-3.06839032557921e-17,2.70201647136229e-06,0.000226678529309087,-1.09558740632079e-16,6.51825840664097e-06,-5.83021777463876e-17,7.39884065551478e-08,-0.000107345470198597,-7.21052996735988e-07,-4.80416801394087e-06,-1.623769794725e-16,1.58095257958662e-17,-2.97005378585832e-16,-2.27530497515516e-17,-8.45709337287616e-09,-2.93254216721433e-08,1.35686704144984e-16,8.68912735509178e-17,6.03518174180287e-17,4.12282548796947e-08,3.7031523055593e-10,-2.03626608332003e-08,-1.38268751524982e-16,1.2796025090217e-15,-2.44894165710163e-16,-8.70021441182685e-07,2.66198228674501e-08,-2.40820140735275e-16,4.6655541988916e-09,-1.22014560468362e-07,-8.05107460423602e-17,-9.08210964844991e-17,-3.82738368815938e-06,-8.63184352353815e-10,-1.89681982117178e-06,-8.24880598079335e-17,4.71534809107305e-08,7.63991338248571e-07,8.31637105016789e-07,-0.00385755605762878,-1.50761822579663e-07,2.72613453611143e-09,1.43326699218469e-16,1.61741321519247e-16,-3.4793372014521e-16,5.36800193017552e-08,-4.86043771928437e-08,-8.3027110075128e-07,-1.44008071464307e-08,-8.46489187444407e-17,1.48823518417463e-16,1.02471808296869e-16,-1.56259151729694e-16,-2.19293004772791e-16,6.85552580733807e-08,-3.51332817478994e-17,7.56826957493293e-17,-5.01731505579424e-07,1.70878303211518e-16,-4.49100058072446e-07,6.93780870565315e-18,-5.5670967140081e-07,-3.14835094465513e-17,-6.72478432720508e-07,-8.41076477687584e-08,-1.69447920550635e-07,5.44288840318123e-17,2.69411839991147e-06,-1.06889576963283e-17,9.32725154828491e-07,-1.47853917635531e-07,8.18116348641286e-10,1.09008147912261e-17,4.49891011146732e-06,-1.56980597497718e-16,-3.23132828096741e-07,-1.6493503936144e-07,5.94220567694468e-18,-1.47861215120829e-17,1.69952476966957e-16,-5.88905420301506e-18,-2.11896859585409e-06,-3.24989252200449e-07,-7.25254085458649e-08,3.38696453459559e-18,1.59748248953141e-17,-1.69331301745542e-08,1.38111418036043e-07,8.02748467793968e-17,-1.63107691961052e-16,-2.74373275721129e-07,-1.9831237880587e-17,-2.3253961782127e-06,-1.16589678131676e-16,4.85581692677981e-07,-3.62070205131285e-18,-1.05170092259834e-15,-5.56176663654971e-18,-2.0714852303794e-17,2.74495722666131e-17,-5.60804424399677e-17,9.292611199975e-09,-6.49854643394853e-08,-1.11733702386089e-17,-4.30816418012428e-08,1.80892384365397e-06,-2.09357755307955e-16,-3.14742406545828e-17,1.85721430447066e-15,-1.52469677304302e-16,7.25889755665685e-07,1.16011759682881e-07,-4.81701922604223e-17,-2.50036377805599e-17,-3.2260858912543e-07,-1.04195751264663e-07,-1.57702291538873e-09,-2.49896163365804e-16,1.47381799635219e-17,-3.27027572429953e-18,5.50712739657896e-17,4.35786605604158e-17,1.45387882339167e-16,2.75900401677291e-06,-2.17959360865596e-06,-5.01307879533268e-07,-3.89929514198122e-17,3.95813529644818e-17,-2.38613263445008e-17,-3.17166497484154e-17,-2.51487468389472e-16,-1.32969515907339e-17,-2.70752032459574e-18,-1.30224396808252e-16,6.12265137108965e-18,-3.6282244408137e-17,-1.9586619098098e-16,-2.50534147076514e-17,-1.32277678034431e-17,3.57822057303321e-17,6.06100491886689e-09,-9.75049807558323e-18,-3.37405702153106e-17,3.96063669353593e-17,8.57054442137311e-08,-4.64247676041976e-08,-5.90492191026019e-17,-2.21106685734159e-09,7.81933059182392e-08,1.24091642619647e-16,1.84371096797291e-15,-1.50535062872242e-07,-2.1344247310261e-16,1.91835535981972e-09,1.1224824120079e-16,1.21956890869683e-17,-3.92253712271583e-17,2.94910330100311e-16,8.40907065590098e-08,-2.56910621681399e-07,3.69696129489273e-17,1.05556150341664e-16,-2.79132499356115e-17,-1.86185581688281e-16,1.24683249835833e-18,8.79391789591794e-17,-3.90855985821034e-17,1.01886724319076e-17,3.05775607922632e-09,-8.50847697550932e-17,-6.09159074299307e-17,1.67072387152049e-17,-1.91419797442019e-17,4.75066633168325e-17,-1.55453310699263e-16,-6.63221154773661e-07,-3.38459043425866e-17,-1.69827414667256e-16,4.48457115720853e-08,5.32614410234749e-18,1.79265697986571e-16,5.07918143834788e-17,-4.24177477121405e-17,3.72071317607797e-08,1.88501357605901e-17,-1.23037371926689e-06,-5.26610924624185e-17,-1.64905242457687e-16,-1.25502040825249e-16,1.33643587868363e-16,-5.48093066272057e-18,5.24483131934916e-17,3.69419879960818e-06,2.04843627553989e-16,1.18956776789418e-16,5.64628068936484e-09,-2.08161322796685e-05,3.41809127854191e-17,9.49602450552416e-07,5.65886994256749e-07,-4.85706568400001e-17,8.66702845322042e-17,-1.09729610959663e-16,-1.83200956943149e-17,-8.41383772399117e-17,-9.44664527980435e-07,7.42799166906684e-17,-8.58915055052641e-17,-7.68921469886924e-17,3.7757911956395e-07,-1.75970432837592e-17,-6.45476923486993e-17,-5.47315275091839e-17,-1.57110231045869e-17,-1.71656404777632e-07,-1.01381301934134e-16,1.15284726715949e-09,-3.0585619397722e-17,9.22231007084832e-17,1.78764397859702e-16,4.21169301983274e-17,3.28297477864254e-17,9.21537371367072e-17,4.64945032003729e-17,-1.99372624701204e-08,1.00125837824836e-16,3.96214738003296e-16,8.37511510121516e-09,7.7107776585727e-17,4.44622501656414e-18,-1.66010959044752e-16,-1.39423134005559e-17,-7.47348093971497e-17,2.47895723909074e-17,-6.05618909665773e-08,-5.34383573530186e-18,-1.78167007532289e-16,1.80133949310861e-08,-1.01793088114882e-16,3.56575705240249e-17,2.01907607467933e-16,9.43200340956814e-17,-4.18881208496879e-17,1.49813400342886e-16,2.49792954578732e-18,-7.588214534071e-17,1.57105118825505e-16,-4.62629414801772e-17,-1.05935846345752e-16,-9.41180888898162e-09,3.11947828208635e-08,-2.82822857330623e-18,6.35819280339018e-17,1.93556538667707e-17,-9.62324704203556e-17,-4.57533316788883e-17,2.77640695608223e-18,1.18960866309421e-16,-3.16682957408345e-16,-2.96583761510321e-08,-8.47035856478558e-17,-1.73605260831368e-17,2.81192878222501e-17,-5.18039532974615e-17,3.44537366360518e-09,2.307803611445e-16,-5.45060124768742e-10,-2.94246439037221e-18,-2.16582389000423e-16,2.05408968929258e-16,-5.46217326616641e-17,1.3453372975995e-17,1.70981576340775e-16,4.63021386734996e-17,-6.93510725547602e-17,3.94406107735745e-18,2.59997784692729e-17,1.20715442388017e-16,2.8591791891278e-17,-1.22863953970526e-16,-6.10417300589467e-17,-4.75466874064808e-17,7.62170106617621e-17,1.95268564703913e-17,1.94156594058059e-17,-5.56741349721847e-17,9.95739460882975e-17,2.81133623325491e-16,3.20400991883121e-18,1.90211343680721e-17,-1.20483797460231e-17,6.95449326229792e-17,1.14775614647186e-08,-1.51152466786314e-16,-4.22513493560563e-17,2.603674302185e-17,-1.24983951409525e-16,1.7741658991575e-16,2.55015712065168e-17,1.58040780998471e-17,-4.1695273667726e-17,2.95473236574108e-17,-7.28389708435172e-17,-2.73435787900844e-16,-1.29445001648679e-16,-1.53134311436987e-17,-3.99580958500027e-17,-4.00445829840532e-17,-9.11320007237613e-17,-4.85032015562145e-17,-1.46831340501355e-07,1.48615550817485e-17,-5.40665686336709e-17,7.22337214186296e-17,-2.88144633542097e-16,7.83143076478019e-17,4.70472270952548e-17,-5.8845756319322e-18,1.44307843368319e-16,-2.47417415906225e-17,7.62156623999129e-09,1.61714971032444e-16,-2.60626184696252e-17,-8.24827545201828e-17,-6.61581843608052e-18,-8.15909796260436e-17,1.23050043565519e-16,-3.35475928783473e-17,1.76015975213795e-16,1.46829305979266e-17,-1.55944062371761e-17,-1.9134486726002e-17,9.24599676254609e-17,-1.22052518972372e-17,1.55065322934207e-07,8.84417038083852e-17,7.99737670089553e-17,-9.53709149898436e-18,-4.06467394464816e-16,-1.04565464042065e-08,-1.31040522814594e-17,4.15568714717089e-17,-1.56087564586884e-16,7.70630250320595e-17,-7.3435727545597e-17,3.565262995837e-17,9.85198608734426e-17,1.41329682716382e-16,2.95236106007759e-17,4.89837026596447e-17,-3.18374461221771e-16,-2.16690367005309e-17,-1.03424092329465e-16,5.80430342877949e-17,-2.68801770648155e-17,8.61097178699951e-17,-6.65999330024042e-17
"t160",0.0322620219532082,-0.00782420169210384,-0.00840904897761611,0.000374884621692171,0.00185157281367577,0.00349974420842758,0.00077934611659466,6.92859672851384e-06,-0.0317914066516144,0.120374176251202,-0.0207492245963437,0.00252666911963312,-0.00489301708017166,-0.00102353393282459,-0.0268775939530018,0.000591464833992895,0.000372207166562061,-4.3319249999116e-05,-0.0187978908662181,0.0024732534467944,-2.00819398308416e-05,2.186438733913e-05,-0.00272493292065209,-8.2680297120441e-06,-5.75578195719201e-06,0.000413406265571924,-0.00205170135634884,2.00891012855259e-05,-0.000295667418781112,0.000856520211730034,3.36671795995474e-06,0.00459734748126979,-0.000223024569053933,0.00552226928192825,-0.000488870142522728,0.000166716190652249,8.7803116531765e-06,-2.30847684016889e-05,-0.00135686306579828,-0.000495317324251802,-0.000544257691000055,0.0166428505579367,-0.00161354198015867,0.21946173916969,0.000596980106598561,-4.08440999726241e-05,6.93913910591322e-06,-0.000101024912609754,0.0056206423498051,-0.0095756310999413,7.52075487926302e-05,-7.11831203299794e-05,7.78293048924288e-06,-2.67723863034072e-05,0.000790392629236464,-0.00193366289563311,0.000850200589702025,-0.0092952697286299,0.121820200066891,1.58355603518517e-05,6.51427719309686e-06,-0.000245215432919909,0.000113073759881482,-7.93696257818834e-05,0.000194064217254904,-7.00774580068238e-06,6.25620333769071e-06,-2.47737837165643e-05,3.68920644829831e-06,-4.91828661527261e-07,-4.37589643643344e-07,1.61106232697767e-06,-5.70317984574852e-06,-3.84555399152107e-06,1.62255902246493e-06,5.89943644146113e-07,-1.42921374450469e-05,2.13751268969628e-06,-0.000275665321819508,-8.71895248520427e-05,5.23207747615367e-06,0.000405295963831613,-0.000239451213030356,-1.94160625663625e-05,7.60189409572712e-05,5.75018916705814e-05,-1.38366254635513e-05,-0.000118745536402416,-5.92767674049304e-07,2.7577863676141e-05,-0.0184153900724509,2.45758445495056e-08,1.76500895502915e-05,-1.76921986988612e-05,-1.50724276213234e-05,-4.38136189547864e-06,-5.14852042804091e-07,2.70211785387273e-06,-2.99405529066275e-05,-0.000284606732723483,-1.55380387049607e-05,1.02290023067974e-07,-2.13439473051179e-05,1.98460398252109e-05,-9.82364023564334e-06,6.15882091142395e-07,-0.000160511562132617,2.01247570453977e-07,-0.000102200431629497,7.3977251380307e-08,2.43860463323607e-06,4.53607942378103e-06,-1.39541526958978e-06,1.19374723618071e-06,-3.78245709974411e-05,1.13573255910555e-06,-5.29486759713763e-05,4.10008950436071e-05,-7.66260415031918e-06,6.32175851390075e-07,4.55931906373551e-07,-9.74114058598483e-06,0.000195322281159173,0.000349481579401323,-1.79624384737044e-06,0.000102082847512561,-1.18545757842037e-05,0.308511293235682,0.000162958173454994,0.00562679868028686,3.94454554729253e-05,-0.000107806861375966,8.09429901896548e-06,0.000136446678221124,-2.00919637614861e-07,0.000131170110317166,-0.000120934118741796,-1.1773362935335e-05,0.000441953798545758,-0.000370027822513353,-0.000319571898959229,-2.78704359485477e-05,0.00024641037292699,1.53802940924802e-05,8.86976946810441e-08,-2.60853046508992e-05,-8.3321693982011e-06,0.000224595985456275,1.63750564231982e-05,-1.06425153866714e-05,-1.39501150002185e-05,-0.000467757058081829,-2.45762885493095e-05,0.0406754960017173,-7.65872693091035e-06,-0.000158389564870846,0.151828015476132,1.06713932314759e-05,1.95433440889523e-05,0.0011197953965051,4.53730793619674e-06,-6.30041572775062e-07,1.55243500798897e-05,4.50606995223386e-06,-2.23001166939261e-06,1.13756194254097e-06,-3.26876786149354e-05,-5.38194707187726e-07,-2.64987265668187e-05,-4.60106247101848e-07,6.75513540659203e-07,1.15746835167512e-07,-8.71255996422837e-09,-1.12160622797479e-06,-2.82282176684282e-08,-4.88701834579873e-08,-1.95039169439918e-09,-5.44998947851532e-08,-0.000590338176928097,8.08224707771822e-07,-5.58636380880636e-07,3.92315936450496e-07,-1.01824919758665e-07,-4.66470072151467e-10,-1.5587572525638e-08,-6.62835304035537e-09,-3.73528343973697e-05,1.10974747260303e-05,5.00314050856449e-05,-8.81945242963282e-07,-1.6483703689413e-06,3.25785849604397e-06,2.89619497203567e-06,4.27872531064151e-10,4.23885263660126e-08,-3.50488335693219e-06,-5.40801995382409e-06,-8.73522507628747e-08,3.96268549904894e-06,0.000204199583314831,1.64308234848747e-06,5.77508352456171e-06,-4.94409924113006e-08,-2.12333234647432e-07,-1.28477918956638e-05,-1.35364711341971e-06,8.2520735519837e-06,9.72677625564293e-07,-5.19712089530602e-05,-1.09030302036806e-08,-0.00020818362210133,-1.30222659539571e-06,-2.73587310703087e-06,-2.81335999190766e-05,-1.53830974228317e-08,-2.10840503735631e-07,5.88985176684233e-08,3.73139021083976e-08,-3.9882670726667e-06,-4.1283821258637e-06,-1.87960652255699e-06,2.18935309123281e-06,4.80142291128823e-07,2.02935361635855e-06,-6.00466359046014e-06,-3.4277052334843e-07,-3.24745783606749e-05,-1.86530445242309e-07,-1.81543390100473e-05,-0.00126938915984421,3.35274085838749e-07,1.03368232715044e-07,0.000415930883814995,9.25232243677616e-07,-2.95680378899605e-07,-1.2941625339313e-08,-5.72442101461558e-06,-3.99815128480723e-18,-5.3828889029564e-08,7.67913061315399e-07,-1.54371078199446e-07,-3.92027293284925e-07,-5.21626002723567e-06,7.20840292597597e-08,-9.95847830044594e-07,4.40980340924324e-07,-3.60336178640281e-07,2.32115580591335e-08,-1.08521562264263e-07,4.32628750463595e-05,-2.80431295680621e-08,3.0767194289314e-06,-1.08139323460859e-05,1.05032631835255e-08,-6.77937261450018e-10,3.18950221430547e-08,-2.92633039943292e-08,4.59755949392637e-07,4.90935204060049e-06,-9.24691918870014e-07,4.18859283181214e-07,-3.27585813775259e-06,8.89135327102067e-06,-5.38690466647087e-07,2.41060167560554e-06,-8.18545237772915e-07,1.84865511639678e-08,0.000214041990833538,2.03882777005477e-06,3.85951924420271e-07,3.50186854886397e-09,-5.58166155249596e-07,1.26003866016859e-07,-1.68676420438205e-07,2.65686977218399e-07,-5.11665277207486e-07,3.93815397553467e-07,-2.85487024245624e-08,5.35604442389725e-06,-2.31147624115683e-08,3.77715938649528e-06,-1.3662340500752e-16,-9.09434762847396e-06,-3.77131658687992e-07,-9.55896031610216e-12,-8.20128393095245e-08,1.18620127705159e-07,-7.29314245567735e-08,-2.06254191387842e-08,2.27849342497127e-09,-1.01374486262879e-07,3.82899377452539e-06,5.96080887495579e-07,-1.04399682690974e-08,5.48850465551672e-06,-7.96544986350606e-06,5.04841001785436e-07,-3.99993236336263e-06,1.45370821203828e-07,2.1967757462446e-05,3.9013042746704e-09,0.00308746860778912,5.44862669538443e-08,-7.74635534169972e-11,-2.15601546039427e-08,5.47217899699806e-09,-2.11409629345762e-08,6.51628485596111e-09,1.91097847476045e-08,8.87108023473428e-10,3.87834058056217e-11,7.89236811761865e-09,-1.78822925178271e-09,1.31411549318585e-08,-1.8805305696621e-08,-2.01914989847108e-05,5.69423775746115e-07,-2.25820559795528e-16,-6.43413879907366e-09,-8.86056161397351e-08,9.48770787314365e-09,-2.28395661040826e-06,-5.93202401376207e-09,-6.18903152744495e-07,-1.52574644360454e-06,5.03620679929681e-07,-2.48645653588452e-06,4.20273251489548e-16,1.18464863101485e-05,2.36023953101699e-09,4.8856631647403e-07,-4.90044162192942e-08,-1.42172291486385e-06,6.4046013778815e-07,0.0105656853456985,0.000820798570715619,-1.34446654320656e-07,2.07344352523239e-05,4.60164556956687e-09,7.7946794156103e-07,1.29574127081325e-09,2.46070285296e-10,1.58298963436734e-06,-2.30367585329283e-08,2.17944434995163e-06,-7.27578075070042e-17,2.16350872626286e-07,-1.83997232018705e-08,-5.30692818073924e-10,-7.52274287826202e-09,0.000221390259066876,2.03518255293902e-05,-2.27849544096555e-07,8.40370070277626e-07,4.93413694480598e-07,8.63939950962645e-16,3.9799035111251e-06,3.33858494336759e-08,5.39662730489796e-06,-6.59732035768559e-16,-2.57122482259809e-06,-3.32478928743668e-07,5.12397234007963e-08,9.15104229077264e-06,3.11511506933102e-06,1.68976428468429e-06,1.29532626580061e-06,-1.78730857469039e-06,-3.03003775029637e-07,-1.72582683445778e-08,-1.61922605832466e-05,-1.25738616916136e-07,3.13164229070919e-16,5.61743333571012e-08,-2.11899746746042e-06,-9.59392866980108e-07,0.000584976085976824,-3.78646519145726e-16,1.37720115196193e-07,-2.89131632676652e-08,0.00032415242926036,4.97316954628001e-08,8.10543448632954e-06,-1.93397792119984e-07,2.80369912884606e-06,-1.88463957406293e-05,-1.12367635029845e-15,-8.50057562383966e-05,4.13269838384382e-07,-1.28565289828925e-06,-0.000517680679582768,-1.51697590744045e-07,6.8713026524795e-08,1.66706926041371e-15,-4.04204274678964e-16,9.33229601841478e-08,2.76008690368258e-07,-3.68033505837278e-08,1.8957921389062e-05,-1.58872679006458e-14,1.06196671354562e-05,1.35358435617007e-07,2.11650586838584e-16,-2.18381794102925e-16,-1.61379306237732e-15,-3.7153020793847e-05,-2.4268936039144e-06,3.02391385825329e-06,-0.000103491795148396,-1.49109482538738e-05,-3.17758869665708e-06,1.40259937024088e-06,-6.36488032672777e-16,4.33547100080731e-07,-1.411396886124e-06,3.9491911436001e-15,6.62154373348692e-15,2.12796156978865e-06,7.80805997980942e-08,4.66281254769727e-06,-0.885339587299753,2.47159377592121e-06,-3.71310250104764e-05,-1.25100305619918e-16,-2.53961197511863e-05,-6.71277085950826e-15,-0.000248544846300725,3.2997747329705e-14,-1.1427188855908e-06,2.70547884879723e-15,3.82759462540759e-06,9.72114769580499e-07,1.287629698576e-05,3.8364643160686e-05,1.65302884563739e-06,-1.71874265746215e-07,1.00827168853797e-06,3.0950565336825e-07,6.72993937363666e-05,4.95502713626177e-06,2.68742282282628e-07,-6.93971732273886e-07,-5.154857800091e-05,-3.98613099359118e-06,-2.89491625795134e-07,1.28911136469454e-16,2.54018058055238e-06,-4.13608515369752e-07,1.86214453942062e-07,9.69798101447849e-16,1.45454289279923e-06,9.07260979434158e-06,2.84798062172405e-06,6.78397313507521e-16,-6.83374975725582e-07,-1.61398529765101e-05,-1.35523290323377e-15,-4.5412917295222e-07,9.22850540097681e-07,4.36061837131203e-17,-1.78717451563714e-15,-3.2849060728729e-08,-8.08110624980868e-06,-4.54809295630856e-08,-6.22403226971888e-05,3.88869653512053e-06,1.02281467653203e-07,4.52952125095548e-06,8.86355475449212e-07,-2.22050841675911e-05,-2.57216123400461e-15,4.1716569816984e-09,1.33310730846149e-07,3.78854251934307e-07,3.87247482816183e-05,3.11319882271402e-16,1.29616390699032e-15,0.0149759850579338,3.55503526493545e-16,-1.24651759553792e-15,9.10102292120267e-07,-1.33486024812459e-06,-2.49893448776101e-07,-6.03425411843062e-07,6.32285433831705e-06,1.65152374605819e-06,0.000186346750153019,-1.28280667620494e-16,4.68351304893017e-06,2.17213531022001e-07,9.9443720813678e-07,-2.15414033354317e-07,8.33813240354749e-07,-3.28671302625433e-16,2.06222756430227e-17,-1.10679826616378e-15,-3.25454399564503e-06,-3.36694482817151e-08,-2.18075438911471e-06,-3.89697692191421e-16,-2.55067833725529e-08,2.44384110577787e-16,1.94065215314811e-17,3.99193721905666e-06,-9.98964342332763e-07,1.79977560632594e-17,-8.15944771918971e-06,-1.09387748207785e-07,7.23303066725506e-16,2.44468505822586e-07,3.48516765413691e-16,3.89966316732643e-06,1.96105015072325e-16,3.8847941974071e-06,7.34453440339965e-07,2.65657137317125e-08,1.14218767565276e-06,7.81488071510692e-06,-8.43375916808687e-08,2.54858193471527e-06,-2.69025502319255e-16,1.47919933577495e-06,-8.33332820557287e-08,2.51868807346963e-16,-1.09514603169202e-08,-2.22184624322288e-07,5.14190701967266e-08,-1.36796276902106e-16,1.62810206074238e-07,2.14805398462035e-07,6.89570097220417e-17,-5.94101934311834e-06,-4.50234404705859e-06,-6.11156093964951e-09,-4.18141998532381e-16,1.29004127592213e-16,1.07913912935835e-07,1.49923567149366e-06,1.21171952751218e-07,-4.19978936300168e-08,8.69156989944943e-07,3.37384332856338e-16,-1.40272545651268e-16,3.16840591118074e-06,2.93155317001435e-05,4.25916478564583e-16,7.63832676949575e-06,2.17850384386064e-16,8.66578540117776e-08,-0.000125710027164755,-8.44424740922723e-07,-5.62675111897443e-06,-7.40083925144171e-17,3.92237653139172e-16,-5.06692681802121e-17,-1.73077071840055e-16,-9.94548847648338e-09,-3.4508321829312e-08,-4.47765783259681e-17,-1.54302340150326e-16,-1.28273302954992e-16,4.86489240747712e-08,4.37600237938288e-10,-2.41792300037065e-08,4.41128143049019e-17,6.52418657293152e-16,9.97872574501346e-16,-1.06579188233224e-06,3.26644809669438e-08,2.89015770855626e-16,5.86154334287721e-09,-1.55229538460982e-07,1.36056436417045e-16,-1.18448468490688e-15,-5.0696422708709e-06,-1.14805134342707e-09,-2.61464848849292e-06,1.57337178867682e-15,7.14793315311918e-08,1.26575258487945e-06,1.74179595091486e-06,-0.112493720050812,5.75405731893965e-07,-1.34538202603819e-09,-2.87444175557545e-15,-6.72349527726197e-16,-1.14484253767412e-15,3.77043371008927e-08,-3.43124692524362e-08,-6.08111494109729e-07,-1.17134923099757e-08,9.16064232872494e-16,-1.62842644424956e-16,-2.7453142553222e-18,-1.32974658476832e-16,1.084621646271e-16,5.8556905612409e-08,-4.00711197194921e-16,5.13901255953413e-17,-4.33701030351491e-07,3.75011377669924e-16,-3.8842408986991e-07,5.57095645730101e-17,-4.81943293535088e-07,-4.75802261107557e-16,-5.9084449975297e-07,-7.41041098920945e-08,-1.49868050209962e-07,2.32106602119815e-16,2.39260798522038e-06,-1.01142850137848e-16,8.34227562971548e-07,-1.33081951261635e-07,7.36540069404561e-10,-1.55729967874616e-16,4.0578162334699e-06,-7.53417898506519e-17,-2.9212967751662e-07,-1.49124779828485e-07,1.50739014830194e-16,2.64094684277852e-17,2.82259281158954e-16,-4.85621217799571e-17,-1.91860092866116e-06,-2.94352857294185e-07,-6.57111099851315e-08,8.57756813215962e-17,-4.88421155728243e-17,-1.53616779718131e-08,1.25299680936875e-07,-3.05586413414701e-16,-3.80258579805839e-17,-2.49134142610161e-07,-9.07259938674702e-17,-2.11169900186137e-06,-6.47927875364875e-17,4.41026481953494e-07,-4.35952570098645e-17,-2.88291096812757e-16,4.23246146800029e-17,4.4982451664267e-16,9.55768922261394e-17,-1.10642327011031e-16,8.43828487447717e-09,-5.90105763653164e-08,7.41959894521728e-17,-3.91127492701493e-08,1.64211109813985e-06,-8.21686562693975e-17,1.17711662780987e-16,1.9235906742478e-15,-3.88888096231343e-16,6.58598809532153e-07,1.0524200506041e-07,-3.79627602825813e-17,-1.43563950301142e-16,-2.92609904793541e-07,-9.45046560880167e-08,-1.43023425703648e-09,3.3413418898044e-17,-7.2946566068051e-17,3.47414653139434e-17,1.56939864028447e-16,1.56787817659531e-16,2.2642216165944e-16,2.4985463080453e-06,-1.97353264946749e-06,-4.5384389590546e-07,1.04815548126432e-16,1.52592735904948e-16,4.29357677182271e-17,1.3948934182755e-16,-1.47433682094821e-16,2.1831790994205e-16,-8.11276184354998e-17,1.32804912997201e-17,-7.26926863843012e-17,4.58818446229679e-17,-1.03613593028376e-16,1.41619165214494e-16,8.74617253892758e-17,-3.18153478443587e-17,5.47144473168602e-09,4.3938342928373e-17,-1.86355985542383e-16,1.29351414732604e-17,7.73370911495964e-08,-4.18878213819651e-08,-1.2441144874782e-17,-1.9948681180075e-09,7.0511394227227e-08,-2.95515121655072e-17,1.69895262247627e-15,-1.3565829375593e-07,5.05175378780987e-16,1.7273833183677e-09,4.00128354121365e-17,-8.93871340940639e-17,-1.17108781192158e-16,-3.67889525849664e-16,7.56222216763046e-08,-2.31017737652475e-07,3.75066931108539e-17,-1.93529477220865e-16,-6.54139399660983e-17,-2.5406949760502e-16,-2.47198095326695e-17,1.37952791518962e-17,1.06781495543716e-16,-5.11172025809062e-17,2.7369910649165e-09,3.40082082422377e-16,3.64987994203038e-17,-3.4436839620222e-17,2.61099280343184e-16,-1.31776156611092e-16,8.68457042559132e-17,-5.93060715962229e-07,-6.5146793140776e-17,-1.93180954816772e-16,4.00943083051452e-08,-4.66737943972799e-17,2.61269240835738e-16,1.59117825469865e-17,-1.65962984830322e-16,3.31944997720917e-08,-1.38613161611417e-16,-1.09726903605087e-06,-2.56533068118252e-16,-5.06475327874637e-17,3.09114990164975e-16,-2.31199972293666e-16,-3.91194429011798e-17,2.03285541169563e-16,3.29202760797291e-06,1.09431679789599e-16,3.46965030550001e-16,5.02865282098253e-09,-1.8538579819084e-05,-1.27393239416732e-16,8.45280025960549e-07,5.03640252516602e-07,4.86344857357282e-17,-6.44409390060486e-17,-1.14610312132972e-16,5.04873779009618e-17,-1.67280767739573e-16,-8.38831164050002e-07,-1.37341969192574e-16,-2.9914377854583e-16,-6.66808639017749e-17,3.35083641457939e-07,-2.91780370617576e-16,1.84536716503855e-16,9.84423317540406e-18,-7.51365452744277e-17,-1.52221240770072e-07,9.28688996582483e-18,1.02208248614404e-09,2.38120959791259e-17,3.85030435762161e-17,-1.07900171258711e-16,-4.27877573722903e-17,-3.14699324919918e-17,-1.55729444071729e-16,3.92620778247391e-17,-1.76542489939319e-08,-1.00050533599453e-15,-1.63695712889837e-16,7.41386043484086e-09,-6.17660386384778e-17,-3.00986306952122e-19,1.45187653972403e-16,2.34476078178374e-17,-2.05336887175305e-17,-6.45290985331438e-17,-5.35609505015613e-08,-5.56957484330909e-17,4.19909349288664e-17,1.59244716360385e-08,-1.45963813780454e-16,1.83577892327275e-16,-1.13686502713445e-17,-3.00123824639119e-18,1.13032389795176e-16,-8.76257919359866e-18,-1.42288769931202e-16,5.49971212821242e-17,2.89602981840564e-17,7.54078024481222e-16,-1.28261336332129e-16,-8.30789523140263e-09,2.75310486794709e-08,1.18737600139007e-16,-5.18733270071163e-18,-4.69656785007294e-17,8.38680269026268e-17,7.42678488152571e-17,2.63376987408653e-16,-3.49827013768803e-19,6.02754365984243e-17,-2.61510806939193e-08,1.63112012046967e-16,7.55732552157639e-17,1.68153196814941e-16,1.12020805341989e-16,3.03560592089418e-09,4.46178701230476e-16,-4.79826427748218e-10,-2.09907676571922e-17,-1.35364713244834e-16,2.86371312988131e-16,4.06338765578248e-17,-1.15931277173396e-16,2.09493290041884e-17,-1.20192057979171e-16,-1.34404572496458e-16,2.09555497026739e-16,-7.72090228703639e-17,1.23028365137318e-16,-2.3254256683613e-17,3.10718537252991e-16,8.03053968651047e-17,5.41889840127257e-17,-3.95186104186257e-17,-4.9283530969234e-17,-2.75210749808653e-18,-7.15174466078377e-17,-7.94157776610564e-17,8.76035355368288e-17,-6.97301878336492e-17,-5.151080120319e-17,-8.33689861207576e-17,2.80850692293627e-17,1.0073589600275e-08,-4.96732927759062e-17,-1.35916036223503e-16,6.70337340364611e-17,3.77967734967511e-16,-3.28320382429451e-17,7.13420655572356e-17,2.71250183869354e-16,-1.37517275749478e-15,-4.27845625336659e-17,7.16596844926692e-17,9.75781955236954e-19,-1.71583131149641e-16,2.09066008551727e-17,3.58376062066238e-17,-2.58803673539964e-16,-6.73404978319028e-17,-7.59270885420257e-17,-1.28624508391485e-07,9.04741274595249e-18,7.92459957480299e-17,4.38102847188622e-17,1.10668873099719e-16,5.33150183461665e-17,-3.31401741713294e-17,-5.53253739378708e-18,8.82173166658669e-17,-2.63812516034509e-17,6.66403866544757e-09,-1.40857826452418e-16,2.66664172812456e-17,-2.13583110980198e-16,-3.43564389119886e-17,5.75726953693849e-17,2.4597419487471e-17,-1.71272895009431e-16,4.75276760047098e-17,-1.70183531967246e-16,-1.43705677943514e-16,2.59594598107229e-16,-1.88741532069562e-17,1.78007878164647e-16,1.35343429300816e-07,8.7079527064622e-18,-8.62583876270871e-17,-1.96876146877796e-16,-3.16153353496773e-16,-9.11940876103637e-09,-2.99270986034393e-17,-3.55940122235212e-16,4.44975521933457e-17,7.91623516767797e-17,-3.48342422270701e-17,1.6744907207639e-16,-2.80235006561823e-16,2.66589597950239e-17,-5.83644687881955e-17,-6.22222597191e-17,-1.87681830520151e-17,-7.59168781305556e-17,-3.37082406574358e-17,-3.4867562323836e-17,-2.15951156789094e-17,1.61006957159692e-16,-2.54630825449348e-16
"t361",0.0322842596072989,-0.00783557450933936,-0.00842166771994428,0.000375638901910796,0.00185613577248906,0.00350986618665946,0.000781644503993417,6.95065910812185e-06,-0.0319110164574275,0.12092364302853,-0.0208694882193729,0.00254472930250905,-0.00492901932475197,-0.0010311795284112,-0.0270871603663052,0.000596350158652771,0.000375355312420583,-4.36923232427773e-05,-0.0189635517533597,0.00249694465539191,-2.02901204591904e-05,2.2138364834889e-05,-0.00276101068072509,-8.37812861199678e-06,-5.83273183881274e-06,0.000419199407101541,-0.00208079587934175,2.03765629049198e-05,-0.000300012981789369,0.000871416644694914,3.42921488116154e-06,0.00468663138148949,-0.000227673811421452,0.00564294340904314,-0.000500108718821463,0.000170861172438707,9.00143748340979e-06,-2.36755723129766e-05,-0.00139183006506567,-0.00050827588510737,-0.000558914840724131,0.0171021596537838,-0.0016587516627591,0.225618489992306,0.00061402681221716,-4.20867401397598e-05,7.15426646391744e-06,-0.000104184470647678,0.00580074686572695,-0.0098904872535754,7.77651564153348e-05,-7.36415176074788e-05,8.05232785047072e-06,-2.77168285948174e-05,0.000819309875308797,-0.0020047931055139,0.000884568520994803,-0.00968040843916307,0.126882405545795,1.65333521808749e-05,6.81386925047027e-06,-0.000256728760424116,0.000118471403005166,-8.31740879461393e-05,0.000203652539180613,-7.363338941067e-06,6.59228709495379e-06,-2.61381345135206e-05,3.89469957463958e-06,-5.19784103727329e-07,-4.65132043316702e-07,1.72011434484151e-06,-6.09344037237287e-06,-4.11459448036142e-06,1.73638854160711e-06,6.317238448364e-07,-1.53081139158602e-05,2.29225936739676e-06,-0.000296445552393488,-9.38681236149033e-05,5.64378674001991e-06,0.000437373042150322,-0.000259205147353055,-2.10376018539607e-05,8.2702799989439e-05,6.26275495455113e-05,-1.50870845891417e-05,-0.000129500745466991,-6.4648781086784e-07,3.00807642611848e-05,-0.0200954262414622,2.69284708845699e-08,1.93470641288028e-05,-1.94430748537399e-05,-1.66380918598239e-05,-4.83975472043904e-06,-5.68735587098515e-07,2.99006748393842e-06,-3.31524361258679e-05,-0.000315906363910287,-1.728128770039e-05,1.13786434413673e-07,-2.37475627111846e-05,2.22834452029383e-05,-1.10377880008742e-05,6.92376311727619e-07,-0.000180621658008695,2.26522470312281e-07,-0.000115090930498303,8.33684206263149e-08,2.74882782044203e-06,5.12033546372841e-06,-1.57541286183426e-06,1.35276098404985e-06,-4.28972551778133e-05,1.29030832941782e-06,-6.02026135588989e-05,4.6719533815402e-05,-8.74973431470629e-06,7.2301711566693e-07,5.21921141742631e-07,-1.11861818742721e-05,0.000224756905181952,0.00040217925900267,-2.06770666273304e-06,0.000117759256790852,-1.36774421547834e-05,0.356602191866126,0.000189355083811764,0.00653864675147097,4.58575299598513e-05,-0.000125779950526126,9.4503899706419e-06,0.000159387766158413,-2.35193029290607e-07,0.000153590203769065,-0.000142238209744532,-1.3897712536435e-05,0.000524312540721386,-0.000439045395853522,-0.000379505259795022,-3.31118922533553e-05,0.000292959043122381,1.82906964748049e-05,1.05482280986726e-07,-3.10819619529089e-05,-9.9670311907844e-06,0.000269742030598436,1.96863594791846e-05,-1.28230567632335e-05,-1.68113283616494e-05,-0.000564175166849469,-2.96570263959652e-05,0.0491125122877296,-9.29621900210676e-06,-0.000192417739606315,0.184557685448626,1.3153333230004e-05,2.41718302616369e-05,0.00138573425763804,5.63142494571107e-06,-7.82442660092999e-07,1.93532051466307e-05,5.62004326582639e-06,-2.79177661173908e-06,1.4293483585909e-06,-4.15169899909419e-05,-6.83830240658969e-07,-3.36726130059345e-05,-5.85541992831916e-07,8.61182930546706e-07,1.47597982038366e-07,-1.11489432172978e-08,-1.436834851303e-06,-3.62483112902446e-08,-6.27919875160221e-08,-2.5067635739917e-09,-7.04414495155264e-08,-0.000767517067307947,1.05187159912512e-06,-7.27752275830853e-07,5.12564470009381e-07,-1.33184479958457e-07,-6.10803344648349e-10,-2.04318721230953e-08,-8.71887635941595e-09,-4.91766114322029e-05,1.47222747594514e-05,6.63902317432247e-05,-1.1733467505035e-06,-2.20885201387672e-06,4.39217526086333e-06,3.91285496391688e-06,5.79904127487938e-10,5.75868072762975e-08,-4.79572425391912e-06,-7.41137331918714e-06,-1.20110512478196e-07,5.45788693548174e-06,0.000284962496900044,2.29437396402684e-06,8.11011029593063e-06,-6.98241871215345e-08,-3.0404240373639e-07,-1.83980881098085e-05,-1.94093709024522e-06,1.18794472387832e-05,1.40413673899598e-06,-7.55859142538304e-05,-1.60066184015085e-08,-0.00030798585568977,-1.93112134796862e-06,-4.10173205771403e-06,-4.24401917548702e-05,-2.32095621172977e-08,-3.19659987666771e-07,9.04241923573007e-08,5.74264766209812e-08,-6.21974369241576e-06,-6.49874991494677e-06,-2.9685111081914e-06,3.50543611389824e-06,7.71323236118271e-07,3.2719943756552e-06,-9.79164547780104e-06,-5.60241446690645e-07,-5.31082847757449e-05,-3.0895194925085e-07,-3.03067153593479e-05,-0.00213803059951003,5.67011561237362e-07,1.75561428785669e-07,0.000709266767757054,1.57956008416947e-06,-5.10210860904238e-07,-2.24830710835288e-08,-1.00190322545995e-05,2.30483573019992e-17,-9.52394694938936e-08,1.3616508674737e-06,-2.77974859685209e-07,-7.14553572813886e-07,-9.6053632103507e-06,1.32819668307401e-07,-1.87101563178481e-06,8.31293504539143e-07,-6.80321411512249e-07,4.41513646567882e-08,-2.07474950120576e-07,8.34932120867809e-05,-5.43494828017393e-08,5.97333638448912e-06,-2.11988567236463e-05,2.14795306841982e-08,-1.40838562340262e-09,6.71562274251976e-08,-6.35075754940183e-08,9.99976643614995e-07,1.09169395614262e-05,-2.0826418717504e-06,9.6114809411499e-07,-7.5630481659599e-06,2.06606348283428e-05,-1.26314131030081e-06,5.73024292134494e-06,-1.9488369614974e-06,4.56346145697894e-08,0.000528820126302103,5.04203814978197e-06,9.64248806684679e-07,8.78259562644396e-09,-1.41728475586895e-06,3.20691638330559e-07,-4.65109154240337e-07,7.39553767031368e-07,-1.43507922018954e-06,1.12428827201085e-06,-8.26940160586816e-08,1.60496900749714e-05,-6.99736802076189e-08,1.15280521291551e-05,-3.43135179742984e-17,-2.85675722999636e-05,-1.18927050768113e-06,-3.05320799533039e-11,-2.70260678032372e-07,4.01966554297525e-07,-2.50536266368162e-07,-7.1339625845631e-08,8.66105810537647e-09,-3.87866133338846e-07,1.46759551380543e-05,2.35548764266304e-06,-4.5318089190131e-08,2.42448645601497e-05,-3.56251777807039e-05,2.35547763262453e-06,-2.24730049392295e-05,8.95915893546224e-07,0.000136164065953488,2.42231356423508e-08,0.0255657176770409,7.59878728713335e-07,-1.18739420780754e-09,-3.87155522817738e-07,1.24489265452058e-07,-5.24286610032061e-07,6.9423179837337e-07,2.72489731445002e-06,3.35448838490433e-07,-1.09290664401382e-07,-7.677196798716e-07,8.36225213109971e-08,-4.13541472977151e-07,5.17326096921819e-07,0.000457223163144942,-9.33081075976211e-06,1.06709884577689e-16,3.77728554021607e-08,4.87134486688539e-07,-4.75794058505362e-08,1.14237573920567e-05,2.9588740573551e-08,3.02166120402468e-06,7.16139057689083e-06,-2.25922709077903e-06,1.02232629097414e-05,-1.99823335075442e-16,-4.06857964095405e-05,-7.93979104061387e-09,-1.57380830835389e-06,1.57057333243552e-07,4.11778680969527e-06,-1.75948241848163e-06,-0.0270234141294447,-0.0020025125333338,2.97620945151562e-07,-4.21896535525897e-05,-8.89280255335054e-09,-1.4642567423404e-06,-2.3921876518921e-09,-4.40674427558494e-10,-2.82549199084902e-06,4.02557066269526e-08,-3.7469442958708e-06,4.75974766794063e-16,-3.30856634918427e-07,2.74878416041272e-08,7.92635760013102e-10,1.05299415429761e-08,-0.000306923827804697,-2.51741903150492e-05,2.73133662658507e-07,-1.00122294639368e-06,-5.7443303364102e-07,1.98155779839974e-16,-4.51415950225678e-06,-3.75044363832159e-08,-5.85001589655592e-06,5.32960704864643e-16,2.6833146268163e-06,3.43906828049161e-07,-5.27582891662593e-08,-9.33359569172788e-06,-3.12754479078394e-06,-1.67663845418039e-06,-1.27352013494249e-06,1.71040030823856e-06,2.89043509491162e-07,1.61630996780157e-08,1.46862758964601e-05,1.13858739004185e-07,-1.52083891885758e-16,-4.78214686089855e-08,1.78488986082299e-06,7.89571160027659e-07,-0.00046491691178177,1.09729150784008e-16,-1.01652565489803e-07,1.96766806807554e-08,-0.000212811808196898,-3.2111011886853e-08,-5.13066870943773e-06,1.18021225969295e-07,-1.61339010445024e-06,9.40783102382448e-06,-5.02929497181441e-16,3.75343099813295e-05,-1.80557272316687e-07,5.49443786902639e-07,0.000214590033278693,6.2735152084477e-08,-2.81731721712837e-08,-3.40005801291454e-16,-2.29389648985505e-16,-3.64193695064063e-08,-1.03198519922e-07,1.36875791679608e-08,-6.78588821236606e-06,5.28106861175969e-15,-3.49638110028775e-06,-4.29426139734693e-08,4.53899530908542e-16,-3.01389803927617e-16,2.93264441831262e-16,1.04939881956742e-05,6.75386849705577e-07,-7.99446285266215e-07,2.61927572519213e-05,3.75454644164842e-06,7.63605099781361e-07,-3.35243381767411e-07,6.78174883279017e-17,-9.420507269065e-08,2.96477463213711e-07,-7.0633734136059e-16,-1.02079694111474e-15,-3.90851538321297e-07,-1.3878407127511e-08,-7.92894251133903e-07,0.146114389546586,-3.84998398174351e-07,5.7297473723244e-06,-2.22608389577555e-17,3.8687402768472e-06,1.27210358611067e-15,3.64756406414078e-05,-5.45678953411954e-15,1.63121781849303e-07,-3.39196253878289e-16,-5.27336104074446e-07,-1.32967968858561e-07,-1.59889076478936e-06,-4.66515310350824e-06,-1.99251170035986e-07,1.9935335096393e-08,-1.1306620436473e-07,-3.20479020664498e-08,-6.96355668176451e-06,-5.00085469788526e-07,-2.58992057860625e-08,6.28006251998995e-08,4.41964172589221e-06,3.27296404028935e-07,2.32635019201932e-08,2.86132322244876e-16,-1.90748325218684e-07,2.90470239604635e-08,-1.07068314959248e-08,-2.23972390687894e-16,-7.86702612587765e-08,-4.46016336627171e-07,-1.34248764722419e-07,-4.56486253925795e-17,3.15142189284846e-08,6.80746892714389e-07,9.03965135167333e-16,1.83053501457928e-08,-2.76783153046487e-08,-2.69583158810509e-17,3.39880806881622e-16,8.6631333057351e-10,2.10583452726776e-07,1.11942206345029e-09,1.4293842391217e-06,-7.5589469317621e-08,-1.95830479151382e-09,-8.48677440278419e-08,-1.28836121747185e-08,2.54405056468164e-07,-1.27990066461914e-15,-4.32785346589755e-11,-1.35882406105757e-09,-3.62411283000856e-09,-3.42062686225484e-07,4.21950784685347e-17,-1.35635042245118e-17,-0.000117817243624566,-7.63024796800085e-17,2.4405509913345e-16,-2.54285479417417e-09,2.79446413987431e-09,5.19603973005398e-10,4.42467728360627e-10,-3.60679911753847e-09,-8.85565795201571e-10,-5.96907892468765e-08,9.43929434595734e-17,6.63342693877345e-09,3.58847170896254e-10,1.70965221827526e-09,-4.2521720269357e-10,1.74092678947049e-09,4.32614274630425e-17,1.75429678387831e-16,1.54438667290917e-16,-4.60403768227438e-09,-2.69174622409886e-11,-1.62317900440408e-09,-2.33748367758383e-16,1.55546935995414e-12,-7.05188225198958e-16,-4.86227346340473e-16,-2.44137268822427e-08,6.21355874300844e-09,-6.60279123043672e-16,6.86447319884496e-08,1.0752567963701e-09,-5.80289184038222e-16,-3.19468124758398e-09,3.5379449111656e-16,-6.86991517149963e-08,-1.46839394528656e-16,-7.01680492815845e-08,-1.35226001375699e-08,-4.99736587415111e-10,-2.21311838190377e-08,-1.61629601811506e-07,2.19685035446207e-09,-8.88527834419581e-08,1.8866803822075e-16,-7.1489535000877e-08,4.162597179665e-09,-1.6643238409441e-16,5.71334831387924e-10,1.25295302603071e-08,-3.10618170513727e-09,-2.95584600363278e-15,-1.23336016089243e-08,-1.69962283651575e-08,1.51964644679933e-17,4.97783462434988e-07,3.87959233497536e-07,5.83666969594898e-10,1.0415410751081e-15,-2.08399420936866e-17,-1.30653370585466e-08,-2.00443561255684e-07,-1.65315036382569e-08,8.77907938939079e-09,-1.94782789839658e-07,-8.76172252186485e-16,4.16004986296391e-16,-7.45123741824488e-07,-6.93655158057221e-06,-2.67329177355339e-16,-1.96140731176578e-06,-5.03003971886344e-16,-2.40989791239859e-08,3.90534613028874e-05,2.64423394134528e-07,1.81801606746699e-06,-3.73087712614239e-16,-5.06211617995971e-16,1.56400735962961e-15,4.58574485947799e-16,4.30054337649957e-09,1.52976803436889e-08,4.95913321505765e-16,9.29367825087618e-17,-1.24893115581758e-15,-2.36331215727978e-08,-2.21352893972459e-10,1.3692104544744e-08,-2.11901473618822e-16,-3.62649363663814e-15,1.30891933576571e-14,9.24982347598329e-07,-2.88152100587889e-08,6.65624683340158e-16,-6.28709154700997e-09,1.81334440702558e-07,-1.3524212934531e-15,6.83250694911561e-15,7.3852406487946e-06,1.70471967472757e-09,4.50270377471587e-06,-1.02159753109295e-14,-1.64291642139407e-07,-3.52028932928185e-06,-6.71160950800176e-06,0.852089949805779,-5.78352883377498e-06,3.33218905389796e-08,2.23126571295616e-14,6.30519177542221e-15,1.15618810566456e-14,1.47298940445702e-07,-1.31954086975025e-07,-2.07345963140557e-06,-2.61317796934369e-08,-5.65211665440866e-15,1.09337767365204e-15,-9.84528507950613e-16,-1.04320276907346e-15,-8.75040522904968e-16,9.92812871055961e-08,1.52129504050582e-15,-1.82747891099783e-16,-6.77460720374474e-07,6.09875078855402e-16,-6.04269190954484e-07,-2.65652809652652e-16,-7.44677979052262e-07,3.58092375912256e-15,-8.11651727738458e-07,-9.9318317587068e-08,-1.93836680638338e-07,-6.49541289319976e-16,2.97118760411791e-06,-5.61791408552716e-16,9.57428458116267e-07,-1.40198669205338e-07,7.7332520288461e-10,-1.45743896010893e-15,4.13456872766279e-06,-1.93787598048126e-16,-2.85069360273138e-07,-1.45230378688361e-07,2.86295280125639e-17,-6.39284433475567e-17,5.88968177473325e-18,-1.70873745853241e-16,-1.80960792593748e-06,-2.75419034964255e-07,-6.09296641642636e-08,-1.54784759942549e-16,6.06292793318347e-16,-1.36824571646897e-08,1.11416172670232e-07,-5.05112530579437e-16,3.48577020321052e-16,-2.1209830759844e-07,2.18322038529848e-16,-1.78257733538997e-06,1.3779477731806e-15,3.6375753678396e-07,-6.38817223649349e-16,-2.44993006948261e-16,-1.02477099120629e-16,1.61394417836635e-16,-4.74267951915455e-16,-1.78513243817177e-16,6.67774198317141e-09,-4.66755858009014e-08,-2.91675442595338e-16,-3.05421420906635e-08,1.27568761574717e-06,-4.32893280250877e-16,1.82829385951522e-16,1.12793916686578e-15,5.88977902986972e-16,5.01070519814794e-07,7.97041628673039e-08,4.40803358610585e-16,9.06911137904204e-18,-2.20506872221608e-07,-7.11720389892563e-08,-1.07482094065404e-09,-5.94125836295094e-16,2.23654837047734e-16,-2.37355916428335e-17,-1.07822113711872e-16,-1.05510269370001e-16,7.14255521929709e-16,1.81932623138375e-06,-1.43319920819092e-06,-3.28726445762654e-07,-1.69398530004915e-16,-3.33756517313919e-17,-1.07849344753964e-16,-7.35581238400069e-16,-7.94922218748657e-16,5.59462284741142e-16,9.48825822556271e-16,-6.66251269671304e-18,9.84806412396215e-17,1.97471115327757e-16,9.42749322264413e-16,5.71319654127938e-16,-2.27489639188291e-16,3.56128061221213e-16,3.81451899036407e-09,-4.99800304873693e-17,-1.72046607163181e-15,1.93342987072687e-16,5.36835141077096e-08,-2.90479447184666e-08,5.34822423735028e-16,-1.38254608245052e-09,4.86214036075574e-08,1.65308888250683e-16,1.34931231656447e-15,-9.29838222830373e-08,-8.89430030138308e-16,1.17582301691789e-09,-3.65440883518185e-16,1.63597291192945e-16,9.10394474645525e-17,-1.25552608935436e-16,5.09618444870022e-08,-1.55582705726504e-07,8.74460254580987e-17,-3.38630893124241e-16,-1.1124703031053e-16,-5.00907161605179e-16,-6.11490025281825e-17,8.87750639993892e-17,4.89020450169505e-16,1.15354729518385e-16,1.79267420157957e-09,2.5509673595965e-16,-1.6989610656015e-16,1.38940241720986e-16,-5.51806462135064e-16,-9.39902650541947e-17,-8.98491623168189e-16,-3.86586823169747e-07,2.54841135999983e-16,1.40487326482133e-16,2.61134986334638e-08,2.28938392993715e-16,-7.40238822402151e-16,-7.21479440193319e-17,2.56189996699213e-16,2.14256679516939e-08,-5.00833034180186e-18,-7.07211324386314e-07,7.40583788808987e-16,2.46324392808869e-16,3.61367820648391e-16,7.11812607554624e-17,-1.72753665658577e-17,-6.40631550092256e-16,2.11577769040079e-06,7.69716095084497e-17,-5.16490320134374e-16,3.22528058971679e-09,-1.18890879785267e-05,-1.64098491063913e-16,5.411810776171e-07,3.22284874160295e-07,-4.22982880078802e-17,-2.5077091691487e-16,2.9472428077225e-16,2.76770802318087e-16,1.37331652140991e-16,-5.33142474402379e-07,2.812314417582e-16,-1.10904036861852e-16,-2.1626656460489e-16,2.1264669923445e-07,4.76833260707711e-17,-1.22494668695552e-16,1.9653178237018e-16,8.47752862123877e-17,-9.64183045248263e-08,3.73749011951644e-16,6.47036747023981e-10,-3.9507433626027e-17,3.24273827435703e-16,2.37786747224357e-16,-5.24981745163459e-18,4.00221790307857e-16,5.10958456744972e-17,-8.49849319120275e-17,-1.11457534194212e-08,3.62542557402615e-16,2.84847839787197e-16,4.67772304428486e-09,5.15538258921907e-17,-9.08045323439686e-17,-2.99281797027922e-16,1.60707805603666e-16,1.98147204871852e-16,1.09100738423554e-17,-3.37323887077026e-08,-7.09871104105641e-17,1.5634567994428e-16,1.00215874234609e-08,-6.78574472436814e-17,2.61446771464141e-16,-3.53884373916731e-16,8.1625860551415e-18,-3.04464512071906e-16,2.44814030038203e-16,1.65548268500892e-16,-4.87334264299761e-18,-7.66521788065697e-17,-3.67252945204355e-16,5.81768309760262e-17,-5.21543538926415e-09,1.7278552296924e-08,6.63242610981846e-17,5.40839528408007e-17,6.52746815619171e-18,-2.00807830514298e-16,5.44920011891215e-16,3.04091391399061e-16,-4.06576723170736e-17,1.27267379571277e-16,-1.63915241445612e-08,1.92997209962261e-18,-8.9127826419087e-17,9.89661303554682e-17,1.43498095578997e-16,1.90090707571298e-09,-5.55164460573677e-16,-3.00187313160021e-10,-4.77020398953589e-17,-2.85316330816563e-16,4.06362604841159e-18,9.29243275821313e-17,-1.37822124181436e-16,-5.23315373568817e-17,-3.08086807964961e-16,-2.98619228184924e-16,1.11872045705063e-16,-5.78020065165157e-17,2.00515452086224e-17,2.80994714369473e-17,-2.97867683721541e-16,2.35450263765369e-17,1.19876863342233e-18,2.83617818904306e-16,1.0408618789182e-16,-2.29022213617992e-18,-8.14323294575702e-17,4.23261364528048e-16,1.39645239816133e-16,9.66055124546969e-17,6.91981398807473e-17,1.5502608630913e-16,-1.0377803685436e-16,6.28754354289787e-09,3.93819006581672e-16,1.90457788968564e-16,1.64249357278697e-17,-6.17377109773127e-16,-1.2962815259628e-16,2.67016574491394e-18,-1.3914560386245e-16,-2.54622913267112e-15,7.16722376867336e-17,-1.88330927991142e-16,-5.40583203201273e-16,-1.89201670340474e-17,5.87566813301306e-17,1.06704857794159e-16,1.09166091161033e-16,3.99422336470699e-18,1.36802013783436e-16,-8.02263584475431e-08,1.44317073518637e-16,-4.96907936941223e-17,8.42941870581669e-18,-1.73943235256604e-16,-2.38617124360977e-18,-2.77986400329971e-17,2.43340043390569e-16,3.6776343434175e-16,2.46400937104927e-16,4.15612071978732e-09,6.04498815609342e-18,1.82862789213444e-16,1.12545482139927e-16,2.02532451488837e-16,-2.83419500548028e-16,2.74840800328528e-16,1.32891829829627e-16,3.30654019125846e-16,1.53828006801796e-16,-3.54131345931643e-17,2.87044086058424e-16,-3.8722193602788e-17,2.53070516396901e-16,8.44467617537389e-08,2.4673395063199e-17,-3.53492339545798e-17,7.18077221049942e-17,-4.66857455472258e-16,-5.69213738435474e-09,9.72650099809516e-17,2.28752975008108e-16,1.18295887542334e-17,9.77590107551142e-18,6.46439473520409e-17,8.91992469452211e-17,2.55820305857006e-16,-1.26947873269442e-17,-1.55590381508058e-16,-6.55564909274829e-17,1.10853230660289e-17,-6.94303693846167e-18,-8.71181562641701e-17,-4.81949600205564e-17,-7.48200687622255e-18,-1.65669568135313e-18,-1.70136765169552e-16
"t847",0.0322930828632677,-0.00784008538641761,-0.00842667267249438,0.000375938003330934,0.00185794480195657,0.00351387838724063,0.000782555527510971,6.95940318112553e-06,-0.0319584098602919,0.121141283555333,-0.0209170982971571,0.00255187477964394,-0.00494326224557294,-0.0010342040710539,-0.0271700515681301,0.000598282096573911,0.000376600163253142,-4.38398353362023e-05,-0.0190290479172209,0.00250630818322874,-2.03723722514717e-05,2.22465125229274e-05,-0.00277524742095485,-8.42157361678319e-06,-5.86309556285759e-06,0.000421484701827264,-0.00209227235162571,2.04899473056393e-05,-0.000301726733723835,0.000877284643328306,3.45382154762038e-06,0.00472177216594333,-0.000229502594979264,0.00569039084965424,-0.000504525496390459,0.000172488899115189,9.08826171075537e-06,-2.39075103704397e-05,-0.00140555642512197,-0.000513361976082713,-0.000564665801891319,0.0172823276714102,-0.00167648251691947,0.228033081099769,0.000620710928421219,-4.25736179657211e-05,7.23853567064445e-06,-0.000105421989415219,0.00587126742201143,-0.0100137288282435,7.87658085300143e-05,-7.46031509783576e-05,8.15770279130816e-06,-2.80861501814993e-05,0.000830612004007358,-0.00203259171616079,0.000897980705328497,-0.0098306504823978,0.128857071138569,1.68052810169923e-05,6.93053310068526e-06,-0.000261210493636125,0.000120571883085742,-8.46544730477023e-05,0.000207381424422377,-7.501558300005e-06,6.72277594962479e-06,-2.66675918382614e-05,3.97442553317727e-06,-5.3062546359688e-07,-4.75789113464564e-07,1.76223720395178e-06,-6.24414362938285e-06,-4.2184299162282e-06,1.78031768298904e-06,6.47843819701181e-07,-1.57000687981959e-05,2.35193131108926e-06,-0.000304450116065845,-9.64396189877662e-05,5.80219261692763e-06,0.000449712783653554,-0.000266795409744852,-2.16604428469396e-05,8.52662084203839e-05,6.45925371256999e-05,-1.5566262933737e-05,-0.000133621881533107,-6.6707170227638e-07,3.10397553090341e-05,-0.0207390320586701,2.78283739333501e-08,1.99960833255895e-05,-2.01120803758831e-05,-1.72353595946381e-05,-5.01457909377472e-06,-5.89285754285797e-07,3.09981778151504e-06,-3.43763435493673e-05,-0.000327822862500259,-1.79445102838771e-05,1.18159989641496e-07,-2.46618996736569e-05,2.32076524518323e-05,-1.14980528778795e-05,7.21368621153501e-07,-0.000188241083292742,2.36097865569942e-07,-0.000119973682460934,8.69247750048363e-08,2.86629700205557e-06,5.34146193406908e-06,-1.64353352724281e-06,1.41286293955962e-06,-4.4814036618146e-05,1.34868173561363e-06,-6.29412237154132e-05,4.88769149776971e-05,-9.15956608517045e-06,7.57244444788355e-07,5.46777062243356e-07,-1.17299042792612e-05,0.000235824618203135,0.000421993593591458,-2.16976665452163e-06,0.000123648856166258,-1.43622496970568e-05,0.374657842282261,0.000199248568543204,0.00688039811283678,4.82603705993872e-05,-0.000132507276867948,9.95785862211333e-06,0.000167971226991389,-2.48007790445487e-07,0.00016197224741659,-0.000150191579848947,-1.46898684268741e-05,0.000554974935654669,-0.000464739683897985,-0.000401811560359853,-3.50624136766243e-05,0.000310277501464396,1.93734210542989e-05,1.11726456557993e-07,-3.29396759034812e-05,-1.05741187648667e-05,0.000286485724397912,2.09140701524166e-05,-1.36309701030138e-05,-1.78713801291463e-05,-0.000599887826867007,-3.15386108733572e-05,0.0522365046406005,-9.90156445263313e-06,-0.000204993988505801,0.196651825830019,1.40666556160918e-05,2.58733314092848e-05,0.00148348218469837,6.03323078534813e-06,-8.38400885208941e-07,2.07575207548798e-05,6.0285621844343e-06,-2.99756578142944e-06,1.53612556704864e-06,-4.47382029819273e-05,-7.36956989251336e-07,-3.62895205845845e-05,-6.31279692150649e-07,9.28850625262216e-07,1.59205399352475e-07,-1.20359686687106e-08,-1.55156673448339e-06,-3.91654189221449e-08,-6.78548754656093e-08,-2.70908043200177e-09,-7.62294912523341e-08,-0.000831744855272451,1.14016998957281e-06,-7.89024372675187e-07,5.56097802373767e-07,-1.44534128185117e-07,-6.63025146545085e-10,-2.2184123566486e-08,-9.47434650862467e-09,-5.34484853280112e-05,1.60292858845053e-05,7.22884198497222e-05,-1.27834140352148e-06,-2.41042530856581e-06,4.7994954020366e-06,4.27773098420928e-06,6.34424319288412e-10,6.30338352969924e-08,-5.25753764049688e-06,-8.12781978120015e-06,-1.3181606064796e-07,5.99195000705217e-06,0.000313718442914807,2.52623413355068e-06,8.94026040551457e-06,-7.70612034027744e-08,-3.3649940122961e-07,-2.03623767838333e-05,-2.14872149170004e-06,1.31616547833152e-05,1.55655306762707e-06,-8.3913997009624e-05,-1.78027258250306e-08,-0.000343050219673953,-2.15196125233733e-06,-4.58023255288849e-06,-4.7445637128698e-05,-2.59477114103271e-08,-3.57692337918612e-07,1.01413695980988e-07,6.44339767383733e-08,-6.99513314794036e-06,-7.3208633998702e-06,-3.34593072293648e-06,3.96037626093543e-06,8.71913516798208e-07,3.70097111559101e-06,-1.1096159470492e-05,-6.35121794442334e-07,-6.02121967795074e-05,-3.51000615306252e-07,-3.44747415236669e-05,-0.00243547916747795,6.46307353867864e-07,2.00245729283582e-07,0.000809492845531714,1.80308365993209e-06,-5.83359387197204e-07,-2.57326216772783e-08,-1.14798010085903e-05,4.26845636162438e-17,-1.09299131906452e-07,1.56316204506703e-06,-3.19818796492824e-07,-8.23524635380806e-07,-1.10858848860728e-05,1.533048615499e-07,-2.16530037156736e-06,9.62473262492633e-07,-7.87839329323731e-07,5.11793640178829e-08,-2.40661070134024e-07,9.69663684429279e-05,-6.31539918957419e-08,6.9425590743697e-06,-2.46687960021994e-05,2.51252206500191e-08,-1.6504812713476e-09,7.88221265443934e-08,-7.4792769818285e-08,1.17795644065256e-06,1.28907304499505e-05,-2.46249494686156e-06,1.13864417010662e-06,-8.96527888883779e-06,2.45071710871892e-05,-1.49966487639394e-06,6.81237811835678e-06,-2.3172234761522e-06,5.44476282093778e-08,0.000630996464684931,6.01677373871949e-06,1.15173952418273e-06,1.04939749445217e-08,-1.69534848119353e-06,3.83689415708919e-07,-5.60276044718586e-07,8.91550463181605e-07,-1.73106506992743e-06,1.35805356707797e-06,-9.99991810908771e-08,1.94574325750837e-05,-8.48934086671207e-08,1.39942345892934e-05,3.21188417322436e-17,-3.47490515938903e-05,-1.44699173306169e-06,-3.71808684833555e-11,-3.2979481168189e-07,4.91389975389385e-07,-3.06532424407595e-07,-8.73212114128848e-08,1.06595924163095e-08,-4.77536275261431e-07,1.80706066349155e-05,2.90506307932141e-06,-5.61534874413958e-08,3.00662528084377e-05,-4.42041957965671e-05,2.92821542341916e-06,-2.81415941557645e-05,1.12539031961174e-06,0.000171071428065147,3.04346893396308e-08,0.0323737195374019,9.71205048340125e-07,-1.5194443060397e-09,-4.96300473054535e-07,1.59930329981605e-07,-6.73996349946546e-07,8.97507697272169e-07,3.52427439191002e-06,4.34197607199285e-07,-1.41539696183797e-07,-9.96023895078447e-07,1.0870490835264e-07,-5.38572576385906e-07,6.7427949268586e-07,0.000596760684526493,-1.22143705062953e-05,5.75689310026047e-17,5.03695674594162e-08,6.50821405319346e-07,-6.3748997774951e-08,1.5307356299173e-05,3.96512286516705e-08,4.05211476440846e-06,9.61637772887487e-06,-3.03853480312008e-06,1.37944341570032e-05,5.20549437882712e-16,-5.53141498321942e-05,-1.0804738886776e-08,-2.14606339716479e-06,2.14217453318058e-07,5.64509849624489e-06,-2.41893731694233e-06,-0.0373023101524328,-0.00277197161014951,4.14514040475855e-07,-5.90969597141663e-05,-1.25026298301785e-08,-2.0629542481586e-06,-3.37469941986805e-09,-6.23118998402655e-10,-3.99631259655001e-06,5.70315341500719e-08,-5.31529897635863e-06,1.55681354288856e-16,-4.73967221942144e-07,3.94589063354217e-08,1.13785464391e-09,1.52058060131978e-08,-0.000443614411974927,-3.67946701120956e-05,4.00507620413516e-07,-1.46907921653359e-06,-8.44916120558804e-07,-6.63236293685321e-16,-6.65836939013748e-06,-5.53769189223972e-08,-8.67189641317493e-06,7.23859525742193e-16,3.99482749045763e-06,5.12519995287548e-07,-7.86667229446338e-08,-1.39324059042576e-05,-4.67716563752697e-06,-2.51086444740012e-06,-1.90925559613847e-06,2.57257692137431e-06,4.34912628433695e-07,2.43748346109913e-08,2.22362640406297e-05,1.72427054795551e-07,-1.01779689780087e-17,-7.29968803318496e-08,2.7283334225845e-06,1.21064239374816e-06,-0.000716222390710578,2.89754639391911e-16,-1.58225226147282e-07,3.09930609887314e-08,-0.00033702978788755,-5.09841604789712e-08,-8.17131442769441e-06,1.89051350614576e-07,-2.60903229988328e-06,1.55864548249896e-05,8.5394918427136e-16,6.35885152279403e-05,-3.06498634428554e-07,9.36589221786136e-07,0.000367935939292296,1.07614161472694e-07,-4.84079173354002e-08,-4.68375338513738e-16,3.0949736199688e-16,-6.31850209229098e-08,-1.80580143987959e-07,2.39767184075417e-08,-1.19799823511314e-05,9.43717238458977e-15,-6.28133318933532e-06,-7.77618575497811e-08,-4.1615543800109e-16,2.12112509989187e-16,5.37210396426881e-16,1.9495294054833e-05,1.2589112577652e-06,-1.50770035747286e-06,4.98998584251803e-05,7.16135494150829e-06,1.47260835704099e-06,-6.47345243690173e-07,2.23536839288454e-16,-1.86141540334189e-07,5.90715221493288e-07,-1.35346745694337e-15,-2.24961597654588e-15,-8.05546704377385e-07,-2.88463436263852e-08,-1.66712921669681e-06,0.309638951554244,-8.28473945953509e-07,1.23608015670962e-05,7.50093957000544e-17,8.37490708504946e-06,2.24938996580062e-15,7.97587109296311e-05,-1.19474742599213e-14,3.59375735933565e-07,-9.25419040595017e-16,-1.17308961308295e-06,-2.96380322609561e-07,-3.66058561652473e-06,-1.07434187591736e-05,-4.5998930625012e-07,4.65240257818727e-08,-2.66403821775283e-07,-7.7251414493903e-08,-1.67890999331765e-05,-1.21439118942353e-06,-6.37390183468471e-08,1.57416845825629e-07,1.12553777959551e-05,8.44224515543955e-07,6.03894572298881e-08,-6.14060887217715e-17,-5.05246973409899e-07,7.84955515871123e-08,-3.07343242194934e-08,-2.94573069335479e-16,-2.30060843053767e-07,-1.34279120826132e-06,-4.09383857301531e-07,-2.50381174579269e-16,9.67458197778546e-08,2.14750785769701e-06,4.07205843141364e-16,5.85504362392127e-08,-9.68396084068908e-08,-3.88609372094719e-17,6.92044130311159e-16,3.15028952923935e-09,7.68513668216167e-07,4.15526774520953e-09,5.41572344795703e-06,-3.00693209458797e-07,-7.82423303577921e-09,-3.41201406851458e-07,-5.56459781283067e-08,1.17177763555811e-06,2.02886752537212e-15,-2.04562676691013e-10,-6.4518772834536e-09,-1.74879602387158e-08,-1.68379561662986e-06,-4.65136513467146e-16,-1.27481781835405e-16,-0.000596521972973755,-2.02621942328998e-16,-4.71716370058854e-17,-1.58221289695402e-08,1.81325057315307e-08,3.37461766868043e-09,3.17701450480223e-09,-2.62787594080952e-08,-6.47256341723208e-09,-4.45407553015456e-07,4.52285686935715e-17,6.42144916454257e-08,3.71772627547555e-09,1.81362023077606e-08,-5.12970182333512e-09,2.83037869538469e-08,7.03496204638581e-17,-1.8296424652548e-16,5.09423734099656e-16,-1.57764212746961e-07,-1.84342763970137e-09,-1.20439382947709e-07,2.98762442009427e-16,-1.56330996929712e-09,4.9820170561756e-16,1.90431120190701e-16,3.51812525776935e-07,-8.83791027066804e-08,5.73542949244832e-16,-7.76310085232853e-07,-1.08349742101073e-08,5.00518063896032e-17,2.61852738588074e-08,-2.20678734515916e-16,4.56081177385116e-07,-7.49789458499041e-17,4.57809610732187e-07,8.70614819113599e-08,3.1698939791715e-09,1.37538046871287e-07,9.60333482407817e-07,-1.11558541747371e-08,3.71427250930317e-07,8.25649650391257e-17,2.41424364646745e-07,-1.37610893309186e-08,7.08856833954013e-17,-1.83665228560772e-09,-3.83170674160942e-08,9.09099269078688e-09,1.56683188866404e-15,3.12850251406352e-08,4.19528787297615e-08,-9.72653311789559e-17,-1.18556578020655e-06,-9.08028583240834e-07,-1.28178801928111e-09,-5.3275225448776e-16,-1.5585537065634e-16,2.48196593066495e-08,3.5868094360112e-07,2.92254983753796e-08,-1.20905182070239e-08,2.57863423477378e-07,-7.33035095320828e-17,-7.88604360004645e-17,9.60035092050783e-07,8.90661314831921e-06,-3.07209969782522e-16,2.40638391878373e-06,1.13601886226914e-16,2.82996324058848e-08,-4.31986405732754e-05,-2.91251926869123e-07,-1.96939633296869e-06,5.07386856188577e-17,4.78450637488616e-17,-5.80924070638231e-16,-7.34095080205585e-17,-4.01120390050893e-09,-1.40941271224802e-08,-3.08736662502275e-16,-2.1129901655405e-16,6.35728569231992e-16,2.08257276643952e-08,1.91329677154568e-10,-1.12277544449257e-08,1.67218571930661e-16,1.4209553672595e-15,-6.46038127508075e-15,-6.32572028808511e-07,1.95812930705957e-08,-3.45243791179337e-16,3.9734410285004e-09,-1.11259645081619e-07,6.02881936491244e-16,-3.10423622079675e-15,-4.22182300410794e-06,-9.68945161656241e-10,-2.45324648219743e-06,4.25364133886358e-15,8.3292143648511e-08,1.7139475271161e-06,3.08545989161166e-06,-0.361423201526071,2.39961818137595e-06,-1.32582512522394e-08,-9.47945093701164e-15,-2.57848266283603e-15,-5.14113989852399e-15,-4.5382470817845e-08,4.04846897666658e-08,6.14142531795736e-07,6.40299309428403e-09,2.44469385481469e-15,-8.65866398509647e-16,3.56299879840098e-16,7.04601394861712e-16,5.83355853473038e-16,-1.94093752263278e-08,-5.50940722000746e-16,1.91604723694914e-16,1.1999354114598e-07,-4.53040652527317e-16,1.06446473660866e-07,1.38465858832839e-16,1.29972991474883e-07,-1.9789165406978e-15,1.16899046483096e-07,1.36052085300575e-08,2.4497773216327e-08,2.3168422470178e-16,-3.37490024156105e-07,3.21737083030135e-16,-8.28098711291951e-08,7.43503111634034e-09,-3.99208491792045e-11,9.3600750741964e-16,-1.59880343902374e-07,-5.48702435430191e-18,5.35448542674422e-09,2.5889035434446e-09,-8.51081318486096e-17,3.35467321908659e-17,-1.29648158274817e-16,6.3521065824439e-17,3.59334833099179e-09,-5.84754870147276e-10,-4.17695772489785e-10,-2.39203673795646e-17,-3.46766814968709e-16,-3.95655345499887e-10,3.32862127010863e-09,5.00495395325927e-16,-2.86507220891042e-16,-1.18852762380097e-08,-2.47857222038623e-16,-1.09532173092733e-07,-1.26832112352266e-15,2.79293079350814e-08,2.3739878082383e-16,-2.36240983052707e-17,-2.76648294650817e-17,-3.58637533220033e-16,2.02292978727886e-16,2.71189354917534e-16,7.1094529325228e-10,-4.9868680331505e-09,1.1046455964997e-16,-3.56615871078192e-09,1.54163983695732e-07,4.74303790300067e-16,2.33470752365997e-17,5.24210987118961e-17,1.57357110751425e-16,6.91696030031702e-08,1.13149950708445e-08,-3.46583231638319e-16,1.15684457007539e-16,-3.22575243671068e-08,-1.04514719814979e-08,-1.598608225469e-10,3.66789434026012e-16,-7.82458711355882e-17,-5.71230103213129e-17,-2.11032426926917e-16,-1.29106102531067e-16,-1.32339696058496e-16,3.2432636923072e-07,-2.59308987799835e-07,-6.03405354966916e-08,9.0737030673085e-18,1.5206344595961e-16,-1.18137495316724e-16,5.99029485434186e-17,4.59678416644856e-16,-7.07689277431999e-16,-8.56418358234624e-16,6.48056269426579e-17,-2.92092901234219e-17,1.05643659752939e-16,-1.17021853596755e-16,-5.89934995464377e-16,4.03317376147311e-16,-7.43029938877889e-17,8.60371977589988e-10,1.02134382680367e-16,7.57095308326732e-16,-2.0072776670849e-16,1.23911123601839e-08,-6.73979854816829e-09,-2.07572006143636e-16,-3.21814153448417e-10,1.16261952307504e-08,-2.54734749583786e-16,3.97502931883741e-16,-2.29562939146658e-08,6.63053786284439e-16,3.0123986651388e-10,3.2701071364714e-16,1.05067597635408e-16,1.2949841533039e-16,2.02677687082074e-16,1.37816907316003e-08,-4.22218557479523e-08,-9.22076218513537e-16,2.77077286354724e-16,1.36885922973359e-17,-2.25704171119916e-16,5.75819773807051e-16,-3.08283821130718e-17,-4.82457122251667e-16,2.98636162617896e-16,5.68925245159758e-10,-6.06316754157083e-16,9.41649311028972e-17,-1.65848448166297e-16,4.92277727090903e-17,6.82025140727818e-17,5.80184773378574e-16,-1.26249943488262e-07,-4.26452371779732e-17,1.60163021409259e-16,8.57170806363642e-09,-3.24310006555819e-16,-4.88958669814832e-16,-2.59330319649019e-16,1.43144278601018e-16,7.44180253437506e-09,7.4331916241322e-17,-2.4798129533402e-07,-7.99408684783756e-16,-5.81295505459143e-16,-1.61196220268642e-16,7.89972572762514e-17,-4.66835350547021e-17,-1.7766677959738e-16,7.5600637709706e-07,-6.73058085120351e-16,-2.77955254063331e-16,1.16869736538136e-09,-4.31107412230331e-06,6.17491377731111e-17,1.98552132264616e-07,1.18671240451137e-07,1.88663698734881e-16,2.32549383494982e-16,3.09858731301664e-16,2.88490549522954e-17,-6.95160647436637e-16,-2.06513311115735e-07,6.67755157255663e-17,9.14782335081433e-17,1.31278182302494e-17,8.33814338514957e-08,-4.16638844428012e-16,2.70410927039577e-16,8.14208546458836e-16,-3.42006879384855e-17,-3.84043676912625e-08,-6.42237587720861e-16,2.58944707228079e-10,-1.58093283147913e-16,-2.88178599165209e-15,-1.70801868951445e-16,2.32530486529568e-16,-8.6757308133948e-17,1.3950401107067e-16,1.16107619005683e-16,-4.57018506971385e-09,-4.5452857372408e-17,-4.87713107418784e-16,1.92925474828142e-09,-2.32041277824594e-16,-8.91457329769177e-17,9.98822916215211e-16,3.57057942136347e-16,-1.18485492626718e-16,-1.72941719434466e-16,-1.41626147299534e-08,-4.30172028982175e-16,8.88925782888308e-16,4.24035024601414e-09,2.99507252923115e-17,7.69855694979932e-16,5.5521063404808e-16,1.07885161047537e-16,2.62099436212853e-16,-6.37751244512125e-16,2.93950765383792e-16,-3.40374309700788e-16,1.6919064381142e-16,-4.60357212685053e-17,-2.87776544026568e-16,-2.2682767598398e-09,7.53871001963045e-09,3.04742668518563e-16,3.10535059647849e-16,-1.7156223311848e-16,-7.47938345032944e-17,1.39211558947139e-15,-7.47684423703111e-18,-9.36005293761301e-16,-1.90326862675272e-16,-7.26891430992243e-09,1.28704694840688e-16,1.1020054744e-17,2.11492733981144e-16,-1.90404443894895e-15,8.54282736665035e-10,1.72937410489845e-15,-1.36882526492532e-10,-1.95751041517868e-16,-8.17398352307074e-16,-1.54564553513009e-15,-2.55700212218228e-16,3.16409108918291e-16,2.93137154763164e-15,-1.66329118969439e-16,1.11011740232501e-15,-1.03227481166694e-15,1.18473525963268e-15,-1.30430884185662e-16,4.23006136995173e-17,-2.48789130945496e-16,9.82426203038557e-16,7.79672949693327e-16,-8.22562193152587e-16,-3.61815462251215e-16,-1.07494026504386e-15,-1.29190538736083e-15,2.67139516049184e-15,1.10111572637628e-15,1.43999501700374e-15,6.36272298920831e-16,-3.24002866491749e-16,-1.84769422368135e-15,3.01212353539794e-09,4.70691385857025e-15,-2.42388945071764e-15,6.53525870904722e-17,3.8396688957502e-15,3.65008645943119e-15,-1.33541810022305e-15,-1.92378572192292e-15,-0.707106781186546,3.46600896836195e-14,-2.25564697874478e-14,-2.03428853623455e-15,8.44571247110342e-15,-4.15187579212776e-16,3.4244475932705e-15,3.11208870503077e-15,4.85754218750934e-15,4.2147431422932e-15,-3.96057871434276e-08,-2.32254846618541e-15,-2.91728927469674e-15,4.29484852595242e-17,-2.57264506416182e-16,2.79520289492493e-16,-2.11559999536579e-16,9.63658209688591e-16,-1.73017225059835e-16,8.59765795948204e-16,2.11125178659236e-09,1.09395747920849e-15,4.23383927452856e-16,9.94504204699543e-17,4.75934795900963e-16,-4.93634216546378e-16,5.95749430510833e-16,-6.72522569562187e-16,4.12234588054388e-16,7.06677427761535e-16,3.10959008845889e-16,-5.98653889885568e-17,8.39125920517822e-17,1.76313440015034e-16,4.40504270397154e-08,4.32210461836996e-16,1.81170124787375e-17,-1.12489106381588e-15,-1.9819215713035e-16,-3.0040867165539e-09,-3.12049789908731e-17,1.74389392201384e-16,1.72353557035851e-16,1.3612561703464e-16,2.85321695555073e-16,2.44405856676392e-16,2.67872886308569e-17,-1.90013807575238e-17,-1.02295859076236e-16,6.41799996986833e-17,8.55529467528453e-17,3.1854172636427e-17,-6.24836966615232e-18,2.68123498072717e-17,3.02353331843255e-17,-5.00535101282948e-17,-2.33244597857532e-16
"t848",0.0322930828632677,-0.00784008538641762,-0.00842667267249438,0.000375938003330931,0.00185794480195657,0.00351387838724062,0.000782555527510973,6.95940318112515e-06,-0.0319584098602919,0.121141283555333,-0.0209170982971571,0.00255187477964395,-0.00494326224557293,-0.00103420407105389,-0.0271700515681301,0.000598282096573909,0.000376600163253125,-4.38398353362012e-05,-0.0190290479172209,0.00250630818322875,-2.03723722514706e-05,2.22465125229274e-05,-0.00277524742095485,-8.42157361677712e-06,-5.86309556285846e-06,0.000421484701827258,-0.00209227235162571,2.04899473056491e-05,-0.00030172673372384,0.0008772846433283,3.45382154762302e-06,0.00472177216594332,-0.000229502594979249,0.00569039084965423,-0.000504525496390472,0.000172488899115185,9.08826171075298e-06,-2.39075103704524e-05,-0.00140555642512199,-0.000513361976082713,-0.000564665801891302,0.0172823276714102,-0.00167648251691947,0.228033081099769,0.000620710928421222,-4.25736179657222e-05,7.23853567069175e-06,-0.000105421989415207,0.00587126742201141,-0.0100137288282435,7.87658085300193e-05,-7.46031509783129e-05,8.15770279130989e-06,-2.80861501815079e-05,0.000830612004007395,-0.00203259171616076,0.000897980705328376,-0.00983065048239777,0.128857071138569,1.68052810169878e-05,6.93053310068242e-06,-0.000261210493636104,0.000120571883085686,-8.46544730477711e-05,0.000207381424422398,-7.50155829999552e-06,6.72277594962581e-06,-2.66675918382835e-05,3.97442553320143e-06,-5.30625463535375e-07,-4.75789113412878e-07,1.76223720391275e-06,-6.24414362936974e-06,-4.21842991621961e-06,1.78031768298011e-06,6.47843819696455e-07,-1.57000687981855e-05,2.35193131106009e-06,-0.000304450116065832,-9.64396189877849e-05,5.80219261694115e-06,0.000449712783653576,-0.000266795409744843,-2.16604428469027e-05,8.52662084203696e-05,6.45925371256953e-05,-1.55662629337422e-05,-0.000133621881533113,-6.67071702249272e-07,3.10397553090263e-05,-0.02073903205867,2.78283739160029e-08,1.99960833255761e-05,-2.01120803758817e-05,-1.72353595946328e-05,-5.01457909381917e-06,-5.89285754266077e-07,3.09981778143533e-06,-3.43763435493611e-05,-0.000327822862500236,-1.79445102838765e-05,1.181599896494e-07,-2.46618996736632e-05,2.32076524517848e-05,-1.14980528778601e-05,7.21368621115592e-07,-0.000188241083292709,2.36097865585956e-07,-0.000119973682460911,8.69247750165457e-08,2.8662970020511e-06,5.34146193391846e-06,-1.64353352730528e-06,1.41286293957011e-06,-4.48140366182392e-05,1.34868173565136e-06,-6.29412237153633e-05,4.88769149777263e-05,-9.15956608511221e-06,7.5724444485427e-07,5.46777062231074e-07,-1.17299042793493e-05,0.000235824618203083,0.000421993593591373,-2.16976665455947e-06,0.000123648856166202,-1.43622496970594e-05,0.37465784228226,0.000199248568543222,0.00688039811283685,4.82603705993939e-05,-0.000132507276867854,9.95785862217383e-06,0.000167971226991412,-2.48007790510853e-07,0.000161972247416578,-0.000150191579848967,-1.46898684268914e-05,0.000554974935654637,-0.000464739683897975,-0.000401811560359841,-3.5062413676591e-05,0.000310277501464425,1.93734210543309e-05,1.1172645651701e-07,-3.29396759034466e-05,-1.0574118764825e-05,0.000286485724398017,2.09140701524312e-05,-1.36309701030151e-05,-1.78713801291288e-05,-0.000599887826866989,-3.15386108732966e-05,0.0522365046406003,-9.9015644527656e-06,-0.000204993988505791,0.196651825830019,1.40666556160465e-05,2.58733314092827e-05,0.00148348218469831,6.0332307852979e-06,-8.38400885231967e-07,2.0757520754894e-05,6.02856218438496e-06,-2.99756578155399e-06,1.53612556711338e-06,-4.47382029819066e-05,-7.36956989289765e-07,-3.62895205845837e-05,-6.31279692146129e-07,9.28850625274418e-07,1.5920539936417e-07,-1.20359687756163e-08,-1.55156673445853e-06,-3.91654189304645e-08,-6.78548754317145e-08,-2.70908044090262e-09,-7.62294913711767e-08,-0.000831744855272549,1.14016998963879e-06,-7.8902437271109e-07,5.56097802380951e-07,-1.4453412814946e-07,-6.63025144189732e-10,-2.21841235888392e-08,-9.47434654257367e-09,-5.34484853280396e-05,1.60292858845069e-05,7.22884198495336e-05,-1.27834140362293e-06,-2.41042530858189e-06,4.79949540211308e-06,4.27773098429651e-06,6.34424334361009e-10,6.30338353279457e-08,-5.25753764047193e-06,-8.12781978125058e-06,-1.31816060597274e-07,5.9919500070141e-06,0.000313718442914764,2.5262341335949e-06,8.94026040550818e-06,-7.70612034103272e-08,-3.36499401224318e-07,-2.0362376783872e-05,-2.14872149164844e-06,1.31616547832795e-05,1.55655306769385e-06,-8.391399700955e-05,-1.78027258446695e-08,-0.00034305021967394,-2.15196125237108e-06,-4.58023255299875e-06,-4.74456371286876e-05,-2.59477114679514e-08,-3.57692337840998e-07,1.01413695917249e-07,6.44339767691359e-08,-6.99513314798345e-06,-7.32086339980837e-06,-3.34593072288323e-06,3.9603762609324e-06,8.71913516868385e-07,3.70097111560905e-06,-1.10961594705504e-05,-6.35121794339319e-07,-6.02121967795709e-05,-3.51000615306585e-07,-3.44747415237116e-05,-0.00243547916747786,6.4630735382772e-07,2.00245729330202e-07,0.000809492845531739,1.80308365993674e-06,-5.83359387201449e-07,-2.57326216949364e-08,-1.1479801008624e-05,3.33861189362652e-17,-1.0929913185612e-07,1.56316204503147e-06,-3.1981879651989e-07,-8.23524635400984e-07,-1.10858848860877e-05,1.53304861506911e-07,-2.16530037149402e-06,9.62473262188663e-07,-7.87839329314243e-07,5.11793640690616e-08,-2.40661070137938e-07,9.69663684429841e-05,-6.31539918933545e-08,6.94255907444959e-06,-2.46687960022124e-05,2.5125220675499e-08,-1.65048117382362e-09,7.88221265723713e-08,-7.47927698457565e-08,1.17795644069398e-06,1.28907304499826e-05,-2.46249494682745e-06,1.13864417014465e-06,-8.96527888878229e-06,2.45071710871783e-05,-1.49966487642141e-06,6.81237811829624e-06,-2.31722347620962e-06,5.44476281907229e-08,0.000630996464684957,6.01677373872467e-06,1.15173952433407e-06,1.04939748203406e-08,-1.69534848121173e-06,3.83689415709757e-07,-5.60276044664105e-07,8.91550463157431e-07,-1.73106506991544e-06,1.35805356706264e-06,-9.99991811001715e-08,1.94574325751022e-05,-8.48934086464608e-08,1.39942345892342e-05,9.49325509307477e-17,-3.47490515939452e-05,-1.44699173293813e-06,-3.71808062287505e-11,-3.29794811685008e-07,4.91389975341248e-07,-3.06532424524665e-07,-8.73212112937471e-08,1.06595924065635e-08,-4.77536275165779e-07,1.8070606634933e-05,2.90506307927997e-06,-5.61534873688795e-08,3.0066252808495e-05,-4.42041957965652e-05,2.92821542350895e-06,-2.81415941558178e-05,1.12539031960177e-06,0.000171071428065154,3.04346893242686e-08,0.0323737195374019,9.71205048211182e-07,-1.51944424504847e-09,-4.96300473040453e-07,1.59930329988751e-07,-6.73996349922865e-07,8.97507697451344e-07,3.52427439178711e-06,4.34197607156204e-07,-1.41539696023477e-07,-9.96023895259263e-07,1.08704908238847e-07,-5.38572576293036e-07,6.74279492829719e-07,0.000596760684526432,-1.22143705062751e-05,2.74717604444062e-17,5.0369567608056e-08,6.50821405397584e-07,-6.37489975601705e-08,1.53073562990917e-05,3.9651228636242e-08,4.05211476442557e-06,9.61637772861917e-06,-3.03853480297362e-06,1.37944341568659e-05,9.44713487249021e-17,-5.53141498320806e-05,-1.08047388474258e-08,-2.14606339731844e-06,2.14217453181566e-07,5.6450984962898e-06,-2.418937317309e-06,-0.0373023101524326,-0.00277197161014953,4.14514040492047e-07,-5.9096959714257e-05,-1.25026301739638e-08,-2.06295424837413e-06,-3.37469938011149e-09,-6.23118957419812e-10,-3.99631259642744e-06,5.70315342416866e-08,-5.31529897629396e-06,5.58673103421438e-17,-4.73967221644241e-07,3.94589062605033e-08,1.13785465638804e-09,1.52058064149256e-08,-0.000443614411974649,-3.67946701119368e-05,4.00507620695176e-07,-1.46907921632647e-06,-8.44916120253551e-07,-4.26492695110973e-16,-6.65836939029684e-06,-5.53769191089727e-08,-8.67189641331134e-06,7.81981948377265e-16,3.99482749031447e-06,5.12519995357228e-07,-7.86667230236277e-08,-1.39324059043366e-05,-4.6771656381218e-06,-2.51086444725693e-06,-1.90925559597769e-06,2.5725769212169e-06,4.349126284569e-07,2.43748345282911e-08,2.22362640405155e-05,1.72427054453399e-07,-1.62794780967218e-16,-7.29968802775601e-08,2.72833342256958e-06,1.21064239384043e-06,-0.000716222390710476,-2.08463369712914e-17,-1.58225226179602e-07,3.09930611455071e-08,-0.000337029787887391,-5.09841603256262e-08,-8.17131442796548e-06,1.89051350620691e-07,-2.60903229989001e-06,1.55864548248038e-05,1.02641174122603e-15,6.35885152277872e-05,-3.06498634385186e-07,9.36589221763697e-07,0.000367935939292439,1.0761416128029e-07,-4.8407917325864e-08,-4.78783679369599e-16,2.90675084443123e-16,-6.31850210584268e-08,-1.80580143863777e-07,2.39767184891984e-08,-1.19799823509781e-05,9.44373970267659e-15,-6.28133318928806e-06,-7.77618575491407e-08,-1.30762261449551e-16,2.5744670249604e-16,5.75262047667222e-16,1.94952940550931e-05,1.25891125747402e-06,-1.50770035743163e-06,4.98998584250756e-05,7.16135494138644e-06,1.47260835707136e-06,-6.47345243546335e-07,9.39487036074426e-17,-1.86141540187552e-07,5.90715221475346e-07,-1.51331683794185e-15,-2.2931339183776e-15,-8.05546704414632e-07,-2.88463438859852e-08,-1.66712921630587e-06,0.309638951554241,-8.28473945842335e-07,1.23608015672881e-05,-1.07976825961181e-16,8.37490708480123e-06,2.18643296367117e-15,7.97587109295069e-05,-1.1892396789559e-14,3.5937573571348e-07,-9.77702493591777e-16,-1.17308961317887e-06,-2.96380322795619e-07,-3.66058561667504e-06,-1.07434187588259e-05,-4.5998930630301e-07,4.65240257119445e-08,-2.66403821984234e-07,-7.72514143139939e-08,-1.67890999332754e-05,-1.21439118938691e-06,-6.37390185416847e-08,1.57416845576773e-07,1.12553777961123e-05,8.44224515211361e-07,6.03894576057078e-08,-2.78564943924839e-16,-5.05246973397076e-07,7.84955516412167e-08,-3.07343248122553e-08,-1.9406767554663e-16,-2.30060842933777e-07,-1.34279120802163e-06,-4.09383857275791e-07,-2.93142709911521e-16,9.67458197445758e-08,2.14750785751104e-06,-1.66407038114829e-16,5.85504363501079e-08,-9.68396081455415e-08,-5.69801495436725e-17,4.13096543392878e-16,3.15028960241455e-09,7.68513668718838e-07,4.15526747671579e-09,5.41572344812294e-06,-3.00693209606657e-07,-7.82423275568561e-09,-3.41201407062355e-07,-5.56459779765484e-08,1.17177763571168e-06,1.93757770244884e-15,-2.04562566783133e-10,-6.45187687999862e-09,-1.74879602421958e-08,-1.68379561654931e-06,-8.52646657410007e-17,-3.31219745189414e-16,-0.000596521972973917,2.71402323828645e-17,2.13879352668338e-16,-1.5822128795988e-08,1.81325059665199e-08,3.37461762657215e-09,3.17701460885973e-09,-2.627875940348e-08,-6.47256321850178e-09,-4.45407552689391e-07,-4.86872258900858e-17,6.42144916720359e-08,3.71772672895639e-09,1.81362020339413e-08,-5.12970176495396e-09,2.83037867740953e-08,-1.15875459033575e-17,-3.51133445435117e-17,4.83050809465844e-16,-1.5776421271767e-07,-1.8434274744543e-09,-1.20439382635061e-07,2.68335598659476e-16,-1.56330998090081e-09,-2.78938460538737e-17,3.03298555787415e-16,3.51812525558982e-07,-8.83791026479583e-08,4.91794105439425e-16,-7.76310085493393e-07,-1.08349741638388e-08,-1.68906210475615e-16,2.61852741490664e-08,-2.86090987691607e-16,4.56081177300343e-07,7.68199384323309e-19,4.57809610953083e-07,8.70614818400278e-08,3.16989408245273e-09,1.37538046494229e-07,9.60333482243909e-07,-1.11558538877488e-08,3.71427250845194e-07,-1.71368698018658e-17,2.41424364478771e-07,-1.37610895477368e-08,-1.45341565341775e-16,-1.83665205979894e-09,-3.83170673068603e-08,9.09099243771965e-09,1.50245113735745e-15,3.12850251817615e-08,4.19528786057249e-08,2.96223884223231e-17,-1.18556578039021e-06,-9.08028582760845e-07,-1.28178783990927e-09,-1.35615983386188e-16,4.77358025222015e-17,2.48196593229315e-08,3.5868094397025e-07,2.92254982211375e-08,-1.20905181121764e-08,2.57863424040566e-07,5.06419703280711e-16,-1.90842736329573e-16,9.60035092164873e-07,8.90661314827715e-06,2.10468008606657e-16,2.40638391909581e-06,2.05963216367742e-16,2.82996323021146e-08,-4.31986405734497e-05,-2.91251926935099e-07,-1.96939633278994e-06,8.89390914537166e-17,1.5264798524117e-16,-8.40418251098367e-16,-1.44005636539625e-16,-4.01120393208904e-09,-1.40941272833751e-08,2.95281769228062e-17,1.38943052016902e-16,6.4288793246941e-16,2.08257273617281e-08,1.91329167133364e-10,-1.12277544267441e-08,8.72974854157528e-17,1.38493275007867e-15,-6.38036715475132e-15,-6.32572028697864e-07,1.95812934319407e-08,-4.69513415347334e-16,3.97344019329363e-09,-1.11259645079796e-07,6.17560360723667e-16,-2.42265302766202e-15,-4.22182300440022e-06,-9.68945205270031e-10,-2.45324648246659e-06,4.0887927235048e-15,8.32921431299621e-08,1.71394752716097e-06,3.08545989121057e-06,-0.361423201526067,2.39961818121676e-06,-1.32582518897724e-08,-9.42240357893386e-15,-2.73071894244832e-15,-5.20253822339901e-15,-4.53824702720647e-08,4.0484689336834e-08,6.14142532006757e-07,6.40299339968007e-09,2.33171575327696e-15,-5.35465178779702e-17,4.38829136192634e-16,4.56606116100723e-16,3.22618710037611e-16,-1.94093754019315e-08,-7.25145158566242e-16,-1.24868810169428e-17,1.19993540828868e-07,-4.39146863287032e-16,1.06446473367462e-07,1.3399214628909e-16,1.29972991607475e-07,-1.02727958296073e-15,1.16899045333881e-07,1.36052083303937e-08,2.44977731623921e-08,2.62960440663841e-16,-3.37490023840763e-07,2.89411455387837e-16,-8.28098713596574e-08,7.43503094153007e-09,-3.99203734074505e-11,4.33596620504073e-16,-1.59880343539146e-07,1.82838933552087e-16,5.35448529517356e-09,2.58890336765101e-09,-1.1163995232713e-16,-1.48336764306491e-17,-1.15307157348745e-16,1.56966896807003e-16,3.59334828447665e-09,-5.84754776570291e-10,-4.17695760675839e-10,1.939595593226e-16,-1.39095460660408e-16,-3.95655122520674e-10,3.32862117990301e-09,-2.82172200250334e-16,4.37061790102149e-17,-1.18852766622546e-08,-1.63605792146647e-17,-1.09532172795007e-07,1.40777159516156e-16,2.79293079182419e-08,4.11933037280227e-16,3.23222362107188e-17,6.30617521437294e-17,-2.28021934934383e-16,1.54346604819494e-16,-3.27667241387862e-17,7.10944918549574e-10,-4.98686773645477e-09,1.48279900872801e-16,-3.5661589095746e-09,1.54163983649751e-07,-5.9178856402949e-17,-2.31200817087375e-16,3.01005211865105e-16,-3.25546025664578e-16,6.91696028475415e-08,1.13149950219645e-08,-1.68813871404322e-16,2.24491414753082e-18,-3.22575242061781e-08,-1.04514722548307e-08,-1.59860496000815e-10,9.72881375412143e-17,-1.32238129316928e-16,2.61047429112522e-17,1.1715506434455e-16,-8.63172971572025e-21,-7.40468371364814e-16,3.24326369169337e-07,-2.59308988076248e-07,-6.03405358492345e-08,6.96365842785128e-17,-2.20893409874259e-16,2.26692454958694e-16,5.19954644264393e-16,-5.14647037258078e-18,-4.34002598371223e-18,-6.38946923444093e-17,-1.11929516660426e-16,1.88086414915051e-17,-3.86662579844928e-16,-4.40704855905787e-16,-1.46589351625669e-16,-2.44010100820923e-16,-1.78623125815673e-16,8.60371989383875e-10,-6.63227622633284e-17,9.82609346236482e-16,6.8164636675899e-18,1.23911129179852e-08,-6.73979924499058e-09,-2.57393966659934e-16,-3.21814469601248e-10,1.16261953727467e-08,1.47153148365379e-16,5.23261356836774e-17,-2.2956293714007e-08,-3.64255348074932e-16,3.01239921068723e-10,-4.08798663888205e-17,-1.27655951240247e-16,-9.9329266527802e-17,1.5307812999008e-16,1.37816904175703e-08,-4.22218547140163e-08,6.56847487382674e-16,1.80995083016896e-16,1.5123921966095e-16,3.09566441428403e-16,-4.55798593312906e-16,-1.62461565473182e-16,-6.01938268543168e-17,-2.93131790606058e-16,5.6892601035567e-10,1.07821819577771e-16,1.66188867114615e-17,4.69239496405366e-17,3.01543110712554e-16,-9.3814837277471e-17,6.66524143808124e-17,-1.26249943637551e-07,-2.59652199684287e-17,-4.258829781221e-16,8.5717080599391e-09,2.26804086583811e-16,9.54050119252218e-16,3.04329767628182e-16,-3.21190052082097e-16,7.44180287801955e-09,-5.5929410023463e-17,-2.47981295468068e-07,4.57440879688102e-16,3.22730258425304e-16,-2.2403264838616e-16,-3.42921076937667e-16,1.61947990843958e-16,4.7008968765179e-16,7.56006376420938e-07,-5.58869125653145e-17,6.51134418274263e-16,1.16869808848868e-09,-4.31107412168327e-06,2.08241952197917e-16,1.98552132459224e-07,1.18671240114878e-07,-1.53623539537577e-16,-5.81238394085773e-18,-4.73037827696464e-16,-3.56763196713789e-16,6.23187867112005e-16,-2.06513311711972e-07,-3.48837649158922e-16,1.64980364539082e-16,2.79185004276428e-16,8.33814343008086e-08,6.01558622855924e-16,-3.28642591471266e-16,-8.68861894463849e-16,-7.21704700645366e-17,-3.8404367557583e-08,3.46630497872938e-16,2.58944942550768e-10,1.99472684740381e-16,2.47989190096166e-15,8.73052564397348e-17,-2.32648644333403e-16,-3.01827067777839e-16,-1.3483927297345e-16,-7.13924034930042e-17,-4.5701852340178e-09,1.18794633143545e-16,3.04471160353853e-16,1.92925477544912e-09,1.07168524966746e-16,1.63903203401764e-16,-7.74991436942754e-16,-5.56991814777625e-16,-7.56343877251847e-18,2.10198811688753e-16,-1.41626142827776e-08,2.94177881988177e-16,-1.20366035596372e-15,4.24035036195594e-09,2.49041295819665e-16,-1.13482557948506e-15,-2.83643515933302e-16,5.85854442657041e-18,-7.99596251181445e-18,2.89617914230907e-16,-3.32011782034206e-16,2.64053898727979e-16,-1.51091661564877e-16,-3.96962223874219e-16,3.831059893988e-16,-2.2682773820329e-09,7.53870931446519e-09,-3.2130190329635e-16,-2.28374057458405e-16,1.74915092319451e-16,1.75924151805398e-16,-1.46931078415236e-15,-4.74778547417149e-16,9.80768025798893e-16,7.13143394441827e-17,-7.26891365354389e-09,-3.29650499985678e-16,1.02223477347775e-17,-4.84292923163714e-16,1.6882761639965e-15,8.54282780748015e-10,-7.83254524475802e-16,-1.3688017827314e-10,2.4945796647757e-16,7.03413201222047e-16,1.29797757224444e-15,1.34184534661634e-16,-5.57959727275536e-17,-2.63090273299404e-15,5.69728984128353e-16,-6.38583693457317e-16,7.67713639310376e-16,-1.07948964132569e-15,9.47395600831942e-17,-7.59074086026215e-17,3.96919128941327e-16,-1.03392050445854e-15,-8.40167909570549e-16,6.65231394187944e-16,3.59887207256084e-16,9.88473286530411e-16,1.44593442214969e-15,-3.02951856876609e-15,-8.38088279331295e-16,-1.41344694497066e-15,-7.81132306223781e-16,2.59735020891898e-16,1.97001983272295e-15,3.0121191201208e-09,-5.03246346033712e-15,2.1021125183231e-15,1.61637467222761e-17,-3.93415914549566e-15,-3.60923570634204e-15,1.35712436754652e-15,1.92162254611012e-15,0.707106781186549,-3.46345174510284e-14,2.27011903554805e-14,2.18531789886178e-15,-8.25575197751597e-15,3.18322046697184e-16,-3.53524408731427e-15,-3.17344725530109e-15,-4.85106693689309e-15,-4.3009572326079e-15,-3.96057860810971e-08,2.15491301904927e-15,2.86926615050943e-15,-1.44400094793921e-16,3.73998954365184e-16,-4.00428591853745e-16,1.88767306473902e-16,-1.16398164815016e-15,-3.45542258832214e-16,-1.07741840522333e-15,2.11125206010034e-09,-3.94110002527863e-16,-5.58563161883536e-16,-6.20065478192816e-17,-5.49276555098476e-16,7.12095213368074e-16,-9.69480581888344e-16,7.2025311046447e-16,-8.54821869336963e-16,-7.73573593311649e-16,-4.18351792317585e-16,-4.54748777002809e-16,-2.64328761925179e-17,-5.54993932533804e-16,4.405042723409e-08,-4.4744786344777e-16,8.27179670745674e-17,9.69068127970534e-16,-3.97576936650434e-16,-3.00408741651185e-09,-6.34882591578152e-17,1.18253562335909e-17,-1.82050424192853e-16,-2.04635965517023e-16,-2.59488125139215e-16,-4.7828813988434e-16,2.70443110212396e-16,1.00113444163929e-16,2.02120609350119e-16,4.99421179486632e-17,7.7458883702651e-17,2.32541989078958e-16,-5.58070481895303e-17,-3.9748919167844e-17,2.19047874533769e-17,1.07527997272338e-16,-2.10150503407671e-16
"t19",0.0321398080819382,-0.0077615336827978,-0.00833950418606748,0.000370720244094315,0.00182634119754979,0.00344368988304685,0.000766615399400571,6.80629374490809e-06,-0.0311270127143756,0.117313506378328,-0.0200764299387742,0.00242515274495046,-0.00469049824010351,-0.000980509140717843,-0.0256969163407365,0.000563896278808055,0.000354429261739349,-4.1211315436358e-05,-0.0178612093256101,0.00233893314738525,-1.88983161375365e-05,2.02945449919547e-05,-0.00251768500602957,-7.63539471149502e-06,-5.31353877998206e-06,0.000380034583821293,-0.00188399927106368,1.84313879773245e-05,-0.000270572450055414,0.000769646123126317,3.00067159740776e-06,0.00407275150455105,-0.000195562752703555,0.00480680321859398,-0.000421953570956105,0.000141861400884025,7.45274651742001e-06,-1.95322832963713e-05,-0.0011464657791772,-0.000417229203229579,-0.00045567493942608,0.0138598542846699,-0.00133917019102195,0.182092194151054,0.00049331269179451,-3.32324087408131e-05,5.61843320877101e-06,-8.16071994429287e-05,0.0045104513344827,-0.0076284369251532,5.93200733498802e-05,-5.58799967865841e-05,6.10546078363868e-06,-2.08761177034056e-05,0.0006089153484993,-0.00148691216057196,0.000631152191841475,-0.00683038757267813,0.0894061112588575,1.13209830222047e-05,4.56032940500272e-06,-0.000169820521082445,7.76099497995231e-05,-5.43524008334456e-05,0.000130616082512124,-4.64116060146725e-06,3.99026005253496e-06,-1.55199653166418e-05,2.29153250499735e-06,-3.00717829994465e-07,-2.43964266197273e-07,8.26865166662265e-07,-2.88668149134218e-06,-1.88921043361144e-06,7.94050211593809e-07,2.84837596698356e-07,-6.86297779984202e-06,9.98486935111152e-07,-0.000120353935286393,-3.69556734312412e-05,2.10082036441884e-06,0.000160735970096894,-8.60523194330469e-05,-6.75183557377712e-06,2.24677548719124e-05,1.61345975206531e-05,-3.66842426561609e-06,-3.11807870507963e-05,-1.55257871109825e-07,7.17706328642355e-06,-0.00468148298678753,4.77917976634407e-09,3.33080449447498e-06,-2.62962366243592e-06,-1.106274992337e-06,-2.68425342559871e-07,-3.12479493207858e-08,7.77618634439678e-08,-4.94079751251037e-07,9.15932809538428e-06,1.16468383080886e-06,-8.07220943545007e-09,1.78016064805307e-06,-6.65037665748437e-06,3.53467254350492e-06,-2.3399984020776e-07,6.70728170132004e-05,-8.6333790327728e-08,4.5921933148244e-05,-3.56428476007897e-08,-1.20190771680274e-06,-2.55928613846572e-06,8.00206526376925e-07,-1.00000314789668e-06,3.46822605541632e-05,-1.29854224906793e-06,6.7830408933903e-05,-7.81841628204659e-05,2.84868877665704e-05,-1.07259439531299e-05,6.34982576909509e-06,-1.51025870678801e-05,0.000159536578468752,0.000279016415761037,-1.31668495315782e-06,3.96615472671956e-05,-4.34516498937568e-06,0.0538939173334724,-3.04936401352054e-05,-0.00107108036110788,-8.42343747379544e-06,4.18780977075538e-05,-3.40203904142042e-06,-6.04496092071747e-05,1.07263275194858e-07,-7.16506931585303e-05,8.85192312942697e-05,1.0384436306594e-05,-0.000484014957853228,0.000407549589395012,0.00036414166189561,3.23040021227114e-05,-0.000293458146347325,-1.85056747238691e-05,-1.06736286984175e-07,3.37317567541009e-05,1.23548488611349e-05,-0.000380382695673001,-2.8648637492527e-05,1.99878578150347e-05,2.63473177881023e-05,0.000907478366372375,4.84368605873545e-05,-0.0816144660515001,1.80991634380015e-05,0.000384241584275373,-0.375232034633819,-4.08884680719397e-05,-8.40665377293693e-05,-0.0049055382685135,-2.20450838752525e-05,3.12881198996809e-06,-8.89225106801216e-05,-2.62824319337212e-05,1.51554119504167e-05,-9.09940175555827e-06,0.000486433038326288,8.24097154676123e-06,0.000408786529018914,7.98845252381797e-06,-1.37018483101084e-05,-2.40538083581937e-06,2.70242411159524e-07,4.09622586359167e-05,1.65281931696179e-06,3.35051690136372e-06,1.46489780981621e-07,-5.73432512125102e-06,-0.0185246867943444,2.26976098794264e-05,-1.42703705962231e-05,7.93341127337731e-06,-1.90818459351042e-06,-8.16057697388587e-09,-2.56718994049837e-07,-9.14556382043178e-08,-0.000495718074640638,0.00011144725086952,0.000498515925750967,-8.14808896682523e-06,-1.27322321676895e-05,2.22144171735554e-05,1.89892704988851e-05,2.65449118779289e-09,2.52887636355165e-07,-1.87830693791839e-05,-2.83601735055271e-05,-4.38211087155383e-07,1.94571471245728e-05,0.000861427280755895,6.88551569006515e-06,2.28328385133702e-05,-1.85061344687637e-07,-7.02201965308196e-07,-4.24651939888173e-05,-4.42515567458077e-06,2.6091827296602e-05,3.00583294556792e-06,-0.000151249197482696,-2.94867362097126e-08,-0.00053087586872687,-3.26084722604677e-06,-6.30595307384598e-06,-6.18755849877198e-05,-3.3790602903326e-08,-4.46239775314418e-07,1.13066866918e-07,7.0253468857647e-08,-6.73754202374038e-06,-6.43234051404985e-06,-2.84382528136094e-06,2.90753379626982e-06,6.16540064508379e-07,2.50805057515035e-06,-6.53551622966096e-06,-3.62814005330564e-07,-3.4134913966131e-05,-1.65572154699558e-07,-1.42870560508612e-05,-0.000854797158292258,2.08277306896222e-07,5.85800462150115e-08,0.00021428463137559,4.630948640961e-07,-1.07333138240964e-07,-3.56416375144483e-09,-1.02265091019118e-06,4.59525009324748e-17,-1.94991434215054e-09,5.53322881567328e-09,3.06955621527589e-08,1.42974101835319e-07,2.64221181629104e-06,-3.71379575533755e-08,7.89672812215894e-07,-3.71120862816185e-07,3.11393442360955e-07,-2.26074446508425e-08,1.13939807063613e-07,-5.15874961547832e-05,3.5256794360275e-08,-3.95136018818247e-06,1.55231886130855e-05,-2.24311792591276e-08,1.63626350695775e-09,-8.48114892098224e-08,9.48699669116122e-08,-1.51086959433129e-06,-1.83768999612252e-05,3.7155962958261e-06,-1.85825676002905e-06,1.49952876083613e-05,-4.20485946872801e-05,2.66451122629701e-06,-1.27355814196398e-05,4.35695938933147e-06,-1.16036350840992e-07,-0.0013485470345119,-1.2899599364311e-05,-2.55259192395603e-06,-2.35452733600152e-08,3.95464764614963e-06,-9.01475763284443e-07,1.6553774403364e-06,-2.70075811289024e-06,5.34868051479713e-06,-4.39116015595902e-06,3.35319495050575e-07,-7.08516772696215e-05,3.16666442246299e-07,-5.32081104801381e-05,2.69548762226678e-16,0.000141152258147386,5.92947014995466e-06,1.56786629168535e-10,1.48927337549004e-06,-2.35564322078881e-06,1.51227561094472e-06,4.37002580548256e-07,-6.45716000816429e-08,2.9300409244939e-06,-0.000111262452568363,-1.89827004623821e-05,4.38776463995757e-07,-0.000242755257724445,0.000365257084486199,-2.61744297290818e-05,0.000354389490914453,-1.68486693046021e-05,-0.00258906625821862,-4.62107123255585e-07,-0.879468111286966,-0.000157321189379664,6.21175026697539e-07,-0.000168495862816022,1.70239194574249e-05,-5.93562750595483e-05,3.27408414491086e-05,0.000123220913503424,1.41088527907556e-05,-4.38794308930772e-06,-2.68469772034379e-05,2.5627592717415e-06,-1.13853179451407e-05,1.36412212506546e-05,0.0112542402160489,-0.00020135998172652,6.86640236892261e-18,4.6689178240305e-07,5.76473218879707e-06,-5.28467712723117e-07,0.000126649774731224,3.27396087251981e-07,3.29272693194042e-05,7.58337506307337e-05,-2.31259841700639e-05,9.76781184559787e-05,1.6471817079283e-15,-0.00032890947048223,-6.27428870265582e-08,-1.18145750684008e-05,1.17150438017759e-06,2.63456319120679e-05,-1.00585522423011e-05,-0.121986584852866,-0.00676802579112106,-5.120603123724e-07,0.00242443908591308,-2.86370525013814e-07,-3.1152627184556e-05,-4.36230827517506e-08,-6.65824854970197e-09,-4.19962836241932e-05,5.45867897253845e-07,-4.79191222848502e-05,1.23775322386755e-15,-3.23719836080476e-06,2.59371835803534e-07,7.47668720646324e-09,9.11611370450979e-08,-0.00262728728006229,-0.000191913968097711,2.02544054103495e-06,-7.38572462054181e-06,-4.15620235877372e-06,-3.78442680302617e-16,-3.19783255985015e-05,-2.63660413995123e-07,-4.00089280473546e-05,3.17024711755656e-15,1.78400367001079e-05,2.2717415095911e-06,-3.47349478869275e-07,-6.10338968355363e-05,-2.0223092594975e-05,-1.07517141448225e-05,-8.11438698113877e-06,1.06965727745566e-05,1.80369797281848e-06,9.96082109995868e-08,8.85825356204488e-05,6.8601437055921e-07,-2.84988919539443e-16,-2.76701341229438e-07,1.02570512941794e-05,4.47006764004389e-06,-0.00257407879011546,-2.04475790292912e-16,-5.37104357543168e-07,9.87862483549677e-08,-0.00104443958645174,-1.55941844963159e-07,-2.46037107092406e-05,5.52869814507287e-07,-7.27556146080123e-06,3.85325746235315e-05,6.49842646610991e-16,0.000140485226920959,-6.7028336138311e-07,2.00467353078388e-06,0.000763954909426977,2.22914951509388e-07,-9.94016947365218e-08,-8.86443696224148e-16,-4.90130438192747e-17,-1.23230829186064e-07,-3.36114430481046e-07,4.43630118879555e-08,-2.12148330851993e-05,1.51989628877027e-14,-1.00348617604946e-05,-1.18244893058873e-07,-2.11008603362751e-16,-2.02721503321396e-16,2.1676264828665e-16,2.49180519096114e-05,1.56983890233864e-06,-1.71682277031137e-06,5.21931872254908e-05,7.41221318095701e-06,1.37664368358719e-06,-5.97623078422157e-07,-2.3799133432593e-16,-1.33157057081452e-07,3.78294948948747e-07,-1.30921952205838e-16,-1.70188458850267e-16,-2.70681920119248e-07,-7.49126605675953e-09,-2.59050065250898e-07,0.0260255949919595,4.64290114160221e-08,-9.77922353869354e-07,-1.74350709149018e-16,-9.28533470718145e-07,8.99735903609859e-16,-1.62476707230039e-05,-1.02966680320948e-15,-9.82863407021589e-08,-9.18656759655423e-17,4.27074244429365e-07,1.13403097960096e-07,2.33233502435772e-06,7.45233878767821e-06,3.30055929464387e-07,-3.82975367664108e-08,2.4439838023956e-07,8.85273469799631e-08,1.9274844576251e-05,1.48316814891623e-06,8.66496739879451e-08,-2.44455565129122e-07,-1.9403943006145e-05,-1.57402380385108e-06,-1.1689064729808e-07,9.80138903652092e-17,1.09390788673878e-06,-1.88409710061611e-07,9.70551048608235e-08,3.47169189719565e-17,7.83974299170151e-07,5.12458280846837e-06,1.63910501305604e-06,3.49412637014787e-18,-3.97010916069557e-07,-9.71557562689732e-06,8.05407271710576e-17,-2.7793077968127e-07,6.1689649878412e-07,-8.56762853233386e-17,3.13813934507956e-16,-2.26237752678111e-08,-5.57987837255321e-06,-3.17745235062788e-08,-4.40625763105917e-05,2.83026286510894e-06,7.4608955918549e-08,3.3143653319164e-06,6.68081353279645e-07,-1.69547393854151e-05,-7.44413211628547e-16,3.17560636642877e-09,1.01320544365117e-07,2.85021567258155e-07,2.81692171448578e-05,3.46416845115678e-16,3.31522863966926e-16,0.00651100469205295,9.59664698628098e-18,-1.03934237710677e-15,8.0236826642152e-07,-1.1829944936833e-06,-2.21489414912695e-07,-5.42004039693967e-07,5.69006349729658e-06,1.48684591697352e-06,0.000168210220187917,-2.17070080498892e-17,4.34948884523803e-06,2.02929228008075e-07,9.30860423825978e-07,-2.03592819812618e-07,8.01595978811941e-07,-7.41954374542943e-17,-4.5909313671177e-17,2.92728020091001e-16,-3.20231138758449e-06,-3.34473163296211e-08,-2.1679177759963e-06,-2.38858457805055e-16,-2.55842209368278e-08,-9.62307788308183e-17,-3.79387433235257e-17,4.15191704159033e-06,-1.03944010188392e-06,-1.23165366794353e-16,-8.55966239962079e-06,-1.15285935270432e-07,-8.01758582326736e-17,2.60032033684391e-07,3.27468442754759e-16,4.19214890305449e-06,3.44294672092945e-16,4.18004057862939e-06,7.90838288932768e-07,2.86282584814431e-08,1.2322427893462e-06,8.45207970207847e-06,-9.2047475447549e-08,2.81511986570829e-06,-1.80159607445681e-16,1.65658497205069e-06,-9.3457081883952e-08,-2.0743329080936e-16,-1.23044948851429e-08,-2.50455494654847e-07,5.81290257319467e-08,8.91399224271419e-17,1.85775501741863e-07,2.4553205616858e-07,3.38829368678286e-17,-6.80622618540217e-06,-5.16367504268256e-06,-7.03685193188675e-09,3.43160793101588e-16,3.7522394660264e-17,1.25303783387731e-07,1.7464060004422e-06,1.41237043932805e-07,-4.9465129716905e-08,1.02481633827863e-06,-1.07533060272136e-17,4.33508606320131e-17,3.73819341383191e-06,1.912163016091e-05,4.40937722186367e-17,9.0202127990296e-06,-3.40319614172235e-17,1.02386248515736e-07,-0.00014854647742495,-9.97806145651178e-07,-6.6481205125958e-06,-2.62789647612241e-16,-7.94610718808468e-17,-3.68172051390679e-17,5.88286654589782e-17,-1.17039374307259e-08,-4.05843044087958e-08,-1.09732775940203e-16,9.17432121739661e-17,7.86758758590779e-17,5.70583262150133e-08,5.12506562369368e-10,-2.81819074074063e-08,-4.02033329856985e-17,-3.99176134854851e-16,1.18828558104411e-16,-1.2039633797717e-06,3.6836858144097e-08,7.79265265700474e-17,6.4547207194751e-09,-1.68779133197129e-07,-7.63382204078941e-17,-3.80950479589537e-18,-5.29119217253834e-06,-1.1932358417242e-09,-2.62048054111975e-06,9.54580123696563e-17,6.50185278962675e-08,1.05125280200478e-06,1.13663748288405e-06,-0.00299635882903309,-2.2557146954171e-07,3.88185560075764e-09,-2.05389965551672e-16,3.38031492081671e-16,5.29561616162624e-16,7.51067447298094e-08,-6.80023579476861e-08,-1.16129641575774e-06,-2.01298425662539e-08,1.92007348193203e-16,-7.47843425844737e-17,1.00666369428252e-16,-8.00490281274844e-18,-2.08490165917284e-16,9.58343197498852e-08,-8.14330790922599e-17,6.62640153912081e-17,-7.01460984281515e-07,-3.64741308503536e-17,-6.27882644905859e-07,-1.8985229071761e-17,-7.78340536631784e-07,1.56776035569197e-17,-9.40471840918996e-07,-1.17635328541784e-07,-2.37025265991122e-07,-5.14233988966354e-17,3.76919284584595e-06,-7.82338704792965e-17,1.30544713334178e-06,-2.07055055179725e-07,1.14572193622208e-09,-5.29473203699537e-17,6.30197960061887e-06,4.46248464835699e-17,-4.5281663438946e-07,-2.31133432754919e-07,4.57168914061295e-16,1.21533740107377e-18,-1.18313421078872e-18,-1.0066186996241e-17,-2.97043298767559e-06,-4.55620378469182e-07,-1.01688006969961e-07,1.12391699875873e-16,-2.26440465123652e-17,-2.37540163969075e-08,1.93748915071779e-07,6.36262887101467e-17,6.12249796365718e-17,-3.85151626923319e-07,-3.65473566018185e-17,-3.26473044235882e-06,-3.77940281749986e-16,6.82006843936482e-07,1.0026980858064e-17,-6.49190171741715e-16,-1.81845319605282e-17,-8.76380852898195e-17,-6.73176753667545e-17,-8.89757227879141e-17,1.30624637450423e-08,-9.13499435296987e-08,3.31046078428239e-17,-6.05774564860228e-08,2.54385384664779e-06,3.43265708642497e-17,1.57963921549935e-17,2.62754317679404e-15,9.77269108136383e-17,1.02134322059503e-06,1.6325128128165e-07,9.91689326589954e-17,7.6354535833334e-18,-4.54035892079524e-07,-1.46646613796056e-07,-2.21965884950552e-09,1.47039472061497e-17,-2.26453528177294e-17,2.98112048206728e-17,6.12540689881428e-18,8.37659923324082e-17,-6.15558475591639e-17,3.887109529395e-06,-3.07107080138779e-06,-7.06412557156216e-07,3.83654275965161e-18,7.24516535752312e-18,1.6940220513544e-16,4.31219592323383e-17,-1.2565603590353e-15,-1.4458937321394e-16,-2.99160188661501e-17,1.44427396585254e-17,5.78956875933375e-17,9.54407704459653e-18,3.64278294982491e-16,-1.77994849614068e-16,-2.50545306145358e-17,-2.09138713404398e-17,8.55388476837155e-09,7.56833122494462e-17,1.67955525147302e-16,-6.32304729215735e-18,1.20980392605188e-07,-6.55354913808796e-08,-9.39315785971664e-18,-3.12134142465312e-09,1.10412082979884e-07,1.41130789006815e-17,2.4700906823672e-15,-2.12627028844828e-07,6.71194438764509e-17,2.71064798366379e-09,4.51719143199058e-17,-4.4707449542122e-17,-3.92116258204639e-17,-9.92072091994827e-17,1.18890798845928e-07,-3.63244981468906e-07,-7.93544361592938e-17,-2.52003019887711e-17,-9.54218396274341e-18,-2.37378020128524e-16,-8.23451550002741e-17,-3.53359606255911e-17,4.03674687230217e-17,3.91045812518978e-17,4.33215561216894e-09,-7.27731939949301e-17,-3.13631553096563e-18,-1.42075114044121e-17,-1.14155156741201e-17,5.75660267102015e-17,-8.2098606107564e-17,-9.40041565703925e-07,-3.2119170173371e-17,-5.38706318746658e-17,6.35687997414232e-08,1.13098670314002e-16,5.21041748995398e-17,-2.91264651409347e-17,-2.08864182994369e-17,5.2789834906601e-08,-3.26783469195181e-19,-1.74595250074796e-06,6.10758834689139e-17,4.54357106214281e-18,1.32341276628209e-16,-1.19695496325926e-16,2.85334589431412e-17,1.23279202919973e-16,5.24397364251178e-06,-5.48203353302716e-16,2.92192838020007e-16,8.01702723354569e-09,-2.95567377734783e-05,4.35774731057335e-17,1.34863122769495e-06,8.03731160777635e-07,6.2961024486435e-17,8.05086359368989e-17,1.20466828029128e-16,2.29329449177828e-17,7.90295009635892e-17,-1.34305628397231e-06,4.04853443342409e-17,-9.40138545926634e-18,-1.87146321059949e-18,5.3695205587682e-07,-1.76921280141279e-17,4.19605982365529e-17,-9.39912748153374e-17,5.05786990078425e-17,-2.44193150537886e-07,-1.62877837418146e-16,1.64017495721369e-09,-2.9942483359901e-17,1.94387521745265e-16,6.3557719844752e-18,4.08914110735066e-17,-1.09327040511528e-16,7.41923638048531e-17,-3.2298643544223e-17,-2.83804928579034e-08,-6.01383944318413e-17,-1.82342306681597e-17,1.19234888900639e-08,-7.435259480207e-17,-4.54834897605602e-17,-7.60990920349277e-17,6.55836972667724e-18,-1.03212908924933e-17,5.36671514365298e-17,-8.62568794214959e-08,8.21675354218589e-17,9.37260033102361e-17,2.56608352699288e-08,-1.13828410600802e-16,-5.08288097737195e-18,4.51855243243864e-17,-7.97633050788272e-17,-8.18687160026414e-17,1.43005945436742e-16,-1.27381763690681e-18,-1.47654162953051e-16,1.02115589758662e-17,-1.31125958000936e-17,9.45235448680231e-18,-1.34166560577053e-08,4.44721791399313e-08,2.14756986021239e-17,3.81698342229302e-17,9.87197033188546e-18,2.72544881257916e-17,1.67183974997265e-16,1.55801544300053e-17,6.9401018465549e-17,2.16523499218598e-16,-4.22996561835145e-08,-4.56337330874911e-17,-1.11691640220191e-17,-8.7649090989616e-17,1.58133354772171e-16,4.91563811245044e-09,8.25475533668439e-17,-7.77965490882499e-10,2.01526458606737e-17,-4.11538484914255e-16,-4.45251666228296e-17,-3.8575418752204e-17,9.2107941010332e-18,1.87128843100812e-16,-3.03841891593273e-18,3.46252684928425e-17,-3.7169852943308e-17,4.25664715628127e-18,-4.19537575576443e-17,1.62029746718636e-17,-4.22873113856261e-17,-1.18947002853273e-17,-1.13485633623001e-17,1.70009169866236e-16,5.12376532416631e-19,5.31029824412726e-17,-2.4023271785146e-17,-7.14823960211858e-17,7.51352105532455e-17,-1.7846787552073e-17,-4.20104842963447e-17,1.70337173596627e-16,4.91410376357046e-17,1.64053426979968e-08,2.58764859500215e-16,1.23626933458797e-16,-9.13415182908875e-17,-2.09834822441786e-16,1.92663742721622e-17,-2.62983627230037e-17,-1.37040010710972e-16,1.30975117211146e-16,1.22501300858601e-17,2.15490838591954e-17,-1.25225350922076e-16,6.32449266060936e-18,6.13191262692136e-17,-1.21125297931748e-17,1.93296607331144e-16,-2.95866908617363e-17,-5.89847522682998e-18,-2.10067755960213e-07,-3.06235485950328e-17,1.87264299722781e-17,4.68218861562697e-17,-6.95957356558817e-17,9.04528758578323e-17,-3.42664937416862e-18,3.20153536111585e-17,3.72316581691224e-17,-2.09783741303505e-17,1.09141642247568e-08,7.25638265249382e-17,9.19020857402485e-17,-1.32414875074421e-18,-6.34373127933308e-17,-8.94494684224268e-17,-1.88979926268079e-16,-5.63710714529297e-18,-2.48155516071969e-17,1.96956157146395e-17,1.37550392700975e-16,-4.97186013113655e-17,1.69332460452899e-17,1.02519440426171e-16,2.22257213278845e-07,3.80400656785169e-18,-5.30547364365409e-17,2.34302872624011e-17,-5.71808225768855e-16,-1.49937109589466e-08,4.15588344394246e-19,2.01709903788752e-16,2.07584999601228e-17,2.0366672977621e-16,-6.38501459910041e-17,1.18668573017636e-16,3.14729919185371e-16,-1.39686792531616e-16,-1.77364208614495e-18,4.30772168372969e-17,8.25376117165871e-18,1.02327788097958e-16,2.11098214604298e-17,-8.35488066518291e-17,-3.34950235536891e-18,3.51853643970833e-17,-7.63124979407484e-17
"t450",0.032175925663565,-0.00777994413451001,-0.00835992737796674,0.000371938310103329,0.00183369514819688,0.00345997222022318,0.000770311677971183,6.84173742807322e-06,-0.0313186709527358,0.118190754608655,-0.0202673499381053,0.00245364180321989,-0.00474723323789333,-0.000992551198113313,-0.0260264729091796,0.000571561642331237,0.000359364140934261,-4.17956886478736e-05,-0.018120443017113,0.00237586687688818,-1.92215923108515e-05,2.0715324693248e-05,-0.00257288908135933,-7.80379400019352e-06,-5.43120296015408e-06,0.000388862738556977,-0.00192829678961112,1.88687585229467e-05,-0.000277170433913681,0.000791930609379292,3.09354328054612e-06,0.00420477172420201,-0.000202379720397959,0.00498267098857134,-0.000438218304702403,0.000147789513525759,7.76834335990183e-06,-2.03732629655906e-05,-0.00119618190009143,-0.000435606449225968,-0.000476355483731794,0.0145050199726409,-0.00140249266924167,0.190713530964017,0.000517101580344817,-3.49439931732233e-05,5.91352070452865e-06,-8.59325917386891e-05,0.0047556344574856,-0.00805441236952929,6.27510240956769e-05,-5.91645085112406e-05,6.46517031829041e-06,-2.21306926326175e-05,0.000646931808511246,-0.00158027465622866,0.000674909520905776,-0.00731641694244038,0.0957875525435853,1.21806807760197e-05,4.92268605511218e-06,-0.000183613985098143,8.40256195219266e-05,-5.88652849615153e-05,0.000141816720029466,-5.05063237473904e-06,4.36444892642742e-06,-1.70147071136277e-05,2.51494085830264e-06,-3.30680933598844e-07,-2.71105224908807e-07,9.26437164380919e-07,-3.23845078048293e-06,-2.12508192123218e-06,8.93488586715289e-07,3.20879480446893e-07,-7.73496130561542e-06,1.12792106324129e-06,-0.000136666337854744,-4.20539741946313e-05,2.39942273881248e-06,0.00018372917171014,-9.89437313439331e-05,-7.77727700548281e-06,2.60825887239798e-05,1.87709086938954e-05,-4.27719091858667e-06,-3.63681227147076e-05,-1.81103926609676e-07,8.3738012952592e-06,-0.00546668666725808,5.62572361438585e-09,3.92371393908465e-06,-3.11339163665943e-06,-1.32142162234562e-06,-3.21060971389266e-07,-3.73777299531542e-08,9.33370791425327e-08,-5.93804447578552e-07,1.10620666601737e-05,1.41231626880737e-06,-9.7920345447117e-09,2.16031062247864e-06,-8.22286114031151e-06,4.37672931359104e-06,-2.90070544446807e-07,8.33115305033162e-05,-1.07295908429813e-07,5.71288136518349e-05,-4.4408337941085e-08,-1.49822774953916e-06,-3.19967032722131e-06,1.00078736194626e-06,-1.26051419412384e-06,4.37913126054563e-05,-1.64571478860375e-06,8.61098988512732e-05,-9.97165240263867e-05,3.64968599567863e-05,-1.37892219685515e-05,8.17936044148378e-06,-1.95876644715775e-05,0.000207844222823982,0.000363565218864375,-1.71678552420769e-06,5.19549335263125e-05,-5.69419775546011e-06,0.0709126854301477,-4.05978528060843e-05,-0.00142617748821843,-1.12269544751813e-05,5.6268709634296e-05,-4.57839924758644e-06,-8.14464571299395e-05,1.45213965365737e-07,-9.70661295950774e-05,0.000121158494724039,1.43340289836331e-05,-0.000676015225441652,0.000569409080310131,0.000509803337751233,4.52733830093827e-05,-0.00041197007319365,-2.59959139850518e-05,-1.49939486510028e-07,4.76063560152011e-05,1.76015140992001e-05,-0.000547229950337459,-4.1316395882066e-05,2.89841933703458e-05,3.82227211764438e-05,0.00131927608368273,7.05042313363319e-05,-0.118965806217761,2.67329706464521e-05,0.000568753505116424,-0.556264795663955,-6.28294358568428e-05,-0.00013036008064949,-0.0076176672985834,-3.45039107935112e-05,4.9050569871758e-06,-0.000140850847820924,-4.16835096765598e-05,2.42850995024711e-05,-1.47296113897019e-05,0.00081182307068879,1.37688778708445e-05,0.000683188583506109,1.34085396301728e-05,-2.31159586239995e-05,-4.06104005436234e-06,4.60953410564989e-07,7.00973816518449e-05,2.84857897655398e-06,5.78467685029184e-06,2.53143796882037e-07,-1.00789283742704e-05,-0.0331547134679236,4.07525802144821e-05,-2.57000498995236e-05,1.4418328005711e-05,-3.48030327159634e-06,-1.49360865955297e-08,-4.71428555673272e-07,-1.69852351053542e-07,-0.000923266840547981,0.000212845472407174,0.000952891185282363,-1.57103028247275e-05,-2.51594584907406e-05,4.48379663409267e-05,3.86171390880143e-05,5.45992634198568e-09,5.24658618349494e-07,-4.0011471459637e-05,-6.0768768526783e-05,-9.50916735914627e-07,4.24940567452563e-05,0.00198145997020246,1.58785072243532e-05,5.39004653080238e-05,-4.47411791629239e-07,-1.80453190799782e-06,-0.000109160010488456,-1.14428041044517e-05,6.87260960499815e-05,8.02189567859594e-06,-0.000418479513088099,-8.55469408304241e-08,-0.00160400250787807,-9.98151329062132e-06,-2.05343389434347e-05,-0.000209031961213948,-1.14267116678223e-07,-1.55496396296545e-06,4.27645262921433e-07,2.70219596895762e-07,-2.85390783633837e-05,-2.93516844324636e-05,-1.33380146197608e-05,1.543980365767e-05,3.38233674033629e-06,1.4280677405746e-05,-4.21620356561341e-05,-2.40613218807169e-06,-0.000227947442667186,-1.30878879129671e-06,-0.000127449326515295,-0.00892293108021496,2.35865154332046e-06,7.27911133749427e-07,0.00293204888788851,6.52440455992636e-06,-2.09226333652001e-06,-9.18138542486142e-08,-4.07409696240018e-05,-3.77767715661498e-17,-3.85108230825547e-07,5.50012938104871e-06,-1.11531918972736e-06,-2.85418585113296e-06,-3.82425776416332e-05,5.28708444680493e-07,-7.41081268798931e-06,3.29028931334028e-06,-2.69188754718249e-06,1.74452870856106e-07,-8.1908851321231e-07,0.000329178249587033,-2.14166848050932e-07,2.35335926517384e-05,-8.34415516209368e-05,8.44571693410495e-08,-5.54172566299624e-09,2.64521470177541e-07,-2.51068068273379e-07,3.95459011575956e-06,4.33387822659252e-05,-8.28919119072132e-06,3.8417610827528e-06,-3.02753503249264e-05,8.28423073807386e-05,-5.07703422826569e-06,2.31210805340976e-05,-7.86704038019764e-06,1.86346197266504e-07,0.0021600337985936,2.06016173135629e-05,3.95394957100992e-06,3.60629317291352e-08,-5.84611510792166e-06,1.32396792807794e-06,-1.98608023097203e-06,3.17196980216043e-06,-6.177348680948e-06,4.88161447229695e-06,-3.61690249146229e-07,7.14646169616182e-05,-3.13313109008193e-07,5.18523724875536e-05,-6.09819307616914e-17,-0.000130629289608029,-5.4504997629257e-06,-1.40997365668511e-10,-1.27216490485875e-06,1.92615318917989e-06,-1.21131329577078e-06,-3.46490624350519e-07,4.49692544740096e-08,-2.02370616286643e-06,7.66744348647711e-05,1.25974997859872e-05,-2.61766597011836e-07,0.000142185147816782,-0.000211219593950528,1.45113210137037e-05,-0.00016720376944453,7.42470101411678e-06,0.00113637049186933,2.02582628913268e-07,0.324596302896192,4.71846908092997e-05,-1.81271511379541e-07,4.72164081105373e-05,-4.53780483091757e-06,1.55777165363201e-05,-7.51776243634919e-06,-2.80013461176788e-05,-3.14537368607853e-06,9.65417547850457e-07,5.65312041308134e-06,-5.13512101625076e-07,2.17659444931145e-06,-2.55400373188864e-06,-0.00203274433162841,3.36093807665029e-05,-7.7803044250187e-17,-4.35033532552572e-08,-4.99406157829168e-07,4.07349003918225e-08,-9.72706857154848e-06,-2.50488514236625e-08,-2.44373241363696e-06,-5.30355603786645e-06,1.50140219302812e-06,-5.37099499431364e-06,-1.68182464762769e-16,1.09721006451815e-05,1.9311669183159e-09,2.9923662824014e-07,-2.89178348152972e-08,-3.07152481962669e-07,4.74817918119902e-08,-0.00058518716989168,-7.55124338935664e-05,-1.25012742368739e-08,8.73792412672985e-05,-1.23708999301856e-08,-1.46866627081345e-06,-2.1621749997564e-09,-3.58291230153707e-10,-2.27936683520473e-06,3.12437518148452e-08,-2.85178049818122e-06,-8.66051212056171e-17,-2.45574400530738e-07,2.05206076983253e-08,5.91767460240498e-10,8.0369566929009e-09,-0.000235127542612467,-2.01859083207127e-05,2.21699290859518e-07,-8.14584116832044e-07,-4.71408739980406e-07,-5.30455028152146e-18,-3.73962749300184e-06,-3.11749143502117e-08,-4.92173723422606e-06,4.27054522024596e-16,2.28475851208909e-06,2.93608050546336e-07,-4.51032643218679e-08,-8.00134741486643e-06,-2.69313016731256e-06,-1.44842260711838e-06,-1.10287495267733e-06,1.4914452855322e-06,2.52238370505694e-07,1.41666889464167e-08,1.29634528315849e-05,1.0053627706827e-07,5.16103522656096e-17,-4.27162091232732e-08,1.5970846738748e-06,7.08967964034381e-07,-0.000419363433489108,9.81068932857839e-17,-9.23260458106355e-08,1.79283490860235e-08,-0.000193888112954338,-2.92454367999208e-08,-4.66964226362871e-06,1.07200951318733e-07,-1.45770416821549e-06,8.2964383521294e-06,1.49078162498666e-16,3.19497748160807e-05,-1.53116617347259e-07,4.62127265715127e-07,0.000178288321865365,5.20711446202186e-08,-2.32984002469136e-08,1.57859836313889e-16,-7.35610081377538e-17,-2.94372269692094e-08,-8.15672405960079e-08,1.07865567181594e-08,-5.22849421543859e-06,3.93231163844359e-15,-2.54329711056134e-06,-3.03230080053376e-08,-5.4556890930433e-17,1.60451240778827e-16,-6.1505678966134e-17,6.61379078345903e-06,4.18400896833416e-07,-4.63994887732746e-07,1.42671400730032e-05,2.02879419296439e-06,3.81214878265666e-07,-1.65709479582831e-07,2.66514241598279e-17,-3.77530182518557e-08,1.0806010372165e-07,6.51298006073786e-16,-1.68302913265124e-18,-7.94870582155799e-08,-2.21373740975114e-09,-7.71838522349146e-08,0.00779617988945805,1.4048514742096e-08,-2.9637056782346e-07,-3.03880515593453e-16,-2.82010295192627e-07,-1.81178918194188e-16,-4.96495646292138e-06,-8.82377938077328e-16,-3.01673716999625e-08,-1.71696354758037e-18,1.31809141447344e-07,3.50385387751536e-08,7.30922019134364e-07,2.34230781037213e-06,1.03864190948028e-07,-1.2114737787931e-08,7.76554472274174e-08,2.84125748693833e-08,6.18674135814037e-06,4.77493922887863e-07,2.80477391786986e-08,-7.96902079379028e-08,-6.36232081259352e-06,-5.18418760222702e-07,-3.85827396283599e-08,1.89637408691361e-17,3.63468029577218e-07,-6.29917275366898e-08,3.29974933150876e-08,-5.29855849021841e-17,2.67782692368335e-07,1.76243298222084e-06,5.65333293311673e-07,-2.80987154951431e-16,-1.37130649976824e-07,-3.37504601038842e-06,-7.93133552876485e-17,-9.68159410128891e-08,2.18351161200421e-07,2.92219069808435e-16,4.65929504513967e-16,-8.05563388568644e-09,-1.98787410536643e-06,-1.1347796283119e-08,-1.57813155859187e-05,1.0201244868303e-06,2.69061718099868e-08,1.19616814648597e-06,2.43085382481448e-07,-6.20899724873481e-06,5.54027310140093e-16,1.16572657996338e-09,3.72087577897665e-08,1.04820562366755e-07,1.03773360525538e-05,-2.72740574742382e-16,-1.32132254729246e-16,0.00240418400530967,-9.68429037947102e-17,1.68738809177162e-16,3.00487253000169e-07,-4.44079095206755e-07,-8.31480383985738e-08,-2.04507547718932e-07,2.14842148362692e-06,5.61476344776849e-07,6.35806088542306e-05,-1.71782087018281e-16,1.66015330383507e-06,7.76138546993707e-08,3.5626229193428e-07,-7.81780682652481e-08,3.09641193561337e-07,7.71959896290728e-17,-3.98012718109965e-17,1.01484675652593e-16,-1.24736330141902e-06,-1.30745748123291e-08,-8.4766704274904e-07,1.34276222151908e-16,-1.00373700644844e-08,-4.99826846889888e-16,9.13735255264793e-18,1.65255278967092e-06,-4.13792730486112e-07,2.25514051876985e-17,-3.41925761002837e-06,-4.61437703398612e-08,3.82523304558113e-16,1.04498596669278e-07,1.8264797388414e-16,1.69276780146501e-06,-5.80626931631929e-17,1.68859850803818e-06,3.19578051243873e-07,1.15730014122682e-08,4.98393621319234e-07,3.42251274351596e-06,-3.7434961849131e-08,1.15174326356164e-06,1.52192817572239e-16,6.82721086713396e-07,-3.85457562731196e-08,-9.90568806052034e-17,-5.080105899109e-09,-1.03596797951598e-07,2.4084222805832e-08,-2.48905992073087e-16,7.74056443742376e-08,1.02417050435648e-07,-4.86939922236673e-16,-2.84319212719146e-06,-2.15859615935573e-06,-2.94948977029985e-09,-8.31333011942135e-17,-8.25887365904595e-17,5.28489518236355e-08,7.38510755281623e-07,5.97575676280352e-08,-2.1164943117354e-08,4.39282536089708e-07,4.46482107830436e-16,-3.08611340202524e-16,1.60433734719167e-06,8.20779765949139e-06,6.94743087391132e-17,3.87988143390224e-06,-2.50304717770621e-16,4.41273987322217e-08,-6.41960495713127e-05,-4.31296161664445e-07,-2.8757818208134e-06,-1.13551757914765e-16,1.70234172085052e-16,-3.63994197495395e-16,-1.10247020291698e-16,-5.09693382721657e-09,-1.76836762999287e-08,-8.82819532523757e-16,1.45211674863108e-16,-2.14901568203863e-16,2.49109048715792e-08,2.23943958457102e-10,-1.23427063135513e-08,-7.47839106422558e-17,-9.12654283743985e-16,9.20812905091939e-16,-5.313859996215e-07,1.62627449543295e-08,-1.56846496954998e-16,2.85812207509344e-09,-7.48239704705169e-08,5.52351556962633e-16,1.21405197328917e-15,-2.35230312605238e-06,-5.30595295996056e-10,-1.16715838868123e-06,3.90193391122848e-16,2.90382326410226e-08,4.70207780324807e-07,5.09455735481407e-07,-0.00134680044876283,-1.01466104150026e-07,1.74858903068884e-09,2.5574462725771e-16,-1.89862427831551e-16,2.04699917071409e-16,3.41015737192287e-08,-3.08796108236352e-08,-5.27868327786856e-07,-9.19610741283711e-09,3.22933334240524e-16,3.65827207689216e-17,1.5695613534168e-16,2.27366660303072e-16,4.09191875054646e-16,4.40091276249598e-08,4.32331215328861e-16,-5.1064702537844e-16,-3.22777128968609e-07,-4.77950500720643e-16,-2.88951147805985e-07,6.51552443671789e-16,-3.58256618257727e-07,-3.84760547123022e-16,-4.34393908116627e-07,-5.43793911505447e-08,-1.09707981495643e-07,2.45121988418909e-17,1.74728371700046e-06,1.95734190695235e-16,6.0720953573989e-07,-9.67290909661969e-08,5.35343478676293e-10,-9.56954755915751e-17,2.94978581036844e-06,3.75249977604719e-16,-2.12536418710386e-07,-1.0850064577765e-07,-4.17358547378244e-16,-7.21080872884042e-16,-1.1628625801568e-15,-2.09394803064396e-15,-1.39756439226391e-06,-2.14493494926061e-07,-4.79050218920425e-08,4.49391666027595e-16,5.28312116009299e-16,-1.12273979952883e-08,9.1589284399729e-08,-5.88259011548174e-16,-6.19600618704695e-16,-1.82812075799368e-07,7.63237805182269e-16,-1.55094244778664e-06,-2.79069882695245e-16,3.24802595582082e-07,-1.50952751559789e-16,-5.07649699767575e-16,4.63746122691829e-16,-1.27488388851209e-15,-1.01621478047035e-15,1.17450532088003e-15,6.25220880299566e-09,-4.37265440636078e-08,-1.31527801738206e-15,-2.90470230410171e-08,1.22066640582697e-06,-5.45463418677796e-16,8.32912107922508e-16,1.66954411574455e-15,-4.3444459133229e-15,4.91614231603598e-07,7.86361653898654e-08,-3.50473033560293e-15,-3.59875709685398e-15,-2.18878969121806e-07,-7.07019115791844e-08,-1.07052921624704e-09,3.27972525347395e-15,-1.9507664299497e-15,-2.80282896658381e-15,-8.50725860431139e-15,1.78472431592788e-16,-2.19428120626302e-15,1.88539000048283e-06,-1.49036613187045e-06,-3.42995498081555e-07,2.06573562420146e-14,-2.94666532704857e-14,-4.89111221489207e-15,3.31698094058816e-13,-0.707106781186547,-2.07426445681671e-13,2.91373588182104e-14,-1.01913210755138e-15,4.1654853699486e-15,-3.1609269782128e-15,4.94043276588965e-15,7.72437142080437e-15,-5.75769599441532e-15,4.21582339687671e-15,4.18963146382279e-09,1.49265873174141e-15,7.84162600882631e-16,2.3574861475683e-15,5.93231021490725e-08,-3.21439875324809e-08,4.03910450941204e-15,-1.53121001718397e-09,5.42398106293964e-08,-4.91995371122537e-16,-3.79566352027697e-16,-1.04634247883652e-07,-2.35090447874505e-15,1.33674185090455e-09,-8.64664667427729e-17,-1.67850309121169e-15,-6.59709917881522e-16,1.18139057006544e-15,5.88249811220735e-08,-1.79767181457059e-07,1.74285500976785e-15,-3.20200322340997e-16,6.60513730979417e-16,-2.1886037098901e-15,1.00538067454581e-15,-1.49754506624378e-15,2.11708421142085e-16,-1.01056887629079e-16,2.16856710206391e-09,-9.36051629352708e-16,-2.22910125397782e-16,-5.99932286338074e-16,1.33283134204232e-15,-3.43256608952287e-16,4.05997158463013e-16,-4.71703297432234e-07,1.1392392135545e-15,9.55793336723018e-16,3.19123825971222e-08,9.11127092877153e-16,-7.49779340402963e-17,4.81673229171504e-17,4.49614127681065e-16,2.66393026672431e-08,2.82280663869096e-16,-8.81874857509935e-07,-2.14014519437739e-16,6.47504455081556e-16,-1.30546416348278e-16,-3.82308320743228e-17,1.26576920672025e-16,-7.5109556901544e-16,2.6537071834247e-06,2.22400196428244e-16,2.53178245750398e-16,4.0628572398675e-09,-1.49798069282747e-05,2.69960275546923e-16,6.84353355220221e-07,4.08005802670406e-07,9.69381631367152e-16,-2.12016166613736e-16,2.78615010601878e-16,9.08388813943431e-17,2.26219151036383e-16,-6.85686721937587e-07,-4.09296143878566e-16,8.54339364395751e-16,-9.09099418691326e-18,2.74536713422247e-07,6.08311204568408e-16,-7.70269423431374e-17,4.45448680920547e-16,1.8214915284591e-16,-1.25093127099487e-07,5.96975445030093e-16,8.40712250819645e-10,2.97832037872246e-16,-7.09764295729702e-16,5.63128887878587e-16,-8.27390662644256e-16,-3.83560131230674e-16,1.78902043292133e-16,-3.64205407127444e-16,-1.45926453009904e-08,-2.09759518420942e-16,1.22389354825898e-17,6.13554025760445e-09,-2.10584631544199e-16,4.86979199766063e-16,-9.93177683973071e-16,4.98717401746076e-16,5.69670958172431e-16,-2.42692659909488e-16,-4.44931992087933e-08,3.48779969517161e-16,1.78994041175493e-16,1.32507268617673e-08,7.77471996737711e-17,4.60025537160831e-16,-1.23269082171376e-16,8.16728243684416e-16,-1.47897659837454e-16,-4.89270205836327e-16,1.72743835059699e-16,5.43323722169456e-16,4.04506299072356e-16,-1.83692633436224e-16,5.00455963230837e-16,-6.95563034273904e-09,2.30667697099533e-08,2.17501960563833e-17,-8.01709856303638e-17,1.09947772135319e-16,-4.53529121535493e-16,5.69639821423884e-16,-3.96568690439124e-16,3.73672893759089e-16,-1.48776870881773e-17,-2.19942088885171e-08,7.21009779088706e-16,2.49637904826328e-16,-3.03548816122147e-16,3.1454659580317e-16,2.56129337945045e-09,-3.66899138164017e-16,-4.06311704346912e-10,3.26063665304173e-16,-7.46047847772254e-16,-1.10254626180887e-16,-2.79809242793997e-17,1.09717451085237e-16,-2.09656732508658e-16,1.13916932453891e-16,-7.26916552083268e-18,1.68600988584325e-17,-2.0239860341095e-16,2.38450425203999e-16,2.99474046545294e-17,-1.59144243636323e-16,-1.02708670538645e-16,8.67221291209748e-17,2.36364862656473e-16,6.67817657887707e-17,-3.84976503747456e-16,2.79804543919391e-16,2.04087522751541e-16,1.09504419421036e-17,8.93671606899215e-17,7.77589860021945e-17,-4.03011373726833e-18,1.1921230943519e-16,8.64167087064223e-09,-3.74619235661592e-16,7.05811361924796e-17,4.62031979703198e-16,3.33733292194554e-16,1.0139337224309e-16,5.26399822601999e-17,9.88668305074648e-17,-2.67890345500372e-16,9.32157392458559e-17,1.44666462262694e-16,6.92805188218237e-17,-3.24657588421044e-16,6.2251125415501e-17,6.73076965295987e-17,-1.64720234188285e-16,4.26297776865638e-16,-9.34217081146853e-17,-1.11286257378851e-07,-2.15770200793853e-17,-8.19031676753222e-17,-4.43272540240418e-17,-4.41670417309426e-17,7.47678943335697e-17,1.04060757297713e-17,-2.95218772856522e-17,-5.68427988055431e-17,2.62164093504657e-17,5.81548496343944e-09,1.94297506163483e-16,1.16043255329457e-16,7.56515599235872e-17,1.78016245648482e-16,2.37451146452848e-16,-7.02383487325875e-17,-1.40263600464164e-16,8.40729898827381e-17,3.59709761736806e-17,-2.19963549159331e-17,7.42639593379762e-17,-2.58561550602977e-17,-1.41033547851124e-16,1.19108044929161e-07,-1.63204766569809e-16,6.39822011016779e-17,-2.00224289899805e-17,-3.19189119579733e-16,-8.05642728100636e-09,-8.79475059199543e-17,-1.44525158873169e-16,7.14960530615317e-17,2.60995841138301e-16,-2.83628061230426e-16,6.29120973550598e-17,-2.86960376983079e-17,-6.13153366040528e-17,1.52058241467934e-16,-4.33979220717103e-17,6.29482108580161e-18,-1.32985405522706e-16,-4.37680971127984e-17,4.38836327454492e-17,-3.62806227250907e-17,9.31942321297223e-17,-2.72632113133662e-16
"t451",0.032175925663565,-0.00777994413451001,-0.00835992737796674,0.000371938310103329,0.00183369514819689,0.00345997222022318,0.000770311677971186,6.84173742807394e-06,-0.0313186709527359,0.118190754608655,-0.0202673499381053,0.00245364180321991,-0.00474723323789331,-0.000992551198113317,-0.0260264729091796,0.000571561642331237,0.000359364140934275,-4.17956886478966e-05,-0.018120443017113,0.00237586687688817,-1.92215923108618e-05,2.07153246932489e-05,-0.00257288908135933,-7.80379400020653e-06,-5.43120296015408e-06,0.000388862738556981,-0.0019282967896111,1.88687585229415e-05,-0.000277170433913676,0.00079193060937929,3.09354328053769e-06,0.00420477172420202,-0.000202379720397987,0.00498267098857133,-0.000438218304702392,0.000147789513525763,7.76834335990465e-06,-2.0373262965572e-05,-0.00119618190009144,-0.000435606449225967,-0.000476355483731804,0.0145050199726409,-0.00140249266924164,0.190713530964017,0.000517101580344865,-3.49439931732376e-05,5.91352070439225e-06,-8.59325917386995e-05,0.00475563445748553,-0.00805441236952932,6.27510240956724e-05,-5.91645085112558e-05,6.46517031828714e-06,-2.213069263264e-05,0.000646931808511198,-0.00158027465622865,0.000674909520905903,-0.00731641694244032,0.0957875525435853,1.21806807760309e-05,4.92268605510885e-06,-0.000183613985098163,8.40256195219763e-05,-5.88652849614156e-05,0.000141816720029447,-5.05063237474401e-06,4.36444892641711e-06,-1.70147071136286e-05,2.51494085828556e-06,-3.30680933649841e-07,-2.71105224914584e-07,9.26437164398483e-07,-3.2384507804826e-06,-2.12508192115042e-06,8.93488586677743e-07,3.20879480449698e-07,-7.73496130562052e-06,1.12792106322606e-06,-0.000136666337854748,-4.20539741946396e-05,2.39942273881762e-06,0.000183729171710115,-9.89437313439352e-05,-7.77727700542967e-06,2.60825887240006e-05,1.87709086938927e-05,-4.27719091860944e-06,-3.63681227147227e-05,-1.81103926572603e-07,8.37380129524966e-06,-0.00546668666725802,5.62572361959002e-09,3.92371393905517e-06,-3.1133916366284e-06,-1.32142162232994e-06,-3.21060971505689e-07,-3.7377729839923e-08,9.33370790394793e-08,-5.93804447548489e-07,1.10620666602074e-05,1.4123162687221e-06,-9.79203451184195e-09,2.16031062254255e-06,-8.22286114021503e-06,4.37672931357188e-06,-2.90070544440658e-07,8.33115305033489e-05,-1.07295908433143e-07,5.71288136518546e-05,-4.44083379347966e-08,-1.49822774950935e-06,-3.19967032722272e-06,1.0007873619803e-06,-1.26051419409363e-06,4.3791312605483e-05,-1.64571478863168e-06,8.61098988513311e-05,-9.97165240263137e-05,3.64968599567929e-05,-1.37892219685027e-05,8.1793604414776e-06,-1.9587664471504e-05,0.000207844222823993,0.000363565218864418,-1.71678552426762e-06,5.19549335263836e-05,-5.69419775544276e-06,0.0709126854301474,-4.05978528060822e-05,-0.00142617748821836,-1.12269544751e-05,5.62687096341928e-05,-4.57839924758259e-06,-8.14464571298861e-05,1.45213964974138e-07,-9.70661295949816e-05,0.000121158494724015,1.43340289837805e-05,-0.000676015225441581,0.000569409080310031,0.000509803337751163,4.52733830093716e-05,-0.000411970073193665,-2.59959139851059e-05,-1.49939486660037e-07,4.76063560151562e-05,1.76015140991194e-05,-0.00054722995033757,-4.13163958820419e-05,2.89841933703071e-05,3.82227211764609e-05,0.00131927608368281,7.05042313362972e-05,-0.118965806217761,2.67329706462282e-05,0.000568753505116446,-0.556264795663954,-6.28294358568862e-05,-0.000130360080649492,-0.00761766729858342,-3.45039107935909e-05,4.90505698719594e-06,-0.000140850847820872,-4.16835096764163e-05,2.42850995025083e-05,-1.47296113897016e-05,0.000811823070688749,1.37688778706194e-05,0.000683188583506154,1.34085396301953e-05,-2.31159586239459e-05,-4.06104005433918e-06,4.6095341059552e-07,7.00973816518873e-05,2.84857897655962e-06,5.78467685028574e-06,2.53143796919015e-07,-1.00789283742892e-05,-0.0331547134679234,4.07525802145634e-05,-2.57000498994629e-05,1.44183280057806e-05,-3.48030327165047e-06,-1.4936086610731e-08,-4.71428555653988e-07,-1.6985235104419e-07,-0.000923266840548013,0.000212845472407143,0.00095289118528237,-1.57103028248043e-05,-2.51594584907617e-05,4.48379663409843e-05,3.86171390879991e-05,5.45992632405380e-09,5.2465861831732e-07,-4.00114714596567e-05,-6.07687685267563e-05,-9.50916735686064e-07,4.24940567452897e-05,0.00198145997020239,1.58785072243432e-05,5.39004653078537e-05,-4.47411791680877e-07,-1.80453190792606e-06,-0.000109160010488575,-1.14428041045657e-05,6.87260960499401e-05,8.02189567851528e-06,-0.000418479513088033,-8.55469407747775e-08,-0.00160400250787803,-9.98151329062991e-06,-2.05343389436857e-05,-0.000209031961213906,-1.14267116829681e-07,-1.55496396316178e-06,4.27645262960224e-07,2.7021959690454e-07,-2.85390783634708e-05,-2.93516844323998e-05,-1.33380146197743e-05,1.54398036577611e-05,3.38233674030556e-06,1.42806774057906e-05,-4.21620356560925e-05,-2.40613218803044e-06,-0.000227947442667195,-1.30878879127024e-06,-0.000127449326515333,-0.00892293108021487,2.3586515434402e-06,7.2791113372551e-07,0.00293204888788841,6.52440455990515e-06,-2.09226333648e-06,-9.18138541899499e-08,-4.07409696239791e-05,-2.83604293804685e-18,-3.85108230872223e-07,5.50012938109858e-06,-1.11531918975358e-06,-2.85418585115735e-06,-3.8242577641641e-05,5.28708444627114e-07,-7.41081268803406e-06,3.29028931308372e-06,-2.69188754714888e-06,1.74452870926761e-07,-8.19088513224334e-07,0.000329178249586867,-2.14166848067127e-07,2.35335926518225e-05,-8.34415516209581e-05,8.445716936294e-08,-5.54172569660651e-09,2.64521470111139e-07,-2.51068068297835e-07,3.95459011576972e-06,4.33387822659559e-05,-8.28919119078099e-06,3.84176108281554e-06,-3.02753503248842e-05,8.2842307381093e-05,-5.07703422847934e-06,2.31210805341163e-05,-7.86704038023559e-06,1.86346196888556e-07,0.00216003379859363,2.06016173135119e-05,3.95394957098411e-06,3.60629317315516e-08,-5.8461151079143e-06,1.32396792803196e-06,-1.98608023076836e-06,3.17196980214071e-06,-6.17734868092566e-06,4.88161447217244e-06,-3.6169024919442e-07,7.14646169615768e-05,-3.13313109027969e-07,5.18523724877848e-05,-1.1363049232348e-16,-0.000130629289607892,-5.4504997631955e-06,-1.40997280868439e-10,-1.27216490491832e-06,1.9261531891735e-06,-1.2113132961335e-06,-3.46490624481639e-07,4.49692546844838e-08,-2.02370616266141e-06,7.66744348651237e-05,1.25974997866452e-05,-2.61766596952896e-07,0.000142185147816719,-0.000211219593950522,1.45113210138873e-05,-0.000167203769444685,7.42470101414866e-06,0.00113637049186982,2.0258262881297e-07,0.32459630289619,4.7184690809065e-05,-1.81271511411757e-07,4.72164081105571e-05,-4.53780483100643e-06,1.55777165361948e-05,-7.5177624367215e-06,-2.80013461179886e-05,-3.14537368612467e-06,9.65417547813746e-07,5.65312041289468e-06,-5.13512101567155e-07,2.17659444930514e-06,-2.55400373176252e-06,-0.00203274433162842,3.36093807665419e-05,-3.81727853428941e-17,-4.35033531261985e-08,-4.994061578046e-07,4.07349005525012e-08,-9.72706857155285e-06,-2.5048851408651e-08,-2.44373241318007e-06,-5.30355603825665e-06,1.50140219324995e-06,-5.37099499449949e-06,-7.9354372650915e-18,1.09721006453613e-05,1.93116699973715e-09,2.99236628045603e-07,-2.8917834842955e-08,-3.07152481842429e-07,4.74817921308604e-08,-0.000585187169891772,-7.55124338936483e-05,-1.25012742338062e-08,8.73792412673237e-05,-1.23708993661427e-08,-1.46866627086596e-06,-2.16217475860778e-09,-3.58291486919887e-10,-2.27936683537655e-06,3.12437516993248e-08,-2.85178049807635e-06,-3.29290596656174e-16,-2.45574400235419e-07,2.05206077497164e-08,5.91767612146057e-10,8.03695666656301e-09,-0.000235127542612404,-2.01859083209045e-05,2.21699290674116e-07,-8.145841167552e-07,-4.7140873999148e-07,1.01148862673239e-16,-3.73962749367598e-06,-3.11749141533094e-08,-4.92173723450959e-06,4.13754537306219e-16,2.2847585120564e-06,2.93608050706686e-07,-4.51032644220831e-08,-8.0013474147888e-06,-2.69313016762189e-06,-1.44842260681151e-06,-1.10287495275763e-06,1.49144528558318e-06,2.5223837047063e-07,1.41666889069124e-08,1.29634528315179e-05,1.00536278261252e-07,9.15691391269643e-17,-4.27162093480963e-08,1.5970846737385e-06,7.08967964094995e-07,-0.000419363433488903,1.35754443363856e-16,-9.23260459756156e-08,1.79283492949493e-08,-0.0001938881129545,-2.92454370037082e-08,-4.66964226364564e-06,1.0720095121537e-07,-1.4577041681942e-06,8.29643835211075e-06,-2.71407522845243e-16,3.19497748169107e-05,-1.53116617353493e-07,4.62127265585309e-07,0.000178288321865353,5.20711445343885e-08,-2.3298400203144e-08,-2.8275992658422e-16,6.01321652182667e-17,-2.94372266850041e-08,-8.15672406917972e-08,1.07865565455004e-08,-5.2284942153812e-06,3.82322348815764e-15,-2.54329711056688e-06,-3.03230082301943e-08,-9.6707134785678e-18,-7.09949684878167e-17,-1.11661680751912e-16,6.61379078345364e-06,4.18400896802758e-07,-4.63994887747514e-07,1.42671400735965e-05,2.02879419321115e-06,3.81214878183549e-07,-1.65709479715166e-07,-5.19652910411869e-17,-3.77530181335002e-08,1.08060103886229e-07,-1.26718457062461e-17,-1.94754395090165e-16,-7.94870580443568e-08,-2.21373763702803e-09,-7.71838524234938e-08,0.007796179889458,1.40485142545789e-08,-2.96370568222263e-07,4.19851539594952e-16,-2.82010294828275e-07,-1.11356756261923e-16,-4.96495646310808e-06,-4.5812962798375e-16,-3.01673710939706e-08,-1.53245496505013e-17,1.31809141849333e-07,3.50385385265045e-08,7.30922018792413e-07,2.34230781024349e-06,1.03864190779299e-07,-1.21147378396101e-08,7.76554474201472e-08,2.84125748589207e-08,6.1867413579255e-06,4.77493923630385e-07,2.80477390900962e-08,-7.96902079285558e-08,-6.36232081301375e-06,-5.18418759964511e-07,-3.85827393932933e-08,-1.50161007304414e-16,3.63468029368902e-07,-6.29917276941429e-08,3.29974937144946e-08,1.28516094129711e-16,2.67782692624045e-07,1.76243298222263e-06,5.65333293435222e-07,2.77669391169254e-16,-1.37130650298519e-07,-3.3750460103503e-06,2.4827922072182e-17,-9.68159411467912e-08,2.1835116124994e-07,-1.5035180025499e-16,-6.16534931155069e-16,-8.05563402062017e-09,-1.98787410540359e-06,-1.13477960722562e-08,-1.57813155860697e-05,1.02012448687816e-06,2.69061710059248e-08,1.19616814657425e-06,2.43085382833023e-07,-6.20899724824661e-06,6.07586897460877e-16,1.16572656958273e-09,3.72087571152499e-08,1.04820562622213e-07,1.03773360524178e-05,-3.24957541518726e-16,1.61609405597335e-16,0.00240418400530973,1.55027364788306e-16,-4.67221239746047e-16,3.00487253310278e-07,-4.44079095373035e-07,-8.31480383579691e-08,-2.0450754778982e-07,2.14842148390589e-06,5.61476344951792e-07,6.35806088539834e-05,1.99129585570038e-16,1.66015330387589e-06,7.76138545928408e-08,3.56262291586287e-07,-7.81780681255876e-08,3.09641193318272e-07,-5.551563400021e-17,9.47643266243531e-17,1.35433811373202e-16,-1.24736330204544e-06,-1.30745746759342e-08,-8.47667042652835e-07,-1.58019431999293e-16,-1.00373702147791e-08,5.2463578589167e-16,6.06720336689799e-17,1.65255278961219e-06,-4.13792730268563e-07,1.30537941567255e-16,-3.41925761007997e-06,-4.61437701969027e-08,-1.60292677492065e-16,1.0449859627124e-07,4.64734110048237e-18,1.6927678018595e-06,-1.47383415006645e-16,1.68859850720315e-06,3.1957805150614e-07,1.15730010849305e-08,4.98393621159848e-07,3.42251274401548e-06,-3.74349617297603e-08,1.15174326426982e-06,-1.01022398256308e-16,6.82721086446699e-07,-3.85457565040576e-08,1.67380066503835e-16,-5.08010594083987e-09,-1.03596798360028e-07,2.40842228540871e-08,2.84722014561822e-16,7.74056448959992e-08,1.02417051151197e-07,4.61745860332924e-16,-2.84319212678533e-06,-2.15859615903608e-06,-2.949489821221e-09,-1.53880494822777e-16,9.76986138186114e-17,5.28489520503027e-08,7.38510754995587e-07,5.97575674886918e-08,-2.11649438706827e-08,4.39282535534523e-07,-3.82859853857496e-16,4.1703806698833e-16,1.60433734735701e-06,8.20779765866453e-06,-1.2298070666321e-16,3.87988143424656e-06,2.42859354988965e-16,4.41273991884873e-08,-6.41960495710705e-05,-4.31296161929768e-07,-2.87578182032928e-06,-5.7196917430167e-17,-1.61907212624311e-16,4.20139334960932e-16,-9.67168642884804e-18,-5.09693335901778e-09,-1.76836752561656e-08,8.97422455063156e-16,4.05586959268391e-18,1.92519293352664e-16,2.49109051779838e-08,2.23943634279785e-10,-1.23427057399964e-08,1.26988045588085e-16,1.21021356998263e-15,-1.37636755291604e-15,-5.31385999118023e-07,1.62627452285147e-08,8.47176514064989e-17,2.85812123889209e-09,-7.48239704351032e-08,-2.97943653858989e-16,-1.23871796916539e-15,-2.3523031255027e-06,-5.30595110999595e-10,-1.16715838853777e-06,-1.99815436800768e-16,2.90382323052322e-08,4.7020778159064e-07,5.09455735840924e-07,-0.00134680044876174,-1.0146610456753e-07,1.74858965325747e-09,-5.60984923559171e-16,-6.37970282751862e-17,-1.47577618747756e-16,3.41015737359212e-08,-3.08796108405764e-08,-5.27868329516116e-07,-9.19610754642392e-09,-2.49275114595906e-16,-1.24113003622119e-17,-1.16828571748631e-16,-2.90335178289184e-16,-4.26877091439198e-16,4.40091260866763e-08,-4.35353972153066e-16,2.35031344848188e-16,-3.22777128403867e-07,4.85945554014436e-16,-2.88951149607682e-07,-5.70612971903994e-16,-3.58256615977162e-07,3.26069390599175e-16,-4.34393908501291e-07,-5.43793914705356e-08,-1.09707981331378e-07,2.4023036362126e-16,1.74728371533712e-06,-1.65313063370843e-16,6.0720953601117e-07,-9.67290915157665e-08,5.35343196008086e-10,9.43317027910539e-17,2.94978580829484e-06,-4.15606741538676e-16,-2.12536419356819e-07,-1.08500646229265e-07,1.18978372794468e-16,6.77103942582764e-16,1.23709119916067e-15,2.1715283942742e-15,-1.3975643931399e-06,-2.14493496827776e-07,-4.79050218074808e-08,-4.78553692769869e-16,-5.20856628789423e-16,-1.12273973079266e-08,9.15892854292874e-08,6.50334862888824e-16,5.60161977258692e-16,-1.82812075706856e-07,-6.60872251179018e-16,-1.55094245109242e-06,5.76825590445994e-16,3.24802596610314e-07,1.60341330090606e-16,3.21799983892018e-16,-4.24085294280215e-16,1.33242388869972e-15,1.03772766648181e-15,-1.24302157827386e-15,6.25221332801454e-09,-4.37265407275069e-08,1.19730007238641e-15,-2.90470205115565e-08,1.22066640794225e-06,4.98187201182981e-16,-8.53973012999471e-16,8.39863142775734e-16,4.12964875897854e-15,4.91614227688829e-07,7.86361742174184e-08,3.78282880147095e-15,3.59089751742292e-15,-2.18878972933079e-07,-7.07019098274303e-08,-1.07052673477072e-09,-3.26980755262664e-15,1.89665376489476e-15,2.74969321323232e-15,8.41944939829275e-15,-2.39527485624478e-16,2.23640013527346e-15,1.88539000334075e-06,-1.49036609393546e-06,-3.42995494592506e-07,-2.0708102268471e-14,2.94687248966459e-14,4.57052287552377e-15,-3.31738350079944e-13,0.707106781186549,2.07523014781101e-13,-2.90509334149054e-14,1.06276330219891e-15,-4.23586565883805e-15,3.16915475638463e-15,-4.88023454605441e-15,-7.94770925033538e-15,5.76427224155792e-15,-4.23861867881982e-15,4.18963400568004e-09,-1.47831907560991e-15,-6.92087079788784e-16,-2.35545127318799e-15,5.93231018647666e-08,-3.21439888758299e-08,-4.02779088883784e-15,-1.53121447260288e-09,5.4239805227121e-08,5.16493257267808e-16,3.09634287363927e-15,-1.0463424730338e-07,2.41875599031746e-15,1.33674202863745e-09,7.22666214298529e-17,1.66945381729444e-15,6.96659129216099e-16,-9.64702552197919e-16,5.88249792513427e-08,-1.79767183696722e-07,-1.75018687662814e-15,2.88217728501067e-16,-6.81504997614378e-16,2.05110112296876e-15,-9.4276799908477e-16,1.36886136553865e-15,-1.66566977194006e-16,1.51564995216314e-16,2.16856741294847e-09,9.65335772396559e-16,1.78859635582351e-16,5.60038083801479e-16,-1.33082326147204e-15,3.79801672210246e-16,-2.51933989250872e-16,-4.71703296944211e-07,-1.10591467997255e-15,-1.04058399712266e-15,3.19123820853796e-08,-1.01190091387164e-15,1.38496063857137e-16,-3.30666854459585e-17,-4.27258078672882e-16,2.66393046010934e-08,-2.70756322182637e-16,-8.81874857157671e-07,3.49714784325945e-16,-5.98517349034261e-16,9.10272129273236e-17,-2.40067771976708e-16,-1.00076894339764e-16,3.93984532941768e-16,2.65370718201101e-06,-3.29359342174815e-16,-9.09499570446335e-17,4.06285704843441e-09,-1.49798069284995e-05,-2.36214780075369e-16,6.84353355249843e-07,4.08005803826828e-07,-9.66129489848095e-16,2.6557490531854e-16,-2.48315946195455e-16,-1.37564872235584e-16,-2.80269536517126e-16,-6.85686722532817e-07,3.92704001808284e-16,-8.54397140759294e-16,5.75446394899435e-17,2.74536713641307e-07,-5.07498249358984e-16,4.38313922688225e-18,-5.83995596470029e-16,-1.02870989521273e-16,-1.25093126937772e-07,-4.59455429286022e-16,8.40712446926608e-10,-3.21561123190019e-16,5.84813754694635e-16,-5.5500473799301e-16,8.36503785761606e-16,4.29872295404626e-16,-2.16986242504788e-16,3.06659996388281e-16,-1.45926451409619e-08,3.37294585542881e-16,1.7038799005817e-17,6.13554082452182e-09,1.32110717767829e-16,-4.68160058392267e-16,9.90693023333757e-16,-4.46408741054969e-16,-5.31218294082774e-16,1.89447872494173e-16,-4.44931994542566e-08,-2.46197601643865e-16,-2.82455342873918e-16,1.32507264296515e-08,1.89638235100139e-16,-4.83752076814226e-16,2.29084498911134e-16,-7.69999284496126e-16,7.65743246376688e-17,7.36961889414494e-16,-1.35913783691931e-16,-5.19770696685197e-16,-4.41308739048895e-16,1.98073211283781e-16,-4.06475430015812e-16,-6.95563066573463e-09,2.30667694494869e-08,-4.18961595980807e-17,1.50525610145485e-16,-1.51944414376583e-16,4.29628209941077e-16,-1.33031606563971e-16,3.88517984634761e-16,-3.92763338918934e-16,-4.84823259690804e-17,-2.19942086814771e-08,-7.46960401267623e-16,-2.2048019782698e-16,3.22121618506704e-16,-4.24371310843369e-16,2.5612931349278e-09,6.99393688560738e-16,-4.06311645257563e-10,-3.37878408997717e-16,4.14831550935253e-16,1.38962405130511e-16,5.07173841710349e-17,-1.1705250369721e-16,1.62887689814829e-16,-7.51714176285785e-17,7.04620730748014e-17,1.11728129537531e-17,1.51664302657159e-16,-2.09636332176097e-16,-5.53121958799697e-17,2.30592969682168e-16,9.48913449160345e-17,-6.83182264275427e-17,-2.58029467102958e-16,-4.65752586296889e-17,2.63525095608651e-16,-3.58553960028095e-16,-1.61698054267612e-16,2.84386229842948e-16,-1.08771909812265e-16,-2.11831414268684e-16,-1.38461008624442e-16,-1.9744239161811e-17,8.64167109984927e-09,2.30489407616981e-16,-2.05510947030956e-16,-4.19461199197661e-16,-3.85590903440414e-16,-8.66058519819928e-17,-6.65807237971379e-17,7.49936040961853e-17,3.21212960966811e-16,-1.29546367397878e-16,-1.87667197013401e-16,-2.03179487123784e-16,3.02427160163341e-16,-5.92238571044429e-17,-6.15554732516943e-17,-8.65452568093277e-18,-4.61810125290564e-16,1.09147185843968e-16,-1.11286257302349e-07,6.227971449259e-17,2.44787554074833e-18,3.32407374978562e-17,1.24232398629515e-16,2.0374340123395e-16,-8.20810556464455e-18,7.07821083032882e-17,1.04586129391002e-17,-1.3650287103077e-17,5.81548512418738e-09,9.75324622691508e-17,-1.90836394687499e-16,-8.57846551784258e-17,-9.66942491967234e-17,-1.80298936810916e-16,3.14044574471311e-16,1.80548676147374e-16,-7.34161680377556e-17,-1.92818500779436e-17,-9.2462368677402e-17,-8.30574402088822e-17,4.68800144470473e-17,5.56490777649028e-17,1.19108045006392e-07,1.99121555749293e-16,-3.86080135428885e-17,-1.44268741346418e-16,-4.0386530925085e-16,-8.05642723722322e-09,6.93421494291702e-17,2.74470352602543e-16,2.61360691753054e-18,-3.85987738326327e-16,2.1810197145504e-16,1.79458286476043e-16,1.87852018119761e-16,1.40340235780729e-16,-2.22643582370138e-16,6.83436990817664e-17,9.28432475926695e-17,2.01672771455818e-16,-3.9308602052993e-17,-8.4864250073747e-17,-4.87057581075388e-18,5.68278256908049e-17,-2.01828894830232e-16
"t763",0.0327608480006142,-0.00809121344264241,-0.0087061653246783,0.000393217408566583,0.00196572681816526,0.00376018210492331,0.000838708183206626,7.50749905463686e-06,-0.0350576896356671,0.136275219796193,-0.0245792007979781,0.00317265050198404,-0.00620578019753831,-0.00130523244474096,-0.0348421558978546,0.000785763749619739,0.000499956913760113,-5.87007427084094e-05,-0.025773135300177,0.00355868769552182,-3.05649630410791e-05,4.07529469368048e-05,-0.0055503593656277,-1.70181080992905e-05,-1.1934752194735e-05,0.000945531248834822,-0.00482770334782703,4.83569688224026e-05,-0.00076640524544775,0.00615382489132196,0.000839911801292245,-0.0422182089697864,0.000678425998664109,-0.0107495414390443,0.000642757589148107,-0.000129632638701833,-6.29158260488866e-06,1.49450302305185e-05,0.000841054675438734,0.000279285038812071,0.000255718472311476,-0.00668725134214322,0.000587549978816737,-0.0792626614803297,-0.000191679435202015,8.32673521332915e-06,-1.21802380361838e-06,1.64846151041001e-05,-0.000739270677877149,0.000973120666354871,-5.09079708545831e-06,3.83493011788986e-06,-4.04314327668712e-07,9.77316407699616e-07,-8.45272838929096e-06,1.40265430775953e-05,3.18607746217748e-05,-0.000416930887739157,0.0055565451788453,8.85499229044039e-07,3.74191455543885e-07,-1.38078300510341e-05,6.161507402262e-06,-4.27857156218277e-06,9.31236997804687e-06,-2.82104940373796e-07,9.25480127278636e-08,1.69132214919722e-08,-3.23140476903754e-08,1.22335622168413e-08,6.55027608496074e-08,-4.97431925212521e-07,1.94178380090524e-06,1.59193484699045e-06,-6.88015428076157e-07,-2.71580704132692e-07,6.79647367919493e-06,-1.19035889538362e-06,0.000218726535081795,7.99550668929137e-05,-6.18765664241181e-06,-0.000507382920757275,0.000469135840928102,4.42544897292798e-05,-0.000400043091762075,-0.000424796469533848,0.000163307721062679,0.00154355954341293,7.9129252206571e-06,-0.000394692467349592,0.352929981348094,2.74078839259534e-07,0.000175299491560844,-0.000105541789603004,-5.84690777613186e-05,-1.62859185223508e-05,-1.91012041068666e-06,9.14147716375416e-06,-9.83546023590211e-05,-0.000852492940401013,-4.39517841058241e-05,2.88064718353823e-07,-5.98161225987648e-05,5.00600618007716e-05,-2.47956438968484e-05,1.5567458090669e-06,-0.00040759246179529,5.11947492739229e-07,-0.000260954751143257,1.90233408266412e-07,6.28787858577184e-06,1.19381636154373e-05,-3.68349511033795e-06,3.50200859693221e-06,-0.000115007908396035,3.83364644181425e-06,-0.000190308941410454,0.00019118288016926,-6.10949651025177e-05,2.08019696069288e-05,-1.16124266552771e-05,2.20740049591514e-05,-0.000193198768418593,-0.000334993000112569,1.5284125253005e-06,-3.20859989126227e-05,3.34767772512332e-06,-0.00635160927004059,5.88515748810627e-05,0.00204668628789175,1.50650612845281e-05,-5.32065556662849e-05,4.12129870768353e-06,7.08804999310021e-05,-1.11324974404211e-07,7.31947783767566e-05,-7.22524560903875e-05,-7.1453980919412e-06,0.000262906945339197,-0.0002198534602908,-0.000188341054055667,-1.63493980429023e-05,0.000143366668551205,8.91833528434654e-06,5.14293930320816e-08,-1.47012907211627e-05,-4.32964421396508e-06,0.000102789207948832,7.19178347645212e-06,-4.19018157586989e-06,-5.4378413336094e-06,-0.000173255995130621,-8.80974683331346e-06,0.0140091279338425,-1.44399847398845e-06,-2.50961547682649e-05,0.0206680598660473,-7.63539018018567e-06,-2.53900540888092e-05,-0.0161534565449767,-6.51382354332271e-06,9.68202552246812e-07,-3.50318959893114e-05,-1.06311502740406e-05,7.48870187599295e-06,-5.39080581743454e-06,0.000486749263816836,8.41053757792372e-06,0.000419326196757241,8.85972228096697e-06,-1.67146041305519e-05,-2.97599762760738e-06,4.11224863955667e-07,6.69277652575777e-05,3.19288317291011e-06,6.76808403414403e-06,3.02951711887228e-07,-2.05252268433093e-05,-0.231230709254161,0.00048793957355555,-0.000976580690830374,-0.000100163259431894,1.65577372365429e-05,5.42143423548197e-08,1.396550809825e-06,3.08909900716847e-07,0.00152960954686763,-0.00019481746923753,-0.000858749954302183,1.22128559069001e-05,1.38422281679302e-05,-1.92976261134042e-05,-1.53510570458633e-05,-1.93517554740746e-09,-1.71070584256792e-07,1.02518924658946e-05,1.4793008877301e-05,2.07957255221169e-07,-8.81580126760027e-06,-0.00674455804241969,5.74650667493157e-07,-4.25757335875158e-06,2.80666392134716e-08,3.29978473297362e-08,1.97467655469688e-06,1.62247172240204e-07,-1.69139750254427e-07,4.38872746087379e-08,-1.08030723717727e-05,-4.26766387781612e-09,-0.000110186532450933,-7.43142868344195e-07,-2.06311301313974e-06,-2.40774623553666e-05,-1.32068098662297e-08,-1.97994023875423e-07,6.80119883762788e-08,4.47407733172615e-08,-5.82871058445847e-06,-6.94364024033662e-06,-3.32553137050739e-06,4.86988832637629e-06,1.13575362827818e-06,5.15777613734447e-06,-1.97854418782926e-05,-1.20269647878455e-06,-0.000115796940660285,-1.05902724845133e-06,-0.000168849154827899,-0.0592199827633431,-1.25267925869783e-05,-8.71175614496244e-07,0.0274109933626409,-2.69873632345252e-05,1.49259065954929e-06,4.53584251357475e-08,1.47366338877027e-05,3.51640609473078e-17,9.59629264376818e-08,-1.27999918940469e-06,1.6619268344074e-07,3.03926600571356e-07,3.04693278971865e-06,-4.13669672307075e-08,3.05248332757393e-07,-1.18683939434826e-07,9.09831850589282e-08,-4.12005439542465e-09,1.41758590054165e-08,-2.23990037441922e-06,5.3978705683423e-10,-1.91424256368159e-08,-6.63915749473471e-07,3.09669081603523e-09,-2.46928253885836e-10,1.33467413946428e-08,-1.54451203453923e-08,2.46072608220004e-07,2.97613456001738e-06,-5.96194590285807e-07,2.92607885374244e-07,-2.34427272649789e-06,6.52079139531517e-06,-4.08274944574697e-07,1.91407861210773e-06,-6.53311271008809e-07,1.64464837810473e-08,0.000190872099523241,1.82294618183586e-06,3.54728608035179e-07,3.25125120760058e-09,-5.3487577203289e-07,1.21448909119214e-07,-1.94308376727655e-07,3.11889664324356e-07,-6.09658826990754e-07,4.85494659800461e-07,-3.61636419814253e-08,7.21359676801319e-06,-3.16931338007446e-08,5.25295303933099e-06,-7.85794659907038e-16,-1.32847745237268e-05,-5.54509814891444e-07,-1.43586380130621e-11,-1.29679094304215e-07,1.96239832146047e-07,-1.23328435669257e-07,-3.52626219089523e-08,4.53183463689535e-09,-2.03775374806982e-07,7.71895893863873e-06,1.26350558670469e-06,-2.60980467244504e-08,1.41878142322926e-05,-2.1101837300553e-05,1.46313924071422e-06,-2.36734758015475e-05,1.09216469244386e-05,0.50158033996104,-9.64909026624108e-07,-7.08433086098278e-05,-9.5020353726122e-07,4.5577926593504e-09,-1.5716897489986e-06,2.02049422959836e-07,-7.52313784484103e-07,6.54379911371869e-07,2.53824574793433e-06,3.07018018981866e-07,-9.91217823175595e-08,-6.87558946978829e-07,7.6974866436332e-08,-4.28901500788138e-07,6.20428588632013e-07,0.00391406675800579,-4.14940429829944e-06,-7.51588520008381e-17,2.20734220663061e-08,2.82450565437055e-07,-2.71757471753762e-08,6.52152783503999e-06,1.68822533377222e-08,1.71642534401002e-06,4.03078993497765e-06,-1.25586001671536e-06,5.5064003999799e-06,-4.19810204267935e-17,-1.93711166687695e-05,-3.69294884007031e-09,-6.89505822031077e-07,6.82470786380443e-08,1.38657433594744e-06,-4.46231460748164e-07,-0.00154621292493409,0.00471196192087864,-3.00694825024389e-07,0.000542741780743888,-5.71959246753329e-08,-6.04301784144473e-06,-8.37094244108613e-09,-1.26564122300988e-09,-7.97953716909849e-06,1.03683050607032e-07,-9.12198130081575e-06,-3.31864535492275e-16,-6.55109500828923e-07,5.35298169458166e-08,1.54336955472722e-09,2.0091740445295e-08,-0.000585489808145988,-5.01808226429196e-05,5.59346560998615e-07,-2.06289552299685e-06,-1.21391639085625e-06,-1.11736536373785e-15,-9.86513478645009e-06,-8.31032171062078e-08,-1.37463300811063e-05,1.20069907031434e-15,6.81431397286793e-06,8.9169276746151e-07,-1.38331390937243e-07,-2.50677801550956e-05,-8.77167112036721e-06,-4.8711583345308e-06,-3.81031687891777e-06,5.64271115757052e-06,9.65837917171875e-07,5.85066578150576e-08,6.30640652812406e-05,4.93832326370367e-07,5.91867720688509e-18,-3.57792804704567e-07,1.55018160360334e-05,1.08936079340281e-05,-0.178998920845728,-1.26328748141082e-15,5.93877054879431e-07,-4.95010500512882e-08,0.00462694783006685,4.35855144577936e-08,6.70650172897604e-06,-1.28083146896045e-07,1.28499141644618e-06,-3.69395901304548e-06,1.37257825398717e-15,-7.86499448572293e-06,3.57004645441241e-08,-9.59571633682951e-08,-3.12959685001402e-05,-9.01950565558141e-09,3.84042204769783e-09,7.32053306862213e-16,-7.06798747649074e-17,3.56637604846537e-09,7.22321154064264e-09,-9.14691696691371e-10,3.11095002414896e-07,-5.20290110430965e-17,3.34282923342064e-08,-1.27474450357363e-10,3.14491432313723e-16,-1.83520343092655e-17,-5.58066874196511e-17,3.22223069512323e-07,2.23840331857243e-08,-3.18663239318405e-08,1.14232793628268e-06,1.64976630110208e-07,3.50438069445363e-08,-1.54212043612712e-08,9.24364092892511e-17,-4.15145776721662e-09,1.23648104407773e-08,2.0351214587519e-16,-7.12166900546823e-17,-9.42829860411164e-09,-2.48037921570553e-10,-6.5295703348575e-09,0.000138001779564,5.75640941860762e-09,-1.01782933456209e-07,3.88845202598845e-16,-8.40360064691126e-08,3.70036154133767e-16,-1.23514962386756e-06,-5.75223462612184e-16,-7.10117440618652e-09,1.78546990122706e-16,2.99322027672026e-08,7.92031942970449e-09,1.61581059348652e-07,5.17911666286332e-07,2.29738137690686e-08,-2.68760444845251e-09,1.72950265645866e-08,6.40289809351371e-09,1.3943696564142e-06,1.08055256587799e-07,6.39608275509539e-09,-1.83650788565993e-08,-1.47928943982299e-06,-1.21371586998054e-07,-9.06336105527739e-09,7.2522748208452e-17,8.6258374535473e-08,-1.50923138774024e-08,8.10678353367735e-09,1.06750215068926e-16,6.62322852267667e-08,4.40155764572231e-07,1.41749478803106e-07,-1.01576799296756e-17,-3.44525617341361e-08,-8.54490644952274e-07,2.03055495279529e-17,-2.46010682576812e-08,5.65893999997888e-08,-5.01163643612962e-17,-7.40553550074634e-17,-2.10166286890596e-09,-5.18914903604384e-07,-2.96978634197088e-09,-4.14164915864989e-06,2.69166006170643e-07,7.10210390821853e-09,3.15903008656616e-07,6.43729254533174e-08,-1.63128993687808e-06,-4.37258736163404e-16,3.0278879017336e-10,9.63415628721485e-09,2.66926505671216e-08,2.52050500222485e-06,-2.31166216332662e-16,1.00634803540343e-16,7.29087686646302e-05,-8.94716030458339e-17,-3.3460352621952e-16,8.59209969937857e-08,-1.26989514132609e-07,-2.37775285023618e-08,-5.90164540450323e-08,6.24407164263549e-07,1.63640759305378e-07,0.000188496253463219,2.71180185572885e-17,4.76186072199969e-07,2.23036277607844e-08,1.02438995127189e-07,-2.25444911592479e-08,8.97523773589171e-08,-2.2911146857063e-16,5.91318097371048e-17,-1.43542952657856e-16,-3.64171901903162e-07,-3.82880445919776e-09,-2.4829086225274e-07,-2.27425975302262e-17,-2.94857617213184e-09,2.89950160742816e-16,6.29207006741633e-18,4.91426295131886e-07,-1.23069450202414e-07,3.68628738645072e-16,-1.01987420047894e-06,-1.37862023245465e-08,5.13188151182055e-17,3.132470099445e-08,2.76122148982366e-16,5.09420920266066e-07,-5.03157938251861e-17,5.08342970385385e-07,9.62330328265328e-08,3.48598076292125e-09,1.50187774105658e-07,1.03232749618822e-06,-1.13310669861192e-08,3.50283397626134e-07,3.26166169452936e-18,2.08834761093782e-07,-1.17976973373124e-08,3.47290386817007e-16,-1.5561079599691e-09,-3.17789612184198e-08,7.39751662827099e-09,1.09436735632945e-16,2.38782931880219e-08,3.1620523098207e-08,2.33218613881762e-17,-8.78793741295441e-07,-6.675590728273e-07,-9.13989204438706e-10,3.80094007868279e-17,1.62846336092059e-16,1.64538373278152e-08,2.30379259749023e-07,1.86489446758514e-08,-6.66237739289224e-09,1.38489093898919e-07,4.79155648100788e-17,2.11768846625696e-16,5.06346648969619e-07,3.01997379501125e-07,4.93543764193794e-17,1.22744802159873e-06,-2.3693079451093e-18,1.40055823614485e-08,-0.000203725513583291,-1.2787263978567e-07,-8.99249448672205e-07,-6.2605969918939e-17,-2.0600670904836e-17,5.7830234497244e-17,-5.15610028935445e-17,-1.61909093721486e-09,-5.61995527789053e-09,-2.16972685257379e-16,2.93109262175622e-16,4.07378580032924e-17,7.92898333940361e-09,7.13244745421572e-11,-3.93739781022749e-09,-3.50883756480701e-17,-4.49754166201299e-16,6.53069178596644e-16,-1.70320239052897e-07,5.21328989838089e-09,3.55536685314035e-17,9.17579694912034e-10,-2.40340968447659e-08,7.3961893689797e-20,-4.58236804472075e-16,-7.56282388711089e-07,-1.70598836017122e-10,-3.75350210575709e-07,-8.79619856244213e-17,9.33220838498601e-09,1.50877890589309e-07,1.62389004816375e-07,-5.19498394058593e-05,-3.5648288619355e-08,5.84796111826034e-10,-1.33244224568158e-16,-3.51759668089241e-16,-5.82119439292022e-17,1.12352491430508e-08,-1.0173875868549e-08,-1.73946533509596e-07,-3.03566277550138e-09,-1.38430864173851e-16,-8.47000571893265e-17,-4.12035489226505e-16,7.61366473327912e-17,-8.03688718833127e-16,1.45643090270184e-08,7.02095047490822e-17,-2.09961577266239e-17,-1.06933964628554e-07,-3.59177370136429e-16,-9.57331926273739e-08,7.14501763480957e-17,-1.18706593736659e-07,-1.44817126946932e-16,-1.44211421200143e-07,-1.80614305404275e-08,-3.64641563688186e-08,1.6240692831533e-17,5.81266492814217e-07,-4.67086115387573e-17,2.02393717818329e-07,-3.23238208215537e-08,1.78914790113655e-10,-6.46435112135241e-16,9.86852243948052e-07,9.17737858846818e-17,-7.12201437019681e-08,-3.63610577669745e-08,-1.12170635809941e-16,-9.22923090433686e-17,5.74325961536845e-18,-1.03151502515595e-16,-4.58777655498011e-06,-7.20028645722624e-08,-1.60877925601873e-08,1.08517992640846e-16,-3.19004251020811e-18,-3.77785035655599e-09,3.08210844151245e-08,-1.76147279165726e-17,3.31679907492811e-16,-6.16677742072898e-08,-1.77492188115049e-16,-5.23446092224237e-07,-1.11247105651732e-17,1.09783888886278e-07,-1.8965065073724e-16,-1.35970944256323e-16,-7.00302468642656e-17,1.32694528817062e-16,5.46520879435503e-17,2.44110901943785e-16,2.11955594549449e-09,-1.4824271144895e-08,9.30876196885998e-17,-9.85772310866789e-09,4.14436689078348e-07,-6.68066978317835e-16,-2.2289022486999e-16,4.34852746021887e-16,2.79594014366593e-16,1.67218249427134e-07,2.67588072831932e-08,-1.98458968111997e-16,2.44306278169698e-16,-7.45168170863192e-08,-2.40717782099243e-08,-3.64556402339886e-10,-1.67602154636713e-16,6.34107101077245e-17,-1.23393467263042e-16,-2.20890054270801e-16,-3.33376988902424e-16,-6.6706810286852e-17,6.44202342851403e-07,-5.09388208141614e-07,-1.17267598661351e-07,4.35572948319027e-17,4.50062055187235e-17,-1.85977140395339e-16,-3.33009357512968e-16,2.51344588919219e-16,-3.80245803454132e-17,-1.09430702068961e-16,1.29231634639533e-16,-5.84371942591417e-17,-1.46929434219642e-16,-2.78942175613747e-16,-1.42946898215887e-16,-1.34114408861244e-16,4.46402988160516e-17,1.43975780096535e-09,-4.63325323350629e-17,-2.51462275957708e-16,1.49175300163325e-17,2.03999148809634e-08,-1.10553189254437e-08,-4.04572256593285e-16,-5.26682459354921e-10,1.86718419297032e-08,2.72839974300384e-17,2.83966918328305e-16,-3.60565542282344e-08,-1.96760982862523e-16,4.61206335856253e-10,6.16068452608557e-17,5.54956457373666e-17,3.24210093707364e-17,1.43744651686276e-17,2.03352865332898e-08,-6.21520827650861e-08,-2.5402760977402e-17,5.51011366174592e-16,1.07108061985044e-16,-2.49909590423496e-16,4.38342938335889e-16,3.04559065964354e-16,2.4855352275417e-17,-9.11682136347298e-17,7.54751789972588e-10,1.56737560875915e-16,1.19397870922645e-17,-1.84721819915337e-16,4.11183558451458e-16,-4.86600750779273e-17,-3.87803345266708e-16,-1.64403570587685e-07,-2.15107925753122e-19,8.45453163781854e-16,1.11253511262695e-08,-7.01129032366858e-17,-5.35655887953715e-16,1.70212661408281e-16,-7.39372208268659e-16,9.31507129057888e-09,4.84167830611786e-17,-3.08534511402182e-07,-1.01059849167709e-15,-7.68951725457958e-16,-1.91506205651567e-16,4.29447821840298e-16,5.44530579397883e-17,1.32502825622197e-16,8.87019523091191e-06,-4.00797734177983e-16,-2.76939443254855e-18,1.42415341294023e-09,-5.25109535979317e-06,3.21519113070547e-16,2.4006901587395e-07,1.43159281801438e-07,1.42806163015547e-15,-8.27918693083065e-16,1.87769715457974e-15,6.25660037793199e-16,-5.461652645784e-16,-2.41384144237004e-07,-6.11043863118868e-16,4.38453109543805e-16,-4.06618360845132e-16,9.67272072691442e-08,4.79371997712142e-16,1.89960837290668e-16,-5.96694594842496e-17,-1.29231497789645e-16,-4.41227857417242e-08,2.55428330540675e-16,2.96637243314829e-10,-1.9806557688409e-16,-8.08179198662375e-16,-1.08012730681409e-17,-5.43505319970251e-16,-7.09967468819615e-16,-8.25012319632997e-16,-1.86150121152643e-16,-5.15813954155885e-09,5.80744034615058e-16,3.12170023284194e-16,2.16972658001344e-09,-1.64661185693583e-16,4.44257937957915e-16,-4.7078493937189e-16,4.23817480167052e-17,4.82981928084579e-16,-4.32546816720777e-17,-1.57561519953528e-08,-2.77923581555785e-16,2.05675018481279e-16,4.69532964267057e-09,5.61264785693152e-16,1.22441400506812e-15,1.75916701965774e-15,1.16295726680983e-15,6.97017517655086e-15,1.24143329584854e-15,-3.08692220458871e-17,-2.39619458216596e-15,1.68320078597176e-16,-7.52050707497139e-16,-3.36650370754356e-16,-2.47032226873959e-09,8.19449866818314e-09,-4.88555481494912e-16,4.34585917038501e-16,1.32162902828829e-15,1.91719883681147e-15,9.78492460668168e-15,-7.38942737736362e-16,-8.07297879346659e-17,-7.07871981487539e-16,-7.82457362641726e-09,7.96386231223327e-16,-2.1262466645075e-16,3.43504613278859e-15,-3.37363076253738e-15,9.12291026483314e-10,-1.24064068774747e-15,-1.44906265199693e-10,3.01289134265727e-15,-0.707106781186546,5.22808416264104e-15,2.31113414683185e-15,5.10148523445095e-15,3.36000278937467e-15,-8.16141691034801e-15,4.94158686184161e-15,-7.09684790190356e-15,-2.08769233977805e-15,3.42541884204659e-15,-1.43988491335515e-15,-2.49414980234812e-15,-8.1219292170181e-16,-2.32046616348508e-15,2.28407229192958e-15,2.8720421552127e-16,-1.50895420893975e-15,1.63325245037173e-16,-2.364745845967e-15,-3.94692958871623e-15,3.59330063655436e-16,-2.29617066644123e-15,2.60939678971804e-15,-3.99968572472284e-16,3.09734599524415e-09,4.66895806075997e-16,2.29861811092166e-15,7.42481825579961e-16,2.16253810675536e-16,-1.94175553219423e-15,8.48352689433258e-16,2.69738833343642e-16,1.11027883991603e-15,-2.49150320866914e-19,4.10803300068542e-16,-5.89805981832114e-17,8.01877851842799e-16,-2.94810161714132e-16,-8.65691277892422e-16,5.79194357824935e-16,1.00018649254211e-16,-1.78099576773203e-16,-4.00176500952028e-08,7.27331470275881e-16,3.97278718865131e-16,4.43646318325997e-16,3.23541279539383e-16,1.96588047322131e-15,6.78754235672818e-17,4.0322649941425e-16,3.69549182839466e-17,-4.67706274353788e-16,2.09816479214623e-09,-5.13622971581376e-17,-9.07387388571041e-16,6.87309415983742e-16,-4.45730841400974e-16,8.58186898645705e-17,4.61279556490886e-16,-1.53570172843345e-16,2.53766502539461e-16,-2.75834286433955e-16,1.14482050256258e-18,6.09040135365272e-16,9.86399190039708e-17,6.30532447780027e-16,4.31147402833675e-08,-4.59001131070201e-17,-1.06824489502659e-16,-2.8018654299131e-16,-6.83481049534862e-16,-2.92070352554669e-09,1.40789497142792e-16,4.61504941892131e-16,-8.98113070706892e-17,-2.63279200048605e-16,1.8353410677535e-17,3.69767766859182e-17,4.08638908249566e-17,-1.49598067280099e-17,-2.45130078311997e-16,7.76752375046851e-17,4.06083868390833e-17,-6.2014618772998e-17,-1.08146366454069e-16,-3.94233690885756e-17,-4.88483537980016e-17,-2.14331083816102e-19,-2.60603434681006e-16
"t764",0.0327608480006142,-0.00809121344264241,-0.00870616532467828,0.000393217408566575,0.00196572681816527,0.00376018210492331,0.000838708183206613,7.5074990546333e-06,-0.035057689635667,0.136275219796193,-0.024579200797978,0.00317265050198403,-0.00620578019753829,-0.00130523244474095,-0.0348421558978545,0.000785763749619731,0.000499956913760104,-5.87007427084024e-05,-0.0257731353001769,0.00355868769552181,-3.05649630410797e-05,4.07529469368065e-05,-0.00555035936562767,-1.70181080992836e-05,-1.19347521947391e-05,0.000945531248834808,-0.00482770334782701,4.83569688223985e-05,-0.000766405245447748,0.00615382489132193,0.000839911801292243,-0.042218208969786,0.000678425998664084,-0.0107495414390441,0.000642757589148093,-0.000129632638701841,-6.29158260487863e-06,1.49450302305229e-05,0.000841054675438725,0.000279285038812046,0.000255718472311468,-0.00668725134214312,0.000587549978816722,-0.0792626614803286,-0.000191679435202,8.32673521331501e-06,-1.21802380365868e-06,1.64846151040957e-05,-0.000739270677877179,0.000973120666354846,-5.0907970854504e-06,3.83493011786196e-06,-4.04314327667453e-07,9.77316407710024e-07,-8.45272838929852e-06,1.40265430775783e-05,3.18607746217889e-05,-0.000416930887739132,0.00555654517884517,8.85499229054528e-07,3.74191455544364e-07,-1.38078300510393e-05,6.16150740227234e-06,-4.27857156219123e-06,9.31236997805094e-06,-2.82104940380802e-07,9.254801273788e-08,1.69132215226077e-08,-3.23140476752643e-08,1.2233562210082e-08,6.55027607953897e-08,-4.97431925200811e-07,1.94178380090401e-06,1.59193484692024e-06,-6.88015428052968e-07,-2.71580704146147e-07,6.79647367918918e-06,-1.19035889536841e-06,0.000218726535081809,7.99550668929205e-05,-6.18765664241431e-06,-0.000507382920757232,0.000469135840928109,4.42544897292364e-05,-0.00040004309176207,-0.000424796469533865,0.000163307721062696,0.00154355954341292,7.91292522060872e-06,-0.000394692467349566,0.352929981348092,2.74078839242187e-07,0.000175299491561009,-0.000105541789603006,-5.84690777613214e-05,-1.62859185223551e-05,-1.91012041069557e-06,9.14147716373622e-06,-9.83546023590722e-05,-0.000852492940400924,-4.39517841058103e-05,2.88064718343126e-07,-5.98161225988072e-05,5.00600618008029e-05,-2.47956438968775e-05,1.55674580900179e-06,-0.000407592461795289,5.11947492738411e-07,-0.000260954751143264,1.90233408317261e-07,6.28787858580583e-06,1.19381636155483e-05,-3.68349511023541e-06,3.50200859694211e-06,-0.000115007908395999,3.83364644181221e-06,-0.000190308941410448,0.000191182880169206,-6.10949651024893e-05,2.08019696068961e-05,-1.16124266553134e-05,2.20740049592299e-05,-0.000193198768418599,-0.000334993000112588,1.52841252533902e-06,-3.20859989125907e-05,3.3476777250999e-06,-0.00635160927004052,5.88515748810594e-05,0.00204668628789174,1.50650612845419e-05,-5.3206555666291e-05,4.12129870765828e-06,7.08804999309979e-05,-1.11324974548322e-07,7.31947783767916e-05,-7.22524560904072e-05,-7.14539809196108e-06,0.000262906945339189,-0.000219853460290765,-0.000188341054055656,-1.63493980429499e-05,0.000143366668551201,8.91833528436549e-06,5.14293930642418e-08,-1.47012907211769e-05,-4.32964421395233e-06,0.000102789207948787,7.19178347645874e-06,-4.19018157587794e-06,-5.43784133347214e-06,-0.000173255995130621,-8.80974683327131e-06,0.0140091279338422,-1.44399847405492e-06,-2.50961547682685e-05,0.020668059866047,-7.63539018018805e-06,-2.53900540887897e-05,-0.0161534565449766,-6.51382354318521e-06,9.68202552238647e-07,-3.50318959893687e-05,-1.06311502741116e-05,7.48870187603285e-06,-5.39080581740001e-06,0.000486749263816808,8.41053757797568e-06,0.000419326196757197,8.8597222809692e-06,-1.67146041305122e-05,-2.97599762751745e-06,4.11224864099434e-07,6.69277652575581e-05,3.19288317292427e-06,6.76808403411767e-06,3.02951711946348e-07,-2.05252268432893e-05,-0.23123070925416,0.000487939573555559,-0.000976580690830385,-0.000100163259432058,1.65577372365764e-05,5.42143423634949e-08,1.3965508098161e-06,3.08909900681555e-07,0.00152960954686764,-0.000194817469237641,-0.000858749954302141,1.22128559069158e-05,1.38422281678447e-05,-1.9297626113522e-05,-1.53510570458296e-05,-1.93517555502075e-09,-1.71070584267953e-07,1.02518924659457e-05,1.47930088773246e-05,2.07957255235026e-07,-8.81580126762571e-06,-0.00674455804241961,5.74650667472643e-07,-4.25757335846678e-06,2.80666392226866e-08,3.29978473336478e-08,1.97467655462988e-06,1.62247172186252e-07,-1.69139750221185e-07,4.38872745766455e-08,-1.08030723717567e-05,-4.26766392241891e-09,-0.000110186532451049,-7.43142868144311e-07,-2.06311301311509e-06,-2.40774623553395e-05,-1.32068098156403e-08,-1.97994023854636e-07,6.80119881066782e-08,4.47407732814222e-08,-5.8287105844503e-06,-6.94364024031085e-06,-3.32553137044991e-06,4.86988832638181e-06,1.13575362833805e-06,5.15777613735107e-06,-1.97854418783156e-05,-1.20269647881037e-06,-0.000115796940660396,-1.0590272483135e-06,-0.000168849154827809,-0.0592199827633428,-1.25267925870425e-05,-8.71175614487981e-07,0.0274109933626409,-2.69873632345694e-05,1.49259065952864e-06,4.53584252817662e-08,1.47366338876215e-05,8.71798691584317e-17,9.59629266402432e-08,-1.27999918941076e-06,1.6619268339704e-07,3.03926600692317e-07,3.046932789742e-06,-4.13669671949233e-08,3.05248332798923e-07,-1.18683939465976e-07,9.09831851007905e-08,-4.12005445465137e-09,1.41758589653387e-08,-2.2399003743684e-06,5.39786997050234e-10,-1.91424256358494e-08,-6.63915749462743e-07,3.09669082599453e-09,-2.46928372172293e-10,1.33467414307757e-08,-1.54451203238268e-08,2.46072607999657e-07,2.97613455994534e-06,-5.96194590251542e-07,2.92607885360948e-07,-2.34427272650487e-06,6.52079139546299e-06,-4.08274944596533e-07,1.91407861212875e-06,-6.53311271072465e-07,1.64464838151029e-08,0.000190872099523259,1.82294618178506e-06,3.54728607995919e-07,3.25125122159919e-09,-5.34875772067591e-07,1.21448909104853e-07,-1.94308376757525e-07,3.11889664267842e-07,-6.09658827021836e-07,4.85494659846112e-07,-3.61636419704219e-08,7.21359676796027e-06,-3.16931338616642e-08,5.25295303930313e-06,-7.72290407893876e-16,-1.32847745237945e-05,-5.54509814477869e-07,-1.43585712723265e-11,-1.29679094355911e-07,1.96239832163303e-07,-1.2332843537699e-07,-3.52626218803693e-08,4.53183451740625e-09,-2.03775375413575e-07,7.71895893849412e-06,1.26350558673302e-06,-2.60980466535393e-08,1.4187814232275e-05,-2.11018373005286e-05,1.46313924083972e-06,-2.36734758015798e-05,1.09216469243402e-05,0.501580339961038,-9.64909026458436e-07,-7.0843308610181e-05,-9.50203537331075e-07,4.55779272832463e-09,-1.5716897489589e-06,2.02049422947735e-07,-7.52313784521478e-07,6.54379911643119e-07,2.53824574803356e-06,3.07018018873695e-07,-9.91217824104767e-08,-6.87558947232758e-07,7.69748664409913e-08,-4.28901500757909e-07,6.20428588766412e-07,0.00391406675800564,-4.14940429828453e-06,-5.16564592251971e-17,2.20734218324797e-08,2.82450565384719e-07,-2.71757471977108e-08,6.52152783501129e-06,1.6882253255148e-08,1.71642534385795e-06,4.03078993472293e-06,-1.25586001670717e-06,5.50640039990575e-06,-9.61852820000668e-17,-1.93711166687169e-05,-3.69294865616157e-09,-6.89505822156554e-07,6.82470786524209e-08,1.3865743359388e-06,-4.4623146084293e-07,-0.00154621292493381,0.00471196192087869,-3.00694824961935e-07,0.000542741780743756,-5.71959247105775e-08,-6.04301784135728e-06,-8.37094246020232e-09,-1.26564131234814e-09,-7.9795371688578e-06,1.03683050773978e-07,-9.12198130092255e-06,-4.13503471562074e-17,-6.55109500822832e-07,5.35298169664165e-08,1.54336966657849e-09,2.00917408579341e-08,-0.000585489808145598,-5.01808226429332e-05,5.59346560930644e-07,-2.06289552292054e-06,-1.21391639153593e-06,-1.43771549510735e-15,-9.86513478633665e-06,-8.31032171369852e-08,-1.37463300813023e-05,1.20222672592899e-15,6.81431397285849e-06,8.91692767435303e-07,-1.38331390716691e-07,-2.50677801548652e-05,-8.7716711203704e-06,-4.87115833455401e-06,-3.81031687881197e-06,5.642711157845e-06,9.658379170319e-07,5.85066578219689e-08,6.30640652811152e-05,4.93832326040507e-07,-1.02802571383008e-16,-3.57792804874192e-07,1.55018160355413e-05,1.08936079337678e-05,-0.178998920845728,-1.06269774184075e-15,5.93877054879472e-07,-4.95010500414219e-08,0.00462694783006659,4.35855145950465e-08,6.70650172898693e-06,-1.28083146835201e-07,1.28499141654583e-06,-3.69395901293644e-06,1.514355822396e-15,-7.86499448556738e-06,3.57004644361376e-08,-9.59571633290797e-08,-3.12959685001772e-05,-9.01950578573124e-09,3.84042187123623e-09,6.66133814775094e-16,-6.40860625488013e-17,3.56637599831738e-09,7.22321088106825e-09,-9.1469158435765e-10,3.11095002428584e-07,-1.25878592425003e-16,3.34282923201386e-08,-1.27474274037494e-10,8.48442939308719e-17,-7.59864370428293e-17,-9.7585893849185e-17,3.22223069201492e-07,2.23840335168703e-08,-3.18663246037382e-08,1.1423279362751e-06,1.64976630413319e-07,3.50438068842262e-08,-1.54212043399786e-08,1.3282731904458e-16,-4.15145763090169e-09,1.23648104032067e-08,2.26082520684349e-16,-3.3696891457283e-16,-9.42829841671274e-09,-2.48038096154341e-10,-6.52957020950849e-09,0.000138001779564054,5.75640962381972e-09,-1.01782933300754e-07,3.81680997930925e-16,-8.40360069671492e-08,1.75515996821591e-16,-1.23514962388622e-06,-4.70597952967333e-16,-7.10117432416642e-09,-1.9835774402415e-16,2.99322025897785e-08,7.9203194244651e-09,1.61581059633043e-07,5.17911666201596e-07,2.2973813690353e-08,-2.68760458110359e-09,1.72950265840618e-08,6.40289815258111e-09,1.39436965647591e-06,1.08055256417456e-07,6.39608274319934e-09,-1.83650788755499e-08,-1.47928943965973e-06,-1.21371586903695e-07,-9.06336118672123e-09,-2.86192022762082e-17,8.62583744889385e-08,-1.5092314048741e-08,8.10678311979778e-09,-1.09758761548429e-16,6.62322851407424e-08,4.40155764393621e-07,1.41749478586951e-07,-1.42891176905793e-16,-3.44525618832699e-08,-8.54490644930868e-07,1.88250408833575e-16,-2.46010682755555e-08,5.65893998784466e-08,-7.9486085852273e-18,2.38116893461776e-17,-2.10166292637904e-09,-5.18914903634394e-07,-2.96978660841393e-09,-4.14164915901248e-06,2.69166005861487e-07,7.10210354910572e-09,3.15903008437327e-07,6.43729255854729e-08,-1.63128993696533e-06,-3.00540842212982e-16,3.02788765024177e-10,9.6341558320182e-09,2.66926506751874e-08,2.52050500213785e-06,8.00258915303131e-17,-5.60311833220185e-18,7.29087686645527e-05,3.25612556194116e-17,-3.66602235589373e-16,8.59209972984462e-08,-1.26989513958195e-07,-2.37775282304887e-08,-5.9016454468293e-08,6.24407164444348e-07,1.6364075938674e-07,0.000188496253463075,-1.04950847210597e-16,4.76186072452071e-07,2.23036280070025e-08,1.02438994904544e-07,-2.25444912314385e-08,8.97523773334919e-08,2.12553940199605e-17,-4.661737184888e-17,-6.3926406686391e-18,-3.64171902065783e-07,-3.82880441127533e-09,-2.48290861953828e-07,5.68772919934077e-18,-2.94857642581798e-09,-3.68781856622704e-16,-5.42310383331723e-17,4.91426295166833e-07,-1.23069449868255e-07,5.5944832100252e-17,-1.01987420018759e-06,-1.37862025480158e-08,-4.83692818600218e-18,3.13247007521412e-08,-1.91861742369344e-16,5.09420919968015e-07,-1.10859118190374e-16,5.08342970505695e-07,9.62330327263806e-08,3.4859807477332e-09,1.50187774358949e-07,1.03232749632171e-06,-1.13310670397872e-08,3.50283397865174e-07,-1.88356218943724e-17,2.08834761328628e-07,-1.17976970684564e-08,-2.71015338059129e-17,-1.55610858205112e-09,-3.17789610627411e-08,7.39751640422538e-09,3.4058830139136e-16,2.38782931469992e-08,3.16205233049742e-08,2.26135622714087e-17,-8.78793741675473e-07,-6.67559072681562e-07,-9.13989065722353e-10,7.08159370163411e-18,-6.63287381964348e-17,1.64538373017739e-08,2.30379259992818e-07,1.86489446699607e-08,-6.66237720137324e-09,1.38489094094318e-07,-9.93081456578567e-17,-1.33492850676866e-16,5.06346648893683e-07,3.01997379392178e-07,-1.68540698617644e-16,1.22744802128414e-06,-9.81212134055335e-17,1.40055826003126e-08,-0.000203725513583094,-1.27872639662878e-07,-8.99249449014048e-07,3.17077819179672e-17,-3.27860102619052e-17,1.08584625752025e-16,-8.26685839736307e-17,-1.61909081512811e-09,-5.61995523224921e-09,1.02904807714968e-16,-2.47017531383883e-16,-1.59020987231823e-17,7.92898359250412e-09,7.13241852512404e-11,-3.93739804000183e-09,3.32492312322644e-17,-4.38234518118641e-16,-5.46437894932694e-16,-1.70320239231996e-07,5.21329045619491e-09,5.19240259333468e-17,9.17579567024138e-10,-2.40340967224167e-08,-3.78085206217788e-17,5.92846168355412e-16,-7.56282388893473e-07,-1.70598871575926e-10,-3.75350210465046e-07,1.14863471042276e-16,9.33220835947616e-09,1.50877891042801e-07,1.62389004422826e-07,-5.19498394056553e-05,-3.56482889353666e-08,5.84795983486034e-10,1.39463885786689e-16,3.03997985460361e-16,1.41213348654536e-16,1.12352488936718e-08,-1.01738759177421e-08,-1.73946532948409e-07,-3.03566302773585e-09,-8.680631038618e-17,1.38444671407552e-16,1.31202441895159e-16,-1.7676692186772e-16,-5.59344930991127e-17,1.45643091350083e-08,-2.24337342079224e-16,5.39165767512642e-17,-1.06933964476965e-07,3.54380248094612e-16,-9.57331925853344e-08,-7.94840783498436e-17,-1.18706593082754e-07,4.05469206784731e-17,-1.44211421504604e-07,-1.8061430517029e-08,-3.64641570008099e-08,2.24692079521592e-17,5.81266492764004e-07,4.49281584983046e-17,2.02393717692822e-07,-3.23238210057206e-08,1.7891484472106e-10,5.36190941477471e-16,9.86852243553108e-07,-6.57367852856285e-17,-7.1220143631662e-08,-3.63610579343387e-08,1.87040066138243e-17,1.61563891561642e-17,7.21787037039469e-17,-3.11633611183477e-18,-4.58777655379056e-06,-7.20028641883294e-08,-1.60877923799302e-08,1.29021836368843e-16,-4.48553989857688e-17,-3.77784993158502e-09,3.08210840907312e-08,5.95000908517347e-17,-3.2760702850109e-16,-6.16677743737591e-08,1.85734538420337e-16,-5.23446092072289e-07,2.03103227862201e-16,1.09783888714032e-07,1.99865997023691e-16,-5.41192714472002e-17,6.5239803423482e-17,-4.15508558837396e-17,-8.31942549944337e-17,-2.5620435494496e-16,2.11955744626524e-09,-1.48242712310372e-08,-1.27750503305809e-16,-9.85772291139959e-09,4.14436689395918e-07,5.48743918865506e-16,2.09027784791175e-16,2.05040173113644e-16,-3.66195226696354e-16,1.67218250057139e-07,2.67588076127369e-08,2.34395653355219e-16,-2.9235081744393e-16,-7.45168174924413e-08,-2.40717779240968e-08,-3.64557311258501e-10,1.63377225571387e-16,2.67278208452869e-17,3.07277364831358e-17,2.15612212382236e-16,2.36086416736691e-16,4.66184266720598e-17,6.44202343076622e-07,-5.09388207762639e-07,-1.17267598790676e-07,-5.57623702229952e-17,3.98050605265797e-17,3.87330185724265e-17,3.09257082894799e-16,-3.60374598508061e-16,6.85245403150304e-17,2.44966308684753e-16,-1.76458485790877e-16,3.6890537986163e-17,1.71041929669685e-16,-2.73524759041547e-17,2.86516159163803e-16,1.52353239796458e-16,-3.00578551815911e-17,1.43975762563133e-09,3.52483977674623e-17,5.55838393764521e-17,8.23403083638494e-17,2.03999154645033e-08,-1.10553198424774e-08,4.02002651227111e-16,-5.26681585003857e-10,1.86718415987056e-08,2.10031204907362e-17,6.27779301536213e-16,-3.60565539316258e-08,1.10116077587062e-17,4.6120674093324e-10,-1.0502424293631e-16,-6.6034785672972e-18,-1.08038397146079e-16,-5.80345697456534e-17,2.03352877550492e-08,-6.21520821103413e-08,-5.02689239219975e-16,-5.93948458561787e-16,-1.41587396269281e-16,1.0282288094617e-16,-1.35200010908942e-16,-3.02894129320203e-16,2.15310445028793e-17,6.11139322457349e-17,7.5475155712071e-10,-8.72133656591745e-17,-5.53230799069931e-18,2.31050201296504e-16,-4.12723617963744e-16,-4.17104338929487e-17,2.27088364331299e-16,-1.64403569982721e-07,6.98912717316188e-17,-2.61392493525228e-15,1.11253509768192e-08,1.34783667703812e-16,7.04947540588557e-16,-2.16317230135577e-16,5.9056872845946e-16,9.31507095930259e-09,-3.54458847432486e-17,-3.08534511134144e-07,6.76114528771856e-16,7.56834310082336e-16,2.29213949782497e-16,-4.45213222571069e-16,4.77193422759816e-19,-1.39550085459351e-16,8.87019523138629e-06,4.7330721442045e-16,4.0123397213664e-17,1.42415437076573e-09,-5.25109536164789e-06,-3.15574642861317e-16,2.40069016230312e-07,1.43159282594758e-07,-1.68781001163931e-15,5.50210343557089e-16,-2.16888067388135e-15,-7.04535240071285e-16,4.46091638149489e-16,-2.41384144758031e-07,6.28306583805856e-16,-4.79753475169433e-16,4.74385804930142e-16,9.6727206653141e-08,-3.80622675347553e-16,4.70629664352363e-17,3.07625320299061e-17,1.91016665010667e-17,-4.41227850543786e-08,-2.46290482301765e-16,2.96636345484275e-10,2.56193459499152e-16,4.3163989236844e-16,9.62277670004523e-17,5.62807123122661e-16,6.04237489235478e-16,8.15738840980151e-16,1.41612860253013e-16,-5.15813950353983e-09,-7.55698234955127e-16,-7.60472894926793e-17,2.16972581958867e-09,9.37967219796687e-17,-4.53181990684116e-16,3.69904377430021e-16,-1.61647733699548e-17,-5.11144041415665e-16,4.55359733841907e-17,-1.57561513677956e-08,3.00078572814707e-16,-3.54396400037843e-16,4.69532781123927e-09,-5.36673876114062e-16,-1.49530327450366e-15,-1.60581686422403e-15,-1.10586470720735e-15,-6.6877249465968e-15,-1.2910741618017e-15,3.46526898748389e-17,2.37560507415822e-15,-2.40898625088193e-16,7.33903386211592e-16,3.08015525974817e-16,-2.47032262401944e-09,8.19450033283007e-09,4.83262633795347e-16,-2.39444458456624e-16,-1.19087709452471e-15,-1.94757585812826e-15,-9.54054543700344e-15,7.35154012902455e-16,-1.16704097497072e-16,9.77850562016727e-16,-7.82457385579832e-09,-1.05780906123369e-15,2.17277965360166e-16,-3.52031585910335e-15,3.5218206562113e-15,9.12290547363196e-10,1.28091924185278e-15,-1.44927744287415e-10,-3.00417466434074e-15,0.707106781186549,-5.20612545710995e-15,-2.30783430671374e-15,-5.18137882484155e-15,-3.40562939257685e-15,8.09185191952285e-15,-5.06253305547436e-15,7.1759848587727e-15,2.05239450889234e-15,-3.21341933837084e-15,1.41744051206622e-15,2.53860369255196e-15,7.62274636333683e-16,2.30292512722034e-15,-2.00653397641707e-15,-2.92190209600538e-16,1.27925654930222e-15,-1.39072711074582e-16,2.2282962334004e-15,3.88025115510837e-15,-3.6757370788498e-16,2.21523988953363e-15,-2.59212151042901e-15,3.47431322364359e-16,3.09734523708715e-09,-3.99205943612842e-16,-1.98237449592809e-15,-7.35934242921865e-16,-1.47080600002583e-16,1.87401591305837e-15,-8.00454940913422e-16,-3.76545433811176e-16,-9.68468745794826e-16,4.68689937736635e-17,-4.0080128778696e-16,7.82793968534534e-17,-8.09092508965614e-16,2.55056049104413e-16,7.53694509815908e-16,-7.50030993336444e-16,-1.13352295336532e-16,2.40801617085242e-16,-4.00176522578691e-08,-6.92486695401115e-16,-3.28155912370485e-16,-1.856548865682e-16,-1.47696226117147e-16,-2.27989794045517e-15,-6.90334397785736e-17,-4.41505633258256e-16,-3.05861390621317e-16,4.11125310710953e-16,2.09816513963253e-09,3.65919166944275e-16,8.20008676254619e-16,-7.75549202294101e-16,3.84906248163969e-16,-8.14432553965011e-17,-5.7457864320551e-16,2.05664437605463e-16,-3.39300336553366e-17,2.57441576355332e-16,-1.40073692577863e-16,-7.50970942149797e-16,1.87759239834498e-17,-4.94410297660985e-16,4.31147400406296e-08,1.17907717817483e-17,1.36015542529813e-16,1.4081254684373e-16,1.32272665043232e-17,-2.9207034942414e-09,-1.53436354104729e-16,-1.23411701724061e-16,-2.3743133305071e-17,-2.0890713980887e-16,-1.1176598090675e-16,-1.26758615864311e-16,2.72638143034042e-16,1.07936666851089e-16,1.54533544401828e-16,-1.92499150365926e-16,5.0001424010621e-17,1.01961695724468e-16,1.38004719207106e-17,2.26147607923994e-17,-4.73958517330089e-17,-5.5374747595306e-19,-2.54121652765431e-16
"t553",0.0327581318026366,-0.00808979874011219,-0.00870459380273736,0.000393122238150643,0.00196514408230555,0.00375887386002678,0.000838410635976776,7.50462325199679e-06,-0.0350418221445054,0.136200384139298,-0.0245620609118818,0.00316992196042467,-0.00620028620590542,-0.00130405933691876,-0.0348094682365679,0.000784982817461845,0.000499448094554038,-5.8639912307994e-05,-0.025745804895694,0.00355458573089141,-3.05268338156316e-05,4.06914886420944e-05,-0.00554151506554827,-1.69908338734006e-05,-1.19155487856338e-05,0.000943936516842366,-0.00481946356225327,4.82736852471031e-05,-0.000765049462649149,0.00614094132967524,0.000838034833481681,-0.0421195002792645,0.000676723241526347,-0.0107212581896723,0.000640978356127533,-0.000129244516295908,-6.27250138405253e-06,1.48989684722439e-05,0.000838444459486147,0.000278405085542968,0.000254889074110651,-0.00666502355881522,0.00058556718865368,-0.0789948415087088,-0.000191020186775476,8.29621927574034e-06,-1.21347502186623e-06,1.64225092891031e-05,-0.000736416930059884,0.000969265842928671,-5.06993884257228e-06,3.81897263388689e-06,-4.02628150979762e-07,9.73162345788321e-07,-8.41546421249666e-06,1.39643690067298e-05,3.17055497285819e-05,-0.000414848714077884,0.00552871436084838,8.80795491199122e-07,3.72116693412964e-07,-1.37296649340878e-05,6.12604374505403e-06,-4.25384310958002e-06,9.25688774887063e-06,-2.80378640311478e-07,9.19483446423564e-08,1.68008639578272e-08,-3.20969204050333e-08,1.21496753219269e-08,6.50052010927695e-08,-4.93367164552082e-07,1.92574253222839e-06,1.5784878090907e-06,-6.82187683241038e-07,-2.69258366619379e-07,6.73813670056542e-06,-1.17995248647461e-06,0.000216735110001921,7.9215298511864e-05,-6.12883583378819e-06,-0.000502531603050356,0.000464459209724597,4.38078563500744e-05,-0.000395791329507993,-0.000420218835500165,0.000161523390213398,0.00152665668046869,7.82622373487313e-06,-0.000390361522838781,0.349037010472026,2.70905546378465e-07,0.000173260986230237,-0.000104278256413259,-5.77340874238112e-05,-1.60797111800118e-05,-1.88592690903757e-06,9.02356669826191e-06,-9.70774561492392e-05,-0.000841142419195923,-4.33546925013221e-05,2.84144352359152e-07,-5.90004363850379e-05,4.93150053914565e-05,-2.44242422259119e-05,1.53331225992367e-06,-0.000401402913688801,5.041542321376e-07,-0.000256965099902968,1.87305968931306e-07,6.19091123264302e-06,1.17517398494462e-05,-3.6258886979344e-06,3.4454331825909e-06,-0.000113137182379942,3.77035234084218e-06,-0.000187145978473328,0.000187947325971063,-6.00430204135102e-05,2.04391467807205e-05,-1.14084047706647e-05,2.16763950123124e-05,-0.000189662878232945,-0.000328858293386842,1.50035893820656e-06,-3.14874527645138e-05,3.28514492529616e-06,-0.00623131485222028,5.76927386268972e-05,0.00200636801860435,1.47673605379852e-05,-5.21278607842517e-05,4.03732748014452e-06,6.94311067142878e-05,-1.09014906687942e-07,7.16728560729051e-05,-7.07033952365479e-05,-6.98842994917238e-06,0.000256939133403807,-0.000214858349047383,-0.000184038067450744,-1.59748094350463e-05,0.000140066981372153,8.71271752783857e-06,5.02436292380058e-08,-1.43581160639301e-05,-4.22607556352828e-06,0.000100269198262072,7.01439061915779e-06,-4.085435075291e-06,-5.30176146211763e-06,-0.000168898256682081,-8.58750182838207e-06,0.0136545171074063,-1.40630001677832e-06,-2.4437748432886e-05,0.0201239420419623,-7.41817860822821e-06,-2.46542580126124e-05,-0.0156840068817384,-6.32154508737772e-06,9.39531412245627e-07,-3.39736815974958e-05,-1.03092394778432e-05,7.25753456050531e-06,-5.22129130579908e-06,0.000470610010312755,8.13114954549531e-06,0.000405390042854619,8.56315355664553e-06,-1.61503957981008e-05,-2.87542045012943e-06,3.97095555573445e-07,6.46162658405048e-05,3.08137335094126e-06,6.53106455746608e-06,2.92327412992554e-07,-1.97866079738698e-05,-0.222686199013006,0.000469826854219497,-0.000940171748664613,-9.63808929750389e-05,1.59293997338995e-05,5.21470746801464e-08,1.34305625368875e-06,2.96895928586231e-07,0.00146989639123323,-0.000186961548879974,-0.00082408419530118,1.17144913602954e-05,1.32603538160185e-05,-1.8466252228312e-05,-1.46840844099927e-05,-1.85003047490561e-09,-1.63472731243342e-07,9.78369716998831e-06,1.41133358225679e-05,1.9827982908229e-07,-8.40292529951354e-06,-0.00641279933692993,5.46318903236403e-07,-4.0432691344666e-06,2.66248746877821e-08,3.12181037635679e-08,1.86814819709663e-06,1.53454983599804e-07,-1.59847320280029e-07,4.14530422852138e-08,-1.01885233380211e-05,-4.01717113462568e-09,-0.000103554148896644,-6.98062144266462e-07,-1.93348700675948e-06,-2.25348452063203e-05,-1.23602277796254e-08,-1.8510755566461e-07,6.34107938808275e-08,4.16913172722755e-08,-5.41529849356277e-06,-6.43734356786546e-06,-3.08071420165093e-06,4.49688089824795e-06,1.04793308704239e-06,4.7547911268908e-06,-1.81895994517111e-05,-1.10506256954145e-06,-0.00010638175733613,-9.69847174328532e-07,-0.000154322703710899,-0.0540017055946498,-1.14108648150218e-05,-7.92684353731677e-07,0.024914895528038,-2.45224120687439e-05,1.35238935901913e-06,4.10223441306818e-08,1.3300655189358e-05,7.39066856349051e-17,8.63499611897737e-08,-1.15106284483309e-06,1.48792117897496e-07,2.71132404378562e-07,2.70982727380577e-06,-3.67833066053681e-08,2.69793953484002e-07,-1.04788188656484e-07,8.02912901354145e-08,-3.62722770133479e-09,1.24596320650718e-08,-1.96264700616554e-06,4.72308754173159e-10,-1.6739634832654e-08,-5.78683079828951e-07,2.65878930061062e-09,-2.10757593560422e-10,1.13323734188743e-08,-1.2953863432571e-08,2.06190098984714e-07,2.47008405366914e-06,-4.92002564591177e-07,2.39393149901345e-07,-1.91237393188953e-06,5.30287901241857e-06,-3.30545161721782e-07,1.53903084477282e-06,-5.24875597197522e-07,1.29596782619257e-08,0.000150333680768743,1.4350073153717e-06,2.77625323739272e-07,2.53892618959329e-09,-4.14655078189479e-07,9.40202797077864e-08,-1.42592610882959e-07,2.27265883278867e-07,-4.41667838426045e-07,3.46799131257869e-07,-2.5522495187196e-08,4.93905018217737e-06,-2.14900662099289e-08,3.53343512776953e-06,6.26917746596691e-16,-8.67216500639271e-06,-3.60440487107428e-07,-9.19942728754726e-12,-7.99916732654098e-08,1.1656671909575e-07,-7.18132260850219e-08,-2.0320939772739e-08,2.1843737694218e-09,-9.67155398770539e-08,3.64790121576244e-06,5.50932591961097e-07,-7.86425555839761e-09,3.85557359223368e-06,-5.2704674748341e-06,2.45026793648692e-07,9.56701691988161e-06,-1.0355279789775e-05,-0.497940567116753,9.71095345609524e-07,0.00318263126624524,-2.83372560661189e-06,1.25560060947993e-08,-3.9357700582827e-06,4.61425794643674e-07,-1.67676434750061e-06,1.2491542746952e-06,4.80155135173923e-06,5.71606884922666e-07,-1.8263738014648e-07,-1.22745650244358e-06,1.3322246918253e-07,-7.23551536024636e-07,1.03586337154184e-06,0.00642747082275305,-6.60172194105305e-06,1.36174711931735e-16,3.09925166295781e-08,3.93238462667155e-07,-3.73922782771763e-08,8.97025857644145e-06,2.32131184046993e-08,2.35366913331638e-06,5.499768867654e-06,-1.70381591948561e-06,7.39001970034361e-06,2.85667603909201e-16,-2.54397984999819e-05,-4.83812559601e-09,-8.98787124757643e-07,8.89096653149968e-08,1.78580642219926e-06,-5.71382429084705e-07,-0.00196473549131213,0.00595785969645229,-3.76473223217355e-07,0.000673980705995354,-7.06835293994463e-08,-7.4486211541823e-06,-1.03017623170078e-08,-1.55332679927173e-09,-9.79043147659855e-06,1.26975341401653e-07,-1.11553483591605e-05,-3.27258167159006e-16,-7.93292716291664e-07,6.46988566816494e-08,1.86536118286782e-09,2.41600570347571e-08,-0.000703524499672649,-5.979200612997e-05,6.65008351316428e-07,-2.45153398467282e-06,-1.44031867439953e-06,-9.73217537544195e-16,-1.16843804542219e-05,-9.83649598665673e-08,-1.62326162290382e-05,1.44443013993111e-15,8.02717997574619e-06,1.04981378279528e-06,-1.62814210994787e-07,-2.94869747534864e-05,-1.0307926603208e-05,-5.72013821356758e-06,-4.47189853612428e-06,6.61167609783388e-06,1.13147640962442e-06,6.84658037244413e-08,7.36615556038663e-05,5.76763615374399e-07,-1.23165635133138e-16,-4.16432350503501e-07,1.80319896378768e-05,1.26557528862106e-05,-0.20757028665974,-1.46031948518999e-15,6.86088540096678e-07,-5.69650215999709e-08,0.00531585496840117,5.00375651253025e-08,7.69251122143856e-06,-1.46681557415454e-07,1.46797491904901e-06,-4.19686763910484e-06,1.96257986575466e-15,-8.89771176461433e-06,4.03740345224094e-08,-1.08441087506578e-07,-3.53331679542598e-05,-1.01822787531593e-08,4.3343527666311e-09,-6.45317133063372e-16,6.56300660616511e-17,4.01898266232668e-09,8.12963994305813e-09,-1.02931729162287e-09,3.49699481310555e-07,-7.85281678607672e-17,3.74916181071005e-08,-1.42832649375081e-10,2.35284765943031e-16,7.25068540893988e-17,-1.22490680988169e-16,3.60031276135453e-07,2.50019586138202e-08,-3.55524648175741e-08,1.27327194312442e-06,1.83867906726974e-07,3.90189919083557e-08,-1.71686309569286e-08,1.0976596489964e-16,-4.61332904567348e-09,1.37318972297574e-08,-3.06161782863157e-16,-3.15186149464414e-16,-1.04465296387197e-08,-2.74680346898414e-10,-7.22592647208824e-09,0.000152649977603325,6.36203663625365e-09,-1.12476366855009e-07,-5.10354920580606e-16,-9.2848020521418e-08,-2.87291884108803e-18,-1.36396226407593e-06,-7.5801994889324e-16,-7.83881847536563e-09,8.89414432581034e-17,3.30260157114418e-08,8.73815290236923e-09,1.78051321557119e-07,5.70561557079404e-07,2.53066787606302e-08,-2.95920446927451e-09,1.90356039460195e-08,7.04126795490701e-09,1.53337704600024e-06,1.18797034250098e-07,7.0286685996373e-09,-2.01692345681654e-08,-1.62380708106657e-06,-1.33177885222702e-07,-9.94314134760496e-09,-1.04272415723097e-17,9.45779288701398e-08,-1.65391632932e-08,8.87118313401666e-09,5.7161479453994e-17,7.24484906509778e-08,4.81183136093979e-07,1.54923929838236e-07,2.38593176234042e-16,-3.76499133091145e-08,-9.33332541715075e-07,4.1084949695237e-16,-2.68645644892099e-08,6.17111072456051e-08,3.35259713312279e-17,1.80171579435853e-16,-2.29069712347421e-09,-5.65562951434047e-07,-3.23606939107973e-09,-4.51189225802136e-06,2.93067570423687e-07,7.73239972110858e-09,3.4391604983773e-07,7.00319214221785e-08,-1.77370590219451e-06,9.8055244479589e-16,3.29154629618214e-10,1.04727023826695e-08,2.90123571235832e-08,2.73914234812633e-06,-2.28120548886425e-16,-7.38429610748758e-17,7.92171946183617e-05,-1.71810428103679e-16,-3.44466007205968e-16,9.32411389638151e-08,-1.37780328563482e-07,-2.57978909131777e-08,-6.40028207396569e-08,6.77124046916756e-07,1.77454235333213e-07,0.000204391255534858,-8.7900113491403e-18,5.15903506434539e-07,2.41596415796771e-08,1.10957087797055e-07,-2.44121125914031e-08,9.71374496409781e-08,-3.96597035518882e-16,2.44153334607231e-16,-2.30373309141905e-16,-3.93851065215885e-07,-4.1395693414095e-09,-2.68437144919348e-07,-1.60802303897396e-16,-3.18688820724684e-09,3.02781803341942e-16,3.35312314813345e-18,5.30479208940873e-07,-1.32847553332891e-07,6.59194920871187e-17,-1.10057608931475e-06,-1.48745256839063e-08,-4.93988455532281e-18,3.37857325576377e-08,1.59383340346234e-16,5.4921493381093e-07,1.39399280788168e-16,5.48032426858768e-07,1.03743554416885e-07,3.75792258176645e-09,1.61896641123652e-07,1.11269656835184e-06,-1.22086018983138e-08,3.7721489363467e-07,1.828514320782e-16,2.24747986748348e-07,-1.26958301254528e-08,6.50688538901236e-17,-1.67442142337371e-09,-3.41896375236072e-08,7.95751901231443e-09,-3.58219099199259e-16,2.56733151967853e-08,3.39942838857294e-08,1.00613787214746e-16,-9.44644470813675e-07,-7.17536307072089e-07,-9.82187842660787e-10,1.43580370107328e-17,-3.50110883722401e-16,1.76719679062137e-08,2.47378391852236e-07,2.00240702324476e-08,-7.14664787177401e-09,1.48532239422434e-07,-2.21181337453098e-17,1.65328491710419e-16,5.4300815805532e-07,3.23858780092948e-07,4.43597117700371e-16,1.31606439159261e-06,2.7468163608172e-16,1.50141159974437e-08,-0.000218343962691565,-1.37045922228357e-07,-9.63696092186569e-07,-7.48814905854957e-17,8.58427139901038e-17,1.45007798173456e-16,2.59792136977286e-16,-1.73410956615426e-09,-6.01890451951895e-09,-1.72619168248235e-16,-6.08042006476985e-17,-6.80649389050948e-17,8.49038599652948e-09,7.6369028649641e-11,-4.21502176607575e-09,-4.99215314363483e-18,3.40114221508703e-16,-8.11850586757146e-16,-1.8220657543758e-07,5.57698771192637e-09,-2.84706994802493e-16,9.81338473809597e-10,-2.57014556145067e-08,-2.45392417934643e-16,-6.28771200117602e-16,-8.08551560696299e-07,-1.8238611868682e-10,-4.01226719289663e-07,-3.85143606622636e-16,9.97319580541159e-09,1.61219992391359e-07,1.73488735941629e-07,-5.54871061203914e-05,-3.80730797941716e-08,6.24496893451303e-10,-3.36795164454969e-16,-3.92393025852119e-16,3.20473060653977e-16,1.19896974517562e-08,-1.0856938541327e-08,-1.8560891516217e-07,-3.23777356226253e-09,1.10117648313129e-17,1.07874742370273e-16,-2.57623750529543e-16,-3.0683885542407e-16,5.14700078062758e-16,1.55269459028062e-08,-3.06910801653237e-16,5.23832601697308e-17,-1.13981758989013e-07,3.19441221770608e-16,-1.02041810709251e-07,-1.87951063962773e-16,-1.26527114265791e-07,5.43216450275848e-16,-1.5366556316169e-07,-1.9244108462287e-08,-3.88475961111828e-08,7.75867642650685e-16,6.19176937047648e-07,2.64349556134623e-16,2.15530606342795e-07,-3.44088225165924e-08,1.90451978611843e-10,3.43838213963953e-16,1.05033030739865e-06,-6.68860435145759e-17,-7.57830921163128e-08,-3.86901917314995e-08,1.90569629438769e-16,-3.80226811142791e-16,8.76975522748791e-16,4.94776715806753e-16,-4.88068829560595e-06,-7.65959914217352e-08,-1.7113016702603e-08,6.7577809628249e-17,-5.6976501798137e-17,-4.01744784599193e-09,3.27753957164549e-08,3.65744249834465e-16,-6.77695106865054e-16,-6.55547876446442e-08,-7.75332199531586e-16,-5.56397847818512e-07,-4.28752477408436e-16,1.16669645456821e-07,-5.84321496647035e-16,-5.78938160858524e-16,3.17519096498627e-16,1.02498704092269e-15,8.12035397844554e-16,1.13386246145062e-15,2.2515146777988e-09,-1.57471018703141e-08,3.80241045404062e-16,-1.04697987437252e-08,4.4014173596088e-07,1.35827721976311e-16,-7.01830577804731e-16,1.4307162955791e-15,-8.54886313824537e-16,1.77541860121851e-07,2.84090436540313e-08,3.29928264107484e-16,-2.5361949887721e-16,-7.91068108058976e-08,-2.55542903017014e-08,-3.86997553013755e-10,-5.74133237165101e-16,-2.179435315503e-16,-7.79674328981848e-17,3.96609551833195e-16,4.12700696684621e-17,-4.59532290022452e-17,6.83518834462042e-07,-5.40452071274734e-07,-1.24413241343093e-07,2.91592427001626e-17,-1.24680442598553e-15,-5.72840922557911e-16,1.21417097992637e-15,-9.53913392779338e-16,1.71870888528232e-16,9.76328109104007e-16,5.72840586925538e-17,2.04618952704542e-16,6.7074374083123e-16,2.09054677858291e-16,-1.77711703519839e-15,5.73978947955156e-16,3.97272708120469e-16,1.52633303580012e-09,5.87251072779632e-16,2.04219138846908e-16,-4.9475660996132e-16,2.16244452851143e-08,-1.17186604295453e-08,-8.45488086919591e-16,-5.58278870851951e-10,1.97895031437942e-08,7.75946715385998e-16,2.93009801445445e-16,-3.82090683603113e-08,-1.73053290489126e-15,4.88650324859634e-10,-3.41463594363087e-16,4.05196012881528e-16,-1.84004352435614e-15,-1.54913258359818e-15,2.15391045668873e-08,-6.58301134987242e-08,-9.07380449347281e-16,-9.31880864921382e-16,-4.87925042221316e-17,-2.74751624216665e-16,1.96349013437125e-15,2.6060268828005e-15,-1.74210584204693e-15,5.01988150798223e-15,7.98626299445425e-10,3.75896114764772e-15,6.65206126361392e-15,1.3255602307027e-14,7.17259573793798e-15,-3.00751463976249e-14,-5.26367838970883e-14,-1.73923433514065e-07,-1.33091600689813e-13,-0.707106781186546,1.17691479419532e-08,-1.14096270884633e-14,-4.30800826034566e-15,-4.01816913083424e-15,-1.436346467171e-15,9.84964661835479e-09,-2.62134466181463e-15,-3.26214535138072e-07,-1.62917833174937e-15,1.53370732659487e-15,-3.97510486305684e-15,3.26925833816659e-15,1.14076992679351e-15,-1.21116134045446e-15,9.37695416272252e-06,-1.2698654977654e-15,2.54014494149223e-15,1.50532556077157e-09,-5.55036475709073e-06,-1.42502046022356e-15,2.5372375403034e-07,1.51296862010616e-07,1.98689520620378e-15,2.05360260054976e-15,-1.40644538197481e-15,2.70668542403039e-16,-8.62678954222038e-16,-2.54979064537817e-07,-1.2897329778483e-15,1.90981558931104e-16,8.43839876874585e-16,1.02162036469824e-07,-8.89112024323644e-16,8.70805650537967e-16,-6.3748692297967e-16,-4.67551873592138e-17,-4.65941573280894e-08,9.84204587539016e-16,3.13236044776575e-10,-6.96789428236073e-16,1.27755065364111e-16,-2.15128334970136e-16,6.58496780560065e-16,-8.98940910914954e-16,4.83200089961455e-16,3.39694388563119e-17,-5.44529813012068e-09,4.25551950861719e-16,-2.25599354568918e-15,2.29036377484015e-09,-3.06691301624723e-16,8.68725218711394e-16,-7.66099334597761e-16,-3.49929820637732e-16,-1.96092258908652e-18,3.84481297929115e-16,-1.66287202681992e-08,3.40558739269696e-16,-7.31809329923796e-16,4.95488997477096e-09,-4.01176298201234e-17,-1.78809276382371e-15,-9.43298452576182e-17,1.81872807642592e-17,1.1090939127422e-15,-3.82299000883809e-16,1.6095864351423e-16,8.87203484743857e-17,1.60249763132269e-15,3.01777018329029e-16,-2.60905690275065e-16,-2.60598884124968e-09,8.64417425121963e-09,5.76240452738598e-16,1.37349703830685e-16,6.28268168510119e-16,-4.80510807755253e-16,-8.60856524953491e-16,-3.87062382874227e-16,7.62631373095195e-16,4.81016168141095e-16,-8.25218295334164e-09,-1.08677846103286e-16,1.05906286786001e-16,-3.00552969277412e-16,-2.26339111646124e-17,9.61973213816643e-10,1.74202469548567e-16,-1.52777904275581e-10,1.71302080821846e-16,-2.17793954698799e-15,4.74180200094802e-16,-8.32015326882127e-17,-4.22643475841893e-16,5.81785077343975e-17,-1.66031031338416e-16,1.97450441985356e-16,1.30968523846119e-16,-2.98263149944358e-16,-2.29914975163457e-16,2.85414655634517e-16,-7.64609850464191e-16,2.39892515100758e-16,5.58324906736285e-17,1.20620905568007e-16,1.88601068760796e-17,2.42890717514823e-16,-3.10772511711052e-16,1.63909100143426e-16,5.52943107967607e-18,-1.25103329470871e-16,3.6209745303124e-17,1.88266581573882e-16,-3.42582580493926e-16,3.26294653546849e-09,-4.28896220705394e-16,1.04394582621906e-16,2.19631834893921e-16,-1.24708704294054e-16,-1.9240513220633e-17,8.73801641373295e-17,-3.23006790438036e-16,-2.6912864022292e-16,-1.95787868736633e-16,3.1030907085917e-16,5.41125304287515e-16,1.6516076045393e-16,-1.3867512877032e-16,9.99681729136533e-17,1.74946389400057e-16,1.33848747169616e-16,3.58095754819662e-17,-4.21365023161113e-08,2.18992322804845e-16,-1.6576632982446e-16,1.73577372335315e-17,-2.9064019237641e-17,6.62837147250917e-16,-1.37448272254641e-16,4.61317887042832e-16,1.73636366653461e-16,1.90112394681614e-17,2.20815454495641e-09,3.4732477466049e-16,1.58611841726694e-17,-2.60696906464935e-17,1.9270236499918e-16,-5.9425538096885e-16,-1.2589165539134e-16,9.10599542773356e-17,2.40317202851907e-16,-1.90369251915164e-16,-5.40464847292147e-18,1.54414450556384e-16,3.1132680669358e-17,9.06401118087943e-17,4.53524453685045e-08,1.97697614520446e-16,-7.22733205410983e-17,-1.73799075299529e-16,-5.57930437961041e-16,-3.07159073905318e-09,1.79455565446847e-17,-9.41358151438826e-18,2.3441560965544e-17,2.30850722546452e-16,2.56388563474148e-17,9.40409853488762e-17,7.31613483452304e-17,5.01567880832309e-17,9.75595048089534e-17,-1.00343240258374e-16,3.09023230261228e-17,2.59932069919801e-17,-3.31311620761546e-17,-2.10670724459095e-17,4.75201846571995e-18,2.20853246211566e-17,-1.98647490024136e-16
"t554",0.0327581318026366,-0.00808979874011219,-0.00870459380273736,0.000393122238150644,0.00196514408230555,0.00375887386002679,0.000838410635976776,7.5046232519962e-06,-0.0350418221445054,0.136200384139298,-0.0245620609118818,0.00316992196042467,-0.00620028620590543,-0.00130405933691876,-0.0348094682365679,0.000784982817461845,0.000499448094554028,-5.86399123079951e-05,-0.025745804895694,0.0035545857308914,-3.05268338156322e-05,4.06914886420935e-05,-0.00554151506554829,-1.69908338733728e-05,-1.19155487856178e-05,0.00094393651684237,-0.00481946356225327,4.82736852471012e-05,-0.000765049462649151,0.00614094132967526,0.000838034833481708,-0.0421195002792645,0.000676723241526339,-0.0107212581896723,0.000640978356127539,-0.000129244516295892,-6.27250138405963e-06,1.48989684722408e-05,0.000838444459486148,0.000278405085542958,0.000254889074110645,-0.00666502355881521,0.000585567188653695,-0.0789948415087085,-0.000191020186775472,8.29621927575747e-06,-1.21347502188058e-06,1.64225092891129e-05,-0.000736416930059895,0.000969265842928638,-5.06993884258811e-06,3.81897263388799e-06,-4.02628150980417e-07,9.73162345790056e-07,-8.41546421249298e-06,1.39643690067294e-05,3.17055497285726e-05,-0.000414848714077876,0.00552871436084834,8.80795491203594e-07,3.72116693408926e-07,-1.37296649340875e-05,6.126043745053e-06,-4.25384310958698e-06,9.25688774886479e-06,-2.80378640283939e-07,9.19483446372969e-08,1.68008639301293e-08,-3.20969204017942e-08,1.21496753305361e-08,6.50052011489651e-08,-4.93367164523893e-07,1.9257425322256e-06,1.57848780918623e-06,-6.82187683277367e-07,-2.69258366610902e-07,6.73813670053094e-06,-1.17995248647481e-06,0.000216735110001905,7.92152985118479e-05,-6.12883583379161e-06,-0.000502531603050358,0.000464459209724622,4.38078563501419e-05,-0.000395791329508005,-0.000420218835500161,0.000161523390213401,0.00152665668046864,7.82622373487374e-06,-0.000390361522838821,0.349037010472025,2.7090554642617e-07,0.000173260986229906,-0.000104278256413255,-5.77340874238185e-05,-1.60797111800592e-05,-1.88592690903435e-06,9.02356669820474e-06,-9.70774561490996e-05,-0.000841142419195995,-4.33546925013058e-05,2.84144352330953e-07,-5.90004363849689e-05,4.93150053913676e-05,-2.44242422258969e-05,1.53331225986626e-06,-0.000401402913688834,5.0415423214967e-07,-0.000256965099902975,1.87305968975975e-07,6.19091123264188e-06,1.17517398496268e-05,-3.62588869802648e-06,3.44543318263366e-06,-0.000113137182379913,3.77035234069433e-06,-0.000187145978473205,0.000187947325970946,-6.00430204134834e-05,2.04391467807598e-05,-1.14084047707123e-05,2.16763950123034e-05,-0.000189662878232955,-0.000328858293386826,1.50035893816362e-06,-3.14874527645287e-05,3.2851449252632e-06,-0.00623131485222027,5.76927386268914e-05,0.00200636801860433,1.47673605379739e-05,-5.21278607841063e-05,4.03732748000403e-06,6.94311067142584e-05,-1.09014906870341e-07,7.16728560728854e-05,-7.07033952365499e-05,-6.98842994899048e-06,0.000256939133403866,-0.000214858349047582,-0.000184038067450734,-1.59748094352163e-05,0.000140066981372183,8.71271752786697e-06,5.02436290176756e-08,-1.43581160639858e-05,-4.22607556334217e-06,0.000100269198262054,7.01439061917188e-06,-4.08543507525119e-06,-5.30176146200075e-06,-0.000168898256682064,-8.58750182841002e-06,0.0136545171074063,-1.40630001681127e-06,-2.44377484328873e-05,0.0201239420419623,-7.4181786082293e-06,-2.46542580126104e-05,-0.0156840068817384,-6.32154508744487e-06,9.39531412253561e-07,-3.39736815974768e-05,-1.03092394777525e-05,7.25753456068981e-06,-5.2212913057198e-06,0.000470610010312706,8.13114954545855e-06,0.000405390042854629,8.56315355662563e-06,-1.61503957981339e-05,-2.87542045009115e-06,3.97095555415219e-07,6.46162658404051e-05,3.08137335094805e-06,6.53106455749994e-06,2.92327413101514e-07,-1.97866079738155e-05,-0.222686199013006,0.000469826854219567,-0.000940171748664603,-9.63808929749472e-05,1.59293997338286e-05,5.21470746818834e-08,1.34305625361643e-06,2.96895928468174e-07,0.00146989639123322,-0.000186961548880003,-0.000824084195301142,1.17144913602794e-05,1.32603538160265e-05,-1.84662522284011e-05,-1.46840844099854e-05,-1.85003046887708e-09,-1.63472731300204e-07,9.78369716997169e-06,1.41133358224834e-05,1.98279829172082e-07,-8.4029252993729e-06,-0.00641279933692971,5.46318903187406e-07,-4.043269134538e-06,2.66248746779998e-08,3.1218103773989e-08,1.8681481972247e-06,1.53454983639939e-07,-1.59847320235792e-07,4.14530421924061e-08,-1.01885233380514e-05,-4.01717112982297e-09,-0.000103554148896669,-6.98062144314364e-07,-1.93348700676306e-06,-2.253484520619e-05,-1.23602278521291e-08,-1.85107555657768e-07,6.3410794029505e-08,4.16913172511457e-08,-5.41529849359049e-06,-6.43734356785571e-06,-3.08071420169218e-06,4.49688089823133e-06,1.04793308701681e-06,4.75479112686777e-06,-1.81895994517219e-05,-1.10506256966364e-06,-0.000106381757336084,-9.69847174303144e-07,-0.000154322703710892,-0.0540017055946503,-1.14108648150641e-05,-7.9268435369731e-07,0.0249148955280382,-2.45224120687801e-05,1.35238935904793e-06,4.10223440119434e-08,1.33006551893501e-05,6.05709503814541e-17,8.63499607259838e-08,-1.15106284475676e-06,1.48792117913454e-07,2.71132404319105e-07,2.70982727382339e-06,-3.67833063984435e-08,2.69793953487709e-07,-1.04788188726001e-07,8.02912900404791e-08,-3.62722774831664e-09,1.24596320103454e-08,-1.96264700605007e-06,4.72308714235284e-10,-1.67396347898581e-08,-5.78683079840036e-07,2.65878943763122e-09,-2.10757517341009e-10,1.13323733996394e-08,-1.29538634362525e-08,2.06190099026438e-07,2.47008405368789e-06,-4.92002564546791e-07,2.39393149904863e-07,-1.9123739319244e-06,5.30287901246887e-06,-3.30545161633706e-07,1.53903084473408e-06,-5.24875597230546e-07,1.29596789131738e-08,0.000150333680768689,1.43500731532066e-06,2.77625323580448e-07,2.53892628612367e-09,-4.14655078158185e-07,9.40202797535613e-08,-1.42592610883176e-07,2.27265883311184e-07,-4.41667838446028e-07,3.46799130990036e-07,-2.55224951928079e-08,4.93905018213043e-06,-2.14900661694261e-08,3.53343512774413e-06,6.77490976411657e-16,-8.67216500646165e-06,-3.60440486590898e-07,-9.19939125517251e-12,-7.99916732933951e-08,1.1656671895775e-07,-7.1813226237505e-08,-2.03209398107501e-08,2.18437374858519e-09,-9.67155399286098e-08,3.64790121581784e-06,5.50932592029598e-07,-7.86425553486623e-09,3.85557359223188e-06,-5.27046747487292e-06,2.45026793767658e-07,9.56701691982475e-06,-1.03552797895198e-05,-0.497940567116749,9.71095345427321e-07,0.0031826312662452,-2.83372560648943e-06,1.255600610152e-08,-3.93577005828843e-06,4.61425794637311e-07,-1.67676434747036e-06,1.24915427490285e-06,4.80155135190403e-06,5.71606884618263e-07,-1.82637380198302e-07,-1.22745650210935e-06,1.33222469320185e-07,-7.23551536040653e-07,1.03586337152103e-06,0.00642747082275251,-6.60172194107655e-06,1.95464123460211e-17,3.09925164243448e-08,3.93238462633649e-07,-3.73922784074974e-08,8.9702585765143e-06,2.3213118276933e-08,2.35366913351909e-06,5.49976886781528e-06,-1.703815919352e-06,7.39001970024193e-06,5.87558305404104e-17,-2.54397985001082e-05,-4.83812577971621e-09,-8.98787124662976e-07,8.89096652654834e-08,1.78580642226975e-06,-5.71382429244936e-07,-0.00196473549131205,0.00595785969645267,-3.76473222992722e-07,0.000673980705995246,-7.06835291745848e-08,-7.44862115386904e-06,-1.03017623969048e-08,-1.5533267427848e-09,-9.79043147657461e-06,1.2697534145352e-07,-1.11553483590742e-05,-4.09362860515445e-16,-7.93292716159224e-07,6.46988568848289e-08,1.86536121490648e-09,2.41600570169548e-08,-0.000703524499672453,-5.97920061301246e-05,6.65008351371732e-07,-2.45153398503857e-06,-1.44031867447312e-06,-1.51612397050922e-15,-1.16843804542528e-05,-9.83649600814156e-08,-1.62326162290982e-05,1.59852383748382e-15,8.02717997589435e-06,1.04981378271238e-06,-1.62814211108701e-07,-2.94869747535781e-05,-1.03079266032066e-05,-5.72013821362932e-06,-4.47189853645965e-06,6.61167609765636e-06,1.1314764097702e-06,6.84658037696149e-08,7.36615556039295e-05,5.76763615897707e-07,-1.46990889715913e-16,-4.16432350129585e-07,1.80319896380762e-05,1.26557528863289e-05,-0.207570286659739,-1.26434162026686e-15,6.86088540099651e-07,-5.69650216642641e-08,0.00531585496840101,5.00375650995365e-08,7.69251122161821e-06,-1.46681557487802e-07,1.46797491887426e-06,-4.19686763903345e-06,2.59960926122784e-15,-8.89771176458575e-06,4.03740345511407e-08,-1.08441087615132e-07,-3.53331679543627e-05,-1.01822787964918e-08,4.33435277418974e-09,-4.5102810375397e-16,-1.67313036690828e-17,4.01898266097041e-09,8.1296404319791e-09,-1.02931740073162e-09,3.49699481241287e-07,-2.34512875243097e-17,3.74916182419457e-08,-1.42832712422145e-10,9.7266227778456e-17,-1.91575511656354e-16,2.5405760608112e-16,3.6003127583314e-07,2.50019586126945e-08,-3.55524641660841e-08,1.27327194283161e-06,1.83867906765472e-07,3.90189921457488e-08,-1.71686309450699e-08,3.41656223252569e-17,-4.6133289709569e-09,1.37318972538392e-08,-8.73243589884015e-17,-2.4661452915676e-18,-1.04465297071692e-08,-2.746805202114e-10,-7.22592646967801e-09,0.000152649977603155,6.36203635213032e-09,-1.12476367249087e-07,-2.74901784100471e-16,-9.28480211613493e-08,2.08863426471075e-16,-1.36396226392733e-06,-5.88450729116508e-16,-7.83881847733011e-09,-1.28679409689691e-16,3.3026015891333e-08,8.73815309221982e-09,1.78051321933629e-07,5.70561556929973e-07,2.53066785695727e-08,-2.95920457108353e-09,1.90356039329623e-08,7.04126726918384e-09,1.5333770460596e-06,1.18797034314439e-07,7.0286687564376e-09,-2.01692344411859e-08,-1.62380708079914e-06,-1.33177885292363e-07,-9.94314124186412e-09,-1.06464996839786e-16,9.4577928906888e-08,-1.65391634076954e-08,8.87118103264654e-09,2.99556667844238e-17,7.24484906055941e-08,4.81183136168209e-07,1.54923929815411e-07,2.27291774287846e-16,-3.76499132812401e-08,-9.33332541724886e-07,-3.16310992481966e-16,-2.68645646530989e-08,6.17111067975019e-08,2.46594752696598e-17,-5.90085352702786e-17,-2.29069722476067e-09,-5.65562951259404e-07,-3.23606882753462e-09,-4.51189225823044e-06,2.93067570475164e-07,7.73239969306442e-09,3.43916050174765e-07,7.00319213816614e-08,-1.77370590254798e-06,9.22872889219661e-16,3.29154669542523e-10,1.04727024103012e-08,2.90123571902081e-08,2.73914234823781e-06,3.07047084414709e-16,-3.87252069133389e-17,7.92171946182833e-05,4.60471052745229e-18,-2.29726174236098e-16,9.32411389270098e-08,-1.37780328175818e-07,-2.57978905818096e-08,-6.4002820857366e-08,6.77124046871763e-07,1.774542351023e-07,0.000204391255534732,4.78131791367036e-17,5.15903506248688e-07,2.41596412969917e-08,1.1095708765999e-07,-2.44121124284258e-08,9.71374494388609e-08,2.67668687059069e-16,-6.24354247036624e-17,2.09589046773773e-17,-3.93851065755754e-07,-4.1395690987355e-09,-2.68437144878944e-07,1.42732089524306e-16,-3.18688829693673e-09,-2.58715490359973e-16,1.70659332233398e-17,5.30479208757139e-07,-1.32847553107853e-07,-2.16406753628107e-16,-1.10057608952126e-06,-1.48745257202087e-08,3.95880022072795e-17,3.37857326431316e-08,-3.00139826743692e-16,5.49214933444386e-07,1.11609403672414e-16,5.48032426799849e-07,1.03743554382112e-07,3.75792252764402e-09,1.61896640885796e-07,1.11269656875848e-06,-1.22086017603491e-08,3.77214893751939e-07,-1.48637981495737e-16,2.24747987289558e-07,-1.26958298543833e-08,1.89994834148644e-16,-1.67442189890248e-09,-3.41896376088848e-08,7.95751866264861e-09,-8.92333302251369e-17,2.56733148169851e-08,3.39942840760257e-08,-5.7467497777295e-17,-9.44644470698282e-07,-7.17536307146369e-07,-9.82187430574501e-10,-9.53949364389454e-17,9.10704479531015e-17,1.76719681025974e-08,2.47378392683416e-07,2.00240700958533e-08,-7.14664793883607e-09,1.48532239119708e-07,2.67718036893421e-17,-3.1889172864268e-16,5.4300815843344e-07,3.23858780778518e-07,-3.0769710045007e-16,1.31606439098478e-06,-1.7091907621688e-16,1.50141160634018e-08,-0.000218343962690405,-1.37045922633354e-07,-9.63696091822511e-07,6.23410283888563e-18,-1.00990185975839e-17,-1.36517872473567e-17,-1.41271235931567e-16,-1.73410972575465e-09,-6.01890478979247e-09,2.03265859594979e-16,3.72462639545937e-17,1.05301354556843e-16,8.49038638735605e-09,7.63686074660425e-11,-4.21502144810626e-09,-3.28639297325328e-17,2.87096735274162e-16,3.67002435386343e-16,-1.82206575465628e-07,5.57698742603324e-09,1.41448101230856e-16,9.81338244981414e-10,-2.57014555530849e-08,1.33889007352679e-16,3.23239680007917e-16,-8.0855156035223e-07,-1.82385810206391e-10,-4.0122671958201e-07,3.29605127066238e-16,9.97319624890362e-09,1.61219992558988e-07,1.73488735937101e-07,-5.54871061205345e-05,-3.80730799786464e-08,6.24497246350516e-10,3.7837113071989e-16,2.66095671310934e-16,-4.51069089168487e-16,1.1989696617667e-08,-1.08569389701457e-08,-1.85608914822764e-07,-3.23777388202753e-09,-5.22124022431878e-17,-2.6522599139903e-16,2.14281948920342e-16,4.68059396932613e-16,2.62839764332566e-16,1.55269461914866e-08,2.91368977487873e-16,-1.72956067931934e-16,-1.13981757601191e-07,-3.22748019511337e-16,-1.02041810509115e-07,1.72716733625137e-16,-1.26527114768973e-07,-4.98897824650866e-16,-1.53665562438524e-07,-1.92441080956364e-08,-3.88475977559387e-08,-7.89952844788804e-16,6.19176936397341e-07,-3.14887017847833e-16,2.15530606914799e-07,-3.44088224249221e-08,1.90452456405251e-10,-3.69643719582307e-16,1.05033030755047e-06,1.0944892003629e-17,-7.57830913642479e-08,-3.8690192091624e-08,-1.0879398915758e-16,4.72031923104539e-16,-1.11173024725035e-15,-5.42071594686781e-16,-4.88068829474352e-06,-7.65959918313788e-08,-1.71130165679226e-08,1.10694314314499e-16,1.22874209763112e-16,-4.01744838814762e-09,3.27753958574012e-08,-4.44748872267454e-16,4.00402883423447e-16,-6.55547876804078e-08,7.00653393924928e-16,-5.56397847642413e-07,2.3670096303386e-16,1.1666964515466e-07,6.05142423306761e-16,6.20701557141302e-16,-3.14393157878984e-16,-1.19481515042328e-15,-8.62554112856418e-16,-1.21539273512168e-15,2.25151504428672e-09,-1.57471014208191e-08,-4.55283320108629e-16,-1.04697977214545e-08,4.40141736066054e-07,-2.00880370964138e-16,5.56507196758431e-16,-3.78149129258112e-16,7.6684427374187e-16,1.77541859199416e-07,2.84090439178688e-08,-5.5342210613344e-16,2.29417359750583e-16,-7.91068115216936e-08,-2.55542889684923e-08,-3.86996698096876e-10,4.11805613443347e-16,2.13114484621574e-16,7.96552763965588e-17,-1.96488732189847e-16,1.57007217017415e-16,8.24722273902129e-17,6.8351883613599e-07,-5.40452069797943e-07,-1.24413240291971e-07,1.10300681223574e-17,1.23527868061275e-15,7.85568973347092e-16,-1.20313147444833e-15,1.04486309460388e-15,-2.33051118114925e-16,-1.06571566829537e-15,-2.02191822325158e-17,-2.0103848084635e-16,-6.91397561456735e-16,-1.47945734502284e-16,1.52831363377871e-15,-5.66909503311754e-16,-3.94592070430914e-16,1.52633188208775e-09,-6.31263493954072e-16,-2.98850697522475e-16,3.89606961163113e-16,2.16244448459074e-08,-1.17186605231652e-08,9.181395508118e-16,-5.5827326957328e-10,1.97895024789018e-08,-8.29437308219625e-16,7.00579031981582e-16,-3.82090671932745e-08,1.75223647191852e-15,4.88649622606059e-10,3.41667656433038e-16,-4.43733326779721e-16,1.84319381963244e-15,1.61159439041117e-15,2.15391071774338e-08,-6.58301125286382e-08,1.33035879091373e-15,8.39396651982482e-16,1.05131139722488e-16,-1.33198866254989e-16,-2.12069944938165e-15,-2.65955352108664e-15,1.69718129452118e-15,-5.11529397788198e-15,7.98622424144413e-10,-3.76679806099508e-15,-6.62467327388983e-15,-1.32219050260553e-14,-7.18529416973166e-15,2.9805615948095e-14,5.24999856232423e-14,-1.73923587708434e-07,1.3305404215136e-13,0.70710678118655,1.17690921771326e-08,1.13364002502634e-14,4.40825378756612e-15,4.04660409799435e-15,1.43584424830458e-15,9.84964465321371e-09,2.57578373062136e-15,-3.26214532206234e-07,1.69264916770198e-15,-1.50179188150086e-15,3.85054417006891e-15,-3.32007735038653e-15,-1.13668227512037e-15,1.23707534085062e-15,9.37695414623893e-06,7.00659497000102e-16,-2.50249464142159e-15,1.50533047239958e-09,-5.55036476509573e-06,1.41566802925442e-15,2.53723752663742e-07,1.51296869955163e-07,-1.76648709479746e-15,-2.43236504094418e-15,1.39881577163974e-15,-1.61151754324289e-16,8.39001690356227e-16,-2.54979065952469e-07,1.10645241611106e-15,-3.42075121259103e-16,-8.18801608391813e-16,1.02162036436267e-07,8.34463877516209e-16,-1.02265318844954e-15,6.67634847055347e-16,1.46919783048867e-16,-4.65941560200769e-08,-9.78616460462759e-16,3.13235657796352e-10,6.92717005978004e-16,-1.15378207391659e-17,3.18593996754247e-16,-5.85811930846446e-16,8.98122190207735e-16,-6.24788106546018e-16,-4.25030749033769e-17,-5.44530073195457e-09,-4.21497485348081e-16,2.31325821839324e-15,2.29036482497215e-09,3.00055514685065e-16,-8.73229348561363e-16,7.44761590193873e-16,3.35438658464465e-16,3.77459094280034e-18,-4.92164329055747e-16,-1.66287207273001e-08,-4.12460367435961e-16,6.51258415303025e-16,4.95489095270727e-09,-2.81104858001572e-17,2.04812392200549e-15,5.79901058123808e-17,-5.86971209600585e-17,-1.21222584495956e-15,3.87585223874778e-16,-2.07292282616664e-16,-1.32449928289314e-16,-1.64445589818384e-15,-3.27493198725456e-16,2.91611378647422e-16,-2.60598867615466e-09,8.64417274359982e-09,-4.94189638848539e-16,-7.13763575129468e-17,-6.31358088558246e-16,3.53792665340474e-16,8.84925813182669e-16,4.28050112518688e-16,-5.08882608270647e-16,-5.14763089378277e-16,-8.25218308848112e-09,1.7928912254544e-16,-1.20867680118536e-16,2.32501585088207e-16,4.99277509315321e-17,9.61972861844491e-10,-2.32273543698631e-16,-1.52778005992823e-10,-2.49641830634644e-16,1.15001764622025e-15,-7.09351424102407e-16,3.31738057709435e-17,3.45493329809606e-16,-2.09221013160926e-16,1.86293944598877e-16,-3.97266202879852e-16,-2.94143187546541e-16,2.68240128763955e-16,3.67224578003961e-16,-2.6907374465929e-16,7.0963339039937e-16,-2.55371496703171e-16,-5.51725681556685e-17,8.82515838731645e-17,5.49411638559778e-17,-2.54013011837993e-16,2.73057562324899e-16,-1.19583338423691e-16,1.51246203061728e-16,1.37297932398373e-16,-1.34309421923956e-16,-1.33660134836716e-16,4.13987175642945e-16,3.26294671124598e-09,3.75669622904754e-16,-2.72640110991723e-16,-2.72291416282436e-16,-1.82175623402299e-16,1.64369852203934e-16,-7.90308776963843e-17,4.33809694804615e-16,1.62791435142402e-16,2.04894090584962e-16,-3.65076073017472e-16,-3.97468516433186e-16,-7.42545367177832e-17,2.36770176721568e-16,-8.3601543612229e-17,-1.86411276854886e-16,-1.01812257127355e-16,-3.47920869674654e-17,-4.21365028507645e-08,-2.59980601291772e-16,1.02677285046261e-16,-1.43214994643577e-16,2.14251276818412e-17,-1.45687944051868e-16,1.64307776526493e-17,-3.88815756671707e-16,1.17499124148808e-17,4.19596595431537e-17,2.20815454363317e-09,1.47715531409381e-16,2.73341059005865e-17,4.31866147985205e-17,-1.64222597183101e-16,5.22169154668794e-16,7.56903101785664e-17,-1.07509465706012e-16,-1.28476870674773e-16,1.58800919834845e-16,-1.27235910903966e-16,1.75096373258322e-16,-7.30986985010937e-17,-7.71991615837354e-18,4.53524446889761e-08,-1.96556882683427e-16,-1.80381608909774e-17,4.83629516665038e-17,-2.40909722726279e-16,-3.07159074409065e-09,-1.39294567124421e-16,4.13224039232074e-17,2.36880367103587e-17,5.44556487630188e-17,-4.11014248481586e-17,-1.04511134576051e-16,2.90013125413584e-17,6.31975270908479e-17,1.33861381038688e-16,7.81390912821396e-18,7.8360809854672e-17,-4.12204297354933e-17,-4.13244871273749e-17,-4.58786081558481e-17,6.41618097004202e-17,3.36326484881798e-17,-2.49865902172997e-16
"t35",0.0327278725302457,-0.00807405176690887,-0.0086871021870193,0.000392063551915864,0.00195866488573829,0.00374433486664439,0.000835104093922455,7.47267367826008e-06,-0.034865649436809,0.13537023408577,-0.0243721851094562,0.00313973987297405,-0.00613952773477678,-0.00129108743735205,-0.0344481465991063,0.000776354946573711,0.000493827792948424,-5.79681067315932e-05,-0.0254440364965506,0.00350933183997986,-3.01065444533696e-05,4.00156461291529e-05,-0.00544433149111839,-1.66911621888258e-05,-1.17045662193585e-05,0.000926427920760499,-0.00472901527788079,4.73596078677344e-05,-0.000750175377761998,0.00600001113845925,0.000817529221347423,-0.0410421241552663,0.00065816684067163,-0.0104133669365948,0.000621633438132633,-0.000125033144880181,-6.06553009086219e-06,1.4399563370853e-05,0.000810149723945671,0.000268870423698567,0.000245909641249996,-0.00642454877025966,0.000564125785363217,-0.0760988115242055,-0.000183895351024069,7.96708050040799e-06,-1.16444325336366e-06,1.57532609477975e-05,-0.000705690496391934,0.000927798088056104,-4.84583001362783e-06,3.64761660709388e-06,-3.84523010725607e-07,9.28590225188902e-07,-8.01618839697547e-06,1.32983323296496e-05,3.0049163544294e-05,-0.000392654030912561,0.00523209330232312,8.30796916648154e-07,3.50108041410416e-07,-1.29013523829941e-05,5.75054945783766e-06,-3.99206970424379e-06,8.67047542100738e-06,-2.62158528786444e-07,8.56390994617888e-08,1.56204120134359e-08,-2.98172502275569e-08,1.12699850154169e-08,5.98208782261709e-08,-4.51224731977222e-07,1.75955921669109e-06,1.43940316348295e-06,-6.21922630174694e-07,-2.45259650144819e-07,6.1354576884093e-06,-1.07259076875103e-06,0.000196253663970359,7.16165428114284e-05,-5.52595200396744e-06,-0.000452831542460135,0.000416715069385203,3.92529460110885e-05,-0.000352627704159205,-0.000373805238250805,0.000143454696171126,0.00135552835163732,6.94848606722736e-06,-0.000346522396337191,0.309650363431753,2.38948415482061e-07,0.000152740679673023,-9.15958104552344e-05,-5.03937797267652e-05,-1.40219015704585e-05,-1.64450076649658e-06,7.84922913787413e-06,-8.43668479567997e-05,-0.000728488301468805,-3.74418987962745e-05,2.45330122306946e-07,-5.09264312888636e-05,4.20159450020642e-05,-2.07886075909546e-05,1.30406301340658e-06,-0.000340917082977322,4.28019819043568e-07,-0.000218010294358138,1.58746075165184e-07,5.24515869295702e-06,9.93639614413987e-06,-3.06504047792392e-06,2.89694911549216e-06,-9.50174358987816e-05,3.15851152168661e-06,-0.000156598230727943,0.000156775806915521,-4.99327755062115e-05,1.69583850022164e-05,-9.4531341374505e-06,1.78795117343914e-05,-0.000155976583654908,-0.000270418416395587,1.23320760092075e-06,-2.58013253471427e-05,2.69120947616469e-06,-0.00509114750538346,4.677518532307e-05,0.00162654988111491,1.19642566727514e-05,-4.20125655646006e-05,3.25053565807582e-06,5.58585632861206e-05,-8.74347528752797e-08,5.74601465729469e-05,-5.63113178293342e-05,-5.53614252767423e-06,0.000202041555076033,-0.00016891612210661,-0.000144500955128354,-1.25347261287052e-05,0.000109788657122314,6.82653483150144e-06,3.93663667199502e-08,-1.12171752152002e-05,-3.28242310140028e-06,7.74146909076884e-05,5.40744800133129e-06,-3.13901312971253e-06,-4.07248418179398e-06,-0.00012957147420113,-6.5829995975947e-06,0.0104582830257068,-1.06858697591193e-06,-1.85453903536413e-05,0.0152578142633332,-5.5068679423123e-06,-1.82058211519775e-05,-0.0115723598157535,-4.64328882857464e-06,6.89460160981887e-07,-2.47851100579717e-05,-7.5155880153523e-06,5.26023056089105e-06,-3.76297142445144e-06,0.000333520465590498,5.75906075860316e-06,0.00028708173035496,6.04993423685359e-06,-1.13790323221907e-05,-2.02512049064812e-06,2.78137209007099e-07,4.51805835811279e-05,2.1464279214994e-06,4.54518466627214e-06,2.03343159209773e-07,-1.36415216773927e-05,-0.152095508185506,0.000320370560628752,-0.00064009509081879,-6.53150605852675e-05,1.07755771189789e-05,3.52130300118551e-08,9.05401130552586e-07,1.9901904533728e-07,0.000983928828280443,-0.000123611370569144,-0.000544625173718266,7.70941268123465e-06,8.6246317688396e-06,-1.18912892676822e-05,-9.42281093911018e-06,-1.18096020579759e-09,-1.03941153931676e-07,6.14706104750041e-06,8.8441539314174e-06,1.23560039441829e-07,-5.22162313885141e-06,-0.00389735010711978,3.31668341175599e-07,-2.43094449004656e-06,1.58530758378641e-08,1.8147149120408e-08,1.08583581700126e-06,8.89917288227171e-08,-9.20534109986687e-08,2.37554021662034e-08,-5.76206372624307e-06,-2.23407937879542e-09,-5.6797510436916e-05,-3.81214608679325e-07,-1.03497275600413e-06,-1.19258462093094e-05,-6.53926891427804e-09,-9.70510910566216e-08,3.24717200796445e-08,2.12508087108933e-08,-2.69122670537384e-06,-3.141581913425e-06,-1.49386143976934e-06,2.12220267324245e-06,4.9127757318398e-07,2.2127452714296e-06,-8.27268528649782e-06,-5.00207754318384e-07,-4.80975954749538e-05,-4.27079975163968e-07,-6.68414265805999e-05,-0.0229509274383819,-4.80727367676252e-06,-3.30884806027435e-07,0.0103093749919956,-1.01216178979256e-05,5.45187764953104e-07,1.62887824510001e-08,5.19323893460117e-06,3.00869866522972e-17,3.28862686310598e-08,-4.36154597620655e-07,5.43700571859881e-08,9.62080794254937e-08,9.37642916026321e-07,-1.27080072191065e-08,8.8712187800695e-08,-3.41584747998045e-08,2.60677986539541e-08,-1.15478396400832e-09,3.91327397867497e-09,-6.00921019601384e-07,1.42944241282723e-10,-5.04180042032715e-09,-1.69638554245634e-07,6.87227948298741e-10,-5.18010297200291e-11,2.66354508988492e-09,-2.73445349233336e-09,4.31670167900929e-08,4.74434898583114e-07,-8.96385318336393e-08,4.01787781887454e-08,-3.12036239009368e-07,8.39118435625658e-07,-5.00244390349649e-08,2.16976362507045e-07,-7.33723292741349e-08,1.45957856097043e-09,1.68354378475396e-05,1.59674300071415e-07,2.87795064694583e-08,2.55938349720362e-10,-3.79892590210013e-08,8.45156919084579e-09,-4.38444433889388e-09,5.40607174498531e-09,-8.03607821722094e-09,1.7652255904837e-09,1.45015067009538e-10,-1.53472063258566e-07,8.33213166668499e-10,-1.58919885213017e-07,3.22784817606978e-16,5.82353485162809e-07,2.52956053460008e-08,7.38272442682487e-13,8.42923648887204e-09,-1.50137852499773e-08,1.01002387611956e-08,2.98121781298319e-09,-5.29873338347961e-10,2.42207031454339e-08,-9.2148082024564e-07,-1.61537971211727e-07,3.85374665927092e-09,-2.13076847751331e-06,3.20155009519414e-06,-2.27196928133893e-07,3.00607627598639e-06,-6.96695337235173e-07,-0.0290426828789033,5.41146088113959e-08,-0.000528899026496887,8.81311576651043e-07,-4.10915329326296e-09,1.38009359009736e-06,-1.74682353611979e-07,6.49023045202166e-07,-5.71362145397774e-07,-2.22159287703384e-06,-2.70013520444017e-07,8.74852915199656e-08,6.14782115210021e-07,-6.99607413705096e-08,3.96329642026311e-07,-5.77682332668391e-07,-0.00369324412195211,4.0340613088137e-06,-8.94388893147909e-17,-2.63098700439084e-08,-3.43884187951862e-07,3.41582097401153e-08,-8.20490004718821e-06,-2.12611965184869e-08,-2.17862603811513e-06,-5.19237715546981e-06,1.64648758758741e-06,-7.48205479780424e-06,-4.32821118097553e-17,2.85762419866667e-05,5.50379063746887e-09,1.05035431336484e-06,-1.04235644035043e-07,-2.23563899073154e-06,7.41317032198426e-07,0.00267960786500077,-0.00840698630175063,5.71373286410095e-07,-0.0010929595403361,1.19541470758184e-07,1.28979238984921e-05,1.81013123226341e-08,2.80118678871056e-09,1.77061303921246e-05,-2.33897239649045e-07,2.08441382461045e-05,1.10592436372896e-15,1.64860282502887e-06,-1.37455158787277e-07,-3.96388963274636e-09,-5.46672143451672e-08,0.00160707875975493,0.000153513215600509,-1.76566113878354e-06,6.55245904668161e-06,3.94803085536379e-06,2.89858462195581e-15,3.29674513863111e-05,2.80551624913764e-07,4.82151092427079e-05,-4.63086386513757e-15,-2.4922724520995e-05,-3.29389010949215e-06,5.1364062876783e-07,9.40814118419896e-05,3.35197807242702e-05,1.88695994859234e-05,1.4918852098689e-05,-2.28096337240912e-05,-3.91911657301108e-06,-2.42728638509263e-07,-0.000272164636997254,-2.13555463336635e-06,5.25944472421471e-16,1.67462816125502e-06,-7.35789013496214e-05,-5.33422006007131e-05,0.919643348098212,6.03807122015141e-15,-3.39639604261458e-06,3.21538788338122e-07,-0.0319159451468888,-3.09392140608588e-07,-4.93011162432555e-05,1.00660538286559e-06,-1.13211353342002e-05,4.49992501948157e-05,-8.99179281069341e-15,0.000137870551412245,-6.49427198948986e-07,1.89283246805966e-06,0.000697377445918496,2.02979733315255e-07,-8.96917485129642e-08,2.67147415300428e-16,1.25382698207952e-16,-1.05828832382026e-07,-2.77516158929235e-07,3.64575504704468e-08,-1.68772551265894e-05,1.14450468515946e-14,-7.48485138692785e-06,-8.59153802840348e-08,-7.37379589046147e-16,2.96039177767175e-16,-1.00117057227293e-16,1.67939887455618e-05,1.0485072584364e-06,-1.11208951710379e-06,3.29529500085368e-05,4.66577058656892e-06,8.42950711608995e-07,-3.64755905437153e-07,-6.32082571699713e-16,-7.64539595760552e-08,2.11805074432312e-07,9.89851600930467e-17,6.13303215199127e-16,-1.28056527742762e-07,-3.21552946979125e-09,-7.98751819504274e-08,0.00162779601328747,6.36366031410501e-08,-1.11409391992013e-06,-1.02240832976653e-16,-9.07657609067011e-07,-7.44933565237683e-16,-1.28563854913644e-05,1.1851413947439e-15,-7.20190870943826e-08,8.25709276017514e-17,2.94119000023206e-07,7.73445783183503e-08,1.46100284734388e-06,4.61201538178859e-06,2.03304863585912e-07,-2.31608487622843e-08,1.45778699828832e-07,5.14154030280151e-08,1.11921938363462e-05,8.55155138874442e-07,4.93675203536903e-08,-1.37298243496227e-07,-1.07805994851754e-05,-8.67607103744781e-07,-6.41909733606263e-08,-7.2581503548106e-17,5.94212424062514e-07,-1.01356022995725e-07,5.09602889750976e-08,-1.82223779659165e-17,4.09046737808516e-07,2.64970961617808e-06,8.4437580579389e-07,-3.5516305435968e-16,-2.04134624122962e-07,-4.95948530921013e-06,-6.72071672058425e-16,-1.41384440299868e-07,3.07675580526348e-07,-1.12729169915702e-17,-1.86489754061154e-16,-1.11993792587275e-08,-2.76033060180579e-06,-1.56689304781191e-08,-2.16467717001698e-05,1.37805925849843e-06,3.62975524747579e-08,1.61056175824818e-06,3.19783198680481e-07,-7.9419414700454e-06,1.8963780198944e-15,1.46325840832586e-09,4.6499452988193e-08,1.28267567517317e-07,1.20486964759848e-05,-1.93030591622569e-16,7.0362946771762e-18,0.00034606679228781,2.75519792582098e-16,7.11964276670523e-16,3.90993377628962e-07,-5.73900862870669e-07,-1.07441777086096e-07,-2.62769183872558e-07,2.77470935255324e-06,7.2687439815266e-07,0.000835027781152438,3.87849062634504e-17,2.05181811392804e-06,9.55561120660736e-08,4.38062681938979e-07,-9.55243035289232e-08,3.74122947059482e-07,1.09705410477461e-16,-4.19053002374601e-16,1.90175483512909e-16,-1.4840411739216e-06,-1.54557433569398e-08,-1.00156182751732e-06,-5.63546547743787e-17,-1.17879749406443e-08,-7.44815022909827e-18,-3.71563311754691e-17,1.8922248315121e-06,-4.7366102614464e-07,2.41993924898765e-16,-3.89088113478969e-06,-5.23304101916829e-08,1.03905532453651e-16,1.17700675130459e-07,2.87383773943149e-16,1.89130676567409e-06,-6.86972036605311e-17,1.88529844910919e-06,3.56607285406016e-07,1.29058926676422e-08,5.55312567509151e-07,3.80596856004256e-06,-4.13298073331857e-08,1.25912274173404e-06,7.56576658424658e-17,7.37550708105001e-07,-4.15895136598011e-08,-7.7216903789096e-16,-5.47220270286818e-09,-1.11259363308725e-07,2.5796505354804e-08,1.70837320019829e-16,8.21678101345091e-08,1.08527693009726e-07,-3.86851516172645e-17,-3.00586155232927e-06,-2.27950554272741e-06,-3.10168314417611e-09,1.40191037694789e-17,1.49694401305747e-16,5.50391318995214e-08,7.66008954906571e-07,6.19316191097356e-08,-2.15701450732079e-08,4.46574144707893e-07,4.61872612914889e-17,-7.56141199015126e-17,1.62828051128003e-06,9.70807825899281e-07,-1.14435915219745e-16,3.92762744494634e-06,5.52296216239749e-17,4.46179739255043e-08,-0.000645132948011122,-4.04759922088908e-07,-2.8417031672213e-06,-4.41792386556797e-17,6.75261707699636e-17,-1.36099551390692e-16,6.3851741529697e-17,-5.04175279827079e-09,-1.74794134868081e-08,3.90459853172541e-17,-7.23662510654744e-17,-5.23793208386261e-18,2.45557949954728e-08,2.20483150961156e-10,-1.21111887726589e-08,3.15645011943612e-17,-8.56248665720427e-17,8.79071121451247e-16,-5.15295038214051e-07,1.57636988093223e-08,1.26265976860404e-16,2.75707663242866e-09,-7.2033772946099e-08,1.44156888229215e-16,2.1684459214321e-16,-2.25333542930093e-06,-5.08058222395264e-10,-1.11398588661509e-06,-5.61130838644754e-17,2.75391310510246e-08,4.43850890751962e-07,4.75656317746388e-07,-0.000151280930471388,-1.0364840345747e-07,1.69538159178708e-09,-7.81966828560416e-17,1.94389460116469e-16,-2.28858920001625e-17,3.20473231653221e-08,-2.90127581283572e-08,-4.95034171375612e-07,-8.55188601406432e-09,3.42498685923484e-16,2.72283320971562e-17,-1.74722979602934e-16,-3.67809661555026e-17,-1.76609501484868e-16,4.06038754981478e-08,3.50995302632762e-18,1.2051220740322e-16,-2.96921835271191e-07,1.25850547764299e-16,-2.65763874904094e-07,5.96405571315352e-17,-3.29421271893746e-07,2.73931346133555e-17,-3.97438985399103e-07,-4.96950229818081e-08,-1.00079616851023e-07,-3.77875758348971e-17,1.59048723318488e-06,6.88198567019773e-17,5.50141315114306e-07,-8.71170060397641e-08,4.82022085058535e-10,1.18479757390771e-16,2.64968545676707e-06,-7.52781785148018e-17,-1.9020592264795e-07,-9.70832758277568e-08,-7.19178839601441e-18,1.26597246155144e-17,-9.14291695882762e-17,1.83988259066847e-17,-1.21958828532755e-05,-1.91188564675704e-07,-4.26609506650995e-08,-1.33869334216853e-16,-4.1362801308793e-18,-9.95480685767912e-09,8.11922857826483e-08,1.86673553582848e-17,3.08319305827864e-16,-1.61194851118106e-07,5.65843982283906e-17,-1.36600179010063e-06,1.73329985560088e-16,2.85144070201762e-07,8.77951513842054e-18,-1.16878837825493e-16,-3.94532583276181e-17,-7.42416914868147e-18,4.40109590770874e-17,1.86064397628425e-16,5.45332257230233e-09,-3.81360982011773e-08,3.56179717697184e-17,-2.52769208502389e-08,1.06124744411355e-06,-2.1720554120629e-18,3.6399223823828e-17,1.08289328643006e-15,8.95742021972758e-17,4.25718270351743e-07,6.80333366459888e-08,1.62309931771306e-16,3.12844055579352e-17,-1.89173809116027e-07,-6.10985134414091e-08,-9.2470615955238e-10,2.01740684844881e-16,-8.63898224816447e-17,7.04096677131346e-17,-1.51386310493833e-16,-1.58444597470692e-17,1.62870127051144e-17,1.61695507114827e-06,-1.27732851826487e-06,-2.9377412276651e-07,-1.5115315574381e-17,-8.55207221643923e-17,1.44270484553227e-16,-1.14520739711026e-16,-7.53900494725521e-18,-1.67258979565119e-16,1.92647329266629e-18,-4.52671549231397e-17,-2.99001130082056e-17,1.73519188387258e-17,2.32395337804126e-16,-1.84045978004453e-16,-2.94051456144861e-17,-2.06500418520263e-17,3.54973963271422e-09,-2.44339143026569e-17,1.54814969065825e-16,4.00267684246961e-17,5.019177687572e-08,-2.71874013515519e-08,4.74906669488217e-17,-1.29483974432277e-09,4.57880569857125e-08,5.63073673146178e-18,1.25577636118544e-15,-8.81422151720761e-08,1.00163862115938e-16,1.12314311135766e-09,3.56909728543789e-17,5.57801916988508e-17,5.34947210408638e-17,-7.70876492433902e-17,4.92266064571744e-08,-1.50394058696017e-07,8.39540785248275e-17,4.28408952099407e-17,-2.60912530649155e-17,1.54229715885182e-17,1.10371781159024e-16,-2.64755002467755e-16,-2.49447261043044e-17,-5.51673483474394e-18,1.7895618379891e-09,-6.80773601216805e-17,-1.89129977942348e-17,-9.84604293457953e-17,7.8357104347132e-17,-1.63455329333623e-16,1.28182573913314e-16,-3.88146206366979e-07,-1.82134142689683e-17,-8.84961911401492e-17,2.62456418406429e-08,-1.79524817631217e-17,5.04058742263473e-17,1.51810291807659e-17,2.73324946031208e-16,2.17754864408666e-08,9.00579681595597e-18,-7.20083387516577e-07,2.30000105750919e-16,-1.00651661725741e-16,7.45127802496114e-17,-1.16710128703328e-16,-1.98921068047071e-17,6.4231574666365e-17,2.06340780671155e-05,-5.25141897810091e-17,1.06255445064269e-16,3.30460413384559e-09,-1.21830957929378e-05,2.01263807999471e-17,5.55788907653512e-07,3.31208172820852e-07,8.29048966825233e-20,-2.03100621940449e-16,-1.21553844019278e-16,4.05800230808732e-17,3.34368720630453e-17,-5.52979694711869e-07,-2.30825588217058e-17,2.43039599388444e-16,-1.19401530495229e-16,2.21033961708159e-07,-2.15624999980147e-16,-3.33376817689227e-17,1.66135417078217e-16,1.87445155942489e-17,-1.00493802448948e-07,1.03271974803288e-16,6.7493278142598e-10,9.34606548996301e-18,-2.15162743603055e-16,-6.83293486337816e-17,-3.65763900256205e-17,-1.97677909825075e-17,6.53189011287398e-17,1.52915759890827e-17,-1.16736751837156e-08,1.1823994193715e-16,-2.87883654191149e-16,4.90396381326803e-09,-8.20159223117491e-17,2.21247640373966e-17,1.29436095970957e-17,-1.95440640492293e-17,-8.7080921614335e-18,9.37788593353572e-17,-3.54653309259561e-08,-2.47955943047241e-17,1.85962005603908e-16,1.05492865155156e-08,3.00747461377834e-17,-1.83633664067387e-16,6.94642859028514e-17,-1.11697713846634e-16,-1.61126127265641e-16,4.30513116601974e-17,3.00074532905244e-17,-1.00365110244331e-16,1.61512621397873e-16,1.13959575954392e-17,-2.71245175681755e-17,-5.51305784288476e-09,1.82731412138038e-08,6.96796570205131e-17,1.39454995894841e-17,-1.68645399768785e-16,1.40871601279803e-16,1.24466409401336e-16,-1.94938303141265e-17,-3.10886403551057e-17,-3.79157329779388e-17,-1.73757175936467e-08,1.01906211955173e-16,3.63087219540443e-17,-4.30516452686836e-17,-6.61286404021107e-17,2.01878242964453e-09,-2.67377979668893e-17,-3.19423145417301e-10,7.24060090672242e-18,2.33357718276378e-16,2.19657901633283e-16,3.64511117921314e-17,2.41942357985758e-16,1.32616272924658e-16,9.00763950714441e-17,3.08908695246401e-16,9.5780040394145e-17,9.72220166332704e-17,-2.86318467221896e-16,2.85157303691273e-17,-3.6050133262395e-16,-8.36108673013792e-18,-2.73618270182667e-17,-1.54041170981713e-16,1.63552986771883e-17,8.7522872541044e-17,-1.08509283798023e-16,9.32911548849025e-17,2.0794997668272e-16,1.54004303998989e-17,-1.35344526931143e-16,-8.15752812967088e-17,-3.82770375838044e-17,6.73063699327219e-09,-6.57004844798278e-17,-1.12965007957091e-16,1.15912671236812e-16,-1.82713593313048e-16,3.69786764689978e-17,-4.80317200062989e-17,1.61787822450201e-16,-6.37263565702464e-17,-8.2065921078042e-17,-6.58022749702987e-17,-1.35850532212434e-16,-6.45991051300096e-17,-1.49337743146972e-16,5.88859788625159e-17,-5.27024521883191e-17,-1.62625822636529e-16,-8.48675299042294e-17,-8.61476650907879e-08,2.72283757045355e-17,-7.81732809620108e-17,-7.38518262607124e-17,4.5840466948533e-17,3.46965917525679e-17,-1.08701270700028e-16,-6.80337678903087e-17,2.01399921087998e-16,6.14467370529673e-18,4.4741883709681e-09,-1.28538862102465e-17,5.59235666179677e-18,8.47808133695984e-17,-1.19959464791988e-17,-1.358910885503e-17,-2.73775900264366e-17,-5.96168590172553e-17,-5.60456734486851e-17,1.82070913655127e-18,1.64910195527318e-17,-2.48083021066293e-16,2.47579154817125e-18,-2.60497025267746e-16,9.10857393216025e-08,1.7045874222641e-16,3.8957721138207e-17,2.59740479258177e-16,-4.35415592470179e-16,-6.14403919019509e-09,1.0666512615746e-16,7.06838480888455e-17,2.17606693365209e-16,1.72083712416314e-16,1.69630081133483e-16,1.38640622242216e-16,1.18180660069865e-16,5.77229283103343e-17,-1.85385359794456e-16,3.18378765453827e-16,2.52665940687599e-17,2.50910518316771e-16,-2.089320200597e-17,-5.29989644449119e-17,1.64952238319156e-17,9.73985645055456e-17,-2.00674516475181e-16
"t736",0.0326701101642782,-0.00804389024910373,-0.00865359202316198,0.000390030739000751,0.00194619905379965,0.00371630910929468,0.000828728706957326,7.41100710090222e-06,-0.0345247428039093,0.1337581153171,-0.0240014364168421,0.00308045264293291,-0.00602006756890944,-0.00126557010213491,-0.0337363501983647,0.000759323315665012,0.000482723417211051,-5.66398716653875e-05,-0.024846875661295,0.00341947539999254,-2.92690945406833e-05,3.86559982027703e-05,-0.00524820293790921,-1.60861824016773e-05,-1.1278532703008e-05,0.000890971868502585,-0.0045457153139562,4.5506105640478e-05,-0.000719962715779503,0.00571030237113743,0.000775155959146003,-0.0388073027369687,0.000619430049923952,-0.0097677547702189,0.000580863586239829,-0.000116083188150719,-5.62504586865901e-06,1.33347730491054e-05,0.000749774221685826,0.000248489735672279,0.000226649887600529,-0.00590722251731907,0.000517912815526526,-0.0698559818458946,-0.000168502309678354,7.25002400423644e-06,-1.05734718989399e-06,1.42896922610442e-05,-0.000638264163759444,0.000836459466285396,-4.34970485135551e-06,3.26737494005025e-06,-3.44333461803445e-07,8.29355574083999e-07,-7.12201895585681e-06,1.18054251911804e-05,2.62753242057141e-05,-0.000341856594453413,0.00455284165324841,7.15002475979527e-07,2.98693295545672e-07,-1.0957914311563e-05,4.86642318665901e-06,-3.37515650923382e-06,7.27927033161863e-06,-2.18671732726833e-07,7.03763808719539e-08,1.27472307570326e-08,-2.42527695248055e-08,9.11161757348e-09,4.67429456029623e-08,-3.42585687663263e-07,1.32970300386742e-06,1.07710543367642e-06,-4.64800949945216e-07,-1.82499175494852e-07,4.55743252440559e-06,-7.89784633341086e-07,0.000141556057189918,5.12092143701016e-05,-3.89113011820028e-06,-0.000317777335416842,0.000284945743038262,2.66222344630922e-05,-0.000230453797900039,-0.000241684721165659,9.17228684029988e-05,0.000865117219813407,4.43249218019561e-06,-0.000220782149911275,0.196430671818049,1.45124311062318e-07,9.23762041429792e-05,-5.37887341111534e-05,-2.79964730124584e-05,-7.72060073167256e-06,-9.05097223069411e-07,4.21983740577071e-06,-4.49501203372703e-05,-0.000374598014195957,-1.86688493245266e-05,1.21978078419633e-07,-2.52396210905865e-05,1.76184638382003e-05,-8.590029204877e-06,5.32577779301129e-07,-0.000136282791485694,1.70060358969916e-07,-8.56743914492655e-05,6.1333677768235e-08,2.0151488496297e-06,3.68786973400097e-06,-1.13275756837602e-06,9.67509954194781e-07,-3.09894466114708e-05,9.74989752337908e-07,-4.7091533667602e-05,4.36409132202298e-05,-1.27937614463795e-05,4.0542527739427e-06,-2.16628155501682e-06,3.46793430454662e-06,-2.65717150706975e-05,-4.58196350820485e-05,2.04693326136723e-07,-3.63482356044553e-06,3.73420029108409e-07,-0.000593066630916709,2.31682943890037e-06,7.93027619795713e-05,5.15438421553925e-07,2.14562564161129e-07,-4.8260801180169e-08,-1.22685156954928e-06,4.51801810149292e-09,-3.21010481528175e-06,6.87245881300987e-06,9.88866276411779e-07,-5.27296624412015e-05,4.44929636890426e-05,4.01960163021423e-05,3.58210969064964e-06,-3.27295280972776e-05,-2.06750788505659e-06,-1.19251431786792e-08,3.78629635807442e-06,1.34479222929493e-06,-3.77554722073045e-05,-2.74660611679833e-06,1.73799535118266e-06,2.26994356756355e-06,7.45444484893994e-05,3.85750967350806e-06,-0.0062563545977936,7.65074346436078e-07,1.36448055437818e-05,-0.0114423582341038,6.1329297919276e-06,2.21395317949848e-05,0.0142610345276808,6.15232900977572e-06,-9.27049129351083e-07,3.64918256052901e-05,1.11866754986887e-05,-8.53816486967965e-06,6.63239308862613e-06,-0.000742639572810215,-1.29285764658046e-05,-0.000645824223375514,-1.40461160871362e-05,2.74109380058678e-05,4.90427630422051e-06,-7.24501648978983e-07,-0.000120411904438807,-6.01062680716766e-06,-1.28837094901297e-05,-5.80000980291389e-07,4.36812613476665e-05,0.549550321299595,-0.00118211609376174,0.00240974143303697,0.000261022426404489,-4.40728678056698e-05,-1.4734434781328e-07,-3.87123904305769e-06,-9.15585400065044e-07,-0.00461035936540963,0.000681164778438032,0.00301770989626275,-4.518086395638e-05,-5.93137534912252e-05,9.41113467486666e-05,7.84329928379265e-05,1.06192936976403e-08,9.91905803998952e-07,-7.07875853976413e-05,-0.000106349317039339,-1.63403460615035e-06,7.25655407733957e-05,0.0843836945624084,-7.35862938659203e-06,6.864246491535e-05,-5.97479878805002e-07,-2.43086045457675e-06,-0.000147046741691743,-1.54117684978503e-05,9.25322021531882e-05,1.08011441596377e-05,-0.000564531941940253,-1.16194308080534e-07,-0.00219988785822231,-1.37421341699024e-05,-2.89179542033476e-05,-0.000299341213541481,-1.63714009333675e-07,-2.26246460697349e-06,6.53904492855607e-07,4.1797492266705e-07,-4.75742802765674e-05,-5.23823864678804e-05,-2.44693364114018e-05,3.26711728877557e-05,7.47035845860089e-06,3.32268523959861e-05,-0.000120251661956836,-7.23070013924969e-06,-0.000694356853665015,-6.01778084924432e-06,-0.000932040498509278,-0.317490634640983,-6.63449960478069e-05,-4.5592190343121e-06,0.141948839734961,-0.000139354342207237,7.5238201219974e-06,2.25761545715888e-07,7.25079020652929e-05,1.76877482552717e-16,4.66545191748275e-07,-6.21268093448438e-06,8.04123163377428e-07,1.48676905626536e-06,1.52474251281455e-05,-2.07401608041559e-07,1.70960520057582e-06,-6.88212249581322e-07,5.37520450938813e-07,-2.75207435446191e-08,1.08342285674817e-07,-2.98863364570127e-05,1.5897456146934e-08,-1.59303353044143e-06,2.89429566967268e-06,5.5283784883549e-09,-5.01284085421827e-10,2.86438585072858e-08,-3.50208385659091e-08,5.59066560631225e-07,6.84169759977384e-06,-1.37330755943662e-06,6.73326991863979e-07,-5.38862743760555e-06,1.49670087805374e-05,-9.34738055344555e-07,4.36184013108786e-06,-1.48789241786653e-06,3.68616955063225e-08,0.00042762381404429,4.08213089148172e-06,7.90248812132801e-07,7.22854655917704e-09,-1.18137229314569e-06,2.6790263946306e-07,-4.08875759539242e-07,6.52441661496598e-07,-1.26927331105043e-06,9.99413134861469e-07,-7.37479845000784e-08,1.4383370629224e-05,-6.27592156294172e-08,1.03440650928134e-05,-1.40176396049159e-16,-2.56397766995946e-05,-1.06726320551934e-06,-2.73830281023668e-11,-2.41682060182608e-07,3.57964174725026e-07,-2.22544624425097e-07,-6.3280809096929e-08,7.47889030318434e-09,-3.34134400601107e-07,1.26346147479078e-05,2.00362695418396e-06,-3.68075764883458e-08,1.94912731091125e-05,-2.84237993340594e-05,1.82721023752061e-06,-1.46371376029346e-05,5.55494819486774e-07,0.00247981270844638,8.79483198734077e-09,0.0031057261111132,-3.64168388094536e-06,1.63935526346953e-08,-5.23948311281829e-06,6.25902810291394e-07,-2.28557272250411e-06,1.75208777337697e-06,6.74448694539936e-06,8.04868467676545e-07,-2.57559514013053e-07,-1.73829734507694e-06,1.89309775556271e-07,-1.0303471057856e-06,1.47603117862176e-06,0.00916537524862694,-9.41560305631674e-06,1.02473861753994e-18,4.2980922173986e-08,5.42680761411823e-07,-5.1194510986138e-08,1.2278344269571e-05,3.17654817791133e-08,3.21419115716917e-06,7.48053973385907e-06,-2.30601598536071e-06,9.89578811636481e-06,1.73167885583059e-16,-3.31374728073648e-05,-6.27853165607507e-09,-1.15679215670196e-06,1.14317012525647e-07,2.24638866663811e-06,-7.09486760774836e-07,-0.00239259696085017,0.00715304112871258,-4.37273159729108e-07,0.000756912097150791,-7.75535846798154e-08,-8.0606421550792e-06,-1.10502259989355e-08,-1.63939383785892e-09,-1.03140236281112e-05,1.3217563275194e-07,-1.15019748066233e-05,2.21793379461688e-16,-7.55801715476647e-07,6.05206017915711e-08,1.74457486656769e-09,2.13534569365319e-08,-0.000616124979675381,-4.60597177990063e-05,4.90626583011588e-07,-1.79257023107778e-06,-1.0166813311587e-06,-1.12514627828271e-15,-7.89947694566627e-06,-6.53852722081314e-08,-1.00809648857265e-05,9.03688229980947e-16,4.58636966706637e-06,5.87114861989133e-07,-9.00240653022937e-08,-1.59145210824367e-05,-5.33081859765744e-06,-2.85934168757094e-06,-2.17396073864145e-06,2.93771341261883e-06,4.96997966861045e-07,2.80243377355934e-08,2.6112872467459e-05,2.02802706668233e-07,-8.00404624007607e-17,-9.78964594471766e-08,3.85010689004762e-06,2.08198220715384e-06,-0.0178482730542041,-1.58052836611127e-16,-7.05110213074915e-08,2.01576816779257e-08,-0.00257040902857749,-2.7427904466721e-08,-4.84205057671561e-06,1.16257395720159e-07,-1.61122686589127e-06,9.1254642504348e-06,3.0821963675199e-16,3.4485061513464e-05,-1.64961981406623e-07,4.95935126650078e-07,0.00019027681695482,5.55487270135219e-08,-2.48151269358598e-08,-3.46944695195361e-18,-6.41873712633797e-17,-3.10659818975052e-08,-8.53826475606065e-08,1.12795993652839e-08,-5.42724345650139e-06,3.99844736369954e-15,-2.59684313140958e-06,-3.07302183769866e-08,1.52738108127069e-16,-8.26874220903798e-17,4.04911059221868e-17,6.53864502448693e-06,4.12254930787402e-07,-4.51630612807013e-07,1.37312577242571e-05,1.94987550641854e-06,3.61452669873969e-07,-1.56854802962525e-07,-2.52919632355608e-16,-3.44750370750352e-08,9.70004857372659e-08,2.35331747438848e-16,1.51344032326457e-16,-6.19935392357157e-08,-1.57588445158652e-09,-3.97700822666656e-08,0.000818825732621228,3.26197402495837e-08,-5.72765761619755e-07,-8.88542185916254e-17,-4.68503025198363e-07,1.26992020531771e-16,-6.71114560985754e-06,-7.13459239604086e-16,-3.78988545078254e-08,-4.28355220466638e-17,1.56328275498024e-07,4.1191309511956e-08,7.979296949797e-07,2.53180649041865e-06,1.11842576350464e-07,-1.28571935944061e-08,8.15476231664263e-08,2.92572748301629e-08,6.36971382359282e-06,4.89159748065582e-07,2.8496136103294e-08,-8.01870045483425e-08,-6.35648111367873e-06,-5.15299995106904e-07,-3.82594755811728e-08,3.81572235979611e-16,3.57951934035782e-07,-6.16626783051593e-08,3.18268961160286e-08,2.3428331893355e-17,2.57300236416709e-07,1.68422548571638e-06,5.39039382557648e-07,1.43343871574367e-16,-1.30604603316386e-07,-3.20035993728217e-06,2.26937385844778e-16,-9.16118815090784e-08,2.0409696738866e-07,-2.66549137883013e-19,3.14028357184437e-16,-7.49350921460549e-09,-1.84834350680204e-06,-1.05291913961816e-08,-1.46057394328617e-05,9.38229295641589e-07,2.47314678329408e-08,1.09854315826741e-06,2.20626090095791e-07,-5.52857995949114e-06,1.52872506320456e-17,1.02197641769991e-09,3.24946568549766e-08,8.98119350750252e-08,8.45618485601578e-06,-8.13835702499135e-16,1.78830703559514e-16,0.00024365327008449,-1.53259120624942e-16,-7.92687732589644e-16,2.80581110313666e-07,-4.13135794266776e-07,-7.73495236178753e-08,-1.90452149865395e-07,2.01288567188865e-06,5.27405025881616e-07,0.000606627476958597,3.94836030801311e-16,1.5097399722976e-06,7.04966830025524e-08,3.2346143347705e-07,-7.08360129960398e-08,2.79550941371864e-07,3.96951468422967e-16,-2.22704951476062e-16,8.03861085838004e-16,-1.12069990878294e-06,-1.17236914451676e-08,-7.59972418379478e-07,-5.77557465071123e-16,-8.98235400280556e-09,-6.30411755517086e-17,-2.02597315333209e-17,1.46771473195959e-06,-3.67476979105514e-07,2.41993924898765e-16,-3.03127353629303e-06,-4.08672205708868e-08,2.29249944476724e-16,9.23648549158745e-08,-1.03506299662836e-16,1.49272015801316e-06,3.67917269971851e-16,1.4887356075382e-06,2.81707665651495e-07,1.01997472359345e-08,4.3914410385241e-07,3.01394953584584e-06,-3.28977789367121e-08,1.00930010181446e-06,-1.9972716894919e-16,5.96259064250147e-07,-3.36522599366545e-08,-1.18650012016009e-16,-4.43308764165861e-09,-9.03255720741438e-08,2.09829822538373e-08,-1.45393659175314e-16,6.72671616141708e-08,8.8958574759674e-08,-5.19043233330785e-17,-2.46795922729931e-06,-1.87311320594394e-06,-2.55639285850297e-09,-9.56615187250178e-16,-3.24934041969342e-15,4.56811850438887e-08,6.37632214375357e-07,5.15831285904485e-08,-1.81895090748898e-08,3.77322434344922e-07,2.68549033142759e-17,-2.27349210303144e-17,1.37762769452998e-06,8.21503931570354e-07,1.14780063664487e-16,3.33106950100984e-06,1.02553436330891e-16,3.79227136800827e-08,-0.000549933646741406,-3.45102712690941e-07,-2.42483269935204e-06,-4.24174232846998e-16,-3.29783088274761e-16,-2.10186345918113e-16,-1.28861198945699e-16,-4.33316424459984e-09,-1.50315150118152e-08,3.92663796749586e-16,4.75765862237323e-16,-9.27769208238442e-16,2.11610736879728e-08,1.9017309928236e-10,-1.047169434714e-08,3.89181866096965e-16,2.17490955800592e-16,-1.29285688058034e-15,-4.4916000040696e-07,1.37442895676787e-08,-5.25630908699651e-17,2.41131435121215e-09,-6.30779580189984e-08,4.04479805999476e-16,5.60421733198609e-16,-1.9788951021183e-06,-4.46284442839549e-10,-9.80184097315986e-07,-3.71399844316399e-16,2.42990889809694e-08,3.92228654735794e-07,4.21223449753736e-07,-0.000134351995597833,-9.21198397840357e-08,1.50894894511629e-09,-2.94607585229013e-16,1.65961741549025e-15,1.90860932139211e-15,2.87506324351345e-08,-2.60313495110817e-08,-4.44605104030938e-07,-7.7189128465383e-09,1.55309840384117e-15,-1.2951634292953e-16,-2.43208656988467e-17,2.61568084166173e-15,-1.05250861209532e-15,3.68360973468903e-08,9.27265956551898e-16,1.18796454507597e-15,-2.69899906640719e-07,1.40895299258893e-15,-2.4160279391986e-07,-2.28027481752302e-16,-2.99525666687066e-07,-6.40988635841552e-16,-3.62592606851441e-07,-4.53740506918934e-08,-9.14886799080303e-08,9.6692140818403e-16,1.45612074743842e-06,1.45993314393196e-15,5.05292805259751e-07,-8.03472528233256e-08,4.44644588980196e-10,-2.89719798056876e-15,2.448268559454e-06,1.73152169469215e-15,-1.76204460761669e-07,-8.99481671984816e-08,2.86041363208689e-15,-6.20896026507282e-16,-1.07399834864967e-14,2.74263212990764e-15,-1.13235480026422e-05,-1.77612452147077e-07,-3.96572476980845e-08,-4.28214284751468e-15,-8.10811334792414e-17,-9.28232988939613e-09,7.57177928264671e-08,3.66106399145682e-15,-0.707106781186548,-1.50893163747338e-07,-7.56671570406625e-15,-1.27972086345174e-06,4.66839962101721e-15,2.6774557499669e-07,8.90048980386573e-15,5.06841252996486e-15,-6.00949428494178e-16,3.6634010997844e-16,-6.83315325394385e-16,4.77186478268845e-16,5.1440524844564e-09,-3.5975480899666e-08,-4.51199566241574e-17,-2.38823951012677e-08,1.00335512676101e-06,9.87810386201187e-16,4.38069569303439e-15,1.93616632612572e-15,-1.5300457324124e-15,4.03622699764689e-07,6.45440617436502e-08,-6.00079320207995e-17,8.64888101298235e-16,-1.79600648770806e-07,-5.80120355149911e-08,-8.78270869613308e-10,6.84301717378218e-16,2.44819697462112e-16,8.0454650572206e-16,-1.13385179154881e-15,-7.33088369505532e-16,1.61007446245205e-15,1.54353785552725e-06,-1.21990121279822e-06,-2.80696166939286e-07,4.83036562818324e-16,-3.87724054548114e-16,5.30371869757779e-16,-3.95187977515615e-16,6.81072963611647e-16,-1.22063041898207e-15,-5.79482405219502e-16,7.15260359858407e-16,-2.40629541461857e-17,2.32493813187943e-16,5.38029476917847e-16,-3.3478082474084e-16,-1.15712001374467e-15,-1.35793893650497e-16,3.4177540152408e-09,8.49969422978607e-17,8.29361820394254e-16,-3.69328455082097e-16,4.83736232960684e-08,-2.62085560972537e-08,-3.69025302321315e-16,-1.24839797722447e-09,4.41993712442108e-08,-6.03140886806649e-16,1.37214801105097e-15,-8.52118103264766e-08,6.49783621411266e-16,1.08778395936014e-09,-1.94430146447118e-16,-5.89757487739347e-17,4.48069240517164e-16,4.40226182242964e-16,4.78125107118308e-08,-1.46101752266236e-07,1.27361846602361e-16,-7.44007624866303e-16,1.32486346526255e-16,2.69871817972258e-16,-1.04517089427603e-16,-6.3650323215135e-16,5.50133201738604e-16,-2.62714131862614e-16,1.75534141130256e-09,4.0467109791592e-16,3.29736376375722e-16,3.21944984333422e-16,-2.83506086121041e-17,1.44086175974941e-16,-1.77691932938894e-17,-3.81494597064365e-07,-1.38338349151055e-16,3.05668200032884e-16,2.58054269020759e-08,3.70697966934768e-16,3.67779762913924e-16,-7.80335587003e-16,4.95837860434309e-16,2.15024874836468e-08,-3.47745143649256e-16,-7.11596990903486e-07,-9.51241514823689e-17,9.47938569150724e-17,1.50297101418755e-16,-3.40923137973331e-16,4.53561351031417e-17,-6.84499258562602e-16,2.04224099638699e-05,-4.51840912299638e-16,-5.09672104724404e-17,3.27455725358575e-09,-1.20730387848379e-05,-1.37837178466637e-16,5.51323858591085e-07,3.28650968396133e-07,-2.99123444207215e-16,6.31789879173967e-16,-2.5951924716405e-16,5.83310867313864e-17,-1.337642399172e-16,-5.51245721571688e-07,1.55316188386371e-16,-5.58002009999605e-16,1.67756337219423e-16,2.20599013597023e-07,2.6457503457938e-17,1.86683793748612e-16,-2.82837157119584e-16,-1.27879092610753e-16,-1.00450466155314e-07,1.67327985162341e-16,6.7496037420808e-10,3.78402891298011e-16,5.22275358582377e-16,3.64997630038111e-16,3.82866851085862e-16,2.40694337608247e-16,-3.91948748858478e-16,1.33455605328292e-16,-1.17031925277534e-08,-2.34111292477033e-16,1.51682155042853e-16,4.91937116647655e-09,2.08866352151572e-16,1.1104786061492e-17,-3.37630292370853e-17,-2.23595341486144e-16,1.53439989136458e-16,1.39099218541824e-16,-3.56447374051112e-08,4.42680856443186e-17,4.38237748773231e-19,1.06116604241049e-08,-5.5234758746082e-17,3.82971907508816e-17,-1.87628193513668e-16,-2.48438009332236e-16,1.11398281857906e-15,-5.44588570792471e-16,-8.93343452470938e-17,2.68940460738626e-16,4.68333917735562e-17,2.21381502005047e-16,5.5188547363491e-17,-5.56289685540181e-09,1.84451506394198e-08,3.11133795492909e-16,2.79279235351576e-16,-1.72209565712595e-16,2.7159301944003e-16,2.34187669256869e-17,1.85785297177743e-16,-9.60866776475105e-17,-3.72205986544666e-17,-1.75729577012773e-08,-5.38186698431084e-17,-1.37699723914432e-16,1.15814694185707e-16,-2.52746242372656e-16,2.04499875142814e-09,3.60483844818441e-16,-3.24155875333443e-10,-1.04119678979024e-16,-1.77002018390307e-17,-2.56747619868677e-16,1.56369690628433e-16,-6.54835527240448e-17,4.3777754582237e-17,4.68168157352663e-16,-2.53067004941358e-17,1.72195480040404e-16,-1.56845290782217e-16,-3.82379462250872e-16,2.42068625282287e-17,2.94095282332769e-16,1.2788533449308e-16,-4.93808481000883e-17,-2.44531163207474e-16,-1.26017372383077e-17,2.17912770739065e-16,-3.63876041467412e-16,-1.04175037880582e-16,1.88651178012478e-16,-4.81804211497378e-17,-1.2383563546892e-17,-4.05442641422405e-17,1.33365010947764e-16,6.87489844090579e-09,6.39585494018041e-17,-2.38448784230808e-16,1.99652155702528e-16,-2.99515544488344e-16,1.45644172238214e-17,-1.54450142189632e-16,3.75845234352299e-16,1.95623259144726e-16,6.24338533838391e-17,1.07644409735607e-16,1.98408997564847e-17,-3.23426567751626e-16,2.67272947996698e-16,-2.05757780245207e-16,1.58712860137294e-17,1.02603128494332e-16,-1.96158088589894e-16,-8.83694250734836e-08,2.51074987524476e-16,8.53621314856153e-17,-2.53444094637807e-17,-2.47439084459523e-17,-7.60128325174925e-17,-1.27085278469791e-16,-1.96006508614179e-16,-1.452543553243e-17,5.39179035512601e-18,4.609248615608e-09,8.99998341112171e-17,-1.9632859723425e-16,2.06593280314733e-17,4.17583541458123e-16,4.53515004493245e-17,-1.44761256881132e-17,1.98309370165643e-16,-4.46273347090671e-17,-9.44872595159239e-17,2.29171628529848e-18,3.16745291216736e-17,1.13330051752779e-17,1.83328482994157e-16,9.42285663136026e-08,-5.01351323528468e-17,-7.14920624398435e-17,-8.29522135536075e-17,-2.85578852232682e-16,-6.36818699363869e-09,1.06967452979198e-16,-3.09746344098447e-18,3.11418565882075e-17,2.01666246936698e-16,3.3496059426043e-17,-4.75342388838724e-17,1.55260443296857e-16,8.31437231881243e-18,-8.72035668781402e-18,-3.22381924364279e-17,-1.0700787097197e-16,-4.3912125914094e-17,-2.54523290215741e-17,2.3125306871477e-17,2.77229562314781e-17,-1.59858094034201e-16,-1.91939655100517e-16
"t564",0.0326701101642782,-0.00804389024910373,-0.00865359202316199,0.000390030739000751,0.00194619905379965,0.00371630910929468,0.000828728706957327,7.41100710090156e-06,-0.0345247428039093,0.133758115317101,-0.0240014364168422,0.00308045264293291,-0.00602006756890944,-0.00126557010213491,-0.0337363501983646,0.000759323315665008,0.000482723417211041,-5.66398716653972e-05,-0.0248468756612949,0.00341947539999255,-2.92690945406741e-05,3.86559982027725e-05,-0.00524820293790919,-1.60861824016686e-05,-1.12785327030253e-05,0.000890971868502584,-0.00454571531395619,4.55061056404751e-05,-0.000719962715779494,0.0057103023711374,0.000775155959145988,-0.0388073027369686,0.000619430049923989,-0.00976775477021889,0.000580863586239843,-0.000116083188150722,-5.62504586864828e-06,1.33347730491049e-05,0.00074977422168581,0.000248489735672275,0.000226649887600533,-0.00590722251731908,0.000517912815526524,-0.0698559818458946,-0.000168502309678413,7.25002400423734e-06,-1.05734718984802e-06,1.42896922610339e-05,-0.000638264163759381,0.000836459466285409,-4.34970485133659e-06,3.26737494010993e-06,-3.44333461800363e-07,8.29355574090938e-07,-7.12201895583218e-06,1.1805425191205e-05,2.62753242057152e-05,-0.000341856594453425,0.00455284165324838,7.15002475978036e-07,2.98693295554715e-07,-1.09579143115738e-05,4.8664231866791e-06,-3.37515650920043e-06,7.27927033159902e-06,-2.18671732730126e-07,7.03763808819768e-08,1.27472307142812e-08,-2.42527695210447e-08,9.11161758546043e-09,4.67429456409525e-08,-3.42585687663696e-07,1.32970300386045e-06,1.07710543375712e-06,-4.64800949979627e-07,-1.82499175514495e-07,4.55743252438954e-06,-7.89784633351303e-07,0.000141556057189901,5.12092143700972e-05,-3.89113011820001e-06,-0.000317777335416865,0.000284945743038264,2.66222344631259e-05,-0.000230453797900028,-0.000241684721165622,9.17228684029831e-05,0.000865117219813454,4.43249218022024e-06,-0.000220782149911251,0.196430671818049,1.45124311021552e-07,9.23762041430592e-05,-5.37887341111874e-05,-2.79964730124203e-05,-7.72060073169741e-06,-9.05097223046821e-07,4.21983740573985e-06,-4.49501203372676e-05,-0.000374598014195955,-1.86688493244938e-05,1.2197807842187e-07,-2.5239621090582e-05,1.76184638382025e-05,-8.59002920488618e-06,5.32577779335912e-07,-0.000136282791485681,1.70060358968309e-07,-8.56743914492577e-05,6.13336777169522e-08,2.01514884962755e-06,3.6878697339966e-06,-1.1327575684386e-06,9.67509954177771e-07,-3.09894466114969e-05,9.7498975233777e-07,-4.70915336676078e-05,4.36409132202557e-05,-1.27937614463991e-05,4.0542527739497e-06,-2.16628155500383e-06,3.46793430453249e-06,-2.65717150706895e-05,-4.58196350820407e-05,2.04693326100023e-07,-3.63482356046803e-06,3.73420029083256e-07,-0.000593066630916713,2.31682943890604e-06,7.93027619795723e-05,5.15438421545163e-07,2.14562564154793e-07,-4.82608012088428e-08,-1.22685156956367e-06,4.51801825984488e-09,-3.21010481530525e-06,6.87245881298277e-06,9.88866276423059e-07,-5.27296624411729e-05,4.44929636889975e-05,4.0196016302153e-05,3.58210969065971e-06,-3.2729528097299e-05,-2.06750788500069e-06,-1.1925143147095e-08,3.78629635807494e-06,1.34479222927772e-06,-3.77554722072996e-05,-2.74660611680933e-06,1.73799535118784e-06,2.26994356757461e-06,7.45444484894408e-05,3.85750967348973e-06,-0.0062563545977936,7.65074346444752e-07,1.36448055438017e-05,-0.0114423582341038,6.13292979192857e-06,2.21395317949627e-05,0.0142610345276809,6.15232900966065e-06,-9.27049129314551e-07,3.64918256053181e-05,1.11866754987362e-05,-8.53816486965846e-06,6.632393088607e-06,-0.000742639572810152,-1.2928576465802e-05,-0.000645824223375517,-1.40461160870252e-05,2.74109380058963e-05,4.90427630412554e-06,-7.24501648979758e-07,-0.000120411904438639,-6.01062680716261e-06,-1.28837094901781e-05,-5.8000098038756e-07,4.36812613476097e-05,0.549550321299595,-0.00118211609376177,0.00240974143303696,0.000261022426404518,-4.40728678056306e-05,-1.47344347813051e-07,-3.87123904297228e-06,-9.15585400046899e-07,-0.00461035936540964,0.000681164778437922,0.00301770989626277,-4.51808639563972e-05,-5.93137534912072e-05,9.41113467488106e-05,7.84329928378996e-05,1.0619293647563e-08,9.91905803978527e-07,-7.07875853977529e-05,-0.000106349317039346,-1.634034606167e-06,7.25655407736089e-05,0.0843836945624084,-7.35862938655919e-06,6.86424649153045e-05,-5.9747987880903e-07,-2.4308604545521e-06,-0.000147046741691775,-1.54117684978266e-05,9.25322021532466e-05,1.0801144159662e-05,-0.000564531941940259,-1.16194308040843e-07,-0.00219988785822237,-1.37421341699438e-05,-2.89179542034656e-05,-0.000299341213541491,-1.63714009253167e-07,-2.26246460715322e-06,6.53904492949818e-07,4.17974922632267e-07,-4.75742802764476e-05,-5.23823864678894e-05,-2.44693364114342e-05,3.26711728878127e-05,7.47035845859688e-06,3.3226852396024e-05,-0.000120251661956843,-7.23070013916254e-06,-0.000694356853665025,-6.01778084920938e-06,-0.000932040498509458,-0.317490634640983,-6.63449960477419e-05,-4.5592190343411e-06,0.141948839734961,-0.000139354342207321,7.52382012196322e-06,2.25761545579604e-07,7.25079020654411e-05,1.86569085503261e-16,4.66545191723247e-07,-6.21268093450086e-06,8.04123163428166e-07,1.48676905624783e-06,1.52474251280929e-05,-2.07401608288222e-07,1.70960520059974e-06,-6.8821224961854e-07,5.37520450978164e-07,-2.7520743636786e-08,1.08342285779688e-07,-2.98863364570588e-05,1.58974561608179e-08,-1.59303353043493e-06,2.89429566958872e-06,5.52837837568004e-09,-5.0128414201718e-10,2.86438585899436e-08,-3.50208384997743e-08,5.59066560581904e-07,6.84169759945126e-06,-1.3733075593096e-06,6.73326991572522e-07,-5.38862743758678e-06,1.49670087804485e-05,-9.34738055535393e-07,4.36184013113769e-06,-1.48789241789791e-06,3.68616956620422e-08,0.000427623814044352,4.08213089153981e-06,7.90248812271694e-07,7.22854651179694e-09,-1.1813722930986e-06,2.67902639552129e-07,-4.08875759512137e-07,6.52441661474323e-07,-1.26927331078252e-06,9.99413134762924e-07,-7.37479844116924e-08,1.43833706291931e-05,-6.27592157796574e-08,1.03440650928886e-05,8.01326734380201e-17,-2.56397766995657e-05,-1.06726320540889e-06,-2.73831675040232e-11,-2.41682059943768e-07,3.57964174809225e-07,-2.22544624575089e-07,-6.32808091885366e-08,7.47889004775755e-09,-3.34134400688513e-07,1.26346147478218e-05,2.00362695416962e-06,-3.68075765348359e-08,1.94912731092735e-05,-2.84237993339415e-05,1.82721023755772e-06,-1.46371376028104e-05,5.55494819711854e-07,0.00247981270844651,8.79483183031743e-09,0.00310572611111328,-3.6416838809086e-06,1.63935526923347e-08,-5.23948311277503e-06,6.25902810269568e-07,-2.28557272262292e-06,1.75208777324399e-06,6.74448694532371e-06,8.04868467760078e-07,-2.5755951393242e-07,-1.73829734506605e-06,1.89309775626573e-07,-1.03034710585734e-06,1.47603117863215e-06,0.00916537524862668,-9.41560305626616e-06,-9.82373221708188e-17,4.2980922300787e-08,5.42680761580068e-07,-5.1194510982018e-08,1.2278344269424e-05,3.17654820774952e-08,3.21419115651066e-06,7.48053973366211e-06,-2.30601598547998e-06,9.89578811649203e-06,-4.76838521307485e-17,-3.31374728073601e-05,-6.27853137003494e-09,-1.15679215678745e-06,1.14317012507458e-07,2.2463886664421e-06,-7.09486760681648e-07,-0.00239259696084993,0.00715304112871232,-4.37273159695373e-07,0.000756912097150506,-7.75535845809071e-08,-8.06064215534217e-06,-1.10502259572649e-08,-1.6393936527314e-09,-1.03140236280651e-05,1.32175632647048e-07,-1.15019748067239e-05,-2.00389401662575e-16,-7.5580171550084e-07,6.05206019750181e-08,1.74457501311428e-09,2.13534571971992e-08,-0.000616124979675412,-4.60597177988725e-05,4.90626583002457e-07,-1.79257023112289e-06,-1.0166813310303e-06,-1.07111477141485e-15,-7.89947694549929e-06,-6.53852720813747e-08,-1.00809648859291e-05,8.99909581460396e-16,4.58636966692342e-06,5.87114862413547e-07,-9.00240655987038e-08,-1.59145210826025e-05,-5.33081859770861e-06,-2.8593416874965e-06,-2.17396073831074e-06,2.93771341267644e-06,4.969979667813e-07,2.8024337775888e-08,2.61128724674151e-05,2.02802707116799e-07,-5.49933297602399e-17,-9.78964597982543e-08,3.85010689004379e-06,2.08198220707502e-06,-0.0178482730542046,-8.68493989133551e-17,-7.05110213303322e-08,2.01576815068386e-08,-0.00257040902857764,-2.74279041983039e-08,-4.84205057692198e-06,1.16257395799842e-07,-1.61122686570744e-06,9.12546425026397e-06,-2.34753810418384e-17,3.4485061513222e-05,-1.64961981305304e-07,4.95935126513313e-07,0.000190276816954908,5.55487270706426e-08,-2.48151270089027e-08,1.87350135405495e-16,6.14632331261286e-17,-3.1065981967524e-08,-8.53826476326247e-08,1.12795994412652e-08,-5.42724345656949e-06,4.08446509172899e-15,-2.59684313114811e-06,-3.07302182291193e-08,7.17347142373047e-17,7.98097163948311e-17,-1.34476258303461e-16,6.53864502489641e-06,4.12254930903055e-07,-4.51630612491164e-07,1.37312577243826e-05,1.94987550647589e-06,3.61452669371923e-07,-1.56854803068768e-07,1.48595224168155e-17,-3.44750369828156e-08,9.70004857825599e-08,-2.80640108181364e-16,-1.69408645289521e-16,-6.19935389079602e-08,-1.57588424369551e-09,-3.97700822381066e-08,0.000818825732621298,3.26197398008029e-08,-5.72765761107317e-07,-1.44104907191677e-16,-4.68503025299017e-07,-5.29868396629567e-17,-6.71114561006014e-06,-1.07661275727811e-16,-3.78988544031381e-08,1.97875617137531e-17,1.56328275023154e-07,4.11913094174084e-08,7.9792969464873e-07,2.53180649020037e-06,1.11842576461985e-07,-1.28571935897077e-08,8.15476232822559e-08,2.92572752816428e-08,6.36971382301848e-06,4.89159747832968e-07,2.8496136014396e-08,-8.01870049191272e-08,-6.35648111369494e-06,-5.15299994756028e-07,-3.82594753706131e-08,-1.90813199452228e-16,3.57951933718575e-07,-6.16626781912979e-08,3.18268962447908e-08,9.24412482122622e-17,2.57300236452767e-07,1.68422548632664e-06,5.39039382539359e-07,-2.43070685993744e-16,-1.30604603301407e-07,-3.20035993711463e-06,-3.64073782408011e-16,-9.16118812967051e-08,2.0409696738196e-07,-2.78877070547413e-17,-1.33530692374499e-16,-7.49350898638521e-09,-1.84834350670715e-06,-1.05291919208852e-08,-1.46057394326146e-05,9.38229295674243e-07,2.47314677129129e-08,1.09854315786455e-06,2.20626090426613e-07,-5.52857995931459e-06,9.06826697066876e-16,1.02197631795279e-09,3.24946567386112e-08,8.98119353245034e-08,8.45618485607566e-06,6.42284612995352e-16,-1.3348503097943e-16,0.00024365327008501,2.34423949184744e-16,1.20789038534544e-16,2.80581110136655e-07,-4.13135794160007e-07,-7.73495238464566e-08,-1.90452150236651e-07,2.01288567201772e-06,5.27405026126343e-07,0.000606627476958666,-3.28500508931732e-16,1.50973997237164e-06,7.04966828923627e-08,3.23461433081643e-07,-7.0836013492868e-08,2.79550941503488e-07,-3.37366468708223e-16,1.48043173959153e-16,-7.07252489622087e-16,-1.12069990847545e-06,-1.17236911480512e-08,-7.59972417782619e-07,2.50042588214688e-16,-8.98235408182041e-09,3.96151942489982e-17,2.39624944586146e-17,1.46771473200263e-06,-3.67476979614937e-07,2.12503625807159e-16,-3.03127353599165e-06,-4.08672201452393e-08,5.22898328394346e-17,9.23648549831096e-08,2.59902981957543e-16,1.49272015847319e-06,-3.08834190321121e-16,1.4887356059129e-06,2.81707665598058e-07,1.01997467621047e-08,4.39144103329378e-07,3.01394953532395e-06,-3.28977793032266e-08,1.00930010196547e-06,1.41938871709659e-16,5.9625906428622e-07,-3.3652260012601e-08,1.63070412969892e-16,-4.43308740414387e-09,-9.03255724893394e-08,2.09829828855072e-08,-6.9693916602824e-17,6.72671615638285e-08,8.89585744485501e-08,6.36513075230726e-17,-2.46795922768267e-06,-1.8731132063313e-06,-2.55639241461615e-09,1.00825541510125e-15,3.2643397306702e-15,4.56811853125244e-08,6.3763221378528e-07,5.15831295187162e-08,-1.8189508657687e-08,3.7732243448763e-07,-5.84879246509279e-17,2.8574938281742e-17,1.37762769440387e-06,8.21503931820335e-07,-9.60245825842669e-17,3.33106950208727e-06,-1.03722320643141e-16,3.79227133784389e-08,-0.000549933646741013,-3.45102710526856e-07,-2.42483269868665e-06,2.55637420360686e-16,2.90306673111786e-16,-6.43271310158162e-17,1.32389412690352e-16,-4.33316401055021e-09,-1.50315152360477e-08,-3.17708117844443e-16,-3.58403528090412e-16,8.46470960097079e-16,2.11610745513695e-08,1.90173633757064e-10,-1.04716950342089e-08,-3.8476636006939e-16,-6.89904947406839e-16,6.55237582941615e-16,-4.49160000220783e-07,1.37442907795456e-08,5.28246200061779e-18,2.41131417951773e-09,-6.3077957847353e-08,-4.4268234022015e-16,-5.88574862894226e-16,-1.97889510265851e-06,-4.4628184203582e-10,-9.80184097496592e-07,3.91932556768523e-16,2.4299088182368e-08,3.92228654758104e-07,4.21223449517295e-07,-0.00013435199559868,-9.21198399855133e-08,1.50894958488995e-09,2.66656822831269e-16,-1.70689799147132e-15,-1.8414251843649e-15,2.87506317974593e-08,-2.60313504449123e-08,-4.44605104013731e-07,-7.71891011331864e-09,-1.60899862641218e-15,1.6853543080614e-16,1.27041289202374e-16,-2.60190684105196e-15,9.74912186050732e-16,3.68360966630457e-08,-1.00376443118467e-15,-1.21321405886775e-15,-2.69899908779523e-07,-1.26554676855136e-15,-2.41602791878076e-07,2.58150736090796e-16,-2.99525670116635e-07,6.8024649176891e-16,-3.62592605074457e-07,-4.53740508549409e-08,-9.1488678480893e-08,-9.67636327761771e-16,1.45612074959491e-06,-1.51267496034508e-15,5.05292803110893e-07,-8.03472546607557e-08,4.44643695393369e-10,3.05783647606159e-15,2.44826856111741e-06,-1.97471799878705e-15,-1.76204457762775e-07,-8.99481681192711e-08,-2.98905414153371e-15,5.90632292521416e-16,1.08199533196897e-14,-2.72533829741421e-15,-1.13235480176594e-05,-1.77612448180782e-07,-3.96572617141839e-08,4.42734275382044e-15,1.12224490494861e-16,-9.28234122835075e-09,7.5717810492891e-08,-3.52955398398135e-15,0.707106781186547,-1.50893169527595e-07,7.52875857289763e-15,-1.2797208650657e-06,-4.84723141057704e-15,2.67745572718031e-07,-8.88908907498255e-15,-5.46103797326257e-15,6.00761451128791e-16,-2.77978442486206e-16,6.52475020235779e-16,-4.57099332882021e-16,5.14406254428637e-09,-3.59754761809897e-08,2.26875717757429e-17,-2.38823944901797e-08,1.00335512301495e-06,-9.53960078018688e-16,-4.59926379558773e-15,1.23658433650147e-16,1.3923913919107e-15,4.03622692115846e-07,6.45440687891589e-08,3.67556451247672e-17,-8.42848148606986e-16,-1.79600647572527e-07,-5.80120373641152e-08,-8.78268983454692e-10,-7.78066518074812e-16,-2.90087085812541e-16,-7.63424544962893e-16,1.11461603702202e-15,6.95321580722173e-16,-1.62406317459877e-15,1.54353786063394e-06,-1.21990120970579e-06,-2.80696167759014e-07,-4.67816713477012e-16,4.52373753318865e-16,-4.81710622864717e-16,3.68483685506848e-16,-7.44859556579676e-16,1.21802485470746e-15,6.03841598643893e-16,-7.00366734915066e-16,-5.13979630359521e-18,-1.89993310028549e-16,-5.09357816425391e-16,5.30250987436783e-17,1.20986249702036e-15,1.62389181365425e-16,3.41775296747611e-09,-9.33752349790843e-17,-1.06842566124998e-15,3.12571228838355e-16,4.83736244355982e-08,-2.62085577498488e-08,3.33767478782783e-16,-1.24839808601084e-09,4.41993707237962e-08,6.38337799852027e-16,7.79551120777737e-16,-8.52118107171142e-08,-6.82985538387665e-16,1.08778502471361e-09,2.41269196805676e-16,8.10096510610191e-17,-3.43623307646e-16,-4.40915681256001e-16,4.78125100284933e-08,-1.46101752093605e-07,-2.06823150497104e-16,6.14694685641049e-16,-2.16920748320285e-16,-1.25310979971983e-16,9.80118763926896e-17,5.1097710004613e-16,-4.85126435327733e-16,4.95582667484224e-16,1.75534149956117e-09,-3.83714854709377e-16,-3.82215528335745e-16,-3.00526920222583e-16,1.92775962824797e-17,-2.08116633621107e-16,1.6819286686931e-16,-3.81494596679977e-07,1.60185631829087e-16,-8.5358588855158e-16,2.5805427087713e-08,-2.78086832243995e-16,-2.30521742869144e-16,7.61157696168006e-16,-3.83323691187421e-16,2.15024874932162e-08,3.33681714192867e-16,-7.11596991278918e-07,2.1094836727758e-17,-1.33252806642557e-16,-1.39328864149868e-16,2.20875275941347e-16,-8.21901244688421e-17,6.43634859252613e-16,2.04224099628029e-05,-2.91340482329608e-16,8.18230667132375e-17,3.27455795104464e-09,-1.20730387851885e-05,1.61094916606236e-16,5.51323858347465e-07,3.28650968404079e-07,3.61117119950699e-16,-5.23416976665159e-17,7.62502290887924e-17,-6.71665836876175e-17,4.2009433062254e-17,-5.51245721439256e-07,-7.48307863498568e-17,5.40041263179187e-16,-1.00184902001828e-16,2.20599014025999e-07,3.51987883047105e-18,-2.06109602137957e-17,1.66676586546025e-16,1.13340656056033e-16,-1.00450466316247e-07,-1.13619725717999e-16,6.74960595859526e-10,-3.95096558394822e-16,-2.81829958460099e-16,-4.55454603273571e-16,-3.5916317529264e-16,-2.43427198131603e-16,3.93132781342927e-16,-1.28615855067179e-16,-1.17031925601527e-08,2.13161326883571e-16,-3.14977868755663e-16,4.91937101667433e-09,-2.24090098327185e-16,2.51539474957558e-17,-2.85029828650976e-17,2.68393317394493e-16,-1.18406339444197e-16,-1.32887442457725e-16,-3.56447375466349e-08,-7.41783918017577e-17,-3.58823807753867e-17,1.06116605447971e-08,9.37616352511362e-17,-3.98690819304457e-16,8.26098051761877e-17,4.09493038732032e-16,-7.69030345678827e-16,6.86901467435075e-16,7.66790508419188e-17,-2.96461565256529e-16,7.71217486214772e-17,-1.7900767817035e-16,2.87862425988427e-17,-5.56289699465236e-09,1.84451508017365e-08,-2.46050540559514e-16,-1.43892501622211e-16,1.55192332199438e-16,-1.32423100996863e-16,5.94576471391051e-16,-8.93201737583822e-17,1.40260229180642e-16,-1.47156363762326e-16,-1.75729571009668e-08,6.61572328348784e-17,1.37624515390752e-16,-7.47412185774101e-17,2.06571892509107e-16,2.04499898447361e-09,-3.44674595706135e-16,-3.24155991669034e-10,9.20552652163231e-17,3.99481762302099e-16,3.13136847562222e-16,-2.26126043675076e-16,6.65364968326539e-17,4.66129384159771e-18,-4.67463311288548e-16,6.71390599231639e-17,-1.51080295835261e-16,1.17606885482954e-16,4.75947548483673e-16,-4.6579505140648e-17,2.70074017246303e-16,-5.49156046011726e-17,4.22447739310519e-17,-2.04522425437733e-16,4.3865558283531e-17,-1.26048926821848e-16,3.17634784575413e-16,1.1234432640956e-16,1.25225350922076e-16,4.96437244601362e-17,1.61661054567878e-17,-2.0110381542785e-17,-1.49194633841889e-16,6.87489843608914e-09,-1.33080348505549e-16,-1.05933043331021e-18,-1.97840818839609e-16,3.30074675870454e-17,1.93097623152728e-16,1.0105575785648e-16,-4.71544190464839e-16,-4.98513833910465e-17,-5.48481099301536e-17,-1.28448979006657e-16,-1.55908272403416e-16,3.4462987463975e-16,-2.3573059343777e-16,1.94554425864154e-16,-2.08121318029676e-17,-1.12393784568391e-16,1.93981187503385e-16,-8.83694248889627e-08,-2.83415352760864e-16,-6.85955086488575e-17,-3.63249637529545e-17,-2.72982145594801e-16,2.42366821974054e-16,-8.93562805412823e-18,2.00233259444239e-16,-2.34507424063314e-16,-7.60314474390699e-19,4.60924858251361e-09,3.20162826319209e-16,2.11310194532261e-16,-3.8242589900239e-17,-3.51257210087708e-16,1.66433181714251e-17,9.03910342601869e-17,-1.49251921282727e-16,-2.70639976193302e-16,1.03301615895611e-16,-4.04191869456203e-18,-1.80489869496611e-17,1.70049026462213e-17,-1.0702544749423e-16,9.4228566373666e-08,-1.77008843932673e-17,7.19258608091034e-17,-1.49295321440506e-16,-4.60352242437345e-16,-6.368186966344e-09,-1.11616119944239e-16,1.39027512458556e-16,-2.32561077337814e-17,-1.37382097506951e-16,-2.70336637246966e-17,4.63937196597482e-17,9.71457159976728e-17,-1.16161817783127e-16,4.75990267299043e-17,2.13969340153965e-17,9.52606631100996e-17,9.96489233963948e-17,-1.0906110136023e-16,-7.46029419886558e-17,-4.52145769768463e-17,-7.71519167580461e-17,-1.73973036971124e-16
"t15",0.0326425516077499,-0.00802957100805209,-0.00863768785334149,0.000389069144689393,0.00194031957147978,0.00370312760307385,0.000825731249379431,7.38205833895819e-06,-0.0343653113524975,0.133008136011969,-0.023830354236363,0.00305333894509802,-0.00596551155979203,-0.00125392534252713,-0.0334122332783476,0.000751591928487886,0.000477689363795129,-5.60383525880083e-05,-0.0245768029306404,0.00337904595790244,-2.88942989299414e-05,3.80564059588837e-05,-0.00516213231439924,-1.58208277329965e-05,-1.10917350775023e-05,0.000875494821728922,-0.00446579501618472,4.46986825874227e-05,-0.000706836826579872,0.00558678704069653,0.000757239369954177,-0.0378681025137614,0.000603315894462078,-0.00950112658185274,0.000564164528016204,-0.000112467293303138,-5.44750632895983e-06,1.29068969273064e-05,0.000725544768463494,0.000240334425517918,0.000218987059463684,-0.00570241962835818,0.000499675359763579,-0.0673929626079571,-0.000162452057542857,6.97214998828036e-06,-1.01602821041349e-06,1.37262096104105e-05,-0.000612457553329315,0.000801726341768584,-4.16269077322811e-06,3.12463504250068e-06,-3.29255784269973e-07,7.92319767186148e-07,-6.79174163345472e-06,1.12548670072168e-05,2.4923828510929e-05,-0.000323814968480802,0.00431183310085611,6.74765076750231e-07,2.81115439853301e-07,-1.02989210298144e-05,4.56864160272324e-06,-3.16772926335414e-06,6.81745400049901e-06,-2.04404402351219e-07,6.55004240976447e-08,1.18405641671973e-08,-2.25069316617962e-08,8.44152598818883e-09,4.29123041524284e-08,-3.1224297819283e-07,1.21055391092773e-06,9.78270431374727e-07,-4.22024688956785e-07,-1.65532174753379e-07,4.13201860456213e-06,-7.14601202679711e-07,0.000127480668960616,4.60285013345126e-05,-3.48583497391005e-06,-0.000284470467889228,0.000253704342596444,2.36641337789076e-05,-0.000203368462936535,-0.000212849267810106,8.06131780899283e-05,0.000760077151919619,3.89397015291056e-06,-0.000193915641605419,0.172390824110285,1.26397005428998e-07,8.03984717123566e-05,-4.65879973384807e-05,-2.40414032768641e-05,-6.62116486731186e-06,-7.76160786359432e-07,3.60646950798913e-06,-3.83677471446833e-05,-0.000318195301187534,-1.57942114387411e-05,1.0315857546057e-07,-2.13368106796458e-05,1.46133922136035e-05,-7.11430384339141e-06,4.40570519166011e-07,-0.000112504220880436,1.40306251464892e-07,-7.06112347885743e-05,5.04702272084365e-08,1.657367496992e-06,3.02373885757886e-06,-9.28419657989249e-07,7.86418510466521e-07,-2.51436406941503e-05,7.87914478658662e-07,-3.79870192558226e-05,3.50266635543772e-05,-1.02179027929844e-05,3.22576881060764e-06,-1.71986983887756e-06,2.73240512746231e-06,-2.08309401909319e-05,-3.59133989337778e-05,1.60321210224758e-07,-2.831905750395e-06,2.90804170232153e-07,-0.000459725683824129,1.77163217540426e-06,6.06317753976408e-05,3.93636840445321e-07,1.62305706451107e-07,-3.64374522491474e-08,-9.25004472177749e-07,3.38693617114119e-09,-2.40452216992847e-06,5.08374780068386e-06,7.23885218007882e-07,-3.80316714728993e-05,3.20771270661398e-05,2.89036674185611e-05,2.57233280215549e-06,-2.34524032712691e-05,-1.48024557289799e-06,-8.53778734005489e-09,2.69452814046025e-06,9.45305094456934e-07,-2.61968555556888e-05,-1.89943175788329e-06,1.19301860148675e-06,1.55723362930743e-06,5.09919906225837e-05,2.63422012774089e-06,-0.00426400954815168,5.11906701640457e-07,9.10195225966739e-06,-0.00761624452099576,3.87152728601526e-06,1.37804902538213e-05,0.00885703359307058,3.77381210599193e-06,-5.67172947682197e-07,2.19571162481171e-05,6.71708444934169e-06,-5.04018152902215e-06,3.84858592347981e-06,-0.00040826635844428,-7.09304073745683e-06,-0.000354134680367557,-7.64095167348381e-06,1.47699992488898e-05,2.63893389724866e-06,-3.82309369999247e-07,-6.31402901964988e-05,-3.10819650846387e-06,-6.63918310000264e-06,-2.98346991676617e-07,2.17069585784414e-05,0.262782181785745,-0.00056134670053778,0.00113664374363971,0.000120634102632139,-2.02046116493202e-05,-6.7006561033225e-08,-1.74696848780855e-06,-4.02264013362839e-07,-0.00201172801456183,0.000279008880193325,0.0012333222479081,-1.80447571893861e-05,-2.2114124650574e-05,3.29084383092661e-05,2.67795383791645e-05,3.49281236385282e-09,3.16788417044736e-07,-2.05249076695442e-05,-3.01349700261679e-05,-4.39786802562183e-07,1.90040290020704e-05,0.0171053762029444,-1.47005548083394e-06,1.18538623844006e-05,-8.65459963024584e-08,-1.76531704268352e-07,-1.06269474900156e-05,-1.00459811432039e-06,3.98269541899297e-06,2.94135791526103e-07,9.35274523130184e-06,8.689585805022e-09,0.000275369436591079,1.94355697178518e-06,6.34140651722401e-06,7.96255794251007e-05,4.37560091708001e-08,6.91453409776942e-07,-2.68945691475101e-07,-1.8102639649913e-07,2.65910651047675e-05,3.43936449631149e-05,1.69491535025397e-05,-2.79595706740973e-05,-6.711612002898e-06,-3.14675014077719e-05,0.000133348707968953,8.27449298628557e-06,0.000800731050365689,8.21724625616515e-06,0.00140976524848919,0.538383034310009,0.000118539151741404,8.60207017302543e-06,-0.281959316564469,0.000280891339429255,-1.74008161934504e-05,-5.70202549659313e-07,-0.000202004288812044,-4.18367569365747e-16,-1.50518074397802e-06,2.06610260528716e-05,-3.33734508434626e-06,-7.45343582401034e-06,-9.08131079207714e-05,1.24886014807429e-06,-1.51207230781364e-05,6.56884004153618e-06,-5.32179800443367e-06,3.29732248033203e-07,-1.50425685465957e-06,0.000575307194111447,-3.66572253156091e-07,3.9942640679612e-05,-0.000135478983823278,1.16815052411183e-07,-7.29519434206245e-09,3.34893139805194e-07,-2.93606740875949e-07,4.59966857429691e-06,4.78666525313674e-05,-8.90201735039588e-06,3.96772161213324e-06,-3.0885039533467e-05,8.34338296361392e-05,-5.0238321222421e-06,2.22940688383658e-05,-7.56339526647574e-06,1.67911338632601e-07,0.00194347380586547,1.85054409198174e-05,3.49013580400299e-06,3.16263600720313e-08,-5.02192611836951e-06,1.13294309441005e-06,-1.4973221577788e-06,2.35729809892464e-06,-4.53847786808989e-06,3.49229208164482e-06,-2.53211754435456e-07,4.75811225261943e-05,-2.05498721890297e-07,3.36034986802817e-05,-2.2933914202706e-16,-8.11470964743906e-05,-3.3665984375381e-06,-8.54667096826005e-11,-7.36434082535984e-07,1.06971799715713e-06,-6.59143894488466e-07,-1.86619100095891e-07,2.09469106694362e-08,-9.32965901643338e-07,3.5249031406312e-05,5.51393174024819e-06,-9.77063357498247e-08,5.14376734464635e-05,-7.47104145638365e-05,4.74123037093838e-06,-3.63175898924278e-05,1.35512427674122e-06,0.00604368269472217,2.1428245608478e-08,0.00728552393740431,-8.22362943447303e-06,3.68543186143794e-08,-1.17035188659155e-05,1.38753928851518e-06,-5.05525636437383e-06,3.8052031742016e-06,1.46284310997789e-05,1.74152970129398e-06,-5.56386394745068e-07,-3.73537050628615e-06,4.04491776970149e-07,-2.19021028775739e-06,3.1306744553829e-06,0.0193680345564562,-1.97444261958312e-05,1.54413793911423e-17,8.64585756117863e-08,1.08758798509175e-06,-1.02044139141649e-07,2.44701029441457e-05,6.32963960648465e-08,6.39630451630134e-06,1.48502392344113e-05,-4.56482036715188e-06,1.9478408016387e-05,-1.34574692155877e-16,-6.4425665699823e-05,-1.21886779614801e-08,-2.23871435099664e-06,2.21153691364347e-07,4.31345317238726e-06,-1.35692043644528e-06,-0.00455096178272207,0.013556086477608,-8.22388601282715e-07,0.00141400974612351,-1.4428133233801e-07,-1.49618602147996e-05,-2.04822611935718e-08,-3.03124162955633e-09,-1.90655257965076e-05,2.43907917791783e-07,-2.11969469751834e-05,-2.10621692078672e-17,-1.37968968686617e-06,1.1026895198221e-07,3.17856742780181e-09,3.87015400190275e-08,-0.0011158125494898,-8.26537693770424e-05,8.78224655944113e-07,-3.20714455004075e-06,-1.81564322485422e-06,-0.707106781186545,-1.40782293397373e-05,-1.16439271060148e-07,-1.79021154381961e-05,7.44705526012799e-15,8.12049512188446e-06,1.03881166589287e-06,-1.59227339673184e-07,-2.81277036361662e-05,-9.41033195054541e-06,-5.04292585162057e-06,-3.83143533007437e-06,5.16678611647849e-06,8.73896594863701e-07,4.92076160668583e-08,4.57401363538206e-05,3.55192096312182e-07,-5.23565579816283e-16,-1.70667790774654e-07,6.70681713174887e-06,3.62057390988318e-06,-0.0309591520552365,-5.48140214296486e-16,-1.21658442020691e-07,3.45825107841763e-08,-0.00439893614988734,-4.68864462729523e-08,-8.26613395775432e-06,1.97985646155307e-07,-2.73338409273037e-06,1.53435343917449e-05,2.21440290923354e-16,5.75645156644924e-05,-2.75197651936694e-07,8.26308442597366e-07,0.000316490921498019,9.23832241288251e-08,-4.12504470526368e-08,1.26981758441502e-15,4.12412610286198e-16,-5.15023251186873e-08,-1.41228054119301e-07,1.86519165331822e-08,-8.95663503693654e-06,6.69064149908097e-15,-4.26761112755972e-06,-5.04105242591781e-08,9.40164862731918e-16,-1.8798573461333e-16,-1.11739534684876e-16,1.0668228162626e-05,6.72173324125691e-07,-7.34713950780453e-07,2.2296394887961e-05,3.16546463670377e-06,5.85652402860112e-07,-2.54091703294711e-07,-3.69242803590993e-16,-5.56360774121837e-08,1.56338428206371e-07,6.06793164230689e-17,-1.086635099584e-16,-9.94328196020036e-08,-2.52475138202059e-09,-6.36219572450251e-08,0.00130863175883324,5.20365356995749e-08,-9.13435514553265e-07,4.84438395040456e-16,-7.4686200466532e-07,-2.98283764376275e-16,-1.0686416465397e-05,9.66024135684584e-17,-6.02980955705674e-08,-1.62694039060805e-16,2.48465254240374e-07,6.54551250165016e-08,1.26454655871045e-06,4.01012067152253e-06,1.77105905675906e-07,-2.03393089421425e-08,1.28892581827773e-07,4.61530745319581e-08,1.00479912210917e-05,7.71176104654689e-07,4.48770905622909e-08,-1.26105021740096e-07,-9.98484360634845e-06,-8.08712020130879e-07,-6.00181155917343e-08,-5.21933611437265e-18,5.6077145694585e-07,-9.64791780184582e-08,4.96250308331433e-08,1.28678379584227e-16,4.00797360029775e-07,2.61974817190185e-06,8.37947615709448e-07,-8.1315468249298e-17,-2.02964667478231e-07,-4.96744887840491e-06,8.63524790102456e-16,-1.42111799614173e-07,3.15513697218617e-07,6.47865355139457e-17,1.10855147735173e-16,-1.15691327107429e-08,-2.85330338519811e-06,-1.62452246732221e-08,-2.25206545163704e-05,1.44463188412114e-06,3.80755335906049e-08,1.69098469661095e-06,3.38991862453551e-07,-8.48233558286752e-06,8.97719398817998e-17,1.56713862947987e-09,4.98239762958309e-08,1.37663760548246e-07,1.29566106981427e-05,-1.28240832421652e-16,-9.89988938085905e-17,0.00037312948431838,-6.6433011951112e-17,-1.00918710149157e-15,4.28289138639248e-07,-6.30280432261832e-07,-1.18003169753567e-07,-2.90207152446001e-07,3.06670740813852e-06,8.03494215492726e-07,0.000923986234054806,-6.07501976813739e-17,2.29429617624492e-06,1.07079595737e-07,4.91237697862315e-07,-1.07493463710699e-07,4.23616685297049e-07,-1.8834457703565e-16,-2.22476675463187e-17,8.78399516400995e-16,-1.69484245032456e-06,-1.77146405286486e-08,-1.14825306844477e-06,1.51709965879972e-16,-1.35604406785119e-08,6.13655918915012e-16,-1.56897473774426e-16,2.20794982577689e-06,-5.52788126639731e-07,1.49619899803e-16,-4.55600205953737e-06,-6.13931169351016e-08,-2.62891577993086e-16,1.38616718596762e-07,2.70404907631385e-16,2.2375186313296e-06,4.70037768734598e-17,2.2313067732667e-06,4.22186483778586e-07,1.52846100160646e-08,6.57984030568547e-07,4.51457614630344e-06,-4.92233924715259e-08,1.50787838357796e-06,-1.50655683986351e-16,8.8913842568412e-07,-5.01721316042052e-08,-1.08379578062863e-16,-6.60754559387343e-09,-1.34566406766779e-07,3.1246848169514e-08,-3.56089660139219e-16,1.00024920698329e-07,1.32241582166413e-07,5.83488781585626e-17,-3.66735119885292e-06,-2.78289588601564e-06,-3.79540622771933e-09,-1.47375193614874e-16,-5.96289957399246e-17,6.77107757147317e-08,9.44473712967882e-07,7.63951472504619e-08,-2.68585028817545e-08,5.56883513593519e-07,-2.64868394372507e-17,1.02643989920014e-16,2.03254256976656e-06,1.21199048415219e-06,-1.80789605412824e-17,4.9116917165443e-06,2.21387095971333e-17,5.58873509343828e-08,-0.000809851812562918,-5.08184052295461e-07,-3.56997901765401e-06,-1.79761435417997e-16,-6.81181382224221e-17,-3.11767166277737e-17,-1.31056497922323e-16,-6.36787521314558e-09,-2.20865196394423e-08,1.6888910455059e-17,1.26494082314085e-16,-1.43342509195287e-16,3.10762107159784e-08,2.7921514527142e-10,-1.53649661451221e-08,5.22965525382716e-17,2.68773718559157e-16,7.90166543307436e-16,-6.57641519443483e-07,2.01223515854391e-08,2.20877271358477e-16,3.52737303070252e-09,-9.22424512194759e-08,-2.48729823045155e-17,1.53372298268569e-16,-2.89158691140357e-06,-6.52073649171678e-10,-1.43151141608499e-06,-1.37818153342011e-16,3.5460518236729e-08,5.72152528480868e-07,6.14088625059969e-07,-0.000195711660996523,-1.34163110050897e-07,2.19675301116474e-09,-3.19967943565573e-17,1.3764553782735e-16,-7.4047063309376e-18,4.17611457394855e-08,-3.78100039580062e-08,-6.45594838603023e-07,-1.11921942186456e-08,-1.33786834427162e-16,-4.90913157457212e-17,-3.08423213573094e-16,4.32107510654677e-17,-1.55575017092221e-16,5.33311038149703e-08,-3.61834052941461e-17,-1.21687183363316e-16,-3.90530724774118e-07,-6.06730977920891e-17,-3.49575395793609e-07,-2.65222269474888e-17,-4.33361295589897e-07,-4.24427483595709e-19,-5.24076449647484e-07,-6.55659925404076e-08,-1.32153509525716e-07,1.19063690606293e-16,2.10238538940072e-06,4.32613011764452e-17,7.28833969000801e-07,-1.15744196585009e-07,6.40496187234618e-10,-1.23522958692576e-16,3.52483086463106e-06,3.32655130442475e-16,-2.5347854808735e-07,-1.29389564243583e-07,9.91099250688028e-17,-4.99366251500003e-17,9.14429006521366e-18,-1.55747486155885e-16,-1.62778633290843e-05,-2.55276706912743e-07,-5.69863643716958e-08,-6.87008660608533e-17,-8.8778506250106e-19,-1.33253408631183e-08,1.08692634220343e-07,-1.95634478761475e-17,-1.45307198712443e-16,-2.16342354627988e-07,-8.53367102559231e-17,-1.83431701735006e-06,-1.38857244917474e-16,3.83491133148957e-07,1.67853120228121e-17,-4.3142234995164e-16,8.19731188089233e-17,1.47745751815798e-16,-4.63080272672593e-17,-3.44101212257341e-17,7.35664708356601e-09,-5.14484268543661e-08,-3.83172657505541e-17,-3.41361445219418e-08,1.43382347494863e-06,-1.86348400886318e-16,3.50118982543894e-16,1.50339529672487e-15,-1.90715586153688e-16,5.7624311250402e-07,9.21278357721054e-08,2.87951161499535e-18,-3.4132019384608e-17,-2.56292580038075e-07,-8.27813303972915e-08,-1.25312799159558e-09,-7.1231651807214e-17,5.79558820284484e-17,4.71773124258148e-17,2.29863585496683e-17,-8.05228467058028e-17,-3.34806403099935e-17,2.19851208235573e-06,-1.73726381700585e-06,-3.99675626294077e-07,-7.77558806848153e-17,5.72193506360275e-17,-1.62963125100492e-16,-3.06877824790185e-17,-2.94476527657935e-17,1.43702898296115e-16,1.69806895034627e-16,-1.54963313325567e-17,3.18791862364924e-18,-3.85266685168169e-17,7.79678136737669e-17,8.35846199453711e-17,-3.47380142633477e-17,2.26682443379567e-17,4.85333094026501e-09,-2.21570887180499e-17,-9.12759809388425e-17,-4.68195555706267e-17,6.86678026005755e-08,-3.72007744852572e-08,-1.45283331781325e-16,-1.77190265084457e-09,6.27065956893149e-08,1.17636600861438e-17,1.4693698831995e-15,-1.20826219885224e-07,2.07790105496567e-17,1.54140300732683e-09,8.38895778752579e-18,4.83366703253351e-17,-4.39341297152042e-17,-3.20271765973484e-17,6.76803375690787e-08,-2.06797728421398e-07,-2.50599504415689e-16,-1.33939803402287e-16,8.78160087854462e-17,-1.4490083805474e-16,4.66206934168767e-17,7.22150561243847e-17,1.06579086604036e-16,1.90291219303936e-16,2.47559690297216e-09,4.50554304100682e-17,-8.73933464132366e-17,2.53243441462621e-18,-1.24108966535938e-16,4.038030992401e-17,-1.13043559005721e-16,-5.37613562548611e-07,7.87432495191e-18,4.19304295053478e-18,3.63605953987101e-08,-1.7140532857032e-16,2.39333847813719e-17,-7.75666879948412e-17,-2.02070638244836e-16,3.0247105638926e-08,-5.91628693393888e-17,-1.00069032968079e-06,2.35316065272206e-16,-1.54104580738574e-16,-1.53457672060204e-16,-2.70524959177605e-16,1.201556883153e-17,-8.15705479191828e-17,2.870176589228e-05,3.07567769482709e-17,5.01268530711209e-17,4.5999378939875e-09,-1.6959213937817e-05,2.71115337113667e-17,7.74144179283943e-07,4.61418937472518e-07,-7.44038165685335e-17,-5.39291443943419e-17,-8.08486936471929e-17,-1.40010531743872e-16,5.45148692283904e-17,-7.72503367523968e-07,-2.14275377447832e-17,1.12639644774737e-16,3.26142629910731e-17,3.08995289684315e-07,3.17942009899298e-17,-1.50237531093437e-16,-1.4547409420295e-17,-1.61911534435608e-17,-1.40613497796051e-07,-1.55314514667419e-16,9.44646039034215e-10,1.60424533647206e-17,3.07118264699291e-17,6.54403542089125e-17,3.78870996959233e-17,-5.28836658909139e-17,6.97574195050681e-17,-4.20955641359825e-17,-1.63624959125644e-08,-1.08756054172788e-16,1.83745270256223e-16,6.87613528372203e-09,9.36547522851909e-17,8.83616324351561e-17,-5.54368074983641e-17,3.05264478187162e-17,-1.68285493319042e-17,5.24420564679376e-17,-4.97833286852919e-08,1.63884103769307e-16,-5.43233686487621e-19,1.48155207133468e-08,-4.13873235745488e-17,5.21257327208289e-16,2.01154518234745e-16,2.6420223213709e-18,-3.07437901803481e-17,3.13325744154707e-17,1.50348503127983e-16,1.24721311334048e-17,-2.99106582741291e-16,1.88002544325761e-17,-1.46149204992001e-17,-7.75646169885164e-09,2.57143991569973e-08,6.49432981735519e-17,3.38624865589964e-17,-4.15176894434481e-18,-1.99817036714255e-16,-1.2793585635329e-17,1.03074347604261e-16,7.31745950937394e-17,1.15579892997055e-16,-2.44783419105745e-08,1.62619775478596e-17,1.38509154566401e-17,-3.88584802546931e-17,-3.35969238116088e-16,2.84660609782582e-09,-1.65491794259057e-17,-4.5086590563313e-10,5.93421499087776e-17,1.88476925992682e-16,4.66167841282776e-17,-1.43524390804679e-17,1.00488818907383e-16,6.14358357344291e-17,1.95496893097124e-16,-2.0572066898326e-17,1.67021141309292e-16,-1.3028938140383e-17,2.34839809227816e-17,1.63397540159563e-17,3.113612438528e-16,-2.98817955396204e-17,-1.47882433294882e-16,1.83558635883582e-17,-6.64927156013628e-17,-8.03804913455614e-17,3.71545968135772e-17,3.28696612538554e-16,5.44269490587723e-17,1.35396464633034e-17,-8.75277533020659e-17,-1.81595487989185e-17,5.64626344527048e-17,9.5347680735926e-09,1.53628020207674e-16,-3.7550730413743e-17,7.77507037528536e-17,-1.89478711608317e-16,1.26848859129313e-16,3.51258539947205e-17,8.72930451721384e-17,1.81664563367613e-16,-2.4886083190995e-17,3.88505724920444e-17,1.15250690935209e-16,-1.46291474929645e-16,-7.82651244009249e-17,-2.33588940496437e-16,6.44674537703715e-17,-2.41174237202665e-16,-5.44604932594126e-17,-1.22322989936092e-07,-3.1317284169604e-17,-2.01628697800165e-17,1.66462758654438e-16,-9.12706518443298e-17,1.99726154722256e-16,6.83148982424522e-17,-2.46838369815189e-17,-3.38523595292779e-17,-1.00319331441655e-16,6.36763280826132e-09,1.71122088138689e-16,9.32973828274947e-17,2.72151109050482e-17,-9.37740106729991e-17,2.91138605146077e-17,4.28561448810802e-17,5.64522384038395e-18,-7.45911409476161e-17,-4.39408062266553e-17,1.00077594146553e-16,3.98013606365892e-17,-3.98646315069489e-17,-3.1012788224326e-17,1.29919609724266e-07,1.61552879915899e-16,2.0285130956983e-17,1.68218215237271e-17,-3.69279259948563e-16,-8.77225842210112e-09,-7.05415145641609e-17,-8.90004667140069e-17,-4.43084784487998e-17,1.05369392765842e-16,6.52919958566058e-17,1.83507050298463e-16,1.33680977213201e-16,-9.52816109164871e-17,-7.18443381931564e-17,-3.85504120823751e-17,2.78135165008992e-17,1.10626114934152e-16,2.76045562676971e-17,-4.80643363997168e-17,3.58910671159007e-17,2.26756027039159e-16,-1.96473278167538e-16
"t262",0.0326425516077499,-0.0080295710080521,-0.00863768785334149,0.000389069144689389,0.00194031957147978,0.00370312760307385,0.000825731249379435,7.38205833895916e-06,-0.0343653113524975,0.133008136011969,-0.023830354236363,0.00305333894509802,-0.00596551155979203,-0.00125392534252713,-0.0334122332783475,0.000751591928487891,0.000477689363795122,-5.60383525880061e-05,-0.0245768029306404,0.00337904595790245,-2.88942989299294e-05,3.80564059588829e-05,-0.00516213231439925,-1.58208277330086e-05,-1.10917350774837e-05,0.0008754948217289,-0.00446579501618472,4.46986825874203e-05,-0.000706836826579862,0.00558678704069651,0.000757239369954199,-0.0378681025137613,0.000603315894462136,-0.00950112658185273,0.000564164528016203,-0.000112467293303154,-5.44750632895346e-06,1.29068969273042e-05,0.00072554476846349,0.000240334425517907,0.000218987059463673,-0.00570241962835817,0.000499675359763562,-0.067392962607957,-0.000162452057542903,6.97214998827413e-06,-1.01602821042897e-06,1.37262096104446e-05,-0.000612457553329338,0.000801726341768578,-4.16269077323304e-06,3.12463504248261e-06,-3.29255784267346e-07,7.92319767175739e-07,-6.79174163344973e-06,1.12548670072158e-05,2.4923828510925e-05,-0.000323814968480787,0.00431183310085618,6.74765076757062e-07,2.81115439841693e-07,-1.02989210297967e-05,4.56864160270363e-06,-3.16772926337636e-06,6.81745400050727e-06,-2.04404402336529e-07,6.5500424090275e-08,1.1840564167299e-08,-2.25069316400444e-08,8.44152599061473e-09,4.29123041114625e-08,-3.12242978149895e-07,1.21055391092965e-06,9.78270431355045e-07,-4.22024688951793e-07,-1.65532174747427e-07,4.13201860453578e-06,-7.14601202664053e-07,0.00012748066896061,4.60285013345187e-05,-3.48583497390001e-06,-0.000284470467889211,0.000253704342596467,2.3664133778889e-05,-0.000203368462936533,-0.0002128492678102,8.06131780899433e-05,0.000760077151919622,3.89397015291032e-06,-0.000193915641605379,0.172390824110285,1.26397005426396e-07,8.03984717124122e-05,-4.65879973384273e-05,-2.40414032768699e-05,-6.62116486730094e-06,-7.76160786348904e-07,3.6064695079965e-06,-3.83677471447196e-05,-0.000318195301187485,-1.57942114386881e-05,1.03158575462119e-07,-2.13368106796559e-05,1.46133922135559e-05,-7.11430384338299e-06,4.40570519192848e-07,-0.000112504220880456,1.40306251519643e-07,-7.06112347885759e-05,5.0470227251154e-08,1.65736749699018e-06,3.02373885756251e-06,-9.28419658029284e-07,7.86418510327762e-07,-2.51436406940594e-05,7.8791447868569e-07,-3.798701925581e-05,3.50266635544331e-05,-1.02179027930001e-05,3.22576881062185e-06,-1.71986983881194e-06,2.73240512744215e-06,-2.08309401909161e-05,-3.59133989337547e-05,1.60321210237172e-07,-2.83190575040319e-06,2.90804170275522e-07,-0.000459725683824084,1.7716321754044e-06,6.06317753976373e-05,3.93636840478558e-07,1.62305706462942e-07,-3.64374521880332e-08,-9.25004472184798e-07,3.38693605879572e-09,-2.40452216995255e-06,5.08374780067816e-06,7.23885217992884e-07,-3.80316714729058e-05,3.20771270661328e-05,2.89036674185497e-05,2.57233280222647e-06,-2.34524032712318e-05,-1.48024557290074e-06,-8.53778739719404e-09,2.69452814049014e-06,9.45305094415806e-07,-2.61968555556996e-05,-1.8994317578431e-06,1.19301860149657e-06,1.55723362958e-06,5.09919906225523e-05,2.63422012775622e-06,-0.00426400954815152,5.11906701656896e-07,9.10195225968612e-06,-0.00761624452099569,3.87152728600049e-06,1.37804902538431e-05,0.00885703359307026,3.77381210597282e-06,-5.67172947714945e-07,2.19571162480477e-05,6.7170844493261e-06,-5.04018152903041e-06,3.8485859234618e-06,-0.000408266358444276,-7.09304073748953e-06,-0.00035413468036759,-7.64095167343804e-06,1.47699992488481e-05,2.63893389717249e-06,-3.8230937008841e-07,-6.31402901963317e-05,-3.10819650841506e-06,-6.63918309996887e-06,-2.98346991611006e-07,2.17069585784102e-05,0.262782181785744,-0.000561346700537877,0.00113664374363974,0.000120634102632086,-2.02046116493982e-05,-6.70065609096635e-08,-1.74696848789141e-06,-4.02264013417707e-07,-0.00201172801456184,0.000279008880193218,0.00123332224790806,-1.80447571893163e-05,-2.21141246505778e-05,3.29084383092376e-05,2.6779538379142e-05,3.49281223527597e-09,3.16788417141367e-07,-2.05249076695286e-05,-3.01349700261844e-05,-4.39786802577315e-07,1.90040290021183e-05,0.0171053762029444,-1.47005548089168e-06,1.18538623844185e-05,-8.65459963601357e-08,-1.7653170409553e-07,-1.06269474899762e-05,-1.0045981147378e-06,3.98269541921801e-06,2.9413579157294e-07,9.35274523131703e-06,8.68958576781691e-09,0.000275369436591146,1.9435569718003e-06,6.34140651722902e-06,7.96255794250304e-05,4.37560090556645e-08,6.91453409663989e-07,-2.68945691499087e-07,-1.81026396479182e-07,2.65910651046323e-05,3.4393644963101e-05,1.69491535025203e-05,-2.79595706740742e-05,-6.71161200313762e-06,-3.14675014077967e-05,0.000133348707969063,8.27449298653208e-06,0.000800731050365616,8.21724625635673e-06,0.00140976524848899,0.538383034310002,0.000118539151741402,8.6020701730175e-06,-0.281959316564468,0.000280891339429408,-1.7400816193018e-05,-5.70202549674595e-07,-0.000202004288812034,-2.93820674869181e-16,-1.50518074381411e-06,2.06610260528794e-05,-3.3373450845142e-06,-7.45343582378893e-06,-9.08131079207605e-05,1.24886014835072e-06,-1.51207230775648e-05,6.56884004143547e-06,-5.32179800422889e-06,3.29732248016209e-07,-1.50425685474752e-06,0.000575307194110958,-3.66572253290972e-07,3.994264067967e-05,-0.00013547898382315,1.16815052307707e-07,-7.29519395261703e-09,3.34893139879531e-07,-2.93606740360377e-07,4.59966857424493e-06,4.78666525317206e-05,-8.90201735037834e-06,3.96772161159113e-06,-3.08850395335307e-05,8.34338296363274e-05,-5.02383212226861e-06,2.22940688382715e-05,-7.56339526585785e-06,1.67911338829905e-07,0.00194347380586587,1.85054409197431e-05,3.49013580398883e-06,3.16263599805611e-08,-5.02192611822908e-06,1.13294309398558e-06,-1.49732215787117e-06,2.35729809892133e-06,-4.53847786788354e-06,3.49229208161412e-06,-2.53211753997137e-07,4.75811225262606e-05,-2.05498721618235e-07,3.36034986802485e-05,3.95623158334078e-16,-8.11470964744159e-05,-3.36659843818269e-06,-8.54663918094898e-11,-7.36434082504289e-07,1.06971799749631e-06,-6.59143893396211e-07,-1.86619100004999e-07,2.09469108758231e-08,-9.32965902017588e-07,3.52490314060909e-05,5.51393174038667e-06,-9.77063359206288e-08,5.14376734462223e-05,-7.47104145635761e-05,4.74123037060734e-06,-3.63175898924444e-05,1.355124279105e-06,0.0060436826947216,2.14282466341471e-08,0.0072855239374038,-8.22362943465992e-06,3.68543187413762e-08,-1.17035188656127e-05,1.38753928886173e-06,-5.0552563645383e-06,3.80520317429854e-06,1.46284310996949e-05,1.74152970164799e-06,-5.56386394144823e-07,-3.73537050756227e-06,4.04491777202011e-07,-2.19021028859218e-06,3.13067445363655e-06,0.0193680345564576,-1.974442619539e-05,8.12276631073742e-17,8.64585752789096e-08,1.08758798628849e-06,-1.02044138137244e-07,2.44701029478389e-05,6.32963954957364e-08,6.39630451362665e-06,1.48502392339805e-05,-4.56482036700584e-06,1.94784080167221e-05,1.3635819566597e-17,-6.44256656988402e-05,-1.21886780540893e-08,-2.23871435087009e-06,2.2115369104808e-07,4.31345317331679e-06,-1.35692043454019e-06,-0.00455096178272184,0.0135560864776099,-8.22388601455991e-07,0.00141400974612616,-1.44281330996484e-07,-1.49618602123162e-05,-2.04822646708736e-08,-3.03124432992448e-09,-1.90655257976093e-05,2.43907920716284e-07,-2.11969469732163e-05,5.75547502315753e-16,-1.37968968234567e-06,1.10268953439595e-07,3.17857018943167e-09,3.87015361612776e-08,-0.00111581254949568,-8.26537693930401e-05,8.78224682848228e-07,-3.20714445915351e-06,-1.81564346531741e-06,0.707106781186551,-1.40782292717226e-05,-1.16439275337476e-07,-1.79021153826778e-05,-4.69765162510615e-15,8.12049511740747e-06,1.03881168286727e-06,-1.59227343845009e-07,-2.81277036360736e-05,-9.41033196358953e-06,-5.04292584901515e-06,-3.8314353185235e-06,5.16678610494571e-06,8.73896606390907e-07,4.92076164737807e-08,4.57401363557233e-05,3.5519208656398e-07,5.81413340858838e-16,-1.70667795290238e-07,6.70681713150004e-06,3.62057391121221e-06,-0.0309591520552413,1.36713410454701e-16,-1.21658445606688e-07,3.45825079618896e-08,-0.00439893614988618,-4.6886447768128e-08,-8.26613396036839e-06,1.979856469585e-07,-2.73338409300806e-06,1.53435343890084e-05,-2.21992289094156e-16,5.75645156650489e-05,-2.7519765344997e-07,8.26308442302136e-07,0.000316490921498517,9.23832238288882e-08,-4.12504469865962e-08,-1.28716481917479e-15,-3.99313414674497e-16,-5.15023245917488e-08,-1.41228054077492e-07,1.8651917274278e-08,-8.95663503588747e-06,6.16805579906452e-15,-4.26761112662718e-06,-5.04105255110922e-08,-7.32034031370516e-16,8.39161372806345e-17,1.1892205323899e-16,1.06682281632986e-05,6.72173324043618e-07,-7.34713950884402e-07,2.22963948892522e-05,3.16546463719455e-06,5.85652402390233e-07,-2.54091702692223e-07,2.49135857789233e-16,-5.56360768678522e-08,1.56338427312986e-07,-1.40440143288093e-16,-1.23458768865674e-18,-9.94328195470419e-08,-2.52475201082319e-09,-6.36219575095014e-08,0.00130863175883463,5.20365382238007e-08,-9.13435514917427e-07,-4.55819845421511e-16,-7.46862004561326e-07,1.35830791547587e-16,-1.06864164652272e-05,-7.19747612204502e-16,-6.02980959240666e-08,1.80227560679753e-16,2.48465254040493e-07,6.5455124405021e-08,1.26454655892883e-06,4.01012067124791e-06,1.77105904694829e-07,-2.03393096691531e-08,1.28892580803193e-07,4.61530740778428e-08,1.00479912216161e-05,7.71176103515259e-07,4.48770907327588e-08,-1.26105023866536e-07,-9.9848436061112e-06,-8.0871202076936e-07,-6.00181159498738e-08,7.32351046163685e-17,5.60771456537264e-07,-9.6479178466585e-08,4.96250283151339e-08,1.25924316222074e-16,4.00797359125928e-07,2.61974817158079e-06,8.37947615998491e-07,3.56268611994172e-16,-2.02964667953457e-07,-4.96744887835077e-06,-1.09775402615031e-15,-1.42111798332348e-07,3.15513697188026e-07,-5.13224466847385e-17,-1.45016560045018e-16,-1.15691330343999e-08,-2.8533033852177e-06,-1.6245224692512e-08,-2.25206545166334e-05,1.44463188488214e-06,3.8075533568516e-08,1.690984696448e-06,3.389918629783e-07,-8.4823355829424e-06,1.34506121518552e-15,1.56713938163407e-09,4.98239758673904e-08,1.3766376102325e-07,1.29566106985763e-05,-2.55123544451586e-17,2.26794823642908e-16,0.000373129484318741,-7.74268307329875e-17,-2.04126888461267e-16,4.28289138688337e-07,-6.30280432840493e-07,-1.18003169108258e-07,-2.90207152141532e-07,3.06670740773491e-06,8.03494215658074e-07,0.000923986234053572,-1.04576018624091e-16,2.29429617601184e-06,1.07079595671945e-07,4.91237698188545e-07,-1.07493463485773e-07,4.23616685666942e-07,6.61617285300851e-17,4.23526490665564e-17,-3.22618664113355e-16,-1.69484244995673e-06,-1.77146400886524e-08,-1.14825306750491e-06,-2.16105632717617e-16,-1.35604414814472e-08,-4.07857345144186e-16,2.82662776449974e-16,2.20794982573724e-06,-5.52788126668842e-07,-1.23165366794353e-16,-4.55600205906091e-06,-6.13931172950911e-08,1.65474053378117e-16,1.38616718977605e-07,-4.24770628803217e-18,2.23751863128525e-06,-8.26938794923531e-17,2.23130677221294e-06,4.22186483571497e-07,1.52846100652973e-08,6.57984029957037e-07,4.51457614606301e-06,-4.92233918889299e-08,1.50787838406934e-06,1.06065716925451e-16,8.89138425407412e-07,-5.01721317037822e-08,1.10850296506207e-16,-6.6075463364121e-09,-1.34566406587722e-07,3.12468482974129e-08,2.22603297029911e-16,1.00024921096603e-07,1.32241581934178e-07,-1.20918536655721e-16,-3.66735119907596e-06,-2.78289588614614e-06,-3.795406332509e-09,1.70187632679014e-16,-1.40930512338503e-17,6.77107752653653e-08,9.44473713177708e-07,7.63951476585478e-08,-2.68585033937856e-08,5.56883513005389e-07,3.11109897509103e-17,2.03801490256104e-17,2.032542569962e-06,1.21199048372005e-06,9.81475611607549e-17,4.91169171613629e-06,-1.15097322783969e-16,5.5887351123139e-08,-0.000809851812561954,-5.08184052039262e-07,-3.56997901769368e-06,-1.55132486883111e-16,5.80573956140246e-17,5.38246417313645e-17,1.23441623551482e-16,-6.36787496985967e-09,-2.20865200583727e-08,-8.99049689547114e-17,-7.13999340203075e-17,-4.62671875853846e-18,3.10762112006427e-08,2.7921514014706e-10,-1.53649655282973e-08,-6.63027898493703e-17,7.45524518855345e-16,-2.65629532258949e-16,-6.57641519293525e-07,2.01223518219211e-08,-1.18152899304676e-16,3.52737349807268e-09,-9.22424512882998e-08,3.91481761918241e-17,-1.6514696503706e-16,-2.89158691118376e-06,-6.52073953386539e-10,-1.43151141582367e-06,2.43784637140363e-17,3.54605178894978e-08,5.72152528848407e-07,6.14088624789736e-07,-0.000195711660997297,-1.34163109551945e-07,2.19675349307398e-09,-3.50938211845424e-18,-9.95389343999853e-17,-9.29482581793174e-17,4.17611456744198e-08,-3.78100033532289e-08,-6.45594838905404e-07,-1.11921942040881e-08,1.53478089826594e-16,6.90321388188936e-17,3.75206909627382e-16,-2.2058773253783e-17,-5.80916892090306e-17,5.33311040097127e-08,-2.00475616218372e-17,3.37167714719579e-17,-3.90530723823528e-07,-2.66437726348466e-16,-3.49575395926813e-07,3.69494259525474e-17,-4.33361296067971e-07,-1.51265671387516e-19,-5.24076449345118e-07,-6.55659924708384e-08,-1.32153509572685e-07,-8.71351729571214e-17,2.10238538919947e-06,2.85560180787966e-17,7.28833968838194e-07,-1.15744196677209e-07,6.40496331968418e-10,1.3972132884352e-16,3.52483086446211e-06,-1.48242737472995e-16,-2.53478547829968e-07,-1.29389564079831e-07,-9.5775435227427e-17,2.98495567959652e-17,1.95735483059534e-16,1.63437851417292e-16,-1.62778633279173e-05,-2.55276707190809e-07,-5.69863641624322e-08,-4.76862244123432e-17,7.51910944898986e-19,-1.33253409016811e-08,1.08692634813185e-07,-5.15338596748349e-17,-1.94638386268085e-16,-2.16342354664233e-07,7.51885868793559e-17,-1.83431701736608e-06,1.73683936507477e-16,3.83491133020036e-07,9.05286881762335e-18,-3.42300735520275e-16,-8.43805795338064e-17,-1.76647520161526e-16,-2.02177499080925e-18,-3.75780244485366e-17,7.35664704775725e-09,-5.14484272447536e-08,-5.81531276109722e-18,-3.41361445272703e-08,1.43382347483985e-06,2.99496121543561e-16,1.07908339031629e-16,1.49401629348943e-15,1.43903084722839e-16,5.76243112669674e-07,9.21278361031675e-08,-6.55336402585096e-17,3.48534379369094e-17,-2.56292580298641e-07,-8.27813301544521e-08,-1.25312858621066e-09,1.06088388001554e-16,6.62237428499404e-18,-1.17451855547237e-16,-3.18210743799648e-17,1.54411903553157e-16,5.09435873987388e-17,2.19851208220178e-06,-1.73726381721876e-06,-3.99675626104327e-07,5.91620422308587e-17,-9.67353457940314e-17,8.19892950415495e-18,7.57568291382977e-17,-1.44530289660647e-16,-2.64897378582397e-17,-1.32208715992508e-16,-3.46106890055847e-17,4.55418940749273e-17,6.96354178185315e-17,-4.69309186197128e-17,-3.32280020100144e-17,2.00721252293493e-17,-2.54567283747467e-17,4.85333082660713e-09,3.6074649939595e-18,1.89749222178562e-16,1.05478569649332e-17,6.86678025776255e-08,-3.72007745508397e-08,9.69236263444302e-17,-1.771902285381e-09,6.27065958197173e-08,-1.91863791317787e-17,1.42478207131735e-15,-1.20826220091724e-07,-1.23142071970876e-16,1.54140334494536e-09,-3.08653962588211e-17,-4.42587252962142e-17,1.15856071670158e-17,1.2757074624872e-16,6.76803376300996e-08,-2.06797728328388e-07,6.12102640743373e-17,1.42912209579776e-16,-8.83918854806074e-18,9.8854068320768e-17,1.75640751942652e-17,-9.80687333933501e-17,-1.27623106889087e-16,-1.41287968133943e-17,2.47559681622851e-09,-6.93399856289462e-17,5.32640070067328e-17,8.37318733271891e-18,2.19190098366257e-16,-3.59475440653585e-17,1.44962464969702e-16,-5.37613562733916e-07,1.39320958124351e-17,2.77264607278112e-16,3.63605953690436e-08,1.17500674331639e-16,1.14054301992672e-16,6.82788035444416e-17,1.51308119249686e-16,3.02471054621674e-08,6.920794106189e-17,-1.00069032969882e-06,-1.03606889051642e-16,1.4290372075402e-16,3.59490594283997e-17,-5.73653063527975e-17,1.99103072492018e-17,5.21928951889629e-17,2.87017658922979e-05,-1.74536915429149e-16,-3.42679598291203e-16,4.59993807269761e-09,-1.69592139374996e-05,-2.85287161318282e-17,7.74144179336002e-07,4.61418937137688e-07,5.34787574112451e-17,-2.15299085293236e-16,7.77971860354908e-17,1.40266764135766e-16,5.22381243498049e-17,-7.72503367567335e-07,-5.93746007404507e-17,-9.17682205110788e-18,-6.17235091129197e-18,3.08995289683078e-07,1.3200131061624e-17,4.3209413402546e-17,-1.89378887428991e-17,3.80217757174117e-17,-1.40613497786031e-07,2.19521444211443e-17,9.44646002894196e-10,1.95621748317277e-17,-3.55609736373592e-16,-2.70422398281989e-17,-5.67756916276302e-17,7.85749731471568e-17,1.58236164723375e-17,6.75091982228337e-18,-1.63624960367799e-08,7.41284946889096e-17,1.23572019932256e-16,6.87613523889765e-09,-1.6386358498617e-16,-6.40610556920857e-17,1.17567756524201e-17,-5.04363106801789e-17,4.99177848402862e-17,-1.24099834602816e-16,-4.97833286386416e-08,-2.4249126267779e-16,-1.23329132293935e-16,1.48155206030094e-08,1.6861438433337e-17,2.00008170402069e-16,-3.3206952297393e-16,2.48681754047342e-17,-6.43367138144642e-17,-2.79833449086943e-16,-1.51900892869077e-16,-8.75075935557137e-18,1.50951787776594e-17,-7.32872180913211e-17,4.00963050751288e-17,-7.75646172709823e-09,2.57143992677978e-08,-1.03270668611104e-16,-1.3047591241941e-16,4.12615265503043e-18,3.69714826881685e-17,5.37547437118313e-16,-8.2106880336509e-17,-8.64192134559767e-17,-8.93307719030983e-17,-2.4478342003101e-08,-1.25129870228925e-16,5.93573250703717e-18,1.194824652407e-18,1.59510202760398e-16,2.84660606049265e-09,-1.32525589122593e-17,-4.50865848745043e-10,-3.60602066331732e-17,1.13194529910387e-16,-9.66611308776752e-17,-7.26271087518468e-18,-1.12193144464449e-16,-1.51982194868112e-17,-1.80030826471025e-16,-1.68197568656304e-16,-1.29032988321834e-16,-1.23274011579241e-17,-1.20209588395434e-16,2.46993939271635e-17,3.66548654699252e-17,1.55369273330308e-17,1.67244666871837e-16,1.19036579281669e-16,5.69142303596911e-17,5.4782296825086e-17,-6.76983503176167e-17,-2.80858419351971e-16,-7.79541362017078e-17,-3.22318211815014e-17,-1.61262639803216e-17,9.78344531260161e-17,-2.15305477493432e-17,9.53476806139502e-09,6.66266045612178e-17,7.32377909553234e-17,-9.81817130517135e-17,1.38894408763512e-17,-4.76380623530745e-16,-3.0614696258911e-17,-1.51441226855288e-16,-1.62312292236649e-16,-6.00334279314396e-18,-6.36217409281006e-17,-9.48676900924816e-17,1.93222140045019e-16,1.39711413683617e-16,1.55112520158502e-16,-1.14632615539584e-16,2.1237595799146e-16,2.77888152265096e-17,-1.2232298985278e-07,1.7415827686184e-17,1.28485954081897e-17,-5.7984002107557e-17,1.82982442655892e-17,2.79744674530179e-17,-7.09322084025318e-17,3.57307483214214e-17,-7.38134020075389e-17,1.41156702947791e-16,6.3676328055052e-09,1.6635159857975e-16,-1.06822479772669e-16,-1.20690663908152e-16,1.55914425111207e-16,1.06740520261876e-16,-1.13744490837767e-17,-3.19861765868054e-17,3.9580931564639e-17,1.29864426528743e-17,-2.59881499291696e-17,-4.89879107063203e-17,-4.1896623198286e-17,5.03759253755641e-17,1.29919609741799e-07,-8.44313145751016e-17,-1.29164385753309e-17,-1.76391257379964e-16,-1.39428399381636e-16,-8.77225842334687e-09,1.15893850870256e-17,1.05081606602503e-17,-4.78245999735635e-17,1.16221378381692e-17,-1.43606179921464e-16,-1.15752920509324e-16,2.43836184142871e-16,-1.82812707898066e-17,-7.83872367901116e-17,-2.31355279406837e-17,-7.2476439940593e-17,-2.07450892544698e-17,-6.3515512738954e-17,-6.04824226840746e-18,1.5073455091935e-16,4.8473781496273e-16,-1.40048345023956e-16
"t85",0.0329479911577832,-0.00819022016823009,-0.00881625354677291,0.000399955179062805,0.00200737368505085,0.00385452372296331,0.000860191022478843,7.71616644438979e-06,-0.03622329461356,0.141868471914201,-0.0258953540595258,0.00338863856386435,-0.00664276745569506,-0.0013987797301019,-0.0374684528762395,0.000849183798269838,0.00054146995681546,-6.36816380984848e-05,-0.0280215537235051,0.00390233156755579,-3.38203885415911e-05,4.6289739387009e-05,-0.00636173589462051,-1.95251829385266e-05,-1.3702365867741e-05,0.0010948049582921,-0.00560238585336191,5.62136824867534e-05,-0.000895629522366686,0.00747628419923082,0.00103919543619985,-0.0529677672126258,0.000872098771584037,-0.0140701476118761,0.000859509065214375,-0.000180023255400723,-8.79710681789297e-06,2.10818188320575e-05,0.00119103727696096,0.000398956717828313,0.000371760972420106,-0.00987670299895739,0.000876713424102405,-0.118373721395751,-0.000289863647791112,1.32333598992537e-05,-1.96779451962723e-06,2.68442012676962e-05,-0.00123188509440981,0.00166474718477622,-9.04166205267185e-06,6.93847913020613e-06,-7.33549495815118e-07,1.81663828754952e-06,-1.65353498930603e-05,2.76643309527573e-05,7.46694445703871e-05,-0.00103497213318406,0.0138933681019804,2.62503506108985e-06,1.3082308062598e-06,-5.32590861276299e-05,2.60139163451265e-05,-1.85130172100769e-05,4.97476844173436e-05,-1.93694180961259e-06,1.99658364453545e-06,-8.37391225043326e-06,1.27921508725478e-06,-1.78307519945171e-07,-1.97150366673255e-07,8.54995360266217e-07,-3.10756390323061e-06,-2.21637106872985e-06,9.41939929436551e-07,3.51253583363463e-07,-8.59715919865952e-06,1.35426802077699e-06,-0.000198876061995542,-6.67242839056752e-05,4.48176809735738e-06,0.00035662929479258,-0.000266204827028947,-2.35757339472621e-05,0.000163211171684683,0.000161187503375006,-5.75748591558027e-05,-0.0005377304918651,-2.74804395154989e-06,0.000136000340214867,-0.118234474408224,-7.00436855200631e-08,-4.36736286823451e-05,2.20632429219846e-05,8.82679129112012e-06,2.33250074584037e-06,2.72891486024613e-07,-1.13591552944693e-06,1.15766229960141e-05,8.05765945720585e-05,3.39784911766836e-06,-2.18482607801752e-08,4.43893377422889e-06,-6.29716655815702e-07,2.17278577283756e-07,-9.11547905678125e-09,3.35911371128765e-07,2.81238651148681e-10,-7.69777847151149e-07,1.23769415408866e-09,4.80700754004657e-08,1.69658501609231e-07,-5.51538901995509e-08,1.07245924428204e-07,-3.87566268774886e-06,1.53862221051075e-07,-8.16283642520905e-06,9.57369242971468e-06,-3.44998641087341e-06,1.26844486928976e-06,-7.36468179416587e-07,1.57248070207624e-06,-1.46449928734997e-05,-2.54494854964741e-05,1.17068200221646e-07,-2.59383898477408e-06,2.71752895190241e-07,-0.000536764935442172,5.44968198215887e-06,0.000189684995415433,1.40473208545465e-06,-5.18233469163303e-06,4.04336793467767e-07,6.98887417724738e-06,-1.11798427417767e-08,7.36736237928107e-06,-7.47099178323265e-06,-7.47152863388396e-07,2.74716651826735e-05,-2.29657926343424e-05,-1.96297659678692e-05,-1.70162662187225e-06,1.48824059421961e-05,9.24742063288924e-07,5.33263045016558e-09,-1.50891777115775e-06,-4.29910362723626e-07,9.63940481862053e-06,6.61566375436088e-07,-3.65914390377983e-07,-4.72593940106791e-07,-1.46913586764034e-05,-7.35300990309293e-07,0.00114685580213818,-8.90653060066915e-08,-1.43584473739701e-06,0.00111128284639108,2.42880456473133e-06,7.08048377978007e-05,0.222689698214243,-5.69201121172213e-06,7.23635570357288e-07,-1.53465382778228e-05,-4.47817079718168e-06,2.5077319276468e-06,-1.56925504162542e-06,0.000111786073174776,1.91965707319683e-06,9.5558407012102e-05,1.9729324115632e-06,-3.62741783538766e-06,-6.43520893311002e-07,8.47613553149676e-08,1.35960394292238e-05,6.28850202005735e-07,1.32296791211604e-06,5.89898468583905e-08,-3.71838906709021e-06,-0.0386699249948335,8.04012735046153e-05,-0.000158602686910236,-1.55455284956503e-05,2.5222684244612e-06,8.10291823849911e-09,2.04862719439345e-07,4.22869535076592e-08,0.000205457342404976,-2.12245344829719e-05,-9.27326051281648e-05,1.19343808410813e-06,8.66790612343638e-07,-4.18047039040628e-07,-5.63521795077706e-08,5.48971417473462e-11,9.85973947157860e-09,-1.95377497012564e-06,-3.46529289185257e-06,-7.45953788354863e-08,3.9272107060942e-06,0.098440617675001,-3.76415140593279e-05,-1.21590257283837e-05,5.17038130756445e-08,8.23898926736229e-08,4.96624925421965e-06,4.85070594329556e-07,-2.35697466210496e-06,-2.3774340347435e-07,8.31625594666519e-06,9.54944424340822e-10,9.37168366778986e-06,4.41045696455637e-08,-2.15460458610545e-08,-7.42908649092707e-07,-4.13183921283293e-10,-8.33429087429961e-09,3.92499051576714e-09,2.65712492564342e-09,-3.72318874896084e-07,-4.43797741996672e-07,-2.11260639752358e-07,2.9419467115876e-07,6.74685411322622e-08,3.0030144263784e-07,-1.07528426056465e-06,-6.44183467646786e-08,-6.1802362281639e-06,-5.28085606162158e-08,-8.37308749563306e-06,-0.00334526749689588,-8.84075456580159e-07,-1.30018809242216e-07,-0.00358055104479668,1.92092541979842e-06,-4.92461606644043e-09,-5.7781351112798e-12,-2.84482909599539e-09,1.26415288554002e-16,-2.10700699687197e-10,3.41759731972702e-09,-8.82944161846957e-10,-1.54707002986953e-09,-4.97365067509953e-09,5.29118377632059e-11,8.02957879771649e-09,-4.36554247891079e-09,3.88384181067416e-09,-3.54185946248174e-10,2.01248854516242e-09,-1.08441335149456e-06,7.89958868490001e-10,-9.0724884022543e-08,4.01057547480531e-07,-7.99020707158902e-10,6.28818263735328e-11,-3.44060235147044e-09,4.23814713156158e-09,-6.78985974381567e-08,-8.71061567820772e-07,1.80797332263949e-07,-9.35056158070119e-08,7.62042689294625e-07,-2.15819960921332e-06,1.38563553915718e-07,-6.74352482954166e-07,2.31154829976268e-07,-6.40001075488364e-09,-7.44381090281047e-05,-7.12668963832263e-07,-1.422929169571e-07,-1.3167060342606e-09,2.2328854708023e-07,-5.09860518893293e-08,9.75789350064434e-08,-1.59677627512769e-07,3.16914020883455e-07,-2.61282385538219e-07,2.00051725529819e-08,-4.24213542698143e-06,1.896739831813e-08,-3.18733347364849e-06,1.04646097362894e-16,8.44605776686071e-06,3.54685308223633e-07,9.36619712079823e-12,8.85240330864093e-08,-1.39119659136442e-07,8.89708402155556e-08,2.56564152840605e-08,-3.64360655327496e-09,1.64759197557836e-07,-6.25037697206696e-06,-1.0476254804182e-06,2.26087680178987e-08,-1.23190810160313e-05,1.83272139092149e-05,-1.25942340562829e-06,1.31740821298881e-05,-5.30685495384519e-07,-0.000840650215854087,-1.23743854771683e-08,-0.00447686835595539,8.46734242785997e-06,-4.09801566242505e-08,1.46591712328617e-05,-2.03341102601028e-06,7.7998138713238e-06,-9.86716218326679e-06,-3.98066620161567e-05,-5.20252761936066e-06,1.77891593891921e-06,1.53824040340182e-05,-2.38700315061486e-06,2.08276250128395e-05,-4.00652791071751e-05,-0.574117785402775,-0.00035865857505721,1.05940760127706e-15,1.99201578912772e-07,2.38121570252669e-06,-2.10289809826148e-07,5.03504286470818e-05,1.30032955917386e-07,1.2984146338271e-05,2.95522948895899e-05,-8.91155130629562e-06,3.7115846920382e-05,-9.90454327721774e-16,-0.000126078369757671,-2.41680760695053e-08,-4.61016032754773e-06,4.57932707790595e-07,1.06995906398489e-05,-4.0570452526461e-06,-0.023281477258868,0.223505293140133,1.98334369836413e-06,-0.00106835687780652,5.6841432445158e-08,3.9481949770758e-06,4.08057835461826e-09,3.21978817251819e-10,1.85626023738937e-06,-1.1154574959671e-08,2.36063029326391e-07,6.35389720094464e-16,-2.11880427993174e-07,1.92790828091368e-08,5.56349239922602e-10,8.58448163280635e-09,-0.000253862059318916,-2.29915599239781e-05,2.52871704669134e-07,-9.29059870959818e-07,-5.37118799749322e-07,1.27605372773454e-15,-4.25151350868378e-06,-3.54064656817328e-08,-5.56660559980008e-06,7.58585476869988e-16,2.57320313247643e-06,3.30404413942347e-07,-5.07363048303154e-08,-8.99440692937673e-06,-3.02494945449272e-06,-1.62648800145092e-06,-1.23854375257316e-06,1.67804386958501e-06,2.83915620904338e-07,1.60012579353907e-08,1.48165288059859e-05,1.15006827621688e-07,-1.29612400766482e-17,-5.25154574575265e-08,2.01913722973429e-06,1.00178988898565e-06,-0.00503055398422049,-4.31922208228194e-16,-8.70592323487929e-08,2.93946571395653e-08,-0.0292137876555086,3.74561690431672e-08,8.48975944562485e-07,2.90032843151553e-08,-6.7418609824738e-07,4.67100222792674e-06,-3.1008820241487e-16,1.83500154765711e-05,-8.79383645512781e-08,2.65253021524318e-07,0.000102148409019459,2.98282205797448e-08,-1.33366823670171e-08,2.77555756156289e-16,-2.36671980723468e-16,-1.67619705436111e-08,-4.61724380791076e-08,6.10100623131843e-09,-2.93916291541967e-06,2.47848923603442e-15,-1.40791697812417e-06,-1.66606482084836e-08,-1.23397525457742e-15,-5.52911302336552e-16,4.84576438080936e-16,3.54021410545264e-06,2.23145182743591e-07,-2.44193327064499e-07,7.41659540051813e-06,1.05304005543961e-06,1.94963982279911e-07,-8.45934383478669e-08,1.80583059243085e-16,-1.85420364824012e-08,5.21180249051405e-08,4.44794350122136e-16,-2.06940635695412e-16,-3.31730701567058e-08,-8.42420964650624e-10,-2.12313438740643e-08,0.000436738507080874,1.73685574443527e-08,-3.04887850066086e-07,4.11138026342478e-16,-2.49293763070167e-07,-2.40524316900487e-16,-3.56718082154747e-06,6.9448570158559e-16,-2.01284306911298e-08,4.45405921164151e-16,8.29441462088059e-08,2.18507404566856e-08,4.22162189802397e-07,1.33876619367101e-06,5.91263877130588e-08,-6.79028604996076e-09,4.30310226654364e-08,1.5408363419975e-08,3.35455712723651e-06,2.57460022856676e-07,1.49823999174316e-08,-4.21007638494134e-08,-3.33350053881602e-06,-2.69994787898497e-07,-2.00375847245342e-08,1.23559212347324e-15,1.8722130178396e-07,-3.22116109719047e-08,1.65702933904079e-08,4.34218805089748e-16,1.33837219535225e-07,8.74892910995214e-07,2.79855819564046e-07,-1.68344637678182e-15,-6.77875949592718e-08,-1.65927674310438e-06,0.70710678118655,-4.74730759242876e-08,1.0546387574607e-07,1.42409255775246e-14,-1.19885200044047e-15,-3.86846528556984e-09,-9.5411650826848e-07,-5.43318975392642e-09,-7.53372715238791e-06,4.83566713146102e-07,1.27459478068176e-08,5.66115286343396e-07,1.13626902586167e-07,-2.8472898837388e-06,-6.18320498968483e-16,5.26417975460822e-10,1.67385078160353e-08,4.62713574626906e-08,4.35784659049573e-06,-1.03330870411853e-15,-9.6044996254998e-16,0.000125631874747059,-8.48330963637979e-16,5.46002407910391e-16,1.46801547080814e-07,-2.18204385150785e-07,-4.0864400888923e-08,-1.11759826931046e-07,1.28014168054789e-06,3.45733806453625e-07,0.00431888236043987,1.78591869704339e-17,7.4124001470001e-07,3.47735314567585e-08,1.59737285362298e-07,-3.5124422184016e-08,1.39115806450962e-07,-1.34290721438022e-15,-4.43724235182347e-16,3.15145050846684e-16,-5.58668346847019e-07,-5.84534972487436e-09,-3.78919020833485e-07,3.44986805776299e-16,-4.47852917893367e-09,5.2708996287001e-16,-9.64104792515824e-16,7.30981567584865e-07,-1.83014744298339e-07,-3.11816544806831e-16,-1.50903901626199e-06,-2.03394595402148e-08,-1.4931172959432e-15,4.5944553647023e-08,2.30790992107896e-16,7.4200759265192e-07,-1.09401022969407e-15,7.39980725607015e-07,1.40016898126169e-07,5.0692923834222e-09,2.18238724964439e-07,1.49756547841883e-06,-1.63355580827659e-08,5.0072252542469e-07,2.31712274633002e-16,2.95492595497149e-07,-1.66754839840347e-08,-2.01053693629035e-16,-2.19638371254258e-09,-4.47406250858689e-08,1.03911189781579e-08,7.92836483445712e-16,3.32890665100193e-08,4.40184555884159e-08,-4.58733374307938e-16,-1.22101506404603e-06,-9.26654070221921e-07,-1.26440450629208e-09,4.69565384742196e-16,2.19172925299479e-16,2.25887042073477e-08,3.15324195241006e-07,2.55099518680113e-08,-9.03427496970159e-09,1.87851921895379e-07,6.91309847700257e-16,3.2113676435805e-16,6.87540454333485e-07,4.10148122569248e-07,1.08069535847168e-15,1.67574414103078e-06,3.39598932599591e-16,1.94340556612985e-08,-0.00280546222654374,-4.89338689104594e-08,-1.02506958833598e-06,-1.08462887465709e-16,-1.13903726851704e-17,-5.2275302097423e-16,-2.88144673531583e-17,-2.08211730738901e-09,-7.23003422216650e-09,8.39653792813183e-17,9.06303800391073e-17,-1.18915306432093e-16,1.02050391822392e-08,9.17849064850812e-11,-5.06175205580832e-09,-4.466791557336e-17,3.71962660325464e-16,-5.04641901183378e-16,-2.17524222457381e-07,6.65636818933166e-09,-8.99079814170001e-16,1.16792759329589e-09,-3.05518575129315e-08,6.75928624891195e-17,-3.65428106820626e-17,-9.58391575778737e-07,-2.161350594175e-10,-4.74656637284526e-07,1.66782857654937e-16,1.17643225192351e-08,1.89869034777077e-07,2.03859743144222e-07,-6.50006754366967e-05,-4.45641510133023e-08,7.29840183722681e-10,-9.52287003678129e-17,1.43883399741915e-16,1.48014483845663e-16,1.38901044272617e-08,-1.25761246921666e-08,-2.14762165497702e-07,-3.72557952080652e-09,2.73860165785575e-16,-1.68464623789499e-16,-7.21058350119341e-16,-3.39679725446794e-18,-8.4187069074124e-17,1.77639607577409e-08,2.47138054323458e-16,2.15880543333496e-16,-1.30113285345466e-07,-1.41771713499866e-16,-1.16469706054916e-07,1.1029222348913e-17,-1.44388234876811e-07,9.25379632530568e-17,-1.74686589738649e-07,-2.18568111638708e-08,-4.40608336826943e-08,1.44117525118219e-16,7.0107918557128e-07,-1.27108250716826e-16,2.43141627027732e-07,-3.86329749896572e-08,2.13788874652053e-10,-2.1282058443893e-16,1.17679196280528e-06,-1.33079464730558e-16,-8.46548019033058e-08,-4.32132763495523e-08,-7.38621986210858e-17,-1.19885679724844e-16,1.03495172801358e-16,5.66905701842092e-17,-5.32778320374336e-05,-8.52789736804512e-08,-1.90394671505895e-08,-2.45771927257146e-16,1.83205309623805e-17,-4.45398060231804e-09,3.63310607032902e-08,-2.13428619042803e-16,3.07091535038565e-16,-7.2350490408212e-08,1.0639162853629e-16,-6.13510005188865e-07,4.98163469789022e-16,1.28303888268737e-07,-6.18540121668165e-17,-2.35725363152252e-16,-2.11538002396119e-17,3.63582702736133e-17,1.43931371450117e-16,3.56365007881492e-16,2.46288594082201e-09,-1.72242455565224e-08,6.95465193153713e-17,-1.14309108289547e-08,4.80179068715713e-07,4.23387757819577e-16,-3.395007474217e-16,9.6991036323527e-16,9.25928123052414e-18,1.93059613069304e-07,3.08686962921164e-08,1.3717528099403e-16,-4.99922863934112e-17,-8.58835570263512e-08,-2.77403835337418e-08,-4.199488618186e-10,1.81832390483862e-16,-1.28823607168695e-16,-3.37225600590137e-17,5.05576572850103e-16,3.43705277669432e-17,2.4686013296579e-16,7.37334928350639e-07,-5.82684352345891e-07,-1.34062311841384e-07,9.80376203843377e-17,-1.60936613446981e-16,-2.27771389438797e-16,-1.36137066855546e-16,5.91424169696454e-17,-2.2157406072974e-16,-1.92792676388074e-16,3.28141921976429e-18,1.15474195475381e-16,-2.34098033734503e-16,-3.97820312452838e-17,1.21021792741444e-17,-9.53942753305274e-17,1.26934052411493e-16,1.62995734589077e-09,-8.22306927802234e-18,-2.15933050586238e-16,-2.16883613373418e-17,2.30654488901094e-08,-1.24961862156686e-08,-1.63661231492219e-17,-5.95217481123799e-10,2.1068740272636e-08,-1.8569629238265e-18,6.98990719921578e-16,-4.06067788956122e-08,4.41790615805165e-16,5.18193193700903e-10,4.15558912988316e-17,-2.79333852929151e-17,-1.11354975222535e-16,1.80406163339301e-18,2.27644814438731e-08,-6.95594327421113e-08,-9.95548883904428e-17,-9.12202571577251e-17,1.61210262984762e-16,-1.76694897436193e-16,-2.66713734431434e-17,-5.41774887090547e-17,2.215157952743e-17,3.51551006917655e-17,8.34238942261218e-10,-1.86364000755478e-17,-1.65722274395517e-16,2.55772365692808e-16,-1.74764789461501e-17,3.31007050965173e-16,3.92842254996079e-17,-1.81244217126369e-07,1.47193985618544e-17,-2.57547935099066e-17,1.2259128112138e-08,3.5325473550172e-16,7.49446595652141e-17,1.86098810118778e-16,-9.77065595490637e-17,1.02091444251658e-08,1.78612812304484e-16,-3.37869460466057e-07,3.27139437297254e-16,-8.37868583384756e-18,-6.19600249265462e-17,1.43673728513274e-17,-1.14224402660836e-16,4.07817617241356e-16,0.000748812342860996,-2.9591268184856e-16,-2.42208418907442e-17,1.55210577020213e-09,-5.7226193042385e-06,-5.70420159189959e-17,2.6135621882841e-07,1.5579560950559e-07,4.60639636110827e-16,-1.83872274408203e-16,2.77887789646081e-16,3.96892774551457e-17,4.22181726313537e-16,-2.61149555098093e-07,7.51096156167415e-17,-8.67319863234145e-17,-1.75188665828344e-16,1.04487078649736e-07,-1.19979286323296e-16,-5.07496344717345e-17,-4.67042282238482e-18,5.11059781804983e-18,-4.75660656056228e-08,1.19507434082411e-16,3.19586555517877e-10,-4.78930075576365e-17,5.17674177233804e-16,-6.10472068371062e-17,6.89192135397317e-17,-2.23298569409046e-16,-5.87918435162079e-16,4.37073683694967e-17,-5.53895908470186e-09,-1.34683458379243e-16,-6.58129463491842e-16,2.32802367152262e-09,1.31967126351708e-16,-2.43481467003257e-16,4.68907971160891e-18,-6.88357880986087e-17,4.53265857991204e-17,-8.68023587909891e-17,-1.68627985966787e-08,-4.82398070281949e-17,-6.0142521501019e-17,5.01942275316111e-09,8.24870532406912e-17,1.52189234454428e-16,1.08785323233391e-16,2.99515266841317e-16,-1.23540073920461e-16,2.22118677344877e-16,8.70652121531386e-17,-9.90978816076732e-17,1.07428595356319e-16,-6.74434935581029e-18,-3.88870417624388e-17,-2.62989846754343e-09,8.71952052546402e-09,1.8981215736872e-16,-1.10651906748944e-16,-2.09377631449315e-17,2.35601848388432e-16,4.03106367730111e-16,2.07695639270832e-16,2.94199796190594e-17,5.18007645144262e-17,-8.30448353899042e-09,-6.88908835627619e-17,7.32385824078669e-17,-4.57941675111388e-17,3.94995002830626e-17,9.66143179402637e-10,6.76197450810573e-17,-1.53098257838821e-10,-1.79201055971481e-17,-8.41404679994981e-17,7.08810793635395e-17,2.15145192013745e-16,1.39252066578261e-16,-1.17358903967286e-16,4.23609286488423e-17,1.1900106260004e-16,-2.33238349175608e-16,-3.59094727190534e-17,8.1382929342968e-17,-7.0358874472495e-17,-8.64295409015923e-17,-1.28459553531674e-17,-2.38421974616364e-16,-4.47472838424087e-17,8.55443896376155e-18,-1.00256981599322e-16,-1.58294408107762e-16,2.40765883712544e-16,1.67075554780016e-16,1.49280213315397e-16,-5.78186700370285e-17,1.13352777257797e-16,2.1833128208759e-16,3.24349067336899e-09,-1.06490723810063e-16,5.80417956609395e-17,-1.51256831363798e-17,1.17050746978316e-16,-1.45742886226503e-16,-4.62166517045692e-17,1.13398044555865e-17,1.67795100036006e-16,-3.96846328001704e-16,2.70805629336728e-17,6.657001339061e-17,-1.59808657907247e-16,-3.56278428598328e-17,-8.55023439898403e-17,3.78849506925668e-16,-1.59081559811061e-16,4.22246859571623e-17,-4.16628509894247e-08,5.13370631156497e-17,4.09855839636831e-17,1.88488706418552e-17,3.1443569235168e-17,-4.43162670685513e-16,-4.91085064472983e-17,-5.16994600538861e-17,2.68688260800067e-16,3.92825064261811e-17,2.17161855401308e-09,4.33407367601084e-16,-2.43779234728205e-17,-1.20454484818211e-17,9.34125426973558e-19,8.46669843219971e-17,-9.14234708420835e-17,4.88605768479604e-17,8.59264752716015e-17,3.10580882220757e-18,-1.23513980948339e-16,1.45647650934e-17,-1.20472662417945e-16,1.758245449831e-16,4.43666531958489e-08,-3.02837912820744e-17,-3.93530476970652e-18,-3.02941572728869e-16,-9.12898229232795e-17,-2.99754073384915e-09,1.1448289725169e-16,-1.57804665500875e-16,3.3063074406601e-17,-2.39757173041185e-16,-8.59841117783067e-17,-1.35131672127974e-16,1.1038424801043e-16,-9.0853988068623e-17,-4.84798652387928e-17,1.1629554797627e-16,3.45993919786941e-17,9.2210548078999e-17,-3.99326307601207e-17,7.73634969607774e-17,-7.35161861025669e-17,-1.20731855778766e-16,-2.23050244383804e-16
"t96",0.0329479911577832,-0.00819022016823008,-0.00881625354677291,0.000399955179062804,0.00200737368505085,0.00385452372296331,0.000860191022478846,7.71616644438714e-06,-0.03622329461356,0.141868471914201,-0.0258953540595258,0.00338863856386437,-0.00664276745569504,-0.00139877973010191,-0.0374684528762395,0.000849183798269843,0.000541469956815476,-6.36816380984941e-05,-0.0280215537235051,0.0039023315675558,-3.38203885415855e-05,4.6289739387024e-05,-0.00636173589462051,-1.95251829385422e-05,-1.37023658677612e-05,0.00109480495829211,-0.00560238585336189,5.62136824867652e-05,-0.000895629522366656,0.00747628419923079,0.00103919543619985,-0.0529677672126258,0.000872098771584077,-0.0140701476118761,0.000859509065214378,-0.000180023255400712,-8.79710681789194e-06,2.10818188320592e-05,0.00119103727696095,0.000398956717828298,0.000371760972420112,-0.0098767029989574,0.000876713424102435,-0.118373721395751,-0.000289863647791099,1.32333598992666e-05,-1.96779451958073e-06,2.6844201267693e-05,-0.00123188509440981,0.00166474718477623,-9.04166205266952e-06,6.93847913021391e-06,-7.33549495817624e-07,1.81663828754865e-06,-1.65353498930604e-05,2.76643309527713e-05,7.46694445704029e-05,-0.00103497213318408,0.0138933681019804,2.62503506107085e-06,1.30823080626524e-06,-5.32590861276593e-05,2.60139163451675e-05,-1.85130172100166e-05,4.97476844173131e-05,-1.93694180961526e-06,1.99658364453203e-06,-8.37391225044493e-06,1.27921508725292e-06,-1.78307519978653e-07,-1.97150366670771e-07,8.54995360208971e-07,-3.10756390323927e-06,-2.21637106869838e-06,9.41939929429201e-07,3.51253583384186e-07,-8.59715919865345e-06,1.35426802077309e-06,-0.000198876061995531,-6.67242839056617e-05,4.48176809734846e-06,0.000356629294792551,-0.000266204827028955,-2.35757339472744e-05,0.000163211171684671,0.000161187503374994,-5.75748591557995e-05,-0.000537730491865095,-2.74804395153737e-06,0.000136000340214795,-0.118234474408224,-7.00436854489395e-08,-4.36736286824125e-05,2.206324292192e-05,8.82679129112229e-06,2.33250074579681e-06,2.72891485997397e-07,-1.13591552943202e-06,1.15766229960079e-05,8.0576594572075e-05,3.3978491176574e-06,-2.18482607892789e-08,4.43893377421485e-06,-6.29716655819795e-07,2.17278577263984e-07,-9.11547901063871e-09,3.35911371113458e-07,2.81238644608528e-10,-7.69777847154595e-07,1.23769410399852e-09,4.80700754236424e-08,1.69658501585415e-07,-5.51538902007876e-08,1.07245924396982e-07,-3.87566268771559e-06,1.53862221076181e-07,-8.16283642522921e-06,9.57369242971494e-06,-3.44998641084283e-06,1.2684448693005e-06,-7.36468179358523e-07,1.57248070206511e-06,-1.46449928734905e-05,-2.54494854964827e-05,1.17068200178848e-07,-2.59383898479408e-06,2.71752895204119e-07,-0.000536764935442223,5.44968198212598e-06,0.000189684995415421,1.4047320854531e-06,-5.18233469165005e-06,4.04336793436645e-07,6.9888741772384e-06,-1.11798426945932e-08,7.36736237926493e-06,-7.47099178322109e-06,-7.47152863389359e-07,2.74716651826548e-05,-2.29657926343427e-05,-1.96297659678284e-05,-1.70162662184426e-06,1.48824059422707e-05,9.24742063248829e-07,5.33263042778697e-09,-1.50891777115258e-06,-4.29910362758751e-07,9.63940481863034e-06,6.61566375475105e-07,-3.65914390368369e-07,-4.72593940322981e-07,-1.46913586763753e-05,-7.35300990380312e-07,0.00114685580213819,-8.90653059812393e-08,-1.4358447374161e-06,0.00111128284639109,2.42880456469282e-06,7.0804837797846e-05,0.222689698214243,-5.69201121177689e-06,7.23635570340605e-07,-1.5346538277795e-05,-4.47817079714989e-06,2.50773192752291e-06,-1.56925504162127e-06,0.000111786073174782,1.91965707322752e-06,9.55584070120454e-05,1.97293241155574e-06,-3.6274178354218e-06,-6.4352089326797e-07,8.47613553803518e-08,1.35960394292615e-05,6.28850201984409e-07,1.32296791208666e-06,5.89898468001253e-08,-3.71838906714316e-06,-0.0386699249948336,8.04012735046266e-05,-0.00015860268691015,-1.55455284955938e-05,2.52226842449047e-06,8.10291817040682e-09,2.048627194684e-07,4.22869535135459e-08,0.000205457342404959,-2.12245344829e-05,-9.27326051281819e-05,1.19343808417819e-06,8.66790612425653e-07,-4.18047039133442e-07,-5.635217951074e-08,5.48970848369193e-11,9.85973945720846e-09,-1.95377497006317e-06,-3.46529289186873e-06,-7.45953787870495e-08,3.92721070607604e-06,0.0984406176750012,-3.7641514059262e-05,-1.21590257285147e-05,5.17038130654057e-08,8.23898927371893e-08,4.96624925419613e-06,4.85070594364657e-07,-2.35697466216261e-06,-2.37743403320827e-07,8.31625594663688e-06,9.54944400371099e-10,9.37168366787928e-06,4.41045695920329e-08,-2.15460459322324e-08,-7.42908648962105e-07,-4.13183901334318e-10,-8.33429086080836e-09,3.92499062086456e-09,2.6571249230127e-09,-3.72318874913522e-07,-4.43797742061009e-07,-2.11260639777789e-07,2.94194671191223e-07,6.7468541065481e-08,3.00301442690853e-07,-1.0752842605026e-06,-6.44183468591845e-08,-6.18023622811031e-06,-5.28085606268508e-08,-8.37308749578426e-06,-0.00334526749689549,-8.84075456609702e-07,-1.30018809205568e-07,-0.00358055104479568,1.92092541963926e-06,-4.92461613023782e-09,-5.77806175695602e-12,-2.84482916885929e-09,4.8376597427066e-17,-2.10700866387304e-10,3.41759703349764e-09,-8.82944240297084e-10,-1.54707008439304e-09,-4.97365075084e-09,5.29121743745227e-11,8.02957881755564e-09,-4.36554273610388e-09,3.88384168806862e-09,-3.54185668991828e-10,2.01248860997079e-09,-1.08441335150876e-06,7.89958767019093e-10,-9.07248840666488e-08,4.01057547462886e-07,-7.99020635354595e-10,6.28818694163591e-11,-3.44060226828679e-09,4.23814711417869e-09,-6.78985975355168e-08,-8.71061567921594e-07,1.80797332205671e-07,-9.3505615689326e-08,7.6204268950815e-07,-2.15819960922019e-06,1.38563553777821e-07,-6.74352482862907e-07,2.31154830060393e-07,-6.40001065575448e-09,-7.44381090280797e-05,-7.12668963768311e-07,-1.42292916967871e-07,-1.31670608238561e-09,2.23288547299456e-07,-5.09860519562176e-08,9.75789350616293e-08,-1.59677627520834e-07,3.16914021008482e-07,-2.61282385674548e-07,2.00051727932686e-08,-4.24213542684967e-06,1.8967398174323e-08,-3.1873334736166e-06,-1.54265366356365e-16,8.44605776675894e-06,3.54685308026508e-07,9.36614821439736e-12,8.85240329334826e-08,-1.39119659255891e-07,8.89708405629281e-08,2.56564153027711e-08,-3.64360650147904e-09,1.64759197446071e-07,-6.25037697200361e-06,-1.04762548045779e-06,2.2608767852519e-08,-1.23190810161499e-05,1.83272139095834e-05,-1.25942340536897e-06,1.31740821298173e-05,-5.30685495485133e-07,-0.000840650215853984,-1.23743859422878e-08,-0.00447686835595556,8.46734242781948e-06,-4.09801566657641e-08,1.46591712329662e-05,-2.03341102610466e-06,7.79981387155234e-06,-9.86716218352679e-06,-3.98066620165695e-05,-5.2025276190779e-06,1.77891593886897e-06,1.53824040334833e-05,-2.38700315052334e-06,2.08276250125568e-05,-4.00652791073637e-05,-0.574117785402779,-0.000358658575056992,1.01739412752126e-15,1.99201578830192e-07,2.38121570259373e-06,-2.10289809385094e-07,5.03504286466542e-05,1.30032956129337e-07,1.2984146338622e-05,2.95522948893006e-05,-8.91155130622433e-06,3.71158469203345e-05,-1.38694704421008e-15,-0.000126078369757319,-2.41680763014717e-08,-4.61016032783381e-06,4.57932707869956e-07,1.06995906400668e-05,-4.05704525273104e-06,-0.0232814772588678,0.223505293140134,1.98334369862935e-06,-0.00106835687780662,5.68414321247271e-08,3.94819497712127e-06,4.08057811834796e-09,3.21979196072058e-10,1.85626023705061e-06,-1.11545750384084e-08,2.36063029355474e-07,1.34403608698045e-15,-2.11880427368193e-07,1.92790827271711e-08,5.56349097225106e-10,8.58448180019237e-09,-0.000253862059318634,-2.29915599240559e-05,2.52871704571476e-07,-9.29059870835016e-07,-5.37118799773667e-07,-6.04851057692951e-16,-4.25151350828339e-06,-3.54064655392761e-08,-5.56660560076269e-06,2.25179745759092e-16,2.5732031327931e-06,3.30404414162566e-07,-5.07363050267726e-08,-8.99440692915862e-06,-3.02494945600092e-06,-1.62648800015966e-06,-1.23854375250843e-06,1.67804386907866e-06,2.83915620856955e-07,1.60012581080607e-08,1.48165288060581e-05,1.15006831512358e-07,5.07849381087117e-17,-5.25154570036596e-08,2.01913722934387e-06,1.00178988965606e-06,-0.00503055398422161,1.64711585855097e-16,-8.70592318560344e-08,2.93946569130754e-08,-0.0292137876555086,3.74561699155061e-08,8.48975944558549e-07,2.9003283447151e-08,-6.741860982057e-07,4.67100222754897e-06,-2.25931751828528e-16,1.83500154769819e-05,-8.79383646430016e-08,2.65253021556633e-07,0.000102148409019734,2.98282210221519e-08,-1.33366827937579e-08,2.08166817117217e-17,-2.86897734082116e-17,-1.67619699747904e-08,-4.61724368366797e-08,6.10100587324679e-09,-2.93916291377478e-06,1.52599536889269e-15,-1.40791697892684e-06,-1.66606485599825e-08,9.78325673816198e-16,5.48507472851457e-16,-5.11530727033541e-16,3.54021410535048e-06,2.23145183260072e-07,-2.4419332604574e-07,7.416595401049e-06,1.0530400552469e-06,1.94963982939379e-07,-8.45934385217173e-08,-5.22180886251083e-16,-1.85420379340597e-08,5.21180232022613e-08,1.43119301961458e-17,3.57306663726002e-16,-3.3173071374725e-08,-8.42419571514548e-10,-2.12313418016819e-08,0.000436738507082739,1.73685547049312e-08,-3.04887847180107e-07,-1.50123642251905e-15,-2.49293760842113e-07,4.46155657633577e-16,-3.56718081568614e-06,-1.82259806205676e-15,-2.01284301658902e-08,-1.80313204512251e-16,8.29441470194364e-08,2.18507385535898e-08,4.22162191617898e-07,1.33876619506467e-06,5.91263865266743e-08,-6.79028253215669e-09,4.30310204559328e-08,1.54083670832695e-08,3.35455712478201e-06,2.57460020174864e-07,1.49823982350076e-08,-4.21007649943607e-08,-3.33350052878424e-06,-2.69994787074742e-07,-2.00375781234794e-08,-1.37691980825769e-15,1.87221303629911e-07,-3.22116042711925e-08,1.65702719701988e-08,7.67962091821315e-18,1.33837204919505e-07,8.74892906711033e-07,2.79855819020989e-07,1.36385329387767e-15,-6.77875957747025e-08,-1.65927675947362e-06,-0.707106781186546,-4.74730605374868e-08,1.05463886408015e-07,-1.44000903734996e-14,9.36584900205947e-16,-3.86846858199637e-09,-9.54116512851696e-07,-5.43320415562935e-09,-7.53372714918438e-06,4.83566715353453e-07,1.27459446204063e-08,5.66115293207384e-07,1.13626908282309e-07,-2.84728988095137e-06,-3.10515502199848e-16,5.26412065111548e-10,1.67385157293724e-08,4.62713588962138e-08,4.35784659154858e-06,6.22555217687769e-16,9.20574612536326e-16,0.000125631874748681,8.67771883962252e-16,-8.65763016025972e-16,1.46801548901543e-07,-2.18204383562902e-07,-4.086439889682e-08,-1.11759832882349e-07,1.28014168179569e-06,3.45733806552988e-07,0.00431888236044927,-2.9823965812925e-16,7.41240014266713e-07,3.47735291879875e-08,1.59737284827125e-07,-3.51244215201266e-08,1.39115808008431e-07,1.44406702720528e-15,3.81937360630026e-16,-2.99475615673314e-16,-5.58668346279319e-07,-5.84534826824658e-09,-3.78919020871351e-07,-2.90950819858215e-16,-4.47852888805974e-09,-6.91807918283463e-16,9.77003460808277e-16,7.30981567987778e-07,-1.83014744186853e-07,6.35342473076506e-16,-1.5090390131927e-06,-2.0339460219606e-08,8.04338977168272e-16,4.59445544518683e-08,-6.59115955983165e-17,7.4200759611269e-07,8.57771319317019e-16,7.39980728184018e-07,1.40016897639196e-07,5.06929357015722e-09,2.18238723943294e-07,1.49756547718628e-06,-1.63355623339768e-08,5.00722526899916e-07,-1.80969823830486e-16,2.95492595958319e-07,-1.66754836528426e-08,3.17409494677424e-16,-2.19638426452986e-09,-4.47406252917244e-08,1.03911190192614e-08,5.72079616638419e-17,3.32890665551967e-08,4.40184541444191e-08,5.15567009452377e-16,-1.22101506542757e-06,-9.2665407101393e-07,-1.26440376806239e-09,-2.10867748563304e-16,-5.1665887931399e-16,2.2588703613928e-08,3.15324195466382e-07,2.55099537493864e-08,-9.03427536517485e-09,1.87851922885326e-07,-5.82375278418425e-16,-1.75339754616961e-16,6.87540454226039e-07,4.10148124013674e-07,-9.41988727590377e-16,1.67574414143068e-06,-3.15484805709692e-16,1.94340556700957e-08,-0.00280546222654732,-4.89338702314259e-08,-1.02506958882211e-06,2.26083787431128e-16,1.44805837226663e-17,3.62184111727941e-16,2.3197524302754e-16,-2.08211720512949e-09,-7.23003403152301e-09,-1.94782922094977e-16,-3.58865653015042e-16,-1.23351258522016e-16,1.02050395463328e-08,9.17849237970768e-11,-5.06175231229149e-09,6.6860360879085e-18,-6.83372629317613e-16,-1.29198951884235e-15,-2.17524222354309e-07,6.65636891010983e-09,8.00827505942433e-16,1.16792679197809e-09,-3.05518570341955e-08,6.35009860898947e-17,1.39725957911199e-16,-9.58391574732569e-07,-2.16135428188881e-10,-4.74656636982266e-07,1.01621301252583e-16,1.17643225641377e-08,1.89869035575544e-07,2.03859742727579e-07,-6.50006754353611e-05,-4.45641513996037e-08,7.29839573602115e-10,2.03197966453238e-16,-1.10890522273355e-16,-3.2372164096077e-16,1.38901051990133e-08,-1.25761239204282e-08,-2.1476216441223e-07,-3.72557983370213e-09,-3.93503018050784e-16,1.55058360175536e-16,5.69935114975121e-16,1.60313066257291e-16,-8.51221916242081e-17,1.77639603680191e-08,-2.72181491995077e-16,-1.61811908494536e-16,-1.30113285194622e-07,-7.63032779687474e-18,-1.16469705799473e-07,-1.05770099349448e-17,-1.44388235041814e-07,-2.16832640129142e-16,-1.74686588560394e-07,-2.18568108304065e-08,-4.40608335028426e-08,-3.91800756768754e-17,7.01079185325396e-07,8.30874553631601e-17,2.43141626873721e-07,-3.86329750362542e-08,2.1378935181005e-10,7.7762570846923e-17,1.17679196272957e-06,5.95073800425056e-17,-8.46548015807494e-08,-4.32132767898413e-08,1.41629546782375e-16,1.31069036611128e-16,-5.26571276919792e-17,-8.61840989018126e-17,-5.32778320399297e-05,-8.52789721638492e-08,-1.90394666958742e-08,2.29355480806663e-16,-1.58500102280341e-17,-4.4539810125146e-09,3.63310606031099e-08,4.16465727572299e-16,-4.5579832065097e-16,-7.23504908989898e-08,-1.2845742572379e-16,-6.13510005031648e-07,-2.50522390339565e-16,1.28303888507464e-07,2.43485137457829e-17,-6.50361215448253e-18,-2.75451329267246e-17,3.83215238078296e-18,-1.07563348624429e-16,-1.58211530982009e-16,2.4628860306461e-09,-1.72242459677457e-08,-8.32278076007564e-17,-1.14309103542922e-08,4.80179068843274e-07,-3.34372662276457e-16,3.03586604315517e-16,1.51680609005773e-16,-4.45281800868432e-17,1.93059613709687e-07,3.08686961342056e-08,-2.0564932697249e-16,7.82875256123212e-17,-8.58835574586958e-08,-2.77403836314376e-08,-4.1994861700194e-10,-1.79848783184551e-16,5.08217910532104e-17,4.05807504875065e-17,-5.21627396641597e-16,-4.80897655844941e-18,-2.43443415197255e-16,7.37334928513933e-07,-5.82684352366589e-07,-1.34062311552925e-07,-1.03917328731685e-16,-1.08006606261813e-16,1.59134694207897e-16,1.06249521991601e-16,-1.29720497229969e-16,-1.95011112292151e-16,7.61593515030027e-17,-2.91933891879987e-17,-5.90676252403677e-18,1.7802613491469e-16,2.00018516509921e-16,-1.71170048859957e-17,8.90128690600387e-17,-1.9400408615953e-17,1.62995738660691e-09,-8.11394585602009e-17,-1.34401046874747e-16,3.79493878213074e-17,2.30654490211424e-08,-1.24961858929503e-08,3.15742250310196e-17,-5.95217600599093e-10,2.10687404646235e-08,-7.27581911362143e-17,2.50591965181181e-16,-4.0606778934812e-08,-3.88208449836613e-16,5.18193234503161e-10,1.33604030161121e-16,6.08772169819109e-17,1.02296117383021e-16,-1.77569916777117e-16,2.27644816643128e-08,-6.95594326525747e-08,6.41909571655622e-18,3.41673680118747e-16,-1.04926151297428e-16,3.17071830672549e-17,-1.24357989184087e-16,9.51340983394405e-18,-1.18380918152735e-17,-8.88127725815935e-17,8.342392104053e-10,1.73244807476952e-18,1.22332687014127e-16,-2.53443660791633e-16,6.17121012843205e-18,-1.43871664305022e-16,5.94680677206089e-17,-1.8124421705189e-07,-4.04042651405956e-17,-7.22571634778396e-16,1.22591280014431e-08,-2.23654734487851e-16,-1.00656073831817e-16,-2.0674532040203e-16,2.1444461673671e-17,1.02091443776043e-08,-1.70211457439765e-16,-3.37869460370097e-07,-9.13885005180781e-17,-4.05715184232917e-18,-1.91816948727414e-16,-1.90246988085105e-16,1.40847229003101e-16,-5.39440851047346e-17,0.000748812342858998,-9.83712693491257e-17,3.89474817485343e-17,1.55210565636427e-09,-5.72261930476524e-06,2.26689083325605e-17,2.61356218567865e-07,1.55795610031735e-07,2.25241016546994e-16,1.77682043125993e-16,4.92565819662258e-17,-6.97889362701428e-17,-3.36328936072214e-16,-2.61149554967002e-07,-1.33002824668901e-16,-1.12023993081734e-16,6.07364320857884e-17,1.04487078739077e-07,-2.30161345405e-17,8.32528829554448e-17,-3.81922782557497e-17,-8.24957900589479e-17,-4.75660657850431e-08,-5.3460957795823e-17,3.19586432541155e-10,4.19209015219373e-17,1.93280887369008e-16,8.79276249072262e-17,-9.16882776025873e-17,1.90892630684342e-16,2.44430556432048e-16,-1.5533500892705e-17,-5.53895884145093e-09,8.06648351706506e-17,4.65377476551021e-16,2.32802386482072e-09,-9.8749470594985e-17,2.30405230970512e-16,-7.04515940810528e-17,1.15299113561193e-16,-3.47672279753061e-17,1.97238390577381e-16,-1.68627987759497e-08,9.76796954378316e-17,1.26076133638322e-17,5.01942235764125e-09,8.5902285346495e-17,-2.4343182416813e-16,-2.12945821603721e-16,-1.55199438157039e-16,-7.22769147560451e-17,-1.48569857639975e-16,-8.58347182620149e-17,2.94335835950141e-17,-8.06811583806728e-17,1.71097441247848e-17,-2.05672867215532e-17,-2.6298982189351e-09,8.71951989193431e-09,-9.58283060827287e-17,1.40098032566696e-16,8.5217250335482e-17,-5.0864743993845e-17,1.93638508005911e-16,-1.91995356743367e-16,-1.47466185177546e-16,-9.05018663892868e-17,-8.30448347301425e-09,1.58844673486024e-16,-1.66581274585191e-18,-3.04237164284256e-17,-8.99100599008493e-17,9.66143108506168e-10,-4.59386277332195e-17,-1.5309790697695e-10,6.06331864626504e-17,4.33107496898867e-17,-6.6481235070352e-17,-2.67861955042093e-16,-1.67841274187549e-16,8.33132786809794e-17,4.8259443135763e-17,-3.66299416664633e-16,2.17969919515371e-16,-1.99581477837638e-17,7.7379725412156e-18,7.17154839275455e-17,-2.79902349369174e-16,1.78451389634503e-17,1.48268541415826e-16,4.88704438212411e-17,2.51221780430869e-17,1.14764147382328e-18,5.33636672205549e-17,-1.52595447445791e-16,2.17599376017841e-16,-1.22347365666742e-16,3.04403535498261e-18,-1.17832790924193e-17,-1.33007900232123e-16,3.24349055384315e-09,-1.52667510075757e-17,1.14016204862754e-17,9.64739641340526e-17,-6.27424113861526e-17,3.58344713095355e-17,1.167314963476e-16,-3.18153063915345e-17,-2.16874811354261e-16,3.78181286466554e-16,1.65595538378324e-17,2.73869468769838e-16,9.82351082463216e-17,7.32884021876946e-17,2.074349658249e-17,-2.30594364958366e-16,4.85006364374644e-17,-6.0081752875801e-17,-4.16628509530851e-08,-5.77939393054786e-17,-1.1707955384655e-16,-1.38155252408044e-16,-7.02402356853804e-17,2.5015328281078e-16,-5.14096596779197e-18,9.78967986123723e-17,-3.02488480142329e-16,-7.32473714169021e-17,2.17161851930231e-09,-2.52404327881489e-17,-1.6771044423837e-17,-5.5841508011515e-17,1.79768055375962e-17,2.30446130091706e-17,1.45355330287943e-16,6.64227854519515e-17,-3.5645101317298e-17,-3.0004870553404e-17,7.79356429941691e-17,-1.28002578140299e-16,-3.42452800298186e-17,-1.17072667868744e-16,4.43666532187307e-08,3.23669574394369e-17,5.01377782802251e-17,-1.83989618257627e-16,-3.25043811311154e-16,-2.99754067290033e-09,-1.91493290825366e-16,-8.96991265482809e-17,7.30879098629957e-17,-4.19087123647258e-17,9.11083357210482e-17,1.39741680168792e-16,2.92670145037031e-17,6.87236745532711e-17,1.59058206189861e-16,-2.41071185813056e-16,-3.53167053380867e-17,1.1536455096451e-16,1.04365884578839e-16,-8.87232562406595e-17,-5.4641785413964e-17,8.62219590029503e-18,-1.77293258195498e-16
"t605",0.0329906056235336,-0.00821257785336595,-0.00884110086116285,0.000401467423981039,0.00201667470435627,0.00387549405973376,0.000864963250269878,7.76239996806052e-06,-0.0364799060909682,0.143088916060953,-0.0261786119076109,0.00343442014025344,-0.00673517276455515,-0.00141853616092957,-0.0380210494241255,0.000862457898438518,0.000550139197635017,-6.47199789232174e-05,-0.0284891967249456,0.00397318028751682,-3.44854952769431e-05,4.73928300427578e-05,-0.00652204561288011,-2.00200794618945e-05,-1.40510753680366e-05,0.00112403020102859,-0.00575375507775757,5.77465082066832e-05,-0.00092072498772198,0.00772493891099956,0.00107613573245596,-0.0549395437483146,0.000907003927695051,-0.0146611572225285,0.000897540164562957,-0.000188656776203415,-9.22461678548917e-06,2.21234380419295e-05,0.0012503053066204,0.000419120394059598,0.000391119306084816,-0.0104041592053079,0.000924270939700902,-0.124803204984528,-0.000305898183183803,1.40150189373582e-05,-2.08631544294779e-06,2.84757969245282e-05,-0.00130866798585546,0.00177132721566458,-9.64114767964608e-06,7.40596426153753e-06,-7.8308855942444e-07,1.94176909941793e-06,-1.77184076106204e-05,2.96548862772075e-05,8.0599074987306e-05,-0.00111931692125254,0.0150290713991746,2.85326041271749e-06,1.42721372288632e-06,-5.82099787604902e-05,2.84748119645701e-05,-2.02720115830279e-05,5.46284522645658e-05,-2.13242440728644e-06,2.21067695527053e-06,-9.29595899153164e-06,1.42178577654237e-06,-1.98614511501093e-07,-2.2219954770343e-07,9.72508414978646e-07,-3.53973480506442e-06,-2.53210673404519e-06,1.07652718188057e-06,4.01960382625221e-07,-9.84330879124924e-06,1.55450897706938e-06,-0.000229608987418793,-7.72177523624488e-05,5.20773801623202e-06,0.000414764710458686,-0.000311629073520191,-2.76535340551164e-05,0.000193097957262509,0.000191158093035972,-6.84454431842429e-05,-0.000639509486960675,-3.2685158370012e-06,0.000161800182975524,-0.140794433505777,-8.41488485663067e-08,-5.2511449680277e-05,2.66755777322081e-05,1.07760407056676e-05,2.85180625957494e-06,3.33670823892677e-07,-1.3941608643208e-06,1.42285426017113e-05,9.95664123625137e-05,4.21717013580363e-06,-2.71271942515777e-08,5.51390577370228e-06,-7.98303823520353e-07,2.75878268811549e-07,-1.15880271147275e-08,4.27956424844231e-07,3.58520819755855e-10,-9.82367922650019e-07,1.58210291200354e-09,6.14792872575239e-08,2.17678973463183e-07,-7.07918247962434e-08,1.38827111252558e-07,-5.02612188003094e-06,2.00339496473948e-07,-1.06478956600127e-05,1.25510609027096e-05,-4.54498154829117e-06,1.67723491868124e-06,-9.75874523767061e-07,2.09903647284211e-06,-1.96431813132034e-05,-3.4141449830954e-05,1.57160635085778e-07,-3.4995733652997e-06,3.66798331843249e-07,-0.000727643036340514,7.48104558724116e-06,0.000260426803044421,1.93061282088618e-06,-7.18394097952424e-06,5.61460511863545e-07,9.71671582268354e-06,-1.56227272617354e-08,1.03024648804557e-05,-1.05620150596103e-05,-1.06576216723786e-06,3.96763702860277e-05,-3.31804685116193e-05,-2.84218431299209e-05,-2.46649306009627e-06,2.1610281898902e-05,1.34370314639151e-06,7.74868771509915e-09,-2.20332889289575e-06,-6.33991233055896e-07,1.43613188701958e-05,9.88180525076491e-07,-5.49700729321972e-07,-7.10286659600474e-07,-2.21290136120337e-05,-1.10899258206981e-06,0.00173226707331692,-1.36391335927431e-07,-2.20370600120175e-06,0.00170827861140198,3.87478162151617e-06,0.000114022946963594,0.359137258172963,-9.25420205159387e-06,1.17847214261077e-06,-2.52581521233201e-05,-7.37998302329531e-06,4.17643000505852e-06,-2.64063138172645e-06,0.000194021818273097,3.33559568910864e-06,0.000166090130889524,3.44413651243249e-06,-6.36500865592362e-06,-1.13002310216178e-06,1.50384415357052e-07,2.42013230615093e-05,1.1273824842913e-06,2.37596525583759e-06,1.060380591141e-07,-6.79854703324187e-06,-0.071989706995662,0.000150152501273601,-0.000297094968478933,-2.93842933418027e-05,4.78441078195272e-06,1.5423484157699e-08,3.91228234325569e-07,8.16611277686341e-08,0.000397873164993667,-4.21284554321647e-05,-0.000184217801405711,2.39102239814742e-06,1.77868910131744e-06,-8.75687012714786e-07,-1.18901459860908e-07,1.17107880134456e-10,2.12082752999864e-08,-4.31032482748345e-06,-7.6880221775539e-06,-1.6750097208953e-07,8.87244144728348e-06,0.233565063328163,-8.95240154556764e-05,-2.95584424904807e-05,1.28513807045488e-07,2.16641075689121e-07,1.30620839974689e-05,1.28275174869637e-06,-6.33870602152088e-06,-6.47036278085891e-07,2.33830907390107e-05,2.80138098781307e-09,2.84980411065059e-05,1.35659713473967e-07,-6.99408452398431e-08,-2.48902780034233e-06,-1.38550366296325e-09,-2.86707911415425e-08,1.44650561216664e-08,9.92996865219190e-09,-1.50541515064807e-06,-1.90411764888302e-06,-9.26173571769975e-07,1.41875051340386e-06,3.33398030953114e-07,1.52540829011043e-06,-5.97651210886375e-06,-3.65052574021281e-07,-3.51920667727673e-05,-3.37006611933393e-07,-5.77242721679715e-05,-0.0253524912819207,-7.01910145403874e-06,-1.0861439587941e-06,-0.031457218706013,1.71280661357874e-05,-5.09910324596908e-08,-6.65982732911247e-11,-3.74235262318103e-08,2.39840901413392e-17,-3.48718264688704e-09,5.96674935788091e-08,-2.50137617121495e-08,-8.56325872578464e-08,-1.35564679818707e-06,1.89042739447163e-08,-3.28504633931923e-07,1.50091350105882e-07,-1.24358284730046e-07,8.52584055781116e-09,-4.1437986825109e-08,1.76315401596682e-05,-1.17400510249854e-08,1.30198747500873e-06,-4.83958592572184e-06,5.71691702268165e-09,-3.91567414126728e-10,1.93051100577463e-08,-1.94880172597165e-08,3.08185249151212e-07,3.50408116090938e-06,-6.82988915040735e-07,3.24562947351468e-07,-2.57719545444604e-06,7.10659503384833e-06,-4.40058702596695e-07,2.033472985493e-06,-6.93011147824012e-07,1.69675019447506e-08,0.000196816600550674,1.87863449228195e-06,3.63471657670741e-07,3.32478697007126e-09,-5.43815440687092e-07,1.23356061693045e-07,-1.93241228288595e-07,3.09779420739829e-07,-6.04985966436844e-07,4.80934525267147e-07,-3.57846610931469e-08,7.12575275943053e-06,-3.12962442801975e-08,5.18591131931946e-06,-3.62401054732154e-17,-1.31061161736461e-05,-5.47006348289605e-07,-1.41602031277233e-11,-1.27782996712874e-07,1.9315590865045e-07,-1.21300268995109e-07,-3.46676851762694e-08,4.40125584986191e-09,-1.97623075857247e-07,7.48290308924284e-06,1.21494302505408e-06,-2.40075481475871e-08,1.28870287134079e-05,-1.89747159910215e-05,1.26048230944739e-06,-1.16255425511701e-05,4.44828345126701e-07,0.000702550158188763,1.03323905954918e-08,0.0033007722093285,-5.42617197973431e-06,2.58009197762189e-08,-8.9939473881436e-06,1.20916257857535e-06,-4.59389077955283e-06,5.36564659949143e-06,2.15169342313949e-05,2.78139577311158e-06,-9.43927292516605e-07,-7.96309300191468e-06,1.20240550180118e-06,-1.02297677218558e-05,1.94626930711274e-05,0.273719446719789,0.000164301405738465,-5.16814645125954e-16,-7.13833892280358e-08,-8.32342325008479e-07,7.08081002039583e-08,-1.69350258031962e-05,-4.36844661731669e-08,-4.32205447834886e-06,-9.66748551044212e-06,2.85535646732393e-06,-1.13985239895216e-05,5.58646141388862e-16,3.50768460155156e-05,6.64076277489489e-09,1.23325897163563e-06,-1.22108584523727e-07,-2.66758510713874e-06,9.74082327222406e-07,0.00529568242446515,-0.0489545965887173,-3.99604659303211e-07,0.00019883605387977,-1.00419996323567e-08,-6.76973530186861e-07,-6.86651769016833e-10,-5.23786803860449e-11,-3.00838915453654e-07,1.7642944568777e-09,-3.66305068506839e-08,-2.33258249833129e-17,2.8324808963295e-08,-2.49487336323982e-09,-7.19731297249722e-11,-1.00905909343564e-09,2.93968335639456e-05,2.19024151130151e-06,-2.26760807140881e-08,8.22997828074947e-08,4.53829745365918e-08,-4.97104141373611e-16,3.39685625552329e-07,2.76897902430921e-09,4.00642143712758e-07,1.74242716697722e-16,-1.68245429727952e-07,-2.10973073276391e-08,3.19958290643065e-09,5.52600114634421e-07,1.77673644874774e-07,9.22618748397188e-08,6.83198245304535e-08,-8.4883058624355e-08,-1.42091244657364e-08,-7.51286417912548e-10,-6.1628946805576e-07,-4.75256812861161e-09,1.45014252314754e-16,1.63616298564672e-09,-5.9422044715147e-08,-2.5713875640902e-08,0.000100960608208187,3.39015771602616e-17,7.33910862354317e-10,1.17220217907277e-10,-0.000273416029488511,4.42693428264364e-10,1.25073548616374e-08,5.81128915017914e-10,-1.9129982346976e-08,2.2261000725252e-07,2.78724910510578e-16,1.16069554547975e-06,-5.6767518407351e-09,1.78357625785263e-08,7.24284711924966e-06,2.12327589976506e-09,-9.62967490312537e-10,-8.32667268468867e-17,9.00027211652573e-17,-1.30703942327018e-09,-3.82557908433696e-09,5.09143727238306e-10,-2.5777392766017e-07,1.45509760738385e-16,-1.36105762921411e-07,-1.67461221432537e-09,2.41466498648023e-16,3.10253603349499e-17,-5.67180316739517e-17,3.96562611973992e-07,2.53111177861125e-08,-2.88673037271721e-08,9.06065235826085e-07,1.29128108479183e-07,2.47068974304106e-08,-1.07596013116888e-08,-3.57124030527631e-17,-2.50634322128744e-09,7.18654848239983e-09,-3.50522261732452e-16,-2.08448308052077e-16,-4.91335045593042e-09,-1.26767041254026e-10,-3.26101024765004e-09,6.79769191842994e-05,2.7703262147465e-09,-4.88173516078051e-08,6.22908995974371e-18,-4.01239196901481e-08,-1.48552415309844e-16,-5.82617641129906e-07,-3.82072845583892e-16,-3.32226946049585e-09,9.43456674587226e-17,1.38699301366063e-08,3.66336887361022e-09,7.31517672039411e-08,2.33547059387367e-07,1.03433146063666e-08,-1.20209828802749e-09,7.69512233699975e-09,2.81834985033335e-09,6.13702952318387e-07,4.74183371880153e-08,2.79279501825485e-09,-7.9710457258527e-09,-6.39192284080372e-07,-5.22764673804832e-08,-3.89795780695577e-09,1.34840260876434e-16,3.69424461331286e-08,-6.44075350635365e-09,3.43243085290686e-09,-2.42521203076137e-17,2.79931237960685e-08,1.85602049902608e-07,5.97203756602734e-08,-1.9010951710881e-17,-1.45091244993965e-08,-3.5932068024655e-07,-1.11413906137182e-15,-1.03383955680876e-08,2.37189734442769e-08,-1.65815400725613e-16,2.96080860330302e-16,-8.80442451703637e-10,-2.17380130229621e-07,-1.24392752239529e-09,-1.73463040079363e-06,1.12740822165576e-07,2.97479968339997e-09,1.32324530294143e-07,2.69857193882939e-08,-6.84736515589439e-07,3.89879101225787e-16,1.27183637438309e-10,4.04727130252402e-09,1.12190567355226e-08,1.06009920975415e-06,1.32117382658872e-16,3.29086395788657e-17,3.06983023504202e-05,-4.66809280667966e-17,-1.95178267799805e-18,3.68513710778973e-08,-5.50211569248189e-08,-1.03050936650722e-08,-2.84553021338947e-08,3.26356635968377e-07,8.81647879529166e-08,0.00110329241544761,-8.92846741246838e-17,1.92850471111448e-07,9.08156232561973e-09,4.17695235995188e-08,-9.24134887287225e-09,3.70070378838094e-08,-4.29573547491889e-16,3.77995279496641e-16,-2.93467247545933e-16,-1.50918407626947e-07,-1.58933914517342e-09,-1.03077854746012e-07,-2.07052199137674e-16,-1.22583864426501e-09,-1.26488621209279e-16,5.86486086145355e-17,2.05386169340823e-07,-5.14386329303902e-08,1.35742111995185e-16,-4.26771069770476e-07,-5.77278200862531e-09,3.19908160755197e-17,1.31346428176747e-08,1.57045784764367e-16,2.13950337441807e-07,1.74826853759263e-16,2.13528667763464e-07,4.04270897460202e-08,1.46463235582249e-09,6.31124733862817e-08,4.33981714658364e-07,-4.77064922006602e-09,1.47790597058583e-07,-4.44779666024235e-16,8.83496303503127e-08,-4.99260531569445e-09,1.57602835800549e-17,-6.58781060757467e-10,-1.34634502625316e-08,3.13610508992881e-09,2.97581849957074e-17,1.01466687883634e-08,1.34430525223266e-08,1.19468136774857e-16,-3.73850379698237e-07,-2.84080764165269e-07,-3.89432585558953e-10,1.61069475837265e-16,2.32623611139563e-16,7.0332410711226e-09,9.86291663249918e-08,7.98661095959019e-09,-2.88404932670159e-09,6.0155383897764e-08,-1.09887414708199e-16,6.0440913967983e-17,2.20639898392166e-07,1.31656934858125e-07,4.22689039651094e-17,5.39841027911629e-07,-8.75600030458139e-17,6.28225176070835e-09,-0.000911152286795085,-1.58979112543981e-08,-3.33463859243008e-07,4.71799675806367e-17,-1.19609888442309e-17,-3.79984411527532e-17,-1.66648770596312e-16,-6.85219528628389e-10,-2.38162500353704e-09,-1.9362591996072e-16,2.66218780093454e-17,9.69007728899247e-17,3.37303074093874e-09,3.03812206342054e-11,-1.68213548700703e-09,8.20091691455342e-17,-1.28128302238906e-15,7.85287633531251e-16,-7.32542968001769e-08,2.24263845085763e-09,3.59777216944186e-16,3.95508597351144e-10,-1.03673458532353e-08,-1.64755069717061e-16,-1.30343312632423e-18,-3.26785656333415e-07,-7.37244813695666e-11,-1.62363459031396e-07,-1.56091206683239e-16,4.04304390506839e-09,6.54200849233624e-08,7.04915940848435e-08,-2.25854408916891e-05,-1.55045489426566e-08,2.54538247271146e-10,-1.27418292509378e-16,1.12995313275861e-15,4.84948943031382e-16,4.91098271341919e-09,-4.44733749815819e-09,-7.60784017908408e-08,-1.33128208726093e-09,-2.07861763241552e-16,-2.81997672813512e-16,-2.51321758695907e-16,3.78847064613407e-16,-3.10684178252865e-16,6.40526073108747e-09,7.25092190358294e-17,1.40642309120771e-16,-4.70812244795532e-08,-1.01581244897873e-15,-4.21522319932569e-08,9.12038188052483e-17,-5.22728991862843e-08,-8.14860328619639e-17,-6.36283411765918e-08,-7.9727235880361e-09,-1.61076856723273e-08,1.57955270301764e-16,2.56997618828169e-07,5.92601390744377e-17,8.96619527717429e-08,-1.43573376518992e-08,7.94776887936588e-11,1.37292458980749e-16,4.38858497206152e-07,3.47712118155183e-17,-3.17274078614854e-08,-1.6199669885999e-08,-4.37925817847686e-16,5.60688174485656e-16,1.15316179409198e-16,-4.25264940232046e-16,-2.00548415391033e-05,-3.21356248128062e-08,-7.18370137717406e-09,2.75301876431683e-16,9.58573183923309e-17,-1.69072821942799e-09,1.37949699927087e-08,-2.54983026343745e-16,-2.41768513421826e-16,-2.76811943940098e-08,-4.17685735298421e-16,-2.35111169495137e-07,5.7725081077939e-16,4.94028216412031e-08,3.17449946296896e-16,2.39036307962235e-16,4.74242088024195e-17,-6.23300664343988e-16,5.88942701338896e-16,3.07874078226678e-16,9.57616188989314e-10,-6.69797137953008e-09,-2.33706077492665e-16,-4.46049924416581e-09,1.8764496464589e-07,-1.01482362608201e-17,-5.20567021042936e-16,9.6147267600936e-16,-5.66140456703297e-16,7.59233017454222e-08,1.21577040562523e-08,1.60465902633723e-16,1.38920087545455e-16,-3.38821615085715e-08,-1.09463317569307e-08,-1.65833817250897e-10,2.44345913381001e-16,-6.18536510696537e-17,-5.01788008042245e-18,4.12369403970711e-17,7.00994466006212e-16,-1.50413390699175e-16,2.94787927483651e-07,-2.33236780753009e-07,-5.37265509446686e-08,6.39239129794585e-17,7.7398446739503e-16,-5.79726776226337e-16,-1.39785294049458e-15,1.37182698248024e-15,-4.56196150175706e-16,1.51268235769589e-16,7.69423618334243e-16,-3.55882112842433e-16,-7.59196041968769e-16,6.10308365226601e-16,4.4538022701706e-16,-3.06727121882511e-16,-8.34102214448625e-16,6.67518685902728e-10,-3.61457077113375e-16,5.95050515173488e-16,3.52107550094595e-17,9.47599089369708e-09,-5.13763451450508e-09,-4.79181300289867e-16,-2.44830026008079e-10,8.70146819672237e-09,1.10930194196855e-16,-1.07463265537855e-16,-1.68599957733232e-08,1.77017279380404e-15,2.16653248883494e-10,5.47073333356688e-16,3.60692913716828e-16,6.02548695344281e-16,-2.58850522222876e-16,9.63452771207958e-09,-2.9465857980991e-08,-1.25417176549302e-15,1.16692552198821e-15,2.96647612112716e-16,2.36203504670036e-15,3.32633226518553e-16,-1.94858406055764e-15,2.99469218769468e-16,-2.09549896390351e-16,3.80710063890728e-10,1.04888480732579e-15,-8.02539939261589e-17,1.33191672934801e-15,-1.06115214470382e-15,3.44620923300428e-16,2.32796954778667e-15,-8.55965534060605e-08,-5.23128776116901e-16,6.6844583194965e-15,5.83710518254218e-09,-3.53479475399639e-15,-2.68099610747711e-15,-6.06031414636767e-15,3.42034746254576e-15,6.18329641078246e-09,-1.09166261342331e-15,-2.37118633373233e-07,1.24403013449327e-14,1.68815790837849e-15,-3.79001144862287e-16,9.01191302165498e-15,2.17351641470887e-15,6.11137782015114e-14,0.407406655394928,1.07372452727622e-13,-2.81348515512947e-15,5.27373586479966e-11,-2.99006315983801e-07,5.32711108180211e-15,5.63827744230785e-08,3.74748214211493e-08,0.707106781186549,4.48191343219362e-13,5.36575369574792e-15,1.17005475682457e-15,1.96705895913724e-15,-9.31042267059941e-08,9.43216588169599e-16,-1.75469491997471e-15,1.03693429711929e-15,3.8262731519967e-08,-2.17682792239543e-15,7.30514276790771e-16,4.97623235911656e-16,-1.93182780497564e-15,-1.78735240333025e-08,-2.84200426543797e-15,1.20867113092413e-10,-2.25455065106347e-15,4.61890039117102e-15,-4.19000618965648e-16,1.01518547997345e-15,-1.85084203234125e-15,-9.72319305489971e-16,-1.20382789237942e-15,-2.15212995508551e-09,-1.85361534668005e-15,7.4635672211444e-16,9.09372530018159e-10,-1.18256143025059e-15,1.56955187907594e-15,-2.92935186694785e-16,3.39836049451569e-16,3.17114905176817e-17,2.04301690624318e-15,-6.68256678455449e-09,8.91702051876498e-16,-8.28923026297389e-16,2.00025872257608e-09,7.6739751258841e-16,3.90438516194555e-16,1.32580962283084e-15,-6.49422166354097e-16,-1.97285109959179e-15,-1.35034023417547e-15,-3.96312173131015e-16,1.76754723488648e-16,-2.45436443808785e-16,-3.27966979520202e-16,2.39223289270378e-16,-1.06634889412431e-09,3.54194689777651e-09,3.57720076396388e-17,4.31115593780984e-17,-4.14810871001042e-17,-3.95956218621643e-16,2.35488711863852e-16,-5.07188846024443e-17,5.56056698442323e-16,3.71081245312638e-16,-3.40324344704577e-09,1.00959662765808e-15,-2.26979260218621e-16,1.6261548785577e-16,-6.01775155422442e-16,3.98620165337349e-10,7.45333237912062e-16,-6.36104715834687e-11,2.62350521330684e-16,1.44362682897265e-15,5.19809243301056e-16,5.08803888128246e-16,-4.04491448041944e-16,-2.48831438500668e-16,-3.18049492480677e-16,-8.01486684120204e-16,4.33782442100035e-17,6.23800427261298e-17,2.37739022352374e-16,-2.55212066626282e-17,6.34860901491715e-16,-1.83554333734791e-16,1.20527893830222e-16,1.24403075088263e-16,3.71075260212462e-16,-2.80585945977362e-16,-1.67880220814222e-16,-5.15513412685412e-16,6.31330925038309e-16,4.5416159923375e-16,2.20811020087621e-16,5.16444993357257e-16,2.079878486972e-16,1.37748342089292e-09,-4.95149238514394e-16,2.55493884211672e-16,3.62515393710603e-18,-4.04820068760077e-16,4.33361518138832e-16,3.13831541406912e-16,-2.36570815901307e-16,4.86637520136013e-16,4.76482838680257e-16,-2.85980777870842e-16,1.06034972469082e-16,-5.0744824705121e-16,-4.04213783534091e-16,-2.10014813829653e-16,8.29735887050957e-17,-7.97527093691916e-18,2.08526079652065e-16,-1.79181207051289e-08,-3.25171301130341e-18,-2.62058288935312e-17,6.51286826547967e-17,3.09068134277416e-16,1.88575607218586e-16,4.11624778240664e-17,-1.65012210288351e-16,-3.32353202708936e-16,-2.87870019731558e-17,9.45063833900019e-10,-5.62984669056453e-16,5.92599369386893e-17,-7.2477468873895e-17,-6.79396221874007e-17,-9.60273128801757e-17,2.38938139014466e-17,6.6919052282111e-17,-1.58216052511734e-16,-1.49510902000258e-16,9.76021625465637e-18,1.14987985505797e-16,2.52121944066298e-16,2.80363648214585e-16,1.95217087131923e-08,7.24624654945884e-16,1.14881760290934e-16,9.19976364644252e-16,-5.60749363609503e-16,-1.32542152889717e-09,-2.71845416122536e-16,-3.44001870359531e-16,4.5872876648844e-17,3.28782304591789e-16,6.99948032652959e-17,2.3651714590575e-16,2.10115108849516e-16,4.67960593018511e-17,-3.24176168323724e-16,-2.43620010072462e-17,5.65365659594886e-17,-5.59148242804304e-17,-6.93003586484723e-17,-5.95868439411824e-17,2.09097029890385e-17,9.70248565415325e-17,-1.35464183437553e-16
"t606",0.0329906056235336,-0.00821257785336595,-0.00884110086116286,0.000401467423981039,0.00201667470435627,0.00387549405973376,0.000864963250269882,7.76239996806193e-06,-0.0364799060909682,0.143088916060953,-0.0261786119076109,0.00343442014025343,-0.00673517276455514,-0.00141853616092957,-0.0380210494241255,0.000862457898438518,0.000550139197635015,-6.47199789232092e-05,-0.0284891967249456,0.00397318028751681,-3.44854952769407e-05,4.73928300427594e-05,-0.0065220456128801,-2.00200794618875e-05,-1.40510753680297e-05,0.0011240302010286,-0.00575375507775758,5.77465082066793e-05,-0.000920724987721984,0.00772493891099955,0.00107613573245597,-0.0549395437483146,0.000907003927695049,-0.0146611572225285,0.000897540164562938,-0.000188656776203415,-9.22461678549643e-06,2.21234380419326e-05,0.0012503053066204,0.000419120394059594,0.000391119306084827,-0.0104041592053079,0.000924270939700903,-0.124803204984528,-0.000305898183183819,1.40150189373617e-05,-2.08631544290675e-06,2.84757969245089e-05,-0.00130866798585543,0.00177132721566457,-9.64114767964424e-06,7.40596426153252e-06,-7.83088559423218e-07,1.94176909942487e-06,-1.7718407610596e-05,2.96548862772356e-05,8.05990749872573e-05,-0.00111931692125252,0.0150290713991746,2.85326041271774e-06,1.42721372288738e-06,-5.82099787604803e-05,2.84748119645475e-05,-2.02720115830812e-05,5.46284522645809e-05,-2.13242440723092e-06,2.21067695528226e-06,-9.29595899155482e-06,1.42178577655097e-06,-1.98614511477474e-07,-2.22199547653558e-07,9.72508414973441e-07,-3.53973480505609e-06,-2.53210673397691e-06,1.0765271818666e-06,4.01960382601379e-07,-9.84330879125477e-06,1.55450897706079e-06,-0.000229608987418811,-7.72177523624639e-05,5.20773801622385e-06,0.000414764710458697,-0.000311629073520181,-2.76535340550614e-05,0.000193097957262506,0.00019115809303593,-6.84454431842298e-05,-0.000639509486960693,-3.26851583701192e-06,0.000161800182975494,-0.140794433505778,-8.41488485420205e-08,-5.2511449680344e-05,2.66755777322437e-05,1.07760407057293e-05,2.85180625951609e-06,3.33670823908034e-07,-1.39416086437708e-06,1.42285426017479e-05,9.95664123625241e-05,4.21717013582738e-06,-2.71271942661072e-08,5.51390577372078e-06,-7.98303823529635e-07,2.75878268803921e-07,-1.15880271105282e-08,4.27956424871962e-07,3.58520828522646e-10,-9.82367922630541e-07,1.58210290983514e-09,6.1479287245408e-08,2.176789735259e-07,-7.07918248013595e-08,1.38827111311415e-07,-5.02612188000352e-06,2.00339496492777e-07,-1.06478956600386e-05,1.25510609027271e-05,-4.54498154830482e-06,1.67723491869809e-06,-9.75874523820925e-07,2.09903647284211e-06,-1.96431813132052e-05,-3.41414498309729e-05,1.57160635054986e-07,-3.49957336531111e-06,3.66798331812024e-07,-0.000727643036340553,7.48104558722643e-06,0.000260426803044436,1.9306128208714e-06,-7.18394097956319e-06,5.6146051187842e-07,9.7167158227074e-06,-1.56227272190763e-08,1.03024648804647e-05,-1.05620150596045e-05,-1.06576216726312e-06,3.96763702860029e-05,-3.31804685116097e-05,-2.84218431298845e-05,-2.46649306010292e-06,2.16102818988791e-05,1.34370314636855e-06,7.74868777917719e-09,-2.20332889283136e-06,-6.33991233060294e-07,1.43613188701817e-05,9.88180525070191e-07,-5.49700729326379e-07,-7.10286659613918e-07,-2.21290136119937e-05,-1.10899258207684e-06,0.00173226707331686,-1.36391335926511e-07,-2.20370600116807e-06,0.00170827861140198,3.87478162153754e-06,0.00011402294696364,0.359137258172962,-9.25420205158999e-06,1.17847214269384e-06,-2.52581521233262e-05,-7.37998302334934e-06,4.17643000510158e-06,-2.64063138175315e-06,0.000194021818273063,3.33559568903162e-06,0.000166090130889575,3.44413651241761e-06,-6.36500865588615e-06,-1.13002310232228e-06,1.50384415261002e-07,2.4201323061556e-05,1.12738248437001e-06,2.37596525585921e-06,1.06038059198336e-07,-6.79854703328696e-06,-0.0719897069956619,0.000150152501273634,-0.000297094968478897,-2.93842933419424e-05,4.78441078187549e-06,1.54234841431528e-08,3.91228234336017e-07,8.16611277210044e-08,0.00039787316499365,-4.21284554322423e-05,-0.000184217801405696,2.39102239808774e-06,1.7786891014414e-06,-8.75687012690533e-07,-1.18901459873263e-07,1.17107862498921e-10,2.12082752134437e-08,-4.31032482751247e-06,-7.68802217762701e-06,-1.67500972060067e-07,8.87244144727197e-06,0.233565063328163,-8.95240154557286e-05,-2.95584424904356e-05,1.28513807068887e-07,2.16641075494871e-07,1.3062083997358e-05,1.28275174872335e-06,-6.33870602159875e-06,-6.47036278104106e-07,2.33830907391896e-05,2.80138097188794e-09,2.84980411064117e-05,1.35659713471625e-07,-6.99408453105195e-08,-2.48902780038306e-06,-1.38550366782423e-09,-2.86707911534869e-08,1.44650561358769e-08,9.9299686052869e-09,-1.50541515064943e-06,-1.90411764900171e-06,-9.26173571773624e-07,1.41875051339389e-06,3.33398030987807e-07,1.52540828999673e-06,-5.97651210885909e-06,-3.65052574004096e-07,-3.51920667727854e-05,-3.3700661193109e-07,-5.77242721679685e-05,-0.0253524912819208,-7.01910145406585e-06,-1.08614395870417e-06,-0.0314572187060132,1.71280661357987e-05,-5.09910324279891e-08,-6.6598360361453e-11,-3.74235260350738e-08,3.81579731079043e-17,-3.48718273960665e-09,5.96674935866154e-08,-2.50137617528266e-08,-8.56325873072326e-08,-1.35564679807667e-06,1.89042739189842e-08,-3.28504633901035e-07,1.50091350133204e-07,-1.24358284874987e-07,8.52584037615235e-09,-4.1437986853596e-08,1.76315401596799e-05,-1.17400510115517e-08,1.30198747501195e-06,-4.83958592569282e-06,5.71691697083408e-09,-3.91567371409163e-10,1.93051100271551e-08,-1.94880173626708e-08,3.08185249126372e-07,3.50408116083123e-06,-6.82988914802622e-07,3.24562947366266e-07,-2.57719545448384e-06,7.1065950338762e-06,-4.40058702529555e-07,2.03347298542867e-06,-6.93011147884016e-07,1.69675019256018e-08,0.000196816600550692,1.8786344923413e-06,3.6347165771687e-07,3.32478701266641e-09,-5.43815440633028e-07,1.23356061843e-07,-1.93241228156919e-07,3.09779420710738e-07,-6.04985966232581e-07,4.80934525151485e-07,-3.57846611530344e-08,7.12575275944695e-06,-3.12962444143476e-08,5.18591131938339e-06,-1.12680374112298e-17,-1.31061161736098e-05,-5.47006348385338e-07,-1.41602811674328e-11,-1.27782996572198e-07,1.93155908706933e-07,-1.21300269022025e-07,-3.46676850985168e-08,4.4012558581129e-09,-1.97623075913741e-07,7.48290308925329e-06,1.21494302510578e-06,-2.40075481440565e-08,1.28870287133809e-05,-1.89747159906663e-05,1.26048230954162e-06,-1.16255425511522e-05,4.44828345167033e-07,0.000702550158189098,1.03323906153464e-08,0.00330077220932842,-5.42617197975421e-06,2.58009198655744e-08,-8.99394738819884e-06,1.2091625785705e-06,-4.59389077938714e-06,5.36564659944481e-06,2.15169342313131e-05,2.78139577340154e-06,-9.43927292575019e-07,-7.96309300202403e-06,1.20240550183733e-06,-1.02297677218668e-05,1.94626930712069e-05,0.273719446719788,0.000164301405738683,-4.89201240579986e-16,-7.13833893909067e-08,-8.32342324966422e-07,7.08081001818406e-08,-1.69350258035737e-05,-4.36844660271739e-08,-4.32205447875143e-06,-9.66748551052278e-06,2.85535646737566e-06,-1.13985239895994e-05,4.95483059937415e-16,3.50768460154748e-05,6.64076285795288e-09,1.23325897133939e-06,-1.22108584439867e-07,-2.66758510696626e-06,9.74082327289159e-07,0.00529568242446504,-0.0489545965887171,-3.99604659331173e-07,0.000198836053879756,-1.00419995798256e-08,-6.76973529965126e-07,-6.86651760028124e-10,-5.23786730134701e-11,-3.00838915707442e-07,1.76429469777336e-09,-3.66305066110935e-08,-4.99759158835818e-16,2.83248089020503e-08,-2.49487350006614e-09,-7.19732154077017e-11,-1.00905934835802e-09,2.9396833564137e-05,2.19024151118024e-06,-2.2676080777712e-08,8.22997826582803e-08,4.53829747169677e-08,-5.5709307737213e-17,3.39685625718264e-07,2.76897886123999e-09,4.00642143838249e-07,-2.36928750669246e-16,-1.68245429632102e-07,-2.10973074342255e-08,3.19958288967912e-09,5.52600114652298e-07,1.77673644705151e-07,9.22618750307658e-08,6.83198245190587e-08,-8.48830581886824e-08,-1.42091246372634e-08,-7.51286365713229e-10,-6.16289467952508e-07,-4.75256808246918e-09,9.65874357365659e-18,1.63616303858289e-09,-5.94220446411139e-08,-2.57138755029523e-08,0.000100960608208407,-1.63918787762028e-19,7.33910784744131e-10,1.17220148952019e-10,-0.000273416029488879,4.42693578503358e-10,1.25073546777315e-08,5.81128890146274e-10,-1.91299822650028e-08,2.22610007191143e-07,1.3311923590801e-16,1.16069554510779e-06,-5.67675186990014e-09,1.78357625482106e-08,7.24284711941862e-06,2.12327574455125e-09,-9.62967569896134e-10,-2.67147415300428e-16,6.04134977452624e-17,-1.30703942159454e-09,-3.82557883380494e-09,5.09143960389736e-10,-2.57773927968431e-07,3.00109938441219e-16,-1.36105762934881e-07,-1.67461197320092e-09,-1.69204458712349e-18,-1.28138841042114e-19,5.6507679081689e-18,3.96562612114918e-07,2.53111176668454e-08,-2.88673035801908e-08,9.0606523571089e-07,1.29128108505821e-07,2.47068974872529e-08,-1.07596012354576e-08,1.96126255756807e-16,-2.50634301733404e-09,7.18654866410183e-09,-5.01845578326213e-17,9.8085003538729e-17,-4.91335027243248e-09,-1.2676717839722e-10,-3.26101028373047e-09,6.79769191842439e-05,2.77032550545367e-09,-4.88173514437927e-08,4.80384244779537e-17,-4.01239189874517e-08,-4.75324410318142e-16,-5.82617640942621e-07,0,-3.32226933276751e-09,-1.80475059470577e-16,1.38699301906089e-08,3.66336869617693e-09,7.31517672870221e-08,2.33547059336261e-07,1.03433147934521e-08,-1.20209831210641e-09,7.69512214595776e-09,2.81834919308073e-09,6.13702952630504e-07,4.74183369969017e-08,2.7927949388184e-09,-7.97104598730881e-09,-6.39192284418206e-07,-5.227646744661e-08,-3.8979578121754e-09,-1.49774469676524e-16,3.69424458247588e-08,-6.44075345940358e-09,3.43243063067377e-09,8.76147176529491e-17,2.79931236440956e-08,1.85602050055761e-07,5.97203755602374e-08,1.44700793302664e-16,-1.45091243382856e-08,-3.59320680151603e-07,-1.06087217169534e-15,-1.03383957340141e-08,2.37189732616228e-08,1.12195428355037e-16,-2.17364986117744e-16,-8.80442475459953e-10,-2.17380129972009e-07,-1.24392775259008e-09,-1.73463040068225e-06,1.12740822476771e-07,2.97479962264091e-09,1.3232453018521e-07,2.69857194306615e-08,-6.84736515504357e-07,3.05202911554669e-16,1.27183694749164e-10,4.04727138510913e-09,1.12190570745376e-08,1.06009920968835e-06,-1.90212552954899e-16,1.05644391407095e-16,3.06983023502367e-05,-6.7454148616197e-17,1.81104103334855e-16,3.685137101436e-08,-5.50211574134079e-08,-1.03050936001601e-08,-2.84553026375386e-08,3.26356636133665e-07,8.8164788090716e-08,0.00110329241544777,1.14451504207219e-16,1.92850471097551e-07,9.08156231635188e-09,4.17695229298771e-08,-9.24134875046481e-09,3.70070379212771e-08,2.50478900834695e-16,5.41002985857115e-16,5.56049347286236e-17,-1.50918407164765e-07,-1.58933934020503e-09,-1.03077854976771e-07,1.91461834075231e-16,-1.22583870505539e-09,-6.12537435017837e-17,-3.33123930931359e-17,2.05386169208098e-07,-5.14386330600317e-08,1.83880688453542e-16,-4.26771069836061e-07,-5.77278210922219e-09,-3.04789920504212e-16,1.31346429869668e-08,-3.65491671026428e-16,2.13950337369467e-07,-2.83959754164108e-16,2.13528667161199e-07,4.04270896559636e-08,1.46463189827029e-09,6.31124733539875e-08,4.33981714500957e-07,-4.77064893161403e-09,1.47790596305405e-07,3.67684854426081e-16,8.83496304606354e-08,-4.99260502178846e-09,-1.22932524027565e-17,-6.58781212761791e-10,-1.34634500836261e-08,3.13610483504002e-09,8.05393853813506e-17,1.01466690899101e-08,1.34430524518523e-08,-1.52175357266054e-16,-3.73850379460161e-07,-2.84080763894853e-07,-3.89432228186114e-10,-5.64940099027121e-17,-6.82636182544509e-17,7.03324134551102e-09,9.86291666137616e-08,7.98661084761689e-09,-2.88404898561856e-09,6.01553833735464e-08,3.35781133546175e-16,-1.89367041187246e-16,2.20639898039653e-07,1.31656934491024e-07,-4.29372612382984e-16,5.39841027937336e-07,1.97201616009863e-16,6.28225203101493e-09,-0.000911152286794438,-1.58979108175808e-08,-3.33463858968896e-07,-2.68785759428145e-16,-8.779943542913e-17,-2.08563735570505e-17,1.52741725694923e-16,-6.85219672881864e-10,-2.38162527143302e-09,8.44255954378825e-17,-7.44224107847516e-17,-1.61360928916053e-16,3.37303058604735e-09,3.03819459743044e-11,-1.68213505540172e-09,-8.86434727075675e-17,-4.12782872119544e-16,-9.37834879199961e-17,-7.32542968301751e-08,2.24263870518366e-09,4.30739739953388e-16,3.95508238302282e-10,-1.03673459691567e-08,1.90876869755172e-16,-2.93034080663644e-16,-3.26785655994307e-07,-7.37248098223239e-11,-1.6236345866155e-07,-7.92285909296789e-17,4.04304386971706e-09,6.54200854518585e-08,7.04915938677254e-08,-2.25854408915015e-05,-1.55045487918539e-08,2.54538344758179e-10,3.89882210373167e-16,-8.20321175682621e-16,-1.05922690373033e-16,4.91098227759024e-09,-4.44733759695853e-09,-7.60784019378802e-08,-1.33128146852535e-09,1.68621965218382e-16,6.27948790361237e-17,3.31197195364742e-17,1.91820681751892e-16,-4.35590979943262e-16,6.40526101657722e-09,-1.93968614309244e-16,6.32078327474919e-18,-4.70812249276586e-08,5.74320294913989e-16,-4.21522321280779e-08,-5.87694848577731e-17,-5.22728993629381e-08,1.51359646500003e-16,-6.36283421029248e-08,-7.97272331799985e-09,-1.61076859691478e-08,-1.51445445179585e-16,2.56997618999659e-07,-1.11777721519701e-16,8.96619525640662e-08,-1.43573380533644e-08,7.94779979356448e-11,-1.68447710918648e-16,4.38858497396811e-07,-1.59166971928873e-16,-3.17274082924253e-08,-1.61996695045789e-08,6.48495381770983e-16,-3.94471392787187e-16,-2.53452683862423e-16,2.22714384438485e-16,-2.00548415393592e-05,-3.21356243028152e-08,-7.18370186015918e-09,-6.00975047575254e-16,-1.87389848014131e-16,-1.69072789341255e-09,1.37949699701573e-08,4.01691724781705e-16,1.02581765903959e-15,-2.76811943672359e-08,2.66651903626824e-16,-2.35111170716956e-07,-9.21151640626514e-17,4.94028214237438e-08,-4.68039012681445e-16,-3.30984502898053e-16,1.19726877692123e-16,1.76579154319248e-16,-8.9578275912048e-16,-6.61264809363168e-16,9.57616240648265e-10,-6.69797079470889e-09,2.8696313322358e-16,-4.46049960179725e-09,1.87644964873909e-07,2.62436500431688e-16,3.48442496179442e-16,-6.52573063979353e-16,6.22196043539454e-16,7.59233011166291e-08,1.21577045234851e-08,6.68104671144217e-17,-1.42299335123774e-16,-3.38821615449284e-08,-1.09463319654778e-08,-1.65834291522078e-10,-5.27086003404313e-16,5.88450099881192e-17,-1.29583021986803e-16,-1.06990381650635e-15,-6.05197221976003e-16,5.83855669945052e-16,2.94787927392504e-07,-2.33236781081767e-07,-5.37265516022462e-08,5.50715496243341e-17,-4.44033138289386e-16,-2.51375047769459e-16,-2.41876435725753e-16,-4.30784618386577e-16,1.13658628661747e-17,1.31809841151759e-16,-6.84355352681342e-16,7.18925265632354e-16,7.99106504688857e-16,-1.8247532895375e-16,-1.84886005491703e-16,3.16217096992412e-16,7.13691143366116e-16,6.67518739121206e-10,-2.00102283940161e-16,-1.52651628362337e-15,-1.7549431723039e-16,9.47599059374795e-09,-5.13763455362108e-09,4.68951921191279e-17,-2.44828741477969e-10,8.7014685952265e-09,3.84461316648815e-16,3.53062856382815e-16,-1.68599962288201e-08,-2.14510433512864e-15,2.16651339884925e-10,-4.63008269674314e-16,-4.60295005128128e-16,-2.95907988373327e-17,3.17377397979502e-16,9.63452679564142e-09,-2.94658578829277e-08,9.60012943840876e-16,-5.98900970472519e-16,-7.34610044415551e-16,1.60769122081908e-15,-1.72810984272465e-15,-8.89394302530377e-16,-5.75771788039348e-16,-7.64722268923438e-16,3.80709512539827e-10,-4.22826718803329e-16,7.77223706801815e-16,-2.20050944335705e-15,1.36531293037889e-15,2.20059268250321e-15,-2.66118603130385e-16,-8.55965520041875e-08,3.04312124428141e-17,2.80395376923936e-15,5.83710491090076e-09,-1.4517308568338e-15,-8.87647857757436e-16,4.46393277921888e-15,-2.86466509977131e-15,6.18329086645389e-09,2.51723915715847e-15,-2.37118637084269e-07,1.9120010700907e-14,-2.00624850734104e-15,3.45867994811225e-15,7.49892625412688e-15,5.32765146558023e-16,5.52804453592215e-14,0.407406655394934,1.3322290106116e-13,2.18450798063623e-14,5.27496719437692e-11,-2.9900632623555e-07,-7.46390872352106e-15,5.63827656732552e-08,3.74748036791235e-08,-0.707106781186546,-4.35504686614744e-13,-7.25697009685248e-15,7.76358568705976e-16,-3.74448756295455e-15,-9.31042247527824e-08,-2.90983060145341e-15,-1.41886530875058e-15,-9.22502845616147e-16,3.82627281157128e-08,2.19704347095891e-15,9.08473034638952e-16,-3.8966820023604e-16,1.47027490563285e-15,-1.78735225548495e-08,3.46827268878074e-15,1.20868053727645e-10,2.1239736749729e-15,-1.21827469368296e-15,-7.3957092420592e-16,-2.00764515161535e-15,1.82766408411428e-15,1.04305935015982e-15,1.0713026202345e-15,-2.15213681875057e-09,2.37425560953476e-15,-4.58751912599611e-16,9.09371438715466e-10,3.01282620867443e-16,-1.76679121053672e-15,6.01758573166148e-16,-7.90511412290675e-16,-2.65671493033397e-16,-1.5385386304944e-15,-6.68256611357482e-09,-8.88722514943103e-16,-1.1760279635759e-15,2.00025934177463e-09,-6.84755381915794e-16,2.63707914156068e-16,-1.4648514313469e-15,-8.5254311088138e-16,1.52579258446316e-15,1.37199687314641e-15,6.2213761778057e-16,-2.19422468557943e-16,5.44980462797333e-16,6.50242904361798e-16,-1.82455887315421e-16,-1.06634523119958e-09,3.54194550579151e-09,-6.69543651089259e-16,3.29395934629329e-16,1.4748526775287e-16,-2.84274532301055e-16,-5.03069808033274e-17,-2.33262710979023e-16,-4.53343399510802e-16,-2.35244640338258e-16,-3.40324358163765e-09,-1.33741882675566e-15,1.00264330186995e-16,4.61838094320946e-16,5.60444042738722e-16,3.98618970820361e-10,-5.48376168540103e-16,-6.36098041122286e-11,-5.54704913567244e-16,-1.82416645333663e-15,8.42218966090269e-17,-3.32101248252587e-16,3.96836392036851e-16,-7.52003198200322e-16,7.26838206019598e-17,8.67767408242024e-16,-3.39637277163654e-16,-1.58320775067288e-16,-4.65357325077846e-16,2.90571669109077e-16,-1.8462140815029e-16,-1.00924926971606e-16,-2.13199074014012e-16,-1.44897235433773e-16,-2.47218376905696e-16,2.76438636467388e-16,-9.33025678902137e-18,2.49723296294461e-16,-4.27717757045531e-16,-3.82744563635218e-16,-3.20831715451547e-16,-4.67471823960156e-16,-1.59486889284311e-16,1.37748342968153e-09,5.6962767724539e-16,1.86746149113674e-16,-1.84675532080524e-16,1.33390552144205e-16,-3.7814847902461e-16,-3.46170415254827e-16,-1.195174560919e-16,1.49094539842648e-16,-1.97298558578924e-16,1.49433412148005e-16,-3.90746462963776e-16,5.62358855627186e-16,3.49526459027612e-16,2.24940760297906e-16,6.36736554476511e-17,3.84269309234875e-16,1.68883386318467e-16,-1.79181207426387e-08,-2.23106927861964e-16,5.44132670918393e-17,-1.11373490561969e-16,2.7170401192179e-16,-2.20249920701342e-16,-6.99397821130915e-17,-6.52158870233817e-19,-5.90583525068022e-17,5.91183013108143e-17,9.45063848926667e-10,4.02583258135493e-17,-3.48595144899581e-17,-1.0406229051334e-16,2.73713016174587e-16,-6.45521886632541e-17,-1.88423069094088e-16,-1.09149267720578e-16,-1.4527633922047e-16,-4.56017064311551e-17,1.47917600988918e-17,-1.33384950756795e-16,-1.54106514913173e-16,-5.90995375012044e-16,1.95217087199245e-08,-1.58850064348165e-16,-1.51250321829889e-19,-9.27137446180584e-16,-3.77952877328447e-16,-1.32542153489886e-09,2.79681985099364e-16,2.54120793112474e-16,9.94570581916062e-17,-3.23102760803642e-17,-6.02142647110659e-17,6.33871652647431e-17,1.81775712373231e-16,-7.55607304571762e-17,2.22123845955128e-16,-1.07239720617314e-16,1.53939796054854e-17,-2.09209262697027e-19,-8.23573532547119e-17,1.98276232782798e-17,1.49239462466828e-16,1.385888682785e-16,-1.43666287095379e-16
"t589",0.0329902999467554,-0.00821241764024855,-0.00884092281854132,0.00040145659527194,0.00201660814195652,0.00387534406988299,0.000864929119548619,7.76206940946056e-06,-0.0364780727580127,0.143080205797216,-0.0261765935236904,0.00343409448648406,-0.00673451564409037,-0.00141839568753087,-0.0380171219691348,0.000862363611755672,0.000550077635182018,-6.47126068606437e-05,-0.0284858773830782,0.00397267789405439,-3.44807836943712e-05,4.73850372692931e-05,-0.00652091412263073,-2.00165867445916e-05,-1.4048614525946e-05,0.00112382412628759,-0.00575268795978005,5.77357038937055e-05,-0.000920548185725488,0.00772319300888773,0.00107587673923843,-0.0549257341212666,0.000906759896532962,-0.0146570304579286,0.000897274981961774,-0.000188596714974483,-9.22164387865125e-06,2.21161982367482e-05,0.00124989345192756,0.000418980343333909,0.000390984975032208,-0.0104005020633288,0.000923941366222337,-0.124758650570671,-0.000305787136205287,1.40096178037011e-05,-2.08549705421938e-06,2.84645344398485e-05,-0.0013081384633506,0.00177059294051696,-9.63702313836352e-06,7.4027499346314e-06,-7.82747971114275e-07,1.94090948699328e-06,-1.77102930035972e-05,2.96412362667903e-05,8.055858771159e-05,-0.00111874170188154,0.0150213271639328,2.8517087303987e-06,1.42640657818281e-06,-5.81764307760829e-05,2.84581516678981e-05,-2.02601058871655e-05,5.45954730083429e-05,-2.13110555726117e-06,2.20923744597379e-06,-9.28976889270847e-06,1.42082931913441e-06,-1.98478453998036e-07,-2.22032860021045e-07,9.71730525737777e-07,-3.53687632612049e-06,-2.5300218842789e-06,1.07563866929989e-06,4.01625871755661e-07,-9.83509036843954e-06,1.55319025601758e-06,-0.000229407243208897,-7.71489588159107e-05,5.20298932363388e-06,0.000414384621808616,-0.000311333147198048,-2.76269969375651e-05,0.00019290436204083,0.000190964201156818,-6.83752072764961e-05,-0.000638852019895212,-3.26515390059648e-06,0.000161633554244449,-0.140648801050405,-8.40582165314435e-08,-5.24546869510381e-05,2.66460392530062e-05,1.07636192179717e-05,2.84849950051087e-06,3.33283815550118e-07,-1.39251964550551e-06,1.42117009134233e-05,9.94461365773391e-05,4.21199218760685e-06,-2.70938389586913e-08,5.50711498581209e-06,-7.97249376674524e-07,2.75512025486533e-07,-1.1572582918194e-08,4.27382085851986e-07,3.58038744581627e-10,-9.81042481364061e-07,1.5799571075276e-09,6.13957710635927e-08,2.1738034154564e-07,-7.06945924432463e-08,1.38631529965497e-07,-5.01900318857731e-06,2.00052446028399e-07,-1.06325604465374e-05,1.2532730016257e-05,-4.53825491868431e-06,1.67472790981184e-06,-9.7440770540358e-07,2.09582095608216e-06,-1.96127241270509e-05,-3.40884884279026e-05,1.56916421242999e-07,-3.49406843170821e-06,3.66220764178547e-07,-0.000726485316343727,7.46879172853173e-06,0.000260000090955304,1.9274421321144e-06,-7.17191681782635e-06,5.60517307561728e-07,9.70034927814139e-06,-1.55961275559898e-08,1.02848975797804e-05,-1.05435980683589e-05,-1.06387075021954e-06,3.96042790754402e-05,-3.31201406290228e-05,-2.83699617024774e-05,-2.46198161425561e-06,2.1570626540383e-05,1.34123437697997e-06,7.7344510832757e-09,-2.19924492258829e-06,-6.32795616704152e-07,1.43337640395207e-05,9.8627643491466e-07,-5.48631618511352e-07,-7.08904207533589e-07,-2.20857910810585e-05,-1.10682200401224e-06,0.00172886861657459,-1.36117997835877e-07,-2.19927474546704e-06,0.00170483540576552,3.8665517614449e-06,0.000113777766492049,0.358363564626877,-9.23405922151866e-06,1.1759016743205e-06,-2.52023365035462e-05,-7.36364902542071e-06,4.16706976382625e-06,-2.63464197074626e-06,0.000193566593339012,3.32776034176216e-06,0.000165699866088457,3.43600707119901e-06,-6.34990548908598e-06,-1.1273397045343e-06,1.50023595130421e-07,2.41430688473272e-05,1.12464992981899e-06,2.37019660725613e-06,1.05780383959216e-07,-6.78176167442742e-06,-0.0718090710250527,0.000149774699321392,-0.000296345478278019,-2.93095906682661e-05,4.77221152150396e-06,1.53840436983014e-08,3.90225077923243e-07,8.14498320908769e-08,0.000396841376205198,-4.20170968745634e-05,-0.000183730551415166,2.38465815212879e-06,1.77387260484463e-06,-8.73282156297468e-07,-1.18573350909023e-07,1.1678245235641e-10,2.11490198546025e-08,-4.29809286043248e-06,-7.66613176482312e-06,-1.67020667211141e-07,8.84691051582955e-06,0.232874821313798,-8.92591227104822e-05,-2.94700094667614e-05,1.28125162569847e-07,2.15969105787965e-07,1.3021563810646e-05,1.27876331208542e-06,-6.31885842419427e-06,-6.45000459025685e-07,2.33085753346208e-05,2.79231394359881e-09,2.84046586881573e-05,1.35213502142282e-07,-6.97068849933659e-08,-2.48062442496718e-06,-1.3808248722135e-09,-2.85732768245501e-08,1.44149702306154e-08,9.89546883118868e-09,-1.50009019139603e-06,-1.89729954980287e-06,-9.22843269337275e-07,1.41356098621908e-06,3.32173597192337e-07,1.51978139915626e-06,-5.95417094775496e-06,-3.63684307217666e-07,-3.50600760214063e-05,-3.35724430688474e-07,-5.75027588285478e-05,-0.0252542765819341,-6.99179331152505e-06,-1.08189960980652e-06,-0.0313337863326709,1.70607806509263e-05,-5.078857151597e-08,-6.63321415221146e-11,-3.72728850644927e-08,4.72496978817938e-17,-3.47300297205792e-09,5.94243844470252e-08,-2.49104297399551e-08,-8.52751001989441e-08,-1.3499386340678e-06,1.88246334937271e-08,-3.2709872681655e-07,1.49447312367412e-07,-1.23824022419141e-07,8.48900069900114e-09,-4.12582401937719e-08,1.75545190362927e-05,-1.16886064940971e-08,1.29627490350971e-06,-4.81820324316735e-06,5.69092125370924e-09,-3.89768870716171e-10,1.92157072428313e-08,-1.93961479539159e-08,3.06730594123053e-07,3.48733770133747e-06,-6.7970309739441e-07,3.22986351136087e-07,-2.56463789031787e-06,7.07185610320545e-06,-4.37897991437405e-07,2.02342286124855e-06,-6.89583493044491e-07,1.68821853534275e-08,0.000195826589967803,1.86918075938938e-06,3.6163445697004e-07,3.30795373619621e-09,-5.41047728359162e-07,1.22727640774754e-07,-1.92225791047847e-07,3.08146109353844e-07,-6.01787668080526e-07,4.78376484349339e-07,-3.55933992886947e-08,7.08724960631153e-06,-3.1126604668093e-08,5.15773130391011e-06,1.30131128933614e-16,-1.30342885031969e-05,-5.44005142834728e-07,-1.40823474495623e-11,-1.27073295615604e-07,1.92075254536532e-07,-1.20619277068762e-07,-3.44727246991185e-08,4.37595857858794e-09,-1.96485604631678e-07,7.43981705848496e-06,1.20790295495393e-06,-2.38659281320494e-08,1.28107747135522e-05,-1.88622010447023e-05,1.25295544387923e-06,-1.15542619455045e-05,4.42070891280497e-07,0.000698192333308646,1.02682879158845e-08,0.00327973833407626,-5.3905260792209e-06,2.56307742682088e-08,-8.93430252078986e-06,1.20108920130172e-06,-4.56315429729011e-06,5.3291210815008e-06,2.13702725290874e-05,2.76239248491527e-06,-9.37467659717048e-07,-7.90830848948248e-06,1.19408459483859e-06,-1.01585920496467e-05,1.9326958370533e-05,0.271802877241592,0.000163141194167725,-3.89031632945295e-16,-7.0853125716184e-08,-8.26128587528893e-07,7.02755665988545e-08,-1.68076330279146e-05,-4.335577646259e-08,-4.28947574774776e-06,-9.5943657207193e-06,2.8336727176824e-06,-1.13112536498996e-05,6.71523335985514e-16,3.48032592035293e-05,6.5888485883701e-09,1.22357068233395e-06,-1.21148759848481e-07,-2.64636312461918e-06,9.66281753789379e-07,0.00525287911481793,-0.0485563951372409,-3.96309669281443e-07,0.000197176047593825,-9.95750014221565e-09,-6.71251862986321e-07,-6.80832601899416e-10,-5.1932629962885e-11,-2.98275528142424e-07,1.74920981682345e-09,-3.63164790940396e-08,-3.0659142990377e-16,2.80771525228517e-08,-2.4729707953728e-09,-7.13414150791724e-11,-1.00009823577372e-09,2.91353205907997e-05,2.17034480624766e-06,-2.2468863510884e-08,8.15468387695837e-08,4.49659421375407e-08,-2.66843931363056e-16,3.36548510357269e-07,2.74335892223767e-09,3.96909357651638e-07,-7.26575646133783e-18,-1.66666119028136e-07,-2.08989194056231e-08,3.16946832425545e-09,5.47389234495465e-07,1.75992945456663e-07,9.13870644712575e-08,6.76708322956237e-08,-8.40723196707635e-08,-1.40733221337369e-08,-7.44079267802099e-10,-6.10338433207201e-07,-4.70666085097456e-09,-3.73130066890642e-18,1.62015539078804e-09,-5.88394076343838e-08,-2.54605228457086e-08,9.99585504558894e-05,-1.12286722264196e-17,7.26511348466281e-10,1.16017655443605e-10,-0.00027058915024759,4.38100330955222e-10,1.23770125503854e-08,5.75024572612931e-10,-1.89264396701626e-08,2.2016646592902e-07,-7.46419557857401e-16,1.14760743602048e-06,-5.61259113382277e-09,1.76332030378663e-08,7.1600408301347e-06,2.09898815799612e-09,-9.51931752338448e-10,-2.53269627492614e-16,1.47580776354526e-17,-1.29189849880303e-09,-3.78085040036416e-09,5.03184428500462e-10,-2.5473154488439e-07,2.17658342487314e-16,-1.34470343291649e-07,-1.65433095936967e-09,1.53694926125257e-16,2.71342732313072e-17,4.09522474691755e-17,3.91641338295605e-07,2.49960423377253e-08,-2.85041390171814e-08,8.94564517252132e-07,1.27487375630457e-07,2.43899906754157e-08,-1.0621441951771e-08,2.09515751164799e-17,-2.47354600072705e-09,7.09188471073623e-09,7.03431705939314e-17,-4.67663259802596e-17,-4.84695102524348e-09,-1.2504350869659e-10,-3.21630751818214e-09,6.7039991261913e-05,2.73174390469343e-09,-4.81363497040866e-08,3.57740875450241e-16,-3.95629137146534e-08,-5.04639552523657e-16,-5.74418106117976e-07,-2.51968584885631e-16,-3.27528753931717e-09,-8.27620935958774e-17,1.3672592853475e-08,3.61118331755506e-09,7.20927270634442e-08,2.30154330733305e-07,1.01928432492168e-08,-1.1845017764303e-09,7.58187310483157e-09,2.77635406734958e-09,6.0455741296127e-07,4.67090117188049e-08,2.75072748945766e-09,-7.84986478304458e-09,-6.29399396304486e-07,-5.1470679164104e-08,-3.83769539516344e-09,9.20336494249936e-17,3.63660377178954e-08,-6.33936836591918e-09,3.37704285604871e-09,-1.05780018113606e-16,2.75381704611933e-08,1.82553011082874e-07,5.87348032827546e-08,1.2308565016569e-16,-1.42691150565296e-08,-3.53321230767534e-07,6.95781285337725e-16,-1.01649879871686e-08,2.3310080548284e-08,5.97786765597998e-17,-9.64962388931882e-17,-8.65101520663318e-10,-2.1358883690203e-07,-1.22213506868967e-09,-1.70408060712452e-06,1.10731504879832e-07,2.92172738135102e-09,1.29960325912289e-07,2.6495883847854e-08,-6.72145940395577e-07,1.90938844596422e-15,1.24833804098795e-10,3.97242565098855e-09,1.10109719293339e-08,1.04036727731528e-06,6.54894427224761e-17,1.53776768406126e-18,3.01241254711822e-05,6.95921968611752e-17,-2.78743907289636e-16,3.61406992033843e-08,-5.39544452961519e-08,-1.0105283119709e-08,-2.78971269814007e-08,3.19944778313517e-07,8.64320499544633e-08,0.00108156172258321,-1.96791952497232e-17,1.88962751993782e-07,8.89756991987161e-09,4.09218773931526e-08,-9.05226129188726e-09,3.62383135419877e-08,6.16390563684401e-17,-8.52378670379038e-16,2.78016240092803e-16,-1.47713839761846e-07,-1.55526658799578e-09,-1.00866418553354e-07,-4.53482398894806e-18,-1.19929336772346e-09,-4.26168771457007e-17,-5.10748262847714e-17,2.00749417761439e-07,-5.0276750319619e-08,-2.25947732745979e-16,-4.17030378993408e-07,-5.64021600244504e-09,5.81328638581703e-16,1.28292039630764e-08,1.9005110059756e-16,2.0889823717042e-07,1.28498315367744e-16,2.08479531203186e-07,3.94701153065235e-08,1.42991966476671e-09,6.16141429289625e-08,4.23639236993849e-07,-4.65529659623726e-09,1.44142973681149e-07,7.15402470765523e-17,8.61113764370481e-08,-4.86576352815498e-09,8.41251337604961e-18,-6.41980680924645e-10,-1.31177303553267e-08,3.05506929446731e-09,-9.61805082813032e-16,9.87874722329804e-09,1.3086546327897e-08,-5.43864701813983e-17,-3.63878351221466e-07,-2.7648145935186e-07,-3.7890233611312e-10,8.61143061994711e-17,6.95878872034302e-17,6.83809258127098e-09,9.58616981736222e-08,7.76199294447335e-09,-2.79873682741013e-09,5.83608315110137e-08,-3.20819639646933e-16,9.70203608580675e-17,2.14018987652505e-07,1.27703249250661e-07,2.91239991038751e-16,5.23466606344542e-07,-4.82210610257683e-17,6.08983180382326e-09,-0.00088286409912838,-1.54038558530511e-08,-3.23061294796785e-07,4.52908949009298e-17,1.00835575175843e-16,2.08429366698893e-16,-2.66512713766983e-17,-6.63082391854429e-10,-2.30445826655732e-09,1.4807711369539e-16,8.52592689903982e-17,2.14886330189435e-17,3.26256938705029e-09,2.93823283808726e-11,-1.62608042753149e-09,-3.44361490608828e-17,1.56613003815531e-15,-5.07731877374962e-16,-7.07018062212112e-08,2.1643724081167e-09,-6.70949046393972e-16,3.81453681340438e-10,-9.99623699227234e-09,-1.97870312530371e-16,2.06223609971221e-16,-3.14880441404148e-07,-7.10348114776449e-11,-1.563773310924e-07,3.8576179241884e-17,3.89130050661037e-09,6.29401070711209e-08,6.77814621766824e-08,-2.16999485442556e-05,-1.4893428004964e-08,2.44403528430742e-10,-3.35739581157836e-16,-4.02739342182978e-16,-2.9802004930004e-16,4.70349894779357e-09,-4.25926482087341e-09,-7.2835808112901e-08,-1.27218506652763e-09,5.93931368726256e-17,2.20753177416848e-16,1.3670355122685e-16,-6.25000161039312e-16,7.35255015018646e-16,6.10798240182201e-09,2.80975770246366e-17,-1.35579786841451e-16,-4.48563553573292e-08,5.58470966984109e-16,-4.01583511214131e-08,-4.91188858608013e-17,-4.97962368412003e-08,1.81930807323086e-17,-6.05149125372395e-08,-7.57953568640372e-09,-1.53036315272201e-08,1.28840160300992e-17,2.43973408838196e-07,9.64777350807429e-17,8.49607218686709e-08,-1.35688965335388e-08,7.51051479817682e-11,3.63954193687513e-17,4.14234776617722e-07,1.73898025620666e-16,-2.98901097578714e-08,-1.5260084248183e-08,-3.68788508367356e-16,-1.31566634498124e-16,-8.98842570969395e-17,1.8639981762651e-16,-1.885991750458e-05,-3.02069703653653e-08,-6.74888981639842e-09,2.797898907881e-16,1.20500804851846e-16,-1.5840373966889e-09,1.29228065939152e-08,-3.36639910291897e-16,-6.57311136996932e-16,-2.58326642705386e-08,1.5878085662501e-16,-2.1921956751328e-07,-5.05317587223403e-16,4.59415221464e-08,2.27739546032581e-16,3.30165416613682e-17,-1.06704287646672e-16,2.44615058360249e-16,2.40163090944177e-16,4.87226911895523e-16,8.85134691440334e-10,-6.19047356891593e-09,1.37274405969482e-17,-4.11276328806209e-09,1.72837285325423e-07,-4.30620675352598e-16,1.71086635224517e-16,1.28050944905074e-16,-7.11832584920692e-17,6.95979898950606e-08,1.11314664181393e-08,-1.02341418397434e-16,4.04915047813253e-18,-3.09794929552323e-08,-1.00067394625557e-08,-1.51505180899112e-10,1.77222622970526e-16,1.04713240750227e-16,1.31039892730768e-16,9.32610950009518e-16,-9.42899565037096e-17,-2.65036118555181e-16,2.66247394812429e-07,-2.10397518564857e-07,-4.84050973270635e-08,-4.99682733752281e-17,-1.56406943118755e-16,8.67953925463183e-16,1.69176788028866e-15,-7.98647189582389e-16,7.29510551292237e-16,-1.22458525893016e-16,-1.07025157685065e-16,-3.82747658637103e-16,-5.42166484632965e-17,-3.6036739616067e-16,-3.15535679879338e-16,-6.07951476641306e-17,6.8680449629833e-17,5.85495203894847e-10,4.49391647177886e-16,8.98903469453506e-16,1.83017796828376e-16,8.27306363548824e-09,-4.48041887361521e-09,4.5332804693276e-16,-2.13359124324269e-10,7.53495323546551e-09,-4.41372781938406e-16,3.51065718050928e-16,-1.44717879358774e-08,2.81171926400979e-16,1.83673326115975e-10,-1.96398631085918e-16,1.67028770940897e-16,-4.90273740020336e-16,-1.62840692208811e-17,7.97230302102198e-09,-2.43356689980819e-08,2.79886292359317e-16,-6.20747618674411e-16,4.40808675798695e-16,-4.83754260898604e-15,1.68918698473242e-15,2.71028824682569e-15,3.3262063195948e-16,9.21119590696255e-16,2.54560183750657e-10,-6.55048482796327e-16,-7.18214315293345e-16,8.4083342647492e-16,-3.58557616570756e-16,-2.63116569975004e-15,-1.67524555655843e-15,-5.0327044943205e-08,4.92149796101154e-16,-9.4710380737249e-15,3.3188769544818e-09,4.6077805187805e-15,3.65614863471062e-15,1.65967388864194e-15,-4.86738175152336e-16,2.07050745099628e-10,-1.42749878061138e-15,5.78061085135493e-08,-3.17769228307002e-14,3.60872962171508e-16,-2.92850534305546e-15,-1.70179142791062e-14,-2.67722182184091e-15,-1.16790325655568e-13,-0.817336178185355,-2.41351878703432e-13,-1.91002704596394e-14,1.82596441365538e-09,-6.52314969351858e-06,2.16589645142743e-15,2.12708210161068e-07,1.19147426727441e-07,-3.91954009389517e-15,-1.25841313607548e-14,2.07930214748328e-15,-1.83679694732175e-15,1.53222376116298e-15,-1.41691379154491e-07,2.00378899337318e-15,3.17947539719978e-15,3.86042382237886e-18,5.49481655382715e-08,1.06711994835797e-17,-1.61732813716057e-15,-2.56403612045828e-16,4.47882653769296e-16,-2.42734987268247e-08,-6.2612961205967e-16,1.61882732463531e-10,1.41728429157829e-16,-2.83057904458363e-15,8.37003482849797e-16,9.71536229930619e-16,3.90747628741978e-17,1.82152831519481e-16,3.59549387156017e-17,-2.72346271199345e-09,-5.72859806779705e-16,-1.32481120562702e-16,1.13838814199439e-09,6.46710177108488e-16,1.91332902278565e-16,-3.61558788464674e-16,3.96924919718806e-16,2.55252867924444e-16,-6.57948529109122e-16,-8.13142845309593e-09,-2.14856331147505e-17,1.87458637268575e-15,2.40845000407508e-09,-2.13915121442575e-16,-6.29122348439111e-16,2.58526065071265e-16,1.23031978931678e-15,3.97860247666772e-16,-5.11107037429795e-18,-2.14347149394801e-16,-1.12486202771232e-17,-4.90089745717403e-16,-3.49136073326888e-16,-3.63721698705325e-17,-1.24505139571888e-09,4.12301632166339e-09,6.70313595229242e-16,-2.62996873616353e-16,-1.51410109453029e-16,4.55772474269418e-16,1.61112442831346e-16,3.61994387767808e-16,9.31620089479265e-17,-1.49893234047497e-16,-3.90611397796161e-09,2.01811876735884e-16,8.96023354021572e-17,-7.27124149879405e-16,-2.30590160612248e-16,4.52925603372428e-10,-2.82812669585223e-16,-7.15735217915822e-11,2.0456511539797e-16,3.62090772990144e-16,-5.89889698142023e-16,-2.49429941543943e-16,9.06350329522949e-17,1.14480404513517e-15,1.9193513988772e-16,1.45154068112313e-16,2.38544241173137e-16,1.02258518750461e-16,2.54702782430809e-16,-2.15855204153538e-16,-1.63667144378518e-16,3.14707236561469e-16,1.22662533228019e-16,3.55480338951091e-16,-1.00204709855487e-16,-1.82551345388479e-16,1.77616871665563e-16,1.55694738522312e-16,3.89553840574042e-16,-5.8295518746769e-17,-8.40892672975876e-17,-1.34536229946294e-16,-7.04723923928855e-17,1.51007988496229e-09,3.0925895469319e-17,-3.56649540276801e-16,2.17768518726415e-16,-2.44170743937033e-16,1.14613087008857e-16,2.70997275204936e-17,1.49721753477945e-16,-4.63661255610421e-16,-2.17616535371232e-16,1.32624499868269e-16,2.64328489651966e-16,-1.07796085423694e-16,-1.46171389110036e-17,-2.83345489093623e-17,-2.63402355837913e-16,-4.03803736237379e-16,-3.86307707414319e-16,-1.94085569567384e-08,1.65098389588757e-16,-1.67856580643204e-17,7.38833825603e-17,-5.31646561448475e-16,1.75125433300039e-16,-1.07774398286768e-17,1.12018088305638e-16,2.55305816310912e-16,-3.76305889318957e-17,1.0139675312474e-09,7.46423255079207e-16,1.03530348146702e-17,2.04819283437563e-16,-1.15333422563111e-16,1.27763467605944e-16,1.19748345467581e-16,-3.26387484207561e-17,4.24287332894437e-16,2.11609317734028e-16,-1.06376362910447e-16,3.48176991330216e-17,2.19049073025707e-17,3.5876988353005e-16,2.07872488173307e-08,-5.74150350739872e-16,-1.6699728789649e-16,-1.07105028139902e-15,-2.47198095326695e-16,-1.40711101707083e-09,5.28922283922377e-17,5.20888656922361e-17,-8.06382743991576e-17,-2.12638777370885e-16,-7.12818161682049e-17,-2.59655304389284e-16,7.58714914327565e-17,9.15678890363745e-17,-5.53199054241942e-17,2.03538221495923e-16,-3.5207043281548e-17,1.59832791545763e-16,-4.99802217900637e-17,-1.38629594670043e-16,8.25538070125485e-17,1.48540064565099e-16,-9.56733656635187e-17
"t732",0.0328994669362132,-0.00816475949909183,-0.00878795754950707,0.000398232930725863,0.00199678043429795,0.00383063857081467,0.000854755429033787,7.66350460513166e-06,-0.0359309817900402,0.14047808479009,-0.025572599992019,0.00333646370351758,-0.00653745488872396,-0.00137626335051337,-0.0368386303458,0.000834053638625113,0.000531588255355385,-6.24980512433221e-05,-0.0274884802208837,0.00382156109410165,-3.30620521269778e-05,4.50316184563482e-05,-0.00617887611628623,-1.89606648656974e-05,-1.33045970153315e-05,0.00106146473497086,-0.00542969898309883,5.44649504976729e-05,-0.000866997487566512,0.00719246485995749,0.000997022872344991,-0.0507163808828092,0.000832234123328731,-0.0133950461284223,0.000816057961203796,-0.000170155982524285,-8.3084756864477e-06,1.98911892958048e-05,0.00112328834119286,0.000375906056445627,0.000349627766726091,-0.00927356353923564,0.000822327634994486,-0.111021047941484,-0.000271524994455497,1.23390517691966e-05,-1.83217732021456e-06,2.49771510531958e-05,-0.00114400811422503,0.00154274698311525,-8.35528247099401e-06,6.4031741688137e-06,-6.76822691796989e-07,1.67333197300876e-06,-1.51800727619938e-05,2.53839098791205e-05,6.78708886698046e-05,-0.000938245318766591,0.0125909047329296,2.36314579309981e-06,1.17163482611099e-06,-4.75739846232122e-05,2.31875308261216e-05,-1.64926800097884e-05,4.41396957052562e-05,-1.7122568826267e-06,1.75031747058666e-06,-7.31292306424883e-06,1.11513276481611e-06,-1.54929291469353e-07,-1.6826288213297e-07,7.1928235850045e-07,-2.6083460933264e-06,-1.85147732337567e-06,7.86388809448453e-07,2.9263610110448e-07,-7.15647793748367e-06,1.12267083913435e-06,-0.000163295717469082,-5.45707508485015e-05,3.6403499902243e-06,0.000289238226762689,-0.000213486468949809,-1.88413960559982e-05,0.00012845596243605,0.000126318753294675,-4.49216736529708e-05,-0.000419252187564931,-2.1421637600151e-06,0.000105965266821892,-0.091966311642589,-5.35906045408263e-08,-3.33629339881404e-05,1.66759624205168e-05,6.54523793652835e-06,1.72446530284141e-06,2.0172613027325e-07,-8.33284278163953e-07,8.46790899679397e-06,5.82882542003665e-05,2.43521442305334e-06,-1.56453680817765e-08,3.17567847099094e-06,-4.30595628974158e-07,1.48037476453517e-07,-6.19299814157653e-09,2.27054493494388e-07,1.89826368967718e-10,-5.18246048807489e-07,8.30019251571966e-10,3.2195373651628e-08,1.12759717578136e-07,-3.6622794627649e-08,6.97339980517823e-08,-2.50845045682452e-06,9.85649418534568e-08,-5.20463918745917e-06,6.02425648618638e-06,-2.14270799010091e-06,7.79857282504648e-07,-4.50143785056451e-07,9.41289212797748e-07,-8.64440519237562e-06,-1.50137063576109e-05,6.89215065777639e-08,-1.50438418624284e-06,1.57412665106708e-07,-0.000306807969024004,2.99191738873777e-06,0.000104089628842675,7.68202775284586e-07,-2.75215201928161e-06,2.13452750228935e-07,3.67342522954138e-06,-5.76978890820143e-09,3.79237622284925e-06,-3.69046553684919e-06,-3.56101970229582e-07,1.24159857662528e-05,-1.03631443130878e-05,-8.7725112667151e-06,-7.56662581529166e-07,6.56412470792785e-06,4.06593120873784e-07,2.34456628138863e-09,-6.48300577275916e-07,-1.75883712367838e-07,3.73454431695433e-06,2.52639943466382e-07,-1.35191440224803e-07,-1.74132809463434e-07,-5.34240254953198e-06,-2.65287171017917e-07,0.000410024690879368,-2.90921003444999e-08,-4.61683742368099e-07,0.000353281111895951,5.55439060546312e-07,1.45042849167215e-05,0.0447845143362275,-1.02471692571432e-06,1.27081782867993e-07,-2.26026113162402e-06,-6.43739435339247e-07,2.87575891247544e-07,-1.33866897105593e-07,-8.71238375204607e-07,-2.17277071549185e-08,-1.16835131839011e-06,-5.13995959188283e-08,1.54482712305898e-07,2.89594189429323e-08,-6.69703442909536e-09,-1.2239543692149e-06,-7.19368101616575e-08,-1.59429468156916e-07,-7.2948002049353e-09,6.85698723790492e-07,0.00976936544775213,-2.13067955672707e-05,4.39300087441075e-05,4.87286518367279e-06,-8.2719842007997e-07,-2.77450324073494e-09,-7.2986978589611e-08,-1.7107294995327e-08,-8.56678417067836e-05,1.12951813975592e-05,4.97283137695737e-05,-6.90469360775772e-07,-6.11887813755536e-07,3.45264548968505e-07,4.90729388272912e-08,-5.16841179878854e-11,-9.83377074042309e-09,2.30980425801853e-06,4.25006864231019e-06,9.88962645126845e-08,-5.41409524418726e-06,-0.184629456985149,7.16612687566002e-05,2.65556680483025e-05,-1.30060428253083e-07,-3.02841742412037e-07,-1.8289783722763e-05,-1.85766799104259e-06,1.02341941703615e-05,1.13336531639557e-06,-5.25278350350119e-05,-9.5515421275807e-09,-0.000165522603809268,-1.00732494988192e-06,-1.89110688692421e-06,-1.83912509555564e-05,-1.00418721987414e-08,-1.32152039786744e-07,3.36161488820352e-08,2.09476823429478e-08,-2.06676140153169e-06,-2.0429592229994e-06,-9.17458537129605e-07,1.02755853183783e-06,2.2454117664962e-07,9.48748109670014e-07,-2.90486717920363e-06,-1.68569676621252e-07,-1.60459790511896e-05,-1.14403530041434e-07,-1.60407937243604e-05,-0.00546635914428799,-1.32791583449138e-06,-1.76898388186235e-07,-0.00437572191962717,2.2697334667523e-06,-3.79397370480984e-09,-2.69100161075974e-12,-1.94508968997219e-10,-1.77931043852484e-16,1.48986766814307e-10,-3.10140388197488e-09,2.8361583518923e-09,1.35344896037304e-08,2.62197727460664e-07,-3.69571178431722e-09,8.47985448997295e-08,-4.02761134030559e-08,3.39521443171631e-08,-2.51627640496863e-09,1.28407832743748e-08,-5.93136762014553e-06,4.08570846227423e-09,-4.59311414458666e-07,1.8321601514945e-06,-2.75889170307685e-09,2.02883731191018e-10,-1.05663756221634e-08,1.18810753476783e-08,-1.8923860535317e-07,-2.30113443112289e-06,4.64667426762506e-07,-2.31663315834532e-07,1.86695456209062e-06,-5.2271090685279e-06,3.3043422667441e-07,-1.57289960513803e-06,5.37828683584331e-07,-1.41309223598097e-08,-0.000164167237360104,-1.56971305815645e-06,-3.09238204000634e-07,-2.84748781447177e-09,4.75493655003746e-07,-1.0826824956448e-07,1.9004979748044e-07,-3.08200909682261e-07,6.0735882073231e-07,-4.9271864645592e-07,3.72461251467625e-08,-7.67643725464241e-06,3.40426272469384e-08,-5.68375553197723e-06,2.16904156888329e-17,1.47319412014117e-05,6.16863963490367e-07,1.61378232384521e-11,1.49152985372934e-07,-2.2995932283285e-07,1.45734286863143e-07,4.18364190477433e-08,-5.60307718507639e-09,2.52393957112617e-07,-9.56499884271968e-06,-1.57518843750004e-06,3.22921734222637e-08,-1.7435344146015e-05,2.57731854844389e-05,-1.73353986199671e-06,1.66171015870427e-05,-6.43131020344571e-07,-0.0010163229551479,-1.49495434897917e-08,-0.00483623138295669,7.77588685413946e-06,-3.6725948533952e-08,1.26514659011871e-05,-1.67055293887599e-06,6.30627902211149e-06,-6.84306930957953e-06,-2.72425311017349e-05,-3.47215948312853e-06,1.16633328058176e-06,9.47742589551126e-06,-1.36228948263982e-06,1.09757913813758e-05,-2.03266066754985e-05,-0.271670749298181,-0.000142294280502988,-2.15784664619547e-17,-4.46168421725617e-08,-7.31136120857793e-07,9.28987599875877e-08,-2.24542837275071e-05,-5.85672766247102e-08,-6.30708327105073e-06,-1.63990380658195e-05,5.71886357820936e-06,-3.10033422138727e-05,2.43917313848448e-16,0.000175777658136978,3.5724266997398e-08,7.70771423074943e-06,-7.76825338188136e-07,-2.44434338978908e-05,1.09241787016362e-05,0.0795465369775388,-0.906454083083329,-1.21193734685185e-05,0.0104207409066223,-8.21652702728268e-07,-7.59257701814475e-05,-9.75114356087295e-08,-1.30358285061654e-08,-8.11425842436049e-05,9.74114757530333e-07,-8.08661486917085e-05,-1.753515332623e-15,-4.01486886401756e-06,3.06857634686407e-07,8.84160784506744e-09,9.62387105865276e-08,-0.00273251154850739,-0.000172267150027926,1.760514141538e-06,-6.38177672421517e-06,-3.51593131406987e-06,1.35515745763238e-15,-2.6465895774219e-05,-2.1656820157431e-07,-3.2038426799446e-05,1.86994108053648e-15,1.39683026218556e-05,1.77068564023805e-06,-2.70136265508983e-07,-4.72614125038039e-05,-1.55593667035594e-05,-8.23832582897857e-06,-6.20041355646288e-06,8.12824084782569e-06,1.37010204068017e-06,7.56020543021547e-08,6.76065247410477e-05,5.23872308540295e-07,1.88360236160528e-16,-2.25152574924469e-07,8.57355071481886e-06,4.16755172976816e-06,-0.0203273962138033,-2.22151057615341e-16,-3.32684302931645e-07,1.06464297440815e-07,-0.103554085371766,1.31506963400537e-07,2.94782728735503e-06,9.87526104928026e-08,-2.2292714055605e-06,1.45225824758177e-05,-2.96820512067984e-16,5.45669625913946e-05,-2.60578970741766e-07,7.80355428964276e-07,0.000297627870043279,8.68469703139033e-08,-3.87279993271875e-08,-4.85722573273506e-17,1.17651423320089e-16,-4.79647900857082e-08,-1.30540328309046e-07,1.72238633020727e-08,-8.21324726261539e-06,6.24360381456817e-15,-3.85320086769211e-06,-4.52049856573664e-08,-2.23590126950903e-16,9.2377551823508e-17,1.33501639779118e-17,9.36931740949732e-06,5.88814840728078e-07,-6.38007909383831e-07,1.92228577253447e-05,2.72684327114447e-06,5.00763434654987e-07,-2.17078461930527e-07,9.91705936402929e-17,-4.68546882715722e-08,1.31026320567482e-07,-4.04634611702503e-16,-2.33403711993172e-16,-8.18502006789628e-08,-2.06980096140379e-09,-5.18789574994058e-08,0.00106335827396315,4.20083127827417e-08,-7.36642130586374e-07,3.14184388852485e-16,-6.01465322769712e-07,-3.7953612495334e-16,-8.57191757411661e-06,-3.81476534389025e-16,-4.82286390871644e-08,-1.88402648121748e-16,1.98022707054243e-07,5.21294711514228e-08,9.97936788725871e-07,3.15870344816057e-06,1.39394692500223e-07,-1.59550431273432e-08,1.00822135321946e-07,3.58719238401076e-08,7.80924807656496e-06,5.98213329549827e-07,3.46929655011632e-08,-9.70551798697972e-08,-7.65692910368652e-06,-6.1844472728695e-07,-4.58359086554378e-08,3.61582594081092e-18,4.26524362983011e-07,-7.31055231156534e-08,3.72282689728788e-08,-1.82399782960469e-16,2.99862414910536e-07,1.95233668203777e-06,6.23464639259325e-07,-7.20948472046272e-17,-1.50890268857344e-07,-3.68138419970529e-06,-2.94970255383967e-16,-1.05162773815705e-07,2.31603819269306e-07,-9.34337099989111e-17,5.07189018749522e-17,-8.46949498250098e-09,-2.0883629402822e-06,-1.18778103369018e-08,-1.64474992275339e-05,1.05272970790334e-06,2.77417628415909e-08,1.23177049430501e-06,2.46499385093865e-07,-6.16706150703368e-06,1.37541887601511e-15,1.1398237678433e-09,3.62418264184555e-08,1.00178417627826e-07,9.43511918447674e-06,-1.93085094176798e-16,-5.38138827684326e-17,0.000272083902964484,4.60356106673817e-17,-5.45708077449061e-16,3.24205936640043e-07,-4.88577719005864e-07,-9.15346330759359e-08,-2.87388548127566e-07,3.58988120821722e-06,9.98225300386951e-07,0.0230540818519569,-5.3492556457215e-16,1.4656389988493e-06,6.930641560093e-08,3.18983421493187e-07,-7.05989799323688e-08,2.81016332587687e-07,3.21584591112909e-17,-4.15783049304276e-17,-1.25874332879623e-17,-1.12980183737663e-06,-1.18155513160611e-08,-7.65893071611704e-07,5.8442565688314e-17,-9.04524454005174e-09,3.42602612695074e-18,-9.28869419073661e-17,1.46866665913615e-06,-3.67679731336856e-07,1.795438797636e-16,-3.02706044689533e-06,-4.07627603159032e-08,-5.56213771806419e-17,9.1902807570076e-08,9.61262637193786e-17,1.48074270387447e-06,2.38643979482348e-16,1.47638189253448e-06,2.79310098103977e-07,1.01104848006068e-08,4.35153634507034e-07,2.98428230685743e-06,-3.24800534730091e-08,9.9245704104197e-07,2.74575643763296e-17,5.83377410942248e-07,-3.29077857473336e-08,6.2185517737728e-17,-4.33196671919243e-09,-8.81527664000869e-08,2.04548910102341e-08,3.04195631411579e-17,6.5324883473777e-08,8.63264006577532e-08,4.57136003981106e-17,-2.39262021101294e-06,-1.8150765557603e-06,-2.47293675693693e-09,-1.02874501248234e-16,-2.7562350239052e-16,4.40238336008097e-08,6.13628157966316e-07,4.96277920217284e-08,-1.74627747708125e-08,3.62731830032707e-07,-1.99171045306046e-16,3.16242594662552e-17,1.32665710922363e-06,7.91337925501021e-07,1.61338162130695e-16,3.22930063296764e-06,4.72311312948835e-17,3.74078881713999e-08,-0.00539162963751912,-9.403222514907e-08,-1.96892962675024e-06,-3.79599709195884e-16,8.24383895217175e-17,-3.91384198394496e-16,-8.48367842040248e-17,-3.98365875692483e-09,-1.38286145592705e-08,7.80891888855992e-17,-3.36380411892868e-17,-5.07834549704656e-16,1.94963488756758e-08,1.75264816574214e-10,-9.65247844187034e-09,4.53411570339095e-18,1.86889349482189e-16,7.80625564189563e-17,-4.12931526671627e-07,1.26339905519258e-08,5.60582085994003e-18,2.21289023889338e-09,-5.78464306806418e-08,1.18070971541905e-16,2.94912648303913e-17,-1.81161192659859e-06,-4.08498983827721e-10,-8.96241533334664e-07,-1.74401295997337e-16,2.21775803224741e-08,3.57616915196171e-07,3.83497776999348e-07,-0.000122074596454129,-8.36564556192837e-08,1.36892420100873e-09,-3.64955167316109e-17,1.50109047598008e-16,1.4918881136193e-16,2.59307563116311e-08,-2.34760716832445e-08,-4.00662275508605e-07,-6.9297751509268e-09,9.07535726387148e-17,2.70945592777686e-16,1.10713953304686e-16,9.4269331305197e-17,1.24161872823228e-16,3.29398828050143e-08,4.69422758922284e-17,5.17848671943363e-17,-2.40980215055076e-07,5.68265149533969e-17,-2.15697396313864e-07,-4.95160774448727e-18,-2.6737260091158e-07,-5.58859404660014e-17,-3.22806897639647e-07,-4.0369761525277e-08,-8.13197110738693e-08,-1.64733730301315e-16,1.29273503544756e-06,-4.76133161935983e-17,4.47432455239277e-07,-7.09080330595663e-08,3.92349591852583e-10,2.7677662245875e-17,2.15741223961957e-06,-4.67486146940793e-17,-1.5494166115727e-07,-7.9085839692209e-08,-1.00607720679857e-16,-8.65324136369984e-17,7.7878166299261e-17,-8.19208336152117e-17,-9.7373217650701e-05,-1.55804420870196e-07,-3.47706329977656e-08,-3.47541899550468e-17,-4.67314069774045e-17,-8.11798313813195e-09,6.62124851366457e-08,-2.43212229182004e-16,-2.5272552357449e-16,-1.31535233125998e-07,-1.33913615824645e-16,-1.11479978607116e-06,-2.09801972234582e-16,2.32790119452066e-07,-6.77462446234384e-18,-3.11958966620612e-16,-1.8951819702729e-17,3.47405124125321e-16,4.45774822438876e-18,-1.9103902851233e-16,4.45511550840409e-09,-3.11557165441807e-08,-6.61701820576135e-18,-2.06549674090615e-08,8.6727654629719e-07,-2.89095984820069e-16,2.62080024957278e-17,8.60255637482455e-16,1.03651844251743e-16,3.4804343025078e-07,5.56251940176111e-08,1.46368958630662e-16,-8.2442989348955e-17,-1.54686822494672e-07,-4.99606936656766e-08,-7.56171236809136e-10,-1.00364462000417e-16,5.15014167295207e-18,1.12418989401981e-16,-4.99298426041621e-17,1.23727715144125e-16,-7.12497282873365e-17,1.32312769126517e-06,-1.04527865048448e-06,-2.40418728951767e-07,-9.33921223596392e-18,1.55798480770833e-16,-1.50924521089751e-17,-2.07472248624344e-17,5.05753179068384e-17,-7.77777506257119e-17,-1.32597844860667e-17,2.56268922553064e-17,-6.44978750496558e-17,7.8665754795438e-17,1.00562444957413e-16,-6.37177309061341e-17,-6.85350568612438e-17,3.04156676333595e-17,2.90769015926992e-09,-1.54601522088657e-16,3.38239574641619e-16,-7.25505961698483e-17,4.11180798562301e-08,-2.22730177078585e-08,4.03205774945719e-17,-1.06080174359005e-09,3.75170421610973e-08,-5.53854725084395e-17,9.1151829925328e-16,-7.22322120702725e-08,-3.1363017398091e-17,9.20589524753409e-10,1.0051841228821e-16,-1.5261575976591e-17,3.48871933969617e-17,1.13860542497573e-16,4.03604810988075e-08,-1.23309174526905e-07,-3.03947779030159e-18,1.71750534649369e-16,-2.3256129801762e-17,-1.90353913824907e-16,-2.09251019289702e-17,-1.59914069561142e-16,-3.74192301896075e-17,4.65990205329157e-17,1.46857813781847e-09,1.89338687784812e-17,-3.80786694807113e-17,-1.26375571194337e-17,5.02123087546437e-17,-5.85718333606931e-17,-4.83722671683575e-17,-3.18580490532907e-07,7.53101020517312e-17,1.72862370429159e-16,2.15424094511529e-08,1.49664330648576e-16,-4.35310915390387e-17,-3.76940355903468e-17,3.73003410294132e-17,1.78796986216062e-08,-5.0501750160352e-18,-5.91301266562942e-07,8.35854140644811e-17,-3.32855625788545e-17,9.19255087158258e-17,-4.18751913298845e-17,-9.25337753976184e-17,7.41020495125244e-17,0.000186244404395263,2.02431636476316e-16,4.44729748071196e-17,2.7136759000509e-09,-1.0004601287249e-05,-1.59067599518469e-17,4.56454665078375e-07,2.72019619217619e-07,2.08321572288518e-17,-2.12289932522474e-16,-2.49186358238803e-16,-1.69063347712402e-17,1.79441871106259e-16,-4.54298559985338e-07,-7.5127635508867e-17,1.18481091684912e-17,4.34251363541117e-17,1.81601912942805e-07,-1.29385345793981e-17,1.9341900404923e-16,9.77412869614602e-17,-2.58663600462674e-17,-8.25728400436182e-08,-1.25689957802918e-17,5.54586700401398e-10,-5.31226242154779e-17,-7.87461366110158e-17,1.38710838850938e-16,6.58659971283185e-17,3.69111105239588e-18,1.36459810109081e-16,-2.96758941108693e-17,-9.59334743097209e-09,1.49593238299662e-16,9.63854251093542e-17,4.03016071118539e-09,2.84048798191849e-17,-2.49449406512735e-17,-2.92531123391491e-17,4.71656928564308e-17,6.51714763029901e-18,-2.51447711724141e-17,-2.91484977788566e-08,4.65593045933468e-17,2.12331131392829e-16,8.67063296284254e-09,-7.7347859186244e-17,-8.35568322585473e-17,2.84902710071033e-17,1.23283149523279e-16,3.06811288387142e-16,5.11121581045237e-17,-1.50816950011873e-17,-5.86940698572602e-17,-4.66089773733206e-17,4.50904020632366e-17,-9.62451507670366e-18,-4.53181645532119e-09,1.50209928547247e-08,1.15519885996191e-17,-5.54630592663435e-18,-5.46383516934406e-17,-2.94651495205938e-17,-1.52655665885959e-16,1.31355246134171e-16,-7.04196380762213e-17,2.31914500093209e-17,-1.42842028352486e-08,6.13161024476174e-17,8.89452923934929e-18,-2.75434957846292e-17,2.62296174457092e-16,1.65967856213668e-09,2.03485559152021e-16,-2.62616429349381e-10,4.46203562525936e-18,-2.40079483733012e-16,-3.63756061899057e-17,-1.49131199341833e-18,6.83872632554413e-17,2.51473429518189e-16,-2.35208906843523e-17,9.58400514351822e-17,1.46657625087294e-16,2.57391238375732e-17,-8.49908495961766e-17,8.17628882924238e-18,9.64383528073697e-17,3.5541545616241e-17,3.49053847523037e-17,9.31037384009187e-17,3.67457662140418e-17,-1.25047561329465e-16,2.25787942078911e-17,-9.68594027744955e-17,2.58582218137793e-16,-3.13514202507834e-17,7.88633605557115e-17,1.41636806947741e-17,3.09534549233665e-17,5.53434211767665e-09,-6.69330460089129e-18,-1.53284529571752e-16,3.04424582857434e-17,-1.32111587214462e-16,-2.36750075569051e-18,7.80214435496849e-17,1.48665387424258e-16,2.67172543621216e-16,-1.95080940929346e-17,4.06473982685523e-18,-1.38127356774653e-16,-1.36722361187735e-17,9.87393952912504e-18,3.57683503070309e-16,-4.38608443147196e-17,1.55181832781969e-16,4.56159342453727e-17,-7.0838609066274e-08,6.0976924286647e-17,5.76833483629284e-17,7.12941929384492e-17,-5.35542607512727e-17,-1.28540577698427e-16,-1.80809062882558e-17,7.14825432361671e-17,1.5304463547358e-16,-1.09412420942437e-18,3.6791043231453e-09,2.64228223465416e-17,3.96810489216317e-17,4.83403264817541e-17,8.27134694700285e-18,-2.99854446189892e-17,2.01466968470111e-16,-9.38736308205953e-17,1.92985839349254e-16,-4.49468950858639e-18,-1.44972519442968e-17,2.062994927643e-16,-2.75579419457532e-17,2.03924829527751e-17,7.48969687607443e-08,2.07871289487791e-17,3.41256553932979e-18,-3.66081219990562e-16,-4.63821689389299e-16,-5.0519179206448e-09,4.1782157978744e-17,2.58075085690162e-16,1.75741273378323e-16,5.32397719544942e-17,2.88793722412266e-16,-8.84243948423812e-17,6.66648209351987e-16,1.64726984026321e-16,2.1209081636982e-16,3.74203655024732e-16,1.07692417914581e-16,8.37837863745622e-17,-2.32046375952251e-17,-2.8836375454944e-19,-7.12607501202162e-17,-3.12380916098848e-18,-5.94632564673306e-17
"t145",0.0329395423794479,-0.00818575419091763,-0.0088112879776864,0.000399651454277506,0.00200549738785092,0.00385027575182996,0.000859223776032578,7.70677434001783e-06,-0.0361708729787827,0.141617219268173,-0.0258363473648409,0.00337897805442111,-0.00662322984870643,-0.00139459812026747,-0.0373511284474021,0.000846353167256889,0.000539617826505697,-6.34594805450383e-05,-0.0279213103923132,0.00388703486379913,-3.36757258127895e-05,4.6044943385933e-05,-0.00632592685640534,-1.94145581696933e-05,-1.36243804811972e-05,0.00108823024611574,-0.00556828046206275,5.58679102873766e-05,-0.000889948390461892,0.00741859887073448,0.00103053482074669,-0.0525019199572376,0.000863746685994198,-0.013927464145916,0.000850234910746734,-0.000177883038269882,-8.69083070472761e-06,2.08219559334431e-05,0.00117622822475516,0.000393901324118704,0.000366875047837017,-0.00974280592901731,0.0008645968291982,-0.116735138703356,-0.000285759512699949,1.30300604835921e-05,-1.93681649850305e-06,2.64167563616623e-05,-0.00121163785643804,0.00163644262856109,-8.88093678002634e-06,6.81258543885843e-06,-7.20199933642112e-07,1.78273069460777e-06,-1.62112435605269e-05,2.71180995397758e-05,7.29925891556265e-05,-0.00101092160554186,0.0135692070374738,2.55854778487074e-06,1.27302482694118e-06,-5.17827865400665e-05,2.52754797278473e-05,-1.79843621188294e-05,4.82634312897671e-05,-1.87686119593094e-06,1.92921901755714e-06,-8.08069858442732e-06,1.23365389490467e-06,-1.71760203706526e-07,-1.88685205271355e-07,8.13825654812864e-07,-2.95531127818485e-06,-2.10385050240528e-06,8.93906921914281e-07,3.33066302597109e-07,-8.1493073719888e-06,1.28159744483972e-06,-0.000187472734807062,-6.27956112784943e-05,4.20576135060105e-06,0.000334452892078321,-0.000248448306222825,-2.19698752573102e-05,0.000151061235667672,0.000148896840357398,-5.30774028416781e-05,-0.000495561420261773,-2.53232139445773e-06,0.000125296897342399,-0.108843545323773,-6.39816267189453e-08,-3.98641622778131e-05,2.00352843561068e-05,7.93978332940277e-06,2.094958121459e-06,2.45082822445855e-07,-1.01618527769773e-06,1.03410436789517e-05,7.15623227231291e-05,3.00294609639172e-06,-1.93004147531335e-08,3.91930952849517e-06,-5.42356904164042e-07,1.86752576783426e-07,-7.82216351652046e-09,2.87411497555402e-07,2.40434120275019e-10,-6.57123229368638e-07,1.05417939362615e-09,4.09122796566029e-08,1.43750044151952e-07,-4.67059814032702e-08,8.96966422294566e-08,-3.23248764258178e-06,1.2753112123249e-07,-6.74651808760099e-06,7.84860729017146e-06,-2.80536641078429e-06,1.02487044099902e-06,-5.92836126360494e-07,1.24895307884298e-06,-1.15259997415182e-05,-2.0022255348303e-05,9.19785638566785e-08,-2.01787643929851e-06,2.11232017929136e-07,-0.000413525143021916,4.08462220298232e-06,0.000142125711384643,1.05002551743881e-06,-3.79505375624611e-06,2.94851828697695e-07,5.08069104823289e-06,-8.02188417870632e-09,5.27647434101927e-06,-5.19257761714545e-06,-5.05678244980683e-07,1.78587850205857e-05,-1.49115091774888e-05,-1.26509182692367e-05,-1.09243458053183e-06,9.49442413471164e-06,5.88515191892842e-07,3.39362864234914e-09,-9.43151844228078e-07,-2.58514045917593e-07,5.54769913460828e-06,3.76307300324728e-07,-2.02572127471612e-07,-2.61046820211868e-07,-8.02732246908531e-06,-3.99152269975719e-07,0.000617879055907986,-4.44751272954317e-08,-7.07459099852123e-07,0.000542248779941838,8.86534370272323e-07,2.3381409352969e-05,0.0723054983436406,-1.66869277090397e-06,2.07313462350479e-07,-3.72897480745728e-06,-1.06350987156584e-06,4.80463125119519e-07,-2.26143432091648e-07,-1.52160921415192e-06,-3.79931513891459e-08,-2.04361903337451e-06,-9.03296200629917e-08,2.73000940742982e-07,5.12181292312661e-08,-1.1977561983785e-08,-2.19681404583445e-06,-1.30119704400037e-07,-2.88930911898022e-07,-1.32332652177912e-08,1.26714423572643e-06,0.0184133927842109,-4.02987323911873e-05,8.33639629680913e-05,9.33935267356098e-06,-1.59156316233035e-06,-5.35866665055064e-09,-1.41478298819563e-07,-3.3571826295378e-08,-0.000168637807768302,2.28521447107687e-05,0.000100702539462026,-1.41152840490825e-06,-1.28487841668758e-06,7.41998978121387e-07,1.06329706116024e-07,-1.13386277439163e-10,-2.1777666300411e-08,5.26500606268053e-06,9.75013986647586e-06,2.30035039854261e-07,-1.26820820052709e-05,-0.457721988725945,0.000178154426589908,6.77321165015085e-05,-3.40512702591448e-07,-8.47787692345016e-07,-5.12177406506856e-05,-5.23607708272265e-06,2.94371025834258e-05,3.3072824768875e-06,-0.000159488589442316,-3.05570060442371e-08,-0.000553814452313924,-3.4192170134106e-06,-6.87426274100087e-06,-6.96383919737307e-05,-3.80655724943969e-08,-5.17949148415297e-07,1.44382620608848e-07,9.16820893926926e-08,-1.00830004347142e-05,-1.08446111032694e-05,-5.0249058610593e-06,6.49080392048877e-06,1.47291943800578e-06,6.4990363173221e-06,-2.30514758238589e-05,-1.38243499670599e-06,-0.000132683610410393,-1.16098960378688e-06,-0.000189370896524025,-0.0791095451567384,-2.14387192684543e-05,-3.24733386762717e-06,-0.0922498610884833,4.99604370852539e-05,-1.41862068512791e-07,-1.80232329905238e-10,-9.84299215262074e-08,5.88677803406396e-17,-8.82465093096806e-09,1.49879266312172e-07,-5.98415042928781e-08,-1.97827924302817e-07,-3.04750888671528e-06,4.24291723628017e-08,-7.03170733614293e-07,3.18838001693495e-07,-2.63257438722046e-07,1.77561114522948e-08,-8.53724196365769e-08,3.56324714626203e-05,-2.35286849835122e-08,2.60046783124731e-06,-9.4901939893858e-06,1.04328228249652e-08,-6.97741412824388e-10,3.37417751482646e-08,-3.27078376752269e-08,5.15788799506899e-07,5.70685851335507e-06,-1.0958051556e-06,5.09895014714869e-07,-4.02189889409632e-06,1.10134529776701e-05,-6.75468043323487e-07,3.07755738066406e-06,-1.04715795769449e-06,2.47480949016462e-08,0.00028683785125672,2.73542704343769e-06,5.24238078648501e-07,4.77847565191751e-09,-7.72877586969227e-07,1.74950820881645e-07,-2.56254898103891e-07,4.07760100148443e-07,-7.91664646241593e-07,6.2086844827266e-07,-4.56969673349105e-08,8.87740118497126e-06,-3.87082053335526e-08,6.37734493232156e-06,-3.21654492969638e-16,-1.57995857116068e-05,-6.57685381002635e-07,-1.68789562328488e-11,-1.49209268989937e-07,2.21525198610494e-07,-1.37920852285673e-07,-3.92490251406173e-08,4.70692586913923e-09,-2.10548185461765e-07,7.96412376572961e-06,1.27061882206999e-06,-2.38392884384057e-08,1.2677884992624e-05,-1.85448331907425e-05,1.20507116386663e-06,-1.01474570870957e-05,3.7223696632417e-07,0.000586406401129865,8.61771555556775e-09,0.00244463638569925,-3.38006826570609e-06,1.5659676480888e-08,-5.24440521005598e-06,6.69144088902267e-07,-2.49949622542202e-06,2.48273431229863e-06,9.81797463492679e-06,1.23606517684485e-06,-4.11730794014081e-07,-3.25430316583883e-06,4.53615285493426e-07,-3.55182631356583e-06,6.49604288062212e-06,0.0849938063988748,4.25328398793425e-05,8.34266535693096e-17,1.00032559175988e-08,1.5909994260092e-07,-1.93223184963027e-08,4.66405618002559e-06,1.21479177265083e-08,1.29366087616506e-06,3.29312502294831e-06,-1.11962861559262e-06,5.7609528952538e-06,-7.3657624515486e-18,-2.8864547720646e-05,-5.77449543318054e-09,-1.20407240400268e-06,1.20856059312886e-07,3.48691156555212e-06,-1.48338625179921e-06,-0.0100547285595157,0.108905655734379,1.29866570152681e-06,-0.000998578366749563,7.30310236496883e-08,6.45881389252901e-06,8.06716599136706e-09,1.02511574988189e-09,6.34471159549915e-06,-7.33951644112025e-08,5.91630387656825e-06,1.42025691933676e-16,2.31136382745596e-07,-1.67195467895911e-08,-4.81481387575159e-10,-4.42339562830402e-09,0.000122178350288925,5.187524662753e-06,-4.60819748926426e-08,1.62154203583864e-07,7.92477360928052e-08,-1.22297970769606e-15,5.11513497590699e-07,3.93020515209763e-09,4.42699360521839e-07,-3.78480783736153e-17,-1.29461468086043e-07,-1.45471847126323e-08,2.07273489431459e-09,3.0995331747512e-07,7.32663795468502e-08,2.74801004000814e-08,1.407887571576e-08,6.79947881658783e-09,1.64457550135813e-09,2.48773374786908e-10,4.65709700658495e-07,3.70353264902678e-09,-9.85746871438545e-17,-3.11232273310451e-09,1.28257013797778e-07,7.26187085989662e-08,-0.000428195703576243,-5.07182607120695e-17,-9.4857150371302e-09,3.85996186294361e-09,-0.00409371270920202,5.39393996638337e-09,1.26050926002969e-07,4.53239451931394e-09,-1.13054192100565e-07,8.89350891388675e-07,-1.04426876810602e-15,3.76383887217287e-06,-1.8132207694403e-08,5.52644684293344e-08,2.15656965324983e-05,6.30342394322286e-09,-2.82816814596713e-09,7.63278329429795e-16,-5.45692768134121e-17,-3.61942302744523e-09,-1.01031741118676e-08,1.33698838012098e-09,-6.50472854404918e-07,4.54279115109176e-16,-3.16646261827205e-07,-3.76540114223398e-09,3.20706227727361e-16,-2.7401373842281e-16,-3.77392355641655e-16,8.05613430046712e-07,5.07780093109871e-08,-5.54783812418724e-08,1.67953935599164e-06,2.38350921027838e-07,4.38835077997063e-08,-1.90260102857841e-08,3.12243652367299e-16,-4.09553358048048e-09,1.14143746611381e-08,-1.06382861914629e-15,8.61467358362878e-16,-6.94483036441408e-09,-1.73912174516497e-10,-4.2924514788283e-09,8.69415693377199e-05,3.34436704315636e-09,-5.83641742319767e-08,-4.02581346506947e-16,-4.73303105625565e-08,-4.49090264091906e-16,-6.60344882416432e-07,-2.3617718024338e-15,-3.65154048722461e-09,8.17840343809422e-16,1.46339066870184e-08,3.83231872143991e-09,6.7676591111162e-08,2.09892582157809e-07,9.18066810517246e-09,-1.00811136338022e-09,6.1199234367934e-09,1.94844049229977e-09,4.2369803424036e-07,3.11714980393781e-08,1.66297856527197e-09,-4.06003580279547e-09,-2.77237431179031e-07,-1.94426388102424e-08,-1.32804249787153e-09,1.8838229915023e-17,8.87944286943715e-09,-8.88592855558226e-10,-6.52619888034711e-10,-1.69600401188522e-15,-8.34244385835892e-09,-8.80572956695838e-08,-3.31677346508735e-08,1.76454827687432e-15,8.68359134376889e-09,2.80349965781448e-07,-5.87600888496183e-15,9.06277457215837e-09,-3.75463467586718e-08,-4.57821254548076e-17,4.62999008518126e-15,1.70733810222136e-09,4.29121811855074e-07,2.66784618763684e-09,4.0968481673845e-06,-3.30761381970713e-07,-8.89315885641698e-09,-4.0626345766966e-07,-1.11445330767334e-07,3.66109126851841e-06,1.33671285845738e-14,-7.54503011881334e-10,-2.44534897174673e-08,-7.23688067809178e-08,-7.41796032659369e-06,-4.97304648469473e-16,1.23075105992111e-15,-0.000241482007391701,1.58770554753347e-15,-4.39353466742612e-15,-8.1795991597934e-07,1.65440750499464e-06,3.12126031622427e-07,3.10901392630746e-06,-5.34680646954983e-05,-1.61567529705862e-05,-0.833938008845386,1.9687950690197e-14,5.01804862638614e-06,1.97230391019545e-07,8.61222206477031e-07,-1.53215787399901e-07,4.60968109258553e-07,-1.81338931041171e-16,-8.7612738021906e-16,-9.86847106323692e-16,-1.42447413178242e-06,-1.36912989281486e-08,-8.82260578637307e-07,-4.48425148554678e-15,-9.72105937290608e-09,2.15199019248865e-15,-3.02674878603339e-17,1.26649610879025e-06,-3.16391011562438e-07,3.67327696038089e-16,-2.50414113188416e-06,-3.30167476059636e-08,1.77298375324487e-15,7.15552198504077e-08,-1.33224836176211e-15,1.10553847362156e-06,-9.25287320796516e-16,1.09842811271579e-06,2.07249254186414e-07,7.47950545628072e-09,3.20587534520813e-07,2.17867386302837e-06,-2.29701815737172e-08,6.75131950021862e-07,7.4538171803647e-16,3.80911504804792e-07,-2.14019133738897e-08,9.7517756689317e-16,-2.80283303127664e-09,-5.65199194922645e-08,1.30122066529001e-08,-1.11652428118597e-16,4.05456358816307e-08,5.33398886711658e-08,8.70023859576044e-16,-1.46979328806193e-06,-1.11189145928713e-06,-1.49981579590604e-09,-1.30281583079434e-16,9.22651601679767e-16,2.61345908987131e-08,3.61281886960939e-07,2.91713057863974e-08,-9.95559973276898e-09,2.05907860615218e-07,-9.53402939686104e-17,8.26147726235626e-16,7.509318669183e-07,4.47763237447945e-07,-7.62489338457832e-16,1.81876581997085e-06,2.88050894698651e-17,2.09781677860383e-08,-0.0030067570366899,-5.24189296751657e-08,-1.09595525683164e-06,3.40243764904142e-16,-1.25007217030601e-16,6.49378252880343e-16,-2.57431194167653e-16,-2.19014292178824e-09,-7.5956215910575e-09,-1.1434803905605e-16,4.44424121442157e-16,1.52756037817067e-16,1.06736040999884e-08,9.5818964804403e-11,-5.25810600954875e-09,1.58115797609381e-16,-7.10857154390121e-16,-4.02510056535244e-16,-2.22492882735028e-07,6.80502570541965e-09,3.30991395927819e-16,1.18747786905109e-09,-3.0996961323184e-08,4.31028879452374e-16,-6.0440707415148e-16,-9.67625194908628e-07,-2.18134670350992e-10,-4.77730929987655e-07,-2.77577655420112e-16,1.17881069631411e-08,1.89804233559304e-07,2.03140031947385e-07,-6.45002928668931e-05,-4.41728317068553e-08,7.21978533744687e-10,3.98650903290988e-16,5.80566355949162e-16,4.44379193888686e-16,1.35956577153047e-08,-1.23076599326418e-08,-2.0991482382837e-07,-3.61965595368274e-09,3.08902763438726e-16,-1.36808949981883e-16,6.55301370818204e-17,-5.03221264841422e-16,-1.64292068306718e-16,1.71592640832592e-08,-3.86522647452123e-16,-2.36904951904345e-16,-1.25416010707857e-07,-1.60202353221907e-16,-1.12252416841109e-07,-1.47960305255267e-16,-1.39133867458197e-07,6.62856721546967e-17,-1.67737234213434e-07,-2.09703167637244e-08,-4.2222363350773e-08,1.03854790401081e-16,6.70843694557663e-07,-1.73938083882291e-16,2.31940370842301e-07,-3.67148915549845e-08,2.0314181487938e-10,-1.80806456199492e-16,1.11658022575756e-06,-1.80815278172224e-16,-8.0147332369449e-08,-4.09080777026379e-08,-5.35652022015266e-16,-1.0989373889085e-16,-3.00796777265901e-17,1.70496839549062e-16,-5.03485544888953e-05,-8.05542798228362e-08,-1.79754105541363e-08,8.28557600217622e-17,1.8861296732285e-16,-4.19510821975721e-09,3.4215946040448e-08,1.55765438923154e-16,7.03872210548491e-17,-6.79504759845226e-08,-3.37086499651888e-17,-5.75874203954996e-07,3.04846215637323e-16,1.20242241126368e-07,7.95921960706811e-17,-6.80646451090089e-16,2.31022167644312e-17,2.38825909712804e-16,-3.23755717462089e-16,-1.28351396956854e-16,2.30120334537576e-09,-1.60929094974982e-08,4.2176472197839e-17,-1.06695748427801e-08,4.48017172109095e-07,-2.88863018146139e-16,5.69797187789112e-17,5.27929473548619e-16,-4.41970492418291e-17,1.79827215188756e-07,2.87421041226975e-08,-3.68892104439191e-16,-2.24843990331304e-16,-7.99338097917493e-08,-2.58172364352715e-08,-3.90764845394353e-10,-1.72166161637355e-16,8.62398662724342e-17,4.18484589215745e-17,-1.93962095232826e-16,1.07449494533877e-16,-8.10758311019326e-17,6.84207558354941e-07,-5.40568878851366e-07,-1.24342844855874e-07,-2.06968145796459e-16,-1.4249913452627e-16,5.94729605685698e-17,2.64177269640477e-16,-1.26112249550421e-16,1.28657788621192e-16,2.30363441081537e-16,-1.04807407573217e-16,-2.65320037487546e-17,5.34573485283553e-17,-8.44577753404162e-17,-1.95686065986373e-16,2.59009007064519e-16,2.05619153407828e-16,1.50624568818049e-09,3.42818489921462e-16,-1.68727696724501e-16,-2.03816628428434e-16,2.13054199410138e-08,-1.15414972217059e-08,1.18327876478505e-16,-5.49709923118216e-10,1.94477478945685e-08,7.06912615221713e-17,1.35664989578497e-16,-3.74589508457097e-08,-7.99587901569981e-17,4.77669037256728e-10,-1.98613793733246e-16,-1.51937680912667e-16,-1.00162126558503e-16,1.55175377706665e-16,2.09611229540217e-08,-6.40444601407847e-08,4.10670334693447e-16,-2.47130720548174e-16,-8.50114823048013e-17,1.12395976553473e-16,1.86808034319252e-16,1.83777716713498e-16,-1.25602341205862e-16,-2.95479435215788e-16,7.65581648565664e-10,7.8999805785338e-17,1.09558143633071e-16,-2.75643313974715e-16,-8.13846530003297e-17,-1.77592668389798e-17,-4.32323884950902e-16,-1.66226016751074e-07,-1.81305899495544e-17,-2.10456410223918e-16,1.12420738302369e-08,-1.90392659946866e-17,1.19006597255746e-16,-4.28589098822362e-16,1.11540125604762e-16,9.34960177383371e-09,2.11245019204254e-17,-3.09318033474881e-07,1.04565698426807e-16,1.19538186621714e-16,1.8414135691746e-16,-4.56127242096441e-17,1.99371406464433e-16,1.67986824791514e-17,9.75031488175041e-05,-1.56706631727421e-16,-3.12486682923694e-16,1.42153699218770e-09,-5.24099124338855e-06,4.48214753073509e-18,2.3924489572997e-07,1.42599641581707e-07,-3.97748680664567e-17,-2.28704516502826e-16,2.89633853200946e-16,-1.39781447409739e-16,-2.69744342169246e-16,-2.38766652213589e-07,-2.49897511962698e-16,-4.10333766084575e-17,2.77847444665124e-16,9.55100010887364e-08,5.81273367545959e-17,-1.69531802910387e-16,-1.02877917580672e-16,8.00125211146769e-17,-4.34673117925995e-08,-2.72125576157819e-17,2.92023909943164e-10,1.8953586065132e-16,-5.33403856847354e-17,3.63983883015187e-16,-2.68824429025835e-16,1.24095908299969e-16,9.40418354269909e-17,-4.19153206345771e-17,-5.0592327752567e-09,5.4921677136097e-17,3.42829898627203e-16,2.12619959025217e-09,1.78423443739127e-16,2.0428591598525e-17,-2.39605810721312e-16,-2.31543756086659e-17,-7.06867717040273e-17,3.90330664453188e-17,-1.53967660302591e-08,-7.14120115233187e-17,-2.46042274020205e-16,4.58252880226395e-09,-1.98069560132502e-16,5.4394359134195e-17,-1.24575575640344e-16,-1.65939024047732e-16,1.03918622233951e-16,1.53159260467057e-16,1.34838589274569e-16,-7.48951746168471e-17,2.09695258473651e-17,-1.42876485997969e-16,-2.77148026608236e-16,-2.40010839326777e-09,7.95733270759327e-09,5.11293886413964e-16,1.05340822488787e-16,-8.62129757400948e-17,2.74539862886921e-17,1.7650811368064e-16,1.23771345486523e-16,-1.2491690244369e-16,1.7099712191031e-16,-7.57712623322229e-09,-3.42196687052732e-16,-1.42550299255161e-16,-2.27312257817679e-16,5.66067895100591e-16,8.81396272042415e-10,1.08269063100461e-16,-1.39649295251961e-10,-2.0280944531363e-17,1.49671212350057e-16,1.19237848262543e-16,-1.73180484084682e-19,-1.33644691502287e-16,-2.56969015853747e-16,-1.2091080881049e-16,7.33889614099723e-17,8.79113839019469e-17,1.92166592585653e-17,8.59135642107061e-17,-9.88953054785433e-17,-5.5130178888928e-17,4.02733324122889e-17,1.32210753691362e-16,1.62905112042607e-16,3.33938160868846e-17,1.0595953520809e-16,-1.43931257825165e-17,-4.88810021618583e-17,1.28911638308526e-16,2.50426075235424e-16,-1.20775513112876e-16,6.99362060442061e-17,-5.98217052880181e-17,2.95757034361519e-09,9.82072377873113e-17,9.64026732955473e-17,-1.19256198625985e-16,4.73913519958599e-17,-6.21038754910491e-17,7.15925244114394e-18,-3.81943720298193e-18,1.72444899436334e-16,2.74274999079917e-16,8.44673835571037e-17,-5.87637577487143e-17,-2.57696258397568e-17,-1.12457577719472e-16,-1.25653133534404e-16,-1.22305022563285e-16,-1.11076676187254e-16,1.4177294962497e-16,-3.79870035001052e-08,7.04266861441205e-17,-7.31975945617517e-17,-4.0820863804973e-17,-1.87681552737263e-18,-2.93169005482519e-16,5.93981745555172e-17,-1.26829186218622e-16,-3.96401788748208e-16,5.39966740171728e-17,1.98006491845369e-09,4.7503263768836e-17,-3.07831117607126e-17,7.88213752451686e-17,-2.5720203589008e-16,-9.67022773597113e-17,-1.33675906491862e-16,4.57642591055445e-17,1.78805302174428e-16,-7.52415392125424e-17,-1.70971946049649e-16,-5.83040653284072e-17,-9.0687215236298e-18,-7.6417919709756e-17,4.04582042458734e-08,-1.08809761686831e-17,-9.10183391273243e-18,-1.72595183747625e-16,-5.5944832100252e-16,-2.7337196164741e-09,-2.3231547468873e-17,-9.46198560973946e-17,1.15331626289365e-17,-6.16981201917624e-18,1.03026221963207e-16,-6.42389198720057e-17,2.32240463599625e-16,-3.66640333562185e-17,-1.41444704021288e-16,-5.77159935187915e-17,-8.85616499000926e-17,2.80477760952419e-18,8.95841171682634e-18,1.21164496688756e-16,-1.81755988670925e-17,1.14675088817582e-16,-6.30923985507087e-16
"t479",0.0329449463343022,-0.00818858349095028,-0.00881443193015316,0.000399842533510174,0.00200667116560236,0.0038529190920433,0.00085982522839548,7.71259748674474e-06,-0.0362031422535761,0.141770354343446,-0.0258717688120093,0.00338468169605248,-0.00663473535159613,-0.00139705725548233,-0.0374198491757868,0.000848001809911395,0.000540693952117751,-6.35883160537876e-05,-0.0279793023272621,0.00389580199113189,-3.37578480062335e-05,4.61803190248088e-05,-0.0063455613688599,-1.94751593361395e-05,-1.36670743390659e-05,0.00109180189146379,-0.00558677066575368,5.60550812649171e-05,-0.00089300938629631,0.0074486961371921,0.00103499107891667,-0.0527391964512688,0.000867929763493609,-0.0139980848219341,0.000854764271576654,-0.000178905625959438,-8.74141871080186e-06,2.09450642578579e-05,0.00118322940540479,0.000396280453947267,0.000369153965989643,-0.00980477670963527,0.000870177368132251,-0.117489514746612,-0.00028763805058393,1.31211255829931e-05,-1.95060048879546e-06,2.66063551052003e-05,-0.00122053971284439,0.00164876774664444,-8.95002563003436e-06,6.86637486456871e-06,-7.25898610356887e-07,1.79709586519469e-06,-1.6346515653001e-05,2.73455622520221e-05,7.36625728612999e-05,-0.00102042155043688,0.0136970753663023,2.5840408897094e-06,1.28623415997563e-06,-5.23307370845195e-05,2.55471589130213e-05,-1.81784286447419e-05,4.87993548067132e-05,-1.89823273469102e-06,1.95239731793854e-06,-8.1800747921917e-06,1.24898767826847e-06,-1.73935955726655e-07,-1.91313867606092e-07,8.25954473144489e-07,-2.99980004680626e-06,-2.13617603041004e-06,9.0767667066522e-07,3.38241774088435e-07,-8.27637614227346e-06,1.30191951842279e-06,-0.000190557924421838,-6.38442976758996e-05,4.27774955277899e-06,0.000340207839207645,-0.000252888150237185,-2.23668908187574e-05,0.000153921430922192,0.000151751272444925,-5.4107640329545e-05,-0.000505199567699514,-2.5815980722697e-06,0.000127738256505434,-0.110974271910959,-6.528956855191e-08,-4.068226199736e-05,2.04572301257888e-05,8.11438264533769e-06,2.1413218700379e-06,2.50508388154929e-07,-1.0390448321984e-06,1.05750463421971e-05,7.32177081013622e-05,3.0736460918515e-06,-1.97555222909327e-08,4.01188939306202e-06,-5.56180994603009e-07,1.91539019509856e-07,-8.02350442032241e-09,2.9486565843076e-07,2.46683037635636e-10,-6.74265683025557e-07,1.0818351276658e-09,4.19875315530114e-08,1.47568992561312e-07,-4.79483887036919e-08,9.21499343806367e-08,-3.32141785119534e-06,1.31084544215239e-07,-6.93556369422766e-06,8.07194691121305e-06,-2.88637136898216e-06,1.05478829710939e-06,-6.10248910503885e-07,1.28641563315502e-06,-1.18763799760243e-05,-2.06312242366544e-05,9.47814057992134e-08,-2.0802062174066e-06,2.17764036991933e-07,-0.000426461060432989,4.2165990741975e-06,0.000146719523206043,1.08405266381302e-06,-3.92066678313736e-06,3.04651304246574e-07,5.25005023818907e-06,-8.29252957845118e-09,5.45479060465673e-06,-5.37251347094467e-06,-5.23551980212219e-07,1.85069962296318e-05,-1.54531459971857e-05,-1.31125074207797e-05,-1.13238476497378e-06,9.84290619120017e-06,6.10146117371154e-07,3.51836379706124e-09,-9.7816464309497e-07,-2.68300688697572e-07,5.76187705540871e-06,3.90905729536577e-07,-2.10514468155768e-07,-2.71290405875818e-07,-8.3435864109051e-06,-4.14915385538822e-07,0.000642345468093866,-4.62795836404906e-08,-7.36272932705705e-07,0.00056439393290126,9.24986046739816e-07,2.44100609737325e-05,0.0754934467122341,-1.74314775091052e-06,2.16586048129423e-07,-3.89830325438812e-06,-1.11189090804858e-06,5.02641222390528e-07,-2.36728654664272e-07,-1.59570783747085e-06,-3.98458715090008e-08,-2.14331045798838e-06,-9.47595212459181e-08,2.86472455701398e-07,5.37477905375298e-08,-1.25763731826858e-08,-2.30706025987008e-06,-1.36703270539448e-07,-3.03579001925193e-07,-1.39048467318261e-08,1.33267076307393e-06,0.0193840043011395,-4.24299379926108e-05,8.7786439776853e-05,9.8393735847643e-06,-1.67707455032718e-06,-5.64756830072503e-09,-1.49130548386214e-07,-3.54073967135781e-08,-0.000177882889817141,2.41339417727429e-05,0.000106355281147857,-1.49136466375761e-06,-1.35907019953281e-06,7.85577176576028e-07,1.12610990412409e-07,-1.20142358886615e-10,-2.30836447146189e-08,5.58677298926454e-06,1.03484444501102e-05,2.44272589802679e-07,-1.34703819078138e-05,-0.487116633717721,0.000189612790205684,7.21480977896292e-05,-3.63009674409003e-07,-9.05584862834755e-07,-5.47099644309971e-05,-5.5941170514138e-06,3.14676392984916e-05,3.53679529297921e-06,-0.000170733946197948,-3.27539211788775e-08,-0.000594253238191287,-3.67007397511407e-06,-7.38946175876529e-06,-7.49190043092025e-05,-4.09529367566008e-08,-5.57594663673081e-07,1.55688947168936e-07,9.88928021766285e-08,-1.08944745068021e-05,-1.17312311657937e-05,-5.437956695262e-06,7.03630722471089e-06,1.59735716857876e-06,7.05124955127051e-06,-2.50443951857258e-05,-1.502370874421e-06,-0.000144204666658897,-1.26370816849016e-06,-0.000206315942409714,-0.0862773838437338,-2.33922099483534e-05,-3.54496149306303e-06,-0.100751047861065,5.45715896942914e-05,-1.55142530672109e-07,-1.97253989171749e-10,-1.07814648655448e-07,5.7440116785128e-17,-9.67751803327639e-09,1.64403679800938e-07,-6.5749395195334e-08,-2.17638385018908e-07,-3.35626394930671e-06,4.67308381500483e-08,-7.76009907483955e-07,3.51984299664735e-07,-2.90670896376957e-07,1.96197357305921e-08,-9.43806443435966e-08,3.94289078110722e-05,-2.60462984824112e-08,2.87921459295266e-06,-1.05173135633487e-05,1.16080622868031e-08,-7.77452135655721e-10,3.76416393381042e-08,-3.65845903345621e-08,5.77032750043786e-07,6.39642322586441e-06,-1.22950951411569e-06,5.72978151173658e-07,-4.52169012316607e-06,1.23884303345893e-05,-7.60340512612807e-07,3.46794074386965e-06,-1.1801320707569e-06,2.79670986735e-08,0.000324167539735751,3.09164066319712e-06,5.92949972849076e-07,5.40630349847085e-09,-8.75205184420815e-07,1.98147024219497e-07,-2.91827968696237e-07,4.64650638503683e-07,-9.0255869414859e-07,7.0863669815702e-07,-5.22042193101031e-08,1.01625219481225e-05,-4.43385641493415e-08,7.30848193015373e-06,5.90835975915383e-17,-1.81365519588734e-05,-7.55131788436509e-07,-1.93938653682209e-11,-1.71733833121835e-07,2.55345071436072e-07,-1.59089658852969e-07,-4.52890853076801e-08,5.45628662986972e-09,-2.44141586591424e-07,9.235566195716e-06,1.47549805568593e-06,-2.77932740470006e-08,1.47909289272919e-05,-2.16462357021376e-05,1.40887253220336e-06,-1.19383720103743e-05,4.39118047652681e-07,0.000691877966754359,1.01681876740344e-08,0.00290437384529165,-4.04915854399513e-06,1.87799236875822e-08,-6.29945258168347e-06,8.05339065910059e-07,-3.01006068311276e-06,3.00531270425986e-06,1.18891916487622e-05,1.49791213484788e-06,-4.99199481198539e-07,-3.95213705746536e-06,5.51896868782823e-07,-4.32878109320483e-06,7.92299893770904e-06,0.103797137723018,5.20862664048006e-05,8.52600933818374e-18,1.24690346399636e-08,1.98685368480347e-07,-2.41975608653976e-08,5.84133827717886e-06,1.52155859935719e-08,1.62146686624932e-06,4.13300207873316e-06,-1.40738657479006e-06,7.26496434511802e-06,5.54832840122836e-18,-3.66769040493818e-05,-7.34443375092199e-09,-1.53459857281366e-06,1.54070060463277e-07,4.46837105063999e-06,-1.90647291593113e-06,-0.0129767533923411,0.140966723407721,1.69186102146455e-06,-0.00130885933249019,9.61038960233384e-08,8.51862034461677e-06,1.0654983680393e-08,1.35739849135147e-09,8.40366269983026e-06,-9.73898181865273e-08,7.86164809670083e-06,2.76376400992869e-16,3.10492657857213e-07,-2.25119222386702e-08,-6.48302096303613e-10,-5.99598498103589e-09,0.000165784863867494,7.13029609957444e-06,-6.35804859393976e-08,2.23897160618787e-07,1.09737802323131e-07,2.81482575747478e-17,7.10670700823609e-07,5.46723858482305e-09,6.18739627624587e-07,1.48863809921493e-16,-1.81884092806319e-07,-2.04630920335975e-08,2.91753462908522e-09,4.36866579667751e-07,1.0349910394912e-07,3.88857912848593e-08,1.99491037827016e-08,9.67328659575725e-09,2.34078143206384e-09,3.55078726074555e-10,6.68043853719282e-07,5.31395248359893e-09,3.4387986104998e-17,-4.51075058115942e-09,1.86217041145102e-07,1.05854387732715e-07,-0.000628000242715616,-7.73067693950474e-17,-1.41027448553484e-08,5.83159156977275e-09,-0.00623124915435958,8.23960647532869e-09,1.93382830453903e-07,7.01032585988775e-09,-1.77267558889014e-07,1.44601715812017e-06,4.43992338642621e-17,6.34007387180642e-06,-3.06424948289712e-08,9.40378649626436e-08,3.70552294257349e-05,1.08390627121329e-08,-4.87682652691024e-09,-4.85722573273506e-17,1.38138337870208e-16,-6.34534541077934e-09,-1.79795459425379e-08,2.38383493026408e-09,-1.17612757803617e-06,9.01406061361555e-16,-5.91401437136617e-07,-7.14075777654444e-09,-3.37982955557645e-17,2.45417865685269e-16,2.68298298121358e-16,1.6087058159409e-06,1.02113559577631e-07,-1.14412032134128e-07,3.54251360789925e-06,5.04097829873237e-07,9.51998071138044e-08,-4.13994420991926e-08,-2.81330970951013e-16,-9.42855334639266e-09,2.68490763796378e-08,2.7121650301754e-16,-6.69950900574029e-16,-1.79500837759961e-08,-4.61099916587418e-10,-1.17990544456128e-08,0.000245174328816388,9.93885438745891e-09,-1.75003997467694e-07,2.00974881220346e-16,-1.43694957767393e-07,8.01119887538016e-16,-2.08105442416529e-06,7.32541197839831e-16,-1.18469004690012e-08,-4.19168448614642e-16,4.93681793510718e-08,1.30349709807786e-08,2.59485163761263e-07,8.28150148751838e-07,3.66728180642994e-08,-4.26089811689202e-09,2.72768937110733e-08,1.00016073791828e-08,2.17791255900139e-06,1.68388203288663e-07,9.93306203097089e-09,-2.84314697743813e-08,-2.28697210982491e-06,-1.87583919217916e-07,-1.40092017930952e-08,2.13599942401144e-16,1.33511498791209e-07,-2.3425475787756e-08,1.27855442794694e-08,7.18417940708524e-16,1.05186276525288e-07,7.0790751208438e-07,2.29397455088289e-07,-6.65833190888411e-16,-5.5945360453094e-08,-1.40837928287115e-06,2.33908777251271e-15,-4.08820699829256e-08,1.00235559229621e-07,2.99588112891608e-16,-2.17042387476066e-15,-3.84811558208269e-09,-9.53218937373162e-07,-5.54267196462011e-09,-7.88696861399886e-06,5.40106089237033e-07,1.43227600622871e-08,6.41717239470291e-07,1.43395973484246e-07,-4.0102752300224e-06,-5.70789075726719e-15,7.7840116239522e-10,2.49706361898251e-08,7.12906956190733e-08,6.99910567169429e-06,7.69976126448847e-16,-9.83192084934554e-17,0.000214808425945746,-8.5501322578569e-16,1.17566743411457e-15,5.00812253450895e-07,-9.47939903345212e-07,-1.78590925560789e-07,-1.53337557335056e-06,2.58339528393206e-05,7.77200878263239e-06,0.389825759894019,-9.63538065517034e-15,-1.69639413323966e-06,-6.18433735724826e-08,-2.63259456996286e-07,4.10483347962383e-08,-9.4351879408961e-08,1.51691930236877e-16,-3.56991279083244e-16,2.27605659223245e-16,1.77483307358695e-07,1.27835881646983e-09,8.03474551003232e-08,2.08455318673379e-15,6.10064020455202e-10,-1.39882243309991e-15,-2.90483063713175e-16,5.7327261364332e-08,-1.4703487348032e-08,1.18524981496115e-15,-1.73951491454079e-07,-2.71814663787399e-09,-9.38274012253812e-16,7.69305578920504e-09,9.87504799941882e-16,1.50353374244235e-07,2.80786328361415e-16,1.52096428428399e-07,2.9091363866976e-08,1.06588151032266e-09,4.66350418134795e-08,3.31269506438741e-07,-4.03996544925305e-09,1.39706171830168e-07,-3.38454110420867e-16,9.23302221392352e-08,-5.26458771884264e-09,-9.34063927778385e-16,-7.02719701296418e-10,-1.46489580005901e-08,3.46965536592061e-09,1.45915546972815e-15,1.17982277667279e-08,1.57679717189505e-08,4.28829909728453e-16,-4.43391848724918e-07,-3.38701906940087e-07,-4.72965909604346e-10,1.6369057733192e-15,-2.40381924379711e-16,8.87140230324336e-09,1.26163496609247e-07,1.02442660034457e-08,-3.88576336057275e-09,8.15872999876942e-08,-8.84813481883022e-16,1.22501168636828e-16,3.00561484768037e-07,1.79444157486008e-07,-3.89350790300628e-15,7.40973150164664e-07,3.78208830561779e-15,8.67842083015518e-09,-0.00126912723354144,-2.21564114029564e-08,-4.6575711372679e-07,8.54846961331315e-15,9.86339230052825e-16,-1.21979755221538e-14,-2.44937682700141e-14,-9.74305617277877e-10,-3.39094693956808e-09,5.88317556144659e-14,5.67552915875638e-14,-0.707106781186547,4.82498705305987e-09,4.35506116869832e-11,-2.42315714341781e-09,1.31299984543609e-14,1.68751189237593e-14,-2.30387540642307e-15,-1.0713744150524e-07,3.28149145375427e-09,4.82049638274557e-16,5.81689063885306e-10,-1.527744588931e-08,-2.57834130562388e-15,3.76058301297268e-15,-4.83669424187928e-07,-1.09155625523394e-10,-2.40974004007836e-07,1.81018032748745e-15,6.02349723716902e-09,9.76597620147215e-08,1.05509508100414e-07,-3.39198564295005e-05,-2.33056239030731e-08,3.83211228413468e-10,-2.21872688977773e-15,-1.82267740953018e-15,2.17710969846076e-16,7.45212463380183e-09,-6.74929584686558e-09,-1.15558456085082e-07,-2.03036166056848e-09,-1.71587822937579e-16,5.96508990251806e-16,1.27086322305617e-15,-1.11900520129978e-16,4.00011428339939e-17,9.80414436585181e-09,-6.51997720724009e-16,-1.19177007189857e-15,-7.21545966472634e-08,-8.68923686401114e-17,-6.46047916364192e-08,1.40110863184604e-16,-8.01248986840777e-08,-3.13951445353226e-17,-9.77205028849355e-08,-1.22497326144317e-08,-2.47641755344059e-08,4.56857979645973e-16,3.95397721118134e-07,5.7535565678297e-16,1.38143519137944e-07,-2.21542809528581e-08,1.22647520688094e-10,8.92379023811656e-17,6.77569521201654e-07,-7.22254198474319e-17,-4.90186762036105e-08,-2.50291522507083e-08,-1.11798903905996e-15,-6.05947294482942e-16,5.78219919760571e-16,-9.14382728055944e-16,-3.09995662095255e-05,-4.96784502445729e-08,-1.11065214468956e-08,1.08099306331046e-15,-1.2708994887789e-16,-2.61505605140573e-09,2.13370256862272e-08,3.41880108393228e-16,9.5257093140507e-16,-4.2823999303369e-08,4.48536963502813e-16,-3.63727581468159e-07,-2.74163638573182e-16,7.64221097256019e-08,-1.05429785559612e-16,8.54278997212019e-16,3.08530434333519e-16,2.60638183117358e-16,-8.8038268672704e-16,-1.08518445843265e-16,1.48050310116909e-09,-1.03551475642406e-08,5.72771161422801e-16,-6.89365804979496e-09,2.89956133261039e-07,6.25460128520952e-16,-7.37055407580288e-16,9.51112873839674e-16,8.80500263690611e-16,1.17219057490079e-07,1.87659933674636e-08,3.36283811107166e-16,8.33053719947844e-17,-5.22839670384796e-08,-1.68907712209753e-08,-2.55857089738974e-10,-1.23926093156306e-17,-1.92866303577104e-16,-2.02145405342126e-16,4.20614614219405e-17,2.50647410979716e-16,-2.95014133350718e-16,4.53592652837811e-07,-3.58771889513366e-07,-8.26173935394444e-08,4.36170654917276e-16,-9.57762061234494e-17,-4.18899062911847e-16,-2.02672108011781e-16,1.35835785736321e-16,3.52047472259417e-16,-8.7826029253873e-17,-2.03269089930265e-16,6.39969592760939e-16,2.77581470482483e-16,-7.20734348433445e-16,8.75082397723464e-18,-1.3787592669775e-16,4.37308497196288e-16,1.01889502079662e-09,-3.79904638685221e-16,3.84820725483113e-16,2.71327186102217e-16,1.44446736146633e-08,-7.82898297530275e-09,-2.85383683776401e-16,-3.73006293049691e-10,1.32324927930938e-08,-4.28047112766208e-16,-1.66451216403204e-16,-2.55733342590671e-08,5.04287604304188e-16,3.27425797083696e-10,4.35870106974061e-16,-1.81662735933806e-16,2.77946336065269e-16,-5.20008710491811e-17,1.4457563233026e-08,-4.41918200554996e-08,-1.80424945661723e-16,-7.82027940630072e-17,-1.20534642995077e-16,-4.06545595822633e-16,7.90383383741933e-17,-1.74507071056012e-16,2.04620305578582e-16,3.3491646107772e-16,5.39079500944056e-10,1.14157656382592e-17,-6.11479772700347e-17,-3.43433229750932e-16,-5.26798098601965e-16,-3.05730081759216e-16,-1.29107436764646e-16,-1.17528239586115e-07,-2.10866301501292e-16,2.05506899287024e-16,7.95451459662863e-09,4.84998137262354e-16,3.0274202070097e-16,4.58149080879746e-16,-8.19150214170811e-17,6.6722427852218e-09,1.93806547373953e-16,-2.21070899550051e-07,1.40624752641684e-16,-1.77008218910139e-16,-4.69701555817902e-16,-3.78155318202841e-16,1.07675699616579e-16,-4.70009208475302e-16,6.98957061025228e-05,-3.20712040916331e-16,-5.80486190108523e-17,1.02135743175386e-09,-3.76601982784669e-06,2.47328343468282e-16,1.72247357304621e-07,1.02728336968628e-07,2.77601365401862e-16,-4.86194888038085e-16,1.01901742774925e-16,-5.51559726366437e-17,2.82896411825887e-16,-1.73509466888959e-07,1.35449721260762e-16,-1.39386439455937e-16,9.24095294068709e-18,6.95573098448623e-08,-3.14243793399165e-16,1.66962523851487e-16,-2.28661435965658e-16,4.20644758458484e-17,-3.17459645061758e-08,-5.97942770907218e-17,2.13462206103785e-10,8.50564824686192e-17,7.70809888254147e-17,1.60802469688691e-16,2.12487291230701e-17,-1.52251032292375e-16,2.16908618980209e-16,-1.36697885181169e-16,-3.71492064610593e-09,-5.73942685166117e-16,8.33069386443489e-18,1.56296134521729e-09,9.29208387227772e-19,1.09947019459056e-16,-2.81286962463412e-17,-1.94795197592362e-16,-1.07128826668442e-17,-2.1107618549811e-16,-1.13569055443179e-08,2.1535856560834e-16,3.91466321665199e-16,3.38526073170866e-09,3.75772077729093e-16,5.41309831389939e-17,-4.05491457006515e-17,8.82549145515577e-17,-5.94724357035537e-17,8.82820324111879e-17,-3.06993789735086e-16,-1.24587222020841e-16,7.74355824286914e-17,3.25149143323046e-16,-6.5815012326539e-17,-1.78276038991517e-09,5.91438775718159e-09,-3.68082938106746e-16,-3.54234282487263e-16,1.0140551649828e-16,2.45908890295319e-16,3.68411898210574e-16,-1.02295094926041e-16,-2.52192873420375e-16,-1.21331705314076e-16,-5.65058094891867e-09,-1.46374109683403e-16,2.60574756293209e-17,2.63327878836904e-16,-4.99667355971944e-17,6.59123278067774e-10,3.7548262010395e-17,-1.0475432963815e-10,2.03248487414522e-16,8.06114926192517e-17,-3.69049312974452e-16,-1.23424555124196e-17,1.39430123518874e-16,-4.68382495445251e-17,1.90506846981167e-16,-1.80814143210531e-16,-1.40799967122397e-16,4.69182395512703e-17,-1.71347270658723e-16,3.33252457163938e-17,2.18849625123891e-16,-1.60569609423229e-16,1.08220502828272e-16,-7.16227743910223e-17,1.31362279019737e-16,-1.53874484729116e-16,7.45937303202238e-17,1.73271328221532e-16,2.49149659237169e-16,-2.00453769535922e-16,4.70221904849492e-17,-6.40816864617623e-17,-4.24469509608579e-17,2.24277254662291e-09,3.16784886558732e-17,-3.88124192525191e-17,-2.7489319409093e-17,-1.58792558071652e-16,3.80255043101862e-17,2.1827529161545e-18,9.59867492132975e-17,1.15526940661143e-17,2.90056194257156e-17,-2.16796035422946e-16,1.1817803680092e-16,-3.62457989028853e-17,1.52140087558145e-17,-9.88231407760008e-17,2.48860769046619e-16,-2.25577215322895e-16,-2.42097764636765e-16,-2.90065060815305e-08,-9.74565955119104e-17,-2.71727501317043e-17,-3.40591698780299e-17,-5.6604185423166e-17,1.04527921127843e-16,-2.11729039961991e-17,-5.69022920144146e-17,2.92741707062452e-16,-1.0649951202388e-16,1.52231611318748e-09,1.16841151787086e-16,8.29739193176448e-18,-3.43293798517939e-17,5.55003844987814e-17,1.28551973105193e-16,-2.28957817313357e-16,3.89566029087656e-17,-7.33265387402481e-17,7.98537027203921e-17,-8.13995651454038e-17,1.74440154484515e-17,3.68055463300089e-17,6.77058387113432e-17,3.13094839250932e-08,5.9211616959063e-17,-8.12624344857057e-17,-1.49997853123631e-16,-2.99890320909491e-16,-2.12180129671338e-09,-4.43260972919243e-17,-3.85014856847775e-17,-7.76757685206105e-17,-4.87632034974269e-17,-1.54561383954789e-16,8.45215539562719e-17,-7.55788592494016e-17,-6.995014980749e-17,-1.82659710515674e-16,-7.3926084810155e-18,2.94971070013947e-17,1.76773880469323e-16,-7.99912655436493e-17,4.08910978293619e-17,-3.90566859464815e-17,-3.3364464535699e-18,-4.17678235541265e-16
"t234",0.0329449463343022,-0.00818858349095028,-0.00881443193015316,0.000399842533510174,0.00200667116560236,0.00385291909204331,0.000859825228395479,7.71259748674693e-06,-0.0362031422535761,0.141770354343446,-0.0258717688120093,0.00338468169605247,-0.00663473535159614,-0.00139705725548233,-0.0374198491757868,0.00084800180991139,0.000540693952117742,-6.358831605378e-05,-0.0279793023272621,0.00389580199113188,-3.37578480062375e-05,4.61803190248066e-05,-0.00634556136885989,-1.94751593361412e-05,-1.36670743390789e-05,0.00109180189146377,-0.00558677066575367,5.60550812649134e-05,-0.000893009386296315,0.00744869613719212,0.00103499107891665,-0.0527391964512688,0.000867929763493587,-0.0139980848219342,0.00085476427157667,-0.000178905625959439,-8.74141871078896e-06,2.09450642578696e-05,0.0011832294054048,0.000396280453947256,0.000369153965989649,-0.00980477670963526,0.00087017736813228,-0.117489514746612,-0.000287638050583937,1.31211255829815e-05,-1.95060048882787e-06,2.66063551051969e-05,-0.00122053971284442,0.00164876774664442,-8.9500256300271e-06,6.8663748645276e-06,-7.25898610353551e-07,1.79709586519295e-06,-1.63465156530155e-05,2.7345562252021e-05,7.36625728613066e-05,-0.00102042155043689,0.0136970753663024,2.58404088970728e-06,1.28623415997713e-06,-5.23307370845279e-05,2.55471589130087e-05,-1.81784286447021e-05,4.87993548067285e-05,-1.89823273470563e-06,1.95239731792907e-06,-8.18007479218561e-06,1.24898767828487e-06,-1.73935955733371e-07,-1.91313867646133e-07,8.25954473148392e-07,-2.99980004680423e-06,-2.13617603045781e-06,9.07676670685857e-07,3.3824177410722e-07,-8.27637614222315e-06,1.30191951844433e-06,-0.000190557924421838,-6.38442976758747e-05,4.27774955280676e-06,0.000340207839207661,-0.000252888150237198,-2.23668908187955e-05,0.000153921430922167,0.000151751272444906,-5.41076403295388e-05,-0.000505199567699524,-2.58159807226076e-06,0.000127738256505432,-0.110974271910959,-6.52895685640531e-08,-4.06822619973682e-05,2.04572301257661e-05,8.11438264537423e-06,2.14132187002615e-06,2.50508388126758e-07,-1.03904483220037e-06,1.05750463421635e-05,7.32177081013953e-05,3.07364609183346e-06,-1.97555222887952e-08,4.01188939305467e-06,-5.56180994619979e-07,1.91539019524605e-07,-8.02350446070153e-09,2.94865658399424e-07,2.46683029863897e-10,-6.742656830464e-07,1.08183510153653e-09,4.19875315821635e-08,1.47568992550749e-07,-4.79483887012668e-08,9.21499344078692e-08,-3.32141785116904e-06,1.31084544179991e-07,-6.93556369419939e-06,8.07194691118296e-06,-2.8863713689658e-06,1.05478829708921e-06,-6.10248910523367e-07,1.28641563315783e-06,-1.18763799760084e-05,-2.06312242366442e-05,9.478140579447e-08,-2.08020621736529e-06,2.17764036965044e-07,-0.00042646106043303,4.21659907420098e-06,0.000146719523206032,1.08405266377681e-06,-3.920666783125e-06,3.04651304183488e-07,5.25005023819752e-06,-8.2925297305207e-09,5.45479060468082e-06,-5.37251347094635e-06,-5.23551980210703e-07,1.85069962296742e-05,-1.54531459972017e-05,-1.31125074207958e-05,-1.13238476498817e-06,9.84290619114435e-06,6.10146117406202e-07,3.51836387258609e-09,-9.78164643030234e-07,-2.68300688698797e-07,5.7618770554307e-06,3.90905729574343e-07,-2.10514468098081e-07,-2.71290405904224e-07,-8.34358641085383e-06,-4.14915385503894e-07,0.000642345468093915,-4.62795836476602e-08,-7.36272932694051e-07,0.000564393932901288,9.24986046726354e-07,2.44100609736979e-05,0.0754934467122339,-1.74314775092631e-06,2.16586048110241e-07,-3.89830325440892e-06,-1.11189090806208e-06,5.02641222334674e-07,-2.36728654686227e-07,-1.5957078375278e-06,-3.98458714676567e-08,-2.14331045807355e-06,-9.47595212750467e-08,2.8647245573103e-07,5.3747790507678e-08,-1.25763731650455e-08,-2.30706025988419e-06,-1.36703270445514e-07,-3.03579002011519e-07,-1.39048467526814e-08,1.33267076302416e-06,0.0193840043011396,-4.24299379926243e-05,8.77864397768219e-05,9.83937358483682e-06,-1.67707455022187e-06,-5.64756827979162e-09,-1.49130548226421e-07,-3.54073968030871e-08,-0.000177882889817113,2.41339417725788e-05,0.000106355281147932,-1.49136466373826e-06,-1.35907019952964e-06,7.85577176666855e-07,1.12610990439656e-07,-1.20142439733262e-10,-2.30836446759181e-08,5.58677298939862e-06,1.03484444500396e-05,2.44272589793985e-07,-1.34703819078192e-05,-0.48711663371772,0.000189612790205497,7.21480977894031e-05,-3.63009674424251e-07,-9.05584862821163e-07,-5.47099644309624e-05,-5.59411705143394e-06,3.14676392984302e-05,3.53679529302257e-06,-0.000170733946197864,-3.27539212075596e-08,-0.000594253238191387,-3.67007397517094e-06,-7.38946175867017e-06,-7.49190043092678e-05,-4.095293684333e-08,-5.57594663664196e-07,1.55688947194271e-07,9.88928020698657e-08,-1.08944745068821e-05,-1.1731231165846e-05,-5.43795669520355e-06,7.03630722470828e-06,1.59735716866854e-06,7.05124955118104e-06,-2.50443951856704e-05,-1.50237087442958e-06,-0.000144204666658918,-1.26370816849547e-06,-0.00020631594240977,-0.0862773838437333,-2.33922099484182e-05,-3.54496149303599e-06,-0.100751047861065,5.457158969424e-05,-1.55142530715798e-07,-1.9725415680444e-10,-1.07814648711036e-07,4.71198955070017e-17,-9.67751792582073e-09,1.64403679693385e-07,-6.57493951103181e-08,-2.17638384970918e-07,-3.35626394937384e-06,4.6730838618632e-08,-7.76009907427076e-07,3.51984299645673e-07,-2.90670896428555e-07,1.96197356465144e-08,-9.43806443349052e-08,3.94289078110413e-05,-2.60462983673358e-08,2.87921459291287e-06,-1.0517313563322e-05,1.16080622963118e-08,-7.77452169374408e-10,3.76416394350436e-08,-3.6584590312286e-08,5.77032750049609e-07,6.39642322586838e-06,-1.22950951423781e-06,5.72978151266392e-07,-4.521690123115e-06,1.23884303348401e-05,-7.60340512640893e-07,3.46794074388618e-06,-1.18013207073065e-06,2.7967098458274e-08,0.000324167539735708,3.0916406633459e-06,5.92949972917311e-07,5.40630362930465e-09,-8.75205184428595e-07,1.98147024407558e-07,-2.91827968749037e-07,4.64650638406758e-07,-9.02558694210135e-07,7.08636698195772e-07,-5.2204219365883e-08,1.01625219480855e-05,-4.43385642140433e-08,7.30848193008615e-06,-6.29357146137026e-17,-1.81365519589741e-05,-7.55131788302756e-07,-1.93941364430338e-11,-1.7173383310089e-07,2.55345071447354e-07,-1.59089658772603e-07,-4.52890852115068e-08,5.45628663957821e-09,-2.4414158656985e-07,9.23556619582431e-06,1.47549805571828e-06,-2.77932741208177e-08,1.47909289272653e-05,-2.16462357020843e-05,1.40887253202633e-06,-1.19383720104989e-05,4.39118047787989e-07,0.000691877966754369,1.01681875455825e-08,0.00290437384529174,-4.0491585439268e-06,1.87799235236377e-08,-6.29945258173949e-06,8.05339065562783e-07,-3.01006068300196e-06,3.00531270447307e-06,1.18891916488215e-05,1.49791213468391e-06,-4.99199481404793e-07,-3.95213705723597e-06,5.51896868735799e-07,-4.32878109320664e-06,7.92299893717695e-06,0.103797137723018,5.20862664047877e-05,-2.5983528811377e-16,1.2469034783911e-08,1.98685368470161e-07,-2.41975607198977e-08,5.84133827754008e-06,1.52155866161544e-08,1.62146686642922e-06,4.13300207796031e-06,-1.40738657467705e-06,7.26496434496638e-06,1.81270070628984e-16,-3.6676904049599e-05,-7.34443404142203e-09,-1.53459857264051e-06,1.54070060575133e-07,4.46837105064065e-06,-1.90647291630242e-06,-0.012976753392341,0.14096672340772,1.69186102153172e-06,-0.00130885933249003,9.61038960832947e-08,8.51862034467502e-06,1.06549837298778e-08,1.35739804867172e-09,8.40366269979109e-06,-9.73898186110136e-08,7.8616480966414e-06,2.21191024353526e-16,3.10492657913284e-07,-2.25119220916524e-08,-6.48302134737945e-10,-5.99598544588146e-09,0.000165784863867282,7.13029609973535e-06,-6.35804863419333e-08,2.23897160684832e-07,1.09737802648073e-07,-2.14821906464957e-16,7.10670701021593e-07,5.46723905872362e-09,6.18739627847613e-07,1.59093531256641e-17,-1.81884092866604e-07,-2.0463091898247e-08,2.91753452930196e-09,4.36866579635064e-07,1.03499103472623e-07,3.88857914098604e-08,1.99491046225527e-08,9.67328653507672e-09,2.34078127401597e-09,3.55078714325181e-10,6.6804385391867e-07,5.31395194251503e-09,-5.52962330763424e-17,-4.51075080493239e-09,1.86217041168204e-07,1.05854387747065e-07,-0.000628000242715609,5.19806474898352e-18,-1.41027450836634e-08,5.8315915764948e-09,-0.00623124915435886,8.23960629614325e-09,1.93382830671577e-07,7.01032576076102e-09,-1.77267558796561e-07,1.44601715809871e-06,-1.79391472984631e-16,6.34007387191412e-06,-3.06424948453426e-08,9.40378652330335e-08,3.70552294256661e-05,1.08390627222039e-08,-4.87682590486677e-09,-5.44703171456717e-16,-1.11081108989825e-16,-6.34534511257264e-09,-1.79795461172571e-08,2.38383505062355e-09,-1.17612757756845e-06,8.54225262253377e-16,-5.91401437022319e-07,-7.14075833031019e-09,-2.44119742527967e-16,7.62071944582924e-17,4.4394485712101e-17,1.60870581632382e-06,1.02113559319794e-07,-1.14412032707964e-07,3.54251360809718e-06,5.04097829439167e-07,9.5199807367451e-08,-4.13994419231468e-08,-2.33344037671558e-16,-9.42855361649733e-09,2.68490761723433e-08,1.02826081945458e-15,-4.9471109466372e-17,-1.79500837796549e-08,-4.61100118308129e-10,-1.17990546337628e-08,0.000245174328815855,9.93885507063926e-09,-1.75003997504436e-07,1.50554398002084e-16,-1.43694958050259e-07,5.87206735772742e-16,-2.08105442347231e-06,7.94882822757748e-16,-1.18469001637418e-08,-2.28631742364909e-16,4.9368179367591e-08,1.30349706066423e-08,2.59485163528121e-07,8.28150148639076e-07,3.66728183370368e-08,-4.26089798595417e-09,2.72768937020657e-08,1.00016075898672e-08,2.17791255932193e-06,1.68388203494659e-07,9.93306218005864e-09,-2.84314695490872e-08,-2.28697210966065e-06,-1.87583918484166e-07,-1.40092022615256e-08,-6.97386497694656e-17,1.33511499979507e-07,-2.34254759028175e-08,1.2785544341239e-08,8.57986312304946e-16,1.05186277362837e-07,7.07907512151824e-07,2.29397454243289e-07,-8.68797122622082e-16,-5.594536077977e-08,-1.40837928259396e-06,2.41735081694865e-15,-4.08820698636712e-08,1.00235558847113e-07,-1.99988830857404e-16,-1.97612768887121e-15,-3.84811703707649e-09,-9.5321893758039e-07,-5.54267130834841e-09,-7.8869686138737e-06,5.40106089733327e-07,1.43227598366066e-08,6.41717238482204e-07,1.43395973302722e-07,-4.01027522978858e-06,-5.32224004451409e-15,7.78400926078864e-10,2.49706355305218e-08,7.12906952288453e-08,6.99910567182943e-06,-5.56181558972659e-16,-9.8657913887603e-16,0.000214808425944515,-6.71281402332523e-16,2.69572425144009e-15,5.00812253539791e-07,-9.47939903587169e-07,-1.78590925649506e-07,-1.53337557540187e-06,2.58339528392751e-05,7.77200878172439e-06,0.389825759894018,-8.74862651670914e-15,-1.69639413225816e-06,-6.18433749481864e-08,-2.6325945738774e-07,4.1048335067765e-08,-9.43518795311349e-08,1.07107713217861e-16,1.15426889711429e-15,9.02711303587086e-16,1.77483308499172e-07,1.2783592424427e-09,8.0347454091301e-08,2.01474017852606e-15,6.10064311439747e-10,-4.32906241176537e-16,2.83315143179737e-16,5.73272641537102e-08,-1.47034880106843e-08,-1.42377429290796e-15,-1.7395149055715e-07,-2.71814634474679e-09,-2.74998655743015e-16,7.6930577288616e-09,3.71006464783079e-16,1.50353375447013e-07,6.05718126329936e-16,1.52096427004846e-07,2.90913625631587e-08,1.0658821474285e-09,4.66350427058078e-08,3.31269508732034e-07,-4.03996668155724e-09,1.39706172587326e-07,-3.6403653529779e-16,9.23302214197512e-08,-5.2645886009454e-09,-1.98178457499631e-16,-7.027209027491e-10,-1.46489588805699e-08,3.46965681139873e-09,-6.94657846356415e-16,1.17982201281381e-08,1.57679679786457e-08,-1.2338358695136e-15,-4.4339184810096e-07,-3.38701906665656e-07,-4.72964872518792e-10,-2.1835810421314e-15,-5.16485690966136e-16,8.87140757490343e-09,1.26163497658489e-07,1.02442660759888e-08,-3.88576171710413e-09,8.15873001338128e-08,1.03308799281956e-15,-8.05371503998399e-16,3.0056147749037e-07,1.79444154466445e-07,4.43321546749694e-15,7.40973141149679e-07,-3.71902779578875e-15,8.67841625935621e-09,-0.00126912723356909,-2.21564111541923e-08,-4.65757105212721e-07,-8.66950855062586e-15,-8.90609036631025e-16,1.15190064823925e-14,2.47257618183401e-14,-9.74329559475849e-10,-3.3909645098634e-09,-5.87519951951766e-14,-5.70403177607018e-14,0.707106781186548,4.824905850996e-09,4.35377307524229e-11,-2.42315925774202e-09,-1.32579888618854e-14,-1.73527641908477e-14,2.45365793655195e-15,-1.07137451596317e-07,3.28149967187125e-09,-7.17565191650697e-16,5.81684461409437e-10,-1.52774435235769e-08,2.18562839520147e-15,-3.2091119076119e-15,-4.83669422130983e-07,-1.09154822032488e-10,-2.40974002086641e-07,-1.53502622915389e-15,6.02349013317366e-09,9.76597607202347e-08,1.05509510463288e-07,-3.39198564275645e-05,-2.33056229062519e-08,3.83212228464372e-10,1.95795932919506e-15,1.67329966321145e-15,-7.68266365609212e-16,7.45212430301302e-09,-6.74929756489831e-09,-1.15558457356259e-07,-2.03035952519552e-09,-2.61223162213022e-16,-5.77669577555899e-16,-1.13216716958374e-15,3.36429624781893e-16,-3.9138853518627e-17,9.8041449354563e-09,9.21557303997202e-16,1.30104185479641e-15,-7.21545966293474e-08,2.86761938123379e-16,-6.46047927683435e-08,-2.503195197843e-18,-8.01248974211646e-08,-7.1455089530726e-18,-9.77205022273102e-08,-1.22497325802594e-08,-2.47641749818455e-08,-4.09146840339732e-16,3.95397722355232e-07,-4.53582849086565e-16,1.38143518235317e-07,-2.21542809984e-08,1.22647085090452e-10,2.09485216397919e-16,6.77569520781388e-07,2.79268733312686e-17,-4.90186755331771e-08,-2.50291524369151e-08,1.63147853215394e-15,7.01598094973683e-16,-4.74755701162868e-16,8.71861610236243e-16,-3.0999566210609e-05,-4.96784502083665e-08,-1.11065218591237e-08,-1.20458726326086e-15,-1.47182884883621e-17,-2.61505691255104e-09,2.13370254559427e-08,-3.46154496888426e-16,-7.74631926186004e-16,-4.28239993722078e-08,-4.4149047319333e-16,-3.63727582861776e-07,2.53211376101208e-16,7.64221093623178e-08,7.3104711927878e-17,-2.43807248722286e-16,-2.41769939642669e-16,-6.75679084195514e-16,1.12602098464101e-15,2.19977977640022e-16,1.48050316950941e-09,-1.03551476596341e-08,-5.58837988107848e-16,-6.89365764777361e-09,2.89956133580397e-07,-1.62649042090169e-16,6.31851368210301e-16,-3.2396466648109e-16,-8.39304923272949e-16,1.17219057796659e-07,1.87659931957658e-08,-1.72757390953647e-16,2.22816107885343e-17,-5.22839681649005e-08,-1.68907705018912e-08,-2.55857171862884e-10,3.58490745105289e-16,5.54032724180452e-17,1.82051434415304e-16,2.23358466107309e-16,-4.71418635668398e-16,3.76672015983418e-16,4.53592653196858e-07,-3.58771889423002e-07,-8.26173933930879e-08,-2.30426305683038e-16,2.08401908788615e-16,4.06034967827823e-16,-1.8948675165964e-16,-1.08983573392799e-16,-4.44353196495967e-16,-9.6891208876227e-17,3.00076205193051e-16,-5.59424820870796e-16,-2.9907243793498e-16,7.64297438514563e-16,2.80577688077101e-16,5.71083612588008e-17,-4.91724007569657e-16,1.01889488321044e-09,3.21309037315641e-16,-1.27790064299394e-16,-8.84339859454599e-17,1.44446735535497e-08,-7.82898204854743e-09,1.78431212894404e-16,-3.73006574697079e-10,1.32324925571639e-08,3.98807590813355e-16,1.01383819665159e-15,-2.55733351332762e-08,-2.96521396950135e-16,3.27426262807263e-10,-2.84258757359659e-16,2.92042047287839e-16,-2.3977950192811e-16,-4.04156548311722e-17,1.44575632531392e-08,-4.4191820548722e-08,-2.28692255702514e-16,3.02847361933554e-16,1.77257541772371e-16,4.18492129261568e-16,-2.03179487123784e-16,-1.14613872048427e-16,-1.19047835897494e-16,-2.16674330390149e-17,5.39079766545524e-10,-4.87847555976773e-17,1.25271601141902e-18,5.83488816814255e-16,5.51585810970964e-16,1.7305637187832e-16,2.66727245757517e-16,-1.17528239713372e-07,2.16245116946245e-16,-8.88372584117887e-17,7.95451541678612e-09,-4.01240853594229e-16,-4.06230288468603e-16,-5.0096950737989e-17,-7.4891879782885e-17,6.67224338868983e-09,-2.32156107815541e-16,-2.21070899331684e-07,-1.68205186583761e-16,5.68397404048464e-17,3.02384196707235e-16,2.69839709523276e-16,-2.22887886937714e-16,1.43676303559859e-16,6.98957061025433e-05,-1.86518005268706e-17,3.68368774714321e-16,1.02135736148649e-09,-3.76601982782326e-06,-2.16219821102746e-16,1.72247357161766e-07,1.02728336872749e-07,-2.06202740761175e-16,2.87654427612632e-16,-2.29367794715606e-16,1.18228981588124e-16,-8.65735388663043e-17,-1.73509466948136e-07,1.89936916377289e-16,7.77302733657566e-17,-2.41235732061286e-16,6.95573097255657e-08,3.82254263806228e-16,-1.14342157730833e-16,5.52584098171593e-16,-8.57783906729645e-17,-3.17459646161075e-08,3.26183072149527e-17,2.13461996644615e-10,-2.29508050312162e-16,5.80329107970069e-17,-2.21104768697212e-16,1.95381929523179e-16,1.86251717052169e-17,-4.28073073424775e-16,1.5877931055208e-16,-3.71492065683676e-09,3.72654906420198e-16,-4.03877249874253e-16,1.56296146978325e-09,-2.68327483558002e-16,-1.27448112375109e-16,1.19808455487492e-16,2.09364510703611e-16,-4.64102672532492e-17,1.55850720368717e-16,-1.13569053303783e-08,-1.64358386846352e-16,-1.01146014670809e-16,3.38526076534949e-09,-7.10063305429083e-17,-9.78664441949388e-17,1.51818330395822e-16,-4.27137718925307e-17,-2.07330476178088e-16,-1.58232638501775e-16,2.00972162245786e-16,2.03284785458586e-16,1.09257079097854e-16,-1.99592953097662e-16,3.66358079478682e-16,-1.78276066261435e-09,5.91438768336746e-09,-1.87654236204585e-16,3.91927486866596e-16,-1.18113532419183e-17,-2.10381665020717e-16,1.38777878078145e-17,-9.16826803352283e-17,4.90548141799614e-16,-2.41725347115415e-17,-5.6505809994386e-09,2.51390965229703e-16,3.74090108530502e-17,-6.7741942518384e-17,-3.95019725801576e-16,6.59123513246577e-10,-2.66150261141203e-16,-1.0475428300739e-10,-2.01069234560301e-16,4.6316848616164e-17,1.74273577513842e-16,1.17854146784303e-16,-5.32409541157368e-17,4.20940467572944e-16,-2.90265863668302e-17,6.03575700280967e-17,-3.26795174134927e-17,-2.53649417074423e-17,9.16320524542348e-17,4.28065884963623e-17,-1.16256716318939e-16,1.05066924868446e-16,-2.60219114314641e-16,-1.66649681989926e-16,-1.59818297766568e-16,1.30799308953791e-16,-8.99342055600298e-17,-7.90136073737738e-17,-6.38595079593962e-17,4.21922711635095e-17,-3.84404382180305e-18,6.93782625501709e-18,2.3852800789299e-18,2.24277250831206e-09,-1.90675729825037e-16,1.09289597509001e-16,8.83232142721236e-17,-2.42466047098277e-16,1.02880153743761e-16,1.25847530057548e-17,-2.46763712468208e-17,-2.31449662316224e-16,-2.5192448011507e-16,1.12229819803178e-16,1.99493199737333e-17,1.60387724343407e-16,7.6507422396475e-17,-3.40752767317857e-17,-1.79209933704533e-16,1.66039486894825e-16,4.45382854649757e-17,-2.90065062031344e-08,4.06824043047057e-17,2.17122767992502e-17,7.60281834031276e-17,6.9982581512392e-17,1.50529694114891e-16,7.30052641000641e-17,1.66433904488321e-16,-1.1145210090201e-16,1.18279379043473e-16,1.52231607597329e-09,3.64319932656677e-16,-7.93201011230447e-18,-8.77002050754138e-17,1.06372438502715e-16,-6.89940363491908e-17,-1.14426125967596e-16,-4.70321064475575e-17,-1.52996355163476e-16,-6.85042627099155e-17,-6.4484309972641e-17,-4.97113475601126e-17,8.34055279269502e-17,7.01053763653813e-18,3.13094838348015e-08,-5.35351196149653e-17,-9.03650886967233e-17,-1.16137094033187e-16,-4.23272528138341e-16,-2.12180165211778e-09,-5.09481448228977e-17,1.59312344110571e-17,-9.35067344273383e-17,-1.47806535873479e-16,-3.99853524768902e-17,7.74693502562466e-17,7.21967969876056e-17,7.11312476005531e-18,8.78832430052435e-17,-1.04619113883458e-16,1.42127331370993e-16,-2.63078520658106e-17,-4.25072314394002e-17,3.1942474354477e-17,-6.6361611091388e-17,6.80827365995628e-17,-3.448121330388e-16
"t142",0.0329373144590157,-0.008184626205068,-0.00881003719024293,0.000399577186673712,0.00200505073445849,0.0038492903590593,0.000859000185894298,7.70463446673731e-06,-0.0361593552726333,0.14156482105664,-0.0258250382185115,0.00337730240591703,-0.00661989565467942,-0.00139389072723204,-0.0373317897348185,0.000845903849307252,0.000539328649257652,-6.34252427040595e-05,-0.027906123837386,0.00388486946241729,-3.36567093746999e-05,4.60194285904753e-05,-0.00632250788120417,-1.94040996286879e-05,-1.36170583172242e-05,0.00108766464021958,-0.005565415839779,5.58394069948186e-05,-0.000889506713528492,0.00741595497171861,0.00103025510331707,-0.0524914322118988,0.000863692588622812,-0.013928130609683,0.000850393538244833,-0.000177962726826799,-8.69515042475791e-06,2.08336393402841e-05,0.0011769217252944,0.000394158832706553,0.000367163035598715,-0.0097516214746749,0.000865446929747272,-0.116850688363022,-0.000286069921864513,1.30492645572663e-05,-1.93992067661561e-06,2.64607429677192e-05,-0.00121387439684301,0.00163980027388453,-8.90174880349172e-06,6.8295236661068e-06,-7.22005909959901e-07,1.78753113955817e-06,-1.62611139853393e-05,2.72031628603728e-05,7.33094634146512e-05,-0.00101568332959729,0.0136337349537333,2.573245207673e-06,1.28138875687976e-06,-5.21455301474434e-05,2.54617806113609e-05,-1.81186113567623e-05,4.86585038576158e-05,-1.89351020784114e-06,1.94949904399053e-06,-8.17210031896325e-06,1.24808074040028e-06,-1.73891352774502e-07,-1.91831030282424e-07,8.30545743446803e-07,-3.0179477284015e-06,-2.15136267813675e-06,9.14254267520241e-07,3.40855778223171e-07,-8.34195251187377e-06,1.31352025517562e-06,-0.000192716465878765,-6.46347050012245e-05,4.33885919311695e-06,0.000345214644399905,-0.000257460593269535,-2.27956878340489e-05,0.000157657934377589,0.000155666185460086,-5.55900956506249e-05,-0.000519175074208209,-2.65319309457974e-06,0.000131303170088035,-0.114141663011628,-6.75749671028708e-08,-4.21322756949131e-05,2.12787151236538e-05,8.51098309128666e-06,2.24903845861452e-06,2.63126800559221e-07,-1.09530303968613e-06,1.11630181757785e-05,7.77117583292847e-05,3.27785268219544e-06,-2.10772439936341e-08,4.28241850848804e-06,-6.09103967872339e-07,2.10231183431045e-07,-8.82205275655434e-09,3.25254118742318e-07,2.72354155543947e-10,-7.45651178300561e-07,1.19938892834386e-09,4.65887555242239e-08,1.64572896669403e-07,-5.3506481778207e-08,1.04330827593463e-07,-3.77290016932385e-06,1.50026867955761e-07,-7.9656648791903e-06,9.36474719083489e-06,-3.38350685838526e-06,1.24673619958786e-06,-7.2483470512276e-07,1.55571111540965e-06,-1.45452934869346e-05,-2.52802256578616e-05,1.16359369886371e-07,-2.58997757247203e-06,2.71458508163333e-07,-0.00053856934701145,5.55329440505329e-06,0.000193329938107313,1.433835087296e-06,-5.36214324489274e-06,4.19622784483263e-07,7.26941374315128e-06,-1.17445418954978e-08,7.75089414761678e-06,-8.06549878708497e-06,-8.28215084485322e-07,3.19292579431122e-05,-2.67343602069757e-05,-2.30778388154419e-05,-2.01108716596733e-06,1.7744621876617e-05,1.10643734835483e-06,6.38069750013846e-09,-1.85493465517575e-06,-5.65159227280705e-07,1.39208651688483e-05,9.83650673335725e-07,-5.86556860911918e-07,-7.62692036094083e-07,-2.45340326877963e-05,-1.25481212232735e-06,0.00200907928744216,-2.23539439780089e-07,-3.94526569226099e-06,0.00328712359966999,-2.7179232044254e-06,-4.2818285964032e-05,-0.123026743204543,1.89296901085155e-06,-2.15742919917581e-07,2.05804000279623e-06,5.31803173637264e-07,-4.89501032162018e-08,-7.39872636113817e-08,1.70827281532226e-05,2.97602908262745e-07,1.4867481313957e-05,3.22348403754891e-07,-6.21132826121333e-07,-1.10851176682196e-07,1.55880490141129e-08,2.53849392233343e-06,1.20445605311735e-07,2.54641657264393e-07,1.13807068623492e-08,-7.33712617006109e-07,-0.00754634392157811,1.56119462319636e-05,-3.06256422890004e-05,-2.93928515683128e-06,4.72187827316598e-07,1.50076053307333e-09,3.75273704310423e-08,7.41552229322816e-09,3.55828799189233e-05,-3.19972811594146e-06,-1.39011016816788e-05,1.6818437584165e-07,9.77179554634073e-08,-3.57806615174876e-08,-4.25171661740018e-09,3.27370255651094e-12,4.66179128340427e-10,-1.53172369837278e-08,4.22996453335773e-09,1.56374784717356e-09,-1.22215119761003e-07,-0.0112443298260463,4.45200211129605e-06,1.88087446264515e-06,-9.79336552654626e-09,-2.07630008836793e-08,-1.25227164685184e-06,-1.23527242711166e-07,6.03057395557034e-07,5.92092861068441e-08,-1.48620961309178e-06,1.50036537688186e-10,1.07715580969979e-05,8.38968741430237e-08,3.5299292119863e-07,4.82315287937488e-06,2.65562545045168e-09,4.42675200864591e-08,-1.92257032946737e-08,-1.31847987279704e-08,2.12608929581423e-06,2.92709953103591e-06,1.47446344351238e-06,-2.67936379473057e-06,-6.59825481749648e-07,-3.18696066861371e-06,1.50325572964198e-05,9.5731391501303e-07,9.32590342241319e-05,1.15877461003514e-06,0.000240942112768637,0.137940891993783,4.41698490878699e-05,8.14054894962812e-06,0.286495718280945,-0.000166044797291404,1.19645087930668e-06,1.17793617114925e-08,-1.10732802490335e-06,-3.49146554954639e-16,-3.90154629255018e-08,5.94537689661487e-07,-1.42766158829959e-07,-3.69405285388698e-07,-4.8780232527297e-06,6.73558468960492e-08,-8.99225436193727e-07,3.95521441351868e-07,-3.22176099289784e-07,2.04392058862273e-08,-9.45700047370145e-08,3.69927413951956e-05,-2.37799796166012e-08,2.60010150616333e-06,-8.97200684601705e-06,8.11622349213060e-09,-5.12051333083872e-10,2.36571192533972e-08,-2.09136001647974e-08,3.27741016196227e-07,3.41573991355212e-06,-6.34953750479902e-07,2.82392192344337e-07,-2.1958275331204e-06,5.92416691996392e-06,-3.55959066552588e-07,1.57363134206723e-06,-5.33605512879194e-07,1.16884788413797e-08,0.000135237572961036,1.2871757812032e-06,2.41652301337005e-07,2.1858247286649e-09,-3.44980513038162e-07,7.77347697048615e-08,-9.78188921611214e-08,1.52969671131762e-07,-2.92888616264446e-07,2.22381794646768e-07,-1.59412033422191e-08,2.91221909047839e-06,-1.2466453789235e-08,2.02380669004958e-06,-5.22729776430831e-16,-4.75917628420078e-06,-1.96719920059288e-07,-4.9325581676873e-12,-4.11935630037878e-08,5.80988552607936e-08,-3.52705351666535e-08,-9.91037106004202e-09,9.93071220975266e-10,-4.38585583812439e-08,1.65322641794326e-06,2.48261558822841e-07,-3.83030369089364e-09,1.96055141193675e-06,-2.79003139234826e-06,1.64588633382876e-07,-8.4434960810818e-07,2.25491363914365e-08,3.47463661461922e-05,5.07227016443473e-10,5.46826581824424e-06,2.15526721698315e-07,-1.12994661296814e-09,4.42583869230506e-07,-6.63325282206651e-08,2.59006096147894e-07,-3.47963677883666e-07,-1.40203095648873e-06,-1.82454118749672e-07,6.21110019598615e-08,5.24696362957948e-07,-7.80556250678409e-08,6.43944190879894e-07,-1.20184726151701e-06,-0.0162128847575611,-8.49288138367918e-06,6.59938241541474e-17,-5.40383861078638e-09,-8.16797975386711e-08,9.61572729058467e-09,-2.3199769332015e-06,-6.03970967601315e-09,-6.4121446536192e-07,-1.6269870985118e-06,5.52687290064663e-07,-2.8535895700107e-06,-1.21914700290082e-17,1.44165921729745e-05,2.88291946040987e-09,5.99498861987023e-07,-6.01425043541524e-08,-1.69727375002798e-06,7.04775702957816e-07,0.0045212732056702,-0.046244891528044,-4.45374146470486e-07,0.000222325678699729,-8.37300445995941e-09,-2.59696773183792e-07,9.51556643686288e-11,1.19526588062899e-10,8.19747080489951e-07,-1.58360149559082e-08,1.71606154793971e-06,-1.01811850445944e-15,2.57090295559879e-07,-2.28172733144748e-08,-6.58361750731116e-10,-1.0301404693381e-08,0.00030718617510713,3.27293821348091e-05,-3.81814773715509e-07,1.41984944143971e-06,8.60330602370548e-07,-4.71142534905551e-16,7.20073602571793e-06,6.12619352939436e-08,1.04595246626266e-05,-4.1956313130513e-16,-5.31111908255307e-06,-6.97735064541887e-07,1.084327063073e-07,1.97086259510026e-05,6.91683092565772e-06,3.8425174434541e-06,3.00289155189088e-06,-4.40282220077041e-06,-7.52110979711745e-07,-4.48568667515189e-08,-4.6089152992381e-05,-3.5971102447525e-07,-6.65028506851011e-16,2.05574978041694e-07,-8.24539911372405e-06,-4.50902266701416e-06,0.0265841822227285,1.44235806192437e-15,7.02390536349718e-07,-4.989706741071e-07,0.907483021281485,-1.85135995379362e-06,-0.000135061433778619,1.5672096069405e-06,-1.20471157185625e-05,3.43632273408694e-05,1.54125354570449e-14,9.43980259050826e-05,-4.41828109997355e-07,1.27209949571606e-06,0.000461754852281074,1.34257506631868e-07,-5.9101283684262e-08,-1.13797860024079e-15,6.53257977741601e-17,-6.84182458612567e-08,-1.77010037148381e-07,2.32188160408142e-08,-1.06421538779109e-05,6.86370288900549e-15,-4.63940257174424e-06,-5.29335167316135e-08,-1.48119689199344e-15,-6.10842459299975e-17,3.00917505011344e-16,1.01987743902523e-05,6.35818893471332e-07,-6.71345999041829e-07,1.98282274168366e-05,2.80646576626396e-06,5.05538014163743e-07,-2.18684370632978e-07,-2.17135826887628e-16,-4.56211147474751e-08,1.2621586475663e-07,-7.89508273237175e-16,-3.77016150353026e-16,-7.59956337662214e-08,-1.90681413686323e-09,-4.73233380696502e-08,0.000963894746522845,3.76484705364338e-08,-6.59031203716437e-07,-6.96614164977769e-16,-5.36824358787239e-07,-9.81756137940257e-16,-7.60034413613113e-06,1.11976400374303e-15,-4.25630954404691e-08,4.22886024901361e-17,1.73765033424968e-07,4.56921785228793e-08,8.62513782088129e-07,2.7224293108942e-06,1.20003652235143e-07,-1.36686807871618e-08,8.60225833506977e-08,3.0333524473942e-08,6.60304529842187e-06,5.04494076333835e-07,2.91225932228675e-08,-8.09921900098873e-08,-6.35957421616224e-06,-5.11826932302117e-07,-3.7869033577494e-08,6.3394145236771e-17,3.50586422078963e-07,-5.98080794652543e-08,3.00869225601305e-08,-3.84393708395364e-16,2.4154948840134e-07,1.56523238394886e-06,4.98867145618702e-07,-8.84317588281328e-17,-1.2061530616653e-07,-2.93141122643187e-06,1.75116974929659e-16,-8.35840104998194e-08,1.82132935834131e-07,1.84926828826759e-16,1.69438728113016e-16,-6.63376601209695e-09,-1.63513314396983e-06,-9.28444865477026e-09,-1.28311254160703e-05,8.17577756993483e-07,2.15365004565422e-08,9.55713901951846e-07,1.90047951205898e-07,-4.72746704442928e-06,-6.96925156473682e-16,8.71647168368928e-10,2.7702964649019e-08,7.64559654552144e-08,7.18652312878445e-06,1.27420821991885e-16,-1.32884238487787e-16,0.00020662384640349,-1.11179484591294e-16,-1.66688853233499e-16,2.37060846466188e-07,-3.50818718871798e-07,-6.56929024123784e-08,-1.75168170411147e-07,1.97679466602905e-06,5.31086167848644e-07,0.00562794899013408,-9.19428220637518e-17,1.18881225599588e-06,5.56004133031587e-08,2.55173300892461e-07,-5.58749950216551e-08,2.19829768682665e-07,-1.40242197108348e-16,6.97935172251101e-16,-2.77324181174067e-16,-8.75310782654157e-07,-9.12691412552978e-09,-5.91491229397409e-07,7.43900858348486e-18,-6.9685841565439e-09,-2.84239525933771e-16,-1.59511408855273e-17,1.12261106332994e-06,-2.81022865245282e-07,-3.46944695195361e-18,-2.31024503398531e-06,-3.10854309034277e-08,7.76248002930934e-18,6.99797961753343e-08,3.67230147131424e-17,1.12571301382362e-06,3.04857566048941e-18,1.12224732045174e-06,2.12291138941134e-07,7.68364459796582e-09,3.30650496789535e-07,2.26681195101654e-06,-2.46416011377769e-08,7.51876256282485e-07,-1.57939751514258e-17,4.41371256221993e-07,-2.48945545137053e-08,1.64547702150766e-16,-3.27665156799993e-09,-6.66627563931721e-08,1.54657639863622e-08,-1.72044224816946e-17,4.93769701095607e-08,6.52513295564944e-08,-1.49376186189384e-16,-1.80856667721462e-06,-1.37204993625919e-06,-1.86975457825256e-09,-8.7794300264341e-17,1.24959498946683e-16,3.33311149485097e-08,4.65094362240637e-07,3.76253582605471e-08,-1.34464397785111e-08,2.81244775839722e-07,-7.76713341164682e-17,1.83696279580852e-16,1.03569779659495e-06,6.18428169382765e-07,1.44485001688221e-16,2.5751211915626e-06,9.78790205946123e-17,3.12333316723348e-08,-0.0140913954824739,4.07217433190498e-07,-8.20166591597841e-07,2.16727728865e-16,5.33503338842254e-17,-1.70867119801118e-16,1.36615720624398e-16,-2.81510332310107e-09,-9.8038839437737e-09,2.04309308974553e-16,-1.9085410099489e-16,-8.08325008801222e-16,1.39417209700341e-08,1.25670058204329e-10,-6.95906397134836e-09,7.79921889654782e-17,5.13830514595193e-16,1.04050882493434e-15,-3.00383010034636e-07,9.19208802396548e-09,-2.46572073620343e-16,1.61271271601895e-09,-4.21799391583169e-08,-3.92844844559068e-17,2.31920675924131e-16,-1.32233634827072e-06,-2.98193419602415e-10,-6.54544011537036e-07,4.52169253142444e-18,1.62072323123397e-08,2.61420639602089e-07,2.80437102361657e-07,-8.93024833341969e-05,-6.12033980663456e-08,1.00165959340287e-09,3.12605616978224e-17,3.82127967814782e-16,1.2592398760774e-16,1.89846586920016e-08,-1.71876148788626e-08,-2.9335203810681e-07,-5.07468214682134e-09,1.21757764551416e-16,-1.26846187585014e-16,-3.95879766740247e-17,-8.7274071820612e-17,-5.25632066344147e-17,2.41247432495471e-08,1.1025031021974e-17,2.17064621799909e-16,-1.76496465796963e-07,-1.44858267360591e-17,-1.57979305392774e-07,1.30489350425498e-17,-1.95827334430481e-07,-2.03713535185958e-17,-2.36438064410457e-07,-2.95688411328471e-08,-5.95633180867119e-08,-7.14695594702548e-17,9.46886669297687e-07,-1.55418529808473e-17,3.27737499266836e-07,-5.19405165318683e-08,2.87398924029292e-10,-1.80650425473524e-16,1.58033969731224e-06,6.27199718027615e-17,-1.13501547420591e-07,-5.79340334606924e-08,4.64755801124293e-17,-1.93143673086605e-17,1.62358816304484e-17,2.48543285513991e-17,-0.000236077005327838,-1.14109748990312e-07,-2.54682624469274e-08,1.67860886202557e-16,2.03768773417282e-17,-5.94662070753717e-09,4.85023461307271e-08,-9.10642419441499e-17,7.15922312972315e-17,-9.63571531806593e-08,-8.46045678373262e-17,-8.16662744008212e-07,1.50733148896186e-16,1.70538570790308e-07,-1.36594597260485e-17,-2.28073366297318e-17,1.90007100870216e-17,-2.44791929593767e-16,1.52177701956848e-17,2.8312506415144e-16,3.26396751208794e-09,-2.28257490176163e-08,1.45916448748441e-18,-1.5132942538667e-08,6.35421031144463e-07,-4.88793047676714e-17,2.01871394793759e-16,6.81599562665346e-16,1.00064309941784e-16,2.55012331939274e-07,4.07572853775489e-08,8.91065082923627e-17,-2.06739799450912e-17,-1.13342783454061e-07,-3.66074865513548e-08,-5.54069923179308e-10,7.51167198288487e-17,9.27070855012831e-17,-1.87938711895506e-17,1.17953931980769e-16,2.1436323937791e-17,5.57769935083652e-17,9.69621172646184e-07,-7.66016615250997e-07,-1.76189587963743e-07,-1.21916459683764e-16,4.68076790288891e-17,-3.28345548724918e-17,2.48528712950254e-16,2.3051892326586e-16,5.06244673719825e-17,-2.76448857813768e-16,-2.56553978441967e-18,1.73759809579261e-17,8.38666584746563e-17,-8.11013527855936e-17,1.31801373325937e-16,-2.97554198688946e-17,-4.89210896481378e-17,2.13143920589413e-09,5.05224294553999e-17,-6.34834302449375e-17,2.68123026394829e-17,3.01421853264782e-08,-1.63276983953213e-08,1.45872645301102e-17,-7.77647362131578e-10,2.75041898914226e-08,1.42720788761675e-16,7.46702583569096e-16,-5.29577388969254e-08,-3.12696945592053e-17,6.74994679971008e-10,-6.08438494378803e-17,-4.07934292744366e-18,-5.24741426465424e-17,-1.79003552741063e-16,2.95972556595412e-08,-9.04262983832211e-08,-8.82776184868564e-17,1.46588787539633e-16,4.66421224156267e-17,-1.68233927054717e-16,6.36426675248991e-17,4.86531833153564e-16,1.59399500882717e-16,-2.29582680342029e-17,1.07756135884801e-09,-4.20754288988098e-17,5.7810870996591e-18,-7.10072566391895e-17,-3.05047354017307e-17,2.20123938039493e-17,-2.28759378588159e-16,-2.33788740096164e-07,2.87089794264511e-17,7.81352821056204e-17,1.58091990637697e-08,-1.39945033341416e-17,4.30113114820778e-17,4.4240533131169e-17,1.65452343963878e-17,1.31253662817615e-08,-1.62898442189925e-17,-4.34094352545618e-07,-5.4213754141367e-17,-2.17210554975316e-17,1.94701784584642e-16,2.67480299248699e-17,2.02494000571185e-17,-8.28247478382721e-17,0.000114766525949529,1.39813205775424e-16,9.36356890278659e-17,1.99269837305398e-09,-7.34657980142224e-06,-2.18093064622925e-17,3.35210164407996e-07,1.99770367104831e-07,-1.8071883491039e-16,3.61645819062689e-16,1.01567586910491e-17,8.98209264265643e-17,-1.756988219713e-17,-3.33772881997286e-07,1.036338304387e-17,2.39067918289214e-16,-2.62317546892034e-17,1.33437723072814e-07,-5.38714681807874e-17,1.51174174567622e-16,-5.32699132586543e-18,-1.20564945652204e-17,-6.06821479170731e-08,-5.52956711797392e-17,4.07580595720177e-10,5.36030470579357e-17,-5.39951800864448e-16,-5.75529877648183e-17,-3.51298162282021e-17,6.69319503529299e-17,-1.35945893367571e-16,-7.59313501549771e-17,-7.05221430106363e-09,-1.00072087240141e-16,-1.7944319118453e-16,2.96282346692902e-09,9.25230838914624e-17,3.25947602785791e-17,5.34089390938052e-17,-4.47589992480286e-17,9.22942870618563e-18,8.33500594010451e-17,-2.14333266120067e-08,-1.21316127967492e-16,7.29252337369485e-18,6.37624921596369e-09,-1.23099057897886e-16,1.9684617648302e-16,-1.66165489693675e-17,-2.24329159126128e-19,1.28483891692353e-16,-1.22252053642891e-16,-6.98843614821428e-17,-9.94999897604958e-17,1.62228424774707e-16,-1.63107212867178e-17,-9.8790471300217e-18,-3.33382083936161e-09,1.105064714949e-08,-7.29308158078913e-17,-9.59382676336255e-17,4.10579460106644e-17,1.66070170191127e-16,3.06829214813398e-16,-2.10387287752678e-16,-1.16826275066012e-16,2.22498450160775e-16,-1.05110501850559e-08,-1.64001488167437e-16,-1.79373589717122e-17,-6.25864821337842e-17,-1.66282177039623e-16,1.2215232175808e-09,-2.05023542782847e-17,-1.93330660755273e-10,4.77393630975807e-17,5.11002898900631e-17,-1.35159358177316e-16,-4.98571262418837e-17,-1.17783937778318e-17,1.05382011284905e-17,2.02207950451964e-16,5.21309741813704e-17,3.95358730588123e-17,1.63219663559157e-20,-4.74097175069036e-17,5.17971853105914e-18,-1.24764632619239e-16,-1.2713723887933e-16,-3.29692902569538e-17,-2.13582245780251e-16,-5.13371791879258e-17,-4.61788019903708e-17,4.28065980888097e-17,1.38891600820616e-16,1.00830802041152e-16,5.80466365031072e-17,-6.76749346092204e-17,-4.0903469623023e-17,2.61366681813916e-17,4.07787561008276e-09,6.75329090168409e-17,7.61516109016001e-17,3.76264618784188e-17,-2.21122068631933e-16,-1.11716991566112e-16,-7.32295238424374e-17,-1.57784922965503e-16,7.33769074348412e-17,4.50012859324107e-17,-6.30981817291005e-17,-1.7130394325271e-17,2.03583598254204e-16,-6.96540769201772e-17,1.70472914543328e-18,2.88258962259654e-16,4.12859288369676e-17,1.30706835812288e-16,-5.22294702246e-08,1.45725798261017e-18,-4.48159385479693e-17,5.3073107641845e-17,-8.68996043333653e-19,1.16711287859873e-16,6.20381365047406e-17,-3.79332866420416e-17,-1.53644303420535e-16,2.19813137089892e-17,2.71447350627632e-09,2.60614031015888e-16,-1.0253304563482e-16,-9.69773257406293e-17,7.71173597831261e-17,3.45213464544396e-17,6.22616211337219e-17,-6.30427535010955e-17,-4.23580804023889e-17,1.26912118095825e-16,7.2018383365992e-17,3.27958088761587e-17,-5.61865844674985e-17,1.21893975424392e-16,5.52991039553269e-08,-6.98347748255684e-17,6.93144027470862e-17,1.92543619269727e-16,-4.27392496393786e-16,-3.73128467698057e-09,-6.42049511917201e-18,-2.41272018635779e-16,4.47716120296413e-17,2.92169780514477e-17,-1.73735253488648e-16,1.27875168866679e-16,8.58174763642397e-17,-3.27946195172758e-18,-7.05205482040436e-17,1.33764493291494e-16,2.85754270034153e-17,-1.84785966732754e-16,-9.96516454368635e-17,-4.34371745520144e-17,9.06378203887856e-18,7.94185810356097e-17,-1.59483626909374e-16
"t526",0.0329613524361255,-0.00819722282151239,-0.00882403547657434,0.000400428468967453,0.00201028285468354,0.00386107902573119,0.00086168270080242,7.73061330495823e-06,-0.0363034173440022,0.142249128364152,-0.0259835587501943,0.00340286959061942,-0.00667148350202929,-0.00140491839000771,-0.0376400818221079,0.000853304112072964,0.000544160230272827,-6.40037969736203e-05,-0.028166609152623,0.00392428645874978,-3.4026291506103e-05,4.6630326034749e-05,-0.00641119028862597,-1.96778409714202e-05,-1.38099235638491e-05,0.00110381241560031,-0.00564902981161939,5.6685946074147e-05,-0.00090335789678505,0.00755262219619931,0.00105052141015858,-0.0535717483460855,0.000882774265347095,-0.0142507121360895,0.000871114650953955,-0.000182652925627975,-8.92728041795632e-06,2.1398858447755e-05,0.0012090737111148,0.000405090622800291,0.000377645615049962,-0.0100369424423117,0.000891155670449853,-0.120326162107751,-0.000294730647840072,1.34702304007962e-05,-2.00369300305966e-06,2.73382780829842e-05,-0.0012551216487228,0.00169697947155873,-9.22280184075674e-06,7.07967739952328e-06,-7.48511307055561e-07,1.85441189047911e-06,-1.68921510917213e-05,2.82645848405488e-05,7.64534143932273e-05,-0.00106033339228139,0.0142348351374407,2.69356787121846e-06,1.34393007926218e-06,-5.47439930212589e-05,2.67518032734413e-05,-1.90404079691328e-05,5.12104103624778e-05,-1.99550683569437e-06,2.0606926925587e-06,-8.64998495100652e-06,1.32190161960508e-06,-1.8438756840385e-07,-2.04657857205287e-07,8.90287853493564e-07,-3.23741277575424e-06,-2.31132992038602e-06,9.82423039431021e-07,3.66513219578819e-07,-8.97224815399019e-06,1.41460282570347e-06,-0.000208161839129228,-6.98989107389368e-05,4.70193560398959e-06,0.000374270312118292,-0.000280053060850772,-2.48208747840075e-05,0.000172408117735454,0.000170432566376222,-6.09367970123902e-05,-0.000569221215040382,-2.90909777166782e-06,0.000143986079895556,-0.125224649284611,-7.44621452206107e-08,-4.64451521240641e-05,2.35211974150878e-05,9.45278039000454e-06,2.49971356861811e-06,2.92464465266442e-07,-1.21966658403863e-06,1.24390177151219e-05,8.6820013740404e-05,3.66984517339707e-06,-2.36023189049021e-08,4.79648336005045e-06,-6.88906197645133e-07,2.37951077407216e-07,-9.9910569905943e-09,3.68733352855324e-07,3.08850935478796e-10,-8.46004527047152e-07,1.36186438114052e-09,5.29132984048327e-08,1.87195834029611e-07,-6.08726917086988e-08,1.19167992853138e-07,-4.31313889142328e-06,1.71831487154272e-07,-9.13109272682685e-06,1.07599092150101e-05,-3.89634923020958e-06,1.43815932674558e-06,-8.36939099170962e-07,1.80239206713068e-06,-1.68887014264372e-05,-2.9355623675659e-05,1.35160339515927e-07,-3.01529150117922e-06,3.16095945605832e-07,-0.000628360860017104,6.51589865809962e-06,0.000226856021400949,1.68326091650407e-06,-6.31912985056497e-06,4.94887183720785e-07,8.57797205207329e-06,-1.38899151772938e-08,9.16962151842773e-06,-9.58773774567452e-06,-9.88379031833073e-07,3.83095349997374e-05,-3.20814727998998e-05,-2.7719335015933e-05,-2.41670930979284e-06,2.13398747876453e-05,1.33100222431262e-06,7.67576757064845e-09,-2.23611190665701e-06,-6.8417003987082e-07,1.69252897623416e-05,1.1972407325122e-06,-7.15636552237787e-07,-9.30710777790038e-07,-2.99663256158472e-05,-1.53348118159866e-06,0.00245677152140644,-2.74914671877207e-07,-4.85644964613505e-06,0.00404894365974232,-3.39859105909582e-06,-5.37419984267859e-05,-0.154502077834095,2.38487951416193e-06,-2.71985260523361e-07,2.60532410052155e-06,6.73563699765417e-07,-6.22523040241951e-08,-9.44687291519658e-08,2.20691478247578e-05,3.84634066789171e-07,1.92174077715955e-05,4.17339893988397e-07,-8.05711807408411e-07,-1.43832007699148e-07,2.03031236372187e-08,3.3103194465096e-06,1.57477606578245e-07,3.33147868604984e-07,1.48943079221959e-08,-9.66155447455567e-07,-0.0100012645434348,2.07138717443533e-05,-4.06774652017427e-05,-3.91642629445016e-06,6.29937143543389e-07,2.00455674244817e-09,5.01823726552323e-08,9.95449876449666e-09,4.7811934495648e-05,-4.33564498282917e-06,-1.88413362258382e-05,2.28604356776753e-07,1.33880956625199e-07,-4.93515826228593e-08,-5.87802564854097e-09,4.54175503088457e-12,6.48459320618512e-10,-2.14757491312365e-08,5.94097641608514e-09,2.20440538002339e-09,-1.72606573971527e-07,-0.0161137820538235,6.38442841740262e-06,2.71437874843691e-06,-1.42224795420748e-08,-3.06223179397819e-08,-1.84704664894394e-06,-1.82461508077996e-07,8.94752175676513e-07,8.81227659810593e-08,-2.23056213486237e-06,2.27570856363031e-10,1.6479952722982e-05,1.28705271046703e-07,5.48261988131756e-07,7.54384047297809e-06,4.1544066948188e-09,6.96345002136909e-08,-3.06774841022319e-08,-2.10970265986612e-08,3.45379787307076e-06,4.80628193260165e-06,2.43018081286602e-06,-4.48632701281005e-06,-1.10904778982527e-06,-5.37938484214405e-06,2.57084061235669e-05,1.64158012740144e-06,0.000160024039401476,2.01796682218236e-06,0.000423460563652298,0.244966689675207,7.88164117127162e-05,1.45987098496157e-05,0.516214231320816,-0.000299585785465692,2.186032381524e-06,2.16947346473061e-08,-2.05744412605871e-06,-3.95644956464795e-16,-7.34302825244504e-08,1.12188982635819e-06,-2.74391163436288e-07,-7.20397824546989e-07,-9.63047254802022e-06,1.33076947724333e-07,-1.81896347636553e-06,8.03315096206931e-07,-6.55577919456595e-07,4.1968986441853e-08,-1.953942867229e-07,7.73159575932015e-05,-4.99585711290246e-08,5.47420580237905e-06,-1.9115328398322e-05,1.82238477104902e-08,-1.17264783365371e-09,5.51025149766051e-08,-5.06236427903487e-08,7.95582200253759e-07,8.53122231165613e-06,-1.61231742529402e-06,7.347446552053e-07,-5.75914129882497e-06,1.56702217158528e-05,-9.52892731849504e-07,4.28962971644612e-06,-1.45763642930982e-06,3.35176285402859e-08,0.000388252589996586,3.70014911413302e-06,7.04352523935201e-07,6.40451775893975e-09,-1.02804888245545e-06,2.32392188856311e-07,-3.27201307137516e-07,5.18657532850202e-07,-1.00397404158305e-06,7.82155804753278e-07,-5.72731487579392e-08,1.10040606720849e-05,-4.78335067191284e-08,7.86189654949398e-06,1.94886714794405e-16,-1.93222461411602e-05,-8.03496547297155e-07,-2.05529915843566e-11,-1.80313347177129e-07,2.66025356931038e-07,-1.6514377043844e-07,-4.69289090289977e-08,5.52926672056189e-09,-2.47060410625632e-07,9.34244827921804e-06,1.48312397648564e-06,-2.74439558693221e-08,1.45603360744754e-05,-2.12634179104121e-05,1.37425482998424e-06,-1.13315452957012e-05,4.11871847911431e-07,0.000648491030394323,9.52854610381818e-09,0.00263675056201221,-3.51930950985924e-06,1.62182450087543e-08,-5.38684299542189e-06,6.79885796803312e-07,-2.53060658893912e-06,2.42719201631079e-06,9.56841469074634e-06,1.19749651195625e-06,-3.97190860629787e-07,-3.09212528886735e-06,4.22738332552929e-07,-3.2408047556239e-06,5.86543386189938e-06,0.0752253474942106,3.55987972444756e-05,-1.64305285960207e-16,1.37893116547633e-08,1.99947766741143e-07,-2.2163201316306e-08,5.33795117212229e-06,1.38709406546213e-08,1.45157873861506e-06,3.58570563659034e-06,-1.180469375836e-06,5.72870146913967e-06,-7.63221525283515e-17,-2.52963622742133e-05,-4.97787867452433e-09,-1.00052135738291e-06,9.99709785833013e-08,2.60009232236145e-06,-1.03344293731782e-06,-0.00624101371015483,0.0612896780330267,5.41738924556503e-07,-0.000250495458645594,8.99292539657434e-09,2.71587800617164e-07,-9.78890436709701e-11,-1.1943608878599e-10,-8.16525244885681e-07,1.54546020529541e-08,-1.64847976393199e-06,4.61262691243478e-16,-2.19902232001873e-07,1.90593538867967e-08,5.49805198088643e-10,8.04669383364542e-09,-0.00023755548726536,-2.24136583231772e-05,2.52649989997061e-07,-9.33190986642897e-07,-5.51162633643497e-07,4.29511384550324e-16,-4.48052648849984e-06,-3.7707878744135e-08,-6.18250192282815e-06,4.43584678210745e-16,3.00481420152056e-06,3.90694107718915e-07,-6.03923013393919e-08,-1.08560950993356e-05,-3.73996983672813e-06,-2.04891450733804e-06,-1.58383522506789e-06,2.24830322349438e-06,3.82594180285442e-07,2.23156708637716e-08,2.20456641843687e-05,1.71714142827807e-07,2.238273604092e-16,-9.08295377907577e-08,3.59417330706504e-06,1.90766804174656e-06,-0.0107465002403846,-5.65378112619518e-16,-2.57089025295122e-07,1.62950062356751e-07,-0.281245922888621,5.59800021315384e-07,3.96404065234462e-05,-4.34931770028748e-07,3.04613710888007e-06,-6.79801447252885e-06,-5.05175534194537e-15,-1.46582734275739e-05,6.70732958431069e-08,-1.84034813449687e-07,-6.23420398260405e-05,-1.80282534133006e-08,7.77818252269597e-09,4.57966997657877e-16,4.36184744661769e-17,7.97895735005125e-09,1.84304989648578e-08,-2.38221213991187e-09,9.77412651076419e-07,-4.97675842904308e-16,3.22508871457988e-07,3.18128070115084e-09,5.40022896538467e-16,-4.30655869479513e-17,-1.78127466439462e-17,-3.30619547552666e-07,-1.8483946769029e-08,1.19594030856118e-08,-1.70794068044464e-07,-2.12049251196276e-08,9.56064884982183e-10,-6.4728055818995e-10,3.04371449703665e-17,-9.60810796962773e-10,3.4270849435221e-09,2.66146211167554e-16,-8.00480850882393e-17,-3.77821897135742e-09,-1.04618548216814e-10,-2.91504805533874e-09,6.36263994827482e-05,2.79502923484847e-09,-4.97852152977985e-08,7.10994227103054e-17,-4.1503325506708e-08,2.57139279793523e-16,-6.25767907581555e-07,-6.53448649357014e-16,-3.65891683871117e-09,-1.16038993633867e-16,1.5725827046376e-08,4.17657349327666e-09,8.88979943629433e-08,2.87154216513987e-07,1.27774778099128e-08,-1.51406344804034e-09,9.84349588788135e-09,3.72191874724791e-09,8.10667945553696e-07,6.31885478962664e-08,3.77776418519199e-09,-1.09791232297785e-08,-8.92545272216523e-07,-7.37240425845426e-08,-5.52263526633536e-09,3.12630020885188e-17,5.30422814361369e-08,-9.355237868561e-09,5.1231417259899e-09,2.10788952399252e-16,4.20585431443859e-08,2.81399401149194e-07,9.08684556281143e-08,-1.10725434182156e-16,-2.21157335500322e-08,-5.51337960818259e-07,3.32507392917661e-16,-1.5911338459729e-08,3.70772917279903e-08,1.33535794704141e-16,2.59520373582013e-17,-1.38321410132881e-09,-3.41658671075448e-07,-1.9588754715096e-09,-2.73751389900132e-06,1.78719874724133e-07,4.7174378104467e-09,2.09946046793482e-07,4.30302180874531e-08,-1.09562155799199e-06,7.50484743794466e-16,2.03737242965591e-10,6.48462535381153e-09,1.79870994088344e-08,1.70087699762728e-06,2.82375361114715e-16,7.32793119736282e-17,4.93001303043272e-05,4.04746667557785e-18,7.68357888805884e-17,5.93333940025032e-08,-8.84911294517295e-08,-1.65731754645463e-08,-4.49289310243337e-08,5.08142051293944e-07,1.36581466219391e-07,0.00145172434567251,-2.46359606525248e-16,3.16252884483596e-07,1.48847794841593e-08,6.84537146255544e-08,-1.51422227631835e-08,6.06550048187616e-08,-1.76404657599101e-16,-1.83986816814403e-17,8.28832045068529e-17,-2.47559497171839e-07,-2.6080284715082e-09,-1.69150322235413e-07,1.15658437711337e-16,-2.01226652800113e-09,-1.4555379942942e-16,1.55213859918999e-16,3.3754257899984e-07,-8.45379492546309e-08,1.09287578986539e-16,-7.01531079012755e-07,-9.49038481728164e-09,-5.52068183627452e-17,2.15973861761338e-08,1.40207553137336e-18,3.51868208874964e-07,1.14426500338764e-16,3.51180203483658e-07,6.64892588988098e-08,2.40887001168531e-09,1.03802519213368e-07,7.13807960461909e-07,-7.84778564735019e-09,2.43161455320868e-07,2.84569392880408e-16,1.45401323208789e-07,-8.21686564602662e-09,-1.96736788034828e-17,-1.08428105476399e-09,-2.21616142575943e-08,5.16275581375651e-09,1.97900328462561e-16,1.67121253810587e-08,2.21444003921497e-08,1.19311649981843e-16,-6.15957384788325e-07,-4.68103773408565e-07,-6.42008226934604e-10,-1.83081403928662e-16,-3.83318660115099e-16,1.16157096768581e-08,1.63087918084875e-07,1.32101432175837e-08,-4.845228466756e-09,1.01758057125091e-07,-1.82912938201955e-17,-9.3799456831004e-17,3.75780812555384e-07,2.24462877172644e-07,-1.75207493048182e-16,9.39048156494213e-07,1.81482001444668e-16,1.14407692653668e-08,-0.00519314315803537,1.50137387083515e-07,-3.02896741432246e-07,3.24988221646786e-16,4.76603460456646e-17,-9.98450604245236e-17,5.44598227010029e-17,-1.05520645079381e-09,-3.67926823747186e-09,-2.42688771508882e-16,-1.02794667823069e-16,-3.22750643654239e-16,5.25472318975869e-09,4.74535457629762e-11,-2.64094164717679e-09,-2.6028566770433e-16,1.45554141656179e-16,-7.52490517813564e-16,-1.15900612364043e-07,3.54868885348859e-09,9.70712149534919e-17,6.2653901420859e-10,-1.6428253263884e-08,-4.26825836490719e-16,6.08530343145672e-16,-5.18065375003745e-07,-1.16880722954793e-10,-2.57437542232577e-07,-8.75155908997008e-17,6.41067201622891e-09,1.0372388403985e-07,1.11746341602212e-07,-3.57909359857508e-05,-2.45670927925267e-08,4.03222233491682e-10,-3.14887180867733e-16,4.19672969289065e-17,-2.75261865400019e-16,7.76573394391938e-09,-7.03234332269415e-09,-1.20265798787472e-07,-2.10132230049347e-09,-2.27755394019186e-16,1.16060594645316e-16,1.22686061318805e-16,-1.15230348396563e-16,6.22657360806541e-16,1.00921249689004e-08,3.81630996271902e-17,-8.11262773839684e-16,-7.4125405765705e-08,6.19309164652542e-16,-6.63624111986766e-08,5.04483138272137e-17,-8.22902153306016e-08,-5.99677741377882e-16,-1.00028744044901e-07,-1.25294968880623e-08,-2.53006258955589e-08,2.81905342152886e-16,4.03403248945287e-07,9.0668105972901e-17,1.40528457187213e-07,-2.24558807052502e-08,1.24297826389078e-10,3.24012311464317e-16,6.85741421983824e-07,7.53539079021756e-17,-4.95058285714862e-08,-2.52753847045015e-08,-3.44908610665535e-16,-2.57194586996319e-16,-4.39803537681557e-16,-2.23932053472577e-16,-0.00010343074801491,-5.00495445193639e-08,-1.11849583964936e-08,-1.40198396248998e-16,-5.87486834259728e-16,-2.62755394038874e-09,2.14368447559038e-08,-1.03895593921294e-15,-6.14907672286568e-16,-4.29069040297303e-08,1.66856194010316e-17,-3.64226401588528e-07,2.34187141537551e-16,7.64050797813729e-08,-7.05895420856229e-16,2.6956668671427e-16,-1.43429087300224e-16,1.99936507360418e-16,-5.14584344429762e-16,4.7137909556393e-16,1.47564471049395e-09,-1.03207741986833e-08,1.95392327697084e-16,-6.86378992377583e-09,2.88579309444427e-07,3.23531602243891e-16,1.45865753499633e-15,-2.34578785255028e-16,-3.27701274463686e-16,1.16458330211711e-07,1.86367966007212e-08,-4.33988301628815e-16,7.89298809782034e-16,-5.19012727669227e-08,-1.67661892351897e-08,-2.53920773478868e-10,4.02889261679813e-16,3.88045747138663e-16,4.63853026169986e-16,-7.42392578269174e-16,-7.08204556871394e-16,6.34594063214601e-16,4.48827619460475e-07,-3.54908659760452e-07,-8.17063732334723e-08,5.84566240521663e-17,-6.86239834575141e-16,7.63048412653792e-16,-1.33857495289868e-15,-1.36363613147516e-15,1.26845046725142e-15,-1.37242186395941e-15,1.45221732823726e-15,6.90249425936764e-16,-1.34805589572752e-15,-1.33267799409815e-15,-1.25517875194066e-15,-2.55768070254378e-15,2.95023237730695e-16,1.00349518949928e-09,2.52464083048522e-16,1.10383166003593e-15,1.02567630180376e-16,1.42190584269051e-08,-7.70579436992968e-09,1.44158194291944e-15,-3.67110236955642e-10,1.30153158188439e-08,-3.29523523862426e-17,4.29556507017937e-16,-2.51347214799842e-08,2.16454981786999e-15,3.21521549378649e-10,4.94145970764477e-16,-1.13509970822957e-15,-1.28972091112774e-15,-2.26487591549206e-15,1.41775490482431e-08,-4.33320070500835e-08,-9.15879164239348e-15,1.38103512975334e-15,1.3148362377761e-14,1.06449901570633e-13,-8.95789518950973e-14,0.707106781186549,-6.64363581365666e-15,-4.05538016766862e-15,5.26314118212706e-10,3.26561734963742e-15,2.53354650012676e-16,-7.39737002372501e-16,1.0512177674564e-15,-1.68866215747123e-15,5.37863623049381e-16,-1.14647438435933e-07,7.56140590101822e-16,2.5738433471114e-15,7.75834280083343e-09,-1.39907783415369e-16,-3.68194224236387e-15,-4.86931806262842e-16,-2.73461819969578e-15,6.49633723513982e-09,-9.09881056552809e-16,-2.1517715309879e-07,1.6799572292877e-15,-9.08124007743394e-16,7.73935359105036e-16,1.29432394164498e-15,-6.28271446842894e-16,2.29368226750454e-16,5.70632587471188e-05,1.04529186847314e-15,1.64819846694883e-15,9.93108718237785e-10,-3.66177267286177e-06,-5.55844559887582e-17,1.67414110268435e-07,9.98338099887504e-08,8.44141632189399e-16,1.97069193281628e-15,-6.96520659656442e-16,-3.93318111760258e-16,2.19159027075745e-15,-1.68334163575229e-07,9.26903541910633e-17,2.95706374534943e-16,-7.01881534203001e-16,6.74543878653456e-08,6.00362807781635e-16,-1.84303787016694e-16,-5.38428080989092e-18,2.25280283273422e-16,-3.07695119326714e-08,-5.43383589327267e-17,2.06861933744154e-10,-6.41290406335619e-16,-2.24869042433809e-16,2.01019769008634e-15,1.18706003809449e-17,2.54297475752384e-17,-1.09372255419689e-16,1.94176162328965e-16,-3.59699322932317e-09,-1.30205806203331e-15,-2.43601433472281e-16,1.51303375025564e-09,2.99051253437804e-16,-3.28414630743241e-17,1.45615954756753e-16,-5.92759251245292e-16,3.23242469802926e-17,-4.00871352073994e-16,-1.09871157944581e-08,-3.57586973520461e-16,-3.00573920017034e-16,3.27411917247512e-09,1.67655509047782e-16,-4.37240392825841e-16,4.80249181495346e-16,-1.00464729968488e-16,7.00244647305206e-16,-2.52353535848571e-16,-3.31830259986115e-16,1.03732587398936e-17,2.9359075722697e-16,2.14187875478314e-17,4.96488826936275e-16,-1.72250501789672e-09,5.71381775069881e-09,1.97727007676256e-16,2.28700905555271e-16,2.3190780954539e-16,-4.3819828623824e-17,-2.89698820488127e-16,6.94992336425556e-16,-5.99596349544052e-16,-2.42670845800681e-16,-5.45567712608879e-09,-7.57722949574949e-16,-3.47281273084384e-16,3.36837511377645e-17,5.52746365971876e-16,6.36072343349781e-10,4.04334876070548e-16,-1.01035543427982e-10,2.6357855014043e-16,2.09453359497123e-16,1.36351108409315e-16,5.31391236660744e-16,-1.82842657961932e-17,3.80267300264096e-18,-7.84320736175505e-16,3.16114824953211e-17,-5.57638570951493e-17,2.09330861032832e-16,1.55322695435538e-16,-8.61246287044795e-17,1.36314189216632e-16,-4.17679919661196e-17,-2.69262699478038e-16,1.37213672221298e-16,2.61647212137159e-17,2.25624998316834e-16,-8.72400684821965e-17,-5.01744524610502e-16,2.45246531416221e-16,-1.87350914958781e-16,1.09905506777373e-16,3.3218500442879e-16,2.4220129073795e-17,2.15907517831127e-09,-2.8782151801614e-17,-4.21647784217601e-16,2.46763663720924e-16,-4.90571643596127e-16,4.74304199882227e-16,2.99281513200167e-16,2.52005479161259e-16,-1.82887673332983e-17,-1.41286931091971e-16,1.1260496929616e-16,-3.68628738645072e-18,4.76673876710933e-17,-1.14495177838871e-16,1.85901833007691e-16,-3.80651634513432e-16,-3.50227048164741e-16,-1.43600700962247e-16,-2.78913069567985e-08,7.14174774946239e-17,-4.93324614050012e-17,1.3625526408598e-18,-3.28043731430462e-17,-3.0527644545149e-16,-5.77893590694919e-17,2.47221712013916e-17,-1.97943785693433e-16,-2.19488277893963e-16,1.46213558749172e-09,3.03573004051562e-16,-1.79816435975739e-16,-5.34322538537901e-18,-1.77976747765126e-16,1.67605765903883e-16,-8.73270699007246e-17,6.16230050110124e-17,1.88097980723755e-16,-3.47712181435426e-17,-1.50811655919081e-16,-4.80743070984073e-17,-5.75148561976013e-17,1.79427203760752e-16,3.00398848612736e-08,1.62553085498529e-18,6.3024397344403e-17,1.84242338692501e-16,-3.10515502199848e-16,-2.03480554192244e-09,-5.38942643296231e-17,-1.51607367027235e-16,1.64526811094351e-16,1.31911066729446e-16,6.72135731355484e-17,1.31442458263e-16,-1.9518219565178e-16,-3.08141230535508e-17,-9.23707827063889e-17,2.43137944217462e-16,3.07932928683393e-17,1.83763204488298e-16,-1.55920460587655e-16,-6.86878712228574e-17,3.34774742771619e-17,1.20435043503993e-16,-2.67650668241679e-16
"t527",0.0329613524361255,-0.00819722282151239,-0.00882403547657434,0.000400428468967453,0.00201028285468354,0.00386107902573118,0.000861682700802419,7.73061330495794e-06,-0.0363034173440022,0.142249128364152,-0.0259835587501943,0.00340286959061943,-0.00667148350202928,-0.00140491839000772,-0.0376400818221079,0.000853304112072964,0.000544160230272831,-6.40037969736236e-05,-0.028166609152623,0.00392428645874978,-3.40262915061055e-05,4.66303260347495e-05,-0.00641119028862597,-1.96778409714358e-05,-1.38099235638513e-05,0.00110381241560031,-0.0056490298116194,5.66859460741328e-05,-0.00090335789678505,0.00755262219619931,0.00105052141015857,-0.0535717483460855,0.000882774265347114,-0.0142507121360895,0.000871114650953951,-0.000182652925627971,-8.92728041796038e-06,2.13988584477541e-05,0.00120907371111479,0.000405090622800294,0.000377645615049955,-0.0100369424423117,0.000891155670449843,-0.120326162107751,-0.000294730647840106,1.3470230400791e-05,-2.00369300306579e-06,2.73382780829952e-05,-0.00125512164872278,0.00169697947155875,-9.22280184076124e-06,7.07967739957758e-06,-7.48511307057766e-07,1.85441189049038e-06,-1.68921510917162e-05,2.82645848405604e-05,7.64534143932358e-05,-0.00106033339228141,0.0142348351374407,2.69356787121753e-06,1.34393007926422e-06,-5.47439930212857e-05,2.67518032734567e-05,-1.90404079691066e-05,5.12104103624593e-05,-1.99550683567395e-06,2.06069269258083e-06,-8.64998495103649e-06,1.32190161960243e-06,-1.84387568382031e-07,-2.04657857137802e-07,8.9028785354257e-07,-3.23741277575645e-06,-2.31132992028831e-06,9.82423039392802e-07,3.6651321956838e-07,-8.97224815397273e-06,1.41460282569787e-06,-0.000208161839129231,-6.98989107389535e-05,4.7019356039917e-06,0.000374270312118299,-0.000280053060850767,-2.48208747839329e-05,0.000172408117735443,0.000170432566376232,-6.09367970123932e-05,-0.000569221215040398,-2.90909777166944e-06,0.000143986079895546,-0.125224649284611,-7.44621452171412e-08,-4.64451521240608e-05,2.35211974151107e-05,9.45278039003522e-06,2.49971356857489e-06,2.92464465259416e-07,-1.2196665841126e-06,1.24390177151607e-05,8.68200137404053e-05,3.66984517339814e-06,-2.36023189008956e-08,4.79648336007234e-06,-6.88906197661218e-07,2.37951077421839e-07,-9.99105702178015e-09,3.68733352883491e-07,3.08850908837915e-10,-8.46004527048637e-07,1.3618643708406e-09,5.29132983937401e-08,1.87195834034061e-07,-6.08726917170717e-08,1.19167992878027e-07,-4.31313889137583e-06,1.71831487157149e-07,-9.13109272679986e-06,1.07599092149835e-05,-3.89634923021778e-06,1.43815932677882e-06,-8.36939099230791e-07,1.80239206711336e-06,-1.68887014264503e-05,-2.93556236756567e-05,1.35160339547152e-07,-3.01529150117144e-06,3.16095945625781e-07,-0.000628360860017033,6.51589865808868e-06,0.000226856021401008,1.68326091650173e-06,-6.31912985052318e-06,4.94887183685575e-07,8.57797205205625e-06,-1.38899151363277e-08,9.16962151841532e-06,-9.58773774567413e-06,-9.88379031782419e-07,3.83095349997404e-05,-3.20814727999272e-05,-2.77193350158982e-05,-2.41670930989242e-06,2.1339874787644e-05,1.33100222428372e-06,7.67576749210308e-09,-2.2361119066756e-06,-6.84170039808172e-07,1.69252897623262e-05,1.19724073250307e-06,-7.15636552265483e-07,-9.30710777810205e-07,-2.99663256158179e-05,-1.5334811815899e-06,0.00245677152140648,-2.74914671893943e-07,-4.85644964612219e-06,0.00404894365974235,-3.39859105911647e-06,-5.37419984268451e-05,-0.154502077834094,2.38487951413448e-06,-2.71985260543222e-07,2.60532410051883e-06,6.73563699785413e-07,-6.22523040374518e-08,-9.44687291173408e-08,2.20691478247372e-05,3.84634066805166e-07,1.92174077716084e-05,4.17339893999861e-07,-8.05711807358082e-07,-1.4383200779027e-07,2.03031236214181e-08,3.31031944649861e-06,1.5747760657813e-07,3.33147868629212e-07,1.48943079888357e-08,-9.66155447480158e-07,-0.0100012645434348,2.07138717444723e-05,-4.06774652017512e-05,-3.91642629436527e-06,6.29937143507189e-07,2.00455675577258e-09,5.01823726371173e-08,9.95449878183056e-09,4.78119344956394e-05,-4.33564498280858e-06,-1.88413362258308e-05,2.28604356678483e-07,1.33880956679824e-07,-4.93515826152804e-08,-5.87802565270165e-09,4.5417486082891e-12,6.48459290599393e-10,-2.14757491240153e-08,5.94097635213593e-09,2.20440545291566e-09,-1.72606573949155e-07,-0.0161137820538236,6.3844284173835e-06,2.71437874838197e-06,-1.42224795373774e-08,-3.06223179116816e-08,-1.84704664890245e-06,-1.82461508061475e-07,8.94752175681359e-07,8.81227659160072e-08,-2.23056213488172e-06,2.27570880660449e-10,1.64799527229516e-05,1.28705271087248e-07,5.48261988022436e-07,7.54384047298802e-06,4.15440667819142e-09,6.9634500180906e-08,-3.06774840436497e-08,-2.10970266668289e-08,3.45379787308698e-06,4.80628193260338e-06,2.43018081281064e-06,-4.48632701270691e-06,-1.10904778974872e-06,-5.3793848420408e-06,2.57084061235889e-05,1.6415801274556e-06,0.000160024039401501,2.01796682222352e-06,0.000423460563652171,0.244966689675207,7.88164117126859e-05,1.45987098496051e-05,0.516214231320815,-0.000299585785465712,2.18603238153762e-06,2.16947346150619e-08,-2.05744412611058e-06,-3.69322517217766e-16,-7.34302824682648e-08,1.12188982640676e-06,-2.74391163462609e-07,-7.2039782448069e-07,-9.63047254807438e-06,1.3307694738629e-07,-1.81896347637541e-06,8.0331509614238e-07,-6.55577919468105e-07,4.19689864211881e-08,-1.95394286749973e-07,7.73159575932271e-05,-4.99585711065553e-08,5.47420580240597e-06,-1.9115328398281e-05,1.82238477131721e-08,-1.17264779559822e-09,5.51025149720386e-08,-5.06236425670842e-08,7.95582200292192e-07,8.53122231151996e-06,-1.61231742515838e-06,7.34744655189739e-07,-5.75914129884561e-06,1.56702217157802e-05,-9.52892731840433e-07,4.28962971641155e-06,-1.45763642938287e-06,3.35176285635983e-08,0.000388252589996421,3.70014911408052e-06,7.04352523927185e-07,6.40451779368137e-09,-1.02804888263358e-06,2.32392188800672e-07,-3.27201307100383e-07,5.18657532783336e-07,-1.00397404153824e-06,7.82155804777642e-07,-5.72731487207183e-08,1.10040606720648e-05,-4.78335067781644e-08,7.86189654953356e-06,2.62688976890869e-16,-1.93222461411486e-05,-8.03496547385041e-07,-2.0553343784762e-11,-1.80313347248418e-07,2.66025356974888e-07,-1.65143770435354e-07,-4.69289089471464e-08,5.52926677656578e-09,-2.47060410609764e-07,9.34244827917627e-06,1.48312397646675e-06,-2.74439559651652e-08,1.45603360745323e-05,-2.12634179103148e-05,1.37425482995405e-06,-1.1331545295778e-05,4.11871848000987e-07,0.000648491030394419,9.52854608369511e-09,0.00263675056201217,-3.51930950985869e-06,1.62182449143071e-08,-5.38684299532562e-06,6.7988579693576e-07,-2.53060658893356e-06,2.42719201609323e-06,9.56841469087872e-06,1.19749651189123e-06,-3.97190860594639e-07,-3.09212528880277e-06,4.22738332524194e-07,-3.2408047556625e-06,5.86543386214239e-06,0.0752253474942104,3.55987972444414e-05,-2.15776939387492e-16,1.37893118611506e-08,1.99947766699183e-07,-2.21632011330759e-08,5.3379511720014e-06,1.38709404632434e-08,1.45157873852863e-06,3.58570563663131e-06,-1.18046937583824e-06,5.72870146924928e-06,1.56207516600478e-17,-2.5296362274117e-05,-4.97787857625055e-09,-1.00052135704736e-06,9.99709787165164e-08,2.60009232248401e-06,-1.03344293721177e-06,-0.00624101371015473,0.0612896780330267,5.41738924524532e-07,-0.000250495458645783,8.99292536383515e-09,2.71587800573107e-07,-9.78891173592554e-11,-1.19436182190007e-10,-8.16525245036714e-07,1.54546020006329e-08,-1.64847976417634e-06,3.21299470693495e-16,-2.19902231948339e-07,1.90593540043242e-08,5.49805171859222e-10,8.04669396106456e-09,-0.000237555487265307,-2.24136583230065e-05,2.52649990087933e-07,-9.33190986671601e-07,-5.51162633718164e-07,3.7872871502978e-16,-4.48052648835681e-06,-3.77078788905913e-08,-6.18250192237421e-06,2.50342777400884e-16,3.004814201436e-06,3.90694107824357e-07,-6.03923010240594e-08,-1.08560950992336e-05,-3.73996983646925e-06,-2.04891450735581e-06,-1.58383522507531e-06,2.24830322303986e-06,3.8259418003828e-07,2.23156710165355e-08,2.20456641842051e-05,1.71714143408584e-07,2.6901663656076e-16,-9.08295377827846e-08,3.59417330739214e-06,1.90766804169522e-06,-0.0107465002403847,-4.41334836147601e-16,-2.57089025374866e-07,1.62950062382447e-07,-0.28124592288862,5.59800021125041e-07,3.96404065235959e-05,-4.34931770093503e-07,3.04613710876124e-06,-6.79801447265988e-06,-5.04843378551971e-15,-1.46582734278038e-05,6.70732957212426e-08,-1.84034813447561e-07,-6.23420398259728e-05,-1.80282534890237e-08,7.77818218391299e-09,3.92047505570758e-16,-1.20107794444918e-16,7.9789573333013e-09,1.84304989770279e-08,-2.38221214443609e-09,9.77412650750387e-07,-4.76902467867275e-16,3.22508871690604e-07,3.18128070401664e-09,4.00838312643887e-16,2.07260991368509e-17,-2.12924069445095e-16,-3.30619547492884e-07,-1.84839466903592e-08,1.1959402921909e-08,-1.70794067970573e-07,-2.12049249845591e-08,9.56064942933302e-10,-6.47280507887522e-10,-7.79650961091116e-18,-9.6081090525093e-10,3.42708497717901e-09,3.17860121384118e-16,1.96143578498359e-16,-3.77821895434208e-09,-1.04618982083656e-10,-2.91504797922182e-09,6.36263994825532e-05,2.79502844149131e-09,-4.97852155694405e-08,9.30087769239905e-17,-4.15033249432497e-08,5.96383237062249e-16,-6.25767907585294e-07,-8.05833264699851e-16,-3.65891663140134e-09,5.89173986949115e-17,1.57258270912499e-08,4.17657341636934e-09,8.88979944213842e-08,2.87154216774104e-07,1.27774777389691e-08,-1.51406361091662e-09,9.84349575026181e-09,3.72191874827854e-09,8.10667945298806e-07,6.31885479949904e-08,3.77776413048319e-09,-1.09791229032161e-08,-8.9254527217812e-07,-7.37240426017056e-08,-5.5226352431724e-09,1.30047917022422e-17,5.30422814942208e-08,-9.35523802671478e-09,5.12314087915564e-09,6.12329981324981e-18,4.2058543502313e-08,2.81399400872171e-07,9.08684554353467e-08,1.36130625815878e-17,-2.21157337173567e-08,-5.51337960933977e-07,1.86419783082741e-16,-1.59113383350428e-08,3.70772917074601e-08,-1.95875090073622e-16,-1.00690832156682e-16,-1.38321401523214e-09,-3.41658671156529e-07,-1.95887522104957e-09,-2.73751389870921e-06,1.78719874382363e-07,4.71743796889638e-09,2.09946046645815e-07,4.30302184075721e-08,-1.09562155770282e-06,9.54314752221741e-16,2.03737698468874e-10,6.48462607628536e-09,1.79870989748143e-08,1.70087699757297e-06,-2.38660352692638e-16,-5.36376947872759e-17,4.93001303051318e-05,-1.78540960557897e-17,2.74673419410684e-16,5.93333932718361e-08,-8.84911295905502e-08,-1.65731760286803e-08,-4.49289315020404e-08,5.08142051309851e-07,1.36581465778383e-07,0.00145172434567237,1.23854689985436e-16,3.16252884623456e-07,1.48847793436888e-08,6.84537148953368e-08,-1.5142222953713e-08,6.06550048896574e-08,2.78407515853264e-16,-3.69578693305296e-16,4.79108679983564e-17,-2.47559497538401e-07,-2.60802855936824e-09,-1.69150322657311e-07,-2.20609909955576e-16,-2.01226624907835e-09,3.89325166267688e-16,-1.40110894991869e-16,3.37542578989605e-07,-8.4537949394691e-08,-2.90566182226115e-17,-7.01531078625614e-07,-9.49038468652841e-09,-3.27791858644446e-17,2.15973860196299e-08,1.40030529958138e-16,3.51868209168118e-07,1.88453619092699e-17,3.51180204391928e-07,6.64892588087477e-08,2.40886990176094e-09,1.03802519008273e-07,7.13807960540907e-07,-7.84778544677279e-09,2.43161455647335e-07,-1.86268169753518e-16,1.45401323103911e-07,-8.21686558240154e-09,-1.16570524528803e-16,-1.08428079387143e-09,-2.21616142954397e-08,5.16275564985706e-09,-1.46887004903856e-16,1.67121254717222e-08,2.21444003939694e-08,-1.05857546833293e-16,-6.15957384815072e-07,-4.68103773422499e-07,-6.4200825746436e-10,2.1330354713707e-16,2.59573047335099e-16,1.16157095733315e-08,1.6308791747013e-07,1.32101436311308e-08,-4.84522865822148e-09,1.01758057179988e-07,-4.94009422692769e-17,2.39335551445622e-16,3.7578081268497e-07,2.24462877010326e-07,6.76233800194039e-17,9.39048156921263e-07,-1.37948874778273e-16,1.14407690205006e-08,-0.00519314315803514,1.50137386243133e-07,-3.02896740970649e-07,-2.21320813588272e-16,1.00125199461721e-16,-1.74361998680575e-16,-4.27773055622625e-17,-1.0552067331871e-09,-3.67926882194892e-09,2.17972042210765e-16,1.91641035654051e-16,-2.60480523097727e-17,5.25472350107919e-09,4.74535939022732e-11,-2.64094191060131e-09,2.56721711280572e-16,-1.93150617028293e-16,7.21644966006352e-16,-1.15900612347886e-07,3.5486889020852e-09,1.51067146969762e-16,6.26539504498751e-10,-1.64282533372843e-08,3.85503833050471e-16,-7.73304950952513e-16,-5.180653747125e-07,-1.1688151955438e-10,-2.57437541938849e-07,4.37359520783558e-17,6.41067211050845e-09,1.03723884000386e-07,1.11746341106458e-07,-3.57909359854808e-05,-2.45670928782586e-08,4.03222659482962e-10,3.87418407213583e-16,2.12116323858001e-17,1.94682985289031e-16,7.76573383708884e-09,-7.03234403631745e-09,-1.20265798466122e-07,-2.10132277558878e-09,6.55348064606287e-17,-1.12146530768771e-16,-4.78893242367804e-17,2.69420395874916e-16,-6.38581463905366e-16,1.00921251064032e-08,-1.49347082867372e-16,5.85345988669906e-16,-7.41254053337175e-08,-7.63917436843391e-16,-6.63624107226753e-08,-7.71965728698646e-18,-8.22902158548441e-08,6.62188694284426e-16,-1.00028744882745e-07,-1.25294965610865e-08,-2.53006258627739e-08,-2.13977733433239e-16,4.03403249025654e-07,-4.97227464770418e-17,1.40528458292705e-07,-2.24558804755111e-08,1.24297793372978e-10,-1.41761085012027e-16,6.85741421544796e-07,2.6401626780027e-17,-4.95058284288943e-08,-2.52753854783475e-08,3.19511803685825e-16,1.39751657535048e-16,6.44704319824796e-16,2.06494461826387e-16,-0.000103430748015771,-5.00495447590922e-08,-1.11849577104759e-08,-3.35729853465775e-17,5.86845216381592e-16,-2.62755340485746e-09,2.14368449224372e-08,1.01814184389122e-15,6.85822852483555e-16,-4.29069042742176e-08,-3.38125876456124e-17,-3.6422640130344e-07,-3.12628121145861e-16,7.64050790729241e-08,7.39147101360745e-16,-3.89122370396675e-16,8.94061768834703e-17,-3.68331711502735e-17,4.64515759523027e-16,-5.68136159723281e-16,1.47564640262083e-09,-1.0320773145736e-08,-1.27755337671209e-16,-6.86379117295576e-09,2.88579309984717e-07,-3.57087633434187e-16,-1.3642368219709e-15,8.43487491484338e-16,1.65859681020693e-16,1.1645832888893e-07,1.86367963810251e-08,4.14041955529402e-16,-7.63682430103912e-16,-5.1901273275809e-08,-1.6766188131797e-08,-2.53922599919766e-10,-4.36058644059076e-16,-4.50666541596468e-16,-5.46787539284417e-16,6.50671675403165e-16,6.64855989472335e-16,-6.90543470024519e-16,4.48827618475796e-07,-3.5490866070072e-07,-8.1706374019779e-08,9.65853441886472e-17,6.70927534119079e-16,-6.03164456625025e-16,1.17336774938405e-15,1.26737210476753e-15,-1.1665727713216e-15,1.56732713676901e-15,-1.53176841907218e-15,-6.99653260539507e-16,1.34163643815844e-15,1.45223630735503e-15,1.23673068219014e-15,2.63355095294308e-15,-3.9632033254338e-16,1.00349550970858e-09,-3.25170296339601e-16,-8.32119737250029e-16,-1.10338170334259e-16,1.42190583447462e-08,-7.70579692921834e-09,-1.3862346725341e-15,-3.67111139707965e-10,1.30153143844373e-08,1.2774677931783e-18,2.13751583357002e-16,-2.51347236941565e-08,-2.17287221651528e-15,3.21522385915364e-10,-5.25001672684432e-16,1.132605080755e-15,1.29070701693523e-15,2.29802415237301e-15,1.41775512034914e-08,-4.33320067150609e-08,9.21457947608302e-15,-1.51148792077515e-15,-1.30301089710021e-14,-1.06711562422371e-13,8.95352585475462e-14,-0.707106781186547,6.49465988101092e-15,4.15843686126849e-15,5.26312980014997e-10,-3.22959960463424e-15,-2.50012831190502e-16,7.29728245889325e-16,-1.08014221448983e-15,1.66715844856005e-15,-5.16500146272974e-16,-1.14647438565052e-07,-7.49954560685667e-16,-2.66204070696354e-15,7.75834424798859e-09,4.75837408831546e-18,3.55725668782358e-15,4.47273133965546e-16,2.70272055753923e-15,6.49633707140303e-09,9.38220084141336e-16,-2.15177156208104e-07,-1.56869431549737e-15,9.08871827050152e-16,-8.28950808282849e-16,-1.44941016857309e-15,6.59500222489824e-16,-3.20051207739589e-16,5.70632587424417e-05,-1.30387145846114e-15,-1.69220274673491e-15,9.93108307524294e-10,-3.66177267190347e-06,1.38379019973056e-17,1.67414109877228e-07,9.98338103094857e-08,-7.44964131007951e-16,-2.21562950648918e-15,8.49327589688121e-16,3.4665968929021e-16,-2.22475771239757e-15,-1.68334163869751e-07,-9.29976173441632e-18,-2.95875147173293e-16,7.35554898262572e-16,6.74543870260515e-08,-5.4157087336018e-16,6.74747102653921e-17,-7.03068740268624e-18,-2.19474820913301e-16,-3.07695119008663e-08,1.60592263578241e-16,2.06862506857881e-10,5.97975607401133e-16,5.46520475304545e-16,-1.83869853684251e-15,2.71754316490173e-17,-7.90110470219002e-17,2.54575881538364e-16,-2.03561993286598e-16,-3.59699375312742e-09,1.23181243105642e-15,4.01625990624284e-16,1.5130336620337e-09,-4.72438137927368e-16,4.69980130173423e-18,-2.65476335365208e-16,6.28460767811427e-16,5.98001577968996e-18,3.44178546133125e-16,-1.09871157908116e-08,4.19330401195169e-16,2.15260151385901e-16,3.27411864963558e-09,-2.14576876700559e-16,3.60789247295674e-16,-3.5974153971379e-16,1.67013304692786e-16,-7.47721760708788e-16,4.50641826292852e-16,3.54092789749239e-16,2.92398803530401e-17,-4.19425750641872e-16,-8.16590260906722e-17,-5.03137326569456e-16,-1.72250491931848e-09,5.71381774341833e-09,-2.49467522876533e-16,-2.02012274005094e-16,-2.62173364992337e-16,-1.00534041112181e-16,7.97755958514834e-16,-4.78547339401373e-16,5.29504838187426e-16,2.12116898682145e-16,-5.45567717336428e-09,9.4016855935464e-16,3.64950443407665e-16,-4.39336474217322e-17,-3.14911507125881e-16,6.36072166851707e-10,-4.56971580838833e-16,-1.01035509184517e-10,-3.07394432313358e-16,-3.31655993106758e-16,6.07138293644146e-17,-5.08051354906925e-16,2.7425071984237e-17,1.56824482512561e-17,7.10077256343329e-16,-1.00771026388799e-16,3.06943211998039e-18,-2.37304254579381e-16,2.80272124090655e-17,7.57046478522266e-17,1.68606959533845e-16,5.05799431744457e-17,2.76311743815283e-16,2.53318110323591e-17,1.62931404871721e-18,-2.3297843713777e-16,6.63253466112406e-17,4.20548990771743e-16,1.9222904518168e-16,1.34597421191777e-16,-1.40350271609792e-16,-2.57870320238143e-16,-1.36859929886953e-18,2.15907522866324e-09,1.02286809154659e-16,2.18457555121315e-16,-2.27838928206105e-16,3.84505503916399e-16,-2.99837569827582e-16,-2.58821981911521e-16,-1.30515593921706e-16,-5.82594389243564e-17,8.49516343467209e-17,-1.31865631582935e-16,-4.74880551548651e-17,3.77779877634472e-17,1.56284437045953e-16,-1.82486442555521e-16,1.28947284108287e-16,1.54917432806454e-16,2.29002294981224e-17,-2.78913068692118e-08,-5.88760788128347e-17,-3.65806944152589e-18,3.76713461896507e-18,-7.42262730234937e-17,2.40949483791034e-16,9.73731573668212e-18,2.99949951064895e-17,3.25025552328681e-16,2.00631805379247e-16,1.46213551254717e-09,9.46383515676586e-17,2.25343429365769e-16,-9.29807885757423e-17,1.33937043809444e-16,-1.11384686294091e-16,2.07594325021123e-16,1.02197065388861e-17,-1.48651608677776e-16,-2.26958401048513e-17,3.45010451373479e-17,-5.39754795672185e-17,8.12188334471231e-17,-1.9522582397693e-16,3.00398849229764e-08,1.54225801597197e-16,7.19160641279131e-17,8.78416817699791e-17,-3.56268833878737e-16,-2.03480553155688e-09,4.04639102631992e-17,2.2971037112539e-16,-1.97315799334122e-16,-1.09232955413523e-16,-4.0069177340356e-17,-1.58913378265098e-16,3.11756342248801e-16,8.96932039957292e-17,2.58748544048471e-16,-2.84354477543373e-16,1.09077173335652e-16,3.56968473993514e-17,-2.75195481051653e-17,-6.70644312664451e-17,1.46372230164593e-16,4.45844654780736e-17,-2.18191974997108e-16
"t367",0.0330005687577845,-0.00821783251909694,-0.00884694254693409,0.000401824210017203,0.00201887594701421,0.00388047168475124,0.000866096454567385,7.77339629452689e-06,-0.0365411831253785,0.143381968232267,-0.0262472092494102,0.00344561156151854,-0.00675779443390731,-0.00142337647671152,-0.0381567434119248,0.000865727946492827,0.000552277796019915,-6.49764000670142e-05,-0.0286048437726185,0.00399079478416791,-3.46517660212912e-05,4.76728000666253e-05,-0.0065629359653926,-2.01463808799998e-05,-1.41401018096906e-05,0.00113152532761983,-0.00579262109331102,5.81404375125731e-05,-0.000927192053826755,0.00779024770135591,0.00108591896327051,-0.0554649390715657,0.000916399616955841,-0.0148213910997516,0.000907935376925553,-0.000191048601846843,-9.34332878124575e-06,2.24135306396768e-05,0.00126683272125256,0.000424759138102767,0.000396562999103653,-0.0105532022570586,0.000937750335142785,-0.12662599877508,-0.000310460632273554,1.42404799990288e-05,-2.12064620738587e-06,2.89493495773544e-05,-0.00133107914788147,0.00180262731492441,-9.818668169982e-06,7.5449376686795e-06,-7.97823913319256e-07,1.97917190356348e-06,-1.80754817923631e-05,3.02565715414735e-05,8.24407700552474e-05,-0.00114571343963327,0.0153848243633339,2.92612001250283e-06,1.46575888611486e-06,-5.98256828104785e-05,2.92827545077514e-05,-2.085038927158e-05,5.62516260513977e-05,-2.19810977224665e-06,2.28430385035262e-06,-9.61643521366869e-06,1.47158516692781e-06,-2.05771765646401e-07,-2.31470241998296e-07,1.01772190619354e-06,-3.70703311312926e-06,-2.65589814131751e-06,1.12938013565551e-06,4.21984299281295e-07,-1.03365041575906e-05,1.63463571866271e-06,-0.000242222186693369,-8.1569488390439e-05,5.51428258082211e-06,0.00043940987332783,-0.000331459167596659,-2.94498312522831e-05,0.000206794458711526,0.000205045829157919,-7.35399409904437e-05,-0.000687296251829666,-3.51300304596934e-06,0.000173934142584587,-0.151450987250033,-9.10980926405874e-08,-5.68828385623927e-05,2.9019357468525e-05,1.18154529308786e-05,3.13079291898269e-06,3.6633474794928e-07,-1.53563685153503e-06,1.56918896916303e-05,0.000110339927339383,4.69289637770792e-06,-3.01987316498786e-08,6.14085129955808e-06,-9.08284178312716e-07,3.14449459320332e-07,-1.32269471163912e-08,4.8974155101243e-07,4.10580617250989e-10,-1.12648236057579e-06,1.81783712150003e-09,7.06863996902179e-08,2.51282531981942e-07,-8.17599435346809e-08,1.62153673279334e-07,-5.88560491462425e-06,2.35954669265594e-07,-1.25744009521419e-05,1.49356553044005e-05,-5.45081596412653e-06,2.02401359938679e-06,-1.18194259923036e-06,2.57643538778288e-06,-2.43365858229875e-05,-4.23145622861014e-05,1.95054728639895e-07,-4.38847547552871e-06,4.60375887720126e-07,-0.000922006960918628,9.77398706840664e-06,0.000340374844641028,2.53022942415513e-06,-9.64749437893392e-06,7.57906213501737e-07,1.31667697873751e-05,-2.15221431434646e-08,1.42269560226272e-05,-1.51864320631987e-05,-1.59298926700377e-06,6.3298704864363e-05,-5.30464173342441e-05,-4.6035941177674e-05,-4.02272807828921e-06,3.56515234468127e-05,2.22677227421969e-06,1.2841832896948e-08,-3.77946798755686e-06,-1.18094670214012e-06,2.98757449469603e-05,2.12548819259664e-06,-1.28699274539508e-06,-1.67552479700362e-06,-5.42191087041288e-05,-2.78286604734627e-06,0.00447364625411462,-5.17130574683277e-07,-9.18467285464074e-06,0.00768707627581244,-7.10381276988664e-06,-0.000115320705941294,-0.332909904057906,5.26070137537715e-06,-6.02927083962583e-07,5.96254490253076e-06,1.54769678841928e-06,-1.47865173344828e-07,-2.3212971848942e-07,6.05684142040764e-05,1.06015303597624e-06,5.30267927695782e-05,1.17117568962127e-06,-2.30753327296731e-06,-4.13161735234311e-07,6.08508062350171e-08,1.00604357526788e-05,4.93710569669395e-07,1.05271023673446e-06,4.72562662812425e-08,-3.3203890564842e-06,-0.0377401081654951,7.95383034283507e-05,-0.000158875849214255,-1.61251987542514e-05,2.64971034310194e-06,8.6154763188057e-09,2.20239952699418e-07,4.70800283393504e-08,0.000230634601480368,-2.54192296984216e-05,-0.000111278834874161,1.4601470944909e-06,1.11338902082802e-06,-5.56522640303022e-07,-7.58808369304273e-08,7.51262651516467e-11,1.36475385105712e-08,-2.78773895624459e-06,-4.97341111390083e-06,-1.08287722374029e-07,5.73064515875741e-06,0.147289975681066,-5.63404730018504e-05,-1.81725193694414e-05,7.63519411493947e-08,1.088427159072e-07,6.55433450708025e-06,6.2685127376209e-07,-2.79622243971385e-06,-2.58751929115703e-07,5.61377656278153e-06,-4.81923577194756e-10,-3.07183584946675e-05,-2.31021287474308e-07,-8.36785936653859e-07,-1.05732977128286e-05,-5.80989776280925e-09,-9.13149686298056e-08,3.43901248243854e-08,2.29690181204045e-08,-3.22977903520423e-06,-4.05805977472427e-06,-1.98150774759338e-06,3.17375865795757e-06,7.58736205756904e-07,3.54796877892693e-06,-1.51707465661523e-05,-9.47209501697055e-07,-9.18288598794895e-05,-1.02521622781551e-06,-0.000199709260521849,-0.106273992828437,-3.2910813190683e-05,-5.8577900562641e-06,-0.199490516954884,0.000114542617216369,-7.56196330713064e-07,-7.04170096728173e-09,6.22441744249259e-07,2.42751545438808e-16,2.00249743522996e-08,-2.99527755441391e-07,6.29559616903898e-08,1.4603333881106e-07,1.75264306435487e-06,-2.40577504408478e-08,2.64142849586854e-07,-1.12115306442734e-07,8.98094917726626e-08,-5.24382405049356e-09,2.2867124632572e-08,-7.96614947370114e-06,4.84642345308118e-09,-5.17612119616643e-07,1.55680079800826e-06,-5.79088716208123e-10,1.87409584379017e-11,-1.90328276877629e-10,-1.11200902794533e-09,1.88449512414178e-08,3.41258974348246e-07,-7.85287651039375e-08,4.45363167892155e-08,-3.70378762130322e-07,1.06752446003639e-06,-6.98590022317078e-08,3.46553021848873e-07,-1.189813063005e-07,3.33508753015357e-09,3.87847401831265e-05,3.71258981325086e-07,7.39058365056248e-08,6.82794460642841e-10,-1.15020067856229e-07,2.62249045545288e-08,-4.64117288941079e-08,7.50943599777782e-08,-1.47669434180468e-07,1.19086985596569e-07,-8.95097182829889e-09,1.81628172483704e-06,-8.01320659162774e-09,1.33219283589462e-06,-1.75513884696171e-17,-3.39885213089457e-06,-1.42005462409527e-07,-3.68754530175374e-12,-3.34599368544072e-08,5.07199092514369e-08,-3.18751871935734e-08,-9.11202209949337e-09,1.15127608022132e-09,-5.16534598114123e-08,1.95539988901125e-06,3.16103243928562e-07,-6.13098234976285e-09,3.27737974205732e-06,-4.81083614660338e-06,3.16067098021482e-07,-2.75518449742606e-06,1.02209722043422e-07,0.000161112987603154,2.36810334110624e-09,0.000684815683406326,-9.52815443471959e-07,4.41147278759092e-09,-1.47495663829945e-06,1.87584876524971e-07,-6.99794488829773e-07,6.8306473521233e-07,2.69605339060142e-06,3.38159150184663e-07,-1.12328621643617e-07,-8.78623394668418e-07,1.20720173686136e-07,-9.295249784204e-07,1.68541947934472e-06,0.0216814164774338,1.03227075663149e-05,1.01853976858667e-17,4.10413485034713e-09,5.96070766656648e-08,-6.6209990823296e-09,1.59474035760866e-06,4.14425870612524e-09,4.33886682137569e-07,1.0726306192389e-06,-3.53417241020165e-07,1.71735061836443e-06,1.79933200667926e-17,-7.5923315230769e-06,-1.49398988087705e-09,-3.00221457770897e-07,2.99967004006094e-08,7.79114131320554e-07,-3.09286003964692e-07,-0.00186338046939678,0.0182617277363571,1.60502733216953e-07,-7.37147763692685e-05,2.63283901240855e-09,7.92590663430546e-08,-2.85078913910818e-11,-3.46465532587333e-11,-2.36754458419193e-07,4.46780049297516e-09,-4.75414718824141e-07,-5.74086125381278e-18,-6.21065434856904e-08,5.35591067373289e-09,1.54494112112349e-10,2.2258667908537e-09,-6.55439362082406e-05,-5.96608800378978e-06,6.64539053819364e-08,-2.44854131624649e-07,-1.43236473206067e-07,3.31404911165292e-16,-1.15102409150004e-06,-9.64366923465492e-09,-1.55351986854301e-06,-1.44404061336169e-16,7.3950536985757e-07,9.56556474000489e-08,-1.47458596004765e-08,-2.63555131286959e-06,-8.9899964015188e-07,-4.88730553029397e-07,-3.75464398098898e-07,5.22853284896134e-07,8.8763879021297e-08,5.10483802399779e-09,4.91098895052971e-06,3.81976112603952e-08,1.20877014190666e-16,-1.90365101811772e-08,7.44682082155924e-07,3.84859660300165e-07,-0.00207404764044464,-1.49638494691357e-16,-4.42145550774025e-08,2.35123383881142e-08,-0.036616752908721,6.8986705719243e-08,4.54044732357779e-06,-4.23318610278796e-08,2.0118723515298e-07,2.34795008979478e-07,-9.75305996143161e-16,2.41626908261794e-06,-1.199670748896e-08,3.86240187124196e-08,1.60378632502906e-05,4.70759733003625e-09,-2.14417544769245e-09,2.08166817117217e-16,-1.20868946233869e-16,-2.9516216439281e-09,-8.66014696820829e-09,1.15242571918538e-09,-5.81734975735931e-07,4.79561498412692e-16,-3.02741774435943e-07,-3.69392301671414e-09,4.61313268210137e-16,-4.1734540579183e-17,-1.4560245976082e-16,8.4995720505045e-07,5.40467237983574e-08,-6.08538148663801e-08,1.88975660420582e-06,2.68987165332021e-07,5.09020149181077e-08,-2.21396188631193e-08,4.00714456378857e-17,-5.04962391343956e-09,1.43777405419277e-08,-3.42952643699148e-16,6.07024858368525e-17,-9.58331627275901e-09,-2.45866565666593e-10,-6.27906676306797e-09,0.000130278433705225,5.26407999689509e-09,-9.26373398726416e-08,-2.55549289513693e-17,-7.600318187029e-08,1.21881819323412e-16,-1.09803249191011e-06,-6.73831650199741e-17,-6.23882822931391e-09,1.47636946041703e-16,2.59310182977622e-08,6.84299076382842e-09,1.35154227399937e-07,4.30553498149388e-07,1.9051142058346e-08,-2.20566930348045e-09,1.40743737465748e-08,5.11890871374709e-09,1.11458971136466e-06,8.5945607007038e-08,5.04390171488126e-09,-1.43313740162789e-08,-1.14514975201742e-06,-9.34086829369672e-08,-6.95620820669389e-09,6.6745314229411e-17,6.56831225419638e-08,-1.1413843618391e-08,6.03418300277503e-09,-1.95629515041519e-16,4.91149527191073e-08,3.2477339075642e-07,1.04392118783765e-07,2.04592195626561e-16,-2.53491705906269e-08,-6.26598102223745e-07,9.72262835338189e-16,-1.80134778110962e-08,4.11707447461706e-08,-6.68879391056736e-17,-1.91642886235186e-17,-1.52681723986265e-09,-3.76943323761964e-07,-2.15637644927944e-09,-3.00619133388326e-06,1.9531468467881e-07,5.15353617225101e-09,2.29235197424604e-07,4.67573224454461e-08,-1.18710781778515e-06,2.97396655912774e-16,2.20562801433752e-10,7.01923464437757e-09,1.94615325972944e-08,1.83944989769237e-06,1.11931531570132e-16,3.8447864888067e-16,5.32885966784162e-05,-2.06635153459091e-17,-1.08114557297414e-15,6.40968921265025e-08,-9.56308915537136e-08,-1.79105203458141e-08,-4.86170651730711e-08,5.49978080642759e-07,1.47833740977203e-07,0.00157184917683426,8.82702799866412e-18,3.4412892713169e-07,1.62195540004506e-08,7.46288244269466e-08,-1.65519201050103e-08,6.6682322754025e-08,-5.70499864520534e-17,-2.71732475365199e-16,5.72849925141512e-16,-2.75001114492867e-07,-2.91260966253332e-09,-1.88985485330671e-07,-5.52537870431028e-16,-2.26108715407644e-09,3.82381492032252e-17,5.78101675386107e-16,3.91567588275753e-07,-9.81155592737679e-08,-4.74880551548651e-16,-8.22232633735918e-07,-1.11915798829804e-08,-3.34583604290653e-16,2.58162493332289e-08,2.25832885852034e-16,4.28382745439981e-07,5.86262563331422e-16,4.28299987051786e-07,8.12024664604092e-08,2.94655889202865e-09,1.27254823101054e-07,8.79566065925263e-07,-9.87294923918657e-09,3.1637283419665e-07,-1.49075083365034e-16,1.99148779397024e-07,-1.13245917434521e-08,-7.90125355367759e-16,-1.50721022481126e-09,-3.13147159122635e-08,7.41063660659352e-09,2.09394446148325e-15,2.55122836173191e-08,3.42783099864601e-08,3.59563594868097e-16,-9.72246406684789e-07,-7.46354328299137e-07,-1.06581454864674e-09,-2.26942950894547e-16,-1.06595324656165e-15,2.17206362397521e-08,3.25211012990547e-07,2.67263343354079e-08,-1.60988108665871e-08,3.91169918118625e-07,-1.72151522769131e-15,2.45118887744829e-15,1.63423207345647e-06,9.93239798961778e-07,5.78029244967603e-17,5.50980684276258e-06,1.51334416464613e-15,1.03086503039236e-07,-0.281002243394322,1.32170681623646e-05,1.74007171702093e-05,2.50300050787786e-15,2.73193175286943e-15,-3.75840884150776e-15,2.46875804873746e-15,3.03256042536898e-09,9.61790204043073e-09,1.22836246193455e-16,9.71184904134455e-17,-6.94372352488381e-15,-1.00933829918106e-08,-8.07616343216894e-11,3.31283830647445e-09,1.29408442326244e-16,-6.63022154540061e-15,6.86842076269567e-17,5.6288588104766e-08,-1.66618065707618e-09,-1.83632186840974e-16,-1.95546358533083e-10,4.26237945353344e-09,-2.53079854840044e-16,6.0746649906216e-16,7.95953182225121e-08,1.70756866185047e-11,2.43000399562091e-08,-2.42844951166643e-18,-1.27861308909828e-10,1.6412113276179e-09,6.76931154479288e-09,-4.07178899399464e-06,-3.11301363622276e-09,6.03463805503912e-11,1.07822002031371e-15,-2.20856726832456e-15,9.24294429741581e-17,1.98016816638564e-09,-1.80266601096946e-09,-3.21500672143376e-08,-6.66297702974005e-10,1.26985183470539e-15,1.0161860878393e-15,-1.47786647743281e-15,-1.44489114739681e-16,7.84122850046117e-16,3.64844273284449e-09,2.6854278654079e-15,2.51409096009771e-15,-2.79813817142183e-08,-1.85323496481446e-15,-2.51064515554908e-08,1.42429416769552e-16,-3.12479250568373e-08,5.25797263153378e-16,-4.06451957418567e-08,-5.16972969388675e-09,-1.06828504982442e-08,1.62024370479412e-15,1.75203935670752e-07,6.60933761887892e-17,6.5064360380723e-08,-1.1557092435245e-08,6.43565262276622e-11,-3.51933776457607e-15,3.80232519611369e-07,-5.08506648931429e-15,-3.46183640916985e-08,-1.80650962333011e-08,-9.69787773799102e-16,-3.86258462798808e-15,1.11631906909856e-13,7.44244146427872e-14,-0.404594279048147,2.75131623912812e-08,6.14647867734312e-11,-0.707106781186551,1.03745548809583e-13,-8.96131601013640e-10,7.40798258239833e-09,-6.66883885359516e-14,2.18405814528651e-16,-1.78748229726594e-08,-6.48378473934713e-15,-1.54851825792133e-07,1.05848557575752e-15,3.39787450118916e-08,3.01570799574771e-15,1.30619341479193e-15,-4.69860402029784e-15,-3.63849903915164e-15,1.38292229970716e-15,-5.95740287021302e-16,6.96241062107972e-10,-4.87253922113697e-09,6.10461227364777e-16,-3.2903833925641e-09,1.39155296587937e-07,-5.10408281262328e-16,3.74467038687633e-15,-1.73720738393536e-15,-8.33532538801692e-16,5.74404142646832e-08,9.23586313448309e-09,1.83093834814646e-15,-4.95267145981697e-16,-2.58519112249857e-08,-8.3566110026265e-09,-1.26832198175482e-10,6.57928383157867e-16,7.34264492070466e-16,1.52229881142288e-15,1.31912339411521e-15,-1.0749858864269e-15,2.06744953201392e-15,2.31214327430427e-07,-1.83297935920948e-07,-4.2303298994831e-08,8.20933444547055e-16,2.69263608908884e-15,-2.5993968026359e-16,2.36256834076669e-15,-5.45014778567792e-16,-5.18977791953673e-16,-7.9542190665393e-16,5.80990987033115e-16,-7.35719279734048e-16,-9.87951503134277e-16,-2.9764167278306e-16,-1.18002011426914e-16,-5.58586366141354e-16,4.03654383303316e-16,5.38579062649522e-10,-5.78988069345073e-16,-1.27790907034224e-15,4.8150332751954e-16,7.66276724212982e-09,-4.15657006519087e-09,-1.27957922714313e-15,-1.98135892170446e-10,7.05842944209775e-09,7.83575960410286e-16,1.15753400715041e-16,-1.37094763277325e-08,3.97034141072173e-16,1.76547469429986e-10,-6.6469485655082e-16,1.59331314935541e-16,-4.40148390202268e-16,-3.95119712536932e-16,7.86201973056209e-09,-2.4044738088244e-08,-1.35031255053733e-15,-6.12017018669963e-16,-8.98617545444104e-16,4.32291222509214e-16,-7.81709766362049e-17,-1.16729671161351e-17,-1.70703743909817e-16,3.93963765052037e-16,3.00688578241691e-10,-3.70263569021608e-16,3.64484871676873e-18,1.40719496268454e-16,1.91769816351422e-17,-2.96813778368863e-16,-5.59689050658897e-16,-6.58561543792205e-08,2.78169308992354e-16,4.08953983898533e-16,4.46091220258056e-09,1.44969054609148e-15,1.04545579884437e-15,9.19961106070537e-16,1.68911362428884e-16,3.7759970019154e-09,-2.95874965383764e-16,-1.25301634734027e-07,-2.5039945846797e-16,-3.96963625729951e-16,-7.97660400206282e-17,-2.09666912466804e-16,1.02648788762111e-16,3.91533048512892e-16,3.33506669373704e-05,-1.70115615394562e-16,5.97021206819257e-16,5.82006596449811e-10,-2.14625699423867e-06,-4.22086057739588e-16,9.83507007225416e-08,5.86909232096999e-08,5.07368828472362e-16,3.46946972106789e-17,-4.19084565354441e-16,9.98605542304327e-17,-6.57620987608851e-16,-9.99537537157794e-08,-7.63325449719807e-16,1.04650940767835e-16,-2.69699686456912e-17,4.01504753076273e-08,-4.23475214807209e-16,6.65432830205255e-16,-2.37399783433753e-16,3.14006275191443e-17,-1.83720885705965e-08,3.48276259948651e-16,1.23631561155123e-10,5.80688683751126e-17,9.0879213207206e-16,8.02117413672779e-17,-2.15102950775842e-16,1.90116650982381e-16,-2.45656703185405e-16,-1.9729274416475e-16,-2.16025515031224e-09,-3.73228255130462e-16,-5.68405508000026e-16,9.09754773510327e-10,3.80305925596052e-16,1.62729334438535e-16,-2.42434344443814e-16,-7.10511329566127e-18,-1.57714811882235e-17,1.85886067921394e-18,-6.63017486166761e-09,7.28232127951442e-17,-1.42577845879774e-16,1.97888088840516e-09,-5.55452345767606e-17,2.04285233213617e-16,-1.34703099609107e-16,-1.58104997431342e-16,-4.88639017356094e-16,-5.97064311374317e-16,2.19255055442905e-17,-6.91029199616049e-17,-2.56306230191593e-16,1.17996153508976e-16,4.57160421573353e-16,-1.04694423197308e-09,3.47514867453958e-09,-5.40028065500937e-17,3.31776210829969e-16,-7.64721307740082e-17,-2.43016604820912e-16,3.50197301712818e-16,-2.92112184606522e-16,5.56739491377377e-17,-2.16932118371576e-16,-3.32927022891374e-09,-2.14527616079659e-16,1.80394297847516e-16,-2.79874637099592e-16,6.78623441451183e-17,3.89228768416665e-10,3.74663615663574e-16,-6.20132741580291e-11,-1.95598205200961e-16,4.05657565834516e-16,2.87185151936562e-16,-2.33582573748169e-16,-3.57322169769799e-18,3.89784322299818e-16,1.98732968830141e-17,-2.79696337106461e-16,-9.15002719300851e-17,5.38152490173303e-17,-1.49573011754146e-16,5.23945570210236e-17,-9.41878286518412e-17,1.76110521272462e-16,1.20636378078777e-16,-2.08745707996687e-16,-1.31254818411871e-16,-3.04751793948076e-16,-3.3682358763257e-16,2.52768726517585e-16,-1.29779000046515e-16,6.3838349555782e-17,-1.57407143172992e-16,-1.17073406543792e-16,8.25024188249912e-17,1.33903925442113e-09,3.42536929951267e-16,1.60712489299547e-16,-2.78853145861408e-16,2.45511921236638e-16,-1.15466430506429e-16,4.45787296776102e-17,-3.33918183018238e-17,-2.22467014663985e-17,-1.0556302564233e-16,-2.25500499779889e-16,-1.84314369322536e-17,-4.74223467070275e-17,3.66187719807272e-17,5.17869823256135e-17,-6.62327188634992e-17,2.11330664496227e-16,-3.71650511343414e-16,-1.74096493469485e-08,1.68493219934993e-16,4.84222434907313e-17,-9.76875125462624e-17,-2.20852814161969e-16,6.14745101155862e-16,-2.30104174582468e-17,1.68849370221134e-16,-8.40179941048052e-17,-1.98651133317295e-16,9.18345170694008e-10,1.06823772579746e-16,-1.72894020571573e-16,5.03681069221615e-17,5.28286676735291e-17,-4.2225175063264e-17,-2.12269752657569e-17,1.01882638267212e-16,-2.70272409249333e-17,1.49751831766781e-16,1.04106779722813e-16,-1.59659810096902e-16,5.79251227759572e-17,-3.86489853290513e-17,1.89782951755297e-08,2.10402709037659e-16,-3.26901137689246e-17,6.28226298263093e-16,-2.71917904859365e-16,-1.28888234388882e-09,2.78313770553164e-16,-4.28286802841971e-18,1.6889581289338e-17,-4.46631304367405e-17,1.26855017743656e-16,9.29529792789844e-17,1.09493761973949e-16,-7.76475549835899e-17,-1.73938689953551e-16,1.16538452340847e-16,-3.12187945464677e-17,5.01218922488902e-17,-3.95611737309901e-17,-6.91013777334616e-17,-8.25060320431022e-17,-1.54308028699628e-17,-6.76288243686791e-17
"t794",0.0330005687577845,-0.00821783251909694,-0.00884694254693409,0.000401824210017204,0.00201887594701421,0.00388047168475124,0.000866096454567385,7.77339629452821e-06,-0.0365411831253785,0.143381968232267,-0.0262472092494102,0.00344561156151853,-0.00675779443390732,-0.00142337647671153,-0.0381567434119248,0.000865727946492826,0.000552277796019904,-6.49764000670179e-05,-0.0286048437726185,0.00399079478416792,-3.46517660212884e-05,4.76728000666252e-05,-0.00656293596539261,-2.01463808800154e-05,-1.41401018096932e-05,0.00113152532761984,-0.00579262109331102,5.81404375125655e-05,-0.000927192053826755,0.00779024770135591,0.0010859189632705,-0.0554649390715658,0.00091639961695585,-0.0148213910997516,0.00090793537692556,-0.000191048601846855,-9.34332878125231e-06,2.24135306396852e-05,0.00126683272125256,0.00042475913810279,0.000396562999103649,-0.0105532022570587,0.000937750335142769,-0.12662599877508,-0.000310460632273556,1.42404799990267e-05,-2.12064620732293e-06,2.89493495773791e-05,-0.00133107914788144,0.00180262731492444,-9.81866816996785e-06,7.54493766870108e-06,-7.97823913314945e-07,1.97917190354613e-06,-1.80754817923598e-05,3.02565715414628e-05,8.24407700552516e-05,-0.00114571343963328,0.0153848243633339,2.92612001250036e-06,1.46575888612617e-06,-5.9825682810487e-05,2.92827545077707e-05,-2.08503892715824e-05,5.62516260513957e-05,-2.19810977223955e-06,2.28430385034876e-06,-9.61643521368404e-06,1.47158516693759e-06,-2.05771765634407e-07,-2.31470241978835e-07,1.01772190619614e-06,-3.70703311312862e-06,-2.65589814128099e-06,1.12938013562438e-06,4.21984299278426e-07,-1.0336504157596e-05,1.63463571866655e-06,-0.000242222186693382,-8.15694883904318e-05,5.51428258081274e-06,0.000439409873327833,-0.000331459167596668,-2.94498312522264e-05,0.000206794458711525,0.000205045829157907,-7.35399409904175e-05,-0.000687296251829684,-3.51300304596133e-06,0.000173934142584563,-0.151450987250034,-9.10980926475263e-08,-5.68828385625355e-05,2.90193574685589e-05,1.18154529309229e-05,3.1307929190318e-06,3.66334747940027e-07,-1.5356368515599e-06,1.56918896916743e-05,0.000110339927339377,4.69289637770944e-06,-3.01987316578914e-08,6.14085129960372e-06,-9.08284178265853e-07,3.14449459310929e-07,-1.32269470674956e-08,4.89741551060039e-07,4.10580595186839e-10,-1.12648236056697e-06,1.81783711846427e-09,7.0686399669074e-08,2.51282532057457e-07,-8.17599435721452e-08,1.62153673256148e-07,-5.88560491463344e-06,2.35954669308438e-07,-1.25744009522137e-05,1.49356553044505e-05,-5.45081596417872e-06,2.02401359942935e-06,-1.18194259929675e-06,2.57643538775617e-06,-2.43365858229795e-05,-4.2314562286097e-05,1.95054728664235e-07,-4.38847547552842e-06,4.60375887570939e-07,-0.00092200696091861,9.77398706838952e-06,0.000340374844641061,2.53022942416577e-06,-9.64749437890131e-06,7.57906213488657e-07,1.31667697873579e-05,-2.15221430126114e-08,1.42269560225987e-05,-1.51864320631861e-05,-1.59298926703556e-06,6.32987048643253e-05,-5.30464173342686e-05,-4.60359411776675e-05,-4.02272807837825e-06,3.5651523446804e-05,2.22677227431575e-06,1.2841832857976e-08,-3.77946798755468e-06,-1.18094670212039e-06,2.98757449469559e-05,2.12548819260548e-06,-1.28699274540187e-06,-1.67552479698975e-06,-5.42191087040232e-05,-2.7828660472536e-06,0.00447364625411457,-5.17130574671974e-07,-9.18467285461365e-06,0.00768707627581243,-7.10381276984776e-06,-0.000115320705941329,-0.332909904057907,5.26070137535102e-06,-6.02927083849159e-07,5.96254490254696e-06,1.54769678844785e-06,-1.47865173303596e-07,-2.32129718517439e-07,6.05684142040522e-05,1.06015303596905e-06,5.30267927695678e-05,1.17117568968197e-06,-2.30753327294133e-06,-4.13161735226451e-07,6.08508062154371e-08,1.00604357526884e-05,4.93710569647271e-07,1.05271023675278e-06,4.7256266281305e-08,-3.32038905646481e-06,-0.0377401081654951,7.95383034283698e-05,-0.000158875849214256,-1.61251987542974e-05,2.6497103431522e-06,8.6154762854278e-09,2.20239952711116e-07,4.70800283217272e-08,0.000230634601480345,-2.54192296983918e-05,-0.000111278834874154,1.46014709443146e-06,1.11338902089454e-06,-5.56522640294522e-07,-7.58808369469365e-08,7.51262949436596e-11,1.36475385298531e-08,-2.78773895628381e-06,-4.97341111385248e-06,-1.08287722339009e-07,5.73064515868935e-06,0.147289975681066,-5.63404730018396e-05,-1.81725193693885e-05,7.63519411372569e-08,1.08842715912338e-07,6.55433450706464e-06,6.26851273749236e-07,-2.79622243970742e-06,-2.58751929190296e-07,5.61377656274398e-06,-4.81923559372832e-10,-3.07183584946531e-05,-2.3102128744466e-07,-8.36785936739228e-07,-1.05732977128172e-05,-5.80989775640171e-09,-9.1314968561753e-08,3.43901247815354e-08,2.29690180937533e-08,-3.22977903519021e-06,-4.05805977470889e-06,-1.98150774760868e-06,3.1737586580877e-06,7.58736205716184e-07,3.54796877894369e-06,-1.51707465661241e-05,-9.47209501635102e-07,-9.18288598794964e-05,-1.02521622779177e-06,-0.000199709260521867,-0.106273992828437,-3.29108131906643e-05,-5.8577900562392e-06,-0.199490516954884,0.000114542617216388,-7.56196330767473e-07,-7.04170100761066e-09,6.22441744301123e-07,2.77539045111859e-16,2.0024974359939e-08,-2.99527755462208e-07,6.29559616898892e-08,1.46033338780407e-07,1.75264306433e-06,-2.40577504809959e-08,2.64142849567782e-07,-1.12115306398552e-07,8.98094917703103e-08,-5.24382412540881e-09,2.28671246623208e-08,-7.96614947370199e-06,4.84642340479074e-09,-5.17612119618694e-07,1.55680079806454e-06,-5.7908868212357e-10,1.87409422832893e-11,-1.90328232109463e-10,-1.11200894076181e-09,1.88449511102674e-08,3.41258974307392e-07,-7.85287651098043e-08,4.45363167909274e-08,-3.70378762021046e-07,1.06752446003171e-06,-6.98590022702967e-08,3.46553021816748e-07,-1.1898130616615e-07,3.3350875431673e-09,3.87847401830884e-05,3.71258981297284e-07,7.39058364363408e-08,6.82794465012679e-10,-1.15020067906222e-07,2.62249044956226e-08,-4.64117287363023e-08,7.50943599752946e-08,-1.47669434228167e-07,1.19086985553568e-07,-8.95097165660177e-09,1.81628172478234e-06,-8.01320653679486e-09,1.33219283594557e-06,7.96191131120493e-18,-3.39885213091173e-06,-1.4200546232873e-07,-3.68766133296092e-12,-3.34599369740662e-08,5.07199092623764e-08,-3.18751871792638e-08,-9.11202193722452e-09,1.15127610000541e-09,-5.16534599097722e-08,1.95539988902561e-06,3.16103243869444e-07,-6.1309823602497e-09,3.2773797421277e-06,-4.81083614674303e-06,3.16067098024364e-07,-2.75518449744727e-06,1.02209722156179e-07,0.0001611129876031,2.36810328945015e-09,0.000684815683406477,-9.52815443531194e-07,4.41147275592806e-09,-1.47495663828231e-06,1.87584876511133e-07,-6.99794488951145e-07,6.83064735234743e-07,2.69605339064045e-06,3.3815915006737e-07,-1.12328621649911e-07,-8.78623394701438e-07,1.20720173862439e-07,-9.29524978409933e-07,1.68541947964101e-06,0.0216814164774339,1.03227075663792e-05,-4.74183118395943e-17,4.10413482705075e-09,5.96070766366697e-08,-6.62099904069624e-09,1.59474035748056e-06,4.14425883869745e-09,4.33886681800876e-07,1.07263061923473e-06,-3.53417241068888e-07,1.71735061841372e-06,3.59165739683429e-17,-7.59233152309837e-06,-1.4939897986065e-09,-3.00221457816687e-07,2.99967003437466e-08,7.79114131283603e-07,-3.09286003784355e-07,-0.00186338046939676,0.0182617277363572,1.60502733155542e-07,-7.37147763691286e-05,2.6328391597635e-09,7.92590663763073e-08,-2.85079681679295e-11,-3.4646359511805e-11,-2.36754458517642e-07,4.46780059322635e-09,-4.75414718653578e-07,1.75163016945571e-17,-6.21065435463621e-08,5.35591069997059e-09,1.54494192167842e-10,2.22586658080345e-09,-6.55439362083254e-05,-5.96608800373074e-06,6.64539057463864e-08,-2.44854131533064e-07,-1.4323647330429e-07,1.12826554801596e-16,-1.15102409157034e-06,-9.64366937294864e-09,-1.55351986837997e-06,1.53508335075478e-16,7.39505370020999e-07,9.56556472986004e-08,-1.47458595936881e-08,-2.63555131274368e-06,-8.98999640076025e-07,-4.88730552998499e-07,-3.75464398090714e-07,5.22853284366284e-07,8.87638792889682e-08,5.10483806772454e-09,4.91098895071503e-06,3.81976114590389e-08,3.07345369866549e-17,-1.9036510289068e-08,7.44682082186453e-07,3.84859660343654e-07,-0.00207404764044445,1.48235499321257e-16,-4.42145550004071e-08,2.35123384679115e-08,-0.0366167529087216,6.89867057151826e-08,4.54044732355681e-06,-4.23318609361974e-08,2.01187235170916e-07,2.34795009171002e-07,-6.7799417868033e-16,2.416269082259e-06,-1.19967074963326e-08,3.86240184790757e-08,1.60378632503508e-05,4.70759709925158e-09,-2.14417551175187e-09,3.2612801348364e-16,-7.87417055409798e-18,-2.95162186810471e-09,-8.66014673379023e-09,1.15242571119013e-09,-5.81734975435054e-07,3.63372653583426e-16,-3.02741774464985e-07,-3.69392302400935e-09,9.15461275339814e-17,-1.0986447468693e-16,2.59568691060064e-17,8.49957204986373e-07,5.40467239941537e-08,-6.08538141712061e-08,1.88975660414913e-06,2.68987165407504e-07,5.09020145620251e-08,-2.21396189730338e-08,-2.32591146553787e-16,-5.04962399347029e-09,1.43777403558228e-08,1.2943762667012e-16,-7.20241013052237e-17,-9.58331647334311e-09,-2.4586616435929e-10,-6.27906679709731e-09,0.000130278433705355,5.26407877462645e-09,-9.26373398520099e-08,1.15283250891889e-16,-7.60031817715586e-08,9.36924666116426e-17,-1.09803249183978e-06,-5.30391702779909e-16,-6.23882793138977e-09,-3.30363122975543e-17,2.59310185527455e-08,6.84299058716272e-09,1.35154227791819e-07,4.30553497985215e-07,1.90511420017111e-08,-2.20566947148197e-09,1.40743735915381e-08,5.11890824927234e-09,1.11458971127034e-06,8.59456066421071e-08,5.04390151162342e-09,-1.43313740724597e-08,-1.14514975139402e-06,-9.34086835102728e-08,-6.95620811322423e-09,9.27660451195591e-17,6.56831226006754e-08,-1.1413843667277e-08,6.03418264694156e-09,-1.74371034175423e-17,4.91149529326929e-08,3.24773391342484e-07,1.04392119018541e-07,-6.08237253329478e-17,-2.53491704770323e-08,-6.26598102641837e-07,1.4063380633948e-15,-1.80134783644048e-08,4.1170744774705e-08,1.52536484463093e-16,-3.22741023137e-16,-1.52681783656051e-09,-3.76943324039871e-07,-2.15637610728885e-09,-3.00619133383662e-06,1.95314684687627e-07,5.15353581016898e-09,2.29235197333571e-07,4.67573227406646e-08,-1.18710781755009e-06,3.04660810468427e-17,2.20563100440871e-10,7.01923364278591e-09,1.94615325743637e-08,1.83944989788377e-06,-4.2185404519463e-17,-2.61946188955199e-16,5.32885966786385e-05,-4.09832583104104e-16,-3.17929052674494e-16,6.409689197273e-08,-9.56308916468608e-08,-1.79105202099036e-08,-4.8617065497035e-08,5.49978080733065e-07,1.47833741386358e-07,0.00157184917683448,-1.02029299340916e-16,3.44128926790567e-07,1.62195539359481e-08,7.46288237018723e-08,-1.65519197361072e-08,6.6682322770054e-08,3.9340866599807e-16,-2.21173458139515e-16,-6.77102741116091e-17,-2.75001114189591e-07,-2.91260979405492e-09,-1.8898548521211e-07,-2.05105029062166e-16,-2.2610871959344e-09,4.08669188671604e-16,-6.23863980254084e-17,3.91567588439633e-07,-9.81155591100362e-08,6.83914730403856e-16,-8.22232632855944e-07,-1.11915801772375e-08,6.00652002109496e-16,2.58162493107247e-08,8.7824896610844e-16,4.28382745836231e-07,9.79385278795677e-17,4.28299986139942e-07,8.12024664984668e-08,2.94655879894891e-09,1.27254822458195e-07,8.79566066264966e-07,-9.87295062561009e-09,3.16372833795582e-07,6.5074161568226e-17,1.99148779311389e-07,-1.13245915327542e-08,1.59703987262811e-15,-1.50721083000651e-09,-3.13147160716647e-08,7.41063630582515e-09,1.98410974080014e-15,2.55122841431827e-08,3.42783100503465e-08,-1.64219512097332e-15,-9.72246406408468e-07,-7.46354328487941e-07,-1.06581538067862e-09,4.97315677583255e-16,-7.46364571568863e-16,2.1720635884093e-08,3.25211013368533e-07,2.67263344970524e-08,-1.60988108780739e-08,3.91169917041587e-07,-1.0572455295399e-15,1.88568866078001e-15,1.63423207338169e-06,9.93239798463398e-07,7.6729687484081e-16,5.50980684201395e-06,8.34248935691144e-16,1.03086503374236e-07,-0.28100224339433,1.32170681633558e-05,1.74007171712414e-05,3.26368061834088e-15,1.18804745549808e-15,-4.02552910608717e-15,2.07254381615854e-15,3.03256108643742e-09,9.617901445941e-09,1.53053682022619e-15,-1.27179479357911e-15,-4.48701847739452e-15,-1.00933840262702e-08,-8.07595408720666e-11,3.31283784259514e-09,9.42796057622286e-16,-7.86854305670492e-15,-1.84758892213255e-15,5.62885874851567e-08,-1.66618002052717e-09,7.36406339010714e-16,-1.95546381158455e-10,4.26237999982661e-09,-2.69356441123733e-16,-4.19110597665085e-16,7.95953185761058e-08,1.70764907844983e-11,2.43000412950065e-08,-1.65628411804349e-15,-1.27860481570103e-10,1.64121181449779e-09,6.76931062595823e-09,-4.07178899377681e-06,-3.11301455534626e-09,6.0345505975922e-11,-1.50456977346086e-15,3.72985198839737e-15,7.26143694612182e-16,1.98016739818097e-09,-1.80266425873705e-09,-3.21500680755383e-08,-6.66299701077122e-10,6.11096596725728e-16,-2.47683975012478e-16,-1.06933345765948e-16,-8.07340901465023e-18,-1.0372419311435e-15,3.64844063779917e-09,-8.53661338440617e-16,-4.3992423464634e-15,-2.79813843127763e-08,3.40926540114157e-15,-2.51064513193531e-08,-8.66114350775116e-16,-3.12479279318874e-08,-2.76139500161661e-15,-4.0645192759865e-08,-5.16972687725647e-09,-1.06828481301109e-08,1.76738271279382e-15,1.75203933127675e-07,-6.03821630133199e-16,6.50643592663386e-08,-1.15570902003504e-08,6.43556709858115e-11,6.53686659530047e-16,3.80232525207409e-07,-1.97202403230888e-15,-3.46183622280501e-08,-1.80650919862177e-08,-3.7373748168984e-15,-1.27355840513842e-14,1.13670591024951e-13,6.90109046576027e-14,-0.40459427904815,2.75131513528261e-08,6.14779116225465e-11,0.707106781186545,-1.12910587875969e-13,-8.96216933146948e-10,7.40800810321643e-09,6.71254090056056e-14,-8.61260492306876e-15,-1.78748213641195e-08,4.65843758459462e-15,-1.54851819299384e-07,2.84290473698534e-16,3.39787508017642e-08,-7.97632592707802e-15,-5.69766644855064e-15,3.71718131409493e-15,-1.5075698934053e-15,-1.32938123115084e-15,-2.72729509889677e-15,6.96243312771392e-10,-4.87253931061309e-09,-1.16858571302936e-15,-3.29038474414305e-09,1.3915529644023e-07,-8.12433551621351e-16,-2.32288228023322e-15,1.61026206252443e-15,3.71332774633386e-17,5.74404145438681e-08,9.2358671057002e-09,-1.88358603251003e-15,7.5098210309528e-16,-2.58519108487365e-08,-8.3566100297207e-09,-1.26833882804692e-10,-1.29530531276663e-15,-1.88072331004233e-15,-1.56438742191856e-15,-6.50071046775254e-16,-1.36074740777769e-16,-1.7061961153154e-15,2.31214328937118e-07,-1.83297937540377e-07,-4.23033001189388e-08,-9.6043887966241e-16,-6.99679923702641e-16,2.0435721153116e-16,-1.38132073643029e-15,1.28675958777892e-16,2.12521512220838e-15,-4.77171404248532e-17,-5.1208787247707e-16,5.43777242802031e-16,2.33214226632689e-16,-6.8314342254765e-16,-5.7350235831191e-16,-7.03284734632496e-16,-4.98965165364074e-17,5.38580022879152e-10,3.71884706724163e-16,1.79258649601573e-16,-7.46883555971114e-16,7.66276758624315e-09,-4.15657063155606e-09,1.07683217455092e-15,-1.98136058836672e-10,7.05842980803962e-09,-8.56559136258931e-16,-1.00037499375535e-15,-1.37094767274111e-08,-4.46359287246101e-17,1.76548077778193e-10,-4.66876324421524e-16,-9.61315614667892e-17,2.61156163482607e-16,1.28019938375979e-16,7.86201959314883e-09,-2.40447383409777e-08,1.46983960087784e-15,2.45365592530308e-16,7.51500351663378e-16,5.78194182886274e-16,8.1076638458466e-16,3.93386142160277e-17,-1.53224235736332e-16,-7.14254144301072e-16,3.00688267154323e-10,3.87341891238662e-16,-1.81200552107705e-16,-2.95537608579232e-16,-3.77108904307662e-16,1.43141115028687e-16,-9.93361332421799e-17,-6.58561547881982e-08,2.07089335236003e-17,2.59738620635125e-16,4.46091232424698e-09,4.31874340020234e-16,3.42052856459708e-16,-4.69646703879367e-16,-3.73110699875534e-16,3.77599706760887e-09,4.01943004414007e-17,-1.25301633838599e-07,-1.55525010405763e-17,6.86366813805374e-16,-3.49410992785084e-18,6.47347471037941e-16,4.23313056743345e-16,2.14862305649072e-16,3.33506669379007e-05,-3.56167238324263e-16,-5.24481048085005e-16,5.82007154684069e-10,-2.14625699407468e-06,2.76903258143478e-16,9.83507005200667e-08,5.86909231712911e-08,-2.03073655308207e-16,1.35010502458237e-16,-1.47329493987241e-16,-2.02720262891167e-16,2.60133393457723e-16,-9.99537538152169e-08,-1.3653483298291e-17,5.23698768890377e-17,1.07616838050155e-16,4.01504748905757e-08,2.70549976734811e-17,-5.30852175946378e-16,-2.51610095526467e-17,4.76471735772625e-16,-1.83720886605588e-08,4.8475379457523e-17,1.23631971992901e-10,-6.64884295148142e-17,3.00622475999112e-16,-5.42957418087222e-17,1.42348314006203e-16,-5.51054579530385e-17,6.17925713917782e-16,2.28296785555187e-16,-2.16025564790481e-09,6.46661188477722e-16,2.08384942798811e-16,9.09754534915107e-10,-2.20151417674312e-16,-1.61317381529949e-16,1.972232482142e-16,-5.21119752046816e-16,-1.33588902254372e-16,1.91507701423334e-16,-6.63017449638937e-09,-8.79575757597014e-17,7.60555895234173e-16,1.97888106408859e-09,3.73773388072687e-16,-1.24440347392053e-16,-4.50210701405158e-17,3.25230080697267e-16,1.06454701159878e-16,5.37038061602562e-16,-1.22075263665581e-16,3.88191772841957e-17,1.76095257183059e-16,-2.11993848237078e-16,-1.53450323995404e-16,-1.04694394353173e-09,3.47514849892006e-09,-2.53160052065648e-16,-1.56645374416392e-16,2.90248367804216e-16,-2.73797231289031e-16,9.71445146547012e-17,8.2034410431488e-16,1.30744681735197e-16,3.62798651322136e-16,-3.32927030518515e-09,2.81133921633854e-16,-1.0056245265837e-16,3.84024902028335e-16,-3.83236203370935e-16,3.89228851926688e-10,-1.78986447801018e-16,-6.2013304993031e-11,1.82044414655676e-16,3.74954090488461e-16,-3.8129868069597e-16,1.67429049183101e-16,-1.11328169026933e-17,-2.10245170976635e-16,-1.42768144052573e-16,1.14878133436334e-17,3.07457232801487e-17,3.70465097052158e-17,2.44395715422729e-16,-4.08815037169973e-17,7.91764992331975e-17,-1.88213366890827e-16,-5.32157145358093e-17,3.17364697405896e-16,1.61686922645726e-16,-9.63338547766106e-17,1.01323088342403e-16,-4.61267936025152e-16,1.57968256531138e-16,-1.27614733630413e-16,-7.80416118531428e-17,2.96926940707999e-16,-3.39316539980892e-17,1.33903923954586e-09,1.04825910073423e-16,-2.45614624731129e-17,2.53194909363897e-16,-3.93594019425069e-16,1.343625606519e-16,1.66412819112499e-17,-1.59547589191001e-16,-8.54730247514662e-17,1.96757834400535e-16,2.76819885378833e-16,1.71954464556201e-16,-1.54743184020641e-16,-1.91040046754059e-16,-1.66695151473976e-16,3.1551479872156e-16,9.17917206199983e-17,-2.46916824044569e-16,-1.74096492590897e-08,2.59316642908226e-16,7.78380271810822e-17,-2.91985091906124e-17,1.28083931292935e-16,1.11458408859988e-16,-4.92775002833102e-17,-2.67029222183012e-16,1.84470901707161e-16,1.6953238335234e-16,9.18345168924714e-10,2.77183062338029e-16,-5.08820878373918e-17,1.18870799889217e-16,-7.22423448413834e-17,-1.0208629150328e-16,9.3516362303989e-17,-9.33880781081188e-17,-1.75142765157832e-17,3.45928959705536e-17,-7.13699868318349e-17,7.48003550126273e-17,-5.9859240917103e-18,-7.9204341989086e-17,1.89782950435944e-08,8.62791302246277e-18,-4.81540563019778e-17,-8.15411207912268e-17,-2.97071395261028e-16,-1.2888823574667e-09,-1.69715786496557e-16,8.05062684437714e-17,-3.99463858851176e-17,2.60430362914546e-16,-1.01940326113451e-16,-1.15718747841804e-16,2.2940436730495e-16,1.80430634429762e-16,7.88284440232889e-17,-1.84529531969978e-16,8.17060089310812e-17,1.51448030190245e-16,8.52378060042012e-18,-6.2429539562893e-17,4.44029313473896e-17,-5.57100867276591e-18,-1.63418548184582e-16
"t364",0.0330003234173973,-0.00821770386464574,-0.00884679957054629,0.000401815511103885,0.00201882245997152,0.00388035112397521,0.00086606901948786,7.77313054174723e-06,-0.0365397086419259,0.143374959075897,-0.026245583690393,0.00344534904372235,-0.00675726463543888,-0.00142326321231011,-0.0381535759670015,0.000865651880970619,0.000552228123817728,-6.49704512145585e-05,-0.0286021648696049,0.00399038910552827,-3.46479593451373e-05,4.76664942657711e-05,-0.00656201991262906,-2.01435530257921e-05,-1.41381093299408e-05,0.00113135839651759,-0.00579175656801431,5.81316835838778e-05,-0.000927048763899121,0.00778882991932154,0.00108570846055406,-0.0554537077361658,0.000916200932249938,-0.0148180285914388,0.000907719115138296,-0.000190999548961662,-9.34090014907766e-06,2.24076143763968e-05,0.0012664961122434,0.000424644638999033,0.000396453108837416,-0.0105502089099413,0.000937480489908848,-0.126589517880275,-0.000310369670808292,1.42360490338658e-05,-2.11997450005074e-06,2.89401036015426e-05,-0.00133064415687701,0.00180202370136531,-9.81527435325706e-06,7.54229161980175e-06,-7.97543520868539e-07,1.97846381915119e-06,-1.80687900440265e-05,3.02453130522687e-05,8.24072690239698e-05,-0.00114523704396408,0.0153784099005292,2.92483181803851e-06,1.46508759632001e-06,-5.97977560915385e-05,2.92688754329476e-05,-2.08404691995949e-05,5.62241079410558e-05,-2.19700787835855e-06,2.28309756886665e-06,-9.61124087893881e-06,1.47078204987894e-06,-2.05657386067158e-07,-2.31329189928878e-07,1.01706008772155e-06,-3.7045990499028e-06,-2.65411961477203e-06,1.12862199573765e-06,4.2169864301344e-07,-1.03294837661882e-05,1.63350743471821e-06,-0.00024204893219791,-8.15103177951519e-05,5.51018701257608e-06,0.000439081863979685,-0.000331202630026084,-2.94267938107051e-05,0.000206625329996314,0.000204876135772909,-7.34783564784983e-05,-0.000686719593494061,-3.51005408742022e-06,0.000173787953088748,-0.151323126210581,-9.10179528291338e-08,-5.6832613073081e-05,2.8993097853428e-05,1.18043145334702e-05,3.12782368224361e-06,3.65987219380043e-07,-1.53415781329657e-06,1.56766917464283e-05,0.000110230818336294,4.68817808072178e-06,-3.01683249389133e-08,6.13465796426231e-06,-9.07300240235373e-07,3.1410705326506e-07,-1.32124863368524e-08,4.89202312817423e-07,4.10127655912482e-10,-1.12523524043242e-06,1.81581399330728e-09,7.06075966468275e-08,2.50999558286086e-07,-8.16677620356907e-08,1.61966037804661e-07,-5.87875715447644e-06,2.35676869743997e-07,-1.25595183450226e-05,1.49177227504181e-05,-5.44418181590198e-06,2.02152507510336e-06,-1.18048107281343e-06,2.57318683408782e-06,-2.43055177244899e-05,-4.22605180114857e-05,1.94805162919321e-07,-4.38278965077732e-06,4.59778793651493e-07,-0.0009207983265285,9.7607861596604e-06,0.000339914977813778,2.52680275798017e-06,-9.63417168967623e-06,7.56855624737917e-07,1.31484685537047e-05,-2.14918946903638e-08,1.42069300824801e-05,-1.51645580078756e-05,-1.59065274115116e-06,6.32035812170148e-05,-5.29666465723785e-05,-4.59664287732146e-05,-4.01664127332185e-06,3.55973986498034e-05,2.2233873690621e-06,1.28223119082356e-08,-3.77367039497081e-06,-1.17910257078435e-06,2.98282531856279e-05,2.12209454585084e-06,-1.28491800934457e-06,-1.67282165716427e-06,-5.41313172054236e-05,-2.77835038950982e-06,0.0044663693843384,-5.16270684987102e-07,-9.16934730355436e-06,0.00767421807616695,-7.09126818542397e-06,-0.000115114445390882,-0.332313307790314,5.25117261517096e-06,-6.01832616006904e-07,5.95157395477759e-06,1.54484440956578e-06,-1.47589090207513e-07,-2.31690884625825e-07,6.04498108100507e-05,1.05807453894383e-06,5.29227978349789e-05,1.16886796924884e-06,-2.30296143433368e-06,-4.12342506525472e-07,6.0728843607779e-08,1.00402039515892e-05,4.92710513161217e-07,1.05057410435868e-06,4.71602883387331e-08,-3.31353266399677e-06,-0.0376608525369804,7.93707887145227e-05,-0.000158540325656464,-1.60908693150718e-05,2.64405185309692e-06,8.59702234984145e-09,2.19766867948231e-07,4.69779364415478e-08,0.000230133306459185,-2.53628648305823e-05,-0.000111031922252214,1.45688575404056e-06,1.11085703712325e-06,-5.55238258904494e-07,-7.57048284992266e-08,7.49506869825556e-11,1.3615468113963e-08,-2.78108012402637e-06,-4.96148977775178e-06,-1.08026228504062e-07,5.71675568486397e-06,0.146922853176627,-5.61998608405619e-05,-1.81266346395762e-05,7.61569624908271e-08,1.08557246979495e-07,6.53714192764488e-06,6.25202989093858e-07,-2.78881527078582e-06,-2.58062987772492e-07,5.59862725148837e-06,-4.80601509059401e-10,-3.06329847392646e-05,-2.30376655349634e-07,-8.34408984282832e-07,-1.05429682284252e-05,-5.79322771938703e-09,-9.10509765671177e-08,3.42888002180019e-08,2.29010994984245e-08,-3.22004509711964e-06,-4.04566965909736e-06,-1.97543074782643e-06,3.16384642893804e-06,7.56356345069817e-07,3.53678794230419e-06,-1.51222563144014e-05,-9.44173323227697e-07,-9.15343075519028e-05,-1.02187716590533e-06,-0.000199052829784006,-0.105921125047029,-3.28010376699434e-05,-5.83815891956422e-06,-0.198819022536016,0.000114156582357075,-7.53618516634319e-07,-7.01752626721258e-09,6.20288527108693e-07,2.33924067233314e-16,1.99549468507924e-08,-2.98478046367387e-07,6.27320397707851e-08,1.45508031838232e-07,1.74628008212331e-06,-2.39703602753363e-08,2.63166952303569e-07,-1.11699915037873e-07,8.94763115026987e-08,-5.22424937586387e-09,2.27814066913068e-08,-7.93606079722115e-06,4.82805675692043e-09,-5.15647796829948e-07,1.55084817784568e-06,-5.76804591087671e-10,1.86661295144622e-11,-1.89562555268638e-10,-1.107448412666e-09,1.87675574737609e-08,3.39838703957822e-07,-7.81995126866718e-08,4.43476176859374e-08,-3.688042162577e-07,1.06297032246296e-06,-6.95595331898774e-08,3.45056791805563e-07,-1.18467191478359e-07,3.32041548609229e-09,3.86140451668173e-05,3.69624287412084e-07,7.35788437208725e-08,6.79768056956735e-10,-1.14507337499419e-07,2.61078767549513e-08,-4.61974773633658e-08,7.47464186245183e-08,-1.46983223979917e-07,1.18529885783529e-07,-8.90887469833624e-09,1.8076368075388e-06,-7.97493395977469e-09,1.32581260750586e-06,2.21816394287495e-16,-3.38242091259318e-06,-1.41318114625189e-07,-3.66967205194554e-12,-3.32957920438428e-08,5.04690794533634e-08,-3.17169502723336e-08,-9.06670220121841e-09,1.14541048474475e-09,-5.13898879483062e-08,1.94541792979129e-06,3.14478239779678e-07,-6.09883533058094e-09,3.26013668571914e-06,-4.7854653869133e-06,3.1438726407987e-07,-2.74010477126746e-06,1.01643440484668e-07,0.000160219726101712,2.35497099474641e-09,0.000680902859462345,-9.47182715198546e-07,4.38528085947008e-09,-1.46614415086258e-06,1.8645552541483e-07,-6.95571532169832e-07,6.78861827065861e-07,2.67944032487966e-06,3.36069840433434e-07,-1.11633333043287e-07,-8.73152240133755e-07,1.19963468075397e-07,-9.23662813728838e-07,1.6747618642423e-06,0.0215436966422865,1.02565068512526e-05,2.93405390031004e-17,4.07625600732382e-09,5.91998705439136e-08,-6.57538431103784e-09,1.58375075961826e-06,4.11569228630643e-09,4.30889736309332e-07,1.06519288406366e-06,-3.50955276909856e-07,1.70527504773633e-06,1.92267740386866e-16,-7.53779852993042e-06,-1.48323049668477e-09,-2.98047219241793e-07,2.97793154072357e-08,7.73389286950602e-07,-3.06996080351841e-07,-0.00184943595017784,0.0181240626816822,1.59273586390746e-07,-7.31420817736928e-05,2.61219670284621e-09,7.86344497991417e-08,-2.82825660241385e-11,-3.43709598542991e-11,-2.34870950629899e-07,4.43211467995034e-09,-4.71605629072933e-07,8.07030557216404e-17,-6.1597363107555e-08,5.31179087217074e-09,1.53221528105252e-10,2.20728208130066e-09,-6.49955862637871e-05,-5.91493186212009e-06,6.5880116212752e-08,-2.42737059608217e-07,-1.41991568736824e-07,-7.37628382161967e-16,-1.14096094186793e-06,-9.55917154529656e-09,-1.53979585231815e-06,2.58533161773776e-16,7.32914436517621e-07,9.48013278851438e-08,-1.46140192858109e-08,-2.61193475930107e-06,-8.90913818573071e-07,-4.84322476382386e-07,-3.72070506123386e-07,5.18096450848301e-07,8.79557008870137e-08,5.05815257474918e-09,4.86572521690302e-06,3.78454104028378e-08,-9.21735647319551e-17,-1.88582966719596e-08,7.3769224014455e-07,3.81226253465112e-07,-0.00205429453751283,3.51962565830294e-17,-4.37854749259661e-08,2.3279336998556e-08,-0.0362504799674659,6.82936332978295e-08,4.49459402244332e-06,-4.19002254356799e-08,1.99103735248112e-07,2.32269449330502e-07,-1.1400339964508e-15,2.38940770180064e-06,-1.18629613309312e-08,3.81908517316117e-08,1.58565168235282e-05,4.65433304316142e-09,-2.11985906960329e-09,-6.24500451351651e-16,-2.60536849444928e-17,-2.91770099394298e-09,-8.55947297770192e-09,1.13900931471671e-09,-5.74892860759841e-07,6.22348270397403e-16,-2.99100779499434e-07,-3.64905791760998e-09,3.24732550563613e-16,2.46429087606675e-16,5.46861031142796e-19,8.39313349890563e-07,5.33672792619399e-08,-6.00785255825767e-08,1.86540819458447e-06,2.65516859929594e-07,5.02374118634666e-08,-2.18501547217637e-08,-2.51657665698294e-17,-4.98199534202331e-09,1.41835506181179e-08,-4.00389481083875e-17,8.53746396512585e-17,-9.44955862379715e-09,-2.42407554854573e-10,-6.18980007027885e-09,0.000128413236641173,5.18769253867358e-09,-9.12901726662614e-08,-1.86673346437049e-16,-7.48946356235173e-08,-3.21730773754825e-17,-1.08188014048486e-06,4.83554168928535e-17,-6.14647729454487e-09,-2.99522360316083e-17,2.55441065592626e-08,6.74072369651006e-09,1.33091120139303e-07,4.23951507037102e-07,1.87584674060365e-08,-2.17150678928413e-09,1.38548318728e-08,5.03773889092589e-09,1.09691322981424e-06,8.45756975834332e-08,4.96276197728107e-09,-1.40979715893426e-08,-1.12630579281456e-06,-9.18590497323673e-08,-6.84034348126295e-09,-1.43556378736322e-16,6.457545964431e-08,-1.12190584263472e-08,5.92767709820108e-09,4.52458846914735e-16,4.82395641897037e-08,3.18899083340655e-07,1.0249204088589e-07,-6.88150620431939e-17,-2.48862873750904e-08,-6.150084861155e-07,-1.20718379192982e-15,-1.76781867423862e-08,4.03746591103471e-08,-4.43289058200252e-16,1.69056962217085e-16,-1.49684984617467e-09,-3.69534836569437e-07,-2.11372621827563e-09,-2.94629102217949e-06,1.91356913259081e-07,5.04895505316361e-09,2.24573705754065e-07,4.5784856912135e-08,-1.16195748909072e-06,1.91719470160612e-15,2.15857235063383e-10,6.86929535517361e-09,1.9044042670149e-08,1.79978782900078e-06,-3.42876047383215e-16,-5.98880819817197e-16,5.21315012618229e-05,2.43174013885809e-16,6.25640602785195e-16,6.26416729080988e-08,-9.34427638536494e-08,-1.7500642845367e-08,-4.748525872641e-08,5.37144705227611e-07,1.44382417127189e-07,0.00153503430317834,-1.33392894634445e-16,3.35784885511316e-07,1.58233266400557e-08,7.28011964862691e-08,-1.61415121131009e-08,6.49906231939639e-08,2.79820437867517e-16,-3.66415260133813e-16,-1.23076151312646e-15,-2.67785782442172e-07,-2.83505028135637e-09,-1.83947317453658e-07,1.1063927227151e-16,-2.19993058894668e-09,-7.59094969196101e-16,3.58540827854523e-16,3.80258407340968e-07,-9.52794060289859e-08,1.99493199737333e-16,-7.98065668515805e-07,-1.0859395017448e-08,-4.23993631653304e-16,2.50342345475511e-08,7.233425185589e-17,4.1507793563986e-07,4.26613631237777e-16,4.14967472205989e-07,7.8670257071689e-08,2.85449004409272e-09,1.23267486181612e-07,8.51832041486216e-07,-9.5540792925718e-09,3.05796833058994e-07,-4.09978592374681e-16,1.92188547576709e-07,-1.09268689041834e-08,8.2694665861759e-16,-1.45393139149566e-09,-3.01944351206089e-08,7.14261476344139e-09,1.51734788955837e-15,2.45537860876214e-08,3.29805077724522e-08,-2.36258511582039e-16,-9.3505401290007e-07,-7.17656209896389e-07,-1.02403408582805e-09,-7.39082888544004e-16,-1.06881556773733e-15,2.08280452606868e-08,3.11565932353555e-07,2.56001112943396e-08,-1.53517258584642e-08,3.7271322234761e-07,1.9205730646065e-16,1.76963635535969e-15,1.55622241183208e-06,9.4575742693479e-07,-2.59066201525775e-16,5.24110340465673e-06,1.58933759841152e-15,9.79594119405049e-08,-0.266635466441526,1.25399748392113e-05,1.65022712778792e-05,2.34805443071638e-15,2.42054802619145e-15,-4.80113523302848e-15,1.83832267320857e-15,2.86402390508344e-09,9.08000677993827e-09,1.648459710588e-15,-6.58582035507647e-16,-4.57061986393702e-15,-9.51572068907211e-09,-7.60929537531073e-11,3.11583250589395e-09,8.32789430742892e-16,-3.66739516359516e-15,8.1000744306392e-16,5.25813279430877e-08,-1.55603597360572e-09,3.19824236590976e-16,-1.82050701403735e-10,3.96289307174891e-09,-1.37883441999544e-15,5.87582011391261e-16,7.37534539632393e-08,1.58178811227666e-11,2.24617832303912e-08,-1.08003458432554e-15,-1.17730488665956e-10,1.50768916021182e-09,6.1971838436571e-09,-3.7083406731306e-06,-2.83089414882832e-09,5.47140023159148e-11,7.93541537833434e-17,5.78534913894482e-16,1.12717237956022e-15,1.75801750854248e-09,-1.59979584434689e-09,-2.84356661363245e-08,-5.77343272206353e-10,-2.18475527720871e-15,-2.12713701975826e-15,5.92394563670416e-16,1.25278884842735e-15,2.1542310446682e-15,3.06631163866527e-09,-1.00954550982307e-15,1.3498121116955e-15,-2.3146600547746e-08,-1.5072936633347e-15,-2.07491262482502e-08,7.21749545094039e-16,-2.57838072710818e-08,2.0937476917811e-15,-3.23235802019411e-08,-4.06635649254036e-09,-8.244471453318e-09,-2.92552731582915e-15,1.31470872105236e-07,7.35321402274862e-16,4.46242769183274e-08,-6.07558102876558e-09,3.31400360965117e-11,2.39466994609423e-15,1.46353891157899e-07,6.79668322877032e-15,2.40210988642688e-09,1.98052996549484e-09,5.25193604324942e-15,1.66589351683223e-14,-2.28703688094952e-13,-1.45383121952452e-13,0.820065808938122,-1.25894821206874e-07,-1.58734591489826e-08,7.08733999430831e-17,9.24079348248684e-15,-1.96706692398566e-09,1.58816799347011e-08,-1.36341690106109e-15,8.78912217465901e-15,-2.71646725476289e-08,1.15020306106817e-15,-2.26925831987802e-07,-1.39486055000538e-15,4.61188457079187e-08,5.16160226342755e-15,4.17350420130794e-15,1.06566824319717e-15,5.70752262531203e-15,-8.85551074871514e-16,3.33884521184866e-15,8.65172466015336e-10,-6.04985452829384e-09,5.69328597732197e-16,-4.00555041423062e-09,1.68180746988214e-07,9.42910261398494e-16,-1.63893327839946e-15,4.13260865092251e-16,1.28775625148733e-15,6.76462121798371e-08,1.08219799708754e-08,5.42629138318942e-17,2.95989512486959e-17,-3.01320546606805e-08,-9.73372082639623e-09,-1.47412745799996e-10,1.73562319197825e-16,8.28260089826703e-16,2.04146166129378e-16,-2.14786819698377e-16,9.69010951869935e-16,-6.32488681124485e-16,2.61182688183266e-07,-2.06616258608679e-07,-4.75878263608792e-08,3.18032514389112e-16,-1.63062012411738e-15,3.54695445734684e-16,-1.01009343001274e-15,5.52213706034519e-16,-8.49003619824714e-16,7.9440959943902e-16,3.3474935671615e-16,6.90746351058017e-17,5.40258148236867e-16,7.85428978439279e-16,9.7058138667815e-16,9.52633184277816e-16,-7.17856444434413e-16,5.90138270688746e-10,6.55614780268275e-17,5.85200390237808e-16,1.25840960702946e-16,8.37420591200785e-09,-4.53981071719945e-09,6.15993871351997e-17,-2.16325469436328e-10,7.68351437629379e-09,2.51176654692507e-16,1.05058627152603e-15,-1.48722664127866e-08,-3.80912803344353e-16,1.90784906953333e-10,9.77679604572524e-16,4.48867187982859e-17,1.5656164813826e-16,5.28364080410717e-16,8.45026827369265e-09,-2.58350305655306e-08,8.40828529848841e-16,4.50492718335333e-16,-4.3624211072221e-17,-6.22208646203256e-16,-5.82867087928207e-16,-5.3551705409912e-16,8.16252578242486e-16,1.80625368017183e-16,3.18556419532307e-10,7.21527605828771e-17,-1.17248447863663e-16,-1.89871941254066e-16,-4.09300997225076e-17,2.59759833897235e-16,3.10978681212701e-16,-6.96054656973809e-08,-1.58509387308616e-16,-4.64394928296898e-16,4.71293098080862e-09,-1.57992601933339e-15,-1.17450902608229e-15,-5.84199328959446e-16,1.39956342381066e-16,3.97164120844568e-09,1.29794634101027e-16,-1.31698541466261e-07,3.54466145323013e-16,-3.68089721531917e-16,-1.8385851504068e-16,-5.62017795448016e-16,-3.25671747588758e-16,-5.39231885989207e-16,3.50037045686971e-05,-3.3225619517251e-16,1.49023056858778e-16,6.10222734644263e-10,-2.25019242536572e-06,1.22689407680467e-16,1.03025250906004e-07,6.14643381706496e-08,-2.2274537807844e-16,-4.92466014893333e-16,5.10798223001661e-16,9.94995756321463e-17,9.03744854730725e-16,-1.04303615995638e-07,4.74244159579843e-16,-5.17867875253049e-17,-5.31805962004416e-17,4.18627607679865e-08,-8.34868176701712e-17,-1.42116208288267e-16,4.34235144101564e-16,-4.68949339960817e-16,-1.91353288770415e-08,-1.22919138734933e-16,1.28727340347042e-10,-6.82423979670882e-17,-4.92639318844572e-16,-1.175635842342e-16,1.20360674531514e-16,-2.20547469704846e-16,-2.92633856318494e-16,4.36243812497729e-17,-2.24569062460415e-09,1.47225606122363e-16,4.75285430123801e-16,9.45375817970274e-10,-1.69712786837909e-16,2.11603831755456e-17,-2.83123755890486e-16,5.19981814325999e-16,2.03472003148254e-17,-6.80457533254866e-18,-6.88189708738327e-09,1.08053545479322e-17,-3.22905186073668e-16,2.05300137051628e-09,-3.17271702065014e-16,1.86324014546814e-16,1.18014750028239e-16,-4.25366248384846e-16,2.26694185083725e-16,-1.27070288354751e-16,1.26144278542575e-16,-2.75424374487437e-17,-1.77360613943646e-16,-3.98051078211896e-17,-2.07532979338503e-17,-1.08429777541685e-09,3.59843272974644e-09,2.76409354090835e-16,-1.36004749844871e-16,2.8766783810182e-17,4.11852155189172e-16,-2.62160085306995e-16,-1.15377111416699e-16,-4.26417354776019e-16,-7.46117175768919e-17,-3.44397054861197e-09,-3.1431385839717e-17,-1.07703149728779e-16,-3.71845815756075e-16,7.55592772207197e-17,4.02316737393047e-10,-8.39028118640726e-17,-6.40436759040092e-11,7.18859192912235e-17,-6.18710033085223e-16,1.07919712071863e-16,-5.82227991876822e-17,1.89629569916831e-16,1.58192334392509e-16,4.05701088640792e-16,1.58126032609427e-16,1.51296580014718e-16,-1.0463651502242e-16,1.16891975196056e-16,2.51276760228947e-17,-7.45829389001523e-17,-5.32064993532601e-17,-7.26083756009009e-18,-1.300255342293e-16,-6.29119857562898e-19,-1.61364084715984e-16,4.67521749067376e-17,3.58912686927741e-17,6.24500451351651e-17,-8.24285656032532e-17,1.65692752946147e-16,-2.27735917419453e-16,2.76547639888147e-17,1.37896372476696e-09,-2.72111085200976e-16,1.46575860913302e-16,-2.50358916112767e-17,-9.10061399254579e-17,9.38350284736135e-17,-4.51944585406517e-17,3.79857498448952e-16,-2.15958692961777e-16,-4.34356567021784e-17,-1.38498132110719e-16,-1.02565525517129e-16,-3.75358210977819e-17,4.12673612400269e-17,6.29488438284011e-17,-2.61156933272438e-16,-1.13234032980717e-16,4.7998105006807e-16,-1.78990213560996e-08,-5.79216563843829e-16,1.2513922191441e-16,1.82911302182808e-16,1.59433724438366e-16,4.18288272780523e-19,2.80989023061565e-17,1.28744521022693e-16,-2.11669644977083e-16,5.50974877409017e-17,9.42713083799035e-10,3.35740569783631e-16,2.08618321868216e-16,-1.0761796319631e-16,-6.08628737906412e-17,9.04518137461019e-17,-5.82319491141618e-17,-3.74575437557462e-17,-9.73353386744792e-17,1.21485592658073e-16,-6.78806906374225e-17,-2.06635134816951e-16,3.66189645751932e-17,-2.33120823362946e-18,1.94549213962172e-08,1.04700319980114e-16,-3.84516400267155e-17,5.32991094891248e-16,-4.10478942503012e-16,-1.32046143444549e-09,-1.22232782871819e-16,1.04518539716883e-16,8.42048801063719e-17,1.86331637112695e-16,2.40343239679809e-17,1.11305807347018e-16,-1.44910679615614e-17,1.22664229054102e-17,-3.44917592630114e-16,1.95217850333905e-16,1.30839144829026e-17,8.27445415174875e-17,-5.33896652124149e-17,-6.44745266224992e-17,3.63921466136802e-17,1.22463496579788e-16,-1.5126335099253e-16
"t270",0.0329931927127731,-0.00821396420160209,-0.00884264357858669,0.000401562636669341,0.00201726751654964,0.00387684605414764,0.000865271391952995,7.76540399774729e-06,-0.036496835972246,0.143171136479983,-0.0261983056355719,0.0034377125779804,-0.00674185273274775,-0.00141996828884162,-0.0380614293305398,0.000863438865713375,0.000550782946402128,-6.47973701153528e-05,-0.0285242205013204,0.0039785844583331,-3.45371794353284e-05,4.7482935062653e-05,-0.00653535158382583,-2.00612271101484e-05,-1.40801028644332e-05,0.00112649818211886,-0.00576658529739054,5.78768025318241e-05,-0.000922876501104441,0.00774753339200532,0.00107957612774632,-0.0551264830465723,0.000910411228249585,-0.0147200323139177,0.000901415537334149,-0.000189569430139279,-9.27009147574101e-06,2.22351124473088e-05,0.0012566813078744,0.000421305928146032,0.000393248487702453,-0.0104629097919409,0.000929610217735539,-0.125525516168712,-0.000307716527536837,1.41067784424414e-05,-2.10037650351081e-06,2.86703305105066e-05,-0.00131795110073313,0.00178440846583668,-9.71621939592726e-06,7.46505681970893e-06,-7.89359147124538e-07,1.95779391773225e-06,-1.78734189873579e-05,2.99166045345961e-05,8.14287385780305e-05,-0.00113132038273949,0.0151910254102962,2.88718910460299e-06,1.44546730073354e-06,-5.89814309813735e-05,2.88631403535701e-05,-2.05504634225333e-05,5.54195022214735e-05,-2.16478459548049e-06,2.24780983535212e-06,-9.45926646557847e-06,1.4472830326363e-06,-2.02310245014096e-07,-2.27198760207462e-07,9.97670135052895e-07,-3.63328026714182e-06,-2.60199975838355e-06,1.10640419338422e-06,4.13326703231315e-07,-1.01237261468922e-05,1.60043447860038e-06,-0.000236968799440677,-7.97751099309481e-05,5.39005636563103e-06,0.000429460286514615,-0.000323674962953621,-2.87507283283829e-05,0.000201659802335245,0.000199893422742665,-7.16698253189523e-05,-0.000669784728399448,-3.4234508547695e-06,0.000169494692051811,-0.147567954759505,-8.86632707357282e-08,-5.5356816783232e-05,2.822128857445e-05,1.14767852286356e-05,3.04050577256825e-06,3.55767229969319e-07,-1.49065491065612e-06,1.52296449292323e-05,0.000107020563901466,4.54932534481761e-06,-2.92734826006807e-08,5.95238978908227e-06,-8.7831601470561e-07,3.04019956330477e-07,-1.2786456164643e-08,4.73314228189096e-07,3.96781013150504e-10,-1.08848737881636e-06,1.75619612504795e-09,6.82853466821343e-08,2.42659413025584e-07,-7.89508296626922e-08,1.56433657365474e-07,-5.67683676569689e-06,2.27483946860302e-07,-1.21205629867445e-05,1.43886969414616e-05,-5.24842823320454e-06,1.94808480813767e-06,-1.13734529988272e-06,2.47727903289264e-06,-2.33881053754434e-05,-4.06646282271692e-05,1.87435450987731e-07,-4.21485223916639e-06,4.4214263651178e-07,-0.000885093053730458,9.37061176500094e-06,0.000326322787505948,2.42551735752974e-06,-9.24024725200106e-06,7.25789836122457e-07,1.26072773475265e-05,-2.05972350074774e-08,1.36146052211049e-05,-1.45173022973032e-05,-1.5214916507044e-06,6.03866434172353e-05,-5.06043300561594e-05,-4.39077409724511e-05,-3.83636655204642e-06,3.39942659880522e-05,2.12312676963341e-06,1.22440972086435e-08,-3.60191610730239e-06,-1.12445092475361e-06,2.84203142861781e-05,2.02147772132689e-06,-1.22339301078465e-06,-1.59266050482935e-06,-5.15276808458941e-05,-2.64442345797558e-06,0.00425053870639154,-4.90754822903054e-07,-8.7145525550461e-06,0.00729262361864637,-6.71854125898303e-06,-0.000108984232634035,-0.314581252233362,4.96788935288104e-06,-5.69293237661661e-07,5.625296883523e-06,1.46001114435718e-06,-1.39375521349548e-07,-2.1863155644885e-07,5.69172376904576e-05,9.96165133813228e-07,4.98252158672167e-05,1.10012237639919e-06,-2.16675037235167e-06,-3.8793433515313e-07,5.70940917403666e-08,9.43719980265739e-06,4.62898537933004e-07,9.8689248124833e-07,4.42989615026924e-08,-3.1090393256884e-06,-0.0352959808568903,7.43720104181815e-05,-0.000148527288246733,-1.50661523833331e-05,2.47513454407728e-06,8.04608805790238e-09,2.05642080979573e-07,4.39290085157912e-08,0.000215161391194342,-2.36785037021699e-05,-0.000103653252777272,1.35940647592608e-06,1.03513859408957e-06,-5.16812560046639e-07,-7.04382814506658e-08,6.96962841268354e-11,1.26554769761926e-08,-2.58165789963155e-06,-4.6044249866836e-06,-1.00192249610168e-07,5.30059975724462e-06,0.135913461744991,-5.19829618076945e-05,-1.67500569842169e-05,7.0305297245155e-08,9.99822189016932e-08,6.02070259180828e-06,5.7568693917951e-07,-2.56624113318152e-06,-2.37357745973624e-07,5.14312392105002e-06,-4.40828033735233e-10,-2.80633434852465e-05,-2.10971278782175e-07,-7.62809364872974e-07,-9.62904206150505e-06,-5.29090289043148e-09,-8.30937291422173e-08,3.12325044660813e-08,2.08521603847452e-08,-2.92618095118553e-06,-3.67142655035887e-06,-1.79184285694848e-06,2.86417764616713e-06,6.84395389492153e-07,3.19864355871415e-06,-1.36549042772836e-05,-8.52285458767221e-07,-8.26196262372403e-05,-9.20755456263764e-07,-0.000179165467402518,-0.0952259488650697,-2.94731647910071e-05,-5.24291483259725e-06,-0.178454465493218,0.000102448585871772,-6.75397202117234e-07,-6.28373742955606e-09,5.54908562820498e-07,2.3465626441484e-16,1.78276070928826e-08,-2.66586132377511e-07,5.59243124667931e-08,1.29529154257961e-07,1.55264603711706e-06,-2.13108972216958e-08,2.33444371608757e-07,-9.90467562961075e-08,7.93267334916524e-08,-4.62777036761766e-09,2.01688922638681e-08,-7.0186767337928e-06,4.26797637941028e-09,-4.55742932312732e-07,1.36924671275565e-06,-5.07014099911153e-10,1.63817471957386e-11,-1.66142330065273e-10,-9.67807868564562e-10,1.63977058123635e-08,2.96317767704282e-07,-6.81062483359475e-08,3.85596801405473e-08,-3.20499483105264e-07,9.23228807416319e-07,-6.03679807214125e-08,2.99114786938753e-07,-1.02680483717562e-07,2.86942569103931e-09,3.33670772111943e-05,3.19374350710532e-07,6.35243820349733e-08,5.86701131180628e-10,-9.87348722643077e-08,2.25076794355991e-08,-3.95929888629461e-08,6.40184196469555e-08,-1.25821686035913e-07,1.01342846406262e-07,-7.60971312491104e-09,1.54064644932929e-06,-6.79266293144207e-09,1.12868823632646e-06,-1.57210416195888e-17,-2.87445802847336e-06,-1.20067434149521e-07,-3.11546385498756e-12,-2.82165535358664e-08,4.27034291835553e-08,-2.68167353256332e-08,-7.663086995236e-09,9.63454420950406e-10,-4.32127564051379e-08,1.63572583918648e-06,2.64038215015826e-07,-5.09963623173995e-09,2.72405778779905e-06,-3.99656966611142e-06,2.62124845490045e-07,-2.2699608021314e-06,8.39725704565759e-08,0.000132343949318576,1.94514880502344e-09,0.000558520390300555,-7.70539603572394e-07,3.56361878781612e-09,-1.18954992268291e-06,1.50987286892339e-07,-5.62920901110676e-07,5.46631024320471e-07,2.15670136171363e-06,2.70314032922798e-07,-8.97475471824517e-08,-7.00849153733767e-07,9.61193011923773e-08,-7.3884779534254e-07,1.33868594439058e-06,0.017199186803105,8.1664189894402e-06,-1.41784708054308e-16,3.19152938953115e-09,4.62706878559222e-08,-5.12592877258827e-09,1.23453832617048e-06,3.20793092177432e-09,3.35636156290222e-07,8.28708939251723e-07,-2.72642679891645e-07,1.32082232147547e-06,3.51357933222769e-17,-5.79804684471974e-06,-1.13990004820759e-09,-2.28626858114715e-07,2.28380613453861e-08,5.90339271523521e-07,-2.3372053280114e-07,-0.00140273823627607,0.0137107924248503,1.19804952673323e-07,-5.47245132268487e-05,1.94769650797171e-09,5.85162703177882e-08,-2.10208670431915e-11,-2.54899824663445e-11,-1.74142872261398e-07,3.28102323413036e-09,-3.4869717501427e-07,4.45075225632071e-17,-4.51252815217648e-08,3.88375800595107e-09,1.1202705651474e-10,1.60482394360638e-09,-4.72152200466182e-05,-4.25138642143312e-06,4.72055374283416e-08,-1.73823398601113e-07,-1.01442833422935e-07,-9.85208666356347e-16,-8.12951440202752e-07,-6.80421257809958e-09,-1.0918906922488e-06,2.35466669682448e-16,5.17573392849606e-07,6.68815051539376e-08,-1.03047973447944e-08,-1.83980898556833e-06,-6.26430302075627e-07,-3.40085601988491e-07,-2.60988156614754e-07,3.62277219260832e-07,6.14796916415557e-08,3.52787040196252e-09,3.38055399933959e-06,2.62885872294291e-08,-1.80817826834859e-16,-1.29989617088108e-08,5.07799227035406e-07,2.61633500849831e-07,-0.00140336578309085,-2.9020563717587e-16,-2.96098909689093e-08,1.55592980612259e-08,-0.0240987358017141,4.52855556024423e-08,2.97126027732776e-06,-2.75405912954523e-08,1.29632545109207e-07,1.47575738414574e-07,5.32265034409572e-16,1.48394896772479e-06,-7.35250159865884e-09,2.35687749092683e-08,9.72678326697741e-06,2.85375469251592e-09,-1.29753713388377e-09,2.04697370165263e-16,1.55346653296804e-16,-1.7680686551165e-09,-5.14087457468475e-09,6.83329612920911e-10,-3.42095156456556e-07,2.77195754145522e-16,-1.74739709918414e-07,-2.11399123468396e-09,-6.70763970426448e-16,-1.2935219789832e-16,8.99415503759607e-18,4.73114867660845e-07,2.99744995577011e-08,-3.33195061898774e-08,1.02323533515622e-06,1.45454400338666e-07,2.71912776929101e-08,-1.18098647868798e-08,2.57665253547739e-16,-2.62512198521347e-09,7.40456850650428e-09,3.3090345098133e-16,-7.56364607246526e-17,-4.74859272170674e-09,-1.20646021258655e-10,-3.04023404667009e-09,6.25044935784969e-05,2.48057516257491e-09,-4.35241256425091e-08,-3.88284179864254e-17,-3.55636104967006e-08,4.04215013764473e-16,-5.0771212487303e-07,-6.81150014864018e-16,-2.85905230005985e-09,-1.14437749302556e-16,1.174643722853e-08,3.09244587341038e-09,5.91311409082702e-08,1.87027972983003e-07,8.25069628337016e-09,-9.4260002896256e-10,5.94405804642311e-09,2.10127605846396e-09,4.57412819239457e-07,3.49536642154476e-08,2.01690585117193e-09,-5.59784201204253e-09,-4.38228654076123e-07,-3.51561752931674e-08,-2.59631100725658e-09,-1.59383324534203e-16,2.3870533320589e-08,-4.0382271811797e-09,1.96483083325379e-09,-1.06209727785485e-16,1.55784255574748e-08,9.87994090222533e-08,3.11694596503179e-08,1.86672376288789e-18,-7.49476313189994e-09,-1.77907228203418e-07,-2.67267691908308e-15,-5.00876089011288e-09,9.93837094915564e-09,3.3687323389709e-16,-8.48582426383649e-17,-3.45622551572128e-10,-8.48117286897202e-08,-4.71258017139842e-10,-6.33891058328404e-07,3.77142030340942e-08,9.87070075967723e-10,4.33976589868298e-08,7.69549618422866e-09,-1.7043355642341e-07,1.29453739394769e-16,2.98696393238269e-11,9.406329986406e-10,2.51098846306426e-09,2.26194828932876e-07,5.56710579550164e-16,4.07030130583355e-16,6.10524364736388e-06,2.96824269626479e-16,3.71747158477729e-16,3.76627071255256e-09,-4.64276039443608e-09,-8.65660734607667e-10,-1.23339368731384e-09,1.22044121694484e-08,3.17967627876771e-09,2.68525533748341e-05,1.7007537071662e-16,-1.10557289583003e-08,-7.00286948594732e-10,-3.49773908012473e-09,1.08591895173997e-09,-6.76037273458696e-09,-4.20542876618324e-16,8.89928574761648e-16,8.88152656544601e-16,4.31351781707761e-08,5.31387347023647e-10,3.48552281597248e-08,4.96843107811683e-16,4.7532660110658e-10,4.07162721869209e-16,-9.22478032141718e-16,-1.32033530724588e-07,3.32556534057843e-08,-6.50521303491303e-18,3.07592950158336e-07,4.42501887847989e-09,4.07037480625606e-16,-1.13846858453631e-08,-1.11756227678193e-15,-2.1414423882387e-07,-1.11306902302035e-15,-2.164677262137e-07,-4.13902758607713e-08,-1.51632993090906e-09,-6.63607949286124e-08,-4.72466560105213e-07,5.91398619567132e-09,-2.19568845491021e-07,4.06412569069415e-16,-1.65113161146436e-07,9.56679298081755e-09,-1.81046741443956e-15,1.30537006464189e-09,2.83763910901493e-08,-6.99411646180007e-09,-6.29763010393112e-15,-2.76556196775959e-08,-3.81930966110606e-08,1.62272688997708e-15,1.12364553168703e-06,8.78310453631702e-07,1.34166802227259e-09,8.50176853292828e-16,2.97088636687455e-15,-3.21440161423175e-08,-5.16387065717168e-07,-4.30605262447438e-08,3.59051423793897e-08,-9.23179909668019e-07,2.83884918414629e-15,-6.54378707335036e-15,-4.01342072255923e-06,-2.45169019253926e-06,-7.10752627445413e-16,-1.45697324655441e-05,-4.208172985661e-15,-2.91967040044659e-07,0.877876063168033,-4.15879383692325e-05,-5.63289333619344e-05,-8.67464794887411e-15,-6.64273562690462e-15,1.35900914674458e-14,-6.74844295586522e-15,-1.29673024116292e-08,-4.21699533685505e-08,-3.59809554932016e-15,1.88302230565296e-15,1.71548422850956e-14,4.86243969861725e-08,4.06012375169227e-10,-1.88297153519255e-08,-2.01877237061872e-15,1.97170838683869e-14,4.62412226565068e-16,-5.42126135264674e-07,1.6416088116201e-08,-8.57186594438859e-16,2.5832919580006e-09,-6.49714791236256e-08,1.96505624972662e-15,-8.26927415543723e-16,-1.87366193531091e-06,-4.19900206437746e-10,-8.82305642357603e-07,2.73963563009284e-15,2.04456782082987e-08,3.18955615868539e-07,3.27656540797095e-07,-9.88738583362238e-05,-6.68545412505621e-08,1.06786272724612e-09,4.56578595245515e-16,-2.42983061245055e-15,-2.03907951832855e-15,1.7982993263809e-08,-1.62549971940586e-08,-2.73869022558545e-07,-4.46340420333492e-09,1.19188468193839e-16,1.38787959139484e-15,1.16044208476028e-15,-1.10523487338823e-15,-1.99047171967102e-15,2.01088896173047e-08,-9.17300522225451e-16,5.23963268729212e-16,-1.44348324952459e-07,1.21630926113791e-16,-1.29076910742787e-07,4.72200636268882e-17,-1.59736787329898e-07,1.54938285663178e-16,-1.87097204249858e-07,-2.323932066302e-08,-4.6341046886218e-08,-4.559186459113e-16,7.27884639541084e-07,-1.56416567731959e-16,2.4578899276498e-07,-3.78413361817e-08,2.09139233421797e-10,8.93060461060925e-17,1.13792912555934e-06,1.3567770722584e-16,-8.05531506404722e-08,-4.10934956682949e-08,-5.0526140880915e-16,7.10964663874663e-17,3.00058927923115e-15,1.79736194565134e-15,-0.00994528884711219,-7.81148823634199e-08,-1.75146091105553e-08,4.77800957914822e-15,-1.02292113584153e-16,-4.04086908010965e-09,3.29364737640565e-08,1.0400308008669e-15,-2.1924412098017e-16,-6.42269410738009e-08,6.78407248686199e-16,-5.42260328013995e-07,-6.77951154630572e-18,1.12023190713061e-07,-1.59680708975203e-16,1.35688393955955e-16,-1.1977996714023e-16,-6.41210251104201e-16,8.36088865689234e-16,-7.44626044886896e-17,2.10104793572612e-09,-1.46894692598276e-08,-4.28763162179246e-17,-9.67505601043663e-09,4.05163884458811e-07,3.50676005058866e-16,6.54964722966986e-17,5.73825236094972e-16,-6.00186742630011e-16,1.60816309685451e-07,2.56389286020223e-08,-1.38754100010773e-16,-3.4231644825353e-16,-7.1106808267025e-08,-2.29580754112365e-08,-3.47072484742882e-10,3.56622047467687e-16,3.62798013635031e-16,-2.35016224429239e-16,-5.15923880361731e-16,2.13868064944715e-16,2.33172283101446e-16,5.96619075340466e-07,-4.70602813264042e-07,-1.08076208055656e-07,-1.34274042088036e-16,-3.53069448580101e-16,-2.7807812841679e-16,-1.60882311874791e-17,-1.87094453702545e-16,-9.30109246173515e-16,1.12039509522302e-16,-3.67890786925431e-16,5.59729573331941e-17,2.81939922120348e-16,2.06992911931876e-16,-1.59094536935608e-16,2.88775544250548e-16,3.72127335986245e-16,1.27715527438356e-09,8.17886370816547e-17,1.36504013114912e-16,1.07537269459922e-16,1.80107601419065e-08,-9.75004338437839e-09,1.17485272659918e-16,-4.6418843493869e-10,1.63633799425831e-08,-1.77780042372987e-16,7.14497243873097e-16,-3.13814692658082e-08,-1.64739798420869e-16,3.98118205072753e-10,1.22264640289574e-16,-8.93991061129833e-17,4.75462956494867e-17,-1.48576574894311e-16,1.73358031171413e-08,-5.29407693094768e-08,-7.42164996411701e-16,-5.42381998223765e-16,8.49346260863962e-17,-6.57231054394793e-16,-3.42607886505419e-17,1.33225428592723e-16,-4.35667809893209e-16,3.17368846154922e-16,6.17961421039104e-10,-9.91120397152866e-17,3.19721088602474e-16,3.46269350754772e-16,2.8654060052328e-16,-9.93717336530383e-17,9.49006453932214e-17,-1.33563059870844e-07,-1.69003302810583e-16,-5.748035479527e-16,9.02562362323868e-09,5.3160767179292e-17,-1.53120466272792e-16,7.93808108445548e-17,5.03648400135081e-17,7.43743131578941e-09,1.46989683723723e-16,-2.45669874264029e-07,-1.31788415487481e-16,3.83185967351403e-17,3.67792475902996e-16,-1.31807220438715e-16,-2.05076576156638e-16,-1.25692977409247e-16,6.47901119158588e-05,9.91794125541018e-17,-2.2434045664348e-16,1.12290174544528e-09,-4.13948343780909e-06,6.94984998661592e-17,1.88589308671022e-07,1.12338211985784e-07,3.21344318077347e-16,1.78447719684832e-16,1.08401055534935e-17,2.95788313348378e-17,-5.49657382976428e-16,-1.86486165010017e-07,3.10375433964103e-16,-1.26491894552872e-16,-3.66820981216859e-17,7.44411620813579e-08,5.02364313836891e-16,7.33270294821472e-17,-1.70974918414426e-16,-1.2229384072989e-16,-3.37875702953066e-08,-2.07323529401514e-16,2.26808090171882e-10,9.58715387002981e-17,-2.40403287867838e-16,-5.4816612631359e-17,-7.40534164216567e-17,3.16998133132282e-17,-4.43181438531432e-17,-5.63836845084876e-17,-3.91294302922298e-09,-3.7978258077401e-16,-9.58517880178696e-17,1.64280057309168e-09,-7.26140052162673e-17,-3.55226981981154e-17,3.16390996777807e-16,4.58052477211318e-17,1.89610473451545e-16,-2.4259031723274e-16,-1.1859542852666e-08,1.33952221669938e-17,-2.51637839604645e-16,3.52499507024895e-09,1.55919618522224e-17,-3.40616425930243e-16,1.61229468925985e-16,3.61712532195085e-16,4.23594682572788e-18,2.21298013577494e-16,2.08597522434657e-17,4.84847131243053e-17,1.87178282713602e-16,2.00945813233715e-16,-2.657564837413e-16,-1.83741627784299e-09,6.08839945289997e-09,7.99786972110505e-17,1.51566918160341e-16,-2.9964468299459e-16,-2.62441660258329e-17,7.04514571681081e-16,-2.95781930203892e-16,4.50511624327683e-16,9.62714802509867e-17,-5.78110908698738e-09,-1.632762320856e-16,1.06384083845341e-17,1.65907170745447e-16,2.37616862135894e-16,6.7091916850122e-10,7.19247254972271e-19,-1.06032661046832e-10,-1.2923969102875e-16,-1.18837382088344e-16,3.66187815636411e-17,1.32134484646502e-16,-1.44399000582297e-16,-7.62988624365908e-17,-3.36692410030373e-16,5.13258248646197e-17,-9.6082079532311e-17,-2.38370824802975e-17,-2.26807157478222e-16,-7.30411911272635e-17,1.86060424793375e-16,1.0585966044123e-16,-5.97987464432277e-17,4.09632556388507e-17,3.16701573883984e-18,6.08072496188714e-16,1.89119153732127e-16,1.30535186401882e-16,2.85362011798185e-16,4.70206331588552e-17,-1.42387442671182e-17,2.32962979993665e-17,-1.18420392525464e-17,2.22650700342181e-09,-1.35820772083273e-16,-2.08049117559526e-16,5.88637938440288e-17,-9.86329361111494e-17,-1.43628901982848e-16,-2.54106178598362e-17,-1.82191015101562e-16,4.10946056027215e-16,-4.65146870101403e-17,7.12823713033938e-17,-4.81385764583564e-17,5.07359892536208e-17,1.16714615135875e-16,-3.34749602417988e-17,-1.8587775302701e-16,-1.69867124431309e-16,1.24443197371097e-16,-2.84502894537023e-08,9.74653909606134e-17,-2.87724628639817e-16,-2.12591643851399e-16,-4.40214220206538e-17,-1.81831980761781e-16,-5.90031368654151e-17,-7.36463159233927e-17,1.42000406198023e-16,-1.32769138764076e-17,1.47580345546811e-09,-5.69187621620098e-17,6.09993000385807e-17,-3.71668789590572e-17,1.17627252529613e-16,-1.02094585842986e-16,-2.98162872171317e-17,1.71514741985424e-17,1.76889045625262e-16,-3.88126741432946e-16,-5.76710492433139e-17,2.39648426576225e-16,-4.04468581131289e-17,-3.24110548631857e-17,3.00216207779923e-08,-3.57393591491556e-16,-4.85625404689966e-17,-1.67770772330168e-17,-3.27429056090622e-16,-2.02463435365681e-09,-4.07018642431741e-17,-2.21954921614738e-16,-2.65391718741376e-17,-5.2351052087346e-17,3.09785107058507e-17,-1.52843250806244e-16,1.91249495806765e-16,6.85975698605694e-17,2.92372647752766e-16,-1.93756276947502e-16,4.52016598794581e-17,-8.1719925508218e-17,2.85284633719451e-17,-5.03553240066422e-17,-9.3136482951792e-18,6.66616613336005e-17,-1.69288836161861e-16
"t260",0.0262476363425926,-0.0024316389024697,-0.00214870502237715,-0.000336821920317984,-0.0111618738015367,0.0947039192391194,0.0161342869970704,0.000102940102251956,0.0242427231925153,-0.018248678036036,-0.00328349413775881,0.00231110855126593,-0.00440076142208707,-0.000910981630314016,-0.023100779144629,0.000497068023812231,0.00034701114627385,-7.1288929038261e-05,0.00266090564018511,0.000394579848716191,-8.40958779044826e-05,5.8910751352644e-06,0.000686832482081702,-0.000140542238606104,2.86149742876862e-05,-0.11883577458872,-0.00810892381179952,0.000520823917735827,-0.00228674595547716,0.00404022678978505,0.000106930132513659,-0.00395138929176055,-0.000200317922864352,0.00172535527880582,-0.000173298699510646,-0.000152903593203232,-2.73003240239077e-05,0.00141802240805757,0.000294696348326758,7.43204992334408e-05,0.000221222982664548,-0.00038873215701781,1.81565800992033e-05,-0.000308574150105008,6.72635670772739e-05,-1.34910066083988e-05,2.47971608056276e-06,-3.66293484541003e-05,0.000498866618386197,-0.000957506790121532,5.66625178811169e-05,-5.41000551815665e-05,1.03965801099021e-06,-2.34961702180632e-05,0.000621593502623709,-0.0311447112603592,-2.32425716517669e-06,3.81414244179468e-06,-1.0982116705414e-05,1.77777492391291e-07,7.80087630344681e-07,-1.7505976302713e-05,5.47949374764207e-05,-4.42538242386855e-05,6.4510239092524e-05,-2.64763330615731e-05,7.56071803694688e-05,-0.206461721246104,-0.00224127074486841,0.0629908372791655,-5.81688534947783e-06,4.85201918686506e-06,0.133966825320716,-3.89178444102219e-05,1.58298847719768e-05,1.35242557924776e-06,-0.000123540094248631,1.6764913959268e-05,-0.000623553072933448,-0.00738809025978728,3.1035444460993e-05,0.00285271184977862,-0.000202560189740457,-8.18351841860461e-05,6.32662732758465e-05,0.000172019374107604,-2.61831300184294e-05,-4.64337773694548e-05,-9.17479469672028e-07,3.51381840899383e-05,-8.69339813360606e-05,5.4523681920814e-07,0.0355824615920892,-5.22364001971862e-05,-2.86192718306796e-06,-1.14747332521504e-05,-1.34128044898202e-06,4.04281389820997e-06,-2.43003829281974e-05,0.000515227553946987,0.321083879568763,2.20393460946504e-05,-0.0229725333746801,0.000215713649898637,-0.000119590953245833,3.2920636191143e-05,-0.0446683694809931,-0.000124637098770612,0.00203256562441631,-2.45526752048179e-06,-6.44613518286843e-05,-4.14229599005288e-05,1.13127507298294e-05,3.26840786238786e-06,-1.4707156756835e-06,8.16146991652437e-06,-0.000148765685029559,0.000214155021127857,-0.00180091896483085,0.000117116732994066,-7.64544400194036e-05,0.000331607668741436,-0.0186471912506801,-0.0795659911272223,-0.000315361666433923,0.000397223134680028,-3.78693305621049e-05,0.000223422900695109,-0.000111584541621567,-0.00382158956629846,-2.50765249708172e-05,-5.22059799695093e-05,-3.22631307236232e-09,-9.66946220799344e-06,-1.71150331699418e-07,-4.11073998036628e-05,2.27646254775914e-05,2.74800560149191e-05,-0.000455233340065884,0.0016352786860506,-2.64679762193206e-05,-2.71754771700458e-07,-0.000567031490868213,0.000669351598919479,-9.29850510839187e-07,5.44115464026657e-07,1.55852410532438e-06,-4.6098415481012e-06,-3.27079061021407e-07,0.0720092218147332,-4.89899254845356e-06,-2.01325837476954e-06,-1.65259732241916e-07,3.25896397661046e-06,9.53871961617112e-09,2.78837822111255e-09,7.91473633790872e-08,-1.54096944200224e-06,-8.8502451624967e-07,-2.9806370313797e-07,-1.58070993114747e-06,2.34119560924476e-07,-1.73973903908211e-06,-2.57213568817781e-06,1.79259612003722e-06,-1.25864840805037e-06,2.07376663094347e-05,3.55144944962599e-07,1.76651637837207e-05,1.78140515638977e-06,-3.0681565048549e-06,-5.403106549203e-07,6.39693193373261e-08,2.13690490076527e-06,4.26885295522785e-07,0.00121124500799518,3.19345970251647e-08,-1.33881002023002e-06,-1.23448059081885e-05,-6.0071120349369e-06,2.38178477982407e-05,6.15994619514337e-06,-1.26096627695668e-06,-4.90434990079805e-09,-1.44683189870483e-07,-3.77081275899997e-08,-6.42006338500954e-05,1.49731689713406e-05,6.71324114854268e-05,-6.3586797046917e-06,-1.91697755488998e-06,3.85585618748083e-06,0.000706208224895254,1.85372198847574e-09,1.86222086416673e-07,-3.40560778493057e-06,-6.31261632013656e-06,-3.70682709071308e-07,3.8155952881929e-06,1.66643037858958e-06,1.66186700572426e-06,2.38126600480506e-05,-4.85312474419496e-08,-7.65806967553412e-07,-1.31328287847314e-05,-5.55873748471812e-06,8.61930948480435e-06,3.93156261174841e-06,-6.65876071657661e-05,-4.03125542835822e-08,-0.000291892795611035,4.21813786152809e-06,-2.08721919379507e-05,-3.59298472543441e-05,-2.07312712454018e-07,-1.54853406725608e-06,4.65713383166553e-07,3.0256547146166e-07,-8.25493885747878e-06,-0.00172756851138821,-2.13200430901267e-05,4.36571494326629e-05,1.15423358878192e-05,6.36358277430194e-05,-0.145223964095237,6.32475150933458e-05,0.00608785764748505,3.34891608303236e-06,4.23131240136222e-05,2.37033002621407e-05,-5.19650720703743e-06,-9.90506464335816e-07,-8.46535919764824e-06,-0.0048225019862871,3.19961545860568e-07,5.71562358487063e-08,0.000687193869956399,4.82591881588441e-17,1.35038947129689e-07,-1.87871660494755e-06,3.02722521797155e-07,6.59616410576532e-07,0.000245019987371539,3.34636556901338e-08,1.54289610020756e-06,-3.920729505504e-07,7.24981364433394e-08,-4.21780385989155e-09,7.7080710108696e-08,-7.64076448683496e-06,1.85736074525162e-08,-1.92387723308199e-06,1.23394356709187e-06,-2.54986833069673e-09,1.18477770346195e-10,-4.04435279632222e-09,1.35535781576665e-09,-1.91826455699513e-08,-4.59765749953149e-09,-2.4697560651778e-09,1.12566077165826e-08,-2.34838785493266e-08,2.91726865629685e-07,-1.88325102801522e-08,1.99419019542751e-08,-6.73481334118956e-09,8.33670415719610e-11,3.35251044264081e-07,-5.26071614181916e-09,3.466982736799e-09,9.22025981814156e-11,-3.98373086638483e-10,-1.67402412508943e-11,2.46332853505904e-08,-4.49867819361457e-08,9.68300618239365e-08,-9.50249717537085e-08,8.36778377265016e-09,-6.09777442201016e-05,5.21795957557017e-09,-3.37013252586011e-07,2.32334139752085e-15,1.19962917835966e-06,4.24448522455359e-08,5.23596560296563e-12,5.56083967080614e-08,-3.07666940119267e-06,1.03500191047928e-07,1.84819382554274e-08,-3.18333965186487e-09,1.50299681338247e-07,-8.98893573793897e-06,-2.21992333862164e-07,2.283300445876e-08,-3.57254678256115e-06,4.46642855466423e-06,-1.36989141789839e-06,3.67870231057803e-06,-6.24754613321875e-07,-2.58077938961239e-07,-1.70624609730038e-08,-1.73145019766713e-05,2.13612442576209e-05,-1.17535936808683e-07,0.0123095810892559,-3.30159411036339e-06,1.43001370599579e-05,-0.00104567807588421,-3.5914559927756e-05,-2.46957942292881e-05,1.03350699180218e-05,0.876031435218358,6.54910187656502e-06,-1.61062643837001e-05,3.81238888772162e-06,2.79133198531597e-05,-3.79121542525735e-05,8.26360997902909e-16,4.75313453365235e-08,2.41579906481379e-06,-2.11601974956714e-07,1.23352323526144e-05,1.37170610460521e-07,3.20098855746465e-06,7.40254572058503e-06,-9.76830220286963e-06,0.00285096696403616,1.47126293364658e-15,-2.08640208921792e-05,-1.67251517024213e-08,-7.02449196352537e-07,2.92022946602501e-07,0.000149003092105018,-3.33988581235131e-07,-1.240297517643e-05,3.23941665417425e-06,-1.29507533790611e-06,1.87958830151562e-05,-2.48074707877023e-07,-6.67607101258469e-06,-3.08674450334138e-08,-4.31848674742742e-09,-6.50847841602573e-06,3.40989291470443e-07,-6.95194444833677e-06,4.08504181227735e-16,-1.71117860781088e-06,1.33229339243702e-07,3.83929585081166e-09,3.30161513906459e-08,-1.214416324995e-05,-2.40473648178234e-05,1.06486618307737e-06,-3.86583500167166e-06,-0.000178832479322366,6.73263966446199e-16,-3.8471176754057e-06,-1.33292540713538e-07,-4.77338945766667e-06,4.57104095235644e-14,1.43435069931986e-05,1.12070886464142e-06,-1.70998183187609e-07,-7.18634284963625e-06,-2.37670981275107e-06,-1.26184890672088e-06,-3.9916139463439e-06,1.24861176501629e-06,8.82605309433079e-07,4.85641667214857e-08,2.66882487887317e-06,3.39932434373119e-07,6.21393168634802e-17,-1.34719901982109e-07,0.000137586193957337,2.07664441093499e-06,-3.11938840114076e-06,1.76016052392396e-16,-2.62783424469121e-07,4.75982190713741e-08,-1.28734391603304e-06,-7.63308818761209e-08,-2.86993354394807e-06,2.67343065646935e-07,-3.50435112129967e-06,5.32320789551852e-06,1.95569883129319e-16,1.89064915578441e-05,-3.17871484216962e-07,8.91294888693143e-07,2.31718391390488e-05,-1.90722651094101e-07,-1.5777625781161e-08,-5.8113236445223e-17,5.67146910811156e-18,-1.51103036785951e-08,-1.69871698414173e-07,2.23829276752149e-08,-2.53570364117245e-06,1.20576312450046e-14,-1.1929214240108e-06,-1.40425866235741e-08,3.87132878832484e-16,-6.16441141706218e-17,-5.72076470232221e-17,2.96571256124349e-06,7.7946617082053e-07,-8.66319961230883e-07,1.04364300591125e-05,0.00119394070328998,6.24308711817124e-07,-2.72137877974681e-07,-3.73507461901288e-16,-6.0783715827771e-08,1.70712255822652e-07,4.10314975501913e-17,-3.8881801032541e-17,-1.0660860539231e-07,-6.4277733839484e-10,-6.28039155227065e-08,3.82115534411598e-06,6.19189400234238e-08,-2.60939967957082e-07,-5.208907595653e-16,-0.000280494725849159,1.58946777244847e-16,-2.92740206766909e-06,5.32885367776625e-16,-6.82713240629945e-08,-4.57576168983322e-17,2.80096077641463e-07,7.37424159049812e-08,3.46932599527593e-07,0.00012109021463331,1.87735994036966e-07,-2.23954346128271e-08,1.42269365635799e-07,4.96145845641348e-08,2.67969465341769e-06,2.46653573311944e-07,4.95504707142001e-08,-1.3912790585798e-07,-2.66164467511916e-06,-2.15595573167018e-07,-6.62413203480558e-08,-6.80421188203223e-17,6.18980795231201e-07,-1.06571920958229e-07,5.54003247807008e-08,1.21145508617089e-16,1.09756857524059e-07,0.00090699927045343,8.35319378908662e-07,6.84448707507542e-17,-2.08759817068685e-07,-1.27901324569393e-06,-3.51768077440777e-16,-1.51958021127366e-07,3.4041737916899e-07,-6.85554045941606e-17,8.59931190656665e-17,-1.24821249725727e-08,-7.47297972177506e-07,-4.25676540186541e-09,-5.90475030549213e-06,4.18762327157306e-05,4.07979828641275e-08,4.41259848974987e-07,3.66434292855664e-07,-1.47266730662776e-05,3.27971157176865e-17,1.68249351156063e-09,1.29459970278507e-08,3.57288009028053e-08,3.3425998373955e-06,-2.5720636138359e-17,8.64737976522437e-17,1.09873426437693e-06,-7.5597954654455e-17,-1.4717293856458e-17,4.64689282172446e-07,-6.83066822767316e-07,-1.2788236421077e-07,-7.56317757594913e-08,3.26723696246868e-06,8.53441998838931e-07,2.64285252549642e-07,1.0325385492688e-17,6.06018912636975e-07,2.82759163593805e-08,1.29709752235382e-07,-1.16928495801221e-07,4.60676743343858e-07,-6.74636917461887e-17,-1.69956514259678e-17,2.0315834863152e-16,-4.47794802748969e-07,-1.94755828133551e-08,-3.3107489682575e-05,-1.83791437486778e-16,-1.4730856796218e-08,7.71025677049732e-18,3.00160271622963e-18,2.50907111665719e-06,-0.000184298007049237,-5.3624639451133e-16,-1.43862636532666e-06,-6.66460964287361e-08,2.36144917616786e-17,1.50577706311373e-07,6.49802158438926e-12,5.91400294840025e-07,9.1883742564803e-17,5.89807246738142e-07,4.59009339175269e-07,1.66151014541038e-08,1.73950201634354e-07,1.19373209896092e-06,-5.35561840010301e-08,4.32275543886592e-05,8.68591469206396e-19,9.66695995488615e-07,-5.45543595904447e-08,3.49789758476662e-16,-7.18558327615541e-09,-1.46367841583312e-07,3.39927038880032e-08,-1.19443367052161e-16,1.08878484798605e-07,1.43982328655806e-07,-1.37782786689907e-17,-6.41549701046679e-06,-8.81810479322954e-07,-4.13158161293284e-09,1.96594296586143e-17,-1.1124504780614e-17,7.37432333078736e-08,2.50610874278905e-07,2.02721791586707e-08,-2.92633726481173e-08,1.47883395526924e-07,-4.41187627326274e-17,-1.07649700748881e-16,5.39684964359226e-07,3.71983579670243e-09,-4.52307561697092e-17,1.30337188816278e-06,3.81301966452009e-17,6.07279800971666e-08,-2.49066876687742e-07,-1.45518575851325e-07,-9.64506583035793e-07,-2.26318850414532e-16,-7.20357007596604e-17,-3.6769983561419e-17,-2.13375844699311e-16,-6.97269757404556e-09,-2.41827607988854e-08,3.75366854911943e-17,-1.04754078895559e-16,-4.86178971170214e-16,3.40215251451161e-08,3.05673439888069e-10,-1.68213756173822e-08,5.48474436253329e-17,-5.12190658809308e-16,1.32614188727564e-15,-7.20293837384155e-07,2.2039800583167e-08,2.59505324772523e-17,3.86435734628258e-09,-1.01063315852995e-07,-7.99076899575868e-17,2.70573625163577e-18,-7.73621646662343e-07,-7.14962338093049e-10,-3.83080030601162e-07,1.59836356644151e-16,3.88811170000495e-08,1.63049946287743e-05,1.74794480481203e-05,-6.12175312601673e-07,-1.48734078150989e-07,2.42057173062448e-09,2.52180711164697e-16,-4.2855350750833e-17,-2.52836879755608e-17,4.59583661046057e-08,-4.16106684475633e-08,-1.73644123982259e-07,-1.23291658889162e-08,2.04534075910736e-16,2.49261413595134e-17,-2.2169457328519e-17,-1.70205871309262e-17,4.52542292443732e-16,5.88229548647927e-08,1.24529545485636e-17,-7.29489349748654e-18,-1.05394245314777e-07,2.07525014496429e-17,-9.4345755915857e-08,-6.02000924584546e-19,-1.16967587941304e-07,7.88389185064351e-17,-1.4173041315516e-07,-1.77437039404832e-08,-1.46422134306661e-07,1.77264199366952e-17,5.71372934239773e-07,7.10519728889141e-17,0.000668026609954111,-1.26921128299514e-07,7.0255312896267e-10,2.61736871323163e-16,1.13500177574687e-06,2.34466658176483e-17,-8.08051119581022e-05,-1.41259243925443e-07,-1.79401314678734e-17,-4.53035714833422e-17,3.79463667919541e-17,-4.10159189150733e-17,-5.2865371966859e-09,-6.88484466203271e-08,-1.53746148513778e-08,3.26597313734388e-17,3.43630908887096e-17,-1.4704147395393e-08,1.19944712514627e-07,-6.95925031476081e-17,9.65743486493822e-17,-7.00515516784658e-08,-9.69108900001474e-17,-4.96402163866116e-07,3.31495623095682e-16,4.24084907056064e-07,-6.20070794927556e-17,-1.73767812787023e-16,-7.00896272619819e-17,-3.50527023082562e-16,-2.13783511252379e-17,-8.91887826827098e-17,8.15076574287049e-09,-5.70046388225624e-08,-8.0924363155943e-17,-3.79455259582759e-08,4.07847346634463e-05,-1.08353683510427e-16,3.71943322261572e-17,9.5222905452061e-17,-6.45014934006762e-17,1.56313011143641e-07,2.50016073428445e-08,-7.39933667638909e-17,1.04770694583238e-16,-7.29082739287182e-06,-9.16122499518925e-08,-1.38792705416327e-09,7.42143527578576e-17,-2.02093375503341e-17,-5.36491277194166e-18,9.94336156378112e-17,-7.69318422071961e-17,-1.70367196160736e-17,5.97958662107541e-07,-5.65527234833327e-07,-1.08734923005596e-07,-1.18156033330871e-17,1.08643826786696e-16,-1.04025595901779e-16,-9.27384183114281e-17,-9.71939612372928e-17,1.85762323582023e-16,7.95494739453366e-17,-1.24871362173273e-17,-1.45520119751996e-17,-5.61624264646622e-18,4.09641297362238e-17,1.42545573539932e-16,1.30810909949901e-17,5.11532847907796e-18,5.39666503039823e-09,3.41815683837714e-18,-9.25594563746061e-17,1.28958736553752e-16,7.63746702936316e-08,-1.01496693150055e-08,2.22695347401653e-17,-1.97095819285185e-09,6.97728262408408e-08,4.77992736507866e-17,4.23573381640187e-16,-1.34493964887669e-07,-2.80490462970101e-17,1.71657971839809e-09,4.90633581409124e-17,3.98156516630041e-17,-6.62658599169304e-17,2.01216759789088e-18,1.85107775568213e-08,-2.30483479823393e-07,-7.06189764530458e-17,1.16768660202527e-16,1.16846639448479e-17,2.25603905601066e-16,1.63606107828063e-16,1.87531631909323e-16,-1.26899787856408e-16,-1.00207866665865e-17,2.76636571793885e-09,-2.10682406313903e-17,-3.57370546296229e-17,6.66206908252745e-17,-1.73022832182956e-17,-1.63503608331779e-17,-3.30969751846096e-16,-9.6252738115797e-07,2.13324316874116e-18,-1.0679504662799e-16,4.06571331739336e-08,-1.19265914601327e-16,1.35922483058541e-16,1.12392087826758e-17,-2.25254576141001e-16,3.38601456443684e-08,7.52934137603517e-17,-2.75291100442667e-07,3.52450564201703e-17,-2.06611079504279e-17,-3.46563717378527e-17,-7.07376166614261e-16,5.5516694609393e-17,-9.25694408097303e-17,9.94152763659169e-09,-9.02348524034015e-18,1.59002093515184e-17,5.09339410683617e-09,-1.24047370478199e-06,3.01764181689833e-17,1.39056013810977e-06,1.27199203568947e-07,-1.79332429464539e-16,-1.33814236336042e-17,-3.4004619865521e-17,-4.00788241924421e-17,1.97358611894424e-17,-2.13281870329625e-07,-2.33211372814741e-16,8.20295098107946e-17,-1.13670173425319e-16,8.5348937320189e-08,-5.0092828691472e-17,1.32093968928967e-16,-7.67713533294725e-18,-1.51249011233059e-17,-3.88625756250062e-08,6.75711565210056e-17,1.06196440507967e-09,-4.53050383065065e-17,1.03008089916471e-17,1.32875966249654e-16,4.81556124352402e-17,1.03651532098191e-17,-2.99485206188078e-17,1.47202280370909e-17,-1.84092590445484e-08,8.27159811646403e-17,4.14316929295508e-17,7.73780710230297e-09,1.22844541525611e-17,-6.76731727631799e-18,1.09063182852821e-17,1.54873860283856e-17,-1.02949842853496e-16,7.70063690870591e-17,-5.60572316582102e-08,1.38755993211945e-17,1.97621705335695e-16,1.66873832327433e-08,-2.20427743435292e-19,-2.2325995457853e-17,7.53554472902947e-17,5.0902158042744e-17,-2.34619568420688e-17,1.31787880938072e-16,1.8793751883967e-17,-9.61055939237206e-18,1.05500878503004e-16,-2.16153261375889e-17,3.61888394209667e-17,-8.74570781295836e-09,2.89976827588389e-08,-4.62386891957911e-17,-1.14871890896171e-16,2.59566054770079e-17,-5.26828101438649e-17,-5.0073877336243e-16,1.20553642914318e-17,-1.73956866574617e-16,-5.66969686631491e-18,-6.9789521787078e-07,-3.34936062884201e-17,-1.51878238870426e-17,2.00840888337116e-17,-9.66681028993058e-17,3.2140625258986e-09,-1.65210294563428e-16,-5.09397334501083e-10,2.71753242459339e-17,2.26522157648993e-16,-7.27997054538455e-17,3.01689802991656e-18,1.34575490068975e-16,-2.28050814949062e-17,2.0902271717624e-16,5.36995865221435e-17,2.05030431670702e-17,-4.74561614597031e-17,1.05397285129971e-16,-1.76888602567507e-17,-1.34235738342598e-16,-1.11212307470708e-17,4.06813231666268e-17,-7.23622770648767e-17,-2.28315444254319e-17,3.90202990433868e-17,-4.25453298419499e-17,-1.40477412563113e-16,-1.18172615790058e-15,3.12547955027667e-17,-5.26021947447776e-17,-8.26166219377439e-18,-2.79703238247739e-17,2.65976508459139e-09,3.85247470020953e-17,2.37074355040491e-16,5.99189954704666e-17,-1.09798144186868e-16,1.9384547070548e-17,4.35536985933465e-17,-7.65251875422457e-17,-1.44703214796381e-16,3.90914019033524e-17,8.31404008069267e-18,-6.4363661969602e-16,-1.1975302356157e-16,1.14203710942595e-16,-3.45010699475598e-17,-1.36072606932918e-16,-1.53087881894277e-17,-2.26377577575304e-17,-3.41914591696608e-08,-4.43890012325611e-17,8.07577445615489e-17,2.48029610912778e-18,2.92319621343742e-17,8.29652938830126e-17,1.06653324900041e-16,1.61185231182452e-17,1.02633226792142e-17,-1.73434593383867e-17,1.15686005652413e-08,-2.10328635883494e-16,-4.62161375949913e-17,-4.2530353788468e-17,1.48366967642374e-17,1.15962171874153e-17,-1.61873558381413e-16,-4.83969115742509e-17,8.83623163798473e-17,8.60082101802641e-17,1.42249127064324e-16,2.2743925270324e-16,9.98565519967796e-17,-1.13965556154229e-16,3.64684039368736e-08,4.61414309544548e-17,2.04437888892332e-17,-1.44532454738345e-16,4.87782557401228e-16,-9.99443248136124e-09,-1.19848281643814e-16,-3.48337498369244e-18,8.36113782222636e-17,1.16340766108458e-16,-2.79160095768164e-17,-3.50122691319799e-17,1.45162559169863e-16,6.76061666011433e-17,5.39696953375093e-17,-1.11134928586851e-16,5.68615753714621e-17,3.62040838920489e-17,-1.18030114647157e-16,-7.68594799163395e-17,4.79082319086413e-17,1.40878542745651e-16,-1.8792269601687e-16
"t321",0.0262689292706131,-0.00243580110231031,-0.00215250216662189,-0.000337620305841241,-0.0111942903727652,0.0950268135379028,0.0161903820388505,0.00010332660269205,0.0243503164163389,-0.0183469992749797,-0.00330597837084123,0.00233064497536735,-0.0044390615572875,-0.000919031242004956,-0.0233138976683219,0.000501927562030579,0.000350485652909992,-7.20158134246352e-05,0.00268867309620465,0.000399058016348351,-8.51293875755939e-05,5.97873250385094e-06,0.000697636474138323,-0.000142765869190447,2.906953221089e-05,-0.120815425965285,-0.00824564000338003,0.000529685521504429,-0.00232672114611521,0.00412397404326973,0.000109298014246123,-0.00404299192456208,-0.000205308087024556,0.00177044474324817,-0.00017806730461314,-0.000157460451661912,-2.8124666683651e-05,0.00146154831301632,0.000303806032811599,7.66535222148565e-05,0.000228375671441346,-0.000401618964886712,1.87678651544303e-05,-0.00031897628675727,6.95724327303257e-05,-1.39851191088342e-05,2.57230344100699e-06,-3.80093467206419e-05,0.000518134461451881,-0.000995480122121214,5.89886809245891e-05,-5.63564912836077e-05,1.08312075922022e-06,-2.44977505332701e-05,0.000649101788001182,-0.0325307267433941,-2.4382455172577e-06,4.00602699834153e-06,-1.15362772370728e-05,1.87308827140446e-07,8.23804565808818e-07,-1.8508306479385e-05,5.79866417524947e-05,-4.68426179457993e-05,6.84046284087021e-05,-2.81195887507747e-05,8.05868157523794e-05,-0.220416985038797,-0.00239457028251215,0.0673913787490831,-6.26907590961361e-06,5.25921204560609e-06,0.145339177063384,-4.22997477837065e-05,1.72094861802189e-05,1.47147551439449e-06,-0.000134458108933951,1.82754263174718e-05,-0.000682194714703988,-0.00809481147672644,3.4090439126461e-05,0.00313525064746986,-0.000223529331830682,-9.04185895571825e-05,7.02777204558828e-05,0.000191366249991761,-2.91717472274321e-05,-5.17464991263775e-05,-1.02251815542364e-06,3.91673018764319e-05,-9.69580702475245e-05,6.11453962850571e-07,0.0399241210236201,-5.88123632642325e-05,-3.24165687683281e-06,-1.30091547533766e-05,-1.52070400707718e-06,4.59435654362667e-06,-2.76396909173488e-05,0.000587976542749225,0.367421231598784,2.52261118475529e-05,-0.0263014563375719,0.000250102420365981,-0.00013878969942958,3.82343924142567e-05,-0.0519481013789362,-0.000145004097741283,0.00236628684742293,-2.86128832491499e-06,-7.51459971659092e-05,-4.83842044473642e-05,1.32170095514001e-05,3.8386214038276e-06,-1.72924684325013e-06,9.61996942398953e-06,-0.000175547094950948,0.000253489933156726,-0.00213809875604422,0.000139361108937581,-9.10940021103882e-05,0.000396894828307101,-0.0223844747910551,-0.0955235090726628,-0.000378771301756056,0.000478556346871024,-4.563492034088e-05,0.000269954985657426,-0.000135866358024166,-0.00465360630908086,-3.05553926430422e-05,-6.39479672316899e-05,-3.95607681418808e-09,-1.18655657060969e-05,-2.10675423130382e-07,-5.06225801052246e-05,2.82213667167334e-05,3.42532678384233e-05,-0.000571746316881587,0.00205425726351705,-3.32930053137724e-05,-3.42058477809358e-07,-0.000714495342827044,0.000843773874171927,-1.17216111152875e-06,6.87950852631057e-07,1.98236740188958e-06,-5.8999212784785e-06,-4.19266540051945e-07,0.0926250161512362,-6.30328726217833e-06,-2.59380270465435e-06,-2.13081126436362e-07,4.20577240451004e-06,1.24125434634174e-08,3.63333837604529e-09,1.03229817980787e-07,-2.05516251089188e-06,-1.18698554870076e-06,-4.00107245292049e-07,-2.13214934386244e-06,3.16108727503679e-07,-2.36385035619e-06,-3.49756117519043e-06,2.45285456862045e-06,-1.73284369641933e-06,2.90781888182694e-05,4.98310584923923e-07,2.47905362617753e-05,2.50637642878359e-06,-4.32987658369623e-06,-7.62836885746575e-07,9.08640923156003e-08,3.04116479945672e-06,6.10072385625138e-07,0.00173281072380614,4.57099828973157e-08,-1.93543621217965e-06,-1.80345589083126e-05,-8.7919283067766e-06,3.4920799665726e-05,9.07890567262022e-06,-1.86227618252949e-06,-7.25757976574746e-09,-2.14512507047135e-07,-5.62681793331391e-08,-9.59547528718689e-05,2.26982654491516e-05,0.000101816527270188,-9.69080356574404e-06,-2.96165280728334e-06,6.02698528872353e-06,0.00110838683819923,2.9274074024779e-09,2.95456546271654e-07,-5.48030638847967e-06,-1.01900830218828e-05,-6.02387554842746e-07,6.22165794035123e-06,2.79142693829264e-06,2.78741888859571e-06,4.04188959367146e-05,-8.33693974664584e-08,-1.35563552052106e-06,-2.32511165413822e-05,-9.86972119551606e-06,1.54399919470423e-05,7.08679511117558e-06,-0.0001220774434282,-7.55323823211726e-08,-0.000556942049822387,8.09468308767605e-06,-4.1137356907773e-05,-7.19139755060608e-05,-4.15109665704191e-07,-3.13910246149349e-06,9.75275604146536e-07,6.37730475339089e-07,-1.80336188347618e-05,-0.00387397636888417,-4.825673854104e-05,0.000102853395981025,2.74646914394517e-05,0.000153107620408636,-0.361893575723898,0.000158772108233713,0.0153102627556003,8.7785800239826e-06,0.000113902164441327,6.58097844117154e-05,-1.46387290609286e-05,-2.83358520168863e-06,-2.45773515934952e-05,-0.014060609281055,9.71477075310238e-07,1.78211427205729e-07,0.0022079468776748,3.14313493209675e-17,4.54076565355228e-07,-6.37737672672112e-06,1.10118592264972e-06,2.54335446792344e-06,0.00099493731614487,1.36322679695172e-07,6.9972740355999e-06,-1.81334761419824e-06,3.3840838453982e-07,-2.06068782857775e-08,3.89003912003314e-07,-4.10640104724908e-05,1.02815956853421e-07,-1.0783997585101e-05,7.43434353477677e-06,-2.28487959788281e-08,1.29674865474456e-09,-5.45850721823292e-08,3.85309746633919e-08,-5.93308413841108e-07,-1.1902153847072e-06,1.96978502012635e-07,-3.08250937400366e-07,5.29465908306894e-07,-5.54142267750527e-06,2.9296984505203e-07,-2.43744485578483e-07,8.03308855285462e-08,-6.40451062484955e-10,-2.55408115829399e-06,3.97070122557524e-08,-2.38221349177057e-08,-6.12871582363342e-10,2.39633472206775e-09,9.89328103122405e-11,-9.08579062082124e-08,1.58927493948967e-07,-3.30879610176414e-07,3.0165625757028e-07,-2.51065836967561e-08,0.000162228673983744,-1.34270959070112e-08,8.45046055506505e-07,-2.4763887488081e-16,-2.75979858061102e-06,-9.65754300134693e-08,-1.14966833324781e-11,-1.12591451888445e-07,5.82512976880418e-06,-1.89964999523429e-07,-3.3410313929765e-08,4.77349786691526e-09,-2.22789332479207e-07,1.3282919955586e-05,3.114286831874e-07,-2.77807086310128e-08,4.24367948004115e-06,-5.21828640573992e-06,1.5161806648001e-06,-3.33297591084667e-06,5.2160658433676e-07,2.14450298323793e-07,1.41581010143798e-08,1.1773294158465e-05,-1.15497777398408e-05,6.17044846109804e-08,-0.00618839902290366,1.57428055519551e-06,-6.70820904580752e-06,0.000427159058723644,1.45166538409413e-05,9.7895112993767e-06,-4.04244738918754e-06,-0.327814569267596,-2.33214383010634e-06,5.47472562404073e-06,-1.26955123423984e-06,-8.97437808646685e-06,1.1293101292064e-05,-2.40688214863622e-16,-8.3527512870429e-09,-3.99277555118637e-07,3.17685777009944e-08,-1.84651433446869e-06,-2.04701016802312e-08,-4.66113310172778e-07,-1.02812560676965e-06,1.28002514553431e-06,-0.000329530842736371,-3.47520457284996e-16,1.71945039886531e-06,1.31286845264447e-09,4.93486302172444e-08,-2.02318642471716e-08,-7.41290402387918e-06,1.31711959547912e-08,3.14875917479883e-07,-5.20341937342608e-08,-4.15698810322834e-09,3.74715853073143e-07,-7.47977470298165e-09,-2.38705458508843e-07,-1.20953004631818e-09,-1.95125961314222e-10,-2.98334384128663e-07,1.70518625679411e-08,-3.69868672320779e-07,-1.71801799105584e-16,-1.30033341680097e-07,1.07239709394536e-08,3.09202256773963e-10,3.0683403388828e-09,-1.15077182435315e-06,-2.79176269082712e-06,1.29765651407263e-07,-4.75436192919411e-07,-2.27460557058137e-05,-3.07729725467154e-16,-5.0746898197766e-07,-1.78135823264356e-08,-6.68353042577363e-07,6.39787822565493e-15,2.10464466546231e-06,1.66187965316334e-07,-2.54943273126652e-08,-1.08328113510765e-06,-3.64785309594229e-07,-1.96244943126069e-07,-6.27100137554344e-07,2.01939185742184e-07,1.43223550590097e-07,8.03229156411933e-09,4.55799293963664e-07,5.81482793370895e-08,-2.63841660320782e-17,-2.44178628016374e-08,2.51746995833942e-05,3.87765433053888e-07,-5.99855732699544e-07,1.01725003198926e-17,-5.35638840829162e-08,1.02841612468823e-08,-2.8492461066018e-07,-1.70778181528538e-08,-6.50270598804491e-07,6.19572456465513e-08,-8.40528522916071e-07,1.37581031080635e-06,2.50222120198129e-16,5.16839652732226e-06,-8.72889292874381e-08,2.47031047400613e-07,6.50292695220324e-06,-5.35746056011441e-08,-4.44726038323486e-09,-3.0964814046186e-16,1.38401061665392e-16,-4.34171950083272e-09,-4.95922708826393e-08,6.54708671754907e-09,-7.51850522169818e-07,3.67679971582853e-15,-3.63746967474538e-07,-4.33233077633931e-09,-5.56374028987979e-17,-1.09175124964458e-16,3.75522056353255e-16,9.46745179594074e-07,2.49851357321675e-07,-2.8153525892924e-07,3.42976606912178e-06,0.000392873476392964,2.07795426769569e-07,-9.06956017726458e-08,1.94606836137869e-16,-2.07034874203712e-08,5.85718738338396e-08,-8.97986867838892e-16,3.76395002449373e-16,-3.75739364494806e-08,-2.27931462648776e-10,-2.24484901592545e-08,1.37295138919622e-06,2.24642179413838e-08,-9.48141762970829e-08,2.85209709091204e-16,-0.000102131561300848,-4.9080037878967e-16,-1.07219999192322e-06,-7.43600059999183e-16,-2.51118359633112e-08,2.85476131197908e-16,1.03574118941377e-07,2.72974120721477e-08,1.30183182446291e-07,4.55654596786663e-05,7.0725896295885e-08,-8.47922629179759e-09,5.40944146512188e-08,1.90462503566998e-08,1.02877786085082e-06,9.4966061168292e-08,1.91764995088679e-08,-5.4207424436147e-08,-1.04276928086837e-06,-8.48246526512595e-08,-2.61159663416006e-08,-3.85514922657056e-17,2.45569802096837e-07,-4.25294732516763e-08,2.24612270004809e-08,6.14286424776478e-17,4.4694466783147e-08,0.000371729144943797,3.432742684088e-07,-9.03593951712878e-16,-8.59075962785568e-08,-5.29160338982834e-07,1.671973525558e-16,-6.30319464703045e-08,1.43331159421825e-07,-6.70423825988134e-16,-1.18733765764968e-16,-5.28492354564644e-09,-3.16561599588316e-07,-1.80734561516539e-09,-2.51374276972359e-06,1.79330034237282e-05,1.7480046514693e-08,1.89193623814888e-07,1.58306949315792e-07,-6.40045601493034e-06,1.56558793706907e-16,7.3286537175731e-10,5.64120304965935e-09,1.55894593267549e-08,1.46078257550896e-06,1.41365776720164e-15,-2.07638688220502e-16,4.81203802151696e-07,4.51255271523155e-16,-5.47159675121727e-16,2.06193960881433e-07,-3.03755406729646e-07,-5.68710537520192e-08,-3.37927630836319e-08,1.46073962941226e-06,3.8161412827829e-07,1.18276575126193e-07,3.70308299377747e-16,2.73664216534777e-07,1.27927228673228e-08,5.8720051926668e-08,-5.30953407522082e-08,2.10331541993396e-07,5.13493795184074e-16,2.56870061268859e-16,-1.18168187808242e-15,-2.06022834866764e-07,-8.98950392662033e-09,-1.52854391451755e-05,-1.75204038855563e-16,-6.82216104740236e-09,-9.19840446820944e-16,4.84698989132198e-15,1.17741525617534e-06,-8.64982587063779e-05,1.74620517698343e-14,-6.77323610750191e-07,-3.143464566049e-08,-3.36555029330438e-14,7.12832504076999e-08,-0.707106781191872,2.81189888310673e-07,1.13319452857618e-15,2.8054131642622e-07,2.18393027002598e-07,7.9080251701618e-09,8.28312556706003e-08,5.6903109206725e-07,-2.56301970443841e-08,2.07997819462273e-05,-1.27283643847121e-14,4.68235610632702e-07,-2.64427981806506e-08,3.18695280420292e-15,-3.48612652265933e-09,-7.11307582966465e-08,1.65444751282794e-08,-3.27131226334146e-15,5.32625009929588e-08,7.05054415789298e-08,1.54777818789687e-15,-3.14570883838299e-06,-4.32659332896066e-07,-2.03203825972113e-09,1.29783216183507e-15,-1.26091534752991e-15,3.64735558418751e-08,1.2424629430286e-07,1.00552718500162e-08,-1.46624378404841e-08,7.42168625856973e-08,1.27331978747665e-15,-5.62806174372836e-16,2.71147345839633e-07,1.86917372348282e-09,1.51010854219081e-15,6.56149825761706e-07,1.10612400874044e-16,3.06267202747449e-08,-1.25917566531159e-07,-7.35806635032332e-08,-4.88027703070338e-07,5.02348018648885e-16,-1.00301191003344e-16,4.41798486673542e-16,7.1417098834916e-17,-3.54942828465363e-09,-1.23161856003481e-08,4.64491437482773e-16,-1.2883368182311e-15,-1.89029081236364e-16,1.73576491892507e-08,1.56072446975204e-10,-8.60646438320814e-09,-8.08463178469892e-16,3.24528815279224e-16,-4.52296620295778e-15,-3.71086226442661e-07,1.13572988998979e-08,-1.54995585983972e-16,1.99663392248071e-09,-5.22730750968792e-08,8.11109273996594e-17,9.68504535603957e-17,-4.01143592239515e-07,-3.70800296803606e-10,-1.98967644519121e-07,-4.23620206729773e-17,2.02435842461906e-08,8.50057357346703e-06,9.12974476136336e-06,-3.20551149455127e-07,-7.79333578071105e-08,1.26991528589732e-09,3.38639046779645e-16,2.25199022002972e-17,-4.97417286878259e-16,2.42820720783473e-08,-2.19873219927198e-08,-9.18361676484181e-08,-6.54972359556275e-09,-2.99848845302187e-16,-1.09784690632233e-16,-2.81498066677864e-16,-2.36053301225902e-16,-7.97766158204575e-16,3.13933604878269e-08,2.61857935897613e-16,1.11784094723868e-15,-5.6348865571268e-08,-1.37281629438765e-16,-5.0446613615271e-08,-1.92106282369829e-16,-6.255251936711e-08,2.90566818565499e-16,-7.60294669966058e-08,-9.52534001248247e-09,-7.86913190483698e-08,-7.44958864361076e-17,3.07491817894856e-07,-3.98445981764929e-16,0.000360580146627031,-6.87721797958951e-08,3.80741341505417e-10,-5.67718760693782e-16,6.16053838625757e-07,2.71207259498915e-16,-4.39660268176209e-05,-7.68682342417719e-08,-2.33698217812743e-16,2.87187280324255e-16,-7.19276636908807e-17,-8.48050749512698e-18,-2.88248797731407e-09,-3.75593859527906e-08,-8.39253592429986e-09,3.14358147294687e-16,1.28532935217114e-16,-8.04987185959351e-09,6.56728687967525e-08,3.93231170247232e-16,1.10200692959692e-16,-3.84926946484549e-08,-9.54914397750624e-17,-2.72975861135648e-07,-4.24704179361148e-16,2.33719572036224e-07,4.74967334286984e-16,4.75192825892194e-16,2.85742724951544e-16,1.95497587975917e-16,1.13600991479038e-17,6.02633941519936e-17,4.51184221490648e-09,-3.15566245295321e-08,-6.83706280136824e-17,-2.10379084942441e-08,2.26263984455527e-05,-2.13676759077896e-16,-4.38475015650014e-17,-5.57843993346695e-16,-5.03933943858074e-17,8.69551597612973e-08,1.39169043126328e-08,-1.69707672829911e-16,3.66143263963741e-17,-4.06122182096285e-06,-5.10355874520816e-08,-7.73427707028964e-10,-1.90560827977219e-16,-8.83983278518036e-17,2.66107329244513e-16,-1.15781697725989e-16,1.77521283226634e-16,-6.06623079645218e-17,3.34874347185336e-07,-3.16857846779186e-07,-6.09506824264351e-08,1.37206405523221e-16,2.65545314709651e-16,1.67633575469546e-16,3.24152103700072e-16,2.6983150519155e-17,-2.87536419059607e-16,3.14512327113577e-16,-5.47304835820283e-17,-5.00363685872133e-16,-1.34711534986168e-16,-2.52987729241157e-16,-2.59662781842953e-17,6.74226152609424e-17,1.99782548983438e-16,3.0481936502524e-09,-6.10710494320791e-17,-2.57352963834646e-16,-4.05509317989234e-17,4.31817210909923e-08,-5.73987351048878e-09,-6.3149725062576e-17,-1.11478111500212e-09,3.95120055442101e-08,1.39464526071125e-16,3.76573100391595e-17,-7.62787458862908e-08,1.49125925032393e-16,9.75363483147003e-10,-1.31167180523146e-16,3.04961726821722e-16,-2.25347300784537e-16,-2.61020319099133e-16,1.05482905925651e-08,-1.31365698643697e-07,-3.50984455035186e-16,-1.75784866824169e-17,4.95797182942117e-17,-2.52862324463288e-16,7.9580439460436e-17,-2.96111199400308e-16,-2.53196335859186e-16,3.14811001336839e-16,1.59245729893356e-09,-4.15137260794085e-17,-1.77404346512402e-16,-1.44542884861759e-16,8.46665258095161e-17,1.48959930230331e-16,4.5387042532892e-16,-5.55247143402682e-07,-2.18020451423816e-17,-1.65495622863889e-16,2.3462700235085e-08,1.37719566503369e-16,-2.94858434268152e-16,-2.10546998602109e-16,1.79182361279203e-16,1.96286366835823e-08,8.31819436969494e-18,-1.59713737253068e-07,-1.37730649762174e-16,-2.79203986044676e-17,7.88570674507939e-17,8.90326283496125e-16,-1.12819608873482e-16,5.45262181100752e-17,5.77713760521096e-09,-5.52711423697598e-16,1.94396633123502e-16,2.96353034242752e-09,-7.21800317266461e-07,-4.9544681761902e-17,8.10000303202494e-07,7.41183423078069e-08,3.76147173468929e-16,-1.28661219562217e-16,-3.06801403285897e-16,1.45606955545049e-16,-1.05674865993465e-16,-1.24893451039055e-07,1.88901851920058e-16,-3.63932660609973e-17,1.70691663042901e-16,5.00416906215687e-08,-2.57003735516913e-16,-1.16919875748099e-16,1.07573426217446e-16,-1.56586655052219e-16,-2.2823792047503e-08,-3.63184385596509e-16,6.24006089212629e-10,1.09684980902558e-16,2.01015070462635e-16,2.94874305736391e-17,-3.10327039241958e-16,1.95972818732611e-17,7.52643949289782e-17,1.00293589789714e-16,-1.08464584811087e-08,6.29469275796872e-17,4.71269177573795e-16,4.56204273813938e-09,5.87687804009081e-17,1.08051236532853e-16,1.37135970727719e-16,-2.30747204136192e-16,1.6803030217421e-16,3.53663922414465e-16,-3.311924162169e-08,-2.07220785357884e-18,-3.02410253733822e-16,9.86829080461663e-09,9.62016295149296e-17,-2.86850440976812e-16,-1.22491786786891e-16,-6.46372818795609e-17,1.2369304513132e-16,-9.22070370595728e-17,-8.2834493430679e-17,1.12895454047979e-16,-3.95570169686704e-17,-1.53735145309114e-16,-1.03499657306381e-16,-5.18962190753104e-09,1.72140026543527e-08,2.0833800504884e-16,3.02181039319927e-16,-1.71066365881512e-16,-1.12489992332962e-16,1.45283091113058e-17,6.9669030541287e-19,2.77106909434022e-16,-6.52186790755942e-18,-4.15177732998987e-07,8.32325771166896e-17,-1.58236409568352e-16,-1.20596618770908e-16,-1.45285636494797e-16,1.91549284840961e-09,1.19015818635351e-16,-3.04201487773797e-10,1.7066347852235e-17,-4.22106098135655e-16,-2.65383307629648e-17,-1.28034319772568e-16,-1.44422444268271e-16,1.19759418749155e-16,1.36677835831214e-16,6.24257339818816e-17,2.06787035892345e-17,-3.50706528862124e-17,-6.43635226016928e-17,1.30324611685379e-17,1.23709608051009e-16,9.50935779180895e-17,-1.67503341442728e-16,-1.59359114702429e-16,1.30258238924255e-16,-2.00628217246e-17,-8.53340880319095e-17,5.01899121061862e-17,4.30645102911242e-16,-1.42797570782646e-16,-1.22382833771469e-16,2.27441604699469e-16,2.36936635459408e-17,1.60008160036209e-09,-4.79008761931977e-16,-2.3466469179795e-16,-1.16619867666069e-16,2.03272135753389e-16,-1.31905815000362e-17,-1.19182819179994e-18,7.24391927474813e-17,3.06397771890839e-17,9.03211894538434e-17,7.89338968248314e-17,5.42101086242752e-20,3.80590540494081e-17,-3.83606705762836e-17,1.45663648627747e-17,4.44178940839089e-16,-4.00666955526075e-17,-3.31866182141844e-17,-2.06698639148826e-08,-1.22389607477817e-16,1.12393704763472e-16,-4.19447270203368e-17,-1.05559255174267e-16,-8.51488272439223e-17,1.370858097235e-16,-1.48411289505165e-16,8.4345296873131e-17,1.31552099906594e-16,7.02840082694585e-09,2.08504786584397e-16,6.60708661124677e-17,-7.63730613063299e-17,9.67566613683671e-17,1.24828180536966e-16,-6.95235879149221e-17,2.71621757741865e-16,-1.53763223786001e-16,-1.36036175944106e-16,-1.70941102200341e-17,-1.09597904237454e-16,-4.64596599217998e-17,2.39041351097628e-16,2.22651260764777e-08,6.43134985640919e-17,-1.65368882803955e-18,-3.10124114329011e-17,2.57172755313562e-16,-6.11574104567663e-09,1.49387197381393e-16,-7.08012564770376e-17,-3.22008850576282e-17,-8.91589328551485e-17,1.02409816225092e-17,1.14024152373521e-16,1.61668783659751e-16,8.98019902773522e-17,-7.78636518251657e-18,5.65147318505001e-18,-2.04862854777224e-17,1.29998826488865e-17,-1.53827241128163e-16,-3.71800650041159e-17,7.41000360126985e-17,2.92853170202725e-17,-1.90522673346743e-16
"t377",0.0262689292706141,-0.00243580110231051,-0.00215250216662205,-0.000337620305841261,-0.0111942903727666,0.0950268135379172,0.016190382038853,0.000103326602692084,0.0243503164163437,-0.0183469992749841,-0.00330597837084226,0.00233064497536824,-0.00443906155728919,-0.000919031242005314,-0.0233138976683314,0.000501927562030805,0.000350485652910155,-7.20158134246491e-05,0.00268867309620591,0.000399058016348547,-8.51293875756673e-05,5.97873250382868e-06,0.000697636474138715,-0.000142765869190543,2.90695322109135e-05,-0.120815425965373,-0.00824564000338611,0.00052968552150486,-0.00232672114611698,0.00412397404327345,0.00010929801424622,-0.00404299192456607,-0.000205308087024787,0.00177044474325015,-0.000178067304613357,-0.000157460451662126,-2.81246666837049e-05,0.0014615483130183,0.000303806032812004,7.66535222149041e-05,0.000228375671441626,-0.000401618964887292,1.87678651544134e-05,-0.000318976286757704,6.95724327304582e-05,-1.39851191088776e-05,2.57230344100734e-06,-3.80093467208088e-05,0.000518134461452708,-0.000995480122122882,5.89886809246582e-05,-5.6356491283732e-05,1.08312075922064e-06,-2.44977505332688e-05,0.000649101788002398,-0.0325307267434543,-2.43824551727675e-06,4.00602699832994e-06,-1.15362772370885e-05,1.87308827167103e-07,8.23804565791271e-07,-1.85083064794244e-05,5.79866417526968e-05,-4.68426179459073e-05,6.84046284088974e-05,-2.81195887508918e-05,8.05868157526113e-05,-0.220416985039393,-0.0023945702825186,0.0673913787492707,-6.26907590967983e-06,5.25921204552651e-06,0.145339177063864,-4.22997477838479e-05,1.72094861802163e-05,1.47147551440133e-06,-0.000134458108934414,1.82754263175569e-05,-0.000682194714706357,-0.00809481147675614,3.40904391266801e-05,0.00313525064748164,-0.000223529331831496,-9.04185895575643e-05,7.0277720456158e-05,0.000191366249992605,-2.91717472275189e-05,-5.17464991266909e-05,-1.02251815540577e-06,3.91673018765347e-05,-9.69580702479397e-05,6.11453962840163e-07,0.0399241210237986,-5.88123632646132e-05,-3.24165687691503e-06,-1.30091547534176e-05,-1.52070400717751e-06,4.59435654368066e-06,-2.76396909174164e-05,0.000587976542752254,0.367421231600663,2.52261118477002e-05,-0.0263014563377067,0.000250102420367353,-0.000138789699430454,3.82343924145619e-05,-0.0519481013792282,-0.000145004097742123,0.00236628684743635,-2.86128832494898e-06,-7.51459971663783e-05,-4.83842044474508e-05,1.32170095515303e-05,3.83862140371763e-06,-1.72924684319903e-06,9.61996942421795e-06,-0.000175547094952043,0.000253489933158209,-0.00213809875605755,0.000139361108938399,-9.10940021110516e-05,0.000396894828309708,-0.0223844747912018,-0.0955235090732892,-0.000378771301758552,0.000478556346874164,-4.56349203412803e-05,0.000269954985659291,-0.000135866358025123,-0.00465360630911313,-3.05553926433103e-05,-6.39479672320055e-05,-3.95607681639015e-09,-1.18655657061553e-05,-2.10675423347734e-07,-5.06225801055901e-05,2.82213667169262e-05,3.42532678387046e-05,-0.000571746316886043,0.00205425726353312,-3.32930053140568e-05,-3.42058477835532e-07,-0.000714495342832713,0.000843773874178695,-1.17216111157371e-06,6.87950852559627e-07,1.98236740197106e-06,-5.89992127853147e-06,-4.19266540056824e-07,0.0926250161520116,-6.30328726248483e-06,-2.59380270470785e-06,-2.13081126521815e-07,4.20577240456615e-06,1.2412543379884e-08,3.63333838375109e-09,1.03229818060007e-07,-2.05516251087245e-06,-1.18698554868871e-06,-4.00107245253642e-07,-2.13214934400154e-06,3.1610872756355e-07,-2.36385035616618e-06,-3.49756117517864e-06,2.45285456874001e-06,-1.73284369645552e-06,2.90781888185231e-05,4.98310585089741e-07,2.47905362620416e-05,2.50637642878021e-06,-4.3298765837411e-06,-7.62836885761824e-07,9.08640925064296e-08,3.04116479942785e-06,6.10072385637872e-07,0.0017328107238249,4.57099829306443e-08,-1.93543621228583e-06,-1.80345589085186e-05,-8.79192830671844e-06,3.49207996660696e-05,9.07890567267966e-06,-1.86227618252785e-06,-7.25757974902566e-09,-2.14512507092972e-07,-5.62681793406804e-08,-9.59547528728752e-05,2.26982654492925e-05,0.000101816527271349,-9.69080356592205e-06,-2.96165280732845e-06,6.02698528873326e-06,0.00110838683821292,2.92740734329571e-09,2.95456546211119e-07,-5.4803063885428e-06,-1.01900830220416e-05,-6.02387554944471e-07,6.22165794043749e-06,2.79142693835575e-06,2.7874188886541e-06,4.04188959373543e-05,-8.33693975144127e-08,-1.35563552058481e-06,-2.32511165416558e-05,-9.86972119549879e-06,1.5439991947355e-05,7.08679511113438e-06,-0.00012207744343,-7.55323822798496e-08,-0.000556942049830746,8.09468308777772e-06,-4.11373569085262e-05,-7.19139755070799e-05,-4.15109665885485e-07,-3.13910246204796e-06,9.75275604454341e-07,6.37730475377447e-07,-1.80336188350342e-05,-0.00387397636894892,-4.82567385420353e-05,0.000102853395982766,2.74646914399879e-05,0.000153107620411354,-0.361893575730255,0.000158772108236238,0.0153102627558703,8.77858002384533e-06,0.000113902164443576,6.58097844128991e-05,-1.4638729061144e-05,-2.83358520167424e-06,-2.45773515939587e-05,-0.0140606092813174,9.71477075274296e-07,1.78211427310308e-07,0.00220794687771719,2.12427242441877e-17,4.54076565359672e-07,-6.37737672642752e-06,1.10118592258847e-06,2.54335446791432e-06,0.000994937316164991,1.36322679769045e-07,6.9972740357346e-06,-1.81334761401466e-06,3.38408384536225e-07,-2.06068783588896e-08,3.89003912025488e-07,-4.10640104735808e-05,1.02815956820768e-07,-1.07839975853485e-05,7.43434353482115e-06,-2.28487960381083e-08,1.29674876083374e-09,-5.4585072112766e-08,3.85309746729375e-08,-5.93308414172215e-07,-1.19021538479803e-06,1.96978501987029e-07,-3.08250937445375e-07,5.29465908447886e-07,-5.54142267735263e-06,2.92969844903824e-07,-2.43744485513465e-07,8.03308856347486e-08,-6.40450894745379e-10,-2.5540811584163e-06,3.97070122552761e-08,-2.38221348942364e-08,-6.1287144517419e-10,2.39633468185907e-09,9.89328751143506e-11,-9.08579061589625e-08,1.58927493967506e-07,-3.30879610303521e-07,3.01656257649986e-07,-2.51065837258364e-08,0.000162228673988077,-1.34270960158589e-08,8.45046055001209e-07,2.10033458648225e-16,-2.75979858075408e-06,-9.65754302180707e-08,-1.14967184008503e-11,-1.12591452088902e-07,5.82512976906174e-06,-1.8996499940277e-07,-3.3410313650193e-08,4.77349779957247e-09,-2.22789332510758e-07,1.32829199560559e-05,3.11428683425663e-07,-2.77807085597863e-08,4.24367948032716e-06,-5.21828640587183e-06,1.51618066494309e-06,-3.33297591086106e-06,5.21606584676548e-07,2.14450298171642e-07,1.41581008885988e-08,1.17732941589802e-05,-1.1549777740363e-05,6.17044845803582e-08,-0.00618839902312967,1.57428055542091e-06,-6.70820904595197e-06,0.000427159058739684,1.45166538411882e-05,9.78951129988235e-06,-4.04244738916311e-06,-0.327814569280224,-2.33214383034962e-06,5.47472562413768e-06,-1.26955123412197e-06,-8.97437808675777e-06,1.12931012926461e-05,-2.6920002160017e-16,-8.35275154876076e-09,-3.99277555507735e-07,3.17685781599372e-08,-1.84651433472699e-06,-2.04701020224921e-08,-4.66113309838268e-07,-1.02812560695551e-06,1.28002514561031e-06,-0.000329530842750955,-6.7668637094281e-16,1.71945039879095e-06,1.31286888659242e-09,4.93486303622233e-08,-2.02318639572779e-08,-7.41290402354531e-06,1.31711958630171e-08,3.14875917652274e-07,-5.2034193800857e-08,-4.15698861087291e-09,3.74715852950149e-07,-7.47977481393866e-09,-2.38705458493293e-07,-1.20953022583992e-09,-1.95125891925283e-10,-2.98334383879942e-07,1.70518623965176e-08,-3.69868672322629e-07,-1.52550611141457e-16,-1.30033341538016e-07,1.07239719291134e-08,3.09202534666477e-10,3.06833982835721e-09,-1.15077182450673e-06,-2.79176269092511e-06,1.2976565079999e-07,-4.7543619268466e-07,-2.27460557054966e-05,-1.78058566844625e-16,-5.07468981914589e-07,-1.78135825129044e-08,-6.68353042595522e-07,6.67776974806273e-15,2.10464466519125e-06,1.66187965300576e-07,-2.54943273541269e-08,-1.08328113483628e-06,-3.64785309798415e-07,-1.96244943105171e-07,-6.2710013758338e-07,2.01939185846694e-07,1.43223550966029e-07,8.0322914689198e-09,4.55799294066774e-07,5.81482789973283e-08,-1.01296242343774e-16,-2.44178626017906e-08,2.51746995856814e-05,3.87765433100729e-07,-5.99855733086528e-07,-2.08622780032727e-16,-5.35638844599205e-08,1.02841611972259e-08,-2.84924610655691e-07,-1.70778179560022e-08,-6.50270599025525e-07,6.19572456069942e-08,-8.40528523111819e-07,1.37581031064722e-06,-4.68303271482916e-16,5.16839652843102e-06,-8.72889306132276e-08,2.470310481343e-07,6.50292695253632e-06,-5.35746055062186e-08,-4.44726028149119e-09,3.20056481317721e-16,-1.32169944532905e-16,-4.34172005065096e-09,-4.95922722130909e-08,6.54708719595918e-09,-7.5185052238875e-07,3.93526157487546e-15,-3.63746967776914e-07,-4.332331131873e-09,-1.16136041750177e-16,1.73869659125533e-16,-2.53945063215705e-16,9.46745179962914e-07,2.49851357181821e-07,-2.81535258363467e-07,3.42976606925714e-06,0.000392873476435577,2.07795427499604e-07,-9.06956012562823e-08,-1.13838244553406e-16,-2.07034868674122e-08,5.85718743269145e-08,5.37069997566021e-16,-3.21372952799277e-16,-3.75739366590902e-08,-2.27931362332706e-10,-2.24484901130401e-08,1.3729513896556e-06,2.24642180481878e-08,-9.48141759928163e-08,-2.90203488901276e-16,-0.00010213156131551,5.9236751131284e-17,-1.07219999281856e-06,-6.99391716416087e-16,-2.51118335724613e-08,-1.57202102698159e-16,1.03574118558824e-07,2.72974121588212e-08,1.30183181677063e-07,4.55654596846334e-05,7.07258967815275e-08,-8.47922782094548e-09,5.40944154620378e-08,1.90462514647824e-08,1.02877785913834e-06,9.49660606640207e-08,1.9176498097146e-08,-5.42074254960209e-08,-1.04276928235307e-06,-8.48246523629716e-08,-2.61159660037437e-08,7.85294685982501e-17,2.45569802301067e-07,-4.25294727730972e-08,2.24612270544929e-08,-7.0391281284941e-17,4.46944662280033e-08,0.000371729145026955,3.43274268505438e-07,7.83577218169469e-16,-8.59075955558348e-08,-5.29160338689346e-07,3.13164943769787e-17,-6.30319472926955e-08,1.43331156015586e-07,7.80041000621723e-16,8.24714364269989e-17,-5.28492192998116e-09,-3.16561598674808e-07,-1.80734686760676e-09,-2.51374277162764e-06,1.79330034310953e-05,1.7480047171357e-08,1.89193624400568e-07,1.58306949582279e-07,-6.40045601708282e-06,2.28549817959944e-15,7.32867799984325e-10,5.64120402743702e-09,1.5589458252739e-08,1.46078257575029e-06,-1.3573889919678e-15,2.12024224116084e-16,4.812038016195e-07,-4.43695742064829e-16,3.96304201120215e-16,2.06193963622237e-07,-3.03755404130671e-07,-5.68710542168661e-08,-3.37927628877626e-08,1.46073963111358e-06,3.81614127456253e-07,1.18276572865221e-07,-4.37049901345424e-16,2.73664216515816e-07,1.2792723059986e-08,5.87200535468843e-08,-5.30953394565713e-08,2.10331545797422e-07,-5.74051729301802e-16,-1.90941766663007e-16,1.63094198152843e-15,-2.06022836675876e-07,-8.98950099720347e-09,-1.52854391717769e-05,8.86720085972364e-17,-6.82215732406668e-09,9.80962473189891e-16,-4.8800317497579e-15,1.1774152559029e-06,-8.64982589444776e-05,-1.70163362567255e-14,-6.77323628811831e-07,-3.14346760882948e-08,3.35442328670365e-14,7.12831313484209e-08,0.707106781181224,2.81189877255058e-07,-1.00390533869027e-15,2.80541342512555e-07,2.18393006114973e-07,7.90800469111666e-09,8.28312764405645e-08,5.69031095311689e-07,-2.56302067564232e-08,2.07997819235913e-05,1.27092395569403e-14,4.68235608256681e-07,-2.64427972381704e-08,-3.33500343616991e-15,-3.48612212347111e-09,-7.11307615638507e-08,1.65444752784628e-08,3.53634627765038e-15,5.32625021508643e-08,7.05054416515725e-08,-1.5464678948005e-15,-3.14570883668092e-06,-4.32659331191294e-07,-2.03203645365345e-09,-1.29654702890694e-15,1.18814431787381e-15,3.64735562258791e-08,1.24246292349682e-07,1.00552686408188e-08,-1.46624398440465e-08,7.42168632187893e-08,-1.31414630593925e-15,5.56905009258082e-16,2.71147344677742e-07,1.86917478655266e-09,-1.55682527131468e-15,6.5614982590733e-07,-8.93339230781986e-17,3.06267199759084e-08,-1.25917564621487e-07,-7.35806624917103e-08,-4.88027703071859e-07,-5.12470841347628e-16,2.11364384747844e-16,-5.31476454770752e-16,-7.6062319793157e-17,-3.5494288187696e-09,-1.23161851060982e-08,-4.74457756328714e-16,1.12714740816959e-15,5.31838931614522e-16,1.73576513594907e-08,1.560719844344e-10,-8.60646475672917e-09,7.53260877340726e-16,2.09305229398327e-16,3.40501823785366e-15,-3.7108622672447e-07,1.13572990040294e-08,1.51146058859523e-16,1.99663605287174e-09,-5.22730758656747e-08,5.13589739003965e-17,-1.38182802936569e-17,-4.01143591636261e-07,-3.70802175272071e-10,-1.98967644025127e-07,-1.4152599522902e-17,2.02435851729217e-08,8.50057357156191e-06,9.12974475733276e-06,-3.20551150135934e-07,-7.79333562337973e-08,1.26991669266612e-09,-4.18134229382701e-16,-9.37618581348149e-17,4.79343338175614e-16,2.42820716140905e-08,-2.19873233575342e-08,-9.18361675495184e-08,-6.54972391747877e-09,1.98931799644508e-16,7.86760150644804e-17,2.86460461519487e-16,2.38894880999185e-16,5.95213371315823e-16,3.13933602514301e-08,-2.97275217311856e-16,-8.71017151243277e-16,-5.63488654120421e-08,2.04255935012511e-16,-5.04466127094441e-08,1.80087798535804e-16,-6.25525193546942e-08,-3.32241549225065e-16,-7.60294665635592e-08,-9.52534033722059e-09,-7.86913183858768e-08,3.91000070252221e-17,3.07491818072864e-07,3.3851490793757e-16,0.000360580146568858,-6.8772179507207e-08,3.80741606784446e-10,2.02064478371062e-16,6.16053838365958e-07,-3.22655413242067e-16,-4.39660268095444e-05,-7.68682346231307e-08,2.22967961948282e-16,-2.42829976694686e-16,6.70466413475724e-17,8.79915465054158e-17,-2.88248722252979e-09,-3.75593859222067e-08,-8.39253602324927e-09,-2.69566766483063e-16,-1.12493886354195e-16,-8.04987188919877e-09,6.56728675982755e-08,-4.03982425770726e-16,-2.43743615708024e-16,-3.84926950527898e-08,1.61847959775525e-16,-2.72975860780973e-07,2.29999820081294e-16,2.3371957211486e-07,-3.31213672692948e-16,-5.89628785841171e-16,-2.24318191753888e-16,2.98496934049962e-17,-1.20989229700368e-17,8.90083042501359e-17,4.51184157918948e-09,-3.15566236268899e-08,1.04041541506625e-16,-2.10379084005379e-08,2.26263984431458e-05,2.60869817832838e-16,4.43926348358627e-17,6.70639122610969e-16,-1.90552531385612e-17,8.69551592355159e-08,1.39169037742281e-08,-2.95784389523589e-18,8.22510104121654e-17,-4.06122182196076e-06,-5.1035587767961e-08,-7.73428378817864e-10,1.51143353764814e-16,1.05172106842172e-16,-2.62807179143195e-16,-1.90613572941435e-17,-4.52251193388903e-17,2.91605649999035e-17,3.34874347111044e-07,-3.16857846446334e-07,-6.09506829249314e-08,-1.63228144294518e-16,-3.38669874639022e-16,-1.31926325233432e-16,-3.00322021085882e-16,1.20342467814397e-16,6.69435697365465e-17,-3.85268573499937e-16,6.59214051266982e-17,5.2528821549781e-16,1.66953822815603e-16,2.26177090065615e-16,8.02281703163957e-17,-5.28838058684106e-17,-1.55014056549428e-16,3.04819383679957e-09,1.6799306642407e-17,3.55004416896244e-16,-9.56801981506022e-17,4.31817213054369e-08,-5.7398740931483e-09,1.13072003062455e-16,-1.11478200655209e-09,3.95120056342876e-08,-1.56130251224029e-16,2.37041569885693e-16,-7.62787463274826e-08,-1.83269779206232e-16,9.75363364399156e-10,7.6667623275354e-17,-3.50183709046563e-16,2.58805608368027e-16,3.43073732280711e-16,1.0548290505052e-08,-1.31365698251477e-07,4.6718164619368e-16,2.22708147303281e-16,-2.83655155522686e-17,7.02163697364357e-17,-4.50486002667727e-17,1.50980580315104e-16,1.70870323649589e-16,-3.30212006315768e-16,1.59245660169482e-09,5.39229890220214e-17,1.82190182796876e-16,1.12563840138918e-16,1.70946696733234e-17,-2.38224013456253e-16,-3.30430414818808e-16,-5.55247143109341e-07,4.57826939053832e-17,1.94258948207552e-16,2.34627001503999e-08,-1.30127324813544e-16,2.24285399810273e-16,1.80214633907682e-16,1.01107472677798e-16,1.9628636059528e-08,-3.61018588978471e-17,-1.59713737132967e-07,1.64803680717337e-16,3.23653135876881e-17,2.21746567133995e-18,-3.81511686256336e-16,1.44950450670185e-16,-8.97133824154033e-17,5.77713799468053e-09,1.19491456082802e-16,-1.63606806145442e-16,2.96353065027029e-09,-7.21800317234459e-07,-5.03846009490018e-18,8.10000303335467e-07,7.41183427147783e-08,-1.77258293507597e-16,2.735550891572e-17,2.84093607135666e-16,-7.34622575695353e-17,8.70423780400674e-17,-1.24893451004791e-07,-2.59915212899284e-17,1.47810988978384e-16,-5.27997176467754e-17,5.00416907013742e-08,2.98734811576872e-16,8.53317228043536e-17,-1.31861925505682e-16,1.24313670554788e-16,-2.28237919776695e-08,1.64419211556863e-16,6.24005900597836e-10,-8.0065729273258e-17,1.09340981886735e-17,-2.87430461276252e-17,2.93287546157863e-16,-1.80173092882413e-17,-1.0092602245531e-17,-9.00092947350257e-17,-1.08464583677688e-08,-2.02494148075531e-16,-2.98459047864852e-16,4.56204241541862e-09,-1.83502332999766e-16,-1.27279636496746e-16,-2.23134113180334e-16,2.00301216137169e-16,-1.40537188465974e-16,-2.30459938416774e-16,-3.31192416531332e-08,1.74762048408349e-17,5.1042697685779e-17,9.86829071934855e-09,-6.19838052411369e-17,1.27483581544394e-16,2.18170389722797e-16,-1.75884122840669e-17,-1.38515185439298e-16,-6.96556768864351e-17,6.57518596481967e-17,-8.74208726463433e-17,1.1008481647979e-16,2.06042327053345e-16,6.0372871832759e-17,-5.18962202917143e-09,1.72140025490146e-08,-2.00500217926206e-16,-1.23278724944362e-16,1.34496939371742e-16,1.45058745219767e-16,2.80808362673746e-17,1.00609879168854e-16,-1.57267645187908e-16,5.01639980271194e-17,-4.15177733747322e-07,-1.48097999526243e-16,1.13709989192354e-16,2.42576103404663e-17,7.42228048835461e-17,1.91549287402858e-09,1.13197478340978e-16,-3.04201158368271e-10,-8.49504788410291e-17,1.89963035851805e-16,-1.90030941964653e-17,1.18801178629918e-16,7.24875290979904e-18,-6.3476370606884e-17,-1.65115612414868e-16,-1.74626656374033e-16,-6.14583653031541e-17,9.06629204984078e-17,-1.52726444827392e-17,1.832946308433e-17,2.46849178411586e-17,-3.36463958850293e-17,1.35037853561909e-16,2.52682585578552e-16,-6.73635819573488e-17,-4.95709912226297e-17,2.15943661493935e-17,6.24155841988756e-17,5.63405658932092e-16,1.75866794435712e-16,-4.81963001191328e-17,-2.3061415426347e-16,-4.44805710462374e-17,1.6000816072871e-09,6.69868100268781e-16,-1.95589807768105e-17,9.2319465652961e-17,-3.34215848591415e-16,9.91189731768693e-17,-4.67774601636239e-17,-9.79809724893504e-17,3.3405084258818e-17,-4.60285702454124e-17,-1.01592315758803e-16,-1.42572585681844e-16,-5.90133865846823e-17,1.01587085807155e-16,-3.6770142312902e-18,-3.62664893032423e-16,1.19644610580493e-16,1.93112180204321e-17,-2.06698637875059e-08,1.12717260248973e-16,-1.91810928806742e-16,1.1072482981631e-16,6.19115855296197e-18,2.14053570625933e-17,-2.82095867344644e-17,1.91483921166919e-16,-7.59962529185054e-17,-5.14001287697923e-17,7.02840093595136e-09,1.24113199983541e-16,-4.12071816127872e-17,2.85952967944009e-17,-8.76791500406143e-17,-1.25447255104435e-16,1.69068080675012e-16,-2.8751444495092e-16,1.8193207119272e-16,1.35093361917411e-16,3.62950023033264e-18,-5.6242277402433e-17,-4.95742125370981e-17,-4.63120089495116e-17,2.22651261364985e-08,4.96511660362339e-17,-1.53286362526154e-17,-1.07318987935554e-16,-4.94721451305136e-16,-6.11574074202713e-09,-1.10208612824356e-16,9.18725293999492e-17,2.54047977751888e-17,2.63438479592923e-17,-9.00495746043194e-17,-5.24979445983752e-17,2.15404593512373e-17,7.11727514740898e-17,-3.88025799854477e-17,1.16006959881581e-16,-3.05785719378971e-18,1.28454448502117e-16,-1.65436606108066e-16,-3.26623595735896e-17,8.65503889464724e-17,7.84640608673292e-17,-1.82956811948438e-16
"t6",0.0262124074557744,-0.00242474722421311,-0.00214241749321501,-0.000335499217966831,-0.0111081437887737,0.0941684928201355,0.0160412642601155,0.00010229901253859,0.0240641526233953,-0.018085362369822,-0.00324609992956141,0.00227857207216394,-0.00433696168140878,-0.000897571186347385,-0.0227456105802229,0.000488965628134027,0.000341216865479128,-7.00765453693159e-05,0.00261458231117251,0.000387103254578905,-8.23689774280377e-05,5.74428352027107e-06,0.000668726932680156,-0.000136815542595245,2.78531162627579e-05,-0.115515612156656,-0.00787959168644108,0.000505957224989973,-0.00221965486629752,0.0038992846247003,0.000102940338105998,-0.00379690677302802,-0.000191890020926844,0.00164912514936966,-0.000165227315326831,-0.000145175808734806,-2.59018954501197e-05,0.00134415345379675,0.000279233251640262,7.03587561832723e-05,0.000209067329235274,-0.00036681666752382,1.71165717657822e-05,-0.000290875866637157,6.33332270670484e-05,-1.26482757860047e-05,2.32171066463373e-06,-3.42736466537513e-05,0.000465949875164341,-0.000892578298996564,5.2680545597897e-05,-5.02353475761707e-05,9.65211327105532e-07,-2.1779411915091e-05,0.000574379583847324,-0.0287653335354606,-2.12784105564651e-06,3.48315829898164e-06,-1.00261194175024e-05,1.61292288214547e-07,7.04325994574514e-07,-1.57672159716483e-05,4.92537682587382e-05,-3.97584634175991e-05,5.77374916924635e-05,-2.36146147423469e-05,6.69085747969249e-05,-0.18205020941219,-0.0019729349331665,0.0552790839769636,-5.01944304477906e-06,4.13040401339672e-06,0.1137976951689,-3.29104583240422e-05,1.33787651956524e-05,1.14076549294777e-06,-0.000104123515774165,1.40749847587128e-05,-0.000518800788972546,-0.00612407602001336,2.55595656514906e-05,0.0023460407198903,-0.00016482590837493,-6.63729096520801e-05,5.05778926498686e-05,0.000136963810457268,-2.07609661506966e-05,-3.6793050524019e-05,-7.26860729920571e-07,2.78253516799872e-05,-6.87313763083663e-05,4.24430752816833e-07,0.027658143299756,-4.0198852912588e-05,-2.16325405521797e-06,-8.64931836133397e-06,-1.01088593412262e-06,3.02517178660574e-06,-1.81345139789754e-05,0.000380521380244865,0.235084228912415,1.61236564012069e-05,-0.0167915135102139,0.000151177143858691,-8.35317747218124e-05,2.29339538044502e-05,-0.030971271870149,-8.63036102884099e-05,0.00140410190511877,-1.68999410354642e-06,-4.43171592562888e-05,-2.82767646191815e-05,7.71587213592548e-06,2.18658080264782e-06,-9.79755611266526e-07,5.38592445145245e-06,-9.7752188648212e-05,0.000139034070726919,-0.00115535248001973,7.4445733584848e-05,-4.83408711937259e-05,0.000205753229517677,-0.0114248895464143,-0.0487251381286345,-0.00019276683392587,0.000239569814631478,-2.28135588577873e-05,0.000133005801220142,-6.40962946346896e-05,-0.00219428572174603,-1.43549653131816e-05,-2.91265565452277e-05,-1.79067782238036e-09,-5.34642215639501e-06,-9.31422239248939e-08,-2.23210951044088e-05,1.1930896164806e-05,1.3971248095865e-05,-0.000221382860471313,0.000794205157432673,-1.27521709697202e-05,-1.30391180376652e-07,-0.000270250610903624,0.000318194105933828,-4.4201387525416e-07,2.53817217653136e-07,6.98813819094101e-07,-1.97957363599803e-06,-1.38879696581919e-07,0.0298012547449604,-2.02323428050394e-06,-8.23089460972415e-07,-6.71576826761834e-08,1.31521499466167e-06,3.59816561754729e-09,1.03979471027418e-09,2.92710645974395e-08,-4.5623845394386e-07,-2.45059716140862e-07,-8.16417092660848e-08,-4.06513181291776e-07,5.93941466186429e-08,-4.0279877440446e-07,-5.88476274735723e-07,3.70034431504763e-07,-2.31814333084878e-07,2.40431382066144e-06,4.02818412030946e-08,1.99221263139428e-06,1.83414011518606e-07,-2.80181749440727e-07,-4.84273384622864e-08,4.22535744552564e-09,1.25040506617538e-07,1.79282834012915e-08,4.58933653675485e-05,1.14250668386521e-09,5.62323894485637e-09,5.86074736756576e-07,3.31244186143061e-07,-1.4888973245687e-06,-5.21427497393851e-07,1.17672486064249e-07,4.99696067408678e-10,1.59214270102509e-08,5.20133302327355e-09,9.30787635156344e-06,-3.11490103265306e-06,-1.41104751802885e-05,1.47683953334522e-06,5.66591477530705e-07,-1.3540140677955e-06,-0.000262025129769132,-7.43888655658337e-10,-7.90357043486129e-08,1.68943552788183e-06,3.23330625521727e-06,2.02781502477802e-07,-2.15532643633867e-06,-1.18529630606209e-06,-1.19419617760924e-06,-1.87208859389209e-05,4.15412644584084e-08,7.95248378747852e-07,1.36494532547222e-05,5.87745488142586e-06,-9.59918710770649e-06,-4.5370440015088e-06,8.43050507318953e-05,5.70733932022583e-08,0.000451237701649845,-6.69831324189868e-06,3.73617962410512e-05,6.86827246494929e-05,3.96979248881879e-07,3.11998806336026e-06,-1.06670615139699e-06,-7.10242921714379e-07,2.20869749083563e-05,0.00506126027901055,6.44585715081895e-05,-0.000150397606898384,-4.1028116617858e-05,-0.000234127394445411,0.594104275235285,-0.000264402125283014,-0.0255855591578222,-1.58490990887031e-05,-0.00021552122419525,-0.000131207010878584,2.98880226269757e-05,5.92988471970426e-06,5.26389448845603e-05,0.0303131046552608,-2.22609567895092e-06,-4.24302084304446e-07,-0.00548122009560575,-5.85175942564854e-17,-1.19764426402117e-06,1.70272264666902e-05,-3.20244069433261e-06,-7.91157278591575e-06,-0.00327517475490197,-4.50295806694404e-07,-2.57619966770929e-05,6.80237126762405e-06,-1.28052203975851e-06,8.1314822353231e-08,-1.57988123298048e-06,0.000175970182496465,-4.51414336578706e-07,4.78277711191095e-05,-3.48786649236943e-05,1.38668941282525e-07,-8.71750976933578e-09,4.01965630597792e-07,-3.54343242308187e-07,5.55183446779149e-06,1.33980376379886e-05,-2.49376762150104e-06,4.72535127741962e-06,-8.69512871364879e-06,9.82924392128832e-05,-5.83967706068064e-06,5.93260576944078e-06,-2.00540184746497e-06,3.64952849993675e-08,0.00014987987831832,-2.41074926124643e-06,2.27209448843861e-06,7.41327663966048e-08,-1.91977069873209e-06,1.92850839013609e-06,-2.19559481262797e-06,3.4646899681401e-06,-6.69466239794639e-06,5.23963685884149e-06,-3.91769807138971e-07,0.00205868266516643,-1.61592361501748e-07,9.77019141960363e-06,0.707106781186546,-2.80950270168864e-05,-9.67848687756809e-07,-1.09634072250038e-10,-9.62657507305217e-07,4.56887378837043e-05,-1.43312937201961e-06,-2.47357492016622e-07,2.83091122516552e-08,-1.30384622018577e-06,7.74601215737541e-05,1.71186243074915e-06,-1.30188824911838e-07,1.93628994217371e-05,-2.33741741281555e-05,6.39318807946694e-06,-1.11750088978719e-05,1.58410001625277e-06,6.47458936363189e-07,4.26706215256596e-08,2.71175595549732e-05,-1.77433062005433e-05,8.87751073445332e-08,-0.00801491766981469,1.76156896850963e-06,-7.13963688044781e-06,0.000253391196764954,8.07687545967346e-06,4.78001874978064e-06,-1.78369252628268e-06,-0.0930301844508644,-2.42260634890238e-07,-3.76272600276079e-07,1.85555684521639e-07,2.51873418164156e-06,-6.57469224778579e-06,-1.00451738510408e-16,2.6453108537581e-08,1.41514005652607e-06,-1.32713780712614e-07,7.75108942083304e-06,8.63650549685047e-08,2.04644832814383e-06,4.8649096723359e-06,-6.6206739838543e-06,0.00204528306012097,-4.13610836551789e-16,-1.66612463291497e-05,-1.35104921071932e-08,-5.80920684333975e-07,2.42154715538891e-07,0.000130130251705366,-2.99222502706888e-07,-1.14832508178352e-05,3.06193455026618e-06,-1.27431243526874e-06,1.91008599020927e-05,-2.56832242165929e-07,-6.98028034944567e-06,-3.24657272802142e-08,-4.58847432919791e-09,-6.92293739077519e-06,3.65212018865751e-07,-7.48463411915995e-06,3.28283498563951e-16,-1.90820760073994e-06,1.49547353760909e-07,4.30980693791604e-09,3.77142874450395e-08,-1.39068589443874e-05,-2.83130793864787e-05,1.26267973826689e-06,-4.59020865035273e-06,-0.000213414968135755,-4.90243497298788e-16,-4.61660139321629e-06,-1.60275097444506e-07,-5.78152808781143e-06,5.5061785435592e-14,1.75026699811206e-05,1.36986613964675e-06,-2.09196647672879e-07,-8.80732094545733e-06,-2.92134958891173e-06,-1.55435557710703e-06,-4.92506923690646e-06,1.54799719555538e-06,1.09483933725813e-06,6.04332419406982e-08,3.3389704449581e-06,4.2540369654023e-07,-5.46811975305113e-17,-1.70253451274534e-07,0.000174156800866213,2.63775956171046e-06,-3.98230321446737e-06,3.44710067267054e-17,-3.38864916645053e-07,6.20009634165757e-08,-1.68388098345432e-06,-1.00029669578024e-07,-3.76919310539528e-06,3.5248015633153e-07,-4.64766171529843e-06,7.14988591128497e-06,-9.25689069492806e-17,2.56313824003513e-05,-4.31254107179048e-07,1.21103791586177e-06,3.15481073801635e-05,-2.59705339068768e-07,-2.14961517805003e-08,1.73472347597681e-16,5.35818416669166e-18,-2.06502155568368e-08,-2.32735632553998e-07,3.06754049047806e-08,-3.48251308218233e-06,1.67416227594371e-14,-1.64539850634926e-06,-1.94032016027454e-08,6.73953948923289e-18,-5.8129867298371e-18,-2.750511588365e-17,4.11851929564486e-06,1.08309457491918e-06,-1.20614762896916e-06,1.45531745963015e-05,0.00166519979094806,8.72108481997669e-07,-3.80221829748407e-07,-2.69908048292485e-16,-8.51749969073136e-08,2.39446180423528e-07,2.33102054091225e-16,-6.60144482155843e-18,-1.50049149075978e-07,-9.05382288124695e-10,-8.8548954855934e-08,5.390956591247e-06,8.7457651229981e-08,-3.68632381192864e-07,8.43324204493375e-17,-0.000396354539550574,1.92402989141115e-16,-4.13942540205633e-06,3.94785116056284e-16,-9.65848695704465e-08,8.41634631608181e-17,3.96497768358802e-07,1.04400644286658e-07,4.91912749134811e-07,0.000171745220802486,2.66304089486543e-07,-3.17850383926051e-08,2.02008924366501e-07,7.05183079411892e-08,3.80874196984299e-06,3.50680002876758e-07,7.04851888372745e-08,-1.98040697123212e-07,-3.79073338144361e-06,-3.07177644689185e-07,-9.4398161057129e-08,4.24994720863593e-18,8.8260380768977e-07,-1.52042273732356e-07,7.91473658650596e-08,1.31849408912535e-16,1.56861272568193e-07,0.00129694306452598,1.19470492662072e-06,2.32385935374799e-16,-2.9860875930749e-07,-1.83026272250727e-06,-1.0328095727853e-16,-2.1749469337536e-07,4.87769897226718e-07,3.96847930928949e-18,6.38558180967522e-17,-1.78920633565149e-08,-1.07122419234843e-06,-6.10286747055154e-09,-8.46707091186563e-06,6.00712059277607e-05,5.85263417771641e-08,6.33033472971586e-07,5.25934672896754e-07,-2.1144316995366e-05,5.12177106282152e-16,2.41600446468445e-09,1.85904114836261e-08,5.13102735339954e-08,4.80074392406909e-06,-7.99934561649929e-17,8.07259588619565e-17,1.57822173403438e-06,-4.79249234783632e-17,-2.11190181625591e-16,6.67927743091729e-07,-9.81918372093479e-07,-1.83833133199846e-07,-1.08745615473882e-07,4.69786328912543e-06,1.22714636246925e-06,3.80024878837703e-07,3.68461268624605e-17,8.71746903644515e-07,4.06774045134407e-08,1.866034335161e-07,-1.68235579666449e-07,6.62947877403373e-07,-1.51960105906855e-16,7.68653251508296e-17,3.25561810232227e-16,-6.44571920170884e-07,-2.80365871323189e-08,-4.76610982663516e-05,-8.5321258899166e-17,-2.12081989793627e-08,-7.56465027539778e-17,-3.67915480951007e-17,3.61348680502774e-06,-0.000265421181830676,4.66532194820513e-16,-2.07199971556682e-06,-9.59910561661606e-08,2.83132390892816e-16,2.16891981856729e-07,1.35368305529864e-12,8.5190657903151e-07,-6.06833557727225e-17,8.49616188932659e-07,6.61204658719376e-07,2.39342198745417e-08,2.50578508670277e-07,1.7196156584904e-06,-7.71529869018938e-08,6.22763386230035e-05,-1.77929627512403e-18,1.3927267028955e-06,-7.85970469766994e-08,-2.90019254359014e-16,-1.03523662280442e-08,-2.10874595626307e-07,4.89738855122759e-08,1.93243778264253e-17,1.56861888518064e-07,2.07435502785281e-07,4.24454609854267e-17,-9.24276357664688e-06,-1.2704145645112e-06,-5.95224360338279e-09,-2.33683614657751e-16,-1.11687225717388e-16,1.06234785800598e-07,3.61021964301997e-07,2.92032877801925e-08,-4.21493362339716e-08,2.12996646968782e-07,-3.01491425251769e-17,-1.55693239834299e-16,7.77292202899971e-07,5.3575543251424e-09,-2.48073207982482e-16,1.87713095313619e-06,-4.84718069276313e-17,8.74577341503762e-08,-3.58674867192398e-07,-2.09556731285749e-07,-1.38893288717386e-06,-2.34347448862479e-16,-9.30081032981706e-17,1.92536986604122e-16,-3.01942448646789e-17,-1.00393992449245e-08,-3.48182275332836e-08,-7.44844535159613e-17,-1.35708170511257e-16,1.10759890068767e-16,4.89814948178931e-08,4.4007445361519e-10,-2.42159686548455e-08,8.06957675637565e-17,-1.44890067825532e-16,1.26743233963555e-16,-1.03668592727068e-06,3.17206014440481e-08,2.38789983996498e-17,5.56118692313846e-09,-1.45433904777522e-07,1.8042651248328e-17,-4.19667752050056e-17,-1.11315832776524e-06,-1.02874517091338e-09,-5.5117269471325e-07,3.79685278524118e-18,5.59359832456604e-08,2.34556461751219e-05,2.51430366857587e-05,-8.80469358923396e-07,-2.13911830912136e-07,3.48109192031358e-09,6.71879086433714e-17,1.81826303182212e-16,8.57930068907304e-18,6.60696782945251e-08,-5.98190825168873e-08,-2.49616810285595e-07,-1.77188951164004e-08,2.62921947093558e-17,-4.60299285853513e-17,1.32363618969677e-16,8.73540821148797e-17,1.3116737610042e-18,8.45139383182807e-08,-1.34458894164567e-16,8.79977941188752e-16,-1.51408179457653e-07,-6.29329348295888e-17,-1.35535220826767e-07,4.57169109056292e-17,-1.68031568252853e-07,-2.43156099641948e-18,-2.03564038725173e-07,-2.54836205474465e-08,-2.10276610459618e-07,9.62209023944491e-17,8.20471123467836e-07,-1.02732466830997e-17,0.000959062052008602,-1.82165136099636e-07,1.00833536751794e-09,1.67899828068589e-17,1.62881640024732e-06,-1.42719965854141e-16,-0.0001159400402551,-2.0267840319188e-07,7.85653681191119e-17,-2.93767737852639e-17,-6.81259053272686e-17,3.55577778718175e-17,-7.58392193071512e-09,-9.87639714767235e-08,-2.20540046503773e-08,2.86425107852601e-17,4.50468620026862e-18,-2.10872717671554e-08,1.72011320385924e-07,-1.31140058360079e-16,-1.36534759033007e-16,-1.00429802109191e-07,-7.38508356980755e-17,-7.11623224441961e-07,-2.78666381155073e-17,6.0783567913376e-07,-4.32341833248928e-17,-7.02101468726452e-17,1.47374248669365e-17,1.64021737764367e-16,3.06165091005459e-17,2.07190240834689e-16,1.16777579050933e-08,-8.1671206870766e-08,-1.83306178543741e-17,-5.43573228504779e-08,5.84210461104536e-05,-1.00140224356589e-17,4.07448211887993e-17,3.30461444228526e-16,-9.8918708593126e-17,2.23848664247533e-07,3.58014681019788e-08,-5.89659517861645e-17,1.33387888430779e-16,-1.04395102237691e-05,-1.31175580955258e-07,-1.98725205303752e-09,1.31422887917331e-17,-7.19952777157107e-18,-6.55218965565935e-18,6.9883932413511e-17,9.72846956899351e-17,2.0756365208899e-17,8.55740795742242e-07,-8.09289937661246e-07,-1.5559631052529e-07,-2.20902509001893e-17,-7.35746024646405e-17,1.62631534511161e-16,-7.41549969281489e-19,7.36955292121062e-18,-1.16731631699263e-16,-6.66535850136816e-17,1.72652657338287e-17,-8.26483019543027e-18,2.08323452596826e-17,6.14708609376787e-17,-8.14885339172089e-18,-2.4497684590682e-17,-7.02421035806008e-17,7.71622005851202e-09,-3.12944927904909e-17,-5.83116578657241e-17,1.13421685809059e-17,1.09189473349409e-07,-1.45101625594578e-08,1.50592646580398e-18,-2.81767506000159e-09,9.97334371296634e-08,1.99874769598571e-17,6.59771595256506e-16,-1.9221319172936e-07,4.26622621023885e-17,2.45274736236255e-09,3.27649871859864e-17,-2.47492458320541e-18,1.38496571631731e-17,5.1392964755525e-17,2.64403768906606e-08,-3.29209839627619e-07,1.16330171758373e-16,-2.24752222551377e-16,-2.70458789632178e-17,-8.77399541672628e-17,-3.14418630020796e-18,5.70051025926242e-17,-6.57073457011602e-17,1.00736024260366e-16,3.94652027044378e-09,1.64798937029373e-17,3.87205708446716e-17,4.69324227107967e-17,-7.6468386665017e-17,-5.01378467613847e-17,2.08938157501088e-16,-1.37277878254688e-06,6.61243594024974e-17,-7.74316072504762e-18,5.79832426544582e-08,-2.00978116655867e-17,2.62301233627629e-17,-3.69592886823829e-18,-1.47721428801265e-17,4.82610303347463e-08,-2.49322313278369e-18,-3.92331458766978e-07,3.08606142702423e-18,3.74046788074662e-17,1.61415796071651e-17,5.26115033429222e-16,-6.47368029018715e-17,6.92296049350597e-17,1.4165047114986e-08,-2.20507591359427e-16,1.56830464481463e-16,7.25601143987135e-09,-1.76715449132417e-06,1.11701732443923e-17,1.98067150403128e-06,1.81170231808807e-07,3.46505590323465e-17,-1.29121931879149e-16,-4.8849309897309e-17,8.29014530984779e-19,5.28109498538255e-17,-3.03566242718038e-07,3.96927965025203e-17,-2.17553303129091e-16,3.34091929671798e-17,1.21455878550858e-07,9.72551579374869e-17,-4.73028620982475e-17,9.40303907047671e-17,-1.96049868601512e-17,-5.5290011679062e-08,2.53083646114378e-16,1.51074909585896e-09,-2.97819699705084e-17,5.92679942165217e-18,7.28784618397093e-18,-4.39176873716672e-18,-8.76368599765647e-17,-5.92050967010417e-18,3.54205793740613e-17,-2.61784876711929e-08,2.10264284016189e-17,3.89814803777222e-18,1.10022778487939e-08,1.64555043249829e-17,2.77659482587206e-17,7.18784375913818e-17,3.88476462272267e-17,-1.12742061615892e-17,-5.525504075908e-17,-7.96817389369944e-08,-5.69140994779778e-18,2.21170301905832e-17,2.37166521603217e-08,-6.0911705074926e-18,1.19084401449082e-16,-4.2723145053441e-17,1.50069851640803e-16,-1.68980154039065e-17,5.0264765284025e-17,6.4969511659734e-18,2.33343818353559e-17,2.93918701055815e-17,5.31130943754927e-17,4.08203431663415e-17,-1.24230723913713e-08,4.11878744167229e-08,-1.02724806128589e-16,-3.66759615392529e-17,2.47231129187304e-18,-9.61092645254147e-17,6.31818816015928e-16,2.10490774730729e-16,3.50051925500095e-17,1.26782119260308e-16,-9.90944860524325e-07,-6.00434370438061e-17,2.9226913005018e-17,-1.06835757217672e-16,1.64819054782666e-17,4.56234207300327e-09,7.06377156434709e-17,-7.22848457351253e-10,4.70767476420122e-18,-3.88140747998638e-17,5.42025166023612e-17,-1.45418690775236e-17,9.43667417311198e-17,-2.08489001727086e-18,1.45551614520147e-16,-2.67828301026079e-17,-5.33932702329853e-18,1.54174341514776e-17,4.45773560768699e-17,4.93862131482006e-17,1.82138604207025e-16,3.16167323580475e-17,2.0567223623171e-17,6.18062511518765e-17,-1.2223018215206e-17,-1.29948408783644e-16,-1.86122642942332e-17,-6.39361941519796e-17,3.38379498032726e-16,-2.66568453274353e-17,-1.36505259358158e-17,-6.69802143160128e-17,-3.6767994154721e-17,3.76962536338611e-09,-1.45932283351339e-16,-6.62960108644124e-17,3.52610764932385e-18,-2.07124873550733e-16,-4.23195318569536e-17,9.20281205132767e-18,6.14133578067485e-17,-6.16873573775613e-18,-3.65618759265901e-17,-2.68835309758584e-17,5.5348520905385e-17,2.44231833417263e-17,-5.40295496477849e-17,-4.54772289809883e-18,-1.42663672186678e-16,8.56399807295161e-17,-2.87403999545284e-17,-4.8417563560691e-08,2.69284736608439e-17,7.20971074323945e-17,1.20014057852917e-17,1.39377448004567e-16,1.48086614035217e-16,-3.58365718611287e-16,5.75997964480399e-17,1.19409078120782e-16,3.21719049473368e-17,1.63673692155498e-08,8.35094220145334e-17,-1.67378494199364e-17,-5.30777208673221e-17,4.54704967721516e-17,4.91865657155106e-17,-1.66301118732022e-16,-4.11531828450884e-17,-1.43314626266223e-17,-2.93044585809214e-18,1.07396718039625e-16,-9.15119523332665e-17,7.22006608216384e-17,-1.05764556994245e-16,5.15489772279151e-08,-2.33650104538342e-17,-1.06191190217545e-16,-1.45704205424357e-16,-6.95190432997705e-16,-1.41213308349669e-08,3.49815067087902e-17,1.49315956516393e-17,9.22057601681675e-18,1.04975205235562e-16,5.3040282703356e-17,5.63003966011161e-17,1.63229972652686e-16,2.05406040696943e-17,-7.68247509679761e-17,1.4089475921504e-16,9.69767220997974e-17,9.95326472261478e-17,1.27826371761374e-16,-6.86188616375204e-18,-7.25564488266885e-17,-3.13349318417615e-17,-2.35564092417055e-16
"t5",0.0262124074557744,-0.00242474722421311,-0.00214241749321501,-0.000335499217966831,-0.0111081437887737,0.0941684928201355,0.0160412642601155,0.000102299012538591,0.0240641526233953,-0.018085362369822,-0.00324609992956141,0.00227857207216394,-0.00433696168140878,-0.00089757118634738,-0.0227456105802229,0.000488965628134045,0.000341216865479135,-7.00765453693106e-05,0.00261458231117251,0.000387103254578907,-8.2368977428015e-05,5.74428352029031e-06,0.000668726932680161,-0.000136815542595244,2.78531162627904e-05,-0.115515612156656,-0.00787959168644104,0.000505957224990009,-0.00221965486629754,0.00389928462470031,0.000102940338105973,-0.003796906773028,-0.000191890020926842,0.00164912514936966,-0.000165227315326841,-0.000145175808734793,-2.59018954501075e-05,0.00134415345379679,0.000279233251640251,7.03587561832232e-05,0.000209067329235259,-0.000366816667523787,1.71165717657758e-05,-0.000290875866637205,6.33332270670959e-05,-1.26482757859663e-05,2.32171066464653e-06,-3.42736466537302e-05,0.000465949875164305,-0.000892578298996582,5.26805455978962e-05,-5.02353475761232e-05,9.65211327118719e-07,-2.17794119151018e-05,0.000574379583847369,-0.0287653335354606,-2.12784105555148e-06,3.48315829892575e-06,-1.00261194174756e-05,1.61292288238223e-07,7.04325994584172e-07,-1.57672159716471e-05,4.92537682587932e-05,-3.97584634176374e-05,5.77374916924688e-05,-2.36146147423973e-05,6.69085747969086e-05,-0.18205020941219,-0.00197293493316652,0.0552790839769635,-5.0194430448042e-06,4.13040401350514e-06,0.1137976951689,-3.29104583240643e-05,1.33787651956058e-05,1.14076549293055e-06,-0.000104123515774147,1.40749847587605e-05,-0.000518800788972523,-0.00612407602001353,2.55595656515139e-05,0.0023460407198903,-0.000164825908374915,-6.63729096520803e-05,5.0577892649871e-05,0.000136963810457213,-2.07609661507054e-05,-3.67930505239471e-05,-7.26860729876934e-07,2.78253516799555e-05,-6.87313763083409e-05,4.24430752813364e-07,0.0276581432997559,-4.01988529125006e-05,-2.16325405526178e-06,-8.64931836139486e-06,-1.01088593413935e-06,3.02517178665029e-06,-1.81345139790098e-05,0.000380521380244834,0.235084228912414,1.61236564012538e-05,-0.016791513510214,0.000151177143858742,-8.35317747218635e-05,2.29339538044098e-05,-0.0309712718701492,-8.63036102884719e-05,0.00140410190511881,-1.68999410345421e-06,-4.43171592562092e-05,-2.82767646192782e-05,7.71587213591214e-06,2.1865808027252e-06,-9.79755611279765e-07,5.38592445142368e-06,-9.77521886482201e-05,0.000139034070726994,-0.00115535248002005,7.44457335848601e-05,-4.83408711935213e-05,0.000205753229517685,-0.0114248895464143,-0.0487251381286344,-0.000192766833925869,0.000239569814631446,-2.28135588576923e-05,0.000133005801220154,-6.40962946348045e-05,-0.00219428572174623,-1.4354965313253e-05,-2.9126556545254e-05,-1.79067791384287e-09,-5.34642215642458e-06,-9.31422238303322e-08,-2.23210951047514e-05,1.19308961648238e-05,1.39712480957551e-05,-0.000221382860471244,0.000794205157432643,-1.27521709697488e-05,-1.30391180348146e-07,-0.000270250610903599,0.000318194105934292,-4.42013875313188e-07,2.53817217699494e-07,6.98813819052224e-07,-1.97957363600969e-06,-1.38879696594597e-07,0.0298012547449619,-2.02323428080854e-06,-8.23089460890268e-07,-6.71576827876623e-08,1.3152149946761e-06,3.59816568689292e-09,1.03979472957004e-09,2.92710645861897e-08,-4.5623845400537e-07,-2.45059716156234e-07,-8.16417093749945e-08,-4.06513181227273e-07,5.9394146767384e-08,-4.02798774479363e-07,-5.8847627461677e-07,3.70034431543904e-07,-2.31814332958304e-07,2.40431382060576e-06,4.02818410481553e-08,1.99221263141529e-06,1.83414011670667e-07,-2.80181749353381e-07,-4.84273383341067e-08,4.22535722993585e-09,1.25040506780741e-07,1.79282833110364e-08,4.5893365367303e-05,1.14250687172544e-09,5.62323927434078e-09,5.86074736780394e-07,3.31244186472828e-07,-1.48889732478623e-06,-5.21427497323377e-07,1.17672485970568e-07,4.99695635179541e-10,1.59214270925881e-08,5.20133279295363e-09,9.30787635149866e-06,-3.11490103270273e-06,-1.41104751802406e-05,1.47683953343776e-06,5.66591477568368e-07,-1.35401406790889e-06,-0.000262025129770134,-7.43889022899944e-10,-7.90357040707735e-08,1.68943552798211e-06,3.23330625523769e-06,2.02781502612453e-07,-2.1553264363541e-06,-1.18529630580642e-06,-1.19419617774087e-06,-1.87208859389651e-05,4.15412643461119e-08,7.95248378894675e-07,1.36494532551133e-05,5.87745488151207e-06,-9.59918710793668e-06,-4.53704400185054e-06,8.43050507318249e-05,5.70733936979592e-08,0.000451237701649842,-6.69831324171843e-06,3.73617962410217e-05,6.86827246497832e-05,3.96979248843247e-07,3.11998806373777e-06,-1.06670615198817e-06,-7.10242922094828e-07,2.20869749086237e-05,0.00506126027901048,6.44585715083061e-05,-0.000150397606897493,-4.10281166178923e-05,-0.000234127394445641,0.594104275235283,-0.000264402125283381,-0.0255855591578215,-1.58490990889472e-05,-0.000215521224195958,-0.000131207010878337,2.98880226268114e-05,5.92988472012765e-06,5.26389448845861e-05,0.0303131046552629,-2.22609567901755e-06,-4.24302084254172e-07,-0.005481220095607,1.25477464651992e-16,-1.19764426486198e-06,1.70272264667479e-05,-3.20244069429457e-06,-7.91157278572479e-06,-0.00327517475490517,-4.50295806937916e-07,-2.57619966766295e-05,6.80237126827435e-06,-1.28052203890943e-06,8.13148227211252e-08,-1.57988123306784e-06,0.000175970182496012,-4.51414337458431e-07,4.78277711193291e-05,-3.48786649226504e-05,1.38668941733852e-07,-8.7175121531711e-09,4.01965628716446e-07,-3.54343244259647e-07,5.55183446839148e-06,1.33980376379861e-05,-2.49376761939743e-06,4.72535127540212e-06,-8.69512871212011e-06,9.82924392136224e-05,-5.83967706167406e-06,5.93260576928341e-06,-2.00540184749373e-06,3.64952864294966e-08,0.00014987987831817,-2.41074926233707e-06,2.27209448965985e-06,7.41327664395579e-08,-1.91977069849573e-06,1.92850838874147e-06,-2.19559480982303e-06,3.46468996823284e-06,-6.69466239729667e-06,5.23963685537071e-06,-3.91769804295657e-07,0.00205868266517978,-1.61592387312967e-07,9.77019139973519e-06,-0.707106781186549,-2.80950269825886e-05,-9.67848670262122e-07,-1.09638754920315e-10,-9.62657515476121e-07,4.56887378681988e-05,-1.43312937484462e-06,-2.47357490856989e-07,2.83091077525597e-08,-1.30384622471167e-06,7.74601215774797e-05,1.71186242823637e-06,-1.30188824423516e-07,1.9362899422007e-05,-2.33741741262848e-05,6.39318807991928e-06,-1.11750088968427e-05,1.58410001162496e-06,6.47458934315761e-07,4.26706210251837e-08,2.71175595546056e-05,-1.77433062013044e-05,8.87751055607031e-08,-0.00801491766981227,1.76156896978763e-06,-7.13963688137254e-06,0.000253391196762065,8.07687546134937e-06,4.78001874923333e-06,-1.78369252576762e-06,-0.0930301844508615,-2.42260634883945e-07,-3.76272600212034e-07,1.85555683300217e-07,2.51873418176266e-06,-6.57469224728303e-06,-5.49093187697189e-17,2.64531105953231e-08,1.41514005733802e-06,-1.32713779735639e-07,7.75108941958771e-06,8.63650525929841e-08,2.0464483267301e-06,4.86490967224496e-06,-6.62067398318944e-06,0.00204528306012064,-2.02896913796414e-16,-1.66612463293152e-05,-1.35104924078592e-08,-5.80920684020724e-07,2.42154714515495e-07,0.000130130251704894,-2.99222502961064e-07,-1.1483250818227e-05,3.06193455027117e-06,-1.27431243513519e-06,1.91008599018603e-05,-2.56832242186785e-07,-6.98028034949273e-06,-3.24657267804355e-08,-4.58847301462988e-09,-6.92293739105678e-06,3.6521201909894e-07,-7.48463411938574e-06,-4.03095555761535e-16,-1.90820760069819e-06,1.49547357494143e-07,4.30980581291373e-09,3.77142881886963e-08,-1.39068589433058e-05,-2.83130793870106e-05,1.26267973624138e-06,-4.59020865037453e-06,-0.00021341496813698,1.25146652340648e-16,-4.61660139334385e-06,-1.60275097722001e-07,-5.78152808720551e-06,5.57437418899048e-14,1.75026699807923e-05,1.36986613989353e-06,-2.09196648063254e-07,-8.80732094573058e-06,-2.92134958888114e-06,-1.55435557727771e-06,-4.92506923629053e-06,1.54799719548401e-06,1.09483933744831e-06,6.04332411715382e-08,3.33897044465245e-06,4.25403696214344e-07,1.81241315134344e-16,-1.70253451849753e-07,0.000174156800867382,2.6377595620967e-06,-3.98230321414248e-06,-1.35800616537126e-17,-3.38864916729854e-07,6.20009632975845e-08,-1.68388098411834e-06,-1.00029669646875e-07,-3.76919310509746e-06,3.5248015647184e-07,-4.64766171527344e-06,7.14988591129785e-06,1.49352233568225e-16,2.56313824012193e-05,-4.31254105879875e-07,1.21103791644596e-06,3.1548107379662e-05,-2.59705339015534e-07,-2.14961511878751e-08,-2.47198095326695e-16,3.04776050051711e-17,-2.06502157405331e-08,-2.32735633223343e-07,3.0675404866716e-08,-3.48251308297547e-06,1.70335793475954e-14,-1.64539850631495e-06,-1.94032014179985e-08,-9.7400139123737e-18,-5.74701993092245e-17,7.71913246973574e-17,4.11851929533942e-06,1.08309457465006e-06,-1.20614762945965e-06,1.45531745962891e-05,0.00166519979094845,8.72108482021755e-07,-3.80221829678997e-07,-2.49136739323146e-16,-8.51749962580369e-08,2.39446180141758e-07,-1.27855470053578e-16,-6.55013367653867e-17,-1.50049148948426e-07,-9.05382725447041e-10,-8.85489546678894e-08,5.39095659152381e-06,8.74576511160041e-08,-3.68632380675986e-07,5.12883657914962e-16,-0.000396354539550564,3.8738278719651e-17,-4.1394254017428e-06,-7.54252346343853e-16,-9.65848699674648e-08,-2.54973972828903e-17,3.96497768570169e-07,1.04400643623907e-07,4.9191274902495e-07,0.000171745220802434,2.66304089217831e-07,-3.1785038285969e-08,2.02008923907956e-07,7.05183079138954e-08,3.80874196933956e-06,3.50680003306099e-07,7.04851885534644e-08,-1.98040696574911e-07,-3.79073338170164e-06,-3.07177645124127e-07,-9.43981609405651e-08,-1.39381371317661e-17,8.82603808058628e-07,-1.52042273432707e-07,7.91473660320802e-08,1.45712623363528e-17,1.56861272747853e-07,0.00129694306452675,1.19470492652312e-06,-2.71536344470687e-16,-2.98608759586463e-07,-1.83026272255884e-06,2.05802141437072e-16,-2.17494693965185e-07,4.87769897180132e-07,-1.52690542481267e-16,-1.94169719952475e-17,-1.7892063165322e-08,-1.07122419190795e-06,-6.1028678279977e-09,-8.4670709125442e-06,6.00712059271229e-05,5.85263416014389e-08,6.3303347297038e-07,5.25934672798057e-07,-2.11443169955089e-05,-1.23772520010945e-15,2.41600405450563e-09,1.85904114724152e-08,5.13102735278347e-08,4.80074392369321e-06,-9.85425910168771e-17,-7.46652893848916e-17,1.57822173389965e-06,8.03125073015798e-17,-2.94866117988777e-16,6.67927743422878e-07,-9.81918372181994e-07,-1.83833133015205e-07,-1.08745615688958e-07,4.69786328917891e-06,1.2271463626982e-06,3.80024879275914e-07,8.31562398296928e-17,8.71746903404624e-07,4.06774049661914e-08,1.86603433193199e-07,-1.68235579608884e-07,6.62947877496869e-07,1.75901418682798e-16,7.67467223219523e-17,5.01067077804873e-17,-6.44571920038578e-07,-2.80365870969551e-08,-4.76610982648865e-05,-1.45167896093858e-16,-2.12081989751629e-08,-1.60146509572056e-16,-5.92993811163887e-18,3.61348680499161e-06,-0.000265421181830545,5.44920011891215e-16,-2.07199971564393e-06,-9.5991056334618e-08,3.54062929896023e-16,2.1689198164258e-07,1.35426697062796e-12,8.51906579116269e-07,-7.84476499909985e-17,8.49616188971558e-07,6.6120465882861e-07,2.39342201984691e-08,2.50578508269685e-07,1.71961565762175e-06,-7.71529872015944e-08,6.22763386231684e-05,2.42476829385433e-17,1.39272670274295e-06,-7.85970469651653e-08,1.77767135842348e-16,-1.03523663538936e-08,-2.1087459564582e-07,4.89738856831263e-08,-3.20027703263522e-16,1.56861888734747e-07,2.07435502718418e-07,-2.57464923092163e-17,-9.24276357681129e-06,-1.27041456413402e-06,-5.95224376264196e-09,2.4526646743789e-17,1.75515131707519e-16,1.06234785685642e-07,3.6102196469814e-07,2.92032876857554e-08,-4.21493361456569e-08,2.12996646738576e-07,5.52766057827551e-17,1.08174484345327e-16,7.77292203035411e-07,5.35755414792043e-09,1.82152065343245e-16,1.87713095362241e-06,4.6385001985269e-19,8.74577337641108e-08,-3.58674867325488e-07,-2.0955673116422e-07,-1.38893288708986e-06,-2.09163804394528e-16,1.07848916721528e-17,1.90615580758022e-17,-3.29558024686155e-17,-1.00393998120491e-08,-3.48182276136282e-08,5.44780428152886e-17,-2.04986988581885e-16,-7.10644072274867e-17,4.89814946011086e-08,4.40074567076929e-10,-2.42159693900002e-08,-5.14492074215425e-17,4.07402518838584e-16,2.21800659436222e-16,-1.03668592744748e-06,3.17206012827485e-08,-3.72063752495262e-17,5.56118665723783e-09,-1.454339047377e-07,-3.6284500467933e-17,-6.45916133518074e-17,-1.11315832784147e-06,-1.02874523755327e-09,-5.51172694434037e-07,1.26908468750205e-16,5.59359832550415e-08,2.34556461753858e-05,2.51430366857953e-05,-8.8046935892522e-07,-2.13911830936056e-07,3.48109169523133e-09,1.91545929573155e-16,-1.08685579815542e-16,1.11822733617293e-17,6.6069678382066e-08,-5.98190823954588e-08,-2.49616810075786e-07,-1.7718895154096e-08,-6.3533320006325e-17,1.05968427438125e-16,-2.90739146677101e-17,-4.08389114912632e-17,2.09918944990821e-16,8.4513938409034e-08,1.90797335094039e-17,-6.68755908115383e-16,-1.51408179323725e-07,3.90156006215614e-17,-1.35535220510006e-07,-2.40340365720389e-18,-1.68031567976876e-07,1.8721209080472e-17,-2.03564038631167e-07,-2.54836205229465e-08,-2.10276610494679e-07,2.80401194181185e-17,8.20471123120851e-07,2.28906169331383e-17,0.000959062052008255,-1.82165136066099e-07,1.00833551238544e-09,-7.69596808241358e-17,1.62881640034489e-06,1.07158252850212e-16,-0.000115940040254131,-2.0267840372445e-07,1.80618181136332e-17,2.37541690198098e-17,-2.25819639302977e-17,2.78049933965387e-17,-7.58392175630735e-09,-9.87639713659391e-08,-2.20540048675547e-08,-4.31139413997212e-17,2.01512608090632e-17,-2.10872713193802e-08,1.72011320285744e-07,1.22671597623082e-16,8.18166425921782e-17,-1.00429802170604e-07,1.30050549351826e-17,-7.11623224177685e-07,-2.1297469714938e-17,6.07835679496822e-07,-3.14431281869425e-17,-1.62140653562794e-16,-1.72196935210608e-17,-5.71531143992428e-17,-4.00080437792113e-17,-6.55408156543703e-17,1.16777580260234e-08,-8.16712066362423e-08,-7.12424945094178e-18,-5.43573226967491e-08,5.84210461111233e-05,-6.43886934202655e-17,-1.84708717245703e-17,1.28494369047113e-17,8.7833364526348e-17,2.23848663729463e-07,3.58014683723741e-08,-7.70496499899398e-19,5.95329169022922e-17,-1.04395102238603e-05,-1.31175580819978e-07,-1.98725238747417e-09,-1.32038791608887e-16,-2.78688839192752e-17,2.84960605463819e-17,-9.07797369915398e-17,6.69148796624908e-17,1.1913967135584e-16,8.55740795804713e-07,-8.09289937758786e-07,-1.55596310687832e-07,1.47523294874444e-17,3.35543354308709e-17,-4.24734720179367e-18,7.28047198028497e-17,2.38661472958635e-18,-1.21654062895331e-17,6.61472245982729e-17,7.0403940962773e-19,-5.9705378414782e-18,3.76654670643174e-17,1.93946720792457e-17,8.01052565159102e-17,2.59295887413588e-17,3.18527156911928e-17,7.71621983082434e-09,4.62404219381368e-17,-5.44085306226325e-17,4.78307772922227e-17,1.09189473287574e-07,-1.45101626581255e-08,2.07105367173758e-17,-2.81767502290581e-09,9.97334371022398e-08,-4.35429909698609e-17,7.33212598796694e-16,-1.9221319149998e-07,-1.18758465770917e-16,2.45274755102641e-09,-3.69388802977206e-18,1.37050109200747e-18,4.04709912959483e-17,-8.18280747646684e-17,2.64403773142478e-08,-3.29209839740759e-07,8.40616079510828e-17,-1.40269364753815e-16,1.38258481601485e-17,-9.53509677468524e-18,-1.1703962451981e-16,-8.48823132483688e-17,-2.08713389705014e-17,1.02631674647966e-16,3.94652024175296e-09,-2.05679582422518e-17,-1.26586287374508e-17,-5.9061165060679e-17,-5.14648576520257e-17,8.57066734124208e-17,-9.68542889850192e-17,-1.37277878274303e-06,-3.8832257761242e-17,8.41309837576664e-18,5.79832426086861e-08,-2.82765922085172e-18,4.99021973223365e-17,-1.37117871708527e-17,1.52783793200731e-17,4.82610303215658e-08,-2.23879386210417e-17,-3.92331458679704e-07,-4.34427152926627e-17,2.65538385990373e-17,8.21538162136276e-17,-9.03563185000223e-16,3.72773775387217e-17,-2.72561746716678e-16,1.41650469890613e-08,-7.45752155202643e-17,-2.93140701075073e-16,7.2560112818017e-09,-1.76715449140843e-06,-1.20009439851821e-17,1.98067150397638e-06,1.81170231685363e-07,5.40213317315891e-17,-1.16687484954091e-16,-3.03090778205477e-17,2.30714031803764e-17,-1.93629655721604e-17,-3.03566242756134e-07,-9.81110472525994e-17,-1.10471397937238e-16,1.84264157092119e-17,1.21455878549129e-07,7.63570802156014e-17,-1.92940550175627e-17,-3.58136833683071e-17,-2.39856799949216e-17,-5.52900119062843e-08,-3.34922089397737e-17,1.51074897980077e-09,1.18073227630392e-18,1.60789832925159e-16,-4.41781784210185e-17,-1.37300280685233e-17,5.03762322506592e-17,3.0307250750616e-17,-1.88957553614957e-17,-2.61784877894486e-08,3.81954186554039e-17,-3.4567664180459e-16,1.1002278137963e-08,6.83888864694019e-18,3.30183821852559e-17,-1.40978411927613e-16,7.5177525445211e-17,3.38775046159847e-17,-1.89866976946071e-17,-7.96817387699489e-08,-7.85617935689472e-18,1.82665384592246e-17,2.37166523991705e-08,-7.50461539434297e-17,-8.34579352908092e-17,7.5931176314527e-18,-9.66900999796123e-17,1.00911873699935e-18,-3.07779261991943e-17,1.09579201984281e-18,-4.42481168390177e-17,-3.02612284453685e-16,-2.0922243606112e-17,1.74257178305353e-17,-1.24230724380101e-08,4.11878743969544e-08,6.69044352871815e-17,5.49514730612061e-17,-8.81026196396197e-18,1.29567672007714e-16,4.3644558453404e-16,-1.23588719293171e-17,3.36347286393493e-17,-8.69708013577929e-17,-9.90944860665684e-07,1.67664217095674e-17,3.71860354170955e-17,5.53224035853565e-17,-3.09047465305539e-17,4.56234209433351e-09,3.35613284294162e-17,-7.22848327582258e-10,-2.61807858062286e-17,-3.75913443839312e-17,1.69686705026499e-16,6.07230675345147e-18,-1.07420584651057e-17,4.97760702121977e-17,1.84951587775381e-16,1.83375647823154e-16,-2.21336912410515e-18,6.64024628883705e-18,-1.73323682960298e-17,4.52581591039043e-17,-9.73976996077305e-17,-6.42183504480048e-17,-2.6731746944346e-17,8.78620286199496e-17,3.9123852959674e-17,3.00953065149781e-17,-5.41084199231174e-17,6.16024619240603e-17,-2.32832416541262e-16,3.39826852697444e-17,-5.71473618431965e-17,4.03017953768676e-17,5.69830358420852e-18,3.76962537177342e-09,-7.53777348417933e-17,-4.25519832869961e-17,-1.43327523369725e-17,-1.01197812259333e-16,-4.18449288427379e-17,5.53307967351671e-17,-8.77198380261348e-17,7.33177127254867e-17,2.31061753614923e-17,2.38257784661983e-17,-1.08962318334793e-16,2.49844808652199e-16,1.19305186192265e-16,-1.59728095138096e-18,1.9047568544122e-17,-2.47462439912735e-16,5.55690306360943e-17,-4.84175635314252e-08,-2.88677304885731e-18,-9.22922169660171e-17,-4.03419135280222e-17,3.71958494314594e-17,-2.14004811216468e-16,-2.81664088610058e-17,-4.46924728718599e-17,3.97780548170597e-17,-6.2782087667095e-17,1.63673693987596e-08,1.94897642710273e-16,-2.10172266372886e-17,9.02033467093705e-17,-1.7051670761647e-17,-1.38928760127066e-17,3.16365165133493e-17,1.06916626620965e-16,-3.89453670776859e-17,-1.69548391584984e-17,6.94432454318779e-17,-3.57186308536845e-17,-7.01947853657657e-18,6.88024374261463e-17,5.15489772245999e-08,1.52849399939211e-18,-7.23415774148823e-18,1.79411497344751e-18,-6.64073830647371e-16,-1.41213310609063e-08,-5.54918875277744e-17,5.05482790299108e-17,-7.36399413953686e-18,-1.11369502922123e-16,1.65346997071604e-17,2.25532612460642e-17,2.24187980700162e-16,7.23961792430397e-17,2.0373055548885e-17,-8.6692400294855e-17,4.1269491678998e-17,1.31655979410003e-17,2.0116027406383e-16,3.21027595358775e-18,-1.21389152147194e-16,4.06505850099766e-18,-1.87071417722471e-16
"t280",0.0262096777285781,-0.00242419925866103,-0.00214191677835155,-0.000335392084374872,-0.0111037271096205,0.0941238684182019,0.0160334972518691,0.000102245081066942,0.0240488538300697,-0.0180710183515995,-0.00324269129155315,0.00227548685828068,-0.00433087549073755,-0.000896287804357736,-0.022711303881179,0.000488172756369306,0.000340646714223909,-6.99567365834845e-05,0.00260997915362319,0.000386344583221257,-8.21900004071871e-05,5.72819078978307e-06,0.000666706315933504,-0.000136398843178125,2.77678170093675e-05,-0.115137916050775,-0.0078533959837826,0.000504253717735516,-0.00221189438603323,0.00388191496115191,0.000102435438821804,-0.00377698229414043,-0.000190768926492913,0.00163876671989484,-0.000164104399914384,-0.000144059349895541,-2.56985734581499e-05,0.00133332712279549,0.00027695910286753,6.9771666580282e-05,0.000207239264667223,-0.000363478988924148,1.69569284341926e-05,-0.000288157374994999,6.27238858811954e-05,-1.25131206700952e-05,2.29610944207737e-06,-3.38901236283455e-05,0.000460518745146645,-0.000881710643305346,5.20013206875071e-05,-4.95703395934678e-05,9.52384796192564e-07,-2.14804160312688e-05,0.000565982859557123,-0.0283408462790507,-2.0908210155459e-06,3.41986518321414e-06,-9.84299408612614e-06,1.58024043138527e-07,6.88927699049478e-07,-1.54095792095929e-05,4.8103197635877e-05,-3.88228465033159e-05,5.63036431834972e-05,-2.29998022378975e-05,6.49828665079742e-05,-0.176579291047404,-0.00191247267335141,0.0535253448616933,-4.83150102838192e-06,3.95922600118727e-06,0.109019344564087,-3.14944186532271e-05,1.28015105425496e-05,1.09109492366065e-06,-9.9574423800429e-05,1.34510196789851e-05,-0.000495394183383252,-0.00584797421216645,2.44249468610344e-05,0.00224255078423631,-0.000158200438144682,-6.38385330418048e-05,4.94377542803933e-05,0.000134853917654515,-2.06293035696473e-05,-3.66213099985118e-05,-7.23793229574608e-07,2.77397568591931e-05,-6.88182594054092e-05,4.53894294104567e-07,0.0298535441611632,-4.73481401554097e-05,-3.78283935803997e-06,-1.72652970409501e-05,-2.03247047800868e-06,1.20009823140454e-05,-0.000140971210103772,-0.000608309381269272,-0.118375697569564,-7.41186550524263e-06,0.00696755837445878,1.41668046430645e-05,-7.99332055962323e-06,2.2021374379218e-06,-0.00291889408429255,-8.04792863991242e-06,0.000127763822483157,-1.46062986399159e-07,-3.75175627316034e-06,-2.02065136813333e-06,5.36967986782871e-07,3.11833686994557e-08,8.40054665857845e-10,-2.04096619133441e-07,5.49913256346396e-06,-1.56197692667878e-05,0.000201481200175217,-1.68832303562908e-05,1.2510624246414e-05,-7.87980401546179e-05,0.00543521699561829,0.0233636867883544,9.51865369358967e-05,-0.000144456355749581,1.39768007357574e-05,-9.55635437542531e-05,6.98458328811732e-05,0.00240168670032101,1.6222994505902e-05,4.25939977405864e-05,2.75149859494454e-09,8.51368207626795e-06,1.71514347775493e-07,4.19361047221487e-05,-3.0443334020585e-05,-4.58301968558787e-05,0.0010414937477501,-0.00377627365540254,6.47132227614807e-05,6.84348168505903e-07,0.00149840137110865,-0.00180205141450818,2.50400251480816e-06,-1.68158582921156e-06,-6.52315348047872e-06,2.79810911248698e-05,2.21242809749725e-06,-0.639995397755078,4.4611670804978e-05,2.07385064521804e-05,1.84145925018847e-06,-3.99683266157678e-05,-7.59965761967844e-07,-1.12796794399343e-06,1.74910731162494e-05,-1.12346350170064e-05,-5.41605940102094e-06,-1.78192575928577e-06,-8.41346349971169e-06,1.21963441254326e-06,-8.03716596331176e-06,-1.17275488907778e-05,7.42347304379754e-06,-4.8116967412488e-06,6.60802796827988e-05,1.12555708566855e-06,5.59087743470074e-05,5.52432053015167e-06,-9.29959641495958e-06,-1.63243342972829e-06,1.85287236678456e-07,6.11237348425886e-06,1.18961581210065e-06,0.00335452319372368,8.81639676879269e-08,-3.49858482745743e-06,-3.06527401101373e-05,-1.47925721931964e-05,5.81961891264814e-05,1.4717910822944e-05,-2.98768142720532e-06,-1.15266791592042e-08,-3.37504267030105e-07,-8.58353192354501e-08,-0.000145279745979711,3.22732679570737e-05,0.000144474170348077,-1.34749552933439e-05,-3.90020326968292e-06,7.59604648209057e-06,0.00137619673190962,3.55515584064162e-09,3.52967991275163e-07,-6.23660833191746e-06,-1.14752242191014e-05,-6.63449960952823e-07,6.77647450234759e-06,2.78845257517437e-06,2.77299771404412e-06,3.87340418686888e-05,-7.69599781988129e-08,-1.13973580007011e-06,-1.95394178974738e-05,-8.22025094436476e-06,1.25072184917375e-05,5.62880541864555e-06,-9.18657699927372e-05,-5.29459548490191e-08,-0.000367259018913833,5.23362076596753e-06,-2.41917402134725e-05,-3.99277906114962e-05,-2.30113956055195e-07,-1.65901429005206e-06,4.50320149224924e-07,2.86140092606082e-07,-6.809001816222e-06,-0.0012656131728965,-1.48984421962836e-05,2.39084035455024e-05,5.86954271941829e-06,2.95343937254765e-05,-0.0461316680425625,1.80804160897857e-05,0.00169212836476966,3.00495458462523e-07,-1.63213901771915e-06,-4.64458658937059e-06,1.41897767964825e-06,3.53677010807899e-07,3.72358042832703e-06,0.00223797264574969,-2.25623105813767e-07,-4.99054772099148e-08,-0.00073735791505856,7.76404779631868e-17,-1.88696212830762e-07,2.75835151073746e-06,-6.12626453497388e-07,-1.67989715832702e-06,-0.000749168407033991,-1.03433397961183e-07,-6.64821031398295e-06,1.78624038522082e-06,-3.38896238972241e-07,2.23075201075791e-08,-4.4348719172135e-07,5.13849296454083e-05,-1.340177094048e-07,1.42943570087084e-05,-1.07952271065988e-05,4.85415991476927e-08,-3.16469595852426e-09,1.50070539352193e-07,-1.39728675817847e-07,2.19716589482607e-06,5.48334952080088e-06,-1.03861126301128e-06,2.01472971122942e-06,-3.73399754790868e-06,4.25215093073318e-05,-2.55142053070989e-06,2.62886473098396e-06,-8.90031908095119e-07,1.67390271343677e-08,6.87932205169659e-05,-1.10738901685048e-06,1.05235287885426e-06,3.44391973122054e-08,-9.00239241547007e-07,9.05879861619307e-07,-1.08388542830091e-06,1.71875007516402e-06,-3.33366613196552e-06,2.63125423842454e-06,-1.98025812782872e-07,0.00105520892499935,-8.31474968831868e-08,5.04236796721854e-06,-2.86152604536909e-16,-1.46444681625132e-05,-5.0512695041244e-07,-5.74520370103924e-11,-5.09102383457531e-07,2.4342615344289e-05,-7.66147281912202e-07,-1.32453684082622e-07,1.54525623781711e-08,-7.12500169623004e-07,4.23415225276895e-05,9.40320692337039e-07,-7.23862885623792e-08,1.07857854858271e-05,-1.30362416551044e-05,3.57910711258482e-06,-6.31883682859085e-06,8.97216139870136e-07,3.66728662405189e-07,2.41694319896334e-08,1.52697971699019e-05,-9.57890912378496e-06,4.73884580402152e-08,-0.00418890910022004,8.87723304808921e-07,-3.54576738573512e-06,9.36488739517238e-05,2.82663627927256e-06,1.46089426423833e-06,-4.7588866782332e-07,-0.00384513950228289,2.57299484100865e-07,-1.24993751319337e-06,3.57376549620259e-07,3.35868339987211e-06,-6.59221437115888e-06,9.82937880301903e-17,2.03386999036932e-08,1.08205677874081e-06,-1.00811009280297e-07,5.88682679533488e-06,6.55812426360757e-08,1.55188940901083e-06,3.68074661833534e-06,-4.99717270955948e-06,0.00153773300258067,2.48344111272974e-17,-1.24583915186148e-05,-1.00980924442904e-08,-4.33858437790345e-07,1.80837794361924e-07,9.7065611722793e-05,-2.23125250827991e-07,-8.56194519340257e-06,2.2832335558088e-06,-9.50833719900132e-07,1.4265734587181e-05,-1.91961831998727e-07,-5.2196065738011e-06,-2.42839578951592e-08,-3.43401357659001e-09,-5.18144921692303e-06,2.73453188518586e-07,-5.60595247432812e-06,-1.48026417358933e-16,-1.43295142115889e-06,1.12365100028689e-07,3.23826860298099e-09,2.8384408999112e-08,-1.0469199240191e-05,-2.13819753350294e-05,9.54446813891986e-07,-3.47032106089832e-06,-0.000161458355548708,-1.53841764521804e-16,-3.49541776471053e-06,-1.21386348708787e-07,-4.38350421228749e-06,4.22898826179817e-14,1.32860723752572e-05,1.04013899127119e-06,-1.58865875729976e-07,-6.69035386600946e-06,-2.22026817059255e-06,-1.18177484007956e-06,-3.74561948736076e-06,1.17830210023409e-06,8.33453302007949e-07,4.60324154834852e-08,2.54595423534714e-06,3.24386061545613e-07,-1.63884528681996e-17,-1.30085842134077e-07,0.000133114414833943,2.01766982636322e-06,-3.04962434736979e-06,3.78559331778768e-17,-2.60131525283642e-07,4.77220773802372e-08,-1.29759985857589e-06,-7.71245917577742e-08,-2.90798238699117e-06,2.72264223822798e-07,-3.59671558252612e-06,5.55778842275672e-06,2.76707059352404e-17,1.99977191606989e-05,-3.36571445591968e-07,9.4576373828577e-07,2.46594323848129e-05,-2.03011178396514e-07,-1.68076659157288e-08,-1.4137996329211e-16,-1.31821151865155e-16,-1.61689770350887e-08,-1.82448839121698e-07,2.40509689621367e-08,-2.73332664478948e-06,1.30824588878092e-14,-1.29431879508635e-06,-1.52778746356613e-08,-1.68980078334291e-16,1.31303778956814e-16,-1.40794149183133e-16,3.25235782210568e-06,8.55619004658225e-07,-9.5399882941234e-07,1.15225268026017e-05,0.00131858345663048,6.91310864124458e-07,-3.01434218015213e-07,1.11016135827565e-16,-6.76662350943581e-08,1.9036090135394e-07,3.85643440836475e-16,2.8128613316718e-17,-1.19612486281663e-07,-7.22184274911038e-10,-7.06904056301729e-08,4.3060708590832e-06,6.99297650518263e-08,-2.94801248228808e-07,-1.3868560386549e-16,-0.000317042237765605,-2.12634729400857e-16,-3.31322785615381e-06,-8.20361573811157e-16,-7.73432866598757e-08,1.00593601105644e-16,3.17693689518608e-07,8.36608048344128e-08,3.94793345551176e-07,0.000137881119537151,2.13823531536614e-07,-2.55357565187031e-08,1.62371402018825e-07,5.67448682830469e-08,3.06485912095855e-06,2.82284353243884e-07,5.67727193763679e-08,-1.59641816642604e-07,-3.05777284304318e-06,-2.47911449497719e-07,-7.62044356803002e-08,1.26250913711472e-16,7.13047390062864e-07,-1.22923462571143e-07,6.41178596783695e-08,-1.58492241302872e-17,1.27146211129834e-07,0.00105213760335076,9.69539472086265e-07,7.96153319220895e-17,-2.42373842183161e-07,-1.4866350500688e-06,3.27239338062481e-16,-1.76721454936799e-07,3.97129235967148e-07,-1.71637601606504e-16,-2.18987868579867e-16,-1.4578391520843e-08,-8.72889185530243e-07,-4.97451349192729e-09,-6.9041543043837e-06,4.90232776817694e-05,4.77659111418233e-08,5.16697923773631e-07,4.29742215395064e-07,-1.72918932575965e-05,5.11418164761412e-16,1.97645001347933e-09,1.5209005982231e-08,4.1985522753686e-08,3.92919555713502e-06,6.17892578121567e-16,-1.04185993770412e-15,1.29210906720054e-06,1.44129207253633e-15,-2.50644709002749e-16,5.47894540907534e-07,-8.05720179109512e-07,-1.50846626257686e-07,-8.92954868763106e-08,3.85797347625887e-06,1.00777600459302e-06,3.12130594891518e-07,5.4211163837466e-16,7.16983543212014e-07,3.34654840502239e-08,1.53534034062223e-07,-1.3848635800035e-07,5.46181953943619e-07,6.54587606294373e-16,-1.13164235009076e-15,5.55616230245936e-16,-5.31682768150386e-07,-2.31382155766608e-08,-3.93355971539885e-05,-3.96259180057541e-16,-1.75121597878302e-08,-4.55217523859356e-16,-2.33785494504226e-16,2.99011989750486e-06,-0.000219638856915293,-4.42842377351704e-15,-1.71548460503772e-06,-7.94982356941429e-08,8.47054247137616e-15,1.79735580523136e-07,1.47923394884246e-13,7.06477267126791e-07,-8.33542054426694e-15,7.04623700526355e-07,5.483934476984e-07,1.98518215137415e-08,2.07854423319818e-07,1.42667199848249e-06,-6.40523030321358e-08,5.174952074016e-05,3.56636165779723e-14,1.15862919928512e-06,-6.53938605284354e-08,0.707106781186547,-8.61498722736767e-09,-1.7553053085916e-07,4.07762696453837e-08,-2.048513119532e-17,1.30722059927693e-07,1.7289850195514e-07,3.37337822419485e-14,-7.705694727786e-06,-1.05926732261265e-06,-4.9650815167293e-09,-2.20465975781992e-15,-3.13183612315061e-15,8.87055508149846e-08,3.01580740551201e-07,2.439718672669e-08,-3.52780485071956e-08,1.78326992905239e-07,1.21550501210169e-15,-1.87558858769923e-15,6.5090645172629e-07,4.48654689577569e-09,-7.40895475806336e-15,1.57250412595262e-06,1.30696109910477e-15,7.32894954619713e-08,-3.00707920634508e-07,-1.75695147131242e-07,-1.16464972882353e-06,3.24207565053195e-15,4.49764101667806e-16,-3.21356387632345e-15,-6.72410957856157e-16,-8.42799783355999e-09,-2.9232408551564e-08,-4.66156537427855e-16,4.64337625642918e-18,-4.22679276388908e-16,4.11376181009946e-08,3.6965597599615e-10,-2.03492890424695e-08,-7.37597204658591e-16,-1.04901981198835e-15,2.71798642620391e-15,-8.7235534592571e-07,2.66936733666836e-08,6.60893261229375e-16,4.68240981198133e-09,-1.22479359580778e-07,-8.48462564200672e-16,7.91492054788431e-16,-9.37950081214065e-07,-8.66859600172645e-10,-4.64581661778392e-07,5.64021742327661e-16,4.7172657340386e-08,1.97866077064622e-05,2.12186227519503e-05,-7.43458563250144e-07,-1.80652228951738e-07,2.94068470113602e-09,-7.91346077274697e-19,-5.65488796431381e-16,3.08869694813907e-16,5.59091007271714e-08,-5.06211744504472e-08,-2.11284872352227e-07,-1.50171932050002e-08,3.63331867757731e-16,-3.51538065857907e-18,1.81106554444208e-16,7.47874074641326e-17,6.21838322644369e-16,7.17470933307616e-08,-1.25151531184175e-16,6.09975386458522e-16,-1.28644622990968e-07,-4.87315220566991e-16,-1.15163858626861e-07,2.96995050775811e-17,-1.42788139280023e-07,1.29219263933102e-15,-1.73361228658954e-07,-2.17194577327275e-08,-1.79501376545889e-07,1.04005540116951e-16,7.02719898634442e-07,7.61034380596554e-18,0.00180159442178995,-1.53527369372725e-07,8.50122049496187e-10,5.48598932144258e-16,1.3765359262555e-06,-1.56159903773177e-16,-9.81919139909403e-05,-1.71665937346493e-07,8.3730706785841e-17,7.64177411282758e-16,6.77555629781418e-16,9.30250862741192e-17,-6.43078247865677e-09,-8.37681337429498e-08,-1.87106282245426e-08,-1.11496264859109e-15,-1.24424822048538e-16,-1.79109423295906e-08,1.46108296123285e-07,5.73717347726675e-16,-6.45028737985875e-17,-8.54056277886005e-08,-3.95654123124965e-16,-6.05302705766183e-07,3.55875804211616e-16,5.1734649169008e-07,-3.24972389539033e-17,-4.55774075257614e-16,-3.0592417575565e-16,1.92742605484373e-16,2.32194667820107e-16,-7.2648916850122e-17,9.95100760241492e-09,-6.95957942726641e-08,4.22085797428691e-17,-4.63384508670374e-08,4.9810690167847e-05,3.86813809364853e-16,-6.68676912280716e-16,-2.29865930034177e-17,4.664566614046e-17,1.9098632450243e-07,3.0550340607285e-08,6.60431419217133e-17,-3.97943980272552e-17,-8.90984214285819e-06,-1.11957338222211e-07,-1.69623146375004e-09,3.30682241251301e-16,-1.16040586198955e-16,-1.89113127039621e-16,-1.10855810956004e-16,2.99546205575754e-18,1.68123632886924e-16,7.31295817683216e-07,-6.91675811549509e-07,-1.32997928376547e-07,-8.25385556476218e-17,-1.95300094622705e-16,1.13090882371879e-16,6.17664505596353e-17,-1.16631816521705e-16,-2.54861353804625e-16,3.31720026527003e-16,-1.62274705929857e-17,1.46511030107489e-16,-3.35887508807702e-17,2.24683531809106e-16,-3.60860674663806e-16,-4.92216816626887e-16,2.56175588679459e-16,6.60735356716331e-09,-2.41520804383286e-17,-3.78325172253155e-16,-2.44767341623278e-16,9.35200841483608e-08,-1.24285272960698e-08,2.65038487993945e-16,-2.41353037198945e-09,8.54527829596044e-08,-3.85597230480904e-16,5.8427399916698e-16,-1.64748615099347e-07,-3.92720071274624e-16,2.10318664532642e-09,-1.02232365564564e-17,1.61384211932625e-16,1.56772287882578e-17,-1.13849822033219e-16,2.26873773837771e-08,-2.82493948414678e-07,2.10064143639206e-16,5.59111326912767e-17,-1.90892039938123e-16,-7.89948735280992e-17,1.33356867215717e-16,-2.71623484837106e-17,3.90896730988513e-16,-1.01605325220816e-16,3.39433329238911e-09,-3.67953706744789e-16,3.33762759406517e-16,-2.56903898344859e-16,-4.41723760889079e-16,5.96214908191693e-17,-4.74812143150322e-16,-1.18128354333662e-06,1.61013128196673e-16,3.9171964954294e-17,4.98993984932819e-08,-1.82957536066902e-16,-6.09005924051165e-17,-8.53426300258295e-18,-3.52012068860517e-16,4.15764886149762e-08,3.99106773905209e-17,-3.38054025265741e-07,-2.10744145659474e-16,2.04021658002141e-16,-1.33354862940648e-16,-4.08380386612454e-15,1.39384102003675e-16,2.76430138456721e-16,1.22100516454416e-08,-6.92587527105977e-16,1.56055871483204e-16,6.25640581943783e-09,-1.5237295826221e-06,6.24197581874358e-17,1.7082657670855e-06,1.56265883661172e-07,-2.50362073918505e-16,-6.53189383612321e-17,-3.18004920363397e-17,-3.01907872905733e-16,-1.57539668873485e-16,-2.6214225766687e-07,2.61494151922279e-16,3.87284503331414e-16,-1.64764937354596e-16,1.04913634733468e-07,-4.10363770379326e-17,1.28008023231791e-17,1.32785566840454e-16,2.40741605546783e-16,-4.77783848905194e-08,4.33534687306489e-16,1.30565967943667e-09,4.54684576666601e-17,-4.52924533822908e-17,-1.24566821841355e-16,-2.85282402498626e-16,-4.48967070491847e-17,-2.55976398670467e-16,1.16720846543915e-16,-2.26392146565315e-08,-3.13302187890589e-16,-3.23326567492095e-16,9.51630844451637e-09,-1.00412728326806e-16,1.64298168165291e-16,-1.52255596114336e-17,-2.14613549151779e-17,2.84672309748301e-16,-2.66626896505674e-17,-6.89543173012243e-08,1.33008402209105e-16,-1.67647595051649e-16,2.05282994238039e-08,1.78837956295463e-16,-1.51437947024688e-16,1.14778135329437e-16,-2.15575759570955e-16,1.92483453185748e-16,2.21678278434618e-16,-2.23411710331773e-17,-1.17484129151669e-16,9.54132953386105e-17,2.06585638705119e-16,1.10919127547098e-16,-1.07618142997605e-08,3.56835973169185e-08,-1.31221454068922e-16,-1.91138839646499e-16,3.72458111125855e-17,-1.16183619214709e-16,1.74556549770166e-17,3.83160058805954e-17,1.50772773626362e-16,-1.3144610083957e-16,-8.58957568482579e-07,-8.1937766699378e-17,-8.90934288127656e-17,-4.64044514943639e-17,1.08828207565181e-16,3.95639008473159e-09,5.09877401798316e-17,-6.27149703941299e-10,4.83964821141551e-17,6.41546692028131e-17,8.71294261378028e-18,2.02482447423968e-16,-2.3295134956222e-16,-8.12093632078576e-18,1.24934367527558e-16,-2.16854834295433e-17,-1.07318172863783e-16,4.15159591120665e-19,-4.11670654052052e-17,-8.24405021354055e-17,-1.50020156472095e-17,4.26612109594932e-17,-6.49615788339224e-17,8.56748507548511e-17,5.98542309543044e-17,1.14908439507154e-18,-3.01702867799989e-17,5.90766233931253e-17,1.17473305388804e-16,-4.98507346945578e-17,-8.22716193281179e-17,3.18815901093235e-17,1.83438163319945e-16,3.27642938512829e-09,-6.42958755528971e-18,-1.13783855058289e-16,9.61775761257743e-17,-7.51006376991736e-17,-4.43134749693626e-17,-1.34922679171478e-18,3.39388282768323e-16,1.35726154483347e-16,-1.80943458743644e-17,8.08168105677135e-17,-3.10623922417097e-16,-4.44458966782257e-17,5.40450596473046e-17,-9.54041246959336e-18,-1.44473272670126e-17,-8.40960191238162e-18,-8.35717224572354e-17,-4.21334443135297e-08,7.37875870902728e-17,4.1308958265417e-17,8.237233864377e-18,-1.41386481461133e-17,2.05682626094456e-16,4.25886545392608e-17,-4.99768052928564e-17,1.24816465586246e-16,-6.94571235235518e-17,1.42605579742736e-08,4.32866244398242e-16,-3.85953391622549e-17,1.47356923128267e-17,1.23837094544974e-16,-8.57330555829014e-17,1.62988358659955e-16,-7.4327997040293e-17,-1.07856296710646e-16,1.30404355462015e-18,5.12888218295454e-17,7.39021650727529e-18,-5.21298120973284e-17,6.7374096265317e-17,4.49685966610099e-08,3.84974714568154e-18,-1.0611438582144e-17,-7.50883571602005e-17,4.30319842259497e-16,-1.23256862060512e-08,-4.07813139860107e-17,-8.53977941176692e-18,-2.32805311081331e-18,-6.66872448684848e-17,-1.07783600381589e-17,1.24238352984204e-17,9.13694644568671e-17,1.16027898634255e-17,2.80308576080321e-17,-1.01751844539341e-17,1.90296160835759e-17,1.64466030357595e-16,-8.54141779903568e-17,8.15299530647017e-17,-9.70354912268477e-18,6.34539049239488e-17,-2.5691639234659e-16
"t178",0.0262096777285781,-0.00242419925866104,-0.00214191677835155,-0.000335392084374873,-0.0111037271096205,0.0941238684182019,0.0160334972518691,0.000102245081066944,0.0240488538300697,-0.0180710183515995,-0.00324269129155315,0.00227548685828067,-0.00433087549073755,-0.000896287804357739,-0.022711303881179,0.000488172756369309,0.000340646714223906,-6.99567365834794e-05,0.0026099791536232,0.000386344583221255,-8.21900004071883e-05,5.72819078978336e-06,0.000666706315933494,-0.000136398843178119,2.77678170093757e-05,-0.115137916050775,-0.00785339598378259,0.000504253717735505,-0.00221189438603323,0.00388191496115191,0.000102435438821784,-0.00377698229414043,-0.000190768926492909,0.00163876671989484,-0.000164104399914381,-0.000144059349895555,-2.56985734581543e-05,0.00133332712279551,0.000276959102867517,6.97716665802262e-05,0.000207239264667211,-0.000363478988924115,1.69569284341764e-05,-0.000288157374995015,6.27238858811839e-05,-1.25131206700781e-05,2.29610944209559e-06,-3.38901236283377e-05,0.000460518745146646,-0.00088171064330533,5.20013206874935e-05,-4.95703395934361e-05,9.52384796190415e-07,-2.14804160312606e-05,0.000565982859557199,-0.0283408462790508,-2.0908210155651e-06,3.41986518318803e-06,-9.84299408610433e-06,1.58024043112683e-07,6.88927699049108e-07,-1.54095792095627e-05,4.81031976358825e-05,-3.8822846503403e-05,5.63036431834691e-05,-2.29998022379249e-05,6.49828665079916e-05,-0.176579291047404,-0.00191247267335141,0.0535253448616933,-4.83150102841644e-06,3.95922600116461e-06,0.109019344564087,-3.14944186532017e-05,1.28015105425329e-05,1.09109492364084e-06,-9.9574423800433e-05,1.34510196789804e-05,-0.000495394183383255,-0.00584797421216648,2.44249468610399e-05,0.00224255078423631,-0.000158200438144646,-6.38385330417618e-05,4.94377542803826e-05,0.000134853917654527,-2.0629303569678e-05,-3.66213099984702e-05,-7.23793229558342e-07,2.77397568592408e-05,-6.8818259405424e-05,4.5389429405426e-07,0.0298535441611633,-4.73481401554076e-05,-3.78283935805033e-06,-1.72652970409467e-05,-2.03247047801012e-06,1.20009823140014e-05,-0.000140971210103794,-0.000608309381269303,-0.118375697569564,-7.41186550518735e-06,0.0069675583744587,1.4166804643024e-05,-7.99332055963122e-06,2.20213743792786e-06,-0.00291889408429258,-8.04792863988692e-06,0.000127763822483159,-1.46062986358881e-07,-3.7517562731465e-06,-2.02065136821022e-06,5.36967986775659e-07,3.11833687575732e-08,8.40054675552236e-10,-2.04096619234178e-07,5.49913256347544e-06,-1.56197692667969e-05,0.000201481200175248,-1.68832303562432e-05,1.25106242463838e-05,-7.87980401546557e-05,0.00543521699561829,0.0233636867883544,9.51865369359846e-05,-0.000144456355749627,1.39768007358619e-05,-9.55635437542419e-05,6.98458328810874e-05,0.0024016867003209,1.62229945059531e-05,4.25939977405553e-05,2.7514985816854e-09,8.5136820762732e-06,1.71514347820319e-07,4.1936104722072e-05,-3.04433340206288e-05,-4.58301968558353e-05,0.00104149374775025,-0.00377627365540245,6.47132227614627e-05,6.84348168533014e-07,0.00149840137110853,-0.00180205141450826,2.50400251483667e-06,-1.68158582915347e-06,-6.52315348047788e-06,2.79810911249134e-05,2.21242809747539e-06,-0.639995397755078,4.46116708050069e-05,2.07385064524611e-05,1.84145925004426e-06,-3.99683266158086e-05,-7.59965762002157e-07,-1.12796794412322e-06,1.74910731162956e-05,-1.12346350170425e-05,-5.4160594010389e-06,-1.78192575921861e-06,-8.41346349965391e-06,1.21963441265294e-06,-8.03716596335631e-06,-1.17275488908197e-05,7.42347304378992e-06,-4.81169674121038e-06,6.60802796827629e-05,1.12555708565739e-06,5.59087743470151e-05,5.52432053007115e-06,-9.29959641496328e-06,-1.63243342977437e-06,1.85287236687485e-07,6.11237348426997e-06,1.18961581218698e-06,0.00335452319372376,8.81639677125983e-08,-3.49858482733832e-06,-3.06527401101279e-05,-1.47925721929928e-05,5.81961891265472e-05,1.47179108229851e-05,-2.9876814271874e-06,-1.15266790612356e-08,-3.37504266928664e-07,-8.58353192541694e-08,-0.000145279745979768,3.22732679569748e-05,0.000144474170348074,-1.34749552934611e-05,-3.9002032697729e-06,7.59604648221662e-06,0.00137619673190975,3.55515582027885e-09,3.52967991396347e-07,-6.23660833221472e-06,-1.14752242189091e-05,-6.63449960828048e-07,6.77647450235541e-06,2.78845257531792e-06,2.7729977141723e-06,3.8734041868619e-05,-7.69599781797494e-08,-1.13973580025237e-06,-1.95394178975933e-05,-8.22025094430358e-06,1.25072184920275e-05,5.62880541849333e-06,-9.18657699926028e-05,-5.29459548101666e-08,-0.00036725901891388,5.23362076589495e-06,-2.41917402137595e-05,-3.99277906116534e-05,-2.30113956044825e-07,-1.65901429021159e-06,4.50320149151249e-07,2.86140092643532e-07,-6.80900181630313e-06,-0.0012656131728965,-1.48984421963651e-05,2.39084035456262e-05,5.86954271964084e-06,2.95343937256539e-05,-0.0461316680425626,1.8080416089941e-05,0.00169212836476967,3.00495458566706e-07,-1.63213901766446e-06,-4.64458658939767e-06,1.41897767961359e-06,3.53677010858555e-07,3.72358042834593e-06,0.00223797264574958,-2.25623105805794e-07,-4.99054773304894e-08,-0.000737357915058537,6.77210866602898e-17,-1.88696212856576e-07,2.75835151080164e-06,-6.12626453514323e-07,-1.67989715837952e-06,-0.000749168407033863,-1.03433398287076e-07,-6.64821031401686e-06,1.78624038517854e-06,-3.38896239039536e-07,2.23075202221237e-08,-4.4348719182677e-07,5.13849296454262e-05,-1.34017709436441e-07,1.42943570087598e-05,-1.0795227106666e-05,4.85415992467588e-08,-3.16469597972041e-09,1.50070539262983e-07,-1.3972867579475e-07,2.19716589462719e-06,5.48334952084868e-06,-1.0386112630778e-06,2.01472971122635e-06,-3.73399754791527e-06,4.25215093073184e-05,-2.55142053068362e-06,2.62886473101934e-06,-8.9003190808191e-07,1.67390270405856e-08,6.87932205169978e-05,-1.10738901709406e-06,1.05235287872419e-06,3.44391974372923e-08,-9.00239241532836e-07,9.05879861570267e-07,-1.08388542848322e-06,1.71875007513144e-06,-3.33366613210808e-06,2.63125423848073e-06,-1.98025812561361e-07,0.00105520892499918,-8.31474968321365e-08,5.04236796704511e-06,-7.70867443385233e-16,-1.46444681623985e-05,-5.05126950222495e-07,-5.74519727598719e-11,-5.09102383191324e-07,2.43426153445631e-05,-7.66147281825633e-07,-1.32453684118113e-07,1.54525622532353e-08,-7.12500169398358e-07,4.23415225275745e-05,9.40320692289822e-07,-7.2386288466098e-08,1.07857854858439e-05,-1.30362416552585e-05,3.57910711236187e-06,-6.31883682850726e-06,8.97216139421494e-07,3.66728662478992e-07,2.41694319713263e-08,1.5269797170169e-05,-9.5789091235726e-06,4.73884580837537e-08,-0.00418890910022005,8.87723304944415e-07,-3.5457673857843e-06,9.36488739514407e-05,2.82663627900353e-06,1.46089426427139e-06,-4.75888668072034e-07,-0.00384513950228242,2.5729948372875e-07,-1.24993751303445e-06,3.57376549595684e-07,3.35868339969643e-06,-6.59221437103591e-06,-1.03386253357386e-16,2.03386999443768e-08,1.08205677908153e-06,-1.00811009035376e-07,5.88682679549911e-06,6.55812426688132e-08,1.55188940854442e-06,3.68074661852707e-06,-4.99717270945666e-06,0.00153773300258033,2.47264438714e-17,-1.24583915189364e-05,-1.00980924865481e-08,-4.33858437988126e-07,1.80837794610166e-07,9.70656117229858e-05,-2.23125250903516e-07,-8.56194519324507e-06,2.28323355573729e-06,-9.50833719524823e-07,1.42657345872841e-05,-1.91961832112219e-07,-5.21960657402241e-06,-2.42839580760074e-08,-3.43401378174817e-09,-5.18144921681064e-06,2.73453188864972e-07,-5.60595247423556e-06,4.35521527423037e-17,-1.43295142082221e-06,1.12365099882105e-07,3.2382686955459e-09,2.83844096349241e-08,-1.04691992402951e-05,-2.13819753351326e-05,9.54446813743908e-07,-3.47032106092677e-06,-0.000161458355548767,1.14823583261973e-16,-3.49541776472094e-06,-1.21386348758227e-07,-4.38350421238865e-06,4.18267650181602e-14,1.32860723751161e-05,1.04013899137201e-06,-1.58865875573752e-07,-6.69035386616725e-06,-2.22026817017956e-06,-1.18177484019072e-06,-3.74561948734757e-06,1.17830210043684e-06,8.33453301645727e-07,4.60324158306995e-08,2.54595423519958e-06,3.24386061681525e-07,-3.74993822806357e-17,-1.30085841533847e-07,0.000133114414834053,2.01766982579153e-06,-3.0496243481185e-06,5.88281461723176e-18,-2.60131524993739e-07,4.77220776541609e-08,-1.2975998583432e-06,-7.71245925206576e-08,-2.90798238678657e-06,2.72264223971544e-07,-3.59671558189265e-06,5.55778842268345e-06,-4.86160920579209e-17,1.99977191605742e-05,-3.36571445444354e-07,9.45763738046205e-07,2.46594323848509e-05,-2.03011178456104e-07,-1.6807665469875e-08,-5.98479599211998e-17,1.31496654847046e-16,-1.61689765847062e-08,-1.82448839091673e-07,2.40509688549821e-08,-2.73332664356014e-06,1.38441356401755e-14,-1.29431879523915e-06,-1.52778748037944e-08,2.78568167855145e-17,-1.65427813521073e-16,8.59640269617182e-17,3.25235782222974e-06,8.55619004694362e-07,-9.53998829495686e-07,1.15225268024554e-05,0.00131858345663067,6.91310864060585e-07,-3.01434218682965e-07,-3.8297114949912e-16,-6.76662347748736e-08,1.90360901989349e-07,-2.87972812941223e-16,-1.29593870952477e-16,-1.19612486263557e-07,-7.22185513287486e-10,-7.0690405077509e-08,4.30607085868089e-06,6.99297649253318e-08,-2.94801248977049e-07,-3.67532833674027e-18,-0.00031704223776729,4.03083750788997e-16,-3.31322785631416e-06,4.66423774603264e-16,-7.73432861530815e-08,-2.89908710030639e-17,3.17693689581772e-07,8.36608044895953e-08,3.94793345183521e-07,0.000137881119535466,2.13823531577239e-07,-2.55357545998062e-08,1.62371402398961e-07,5.67448684214624e-08,3.06485912049885e-06,2.82284353824895e-07,5.67727188221903e-08,-1.59641816402509e-07,-3.05777284344337e-06,-2.47911449532585e-07,-7.6204435221263e-08,-1.12205358070674e-16,7.13047389979926e-07,-1.22923461954198e-07,6.4117859252866e-08,1.11385286942717e-16,1.27146211015305e-07,0.00105213760335026,9.69539470672201e-07,-1.59992146036364e-16,-2.42373841494272e-07,-1.48663504893389e-06,-3.45827690960438e-16,-1.76721453964803e-07,3.97129236339073e-07,1.99708001180383e-16,4.9027579944144e-17,-1.45783912454305e-08,-8.72889186870007e-07,-4.97451239957783e-09,-6.90415430378826e-06,4.90232776810154e-05,4.77659120749455e-08,5.16697924484799e-07,4.29742213808409e-07,-1.7291893257945e-05,8.17922118923065e-16,1.97644870890221e-09,1.5209007345654e-08,4.19855226467295e-08,3.92919555829195e-06,-7.54277323210306e-16,9.16690099651424e-16,1.2921090657013e-06,-1.44237804657234e-15,-9.46621670821619e-17,5.47894542082024e-07,-8.05720181377412e-07,-1.50846627444391e-07,-8.92954854109085e-08,3.85797347554462e-06,1.00777600493701e-06,3.1213059315322e-07,-5.46616243697261e-16,7.16983544853531e-07,3.34654820432411e-08,1.53534032491199e-07,-1.38486358846285e-07,5.46181955014883e-07,-4.62113866076109e-16,1.2030219912809e-15,-1.12401349059842e-16,-5.31682768766255e-07,-2.31382201236211e-08,-3.93355971543154e-05,1.02040015563252e-16,-1.75121593988812e-08,4.28535995724311e-16,3.63797547941394e-16,2.99011989620478e-06,-0.000219638856914545,4.07703384941449e-15,-1.7154846066629e-06,-7.9498235563129e-08,-8.77642730435947e-15,1.79735581255052e-07,1.4130916575034e-13,7.06477276863212e-07,8.27173534049648e-15,7.04623718280304e-07,5.48393443793759e-07,1.985181904919e-08,2.07854424425249e-07,1.42667199711998e-06,-6.40523218289218e-08,5.17495207664765e-05,-3.56901476698216e-14,1.15862917864232e-06,-6.53939867732881e-08,-0.707106781186547,-8.61443671195396e-09,-1.75530486806735e-07,4.07762435310543e-08,9.18450945078361e-17,1.30722066552384e-07,1.72898504875322e-07,-3.3682914809612e-14,-7.70569472212568e-06,-1.05926732100627e-06,-4.96508953977574e-09,2.29510067434489e-15,3.11446366931339e-15,8.87055471030114e-08,3.01580743172695e-07,2.43971923752814e-08,-3.52780484928551e-08,1.78326987954006e-07,-1.21928088672441e-15,1.93945500309131e-15,6.50906453177581e-07,4.48654738888886e-09,7.71783400076847e-15,1.57250412615377e-06,-1.29806447997201e-15,7.32894946049209e-08,-3.00707923731676e-07,-1.7569515002094e-07,-1.16464972905298e-06,-3.5064377330024e-15,-4.12309644330987e-16,3.21185400275322e-15,6.6303770995572e-16,-8.42799861862331e-09,-2.92324094350577e-08,3.6380541789969e-16,-4.24084086634798e-17,4.31247287995249e-16,4.11376170283509e-08,3.69656277770975e-10,-2.03492887913513e-08,6.78445993544857e-16,1.07002622908026e-15,-2.725548736357e-15,-8.72355343768174e-07,2.66936723669324e-08,-6.45312536458876e-16,4.682411844958e-09,-1.22479362517191e-07,8.56674083793673e-16,-7.55831936703388e-16,-9.37950079604505e-07,-8.66859545719338e-10,-4.64581663673431e-07,-6.83788399362961e-16,4.71726578993137e-08,1.97866077095673e-05,2.12186227519752e-05,-7.43458563656314e-07,-1.80652231243486e-07,2.94068672144122e-09,-3.16944718576764e-16,6.41065597341635e-16,-2.20654589300507e-16,5.5909101540524e-08,-5.06211737661648e-08,-2.11284871898346e-07,-1.50171932639398e-08,-3.51977715319633e-16,1.10644344049442e-17,-1.55591683363867e-16,-1.89168871469242e-19,-4.44870934480331e-16,7.17470935447564e-08,7.44525333050459e-17,-4.68552769055808e-16,-1.2864462305289e-07,6.15013806534743e-16,-1.15163858370529e-07,-1.11394651040016e-17,-1.42788139121218e-07,-1.28207318885073e-15,-1.73361229216406e-07,-2.17194575671209e-08,-1.79501377180467e-07,-2.91983004515373e-17,7.02719898984408e-07,-1.27132724791577e-16,0.00180159442178912,-1.53527369367449e-07,8.50121648145637e-10,-4.96336518949537e-16,1.37653592608879e-06,1.02693500125325e-16,-9.81919139887191e-05,-1.71665937478624e-07,-1.91656601654093e-16,-7.64388133504275e-16,-6.88972917516261e-16,-1.13667878528317e-16,-6.43078165363472e-09,-8.37681337292874e-08,-1.87106283979081e-08,1.14214242894662e-15,1.23005669295852e-16,-1.79109414216201e-08,1.46108294418051e-07,-5.12077249724691e-16,5.53628975101015e-17,-8.54056278039354e-08,3.73455202596899e-16,-6.0530270525213e-07,-3.57701371951946e-16,5.17346491387603e-07,7.47582089384152e-17,2.67608560685036e-16,3.28295643890979e-16,-2.58718448877838e-16,-2.29201048779518e-16,9.76400078594417e-18,9.95100767180749e-09,-6.95957941278068e-08,-1.40044549749481e-17,-4.63384511163757e-08,4.98106901687528e-05,-4.2986120881572e-16,6.2152122313622e-16,2.64666369371094e-16,-1.02930692970593e-16,1.90986324108234e-07,3.05503411722753e-08,-9.81587506077864e-17,1.56034532969166e-16,-8.90984214226399e-06,-1.11957337777838e-07,-1.69623159120106e-09,-3.28507997539102e-16,1.28978876746788e-16,1.79315798748535e-16,9.7373174431325e-17,-3.63013534485704e-17,-6.24167467639488e-17,7.31295817618687e-07,-6.91675811111785e-07,-1.32997927700492e-07,1.37633414679868e-16,2.0099278648948e-16,-1.25376834387426e-16,-3.17501927850883e-17,5.07450792345143e-17,2.91773076703472e-16,-3.51952728952617e-16,-3.89178778496336e-17,-1.12599779682237e-16,8.0144429302057e-17,-1.79109499199646e-16,2.79279885352086e-16,4.9945611888257e-16,-2.78500658887822e-16,6.60735355547289e-09,8.58889187981033e-17,4.33525412803552e-16,1.8387929991263e-16,9.3520084168016e-08,-1.24285276879405e-08,-2.74134204192577e-16,-2.41353015905303e-09,8.54527825867139e-08,3.80906623619988e-16,7.41157942012203e-16,-1.6474861454451e-07,2.11742165763244e-16,2.10318681309147e-09,1.34887650662982e-17,-1.14445468743057e-16,-2.00337557862173e-17,2.01553409684643e-16,2.26873774080579e-08,-2.82493948730914e-07,-1.03792046546438e-16,-2.49554046142307e-16,2.07977476563127e-16,-9.10430701577653e-17,-6.57026516526216e-17,6.91806921219766e-17,-3.80627835118972e-16,6.37791657107157e-17,3.39433313227464e-09,4.04242192530234e-16,-3.06164518189598e-16,2.51647051819878e-16,4.20149015982459e-16,-1.10598230830465e-16,2.66053694495127e-16,-1.18128354323671e-06,-9.6054670854392e-17,-2.37094593016655e-17,4.98993987293161e-08,1.2502717325285e-16,2.86561336846545e-16,-1.40147613360915e-17,3.43704824879801e-16,4.15764890228093e-08,-4.69882555989127e-17,-3.380540251942e-07,2.33369918407682e-16,-3.52809400679124e-16,5.53217096221297e-17,2.87545112164791e-15,-6.21857915013972e-17,-2.33510815455341e-16,1.22100512224288e-08,4.62738545926413e-16,-2.14009658126231e-16,6.25640586032806e-09,-1.52372958268507e-06,-2.16396818709757e-17,1.70826576744678e-06,1.56265883647558e-07,2.85690789492227e-16,-1.54494557346394e-16,-2.24766126366444e-17,2.6593500195405e-16,-5.12844089566316e-17,-2.62142257931768e-07,-2.18048288013611e-16,-3.71125080717563e-16,1.83587997556901e-16,1.04913634738886e-07,-1.15621843836032e-16,8.45936422143465e-17,-1.55154827870287e-16,-2.06298438609073e-16,-4.77783850373889e-08,-4.47271962353859e-16,1.30565983105388e-09,-5.99137073267858e-17,2.79466754142207e-16,1.91580071838422e-16,2.79619962476438e-16,5.00163887037697e-17,2.47222307805125e-16,-1.56621423188069e-16,-2.26392146563995e-08,3.17613244490812e-16,3.73029492013188e-16,9.51630909033839e-09,-1.55551572506414e-17,-1.80709438697592e-16,-2.12908027425483e-17,4.165163362728e-17,-2.47620759818413e-16,3.19987631577476e-17,-6.89543178126146e-08,-1.29882653473197e-16,1.55986872581468e-16,2.05282991459891e-08,-7.59495765359178e-17,9.22638890388674e-17,-1.21108708669555e-16,1.46981772356934e-16,-3.810656063298e-16,-1.85981872506217e-16,5.15613231392841e-17,5.02130412752207e-17,-3.71841783502513e-17,-1.65688448656276e-16,-9.87765705607346e-17,-1.07618142685212e-08,3.56835974493134e-08,1.20964565439253e-16,2.70295354045175e-16,-6.99559235444923e-17,1.01676265494738e-16,1.50270421106491e-16,7.42403082389049e-17,-1.7534971863758e-16,4.46213907388751e-17,-8.5895756769837e-07,6.67205296212309e-17,1.00283701848815e-16,1.18051335316954e-17,-2.41448433914939e-18,3.95638994741099e-09,-5.45037680745294e-17,-6.27149795664993e-10,-6.02964466683223e-17,-9.91539211382853e-17,-3.27577821340822e-17,-1.95276435383045e-16,2.00524922775041e-16,4.83036628733855e-17,1.27464458743007e-16,-2.1600426164599e-17,1.37129808237358e-16,2.8053905497103e-17,1.09347202317866e-16,6.60123044405586e-17,4.38193175256125e-17,-3.95454393206724e-17,3.43665312141195e-17,-8.91759677214432e-17,-1.26077353887433e-17,-1.88253072942382e-16,-6.96785665261499e-18,-3.85228284827483e-17,-1.56396163381034e-16,-8.3258151930215e-18,4.71279099580273e-17,-1.0903990095317e-16,-1.53689291570633e-16,3.27642937321809e-09,1.49969965055424e-17,1.12922819208431e-16,-8.39669426401704e-17,-1.74693419354349e-17,4.54827840022795e-17,-3.57168783662675e-17,1.05484486611377e-16,-1.30610782975882e-16,7.09302380124489e-17,-1.30527877119071e-16,-8.52725008659849e-17,-7.76048828006098e-18,-8.06803673129126e-17,1.96876265726045e-17,9.82700503646731e-17,-9.28409484909153e-17,7.25102296243791e-17,-4.21334442310808e-08,-5.45731255406167e-17,-9.04237257950242e-17,-5.01250326297185e-17,5.01881376027317e-17,5.86808838528874e-17,-9.45341783475182e-17,8.92384292157904e-17,-5.91869137956919e-17,7.03439107680829e-17,1.42605581621221e-08,-1.61696674465652e-16,1.02732095812162e-16,-4.2708431571109e-17,-4.67349306112856e-19,7.65599276636429e-17,-2.35531743048812e-17,5.40252974036303e-17,2.46213333175032e-17,-2.35270014229176e-17,-8.74433779678821e-17,-1.56801636735306e-17,4.24312573368346e-17,-4.30990418340148e-17,4.49685966559908e-08,-3.04315311255424e-17,4.17702789352431e-18,-1.46458724256401e-16,-4.2782617726278e-16,-1.23256860699673e-08,2.37486590218026e-17,3.95610373832853e-17,5.99700276758244e-17,4.94679903424937e-17,-7.47802617465957e-17,1.33911988733481e-17,6.13961447966799e-17,1.69235917754618e-16,-2.33898908617223e-17,1.38751131586797e-17,3.49520867383415e-17,-8.06375672892606e-17,-8.65337374111523e-17,-6.35179386447335e-18,7.34414852560514e-17,9.09920060634718e-17,-6.17111520724671e-17
"t528",0.0262736142582908,-0.00243674062016105,-0.00215336062468072,-0.000337803887715172,-0.0112018559560289,0.0951032330718803,0.0162036826922936,0.000103418948001553,0.0243765076593479,-0.01837155549612,-0.00331181634806953,0.00233593484988982,-0.00444949924489635,-0.000921232494422526,-0.0233727636585702,0.000503288871866398,0.000351464846158521,-7.22216238404846e-05,0.00269658297822227,0.000400363392989692,-8.54378092355798e-05,6.00660761364145e-06,0.000701143438381314,-0.000143489249335659,2.92176325630881e-05,-0.121472474984968,-0.00829123456467484,0.000532651746985191,-0.00234025106586006,0.00415455671170764,0.0001101913355455,-0.00407837858480711,-0.000207312651347952,0.00178906017044427,-0.000180097556934587,-0.000159500728669436,-2.84969455374807e-05,0.00148142050489544,0.000307984906221436,7.77349726727728e-05,0.000231759657928834,-0.000407824680354351,1.9065531509517e-05,-0.000324046313017177,7.07127827785361e-05,-1.42414821251922e-05,2.62107626402717e-06,-3.87415266135294e-05,0.000528565455098603,-0.00101649376549737,6.03144364030267e-05,-5.76604169810533e-05,1.10828758442604e-06,-2.50878451665132e-05,0.000665872713006403,-0.0333801482471575,-2.51507930064857e-06,4.13884168890496e-06,-1.19210644140515e-05,1.94379427494244e-07,8.57933193410546e-07,-1.93111144786551e-05,6.05971572323205e-05,-4.89712686020246e-05,7.17364119670678e-05,-2.95772411006818e-05,8.53801870194785e-05,-0.23436598236077,-0.00255052956676424,0.0720147261120444,-6.83702246048325e-06,5.85228169095917e-06,0.16230459857541,-4.76068699243103e-05,1.93884877646319e-05,1.66378444039416e-06,-0.00015225485506597,2.08514428687699e-05,-0.000793555818359918,-0.00949980811916335,4.0682369420596e-05,0.00375623602087338,-0.000276706242296654,-0.000113220884070733,9.35291101921783e-05,0.000260072549454312,-4.05964115562811e-05,-7.23088555836093e-05,-1.43038690871083e-06,5.49418086192039e-05,-0.000137399293984549,9.84042541495381e-07,0.0652572209998842,-0.000109770087091957,-9.86712030003648e-06,-4.5942704098187e-05,-5.41350582073779e-06,3.37341127434085e-05,-0.000404771418659126,-0.00190580890539534,-0.402023816703386,-2.53655649746943e-05,0.0240541216376598,8.63720137826412e-05,-5.20398227506088e-05,1.51482714441094e-05,-0.022367301413705,-6.37258501696178e-05,0.00107569246558648,-1.36197870050417e-06,-3.62674436642652e-05,-2.51050295714082e-05,6.91082822460603e-06,2.29500860764618e-06,-1.05706205896243e-06,6.14076249613798e-06,-0.000114031756182422,0.000171909793450217,-0.00150338179141633,0.000100441978555272,-6.6529707590692e-05,0.000302412627587558,-0.0174938044658958,-0.0747238328827343,-0.000297348836907066,0.000385128408094034,-3.68003889066743e-05,0.00022227684027248,-0.000118698065005596,-0.00406829804916185,-2.68435561066739e-05,-5.85695426505869e-05,-3.65426441098882e-09,-1.10289268084345e-05,-2.010623671256e-07,-4.84959724937065e-05,2.87773972968838e-05,3.70459692769934e-05,-0.000682932604771483,0.00246167965320711,-4.0709104090049e-05,-4.22755488212975e-07,-0.000898978377278933,0.00106914632712158,-1.48538746040157e-06,9.20643664817918e-07,3.03876218292661e-06,-1.10141575294173e-05,-8.342514121533e-07,0.219130896057396,-1.51562180033869e-05,-6.78550129995502e-06,-5.89196317788659e-07,1.24646889907631e-05,1.85049392458761e-07,2.63343747715362e-07,-3.96171527628879e-06,1.05295646840455e-06,3.64903465823208e-07,1.13146573522245e-07,3.60280923669178e-07,-4.72381775596717e-08,1.14104818645227e-07,1.3293558375413e-07,7.99543081509056e-08,-1.47961748906034e-07,5.42486048005033e-06,9.4264785208737e-08,4.7059952710911e-06,4.99810556078574e-07,-9.08328326362825e-07,-1.61114205586282e-07,2.08181200466372e-08,7.12116804836949e-07,1.48999132443229e-07,0.000427216017029299,1.13226815646828e-08,-5.15927383576867e-07,-5.07988052275632e-06,-2.49601701814245e-06,9.98475294140538e-06,2.64572522065215e-06,-5.46280105152521e-07,-2.14192255094048e-09,-6.36528047620741e-08,-1.6967654998995e-08,-2.90375585561146e-05,7.03554227519702e-06,3.15783231272735e-05,-3.02250086413528e-06,-9.33435355049825e-07,1.90682530568188e-06,0.000350815196167373,9.26361921434739e-10,9.34245396944903e-08,-1.72399154314006e-06,-3.20026499615523e-06,-1.88403031202818e-07,1.94126355072145e-06,8.49438655025985e-07,8.46976924333013e-07,1.21066927379414e-05,-2.45718736681684e-08,-3.81099471764485e-07,-6.53479500670541e-06,-2.76007013064575e-06,4.24924413078976e-06,1.92757047236649e-06,-3.20982706420182e-05,-1.89331551770835e-08,-0.000133633370047267,1.91419712858888e-06,-9.04656323560199e-06,-1.51050506764801e-05,-8.70802455901166e-08,-6.33280124229155e-07,1.75511134635796e-07,1.11948265505829e-07,-2.71614250507287e-06,-0.000511252922084412,-6.04368322120445e-06,9.86080456413377e-06,2.430004322716e-06,1.22771732080226e-05,-0.0194076055823687,7.6242828251757e-06,0.000713956525541783,1.2834923763983e-07,-7.02101823080477e-07,-2.01329886950141e-06,6.17168384292782e-07,1.54358160093299e-07,1.63027795765929e-06,0.000980713580434871,-9.96701927529478e-08,-2.21533835215011e-08,-0.000329003949544095,-4.52637460115566e-18,-8.47986998115675e-08,1.24131702185963e-06,-2.78297943222221e-07,-7.68440726245942e-07,-0.000344595299547265,-4.75918538800517e-08,-3.08921149671514e-06,8.31340086155471e-07,-1.57842551731148e-07,1.04259088861022e-08,-2.07751987931283e-07,2.41710856414109e-05,-6.31547328645325e-08,6.74107545764684e-06,-5.11126558709516e-06,2.33485733805938e-08,-1.5302412497949e-09,7.28737917760621e-08,-6.84576993518129e-08,1.07712618474843e-06,2.70407159002106e-06,-5.13835818657835e-07,1.0012357619042e-06,-1.85826059179155e-06,2.11922845770217e-05,-1.27416088486067e-06,1.31668905619739e-06,-4.45927508828399e-07,8.44716402545476e-09,3.47213208019202e-05,-5.59022376037103e-07,5.32244632437729e-07,1.74303433060001e-08,-4.56631624777478e-07,4.59679128907229e-07,-5.56969735339148e-07,8.84373304098423e-07,-1.71710546197741e-06,1.35851187038753e-06,-1.02431003865843e-07,0.000548072001670865,-4.32373814953105e-08,2.62449751180317e-06,2.79901858754728e-16,-7.64620772728063e-06,-2.63845709342984e-07,-3.00488379558641e-11,-2.67093591640331e-07,1.28041362659027e-05,-4.0348004587617e-07,-6.97963593270011e-08,8.20375757571739e-09,-3.78443181411677e-07,2.24924621454051e-05,5.00569795645662e-07,-3.87595690213058e-08,5.78099431389955e-06,-6.99196193877182e-06,1.92392161711732e-06,-3.42452559859717e-06,4.87853877368413e-07,1.99443488709542e-07,1.31451618931035e-08,8.36998941347484e-06,-5.2954741573943e-06,2.62251136790957e-08,-0.00232170497429767,4.92920420367444e-07,-1.96993047797743e-06,5.22664779019881e-05,1.57810950521855e-06,8.16119581408496e-07,-2.65963987814522e-07,-0.00215191583392721,1.4421295037142e-07,-7.01537376606432e-07,2.00700036446914e-07,1.88810926771731e-06,-3.71372474192704e-06,-9.15806981253419e-17,1.15988321465026e-08,6.17796036136826e-07,-5.76565728100395e-08,3.36700713943622e-06,3.75115972461011e-08,8.88030391046183e-07,2.10786599152959e-06,-2.86439645730166e-06,0.000883072941645265,-1.6040242960363e-16,-7.18432384183987e-06,-5.82618047621046e-09,-2.50589278063597e-07,1.04462260193497e-07,5.62186050630813e-05,-1.29415139506772e-07,-4.97594868697946e-06,1.32874816335151e-06,-5.54944730502521e-07,8.34771646451501e-06,-1.12511645336957e-07,-3.06207633106475e-06,-1.42541793809685e-08,-2.01770167812683e-09,-3.04476405877847e-06,1.60801313445393e-07,-3.29830773995042e-06,-2.78168216140077e-16,-8.4644771091209e-07,6.64281639239754e-08,1.91441970406557e-09,1.68187509372492e-08,-6.20548185717921e-06,-1.27260298032245e-05,5.6871614113499e-07,-2.06829019344945e-06,-9.63101506523754e-05,2.2200078680708e-16,-2.08703611034142e-06,-7.25030354392053e-08,-2.62171517040869e-06,2.52683390333537e-14,7.95756654612002e-06,6.23189772920879e-07,-9.51995158080967e-08,-4.01058991629356e-06,-1.33175321114447e-06,-7.09164575675313e-07,-2.24847117864522e-06,7.08054616000693e-07,5.00892038298325e-07,2.76841821627764e-08,1.53303449794385e-06,1.95339754980963e-07,-1.25640246887344e-16,-7.85219613250929e-08,8.03829870497259e-05,1.21949370728484e-06,-1.84571184851239e-06,5.38352785060223e-17,-1.57892381445871e-07,2.9058014271307e-08,-7.9122243534387e-07,-4.70580299313615e-08,-1.77570366305833e-06,1.66491440375256e-07,-2.20448098060726e-06,3.4254246080781e-06,4.9341038017037e-17,1.23839554740112e-05,-2.085132445736e-07,5.86419293205078e-07,1.53079861429015e-05,-1.26035794288313e-07,-1.04381767405998e-08,2.8275992658422e-16,-9.28332442372417e-17,-1.00605140153517e-08,-1.13706714794829e-07,1.49921968086585e-08,-1.70629130093281e-06,8.19392187706426e-15,-8.10523415892333e-07,-9.58046269180383e-09,-2.0845049055485e-16,-4.85687213493573e-17,4.931602096075e-17,2.04822036824481e-06,5.39129493668807e-07,-6.02234802076446e-07,7.28524989995702e-06,0.000833841727884164,4.37893951813107e-07,-1.90972515570265e-07,-1.33018177483259e-16,-4.30126326791208e-08,1.21145703392719e-07,4.98513823869646e-16,1.7677272729145e-16,-7.64675190438319e-08,-4.62190693067019e-10,-4.53068849835734e-08,2.76253021829594e-06,4.49463900528843e-08,-1.89536200167343e-07,3.51922555046131e-16,-0.000203919029953734,1.63274025475383e-16,-2.13355200106636e-06,-4.01805325123128e-16,-4.98483352699523e-08,-7.87141805850335e-17,2.04981376595956e-07,5.39913737131888e-08,2.55533316910598e-07,8.93005068950887e-05,1.38521750688384e-07,-1.65616732102194e-08,1.05412681016786e-07,3.69235152315114e-08,1.99432427257695e-06,1.83813473889308e-07,3.70159918936131e-08,-1.04266604408418e-07,-2.00001910378052e-06,-1.62338724255759e-07,-4.99287096261265e-08,1.20323414272166e-17,4.68000972104355e-07,-8.08155059479269e-08,4.23566194254049e-08,3.31660978223323e-17,8.4110873493753e-08,0.000697493099052901,6.4331898937832e-07,-1.82460637936723e-16,-1.60897572130261e-07,-9.88724962478739e-07,-4.4488384944665e-17,-1.176412059608e-07,2.65844278989724e-07,2.70671221949931e-17,2.09983687842267e-17,-9.78064442747961e-09,-5.85738524606256e-07,-3.34120268223286e-09,-4.64240963839608e-06,3.30469361943027e-05,3.220640291219e-08,3.48494432622237e-07,2.90837390862326e-07,-1.17358356292406e-05,4.96401964672488e-16,1.34284730235393e-09,1.03352919172108e-08,2.85500089572783e-08,2.67395602325674e-06,-1.31005059321857e-17,-1.31073227578766e-16,8.8028526858527e-07,-7.65209525332807e-17,1.12290790329672e-16,3.75898660801577e-07,-5.53475731082564e-07,-1.03624235718177e-07,-6.15109287308507e-08,2.65855576891629e-06,6.94521407324324e-07,2.15221177436335e-07,-1.59939797062577e-16,4.97192127116719e-07,2.32354860353479e-08,1.06644528054407e-07,-9.63922311014644e-08,3.81641078093171e-07,4.09505533462645e-16,2.63033522847598e-16,-2.08379853042223e-16,-3.73669587834233e-07,-1.63038822950369e-08,-2.77225720481772e-05,5.35594970069631e-16,-1.23736879803479e-08,-3.29392261985829e-16,2.30793566394239e-16,2.13814138398247e-06,-0.000157081656355504,3.62123525610158e-17,-1.23072465815372e-06,-5.7139852846938e-08,-3.45562416164236e-16,1.29690658063125e-07,1.03747346434924e-13,5.12259157583973e-07,-9.58268059916846e-17,5.11144108936005e-07,3.97951032242322e-07,1.44114999350001e-08,1.50976008597389e-07,1.03756797519213e-06,-4.68084133667043e-08,3.80868254577199e-05,-8.54384837612228e-18,8.60840733238914e-07,-4.86378244827245e-08,-6.76395298010917e-16,-6.41643889033191e-09,-1.31083481277026e-07,3.05248574774463e-08,-1.00155501203614e-15,9.87058472712858e-08,1.30785422597641e-07,-2.07146560271021e-16,-5.84287089918031e-06,-8.04162104309221e-07,-3.78663678907371e-09,-6.66194958123484e-17,-2.26823424080994e-16,6.84362743599157e-08,2.33892337213805e-07,1.89421963708615e-08,-2.81058588736934e-08,1.42739276811341e-07,3.8873001442251e-16,3.66831658389773e-16,5.22742373350753e-07,3.604678610301e-09,-2.8527880501958e-16,1.2707597418654e-06,-3.20293721853686e-17,5.95720367135783e-08,-2.46479145821906e-07,-1.44099014201154e-07,-9.57528915631959e-07,-1.21002143061786e-16,-3.19644620890423e-17,-2.50482159060393e-16,-4.12828511977436e-16,-7.0955015702695e-09,-2.466264098647e-08,4.9762020770255e-17,5.71313287190516e-17,4.62817039260806e-16,3.49806775459475e-08,3.1543872499115e-10,-1.75384062724918e-08,5.77366602425503e-18,1.41081807694676e-16,-8.45433749049884e-16,-7.81507399790411e-07,2.39493371101385e-08,1.00928146905967e-17,4.2760011990725e-09,-1.12703404153734e-07,3.67687360519033e-16,3.87603215307295e-17,-8.79784697286268e-07,-8.14417664274551e-10,-4.41849262346005e-07,-4.73178931841505e-16,4.58682029813177e-08,1.94949911276146e-05,2.13225512605547e-05,-7.69731708776365e-07,-1.88661295613857e-07,3.12377751620723e-09,-4.2899851058341e-15,2.40311229634499e-15,1.49282956860226e-16,6.72031150217067e-08,-6.09902180416109e-08,-2.59766000479899e-07,-2.09348189068915e-08,-1.42160127924356e-15,-3.91603087967293e-16,1.26933743706283e-15,3.30285930206498e-15,3.90646018686519e-16,1.2193457522005e-07,8.79915057778067e-17,5.28900351594587e-16,-2.44059626138411e-07,6.51352162926199e-16,-2.1993620669563e-07,5.8282146487502e-16,-2.75804688452277e-07,3.10079267102394e-16,-4.45308449604547e-07,-6.13342001234807e-08,-6.06044545141446e-07,-1.07033501947685e-16,3.23841768205225e-06,-6.29332265702522e-15,0.404209341292675,3.88014807949081e-07,-2.03525280503192e-09,1.83189500519537e-15,-2.12154922288104e-06,-1.73537370599736e-15,8.55535754028715e-05,1.45727509813125e-07,1.14830896550585e-17,1.81888799916913e-15,-1.3275226131396e-15,-4.51442779794835e-17,3.55193693585522e-09,4.12811919217083e-08,8.05978824968551e-09,3.61075004863873e-16,-4.11457800647091e-16,3.74081037837261e-09,-2.93862171514905e-08,-2.73993028590143e-16,1.20015570569486e-15,2.59136253935645e-09,3.22778241028642e-16,1.55312020416907e-09,-3.30735025286252e-16,3.42380372247866e-08,1.95237228316924e-16,3.35801477662594e-16,4.94080621972501e-16,2.69858358808708e-15,1.6294674133768e-16,2.97652677967343e-17,1.67466169771271e-09,-1.17884365924417e-08,2.38250561811607e-16,-9.11822778823567e-09,1.03256577368365e-05,3.09382146077714e-16,7.1659309139223e-16,2.51427059442435e-16,-9.11551833519569e-16,4.72543141896692e-08,7.8126097384259e-09,-8.14384916232147e-16,8.67080802946082e-16,-2.35733779022684e-06,-2.97468876248497e-08,-4.57025306941725e-10,1.44373035318493e-15,7.23292963273537e-16,-2.88564569282345e-16,-5.81291528549001e-16,2.38526522395565e-15,-2.59807266423871e-16,2.34838004310006e-07,-2.24956326488146e-07,-4.37842967169971e-08,-3.01131006910087e-17,5.29260566822379e-16,-6.30286736723907e-16,9.72742283135656e-16,-1.00767123414062e-17,1.83847494403028e-15,2.32519791663345e-15,-2.76001938576309e-16,1.35573839313191e-16,-3.25666585023857e-16,5.22119672263487e-16,-5.50337753793598e-15,-8.71040315139459e-16,2.14012791029999e-15,2.53617940475215e-09,1.16978366111546e-15,2.12999415857299e-15,7.05345028717853e-16,3.64445348991749e-08,-4.85969542849766e-09,4.68102965149402e-16,-9.45668838247258e-10,3.40575459434609e-08,5.58654115301222e-16,3.11508269125002e-15,-6.69633822482337e-08,-6.48590427648023e-16,8.73824875782762e-10,5.26912627716386e-16,7.05269685496403e-16,-2.34666078985768e-16,-6.67562415674349e-16,9.71914661404010e-09,-1.21251793872223e-07,-2.33459765075944e-15,1.25601540702199e-15,2.09793282100163e-17,-1.99989018860494e-14,-8.57593076414309e-15,6.67818438194056e-15,0.707106781186546,-2.89694205833786e-14,1.57779726952743e-09,-2.84626273221935e-15,-1.25310908127803e-15,-2.97416302976333e-15,6.45938943687394e-16,-3.77745468964976e-15,4.11573998871476e-15,-5.56480052566051e-07,2.47216015564612e-15,-1.86233661627935e-15,2.35618141990221e-08,1.60669876821302e-15,-3.23362724789124e-16,-5.81620651480482e-16,-1.76803848930222e-15,2.01333712675673e-08,3.29997194084508e-16,-1.64377727878932e-07,-1.90702443196909e-15,-2.66136302319469e-15,1.32558472751796e-16,-1.93215986795997e-15,-7.13378598182415e-16,1.64426571665108e-15,5.98519420037004e-09,-3.79512930922807e-15,-5.63255398068295e-16,3.08497052499278e-09,-7.5155490485158e-07,4.94068768465273e-16,8.46707365913412e-07,7.75700595792814e-08,-5.31484835319321e-16,-2.76614527457009e-16,-1.87052555212668e-16,-6.37343319583185e-16,4.09141649229392e-16,-1.32824547261472e-07,4.58085733215532e-17,-2.52406383127651e-16,-1.53893986298902e-16,5.34155294984372e-08,4.76058831529095e-16,-9.1051994794688e-16,-1.47824757743312e-16,-7.17268497136965e-16,-2.44751448568963e-08,5.71800202295524e-16,6.70070075523194e-10,1.1506106186398e-16,-3.41797615028104e-16,-5.64798010126377e-16,3.03912478065951e-16,-5.68775601273232e-18,-7.45242030552838e-16,7.63932581027087e-17,-1.17270474611906e-08,-1.36549253489509e-15,3.04615937583303e-16,4.94030163854621e-09,-2.95016916845763e-16,2.2194586934113e-16,-3.72781139105243e-16,2.87712855381164e-16,2.0717498719028e-16,-4.92778183296349e-16,-3.60370706719104e-08,4.30136936051637e-16,-1.01485278894231e-15,1.07595075183848e-08,-3.31252999983203e-16,-4.24186307155918e-16,-3.53579342143142e-16,-5.06189418666427e-16,2.18483751467792e-16,6.77254153287294e-17,3.02094086085809e-17,-2.36312225975366e-16,-5.72941623882745e-18,-7.04428978015163e-16,-3.43953488463034e-18,-5.69775699316085e-09,1.89142499380046e-08,-1.00636831300097e-15,1.6910482329882e-16,-1.34596318475654e-16,7.53516328008906e-17,-7.64958842797148e-16,1.76151136848437e-16,1.73630967486462e-16,-1.98121976397629e-16,-4.57969126860006e-07,5.91708780105337e-16,-1.66159074860464e-16,3.29758560207732e-16,-1.19467726331418e-16,2.11947910741176e-09,-3.63354174621715e-17,-3.37701283645239e-10,5.66605690364416e-17,-7.88680455598815e-18,1.20518312856452e-16,-2.47567160298752e-16,7.96502981606717e-17,-2.49421839497386e-16,3.8202607383098e-16,-1.10787570918644e-16,3.8602265775819e-16,1.90943488276053e-16,5.31635793377935e-16,-8.12201482488904e-17,6.80302948343342e-17,-6.56804685466844e-17,8.09709020038344e-16,-4.27226386749308e-16,1.92244695199355e-16,8.83612611466512e-17,1.06086122658108e-16,5.7294736634592e-16,4.00721122950642e-16,4.69894402208188e-17,6.07800616015891e-17,1.69016993119036e-16,-3.94846663296697e-17,1.79469116369772e-09,4.73805080969875e-16,3.9297675208247e-16,1.00043177594898e-16,1.74626372014024e-16,-6.54156116354381e-17,-5.76956948711497e-17,-1.44969059806033e-17,-3.32032597541265e-16,-2.01217259550043e-16,-3.12768123401072e-16,-1.82796486281056e-16,-2.84805417399214e-16,2.09183232567539e-16,-1.15807133155792e-16,-2.5260770033764e-16,-4.26562562813712e-16,-1.45610074110792e-16,-2.33150233852089e-08,-5.64147294919426e-17,8.98654810742925e-17,1.51283473890893e-16,1.01568916473306e-16,-1.26508081717165e-16,1.77895974676232e-17,3.1947646031819e-16,-2.18246464079865e-17,6.15455478574962e-17,7.96685709288087e-09,2.00099959580274e-16,-3.22094498852516e-16,1.34702663123151e-16,2.04948281279813e-18,-1.27206129892792e-16,-2.79895393670695e-16,4.04267951712219e-17,2.64531219437097e-16,2.3390775151665e-16,-2.85036474613601e-17,-1.69635462721842e-16,-1.01763271599075e-16,1.50952889902259e-16,2.5342895766538e-08,1.41521911831156e-16,-3.66237777460301e-17,-5.37560430487786e-17,-1.14274908979972e-15,-6.97296082594518e-09,4.26989356048376e-16,-1.31276185315696e-16,-8.68406895577666e-17,-1.2840054112319e-16,1.78825235179668e-16,1.64312973000539e-16,2.04470161814608e-17,-2.23019276638522e-17,1.89695837256435e-17,-7.85156418760646e-17,9.75273822192196e-17,-2.662627159755e-17,2.50434127482529e-18,-1.77466134626408e-17,-3.15823952203838e-17,6.86984209080699e-17,-2.79440486758258e-16
"t757",0.0262736142582908,-0.00243674062016105,-0.00215336062468072,-0.000337803887715171,-0.0112018559560289,0.0951032330718803,0.0162036826922936,0.000103418948001555,0.024376507659348,-0.01837155549612,-0.00331181634806953,0.00233593484988984,-0.00444949924489636,-0.000921232494422523,-0.0233727636585702,0.000503288871866404,0.000351464846158518,-7.22216238404904e-05,0.00269658297822227,0.000400363392989686,-8.54378092355777e-05,6.00660761363717e-06,0.000701143438381306,-0.000143489249335662,2.92176325630947e-05,-0.121472474984968,-0.00829123456467485,0.000532651746985215,-0.00234025106586006,0.00415455671170765,0.000110191335545477,-0.00407837858480715,-0.000207312651347952,0.00178906017044425,-0.000180097556934598,-0.00015950072866944,-2.84969455374689e-05,0.00148142050489549,0.000307984906221427,7.77349726727866e-05,0.00023175965792886,-0.000407824680354363,1.906553150951e-05,-0.000324046313017166,7.07127827785333e-05,-1.4241482125175e-05,2.62107626407103e-06,-3.87415266135566e-05,0.00052856545509866,-0.00101649376549734,6.0314436403018e-05,-5.76604169810686e-05,1.10828758442325e-06,-2.50878451665197e-05,0.000665872713006389,-0.0333801482471575,-2.51507930066471e-06,4.13884168896164e-06,-1.19210644139638e-05,1.94379427479052e-07,8.57933193376412e-07,-1.93111144787241e-05,6.05971572323298e-05,-4.89712686020261e-05,7.17364119672046e-05,-2.95772411006935e-05,8.5380187019491e-05,-0.23436598236077,-0.00255052956676421,0.0720147261120444,-6.83702246054309e-06,5.85228169096036e-06,0.162304598575411,-4.76068699243004e-05,1.93884877646533e-05,1.66378444038232e-06,-0.000152254855065977,2.0851442868702e-05,-0.000793555818359855,-0.00949980811916333,4.06823694206212e-05,0.00375623602087334,-0.000276706242296615,-0.000113220884070648,9.35291101922036e-05,0.000260072549454328,-4.05964115562391e-05,-7.23088555838447e-05,-1.43038690870127e-06,5.49418086191506e-05,-0.000137399293984559,9.84042541511861e-07,0.0652572209998843,-0.000109770087091962,-9.86712029994004e-06,-4.59427040982947e-05,-5.4135058206263e-06,3.37341127433943e-05,-0.000404771418659173,-0.00190580890539541,-0.402023816703386,-2.53655649747637e-05,0.0240541216376596,8.63720137826077e-05,-5.20398227506141e-05,1.51482714442655e-05,-0.0223673014137048,-6.3725850169688e-05,0.00107569246558651,-1.3619787005213e-06,-3.6267443664199e-05,-2.51050295715055e-05,6.91082822469764e-06,2.29500860768707e-06,-1.05706205900359e-06,6.14076249604873e-06,-0.000114031756182287,0.000171909793450152,-0.00150338179141627,0.000100441978555319,-6.65297075905882e-05,0.000302412627587449,-0.0174938044658958,-0.0747238328827344,-0.000297348836906933,0.000385128408094029,-3.68003889067684e-05,0.000222276840272488,-0.000118698065005569,-0.00406829804916191,-2.6843556106695e-05,-5.8569542650477e-05,-3.65426432043232e-09,-1.10289268083895e-05,-2.01062366993966e-07,-4.84959724936815e-05,2.87773972968921e-05,3.70459692770686e-05,-0.000682932604771517,0.00246167965320707,-4.07091040899937e-05,-4.22755488180014e-07,-0.00089897837727892,0.00106914632712157,-1.48538746043958e-06,9.20643664882845e-07,3.03876218291008e-06,-1.1014157529417e-05,-8.34251412110213e-07,0.219130896057396,-1.51562180034067e-05,-6.78550129977914e-06,-5.89196317843839e-07,1.24646889908254e-05,1.85049392472395e-07,2.63343747768936e-07,-3.96171527635091e-06,1.05295646841579e-06,3.64903465796428e-07,1.13146573504233e-07,3.60280923571675e-07,-4.72381775751571e-08,1.14104818628839e-07,1.32935583716254e-07,7.99543081925916e-08,-1.47961748880443e-07,5.42486048000781e-06,9.42647852169186e-08,4.70599527113553e-06,4.99810556097561e-07,-9.08328326175488e-07,-1.61114205572125e-07,2.08181200865498e-08,7.12116804863457e-07,1.4899913250872e-07,0.000427216017029198,1.1322681537616e-08,-5.15927383811161e-07,-5.07988052271815e-06,-2.49601701811379e-06,9.98475294144625e-06,2.64572522083378e-06,-5.46280105179479e-07,-2.14192255458711e-09,-6.3652804776158e-08,-1.69676549924654e-08,-2.90375585561529e-05,7.03554227521302e-06,3.1578323127333e-05,-3.0225008641467e-06,-9.33435355006056e-07,1.90682530567969e-06,0.000350815196167353,9.2636189253217e-10,9.34245395905387e-08,-1.72399154310066e-06,-3.20026499638105e-06,-1.88403031190346e-07,1.94126355070138e-06,8.49438655105014e-07,8.46976924347807e-07,1.21066927378242e-05,-2.45718736908009e-08,-3.81099471766907e-07,-6.53479500678021e-06,-2.76007013059144e-06,4.24924413081247e-06,1.92757047229363e-06,-3.2098270642038e-05,-1.89331552923517e-08,-0.000133633370047117,1.91419712855013e-06,-9.04656323564262e-06,-1.51050506765417e-05,-8.70802457510219e-08,-6.33280124226353e-07,1.75511134806777e-07,1.11948265459753e-07,-2.71614250510959e-06,-0.000511252922084352,-6.04368322129871e-06,9.86080456383926e-06,2.43000432261726e-06,1.22771732080095e-05,-0.0194076055823687,7.62428282515712e-06,0.000713956525541703,1.28349237681498e-07,-7.02101823097667e-07,-2.01329886957944e-06,6.17168384440913e-07,1.54358160148236e-07,1.63027795761098e-06,0.000980713580434928,-9.96701928082963e-08,-2.2153383577024e-08,-0.000329003949544095,-1.63565660058968e-17,-8.47986995804101e-08,1.2413170218952e-06,-2.7829794325154e-07,-7.68440726116904e-07,-0.000344595299547341,-4.75918539166846e-08,-3.08921149674083e-06,8.31340086215185e-07,-1.57842551718306e-07,1.04259089830209e-08,-2.07751987920844e-07,2.41710856411217e-05,-6.31547328602148e-08,6.74107545768385e-06,-5.11126558709623e-06,2.33485732924224e-08,-1.53024120360789e-09,7.28737917360259e-08,-6.84576993535377e-08,1.07712618475181e-06,2.70407158990479e-06,-5.13835818710263e-07,1.00123576192748e-06,-1.85826059186794e-06,2.1192284576998e-05,-1.27416088497912e-06,1.31668905621702e-06,-4.459275088654e-07,8.44716405092072e-09,3.47213208019908e-05,-5.59022376100483e-07,5.32244632357832e-07,1.7430343313027e-08,-4.56631624748666e-07,4.59679128844949e-07,-5.56969735466921e-07,8.84373304111862e-07,-1.71710546201821e-06,1.35851186989193e-06,-1.02431003848897e-07,0.000548072001670819,-4.32373814856242e-08,2.62449751203011e-06,2.28628615062216e-16,-7.64620772730736e-06,-2.63845709316755e-07,-3.00488571449695e-11,-2.67093591766701e-07,1.28041362659664e-05,-4.03480045926759e-07,-6.97963594853614e-08,8.20375747229758e-09,-3.78443181156579e-07,2.24924621454699e-05,5.00569795655574e-07,-3.87595689868547e-08,5.78099431402929e-06,-6.99196193868769e-06,1.92392161748271e-06,-3.42452559852969e-06,4.87853877081099e-07,1.99443488764915e-07,1.314516200273e-08,8.36998941344936e-06,-5.29547415759947e-06,2.62251136979213e-08,-0.00232170497429763,4.92920420523058e-07,-1.96993047818201e-06,5.22664779019485e-05,1.57810950529913e-06,8.16119581268218e-07,-2.65963987867714e-07,-0.00215191583392735,1.44212950448709e-07,-7.0153737663145e-07,2.00700036498972e-07,1.88810926773245e-06,-3.71372474197938e-06,1.34416803911599e-16,1.15988320727227e-08,6.17796036043977e-07,-5.76565727119192e-08,3.36700713943179e-06,3.75115972828856e-08,8.88030391218624e-07,2.10786599141409e-06,-2.86439645729148e-06,0.00088307294164534,2.15878111786059e-16,-7.18432384192618e-06,-5.82618048863045e-09,-2.50589277943527e-07,1.04462260182369e-07,5.62186050632854e-05,-1.29415139418369e-07,-4.97594868705959e-06,1.3287481633993e-06,-5.54944730517134e-07,8.34771646450278e-06,-1.12511644575489e-07,-3.06207633128319e-06,-1.4254179299439e-08,-2.01770182246125e-09,-3.04476405888466e-06,1.60801313297404e-07,-3.29830773996255e-06,1.78058802117271e-16,-8.46447710946636e-07,6.6428164187545e-08,1.91441981989093e-09,1.68187509932124e-08,-6.2054818570236e-06,-1.27260298032285e-05,5.68716140952964e-07,-2.06829019309907e-06,-9.63101506523509e-05,-7.84179024827061e-17,-2.08703611040209e-06,-7.25030353358387e-08,-2.62171517064651e-06,2.50505256449017e-14,7.95756654617729e-06,6.23189772819475e-07,-9.51995156147603e-08,-4.01058991639743e-06,-1.33175321106658e-06,-7.09164575919742e-07,-2.24847117868888e-06,7.0805461606473e-07,5.00892037905202e-07,2.7684182267258e-08,1.53303449800851e-06,1.95339755249765e-07,5.26082950686687e-17,-7.852196138113e-08,8.0382987049656e-05,1.21949370725561e-06,-1.84571184853013e-06,1.07231428149877e-16,-1.57892381382286e-07,2.90580142214879e-08,-7.9122243526487e-07,-4.70580295962033e-08,-1.77570366293093e-06,1.66491440144401e-07,-2.20448098070269e-06,3.4254246083468e-06,1.07690227124459e-16,1.23839554741636e-05,-2.08513244077496e-07,5.86419293107266e-07,1.53079861428427e-05,-1.2603579431406e-07,-1.04381762496478e-08,-1.53523027623947e-16,3.07143032138901e-17,-1.00605141030442e-08,-1.13706715529708e-07,1.49921969219106e-08,-1.70629130081063e-06,8.38536663995366e-15,-8.1052341591609e-07,-9.58046252147277e-09,-1.1271790272714e-16,1.17831400660053e-17,2.79444143125914e-20,2.04822036845297e-06,5.39129493618386e-07,-6.02234802320876e-07,7.2852498998979e-06,0.000833841727884107,4.37893951678619e-07,-1.9097251552655e-07,-5.20779431817358e-17,-4.301263265937e-08,1.21145703254347e-07,-1.95603187812191e-16,-1.19602896830647e-16,-7.64675189154114e-08,-4.62190487760892e-10,-4.53068846348406e-08,2.76253021806656e-06,4.4946390263213e-08,-1.89536200096166e-07,-2.85425692049559e-16,-0.000203919029954256,-2.03455194558996e-16,-2.13355200108574e-06,2.40747092400406e-16,-4.98483347624197e-08,2.94840396369482e-17,2.04981376390116e-07,5.39913740463384e-08,2.55533316929432e-07,8.93005068955451e-05,1.38521750477138e-07,-1.65616729745356e-08,1.05412680880354e-07,3.69235153135091e-08,1.99432427260149e-06,1.83813473466969e-07,3.70159919224539e-08,-1.04266604479134e-07,-2.00001910293808e-06,-1.62338724401334e-07,-4.99287095908081e-08,-3.76171573075011e-17,4.68000971849726e-07,-8.08155059715521e-08,4.23566194417381e-08,-6.46525241498993e-17,8.41108729197024e-08,0.000697493099052722,6.43318989566856e-07,-2.68388202249757e-16,-1.60897571839926e-07,-9.88724962951099e-07,-1.0401671862653e-16,-1.17641205659283e-07,2.6584427915584e-07,-1.79009630218846e-16,1.49143258526222e-16,-9.78064445326301e-09,-5.85738524936903e-07,-3.3412029039805e-09,-4.64240963845534e-06,3.30469361946901e-05,3.22064030029336e-08,3.48494432583033e-07,2.90837390788413e-07,-1.17358356294628e-05,1.04506247405878e-15,1.34284743652662e-09,1.03352918993574e-08,2.85500088832231e-08,2.67395602291667e-06,-7.83826083944697e-17,7.35746519737377e-17,8.80285268665507e-07,-1.53589818795514e-16,5.50618679304966e-17,3.75898658881967e-07,-5.53475730887081e-07,-1.03624235737276e-07,-6.15109290975774e-08,2.6585557691523e-06,6.94521407452223e-07,2.15221177757145e-07,1.62799325993187e-16,4.97192127067207e-07,2.32354861920798e-08,1.06644528189495e-07,-9.63922313089062e-08,3.81641078052065e-07,-2.98206102862495e-16,-6.901215885036e-17,-1.83281469972429e-16,-3.73669588182391e-07,-1.63038818202594e-08,-2.77225720486722e-05,1.17902117485623e-16,-1.23736881233175e-08,-1.25047257526641e-16,-1.34935096577867e-16,2.13814138379344e-06,-0.000157081656355566,2.60642202265515e-16,-1.230724658841e-06,-5.7139852690423e-08,-3.57232836111759e-16,1.29690658683866e-07,1.04264125730791e-13,5.12259157434597e-07,4.24664976273004e-16,5.11144108929371e-07,3.97951032281863e-07,1.44114998448109e-08,1.50976008722253e-07,1.0375679750072e-06,-4.68084135934652e-08,3.80868254569892e-05,-5.90165972991324e-17,8.60840732892833e-07,-4.86378241477862e-08,3.08557279270667e-17,-6.41643824179013e-09,-1.31083481215972e-07,3.05248576443563e-08,-1.01946201184782e-15,9.87058469851185e-08,1.30785422816871e-07,2.56771528011805e-16,-5.842870899e-06,-8.04162103605626e-07,-3.78663749575586e-09,1.59033298199697e-16,-2.56959646480515e-16,6.84362747439077e-08,2.33892336730945e-07,1.89421963113793e-08,-2.81058588997829e-08,1.42739276589058e-07,3.5012585895849e-17,-7.17274301914596e-17,5.22742373217367e-07,3.60467874598902e-09,3.28249140573296e-16,1.27075974177961e-06,1.79344765085369e-16,5.95720372435019e-08,-2.46479146558076e-07,-1.44099014303166e-07,-9.57528915651507e-07,-5.37230114902713e-17,-3.6345862236728e-16,-1.38106226961976e-16,2.34853300150791e-16,-7.09550112248692e-09,-2.46626417630656e-08,-3.44640041992662e-16,-2.99487579848378e-16,6.28770195298206e-17,3.49806774746857e-08,3.15438949281244e-10,-1.75384067825869e-08,-1.68950572900109e-16,1.06821019044134e-16,-1.69945980031672e-15,-7.81507399890928e-07,2.39493374390818e-08,-6.59872380267392e-20,4.27600208545831e-09,-1.12703404450724e-07,2.59806857391461e-16,-4.25560317944132e-16,-8.79784697320653e-07,-8.14417513241774e-10,-4.41849263137064e-07,-1.43459169867961e-16,4.5868202246632e-08,1.94949911288215e-05,2.1322551260578e-05,-7.69731707903603e-07,-1.88661295769798e-07,3.12377721772642e-09,-3.64905746211604e-15,2.04418807085131e-15,6.16581270367773e-16,6.7203114984234e-08,-6.09902181067295e-08,-2.59766000569004e-07,-2.09348193896273e-08,-1.91692793558952e-15,-5.65579779615658e-16,2.07103554770703e-15,4.91203973419344e-15,-8.73763883768928e-16,1.21934575908684e-07,9.39097248501806e-17,2.23403311009369e-16,-2.44059626795876e-07,1.58474468558011e-15,-2.19936206755413e-07,4.09779228910476e-16,-2.75804688321732e-07,1.78807986257919e-16,-4.45308448729541e-07,-6.13341995017424e-08,-6.06044545505177e-07,6.54376949224837e-17,3.23841768149863e-06,-6.82309180691083e-15,0.404209341292671,3.88014808353278e-07,-2.03525296338982e-09,1.29694730448068e-16,-2.12154922298938e-06,-8.17887070876995e-16,8.55535754028988e-05,1.45727509647128e-07,8.70551044217841e-16,1.75229552496868e-15,-1.94226719446778e-15,8.74983206199543e-17,3.55193806220743e-09,4.12811929488166e-08,8.0597896741289e-09,3.5595417528607e-16,-5.28454807873026e-16,3.74080992262315e-09,-2.93862174305642e-08,-2.61790782234248e-16,7.87607414869423e-17,2.5913613152728e-09,1.41909961796493e-16,1.55312106451674e-09,5.08811519446243e-16,3.42380360914682e-08,-4.34293385419822e-16,4.88067992994473e-16,-5.5285714247047e-16,3.16824379242428e-15,-3.25781660566733e-16,1.32870723307026e-15,1.67466217132845e-09,-1.1788437350933e-08,2.77867880349134e-16,-9.11822853840889e-09,1.0325657734131e-05,-1.21111082141404e-15,-6.67987088549206e-16,2.65185152526657e-16,3.66561527635111e-16,4.72543130364772e-08,7.81261051090144e-09,6.03769067214019e-16,-2.4338295145894e-16,-2.35733778971756e-06,-2.9746886659857e-08,-4.57024077325885e-10,-1.34551368221341e-15,-3.65918168323637e-16,4.06924758025373e-16,6.15364384375622e-17,-1.20268295289118e-15,1.00454980107873e-16,2.34838003895024e-07,-2.24956326673645e-07,-4.37842951126923e-08,-1.65641320121725e-17,-1.91266549607533e-15,7.93259478076817e-16,-6.73142689947533e-16,-1.38124251372402e-16,-2.88041542579705e-18,-3.12796620701212e-15,-3.84266299366294e-16,-2.22062514839627e-16,5.00987161469226e-16,2.52225228936164e-17,5.79688936652667e-15,7.09261042251474e-16,-2.19959830000761e-15,2.53617500558263e-09,-9.10680531540564e-16,-1.69507106343507e-15,-5.44783431394424e-16,3.64445360691868e-08,-4.85969949335861e-09,-7.84056096995981e-16,-9.45669547106374e-10,3.40575434766517e-08,-2.8269289281699e-16,-2.31106416213282e-15,-6.69633809521281e-08,5.555254536929e-16,8.73822985052028e-10,-4.59518515763766e-16,-6.60798646045426e-16,7.3315398054802e-17,3.56866894973547e-16,9.71914225937949e-09,-1.2125178852337e-07,2.4016850800373e-15,-1.41494217660641e-15,-3.38512927095302e-16,2.08309457549222e-14,8.68169468606905e-15,-6.1169976579993e-15,-0.707106781186549,2.88647106704951e-14,1.57782968910837e-09,2.68066392904564e-15,1.40307019207861e-15,2.84061905491795e-15,-1.0401769060723e-15,3.79159705318159e-15,-4.23077698386217e-15,-5.5648005208054e-07,-2.47537660055367e-15,1.51366893581135e-15,2.3561822299603e-08,-1.33347277202263e-15,2.99041554233773e-16,5.38949784127131e-16,1.89027690797824e-15,2.01333725624051e-08,-4.66627868978414e-16,-1.64377729394039e-07,1.48465025616445e-15,2.54046106654316e-15,-5.58415707868441e-17,1.44146923469258e-15,6.59054549765754e-16,-1.36390705439154e-15,5.98519352028284e-09,9.94961390859181e-16,6.32921963568615e-16,3.08496955954306e-09,-7.51554906311405e-07,-3.3927147963062e-16,8.46707367045899e-07,7.75700596012928e-08,4.57956905326601e-16,5.83808073106304e-16,1.63047113420149e-16,6.68587320226152e-16,-4.58670524235629e-16,-1.32824547164323e-07,-1.59985237711239e-16,1.97564623508146e-16,-1.6737476033813e-17,5.34155302500861e-08,-5.19184362464779e-16,9.37574626720027e-16,2.17939258244203e-17,7.44201795861725e-16,-2.44751445164745e-08,-7.09636199918015e-16,6.70070069244627e-10,-1.57373815452962e-16,2.8160634884646e-18,4.26151029406082e-16,-5.45601528158516e-16,-1.6434965999326e-16,1.00713624610066e-15,1.91778968392373e-17,-1.17270477164912e-08,1.29500034891788e-15,-2.01309873888579e-16,4.94030117943278e-09,6.84474038608069e-17,-3.2550535166479e-16,5.1344468664857e-16,-1.78048014662998e-16,-8.4336498550326e-17,4.94926783710379e-16,-3.60370720454849e-08,-2.71535510647917e-16,1.46285825992687e-15,1.07595077591803e-08,2.51020334967486e-16,3.39361633396678e-16,3.46585885781681e-16,6.88919901261294e-16,-8.77348454064215e-17,-4.03365744958631e-16,-9.70623170234546e-17,1.43971003367215e-16,-1.04653730343318e-16,5.5822315536232e-16,-2.55435608639534e-17,-5.69775646458399e-09,1.89142507350308e-08,1.4673497752234e-16,-4.61170872458269e-17,3.34588229410957e-17,-3.71782423411998e-16,6.75620583784342e-16,-2.83011714571367e-16,-3.77644035825882e-16,1.9484884623976e-16,-4.57969127429168e-07,-4.0261679915785e-16,1.3921591739133e-16,-2.78751021210807e-16,-3.80470328985035e-17,2.1194786709843e-09,-1.10884492793934e-16,-3.37699982306178e-10,2.54482826919457e-17,2.84127628147365e-17,-4.63395450957335e-17,2.08498928879075e-16,-8.44670077087507e-17,-9.57499819080873e-19,-4.74493833612498e-16,8.62986814492042e-17,-2.92151733982299e-16,-2.16544010626013e-16,-4.57736095814834e-16,2.13235769363396e-17,-4.52191988829832e-17,4.91955940189057e-17,-8.20890548132119e-16,4.80096768907822e-16,-1.1742934244365e-16,-1.32881013719474e-16,-1.73804267027777e-16,-4.92545844348593e-16,-2.04697370165263e-16,-1.63270350553574e-16,-2.73662427292299e-16,-1.30084314439388e-16,9.04238934302159e-17,1.79469136202822e-09,-4.65166236869381e-16,-5.76083149685066e-16,-2.83688460492089e-17,-4.14747456797148e-16,1.31426752206342e-16,5.94217681399379e-17,-2.96436671008436e-17,3.3906013145676e-16,2.66554712505294e-16,2.18347389065872e-16,-1.45608351764803e-16,1.60163496517686e-16,-2.28267009586619e-16,1.36979699292528e-16,1.18359163002112e-16,2.61929964448967e-16,8.68485154665568e-17,-2.3315023206054e-08,3.62768795127955e-17,-1.32804758467777e-16,-1.51020795438545e-16,-1.31016366736516e-16,-8.37145772181758e-17,-4.84610244731704e-17,-1.11593568043159e-16,3.45691390040171e-16,-7.3484893661363e-17,7.96685703548309e-09,8.44155877760728e-17,3.80829943407412e-16,-8.7449928831794e-18,6.88879423451184e-17,1.24736616850557e-16,3.77189485313998e-17,-1.8640944442984e-17,-6.52575860063652e-17,-3.56885136164216e-16,-4.93111952110885e-18,9.54174278429708e-17,-9.35547419399922e-17,-1.40275694163493e-16,2.53428958620384e-08,-2.48140854922753e-16,-6.18705851577447e-17,9.57910817024608e-17,-3.2309224740068e-16,-6.972960865052e-09,-3.75763126774468e-16,3.2129131879944e-16,7.72038358087778e-17,1.79428660649763e-16,-1.82489841904572e-16,-9.70649265309696e-17,1.61467367124387e-16,1.17377458481163e-16,-2.97328097067052e-17,-5.45456694959002e-17,8.32895472870008e-17,1.71839032399253e-16,2.08914349955416e-17,-6.41794080043694e-17,-3.21522956218251e-17,5.59040129163173e-17,-1.4937769225949e-16
"t382",0.0262704460208617,-0.00243612186424478,-0.00215279616888598,-0.000337685275223042,-0.0111970424529677,0.0950553099830847,0.0161953577520513,0.000103361603442205,0.0243605544508825,-0.0183569898969497,-0.00330848986918434,0.00233304856867818,-0.00444384206147607,-0.000920043649545679,-0.0233412987197703,0.000502571741317121,0.000350952208804477,-7.21143939640981e-05,0.00269248754144729,0.000399703401109166,-8.5285605811723e-05,5.99372418415028e-06,0.000699556518701849,-0.000143162658229231,2.91508733970434e-05,-0.121181892707931,-0.00827116959869693,0.000531351327517394,-0.0023343867133795,0.00414229732681786,0.000109845011733174,-0.00406498900749628,-0.000206583935304749,0.00178247991342817,-0.000179402107568665,-0.000158836834704876,-2.83768655079665e-05,0.00147508145542237,0.000306658297591645,7.73952855380544e-05,0.000230718585219028,-0.000405949528891301,1.89765985809862e-05,-0.000322532976493094,7.03769446015396e-05,-1.41696542497943e-05,2.60761919919085e-06,-3.85409653590015e-05,0.000525765670918686,-0.00101097680906746,5.99765360061649e-05,-5.73326638476778e-05,1.10197455416198e-06,-2.49423712549378e-05,0.000661877412693081,-0.0331788428698226,-2.49851617615226e-06,4.11095248173e-06,-1.18405178020236e-05,1.92992728569312e-07,8.51566310944848e-07,-1.91650457920838e-05,6.01317730362001e-05,-4.8593738918867e-05,7.1167795241681e-05,-2.93370078482778e-05,8.46497012726272e-05,-0.232315014389508,-0.00252797850505503,0.0713662147579171,-6.76953321557751e-06,5.79063924837514e-06,0.160578462320835,-4.70905187850052e-05,1.91776840876255e-05,1.6455427875447e-06,-0.000150580003229393,2.06183436884539e-05,-0.000784363358918197,-0.00938820735947782,4.01930536554284e-05,0.00371082894158088,-0.000273238328297363,-0.000111786720818381,9.22905635262885e-05,0.000256587680472874,-4.00459784073753e-05,-7.13265801261823e-05,-1.41094627190337e-06,5.41941555685372e-05,-0.000135521219024327,9.70027922353976e-07,0.0643244020459886,-0.000108162073157528,-9.7165523842625e-06,-4.52374081992253e-05,-5.33037634201999e-06,3.32082037160825e-05,-0.000398425933132418,-0.00187530653968162,-0.395481873250637,-2.49521992405164e-05,0.0236614827933396,8.48579068063321e-05,-5.11228450130461e-05,1.4880278420002e-05,-0.0219687833172692,-6.25882106980773e-05,0.00105642222589278,-1.33745161344983e-06,-3.56132115205632e-05,-2.46475816775593e-05,6.78475313263654e-06,2.25204106244311e-06,-1.03716357398052e-06,6.02379255579996e-06,-0.000111848218415554,0.000168570569095973,-0.00147378091295437,9.84442167085347e-05,-6.51988876336257e-05,0.000296244672183647,-0.0171325651463078,-0.0731800929461056,-0.000291194975280823,0.000377057485312385,-3.60283858078549e-05,0.000217564046071227,-0.000116105307678292,-0.00397940390880441,-2.62556138786246e-05,-5.72615453270755e-05,-3.5723480369495e-09,-1.0781022786475e-05,-1.96492722001922e-07,-4.73920992511113e-05,2.81071626213057e-05,3.6167400549173e-05,-0.000666339994588285,0.00240183002518298,-3.97153171802963e-05,-4.12413799354524e-07,-0.000876913771588185,0.00104287180800164,-1.44888309926864e-06,8.97812795261956e-07,2.96205320090894e-06,-1.0731140604234e-05,-8.12720625414219e-07,0.213420964795672,-1.47609899295746e-05,-6.60791238308781e-06,-5.73743086194101e-07,1.21369777928247e-05,1.80076339768896e-07,2.56242039049051e-07,-3.85461617776556e-06,1.02291153395782e-06,3.54358100233427e-07,1.09870401325662e-07,3.49737359328707e-07,-4.58527587990861e-08,1.10712918886311e-07,1.2897748832092e-07,7.75426437428641e-08,-1.43443210163729e-07,5.25328506300308e-06,9.12797900439342e-08,4.55692842326171e-06,4.83904202576911e-07,-8.79262699750055e-07,-1.55954661466905e-07,2.01442533805502e-08,6.88988970743225e-07,1.44125102583808e-07,0.000413216411821632,1.09513101210568e-08,-4.98724127358411e-07,-4.90762905812619e-06,-2.41113788160302e-06,9.64428688868948e-06,2.5547838046467e-06,-5.27445058135564e-07,-2.06784989693305e-09,-6.14453191979966e-08,-1.63736438712376e-08,-2.80186328638707e-05,6.78370731266892e-06,3.04472497956721e-05,-2.9135268045726e-06,-8.99172988320075e-07,1.83580057698498e-06,0.000337682425130566,8.91424882997691e-10,8.98816218127046e-08,-1.65754186611461e-06,-3.0764821629783e-06,-1.81061993474607e-07,1.86534539661652e-06,8.15281302354674e-07,8.12874496329904e-07,1.16135614942555e-05,-2.35596827122372e-08,-3.64978534049481e-07,-6.25833240758037e-06,-2.64301948563161e-06,4.06770932155176e-06,1.84480217908702e-06,-3.07014500751075e-05,-1.80956831891401e-08,-0.00012764529880748,1.82808151927479e-06,-8.63229852632442e-06,-1.44065950832093e-05,-8.30526384301417e-08,-6.03768986510683e-07,1.67176727855313e-07,1.0661316073091e-07,-2.58422747789315e-06,-0.000486100386003175,-5.74502709950846e-06,9.36463133013881e-06,2.30720986960516e-06,1.16538833036118e-05,-0.0184083546860159,7.23061779141325e-06,0.000677067299879577,1.21616361322344e-07,-6.64934517074213e-07,-1.90564435321552e-06,5.84017482381214e-07,1.46028039405698e-07,1.54191341114646e-06,0.00092749124327649,-9.41995489174885e-08,-2.09288859946959e-08,-0.000310680838906773,3.00997567599738e-17,-8.00249587102366e-08,1.17128745439092e-06,-2.62365314978892e-07,-7.23951837329518e-07,-0.000324461513791002,-4.4809666721774e-08,-2.9055568871e-06,7.81777891946951e-07,-1.48420274348241e-07,9.79970606557168e-09,-1.95222193376978e-07,2.2702285783847e-05,-5.93042498859528e-08,6.32951591007694e-06,-4.79687330176066e-06,2.18675105864226e-08,-1.43212643290537e-09,6.81596536663545e-08,-6.39438123334432e-08,1.0060079171996e-06,2.52316375034219e-06,-4.79206182186303e-07,9.33053076857052e-07,-1.7312954638295e-06,1.97392999894899e-05,-1.18638213120537e-06,1.22533689163127e-06,-4.14964066036278e-07,7.8500960454108e-09,3.22661311602466e-05,-5.19475187231015e-07,4.94411024484664e-07,1.61891341256469e-08,-4.23930889928972e-07,4.26725638726871e-07,-5.1567869583001e-07,8.18570196801524e-07,-1.58897189133601e-06,1.2564643588807e-06,-9.46960009568838e-08,0.000506191734785319,-3.99221058122593e-08,2.42271575867904e-06,6.03672800935076e-16,-7.05286157097633e-06,-2.43346338117182e-07,-2.77050146684168e-11,-2.46064345497224e-07,1.1787953435939e-05,-3.71337466343152e-07,-6.42257847463949e-08,7.53321823669065e-09,-3.47463676597931e-07,2.06504625066891e-05,4.59290815516658e-07,-3.55002077805896e-08,5.29322263750323e-06,-6.40063599291383e-06,1.75995665644679e-06,-3.1240755766443e-06,4.44533091769456e-07,1.81720753146697e-07,1.19768269425649e-08,7.60378148613552e-06,-4.79413026720498e-06,2.37316804279817e-08,-0.00209958457462818,4.45405773045771e-07,-1.77960211826417e-06,4.71188448005985e-05,1.42246048297006e-06,7.35413145984975e-07,-2.39615263522636e-07,-0.0019374643581954,1.29747214485211e-07,-6.30742598299852e-07,1.80393432345575e-07,1.69622151191053e-06,-3.33271750292592e-06,-5.78583449686783e-17,1.03394035943544e-08,5.50338995908673e-07,-5.13084654442039e-08,2.99620164499412e-06,3.33794068054671e-08,7.90007896668827e-07,1.87430304300127e-06,-2.54556015188812e-06,0.00078386983853617,-8.50104485697412e-17,-6.36016716197052e-06,-5.15609314396841e-09,-2.21608340981428e-07,9.23731185227282e-08,4.96233887180946e-05,-1.14119058941481e-07,-4.38160380347087e-06,1.16889024581513e-06,-4.8713848300625e-07,7.31321278089358e-06,-9.8442635250003e-08,-2.67724274725342e-06,-1.24571383438524e-08,-1.76191155984657e-09,-2.65853413405687e-06,1.40323348407327e-07,-2.87698942434908e-06,2.0031772407725e-16,-7.35853430971447e-07,5.77083223196649e-08,1.66310748036994e-09,1.45815815552803e-08,-5.37840944371552e-06,-1.09884251254745e-05,4.90531371367913e-07,-1.78356679634546e-06,-8.29842566571784e-05,-1.56952348248865e-16,-1.79658455361088e-06,-6.23910445302632e-08,-2.25311151368822e-06,2.18139993377658e-14,6.82901077551304e-06,5.34627254558304e-07,-8.16562370199298e-08,-3.43878755860724e-06,-1.14118517323314e-06,-6.07407415407702e-07,-1.92514809161096e-06,6.05590719993207e-07,4.28352550656933e-07,2.36574571130311e-08,1.30834162001441e-06,1.66698167148943e-07,1.10765307358611e-16,-6.6835951087737e-08,6.83891004984149e-05,1.03649833566187e-06,-1.56635921440101e-06,-2.30318081776868e-16,-1.33551297483584e-07,2.44856119942455e-08,-6.65574942328039e-07,-3.9553270109898e-08,-1.49107137670706e-06,1.3955169390681e-07,-1.84231804867251e-06,2.84141665156835e-06,-1.42517387989415e-16,1.02035051528337e-05,-1.71697937734173e-07,4.82278795535855e-07,1.25676171838596e-05,-1.03459565408619e-07,-8.56420686535698e-09,-9.54097911787244e-17,6.79694827334385e-18,-8.23079526986214e-09,-9.27936737191924e-08,1.22309789687117e-08,-1.3888749794532e-06,6.8412095445338e-15,-6.56431265554426e-07,-7.74153043053527e-09,-2.84475857831402e-17,8.64955157918207e-17,-2.80094392939424e-17,1.64318740671852e-06,4.32114434379814e-07,-4.81132041257875e-07,5.80413312825774e-06,0.000664101650858928,3.47712225529383e-07,-1.51590185476223e-07,-9.99721589419277e-17,-3.39326869147251e-08,9.53614617416919e-08,-2.63836918862289e-16,-2.82379093223929e-17,-5.96648654165285e-08,-3.59851669021067e-10,-3.51719820350991e-08,2.14033335544376e-06,3.46903421087671e-08,-1.46196069285973e-07,-6.70180979125198e-17,-0.000157155975845078,-6.80837257759826e-17,-1.640227086315e-06,-2.03992638753148e-16,-3.82521405527725e-08,-5.01346792905547e-17,1.56927993689281e-07,4.13145839622865e-08,1.94292251926983e-07,6.78052865198921e-05,1.0511793787475e-07,-1.25362085727182e-08,7.9615009619802e-08,2.77426438793374e-08,1.49837450203348e-06,1.37879536302296e-07,2.76831734958251e-08,-7.76633000412082e-08,-1.48459801605829e-06,-1.20172977770376e-07,-3.69101067782296e-08,8.91171315997318e-17,3.44506535324477e-07,-5.9243908969814e-08,3.06775892172549e-08,1.38423485511445e-16,6.07001681928999e-08,0.000500590359138171,4.60608951834236e-07,3.94404987080251e-16,-1.15058477865992e-07,-7.03543975330743e-07,1.34593115649463e-16,-8.35027988596306e-08,1.85823483377901e-07,1.45337977569254e-16,-1.15585510389783e-16,-6.79404032329977e-09,-4.06647293678118e-07,-2.31342389274613e-09,-3.20418221164821e-06,2.26426221378886e-05,2.20525627319109e-08,2.38406089694348e-07,1.96960460322601e-07,-7.8801485402178e-06,8.26324685759827e-16,8.98699609128409e-10,6.9129395014885e-09,1.9057767958909e-08,1.78057336431654e-06,3.98383876657121e-17,3.78441417859445e-17,5.8419952651756e-07,2.18272043269197e-16,-4.12485547625248e-16,2.43972252201117e-07,-3.57779344136353e-07,-6.69793510135655e-08,-3.94009908628833e-08,1.70082330811752e-06,4.44204461064752e-07,1.37413528737937e-07,-1.5092454622511e-17,3.1142683328511e-07,1.44921164938055e-08,6.64203055217749e-08,-5.96044787332278e-08,2.327911539835e-07,-2.4879039547998e-16,-8.82795018676136e-17,7.8011588617153e-16,-2.2321136144567e-07,-9.64654596585909e-09,-1.63905276660094e-05,-7.62492309591042e-16,-7.24614855370719e-09,3.46100491777545e-16,-5.16721657098574e-17,1.19556737771143e-06,-8.77789585810316e-05,-3.64617190606875e-16,-6.79167205716367e-07,-3.12950255299675e-08,6.1348618600762e-16,6.98995648298321e-08,5.7060878484896e-14,2.70493284269907e-07,-2.77879471905112e-16,2.69390210164589e-07,2.09422281947857e-07,7.5712888219376e-09,7.91300788662364e-08,5.40893463714987e-07,-2.38930040845884e-08,1.88320995697116e-05,4.54920977736744e-17,4.07239133520296e-07,-2.28931003597473e-08,5.19618643354233e-16,-2.9995272072572e-09,-6.0498824349875e-08,1.39210684644494e-08,2.08310132725968e-15,4.30896684724852e-08,5.65670351822522e-08,-9.59296543982472e-17,-2.49533918721915e-06,-3.41247166635194e-07,-1.56771277771021e-09,-2.00844337374026e-16,4.92002412524757e-16,2.65547873922118e-08,8.79987136273667e-08,7.07990033015103e-09,-8.88571193554681e-09,4.36445649258175e-08,-3.66672457994313e-16,-2.98686665498214e-16,1.55992784202492e-07,1.07228226320644e-09,-2.64969079626896e-16,3.61755667468369e-07,-1.4942653363916e-16,1.61956545414389e-08,-6.24911201777614e-08,-3.63414223612883e-08,-2.36408798224536e-07,-1.31905170879063e-16,3.75075474506038e-16,3.74885247407008e-16,2.17346429492939e-16,-1.38767755692807e-09,-4.71171827835582e-09,4.24826488614461e-16,9.07833037030121e-16,-6.27588960929601e-16,6.0953393387916e-09,5.26030010348064e-11,-2.55501858155767e-09,1.94548339426457e-16,-4.08676456391255e-16,2.34759585902855e-15,-5.10392450459066e-08,1.49132385397649e-09,2.78936807665776e-17,1.12830807813498e-10,-1.25229820544278e-09,-6.33927444633703e-16,4.69754696640145e-16,2.36729157663396e-08,2.45011880791599e-11,2.38578372509345e-08,4.35936595087295e-16,-4.43015844971971e-09,-2.37025755992287e-06,-3.37785153321397e-06,1.63851809980873e-07,4.30852174616814e-08,-8.07549836016885e-10,7.93146465104518e-15,-4.39481086306169e-15,-8.47426311042815e-16,-3.11430220269742e-08,2.84875501948478e-08,1.29441372558205e-07,1.42150337646428e-08,3.29580151582016e-15,9.77719177007958e-16,-3.48216334849458e-15,-8.33812911871018e-15,8.86907153999762e-16,-1.12467867616867e-07,-3.27087769829204e-16,-6.0989164537801e-16,2.53405771378072e-07,-2.16037605785984e-15,2.29806476541294e-07,-1.03052828724238e-15,2.91266223406945e-07,-4.96507746319365e-16,5.78574058187861e-07,8.37812041834767e-08,8.94434612244708e-07,1.28261226243665e-16,-5.26613023593768e-06,1.33620956408636e-14,-0.820499498947792,-1.08295022467595e-06,5.76571363089849e-09,-2.12215565609028e-15,6.94377769680442e-06,2.53439016475947e-15,-0.00036131998821816,-6.23858607990129e-07,-8.82850619097405e-16,-3.63629951728932e-15,3.30131371506813e-15,-1.01191243953361e-16,-1.94877429570839e-08,-2.43701523069666e-07,-5.20717576038983e-08,-6.7100671521313e-16,9.633456349815e-16,-4.17645865686558e-08,3.38399189677959e-07,5.00520488286317e-16,-1.32693852242131e-15,-1.68193076018431e-07,-5.03280737986965e-16,-1.1579569120647e-06,-9.12800505318649e-17,9.17640613143985e-07,2.63148152396277e-16,-1.16742794409668e-15,6.05719287888287e-17,-5.93090701725989e-15,1.61716648760483e-16,-1.35449863329556e-15,1.55965734307093e-08,-1.08926428806341e-07,-4.9938310383142e-16,-6.99664963694856e-08,7.41533261686371e-05,8.79728363823074e-16,-2.18196486748886e-17,-3.6690518257053e-16,6.32422633631461e-16,2.6890896272566e-07,4.2505382607943e-08,1.94867360130953e-16,-4.96802422109646e-16,-1.22382915435608e-05,-1.53529392037283e-07,-2.31336691239145e-09,-1.45726462805405e-16,-3.94595177288577e-16,-1.46078140016798e-16,4.76571807327725e-16,-1.27799230641651e-15,4.25912237412399e-16,9.2178107006847e-07,-8.6617954710505e-07,-1.65498956219568e-07,1.34368099645223e-16,1.39888351718489e-15,-1.28227806346726e-16,-1.912389383268e-16,8.75799248397048e-17,-2.31962669361622e-15,8.34174907468976e-16,6.33355700779759e-16,1.30236413136883e-16,-1.69382707641312e-16,-5.02349279351409e-16,-5.81234210094015e-16,1.23503836834062e-16,1.0959193622687e-16,7.5070378155537e-09,-2.19909047937692e-16,-6.00020168962107e-16,-1.88420992154023e-16,1.05176961928535e-07,-1.39455975788368e-08,2.97523133897138e-16,-2.70430160717737e-09,9.46186719933418e-08,-2.68698055210639e-16,5.12575782920082e-16,-1.79871047235346e-07,7.76795760442214e-17,2.25922585751619e-09,-6.86543109595894e-17,-1.41122526194842e-16,1.65230103435396e-16,3.06204436204362e-16,2.38011792944725e-08,-2.95911310018739e-07,1.69177726819419e-16,3.21046355428731e-16,2.98451789131089e-16,-1.02269010281897e-15,-1.32597925694977e-16,-5.68012687196444e-16,2.94168591667894e-15,1.96277338207878e-16,3.32379362591201e-09,1.29209069875741e-16,-1.6503248428791e-16,1.55565565178443e-16,3.19617111098588e-16,-4.26911995122951e-17,1.65280895642139e-16,-1.14280395013804e-06,1.63088670695293e-18,3.41418583761893e-16,4.81700864102849e-08,-3.54103431107343e-16,6.94531721512708e-17,6.00969148006616e-17,-5.33789015668362e-17,3.91973600153866e-08,5.9591722945718e-17,-3.17455361403462e-07,4.49455144493376e-16,1.22704021035263e-17,8.40525033301256e-18,5.58173854054258e-16,1.28747555791954e-16,-1.38755607804465e-16,1.13770575558415e-08,2.22301789659321e-15,-1.34953757041135e-16,5.79610137407249e-09,-1.41122045732816e-06,-1.61566869306443e-16,1.57454290087478e-06,1.4382020268762e-07,1.06933907829191e-16,-3.25468037491643e-16,7.17056211552e-17,-4.1189034983293e-17,1.90368289351034e-16,-2.36362055295545e-07,3.6013511089865e-17,-1.8104122909611e-16,1.91732807073367e-16,9.41337992521951e-08,2.16573330608211e-16,-4.59192899191175e-17,1.15623346408696e-16,-3.28311737791031e-17,-4.26018898651575e-08,4.95050516341332e-17,1.16201076438565e-09,1.46090608460165e-17,6.88455145865197e-16,9.7258669574394e-17,2.61154414090525e-16,1.18124725862064e-16,-2.71996983784484e-16,-1.52813362799171e-16,-1.99560734819172e-08,5.03067086671862e-17,-4.46861549251224e-17,8.36928818708389e-09,8.80718213148291e-18,1.02659749290982e-16,-2.70244545515057e-16,-1.04636959689367e-16,-2.33733320266133e-17,5.78826102053723e-17,-6.02222130589753e-08,-1.4948278046156e-16,-5.75890587252704e-16,1.78747148566422e-08,-3.28682682396053e-17,3.61043385155062e-17,1.46314921930972e-16,-1.37850250883142e-16,5.08780282469429e-17,3.8580688362451e-16,4.2827557712258e-17,5.56348488580983e-17,1.30842886363569e-16,1.61527196801988e-16,-7.12828262970977e-18,-9.27189449123753e-09,3.0705897966824e-08,5.7510360958731e-16,9.02543334429793e-18,8.39525049209779e-17,2.55476608617909e-16,2.28658238177193e-16,2.66756493342485e-16,2.47479422189663e-16,9.48962729008163e-17,-7.34573134417318e-07,-2.69220550346999e-16,1.01783177871636e-17,-1.37927122443658e-16,-1.95316254035828e-17,3.36645348746627e-09,2.96769334603577e-16,-5.30732096466704e-10,-9.92390580656241e-17,-5.88803118385977e-17,-6.57276769843947e-17,-3.05454635820889e-17,5.92398344584185e-17,3.34862332447705e-16,2.45248033129027e-16,-2.09531022926986e-17,-1.24571745871464e-16,4.63326302612792e-17,-8.28675022834732e-17,1.12842235786734e-17,3.64663882974786e-18,1.98902416724005e-17,3.93382764613808e-18,4.33616965561883e-17,-7.56396693534094e-18,1.05912294649898e-16,2.59804658780076e-17,-1.0721278616997e-16,-1.33085816672596e-16,1.17375226186383e-16,6.39965679892894e-17,6.37687237292117e-18,6.0472561533342e-19,2.72268614365667e-09,4.9238639178244e-17,4.90656152112482e-17,6.10914893518972e-18,-9.05399460992784e-17,-1.73006745377214e-17,-2.26122914456128e-17,-1.92850343491011e-16,-3.82300663511867e-17,-6.72617228198702e-17,2.64703450326545e-17,-2.38849738598557e-16,1.50802374348378e-16,-1.17872280792191e-16,-3.77754248926635e-17,5.3106964448974e-17,1.19854436655701e-16,1.82901076252452e-17,-3.46358568663479e-08,-1.46684161895166e-17,5.07497732289735e-17,-3.74549297186679e-17,7.23174386324359e-17,2.06263891347893e-16,-2.83393255142861e-17,-1.5433962834583e-16,-3.45265244474678e-16,3.44767273802382e-17,1.1605294756604e-08,2.82024869832815e-16,-4.74506036221165e-17,-1.49455509306517e-16,-9.67851728546269e-17,-3.09722002324835e-18,2.53008801711068e-16,-4.21427805800988e-17,-1.4400022165875e-16,6.41706471889037e-17,6.1187360850228e-17,1.05684495381195e-16,2.14060220519325e-16,2.8494010416754e-17,3.62616900269585e-08,2.45390477490893e-17,1.18121921445818e-16,-2.56272574282766e-16,-2.61617984220752e-16,-9.89973839488949e-09,-7.57220579305726e-17,-1.16573774525569e-16,1.63964502807996e-17,-8.68639526491975e-18,4.78876699287962e-17,-1.36090763250048e-19,2.97079619712614e-16,2.79287120207393e-17,-3.52480803189209e-17,1.33722929376457e-16,-1.06924163771664e-16,5.42644183394934e-17,-1.03531332655416e-16,-6.70232357809276e-17,7.1056522232528e-17,6.93663193134558e-17,-2.48860479233923e-16
"t319",0.026106515425385,-0.00240394387795045,-0.00212343286474442,-0.000331494019969532,-0.0109450343554905,0.0925391748665148,0.0157581027132178,0.000100344946423561,0.0235180820109283,-0.0175836611123449,-0.00313041405070873,0.00217712589184014,-0.00413779636284113,-0.000855680209340308,-0.0216340341264014,0.000463538844492616,0.000323012242003619,-6.62640040839377e-05,0.00246873938142902,0.000363457714855066,-7.68819282696798e-05,5.27178301174473e-06,0.000610197084856967,-0.000124762657306978,2.53883215248079e-05,-0.104731855470871,-0.00713396718093255,0.000457583282875868,-0.00200083067375961,0.00343183865523161,8.96098653328348e-05,-0.00327793998606777,-0.000163317556367554,0.00138899981519343,-0.000137479596277889,-0.000118278147608261,-2.10240015014891e-05,0.00108578372963074,0.000225083817465432,5.6448729214186e-05,0.000166165490605146,-0.000289116766985396,1.34186696591116e-05,-0.000227931957773663,4.93068289923225e-05,-9.60154136424766e-06,1.74815217328485e-06,-2.57060207587674e-05,0.000345580364389947,-0.000653728054796955,3.79131485055071e-05,-3.58478339952992e-05,6.87905306860368e-07,-1.53537062482162e-05,0.000395951405369809,-0.0197600393965432,-1.3637681661338e-06,2.18552158795975e-06,-6.27457367691774e-06,9.53101010801952e-08,3.96351465001128e-07,-8.64326272962307e-06,2.64034364896895e-05,-2.11903010734966e-05,2.94148600029252e-05,-1.15106045058153e-05,2.91483630717074e-05,-0.0747901273455373,-0.000787173544068085,0.0208437935767244,-1.24346881684109e-06,5.4058193353938e-07,0.0126541538833093,-2.26956236431457e-06,8.49632583971031e-07,5.06568681897705e-08,-3.81907609922714e-06,-3.31655742900862e-08,5.07637319583361e-05,0.00085484867498897,-5.51215206881378e-06,-0.000546656471892632,6.1084259922141e-05,2.7629436722071e-05,-3.23904387587693e-05,-9.74552677014561e-05,1.63812198690928e-05,2.95148084897217e-05,5.85592273820615e-07,-2.26608993680786e-05,5.8175794920164e-05,-5.15796780901651e-07,-0.0347766000421138,6.44731268547138e-05,6.32342225646207e-06,2.94064061994194e-05,3.4643199507348e-06,-2.08249404376974e-05,0.00024230584266573,0.000830392405938728,0.0259967566751041,2.50736061781631e-07,0.00140788630033781,-0.000348206266663562,0.000203575920879129,-5.83171789079041e-05,0.0847048713569621,0.000240759251078888,-0.00405498954351481,5.13812333862424e-06,0.000136982889701921,9.62360032495353e-05,-2.65587620405895e-05,-9.60721390491469e-06,4.53265581063772e-06,-2.79120593684013e-05,0.000533299525158783,-0.000875637791195046,0.00839522951003015,-0.00060529930616638,0.000419850088725075,-0.00227925103662245,0.150689956432798,0.647196195879612,0.00262958101111375,-0.00400663085179508,0.000388535973606269,-0.00277247392365935,0.00308675312730079,0.107105172936521,0.000776824713134687,0.0101174166764202,0.000246988034820959,-0.00262342641044546,-9.19158313726529e-06,-0.00198887906903798,0.000442044246618842,0.000359258822913472,-0.00401989315460108,0.0142977390689577,-0.000218072144996167,-2.17297806369317e-06,-0.00432209835140408,0.00500977814123221,-6.95778866995025e-06,3.56914672345281e-06,7.63732681202581e-06,-1.4376301193905e-05,-8.47842224184564e-07,0.0837456521321072,-5.02465402820704e-06,-5.94660781579612e-07,3.35766326402171e-08,-2.77756682659924e-06,-3.4442756980655e-07,-5.67042952940724e-07,9.37795403541889e-06,-1.17235496215926e-05,-6.05896223872742e-06,-2.01205236672516e-06,-9.94664572927255e-06,1.454080586044e-06,-1.00368612041439e-05,-1.4718506695393e-05,9.65541487288734e-06,-6.43897877856959e-06,9.37986087475018e-05,1.60024440290839e-06,7.95197823570642e-05,7.90392435835551e-06,-1.33916022082137e-05,-2.35283204816564e-06,2.70096285253359e-07,8.93889869683001e-06,1.75104715929501e-06,0.00494507397214238,1.30065047058542e-07,-5.22557650034545e-06,-4.62487877700413e-05,-2.23526510646429e-05,8.80599424475405e-05,2.23543731990379e-05,-4.54389168337112e-06,-1.75524155505776e-08,-5.14514192531758e-07,-1.31298207200191e-07,-0.000222396871512617,4.96716935000508e-05,0.000222392007279222,-2.07703990374485e-05,-6.02849181736269e-06,1.17569550476909e-05,0.0021306461937829,5.50558364261966e-09,5.46654082747726e-07,-9.6554409494098e-06,-1.77625043342123e-05,-1.02642467249791e-06,1.04805419494073e-05,4.29626602709107e-06,4.27144341522435e-06,5.95239683899537e-05,-1.17943587818343e-07,-1.73212235961075e-06,-2.96938506427214e-05,-1.24808535871852e-05,1.89339529817494e-05,8.50247614150998e-06,-0.000137873916917256,-7.87155158505543e-08,-0.000541111974047822,7.68738110587354e-06,-3.49678347724164e-05,-5.70946524001976e-05,-3.28950281401237e-07,-2.34890660533293e-06,6.18377624378409e-07,3.90106246095694e-07,-8.83483134463424e-06,-0.00156018348720632,-1.79492271263095e-05,2.48125889306541e-05,5.74387136290181e-06,2.65612206338676e-05,-0.02222692508035,6.05489715136583e-06,0.000495939762766458,-8.62122401473742e-07,-2.06501945745637e-05,-1.82624465768289e-05,4.7220430733623e-06,1.04910615550304e-06,1.02206564928947e-05,0.00603130603066017,-5.380171302796e-07,-1.13240542161441e-07,-0.00160625467058569,3.0838279487766e-17,-3.93573091200775e-07,5.71217126471698e-06,-1.21885823599847e-06,-3.26677632287761e-06,-0.00143471535696371,-1.97917008121725e-07,-1.24395913706923e-05,3.33159652739303e-06,-6.31188729001769e-07,4.12798761975379e-08,-8.17349181628214e-07,9.40577953736855e-05,-2.44622943679932e-07,2.60621176959138e-05,-1.95676921227501e-05,8.62692706605918e-08,-5.59286530610781e-09,2.64084331063501e-07,-2.43869620516005e-07,3.83266851266449e-06,9.51731469219681e-06,-1.79802395713948e-06,3.47576632029196e-06,-6.43496894078443e-06,7.31995621143192e-05,-4.38574962126914e-06,4.50941593048033e-06,-1.52635789232331e-06,2.85659782225162e-08,0.00011738651657833,-1.88938694003666e-06,1.79325946108133e-06,5.86594221616961e-08,-1.53118808300678e-06,1.54038413018127e-06,-1.82899859474102e-06,2.89806434558929e-06,-5.61766703748028e-06,4.42801646753948e-06,-3.32897330084967e-07,0.00176982342890972,-1.39366924412188e-07,8.44744744448627e-06,7.23781173221478e-16,-2.44921621150121e-05,-8.44615201278942e-07,-9.59969405589209e-11,-8.49272929558704e-07,4.05525835651334e-05,-1.27552399349445e-06,-2.20447743226529e-07,2.56196029583444e-08,-1.18100862786019e-06,7.01789085443747e-05,1.5568565208969e-06,-1.19492971033435e-07,1.77959165640967e-05,-2.15015893696741e-05,5.89658631821312e-06,-1.03662254594606e-05,1.46929501573139e-06,6.0049790876147e-07,3.9574879167175e-08,2.48875301959789e-05,-1.55059910787109e-05,7.66200109638897e-08,-0.00675928459488485,1.42800925886447e-06,-5.69709157150789e-06,0.000146944134971768,4.41349189136104e-06,2.25063083504284e-06,-7.21883273511169e-07,-0.00197627225238196,4.48839291284667e-07,-2.102962423119e-06,5.9728188602974e-07,5.5727473962464e-06,-1.08470838955464e-05,-5.65828936103591e-18,3.29770832041008e-08,1.7531467081716e-06,-1.63165969788658e-07,9.52774662473524e-06,1.061390560572e-07,2.5110341013883e-06,5.95301560051138e-06,-8.0780445323895e-06,0.00248336143920062,2.27949030211899e-16,-2.00788863764947e-05,-1.62710094620156e-08,-6.98727846678879e-07,2.91221830652872e-07,0.000156132282484768,-3.58681093970859e-07,-1.3752045907654e-05,3.66523940397595e-06,-1.52458537724346e-06,2.28506663650926e-05,-3.07288928344566e-07,-8.35255375492037e-06,-3.8851566852424e-08,-5.49197696141871e-09,-8.28629104463281e-06,4.37198343159025e-07,-8.96102461224203e-06,1.56330268690653e-16,-2.28722915950053e-06,1.79301275826009e-07,5.16729912677889e-09,4.52563448181266e-08,-1.66901783345864e-05,-3.40390485824695e-05,1.51883777814353e-06,-5.5219957490598e-06,-0.000256839565648405,-7.01118966577594e-17,-5.55852426892104e-06,-1.93009288891444e-07,-6.96686430815724e-06,6.71349942790817e-14,2.11060955557359e-05,1.65217078791387e-06,-2.5233037039892e-07,-1.062520257583e-05,-3.52540441926339e-06,-1.87618264823456e-06,-5.94586273995833e-06,1.8698360087706e-06,1.32254708001858e-06,7.30290369855757e-08,4.03749456913893e-06,5.14416524798111e-07,3.10741779219506e-17,-2.0613724388001e-07,0.000210909317064595,3.19594234703168e-06,-4.82850737513455e-06,-1.01727018612238e-16,-4.11506644617942e-07,7.54204603844338e-08,-2.04988562198786e-06,-1.21814345572472e-07,-4.59196283032386e-06,4.29750177690203e-07,-5.67341361988181e-06,8.75315078048972e-06,3.09203198377813e-17,3.14545419724494e-05,-5.29337870182713e-07,1.48710138773722e-06,3.87620774825789e-05,-3.19105081784761e-07,-2.64170131381811e-08,-1.76074432811646e-16,6.69089330751383e-17,-2.54007228713305e-08,-2.86499237898014e-07,3.77652738291026e-08,-4.2903481591684e-06,2.09555406615195e-14,-2.03003455464655e-06,-2.39540320369452e-08,2.13724115328111e-16,-7.55900419766799e-17,1.33070896998019e-16,5.0941325863767e-06,1.33997696179794e-06,-1.49340445106226e-06,1.80310744430354e-05,0.00206330505039771,1.08135050022219e-06,-4.71484133285153e-07,-3.1383173699225e-16,-1.05761293203416e-07,2.97455904115408e-07,-8.99638554606419e-17,4.47970447181147e-17,-1.86725603160449e-07,-1.12713989732934e-09,-1.10296341716785e-07,6.71732544514896e-06,1.09047585304961e-07,-4.59682061090447e-07,-3.92695023034957e-16,-0.000494322398974004,-4.39164946149708e-16,-5.16469073845593e-06,4.36906370457346e-16,-1.20543181005972e-07,-3.54341016121577e-16,4.95035925470696e-07,1.30356206248035e-07,6.14807527688223e-07,0.000214695947615871,3.32930529232598e-07,-3.97517653767949e-08,2.52719972269695e-07,8.82833983286173e-08,4.76827623820989e-06,4.39120681697487e-07,8.82956192854623e-08,-2.48208842409896e-07,-4.75301270400821e-06,-3.85280673092656e-07,-1.18418702745799e-07,2.30731852464789e-16,1.10773018664146e-06,-1.90911597445104e-07,9.95063965052401e-08,1.58481696304735e-16,1.97280189572479e-07,0.00163198348052934,1.50366460700927e-06,1.52254770675479e-17,-3.75873467887338e-07,-2.30485716630122e-06,2.00951457681818e-16,-2.73950600351312e-07,6.1515071444177e-07,9.09761052609687e-17,9.16658276467228e-16,-2.25752289993778e-08,-1.35166897509011e-06,-7.7020961379189e-09,-1.06882633912156e-05,7.58683969494828e-05,7.39204824703134e-08,7.99588818438508e-07,6.64748980982128e-07,-2.6739139999471e-05,1.65991352607531e-16,3.05588052561082e-09,2.35148522347637e-08,6.49095282015605e-08,6.07398252535286e-06,6.45997224919512e-17,5.26318234491624e-16,1.99717391946891e-06,-6.54176592317532e-17,-6.16661153218606e-19,8.46223463579616e-07,-1.24427532305647e-06,-2.32952126950176e-07,-1.37860365028868e-07,5.9559746716279e-06,1.55580130315464e-06,4.81841230132959e-07,1.087429590424e-16,1.10621586819293e-06,5.16270992264432e-08,2.36847496595137e-07,-2.13594094867358e-07,8.42114426277896e-07,-1.11002532074896e-16,-1.35818168364102e-17,4.53347257015472e-16,-8.19359548647362e-07,-3.56501125473869e-08,-6.06051939263468e-05,-4.00801946592429e-16,-2.69759287288447e-08,4.8713782026077e-16,1.40465237582244e-17,4.60197730544703e-06,-0.000338033933563897,-1.34766330039948e-16,-2.63964353027416e-06,-1.22310034314245e-07,6.66561853982299e-17,2.76457692961197e-07,8.02731795450015e-14,1.08632721366054e-06,-3.19288084699549e-16,1.08344746472754e-06,8.43205971505544e-07,3.05232921159714e-08,3.1957724917802e-07,2.19335134276494e-06,-9.84457145551058e-08,7.95056690109777e-05,2.53233941114101e-17,1.77919855597213e-06,-1.00414109910433e-07,4.67923595361192e-16,-1.3227202579363e-08,-2.69479054945811e-07,6.25936552237514e-08,-2.22931146761318e-16,2.00587143250408e-07,2.6528456034752e-07,7.10410735728467e-16,-1.18219206396502e-05,-1.62502428742004e-06,-7.61551782125167e-09,5.0970184845202e-16,-6.18467672534775e-16,1.35997162002923e-07,4.62274411902319e-07,3.73954743420693e-08,-5.40281142351862e-08,2.73069103270888e-07,1.20188037077048e-15,3.87718868659935e-16,9.9662716400058e-07,6.86943659455161e-09,2.48886956252716e-15,2.40730283876547e-06,-4.74692334598176e-16,1.12179316675838e-07,-4.6017428825418e-07,-2.6886271367709e-07,-1.78213208469511e-06,-1.93503982814203e-16,-5.6847498049776e-16,8.40384547910956e-17,1.88822621225922e-15,-1.28893284066662e-08,-4.47044370856682e-08,-1.86255145659714e-16,1.76347546846508e-16,1.17067986028997e-15,6.29003615364224e-08,5.65171347791842e-10,-3.11061350524881e-08,1.99415414987971e-15,7.30494766239265e-16,-1.6306400674182e-16,-1.33257288725356e-06,4.07751269379671e-08,1.00738266300038e-15,7.15048628317315e-09,-1.870161819112e-07,-1.52954849211787e-15,1.23928877581876e-15,-1.43178141330503e-06,-1.32323188215356e-09,-7.09051012211249e-07,-4.21786850485883e-16,7.1975133183441e-08,3.01851693341342e-05,3.23623054166507e-05,-1.13353932090053e-06,-2.75412467131103e-07,4.48242321794547e-09,5.52477277948112e-15,-1.91778399573246e-15,4.50740510071126e-15,8.51244277549257e-08,-7.70717535245224e-08,-3.21630797047217e-07,-2.28370472334877e-08,-9.7290425052843e-16,-2.67571963147044e-14,7.19798483275742e-15,7.46203759328694e-14,1.00185697612792e-13,1.08938288449256e-07,-2.28764571955206e-14,-0.707106781186549,-1.95153938956297e-07,-5.82691308054665e-15,-1.7469387721617e-07,-1.89315636514797e-15,-2.16576870024396e-07,-1.06687620930519e-14,-2.62249430483609e-07,-3.28221529425319e-08,-2.70670650469404e-07,-4.01563422520616e-15,1.05459568171016e-06,-1.34609222629409e-15,0.000461205714895947,-2.36458063193312e-07,1.30866978724634e-09,-1.98940236107093e-15,2.11207295231611e-06,3.02149621679921e-15,-0.00015025269675626,-2.62657499329615e-07,1.94785920362858e-15,-1.49467028015508e-16,-2.22218288039589e-15,1.47861038480863e-15,-9.82675319361139e-09,-1.2796981325186e-07,-2.85753702360099e-08,-3.6658047976384e-15,-9.61946223545082e-16,-2.73239278944271e-08,2.22885449051346e-07,5.53410937533079e-16,-1.22566040857117e-15,-1.30156719400326e-07,8.55238730802948e-16,-9.22307176402886e-07,-3.35494399533055e-16,7.87916016522366e-07,2.52319665000598e-16,-2.56655380974273e-16,-1.40937773766066e-15,1.9346594449204e-15,7.01729898046926e-17,-1.33404543597571e-17,1.51429526926679e-08,-1.05906409357473e-07,3.12001603435525e-16,-7.04969295796204e-08,7.57716095909419e-05,3.09896985341748e-16,2.83072653925053e-16,4.81268136254679e-16,-1.11542754861457e-16,2.90403535926175e-07,4.64487884999523e-08,1.08940207269522e-15,1.07144661975006e-15,-1.35451239332332e-05,-1.7020004930377e-07,-2.57853310797598e-09,1.10861819001838e-15,1.7694890456178e-16,4.26012159601884e-16,-3.10730393689008e-16,6.66916562936281e-16,6.13255467062909e-16,1.11090087554824e-06,-1.050648456391e-06,-2.02009915226214e-07,3.72348164740698e-16,-3.63535867972179e-16,1.12533456132849e-15,-8.93713110663214e-16,4.5160787973051e-16,8.79802893589823e-16,5.60686365042369e-16,-1.61231534780461e-16,3.31333631397313e-16,-4.05747388017939e-16,2.08676511612149e-16,-1.08242126499391e-16,7.86666063541576e-16,2.54154644092281e-16,1.00258181890122e-08,1.05576641905055e-16,3.02832188136935e-16,-4.40725954629363e-16,1.4188665016528e-07,-1.88557384564527e-08,-6.15300384126027e-16,-3.66158211789617e-09,1.296207803112e-07,9.03102980583592e-16,7.40490829935175e-17,-2.49854301944675e-07,1.82607943978527e-15,3.18890683646359e-09,3.09995724917557e-16,-1.22433166912158e-17,-2.21215615493583e-16,5.23525194583478e-16,3.43867546776176e-08,-4.28159352356926e-07,-4.61667730703934e-16,1.61366868860684e-16,3.20238101607633e-16,-2.07363236499043e-16,-1.13738228904592e-15,-4.95809104775953e-16,1.33284540361484e-16,-8.72115659439085e-17,5.13824680419325e-09,8.64868557419703e-17,-1.86060676547099e-16,-1.56840923082998e-16,4.25539582493865e-17,-7.31611549432253e-17,6.6906452084283e-17,-1.78772705168167e-06,3.32929878932661e-16,-9.7233800892022e-17,7.55129690731347e-08,4.47100864493602e-16,-5.25795024411805e-16,2.54620420233535e-16,-1.89981164545936e-16,6.28826381474107e-08,-2.73462716328829e-17,-5.11240999237406e-07,-1.31818727906285e-17,-1.59545755460803e-16,-3.37067200085756e-17,-1.77267023437644e-15,4.42186698930167e-16,-5.66739105452866e-16,1.84615731221689e-08,1.18060999476806e-16,5.67038359866525e-16,9.45819925302265e-09,-2.30349895932633e-06,-7.68556140644045e-17,2.58212557733619e-06,2.36193450814471e-07,-5.93015883315308e-17,2.23047736724497e-16,4.6551905356099e-16,-2.8398908023372e-16,5.99891404277309e-17,-3.95978463202551e-07,1.17252683964088e-16,9.29321235558766e-17,6.39975851170102e-17,1.58451854488095e-07,2.9441780363563e-16,1.23457276227656e-16,2.94263790746675e-17,-1.27016635081788e-17,-7.21448792763028e-08,4.65818531244491e-17,1.97140513817523e-09,5.17303656599442e-18,7.02480278201212e-17,3.21160861890114e-16,-6.06816359924981e-16,2.29867545607733e-16,-4.23036787333139e-16,1.21303094604484e-16,-3.4171035373277e-08,-4.22025131784491e-16,-2.68872497232924e-17,1.43624446494039e-08,1.31014043994052e-16,-6.60382281326735e-17,1.42864648060688e-16,2.3172562015825e-16,-1.44219551911886e-17,9.69074071274683e-17,-1.04041181447902e-07,2.37555152593781e-16,-9.53285308957804e-17,3.0970258837472e-08,1.43916597964384e-16,-1.10438025870017e-16,-5.60790394910752e-17,-4.72474832673413e-16,2.52080497196785e-16,7.94906033813225e-17,-8.73558562731852e-17,-8.25877593156674e-17,4.10664534063341e-17,3.49339557267674e-16,-6.42866883212517e-17,-1.62287725084875e-08,5.38078704166699e-08,-2.89826544221701e-16,1.54809143217745e-16,2.33490129397623e-16,-1.19956747352496e-16,-2.20418301666303e-16,-2.59573183650412e-17,-1.61621165894583e-16,-1.90884023509987e-17,-1.29487770752689e-06,-1.43642399997904e-16,1.85690828768935e-16,6.55519791041095e-18,-4.93324880236008e-17,5.96285285092617e-09,-2.57670049159086e-16,-9.4495509244969e-10,2.72670740614272e-17,6.21980747600141e-17,-1.25369241390683e-16,-3.01049887052714e-17,-8.17979472985999e-17,9.4110087009709e-17,1.34145020708922e-16,6.81220903814369e-17,-1.32248799048317e-17,1.82839320739182e-16,-1.07002837327529e-16,-1.66222729729173e-16,1.76414511053277e-17,9.56231019837896e-17,1.53500730577825e-16,-7.43871557909685e-17,-8.70225144878598e-17,2.25395061724723e-16,-8.60175456159868e-17,3.11751020351224e-16,-2.32778206432638e-16,7.89712838023751e-17,-1.30313741102538e-16,1.59215975124358e-17,9.66160004630566e-17,4.93193207674246e-09,1.09904177810579e-16,1.64246698689642e-16,-2.47162875539926e-16,2.37160727144626e-16,-5.84671733427048e-17,8.73795667175181e-18,2.66778893950522e-16,-2.91352506674925e-17,2.66983651532838e-17,-8.08209150258682e-17,-7.02020906684364e-17,1.73331375697124e-16,-5.08155024928165e-17,-1.30799910355666e-16,3.80692077464897e-16,5.95669935118208e-17,2.32956541305344e-16,-6.3380745809423e-08,1.34263470897256e-16,-1.48279618703297e-17,9.36834214905653e-17,1.10781567357137e-16,2.80870656453105e-16,-2.1652068980723e-17,6.72852534417522e-18,-8.43022335583596e-17,-4.92104640156585e-17,2.14374106537478e-08,-1.22135637822172e-16,2.01680637075915e-17,-2.35141294642329e-17,1.18305371305476e-17,-2.71243571063623e-16,-2.2169585312311e-17,-8.78315793003584e-18,-1.41332409930783e-16,-2.67706315999972e-18,-9.52672472730572e-17,1.95453484813338e-17,9.48282009068062e-18,4.07727067231947e-17,6.75537614781091e-08,6.1050023532836e-17,-2.25422450109989e-17,-9.5239716965584e-17,-6.36697725792112e-16,-1.8510309431341e-08,-4.75716537235775e-17,1.15948507376144e-17,4.71021323452548e-17,4.67948177422288e-17,-1.96821816213391e-17,2.81306753065297e-17,5.65596258095052e-17,2.32719338962262e-16,-2.30710555727236e-17,-5.17005481519768e-17,9.36448061032066e-17,3.92029733426065e-17,-1.10566349437182e-16,7.47548673702033e-17,-1.83641229496351e-17,1.3110164053364e-16,-2.7852765498162e-16
"t497",0.026106515425385,-0.00240394387795045,-0.00212343286474442,-0.000331494019969533,-0.0109450343554905,0.0925391748665147,0.0157581027132178,0.000100344946423559,0.0235180820109282,-0.0175836611123449,-0.00313041405070872,0.00217712589184013,-0.00413779636284113,-0.000855680209340308,-0.0216340341264014,0.000463538844492613,0.000323012242003621,-6.62640040839385e-05,0.00246873938142902,0.000363457714855066,-7.68819282696726e-05,5.27178301175122e-06,0.00061019708485698,-0.000124762657306972,2.53883215248125e-05,-0.104731855470871,-0.00713396718093252,0.00045758328287589,-0.00200083067375961,0.00343183865523162,8.96098653328283e-05,-0.00327793998606776,-0.00016331755636757,0.00138899981519344,-0.000137479596277913,-0.000118278147608264,-2.10240015014709e-05,0.00108578372963074,0.000225083817465426,5.64487292142154e-05,0.000166165490605133,-0.000289116766985366,1.34186696591132e-05,-0.000227931957773664,4.93068289923414e-05,-9.60154136428191e-06,1.74815217328811e-06,-2.57060207587725e-05,0.000345580364389947,-0.000653728054796965,3.79131485055331e-05,-3.58478339953354e-05,6.87905306867086e-07,-1.53537062482219e-05,0.000395951405369821,-0.0197600393965432,-1.36376816613853e-06,2.18552158795527e-06,-6.27457367693153e-06,9.53101011038444e-08,3.9635146501068e-07,-8.64326272959101e-06,2.64034364896723e-05,-2.11903010734497e-05,2.94148600029029e-05,-1.15106045057725e-05,2.91483630716909e-05,-0.0747901273455374,-0.000787173544068096,0.0208437935767245,-1.24346881685318e-06,5.40581933575917e-07,0.0126541538833092,-2.26956236434212e-06,8.49632583965536e-07,5.0656868188482e-08,-3.81907609922258e-06,-3.31655743017465e-08,5.07637319583445e-05,0.000854848674988966,-5.51215206880004e-06,-0.000546656471892648,6.10842599221409e-05,2.7629436722046e-05,-3.23904387587647e-05,-9.74552677014228e-05,1.63812198690761e-05,2.95148084897958e-05,5.85592273871618e-07,-2.26608993680864e-05,5.81757949201763e-05,-5.15796780830528e-07,-0.0347766000421139,6.4473126854718e-05,6.32342225631276e-06,2.94064061994403e-05,3.46431995082401e-06,-2.08249404377675e-05,0.000242305842665729,0.000830392405938721,0.0259967566751041,2.5073606177481e-07,0.00140788630033777,-0.000348206266663479,0.000203575920879166,-5.8317178907885e-05,0.084704871356962,0.00024075925107889,-0.00405498954351493,5.13812333865479e-06,0.000136982889701764,9.62360032493489e-05,-2.65587620406184e-05,-9.60721390500948e-06,4.53265581071399e-06,-2.79120593684601e-05,0.000533299525158795,-0.000875637791195019,0.00839522951003012,-0.000605299306166486,0.000419850088725092,-0.00227925103662212,0.150689956432798,0.647196195879613,0.00262958101111377,-0.00400663085179473,0.000388535973606365,-0.00277247392365934,0.00308675312730069,0.107105172936521,0.000776824713134435,0.0101174166764202,0.00024698803482089,-0.00262342641044556,-9.19158313752442e-06,-0.0019888790690377,0.000442044246618725,0.000359258822913415,-0.00401989315460108,0.0142977390689577,-0.000218072144996197,-2.17297806368609e-06,-0.00432209835140415,0.00500977814123243,-6.95778866988897e-06,3.5691467234988e-06,7.63732681209115e-06,-1.43763011939326e-05,-8.47842224197607e-07,0.0837456521321074,-5.02465402813938e-06,-5.94660781653176e-07,3.35766326696405e-08,-2.77756682691997e-06,-3.44427570291502e-07,-5.67042952979865e-07,9.37795403524728e-06,-1.17235496215439e-05,-6.0589622388356e-06,-2.01205236677331e-06,-9.94664572931539e-06,1.4540805860163e-06,-1.00368612041189e-05,-1.47185066954972e-05,9.65541487259502e-06,-6.43897877854879e-06,9.379860874741e-05,1.60024440325925e-06,7.95197823570413e-05,7.90392435831226e-06,-1.33916022082021e-05,-2.35283204817051e-06,2.7009628535276e-07,8.9388986968054e-06,1.75104715904243e-06,0.00494507397214261,1.30065047012441e-07,-5.22557650010628e-06,-4.62487877700051e-05,-2.23526510646706e-05,8.80599424476151e-05,2.2354373199084e-05,-4.54389168332973e-06,-1.75524155590912e-08,-5.14514192542706e-07,-1.31298207187941e-07,-0.000222396871512688,4.96716935000112e-05,0.000222392007279247,-2.07703990374522e-05,-6.02849181735547e-06,1.17569550478024e-05,0.00213064619378296,5.50558364912455e-09,5.46654082755152e-07,-9.65544094938346e-06,-1.77625043343391e-05,-1.02642467253747e-06,1.04805419493982e-05,4.29626602703377e-06,4.27144341521163e-06,5.95239683899254e-05,-1.17943587819058e-07,-1.73212235965873e-06,-2.96938506426024e-05,-1.24808535871801e-05,1.89339529816515e-05,8.50247614130571e-06,-0.000137873916917313,-7.87155159514115e-08,-0.000541111974047643,7.68738110588755e-06,-3.49678347724308e-05,-5.70946524002064e-05,-3.28950281431286e-07,-2.34890660532414e-06,6.18377624285671e-07,3.90106246063038e-07,-8.83483134467029e-06,-0.00156018348720642,-1.79492271263829e-05,2.48125889306735e-05,5.7438713629538e-06,2.65612206339467e-05,-0.0222269250803501,6.05489715135724e-06,0.000495939762766272,-8.62122401443698e-07,-2.06501945744877e-05,-1.8262446576765e-05,4.72204307328501e-06,1.04910615559649e-06,1.02206564929092e-05,0.00603130603065985,-5.38017130282735e-07,-1.13240542390101e-07,-0.00160625467058582,4.04509671724807e-17,-3.93573090970886e-07,5.71217126485446e-06,-1.21885823595648e-06,-3.26677632269592e-06,-0.00143471535696365,-1.97917008109998e-07,-1.24395913706902e-05,3.33159652738296e-06,-6.31188728970744e-07,4.12798761911471e-08,-8.17349181623827e-07,9.40577953738942e-05,-2.44622943622566e-07,2.60621176956843e-05,-1.95676921227448e-05,8.62692706570662e-08,-5.59286555818482e-09,2.64084331058265e-07,-2.4386962050817e-07,3.83266851295436e-06,9.51731469220272e-06,-1.79802395721586e-06,3.47576632033065e-06,-6.43496894080037e-06,7.3199562114542e-05,-4.38574962148329e-06,4.50941593057526e-06,-1.52635789228935e-06,2.85659782969292e-08,0.000117386516578283,-1.88938693975072e-06,1.79325946175511e-06,5.86594220656936e-08,-1.53118808304368e-06,1.5403841300256e-06,-1.82899859480084e-06,2.89806434556184e-06,-5.61766703748956e-06,4.42801646747052e-06,-3.32897330103015e-07,0.00176982342890963,-1.39366924368215e-07,8.44744744446227e-06,-3.72147475501628e-16,-2.44921621148928e-05,-8.44615201222008e-07,-9.59969629186262e-11,-8.49272929355338e-07,4.0552583564964e-05,-1.27552399353338e-06,-2.20447743401193e-07,2.56196033113612e-08,-1.18100862801552e-06,7.01789085447829e-05,1.55685652160901e-06,-1.19492971005863e-07,1.77959165641874e-05,-2.15015893697777e-05,5.89658631793817e-06,-1.03662254594453e-05,1.46929501579796e-06,6.00497908674684e-07,3.95748792104077e-08,2.48875301962022e-05,-1.55059910787104e-05,7.66200110082502e-08,-0.00675928459488508,1.42800925872736e-06,-5.69709157115272e-06,0.000146944134971658,4.41349189107859e-06,2.25063083508562e-06,-7.21883273614458e-07,-0.00197627225238192,4.48839291547494e-07,-2.10296242296789e-06,5.97281886147979e-07,5.57274739635299e-06,-1.08470838955292e-05,-8.32677185682686e-18,3.29770829733684e-08,1.75314670790755e-06,-1.63165969680455e-07,9.52774662464923e-06,1.06139056270363e-07,2.51103410122597e-06,5.95301560037554e-06,-8.07804453254007e-06,0.00248336143920065,-1.89914130279287e-18,-2.00788863766396e-05,-1.62710095921445e-08,-6.98727846518792e-07,2.9122183058013e-07,0.000156132282484662,-3.58681093500029e-07,-1.37520459077172e-05,3.66523940409964e-06,-1.52458537698074e-06,2.28506663650438e-05,-3.07288928494608e-07,-8.3525537550742e-06,-3.88515669063714e-08,-5.49197693810836e-09,-8.28629104457237e-06,4.37198343017283e-07,-8.96102461220603e-06,-1.50926342567095e-16,-2.28722915951679e-06,1.79301275625866e-07,5.1672988849655e-09,4.52563447313127e-08,-1.66901783344733e-05,-3.40390485824678e-05,1.51883777797134e-06,-5.52199574877855e-06,-0.00025683956564873,-3.62821910425543e-17,-5.55852426866475e-06,-1.93009288844486e-07,-6.96686430827271e-06,6.67934362358984e-14,2.11060955556214e-05,1.65217078789889e-06,-2.52330370095341e-07,-1.06252025759919e-05,-3.52540441896139e-06,-1.87618264810731e-06,-5.94586273994779e-06,1.86983600858489e-06,1.32254708037572e-06,7.30290371382004e-08,4.03749456910131e-06,5.14416524644829e-07,-3.84702646430051e-17,-2.06137243443451e-07,0.000210909317064406,3.19594234690626e-06,-4.82850737513731e-06,9.5562514790851e-18,-4.11506644490558e-07,7.54204606090263e-08,-2.04988562222776e-06,-1.21814345580973e-07,-4.59196283051046e-06,4.29750178087271e-07,-5.67341362015825e-06,8.7531507808652e-06,4.42852783776412e-17,3.14545419738827e-05,-5.2933787046672e-07,1.48710138770228e-06,3.87620774824122e-05,-3.19105082012664e-07,-2.64170133487572e-08,2.87096735274162e-16,-2.35997216595142e-17,-2.5400722663006e-08,-2.86499237857601e-07,3.7765273653886e-08,-4.29034815934108e-06,2.08349830225624e-14,-2.0300345546472e-06,-2.39540318922697e-08,-7.55685587686317e-17,5.6618100044944e-17,-9.19786578196898e-17,5.09413258600561e-06,1.3399769619481e-06,-1.49340445157384e-06,1.80310744432236e-05,0.0020633050503986,1.08135050024117e-06,-4.71484133462423e-07,-1.65701870933721e-16,-1.0576129326685e-07,2.97455904095514e-07,1.60912521990992e-16,-1.67428902518662e-16,-1.86725603106493e-07,-1.12714147131028e-09,-1.10296341395341e-07,6.71732544509526e-06,1.09047585244528e-07,-4.59682060467172e-07,6.91642674721991e-16,-0.000494322398973485,4.58710738642379e-16,-5.16469073857686e-06,-4.70896108564767e-16,-1.20543181758064e-07,3.46076495577216e-16,4.95035925563591e-07,1.30356206415895e-07,6.14807528031287e-07,0.000214695947616345,3.32930529050801e-07,-3.97517657484176e-08,2.52719972206466e-07,8.82833980112788e-08,4.7682762381913e-06,4.39120681042449e-07,8.82956192581808e-08,-2.4820884181887e-07,-4.75301270452042e-06,-3.8528067333408e-07,-1.18418702874954e-07,-1.94456553443857e-16,1.10773018649269e-06,-1.90911597775376e-07,9.95063962523952e-08,-8.61385288739379e-19,1.97280189231218e-07,0.00163198348052895,1.50366460670865e-06,-1.4409437362063e-16,-3.75873467968537e-07,-2.30485716645332e-06,-2.26755404628323e-16,-2.73950600335731e-07,6.15150714839237e-07,-4.82317991868563e-17,-9.98486508229962e-16,-2.25752290487275e-08,-1.35166897467943e-06,-7.70209564819563e-09,-1.06882633909308e-05,7.58683969483546e-05,7.39204824195572e-08,7.99588818962371e-07,6.64748980553844e-07,-2.67391400000212e-05,7.48695810209865e-16,3.05588075665771e-09,2.35148525204531e-08,6.49095272166932e-08,6.07398252535176e-06,-1.95930105494414e-16,-5.20806932458501e-16,1.9971739192487e-06,6.86525091665103e-17,-5.1306703308304e-16,8.46223464464521e-07,-1.24427532261889e-06,-2.32952127256254e-07,-1.37860365260217e-07,5.95597467129579e-06,1.55580130350678e-06,4.81841229727743e-07,-1.29017052496846e-16,1.10621586828471e-06,5.16271000518372e-08,2.3684749703335e-07,-2.13594094744546e-07,8.4211442619388e-07,3.86759750780685e-17,2.04316910179853e-17,-1.81493548923243e-16,-8.19359548573475e-07,-3.56501127612978e-08,-6.06051939265464e-05,1.44161214295617e-16,-2.69759283333893e-08,-4.519981015462e-16,-8.7686067112592e-17,4.60197730581139e-06,-0.00033803393356161,3.6125616387217e-16,-2.63964352919465e-06,-1.22310034539397e-07,-8.45832414002237e-17,2.76457693440345e-07,8.19721938056694e-14,1.08632721349189e-06,3.62204421327988e-16,1.08344746448911e-06,8.43205971547984e-07,3.05232924769416e-08,3.19577250261213e-07,2.1933513426403e-06,-9.84457133464372e-08,7.9505669011779e-05,-5.56828065557302e-17,1.77919855735482e-06,-1.0041410890423e-07,-5.10097106175402e-16,-1.32272024867679e-08,-2.69479055683165e-07,6.25936548596964e-08,2.67279750839181e-16,2.00587142470082e-07,2.65284559802641e-07,-7.04938697682168e-16,-1.18219206382693e-05,-1.62502428953948e-06,-7.61551687958843e-09,-5.50510520928178e-16,5.78553554113657e-16,1.35997162003674e-07,4.62274411906638e-07,3.73954743287032e-08,-5.4028112553767e-08,2.73069103955862e-07,-1.26462298805171e-15,-1.75570051565947e-16,9.96627163979676e-07,6.86943698458304e-09,-2.5259780951768e-15,2.40730283887869e-06,4.74159083106071e-16,1.12179315554617e-07,-4.60174289071649e-07,-2.68862714170014e-07,-1.78213208427115e-06,-3.27112548642693e-16,5.9191519262415e-16,-6.20542707106518e-17,-1.93654465166741e-15,-1.2889328453643e-08,-4.47044375204308e-08,2.79054221745482e-16,-2.71995107806333e-16,-1.21623823463468e-15,6.29003607477267e-08,5.6517214468905e-10,-3.11061358549063e-08,-2.04552084558622e-15,-9.70686205026272e-16,2.73110527249099e-16,-1.33257288516355e-06,4.07751272960059e-08,-9.96018668813104e-16,7.15048201850976e-09,-1.87016178427434e-07,1.50699236870001e-15,-1.20326815469065e-15,-1.4317814121858e-06,-1.32323250065492e-09,-7.09051009539473e-07,2.17073166890229e-16,7.19751333850798e-08,3.01851693352062e-05,3.23623054188959e-05,-1.13353932071961e-06,-2.75412462885303e-07,4.48242736979296e-09,-5.43976428468346e-15,1.97599442963474e-15,-4.49735039871392e-15,8.51244307387483e-08,-7.70717573553314e-08,-3.21630798734147e-07,-2.28370481509583e-08,1.21814382622152e-15,2.67683729583877e-14,-7.10023383653619e-15,-7.45793831096094e-14,-1.0054944221632e-13,1.08938484294021e-07,2.28802305627626e-14,0.707106781186547,-1.95153937509024e-07,5.84658885031682e-15,-1.74693874389984e-07,1.86057486438189e-15,-2.16576712806883e-07,1.06737957217358e-14,-2.62249391256007e-07,-3.28221496189383e-08,-2.70670658774996e-07,4.10707322870606e-15,1.05459568131813e-06,1.29018835131216e-15,0.000461205714894784,-2.36458067062258e-07,1.30866872701461e-09,2.13076410996351e-15,2.11207295024779e-06,-3.007581666174e-15,-0.00015025269676715,-2.62657497426645e-07,-1.98357568605874e-15,1.35654755474341e-16,2.35620594303435e-15,-1.48393501650704e-15,-9.82675590327293e-09,-1.27969815495478e-07,-2.85753688356391e-08,3.66655365606847e-15,9.70405066438913e-16,-2.73239261365566e-08,2.22885445275503e-07,-2.7752028792046e-16,1.20235096270713e-15,-1.30156718920676e-07,-9.06240306856223e-16,-9.2230717637701e-07,4.3187771733703e-16,7.87916017329273e-07,-2.85995793693096e-16,-3.29559888562418e-17,1.44547679295047e-15,-2.03387053822606e-15,-8.37907210712912e-17,1.46037264995755e-16,1.51429524255681e-08,-1.05906409487176e-07,-3.36133250386691e-16,-7.04969286843759e-08,7.57716095911839e-05,-3.32901188632381e-16,-2.43762983028243e-16,-6.476628293136e-17,-6.91800892440852e-17,2.90403535265918e-07,4.64487882352386e-08,-7.95586620180241e-16,-8.36629723801807e-16,-1.35451239313035e-05,-1.70200049317404e-07,-2.57853178356525e-09,-1.11592467485738e-15,-1.72468383344017e-16,-4.27683703245431e-16,2.39738543503053e-16,-6.14184941603764e-16,-6.43941463085273e-16,1.11090087478485e-06,-1.0506484553955e-06,-2.02009915279546e-07,-3.62777973105896e-16,3.5485216479043e-16,-1.11899737992839e-15,9.34118777225658e-16,-5.25233382180728e-16,-7.69810565320074e-16,-5.57747233591729e-16,1.22188162039098e-16,-3.34646133350875e-16,3.34207849163238e-16,-8.26837511654756e-17,2.18425765721358e-17,-7.62748857735253e-16,-2.52751715903588e-16,1.00258159905385e-08,-1.79566696378067e-17,-3.02586315388749e-16,4.42008333417327e-16,1.41886650235285e-07,-1.8855739907092e-08,5.89432800070959e-16,-3.6615811616398e-09,1.29620781493969e-07,-8.71986168109394e-16,1.87187263643486e-15,-2.49854302040086e-07,-1.58120561996565e-15,3.18890741583809e-09,-3.43801800991906e-16,5.41089500828371e-17,2.09106908214486e-16,-7.89107397868781e-16,3.43867507539003e-08,-4.28159352733446e-07,5.07622625144269e-16,-1.48196783617512e-16,-3.02341655052626e-16,7.32282858390089e-17,1.09629102670872e-15,5.02875621265573e-16,-1.48845732945086e-16,5.91549623230079e-17,5.13824628817913e-09,-1.07036042278996e-16,1.47604628202186e-16,1.37869123860863e-16,-1.76976938991454e-16,1.27075131326837e-17,-6.67489892003314e-20,-1.78772705079374e-06,-2.9937378486361e-16,4.36858749824692e-17,7.551296895987e-08,-4.40284964008673e-16,5.55001367994856e-16,-2.35200497550195e-16,1.50687064918872e-16,6.28826394172852e-08,2.73984160121935e-17,-5.11240999459598e-07,1.65002554888724e-16,1.07651574980882e-16,-7.03596308846887e-17,6.77509996652311e-16,-4.35560453649493e-16,3.94893921616126e-16,1.84615726277681e-08,-4.74652399238288e-16,-3.1962389280102e-16,9.45819884926290e-09,-2.30349895919156e-06,6.16280561316141e-17,2.58212557724469e-06,2.36193450841086e-07,8.46751279488036e-17,-3.3596684375186e-16,-2.63368782458975e-16,2.77397547575645e-16,-1.76298164427557e-16,-3.95978463215179e-07,-1.15075065725484e-16,-1.36227558126093e-16,-7.39063627951833e-17,1.58451854511085e-07,-2.53522687747849e-16,-1.19330547631581e-16,6.49462410152892e-17,-8.01968765832971e-18,-7.21448792314988e-08,-7.33225708875764e-17,1.97140506835015e-09,1.34780427365542e-17,8.82051218970383e-17,-3.25463053810295e-16,5.99209661789676e-16,-2.04885428787506e-16,2.53794001903333e-16,-1.32278836782508e-16,-3.41710358445069e-08,4.00653062707385e-16,6.88993058848154e-18,1.43624444328385e-08,-2.24223873705982e-16,8.2322448548379e-17,-1.08012659080584e-16,-2.17591694575451e-16,2.03683197238096e-17,-6.78280652776629e-17,-1.04041181470925e-07,-2.39492760165205e-16,1.0068892631552e-16,3.09702584929884e-08,4.38603518165925e-16,1.12971371813386e-16,-4.26333848797892e-16,5.6118402217426e-16,-3.47565298783493e-16,-3.50000491042828e-17,5.47373681225854e-17,2.3995642719621e-17,-7.15340948240553e-17,-4.60163926856132e-16,8.76151529612831e-17,-1.62287728131591e-08,5.38078702322227e-08,1.62401558611999e-16,-8.85418815518596e-17,-2.26169398231021e-16,1.22425444146233e-16,-3.45860493022876e-17,4.02713264922409e-17,1.75851387953615e-16,1.54205342850709e-17,-1.2948777078863e-06,8.31932387351444e-17,-1.99780464645822e-16,-6.4797775208878e-17,7.20935493383678e-18,5.96285280225696e-09,-2.52765628168068e-16,-9.44954838856993e-10,-5.2099928837879e-18,-6.46647145403161e-17,9.36841084827251e-17,2.805394875347e-17,1.29584084892959e-16,-2.5776453390338e-17,3.39926170343317e-16,-1.46208224976342e-16,4.64249362797266e-17,-2.35124429402843e-16,1.1467028354196e-16,1.57253337223378e-16,4.39179078122657e-17,-1.06610892306238e-16,-1.57064209727214e-16,1.2279032607818e-16,9.24883531512341e-17,-3.29550284073521e-16,6.87767846387626e-17,-3.18701683515741e-16,3.12412856001698e-16,-6.60506550768646e-17,4.83085668144499e-17,4.81490234258591e-17,-7.30958032526298e-17,4.93193232053063e-09,-1.1250522627908e-16,-1.68820208697894e-16,2.49682751618517e-16,-3.6141770027901e-16,-7.53695528819717e-17,6.99267461984801e-18,-3.13868903255535e-16,1.30667376082641e-16,-1.12133927812173e-16,9.7761506721141e-17,-3.36915825099871e-16,-1.58635718867462e-16,8.823041549587e-18,1.00682174198803e-16,-4.90330217662004e-16,-6.70789343148584e-17,-2.17070116878626e-16,-6.33807457520912e-08,-1.18380116421635e-16,-5.94442153336471e-17,-7.32485480879532e-17,-2.08942740001781e-16,1.89348731512697e-17,-5.66537712457359e-17,1.23744977738959e-17,1.0003132251724e-16,4.7569272348018e-17,2.14374106873844e-08,4.21917012331057e-16,-1.02973459584716e-17,-2.35513644329892e-17,-3.65525288780588e-17,2.53265374683468e-16,-2.32065547844417e-17,1.36139964457828e-17,1.09902463397894e-16,4.00346406971971e-17,1.92826203223751e-16,-2.01004384146193e-17,3.79285051124206e-17,-2.53695238995476e-17,6.75537614416128e-08,1.53766920058099e-17,7.21812946295872e-19,-2.06353007709295e-17,-3.20978053164334e-16,-1.85103093691936e-08,1.97828844067727e-17,-8.34178314718108e-17,-1.24630383126083e-17,-4.15515480054883e-17,7.4403219739942e-17,-2.61834547005565e-17,1.50460174563804e-16,4.77789139680047e-17,-4.57136847386322e-17,2.98542635263634e-17,-1.60221677062029e-17,5.37128099085431e-17,-4.13845198520251e-17,-6.4543628500882e-17,-1.08780415112925e-17,1.02338425318805e-16,-2.08011841201574e-16
"t883",0.0264851050080446,-0.00247886549707398,-0.00219183578296879,-0.000345997765494496,-0.011538379604219,0.0984921746947677,0.0167932925401049,0.000107506183787651,0.0255316159471732,-0.0194498902031593,-0.00356685333561018,0.00256618561342088,-0.00490364818976989,-0.00101699314981107,-0.0259324983522392,0.000562461369372652,0.000394024134016221,-8.11665983635236e-05,0.0030403644370981,0.000457124690183382,-9.88657543428355e-05,7.22961531480195e-06,0.00085561759071469,-0.000175367481475217,3.57463330360929e-05,-0.150563112230054,-0.0103124053990904,0.000664270368016285,-0.00294246718579106,0.00555481976454375,0.000151765629725031,-0.00574786733645216,-0.000304390761933736,0.0027099755592908,-0.000283301465785559,-0.0002688537825403,-4.86552698441341e-05,0.00257211449298011,0.000538740517893619,0.000138282148614693,0.00042676554640072,-0.000775267815904239,3.70136188814698e-05,-0.000630222101285767,0.000141170506139758,-3.17111927401897e-05,6.06300632364953e-06,-9.13196106834359e-05,0.00131790067545478,-0.00271084800628357,0.000178215052020766,-0.000179808889423089,3.48479027021085e-06,-8.50061236445051e-05,0.00268599531614443,-0.138809606428915,-2.72944847388274e-05,8.96547319005054e-05,-0.000294293207248885,-2.28136068885159e-06,-4.43046975401569e-06,7.65322446920575e-05,-0.000200258597761448,0.000155142029087516,-0.000171631564788484,5.70026724323446e-05,-0.000109831926994947,0.256819592636363,0.0026033622590056,-0.0649607061454912,3.55835024601078e-06,-1.10936329227747e-05,0.104538899836152,-1.77816036166949e-06,4.82817205483776e-07,1.10245454789771e-10,7.38996196145505e-07,-1.9073650682797e-07,-2.00389706229517e-05,-0.000423597528113112,3.26624134044798e-06,0.000331897516065041,-4.18932810870714e-05,-1.95159778147968e-05,2.67433959888144e-05,8.588662311525e-05,-1.57236893257953e-05,-2.87945266070728e-05,-5.73807387172933e-07,2.24560259196082e-05,-6.02128762183302e-05,1.51597165084323e-06,0.136469646735904,0.000123197179918548,1.79486131463462e-06,6.75057675969469e-06,7.87484948413016e-07,-2.75984169659922e-06,2.60367675657109e-05,3.46000652173358e-05,0.000224358198108014,6.99761371990341e-10,7.3517414154698e-06,1.55754943388851e-05,-9.30023995289906e-06,2.69919623282088e-06,-0.00398740011985697,-1.13724512273419e-05,0.000192467191311684,-2.44976071627325e-07,-6.53621705379931e-06,-4.58506378596418e-06,1.2643124829185e-06,4.3605448601885e-07,-2.02347570754818e-07,1.19324673556649e-06,-2.22925339905422e-05,3.40883493768277e-05,-0.00030112978791506,2.02210267398172e-05,-1.34183633498492e-05,6.09755690325341e-05,-0.00350348287761372,-0.0149591905420998,-5.9435890174997e-05,7.57742426201009e-05,-7.22774914204641e-06,4.26366415410064e-05,-1.85941473353135e-05,-0.0006339301870617,-4.00281199042165e-06,1.1942301120539e-05,5.98421892655497e-07,-8.71710295576636e-06,-6.44165438142907e-08,-1.49548656224106e-05,6.76069497323478e-06,7.73605254564935e-06,-0.000120626399067373,0.00043244831977397,-6.91079413300738e-06,-7.04607342994144e-08,-0.000145255333515213,0.00017062583176279,-2.37014272121475e-07,1.33077221074731e-07,3.32968250395383e-07,-7.1109104379358e-07,-4.28904323681045e-08,0.0041743933990841,-2.46343443071912e-07,-1.59387994178607e-08,3.67663449554753e-09,-2.04454916616656e-07,-2.47734311475742e-08,-4.15545197986696e-08,6.96597495712205e-07,-1.1943466024287e-06,-6.67936222613366e-07,-2.24559176730878e-07,-1.19013796987973e-06,1.76551681696687e-07,-1.34100610856726e-06,-1.99063077750801e-06,1.44877481675313e-06,-1.0827531301888e-06,2.59447482415895e-05,4.54513859464562e-07,2.2743930065123e-05,2.53565805642878e-06,-5.06244949635343e-06,-9.13896365810408e-07,1.78262550048484e-07,7.82277450569509e-06,6.91040888425576e-06,0.350967568405363,-1.15975284412892e-06,1.72113538402758e-06,5.59554041180954e-06,2.32485460598354e-06,-7.93009559808832e-06,-1.29355495436231e-06,2.18473097127536e-07,6.93915523718748e-10,1.65981387378449e-08,1.59159161668488e-09,1.76269100106853e-06,9.90737922898695e-07,4.59883393069674e-06,-5.73450696833752e-07,-2.60259442429916e-07,6.27764651566762e-07,0.000120424122910445,3.35085662625319e-10,3.49265338458981e-08,-6.95460156676906e-07,-1.30812239923018e-06,-7.89560356883814e-08,8.22683730545149e-07,3.8400072561378e-07,3.83775449278618e-07,5.589031807867e-06,-1.15158515975109e-08,-1.83331176145745e-07,-3.14391166376997e-06,-1.33029193786698e-06,2.05834767484886e-06,9.36560057954432e-07,-1.56956336800604e-05,-9.30175468862097e-09,-6.57362275362816e-05,9.41547036821394e-07,-4.43489537751443e-06,-7.37359769725298e-06,-4.2502743523623e-08,-3.07632853648285e-07,8.36507350229517e-08,5.30839083810179e-08,-1.23865253891067e-06,-0.000222926203674788,-2.58054688567624e-06,3.64696015456325e-06,8.4747946756845e-07,3.93016935256209e-06,-0.00319808979789283,8.31842005173733e-07,6.65429868858974e-05,-1.45558331330834e-07,-3.49208725799068e-06,-3.18267692393082e-06,8.47982673255e-07,2.01692771833756e-07,2.60181459140015e-06,0.0023942349011691,-8.02912712242758e-08,-1.78126169262912e-08,-0.000259773678210919,-5.38438410183038e-17,-6.52575576829461e-08,9.5094588144131e-07,-2.07777496258999e-07,-5.65542257549267e-07,-0.000251298051297962,-3.46897879057986e-08,-2.22458646251707e-06,5.97720055625842e-07,-1.13408447855408e-07,7.46871285912019e-09,-1.48566520149681e-07,1.72386555308287e-05,-4.49960267693342e-08,4.80097452312438e-06,-3.63357299750437e-06,1.65405897080846e-08,-1.08404148130943e-09,5.16435289348146e-08,-4.86001987652811e-08,7.6481577175075e-07,1.92380423329724e-06,-3.66044142707465e-07,7.14747726034217e-07,-1.3275077477374e-06,1.51512597286186e-05,-9.11982215490601e-07,9.44085584003543e-07,-3.19803086637374e-07,6.08809520181368e-09,2.50275982954688e-05,-4.0300567555792e-07,3.84260673579882e-07,1.25910181263235e-08,-3.30447290189183e-07,3.32766122760966e-07,-4.08107073940778e-07,6.48950018104063e-07,-1.26148513987954e-06,1.000792799527e-06,-7.56301265167935e-08,0.000406824530292254,-3.21457017029519e-08,1.95373866539572e-06,6.25386239868839e-17,-5.7178644913072e-06,-1.9742546879147e-07,-2.25297552888354e-11,-2.0124663638921e-07,9.69013838916744e-06,-3.06011437578862e-07,-5.29929548827472e-08,6.32269447344738e-09,-2.91972149233991e-07,1.73580278869985e-05,3.88193587537243e-07,-3.05193221821855e-08,4.56507992633339e-06,-5.53267554032944e-06,1.53319150128215e-06,-2.82071404098191e-06,4.09247196204955e-07,1.67506152172743e-07,1.10441284766559e-08,7.56219654966952e-06,-6.75803700569239e-06,4.00613106382379e-08,-0.0083269059368057,-2.07972483383304e-07,1.07253671152928e-07,2.82745809757634e-05,8.69053179026289e-07,4.59348821647664e-07,-1.50401946932775e-07,-0.000404748341236887,1.03705253430607e-07,-5.00714100097732e-07,1.4384892544451e-07,1.36581157173847e-06,-2.74267075187386e-06,2.75533283674419e-17,9.36898659504929e-09,5.02474406071675e-07,-4.73645544609271e-08,2.76678095989447e-06,3.08339624258895e-08,7.31696201704986e-07,1.74456027711592e-06,-2.38315995544923e-06,0.000742432320575123,-1.19232448278683e-16,-6.18268453952389e-06,-5.02824456608364e-09,-2.17593895816893e-07,9.07735617872772e-08,4.95922567797819e-05,-1.15112709054064e-07,-4.47839807222672e-06,1.2056508311813e-06,-5.1255383626034e-07,7.83911833854988e-06,-1.06800607920946e-07,-2.92452616085421e-06,-1.3666197381997e-08,-1.9478096058268e-09,-2.94153389411661e-06,1.56115206029138e-07,-3.2145177312466e-06,3.40487366446673e-16,-8.49587645025443e-07,6.70949528254125e-08,1.93375627308452e-09,1.73012052986992e-08,-6.40142111042861e-06,-1.3601549363035e-05,6.14269335594217e-07,-2.23865328098363e-06,-0.000105083093032025,-1.20290345179127e-16,-2.29842905521024e-06,-8.01271214189356e-08,-2.93619672751983e-06,2.8450815819856e-14,9.04468534342702e-06,7.10839514714184e-07,-1.08789544098947e-07,-4.60070655516559e-06,-1.53764489314958e-06,-8.22841938490372e-07,-2.61904078431738e-06,8.34422620481798e-07,5.91114016373329e-07,3.29392902947181e-08,1.85106035187675e-06,2.36042343986972e-07,5.90217880058679e-17,-9.77764271555951e-08,0.000100634826775785,1.54526279559642e-06,-2.38316792936905e-06,2.86448320754279e-16,-2.12779350173476e-07,4.12553334459506e-08,-1.15183237714338e-06,-6.93351370697948e-08,-2.65521559901446e-06,2.5611909862108e-07,-3.56157161925562e-06,6.36830392623451e-06,5.26938056444862e-17,2.68756457826769e-05,-4.59482048220802e-07,1.33560151223195e-06,3.65964065568042e-05,-3.02475551680484e-07,-2.54137678011607e-08,3.39138439553466e-16,-1.21962124656872e-16,-2.67703996245369e-08,-3.3007288197106e-07,4.4026528560457e-08,-5.47666267783838e-06,3.29684262783967e-14,-3.30380625134139e-06,-4.46434713714045e-08,-4.43793993653757e-16,-2.53870005854543e-15,-1.56386337317458e-16,1.81995676694251e-05,5.45434241590214e-06,-1.19823574850541e-05,0.000983302057648801,0.364996399585441,-9.63979764585001e-06,3.74054281004122e-06,3.0849296822241e-15,2.78408595048776e-07,-6.2718570103703e-07,-1.95673784732954e-15,2.45139382698741e-15,2.13988674153256e-07,1.15485681051482e-09,9.85620106078033e-08,-5.51817674115214e-06,-7.82412460516495e-08,3.27808678683068e-07,2.0076178075092e-16,0.00140874567287669,1.13048946055618e-16,3.08639183106659e-06,1.061406821809e-15,6.81224660706509e-08,4.71978967137686e-16,-2.59902969898885e-07,-6.74335520333146e-08,-2.63021388914314e-07,-8.83326512237413e-05,-1.34780395276247e-07,1.50118045004644e-08,-8.99358061326696e-08,-2.74478608436196e-08,-1.48073197747193e-06,-1.30895854791228e-07,-2.44310251763871e-08,6.2198367445192e-08,1.09589943477991e-06,8.31821504007226e-08,2.47497555995444e-08,2.40393892287982e-17,-2.09199235029355e-07,3.26498876759479e-08,-1.27134138789814e-08,1.26036774356173e-16,-2.32168843443472e-08,-0.0003194835672249,-1.23435973624379e-07,-2.67027138199359e-16,3.08493149424933e-08,1.67585710040088e-07,-7.52126719575351e-17,1.8398696900336e-08,-2.09593469174421e-08,-1.04496792925099e-16,-1.25906992002251e-15,4.90622531808322e-10,2.78990847678674e-08,1.19794374482038e-10,1.0298470015344e-07,2.71410160147094e-07,3.48234616529033e-10,5.04779568650276e-09,1.575814882344e-08,-1.01556006555373e-06,3.79145499718181e-16,1.32748127081514e-10,1.04366662063316e-09,3.09665162087297e-09,3.14244115383705e-07,-1.85245537718951e-16,-1.25592030997915e-16,1.14475008113938e-07,3.09090816533012e-16,1.5878142772161e-16,8.04431990831963e-08,-1.27245475016439e-07,-2.38586973936776e-08,-1.64365320931306e-08,7.24432872233169e-07,1.90041693622216e-07,6.0491384623764e-08,-3.42665111303559e-16,1.84749997024987e-07,9.16663808698819e-09,4.29186169329586e-08,-4.29070760794503e-08,2.06483299259604e-07,-1.12939576719354e-15,-7.84493177136531e-18,2.92519684557901e-15,-2.8104138785501e-07,-1.45929167272295e-08,-2.51732094547523e-05,5.83059139326359e-16,-1.37463913463548e-08,5.16409567618921e-16,-2.19068123651735e-15,0.000177117332712424,-0.296069961994765,4.95241868347929e-15,5.37392837063139e-06,1.55853620613584e-07,1.33357168673143e-14,-1.96663473716283e-07,-4.73641938879743e-14,-4.93717308600955e-07,2.87647515535642e-16,-4.76303386977725e-07,-3.61468019285926e-07,-1.27249463174518e-08,-1.28275348260086e-07,-8.11436380915984e-07,2.77771646715029e-08,-1.6329445577865e-05,2.85210150255661e-16,-2.59223812672001e-07,1.41305404128482e-08,-1.66902041157338e-16,1.77787749995477e-09,3.33437974023756e-08,-7.1928134723207e-09,1.88773714171207e-15,-1.79241543466578e-08,-2.25421738840318e-08,-7.74983596456821e-16,9.39012227149315e-07,1.24813263770655e-07,5.15181830152416e-10,5.6504476687083e-16,-3.53336425760005e-16,-6.66379952149942e-09,-1.94551662499667e-08,-1.52321004346082e-09,8.68150408354528e-10,-3.45656076548325e-09,2.85282735121287e-16,6.27391115120987e-16,-1.03495818030024e-08,-6.93871770728071e-11,4.92453214150059e-16,-1.54436761129764e-08,-3.67526903321935e-17,-3.37131439537481e-10,-6.67516201746801e-10,-4.72666624436746e-10,-5.26623930405581e-09,1.1013927762649e-16,-2.96109356247968e-17,-1.33077006956653e-16,1.56281792559957e-18,-1.67461207746419e-10,-6.15255228089811e-10,5.59174025255769e-16,2.78392799249856e-16,-6.87002274558458e-17,1.03715631257392e-09,9.9703508817347e-12,-6.43623285449299e-10,1.81325531741588e-16,-2.61699299383689e-16,3.1878254376505e-16,-4.03232274159354e-08,1.24647151780465e-09,4.07249093791507e-17,2.43099492070675e-10,-6.60918301530835e-09,-1.3032966059391e-16,2.90595375422192e-17,-5.50086363235613e-08,-5.11583344334796e-11,-2.86546429131451e-08,1.7350937581566e-16,3.1134617519778e-09,1.35179437087908e-06,1.51659993829521e-06,-5.62456996793896e-08,-1.38652075303661e-08,2.31660542410123e-10,-7.95389741364286e-17,3.73229364868778e-16,-1.76797889898244e-17,5.01473167023083e-09,-4.54851182431031e-09,-1.92631640605755e-08,-1.46567232141899e-09,1.36765774959139e-16,-1.24354848692375e-16,-4.58412482569683e-16,5.64243782375812e-17,2.6120114739972e-16,7.45669031332749e-09,-1.32817887246533e-16,2.62480468992382e-16,-1.36737968631492e-08,-5.26509759646036e-17,-1.22551703019789e-08,2.82024087979128e-17,-1.52245063061631e-08,-9.52214605576387e-17,-1.91535234560916e-08,-2.41824853909054e-09,-2.02059826511459e-08,1.4158101356745e-16,7.99810275719566e-08,1.07827219135746e-16,3.39608970110467e-05,-1.93918411978364e-08,1.07544711061466e-10,-2.88188703506675e-16,1.77370116658578e-07,2.70942634459112e-17,-0.00055379793972786,-1.41619089303241e-08,-1.74507765238893e-17,8.45860878580902e-17,-5.7730814641171e-16,1.97011576869639e-17,-8.28634848014977e-10,-1.08858846839256e-08,-2.45138484622997e-09,1.18372323862365e-17,3.49048253448192e-17,-2.4180499182482e-09,1.97484171157985e-08,2.53902759990305e-17,-1.35253985995387e-16,-1.19031379199864e-08,4.97692169937008e-17,-8.4880932372741e-08,-1.68496960731693e-16,7.38028025699912e-08,-5.79122640474632e-17,-5.04609679354129e-16,3.46752567822452e-17,-1.9452902740409e-16,-5.96931477713939e-17,1.20288531723679e-16,1.46664640010153e-09,-1.02617002232102e-08,8.29890971566271e-17,-6.90650124304512e-09,7.45693812956231e-06,1.12009646434526e-16,8.64641174640707e-17,-8.00208424316957e-17,4.35015997009801e-17,2.91267702269234e-08,4.67879524146043e-09,2.78211726869682e-17,5.45401741554777e-17,-1.37089123152848e-06,-1.72363845612329e-08,-2.61671036740629e-10,-3.59849110304142e-16,4.36883038637931e-17,4.42968187529082e-18,-3.49368843039702e-17,7.82937332441873e-17,9.94618363681787e-17,1.1642450946699e-07,-1.10428807996696e-07,-2.12929818703912e-08,2.77331449068752e-17,-2.53748827724321e-17,-1.41451779982332e-16,5.67433060318396e-16,-1.7181213394175e-17,-3.89769892703229e-17,2.29382127927021e-16,-1.0680072682748e-17,-3.77649872108484e-17,-2.59027656002271e-17,-9.79464546792007e-18,1.21485875772186e-16,2.00450186800687e-16,2.0764052189267e-16,1.10585590308546e-09,-1.98883382906707e-18,2.81532850023207e-16,-2.51138619127824e-17,1.57392640473078e-08,-2.09435550245462e-09,4.27786616784148e-17,-4.07028044074063e-10,1.45077023363933e-08,-1.9371104387361e-17,-1.55028316328168e-16,-2.81994943236266e-08,2.51183396424736e-16,3.63534311334249e-10,6.86817474408738e-17,1.33094177401797e-17,-2.37279957581644e-17,4.54470305916762e-17,3.98054119367817e-09,-4.9613360041852e-08,-3.00167023388119e-16,-7.57491057691869e-17,-5.80921553649354e-17,1.05071966841453e-16,5.03611909119517e-17,1.07570443168132e-16,-5.99554282716904e-17,1.05118415485034e-16,6.25587996640238e-10,-5.72369669478499e-17,-7.78322154596087e-17,-1.04738585735062e-16,4.17890740339549e-17,-2.08746730867678e-16,-2.68238383856723e-16,-2.19829688455236e-07,9.78609841194373e-17,-5.74901960392623e-17,9.30228632711285e-09,1.28438203263907e-16,-5.92180418314252e-17,9.60783299859412e-17,1.15797167865181e-15,7.9076341122365e-09,8.51017764646924e-18,-6.45206340984545e-08,-7.72371867806187e-17,2.29217101498724e-17,5.71586919482563e-16,4.41698035839964e-16,2.25655485629043e-17,-3.10827953838879e-16,2.34680929169957e-09,-6.63868411223823e-17,1.67407115745524e-16,1.20889241211544e-09,-2.94500526702827e-07,-1.74507141442428e-17,3.31658336641989e-07,3.0381489635658e-08,9.63950704908391e-17,-4.88200215276734e-16,4.52457310370089e-16,2.23176237629606e-17,-1.28566244515024e-16,-5.20056501531891e-08,2.6798579108928e-16,-2.64696271468623e-16,-2.23076955329605e-16,2.09185751356978e-08,-2.63016137139409e-16,-4.33554997188979e-16,2.15348944979634e-16,-1.08234268178004e-17,-9.58916407247627e-09,-3.82734184616419e-16,2.6257238309739e-10,3.0287270135821e-17,-7.42158212089764e-16,-1.07116246945784e-16,-7.56407546828908e-18,-3.00559031836614e-17,7.77330957509404e-17,-7.63411827441643e-17,-4.60058078281801e-09,5.58387856888559e-16,4.7692460921184e-16,1.9387665797358e-09,-2.7503875684875e-19,-8.80072157591168e-17,-1.29651084439414e-16,6.91391685707551e-17,-7.879286170472e-17,-4.44416123567082e-17,-1.41593829794579e-08,-3.86419018681608e-17,3.31041365459761e-16,4.23007516454719e-09,-6.75498946927999e-18,-8.43996406993467e-18,7.21967391877489e-17,1.22928631587515e-16,-9.9494405381117e-17,-6.93771847246571e-17,1.12875809310935e-16,2.11320543662095e-16,6.93186279284439e-16,6.94091171070913e-17,-3.73954245823829e-17,-2.24567385457232e-09,7.45717922961531e-09,5.84786451053974e-16,-6.69712044440294e-16,-7.08437481655565e-17,-1.08232122934795e-15,9.30245463992563e-17,2.15365808204664e-17,-9.65236736607902e-17,-4.21318302562739e-17,-1.80884941612122e-07,-2.60253216451453e-16,3.89822070933573e-17,-1.19469265075854e-16,-1.7344538375251e-16,8.38499726249065e-10,5.85275102519725e-16,-1.33857464521587e-10,1.1204973279781e-16,1.39002666460307e-17,1.7156015447223e-15,1.37923391890371e-16,8.02207305749429e-17,-4.92902084033162e-16,2.9787610910768e-16,-6.45262809416974e-16,1.98564055056687e-16,5.36322250884961e-18,2.23711246863075e-16,2.26587795821167e-16,8.2694861976897e-16,1.13273942870464e-16,2.2979977544602e-16,-1.01873421712311e-15,-5.65190344439145e-17,-1.9194498221957e-15,2.96968516793187e-16,-9.2418840444285e-17,-9.55182113959729e-16,1.02642212214186e-16,-1.8589075265914e-16,-3.72605526335746e-16,1.54901274540581e-16,7.16979663064043e-10,-9.62943054961083e-17,-1.14025803088473e-15,1.24047737793656e-16,-8.14004261102944e-17,2.18475643550183e-16,-2.5572125559908e-16,2.06540841302296e-16,-1.2036011261715e-16,4.29814632126258e-16,-2.25248774714288e-18,-1.74231289118421e-16,-2.45170153210515e-16,-1.24994291743256e-16,-4.12708650464009e-16,-9.10332389916775e-16,-3.0935994715176e-15,1.11845828308795e-16,-9.36795993543436e-09,5.07395860750257e-17,-2.79175084536926e-16,2.31800576398887e-15,9.43300596191006e-15,9.56969875881478e-15,0.707106781186548,-7.06191594924042e-16,3.06253367896721e-15,-4.82659567943567e-16,3.22083640097228e-09,1.51417270571632e-15,-4.05815539208652e-16,-5.4139012440316e-16,-4.1125899993938e-17,1.14876730412153e-15,-1.29678834108134e-15,1.3688999568596e-15,1.93501779474764e-15,-5.39337900895822e-16,-1.80956963122398e-16,1.13279892701268e-15,2.44266849433237e-15,-4.41278991391196e-16,1.03106504711756e-08,-1.02252365619169e-15,-8.35195851354365e-16,3.60645904837597e-16,-3.19514380231478e-16,-2.84538280832702e-09,8.75805059737947e-17,-1.25247163686795e-16,1.10251642057001e-15,-1.57809678459683e-17,-2.07311383199525e-16,-2.25728422747345e-16,1.02999718191733e-16,2.51411288518103e-16,-3.37441215597757e-17,-9.20069141709162e-17,-2.08297930724135e-16,3.53410937010486e-16,5.2461257668655e-16,2.54294951681831e-16,-4.68649736054973e-16,-1.52447120994471e-17,-2.57620063272529e-17
"t884",0.0264851050080446,-0.00247886549707398,-0.0021918357829688,-0.000345997765494496,-0.011538379604219,0.0984921746947677,0.0167932925401049,0.00010750618378765,0.0255316159471732,-0.0194498902031593,-0.00356685333561018,0.00256618561342088,-0.0049036481897699,-0.00101699314981107,-0.0259324983522392,0.000562461369372653,0.000394024134016221,-8.1166598363525e-05,0.0030403644370981,0.000457124690183384,-9.88657543428301e-05,7.22961531480367e-06,0.00085561759071469,-0.000175367481475202,3.57463330360825e-05,-0.150563112230055,-0.0103124053990904,0.000664270368016339,-0.00294246718579107,0.00555481976454376,0.000151765629725015,-0.00574786733645217,-0.000304390761933757,0.00270997555929082,-0.000283301465785569,-0.000268853782540266,-4.8655269844144e-05,0.00257211449297997,0.000538740517893634,0.000138282148614679,0.000426765546400707,-0.000775267815904218,3.70136188814767e-05,-0.000630222101285747,0.000141170506139779,-3.1711192740189e-05,6.06300632372898e-06,-9.13196106834282e-05,0.00131790067545473,-0.00271084800628356,0.000178215052020759,-0.000179808889423074,3.48479027021108e-06,-8.50061236445038e-05,0.00268599531614432,-0.138809606428915,-2.72944847388758e-05,8.96547319004324e-05,-0.000294293207248973,-2.28136068883992e-06,-4.43046975404192e-06,7.65322446920256e-05,-0.000200258597761358,0.000155142029087547,-0.000171631564788439,5.70026724323278e-05,-0.000109831926994945,0.256819592636363,0.0026033622590057,-0.0649607061454912,3.55835024604307e-06,-1.10936329227656e-05,0.104538899836152,-1.77816036160217e-06,4.82817205376748e-07,1.10245450825874e-10,7.38996196147565e-07,-1.90736506818015e-07,-2.00389706229403e-05,-0.00042359752811321,3.266241340462e-06,0.000331897516065091,-4.18932810870664e-05,-1.95159778147953e-05,2.67433959887602e-05,8.58866231152555e-05,-1.57236893258462e-05,-2.87945266070863e-05,-5.73807387179121e-07,2.24560259196142e-05,-6.02128762184495e-05,1.5159716507682e-06,0.136469646735905,0.000123197179918514,1.79486131464135e-06,6.75057675974983e-06,7.87484948403047e-07,-2.75984169660219e-06,2.60367675656739e-05,3.4600065217371e-05,0.000224358198108032,6.99761366216104e-10,7.3517414153902e-06,1.55754943389616e-05,-9.30023995293734e-06,2.69919623290646e-06,-0.00398740011985692,-1.1372451227352e-05,0.000192467191311721,-2.44976071629764e-07,-6.53621705378518e-06,-4.58506378604037e-06,1.26431248287376e-06,4.36054486018808e-07,-2.02347570764749e-07,1.19324673566123e-06,-2.22925339906314e-05,3.40883493769516e-05,-0.000301129787915117,2.02210267399126e-05,-1.34183633499467e-05,6.09755690325244e-05,-0.00350348287761374,-0.0149591905420999,-5.94358901748745e-05,7.57742426200862e-05,-7.22774914205899e-06,4.26366415410096e-05,-1.85941473353069e-05,-0.000633930187061609,-4.00281199044301e-06,1.1942301120541e-05,5.98421892614385e-07,-8.71710295577482e-06,-6.44165438978791e-08,-1.49548656223929e-05,6.76069497324208e-06,7.73605254557789e-06,-0.000120626399067352,0.000432448319773992,-6.91079413300046e-06,-7.04607342870769e-08,-0.000145255333515233,0.000170625831762779,-2.37014272226837e-07,1.33077221073346e-07,3.32968250392149e-07,-7.11091043775708e-07,-4.28904323905469e-08,0.00417439339908414,-2.4634344314103e-07,-1.59387993956228e-08,3.67663450455742e-09,-2.04454916632321e-07,-2.47734311335121e-08,-4.15545197907579e-08,6.96597495666197e-07,-1.19434660240424e-06,-6.67936222615376e-07,-2.24559176715405e-07,-1.19013797001543e-06,1.76551681699907e-07,-1.34100610856035e-06,-1.99063077750267e-06,1.44877481663569e-06,-1.08275313018316e-06,2.59447482415829e-05,4.54513859521412e-07,2.274393006522e-05,2.53565805643587e-06,-5.06244949637549e-06,-9.13896365815919e-07,1.78262549851754e-07,7.82277450566959e-06,6.91040888423427e-06,0.350967568405362,-1.15975284407046e-06,1.72113538400986e-06,5.59554041173993e-06,2.32485460604761e-06,-7.93009559809126e-06,-1.29355495431152e-06,2.18473097020185e-07,6.93915615914576e-10,1.65981388680895e-08,1.59159157023111e-09,1.76269100105304e-06,9.90737923013934e-07,4.59883393069963e-06,-5.73450696752884e-07,-2.60259442446952e-07,6.27764651520585e-07,0.000120424122910337,3.35085588382709e-10,3.49265338291698e-08,-6.95460156661718e-07,-1.30812239919376e-06,-7.895603544036e-08,8.22683730584821e-07,3.84000725573518e-07,3.83775449422291e-07,5.58903180776756e-06,-1.15158516904074e-08,-1.83331176158854e-07,-3.14391166394112e-06,-1.33029193783373e-06,2.0583476746586e-06,9.36560057899789e-07,-1.56956336801058e-05,-9.30175466082824e-09,-6.57362275363088e-05,9.41547036794558e-07,-4.43489537747154e-06,-7.37359769710513e-06,-4.25027435227992e-08,-3.07632853696118e-07,8.36507354204117e-08,5.30839086199026e-08,-1.23865253881005e-06,-0.000222926203674889,-2.58054688569649e-06,3.64696015435359e-06,8.4747946758606e-07,3.93016935253643e-06,-0.00319808979789292,8.3184200527494e-07,6.65429868859276e-05,-1.45558331381586e-07,-3.49208725798834e-06,-3.18267692390859e-06,8.47982673174389e-07,2.01692771788285e-07,2.60181459132479e-06,0.00239423490116917,-8.02912713174407e-08,-1.78126166740252e-08,-0.000259773678210847,-2.69746428107276e-17,-6.52575573746575e-08,9.50945881446515e-07,-2.0777749607788e-07,-5.65542257638932e-07,-0.000251298051297918,-3.46897879862574e-08,-2.2245864625762e-06,5.97720055682342e-07,-1.13408447325227e-07,7.46871287139799e-09,-1.48566520059955e-07,1.72386555310053e-05,-4.49960268195795e-08,4.80097452306404e-06,-3.63357299756844e-06,1.65405897501894e-08,-1.0840414924225e-09,5.16435286624766e-08,-4.86001987627368e-08,7.64815771523938e-07,1.92380423312745e-06,-3.6604414279451e-07,7.14747725920209e-07,-1.32750774766218e-06,1.51512597286648e-05,-9.1198221538547e-07,9.44085583873314e-07,-3.19803086664996e-07,6.08809504290977e-09,2.50275982953443e-05,-4.03005675634213e-07,3.84260673682526e-07,1.25910179685263e-08,-3.30447290310055e-07,3.327661226488e-07,-4.08107074072346e-07,6.48950018194424e-07,-1.26148513991572e-06,1.00079279957315e-06,-7.56301264252178e-08,0.000406824530292302,-3.21457015314361e-08,1.95373866529025e-06,-2.69255395617983e-16,-5.71786449108075e-06,-1.97425468796912e-07,-2.25297292913675e-11,-2.01246636413046e-07,9.69013838922015e-06,-3.06011437586305e-07,-5.29929547765215e-08,6.32269434990102e-09,-2.91972148973048e-07,1.73580278870468e-05,3.88193587496823e-07,-3.05193221602804e-08,4.56507992616731e-06,-5.53267554037567e-06,1.53319150105354e-06,-2.82071404074538e-06,4.09247196451394e-07,1.6750615222706e-07,1.10441285071165e-08,7.56219654964083e-06,-6.75803700571958e-06,4.00613107574868e-08,-0.00832690593680576,-2.07972483290169e-07,1.07253671180252e-07,2.82745809757255e-05,8.69053179070938e-07,4.59348821672549e-07,-1.50401947088172e-07,-0.000404748341236799,1.0370525329021e-07,-5.00714100410765e-07,1.43848925487715e-07,1.36581157179798e-06,-2.74267075181588e-06,-2.34020230117393e-17,9.36898673790669e-09,5.02474406054549e-07,-4.73645545113425e-08,2.766780959938e-06,3.08339624204222e-08,7.31696201790781e-07,1.74456027734456e-06,-2.38315995523772e-06,0.000742432320575063,3.501485007503e-17,-6.18268453955209e-06,-5.02824457167348e-09,-2.17593895976011e-07,9.0773561844018e-08,4.95922567797181e-05,-1.15112709176237e-07,-4.47839807210911e-06,1.20565083116526e-06,-5.12553836266894e-07,7.83911833881403e-06,-1.06800607836971e-07,-2.9245261609596e-06,-1.36661973891362e-08,-1.94780940134627e-09,-2.94153389419239e-06,1.56115206006555e-07,-3.21451773141256e-06,3.07688742163079e-17,-8.4958764478945e-07,6.7094952622992e-08,1.93375625965213e-09,1.73012049846193e-08,-6.40142111063103e-06,-1.3601549363125e-05,6.14269335712985e-07,-2.23865328080973e-06,-0.000105083093032077,-2.35095248582501e-16,-2.29842905524359e-06,-8.01271214644122e-08,-2.93619672744018e-06,2.84425218496516e-14,9.0446853434779e-06,7.10839514902511e-07,-1.0878954412302e-07,-4.60070655499925e-06,-1.53764489303876e-06,-8.22841938333386e-07,-2.61904078426586e-06,8.34422620395692e-07,5.91114016340177e-07,3.29392903205907e-08,1.85106035199072e-06,2.36042344198092e-07,5.04217362421515e-17,-9.77764273996094e-08,0.000100634826775746,1.54526279549361e-06,-2.38316792942688e-06,3.55879032427769e-16,-2.12779350064439e-07,4.12553335916673e-08,-1.15183237705843e-06,-6.93351368132047e-08,-2.65521559917303e-06,2.56119098977854e-07,-3.56157161948624e-06,6.36830392610092e-06,5.82015826830165e-18,2.68756457827998e-05,-4.59482048238013e-07,1.33560151210755e-06,3.65964065566793e-05,-3.02475551627448e-07,-2.541376715203e-08,2.09901540593194e-16,-1.40680792797993e-16,-2.67703993668165e-08,-3.30072882081296e-07,4.40265284764163e-08,-5.47666267763557e-06,3.29307662797039e-14,-3.30380625164951e-06,-4.4643471370824e-08,-2.64127432618172e-16,-2.54508174555811e-15,-1.78429583105932e-16,1.81995676693109e-05,5.45434241585293e-06,-1.19823574844784e-05,0.00098330205764904,0.364996399585441,-9.63979764586629e-06,3.74054280985615e-06,3.11549288128023e-15,2.78408595066781e-07,-6.27185701208594e-07,-2.09534119423546e-15,2.43992475516602e-15,2.1398867414661e-07,1.15485705557651e-09,9.85620106931502e-08,-5.51817674113161e-06,-7.82412461565227e-08,3.27808678562413e-07,-1.71444825063427e-16,0.00140874567287634,2.98818332978772e-16,3.08639183091907e-06,8.81158210633282e-16,6.81224659863887e-08,4.01803283294022e-16,-2.59902969913299e-07,-6.74335520746105e-08,-2.63021388941452e-07,-8.83326512237457e-05,-1.34780395138915e-07,1.50118045681838e-08,-8.9935806179819e-08,-2.74478608913096e-08,-1.48073197739549e-06,-1.3089585470189e-07,-2.44310255605309e-08,6.21983674486785e-08,1.09589943464207e-06,8.31821501379259e-08,2.47497560111925e-08,-8.36058510136534e-17,-2.09199235228278e-07,3.2649887842848e-08,-1.27134141292292e-08,5.382289942419e-17,-2.32168842488477e-08,-0.000319483567225174,-1.23435973591339e-07,-3.46445127350075e-16,3.08493148316618e-08,1.67585710176498e-07,-1.60004757019909e-16,1.83986968369976e-08,-2.09593470592934e-08,-4.13296617687277e-17,-1.30374932694725e-15,4.90622556316235e-10,2.78990847291439e-08,1.19794314268241e-10,1.02984700319845e-07,2.71410160099501e-07,3.48234491718223e-10,5.04779549278258e-09,1.57581487092402e-08,-1.01556006554618e-06,5.71645595442982e-16,1.32748071155285e-10,1.04366685934556e-09,3.09665149587163e-09,3.14244115512127e-07,-2.02419193382617e-16,-1.02582640485708e-16,1.14475008073518e-07,2.65273001433199e-16,1.41679941734217e-16,8.0443199131142e-08,-1.27245474893206e-07,-2.38586971665074e-08,-1.64365321379908e-08,7.24432872241783e-07,1.90041693642871e-07,6.04913845986766e-08,-4.73681477435234e-16,1.84749997306282e-07,9.16663795230456e-09,4.29186170807471e-08,-4.29070765146359e-08,2.06483299173534e-07,-1.32199240511403e-15,-2.26634006611334e-16,2.83894576258864e-15,-2.81041388110677e-07,-1.45929167083803e-08,-2.51732094545764e-05,1.08276429503477e-15,-1.37463911350833e-08,5.23077410979693e-16,-2.23477782452587e-15,0.000177117332712438,-0.296069961994766,4.71584576944295e-15,5.37392837081078e-06,1.55853620406167e-07,1.45844738245287e-14,-1.96663473891789e-07,-4.75288384585959e-14,-4.93717308536838e-07,2.10445744819315e-16,-4.76303386632019e-07,-3.61468019232292e-07,-1.27249461732463e-08,-1.28275347818633e-07,-8.11436380513991e-07,2.77771649076963e-08,-1.63294455779421e-05,2.46391279203278e-16,-2.59223812850526e-07,1.41305404271646e-08,-5.43680493997661e-17,1.77787805608601e-09,3.33437973495352e-08,-7.19281314415057e-09,2.38137360826788e-15,-1.79241542402852e-08,-2.25421738877804e-08,-6.64798375459958e-16,9.3901222716313e-07,1.2481326389863e-07,5.15181832270264e-10,5.59530605066193e-16,-2.80128508283635e-16,-6.66379949578478e-09,-1.9455165501873e-08,-1.52320981078123e-09,8.68150326024795e-10,-3.45656034337171e-09,2.15742927552766e-16,-3.50598236580774e-16,-1.03495814950455e-08,-6.93871524922531e-11,2.67571220982617e-16,-1.54436759800102e-08,-3.67054833415566e-17,-3.37131838155484e-10,-6.6751622684579e-10,-4.72666601912524e-10,-5.26623851830113e-09,1.02276042199356e-16,-5.48048482054118e-17,4.58706492238786e-17,-3.67083326504897e-17,-1.67461191642919e-10,-6.15255153070581e-10,5.36707724644679e-16,4.64586776383761e-16,2.0554332962379e-17,1.03715612578087e-09,9.96989904904534e-12,-6.43623302897191e-10,1.25320617503267e-16,-3.45711415224159e-16,1.43710997962954e-16,-4.03232270987158e-08,1.24647136066743e-09,-1.82224750619205e-16,2.43100323841325e-10,-6.60918333631783e-09,-1.02762647475387e-16,4.57419198868793e-17,-5.50086361830322e-08,-5.11583288445356e-11,-2.86546429734278e-08,1.38191796297334e-16,3.11346182510494e-09,1.35179437068459e-06,1.5165999380054e-06,-5.62456997013916e-08,-1.3865206991407e-08,2.31660641281673e-10,-6.09684103335899e-17,-2.9882427210421e-16,1.12801729033913e-16,5.01473180722348e-09,-4.54851183529642e-09,-1.92631639789169e-08,-1.46567240938216e-09,-1.36903794035155e-16,1.63137762600957e-17,-4.27711487264162e-16,3.31153466365753e-17,1.23665854414874e-15,7.45669005148158e-09,-1.21225437422955e-16,2.09327371871739e-16,-1.36737950129664e-08,1.40258565758234e-17,-1.22551705119943e-08,-3.42094835316674e-17,-1.52245065117971e-08,-1.71926208507151e-16,-1.91535235286144e-08,-2.41824850884393e-09,-2.02059819484093e-08,9.6440764864823e-17,7.99810275059044e-08,-4.27575081390591e-17,3.39608970106434e-05,-1.9391840953353e-08,1.07544546818194e-10,6.03728928265162e-16,1.77370116899411e-07,-2.57848550867963e-16,-0.000553797939728518,-1.41619096740329e-08,2.32025456020475e-16,9.79612589868887e-17,-1.15432925304539e-16,5.17997831232069e-17,-8.28634774152984e-10,-1.0885884787928e-08,-2.45138543434613e-09,-2.8687425526562e-18,9.58260677786755e-17,-2.41805002011943e-09,1.97484174417097e-08,-4.5136216641174e-16,-2.61175510683208e-17,-1.19031379249171e-08,5.13438399369208e-17,-8.48809326271097e-08,-3.21583937025901e-16,7.38028025604249e-08,-9.34833866048055e-17,6.20728043760966e-16,-4.87949309146231e-17,2.16669334688796e-16,-2.84921185475755e-17,6.36043505175123e-16,1.46664660136002e-09,-1.02616996686388e-08,6.11785181315118e-17,-6.90650120321165e-09,7.45693812933311e-06,-2.36041233652457e-16,-1.30647944878806e-16,-6.50658216213611e-17,3.33511149795059e-16,2.91267703385604e-08,4.67879573184319e-09,2.04990071514795e-16,8.92124531459759e-17,-1.37089123156422e-06,-1.72363849340062e-08,-2.61670966213155e-10,-1.06236285722097e-17,-7.0210842353948e-17,-3.54803953569038e-17,7.53766204910147e-17,1.49881990552859e-16,2.06048548993723e-17,1.16424509689233e-07,-1.10428807699935e-07,-2.12929821397289e-08,2.82830222250479e-17,2.9391973048549e-16,2.03596355638632e-16,-8.3235581228588e-17,-7.19801812337031e-18,-2.87315380752143e-16,2.64470249914948e-16,-1.19641770074355e-16,-3.09290850104999e-17,-2.01986183571532e-17,6.53791456559554e-17,1.24952029761766e-16,7.61301231971027e-17,2.44335194535167e-16,1.10585530570601e-09,8.04568424232486e-18,-3.22150786129106e-16,-1.16063804757541e-16,1.57392642513049e-08,-2.09435529919166e-09,-5.67138217300506e-17,-4.07028177654332e-10,1.45077015884876e-08,-1.08385431130699e-16,2.90764994901847e-16,-2.81994944316618e-08,-2.4008023457123e-16,3.63534276722042e-10,-1.19713619493234e-17,1.36412325658323e-16,-6.32526156105212e-17,1.37297841516163e-16,3.98054080021148e-09,-4.96133598546664e-08,8.09621535542365e-16,-4.34655405776347e-17,-8.6019025610772e-18,-1.47113458412033e-16,4.58238048200998e-16,5.17216188558909e-17,2.29264756700954e-17,8.04500069892308e-17,6.25586612819958e-10,4.6363696597673e-17,1.27666810418738e-16,-9.03318754461002e-17,1.36196406694101e-16,1.69390265014863e-16,3.55584441137139e-16,-2.19829689097626e-07,-6.18894985386127e-17,9.88093544611328e-17,9.3022867159318e-09,-1.75956296140176e-16,2.70182809688627e-16,6.95336349598724e-17,-8.75775146091596e-16,7.90763408928038e-09,8.09890525756846e-17,-6.4520634127203e-08,1.62749254563146e-17,-9.31558007523421e-17,-3.16752830762059e-16,-1.05578527589631e-15,4.11510881478108e-17,5.98168301436632e-16,2.34680928279419e-09,-2.7940898955669e-16,-3.51000281533181e-16,1.20889322398202e-09,-2.94500526668757e-07,8.64972526826441e-17,3.31658336624845e-07,3.0381488867782e-08,1.9396348660409e-16,-5.87485013046469e-17,-2.21416920348916e-16,-8.25637463112781e-17,5.5203090048101e-17,-5.20056501281001e-08,-7.3511692943379e-17,3.87017654412414e-16,7.83145222279734e-17,2.09185747697271e-08,-1.45330127873991e-16,2.60533235249621e-16,-2.20763440376207e-16,1.00962866791446e-17,-9.58916495200482e-09,3.84805582036096e-16,2.62572844725319e-10,-6.25807567215134e-17,3.78473210028512e-16,-2.08216457585725e-17,4.67487417836104e-17,9.51492271602606e-18,1.63787203221927e-17,1.052537446342e-16,-4.60058169869901e-09,-2.98808835923201e-16,-3.96704101028264e-16,1.93876529217835e-09,-7.17600972998096e-17,-2.50481839771748e-17,-1.63707259963996e-16,2.92850847625828e-17,-7.08575405378082e-17,2.82059842039874e-16,-1.41593851603309e-08,2.18910331295778e-16,-2.23929198224885e-16,4.23007436553168e-09,3.32097589087737e-17,-1.01611131331033e-16,-3.86776794955205e-16,-1.06126253031237e-16,2.47986749344915e-18,-5.51250655573242e-17,-1.22304867223061e-16,-9.3934184073467e-17,-5.69081180113539e-16,9.32632377588432e-17,4.64480425318019e-18,-2.24567498191262e-09,7.4571792524396e-09,-5.70654219544303e-16,7.61573168643294e-16,1.40896684729723e-16,1.048549128745e-15,5.25892263764094e-16,-1.31789220400351e-16,-5.36045532552432e-17,-1.93961790853169e-18,-1.80884943850959e-07,1.58885306025103e-16,-1.01010217000398e-16,-2.10515392802585e-16,2.98326956967198e-16,8.38499630958728e-10,-7.63473148373092e-16,-1.3386068807294e-10,8.0084967351122e-17,-9.47083324967109e-17,-1.51313832543031e-15,-7.89009956652041e-17,-1.43759226589871e-16,1.96338894367777e-16,-2.54243519729129e-16,6.13385310747095e-16,2.24979877496736e-16,9.94558692293557e-17,-1.94404657119121e-16,-1.03029634110831e-16,-9.03105420771497e-16,-7.91236623900349e-17,-1.84952044925958e-16,8.60565507757028e-16,9.6912839247361e-17,1.96920298614935e-15,-2.21766069337731e-16,3.53911716563783e-17,1.20937331329896e-15,-5.53131645392636e-17,4.16383554156559e-16,2.42578361461871e-16,-1.50708016529055e-16,7.16979805907628e-10,1.51058917981254e-16,1.14307174436974e-15,2.972184573867e-17,-1.06922593111567e-16,-4.05050624913584e-16,2.66249082789958e-16,-5.41151578355768e-17,3.12689420942571e-16,-5.39061119482146e-16,5.7643905531946e-17,-5.53647839379723e-16,2.67484774020576e-16,1.0372644169268e-16,4.08677034859383e-16,8.67516668118108e-16,3.09028176186763e-15,-1.60547124364813e-16,-9.36796501133013e-09,5.87188492002148e-17,2.80648820133682e-16,-2.38411363091017e-15,-9.62579642661385e-15,-9.67334234431166e-15,-0.707106781186547,6.80002927785945e-16,-3.12097841165729e-15,7.39112547118697e-16,3.22083336554448e-09,-1.20457266200833e-15,5.65797757121205e-16,6.46802005063371e-16,1.89452783561363e-16,-1.14808230487561e-15,1.29848823823183e-15,-1.44339083881276e-15,-1.98594643756316e-15,5.37727001521205e-16,2.23413016314348e-16,-1.04944541878595e-15,-2.3900796527344e-15,4.94459946082411e-16,1.03106501270469e-08,8.78497917680845e-16,8.2350087801572e-16,-3.42005420160693e-16,-8.86226855789651e-16,-2.84538260267509e-09,-1.44401606613705e-16,1.13971649187399e-16,-1.09355413663165e-15,-1.34194333243785e-16,4.10003227589151e-16,2.3879280648831e-16,1.56233151235687e-16,-2.1366242527184e-16,-7.29512702030283e-17,9.08994606583502e-17,2.32001544359368e-16,-1.86121675275845e-16,-7.37716150667325e-16,-3.43488397120062e-16,4.82332928862455e-16,1.82946054923498e-16,-3.11272899357027e-16
"t947",0.0264735779061577,-0.0024765932173061,-0.00218976170646802,-0.000345559138954794,-0.0115204769246636,0.098312950452928,0.0167621356184342,0.00010729090524252,0.025471264352623,-0.0193941825664511,-0.00355390710864418,0.00255472411903109,-0.00488111074161835,-0.00101224874767489,-0.025806286117183,0.000559563624760262,0.000391946076850883,-8.07308381338973e-05,0.00302366684809549,0.000454399248661973,-9.82286415144162e-05,7.17349406538319e-06,0.000848607762166031,-0.000173922636775027,3.54506750021309e-05,-0.149259149239491,-0.0102220506387545,0.000658398592979377,-0.00291576839414844,0.00549543181489245,0.00015003698450132,-0.00567946575084042,-0.000300511216646812,0.00267382656612877,-0.000279332954515962,-0.000264792616580173,-4.7911169924109e-05,0.00253216571634076,0.000530317317169827,0.000136088587527064,0.000419805283022437,-0.000762323764876392,3.63866150583667e-05,-0.000619533514489049,0.000138735382034995,-3.11300682617037e-05,5.94988851266091e-06,-8.96015761589696e-05,0.00129252737783049,-0.00265736133538905,0.000174584599705093,-0.000176092017762049,3.4126020258743e-06,-8.32133026429979e-05,0.0026273615763855,-0.135763894201785,-2.66400052964678e-05,8.74545854072585e-05,-0.000287051444084986,-2.22205708101376e-06,-4.31061684177121e-06,7.44216525669318e-05,-0.000194650321661464,0.000150780534023143,-0.000166669046375434,5.53133530319113e-05,-0.000106401236616091,0.248612170869617,0.00251929259488533,-0.0628236683693919,3.42988194330289e-06,-1.06658712348693e-05,0.100468318669862,-1.7075275854156e-06,4.63591043981847e-07,1.05817957704433e-10,7.09217951822168e-07,-1.82923889677463e-07,-1.91879718198125e-05,-0.00040535005775581,3.12213100380421e-06,0.000317178634404645,-3.99659382901889e-05,-1.86083503426464e-05,2.54421153132969e-05,8.16570137797817e-05,-1.49399904522926e-05,-2.73565726280865e-05,-5.45137871661315e-07,2.13326181318771e-05,-5.71869285473281e-05,1.4365306272102e-06,0.129291329538653,0.000116553075740058,1.69394336933492e-06,6.36867968430628e-06,7.42922203479129e-07,-2.6012359677039e-06,2.45319372864736e-05,3.25575124001364e-05,0.000210887204459908,6.57683179357089e-10,6.90892161739844e-06,1.45662809097683e-05,-8.6944399595366e-06,2.52265366149205e-06,-0.00372470355837427,-1.06217030160721e-05,0.000179716190082117,-2.28658913207591e-07,-6.10009801353765e-06,-4.27596340820183e-06,1.17897497284966e-06,4.05829120426688e-07,-1.88243203971989e-07,1.10905818651697e-06,-2.07111927732427e-05,3.16344976019466e-05,-0.000279148849169774,1.87295738945636e-05,-1.24228441364782e-05,5.63604781766596e-05,-0.00323491941056197,-0.0138119218473493,-5.48692759121219e-05,6.9876841412663e-05,-6.66462489635989e-06,3.92782047490613e-05,-1.70838874087697e-05,-0.000582423534327423,-3.67678555671494e-06,1.09499257246541e-05,5.48501107937176e-07,-7.9878750049757e-06,-5.89659839342831e-08,-1.36874791917689e-05,6.17401735667878e-06,7.05207052558357e-06,-0.000109691326252725,0.000393218479990551,-6.28122652220341e-06,-6.40280414287741e-08,-0.000131948586399771,0.000154974395488019,-2.15272670343776e-07,1.20755196194702e-07,3.01565346291144e-07,-6.42781941009465e-07,-3.87515397330166e-08,0.00376754500602656,-2.22315203477657e-07,-1.43782726762195e-08,3.31586860209643e-09,-1.8434262008315e-07,-2.22803833444653e-08,-3.73576651064057e-08,6.26064795043025e-07,-1.06643445313138e-06,-5.95448893148021e-07,-2.00139843419908e-07,-1.05927694696222e-06,1.5709515058751e-07,-1.19113481837296e-06,-1.76778008178562e-06,1.284378646806e-06,-9.58294931964156e-07,2.28514031811242e-05,4.00254172897252e-07,2.00278840250689e-05,2.23136703055657e-06,-4.45145453898139e-06,-8.03506315290535e-07,1.5648748566607e-07,6.86386380538865e-06,6.05694421029168e-06,0.30754175615424,-1.01611944011369e-06,1.50426368448263e-06,4.87797087632096e-06,2.02581993560035e-06,-6.90716941482483e-06,-1.12528754678023e-06,1.89962092919873e-07,6.03073358486709e-10,1.4418789425131e-08,1.38053747970663e-09,1.52837709579296e-06,8.56260018188982e-07,3.97418281169114e-06,-4.95019915395242e-07,-2.2398712824701e-07,5.38912927774076e-07,0.000103289381383194,2.87032692653866e-10,2.98887075801452e-08,-5.93412759737927e-07,-1.11546829954507e-06,-6.72371278431803e-08,7.00105070414707e-07,3.25077103768676e-07,3.24805820932975e-07,4.71966758738777e-06,-9.70311500926019e-09,-1.53649281253056e-07,-2.63483724075603e-06,-1.11433316120659e-06,1.72157871643483e-06,7.82500057763813e-07,-1.30768575224913e-05,-7.72261948082756e-09,-5.44215068733251e-05,7.78799089157094e-07,-3.65370144221207e-06,-6.06122534257913e-06,-3.49359334552599e-08,-2.52423899962167e-07,6.83334580038162e-08,4.33264415943957e-08,-1.00631953751616e-06,-0.000180530387391161,-2.08744727253999e-06,2.93644681267534e-06,6.81613837860669e-07,3.15712065977734e-06,-0.00255945809863611,6.65225643979427e-07,5.32046551653295e-05,-1.15902262062186e-07,-2.77360134716363e-06,-2.52072477398426e-06,6.7075062375068e-07,1.59325074461131e-07,2.05269757743191e-06,0.00188825531931271,-6.31142569809009e-08,-1.39729249277298e-08,-0.000203317699141252,-4.34865156113143e-17,-5.0909290034902e-08,7.41375425347343e-07,-1.61252979604251e-07,-4.37361647150764e-07,-0.000193772575275549,-2.67441138320431e-08,-1.70565435415687e-06,4.57863387697563e-07,-8.68354937776051e-08,5.70696147664556e-09,-1.13363790968367e-07,1.31203600464054e-05,-3.42075435248917e-08,3.64815009214807e-06,-2.75394304799845e-06,1.23994583237198e-08,-8.0943219564044e-10,3.8433354288395e-08,-3.59052483660989e-08,5.64740524773148e-07,1.41319734174097e-06,-2.68103879492189e-07,5.21306294887655e-07,-9.66912474660543e-07,1.10199242640747e-05,-6.61991971963469e-07,6.83269228375518e-07,-2.31374718490962e-07,4.37127064067087e-09,1.79667265186091e-05,-2.89251117960043e-07,2.75221140144242e-07,9.01109522508117e-09,-2.35904315855543e-07,2.37449188920946e-07,-2.86775132175789e-07,4.55229440597149e-07,-8.83702229562936e-07,6.98866727013322e-07,-5.26791744510485e-08,0.000281728403902344,-2.22232325209075e-08,1.34885092956417e-06,-3.00543416765436e-17,-3.92916440321792e-06,-1.35581516921585e-07,-1.54409383218877e-11,-1.37262247864698e-07,6.58164114354795e-06,-2.07430653581799e-07,-3.58857569531368e-08,4.22629451019775e-09,-1.94997573376493e-07,1.15901264914066e-05,2.58190500574037e-07,-2.00710267248677e-08,2.99628226302571e-06,-3.62634509342131e-06,1.00031410824065e-06,-1.80758286638968e-06,2.60230229453748e-07,1.06464455432452e-07,7.01853195334600e-09,4.71153322396703e-06,-4.11057783425017e-06,2.42904568705884e-08,-0.00502538364014556,-1.24797435124384e-07,6.42454537646647e-08,1.66832919682852e-05,5.121891304601e-07,2.70149121426633e-07,-8.83244153678432e-08,-0.000236546393567466,6.0282086220964e-08,-2.89590942065839e-07,8.30113036946901e-08,7.85190144973262e-07,-1.56388226572299e-06,9.98811924375185e-21,5.06681445648187e-09,2.70227476152991e-07,-2.52574958285474e-08,1.47503345273123e-06,1.64338944635072e-08,3.89162176387274e-07,9.24182270728831e-07,-1.25647301221736e-06,0.000387609415606128,4.16616345223371e-17,-3.15385758313862e-06,-2.5574095446808e-09,-1.099672362626e-07,4.58399173730473e-08,2.46438054663427e-05,-5.66857755439311e-08,-2.17667355867101e-06,5.80642811162878e-07,-2.41877763362051e-07,3.62848962590184e-06,-4.88118399958823e-08,-1.32694393389561e-06,-6.17256144154497e-09,-8.72585243888143e-10,-1.31655889060762e-06,6.9463651315013e-08,-1.42373001231894e-06,-1.71006923232511e-16,-3.6315298367265e-07,2.84613708833453e-08,8.20228592496205e-10,7.17727098725696e-09,-2.64649363653378e-06,-5.38402146879653e-06,2.40025736918839e-07,-8.72495055382088e-07,-4.05523527922323e-05,-7.32216224072879e-18,-8.76867802442579e-07,-3.04372453140675e-08,-1.09719471377889e-06,9.94682511799594e-15,3.31873692458674e-06,2.59687540786916e-07,-3.9653088066884e-08,-1.66900965433295e-06,-5.53364105354814e-07,-2.94327290504417e-07,-9.32337976393951e-07,2.92791267589671e-07,2.07058027924486e-07,1.1421961763155e-08,6.30310263383662e-07,8.02999207526725e-08,-8.94308957207288e-17,-3.20511396938456e-08,3.27692256319549e-05,4.95737519037129e-07,-7.47005035414057e-07,1.39429364219635e-16,-6.32699319526449e-08,1.15051002091732e-08,-3.11490468282886e-07,-1.84754195632661e-08,-6.94837040689659e-07,6.47346525224293e-08,-8.47848761571113e-07,1.27781078807111e-06,1.98752778589216e-16,4.47037082950998e-06,-7.50270437887461e-08,2.09540997656114e-07,5.41420175855057e-06,-4.45405905752363e-08,-3.67760369487974e-09,1.6306400674182e-16,1.40844088883345e-16,-3.47815392919912e-09,-3.85782494354174e-08,5.07365777266574e-09,-5.66127109928519e-07,2.84866811541819e-15,-2.53939609965637e-07,-2.89536560231528e-09,-6.67825265135862e-16,1.28491900297711e-16,9.51284540468546e-17,4.78303258086018e-07,1.15922049328888e-07,-4.43323006351411e-08,-1.12355190106339e-05,-0.00482276601678383,2.85600113749208e-07,-1.17967656256784e-07,-2.24434040167719e-16,-1.82867090119476e-08,4.89147952288906e-08,-1.93042591822817e-16,-9.18234299518333e-16,-2.73231656267833e-08,-1.61714643818417e-10,-1.54543751499094e-08,9.28102612386853e-07,1.48940127089106e-08,-6.35896554633647e-08,3.1126428182742e-16,-0.000280281779563926,-6.6551588941274e-16,-6.5866468418411e-07,-8.55462619145375e-16,-1.52715304574635e-08,1.34340793335886e-16,6.18642588106775e-08,1.62413654608382e-08,7.33525173875285e-08,2.53657374357695e-05,3.91722571682097e-08,-4.59196793512718e-09,2.87168249772804e-08,9.63655716861956e-09,5.20287642935593e-07,4.72963559780052e-08,9.27872813097753e-09,-2.5189815649474e-08,-4.67539504710717e-07,-3.6928588437874e-08,-1.12009793090021e-08,-3.837302292997e-17,1.00350129183801e-07,-1.65343038630984e-08,7.44517604356523e-09,-1.17534676721806e-17,1.41525704338017e-08,0.000206604484869401,8.18226127082302e-08,-9.70002714288252e-17,-2.07089592476587e-08,-1.18196144673241e-07,3.76886836896459e-17,-1.32908649742785e-08,1.74080068144917e-08,3.1089561465817e-16,2.14518178208637e-15,-4.29594487750975e-10,-2.45438898327815e-08,-1.07725118215849e-10,-9.50081277020423e-08,-2.65137113253935e-07,-3.41860005797154e-10,-4.98987420482365e-09,-1.67882115107062e-08,1.14921800451558e-06,-1.36067372646931e-17,-1.53661605265925e-10,-1.2127919452313e-09,-3.64782961646947e-09,-3.76283156729822e-07,1.29320279876681e-16,4.62253050541257e-16,-1.40175280198227e-07,-8.8524844571327e-16,-1.11629334838806e-15,-1.13283613743974e-07,1.83562633325093e-07,3.44356587281904e-08,2.50067615473712e-08,-1.11006175060571e-06,-2.91649720765616e-07,-9.37547976854704e-08,1.24631817225592e-15,-3.18188018818449e-07,-1.61493588095857e-08,-7.61813729754411e-08,7.90710281678295e-08,-4.07756271789363e-07,3.0030456715604e-15,1.41572764241196e-15,-9.04651661025986e-15,6.14324010670875e-07,3.33604234681524e-08,5.7745705655615e-05,-1.85161719344163e-15,3.29486083414904e-08,-1.35111432171043e-15,6.46283427199713e-15,-0.000519459267170345,0.870624464510672,-1.36385043883469e-14,-1.66501001058083e-05,-4.98093626889612e-07,-3.97656975130766e-14,6.70691764612197e-07,1.65064658337999e-13,1.8261937111977e-06,-5.609476455452e-16,1.77499495956621e-06,1.35489856388738e-06,4.80124422758035e-08,4.88476824421908e-07,3.15527703561049e-06,-1.17112802969276e-07,7.76215816789409e-05,-9.16106148862027e-16,1.45106595390198e-06,-8.05805053246551e-08,5.17876390198994e-16,-1.03959782936258e-08,-2.04326489678516e-07,4.60410987649068e-08,-4.69204823302977e-15,1.34651983314066e-07,1.75221118333042e-07,2.11974858833506e-15,-7.64852976208481e-06,-1.041034003031e-06,-4.71167596858134e-09,-1.33891025936097e-15,5.43606050217154e-16,7.82455771314602e-08,2.58772168514701e-07,2.08206099669107e-08,-2.72342064052827e-08,1.35755667724258e-07,-7.02114641505168e-16,-5.82146229286953e-16,4.90920789916197e-07,3.37986810185307e-09,-1.80072208481358e-16,1.16685638788145e-06,5.67769734079068e-17,5.36289384013036e-08,-2.16064889279249e-07,-1.26082091518597e-07,-8.31697435312278e-07,-3.41974791306529e-16,1.5088560418614e-16,-1.53450421316644e-16,8.77540806002665e-17,-5.77789277581325e-09,-1.99782214802602e-08,-1.64593527814809e-15,-1.14310987312774e-15,3.97451812599626e-16,2.78071053172415e-08,2.48714140800521e-10,-1.35251596421415e-08,-4.18631238784937e-16,1.45161118368653e-16,-8.32206482545561e-16,-5.58242345313014e-07,1.70612341384582e-08,3.84795071391262e-16,2.9529954262457e-09,-7.68414331187565e-08,3.88039192925379e-16,2.23135659747577e-16,-5.81511275492247e-07,-5.36937690382181e-10,-2.8584431861504e-07,-3.15580125998003e-16,2.87122355982036e-08,1.1974284935992e-05,1.27412135300325e-05,-4.41877741764175e-07,-1.07084765992801e-07,1.7345789965441e-09,3.06919068733054e-16,-4.11030461628036e-16,6.12736598411465e-17,3.21258320484031e-08,-2.9076320175246e-08,-1.20981061983403e-07,-8.4689237479385e-09,-2.455372260347e-16,2.59569213950063e-16,1.05052994377731e-15,-2.14144294304862e-16,-2.03586382435371e-15,3.98521522980929e-08,8.26216201345948e-17,-1.42599968406065e-15,-7.10361414046858e-08,-6.09534609293066e-18,-6.35720760695255e-08,-3.88629193792355e-17,-7.87789850886e-08,1.60859452283761e-16,-9.4618567339159e-08,-1.18202791306846e-08,-9.72096998789898e-08,-1.69614856538046e-16,3.77520853680524e-07,-2.15815034866569e-16,0.000154019782358769,-8.37672302267832e-08,4.63617056233814e-10,-3.94943275992227e-16,7.50501268371463e-07,1.71572899889827e-16,-0.00227754922427313,-5.81629100661058e-08,-7.69253155984648e-16,-1.63859334319493e-16,7.44049994439136e-16,-1.78479250444184e-16,-3.32748602533694e-09,-4.34601661589569e-08,-9.72154424553242e-09,6.01494627696482e-18,-4.13095352963227e-17,-9.29635893609912e-09,7.58222505412975e-08,6.03907012357821e-16,4.14881155379309e-16,-4.40631390266629e-08,-1.35460071866074e-16,-3.11862052483143e-07,-9.23051651148241e-17,2.65465041466846e-07,2.2485157537749e-16,-7.62173073846215e-17,6.58426840651016e-17,-5.03653648424393e-17,-1.17009525022408e-17,-7.80444380369056e-16,5.06436243712606e-09,-3.54156149038461e-08,-1.78305679636055e-16,-2.35145620277581e-08,2.52472993885276e-05,3.56532335101356e-17,1.52614641162028e-16,3.40360422172882e-16,-1.5574856142537e-16,9.63314972231294e-08,1.53920320698927e-08,-2.53455742721373e-16,-6.43345108298059e-17,-4.48345465879631e-06,-5.63281871643664e-08,-8.52951073915476e-10,2.49823266321883e-16,1.15950630505957e-17,5.35765809989617e-17,3.12107593122589e-16,-1.71656112530541e-16,-1.27512371051445e-16,3.6463299620011e-07,-3.44614685127996e-07,-6.62138274751484e-08,-8.23352967514888e-18,-3.77659469954629e-16,1.02125409873395e-17,2.05221423513964e-17,-1.49447604826942e-16,1.90842263612746e-16,-5.34427227113923e-16,1.65553930787114e-16,2.4273453693247e-17,1.28900472006993e-16,1.17752421813444e-16,-2.02614316775083e-16,-3.07313050971811e-16,-4.9115663688225e-16,3.25019057755005e-09,-5.14071025374793e-17,2.42473115983773e-16,1.52880587320921e-16,4.59338794372102e-08,-6.10236944736605e-09,-1.74781784879889e-16,-1.18478423282326e-09,4.18722703776639e-08,1.10822379680712e-16,5.5858111897366e-16,-8.0549231588513e-08,1.84065532358183e-16,1.02557673501826e-09,-1.57556661143724e-16,4.99533088537361e-18,1.43366480324922e-17,1.49954996911349e-17,1.10184958344918e-08,-1.3716104790537e-07,-3.18628632132162e-16,9.59171969950346e-17,2.76468655019853e-17,-3.32815182684839e-16,-4.7460950100553e-16,-1.63806122539627e-16,-3.0256391798984e-17,-5.74538154086053e-18,1.62693449601003e-09,1.20791053500767e-16,-1.24059329399602e-16,2.54916938876651e-16,-2.86971169887039e-16,-2.82782125476016e-16,-2.82213434356472e-17,-5.64752005076255e-07,2.65333212461754e-17,-5.70026536217509e-17,2.38450171436994e-08,2.59717421888545e-16,-2.08633994358288e-16,-2.6591574162644e-16,-6.56369580114295e-18,1.97635115105036e-08,-5.25946941714697e-17,-1.60548941006785e-07,8.58989501629716e-17,1.07643803957172e-16,3.33326765486827e-16,-1.97370408116571e-15,-5.26612253108868e-17,-7.0428239853134e-16,5.78823468411664e-09,-8.46407772210832e-17,2.51196067265254e-16,2.96180925436439e-09,-7.212904871535e-07,-1.76561731510642e-16,8.07704335292733e-07,7.38591208850367e-08,-1.58892942682858e-16,3.97655057468679e-16,-1.80990839815493e-16,3.37598971688001e-17,6.69446868711647e-17,-1.23263844212462e-07,-2.18886723662525e-16,-3.14667523873893e-16,7.7208673197723e-17,4.9269397581287e-08,1.47629692208092e-16,9.76354022975848e-17,8.26267964867581e-17,-4.0213452528559e-17,-2.24005854367683e-08,1.28117518304708e-17,6.11842648901321e-10,-1.97178984939203e-17,3.48484127875971e-16,1.68709405139504e-16,4.35261656059281e-17,-5.65125488188052e-17,-2.56223047837428e-16,-8.41128492660441e-17,-1.05813418614746e-08,-1.52971088371916e-16,6.12968742704074e-17,4.44502214544728e-09,3.42180005432663e-17,1.11118782391929e-16,6.79122021221152e-17,-4.88901607894022e-17,1.43607958124101e-16,-2.94327196933893e-16,-3.21456530383233e-08,-2.63299063392349e-16,4.01878646368813e-17,9.56187759076035e-09,2.56135915841595e-17,2.47757913909325e-16,1.33397416967161e-16,1.2378257154765e-17,2.4078572354559e-16,1.1375921937722e-16,-4.66558310839293e-17,-3.70854877803943e-16,-7.42526010022722e-17,-1.65671623330564e-16,-2.71029038895052e-17,-4.99744477765428e-09,1.65644055300612e-08,-4.26911045519874e-16,-3.19123652420094e-17,-9.62358164207816e-17,9.65555302255603e-17,2.32669786215389e-16,-2.17548847533878e-17,1.348872930685e-16,-6.22617776308702e-17,-3.97999357577176e-07,8.53997264140591e-17,6.55895817597542e-17,2.98385033682075e-16,1.87661725931221e-17,1.83042194403423e-09,1.29158352418576e-16,-2.89667473979227e-10,-2.69605570641174e-16,-1.57797727158866e-16,-2.81077344020525e-16,-1.35286975406704e-16,6.27240552764315e-17,1.56123127198512e-16,2.16164598505027e-16,-2.15049091449314e-17,-5.28022099084772e-16,-7.81544475399298e-17,1.27189585239578e-16,4.9519348353957e-17,6.97659466963591e-17,-6.10137975577927e-17,-1.55355774660667e-16,2.14316361874519e-17,-1.25980715075704e-17,-2.28345288226675e-16,-4.57053920815268e-17,1.30894407025844e-16,3.0406449927356e-16,-9.38175184147957e-17,7.35585363660335e-17,1.71082903873973e-16,5.17532334515065e-17,1.50466165715223e-09,-4.25378552644162e-17,-1.0092751315028e-16,5.46026862632744e-18,-9.47567555685244e-17,-1.10790098347964e-17,3.68391991545984e-17,-4.81061297731856e-17,-1.14425986969279e-16,-2.06383982471368e-17,-1.44734380567331e-16,1.49077798716757e-17,-1.41689362374817e-17,-6.23064257037808e-17,-3.63869642773344e-17,-9.87721539797247e-17,1.51715294321434e-16,1.30858924534218e-16,-1.92808687882007e-08,-3.21667417621766e-16,2.85509166492265e-17,-3.36916093225093e-17,-7.03329381669123e-17,2.16432000816908e-16,-3.68173565976369e-16,9.63881485648947e-17,2.82796606483739e-17,-3.00133865158977e-16,6.50373452840635e-09,2.77075453324155e-16,-1.86823575545963e-16,-8.57289193411141e-18,1.04060960992777e-16,4.64166252015281e-19,-1.54666282960679e-16,9.91079032113739e-17,-1.03871812061324e-17,-6.65608363385606e-17,-7.89410941241631e-17,9.06206425958086e-18,1.07499380035975e-16,2.57408527735194e-17,2.04439081921017e-08,-2.28980478294631e-17,2.03889208404332e-17,-1.3471302271772e-17,-3.05528172206415e-16,-5.59579278746622e-09,-5.06168899388955e-17,-1.77345369878327e-17,1.94827402560335e-16,1.01207726089147e-16,4.09565116292071e-17,3.9000480744242e-17,1.51773868209135e-16,7.08309323798037e-18,-4.46132026460209e-17,8.93001360931812e-18,4.70008851225364e-18,6.12895796462777e-17,-1.73387555647512e-16,-2.10982383048947e-17,1.76094071323039e-17,5.31950144134284e-17,-2.03664794644594e-16
"t202",0.0264602202333371,-0.00247395949057192,-0.00218735767734169,-0.000345050657089667,-0.0114997203087513,0.0981051291792264,0.0167260066908993,0.000107041255382655,0.0254012651458818,-0.0193295544770696,-0.00353888239465843,0.00254141726756436,-0.00485494305518363,-0.00100673995783691,-0.0256597254456402,0.000556198242657423,0.000389532524470257,-8.02247033096697e-05,0.00300427149845673,0.000451232767388622,-9.7488260832009e-05,7.10823571975382e-06,0.00084045501021995,-0.000172242179490295,3.5106798452679e-05,-0.147742245651788,-0.0101169356883259,0.00065156736494926,-0.00288470356396169,0.00542627937889967,0.00014802345279151,-0.0055997721414264,-0.000295989413183727,0.00263168127160997,-0.000274704692114743,-0.000260053834378656,-4.70428377267508e-05,0.00248554197374792,0.000520486217673156,0.000133528106400337,0.000411679047793948,-0.000747208576140443,3.56543577798228e-05,-0.000607050543552646,0.000135891062508695,-3.04509457817267e-05,5.81767426809131e-06,-8.75933557720308e-05,0.00126286219876899,-0.00259481323217241,0.000170337803336272,-0.000171743510811796,3.32814453773744e-06,-8.11153965323036e-05,0.00255872600700527,-0.132198449679665,-2.58731002313976e-05,8.48758111057107e-05,-0.00027856315962745,-2.15249961610911e-06,-4.16996998029236e-06,7.19442609363588e-05,-0.000188066042084768,0.000145659748514607,-0.000160840378707503,5.33284988062869e-05,-0.000102367288591023,0.238958212447912,0.00242039004138958,-0.0603088537234046,3.27847131745735e-06,-1.01611242964248e-05,0.0956642714818771,-1.62413631968889e-06,4.40890963532341e-07,1.00589649587309e-10,6.74051146878549e-07,-1.73694583408254e-07,-1.81819299545077e-05,-0.000383771757519355,2.95162965036954e-06,0.000299762375707419,-3.76835691132857e-05,-1.75332737805632e-05,2.38991601664356e-05,7.66404548783696e-05,-1.40102114201769e-05,-2.5650506908437e-05,-5.11122406612137e-07,1.99996898765662e-05,-5.35962344808825e-05,1.34216522549441e-06,0.1207636265803,0.000108654924712965,1.57384414265332e-06,5.91411983203834e-06,6.8988018000942e-07,-2.41237056190526e-06,2.27397227599173e-05,3.01234236053838e-05,0.000194826094647158,6.07512306138305e-10,6.38091029759236e-06,1.33602379979233e-05,-7.97036823652357e-06,2.31161677879511e-06,-0.00341060637800998,-9.72400121417181e-06,0.000164467520616163,-2.09142152497602e-07,-5.5784315844923e-06,-3.90610648935309e-06,1.07685947442967e-06,3.69629114707639e-07,-1.71347629322486e-07,1.00816709247423e-06,-1.8815768637775e-05,2.86917577092834e-05,-0.000252775559529026,1.69394228413504e-05,-1.12276955104274e-05,5.08158693104982e-05,-0.00291211178710329,-0.0124329039906908,-4.93798269245171e-05,6.27842122420844e-05,-5.98734457050564e-06,3.52372484983571e-05,-1.52645129213641e-05,-0.000520373849827556,-3.28398537099189e-06,9.7533314211664e-06,4.88297651062406e-07,-7.10833948508228e-06,-5.23888548732665e-08,-1.21580380110471e-05,5.46532489567687e-06,6.22516904483051e-06,-9.64567289569124e-05,0.000345737555436314,-5.51909954027249e-06,-5.62401523293569e-08,-0.000115835957070418,0.000136021545213064,-1.88945012968566e-07,1.0582766748412e-07,2.63489882080805e-07,-5.59886496273005e-07,-3.37277631719726e-08,0.00327347742654416,-1.93134737292669e-07,-1.24827858600556e-08,2.87761891724724e-09,-1.59907695085887e-07,-1.9248110358001e-08,-3.22521462562906e-08,5.40250049566282e-07,-9.10354333417596e-07,-5.06935887195885e-07,-1.70318561259305e-07,-8.99370640974668e-07,1.33317187922243e-07,-1.00783337415912e-06,-1.49519467390627e-06,1.08314001840938e-06,-8.05832171488261e-07,1.90538668689636e-05,3.33637353114074e-07,1.66932188798121e-05,1.8576591828469e-06,-3.70081631464959e-06,-6.67879800105424e-07,1.29716057908194e-07,5.68467389136321e-06,5.00693425376041e-06,0.254109244976599,-8.39377914613215e-07,1.23711179623188e-06,3.99304022678076e-06,1.65696858167942e-06,-5.6451825071392e-06,-9.17581317821651e-07,1.54761154423759e-07,4.90892162041153e-10,1.17269801099159e-08,1.11968324117619e-09,1.23872703746366e-06,6.89786889554872e-07,3.20087706906439e-06,-3.97877739545912e-07,-1.79001869995604e-07,4.28596653176381e-07,8.20071513131317e-05,2.27314486084534e-10,2.36252341606152e-08,-4.66376863837018e-07,-8.75572345742272e-07,-5.26359956265066e-08,5.47333681122728e-07,2.51472377978186e-07,2.51135695003271e-07,3.63252559356261e-06,-7.43411264040217e-09,-1.16410491780003e-07,-1.99614763122708e-06,-8.43331206166031e-07,1.298697461831e-06,5.88958418787193e-07,-9.78295773194056e-06,-5.73337917290897e-09,-4.01509214792045e-05,5.7345720174327e-07,-2.66636781192758e-06,-4.40096328109321e-06,-2.5363037223617e-08,-1.8252603762227e-07,4.89039676188853e-08,3.09448601880605e-08,-7.10924793913816e-07,-0.000126553434832746,-1.45935132222418e-06,2.02963684084414e-06,4.69824385618183e-07,2.16952637908981e-06,-0.00174229764511589,4.51963691660648e-07,3.61308108004352e-05,-7.78747057807807e-08,-1.85131898806428e-06,-1.6700038975923e-06,4.42854394781908e-07,1.04815474100823e-07,1.34584082482928e-06,0.00123683055307475,-4.0969078468504e-08,-9.01838127098332e-09,-0.000130401170661518,1.05788423852824e-17,-3.23524247316372e-08,4.70260538096116e-07,-1.00951855601158e-07,-2.70981291954874e-07,-0.000119012990643769,-1.64172340666069e-08,-1.0296737283157e-06,2.75610936221859e-07,-5.22011620349161e-08,3.40880591062342e-09,-6.74164328374745e-08,7.73941398578719e-06,-2.01047627532183e-08,2.14087859981329e-06,-1.60264219054804e-06,6.95495921099012e-09,-4.47811565335975e-10,2.10139621813209e-08,-1.91156105690643e-08,3.00075956824695e-07,7.36338885243117e-07,-1.38121298142344e-07,2.64142873579702e-07,-4.87271025510208e-07,5.52152801332755e-06,-3.2901451056606e-07,3.35459724646122e-07,-1.13435801622151e-07,2.07453220668202e-09,8.52015166102575e-06,-1.3704957196811e-07,1.29206744371803e-07,4.2157460208988e-09,-1.09137319122696e-07,1.09620818719788e-07,-1.23068229638775e-07,1.93675033076047e-07,-3.7335867060013e-07,2.90490614477852e-07,-2.16053967240378e-08,0.000111973174112483,-8.74951044072452e-09,5.27040805027766e-07,-1.6715058873998e-16,-1.49457860960392e-06,-5.13859191938855e-08,-5.78255483814678e-12,-4.99208057973448e-08,2.33153176506208e-06,-7.25413827162731e-08,-1.24688021634275e-08,1.34229247380878e-09,-6.15468777608024e-08,3.65198118280295e-06,7.90048976110671e-08,-5.60801380797756e-09,8.23048273600865e-07,-9.84148175074674e-07,2.60456165855936e-07,-3.9140482421217e-07,5.13276611716768e-08,2.08773380121548e-08,1.37392097985061e-09,6.85001892710325e-07,-3.38120005820167e-07,1.79227871621576e-09,-0.000307596108292555,-5.69708669814279e-09,2.62170251319433e-09,-1.4923306537204e-08,-2.11464545306864e-09,-2.72711064349969e-09,1.25430697349314e-09,6.58714220254837e-06,-2.60537594620188e-09,1.67120422460479e-08,-5.32247894023722e-09,-5.89717397353071e-08,1.54863753268828e-07,-6.87538571159937e-17,-1.32107591156286e-09,-7.52646144828792e-08,7.7227883889296e-09,-4.52215451683944e-07,-5.05249948220239e-09,-1.22293063176737e-07,-3.02395390019058e-07,4.30756895691243e-07,-0.000145474781058126,9.0148252534125e-17,1.43139796041431e-06,1.1867096530511e-09,5.34597236978187e-08,-2.24069961968283e-08,-1.34457466790692e-05,3.27754515195333e-08,1.36229404464237e-06,-3.8310424165136e-07,1.78153581445454e-07,-2.9445217062726e-06,4.20620708883261e-08,1.18212925058094e-06,5.61270745920148e-09,8.22586055477734e-10,1.24603330580938e-06,-6.74264157013781e-08,1.40919499965425e-06,-1.55473847357237e-16,4.14429711381573e-07,-3.34323484448918e-08,-9.63759856716887e-10,-9.14591755771147e-09,3.41360893936558e-06,8.04038250617041e-06,-3.73522038824501e-07,1.3688106714518e-06,6.56005717875667e-05,3.34629164400743e-16,1.46883300882941e-06,5.16504212326071e-08,1.95412663011565e-06,-1.8763508025005e-14,-6.22753932979381e-06,-4.93329208851328e-07,7.58108206850037e-08,3.23319476319718e-06,1.09589855658709e-06,5.92637462508917e-07,1.90180018390972e-06,-6.20642792175094e-07,-4.40916293463169e-07,-2.4974352189984e-08,-1.4439430421258e-06,-1.84393428861513e-07,2.22759226945264e-17,8.06687449439205e-08,-8.38075362451689e-05,-1.31350195170329e-06,2.08893818434082e-06,-1.02988202915446e-15,1.9901260880665e-07,-4.14221748025446e-08,1.19324485486235e-06,7.28741746927261e-08,2.83926934521957e-06,-2.82697059430805e-07,4.13585340594161e-06,-8.35666800114575e-06,-3.07664969531449e-16,-3.91626081282055e-05,6.7561113038881e-07,-2.00104842740338e-06,-5.62706737597953e-05,4.66011156830343e-07,3.94409407200366e-08,-8.88178419700125e-16,1.55276437163506e-16,4.33241902709258e-08,5.53900846102907e-07,-7.4215168860397e-08,9.53570295419316e-06,-6.12766914278981e-14,6.17320144714074e-06,8.60670415440151e-08,1.6013830933536e-15,5.73098387978369e-15,2.87304297670042e-16,-3.86957272159925e-05,-1.17428785036686e-05,2.69372286180425e-05,-0.00229335894289249,-0.85496625851824,2.34880239829322e-05,-9.15573941717592e-06,-7.3075706062084e-15,-7.38684472948855e-07,1.71253891592254e-06,4.99804139560238e-15,-4.83538346286951e-15,-6.55163855402036e-07,-3.6368005344325e-09,-3.22452481757849e-07,1.85259257978719e-05,2.76208459011172e-07,-1.16677097357723e-06,1.11959538218379e-15,-0.00507095258537914,3.3641749781516e-16,-1.14794629627151e-05,-1.95774386285708e-15,-2.59632949344507e-07,-1.19227280953906e-15,1.02218910429133e-06,2.66919412744619e-07,1.13549520264753e-06,0.000388660142080109,5.97790411088529e-07,-6.89683547550692e-08,4.26265724153597e-07,1.40178902609768e-07,7.5673721733279e-06,6.84979460765464e-07,1.33642811911457e-07,-3.61816503678096e-07,-6.72772258754097e-06,-5.33585208669835e-07,-1.62317805324163e-07,1.08237684543807e-16,1.47311665125758e-06,-2.47189037871285e-07,1.21495624903324e-07,-1.22918008571399e-16,2.39727695413696e-07,0.00375044423977521,1.53835669189554e-06,6.72039746363472e-16,-3.97035904909103e-07,-2.47705523179891e-06,1.48947521159322e-16,-2.93321759178257e-07,6.32903643510954e-07,-1.74412399136526e-16,5.98850418492167e-16,-2.28590839086274e-08,-1.36675881998962e-06,-7.73817444363334e-09,-1.06598777545303e-05,7.4491536455302e-05,7.24854063888654e-08,7.82649888372951e-07,6.38852171031382e-07,-2.53645740252182e-05,1.32218454934607e-15,2.88588496798419e-09,2.21903157937749e-08,6.10982414812409e-08,5.70067307965924e-06,8.71630615153372e-17,-1.92611659388515e-16,1.86738803532877e-06,1.92075241583648e-16,6.23069289891713e-16,7.78075836579157e-07,-1.14231609986243e-06,-2.13857558001036e-07,-1.26349457964993e-07,5.45848311311502e-06,1.42584670949156e-06,4.41614962599789e-07,-3.57524726461708e-16,1.02135415814219e-06,4.783546165493e-08,2.19749940817736e-07,-1.99823675154078e-07,8.06467472485505e-07,-3.25381473666302e-16,-1.0515835011812e-15,2.83771912513502e-15,-8.3629598507129e-07,-3.81228772479426e-08,-6.50858449286297e-05,-5.68317335553191e-17,-3.09552689317192e-08,3.85727740521478e-16,-1.95354656338006e-15,0.000157373757471712,-0.258145807606653,4.10977675502355e-15,2.93719289090244e-06,5.54942770753356e-08,1.07082968499092e-14,7.66601829686797e-09,7.3263136124654e-15,2.61988645906081e-07,-5.24176185775621e-17,2.74338049682032e-07,2.20946765589308e-07,8.28739441601811e-09,9.0733020902601e-08,6.7740728167809e-07,-3.70447051188519e-08,3.42719162129875e-05,3.26720506236332e-16,8.33979371205352e-07,-4.73543054041596e-08,-2.7996382201324e-16,-6.28462934606621e-09,-1.29592244273674e-07,3.03856873780845e-08,9.70026931994275e-16,9.97491634942461e-08,1.3240184806533e-07,-6.95824243383006e-16,-5.92601946504157e-06,-8.16188809941938e-07,-3.84954746257885e-09,2.49002856126716e-16,8.00508252132702e-17,6.947398921232e-08,2.36859988583415e-07,1.91707136760023e-08,-2.7855489518128e-08,1.4081158452317e-07,1.6703833740235e-16,2.85884159619077e-16,5.13937098853097e-07,3.54240067291954e-09,-4.40067676007367e-16,1.24123130051037e-06,-4.49817130296907e-17,5.78241797683537e-08,-2.37052479789061e-07,-1.38493404076499e-07,-9.17784091810913e-07,-4.52459569218272e-17,-3.97684658874981e-17,3.73561433205179e-16,-5.05328085328603e-17,-6.61969725854672e-09,-2.29529701490015e-08,2.85718371523911e-16,4.03487308718947e-16,-4.00163448334023e-16,3.22615996293945e-08,2.8973851102402e-10,-1.59248841815047e-08,1.19196935693774e-16,1.9419416161931e-16,8.22611293319064e-16,-6.7862979212295e-07,2.07611977156136e-08,-3.30353312815252e-16,3.63251777164602e-09,-9.49168133557373e-08,-7.2164308866771e-17,-3.0925015927571e-16,-7.25029760297299e-07,-6.6993885277449e-10,-3.58495401737938e-07,-4.00376449717079e-18,3.63061084744947e-08,1.52064031373226e-05,1.62733654325953e-05,-5.68559275072618e-07,-1.38046622569646e-07,2.24386745446028e-09,-6.20569417195776e-17,3.25502445398404e-16,-1.32437148609852e-16,4.22990780373962e-08,-3.82932870894376e-08,-1.59652435959427e-07,-1.12823603200901e-08,-5.84259338756807e-17,-1.29721688323236e-16,-2.49226433583206e-16,1.44542988986569e-16,5.44571867678021e-17,5.3558791220685e-08,4.13061199585168e-17,9.02115067161859e-16,-9.57687237667977e-08,1.59044015155332e-16,-8.57199097766767e-08,4.46025213619577e-17,-1.06253869433217e-07,8.17541731194468e-17,-1.28265774847712e-07,-1.60420072828088e-08,-1.32153943205922e-07,-5.81381774965196e-18,5.1426948315646e-07,1.34677248861458e-16,0.000210687311546895,-1.15153035157846e-07,6.3745326665241e-10,5.20160016079055e-16,1.03379839720255e-06,-1.31668059193483e-16,-0.00314585301745969,-8.03475736472056e-08,-4.1063527441543e-16,2.18530922734745e-17,-5.03770678866274e-17,1.96378726958744e-16,-4.60632363800799e-09,-6.01951421878111e-08,-1.34731696568952e-08,9.85694527750365e-17,-6.43917699953155e-17,-1.29194804574449e-08,1.05385167522686e-07,-1.39276805388742e-16,-2.09094422817644e-16,-6.14322718646967e-08,9.55926330948427e-18,-4.35060143308222e-07,3.71875466353352e-16,3.70958768129567e-07,6.67904445157136e-17,4.32211626691699e-17,-7.15745001187634e-17,-1.21620801878059e-16,7.3665782180883e-17,2.3623702368685e-16,7.09848497597707e-09,-4.96422627262081e-08,-2.5244293368292e-17,-3.29918282449929e-08,3.54364372065312e-05,7.85091847720245e-17,-6.74034901829375e-17,2.44225146373329e-17,-5.11080040783255e-16,1.35416669798934e-07,2.16444025594091e-08,-8.3089965594148e-17,9.24944786402375e-17,-6.30696655308991e-06,-7.92416960436725e-08,-1.2001070817893e-09,5.32629327203282e-17,-8.19535559141883e-18,-4.60769690343884e-17,-3.5512817802964e-16,3.3404529135037e-17,9.62904958469812e-17,5.14204066945158e-07,-4.86065296062804e-07,-9.34089585558938e-08,-5.41130639198078e-17,1.0849664283413e-16,-9.18474867277742e-17,7.19286201936746e-16,1.48159173737396e-16,3.3416666778157e-16,5.35661991000635e-17,-5.47090367773509e-17,5.99572960285726e-17,6.09121431648491e-18,-1.69348620275957e-16,-1.65197819275025e-16,7.98051471455863e-17,1.15926563929103e-17,4.59660912574732e-09,-6.56239676814376e-17,1.0754765572618e-16,2.23984868002231e-17,6.49792124632137e-08,-8.63306099495581e-09,3.80341389148344e-17,-1.67618036143102e-09,5.92562040631364e-08,6.23553765381438e-17,2.82709178911894e-16,-1.14027932374924e-07,-3.0022004746519e-16,1.45235297181067e-09,7.41780314545741e-17,-7.09982226796279e-17,5.67635941000664e-17,-9.46933271650538e-17,1.56108177144584e-08,-1.94332668538499e-07,-2.83321614430359e-16,-1.87216097091884e-16,6.10607335251858e-17,3.62754954361835e-16,3.69170839731314e-17,-2.65209151496432e-17,-4.79554100506484e-17,2.273383214161e-19,2.30674791501947e-09,-1.05330945001968e-16,6.53672964527824e-18,-1.01331059714422e-16,1.11849249089544e-17,1.11356200626736e-16,-2.43858158251227e-17,-8.00734934416865e-07,-2.78046362885728e-17,7.30692621849293e-17,3.38085404296257e-08,2.73533743011402e-17,7.89913342728436e-17,6.00824645797162e-17,-1.87913638872672e-16,2.8016578369562e-08,-3.33259508844488e-17,-2.27580387169699e-07,6.43997765742414e-17,-1.36446566995764e-16,-3.8545033381958e-16,5.58152360593221e-17,-7.23806933910697e-17,2.63381382609417e-16,8.20383201335759e-09,-2.0658532393685e-16,-3.92054350510911e-17,4.19736234773014e-09,-1.02217877279805e-06,8.24215576191162e-17,1.14450984500146e-06,1.04653739560288e-07,-1.38659211963717e-16,-2.52778778506168e-16,4.53097128874481e-17,8.28889341559715e-17,-5.67246677132418e-17,-1.74538436461825e-07,-1.11896271367695e-16,1.69948873818621e-16,1.19794298869605e-16,6.97496171849734e-08,5.22547179916136e-17,-1.60283538100459e-17,-7.23121267708643e-17,2.85819735911316e-17,-3.17026175089894e-08,-8.98693526305287e-17,8.65832080280018e-10,3.09872771694058e-19,8.34574434351963e-17,-1.14389354091559e-16,-1.17622259859886e-16,5.76415296684572e-18,2.27162061912694e-16,1.26051572688518e-17,-1.49657687972484e-08,-1.27581165746885e-16,-1.46837355101485e-16,6.28593642226681e-09,1.29980770809348e-16,-4.99305965756213e-17,1.91453973036446e-16,-7.13097874044644e-17,-7.53862681520843e-18,9.60791192996858e-18,-4.54374071167496e-08,6.40745632358588e-18,-2.55332506711234e-16,1.35125808246113e-08,3.08008640320448e-17,-2.42848362283128e-17,-5.31980826503705e-17,-2.59523537662266e-17,-1.37958852660306e-16,-2.41482893743837e-17,5.8778939744987e-17,2.24461779334478e-16,3.3947499726268e-17,2.18479269701494e-17,3.40536655275414e-17,-7.05611268255464e-09,2.33854466308807e-08,4.09505921884315e-17,9.88056165306765e-17,-1.65453089736456e-17,-8.02927557768715e-17,3.84349670146111e-17,4.95043240239454e-17,7.23386096173359e-17,1.91452158768433e-16,-5.61559387874751e-07,-2.4198322047582e-17,3.14219445991401e-17,-6.27760199649663e-17,5.48574219207649e-17,2.58129015773865e-09,5.31390514618757e-17,-4.08242962370987e-10,-1.20449558594338e-19,1.34019730898078e-16,6.40662082305496e-17,6.14460412688722e-17,1.00465800055018e-17,1.78653089292258e-16,4.62756881727052e-18,-1.85837203400995e-16,7.05361165369229e-17,-1.23482829603238e-16,-1.56613494063581e-16,-1.90919502116645e-16,9.26844208345568e-17,1.97686991028913e-18,5.68382091495495e-17,2.51300316403001e-16,3.68236546612584e-17,1.02019364987353e-16,5.00009281438089e-17,-1.36551020025457e-16,1.60570341745103e-16,6.32749448018864e-17,1.58308862902708e-16,6.19320179866075e-18,-5.23297930565467e-17,2.11538365098979e-09,5.40160211100628e-17,-1.45397177659407e-16,-1.10571169235528e-16,-1.22006464429131e-16,1.90860963554742e-16,2.06883152795134e-17,-5.79855627461093e-17,-7.6163683830913e-17,1.2977064437399e-16,6.56418562747345e-17,-2.35759762406973e-16,9.02654026379946e-17,1.1287950038471e-16,1.02962913368307e-17,1.54618740507064e-17,-1.89875024313817e-16,-1.01910119268723e-16,-2.70575938794964e-08,1.73490554899242e-16,-1.87786893709739e-17,5.6565279969697e-17,1.25806529135387e-16,-1.38014902927786e-16,-1.29780062053105e-16,-3.58074031704389e-18,3.56169543609475e-18,1.16753662469777e-16,9.10889546737176e-09,1.50666978117573e-16,5.03571265001317e-17,-2.09147422560194e-17,-1.70916658503689e-16,-2.80693849301219e-17,-3.81856642179829e-17,2.50710278498439e-17,6.96627526769568e-17,8.44641233841081e-17,-1.19100260960422e-16,-1.83721834980212e-16,-1.16816069301244e-16,-4.15086808821116e-17,2.85733892459519e-08,-1.01138137219783e-16,-1.49393802176604e-17,-1.54968650951588e-16,-3.82506526452886e-16,-7.81313346374653e-09,2.91056955939825e-17,4.47172614771351e-17,-1.68257140750205e-16,5.4227479109003e-17,-2.28184704564718e-16,4.41716080273921e-18,1.77623806930237e-16,7.17136220325333e-17,1.08586407163081e-16,5.91779687830272e-17,5.43170378979769e-17,-2.76577973937886e-17,-1.24865687772296e-16,-4.63992003282329e-17,9.26322724437153e-19,6.7226756183773e-17,-2.5088072553582e-16
"t448",0.0264612205215021,-0.00247414630370315,-0.00218752761093943,-0.000345085249355186,-0.0115010834814616,0.0981183132712398,0.0167282879386648,0.000107056711446723,0.0254053865126438,-0.0193330863710667,-0.00353960539916927,0.00254196149581782,-0.00485598376145505,-0.00100695573300539,-0.0256652080310642,0.000556315738124614,0.00038961420151181,-8.0241409344446e-05,0.00300489061406066,0.000451320664218752,-9.75056299925133e-05,7.10898878318447e-06,0.000840516965761768,-0.000172254235175304,3.51091640208663e-05,-0.147747224621238,-0.0101171821400031,0.000651578456417981,-0.00288468632417414,0.00542518505317302,0.000147978058749579,-0.00559758089955096,-0.000295827593523867,0.00262992455632239,-0.000274480730900346,-0.000259771617317341,-4.6989447546946e-05,0.00248256069146007,0.00051984705588847,0.000133355582936236,0.00041109366014052,-0.00074605828915521,3.55967482361835e-05,-0.000606065788160644,0.000135657942152953,-3.03874408050024e-05,5.80483474313475e-06,-8.73949090755349e-05,0.00125978786860913,-0.0025880008956689,0.000169844921016039,-0.000171224150018561,3.31801550113635e-06,-8.08548808200085e-05,0.00254962315412892,-0.131720971357217,-2.57520641311095e-05,8.445141946791e-05,-0.000277159355355448,-2.13981500042011e-06,-4.14246101842742e-06,7.1443172029859e-05,-0.000186698236598321,0.000144588864784985,-0.000159560865982255,5.28739133121338e-05,-0.000101356531710369,0.23644336062563,0.00239416564962515,-0.0596207082285332,3.22996883012229e-06,-9.98032168755413e-06,0.0939145226705256,-1.59271289863832e-06,4.32300920999359e-07,9.85822398383589e-11,6.60471165777438e-07,-1.7002931228843e-07,-1.77567794017802e-05,-0.000374425219660218,2.874645410481e-06,0.000291828229666644,-3.65748281972697e-05,-1.70009632616526e-05,2.30713052262532e-05,7.38902468702194e-05,-1.34893314169743e-05,-2.46913924903717e-05,-4.91982188749078e-07,1.92479434999639e-05,-5.15544915373913e-05,1.28424642601224e-06,0.115493179813433,0.000103542105805582,1.48974576204704e-06,5.59206603970329e-06,6.52279575787582e-07,-2.2744602473998e-06,2.14166151010929e-05,2.82508598339487e-05,0.000182050909268647,5.67487528536873e-10,5.95827374246016e-06,1.22403848506784e-05,-7.29056938122714e-06,2.11177063509467e-06,-0.00310857842702408,-8.85709965831674e-06,0.000149630238761358,-1.89933295781418e-07,-5.06307729042987e-06,-3.53254691963495e-06,9.73448936969646e-07,3.30777252802712e-07,-1.52988450549131e-07,8.95522139596155e-07,-1.66736169719052e-05,2.52528543988477e-05,-0.000220946960277902,1.47257566558439e-05,-9.72920619983891e-06,4.35230606751144e-05,-0.00247412646355051,-0.0105596224036371,-4.18894042198662e-05,5.27910295776953e-05,-5.03053619707247e-06,2.93682488246338e-05,-1.24026359824995e-05,-0.000422682154083681,-2.66150233559629e-06,7.75137179282193e-06,3.86490924966206e-07,-5.60941245730431e-06,-4.08160670606774e-08,-9.45490616288588e-06,4.12406600344354e-06,4.56997266102425e-06,-6.78144375263329e-05,0.000242749572317109,-3.84341928055263e-06,-3.89976573494856e-08,-7.97602612782698e-05,9.34040678020457e-05,-1.29741099556715e-07,7.1203913171201e-08,1.69453097343618e-07,-3.41300607717888e-07,-2.02587698401127e-08,0.00189886112760926,-1.11705737865675e-07,-7.11711498378321e-09,1.62649008486113e-09,-8.94720293177993e-08,-9.67555567008743e-09,-1.58923357053912e-08,2.62330096922264e-07,-2.55189597640388e-07,-1.08681081597604e-07,-3.46671284061939e-08,-1.25665534303915e-07,1.67661260248983e-08,-3.08320468114209e-08,-2.69566664120206e-08,-9.96302483750875e-08,1.74341567105741e-07,-1.38817885584571e-05,-2.5105711166184e-07,-1.26654034168572e-05,-1.59210339739688e-06,3.64107150425536e-06,6.70068299029087e-07,-1.6927953243437e-07,-8.04644227580271e-06,-8.44561031135788e-06,-0.447589818708179,1.51173732418896e-06,-3.40894943491837e-06,-1.8214526299761e-05,-8.34789080563058e-06,3.14274741845334e-05,7.14084228395597e-06,-1.40106305166846e-06,-5.24444873633544e-09,-1.49609417359326e-07,-3.53603705710942e-08,-5.89350061312117e-05,1.18347203801979e-05,5.28426415740915e-05,-4.81152174422651e-06,-1.32370225894772e-06,2.50199448604051e-06,0.00044946984030222,1.14821324948001e-09,1.131614810606e-07,-1.96385415834807e-06,-3.60174146459754e-06,-2.0694141701485e-07,2.10770531498066e-06,8.52658615913911e-07,8.47393203804567e-07,1.17745943549725e-05,-2.32896879103395e-08,-3.41730404927116e-07,-5.85832739936989e-06,-2.4626294267999e-06,3.73776703641488e-06,1.67928345386941e-06,-2.72778838182478e-05,-1.5618796483573e-08,-0.000107669963246737,1.53106349186624e-06,-6.99626060521247e-06,-1.14544685640565e-05,-6.59996411425724e-08,-4.72311343248048e-07,1.2505501457695e-07,7.89791387154429e-08,-1.79909718551395e-06,-0.000318877625905363,-3.67262108656257e-06,5.08880182761327e-06,1.1772723582256e-06,5.43350284631442e-06,-0.00435991668543663,1.13095377217288e-06,9.04103860225855e-05,-1.94984631236196e-07,-4.63974172248927e-06,-4.19172653405281e-06,1.11251772476033e-06,2.63572260658098e-07,3.38773662869464e-06,0.00311428405614828,-1.03482663280022e-07,-2.28305917404705e-08,-0.000331006410543431,-2.65266539180956e-17,-8.24754548650966e-08,1.19992781260616e-06,-2.5937048867563e-07,-7.00360214676521e-07,-0.000309223824415754,-4.26698719708041e-08,-2.70526853730019e-06,7.25515959259556e-07,-1.37537934869039e-07,9.02112998864014e-09,-1.7896179173334e-07,2.06645543615886e-05,-5.38233150117706e-08,5.73780278288522e-06,-4.32207131236134e-06,1.93039768519594e-08,-1.25700797893365e-09,5.95683027541593e-08,-5.54339926910615e-08,8.71675711400091e-07,2.17600601153332e-06,-4.1229999893561e-07,8.00333163291429e-07,-1.48368525705726e-06,1.69007188797379e-05,-1.01454831231752e-06,1.04611200665567e-06,-3.54204650882302e-07,6.67659883962634e-09,2.74407217283077e-05,-4.4175156195713e-07,4.20090026079087e-07,1.37515128160154e-08,-3.59781573804138e-07,3.62097098512214e-07,-4.3597596772045e-07,6.91881968453377e-07,-1.34281643989797e-06,1.06147144171781e-06,-7.99847931746016e-08,0.000427472856640831,-3.37139994211669e-08,2.04602424692234e-06,-2.30416201938758e-16,-5.95763206712367e-06,-2.05567006241683e-07,-2.34079374411621e-11,-2.08023497074233e-07,9.97261510783174e-06,-3.14278225430465e-07,-5.43686637262241e-08,6.4017270701556e-09,-2.95370538886412e-07,1.75560345597212e-05,3.91103286902291e-07,-3.04116481812549e-08,4.54031318299776e-06,-5.49537113411773e-06,1.51620537951959e-06,-2.74309642252254e-06,3.95179344751004e-07,1.61681224785486e-07,1.06587619275612e-08,7.17036789881471e-06,-6.27569839091982e-06,3.71018141132785e-08,-0.00768124464548614,-1.90919948900556e-07,9.83125976633535e-08,2.55931034020973e-05,7.85881416660637e-07,4.14656618045792e-07,-1.35604890871847e-07,-0.000363477817522976,9.27189297972089e-08,-4.45824734399461e-07,1.27848081350197e-07,1.21014774384592e-06,-2.41402621316626e-06,-2.85036509575739e-17,7.90670538063625e-09,4.22201509574318e-07,-3.95360503164036e-08,2.30902843255926e-06,2.5727270527318e-08,6.09518783064331e-07,1.44877643201071e-06,-1.97180633962612e-06,0.000609645327887217,2.15503349655531e-17,-4.98737724802921e-06,-4.04700472748329e-09,-1.74283109322326e-07,7.26633086161877e-08,3.92160565890148e-05,-9.04049795659588e-08,-3.48266297793839e-06,9.31146662796846e-07,-3.8987658657223e-07,5.87759893307292e-06,-7.93266142643324e-08,-2.16054987826484e-06,-1.0062181232186e-08,-1.42548666029777e-09,-2.15128999165202e-06,1.13680495565224e-07,-2.33282399056404e-06,1.79256778073196e-17,-6.00675612338399e-07,4.71731391036212e-08,1.35951075482641e-09,1.19676597169572e-08,-4.41696660965895e-06,-9.09322473630999e-06,4.06835497509598e-07,-1.47990703917369e-06,-6.89726059471961e-05,9.36703825167741e-17,-1.49616173107852e-06,-5.19963158600334e-08,-1.88296248319241e-06,1.81626679922907e-14,5.72470554745049e-06,4.48503850161654e-07,-6.85284459698467e-08,-2.88823354191797e-06,-9.59769834287219e-07,-5.11368286583959e-07,-1.62205941790936e-06,5.11480297082023e-07,3.61890023138001e-07,2.00206112627807e-08,1.1105737411969e-06,1.41522408514373e-07,7.67654781553058e-17,-5.70941025860683e-08,5.84857595860305e-05,8.88609310622495e-07,-1.34808457095599e-06,5.01991812296222e-17,-1.15961373970928e-07,2.14926195129497e-08,-5.87295631957203e-07,-3.49899950679161e-08,-1.32316820651995e-06,1.24586875229206e-07,-1.66220097624907e-06,2.64514432476136e-06,-1.82550738296091e-16,9.85526754290927e-06,-1.66468832141578e-07,4.71491066584908e-07,1.24406720242173e-05,-1.02517708547549e-07,-8.51832136403515e-09,2.07299455379228e-16,-6.70322239229078e-17,-8.38547135754673e-09,-9.6901987016626e-08,1.28157373144505e-08,-1.49473583457299e-06,7.81585795147902e-15,-7.64743896653522e-07,-9.47636811706154e-09,9.01260412886946e-17,-2.29548417707674e-16,4.7223104272593e-18,2.7046363818205e-06,7.64040589460561e-07,-1.31622663810304e-06,8.18212967832827e-05,0.0292095908971609,-4.85864666950819e-07,1.75462926837957e-07,1.29345990990062e-16,-4.79755153851922e-09,2.5830573395733e-08,1.09462806995228e-16,2.70575441779667e-16,-3.05817426709572e-08,-1.95800574698146e-10,-2.03702980117086e-08,1.28329442819146e-06,2.22642491695262e-08,-9.61376893040362e-08,2.37409814501437e-16,-0.000430143870134396,-1.74620900960646e-16,-1.05269949501681e-06,-3.12765221707756e-16,-2.50967165224449e-08,2.05309855632237e-16,1.05125125027886e-07,2.77798576157187e-08,1.36114848281592e-07,4.78516787899857e-05,7.44033642464015e-08,-8.98192502565921e-09,5.76038855663538e-08,2.04889070921344e-08,1.10679016333362e-06,1.02437726663258e-07,2.07760394398446e-08,-5.90287692341104e-08,-1.13978554711989e-06,-9.29673246830512e-08,-2.86592783994519e-08,-8.22990721407188e-17,2.7050472569311e-07,-4.70186058663623e-08,2.52432581851132e-08,-1.87178738508337e-16,5.09578077030525e-08,0.000823461178507036,3.42231317678774e-07,-1.34853027257422e-16,-8.89119768161873e-08,-5.68873997060736e-07,-2.1964978733711e-16,-6.81671461803598e-08,1.56862943745535e-07,-1.45651515755218e-16,-1.01621742778397e-16,-5.79283650163356e-09,-3.47022571547275e-07,-1.98215622169318e-09,-2.75808797025829e-06,1.96902688892783e-05,1.91938454654306e-08,2.0775616092219e-07,1.73927645950851e-07,-7.0336631098071e-06,6.89769422135278e-16,8.05420819075912e-10,6.19974666365417e-09,1.71335435151131e-08,1.60552488274978e-06,-6.7899191190011e-17,-9.26981833951985e-17,5.28907199621842e-07,9.28080568395746e-17,-2.71561099186358e-17,2.26700321225482e-07,-3.33989993085996e-07,-6.25318794055862e-08,-3.71647953847615e-08,1.60656137869861e-06,4.19713166662405e-07,1.30092240607833e-07,-1.10616997386177e-16,3.01280951436529e-07,1.40879034495022e-08,6.46721192985564e-08,-5.85141122006135e-08,2.32178004028893e-07,1.47314004102519e-16,2.24568805770614e-16,7.67109971945119e-16,-2.28399543709989e-07,-9.99765426126224e-09,-1.70046904645255e-05,3.98231579153571e-16,-7.62528781533197e-09,1.05075415484992e-15,-3.52181422174966e-16,3.98528775049289e-06,-0.00461894404047115,6.08237418764368e-17,-6.53078686447409e-07,-3.17364491416914e-08,-1.14216917308613e-15,7.43543192629929e-08,2.08013708349985e-14,2.97601384634552e-07,-2.99949192732483e-16,2.97164098708386e-07,2.31476161920036e-07,8.38733754939469e-09,8.79288400339798e-08,6.05126290848278e-07,-2.73934699259034e-08,2.2333681801366e-05,-6.72982856077287e-17,5.0481400453981e-07,-2.85193056604542e-08,-4.84344730212609e-16,-3.76174387582016e-09,-7.68218360672708e-08,1.78819567267303e-08,-5.88485599947348e-16,5.77162213745003e-08,7.64397442555843e-08,3.42894143138537e-16,-3.41279036919711e-06,-4.69551696618034e-07,-2.20810723165544e-09,9.90866310875932e-17,1.90550809369351e-16,3.97599596586844e-08,1.35638536806877e-07,1.09806200162292e-08,-1.61313384782426e-08,8.17669009554866e-08,4.670684732125e-17,-3.16048981362547e-16,2.99032276672611e-07,2.06166910505532e-09,-1.4477789506434e-16,7.2501306591699e-07,-7.84025721101852e-17,3.39025020324083e-08,-1.39755715542237e-07,-8.16830770083434e-08,-5.42190393251979e-07,-3.77313326960354e-16,2.85516581382742e-17,-1.30204840287557e-16,-2.71134824981209e-16,-3.97430111234628e-09,-1.38002680651504e-08,3.09480168870587e-16,7.55085353715654e-16,1.21936014527546e-16,1.95012380472701e-08,1.75557993870328e-10,-9.71436848927523e-09,-6.71998666577072e-17,1.15313032560127e-15,-5.49067085200972e-16,-4.24650096721317e-07,1.30036374993235e-08,-3.17655949195768e-18,2.30082982951003e-09,-6.0405455545136e-08,-1.13553520468091e-16,4.91053366883989e-16,-4.66841485774203e-07,-4.31786951382956e-10,-2.32748067943113e-07,-2.68446392239206e-16,2.38768558220988e-08,1.00758871703131e-05,1.09020326203415e-05,-3.87086792099131e-07,-9.44153237063784e-08,1.54831962170013e-09,-7.11696543831233e-17,3.88559558639823e-16,-1.03398922825346e-15,3.09861023411952e-08,-2.80816861772467e-08,-1.18149520288756e-07,-8.80503055268677e-09,6.7515187861304e-16,1.16524920780455e-16,-9.05403708284441e-16,1.03229568240721e-15,2.82558345668618e-15,4.49900687683545e-08,7.68418128197242e-16,-2.09294456746834e-15,-8.34186960997514e-08,1.61327095840781e-15,-7.48218361815246e-08,-4.79133075735939e-16,-9.30754485191807e-08,-4.0807366648994e-16,-1.21700637291465e-07,-1.55731362088334e-08,-1.33356223822647e-07,-7.47769927282078e-17,5.48447192997168e-07,-2.9595712513288e-16,0.00026498118572836,-2.18974072413144e-07,1.24755085946614e-09,7.95931469294958e-15,2.92324088520987e-06,-6.10349099736971e-15,-0.404929719352446,5.93678965715466e-06,-5.42803004201309e-14,1.08923241280819e-15,-1.87459559152634e-16,7.67447943468549e-15,9.84001420644688e-09,9.55793250881493e-08,1.58562098727714e-08,-1.45653966628212e-15,1.5269559033071e-15,4.43965215521428e-09,-3.42113034490152e-08,1.83666869691388e-15,1.12449598908108e-15,-3.98738993122695e-10,1.48624091231257e-15,-2.09648882800155e-08,-4.5452657741918e-15,5.2347898156129e-08,-4.83857066275782e-16,2.54450553422289e-16,7.36971810248683e-16,-8.5468479981127e-15,-1.59760294176239e-15,-2.90225371385021e-16,1.82973809981357e-09,-1.28525444388975e-08,-1.16411675740834e-15,-9.4601322294087e-09,1.05289135148503e-05,-6.59117126510683e-16,-1.05015260757154e-15,5.97496807160591e-16,-3.9028774591725e-16,4.53995427634537e-08,7.42174232572482e-09,3.79311997224148e-15,2.31388030550428e-16,-2.21336492931609e-06,-2.78893791125591e-08,-4.26420790657262e-10,-7.62524005423568e-16,-1.29476037793141e-15,7.33511846765229e-16,9.78154395050382e-15,8.60213247683103e-15,-2.60488298689491e-14,2.05952708850935e-07,-1.96383601454659e-07,-3.80552633209115e-08,1.74853841106757e-14,2.28821434053867e-14,-2.81405895221417e-13,-0.707106781186548,-3.32041850381853e-13,1.7808508156918e-13,-2.51025556853948e-14,-2.68119914666541e-15,-2.05906638117961e-15,-4.50919862169955e-15,-2.68734330253691e-15,4.14362089367345e-16,-6.93187052011275e-15,-1.2410409987931e-14,2.08269879404602e-09,6.66475617944543e-15,7.82648115689927e-15,3.64558550196438e-16,2.97575367512876e-08,-3.96296664193116e-09,-5.27809457947427e-16,-7.70566192300618e-10,2.75726073613087e-08,2.14274886897432e-15,2.95825433283242e-17,-5.38088065119355e-08,-1.79627384101501e-15,6.96295864763922e-10,-1.26447149754622e-15,-1.49301047225525e-16,-8.18259499358123e-16,4.24596196242223e-16,7.65395109363552e-09,-9.54165457882829e-08,3.02649229832283e-15,9.56649961880377e-16,7.75759350269738e-16,-1.38569165829132e-15,-4.86210464251124e-16,-1.37691682117078e-15,9.21209746974625e-16,-5.56695508185724e-16,1.20387025138613e-09,3.13842704695183e-16,-5.23441033533805e-16,6.48334185241985e-17,1.362284002504e-16,4.36255155158479e-16,-5.96269382538317e-16,-4.2239974935122e-07,-9.76338806556751e-17,-8.97851513808561e-16,1.78684817022182e-08,2.58587633826705e-16,-1.24050578629818e-16,-9.77477141594804e-16,3.03857786826578e-16,1.51198450906519e-08,5.16275325856502e-17,-1.23248516894609e-07,-2.02330344494284e-16,1.80737515864684e-15,3.28027307105368e-16,1.58881209817512e-15,-3.41395040461001e-16,-1.73462503184653e-17,4.47365172238219e-09,-2.06986782799654e-16,3.68484820708947e-16,2.30061964632722e-09,-5.60409713758288e-07,-1.30775720130944e-16,6.30172050846953e-07,5.76990690696047e-08,-2.91503832829267e-16,-3.10548252841092e-16,-7.77156918107775e-16,-4.52195403912106e-16,-3.60681009806356e-16,-9.80243521165944e-08,-1.11198301589483e-16,6.48266909619524e-16,6.11602584023959e-17,3.93481035520029e-08,-7.21745962348464e-16,5.21919824513529e-16,-3.1162836497825e-16,3.17895089032532e-16,-1.79874537750164e-08,5.0903164974571e-17,4.92109901498718e-10,3.3233910875147e-16,5.51726130698878e-16,3.9783408568047e-16,-8.89684772290544e-17,-1.73173347195672e-16,2.39322303250106e-16,-1.64114123526366e-19,-8.58227099482527e-09,-2.95801126352017e-16,-2.0414887174616e-16,3.61248292730287e-09,-6.5003786766225e-16,3.79007510078026e-16,-7.87096213283278e-16,5.05292901659557e-16,6.45619134501256e-16,7.60263795077545e-17,-2.62851415782309e-08,4.86413152402025e-16,2.92915897401521e-16,7.83942895825249e-09,-4.97679187151148e-16,2.42436231359388e-16,2.67369187420436e-16,3.16950358414037e-16,9.05640731909406e-16,-3.69518319588067e-17,-6.04935635912441e-17,-1.97663562576641e-16,-7.19295236416785e-17,-5.04453685991152e-16,2.55156967011147e-16,-4.13584778580544e-09,1.3723462494049e-08,3.24852721965367e-17,-9.37539834018884e-17,2.71650759863265e-16,-5.68705583184606e-16,4.4278816724308e-16,5.03592945506177e-16,-1.04432708068083e-16,-9.02139416864644e-17,-3.31566924742869e-07,-5.16271457595065e-16,-1.89827376741475e-16,-7.19453043598221e-17,-2.9498555842937e-16,1.53181240918735e-09,8.88332050230097e-17,-2.43609573509596e-10,1.07377649552567e-16,2.75440492921427e-16,1.79782438362918e-16,3.25966937964099e-17,1.13588006727191e-16,3.1139349853982e-16,1.63686432550669e-16,-2.06078144818112e-16,-2.08243180035976e-16,6.91303928464209e-17,-4.41275897087052e-16,2.87084024725976e-16,-5.56836780492078e-17,-1.2043568615673e-16,9.51049303819784e-18,6.02296719516406e-16,-9.60863942181646e-17,5.07489179693556e-17,-1.33888053284946e-16,3.03979838646615e-16,6.657001339061e-17,2.52373152725512e-16,1.10571875846812e-16,-1.61079129194285e-16,4.9322911664611e-17,1.28670909184309e-09,2.35444578189522e-16,-3.31864459071538e-16,-8.12441857935195e-17,9.38914128049833e-17,-1.48845333667585e-16,-7.04045078917717e-18,1.13134655120679e-16,1.1961489938575e-16,-2.2384132307918e-16,-1.9302564267208e-16,-6.32631967645292e-17,-2.93390785056613e-16,1.86045560476985e-16,-2.93091321869709e-16,-5.99310847864081e-18,1.961196022785e-16,2.69193384035399e-20,-1.66560303432576e-08,-2.29523622652901e-17,4.34227854224485e-16,1.39488258071029e-16,2.44201358919473e-16,1.38206420082336e-16,4.69454916939737e-16,1.32005412677158e-16,-3.73872621976814e-16,-3.43653324806859e-18,5.67274715975387e-09,5.09105769583362e-16,-1.47137080638812e-16,-1.27904113758217e-16,-4.57472748041413e-17,-2.83914684760579e-16,-7.45885780614063e-17,4.41445247374949e-17,-1.46768996430232e-16,-1.95319278152904e-16,1.69877856857075e-17,-7.18803973581506e-17,5.31087977500298e-17,3.07099914582977e-16,1.79920010602758e-08,2.50053400109828e-16,-8.77880022567584e-17,7.24004192280343e-18,-6.16368935058009e-16,-4.94411504563698e-09,-3.5038375734894e-17,-6.14780060307819e-16,1.73405867052011e-16,1.56553535654435e-16,1.03718761290384e-16,1.53314458670195e-16,2.22641859285384e-17,3.43554774466908e-17,-4.75750538474403e-17,8.65481639543924e-18,2.81294914529017e-17,3.33088826394766e-16,3.73911616099469e-17,-1.19175879246525e-17,3.85729151478182e-17,5.79121852638094e-17,-1.84331291248204e-16
"t449",0.0264612205215021,-0.00247414630370315,-0.00218752761093943,-0.000345085249355186,-0.0115010834814616,0.0981183132712398,0.0167282879386647,0.000107056711446724,0.0254053865126438,-0.0193330863710667,-0.00353960539916926,0.00254196149581783,-0.00485598376145506,-0.00100695573300538,-0.0256652080310642,0.000556315738124616,0.000389614201511806,-8.02414093444526e-05,0.00300489061406065,0.000451320664218753,-9.75056299925045e-05,7.10898878318881e-06,0.000840516965761789,-0.0001722542351753,3.51091640208729e-05,-0.147747224621238,-0.010117182140003,0.000651578456418001,-0.00288468632417415,0.00542518505317303,0.000147978058749622,-0.00559758089955102,-0.000295827593523856,0.00262992455632237,-0.000274480730900327,-0.000259771617317368,-4.69894475469436e-05,0.00248256069146009,0.000519847055888518,0.000133355582936335,0.000411093660140536,-0.000746058289155237,3.55967482361772e-05,-0.00060606578816068,0.00013565794215294,-3.03874408049605e-05,5.80483474317808e-06,-8.73949090755273e-05,0.00125978786860915,-0.00258800089566889,0.000169844921016092,-0.000171224150018534,3.3180155011688e-06,-8.08548808200063e-05,0.00254962315412892,-0.131720971357217,-2.57520641311495e-05,8.44514194679935e-05,-0.000277159355355446,-2.13981500042778e-06,-4.14246101839618e-06,7.14431720297692e-05,-0.000186698236598292,0.000144588864785088,-0.000159560865982242,5.28739133121285e-05,-0.000101356531710406,0.23644336062563,0.00239416564962512,-0.0596207082285331,3.22996883009819e-06,-9.98032168763013e-06,0.0939145226705257,-1.59271289862339e-06,4.32300921061286e-07,9.85822355210154e-11,6.60471165778848e-07,-1.70029312233018e-07,-1.77567794018085e-05,-0.000374425219660227,2.87464541046478e-06,0.000291828229666657,-3.65748281972641e-05,-1.70009632616957e-05,2.30713052262334e-05,7.38902468702638e-05,-1.34893314168968e-05,-2.46913924903806e-05,-4.91982188719066e-07,1.92479434999882e-05,-5.15544915373698e-05,1.28424642601918e-06,0.115493179813433,0.00010354210580558,1.48974576207057e-06,5.59206603973593e-06,6.52279575806301e-07,-2.27446024737244e-06,2.14166151010574e-05,2.82508598339777e-05,0.000182050909268733,5.67487523646092e-10,5.95827374248998e-06,1.22403848506423e-05,-7.29056938122619e-06,2.11177063505709e-06,-0.00310857842702383,-8.85709965832828e-06,0.000149630238761397,-1.89933295801693e-07,-5.06307729042186e-06,-3.53254691963549e-06,9.73448936938082e-07,3.30777252861034e-07,-1.52988450558777e-07,8.95522139630855e-07,-1.66736169719113e-05,2.52528543988558e-05,-0.000220946960277876,1.47257566558539e-05,-9.72920619988436e-06,4.35230606751337e-05,-0.00247412646355053,-0.0105596224036371,-4.18894042197391e-05,5.27910295777127e-05,-5.0305361971887e-06,2.93682488246552e-05,-1.24026359825074e-05,-0.00042268215408371,-2.66150233559617e-06,7.75137179277556e-06,3.86490924988059e-07,-5.60941245730454e-06,-4.08160670250353e-08,-9.45490616282618e-06,4.12406600344366e-06,4.56997266103678e-06,-6.781443752634e-05,0.000242749572317135,-3.84341928055142e-06,-3.89976573690887e-08,-7.97602612782665e-05,9.34040678020139e-05,-1.2974109938157e-07,7.12039131898762e-08,1.69453097356213e-07,-3.41300607671788e-07,-2.02587698056211e-08,0.00189886112760924,-1.11705737829463e-07,-7.11711500892798e-09,1.62649017895971e-09,-8.94720293404183e-08,-9.67555564093951e-09,-1.58923357209413e-08,2.62330096912754e-07,-2.55189597659005e-07,-1.08681081607614e-07,-3.46671284216257e-08,-1.25665534356598e-07,1.67661260253347e-08,-3.08320467705466e-08,-2.69566663858829e-08,-9.9630248472159e-08,1.74341567134705e-07,-1.38817885584461e-05,-2.51057111748353e-07,-1.26654034168546e-05,-1.59210339741599e-06,3.64107150436332e-06,6.70068299012596e-07,-1.69279532557422e-07,-8.04644227585172e-06,-8.44561031136434e-06,-0.447589818708181,1.51173732427141e-06,-3.40894943494182e-06,-1.82145262997825e-05,-8.34789080579388e-06,3.14274741845242e-05,7.14084228402201e-06,-1.40106305176897e-06,-5.24444868067701e-09,-1.49609416975735e-07,-3.53603706993776e-08,-5.89350061312144e-05,1.18347203802393e-05,5.28426415741409e-05,-4.81152174433345e-06,-1.32370225892446e-06,2.5019944860476e-06,0.000449469840302253,1.1482132167156e-09,1.13161481109065e-07,-1.96385415831173e-06,-3.60174146460945e-06,-2.06941417154757e-07,2.10770531502237e-06,8.52658615798942e-07,8.47393203901717e-07,1.17745943549782e-05,-2.32896878228388e-08,-3.41730404919166e-07,-5.85832739940756e-06,-2.46262942670765e-06,3.73776703649291e-06,1.67928345409058e-06,-2.72778838182677e-05,-1.56187964928805e-08,-0.000107669963246745,1.53106349193908e-06,-6.99626060512236e-06,-1.14544685640739e-05,-6.59996412876015e-08,-4.72311343209157e-07,1.25055014546264e-07,7.89791385754387e-08,-1.79909718527865e-06,-0.000318877625905584,-3.67262108654082e-06,5.0888018275479e-06,1.17727235824022e-06,5.43350284626114e-06,-0.00435991668543668,1.13095377212576e-06,9.04103860225421e-05,-1.94984631173063e-07,-4.63974172238502e-06,-4.19172653412094e-06,1.11251772474808e-06,2.63572260579461e-07,3.38773662870493e-06,0.00311428405614813,-1.03482663283119e-07,-2.2830591922746e-08,-0.000331006410543285,-2.38224123893968e-17,-8.24754550373079e-08,1.19992781253634e-06,-2.59370488999478e-07,-7.00360214684352e-07,-0.000309223824415689,-4.2669871919015e-08,-2.70526853728268e-06,7.25515958754161e-07,-1.3753793512229e-07,9.02113003005626e-09,-1.78961791686074e-07,2.06645543616708e-05,-5.38233149773063e-08,5.7378027828408e-06,-4.32207131217083e-06,1.93039765145481e-08,-1.25700796998899e-09,5.956830265222e-08,-5.54339927766553e-08,8.71675711443044e-07,2.17600601158438e-06,-4.12299998875344e-07,8.00333163320016e-07,-1.48368525707073e-06,1.6900718879831e-05,-1.01454831220007e-06,1.04611200668977e-06,-3.54204650874227e-07,6.67659882152561e-09,2.74407217282616e-05,-4.41751561984805e-07,4.20090026125906e-07,1.37515127518889e-08,-3.59781573797156e-07,3.62097098467997e-07,-4.35975967476315e-07,6.91881968382216e-07,-1.3428164396746e-06,1.06147144166424e-06,-7.99847932520389e-08,0.000427472856640813,-3.37139993425046e-08,2.04602424681134e-06,-1.91712616851221e-16,-5.95763206695259e-06,-2.05567006301365e-07,-2.34079922179415e-11,-2.08023497097268e-07,9.97261510784985e-06,-3.14278225466656e-07,-5.43686636695116e-08,6.40172710751919e-09,-2.95370539049461e-07,1.75560345597257e-05,3.91103286836036e-07,-3.04116482082487e-08,4.54031318304766e-06,-5.49537113424074e-06,1.51620537961212e-06,-2.74309642290969e-06,3.95179344648655e-07,1.61681224810122e-07,1.06587620170929e-08,7.1703678988763e-06,-6.27569839087752e-06,3.71018141193742e-08,-0.00768124464548611,-1.90919948914086e-07,9.83125976711728e-08,2.55931034020934e-05,7.85881416622901e-07,4.146566181225e-07,-1.35604890763437e-07,-0.000363477817522858,9.27189298878993e-08,-4.45824734473857e-07,1.27848081376985e-07,1.21014774383284e-06,-2.41402621297139e-06,1.41805754495317e-16,7.90670523972334e-09,4.22201509409296e-07,-3.9536049926416e-08,2.30902843256488e-06,2.57272706539819e-08,6.09518782896489e-07,1.44877643203588e-06,-1.97180633952201e-06,0.00060964532788724,7.54385318674775e-17,-4.98737724801971e-06,-4.04700425394468e-09,-1.74283108929073e-07,7.26633085463389e-08,3.92160565889727e-05,-9.04049799597588e-08,-3.48266297789253e-06,9.31146662849115e-07,-3.89876586462141e-07,5.87759893295444e-06,-7.93266145506945e-08,-2.16054987797568e-06,-1.00621812617082e-08,-1.42548667677765e-09,-2.15128999185448e-06,1.13680495456921e-07,-2.33282399098439e-06,1.23604023229125e-16,-6.00675612282682e-07,4.71731390783593e-08,1.35951071963774e-09,1.19676594634522e-08,-4.41696660946149e-06,-9.09322473617382e-06,4.06835497548588e-07,-1.47990703911628e-06,-6.8972605946975e-05,-6.5925293166577e-17,-1.49616173182357e-06,-5.19963158620177e-08,-1.88296248308332e-06,1.81076784901627e-14,5.7247055474549e-06,4.48503850061997e-07,-6.85284458369085e-08,-2.8882335418438e-06,-9.59769834497483e-07,-5.11368286935712e-07,-1.62205941787384e-06,5.11480297221801e-07,3.61890023063006e-07,2.00206111943036e-08,1.11057374122729e-06,1.41522408832875e-07,-5.30454513264305e-17,-5.70941027540372e-08,5.84857595860871e-05,8.88609310916908e-07,-1.34808457082201e-06,-1.00042952707199e-16,-1.15961374045448e-07,2.1492619446705e-08,-5.87295632429387e-07,-3.49899951385139e-08,-1.32316820627764e-06,1.24586875706514e-07,-1.66220097639058e-06,2.64514432476735e-06,1.15157640988621e-16,9.8552675428125e-06,-1.6646883215654e-07,4.71491066585076e-07,1.24406720243538e-05,-1.02517708301182e-07,-8.51832147129559e-09,3.20923843055709e-17,-8.13460908562735e-17,-8.38547115780493e-09,-9.690198681861e-08,1.28157373477151e-08,-1.49473583426413e-06,7.68201509051047e-15,-7.64743896718098e-07,-9.47636813766443e-09,-2.74775398611655e-16,-7.58776148609316e-17,9.07467680685849e-17,2.70463638218917e-06,7.64040589329504e-07,-1.31622663838321e-06,8.18212967830135e-05,0.0292095908971615,-4.85864666844257e-07,1.75462927048524e-07,2.00303068057442e-16,-4.79755139029324e-09,2.58305734174973e-08,-3.99862337250602e-16,1.19271812431841e-16,-3.05817425968379e-08,-1.95800195285665e-10,-2.03702980005121e-08,1.28329442819485e-06,2.22642490731246e-08,-9.61376894857517e-08,2.28085675818079e-16,-0.000430143870135247,-1.00462621213678e-16,-1.05269949482817e-06,-2.37223435339828e-16,-2.50967166564201e-08,-1.46803734865302e-16,1.05125125548408e-07,2.77798577225172e-08,1.36114848331515e-07,4.78516787900679e-05,7.44033641749074e-08,-8.98192501491478e-09,5.76038854882058e-08,2.04889069343264e-08,1.1067901630497e-06,1.02437726724003e-07,2.07760396796457e-08,-5.90287691689863e-08,-1.13978554702491e-06,-9.29673246326575e-08,-2.86592777726414e-08,1.83099416503673e-17,2.70504725847713e-07,-4.70186058362243e-08,2.52432586512705e-08,1.69342522253789e-16,5.09578078075363e-08,0.000823461178507043,3.42231317608446e-07,-1.23119737661393e-17,-8.89119768484002e-08,-5.68873997796543e-07,-1.31492334450707e-17,-6.81671459728519e-08,1.56862944339849e-07,1.94022489583701e-16,-2.52885767204676e-17,-5.79283663673449e-09,-3.47022571460919e-07,-1.98215600158855e-09,-2.75808797053424e-06,1.96902688891594e-05,1.91938450264013e-08,2.07756160115436e-07,1.73927646207171e-07,-7.03366311015678e-06,3.64942451258621e-16,8.05420934770024e-10,6.19974673838297e-09,1.71335437458389e-08,1.60552488297596e-06,5.64340982362601e-17,4.42402506258563e-17,5.28907199881024e-07,7.16755031911569e-17,-5.11117335652464e-17,2.26700320812583e-07,-3.33989993621414e-07,-6.25318793149256e-08,-3.71647947921958e-08,1.60656137843772e-06,4.19713166438556e-07,1.30092241020233e-07,-2.03598542259526e-16,3.01280951455196e-07,1.40879039707638e-08,6.46721211717771e-08,-5.85141120693495e-08,2.32178003951463e-07,-7.54082070780857e-16,-4.72109631859018e-17,7.67714392536237e-17,-2.28399543981693e-07,-9.99765405463007e-09,-1.70046904647814e-05,-4.06383151015094e-16,-7.62528746067364e-09,-5.27518947637224e-16,-3.93282821574198e-16,3.9852877504834e-06,-0.00461894404047067,2.86337793753422e-16,-6.53078686348827e-07,-3.17364491200881e-08,-9.1603170495997e-16,7.43543199992878e-08,2.1070486702814e-14,2.97601384198793e-07,2.55233563911717e-16,2.9716409911351e-07,2.31476161869468e-07,8.38733721248547e-09,8.79288396120525e-08,6.05126290875488e-07,-2.73934694901626e-08,2.23336818018166e-05,-3.73255736975309e-17,5.04814003734885e-07,-2.85193056189321e-08,-7.31540230062213e-16,-3.76174362918623e-09,-7.68218358160965e-08,1.78819558640821e-08,-1.61988846948224e-15,5.77162215159393e-08,7.64397443167588e-08,-6.99351602176445e-16,-3.41279036918094e-06,-4.69551695981436e-07,-2.20810731827425e-09,-4.09177580152248e-16,-2.17309973686044e-16,3.97599597931694e-08,1.35638537306199e-07,1.09806196973386e-08,-1.61313384088905e-08,8.17669008945112e-08,-3.10496080565177e-16,-2.39112733401145e-17,2.99032276372963e-07,2.06166919360589e-09,-4.43842235045714e-16,7.25013066701155e-07,-1.5193947162841e-16,3.39025012892887e-08,-1.39755715452701e-07,-8.1683077248452e-08,-5.42190393083365e-07,2.16215624492306e-16,5.16169679231253e-17,-2.48107344406167e-16,8.1443048018241e-17,-3.97430099025994e-09,-1.38002667388979e-08,-2.5195079696087e-16,5.26762539428476e-17,3.65830132903746e-16,1.95012376690017e-08,1.7555803337274e-10,-9.71436885943859e-09,3.03178191650061e-18,7.78782420496338e-16,-1.34376017257853e-15,-4.24650096114027e-07,1.3003637115902e-08,4.34650593683808e-16,2.30082895626953e-09,-6.04054558547287e-08,1.20501388000119e-16,4.73778159804037e-17,-4.66841484798745e-07,-4.31787413541906e-10,-2.32748068655826e-07,7.90914918700552e-17,2.38768548707816e-08,1.00758871703084e-05,1.09020326215179e-05,-3.87086790818002e-07,-9.44153238914276e-08,1.54832184847667e-09,-5.62896086795595e-16,-1.19281952001359e-16,1.29798917503754e-15,3.0986104804386e-08,-2.80816860297947e-08,-1.18149521914417e-07,-8.80503092693831e-09,5.13416019532517e-16,-2.52027791929872e-16,-2.48276206241025e-15,-6.3674171411471e-16,3.51928308795828e-15,4.49900685417691e-08,-6.21500907934227e-16,-3.89274439392916e-15,-8.34186972205974e-08,1.29600719341374e-15,-7.48218372606349e-08,2.32140646828945e-16,-9.30754488659819e-08,-6.85809397432786e-16,-1.2170063728914e-07,-1.55731370734933e-08,-1.33356225846297e-07,-1.0179002309591e-16,5.48447193614686e-07,-7.79363378269121e-16,0.000264981185728016,-2.18974072416226e-07,1.24755035369666e-09,6.61483696441861e-15,2.92324088646482e-06,-6.78051573537286e-15,-0.404929719352446,5.93678965870324e-06,-5.51219348101414e-14,1.62448537944669e-15,3.57301763505256e-17,4.36757754596689e-15,9.84001606321231e-09,9.55793234324803e-08,1.58562115028777e-08,2.56778502990434e-15,1.93248055901646e-15,4.43964857096275e-09,-3.42113046611532e-08,8.81787055557876e-16,4.71516671245189e-16,-3.98740454447337e-10,7.21863251288717e-16,-2.09648897432518e-08,5.19648983325962e-15,5.23478970638346e-08,4.98453190627739e-16,1.26428865463054e-15,-9.26208610562084e-16,7.31218407223897e-15,1.22934728371619e-15,-4.06993945361735e-16,1.82974588524427e-09,-1.28525400126931e-08,1.31900690648223e-17,-9.46013132153285e-09,1.05289135171418e-05,6.22303643306588e-16,3.32054619457177e-16,-1.37719874017788e-15,-1.01538368544298e-16,4.5399541072724e-08,7.42174049398812e-09,-3.11705355353639e-15,-1.31768267659547e-16,-2.2133649346995e-06,-2.78893751988126e-08,-4.26423612945819e-10,-3.70103247347455e-17,1.80017697442759e-15,-7.79856957510823e-16,-8.62986979496182e-15,-8.80942633659504e-15,2.46086397496438e-14,2.05952715588e-07,-1.96383600989199e-07,-3.80552788131764e-08,-1.74283326749221e-14,-2.43047172964965e-14,2.80856679720753e-13,0.707106781186548,3.31656646898285e-13,-1.75945145810017e-13,2.49434014704212e-14,2.12710190600569e-15,2.24333605661908e-15,4.52444592081664e-15,2.54347392758668e-15,-1.28189491347165e-15,6.67561220589285e-15,1.27776159984265e-14,2.08269674391391e-09,-6.39375378345511e-15,-6.7174404702195e-15,-5.76025089264988e-16,2.97575393145571e-08,-3.96297420022294e-09,7.42183210139845e-16,-7.70570185632216e-10,2.75726068226217e-08,-2.5099459124966e-15,1.30486661038364e-16,-5.38088089843159e-08,2.6727709042381e-15,6.96297083306338e-10,9.38390612917306e-16,5.47191366724261e-17,7.37548842541601e-16,-5.74346717935582e-16,7.65394777508167e-09,-9.54165458856437e-08,-4.78111856972791e-15,-2.21708008534338e-18,-6.43123461724874e-16,1.29521505358783e-15,8.96093095559269e-17,1.24185818196472e-15,-8.60801538106441e-16,4.16311389423514e-16,1.20386947906793e-09,-9.74028874750509e-17,1.27405679565272e-15,-3.93887105699705e-16,1.56314680440141e-16,-2.27298194162171e-16,7.36215087446361e-16,-4.2239974921462e-07,1.11024375842368e-16,1.47625743113564e-15,1.78684815766437e-08,-8.84954848284226e-16,-1.22895835453493e-16,7.06803457311801e-16,-6.1438893736327e-16,1.51198447676946e-08,-2.90931766473659e-16,-1.23248516940853e-07,3.54802557901767e-16,-1.61606181414275e-15,1.22071189821677e-15,6.85967514751527e-17,6.76634367466922e-16,-8.04043385663466e-16,4.47365476148823e-09,-1.3586061340614e-15,-4.74107186042074e-16,2.30061985242955e-09,-5.6040971437505e-07,2.09241453369475e-16,6.3017205114126e-07,5.76990691311755e-08,5.43097039430303e-16,3.26203708954705e-16,8.52642448415411e-16,2.8999753781986e-16,1.19315298430878e-16,-9.80243520766042e-08,2.85748192154706e-16,-7.09520128565542e-16,-1.03842805469449e-16,3.93481035422196e-08,5.39865565449724e-16,-3.21602463814938e-16,2.11720176100976e-16,-4.22114341263825e-16,-1.79874536905524e-08,2.96931402974057e-17,4.9210982828795e-10,-2.87012345312473e-16,4.34792553786117e-17,-3.33684458516632e-16,-5.52366323956111e-17,2.10087321080978e-16,-9.22128523066937e-17,-4.42998387812003e-17,-8.58227156248606e-09,8.72708625974144e-17,1.01521601496617e-15,3.61248294580195e-09,4.30456324930179e-16,-3.08385592653328e-16,7.39182365580199e-16,-6.03137462352545e-16,-6.19866726919861e-16,-8.3826657792913e-17,-2.62851414306709e-08,-5.8444309327588e-16,-4.01944225938741e-16,7.83942911708787e-09,7.1818811105402e-16,-1.6360605033566e-16,-3.32710367436643e-16,-3.18773191114697e-16,-8.30479102681097e-16,-4.14146901649304e-16,-1.69729292187775e-16,8.97315698046346e-17,4.10078209631588e-16,6.31181690109777e-16,-1.80092906924456e-16,-4.13584760113858e-09,1.37234613848012e-08,3.5189403212669e-17,4.73407988286472e-16,-2.45179442184191e-16,2.79755839051122e-16,-4.69296910360351e-16,-1.66822973569676e-16,7.86476009473946e-17,3.03675419633979e-16,-3.31566924264713e-07,3.18984431179331e-16,4.00937409835053e-17,-1.37622506337682e-16,1.67354436575878e-16,1.53181250217335e-09,-4.55102680300597e-16,-2.43609229166584e-10,-1.08608143685098e-16,-2.29862472949076e-16,-1.44358968174743e-16,8.72264732915576e-17,-5.5565025118463e-17,-2.83283010602713e-16,8.68205114451839e-17,6.80433994847306e-16,4.59210333784959e-17,1.55667096132025e-17,3.83568134515046e-16,-2.73837434897353e-16,1.87782703206814e-16,1.1832319829149e-16,3.94480098323171e-17,-5.05550229078286e-16,1.27452954986089e-16,-1.33663750282663e-16,1.52048204847483e-17,-3.25210079105844e-16,3.46944695195361e-17,-2.82462945925328e-16,2.36849903275885e-18,3.49716951273408e-16,-2.09136203977104e-17,1.28670910460613e-09,-2.46387629081611e-16,1.1916364468243e-16,1.15505466009662e-16,-3.55917070126762e-16,-7.46881552364908e-17,1.37542051217982e-16,-1.82417298024072e-16,-2.66389679342122e-16,2.5194501750782e-16,2.29669974227835e-16,1.26146922768688e-16,3.48222730775292e-16,4.7535257658461e-17,1.37801618578804e-16,4.65637988265891e-17,-1.78812946888343e-16,1.17891566521338e-16,-1.66560302537877e-08,-5.1256607357517e-17,-2.5621214121062e-16,-1.85631330762227e-16,-2.3131133546123e-16,-2.55642524300415e-16,-1.73511423298338e-16,2.45253651382434e-17,3.42866973574354e-16,2.61168940036228e-17,5.67274719839837e-09,2.01300772814727e-16,1.27688125932094e-16,-9.87610853657022e-17,1.10089733565447e-16,1.26202603829649e-16,1.77867780804457e-16,-8.15432762070762e-17,8.65733390333666e-17,2.58454578682352e-16,-1.6647946534881e-16,1.04523049971713e-17,-1.11956210490613e-16,-3.74760565873057e-16,1.79920009677967e-08,-1.96521211708007e-16,5.13926363346605e-17,2.70943905198418e-17,-3.1712913545201e-16,-4.94411506971811e-09,1.35144648970411e-16,5.44447336520895e-16,-1.61694598318469e-16,-1.05979915591391e-16,-1.43680709701241e-16,-9.1610809710812e-17,2.01273870027649e-16,7.02964613814292e-17,7.49252143414445e-17,-4.475864689733e-18,4.14260990437736e-17,-1.77211864782967e-16,8.68003413220438e-17,-4.52074644925855e-17,-2.45222528375567e-18,7.11043021663431e-17,-1.93815993328811e-16
"t379",0.0264595383888874,-0.00247381510479973,-0.00218722532341478,-0.000345021372083452,-0.0114984781391955,0.098092248440573,0.0167237571450817,0.0001070254174025,0.0253966213738862,-0.0193250058180895,-0.00353773112803938,0.0025403056966986,-0.00485272893844091,-0.0010062706747676,-0.0256469932817041,0.000555897845780463,0.000389314612722517,-8.01786021024373e-05,0.00300248471182274,0.0004509284410098,-9.74140566978262e-05,7.10095023558284e-06,0.000839514053424786,-0.000172047543297084,3.50668723399602e-05,-0.147560895836543,-0.0101042744543743,0.000650739814497498,-0.00288087543399018,0.00541674525456413,0.000147732866238272,-0.00558789241788813,-0.000295279381007356,0.00262482490885191,-0.000273921939289856,-0.00025920157078323,-4.68850583015675e-05,0.00247696016187453,0.000518666537879804,0.000133048356941964,0.00041012008602586,-0.000744249777068632,3.55092074772755e-05,-0.000604573562365024,0.000135318266596876,-3.03066389958711e-05,5.78912206012042e-06,-8.71563771237213e-05,0.00125626971972145,-0.00258059544927165,0.000169343256618899,-0.000170711019328102,3.30805094861927e-06,-8.06076954589594e-05,0.0025415576697052,-0.131302159933991,-2.56626506012554e-05,8.41513885176946e-05,-0.000276172022311801,-2.1317665403292e-06,-4.12625267508625e-06,7.11582549956063e-05,-0.000185942259984637,0.000144001167642611,-0.000158894033165801,5.26474859156594e-05,-0.000100899315443489,0.235352402277128,0.00238300451762022,-0.059337626370192,3.21315792947851e-06,-9.92489369174303e-06,0.0933878900179867,-1.58360443018558e-06,4.29822626345472e-07,9.80123381645229e-11,6.56640338136277e-07,-1.69027091846663e-07,-1.7648322726555e-05,-0.000372105922071285,2.85641449815071e-06,0.000289968115503758,-3.63331282410287e-05,-1.68874121234984e-05,2.29102080466443e-05,7.33681748370673e-05,-1.33928908142512e-05,-2.451452820778e-05,-4.88456376884065e-07,1.91098305447101e-05,-5.1182914980656e-05,1.27460206515283e-06,0.114622650972864,0.000102742301990717,1.47775851650697e-06,5.54679786208312e-06,6.46997846060996e-07,-2.25576258252561e-06,2.12395739654886e-05,2.80124321811302e-05,0.000180488766831769,5.62610905168463e-10,5.90698791529243e-06,1.2127233242352e-05,-7.22282594057625e-06,2.09206953383165e-06,-0.00307937185633081,-8.77371904451043e-06,0.00014821671418152,-1.88129603507646e-07,-5.01491408022291e-06,-3.49860345826689e-06,9.64084108531919e-07,3.27511503212155e-07,-1.51469757655454e-07,8.86526713375245e-07,-1.65052492183748e-05,2.49941810345363e-05,-0.000218652811508692,1.45713002947187e-05,-9.62657446520439e-06,4.30549330972526e-05,-0.00244718395512736,-0.0104445771130843,-4.14322198276968e-05,5.22076040315127e-05,-4.97488317564507e-06,2.90398725165445e-05,-1.22597641853253e-05,-0.000417811485085909,-2.63076004824569e-06,7.66008004664196e-06,3.81921854266842e-07,-5.54291780822459e-06,-4.03268476637028e-08,-9.3414072028561e-06,4.0734105685674e-06,4.51281471535651e-06,-6.69454939403482e-05,0.000239636988392011,-3.79393663515651e-06,-3.84945341400383e-08,-7.87278139720611e-05,9.2193475095363e-05,-1.28059520586826e-07,7.02726526282677e-08,1.67197099743281e-07,-3.36675294285611e-07,-1.99830170654138e-08,0.00187276559612554,-1.10169430040958e-07,-7.01887586351498e-09,1.60399138294771e-09,-8.82313928721572e-08,-9.53841601936392e-09,-1.56662984376914e-08,2.58589821091885e-07,-2.51349096277526e-07,-1.07024531940386e-07,-3.4137696125562e-08,-1.23725846091475e-07,1.65067733570259e-08,-3.03486383932733e-08,-2.65333309784303e-08,-9.80452001473299e-08,1.71533363689028e-07,-1.3650209597263e-05,-2.46863828700116e-07,-1.24537934323699e-05,-1.56537794109187e-06,3.57961667872604e-06,6.58749855591233e-07,-1.66389322963929e-07,-7.90860040807988e-06,-8.29988642271054e-06,-0.439853325372486,1.48558372648912e-06,-3.34899205883379e-06,-1.7888740994972e-05,-8.19815175380779e-06,3.08622098675169e-05,7.01137081921349e-06,-1.37558199488147e-06,-5.1487814241166e-09,-1.46872578391885e-07,-3.47073876442639e-08,-5.78441468381263e-05,1.1611263007472e-05,5.18442414361196e-05,-4.72001368902114e-06,-1.29807226808173e-06,2.45283423484413e-06,0.000440594009880471,1.12536981081759e-09,1.10897708317376e-07,-1.92392357016018e-06,-3.5282517181531e-06,-2.02687795788082e-07,2.06422286947004e-06,8.34571116497155e-07,8.29394126373121e-07,1.15215841773194e-05,-2.27835761174151e-08,-3.34104308200875e-07,-5.72757645691326e-06,-2.40753339855758e-06,3.65352471470107e-06,1.64124268999888e-06,-2.66516371086445e-05,-1.52543147043387e-08,-0.000105124586730391,1.49472430724699e-06,-6.82723478597207e-06,-1.11750291587853e-05,-6.43891246372965e-08,-4.60699069894404e-07,1.21921898323754e-07,7.69932968927334e-08,-1.75299624522648e-06,-0.000310600336022557,-3.57686516952874e-06,4.95369944515948e-06,1.14588341204442e-06,5.28795645083185e-06,-0.00424147188846286,1.10014254535067e-06,8.7945580524434e-05,-1.89587659177431e-07,-4.51014297520276e-06,-4.0734586175538e-06,1.08098580404099e-06,2.56066839000043e-07,3.29084606553113e-06,0.00302510437440513,-1.00485562825899e-07,-2.21647083612343e-08,-0.000321278914698337,-9.63077121053699e-19,-8.00254585916923e-08,1.16420663210694e-06,-2.51534818665609e-07,-6.78963572412836e-07,-0.000299689806024041,-4.13535496086805e-08,-2.62039757159957e-06,7.02690759246814e-07,-1.33205314628855e-07,8.73519893540467e-09,-1.73265921640372e-07,2.00018849940779e-05,-5.2091563152604e-08,5.55293738653584e-06,-4.18177531314381e-06,1.86577507885698e-08,-1.21447303591798e-09,5.75346358885323e-08,-5.35049250106985e-08,8.4130093218051e-07,2.09917272257428e-06,-3.97634707599526e-07,7.71567948991335e-07,-1.43018198273477e-06,1.62891421990588e-05,-9.77658806164651e-07,1.00780462986187e-06,-3.4122364757622e-07,6.4275145201135e-09,2.64165733723955e-05,-4.25256904697199e-07,4.04328794640058e-07,1.32346541103585e-08,-3.46182300927141e-07,3.48395933546813e-07,-4.18915503709702e-07,6.64708261798673e-07,-1.28992440115576e-06,1.01938340327594e-06,-7.67965546174187e-08,0.000410230309189707,-3.23494364675972e-08,1.96298735776167e-06,5.39814833890352e-16,-5.7135894753282e-06,-1.97136094792192e-07,-2.24442049971193e-11,-1.99377581462245e-07,9.55481005768508e-06,-3.01061670728187e-07,-5.20779950122955e-08,6.12549805604045e-09,-2.82606073024373e-07,1.6797036082444e-05,3.7407692064226e-07,-2.90615298094241e-08,4.33806702181171e-06,-5.25000940820845e-06,1.4479858872532e-06,-2.61603362973514e-06,3.76651954574593e-07,1.54095721765898e-07,1.01585866373124e-08,6.8237930255141e-06,-5.96197261538886e-06,3.52391447554615e-08,-0.00729320355585969,-1.81202056028539e-07,9.32968747471264e-08,2.4262057537214e-05,7.44950350339553e-07,3.93002939407922e-07,-1.285107115823e-07,-0.000344349529520954,8.78075448754318e-08,-4.22066268800972e-07,1.21016993755102e-07,1.1451994581606e-06,-2.28323401080323e-06,-1.26657333173815e-16,7.45326970476319e-09,3.97853272919913e-07,-3.72369332973495e-08,2.17471978379531e-06,2.42304100187517e-08,5.73983524853466e-07,1.36398734697668e-06,-1.8558804901032e-06,0.000573471456311843,-4.45249766979864e-17,-4.68517137044625e-06,-3.80114378130093e-09,-1.63636311399601e-07,6.82214412893113e-08,3.67858729464093e-05,-8.47605479901759e-08,-3.26291941039365e-06,8.71968960289413e-07,-3.64710847716248e-07,5.49279469588493e-06,-7.40861611089307e-08,-2.01709680275669e-06,-9.39198881377607e-09,-1.33001231024648e-09,-2.00711544241709e-06,1.06031854970758e-07,-2.17538759739558e-06,-1.01654240952104e-16,-5.59209023302921e-07,4.39013795337567e-08,1.26521565287129e-09,1.11265399533719e-08,-4.10591137652768e-06,-8.43716155966317e-06,3.77281098588451e-07,-1.37225452149068e-06,-6.39296607584283e-05,-7.43138052430722e-17,-1.38613160295821e-06,-4.81641472218579e-08,-1.74306310512184e-06,1.66630630093312e-14,5.29565838594602e-06,4.14821133538055e-07,-6.33764872077988e-08,-2.67062059289023e-06,-8.871906555537e-07,-4.72591367126859e-07,-1.4987943469526e-06,4.72363460111838e-07,3.34192655943668e-07,1.84816280651096e-08,1.02454781709464e-06,1.30555691551294e-07,-7.66449793396953e-17,-5.26032598316231e-08,5.38735373659573e-05,8.18133182423751e-07,-1.24024297518203e-06,2.07587428252736e-16,-1.06512210398222e-07,1.97049263768478e-08,-5.37995517415132e-07,-3.20402267358604e-08,-1.21105009062809e-06,1.13929941367342e-07,-1.51783726039034e-06,2.40670550310413e-06,-2.32979150496648e-17,8.93773780640913e-06,-1.50927212466478e-07,4.27215807717302e-07,1.12630071085592e-05,-9.28071517180604e-08,-7.70962977334524e-09,-3.54750950837257e-16,1.01619820678785e-16,-7.57898019498390e-09,-8.74768579743731e-08,1.15674784509401e-08,-1.34768082466322e-06,7.09463894830462e-15,-6.87848416373827e-07,-8.51430277830202e-09,8.69591306686448e-17,-1.92105822403895e-16,-1.38959254137043e-16,2.42172562176277e-06,6.83817253663488e-07,-1.17621287571802e-06,7.30213587850464e-05,0.0260640408553337,-4.32928430589241e-07,1.56320098395497e-07,2.65266291026244e-16,-4.26171355157491e-09,2.29217318548654e-08,-1.9821745796889e-16,9.08845890444628e-17,-2.70258033786364e-08,-1.72858386260754e-10,-1.79588742073826e-08,1.13033389605359e-06,1.95755164227579e-08,-8.4503136391137e-08,3.77516182819512e-16,-0.00037793770876532,2.1124398518583e-16,-9.23871171050198e-07,4.8856860397628e-16,-2.20066396814145e-08,-5.65238699480022e-18,9.2080933682579e-08,2.432747640642e-08,1.18846891880148e-07,4.1754439958073e-05,6.49055871450677e-08,-7.82622070300062e-09,5.0140814686338e-08,1.77917446183598e-08,9.61071593627343e-07,8.8884801607579e-08,1.80025929018655e-08,-5.10541470089786e-08,-9.84251166098631e-07,-8.01806263449301e-08,-2.4702176082385e-08,4.01348903983233e-17,2.32704284501903e-07,-4.03719752230304e-08,2.15565311998561e-08,1.44352361307197e-16,4.34449935164374e-08,0.000700316907699742,2.90740732624996e-07,-4.73998291575215e-17,-7.54928124159767e-08,-4.81944676535619e-07,2.05570356904612e-16,-5.76867625507096e-08,1.31842490881957e-07,-7.73060225253892e-17,1.56487050449022e-17,-4.8554182733437e-09,-2.9079322333826e-07,-1.65902174405229e-09,-2.30523488246986e-06,1.64045024141511e-05,1.59864224330745e-08,1.72969704936491e-07,1.44167191823159e-07,-5.80855401340096e-06,3.02817666775201e-16,6.64184671424954e-10,5.11131575286359e-09,1.41132817488844e-08,1.32111320368443e-06,1.47398679051808e-16,5.99439525630664e-17,4.3457987925695e-07,-2.24292059615486e-17,-1.15287339488206e-16,1.84502840375157e-07,-2.7135591451288e-07,-5.080325858631e-08,-3.0078747834905e-08,1.29956112085014e-06,3.39471215874558e-07,1.05143924694638e-07,2.37409110405281e-16,2.41556068137743e-07,1.12751175723327e-08,5.17290851629346e-08,-4.66639244871335e-08,1.84118331869715e-07,4.16932050165544e-16,1.72206841952127e-16,-9.08984295092404e-16,-1.795810567029e-07,-7.83039451883217e-09,-1.33144875974371e-05,2.01444221861955e-17,-5.9475847081494e-09,-3.98511154396954e-16,6.48214155356431e-16,3.05206328952815e-06,-0.00353647024020285,4.58617518961368e-17,-4.97590397617316e-07,-2.4109930450016e-08,2.72555203364235e-15,5.6139160675946e-08,1.48569942586916e-14,2.22952859014701e-07,2.07994864136406e-16,2.22465056035789e-07,1.73192252445682e-07,6.27148451338098e-09,6.56887764738023e-08,4.51157430685147e-07,-2.02638907157739e-08,1.63294675255469e-05,3.08022152409598e-17,3.63307265263986e-07,-2.04883922668919e-08,1.13367947941433e-15,-2.69597000561072e-09,-5.48114447500079e-08,1.27060011893337e-08,1.5046927996592e-15,4.04051195641892e-08,5.33472811337597e-08,3.97177703551248e-16,-2.37179732514271e-06,-3.25638276842742e-07,-1.51906255319065e-09,4.18902595065563e-16,-2.89378486586489e-17,2.67966666184045e-08,9.05541903478537e-08,7.31619077577304e-09,-1.02468974630372e-08,5.14811900059143e-08,2.72667159460731e-16,4.35883424416154e-16,1.87086254988282e-07,1.28881052603233e-09,5.38783372161286e-16,4.48216663276257e-07,2.83890913610163e-16,2.0724443149078e-08,-8.40466234185477e-08,-4.90636611131154e-08,-3.2411596342359e-07,-9.69293245749249e-17,-5.89571474639583e-17,2.42078872122934e-16,1.38656300114709e-16,-2.26533774276057e-09,-7.83225353704026e-09,2.68814122330987e-17,-7.71911579387428e-16,-6.18109505986974e-16,1.08901673275192e-08,9.73244057961418e-11,-5.274235434375e-09,5.0270759939847e-17,-1.91363038696407e-15,1.55130357344657e-15,-2.11998353764803e-07,6.47029698078292e-09,-3.10611188567728e-16,1.09985286410464e-09,-2.83720229072049e-08,2.41575152339844e-18,-4.61980701986928e-16,-2.09583463825525e-07,-1.93099498846888e-10,-1.01044263481796e-07,5.65679596867493e-17,9.80938753110506e-09,4.0015184034295e-06,4.10939207155447e-06,-1.34330245911647e-07,-3.19597623780103e-08,4.98422190855919e-10,6.82467644699958e-16,4.6538951195774e-17,-3.1267656816805e-16,6.46584416648167e-09,-5.80265438863776e-09,-2.23667299287122e-08,-7.80390565594226e-10,-1.42126990526783e-15,1.28946170333563e-16,3.39784425017272e-15,-4.15546243314026e-16,-7.03899718390359e-15,-2.15785182713861e-09,-2.58476825126051e-16,6.35610587258312e-15,9.46398992680177e-09,-2.87558401729189e-15,8.76751957937218e-09,3.42986035854277e-16,1.14958372371071e-08,1.07042150659818e-15,3.18689684733063e-08,4.67233011194865e-09,4.84184405067923e-08,1.41190221918185e-16,-2.46646609663514e-07,1.09862993115711e-15,-0.000181462925109078,2.49077077799184e-07,-1.45061740819992e-09,-1.47975142331768e-14,-4.18231311979869e-06,1.30836596916992e-14,0.819785004010108,-1.22371139832665e-05,1.10700036065849e-13,-2.80878908400434e-15,6.46360563206318e-17,-1.22246177024393e-14,-2.80194692491635e-08,-2.98974343187707e-07,-5.56571548270461e-08,-1.03737477091115e-15,-3.48217339744991e-15,-3.1536225406275e-08,2.5319862952144e-07,-2.86183678221025e-15,-1.66710085037928e-15,-1.06758332461216e-07,-2.20099472504565e-15,-7.20014411471748e-07,-3.32596106790257e-16,5.45961950878786e-07,7.59208083071345e-17,-1.50503722098151e-15,1.97710210151609e-16,1.34835977013557e-15,3.58345711897917e-16,5.52753626811167e-16,8.84804366827072e-09,-6.17704673302539e-08,1.16035411173363e-15,-3.93227827206934e-08,4.15507437696341e-05,-7.33102788929259e-17,6.48663703243949e-16,9.55741490857257e-16,4.04902974395085e-16,1.49304533869895e-07,2.35662741441338e-08,-5.55994760842817e-16,-2.99915851756793e-17,-6.77619071144792e-06,-8.49940322966139e-08,-1.28004436688246e-09,8.43334655743393e-16,-5.06430406392698e-16,4.73154634189953e-17,-1.12055025166024e-15,2.44156964744747e-16,1.59035491500012e-15,5.08374868109206e-07,-4.77729380806214e-07,-9.12862976378444e-08,-2.70533987008029e-17,1.50586774801065e-15,5.65416354465151e-16,-5.72471677609472e-16,3.44960359590396e-16,-2.06384763696258e-15,2.56027868613803e-16,5.09680066039845e-16,-1.76088565010566e-16,1.82384495661266e-17,1.73793917174178e-16,7.86176192910747e-16,2.14229588973502e-16,-3.10245049702458e-16,4.1646554869065e-09,-2.40031697842474e-16,-1.2116499005929e-15,1.78153394277749e-16,5.84160543987531e-08,-7.74760758547016e-09,-6.10717564875685e-17,-1.50265833230684e-09,5.26547094010289e-08,3.54012668922231e-16,7.21831245128448e-16,-1.00293609653735e-07,-8.82268807299759e-16,1.26285640938524e-09,3.02268323074751e-16,1.16815641358252e-16,1.06000045399445e-16,1.90985428635509e-16,1.33584162493842e-08,-1.66126593011931e-07,1.66142604988387e-15,-8.80015663721196e-16,-1.33265548570051e-16,-2.03019040960846e-16,2.99185589497375e-16,9.77976780772548e-17,1.75318042279967e-17,1.09382294242516e-16,1.8930783529023e-09,-1.8506839571622e-16,-6.78870117657983e-16,2.98240040550973e-16,-3.33888251009686e-16,-2.80862084745347e-16,-5.97850679033095e-17,-6.52854594044228e-07,-1.30779986715777e-17,-5.07570815461675e-16,2.75334736493781e-08,7.17583254892812e-16,2.78225365615604e-16,2.64388397570717e-16,5.28804732866482e-16,2.25466222964542e-08,2.7783908362041e-16,-1.82803876037028e-07,-1.16024229900401e-16,-2.1445034511682e-16,-1.87442054414861e-15,-8.16015447758795e-16,-3.07788682505568e-16,8.82536613366671e-16,6.56591620592931e-09,1.18319827703681e-15,1.18196718343259e-16,3.35064357490797e-09,-8.15874866734591e-07,-7.10674860551119e-17,9.11592082086719e-07,8.33024972394029e-08,-2.3793415075155e-16,1.60922425297741e-16,-1.12387235439983e-16,7.46245651338269e-17,2.39615640085765e-16,-1.37774396477628e-07,-6.73656016033454e-17,-1.06519010280094e-16,2.38797204215929e-17,5.49564319893243e-08,2.7938244543874e-16,-5.9137269031837e-17,9.33770627497164e-17,9.08752311201432e-17,-2.49222615673304e-08,-6.16223445064906e-17,6.80202833400808e-10,-3.07935749035969e-17,-6.31595570575418e-16,6.67640607540284e-17,1.53506430222095e-16,-6.59622269785021e-17,-1.83533615129776e-16,6.78945034144681e-17,-1.17192987405737e-08,9.82911114731915e-17,-6.9261162571045e-16,4.91874621494118e-09,1.50841210962547e-16,-6.41320512927077e-17,-6.9744781668572e-17,5.46617093934873e-17,-1.9993344252807e-17,-1.08619738214889e-17,-3.54788577445554e-08,6.63678640120072e-17,1.30093944161086e-16,1.0541728990011e-08,-3.29101561268695e-16,-4.6698763127246e-17,3.17953047875004e-16,4.48309768683298e-17,-4.42802684109832e-17,5.00769218051233e-16,2.68594422169121e-16,4.57639925965583e-17,-4.448929157389e-16,-1.34845848819238e-16,-8.4305671827853e-17,-5.48896805460597e-09,1.81859999937683e-08,-2.17976540414121e-16,-2.68939701006782e-16,-3.76268498405233e-17,2.43896837810317e-16,3.39680540639709e-16,-4.52334120476105e-16,8.80044981889241e-17,-1.27649728830243e-16,-4.36055722305957e-07,1.42251018024472e-16,1.37090547072042e-16,1.35077938802742e-16,2.12893195237698e-16,2.00216740788051e-09,4.43282262695667e-16,-3.16304146455631e-10,1.80608075934451e-17,-1.82006808057559e-16,-3.71736035729644e-17,-1.20020185943522e-16,-7.14215033020773e-17,5.99728093226668e-17,-9.71185122155194e-17,-2.82890547671382e-16,1.98314907988196e-16,-8.86472559099343e-17,6.97480413251945e-17,-1.19180389290445e-18,1.3581086178168e-16,-1.57602061182472e-17,-4.41791546711852e-17,-1.30782488910907e-16,2.83821969777724e-17,5.80142199550767e-17,1.49686160570874e-16,3.50930520305284e-17,2.2735719557021e-16,4.1758436715079e-17,-2.05721773377463e-16,-2.28306654340201e-16,7.57761377979026e-19,1.63436824062235e-09,-8.04751347089425e-17,-2.36050668454821e-16,2.49710032082001e-17,-3.99731945167274e-17,1.68222198167319e-16,-1.10750294070082e-16,1.1732910846598e-16,2.35497785250784e-16,-1.82505163438728e-17,-6.99979029587616e-17,-1.51246203061728e-17,-9.5143727792379e-17,-2.77941153140951e-16,1.33544468423586e-16,-9.98632593955321e-17,-1.37531172141861e-16,-1.46528038650853e-16,-2.08843140950723e-08,8.37894740102498e-17,-2.35592975769694e-16,5.68013545021489e-17,-4.28998060371223e-17,2.70853075912888e-16,-3.85982929014239e-16,-2.16074855898627e-16,-4.10778543699931e-17,-8.06238019600374e-17,7.02788883911276e-09,-1.3455743838433e-16,-1.87165738031887e-18,7.44314621223534e-17,1.40268672938544e-17,1.79060405221698e-16,3.14988112541623e-17,9.20564666671532e-18,1.35130610058438e-16,-1.55170308712766e-17,-1.62244992033041e-16,6.32673346216873e-18,-1.97774392672001e-17,7.19328369681555e-17,2.20485092109665e-08,-1.65267846961237e-16,1.82583145279856e-17,-5.94348551099058e-17,-4.08744219027035e-16,-6.03028478067263e-09,-1.83483874625537e-16,6.5924097383892e-17,6.40860121346573e-17,2.95546317711894e-17,2.65393368324889e-18,4.96002722679654e-17,1.80144580197058e-16,8.27027751436433e-17,-3.44518420615943e-17,-1.47731607890543e-17,4.46183704298733e-17,2.22626595154553e-17,1.03918551797858e-16,-4.07405975884516e-17,-1.06875105482848e-17,-3.45424919855462e-17,-1.81561271426854e-16
"t274",0.0263404840749636,-0.00245015403365249,-0.00216561722662104,-0.000340426509748275,-0.0113100206676973,0.096196845162764,0.0163940508474274,0.0001047414966212,0.0247523031250113,-0.0187250254149684,-0.00339639297883714,0.00241327988171578,-0.00460236192636767,-0.000953499244889248,-0.0242379795387499,0.000523378811070455,0.00036594195528253,-7.52688967625263e-05,0.00281392526674581,0.000419881729910259,-9.00907173462288e-05,6.43948694878517e-06,0.00075620444947921,-0.000154860596718616,3.15477233282409e-05,-0.131921729515791,-0.00901844754939593,0.000580068800744708,-0.00255805112681277,0.00467498882325814,0.000125830132887772,-0.00471197947761989,-0.000244707877992783,0.00214758431829687,-0.000220764493669827,-0.00020346832528227,-3.66303806431564e-05,0.0019234542727933,0.000401686627559175,0.000102426710541767,0.000311960313411181,-0.000560065320655062,2.65367778858842e-05,-0.000451547742195013,0.000100218438577675,-2.17134721346449e-05,4.10298854509053e-06,-6.14499090246563e-05,0.00087251325905793,-0.0017620229555341,0.000112882226261557,-0.000112464279454411,2.17552693706185e-06,-5.22093992481429e-05,0.00159479756499549,-0.0819778221617953,-1.44639393598029e-05,4.59086361428043e-05,-0.000150057789335572,-1.0568909202161e-06,-1.88431929449936e-06,3.10389720757533e-05,-7.79161511554631e-05,5.97072053193297e-05,-6.05195981829457e-05,1.83654237267049e-05,-2.7421414118466e-05,0.0550621275127481,0.00051406728771069,-0.0107754538560995,-9.48436103000351e-08,2.3381754848009e-06,-0.0253841721416752,5.56009279609779e-07,-1.55381103693704e-07,-3.90262422364687e-11,-2.71291255634016e-07,8.2803012954526e-08,1.21016689560026e-05,0.000288398999927101,-2.69614498524509e-06,-0.000285189617555103,4.76954045602697e-05,2.41153330304471e-05,-4.66788224511039e-05,-0.000164776748440162,3.32253975829881e-05,6.18123620354528e-05,1.23686717125124e-06,-4.89099371072093e-05,0.000136137861636327,-4.96451017131935e-06,-0.463398675240389,-0.000542073087955934,-1.36714385802986e-05,-5.69309614024865e-05,-6.67410972754872e-06,3.15444903003467e-05,-0.000339241163751158,-0.000892763329186776,-0.0214060361957457,-8.66957301211204e-08,-0.00136701619166941,0.000159213836983641,-8.90841223151771e-05,2.46668819921206e-05,-0.0337414170307741,-9.43183484185683e-05,0.00154242450206052,-1.86938821223454e-06,-4.91223270838022e-05,-3.16738132047264e-05,8.65220363605131e-06,2.4950191384187e-06,-1.12076723392015e-06,6.18840001544453e-06,-0.000112492111785714,0.000160491835883024,-0.00133545548827983,8.60422707156149e-05,-5.58411656113105e-05,0.000236445076207011,-0.0130351295727541,-0.0555727229228696,-0.000219549391918437,0.000269189617333922,-2.5596618779683e-05,0.000146336227342283,-5.88515504134821e-05,-0.00200473649167221,-1.2581483097822e-05,3.57749077967282e-05,1.77661744618586e-06,-2.57137802615357e-05,-1.85198541968365e-07,-4.28459392201518e-05,1.84061610844484e-05,2.02617878773437e-05,-0.000300428987873225,0.00107554945054825,-1.70443978639101e-05,-1.73042422495305e-07,-0.000354303532597659,0.000415106921014223,-5.7659994299309e-07,3.17810947797474e-07,7.66728056271738e-07,-1.57818036915166e-06,-9.4317138683511e-08,0.00899412915289116,-5.2990505741685e-07,-3.40178562013234e-08,7.81070957858951e-09,-4.32057947874315e-07,-4.98182499567922e-08,-8.28844309021521e-08,1.38134468920009e-06,-2.03900885354362e-06,-1.09085165446455e-06,-3.64104294284222e-07,-1.84988378312035e-06,2.7190523372598e-07,-1.93944277226869e-06,-2.85506632269329e-06,1.92997722637385e-06,-1.32308376242906e-06,2.08089594113096e-05,3.56009675379173e-07,1.77037982351394e-05,1.77961609426989e-06,-3.05873707836171e-06,-5.38599947963128e-07,6.43892229667994e-08,2.18038714572276e-06,5.38461085604695e-07,0.00809579721467284,6.95191633116023e-09,-1.20058475971626e-06,-1.10937056035615e-05,-5.3917754547482e-06,2.13496862431027e-05,5.49623752272128e-06,-1.12289623874623e-06,-4.35864974131895e-09,-1.28336135559925e-07,-3.32220288618375e-08,-5.64649765300031e-05,1.29664023540947e-05,5.81044006995266e-05,-5.47405220077453e-06,-1.62535403051822e-06,3.2265508832581e-06,0.000588197976876342,1.53306198479114e-09,1.5318030707666e-07,-2.75497855485973e-06,-5.0874661755468e-06,-2.96321130848853e-07,3.03747198424364e-06,1.28141251224687e-06,1.27566275918822e-06,1.79819420187845e-05,-3.60225655500679e-08,-5.42462804971081e-07,-9.30050476719848e-06,-3.91791146664126e-06,5.98392441344292e-06,2.69960012131559e-06,-4.43060499267318e-05,-2.56632305147038e-08,-0.000178416004725552,2.54338291120526e-06,-1.17455534765071e-05,-1.93355467023569e-05,-1.11425399524548e-07,-8.00652356907268e-07,2.14075181725263e-07,1.35443489152075e-07,-3.1138904072636e-06,-0.000555274403986094,-6.40840413993465e-06,8.95288988140207e-06,2.07518162210558e-06,9.59760727396603e-06,-0.00774959373129425,2.01274364494866e-06,0.000160951400044839,-3.49452826877889e-07,-8.34900601104584e-06,-7.57664278621346e-06,2.01498288225865e-06,4.78383413086818e-07,6.16085435430228e-06,0.00566672042218794,-1.89271351410006e-07,-4.18928319127766e-08,-0.000609523139714724,5.48516828702976e-17,-1.52649076106988e-07,2.22315943725418e-06,-4.84008200006425e-07,-1.31432000289083e-06,-0.000583048202506114,-8.04779850568655e-08,-5.1484602618317e-06,1.38288215367693e-06,-2.62344116750259e-07,1.72666353427037e-08,-3.43346195948518e-07,3.98196504658621e-05,-1.0391921910238e-07,1.1087294014433e-05,-8.38947681469604e-06,3.82282025729755e-08,-2.50819530173575e-09,1.19638176297897e-07,-1.1300695201725e-07,1.77894531536721e-06,4.49058006132819e-06,-8.56403017340356e-07,1.67846943650386e-06,-3.12149874664694e-06,3.56773598289162e-05,-2.15194455445207e-06,2.23504305696422e-06,-7.57404256305257e-07,1.45591627395842e-08,5.9866001195154e-05,-9.6425501447476e-07,9.22153237943202e-07,3.02508077962201e-08,-7.96942101315855e-07,8.03120366228955e-07,-1.01300092604259e-06,1.61674018944362e-06,-3.15219528352048e-06,2.51883064960481e-06,-1.91509154469403e-07,0.00104557045386444,-8.30005005400702e-08,5.06362461416726e-06,-1.96093859824282e-16,-1.50238083627665e-05,-5.1972276256028e-07,-5.96854613522417e-11,-5.4169534118327e-07,2.64727980453181e-05,-8.42251158593885e-07,-1.46408391370263e-07,1.84654622283101e-08,-8.5617282661103e-07,5.09566703544892e-05,1.16193721648261e-06,-9.73578057857132e-08,1.47460309756949e-05,-1.80328399815244e-05,5.15688936324753e-06,-1.10497367087496e-05,1.74521811533888e-06,7.18233384587762e-07,4.74326496156157e-08,4.42245058913813e-05,-8.84431132231424e-05,6.45322012724024e-07,-0.208088680536093,-1.82918936024872e-05,5.0242963631331e-05,-0.000336186846476156,-9.51590145783906e-06,-4.38036621244514e-06,1.31529483378507e-06,0.0027560702316754,-5.59386985801757e-07,2.238578797547e-06,-5.96276147245556e-07,-5.01542370727894e-06,7.96407015267775e-06,1.07075670736151e-16,-8.93573509184296e-09,-4.33835716586208e-07,3.52447013560837e-08,-2.04975346245852e-06,-2.27371083306163e-08,-5.20199477154849e-07,-1.15747122466315e-06,1.45564981311664e-06,-0.000382363107956332,3.49453227118552e-16,2.10161722843463e-06,1.61741285716256e-09,6.19549821004937e-08,-2.54628250001537e-08,-9.97218852865659e-06,1.87745919780583e-08,5.16821127585039e-07,-1.03901623205777e-07,1.61548376352075e-08,7.86613134179139e-08,-3.51087234891344e-09,-1.30471831082891e-07,-7.04165523756378e-10,-1.22969705652985e-10,-1.89316457981671e-07,1.12430134762549e-08,-2.49735846671555e-07,-4.92266676509672e-16,-9.61920507890418e-08,8.00034501960336e-09,2.30689429737624e-10,2.32127164275596e-09,-8.71542988005209e-07,-2.11266173930824e-06,9.78188084507936e-08,-3.58059815030551e-07,-1.70637609160363e-05,1.8551375332876e-17,-3.78714021467622e-07,-1.32654959856832e-08,-4.93306436115441e-07,4.6715692806188e-15,1.53624622629337e-06,1.20961964435512e-07,-1.85284885879714e-08,-7.84800563150096e-07,-2.62818459148601e-07,-1.40780476354628e-07,-4.48302559072148e-07,1.428113666376e-07,1.01152906720931e-07,5.6280676489265e-09,3.14670547253362e-07,4.01123060768869e-08,2.33355810234845e-17,-1.63063044215031e-08,1.67094462933535e-05,2.53810978922739e-07,-3.83889180103574e-07,2.03149813956366e-16,-3.24559162342206e-08,5.79268542107072e-09,-1.54558019551565e-07,-9.09208043092316e-09,-3.38150658331322e-07,3.07378112283271e-08,-3.820665720961e-07,4.60426222099492e-07,7.3174545220214e-16,1.04880266248859e-06,-1.65858086234876e-08,4.00662174217711e-08,7.90491528350451e-07,-6.33986844124541e-09,-4.72932984126415e-10,7.32053306862213e-16,1.79374362032357e-15,-1.42973210899218e-10,1.86878660567429e-09,-3.07500429812699e-10,8.82704767602844e-08,-1.10522719733342e-15,1.08330736134868e-07,1.70067528214325e-09,1.10864035069599e-15,3.97923596468035e-16,6.69054540531748e-16,-7.4093850025086e-07,-2.12083431107658e-07,3.24605036079704e-07,-8.42638230214962e-06,-0.00210279705961457,-2.65406088687884e-07,1.21203124968296e-07,-6.30269901902973e-16,4.72107651819154e-08,-1.58210106848437e-07,-2.46949254426873e-15,-4.69351668164463e-15,2.18070537436582e-07,1.68114622174114e-09,2.46455976121537e-07,-2.14992713381742e-05,-1.34868045125567e-06,9.89994202845699e-06,-3.78109427937377e-13,0.834088740931535,-5.89256044029288e-15,-4.16475145482166e-05,-5.95010694361131e-14,-5.75817980872726e-07,3.51138582221975e-15,1.59301121017575e-06,3.94593798004321e-07,1.08885168469061e-06,0.000352433905972537,5.30746167470652e-07,-5.65596726790293e-08,3.30611813774733e-07,9.86864638960275e-08,5.32372072275156e-06,4.70959427045636e-07,8.86411809410539e-08,-2.30944064170548e-07,-4.18553686044153e-06,-3.26423544679103e-07,-9.85708575953004e-08,-7.16043087945167e-16,8.77267510566848e-07,-1.4501715727922e-07,6.92985729586626e-08,-5.87101165999759e-16,1.36006613920256e-07,0.00211420260334547,8.65280309457323e-07,-2.84586400164524e-16,-2.23088923909332e-07,-1.3869281855839e-06,1.30860908755108e-15,-1.63999761118123e-07,3.51892116498519e-07,3.5915634010775e-16,5.43144150008356e-16,-1.26931750906528e-08,-7.58855652656808e-07,-4.29445874887503e-09,-5.91298569833877e-06,4.12763854951296e-05,4.01610862999881e-08,4.33576398618167e-07,3.53354591105999e-07,-1.40055285867051e-05,-1.09271315953952e-15,1.59223882801426e-09,1.22413562676362e-08,3.36870210623213e-08,3.14092462573677e-06,-9.01982905264736e-16,1.06896791525797e-16,1.02779426765999e-06,-1.98988255397226e-16,7.14191327477878e-16,4.2381526132269e-07,-6.2055849416765e-07,-1.16170324458549e-07,-6.81511886323109e-08,2.94098261001637e-06,7.68048347910377e-07,2.37500190736305e-07,-3.1677366839646e-16,5.36930324999176e-07,2.49825953590368e-08,1.14498862455926e-07,-1.02765791132875e-07,4.01861202966577e-07,-2.88662061706068e-17,3.83564164849242e-15,1.24502684510646e-16,-3.8686311296148e-07,-1.67621262199621e-08,-2.84868804014863e-05,5.29982466745871e-16,-1.26325144369138e-08,1.18434229848129e-15,5.71871509228801e-16,2.40939395281998e-06,-0.000644423124658279,4.70218482206963e-16,-1.2008493077577e-06,-5.56848637999599e-08,-5.0935798034532e-16,1.25626628099092e-07,3.4904225096346e-14,4.91891524759408e-07,-3.44373788247203e-16,4.90422424094878e-07,3.81577294840237e-07,1.3808661865399e-08,1.44516198954702e-07,9.90932610084017e-07,-4.43220127816348e-08,3.56265429641817e-05,-1.27255188451293e-16,7.92868180700429e-07,-4.4722461677578e-08,-1.06812221308075e-15,-5.88674370643779e-09,-1.19770899531979e-07,2.7787095477669e-08,2.83132748769653e-16,8.87023747649748e-08,1.17225981890955e-07,1.93170739689683e-16,-5.21891852653818e-06,-7.1704776828727e-07,-3.35462555150266e-09,3.38966071541901e-16,-1.02472018017258e-16,5.96767620039197e-08,2.02535267242337e-07,1.63788779891252e-08,-2.35179708995528e-08,1.18754492126995e-07,-4.27658082118891e-17,4.66600233257251e-16,4.33149428515552e-07,2.98532782500791e-09,3.92416991126276e-16,1.04508706413416e-06,1.03888190841719e-16,4.86532460439888e-08,-1.99323747046913e-07,-1.16446936701147e-07,-7.71585876880407e-07,-1.71861793512298e-16,-1.21974179873898e-16,-1.69164496595849e-16,-1.70583240522334e-17,-5.5636919877358e-09,-1.92921610963343e-08,9.51716718436032e-17,5.0254214956492e-17,5.05137234108216e-17,2.71218155630403e-08,2.43607919041266e-10,-1.33950579585269e-08,-1.42642411649233e-16,2.62011007508278e-16,5.24130435233805e-16,-5.7211322361975e-07,1.75042610117996e-08,2.3772128649083e-16,3.06628493045638e-09,-8.01625654017128e-08,1.41466641014653e-17,8.60539110708157e-17,-6.13120740355621e-07,-5.66594574084231e-10,-3.03440485224438e-07,3.14256599373718e-17,3.07744161894842e-08,1.2900107699708e-05,1.38215715528374e-05,-4.83708643322167e-07,-1.17498976424319e-07,1.91154899730533e-09,5.53009617853854e-16,-1.15231763307783e-18,-1.72013397206517e-17,3.62230048517292e-08,-3.27953298571437e-08,-1.36824281073552e-07,-9.70313348780228e-09,-6.18397296801616e-17,-2.52873347887884e-16,5.2051349133923e-16,3.77795016553162e-17,-2.52688096300034e-16,4.62320319137705e-08,-2.08770029891685e-16,-2.22124404286467e-16,-8.27851412106581e-08,7.87731542085848e-17,-7.41042246080629e-08,4.73822234495448e-17,-9.18672615410038e-08,-1.04083475054959e-17,-1.11161676264989e-07,-1.39102877889285e-08,-1.14683486596341e-07,-1.39769604999277e-16,4.46689264438986e-07,-9.74524949788133e-17,0.000183283530379473,-1.00097769623305e-07,5.53984373615355e-10,3.85315377407287e-16,8.94225976874132e-07,4.05129996314583e-16,-0.000255259720048789,-1.0816956167749e-07,-1.72572227496541e-16,9.73333873854207e-17,-1.21185719954373e-16,8.6594933355256e-17,-4.14603831134994e-09,-5.40029017391749e-08,-1.20601311161435e-08,-6.62887855318718e-17,-3.7430946433096e-17,-1.15318759961312e-08,9.40664340598214e-08,4.15133569913234e-17,8.07762145180642e-17,-5.49133112604909e-08,9.65624700178178e-17,-3.89092423966033e-07,-4.12344364308126e-16,3.3232159925169e-07,1.80603565494822e-16,-5.82173761396096e-18,7.5761277481667e-17,-1.70795583875374e-16,1.94403597854121e-17,2.83045587087713e-16,6.38408367800642e-09,-4.46486056018009e-08,1.08840032334385e-16,-2.9716276976049e-08,3.19378653872933e-05,-3.41329773743059e-16,-4.07389635784583e-17,-2.37624426751788e-16,1.10977903362761e-16,1.22377196083693e-07,1.95727096943811e-08,2.879450370346e-16,-3.90670219680225e-17,-5.70736521969141e-06,-7.17148850497931e-08,-1.08645576479249e-09,1.79642474987608e-16,-1.21757170476977e-17,-9.96368150604771e-18,1.07601760820702e-16,-1.65114623014172e-16,5.21407795730283e-17,4.67915638764358e-07,-4.42524925318609e-07,-8.50827356028007e-08,-2.75162730790898e-17,1.2872403550816e-16,-6.30828455879394e-17,5.38340129580728e-16,-3.001750780716e-16,-9.00340074204761e-17,1.21370155833989e-16,-1.14274276532059e-16,8.01129396457117e-17,-2.35042634007218e-16,-8.49738508467373e-17,1.83243340022273e-16,2.0625802901811e-17,1.32706380860611e-16,4.22122695280247e-09,3.30198634479073e-17,-1.84433237956189e-16,-6.39266503403678e-18,5.97374689827244e-08,-7.93863573329277e-09,-6.81370515119559e-17,-1.54159125026557e-09,5.4570876273756e-08,-3.28292103389298e-17,3.5859645872554e-16,-1.05186090321997e-07,1.52394780034669e-17,1.34245430419952e-09,-2.34370180788615e-17,-3.91335015849535e-18,3.75807269534691e-17,-2.10438265698505e-16,1.44756003543501e-08,-1.80239691647735e-07,-1.53272275864311e-16,2.38194588490123e-16,6.09490557561514e-17,-1.36479116690523e-16,-1.97921106587229e-16,2.17235633134768e-16,-5.37595612058308e-16,3.7829498990598e-17,2.16324687582992e-09,3.42180670121808e-17,-1.35551929882764e-17,7.25236506906959e-17,-1.27769093492944e-16,1.89297738556823e-16,1.50414584309146e-17,-7.52694745644316e-07,4.84475414267846e-17,2.48013803814532e-16,3.17939676916982e-08,1.52522109769446e-16,-3.38819216191787e-16,6.4328226071845e-17,1.99555128375246e-16,2.64808881108946e-08,-4.07667614095612e-17,-2.15300087382319e-07,-7.47261899881445e-17,3.51798200378453e-18,5.16320647696797e-16,-1.37443970592808e-15,2.3713928130677e-17,-2.24213116847488e-16,7.77541930913889e-09,-2.29751798004532e-16,-6.45316495277361e-17,3.98376658524956e-09,-9.70230711398446e-07,-9.96215352593325e-17,1.08765717913532e-06,9.94927622711714e-08,3.22491598158059e-16,2.72125444150965e-16,1.45072415459591e-16,1.8276434014343e-16,-1.31448265674169e-16,-1.66856589862301e-07,-3.41266806566115e-17,1.85613116420173e-17,-1.38800446966432e-16,6.67746906858439e-08,2.05159913141692e-16,-1.35089542689271e-16,-2.3387735281323e-16,6.98969560465539e-17,-3.04074105914484e-08,-2.00662330677327e-16,8.30938258473552e-10,3.64742053017933e-17,-2.60249783187754e-16,1.79631930608625e-16,-1.64486740087951e-18,2.67810528774396e-17,1.02977155141925e-16,1.13657839925163e-17,-1.44064311714301e-08,7.77891228881407e-17,-7.85584279582538e-16,6.05555619854012e-09,-3.9336789634387e-17,-2.15893461614749e-17,-1.99212340812291e-16,3.71681251726875e-17,-2.65970522698625e-17,1.48313546279111e-16,-4.38753194754236e-08,6.29630274628831e-17,-7.90778862899947e-18,1.30617518453205e-08,-1.44596517241159e-16,-1.71244718274439e-16,-2.01809699067474e-16,-8.64638223654464e-17,-5.56700646496398e-16,5.17429777752884e-17,2.77430382986633e-17,-1.63045837013411e-16,4.15572433708693e-17,-2.11572547114545e-16,1.22240631550501e-16,-6.84705762831181e-09,2.27030596901498e-08,-3.07684507094086e-16,-2.03697271609756e-17,-6.00055578692269e-17,-1.55306545434918e-16,-1.53414607406699e-17,8.36241792611591e-17,-4.20472854337936e-17,-2.02965049686905e-16,-5.4648230766876e-07,-6.13013133822312e-17,9.17510742413288e-17,-1.83073064319006e-17,1.7132448241e-16,2.51708363827514e-09,-6.68137446694142e-17,-3.98995006895692e-10,1.43637756346384e-16,2.83503564727748e-16,2.96413688064096e-16,-2.5773394446556e-17,-4.07668740405803e-17,2.6114221532712e-16,1.16740153001074e-16,-2.97669642161318e-17,-2.54845274337148e-16,-2.48498689863379e-17,7.60047782877652e-17,-1.26901322746054e-17,8.19348594024888e-17,-4.25818348418461e-17,-1.25686989322577e-16,-7.50173459115952e-17,-1.42615427431399e-17,6.56708430942968e-17,-6.26196730554016e-17,2.24836404520736e-16,-1.47505705566653e-16,-7.10871975622098e-18,2.90258635739699e-17,2.25233327208453e-17,2.40997762057058e-17,2.08460184544089e-09,1.99638623901969e-16,-4.92716667291524e-17,1.21845915018004e-16,-4.72358835835425e-17,-2.02506319233327e-16,2.87210891470973e-17,-4.06527507797697e-17,3.32354192600685e-17,-4.25403639286797e-17,4.62348678751957e-17,-3.11057603286091e-16,-7.98026278890844e-17,1.46419122999011e-16,-7.534932003078e-17,2.1635033316219e-16,1.33062509675709e-16,-1.18906662757339e-17,-2.68100033681738e-08,3.68759156578598e-17,7.16015524520859e-17,-3.74862414404122e-18,1.72836650850992e-16,-3.10775969792142e-17,-2.97681369953034e-16,-2.87911334745597e-16,8.47790917023368e-17,-6.80426142700798e-17,9.0756724614199e-09,4.92421871040638e-16,5.75151844319096e-18,5.98357649627086e-17,-8.1869280152833e-18,5.96075086316154e-17,3.43280200129976e-17,-3.51004465112538e-17,3.6017722190936e-17,-2.91534643973512e-17,-2.18944588593393e-16,3.69097876469575e-18,1.39790757538945e-17,1.05971042178347e-16,2.86250728332562e-08,1.57944806547685e-16,-7.2516287405246e-17,-1.1662267274804e-16,-6.22657307658425e-16,-7.84693059160139e-09,-1.90818526927911e-16,-1.15675282261021e-16,1.31198017521509e-16,1.03331201812597e-16,5.00309188648529e-18,6.45833300676754e-17,1.14217192805458e-16,5.53399296215919e-17,-3.20379490685946e-17,2.92503038315684e-17,-2.73312600926035e-17,1.34329778661539e-16,-1.03468991689684e-16,-3.15615154531015e-17,1.28175922220727e-18,7.0627489063674e-17,-2.24253436282044e-16
"t131",0.0263456481654396,-0.00245116629503345,-0.00216654086844161,-0.00034062109486799,-0.0113179355081622,0.0962758210539228,0.0164077742355938,0.000104836145517077,0.0247787171785617,-0.0187492511918744,-0.00340196630394289,0.00241815759173109,-0.00461193576106709,-0.000955512681456263,-0.0242913877728709,0.000524599992754938,0.000366816142501046,-7.54519555736952e-05,0.0028209270230388,0.000421016557867239,-9.03540422866031e-05,6.46219415327614e-06,0.000759020122764369,-0.000155440494581582,3.16663222446379e-05,-0.132441261733599,-0.00905438298879251,0.00058240087857642,-0.00256861067795011,0.00469776999451512,0.000126483918032229,-0.0047375734085222,-0.000246132816771036,0.00216068152749976,-0.000222179448160326,-0.000204876377975371,-3.68870801557256e-05,0.00193714723638593,0.00040456561323965,0.000103171728087897,0.000314294473865216,-0.000564357200997378,2.67431592004072e-05,-0.000455063784537023,0.000101012391684085,-2.18964507271458e-05,4.13820337002605e-06,-6.19818341815601e-05,0.000880246300147061,-0.00177803615791029,0.000113942195011648,-0.00011353625387543,2.19630858783353e-06,-5.27173851773725e-05,0.00161087214331239,-0.0828084652308155,-1.4624482972584e-05,4.6430484647881e-05,-0.000151768310702552,-1.06963860518579e-06,-1.90800070521174e-06,3.14368872036055e-05,-7.89310148128006e-05,6.04879873725123e-05,-6.13343182779001e-05,1.86190505166372e-05,-2.78213053684328e-05,0.0558843739204002,0.000521827387688837,-0.0109412792071799,-9.64515259299008e-08,2.38063591457118e-06,-0.0258498840354775,5.6642525657328e-07,-1.58299483098223e-07,-3.9765805092126e-11,-2.76450343642269e-07,8.44049099613098e-08,1.23448382298615e-05,0.000294281620219092,-2.75254280383546e-06,-0.000291187458643194,4.87380775281519e-05,2.46485815281229e-05,-4.77615537645808e-05,-0.000168647772838746,3.40159542780782e-05,6.32861302220794e-05,1.26637310248329e-06,-5.00782709929957e-05,0.000139405513012252,-5.08908950068096e-06,-0.475073792727657,-0.000556098496173092,-1.40412562156806e-05,-5.84811102205541e-05,-6.85589178397864e-06,3.24179702419746e-05,-0.000348692153868715,-0.000918205713000994,-0.0220272707658797,-8.92158086026568e-08,-0.00140682450308051,0.000164229400331476,-9.19065110520403e-05,2.54518535212479e-05,-0.0348236171804103,-9.7350056454528e-05,0.00159219463118148,-1.93006031044162e-06,-5.07196347063685e-05,-3.27153065270216e-05,8.93708141527781e-06,2.57957203764803e-06,-1.15897958444299e-06,6.40219231929097e-06,-0.000116401285251453,0.000166158900240346,-0.00138333287072405,8.91621597641519e-05,-5.78789586427303e-05,0.000245264116409431,-0.0135281383859687,-0.0576756841636403,-0.000227874043062599,0.00027954168265095,-2.6582122915641e-05,0.000152038492009113,-6.12235401405651e-05,-0.00208556668534902,-1.30901376654024e-05,3.72535784388e-05,1.85036537271347e-06,-2.67844789863598e-05,-1.93007938750109e-07,-4.46558012914433e-05,1.92043322673937e-05,2.1158863763089e-05,-0.000314105722647972,0.00112455090308533,-1.78245950828029e-05,-1.80982316676677e-07,-0.000370622996487928,0.000434255058071857,-6.0319798443325e-07,3.32625297201454e-07,8.03211626879676e-07,-1.65484096873305e-06,-9.89220340662486e-08,0.00943818827602529,-5.56090759936539e-07,-3.57060136762042e-08,8.19928607893281e-09,-4.53613287115823e-07,-5.2368291261569e-08,-8.7144296550375e-08,1.45254335030015e-06,-2.15101691124522e-06,-1.15168582495929e-06,-3.84456315210993e-07,-1.95460193717774e-06,2.87337031615138e-07,-2.05129735658617e-06,-3.02004820212335e-06,2.04324486320941e-06,-1.40189424122105e-06,2.21019083565014e-05,3.78162593115146e-07,1.88058433332244e-05,1.89102569154366e-06,-3.251494659472e-06,-5.72574096976381e-07,6.85039871403669e-08,2.32029102681887e-06,5.73314727187465e-07,0.00862094781996774,7.40336155560694e-09,-1.28013433304334e-06,-1.1844033551833e-05,-5.75773575695821e-06,2.28036296615615e-05,5.87424793902755e-06,-1.20041766304456e-06,-4.66067301734357e-09,-1.3725993645011e-07,-3.55591594555857e-08,-6.04486620481628e-05,1.39040459215575e-05,6.23095317667523e-05,-5.87347494697913e-06,-1.74663137793594e-06,3.47176718794874e-06,0.000633183514346462,1.65141283153049e-09,1.65088165397083e-07,-2.97358975854699e-06,-5.49295461624766e-06,-3.20160560624384e-07,3.28298193705069e-06,1.38873370615512e-06,1.38267966483318e-06,1.95130486709486e-05,-3.91345796273064e-08,-5.90966534062318e-07,-1.01322301188465e-05,-4.26938583710009e-06,6.52591152274026e-06,2.94574025719221e-06,-4.84170606798161e-05,-2.80961234839468e-08,-0.000195622028563924,2.78995418528887e-06,-1.29114111791847e-05,-2.12798800742226e-05,-1.2263388288325e-07,-8.82006478640662e-07,2.36385989048669e-07,1.49627846893447e-07,-3.44847406522154e-06,-0.000615998098123156,-7.11347775470669e-06,9.96270790292127e-06,2.31062768286468e-06,1.0693561045367e-05,-0.00865197687861298,2.24803552644259e-06,0.000179784908968719,-3.91218908508238e-07,-9.35971089773254e-06,-8.50693615769579e-06,2.26398210504061e-06,5.37892045306236e-07,6.93199802326125e-06,0.00637725833106256,-2.13390153169841e-07,-4.72850524056107e-08,-0.000688833048539342,-7.6619164221976e-18,-1.72821822067202e-07,2.51786234127267e-06,-5.49550536563132e-07,-1.49523278561772e-06,-0.000664387720062559,-9.1714289579546e-08,-5.88534242778562e-06,1.58163405643572e-06,-3.00121216245757e-07,1.97758299856525e-08,-3.93550192394097e-07,4.57079321064685e-05,-1.19362864811092e-07,1.27383858274535e-05,-9.65291406353425e-06,4.42608825946791e-08,-2.91058444381632e-09,1.39096586010471e-07,-1.31941319348679e-07,2.07763855167054e-06,5.26034644973294e-06,-1.00491691558091e-06,1.97438883185814e-06,-3.67474709212464e-06,4.20358741409273e-05,-2.53842692464447e-06,2.64103905724226e-06,-8.95165391486068e-07,1.72847691497359e-08,7.10808653208024e-05,-1.14502567734087e-06,1.09638884497979e-06,3.59831948468506e-08,-9.49364667122787e-07,9.56989500071149e-07,-1.21822377055321e-06,1.94629517948433e-06,-3.79787816891241e-06,3.04058992951311e-06,-2.31536310332003e-07,0.00126857630054455,-1.00808038575183e-07,6.15509252877175e-06,-4.85183532128405e-16,-1.83146021382427e-05,-6.33803120095548e-07,-7.28771813920415e-11,-6.63391465839389e-07,3.25042065254561e-05,-1.03542899592164e-06,-1.80099509785364e-07,2.28999082600882e-08,-1.0623492277897e-06,6.32367805049518e-05,1.44550324936643e-06,-1.21985941729059e-07,1.8499595039906e-05,-2.26430130236039e-05,6.49430980583847e-06,-1.40777249027083e-05,2.23473969249719e-06,9.19967609112618e-07,6.07607312891675e-08,5.73966848329552e-05,-0.000116654538816499,8.52995727684921e-07,-0.275930824271882,-2.43508157663756e-05,6.69667135537286e-05,-0.000452787169298917,-1.28266376460584e-05,-5.91312936716405e-06,1.77734961730132e-06,0.00373687538833359,-7.61342081362122e-07,3.05766032783371e-06,-8.15732971381953e-07,-6.87983994307565e-06,1.09886384015041e-05,3.42286845746349e-16,-1.28169703484018e-08,-6.24889209862278e-07,5.10917644538271e-08,-2.97195282152973e-06,-3.2973377434491e-08,-7.55596684164619e-07,-1.68634254534015e-06,2.12850805004245e-06,-0.000563340798297895,9.21478996660534e-17,3.15283729194912e-06,2.43208646164189e-09,9.36320175536301e-08,-3.850511491583e-08,-1.5275390599083e-05,2.89707428662044e-08,8.06055226363778e-07,-1.6327836558876e-07,2.58213251797585e-08,1.27810628683101e-07,-5.76716227098068e-09,-2.15676882319871e-07,-1.16866436403523e-09,-2.05557303193911e-10,-3.16718610440697e-07,1.89071470581399e-08,-4.21697547419805e-07,3.61496059004158e-16,-1.67730427308182e-07,1.40487456902136e-08,4.05123532856783e-10,4.16199519007822e-09,-1.56773021547151e-06,-3.96315556099905e-06,1.85867096094839e-07,-6.82113322007903e-07,-3.28311294586835e-05,1.41184462921898e-16,-7.37178666682099e-07,-2.59359787050313e-08,-9.80954790349381e-07,9.8078531455859e-15,3.11385755919385e-06,2.46320709084909e-07,-3.78220220073715e-08,-1.61011798005101e-06,-5.43864066341409e-07,-2.93245959514757e-07,-9.38695609443077e-07,3.03796944105108e-07,2.15590564606405e-07,1.21310595659103e-08,6.92307651297348e-07,8.83458230683092e-08,-1.39303232499882e-16,-3.74952284765899e-08,3.87271439496957e-05,5.98866405719408e-07,-9.31906860634243e-07,-1.19545113647241e-16,-8.42713491820465e-08,1.6413797622667e-08,-4.57766885726768e-07,-2.75237535236901e-08,-1.05201400664178e-06,1.0096066976598e-07,-1.38649198539783e-06,2.34753984870178e-06,-2.80533838919503e-16,9.1409260672301e-06,-1.54917872192056e-07,4.41705291211388e-07,1.17543659805652e-05,-9.69218690222263e-08,-8.07124744841602e-09,-2.04697370165263e-16,-8.5186766108613e-16,-8.03435546287771e-09,-9.34913255375134e-08,1.2372662832084e-08,-1.44728166780771e-06,7.68972144773317e-15,-7.33948274472129e-07,-8.96120567049294e-09,-3.8037110384516e-16,6.49105719533491e-18,-4.45125672170753e-16,2.18072970110619e-06,5.87269482558427e-07,-7.38625024698257e-07,1.64565571827196e-05,0.00403651028386384,4.37731366507089e-07,-1.9653604060163e-07,4.82593446491631e-16,-5.75985530871734e-08,1.75397241142873e-07,1.47685631996536e-15,2.1101493161423e-15,-1.67870117311317e-07,-1.185919028628e-09,-1.54542608026227e-07,1.24471967282572e-05,6.68069065548087e-07,-4.77962273711567e-06,1.7568881369971e-13,-0.388698625953051,2.80911327589783e-15,1.7495516267962e-05,2.78029823556208e-14,2.23613667266167e-07,-1.76105651953174e-15,-5.58013272697239e-07,-1.35302623007908e-07,-2.75801727618027e-07,-8.31728082085893e-05,-1.21506926705697e-07,1.12729468848867e-08,-5.78386447275895e-08,-1.21092360172223e-08,-6.50908424995194e-07,-5.05469847945702e-08,-7.19656709535764e-09,1.11916541043116e-08,9.52347283966542e-08,1.16956818425949e-09,-5.44909638442399e-10,1.19090669155417e-16,2.8502739733545e-08,-8.23582838171473e-09,8.18120888132967e-09,1.44328956685111e-16,1.82230834554842e-08,0.000331280773589585,1.43577056417469e-07,-8.01354254338421e-16,-3.80558295813871e-08,-2.61323039922874e-07,-9.90909428138741e-16,-3.22823615894347e-08,8.55685434041006e-08,9.24885254144992e-16,-3.17687663073069e-15,-3.29388546613642e-09,-1.98002715401672e-07,-1.14873821216387e-09,-1.62618849340491e-06,1.2025271922423e-05,1.17552067912315e-08,1.2774130694354e-07,1.11204224631526e-07,-4.6225686395617e-06,-2.18358317538581e-16,5.34398421248003e-10,4.12011301925269e-09,1.14490905262171e-08,1.07976498584426e-06,5.4172181679522e-15,1.37609763123875e-15,3.58730779063746e-07,4.06189496232601e-15,3.18946131367752e-15,1.60959061767809e-07,-2.38750099376548e-07,-4.47066460974818e-08,-2.69408887440472e-08,1.16667165572528e-06,3.0490714738519e-07,9.47355183132565e-08,4.39210147137646e-15,2.24531543590884e-07,1.05451202659697e-08,4.84765508600881e-08,-4.41543573820272e-08,1.77105153624241e-07,-2.50223716537388e-13,-0.70710678118655,-7.17244963525986e-14,-1.76321465636364e-07,-7.74402384150013e-09,-1.31741089107983e-05,1.4987182522781e-14,-5.91584793312135e-09,-3.76779782666585e-14,-2.27059434333724e-14,1.18627579126256e-06,-0.000317468928609435,1.14871220174839e-15,-5.98218535011171e-07,-2.79157972340479e-08,-4.16917288064811e-15,6.377274686442e-08,1.73057528624475e-14,2.53334371460956e-07,-1.0580271569581e-15,2.52897324570799e-07,1.96961056505679e-07,7.13553817359828e-09,7.47917686164943e-08,5.14587121023992e-07,-2.33045711808127e-08,1.90451593829932e-05,6.98479545811467e-17,4.32143261082068e-07,-2.44240704107665e-08,-5.87733328205221e-16,-3.22337247497987e-09,-6.58934215694134e-08,1.53517329613016e-08,-1.84817408118805e-15,4.96900802692413e-08,6.58439176656295e-08,4.95081938172696e-17,-2.94166750271288e-06,-4.04859501927338e-07,-1.90598692041713e-09,1.92875016532427e-15,2.29358788567865e-15,3.43933755981173e-08,1.17412037062861e-07,9.50627930289395e-09,-1.39811351033199e-08,7.08595797526795e-08,6.99602511691657e-16,-4.74455995395855e-17,2.59107890395509e-07,1.78637420362599e-09,-7.44446299902703e-17,6.27989164512556e-07,-1.42845181649422e-16,2.93521701287097e-08,-1.20896500321396e-07,-7.06555222406331e-08,-4.68858546352817e-07,3.09788651534674e-16,1.9190595432188e-16,-7.20831712642483e-16,1.30163016461118e-16,-3.42457048679648e-09,-1.18869177320568e-08,8.81399222410709e-16,5.50850419062835e-16,6.60185974810697e-16,1.6772666053624e-08,1.50888336073317e-10,-8.33191924321121e-09,-1.83815228295282e-18,2.10046552633764e-15,-2.57172755313562e-16,-3.60810555051742e-07,1.10443782431358e-08,2.78203094068883e-16,1.94469691597268e-09,-5.09449936701713e-08,-6.14923455359283e-17,6.11273682015999e-16,-3.9151232238894e-07,-3.61939154301629e-10,-1.94371178530434e-07,3.2442167067923e-16,1.98022380433707e-08,8.32118158212611e-06,8.94576782256641e-06,-3.14495738277819e-07,-7.64869075592125e-08,1.24712111382602e-09,-6.93561028297322e-16,-7.94959864037506e-16,-3.06672946841523e-16,2.39250974073516e-08,-2.16651095665045e-08,-9.05256071837189e-08,-6.46817913519536e-09,3.98621255057989e-17,4.76090817622659e-16,2.04761357248155e-17,-2.43844589723591e-16,5.53322040931804e-16,3.1053434248423e-08,3.927552907088e-16,1.14312116151902e-16,-5.57671969159715e-08,-1.72759898706585e-16,-4.99270747945677e-08,1.54716205289484e-17,-6.19107638357912e-08,2.14921533698285e-16,-7.52840088381389e-08,-9.43162296659983e-09,-7.78958396766855e-08,-2.340195522444e-17,3.04053227507321e-07,-2.01073997786216e-16,0.000125335632891169,-6.88532027743726e-08,3.81159073071299e-10,-1.26073549949382e-16,6.16688284162758e-07,-4.84733937840191e-16,-0.000176674873209695,-7.4881419106427e-08,-4.85695249087425e-16,-6.572177353267e-17,6.89505856755867e-17,-1.2275421894761e-16,-2.87858331423985e-09,-3.75229416753773e-08,-8.38722820628295e-09,-9.76246331040158e-17,1.66677807599868e-16,-8.05364379458958e-09,6.57063606798475e-08,-1.77620831672654e-16,5.30277186842903e-16,-3.85539960220309e-08,-8.4532374719076e-17,-2.7347053344732e-07,4.45037468195105e-16,2.34288528197219e-07,-1.09623403023781e-16,1.23061923680253e-16,-1.54559100710764e-16,8.74572737698705e-17,-4.57502473052245e-17,-2.56215458148078e-16,4.52828570707939e-09,-3.16721204678852e-08,-4.02569798328583e-17,-2.11234597058381e-08,2.27222035302876e-05,8.41753823434182e-17,2.38174195400018e-16,1.74189775905011e-16,1.17640609333474e-16,8.73848112325426e-08,1.39879128480111e-08,-3.81510156479309e-16,-2.5968441419907e-17,-4.08266656336271e-06,-5.13062505836271e-08,-7.77590208498722e-10,1.17291036380855e-16,-5.16618715446519e-17,-3.06482916859853e-16,2.75713162114821e-16,3.88072894296922e-16,-3.60643723024407e-17,3.37083080314089e-07,-3.1898237903311e-07,-6.13659285075492e-08,4.86068981746349e-17,-3.46481890026883e-16,-4.0102913756485e-16,-2.92126495711229e-16,4.73760297142708e-17,3.55373894005397e-16,2.72874705835666e-16,-1.50274079733944e-16,-1.46572197216777e-16,1.95255784824184e-16,2.0588890593592e-16,-1.5195275607629e-16,-2.73105151505606e-17,-2.19929248262708e-16,3.0741740644399e-09,-7.62232005694031e-17,1.01696528453011e-16,5.4748311088968e-17,4.3558930232409e-08,-5.79029200537709e-09,3.95420004923896e-17,-1.12460693410102e-09,3.98703205568466e-08,4.23175317203922e-16,1.23595489584147e-16,-7.69941410590545e-08,-2.22362438290267e-16,9.84871561041273e-10,4.98500345223145e-17,1.48714917748744e-16,-2.58350432048354e-16,7.51050379232972e-17,1.06570177028529e-08,-1.32724620911695e-07,-9.25336516995467e-17,-1.05586047372992e-16,5.83663951373495e-19,8.32056500366663e-18,1.74177079009796e-16,-8.61010655725241e-17,3.46042412906134e-16,8.5007174142322e-17,1.611712972936e-09,9.74434146434466e-17,-7.51045199193046e-17,-1.82240809503246e-16,1.10683030434139e-16,-3.41151804976035e-16,-1.44084195816799e-17,-5.62148337158867e-07,3.33878984441592e-17,-5.20141701095066e-16,2.37557414018191e-08,8.37992361028274e-18,7.71114367654224e-17,1.72225007692018e-16,1.76642646707333e-16,1.98871140350574e-08,7.69189189933336e-17,-1.61835331232967e-07,4.10905157013654e-17,4.20498292147985e-17,-4.02803457453449e-16,2.85660802670329e-16,-2.77240437164596e-17,2.70601741205227e-16,5.855207169243e-09,5.71011163287853e-17,-1.4697046561788e-16,3.00408435966226e-09,-7.31683819912733e-07,8.28428952306863e-17,8.21207817722102e-07,7.51471651489971e-08,-1.39016237906475e-16,-1.94720998713073e-16,-7.06751548807574e-16,-1.40030272465705e-16,2.17810729809139e-16,-1.26704522678855e-07,2.6586140295624e-16,-1.4045003768261e-16,1.3321740768697e-16,5.0774795988261e-08,-9.24307391996074e-17,-2.74064794804655e-16,1.17156221599057e-16,9.08396079103535e-17,-2.31625045310993e-08,2.25302617897595e-16,6.33302090092184e-10,-3.79166490667479e-17,5.16382218884779e-17,-2.82197979974158e-16,9.15149701876081e-18,-1.48447478240808e-16,-1.80218498719629e-16,-1.5421505559444e-17,-1.10112106224443e-08,2.05393934965749e-16,6.49241331154035e-16,4.63165435076296e-09,7.99371230515417e-17,-2.0590863495516e-17,-2.05821822865436e-17,3.33685744979241e-17,-9.28589095055396e-17,-1.43970173202668e-16,-3.36315807661861e-08,-4.75389545254335e-17,-7.48152765286512e-17,1.00218438584499e-08,-6.1717124846078e-17,2.05574118230572e-16,-4.75616065741362e-18,-2.13847968703314e-17,4.9823657227571e-16,1.66168145057454e-16,-1.77715855886954e-17,9.1506594832654e-17,-2.2057581060129e-16,3.71253113495716e-16,-1.67207872683712e-16,-5.27201305634353e-09,1.74879131304119e-08,2.75427885027196e-16,-2.78215242014075e-16,-6.83747839394054e-17,1.16613907597647e-16,-3.72965547335014e-17,-6.90017067437627e-17,8.68159595380033e-18,5.4046253473416e-16,-4.21859211981081e-07,-4.65689490165784e-17,-2.35851952134136e-17,-3.35969051564194e-17,7.12745248378494e-17,1.94659680086484e-09,1.42150983216758e-16,-3.09187750725147e-10,-1.65732744403261e-16,-2.77746482189688e-17,1.23080560784787e-17,-3.56153426463311e-17,3.32214946772695e-17,1.52083780759553e-17,-9.42144517628617e-17,1.35758334146187e-16,8.97261651452531e-17,-5.36272633346142e-17,-1.11605494423009e-16,3.32019747312622e-17,-9.01811866303481e-18,-4.956419458528e-17,1.37806791763668e-16,5.23990284329855e-17,3.355728163209e-17,1.55492576311843e-16,-2.83273115373562e-18,-2.22281802068026e-16,3.75025531462736e-16,2.39837580712626e-17,-7.2272171934749e-17,-7.89033001383549e-17,-2.76961976968154e-16,1.62708568306252e-09,-1.95303278598898e-16,-1.55652643327514e-16,-1.56396139683316e-16,-3.09833212745966e-17,2.67691942975224e-16,5.49370897948048e-17,-6.40658396149359e-17,6.68715507409992e-17,7.35008104173443e-17,-1.06410086672854e-16,1.46475713502792e-16,2.00271587034093e-16,-7.17586857247499e-18,-8.48582419681586e-17,-6.19812056399281e-17,-2.18211695042811e-16,1.28586928156214e-16,-2.10240147941034e-08,-8.42153261436275e-17,-5.72645723536279e-17,1.09655249456433e-16,1.25663300086008e-16,1.81251482105927e-16,1.24706597096023e-16,2.71247607840049e-16,-5.68316791271608e-17,-1.00841293640353e-17,7.15029772381111e-09,1.47462382820644e-16,-7.52802256847485e-17,-8.70670554495729e-17,1.12913942199668e-16,-3.57649920761822e-18,-1.45781736479784e-17,4.96538851329589e-17,-1.71230123258361e-16,-9.71554194550833e-17,-7.08348507639185e-17,-1.05031110858002e-16,8.69739959624924e-18,2.14343161917921e-16,2.26547869067685e-08,1.16955350995404e-16,-2.59131589926392e-17,-5.14343740457886e-17,6.21247844834194e-17,-6.22311510366576e-09,1.24257597259659e-16,-2.19287541258611e-16,1.45511412124647e-17,-9.01795406443337e-17,2.15421673151078e-16,1.18380017424025e-16,1.07955135712149e-16,2.85269643829637e-17,-6.39305709686015e-17,1.36960169247059e-18,6.08135209002714e-17,1.64556566476838e-16,-2.61535330074587e-17,-2.72404073667738e-17,-4.446316680966e-17,-4.68326471525809e-18,-1.91050018197834e-16
"t155",0.0263456481654396,-0.00245116629503345,-0.00216654086844161,-0.00034062109486799,-0.0113179355081622,0.0962758210539228,0.0164077742355938,0.000104836145517079,0.0247787171785617,-0.0187492511918744,-0.00340196630394289,0.0024181575917311,-0.0046119357610671,-0.000955512681456262,-0.0242913877728709,0.00052459999275494,0.000366816142501047,-7.54519555736899e-05,0.00282092702303881,0.000421016557867233,-9.03540422865849e-05,6.46219415328534e-06,0.000759020122764313,-0.000155440494581577,3.16663222446653e-05,-0.132441261733599,-0.00905438298879249,0.000582400878576424,-0.00256861067795011,0.00469776999451512,0.000126483918032233,-0.00473757340852218,-0.000246132816771026,0.00216068152749974,-0.000222179448160308,-0.000204876377975376,-3.68870801557421e-05,0.00193714723638592,0.000404565613239634,0.000103171728087922,0.000314294473865221,-0.000564357200997374,2.67431592004044e-05,-0.000455063784537007,0.000101012391684086,-2.18964507271334e-05,4.13820337001577e-06,-6.19818341815876e-05,0.000880246300147078,-0.00177803615791031,0.000113942195011661,-0.000113536253875407,2.19630858785754e-06,-5.27173851773664e-05,0.0016108721433124,-0.0828084652308155,-1.46244829725826e-05,4.64304846478939e-05,-0.000151768310702541,-1.0696386051865e-06,-1.90800070522588e-06,3.14368872035979e-05,-7.89310148128095e-05,6.04879873725113e-05,-6.13343182779179e-05,1.86190505166479e-05,-2.78213053684245e-05,0.0558843739204001,0.000521827387688816,-0.01094127920718,-9.64515259192286e-08,2.38063591449615e-06,-0.0258498840354776,5.66425256608437e-07,-1.58299483087691e-07,-3.97657797233916e-11,-2.76450343645956e-07,8.44049099544488e-08,1.23448382298582e-05,0.000294281620219128,-2.75254280382331e-06,-0.000291187458643177,4.87380775281745e-05,2.46485815281139e-05,-4.77615537645265e-05,-0.000168647772838744,3.40159542780976e-05,6.32861302221042e-05,1.26637310251332e-06,-5.00782709929783e-05,0.000139405513012445,-5.08908950080499e-06,-0.475073792727657,-0.000556098496173079,-1.40412562157203e-05,-5.84811102205994e-05,-6.85589178397002e-06,3.24179702419604e-05,-0.000348692153868793,-0.000918205713000944,-0.0220272707658798,-8.92158086096186e-08,-0.00140682450308052,0.000164229400331528,-9.19065110520961e-05,2.54518535213344e-05,-0.0348236171804102,-9.73500564545521e-05,0.0015921946311815,-1.9300603104265e-06,-5.07196347063668e-05,-3.27153065269651e-05,8.93708141518562e-06,2.57957203755281e-06,-1.15897958437335e-06,6.40219231923278e-06,-0.000116401285251505,0.000166158900240466,-0.00138333287072415,8.91621597642218e-05,-5.78789586426768e-05,0.000245264116409347,-0.0135281383859687,-0.0576756841636402,-0.000227874043062661,0.000279541682650879,-2.65821229157221e-05,0.000152038492009145,-6.12235401405849e-05,-0.00208556668534901,-1.30901376654612e-05,3.72535784389778e-05,1.85036537258538e-06,-2.6784478986393e-05,-1.93007938853226e-07,-4.46558012915209e-05,1.9204332267392e-05,2.1158863763304e-05,-0.000314105722647876,0.00112455090308509,-1.78245950828235e-05,-1.80982316942586e-07,-0.000370622996487909,0.000434255058071889,-6.03197984500969e-07,3.32625297196971e-07,8.03211627116103e-07,-1.65484096874782e-06,-9.89220340854278e-08,0.0094381882760253,-5.56090759935076e-07,-3.57060136585119e-08,8.19928609843575e-09,-4.53613287122726e-07,-5.23682913107314e-08,-8.71442965851641e-08,1.45254335033052e-06,-2.15101691125596e-06,-1.15168582498097e-06,-3.84456315194087e-07,-1.95460193729996e-06,2.87337031600171e-07,-2.05129735657281e-06,-3.02004820203748e-06,2.04324486351633e-06,-1.40189424104231e-06,2.21019083565051e-05,3.78162593170535e-07,1.88058433332464e-05,1.89102569156755e-06,-3.25149465958002e-06,-5.72574097001889e-07,6.85039873373995e-08,2.32029102678507e-06,5.73314727189946e-07,0.00862094781996783,7.40336159307866e-09,-1.28013433308568e-06,-1.18440335518052e-05,-5.75773575700762e-06,2.28036296615871e-05,5.87424793939509e-06,-1.20041766306292e-06,-4.66067303510259e-09,-1.37259936465097e-07,-3.55591594746895e-08,-6.04486620482242e-05,1.39040459215738e-05,6.23095317668052e-05,-5.8734749469611e-06,-1.74663137789935e-06,3.47176718794244e-06,0.000633183514346448,1.65141294642251e-09,1.65088165351418e-07,-2.97358975858233e-06,-5.4929546162622e-06,-3.20160560725079e-07,3.28298193710769e-06,1.38873370613472e-06,1.38267966485604e-06,1.951304867105e-05,-3.91345796524382e-08,-5.90966534044757e-07,-1.01322301187884e-05,-4.26938583697853e-06,6.52591152271587e-06,2.94574025713366e-06,-4.84170606798711e-05,-2.8096123496669e-08,-0.00019562202856396,2.78995418546498e-06,-1.29114111791704e-05,-2.12798800743835e-05,-1.22633882762995e-07,-8.82006478654159e-07,2.36385988769215e-07,1.49627846764818e-07,-3.44847406524113e-06,-0.000615998098123103,-7.11347775467329e-06,9.96270790307359e-06,2.31062768262644e-06,1.0693561045422e-05,-0.00865197687861306,2.24803552634763e-06,0.000179784908968671,-3.91218908688932e-07,-9.3597108976928e-06,-8.50693615775019e-06,2.26398210498315e-06,5.37892045262968e-07,6.9319980232531e-06,0.00637725833106256,-2.13390153212149e-07,-4.72850524192553e-08,-0.000688833048539394,1.78711190978281e-17,-1.72821822373877e-07,2.51786234126139e-06,-5.49550536348394e-07,-1.4952327856241e-06,-0.000664387720062624,-9.17142894887344e-08,-5.88534242775921e-06,1.58163405640462e-06,-3.00121216253834e-07,1.97758300197126e-08,-3.93550192392102e-07,4.57079321062541e-05,-1.19362864795396e-07,1.27383858274322e-05,-9.65291406339792e-06,4.42608825396902e-08,-2.91058432043412e-09,1.39096586108474e-07,-1.31941319245607e-07,2.07763855173448e-06,5.26034644960766e-06,-1.00491691557145e-06,1.97438883187193e-06,-3.67474709216068e-06,4.20358741408802e-05,-2.53842692452421e-06,2.64103905725878e-06,-8.95165391657371e-07,1.72847691371453e-08,7.10808653208954e-05,-1.14502567728787e-06,1.09638884488043e-06,3.59831947956389e-08,-9.49364667191807e-07,9.56989500080488e-07,-1.21822377064596e-06,1.94629517944437e-06,-3.7978781687986e-06,3.04058992944009e-06,-2.31536310343256e-07,0.0012685763005446,-1.00808038551568e-07,6.1550925287729e-06,-3.92673722561326e-16,-1.83146021380927e-05,-6.33803120200438e-07,-7.28771978493519e-11,-6.633914658954e-07,3.25042065256998e-05,-1.03542899602558e-06,-1.80099509946092e-07,2.28999084431057e-08,-1.06234922777415e-06,6.32367805049076e-05,1.44550324925952e-06,-1.21985941678145e-07,1.84995950400144e-05,-2.26430130234799e-05,6.49430980588386e-06,-1.4077724902586e-05,2.23473969215827e-06,9.19967609212866e-07,6.07607313082485e-08,5.73966848328861e-05,-0.000116654538816609,8.52995727895721e-07,-0.275930824271882,-2.43508157662948e-05,6.69667135535109e-05,-0.000452787169299043,-1.2826637646176e-05,-5.91312936732107e-06,1.77734961727464e-06,0.00373687538833367,-7.61342081291902e-07,3.05766032792857e-06,-8.15732971176444e-07,-6.87983994311171e-06,1.09886384015427e-05,1.0514601818627e-16,-1.28169702388341e-08,-6.24889209894234e-07,5.10917644636934e-08,-2.97195282149964e-06,-3.29733773359835e-08,-7.55596684638161e-07,-1.68634254525254e-06,2.12850805003583e-06,-0.000563340798298062,5.06205841246899e-17,3.15283729221524e-06,2.43208636672131e-09,9.36320172938159e-08,-3.85051147860759e-08,-1.52753905990583e-05,2.89707428862086e-08,8.06055226348789e-07,-1.63278365550808e-07,2.58213251860135e-08,1.2781062873381e-07,-5.76716217299858e-09,-2.1567688264928e-07,-1.16866434062687e-09,-2.05557104486758e-10,-3.16718610679961e-07,1.89071472051649e-08,-4.21697546757392e-07,2.35437654218301e-16,-1.6773042734786e-07,1.40487457224144e-08,4.05123836317294e-10,4.1619950760788e-09,-1.56773021559148e-06,-3.9631555608082e-06,1.85867096379053e-07,-6.82113321843147e-07,-3.28311294589112e-05,4.95597287400555e-17,-7.37178666769559e-07,-2.59359790178874e-08,-9.80954790101551e-07,9.42158133257941e-15,3.11385755933096e-06,2.46320709010312e-07,-3.78220221289503e-08,-1.61011798000926e-06,-5.43864066728194e-07,-2.9324595942805e-07,-9.38695609544394e-07,3.03796943272199e-07,2.15590564110414e-07,1.21310592358251e-08,6.92307651396033e-07,8.83458233633803e-08,-1.96238682111881e-16,-3.74952279918628e-08,3.87271439501277e-05,5.98866405814262e-07,-9.3190686013899e-07,-2.57229679258936e-16,-8.42713495193967e-08,1.6413797125994e-08,-4.57766887052891e-07,-2.75237538170363e-08,-1.05201400662341e-06,1.00960669500126e-07,-1.38649198533811e-06,2.3475398491217e-06,-2.75193019987111e-16,9.14092606699169e-06,-1.54917872811162e-07,4.41705291149822e-07,1.17543659808198e-05,-9.6921868828217e-08,-8.07124751945841e-09,-4.93528828915402e-16,-7.74317683500806e-16,-8.03435615979936e-09,-9.34913249875179e-08,1.23726623916492e-08,-1.44728166775819e-06,7.41492247977846e-15,-7.33948274721399e-07,-8.96120455869962e-09,-5.50976939142898e-16,-3.26245846942508e-16,-2.68861735553599e-16,2.18072970213459e-06,5.87269482038074e-07,-7.38625024816753e-07,1.64565571826576e-05,0.00403651028386275,4.37731365365163e-07,-1.96536040939347e-07,4.75327698229343e-17,-5.75985533150864e-08,1.75397241930084e-07,8.32684426274445e-16,2.07888912285884e-15,-1.67870117379423e-07,-1.18591918545889e-09,-1.54542608921511e-07,1.24471967283087e-05,6.68069065441464e-07,-4.77962273700857e-06,1.76335594505707e-13,-0.388698625953056,2.70166438361208e-15,1.74955162665709e-05,2.69684719434587e-14,2.23613667317992e-07,-1.45273248465854e-15,-5.5801327308773e-07,-1.35302623538692e-07,-2.75801727504407e-07,-8.31728082074293e-05,-1.21506927244647e-07,1.12729458386493e-08,-5.7838645404981e-08,-1.21092356849709e-08,-6.50908425213995e-07,-5.05469851602601e-08,-7.19656788132232e-09,1.11916543735502e-08,9.52347303109285e-08,1.16956731588107e-09,-5.44908298750525e-10,5.40885319738118e-16,2.85027396924595e-08,-8.23582815969262e-09,8.18120605331526e-09,5.25167756699385e-16,1.82230852137766e-08,0.000331280773590499,1.4357705622691e-07,1.08058603477058e-15,-3.80558297929062e-08,-2.6132304022727e-07,-2.56402829546669e-16,-3.22823616675452e-08,8.55685437871536e-08,-1.26233556106312e-15,2.48857658872915e-15,-3.29388644662563e-09,-1.98002716964118e-07,-1.14873746806728e-09,-1.6261884933272e-06,1.2025271923609e-05,1.17552068957268e-08,1.27741306366464e-07,1.11204225212626e-07,-4.62256863792561e-06,3.90074257616835e-15,5.34399700558289e-10,4.1201167059841e-09,1.14490923732453e-08,1.07976498524726e-06,-4.4970781448942e-15,-1.4346722749621e-15,3.58730776706353e-07,-3.83198079086431e-15,-3.86839351562883e-15,1.60959061197183e-07,-2.38750095011841e-07,-4.47066483999071e-08,-2.69408940135626e-08,1.16667165135926e-06,3.04907149435745e-07,9.47355171007921e-08,-4.13594313744903e-15,2.24531546755199e-07,1.05451407786817e-08,4.84765489496651e-08,-4.41543622140891e-08,1.77105161080137e-07,2.50075298762296e-13,0.707106781186545,7.1822096167526e-14,-1.76321423747122e-07,-7.74403218371431e-09,-1.31741088989841e-05,-1.56001179729306e-14,-5.91585124166487e-09,3.65619794477113e-14,2.22032800995193e-14,1.18627579025513e-06,-0.000317468928611534,-1.66143140911679e-15,-5.98218543171306e-07,-2.79157983435802e-08,5.37462516287266e-15,6.37727439836195e-08,1.75813918546677e-14,2.53334369651212e-07,1.44855270222282e-15,2.52897330788756e-07,1.96961056965391e-07,7.1355394352278e-09,7.47917655122933e-08,5.1458712043959e-07,-2.33045695161016e-08,1.90451593881731e-05,5.46709046821809e-17,4.32143259745389e-07,-2.4424069542649e-08,1.47719672389617e-15,-3.22337239615505e-09,-6.58934207989248e-08,1.53517351024728e-08,1.73292528397051e-15,4.96900803008979e-08,6.58439174759052e-08,-2.40160928187957e-16,-2.94166750445872e-06,-4.04859501102821e-07,-1.9059868546246e-09,-2.24040874950602e-15,-2.10483309595947e-15,3.43933741514641e-08,1.17412037747713e-07,9.50627750628355e-09,-1.39811343735938e-08,7.08595770445739e-08,-7.07485761008477e-16,-3.28685534710992e-16,2.5910789032085e-07,1.78637589313074e-09,-3.9718532648382e-16,6.27989164541687e-07,2.22262215312568e-17,2.93521707259986e-08,-1.20896501605546e-07,-7.06555228834912e-08,-4.68858544306e-07,-4.74148730613529e-16,-9.61923381803457e-17,7.40969697983861e-16,-1.50508691938041e-16,-3.42456987244711e-09,-1.18869178894078e-08,-1.03583493019187e-15,-4.46762394504985e-16,-7.9428129992893e-16,1.67726643591646e-08,1.50889422108653e-10,-8.33192112895869e-09,1.21509818147737e-16,-2.43076771818534e-15,-3.52962017252656e-16,-3.60810555355796e-07,1.10443780434672e-08,-3.61783181507326e-16,1.94469624756643e-09,-5.09449941591839e-08,9.94448317441739e-18,-6.74713251580932e-16,-3.91512321810135e-07,-3.61939056834498e-10,-1.94371178294151e-07,-4.15754099098293e-16,1.98022377845032e-08,8.32118158196392e-06,8.94576782197527e-06,-3.1449573861709e-07,-7.64869066473605e-08,1.24712117544914e-09,2.82600385215433e-16,6.59337328195484e-16,1.82075490416275e-16,2.3925096791519e-08,-2.16651095310745e-08,-9.05256063126042e-08,-6.46817969510421e-09,-1.06392512397765e-16,-1.95898800880411e-16,-3.53147537890509e-16,3.36204600732053e-16,-4.50662788228372e-16,3.10534341405062e-08,-2.81504108235259e-16,1.39908185136805e-16,-5.57671975145713e-08,3.07599265699842e-16,-4.99270750822249e-08,-4.22438864556599e-17,-6.1910764537379e-08,-2.71871380270176e-16,-7.52840086279841e-08,-9.43162365856490e-09,-7.78958402173565e-08,2.09415976272266e-16,3.04053227348025e-07,2.11504744717682e-16,0.000125335632890881,-6.88532025303352e-08,3.81159153168444e-10,-2.52140088748649e-16,6.16688284567028e-07,4.48190097917387e-17,-0.000176674873209825,-7.48814187945865e-08,5.8945067664905e-16,-6.99452256582743e-18,-7.4103836114513e-17,1.81841810206166e-17,-2.87858317472098e-09,-3.75229419920688e-08,-8.38722788423281e-09,7.61951919348978e-17,-1.34762979083753e-16,-8.05364465932293e-09,6.57063607980256e-08,-1.39050338363945e-17,-4.99779224574429e-16,-3.85539956676838e-08,1.94756339755066e-17,-2.73470533888441e-07,1.17699559476392e-16,2.34288528224273e-07,-2.48701435499214e-17,-2.17552640068972e-16,5.12850269364354e-17,-3.26267593576913e-16,4.5481953120264e-17,9.30060616095791e-17,4.52828584588281e-09,-3.16721206785095e-08,-5.82518200996363e-17,-2.11234600452123e-08,2.27222035301615e-05,1.07595058772703e-16,-1.11065214893916e-16,3.04318101274779e-16,-3.21091397643767e-16,8.7384810756894e-08,1.39879123753442e-08,8.64513149885116e-18,2.01494888797624e-16,-4.08266656287803e-06,-5.13062506590662e-08,-7.77589731597754e-10,-3.05328872005759e-16,7.64966060524841e-17,2.89783702280683e-16,-3.95815003807852e-16,-7.06284498082949e-17,8.69993343234911e-17,3.37083080372463e-07,-3.18982378586038e-07,-6.13659286784007e-08,-1.18494932483048e-17,2.57117053149949e-16,3.96912754095217e-16,-7.2867564512417e-17,1.73145135822094e-16,-2.50532319063064e-16,-2.46348022390156e-16,2.47694721101441e-16,1.08080529713226e-16,6.61609622200946e-17,-6.11398581398066e-19,2.87444734401056e-16,4.16195725740872e-19,1.03439098983498e-16,3.07417414865051e-09,7.94584923432122e-17,3.23075772570561e-17,-1.40620621012807e-16,4.35589301805607e-08,-5.79029252957264e-09,2.62953576586824e-17,-1.12460720949381e-09,3.98703207394025e-08,-4.30064863525854e-16,4.61459482563887e-16,-7.69941408889339e-08,1.32148683526601e-16,9.84871326144931e-10,-2.62853567100821e-17,-1.2892789100243e-16,2.87374666313571e-16,1.59212745280266e-16,1.06570183862467e-08,-1.32724620791689e-07,-8.49441653643249e-17,-1.63865457680969e-16,-5.63970976986417e-17,-1.48726119630548e-16,-8.13151629364128e-18,-1.8655871575579e-16,-4.93527210092882e-17,-5.17594527798145e-17,1.61171292174905e-09,-8.07182372210202e-17,9.6395154887413e-17,1.13257969007054e-16,-9.55474969580363e-17,2.83740732428072e-17,1.82938284459244e-17,-5.62148337079888e-07,-8.28410010273002e-18,-4.72749828250993e-17,2.37557414296749e-08,-7.06482470399782e-17,4.42583858175481e-16,-2.12486161011741e-16,-3.43245920436402e-16,1.98871139848739e-08,-9.54274578493787e-17,-1.61835331148134e-07,1.33708146241418e-16,-4.82311258592844e-17,-2.97120967991816e-16,-1.94267006452774e-17,3.64745593969511e-17,-9.46118648983414e-17,5.85520544785437e-09,-1.28385393646992e-16,1.9834857676839e-16,3.00408447492612e-09,-7.31683819663483e-07,-3.08621389084066e-17,8.21207817930557e-07,7.51471647931196e-08,-3.1598504283829e-17,-2.91632577233037e-17,3.04333021607339e-16,-2.15276466958189e-17,-1.21326198628655e-16,-1.26704522752059e-07,-2.42667351883683e-16,-1.77509423190881e-16,5.19181601751489e-17,5.0774796040849e-08,8.78644195766243e-18,3.44896568275257e-16,1.2274061996786e-16,-1.2261564675159e-16,-2.31625044455611e-08,-9.92549317481126e-18,6.33302082035251e-10,8.50307139610421e-17,1.01701252090015e-16,1.65643215801496e-16,2.92918528311305e-17,7.0196533391713e-17,6.30038374166727e-17,-4.71497062770638e-18,-1.10112102776013e-08,-3.52619536558703e-16,-2.24051732550316e-16,4.63165431087819e-09,-2.22539070058061e-16,-4.16137338255282e-18,1.33820410016966e-16,-9.12181587621694e-18,1.19553845745928e-16,-2.45174722325129e-18,-3.36315807286358e-08,2.10813966895703e-17,1.3734676594817e-16,1.00218438951102e-08,-1.571243084444e-16,3.65341757388009e-17,2.25243717814928e-16,4.62975303431518e-17,-1.10613742978075e-16,-7.70070208332867e-17,2.89242828026469e-17,-5.60826497382934e-17,1.10183406229765e-16,-1.26551986172513e-16,6.46448355648042e-17,-5.27201294285502e-09,1.7487912968542e-08,2.01099008146769e-17,3.60855445629313e-16,1.04651378428248e-16,-6.59764409072153e-17,1.2300273646848e-16,-1.25558820351945e-16,7.8900920705505e-17,-3.57271132509585e-16,-4.21859212020038e-07,4.6654056937182e-17,-7.48324641456161e-17,-7.00690840850136e-17,-1.93394236965944e-16,1.94659680439381e-09,-9.3591551658802e-18,-3.0918758354237e-10,-4.56375945130998e-18,-9.63450761196481e-17,-1.0051481567865e-16,4.91253955398068e-17,4.28501506431175e-17,-4.47683655430117e-17,1.36214772242997e-16,3.47830341386994e-17,1.50889903650707e-16,1.05977488054756e-19,4.29909393312225e-17,1.73478016474189e-18,8.99421323426171e-17,6.96837875597301e-17,-5.62937950064749e-17,1.16036992702073e-16,4.69362972344102e-17,-2.37891233995212e-16,1.31922440621978e-17,-2.42455271031305e-17,-9.97465998686664e-18,-2.52510492457406e-17,-1.75786374352801e-16,5.42999301985637e-17,2.99290841104661e-16,1.62708558607448e-09,-1.07169442991908e-16,-1.57387366803485e-16,8.84302596572252e-17,-1.11315864006004e-16,-6.98852420109591e-17,-1.0716616737323e-16,1.69031920797954e-16,-1.2454166050005e-16,1.50287242286008e-17,1.89437375201882e-17,-1.69515009668109e-16,2.44102317358992e-18,-1.18368203111293e-16,1.90398562911643e-16,-1.16346143467209e-16,6.85737780329727e-19,-9.78027153542693e-17,-2.10240147591508e-08,-2.81923656837245e-18,-5.36086346739731e-17,-4.71064482954993e-17,-1.89677521742832e-16,4.62631420786742e-17,-8.12504948190939e-17,2.34407912658261e-17,-4.85888495430296e-17,7.10877447264928e-17,7.15029767573019e-09,2.13002404147395e-16,2.98167034142177e-17,2.38205119160637e-17,-7.05029969591687e-17,-7.81870648608196e-17,9.29624637190166e-17,7.56965038376838e-17,7.51312300050681e-17,1.31803816539245e-16,-1.38537651247599e-16,9.31522578148488e-17,-6.37820937035498e-17,-3.43455643157596e-16,2.2654786757787e-08,-2.06469497054437e-16,1.32164900702145e-17,7.51825746699255e-18,-4.12213665978989e-16,-6.22311512917843e-09,3.65703131811978e-17,3.69846380802119e-16,-1.88675039568883e-17,-1.88873810121141e-17,-1.95577246609008e-16,-9.5815553884108e-17,1.26523181483297e-16,2.97103897313058e-17,-3.78267136181433e-17,-3.49140848687632e-17,3.79076813373983e-18,-7.98628001025328e-17,-1.0535860942975e-16,-3.99339705554217e-17,1.9996046415338e-18,4.10250986188888e-17,-2.25146896549101e-16
"t11",0.0263102683676617,-0.00244422784813957,-0.00216020966895305,-0.000339286863516497,-0.0112636496601036,0.095734000837511,0.0163136205180903,0.00010418668088725,0.0245974029713924,-0.0185828747118027,-0.00336366074519569,0.00238460481509133,-0.0045460707035053,-0.00094165989035462,-0.023923855246398,0.000516193932635573,0.000360797894571291,-7.41915864452459e-05,0.00277271358625831,0.000413198530100588,-8.85390668203278e-05,6.30547482967346e-06,0.000739578576411934,-0.000151436251237588,3.08473601117103e-05,-0.12885230979012,-0.00880611379401255,0.00056628784702213,-0.00249563414266858,0.00454007020803259,0.000121954931367017,-0.004560182935749,-0.000236248043349742,0.0020697708324488,-0.000212351147757987,-0.000195084908799391,-3.51016678262983e-05,0.00184188556400842,0.000384534417175459,9.79868729302139e-05,0.000298042644890651,-0.000534462521083837,2.53052654222727e-05,-0.000430566402750024,9.54789999490526e-05,-2.0619763064387e-05,3.89241546531627e-06,-5.82685636835443e-05,0.000826238526131643,-0.00166614344395984,0.000106530646510612,-0.000106038392610165,2.05094583696795e-06,-4.9162738774468e-05,0.00149830210448528,-0.0769907943973567,-1.34976364364936e-05,4.27654710621789e-05,-0.000139754226914617,-9.79970891478371e-07,-1.74123618513494e-06,2.86331875412764e-05,-7.17770288826618e-05,5.49834540973105e-05,-5.55855678735224e-05,1.68280390216523e-05,-2.49925382649844e-05,0.0500633709812736,0.000466870607339538,-0.00976613578939321,-8.50167439302886e-08,2.07785629590491e-06,-0.0225275585338335,4.92054366718995e-07,-1.37459745659837e-07,-3.44828548734187e-11,-2.39590550407535e-07,7.29514588195038e-08,1.06032623364376e-05,0.00025212150243225,-2.3478708649316e-06,-0.000248140093122866,4.12406295894601e-05,2.08120255039623e-05,-3.99525492963448e-05,-0.000140709930998218,2.83064819154952e-05,5.26412650982339e-05,1.053248857656e-06,-4.16386676122568e-05,0.000115795083097208,-4.18671280742831e-06,-0.390487083502277,-0.000454327233315137,-1.13506055648913e-05,-4.71982583838149e-05,-5.5327550719448e-06,2.60536177857621e-05,-0.000279803889899686,-0.000732486374781973,-0.017487103528103,-7.07963698605872e-08,-0.00111582785347831,0.000127366307069375,-7.11541467289564e-05,1.96782880749136e-05,-0.0268593430144209,-7.50351310170266e-05,0.00122575707824007,-1.48316385503651e-06,-3.89525915689379e-05,-2.50364327875565e-05,6.83648353595207e-06,1.9547305694363e-06,-8.76459040762998e-07,4.81989408813106e-06,-8.74556178634801e-05,0.000124142954670777,-0.00102792699746185,6.59806927233105e-05,-4.27296145936786e-05,0.000179580226071285,-0.00985180918079225,-0.0419933389683042,-0.000165784129282787,0.000202234314923018,-1.92217937519837e-05,0.000109404941481899,-4.34343754103081e-05,-0.00147934512518597,-9.27429828928991e-06,2.61376876794647e-05,1.29573863889133e-06,-1.87298146979466e-05,-1.34187537403782e-07,-3.10216002662937e-05,1.31758454822968e-05,1.43690728621275e-05,-0.000210288864339124,0.000752561883265225,-1.18988608718827e-05,-1.20662079628319e-07,-0.000246591430637735,0.000288702132523253,-4.01014821710392e-07,2.19888251138848e-07,5.24945550612395e-07,-1.06878717716335e-06,-6.36982455138208e-08,0.00603714510447528,-3.55514356561743e-07,-2.27687946798374e-08,5.22056586384774e-09,-2.88321808354544e-07,-3.27546901458373e-08,-5.43636601430779e-08,9.04464256718341e-07,-1.28192191282102e-06,-6.78734150608607e-07,-2.26182954699614e-07,-1.13886768590019e-06,1.67084926744417e-07,-1.17778481223546e-06,-1.73130557107944e-06,1.15658006414034e-06,-7.83684436411655e-07,1.18979371494124e-05,2.03293644707836e-07,1.01061236650629e-05,1.0108029521492e-06,-1.72705967824442e-06,-3.03849316418254e-07,3.58937151367333e-08,1.21084218044997e-06,2.96552639626857e-07,0.00444951294793647,3.81678486410112e-09,-6.46153247373838e-07,-5.84456393784697e-06,-2.82992899717584e-06,1.11652751313698e-05,2.84352011616823e-06,-5.78496596054353e-07,-2.23618924576451e-09,-6.55830045164309e-08,-1.6750509393997e-08,-2.83734063350072e-05,6.32254825446866e-06,2.83033520055814e-05,-2.6388021508833e-06,-7.60584450078965e-07,1.47138446489231e-06,0.000265783082544845,6.83155676760238e-10,6.75404005680747e-08,-1.17575579540814e-06,-2.15542142713289e-06,-1.23585061782328e-07,1.25670876648935e-06,4.9666350926787e-07,4.92837969113155e-07,6.74296312701092e-06,-1.31001838697625e-08,-1.82183585852096e-07,-3.12231851430311e-06,-1.3050587000575e-06,1.94510161604177e-06,8.62312149851885e-07,-1.34817539434261e-05,-7.31851790347796e-09,-4.80819121363562e-05,6.7296460565927e-07,-2.84410398772806e-06,-4.43608570143857e-06,-2.55262910094495e-08,-1.75385010093634e-07,4.13332684031898e-08,2.5463767191001e-08,-4.99595213932994e-07,-7.82283657364834e-05,-8.58859294352054e-07,9.41849891086713e-07,2.03803432116698e-07,8.68497923597662e-07,-0.00051582087233147,1.24096500056706e-07,9.72934445040384e-06,-1.16776570910305e-08,-1.38895233495285e-07,1.79648079019819e-08,-2.23985918601167e-08,-9.68895103154926e-09,-1.77984244137411e-07,-0.00017764476339932,1.02885415745282e-08,2.88921330948577e-09,5.18316947906439e-05,6.96821713368703e-17,1.65675057315416e-08,-2.51871273103735e-07,7.10531446940402e-08,2.27837308154548e-07,0.000114114563104599,1.58604237210898e-08,1.23512250154578e-06,-3.41935279368976e-07,6.57618120219927e-08,-4.6119730758386e-09,9.55699185700255e-08,-1.19130120554137e-05,3.20622123286905e-08,-3.4638045566392e-06,2.80110944270281e-06,-1.6371893350985e-08,1.1626437983474e-09,-5.90669121553741e-08,6.34998562276409e-08,-1.00849535227209e-06,-2.77063688358381e-06,5.531571522248e-07,-1.15524600689225e-06,2.19172784566241e-06,-2.55742963183864e-05,1.58694612999162e-06,-1.71778187412592e-06,5.84839278832942e-07,-1.24429388659e-08,-5.12808673691992e-05,8.28086860363394e-07,-8.13411011545734e-07,-2.6948785685212e-08,7.32466708570606e-07,-7.42413450556881e-07,1.12192108354337e-06,-1.82542642633917e-06,3.61360564154688e-06,-2.98937816572867e-06,2.33622711634657e-07,-0.0013562602262714,1.09585245288868e-07,-6.77936742751135e-06,1.49456143603217e-15,2.10956917979212e-05,7.34335509534135e-07,8.60581773396601e-11,8.19189035656912e-07,-4.1694952035527e-05,1.35228371112875e-06,2.37307366057438e-07,-3.37915796834506e-08,1.57902268843539e-06,-9.4175972992376e-05,-2.22486305861996e-06,2.06081434713518e-07,-3.17594644971427e-05,3.93094870734391e-05,-1.16976068626049e-05,2.91909756368983e-05,-4.91761300648824e-06,-2.03146769643059e-06,-1.34310537664205e-07,-0.000147276747650664,0.000357660937728955,-2.67699972884487e-06,0.89631390412972,8.25187194280675e-05,-0.000229929099155361,0.00173891737019894,4.96874620350072e-05,2.32734554254069e-05,-7.07240648326726e-06,-0.0154194178858991,3.27241080244001e-06,-1.36575045514131e-05,3.70605914791953e-06,3.21812266021045e-05,-5.47730498998804e-05,-5.95349489623242e-16,9.95446883036413e-08,5.11030698418548e-06,-4.52942456299378e-07,2.64119897942456e-05,2.93799740293979e-07,6.87231337838482e-06,1.59567980268746e-05,-2.11427704550439e-05,0.0062101220931635,-6.35665848504657e-16,-4.57813023974079e-05,-3.67134418357942e-08,-1.54272997343761e-06,6.41367481725367e-07,0.000327139696543755,-7.3260209060811e-07,-2.71516719653753e-05,7.07906523727468e-06,-2.81710291846606e-06,4.068296762749e-05,-5.35107624859023e-07,-1.43717441275939e-05,-6.63650332151687e-08,-9.26354800940415e-09,-1.3957728839719e-05,7.30063725697547e-07,-1.48650320428268e-05,-1.1114279073597e-16,-3.62305081197745e-06,2.81499588917632e-07,8.11185909175724e-09,6.93467817560279e-08,-2.54846696754929e-05,-4.99177592466152e-05,2.20369784552973e-06,-7.99537255969636e-06,-0.000369023974564648,-2.50389586416328e-16,-7.91815958253065e-06,-2.74081578646375e-07,-9.78050989626617e-06,9.35535654220829e-14,2.92781951736872e-05,2.28558258314027e-06,-3.48575319548667e-07,-1.46353491839271e-05,-4.83267225306067e-06,-2.56275863243641e-06,-8.09936445266469e-06,2.52673766213952e-06,1.78550664213729e-06,9.80653938079323e-08,5.37202115411298e-06,6.84132556264823e-07,3.91586002413894e-16,-2.69486815466888e-07,0.000274935128757702,4.14032845628868e-06,-6.19835857705775e-06,2.2301999855321e-16,-5.18506819350287e-07,9.32185622520105e-08,-2.51311289910661e-06,-1.48792847943851e-07,-5.58474872781535e-06,5.18614557202108e-07,-6.76525111630327e-06,1.01680954732906e-05,-2.28779690928892e-16,3.58435187591633e-05,-6.02295152357299e-07,1.68693942111292e-06,4.37959220111656e-05,-3.60439280643537e-07,-2.98068440859528e-08,3.12250225675825e-17,-1.42084858771125e-16,-2.8496085795507e-08,-3.20025897501249e-07,4.21639885471682e-08,-4.7749342062797e-06,2.32268293584433e-14,-2.25009522363277e-06,-2.6551141523771e-08,-1.6254871508325e-16,-1.64227745042695e-16,-1.61519552771697e-16,5.75310858300086e-06,1.52452646690001e-06,-1.80806203101107e-06,3.81557805355324e-05,0.00929670954239777,9.45335568708896e-07,-4.2111166790242e-07,-2.4992053907176e-16,-1.05274714115048e-07,2.99448482891059e-07,-2.36683229366109e-17,5.34960973177584e-16,-1.95519487101084e-07,-1.1994161873478e-09,-1.21679998147069e-07,7.75554696253573e-06,1.79843617878905e-07,-9.86409864048399e-07,2.11990168613956e-14,-0.0456989930368796,2.78442806553445e-16,-2.78382192432543e-06,2.88416751419163e-15,-8.63014204069633e-08,-2.17309229011111e-16,3.95438560183997e-07,1.05435209981139e-07,5.36389157483861e-07,0.000188614867199755,2.93209878299484e-07,-3.53103365623208e-08,2.25682860411487e-07,7.94564838218529e-08,4.2917373192121e-06,3.9584835042572e-07,7.97675774664082e-08,-2.24668976241089e-07,-4.30677872741234e-06,-3.49318442338521e-07,-1.07392182844024e-07,1.11046215540178e-16,1.00528614310178e-06,-1.7339468461431e-07,9.12028004251691e-08,6.16651695016916e-17,1.8308238830696e-07,0.00293449740036167,1.21545163057873e-06,-3.1720227678091e-16,-3.15231275162964e-07,-2.00341770775187e-06,1.37135488265764e-18,-2.39292131773897e-07,5.40554927317939e-07,-5.62647547695957e-17,1.54063215257216e-16,-1.98258183420678e-08,-1.18695454240627e-06,-6.76064722598249e-09,-9.37638955258565e-06,6.6454386728651e-05,6.47388721646372e-08,7.00128382191918e-07,5.80672423812028e-07,-2.33085508825119e-05,-5.56195714485064e-16,2.66166379624136e-09,2.04785115102163e-08,5.65003119039954e-08,5.28393485623157e-06,-1.5977344153374e-16,-1.06156708393975e-16,1.73597582754673e-06,3.53511191303237e-19,-5.07086107711274e-16,7.3172386005544e-07,-1.07494511998286e-06,-2.01246460700643e-07,-1.18862789334328e-07,5.13385894026715e-06,1.34097458263089e-06,4.15155838951161e-07,9.81990412293215e-17,9.49446741842524e-07,4.4274699279337e-08,2.03062938225084e-07,-1.82884578326095e-07,7.19334891921439e-07,2.15557430355792e-17,-2.31808730567603e-16,8.22307365276463e-17,-6.97628151546486e-07,-3.03140787480433e-08,-5.15290263206834e-05,-1.51180921769706e-16,-2.2909903507695e-08,-1.60861219243953e-16,-1.46363235084771e-17,4.41207165928053e-06,-0.00118018894775791,1.85398571495021e-16,-2.20359032903105e-06,-1.0229507249582e-07,-3.20262424316496e-16,2.31266865211498e-07,6.32790159585984e-14,9.07621139417763e-07,-3.14392820209052e-17,9.05087953503988e-07,7.04317469027715e-07,2.5492412421314e-08,2.66856093845059e-07,1.83074696392323e-06,-8.20339034788371e-08,6.60883039919257e-05,5.59622619854264e-17,1.47428533979524e-06,-8.31772897361937e-08,1.77165205686717e-17,-1.09517127194883e-08,-2.22936854055015e-07,5.17446096923516e-08,-1.61361220744869e-16,1.65402059571332e-07,2.18641702275417e-07,2.67799918661994e-17,-9.73691095410164e-06,-1.3379848256374e-06,-6.26274910741944e-09,3.28746919549817e-17,-1.43578533118408e-16,1.11521445409441e-07,3.78620705443943e-07,3.06207877393143e-08,-4.4010867347046e-08,2.22254006989956e-07,7.88989648907526e-17,1.47873884719357e-17,8.10699589029349e-07,5.58748990291865e-09,8.99917143575371e-17,1.95616935673033e-06,2.55196433163934e-17,9.10718982614845e-08,-3.73114612480356e-07,-2.17977367169235e-07,-1.44433278453762e-06,-1.64391725882873e-16,3.87213424686743e-18,1.94088017045487e-16,-5.95805358394992e-18,-1.04132783747995e-08,-3.61073986262918e-08,1.656948777332e-17,-9.68999106491414e-17,2.88379973460688e-17,5.07570150826428e-08,4.55879192713388e-10,-2.50636400297184e-08,2.78885897217127e-17,1.61817174243462e-17,-2.64274279543342e-17,-1.06980643076602e-06,3.27307142263493e-08,-1.57714288463479e-16,5.73171893058552e-09,-1.49824645553713e-07,-2.54223022856244e-17,1.22686385857169e-17,-1.14552483795509e-06,-1.05856562260274e-09,-5.66789965092594e-07,7.91368787581881e-17,5.74600692392183e-08,2.40807168742006e-05,2.57921589050555e-05,-9.02202210035651e-07,-2.19126845831805e-07,3.56397698704568e-09,-1.03718525304459e-16,5.97759820821996e-17,1.58581797740595e-16,6.74279973364955e-08,-6.10458926929069e-08,-2.54631748377945e-07,-1.80368248806288e-08,7.12086913121611e-17,-1.9305723599476e-17,5.15744282161142e-17,-1.04426469312919e-16,-1.60271902773097e-16,8.58282966618048e-08,-1.09833651321836e-17,1.93118351245624e-16,-1.53606960616462e-07,-1.4370100307244e-16,-1.37495697605884e-07,-6.4601084059413e-18,-1.70445705097483e-07,7.71045663143147e-17,-2.06048575077238e-07,-2.57780863271291e-08,-2.12452116173127e-07,7.70540583313029e-17,8.27128586099941e-07,5.39335451648785e-17,0.000339046299418433,-1.84917584949384e-07,1.02335310792073e-09,-1.13054970540597e-16,1.65094923679409e-06,-3.33709895032394e-17,-0.000470846999423002,-1.99518561418414e-07,-1.87707286592105e-16,-7.38882965659603e-18,6.90714332866262e-17,5.83814797136432e-17,-7.6416027405324e-09,-9.95132558126409e-08,-2.22184624729852e-08,-3.19546137292451e-17,2.95589912613557e-17,-2.12211109610585e-08,1.73093464155265e-07,7.93824809198743e-17,-2.67996103881719e-17,-1.00900562651595e-07,2.75009640091601e-17,-7.14714048780817e-07,2.91446905948497e-17,6.09873018259964e-07,1.35643094840724e-17,-8.30418977285571e-17,1.68515792744116e-17,4.29826865275679e-16,-9.85719656552227e-18,2.28752172449753e-16,1.16937629922091e-08,-8.17810501054645e-08,2.64818793344657e-18,-5.4393429113436e-08,5.84433120916549e-05,7.74214133340156e-17,-5.57360916887487e-17,7.33072641830839e-17,6.77451353775041e-17,2.23663158485612e-07,3.57617756695395e-08,2.78545669452983e-17,9.74969836747045e-17,-1.04246898226237e-05,-1.30984058696145e-07,-1.98407978351825e-09,1.63724006409937e-17,-4.22503669522439e-17,-1.10827389403798e-17,-1.63392011440967e-17,5.32625737523564e-18,5.01541888171541e-17,8.52503189970874e-07,-8.0606441660479e-07,-1.54944974189038e-07,1.10267137732062e-17,6.03471495494383e-18,3.94324024428337e-17,-1.34502552096324e-17,4.25162461829849e-18,-1.65332270337299e-17,-1.29821535327856e-16,2.9084511786696e-17,-2.48496836846387e-17,1.80309671926197e-17,-5.87623120418451e-17,-1.46748023718118e-16,3.40603265122327e-18,-1.85949455975928e-17,7.6582783363514e-09,-5.15823892349962e-17,-2.07432430904393e-17,4.45840510336883e-17,1.08322224359997e-07,-1.43934659603479e-08,4.41254361088935e-17,-2.79483971048951e-09,9.88723427689989e-08,6.14330833827608e-17,6.80562337513985e-16,-1.90427487848505e-07,2.94621103712239e-17,2.42800230931571e-09,-1.46919961371068e-17,4.00145012811023e-18,-8.5564895194734e-17,5.26031319120102e-17,2.61406545948464e-08,-3.25450292362841e-07,2.97096219664501e-17,-1.99645611689191e-17,1.34459915322108e-17,-2.61803062506663e-17,-6.21789945920437e-17,4.19068733878602e-17,3.32384225554547e-18,-1.98747074080549e-18,3.88461635995344e-09,-4.82031956601537e-17,1.3747368768282e-17,-3.26588005141382e-17,-1.84564511424975e-17,8.54349979442875e-17,2.92705769906213e-17,-1.35000986240196e-06,-4.90093757114183e-17,-1.0499318995493e-16,5.70119587573548e-08,-2.92866696507838e-17,-4.98057157983792e-17,-4.10444846986081e-17,-1.79847903862298e-16,4.73598147986866e-08,2.83701364583794e-17,-3.84871190751209e-07,-1.08499080121378e-16,9.82208957683102e-17,3.25385528390751e-17,2.79624634129958e-17,-2.02772488264477e-17,1.31962147350376e-16,1.38858661035291e-08,-2.99261549798197e-16,1.5125759726582e-17,7.10915579850767e-09,-1.73134157092197e-06,-6.75932684807767e-18,1.93963080351778e-06,1.77390490674323e-07,-1.21742668863613e-17,-3.42925513405407e-17,2.36988575883178e-16,-3.28398166417484e-17,6.17787354674403e-18,-2.96599218459626e-07,-1.81398018416684e-16,6.98126646500349e-17,-3.40447669875325e-17,1.18603736955387e-07,-9.70524054106428e-17,1.01275872299224e-16,-6.35483215334685e-17,-3.15982107347378e-17,-5.39528937464729e-08,4.11337520288219e-17,1.47388796448055e-09,-2.30193925622773e-17,1.29720579071978e-16,-2.10567332837728e-17,-4.13237554917159e-17,-1.64589328440134e-17,1.51998133467787e-17,-9.09097054291737e-18,-2.55100233264702e-08,-3.47395438347903e-18,2.84684332446618e-16,1.07182537480907e-08,2.36534717686332e-17,3.43379643064717e-17,-2.98360293501982e-17,-2.21354914491658e-17,2.29013557915442e-17,7.07499344020807e-18,-7.75549305050512e-08,7.34863489576827e-18,-2.81411769919117e-17,2.30743600719221e-08,-2.09874488717509e-18,-1.1090011839045e-16,1.51288167101409e-16,8.34178373902717e-17,1.96951437127736e-17,-7.11331826866254e-17,-4.46353385877118e-17,5.91167498287002e-17,6.48510468526775e-17,-2.06307907189044e-17,-3.8351506845346e-17,-1.20688427617178e-08,4.00064081259505e-08,5.18114655549469e-17,9.4448705816401e-17,-1.39537531836238e-17,1.26120264334965e-16,1.41651013835231e-16,1.54745388998929e-16,-1.26464479825426e-18,1.54668065107274e-16,-9.6163916909826e-07,4.82613094367865e-18,2.79444247186595e-18,1.54194374737437e-17,5.56014423275935e-18,4.42399473073772e-09,-4.28819235637355e-17,-7.00321371457453e-10,-3.89719434672413e-17,-3.41276069210366e-17,-3.11498336761082e-16,-3.09334145401438e-17,-2.66163743357656e-17,-8.96196411903752e-17,1.90911704280278e-16,-1.30575263047551e-16,3.24557097448824e-17,8.15362940621601e-17,9.11938789333729e-18,-1.79620173702564e-17,-3.0601520704531e-17,-1.31571466192121e-19,2.64953457710212e-17,-1.15108420314913e-16,-4.52900799854838e-17,1.35044147116237e-17,-1.93935635166624e-18,-9.87276329966513e-18,-7.45931094670027e-17,-7.51229523457471e-18,5.31530059575914e-17,-9.11980758110045e-18,-3.34756004738211e-17,3.64066298460022e-09,7.42344923269053e-17,-6.91937218109052e-17,2.77480987670122e-17,-2.11415862949538e-16,-1.86684864383465e-17,5.0729209196694e-17,5.14308534253017e-18,3.48646607200838e-17,-2.78441107233858e-17,4.89747800202284e-17,-1.27122704723925e-16,-1.09904990344029e-16,-2.4387653058411e-17,-7.98560796918715e-17,-1.53503522903964e-16,2.90529791570707e-17,-3.48558154737998e-17,-4.66637276317554e-08,1.02291027900092e-17,-5.61162603151733e-18,1.38117253763299e-17,-1.56860858086554e-16,2.98247555582825e-16,6.09778742797445e-18,3.34667111400806e-17,-4.92030445332687e-17,4.13969694814157e-18,1.57411657838918e-08,3.2133767721394e-17,2.9043942352634e-17,-2.35868302679794e-17,1.96989176371779e-17,-3.01887979702402e-18,-1.39925519691133e-16,-9.10330106403941e-17,9.79066080723199e-17,-1.65812030782417e-17,1.32157339895297e-16,4.31957061561538e-17,4.80847269177029e-17,3.81662069524353e-17,4.94733770087594e-08,9.01374341230243e-17,5.31069852037968e-18,-8.58735380878006e-18,-4.28259858131774e-16,-1.35397383237709e-08,-1.99153683083695e-17,-9.85817774833954e-18,-4.19120164536448e-17,3.4863014140629e-17,2.41815393769487e-17,-9.01641643202856e-18,2.4864690737138e-16,1.02186376542227e-16,1.18846927590223e-16,9.50166299466825e-17,7.68367657034077e-17,4.30753740631733e-17,7.94829785811173e-17,-2.36819264327396e-17,6.92918711417331e-17,9.75559235198311e-17,-2.96778872478295e-16
"t161",0.0263386473754861,-0.00244974187986346,-0.00216523814421103,-0.000340339622949487,-0.0113062253318898,0.0961564344069189,0.0163869690997133,0.000104690936473144,0.0247369809598666,-0.0187093547083882,-0.00339217499678264,0.00240894447014345,-0.00459364521781527,-0.000951642578771776,-0.024186879680729,0.000522148930951179,0.000365042230900457,-7.50773088020502e-05,0.00280643695096471,0.000418565303957237,-8.97593628664555e-05,6.40408847177912e-06,0.00075150768884187,-0.000153886268681194,3.13474577341583e-05,-0.130989808784112,-0.00895297509728177,0.000575768849873938,-0.00253787054245486,0.00461948752221405,0.000124064639843606,-0.00463751098839523,-0.000240019467497846,0.00210061460258086,-0.000215173696349778,-0.000196943855608539,-3.54079259122563e-05,0.00185593998229753,0.000387275310833882,9.85709196044233e-05,0.000299061956777315,-0.000534956172677364,2.52850212019003e-05,-0.000430157966085024,9.51759954375727e-05,-2.03472470797139e-05,3.82642745197772e-06,-5.7171122904707e-05,0.000805947029637829,-0.00161351622555453,0.000102002831531703,-0.000100918904575037,1.95011010807533e-06,-4.63530833606498e-05,0.00138537926510749,-0.07095030547671,-1.14158536132824e-05,3.49060495301905e-05,-0.000113531538282327,-6.98689899577109e-07,-1.04983117415733e-06,1.5238296247638e-05,-3.33364879290421e-05,2.45047621218207e-05,-1.55607224262076e-05,1.32218800520906e-06,1.71326062654522e-05,-0.0653194503595972,-0.00079312612584973,0.0262772683607789,-4.52095666135384e-06,3.44870431075945e-05,-0.386130409612997,1.00808118804973e-05,-2.91821969052289e-06,-8.54386692560202e-10,-6.421812858176e-06,3.78390261390904e-06,-0.000259345489756023,-0.00342666926295182,1.64628905867655e-05,0.0015501021455471,-0.000127915914311318,-5.38498610154612e-05,5.0259877565899e-05,0.00014558950176644,-2.38985272321325e-05,-4.29680051401839e-05,-8.52118655772826e-07,3.29422811030898e-05,-8.44582462133203e-05,1.19598210754747e-06,0.0993708335782159,3.31598304272029e-05,-1.7651744240051e-06,-8.65456457440507e-06,-1.02152837275897e-06,6.49584189424992e-06,-7.59479475407764e-05,-0.000254156209919136,-0.00700646935184795,-2.86828515141648e-08,-0.000457642887373947,7.50418284627285e-05,-4.26831659897731e-05,1.19643437071528e-05,-0.0167076906410832,-4.69626561886223e-05,0.000775378264989248,-9.52917547993287e-07,-2.51503772917533e-05,-1.66243143669679e-05,4.55402621449052e-06,1.38831407276808e-06,-6.30179596582487e-07,3.55489851233999e-06,-6.52053526604505e-05,9.5197276353422e-05,-0.000808210461768855,5.28052217100219e-05,-3.45293858423169e-05,0.000149751140922942,-0.0083722000468287,-0.0357116410438905,-0.000141356499778888,0.000175614120911952,-1.67163071355604e-05,9.65773739393364e-05,-3.98959140167139e-05,-0.0013594002362387,-8.54843297953001e-06,2.46870827378932e-05,1.22949867500058e-06,-1.78314031112252e-05,-1.29467633280729e-07,-2.99850263886559e-05,1.30835981738765e-05,1.4567820261911e-05,-0.000219086011300269,0.000784635738027333,-1.246260413892e-05,-1.26671158374462e-07,-0.000259832196487423,0.000304633279686581,-4.23151585619198e-07,2.34366143236312e-07,5.7061875276268e-07,-1.18480095234674e-06,-7.09554542025261e-08,0.00679680063595282,-4.00586137606451e-07,-2.57590673711851e-08,5.92020018353661e-09,-3.27842486609462e-07,-3.8170026345731e-08,-6.35995208823902e-08,1.06105304536717e-06,-1.60085905010217e-06,-8.6060359088951e-07,-2.87461360507978e-07,-1.46626595507461e-06,2.156903310178e-07,-1.54594105594348e-06,-2.27709339062745e-06,1.54615046705836e-06,-1.06421386232375e-06,1.68721013358124e-05,2.88673689949752e-07,1.43554416569152e-05,1.4428484163838e-06,-2.4770901139481e-06,-4.36052752385662e-07,5.15302493097136e-08,1.72575999994043e-06,3.66896661149592e-07,0.00251026538203849,1.99656137626759e-08,-1.03528585367513e-06,-9.51231352907329e-06,-4.62447953833338e-06,1.83190704339497e-05,4.72475754583135e-06,-9.6614338503427e-07,-3.75375523241635e-09,-1.10630964828622e-07,-2.87399079113954e-08,-4.88929639028996e-05,1.13280599843462e-05,5.07787600552991e-05,-4.79949517981436e-06,-1.43871144811287e-06,2.88047573814894e-06,0.000526723177412444,1.37929765407806e-09,1.38313991934101e-07,-2.51574757575753e-06,-4.65754344339417e-06,-2.72784122538493e-07,2.80415276219826e-06,1.21126229404649e-06,1.20726831420373e-06,1.7208084285349e-05,-3.487531456903e-08,-5.41788871535222e-07,-9.29039155531518e-06,-3.92592594050214e-06,6.05569260019047e-06,2.7515532519287e-06,-4.60786233518356e-05,-2.74398214657442e-08,-0.000195566543199357,2.81080256681878e-06,-1.35166576913487e-05,-2.28212822991228e-05,-1.31604544270849e-07,-9.66089481300971e-07,2.74792320264004e-07,1.76192013038707e-07,-4.39247761554578e-06,-0.000838478202733742,-9.93618239830218e-06,1.57988651752107e-05,3.79929212849758e-06,1.83558901808261e-05,-0.0174039512226249,4.69906726966893e-06,0.000379510736186718,-1.08172307955786e-06,-3.29190972695625e-05,-4.51148313099339e-05,1.60218618931042e-05,6.00333864509012e-06,0.000180475716149177,0.272518413954351,1.67956381890619e-06,2.03023311746891e-07,0.00191390828892613,1.21527941606601e-16,3.04003534537556e-07,-4.09764392180541e-06,5.60668167440054e-07,1.12126103964106e-06,0.000393643787494528,5.35951083835853e-08,2.26440975625382e-06,-5.67502233368149e-07,1.04268794285835e-07,-5.88146492874007e-09,1.05178349844979e-07,-9.98952790629615e-06,2.37805545278996e-08,-2.44093192078511e-06,1.48031340880001e-06,-1.70052209911253e-09,2.86682168347367e-11,1.46955408783381e-09,-6.13937991973317e-09,1.01223639323054e-07,3.57904380743358e-07,-7.76988036525632e-08,1.75541350965968e-07,-3.39006946278141e-07,4.01770975091223e-06,-2.53593368560928e-07,2.79235011045004e-07,-9.52032477591684e-08,2.04396631926472e-09,8.42194496995783e-06,-1.35962568510789e-07,1.33027635503972e-07,4.39851970119361e-09,-1.18591819150193e-07,1.1998947745082e-07,-1.65114521183466e-07,2.64965174217653e-07,-5.18600474469471e-07,4.1743203163459e-07,-3.18765400210901e-08,0.000174971479988054,-1.38961009927905e-08,8.47780538099705e-07,1.44293227289553e-17,-2.50998107390069e-06,-8.67821443946424e-08,-9.94499341359308e-12,-8.95882122326187e-08,4.33875079034777e-06,-1.37331321331181e-07,-2.38066792437943e-08,2.86235867801591e-09,-1.32200402224938e-07,7.85972982192777e-06,1.75809246814504e-07,-1.37720384386106e-08,2.05746838419568e-06,-2.49114672310016e-06,6.87704159090011e-07,-1.23522188223996e-06,1.76489622779881e-07,7.21646705919069e-08,4.75656277350818e-09,3.06278430113452e-06,-2.15468451658597e-06,1.15056481391867e-08,-0.00164421791370834,8.71209702117171e-08,-4.41800006941397e-07,1.52294420439513e-05,4.59349754591515e-07,2.3569961029105e-07,-7.58408147104308e-08,-0.000194894806754414,4.805052623155e-08,-2.25412668564545e-07,6.40367177567808e-08,5.97397817100472e-07,-1.16019613364186e-06,5.95795589719517e-17,3.35670265609876e-09,1.77133205569628e-07,-1.62920268156333e-08,9.50994322397799e-07,1.05899995408853e-08,2.49775863673627e-07,5.88677880911307e-07,-7.93047413943904e-07,0.000240038757972207,-4.09037183849526e-17,-1.86471684431232e-06,-1.50293333929362e-09,-6.37756625421142e-08,2.65423632544475e-08,1.37860142847388e-05,-3.10797653758003e-08,-1.15832397632566e-06,3.02382771626311e-07,-1.19807433540061e-07,1.70843679391002e-06,-2.21916622233553e-08,-5.90894388503846e-07,-2.71240847395809e-09,-3.7419802318057e-10,-5.63038843150951e-07,2.91762025393494e-08,-5.89455250929621e-07,2.41229324926566e-16,-1.33381905306324e-07,1.01648429924953e-08,2.9285877697459e-10,2.34932307094168e-09,-8.54076323974726e-07,-1.42005982571573e-06,5.90521083849849e-08,-2.11555848228457e-07,-9.28104748339929e-06,-3.41246010757131e-16,-1.86798567387472e-07,-6.30191071987542e-09,-2.02171693637348e-07,1.44226071350773e-15,5.2711337627044e-07,3.96570767348602e-08,-5.92895381281318e-09,-2.38483751208851e-07,-7.28493080113936e-08,-3.62323768952109e-08,-1.08480933921255e-07,2.81178546792283e-08,1.93787505252399e-08,9.05586703582793e-10,3.37353531324755e-08,4.19051812523193e-09,-3.35631229877687e-16,2.13825096581957e-11,-3.33591412225297e-07,-1.56111496394706e-08,4.83875885124803e-08,3.49954387640776e-16,8.89932926903424e-09,-2.68383073756409e-09,8.65085964059217e-08,5.52555909537147e-09,2.25979682146631e-07,-2.43019851914005e-08,3.91505827031477e-07,-9.0180818745129e-07,4.18740301668718e-16,-4.32307959256292e-06,7.44555250289112e-08,-2.1934908677145e-07,-6.09648711157038e-06,5.04327511849691e-08,4.24989158561131e-09,5.89805981832114e-17,4.70441140072238e-16,4.51505649728937e-09,5.53704457120546e-08,-7.3738521129144e-09,9.00879393926965e-07,-5.11994761068194e-15,4.97193404983136e-07,6.2712870176949e-09,4.78068044448745e-16,1.01601576537184e-16,3.84518567421168e-17,-1.64191956895597e-06,-4.43958123086392e-07,5.50554730054194e-07,-8.97661040755585e-06,-0.00159421729853182,-4.21634746107955e-07,1.86550445001554e-07,-3.46998750787403e-16,5.02770054797968e-08,-1.49647263669886e-07,1.55797994321288e-16,-3.89495669127246e-16,1.16809514462715e-07,7.43371604932378e-10,7.81398572080665e-08,-4.99665275741803e-06,-8.95733415964321e-08,3.85537424032447e-07,-1.57622456889809e-16,0.000845701386994347,-2.16888176344454e-16,4.62013867869174e-06,6.73614809765244e-16,1.13122463374978e-07,1.11602310694869e-15,-4.93437957051022e-07,-1.31538737165963e-07,-7.33122520928336e-07,-0.0002656632465147,-4.18456531860436e-07,5.35497115252903e-08,-3.62235358330331e-07,-1.47328803649261e-07,-7.96857697915424e-06,-7.71022534807021e-07,-1.70367483362771e-07,5.4833333559971e-07,1.18829762127332e-05,1.07013000733036e-06,3.47434066003317e-07,-2.02614441524396e-16,-3.91079499169997e-06,8.28923826516498e-07,-1.07739193999974e-06,-4.2258167705219e-16,-3.56100217166765e-06,-0.851090892805931,7.4751127077373e-05,4.29430349019236e-14,-1.20174169159747e-05,-3.09716720016275e-05,2.49370918270292e-15,-2.88334263238285e-06,2.91966719923626e-06,-5.35261290177356e-16,2.41396614424987e-15,-8.94103457131357e-08,-5.27676255293085e-06,-2.81986711939183e-08,-3.65160565055318e-05,0.000226135859295676,2.17985680628546e-07,2.32312183513693e-06,1.67121884569098e-06,-6.08753056374988e-05,2.03466800699492e-15,6.72456018907089e-09,5.14525767293008e-08,1.39281502414055e-07,1.27403963899877e-05,-1.94227889631166e-15,-1.63122197811603e-17,4.065711783221e-06,-1.10967750457293e-15,1.98795336372561e-15,1.46644656817545e-06,-2.10519386921883e-06,-3.93938355272182e-07,-2.21951452923511e-07,9.52832366307563e-06,2.48560655384643e-06,7.63193481280908e-07,-2.3211032668198e-16,1.61035124532957e-06,7.39285370117681e-08,3.37357584033601e-07,-2.96497071880107e-07,1.11859884273374e-06,-3.69539865431828e-16,5.20537874365821e-16,-1.61884386294854e-15,-1.02754946108534e-06,-4.36934933443644e-08,-7.41525100649622e-05,4.20315060077592e-16,-3.23168974765578e-08,-7.1028213763628e-16,-2.00718940696745e-16,5.28894687662933e-06,-0.000741148357855187,-9.33714910944516e-16,-2.84450458399392e-06,-1.3055236192922e-07,2.70875045628079e-15,2.8926687467326e-07,8.02054070407605e-14,1.11047789713452e-06,7.12757196202157e-16,1.10527281122009e-06,8.58835666550775e-07,3.10338895650083e-08,3.24123515950089e-07,2.21235665098553e-06,-9.73229922657281e-08,7.65325751060068e-05,1.0908202812459e-16,1.66032178525217e-06,-9.34071961516933e-08,3.0430931443306e-16,-1.22526321905465e-08,-2.47747943405177e-07,5.71626501613034e-08,-1.49807218169994e-16,1.79195692396313e-07,2.35995516653842e-07,1.88180001526764e-16,-1.04585895945187e-05,-1.43373923929561e-06,-6.65297924265068e-09,3.59537018601352e-16,-5.86090389763874e-16,1.16171755578479e-07,3.91275812380386e-07,3.15933987734992e-08,-4.39691819109157e-08,2.20957055404156e-07,-7.4262335213065e-17,1.10299129600243e-16,8.03287229426233e-07,5.53408154614472e-09,-1.18303946399701e-17,1.92680636287215e-06,3.0330743433959e-16,8.92373521328055e-08,-3.63048595355342e-07,-2.11992773509308e-07,-1.40198839738418e-06,-4.58622282978162e-16,-4.32662041699287e-17,-6.02515570459307e-17,-1.57371965833104e-17,-9.94138852920132e-09,-3.44258292227163e-08,-2.59293723513585e-17,-2.1554706342755e-16,3.37315658033586e-17,4.81663177490236e-08,4.31742480904526e-10,-2.36095225578118e-08,-1.1699957992491e-16,4.73891217066258e-16,-7.114805706393e-16,-9.90373354958355e-07,3.02830238617471e-08,3.94512446612399e-16,5.26913586083739e-09,-1.37383494537617e-07,-1.44923889011122e-17,9.58073212055326e-17,-1.044246760361e-06,-9.6452778387415e-10,-5.14698592100441e-07,4.55804811559005e-16,5.18914619655548e-08,2.16821249518297e-05,2.31282048661237e-05,-8.04608652328701e-07,-1.95141711715856e-07,3.16539799384667e-09,2.96124044612102e-16,-2.13607473859173e-17,-6.17840124989743e-17,5.90205364886338e-08,-5.34227066386369e-08,-2.22438183756373e-07,-1.5619277845033e-08,2.51018249154447e-16,-4.51918713963806e-16,-4.34093712984045e-16,1.83126177441083e-16,-4.73993199038862e-16,7.36782746479521e-08,-5.15862711958178e-17,-2.13397544515433e-17,-1.31426345750429e-07,1.72588961575521e-15,-1.17620950480502e-07,-1.68926627443421e-16,-1.45765216849179e-07,-8.0879487348355e-17,-1.75230049805322e-07,-2.18938466285633e-08,-1.80082862173317e-07,-3.0536718344768e-17,6.9941892996076e-07,9.90772401667968e-17,0.000285212915252314,-1.54521796730275e-07,8.54887773363462e-10,-1.57269880732307e-16,1.37523687978682e-06,1.24661971211501e-16,-0.000191071833776497,-1.68624274446355e-07,1.26375023622228e-16,-8.52156238099163e-17,1.21628960705098e-16,-5.64658699519376e-17,-6.33092619930854e-09,-8.23611344679584e-08,-1.83687490017946e-08,2.89196874333498e-16,-1.18663863749489e-16,-1.74609670832652e-08,1.42394513198219e-07,-3.24596139516643e-17,3.84121393527828e-16,-8.25522003581952e-08,-9.67280754902407e-18,-5.84084993283204e-07,-3.24761915326969e-16,4.96806279784787e-07,-6.44712625418838e-17,-2.01878810750856e-16,-1.26540635482682e-16,-2.70072056993413e-16,-9.80965004653806e-17,6.19739471389183e-16,9.46628217309806e-09,-6.61977366328094e-08,2.62399839805039e-17,-4.39359526358187e-08,4.71660802143567e-05,9.76186092311865e-17,4.91578847487355e-16,-8.51040163083627e-17,1.47381495989635e-16,1.7984114909391e-07,2.87307827528064e-08,-1.14590256790588e-17,-1.02658760109786e-16,-8.3673243299197e-06,-1.05120989622948e-07,-1.59167177772425e-09,-3.59797560087341e-16,-2.0128483167115e-17,-7.54050877641346e-17,-5.03200496804234e-17,1.27710420429804e-16,1.96300604538978e-17,6.79524165050726e-07,-6.42134485063231e-07,-1.23362774982077e-07,-4.70050819295024e-17,-3.85070948294099e-17,1.95971653062566e-16,3.00018667908529e-17,-3.17334447679991e-17,2.44959964438113e-16,3.45095779400123e-16,1.14121986616033e-16,-9.69792838739852e-17,1.39596255982951e-18,8.18417273581775e-17,-1.77804442842365e-16,-5.93618188760038e-17,1.04667935193292e-17,6.04114801052051e-09,-5.78801190706527e-17,-9.67315473544456e-17,-2.41019758959568e-16,8.53489665343096e-08,-1.13378255150492e-08,-1.24843790783979e-17,-2.20114841437612e-09,7.77595977681765e-08,2.43725338125148e-17,5.46213346243183e-16,-1.495054371172e-07,-2.21522691148678e-16,1.90227545571149e-09,-7.71541812949849e-18,5.39133097417634e-17,1.46284691019379e-16,-1.25850872999801e-17,2.04153294937394e-08,-2.54116192256054e-07,-8.47275497191244e-17,1.62928689914084e-18,9.50263155611781e-18,-1.57379718323697e-16,-4.47233396150271e-17,2.41325578758346e-16,2.06567888598143e-16,-9.8029603453131e-17,3.00194006323412e-09,8.3168276116163e-17,6.95309873521693e-17,7.79225947619415e-17,4.18836034686137e-16,-1.33837026961413e-17,6.67595104890904e-17,-1.04108968444635e-06,4.11780447684519e-17,-4.24240433097705e-17,4.39494380325929e-08,6.17132063029106e-17,-3.26403308758477e-17,-6.24826992801435e-17,-5.80762992708751e-16,3.63519814867911e-08,7.9458345930487e-17,-2.95194949120926e-07,1.60257522568399e-16,7.63511687652282e-17,-7.22002454583202e-17,3.01035085937705e-16,-1.07816510178994e-17,1.46230197583382e-16,1.06344163399683e-08,-3.12200367349829e-16,2.36993978864251e-17,5.43833824252577e-09,-1.32436067987462e-06,1.07580415256391e-16,1.48226034800586e-06,1.35520715598733e-07,-1.61435408861953e-17,9.04445071350324e-17,-1.52025638831048e-16,2.04473205644972e-16,-6.44995047930902e-17,-2.25621679571237e-07,5.62426486279007e-17,1.01704818926952e-16,-1.69245869116882e-16,9.01252787480619e-08,9.43002053503492e-17,2.01289655285324e-16,-2.67621146479837e-17,-3.94634292910123e-18,-4.09413320268351e-08,-3.34540722924955e-17,1.11796575959677e-09,4.81611057499412e-17,-9.92077932041327e-18,5.26681306453339e-17,-1.89447681368281e-17,4.03480608566718e-17,1.85980529278198e-16,-5.40245498463123e-17,-1.93074289756802e-08,-2.85095322432611e-17,1.58101343691246e-16,8.10786837610748e-09,1.99888461084635e-16,1.97509676446266e-17,1.25968644524495e-16,2.43769049428642e-17,1.81832693543811e-17,-1.98655116047132e-18,-5.85704945818765e-08,1.04354482120033e-17,7.64793678160176e-17,1.74134824768029e-08,-7.10595872480765e-18,-2.08528752196544e-16,1.49706942360622e-16,-8.89182519132974e-17,-2.80451744039395e-16,-8.55322495293937e-17,-1.43728708197212e-17,-1.18855084724292e-16,6.28078232486477e-17,2.22782781163721e-16,-6.8475522535546e-17,-9.08438371889087e-09,3.01042207483875e-08,5.37298958009984e-16,-2.57200849148925e-16,-8.23321433785412e-17,-2.19642653371286e-16,2.07407875596477e-16,2.66636233803942e-16,4.09643439988329e-17,2.46997258350136e-16,-7.22490139784432e-07,-7.46583291967379e-17,-2.52242656486086e-17,-5.53125910927088e-18,-8.25225011624702e-17,3.3195000351187e-09,2.22138771270152e-16,-5.24732302106657e-10,-7.9895017317635e-17,-1.40851600456589e-16,1.41579430873457e-16,3.15271504500487e-17,4.27382115474559e-17,6.33181963763539e-17,5.99267097916074e-17,8.29090607811414e-17,5.79025786799616e-17,8.25073313591251e-17,3.55558771137998e-16,2.31583087021061e-17,-8.45809905216328e-18,-1.79278668272174e-18,4.14316771177376e-18,1.81499044581604e-16,-5.7410078281786e-18,1.0905910176278e-16,-1.17186777539195e-17,-3.02045100293192e-16,-1.42626795790468e-16,-3.72190702295619e-17,-4.78029215937696e-17,-7.48720425592363e-17,2.36041161510345e-17,2.71446067377559e-09,-5.19665839135517e-17,-1.2744490331404e-16,-9.19325458346688e-17,-2.60853281744314e-16,-1.01758071033079e-17,5.40413626778386e-17,-6.62592140528148e-17,3.13546977864059e-16,2.23641157326176e-18,1.11160616918084e-16,-2.4611389315421e-17,-1.31313561980135e-16,-1.06143676021466e-16,4.16325411778677e-17,-2.90018395086774e-17,-1.38260764999967e-16,-1.96594524101458e-17,-3.46862243580867e-08,1.80925850620039e-17,5.42607863206257e-17,5.342590373414e-17,3.65981085579477e-17,4.79835529746341e-17,1.30488535382536e-16,1.19969390118191e-16,-3.7629923255849e-17,-5.58023117132189e-17,1.16665363491101e-08,2.16551613000808e-16,8.00020547378804e-17,-1.63627895099709e-16,-5.96925966406742e-17,1.72165489552971e-17,2.04268828047597e-16,-1.31646641438186e-16,-1.37565592338195e-16,6.29657034029716e-17,4.15761458054421e-17,5.47429543537818e-17,-2.3782932618485e-17,-9.53322839346992e-17,3.65670541555219e-08,-4.63263586947368e-17,1.03575337150231e-17,-9.48116184647381e-17,2.41777084464267e-17,-9.99552903677259e-09,1.35532015861466e-16,4.87024797819509e-18,-3.1816107831692e-17,1.77312014318241e-17,7.31114405448421e-17,-5.78916000218206e-17,1.50273701134636e-16,-4.9774272946978e-17,2.55380841585739e-17,1.20363621792702e-16,-1.90435600207249e-17,1.09448100917997e-16,-3.57797789355366e-18,-5.21082253052967e-17,7.05373740991649e-17,1.06781274430548e-16,-2.14646197695139e-16
"t939",0.026353127779591,-0.00245258051369305,-0.0021678282756235,-0.00034088530738062,-0.0113284217100192,0.0963779163525336,0.0164254553298062,0.000104956372462781,0.0248110564982366,-0.0187772905056065,-0.00340780199431139,0.00242261745440165,-0.00462048077503381,-0.000957286097955689,-0.0243365656089316,0.000525571020388879,0.000367491783731681,-7.55902288972256e-05,0.00282605403645822,0.000421743809220198,-9.04966254318291e-05,6.46757806610571e-06,0.000759375889700823,-0.000155506647453786,3.1678837550363e-05,-0.132440599250181,-0.00905330841744492,0.000582279289354077,-0.00256733784806677,0.00468284153189229,0.000125879284756449,-0.00470843463233253,-0.000243955862776153,0.00213670332538598,-0.00021905970251901,-0.000200785679022131,-3.61074238240759e-05,0.00189318937642381,0.000395101095389689,0.000100592513099774,0.000305372321373853,-0.000546518624556773,2.58397065396751e-05,-0.000439606028552707,9.73030794659319e-05,-2.08311481599158e-05,3.91912133863803e-06,-5.8568015922111e-05,0.000826112647967163,-0.00165492024758171,0.000104707936174415,-0.000103635934533113,2.00272804265059e-06,-4.76271744045418e-05,0.00142483765995688,-0.0729818529017115,-1.1774193906672e-05,3.6028382835291e-05,-0.000117192273949662,-7.22540050712616e-07,-1.08718619645601e-06,1.57914950233532e-05,-3.4566278266124e-05,2.54123780085925e-05,-1.61542226390781e-05,1.37393483514183e-06,1.78410956859403e-05,-0.0680861868702945,-0.000827090284583789,0.0274246984799539,-4.73870060589783e-06,3.62679159047215e-05,-0.406277920905186,1.06180636745667e-05,-3.07415426944421e-06,-9.00454722789376e-10,-6.76931330506576e-06,3.99225607270648e-06,-0.000274186673714424,-0.00362577275029908,1.74442581371608e-05,0.00164301302352103,-0.000135890782276838,-5.72463784167874e-05,5.35880347752578e-05,0.000155356090210805,-2.55226522515032e-05,-4.58941860094071e-05,-9.10180767123358e-07,3.51899946215272e-05,-9.02492718474016e-05,1.28178918045721e-06,0.10652944075635,3.56143406332117e-05,-1.90190252083461e-06,-9.32944638739811e-06,-1.10121190459686e-06,7.01116585931105e-06,-8.20105345255544e-05,-0.000274920350693415,-0.00758963146504963,-3.10741035219774e-08,-0.000495866475118427,8.18348456284728e-05,-4.65696361949826e-05,1.3058700506826e-05,-0.0182482449413068,-5.13026006112264e-05,0.000847316765326109,-1.04185655812908e-06,-2.75022977885173e-05,-1.81968250846297e-05,4.98538244273613e-06,1.52376494477279e-06,-6.92047149375397e-07,3.90865681770049e-06,-7.17333771591507e-05,0.00010488580675834,-0.00089175912490268,5.83280169838803e-05,-3.81645944294582e-05,0.000165875168669811,-0.00928667430333602,-0.0396144641538443,-0.000156836645001238,0.00019512781562769,-1.85760078522971e-05,0.000107455605643595,-4.45489064516529e-05,-0.00151800559996082,-9.54859310687013e-06,2.76421461695073e-05,1.37732421244039e-06,-1.99821876237334e-05,-1.45288632300986e-07,-3.3655806851775e-05,1.47293591442533e-05,1.64400872232356e-05,-0.00024806679305817,0.000888511399378794,-1.41205609460172e-05,-1.43564656331719e-07,-0.000294622989828503,0.000345484805399661,-4.79897648441607e-07,2.6613791451259e-07,6.49645022402475e-07,-1.35243993330697e-06,-8.10483376438299e-08,0.00777488714501296,-4.58285146299423e-07,-2.94856896539488e-08,6.77890676690534e-09,-3.75534897540909e-07,-4.38730327808522e-08,-7.31422370135004e-08,1.22073416038326e-06,-1.85832062050353e-06,-1.00121028537787e-06,-3.3454034616693e-07,-1.70960124320744e-06,2.51582164607569e-07,-1.80755294138912e-06,-2.66321832664888e-06,1.8126206575878e-06,-1.25049814537309e-06,1.99592134525148e-05,3.41574296918238e-07,1.69871759432595e-05,1.70894174951897e-06,-2.93710746327586e-06,-5.17112542805087e-07,6.12413546972451e-08,2.0523800006974e-06,4.36977970388482e-07,0.00299083617920453,2.37922908778272e-08,-1.23796508225462e-06,-1.14153630916884e-05,-5.55310080127078e-06,2.20106596695172e-05,5.68683503779341e-06,-1.16366203085986e-06,-4.52417826341392e-09,-1.33420625457263e-07,-3.47335438173835e-08,-5.91205250550108e-05,1.3760361443478e-05,6.16910768314135e-05,-5.83988114897954e-06,-1.75806043341838e-06,3.53244412776992e-06,0.000646743330648223,1.69672743163285e-09,1.70381585741242e-07,-3.1119111665493e-06,-5.7664719015338e-06,-3.38381829409232e-07,3.4818392849254e-06,1.51531574420064e-06,1.51085674249064e-06,2.16046706847063e-05,-4.39252363015389e-08,-6.87663544028499e-07,-1.1792217759172e-05,-4.98672237599314e-06,7.70890359251717e-06,3.50810618315314e-06,-5.89891281137951e-05,-3.53080571716003e-08,-0.000252690313278456,3.63649913193962e-06,-1.75898785118991e-05,-2.97959148118228e-05,-1.71840378426631e-07,-1.2646976776612e-06,3.6209962633708e-07,2.32467441884449e-07,-5.83520483205099e-06,-0.00111922350399319,-1.3285199963579e-05,2.12706931660696e-05,5.12365994772817e-06,2.47997167853907e-05,-0.0236459833458036,6.39170786313158e-06,0.000516358136117842,-1.48097706930298e-06,-4.52417078896106e-05,-6.22688345674152e-05,2.21571428948458e-05,8.31910827455727e-06,0.000250572469688454,0.378570054451123,2.34497521022648e-06,2.8435758789275e-07,0.00268994026302644,1.84672952745105e-16,4.29412136920004e-07,-5.79384894287133e-06,7.98336112036889e-07,1.6053272105287e-06,0.000566158837415878,7.71044290555653e-08,3.28572756237236e-06,-8.24662075105649e-07,1.51619305464245e-07,-8.57996829938138e-09,1.53772294902521e-07,-1.46637557577575e-05,3.49705147967309e-08,-3.59218112802552e-06,2.18740547560184e-06,-2.55706547085054e-09,4.33823062651224e-11,2.23569636472633e-09,-9.45097481725861e-09,1.55956466588777e-07,5.56093013083398e-07,-1.21303092921904e-07,2.7595243833178e-07,-5.34112610124169e-07,6.34487636407398e-06,-4.01795917131398e-07,4.44592124292456e-07,-1.51665678520619e-07,3.29764216473964e-09,1.35915735524631e-05,-2.19492659509196e-07,2.15505873299718e-07,7.13495113032062e-09,-1.93176261854289e-07,1.95605614827641e-07,-2.76246817433986e-07,4.44608661101466e-07,-8.72247369365312e-07,7.0590513819324e-07,-5.41418114502397e-08,0.000300179085489119,-2.39104277155057e-08,1.46216588225815e-06,9.18621436554436e-16,-4.36436838846149e-06,-1.51060618058954e-07,-1.73722327155884e-11,-1.57829825887196e-07,7.70036041432227e-06,-2.44598802401242e-07,-4.24764671180451e-08,5.22714761012992e-09,-2.41790640133116e-07,1.43811799597045e-05,3.23960493548394e-07,-2.59042900230384e-08,3.8840631851053e-06,-4.71473117998402e-06,1.31262327363201e-06,-2.43824202340245e-06,3.53547516773376e-07,1.44687691832262e-07,9.53922173504415e-09,6.38215070263243e-06,-4.70950862703648e-06,2.53092378285611e-08,-0.00365129291078353,1.95750128605361e-07,-9.96298479421513e-07,3.54387909950637e-05,1.07150658400037e-06,5.52279495354408e-07,-1.78255987263825e-07,-0.000462804340399446,1.15428827064854e-07,-5.47425085882131e-07,1.56267091014465e-07,1.46990485625624e-06,-2.90648203499923e-06,-1.13015295208223e-16,9.50017164475607e-09,5.08138075899872e-07,-4.77146375729492e-08,2.78692170255575e-06,3.10547844350017e-08,7.36264254802868e-07,1.75247419859579e-06,-2.38922120791064e-06,0.00074138403969564,1.21110198303703e-17,-6.1192216556913e-06,-4.97112286290741e-09,-2.14610069512984e-07,8.95032642690011e-08,4.86063253773526e-05,-1.12443606083328e-07,-4.35322097048637e-06,1.16791217598243e-06,-4.92678266459803e-07,7.47877734773449e-06,-1.01382607114087e-07,-2.76813396085254e-06,-1.29117429086134e-08,-1.83419987602159e-09,-2.76894090605411e-06,1.46603507869961e-07,-3.01297356497157e-06,2.16672474462256e-16,-7.84573363474445e-07,6.17587114645161e-08,1.77990137303723e-09,1.57719877628271e-08,-5.82684237032266e-06,-1.21419138034383e-05,5.45103243393948e-07,-1.98421272761574e-06,-9.27132662807705e-05,7.6419878311192e-17,-2.01701663641372e-06,-7.01736536146788e-08,-2.55151388474885e-06,2.48623343061781e-14,7.79114297497238e-06,6.11025215152111e-07,-9.34101959719188e-08,-3.94122643153761e-06,-1.31208631289638e-06,-7.0004505234861e-07,-2.22292738905763e-06,7.03177703506785e-07,4.97709342003174e-07,2.75943395329345e-08,1.53653484829249e-06,1.95841311022797e-07,7.79440238315285e-17,-7.95929591390158e-08,8.16367513145142e-05,1.24381910471686e-06,-1.89488979220844e-06,-1.0054054104319e-16,-1.64446101629904e-07,3.07715209900915e-08,-8.44322367518967e-07,-5.03978165482722e-08,-1.91004731441329e-06,1.80563091229678e-07,-2.42360236982881e-06,3.90218722341234e-06,-3.92465744554539e-16,1.45951944797424e-05,-2.46506230245925e-07,6.97815662167697e-07,1.83850356493851e-05,-1.51478927806417e-07,-1.25787075017524e-08,8.15320033709099e-17,-2.1203148090673e-16,-1.23147726271697e-08,-1.41168111839571e-07,1.86465020736999e-08,-2.15045757739166e-06,1.07985153211193e-14,-1.05357809217868e-06,-1.26392775096257e-08,-2.12247681710901e-16,-9.60693422733155e-17,-1.64308254158109e-16,2.85418811907795e-06,7.57988021404516e-07,-8.84579912125955e-07,1.37192937327843e-05,0.0024224753629259,6.08346234820972e-07,-2.67579452946169e-07,1.14405751541439e-16,-6.51982553755921e-08,1.87487983265966e-07,-1.19839310716634e-17,8.98960116387399e-17,-1.28453692520051e-07,-7.92936913048575e-10,-8.00568962573017e-08,4.98430349799168e-06,8.49491372620231e-08,-3.62689563793869e-07,9.89509885684265e-17,-0.000786861790338465,5.22244565903807e-17,-4.16524573389417e-06,-4.42761062188768e-16,-9.96610231595068e-08,-4.24338279754924e-16,4.22250011485571e-07,1.11904416530418e-07,5.77634087278362e-07,0.000205959814752412,3.22235746611728e-07,-4.00486764059671e-08,2.64155787292184e-07,1.01363581835716e-07,5.47963757080723e-06,5.20851039471974e-07,1.11412277826057e-07,-3.43397464339143e-07,-7.17676993824578e-06,-6.2816414130758e-07,-2.01108706525903e-07,1.03333627605766e-16,2.16780653988501e-06,-4.4074019438032e-07,5.09023829197727e-07,2.19700825137929e-16,1.62562043562424e-06,0.368825749925209,-3.16792723414935e-05,-1.85576746041307e-14,5.03467787926393e-06,1.23941329623295e-05,-1.0163441582896e-15,1.12795326475169e-06,-9.94171833255663e-07,2.5952418012058e-16,-1.13677976158206e-15,2.87978889522575e-08,1.69103715309856e-06,8.82519297079548e-09,1.11121138530072e-05,-6.45210456932754e-05,-6.18460443658248e-08,-6.53859036207485e-07,-4.30459934489862e-07,1.45492421630357e-05,-4.63984319715172e-16,-1.56131832783456e-09,-1.18865999236904e-08,-3.16126881171409e-08,-2.83023989438015e-06,8.59402420436817e-16,-7.58822448001215e-18,-8.76675144171739e-07,4.66094912694625e-16,-1.04036479393784e-15,-2.59210313148087e-07,3.58706261070643e-07,6.70712967405176e-08,3.47721332651985e-08,-1.47553999459225e-06,-3.83958338964433e-07,-1.15998478518311e-07,9.452434257487e-17,-2.03650898672776e-07,-8.96075239897014e-09,-4.03099362322654e-08,3.29160942181731e-08,-1.07351635553947e-07,2.15467515089683e-16,-3.86602657091963e-16,8.57269499206918e-16,7.72470191447086e-08,2.90489641666531e-09,4.88140002024298e-06,-3.25903335296558e-16,1.86186546942193e-09,3.94100226102833e-16,8.35849616866596e-17,-1.22814919864469e-07,1.69029861444681e-05,3.65484552344864e-16,4.20346902486319e-08,1.3275621228707e-09,-1.43093746523003e-15,-2.56718392973652e-10,-2.66107524164019e-16,1.11490310821578e-08,-4.39571836932957e-17,1.21674724440869e-08,1.00979426317488e-08,3.91108734748114e-10,4.46545393803051e-09,3.63003402733999e-08,-2.54575082623545e-09,3.01730519934148e-06,1.41814254957722e-17,9.20001868733471e-08,-5.33203954903284e-09,-1.87281555489412e-16,-7.26596286255414e-10,-1.56854400205585e-08,3.82398915993125e-09,1.87300827074901e-16,1.41397762432361e-08,1.9173992002174e-08,-1.20985077200242e-16,-8.82069980157847e-07,-1.23095570942652e-07,-6.08378507283002e-10,-2.81129583890044e-16,1.28320510281425e-16,1.21271493566428e-08,4.29595326886376e-08,3.50349392528882e-09,-5.87606190188631e-09,3.03220367071231e-08,-8.78753515847749e-17,-3.0141434087361e-16,1.12211040164721e-07,7.74773920463966e-10,-2.34408130300373e-16,2.77679099840082e-07,-1.32081139366693e-16,1.3211617114664e-08,-5.56881306924757e-08,-3.25975193546067e-08,-2.17651288040883e-07,7.91122252623672e-17,1.94281655234066e-17,-1.08594736310587e-16,2.08768223197151e-18,-1.67323721019658e-09,-5.83051787539023e-09,-1.34579171881281e-16,-5.33150900003174e-17,-1.77728183811537e-17,8.34028088402959e-09,7.54635064238107e-11,-4.23056252901049e-09,4.71421990826712e-17,-1.85452781603646e-16,2.78097857242532e-17,-1.91943666804108e-07,5.88410472956058e-09,-1.17250681185983e-16,1.05311896304116e-09,-2.77637122418966e-08,-5.9116972951413e-17,3.17759044482491e-17,-2.16459169396676e-07,-2.00333693136648e-10,-1.08459665968092e-07,-7.44863150838685e-17,1.11946269308311e-08,4.7368136340852e-06,5.14022068188929e-06,-1.82936856940624e-07,-4.46333271262057e-08,7.32031077000478e-10,-1.64889532550907e-17,-4.18166906180548e-17,-1.10334631379078e-16,1.44852190147225e-08,-1.31227648108813e-08,-5.50334306925658e-08,-4.00223139516515e-09,-1.5716491264536e-16,1.66837209453331e-16,2.00503708024701e-16,8.35688509540397e-17,3.63414325852572e-16,1.95454152534822e-08,1.6727201717578e-16,2.32188522769905e-16,-3.53234444978727e-08,1.59898321626685e-16,-3.16347699863372e-08,7.1410004119798e-17,-3.92497779451123e-08,5.26181280665853e-17,-4.8231707245317e-08,-6.05713334740412e-09,-5.02083897397325e-08,-3.64426734668776e-17,1.96842050502247e-07,-6.0222496346044e-17,8.18966171172207e-05,-4.55001448532638e-08,2.51997618792662e-10,-4.64240531973281e-17,4.09399889403269e-07,-1.58892277913816e-16,-5.775608876511e-05,-5.10084358892981e-08,-3.07902676679285e-17,1.9373357997215e-17,-1.21792137395891e-16,1.46936531717158e-17,-1.93875626383929e-09,-2.53028375506096e-08,-5.66411656167139e-09,-1.36611529533183e-16,4.38626970877688e-17,-5.47848834525025e-09,4.47111000697123e-08,-3.99577133098743e-17,-2.58706595112499e-16,-2.64676044826851e-08,2.11038155394156e-17,-1.88084323590206e-07,-1.36232802833265e-16,1.61977314803558e-07,9.72653236574513e-19,1.22860173945893e-16,7.08115238131393e-17,1.9558321221332e-17,1.72641279403142e-17,-7.23027354273136e-17,3.16239901218144e-09,-2.21215474971713e-08,4.04862064056873e-17,-1.48035697204643e-08,1.59460894442858e-05,1.13677693844611e-16,-6.11375119294366e-17,-4.6670930974796e-17,9.89619198044526e-17,6.16840892038948e-08,9.88705741557269e-09,-5.19804197792389e-17,1.20821030875643e-16,-2.8899789884447e-06,-3.63248178169536e-08,-5.50885033410707e-10,5.73084269737155e-17,4.4455307742238e-17,-1.58221450090131e-17,-9.53690253326332e-17,-1.38716138669416e-16,6.34296605938654e-17,2.41205375899951e-07,-2.28458529882227e-07,-4.39899506951113e-08,-1.55761134175027e-17,9.64175052902024e-18,-1.69469847725684e-16,2.87841720674066e-16,4.20004413789397e-18,-3.41430546283534e-16,-3.9201769712653e-17,-2.73106436799316e-17,6.56853015321746e-17,-9.02763363274075e-17,-3.28804758070341e-17,1.07047148300524e-16,6.6122995488852e-17,-4.94042458657017e-17,2.23510525825426e-09,3.6101845301622e-17,2.64102869332579e-16,2.26078834261171e-17,3.17259644420086e-08,-4.21904201559184e-09,2.31559718702197e-16,-8.19639557389893e-10,2.91203632786514e-08,-2.34708422831619e-17,3.665013112901e-16,-5.63813571967383e-08,3.41125556027062e-16,7.23454056141581e-10,6.1863139447591e-17,-1.37057841839186e-17,-2.92049381608674e-17,5.59777507519918e-17,7.86562755723798e-09,-9.79910647948257e-08,-4.01259502093568e-17,7.31371653137694e-17,3.84285769931572e-17,-4.88770923107702e-16,7.405100838076e-17,2.99895844452975e-17,-1.9295207114764e-16,1.00446486484356e-16,1.20826464262576e-09,-5.84595130763121e-17,-6.57712726854917e-17,-7.37736379312874e-17,-3.0502516945668e-16,-2.35331864593521e-16,3.00854783560224e-16,-4.22716564957072e-07,-2.51020096796288e-17,1.9690082086417e-16,1.78733900397801e-08,3.61550197324359e-17,1.71839582013953e-16,-8.86757694685652e-17,3.12388673397359e-16,1.50571675115865e-08,9.27530336013999e-17,-1.22664427843101e-07,1.87387663685507e-16,-2.04229302902779e-17,-3.52969084030904e-16,8.31900703651602e-17,-9.12080953097795e-17,-3.55365883122825e-16,4.44774445117964e-09,-1.08524016081308e-16,-3.182300642284e-16,2.2857455550366e-09,-5.56769134807278e-07,2.62828753283555e-17,6.25769172264259e-07,5.72879437660489e-08,-4.61322353725265e-16,-9.19036271304832e-17,1.85017471753959e-16,-1.87623435089772e-16,-2.7442435297887e-16,-9.71984704822354e-08,7.62924828148814e-16,2.86546772499574e-16,-2.19272544604128e-16,3.90112349210876e-08,-1.4608645002314e-16,-6.27382288779917e-17,3.88119346588064e-16,-5.08548790753098e-17,-1.78321371174719e-08,2.59990258407788e-18,4.87860853507916e-10,-5.25674669331751e-17,-4.57880110428412e-16,2.04019006194101e-16,-2.06581609758412e-17,-4.51648681988231e-17,-1.30997472775716e-16,-6.18749594373297e-17,-8.50957309329104e-09,-3.68144043511144e-17,8.26063600190525e-17,3.58217132648122e-09,-4.60646064366226e-17,1.78739505930105e-16,-1.7871246094268e-16,4.91183133061586e-17,3.67224061774266e-17,8.2238439776977e-17,-2.6073593503918e-08,2.06416663707362e-17,-2.84641506024723e-16,7.77786714320432e-09,1.22393663364987e-17,1.10693283154317e-15,1.9550939078612e-16,2.44701735958046e-17,4.2625400349163e-16,-8.99584000316019e-17,-1.46408864216252e-16,3.75505057212967e-16,-1.5871835922275e-16,1.56469065215772e-16,3.96111966290114e-18,-4.1071715013279e-09,1.3630086925922e-08,-2.16610377164112e-16,-8.67094924126722e-16,1.73707900420714e-16,1.47138815347619e-16,1.81658073999946e-16,-2.02640740905794e-16,-4.68076949553733e-16,1.66124307290724e-16,-3.29554873254581e-07,2.3193610333989e-16,-8.14419510711939e-17,3.36499152535286e-16,2.47558101760236e-19,1.523584905902e-09,-9.52912118975335e-18,-2.42509741969881e-10,-1.21279420380916e-16,1.08101794113643e-16,4.16970861241668e-16,-2.81771407958333e-17,-2.81684941942147e-16,-2.46399949158823e-16,3.61549216438357e-16,9.46218485799834e-17,-2.48179514167222e-16,-2.91094105811236e-16,-1.71429199881035e-16,2.22550686578484e-17,1.65099912756161e-16,-1.29191094545817e-16,-1.57312207695197e-16,1.38413219295523e-17,-1.32618664210134e-16,-3.83913667701344e-16,-2.37908039845822e-16,4.7123675000571e-16,3.95788003065833e-16,-5.87857274697064e-17,-7.18633808166315e-16,3.89229484444153e-16,-1.78875720391143e-16,1.28563346678518e-09,3.83288613579276e-16,-7.65458516641036e-16,5.14123428727976e-17,-1.44405449612138e-16,-9.64737815069414e-16,-5.26862402163343e-17,-6.16071764939842e-17,1.41728293650649e-16,-2.78368093197562e-16,-3.5709757046604e-16,-6.42335577089037e-16,-6.17447599010213e-17,-1.45776622601066e-16,-2.15165772784929e-16,1.60472836969566e-16,-1.35537323849227e-16,1.76537812321937e-16,-1.66892723629497e-08,1.14887957337711e-16,4.11607696115865e-16,1.04080027648675e-16,-3.48007909294926e-16,-9.12244676186259e-17,8.99342593610288e-16,1.14286956447265e-15,3.07443556073619e-17,-3.35178634615386e-16,5.701775658815e-09,1.7486432445108e-15,-1.23740897008936e-15,-1.42035069738497e-15,-2.30784225442265e-16,-3.36761182459442e-18,-1.78730723302882e-17,1.12239540813836e-15,-1.34034561384887e-15,-7.80168588857143e-16,5.00082560119913e-17,-9.99813004948315e-16,-1.8550798281815e-15,5.90832183770542e-15,1.81430842475041e-08,0.707106781186547,-9.64344566231577e-15,1.50380283180227e-15,-1.78307889286966e-15,-4.99336287943801e-09,3.25257655369399e-15,-3.61966298905108e-15,7.18195897358335e-16,2.31991557159861e-15,-3.6311648960105e-16,1.46757811606697e-16,3.7164740534043e-16,1.87456412826158e-16,-3.37425694456139e-16,2.20439660699909e-16,2.36556677201773e-17,-1.63347510342926e-15,8.01969344593534e-17,-5.77523861393946e-17,-9.66840394728426e-17,-5.66598655989417e-17,-2.35874620220017e-16
"t940",0.026353127779591,-0.00245258051369305,-0.0021678282756235,-0.00034088530738062,-0.0113284217100192,0.0963779163525336,0.0164254553298062,0.00010495637246278,0.0248110564982366,-0.0187772905056065,-0.00340780199431139,0.00242261745440165,-0.00462048077503381,-0.000957286097955686,-0.0243365656089316,0.000525571020388875,0.000367491783731687,-7.55902288972376e-05,0.00282605403645822,0.000421743809220204,-9.04966254318495e-05,6.46757806609945e-06,0.000759375889700852,-0.000155506647453787,3.1678837550362e-05,-0.132440599250181,-0.00905330841744488,0.0005822792893541,-0.00256733784806678,0.0046828415318923,0.000125879284756455,-0.00470843463233256,-0.000243955862776161,0.00213670332538596,-0.000219059702519011,-0.000200785679022128,-3.61074238240696e-05,0.00189318937642383,0.000395101095389701,0.000100592513099755,0.000305372321373833,-0.000546518624556774,2.5839706539684e-05,-0.000439606028552696,9.73030794659455e-05,-2.08311481599059e-05,3.91912133865617e-06,-5.85680159221033e-05,0.000826112647967179,-0.00165492024758169,0.000104707936174415,-0.000103635934533117,2.00272804265287e-06,-4.76271744045405e-05,0.0014248376599569,-0.0729818529017115,-1.17741939066622e-05,3.60283828353213e-05,-0.000117192273949622,-7.22540050700134e-07,-1.08718619649886e-06,1.57914950233597e-05,-3.45662782661294e-05,2.54123780085743e-05,-1.61542226390845e-05,1.37393483513576e-06,1.78410956859529e-05,-0.0680861868702946,-0.000827090284583832,0.0274246984799538,-4.73870060590817e-06,3.62679159048606e-05,-0.406277920905186,1.06180636745846e-05,-3.074154269405e-06,-9.00454726967316e-10,-6.76931330504207e-06,3.99225607272667e-06,-0.000274186673714416,-0.00362577275029907,1.74442581371255e-05,0.001643013023521,-0.000135890782276838,-5.7246378416743e-05,5.35880347752751e-05,0.000155356090210796,-2.55226522514492e-05,-4.58941860094158e-05,-9.10180767098447e-07,3.51899946215229e-05,-9.02492718473574e-05,1.28178918049797e-06,0.10652944075635,3.56143406332213e-05,-1.90190252082454e-06,-9.32944638742998e-06,-1.10121190458018e-06,7.01116585925182e-06,-8.20105345255139e-05,-0.000274920350693398,-0.00758963146504952,-3.10741035222932e-08,-0.00049586647511842,8.18348456284894e-05,-4.65696361949965e-05,1.30587005068668e-05,-0.018248244941307,-5.13026006112292e-05,0.000847316765326111,-1.04185655811455e-06,-2.75022977885227e-05,-1.81968250845681e-05,4.98538244272773e-06,1.52376494489735e-06,-6.9204714939234e-07,3.90865681770113e-06,-7.17333771591631e-05,0.000104885806758366,-0.000891759124902663,5.83280169839206e-05,-3.81645944295054e-05,0.000165875168669785,-0.00928667430333604,-0.0396144641538442,-0.000156836645001279,0.000195127815627695,-1.85760078522065e-05,0.000107455605643597,-4.45489064516539e-05,-0.00151800559996092,-9.54859310684197e-06,2.76421461695338e-05,1.37732421240171e-06,-1.99821876237548e-05,-1.45288632221394e-07,-3.3655806851756e-05,1.47293591442484e-05,1.64400872230388e-05,-0.000248066793058134,0.000888511399378727,-1.41205609460189e-05,-1.43564656448527e-07,-0.000294622989828515,0.000345484805399579,-4.79897648603858e-07,2.66137914529813e-07,6.49645022445927e-07,-1.35243993330691e-06,-8.10483376361958e-08,0.00777488714501298,-4.58285146256597e-07,-2.94856896808467e-08,6.77890666894598e-09,-3.75534897542368e-07,-4.38730328186568e-08,-7.31422370092536e-08,1.22073416036548e-06,-1.8583206204987e-06,-1.00121028537386e-06,-3.34540346185964e-07,-1.70960124318835e-06,2.51582164582311e-07,-1.80755294138601e-06,-2.66321832670024e-06,1.8126206576319e-06,-1.25049814544458e-06,1.99592134525102e-05,3.41574296926056e-07,1.69871759432183e-05,1.70894174951553e-06,-2.93710746331455e-06,-5.17112542798397e-07,6.12413548010126e-08,2.05238000066008e-06,4.3697797041133e-07,0.00299083617920449,2.37922908660457e-08,-1.23796508203787e-06,-1.14153630917388e-05,-5.55310080128676e-06,2.20106596695425e-05,5.6868350377506e-06,-1.16366203089347e-06,-4.52417825547135e-09,-1.33420625443849e-07,-3.47335438219412e-08,-5.91205250549784e-05,1.37603614435406e-05,6.16910768314303e-05,-5.83988114898111e-06,-1.75806043335162e-06,3.53244412777776e-06,0.000646743330648179,1.6967274564067e-09,1.703815857228e-07,-3.11191116653953e-06,-5.76647190155884e-06,-3.38381829404079e-07,3.4818392849051e-06,1.51531574418656e-06,1.51085674246895e-06,2.16046706847335e-05,-4.39252362967232e-08,-6.87663544046722e-07,-1.17922177591227e-05,-4.98672237601405e-06,7.70890359254701e-06,3.50810618316311e-06,-5.89891281138195e-05,-3.53080571972976e-08,-0.000252690313278466,3.63649913196579e-06,-1.75898785119122e-05,-2.97959148118205e-05,-1.71840378416796e-07,-1.26469767767037e-06,3.62099626111486e-07,2.32467441866085e-07,-5.83520483209958e-06,-0.00111922350399316,-1.32851999635378e-05,2.12706931660695e-05,5.12365994751804e-06,2.47997167854089e-05,-0.0236459833458036,6.39170786313867e-06,0.000516358136117742,-1.48097706923508e-06,-4.52417078896605e-05,-6.22688345673102e-05,2.2157142894833e-05,8.31910827458565e-06,0.000250572469688587,0.378570054451123,2.34497521017307e-06,2.84357587863335e-07,0.00268994026302651,1.49580666928527e-16,4.29412136645149e-07,-5.79384894281451e-06,7.98336112102897e-07,1.60532721052625e-06,0.000566158837415904,7.71044289509739e-08,3.28572756231583e-06,-8.24662075109783e-07,1.51619305468817e-07,-8.57996826302032e-09,1.53772295048304e-07,-1.4663755757725e-05,3.49705147584929e-08,-3.59218112799987e-06,2.18740547549221e-06,-2.55706550955005e-09,4.3382277587975e-11,2.23569645534773e-09,-9.45097484482857e-09,1.55956466525155e-07,5.56093013069547e-07,-1.21303092926558e-07,2.7595243843181e-07,-5.34112610179952e-07,6.34487636408099e-06,-4.01795917134919e-07,4.44592124286134e-07,-1.51665678587896e-07,3.29764212726302e-09,1.35915735524285e-05,-2.19492659532838e-07,2.15505873217187e-07,7.13495104099152e-09,-1.93176261999257e-07,1.9560561484051e-07,-2.76246817452254e-07,4.44608661129824e-07,-8.72247369348962e-07,7.05905138253051e-07,-5.41418114688845e-08,0.000300179085489119,-2.39104278852939e-08,1.46216588217163e-06,7.19780682113533e-16,-4.36436838849406e-06,-1.51060618011962e-07,-1.73722143631006e-11,-1.57829825896892e-07,7.70036041449021e-06,-2.44598802487903e-07,-4.24764671595447e-08,5.22714751680605e-09,-2.41790640259808e-07,1.43811799597552e-05,3.23960493686278e-07,-2.59042900164085e-08,3.88406318517448e-06,-4.71473117978527e-06,1.31262327377621e-06,-2.43824202326532e-06,3.53547516633622e-07,1.44687691937761e-07,9.53922168691786e-09,6.38215070263084e-06,-4.70950862711282e-06,2.53092379104905e-08,-0.00365129291078344,1.95750128575282e-07,-9.96298479440078e-07,3.54387909951286e-05,1.07150658396105e-06,5.52279495604519e-07,-1.78255987202566e-07,-0.000462804340399455,1.15428827120266e-07,-5.47425085848814e-07,1.56267091051884e-07,1.46990485627572e-06,-2.90648203500858e-06,-1.54330444217105e-16,9.50017151860596e-09,5.08138075908159e-07,-4.77146375457357e-08,2.78692170259169e-06,3.10547841573614e-08,7.36264255194634e-07,1.75247419851086e-06,-2.389221207931e-06,0.000741384039695646,6.63163533934509e-17,-6.119221655516e-06,-4.97112256587657e-09,-2.14610069446158e-07,8.95032643710672e-08,4.86063253773517e-05,-1.12443606034877e-07,-4.35322097032761e-06,1.16791217599608e-06,-4.92678266473939e-07,7.47877734753585e-06,-1.01382607051946e-07,-2.76813396087401e-06,-1.29117426994189e-08,-1.83419981847756e-09,-2.76894090589616e-06,1.46603508039699e-07,-3.0129735649454e-06,-2.77858863064091e-16,-7.84573363321563e-07,6.17587114217985e-08,1.77990166092513e-09,1.5771987813384e-08,-5.82684237049643e-06,-1.21419138034644e-05,5.45103243419299e-07,-1.9842127275105e-06,-9.27132662804849e-05,-4.09080724512065e-18,-2.01701663641081e-06,-7.017365342549e-08,-2.55151388513093e-06,2.45230611265177e-14,7.79114297508606e-06,6.11025215255111e-07,-9.34101956879601e-08,-3.94122643130947e-06,-1.31208631313814e-06,-7.00045052362482e-07,-2.22292738919726e-06,7.03177703922241e-07,4.97709341703562e-07,2.759433955009e-08,1.5365348482849e-06,1.95841311201561e-07,1.43277757603863e-16,-7.9592958972774e-08,8.16367513143204e-05,1.24381910462615e-06,-1.89488979197107e-06,-2.05532442352724e-16,-1.64446101652381e-07,3.07715209596797e-08,-8.44322367643202e-07,-5.03978165297643e-08,-1.91004731458116e-06,1.80563091350288e-07,-2.42360236981387e-06,3.90218722334893e-06,1.68593415940042e-17,1.45951944796315e-05,-2.46506230121621e-07,6.97815662157895e-07,1.8385035649268e-05,-1.51478927883315e-07,-1.25787074369236e-08,1.37910516340156e-16,-2.19916776664765e-16,-1.23147725666603e-08,-1.41168111847743e-07,1.86465018964256e-08,-2.15045757776948e-06,1.07987450210627e-14,-1.05357809187388e-06,-1.26392775865212e-08,-1.79659318840201e-16,-8.6746343763792e-17,-1.18015793409687e-16,2.85418811952069e-06,7.5798802108197e-07,-8.84579912331577e-07,1.37192937327669e-05,0.00242247536292562,6.08346234987248e-07,-2.67579452761993e-07,8.73078828236516e-17,-6.519825529346e-08,1.87487983281699e-07,-1.27932357765796e-17,2.92333202000211e-16,-1.28453692618749e-07,-7.92937145941259e-10,-8.0056896450219e-08,4.9843034981144e-06,8.49491371082057e-08,-3.62689563584706e-07,8.20916447862761e-17,-0.000786861790337849,1.36200166110272e-16,-4.16524573367064e-06,-5.09114235144881e-16,-9.96610232809435e-08,-5.37245852202767e-16,4.22250011460467e-07,1.11904416520719e-07,5.77634087086567e-07,0.000205959814752381,3.22235746725673e-07,-4.00486763330018e-08,2.64155787142309e-07,1.01363581773271e-07,5.47963757075618e-06,5.20851039239697e-07,1.11412278175173e-07,-3.43397464209257e-07,-7.17676993807645e-06,-6.2816414123664e-07,-2.01108706457142e-07,1.03515035090783e-16,2.16780653988257e-06,-4.40740194366637e-07,5.09023829123316e-07,2.60567257232916e-16,1.62562043551096e-06,0.368825749925209,-3.16792723416445e-05,-1.86988935416994e-14,5.03467787915719e-06,1.23941329624761e-05,-1.27510369320629e-15,1.12795326500936e-06,-9.94171833308439e-07,2.8839035745183e-16,-8.81655448131939e-16,2.87978887220708e-08,1.69103715347911e-06,8.82519311477679e-09,1.11121138532547e-05,-6.45210456934159e-05,-6.18460442113171e-08,-6.53859036196065e-07,-4.3045993422073e-07,1.45492421630804e-05,-1.78513887699738e-16,-1.56131832680162e-09,-1.18865999201141e-08,-3.16126881182843e-08,-2.83023989432275e-06,7.96527414962553e-16,1.00788417176342e-17,-8.7667514416364e-07,4.79087638923553e-16,-1.04964087399152e-15,-2.5921031307706e-07,3.58706261151477e-07,6.70712969982263e-08,3.47721336362837e-08,-1.47553999458674e-06,-3.83958338979878e-07,-1.15998478561075e-07,1.34709203823646e-16,-2.03650898716126e-07,-8.96075224511271e-09,-4.03099362073525e-08,3.29160944348192e-08,-1.07351635371746e-07,8.91011650317399e-17,-6.32689128491782e-17,6.38463551952393e-16,7.72470194300681e-08,2.90489637911439e-09,4.88140002034855e-06,-1.8045364371729e-16,1.86186542615334e-09,2.21712080677638e-16,4.42279102908097e-17,-1.22814919874422e-07,1.69029861447841e-05,5.28982239955678e-16,4.20346902481484e-08,1.32756204503664e-09,-1.20537259137612e-15,-2.56718503607084e-10,-2.34713915521497e-16,1.11490308403789e-08,-4.37900475552475e-16,1.21674721677086e-08,1.00979429450648e-08,3.91108828958983e-10,4.46545370219452e-09,3.63003401959794e-08,-2.54575053561506e-09,3.01730519933076e-06,5.73767612652194e-17,9.20001868567349e-08,-5.33203965155106e-09,-1.92903550098501e-16,-7.26596075873579e-10,-1.56854400497951e-08,3.82398916782624e-09,2.02790495022949e-16,1.41397761872968e-08,1.917399185001e-08,-7.91919053741204e-17,-8.82069980338534e-07,-1.23095571032948e-07,-6.08378247348402e-10,-1.21866207524976e-16,2.04695843387738e-16,1.21271495305294e-08,4.29595333459403e-08,3.50349384726223e-09,-5.87606181768628e-09,3.03220367727563e-08,1.28290948182284e-16,-3.1185544685766e-17,1.12211039738356e-07,7.74773535909528e-10,2.58719667460232e-16,2.77679099543813e-07,-1.69841386719651e-16,1.32116172787379e-08,-5.56881311322713e-08,-3.25975189183023e-08,-2.17651287828797e-07,3.66408410287844e-17,1.43987024691831e-17,3.37790864769678e-17,6.04827183580907e-17,-1.6732371557669e-09,-5.83051783896845e-09,1.29816067682138e-16,3.10768137295955e-16,-3.4389464596355e-17,8.34028077798797e-09,7.54630430792213e-11,-4.23056279564297e-09,7.802458194883e-17,-2.2266802117421e-17,2.69722395460081e-16,-1.91943666831901e-07,5.8841047397115e-09,-1.40039059075845e-16,1.05311869065834e-09,-2.77637123964263e-08,5.53911039523668e-17,-6.54909518577253e-17,-2.16459169391185e-07,-2.00333663431791e-10,-1.08459666077566e-07,-2.38419342725139e-16,1.11946269649033e-08,4.73681363382792e-06,5.14022068244064e-06,-1.82936856835466e-07,-4.46333263195568e-08,7.32031351272369e-10,-2.30467296240946e-16,7.89637436449466e-17,1.08080365825659e-16,1.44852187680273e-08,-1.31227650710239e-08,-5.50334306703998e-08,-4.00223105276961e-09,-7.99146608228208e-17,2.82117945981724e-16,1.7779476017329e-16,-1.84565880669905e-16,1.23920941659971e-16,1.95454152899015e-08,-2.3184717140496e-16,1.36180995214228e-16,-3.53234451654281e-08,-5.81234343563309e-16,-3.16347699046237e-08,9.76004009385796e-17,-3.92497776904338e-08,2.48563462080987e-17,-4.82317070673722e-08,-6.05713329638509e-09,-5.02083899702125e-08,3.43398710927021e-17,1.96842050022392e-07,-4.8721658794318e-17,8.18966171172211e-05,-4.55001448434373e-08,2.51997655584765e-10,-5.46565784790355e-17,4.09399889562204e-07,5.67002367805919e-17,-5.7756088765185e-05,-5.10084358822108e-08,-2.05540335317376e-16,-1.94183636710757e-17,-1.67112221553119e-16,8.10819074830528e-18,-1.9387564742209e-09,-2.53028374585434e-08,-5.66411680200517e-09,-1.24021629833365e-16,5.38732471395454e-17,-5.47848835604408e-09,4.47111004103686e-08,-1.38347926566115e-16,-6.3770773962282e-17,-2.64676045520431e-08,1.41493517934761e-18,-1.88084323928314e-07,2.78473748720439e-16,1.61977314868666e-07,4.48040854208316e-17,-4.51218481889109e-17,6.62203604082057e-17,9.4856551949019e-17,2.77243552451203e-17,-3.8856450914133e-16,3.16239942851657e-09,-2.21215471415067e-08,-2.64474278820984e-17,-1.48035701622114e-08,1.59460894447073e-05,-2.62697195032137e-16,6.77768623602369e-17,3.16785263384224e-16,9.28798049375361e-17,6.1684088838001e-08,9.8870569583744e-09,-1.20918916773346e-16,1.0784683914622e-16,-2.88997898840384e-06,-3.63248178619273e-08,-5.50885336593503e-10,3.08375493514053e-16,1.78269244314802e-18,2.87191592422281e-17,1.00585397751117e-16,1.70470243774254e-17,-1.59364258309194e-17,2.41205375863629e-07,-2.28458529749932e-07,-4.39899509961989e-08,8.88689295125832e-17,3.67169167583082e-17,1.92887255953821e-18,-1.96773767993811e-16,1.3583552885672e-17,1.84163295009046e-16,-2.48762682121347e-16,-6.33044369008031e-17,5.30243577989973e-17,1.022284933868e-16,1.37251268142583e-17,-1.44160247786343e-16,4.16091467012772e-17,2.05552218652583e-17,2.23510508360303e-09,6.39035446025926e-17,-1.83455768560672e-16,1.8600576621954e-16,3.17259645348302e-08,-4.21904232509236e-09,-1.15488002956063e-16,-8.19639716117534e-10,2.91203634021085e-08,5.52021857044055e-17,1.41995586501705e-16,-5.638135700373e-08,-2.24423176653313e-16,7.23454109640613e-10,-1.51837212457758e-17,-9.79216911586958e-19,-3.14450466929059e-17,7.77434012201513e-17,7.86562703629986e-09,-9.79910649130751e-08,1.12529604485389e-16,4.47511940691499e-17,5.09584718715248e-17,3.02561137547172e-16,5.52943107967607e-17,-2.97017529019341e-16,1.46279292539622e-16,9.30878611470527e-17,1.20826515609384e-09,-3.44662729433506e-17,-1.17587626031353e-17,-1.17877029712783e-17,8.56741981733588e-17,1.2175199303153e-16,-2.90028624180794e-16,-4.22716564930749e-07,5.07358267773407e-17,-1.10225715350968e-16,1.78733900426753e-08,-1.09148459079471e-16,-1.10959282849953e-16,1.17126737786527e-16,1.88088514572334e-16,1.50571678086581e-08,-1.44927211881461e-16,-1.22664427316732e-07,-2.71643411079255e-16,-1.51632407783245e-17,3.87685179554863e-16,-8.53427834247833e-16,1.09127468598647e-16,2.04055496316022e-16,4.44774514362206e-09,7.21934564434791e-17,2.70037982633058e-16,2.28574538953423e-09,-5.56769135226533e-07,-7.54442655885936e-17,6.25769172271641e-07,5.72879436324769e-08,4.98786897988331e-16,3.61676458802048e-17,-1.56629502008744e-16,4.13014302461186e-17,3.61206555438644e-16,-9.71984702797708e-08,-4.75935855712654e-16,-3.93878182161594e-16,3.61883394794551e-16,3.90112351834273e-08,7.99610336357105e-17,-4.40944611726123e-17,-3.88630589771436e-16,3.52541230812713e-18,-1.78321371548602e-08,2.23358916124093e-16,4.87860870058309e-10,9.72521392359057e-18,7.38184629228436e-16,-1.29959167965404e-16,2.78293346290059e-17,-3.78977295947652e-17,-2.08448229318836e-17,6.61973953843806e-17,-8.50957234125464e-09,3.76016615261988e-17,-1.12015649637076e-16,3.58217131499888e-09,7.13901531823791e-17,-1.86611228950418e-16,-2.74676616238693e-17,9.71988337038905e-18,-2.27595828773115e-17,-1.42804226414908e-16,-2.6073593149035e-08,-8.46772612587375e-17,1.52697954678695e-16,7.77786693812756e-09,-1.11819701097722e-16,-1.18431271749196e-15,-1.9988509007505e-16,-3.20998329872465e-18,-2.3394010385447e-16,2.25748627632918e-16,1.19562554264078e-16,-3.03126944263021e-16,1.99109966817362e-16,-3.55286114659923e-16,1.28203321611152e-16,-4.10717123825306e-09,1.36300870161549e-08,2.32988684807195e-16,1.12604621881488e-15,-1.1324446751773e-16,-1.34238220648497e-16,1.30646361784503e-16,1.25886104001507e-16,3.1827885118268e-16,-1.60096930362012e-16,-3.29554872974234e-07,-2.45172847991122e-16,8.98749736657226e-17,-4.27213864690894e-16,5.16377320895689e-18,1.52358505749867e-09,-7.76106531830257e-17,-2.42509594030597e-10,1.91854884717652e-16,-3.31008714238786e-17,-3.49728446367537e-16,-2.51918250373123e-17,2.61735230157446e-16,3.3396321446711e-16,-1.8479832825965e-16,-1.55502765325989e-16,2.14469429553221e-16,1.65903750868395e-16,-2.15697832338232e-16,-7.78225976903608e-17,5.0589887199749e-17,9.64222268519214e-17,1.58266373729539e-16,-1.04338435210672e-16,1.34086412621495e-16,3.65939321919233e-16,1.74541431691936e-16,-1.95414029634548e-16,-4.64146950041044e-16,9.48714935786939e-17,8.84575944288e-16,-3.09190823749945e-16,9.36299307164522e-17,1.28563334641361e-09,-3.30528733071186e-16,5.52280803797846e-16,4.25550463407629e-17,9.19149048932254e-17,1.18107367052731e-15,1.33348519075853e-17,4.53562637460499e-17,-3.97897810063432e-16,2.65135255367763e-16,2.4269397145407e-16,2.6628005356244e-16,-8.72085590990944e-18,2.7774856609454e-16,2.01304760139211e-16,-1.48202209620855e-16,2.24025291737322e-16,-1.56589438770938e-16,-1.66892717377049e-08,-1.19372237453498e-16,-5.1434477954467e-16,-1.35020560181105e-16,2.70500319689148e-16,2.83428816813588e-17,-9.68238507230618e-16,-1.23849629636386e-15,-5.6381016770979e-17,3.59705393168946e-16,5.70177529194579e-09,-1.50201170903524e-15,1.19568684896341e-15,1.64308876772283e-15,3.21906498492362e-16,-3.32477395125335e-17,-2.10747447638447e-16,-1.08428790328844e-15,1.38167858805912e-15,6.39299550104068e-16,-2.25565180276262e-16,9.16215453738678e-16,1.91307629203852e-15,-5.86614229406954e-15,1.81430743972913e-08,-0.707106781186546,9.57611884771806e-15,-1.70704830213841e-15,8.5120712561837e-16,-4.99336235108131e-09,-3.25504940513778e-15,3.64092844448614e-15,-8.08006011104817e-16,-2.42120986017895e-15,3.19793330979605e-16,-3.43844984128578e-17,-2.5689337789464e-17,-9.31001297953502e-17,1.78019845161169e-16,-3.13133644887206e-16,-1.35709008418791e-17,1.7587504662562e-15,-2.38443964517509e-16,3.2544604460707e-19,5.34659799964696e-17,1.28895233583138e-16,-2.31593333958723e-16
"t322",0.0263249346612659,-0.00244704608487028,-0.00216277791668255,-0.000339820320760305,-0.0112850665922562,0.0959449711078618,0.0163502160262895,0.000104437232974919,0.0246660279301215,-0.0186440892980219,-0.00337709389087241,0.00239568330720643,-0.00456759783099902,-0.000946162559204424,-0.0240413555577888,0.000518816335457204,0.000362655002773613,-7.45771565783484e-05,0.00278729412081279,0.000415454928238954,-8.90358230147361e-05,6.3412871282784e-06,0.00074370469393084,-0.000152278872704506,3.1018669802912e-05,-0.129546996770984,-0.00885313291640524,0.000569287256717958,-0.00250849250422254,0.00455570745747138,0.000122230070101862,-0.00456558726517002,-0.000236007104004007,0.00206369674887106,-0.000211182239747939,-0.000192971358094368,-3.46838077577681e-05,0.00181732351731284,0.000379157196532038,9.6470893122253e-05,0.000292488883546533,-0.000522883864651979,2.47050135819998e-05,-0.000420277362913802,9.29475891311142e-05,-1.98369427655084e-05,3.72847681776495e-06,-5.56935929700286e-05,0.000784559669964464,-0.00156947448318656,9.91140180590411e-05,-9.80119828506649e-05,1.89379945303919e-06,-4.49864152871063e-05,0.00134286005277544,-0.0687596490510768,-1.10245360283572e-05,3.36761388014761e-05,-0.000109518239028829,-6.72315448002785e-07,-1.00824834320903e-06,1.46204532520154e-05,-3.19593004426092e-05,2.3487675300645e-05,-1.4892279681364e-05,1.26364123383297e-06,1.63228683580593e-05,-0.0621428173846581,-0.00075404715014902,0.0249519575167308,-4.26425237999811e-06,3.23540609923901e-05,-0.361940160598532,9.43247425612895e-06,-2.72992294246478e-06,-7.98635215035883e-10,-6.00089877984182e-06,3.53043944110999e-06,-0.000241112873802675,-0.00318108976810995,1.52441361654979e-05,0.00143454492344662,-0.00011788831906914,-4.95649259489737e-05,4.60008451130179e-05,0.000133042148891148,-2.18036700153276e-05,-3.91912730780712e-05,-7.77167043400854e-07,3.00395088634786e-05,-7.69681567813787e-05,1.08338796020848e-06,0.089964971309311,2.99056909221361e-05,-1.58105540065116e-06,-7.74361397046468e-06,-9.13960237282391e-07,5.79598603552308e-06,-6.76959446220064e-05,-0.000225652375381888,-0.00620035074624872,-2.53753173955752e-08,-0.000404735804736326,6.53358864525506e-05,-3.71167357804358e-05,1.03939917142701e-05,-0.0144896458298767,-4.07082745273918e-05,0.000671533857121393,-8.2420880505638e-07,-2.17439804338095e-05,-1.43356094213167e-05,3.9258431674246e-06,1.18849079886502e-06,-5.38656599903454e-07,3.02837658902788e-06,-5.5462630751337e-05,8.06281922754537e-05,-0.00068165550548821,4.43932647383566e-05,-2.89750361353551e-05,0.000124844629243135,-0.00694957631534925,-0.0296384688867363,-0.000117243244536202,0.000144994420791877,-1.3796395972222e-05,7.93890382492583e-05,-3.24085849281474e-05,-0.00110412933292812,-6.93630010132915e-06,1.98646382506599e-05,9.87670377125199e-07,-1.43067103039902e-05,-1.0335155228772e-07,-2.39194704686829e-05,1.03218118339661e-05,1.13862219994861e-05,-0.000168978217619449,0.000604946264284989,-9.5860116605591e-06,-9.73158561955566e-08,-0.00019922873854833,0.000233405544727232,-3.24209274268832e-07,1.78593998812337e-07,4.30005998385297e-07,-8.82345957489106e-07,-5.26822747563902e-08,0.00501226517132367,-2.95248511061918e-07,-1.89354707071542e-08,4.34513400776024e-09,-2.40189887651812e-07,-2.74947034046563e-08,-4.56838957725154e-08,7.60636453168955e-07,-1.0924423604176e-06,-5.79580028714614e-07,-1.93192000740868e-07,-9.73971846297163e-07,1.42922853500345e-07,-1.0084081994852e-06,-1.48242665215081e-06,9.90455873428019e-07,-6.70705024630543e-07,1.00981388972869e-05,1.72437222679051e-07,8.5708094412284e-06,8.54868382824295e-07,-1.45426516202519e-06,-2.55658615767622e-07,2.96491572164911e-08,9.86931227923762e-07,2.07016078975371e-07,0.00141160810471695,1.12078292027063e-08,-5.62034535159346e-07,-4.97414260703749e-06,-2.40188126285863e-06,9.45245866259532e-06,2.38979784294952e-06,-4.84826237882849e-07,-1.86891043017944e-09,-5.46661816632359e-08,-1.38333291908318e-08,-2.33756227252872e-05,5.08900055596167e-06,2.27617385462943e-05,-2.10302835434535e-06,-5.88916094970425e-07,1.10636769646925e-06,0.000197566784607775,4.9846591482726e-10,4.85404183319268e-08,-8.01637018537992e-07,-1.45035190926319e-06,-8.06759865053101e-08,8.06919157963668e-07,2.69388247065481e-07,2.64577193516524e-07,3.25513745920362e-06,-5.52081028278696e-09,-4.23241332371366e-08,-7.22127113871487e-07,-2.74259073537381e-07,2.74094305246467e-07,7.62211430100496e-08,9.64956970945857e-07,2.3473019141731e-09,2.76485097604712e-05,-4.47951133449247e-07,3.31645748436018e-06,6.7731668284488e-06,3.92426551920766e-08,3.28760547035595e-07,-1.25250735876001e-07,-8.44899080787085e-08,2.7042239962437e-06,0.000603936163205099,7.53859823183842e-06,-1.47050423637518e-05,-3.70541540854744e-06,-1.88297430305578e-05,0.0207484488090212,-5.77143660357746e-06,-0.000469522673138545,1.56840486000666e-06,5.24835008171002e-05,7.98895628723103e-05,-2.97534591547709e-05,-1.17115998764071e-05,-0.000368738614186521,-0.564143358156575,-3.92706187251037e-06,-5.1253761017856e-07,-0.00525576834274249,-2.51684121624424e-16,-9.44179062390459e-07,1.30489765208046e-05,-2.13275089182694e-06,-4.92648476686731e-06,-0.00195972704405815,-2.68883811136958e-07,-1.46312939906567e-05,3.83884250393806e-06,-7.20647019356916e-07,4.52152274946345e-08,-8.72286960891681e-07,9.60808051780595e-05,-2.4542054049904e-07,2.59592874824778e-05,-1.87774755132303e-05,7.30916551825128e-08,-4.57608916780644e-09,2.10471715737352e-07,-1.84914287491673e-07,2.89679667470977e-06,6.98396339559058e-06,-1.29965266336237e-06,2.46276588060892e-06,-4.53212302013198e-06,5.12387310209634e-05,-3.04482282687337e-06,3.09457574851019e-06,-1.04611812194321e-06,1.90663524800508e-08,7.83053594646989e-05,-1.25956254948276e-06,1.18769973915833e-06,3.87589915789047e-08,-1.00434199346654e-06,1.00903310889289e-06,-1.15360619536587e-06,1.82129226476657e-06,-3.52055040516819e-06,2.75781652064042e-06,-2.06347726058772e-07,0.00108601570789517,-8.52827309234217e-08,5.15816210372653e-06,-7.27707856671882e-16,-1.48501697856013e-05,-5.11652514320068e-07,-5.79874478994965e-11,-5.09721644152034e-07,2.42137524875326e-05,-7.59829407323422e-07,-1.31172152546422e-07,1.50456506760638e-08,-6.93048635923922e-07,4.11746101186078e-05,9.10419156349778e-07,-6.93117616988037e-08,1.03099314462395e-05,-1.24466582454226e-05,3.40490895053372e-06,-5.94894540624082e-06,8.42713082330193e-07,3.44420748864201e-07,2.26986501763014e-08,1.44082571730821e-05,-1.00765312141916e-05,5.38071518218419e-08,-0.00769165630190254,4.07893500328575e-07,-2.06921626510058e-06,7.16756886420499e-05,2.1629564572089e-06,1.11091512146241e-06,-3.57705968423017e-07,-0.000921513713929557,2.27903304900599e-07,-1.07257719747471e-06,3.05164635718285e-07,2.85457780116064e-06,-5.57920135755587e-06,1.27279361230427e-16,1.70877877705301e-08,9.08491284556009e-07,-8.45545129160748e-08,4.93738445446853e-06,5.50023755314716e-08,1.30122856696256e-06,3.08477030828902e-06,-4.18568028317117e-06,0.0012865456893161,-1.18636539606649e-16,-1.03963576124741e-05,-8.42405818320579e-09,-3.61691691355827e-07,1.50745774546476e-07,8.07825259505268e-05,-1.85533889830809e-07,-7.11095390784995e-06,1.89478043208336e-06,-7.87758140046718e-07,1.18020398096535e-05,-1.58670928553064e-07,-4.31233416069517e-06,-2.00570622919108e-08,-2.83484230729526e-09,-4.27714662342889e-06,2.25648873791181e-07,-4.62469364920888e-06,-7.11978584916629e-17,-1.1799094770328e-06,9.24892431440833e-08,2.66545374271545e-09,2.33406514387583e-08,-8.60766114973672e-06,-1.75520661171787e-05,7.83168445165948e-07,-2.84733915286116e-06,-0.000132435606517717,2.065696947288e-16,-2.86619853567048e-06,-9.95239491970368e-08,-3.59254466978221e-06,3.49536017828525e-14,1.0884274107918e-05,8.52028939716382e-07,-1.30128739899286e-07,-5.47961802380824e-06,-1.81818984914993e-06,-9.67652849199455e-07,-3.0666992560139e-06,9.64492351899901e-07,6.82199530552026e-07,3.76726780665054e-08,2.08306834276204e-06,2.65405431529282e-07,-1.82078120032341e-17,-1.06388868797161e-07,0.000108858941487332,1.64981007002859e-06,-2.49320897147573e-06,6.22983581810467e-17,-2.12618738803919e-07,3.90027079747043e-08,-1.06054908105673e-06,-6.30370712352257e-08,-2.37692850053528e-06,2.22571801340859e-07,-2.94117195713017e-06,4.55101041599889e-06,2.07191081342464e-16,1.64082134203137e-05,-2.76218470578578e-07,7.76544439292231e-07,2.02619340676082e-05,-1.66818100012269e-07,-1.3814200800974e-08,2.17707796235089e-16,-8.23280748942171e-17,-1.33076941767001e-08,-1.50373181876308e-07,1.98264099741292e-08,-2.25654122782753e-06,1.0970698822425e-14,-1.07295778802615e-06,-1.26956333323651e-08,7.96345552139797e-17,8.02469538098965e-17,-1.1492304813231e-16,2.73979616290931e-06,7.23222837821669e-07,-8.26156661932957e-07,1.2574822343418e-05,0.00221542028087864,5.44882948614152e-07,-2.39078232880743e-07,-2.51618778556497e-16,-5.56946425597157e-08,1.57501154840821e-07,2.10786638598883e-17,-3.70142817976633e-17,-1.00524501734027e-07,-6.09143557822856e-10,-5.99337683082777e-08,3.66494774054019e-06,6.02473161871872e-08,-2.55673480610787e-07,6.06870118842342e-16,-0.000550061097750218,-1.66390951816549e-17,-2.84037447407479e-06,-2.29471389806557e-16,-6.66835506875466e-08,-1.11549222185472e-16,2.75538532047958e-07,7.26445562033219e-08,3.48451917926333e-07,0.000122166695915617,1.89769188570479e-07,-2.28366840317911e-08,1.46260401754863e-07,5.21145511929365e-08,2.81530824583583e-06,2.61086475609518e-07,5.32463368069137e-08,-1.53062615903606e-07,-2.99827685171276e-06,-2.48233610123481e-07,-7.71955431489809e-08,-4.94844079303833e-17,7.54172522793244e-07,-1.37488348046734e-07,1.0291976632155e-07,2.09254290984938e-16,2.73048112218241e-07,0.0420405251267915,-2.8521768850009e-06,-2.05294638479299e-15,3.90097844442715e-07,3.23628682564144e-07,4.19417735010244e-18,-1.70813465223164e-10,1.72560226487914e-07,-4.34918096023661e-16,2.39492666241401e-16,-7.19236727324689e-09,-4.34348402267088e-07,-2.56563788968315e-09,-3.68717865089372e-06,2.77765755266538e-05,2.71771593167773e-08,2.95660831984542e-07,2.58430840213549e-07,-1.07037140611864e-05,6.07315846917755e-16,1.23458171384709e-09,9.51427304985618e-09,2.63964283202751e-08,2.4843324061691e-06,-1.54386227244939e-16,2.67550359935551e-16,8.22875789272288e-07,1.01994422458594e-16,-2.13659501688939e-16,3.6115210755699e-07,-5.33526856181126e-07,-9.98959162669022e-08,-5.96648713585238e-08,2.5806667719254e-06,6.74277951520207e-07,2.09151920785437e-07,2.74134415784057e-16,4.87131709669015e-07,2.27948136639369e-08,1.04663552722673e-07,-9.47695607045848e-08,3.76131576713748e-07,1.26691101301982e-16,-1.11840024333139e-16,3.34172380696553e-16,-3.69007294467712e-07,-1.6106832859022e-08,-2.73880688656571e-05,7.62216812145204e-17,-1.22261925974076e-08,3.19365952327614e-16,9.1614218127077e-17,2.1983635893337e-06,-0.000308391879983586,8.90563664479593e-16,-1.20822634933467e-06,-5.61007022738793e-08,-9.15888288752285e-16,1.27186169163178e-07,3.4704108767073e-14,5.01247515185522e-07,3.32085199063227e-16,5.000417543655e-07,3.89237014448596e-07,1.40930107823701e-08,1.47596174879634e-07,1.01364924126233e-06,-4.56009778217919e-08,3.69359362687119e-05,-9.57287385796012e-17,8.29288732750003e-07,-4.68187650226438e-08,4.92722560311037e-16,-6.16995950026081e-09,-1.25798935617574e-07,2.92401274233427e-08,-1.49900133383116e-16,9.39109807542277e-08,1.24253297518763e-07,4.97585288717974e-17,-5.54016636286456e-06,-7.61747028866023e-07,-3.5733249242322e-09,4.25680673179388e-16,-9.98731010458952e-17,6.39511349104655e-08,2.17570567833329e-07,1.76033853643511e-08,-2.55225625471508e-08,1.29064835972334e-07,-8.68656570785154e-16,-1.78833440102338e-16,4.71221141661554e-07,3.24812672442812e-09,6.4673470653536e-16,1.13894201152442e-06,-1.16828798990054e-16,5.31041734858877e-08,-2.18004735078965e-07,-1.27378780199021e-07,-8.44493017910319e-07,-3.55664232775266e-16,-7.8160726105709e-16,7.30336483939042e-16,-2.93610432405506e-16,-6.11875325828154e-09,-2.12248533094367e-08,-1.22565922141944e-15,-1.45684212632051e-15,-3.54295116368211e-16,2.98790353961222e-08,2.68527259086958e-10,-1.47878138485849e-08,-1.15687433731223e-16,5.27328831642637e-17,5.46708945475816e-16,-6.34689720893441e-07,1.94219464536888e-08,6.33051961148446e-16,3.40826875573522e-09,-8.91654870369624e-08,2.3570533754466e-16,-1.25536829266088e-15,-6.8307835218131e-07,-6.3132317718209e-10,-3.38416930566566e-07,4.33194635759785e-16,3.43730395115576e-08,1.44201671088451e-05,1.54671428400113e-05,-5.42084365148746e-07,-1.31729352887481e-07,2.14456244634094e-09,-1.22849315200496e-15,8.07016454561331e-16,-6.75687521509772e-16,4.07925123848338e-08,-3.69344680750664e-08,-1.54163049698561e-07,-1.09568924634397e-08,-3.77935011406851e-15,3.67026460362192e-15,-3.13258857080327e-14,2.93504524406492e-15,1.01736312866767e-14,5.23184796683015e-08,-2.87236429218344e-14,-6.06371250984911e-15,-9.37590873748487e-08,0.707106781186547,-8.39309130197445e-08,5.74146766103802e-14,-1.0405691811157e-07,-7.95008829567884e-15,-1.26079519378683e-07,-1.57818832886314e-08,-1.30173834483735e-07,-4.26950687486468e-16,5.07304170653334e-07,5.16393022059511e-15,0.000208393760932866,-1.13955741812965e-07,6.30707245315873e-10,-2.93391413461495e-15,1.01833022999485e-06,-4.10572708766124e-15,-0.000142293800790009,-1.25611582489093e-07,-7.74875192315671e-15,4.02716512997269e-15,-1.39647301747856e-15,5.31787584619457e-17,-4.7378566400288e-09,-6.17108610651862e-08,-1.37824132097722e-08,-2.69624142315499e-15,2.98177319604657e-15,-1.3187805589051e-08,1.07577853895001e-07,4.69773591089569e-16,1.32887349465581e-15,-6.28667014795361e-08,9.88843509453053e-16,-4.45547122692405e-07,-9.64832554714778e-16,3.80784930721033e-07,2.4108656902588e-16,-3.98689352148468e-15,3.68153524490031e-16,-6.08736646770353e-17,2.44325035574124e-15,6.16117699745597e-16,7.32432207315066e-09,-5.12252080267838e-08,2.96005762000689e-16,-3.41077648577991e-08,3.66640133860989e-05,-1.92041395894667e-16,-1.22776287543153e-15,-1.03070052824873e-15,-9.65449737544468e-16,1.4058862544703e-07,2.24891091130492e-08,1.1779291354491e-15,1.08682418707547e-15,-6.55897220989972e-06,-8.24175355279519e-08,-1.24869603736138e-09,4.51375696921733e-16,2.52082040030054e-16,8.35450523962401e-17,2.90218893790323e-16,2.75843550922945e-16,-3.25358869203044e-16,5.38448137245971e-07,-5.09285609467452e-07,-9.79290947686231e-08,6.89425328041538e-16,-9.52889771847977e-17,-2.60754845778309e-16,1.91164096224734e-16,-5.38692937599811e-16,5.06650157930667e-16,1.26087390919264e-16,-4.53491623926429e-16,-2.25777441423025e-16,7.41695125081661e-16,3.96255770681342e-16,-4.37967182334285e-16,-3.52295460313429e-16,8.91102679757319e-17,4.86672748469184e-09,1.57672202381526e-16,-1.02782852065645e-15,-2.56943646708193e-16,6.88864582080619e-08,-9.15489058368121e-09,3.48034275058833e-17,-1.77782455234759e-09,6.29486512774157e-08,-6.50425513910992e-16,2.34657182410578e-18,-1.21370138761397e-07,-4.43998871956396e-16,1.54954596516837e-09,-2.22637771347479e-16,-1.79750435252844e-17,7.38124627643974e-16,-5.99160530612708e-16,1.67173730389362e-08,-2.08159747817434e-07,-4.95664451207955e-16,-4.68257464829624e-16,-3.34045490501355e-16,2.54574965291397e-17,2.7224316551111e-16,-6.23191280242762e-16,4.36865925637929e-16,-2.43379430703174e-16,2.50228103254625e-09,2.79977291122503e-16,6.48638036564849e-16,1.50968759642234e-16,-4.88460990232307e-16,4.78618730194968e-16,-4.29139131973318e-16,-8.70915519044663e-07,-1.49162657812469e-16,2.79951841327687e-16,3.6789554727804e-08,5.01125772321165e-17,-3.24853780782113e-16,5.43461964587634e-16,-6.71743691211532e-16,3.06592582019504e-08,-1.04549381709825e-16,-2.49295700028885e-07,6.22618449928629e-16,-2.88130745452777e-16,-1.24546709271386e-17,1.50988069771052e-16,-1.10170088205391e-16,3.188723830958e-16,9.00484363255173e-09,1.52457487828048e-16,-3.08128134755771e-16,4.61430524237455e-09,-1.12380369862733e-06,1.49818056152788e-16,1.25996183408068e-06,1.15258290242977e-07,8.19723224328955e-16,3.86203701127794e-16,2.74930268600441e-16,1.28628849168452e-16,-4.06673922024541e-16,-1.9338934237621e-07,-2.11974222881934e-16,-1.76235015426698e-16,-1.13858229175832e-16,7.74015002035917e-08,-1.57195116061542e-16,-2.83621276784241e-16,-3.68805258442381e-16,-3.35600406150626e-16,-3.52514968613682e-08,1.94670487120114e-16,9.633516572723e-10,-1.16696345692941e-16,1.57280814019369e-16,-2.66323428590858e-16,-3.99677765485148e-17,5.08351854544253e-17,4.37572929531708e-19,-8.24765525483239e-17,-1.67055967606866e-08,3.73797285203136e-17,-5.68855664894718e-16,7.02231528206118e-09,2.90739529195987e-17,1.06879273181768e-16,-2.37495305363253e-16,2.3969892675853e-17,2.37865156762216e-16,-2.59262375293506e-16,-5.08871346341388e-08,2.32424358358173e-16,3.11092534366716e-16,1.51500774416242e-08,1.79057473417114e-16,6.44007078858176e-17,-2.16900490914701e-18,1.51408058562474e-16,3.01036059922673e-16,-1.6964485555521e-16,-9.15725393826124e-17,-1.38972046470987e-16,-1.27234983833159e-16,-9.18506056404239e-17,-2.11502948002552e-16,-7.94333695086538e-09,2.63386001478671e-08,4.53706075957648e-17,9.1719899106228e-17,8.50083725418977e-17,1.01107647236185e-17,-4.93854089567147e-17,-1.43355570511214e-16,-6.63723590081893e-16,-1.42618161656058e-16,-6.34059031309359e-07,2.02625452598548e-17,-6.25516670310053e-17,-8.01683955780897e-17,9.50914028806741e-17,2.92068966871266e-09,-1.34192008876025e-16,-4.63008372879271e-10,1.15624761299052e-18,-3.59998871058783e-16,5.20007915623089e-17,1.04271784070209e-17,2.09478303570124e-16,8.23528249479852e-17,-1.12087683929147e-16,-1.08257855202286e-16,-2.2283273805915e-17,-3.97677612350439e-17,-2.75244467202613e-16,9.22967143344198e-17,6.17755239880671e-17,-2.91711688980744e-16,-1.18410487778251e-17,3.05811110459688e-16,8.01962253668025e-17,-1.51400083439737e-16,1.53862284723352e-16,1.51050953811323e-16,2.02962646689286e-16,4.88563815878584e-17,-1.56532238575559e-17,-8.33846477508727e-17,-1.85926793926086e-17,2.41952366777276e-09,1.45175000645884e-16,-5.97176350744273e-17,-4.62888056114614e-17,-2.41912164562477e-16,-2.69129425209286e-16,-6.33651961778483e-17,3.30178593869511e-16,5.04549656140316e-17,-6.12648525328369e-17,-1.61772092262221e-17,2.05998412772246e-18,2.4992304144076e-16,-4.53245817561534e-17,-1.09828553255548e-16,-3.25909250129529e-17,-1.16072276682957e-16,-1.08423253282517e-16,-3.11191302798451e-08,2.57371171322286e-17,1.89874457974998e-16,1.38924889593027e-16,2.70948414152053e-16,1.73836912307238e-16,-1.01815744933788e-16,-2.25390092298165e-16,-3.45111942707808e-16,-1.88949827581704e-17,1.05343507559351e-08,2.28446773434616e-16,-4.65136517636955e-17,-1.63246292084234e-16,3.43986352543525e-17,1.0149582298611e-16,1.03576189049924e-16,2.05754404821443e-16,-1.23786046365515e-17,-1.10846675856286e-16,-7.77249000856882e-17,1.2580367355505e-16,-1.15793112730607e-16,-9.23178578971448e-17,3.3223775090991e-08,-3.49842399037745e-16,-4.70597074127581e-17,-1.55119000152625e-17,-5.18682319317065e-16,-9.10713498419064e-09,3.35018708395677e-17,5.67973840366069e-17,1.50453132054216e-16,5.70425732996793e-17,-1.27123718555222e-16,-2.47182286924474e-17,5.38773200321523e-17,9.50755062245133e-17,-4.67384578928192e-19,8.76717453406361e-17,6.60546933148252e-18,-7.98579682298074e-17,-1.60236647421114e-16,-5.92593155785077e-17,3.66414853210744e-17,1.39164054965576e-16,-2.01216362771907e-16
"t323",0.0263249346612659,-0.00244704608487028,-0.00216277791668255,-0.000339820320760304,-0.0112850665922562,0.0959449711078618,0.0163502160262895,0.000104437232974922,0.0246660279301215,-0.0186440892980219,-0.0033770938908724,0.00239568330720643,-0.00456759783099903,-0.000946162559204425,-0.0240413555577888,0.000518816335457209,0.000362655002773618,-7.45771565783503e-05,0.00278729412081278,0.000415454928238959,-8.90358230147424e-05,6.34128712827143e-06,0.000743704693930844,-0.000152278872704522,3.10186698028757e-05,-0.129546996770984,-0.00885313291640527,0.000569287256717978,-0.00250849250422255,0.00455570745747138,0.000122230070101858,-0.00456558726516999,-0.000236007104004009,0.00206369674887107,-0.000211182239747957,-0.000192971358094377,-3.46838077577917e-05,0.00181732351731285,0.000379157196532052,9.64708931222768e-05,0.000292488883546536,-0.000522883864651961,2.47050135820043e-05,-0.000420277362913792,9.29475891311145e-05,-1.98369427655112e-05,3.72847681775866e-06,-5.56935929700521e-05,0.000784559669964474,-0.00156947448318655,9.9114018058997e-05,-9.80119828506693e-05,1.89379945303307e-06,-4.49864152871171e-05,0.00134286005277546,-0.0687596490510769,-1.10245360283516e-05,3.36761388014421e-05,-0.00010951823902882,-6.7231544800147e-07,-1.00824834323758e-06,1.46204532520023e-05,-3.19593004426115e-05,2.34876753006331e-05,-1.48922796813613e-05,1.26364123386023e-06,1.63228683580732e-05,-0.0621428173846581,-0.000754047150149035,0.0249519575167308,-4.26425238000723e-06,3.23540609923886e-05,-0.361940160598532,9.43247425610136e-06,-2.72992294243702e-06,-7.98635219756265e-10,-6.00089877984914e-06,3.53043944108298e-06,-0.000241112873802657,-0.00318108976811003,1.52441361655093e-05,0.0014345449234466,-0.000117888319069158,-4.95649259489701e-05,4.60008451130267e-05,0.000133042148891128,-2.18036700153765e-05,-3.91912730780521e-05,-7.77167043410492e-07,3.00395088634682e-05,-7.69681567813885e-05,1.08338796009182e-06,0.0899649713093109,2.99056909221265e-05,-1.58105540065288e-06,-7.74361397049683e-06,-9.13960237297436e-07,5.79598603549279e-06,-6.76959446220226e-05,-0.000225652375381978,-0.00620035074624876,-2.53753173705882e-08,-0.000404735804736367,6.53358864525573e-05,-3.71167357804096e-05,1.03939917142499e-05,-0.0144896458298767,-4.0708274527401e-05,0.00067153385712138,-8.24208805085924e-07,-2.17439804337926e-05,-1.4335609421286e-05,3.92584316740669e-06,1.18849079890219e-06,-5.38656599925725e-07,3.02837658903782e-06,-5.54626307513322e-05,8.06281922754276e-05,-0.000681655505488196,4.43932647383056e-05,-2.89750361352488e-05,0.000124844629243126,-0.00694957631534927,-0.0296384688867363,-0.000117243244536157,0.000144994420791887,-1.37963959722051e-05,7.9389038249265e-05,-3.2408584928146e-05,-0.00110412933292822,-6.9363001013173e-06,1.98646382507284e-05,9.87670377035326e-07,-1.43067103040012e-05,-1.03351552186016e-07,-2.39194704686036e-05,1.03218118339597e-05,1.1386221999198e-05,-0.000168978217619417,0.000604946264284931,-9.58601166054586e-06,-9.73158561218637e-08,-0.000199228738548303,0.000233405544727242,-3.24209274413354e-07,1.78593998806279e-07,4.30005998386015e-07,-8.82345957522765e-07,-5.26822747590245e-08,0.00501226517132362,-2.95248511124368e-07,-1.89354707453245e-08,4.34513387304473e-09,-2.40189887622619e-07,-2.74947034167179e-08,-4.56838958146766e-08,7.60636453161156e-07,-1.09244236034523e-06,-5.79580028695891e-07,-1.93192000767256e-07,-9.73971846283158e-07,1.42922853468804e-07,-1.00840819955062e-06,-1.48242665218156e-06,9.90455873462521e-07,-6.70705024714686e-07,1.00981388973177e-05,1.72437222730666e-07,8.57080944114891e-06,8.5486838283778e-07,-1.45426516198318e-06,-2.55658615827442e-07,2.96491571578543e-08,9.86931227860911e-07,2.07016079009233e-07,0.00141160810471693,1.12078291809105e-08,-5.62034534723858e-07,-4.974142607082e-06,-2.40188126282479e-06,9.45245866256529e-06,2.38979784294293e-06,-4.84826237916423e-07,-1.86891037678338e-09,-5.46661816516863e-08,-1.38333291688245e-08,-2.33756227252736e-05,5.08900055583092e-06,2.27617385463185e-05,-2.10302835430798e-06,-5.88916094953639e-07,1.10636769655334e-06,0.000197566784607769,4.98465977394702e-10,4.85404183939036e-08,-8.01637018459904e-07,-1.45035190930348e-06,-8.06759863819617e-08,8.06919157909444e-07,2.69388247079219e-07,2.64577193553878e-07,3.25513745924248e-06,-5.52081020777671e-09,-4.23241332519065e-08,-7.22127113840638e-07,-2.74259073581321e-07,2.74094305259922e-07,7.62211430998215e-08,9.64956970937094e-07,2.34730196828405e-09,2.76485097605375e-05,-4.47951133498634e-07,3.31645748437824e-06,6.77316682837904e-06,3.92426552369005e-08,3.28760546958243e-07,-1.25250735818242e-07,-8.44899080648871e-08,2.70422399622903e-06,0.000603936163205122,7.53859823180084e-06,-1.47050423637071e-05,-3.70541540821264e-06,-1.88297430304413e-05,0.0207484488090211,-5.77143660336214e-06,-0.000469522673138506,1.56840485986443e-06,5.24835008171654e-05,7.98895628719132e-05,-2.97534591548835e-05,-1.17115998765397e-05,-0.00036873861418655,-0.564143358156574,-3.92706187244905e-06,-5.12537610128386e-07,-0.00525576834274243,-2.26087143964395e-16,-9.44179062372332e-07,1.30489765208363e-05,-2.13275089188549e-06,-4.92648476681898e-06,-0.00195972704405842,-2.68883811132423e-07,-1.46312939905926e-05,3.83884250373538e-06,-7.20647019451647e-07,4.52152273488627e-08,-8.72286960791357e-07,9.60808051782732e-05,-2.45420540453272e-07,2.59592874824788e-05,-1.87774755133463e-05,7.30916551758149e-08,-4.57608905434469e-09,2.10471715729262e-07,-1.84914287483315e-07,2.89679667470171e-06,6.98396339521591e-06,-1.29965266333163e-06,2.462765880678e-06,-4.53212302026179e-06,5.1238731020997e-05,-3.04482282685502e-06,3.09457574857541e-06,-1.0461181219006e-06,1.90663523760817e-08,7.83053594646391e-05,-1.25956254951096e-06,1.18769973917207e-06,3.87589915268111e-08,-1.00434199342348e-06,1.00903310897543e-06,-1.15360619532776e-06,1.82129226483018e-06,-3.52055040513106e-06,2.75781652038984e-06,-2.0634772603973e-07,0.00108601570789511,-8.52827309399884e-08,5.15816210369167e-06,-8.31438692046877e-16,-1.48501697856942e-05,-5.11652514333062e-07,-5.79874866600869e-11,-5.09721644097302e-07,2.42137524874011e-05,-7.59829407297178e-07,-1.31172152606564e-07,1.50456507561025e-08,-6.93048635747506e-07,4.11746101185415e-05,9.1041915627818e-07,-6.93117616425478e-08,1.03099314463576e-05,-1.24466582454588e-05,3.40490895041097e-06,-5.94894540617348e-06,8.42713082410749e-07,3.44420748852557e-07,2.26986501480872e-08,1.44082571730887e-05,-1.00765312141931e-05,5.38071520159192e-08,-0.00769165630190277,4.07893500317868e-07,-2.06921626508925e-06,7.16756886420399e-05,2.16295645720777e-06,1.11091512170086e-06,-3.57705968426477e-07,-0.000921513713929577,2.27903304760855e-07,-1.07257719765735e-06,3.05164635958471e-07,2.85457780129637e-06,-5.57920135745659e-06,4.26607639604115e-17,1.70877877210914e-08,9.08491284592397e-07,-8.4554512948384e-08,4.93738445451534e-06,5.50023755964429e-08,1.30122856709552e-06,3.08477030812618e-06,-4.18568028311514e-06,0.0012865456893162,4.721693290738e-17,-1.03963576124029e-05,-8.42405836893953e-09,-3.61691691464292e-07,1.50745774712999e-07,8.07825259507325e-05,-1.85533890026127e-07,-7.11095390756172e-06,1.89478043196474e-06,-7.87758140013013e-07,1.18020398095881e-05,-1.58670928499312e-07,-4.31233416072458e-06,-2.00570623108235e-08,-2.83484244623577e-09,-4.2771466234521e-06,2.2564887370497e-07,-4.62469364970621e-06,-8.79142220207172e-18,-1.17990947708292e-06,9.24892430266642e-08,2.66545377019193e-09,2.33406515859177e-08,-8.60766114973368e-06,-1.7552066117388e-05,7.83168445084809e-07,-2.84733915297857e-06,-0.000132435606517883,-1.92630413675449e-17,-2.86619853546186e-06,-9.95239488816413e-08,-3.59254467043512e-06,3.41556309590692e-14,1.08842741078702e-05,8.52028939642252e-07,-1.30128739908951e-07,-5.4796180239132e-06,-1.81818984935507e-06,-9.67652849354007e-07,-3.06669925603405e-06,9.6449235183008e-07,6.82199530461619e-07,3.76726784634412e-08,2.08306834279728e-06,2.65405431356319e-07,1.07923976034962e-16,-1.06388868830943e-07,0.000108858941487045,1.6498100692697e-06,-2.49320897136288e-06,-1.76580882512623e-16,-2.12618738576842e-07,3.90027079329083e-08,-1.06054908092417e-06,-6.3037071335965e-08,-2.3769285005092e-06,2.22571801283695e-07,-2.94117195708219e-06,4.5510104161927e-06,-2.49294614005436e-16,1.64082134201202e-05,-2.76218470782706e-07,7.76544439479606e-07,2.02619340678523e-05,-1.66818100292904e-07,-1.381420052517e-08,-2.09901540593194e-16,-3.55373786118547e-17,-1.33076940261726e-08,-1.50373181865316e-07,1.98264099917315e-08,-2.25654122774031e-06,1.12181024277382e-14,-1.0729577876587e-06,-1.26956332285222e-08,-2.70427396179898e-16,-2.63534824993405e-17,3.83099181268808e-17,2.7397961634918e-06,7.23222837546204e-07,-8.26156662175278e-07,1.25748223434114e-05,0.00221542028087839,5.44882948467769e-07,-2.39078232911353e-07,6.07381293873095e-17,-5.56946425966349e-08,1.57501154968707e-07,-2.70920497732458e-16,5.4750876823031e-17,-1.00524501738503e-07,-6.09143807484588e-10,-5.99337679167408e-08,3.6649477399084e-06,6.02473163227119e-08,-2.5567348014294e-07,1.58389890193666e-16,-0.000550061097749929,3.07118585262516e-17,-2.84037447395491e-06,-6.1257422745431e-16,-6.66835508767652e-08,1.30279436346998e-17,2.75538531445972e-07,7.26445560820195e-08,3.48451918072263e-07,0.000122166695915463,1.89769188800981e-07,-2.28366841997067e-08,1.4626040188071e-07,5.21145517238849e-08,2.8153082457249e-06,2.61086475237886e-07,5.3246336798083e-08,-1.53062615798993e-07,-2.99827685173233e-06,-2.48233609842068e-07,-7.71955430785272e-08,4.76974541908707e-17,7.54172523000224e-07,-1.37488348113824e-07,1.02919766365289e-07,-1.36210565154392e-16,2.73048111602312e-07,0.042040525126789,-2.85217688504475e-06,-2.05206897407101e-15,3.90097844113292e-07,3.23628682748326e-07,-1.38848389846108e-16,-1.70813457929198e-10,1.72560226755139e-07,3.90446700895264e-16,-5.42870373064432e-16,-7.19236683800253e-09,-4.34348401427803e-07,-2.56563825215641e-09,-3.68717865093982e-06,2.77765755267296e-05,2.71771592543506e-08,2.95660831947396e-07,2.58430841384639e-07,-1.07037140611004e-05,8.15374243817724e-16,1.2345810765569e-09,9.51427309293494e-09,2.63964279211657e-08,2.48433240562044e-06,2.53731351259388e-16,-2.43613731929482e-16,8.22875789528778e-07,1.60323646985699e-17,-2.57445175107236e-17,3.61152108311511e-07,-5.33526856116332e-07,-9.98959157805316e-08,-5.96648711715817e-08,2.58066677177934e-06,6.74277951032627e-07,2.09151920997351e-07,-2.12844192883762e-16,4.8713170890504e-07,2.27948135215271e-08,1.04663552566378e-07,-9.47695608970863e-08,3.76131576406101e-07,-4.39848373812734e-17,1.09770328254221e-16,-7.31419670948408e-17,-3.69007294967817e-07,-1.61068326439576e-08,-2.73880688649358e-05,-2.91652676656652e-16,-1.22261924301259e-08,-9.76317557374762e-17,-5.57025698635973e-17,2.19836358959076e-06,-0.000308391879983705,-6.39570861549199e-16,-1.20822634940463e-06,-5.6100702061223e-08,8.10280154457139e-16,1.27186169541949e-07,3.49568813677707e-14,5.01247515325844e-07,-5.06278176975166e-16,5.00041754529048e-07,3.89237013916171e-07,1.40930111307383e-08,1.47596174787015e-07,1.01364924093606e-06,-4.56009771167894e-08,3.69359362685058e-05,9.95054501708992e-17,8.29288732721163e-07,-4.68187647581013e-08,-4.75317928966934e-16,-6.16996010821184e-09,-1.25798935202201e-07,2.92401273832123e-08,-9.50421021924257e-17,9.39109816760006e-08,1.24253296782766e-07,-3.34429773389574e-17,-5.54016636252635e-06,-7.61747028895857e-07,-3.57332459613377e-09,-3.44058120106379e-16,3.16285975068981e-16,6.39511353875227e-08,2.17570566707727e-07,1.76033839790477e-08,-2.55225634965808e-08,1.29064836350648e-07,9.15680228538707e-16,3.31175786507556e-16,4.71221139692434e-07,3.24812546945195e-09,-7.3590481203574e-16,1.13894201347198e-06,1.09360580155348e-16,5.31041731923872e-08,-2.18004734906682e-07,-1.27378779755775e-07,-8.44493017595727e-07,1.27739722760344e-16,8.03473824808577e-16,-5.7258042380171e-16,2.84344087652455e-16,-6.118752967029e-09,-2.12248532758985e-08,1.17448585088853e-15,1.45973121161964e-15,2.76211565510451e-16,2.98790371602657e-08,2.68526381893129e-10,-1.47878143183295e-08,1.06988283766164e-16,-2.04656712583795e-16,-6.04415606106357e-16,-6.34689720764394e-07,1.94219476040668e-08,-6.9209609193023e-16,3.40826917091675e-09,-8.91654867616148e-08,-1.94748548820648e-16,1.30499922690141e-15,-6.83078352618435e-07,-6.31323129123719e-10,-3.38416929511262e-07,-5.70098501158719e-16,3.43730365542479e-08,1.44201671071303e-05,1.54671428385059e-05,-5.42084363936343e-07,-1.31729349606009e-07,2.1445704283911e-09,1.17744442093427e-15,-5.55083087109001e-16,6.71634240006237e-16,4.0792512376654e-08,-3.6934474577697e-08,-1.54163043162061e-07,-1.0956882589021e-08,3.75965265692476e-15,-3.64551790030189e-15,3.13580109143897e-14,-3.03177059749633e-15,-1.07683909922955e-14,5.23184882522144e-08,2.86274863076387e-14,5.90995329064562e-15,-9.37591692534919e-08,-0.707106781186549,-8.39311157061488e-08,-5.74017829681124e-14,-1.04056976649292e-07,7.95590414165576e-15,-1.2607951714353e-07,-1.57818827296073e-08,-1.30173832949396e-07,5.0467309035654e-16,5.07304178117797e-07,-5.16684412474327e-15,0.00020839376093661,-1.13955741717799e-07,6.30707309255179e-10,2.80953907022334e-15,1.01833022739346e-06,4.03405210512568e-15,-0.000142293800795078,-1.25611583411036e-07,7.79785987908159e-15,-3.96265732171876e-15,1.54458423607443e-15,3.33649227775593e-17,-4.73785936046383e-09,-6.17108611532798e-08,-1.37824068587293e-08,2.79344152874278e-15,-2.9782703257478e-15,-1.31878033511451e-08,1.07577854543354e-07,-3.22493185398309e-16,-1.45229615507843e-15,-6.28667030017755e-08,-9.81522228388158e-16,-4.45547120957291e-07,1.05406923195802e-15,3.80784931029807e-07,-1.85800974726261e-16,3.7930195607822e-15,-4.0251720629025e-16,2.16444416078221e-16,-2.43061293203204e-15,-5.80082557157607e-16,7.32432291971413e-09,-5.12252086510333e-08,-3.21168235075722e-16,-3.41077639247478e-08,3.66640133856287e-05,1.6683444045196e-16,7.93976139766422e-16,1.21959819207881e-15,1.00642813800606e-15,1.40588626960907e-07,2.24891066116507e-08,-1.23215573180003e-15,-9.30418085076834e-16,-6.55897221226629e-06,-8.24175360956639e-08,-1.24869525916347e-09,-4.62974757580554e-16,-2.56907893623583e-16,-3.48335981731203e-17,-2.79179427583504e-16,-4.50682824929926e-16,4.64986901820144e-16,5.38448137423294e-07,-5.09285608792978e-07,-9.79290936234689e-08,-6.97346456145179e-16,1.07687962528049e-16,2.68762336034057e-16,-2.99141741310438e-16,5.14033022133611e-16,-4.28162455561334e-16,-1.96376609082501e-16,4.16489345055846e-16,2.26860686860419e-16,-6.57694302729267e-16,-3.83870955747175e-16,5.3963517853879e-16,3.0392880460535e-16,-4.67926004504512e-17,4.86672816064925e-09,-1.66312319755539e-16,9.91389601675269e-16,2.72121766174776e-16,6.88864573573385e-08,-9.15488980219489e-09,-1.40176128900221e-16,-1.77782543012154e-09,6.29486507341921e-08,6.26441290576643e-16,8.67857225669074e-16,-1.21370138670346e-07,4.85941592019265e-16,1.54954586488396e-09,2.01811989325513e-16,2.23687293959872e-17,-7.59903514549115e-16,4.94034060323545e-16,1.67173735112935e-08,-2.08159747820505e-07,4.2762858811092e-16,3.39417745396173e-16,2.37831180803069e-16,-1.39314128600203e-16,-2.09034178855205e-16,6.70093323814619e-16,-4.29581669302935e-16,2.47408716344214e-16,2.50228141743192e-09,-2.8849287201332e-16,-6.35506908620712e-16,-1.94401571115881e-16,5.87067273007175e-16,-4.97157987443948e-16,4.62430807647621e-16,-8.70915518859104e-07,1.54587775309556e-16,-3.02315588842822e-16,3.67895546653059e-08,-5.13855480426035e-17,1.61749590883055e-16,-5.44597609738334e-16,4.82281289278641e-16,3.065925815714e-08,1.14251916686385e-16,-2.49295700689448e-07,-6.26701085367545e-16,3.3903339591629e-16,1.6548828054141e-16,-1.04792163377223e-16,1.69169590723075e-16,-3.81657777577305e-16,9.00484318820021e-09,-5.2977979052969e-16,3.37188452514425e-16,4.61430525688519e-09,-1.1238036986488e-06,-5.74246287630253e-17,1.25996183447856e-06,1.15258290157975e-07,-7.94689092216402e-16,-4.14181426416463e-16,-2.65825878467094e-16,-9.71069535316589e-17,3.46568973906457e-16,-1.93389342213708e-07,3.27344164014696e-16,1.65095545394261e-16,1.56464921942364e-16,7.74015003638284e-08,4.18625671349668e-17,2.45723909782583e-16,3.74021463795599e-16,3.72873051995043e-16,-3.5251497590264e-08,1.72420600608012e-17,9.63351871785755e-10,1.1208198471295e-16,3.14114484164836e-18,1.72491870679905e-16,2.56953077281416e-17,-3.08484669313253e-17,-3.87725316270357e-17,7.07408427596896e-17,-1.67055960169111e-08,-7.41826900287433e-17,5.3209069639961e-16,7.02231573785661e-09,-3.23177831291086e-16,-1.25986750019743e-16,1.6854070365107e-16,-6.71556228730106e-17,-2.58853377770589e-16,3.2629195421254e-16,-5.08871343992111e-08,-2.420487346414e-16,-3.81254767432127e-16,1.51500773188185e-08,-1.11123780521011e-16,1.69297571832804e-16,-5.54858950673192e-18,-6.93793917693451e-17,-1.67939516278364e-16,2.21669912298194e-16,8.81104173897844e-17,6.80614194232456e-17,1.28628847021318e-17,1.37849505969453e-16,1.72234839719795e-16,-7.94333680998372e-09,2.63386004126981e-08,5.83243371932584e-16,3.67156401836966e-17,-6.90252809360415e-17,1.20481740250308e-16,1.57968256531138e-16,6.87480958317997e-17,8.26944421999639e-16,-4.15965149480415e-18,-6.34059031487079e-07,-2.38290286141556e-17,7.11369931022294e-17,6.57228620498777e-17,-7.88681684565302e-18,2.92068959759346e-09,7.52905318763838e-17,-4.63008646695381e-10,2.1476353664999e-17,2.90891109899967e-16,-2.70337452245705e-16,2.11453497258957e-17,-1.90888089617411e-16,2.24664418997514e-16,2.49344994077343e-16,-1.47524783921645e-18,1.44667683775555e-17,2.18617755824897e-17,3.46699467302524e-16,-9.3722363879286e-17,-9.88882240010916e-17,2.9520020877314e-16,-2.71867792023643e-17,-3.16316641727568e-16,-7.41077373414132e-17,5.59125760348894e-17,-1.42321807431582e-16,-1.61110434787946e-16,9.16150835750251e-17,-7.00784168275851e-17,9.90684235879061e-18,9.42999387435066e-17,4.09515854126049e-18,2.41952369245029e-09,-1.00189714692782e-16,-3.14199583725516e-17,1.06229152521031e-16,9.8983444315746e-17,-4.61751835481045e-18,4.75698414263184e-17,-2.57427644423864e-16,-6.35137989277415e-17,9.6864335538524e-17,-1.22143228703916e-17,-1.09341789095163e-16,-3.0778840842011e-17,4.82667930171463e-18,8.78906570757367e-17,-5.05882892669247e-17,5.62788931876123e-17,9.60741303842416e-17,-3.11191302747439e-08,-6.45908903160232e-17,-1.89312809541986e-16,-1.68091071288101e-16,-3.0894451544568e-16,-9.21630623581871e-17,-1.55274503634819e-16,2.31958447139023e-16,2.32307698206134e-16,2.89792540206658e-17,1.05343507554731e-08,1.23848368844078e-16,8.7702205869701e-19,2.84492871151911e-17,1.08730474237282e-18,-6.15400044773561e-17,-6.99042778697972e-17,-1.37642418168165e-16,1.52570894116965e-16,1.04220335806266e-16,-7.35501270981086e-17,-9.78434095633588e-17,1.19698125542903e-16,1.33934607562024e-16,3.32237751249452e-08,2.36298574092499e-16,2.94676123145462e-17,6.80809401902176e-18,-2.93059847222832e-16,-9.10713484659419e-09,-6.545499559644e-17,-1.96169574455333e-17,2.82928846038797e-17,1.08570406017981e-16,7.00868247171429e-17,9.69138975480327e-17,7.00823344055088e-17,3.51205778444714e-17,1.25611041709616e-17,5.10526833741434e-17,1.33108653998012e-16,1.93616226461309e-16,1.23672895291701e-16,-3.59867138316697e-17,-3.77692348282073e-18,-3.03417560989562e-17,-2.28011732046101e-16
"t967",0.0258962217366357,-0.00236195611469999,-0.00208507708981098,-0.000323311779367349,-0.0106084717005555,0.0891447706704907,0.0151674232315181,9.62468472209823e-05,0.0223574406316035,-0.0164968160322231,-0.00287206110486632,0.00194246583448469,-0.00367449155179875,-0.000757936803052036,-0.0190171552425817,0.000402905917593628,0.000279358483436915,-5.70817035256165e-05,0.00211546714142759,0.000304887483948531,-6.29635941858966e-05,3.98652349954064e-06,0.000447042672890649,-9.10743474164138e-05,1.84862362002497e-05,-0.0738278647543227,-0.00498400903469591,0.000317436261923348,-0.00135759174789833,0.00189902896741115,4.35271299539149e-05,-0.00140880644621808,-5.26102180560457e-05,0.000323423597468919,-1.58730291130104e-05,1.51423774215145e-05,3.7360698472868e-06,-0.000265777113177395,-6.19983370084476e-05,-1.95597356970856e-05,-8.32975536010102e-05,0.000189366571900448,-1.02340050907532e-05,0.000175969452591364,-4.50519176712243e-05,1.53749736119054e-05,-3.29077675877312e-06,5.21861908963789e-05,-0.0008666305199624,0.00206593548245662,-0.000164947442798452,0.000182345318823113,-3.58192266869491e-06,9.81651940052471e-05,-0.00395185661999454,0.212367693789584,0.000114236588067838,-0.000673455179018344,0.00244305891826125,-1.48522064597498e-05,-1.10816791743969e-05,0.000140091934737013,-0.000292941367339085,0.000215022041214252,-0.000161729491886639,3.78426539355945e-05,-2.70325109954445e-05,0.0278495484662651,0.000134706561903849,0.00266633754445947,-1.25598950358988e-06,1.89244262803641e-06,-0.000414614137436424,-2.14467162340326e-06,8.29444070280145e-07,5.34884306183797e-08,-4.1211147908661e-06,-4.52099064178273e-08,6.63593270519742e-05,0.00114564372301756,-7.64632478978552e-06,-0.000763184327508251,8.85731760532905e-05,4.04100203767141e-05,-4.82982147614826e-05,-0.000144950576753557,2.41404529842248e-05,4.33907342412892e-05,8.60315719635155e-07,-3.32319680531375e-05,8.46522643342691e-05,-3.56749695420728e-07,-0.00912131765510292,0.000187822084407648,1.46224704889165e-05,6.78981045126759e-05,7.99887800648983e-06,-4.83166354489423e-05,0.000564072678287758,0.00193292255001475,0.0137575403298809,-2.98421674513907e-06,0.00743535456494717,-0.00150502005414899,0.000938793568839938,-0.000284628433720167,0.465130032112633,0.00137275050803338,-0.0248692151397867,3.5854111848904e-05,0.00100297270182478,0.00103156980772941,-0.000302790790124968,0.000150306631668945,-4.29966610074495e-05,0.000131390448878914,-0.00197974729006551,0.00187957339875946,-0.0113464273435975,0.000580376669176562,-0.000329013095719115,0.000782604876610793,-0.0218771406997657,-0.0896495797537359,-0.000299836147003964,-0.000160222741243457,1.99563580583983e-05,-0.000439853951872916,0.00120637790480919,0.0420896615886837,0.000317276765317511,0.00530162674375282,0.000134555893216241,-0.00146800345270031,-5.68628392509726e-06,-0.00124649847008316,0.000334044529670393,0.000321947859660052,-0.0061639253783107,0.0227138115651407,-0.000469386330431325,-6.10482825595811e-06,-0.0344522089918855,0.455442038866399,-0.000745185456654931,-1.57187468312528e-06,2.3696342135892e-06,-5.86129408910701e-06,-3.2710268849565e-07,0.00553723757834926,1.03832254708179e-07,1.12853412762644e-06,1.55735401372846e-07,-4.73080135426153e-06,-3.02524757984759e-07,-4.9354613823025e-07,8.12764149394903e-06,-1.03957878530811e-05,-5.43308438698819e-06,-1.80723706591063e-06,-9.01499100457434e-06,1.32024780195e-06,-9.21166922599299e-06,-1.35253477382001e-05,8.95858593971165e-06,-6.02582805115326e-06,8.9634579422032e-05,1.53014361087574e-06,7.60481717270038e-05,7.57590857078646e-06,-1.28660467376051e-05,-2.26118475984448e-06,2.60217918076835e-07,8.60474698504911e-06,1.62997577705319e-06,0.000803251704666316,1.4043773878862e-07,-5.1665438345829e-06,-4.59438076715306e-05,-2.22267929247032e-05,8.76458354062401e-05,2.23108460618919e-05,-4.53984223903791e-06,-1.75548013039205e-08,-5.15078686686847e-07,-1.31857147905086e-07,-0.000223513977942477,5.02337729513833e-05,0.000224952616190577,-2.10503711004185e-05,-6.14028400568593e-06,1.20199724195661e-05,0.00218096184946932,5.64539926407151e-09,5.61232021432962e-07,-9.94680930853122e-06,-1.83110685697257e-05,-1.05959485815569e-06,1.08264166564789e-05,4.45767257977029e-06,4.43270183793146e-06,6.18618576857711e-05,-1.22725526796769e-07,-1.80590929255809e-06,-3.09589625036855e-05,-1.30140230976724e-05,1.97477743553365e-05,8.86881890228711e-06,-0.000143806483728787,-8.20371699432245e-08,-0.00056319308785499,7.99661139220451e-06,-3.62450803597706e-05,-5.90098836361486e-05,-3.39955465752217e-07,-2.42062207612769e-06,6.30744502865257e-07,3.96856471325069e-07,-8.80989393066429e-06,-0.0015197230200175,-1.72867645372347e-05,2.19264403374174e-05,4.87446899247402e-06,2.11000549615275e-05,-0.00473919597691716,-2.03196787875547e-06,-0.000293693210026581,-1.43804457971995e-06,-2.89873114822708e-05,-2.3368146583576e-05,5.81475177988651e-06,1.21382350946022e-06,8.88817678589057e-06,0.00144341471041707,-7.05439604787126e-07,-1.43712845730969e-07,-0.00200048706033888,1.80627742939377e-17,-4.82182933095473e-07,6.98092757090178e-06,-1.47045988305797e-06,-3.91462601055368e-06,-0.00171192409137872,-2.36103957284182e-07,-1.47540479951039e-05,3.9483778215211e-06,-7.47783978297692e-07,4.88308655297526e-08,-9.65966933039153e-07,0.000110993672632715,-2.88497465018305e-07,3.0729305027305e-05,-2.30447666939536e-05,1.01253504381274e-07,-6.55919446198878e-09,3.09550639291077e-07,-2.85621261190564e-07,4.48864083551776e-06,1.11423157623251e-05,-2.10473200275885e-06,4.06812485705965e-06,-7.53143755370347e-06,8.5670246321295e-05,-5.13282456886876e-06,5.27751080047732e-06,-1.7863455178381e-06,3.34345847942742e-08,0.000137393622134431,-2.21141888551713e-06,2.0990060863177e-06,6.86620691759313e-08,-1.7924125188446e-06,1.80320296330204e-06,-2.14239795799518e-06,3.39493730991512e-06,-6.58127191249269e-06,5.18841445987428e-06,-3.90117367042892e-07,0.00207470099932685,-1.63390767580292e-07,9.9043743924321e-06,1.38055572132348e-16,-2.87241101870895e-05,-9.90590239547918e-07,-1.12601307499825e-10,-9.96450263188489e-07,4.75916850775492e-05,-1.49709760853581e-06,-2.58756434108029e-07,3.0091670249237e-08,-1.38721417745199e-06,8.24330690844676e-05,1.82900010483357e-06,-1.40425793887628e-07,2.0913968599632e-05,-2.52692205545658e-05,6.92978634934954e-06,-1.21700874135371e-05,1.72274033265294e-06,7.04009095619483e-07,4.63951912247378e-08,2.88927349692385e-05,-1.62684723432429e-05,7.40729078958162e-08,-0.00189334616144677,2.31988208881355e-06,-8.55892548104938e-06,0.000191179002906067,5.71770758407118e-06,2.89018028952497e-06,-9.19513869336406e-07,-0.000527759871816854,5.9814380648369e-07,-2.76792952542023e-06,7.8464050286696e-07,7.31122255910068e-06,-1.42564346678756e-05,4.66124383965666e-18,4.88564981062062e-08,2.69399265887545e-06,-2.7283457535777e-07,1.59850044088619e-05,1.78715716506856e-07,4.36153059437774e-06,1.11631233312309e-05,-1.74941824457371e-05,0.0185676577221794,-2.1642880906858e-16,-1.23099241143181e-05,-1.10557365646662e-08,-5.44462970623654e-07,2.29619036107708e-07,0.000142684711107861,-3.41840762804859e-07,-1.36347829362189e-05,3.70476585394349e-06,-1.58682967592868e-06,2.42178681831377e-05,-3.28575324130145e-07,-8.96989609671447e-06,-4.18270606026479e-08,-5.93682701225751e-09,-8.96130891869334e-06,4.74065721890473e-07,-9.73555130573656e-06,-3.24629056789889e-16,-2.51518862919389e-06,1.97591793174752e-07,5.6945318090361e-09,5.01577314144232e-08,-1.85132454525402e-05,-3.82563440084458e-05,1.72713061321625e-06,-6.31345026790253e-06,-0.00185474634422598,-3.46593806976421e-16,-6.07617307535443e-06,-2.12381387281158e-07,-7.74174091956955e-06,7.44764833149358e-14,2.35572639489807e-05,1.84543171109939e-06,-2.81948849179092e-07,-1.18807416110193e-05,-3.94618382820322e-06,-2.1016375261642e-06,-6.66388850679e-06,2.09862064622767e-06,1.48460009300391e-06,8.20482863725209e-08,4.54238257153225e-06,5.78782465088548e-07,-5.81755376841525e-17,-2.3246300300521e-07,0.000237929833298871,3.60811277513469e-06,-5.45703050980479e-06,-7.92580614261079e-17,-4.66012264809681e-07,8.55738185192136e-08,-2.32761880279622e-06,-1.38365098600432e-07,-5.21789049460356e-06,4.88660971769343e-07,-6.45757843948692e-06,9.98273864738057e-06,-4.0867326931556e-17,3.59165990776732e-05,-6.0447739918111e-07,1.69846029712616e-06,4.42794234332281e-05,-3.64530677092723e-07,-3.0178888794546e-08,6.07153216591882e-17,7.42541589393515e-17,-2.90232922443059e-08,-3.27376733118672e-07,4.31535345594193e-08,-4.90212626209905e-06,2.38911558860893e-14,-2.31789489041932e-06,-2.73320455818195e-08,-1.70059236647461e-18,-1.51862345965541e-17,2.92759886089606e-17,5.77509251514271e-06,1.51597372138257e-06,-1.66099994782434e-06,1.59139971820873e-05,0.00057272791248752,1.2940373274207e-06,-5.61948861789657e-07,-3.30397954078024e-16,-1.23343719143788e-07,3.4618848851579e-07,4.1044625209535e-17,1.54702651504945e-17,-2.16510418456003e-07,-1.30624975417851e-09,-1.27731421749242e-07,7.77423108988628e-06,1.25647566129478e-07,-5.27443444756245e-07,1.7817716018144e-16,-0.000138579579106603,1.94926940952085e-16,-6.00449831851694e-06,-2.68258722527226e-16,-1.39926255863196e-07,-3.09628000930063e-17,5.74180073874149e-07,1.51181273494908e-07,7.12465068347769e-07,0.000248772651981625,3.85757651121888e-07,-4.6051639665249e-08,2.92731581221588e-07,1.02228552233061e-07,5.52145198932506e-06,5.08429056570277e-07,1.02210260788336e-07,-2.87228034351271e-07,-5.49825316745097e-06,-4.45536437411589e-07,-1.36911694293924e-07,-5.31300111175978e-18,1.27973309817573e-06,-2.2031644497867e-07,1.13780132839042e-07,8.45582985410467e-17,2.23199753367062e-07,0.000463096248909371,1.8731355492016e-06,4.34029297104577e-17,-4.57014859539099e-07,-2.73079460927729e-06,5.65401128476278e-17,-3.23251411316507e-07,7.20114444365679e-07,2.72522812907062e-17,5.11319702456467e-17,-2.64008724643161e-08,-1.58061512909701e-06,-9.00402664618774e-09,-1.24913627278312e-05,8.86244107983767e-05,8.63461067439476e-08,9.33952978237073e-07,7.76162430386354e-07,-3.12146919940883e-05,4.52274936252328e-16,3.56717776679503e-09,2.74490292026676e-08,7.57672094108254e-08,7.08979458185789e-06,-3.00824361393335e-18,3.20587257717287e-17,2.33110098691136e-06,3.36201372593476e-17,-2.01831124600813e-16,9.87610642700254e-07,-1.45216418881396e-06,-2.7187288670295e-07,-1.60893991473025e-07,6.95110414554348e-06,1.81574648893063e-06,5.62349044277898e-07,7.58035303457281e-18,1.29109789922397e-06,6.02562311242642e-08,2.76436078714241e-07,-2.49300912519159e-07,9.82927829911357e-07,-9.38421728046472e-17,-4.72665145626897e-17,-7.52266172210978e-17,-9.56403048854561e-07,-4.16127953971188e-08,-7.07416956794212e-05,-1.13519647588856e-16,-3.14869901375964e-08,2.42754586850913e-16,-1.02147104306323e-16,5.19751191257161e-06,-9.76381373245706e-05,-6.657001339061e-17,-3.08882861810912e-06,-1.43035535100977e-07,1.71770897295466e-16,3.23173792307307e-07,2.19622133985273e-14,1.26974235669891e-06,1.20399880478799e-16,1.26637164696724e-06,9.85566546092889e-07,3.56765369646974e-08,3.73530596063196e-07,2.5636433332864e-06,-1.15067923711084e-07,9.29360964458846e-05,1.31106366512817e-17,2.07998733871814e-06,-1.17391565918664e-07,3.25005214701518e-17,-1.54638671301123e-08,-3.15057581270319e-07,7.31827792949165e-08,1.21887139989113e-17,2.34547098402163e-07,3.10204998463546e-07,-3.28119817512235e-17,-1.38241377722806e-05,-1.90027485171328e-06,-8.90595537873941e-09,-6.30601345407954e-17,-9.44250400029647e-18,1.59063338424805e-07,5.40711557792986e-07,4.37411405750817e-08,-6.32125987386547e-08,3.19502936321012e-07,2.91851614101262e-17,2.13315782134118e-16,1.16613206675571e-06,8.03781045622199e-09,-1.45629932907555e-16,2.81688310532108e-06,9.89651341609898e-18,1.31271852175064e-07,-5.38529580625597e-07,-3.14644254875348e-07,-2.08562887684523e-06,-3.4036157497606e-16,8.87170873826092e-17,1.88912969112708e-16,-6.72147916052212e-17,-1.50868405308331e-08,-5.23268304315068e-08,-1.5498853717471e-16,-6.62048137260335e-17,-5.78447850991965e-17,7.36288126661981e-08,6.6158285094697e-10,-3.64144797816784e-08,3.69700043536543e-17,8.10441123932915e-17,-1.08691267791672e-17,-1.56027302655936e-06,4.77427814697554e-08,3.02058242954305e-17,8.37295876854603e-09,-2.1899544248303e-07,-8.8612576046875e-18,-1.61590697079796e-18,-1.67672373943167e-06,-1.54961262975043e-09,-8.30388369003909e-07,3.47840361842058e-17,8.4297294798898e-08,3.53540807395118e-05,3.7905788695741e-05,-1.32778948258914e-06,-3.22613939728737e-07,5.25079708068064e-09,3.18131273611016e-17,-1.6423323588396e-16,1.8120051896384e-16,9.97305763156477e-08,-9.02963379216351e-08,-3.76824039162924e-07,-2.67572290833727e-08,1.34936406670852e-16,-5.22588212031469e-17,9.19056560704911e-17,1.4697182298532e-17,6.08627471283954e-17,1.27634663788503e-07,-1.58041993926387e-19,1.54216833721096e-16,-2.28633349278367e-07,-3.9666852178259e-17,-2.04662394221539e-07,-6.17540044833508e-19,-2.5372832810973e-07,-1.53086983838333e-17,-3.07150857888637e-07,-3.84369641669214e-08,-3.16881627776144e-07,1.80887633710543e-18,1.23379615893268e-06,-1.40345515982878e-17,0.000128057392585009,-2.77809795111268e-07,1.53741160332098e-09,3.24394167421533e-16,2.47988967070768e-06,4.46739269512891e-18,-4.45262536020169e-05,-3.10358184190299e-07,2.56651863461783e-16,-2.53587346166865e-17,1.49201541076734e-16,-1.62566102867487e-17,-1.15410823272141e-08,-1.50281873562463e-07,-3.35553460255067e-08,-1.54919082043953e-16,-1.17511589590775e-17,-3.208153059966e-08,2.61693324836443e-07,4.83373090936173e-17,2.51318255080555e-17,-1.52816882650804e-07,1.10350251847357e-17,-1.08288612246259e-06,-1.09472657188323e-16,9.25121310164292e-07,-1.34032737156515e-16,-3.51528516554784e-16,6.58577364965378e-18,-4.37921429734201e-17,9.89205421377697e-18,-3.08005556321723e-17,1.77813998729459e-08,-1.24359278095212e-07,4.13295775307876e-17,-8.27830905363525e-08,8.89784260172077e-05,-1.58830448056847e-16,2.24539163337863e-16,2.09543627800287e-16,-9.29331906505759e-17,3.41044358651238e-07,5.45495099133415e-08,-6.15000919677002e-18,1.44611810476703e-16,-1.59077191315566e-05,-1.99887540443882e-07,-3.02832434618807e-09,2.30846737120705e-17,3.18501161029368e-17,6.79831725368802e-17,-3.99321267556553e-17,4.41999321680977e-16,1.64832689178986e-16,1.30487473497803e-06,-1.23411918034926e-06,-2.3728949348786e-07,-3.37140313414129e-17,1.92187654442955e-17,-2.10961540936305e-16,-8.60338375990919e-17,-1.15016632947442e-16,3.17442306487154e-18,1.93601167726804e-17,-1.46425468338762e-16,1.65567042584579e-17,5.52550542170937e-18,-4.56652625169162e-17,-2.10589581554749e-16,2.37213410386701e-17,-5.01530281516223e-18,1.17796507210676e-08,1.7443734550024e-17,1.30091227672066e-16,4.71065572867845e-18,1.66712701986394e-07,-2.21551184204471e-08,-7.58381631049976e-17,-4.3023062044745e-09,1.52308864067949e-07,4.28133007375108e-17,7.92372917973426e-16,-2.93602558102078e-07,1.90879960211241e-16,3.7475074390064e-09,2.76051417694561e-17,-7.7288183403244e-18,-1.22435066131709e-17,1.00263777141246e-16,4.04143529651162e-08,-5.03214198147429e-07,-1.66696124535241e-16,-3.02399020499872e-16,4.97248322822952e-17,2.28055065244672e-16,1.12323345069498e-16,5.17190200414816e-17,1.06318944673882e-16,-9.06675124630286e-17,6.04112290899066e-09,1.75859477583065e-17,5.31798856958055e-17,-1.12084414370812e-17,1.09460877331469e-16,1.38024778114476e-17,1.39384765142148e-16,-2.10202395388721e-06,1.39295840249007e-19,-1.22349275416966e-17,8.87900308936839e-08,-3.57517733556001e-16,-1.85766890810554e-16,-1.93200847957075e-17,-8.4862653358032e-17,7.39514161693942e-08,7.04538672810402e-19,-6.01249218275618e-07,3.39300510254401e-17,-1.95341454208358e-17,-2.10101214480825e-16,4.61717553669201e-16,-4.09208176525516e-17,3.07508473232912e-16,2.17132245471725e-08,-2.65128670200223e-16,-8.47641373190231e-17,1.1124606267788e-08,-2.70935080094939e-06,-6.38934575984276e-17,3.037192348338e-06,2.77823097168006e-07,-3.72099497109513e-17,-1.54258793167558e-16,-2.72889103278868e-16,-2.9612539849482e-18,-1.93290084885476e-16,-4.65858878022181e-07,2.37374992738126e-16,-1.65617540714707e-16,-1.73049677521313e-16,1.86423798357819e-07,-1.75323682254481e-15,2.45620396816642e-17,-1.84633615995215e-17,6.0665462914046e-17,-8.48862996717995e-08,-2.38046232895217e-16,2.31961914394381e-09,-2.44264678156266e-17,4.69234202569099e-17,6.04802281530245e-17,1.16051955455574e-16,-9.01237883911388e-17,9.80237819320334e-17,-5.61960326575369e-17,-4.02109919726009e-08,-2.76420537337012e-16,-2.84290608255984e-17,1.69015444153362e-08,7.87294718313975e-16,-7.31415890476714e-17,-2.89358743243982e-16,-2.65712499836069e-17,6.94127225582847e-18,2.92066600884053e-17,-1.22444439500125e-07,-4.48920836136809e-17,-2.05775165088474e-17,3.64497574721754e-08,-5.47557663575516e-17,3.33428418482713e-17,3.35147357379403e-16,-1.13419153207817e-16,2.36553807783401e-16,1.37151295007384e-16,2.07039298694237e-17,-3.02078265868886e-17,1.58353830836764e-16,7.45492121056734e-17,5.05751408082094e-18,-1.91026941852087e-08,6.33376373331807e-08,-2.18115327301014e-16,-6.45048323762089e-17,-1.35986303090802e-17,9.72433849033727e-17,2.58473797920544e-16,1.77622721189269e-16,7.46251912039002e-17,1.53696030750763e-16,-1.52434010863917e-06,6.92054304506808e-17,-4.05896708600992e-17,5.77929862376693e-17,-3.35040297164411e-16,7.02002552007101e-09,1.27688867738287e-16,-1.1125799800039e-09,3.9396709816159e-16,-9.84442527952448e-17,-1.30972335772185e-17,5.54304534887084e-17,-1.28097557480757e-17,1.96179333831754e-17,5.6590964047822e-17,-1.10600155382802e-16,7.46325338499574e-17,-1.13178257036055e-16,1.70599776817363e-16,2.94554133785693e-17,1.69650155975533e-16,7.55776666171528e-17,7.54419540621966e-17,3.56395884001871e-16,-1.95740687346866e-17,-5.63767397790255e-16,-2.52745838615852e-17,-9.98669592346526e-17,6.3425827090402e-18,-4.95229795013945e-17,-1.04323425702415e-15,-1.37992547757112e-16,4.48347062182672e-17,5.80854940891631e-09,4.50102367314575e-16,2.23550414289839e-16,1.53158164266413e-17,-3.6845472986335e-17,4.2565958812721e-17,4.85820126087982e-17,-9.25799002578963e-16,-1.25888662423644e-16,1.3698130589934e-16,2.81967070706339e-17,4.14707330975705e-16,-1.08636888462835e-16,1.53599734381018e-17,3.62359972572117e-17,-3.89308440515711e-16,-1.69940460758359e-17,-2.65936421157826e-17,-7.46613308047246e-08,-1.76658993138078e-18,-8.70250253970399e-17,-1.42380359244168e-17,4.01347050637976e-16,-4.46186467481476e-16,-2.01481416219068e-16,-7.59121013805175e-17,-2.85405042306465e-16,-8.6634698322767e-17,2.52581117197525e-08,1.79092333868899e-16,-1.1914197574634e-16,-3.06530180625918e-16,-2.04517530358774e-18,2.40316673144918e-16,1.23250132877203e-15,9.10440603957587e-17,7.46987519128896e-16,6.72762142493733e-17,-1.27392071443199e-16,5.30509657716394e-17,-3.98521555097776e-16,-3.67775899339765e-16,7.96101087679956e-08,-2.17295588560038e-16,2.809416047519e-16,1.09855138477238e-15,-1.11195774810113e-15,-2.18159539052816e-08,1.01959766046695e-16,2.16026451030171e-17,-1.96959428189394e-15,2.13142881003796e-15,-1.51905834528369e-15,-8.41065355410394e-16,6.21626683538492e-16,0.707106781186547,-1.7080369856512e-15,-8.04238714130609e-16,2.96756356493514e-15,-2.36927887555574e-16,4.42394435400309e-16,-5.33797629525306e-16,-1.93619242295331e-16,-2.21411047938865e-16,1.04447847813131e-15
"t968",0.0258962217366357,-0.00236195611469999,-0.00208507708981098,-0.00032331177936735,-0.0106084717005555,0.0891447706704907,0.0151674232315181,9.62468472209803e-05,0.0223574406316035,-0.0164968160322231,-0.00287206110486633,0.00194246583448469,-0.00367449155179875,-0.000757936803052037,-0.0190171552425817,0.000402905917593627,0.00027935848343692,-5.70817035256137e-05,0.0021154671414276,0.000304887483948535,-6.29635941859011e-05,3.98652349953703e-06,0.000447042672890644,-9.10743474164229e-05,1.84862362002445e-05,-0.0738278647543227,-0.00498400903469592,0.000317436261923354,-0.00135759174789833,0.00189902896741115,4.35271299539219e-05,-0.00140880644621808,-5.26102180560583e-05,0.000323423597468914,-1.58730291129892e-05,1.5142377421452e-05,3.73606984728348e-06,-0.000265777113177414,-6.19983370084786e-05,-1.95597356970943e-05,-8.32975536010116e-05,0.000189366571900405,-1.02340050907414e-05,0.000175969452591358,-4.50519176712085e-05,1.53749736118724e-05,-3.29077675876904e-06,5.2186190896379e-05,-0.000866630519962472,0.00206593548245669,-0.000164947442798432,0.000182345318823103,-3.58192266849457e-06,9.81651940052475e-05,-0.00395185661999448,0.212367693789583,0.000114236588067817,-0.00067345517901833,0.0024430589182612,-1.48522064597431e-05,-1.10816791743815e-05,0.000140091934736947,-0.000292941367338974,0.000215022041214202,-0.000161729491886713,3.78426539356338e-05,-2.70325109955111e-05,0.027849548466265,0.000134706561903918,0.00266633754445954,-1.25598950357073e-06,1.89244262804487e-06,-0.000414614137436371,-2.14467162331311e-06,8.29444070316505e-07,5.34884306477477e-08,-4.12111479085591e-06,-4.52099063421383e-08,6.63593270521003e-05,0.00114564372301766,-7.64632478977397e-06,-0.000763184327508219,8.85731760532607e-05,4.04100203765267e-05,-4.82982147614729e-05,-0.000144950576753681,2.41404529841377e-05,4.33907342413182e-05,8.60315719579898e-07,-3.32319680531224e-05,8.46522643342693e-05,-3.56749695525679e-07,-0.00912131765510293,0.000187822084407613,1.46224704889005e-05,6.78981045126523e-05,7.99887800644547e-06,-4.83166354490046e-05,0.000564072678287757,0.0019329225500147,0.0137575403298809,-2.98421674513573e-06,0.00743535456494721,-0.00150502005414897,0.000938793568839899,-0.000284628433720044,0.465130032112633,0.00137275050803339,-0.0248692151397866,3.58541118488949e-05,0.0010029727018248,0.00103156980772945,-0.000302790790124945,0.000150306631668895,-4.29966610074245e-05,0.000131390448878823,-0.0019797472900655,0.00187957339875941,-0.0113464273435974,0.00058037666917657,-0.000329013095719086,0.00078260487661086,-0.0218771406997657,-0.0896495797537357,-0.000299836147003706,-0.000160222741243436,1.99563580582621e-05,-0.000439853951872904,0.00120637790480929,0.0420896615886836,0.000317276765317439,0.00530162674375286,0.000134555893216255,-0.00146800345270037,-5.68628392490341e-06,-0.00124649847008312,0.000334044529670386,0.000321947859660007,-0.00616392537831089,0.0227138115651406,-0.00046938633043128,-6.10482825586829e-06,-0.0344522089918857,0.455442038866398,-0.000745185456655089,-1.57187468319616e-06,2.36963421361886e-06,-5.86129408905393e-06,-3.2710268851217e-07,0.00553723757834929,1.03832254705902e-07,1.12853412767297e-06,1.55735401337185e-07,-4.73080135422578e-06,-3.0252475796008e-07,-4.93546138306757e-07,8.12764149399453e-06,-1.03957878532412e-05,-5.43308438702754e-06,-1.80723706571005e-06,-9.01499100457104e-06,1.32024780222651e-06,-9.21166922607463e-06,-1.35253477381855e-05,8.95858593965045e-06,-6.02582805115155e-06,8.9634579421917e-05,1.53014361108412e-06,7.60481717268489e-05,7.57590857081359e-06,-1.28660467375766e-05,-2.26118475965897e-06,2.60217918074337e-07,8.60474698508733e-06,1.62997577689375e-06,0.000803251704666325,1.40437738812644e-07,-5.16654383463584e-06,-4.59438076714583e-05,-2.22267929246314e-05,8.76458354063445e-05,2.23108460618803e-05,-4.5398422391417e-06,-1.75548013121985e-08,-5.15078686757103e-07,-1.31857148149583e-07,-0.0002235139779424,5.02337729513774e-05,0.000224952616190665,-2.10503711004367e-05,-6.14028400538206e-06,1.20199724195394e-05,0.00218096184946942,5.64539932895774e-09,5.61232021465648e-07,-9.94680930856459e-06,-1.83110685695836e-05,-1.0595948584184e-06,1.08264166565198e-05,4.45767257995105e-06,4.43270183783122e-06,6.18618576857707e-05,-1.22725526772981e-07,-1.80590929233666e-06,-3.0958962503781e-05,-1.30140230977561e-05,1.97477743556086e-05,8.86881890236908e-06,-0.000143806483728983,-8.20371700571418e-08,-0.000563193087854856,7.996611392194e-06,-3.62450803595387e-05,-5.90098836361233e-05,-3.39955465284756e-07,-2.42062207604055e-06,6.30744502803625e-07,3.96856471332403e-07,-8.80989393056425e-06,-0.00151972302001702,-1.72867645372464e-05,2.1926440337735e-05,4.8744689925153e-06,2.11000549615457e-05,-0.00473919597691717,-2.03196787866234e-06,-0.000293693210026684,-1.43804457957617e-06,-2.89873114823177e-05,-2.3368146583563e-05,5.81475177991977e-06,1.21382350965689e-06,8.88817678596337e-06,0.00144341471041714,-7.05439604768261e-07,-1.43712845787969e-07,-0.00200048706033862,1.34863961602928e-17,-4.82182933039078e-07,6.98092757093734e-06,-1.47045988289234e-06,-3.91462601078371e-06,-0.00171192409137876,-2.3610395727599e-07,-1.47540479949897e-05,3.94837782151152e-06,-7.47783978272286e-07,4.8830865702646e-08,-9.65966933023265e-07,0.000110993672632594,-2.88497465021981e-07,3.07293050273691e-05,-2.30447666939024e-05,1.01253504172241e-07,-6.55919462071598e-09,3.09550639319833e-07,-2.85621261171854e-07,4.48864083468462e-06,1.11423157623667e-05,-2.10473200271242e-06,4.0681248570957e-06,-7.53143755372251e-06,8.56702463213121e-05,-5.13282456887721e-06,5.27751080051759e-06,-1.78634551789133e-06,3.3434584782651e-08,0.000137393622134442,-2.21141888552035e-06,2.0990060864777e-06,6.86620692139809e-08,-1.79241251881215e-06,1.80320296299444e-06,-2.14239795781989e-06,3.39493730988045e-06,-6.58127191263016e-06,5.18841445967543e-06,-3.90117366956817e-07,0.00207470099932645,-1.63390767438087e-07,9.90437439238803e-06,5.36339359568009e-17,-2.87241101873379e-05,-9.90590239476394e-07,-1.12601254257531e-10,-9.96450263402067e-07,4.75916850776094e-05,-1.49709760860832e-06,-2.58756434123484e-07,3.0091670868861e-08,-1.38721417759881e-06,8.24330690840799e-05,1.82900010492502e-06,-1.40425793851089e-07,2.09139685998319e-05,-2.52692205543405e-05,6.92978634949613e-06,-1.2170087413998e-05,1.72274033260339e-06,7.04009095595736e-07,4.639519119777e-08,2.88927349695688e-05,-1.6268472343102e-05,7.40729078444089e-08,-0.00189334616144662,2.3198820888804e-06,-8.55892548099065e-06,0.000191179002906096,5.71770758415775e-06,2.89018028936268e-06,-9.19513869543397e-07,-0.000527759871816838,5.98143806525283e-07,-2.76792952524027e-06,7.84640502983059e-07,7.31122255903293e-06,-1.42564346676657e-05,-7.99849749990592e-17,4.88564980238415e-08,2.69399265878879e-06,-2.72834575229509e-07,1.59850044087708e-05,1.78715716481945e-07,4.36153059417822e-06,1.11631233316804e-05,-1.74941824457793e-05,0.0185676577221797,-1.59322081353676e-16,-1.23099241142843e-05,-1.10557365383699e-08,-5.44462970663208e-07,2.29619036446881e-07,0.000142684711107949,-3.41840762796017e-07,-1.36347829360949e-05,3.70476585373035e-06,-1.58682967595135e-06,2.42178681832257e-05,-3.28575323975319e-07,-8.96989609652449e-06,-4.18270605768395e-08,-5.93682707516834e-09,-8.96130891873333e-06,4.74065721819658e-07,-9.73555130570977e-06,1.3974394610086e-16,-2.51518862927017e-06,1.97591793168897e-07,5.69453179299375e-09,5.01577312610035e-08,-1.85132454525412e-05,-3.82563440084016e-05,1.7271306131916e-06,-6.31345026785747e-06,-0.00185474634422633,-2.70638016474625e-16,-6.07617307544097e-06,-2.12381387385044e-07,-7.74174091952943e-06,7.44399935636172e-14,2.35572639490844e-05,1.84543171132079e-06,-2.81948849225948e-07,-1.18807416109778e-05,-3.94618382819549e-06,-2.10163752616168e-06,-6.66388850678664e-06,2.09862064616729e-06,1.48460009341081e-06,8.20482863628445e-08,4.54238257160418e-06,5.78782464901858e-07,3.77712078993645e-17,-2.32463003118424e-07,0.000237929833298891,3.60811277490761e-06,-5.45703050981107e-06,-3.80418151806169e-17,-4.6601226501689e-07,8.55738185419818e-08,-2.3276188028197e-06,-1.38365098418608e-07,-5.21789049459895e-06,4.88660971607715e-07,-6.45757843925459e-06,9.98273864756912e-06,-9.30234043547076e-19,3.59165990777237e-05,-6.04477399041546e-07,1.69846029695334e-06,4.42794234332004e-05,-3.6453067711257e-07,-3.01788888034863e-08,3.46944695195361e-17,3.70375253452426e-17,-2.90232921909805e-08,-3.27376733109768e-07,4.31535348813214e-08,-4.90212626265766e-06,2.38059656504683e-14,-2.31789489022768e-06,-2.73320455239066e-08,-2.48745384581163e-18,-9.75509313766615e-18,-1.62424249021789e-17,5.77509251580581e-06,1.51597372130031e-06,-1.66099994784089e-06,1.59139971819287e-05,0.000572727912487498,1.29403732746853e-06,-5.61948861642009e-07,-2.96075519184057e-16,-1.23343719222846e-07,3.4618848881541e-07,1.26222655578053e-16,1.4506855897801e-17,-2.16510418508953e-07,-1.30624959767362e-09,-1.27731421736644e-07,7.77423108987289e-06,1.25647566072911e-07,-5.27443444723828e-07,2.86166889052932e-18,-0.000138579579106594,-2.36102715055672e-16,-6.0044983183341e-06,-4.06846865225186e-16,-1.39926255693201e-07,-3.23747438140524e-17,5.74180073577369e-07,1.51181273468477e-07,7.12465068353219e-07,0.000248772651981612,3.85757651028023e-07,-4.60516397492776e-08,2.92731581264421e-07,1.02228552227863e-07,5.5214519884786e-06,5.08429056713317e-07,1.02210260762754e-07,-2.8722803440089e-07,-5.49825316817207e-06,-4.45536437582128e-07,-1.36911694099589e-07,6.3793646302098e-18,1.27973309814964e-06,-2.20316444988983e-07,1.13780132836942e-07,1.39017928336691e-16,2.23199753601388e-07,0.000463096248909564,1.87313554921046e-06,-3.49952162511467e-17,-4.57014859670684e-07,-2.73079460945002e-06,-9.67021849320553e-17,-3.23251411288164e-07,7.20114444641478e-07,1.96385415774146e-17,-7.87903446837033e-17,-2.64008724375524e-08,-1.58061512914357e-06,-9.00402708519511e-09,-1.24913627276057e-05,8.86244107983408e-05,8.63461065393952e-08,9.33952978413892e-07,7.76162430618979e-07,-3.12146919940366e-05,5.49148400363908e-16,3.56717771348734e-09,2.74490291629036e-08,7.57672094046858e-08,7.08979458199777e-06,-1.53769348643821e-16,2.49088318011566e-18,2.33110098687687e-06,1.77074928559479e-17,-2.84393894337979e-16,9.87610642832159e-07,-1.45216418877468e-06,-2.71872886698578e-07,-1.60893991462841e-07,6.95110414555119e-06,1.81574648892238e-06,5.62349044299871e-07,-7.09069169139466e-18,1.29109789920439e-06,6.02562313470628e-08,2.76436078619285e-07,-2.49300912465309e-07,9.82927829841807e-07,9.09671832160206e-17,-4.95391193623222e-17,1.41206895020523e-16,-9.56403048838336e-07,-4.16127953575548e-08,-7.07416956793695e-05,-1.26839147278806e-16,-3.14869901322355e-08,1.46384497599626e-17,4.58536085364355e-17,5.19751191258592e-06,-9.76381373245996e-05,-4.04407410337093e-17,-3.08882861797824e-06,-1.43035535224495e-07,-6.83392263285994e-17,3.23173792359496e-07,2.19466787441578e-14,1.26974235675882e-06,-1.1778812099856e-16,1.26637164708705e-06,9.85566546157033e-07,3.56765370452867e-08,3.73530596137558e-07,2.56364333328007e-06,-1.15067923583853e-07,9.29360964458773e-05,-2.23056521503273e-18,2.07998733843755e-06,-1.17391565939467e-07,-1.39017171414716e-16,-1.54638670798338e-08,-3.15057581283519e-07,7.31827794922149e-08,-1.83330110217293e-17,2.34547098482726e-07,3.10204998567955e-07,-2.01813854012474e-17,-1.38241377723141e-05,-1.90027485150777e-06,-8.90595537475879e-09,7.94046457111867e-17,2.24143420057379e-17,1.59063338289205e-07,5.40711558061825e-07,4.37411404458623e-08,-6.32125991435501e-08,3.19502936383029e-07,-1.16318029858062e-17,-2.53861974058604e-17,1.1661320666935e-06,8.0378104975271e-09,1.5915406112316e-16,2.81688310534654e-06,-1.16354808305473e-17,1.31271852168424e-07,-5.38529580575644e-07,-3.14644255142236e-07,-2.08562887577101e-06,-2.7054590519288e-16,-7.19240407625698e-17,-2.07167290928539e-16,-1.80481441455932e-17,-1.50868405484556e-08,-5.23268302134473e-08,9.76220301108651e-17,9.90392038936217e-17,2.2513567602884e-17,7.3628812637748e-08,6.61582907562237e-10,-3.64144797327776e-08,-2.26286770705032e-17,8.66006485272797e-17,4.27175655959289e-17,-1.56027302672954e-06,4.77427814418373e-08,3.5736674400496e-18,8.37295797901656e-09,-2.18995442349186e-07,3.61930541578796e-17,-1.13211071268213e-17,-1.67672373946719e-06,-1.54961265412368e-09,-8.30388369044295e-07,9.77714718066019e-17,8.42972947825292e-08,3.53540807395453e-05,3.79057886957e-05,-1.32778948261456e-06,-3.22613940086971e-07,5.25079740640215e-09,-4.96391374073024e-17,1.40929531798423e-16,-1.51157008409765e-16,9.97305767069868e-08,-9.02963379084012e-08,-3.7682403993725e-07,-2.67572291241665e-08,-2.16472152156541e-16,-2.34384207809405e-17,-9.14165864749808e-17,-6.54437842877265e-18,1.92647608163311e-16,1.27634663285766e-07,-9.13557416009615e-17,-2.17686326016607e-17,-2.2863334904227e-07,2.38543198354351e-17,-2.046623942032e-07,3.00780806805988e-17,-2.53728327874639e-07,-2.46491363072738e-17,-3.07150857791139e-07,-3.84369641098553e-08,-3.16881628223274e-07,1.57765969071348e-17,1.23379615882279e-06,1.56463100751986e-17,0.00012805739258501,-2.77809795085018e-07,1.53741161747639e-09,-1.70646608137159e-16,2.47988967057215e-06,-4.75231822903791e-17,-4.45262536019877e-05,-3.103581840989e-07,-3.42323502471688e-16,-2.71272559065408e-17,-2.21743932730614e-16,9.45532206276377e-19,-1.15410823663176e-08,-1.50281873452149e-07,-3.35553462375444e-08,7.89503904995712e-17,1.25333237213952e-17,-3.20815306090197e-08,2.61693324903663e-07,6.04765291394474e-17,-9.49747216978934e-17,-1.52816882737433e-07,-1.86275877667412e-17,-1.08288612314671e-06,-3.04286973000522e-16,9.25121310159969e-07,-3.32463935200948e-16,1.51227394941795e-16,5.10072220889478e-18,3.0741881666342e-17,-7.26887734409853e-19,-9.93221329332482e-17,1.77814003725483e-08,-1.24359278239211e-07,-1.9838728173803e-17,-8.27830904972221e-08,8.89784260168968e-05,9.44555326020088e-17,-1.05330007406244e-16,2.20638857127084e-16,-4.99903511103569e-16,3.41044358220935e-07,5.45495098969036e-08,1.02105254688604e-16,1.76591325650599e-16,-1.59077191313605e-05,-1.9988754010935e-07,-3.02832439449309e-09,-7.24189784544395e-17,-7.00148067133116e-19,-6.35876779532436e-17,-1.10815381934571e-17,-4.23854519230418e-16,5.92631876997051e-16,1.30487473572892e-06,-1.23411918066551e-06,-2.37289493621813e-07,4.93461282338581e-20,-2.78750385373757e-17,1.80928325680631e-16,-6.07199072048282e-17,1.1655976810646e-16,-1.27038491283895e-16,3.95837508722461e-18,1.79427356975157e-17,4.36637023656714e-18,1.34981881526262e-17,9.5445078026522e-18,3.14834741891716e-16,-2.16701618676427e-17,6.14106309731725e-17,1.177965079272e-08,2.07654626346893e-17,-8.84839137624863e-17,-9.94961912947587e-17,1.66712701891717e-07,-2.21551183395904e-08,1.00835714148609e-16,-4.30230601018602e-09,1.52308864013116e-07,-1.09551654280528e-17,1.28836554791488e-15,-2.93602558127686e-07,-3.03443524924576e-16,3.74750768725143e-09,-2.89438938578348e-17,2.78590777872978e-17,5.00902045746973e-17,-1.05979585104118e-16,4.04143527600093e-08,-5.03214197890785e-07,-2.50559259841702e-16,2.28831960768416e-16,1.74542405346329e-17,-3.88639130456223e-16,1.5444459947056e-16,-4.3850094388951e-17,-3.47826051890138e-17,1.57598013887247e-16,6.04112371055498e-09,-4.52078119956982e-17,-3.44727630708966e-17,1.00686859774097e-17,-2.01797633886636e-17,-3.41815622635087e-17,-3.93053054106176e-17,-2.10202395431339e-06,1.65067393408668e-17,6.13758310520769e-18,8.87900315262786e-08,6.40171555886079e-16,1.91854751396704e-16,-8.93544842090982e-18,2.27978277619379e-16,7.39514160864529e-08,-2.0187433195576e-17,-6.01249218090548e-07,1.7445737528294e-17,1.10428160406186e-17,-5.41860046873897e-17,-3.98307502567441e-16,3.37555367836951e-17,-3.98740678901264e-16,2.17132243958172e-08,3.04915240853799e-17,-7.26659409341018e-17,1.11246060409743e-08,-2.70935080106016e-06,5.81356928169863e-17,3.03719234921916e-06,2.77823097159329e-07,9.1311107799233e-17,2.79954970095526e-17,1.94243903661697e-16,4.77693699936188e-17,1.9569523212758e-16,-4.65858876590783e-07,-3.17086079163712e-16,-2.15409525486103e-16,1.92311505196516e-16,1.86423798023504e-07,1.1954071582578e-15,1.98098612666692e-17,-9.06441763270424e-17,-9.60512191264413e-17,-8.48862996213341e-08,1.43763352376077e-16,2.31961883504445e-09,2.90042748622928e-17,1.42360323510556e-16,-8.38485107891067e-17,-1.23961982791969e-16,7.02975804999509e-17,-4.82001681006612e-17,2.31508741120247e-17,-4.02109918784651e-08,2.1473343051211e-16,7.03283853024915e-17,1.6901544149151e-08,-6.08528282827891e-16,5.8169965913495e-17,2.65093452504507e-16,-1.25858838159832e-17,-7.36003031186998e-17,9.41764402792972e-17,-1.22444438927687e-07,1.7209120720803e-17,1.01827471005965e-16,3.64497576184615e-08,4.0641549763193e-17,5.05823691744046e-17,-2.59474403732753e-16,1.58916065091022e-16,-5.86220935858564e-17,-5.30223186377551e-17,4.22857690448534e-18,-2.46831747637299e-17,-1.21672758726175e-16,-3.82443055867143e-17,3.45216366660324e-18,-1.91026949671082e-08,6.33376364688549e-08,-4.39983494453891e-17,7.5743367611055e-17,2.5024216466207e-17,-1.22324403579669e-16,7.13405029495462e-17,-2.3396158008761e-16,-6.10124080053105e-17,-2.08462545043267e-16,-1.52434010848261e-06,-7.57027994106536e-17,4.39930283363066e-17,-4.00957128538901e-17,2.9574256555396e-16,7.02002563063338e-09,-6.2416435458418e-17,-1.11257980523063e-09,-4.1813758743307e-16,6.35712896250524e-17,7.94317913697396e-17,-1.21271882262868e-16,3.60933442800543e-17,-3.25284214312022e-17,3.10974846896896e-16,1.04081019424776e-16,-5.00995796628957e-17,7.02119013197265e-17,-1.63202434284763e-16,1.52428931285728e-17,-4.15995927089534e-17,-8.92643686314705e-17,-1.01333737419812e-16,-3.71767771508241e-16,6.07465106534794e-17,5.48256690339186e-16,7.91976547777356e-18,2.38143153377772e-16,3.03197137535571e-16,5.20148441536169e-17,4.73618792391695e-16,1.27118652534135e-16,7.70986866477155e-18,5.80854909944054e-09,-4.55160874389686e-16,1.17732282255254e-16,1.63083721701588e-17,-1.49498993919931e-16,2.07303088003842e-17,-4.81433124407008e-17,9.1405593109197e-16,6.9386735642095e-17,-1.18263056589751e-16,-2.77154145798831e-17,-9.14199271839777e-16,1.29349451412375e-16,1.438368204144e-17,-3.20766471108507e-17,3.47227856125559e-16,-6.66824042860522e-17,5.00676161075353e-17,-7.46613305557562e-08,-1.17272223318251e-17,-7.35096497991871e-18,5.82152419629063e-17,-4.40333992235812e-16,4.6502236426542e-16,2.16284607386399e-16,8.18357742226284e-17,1.2978383953299e-16,6.78268146073506e-17,2.52581113247309e-08,1.02113979622429e-16,1.17098669556777e-16,3.14622606243318e-16,5.0709998271648e-17,-2.51240182439538e-16,-1.31731644181807e-15,-6.97099431548089e-17,-2.57208426191706e-16,-4.676095523213e-17,2.00755365114391e-16,1.08161365802196e-17,3.7859782250595e-16,3.72247781052848e-16,7.96101076471999e-08,6.43968859110421e-17,-2.83891610123771e-16,-1.3210345961684e-15,4.7867525915235e-16,-2.18159517630717e-08,-3.48263693140216e-17,9.0102163261398e-17,2.02058146748244e-15,-2.10551144155456e-15,1.55589017918868e-15,8.55363147552774e-16,-3.42278539364561e-18,-0.707106781186549,1.62497840827647e-15,7.46289308169359e-16,-2.75731824519709e-15,4.20569276083636e-16,-6.02918041375144e-16,4.95813767078923e-16,1.80846836257632e-16,2.71973638129471e-16,-1.4801294074553e-15
"t22",0.026013745045879,-0.00238483571091761,-0.0021059443427147,-0.000327685779929432,-0.0107855387849557,0.090903126116417,0.0154727655580671,9.83469184755922e-05,0.0229392988423959,-0.0170246332945261,-0.00299116434325952,0.00204411111573913,-0.00387313515348955,-0.000799614325273032,-0.0201148626504263,0.000427740678124997,0.000297052378628011,-6.07729223950287e-05,0.00225594266417537,0.000327192517999297,-6.80190451183139e-05,4.3889680864819e-06,0.000495358478104959,-0.000100988446959405,2.05085959737958e-05,-0.0823967580397078,-0.0055712548639536,0.000355270046130261,-0.0015250189634426,0.00219112585809429,5.08436876917621e-05,-0.00166094594004077,-6.30227547295545e-05,0.000391980123800662,-1.95012909758393e-05,1.90460088062813e-05,4.71887562077167e-06,-0.000337497340603797,-7.89142174417165e-05,-2.50272243845526e-05,-0.00010770302878881,0.000247138500368381,-1.34362177482384e-05,0.000231145682352465,-5.96074568450199e-05,2.09211337287506e-05,-4.51851971188042e-06,7.19673330821289e-05,-0.00121006127653663,0.00292507925168837,-0.000238116271988172,0.000265713327727192,-5.22684651812107e-06,0.000144982785176848,-0.00598259322121929,0.322743317986228,0.000187363748026223,-0.001130556040301,0.00411296645566764,-2.66223087949922e-05,-2.09487076031458e-05,0.000272473860698563,-0.000583725594568581,0.000431154547732195,-0.000340508830999596,8.35623339831638e-05,-6.73376237709411e-05,0.0738570014093538,0.000368538845031601,0.00774619099530457,-5.67412116607164e-06,1.65220951412945e-05,-0.00427678495876545,-3.60022860336208e-05,1.51409842352318e-05,1.40444747157482e-06,-0.000131409985661903,1.93837874728876e-05,-0.000801247835340635,-0.00978107566508856,4.28916533576606e-05,0.00397563437020037,-0.000298066458589597,-0.00012218366946436,9.95033643494363e-05,0.00027303289882533,-4.17332558816896e-05,-7.40073922622279e-05,-1.46222343905242e-06,5.59887380577172e-05,-0.000138254508512467,4.44851909157419e-07,0.0111158103327555,-0.0001973227898405,-1.21396287312568e-05,-5.44984514610346e-05,-6.4102525983962e-06,3.56004043945761e-05,-0.000403069791424192,-0.00123307036304055,-0.00801989451065097,1.72589168504771e-06,-0.00426199557447359,0.000584615891127798,-0.000354375049600534,0.000105072358902622,-0.165032796901454,-0.000481706018320298,0.00855734213325843,-1.19762787628213e-05,-0.000331794793192652,-0.000322175340055938,9.39182233129997e-05,-4.00394226602182e-05,1.10847858113876e-05,-3.15139155159984e-05,0.000459592693643598,-0.000398531161072178,0.00220142960825461,-0.000105173328427909,5.73228344953159e-05,-0.000118602086725363,0.003018575962849,0.0123245637922661,4.06555897335137e-05,1.96423771076761e-05,-2.42564073540345e-06,4.88263088569402e-05,-0.000100710751929556,-0.0035016204230522,-2.57344657073242e-05,-0.000342711462364013,-8.2821636843484e-06,8.71081137021611e-05,2.8692902461149e-07,6.13896340806224e-05,-1.04170540582695e-05,-5.27251886465094e-06,-5.88049410060199e-05,0.000240063781471004,-8.28580802509195e-06,-1.34461937006313e-07,-0.00106067733647962,0.0159185406412373,-2.60901746153688e-05,-1.72937275632977e-07,-1.17942607604977e-07,5.73049837133054e-08,1.67343202861762e-09,1.66917698687603e-05,3.71120110825244e-10,6.91427279738076e-09,1.17414337162384e-09,-4.294112224324e-08,-6.28784795040429e-09,-1.10407185954981e-08,1.90656163284903e-07,-4.42896478537861e-07,-2.5044131461361e-07,-8.42173805396824e-08,-4.43943961922193e-07,6.56940996687405e-08,-4.86075599739337e-07,-7.18323904323121e-07,4.98826588933199e-07,-3.48805144443839e-07,5.63467832025356e-06,9.64037107525199e-08,4.79397812244731e-06,4.81509210571462e-07,-8.25015907038871e-07,-1.45170929990981e-07,1.69603369734561e-08,5.63172910545475e-07,1.07547248749414e-07,5.30951223651574e-05,9.29131463096662e-09,-3.46434684075567e-07,-3.10517485321363e-06,-1.50341418143107e-06,5.93190063232985e-06,1.51139762528349e-06,-3.07547452811417e-07,-1.18904580859697e-09,-3.48772208982611e-08,-8.90911231655209e-09,-1.5089962101195e-05,3.35360631193983e-06,1.50103033373208e-05,-1.39685668141909e-06,-3.99518270050498e-07,7.65574383820529e-07,0.000137741369875008,3.51716373797867e-10,3.45828301059611e-08,-5.90561367808424e-07,-1.07746548138148e-06,-6.11092146710135e-08,6.17774625114826e-07,2.30982869600311e-07,2.2849229790724e-07,3.03285231819674e-06,-5.69314682010628e-09,-7.12106036177539e-08,-1.21971868290721e-06,-5.03795778970512e-07,7.22133028485615e-07,3.10754382452233e-07,-4.43239800908295e-06,-2.07437439550918e-09,-1.15913367516543e-05,1.52606540288379e-07,-4.37188625476387e-07,-4.70673034503388e-07,-2.67429938364066e-09,-1.1107951855813e-08,-2.58029199453824e-09,-2.30894078020292e-09,1.35333300850393e-07,3.38745382258705e-05,4.27833108064781e-07,-7.72455333777856e-07,-1.84285857963127e-07,-8.58068482509891e-07,0.000235203815504492,1.04613604599174e-07,1.52546595452152e-05,8.95385581774066e-08,1.99290560631158e-06,1.77986312853802e-06,-4.62859584564768e-07,-1.00995898816862e-07,-7.69933819974682e-07,-0.000126444136134695,6.82753070634861e-08,1.47534005965261e-08,0.000218372424487441,-2.14472939184049e-16,5.72511956273353e-08,-8.42477439849405e-07,1.97759763549564e-07,5.69689557292451e-07,0.000265171296877876,3.67063348126289e-08,2.56074459463474e-06,-6.97648049945734e-07,1.3321247912967e-07,-9.04132027036127e-09,1.83504860442734e-07,-2.20785944909727e-05,5.85506667449005e-08,-6.28801372828755e-06,4.92969628728523e-06,-2.58421368015401e-08,1.77645732146866e-09,-8.7993693240768e-08,8.99253752716644e-08,-1.42331731763519e-06,-3.78568510765834e-06,7.4279177464623e-07,-1.5144872244171e-06,2.85172394375738e-06,-3.30164860314741e-05,2.02690454907821e-06,-2.15992647375561e-06,7.34070968311219e-07,-1.50228430688117e-08,-6.18589016737762e-05,9.97915168629631e-07,-9.70092009179108e-07,-3.20158631687376e-08,8.59581921868796e-07,-8.69271730572738e-07,1.21950595626539e-06,-1.96769260901247e-06,3.86936759496552e-06,-3.15189982067096e-06,2.43257692322282e-07,-0.00137190575641138,1.09898452864683e-07,-6.75207569721957e-06,3.17620330650284e-17,2.05082709341295e-05,7.11569052735058e-07,8.25022232643412e-11,7.6509763600585e-07,-3.80420096371862e-05,1.21977372740084e-06,2.12826880769223e-07,-2.79700464884523e-08,1.29966670603615e-06,-7.73962383805367e-05,-1.78058580475581e-06,1.51653274820011e-07,-2.29991654111593e-05,2.81419298452361e-05,-8.04768507951682e-06,1.66414060696705e-05,-2.52803966874346e-06,-1.0374101520776e-06,-6.84516655645177e-08,-5.11494936706146e-05,3.61795743476484e-05,-1.69895854913406e-07,0.00454724593295516,-5.90061101386903e-06,2.21642017317855e-05,-0.000579451628186159,-1.75469904118116e-05,-9.07652993923792e-06,2.93414399675398e-06,0.00177667670209383,-2.14103665097773e-06,1.05096493650665e-05,-3.05916760502007e-06,-2.98472157059375e-05,6.45236834100023e-05,1.42743158182017e-15,-5.42704583513447e-07,-3.44296748999237e-05,4.47190507276037e-06,-0.000264181317820528,-2.97974459913469e-06,-7.81243317545223e-05,-0.000232196615429866,0.000448830967833495,-0.888824172633651,6.56232461556156e-15,-0.000656066473533961,-4.70005638810714e-07,-1.62034665365045e-05,6.59950837387016e-06,0.00241728596132492,-4.7459751918773e-06,-0.000151517092768581,3.62903985451347e-05,-1.24340889000493e-05,0.000160922840000126,-1.99263835174626e-06,-5.18577371246134e-05,-2.35001774775505e-07,-3.17625272532268e-08,-4.7692174219885e-05,2.4404372859461e-06,-4.88695291614671e-05,1.21755926356237e-15,-1.05660560136507e-05,8.00244594906523e-07,2.30544269157485e-08,1.81666186878093e-07,-6.58052045380883e-05,-8.37939308428453e-05,1.00720784901181e-06,1.23332346310481e-06,0.231578289310818,3.95768223884083e-14,-4.14749422161527e-05,-1.24138610726803e-06,-3.46921003247983e-05,3.23564375296322e-13,9.30514887536861e-05,7.13705394808844e-06,-1.07939484879336e-06,-4.46036177108246e-05,-1.43890671394295e-05,-7.51457477566139e-06,-2.34909708304825e-05,7.12459688149331e-06,5.01944570336571e-06,2.71222812767034e-07,1.44914151705165e-05,1.843339403702e-06,-2.24997636949412e-16,-6.98099981609037e-07,0.000707984820878434,1.05302122316443e-05,-1.54947350325582e-05,1.67953246630411e-15,-1.25498662857923e-06,2.18829915765522e-07,-5.82737727786206e-06,-3.43133809620028e-07,-1.27972445168384e-05,1.17501437456026e-06,-1.50675866355109e-05,2.18160474872657e-05,-2.62924100221083e-17,7.47022559603339e-05,-1.2522200953761e-06,3.48972171080611e-06,8.99761847410882e-05,-7.401109986971e-07,-6.10854635372527e-08,6.17561557447743e-16,1.9830722181723e-16,-5.7750695332238e-08,-6.42233951564547e-07,8.45108087450906e-08,-9.48409516832761e-06,4.50078341187855e-14,-4.37303447018089e-06,-5.10239357832234e-08,2.90181774829069e-16,-3.82552053837721e-17,1.32312735015185e-16,1.04527708869843e-05,2.73367023279904e-06,-2.9579397308367e-06,2.80521411950783e-05,0.0010083837550704,2.25466140365565e-06,-9.77952759993259e-07,-4.16573829931839e-16,-2.10405052924301e-07,5.86591358475205e-07,2.54289935222906e-16,2.91462560306224e-16,-3.5786964720619e-07,-2.14692991761067e-09,-2.08392820550426e-07,1.26224365330046e-05,2.02174440530857e-07,-8.47478991871183e-07,-3.73031205481456e-16,-0.000222234512197027,9.42675287640722e-18,-9.57644342618698e-06,-3.19270434742669e-16,-2.22281622518735e-07,-2.54691375228244e-16,9.07612585178786e-07,2.3873748063755e-07,1.11086053016173e-06,0.000386863719875433,5.99234994345684e-07,-7.12025928520545e-08,4.508048624919e-07,1.56020249983443e-07,8.42612776913002e-06,7.73808516844021e-07,1.54805782318054e-07,-4.32278067697782e-07,-8.23192649107338e-06,-6.64381583762946e-07,-2.03764681713129e-07,1.9456091968955e-17,1.89336259258262e-06,-3.24150542638288e-07,1.64908716706777e-07,1.96937241018905e-16,3.22154329972799e-07,0.00066432387194832,2.6801847038873e-06,-1.46574821219456e-16,-6.53067693806922e-07,-3.88238608102673e-06,1.48076473594352e-17,-4.58434641309274e-07,1.00679014605601e-06,-1.4279804016039e-16,-8.2011402655931e-17,-3.67146734054797e-08,-2.19706269445333e-06,-1.24881625178969e-08,-1.72807682261357e-05,0.000121912349601629,1.18721031822399e-07,1.28325933788789e-06,1.05872711768436e-06,-4.23341979428428e-05,-1.06143392686331e-16,4.82758175313306e-09,3.71341450548284e-08,1.02370253599052e-07,9.56454095294478e-06,-1.89749668802096e-16,-1.16258249443223e-16,3.13828403594095e-06,-9.98421775922184e-18,-8.9502112928216e-16,1.31296145165771e-06,-1.92649920697941e-06,-3.60661621550719e-07,-2.12475203377056e-07,9.17400873325121e-06,2.39609691864199e-06,7.41469109264314e-07,-1.22244211061715e-16,1.68762648438289e-06,7.86199011702988e-08,3.60468114407416e-07,-3.2412944130289e-07,1.27122730259917e-06,5.49876552048081e-17,-5.82000772245162e-17,5.87225994277473e-16,-1.2277863096098e-06,-5.3253102133838e-08,-9.05087142887143e-05,-6.74079157590835e-17,-4.01648677283411e-08,1.80147980950429e-16,-1.57741985435083e-17,6.54582040506767e-06,-0.000122947626784336,5.3852321907355e-16,-3.8776965794295e-06,-1.7925095486633e-07,2.21848019606549e-16,4.03560144968671e-07,2.72645660010557e-14,1.57888752967548e-06,-9.79582075175938e-17,1.57410266438568e-06,1.22470396601756e-06,4.43184795082274e-08,4.63798545077265e-07,3.17990599097997e-06,-1.42182672207804e-07,0.000114231946115682,-6.00518472042556e-17,2.54019649769691e-06,-1.43267750985629e-07,1.39089489393374e-16,-1.8855489000649e-08,-3.83529438195238e-07,8.89569793943125e-08,1.61424678751397e-16,2.83693136456851e-07,3.74839423312082e-07,-1.24220839964651e-16,-1.66830384847198e-05,-2.29180926270281e-06,-1.07158328286835e-08,1.15195097922614e-16,-1.5289932854205e-16,1.90344082087706e-07,6.45556556475108e-07,5.21980710323719e-08,-7.46953040854536e-08,3.76947782735666e-07,-5.88065727204905e-17,6.76568309132007e-17,1.37430961601018e-06,9.47142290320404e-09,-9.09618696945771e-17,3.31328136348503e-06,3.47753453260259e-17,1.54135963350792e-07,-6.30826942123113e-07,-3.68508464820537e-07,-2.44105833372216e-06,-4.16423254358307e-16,-3.61739751014864e-17,7.91447810656115e-17,-2.69415783475495e-17,-1.75544642286847e-08,-6.08564108907075e-08,5.98181701936528e-18,4.54782330382993e-17,-1.57813137414491e-16,8.54834975036086e-08,7.67531503882846e-10,-4.21612478210262e-08,-9.40293998698747e-17,-4.95290657445691e-16,3.56350149041673e-16,-1.79437749323015e-06,5.48935413676218e-08,-1.01575856501348e-16,9.60212996584244e-09,-2.50883594356942e-07,5.98861710424301e-17,1.1759324228518e-16,-1.91619351404248e-06,-1.77058347647072e-09,-9.47448519096459e-07,8.03621139971618e-17,9.59530791726817e-08,4.01902381057849e-05,4.30133769792634e-05,-1.50301825273638e-06,-3.64950683584694e-07,5.93261084351889e-09,3.4180246500266e-17,-9.03006841691176e-17,-1.53313311537503e-16,1.11908503166293e-07,-1.01311693597312e-07,-4.22427258867557e-07,-2.98654210975356e-08,2.14048009455101e-16,-9.98382501187168e-17,-1.06507844624116e-16,1.47041874300011e-16,-1.75773318597912e-16,1.41822905464128e-07,2.7551786278604e-17,3.5442767327625e-17,-2.53606444427708e-07,-1.07994405534882e-16,-2.2699613940036e-07,7.20000738340553e-17,-2.81372450516051e-07,-4.29435885818057e-17,-3.39593893269091e-07,-4.24666748075556e-08,-3.49723758291882e-07,9.84113975565947e-17,1.35985750976567e-06,5.49458195831549e-17,0.000140732677586099,-3.04166878337658e-07,1.68300040036534e-09,2.1388297527232e-16,2.71065089770621e-06,2.17250158915189e-17,-4.85545467208709e-05,-3.38397167441001e-07,5.36646075768764e-17,-1.15625831999404e-16,6.59066053147791e-17,-5.01178702332517e-17,-1.2559365397942e-08,-1.63457880627222e-07,-3.6475702410813e-08,7.74841617239034e-17,1.60456952203166e-17,-3.47753782124821e-08,2.83631992745908e-07,-9.59358013416031e-17,3.35793106056308e-17,-1.6505243547181e-07,-2.37182889926661e-17,-1.16872602254109e-06,1.63788197831864e-16,9.96331869218733e-07,-6.94246060754106e-16,1.68433780866223e-16,1.05944162573115e-17,6.37200146628666e-17,-4.25626854651036e-17,9.34971404241309e-17,1.9068356149527e-08,-1.333525620542e-07,-5.25024946420449e-17,-8.86385155196391e-08,9.52133502439879e-05,8.1139967060974e-17,-2.7344555903804e-16,3.5358938376443e-16,-2.27645102174775e-16,3.63979136432182e-07,5.81822031759574e-08,1.09132868927333e-16,2.2379713138689e-16,-1.69555211213394e-05,-2.13034755316836e-07,-3.22654162574491e-09,-2.21934919210557e-17,1.23834694202768e-17,-3.67800199299484e-17,-2.21564438453668e-17,1.10298606789339e-16,4.38131060606309e-16,1.38360381412662e-06,-1.30799458854492e-06,-2.51382404377933e-07,-2.76364877127831e-18,1.47659340272209e-16,1.59075187463431e-16,-1.51597502825271e-17,-1.3220577115179e-16,-9.11883450388884e-17,3.2693022245221e-16,8.58328937999305e-17,-9.38873930721993e-17,-9.86462689764633e-18,1.09981572494604e-16,-7.85366389601763e-17,8.18888752399856e-17,5.26524205908829e-17,1.23875353181864e-08,1.6237821415021e-17,2.4239808994409e-16,7.95872183989176e-17,1.75146540663489e-07,-2.32707456594427e-08,-9.39423410771589e-17,-4.51832719857021e-09,1.59767419813661e-07,-9.06709068332775e-18,1.21544733366096e-15,-3.0752914979097e-07,-1.39519450615755e-16,3.91826210942332e-09,-5.84787071424897e-17,4.27613536967654e-17,2.74647075713061e-17,-1.58030347010971e-16,4.21379535367021e-08,-5.24576440335195e-07,-1.05842048635633e-16,5.94664247658911e-17,-5.56743898354151e-17,2.10223599624077e-17,-7.02563007770607e-17,-6.44505137412419e-17,-3.01917709146862e-17,1.26769436389022e-17,6.23744451824586e-09,5.96362118841146e-17,-4.79102543581984e-18,-1.51894275936095e-17,4.53889079524223e-17,-2.25428222364113e-17,1.05738154926613e-17,-2.16592897200417e-06,-6.33577715179509e-18,-9.7579603738817e-17,9.14552855413611e-08,2.30697440468988e-16,-1.16030768185034e-16,-2.20626154917337e-17,2.08379112044842e-16,7.58407723644205e-08,-2.9742837775661e-17,-6.16133688151735e-07,-3.22521347975706e-17,6.60209523811322e-17,-5.59772129525021e-16,9.31455662315952e-16,-4.25047710881561e-17,-1.84858480971412e-16,2.22157928752173e-08,-1.38204119296759e-16,1.18044361317658e-16,1.1368420513105e-08,-2.76856309865233e-06,2.74998130617988e-17,3.10036872961552e-06,2.83510460290142e-07,8.5593657104081e-17,4.74470876773444e-17,1.30387347756882e-16,1.21367771700454e-17,-7.48799380929329e-17,-4.73145012583757e-07,-3.04419301699778e-16,-5.73798381824091e-17,8.72912023167243e-17,1.89110182596082e-07,2.90517607433938e-16,2.37956809846731e-18,3.92013931145307e-17,9.5151379624892e-18,-8.59721554920413e-08,1.22887392732704e-16,2.34813663355596e-09,-3.20359108470368e-17,-1.27399609562614e-16,1.92775045620835e-16,2.08139078897536e-17,1.19628086423019e-16,-3.18196977216273e-17,-1.89489376575393e-16,-4.06000499522514e-08,7.05019973146669e-17,2.43471312289081e-16,1.70541613898686e-08,-2.65058967087622e-16,1.16306812167944e-16,-1.89173300957628e-16,-9.14769903062905e-18,9.17326047842623e-17,2.18451656544381e-16,-1.23302999420642e-07,-5.7278065638591e-17,-1.19702194721587e-17,3.66725714160231e-08,-4.6628768961338e-17,2.42365602744059e-16,1.00936478193244e-16,-5.17050592568449e-17,-1.22335530324288e-16,5.03150702084055e-17,-1.05326500967336e-17,3.50265490295014e-18,-7.1867881342133e-17,-1.69971203924723e-17,-3.05042480870753e-17,-1.91565813164026e-08,6.34914363210864e-08,9.845005504055e-17,4.68728221971751e-17,3.89963619672295e-17,-2.86457974794662e-17,1.03541307472366e-16,1.94350912632701e-17,-1.19718890153977e-16,1.9441060922911e-16,-1.52493197717494e-06,3.07760177573298e-17,-6.86513024434781e-18,-3.46037369555278e-17,-1.70310855381023e-17,7.01067234909533e-09,-9.03171712909239e-17,-1.10895461843977e-09,1.15892597706833e-17,1.00728180146281e-16,1.58162337512116e-16,-1.27072672146568e-17,3.90104314183982e-17,1.01661382198519e-16,2.44076952197349e-16,-8.99797796816597e-17,-1.54445606431397e-17,-4.4137946279528e-17,4.17321264975398e-17,1.12321611266122e-17,2.31835680879109e-16,6.34511621428646e-17,-5.52767960936354e-17,1.25870616024392e-16,-1.36012047423964e-17,3.1959378840702e-17,-3.86817624002008e-17,-9.23770484402095e-17,1.73255507163184e-16,-3.1843140136548e-17,6.28128168865841e-17,-9.92086717455638e-17,-8.42268386640282e-17,5.749162313805e-09,1.09364414346248e-16,-3.76701476065675e-17,1.15068541497603e-17,-1.09814934466508e-16,1.77672041397691e-16,-3.09834654457118e-17,-1.96418796383711e-16,-1.13384069701643e-16,3.60542357318757e-17,1.71011351936135e-17,3.49113099540332e-17,-2.73353401534993e-17,-5.17928733177524e-17,1.04473311189987e-16,-5.20434541012074e-17,-1.35184317179564e-16,-1.20427771531206e-16,-7.35554715587761e-08,1.42342943266487e-17,-4.34426777632885e-17,1.39538743968435e-17,1.73632242362394e-16,7.1455499411258e-17,-8.99677001747121e-17,5.27080473540215e-17,1.0955170257158e-16,5.19919402020522e-18,2.47670079309971e-08,2.49781281506268e-16,-7.29216194597939e-17,5.58465234019435e-17,7.69529383904266e-17,4.57861640366023e-17,-5.46786403992186e-17,5.21355022387671e-18,-3.81095876812162e-17,4.14789196479962e-17,-5.06801085019613e-17,-1.11253741295147e-16,-9.88738906947945e-17,-4.54284803772135e-18,7.76998683340667e-08,5.12743575592123e-17,-7.58312524692656e-17,-9.57040053608361e-17,-4.24790411179821e-16,-2.12469610258642e-08,1.10713229437536e-16,-3.63383814397461e-17,1.01356467437262e-16,-4.42543371807689e-17,4.51572363399893e-17,-4.15902439975842e-17,-1.97051745456534e-16,-2.96874221531371e-16,-6.61315439656527e-17,-5.2237097642633e-18,3.60251425102035e-17,2.55496647118595e-16,-5.80781298832143e-17,-1.21848535292351e-17,-1.57610221591313e-16,-2.79098809825081e-17,-2.38870618293788e-16
"t387",0.0260576655713982,-0.002393338571321,-0.00211369667396216,-0.00032930467452096,-0.0108508572787422,0.0915497322593403,0.015585003169098,9.91175278418403e-05,0.0231519013242666,-0.0172163512987176,-0.00303403331668329,0.00208033058508758,-0.00394380749811653,-0.000814429758364822,-0.0205041214431956,0.000436516959871215,0.000303295901662862,-6.207391574801e-05,0.00230537984362879,0.000334997286824981,-6.97775558102554e-05,4.52668545618003e-06,0.000511803459931497,-0.000104360895525042,2.11962589967713e-05,-0.0852961853100671,-0.00576970563550845,0.000368042854380673,-0.00158137566280124,0.00228743406790026,5.32343096315459e-05,-0.00174278402662192,-6.63650725530223e-05,0.000413813509823918,-2.06465201486423e-05,2.02600472773416e-05,5.02375101065854e-06,-0.000359673503206257,-8.4137282813938e-05,-2.67101461833214e-05,-0.000115169223807442,0.000264718074543323,-1.44073425097412e-05,0.000247874103411693,-6.40026911493119e-05,2.25707749220423e-05,-4.88198812052429e-06,7.78104744500355e-05,-0.00131087386519896,0.00317555581085884,-0.000259251698811427,0.000289690154897402,-5.69962741930327e-06,0.000158365505754174,-0.00655680307429145,0.353901321079887,0.000207385776374563,-0.00125464055984411,0.00456581330137721,-2.97462899240834e-05,-2.35243343049967e-05,0.000306741740079149,-0.000658482695843572,0.000486623277921656,-0.000385799397519759,9.50083351044889e-05,-7.71623498426732e-05,0.0849350799256204,0.000424521308026639,0.00894975956744383,-6.6629131612817e-06,1.96497890824386e-05,-0.00509652586950688,-4.30806438648437e-05,1.81272709645528e-05,1.68448003031099e-06,-0.000157725107774447,2.33480612903386e-05,-0.000972978675382671,-0.0119169091128507,5.25572148108437e-05,0.0048776185266119,-0.000369075645804563,-0.000151717536449197,0.000125073608187708,0.000344359889491803,-5.28172076689101e-05,-9.37155128979135e-05,-1.85188357461763e-06,7.09349710536636e-05,-0.000175393183946868,5.71526406429289e-07,0.0142978828173312,-0.000255840446349823,-1.59615103241336e-05,-7.18094816669973e-05,-8.44726747454811e-06,4.71706162725539e-05,-0.000535161647765991,-0.00164996862642241,-0.0108005970079137,2.32563984090786e-06,-0.00574676583653091,0.000812242298694271,-0.00049349331009479,0.000146585533725762,-0.230980027833142,-0.000674806034955047,0.0120069590849383,-1.68451709255677e-05,-0.000467056276324255,-0.000455677392572854,0.000132911550824423,-5.73869027280976e-05,1.59309864607798e-05,-4.55663262663339e-05,0.00066634843368177,-0.000582206993722441,0.00323981060822579,-0.000155654112990637,8.5109545055021e-05,-0.000178080536850418,0.00456587780435887,0.0186473410343677,6.15784695917072e-05,2.99802236545991e-05,-3.70464179859495e-06,7.50715971054919e-05,-0.000157893578974294,-0.00549102759871232,-4.04203113913059e-05,-0.000545577087273537,-1.32199797033375e-05,0.00013931193716004,4.62575647664e-07,9.90807483766703e-05,-1.71060146931453e-05,-8.7824857951892e-06,-9.99289520811583e-05,0.000408181380806521,-1.41375861150881e-05,-2.29834162825457e-07,-0.00181823221448499,0.0273179836520627,-4.47742995685309e-05,-2.99156701906743e-07,-2.07346763761886e-07,1.02454681252947e-07,3.00469055482731e-09,3.02565877437312e-05,6.73228932128976e-10,1.25888468213655e-08,2.14240138154887e-09,-7.85464913414552e-08,-1.17705030073501e-08,-2.07456950209557e-08,3.59208972190903e-07,-8.89524154515207e-07,-5.11349603181238e-07,-1.72395999623175e-07,-9.21889398421667e-07,1.36826272276551e-07,-1.03172617021012e-06,-1.52825189746635e-06,1.08165931949958e-06,-7.70771797335144e-07,1.31907627570191e-05,2.26160145591577e-07,1.12526669498835e-05,1.13961544088969e-06,-1.97186119942163e-06,-3.47465897241931e-07,4.14083848355837e-08,1.3837280637757e-06,2.67943677815743e-07,0.000132739377700257,2.32698830227064e-08,-8.97306024202736e-07,-8.34100977537799e-06,-4.06456921542829e-06,1.61370920891759e-05,4.189011807009e-06,-8.58659328209548e-07,-3.34385367407034e-09,-9.87598497762105e-08,-2.58292464186234e-08,-4.4010331625886e-05,1.03187750104248e-05,4.62704204944085e-05,-4.38775503599435e-06,-1.32501279376512e-06,2.66430291642554e-06,0.000487739389803339,1.27889996724346e-09,1.28338215480907e-07,-2.33614649856092e-06,-4.32463653292182e-06,-2.53157975186723e-07,2.60132746997248e-06,1.11605269458773e-06,1.11183916108657e-06,1.57690147238377e-05,-3.17639796640294e-08,-4.83714427187804e-07,-8.29363890938307e-06,-3.49686371965608e-06,5.35455690923659e-06,2.41964337603477e-06,-3.98633359465676e-05,-2.31725083682606e-08,-0.000161400086444285,2.30167819792575e-06,-1.06331752143295e-05,-1.74887598444138e-05,-1.00779281938002e-07,-7.23163133738576e-07,1.92040077697932e-07,1.21256974844363e-07,-2.74158742325918e-06,-0.000478728205635512,-5.4680379087903e-06,7.05157753304763e-06,1.57367989685275e-06,6.84046339661823e-06,-0.00155569448213477,-6.68669031459234e-07,-9.67054146346137e-05,-4.79770924847901e-07,-9.74653241777488e-06,-7.92426176214089e-06,1.97933112418261e-06,4.14801331913061e-07,3.04841826479213e-06,0.000495561419218042,-2.44471917224723e-07,-5.00908183992614e-08,-0.000701566455863292,7.87065000923039e-17,-1.70577397703948e-07,2.47383286658713e-06,-5.2724747044313e-07,-1.41616292740726e-06,-0.000623801619110245,-8.60701352191654e-08,-5.44993580229887e-06,1.46167642441466e-06,-2.77106297099309e-07,1.81823016121811e-08,-3.60842818779766e-07,4.17059684262133e-05,-1.08683639665132e-07,1.15887568798075e-05,-8.74125494042824e-06,3.93361358648438e-08,-2.56955474720088e-09,1.22108115406412e-07,-1.14366750273511e-07,1.79922286941667e-06,4.51297026155289e-06,-8.57454126235558e-07,1.6711352245116e-06,-3.10206103904717e-06,3.53845069811158e-05,-2.1282343786962e-06,2.20080875525017e-06,-7.45423301928238e-07,1.41572883820297e-08,5.81964741520589e-05,-9.3705488646155e-07,8.92972469006764e-07,2.92540768677801e-08,-7.67298425070138e-07,7.72599115846009e-07,-9.44882856540813e-07,1.5021589496868e-06,-2.91952733781895e-06,2.31535961444104e-06,-1.74927459624188e-07,0.000940505594318332,-7.43064582360081e-08,4.51578335153284e-06,5.08712980143879e-16,-1.32127117108877e-05,-4.56193395918592e-07,-5.2055335956848e-11,-4.64906155971716e-07,2.23830054192433e-05,-7.06815594861165e-07,-1.22398802660578e-07,1.45990079614467e-08,-6.74139186063601e-07,4.0077890960029e-05,8.96145985424078e-07,-7.03868638321237e-08,1.0525589731618e-05,-1.27537951580699e-05,3.53112251893284e-06,-6.44617035537868e-06,9.28605330775172e-07,3.7987828884401e-07,2.50423371819092e-08,1.635523719883e-05,-9.82396556033422e-06,4.51439747586189e-08,-0.00117011850494743,1.45940112813241e-06,-5.41475924081715e-06,0.000127306737347177,3.82343497734671e-06,1.9478476324945e-06,-6.23100435850552e-07,-0.000364335185121618,4.22018826839306e-07,-1.99526665497275e-06,5.71180793079299e-07,5.4150098570674e-06,-1.09891682334994e-05,2.87986053173804e-16,5.76663960303126e-08,3.44644880413179e-06,-4.06623892932863e-07,2.39500626061603e-05,2.69284420206283e-07,6.8850182566438e-06,1.94820105244544e-05,-3.54039309509223e-05,0.0610401704244572,-2.06789585592763e-15,2.95530236526159e-05,1.97727034130394e-08,5.77596098724856e-07,-2.30163059734136e-07,-4.49988926156701e-05,4.4403658652894e-08,-6.36862289645999e-07,5.05863172512155e-07,-4.54385889946932e-07,9.65536405160681e-06,-1.53275481312437e-07,-4.52945338095007e-06,-2.21395558369212e-08,-3.40760691614882e-09,-5.18894840508093e-06,2.9032120922037e-07,-6.22556203611586e-06,-4.94088149247833e-16,-2.25832501268993e-06,1.92176539825064e-07,5.54296420082014e-09,6.36751373192194e-08,-2.46370682767018e-05,-0.000132517022865774,1.18642611066947e-05,-5.42031463084797e-05,-0.537856336942898,-9.15441139009873e-14,4.61441333626046e-05,1.15509383991816e-06,1.98953471999023e-05,-1.70963462566608e-13,-3.72469642947507e-05,-2.66077452252401e-06,3.88435543151145e-07,1.49641102041979e-05,4.32440769680328e-06,2.09011468300845e-06,6.16588600833039e-06,-1.59236993982523e-06,-1.10168257349436e-06,-5.37468188422885e-08,-2.42354984389571e-06,-3.05704290269084e-07,-2.05316092018476e-16,8.48811529009571e-08,-8.16656598176542e-05,-1.08163727625814e-06,1.33198950087796e-06,-3.22359230058715e-15,7.14265403162678e-08,-6.95037440730413e-09,1.29276139066277e-07,6.17894087165337e-09,1.69081714911595e-07,-5.7136799850321e-09,-1.1168957766001e-07,7.1566204806521e-07,-1.35928179540128e-16,3.82328925180252e-06,-6.59259715652869e-08,1.94202255202723e-07,5.3704819442555e-06,-4.44006771029167e-08,-3.73259561749189e-09,-1.12757025938492e-15,-1.27784955013693e-17,-3.88717750268769e-09,-4.6529426605223e-08,6.17551733944693e-09,-7.34766410927751e-07,4.06490523107363e-15,-3.78560854866353e-07,-4.61211322990812e-09,-3.92337577023355e-16,-5.1494349760891e-17,-1.49864459509294e-16,1.06225755720143e-06,2.81522238292868e-07,-3.18149353572748e-07,3.12227682456805e-06,0.000112670424033444,2.60610645084964e-07,-1.13466023742318e-07,-1.58081710730825e-16,-2.59722032325987e-08,7.38781651071331e-08,-6.40092321453771e-16,-3.8501791122163e-16,-4.84128442410497e-08,-2.95040846420308e-10,-2.92243347447572e-08,1.79345256907251e-06,2.94253091677622e-08,-1.23811016000924e-07,8.59674550976965e-17,-3.26328903770584e-05,-2.44980705704607e-16,-1.42653230816049e-06,-7.25602303935924e-17,-3.34536937814323e-08,2.70850976735767e-17,1.38346400711023e-07,3.64825898124931e-08,1.75293178881317e-07,6.14470950046063e-05,9.54361576087298e-08,-1.14716468469214e-08,7.33433086627184e-08,2.59434982792822e-08,1.40138490227087e-06,1.29531296796849e-07,2.62157975965701e-08,-7.43116950926805e-08,-1.4324912045646e-06,-1.16698182622647e-07,-3.59530809163118e-08,-6.21972611767878e-17,3.38666691386072e-07,-5.87224443953147e-08,3.09029137838193e-08,-4.06056745684729e-17,6.09312070719597e-08,0.000127361504714566,5.16736976213777e-07,-6.6585343246372e-17,-1.26272170796531e-07,-7.59088970145747e-07,-4.65271961624688e-17,-9.01162942264175e-08,2.04084254514289e-07,-1.36234591729838e-16,-1.31966809420825e-16,-7.52730818615662e-09,-4.50897203064585e-07,-2.57487302358294e-09,-3.58230427035668e-06,2.55752268870137e-05,2.49309355139287e-08,2.69863711015924e-07,2.2604967964761e-07,-9.14726999035189e-06,7.34059080881311e-16,1.04771834136938e-09,8.06519904816135e-09,2.22923997754631e-08,2.08934109247862e-06,9.78705182853351e-17,3.08092838098785e-17,6.88469484993976e-07,2.66304475603438e-16,3.01975515174761e-16,2.95523400678562e-07,-4.35470422185579e-07,-8.15320526254439e-08,-4.84737898682302e-08,2.09550178923413e-06,5.47452522572365e-07,1.69693129914805e-07,1.05071521258932e-17,3.93014070454078e-07,1.83753152293503e-08,8.43498943775895e-08,-7.62922628261024e-08,3.02368637499249e-07,-1.02614620792265e-16,-8.69474045743596e-17,6.22008772009152e-16,-2.96343257110398e-07,-1.29330091510369e-08,-2.19911308941322e-05,-5.49329715957149e-16,-9.81642805649085e-09,2.68164206711452e-17,-3.78196193648487e-17,1.64017608126459e-06,-3.0816153509381e-05,2.99781900692242e-16,-9.77672669722615e-07,-4.53479336895106e-08,3.11646686864305e-17,1.02799556702986e-07,8.17603246922006e-15,4.05484889114817e-07,-5.71913973701236e-16,4.04549494021852e-07,3.1492966732181e-07,1.14036128125056e-08,1.19445479057624e-07,8.20565291601762e-07,-3.69607254804773e-08,2.99960183115579e-05,9.58325098514334e-17,6.75270383163567e-07,-3.81347147352254e-08,1.06260894218964e-16,-5.02753784177273e-09,-1.02581238181657e-07,2.38594530483477e-08,3.15416560078912e-16,7.68087000425667e-08,1.01673144452626e-07,-2.59759815255825e-16,-4.53622294944072e-06,-6.23904029773597e-07,-2.9301247197103e-09,-2.68221642946208e-16,-2.16097733834536e-17,5.25871543768381e-08,1.79125551123909e-07,1.4496456558983e-08,-2.11309405067694e-08,1.0695102867875e-07,8.83835820240831e-16,-7.23687225690883e-16,3.90720400390484e-07,2.69344300237161e-09,5.69963259530711e-17,9.45415873548724e-07,7.44805024609569e-17,4.41247122862836e-08,-1.81389557656569e-07,-1.05995054362222e-07,-7.02991865745141e-07,-1.05152734580195e-16,2.77641050672097e-16,-4.9974639193232e-16,2.16183509811813e-16,-5.11103615127105e-09,-1.77342644543043e-08,3.4737358146412e-16,-9.73829342626885e-17,-7.97890138748199e-17,2.49906591634398e-08,2.24693441373946e-10,-1.23887449319713e-08,3.10067985480932e-16,6.28430684226911e-17,2.85145171363688e-17,-5.33886949320888e-07,1.63395907470516e-08,-8.19885506429861e-17,2.87189248518174e-09,-7.51808333351755e-08,-3.83374929161849e-17,9.20044015209218e-16,-5.76807696988463e-07,-5.3316716873479e-10,-2.86052597852075e-07,-7.27642529507612e-16,2.90969552840355e-08,1.22165752065878e-05,1.3118232297321e-05,-4.60461658908927e-07,-1.11940204231468e-07,1.82378571945128e-09,6.35019581554099e-16,1.4971513659679e-15,-6.08463896405284e-16,3.48400595324585e-08,-3.15470371505643e-08,-1.31747215948327e-07,-9.38897172441829e-09,-7.19227146140082e-16,-1.76120777693124e-16,-1.45214365095244e-15,6.05876360619557e-16,2.98190624789139e-16,4.49540687350432e-08,1.65146866152014e-18,1.76989684567988e-16,-8.06434845026755e-08,-2.61611201623837e-16,-7.21940208986412e-08,1.79852262925447e-16,-8.95134859877004e-08,-6.78308194377085e-16,-1.08631124648904e-07,-1.36021612929669e-08,-1.12239706002553e-07,2.14023075826059e-16,4.3749384040517e-07,7.58736216321953e-16,4.55172646970296e-05,-9.90520373020049e-08,5.48232361818638e-10,4.52491821798473e-16,8.85412193130114e-07,2.55122531040243e-15,-1.59285897374918e-05,-1.11036513669507e-07,-7.41065117195892e-17,3.00524606483299e-15,-5.35951372007815e-15,8.3207545358945e-16,-4.13565509930971e-09,-5.38749419681934e-08,-1.20352239817168e-08,5.36389396250527e-15,-8.88465959389485e-16,-1.15333828622053e-08,9.40890023781293e-08,-1.9702034599328e-15,8.98389925841861e-15,-5.51013155649884e-08,-1.41358362454798e-14,-3.90694365126202e-07,2.75250047484682e-15,3.3435916163296e-07,0.707106781186548,-7.28434039539993e-15,-9.41714351548565e-15,-2.60520387876168e-15,-4.04107102060366e-15,-1.09484155483556e-15,6.44920708380825e-09,-4.51065208942443e-08,-4.01476563247391e-15,-3.00628514034444e-08,3.23290620790647e-05,-5.44827433612165e-16,3.38911475314973e-15,2.48241684450516e-15,4.09802428024035e-15,1.24182716403202e-07,1.98728270929407e-08,3.83243027852135e-15,4.62798248336857e-15,-5.79855361457224e-06,-7.28666942098528e-08,-1.10421209012043e-09,1.06327813351709e-15,-1.36860724099703e-15,3.70409874663716e-16,1.97786924551243e-15,9.88820537938934e-16,2.74787872450323e-15,4.77677313194607e-07,-4.5194131960009e-07,-8.69283226133965e-08,-1.24040140517686e-15,-1.86869307790503e-15,4.67463844540831e-16,-2.24247806324681e-16,-4.81826272032119e-17,7.75018804811323e-16,-2.22338369839034e-16,1.04667620725948e-16,-4.55200515657632e-16,6.68179348894632e-17,-5.96490726978027e-18,-1.13737534587552e-15,-3.10251371876792e-16,1.65401691499918e-16,4.34152226740771e-09,9.9164764933175e-16,-1.51398175684505e-15,1.71580172428277e-16,6.14925048778657e-08,-8.17347572077647e-09,-7.75954079331022e-17,-1.58738954549972e-09,5.62506843917302e-08,1.55327311116931e-15,1.14281300633501e-15,-1.08563633439447e-07,5.68713434567363e-16,1.38772292165787e-09,5.20940186112128e-16,-2.04975424662919e-17,4.63649215117949e-17,1.26605970275628e-15,1.49999849889592e-08,-1.8679930548943e-07,-3.81857674911496e-16,-1.46101838525144e-15,5.70813921858516e-16,4.96536347893329e-16,-2.96095613305791e-16,7.84899875966453e-16,-4.11924563819454e-16,3.37366369972486e-16,2.26026620910746e-09,-8.24125583449577e-16,-3.32789873264506e-17,1.13895359747821e-16,-6.76263648655778e-16,2.98769265745641e-16,1.29081036712871e-15,-7.87779233443248e-07,1.47558109567391e-16,-6.79671933471443e-16,3.32861945558844e-08,1.73427432049234e-17,5.27008104087179e-16,-2.43193426036533e-16,-2.56917670615111e-16,2.78226801188066e-08,-6.04566883666482e-16,-2.26351447472431e-07,8.26179518309849e-16,3.93819766077036e-18,1.64024211145899e-15,-1.72494659818312e-15,-8.65022371815859e-17,2.31869628859309e-16,8.18493299201567e-09,2.08951345720094e-17,-5.8996336800957e-17,4.19764071243483e-09,-1.02236857182657e-06,-4.45349877653938e-17,1.14705344082952e-06,1.04953106124095e-07,-3.9086814415355e-16,-6.67231257469263e-16,1.28980174827284e-16,-2.47486765747475e-17,-4.7590166228499e-17,-1.76677247006362e-07,1.2110323455144e-15,7.44315695282864e-16,-9.89704596632983e-17,7.07720991010853e-08,-3.97984700315078e-16,7.8939833725302e-17,1.9012249298126e-16,-3.82522833843945e-16,-3.22679228072116e-08,-9.41957131339961e-18,8.82117386377962e-10,-3.46696240250495e-16,1.29261539623644e-16,4.81628764550718e-16,5.95084688917728e-16,-3.3872614103395e-16,1.07437948230837e-16,1.43505522992244e-16,-1.53244466497892e-08,1.16181011278734e-16,2.36907928030225e-16,6.44460474299011e-09,2.95678562898024e-16,8.43767252122438e-17,-1.61742536298561e-16,2.76670413960542e-16,-1.45823608727694e-17,1.43686526849719e-16,-4.67658505511035e-08,-1.5577104526383e-16,5.85903805041239e-17,1.39317537644388e-08,-2.60777264667861e-16,-1.85717420502173e-16,-2.74609229742982e-16,8.88710241714489e-19,1.7028460292583e-16,-1.91101819739032e-16,-5.46903535918071e-17,-1.750634718083e-17,-1.18933644555934e-16,4.37379851007283e-17,1.83349007178e-16,-7.32127028771613e-09,2.42825824215001e-08,2.54410949991603e-16,1.40780449564086e-16,-1.79943650537312e-17,2.38460111468525e-16,8.99887803162969e-17,-3.4606542466614e-16,1.93863990940426e-16,3.93691378905476e-16,-5.85396304319739e-07,4.67316993629621e-17,-4.31131880916352e-16,1.90033945859511e-16,8.69243440857872e-18,2.6997818106028e-09,-3.50966619771338e-16,-4.28567082655608e-10,2.1998477015428e-16,-5.37531336968296e-16,-2.60040595278049e-16,-2.21889068440765e-16,-3.24752286209945e-16,2.28956291989634e-16,-2.42163465506901e-16,2.53706709046839e-16,-3.01539869379054e-17,-4.5490772462877e-17,-1.09716186027439e-16,6.3720042820223e-17,-1.1549834189435e-16,5.25306893669127e-17,-9.72441084366131e-17,1.11925536079125e-16,-5.04233023991648e-17,1.27797818727363e-16,2.7747132673892e-16,1.34266932240027e-16,-8.16404235881585e-17,-2.90076075902019e-16,2.48750551044888e-16,-1.61386181852321e-17,1.33671219593565e-16,2.25060506807029e-09,1.17154722976334e-16,1.1189265800064e-16,2.63003910121961e-17,-4.9865412736692e-17,7.04097447648201e-17,5.40057956540238e-17,-2.14233644813164e-16,9.01426231555121e-17,1.25034658011368e-16,1.29170106101882e-17,-1.42247325030098e-16,1.04636824917491e-17,1.44932659297752e-16,-1.56667350242481e-16,-1.98366444957861e-16,-1.46554265135352e-16,9.77794275192102e-17,-2.90415205954641e-08,-7.77082109365716e-17,2.34864538714701e-16,-2.27771072966333e-17,3.39779713558539e-16,-1.72373686888989e-16,-1.79052078067258e-17,-3.02882574807037e-16,-2.65303343854227e-16,-5.35288582243513e-17,9.86386530808457e-09,2.98336131003292e-16,-1.01101554730007e-16,7.50012727948335e-17,-1.78376502668513e-16,-2.43925536838546e-16,1.07555270850416e-16,2.64600120120205e-17,1.14122038512886e-16,-1.03108705411205e-16,-2.43879651262911e-16,2.20330797175176e-16,-3.33300381637103e-18,-1.12829241066188e-16,3.12120330735526e-08,7.81969752318123e-17,-3.0910651051294e-17,-4.12836714000529e-17,-5.11960265847655e-16,-8.5687193296888e-09,-1.91411123095542e-16,1.86875551979764e-16,3.89951329052952e-17,4.31163936613833e-17,-3.74353496489751e-17,-3.74323552672439e-17,8.85525420551487e-17,7.75979855279096e-17,3.3523609138467e-17,-6.06991428957586e-18,-6.0091715643027e-18,8.30208228837723e-16,-6.14042157071748e-17,-3.7123080772987e-17,4.64419512564508e-17,1.61977583185926e-16,-1.20231622454525e-16
"t388",0.0260576655713982,-0.002393338571321,-0.00211369667396216,-0.00032930467452096,-0.0108508572787422,0.0915497322593403,0.015585003169098,9.91175278418416e-05,0.0231519013242666,-0.0172163512987176,-0.00303403331668329,0.00208033058508758,-0.00394380749811653,-0.000814429758364823,-0.0205041214431956,0.000436516959871214,0.000303295901662866,-6.20739157480121e-05,0.0023053798436288,0.000334997286824981,-6.97775558102682e-05,4.52668545617595e-06,0.000511803459931491,-0.000104360895525051,2.11962589967642e-05,-0.085296185310067,-0.00576970563550843,0.000368042854380659,-0.00158137566280125,0.00228743406790027,5.32343096315483e-05,-0.00174278402662191,-6.63650725530333e-05,0.000413813509823924,-2.06465201486255e-05,2.02600472774706e-05,5.0237510106603e-06,-0.000359673503206228,-8.4137282813849e-05,-2.67101461833546e-05,-0.000115169223807472,0.000264718074543258,-1.44073425097973e-05,0.000247874103411652,-6.40026911493078e-05,2.25707749219145e-05,-4.88198812046956e-06,7.78104744500403e-05,-0.00131087386519903,0.00317555581085891,-0.000259251698811392,0.000289690154897374,-5.69962741936076e-06,0.000158365505754165,-0.00655680307429147,0.353901321079887,0.000207385776374577,-0.00125464055984413,0.00456581330137722,-2.97462899240828e-05,-2.35243343049706e-05,0.000306741740079169,-0.000658482695843569,0.000486623277921619,-0.000385799397519765,9.50083351044664e-05,-7.71623498427139e-05,0.0849350799256205,0.000424521308026677,0.00894975956744384,-6.66291316128835e-06,1.96497890825327e-05,-0.00509652586950686,-4.30806438647926e-05,1.81272709646268e-05,1.68448003032495e-06,-0.000157725107774434,2.33480612903633e-05,-0.000972978675382672,-0.0119169091128508,5.25572148108752e-05,0.00487761852661198,-0.000369075645804592,-0.000151717536449227,0.000125073608187716,0.000344359889491842,-5.28172076688832e-05,-9.37155128978941e-05,-1.85188357457914e-06,7.09349710536593e-05,-0.000175393183946871,5.71526406573271e-07,0.0142978828173313,-0.000255840446349778,-1.59615103241354e-05,-7.18094816671257e-05,-8.44726747458269e-06,4.7170616272505e-05,-0.000535161647765984,-0.00164996862642246,-0.0108005970079137,2.32563984093223e-06,-0.00574676583653089,0.000812242298694284,-0.000493493310094812,0.000146585533725782,-0.230980027833142,-0.000674806034954947,0.0120069590849383,-1.68451709255475e-05,-0.00046705627632427,-0.000455677392572803,0.000132911550824436,-5.73869027281243e-05,1.59309864607856e-05,-4.55663262663343e-05,0.000666348433681773,-0.00058220699372247,0.0032398106082258,-0.000155654112990642,8.51095450550176e-05,-0.000178080536850473,0.00456587780435889,0.0186473410343677,6.15784695917162e-05,2.9980223654569e-05,-3.70464179849303e-06,7.50715971054827e-05,-0.000157893578974262,-0.00549102759871246,-4.04203113912911e-05,-0.000545577087273604,-1.32199797032721e-05,0.000139311937160049,4.62575647656674e-07,9.90807483766985e-05,-1.71060146931659e-05,-8.78248579507611e-06,-9.99289520811633e-05,0.000408181380806545,-1.41375861150922e-05,-2.29834162901086e-07,-0.00181823221448497,0.0273179836520624,-4.4774299568736e-05,-2.9915670189279e-07,-2.0734676376445e-07,1.02454681243856e-07,3.00469053631601e-09,3.02565877437016e-05,6.73229006125774e-10,1.25888468513637e-08,2.1424014972307e-09,-7.85464913355557e-08,-1.1770503019817e-08,-2.07456950309162e-08,3.59208972191288e-07,-8.89524154527798e-07,-5.11349603152056e-07,-1.72395999615716e-07,-9.21889398485695e-07,1.36826272286663e-07,-1.03172617021192e-06,-1.52825189747925e-06,1.08165931951575e-06,-7.70771797293668e-07,1.31907627570426e-05,2.26160145566148e-07,1.12526669499022e-05,1.13961544091449e-06,-1.97186119934724e-06,-3.47465897232084e-07,4.14083847362348e-08,1.38372806377819e-06,2.67943677843706e-07,0.000132739377700249,2.32698830247905e-08,-8.97306024210726e-07,-8.34100977538094e-06,-4.06456921518901e-06,1.61370920891633e-05,4.18901180692759e-06,-8.58659328194869e-07,-3.34385367252867e-09,-9.8759849772563e-08,-2.58292464417901e-08,-4.40103316258535e-05,1.03187750104019e-05,4.62704204944091e-05,-4.38775503623819e-06,-1.32501279373588e-06,2.66430291641906e-06,0.000487739389803346,1.27889997134614e-09,1.28338215509337e-07,-2.33614649853044e-06,-4.3246365329322e-06,-2.53157974975866e-07,2.60132746996296e-06,1.11605269459433e-06,1.11183916108182e-06,1.57690147239226e-05,-3.17639796535815e-08,-4.83714427195646e-07,-8.29363890949868e-06,-3.49686371967491e-06,5.35455690920273e-06,2.41964337587908e-06,-3.9863335946535e-05,-2.31725083937845e-08,-0.000161400086444177,2.30167819795065e-06,-1.06331752141605e-05,-1.74887598444099e-05,-1.00779281930271e-07,-7.23163133804681e-07,1.92040077597998e-07,1.21256974847602e-07,-2.74158742323635e-06,-0.000478728205635521,-5.46803790876979e-06,7.05157753292761e-06,1.57367989681019e-06,6.84046339659188e-06,-0.00155569448213489,-6.68669031390754e-07,-9.6705414634514e-05,-4.79770924840696e-07,-9.74653241776599e-06,-7.92426176212959e-06,1.9793311240867e-06,4.14801331903728e-07,3.04841826478659e-06,0.000495561419217994,-2.4447191724665e-07,-5.00908183858394e-08,-0.00070156645586331,7.00922623626276e-17,-1.70577397678056e-07,2.47383286665999e-06,-5.27247470469605e-07,-1.41616292740833e-06,-0.000623801619110214,-8.607013538559e-08,-5.44993580229704e-06,1.46167642455355e-06,-2.77106297108582e-07,1.81823016748175e-08,-3.60842818760755e-07,4.17059684260935e-05,-1.08683639714849e-07,1.15887568797203e-05,-8.74125494045481e-06,3.93361360072792e-08,-2.56955461140455e-09,1.22108115372229e-07,-1.14366750295193e-07,1.79922286863689e-06,4.5129702615981e-06,-8.57454126153138e-07,1.67113522453316e-06,-3.10206103901389e-06,3.53845069811518e-05,-2.12823437869119e-06,2.20080875520296e-06,-7.45423302002069e-07,1.41572883730758e-08,5.81964741520921e-05,-9.37054886507643e-07,8.92972469004768e-07,2.92540768654208e-08,-7.67298425038692e-07,7.72599115839744e-07,-9.44882856365498e-07,1.50215894964481e-06,-2.91952733783289e-06,2.31535961426777e-06,-1.74927459628271e-07,0.000940505594318342,-7.4306458194716e-08,4.51578335151573e-06,4.92578303062285e-16,-1.32127117108434e-05,-4.56193395925202e-07,-5.20553387657919e-11,-4.64906155981292e-07,2.23830054192353e-05,-7.06815594822536e-07,-1.22398802355413e-07,1.45990077196368e-08,-6.74139186110693e-07,4.00778909600457e-05,8.96145985430136e-07,-7.03868638999596e-08,1.05255897314689e-05,-1.27537951581501e-05,3.53112251892384e-06,-6.44617035541665e-06,9.28605330559849e-07,3.79878288845752e-07,2.50423371888887e-08,1.63552371988337e-05,-9.82396556029482e-06,4.51439747554409e-08,-0.00117011850494742,1.45940112814123e-06,-5.41475924079756e-06,0.000127306737347173,3.82343497744102e-06,1.94784763247333e-06,-6.2310043580552e-07,-0.000364335185121757,4.22018826773253e-07,-1.99526665494111e-06,5.71180793100136e-07,5.41500985714204e-06,-1.09891682334799e-05,1.52336141491881e-16,5.76663960310653e-08,3.44644880401656e-06,-4.06623893162822e-07,2.39500626060935e-05,2.69284420273565e-07,6.88501825665392e-06,1.94820105243869e-05,-3.54039309508117e-05,0.0610401704244579,-2.10996351504681e-15,2.955302365267e-05,1.97727035572377e-08,5.77596098517724e-07,-2.30163059597753e-07,-4.49988926155937e-05,4.44036588419002e-08,-6.36862289682268e-07,5.05863172515658e-07,-4.54385889858226e-07,9.65536405163776e-06,-1.53275481564576e-07,-4.52945338091319e-06,-2.2139556267799e-08,-3.40760671164119e-09,-5.18894840527251e-06,2.90321209100221e-07,-6.22556203623705e-06,-6.20484043281658e-16,-2.25832501260585e-06,1.92176539816932e-07,5.54296386077596e-09,6.36751374332175e-08,-2.46370682767336e-05,-0.000132517022865758,1.1864261106624e-05,-5.42031463083524e-05,-0.537856336942898,-9.13847907938514e-14,4.61441333626946e-05,1.15509384003396e-06,1.9895347199703e-05,-1.71296382320092e-13,-3.72469642953433e-05,-2.66077452247836e-06,3.88435543287912e-07,1.49641102042672e-05,4.32440769680218e-06,2.0901146826547e-06,6.16588600832993e-06,-1.59236993982949e-06,-1.10168257351128e-06,-5.3746818929033e-08,-2.42354984363081e-06,-3.05704290324825e-07,-2.25159988071539e-16,8.48811528567581e-08,-8.16656598176e-05,-1.08163727629827e-06,1.33198950094775e-06,-3.32211588359652e-15,7.1426540283941e-08,-6.95037444080598e-09,1.29276139004659e-07,6.17894087660157e-09,1.69081714887932e-07,-5.71367952423528e-09,-1.11689577585306e-07,7.1566204798225e-07,-2.62852221970479e-17,3.82328925172214e-06,-6.59259714720726e-08,1.94202255026733e-07,5.37048194430131e-06,-4.44006772037265e-08,-3.73259547714794e-09,-1.42507533551495e-15,-3.37862881238265e-16,-3.88717763600107e-09,-4.65294265666728e-08,6.17551718284197e-09,-7.34766410847303e-07,4.06884903163815e-15,-3.78560854916914e-07,-4.61211332928345e-09,9.72880169666908e-17,-2.42458536203912e-16,5.21653294041741e-18,1.06225755699502e-06,2.81522238341994e-07,-3.18149353434306e-07,3.12227682477319e-06,0.000112670424033317,2.60610645460744e-07,-1.13466023407376e-07,1.90472320195929e-16,-2.59722033109211e-08,7.38781651692473e-08,-6.31309927394495e-16,-9.88177989197128e-16,-4.84128441942476e-08,-2.95040904016102e-10,-2.92243345317468e-08,1.79345256916417e-06,2.94253094476677e-08,-1.23811016005827e-07,1.4440595219473e-16,-3.26328903767945e-05,2.80644435158648e-16,-1.42653230839657e-06,-2.75929452897561e-16,-3.34536929798777e-08,2.74407665438444e-16,1.38346400742423e-07,3.64825900273497e-08,1.75293179582978e-07,6.14470950042038e-05,9.54361577374682e-08,-1.14716472057543e-08,7.33433083984956e-08,2.59434982053996e-08,1.40138490241505e-06,1.29531296630127e-07,2.62157979022308e-08,-7.43116951577977e-08,-1.43249120448358e-06,-1.16698182895389e-07,-3.59530812300743e-08,-2.35270905150258e-16,3.38666691480087e-07,-5.8722444213529e-08,3.09029142589808e-08,-9.65046247315386e-17,6.09312064558254e-08,0.000127361504714765,5.16736975811657e-07,-1.74670679311969e-16,-1.26272171023714e-07,-7.59088969614925e-07,1.62767709662742e-17,-9.01162941322735e-08,2.04084254448688e-07,3.76772426733053e-16,1.52527164390599e-16,-7.52730785730404e-09,-4.50897203468871e-07,-2.57487241611363e-09,-3.58230427031201e-06,2.55752268870608e-05,2.49309355672784e-08,2.69863710724363e-07,2.2604967910809e-07,-9.14726999068852e-06,1.83121746932802e-16,1.04771798476945e-09,8.06519913450484e-09,2.22924001262152e-08,2.08934109250166e-06,-5.08602200627362e-16,-2.51804710854687e-16,6.88469485118531e-07,-4.0513496495296e-16,-1.76632425316328e-16,2.95523400775218e-07,-4.35470422175515e-07,-8.15320526567434e-08,-4.84737894349361e-08,2.09550178894098e-06,5.47452522457343e-07,1.69693129727871e-07,-5.63047512762238e-17,3.93014070342573e-07,1.83753156646386e-08,8.43498949159893e-08,-7.62922627814774e-08,3.02368637367614e-07,5.35304986388376e-16,-6.24891624060302e-17,-8.12607486975305e-16,-2.96343256863537e-07,-1.29330088151691e-08,-2.19911308945257e-05,-1.16762125908601e-17,-9.81642802276495e-09,-1.04757516171975e-18,-7.26903971557957e-17,1.64017608076779e-06,-3.08161535090772e-05,-2.37440275774325e-16,-9.77672669763413e-07,-4.53479337249551e-08,7.21313561582215e-16,1.02799556364538e-07,7.0897784183722e-15,4.0548488878163e-07,5.87755118066809e-16,4.04549494015959e-07,3.14929667010113e-07,1.14036131194986e-08,1.19445479390015e-07,8.20565291936341e-07,-3.69607240078868e-08,2.99960183121232e-05,7.59624748126332e-17,6.75270382223308e-07,-3.81347147423591e-08,8.38002800869764e-17,-5.0275390804584e-09,-1.02581238015018e-07,2.38594528698256e-08,-3.11826829705345e-16,7.68086998530985e-08,1.01673144386214e-07,3.57495821688672e-16,-4.53622294927342e-06,-6.23904029718978e-07,-2.93012392494338e-09,7.72951333943974e-17,-2.32952581065193e-16,5.25871542126353e-08,1.79125551179953e-07,1.44964564760646e-08,-2.11309404251954e-08,1.06951029270612e-07,-7.0501031156065e-16,3.54985469211887e-16,3.90720401427728e-07,2.69344240652189e-09,1.25542976400468e-16,9.45415873617581e-07,2.1752182127379e-18,4.41247118937461e-08,-1.8138955788311e-07,-1.05995055275392e-07,-7.02991866022642e-07,4.88610104514893e-17,-2.87214282272052e-16,5.7220870745605e-16,-1.80357344642982e-16,-5.11103681523282e-09,-1.77342640788927e-08,-1.13841357022775e-16,-9.58692439819869e-18,1.6655852319784e-16,2.49906594243585e-08,2.24693177682765e-10,-1.23887447397044e-08,-3.51787274828202e-16,1.0917915876929e-16,-5.4638368482407e-16,-5.33886949117677e-07,1.63395922327127e-08,3.18997717548866e-16,2.87189075055883e-09,-7.5180833519188e-08,6.06540045496179e-17,-1.02645591280099e-15,-5.7680769695358e-07,-5.33169331849146e-10,-2.86052596943783e-07,4.9143310226354e-16,2.90969564588005e-08,1.22165752058087e-05,1.31182322969198e-05,-4.60461660108834e-07,-1.11940203398631e-07,1.82378613990758e-09,-7.23919482695673e-16,-1.31531004193646e-15,6.3677955977172e-16,3.48400589550372e-08,-3.15470384855273e-08,-1.31747213890794e-07,-9.3889711537069e-09,4.19862761327507e-16,3.1591183035725e-16,1.63368770285869e-15,-4.82835644302659e-16,-5.63028416851279e-17,4.4954068670924e-08,-1.73582200748892e-16,-4.03996951842049e-16,-8.06434817459336e-08,4.21763078034552e-16,-7.21940184127269e-08,-2.06496193282391e-16,-8.95134854265213e-08,6.97842125939615e-16,-1.08631125171723e-07,-1.36021607747799e-08,-1.12239704551636e-07,-2.546928457708e-16,4.37493839519514e-07,-8.00202503682761e-16,4.551726469664e-05,-9.90520374045941e-08,5.48230985319031e-10,-4.73687394211351e-16,8.85412194389043e-07,-2.54364617015078e-15,-1.59285897374492e-05,-1.11036512019746e-07,2.5026143044353e-16,-2.97579879840832e-15,5.30357497027525e-15,-7.61110923034525e-16,-4.13564622361004e-09,-5.38749458898409e-08,-1.2035216490264e-08,-5.44781559748151e-15,8.724667339802e-16,-1.1533380754829e-08,9.40890063064106e-08,2.02226172713138e-15,-8.83651634183374e-15,-5.51013059761972e-08,1.40375948269525e-14,-3.90694369688601e-07,-2.84188657527947e-15,3.34359265690418e-07,-0.707106781186547,7.1175526336127e-15,9.43435700094745e-15,2.50038676622262e-15,4.07158917161684e-15,1.17916408173546e-15,6.44923438832864e-09,-4.51065147167038e-08,4.11142079429823e-15,-3.00628587121152e-08,3.23290620808284e-05,5.73191077946929e-16,-3.3324365433728e-15,-2.60131426358774e-15,-3.45316792207995e-15,1.24182711591601e-07,1.98728283780475e-08,-4.01968637447608e-15,-4.68365874648765e-15,-5.79855360683635e-06,-7.28666943031816e-08,-1.10421108336283e-09,-1.18096922505561e-15,1.40157937360599e-15,-3.29225657355672e-16,-2.00551136968182e-15,-1.13918822394361e-15,-2.97133030398105e-15,4.7767731286398e-07,-4.51941320680507e-07,-8.69283191662354e-08,1.11384436650569e-15,1.57952008510201e-15,-5.17667349418281e-16,5.26404422308131e-16,8.43298314179298e-17,-6.51194905176858e-16,-2.64818164331326e-16,-1.76922243173206e-16,4.36644027053725e-16,2.88121688095996e-17,1.14192549885461e-16,1.27675683886134e-15,3.08799866938573e-16,-1.59786385692114e-16,4.3415197120495e-09,-1.03694571642523e-15,1.49055930087299e-15,-1.44076444800095e-16,6.14925052486046e-08,-8.17347675716315e-09,3.13645047940608e-16,-1.58738696075596e-09,5.62506836178773e-08,-1.616241311654e-15,-7.07108745131867e-16,-1.08563633417871e-07,-4.88101168997642e-16,1.38772374570395e-09,-5.46076301841539e-16,-5.21675141406997e-17,-3.80693933507002e-17,-1.22395249877423e-15,1.49999848263659e-08,-1.86799305271476e-07,5.67103844709258e-16,1.31215614753309e-15,-4.52918446174947e-16,-1.00410787910212e-15,3.00811892756103e-16,-7.89567077462421e-16,1.69071698412539e-16,-1.72606821741784e-16,2.26026614223827e-09,8.34353002100108e-16,6.75991020785123e-17,-1.76046700283838e-16,5.87370081071664e-16,-4.49344030841831e-16,-1.18629344140324e-15,-7.87779233402827e-07,-1.3194086531878e-16,6.50247076577209e-16,3.32861944936577e-08,1.57335125706443e-18,-3.54804004011141e-16,2.52648855699297e-16,1.10238622125346e-16,2.78226798810394e-08,5.31376518585774e-16,-2.26351447096375e-07,-6.72579633205588e-16,-2.58771530820825e-16,-1.47247524637414e-15,1.27161054140612e-15,8.0928843603805e-17,-5.28752428128346e-16,8.18493269194725e-09,-2.43516530794511e-16,1.96442910830973e-16,4.19764040667569e-09,-1.02236857170585e-06,8.5014923637841e-17,1.14705344089208e-06,1.04953106162296e-07,3.40226903205089e-16,6.53869104895591e-16,-3.25854565016442e-16,-2.16682332426873e-17,3.58680491347885e-17,-1.76677246922902e-07,-8.51665680700013e-16,-5.43960431118724e-16,6.50824307643425e-17,7.07720992127902e-08,3.1607084991519e-16,-6.54419490228763e-17,-2.24254035069622e-16,4.09346986701151e-16,-3.22679225665882e-08,-2.26105652019072e-16,8.82117615691756e-10,4.38370546944999e-16,-3.07577069321307e-16,-4.32408989757744e-16,-5.8097526599519e-16,2.37756026169774e-16,-6.87852372498847e-17,8.07138906644535e-17,-1.53244465770924e-08,-3.08095879700025e-16,-5.16570676105975e-16,6.4446046292163e-09,-3.48530179876281e-16,-1.69187319259739e-16,5.46500445934312e-17,-3.14161980320976e-16,-9.6315853711709e-17,-3.76110819339466e-16,-4.67658502985925e-08,1.87577470423456e-16,-2.68443835198086e-17,1.39317537982381e-08,2.19849613868355e-16,1.21057046133958e-17,2.12914791192957e-16,1.92990493218201e-16,-1.66577804144218e-16,3.5989104556207e-16,4.26838328511896e-17,-1.10082614461229e-16,2.36020596848781e-16,1.14144255896414e-17,-2.27380541479235e-16,-7.32127000674477e-09,2.42825827678469e-08,-7.75151636627279e-18,-8.04723473662982e-17,5.24180172260634e-17,-2.65507882213867e-16,1.93530087788663e-17,3.19573106825261e-16,-1.70230727846046e-16,-3.20012152407727e-16,-5.85396304405552e-07,8.24804876871262e-17,3.85269870638701e-16,-1.18471236377517e-16,2.16517870028178e-17,2.6997816367425e-09,1.45688338818841e-16,-4.28567837259034e-10,-3.36213571935557e-16,-1.67267045262904e-16,-7.58183629584235e-17,2.55553627245199e-16,8.6520375748627e-17,4.38064714726293e-17,5.25032660989412e-16,-1.93520379132529e-16,1.31697401176507e-16,8.58743924090982e-17,1.88943667220929e-16,-2.87085472722593e-17,-5.26705736640368e-17,-1.19548580150077e-16,1.88119449068857e-16,1.83331277950482e-17,1.13337630253768e-16,-1.30580484177934e-17,-1.99347489995931e-16,-1.66174135161635e-16,6.20705743747951e-17,3.16069223592386e-16,1.71772196798417e-16,-1.78861533681172e-17,-3.50339304808839e-17,2.2506051081268e-09,-2.2220081627837e-17,1.34877744057327e-16,-2.00643167514338e-17,-1.92250558815208e-16,1.93236145075746e-16,-1.67582273724854e-17,2.47700122879692e-16,1.14774716267765e-16,4.72448684524242e-17,-3.00689178999101e-18,-1.70273951188848e-16,8.63854995846794e-17,-1.66997196786815e-17,-1.09672478391634e-16,2.36928173212996e-16,8.39929079993447e-17,-2.68226981103563e-17,-2.90415205112394e-08,7.60038883811849e-17,1.03566155664058e-16,-5.86916187297068e-17,-1.98858659442938e-16,6.23486698144602e-17,2.15382903882192e-17,-3.93456716867089e-18,-1.11137526130448e-16,-2.16817179738332e-18,9.86386531523881e-09,-1.8326647401477e-16,1.86791438991631e-16,-2.24991896263329e-17,2.2651047730058e-16,1.2476284424202e-16,-8.33813052592752e-17,-9.93265339013685e-17,1.41559713514583e-16,6.98382321295218e-17,8.18972678989442e-17,5.69571968270215e-17,-6.52793760363922e-18,6.82575296549044e-17,3.1212033200802e-08,-2.96407603893754e-16,-2.10652131068299e-17,4.49327425370168e-17,-3.7394132929025e-16,-8.56871958371395e-09,-1.67733408829278e-16,4.32317657129422e-17,3.38391848920567e-17,3.96151418032714e-17,-6.54037025908991e-17,-1.74950294850818e-17,1.58045877305372e-16,2.79398033042397e-16,5.63211025837038e-17,4.57025244048419e-17,6.57843633737531e-18,6.83913488785327e-16,-7.28972664334244e-17,-3.54616521135842e-17,-4.16107342489089e-17,3.5276666044551e-17,-2.1657580140103e-16
"t981",0.0260642894308771,-0.00239462113534384,-0.00211486604049586,-0.000329548896075383,-0.0108607119738879,0.0916472954948453,0.0156019383567717,9.92338085022106e-05,0.0231839857764302,-0.0172452889191058,-0.00304050557482904,0.00208580047359105,-0.0039544809546017,-0.000816667346546753,-0.0205629155946396,0.000437842669710521,0.000304239062450879,-6.22704531246816e-05,0.00231284849265368,0.000336176570366026,-7.0043306809119e-05,4.54750711082371e-06,0.000514290164652665,-0.000104870863701203,2.13002457955713e-05,-0.0857346888406408,-0.00579971997771481,0.000369974707373798,-0.00158990015174886,0.00230200976713181,5.35962045486411e-05,-0.00175517496452116,-6.68712752802416e-05,0.000417120919713527,-2.08200447642627e-05,2.04440687706851e-05,5.0699664599522e-06,-0.000363035425258989,-8.49291321232775e-05,-2.69653081371072e-05,-0.00011630141489707,0.00026738424633662,-1.45546389407536e-05,0.000250411423481757,-6.46694163103979e-05,2.28211090671636e-05,-4.93715119409378e-06,7.86973288889809e-05,-0.00132617729148427,0.00321358481916087,-0.000262461353580075,0.000293331699491452,-5.77143341101531e-06,0.000160398347383853,-0.00664404895351822,0.35863568251703,0.000210430295714404,-0.00127351250089012,0.00463468818385979,-3.02216653596199e-05,-2.39164178309505e-05,0.000311959286879436,-0.000669866816629363,0.000495070470669896,-0.00039269860967993,9.67523926526589e-05,-7.86602534928177e-05,0.0866245247252805,0.000433059885152213,0.00913337192163348,-6.81394077690292e-06,2.01279541865031e-05,-0.00522186671707752,-4.41632680851713e-05,1.85840361242499e-05,1.72731772310852e-06,-0.00016175084369047,2.39546768541486e-05,-0.000999272179005751,-0.0122440005899684,5.40380383983557e-05,0.00501582012608912,-0.000379962619691867,-0.000156246484691328,0.000128998032451388,0.000355309407510203,-5.45191198489782e-05,-9.67417586176403e-05,-1.9117177421129e-06,7.3230093329605e-05,-0.000181096655126258,5.90996590947319e-07,0.0147870134782572,-0.000264840209932743,-1.65498381957669e-05,-7.44746549265375e-05,-8.76088444392606e-06,4.89525859544647e-05,-0.000555508266986761,-0.00171421714602317,-0.0112293085018414,2.41810866925076e-06,-0.00597569626916143,0.000847404614602499,-0.000514986478270948,0.000152999847714057,-0.241171720134892,-0.000704649960476325,0.0125401550848737,-1.7597850983125e-05,-0.000487967302839615,-0.000476322342463467,0.00013894174221284,-6.00716703000121e-05,1.66811263677756e-05,-4.77422652866826e-05,0.000698368569743758,-0.000610665341030558,0.00340076391247914,-0.000163481373178851,8.94187862603966e-05,-0.000187310512078015,0.00480609057226205,0.0196289439457874,6.48269136472294e-05,3.1585944273255e-05,-3.90330906099813e-06,7.9149786491313e-05,-0.000166788538409576,-0.00580048951709782,-4.2704964573539e-05,-0.000577159314973936,-1.39888105259866e-05,0.000147441044295862,4.89938646584214e-07,0.000104952779671089,-1.81490480703868e-05,-9.33020657205298e-06,-0.000106352682495639,0.000434442751297853,-1.50518405564442e-05,-2.44735987119194e-07,-0.00193661629100432,0.0290994860287859,-4.76942525165098e-05,-3.18889952387661e-07,-2.21335207745556e-07,1.09524595027799e-07,3.21319188045271e-09,3.23820474288252e-05,7.20567698716222e-10,1.34781733294948e-08,2.29416345860404e-09,-8.41278036499624e-08,-1.26308389602934e-08,-2.22688533999854e-08,3.85665853143479e-07,-9.5982269259141e-07,-5.52444197496772e-07,-1.86286111439802e-07,-9.9722037969425e-07,1.48039054958479e-07,-1.11780354297614e-06,-1.65603125870754e-06,1.17367885564018e-06,-8.3744131657471e-07,1.43871324901754e-05,2.46706288087355e-07,1.22753808882411e-05,1.24385508049183e-06,-2.15357627755667e-06,-3.79520673260088e-07,4.52849653177981e-08,1.5138666334414e-06,2.93394153252606e-07,0.000145378173055581,2.54882816518988e-08,-9.84825283912501e-07,-9.17380302628888e-06,-4.47201838073461e-06,1.77609243864051e-05,4.61530920703148e-06,-9.46419828773505e-07,-3.68706431847196e-09,-1.08936919721482e-07,-2.85266115532987e-08,-4.86215266705326e-05,1.14309761473318e-05,5.12622955880897e-05,-4.86560535689918e-06,-1.47308295447275e-06,2.9684362910973e-06,0.000543823962867293,1.42756470021007e-09,1.43377828246773e-07,-2.61654565853904e-06,-4.84639670696299e-06,-2.84036309123527e-07,2.92035283192827e-06,1.25875955637048e-06,1.25428517911243e-06,1.78250262780957e-05,-3.59771238196639e-08,-5.50550758134409e-07,-9.43981161421812e-06,-3.98194258163614e-06,6.1058843557563e-06,2.7618604995657e-06,-4.56208957430861e-05,-2.66070002736102e-08,-0.00018582187463401,2.6521755226298e-06,-1.22994461892452e-05,-2.02731100897899e-05,-1.16830845557575e-07,-8.3977167481591e-07,2.23985531114109e-07,1.41548495398037e-07,-3.21517193111855e-06,-0.000563254573726563,-6.44082610013666e-06,8.34572108215532e-06,1.86463297125813e-06,8.11545598774891e-06,-0.00185289969925896,-7.97051133058198e-07,-0.000115295175370344,-5.74514398662102e-07,-1.1702936577646e-05,-9.54403810704311e-06,2.38726814249626e-06,5.01023833479656e-07,3.68716218408422e-06,0.0005996331949573,-2.9689846616987e-07,-6.09737533116536e-08,-0.000856162992748643,-4.34907946035543e-17,-2.08936779540907e-07,3.03241172130335e-06,-6.49690172612426e-07,-1.75224810106975e-06,-0.000774515639201416,-1.0688753016715e-07,-6.81271747102685e-06,1.82923070435424e-06,-3.46967969486049e-07,2.28233037231033e-08,-4.53721484087009e-07,5.26064104759017e-05,-1.3728337962225e-07,1.46468690269901e-05,-1.10836843423804e-05,5.05825361158003e-08,-3.32138270792842e-09,1.58533578319417e-07,-1.4995778459872e-07,2.36084042429761e-06,5.96433530337762e-06,-1.13788659886342e-06,2.23102543004271e-06,-4.14946324529123e-06,4.74297952565546e-05,-2.86097123139011e-06,2.97141633678791e-06,-1.00693531747476e-06,1.93434418407043e-08,7.95365204428606e-05,-1.28104860207442e-06,1.22468898935593e-06,4.0169366047849e-08,-1.05766120252885e-06,1.06573822617123e-06,-1.33582204938336e-06,2.12973227312391e-06,-4.14870835455735e-06,3.30770354061485e-06,-2.5098364286067e-07,0.00136302400374472,-1.08010270060774e-07,6.5797160169519e-06,-4.81837296749951e-16,-1.94130807716887e-05,-6.71022858666122e-07,-7.68509774472884e-11,-6.92483009773937e-07,3.36026920021958e-05,-1.06515703613768e-06,-1.8480332804059e-07,2.26145513428617e-08,-1.04608115399529e-06,6.22191764951194e-05,1.40243584975532e-06,-1.12825433998376e-07,1.69451938942181e-05,-2.05951514711905e-05,5.76104738085675e-06,-1.09727087674551e-05,1.61178648315182e-06,6.60129649614614e-07,4.35322723984576e-08,2.99963450002148e-05,-1.93861661252869e-05,9.001599279219e-08,-0.0023701233513124,3.01547920694509e-06,-1.12589500832315e-05,0.000280112190935758,8.45118785474537e-06,4.34219534574301e-06,-1.39725720984375e-06,-0.000833459323014048,9.87991576458125e-07,-4.77712422007899e-06,1.38146635347272e-06,1.33305400869307e-05,-2.81554373589381e-05,-9.44377405879443e-16,2.07482442989274e-07,1.30044268368594e-05,-1.65950391944718e-06,9.79861168502028e-05,1.10460237795054e-06,2.88386341549637e-05,8.50394214807581e-05,-0.000162873956593586,0.316770440514154,-7.17388730305213e-16,0.000225156975474014,1.60613598034296e-07,5.48854207960306e-06,-2.23315120467617e-06,-0.000802264220911226,1.56086233923915e-06,4.93077746740688e-05,-1.17455641333441e-05,4.00168478400664e-06,-5.20139023227418e-05,6.49898789646712e-07,1.70448917911061e-05,7.77008017295587e-08,1.06384343787633e-08,1.59998486568688e-05,-8.28199920999547e-07,1.67562419361811e-05,5.86219569208072e-17,4.12205167526548e-06,-3.26035475178713e-07,-9.39720455334493e-09,-8.85069096516672e-08,3.32643044412013e-05,0.000127052264294731,-1.03444076421196e-05,4.63839510387214e-05,0.428820758235315,7.28604569612659e-14,-3.39325999252215e-05,-8.24160256217168e-07,-1.2673004628544e-05,1.06096735988241e-13,2.09458768473236e-05,1.45239453538232e-06,-2.08767478284849e-07,-7.78781393406845e-06,-2.13119989977479e-06,-9.8828589878822e-07,-2.82161316921328e-06,6.60140350020565e-07,4.51305551073641e-07,2.05267252500078e-08,8.14439280741113e-07,1.0204561006422e-07,3.10014185563087e-16,-2.15375075317461e-08,1.96768846064186e-05,2.31271122017165e-07,-2.33402553622995e-07,2.53316620630968e-15,-7.22917187455742e-09,2.10751809450252e-10,-2.49090536806006e-10,6.58534081083029e-11,4.26709866159894e-09,-2.90900533968373e-10,-9.95746521093399e-09,1.2082058596762e-07,1.89725558132262e-17,8.62615597119287e-07,-1.51687406888402e-08,4.64512387249626e-08,1.34983760936073e-06,-1.12002869537222e-08,-9.53986966617475e-10,9.41087485717418e-16,1.57796591447177e-17,-1.06501547700385e-09,-1.34470746327955e-08,1.79591381279363e-09,-2.22985026081995e-07,1.16904553872266e-15,-1.24592590444721e-07,-1.56664548346696e-09,5.42263689899806e-17,1.45824532316099e-16,-6.05974182866077e-17,3.92913137606258e-07,1.0513564627837e-07,-1.22593701913859e-07,1.23298999188839e-06,4.4616694947676e-05,1.05722337751483e-07,-4.61532515522453e-08,-1.61283782771689e-16,-1.10360413017742e-08,3.18360018448383e-08,4.08480329620611e-16,3.33947484448453e-16,-2.19185169346587e-08,-1.35018996957836e-10,-1.35589407438004e-08,8.39478205398235e-07,1.39975815484719e-08,-5.90451064343678e-08,-6.59076566352519e-17,-1.5615534754032e-05,-5.60039839908816e-17,-6.89171203238461e-07,-2.95607722328173e-16,-1.62721179913493e-08,7.02353985939829e-18,6.78596277199348e-08,1.79246596630328e-08,8.79499841429591e-08,3.09607885932017e-05,4.81706332579604e-08,-5.83352445493331e-09,3.75311168523837e-08,1.34619764034844e-08,7.27260029488649e-07,6.74980566634038e-08,1.37613831938811e-08,-3.93778905580428e-08,-7.64884290662793e-07,-6.26742526294436e-08,-1.93631547029134e-08,1.59374209847517e-16,1.83938416504903e-07,-3.21431353493426e-08,1.72661734285245e-08,1.66345061197767e-16,3.42332466354673e-08,7.2136510525886e-05,2.93655771783644e-07,1.52686947273872e-16,-7.18809393313658e-08,-4.34968012304344e-07,-4.15232104518489e-17,-5.18009794635372e-08,1.19428722881891e-07,-7.98750334160081e-17,7.79629189518269e-19,-4.43378348885025e-09,-2.65742939678259e-07,-1.52158863034422e-09,-2.12344398482936e-06,1.52628468535952e-05,1.48868605059024e-08,1.61272066656612e-07,1.36247122273929e-07,-5.550187436558e-06,6.57297567069337e-16,6.37272063152517e-10,4.90768431395416e-09,1.35847334560522e-08,1.27543243502023e-06,2.43830159718566e-16,1.20306603123452e-16,4.21262525026101e-07,1.51954867459022e-16,2.77668553311569e-16,1.83383634814111e-07,-2.70851102037015e-07,-5.07132257055145e-08,-3.0300097416801e-08,1.31072172339851e-06,3.42475754638799e-07,1.06252639778838e-07,7.39760157624371e-17,2.48384995931129e-07,1.16355289398033e-08,5.34452582159467e-08,-4.84899026882349e-08,1.93242774323336e-07,-3.353479960323e-16,1.9221178706953e-16,1.91864839925156e-16,-1.90845388186836e-07,-8.35559461695542e-09,-1.42111802657091e-05,-4.2868980958e-17,-6.36286892021033e-09,-2.22656199031885e-17,7.79342740706995e-17,1.07676563947664e-06,-2.02337326807618e-05,-2.05889992554997e-16,-6.43853285249122e-07,-2.99154506562895e-08,-4.42860104919117e-17,6.80503801291396e-08,3.91862828007945e-15,2.69515941756903e-07,1.24885504267946e-17,2.68991500056379e-07,2.09460426399174e-07,7.58696266344191e-09,7.95034081466922e-08,5.46708963586679e-07,-2.47153986442127e-08,2.01581429622844e-05,-3.45526990289698e-17,4.5653427532705e-07,-2.57982103570495e-08,-3.26615118335161e-16,-3.40398043778778e-09,-6.95593683761219e-08,1.62007424161631e-08,-7.28718444977442e-17,5.23905991917912e-08,6.9411795113482e-08,1.89853432382294e-17,-3.10048095161958e-06,-4.26679361723902e-07,-2.0081136949238e-09,-2.32059649823887e-17,1.76031103574334e-17,3.62170369698473e-08,1.23618003808222e-07,1.00084647697205e-08,-1.47158367071103e-08,7.45840521342373e-08,-1.49439535081944e-16,1.29493090910269e-16,2.7273120788135e-07,1.88030328998708e-09,-1.59502957402667e-16,6.61036624663257e-07,-5.21219138208223e-17,3.08985478484216e-08,-1.27278698314178e-07,-7.43860831446371e-08,-4.93630585624961e-07,-9.71567469795989e-17,9.23306220107336e-18,7.31272084063313e-17,-4.09950647436947e-17,-3.60691526413566e-09,-1.25203335523242e-08,-1.28134443482828e-17,3.85436736022286e-17,-3.48516876455495e-17,1.76690292881238e-08,1.58963608084509e-10,-8.77948983822849e-09,7.06983385789844e-17,-1.53441712461011e-16,1.42301535138722e-17,-3.80483889528401e-07,1.1646915909194e-08,-1.06531493300442e-16,2.05149124486914e-09,-5.37503893722331e-08,-2.25804640124202e-17,5.43306084101286e-17,-4.13216558828192e-07,-3.8201505048718e-10,-2.05196403722629e-07,-2.91405925441225e-17,2.09128307315532e-08,8.7897118619045e-06,9.4522892762922e-06,-3.32442177818217e-07,-8.08608195988423e-08,1.31872308609941e-09,-7.45856309901823e-17,-3.26815933484281e-17,4.21247910868548e-17,2.53308935964375e-08,-2.29385673602111e-08,-9.5862423717559e-08,-6.85518199715407e-09,3.12883584780147e-16,-1.85514730328275e-18,-3.85441242463261e-17,-1.76858591536929e-16,8.19017963997974e-17,3.29384641088715e-08,5.37385007833626e-17,-1.32245360082677e-17,-5.91692301809039e-08,1.86370505387062e-16,-5.2973581715432e-08,2.33322732082084e-17,-6.56900427047161e-08,5.93447949109165e-17,-7.99064045869298e-08,-1.00109476088993e-08,-8.2675941110981e-08,5.03904284982428e-17,3.2259082933421e-07,-1.96185135474053e-17,3.36378250102597e-05,-7.34112516344274e-08,4.06365634380554e-10,6.84594920453918e-17,6.57048037904044e-07,-9.18085632063443e-17,-1.18416255153481e-05,-8.25539738198358e-08,-1.94251530867133e-16,3.43825647795321e-17,9.4173426327803e-17,1.1182904801247e-17,-3.07932213832723e-09,-4.01297195385074e-08,-8.96866935672903e-09,1.4443737165428e-17,6.30030552599811e-17,-8.61301228196062e-09,7.02713138631041e-08,1.55170423337957e-16,-2.31261805394239e-16,-4.12606523445903e-08,4.30183863069377e-17,-2.92719217540208e-07,5.81228198625612e-17,2.50909781455374e-07,-3.4710692397147e-16,-2.07640702161557e-16,-8.87579060952717e-18,5.07164913964401e-17,3.22684190824954e-17,1.86739048915161e-18,4.85502782714552e-09,-3.3957962698073e-08,-1.69224080629267e-17,-2.26572671481811e-08,2.43763147442998e-05,1.50449356516735e-16,7.88733730438424e-17,8.62240958790523e-17,-5.99691465223818e-18,9.38169150030769e-08,1.50201855786034e-08,7.89163148264742e-18,3.20579202513456e-16,-4.38482835427927e-06,-5.51048998884113e-08,-8.35234763183213e-10,1.56618049750388e-16,-6.99455705602188e-17,-4.48313563420847e-17,6.30823293158742e-18,1.19268890761484e-16,-1.85115455499392e-16,3.62592610730731e-07,-3.43168630257206e-07,-6.60277900041326e-08,1.18858631971853e-16,-9.9716060974261e-17,1.83713342235708e-16,1.53735762308664e-16,-1.31762982729544e-16,-4.15191839574139e-17,8.33577307708708e-18,4.01088268020969e-17,4.50977860807255e-18,-1.14452307296165e-16,2.71613495553291e-17,-1.98317897198282e-16,-4.88083685888877e-17,-1.52479084574518e-17,3.31530255752563e-09,-1.54859624129934e-17,2.65091373742346e-16,-6.03883002245539e-17,4.69899366329674e-08,-6.24681778550022e-09,-2.04619193627018e-17,-1.21332807115025e-09,4.30319245162552e-08,1.39830033589245e-17,2.92298292406089e-16,-8.31386137718771e-08,-1.14495298865369e-16,1.06408140024401e-09,5.60189068459908e-17,3.45169761896441e-17,-5.05453654279901e-17,-9.1658022125317e-17,1.15245972904819e-08,-1.43538480842977e-07,-4.59159317705653e-16,-5.42806511659674e-17,-6.23206669643954e-17,6.19550908150779e-17,4.27229866067913e-16,-1.73777156225627e-17,4.01307544177406e-17,-5.60129378843861e-17,1.74859837403449e-09,6.56926191573091e-20,-1.82964822617182e-17,4.25397102972318e-17,-4.72541614315909e-17,2.39463698023432e-17,-4.28331326356285e-17,-6.10311938051858e-07,2.01942787472295e-17,6.12956279274439e-17,2.57943456065228e-08,2.32941273869261e-16,1.24434333284674e-16,-2.4612097020028e-17,1.04041063069777e-16,2.16258405026953e-08,4.01383540349381e-17,-1.7603138368499e-07,-1.75042347427182e-17,8.06538664803261e-17,3.87294953168218e-16,-7.55811522241512e-16,-2.13362629163728e-17,6.33071336123745e-18,6.37227622753948e-09,-2.52427236228849e-16,-3.29660272641123e-17,3.27073440642638e-09,-7.96646608124887e-07,-2.07992708016554e-17,8.94439428605709e-07,8.1857647387366e-08,1.49369483309272e-18,2.04309200326011e-16,2.74306631986988e-16,2.92175104783241e-17,2.21891636435061e-16,-1.38248270709621e-07,-3.23445810236081e-16,-2.17474323827224e-16,1.79522524925541e-17,5.54244165460863e-08,-3.83594290240245e-16,-9.59664328618211e-17,-5.75021292864427e-17,-3.34757609356329e-17,-2.52978358620946e-08,-1.03392460851803e-16,6.91806021102095e-10,-6.88912523839507e-18,1.63838093463495e-16,-1.27372428754504e-16,-6.77472546180336e-17,1.17252303914105e-16,-3.68686174506653e-18,-2.79553749213113e-18,-1.20394875080983e-08,1.92622450728596e-16,-1.72344149518095e-16,5.06533385585734e-09,-5.62888385768165e-16,4.44484164651733e-17,-1.10969927137594e-16,7.11480840624046e-18,-5.99295309612432e-18,2.10058634475326e-16,-3.68069486255967e-08,-3.71911923320616e-17,-8.93912860895565e-17,1.0971578782913e-08,2.39914147241195e-16,7.67991999174833e-17,1.39480009445579e-17,-3.04195252531846e-16,-1.63532604852832e-16,-9.28318198786252e-18,-1.67747878169906e-17,-1.28714940412893e-17,2.2689344100881e-17,-2.53746435480594e-16,4.03620258975972e-17,-5.77843106954742e-09,1.91704733875484e-08,-1.64428210411591e-16,-4.76443189766912e-17,-3.4725731175467e-17,1.41914356227729e-16,4.0614213381307e-16,-1.38213985744838e-16,4.6731421076067e-16,2.41715989775316e-16,-4.62788337096693e-07,-2.1218283069098e-16,-3.39487702469562e-17,-1.38797451803501e-16,1.35783669112538e-16,2.13679178488321e-09,2.68275625658487e-17,-3.39636396649096e-10,-1.6605378663037e-17,8.53318950891913e-17,8.8974393884699e-17,3.50579621940402e-17,2.00193548027197e-16,9.1303404393147e-17,1.22996203221047e-16,-3.78264206253568e-16,4.53621165947005e-17,-1.49537762831807e-17,-1.08724980047196e-16,-1.11558962002937e-16,1.15200446517363e-16,9.66905371353011e-17,6.96769435812239e-18,-1.42326724118949e-16,-2.21150053572738e-17,8.33468639001302e-17,7.69577208280607e-17,-2.90238792693695e-17,6.85757874097082e-17,4.62329648952204e-17,-7.69458668791457e-16,8.37145103956531e-17,3.44084809555629e-17,1.79192243167681e-09,-2.9395808972141e-16,-2.68756463395928e-16,-4.09946739675276e-17,8.48759112219082e-18,-2.29203546924874e-16,-1.33541466479146e-17,2.78081796256911e-16,1.77972153692104e-17,-1.79317912237544e-16,-8.2166475174059e-17,-2.79127849306393e-16,7.47373982689156e-17,-4.03530251280235e-17,2.198357482718e-16,3.58984522213308e-16,2.99058667870722e-17,-3.7947181334389e-17,-2.31937812298227e-08,-3.97277473370441e-18,-5.11162114923607e-18,-2.56019680964133e-16,-1.56441678128936e-16,-6.05897243144027e-16,-2.80707845299694e-16,4.28461266088686e-16,4.2274200095355e-16,1.10322826177898e-16,7.90211250339156e-09,5.22447757235458e-16,-3.49003723289371e-17,-2.89048547961931e-16,-1.87138277321689e-16,1.15746906610217e-16,-5.24298987247619e-16,-3.11828747976339e-16,4.28143215009344e-16,6.85245252942698e-17,-3.61795845799979e-16,-5.82950725976315e-16,2.86056371835464e-16,-2.82543191317012e-16,2.5080584304936e-08,1.64359757054562e-15,-6.33964458511407e-17,-5.78164390514099e-16,-6.39787701983696e-16,-6.89502990852883e-09,7.2063146204766e-16,-6.43624441440065e-16,-3.45869546916813e-16,-4.17428298503624e-16,6.58144881635609e-16,8.14418242185805e-16,-2.4671321262686e-15,3.66027021373394e-16,-1.26899569323719e-15,1.95409606783772e-15,2.17913280476704e-15,0.707106781186548,-3.89386507637863e-15,1.4807864636973e-16,1.49326663113603e-16,3.46464601711072e-16,-2.78963188729007e-16
"t982",0.0260642894308771,-0.00239462113534384,-0.00211486604049585,-0.000329548896075381,-0.0108607119738879,0.0916472954948453,0.0156019383567717,9.92338085022117e-05,0.0231839857764301,-0.0172452889191058,-0.00304050557482904,0.00208580047359106,-0.00395448095460169,-0.000816667346546751,-0.0205629155946396,0.000437842669710521,0.000304239062450877,-6.22704531246836e-05,0.00231284849265368,0.000336176570366032,-7.00433068091138e-05,4.54750711082325e-06,0.000514290164652659,-0.000104870863701209,2.1300245795566e-05,-0.0857346888406408,-0.00579971997771481,0.000369974707373797,-0.00158990015174887,0.00230200976713181,5.35962045486396e-05,-0.00175517496452116,-6.68712752802368e-05,0.000417120919713526,-2.08200447642574e-05,2.04440687706088e-05,5.06996645995136e-06,-0.000363035425259024,-8.49291321234024e-05,-2.69653081371141e-05,-0.000116301414897052,0.000267384246336637,-1.4554638940811e-05,0.000250411423481741,-6.46694163104037e-05,2.28211090672642e-05,-4.93715119409077e-06,7.8697328888984e-05,-0.00132617729148424,0.00321358481916084,-0.000262461353580101,0.000293331699491465,-5.77143341101643e-06,0.000160398347383858,-0.00664404895351819,0.358635682517029,0.000210430295714406,-0.00127351250089009,0.00463468818385984,-3.02216653596264e-05,-2.39164178309361e-05,0.000311959286879419,-0.000669866816629292,0.000495070470669884,-0.000392698609679894,9.6752392652694e-05,-7.86602534928113e-05,0.0866245247252804,0.00043305988515223,0.00913337192163354,-6.81394077702588e-06,2.01279541865113e-05,-0.00522186671707756,-4.4163268085211e-05,1.85840361242503e-05,1.72731772313183e-06,-0.000161750843690472,2.39546768541127e-05,-0.000999272179005742,-0.0122440005899684,5.40380383983487e-05,0.00501582012608906,-0.000379962619691785,-0.000156246484691317,0.000128998032451406,0.000355309407510079,-5.45191198489789e-05,-9.67417586176498e-05,-1.91171774211361e-06,7.32300933296345e-05,-0.000181096655126268,5.90996590940814e-07,0.0147870134782571,-0.000264840209932734,-1.65498381957833e-05,-7.44746549265571e-05,-8.76088444393062e-06,4.89525859544424e-05,-0.000555508266986735,-0.00171421714602314,-0.0112293085018413,2.41810866922273e-06,-0.00597569626916147,0.000847404614602475,-0.000514986478270922,0.000152999847714159,-0.241171720134892,-0.000704649960476291,0.0125401550848737,-1.75978509831429e-05,-0.000487967302839631,-0.000476322342463458,0.000138941742212805,-6.00716703000062e-05,1.66811263677921e-05,-4.77422652866875e-05,0.000698368569743748,-0.000610665341030558,0.00340076391247913,-0.000163481373178833,8.94187862603931e-05,-0.000187310512078011,0.00480609057226207,0.0196289439457874,6.48269136471883e-05,3.15859442732683e-05,-3.90330906102328e-06,7.91497864913123e-05,-0.000166788538409565,-0.00580048951709772,-4.27049645735723e-05,-0.00057715931497392,-1.39888105260087e-05,0.00014744104429583,4.89938646616195e-07,0.00010495277967109,-1.81490480704213e-05,-9.33020657211586e-06,-0.000106352682495634,0.000434442751297895,-1.50518405564815e-05,-2.4473598712873e-07,-0.00193661629100434,0.029099486028786,-4.76942525163849e-05,-3.18889952387266e-07,-2.21335207731244e-07,1.0952459502042e-07,3.21319192911943e-09,3.2382047428855e-05,7.20567682995291e-10,1.3478173345342e-08,2.29416330343014e-09,-8.41278036366846e-08,-1.2630838979768e-08,-2.2268853365146e-08,3.8566585314795e-07,-9.59822692660907e-07,-5.52444197532213e-07,-1.86286111419381e-07,-9.97220379690051e-07,1.48039054990813e-07,-1.11780354299448e-06,-1.65603125868219e-06,1.17367885560357e-06,-8.37441316535733e-07,1.43871324901921e-05,2.46706288113262e-07,1.22753808882347e-05,1.2438550804629e-06,-2.15357627758048e-06,-3.79520673272439e-07,4.5284965336036e-08,1.51386663343574e-06,2.93394153220557e-07,0.000145378173055577,2.54882816301913e-08,-9.84825283824059e-07,-9.17380302631524e-06,-4.47201838080254e-06,1.77609243864237e-05,4.61530920701027e-06,-9.46419828755848e-07,-3.68706428538964e-09,-1.08936919728886e-07,-2.85266115567972e-08,-4.86215266705396e-05,1.14309761473057e-05,5.12622955880715e-05,-4.86560535691175e-06,-1.47308295450764e-06,2.96843629104819e-06,0.00054382396286728,1.42756470629189e-09,1.4337782824637e-07,-2.61654565845747e-06,-4.84639670693151e-06,-2.84036309109832e-07,2.92035283191268e-06,1.25875955635885e-06,1.25428517908805e-06,1.78250262780988e-05,-3.597712383901e-08,-5.50550758124561e-07,-9.43981161418875e-06,-3.98194258171368e-06,6.10588435576644e-06,2.76186049946552e-06,-4.56208957431201e-05,-2.66070002798792e-08,-0.000185821874634089,2.65217552270963e-06,-1.22994461893169e-05,-2.02731100898302e-05,-1.16830845559781e-07,-8.39771674754393e-07,2.23985531204928e-07,1.41548495360035e-07,-3.21517193112014e-06,-0.0005632545737266,-6.44082610009628e-06,8.34572108232543e-06,1.86463297130087e-06,8.11545598775604e-06,-0.00185289969925897,-7.97051133029363e-07,-0.000115295175370363,-5.74514398708935e-07,-1.17029365776158e-05,-9.54403810701532e-06,2.38726814249908e-06,5.01023833468845e-07,3.68716218406201e-06,0.000599633194957326,-2.96898466191754e-07,-6.09737533427045e-08,-0.000856162992748594,-1.38195949906623e-17,-2.08936779571969e-07,3.03241172135453e-06,-6.49690172597624e-07,-1.75224810109291e-06,-0.000774515639201391,-1.06887530191846e-07,-6.81271747100074e-06,1.82923070451168e-06,-3.46967969514327e-07,2.28233037429702e-08,-4.53721484106957e-07,5.26064104759028e-05,-1.37283379586946e-07,1.46468690270163e-05,-1.10836843423939e-05,5.05825362766958e-08,-3.32138273682241e-09,1.58533578382668e-07,-1.49957784633793e-07,2.36084042419622e-06,5.96433530338403e-06,-1.13788659879924e-06,2.23102543003753e-06,-4.14946324530908e-06,4.74297952565361e-05,-2.86097123142733e-06,2.9714163368094e-06,-1.00693531748399e-06,1.93434418002524e-08,7.95365204428569e-05,-1.28104860221565e-06,1.22468898933034e-06,4.01693660260876e-08,-1.05766120243736e-06,1.06573822616443e-06,-1.33582204941041e-06,2.12973227309326e-06,-4.14870835455517e-06,3.30770354052475e-06,-2.50983642845763e-07,0.00136302400374472,-1.08010270018975e-07,6.57971601689772e-06,-3.13734149489723e-16,-1.94130807717153e-05,-6.71022858655243e-07,-7.68509830759467e-11,-6.92483009746547e-07,3.36026920021496e-05,-1.06515703610247e-06,-1.84803328213878e-07,2.26145515074151e-08,-1.04608115403588e-06,6.22191764951257e-05,1.40243584960275e-06,-1.1282543399456e-07,1.69451938943955e-05,-2.05951514711026e-05,5.76104738089327e-06,-1.09727087674376e-05,1.61178648322988e-06,6.60129649648997e-07,4.35322723908949e-08,2.99963450001502e-05,-1.93861661251712e-05,9.00159928266724e-08,-0.0023701233513124,3.01547920696249e-06,-1.12589500831335e-05,0.000280112190935718,8.45118785476391e-06,4.34219534567229e-06,-1.39725720977259e-06,-0.000833459323014044,9.87991576466152e-07,-4.77712422004645e-06,1.38146635350527e-06,1.33305400868558e-05,-2.81554373589317e-05,-7.39556814075803e-16,2.07482443032284e-07,1.30044268369407e-05,-1.65950391909622e-06,9.79861168502247e-05,1.10460237794731e-06,2.88386341550887e-05,8.50394214807889e-05,-0.000162873956593425,0.316770440514154,-7.79814821975074e-16,0.000225156975473979,1.60613598298726e-07,5.48854207913532e-06,-2.23315120472783e-06,-0.000802264220911258,1.56086233928386e-06,4.93077746739209e-05,-1.17455641333977e-05,4.00168478397957e-06,-5.2013902322698e-05,6.49898789716655e-07,1.70448917910047e-05,7.77008018177996e-08,1.06384343811214e-08,1.59998486568113e-05,-8.28199920971427e-07,1.67562419364393e-05,1.0797324493027e-17,4.12205167532703e-06,-3.26035475181749e-07,-9.39720476583717e-09,-8.85069094376125e-08,3.32643044412161e-05,0.000127052264294754,-1.03444076420596e-05,4.6383951038726e-05,0.428820758235312,7.28049014465247e-14,-3.39325999253838e-05,-8.24160256076094e-07,-1.26730046285791e-05,1.06358733008225e-13,2.09458768475137e-05,1.45239453541304e-06,-2.08767478223704e-07,-7.78781393392815e-06,-2.13119989995069e-06,-9.88285898945942e-07,-2.82161316922881e-06,6.60140349731104e-07,4.51305551067554e-07,2.05267251909746e-08,8.14439280701143e-07,1.020456099591e-07,3.1687078192013e-16,-2.15375075757718e-08,1.96768846065086e-05,2.31271121992558e-07,-2.3340255346555e-07,2.50723211810987e-15,-7.22917188548355e-09,2.10752006883468e-10,-2.49090678099137e-10,6.58535995323531e-11,4.26709874158871e-09,-2.90900822609619e-10,-9.95746527715175e-09,1.2082058599339e-07,7.84671657952113e-17,8.62615597126282e-07,-1.51687408774914e-08,4.64512388213601e-08,1.34983760935301e-06,-1.12002870189844e-08,-9.53986806963407e-10,1.08073272553355e-15,4.57847010213356e-17,-1.06501549958867e-09,-1.34470745293287e-08,1.79591351353604e-09,-2.22985026316958e-07,1.1160766183004e-15,-1.24592590387363e-07,-1.5666453497257e-09,8.29167068355415e-18,1.61423927312666e-16,-3.63838281861135e-17,3.92913137991797e-07,1.05135646085558e-07,-1.22593701760119e-07,1.23298999173931e-06,4.46166949476854e-05,1.05722337591729e-07,-4.61532516908335e-08,-1.52315623028932e-16,-1.1036041032804e-08,3.18360019369277e-08,4.86558091722115e-16,6.08617264693451e-16,-2.19185169386906e-08,-1.35019011965065e-10,-1.35589409483369e-08,8.39478205469443e-07,1.3997581434468e-08,-5.90451065089475e-08,-1.38332361757284e-16,-1.56155347540637e-05,-7.33165616036851e-17,-6.89171203144253e-07,6.47810798060089e-18,-1.62721180529325e-08,-3.08750944914319e-17,6.78596277177494e-08,1.79246595959275e-08,8.79499847004425e-08,3.0960788593161e-05,4.81706335060598e-08,-5.83352439812173e-09,3.75311170299151e-08,1.34619764370934e-08,7.27260029563608e-07,6.74980566731854e-08,1.37613831570187e-08,-3.93778904402578e-08,-7.64884290654892e-07,-6.26742526887688e-08,-1.93631547032945e-08,1.24074702447425e-16,1.839384164627e-07,-3.21431354842479e-08,1.72661730238478e-08,7.73079842615709e-17,3.42332464870542e-08,7.21365105256891e-05,2.93655771951103e-07,9.10799915860478e-17,-7.18809392918739e-08,-4.34968012314642e-07,5.61765022636202e-17,-5.18009794546408e-08,1.19428722963207e-07,-8.71105650238853e-17,3.65573865674159e-17,-4.43378342741199e-09,-2.6574293958645e-07,-1.52158895654789e-09,-2.12344398475705e-06,1.52628468534914e-05,1.48868605120769e-08,1.61272066601649e-07,1.36247122435246e-07,-5.55018743667326e-06,6.71771666072019e-16,6.37272096476683e-10,4.90768466183304e-09,1.35847333457731e-08,1.2754324349447e-06,2.00516182814177e-16,1.07324943106914e-16,4.21262525198121e-07,1.31372169718752e-17,-1.90831629164494e-16,1.83383634913722e-07,-2.7085110204589e-07,-5.07132256995549e-08,-3.03000978777106e-08,1.31072172337965e-06,3.42475754653239e-07,1.06252639924612e-07,1.14476258175333e-16,2.48384995762045e-07,1.16355290007797e-08,5.34452581496833e-08,-4.84899026755769e-08,1.93242774398038e-07,-2.64225215028089e-16,2.74931899596146e-17,9.90842387529838e-17,-1.90845388011352e-07,-8.35559484293704e-09,-1.42111802657511e-05,4.78931980647604e-17,-6.36286881885268e-09,-1.60856675200211e-17,9.91020079220563e-17,1.07676563959956e-06,-2.02337326807088e-05,1.44632569809566e-16,-6.43853284970021e-07,-2.99154505109658e-08,-6.4614801226023e-17,6.8050380457087e-08,4.17578030817639e-15,2.69515941586522e-07,7.70876336188927e-17,2.68991500264053e-07,2.09460426237946e-07,7.58696265057208e-09,7.9503407785112e-08,5.46708963432968e-07,-2.47153982326225e-08,2.01581429621698e-05,-2.89155931506802e-17,4.56534275020005e-07,-2.57982103314624e-08,-7.50783696126159e-17,-3.40398018030382e-09,-6.95593683388863e-08,1.62007421599122e-08,-7.53581642416677e-17,5.23905992190183e-08,6.941179507914e-08,1.05540024319128e-17,-3.10048095132216e-06,-4.26679361484695e-07,-2.00811374477762e-09,8.47705924696888e-17,3.92735276007457e-16,3.62170370093157e-08,1.23618003360202e-07,1.00084647560694e-08,-1.47158366635457e-08,7.45840523594791e-08,1.18153445675407e-17,1.67548533760987e-16,2.72731208184945e-07,1.88030359703528e-09,9.02154969834854e-17,6.61036624707228e-07,-3.05257415610537e-17,3.08985478374035e-08,-1.27278698476444e-07,-7.43860833069311e-08,-4.93630585805833e-07,-1.53667266390041e-16,1.03390673111025e-17,-1.72256928062361e-16,-2.27761720567779e-17,-3.6069152651521e-09,-1.25203334616308e-08,-5.62890128316468e-17,-2.17328055784692e-17,-3.87452047244412e-17,1.76690295519983e-08,1.58963754689397e-10,-8.77948964754784e-09,3.32685788659517e-17,7.1692868655604e-17,2.35244766375042e-16,-3.80483889431555e-07,1.16469158869001e-08,1.44615392794267e-17,2.05149110323848e-09,-5.37503892488509e-08,-7.95792374423853e-17,3.02955475156845e-17,-4.13216558888233e-07,-3.82015031056244e-10,-2.05196403842534e-07,1.55925615004843e-16,2.09128307724954e-08,8.78971186205425e-06,9.45228927602281e-06,-3.32442177938218e-07,-8.08608196144006e-08,1.31872317297451e-09,1.32875918425732e-16,6.03160576793167e-17,8.07239204550044e-18,2.5330892833325e-08,-2.29385669332455e-08,-9.58624235835973e-08,-6.85518224139093e-09,-5.91366737857311e-17,-1.430955512867e-16,-1.0917047197535e-16,-1.89597016721328e-18,-6.015657005422e-16,3.29384641681503e-08,8.08110329342068e-18,7.34639930112895e-17,-5.91692299306772e-08,-3.02214596868082e-16,-5.29735817136967e-08,2.95548119898286e-17,-6.56900430063213e-08,-1.81149651344913e-17,-7.99064049263469e-08,-1.00109474367487e-08,-8.26759411298472e-08,4.14781538332491e-17,3.22590829203152e-07,-1.3532439919124e-17,3.36378250104155e-05,-7.34112516786765e-08,4.06365719640878e-10,-2.02699467099131e-16,6.57048037923546e-07,-2.79318790170183e-16,-1.18416255154308e-05,-8.25539738200814e-08,-3.58387686303677e-17,4.87022141646385e-17,-1.47714470602848e-16,-6.67368460537163e-17,-3.07932212210485e-09,-4.01297195661562e-08,-8.9686696565022e-09,1.15315228624861e-16,9.64770395352078e-18,-8.61301245131937e-09,7.02713138921607e-08,-1.63090810574812e-16,1.37131934534388e-17,-4.12606525924892e-08,-1.58244169327346e-17,-2.9271921748355e-07,3.8099865025005e-16,2.50909781401604e-07,7.51840179555116e-18,-7.39377914473722e-18,-1.01098318125766e-17,1.94199541344429e-17,-6.3797696388019e-17,2.76714021943077e-17,4.85502682794523e-09,-3.39579628076878e-08,-2.20223281927701e-17,-2.26572672623095e-08,2.43763147443131e-05,-2.88148512621833e-16,2.01087962695954e-17,1.86439499673972e-16,-1.55922722203898e-17,9.38169146706207e-08,1.50201857456387e-08,-9.11484498469979e-18,-1.1330422610299e-16,-4.38482835431882e-06,-5.51048998383957e-08,-8.35234949236542e-10,-3.65997108562161e-18,-3.20187450981396e-17,-1.08890129623826e-17,1.33799180954725e-17,2.32703074669383e-16,7.35315346165844e-16,3.62592610654897e-07,-3.4316863004513e-07,-6.60277897534371e-08,-2.54216891637528e-17,3.03134463748717e-16,-2.08090866842058e-16,-2.78476696534942e-16,1.60454963803801e-16,-2.06019758754078e-16,1.79743807646347e-16,1.37505361304936e-17,9.39827842417665e-17,-3.83941013845414e-17,-8.87382869861944e-17,-6.5874797305049e-17,-1.15726448166893e-17,-2.79401846002813e-17,3.31530221321017e-09,-2.56970068182999e-17,-2.76142350749916e-16,2.7023630334067e-17,4.69899364872507e-08,-6.24681778976159e-09,-7.17876285363795e-17,-1.21332752471245e-09,4.30319242962164e-08,5.43995410554472e-17,3.52241769295887e-16,-8.3138613463923e-08,1.44435506105685e-16,1.06408136350481e-09,-1.71301559016472e-17,-3.67536443116999e-18,1.00201601902435e-17,5.11745031497528e-17,1.15245972168387e-08,-1.43538480801832e-07,6.92263389400393e-16,1.3972383362486e-17,-2.05882863292019e-17,-2.41305616790721e-17,-3.4781205693335e-16,5.55115646041334e-17,7.57555333402585e-17,-8.45487452463542e-18,1.74859809040723e-09,-4.77406898000748e-17,-3.00695480567511e-17,-3.29580737944802e-17,-4.36226100407051e-17,-7.27900800982429e-17,-2.92806054795593e-17,-6.10311937957675e-07,-1.76043907571507e-17,-1.42963485101986e-17,2.57943457813843e-08,-2.84821526415757e-16,-1.86366210439947e-16,2.85109637467254e-18,-2.47729376592335e-16,2.16258404598694e-08,5.90764253405785e-17,-1.760313838534e-07,-6.67709847126578e-17,9.62056233775362e-17,6.08455255817939e-16,4.6563455165466e-16,4.68773861413468e-17,-1.56353822512221e-16,6.37227641377238e-09,-1.02479780661984e-16,-4.74776721447189e-17,3.27073532366175e-09,-7.9664660840434e-07,-5.19006226492683e-17,8.94439428733035e-07,8.18576476078962e-08,4.58884969733889e-17,-3.38767667943771e-16,-2.09271082663937e-16,-3.4486058298011e-19,-2.00633265862944e-16,-1.38248270822517e-07,3.11819073522322e-16,2.99677169882807e-17,-4.42713027427755e-17,5.54244166079959e-08,2.1900390933744e-16,1.55354183807524e-16,3.48755232826712e-17,-3.60614404133706e-17,-2.52978358079878e-08,2.14920766272851e-16,6.9180601359569e-10,-1.51363736692591e-17,-1.86738679004395e-16,3.4480660085153e-17,4.91755655424639e-17,-7.85408559146304e-18,-4.75322015418411e-17,-4.23577832604168e-17,-1.20394879031816e-08,-3.66953969127766e-17,3.73252508607877e-16,5.06533388926433e-09,4.74976413134114e-16,-4.6851654837145e-17,2.56426720608607e-16,2.40545494775339e-17,-2.8824924857104e-17,-1.17132789741193e-17,-3.68069487773173e-08,2.82745817564663e-17,2.01059018463713e-16,1.09715786939272e-08,-1.82911814357166e-16,-1.52760179605866e-17,-1.6711568083042e-17,2.07180739084034e-16,1.70503882382312e-16,-2.34885444025455e-16,-1.44547787741593e-17,8.48277090758645e-17,-1.09285591181825e-16,2.44183704691082e-16,6.0247356149127e-17,-5.77843086833306e-09,1.9170473078605e-08,1.23209702039843e-16,4.15030096829678e-17,-8.74821224944689e-17,-1.48533422627661e-17,-4.46691295064028e-17,1.87507050859049e-16,-3.09297826218607e-16,-2.67144230843196e-16,-4.62788336972636e-07,-4.1484848844728e-17,6.75581247316071e-17,-4.04479221692489e-17,-1.18150535813971e-16,2.13679187539122e-09,2.04116895552652e-16,-3.39635678907278e-10,8.07221877693531e-17,4.48907686394534e-16,1.79568751564365e-16,-7.17158625243476e-17,5.69976932367459e-18,-1.86486469380153e-16,-6.16221631012378e-17,3.53302250698815e-16,-1.50548141148579e-16,-6.63481502239999e-18,5.93301981171439e-17,8.0560601758983e-17,3.46274053573254e-17,-2.9918724982699e-17,-8.87263800768234e-17,-6.31384016521734e-18,-2.22102261510243e-17,-2.83202958520343e-16,-1.02941634487391e-16,-2.88949576155428e-17,3.16912295017513e-16,-9.56457739354095e-17,1.03215659842125e-16,6.19198814356353e-17,-5.27523845702623e-17,1.79192243364129e-09,1.38857691182334e-16,-2.42735611256276e-16,7.63141931818482e-17,-1.3735554129835e-16,-1.11766261670186e-17,1.34644339074744e-17,-1.33488397361422e-16,-7.98971617224009e-17,-1.07778210436319e-17,6.29559460659618e-17,-3.03576608295941e-18,-1.41073078588598e-16,-8.0191921306232e-17,-4.90019547806369e-17,-3.95371160912688e-16,9.39858087890837e-17,3.06446233310743e-17,-2.31937811504083e-08,-4.85080085882348e-17,-2.51304471110312e-16,2.57253046870222e-16,-7.22928549618249e-17,8.66620776464209e-16,2.80636355040694e-16,-1.66301152428696e-16,-5.53064135252787e-16,-3.28036749381718e-17,7.90211236524895e-09,1.02427835614574e-16,-1.47197168236155e-17,1.59354017515059e-16,1.72829357010009e-16,-8.60271607026002e-17,5.13840717383088e-16,3.61400084742391e-16,-6.04645160732325e-16,-1.02707093764319e-16,2.21339317129819e-16,3.39109996551781e-16,-1.64654590537126e-16,3.43112167871703e-16,2.50805845205863e-08,-1.42477818268091e-15,1.41482844021744e-16,4.91879857333986e-16,-1.28803218091278e-16,-6.89502811101989e-09,-5.92111857915346e-16,4.00257855993549e-16,1.85464652570054e-16,4.17669446879275e-16,-5.92088174804091e-16,-6.7864270520046e-16,2.83804076290992e-15,-3.24285126890617e-16,1.28637428307627e-15,-1.93772064727074e-15,-2.0376801482465e-15,-0.707106781186549,3.87863823013943e-15,-1.27347368717439e-16,3.70260645078697e-17,-1.73541354903058e-16,-1.11991765043071e-16
"t435",0.0259059552836046,-0.00236385338141135,-0.00208680761680729,-0.000323674818175693,-0.0106231790454481,0.089290924543426,0.0151928055750949,9.64214892494771e-05,0.0224058749301159,-0.0165408118287464,-0.0028820100256672,0.00195097678804497,-0.00369113062718545,-0.000761428559272299,-0.0191091758741148,0.000404989562991703,0.000280843546034001,-5.73915980158669e-05,0.00212726504712294,0.000306763447208708,-6.33894123720787e-05,4.02056288518462e-06,0.000451135022989895,-9.19141993359828e-05,1.86575741568228e-05,-0.0745547728591763,-0.00503384251627731,0.000320647658094574,-0.00137181444534672,0.00192398160899265,4.41537266622923e-05,-0.00143044033545909,-5.35064608075682e-05,0.000329337951993516,-1.61868589162328e-05,1.54815208573188e-05,3.82152092920509e-06,-0.000272019052926303,-6.34711904287256e-05,-2.00362400689272e-05,-8.54285657440497e-05,0.000194419410332005,-1.05143718485702e-05,0.000180800780658648,-4.63280387542253e-05,1.58635604292126e-05,-3.39909807327616e-06,5.39326974053503e-05,-0.000897014461346476,0.0021421167893443,-0.000171455373584213,0.000189771244459707,-3.72847424518833e-06,0.00010234404410256,-0.00413378935096564,0.222261836705737,0.000120862373195794,-0.000714999158518508,0.00259488619733532,-1.5930787070192e-05,-1.1991516771175e-05,0.000152337708846589,-0.000319910512843002,0.000235080890706953,-0.000178405318921541,4.21270640969091e-05,-3.08501121525054e-05,0.0322291422645749,0.000157018437088826,0.00315315291672297,-1.68987434011137e-06,3.35902112873015e-06,-0.000803076821597905,-5.57411703459634e-06,2.28036070050457e-06,1.9087648165282e-07,-1.70821438909732e-05,1.94547251696038e-06,-2.38465098845079e-05,2.57492600847243e-06,-2.30186815014367e-06,-0.000260842431382076,4.68346995076672e-05,2.27572144017386e-05,-3.18330371819468e-05,-9.80410959361614e-05,1.66907519375755e-05,3.00974006452533e-05,5.97241251284725e-07,-2.31175460515556e-05,5.93070654866364e-05,-2.62870822803629e-07,-0.00674452420981171,0.000141686899592741,1.12973043071872e-05,5.26016339937413e-05,6.19760798718619e-06,-3.7665708633449e-05,0.000440608316053974,0.00151950914778909,0.0108582433554259,-2.35603735441933e-06,0.00587218033270862,-0.00119630814799817,0.000746125177543813,-0.000226177309690477,0.369458481419113,0.00109023598419118,-0.0197454638001303,2.84527913734657e-05,0.000795783912329041,0.000817418211796011,-0.000239889663625275,0.000118467495602888,-3.38401657929471e-05,0.000103040038566132,-0.00154976292608779,0.00146301471552367,-0.00877434445635526,0.00044626219564652,-0.000252083927561171,0.000591046720504428,-0.0163360228187389,-0.0669113281604791,-0.000223386191326213,-0.000117699113423049,1.46410838822286e-05,-0.000318084462043665,0.000824577033639764,0.0287459732621926,0.000215404642867813,0.00338688499745759,8.46747084281658e-05,-0.000913021967360003,-3.34052837218961e-06,-0.000725514076957745,0.000157089128383554,9.94040949407563e-05,0.00159845027071327,-0.00660272676239668,0.000245275459633909,4.13869711831574e-06,0.034846619208622,-0.536621273047155,0.000879818126977214,7.12993383566612e-06,8.28829440508142e-06,-1.15563227789673e-05,-6.01497493777601e-07,0.00908672396431112,1.69143323401112e-07,1.77945662616071e-06,2.41337858108992e-07,-7.19813028649939e-06,-4.08448858438783e-07,-6.57366065189146e-07,1.07286078744857e-05,-1.21483635546739e-05,-6.24458953979083e-06,-2.07241394487312e-06,-1.02180306842254e-05,1.49315185235259e-06,-1.02889572288206e-05,-1.50862667374465e-05,9.89117759879051e-06,-6.59659662626252e-06,9.62424849539369e-05,1.64201166792079e-06,8.15961744369836e-05,8.11125432039808e-06,-1.37423913040799e-05,-2.41439430374794e-06,2.76641292644e-07,9.1360829829931e-06,1.72604315802392e-06,0.00085006058282264,1.48574438265635e-07,-5.43613099769949e-06,-4.81036429077458e-05,-2.32534316033217e-05,9.16270314910193e-05,2.32758917619499e-05,-4.73257852452179e-06,-1.82866453354586e-08,-5.36188250328939e-07,-1.36962809298394e-07,-0.000232048741712238,5.19371289900479e-05,0.00023255089975619,-2.17341480636938e-05,-6.31963673457206e-06,1.23418209253836e-05,0.00223764360037782,5.78576868571798e-09,5.74735000023669e-07,-1.01638927716256e-05,-1.87023620715584e-05,-1.08125043686462e-06,1.10428027836484e-05,4.53268576790032e-06,4.50669139571918e-06,6.28214693768328e-05,-1.24496109215934e-07,-1.82774064657326e-06,-3.13329114032914e-05,-1.31686339423996e-05,1.99707158027592e-05,8.96542757274901e-06,-0.000145229122705097,-8.27550341314362e-08,-0.000567643071149674,8.05779154964885e-06,-3.6483669424586e-05,-5.93657584351532e-05,-3.42000836151389e-07,-2.43419223745685e-06,6.33666561937233e-07,3.98624956114086e-07,-8.84131802862529e-06,-0.00152428134289182,-1.73353676999392e-05,2.19720424523758e-05,4.88380425688784e-06,2.11367422145781e-05,-0.00474500325029295,-2.03425589502895e-06,-0.000294016820290032,-1.43889207159487e-06,-2.89959103805108e-05,-2.33678289814581e-05,5.81388396265483e-06,1.213475770428e-06,8.88451374853221e-06,0.00144276921185269,-7.04902702174762e-07,-1.43576650158626e-07,-0.00199820162348166,3.02810536407089e-17,-4.81503645743409e-07,6.97073379873989e-06,-1.46781255329745e-06,-3.90662215265537e-06,-0.00170809822700977,-2.35573681092253e-07,-1.47160847543782e-05,3.9380133203127e-06,-7.45803370428984e-07,4.869613332855e-08,-9.63231700186334e-07,0.000110665213344404,-2.87627937144363e-07,3.06360036624594e-05,-2.29720701684167e-05,1.00889907150725e-07,-6.53476957664318e-09,3.0836622380424e-07,-2.84471935072668e-07,4.47052132217678e-06,1.10960352396283e-05,-2.09586651570551e-06,4.05068344631055e-06,-7.49898191122624e-06,8.52991778306353e-05,-5.11044512316373e-06,5.25429644903071e-06,-1.77848050320764e-06,3.32848235115991e-08,0.000136778011168624,-2.20150686698118e-06,2.08956584704732e-06,6.83529100676244e-08,-1.78431623979412e-06,1.79505373325758e-06,-2.13267668882719e-06,3.3795491955324e-06,-6.55147332093423e-06,5.16499797537949e-06,-3.88362553303705e-07,0.00206546273908301,-1.62665865663961e-07,9.86056914894453e-06,-1.60000616777478e-16,-2.8598623936057e-05,-9.86270516058054e-07,-1.12113379881177e-10,-9.922038167533e-07,4.73922585222265e-05,-1.49087945494106e-06,-2.57686613746878e-07,2.99760413303284e-08,-1.38191420553906e-06,8.21186211639529e-05,1.82221678482894e-06,-1.3995407823446e-07,2.08451457081935e-05,-2.51873045027553e-05,6.90850372669796e-06,-1.21423203585411e-05,1.71951126359642e-06,7.02707348325138e-07,4.63097557025299e-08,2.88760950694597e-05,-1.62926896372839e-05,7.42073142737489e-08,-0.00189774457790357,2.32683244907998e-06,-8.58645109921549e-06,0.000192201173537401,5.74933576146313e-06,2.90717786384305e-06,-9.25148832597117e-07,-0.000531448607272213,6.02952924558033e-07,-2.79316650220192e-06,7.92191855715142e-07,7.38827142293749e-06,-1.44383144688911e-05,-3.57646850933363e-16,5.11179809781989e-08,2.84180196947012e-06,-2.92864239144161e-07,1.71697135959797e-05,1.92095400641911e-07,4.71584511978171e-06,1.22358099059748e-05,-1.9612380743688e-05,0.0229397989401993,-5.8217793891599e-17,-8.7904321651941e-06,-8.5088842590227e-09,-4.54789863242836e-07,1.93005676157595e-07,0.000128594452060862,-3.13451241681363e-07,-1.26960481305296e-05,3.47463417162066e-06,-1.50408533960947e-06,2.31006242044644e-05,-3.14370745251709e-07,-8.59473140327827e-06,-4.01113101210781e-08,-5.70112073882919e-09,-8.60675267442519e-06,4.55711027909328e-07,-9.36464912475716e-06,5.81953797891185e-17,-2.42898990967695e-06,1.90951453301518e-07,5.50319572248022e-09,4.85606470555975e-08,-1.79285289626823e-05,-3.72008345853841e-05,1.68552906908402e-06,-6.17153432400861e-06,-0.00227457369077779,-4.14727167742611e-16,-5.85708149792407e-06,-2.05155471131995e-07,-7.50154025396021e-06,7.24684463045832e-14,2.2857764329222e-05,1.79105089660558e-06,-2.7367119573637e-07,-1.15344453250569e-05,-3.83241802247868e-06,-2.04150284813483e-06,-6.47426535276446e-06,2.03979040034528e-06,1.44305138675013e-06,7.97730411505206e-08,4.41826282791196e-06,5.62978588981135e-07,3.72830994594135e-17,-2.26271754826935e-07,0.000231617852185209,3.51318668362056e-06,-5.31514543743184e-06,-4.01766091432554e-17,-4.54167356059678e-07,8.34458435225341e-08,-2.27024731562673e-06,-1.34968051358697e-07,-5.090368725787e-06,4.76814601549532e-07,-6.3029172263785e-06,9.7496870686801e-06,1.7280223713263e-16,3.50934611430969e-05,-5.90644179139412e-07,1.6597073450597e-06,4.32731376000546e-05,-3.56248896899301e-07,-2.94940022410426e-08,1.30104260698261e-17,-2.36583199515877e-17,-2.83685998080193e-08,-3.20028341734982e-07,4.21854750850215e-08,-4.79261508408608e-06,2.33799779298746e-14,-2.26655001790306e-06,-2.67287028780135e-08,1.68600401570725e-17,-1.18183985135066e-17,3.39141379874093e-17,5.6488716392035e-06,1.48287934476071e-06,-1.62488082054069e-06,1.55690249254015e-05,0.000560317167877282,1.26608484045339e-06,-5.49814522284808e-07,-3.320551360763e-16,-1.20696047011186e-07,3.387717724564e-07,1.56728836671044e-16,2.30958924198548e-16,-2.11904530924942e-07,-1.27850480142487e-09,-1.25023929631935e-07,7.60965968887131e-06,1.22994212179099e-07,-5.16309439756806e-07,-2.9506213790569e-16,-0.00013565576060164,2.47957962830915e-16,-5.87799690491837e-06,-2.72839476705977e-16,-1.36981397953689e-07,-3.42268865817548e-17,5.62111638699257e-07,1.4800447900769e-07,6.97542821280868e-07,0.000243565695499116,3.77685741063871e-07,-4.50891507038248e-08,2.86619519052487e-07,1.00098818780482e-07,5.40642545815594e-06,4.97844101797146e-07,1.00084857449444e-07,-2.81264384910041e-07,-5.38423512684544e-06,-4.36306005865625e-07,-1.34076509331933e-07,-8.94227721384178e-17,1.25326867012325e-06,-2.1576619097335e-07,1.1143812586574e-07,1.10858770707953e-16,2.18609707482023e-07,0.000453585516018515,1.83468775921707e-06,-3.10963819304556e-19,-4.47636857650013e-07,-2.67481949587782e-06,-2.81221871843247e-16,-3.16628956158324e-07,7.05405196955035e-07,9.53481071125278e-17,-3.3592690461283e-16,-2.58621857595297e-08,-1.54836714691666e-06,-8.82040686801386e-09,-1.22367547676665e-05,8.68200313109427e-05,8.4588279851405e-08,9.14942185778325e-07,7.60385844039048e-07,-3.0580908707804e-05,5.5196732601237e-16,3.49477910189975e-09,2.68919678986508e-08,7.42299305692764e-08,6.94598739065732e-06,-1.13958404448638e-17,5.07631464219115e-17,2.28383597481909e-06,-1.87853866655512e-16,-1.00985263679318e-16,9.6763221251263e-07,-1.42279939322553e-06,-2.66375279263812e-07,-1.57643140036201e-07,6.81067264986675e-06,1.77906423628477e-06,5.50989973941699e-07,1.24977497802698e-17,1.26505802909432e-06,5.90413147212484e-08,2.70863001505825e-07,-2.44277409479496e-07,9.63139065462283e-07,-7.93788102504254e-16,-1.7179398780516e-16,4.66002876375989e-16,-9.3717184421426e-07,-4.07764784869466e-08,-6.9320012604452e-05,-3.28271225705239e-16,-3.08545063274268e-08,5.55466622888019e-17,7.97617066885746e-17,5.0933176284487e-06,-9.56808370631497e-05,3.96817995129695e-17,-3.02693725971062e-06,-1.40170271744863e-07,-3.5193442323305e-16,3.16703489000776e-07,2.16937336391395e-14,1.24433661783771e-06,8.117536480072e-18,1.24103475592655e-06,9.6584869963326e-07,3.49628050008949e-08,3.66058377197286e-07,2.51236714614889e-06,-1.1276769418844e-07,9.10796822649928e-05,3.59766937362595e-16,2.03847657499416e-06,-1.15048975851401e-07,-2.90140379762978e-17,-1.51553183146702e-08,-3.08772682714968e-07,7.17231911075267e-08,1.30712151566493e-16,2.29872301394676e-07,3.04023049685246e-07,-3.42405464059401e-16,-1.35486890622653e-05,-1.86241465236697e-06,-8.72857132397424e-09,1.94926680546261e-16,-5.09107579717501e-16,1.55897437633527e-07,5.29952706223913e-07,4.28708493562555e-08,-6.19564223557042e-08,3.13154900317385e-07,-3.1285548709996e-16,-1.75977790568508e-16,1.14296580236862e-06,7.87813385212677e-09,5.33860400094271e-16,2.76093617326065e-06,8.04710468324466e-18,1.28665160025328e-07,-5.27838858687718e-07,-3.08398157711393e-07,-2.04422959930477e-06,-2.629821917286e-16,-1.39866024863885e-17,2.99442727927439e-16,-1.65024816945374e-16,-1.47875712984349e-08,-5.12889075661498e-08,-1.01699245575803e-17,3.73498215835866e-16,-2.75856280122913e-16,7.21686385481112e-08,6.48462894353737e-10,-3.56925443127811e-08,8.17295454511968e-17,9.86217401147127e-16,-1.00800986481409e-15,-1.52936240909837e-06,4.67969703620965e-08,5.98771806478912e-16,8.20713052382487e-09,-2.14658685446854e-07,9.31729443990161e-16,-1.34231711391637e-16,-1.64352806566232e-06,-1.51893437081852e-09,-8.13951130066108e-07,1.16393842936692e-16,8.26290631338888e-08,3.46545198866603e-05,3.71558717322245e-05,-1.30152724369982e-06,-3.16233394833967e-07,5.14696138608385e-09,8.86689472135051e-16,6.24991968367106e-16,4.44452218101758e-16,9.7759670020187e-08,-8.8511889252608e-08,-3.6937779414926e-07,-2.62287025850829e-08,1.25796330024014e-15,-4.80487500682968e-16,-5.1212375259192e-16,6.13496376174679e-16,1.13446290916378e-15,1.25114554823244e-07,1.09740473611792e-15,8.55276108803616e-16,-2.24119740682657e-07,4.54693117631727e-16,-2.00622044803195e-07,-3.31233562964687e-17,-2.48719411034696e-07,5.2824916941442e-16,-3.01088887190544e-07,-3.767841338012e-08,-3.10628567740238e-07,2.45473572584474e-16,1.20945225182719e-06,7.9858294817899e-18,0.000125531315134105,-2.72331352580632e-07,1.50709447247773e-09,-9.24759237774139e-16,2.43099246090344e-06,-1.4754239176827e-15,-4.36484713799228e-05,-3.04239896624642e-07,9.25701629197615e-16,-1.54224173773361e-15,-2.36831442641498e-15,-6.22227999579231e-16,-1.13135994219696e-08,-1.4731983467777e-07,-3.28940047164377e-08,2.04564460378837e-15,5.31735464932554e-16,-3.14493719604601e-08,2.5653676504118e-07,6.78262600407773e-16,1.73796668075264e-15,-1.49806465415167e-07,1.618599556656e-15,-1.0615549506505e-06,-3.44016692569983e-15,9.06900658865232e-07,-2.74071764074623e-15,2.42581640073619e-15,-5.69259522674586e-16,1.40432630076603e-15,-2.88823790642715e-16,6.28884516830425e-16,1.74313010583762e-08,-1.21910717666749e-07,8.85625946776156e-16,-8.11533062264221e-08,8.72267460736205e-05,-1.45486494226944e-16,-8.05614533720644e-15,-5.69607391708285e-15,-1.49491864235717e-15,3.34331560657938e-07,5.34758518396005e-08,4.07840676990157e-15,1.82483555618165e-15,-1.55946334715451e-05,-1.95953495479287e-07,-2.96872644408106e-09,-1.82394582772103e-15,8.77618833452296e-15,2.22732503477886e-15,-1.70242786823333e-14,-8.45984752311306e-13,0.707106781186546,1.27920164401914e-06,-1.2098389004052e-06,-2.32621119564139e-07,6.09348899002191e-15,-1.86434961037794e-14,2.31526724577489e-14,-2.52955557972622e-14,-2.0124359549377e-15,-8.86409313288901e-16,-2.25810521692349e-15,-4.41561550935588e-15,-7.99356686241429e-15,3.51771838688729e-15,-1.01487413158467e-15,4.75089125263181e-15,1.4929413552063e-15,-1.46095315675608e-15,1.15480034833716e-08,2.05563855249806e-15,3.78634779358399e-15,-7.65082375378517e-16,1.63434516656263e-07,-2.17194714266602e-08,2.51586634340667e-15,-4.21771311871437e-09,1.49314177101461e-07,7.92463499507679e-16,2.86139873823637e-15,-2.87830245809364e-07,7.6116430378616e-16,3.67383732027793e-09,4.91718467598148e-16,3.58007128275231e-16,-2.74126155707489e-15,1.97206862971674e-15,3.9619997403818e-08,-4.93323479694038e-07,1.23804050648896e-15,-3.08507478234687e-16,-2.39550624457562e-16,9.43237116312389e-16,-4.70706373184582e-16,-6.47355105009511e-16,1.45444253999137e-16,7.83410355754086e-16,5.92244306331238e-09,3.72620229493353e-16,-1.19849322436821e-16,1.00177425992771e-15,-2.95217475788239e-16,3.06968768333441e-16,-7.17689052755879e-16,-2.06073305780305e-06,-2.59577646853797e-16,4.0784037683479e-17,8.70459233800262e-08,4.65890823475979e-16,6.08922303074394e-16,-5.61394984804809e-17,3.88863104630714e-16,7.2499080678309e-08,-6.26222403549093e-16,-5.89441666350014e-07,1.03044578347359e-15,2.27742648677099e-16,-2.77802219327863e-16,7.82889895015811e-16,4.20842485103456e-16,-4.41450175177633e-16,2.12868419124958e-08,-6.73599649509354e-16,7.9326211626069e-16,1.09061645410885e-08,-2.6561502856555e-06,1.64068083009611e-17,2.97755704636236e-06,2.72368113948199e-07,4.55055684073189e-16,2.2669895425458e-16,-5.8879777031149e-16,3.66461064984774e-16,4.47594756907323e-16,-4.56713674352113e-07,-5.93733861232427e-16,3.92026810465011e-16,1.56281905542448e-16,1.82764319777008e-07,-9.79031705130165e-17,2.51215668168725e-16,2.09784630420822e-16,6.67856949217587e-17,-8.32200961818413e-08,5.20043966714983e-17,2.27408870222622e-09,5.59443480335233e-16,6.59515021291642e-17,-1.88135517068345e-16,1.28268638520461e-16,2.93016501756576e-16,-1.15508880951681e-16,3.85261305081982e-16,-3.94217974399197e-08,6.91614940062452e-16,3.44217114493748e-17,1.65698374889293e-08,2.85809881250132e-16,-2.33266463229172e-16,5.10738579949197e-16,-3.89685755984412e-16,3.48281513643882e-16,-6.63996815068173e-16,-1.20041538134722e-07,1.2729842554233e-17,-4.39628746524208e-16,3.57344746546122e-08,5.51603174839417e-16,-1.44182791550847e-16,7.76538336617233e-16,3.03713768254993e-17,-1.4963706862128e-17,4.14567924552095e-16,-1.7789269074698e-16,-4.06408727519725e-16,-2.12661327336493e-16,2.77243577715718e-17,4.21163056533575e-16,-1.87278703556831e-08,6.20948703375766e-08,1.7883875202012e-16,-2.73011070350808e-16,-1.76657268155263e-16,-7.55776841005946e-16,7.53520509877426e-18,4.9435610619083e-17,2.45031828240176e-16,-3.23572341891304e-16,-1.49443260617446e-06,-1.05464823679233e-16,-5.63525682998141e-16,-8.87478727348008e-18,-1.15942554051935e-16,6.88230071880925e-09,2.24905129118811e-16,-1.0907537494231e-09,-2.12447801981348e-17,-6.00685300369184e-17,-3.2383027907419e-16,2.38248808334547e-16,-7.23738565940551e-17,3.43662243999524e-16,2.72538775825134e-16,-4.35698062848666e-17,7.14075700383399e-17,-3.37931280380084e-17,9.75692859860103e-17,-3.12879835969964e-16,-7.20913702359141e-17,1.39033736523036e-16,-3.87543129890977e-17,1.7561743835529e-16,-2.34004910970378e-17,-2.28427484056232e-16,2.71822937704207e-16,-3.67137509153555e-16,1.3124267297937e-16,2.22409125594635e-16,9.50878985981514e-17,-8.3764738075114e-17,-2.99870649804527e-17,5.69462229567556e-09,4.41116799904895e-16,1.3018036394629e-17,1.604265894546e-16,1.11660958371649e-16,-7.39270102763737e-17,7.83880453529942e-17,-4.11743444887256e-17,2.7452363505224e-16,2.65042088732713e-17,2.43694931034678e-16,-5.69748241641133e-17,2.30173698149137e-16,1.03488072715247e-16,-2.58332022463821e-16,-8.44774370080624e-17,9.18606375699988e-17,-1.38001250901221e-16,-7.31971257314923e-08,2.5681925408501e-16,1.09807820440754e-16,8.11946275271131e-17,3.09017873488076e-16,-1.55431099275479e-16,-3.50564230077482e-17,-1.5457091184031e-16,-1.11543117451137e-16,-4.74174901699245e-17,2.47628231548623e-08,1.97005820391003e-16,4.40009167784927e-17,1.81011440267907e-17,-2.48113527879425e-17,1.71445719823836e-16,-1.68836974686365e-17,2.77862653527102e-17,-6.56130400731573e-16,1.54952912066358e-16,3.09412694990092e-16,1.57568380731628e-16,1.65612595936993e-17,-1.55678525566526e-16,7.80491846854221e-08,-3.94570202868119e-17,2.70132534525557e-17,-2.45881464181209e-17,-4.39318720291126e-16,-2.13882237002278e-08,-6.42500408681151e-17,1.46896851130925e-16,6.03588360684536e-17,7.0961096669947e-17,-1.1334250092047e-16,-2.7236072330024e-17,-3.86184113921163e-17,3.30258745907655e-16,-2.56200267648336e-17,-9.93147234382262e-18,-7.10243536331416e-17,2.73764778084131e-16,1.64171791024105e-17,8.89192795117457e-17,-2.98982056627767e-17,2.14751381289057e-17,-1.97051155450268e-16
"t535",0.0259059552836046,-0.00236385338141135,-0.0020868076168073,-0.000323674818175695,-0.0106231790454481,0.089290924543426,0.0151928055750949,9.64214892494768e-05,0.0224058749301159,-0.0165408118287464,-0.0028820100256672,0.00195097678804497,-0.00369113062718545,-0.000761428559272304,-0.0191091758741148,0.000404989562991697,0.000280843546034005,-5.73915980158599e-05,0.00212726504712295,0.000306763447208713,-6.33894123721056e-05,4.0205628851825e-06,0.000451135022989896,-9.1914199335995e-05,1.86575741568353e-05,-0.0745547728591763,-0.0050338425162773,0.000320647658094563,-0.00137181444534672,0.00192398160899265,4.41537266622733e-05,-0.00143044033545909,-5.35064608075568e-05,0.000329337951993504,-1.61868589162686e-05,1.54815208573573e-05,3.8215209291951e-06,-0.00027201905292628,-6.34711904287228e-05,-2.00362400689074e-05,-8.54285657440306e-05,0.00019441941033202,-1.05143718485891e-05,0.000180800780658674,-4.63280387542405e-05,1.58635604292099e-05,-3.39909807325945e-06,5.39326974053397e-05,-0.000897014461346523,0.00214211678934436,-0.000171455373584222,0.000189771244459676,-3.72847424522689e-06,0.000102344044102563,-0.00413378935096561,0.222261836705736,0.000120862373195876,-0.000714999158518487,0.00259488619733536,-1.59307870701895e-05,-1.19915167711955e-05,0.000152337708846555,-0.000319910512843019,0.000235080890706873,-0.0001784053189215,4.2127064096951e-05,-3.08501121524248e-05,0.0322291422645749,0.000157018437088792,0.00315315291672298,-1.68987434017509e-06,3.35902112874901e-06,-0.000803076821597899,-5.57411703461067e-06,2.28036070061484e-06,1.90876481643947e-07,-1.7082143890974e-05,1.94547251697558e-06,-2.38465098844535e-05,2.57492600840924e-06,-2.30186815015755e-06,-0.000260842431382068,4.68346995076925e-05,2.27572144017733e-05,-3.18330371819277e-05,-9.80410959362597e-05,1.66907519375531e-05,3.00974006452075e-05,5.9724125122182e-07,-2.31175460515117e-05,5.93070654866299e-05,-2.62870822775006e-07,-0.00674452420981168,0.000141686899592814,1.12973043072002e-05,5.26016339937083e-05,6.19760798716811e-06,-3.76657086334461e-05,0.000440608316053992,0.00151950914778903,0.0108582433554257,-2.35603735446534e-06,0.00587218033270859,-0.00119630814799811,0.00074612517754376,-0.000226177309690415,0.369458481419112,0.00109023598419126,-0.0197454638001303,2.84527913734658e-05,0.000795783912329069,0.000817418211796056,-0.000239889663625294,0.000118467495602883,-3.38401657929418e-05,0.000103040038566111,-0.00154976292608787,0.0014630147155237,-0.00877434445635527,0.000446262195646559,-0.000252083927561198,0.000591046720504358,-0.0163360228187389,-0.066911328160479,-0.000223386191326204,-0.000117699113423004,1.46410838822095e-05,-0.000318084462043696,0.000824577033639778,0.0287459732621927,0.000215404642867873,0.00338688499745756,8.46747084281301e-05,-0.00091302196736005,-3.34052837229444e-06,-0.000725514076957717,0.000157089128383565,9.94040949407059e-05,0.0015984502707133,-0.00660272676239671,0.000245275459633907,4.13869711834821e-06,0.034846619208622,-0.536621273047152,0.000879818126977405,7.12993383565316e-06,8.28829440513414e-06,-1.1556322778964e-05,-6.01497493784427e-07,0.00908672396431107,1.69143323416074e-07,1.77945662617058e-06,2.41337858120989e-07,-7.19813028647186e-06,-4.08448858430132e-07,-6.57366065196946e-07,1.07286078744774e-05,-1.21483635548641e-05,-6.24458953982975e-06,-2.07241394481456e-06,-1.02180306842983e-05,1.49315185234341e-06,-1.02889572288818e-05,-1.50862667374197e-05,9.89117759879185e-06,-6.59659662617132e-06,9.6242484953888e-05,1.64201166791697e-06,8.15961744369473e-05,8.11125432038126e-06,-1.37423913039067e-05,-2.4143943037268e-06,2.76641292607527e-07,9.13608298297513e-06,1.7260431580014e-06,0.000850060582822603,1.48574438271794e-07,-5.43613099758246e-06,-4.81036429077782e-05,-2.32534316032924e-05,9.16270314910164e-05,2.32758917619856e-05,-4.73257852435499e-06,-1.82866453175677e-08,-5.36188250261138e-07,-1.36962809284148e-07,-0.000232048741712279,5.19371289902708e-05,0.000232550899756182,-2.17341480637778e-05,-6.31963673460238e-06,1.2341820925353e-05,0.00223764360037776,5.78576872734041e-09,5.74735000065082e-07,-1.01638927715566e-05,-1.87023620713909e-05,-1.08125043682341e-06,1.10428027831536e-05,4.53268576797113e-06,4.50669139580369e-06,6.28214693768564e-05,-1.2449610919284e-07,-1.82774064663866e-06,-3.1332911403355e-05,-1.31686339423422e-05,1.99707158027452e-05,8.96542757274164e-06,-0.000145229122705025,-8.2755034149631e-08,-0.000567643071149598,8.05779154963446e-06,-3.64836694245463e-05,-5.93657584351549e-05,-3.42000836158676e-07,-2.43419223745895e-06,6.33666561635046e-07,3.986249560741e-07,-8.84131802875499e-06,-0.00152428134289185,-1.73353676999704e-05,2.19720424522409e-05,4.88380425674144e-06,2.11367422145667e-05,-0.0047450032502928,-2.03425589501745e-06,-0.000294016820289999,-1.43889207158444e-06,-2.89959103805784e-05,-2.33678289814444e-05,5.81388396250505e-06,1.21347577051864e-06,8.88451374851501e-06,0.00144276921185262,-7.04902702190986e-07,-1.43576650296526e-07,-0.00199820162348162,-9.3528795928579e-18,-4.81503645762957e-07,6.97073379875507e-06,-1.46781255328296e-06,-3.90662215259526e-06,-0.00170809822700977,-2.35573681173652e-07,-1.47160847543833e-05,3.93801332060654e-06,-7.45803370426596e-07,4.86961334342694e-08,-9.6323170021245e-07,0.000110665213344408,-2.87627937157872e-07,3.06360036625383e-05,-2.29720701684595e-05,1.00889907209038e-07,-6.53476957404109e-09,3.08366223886589e-07,-2.84471935069455e-07,4.4705213218115e-06,1.10960352396148e-05,-2.09586651570659e-06,4.05068344632267e-06,-7.4989819112554e-06,8.52991778306575e-05,-5.11044512311138e-06,5.25429644902402e-06,-1.77848050315959e-06,3.32848235150945e-08,0.000136778011168579,-2.20150686684118e-06,2.08956584710654e-06,6.83529100951003e-08,-1.78431623978742e-06,1.79505373327992e-06,-2.1326766890243e-06,3.37954919551135e-06,-6.55147332084037e-06,5.1649979748782e-06,-3.88362553264613e-07,0.00206546273908306,-1.62665865641097e-07,9.86056914894393e-06,-2.40671431951101e-16,-2.85986239361882e-05,-9.86270516003823e-07,-1.12113344493735e-10,-9.92203816572526e-07,4.73922585222105e-05,-1.49087945499508e-06,-2.57686613965172e-07,2.99760414862565e-08,-1.38191420556703e-06,8.21186211640069e-05,1.82221678470206e-06,-1.39954078192992e-07,2.08451457080472e-05,-2.51873045027862e-05,6.90850372677623e-06,-1.2142320358489e-05,1.71951126376891e-06,7.02707348288926e-07,4.63097556592596e-08,2.88760950695395e-05,-1.62926896373352e-05,7.42073142898003e-08,-0.00189774457790354,2.32683244908997e-06,-8.58645109929757e-06,0.000192201173537377,5.74933576146344e-06,2.9071778639283e-06,-9.25148832599846e-07,-0.000531448607272236,6.0295292452809e-07,-2.79316650202371e-06,7.92191855913269e-07,7.38827142301848e-06,-1.44383144689042e-05,2.5423232557462e-16,5.11179808285431e-08,2.84180196969469e-06,-2.92864239253231e-07,1.71697135959477e-05,1.92095400517075e-07,4.71584511976934e-06,1.22358099060231e-05,-1.96123807439732e-05,0.022939798940199,-3.81957768975667e-16,-8.79043216524883e-06,-8.50888436316536e-09,-4.5478986306693e-07,1.93005676046853e-07,0.000128594452060673,-3.13451241705956e-07,-1.26960481302815e-05,3.47463417171189e-06,-1.50408533957056e-06,2.31006242045821e-05,-3.14370745259752e-07,-8.5947314034913e-06,-4.01113099107143e-08,-5.70112034252619e-09,-8.60675267482779e-06,4.55711027861563e-07,-9.36464912463316e-06,4.97550910839185e-17,-2.42898990971335e-06,1.90951453352042e-07,5.50319539725903e-09,4.8560647219894e-08,-1.79285289627587e-05,-3.72008345855686e-05,1.68552906908669e-06,-6.17153432405477e-06,-0.00227457369077721,-3.54878887134304e-16,-5.85708149802007e-06,-2.05155471069205e-07,-7.50154025375783e-06,7.18468929724952e-14,2.28577643291505e-05,1.79105089654341e-06,-2.73671195295593e-07,-1.15344453249894e-05,-3.83241802254911e-06,-2.04150284768721e-06,-6.47426535260877e-06,2.03979040013073e-06,1.4430513865555e-06,7.97730408784326e-08,4.4182628277703e-06,5.62978588189918e-07,2.09595532365533e-17,-2.26271754855195e-07,0.000231617852185133,3.51318668309363e-06,-5.31514543738872e-06,-4.71629872044529e-17,-4.54167356039695e-07,8.3445843680936e-08,-2.27024731548547e-06,-1.34968051878584e-07,-5.09036872574933e-06,4.76814601202828e-07,-6.30291722655172e-06,9.74968706858465e-06,-2.06238321912471e-16,3.50934611430337e-05,-5.90644179132636e-07,1.65970734453547e-06,4.32731375997624e-05,-3.56248896661239e-07,-2.94940021248351e-08,-1.38777878078145e-17,6.35789937334717e-17,-2.83685998223494e-08,-3.20028342235958e-07,4.21854756049407e-08,-4.79261508376323e-06,2.3369312148399e-14,-2.26655001778616e-06,-2.67287029860671e-08,3.60593632446571e-18,-3.21620818512511e-18,-1.67288235449517e-17,5.64887163894238e-06,1.48287934495453e-06,-1.62488082047922e-06,1.55690249250868e-05,0.000560317167877213,1.26608484072705e-06,-5.49814522000893e-07,-2.37505778357881e-16,-1.206960470228e-07,3.38771772345084e-07,-1.54063960455085e-16,-2.48079799199117e-16,-2.11904530994658e-07,-1.2785052349015e-09,-1.25023929773168e-07,7.60965968811939e-06,1.22994211517785e-07,-5.16309439544031e-07,8.35412607262935e-17,-0.000135655760601517,-1.83995357174209e-16,-5.87799690494001e-06,-3.36590564448125e-16,-1.36981398089792e-07,-5.40469454080198e-17,5.62111638631954e-07,1.48004479276367e-07,6.97542821499505e-07,0.000243565695498913,3.7768574085207e-07,-4.50891513248312e-08,2.86619519353805e-07,1.00098818754885e-07,5.40642545482448e-06,4.97844102185932e-07,1.00084857471072e-07,-2.81264384166188e-07,-5.38423512768856e-06,-4.36306005787351e-07,-1.34076509559323e-07,6.93318402841583e-17,1.25326867028791e-06,-2.15766191267249e-07,1.1143812605071e-07,1.6331475765804e-16,2.18609707934165e-07,0.000453585516018349,1.83468775913462e-06,1.48773180698032e-19,-4.47636857118321e-07,-2.67481949517566e-06,3.03597817154516e-16,-3.16628956241364e-07,7.05405196706443e-07,-1.08112059687308e-16,3.9830062331987e-16,-2.58621860334596e-08,-1.54836714696539e-06,-8.82040603825355e-09,-1.22367547677628e-05,8.68200313113947e-05,8.45882800595142e-08,9.14942185649477e-07,7.60385843791482e-07,-3.05809087078109e-05,7.54658922158535e-16,3.49477893327531e-09,2.68919681160295e-08,7.42299303466711e-08,6.94598739048447e-06,-9.77667379054871e-17,2.29366760072346e-17,2.28383597476706e-06,1.66731786273431e-16,-4.84939244581153e-16,9.67632212813893e-07,-1.42279939268464e-06,-2.66375279140819e-07,-1.57643139797905e-07,6.81067264985769e-06,1.77906423592509e-06,5.50989974230677e-07,-2.56683916676506e-17,1.26505802829535e-06,5.9041314239188e-08,2.70863001573559e-07,-2.44277409457085e-07,9.63139065402413e-07,8.24105401514563e-16,1.31022843018983e-16,-6.73702857411279e-17,-9.37171844293424e-07,-4.07764785065635e-08,-6.9320012604783e-05,-2.89511088732433e-18,-3.08545062563443e-08,2.69188700377081e-16,-9.10248327645985e-17,5.09331762884559e-06,-9.56808370634893e-05,3.20815422838461e-16,-3.02693725991017e-06,-1.40170271465151e-07,4.56663557006844e-16,3.16703489764635e-07,2.1518687637022e-14,1.24433661794345e-06,6.46638791509848e-17,1.24103475621203e-06,9.65848699299514e-07,3.4962804853133e-08,3.66058377824927e-07,2.5123671462638e-06,-1.12767693991956e-07,9.10796822646467e-05,-3.49506013728362e-16,2.03847657558828e-06,-1.15048975962348e-07,1.72769986571666e-17,-1.51553185587426e-08,-3.08772682618687e-07,7.17231898049888e-08,-1.38981866629943e-16,2.29872301870535e-07,3.04023049694974e-07,4.24399010975727e-16,-1.35486890619255e-05,-1.86241465194611e-06,-8.72857193536889e-09,-2.4747730254074e-16,5.37498892485083e-16,1.55897437702777e-07,5.29952706054554e-07,4.28708492847302e-08,-6.19564235594728e-08,3.13154901053449e-07,3.22797023278462e-16,1.06347959752559e-16,1.1429658022259e-06,7.87813559164915e-09,-6.23008138088237e-16,2.76093617255625e-06,1.45785006424451e-17,1.28665160467533e-07,-5.27838858692134e-07,-3.08398156588696e-07,-2.0442295991563e-06,-3.01555444586829e-16,3.93230802690541e-17,-2.8355035809386e-16,1.11210419176376e-16,-1.4787571092233e-08,-5.12889074529283e-08,-1.07234200729625e-16,-1.87540149473558e-16,2.91987131436033e-16,7.21686387088638e-08,6.48464386470836e-10,-3.56925440747848e-08,-1.05625987115262e-16,-8.72362620508993e-16,1.11558982537896e-15,-1.52936240969313e-06,4.67969713392909e-08,-5.89424452194691e-16,8.20713138238365e-09,-2.14658684334108e-07,-8.79987958291464e-16,1.40339461114201e-16,-1.64352806582148e-06,-1.51893391648645e-09,-8.13951130127337e-07,-1.282914120268e-16,8.2629062140707e-08,3.4654519884543e-05,3.71558717338323e-05,-1.30152724261284e-06,-3.16233393936911e-07,5.1469609385011e-09,-8.29602599447205e-16,-5.8744466709483e-16,-3.7178252946522e-16,9.77596668991383e-08,-8.8511889762399e-08,-3.6937779391979e-07,-2.62287028421671e-08,-1.18769864528972e-15,5.35441723416717e-16,5.60468502649547e-16,-6.23985796274771e-16,-9.94706893670876e-16,1.25114552343781e-07,-1.19651988910749e-15,-4.73244507568393e-16,-2.24119740317291e-07,-4.78632829019555e-16,-2.00622046043246e-07,-3.85752954236797e-18,-2.48719410851186e-07,-5.30533522108471e-16,-3.01088887804469e-07,-3.76784130314633e-08,-3.10628566247272e-07,-1.78942139089386e-16,1.20945225370541e-06,-8.05402011367091e-17,0.000125531315133481,-2.72331352023785e-07,1.50709366296346e-09,9.89617309016719e-16,2.43099246036125e-06,1.43633141803199e-15,-4.36484713772753e-05,-3.04239896173672e-07,-9.43135085275073e-16,1.5459782533509e-15,2.38965451801975e-15,5.7647507926925e-16,-1.13136005047073e-08,-1.47319834766123e-07,-3.28940035257674e-08,-1.96586307189622e-15,-5.31071226648719e-16,-3.14493707201614e-08,2.56536765403954e-07,-6.69248936342734e-16,-1.72086666732218e-15,-1.4980646528503e-07,-1.62441986640432e-15,-1.06155494647842e-06,3.5168018496828e-15,9.06900658300086e-07,2.79992154451525e-15,-2.78552661656283e-15,5.51794145643035e-16,-1.35670267113453e-15,2.82198472050123e-16,-7.69627865458677e-16,1.74312855776869e-08,-1.21910718195504e-07,-8.79044982331706e-16,-8.11533074799612e-08,8.72267460751439e-05,1.26487683597682e-16,8.17458433623732e-15,6.12699207000736e-15,1.26332825364733e-15,3.34331563456225e-07,5.34758532185462e-08,-3.93359921784562e-15,-1.54814405100646e-15,-1.559463348522e-05,-1.95953511161361e-07,-2.96872221430468e-09,1.78145370195772e-15,-8.78791894618934e-15,-2.22804746354559e-15,1.69754257410441e-14,8.45593375846219e-13,-0.707106781186549,1.27920168008876e-06,-1.20983887917769e-06,-2.3262117255598e-07,-6.10400259445863e-15,1.86669038221143e-14,-2.31467499584164e-14,2.51353681912615e-14,1.93854697002939e-15,8.2251021561851e-16,2.25966877413928e-15,4.39565451913371e-15,7.96027002594466e-15,-3.47697123404208e-15,1.03699505723035e-15,-4.64650173739289e-15,-1.47246667790592e-15,1.41010075085389e-15,1.15480088206808e-08,-1.89714740822878e-15,-3.8152104827273e-15,7.14971642136074e-16,1.63434512144706e-07,-2.17194736926086e-08,-2.46346639833141e-15,-4.21770459601446e-09,1.4931417677506e-07,-7.85107569110275e-16,-8.8523817862911e-16,-2.87830248272277e-07,-8.00813742062391e-16,3.67383850953755e-09,-4.70142101639212e-16,-3.26402793619732e-16,2.73495948479988e-15,-1.9328245987467e-15,3.96199968982478e-08,-4.93323478891782e-07,-1.28603633430812e-15,3.24561432996994e-16,2.51275416638937e-16,-1.11403650600612e-15,5.96365404975652e-16,6.87764704145644e-16,-7.90747164534363e-17,-8.16953020685662e-16,5.92244360312251e-09,-3.61961472324682e-16,1.13749315125154e-16,-9.93641075413444e-16,3.15719161582913e-16,-3.39106952839066e-16,6.42293494828464e-16,-2.06073305955723e-06,2.52822634248331e-16,-3.03647190264726e-17,8.70459254363103e-08,-8.24294758985465e-16,-5.95975115071796e-16,3.76716261522259e-17,-3.29583197334702e-16,7.24990796525173e-08,5.89729994823017e-16,-5.89441666184019e-07,-9.42198103381494e-16,-2.15538412784328e-16,3.70015310650056e-16,-9.03556514615764e-16,-4.12278090449562e-16,4.58654429000062e-16,2.12868424442001e-08,2.75310254372822e-16,-8.84169505300148e-16,1.09061635788507e-08,-2.65615028567143e-06,-2.77815513541508e-17,2.97755704655186e-06,2.72368113720484e-07,-3.96028951803527e-16,-3.33345651762545e-16,6.36501742572833e-16,-3.5979236436972e-16,-4.65078687027936e-16,-4.56713673457043e-07,3.55288096456656e-16,-5.43382166374012e-16,-1.47380888558582e-16,1.82764319962339e-07,5.45250619503429e-16,-2.30489660353575e-16,-7.76461884858753e-17,-6.48640952204019e-17,-8.32200960893508e-08,-8.73061935019997e-17,2.27408888191576e-09,-5.74142687683824e-16,-2.08622699987306e-16,1.37083479231322e-16,-1.1668358655554e-16,-2.66311371625842e-16,1.79118641910248e-16,-4.09317097546502e-16,-3.94217975548716e-08,-8.04183870209583e-16,-9.37933238421312e-18,1.65698364500195e-08,-4.90972023528638e-16,2.17767288825623e-16,-5.68020753356965e-16,4.41920581249582e-16,-3.20042153773783e-16,6.47125906111706e-16,-1.20041536737233e-07,-1.66848682005682e-18,5.03177214697115e-16,3.57344752698152e-08,-5.6916215395562e-16,2.50744782740006e-16,-7.52726047783678e-16,-8.47231785022253e-17,1.05861286350008e-16,-3.48713288299515e-16,1.69721789372202e-16,3.65898636347357e-16,2.05890493341406e-16,-6.53277385617839e-17,-4.20501009581603e-16,-1.87278695445777e-08,6.20948702031889e-08,-2.09962358615332e-16,3.27761180000579e-16,1.75081274527293e-16,7.7078836818133e-16,3.44125769546899e-16,-3.18492428400036e-17,-2.47098146700541e-16,2.55710371144008e-16,-1.49443260700705e-06,5.52692660898899e-17,5.64006530206656e-16,-1.32856869778037e-16,7.13119007114334e-17,6.88230028932542e-09,-2.81101798487422e-16,-1.09075362278754e-09,2.04941937569899e-17,4.49449202422773e-17,3.36251186318879e-16,-1.90793626049994e-16,5.58367778681927e-17,-3.57848546131163e-16,1.69715954958812e-16,5.46753458209702e-17,-8.42341476438029e-17,5.619961309178e-17,-5.47320937690929e-17,2.8839291046839e-16,9.83135186636509e-17,-1.41726905308372e-16,5.01725352936641e-17,-1.05955524092649e-16,5.46106956872286e-17,2.13623236644231e-16,-3.81199604341788e-16,4.69650109165168e-16,7.07441917546792e-17,-1.9160704465733e-16,-1.48532329559342e-16,5.74609200667361e-17,3.99271905302796e-17,5.69462229293816e-09,-4.50425035064486e-16,2.25590155124978e-17,-1.47854636198937e-16,-3.32139083936986e-16,1.47545460540666e-16,-7.39442584810468e-17,1.00649039197985e-16,-2.77027447037118e-16,-1.68798548201016e-17,-2.42379955431903e-16,-1.57588785770768e-16,-2.04889256263452e-16,-1.05687535378962e-16,2.03916063242196e-16,2.95842389581063e-16,-1.1704395839036e-16,1.25474773004996e-16,-7.31971258831849e-08,-2.29976148173842e-16,-1.72607841683021e-16,-2.89463622514252e-17,-4.27573930088651e-16,1.97123209519642e-16,6.90470108515331e-17,2.10010424567832e-16,4.13921428651913e-18,3.46822998368347e-17,2.47628232604912e-08,9.31392522668899e-17,-2.68815974926369e-18,-6.77434518917823e-17,9.04547684248749e-17,-1.40470806725328e-16,4.52776288177509e-17,-3.26577161770618e-17,2.74325963308066e-16,-1.54230434797523e-16,-1.66495001405967e-16,-1.55198365460783e-16,2.39877187939625e-17,1.76923889162602e-16,7.80491847285196e-08,1.86096765631088e-17,-6.13337039725861e-17,-8.10548572025322e-17,-3.65918233213858e-16,-2.13882234963774e-08,7.11865302417592e-17,-1.20352997249603e-16,2.68640904887339e-17,-5.10129882928338e-17,1.02705154349904e-16,6.91166454020427e-17,2.64271666946151e-16,-1.17974771673346e-16,-6.31003670671616e-17,1.78370791375819e-17,-4.04099663554953e-17,-3.00070173723653e-16,1.39514137561982e-17,-6.91789397984688e-17,3.16249529951246e-17,4.98498979618153e-17,-3.5943142449499e-16
"t347",0.0266193348009155,-0.00250837500104255,-0.00221895580336229,-0.00035218040054432,-0.0118084673777952,0.101379776346646,0.0172997520990368,0.000111137207540554,0.0266488530214588,-0.0206307334437325,-0.00391081337913288,0.0029704158051203,-0.00573801200165716,-0.00119734248247662,-0.0311293355422279,0.000697051126936375,0.000495973442009761,-0.000103506518522759,0.00394871687171646,0.000648119381907135,-0.000160579395242855,7.86470422020718e-05,-0.00270629771843637,0.000465494472615268,-8.48292734023171e-05,0.121960464265148,0.00651187275555349,-0.000345542919423923,0.000804423242702482,0.00163039842982209,5.63099726106425e-05,-0.00235166839915737,-0.00013819245430913,0.00129872323216968,-0.00014462127045873,-0.000188287075924981,-4.39658676565226e-05,0.202355416923192,-0.000352262742989482,1.34412144675323e-05,0.000121855388584032,-0.000253495975420238,1.25460478260083e-05,-0.000214070370034808,4.89364593885934e-05,-1.0837630268405e-05,2.02713668569818e-06,-3.01443045569241e-05,0.000416030906740284,-0.000801778080974998,4.65737377449203e-05,-4.34410474517413e-05,8.31042013551147e-07,-1.77854314710934e-05,0.000359280680863191,-0.0165933677298856,1.45836251790709e-05,-0.000120959745744584,0.00045384811624326,-4.66566153171723e-06,-4.63672871921168e-06,6.64940877690384e-05,-0.000153328780557081,0.00011529932812018,-0.000103406973246471,2.82725974308437e-05,-2.70192789729863e-05,0.0175560536730166,-0.000174571458937283,0.0494496029011019,-3.52787267277377e-07,5.07934118051338e-06,-0.000356218824779455,-1.56639371189621e-05,6.77190010933514e-06,6.93937369064129e-07,-6.77050403347681e-05,1.25986995166236e-05,-0.00138444646776483,-0.0727648740047609,-5.61976366158129e-05,-0.00401972804123437,9.35461203191404e-05,2.95694877763394e-05,-8.42571579320589e-06,-1.68436340423182e-05,1.79100806931877e-06,2.9766889044077e-06,5.78052032884156e-08,-2.11785613361479e-06,4.42425882921266e-06,2.15270582436256e-09,2.95744007699769e-05,-4.28478713269607e-06,-3.88989653952115e-07,-1.78356115672168e-06,-2.09961625423424e-07,1.19805752689502e-06,-1.35936485116902e-05,-4.08949787770442e-05,-0.000134250474604259,9.92827634304653e-08,-0.000721471047391266,4.98200713351962e-06,-2.44950527783139e-06,5.97054378573256e-07,-0.000590065295903527,-1.45049031822512e-06,1.74841857108268e-05,-8.00501390814303e-09,-8.22131022833958e-08,6.14448862820762e-07,-1.98992811853944e-07,1.23755341307177e-07,-2.27554601418883e-08,-7.7358497707472e-08,2.61972947047732e-06,-7.99970412803586e-06,0.00045960001177217,-6.02021460856609e-06,4.25212698219589e-06,-1.6337242231477e-05,0.00033378478758559,0.00127326122284035,2.61298887413951e-06,3.3044793020929e-05,-3.58484140457541e-06,6.05296751505268e-05,-0.00032698187347975,-0.011529615377772,-9.40687471467777e-05,-0.00370224841093411,-0.000120406220694709,0.0016288473310338,5.47105897850839e-05,0.384892581405563,0.000252317324171843,0.000140601032595586,-0.00124107138883746,0.00439206893542446,-6.49272800402712e-05,-6.34941773061808e-07,-0.00117618812276064,0.000185028139795467,5.99231253141611e-08,1.0012733512676e-06,1.93525703219591e-06,-3.00159469076315e-06,-1.56570243706199e-07,0.000624049826863837,1.79947946394232e-07,5.61416555085364e-07,7.35106763086313e-08,-2.15618818012459e-06,-1.20960659341297e-07,-1.9499968693605e-07,3.18648632054892e-06,-3.72713594341326e-06,-1.93256026879765e-06,-6.42240991954731e-07,-3.19099591743751e-06,4.6704761284181e-07,-3.25165202754178e-06,-4.77387130875278e-06,3.16298980813772e-06,-2.1317268984328e-06,3.21224814300276e-05,5.48698890664322e-07,2.72747167002362e-05,2.72386825272767e-06,-4.64012811678312e-06,-8.15865360312015e-07,9.44962260013241e-08,3.13085347493959e-06,5.92973033088425e-07,8.66838199280351e-05,5.22346677498235e-08,-1.92361300236534e-06,-1.73779312573855e-05,-8.43210091741878e-06,3.33463106696211e-05,8.5650036864953e-06,-1.74915725151629e-06,-6.78847586850188e-09,-1.99890074689539e-07,-5.18253522184889e-08,-8.81470518646687e-05,2.05078118707177e-05,9.1963241312176e-05,-8.73853836337302e-06,-2.73090059970612e-06,6.90107064067538e-06,0.00464194089452884,1.55211558044514e-09,1.90013591647397e-07,-3.88563329937004e-06,-7.25585111707931e-06,-4.30343172895287e-07,4.4435270627932e-06,1.95138766657994e-06,1.94568546200055e-06,2.78053608806533e-05,-5.64385508603227e-08,-8.77692003563202e-07,-1.50503032358972e-05,-6.35962631672264e-06,9.80678451096677e-06,4.45450393361715e-06,-7.44947051744604e-05,-4.42364819570634e-08,-0.000314228621922726,4.51065010942997e-06,-2.1537238856878e-05,-3.6178575563619e-05,-2.08602315192251e-07,-1.52437399820463e-06,4.28138855130877e-07,2.73940527264801e-07,-6.93190075856718e-06,-0.00540276060949764,-8.14352049381887e-06,1.66175158431432e-05,3.7934877570116e-06,1.67611170470966e-05,-0.00146039118739437,-3.2984805530281e-06,-0.000414223550753709,-1.65520639953828e-06,-3.55908229484947e-05,-3.15058666821006e-05,8.22698879411665e-06,1.80696937497911e-06,1.3288006201696e-05,0.000776047652279854,-1.45754791449338e-06,-3.77186953929913e-07,-0.0200192960308949,1.03947916450626e-17,-8.3827283510559e-07,1.40205610928285e-05,-5.92132599901066e-06,-3.42291075803046e-05,-0.201659037153409,-0.000109790739336211,7.51410134183503e-05,-1.71329398910516e-05,3.03659378010515e-06,-1.51331673750277e-07,2.57447487949291e-06,-0.000234589049764665,5.57545586627287e-07,-5.73433230310109e-05,3.60889843064535e-05,-9.16157319046709e-08,5.09783220053583e-09,-2.14197083424394e-07,1.57394340153211e-07,-2.43634535802535e-06,-5.24489579056452e-06,9.18750474483956e-07,-1.60225722205007e-06,2.87329376392898e-06,-3.16282542524165e-05,1.8122956136068e-06,-1.74768840098491e-06,5.87339751491186e-07,-9.45287213330339e-09,-3.87188386560555e-05,6.20935686385183e-07,-5.67666487121279e-07,-1.83193992828324e-08,4.5881986494803e-07,-4.58182482613612e-07,4.753223908762e-07,-7.6131908762693e-07,1.50058637989459e-06,-1.28109494349148e-06,1.10484136535297e-07,-0.0031335415928411,-1.57886325600186e-07,3.42347791745225e-06,3.29681890226418e-16,-1.70140959729595e-06,-4.82512487452562e-08,-2.81531554615818e-12,-6.67429524984095e-11,-2.00943096468882e-06,1.27220648784982e-08,2.28706809138729e-09,-1.00557489408606e-10,3.67815128413742e-09,-2.02899956965357e-07,1.72517313474248e-09,-1.65606144203937e-09,2.8776234608051e-07,-3.82410892061684e-07,1.36467117440453e-07,-4.51623890685338e-07,7.6407489078183e-08,3.15212230071355e-08,2.0831167419389e-09,1.81846804292342e-06,-1.3957713011921e-06,6.52738272404476e-09,-6.41914876494466e-05,2.74692587748346e-07,-1.04842296699167e-06,0.00906037600231834,-2.57822903896416e-06,-2.87202189166198e-07,3.73030136632905e-08,-4.87169813131376e-06,3.19874972883177e-08,-1.82887888517055e-07,5.50110785261983e-08,5.53858374811489e-07,-1.20771794645065e-06,-4.98857264724635e-17,5.10230600456608e-09,2.76506615286231e-07,-2.62976202081849e-08,1.53627587964355e-06,1.71218135246947e-08,4.06223442951916e-07,9.63842730185939e-07,-1.28940479786956e-06,0.000155415122383023,1.46106113455322e-17,-4.29485732447459e-06,-3.49553248596191e-09,-1.52231510970693e-07,6.35769359324992e-08,0.000172689238168812,-8.24116905855837e-08,-3.31099761131528e-06,9.09303040992109e-07,-4.040159703882e-07,6.45263174127731e-06,-9.05346282851665e-08,-2.52228507379128e-06,-1.19169575704339e-08,-1.73302560821896e-09,-2.62310881168814e-06,1.41290705961302e-07,-2.94374183232028e-06,1.3852194825464e-16,-8.57573454418227e-07,6.92783078235122e-08,1.9971375116365e-09,1.91699159883638e-08,-7.17474079472126e-06,-1.79580847363449e-05,8.57738604625458e-07,-3.16168040923439e-06,-5.306700700128e-05,1.85639814918845e-16,-3.63451851228362e-06,-1.29653913389733e-07,-5.23253044381791e-06,1.99782076804626e-11,1.82580569767828e-05,1.48325615355171e-06,-2.31083441031261e-07,-1.01542162841672e-05,-3.63723496439983e-06,-2.06014931074231e-06,-6.87773869068965e-06,2.57686510083353e-06,1.86551494771465e-06,1.19460957527967e-07,9.26703139531426e-06,1.20591253052696e-06,7.6782414300457e-16,-3.11250549327231e-06,0.164526136350031,-2.21344605934707e-05,1.29610318386442e-05,-2.1346625914568e-15,4.5886696271358e-07,-4.87410111637762e-08,1.09924448128279e-06,6.03449273545261e-08,2.07942581387673e-06,-1.66810060843332e-07,1.76029586248841e-06,-1.69836044226373e-06,3.42969690874048e-16,-4.24334296686513e-06,6.92601356261499e-08,-1.82605760049613e-07,-4.36054279207608e-06,3.56577633043184e-08,2.87994826399306e-09,-6.80011602582908e-16,1.3325345329702e-17,2.40221286612294e-09,2.39232810796244e-08,-3.10464017584374e-09,3.14891645096897e-07,-1.19970867362649e-15,1.15144092981381e-07,1.20419595353832e-09,1.06903016053594e-16,-2.05738338479505e-16,-1.65905804600725e-17,-1.67932119626355e-07,-4.15474393886612e-08,3.64601009892497e-08,-2.67265809631441e-07,-3.45179857451482e-06,-1.74647829577128e-08,7.32451002010215e-09,1.41239742839277e-16,7.06622324414092e-10,-1.18977702208697e-09,4.6820440792586e-16,7.40848735542604e-16,-9.58922912897326e-10,-7.96007733593023e-12,-1.04744359433413e-09,7.41542127436076e-08,1.50046533945164e-09,-6.48926745022321e-09,1.00594974219874e-15,-6.15805117919688e-07,-1.80347058169755e-16,-8.55195981540993e-08,-5.02907177707401e-16,-2.13156378549535e-09,-2.57400997303249e-16,9.45218618692316e-09,2.52588322570418e-09,1.4782140432884e-08,2.3045550573526e-05,6.29206598608152e-09,-9.37417366562356e-10,6.27304391632642e-09,2.3846902364962e-09,1.28882883371242e-07,1.21285308501614e-08,2.52837630388662e-09,-7.41596086912844e-09,-1.4653715047961e-07,-1.21457777967004e-08,-3.77147702806903e-09,-8.21432503265886e-17,3.63129199229059e-08,-6.41032710750126e-09,3.49748341899818e-09,-1.95509770870676e-17,6.93547792535776e-09,5.11595017870878e-06,6.08234631947802e-08,-9.00003786654728e-18,-1.48185471852878e-08,-8.91829003326902e-08,-5.78317425891709e-16,-1.06091756753816e-08,2.45438315208779e-08,-1.70878246142457e-16,-2.59087037660323e-16,-9.27754659884818e-10,-5.57741136363389e-08,-3.2584629533558e-10,-4.76594466917179e-07,0.000640907364761303,-4.09000133495074e-09,-1.12865094515117e-09,2.03104900303077e-08,-8.54172842524961e-07,2.82326245715225e-15,9.79069200472749e-11,7.53465962609457e-10,2.07898620703832e-09,1.94180478221427e-07,-4.87552732498057e-16,1.34288583781323e-16,6.35564046237764e-08,2.16697439937377e-17,-3.04060178813604e-16,2.52037998631998e-08,-3.64369408036793e-08,-6.81915117772771e-09,-3.86690552068105e-09,1.65996679427794e-07,4.33009956763861e-08,1.32886472751783e-08,1.19618651103477e-17,2.71276130006938e-08,1.22786955980121e-09,5.5735988194313e-09,-4.74835816990129e-09,1.65284967539124e-08,4.88494627414125e-16,-1.87246997278393e-16,-8.10365207165289e-16,-1.25730170890069e-08,-4.90882956897307e-10,-3.64355655070139e-06,1.66466535140577e-16,-2.93063754046058e-10,6.84715801264358e-17,-3.92381588943532e-17,-1.4471235486849e-09,1.42793744942887e-08,1.57252683097298e-15,9.92800639039657e-09,7.05178428311894e-10,-4.12810540310646e-15,-2.7982536459983e-09,-4.91704710759419e-17,-1.72349012687613e-08,-5.26356521352975e-16,-1.77793699422922e-08,-1.41957658629477e-08,-5.28658389230058e-10,-5.75273612353059e-09,-4.29066590573637e-08,2.54056269050713e-09,-1.29402181592393e-05,-2.45173183900416e-17,-8.79523019254518e-08,5.13116245199387e-09,-1.77059693582137e-15,7.0588895392927e-10,1.55338664333696e-08,-3.86047811341421e-09,2.07111170279608e-15,-1.54110403348993e-08,-2.12540654302005e-08,-3.7533816287385e-16,1.00075224148161e-06,1.41312282366005e-07,7.30877723090359e-10,4.88111864778253e-16,1.50590652199135e-15,-1.63850637289975e-08,-6.12719363112938e-08,-5.05421732714144e-09,1.10819328465045e-08,-6.00409885227499e-08,-9.55777797906929e-16,1.78537517143003e-15,-2.30007657381911e-07,-1.59518192453394e-09,-2.19058981281985e-15,-6.0731528101283e-07,-5.35985793112586e-16,-3.07075365559675e-08,1.41312087588254e-07,8.32531250591905e-08,5.70297758462512e-07,2.25877851811294e-16,-1.24779869950879e-15,3.55624933240528e-16,-1.31054697025348e-16,5.65391165926751e-09,2.01624816968848e-08,-7.29281906082008e-16,-7.0522899393288e-16,-8.09752897949515e-16,-3.14684301991878e-08,-2.96228759014528e-10,1.86171360623919e-08,2.17491157070756e-16,4.7280159388291e-15,-1.66579532286104e-14,1.38254840320404e-06,-4.328982623712e-08,-5.29460055467139e-15,-1.01708366941432e-08,3.05829626511841e-07,1.25195107469719e-15,9.82308064834314e-15,3.52795046342334e-06,3.39341301284852e-09,2.56947486421406e-06,1.08830933354802e-14,-7.58023111419666e-07,-0.839311671592715,0.00116241496796102,-3.89066698066193e-06,-8.25553314936472e-07,1.090923442865e-08,4.37399067028937e-15,6.81176200508745e-15,2.89327534570604e-15,1.05312646464953e-07,-9.4696948514176e-08,-3.74134435610315e-07,-2.12098887249076e-08,1.35353905669312e-15,-1.11951912090694e-16,1.92881639448449e-15,5.67818738514684e-17,5.1616495552499e-15,8.50419044488622e-08,-4.66090680406493e-16,6.4991289036099e-16,-1.43990249678652e-07,1.06025785401388e-15,-1.28526034472086e-07,-3.75319953389428e-16,-1.58579673658862e-07,-1.74265019285403e-16,-1.76318223547067e-07,-2.16617773760931e-08,-1.73830458965672e-07,-1.35523237260234e-16,6.55872867091503e-07,6.71898925520971e-16,2.25749647736335e-05,-1.29442636356541e-07,7.14314763801866e-10,-5.80714470695973e-16,1.12323266412061e-06,1.77622019676283e-15,-6.85830468476117e-06,-1.35394926897897e-07,3.86752692076503e-16,1.77947104118749e-16,-1.29763032903545e-17,1.59143934619903e-17,-4.88895148897638e-09,-6.32109055312093e-08,-1.40004766792202e-08,2.57977709732941e-16,3.66484563847237e-16,-1.29103034516964e-08,1.0515148529764e-07,-2.87695844168658e-16,5.19619903261007e-17,-5.90212003717901e-08,-1.33373544274209e-16,-4.15022912860728e-07,-1.76197812172058e-15,3.47287155634836e-07,5.11508380257113e-16,-4.69562305915589e-17,-1.35468917717154e-16,1.21472502953867e-15,-3.55924056986994e-18,1.96690512791806e-15,6.49014701029e-09,-4.53905932608638e-08,-1.19120784564197e-16,-3.11669736255755e-08,0.000506576638016542,5.85686491644934e-16,6.83779240414896e-16,-3.05928084545161e-17,-3.82531818367358e-16,1.16695732651424e-07,1.88288052786051e-08,2.90766808855158e-16,9.90356700593266e-15,-0.0010238164466209,-5.53063942403552e-08,-9.75374937048205e-10,-1.66244330775787e-16,2.3764323770585e-16,-8.07131999702197e-17,-3.24970923745413e-17,9.00795161526406e-17,1.22499346581748e-15,4.23934929610101e-07,-3.99927877756156e-07,-7.67004598849752e-08,9.96875713444914e-17,3.43211676757405e-16,-4.13217480443441e-16,-1.14262400250077e-17,7.39189091158294e-16,-1.34199887872909e-15,-4.85475508870734e-16,-8.69847286120497e-17,1.82959037802361e-16,-5.82513237283563e-17,7.87243304159759e-16,9.71313658435049e-16,2.0802324576943e-16,-3.41967069270492e-16,3.6537497446356e-09,-6.65229088197176e-18,6.61616381026179e-17,2.46374735807855e-16,5.14500163187361e-08,-6.82955807725361e-09,-6.38232895227097e-16,-1.32529291603654e-09,4.66374271479911e-08,6.83590156861684e-17,2.90795213026448e-16,-8.92546918006539e-08,4.67625905182693e-16,1.12958958791519e-09,2.70260326760636e-17,-1.55485893659354e-16,8.84194651622311e-18,-4.65448066404179e-16,1.20286227277183e-08,-1.49649008270326e-07,6.59652952252216e-18,1.92003797278167e-16,-8.47311376089021e-17,-4.33695799400543e-16,-4.79651041107587e-16,1.00611568315168e-16,-5.63606269711419e-16,1.91282638029616e-16,1.7297811881692e-09,-1.30037821090274e-16,2.93470514382252e-17,1.98102669029762e-16,-4.06517557199572e-17,-2.02953548736868e-16,-3.94818763536763e-16,-5.97655912044499e-07,2.90615770802523e-17,5.29507284901349e-18,2.52133699851067e-08,-1.19547715839685e-16,-2.30609963933033e-16,-3.83343876658681e-16,1.25262373576945e-16,2.07088755836355e-08,-3.8164441389222e-17,-1.67975803079447e-07,4.1519874174703e-16,3.29401703971229e-16,1.39541451097796e-16,-2.91411266997591e-15,1.30331206106612e-16,-1.34874071490445e-15,6.03808599398142e-09,-3.49353881870235e-16,-1.37928570085416e-16,3.08293198355035e-09,-7.50706739073811e-07,5.16316243830695e-17,8.39124315558889e-07,7.66895961314466e-08,-2.41444968844675e-16,8.94847622005693e-17,2.2491330004211e-16,2.33251446050849e-17,-4.34066922884606e-16,-1.2701650437906e-07,6.6009639526946e-17,6.57816248933306e-17,1.38660997975415e-16,5.06787011141248e-08,3.77426031779739e-16,1.41422707562439e-16,3.53528944840905e-17,-4.05169136683275e-17,-2.29892680489303e-08,2.16958546458195e-16,6.2749699926306e-10,-9.02435176862646e-17,-2.11235962843225e-18,-2.49623516900056e-16,1.14784859126212e-16,2.48969035516308e-17,-1.90168012017124e-16,-2.31166100639972e-17,-1.08151643806307e-08,-3.39710999210822e-16,-2.51223963024616e-16,4.53960171284195e-09,2.86169864418112e-16,5.07500023047944e-17,7.06041658608739e-17,-1.4282438971894e-16,3.27959950384087e-17,-1.01616031277938e-15,-3.2750399690109e-08,-8.41251699756055e-17,2.31011464743797e-16,9.73170813343692e-09,-3.12027051276098e-16,4.99636978816541e-16,-2.19780149763723e-16,7.43808612288516e-17,1.02732113261119e-17,3.22786201449755e-16,2.93637815961697e-17,-2.15939462440636e-16,-1.40549909507151e-16,-1.88548517465319e-15,1.23459684110451e-16,-5.0681305670339e-09,1.67919464186296e-08,1.11903372493146e-16,5.81514494312671e-17,-1.03419360363057e-16,4.26845935791239e-17,5.5944832100252e-17,8.06323298205424e-17,-3.53386838468971e-16,-2.8246626408205e-17,-1.80728099439324e-06,6.03526432402849e-17,1.33755035208126e-16,9.45197843073852e-17,-3.07957252577395e-17,1.84885507861115e-09,-8.77268572246883e-17,-2.9208849125488e-10,9.49167814220047e-18,2.90180871922075e-16,-1.99431974122773e-16,7.14526077172039e-17,-3.76037629119849e-17,1.98071006069311e-16,3.58776545049625e-16,1.12759190746918e-16,-4.87930756410119e-17,2.40098966390987e-16,-1.88933495402211e-16,5.4303121325016e-17,-4.03579231215071e-18,1.34857236687826e-17,-1.23002249578954e-17,1.22586814930638e-16,1.00739797366824e-16,-9.35630717078526e-17,-6.45625996067502e-17,-5.51775938029238e-17,5.96744875736022e-16,-5.44213417010517e-17,3.01479476586989e-16,-1.63600424784822e-16,9.40262897641365e-17,1.50916409968027e-09,2.01060286690818e-16,-4.00989154041491e-16,6.53797519873034e-17,-1.76233260152952e-16,4.82865423122193e-16,3.62587478571847e-17,4.45477590587954e-18,-9.60032686101913e-17,-9.74532652753303e-17,-2.90218676199634e-17,1.645818897833e-16,1.91569260141742e-17,-1.538230502502e-16,-2.9956696043264e-17,-1.55262764346591e-16,2.00134787236709e-16,-4.40209829152894e-17,-1.92830142756426e-08,-1.34967361839842e-16,-2.51022966458107e-16,1.01264282808429e-16,-1.57480079697938e-18,-5.19310102025268e-17,-8.61199914745185e-17,2.24247580986146e-16,-2.27416977740968e-16,3.02531495518e-17,6.48859912206111e-09,-1.90447373297061e-16,-1.93108929634366e-16,-3.33636128091342e-18,-9.52756661166713e-17,-9.06449690623184e-18,7.98319133362263e-17,-2.61436120009944e-17,1.43930268074851e-16,-4.9583840177236e-16,-1.16972815059651e-16,-2.01633425483929e-16,-2.41450399187658e-16,2.16295241165301e-17,2.03559401279352e-08,-4.92562911661348e-17,3.06889919638359e-17,-3.29483907321795e-16,-6.91504145611255e-16,-5.56737156886553e-09,6.09463867062057e-17,-2.35144045525631e-17,3.82101989701109e-17,-7.055136206317e-17,1.33171071614641e-16,1.07564507807446e-16,7.28923137040283e-17,3.24340489412108e-17,7.19050193607464e-17,-3.90958073371815e-17,1.11976406236986e-17,-1.84983309822742e-16,-3.63821431578485e-17,3.24826529407909e-17,6.24014991814447e-17,-1.60674368162375e-16,-9.99420572161005e-17
"t713",0.0266257884008002,-0.00250965597734013,-0.00222012559492708,-0.000352429151935591,-0.0118186762309441,0.101482574733331,0.0173176376559268,0.000111261226192419,0.0266839596619474,-0.0206636692322869,-0.00391872682815125,0.00297781363002696,-0.00575271801333033,-0.00120045733537592,-0.0312138254892884,0.000699053946211596,0.000497432311220658,-0.000103816454319736,0.00396081258810535,0.000650274925844871,-0.000161156711116406,7.89877595110841e-05,-0.00271867287488871,0.000467635090778625,-8.5220889079099e-05,0.122550074713404,0.00654372262300728,-0.000347248003591094,0.000808498076556453,0.00164013368251603,5.66682509851931e-05,-0.00236730329812123,-0.000139176663067632,0.00130840527614248,-0.00014575368384607,-0.000189877347319577,-4.43418384212522e-05,0.204112901773358,-0.000355342662102846,1.35604546380844e-05,0.000122966944263626,-0.000255863436057461,1.26649352559208e-05,-0.000216101350890888,4.9408701291906e-05,-1.09487690455512e-05,2.04830262885394e-06,-3.04617010663352e-05,0.000420514206980828,-0.000810633840450026,4.7104940195418e-05,-4.39438561226298e-05,8.40681497438543e-07,-1.79954869046041e-05,0.000363673480380736,-0.0167972979406598,1.47795960141601e-05,-0.000122623490730684,0.000460107759946437,-4.73366486899166e-06,-4.70707778612623e-06,6.75226946955445e-05,-0.000155737666110313,0.000117117768208322,-0.000105084658713079,2.87428364483261e-05,-2.74931300394031e-05,0.0178711195694089,-0.000177737461582045,0.0503633482874387,-3.59947377762857e-07,5.1895128467057e-06,-0.000364022016253436,-1.60140442740226e-05,6.92363872437241e-06,7.09620441369794e-07,-6.92403882001823e-05,1.28891631822663e-05,-0.00141755210545593,-0.0745301461964164,-5.75943991879671e-05,-0.00412015505751769,9.59716659799831e-05,3.03446389339354e-05,-8.65693714928891e-06,-1.73115235445227e-05,1.84136879221371e-06,3.06055356189758e-06,5.94346286190596e-08,-2.17763138542562e-06,4.5497053176642e-06,2.21638907314109e-09,3.04526383788457e-05,-4.41529117709284e-06,-4.01348921300737e-07,-1.84058409714359e-06,-2.16676340272153e-07,1.23697721940569e-06,-1.40377992014324e-05,-4.22601886552031e-05,-0.000138810005746129,1.02659813790391e-07,-0.000746053425022417,5.16482879656504e-06,-2.53987736384449e-06,6.19174110157762e-07,-0.000612087931917774,-1.50473719136345e-06,1.81404506678726e-05,-8.30712692980861e-09,-8.53213756929091e-08,6.37924503856684e-07,-2.06605005094763e-07,1.28619265784119e-07,-2.36549102771697e-08,-8.045422491023e-08,2.72514329917444e-06,-8.32644972837363e-06,0.00047864058824126,-6.27227929586071e-06,4.43122838958993e-06,-1.70395298272597e-05,0.000348320450749941,0.00132873658324726,2.72704653190477e-06,3.45062838207901e-05,-3.74356242790336e-06,6.3239759967598e-05,-0.000342087444805916,-0.0120624321200722,-9.84268425406102e-05,-0.00387731526608099,-0.000126122453035805,0.00170639791166883,5.73459339975491e-05,0.40346221853523,0.00026478893999792,0.000147684842972247,-0.00130521938638518,0.00461924662261273,-6.83001481977686e-05,-6.67998471745989e-07,-0.00123763958978643,0.000194708165217743,6.30581504000777e-08,1.05416149881572e-06,2.03942356869252e-06,-3.16623148534525e-06,-1.65198123790747e-07,0.000658790576483167,1.89973705040257e-07,5.92816728980941e-07,7.76314730252399e-08,-2.27736921139049e-06,-1.27919389272913e-07,-2.06259267426618e-07,3.37095919777891e-06,-3.95571384526744e-06,-2.05270378936666e-06,-6.82250775683206e-07,-3.39206373571656e-06,4.96545192291959e-07,-3.46000567904798e-06,-5.08029685817644e-06,3.36885997546751e-06,-2.27233123666105e-06,3.43226222634098e-05,5.8632974147059e-07,2.91458990676877e-05,2.91168566614777e-06,-4.96196569767626e-06,-8.72501371794499e-07,1.01132292301633e-07,3.35151467055141e-06,6.35091105353373e-07,9.28525644430429e-05,5.59554989419797e-08,-2.06310319628634e-06,-1.86611899342393e-05,-9.05669795147739e-06,3.5823699679883e-05,9.20687508284764e-06,-1.8806787961819e-06,-7.30057527738054e-09,-2.15015371756073e-07,-5.57872133766114e-08,-9.49026184262512e-05,2.21138863120795e-05,9.91704807857147e-05,-9.42830520888229e-06,-2.95071012916627e-06,7.4654959792232e-06,0.00502368379941374,1.68079947866422e-09,2.05862689335032e-07,-4.21555487963283e-06,-7.87429438340716e-06,-4.67320081243351e-07,4.82687222533275e-06,2.12496543954369e-06,2.11900248980412e-06,3.03139495945724e-05,-6.15939876917873e-08,-9.60251591711106e-07,-1.64661904800376e-05,-6.9595224028015e-06,1.07394107411017e-05,4.88051767575694e-06,-8.17255192826305e-05,-4.86088382209487e-08,-0.000345737898750733,4.96495851778163e-06,-2.37497529747561e-05,-3.99357623267956e-05,-2.3027208549442e-07,-1.68406266231966e-06,4.73945245680262e-07,3.03367242385745e-07,-7.6925112634704e-06,-0.00600425303856651,-9.0546772374417e-06,1.85151018275056e-05,4.22876327868958e-06,1.86944703494098e-05,-0.00163154694993553,-3.68629509473685e-06,-0.000462963464427233,-1.85334286559376e-06,-3.98955111049056e-05,-3.53602780713738e-05,9.23868013866514e-06,2.0303630595008e-06,1.49389795522452e-05,0.000872603644339134,-1.64125747289769e-06,-4.25110140933506e-07,-0.0225849103162544,7.17476647614184e-17,-9.47035666316467e-07,1.58441460201796e-05,-6.70458258471371e-06,-3.88155547563121e-05,-0.228966331524185,-0.000124667237432847,8.55220720756968e-05,-1.95076170035288e-05,3.4581030892637e-06,-1.7248799675689e-07,2.93611883484509e-06,-0.000267831203193921,6.3685709641841e-07,-6.55134440176749e-05,4.12756029743241e-05,-1.05263477971072e-07,5.86683489962013e-09,-2.46846325569072e-07,1.81929672819662e-07,-2.81673726789377e-06,-6.07660621751596e-06,1.06570755237534e-06,-1.86171136982827e-06,3.34039673082498e-06,-3.67911151185665e-05,2.10981235431818e-06,-2.03701545689069e-06,6.84665825924386e-07,-1.10527777012383e-08,-4.52751961004282e-05,7.2613729432314e-07,-6.64393675472287e-07,-2.1447553083092e-08,5.37696163746725e-07,-5.37047864409192e-07,5.60496575983276e-07,-8.98342593296536e-07,1.77160576426772e-06,-1.51432396998118e-06,1.30726632224633e-07,-0.00371593327652902,-1.87352655562604e-07,4.06449985622665e-06,6.39972254663478e-16,-2.02358886007326e-06,-5.74016246014354e-08,-3.35186416880795e-12,-7.96064010568771e-11,-2.40048719636003e-06,1.5209328346905e-08,2.73522556408125e-09,-1.20845248459736e-10,4.4216218364966e-09,-2.43933218034025e-07,2.07704967828716e-09,-2.00208385259941e-09,3.48138824073962e-07,-4.62878059433105e-07,1.65457204749856e-07,-5.51093301440317e-07,9.34917613036081e-08,3.8575376551264e-08,2.54942028303486e-09,2.24092867447122e-06,-1.73416591884163e-06,8.1185138995357e-09,-7.99637016402152e-05,3.42839138058504e-07,-1.30928853117751e-06,0.0113710077170022,-3.23696479397948e-06,-3.6083203479817e-07,4.68886171261236e-08,-6.13315212402333e-06,4.03403808129276e-08,-2.31019446235526e-07,6.95380180370821e-08,7.00964537299341e-07,-1.53246158083261e-06,1.40088870822522e-16,6.58056659827335e-09,3.57213323810287e-07,-3.40588872690777e-08,1.98982850857874e-06,2.21784124161263e-08,5.2651969493341e-07,1.2507320970738e-06,-1.67553818572461e-06,0.00020253409607436,-3.61374365563405e-17,-5.6342501287413e-06,-4.58947125298004e-09,-2.00231345274733e-07,8.36411857640492e-08,0.000228206825453147,-1.09177843210416e-07,-4.40196716733511e-06,1.21189852105019e-06,-5.41369292837878e-07,8.68984064191822e-06,-1.22319823305359e-07,-3.41408578032065e-06,-1.61489230551209e-08,-2.35327304382504e-09,-3.56272102876327e-06,1.92181959225844e-07,-4.00859723352667e-06,3.26695386209672e-17,-1.17787068174966e-06,9.53254591963548e-08,2.74806735080465e-09,2.65150283282538e-08,-9.93164498601465e-06,-2.51030828419338e-05,1.20241171959283e-06,-4.43466025633674e-06,-7.45924227147796e-05,-3.27894088938946e-18,-5.12132153802392e-06,-1.82860178537973e-07,-7.40529579467209e-06,2.82939988243255e-11,2.59370549165434e-05,2.10896938495856e-06,-3.2871870434566e-07,-1.44583593206371e-05,-5.18734860378439e-06,-2.94172125479177e-06,-9.83022209438082e-06,3.69355164967036e-06,2.6748428063273e-06,1.71625038857843e-07,1.33601094257003e-05,1.73885301629474e-06,6.55018596685061e-16,-4.51923242734013e-06,0.239175973443647,-3.22641766427541e-05,1.89705222117424e-05,-2.3730048408899e-15,6.7770453583917e-07,-7.27350887267005e-08,1.64816490932377e-06,9.06803628985985e-08,3.13314469139527e-06,-2.52602812490747e-07,2.68774800654829e-06,-2.64836808191263e-06,3.61731236887554e-16,-6.7463802737189e-06,1.10304907336681e-07,-2.9187544230771e-07,-7.0052338539162e-06,5.73067629196649e-08,4.63513422845575e-09,1.90819582357449e-16,2.04872159613505e-16,3.89877410109968e-09,3.91158675685279e-08,-5.08097757490137e-09,5.18831459376211e-07,-2.05373175355446e-15,1.92601722172986e-07,2.02810156378566e-09,-4.00469584976915e-16,1.91535751544591e-17,-9.90649941069838e-17,-2.89137962927517e-07,-7.17409268044324e-08,6.35937955146271e-08,-4.70236554040783e-07,-6.07945890721967e-06,-3.10519182306542e-08,1.30371356541542e-08,-1.12361747516117e-16,1.28280103716857e-09,-2.17537859709923e-09,1.9742666833849e-16,3.2046914268825e-16,-1.80470920400478e-09,-1.50887439717228e-11,-2.00515415398381e-09,1.42907176864262e-07,2.92956738408919e-09,-1.26969660684122e-08,-2.60277490950456e-16,-1.2084273125946e-06,-1.46905163869629e-16,-1.6925681755952e-07,-3.91830665136261e-16,-4.24564472245905e-09,-9.50625068492839e-17,1.89819259995183e-08,5.08098659875142e-09,3.04158052362139e-08,4.76535949096626e-05,1.30377961876402e-08,-1.96024052000287e-09,1.32236152947414e-08,5.12410828999845e-09,2.76985265812797e-07,2.62230892643131e-08,5.52812844852889e-09,-1.64650585657803e-08,-3.29675173138906e-07,-2.76171497510906e-08,-8.62119700100938e-09,3.61275473426573e-17,8.44084097024055e-08,-1.51498059565751e-08,8.68696020099276e-09,5.1093280531573e-17,1.74901897289183e-08,1.32112505323551e-05,1.5871291522558e-07,2.76118107121055e-16,-3.88781598305276e-08,-2.39197458679504e-07,2.41311096973481e-16,-2.87741295076688e-08,7.15226653677203e-08,-2.01748082330492e-16,-1.04308433092074e-16,-2.78740992873931e-09,-1.68044239481313e-07,-9.9496859405896e-10,-1.4788588010024e-06,0.00206562920396305,-1.32267190330536e-08,-3.66759794085941e-09,6.9734905778008e-08,-3.07901048592522e-06,-5.6844719903415e-16,3.59828521256804e-10,2.7785438208202e-09,7.75944658634107e-09,7.35525998171624e-07,3.14631323658092e-16,-1.85964849340446e-16,2.45795703087328e-07,1.76590520003126e-16,2.18852899707777e-16,1.1296862498527e-07,-1.68124632885788e-07,-3.14840009175205e-08,-1.91081913358771e-08,8.28271530504358e-07,2.16511427033741e-07,6.73600052418765e-08,5.78454440616643e-17,1.61972497769106e-07,7.63151063903479e-09,3.51201309531133e-08,-3.21634645084335e-08,1.30365312653415e-07,-4.80357722671474e-16,2.48592983495358e-16,5.27407348781542e-16,-1.32088659108712e-07,-6.06791612049149e-09,-4.56617720783212e-05,2.54496368524649e-17,-4.46815986697952e-09,-3.37394344761476e-16,-8.16770259898103e-17,7.86964613930186e-07,-5.2099322771874e-06,-7.87998138962465e-16,-4.79960405030841e-07,-2.24491436468183e-08,2.24984540458907e-15,5.17898905330909e-08,1.0806628594857e-15,2.08777037660653e-07,2.77101805434054e-16,2.08711945016169e-07,1.62728593412018e-07,5.90279513009283e-09,6.19805596016718e-08,4.28184134758043e-07,-1.97160025455301e-08,7.55133054289149e-05,3.01719705122707e-17,3.84337472772433e-07,-2.18066237451765e-08,5.80722540599377e-16,-2.8928738775275e-09,-5.97035746404608e-08,1.40320004256045e-08,-7.9578831446711e-16,4.6873082409872e-08,6.25225275867958e-08,3.2604558254044e-16,-2.81848180124691e-06,-3.89662969039108e-07,-1.86653578234629e-09,-2.05867815416901e-16,-3.97660447334308e-16,3.52305632394209e-08,1.22835612537187e-07,9.99014389753086e-09,-1.64245061076042e-08,8.50659602399031e-08,1.51029016272659e-16,-7.97948286485132e-16,3.15965350431003e-07,2.18279326378248e-09,9.62447723851161e-16,7.89141955686018e-07,2.85386931466981e-16,3.79689253720629e-08,-1.63296698529931e-07,-9.57452432358358e-08,-6.4364360046554e-07,-9.74574302797994e-17,5.44254086452731e-16,1.10001771742625e-16,1.63692974256414e-16,-5.39020648221309e-09,-1.8957728448031e-08,5.93263097086888e-16,5.48496600406319e-16,4.902598316323e-16,2.81411159034912e-08,2.59208692276228e-10,-1.53522488771756e-08,-4.70744438622529e-17,-2.43660885738961e-15,7.98970264948018e-15,-9.28892561669622e-07,2.88770149791965e-08,2.44375576096283e-15,6.24932041370061e-09,-1.81699608201752e-07,-7.18878805998361e-16,-4.55057879103438e-15,-1.93384924773067e-06,-1.84797778797764e-09,-1.33322936518292e-06,-4.96992294552392e-15,3.62126365169389e-07,0.382699161728257,-0.000495967337440762,1.51142560761514e-06,3.12524919812121e-07,-3.93137176729452e-09,-1.96777185299853e-15,-3.42409164721613e-15,-1.47563731754363e-15,-2.79195430015762e-08,2.4976528605604e-08,9.44944503759673e-08,4.21859994278998e-09,-4.26097101895583e-16,-1.87618119401747e-17,-7.34127598407213e-16,-6.00609148053734e-16,-2.03094580105001e-15,-1.25268756412409e-08,5.23691762026579e-16,-5.18540771347931e-17,1.84664553261591e-08,-2.17262199556486e-16,1.63547499517243e-08,1.21548868161755e-16,1.99127987895523e-08,-5.45317606625106e-17,1.65828593118224e-08,1.88016163255884e-09,1.31910198384491e-08,9.82600250916679e-17,-4.11466981400056e-08,-2.48660900063125e-16,-7.89422658413493e-07,1.06264040488042e-10,4.38896110431025e-13,-3.5946629924604e-17,1.54893011913184e-08,-7.03351468988292e-16,-2.32993197394451e-07,-4.73100041323983e-09,-4.24709399914892e-16,-1.083532267417e-16,-2.45471561274421e-16,-6.37197947743466e-17,-2.49228546610808e-10,-3.48493340449224e-09,-8.38811531473142e-10,4.11401936434594e-17,2.61553306237611e-17,-1.06074962363124e-09,8.74105896518651e-09,2.61782535558998e-16,1.20927800341288e-16,-6.45830861442918e-09,1.25215395126515e-16,-4.76649996100437e-08,1.13691045847989e-15,4.52194486046455e-08,-2.93967409396262e-16,2.56693172305124e-16,5.0025179810255e-18,-8.87462079956984e-16,-7.41763663984092e-17,-1.85324149252868e-15,1.03745070136004e-09,-7.27271410199254e-09,-3.36736875304833e-17,-5.30166061519344e-09,8.82305830678272e-05,5.57292376056396e-17,-1.10932537199427e-16,-6.78852826184245e-16,1.05188240842508e-15,2.23186179923468e-08,3.67430386516584e-09,-1.28806460685565e-16,1.93015212532633e-15,-0.000204181656256461,-1.10605560128859e-08,-1.96884882470638e-10,6.14332743668504e-17,-1.1758542769237e-16,1.47620841925284e-16,-1.00126436352239e-16,3.94757533807992e-16,-8.00239815880831e-16,9.79564615055569e-08,-9.34602693990076e-08,-1.8123226106386e-08,-2.82974060200145e-16,-1.99454542775196e-16,3.75481308833802e-17,-6.09335512921626e-16,-4.93017155365419e-16,8.33512848822799e-17,7.60998776295362e-16,-1.21054846937734e-16,-9.34970990546925e-17,1.87247231864652e-16,-6.28586852481736e-16,-7.49200181966021e-16,-1.46076566575255e-17,1.40618247008146e-16,1.01424729397176e-09,8.34176532988412e-17,-2.86864499645519e-16,-1.71180624431807e-17,1.45477069410616e-08,-1.93915538816873e-09,2.2391543757118e-16,-3.77266655103979e-10,1.35660875726971e-08,-2.50810916935251e-16,4.91901172746174e-16,-2.66412588900668e-08,5.07239220228285e-17,3.47446657391067e-10,-5.08398122136813e-16,4.89625541268966e-16,-2.43338696377647e-17,-7.37783695478803e-16,3.86696803806872e-09,-4.82474525051507e-08,6.49874827428644e-16,-2.97839782303119e-16,1.44071661706432e-16,1.49505753582073e-16,-4.56557534833646e-16,-1.09236902455915e-16,9.89840501654269e-16,-9.14113389114072e-17,6.34997081248151e-10,-1.44746802476291e-17,2.20678271506444e-16,-2.37591586002768e-17,-8.085880408647e-17,3.08297053297442e-16,1.08563724947255e-15,-2.24730509867861e-07,4.69122466344229e-17,1.91568618196659e-16,9.52153040023719e-09,1.11415592793007e-15,1.5454036543904e-16,1.6803144076827e-15,-2.24615963312498e-16,8.20236154695252e-09,1.81446206508027e-17,-6.7069177832491e-08,-3.78177889647945e-16,2.04127029376612e-16,1.87291868382947e-16,-7.19815798356756e-16,-4.41730087935559e-16,-1.04713087687055e-15,2.44972630128633e-09,-5.1724105200114e-16,1.57963750079529e-15,1.26574745814732e-09,-3.08397018150382e-07,8.28327554966294e-17,3.48177350716512e-07,3.19190809921797e-08,3.84140578332509e-16,-1.276672060041e-15,-8.54094117373915e-16,1.04461321526863e-15,1.06330033801097e-15,-5.52018063676831e-08,-7.53331888185021e-17,2.43315355351449e-15,-4.68351763843582e-16,2.22567358541585e-08,-1.07836366013079e-15,-8.41238123537648e-16,2.44529112950798e-15,-8.32378737012312e-16,-1.02329189671112e-08,-3.77191792724253e-16,2.80447604323583e-10,8.4163762220529e-16,-1.03292057384684e-15,1.04150740285768e-15,-9.42368027348636e-16,-1.38000937103013e-15,4.16242196203856e-16,-3.35889082134354e-16,-4.93552648364614e-09,-3.18842984831635e-15,-1.36230055871191e-15,2.08206946394529e-09,-2.48759239996346e-15,-1.02095896088164e-15,4.55274351427094e-16,9.85467706839463e-16,4.60577517577387e-15,-1.10202583852666e-15,-1.52531866889023e-08,-1.70452418531836e-15,1.56865762630719e-15,4.56286176840489e-09,1.79888194156389e-15,1.38767203471753e-15,4.34598932594281e-15,-2.95113613584921e-16,3.2984725528214e-16,-6.00511161894813e-15,-9.20735531441913e-15,1.47965424177634e-15,2.59720295844237e-14,0.707106781186548,1.84887291499053e-13,-2.43333506185883e-09,8.08452821309099e-09,4.69469704750358e-15,1.2653221443909e-15,6.22145742989076e-16,-2.48159855756323e-15,-8.80805844927224e-15,2.3589883962265e-15,-2.12854081137353e-15,7.11825389435409e-16,-8.82441596256351e-07,6.42298806384547e-16,1.17978676005489e-16,3.80653862233853e-15,-1.13494480888511e-15,9.13225830865694e-10,1.60565564870151e-15,-1.46104557101287e-10,1.03261956191219e-15,-1.12035272536899e-15,-8.27803553192758e-16,1.99498792364e-16,8.00436450328531e-16,6.61905730615688e-16,-2.29459989656518e-15,6.58694558387144e-16,5.98763045205612e-16,-1.06219493258269e-15,-7.15496642523543e-16,-2.04228856661448e-16,-1.63589607352451e-16,-7.28168001427657e-16,1.42322984877866e-15,-2.76368337774776e-16,-1.09835242703221e-16,-4.4326258544218e-16,-4.71725556430079e-17,-1.31108520468823e-15,-9.85756615223821e-16,-2.34792441658212e-16,1.53476967651525e-17,9.43975426288399e-17,-6.56169041260104e-16,7.87972392455866e-10,6.80288150768411e-16,5.17092972382306e-16,-8.50746347341317e-17,-1.14714733832769e-15,-2.09827722367594e-16,-3.26693460380062e-16,-4.95323309698819e-16,1.60974324177618e-16,1.78571986870506e-16,4.37842186955102e-16,5.14345510627123e-16,-6.77498226069012e-16,-9.85603856639644e-17,1.02520911116377e-16,-4.68977277023525e-16,1.65672597979682e-16,-7.03514689214138e-17,-1.03351999637257e-08,6.05429594928534e-16,-2.38386752150296e-17,-1.3226796562428e-16,-1.85400523006399e-16,1.78196088631249e-16,-5.12160148705134e-17,-4.86502702653741e-16,2.20732904702851e-16,-1.65641126677096e-16,3.56555527477746e-09,1.71828012440161e-16,2.92172498723724e-16,-2.56661028459141e-16,-2.09755247444476e-17,-3.99336339477357e-16,-2.07875405008533e-16,1.33415990893317e-16,2.06656134841931e-16,-7.94572419830535e-17,-2.16106623750506e-17,-2.69143276881161e-18,1.00143583007721e-16,8.15563012365812e-17,1.14481431938451e-08,-2.46164058358754e-16,-1.01745098665897e-16,1.24782067816719e-16,-7.11236625150491e-17,-3.16323614317999e-09,1.95475755884489e-16,2.30570788914416e-17,-7.0164949712381e-17,1.64284082776631e-16,-1.76108678760911e-16,-8.13176065833584e-17,1.41053196828859e-16,-1.79464410115045e-17,-4.81682053015302e-17,-4.98785783342577e-17,4.91521776597271e-17,2.67615005295786e-16,-6.08268324136578e-17,-9.0436664408497e-18,3.17985925225657e-17,9.76137431373961e-17,-2.80639097842238e-16
"t714",0.0266257884008002,-0.00250965597734013,-0.00222012559492708,-0.000352429151935591,-0.0118186762309441,0.101482574733331,0.0173176376559268,0.00011126122619242,0.0266839596619474,-0.0206636692322869,-0.00391872682815125,0.00297781363002696,-0.00575271801333033,-0.00120045733537592,-0.0312138254892884,0.000699053946211594,0.000497432311220633,-0.000103816454319741,0.00396081258810536,0.000650274925844883,-0.000161156711116412,7.89877595110834e-05,-0.0027186728748887,0.000467635090778627,-8.52208890791031e-05,0.122550074713404,0.00654372262300728,-0.000347248003591096,0.000808498076556455,0.00164013368251603,5.6668250985192e-05,-0.00236730329812124,-0.000139176663067632,0.00130840527614245,-0.000145753683846058,-0.000189877347319573,-4.43418384212524e-05,0.204112901773357,-0.000355342662102848,1.35604546380515e-05,0.000122966944263625,-0.000255863436057463,1.26649352559024e-05,-0.000216101350890879,4.94087012918951e-05,-1.09487690455641e-05,2.04830262884325e-06,-3.0461701066321e-05,0.000420514206980856,-0.000810633840450004,4.71049401953757e-05,-4.39438561226466e-05,8.40681497456041e-07,-1.79954869046102e-05,0.000363673480380751,-0.0167972979406597,1.47795960142058e-05,-0.000122623490730738,0.00046010775994636,-4.73366486899155e-06,-4.70707778613116e-06,6.75226946955423e-05,-0.000155737666110306,0.000117117768208305,-0.00010508465871307,2.8742836448308e-05,-2.74931300394054e-05,0.0178711195694088,-0.000177737461582028,0.0503633482874387,-3.59947377804364e-07,5.18951284668142e-06,-0.000364022016253448,-1.6014044274037e-05,6.92363872436594e-06,7.09620441372983e-07,-6.92403882001963e-05,1.28891631822646e-05,-0.00141755210545597,-0.0745301461964163,-5.75943991879399e-05,-0.00412015505751773,9.59716659800011e-05,3.03446389339793e-05,-8.65693714928072e-06,-1.73115235444579e-05,1.84136879223366e-06,3.06055356187297e-06,5.94346286381729e-08,-2.17763138541348e-06,4.54970531764284e-06,2.21638909829458e-09,3.04526383788523e-05,-4.41529117709593e-06,-4.01348921299607e-07,-1.84058409713982e-06,-2.16676340195992e-07,1.23697721936696e-06,-1.40377992014362e-05,-4.22601886552092e-05,-0.000138810005746098,1.02659813757697e-07,-0.000746053425022391,5.16482879655484e-06,-2.53987736384099e-06,6.19174110189213e-07,-0.000612087931917808,-1.50473719137233e-06,1.81404506679109e-05,-8.30712692861599e-09,-8.53213756905375e-08,6.37924503924759e-07,-2.06605005046758e-07,1.28619265784212e-07,-2.36549102693233e-08,-8.04542249134495e-08,2.7251432992719e-06,-8.32644972836166e-06,0.000478640588241222,-6.27227929583902e-06,4.43122838955316e-06,-1.70395298273223e-05,0.000348320450749888,0.00132873658324715,2.72704653200937e-06,3.45062838207465e-05,-3.74356242784351e-06,6.32397599674782e-05,-0.000342087444805923,-0.0120624321200722,-9.84268425406081e-05,-0.00387731526608091,-0.000126122453035702,0.00170639791166885,5.73459339977407e-05,0.403462218535231,0.000264788939997933,0.000147684842972313,-0.00130521938638517,0.00461924662261274,-6.83001481977929e-05,-6.67998471731832e-07,-0.00123763958978646,0.000194708165217788,6.30581504054445e-08,1.05416149881287e-06,2.03942356866342e-06,-3.16623148542621e-06,-1.65198123795412e-07,0.000658790576483129,1.89973705054568e-07,5.92816729031366e-07,7.7631473076643e-08,-2.27736921144075e-06,-1.27919389260118e-07,-2.06259267375797e-07,3.37095919774521e-06,-3.95571384521379e-06,-2.05270378938738e-06,-6.82250775702286e-07,-3.39206373568661e-06,4.9654519230687e-07,-3.46000567902913e-06,-5.08029685823242e-06,3.3688599754599e-06,-2.27233123665467e-06,3.43226222633844e-05,5.86329741496827e-07,2.91458990677351e-05,2.9116856661118e-06,-4.96196569767635e-06,-8.72501371774531e-07,1.01132292377993e-07,3.35151467053891e-06,6.35091105372241e-07,9.28525644430622e-05,5.59554989287973e-08,-2.06310319624997e-06,-1.86611899342157e-05,-9.05669795143282e-06,3.58236996798634e-05,9.20687508288898e-06,-1.88067879620395e-06,-7.30057531445489e-09,-2.1501537174796e-07,-5.57872133735559e-08,-9.49026184262956e-05,2.21138863120461e-05,9.91704807857634e-05,-9.42830520883488e-06,-2.95071012918115e-06,7.46549597927709e-06,0.0050236837994138,1.68079945907386e-09,2.05862689339004e-07,-4.2155548796297e-06,-7.87429438343651e-06,-4.67320081373719e-07,4.82687222535726e-06,2.12496543952983e-06,2.11900248977641e-06,3.03139495945598e-05,-6.15939877045436e-08,-9.60251591743539e-07,-1.64661904799886e-05,-6.9595224028054e-06,1.07394107410668e-05,4.88051767569102e-06,-8.17255192826506e-05,-4.86088381900556e-08,-0.000345737898750687,4.96495851769418e-06,-2.37497529747951e-05,-3.99357623267565e-05,-2.3027208550406e-07,-1.68406266232566e-06,4.73945245706698e-07,3.03367242381286e-07,-7.69251126346754e-06,-0.00600425303856645,-9.05467723744139e-06,1.8515101827435e-05,4.22876327864098e-06,1.86944703494028e-05,-0.00163154694993553,-3.68629509469059e-06,-0.000462963464427308,-1.85334286557187e-06,-3.98955111048884e-05,-3.53602780714468e-05,9.23868013857751e-06,2.03036305953722e-06,1.49389795522109e-05,0.000872603644339073,-1.64125747288302e-06,-4.25110140577341e-07,-0.0225849103162544,7.45910029575286e-17,-9.4703566632647e-07,1.58441460201761e-05,-6.70458258472057e-06,-3.88155547563685e-05,-0.228966331524184,-0.000124667237432772,8.55220720757312e-05,-1.95076170034599e-05,3.45810308926889e-06,-1.72487996831232e-07,2.93611883487527e-06,-0.000267831203193957,6.36857096451304e-07,-6.55134440176227e-05,4.12756029743115e-05,-1.05263478130637e-07,5.86683494689134e-09,-2.46846325567797e-07,1.81929672824019e-07,-2.81673726780855e-06,-6.07660621758762e-06,1.06570755241496e-06,-1.86171136977242e-06,3.34039673081234e-06,-3.67911151185867e-05,2.10981235434578e-06,-2.03701545690233e-06,6.84665825933809e-07,-1.10527777079066e-08,-4.52751961003454e-05,7.26137294329395e-07,-6.64393675500531e-07,-2.14475530352014e-08,5.37696163730995e-07,-5.37047864412148e-07,5.6049657602659e-07,-8.98342593254224e-07,1.77160576424384e-06,-1.51432396997771e-06,1.3072663221447e-07,-0.00371593327652904,-1.87352655472668e-07,4.06449985632644e-06,7.05782164534224e-16,-2.02358886001909e-06,-5.74016246740839e-08,-3.35182012044278e-12,-7.96063695290138e-11,-2.40048719651981e-06,1.52093284003942e-08,2.73522539230948e-09,-1.208451825901e-10,4.42162185614392e-09,-2.43933218026552e-07,2.07704969037276e-09,-2.00208391911003e-09,3.4813882409097e-07,-4.62878059391751e-07,1.65457204812105e-07,-5.51093301397864e-07,9.34917612474464e-08,3.85753765619542e-08,2.54942032523711e-09,2.24092867446694e-06,-1.73416591887719e-06,8.11851392029353e-09,-7.99637016402895e-05,3.4283913805936e-07,-1.30928853127623e-06,0.0113710077170022,-3.23696479401149e-06,-3.60832034771336e-07,4.68886170954415e-08,-6.13315212408047e-06,4.03403807507905e-08,-2.31019446278623e-07,6.95380181471218e-08,7.0096453726381e-07,-1.5324615808169e-06,2.17551109747218e-16,6.58056667901814e-09,3.57213323762822e-07,-3.40588873395508e-08,1.98982850873489e-06,2.21784122618117e-08,5.26519694917107e-07,1.25073209711027e-06,-1.67553818578041e-06,0.000202534096074374,-3.90875181336671e-17,-5.63425012878014e-06,-4.58947124584326e-09,-2.00231345156901e-07,8.36411857455384e-08,0.000228206825453251,-1.09177843215563e-07,-4.40196716732159e-06,1.2118985209876e-06,-5.41369292584064e-07,8.68984064187493e-06,-1.2231982319184e-07,-3.41408578023907e-06,-1.61489231231358e-08,-2.35327303623563e-09,-3.56272102868958e-06,1.92181959253336e-07,-4.00859723341089e-06,1.07843404174728e-16,-1.177870681669e-06,9.5325459241024e-08,2.74806675648247e-09,2.65150283601768e-08,-9.93164498601897e-06,-2.51030828418666e-05,1.20241171952049e-06,-4.43466025627641e-06,-7.45924227147004e-05,-9.04513446879698e-17,-5.12132153813187e-06,-1.82860178397299e-07,-7.4052957950302e-06,2.82938409535046e-11,2.5937054916616e-05,2.10896938493388e-06,-3.28718704376891e-07,-1.44583593205019e-05,-5.1873486037121e-06,-2.94172125475746e-06,-9.8302220944308e-06,3.69355164980426e-06,2.6748428062275e-06,1.71625038995231e-07,1.3360109425734e-05,1.7388530163662e-06,6.59028112828215e-16,-4.51923242725814e-06,0.239175973443648,-3.22641766426531e-05,1.89705222117191e-05,-2.62067188423634e-15,6.77704535841703e-07,-7.27350887868737e-08,1.64816490930234e-06,9.06803632513111e-08,3.13314469137936e-06,-2.52602812301517e-07,2.68774800649693e-06,-2.64836808195323e-06,-1.24242012223871e-17,-6.7463802735433e-06,1.10304907213732e-07,-2.91875442301279e-07,-7.00523385395733e-06,5.73067630434035e-08,4.63513437560234e-09,2.81025203108243e-16,1.16050822282946e-16,3.8987740571092e-09,3.91158675320445e-08,-5.08097774708326e-09,5.18831459361488e-07,-2.06029679190745e-15,1.92601722197587e-07,2.02810158018744e-09,-1.07896623619614e-16,1.57580209569079e-16,-1.10416922810245e-18,-2.89137962791949e-07,-7.17409267557631e-08,6.35937953223061e-08,-4.70236553813465e-07,-6.07945890714658e-06,-3.10519183132999e-08,1.3037135597255e-08,1.21770366388724e-16,1.28280109513233e-09,-2.17537859327459e-09,-1.16781665182899e-16,-1.73064428401614e-16,-1.80470908511746e-09,-1.5088396193725e-11,-2.00515424591611e-09,1.42907176529768e-07,2.92956734515586e-09,-1.26969662898481e-08,-1.85440435994723e-16,-1.20842731280473e-06,1.66810767360104e-16,-1.69256817783496e-07,1.60461921527855e-17,-4.24564457113153e-09,6.11786839314471e-17,1.89819260885706e-08,5.08098673424404e-09,3.04158050415679e-08,4.76535949094793e-05,1.30377960718637e-08,-1.960240537342e-09,1.32236151258532e-08,5.12410828456485e-09,2.76985265661587e-07,2.62230892906751e-08,5.5281282674594e-09,-1.64650583899607e-08,-3.29675173445372e-07,-2.76171498689853e-08,-8.62119698550063e-09,7.15876414865733e-17,8.44084096160369e-08,-1.51498060760296e-08,8.68695986640214e-09,-1.71196847530728e-17,1.74901893351243e-08,1.32112505322584e-05,1.58712915375179e-07,-5.2276148531313e-17,-3.88781596116407e-08,-2.39197458493077e-07,8.96256460475623e-17,-2.87741296335941e-08,7.15226651309009e-08,3.70267333071192e-16,-1.17890135427121e-16,-2.78741012894686e-09,-1.68044239649278e-07,-9.94968512880353e-10,-1.47885880107039e-06,0.00206562920396276,-1.3226718722614e-08,-3.6675979956281e-09,6.97349058486537e-08,-3.0790104857592e-06,-3.40873163029443e-16,3.59828365169297e-10,2.77854386692074e-09,7.7594470427854e-09,7.3552599820793e-07,1.14574430693984e-16,1.92208592851593e-16,2.45795702948273e-07,-2.39640746870329e-16,3.04701856405444e-16,1.12968624366861e-07,-1.6812463312346e-07,-3.14840007496215e-08,-1.9108191682064e-08,8.28271530509031e-07,2.16511427069761e-07,6.73600056153355e-08,-1.43390316211057e-16,1.61972498180374e-07,7.63151049429493e-09,3.51201308133038e-08,-3.21634644831586e-08,1.30365312388981e-07,-3.69081313365112e-16,-1.62486886966452e-16,3.35515217419924e-16,-1.32088659022235e-07,-6.06791641780243e-09,-4.5661772078121e-05,-4.37054925860328e-17,-4.4681599226388e-09,-9.77585595878836e-17,-1.70392675830617e-17,7.8696461385711e-07,-5.20993227770879e-06,-6.99093560818653e-16,-4.79960405483107e-07,-2.24491434873924e-08,2.68475955355427e-15,5.17898905383056e-08,1.06387982180432e-15,2.08777037443969e-07,2.19032692701951e-16,2.08711945202046e-07,1.62728593612868e-07,5.90279507134717e-09,6.19805589238767e-08,4.28184134795899e-07,-1.97160026246227e-08,7.55133054289531e-05,-5.63780507898315e-17,3.84337472759983e-07,-2.18066238193667e-08,8.89450011971918e-16,-2.89287352900483e-09,-5.97035746802208e-08,1.4032001767592e-08,-1.09012814135758e-15,4.68730827405826e-08,6.25225275400858e-08,5.07381240676478e-17,-2.81848180133073e-06,-3.89662968799336e-07,-1.8665356686128e-09,-3.45294875082937e-16,-8.96154343325936e-16,3.52305632802301e-08,1.22835612269191e-07,9.99014460083355e-09,-1.64245061862053e-08,8.50659599638467e-08,5.86838153840426e-16,-8.67782530354472e-16,3.15965350967815e-07,2.18279385053177e-09,9.03013372337232e-16,7.89141955675212e-07,2.24401888610328e-16,3.79689255204572e-08,-1.63296698149191e-07,-9.57452429250405e-08,-6.4364360071779e-07,-7.94986747237314e-17,6.50574033474578e-16,-5.55685514850089e-16,-5.19515130477983e-17,-5.39020633649132e-09,-1.89577280594879e-08,6.2997411732014e-17,1.94818764369882e-16,1.9165089097011e-16,2.81411160055737e-08,2.59207977322181e-10,-1.53522487091979e-08,-2.30969947267507e-16,-2.2706717148907e-15,7.62996436864949e-15,-9.28892561664239e-07,2.88770147753488e-08,2.32121892848889e-15,6.24932064530696e-09,-1.81699608373267e-07,-3.54154036460137e-16,-4.45178678951799e-15,-1.93384924764141e-06,-1.84797745584525e-09,-1.33322936547869e-06,-4.96692182923869e-15,3.62126364566717e-07,0.382699161728259,-0.000495967337440968,1.51142560732308e-06,3.12524919901055e-07,-3.93137131732949e-09,-1.66749751810063e-15,-2.88140839635798e-15,-1.46053364716012e-15,-2.79195429872048e-08,2.49765287755474e-08,9.44944502052924e-08,4.2185997852909e-09,-8.72497441142237e-16,1.51241569743654e-16,-9.91880919541347e-16,4.94952365166756e-16,-2.06910924236467e-15,-1.25268754854012e-08,-3.78870135825557e-18,-6.66111962925957e-16,1.84664558603721e-08,-6.07189834606289e-16,1.63547496170936e-08,2.66349693449945e-16,1.99127987074122e-08,1.64338742984773e-16,1.65828594683356e-08,1.88016149911278e-09,1.31910203310939e-08,-4.11064061399682e-17,-4.11466978507385e-08,-3.74891656981928e-16,-7.89422658522196e-07,1.06263888489094e-10,4.39186087769685e-13,6.51579168879794e-16,1.54893015071765e-08,-8.87172317602501e-16,-2.32993197400977e-07,-4.73100039566952e-09,1.08172137822965e-17,-5.80558716695503e-17,3.45281645235612e-16,1.30994397880642e-17,-2.49228491998811e-10,-3.48493348042392e-09,-8.38811650762822e-10,-2.63969297382928e-16,-3.58952296648444e-16,-1.06074943463759e-09,8.74105889536389e-09,2.03241143989096e-16,-2.09689593456163e-16,-6.45830871960827e-09,-1.13305887773272e-16,-4.76649994405979e-08,1.82766541658458e-16,4.5219448629431e-08,-2.79684720477593e-17,-2.72016957148775e-16,6.31359331047633e-17,-7.59859226221084e-16,-5.2751196786786e-17,3.528388779363e-16,1.03745137620066e-09,-7.27271420831191e-09,1.69496900874757e-16,-5.30166098761973e-09,8.82305830674162e-05,-5.27669040191014e-16,-4.28425036413322e-16,6.32660892049228e-16,-3.97416207906256e-16,2.23186179229863e-08,3.67430357104718e-09,-1.12453380771069e-17,2.42116852615938e-15,-0.000204181656255156,-1.1060555819327e-08,-1.96884897759943e-10,1.9488165077895e-19,-1.10256349002252e-16,-1.1914006947664e-16,1.50594290227663e-16,-5.1684437944013e-16,-1.81362174311185e-16,9.79564613361835e-08,-9.34602692261778e-08,-1.81232256476963e-08,2.31536471289855e-16,-9.37883709522133e-17,2.90287885385929e-16,4.91875800002955e-16,-2.14005941992584e-16,1.20265322869205e-15,-2.53977943616623e-16,2.5977415120415e-16,-1.51647078223665e-17,-1.38006007800379e-16,-6.62763784262352e-19,3.84294510979146e-17,-1.88959219864201e-16,2.03397263044418e-16,1.0142493038344e-09,-1.0545623783462e-16,1.32938671836105e-16,-3.41268167776379e-17,1.45477070043838e-08,-1.93915367180339e-09,2.10474128368926e-16,-3.77267528544277e-10,1.356608739372e-08,1.23282322690937e-16,-7.8288013966145e-17,-2.66412586295546e-08,-3.87994519171652e-16,3.47446562911e-10,4.45172780047051e-16,-3.42002087345407e-16,2.40536373174598e-17,7.74973476502154e-16,3.86696833596681e-09,-4.82474523166032e-08,-4.46362519724741e-16,8.07307285494592e-17,-9.34687207832945e-17,-2.04269415227372e-16,7.61652026171067e-16,1.81564150457991e-16,-4.00983200698432e-16,-2.41696618098285e-17,6.34996737418367e-10,1.98325667949862e-16,-2.78793776393162e-16,-2.04327620569085e-16,-2.03629947917466e-17,-1.35619723350613e-16,-7.2657957678264e-16,-2.24730509833722e-07,-7.89480143946227e-19,-3.11998361496316e-16,9.521529959622e-09,-9.87941240634442e-16,1.99970674923318e-16,-1.34097995465676e-15,-2.29036778022173e-16,8.20236156484382e-09,-2.81173998685708e-18,-6.7069177994316e-08,1.32939446960864e-16,-4.69971051111933e-16,-3.90346454027321e-16,1.83438156090249e-15,3.56665625065722e-16,2.01487367842456e-15,2.44972696595976e-09,2.58820958354541e-16,-1.03307732743293e-15,1.26574642532622e-09,-3.08397018492466e-07,-1.27401282422276e-16,3.48177350195059e-07,3.19190808158763e-08,-1.71550064586945e-16,9.46212926110427e-16,4.80701975763647e-16,-9.73113645517102e-16,-7.71542948068236e-16,-5.52018056592028e-08,5.44113833607207e-17,-2.01730662915832e-15,3.17601925618104e-16,2.22567350844953e-08,7.91931253776337e-16,8.68148222250008e-16,-2.36883369254792e-15,7.82661996653149e-16,-1.02329191488921e-08,1.45026507220352e-16,2.80447355707401e-10,-8.15387348932675e-16,1.02741595785241e-15,-7.44523547867855e-16,7.92807476375363e-16,1.35483205168328e-15,-1.68229027891281e-16,3.10622109699434e-16,-4.93552814595975e-09,3.41248661355881e-15,1.47825110310033e-15,2.08207042837742e-09,2.43506293285074e-15,1.0295228662483e-15,-6.59549011851635e-16,-8.63005261654559e-16,-4.60935920709105e-15,9.18480241278518e-16,-1.52531873704797e-08,1.8065704866088e-15,-1.70727967496749e-15,4.56286123426679e-09,-1.57004099797885e-15,-1.75460503889879e-15,-4.11361642047146e-15,2.86140892470514e-16,-4.34443739468146e-16,5.75045585911741e-15,9.10614113753352e-15,-1.4550214565869e-15,-2.58655511682262e-14,-0.707106781186546,-1.85085221342463e-13,-2.43336091092636e-09,8.08449757055796e-09,-4.79225708271876e-15,-1.41881728410919e-15,-5.84968232590471e-16,2.50038129877994e-15,9.00278115945063e-15,-2.62209238113447e-15,2.23923445002941e-15,-7.52680666617058e-16,-8.82441610758772e-07,-8.07690113333814e-16,-2.76062634724715e-16,-3.90385016234886e-15,1.2519014865612e-15,9.13223692412881e-10,-1.7836616462388e-15,-1.46103107632951e-10,-9.26248118992051e-16,8.80554323224305e-16,1.22850733438652e-15,-3.30601670188055e-16,-7.36068932360693e-16,-7.53893206616821e-16,2.57685997361262e-15,-9.87751122056731e-16,-5.93140860604423e-16,8.50586785176015e-16,8.7865527424024e-16,1.5693861316167e-16,3.43708959759767e-16,7.75349912552869e-16,-1.54871195285319e-15,1.32534241361225e-17,4.89126521553895e-17,3.9300273113011e-16,2.62880335918436e-17,1.39752368079629e-15,9.26884437257858e-16,3.47668257390014e-16,-3.06307982756984e-16,-1.35036653957457e-16,5.7661453807954e-16,7.87971716835575e-10,-7.03227603642946e-16,4.19189516206872e-16,1.28891731124576e-16,1.05318582166151e-15,-1.7622144192984e-16,2.81683549368193e-16,5.96492128277311e-16,-4.90503345401927e-17,-6.70377045104487e-17,-3.7245533164745e-16,-5.82541827276462e-16,7.85122312159574e-16,2.09548584127107e-16,-5.29831564284651e-17,5.7069975461721e-16,-3.7219194129228e-16,-1.63976039346804e-17,-1.03351999737907e-08,-5.99347062017649e-16,-4.3457024016172e-17,-3.03749968339652e-17,1.75302608589854e-16,-7.49624484002435e-17,-5.67410661606204e-17,2.44584757757335e-16,-1.24722621980863e-16,1.14718497477107e-16,3.56555551452789e-09,2.13949266841225e-16,-1.59472396806184e-16,2.04562439140414e-16,6.49150953734598e-17,4.4645149347603e-16,-7.47705578579367e-17,6.40895453349127e-17,-2.38043415122157e-16,1.05893654284951e-16,1.31476879771854e-16,2.17956037331541e-16,7.76315242719038e-17,-1.07166374757887e-16,1.14481431146309e-08,1.39165769629753e-16,4.36367230952237e-17,-2.12450811980659e-17,-6.24500451351651e-16,-3.16323631173579e-09,-2.0869839496662e-16,1.77667309629761e-16,4.11633561976661e-17,2.95409301618442e-17,1.71838696639829e-16,-7.96510836571006e-17,5.92808830315046e-17,8.73947298209669e-17,-6.95941657177843e-17,1.06561250938509e-16,5.41579334977016e-17,1.05713989821506e-16,-1.12362683337428e-18,-5.53582226406701e-17,9.82202104556537e-17,5.79872425648595e-17,-2.13964200005636e-16
"t52",0.0265891367020806,-0.00250237751074353,-0.00221347868179434,-0.00035101526359487,-0.0117606334093008,0.100897955525676,0.0172159180739943,0.000110555798733035,0.0264841989972358,-0.0204761680661187,-0.00387364192929195,0.0029356313880283,-0.00566885385524709,-0.00118269300737146,-0.0307318740954573,0.0006876261426692,0.000489107201564872,-0.000102047623893083,0.00389177284080043,0.00063796579965961,-0.000157858398559921,7.7038625454775e-05,-0.00264784829688313,0.000455383499902465,-8.2979448667685e-05,0.119174088406906,0.00636133856481173,-0.000337483309294141,0.00078515683309451,0.00158427877903342,5.46112360998055e-05,-0.00227749158403186,-0.000133518290884641,0.00125270863065965,-0.000139235038703112,-0.000180713025345729,-4.21748089917821e-05,0.19398065228395,-0.000337584476268114,1.28727831730909e-05,0.000116553610823936,-0.000242198622132689,1.19785579473691e-05,-0.000204375574457545,4.66814425800189e-05,-1.03062349669791e-05,1.92589381711282e-06,-2.86258164706083e-05,0.000394570461936937,-0.00075936315839976,4.40275473270774e-05,-4.10300768932525e-05,7.84818159658839e-07,-1.67777010517747e-05,0.000338187503066228,-0.0156140097338004,1.36401556427285e-05,-0.000112944435013696,0.000423688992811975,-4.33746513840458e-06,-4.29677332317087e-06,6.1520248370318e-05,-0.000141674510942344,0.000106500496076608,-9.52812619731895e-05,2.5993028775536e-05,-2.47177011832939e-05,0.0160243703102779,-0.000159173722535827,0.045002344172769,-3.17801279954762e-07,4.53938994595662e-06,-0.000317957553777702,-1.39456057957955e-05,6.02707447163142e-06,6.169231168604e-07,-6.0164212553692e-05,1.11709255708716e-05,-0.00122141333540373,-0.0640650132734145,-4.93050477282442e-05,-0.00352401340085116,8.15489184137295e-05,2.57330715823463e-05,-7.27829502868737e-06,-1.45200712909729e-05,1.54072968688108e-06,2.55985571642204e-06,4.97062042835339e-08,-1.82072211806286e-06,3.80050720809951e-06,1.83521147584242e-09,2.51948603432872e-05,-3.6329217927278e-06,-3.27078942550603e-07,-1.49779560119974e-06,-1.76310732935143e-07,1.00279705049418e-06,-1.13644320758655e-05,-3.4032349643904e-05,-0.000111301794178747,8.22837496267941e-08,-0.000597715445988801,4.0563638674935e-06,-1.99174638271579e-06,4.84974473729171e-07,-0.000478410842653258,-1.17541363897763e-06,1.41553954117933e-05,-6.47191272947455e-09,-6.64375750842192e-08,4.95198885469828e-07,-1.60320905553295e-07,9.8988923094603e-08,-1.81733549154169e-08,-6.15709553000882e-08,2.08188374670387e-06,-6.33037249589365e-06,0.000362198735742429,-4.72954988613017e-06,3.33456084387834e-06,-1.27325147707465e-05,0.000259084411535546,0.000988153885385531,2.02670347857343e-06,2.55229087942255e-05,-2.76786324640305e-06,4.65650538201329e-05,-0.000248903487461136,-0.0087754717016186,-7.15359455397662e-05,-0.00279520318467583,-9.07775074994913e-05,0.00122676326066401,4.10302280213136e-05,0.288479267798374,0.000187397729598686,0.00010365022890687,-0.000905506024156473,0.00320358119255751,-4.72733813676788e-05,-4.61876877319049e-07,-0.000854336318405836,0.000134321274554669,4.35008951368111e-08,7.23924165334644e-07,1.38780033055107e-06,-2.13439305071552e-06,-1.11098672906856e-07,0.000440729482079027,1.27038723618652e-07,3.95629452182369e-07,5.1747598396624e-08,-1.51599530622298e-06,-8.40912146830581e-08,-1.35315288056809e-07,2.20831639733063e-06,-2.50595055563264e-06,-1.28950734762612e-06,-4.28033145824257e-07,-2.11281677000922e-06,3.0882294201698e-07,-2.1317930292821e-06,-3.12649185202705e-06,2.05402391696439e-06,-1.3728823593943e-06,2.01820566039332e-05,3.44431573637191e-07,1.71170738693234e-05,1.70353044418474e-06,-2.89014768640126e-06,-5.07869355953647e-07,5.8344142880546e-08,1.92806084290352e-06,3.63116299866173e-07,5.30082888642424e-05,3.19193449061999e-08,-1.15986340300957e-06,-1.03311416576256e-05,-5.00050353403324e-06,1.97287319535659e-05,5.03176191472391e-06,-1.02478571112643e-06,-3.96650089197573e-09,-1.16498135853084e-07,-2.99445323135235e-08,-5.08210892116989e-05,1.16010913896458e-05,5.19895427073228e-05,-4.90811688217648e-06,-1.50605737006671e-06,3.74690617394588e-06,0.00250653822912298,8.3121377699078e-10,1.0112675364422e-07,-2.02919617834654e-06,-3.77342521893229e-06,-2.21809917184023e-07,2.27997634861833e-06,9.65911969670266e-07,9.61414238668421e-07,1.35229712844508e-05,-2.70132925750479e-08,-4.03625749805647e-07,-6.91989594004561e-06,-2.91293625868095e-06,4.43922468431175e-06,1.99973894220162e-06,-3.26971945425003e-05,-1.88623082415508e-08,-0.00013078620780986,1.86311953718124e-06,-8.58576094410806e-06,-1.41299976111959e-05,-8.14276027543619e-08,-5.85368373947507e-07,1.57442826814982e-07,9.9874232406307e-08,-2.40948255345481e-06,-0.00181357940410254,-2.69976247779394e-06,5.22168480491524e-06,1.176242996711e-06,5.12041110392886e-06,-0.00042558111664276,-9.51776130092894e-07,-0.00011923262344402,-4.50517762827295e-07,-9.34469299234016e-06,-7.93162349106556e-06,2.03050464030307e-06,4.36689264290845e-07,3.14701043859142e-06,0.000182725541827828,-3.24557376586295e-07,-8.09549776614376e-08,-0.00412077285982456,-7.09000644381268e-18,-1.61875125518081e-07,2.67150221479676e-06,-1.02233570734549e-06,-5.43110957617075e-06,-0.0296466064570483,-1.6063495180355e-05,9.34219341063523e-06,-2.06608675424346e-06,3.60946845532902e-07,-1.67339583037469e-08,2.7016673344731e-07,-2.21855741570616e-05,5.01479348245874e-08,-5.04789286973594e-06,2.79672494517519e-06,-2.95951161621106e-09,8.08774002630797e-11,-4.25986906702956e-10,-4.52612912798963e-09,7.54676855747122e-08,2.77895072048001e-07,-6.01745012881464e-08,1.33906840359286e-07,-2.56949121875728e-07,3.02334317574228e-06,-1.88823633564216e-07,2.04548411589686e-07,-6.96079789894686e-08,1.43501661591837e-09,5.90777121647108e-06,-9.5283060577974e-08,9.23342419458056e-08,3.04285185083666e-09,-8.12678442252988e-08,8.20993208390156e-08,-1.17810481920617e-07,1.94631194824472e-07,-3.9295024831283e-07,3.53897987556508e-07,-3.18050349758645e-08,0.000985499808058453,5.08942318086492e-08,-1.12491786491514e-06,-7.22227431502853e-16,5.95963487140136e-07,1.70403389871953e-08,1.02085847105239e-12,2.5707864146294e-11,8.13593189679513e-07,-5.27129074830671e-09,-9.5838265843824e-10,4.83825428975793e-11,-1.78478336539612e-09,9.86802143953551e-08,-8.715923325587e-10,9.27765616923192e-10,-1.64014667484332e-07,2.20566176196056e-07,-8.18097667976955e-08,3.11407892959933e-07,-5.57008134163036e-08,-2.30524411627333e-08,-1.52489622155828e-09,-1.51761973899393e-06,1.34291197599561e-06,-6.39139371147196e-09,6.44757393378984e-05,-2.84477459002677e-07,1.09593615034912e-06,-0.0102252997559046,2.92632009018728e-06,3.2938695033521e-07,-4.30867060672452e-08,5.75906811810107e-06,-3.87887733530833e-08,2.27017482329359e-07,-6.89815167584299e-08,-7.06527064661461e-07,1.59752136215887e-06,-5.42340873867621e-16,-8.35578974623748e-09,-4.62296952865406e-07,4.5343548565847e-08,-2.65132511834758e-06,-2.95774192589652e-08,-7.07035792122342e-07,-1.70148430273873e-06,2.31471284569977e-06,-0.000288618859179708,-8.4414691107759e-17,8.61461953039633e-06,7.07831173153949e-09,3.14592142678833e-07,-1.3170252628608e-07,-0.000376084916071422,1.84477484910308e-07,7.70409706557438e-06,-2.17270543224011e-06,1.02221660576784e-06,-1.72055094567114e-05,2.49615480970112e-07,7.08647087787345e-06,3.38752604388956e-08,5.02985966370278e-09,7.63067771008857e-06,-4.17123149413014e-07,8.79071745226298e-06,-4.21087320574067e-16,2.78982644482167e-06,-2.29421308920721e-07,-6.61485608032964e-09,-6.67956986679884e-08,2.51923487052905e-05,6.92901793254817e-05,-3.40022981981992e-06,1.26006842420267e-05,0.000215830005497257,-9.92737585565234e-17,1.51293435711573e-05,5.44406959615558e-07,2.26968180079633e-05,-8.72247925626086e-11,-8.20484706794217e-05,-6.72154407157255e-06,1.05174168559676e-06,4.6632727353708e-05,1.69580635052737e-05,9.71501100777882e-06,3.27237287274988e-05,-1.25898754579148e-05,-9.1431955556008e-06,-5.96327419642874e-07,-4.77836515278811e-05,-6.22839338600402e-06,-2.84699061507911e-15,1.71424149749933e-05,-0.916413771926013,0.000126403302531164,-7.68948567189606e-05,1.01771226479911e-14,-2.95968916598061e-06,3.46191891230255e-07,-8.16144274522608e-06,-4.57490672562458e-07,-1.61674853853056e-05,1.35990808016355e-06,-1.552577411084e-05,1.8401016003306e-05,-6.08273776284257e-16,5.60666068644643e-05,-9.31946859385733e-07,2.55374098119325e-06,6.44182425346643e-05,-5.29027301607063e-07,-4.34086577484043e-08,7.84095011141517e-16,-4.8174115801701e-16,-3.97681304685328e-08,-4.31520438301433e-07,5.66190534180856e-08,-6.22889477764107e-06,2.86875619667257e-14,-2.76409342458086e-06,-3.17679993790572e-08,-2.2766578586149e-17,7.64170395882465e-17,2.22879877342298e-16,6.24220085273457e-06,1.62440576787707e-06,-1.72564842713589e-06,1.5265786933717e-05,0.000201952102715239,1.30391728812663e-06,-5.64420528830319e-07,-5.5904896477483e-16,-1.18522422319494e-07,3.28226979749962e-07,-4.90214037994612e-16,-1.01951793079752e-15,-1.958804933194e-07,-1.1698495072739e-09,-1.12919703112417e-07,6.81585719243899e-06,1.0845433170733e-07,-4.53854563255981e-07,-2.55920074033013e-17,-4.12599808665853e-05,-1.7009473666235e-16,-5.1241051526753e-06,1.0676680893551e-15,-1.18738322340742e-07,6.89934883479456e-17,4.84440755497211e-07,1.2743618033653e-07,6.2310968106109e-07,0.00094024628508681,2.53361918646322e-07,-3.57604092098024e-08,2.29185430213602e-07,7.97123557299823e-08,4.30500822300115e-06,3.95316927279114e-07,7.9027677909803e-08,-2.20336437938324e-07,-4.18976148802792e-06,-3.37754286360724e-07,-1.0353045919547e-07,5.9128061830099e-17,9.60395919997061e-07,-1.64183236075924e-07,8.32116498780566e-08,2.14780337659426e-16,1.62200209495715e-07,0.000116959231486004,1.37863365755629e-06,-4.9380573221631e-16,-3.34481118541399e-07,-1.98318242056484e-06,3.75645598603235e-16,-2.34407660591398e-07,5.28143323887777e-07,-4.1218870786181e-18,-1.40946161636872e-18,-1.98673940392162e-08,-1.19403252605048e-06,-6.96877840225519e-09,-1.01876776814779e-05,0.0137222854495423,-8.75980093782165e-08,-2.41850823197844e-08,4.39305168664608e-07,-1.87177957700965e-05,-6.98876720384156e-16,2.15895629844095e-09,1.6633924459341e-08,4.60913465912644e-08,4.32859437825919e-06,-3.13416536621083e-16,-1.19398880437128e-16,1.42840625783562e-06,-4.19743989361465e-18,-3.93367698939482e-16,6.08578170257385e-07,-8.94397609675224e-07,-1.67446167336747e-07,-9.89182814935363e-08,4.27230008927197e-06,1.1159249752963e-06,3.45460853211507e-07,6.81088020573825e-17,7.88819576464517e-07,3.67666500477127e-08,1.68599835895675e-07,-1.51714808439457e-07,5.95754530845233e-07,-9.96340456192141e-17,2.20153660763581e-16,8.06983330614932e-18,-5.77127644443332e-07,-2.60075852752635e-08,-0.00019542484802748,-5.62560079645904e-16,-1.87731156013097e-08,-3.67633033100518e-17,7.23687734826657e-17,3.04959115991893e-06,-2.01686653433285e-05,-3.07479736116889e-16,-1.82139471751594e-06,-8.4206492371269e-08,1.78695196074845e-16,1.89669693169349e-07,4.83702028474407e-15,7.42655766532444e-07,5.96341458323118e-17,7.40469819836576e-07,5.76150403895227e-07,2.08509175800196e-08,2.18233554600474e-07,1.49669885909752e-06,-6.70372558350522e-08,0.000246809280407047,8.38938619804227e-18,1.19360083275e-06,-6.73443556094142e-08,1.07430937504342e-16,-8.86707558200825e-09,-1.80485368101669e-07,4.18856966860173e-08,-5.67352829718811e-17,1.33812187607348e-07,1.7686518955581e-07,7.84257450311839e-17,-7.8754454199142e-06,-1.08213191852735e-06,-5.06428668277678e-09,-4.85673930077633e-17,-2.44754360530624e-16,9.01709122827302e-08,3.06171232825181e-07,2.47624248236673e-08,-3.56721317781367e-08,1.80271245245066e-07,8.90730919864584e-18,1.01357692823178e-16,6.57930560326373e-07,4.53491976066298e-09,1.23074262811245e-16,1.58942379809384e-06,1.19324821029864e-17,7.40914903881697e-08,-3.04189274137089e-07,-1.77740462964595e-07,-1.17853226696497e-06,-2.58820016600238e-16,1.1415093327742e-17,2.54284135739196e-16,7.01958712615659e-17,-8.57003355732031e-09,-2.97441559860867e-08,-8.48830706543057e-17,8.31360319189642e-17,-5.42678418922997e-17,4.19725153482015e-08,3.77691566073901e-10,-2.08895004457689e-08,6.29395915729917e-17,-4.38532673716074e-16,1.16269840977345e-15,-9.24797985175487e-07,2.83515149059762e-08,5.24770607437113e-16,5.1161830137198e-09,-1.36092344923042e-07,-8.31590670743635e-17,-3.71636741076005e-16,-1.11124717723143e-06,-1.03484358561385e-09,-5.99097932208414e-07,-6.69228303770419e-16,9.05994800094662e-08,0.0504423704186474,2.22727249223144e-05,-4.71291108619145e-07,-1.2163135632103e-07,2.12884948028815e-09,-6.02158683097178e-16,-4.94055571271263e-16,-1.868542212617e-16,4.62380497896295e-08,-4.18988683935164e-08,-1.75963042494861e-07,-1.27618119881132e-08,1.74485930086577e-16,-1.11336679697042e-17,-3.13411120830436e-16,-3.314155160372e-17,-5.34565118564296e-16,6.15771640974068e-08,-6.02857960672803e-17,-2.19578338723371e-16,-1.10620598153087e-07,1.0179326304318e-16,-9.90359325093502e-08,3.60864895247277e-17,-1.22806171362984e-07,2.06529212067016e-17,-1.49175373472119e-07,-1.86792455196297e-08,-1.54117422057482e-07,6.72072368384942e-17,6.00505423616994e-07,-1.47081260584886e-17,2.20282367126039e-05,-1.35637310983669e-07,7.50629034948108e-10,3.53273829739648e-16,1.21085309645875e-06,-2.38864755538408e-16,-7.67411467801382e-06,-1.51763991758716e-07,-4.74091442768247e-18,6.56433414904974e-17,3.95233576029346e-17,5.35060717490669e-17,-5.63598197103172e-09,-7.33862788334309e-08,-1.63853050922972e-08,6.49957746557818e-17,4.10036883775231e-17,-1.56635698844577e-08,1.27769401480401e-07,-6.74346247691751e-17,2.61552181290206e-17,-7.46224925262222e-08,1.05887779521281e-16,-5.28860807557279e-07,4.78379571160223e-16,4.52204613351022e-07,-8.48246625775724e-17,-9.68094036948441e-17,5.93925973488465e-17,5.59659041427107e-16,1.19192492172486e-16,-1.6016032049516e-16,8.78862934722407e-09,-6.14948908270085e-08,2.78572757864937e-18,-4.27497451122492e-08,0.000698311973874271,-1.23962542190727e-16,1.39550772392854e-16,2.77689453593137e-16,-3.08462163454787e-16,1.64170825915063e-07,2.66082415544181e-08,3.76771226304737e-16,1.44981445456824e-14,-0.00145393385239963,-7.85907652632959e-08,-1.38894814349796e-09,-4.44516087758943e-17,-6.37055910807196e-18,5.87802742036589e-17,-6.62154392110096e-17,-1.90684853377629e-16,-1.09098215620078e-16,6.23075367845397e-07,-5.89388590263178e-07,-1.13337078450583e-07,-6.33037830802418e-17,1.9429950210401e-17,-1.22772833486724e-16,5.64342314899311e-17,-1.70288328981789e-16,2.28656623313218e-16,5.58687645047576e-17,1.3632994393219e-17,-1.10012448087431e-17,6.04035334486068e-17,1.17643920629031e-16,1.45057484586314e-16,-4.7524451245639e-18,-2.83187913184163e-17,5.61723564881927e-09,5.94615201178033e-17,-1.58358957120414e-16,-1.33594431042345e-16,7.94636181167805e-08,-1.05591309431645e-08,7.55589148900664e-17,-2.05034498315888e-09,7.25434409966541e-08,7.184433784124e-17,5.52845380998355e-16,-1.39733790310067e-07,-1.65560920007381e-16,1.78179779156755e-09,-2.0071997342292e-17,6.37832771360473e-18,-1.59308433781135e-17,9.24173790632739e-17,1.91843764813064e-08,-2.38844932474992e-07,-1.97836802966884e-16,-2.06288805245605e-16,-4.36974907058463e-19,-1.75154855728751e-16,1.97324795392362e-17,-2.06781282454314e-16,3.95274932846709e-17,2.02218956167929e-17,2.84994703169285e-09,-1.42028690124901e-17,-1.463607825659e-17,-8.23245619189086e-17,5.45726730766207e-17,-1.88251535387156e-16,2.61959789431053e-17,-9.90304670522829e-07,-7.38490683602639e-18,1.35108239331557e-16,4.18202592837647e-08,-1.70232168335833e-16,8.89154100427288e-17,4.81648920610284e-17,2.11408749077835e-16,3.4728616728515e-08,-1.1958464642149e-17,-2.82205290153621e-07,1.6580935778749e-16,-3.83726047016828e-17,7.36164874622033e-17,-2.02133401433924e-16,1.87406592919527e-17,-1.12364535783656e-16,1.01803926496132e-08,-7.90324047051266e-18,-2.2824192290032e-16,5.21151084609625e-09,-1.26918823287623e-06,2.97568262799245e-18,1.42174583227168e-06,1.30023071240031e-07,5.39772334959356e-17,-1.14764596480424e-16,2.60073550648247e-17,-8.34693292797598e-17,1.8726758819277e-16,-2.17302404679556e-07,-1.25669203825884e-17,-6.8348991324826e-17,5.95041217628598e-17,8.68842569451569e-08,1.06913719349228e-16,1.11798446795307e-16,6.85801230419136e-17,4.61615633070009e-17,-3.95173937361853e-08,1.23596743028786e-16,1.07948473001937e-09,3.09817395913121e-17,1.51747927159066e-16,5.69914210800575e-17,1.4684134107908e-17,-7.79091606811008e-17,-6.24802727086518e-17,5.03269195253203e-18,-1.86787793826937e-08,-7.96950407140664e-18,1.49959574568142e-16,7.84753273308415e-09,-1.2674586738884e-16,-6.00244695259844e-17,1.99489400570994e-16,3.08638967299527e-17,4.45762713137946e-17,3.34609472688508e-16,-5.67712788895314e-08,7.7135117364703e-17,6.49001244701532e-18,1.68891822656914e-08,7.42985307482277e-17,-1.19333690794276e-16,-3.07685226573602e-17,-3.73931583219002e-17,4.01066046959681e-17,-1.43881415357822e-16,6.0245064192256e-17,1.63780549193526e-16,8.70044949975276e-17,-1.8658813880059e-16,-9.87334741766356e-19,-8.83071754641062e-09,2.92713103033194e-08,-1.42838322874169e-16,1.88746084241479e-16,3.75458556578227e-18,-1.14461880492917e-16,2.65629532258949e-16,4.66464866715606e-16,1.65081872990332e-16,1.33034841596041e-16,-3.15736808273997e-06,4.30035804396989e-16,-2.73883173683757e-17,-8.00551298403852e-17,2.41294333920583e-17,3.23559978869742e-09,-1.50172944760835e-16,-5.12093664685443e-10,-4.85606837643939e-17,-1.68361446893209e-16,-2.39486207745477e-16,-1.89606263377663e-17,-7.33559582010242e-18,2.67108030623095e-17,2.50236127235631e-16,2.51344012489016e-16,1.01138510004461e-16,-1.68849371954706e-17,-3.58195219920651e-17,5.19804211373992e-17,-1.00678788091537e-16,-6.55372084356468e-17,7.86275529723653e-17,3.02454596455076e-16,4.90186762863956e-17,2.60419948496854e-16,7.40742783900381e-17,8.81319828947529e-18,1.4734307524078e-16,-7.87729303440507e-17,9.51717741970084e-17,9.48135751326708e-17,-1.63838442399023e-17,2.6602134923734e-09,-1.70672326557611e-16,-2.85251863682258e-16,3.32588587210672e-17,-1.43679513509461e-16,-5.9997884681952e-17,7.17373815676493e-17,-4.04406992665216e-17,-2.77009642049274e-17,-5.33663552803948e-17,-8.50106341850487e-17,-1.00505541389406e-16,-1.06784055472943e-16,1.44940542434217e-17,-9.89692873285321e-17,-1.68168681615918e-16,7.67277440637864e-17,1.63069616830407e-16,-3.40808295396691e-08,4.33398661537684e-17,3.39843366173262e-16,-4.27528328600371e-17,3.75601977220685e-17,-1.11054543293934e-18,-1.05150164311835e-17,-8.27176112291109e-17,1.19966871924412e-16,2.66117494044408e-17,1.14911791531686e-08,3.94837981116254e-17,1.16802581831967e-16,5.67489930465385e-17,4.41698208963629e-17,7.10945546967311e-17,1.29280664823495e-16,-3.713232481272e-16,1.75307025679566e-17,-8.17838281210934e-17,-1.51625526206979e-16,-1.25050655954601e-16,3.70838376655173e-17,5.58989423688528e-17,3.60998272243588e-08,2.82458104843802e-16,-7.7800778191833e-18,9.08487105746756e-17,-4.16550474668931e-16,-9.87772485760843e-09,-1.48025355422786e-16,-1.42620312761163e-16,1.29021712526201e-18,-4.43504063779519e-17,-1.037422672388e-16,2.81519127645732e-17,1.40516754172179e-18,1.05035880699973e-17,1.08727933303236e-17,-2.56684878750216e-18,5.31617279010293e-17,-6.19126726188139e-17,-2.21439974858126e-17,-2.18108268776003e-17,-3.68682928685334e-17,-2.84778957438227e-17,-2.3663561625575e-16
"t223",0.0265478980403815,-0.00249417753219649,-0.00220598961944766,-0.000349420858870674,-0.011695129930547,0.100237713518387,0.0171010296081016,0.000109758728051165,0.0262582665393051,-0.0202638138568857,-0.00382247495110276,0.00288764956252719,-0.00557342560504217,-0.00116247533748573,-0.0301830609058447,0.000674602821620164,0.000479616601763783,-0.000100030640437553,0.00381302083915612,0.000623907002807667,-0.00015408627137533,7.48014001909828e-05,-0.00256645910937435,0.000441302593973077,-8.04031055306059e-05,0.115289506837842,0.00615141951577873,-0.000326242000825791,0.00075826852846158,0.00151964650026291,5.22263317761714e-05,-0.00217321549728745,-0.000126933081162932,0.00118778087349067,-0.000131621703812344,-0.000169976563136625,-3.96346781702375e-05,0.182095915676146,-0.000316748713080435,1.20654143214267e-05,0.00010901443090575,-0.000226117336236437,1.11702432822139e-05,-0.000190565878954345,4.34668472326645e-05,-9.54655967806446e-06,1.78103135438006e-06,-2.64522008115953e-05,0.00036381542368258,-0.000698500963377062,4.03677197195499e-05,-3.75618358613921e-05,7.18316187479126e-07,-1.53264313616846e-05,0.000307750287578199,-0.0142003819444731,1.2270841031724e-05,-0.000101293630686514,0.000379842667740389,-3.85852034649205e-06,-3.79923471114375e-06,5.42303427762079e-05,-0.000124573400280651,9.35855446445756e-05,-8.33280150556678e-05,2.26330055642722e-05,-2.13101602709978e-05,0.0137521130257467,-0.000136309784783784,0.0383874865359991,-2.65291160860845e-07,3.72329497090595e-06,-0.000260065731607482,-1.1339800061226e-05,4.89724569909098e-06,4.99985698626363e-07,-4.87098587926388e-05,8.99800419023348e-06,-0.000972208154585162,-0.0507431565170609,-3.87183973726952e-05,-0.00276211694851625,6.30195417833812e-05,1.97990561533743e-05,-5.49214334869303e-06,-1.08967009281712e-05,1.14974889975383e-06,1.90849738963991e-06,3.70494650461768e-08,-1.35628670234166e-06,2.82488759046765e-06,1.33538752625229e-09,1.82961267905511e-05,-2.60193191022459e-06,-2.28470496318313e-07,-1.0421560647196e-06,-1.2265331618318e-07,6.90600775949668e-07,-7.79659230534056e-06,-2.30065195160979e-05,-7.43150921984483e-05,5.48785112951127e-08,-0.000398137693492049,2.54193209729388e-06,-1.2419926256796e-06,3.01244079013331e-07,-0.000295098667920642,-7.2360536123302e-07,8.68378458142471e-06,-3.94902721677706e-09,-4.04675069127498e-08,2.98448949016749e-07,-9.64993246350616e-08,5.78744846868883e-08,-1.05570374234293e-08,-3.525612548069e-08,1.18427616511522e-06,-3.53481879596454e-06,0.000198540908934852,-2.55543464623296e-06,1.78670181018823e-06,-6.6212032809305e-06,0.000132028323665911,0.000503161148924715,1.02891280688035e-06,1.26784702707011e-05,-1.37239320344845e-06,2.26429074670018e-05,-0.000114026688586504,-0.00401736871918635,-3.25812291755596e-05,-0.00121816835323127,-3.92058355259731e-05,0.000526328252401918,1.71192558291703e-05,0.119886786583453,7.30663005412609e-05,3.8197834599869e-05,-0.000306345911761694,0.00108102618820569,-1.57013567774577e-05,-1.52152135991709e-07,-0.000277683557328884,4.34318819191427e-05,1.40647391222223e-08,2.25238682728672e-07,3.97286751490071e-07,-5.55277210726579e-07,-2.81647761628475e-08,0.000105186387951458,3.01680401228709e-08,9.16783311358888e-08,1.18154859602336e-08,-3.40257744916735e-07,-1.58037549296302e-08,-2.46204681588766e-08,3.92378457896594e-07,-1.87612182070823e-07,-6.19151092471274e-08,-1.87584863243712e-08,-4.29878524764821e-08,4.77444275428886e-09,3.34571500788321e-08,6.11196927821011e-08,-1.0486227357344e-07,1.13184818809184e-07,-3.61361505049238e-06,-6.29005695247286e-08,-3.14167068807863e-06,-3.36409281014269e-07,6.18543851328384e-07,1.09913675011194e-07,-1.45837188954615e-08,-5.02634556788797e-07,-1.0320890610166e-07,-1.53771306523529e-05,-9.35564058705701e-09,4.06164514614525e-07,4.25760377808736e-06,2.11571106384421e-06,-8.55564800450643e-06,-2.34188282337601e-06,4.89712987638148e-07,1.94428183297457e-09,5.84695448115375e-08,1.62299880755807e-08,2.80603155734323e-05,-7.45961770255817e-06,-3.35915977824067e-05,3.32762210883224e-06,1.15897118548649e-06,-3.18526873645425e-06,-0.00220310471111164,-7.67121260467624e-10,-9.67274444918944e-08,2.15254871444767e-06,4.09146062377169e-06,2.51776901952413e-07,-2.64730458828368e-06,-1.32828482163192e-06,-1.33239043419207e-06,-2.00806256333384e-05,4.28799840945571e-08,7.49044131900023e-07,1.28509735472052e-05,5.48687695337517e-06,-8.73061011845852e-06,-4.05184093024268e-06,7.16626715561345e-05,4.5518043134464e-08,0.000340831593531767,-4.97161723662303e-06,2.54872054393564e-05,4.45007301390655e-05,2.56846809405909e-07,1.93353777313899e-06,-5.84804896327896e-07,-3.79466689476782e-07,1.03381508587609e-05,0.00847265674331489,1.29926521236415e-05,-2.84436000423705e-05,-6.60175505887774e-06,-2.97022449524194e-05,0.00273395975702477,6.24346886727965e-06,0.000786175888550695,3.33377123384861e-06,7.43018096093693e-05,6.84422766808262e-05,-1.81967885143292e-05,-4.07188814733489e-06,-3.04704370842581e-05,-0.0017883449970995,3.51548216599734e-06,9.35954549652684e-07,0.051229592135196,-1.97239814489362e-16,2.24215623309009e-06,-3.7834705143438e-05,1.69894568257688e-05,0.000102985182583489,0.631057766215885,0.000344385217488426,-0.000253699538176537,5.85714545795336e-05,-1.04408972530695e-05,5.34881452233602e-07,-9.27152498817645e-06,0.000874404600103152,-2.11032165131156e-06,0.000218427534820862,-0.000142350160237618,4.19870871365155e-07,-2.46829410290852e-08,1.0866458789148e-06,-8.86501206183612e-07,1.38274055645257e-05,3.21276986825494e-05,-5.88104177824875e-06,1.09399322010296e-05,-2.00378426862389e-05,0.000225573557467302,-1.33400078929225e-05,1.34946051605158e-05,-4.5602837329081e-06,8.34469503087575e-08,0.000342846663952309,-5.51723792254597e-06,5.23313050861462e-06,1.71250300753251e-07,-4.4874066292371e-06,4.5196938512738e-06,-6.38809200544847e-06,1.06363121306482e-05,-2.16372422110269e-05,1.99227226380382e-05,-1.83155538784161e-06,0.0608221916494994,3.2217698914825e-06,-7.2791018623217e-05,-1.37210680022168e-15,4.21797590454007e-05,1.22259694795895e-06,7.6822041923792e-11,2.21957819080291e-09,8.19214718018896e-05,-5.8007551407843e-07,-1.10728930169482e-07,2.1756279659005e-08,-1.017752307021e-06,6.07072203173494e-05,1.42199213547068e-06,-1.19696056857707e-07,1.80114330472555e-05,-2.19045963489265e-05,6.11840584703139e-06,-1.1213589247687e-05,1.60532220492117e-06,6.56420732294683e-07,4.32667765330836e-08,2.7635143177008e-05,-1.62996904911633e-05,7.40640507034581e-08,-0.000699393980457664,2.85542370441133e-06,-1.07469831340724e-05,0.0832377877577267,-2.35026793676713e-05,-2.58139643657308e-06,3.32099431932281e-07,-4.20587549614917e-05,2.67199429329008e-07,-1.48311157028087e-06,4.404832607837e-07,4.34183346504741e-06,-9.06094802781888e-06,4.89947329268578e-16,3.01340802170435e-08,1.59754758880102e-06,-1.47086934401556e-07,8.58446125740574e-06,9.55777492937769e-08,2.24984401446045e-06,5.25986726671564e-06,-6.91466754300882e-06,0.000804648815436667,1.26709818234941e-16,-2.05357855728344e-05,-1.65504838809493e-08,-7.05785289800173e-07,2.94021546000573e-07,0.000758151153482508,-3.51534330244447e-07,-1.35562170959002e-05,3.6185059248361e-06,-1.51023793489713e-06,2.2732902656448e-05,-3.06777156672545e-07,-8.35755127403936e-06,-3.89340108853831e-08,-5.51980566191723e-09,-8.33113399393338e-06,4.40574085289595e-07,-9.04736798395025e-06,2.28641955281245e-15,-2.35103459112431e-06,1.8517275380105e-07,5.33676545838740e-09,4.74837369072965e-08,-1.75595898860774e-05,-3.73982273730818e-05,1.69569238676995e-06,-6.18415973767656e-06,-9.95654879186034e-05,-5.45582494956874e-15,-6.48551567068476e-06,-2.26894746749893e-07,-8.47745408126845e-06,-0.707106781195759,2.69704967124539e-05,2.14043705177745e-06,-3.29367428322662e-07,-1.40992161155299e-05,-4.82425354364756e-06,-2.63553271577747e-06,-8.54378780952939e-06,2.91495938494764e-06,2.08546834218202e-06,1.24265343669333e-07,8.35012836969741e-06,1.07792176239484e-06,3.49435055877111e-15,-1.90069635186553e-06,0.0921206459722043,-9.88056423220282e-06,3.49122406525825e-06,-1.3919373605065e-15,-6.15743990050425e-08,3.0696851142909e-08,-9.56227667794942e-07,-5.9493243793235e-08,-2.34684229184952e-06,2.34314308385675e-07,-3.3224867705288e-06,5.63086423884569e-06,6.00305712177995e-16,2.10857417594459e-05,-3.55778541477332e-07,1.00464007950045e-06,2.6353579264881e-05,-2.1705221155472e-07,-1.79980981815121e-08,-2.6853519408121e-15,-8.40044088727525e-15,-1.74516253827561e-08,-1.98031402837091e-07,2.61214725006969e-08,-2.98075467916283e-06,1.47243111084984e-14,-1.42058819560117e-06,-1.6797742308455e-08,-5.34585622417308e-15,-1.64766381291993e-17,-3.26629184260636e-16,3.57008639638462e-06,9.37449837057643e-07,-1.02580075553687e-06,9.28975367001805e-06,0.00012322100771884,8.1433553323988e-07,-3.53412893523151e-07,-1.57868792693193e-16,-7.74491701679178e-08,2.17474814472657e-07,-1.49843615125074e-16,3.13435926430731e-16,-1.3633765235913e-07,-8.2308815692092e-10,-8.05599263598683e-08,4.90638209047727e-06,7.9363833705165e-08,-3.32971510520657e-07,-8.09091692832482e-16,-3.03757479131511e-05,2.53292783647195e-16,-3.80937935659193e-06,-7.8756445809347e-16,-8.88904575796504e-08,-7.06888644875337e-16,3.65802260299133e-07,9.63918746249301e-08,4.81614306035019e-07,0.000729925971026706,1.97044143026701e-07,-2.8026943282095e-08,1.80795266447198e-07,6.37986634113704e-08,3.44599008793719e-06,3.17791734399835e-07,6.40165194685638e-08,-1.8024884637744e-07,-3.45486594535313e-06,-2.80206718277237e-07,-8.61423185709444e-08,-3.1548612824626e-16,8.06174542590116e-07,-1.38947883169086e-07,7.19531426779867e-08,6.10105494314087e-17,1.41073684989914e-07,0.000102590771437293,1.21351480155487e-06,3.22889490746967e-16,-2.94944660026771e-07,-1.76087137010409e-06,1.95035382545096e-16,-2.08820039491795e-07,4.79377623104986e-07,-1.47291005238676e-17,-5.37713106184656e-16,-1.81563444920566e-08,-1.0918524862554e-06,-6.39016348397455e-09,-9.37182588208651e-06,0.0127125968308015,-8.12008393319337e-08,-2.24376847807046e-08,4.11194469056036e-07,-1.76412837057481e-05,-1.59160878920872e-16,2.03994594676656e-09,1.57237721151955e-08,4.36349371507461e-08,4.10524546932569e-06,1.1671306346698e-16,1.69997324101326e-16,1.35798391303478e-06,1.7302306103071e-16,-3.22524601528598e-17,5.86964946066086e-07,-8.64667123096237e-07,-1.61888062250876e-07,-9.61158768778318e-08,4.15403033197678e-06,1.08518713769678e-06,3.36252605346506e-07,8.06113006941347e-17,7.75029624847423e-07,3.619347844655e-08,1.66075971493417e-07,-1.49906765853332e-07,5.91886098216726e-07,-6.14906166215739e-17,-1.51818011593922e-16,2.12861724404459e-16,-5.77703295829794e-07,-2.61148186004166e-08,-0.000196276554301762,-4.71580964442052e-17,-1.89102915712293e-08,3.55832691813764e-16,1.27119387581156e-16,3.1092208608137e-06,-2.05659802428831e-05,-4.77048955893622e-18,-1.86241944770886e-06,-8.62389677209712e-08,2.2242120538685e-16,1.94859882084724e-07,4.71918204221435e-15,7.6576882958375e-07,-2.24306892404397e-16,7.63759661988338e-07,5.94419073966964e-07,2.15180605765852e-08,2.25303263139349e-07,1.5465197242386e-06,-6.94880993090739e-08,0.000256906864765393,-7.43209383316368e-17,1.24845870878086e-06,-7.0474041862695e-08,2.71744256983823e-16,-9.28513719945534e-09,-1.89212329261021e-07,4.39553332379558e-08,6.29339415890844e-18,1.40879478923029e-07,1.86318416620097e-07,1.34699585101223e-16,-8.30284049512298e-06,-1.14128617285625e-06,-5.3482677431603e-09,3.85654480749818e-16,2.31842977847527e-16,9.54927728404841e-08,3.24567596604882e-07,2.62553045595183e-08,-3.79217063701276e-08,1.91658959403342e-07,6.13668677754951e-17,3.12401822285824e-17,6.99493890784226e-07,4.82138514547691e-09,2.97119747512046e-16,1.68957936165961e-06,-4.76787443631471e-17,7.87346650119367e-08,-3.22997201268712e-07,-1.88716316163462e-07,-1.25092021843772e-06,-1.70203923268656e-16,-1.02624221645358e-17,-1.76823936380122e-16,-8.87290322530181e-17,-9.05164292296643e-09,-3.13961460267126e-08,1.28835079532039e-16,5.43193973259187e-17,-6.91483842141347e-17,4.41878100379267e-08,3.97095232469125e-10,-2.18664937160677e-08,-7.37307718879473e-17,1.5647747854397e-16,-4.30428262476745e-17,-9.40179779921318e-07,2.87747063347806e-08,-1.29881694235375e-16,5.06322425841864e-09,-1.32699684655057e-07,4.33222918974556e-17,3.71332282063887e-17,-1.02434812498479e-06,-9.4764341834024e-10,-5.13235412559947e-07,-8.17271315462842e-17,5.57439082612379e-08,0.00618313025355124,9.42753844594994e-05,-7.59816703269436e-07,-1.85502489627201e-07,3.0376123766968e-09,-1.09715644699312e-16,-1.70137295760355e-17,-1.50720748672735e-16,5.83819958682594e-08,-5.28630296771736e-08,-2.20727747688452e-07,-1.56999543423573e-08,-7.52653680030287e-17,-7.67164704883751e-17,1.21415681691288e-16,2.05569722933789e-16,1.19371591753433e-16,7.49444971857509e-08,-1.03410479971209e-16,-1.56695605011247e-16,-1.34264440033883e-07,3.17009786699281e-16,-1.20188047868441e-07,-3.64368009889223e-17,-1.49003008372513e-07,2.31870487103034e-17,-1.80379803224318e-07,-2.25722310489841e-08,-1.86077171304368e-07,-1.80899947783225e-17,7.243828826833e-07,-7.36252426938825e-17,2.65338060538637e-05,-1.63203115094793e-07,9.03152918250871e-10,9.59517691680694e-17,1.45655964712647e-06,1.25604172381892e-16,-9.22969660880596e-06,-1.8252665313437e-07,-5.08277656156475e-17,6.92817014208614e-18,-3.30413238371377e-17,-5.080270655214e-17,-6.7784086049435e-09,-8.82635140134548e-08,-1.97076235001666e-08,1.80171689227903e-16,4.62490013506605e-17,-1.88445644005114e-08,1.53719566543635e-07,5.81349491629001e-17,5.7823313775591e-18,-8.98294989342946e-08,-1.4237765626042e-16,-6.36729526544938e-07,-1.58211360480582e-16,5.44696503293786e-07,1.65921961305132e-16,2.90029732939052e-17,2.52857329019696e-17,1.73691714039052e-16,1.5926005837497e-16,1.61702790622494e-16,1.05982246407525e-08,-7.41580002585843e-08,-5.2383726745619e-18,-5.15755214432758e-08,0.000842639758775625,-5.43863769865904e-17,-2.87468914636687e-16,2.00630089827895e-16,1.25562443891514e-16,1.98270370161026e-07,3.21415803089637e-08,1.62612899713525e-16,1.77598676339036e-14,-0.00175669481657074,-9.49590532614425e-08,-1.6784001650984e-09,-1.97570272993776e-16,4.36053778302314e-17,-4.63646026729907e-18,-1.88678334269375e-16,1.39482272598571e-16,1.38216873697801e-16,7.54229761248034e-07,-7.13571684412026e-07,-1.37239942841766e-07,-5.9629596687094e-17,-8.9868471339785e-17,7.78608397420561e-17,-1.46168022887628e-16,-5.67273468980511e-17,-1.64601917577949e-16,1.37329691558575e-16,-5.86403422756124e-17,5.54098419583595e-17,-5.37581298572485e-17,5.44313803217449e-17,1.31480942619978e-16,1.59528899890342e-16,1.58085591297456e-16,6.82170574395916e-09,2.56837053303115e-17,-1.72314476737326e-17,5.29092865494868e-17,9.65406158879193e-08,-1.28294946740125e-08,5.79988166495883e-17,-2.49133939085454e-09,8.81892755292619e-08,8.9271757793453e-17,5.53077041841942e-16,-1.69974463209327e-07,4.60461111722256e-17,2.1690313463053e-09,9.74027585403284e-17,5.92158554800817e-18,3.44841822737996e-18,-2.83662043108302e-17,2.33813263228577e-08,-2.91120240920413e-07,-4.12194385336342e-17,1.80206474996146e-16,8.9620812439706e-18,9.57049153394266e-17,1.13624387676481e-16,4.70201684531174e-17,-3.38221596531975e-17,-1.9163795285993e-18,3.48813112545174e-09,-6.15176413923972e-17,-6.51344130530955e-17,-5.105263657274e-18,-2.35769468459748e-17,8.34532503321315e-17,-8.28993980375373e-17,-1.21313662197366e-06,-3.50614222117385e-17,-8.53590364967601e-18,5.12387244682098e-08,1.48904505466599e-16,-1.789786182401e-16,-7.56796454500162e-19,1.12552710001512e-17,4.26308762534311e-08,2.77332007521751e-17,-3.46536278458388e-07,8.07919313614184e-17,-9.957026476546e-17,-2.80970309688517e-16,8.85217192516524e-16,-7.48352920888119e-17,3.08276569188889e-17,1.25096885536943e-08,-2.0664828546473e-16,-9.83923835415435e-17,6.40727819534504e-09,-1.56044130957321e-06,-7.58089609103982e-17,1.74879505739126e-06,1.59955276295011e-07,2.5833346828015e-16,7.96810754571832e-17,-1.67691312884507e-16,1.31539426382102e-18,-1.51577841226159e-17,-2.67879348347724e-07,-7.40883124750468e-17,-9.49451992283526e-17,-4.97946462990315e-18,1.07162764670484e-07,6.35053110191559e-17,-1.03246452053324e-16,-6.91086232414585e-17,-6.8941057288473e-17,-4.87742911701581e-08,-4.77757358040377e-17,1.33263561424748e-09,4.81788758681911e-17,1.25971716584511e-16,7.03411030394989e-17,2.24171669558079e-17,1.43276808051525e-16,7.63127333259664e-17,1.40655830504459e-17,-2.3084880423532e-08,2.17521560689286e-16,-6.06389658806402e-17,9.70133486425332e-09,2.62740505492765e-17,-2.28455836609323e-17,-5.27920060950901e-17,1.14534228321453e-18,7.07075612061255e-18,-2.34729940017408e-16,-7.02423596519785e-08,1.72132863574441e-18,8.70592162465359e-17,2.09047266623066e-08,1.20753334134647e-16,-6.70004741712565e-17,2.71193451680491e-17,1.54023972031955e-16,6.70388609995124e-18,1.64553605257566e-17,1.90893414844708e-19,-9.28501594223322e-17,2.60708231886442e-17,1.07089912677385e-16,9.06790113310128e-17,-1.0945508732712e-08,3.62872423022255e-08,-4.96280200435809e-17,1.23022809464071e-16,7.3823200383742e-17,7.0968423373695e-17,3.84891771232354e-17,-1.71810782690989e-16,1.58297012192566e-16,1.02109918107699e-16,-3.91750462745464e-06,-4.14970230075606e-16,-4.9696384305043e-17,-1.79953767728724e-16,2.73937191610665e-17,4.017466085819e-09,-7.58761466972164e-17,-6.36350504059828e-10,1.35532266344905e-16,-6.5227358184553e-17,-9.37512962855217e-17,-4.44391493135117e-18,-6.29198247209629e-17,9.33403577352906e-17,5.75242128995502e-16,-5.5438779344961e-18,3.73274934403824e-17,-1.22187159484883e-16,4.70387180615419e-17,-5.6935117442721e-17,1.7836370380459e-17,2.82635409245309e-17,-1.39111598078924e-16,8.06728868447996e-17,-5.02848008912029e-17,-1.98871551001692e-16,1.58124270955271e-17,1.8621923043182e-16,1.99493199737333e-17,3.70584851101348e-17,-1.35681309426298e-17,9.00179673292108e-17,-5.27029806891749e-17,3.31522852667075e-09,-1.60908692048083e-16,-2.99009048854072e-16,2.67514678442015e-17,-4.53885839563603e-17,1.36876236476857e-16,-4.58387034128292e-18,1.68382894840292e-18,2.85153395075809e-17,-5.23534379650733e-17,-7.78537726071854e-18,1.55040910665427e-17,-1.8978457882363e-16,7.96046374855019e-18,9.55889973637667e-17,-1.3143053355225e-16,1.48754660100036e-17,9.29888559372854e-18,-4.25518326674757e-08,6.87774021327705e-17,-1.35452866639699e-16,1.75168550692571e-16,-4.17751131648335e-17,6.51687013772902e-17,3.56726717783458e-17,-1.26175848126334e-16,-1.72696996977969e-17,-1.89194134810926e-17,1.43740885722145e-08,3.42542063706832e-16,-1.44195342423819e-16,4.38548772545732e-18,-8.6704097294291e-17,1.88512475679102e-16,7.54150019881044e-17,-6.01690578747872e-17,-4.58415756140696e-17,2.55355659746652e-17,-6.40603431307933e-17,-1.55557846836545e-17,1.88913160679018e-17,1.33046956384692e-17,4.52378868973268e-08,4.50790683705547e-18,-4.13265871728094e-17,-1.02523402138409e-16,-6.32957228297037e-16,-1.23881951382086e-08,-5.03895604926982e-17,-7.3438986622556e-17,1.26798775676237e-16,5.82503081722361e-17,-9.88003821927904e-17,8.53874513981182e-17,1.1098937257967e-16,4.55703426712139e-17,-5.42252167492644e-17,3.27532021911608e-18,-7.08838616481057e-17,1.67904626806613e-17,-1.3672826843348e-16,-2.97835451068703e-17,-1.0994297026524e-16,1.42770013663569e-16,-1.67659154044156e-16
"t465",0.0265478980403834,-0.00249417753219685,-0.00220598961944801,-0.000349420858870741,-0.0116951299305499,0.100237713518417,0.0171010296081068,0.000109758728051201,0.0262582665393152,-0.0202638138568951,-0.00382247495110503,0.00288764956252928,-0.00557342560504635,-0.00116247533748662,-0.0301830609058687,0.000674602821620694,0.000479616601764195,-0.00010003064043763,0.00381302083915956,0.000623907002808266,-0.000154086271375559,7.48014001910394e-05,-0.00256645910937782,0.00044130259397366,-8.04031055307271e-05,0.115289506838007,0.0061514195157876,-0.000326242000826225,0.000758268528462674,0.00151964650026565,5.22263317762602e-05,-0.00217321549729173,-0.000126933081163288,0.0011877808734933,-0.000131621703812629,-0.000169976563137062,-3.96346781703335e-05,0.182095915676617,-0.000316748713081274,1.20654143214496e-05,0.000109014430906074,-0.000226117336237094,1.11702432822523e-05,-0.000190565878954884,4.34668472328345e-05,-9.54655967817037e-06,1.78103135440706e-06,-2.64522008116765e-05,0.000363815423683812,-0.000698500963379386,4.03677197196918e-05,-3.75618358615675e-05,7.18316187472063e-07,-1.5326431361793e-05,0.000307750287579316,-0.0142003819445256,1.22708410317852e-05,-0.000101293630686964,0.000379842667741993,-3.85852034649856e-06,-3.79923471117192e-06,5.42303427764441e-05,-0.000124573400281203,9.3585544645055e-05,-8.33280150560648e-05,2.26330055643526e-05,-2.13101602711182e-05,0.013752113025822,-0.000136309784784523,0.0383874865362157,-2.65291160785215e-07,3.72329497114144e-06,-0.000260065731609235,-1.13398000613014e-05,4.897245699107e-06,4.99985698639899e-07,-4.8709858792982e-05,8.99800419029415e-06,-0.000972208154592393,-0.050743156517442,-3.87183973729687e-05,-0.00276211694853762,6.30195417838965e-05,1.9799056153537e-05,-5.49214334872893e-06,-1.08967009283585e-05,1.14974889975144e-06,1.90849738965719e-06,3.70494650427252e-08,-1.35628670228094e-06,2.82488759049061e-06,1.33538739614802e-09,1.82961267907337e-05,-2.60193191017096e-06,-2.28470496317137e-07,-1.04215606473449e-06,-1.22653316218701e-07,6.90600776031376e-07,-7.79659230544818e-06,-2.30065195163295e-05,-7.43150921991664e-05,5.48785112977075e-08,-0.000398137693496292,2.54193209730228e-06,-1.24199262561235e-06,3.01244079034203e-07,-0.000295098667924218,-7.23605361245699e-07,8.68378458140663e-06,-3.94902715551964e-09,-4.04675069064059e-08,2.98448949005958e-07,-9.64993246831926e-08,5.78744846514785e-08,-1.05570374191207e-08,-3.52561254881899e-08,1.18427616513879e-06,-3.53481879599436e-06,0.000198540908937538,-2.55543464627739e-06,1.78670181018455e-06,-6.62120328100884e-06,0.000132028323667773,0.000503161148931822,1.02891280688775e-06,1.26784702708782e-05,-1.3723932035933e-06,2.26429074673453e-05,-0.000114026688588237,-0.0040173687192475,-3.25812291761159e-05,-0.00121816835325029,-3.92058355265329e-05,0.00052632825241016,1.71192558294717e-05,0.119886786585361,7.30663005424856e-05,3.81978346005477e-05,-0.000306345911766982,0.00108102618822432,-1.57013567777334e-05,-1.52152135982709e-07,-0.000277683557333745,4.34318819198893e-05,1.40647391880774e-08,2.25238682651511e-07,3.97286751524916e-07,-5.55277210712762e-07,-2.81647761411249e-08,0.000105186387953298,3.01680404156054e-08,9.16783311564588e-08,1.18154858367006e-08,-3.40257744924533e-07,-1.5803754888928e-08,-2.46204681666795e-08,3.92378457906137e-07,-1.87612182198629e-07,-6.19151092448575e-08,-1.87584863254748e-08,-4.29878525426532e-08,4.77444276443038e-09,3.34571499914276e-08,6.1119692750018e-08,-1.04862273547551e-07,1.13184818740117e-07,-3.6136150505765e-06,-6.29005694976301e-08,-3.14167068815018e-06,-3.36409280974836e-07,6.18543851295279e-07,1.09913674989076e-07,-1.45837187359177e-08,-5.02634556794897e-07,-1.03208906135286e-07,-1.53771306527132e-05,-9.35564063214349e-09,4.06164514581219e-07,4.2576037781644e-06,2.11571106378277e-06,-8.55564800478201e-06,-2.34188282339953e-06,4.89712987624121e-07,1.94428180916188e-09,5.84695448623247e-08,1.62299880028966e-08,2.80603155741986e-05,-7.45961770278192e-06,-3.3591597783357e-05,3.32762210892526e-06,1.15897118551138e-06,-3.18526873651584e-06,-0.00220310471117733,-7.67121199009077e-10,-9.67274444765309e-08,2.15254871448291e-06,4.09146062393961e-06,2.51776902101382e-07,-2.64730458839122e-06,-1.32828482172558e-06,-1.33239043423321e-06,-2.00806256339986e-05,4.28799840206776e-08,7.49044131905326e-07,1.28509735477767e-05,5.48687695358621e-06,-8.73061011869049e-06,-4.05184093056708e-06,7.16626715588142e-05,4.5518043201459e-08,0.000340831593544793,-4.97161723679368e-06,2.54872054403197e-05,4.45007301408569e-05,2.56846809368302e-07,1.93353777332401e-06,-5.84804896258108e-07,-3.79466689442305e-07,1.03381508592531e-05,0.0084726567436897,1.29926521242728e-05,-2.84436000437514e-05,-6.60175505916539e-06,-2.97022449537652e-05,0.00273395975715512,6.24346886743579e-06,0.000786175888588371,3.33377123406405e-06,7.43018096130507e-05,6.84422766844966e-05,-1.81967885153517e-05,-4.07188814771254e-06,-3.04704370858574e-05,-0.00178834499719197,3.51548216591831e-06,9.3595454871504e-07,0.051229592137963,3.29077757532012e-17,2.24215623334376e-06,-3.7834705145263e-05,1.69894568267218e-05,0.000102985182589186,0.631057766252823,0.000344385217508515,-0.00025369953819151,5.85714545828582e-05,-1.04408972533822e-05,5.34881452504214e-07,-9.27152498855124e-06,0.000874404600158056,-2.11032165153249e-06,0.000218427534834704,-0.000142350160246892,4.19870871063394e-07,-2.46829414417326e-08,1.0866458788931e-06,-8.86501206433765e-07,1.3827405565358e-05,3.21276986847695e-05,-5.88104177854643e-06,1.09399322021765e-05,-2.00378426877264e-05,0.000225573557484778,-1.3340007893862e-05,1.34946051617195e-05,-4.56028373339352e-06,8.34469500252822e-08,0.000342846663980235,-5.51723792325582e-06,5.23313050919461e-06,1.71250300774494e-07,-4.48740663042468e-06,4.51969385149257e-06,-6.38809200609748e-06,1.06363121318785e-05,-2.16372422130512e-05,1.99227226398207e-05,-1.83155538879252e-06,0.0608221916554558,3.22176989185367e-06,-7.27910186307508e-05,-6.78138561734192e-16,4.21797590493615e-05,1.22259694822076e-06,7.68221051069751e-11,2.21957833204404e-09,8.19214718102847e-05,-5.80075514215492e-07,-1.10728929715222e-07,2.17562793914109e-08,-1.01775230741126e-06,6.07072203243923e-05,1.42199213599527e-06,-1.1969605679356e-07,1.80114330496664e-05,-2.19045963519691e-05,6.11840584760776e-06,-1.12135892493552e-05,1.60532220579005e-06,6.56420732523552e-07,4.32667763467945e-08,2.76351431811099e-05,-1.62996904939813e-05,7.40640498776338e-08,-0.000699393980579713,2.85542370537308e-06,-1.07469831359854e-05,0.0832377877737115,-2.35026793719441e-05,-2.58139643716354e-06,3.32099432253713e-07,-4.20587549697807e-05,2.67199429591461e-07,-1.48311157045364e-06,4.40483261382083e-07,4.34183346572782e-06,-9.06094803000638e-06,-4.92856116287368e-16,3.01340808406098e-08,1.59754758990912e-06,-1.47086934774955e-07,8.58446125673977e-06,9.55777516049718e-08,2.24984401529194e-06,5.25986726898379e-06,-6.91466754509226e-06,0.000804648815699028,-2.05650149301367e-16,-2.05357855801006e-05,-1.6550485029476e-08,-7.05785289324433e-07,2.9402154612117e-07,0.000758151153791719,-3.51534330610678e-07,-1.35562171017672e-05,3.61850592565733e-06,-1.5102379362878e-06,2.2732902670026e-05,-3.06777158094766e-07,-8.35755128020133e-06,-3.89340118925034e-08,-5.51980930966122e-09,-8.33113399714864e-06,4.40574082708628e-07,-9.0473680002068e-06,-2.15861745913029e-15,-2.35103459288091e-06,1.85172753816663e-07,5.33676848605572e-09,4.74837463542753e-08,-1.75595899137551e-05,-3.73982274666256e-05,1.69569238690066e-06,-6.18415975914603e-06,-9.95654883783444e-05,5.47002460263193e-15,-6.48551571896392e-06,-2.26894782609592e-07,-8.47745394041833e-06,0.707106781177335,2.6970496350384e-05,2.14043701642133e-06,-3.29367437448954e-07,-1.40992160245058e-05,-4.82425353298094e-06,-2.63553271794888e-06,-8.54378778919596e-06,2.91495935022905e-06,2.0854683379749e-06,1.24265367855643e-07,8.35012835483828e-06,1.07792175958038e-06,-3.04055984491555e-15,-1.90069634227762e-06,0.0921206458369233,-9.88056421866164e-06,3.49122406206198e-06,-6.34207100108189e-16,-6.15743987493303e-08,3.06968496746824e-08,-9.56227668049235e-07,-5.9493239524388e-08,-2.3468422896598e-06,2.34314308254201e-07,-3.32248676789137e-06,5.63086423554558e-06,-3.17578982026736e-16,2.10857417519381e-05,-3.55778540567578e-07,1.00464007938805e-06,2.63535792546278e-05,-2.17052211550864e-07,-1.79980978192127e-08,2.51187959321442e-15,8.40952699640719e-15,-1.74516253918062e-08,-1.98031403871068e-07,2.61214737963855e-08,-2.98075467840425e-06,1.45126913402503e-14,-1.4205881947937e-06,-1.67977425612721e-08,5.34502764785981e-15,4.31223628555886e-17,2.04846498214344e-16,3.5700863960546e-06,9.37449836271668e-07,-1.02580075581606e-06,9.28975366713614e-06,0.000123221007685857,8.14335533074512e-07,-3.53412893345152e-07,-7.82846559624383e-17,-7.74491701251966e-08,2.17474813997694e-07,7.94394867120889e-17,-8.61038302079036e-17,-1.36337652332257e-07,-8.23087847622744e-10,-8.05599265705756e-08,4.9063820885853e-06,7.9363833964835e-08,-3.3297151103553e-07,1.11287531390024e-16,-3.03757479063816e-05,-2.0711447843213e-17,-3.809379356359e-06,2.81892564846231e-18,-8.88904547637419e-08,6.64403887135418e-16,3.65802259529822e-07,9.63918751006883e-08,4.81614305000164e-07,0.000729925970881849,1.97044142851587e-07,-2.80269429746295e-08,1.80795266983427e-07,6.37986633752112e-08,3.44599008890852e-06,3.17791734533586e-07,6.40165190269269e-08,-1.80248847070268e-07,-3.45486594441155e-06,-2.80206718470987e-07,-8.61423191094591e-08,2.52612812194645e-16,8.06174542413147e-07,-1.38947883184423e-07,7.19531444951568e-08,9.32118930007446e-17,1.41073685050695e-07,0.000102590771419689,1.21351480146834e-06,-1.62830844726074e-16,-2.94944660597611e-07,-1.7608713702267e-06,-2.86129321986683e-16,-2.08820038665909e-07,4.79377623066431e-07,1.24193401795535e-16,-1.4219669611367e-16,-1.81563442615007e-08,-1.09185248676835e-06,-6.39016270892155e-09,-9.37182588076034e-06,0.0127125968289014,-8.12008386734287e-08,-2.24376842159954e-08,4.11194468542741e-07,-1.7641283703528e-05,5.63568289257965e-16,2.03994582071601e-09,1.57237716551037e-08,4.36349366817012e-08,4.10524546848005e-06,-1.23401706533919e-16,-2.49680816253301e-18,1.35798391371219e-06,-1.8269999563344e-16,-3.36151373266739e-16,5.86964946191103e-07,-8.64667123026684e-07,-1.61888061789145e-07,-9.61158768074646e-08,4.15403033125968e-06,1.08518713714908e-06,3.36252605251711e-07,-7.91246076159862e-17,7.75029623227268e-07,3.61934784109575e-08,1.66075972051735e-07,-1.49906766116035e-07,5.91886098253521e-07,-2.7707242740328e-17,1.98338861300833e-16,1.12905056262424e-16,-5.777032959204e-07,-2.61148191721024e-08,-0.000196276554277266,-1.00785815437275e-16,-1.8910291673017e-08,-3.50836731685157e-16,-1.06082750446228e-16,3.10922086037477e-06,-2.05659802399323e-05,4.16333634234434e-17,-1.86241944752319e-06,-8.62389673943716e-08,-4.56828067545894e-16,1.94859882122609e-07,4.47511696867665e-15,7.65768829548275e-07,1.12555657932499e-16,7.63759661963673e-07,5.94419074150213e-07,2.15180604064116e-08,2.25303263103403e-07,1.54651972405611e-06,-6.94880985376099e-08,0.000256906864736283,3.42966276625912e-17,1.24845870863001e-06,-7.04740421892624e-08,-1.92182164403536e-16,-9.28513780040687e-09,-1.89212329764114e-07,4.39553328470732e-08,-2.49561724117725e-16,1.40879479335235e-07,1.86318416206331e-07,-1.47636484126216e-16,-8.30284049457561e-06,-1.14128617279903e-06,-5.3482677121285e-09,-3.02294306370049e-16,-2.97046113648139e-16,9.54927728408106e-08,3.24567596364708e-07,2.62553044490846e-08,-3.79217061819912e-08,1.91658959608352e-07,-9.91742689461654e-17,-7.43806624854432e-19,6.99493889891381e-07,4.8213851973482e-09,-8.79868980863758e-17,1.68957936157045e-06,6.85181298889615e-17,7.87346647130926e-08,-3.22997201268475e-07,-1.88716316487181e-07,-1.25092021804131e-06,-1.49594319107714e-16,4.23823403957012e-17,7.9085474755944e-18,8.92271885473972e-17,-9.05164293698104e-09,-3.13961458048343e-08,-8.17160207371377e-17,1.99615534963033e-16,6.8759436346378e-17,4.41878097819718e-08,3.97095646459232e-10,-2.1866493797074e-08,4.1658490192684e-17,-2.14482294771945e-16,1.12323345069498e-16,-9.4017977967749e-07,2.87747063345436e-08,1.4083228722283e-16,5.06322367467986e-09,-1.32699684486374e-07,-6.07316232211148e-17,-2.06672880418583e-16,-1.02434812493226e-06,-9.47643880195147e-10,-5.13235412353259e-07,-2.26089491392493e-16,5.57439081707138e-08,0.00618313025296746,9.42753844497939e-05,-7.59816703259853e-07,-1.85502489330111e-07,3.0376128689305e-09,-1.38257261533273e-16,4.33288823790499e-17,-6.37676691953911e-17,5.8381995846073e-08,-5.28630300440056e-08,-2.20727748117985e-07,-1.56999541323745e-08,1.08301918260247e-16,-3.26078058035297e-17,-1.16770549167782e-17,-2.95126654628547e-17,4.77142308011861e-18,7.49444971173379e-08,-3.14683726304665e-17,1.27107399046403e-16,-1.34264439342186e-07,-5.64880092032332e-16,-1.20188047354976e-07,6.89126773175956e-17,-1.49003007932627e-07,-1.25120414088246e-17,-1.80379803153389e-07,-2.25722309594342e-08,-1.86077171325913e-07,4.22134412777009e-17,7.24382882590843e-07,5.54487157883366e-17,2.65338060519317e-05,-1.63203115200333e-07,9.03152956768233e-10,-7.77645228332269e-17,1.45655964704151e-06,-9.45222600158282e-17,-9.22969660808903e-06,-1.82526653245235e-07,-5.53649389240081e-18,-3.22050942805558e-17,-5.72728516971121e-17,-8.16207188778366e-18,-6.77840872262279e-09,-8.82635139101728e-08,-1.97076232819585e-08,-1.57478045947337e-16,-1.22731115985322e-16,-1.88445644995799e-08,1.53719566949127e-07,1.05384621760294e-17,3.56683922253297e-17,-8.98294986832312e-08,1.14831821927896e-16,-6.36729526475711e-07,1.54172483306395e-16,5.44696503397879e-07,-9.37052965706981e-17,-3.23375695650883e-17,-5.6154000231548e-17,-1.99055211661782e-16,-1.71739640318903e-16,-1.47349038644289e-16,1.05982246929511e-08,-7.41580000993129e-08,3.49966822500554e-17,-5.15755211630449e-08,0.000842639758707597,-4.438317059793e-17,-2.19806923405716e-16,2.73247548702614e-17,-1.20344793837097e-16,1.98270370228702e-07,3.21415805322386e-08,2.11788906183333e-17,1.72492011337264e-14,-0.00175669481642954,-9.49590531671348e-08,-1.67840008951236e-09,-1.67806704398042e-16,-4.96561752922777e-18,-1.15627836765964e-17,1.29284545246618e-16,-1.64938116716666e-17,-5.37196681233524e-17,7.54229761272475e-07,-7.13571684170799e-07,-1.37239942984392e-07,2.78824395091075e-17,7.32470942999829e-17,-5.65002514288888e-17,2.52963609807588e-18,5.99359231612859e-17,9.98756473985709e-17,-2.97034272806478e-16,-1.18204950983381e-16,6.93826990528212e-17,8.33972906452286e-17,-5.29661359904909e-17,-1.32071770924451e-16,-1.54975265184632e-16,-9.45228637720899e-17,6.82170581426777e-09,2.83090514658965e-17,1.07668642773512e-16,-2.97033679142043e-17,9.65406159626092e-08,-1.28294946021585e-08,-9.31994427400322e-17,-2.49133937570311e-09,8.81892753701081e-08,-9.02193240434527e-17,5.57183502745209e-16,-1.69974463147831e-07,5.53692294395354e-17,2.16903146704742e-09,-6.43301945027596e-17,6.08841789403129e-17,3.19418963366652e-17,-6.4323728056372e-17,2.33813262237612e-08,-2.91120241131987e-07,-3.03909703565943e-17,-6.62715222804437e-17,5.54608016230862e-17,-4.46287749813963e-16,8.46761896711179e-17,-8.41391457228757e-17,-1.97545993145246e-17,4.65304930366552e-17,3.48813109990542e-09,1.22323262934247e-17,6.2175596056327e-17,1.6184157481831e-17,-1.67735940643879e-17,-4.57845207671703e-17,-4.34039457726954e-17,-1.21313662206711e-06,4.51939977930674e-17,-6.7785150797163e-17,5.12387244238288e-08,-5.77482566518531e-17,1.55480801010465e-16,1.24856756134691e-17,-2.34750216206792e-16,4.26308761217333e-08,-1.55246763109625e-17,-3.46536278353399e-07,-2.07049707223933e-17,4.59068044402252e-17,1.77338891013902e-16,-3.31808216427927e-16,4.66166955392859e-17,-3.03106610720503e-16,1.25096885987522e-08,2.68883885856301e-17,1.62466531919844e-16,6.40727816445410e-09,-1.56044130949776e-06,1.99992314165506e-17,1.74879505744394e-06,1.59955276228874e-07,-1.08888835295242e-16,-1.40872752465951e-16,3.6867086658131e-17,4.48101715760705e-17,-7.63606519180097e-17,-2.67879348245098e-07,8.29722714064118e-17,9.84222582343585e-17,-6.17790426453048e-17,1.07162764766234e-07,7.71662267156602e-17,8.13335719206726e-17,6.20819291056372e-17,6.06942336469428e-17,-4.87742911770905e-08,1.17193286570893e-18,1.3326354244896e-09,-7.35228456425749e-17,-2.57081672747998e-17,-4.40970784042563e-17,-6.15202371963316e-17,-2.07592298011533e-16,-6.54069215262817e-17,-5.46670017082834e-17,-2.30848804070287e-08,5.9009779224865e-17,-1.55178881026853e-16,9.70133482242802e-09,-5.74534421335815e-17,6.53707796368705e-17,-1.23752243716185e-16,-4.0461932576283e-18,2.67209962923657e-17,8.50150852523432e-17,-7.02423597037419e-08,-4.14020635044014e-17,-8.83859876830907e-18,2.09047265930828e-08,-4.40724852130577e-17,-8.39128591681757e-17,8.89252262545197e-17,-3.2133500710567e-17,7.47682494504781e-18,-3.65657346165104e-18,1.05352936147295e-17,-1.09599474460913e-17,-8.03040527460214e-17,-2.2659758256474e-16,-4.36742900417365e-17,-1.09455087827797e-08,3.62872422529134e-08,1.87159799929739e-18,-3.53783785854279e-17,-9.33097136982448e-17,-4.43900129055936e-17,2.55329611620336e-16,-3.17286735778697e-17,2.41567312682863e-16,8.14387183876179e-18,-3.91750462764218e-06,-1.37572483438692e-16,3.3510605451452e-17,1.51450345906673e-16,-1.40686807596748e-16,4.017466130726e-09,2.39499977654027e-17,-6.36350575731465e-10,-1.1836692554495e-16,3.01294551599096e-18,5.32915885399879e-17,-1.0472242627627e-17,1.20278346319556e-16,-5.5750309484813e-17,4.9065938215931e-16,-7.613886399845e-17,-6.60184127633385e-18,1.00021281725762e-16,1.96464320681418e-16,7.0771281179211e-17,1.02875696153177e-16,-2.77160853524936e-17,1.25080710344844e-16,-1.31564731172695e-16,8.25376434747781e-18,5.17437674067936e-17,-8.1042758053623e-17,-1.67937568554376e-16,8.50014503228635e-17,1.66359204229822e-17,-3.61059836030984e-17,1.00282202170911e-16,5.85466848599142e-17,3.31522857383268e-09,-2.92637295745336e-17,-8.80233060883406e-17,5.73950764036438e-17,1.13329031357671e-16,-1.44991029820742e-16,1.18449335828866e-17,-2.83302829059287e-17,6.46536875593658e-17,8.94845445841109e-17,6.14455655561823e-18,-9.16150835750251e-17,1.5070412691555e-16,3.38020881561842e-17,-2.28914710444788e-17,1.33850575827499e-16,-1.43478547266228e-16,-6.47853217931515e-17,-4.25518326180475e-08,-5.18472384003362e-17,7.33241923689227e-17,3.71489075128584e-17,-2.76065723317623e-17,-3.97447818971116e-17,5.28561557557799e-17,7.8812779868695e-17,-1.02603852838884e-16,-1.30535809939261e-17,1.43740886048906e-08,1.47927773745679e-16,9.56437072425912e-17,-1.3457122784608e-16,1.38973029637637e-16,-3.30961216592607e-16,1.3257726536749e-17,1.74845769858203e-16,6.56175591289588e-17,-7.66787609322467e-17,-1.64325502486832e-16,-3.4721203843749e-17,5.44144236576184e-17,2.423611950111e-17,4.52378868959074e-08,-1.07399227719945e-16,-1.52159487184993e-18,-2.48660300106292e-16,-5.63785129692462e-16,-1.23881951935548e-08,1.5885760842681e-18,9.84463853373344e-17,2.88460632803582e-17,-1.29899006624198e-16,1.49077959739646e-17,1.23095011951925e-16,1.28772536231741e-16,6.4777611472858e-18,-3.99447767928861e-17,-4.87603060267313e-17,-7.36972317614927e-18,1.29246189395754e-16,-9.34979939616645e-17,5.31656993485942e-18,-3.51646870563951e-17,8.68620233655709e-17,-2.11775114478042e-16
"t510",0.0266715618151408,-0.00251880947420295,-0.00222848844035281,-0.00035421639365451,-0.0118923513405567,0.102227574369826,0.0174473303321391,0.000112162601208048,0.0269405765735605,-0.0209063387495958,-0.00397775220128096,0.00303374617461437,-0.00586414086846435,-0.00122408424467397,-0.0318568225190528,0.00071436757484484,0.000508609321873712,-0.000106194718527553,0.00405381718427581,0.000666978830809064,-0.000165666672987775,8.17095122791018e-05,-0.00281826125357883,0.000484875314270624,-8.83766456883876e-05,0.127333424918839,0.00680256583724805,-0.000361123895735037,0.000841794342553604,0.00172198768930021,5.97187613929687e-05,-0.0025016631956511,-0.000147766761905953,0.0013938468632617,-0.000155873193855512,-0.000204388606428605,-4.77850123123858e-05,0.220282382022611,-0.000383735917064309,1.46645924369119e-05,0.000133349959453905,-0.000278147030834786,1.37893696060318e-05,-0.000235318030329956,5.39027773758553e-05,-1.20296083328537e-05,2.25554215410219e-06,-3.35793688904974e-05,0.000464952822079622,-0.000899289006746795,5.24948987933489e-05,-4.90782767879728e-05,9.39207083326404e-07,-2.0159752588721e-05,0.000409661836320453,-0.018937473139797,1.69315819089241e-05,-0.000141129298519842,0.000529841165193916,-5.51617975557778e-06,-5.53736260433973e-06,7.98194213116619e-05,-0.000184840324032927,0.000139145831742557,-0.000125819773067857,3.46627397994675e-05,-3.37141949536826e-05,0.0220889278797564,-0.000220510743103241,0.0629165197166691,-4.67936874830503e-07,6.98488269765783e-06,-0.000492779373348578,-2.19446798208309e-05,9.50261503820403e-06,9.79285235367272e-07,-9.57634227927271e-05,1.80247008624365e-05,-0.00203569896433802,-0.108255321189379,-8.53791672358374e-05,-0.0061358824006618,0.000148088577068223,4.7361613412863e-05,-1.42532600552847e-05,-2.89617087031879e-05,3.13286874564669e-06,5.22174330195567e-06,1.01478378090526e-07,-3.72495520383626e-06,7.83480096383241e-06,4.08999955431311e-09,5.65867818440946e-05,-8.62286889053129e-06,-8.66547368404577e-07,-4.04240388266239e-06,-4.76264194878381e-07,2.84739785471381e-06,-3.29084202685644e-05,-0.000106790144745245,-0.000376055253263635,2.79966495532208e-07,-0.00204998971012279,2.31788645906803e-05,-1.20552231033688e-05,3.07963236708616e-06,-0.00333504082271303,-8.42758932485659e-06,0.000106947545626865,-5.33014866869281e-08,-5.63923290982556e-07,5.16253580598725e-06,-1.71918254945772e-06,3.15671622342302e-06,-1.0495744433349e-06,4.21933391730971e-06,-7.0700720486211e-05,8.77863641557972e-05,-0.00312357147917444,3.13071643930973e-05,-1.94037720123703e-05,5.11764130444959e-05,-0.0008539824103312,-0.00323393963923348,-6.45897837250263e-06,-6.80021060074301e-05,7.27090107214331e-06,-0.000106231520563343,0.000394775176127993,0.0138653249365251,0.000109937199646656,0.00343875317971068,0.000107014896649109,-0.00140239082864383,-4.13839249212339e-05,-0.285972174098684,-0.000142544175929366,-6.32971235213301e-05,0.000400843917281413,-0.0014045278241911,1.95323804830766e-05,1.85044338840729e-07,0.000325416399428985,-5.0168897775443e-05,-1.62432637996828e-08,-2.33473524611967e-07,-3.20602250263009e-07,3.18495046193651e-07,1.44792790726891e-08,-3.99055249958457e-05,-1.11137343069764e-08,-2.8885352733162e-08,-3.3453784669825e-09,8.37830970269726e-08,-2.08403638729525e-09,-4.96192029047379e-09,9.92677309089661e-08,-5.20406363175806e-07,-3.11316483341264e-07,-1.05486067229213e-07,-5.77792776676394e-07,8.61219221261823e-08,-6.64433977158545e-07,-9.86577709202539e-07,7.10432774494363e-07,-5.13344730666468e-07,9.07042479171227e-06,1.55669653379667e-07,7.74735365575671e-06,7.875781634592e-07,-1.36861725985864e-06,-2.41314383504404e-07,2.89911438918222e-08,9.71005126757921e-07,1.88083066464914e-07,2.76419011276349e-05,1.67017864017579e-08,-6.44523349427173e-07,-6.07724171258028e-06,-2.96914002375008e-06,1.18177789784826e-05,3.09155866701743e-06,-6.35673622753351e-07,-2.48321235214579e-09,-7.35626665792016e-08,-1.94480198107768e-08,-3.32324824713598e-05,8.02736566245714e-06,3.60391158098739e-05,-3.46422491412239e-06,-1.11505199991127e-06,2.88130734996949e-06,0.00195224332154552,6.59635359165389e-10,8.1364708665569e-08,-1.69935078257972e-06,-3.18707817814418e-06,-1.90717277760167e-07,1.97780626722521e-06,8.95627974933914e-07,8.94204279005492e-07,1.29281744398039e-05,-2.65248362463376e-08,-4.22237581400657e-07,-7.24108199182668e-06,-3.06587423415705e-06,4.75581165545975e-06,2.16883375246321e-06,-3.6636718196222e-05,-2.2006232109779e-08,-0.000157648398848352,2.26862931639568e-06,-1.09466510665626e-05,-1.84870795652753e-05,-1.06609358954377e-07,-7.82125128100924e-07,2.2167891262739e-07,1.42067561290081e-07,-3.62324429453831e-06,-0.0028373028332827,-4.28302633069087e-06,8.7874142116757e-06,2.00825745172008e-06,8.88346717429239e-06,-0.000776342030102364,-1.75437002538927e-06,-0.000220340710365649,-8.82398478889887e-07,-1.89901266818093e-05,-1.68196203466889e-05,4.39244435167641e-06,9.64747516008542e-07,7.09379197346226e-06,0.000414273353367038,-7.77456054403315e-07,-2.01021500478308e-07,-0.0106561077299871,-5.3262095556207e-17,-4.45145331038932e-07,7.44108359156809e-06,-3.12760486841737e-06,-1.79928931373259e-05,-0.1055001424497,-5.74203905718489e-05,3.88645523166037e-05,-8.84230700407085e-06,1.56556936767515e-06,-7.76156168654187e-08,1.31538984565783e-06,-0.000118955322568413,2.81695191566257e-07,-2.89273748007872e-05,1.80416885629551e-05,-4.35620652713478e-08,2.3669954207382e-09,-9.71996032897048e-08,6.71115093696408e-08,-1.03343322426122e-06,-2.09902549590832e-06,3.5355926639103e-07,-5.76914523696566e-07,1.00950412627336e-06,-1.0808992176679e-05,5.93780545495526e-07,-5.32783034834589e-07,1.77432652318622e-07,-2.1849752148609e-09,-8.87721338142383e-06,1.41051152568133e-07,-1.157354088696e-07,-3.56737440070294e-09,7.51235481518312e-08,-7.22227038285995e-08,-5.7097167423443e-08,1.24763573923017e-07,-3.01900524162138e-07,3.80350431014937e-07,-4.25687624597232e-08,0.00199282323144653,1.14627814685894e-07,-2.75310256159234e-06,-3.55484505508614e-16,1.92559390802269e-06,5.7092782183818e-08,3.85113711366927e-12,1.29684787457686e-10,5.38817063452678e-06,-4.02211835967463e-08,-7.87527128222755e-09,2.0788594292154e-09,-9.89598850298483e-08,5.93051579527233e-06,1.50123501590054e-07,-1.55645688910187e-08,2.42510161877065e-06,-3.02112437252772e-06,9.12998861567511e-07,-2.25741093364369e-06,3.68032966539811e-07,1.51659908486896e-07,1.00195105678189e-08,9.15010775655405e-06,-9.44772965138766e-06,4.71979764543897e-08,-0.000520674339308317,2.66364624391627e-06,-1.08640384222494e-05,0.274859290269497,-9.35442225917413e-05,-1.64861751787898e-05,3.61824412618745e-06,0.000345807771000503,-7.44320833454859e-07,2.55574326328106e-06,-6.50082237076761e-07,-5.1465023038815e-06,7.53289789117759e-06,-2.12788587555473e-17,-8.23924825181677e-09,-4.05433342094335e-07,3.35660913931401e-08,-1.9530390615336e-06,-2.16747262546848e-08,-4.97545116794225e-07,-1.11019756945094e-06,1.38235996757534e-06,-0.000144553858468224,-1.80215370850731e-16,2.92093820541513e-06,2.28846328177788e-09,9.18846900435953e-08,-3.80048817488265e-08,-8.45167267340203e-05,3.61113080822896e-08,1.23927470970416e-06,-3.04913242004802e-07,1.06114916630835e-07,-1.33806245846107e-06,1.60120903175185e-08,4.06391200106712e-07,1.80929701292972e-09,2.35985810103159e-10,3.52831742329508e-07,-1.75386083947671e-08,3.42705343517112e-07,1.22025915222516e-16,5.78129227255405e-08,-4.08420001139255e-09,-1.17577693727834e-10,-7.21792213593603e-10,2.49584432110623e-07,1.13107177546724e-07,-2.05163704170918e-10,-2.70683242848591e-09,-2.49895796942465e-07,1.66156600443865e-16,-3.10641552781607e-08,-1.27408109992536e-09,-7.2765604521743e-08,1.91027518729092e-13,3.12149264199895e-07,2.62038364441459e-08,-4.14440721250491e-09,-1.8714588005784e-07,-6.94171299710087e-08,-4.00334203989252e-08,-1.34925475514438e-07,5.08268920976716e-08,3.67378300923564e-08,2.30909967209536e-09,1.66168420859846e-07,2.15059680151626e-08,-2.99760452688321e-16,-3.7891567520191e-08,0.00177750096224192,-1.63232095564708e-07,1.39566800465645e-08,-2.06400328980986e-17,-7.87557893856635e-09,2.23400380041771e-09,-6.79556975166215e-08,-4.22272410002876e-09,-1.67129730412899e-07,1.69375682082756e-08,-2.49119077491713e-07,4.70322009682788e-07,-1.53914270282716e-16,1.93431621916728e-06,-3.28956901971033e-08,9.44148787730696e-08,2.53233241823191e-06,-2.08919311366468e-08,-1.74313554597402e-09,2.77555756156289e-17,-1.19937494968753e-16,-1.75049231563525e-09,-2.04615601674495e-08,2.70884386656128e-09,-3.17222490272029e-07,1.3221057010614e-15,-1.59724754416795e-07,-1.93399927263011e-09,-3.06702572261781e-16,3.19689411226753e-17,-4.72124549041445e-17,4.41766612893402e-07,1.17049262739185e-07,-1.32084929588893e-07,1.22747294001924e-06,1.63305476569724e-05,1.10913648594888e-07,-4.82867752592523e-08,3.99591294725683e-17,-1.11799512229599e-08,3.2006443495785e-08,1.36410126848386e-16,3.00679368255483e-16,-2.16578407871421e-08,-1.33213582275686e-10,-1.33714406377141e-08,8.28397721419859e-07,1.38519478433792e-08,-5.84319143036627e-08,-3.45449360114851e-16,-5.37035481479267e-06,-5.90893028016948e-17,-6.88225999682239e-07,-1.46529923611416e-16,-1.63211797741826e-08,-2.77027717996494e-16,6.85802648508202e-08,1.81485876153209e-08,9.60831802163604e-08,0.00014749074910815,4.00298190068849e-08,-5.83044607185579e-09,3.84123504748927e-08,1.42630227380713e-08,7.70754420048164e-07,7.22457468702359e-08,1.50060895765558e-08,-4.41031419422802e-08,-8.78009357388729e-07,-7.34675794551007e-08,-2.29460077813057e-08,-7.92533734451347e-17,2.26026734484803e-07,-4.10700650530117e-08,2.53082904797529e-08,5.51630716225646e-17,5.26394467376796e-08,4.22665534146159e-05,5.23816572145499e-07,-3.99012192303659e-16,-1.30557425786714e-07,-8.69127841440888e-07,-5.38158338003482e-17,-1.09426026419907e-07,4.15810791687866e-07,4.30155145979995e-16,-2.27660277610217e-15,-2.18363879202621e-08,-1.36173708924248e-06,-9.66774170497335e-09,-1.90689729496691e-05,0.14061703701606,-1.48940717442335e-06,-6.60197916988371e-06,-7.06804000943327e-07,1.60032930347921e-05,-3.54002851338242e-15,-1.55656021877012e-09,-1.167324009906e-08,-2.95520413240278e-08,-2.50960172414179e-06,-5.7789838560492e-16,3.49743171732716e-16,-7.2995885331856e-07,-3.94991458310357e-17,4.38853223757972e-16,-1.69190703688128e-07,2.28269084020767e-07,4.26608436710079e-08,2.1157600105608e-08,-8.93347167989677e-07,-2.32221615162264e-07,-6.97050734246357e-08,2.33565154462698e-17,-1.16916547152369e-07,-5.11987296408284e-09,-2.30037895409298e-08,1.87211373972752e-08,-6.14061561477903e-08,-2.34061568508601e-16,-2.87180808388982e-16,5.76666604966628e-16,4.60052333199649e-08,1.85297857556046e-09,1.38042511759283e-05,-2.86825484089387e-16,1.18771614299461e-09,-4.96464396332499e-16,-6.84369673097465e-16,-1.1416750672303e-07,7.49621086997698e-07,-2.22044604925031e-16,5.85038988221739e-08,2.47258443341106e-09,5.82833395892668e-16,-4.57139001718433e-09,5.88134215855683e-16,-1.36450646083358e-08,1.42988359908421e-16,-1.32459402017833e-08,-1.00919477099486e-08,-3.56525101493955e-10,-3.60590899799307e-09,-2.28286496988709e-08,7.21847700753744e-10,-1.28459943310562e-06,1.80405857333706e-16,8.53967922584211e-10,-8.66746409868207e-11,2.64057825901722e-16,-1.80082124621177e-11,-6.02201091021611e-10,1.86815823852055e-10,-8.62170795219843e-16,1.06071076756652e-09,1.5119839793738e-09,3.56283771671679e-17,-7.35837952550361e-08,-1.05205095670392e-08,-5.59698684255343e-11,3.48389312953569e-17,1.26593237199718e-16,1.2382570556903e-09,4.49464898257132e-09,3.67978241602346e-10,-6.26114212878233e-10,3.20570778702702e-09,-2.57060752329011e-16,-5.45763250377701e-17,1.17818946351353e-08,8.12713785094646e-11,-1.66900553855187e-16,2.87072672844154e-08,1.83140016503091e-17,1.34246824435539e-09,-5.49712932342867e-09,-3.21041272395961e-09,-2.12364933945283e-08,7.22314620255881e-17,3.91367373150628e-17,7.91542776751538e-17,1.15805305229418e-16,-1.46446448112948e-10,-5.04657015603998e-10,-1.1934878575897e-16,2.07892140155276e-16,4.73163156927827e-16,6.91167040369396e-10,6.12803625800915e-12,-3.22942879851831e-10,-8.73519449382838e-17,9.38946186426759e-16,8.61398626039733e-16,-1.08914159143183e-08,3.29384891175588e-10,-2.25818128680905e-16,4.93690006945913e-11,-1.19303437087425e-09,-4.42019538754261e-16,1.90680031613176e-15,-7.18560007612361e-09,-6.48692745416848e-12,-2.844505348987e-09,-1.1943081768896e-16,1.73815080378809e-10,7.45771225799822e-06,-3.77582503957237e-08,2.8261906727343e-09,8.66862022451519e-10,-1.98630617339422e-11,-1.50723239000278e-15,-3.62766952135566e-16,1.97304179755708e-17,-1.13684791577498e-09,1.04170125824407e-09,4.78733298833845e-09,5.19591998213784e-10,-3.63598776393957e-16,3.13227553179278e-16,7.68442099409307e-16,1.37495251895484e-15,1.19183978640827e-15,-3.60000304785293e-09,-6.17779158546466e-17,-8.67198752610619e-16,7.37428568161264e-09,-1.3296662618328e-15,6.64758564058585e-09,5.92526171620392e-17,8.33891140554301e-09,1.43554695094986e-16,1.25936735502782e-08,1.65872547197901e-09,1.4774844682513e-08,-4.2613592600096e-16,-6.31996161327212e-08,9.20684331694136e-17,-2.83793455821845e-06,2.27280072232084e-08,-1.27233814361824e-10,-1.23341734316304e-15,-2.28583579449999e-07,-2.29354935900048e-16,1.72345277272188e-06,3.43793416599564e-08,4.25578287670821e-17,-5.88750189886532e-16,-5.81160608387443e-16,3.04761486011836e-16,1.48029014798087e-09,2.00611518414727e-08,4.69458238850092e-09,-1.46994359980234e-16,-1.06642986359019e-15,5.67405147469336e-09,-4.67895955283577e-08,1.15945946009354e-15,-7.13748736427322e-16,3.78643954025132e-08,-1.19504457028464e-15,2.89636079638299e-07,-3.97806869557674e-16,-3.14832909000494e-07,4.64241299791773e-15,9.82831323166023e-16,2.99342638060488e-16,5.83022153929241e-15,-1.30713402185241e-15,7.67768484165025e-15,-1.15276415500196e-08,8.15060558157895e-08,1.39377378587557e-15,7.75813601482038e-08,-0.00148538652821372,7.02226698613753e-17,-1.38745810326081e-14,-1.67802051104577e-15,1.2293306357275e-14,-1.11626679905042e-06,-3.44493939256564e-07,-4.57989003045428e-14,-8.4418610010532e-12,0.845593454424991,-9.90079936571724e-06,-3.45076563684635e-08,7.36601810748452e-14,-6.98177143915253e-15,6.93623569685992e-16,1.75478072596051e-15,3.6095154323047e-16,-7.94248888503526e-15,1.22453572370712e-06,-1.07597488776838e-06,-1.93505279611817e-07,2.65983766595951e-15,6.67330562162931e-16,1.61755649542685e-15,3.32289235988138e-15,2.60106540785914e-15,-2.62267291970394e-15,4.89895762264896e-15,-3.10360388064768e-16,-4.82884628973023e-16,-4.98135993985992e-16,-9.59608514387991e-16,4.04328942249646e-15,9.27366423283954e-16,1.53779414397331e-15,4.97920215488617e-09,-9.35605945984608e-16,-1.12102083615133e-15,-8.94479176515445e-16,6.68709206392305e-08,-8.78566434803208e-09,5.3462513002876e-17,-1.69421821990531e-09,5.66801771203367e-08,-3.42796978508385e-16,1.21507289020022e-15,-1.02590325855044e-07,6.36960587546354e-16,1.22356891980272e-09,9.66138101232228e-17,-8.9610888089198e-17,-2.33729007096465e-17,2.4501421803148e-15,1.20542850776243e-08,-1.49265330356213e-07,3.49156317645319e-16,-1.4556185689317e-15,-9.58500684318312e-17,2.60073511236919e-16,-1.05167610731094e-17,-2.98715336845853e-16,6.45030843315125e-16,-7.17859553797679e-17,1.44720149530516e-09,6.8604662258972e-17,-8.4166241704522e-16,-3.37351849468462e-16,4.80979772283123e-16,-1.10290604797725e-17,7.12938798019595e-16,-4.87292836389566e-07,-1.03829481839994e-16,2.93317509257574e-16,2.04668110940216e-08,-1.21185277749791e-16,4.57654357031938e-16,6.39614337429892e-17,3.74276179372445e-16,1.60640061923137e-08,2.79854984684172e-17,-1.29387124932027e-07,6.31618333894081e-16,-1.64019767905716e-17,-2.82868693432709e-16,-1.57559351375851e-15,1.69437360693087e-16,4.12593335879557e-15,4.58881745047948e-09,-5.3791175528946e-16,1.9376343212269e-16,2.32063394349807e-09,-5.64820106409265e-07,8.47593582898977e-17,6.26473884337658e-07,5.71209580089668e-08,-2.85048987390472e-17,8.44748203479826e-17,-2.65226907629083e-16,-2.50377688995726e-16,-8.54772999502124e-17,-9.1770909920548e-08,-3.10474925360239e-16,5.4036209213154e-16,9.91798081606154e-17,3.63712636691843e-08,8.33396698604825e-16,6.81252212969362e-16,3.17820862778723e-16,-7.61658237402115e-17,-1.63633520348521e-08,-2.52221494335243e-16,4.45562958846281e-10,-1.16534653410625e-16,1.58218352241908e-16,-4.29189376278286e-16,-4.25668663731087e-16,3.34878153757311e-16,-2.55587389958215e-16,-4.3075840717286e-17,-7.58901291456109e-09,-7.19335955570765e-16,-1.99364731702711e-16,3.17682815854553e-09,-3.69587555137591e-17,-8.39598910327377e-17,5.63377388753551e-16,-2.64773941107956e-17,-6.3418049879236e-17,2.51896112967214e-16,-2.27369871871366e-08,-3.16619132661002e-16,3.4363620155654e-16,6.73386047517446e-09,-8.50354708741389e-16,2.84561160808682e-16,2.15383805136278e-16,1.02149835665002e-16,-2.04219963228291e-16,-3.89136381227235e-16,1.2622793067733e-16,4.07979406211729e-17,-1.82632380507201e-16,7.23584857784764e-16,-4.13288201868016e-17,-3.46835663532347e-09,1.14776097577347e-08,5.71673188324579e-16,6.6900583302052e-16,-3.11015771754484e-16,2.31980418854395e-16,-2.10335221462188e-16,3.28286880762627e-17,-3.9855098206438e-16,-2.39946864903063e-17,-1.22798699361901e-06,-3.36559796537078e-16,4.09413035085536e-17,-1.91278837964075e-16,-4.10811844152815e-17,1.25047360937831e-09,4.74454079600006e-17,-1.9662199669699e-10,1.60823299205267e-16,7.49183500158553e-17,-2.53450475905741e-16,-8.33759673613293e-17,3.9404319532451e-18,-2.98362165425855e-16,7.41284720157569e-16,-2.07804042938302e-17,-6.13959586720012e-17,1.15955907873225e-16,-1.25324720620729e-16,-2.00779074264045e-17,1.86122878971503e-16,-2.37170305130902e-16,4.42083622299881e-16,3.36099685653672e-16,-2.61634894150714e-17,7.65398286867981e-17,-2.45383094849557e-17,-2.03510991926444e-16,-1.04625509644851e-16,4.52639045908119e-17,-3.10280077649969e-16,2.30947117194505e-16,3.6426890524653e-17,1.00189985604569e-09,-1.84628148310596e-16,-9.15210071971252e-17,-1.48464249507871e-16,-3.59279810784842e-16,5.59083304724843e-17,2.81055173947589e-17,-3.20415370222074e-16,-1.70471471843616e-16,2.40398436822517e-17,1.88244370810537e-18,-4.12538926630734e-16,-2.22916897259149e-16,-2.00011352479296e-16,-1.22019708347436e-16,4.55394708811263e-16,3.21872112545671e-16,-9.61210085807638e-17,-1.27141872772983e-08,-1.03925555086032e-16,2.94342576213559e-16,2.00903652500889e-17,5.28052999076462e-17,5.74019023174281e-17,-2.38282672818823e-17,2.48691327185011e-17,1.97512339480382e-16,2.15019395168695e-17,4.2551542105197e-09,5.14837112643331e-16,-1.26842832992279e-16,-3.93538964155241e-17,5.34959649181121e-17,-1.87728226001906e-16,-1.98662345087116e-17,-8.27825524949999e-17,-4.37222838953536e-16,8.5758242292021e-16,4.23308505504176e-17,9.25515554669533e-17,1.06555247868248e-16,1.5025886201085e-16,1.32949673626303e-08,-1.4595008728134e-16,-4.49302441524406e-17,-1.90376612528097e-16,-4.31078783780237e-16,-3.63071549112855e-09,1.27662203199514e-16,-4.99003657394862e-18,7.83693823572386e-17,9.82898196072477e-17,-9.72291402897861e-17,4.52498848116246e-17,2.8420488893318e-16,5.98154641717574e-17,3.79784951069276e-17,1.39828641177192e-17,-2.11118952171223e-18,1.01587222684952e-16,8.58359708272285e-17,7.76073399397194e-17,1.21689420492635e-17,-5.46748929166503e-17,-3.14385142776849e-16
"t922",0.0266766973124819,-0.00251983086472223,-0.0022294212930878,-0.000354415029464058,-0.0119005132493339,0.102309855131038,0.0174616482815151,0.000112261944827853,0.0269687422997786,-0.0209328207098705,-0.00398413668540791,0.00303973737663745,-0.00587605778350651,-0.00122660914812604,-0.0319253741577939,0.000715994737192842,0.000509795237098132,-0.000106446777594172,0.00406365988516816,0.000668736790665458,-0.000166138597298549,8.19898457659577e-05,-0.00282846534185206,0.00048664080223452,-8.86996857798808e-05,0.127820759490664,0.00682890464199808,-0.000362534510732063,0.000845169547395273,0.00173012121258239,6.00192465353854e-05,-0.00251481358029843,-0.000148598577959077,0.00140205817678489,-0.000156837418416382,-0.000205751793961228,-4.81076733476589e-05,0.221792923283631,-0.00038638480510382,1.47672932873492e-05,0.000134310075578947,-0.000280197083496925,1.38924820458015e-05,-0.000237079757702308,5.43131972018289e-05,-1.21269022715565e-05,2.27411388638182e-06,-3.38581669839126e-05,0.000468903094955434,-0.00090711854188483,5.29667364956759e-05,-4.95258844514097e-05,9.4779109785465e-07,-2.03473338409631e-05,0.000413606795965828,-0.0191207719252364,1.7110629674659e-05,-0.000142656559651735,0.000535590579776301,-5.57940042537634e-06,-5.60339759338297e-06,8.07897309234586e-05,-0.000187121990188726,0.000140870029388353,-0.000127423086572144,3.51154312021034e-05,-3.41781714223961e-05,0.0223999145015478,-0.000223647663991865,0.0638282372085769,-4.75375339762697e-07,7.10343064026743e-06,-0.000501224689451983,-2.23283024306481e-05,9.66914289493317e-06,9.96592188217602e-07,-9.74615218597068e-05,1.83495628221968e-05,-0.00207373087291383,-0.110306692527899,-8.70360213727925e-05,-0.00625556203642396,0.000151084377072563,4.83300954197202e-05,-1.45581142810365e-05,-2.95885946540547e-05,3.20149530602166e-06,5.33634742860315e-06,1.03706690049604e-07,-3.80685261360675e-06,8.0078349787843e-06,4.1841634870407e-09,5.78944504826004e-05,-8.82713994967352e-06,-8.87942592517472e-07,-4.14282203133471e-06,-4.88098526268168e-07,2.91924313069445e-06,-3.37434539496324e-05,-0.000109557422590414,-0.000385965316002268,2.87355311333755e-07,-0.00210418287806523,2.38376236627679e-05,-1.23996395412719e-05,3.16797533131288e-06,-0.0034314007392808,-8.67157628804152e-06,0.000110054736038268,-5.48583450574484e-08,-5.80423172922549e-07,5.3151376072583e-06,-1.77006232809568e-06,3.25263405524043e-06,-1.08164300760274e-06,4.34980924332298e-06,-7.28987309248829e-05,9.05555289820081e-05,-0.0032234714267597,3.23188078615128e-05,-2.00344225407823e-05,5.28729395847991e-05,-0.000882651016968748,-0.00334255657600021,-6.67630351117699e-06,-7.03195259976321e-05,7.51894462520247e-06,-0.00010989502611749,0.000408808919121399,0.0143583836335429,0.000113856129572492,0.00356378757122795,0.000110920967414731,-0.00145372052376345,-4.29158190671939e-05,-0.296574375406435,-0.000147954045402215,-6.574418219245e-05,0.00041672796960613,-0.001460222763102,2.03101495232061e-05,1.92428331955867e-07,0.000338445997770634,-5.21802533473215e-05,-1.68944949706484e-08,-2.42920903275278e-07,-3.33813085186268e-07,3.31859535477586e-07,1.50895770529381e-08,-4.16041138015807e-05,-1.15871608989595e-08,-3.01204005826319e-08,-3.48872877143169e-09,8.73821188058602e-08,-2.17559183664049e-09,-5.18068077715254e-09,1.0365521364057e-07,-5.44716526528413e-07,-3.26050169210103e-07,-1.10488344274242e-07,-6.05493136595923e-07,9.02599493381518e-08,-6.968035119538e-07,-1.0347215432437e-06,7.45565573407368e-07,-5.39055662491885e-07,9.54137638818879e-06,1.63762385910821e-07,8.15024121332988e-06,8.28732676139265e-07,-1.44053648689241e-06,-2.54005405825658e-07,3.05327282061069e-08,1.02281553896755e-06,1.98193198413876e-07,2.91304434653832e-05,1.76020270262824e-08,-6.79858662129643e-07,-6.41622888849363e-06,-3.13524751167945e-06,1.24807789596718e-05,3.26643951192454e-06,-6.71745969658385e-07,-2.62456287273906e-09,-7.7762237679262e-08,-2.05691162714206e-08,-3.51527940323812e-05,8.5008353093224e-06,3.81662043249324e-05,-3.67008135205789e-06,-1.18254885173932e-06,3.05838129574164e-06,0.00207284444061502,7.00698975206865e-10,8.64587882714684e-08,-1.80754713415135e-06,-3.39073156420783e-06,-2.02997196308948e-07,2.1056373890578e-06,9.55208272269326e-07,9.53769618678631e-07,1.37997406860687e-05,-2.83340225248025e-08,-4.51841467767522e-07,-7.74883180664833e-06,-3.281395424819e-06,5.09269334135151e-06,2.32327727377538e-06,-3.92821197542035e-05,-2.36224121113091e-08,-0.000169383436273166,2.43820029526362e-06,-1.17801099574509e-05,-1.99089800823429e-05,-1.14811207048527e-07,-8.42769748320632e-07,2.39208377009637e-07,1.53343734981805e-07,-3.9165622914606e-06,-0.00307011164286338,-4.63609098690195e-06,9.52560924659747e-06,2.17771653657121e-06,9.63672020807098e-06,-0.00084314660468073,-1.9057808663517e-06,-0.000239370961841023,-9.59827819867617e-07,-2.06724592884291e-05,-1.83254453195465e-05,4.78756366997274e-06,1.05195730348375e-06,7.73798800806569e-06,0.000451942727772746,-8.4899514886791e-07,-2.19655565058452e-07,-0.0116517653774272,2.7845152882615e-20,-4.87210586660352e-07,8.14583303640308e-06,-3.42843420015973e-06,-1.97440657135858e-05,-0.11586748091148,-6.3066258397086e-05,4.27542199816855e-05,-9.72988880916734e-06,1.72293348025656e-06,-8.54679438841536e-08,1.44904949147105e-06,-0.000131139007826857,3.10648458676858e-07,-3.19048940128779e-05,1.99134251323361e-05,-4.82309416752483e-08,2.6235833181518e-09,-1.07835834192142e-07,7.46055572285303e-08,-1.14899752516935e-06,-2.3370568371797e-06,3.93966594368076e-07,-6.43580717092742e-07,1.12657073004678e-06,-1.20670790106358e-05,6.63245441633226e-07,-5.95582557919591e-07,1.98364678131508e-07,-2.44767059536331e-09,-9.94496482368478e-06,1.58025015732396e-07,-1.29734079809314e-07,-3.99968192167007e-09,8.42822652884168e-08,-8.10376080838757e-08,-6.43202238191187e-08,1.40608497959032e-07,-3.40360430018222e-07,4.2914831600684e-07,-4.80611146317637e-08,0.00225322385806901,1.29661230514409e-07,-3.11522000048774e-06,-3.97056090469326e-16,2.18139798876305e-06,6.46871328858984e-08,4.36550536578511e-12,1.47182751073967e-10,6.12142925521772e-06,-4.57169613781389e-08,-8.95349418380753e-09,2.37086592455151e-09,-1.12883097169351e-07,6.76528257315477e-06,1.71412955932064e-07,-1.78188276585573e-08,2.77761231261503e-06,-3.46138012366148e-06,1.04715417899344e-06,-2.59968955948867e-06,4.24568961310962e-07,1.74975093566426e-07,1.15601917554392e-08,1.06028948512559e-05,-1.10036844624457e-05,5.50072094256894e-08,-0.000607409678898103,3.11102267060513e-06,-1.26933233815309e-05,0.322120313484007,-0.000109654130385651,-1.93335752398468e-05,4.24439989360012e-06,0.000406039954259089,-8.74894550862007e-07,3.00705554626325e-06,-7.65209249622023e-07,-6.06238051942595e-06,8.88743265247028e-06,4.39053686349175e-17,-9.81626690411639e-09,-4.83514213989623e-07,4.00901725122315e-08,-2.33274508365888e-06,-2.5889892951542e-08,-5.94522448277136e-07,-1.32750655949164e-06,1.65430607965921e-06,-0.000173282485045819,-1.04357691520043e-16,3.51508962061626e-06,2.75530196126875e-09,1.10744432174917e-07,-4.58112680285137e-08,-0.000102141830856973,4.37049123636711e-08,1.50294745128073e-06,-3.70311505329436e-07,1.29272136426839e-07,-1.63472700979963e-06,1.95981023446021e-08,4.97921836485947e-07,2.218235436813e-09,2.8965656186531e-10,4.33132926594154e-07,-2.15478832026837e-08,4.21315403441635e-07,2.03826678188977e-16,7.14159398123151e-08,-5.05025263383869e-09,-1.45390109481686e-10,-8.95091705808224e-10,3.09643784941947e-07,1.41079909056398e-07,-2.56298351122018e-10,-3.3825102938241e-09,-3.12636765967203e-07,-1.82629627010795e-16,-3.89149991781141e-08,-1.59687058152627e-09,-9.13704353966707e-08,2.4099655823687e-13,3.92753352365876e-07,3.29860460339222e-08,-5.21837887645533e-09,-2.35763440809421e-07,-8.75260711611657e-08,-5.05097708342941e-08,-1.70320763110253e-07,6.42574532375061e-08,4.6453823615794e-08,2.92283201545914e-09,2.10722061778071e-07,2.72747935380468e-08,-8.54126741745538e-17,-4.82308727626786e-08,0.00226395943374148,-2.08197055948259e-07,1.78394382919373e-08,-3.21454002377229e-16,-1.01135377875483e-08,2.88405131699219e-09,-8.79403290486012e-08,-5.47070195108555e-09,-2.16815833007216e-07,2.2028352169837e-08,-3.25331230998158e-07,6.2058690370665e-07,4.30746529874138e-16,2.57618738757515e-06,-4.38474941646082e-08,1.26063943784464e-07,3.38928737900538e-06,-2.79670122678157e-08,-2.3350316913343e-09,-2.63677968348475e-16,-4.02611726860255e-16,-2.35408936299267e-09,-2.76116494547904e-08,3.65699132169232e-09,-4.2958661146563e-07,2.33435366865662e-15,-2.17790040926581e-07,-2.64520100144714e-09,-1.26399090210112e-16,1.7633932695382e-16,1.07638460498737e-16,6.10149179945441e-07,1.61867144189844e-07,-1.83460312319488e-07,1.71129215863081e-06,2.27773908171929e-05,1.55322715720089e-07,-6.76519929650314e-08,1.39674452879084e-16,-1.57935263518282e-08,4.53477036863084e-08,-1.6699469358006e-16,2.02878123497438e-16,-3.10471085807394e-08,-1.91514231303472e-10,-1.92979310755242e-08,1.19868724905717e-06,2.01450655990085e-08,-8.50479711423049e-08,-5.21077958945249e-16,-7.82536382478477e-06,8.06942296600828e-17,-1.00610480075345e-06,-4.15791533148191e-17,-2.39171160731025e-08,5.97441279183836e-17,1.00807588883161e-07,2.66936650270409e-08,1.42507095792123e-07,0.000219146426788253,5.95223625225211e-08,-8.69814851496249e-09,5.74704006541911e-08,2.14839153529313e-08,1.16103166648192e-06,1.09055923007008e-07,2.27394411828015e-08,-6.71810085985636e-08,-1.34338658677867e-06,-1.12804379795043e-07,-3.5293423547804e-08,1.3046185204871e-17,3.49548860223793e-07,-6.38519852801337e-08,3.99559889676116e-08,4.07305494644991e-17,8.3484516089739e-08,6.75012772376348e-05,8.39070492820311e-07,-4.66447372842484e-16,-2.09457282815025e-07,-1.40306755773406e-06,4.20575296862554e-16,-1.77198439490629e-07,6.86334542304147e-07,7.84436825323662e-16,-3.2041734773345e-15,-3.63225178552706e-08,-2.26669298746506e-06,-1.61457001378645e-08,-3.19710107603163e-05,0.237885128534982,-2.52164515756574e-06,-1.11899590722253e-05,-1.21286264504686e-06,2.77473212198352e-05,-5.03861275619188e-15,-2.70962781592552e-09,-2.03345451716378e-08,-5.16042565229041e-08,-4.39521990495092e-06,-1.09935025827298e-15,8.3329378880564e-16,-1.2836314207264e-06,-3.16132537240249e-16,4.95516210495324e-16,-3.05538867831059e-07,4.14204957967606e-07,7.74179299744938e-08,3.8807362941647e-08,-1.64098884244064e-06,-4.26702052360624e-07,-1.28342994259328e-07,-2.62475627696842e-16,-2.20144232458665e-07,-9.68818657671808e-09,-4.36013034509843e-08,3.57808113351964e-08,-1.19220209511965e-07,5.07121007026754e-16,-2.67389563409307e-16,3.93852756914904e-16,9.14747564835567e-08,3.72438687727104e-09,2.77689658411116e-05,2.16956765017391e-16,2.41506174216e-09,-2.04200636987662e-16,3.13438343716234e-16,-2.44342175992802e-07,1.6054477671026e-06,-1.35308431126191e-16,1.2702320298637e-07,5.41262682022911e-09,-5.59993563912825e-16,-1.01817645808317e-08,-1.15991021356298e-15,-3.10640776984554e-08,-3.12001876450398e-16,-3.02166000394271e-08,-2.30580534756044e-08,-8.16045887527739e-10,-8.27422815778598e-09,-5.2682412464784e-08,1.70310006982616e-09,-3.13248692311432e-06,-4.64624302686383e-17,2.17815153080029e-09,-2.22199591773691e-10,-3.1555342683745e-16,-4.64837172883093e-11,-1.5743993453367e-09,4.94219139908804e-10,3.16900955310717e-16,2.92865674807158e-09,4.21216048655388e-09,3.28192086904892e-17,-2.07501477794648e-07,-2.98490527102671e-08,-1.62558120751306e-10,1.47367309859872e-16,3.51157989696789e-17,3.81952840444413e-09,1.4257777215857e-08,1.17422983643217e-09,-2.30856263042847e-09,1.2149181054227e-08,-1.07873951341451e-16,-8.48480823411051e-17,4.55421746587249e-08,3.14952668522454e-10,2.02636731687256e-16,1.15215502225276e-07,1.13179802398999e-16,5.58487886188509e-09,-2.41115734356363e-08,-1.41370795689144e-08,-9.49956070490814e-08,-7.6861556282316e-17,4.3117344620382e-18,-2.30595087619179e-16,-8.29872496099928e-17,-7.70005525023667e-10,-2.69405731936537e-09,-8.70801890765672e-17,-2.37779478026452e-16,-3.40314421856863e-16,3.90964105417763e-09,3.55919748969499e-11,-2.02814959144328e-09,-1.90299358727018e-17,-8.20469994028405e-17,-6.19350491032344e-16,-9.70956842164986e-08,2.9820201089474e-09,3.55077215720343e-16,5.45261848474346e-10,-1.45054014428823e-08,1.09257785058753e-16,-1.10160635393731e-15,-1.15780146591179e-07,-1.07381837323475e-10,-5.91781910408916e-08,1.24757435891581e-16,6.51412533900515e-09,0.000515345642699185,1.22497768195743e-05,-1.0051929543748e-07,-2.47305893005985e-08,4.11209514223305e-10,5.31001358650801e-16,3.49263894314754e-16,9.95495503840078e-17,8.68385654526084e-09,-7.87465320771791e-09,-3.32904620474608e-08,-2.52396988911085e-09,4.86737276391754e-17,-1.39167910748615e-16,-2.23765477546164e-16,-5.28736775081737e-16,-9.2545367950588e-16,1.29182604751788e-08,7.57657761021932e-17,7.62213952030454e-16,-2.3810280289356e-08,7.67925043595847e-16,-2.13467735176348e-08,1.59750682396596e-17,-2.65333424371583e-08,-1.85041430290644e-16,-3.38175266509076e-08,-4.28586920198030e-09,-3.60363399998048e-08,1.85122023991744e-16,1.43838036585946e-07,7.12793131884217e-17,5.58228946549207e-06,-3.73130888987973e-08,2.07286477381419e-10,6.03296248910352e-16,3.46937671190729e-07,1.44502707107594e-16,-2.34277128860922e-06,-4.64836228714439e-08,-3.02214264614032e-17,1.63327774124318e-16,2.94093659820017e-16,-7.18402137411918e-17,-1.82985555836387e-09,-2.42210472087096e-08,-5.5153336772675e-09,1.9420563913383e-16,5.41029837925242e-16,-5.85226424445153e-09,4.79811835102893e-08,-6.28947785319134e-16,1.73565984990736e-16,-3.30089453977831e-08,6.25394966160547e-16,-2.43843200403513e-07,2.98370893490064e-16,2.39418130252642e-07,-1.96753650619381e-15,-4.50353149775148e-16,-7.08614572879046e-17,-2.31921769638757e-15,5.81845337811304e-16,-3.03839906996785e-15,7.09235273721701e-09,-5.00043147025422e-08,-5.78326129117001e-16,-4.40927355083402e-08,0.000817240682889903,-8.22749988142323e-17,5.94844922609709e-15,4.35131564126709e-16,-5.64055704687756e-15,5.31878796995e-07,1.58559491447588e-07,2.03810884519647e-14,3.73660645019641e-12,-0.374271478804546,4.35978771586256e-06,1.49330567505666e-08,-3.2376719253629e-14,3.06880725774315e-15,-2.71833966531399e-16,-7.72796894288752e-16,-1.53484240412891e-16,3.5107277102031e-15,-3.91207040047858e-07,3.33305248564048e-07,5.81040801607516e-08,-1.19813586697531e-15,-1.59479252485883e-16,-8.07979291997505e-16,-1.62991558761029e-15,-1.27272326455984e-15,1.24443440857819e-15,-1.9439963556105e-15,2.206713497318e-16,2.85542956132882e-16,3.53403489473502e-16,3.43594191385985e-16,-1.88715079121236e-15,-2.95859308915671e-16,-6.83193020896097e-16,-7.8829467510819e-10,4.36037631841394e-16,5.58049625874769e-16,5.05337174115132e-16,-9.47737642201472e-09,1.21210347240712e-09,-7.28823595177881e-17,2.2980588306018e-10,-6.57965928771875e-09,2.78829191476061e-16,-2.39096043870053e-16,9.50236405187757e-09,-5.5688507439913e-16,-7.97445436205771e-11,-1.27181850327885e-16,2.084636296786e-17,-4.02365250454911e-17,-1.16678375050439e-15,-2.95849833575761e-10,3.26822517145109e-09,-3.53451184995028e-17,4.56114740395297e-16,7.09067851397951e-17,-4.32092724765168e-16,-1.78893358460108e-17,7.46057497807089e-17,-4.61835305536249e-16,-2.42716225704321e-16,1.43146599929111e-10,3.00752370734881e-18,4.52302473292302e-16,2.28441525395637e-16,6.51905621501014e-16,-8.56269216066304e-17,-6.23432701289856e-17,-5.91730940187426e-08,-5.39632664946969e-18,-3.3401883120039e-16,2.56782806823917e-09,-1.28532037346899e-16,-5.00569375462382e-16,-5.6456712810954e-17,-2.91627688341292e-17,2.7354351936635e-09,8.5619733543508e-17,-2.30123491891826e-08,-2.97952544903296e-16,1.55088062547888e-16,-4.94356613849613e-17,-1.34354672027583e-16,-2.22015282368019e-16,-3.23551117336865e-15,8.8523183083482e-10,3.91051201040576e-16,-1.10303183014093e-16,4.73676461953582e-10,-1.15603211611273e-07,-8.62120773841415e-17,1.34114689170104e-07,1.23944700515915e-08,1.00201384892479e-16,-6.72202421462813e-18,-2.18632767525961e-17,5.34334010769146e-17,-6.57561048472293e-16,-2.36544873059437e-08,-9.42179980909345e-18,8.51613919681444e-17,4.74207771539946e-17,9.73363675663084e-09,-8.48858312862652e-16,-4.48168038489867e-16,-3.63891702298201e-16,-1.97613357840729e-16,-4.58653832957927e-09,-1.76702136249086e-16,1.26595577314916e-10,1.15172469482417e-16,-1.38429338714399e-16,3.82696142042417e-16,-9.04501946578488e-17,3.68342850568769e-16,1.40265696296211e-16,7.72910751320363e-17,-2.30544688127427e-09,8.84720985240784e-16,4.90412819823057e-16,9.80084780984593e-10,1.42643829529355e-16,-6.43974468959864e-16,-2.2494043156194e-16,-4.5326530538198e-17,-8.55976761314511e-17,-3.74365133362394e-16,-7.34330994699797e-09,-6.44894046900565e-17,2.5441864548892e-16,2.21721339793464e-09,6.46170250545453e-16,1.14307124089055e-16,6.55373089147858e-16,1.67017694298511e-17,1.13112364485642e-16,5.92864690763199e-16,-3.83526954430482e-16,-5.94589513342454e-16,-2.71111096606715e-17,-3.96102824645204e-16,1.23012352573687e-16,-1.21945384355804e-09,4.06518862314097e-09,-2.74500303987337e-16,1.51899827565826e-16,-3.82503955847207e-17,-2.24791631349955e-16,3.86626494708331e-16,-3.54263580917607e-16,2.52532796552277e-16,-2.70088622508531e-17,-4.51162459756e-07,-6.74565743267852e-17,2.35799263473598e-16,-2.58901357400093e-16,3.66845685472058e-16,4.7298191630574e-10,-7.188795036713e-17,-7.6695426919546e-11,-1.16050676772469e-16,-3.21686919696222e-16,4.24899699272347e-16,7.36056816032407e-17,2.2552339183549e-16,3.92226836564251e-16,-1.61768796045871e-16,-1.93570829637612e-16,2.34844851832771e-16,7.75083499843756e-17,-1.18347518320992e-16,1.05855367827877e-16,-1.8048415362376e-16,-4.68215803471362e-17,7.50349331369579e-17,1.05658697067354e-16,2.44547009684152e-16,-3.1105820454483e-16,-2.09063650232147e-16,5.14771923248499e-16,-3.71230823859037e-16,-1.08553887396695e-16,-2.81937269344992e-16,-1.10248119352589e-16,1.04157499479894e-16,4.31036993277037e-10,4.98513633974578e-16,8.82467985726533e-16,-1.3867539883087e-16,-7.95776802673926e-16,-6.22314744466923e-16,2.19758529918481e-16,-5.29958129528854e-17,1.13326562296851e-15,-9.80652059169744e-17,-1.61501243157228e-16,3.36644774556749e-16,4.01720154065267e-17,7.19714886603272e-17,8.60964598857368e-17,2.05794464531109e-15,-6.41166036882859e-16,3.54567884326257e-16,-5.78052491186666e-09,3.22751957594299e-16,-1.07899131027013e-15,1.00514363933325e-16,-7.60867920293484e-16,5.09514950239677e-16,5.21894063854228e-16,1.10769735892813e-15,-3.58142068934949e-16,-9.14627603948651e-16,2.03338884657954e-09,4.56497329072929e-16,1.36180308802436e-15,-9.56453860150009e-16,-4.2775672228324e-15,-2.60652261000165e-15,-5.09617220852229e-16,-6.39814876162616e-16,-3.44353596807504e-14,0.707106781186547,4.88228619926083e-14,-1.70115689454934e-15,-1.0424575737577e-15,8.9166506051751e-16,6.63920404411055e-09,7.11758177811963e-16,1.07556923813394e-16,-1.88645686765355e-15,-2.81025203108243e-16,-1.84744855463544e-09,-2.38598439833305e-16,-7.52865370359269e-16,3.12149358736963e-16,6.06660784855378e-16,-3.38385301669853e-16,1.43989130395026e-16,2.96883056788262e-16,-1.0286220752295e-16,1.39017687615352e-16,-1.03241961372735e-16,8.63346170243869e-17,-1.92792871561457e-17,-1.84636329274862e-16,-8.350635984988e-17,8.40525829991341e-17,2.0856748595997e-16,-1.69036847467756e-16
"t923",0.0266766973124819,-0.00251983086472223,-0.0022294212930878,-0.000354415029464057,-0.0119005132493339,0.102309855131038,0.0174616482815151,0.000112261944827856,0.0269687422997787,-0.0209328207098705,-0.00398413668540791,0.00303973737663744,-0.00587605778350649,-0.00122660914812604,-0.0319253741577939,0.000715994737192841,0.000509795237098129,-0.000106446777594178,0.00406365988516816,0.000668736790665458,-0.000166138597298558,8.19898457659516e-05,-0.00282846534185207,0.000486640802234527,-8.86996857798674e-05,0.127820759490664,0.00682890464199809,-0.00036253451073206,0.000845169547395288,0.00173012121258237,6.00192465353946e-05,-0.00251481358029844,-0.000148598577959043,0.00140205817678488,-0.000156837418416385,-0.000205751793961234,-4.81076733476608e-05,0.221792923283631,-0.000386384805103762,1.47672932872516e-05,0.000134310075578941,-0.000280197083496866,1.38924820458117e-05,-0.000237079757702318,5.43131972018064e-05,-1.21269022715697e-05,2.27411388640969e-06,-3.38581669839232e-05,0.000468903094955365,-0.00090711854188488,5.29667364956739e-05,-4.95258844513609e-05,9.47791097856407e-07,-2.03473338409475e-05,0.000413606795965836,-0.0191207719252364,1.71106296746692e-05,-0.000142656559651729,0.000535590579776303,-5.57940042538466e-06,-5.60339759332845e-06,8.07897309234908e-05,-0.000187121990188715,0.000140870029388348,-0.000127423086572134,3.51154312021062e-05,-3.4178171422435e-05,0.0223999145015478,-0.000223647663991878,0.0638282372085767,-4.75375339871882e-07,7.10343064024054e-06,-0.000501224689451932,-2.23283024305591e-05,9.66914289492457e-06,9.96592188230431e-07,-9.74615218597018e-05,1.83495628222136e-05,-0.00207373087291381,-0.110306692527899,-8.703602137279e-05,-0.00625556203642409,0.000151084377072587,4.83300954197903e-05,-1.45581142810345e-05,-2.95885946540355e-05,3.20149530603185e-06,5.33634742860149e-06,1.03706690033894e-07,-3.80685261362756e-06,8.00783497878069e-06,4.18416349571432e-09,5.78944504826019e-05,-8.82713994969012e-06,-8.87942592529271e-07,-4.14282203135686e-06,-4.8809852625988e-07,2.91924313060773e-06,-3.37434539496001e-05,-0.000109557422590415,-0.000385965316002182,2.87355311326564e-07,-0.00210418287806527,2.38376236627078e-05,-1.23996395412979e-05,3.16797533135266e-06,-0.00343140073928078,-8.67157628803866e-06,0.00011005473603832,-5.48583450793493e-08,-5.80423172893001e-07,5.3151376072829e-06,-1.77006232807979e-06,3.25263405526091e-06,-1.08164300758274e-06,4.34980924334573e-06,-7.28987309249085e-05,9.05555289819877e-05,-0.00322347142675975,3.23188078615e-05,-2.00344225408684e-05,5.28729395848403e-05,-0.000882651016968726,-0.00334255657600017,-6.67630351110495e-06,-7.03195259975844e-05,7.51894462517038e-06,-0.000109895026117466,0.000408808919121408,0.0143583836335429,0.000113856129572488,0.00356378757122795,0.000110920967414739,-0.00145372052376343,-4.29158190673104e-05,-0.296574375406435,-0.000147954045402241,-6.57441821924691e-05,0.000416727969606136,-0.00146022276310203,2.03101495232016e-05,1.92428331873225e-07,0.000338445997770605,-5.21802533473124e-05,-1.68944948921251e-08,-2.42920903276769e-07,-3.33813085199513e-07,3.31859535488947e-07,1.50895770447649e-08,-4.16041138015743e-05,-1.15871609234625e-08,-3.01204006383498e-08,-3.48872869510555e-09,8.73821188011804e-08,-2.17559184867998e-09,-5.18068077027737e-09,1.03655213580497e-07,-5.44716526415039e-07,-3.26050169200713e-07,-1.1048834426291e-07,-6.05493136600571e-07,9.0259949359025e-08,-6.96803511954674e-07,-1.03472154322969e-06,7.45565573383076e-07,-5.39055662519116e-07,9.54137638815041e-06,1.63762385917587e-07,8.15024121330014e-06,8.28732676117143e-07,-1.44053648689502e-06,-2.54005405798645e-07,3.05327282790432e-08,1.02281553895985e-06,1.98193198362112e-07,2.91304434653544e-05,1.76020270180447e-08,-6.79858662133785e-07,-6.41622888848448e-06,-3.13524751175633e-06,1.24807789596564e-05,3.26643951192237e-06,-6.71745969618526e-07,-2.6245628618675e-09,-7.77622376726989e-08,-2.05691162570457e-08,-3.51527940324726e-05,8.50083530926763e-06,3.81662043249329e-05,-3.67008135198843e-06,-1.18254885177108e-06,3.05838129583631e-06,0.00207284444061497,7.00698975370905e-10,8.64587882712187e-08,-1.80754713411909e-06,-3.39073156414693e-06,-2.02997196189029e-07,2.10563738907653e-06,9.5520827229991e-07,9.5376961869849e-07,1.37997406861189e-05,-2.83340225398408e-08,-4.5184146778704e-07,-7.74883180659913e-06,-3.2813954248729e-06,5.09269334136586e-06,2.32327727379879e-06,-3.92821197541836e-05,-2.36224121056021e-08,-0.000169383436273135,2.43820029524176e-06,-1.17801099572813e-05,-1.99089800823171e-05,-1.14811206994158e-07,-8.42769748284085e-07,2.39208377009957e-07,1.53343735029802e-07,-3.91656229143769e-06,-0.00307011164286341,-4.63609098701832e-06,9.52560924661035e-06,2.17771653660172e-06,9.63672020807005e-06,-0.00084314660468076,-1.90578086643248e-06,-0.000239370961841096,-9.59827819915445e-07,-2.06724592883977e-05,-1.83254453195552e-05,4.78756367000255e-06,1.05195730349154e-06,7.73798800810657e-06,0.000451942727772705,-8.48995148887727e-07,-2.19655564654452e-07,-0.0116517653774273,-7.93889909730917e-19,-4.87210586614475e-07,8.14583303637359e-06,-3.42843420014178e-06,-1.97440657137081e-05,-0.11586748091148,-6.30662583970609e-05,4.27542199816677e-05,-9.7298888092109e-06,1.72293348023142e-06,-8.54679438837882e-08,1.44904949152288e-06,-0.000131139007826882,3.10648458669025e-07,-3.19048940127746e-05,1.99134251323613e-05,-4.82309416918392e-08,2.6235833851555e-09,-1.07835834234496e-07,7.46055571520125e-08,-1.14899752503585e-06,-2.3370568371845e-06,3.93966594348531e-07,-6.43580717073881e-07,1.12657073004326e-06,-1.20670790106041e-05,6.63245441586294e-07,-5.95582557904766e-07,1.98364678093253e-07,-2.44767054164004e-09,-9.94496482364212e-06,1.58025015658949e-07,-1.29734079881928e-07,-3.99968185339084e-09,8.42822652634742e-08,-8.1037608088422e-08,-6.43202238789125e-08,1.40608497982891e-07,-3.403604299937e-07,4.29148316207339e-07,-4.80611146716256e-08,0.00225322385806901,1.29661230544688e-07,-3.11522000041718e-06,-3.75774676356921e-16,2.18139798878194e-06,6.46871328307537e-08,4.3655618894891e-12,1.47182789268483e-10,6.12142925511767e-06,-4.57169614159736e-08,-8.95349417492359e-09,2.37086607886182e-09,-1.12883097106213e-07,6.76528257312784e-06,1.71412955985921e-07,-1.78188276612403e-08,2.77761231256398e-06,-3.46138012370612e-06,1.04715417907794e-06,-2.59968955951241e-06,4.24568961369075e-07,1.74975093590794e-07,1.15601917301155e-08,1.06028948512399e-05,-1.10036844624663e-05,5.50072094328441e-08,-0.00060740967889814,3.11102267058132e-06,-1.26933233814352e-05,0.322120313484007,-0.000109654130385497,-1.93335752399671e-05,4.24439989359075e-06,0.000406039954259161,-8.74894550834416e-07,3.00705554615331e-06,-7.65209249690265e-07,-6.06238051940276e-06,8.88743265243763e-06,2.89338041505114e-17,-9.81626697701826e-09,-4.83514213848893e-07,4.00901726948111e-08,-2.33274508358655e-06,-2.58898929181681e-08,-5.94522448310602e-07,-1.32750655944843e-06,1.65430607972902e-06,-0.00017328248504586,-6.19880762920372e-17,3.51508962074074e-06,2.7553020516929e-09,1.10744432215432e-07,-4.5811268044689e-08,-0.000102141830857033,4.37049123776416e-08,1.50294745131672e-06,-3.7031150535393e-07,1.29272136422367e-07,-1.63472700980682e-06,1.95981023880236e-08,4.97921836505983e-07,2.21823531619959e-09,2.8965658159779e-10,4.33132926618018e-07,-2.15478831169599e-08,4.21315403547271e-07,8.7318769501173e-17,7.14159399356355e-08,-5.05025256943709e-09,-1.45390195241085e-10,-8.95092007570825e-10,3.09643784939906e-07,1.41079909147228e-07,-2.56298364644211e-10,-3.38251040807879e-09,-3.12636765937838e-07,-1.44751225023214e-16,-3.89149997864146e-08,-1.59687057651898e-09,-9.13704355359529e-08,2.4107321591583e-13,3.92753352171885e-07,3.29860461142522e-08,-5.2183787650828e-09,-2.35763441192792e-07,-8.7526071076329e-08,-5.0509770761843e-08,-1.7032076300253e-07,6.42574528962657e-08,4.64538236840434e-08,2.92283184225642e-09,2.10722061687319e-07,2.72747936944648e-08,-1.34323714438651e-16,-4.82308727980647e-08,0.00226395943374145,-2.08197056021358e-07,1.78394383236749e-08,-2.42212301963895e-16,-1.01135378291297e-08,2.88405130322283e-09,-8.79403290234966e-08,-5.47070216158769e-09,-2.16815833191975e-07,2.20283521356263e-08,-3.25331230968274e-07,6.20586903764688e-07,5.50450218911241e-16,2.5761873876426e-06,-4.38474938628747e-08,1.26063943778566e-07,3.38928737904482e-06,-2.79670123272602e-08,-2.33503198604069e-09,-2.35922392732846e-16,-1.04674783439968e-16,-2.35408946640788e-09,-2.76116496147238e-08,3.65699131591397e-09,-4.29586611432331e-07,2.43796605664793e-15,-2.17790040882968e-07,-2.6452012493033e-09,-3.94580016907886e-16,-1.15074399171683e-16,9.99226634290994e-17,6.10149179956417e-07,1.6186714421925e-07,-1.83460312378805e-07,1.71129215888641e-06,2.27773908170922e-05,1.55322716036854e-07,-6.7651992992089e-08,5.24931828380469e-17,-1.57935263519133e-08,4.53477038214456e-08,5.63598084025657e-17,9.28025993361424e-17,-3.1047108584839e-08,-1.91514137231268e-10,-1.92979311128777e-08,1.19868724912416e-06,2.0145065353992e-08,-8.50479715324813e-08,-4.70105590259588e-17,-7.82536382480695e-06,1.60268334991286e-16,-1.00610480097212e-06,-3.20381741969467e-17,-2.39171160008904e-08,3.75553606598698e-16,1.00807588668443e-07,2.66936651155982e-08,1.42507095929875e-07,0.000219146426788466,5.95223624909418e-08,-8.69814879186635e-09,5.74704007578679e-08,2.14839154704477e-08,1.16103166633307e-06,1.09055922674318e-07,2.2739441241453e-08,-6.71810084982816e-08,-1.34338658650654e-06,-1.12804379444727e-07,-3.52934235462277e-08,5.0113153476816e-17,3.49548860080088e-07,-6.38519852435664e-08,3.99559890506897e-08,-1.05106072229994e-17,8.34845160320387e-08,6.75012772375705e-05,8.39070492686538e-07,-8.89130678841215e-16,-2.0945728273108e-07,-1.40306755776634e-06,5.15328779290079e-16,-1.77198439481228e-07,6.86334542308264e-07,9.20289414157224e-16,-3.23245559680984e-15,-3.63225174373032e-08,-2.2666929873434e-06,-1.61457001131678e-08,-3.19710107604861e-05,0.237885128534981,-2.52164515754138e-06,-1.11899590723307e-05,-1.21286264508384e-06,2.77473212200551e-05,-5.00554458993108e-15,-2.70962790485365e-09,-2.03345449155167e-08,-5.16042565145751e-08,-4.39521990477644e-06,-1.03251359269714e-15,6.46306147924975e-16,-1.28363142067642e-06,-2.64858552739697e-16,3.06287979963108e-16,-3.0553886798276e-07,4.14204958042927e-07,7.74179298752738e-08,3.88073626485603e-08,-1.64098884246975e-06,-4.26702052059665e-07,-1.28342994089166e-07,-2.7984005522705e-16,-2.20144232284901e-07,-9.68818691654326e-09,-4.36013034506463e-08,3.57808114538702e-08,-1.19220209315596e-07,6.86270760528262e-17,9.57906660719516e-17,3.51792511608567e-16,9.14747565164796e-08,3.72438639220855e-09,2.77689658414967e-05,3.06284279238446e-16,2.41506175696023e-09,7.0481983411541e-17,9.87940947009112e-16,-2.44342176101298e-07,1.60544776682837e-06,1.0842021724855e-17,1.2702320289497e-07,5.41262683517432e-09,-6.41627211237403e-16,-1.01817646654115e-08,-7.43222863505354e-16,-3.1064077821203e-08,-4.27921454647064e-16,-3.02166003249371e-08,-2.30580534835617e-08,-8.16045813604282e-10,-8.27422810019388e-09,-5.26824125288076e-08,1.7031000539426e-09,-3.13248692293189e-06,-8.92917316190578e-17,2.17815141554896e-09,-2.22200125738179e-10,-2.4382895229842e-16,-4.64840393575262e-11,-1.57439960707157e-09,4.94219944440867e-10,1.68748689529809e-16,2.92865660963886e-09,4.21216029402658e-09,1.42480884521609e-16,-2.07501477575944e-07,-2.98490530158122e-08,-1.62558090187814e-10,2.14681781793274e-16,-1.02549321258996e-17,3.81952860957856e-09,1.42577769513623e-08,1.1742297258309e-09,-2.30856258830378e-09,1.21491812713594e-08,2.2346172086984e-16,-3.31853268669623e-16,4.55421745697597e-08,3.14952939329304e-10,-2.64103475090597e-17,1.1521550188008e-07,-4.8686810700403e-17,5.58487867899704e-09,-2.4111573542376e-08,-1.41370795733524e-08,-9.49956067565632e-08,-1.13204620050979e-16,-3.90852363771247e-17,-2.03349642311188e-16,-5.82571835783435e-17,-7.70005708454148e-10,-2.69405701105869e-09,-4.64493629358761e-17,-2.13395065255479e-16,-5.24489203076167e-16,3.90964087770843e-09,3.55901611117333e-11,-2.0281496161529e-09,7.01703980652157e-17,-6.57053621580528e-16,-1.97162165066489e-16,-9.70956843067176e-08,2.98201987701705e-09,-2.30887501280083e-16,5.45261600600275e-10,-1.45054015774316e-08,1.72337290737723e-16,-1.24496044561271e-15,-1.15780146526063e-07,-1.0738210933632e-10,-5.91781910045382e-08,-1.46667286550686e-16,6.51412506750821e-09,0.000515345642699874,1.2249776819901e-05,-1.00519295344353e-07,-2.47305892182499e-08,4.11209260386137e-10,8.83151163788266e-16,9.83484633355038e-17,8.35146682649852e-17,8.68385628728044e-09,-7.87465327943782e-09,-3.32904625778746e-08,-2.52396978956394e-09,5.17262518455622e-16,-4.12450214395016e-16,-3.51535091478532e-16,-4.87290945595788e-16,-1.20848805046517e-15,1.29182605239983e-08,-2.97100503813814e-17,8.21214331247514e-16,-2.38102800343617e-08,5.0028367771416e-16,-2.13467732072059e-08,-8.29476081588466e-17,-2.65333425225696e-08,-1.18654110270706e-16,-3.38175263818935e-08,-4.28586913693581e-09,-3.60363397765932e-08,1.50983401506119e-16,1.43838036571503e-07,-1.11422330354595e-16,5.58228946538292e-06,-3.73130884146196e-08,2.07286366571722e-10,4.65412405611365e-16,3.46937671279354e-07,1.29319633174659e-17,-2.34277128849849e-06,-4.64836229002822e-08,-7.60494125290693e-17,2.42442868320802e-16,1.7589633208471e-16,-7.04870855843231e-17,-1.8298554478071e-09,-2.42210470386608e-08,-5.51533388599835e-09,-2.94243928014536e-17,3.92243108819926e-16,-5.85226415672555e-09,4.79811834725591e-08,-2.46465086574766e-16,3.14279304160413e-16,-3.30089452492952e-08,4.81766546844249e-16,-2.43843200324384e-07,1.78934809266261e-16,2.3941813026045e-07,-2.04526553529179e-15,-5.59277003898646e-16,-1.41888587030014e-16,-2.5238834912456e-15,5.96869656574083e-16,-3.77234973063191e-15,7.09235284650361e-09,-5.00043144444409e-08,-6.48292665184579e-16,-4.4092735380513e-08,0.000817240682890081,3.0516969156598e-16,6.23194673462765e-15,9.20972902090385e-16,-4.98264960540543e-15,5.31878796825535e-07,1.5855949218587e-07,1.99650908145149e-14,3.73638916762731e-12,-0.374271478804543,4.35978771539908e-06,1.4933056424283e-08,-3.29398427363345e-14,3.01159723272147e-15,-2.58485295368789e-16,-6.64704088457349e-16,-3.50062017656469e-19,3.76423162176194e-15,-3.91207039933771e-07,3.33305248621549e-07,5.81040803270833e-08,-1.11599174648489e-15,-2.9611322001953e-16,-6.59073397479379e-16,-1.24042488661369e-15,-8.71921943051952e-16,1.30142280056506e-15,-2.08128686568158e-15,1.40396810808019e-16,1.74597994967773e-16,7.30858100542761e-17,1.65196888269151e-16,-1.89697375699008e-15,-4.9189884509562e-16,-7.65229365702602e-16,-7.88294546586273e-10,4.40261104765933e-16,2.73554974730807e-16,2.94536186568903e-16,-9.47737624469365e-09,1.21210373172577e-09,2.64582220594628e-16,2.29806369650327e-10,-6.579659553755e-09,6.87504693473056e-17,-2.00969959709699e-16,9.50236404484387e-09,3.30238711112543e-17,-7.97443415458364e-11,5.81879589126583e-17,3.44934884668115e-17,-2.41551046040527e-17,-9.43112188025135e-16,-2.9585019212539e-10,3.26822546138038e-09,-2.07523193381215e-16,9.06867146161824e-16,7.45404123254461e-17,-3.11773388677426e-16,1.1069704181077e-16,8.35020373514482e-17,-2.55286054670613e-17,4.00266421938274e-16,1.43146681874425e-10,2.27344788075708e-17,4.21517202479598e-16,9.04485659113556e-18,-9.57726084073044e-16,2.24945493447508e-16,-3.23551290403268e-16,-5.91730941314911e-08,4.23551999043712e-18,5.31785359936919e-17,2.56782799928221e-09,8.86503003106864e-17,1.90562195682367e-16,-5.97917077723534e-17,-2.2135035988314e-16,2.73543507930721e-09,-1.43881598101333e-16,-2.30123490847367e-08,-1.92478635345455e-16,-8.05530086759055e-17,4.37964026569351e-16,9.82752612876383e-16,-8.42194076606572e-17,-1.44979337541149e-16,8.85231487333419e-10,-3.02429385670368e-16,-2.65096114059768e-16,4.73676191878292e-10,-1.15603211612235e-07,1.44493497048323e-17,1.34114689226188e-07,1.23944701754226e-08,1.07910220406882e-17,-2.59123964430483e-17,2.30634215186944e-16,2.39232334395326e-16,4.9221122005312e-16,-2.36544870598281e-08,3.14206528473916e-16,-6.23466371704803e-16,-2.12296389409439e-16,9.73363679426451e-09,3.8562453010328e-16,-1.47324658318874e-16,1.18221462302214e-16,2.01583903032685e-16,-4.58653840795036e-09,4.85728236975875e-16,1.26595515494214e-10,-8.65499211088559e-18,3.16542549982074e-16,4.66240185435461e-18,5.07438129553097e-16,-8.17735250247634e-16,-1.46193317033933e-17,-3.65631377512639e-17,-2.30544732521435e-09,-4.63645895408258e-16,-1.44430079772278e-16,9.80084959444258e-10,-3.05453164518086e-16,7.5837761947531e-16,-3.17345525453975e-16,2.97920088196092e-18,1.3331423320045e-16,1.66427942528391e-16,-7.34331008750039e-09,2.00022984513251e-16,-5.47407535835587e-16,2.21721355318558e-09,3.52314705100849e-17,-2.4368614850823e-16,-1.00270804901799e-15,1.58724828285884e-17,1.08645470947069e-16,-2.61747464335684e-16,7.68555671745847e-17,5.93953714764423e-16,2.14391988762964e-16,-4.37012940768072e-16,1.08820893818859e-16,-1.21945381278702e-09,4.06518911680525e-09,-1.40667046824817e-16,-7.74718329495515e-16,2.71466376887165e-16,3.0879142719013e-17,2.56739074444567e-16,2.17457064962607e-16,-5.7551176266288e-17,4.06680131344967e-17,-4.51162460158659e-07,5.38111597393856e-16,-9.64483541514129e-17,4.87952361382412e-16,-2.00950256464129e-16,4.72982639642442e-10,3.32407952659782e-16,-7.66956833875153e-11,-3.8295373004417e-19,1.15685099860803e-16,-1.2166600652889e-16,-4.93851970888294e-17,-1.39815530847625e-16,-2.33287932996402e-16,-1.11243482001041e-16,9.61247263951016e-17,-1.57195704626226e-16,-2.38789322993866e-16,1.34806346169503e-16,-1.09709598689826e-16,1.16710454405534e-16,2.87936521470319e-16,-2.46052683576126e-16,-3.61667500568417e-16,-1.46904928403582e-16,1.18057642748119e-16,2.45305215759712e-16,-2.93510771691695e-16,6.6645907542684e-16,6.1429427435557e-17,4.24583076355187e-16,-1.33489406562837e-16,-8.21319339087155e-17,4.3103704878701e-10,-2.8017340772327e-16,-4.23670371466754e-16,2.61799809842481e-16,6.50958468070436e-16,6.07478225852827e-16,-1.89375283871219e-16,3.36722475959868e-16,-6.57425286928814e-16,2.96410715029766e-17,5.08421680647525e-17,-5.11201324326915e-16,1.72168418450502e-16,1.51092513585528e-16,-1.10813681132253e-16,-2.44719188040567e-15,3.58474995481924e-16,-2.1543241270153e-16,-5.78052438177883e-09,-2.29213721828666e-16,8.26706264959011e-16,-6.07574748654043e-17,7.66971869962959e-16,-9.08438078375825e-17,-5.63034148954396e-16,-1.32425550438135e-15,1.4126481423355e-16,9.21674036097306e-16,2.03338699792637e-09,-3.69014205057534e-16,-1.20965630453724e-15,9.34166748704066e-16,4.26273285630656e-15,2.85801649517559e-15,3.76741861023344e-16,8.05646785177604e-16,3.48585641528914e-14,-0.707106781186548,-4.88262514524934e-14,1.48154325878752e-15,9.02006833212178e-16,-8.89762178607538e-16,6.63920243103233e-09,-6.68298158075209e-16,-1.7303007169594e-17,1.94728203989928e-15,-5.63134608388971e-16,-1.84744932404947e-09,1.0464394195111e-16,6.55175524174777e-16,-3.57038694474097e-16,-7.25797359174075e-16,5.07310052010086e-16,-4.61508971152286e-17,1.94235728603012e-17,4.34308609334364e-17,-1.02395128476188e-16,-3.41842937954485e-18,5.18359430515632e-17,3.13639068569563e-17,-5.39642292895489e-17,-1.10407054804323e-16,-4.5875087076576e-17,4.6149095050715e-17,-2.17844185436659e-16
"t174",0.026653285424671,-0.0025151732533021,-0.0022251673492984,-0.00035350905772718,-0.0118632810996742,0.101934458737144,0.0173963229963556,0.000111808654577676,0.0268402001654536,-0.0208119289363252,-0.00395497859143025,0.0030123625522499,-0.00582160339981896,-0.00121507114582414,-0.0316120795675791,0.000708557092748635,0.000504374130807412,-0.000105294493126038,0.00401866100363124,0.000660697624682523,-0.000163979899286047,8.07065823826759e-05,-0.00278174351724287,0.000478556889548024,-8.7220505579753e-05,0.125588797577647,0.0067082677149336,-0.000356073333989686,0.000829707738692938,0.00169282774356494,5.86409355098918e-05,-0.00245447614516041,-0.000144780178941869,0.00136435211590326,-0.000152408074157462,-0.000199485889574955,-4.66244028569548e-05,0.214848049672653,-0.000374205555759947,1.42950276078851e-05,0.000129893917176397,-0.000270765601240793,1.34180377726076e-05,-0.000228973549344182,5.24244329322145e-05,-1.16788829852546e-05,2.18857887983861e-06,-3.25740065884808e-05,0.000450703433078489,-0.000871036735937261,5.07915298573755e-05,-4.74620338203411e-05,9.08210542851307e-07,-1.94822225262261e-05,0.000395405406503451,-0.0182750086743596,1.6283540213356e-05,-0.000135599347321179,0.000509022523144717,-5.28703108240765e-06,-5.29783288029665e-06,7.62984841695228e-05,-0.000176558382023468,0.00013288689666905,-0.000119996335530107,3.30176623727777e-05,-3.20261877855728e-05,0.0209569368469081,-0.000209089636304481,0.0595956523687311,-4.407810347815e-07,6.55134142229542e-06,-0.000461885732641245,-2.05405777652433e-05,8.89306178439118e-06,9.15920175367797e-07,-8.95456640561473e-05,1.68346262276903e-05,-0.00189622702262475,-0.10072921111198,-7.92959785784005e-05,-0.00569640469055865,0.000137074739704535,4.3799800169356e-05,-1.31303841758517e-05,-2.66517272620831e-05,2.87988376646584e-06,4.79923782136922e-06,9.32632225095744e-08,-3.42300911985831e-06,7.1967426999964e-06,3.74224594888728e-09,5.17568035167059e-05,-7.86766955043832e-06,-7.87320274041311e-07,-3.67046205295836e-06,-4.32430156092779e-07,2.58111997694229e-06,-2.98128486662566e-05,-9.65225795849375e-05,-0.000339259368578254,2.52530223111077e-07,-0.00184874443924358,2.0724726269758e-05,-1.07718265816774e-05,2.75037882542247e-06,-0.00297578822101231,-7.51786327899619e-06,9.53602086018845e-05,-4.74941962314446e-08,-5.02371497954163e-07,4.59298828854078e-06,-1.52927569466156e-06,2.7982501011361e-06,-9.29694556252463e-07,3.73129569276993e-06,-6.24769448722521e-05,7.74180252915638e-05,-0.00274926060584997,2.75146583417259e-05,-1.70388374527467e-05,4.4807793236822e-05,-0.000746289997341494,-0.00282591412114342,-5.64250502322616e-06,-5.92896856190625e-05,6.33831883877899e-06,-9.24494032611873e-05,0.000341889766303621,0.0120072241187275,9.51665842017056e-05,0.00296695155874002,9.227250846237e-05,-0.00120862943427674,-3.55974042284675e-05,-0.245920095343973,-0.00012207833993003,-5.4029218023831e-05,0.000340591581847871,-0.0011932531714511,1.65811847940191e-05,1.57022435781834e-07,0.000275958887208965,-4.25335934557134e-05,-1.37711233872967e-08,-1.97588835377138e-07,-2.70362648443503e-07,2.6760937913037e-07,1.21548486348246e-08,-3.34318198295836e-05,-9.30930342101649e-09,-2.41768567332096e-08,-2.79878847176818e-09,7.00577869396054e-08,-1.73433100442539e-09,-4.12613223753934e-09,8.25021025089579e-08,-4.27135350670353e-07,-2.54731947651427e-07,-8.62719808493451e-08,-4.71304885326543e-07,7.02114672664498e-08,-5.39841461526826e-07,-8.01244659987828e-07,5.75044655852931e-07,-4.14164241534855e-07,7.24836000813269e-06,1.24356419005773e-07,6.18841796502088e-06,6.28270467363351e-07,-1.09008903466334e-06,-1.92161348664919e-07,2.3014919028379e-08,7.70093903940558e-07,1.4885294790819e-07,2.18650419972016e-05,1.3207778247032e-08,-5.07177156456587e-07,-4.75760027439103e-06,-2.32233025178438e-06,9.23545771516595e-06,2.40990679651419e-06,-4.95030149260072e-07,-1.93194184066216e-09,-5.71798806538584e-08,-1.50706482147953e-08,-2.57328780859386e-05,6.17472379519889e-06,2.7715490917089e-05,-2.65815873507665e-06,-8.50287112730356e-07,2.18568547831841e-06,0.00147822855454197,4.98114340290961e-10,6.13160954054436e-08,-1.27280255499213e-06,-2.38390872419479e-06,-1.42249840092963e-07,1.47307403507313e-06,6.59667525805102e-07,6.5826945258072e-07,9.47151848127857e-06,-1.93404803406158e-08,-3.04321246898168e-07,-5.21861654520357e-06,-2.20717041504494e-06,3.41241450627466e-06,1.55258456945029e-06,-2.60644442748502e-05,-1.5534469265906e-08,-0.000110582399170711,1.58819279709598e-06,-7.59480344039339e-06,-1.27616807448796e-05,-7.3582869624643e-08,-5.37691231717289e-07,1.50851430810148e-07,9.64848993647994e-08,-2.43454693623675e-06,-0.00189217298766884,-2.84882723622331e-06,5.78124609930056e-06,1.31775328880873e-06,5.8121355559217e-06,-0.000503405912527421,-1.13551688368175e-06,-0.000142551694699268,-5.65198352493748e-07,-1.20889927507952e-05,-1.06333245939411e-05,2.76809737186667e-06,6.0597351307945e-07,4.44187435756478e-06,0.000259173455123108,-4.82391271677196e-07,-1.24081774617821e-07,-0.00654022930670395,2.46116597111338e-17,-2.70961128759447e-07,4.52186432719961e-06,-1.87858634663919e-06,-1.07089950982943e-05,-0.0623132599735052,-3.38994692877568e-05,2.26147901146224e-05,-5.13253664296371e-06,9.07701886204048e-07,-4.475456631271e-08,7.55647321309092e-07,-6.78666573963366e-05,1.60218974760389e-07,-1.64319634247439e-05,1.01766426403535e-05,-2.38364287985273e-08,1.2808262234024e-09,-5.21020120916669e-08,3.52239438652556e-08,-5.41576541198032e-07,-1.08340451650221e-06,1.80909211739238e-07,-2.91494687814115e-07,5.0798005875073e-07,-5.41558203808196e-06,2.95704707716552e-07,-2.62931902893917e-07,8.74728542651062e-08,-1.05195222450231e-09,-4.27155136328965e-06,6.78289778609375e-08,-5.52888851252663e-08,-1.69998534183522e-09,3.55159186600365e-08,-3.40937102685637e-08,-2.56332274809357e-08,5.56884583871096e-08,-1.34132517698101e-07,1.67182430168818e-07,-1.85485441310368e-08,0.00085102671940067,4.86597614027067e-08,-1.1631418569942e-06,6.61033993432087e-16,8.00096994890233e-07,2.36697167000933e-08,1.58504716612592e-12,5.24431401035624e-11,2.14541226695757e-06,-1.58955251611841e-08,-3.10073460585655e-09,7.785507375913e-10,-3.6937098234926e-08,2.21157161151293e-06,5.51197257498194e-08,-5.4570279286358e-09,8.43219831022604e-07,-1.04434833243682e-06,3.09481309313995e-07,-7.06225319426794e-07,1.11011157302851e-07,4.56458382390282e-08,3.01365558005234e-09,2.49174326615117e-06,-2.24990910665773e-06,1.10291042134233e-08,-0.000118244203442482,5.83450010191787e-07,-2.35263239695836e-06,0.0537258331452757,-1.81342198462095e-05,-3.14717117430188e-06,6.83369677442065e-07,6.29936237069543e-05,-1.30022965166192e-07,4.28626558838805e-07,-1.07034642573724e-07,-8.20489346873697e-07,1.11631935149069e-06,1.8169867662325e-18,-6.31812522230138e-10,-2.80775520805196e-08,1.94797323193815e-09,-1.12690573620636e-07,-1.24299036383578e-09,-2.71545721342182e-08,-5.47689666253176e-08,5.95260483653196e-08,-4.36708237624597e-06,3.01888963366716e-16,3.82388941786812e-10,-8.3897491329473e-12,-1.08838856762776e-09,4.87406602437169e-10,2.8178530759634e-06,-1.61874008280184e-09,-7.59203724671656e-08,2.21700103316976e-08,-1.03844424254612e-08,1.62553164477894e-07,-2.19078317409658e-09,-5.91499685425865e-08,-2.7321478106591e-10,-3.79391556690721e-11,-5.71060951541341e-08,2.9609887051874e-09,-5.97242001640024e-08,8.6111774480651e-17,-1.24718869007429e-08,9.16942053102304e-10,2.64074933150958e-11,1.80375403117666e-10,-6.33364057650501e-08,-3.41644676429654e-08,6.48623738027831e-11,8.6335068401542e-10,8.23698133404979e-08,1.04986055825825e-16,1.06206954877801e-08,4.41466425508182e-10,2.64753658103557e-08,-7.10734212474762e-14,-1.19516045668365e-07,-1.01516525239332e-08,1.61534507608124e-09,7.38556339610922e-08,2.79653321222209e-08,1.63762364392628e-08,5.58509163796199e-08,-2.17785429955403e-08,-1.58053544993888e-08,-1.01676104222895e-09,-7.61538590936536e-08,-9.87589947868874e-09,3.91014300484507e-16,1.87611335012894e-08,-0.00089135336111924,8.41504974131143e-08,-7.49649711800792e-09,4.30788395195598e-16,4.60551972008588e-09,-1.43014860446832e-09,4.52410140313218e-08,2.86217206932824e-09,1.15717373137477e-07,-1.21913401058839e-08,1.9063538841328e-07,-4.15345270453765e-07,-6.48902320042308e-16,-1.92279312031676e-06,3.30282772079181e-08,-9.67803493583224e-08,-2.67062156954747e-06,2.20806166265159e-08,1.857034525888e-09,-1.2490009027033e-16,9.21094663400355e-16,1.95128118991526e-09,2.37086199094647e-08,-3.15373728815354e-09,3.82141101991805e-07,-1.95431984037153e-15,2.07016868931325e-07,2.58779070193227e-09,1.1646668970585e-15,-6.21217330551977e-17,-2.51084460436093e-16,-6.51695597646853e-07,-1.7479481013808e-07,2.05677072233236e-07,-1.9796071816868e-06,-2.64449441492137e-05,-1.86377919118114e-07,8.1485588431372e-08,-2.88780557431829e-16,2.03117333289482e-08,-5.96635000743548e-08,-8.30193876107832e-16,-6.17543365741346e-16,4.45940253528847e-08,2.80870193942975e-10,2.90983610735199e-08,-1.84118738713056e-06,-3.20523871103848e-08,1.3608673215718e-07,-5.65088481243072e-16,1.26187156146041e-05,-3.43401972802319e-16,1.65880493732249e-06,-7.94882822757748e-16,4.00807934933221e-08,-2.73515814857705e-16,-1.72460413366068e-07,-4.58578551239063e-08,-2.58626543604873e-07,-0.000402369990522171,-1.09819800851925e-07,1.63904525714635e-08,-1.10292650114045e-07,-4.30129218109101e-08,-2.32537180082965e-06,-2.21277321373222e-07,-4.72481003187767e-08,1.44094000338433e-07,2.95934000719067e-06,2.53772807990463e-07,8.02239016765384e-08,6.76750595930837e-17,-8.20415173945369e-07,1.54566629690907e-07,-1.05606914739942e-07,8.31122960782973e-17,-2.26379336459021e-07,-0.000190283393069011,-2.40499912551335e-06,2.44251161419757e-15,6.05535896211118e-07,4.19734233180786e-06,-1.42735342464021e-15,5.39145513150196e-07,-2.31548673397618e-06,-3.20293318737983e-15,1.41769006072329e-14,1.2770245755531e-07,7.99900537492509e-06,5.79849613123463e-08,0.000117224197129227,-0.914622622656031,9.73548390812013e-06,4.34562260472287e-05,5.0258244730629e-06,-0.000121396634084736,2.23281679603837e-14,1.21051245257275e-08,9.11721738847792e-08,2.34336633096053e-07,2.02688723644303e-05,4.05409941849544e-15,-2.67968060593654e-15,6.04706687527883e-06,1.04679304417928e-15,-1.47037715001105e-15,1.65543307685465e-06,-2.30177683817256e-06,-4.30449592334987e-07,-2.28380061124097e-07,9.73322928909333e-06,2.53517049358886e-06,7.70894736259775e-07,7.94944585976798e-16,1.49268488385127e-06,6.7503600709785e-08,3.06576148198705e-07,-2.63500552490243e-07,9.59481750187373e-07,8.27963603851605e-17,7.0713954309799e-16,-1.71760044964618e-15,-8.46494104244628e-07,-3.68007278871883e-08,-0.000275798654734435,-5.18877211782498e-16,-2.56519476257818e-08,8.47077404669402e-16,-8.48487798986474e-16,3.69069631933858e-06,-2.43759039820761e-05,1.70393213427822e-15,-2.14591881743674e-06,-9.7809231330397e-08,9.53702676035057e-16,2.1427786204098e-07,6.27180248302632e-15,8.1318056022658e-07,7.68617385252288e-16,8.0859910054685e-07,6.27852327154084e-07,2.26688952545274e-08,2.36493875781738e-07,1.61029706853582e-06,-7.02734608443731e-08,0.000250123749538492,3.62282888700784e-17,1.16391254605208e-06,-6.54134858724041e-08,3.45593501250208e-16,-8.56869575293646e-09,-1.72815693647987e-07,3.97817744325446e-08,6.60921199162631e-16,1.2376786674724e-07,1.62765516940426e-07,-3.96936307461809e-16,-7.19982946040505e-06,-9.86114050086503e-07,-4.56098275602187e-09,-6.70525280573422e-16,-2.82709280450861e-16,7.90772945123498e-08,2.65596350078997e-07,2.14335650630036e-08,-2.95185982519721e-08,1.48120186997139e-07,3.68721474571921e-17,4.81785417222051e-16,5.37960926172646e-07,3.70571730240446e-09,3.83513806793801e-17,1.2881816200003e-06,8.31877714807681e-17,5.95738611719522e-08,-2.41916498702969e-07,-1.41242965825524e-07,-9.33635701373113e-07,6.72848840497033e-17,-7.40629207742432e-18,5.09194136811754e-16,-4.37008648336302e-17,-6.59490134430225e-09,-2.28312268419553e-08,-1.13953750220295e-17,-4.97421332370838e-17,2.29065650414725e-16,3.1915138499103e-08,2.85972622655387e-10,-1.56249366607611e-08,2.56664148517013e-17,-2.66415578834001e-16,-1.80248611175715e-16,-6.54774446209093e-07,2.00221742649398e-08,9.25534188125291e-17,3.48791389152092e-09,-9.10313007353006e-08,2.38164902067025e-16,-1.64103714306026e-15,-6.9519435243125e-07,-6.42521128527049e-10,-3.45213999201819e-07,-1.48415530949679e-16,3.64478946988479e-08,0.0028189630913675,6.49509025306605e-05,-5.11073326267327e-07,-1.24343184876934e-07,2.02496031381655e-09,1.75469704317045e-16,8.1780068195955e-17,7.47512948571894e-16,3.80440373008175e-08,-3.4437448583035e-08,-1.43443930248207e-07,-1.00876094266964e-08,-4.39488495095628e-16,1.95425915462388e-16,2.9564206778087e-18,-1.85490781985255e-16,9.74522190941962e-16,4.7649423621625e-08,-6.60041537977613e-17,-6.32940535216631e-16,-8.50439623337066e-08,4.82158580714189e-17,-7.61130227045546e-08,1.21358386553583e-16,-9.43301521457804e-08,2.4502753792248e-16,-1.13511066377834e-07,-1.41855314758199e-08,-1.1671073692243e-07,1.06614216653203e-16,4.53304571970092e-07,-1.30635029869232e-16,1.65297944656327e-05,-1.01203333981778e-07,5.59959490446403e-10,5.66325072700934e-17,9.01856075087985e-07,7.60179252305466e-17,-5.7065532482043e-06,-1.12847799635028e-07,-7.43081961776219e-17,2.0049522162941e-16,-7.35663448044987e-17,-1.90294066258524e-16,-4.18930524227272e-09,-5.45527829518503e-08,-1.21823599505219e-08,-1.4531991180565e-17,1.06656634533055e-16,-1.16741744961879e-08,9.52446368163162e-08,-2.08614609459806e-16,1.12234686357096e-16,-5.61014990281066e-08,-2.36805035595265e-17,-3.98766044026637e-07,-4.13979447776186e-16,3.45036406941431e-07,-4.31251387233089e-16,-6.29358552718943e-17,1.67614404180538e-17,-9.87201390278208e-16,7.96194957937758e-17,-8.118195750737e-16,7.08706026924387e-09,-4.96515836787918e-08,-1.00595310722563e-16,-3.6093208649806e-08,0.000606282336440554,-3.49309771118138e-16,1.34710402444053e-15,4.49472000272565e-16,-9.14290441647908e-16,2.02488571414758e-07,4.56857795128872e-08,3.69021404830319e-15,6.74969568999225e-13,-0.0676171724304987,7.25121267286619e-07,1.7512036589256e-09,-5.71608659180604e-15,6.57653120974429e-16,-1.7678454939536e-16,-3.72372067020128e-16,-3.54173343275037e-18,3.54936121890496e-16,3.34347440550009e-07,-3.22512678915532e-07,-6.3027029013092e-08,-2.37773035233619e-16,1.39307443817397e-18,7.39224616850536e-17,-3.94642277625837e-16,-1.90785404054328e-16,1.22697003493342e-16,-5.39066260922814e-16,-6.02692935233321e-17,-5.63453853021039e-17,2.01400166653566e-16,3.11770780380979e-16,-3.35897040099513e-16,-3.13545230138754e-17,7.55097864108862e-17,3.45112875066895e-09,-5.0771693558931e-17,8.09348280535119e-17,1.94514237759631e-17,4.90400342939612e-08,-6.52245463985136e-09,-2.83293600643191e-16,-1.26721448619703e-09,4.5024905929731e-08,-4.87701808881496e-17,-1.49338868134394e-16,-8.70883246772077e-08,-4.01108077513859e-18,1.11477068440151e-09,-6.33654081410531e-17,4.64182289719827e-17,2.94810461343943e-17,-1.38053187494872e-16,1.20520272163869e-08,-1.50079409123557e-07,-2.39300666485265e-16,3.11698338194946e-17,-3.70660411974693e-17,1.79294822112964e-16,-4.08744219027035e-17,2.16839929498254e-16,-1.72899805562581e-16,-3.54982902822685e-17,1.79924147950454e-09,-9.99505703699878e-17,-1.07133698807881e-16,6.94920410397465e-17,-1.78635213947176e-16,-1.9648713669573e-16,-2.68652838749267e-16,-6.25239426480071e-07,6.1480168441307e-17,-5.8635287842171e-17,2.64033904221811e-08,-6.43571301568734e-17,-2.49085345519284e-16,8.77546714083696e-17,-1.86714344820823e-17,2.19151903436973e-08,-3.75853420942147e-17,-1.78057060847081e-07,-1.06997731531044e-16,-9.49636637571526e-17,-1.13670873947431e-16,-5.77185190918025e-17,1.52533614215997e-16,-3.8573912065142e-16,6.42111966900006e-09,-1.89238601732472e-16,-4.79200332263941e-17,3.28611287262534e-09,-8.00272951884154e-07,2.06369449120824e-17,8.96222132925601e-07,8.19550249638308e-08,-9.89615013630391e-17,-8.60932545846378e-17,1.56232750213278e-16,-1.51168159872328e-16,1.31814192568873e-16,-1.36769941242595e-07,3.70334527806732e-17,-1.11110702767104e-16,-2.48664265242711e-16,5.46628327534798e-08,-7.67516165827551e-17,-5.82542439658821e-17,-3.28460870841933e-17,5.79762822957659e-17,-2.4848634782054e-08,-8.00560619647868e-17,6.78666911840709e-10,-3.8424188628136e-17,-2.46455891600124e-17,6.38472445576423e-17,4.06125816857692e-17,3.0735240836622e-16,3.04093523338912e-17,5.66476955196359e-17,-1.17325211940168e-08,-6.63258027664442e-17,-7.71217966472828e-17,4.92806592748018e-09,-1.70394251565012e-16,-4.73875960392495e-17,-3.5575428074563e-17,-5.32601903068455e-17,3.16305516043434e-17,-3.87224046231109e-16,-3.56253021912699e-08,8.36375879204357e-17,-5.18776058293121e-17,1.05949272912133e-08,9.38275612581446e-17,-1.36187284540463e-16,1.90894984564342e-16,-1.59462265127245e-16,1.40212211021723e-16,4.33540452881217e-17,1.56497306879818e-16,-2.0445237918582e-16,-3.41144002550001e-17,6.09812762473392e-17,-3.2331200812499e-16,-5.53310906780582e-09,1.8338081141409e-08,-8.72941522715467e-17,1.10214397044833e-16,8.48046176874012e-18,-1.81620711984471e-16,1.09504419421036e-16,9.04315619589377e-17,-7.34362393009533e-18,8.3286170195955e-17,-1.97659829740841e-06,2.49556509109735e-17,-1.68360250805493e-16,-2.09456521898781e-16,-2.73632171502423e-16,2.02433014409197e-09,-1.50476326732638e-16,-3.20170299992868e-10,-1.68557954141364e-16,-1.70190653138947e-16,9.0736006165139e-17,1.08187992867532e-16,6.16260143644944e-17,2.08850792293394e-17,1.06040672435401e-16,2.13281641257759e-16,-2.58180251356948e-17,-4.43240785526885e-19,6.48482519200892e-17,4.57555261475261e-17,-1.14800774809957e-16,6.54222121630436e-17,-2.67099365034321e-16,8.51545209795394e-17,-6.50752103598998e-17,1.25586930510633e-17,-2.40850083444712e-17,1.22962099873032e-16,1.40404181336873e-16,1.56723315007278e-17,-8.5993540652445e-17,-6.52985703300154e-17,-2.3176376928773e-17,1.65927417135218e-09,-1.58136103323499e-16,1.62050554327023e-16,-1.12513388551406e-17,1.59348518598835e-16,-5.8123358139115e-17,-9.09986120480951e-17,4.04821369624725e-17,3.79660346799313e-18,4.3880588560876e-17,2.48471284384301e-17,-9.24824453130135e-17,7.72158125307267e-17,-7.47286629278483e-17,1.39024054961968e-16,-1.36238037513507e-17,1.63482610983538e-17,-4.21262566415285e-17,-2.12264659995491e-08,5.63550670913758e-18,-1.18917057299875e-16,-7.84466185661765e-17,4.58445453836528e-17,-2.04592136424495e-16,-2.43073570936166e-17,1.336756105935e-16,3.19756631051189e-17,-8.23437808761579e-17,7.14718428305593e-09,1.55676303765807e-16,1.44957304514772e-17,-3.63173598573372e-17,8.92031408059994e-17,3.86758046446175e-17,3.26956395699088e-17,1.0260690007265e-16,-1.91084308233412e-17,1.84159614162308e-17,1.96729107558652e-17,1.3261337338901e-16,4.43526398195643e-17,-2.83116765008582e-17,2.24251591043348e-08,1.0272229768276e-16,-4.18443061702185e-18,-2.14790572503168e-16,-4.87457296749483e-16,-6.13276516743458e-09,-2.23297355519684e-16,8.05029033980984e-17,4.85676644605003e-17,2.51338942730177e-16,-5.25741994207403e-17,1.90000746826098e-16,1.45372017260522e-16,1.14021895919393e-17,-2.78168719194278e-17,3.80432809163575e-17,1.38228083225261e-17,6.0362281367591e-17,-2.36863833648634e-17,-4.65932351464162e-17,-9.31158368264016e-17,1.38929775324959e-16,-2.01715127099849e-16
"t258",0.026642121485247,-0.00251294884004047,-0.00222313552918615,-0.000353075889777308,-0.0118454632391051,0.101754653904457,0.0173650303514968,0.000111591413212673,0.026778524267995,-0.0207538304977029,-0.00394093124483659,0.00299913883486605,-0.00579528763627156,-0.00120949402452603,-0.0314605442434323,0.000704956335252422,0.000501748603056163,-0.000104736253561903,0.00399685206330052,0.000656795512529052,-0.000162930469922526,8.00800885513814e-05,-0.00275890221354545,0.000474604249732792,-8.64971839745867e-05,0.124495997249096,0.00664918294950806,-0.000352908030997259,0.000822127361823511,0.00167444876532232,5.79601477956623e-05,-0.00242462482089212,-0.000142885925868279,0.00134561091573797,-0.000150201797707953,-0.000196353777090096,-4.58825182330315e-05,0.211371782348953,-0.000368107183190912,1.4058382058088e-05,0.00012767786281004,-0.000266026931740932,1.3179475307659e-05,-0.00022489727951622,5.14737678442476e-05,-1.14526006571215e-05,2.14533134942603e-06,-3.19243926615059e-05,0.000441483797599008,-0.000852730172388126,4.96856321403934e-05,-4.6411736222521e-05,8.88065066869033e-07,-1.9041370791415e-05,0.000386108063669307,-0.0178428331896963,1.58581238895066e-05,-0.000131962867102306,0.000495329423886439,-5.13566917269653e-06,-5.13909939033898e-06,7.39614292117497e-05,-0.000171053943471641,0.000128725634666796,-0.000116115074789472,3.19187994718544e-05,-3.08930882897427e-05,0.0201953816727462,-0.000201398085743665,0.0573550476546146,-4.22277111488764e-07,6.25368298974496e-06,-0.00044065012540616,-1.95730925342942e-05,8.47292650939949e-06,8.72199965434204e-07,-8.52537854263814e-05,1.60114769975979e-05,-0.00179930744594318,-0.0954894243623558,-7.50470962517569e-05,-0.00538923083405264,0.000129337031618647,4.12935897106641e-05,-1.23350149070756e-05,-2.50125093521933e-05,2.7000282315174e-06,4.49877464340885e-06,8.74205894405844e-08,-3.20822239483973e-06,6.74254602874848e-06,3.49304650048426e-09,4.8293533448531e-05,-7.32392476946292e-06,-7.29868724314664e-07,-3.4004579179321e-06,-4.00608065077434e-07,2.38728134377623e-06,-2.75571153384475e-05,-8.9011810873161e-05,-0.00031225839299706,2.3239174305484e-07,-0.00170098203401702,1.8897010478004e-05,-9.81499546060639e-06,2.50470024823783e-06,-0.00270732684633173,-6.8377633703605e-06,8.66912870037924e-05,-4.3144701995638e-08,-4.56254225897124e-07,4.16533671578977e-06,-1.38664510024824e-06,2.52748816821542e-06,-8.39035179544142e-07,3.36123293350017e-06,-5.62336849963642e-05,6.95207866240592e-05,-0.00246325681331321,2.46099454488309e-05,-1.52250526699416e-05,3.99004087983268e-05,-0.000663054277955474,-0.00251051351952941,-5.0111012320767e-06,-5.25310029446526e-05,5.61467747893594e-06,-8.17262643431101e-05,0.00030042372604521,0.0105502111855863,8.35770611887001e-05,0.00259483392306239,8.0633099491448e-05,-0.00105553804784438,-3.10116104644472e-05,-0.214165658968351,-0.000105748153665075,-4.65957861174982e-05,0.000291922264721753,-0.00102256016077933,1.41939584057902e-05,1.34341439521557e-07,0.000235887950192168,-3.63450426237567e-05,-1.17673991375662e-08,-1.68423974796907e-07,-2.29307826969654e-07,2.25794893428989e-07,1.02421324430025e-08,-2.80884263507642e-05,-7.81956363180535e-09,-2.02849681839045e-08,-2.34668364759227e-09,5.8696177605341e-08,-1.44275618737254e-09,-3.42846952106742e-09,6.84957596929947e-08,-3.4774629736452e-07,-2.06348616040632e-07,-6.98311895796213e-08,-3.79832542298072e-07,5.65335968304199e-08,-4.32195116213613e-07,-6.41021773034092e-07,4.57425427493189e-07,-3.27590991154116e-07,5.63578269737915e-06,9.66297824838636e-08,4.8078682521361e-06,4.86924417644809e-07,-8.42414776102782e-07,-1.4843924086365e-07,1.76755330346656e-08,5.90343291864656e-07,1.13649289023684e-07,1.66772763857703e-05,1.00688837257513e-08,-3.82923143370173e-07,-3.55504158502149e-06,-1.73216697954859e-06,6.87646710889124e-06,1.78499410145193e-06,-3.65916844980201e-07,-1.42518560002323e-09,-4.21008849083562e-08,-1.10244323342597e-08,-1.87932861386699e-05,4.44460798969174e-06,1.99399848876721e-05,-1.90284399245169e-06,-6.00064690229166e-07,1.52356550151088e-06,0.00102592616242686,3.43422134914023e-10,4.20620420828848e-08,-8.59767514669282e-07,-1.60478736012894e-06,-9.50543337660477e-08,9.80648425825303e-07,4.26029095733938e-07,4.24492811613846e-07,6.02478927239187e-06,-1.2131963318135e-08,-1.8421217642879e-07,-3.1583982166122e-06,-1.33121390794298e-06,2.03614503169837e-06,9.19371333098218e-07,-1.51145186600057e-05,-8.76491243833465e-09,-6.09551819954377e-05,8.68947673938639e-07,-4.01173750467253e-06,-6.60278022902634e-06,-3.80498651342996e-08,-2.73411667962992e-07,7.33074867046068e-08,4.64587551112809e-08,-1.11292190278276e-06,-0.000831793973787775,-1.23467132143385e-06,2.35345023168361e-06,5.27939475754176e-07,2.28700362085066e-06,-0.000186829480017059,-4.16179904103304e-07,-5.20846073161879e-05,-1.91987022287207e-07,-3.91132073278817e-06,-3.24415983565929e-06,8.20861451959013e-07,1.7425886061922e-07,1.23949291065318e-06,7.16909732252427e-05,-1.22382083717467e-07,-2.9657215240832e-08,-0.00145674413015021,1.31201275280446e-16,-5.38411550433144e-08,8.76344882729495e-07,-2.98659570854649e-07,-1.40287988695019e-06,-0.00667716389810695,-3.58318421050466e-06,1.34210501916422e-06,-2.63240116820701e-07,4.31612540853875e-08,-1.31761511225548e-09,1.28260660250145e-08,4.25890119739804e-07,-2.68971981832055e-09,3.47730222761265e-07,-4.628903357361e-07,3.69479617780088e-09,-2.5234102817278e-10,1.21614191252454e-08,-1.1174936806347e-08,1.75189135486674e-07,4.1877928463093e-07,-7.6611575575541e-08,1.39420199332759e-07,-2.52168066716521e-07,2.79278623655806e-06,-1.60552562257299e-07,1.53667393616366e-07,-5.15441882688731e-08,7.37940708443422e-10,3.00795683655395e-06,-4.79691702775817e-08,4.08865331697164e-08,1.27792629883992e-09,-2.81052925870137e-08,2.72352978909165e-08,2.72935255263046e-08,-6.10940761250995e-08,1.50649426642006e-07,-1.98043711746463e-07,2.29155778376094e-08,-0.00115400961205964,-6.77671631501574e-08,1.65422533949924e-06,1.2406815562e-15,-1.22211170524172e-06,-3.64929786686393e-08,-2.51884570930821e-12,-8.9460539078657e-11,-3.88701661592046e-06,2.96290279328063e-08,5.86128572925151e-09,-1.75975038473121e-09,8.44488968014473e-08,-5.07192781405773e-06,-1.33163209072392e-07,1.52766910988493e-08,-2.42152129285878e-06,3.05277728746878e-06,-9.59226737080053e-07,2.74237166720529e-06,-4.74546298021884e-07,-1.96228979871006e-07,-1.29773343877464e-08,-1.3700809323378e-05,1.66900237738771e-05,-8.5151618574134e-08,0.000968761113139194,-5.14496897253748e-06,2.12272621970586e-05,-0.591409604808883,0.000202750736796748,3.62143398404063e-05,-8.02121414466788e-06,-0.000790115795017474,1.75866038844382e-06,-6.22986800306672e-06,1.60643316530833e-06,1.30167491574606e-05,-2.00271030233061e-05,5.65040588172574e-17,3.00866000098832e-08,1.53071977197673e-06,-1.33316471010673e-07,7.76875520966082e-06,8.63552613894928e-08,2.00738677997833e-06,4.58747452062514e-06,-5.87841542950647e-06,0.000652285481626871,5.30334797252192e-17,-1.51955537500765e-05,-1.2125841460053e-08,-5.06690098394948e-07,2.10585936382543e-07,0.000518944947738472,-2.35253425915894e-07,-8.80964238769974e-06,2.30800289294168e-06,-9.28465583569751e-07,1.35592698710303e-05,-1.79744840132786e-07,-4.84993342101873e-06,-2.24622033981867e-08,-3.15246557195314e-09,-4.75284424656208e-06,2.49596011535201e-07,-5.0983178127119e-06,-4.02886912400982e-16,-1.275686947505e-06,9.97218413481289e-08,2.87381939745536e-09,2.50343144948627e-08,-9.22825848870958e-06,-1.88831309744942e-05,8.45816091981029e-07,-3.07704630090524e-06,-4.9065757818613e-05,1.36971851209353e-16,-3.15924138293909e-06,-1.10028417713994e-07,-4.0375692241341e-06,9.92154641428012e-12,1.25626004178446e-05,9.91235747454416e-07,-1.52057753453348e-07,-6.46608225320868e-06,-2.18629176079883e-06,-1.18289138635326e-06,-3.80380549379709e-06,1.2630050799994e-06,9.00351264374186e-07,5.24348951350694e-08,3.34709830621829e-06,4.30730054883873e-07,9.45470158292134e-17,-6.25060926574721e-07,0.0284663405175696,-2.45764855031028e-06,1.92894511359834e-07,-5.85587772130408e-16,-9.29009180158259e-08,2.27585719522359e-08,-6.53406052377555e-07,-3.95798981126768e-08,-1.52102116194298e-06,1.46367739044068e-07,-1.99326430582565e-06,3.20252215771715e-06,-1.45275183708862e-16,1.17116349302058e-05,-1.97312652377361e-07,5.55542034823484e-07,1.45204660898324e-05,-1.19562128854301e-07,-9.90502314585061e-09,2.67147415300428e-16,-3.88150879613101e-16,-9.55964089696124e-09,-1.0812524356009e-07,1.42572251922047e-08,-1.62316694526252e-06,7.99197130405098e-15,-7.70855645533652e-07,-9.10603172755449e-09,-6.23393394083004e-17,-1.22054182264427e-16,7.42542085620951e-17,1.93322338056286e-06,5.07664082275233e-07,-5.55796197833807e-07,5.03741952205972e-06,6.68250462172132e-05,4.42188693165145e-07,-1.91937700028604e-07,1.00432131248192e-16,-4.22209767496566e-08,1.18754179392692e-07,5.13057695668889e-16,-8.14117742400445e-17,-7.50743020376373e-08,-4.54349789889799e-10,-4.46291768397729e-08,2.72511790528582e-06,4.4319128160616e-08,-1.86113858009877e-07,-1.03849505248796e-16,-1.70004731229163e-05,-2.05768162872014e-16,-2.14033798976737e-06,-2.94848780807433e-16,-5.00961833580825e-08,1.37261675648913e-16,2.07000207746794e-07,5.45929967246891e-08,2.76166478186226e-07,0.000419770365641457,1.13458320306997e-07,-1.6228927195104e-08,1.05232094058026e-07,3.76264973639941e-08,2.03259275599464e-06,1.88275679851323e-07,3.82524713351017e-08,-1.09062810857777e-07,-2.11479618162064e-06,-1.73224949334813e-07,-5.35278043893328e-08,4.49248546748832e-17,5.09621939965169e-07,-8.94819779459387e-08,4.95524805793732e-08,1.43964254525115e-16,9.95926331714826e-08,7.56677508953397e-05,9.14557749850866e-07,-2.88562713206981e-16,-2.24941053311074e-07,-1.41666194988791e-06,2.40097120931844e-16,-1.73244468576143e-07,5.34397884141307e-07,7.32019802507876e-16,-1.6888607115589e-15,-2.53159362773358e-08,-1.56294031934496e-06,-1.05646432572829e-08,-1.95780735019459e-05,0.122444083788046,-1.276175741894e-06,-5.52586227700823e-06,-4.3147193281039e-07,6.55393100550286e-06,-2.00414771583945e-15,-5.12602402924744e-10,-3.68035737416917e-09,-7.8432227515222e-09,-5.12250746977859e-07,-9.45161812125986e-17,7.12124483409326e-16,-8.59648352482212e-08,5.00775276627443e-16,-2.12809120114537e-16,8.45260808557325e-08,-1.41909300357217e-07,-2.66329713328499e-08,-1.92687922252694e-08,8.50218960603429e-07,2.23064190410922e-07,7.09810109806897e-08,-3.21819109783295e-16,1.99788556483173e-07,9.61109052174396e-09,4.45052581312261e-08,-4.18606629899454e-08,1.75625346517467e-07,-5.30221435988278e-16,4.72773149147028e-16,9.40342414291263e-16,-1.8295534149043e-07,-8.45874558771686e-09,-6.36771196767273e-05,4.1595308352325e-16,-6.25351239066665e-09,-7.80098598590335e-17,2.26685488576799e-16,1.09648924832252e-06,-7.25746752745317e-06,4.27175655959289e-16,-6.65255681080189e-07,-3.10083351686317e-08,7.25940890942542e-17,7.09472031303615e-08,1.40146066437229e-15,2.82622192426696e-07,-6.10346766997631e-17,2.82204424325629e-07,2.19827898351147e-07,7.96567327378133e-09,8.35177725088575e-08,5.75008433431508e-07,-2.61129374693023e-08,9.78402160653168e-05,5.89642972403208e-16,4.82435894233411e-07,-2.72721331272658e-08,-8.98160836189129e-16,-3.59994504498922e-09,-7.36050583557208e-08,1.7148895119375e-08,-9.35409588925812e-16,5.54781415178896e-08,7.34998375060623e-08,4.51014365315835e-16,-3.28277574432113e-06,-4.51736865112685e-07,-2.12532069397764e-09,2.32523018169027e-15,-8.72763683500906e-16,3.82799299315289e-08,1.30560490117963e-07,1.05687823928733e-08,-1.54726499810725e-08,7.83560428792192e-08,-1.64858849259633e-15,-1.61952657093932e-15,2.86359751516496e-07,1.97411740658072e-09,-1.30766509450385e-16,6.93330502779835e-07,-2.46374112330187e-16,3.23763678211517e-08,-1.33184324912457e-07,-7.78299366203997e-08,-5.16285661376772e-07,2.2978823283822e-15,-2.96563515854171e-15,3.29037693959066e-15,2.60113542113041e-15,-3.75947841966929e-09,-1.30463051855961e-08,-1.73279284220434e-15,4.73484514668589e-15,3.41342384630352e-15,1.83932765807517e-08,1.65404433941649e-10,-9.12582685485353e-09,9.88188798469303e-15,6.78981610519047e-16,-1.58998248594999e-16,-3.94519687551675e-07,1.20762799708185e-08,1.15860610979324e-14,2.12779569556314e-09,-5.57841842322469e-08,6.34657879307793e-14,0.707106781186548,-4.30449500487746e-07,-3.98201359481759e-10,-2.15193244417383e-07,5.43595123873343e-15,2.29405208320942e-08,0.00178350589983595,4.13854813961565e-05,-3.28723123610236e-07,-8.01755406111273e-08,1.31165559854154e-09,-3.27197999103795e-15,8.9846445728705e-16,-3.74861503624208e-15,2.52552776862537e-08,-2.28692359644506e-08,-9.55394817138198e-08,-6.81542092290792e-09,2.64163621072495e-16,1.67072283737913e-15,-2.36492333144857e-15,-1.27394720601225e-15,-4.32402229399858e-15,3.26424087326715e-08,6.6632645704789e-16,1.42091611514159e-15,-5.85584349685044e-08,1.29439510638431e-15,-5.24229259844003e-08,-2.04073323502604e-16,-6.49992131499339e-08,7.38968692370694e-16,-7.88750601953163e-08,-9.87590943727861e-09,-8.14858024243061e-08,-1.48782251154986e-17,3.17568493175558e-07,-1.90408800381751e-16,1.16612042210075e-05,-7.19665899393466e-08,3.9831636728427e-10,2.87611279284464e-16,6.43300638700445e-07,-1.28003865509162e-15,-4.08595341481585e-06,-8.08135027868334e-08,1.38978540820626e-15,6.2744323216547e-16,9.28751296206711e-16,-2.1641859930951e-16,-3.00733467096794e-09,-3.91815863911921e-08,-8.75442771515143e-09,4.53852717712274e-16,-2.12661531065069e-16,-8.40024051510675e-09,6.85341718332719e-08,-1.68595775760443e-15,7.75370220247983e-16,-4.0262172562729e-08,-5.9462656742016e-16,-2.85769007794246e-07,1.32723246273597e-15,2.45578217104248e-07,-1.09247698052945e-15,-4.78677206905597e-16,3.08372627074563e-16,1.61346175767032e-16,2.41885121345249e-16,6.31628542920604e-16,4.85425549196965e-09,-3.39772852996835e-08,1.3645979236657e-16,-2.38964737380566e-08,0.000393114634661917,-4.41466380791756e-16,-1.0028248944333e-16,-2.36994674120591e-16,-1.56942349021819e-15,1.01615836400762e-07,1.83917296900148e-08,9.21940041294325e-17,1.06968661229073e-13,-0.0106783541100094,7.33860541024704e-08,-3.46705334064727e-10,-7.54943762068804e-16,-4.65644449433728e-16,2.41570095010978e-16,-1.20341521085138e-16,-6.21787093946696e-16,3.87385730770568e-16,3.23904569812237e-07,-3.07497739173492e-07,-5.93144407250528e-08,-2.15855900134363e-16,-7.48721929675369e-17,-4.58786013911589e-16,1.7854124657686e-16,1.18112619949141e-15,3.99177301584036e-16,-4.02608841609595e-16,2.99189269953344e-16,-6.32375522290692e-17,-6.69196479776037e-16,7.82044761089909e-16,1.56628551769246e-16,-4.706375030458e-16,5.70330602629581e-16,3.01639631538655e-09,3.50363907379774e-16,9.26174716981107e-17,-1.32314689129946e-16,4.27554971854829e-08,-5.68383284788075e-09,-3.97757314942943e-16,-1.10396702231517e-09,3.91455416246505e-08,3.26034231829596e-16,6.50424339989164e-16,-7.55941452976584e-08,-7.41158184829362e-17,9.66706221607936e-10,1.0772679683261e-16,-3.69413643075021e-16,5.28893033258064e-17,-4.07470891219711e-17,1.04517377270508e-08,-1.30158810046454e-07,-1.72643589403093e-16,5.69394139809746e-16,-1.69924414857717e-16,2.13802001200296e-16,4.10912623372006e-17,-5.82376103257169e-16,-1.45684915106884e-16,-1.03425890305153e-16,1.57258112156347e-09,1.0657226004963e-16,3.0026801924904e-16,-5.7016654585205e-17,1.88451056858561e-16,-1.96511834976727e-16,2.97668673159541e-16,-5.4778136291687e-07,5.98395068472575e-16,-6.57701100255169e-16,2.3142908276998e-08,-1.00715580510209e-16,9.10121881126768e-17,-1.17049207352401e-18,-2.91022193335417e-17,1.93163823072812e-08,1.56764261246523e-16,-1.57104669566789e-07,-4.43311220276555e-16,3.2710544947017e-19,-2.93715026629485e-16,3.64138616991676e-16,1.16143612041943e-16,-9.86166519615975e-16,5.67763224635134e-09,-6.12193626593683e-17,2.50251198860811e-17,2.91042978666654e-09,-7.08841503456313e-07,-1.10659361720385e-16,7.94967016288203e-07,7.27285383921196e-08,-1.04114244646539e-16,-3.63641338091923e-16,1.35501792718288e-16,2.43124302566838e-16,1.45412147090084e-16,-1.2218938894418e-07,-1.74778652418128e-16,3.52080251348821e-16,4.24857659436877e-16,4.89200143472006e-08,-1.23006756574166e-16,2.68292233745722e-16,-1.53112760632665e-17,3.09345482823082e-17,-2.22889418993165e-08,1.53668559123065e-16,6.09185407636677e-10,2.0696355729102e-16,3.50453973102535e-16,-2.19264505434577e-17,3.11423820295399e-17,2.59839024603838e-17,-1.82041691547125e-16,6.97484350223383e-17,-1.05705399613813e-08,3.33830112092915e-16,9.62616435694504e-18,4.44406636921398e-09,-2.39496195981156e-17,-1.17051671285198e-16,-1.4128367520777e-16,2.43643038698406e-16,4.67094615738127e-17,-4.25068230257369e-16,-3.22186560518114e-08,1.07827524450161e-16,-1.04107334141575e-16,9.59403280410584e-09,-5.09150871582609e-17,4.21022574554231e-16,-2.55974599676342e-16,-3.03113909290011e-17,-6.22985609548773e-17,-1.24232869007635e-18,1.32834776741499e-16,-1.52926899582278e-16,8.05549152455626e-17,-1.87464732257691e-17,-7.42338579406047e-17,-5.03383555558971e-09,1.66926338670382e-08,-3.12482115345857e-16,2.32451867016332e-16,3.82368212742989e-18,-1.21211344768297e-16,1.95373231481888e-16,7.37933690529488e-18,2.03195829026384e-16,-5.13398027214924e-17,-1.80442935293273e-06,-2.33401193995811e-17,5.49520576176815e-17,-3.30500844980557e-16,2.57813620337555e-16,1.85248076375265e-09,3.50664321258043e-16,-2.93781657195917e-10,1.927785062943e-16,-3.39789578352392e-16,2.41503217942944e-20,-1.4643381454842e-16,1.63599982788172e-16,1.6818071422415e-16,1.65545352643203e-16,3.18381420692955e-17,-8.95863943771885e-17,-9.68625632758093e-18,-3.89175820391897e-17,-4.32383850453068e-16,5.10019753591565e-17,1.17240923685105e-16,-1.07170652343569e-16,-4.01558071783512e-17,4.60380241266245e-16,-7.1829987613582e-17,1.31997081544052e-16,-5.37233442273832e-16,2.35163451212106e-16,3.5714984422372e-18,-2.77725441679001e-16,8.6015606937951e-17,5.62722286050185e-17,1.53725476347431e-09,1.38887150316472e-16,-2.57127384698484e-16,-1.04578584587244e-16,-6.11157335261093e-17,-1.24744159501927e-16,1.30829989936768e-17,2.52619737868455e-16,-4.74186065441291e-16,-9.39311874155837e-17,-9.20549709208202e-17,-1.59160878920872e-16,1.58740444778922e-16,1.76764022334305e-16,3.38397806856324e-17,4.26427472686137e-17,-7.99583797499362e-17,1.03625154002571e-17,-1.97882564696666e-08,1.09567906312355e-16,-2.94707415736839e-16,2.3139044092988e-17,5.93728465579925e-17,1.79755813742276e-16,-5.71026390431851e-17,7.78776999182226e-21,-2.49865940009273e-17,1.32688711998098e-17,6.70415495929589e-09,1.54778611609557e-16,-3.99585205697246e-17,-4.44362120115858e-17,-2.70945669311383e-16,-1.33606290262023e-16,-4.59860381626201e-17,-2.21152094612964e-17,8.70296675485726e-17,-2.11097460000072e-16,-2.60691779326798e-18,7.29307086203156e-17,9.273077136075e-18,-1.22599088928193e-16,2.11605100029009e-08,7.31110507922356e-17,-9.39701574505466e-17,3.5801217962616e-16,-6.04984812246911e-16,-5.80246654367585e-09,6.60465488620145e-17,-1.27713863755549e-16,-5.86436554915066e-17,-2.00505696846989e-16,9.09665141818633e-17,-1.85577442758781e-16,2.42200886537499e-16,-1.16171661491641e-17,-2.50488873189947e-17,1.40451001441314e-16,2.3288470766518e-17,6.7356991820204e-17,1.6809321964739e-17,-4.26874122815905e-18,7.7724147604083e-17,-1.8006552712102e-17,-2.04911584380287e-16
"t341",0.026642121485247,-0.00251294884004047,-0.00222313552918615,-0.000353075889777309,-0.0118454632391051,0.101754653904457,0.0173650303514968,0.000111591413212673,0.026778524267995,-0.0207538304977029,-0.00394093124483659,0.00299913883486606,-0.00579528763627155,-0.00120949402452603,-0.0314605442434323,0.000704956335252424,0.000501748603056166,-0.000104736253561894,0.00399685206330053,0.000656795512529043,-0.000162930469922513,8.00800885513819e-05,-0.00275890221354542,0.00047460424973278,-8.64971839745819e-05,0.124495997249095,0.00664918294950806,-0.000352908030997203,0.000822127361823509,0.00167444876532231,5.79601477956779e-05,-0.0024246248208921,-0.000142885925868283,0.00134561091573799,-0.000150201797707958,-0.000196353777090105,-4.58825182330247e-05,0.211371782348953,-0.000368107183190921,1.40583820581162e-05,0.000127677862810024,-0.000266026931740957,1.31794753076607e-05,-0.000224897279516211,5.14737678442437e-05,-1.14526006570373e-05,2.14533134943771e-06,-3.19243926614803e-05,0.000441483797598923,-0.000852730172388138,4.96856321403878e-05,-4.64117362224657e-05,8.88065066872039e-07,-1.90413707914115e-05,0.000386108063669341,-0.0178428331896963,1.58581238894994e-05,-0.000131962867102325,0.000495329423886439,-5.13566917269731e-06,-5.13909939033999e-06,7.39614292117709e-05,-0.00017105394347162,0.000128725634666811,-0.00011611507478944,3.19187994718679e-05,-3.08930882897146e-05,0.0201953816727462,-0.000201398085743658,0.0573550476546146,-4.22277111531505e-07,6.25368298973585e-06,-0.000440650125406189,-1.9573092534325e-05,8.47292650942266e-06,8.72199965432511e-07,-8.52537854263958e-05,1.60114769976401e-05,-0.00179930744594321,-0.0954894243623558,-7.50470962517585e-05,-0.00538923083405269,0.000129337031618646,4.12935897106803e-05,-1.23350149070744e-05,-2.50125093521635e-05,2.70002823150742e-06,4.4987746434263e-06,8.74205894331839e-08,-3.20822239482932e-06,6.74254602874556e-06,3.49304655599542e-09,4.82935334485491e-05,-7.32392476939192e-06,-7.29868724344865e-07,-3.40045791783436e-06,-4.00608065073835e-07,2.38728134380056e-06,-2.7557115338462e-05,-8.90118108731541e-05,-0.000312258392997098,2.32391743064293e-07,-0.00170098203401704,1.88970104780034e-05,-9.81499546060775e-06,2.50470024825743e-06,-0.00270732684633175,-6.83776337036446e-06,8.66912870037793e-05,-4.31447019811097e-08,-4.5625422588146e-07,4.16533671579496e-06,-1.38664510026715e-06,2.52748816824717e-06,-8.39035179575785e-07,3.36123293350527e-06,-5.62336849963457e-05,6.95207866240732e-05,-0.00246325681331322,2.46099454488392e-05,-1.52250526699771e-05,3.9900408798344e-05,-0.00066305427795549,-0.0025105135195294,-5.01110123193846e-06,-5.25310029446477e-05,5.6146774788891e-06,-8.17262643430911e-05,0.000300423726045234,0.0105502111855863,8.35770611887564e-05,0.00259483392306244,8.06330994914151e-05,-0.00105553804784441,-3.10116104644505e-05,-0.214165658968351,-0.000105748153665057,-4.65957861175553e-05,0.000291922264721753,-0.00102256016077935,1.41939584057936e-05,1.34341439560606e-07,0.000235887950192165,-3.63450426237668e-05,-1.17673992307229e-08,-1.68423974790708e-07,-2.29307826943996e-07,2.25794893469945e-07,1.02421324652319e-08,-2.80884263507554e-05,-7.81956360751922e-09,-2.02849681828544e-08,-2.34668378600592e-09,5.86961776492132e-08,-1.44275620963006e-09,-3.42846953866291e-09,6.84957596971175e-08,-3.47746297372851e-07,-2.06348616027893e-07,-6.98311895932294e-08,-3.79832542289334e-07,5.65335968135867e-08,-4.32195116224299e-07,-6.41021773067478e-07,4.57425427492778e-07,-3.27590991132565e-07,5.63578269733644e-06,9.66297824639671e-08,4.8078682520672e-06,4.86924417619148e-07,-8.42414776012252e-07,-1.4843924084022e-07,1.76755330023852e-08,5.90343291878018e-07,1.13649289023429e-07,1.66772763857421e-05,1.00688837354461e-08,-3.82923143313362e-07,-3.55504158504172e-06,-1.73216697955952e-06,6.87646710887366e-06,1.78499410142354e-06,-3.65916844963249e-07,-1.42518558863293e-09,-4.21008849172204e-08,-1.10244323206049e-08,-1.87932861386859e-05,4.44460798968086e-06,1.99399848876575e-05,-1.90284399237962e-06,-6.00064690257949e-07,1.52356550151162e-06,0.00102592616242685,3.43422145665463e-10,4.20620421319514e-08,-8.59767514649851e-07,-1.60478736013608e-06,-9.5054333713098e-08,9.80648425861778e-07,4.26029095721573e-07,4.24492811627619e-07,6.02478927239119e-06,-1.21319633077884e-08,-1.84212176402753e-07,-3.15839821663783e-06,-1.33121390791318e-06,2.03614503171095e-06,9.19371333132045e-07,-1.51145186600281e-05,-8.76491244362103e-09,-6.09551819953997e-05,8.68947673938091e-07,-4.01173750476891e-06,-6.60278022905857e-06,-3.80498651496255e-08,-2.7341166784455e-07,7.33074867691349e-08,4.64587550874528e-08,-1.1129219027483e-06,-0.000831793973787744,-1.23467132145297e-06,2.35345023155735e-06,5.2793947554957e-07,2.28700362081544e-06,-0.000186829480017202,-4.16179904104714e-07,-5.20846073162694e-05,-1.91987022265454e-07,-3.91132073279116e-06,-3.24415983566331e-06,8.20861451910946e-07,1.74258860597606e-07,1.23949291062112e-06,7.16909732252159e-05,-1.22382083726694e-07,-2.96572154696264e-08,-0.00145674413015019,2.51799801406803e-17,-5.38411550243578e-08,8.76344882745107e-07,-2.98659570827472e-07,-1.40287988690403e-06,-0.00667716389810676,-3.58318421048388e-06,1.3421050190982e-06,-2.63240116972611e-07,4.31612540312138e-08,-1.31761515993021e-09,1.2826066048582e-08,4.25890119620873e-07,-2.68971981757305e-09,3.47730222720194e-07,-4.62890335719677e-07,3.6947962161899e-09,-2.52340980684725e-10,1.21614191163909e-08,-1.11749367924414e-08,1.75189135529717e-07,4.1877928458936e-07,-7.66115755883614e-08,1.39420199326435e-07,-2.5216806668877e-07,2.79278623653328e-06,-1.60552562233538e-07,1.53667393660714e-07,-5.15441883004809e-08,7.37940803183922e-10,3.00795683649284e-06,-4.79691703087342e-08,4.08865333233388e-08,1.27792605765371e-09,-2.81052927919727e-08,2.72352979150858e-08,2.72935256656246e-08,-6.1094076173659e-08,1.50649426610386e-07,-1.9804371171654e-07,2.29155777622106e-08,-0.00115400961205962,-6.77671631227341e-08,1.65422533960323e-06,1.2582897368491e-15,-1.22211170528734e-06,-3.64929788876039e-08,-2.51877183035902e-12,-8.94604862717114e-11,-3.88701661577339e-06,2.96290280676529e-08,5.86128576571257e-09,-1.75975032310022e-09,8.4448896903127e-08,-5.07192781400353e-06,-1.33163209108872e-07,1.52766910425002e-08,-2.42152129287607e-06,3.05277728748011e-06,-9.59226737159431e-07,2.74237166719804e-06,-4.74546297901538e-07,-1.9622897956853e-07,-1.29773345123029e-08,-1.37008093234115e-05,1.66900237737696e-05,-8.51516184486828e-08,0.00096876111313919,-5.14496897252195e-06,2.12272621969026e-05,-0.591409604808886,0.000202750736796525,3.62143398407655e-05,-8.02121414479247e-06,-0.000790115795017427,1.75866038837555e-06,-6.22986800316603e-06,1.60643316559472e-06,1.30167491573263e-05,-2.00271030233469e-05,5.71642540935678e-17,3.00866000351938e-08,1.53071977207355e-06,-1.33316471232284e-07,7.76875520958446e-06,8.63552614562278e-08,2.00738678007361e-06,4.58747452083754e-06,-5.8784154293858e-06,0.00065228548162674,1.53430115559781e-16,-1.5195553749966e-05,-1.21258414358239e-08,-5.06690098315858e-07,2.10585936364427e-07,0.000518944947738489,-2.35253426040843e-07,-8.80964238770994e-06,2.30800289294719e-06,-9.28465583598914e-07,1.35592698711011e-05,-1.79744840131336e-07,-4.84993342106716e-06,-2.24622035102334e-08,-3.15246562518747e-09,-4.75284424635695e-06,2.49596011493261e-07,-5.09831781263342e-06,-3.00200889568916e-16,-1.27568694760242e-06,9.97218412178077e-08,2.87381922254631e-09,2.50343145052876e-08,-9.22825848893232e-06,-1.88831309745554e-05,8.45816091860638e-07,-3.07704630107044e-06,-4.90657578184513e-05,-7.11949272682063e-17,-3.15924138317829e-06,-1.1002841766343e-07,-4.03756922411699e-06,9.92130723264437e-12,1.2562600417385e-05,9.91235747556663e-07,-1.52057753325262e-07,-6.466082252809e-06,-2.18629176068338e-06,-1.18289138669104e-06,-3.8038054940666e-06,1.26300508041891e-06,9.00351264500104e-07,5.24348951566609e-08,3.34709830619801e-06,4.30730054701944e-07,2.82736525297378e-16,-6.25060926601441e-07,0.0284663405175696,-2.45764855018731e-06,1.92894511650723e-07,-1.67619643296e-17,-9.29009180711987e-08,2.2758571710242e-08,-6.53406051973204e-07,-3.95798983026456e-08,-1.52102116182821e-06,1.46367738917417e-07,-1.99326430588319e-06,3.2025221579387e-06,-2.50203536066506e-16,1.17116349305995e-05,-1.97312652257232e-07,5.55542034981596e-07,1.45204660897849e-05,-1.19562129120137e-07,-9.90502291497773e-09,6.24500451351651e-17,1.79252083237728e-16,-9.55964063424525e-09,-1.08125243765506e-07,1.42572256236932e-08,-1.623166945053e-06,7.75705995487451e-15,-7.70855645504935e-07,-9.10603157326544e-09,1.30282801835592e-16,9.30698508615367e-17,-4.21112483540916e-17,1.93322338049507e-06,5.07664082279059e-07,-5.5579619804632e-07,5.03741952186628e-06,6.68250462175304e-05,4.42188693013503e-07,-1.91937700115351e-07,-1.64360934338022e-16,-4.22209766461071e-08,1.18754179498438e-07,1.73161538029884e-16,-2.40257776255176e-16,-7.50743020138319e-08,-4.54350641764859e-10,-4.46291766300175e-08,2.7251179059701e-06,4.43191278385523e-08,-1.86113857924533e-07,1.14753664223396e-15,-1.70004731226939e-05,3.66650533091668e-16,-2.14033798937418e-06,-2.32723996324014e-16,-5.0096183407224e-08,6.59285493259136e-17,2.07000207962766e-07,5.45929964756991e-08,2.76166478567511e-07,0.000419770365641284,1.13458320212757e-07,-1.62289274915336e-08,1.05232094267988e-07,3.76264965616125e-08,2.03259275589806e-06,1.88275679733454e-07,3.82524709414481e-08,-1.09062810927408e-07,-2.11479618192771e-06,-1.73224949209652e-07,-5.35278040901477e-08,-5.94963296946894e-17,5.0962193963689e-07,-8.94819782250044e-08,4.95524805318227e-08,-1.20029138880976e-16,9.959263429698e-08,7.56677508952341e-05,9.14557750215908e-07,-1.54068500510459e-16,-2.24941052964556e-07,-1.41666195002311e-06,2.32733715869755e-16,-1.73244468567185e-07,5.34397883939117e-07,1.467917609676e-16,-2.51458230731609e-15,-2.53159369072087e-08,-1.56294031987586e-06,-1.05646433194984e-08,-1.95780735015092e-05,0.122444083788048,-1.27617574310571e-06,-5.52586227782663e-06,-4.31471932732853e-07,6.55393100528942e-06,-2.11961524720916e-15,-5.12602847540857e-10,-3.68035713760716e-09,-7.84322321945367e-09,-5.12250746171471e-07,-1.03185611408255e-15,-5.65335901178376e-17,-8.5964836260981e-08,-7.9994874636328e-16,1.85388855094006e-16,8.45260814698256e-08,-1.41909299776766e-07,-2.66329713977745e-08,-1.92687919519811e-08,8.50218960479227e-07,2.23064189553829e-07,7.09810122284511e-08,1.31278093497893e-16,1.99788556865114e-07,9.61109084406796e-09,4.45052577855873e-08,-4.18606630079575e-08,1.75625346797465e-07,5.40764136314825e-16,-7.83133621884753e-16,-1.30442733801666e-16,-1.82955340082337e-07,-8.45874627327497e-09,-6.36771196770169e-05,-2.89724163190718e-16,-6.25351126521831e-09,9.3619344045418e-17,4.21408646191983e-17,1.09648924823179e-06,-7.25746752714179e-06,-6.31439345255558e-16,-6.6525568161414e-07,-3.10083352118411e-08,-3.27490065080099e-16,7.09472030503044e-08,1.42117642005993e-15,2.82622192205488e-07,4.39723350210689e-17,2.82204424164703e-07,2.19827897720073e-07,7.96567301492019e-09,8.35177728789169e-08,5.75008432958844e-07,-2.61129392035921e-08,9.78402160644235e-05,-6.20780871918047e-16,4.82435895049062e-07,-2.72721334597773e-08,9.3642027089575e-16,-3.59994654646587e-09,-7.36050598275525e-08,1.71488978439494e-08,6.39611543861053e-16,5.54781413309423e-08,7.34998372071961e-08,-3.32564431417869e-16,-3.28277574372057e-06,-4.51736864240666e-07,-2.12532242641797e-09,-1.93639439125428e-15,9.95725700777341e-16,3.82799299078845e-08,1.30560490965135e-07,1.05687849779821e-08,-1.54726507075678e-08,7.83560396137925e-08,1.92519493081154e-15,1.65321924939105e-15,2.86359750425303e-07,1.9741194060607e-09,4.09469965829142e-17,6.93330500762979e-07,1.32789171652503e-16,3.23763673452551e-08,-1.33184326284367e-07,-7.78299313195986e-08,-5.16285661396788e-07,-2.53373465600706e-15,2.95628461024582e-15,-3.35797922868161e-15,-2.61690245466458e-15,-3.7594763763815e-09,-1.30463061342471e-08,1.65643921035988e-15,-4.69625244564054e-15,-3.26207823928833e-15,1.8393276948366e-08,1.65418608272214e-10,-9.12582047962629e-09,-9.83847693428323e-15,-4.57587526897507e-16,4.47016555715773e-16,-3.94519695449377e-07,1.20762683813471e-08,-1.14336944282524e-14,2.12785661998017e-09,-5.5784191650098e-08,-6.35316379281821e-14,-0.707106781186547,-4.30449538680604e-07,-3.98119148313859e-10,-2.15193229504573e-07,-5.35643361317373e-15,2.29405277378236e-08,0.00178350589981925,4.13854813936687e-05,-3.2872311246562e-07,-8.01755435112819e-08,1.31165543682359e-09,3.36257860288416e-15,-8.3806446295284e-16,3.16811105722258e-15,2.52552762460618e-08,-2.28692371173508e-08,-9.55394801224418e-08,-6.81542323244332e-09,-6.16171089027723e-17,-1.51364317770837e-15,2.31094617746159e-15,9.84160592068101e-16,4.06376550631576e-15,3.26424080712611e-08,-6.90668860961789e-16,-1.25739756008291e-15,-5.85584366752927e-08,-1.23469465300184e-15,-5.24229243265229e-08,1.07572418191954e-16,-6.49992147920085e-08,-7.90092555287242e-16,-7.88750605829233e-08,-9.87591089554521e-09,-8.14858029465725e-08,5.25089924853141e-17,3.17568495399162e-07,2.84559283136081e-16,1.16612042202389e-05,-7.19665912035454e-08,3.98318163846907e-10,-4.29127563154818e-16,6.43300640123907e-07,1.18133297046264e-15,-4.08595341566366e-06,-8.08135023233467e-08,-1.16503295364906e-15,-7.20420327722765e-16,-8.24196231239138e-16,2.55625178324466e-16,-3.00733411695714e-09,-3.9181585371061e-08,-8.75442783561636e-09,-4.42690467205543e-16,2.71652026089452e-16,-8.40024049872825e-09,6.85341724638439e-08,1.39144139191311e-15,-7.44051014751664e-16,-4.0262172117096e-08,5.97028568457887e-16,-2.85769007612635e-07,-1.18646909050651e-15,2.45578216905604e-07,1.04587565641358e-15,4.28823525366162e-16,-3.71319294042316e-16,-2.51249866038029e-16,-2.67129020414969e-16,-5.96393047745086e-16,4.85425489523039e-09,-3.39772840809465e-08,-2.08952292962288e-16,-2.38964730643282e-08,0.000393114634662349,3.67744125701477e-16,5.86024255268685e-16,3.12972971481376e-16,1.26711362917281e-15,1.01615836533718e-07,1.83917302778275e-08,8.25982913565033e-16,1.06271276593896e-13,-0.0106783541100059,7.33860532385864e-08,-3.46705623719465e-10,-1.19629137346574e-15,7.09792698232602e-16,-3.19454171060526e-16,2.4198341894527e-16,3.10552310909095e-16,-5.24337911509239e-17,3.23904569355776e-07,-3.07497739006735e-07,-5.93144408455008e-08,1.77933711641538e-16,-1.22748712786172e-16,4.49400509091027e-16,-2.96575390398556e-16,-1.47524640382106e-15,-3.54383851130381e-16,1.69798295788504e-16,-2.1926505557687e-16,2.01233451643393e-16,6.94892587114372e-16,-7.92083213251502e-16,-5.90263656753546e-16,4.31710761098665e-16,-7.48301463999942e-16,3.01639591422538e-09,-2.56720963032287e-16,-2.18742787636658e-17,1.99416045434876e-16,4.27554979022633e-08,-5.68383210388952e-09,4.25617604129537e-16,-1.10396699672915e-09,3.91455414676181e-08,-3.0867354894104e-16,-1.81212974229767e-16,-7.55941457713397e-08,-1.43206025631278e-16,9.6670587131176e-10,-1.29647692588344e-16,3.78771085434557e-16,6.84360698922102e-18,1.76717950292114e-16,1.04517377105143e-08,-1.30158810073837e-07,2.58001519650138e-16,-6.40001246494849e-16,1.59164180234286e-16,-3.51663641853309e-16,-2.61292723569007e-17,5.75568645991447e-16,2.91832700492834e-16,1.6547298011854e-16,1.57258119422215e-09,-6.21021642072557e-17,-2.51504255468471e-16,8.05402367276103e-17,-3.30501720794378e-16,1.57589424417717e-16,-4.91420444238986e-16,-5.477813628875e-07,-5.57295553488686e-16,5.95302651942476e-16,2.31429084509278e-08,-3.85199498442974e-17,-3.80141042550093e-17,-2.37207300826327e-17,2.22108931909159e-16,1.93163823374562e-08,-1.17127195662485e-16,-1.57104669517129e-07,3.8606459112274e-16,-2.89512088541128e-17,3.61290459130719e-16,-5.59042168704312e-16,-1.0411747619746e-16,2.03013519201322e-16,5.67763180951705e-09,-2.02545164862948e-16,-1.67161098430267e-17,2.9104294797046e-09,-7.08841503798514e-07,1.14465495683247e-16,7.94967016229457e-07,7.27285383897885e-08,1.79096281500735e-16,2.77162809418343e-16,-1.05457027717853e-16,-1.53322133222419e-16,-6.32123137488618e-17,-1.22189389006988e-07,8.66246302556474e-17,-3.07982031260355e-16,-1.9520061230636e-16,4.89200142937529e-08,-5.12869068014917e-17,-3.65219815777494e-16,-1.51118682741881e-16,-4.3048833887671e-17,-2.22889419037851e-08,-1.85635462648323e-16,6.09185435526516e-10,-1.44670851513781e-16,-1.45649836414832e-16,-6.26571188577242e-18,-3.84364339035003e-17,-1.493233871561e-16,2.99612874252864e-16,-8.34234803444112e-17,-1.0570540143873e-08,-1.55712279564534e-16,8.95244501562057e-17,4.44406650935056e-09,-1.13658684062867e-16,1.31903366568026e-16,-5.60602733059477e-17,-2.0486800251137e-16,-5.3940880253436e-17,3.64666104665582e-16,-3.2218655948985e-08,-1.58734592236638e-16,-3.25502447065499e-17,9.59403277265734e-09,1.02716483670788e-16,-3.93816124258402e-16,1.38336365294976e-16,-2.37004813877026e-17,-2.07146972077932e-17,1.83723869715461e-16,-1.66987816562659e-16,1.47102120653149e-16,-6.24009188065277e-17,-1.76289457768629e-16,1.18881884171169e-16,-5.03383572957712e-09,1.6692634177554e-08,4.78023800677313e-16,-2.2250013824222e-16,4.64395853951613e-17,1.89973917913813e-16,2.11853104503668e-16,2.91583973532965e-17,-1.21037436337028e-16,5.29433680285511e-17,-1.80442935283521e-06,-2.2305047825567e-16,-1.40451509442006e-17,3.04821964344391e-16,-2.48554287645487e-17,1.8524806630957e-09,-9.54644232662757e-17,-2.93781926674617e-10,-2.51734128280852e-16,6.53440859514754e-16,-1.80197673635939e-17,1.40391065866201e-16,-3.24352352716562e-16,1.29273730218444e-16,2.69946524269149e-16,-1.77819836537508e-16,8.47720964376517e-17,-2.13512215002442e-17,1.94461278812628e-17,3.75037213707535e-16,1.26013196266445e-16,-1.26102535436806e-16,1.05203140933861e-16,-1.04186183634408e-16,-4.43357634635695e-16,1.73852701056339e-17,-1.06725522143592e-16,3.74508700002379e-16,-4.75964753721136e-17,-4.82989790517606e-17,3.31424262269055e-17,-2.57978958411967e-17,-2.67683804120532e-17,1.53725477539226e-09,4.71125214781676e-17,-3.09881568512892e-18,9.66238673524753e-17,-2.54502553779267e-16,1.360334206195e-16,-3.58260683632643e-17,-2.64890744898738e-16,1.41078131446737e-16,9.44973654767739e-17,7.08363944204288e-17,-1.0549287138284e-16,-2.1148123874575e-16,-1.76681380168508e-16,-9.78439784252217e-17,-1.7041167789491e-17,-7.44197464144856e-17,-3.95242660751039e-17,-1.97882564454664e-08,-1.02043154671714e-16,3.05479490662822e-16,-7.27619636471833e-17,-3.42757282247582e-17,-2.30027999657188e-17,-8.30381677045002e-17,-4.78157772425986e-17,-6.75469372038626e-17,4.57691196112558e-17,6.70415497658987e-09,3.8714769044984e-17,-1.94515289539205e-18,1.2146860490204e-16,2.68826358686686e-16,4.35618921451331e-17,6.78967089949894e-17,-1.35556333426475e-16,-6.60166068204674e-17,-2.31435684583856e-16,6.84135985356307e-19,-6.45217357438311e-17,4.28570971345095e-18,-2.00951611060333e-17,2.11605099833481e-08,-9.38979019779204e-17,-6.04680545164331e-18,-4.47613367646231e-16,-5.02852967598777e-16,-5.80246651513424e-09,-6.50867166518605e-17,2.38119581066476e-16,1.67931516783799e-17,7.24244623212021e-17,-7.13435552900777e-17,-1.13283175388576e-16,1.2229639347921e-16,-9.29320921887638e-18,-3.21995792254298e-17,5.77066110819979e-17,4.61197139190218e-17,5.0270196504547e-17,-2.86543912240335e-18,-2.28086138232928e-17,6.0645382851592e-17,6.92202056205416e-17,-1.90811477669089e-16
"t506",0.0263411806396,-0.00245259779650988,-0.00216798772489161,-0.000341267447969261,-0.0113578489650633,0.0968158217498006,0.0165050689636187,0.000105609172129264,0.0250715652753549,-0.0191345102084036,-0.00354509009147589,0.00262192234698093,-0.00504316847722225,-0.001049933367062,-0.0271120919438653,0.000601186968042969,0.000425944903570588,-8.85957770557194e-05,0.00336510757608354,0.000542947489996256,-0.000132083112929455,6.12756554810148e-05,-0.00206850735671327,0.000355042503804882,-6.46062516502751e-05,0.0912101739784522,0.00484648686928715,-0.000256208799743118,0.00058964159672736,0.00109492333833446,3.622580901562e-05,-0.00146279424503643,-8.08938688668182e-05,0.000725377038455607,-7.62413440762023e-05,-8.90549732899024e-05,-2.0370818495898e-05,0.0912512002945322,-0.000156935183559532,5.82546081794202e-06,4.98630277064171e-05,-9.82713953347972e-05,4.69013294017597e-06,-7.97788497594449e-05,1.74181164417724e-05,-3.15228934973488e-06,5.47056163259201e-07,-7.83143142668226e-06,9.60735829391974e-05,-0.000159180393063552,7.14325560185889e-06,-5.71290122158624e-06,1.06592152187125e-07,-1.78133592149306e-06,1.52744207154643e-05,-0.000555561945905949,-2.10934474043647e-06,2.40706653158307e-05,-9.33367811765382e-05,1.64248299989566e-06,2.20637431983686e-06,-3.6033764859829e-05,9.16880494971762e-05,-7.06179234594895e-05,7.49624863930401e-05,-2.35800302902581e-05,2.9884958454448e-05,-0.0218520350437918,0.000229178725087309,-0.0713320880636717,8.16508174754373e-07,-1.6738602203703e-05,0.0012406545280324,6.12475809634635e-05,-2.68704108692021e-05,-2.89747651500843e-06,0.000288535524764535,-5.9449417121219e-05,0.00831944423093024,0.484937688446201,0.000451581441930567,0.0337068792870137,-0.00110351844643889,-0.000391836231645829,0.000208046163184896,0.000522987847429549,-7.36557479125138e-05,-0.000128957187292588,-2.53946070788281e-06,9.6430884961328e-05,-0.000231195084091344,4.90144437843322e-07,0.00470973755615924,-0.000239626344984661,-1.15946850074563e-05,-5.0304145286923e-05,-5.90746932525873e-06,3.00693590525777e-05,-0.000329553807068025,-0.000896541028922444,-0.00279378429560916,2.05892746562572e-06,-0.0149066668106908,0.000111500809713997,-5.64961763755467e-05,1.41457604693005e-05,-0.0147897135843285,-3.701244231191e-05,0.000461739085694795,-2.24304514265423e-07,-2.35352230029169e-06,2.05205595074928e-05,-6.7942542671593e-06,1.10026622447712e-05,-3.5618969223621e-06,1.3501289530642e-05,-0.000220287769707127,0.000253896590672657,-0.00838742036064911,7.92904728547244e-05,-4.74815537892339e-05,0.000110247009109441,-0.00167806294869187,-0.00633111193214124,-1.24680372022305e-05,-0.00011785055837972,1.24801758269004e-05,-0.000163880509423158,0.000399880531302794,0.0139574762049895,0.000105598427028074,0.00191112495378405,5.0343647229135e-05,-0.000571048886254524,-5.54401301239247e-06,-0.0269021369301885,8.41456687644908e-05,8.12864000488605e-05,-0.00103302029215054,0.00368269894500279,-5.67823415037788e-05,-5.66532045511994e-07,-0.0010818834821577,0.000172087877440026,5.57404533444166e-08,1.00046505558263e-06,2.16091956019213e-06,-3.6431181646048e-06,-1.93369039292238e-07,0.000797804758517899,2.30636906457631e-07,7.28107846067357e-07,9.59743960920381e-08,-2.83582372917851e-06,-1.68415394889791e-07,-2.73581161205457e-07,4.49387462738212e-06,-5.70973340637963e-06,-2.99856636455015e-06,-9.98271065202501e-07,-5.00474122383904e-06,7.33751173858462e-07,-5.15701148659145e-06,-7.57898984610163e-06,5.05886556785486e-06,-3.42944194624428e-06,5.22491579766216e-05,8.92716188982674e-07,4.43779276206573e-05,4.43586274569974e-06,-7.56323642458596e-06,-1.32998317281006e-06,1.54238146776456e-07,5.11166378967643e-06,9.68547682476301e-07,0.000141597062851426,8.53273277762532e-08,-3.14207976906782e-06,-2.83509239885089e-05,-1.37520153403544e-05,5.43668124513133e-05,1.39481946177441e-05,-2.84709333515024e-06,-1.10437886073375e-08,-3.250202055501e-07,-8.41035311360381e-08,-0.000142971524901093,3.30868074118843e-05,0.00014834196924843,-1.40665774321298e-05,-4.36793230327164e-06,1.09711812508952e-05,0.00736309530349552,2.45340081990502e-09,2.99536022760084e-07,-6.07253182591011e-06,-1.13170629785678e-05,-6.68309275459092e-07,6.88523559882877e-06,2.96747718368659e-06,2.95599549051332e-06,4.18720457526165e-05,-8.42135705149204e-08,-1.27831760234601e-06,-2.19174616267561e-05,-9.23924535612125e-06,1.41407787179785e-05,6.38871437191012e-06,-0.000105258186550014,-6.12717335614944e-08,-0.000427781100736086,6.10650548077428e-06,-2.83884957974532e-05,-4.69298502903613e-05,-2.70475610307014e-07,-1.95073118122318e-06,5.28461867926633e-07,3.35627586767161e-07,-8.13756400698455e-06,-0.00613665422408737,-9.13801623437112e-06,1.76549931881425e-05,3.973417978127e-06,1.72743755035333e-05,-0.00142653857956112,-3.18456703113488e-06,-0.000398754388392969,-1.48612165714858e-06,-3.04573111219655e-05,-2.54027584451709e-05,6.44051428709882e-06,1.36949909265015e-06,9.75160327813167e-06,0.000564139980425331,-9.62481222950643e-07,-2.32464210666263e-07,-0.0113353318623704,-4.10513555709255e-17,-4.10504291416041e-07,6.64159335901811e-06,-2.10863990046814e-06,-8.77358135126369e-06,-0.0337396419596268,-1.77595585864554e-05,-1.72759773822763e-06,9.71734252726601e-07,-2.20255512078689e-07,2.28058022287546e-08,-5.30471616734429e-07,7.33679100557208e-05,-2.02132533733524e-07,2.19939142880411e-05,-1.8174184181425e-05,1.02583171875612e-07,-7.10557643290605e-09,3.536680764844e-07,-3.65756924063067e-07,5.7954539763238e-06,1.56266161722281e-05,-3.09857466962422e-06,6.44282330717412e-06,-1.22242834818034e-05,0.000142773428375219,-8.88463741912493e-06,9.69252988560664e-06,-3.30385335937922e-06,7.35293720344959e-08,0.000303493544158644,-4.90929989373829e-06,4.92059682012515e-06,1.64412822866098e-07,-4.60933453865693e-06,4.70229891044351e-06,-1.07373861419054e-05,1.90731346952329e-05,-4.09483947128345e-05,4.31126053471303e-05,-4.46922234901782e-06,0.207192962594008,1.23875896139297e-05,-0.000311513864041061,1.63679436873479e-15,0.000294639384342906,9.31471245379997e-06,8.30719049495012e-10,4.81749677238012e-06,-0.00103505601592599,4.94875601622495e-06,8.13389299513805e-07,-5.62353442460115e-08,2.52162720530247e-06,-0.00014874051673791,-2.92815933289518e-06,1.66836327177013e-07,-2.37088232171124e-05,2.77452771396659e-05,-6.87120837504939e-06,8.4789679664825e-06,-1.0471947237238e-06,-4.24614030524693e-07,-2.79177478246726e-08,-1.26001559884349e-05,4.84606599069839e-06,-2.06522333546252e-08,0.000175873600894552,-6.17285279199759e-07,2.1967607875691e-06,-0.00078944818659565,-8.51080585624886e-07,-4.95669872214304e-07,1.58082474708654e-07,2.92429652876149e-05,-9.17275783262012e-08,3.91927751090208e-07,-1.07193753010819e-07,-9.38423319734646e-07,1.59013307535887e-06,8.77234261567745e-17,-1.46934403049403e-09,-6.38772765889281e-08,4.05071851842381e-09,-2.33351232134941e-07,-2.56215994446424e-09,-5.37330150352405e-08,-9.72203479996382e-08,8.46920886443045e-08,-1.33474846350745e-07,1.14159404455162e-16,-5.12887628025886e-07,-4.61337393643783e-10,-2.39493168742043e-08,1.01854574932546e-08,3.69405090409978e-05,-1.96907797890148e-08,-8.91595753109432e-07,2.60998479690786e-07,-1.28285894376479e-07,2.17450830415547e-06,-3.12828565553769e-08,-8.80516377435259e-07,-4.18129256510972e-09,-6.12136336248809e-10,-9.27045861082624e-07,5.00723467262275e-08,-1.04447246011228e-06,2.12707283857172e-16,-2.99261949510668e-07,2.39598037224311e-08,6.90639791013348e-10,6.39382718646157e-09,-2.3766117797267e-06,-5.28572850611979e-06,2.40875740895473e-07,-8.78955480214717e-07,-1.41604344854926e-05,-1.75265307598108e-16,-9.20237520927846e-07,-3.21364265813042e-08,-1.1864178148294e-06,2.09831443736205e-13,3.68292346532008e-06,2.89949699569563e-07,-4.44144038088391e-08,-1.88170362552815e-06,-6.3081104114259e-07,-3.38343151205326e-07,-1.07890000791139e-06,3.45778299803407e-07,2.45144573327007e-07,1.37303705953194e-08,7.82186005751027e-07,9.984067780415e-08,-1.16905493255711e-16,-5.23300354189443e-08,0.000741195735104877,5.20593660171189e-07,-8.87787785898415e-07,6.90885416462266e-17,-8.08415214773235e-08,1.54276418113048e-08,-4.25557480179396e-07,-2.5452065045501e-08,-9.66578674852342e-07,9.16373619825839e-08,-1.23315527740223e-06,1.97995377844271e-06,1.51751579238813e-16,7.32006824140233e-06,-1.23461126883028e-07,3.48418362401434e-07,9.13642402536372e-06,-7.52484838392273e-08,-6.23962426819655e-09,2.46330733588707e-16,-1.96501375132886e-17,-6.05363586572287e-09,-6.87723933628378e-08,9.07307414120293e-09,-1.03684017574603e-06,5.14791787525988e-15,-4.96101325553978e-07,-5.87772701999466e-09,1.06515652568877e-16,-4.84562369176082e-18,-1.84351870697802e-19,1.25738255926089e-06,3.30446869445263e-07,-3.62632071905228e-07,3.29189063731369e-06,4.3676299226514e-05,2.89358265907853e-07,-1.25613399364079e-07,-8.54754591804093e-17,-2.76565168319267e-08,7.77776004392149e-08,6.38234765965757e-19,-2.37160947113213e-16,-4.90212055600365e-08,-2.96280038017642e-10,-2.90391033367671e-08,1.77012076017127e-06,2.86759786360345e-08,-1.20337144437655e-07,-2.9950744537283e-16,-1.09811627491235e-05,-7.24266999078135e-17,-1.37822682652216e-06,-1.64527679674675e-16,-3.21774326809588e-08,-6.56989633677606e-17,1.32496546754007e-07,3.49178417854142e-08,1.74669823014232e-07,0.000264772917394161,7.14803470958028e-08,-1.01694693194071e-08,6.5609053660847e-08,2.31523828245614e-08,1.25053959107899e-06,1.15317076717576e-07,2.32241922757778e-08,-6.53571951604823e-08,-1.2519200054411e-06,-1.01472900743835e-07,-3.11841629679034e-08,-1.64844934741444e-16,2.91463774157148e-07,-5.01574774339602e-08,2.58101442016898e-08,1.3701732116967e-17,5.04779842853339e-08,3.65423422178971e-05,4.31266665647168e-07,-3.37607133885625e-16,-1.04686954697249e-07,-6.2140550363235e-07,-4.20022328161689e-17,-7.34432143397125e-08,1.62679149872413e-07,-3.79543011712079e-17,-1.48256326015937e-16,-5.96013187931996e-09,-3.56850453757297e-07,-2.03430177761451e-09,-2.83025867380495e-06,0.000337102855083775,1.58204460338237e-08,1.92475567781144e-07,1.69736200107037e-07,-6.81852126168689e-06,-1.58694671986703e-15,7.78211068181672e-10,5.98676608886581e-09,1.65100234595823e-08,1.54305147694231e-06,-2.8752729856224e-16,-5.36590296411945e-17,5.06450420189662e-07,-1.1172667317548e-16,-1.93832256148988e-16,2.116536074794e-07,-3.10369023419307e-07,-5.81036476704533e-08,-3.41715581237008e-08,1.4750176721747e-06,3.85226881635332e-07,1.19160880955291e-07,1.18336970325e-16,2.69783757231517e-07,1.25507313625069e-08,5.75169452714213e-08,-5.15883302241907e-08,2.01282826664126e-07,-1.98706766266771e-16,-1.10626628048002e-16,-1.01718023590316e-18,-1.9294400629137e-07,-8.65035680054186e-09,-6.49737334426522e-05,2.5076894237968e-16,-6.20835852979279e-09,3.79690728593153e-17,1.13997380877825e-16,9.80337876242236e-07,-6.48085837574836e-06,1.66750294128271e-16,-5.80400182164264e-07,-2.66950562829764e-08,1.06865092845902e-15,5.94570847809184e-08,1.78885850867239e-15,2.29371565561436e-07,-8.60625097723278e-18,2.28374056055568e-07,1.77499338147604e-07,6.41565898505654e-09,6.70303377206772e-08,4.57855967288124e-07,-2.0179332578345e-08,7.24430717510284e-05,4.0172889263065e-17,3.37792899129557e-07,-1.89775186587859e-08,-6.08414713963907e-16,-2.48426881522745e-09,-5.00162241154458e-08,1.14886630232397e-08,-7.01638326347962e-17,3.53212455934289e-08,4.63015692811908e-08,1.52288882785346e-17,-2.03845110947742e-06,-2.78487145705918e-07,-1.27448100192224e-09,3.6422006771884e-16,2.37363189296819e-16,2.13753407139145e-08,7.05122605046625e-08,5.66758159243331e-09,-6.95439636203439e-09,3.40203411332074e-08,1.66308517214205e-18,-9.51097246076006e-16,1.21248100895876e-07,8.3314633105668e-10,-5.95936544862667e-16,2.79700382176583e-07,9.76248815997202e-17,1.2461484406963e-08,-4.77582743846491e-08,-2.77601504210011e-08,-1.80241897702758e-07,1.04819540882292e-16,-1.21191451371282e-16,2.54383865159183e-16,-1.34567195315504e-16,-1.04048387989726e-09,-3.5284311318011e-09,4.07435052269923e-16,1.21032175282693e-16,1.82788226862268e-16,4.5454742376621e-09,3.91634964814082e-11,-1.89616027671182e-09,1.54374216794086e-16,2.51101223147643e-16,2.13316777436523e-16,-3.91198697580995e-08,1.14858561463541e-09,9.80614136582296e-16,1.01418982029818e-10,-1.54358364081252e-09,9.35876283138978e-17,-2.59909090588597e-16,9.22671529796772e-09,1.01472813047312e-11,1.19611144154879e-08,-2.1451276866343e-16,-2.39529103047322e-09,-2.10679755944126e-05,-8.28911816701381e-06,8.66877198321993e-08,2.26469778668095e-08,-4.1841448715443e-10,-4.22642245859234e-16,7.39554497138685e-17,1.18244664908045e-15,-1.42018182704862e-08,1.29572884993927e-08,5.75727470710287e-08,5.49146007023169e-09,-1.22894170449613e-16,-1.53443568010631e-16,-1.96049519355351e-16,-1.06319856758855e-15,-3.6795539980044e-17,-3.47717195965201e-08,5.78224028106909e-16,1.66437950378632e-16,6.93038083148108e-08,2.9022844168906e-16,6.23892928179028e-08,-4.81208458873195e-17,7.80854096534458e-08,8.87734505108943e-17,1.1341673023442e-07,1.48185748196069e-08,1.30490567111622e-07,6.69694071621091e-16,-5.51085218369643e-07,1.92686070337517e-16,-2.41784533041895e-05,1.89692508327042e-07,-1.06124347187977e-09,2.53142502012387e-15,-1.89731163647647e-06,3.5679271006588e-16,1.4256952958734e-05,2.84392627694525e-07,-1.22452179687436e-16,-1.24482394185636e-16,-2.81527539154418e-15,7.07274275196361e-17,1.22717309592479e-08,1.66542819333772e-07,3.90563355152859e-08,-6.24197383387524e-17,-4.80624971774586e-16,4.81142502730247e-08,-3.97261090704683e-07,1.26409128075357e-15,-2.23161106173612e-15,3.40244879953829e-07,-8.73819989952906e-16,2.65405945665347e-06,-5.32870772392012e-15,-3.13314303182199e-06,-1.04959108601133e-15,-2.67822007915968e-15,-3.37723196960121e-16,-1.28195845807821e-14,-1.84260986240322e-15,3.16588852599858e-14,-1.93217080483744e-07,1.3883768277545e-06,-6.3054330301087e-15,3.2076833680103e-06,-0.825943464626546,1.82120628849032e-14,3.42830838047396e-14,8.29180097177669e-15,1.24747003047127e-14,3.26175739318358e-06,4.27667983230448e-07,8.13044416375836e-15,1.83747021567343e-14,-0.00169634159019761,-1.26111473958205e-06,-1.80625458791614e-08,-2.26408548106269e-15,-4.40812212409313e-17,9.66402889802476e-16,2.16150273451417e-15,-5.21809830230745e-15,-8.45415083651825e-16,3.95603641067805e-06,-3.58934344240956e-06,-6.63696478595558e-07,-2.80999753469396e-16,-4.1912802464024e-15,2.9563210710309e-17,1.32276992497832e-15,1.23124743071685e-15,1.98067503395129e-17,3.19502582152157e-15,-3.83353919020978e-16,9.77177467795926e-17,6.27664028895339e-16,-6.51358329465621e-16,-1.85487654693161e-15,-1.10544605866778e-15,-9.31570661681527e-16,2.09229618212841e-08,7.24130707539765e-16,1.16370407646003e-15,-7.68184900975166e-16,2.83966047840253e-07,-3.73894182458761e-08,-8.29928147419908e-16,-7.21957037959765e-09,2.43955078261262e-07,-4.50638164375468e-16,3.43648451648672e-15,-4.45919861909405e-07,-4.8801836433472e-16,5.36648692179291e-09,1.08401352956486e-16,-3.32690429713197e-17,-6.06780240296005e-16,7.84434863187056e-16,5.33615247801177e-08,-6.61066073601156e-07,-6.81186277568706e-16,1.01502912285573e-16,1.50639920236721e-16,1.60373198646332e-16,2.96854554826531e-16,-3.13107240921748e-16,1.56656257448888e-15,2.58381956215315e-16,6.45134595678683e-09,7.45953192409614e-17,-4.17875560744548e-16,2.80674602667789e-16,-9.24741519076087e-16,-9.65325671777776e-17,6.0409141197321e-16,-2.16941107625259e-06,9.50208850127196e-17,6.93183295424818e-17,9.10898175606426e-08,-1.53848842070256e-16,-7.12910621428015e-16,9.39076094411421e-17,-2.64051215723618e-16,7.11583490777203e-08,-1.63362723404365e-16,-5.72555010417544e-07,3.66544467490298e-16,-2.52568745662951e-17,1.60041774724302e-16,-3.59491921297981e-15,-3.07590659557618e-17,7.33990129036275e-16,2.02609179391895e-08,-1.49182546451056e-15,-1.24754639395242e-16,1.02276518652369e-08,-2.48907875931536e-06,3.14234889671744e-17,2.75627267535631e-06,2.51181316211478e-07,-1.05121313045112e-16,1.34222749743141e-16,2.51097792260825e-16,-7.99758328614655e-17,-3.22989782321779e-16,-4.00236057109552e-07,9.42015794879477e-17,-4.02159875726305e-16,3.1707928058693e-16,1.58268818106808e-07,-1.52670917967638e-15,-4.63535972858818e-16,7.4836499747532e-17,-1.50878608166829e-16,-7.09899320108888e-08,-3.86875550027707e-16,1.93118297553286e-09,-8.40378382596527e-17,1.08476909731308e-16,-1.16080434177791e-16,-5.39567818076546e-17,-9.32261369488763e-17,7.63257083112795e-17,1.10601027410042e-16,-3.27264035275911e-08,-1.51381683670289e-16,-4.83495935106954e-16,1.36821345559437e-08,2.47430940198774e-16,-3.09066572119408e-17,-2.77930728049354e-16,2.52654348852831e-16,1.75663462214052e-16,2.18844405375202e-16,-9.75310673978977e-08,-3.73346578119963e-18,-2.03839762143493e-16,2.88326718563875e-08,-5.69034202529026e-17,2.55572482821903e-16,-1.39539044710496e-16,2.58359184083889e-16,-5.13761636784092e-17,-1.60579183806321e-16,6.5397760087053e-17,-2.26488971535144e-16,-6.44779470118e-17,2.95892391120073e-16,-5.33753171923992e-17,-1.47506564117063e-08,4.87736592700824e-08,7.20223791545234e-16,6.81990944147135e-16,-1.68857454576358e-16,-1.31361381491328e-16,-1.81495443674073e-16,-1.06611804472189e-16,1.83923786903836e-17,-4.1245058894247e-16,-5.19611603023208e-06,-2.2772885409531e-16,-1.51291131713185e-17,1.77322535245242e-16,-1.02781838821853e-16,5.27214880636757e-09,2.45448242300698e-16,-8.2561063625644e-10,7.01389841828914e-17,1.34486550173343e-16,1.49539463798913e-16,-2.45531921578421e-16,-2.41392424992918e-16,-3.82026623173925e-16,6.4764704279964e-16,1.33486759722366e-16,1.47390738725525e-17,-1.94191447000815e-16,1.23514209463887e-16,-1.58660611111872e-16,2.48362551527892e-16,1.37667278473755e-16,-1.354663167006e-17,6.45563711183392e-16,1.08888386697786e-16,1.7669603461703e-17,-5.62639240641857e-17,1.78583449488386e-17,-1.30321101132758e-16,4.2639083212579e-17,3.84020808262126e-16,-8.39106900097799e-18,3.4387836081658e-17,4.14472313331328e-09,4.35114946752181e-16,3.09455683278769e-16,-6.49102099599395e-17,-7.38925811430904e-17,-2.09388104278834e-16,-5.25734860265977e-17,-2.50656349241533e-16,1.2044393871182e-16,9.63183884577326e-17,-6.83853492869885e-17,-3.82506526452886e-16,-1.08090996758481e-16,1.10054443746627e-16,4.05498622661437e-17,-9.40553243181724e-17,-1.74381972506107e-16,2.32927331311428e-17,-5.2079660229747e-08,-9.23756006631327e-17,3.56427804413373e-17,2.64433508244744e-16,-1.40144292434209e-16,-2.13461145605153e-17,2.51719464395426e-16,1.21004955238836e-16,3.94938749418875e-16,3.3576716052348e-17,1.72566511716523e-08,1.30477467304857e-16,-7.83934285339061e-17,-2.78369341953392e-16,-3.19102448121761e-17,-1.94121521408945e-18,6.31241790689348e-16,1.71453829390419e-16,5.64549291335387e-17,-1.01271613246155e-16,-2.40821109794343e-16,-1.13854323158961e-16,-1.28086327340524e-16,-4.8691394966637e-17,5.33913597382254e-08,-2.6223883281398e-16,1.87739184074704e-16,-1.1338317838093e-17,-5.85686013576669e-16,-1.4515374952296e-08,-2.25541565209624e-16,8.74217206861332e-17,-2.30881900956968e-16,-6.67705428519449e-17,-1.13364793508918e-16,1.25115271131994e-16,3.73473309539906e-16,1.9315354404392e-16,-4.65642085958825e-17,1.23128990163188e-16,-1.59690816820053e-16,6.12580986500882e-17,1.07926548948175e-19,1.75105190276571e-16,2.13035388983505e-16,2.44259423941718e-16,-1.13312063814502e-16
"t952",0.0263466039605275,-0.00245366126811144,-0.00216895815221372,-0.000341472088641403,-0.0113661844803655,0.0968991501158162,0.0165195528793415,0.000105709198038565,0.0250995950605193,-0.0191604293775484,-0.00355117505736685,0.00262745979395168,-0.00505412871198313,-0.00105224944488208,-0.0271744854382323,0.000602651449157407,0.000427007062747898,-8.88206725036108e-05,0.00337384571856491,0.000544477984074971,-0.000132485522655182,6.15005058394217e-05,-0.00207651785576083,0.000356425195190229,-6.48588346671723e-05,0.0915835483223588,0.00486655783256139,-0.000257279247100323,0.000592170339603763,0.00110045529100707,3.64207874550922e-05,-0.0014710196369269,-8.13809958982465e-05,0.000729948405933599,-7.67458796874327e-05,-8.96904031942686e-05,-2.05179740271248e-05,0.0919206349363823,-0.000158094147037842,5.8691079722836e-06,5.02471218126139e-05,-9.90463057178823e-05,4.72765521208802e-06,-8.04178615714536e-05,1.75600091966467e-05,-3.1795676881963e-06,5.51875594156442e-07,-7.90100159889154e-06,9.69469428717508e-05,-0.000160663267238094,7.21195597646598e-06,-5.76865273679215e-06,1.07634581820389e-07,-1.79907160474321e-06,1.54318155381402e-05,-0.000561316084527889,-2.13321509608153e-06,2.43494265305251e-05,-9.44206578344255e-05,1.6626290954911e-06,2.23453447596344e-06,-3.65025823115351e-05,9.28993913006555e-05,-7.15544755755385e-05,7.598489701221e-05,-2.39096445863865e-05,3.03251902592979e-05,-0.0221813527311807,0.000232668593726469,-0.0724385851949811,8.30403635299293e-07,-1.70427650151971e-05,0.00126341974432766,6.2393972035972e-05,-2.73745941041374e-05,-2.95230504391911e-06,0.000294013749969009,-6.05966861481654e-05,0.00848587653199304,0.494777766822587,0.000460965726626371,0.0344109200232978,-0.00112742576712249,-0.000400417213262211,0.000212811967454103,0.000535112322832373,-7.53838615740489e-05,-0.00013198861569584,-2.5991864216034e-06,9.87017094729297e-05,-0.000236664031029986,5.02231981103912e-07,0.00482632048934903,-0.000245707196981155,-1.19013692759669e-05,-5.16428639063148e-05,-6.06472652042576e-06,3.08821899785601e-05,-0.000338512692976792,-0.000921431914644959,-0.00287266681769272,2.11714774640708e-06,-0.0153288873276305,0.000114896626639257,-5.82258510352543e-05,1.45806109960483e-05,-0.0152476471757049,-3.81607556159577e-05,0.000476115364268254,-2.31325623598457e-07,-2.42731930626817e-06,2.11706223941562e-05,-7.00974857146738e-06,1.13609719684149e-05,-3.67853764775846e-06,1.39487705303701e-05,-0.000227628117765249,0.000262481072532166,-0.00867495637093347,8.20368853165182e-05,-4.91357795049405e-05,0.000114164846669358,-0.00173845345127949,-0.00655906681638815,-1.29177647592397e-05,-0.000122156157950574,1.29366132142891e-05,-0.000169939550469689,0.000415121843521922,0.0144896387178492,0.000109634434456185,0.00198563467394776,5.2313984442998e-05,-0.000593460663053576,-5.76407168153554e-06,-0.0279716303640785,8.75703275569616e-05,8.46565562696036e-05,-0.00107692374780437,0.00383932223800863,-5.92073821546436e-05,-5.90778766458533e-07,-0.00112834459950102,0.000179487743566698,5.81373627971471e-08,1.04388680232466e-06,2.25643170938888e-06,-3.80710324697672e-06,-2.02112222952044e-07,0.000834234267142483,2.41176501083714e-07,7.61505014946333e-07,1.00386231957221e-07,-2.96650753188634e-06,-1.76353325502479e-07,-2.86521848268269e-07,4.70697489514658e-06,-5.99595369705293e-06,-3.1508603118672e-06,-1.04907343116251e-06,-5.26223992857213e-06,7.71587774054245e-07,-5.4266541629851e-06,-7.97593390593076e-06,5.3273834663683e-06,-3.61380909023831e-06,5.51614864798718e-05,9.42537966563165e-07,4.68554216786834e-05,4.68470571848894e-06,-7.98991805299011e-06,-1.40507526840955e-06,1.63043520866043e-07,5.40449540471509e-06,1.02444634990035e-06,0.000149784049670442,9.02654522471787e-08,-3.32704768771226e-06,-3.00491077413997e-05,-1.45781884711785e-05,5.76422018709918e-05,1.47955188791688e-05,-3.02059944550653e-06,-1.17189075772468e-08,-3.44947212100747e-07,-8.93104952597892e-08,-0.000151844429875568,3.51829516802317e-05,0.000157746215802458,-1.49644376165575e-05,-4.65196156571715e-06,1.16955304551013e-05,0.00785176787674624,2.61748943347107e-09,3.19684700803506e-07,-6.48796630443809e-06,-1.20941031636393e-05,-7.14548443368818e-07,7.36343263435358e-06,3.1796357391828e-06,3.16761795240292e-06,4.49060433653294e-05,-9.03875735261077e-08,-1.37466682449069e-06,-2.35696305759091e-05,-9.9374711652573e-06,1.52176598835574e-05,6.87782947910928e-06,-0.000113429996490175,-6.61104780545627e-08,-0.000462024601786623,6.59735983412681e-06,-3.07131778876748e-05,-5.08121956217735e-05,-2.9285711513061e-07,-2.11342774515019e-06,5.73416459864003e-07,3.64285890575935e-07,-8.84634855483531e-06,-0.0066784563444765,-9.94857300350133e-06,1.92510854528423e-05,4.33424798259541e-06,1.88507789719174e-05,-0.00155866363626508,-3.48039771242447e-06,-0.000435823688330843,-1.62650007727955e-06,-3.33620612374288e-05,-2.78512785671334e-05,7.06427964911685e-06,1.50279191456357e-06,1.07051081313396e-05,0.000619373089644504,-1.05785024828128e-06,-2.55669732077081e-07,-0.0124759505128188,7.07906414835595e-18,-4.52284407590652e-07,7.31909159906903e-06,-2.32711263205372e-06,-9.69345764214334e-06,-0.0373116359804039,-1.9640843811189e-05,-1.91389994960568e-06,1.07683765095981e-06,-2.44111157882383e-07,2.52920675432838e-08,-5.88558165148207e-07,8.14662420794471e-05,-2.24522890383749e-07,2.44337449636211e-05,-2.02063598894868e-05,1.14436311873449e-07,-7.93606217688262e-09,3.9539800080234e-07,-4.09803814924594e-07,6.49438984085309e-06,1.75379765559116e-05,-3.48056352359467e-06,7.24598617386651e-06,-1.37535922623847e-05,0.000160701515528336,-1.00060364146239e-05,1.09252192445445e-05,-3.72439828204619e-06,8.30695421690534e-08,0.000342887901445819,-5.54685337507292e-06,5.56291751856152e-06,1.85915917827657e-07,-5.21585085998082e-06,5.32174620254438e-06,-1.22039607418147e-05,2.16885467385649e-05,-4.65810096370665e-05,4.9085439260092e-05,-5.09192781236442e-06,0.236433588269539,1.41423141799493e-05,-0.000355769813079299,2.45726535991865e-15,0.000336920334079423,1.06531430323431e-05,9.50597903090114e-10,5.51976296457658e-06,-0.00118725065254011,5.67940452653613e-06,9.33723406047128e-07,-6.47730842004956e-08,2.9051004261262e-06,-0.000171370173466665,-3.37703065451932e-06,1.92962132895447e-07,-2.74351624961433e-05,3.21171529786742e-05,-7.96303512003407e-06,9.86972748524288e-06,-1.22124407263995e-06,-4.95241390090626e-07,-3.25624550231841e-08,-1.47655210465329e-05,5.7103106621328e-06,-2.43526923826473e-08,0.000207603732824533,-7.29582720843776e-07,2.59741935439903e-06,-0.000936522753856351,-1.00989031400753e-06,-5.88431450079892e-07,1.87725785046646e-07,3.47626136857975e-05,-1.09167059898961e-07,4.66941860197058e-07,-1.27770300476681e-07,-1.11945203851099e-06,1.90012254252643e-06,4.13484588260688e-17,-1.77451820753044e-09,-7.72274203981651e-08,4.90524303098892e-09,-2.82591747647285e-07,-3.10297060210654e-09,-6.51006862882231e-08,-1.17876762245291e-07,1.02778735950285e-07,-1.62275731670965e-07,4.41621136548714e-17,-6.26199475596538e-07,-5.63558581200922e-10,-2.92891299659085e-08,1.24581289891836e-08,4.53108427533738e-05,-2.41904140744489e-08,-1.09778151450796e-06,3.21851027512374e-07,-1.58727382776027e-07,2.69888657044306e-06,-3.8904349632941e-08,-1.09627711344413e-06,-5.20954040804364e-09,-7.63628770731207e-10,-1.15663319442853e-06,6.25288160174317e-08,-1.30521205479987e-06,-1.98011036398326e-16,-3.75929906347506e-07,3.01310219023507e-08,8.68534192021697e-10,8.06592754174567e-09,-2.99956250987705e-06,-6.71037486281677e-06,3.06313680972143e-07,-1.11811118691513e-06,-1.80361614084275e-05,8.63546254815026e-17,-1.1738071125545e-06,-4.10137369202707e-08,-1.51722683778515e-06,2.68540552213635e-13,4.72024495335554e-06,3.71810361438555e-07,-5.69692419989974e-08,-2.41496827323187e-06,-8.10342718932925e-07,-4.3494552299224e-07,-1.38771433530311e-06,4.4548574402961e-07,3.15895633204845e-07,1.77132755149709e-08,1.01111734427304e-06,1.290755029812e-07,8.31822508374711e-17,-6.79227106758582e-08,0.00096271783911639,6.7722416078629e-07,-1.15760439215696e-06,-1.10300464578222e-16,-1.05949238686329e-07,2.0336656542802e-08,-5.6244614007677e-07,-3.36806586589307e-08,-1.28096675265846e-06,1.21778848269951e-07,-1.64617934858953e-06,2.67324846768954e-06,-1.38928692097825e-17,9.98481020493293e-06,-1.68556670996885e-07,4.76579376058454e-07,1.25299915496451e-05,-1.03219094196785e-07,-8.56532953636737e-09,-1.99493199737333e-16,2.96776700278726e-17,-8.34589795665829e-09,-9.51724622930681e-08,1.25619406592469e-08,-1.44044477972621e-06,7.01335968952181e-15,-6.94442411402118e-07,-8.25559057556427e-09,-1.83160655493519e-16,6.10361912052163e-17,-5.05946141358412e-17,1.78518365403725e-06,4.698081928205e-07,-5.18061317835221e-07,4.72229511934019e-06,6.26851297929771e-05,4.17142633597963e-07,-1.81179206372303e-07,-8.41626893455245e-17,-4.02564924761858e-08,1.13581552959553e-07,-2.82849300381003e-17,-2.37711150656298e-17,-7.25223490137876e-08,-4.39714745649075e-10,-4.3282813723607e-08,2.64602238134022e-06,4.31062370286432e-08,-1.81057609234018e-07,1.36860152392806e-16,-1.65427188049167e-05,-1.14623487943376e-16,-2.08375076134657e-06,-1.63877158371184e-16,-4.87795165420095e-08,2.992321723744e-17,2.01546953448851e-07,5.31521264612604e-08,2.6836213370193e-07,0.000407610596728147,1.10134255412439e-07,-1.57262213233699e-08,1.01784134916169e-07,3.61889046799279e-08,1.95481817286268e-06,1.80682454436366e-07,3.65453025708849e-08,-1.03445557887181e-07,-1.99133590498603e-06,-1.62041255546906e-07,-4.98947694668963e-08,7.07338395272403e-17,4.69186936234383e-07,-8.12216000775806e-08,4.25205984310022e-08,1.05069420387356e-16,8.35847793793285e-08,6.09835500846446e-05,7.2214968648356e-07,1.85201199275907e-16,-1.75603058079088e-07,-1.04966688888383e-06,-9.96557487587967e-17,-1.24491736621556e-07,2.81756224889206e-07,1.74168354927176e-17,5.98340092392167e-17,-1.04132099322658e-08,-6.23962783685046e-07,-3.57031179124078e-09,-4.98924955671427e-06,0.000600321699524596,2.81985381217818e-08,3.43503589789073e-07,3.07187004227532e-07,-1.24860696707292e-05,1.48687485934662e-15,1.43153217953838e-09,1.10213871538255e-08,3.04783283214871e-08,2.85809870582177e-06,9.82575137381169e-17,5.34170654274469e-17,9.42418119235774e-07,7.27702706622871e-17,-5.2298985105508e-17,4.05979170479101e-07,-5.98594035612957e-07,-1.1207471334367e-07,-6.67229104828782e-08,2.88494781526465e-06,7.53726854794968e-07,2.33693236339859e-07,-2.29590092834111e-17,5.42866310291613e-07,2.53993345368961e-08,1.16620345501707e-07,-1.05608396252529e-07,4.1959162289554e-07,-3.35325671782129e-17,-8.25251109982035e-18,1.77570517801177e-16,-4.13471227073824e-07,-1.87713686245944e-08,-0.000141130576320468,-4.40828571720414e-16,-1.36550534265379e-08,-8.41929366248888e-18,-2.72549892189142e-17,2.28936981718297e-06,-1.51468929039246e-05,-2.39608680119296e-16,-1.37852600916985e-06,-6.40199957126058e-08,-7.68600316529376e-16,1.45538028887739e-07,3.52832725944743e-15,5.7623005017629e-07,-1.5017580003207e-16,5.75108472342908e-07,4.47831474079389e-07,1.62212362779242e-08,1.69984676214005e-07,1.16899887707857e-06,-5.29023929474268e-08,0.000197598693784329,-1.33814077278111e-17,9.72968085141003e-07,-5.50017288667195e-08,2.28356053543999e-16,-7.26053445255086e-09,-1.48476893318608e-07,3.46029140435646e-08,2.1795327687854e-16,1.12148417729781e-07,1.48654956225727e-07,-7.24702421258828e-17,-6.64447463384455e-06,-9.14700763630852e-07,-4.31060952053833e-09,2.04798676076776e-17,-2.40986013363989e-16,7.80258160410683e-08,2.66797282154452e-07,2.16089659304319e-08,-3.20854660895598e-08,1.62929761884451e-07,8.24130807548049e-17,4.61368685086226e-16,5.96605321861941e-07,4.11393557701324e-09,1.89844134874213e-16,1.4498214293673e-06,-9.86143607840499e-17,6.79373154520664e-08,-2.80869852873652e-07,-1.64194138052412e-07,-1.09076649002582e-06,-2.25496352879455e-16,3.5753938654841e-17,-5.7137334963914e-17,1.65454649445971e-17,-8.05513757521113e-09,-2.7987740915985e-08,2.3488201287794e-16,-1.13647031436508e-16,-5.69595094512926e-17,3.96383145689887e-08,3.57187482021157e-10,-1.98171285135074e-08,-7.19096320358726e-17,-1.14925430283463e-16,-1.95047970830142e-16,-8.74137121083419e-07,2.67761597959701e-08,-4.35258808032087e-16,4.75448602843929e-09,-1.25003068578572e-07,-8.89510396904739e-17,-2.23891760163762e-18,-9.69481500118537e-07,-8.96952632613091e-10,-4.84616884295014e-07,-4.66404543534233e-18,5.00509533394642e-08,0.000344840753576672,0.000103449075495043,-8.0806225103386e-07,-1.97267688878803e-07,3.23897773934167e-09,2.11073419689342e-16,-1.76814521223485e-17,-6.17212623782271e-16,6.48860336620002e-08,-5.88001037747756e-08,-2.47223584865716e-07,-1.8284430963868e-08,4.05324403309849e-17,2.12857921270602e-16,2.88979642074033e-16,4.92117715311518e-16,8.78695223007322e-17,9.16108859549734e-08,-2.49468677796953e-16,-1.41180483058458e-16,-1.6766348699865e-07,-2.76614920219057e-16,-1.50262801932804e-07,-6.45278776313364e-18,-1.86660657016515e-07,3.22368570599254e-18,-2.35472568883274e-07,-2.97803858536966e-08,-2.49671165532128e-07,-2.39614123265394e-16,9.93481804765152e-07,-2.14120881712715e-16,3.83771028354571e-05,-2.56300951834868e-07,1.42401285992779e-09,-1.06692785392315e-15,2.38793683484233e-06,-2.84906025531273e-16,-1.62264414133753e-05,-3.22091079092693e-07,1.67351874943154e-16,1.89798444171415e-16,1.35232646806304e-15,-4.29238288445058e-17,-1.27964235164231e-08,-1.69915018052379e-07,-3.88497145257246e-08,1.95908851044314e-16,2.59559379762746e-16,-4.2379469253637e-08,3.48018251751514e-07,-6.36489926371672e-16,1.19627734035445e-15,-2.55681630287616e-07,4.22844244694465e-16,-1.92937793181068e-06,2.79275977883021e-15,2.06673812563109e-06,4.69169609891466e-16,1.02481205134675e-15,1.07884702024102e-16,6.36226150362423e-15,8.48507417398477e-16,-1.52001222212016e-14,1.03902902044796e-07,-7.44550808400773e-07,3.05476148227848e-15,-1.59699832338476e-06,0.398402544900012,-8.83434459646913e-15,-1.66294162042859e-14,-3.77797765519521e-15,-6.74564363773467e-15,-1.36671005027041e-06,-1.73201384837667e-07,-3.94276271921541e-15,-7.25900243193305e-15,0.000661043828921748,4.88959732151591e-07,6.88396710731102e-09,1.25499389038157e-15,-1.74317843887625e-18,-5.01655629477865e-16,-1.12983503280414e-15,2.54546671996718e-15,4.40994315163636e-16,-1.11524227039358e-06,9.81103745784651e-07,1.75837093236888e-07,1.52948013588738e-16,2.1784437518452e-15,-3.40865011530226e-17,-7.36044444977647e-16,-6.79017116790472e-16,-1.40634764465909e-17,-1.51012123736597e-15,2.09089093713406e-16,-9.21002099910077e-17,-3.42195876631749e-16,2.95160023254747e-16,8.09919161706834e-16,5.78215598008419e-16,4.1679896911489e-16,-2.88833997448449e-09,-4.42743320426106e-16,-3.06500384570826e-16,3.75841476357104e-16,-3.4942463546047e-08,4.47349519921858e-09,6.09430317309734e-16,8.48612937491062e-10,-2.43483454877425e-08,3.05893739832956e-16,-1.1374865698609e-15,3.49900302876776e-08,3.64406165856037e-16,-2.86611713456892e-10,-5.91062940196706e-17,1.50261126188052e-16,2.76885571176658e-16,-4.3508591583531e-16,-8.61108842750237e-10,9.05731388231847e-09,3.45162511937127e-16,2.38039949766316e-16,-4.92360512247939e-17,-3.19096822209909e-16,3.41523684332934e-17,3.8941966104435e-16,-1.19539158909916e-15,-2.00276779346576e-16,6.35031426587405e-10,-5.33082441353011e-18,3.2525632170852e-16,-1.54694750389599e-16,-2.23897288035362e-16,2.67528048434967e-17,1.7548107114645e-17,-2.59354691168806e-07,-2.41481613780841e-18,-1.43963644652704e-17,1.12347963159466e-08,3.39295642536859e-16,3.84254636094928e-16,-4.0210013649695e-17,-7.21662515018869e-16,1.17833682668582e-08,3.12236762313505e-17,-9.89147350328173e-08,-4.7226542046607e-16,2.51510457448298e-17,-1.16259084775664e-16,8.50509593986306e-16,-4.93457258819519e-17,-6.30514686621175e-16,3.78939031893355e-09,7.55808600482632e-16,2.17343238486741e-16,2.02169746420632e-09,-4.93334848598014e-07,1.22131672976464e-16,5.70951513717017e-07,5.27265612326565e-08,4.52982660117489e-16,1.9100136987006e-17,3.45209514289794e-17,8.51257616984221e-17,1.12499736063933e-16,-9.95981425853796e-08,-1.85551292120362e-16,-7.82818900183834e-17,-2.10471484098723e-16,4.08811503969837e-08,6.39429433499169e-16,3.023986938428e-16,-1.79641405701824e-16,1.64137939186061e-16,-1.92006421739854e-08,1.97029496591626e-16,5.29439125439823e-10,3.80480064412958e-17,-2.60973687085827e-16,-7.03150800149315e-17,-2.87743162131979e-17,-9.90691142080935e-18,-2.49295278400311e-17,-7.64847688055522e-17,-9.5915931901378e-09,-3.0441024761132e-17,4.36711607780852e-16,4.07234625822943e-09,-1.81631216423931e-16,-5.03194400836197e-16,2.10039372182497e-17,-5.53214919981899e-17,-8.31135445226743e-17,-6.59468090441552e-17,-3.03909951283337e-08,1.04287824334357e-16,5.92726212299871e-17,9.15994178739432e-09,-1.0246815810555e-16,1.42724787531453e-16,5.1300427672151e-16,-2.50712285091505e-16,2.47205373159837e-16,1.97350497495098e-16,2.64844541930722e-17,2.98894437228324e-16,1.03058746571951e-17,-2.41917073497759e-16,1.47106862390821e-16,-5.00547279572463e-09,1.66734809153138e-08,-3.45773893655943e-17,-2.97468443547013e-16,-3.37411947865721e-17,3.56595539923797e-17,-2.54462249882348e-16,-1.600954088594e-16,-1.37358823958797e-16,1.91104609114261e-17,-1.84307570024832e-06,-2.08263201165668e-17,1.82259626676999e-16,-2.87918911674726e-16,2.44921834166588e-16,1.92571605137724e-09,2.68395800009212e-16,-3.11084082082403e-10,-1.6688357247979e-16,1.87724869459242e-16,-6.54543649544044e-16,2.08433269535251e-16,2.61924186302827e-16,6.41168279643616e-16,1.28000761372541e-16,-2.65823964803673e-16,2.93591992015384e-16,2.73982080812739e-17,-4.30042062114856e-16,2.188239039025e-16,3.93372033274858e-16,-1.32238251900335e-16,1.66818134688975e-16,-7.48795149377313e-16,1.1704376655043e-16,-1.81625917725305e-16,-2.11822049457539e-16,5.72684359827229e-17,7.26415455565288e-17,-8.89924305728368e-17,-1.1074379018807e-16,1.01167903974875e-17,1.34381433442895e-16,1.72468249570614e-09,-3.82884439062418e-16,3.25265952271361e-16,-7.332437529797e-17,4.00817377288185e-16,6.56439282751902e-16,-1.84261640254209e-17,-2.28447512761502e-16,-4.67368284455243e-17,-5.38512671176598e-16,2.50051304748956e-17,-1.11347563114261e-16,6.22405925183495e-17,-2.14533393841443e-16,-6.00383706248012e-17,-3.83651608232831e-16,-4.20097822687022e-16,-2.47968480495794e-16,-2.29229737014985e-08,-1.0553186937854e-16,6.69087185408624e-16,-4.52067724467169e-17,-6.53582803077819e-18,-3.59237329028543e-16,-3.34708523115318e-16,-2.88153795809417e-16,-5.41692826003734e-16,1.98288958592433e-16,7.99103846950661e-09,-2.10327478924404e-16,7.41584255248577e-16,1.02749078739243e-16,-9.65447663575198e-17,9.40601970640178e-16,-3.19676370455639e-16,-1.2448233643475e-16,-4.1424206668416e-16,3.82763546191767e-16,3.69627471905621e-15,-3.62173123756678e-16,-4.00738481305814e-16,2.36337910680747e-15,2.58616365961606e-08,-3.11984650048992e-15,9.68970795224432e-16,-7.9763662433044e-15,8.07882406805849e-15,-7.16722521247102e-09,0.707106781186548,1.244706533853e-14,-1.22313086697678e-17,-8.05462352995876e-16,3.7166139215848e-16,-4.33102823291692e-16,-1.68712426138449e-16,-1.48619462313796e-16,8.83205962940158e-17,3.09452776824301e-17,2.86526023510307e-16,-4.84260658721683e-16,2.09674618050217e-16,-3.0259157051067e-16,-2.11493442503132e-16,-1.56779080946932e-16,-2.17925521938653e-16
"t953",0.0263466039605275,-0.00245366126811144,-0.00216895815221372,-0.000341472088641402,-0.0113661844803655,0.0968991501158162,0.0165195528793415,0.000105709198038565,0.0250995950605193,-0.0191604293775484,-0.00355117505736685,0.00262745979395168,-0.00505412871198313,-0.00105224944488208,-0.0271744854382323,0.000602651449157405,0.000427007062747902,-8.88206725036165e-05,0.0033738457185649,0.000544477984074971,-0.000132485522655182,6.15005058394232e-05,-0.00207651785576085,0.000356425195190226,-6.48588346671673e-05,0.0915835483223587,0.00486655783256139,-0.000257279247100314,0.000592170339603754,0.00110045529100707,3.64207874550722e-05,-0.00147101963692689,-8.13809958982374e-05,0.000729948405933607,-7.67458796874345e-05,-8.96904031942744e-05,-2.05179740271252e-05,0.0919206349363823,-0.000158094147037832,5.86910797228032e-06,5.02471218126026e-05,-9.90463057178565e-05,4.72765521208752e-06,-8.04178615714499e-05,1.75600091966354e-05,-3.17956768826517e-06,5.51875594170841e-07,-7.90100159888962e-06,9.69469428718009e-05,-0.000160663267238094,7.21195597645568e-06,-5.76865273681575e-06,1.07634581740553e-07,-1.79907160474061e-06,1.54318155381825e-05,-0.000561316084527876,-2.13321509602311e-06,2.43494265305188e-05,-9.44206578343803e-05,1.66262909549085e-06,2.23453447590774e-06,-3.65025823114028e-05,9.28993913006595e-05,-7.15544755755161e-05,7.59848970122477e-05,-2.39096445863991e-05,3.03251902594062e-05,-0.0221813527311807,0.000232668593726436,-0.0724385851949812,8.30403635295703e-07,-1.70427650152058e-05,0.00126341974432755,6.23939720360248e-05,-2.73745941040639e-05,-2.95230504390413e-06,0.000294013749969014,-6.05966861482638e-05,0.00848587653199288,0.494777766822587,0.0004609657266263,0.0344109200232979,-0.00112742576712273,-0.000400417213262156,0.000212811967454062,0.000535112322832355,-7.53838615741196e-05,-0.000131988615695839,-2.59918642154351e-06,9.87017094729193e-05,-0.000236664031029986,5.02231981260905e-07,0.00482632048934903,-0.000245707196981118,-1.19013692759552e-05,-5.16428639062898e-05,-6.06472652043204e-06,3.08821899785809e-05,-0.000338512692976885,-0.000921431914645094,-0.00287266681769273,2.11714774642606e-06,-0.0153288873276305,0.000114896626639232,-5.82258510352414e-05,1.45806109959963e-05,-0.0152476471757048,-3.81607556159552e-05,0.000476115364268288,-2.31325623594228e-07,-2.42731930626574e-06,2.11706223941247e-05,-7.00974857145185e-06,1.13609719683535e-05,-3.6785376477389e-06,1.39487705303508e-05,-0.000227628117765239,0.0002624810725322,-0.00867495637093353,8.20368853165779e-05,-4.91357795051112e-05,0.00011416484666935,-0.00173845345127948,-0.00655906681638819,-1.29177647593335e-05,-0.00012215615795061,1.29366132143168e-05,-0.000169939550469695,0.000415121843521933,0.0144896387178492,0.000109634434456183,0.00198563467394779,5.23139844429571e-05,-0.000593460663053564,-5.76407168148746e-06,-0.0279716303640785,8.75703275569685e-05,8.46565562695106e-05,-0.00107692374780438,0.0038393222380087,-5.92073821546261e-05,-5.90778766499922e-07,-0.00112834459950105,0.000179487743566727,5.8137362582968e-08,1.04388680231332e-06,2.25643170938932e-06,-3.80710324700179e-06,-2.02112222981357e-07,0.000834234267142482,2.41176501090436e-07,7.61505014979208e-07,1.00386231826289e-07,-2.96650753191935e-06,-1.76353325499382e-07,-2.86521848300731e-07,4.70697489515976e-06,-5.9959536969211e-06,-3.15086031190894e-06,-1.049073431136e-06,-5.26223992849444e-06,7.71587774088873e-07,-5.42665416297413e-06,-7.9759339059425e-06,5.32738346636716e-06,-3.61380909026774e-06,5.51614864798488e-05,9.4253796656781e-07,4.68554216787007e-05,4.68470571848581e-06,-7.98991805294427e-06,-1.4050752684161e-06,1.6304352091659e-07,5.40449540473188e-06,1.02444634987359e-06,0.000149784049670451,9.02654522599014e-08,-3.32704768749761e-06,-3.0049107741405e-05,-1.45781884711578e-05,5.7642201870977e-05,1.47955188791639e-05,-3.02059944549873e-06,-1.1718907609556e-08,-3.44947212073176e-07,-8.93104952580061e-08,-0.000151844429875594,3.51829516802477e-05,0.000157746215802447,-1.49644376164982e-05,-4.65196156576763e-06,1.16955304552046e-05,0.00785176787674619,2.61748945127658e-09,3.19684700803736e-07,-6.4879663044506e-06,-1.20941031636184e-05,-7.1454844348024e-07,7.36343263437373e-06,3.17963573924365e-06,3.16761795237741e-06,4.49060433652581e-05,-9.03875735792814e-08,-1.37466682447942e-06,-2.35696305758586e-05,-9.93747116520575e-06,1.52176598836394e-05,6.87782947904076e-06,-0.000113429996490172,-6.61104780228141e-08,-0.000462024601786627,6.59735983423698e-06,-3.07131778878375e-05,-5.08121956217979e-05,-2.92857114932867e-07,-2.11342774516217e-06,5.73416459532468e-07,3.64285890549309e-07,-8.8463485549176e-06,-0.00667845634447653,-9.94857300346303e-06,1.92510854527519e-05,4.33424798234361e-06,1.88507789719247e-05,-0.0015586636362651,-3.48039771240265e-06,-0.000435823688330905,-1.62650007724396e-06,-3.33620612374096e-05,-2.78512785671368e-05,7.06427964941515e-06,1.50279191456673e-06,1.0705108131387e-05,0.00061937308964459,-1.05785024835383e-06,-2.55669732166794e-07,-0.0124759505128188,6.86638667821659e-18,-4.52284407670966e-07,7.31909159906209e-06,-2.32711263205836e-06,-9.69345764215752e-06,-0.0373116359804039,-1.96408438112408e-05,-1.91389994969932e-06,1.07683765088659e-06,-2.44111157886604e-07,2.52920676090247e-08,-5.88558165200152e-07,8.1466242079398e-05,-2.24522890379936e-07,2.4433744963651e-05,-2.0206359889494e-05,1.14436311909028e-07,-7.9360621580175e-09,3.95398000741284e-07,-4.09803814955631e-07,6.4943898410332e-06,1.75379765559053e-05,-3.48056352361207e-06,7.24598617390298e-06,-1.37535922624192e-05,0.000160701515528324,-1.00060364146131e-05,1.09252192445863e-05,-3.72439828210122e-06,8.30695422049972e-08,0.000342887901445925,-5.54685337509865e-06,5.56291751861009e-06,1.8591591785175e-07,-5.21585085995836e-06,5.32174620254204e-06,-1.22039607418799e-05,2.16885467385095e-05,-4.65810096370437e-05,4.90854392601837e-05,-5.09192781239342e-06,0.236433588269539,1.41423141799549e-05,-0.000355769813079174,2.59485042456842e-15,0.00033692033407944,1.06531430322735e-05,9.50597877989644e-10,5.51976296452072e-06,-0.00118725065254016,5.67940452656829e-06,9.33723406015759e-07,-6.47730842398974e-08,2.90510042568526e-06,-0.000171370173466612,-3.37703065460837e-06,1.92962132877938e-07,-2.74351624961328e-05,3.21171529785863e-05,-7.9630351199816e-06,9.86972748536871e-06,-1.22124407264581e-06,-4.95241390045711e-07,-3.25624550225841e-08,-1.47655210465545e-05,5.71031066211369e-06,-2.43526923677481e-08,0.00020760373282449,-7.29582720812818e-07,2.59741935445888e-06,-0.000936522753856376,-1.00989031410876e-06,-5.88431449974068e-07,1.87725785085674e-07,3.47626136856535e-05,-1.09167059929868e-07,4.66941860295722e-07,-1.27770300496621e-07,-1.11945203845818e-06,1.90012254253396e-06,-1.0368816358643e-17,-1.77451817011821e-09,-7.72274204910449e-08,4.9052432185559e-09,-2.82591747675408e-07,-3.10297052323234e-09,-6.51006862104188e-08,-1.17876762304081e-07,1.02778735957571e-07,-1.62275731778925e-07,1.59274638553382e-16,-6.26199475755615e-07,-5.6355863469484e-10,-2.92891301109867e-08,1.24581289292142e-08,4.53108427534778e-05,-2.41904140615822e-08,-1.09778151449712e-06,3.21851027420228e-07,-1.58727382781945e-07,2.69888657047628e-06,-3.89043497798388e-08,-1.09627711347206e-06,-5.20954025985729e-09,-7.636288420175e-10,-1.15663319443417e-06,6.25288160792251e-08,-1.30521205482113e-06,-9.16366213476081e-17,-3.75929906736696e-07,3.01310219669691e-08,8.68534182226747e-10,8.06592764274595e-09,-2.99956250996592e-06,-6.71037486288333e-06,3.0631368110901e-07,-1.11811118690938e-06,-1.8036161408231e-05,4.45736972242068e-17,-1.1738071127327e-06,-4.1013736900994e-08,-1.5172268374352e-06,2.68450955015371e-13,4.72024495345778e-06,3.71810361371535e-07,-5.69692416653342e-08,-2.41496827306951e-06,-8.10342718813534e-07,-4.34945522824586e-07,-1.38771433536003e-06,4.45485744032721e-07,3.1589563340222e-07,1.77132757068112e-08,1.0111173442754e-06,1.29075502847311e-07,-5.62638883234036e-17,-6.79227104439651e-08,0.000962717839116505,6.77224160775219e-07,-1.15760439210004e-06,6.05868278904783e-17,-1.05949238797821e-07,2.03366564548732e-08,-5.62446140079828e-07,-3.36806589723573e-08,-1.28096675263432e-06,1.2177884806505e-07,-1.64617934851922e-06,2.67324846763979e-06,-9.82319900685549e-18,9.98481020496922e-06,-1.68556671058522e-07,4.76579376117952e-07,1.25299915496325e-05,-1.03219094082871e-07,-8.56532983988908e-09,-2.22044604925031e-16,-4.13693155101753e-17,-8.34589771635958e-09,-9.51724623074202e-08,1.2561940721115e-08,-1.44044477973517e-06,7.15872705613345e-15,-6.94442411199535e-07,-8.25559033984108e-09,-1.58458572804907e-17,2.11941448169437e-17,-1.87600204566171e-17,1.78518365397936e-06,4.69808192704654e-07,-5.18061317786818e-07,4.72229511930932e-06,6.26851297931499e-05,4.17142633464086e-07,-1.81179206387234e-07,-6.46394186348472e-17,-4.02564925078839e-08,1.13581552920179e-07,-1.52786707206454e-16,1.73045090387823e-16,-7.25223489969906e-08,-4.39714982733481e-10,-4.32828133862111e-08,2.64602238158993e-06,4.31062368583929e-08,-1.8105760949388e-07,1.15962155518155e-16,-1.6542718805229e-05,6.60792886822342e-17,-2.08375076138185e-06,3.41523684332934e-18,-4.87795164914478e-08,-1.03785870363156e-16,2.0154695374306e-07,5.31521264499998e-08,2.68362133518995e-07,0.000407610596728164,1.10134255478845e-07,-1.57262213410859e-08,1.01784134786777e-07,3.61889046933396e-08,1.95481817332493e-06,1.80682454320669e-07,3.65453025355859e-08,-1.03445557987054e-07,-1.99133590507706e-06,-1.62041255474277e-07,-4.98947693527563e-08,1.53966192647273e-16,4.69186936295618e-07,-8.12216001624308e-08,4.25205984227839e-08,2.48168000531335e-17,8.35847791980592e-08,6.09835500845777e-05,7.22149686735243e-07,1.64204307839652e-16,-1.75603057976348e-07,-1.04966688909031e-06,2.17627298658908e-16,-1.24491736622929e-07,2.81756224171571e-07,2.54993698114454e-17,6.12658278911245e-17,-1.04132100356268e-08,-6.23962783596352e-07,-3.57031182099454e-09,-4.98924955676136e-06,0.000600321699524979,2.81985381174826e-08,3.43503589739005e-07,3.07187004186213e-07,-1.24860696707258e-05,1.55409539404072e-15,1.4315321107209e-09,1.10213869170205e-08,3.04783285947293e-08,2.85809870582371e-06,6.52234027373984e-17,-2.55730970551333e-17,9.42418119069592e-07,4.64704149620008e-17,-8.25390750787381e-17,4.05979170412159e-07,-5.98594035674719e-07,-1.12074713252241e-07,-6.67229104513504e-08,2.88494781523798e-06,7.53726854364279e-07,2.33693236273515e-07,-5.75676938400198e-17,5.42866310338323e-07,2.539933460882e-08,1.16620345510219e-07,-1.05608396174558e-07,4.19591622864107e-07,2.80352573249494e-16,3.47697009684108e-17,3.08916166691583e-17,-4.13471226983947e-07,-1.87713687790135e-08,-0.000141130576320294,1.89881428602387e-16,-1.36550535349318e-08,-1.38333818980563e-16,-2.38068492278241e-17,2.28936981718098e-06,-1.51468929039477e-05,-6.13658429626796e-17,-1.37852600915333e-06,-6.40199956868119e-08,-2.05898541976432e-16,1.45538028701472e-07,3.21681975679547e-15,5.7623005026094e-07,1.85430162627817e-16,5.75108472203114e-07,4.47831473894306e-07,1.62212362263531e-08,1.69984675989792e-07,1.1689988772546e-06,-5.29023929855908e-08,0.000197598693784087,6.59180298013505e-17,9.72968085003381e-07,-5.50017289238977e-08,2.47937724918e-16,-7.26053423323384e-09,-1.48476893167496e-07,3.46029138521887e-08,-3.10937864958356e-16,1.12148417621943e-07,1.48654956094544e-07,-2.43659671102102e-18,-6.64447463400093e-06,-9.14700763228121e-07,-4.31060940509749e-09,-1.68416540437605e-16,-3.28588860488941e-17,7.80258157652497e-08,2.66797282393453e-07,2.16089660440519e-08,-3.20854659763069e-08,1.62929761839309e-07,-8.43475647290413e-17,5.40208158055889e-16,5.96605322232395e-07,4.11393546415795e-09,2.49727690523098e-16,1.44982142966118e-06,7.33275952338831e-17,6.79373154616491e-08,-2.80869852772795e-07,-1.64194137596395e-07,-1.09076649030647e-06,-2.02438573381197e-16,1.15968353093122e-17,-2.72603111531866e-16,2.76417612712099e-17,-8.05513738167387e-09,-2.79877410141335e-08,-1.43473338214e-16,1.28437086523083e-16,-1.80889835372023e-16,3.96383146845055e-08,3.57188096326633e-10,-1.98171284766013e-08,-7.8034493952661e-17,-3.68628738645072e-16,-2.77013655070046e-17,-8.741371209285e-07,2.67761597294419e-08,-4.38658239611602e-16,4.75448613493813e-09,-1.25003068598595e-07,9.23409955472246e-18,2.07100410202313e-16,-9.69481500106892e-07,-8.96952851410419e-10,-4.8461688426425e-07,2.35314754597776e-16,5.00509532664189e-08,0.000344840753576672,0.000103449075495787,-8.08062250998395e-07,-1.97267687936229e-07,3.23897765964291e-09,2.07733878909164e-16,1.33596648051788e-16,-4.6966544246241e-16,6.48860340610558e-08,-5.88001040510844e-08,-2.47223584806779e-07,-1.82844309703856e-08,9.36406649700011e-17,-1.13960476470527e-16,3.48898717060038e-17,3.97466822486973e-16,1.25445511991276e-17,9.1610886107982e-08,-4.2792751551452e-16,7.27214013214188e-17,-1.67663486784768e-07,-7.19930453044666e-17,-1.50262801891032e-07,7.51158211932329e-19,-1.86660656827062e-07,-1.03550936880424e-16,-2.35472569255922e-07,-2.97803857339931e-08,-2.49671165826364e-07,-2.631335394647e-16,9.93481804699665e-07,1.40460317381503e-17,3.83771028355501e-05,-2.56300951784738e-07,1.42401274629679e-09,-1.55850692823409e-15,2.38793683476692e-06,-1.37017057509916e-16,-1.62264414136864e-05,-3.22091078842331e-07,7.23718984196388e-17,-6.04923280477724e-17,1.36484908982512e-15,-1.93394887421232e-17,-1.2796423887662e-08,-1.69915017935815e-07,-3.88497146486916e-08,-7.80720112397831e-17,6.19961320861163e-17,-4.23794693002299e-08,3.48018251776234e-07,-5.07542262110966e-16,9.45730649775283e-16,-2.55681629853567e-07,4.36632652214766e-16,-1.9293779319705e-06,2.49500232336507e-15,2.0667381255523e-06,4.66990967118999e-16,1.0455985740965e-15,1.4127801774176e-16,5.98682938974998e-15,9.40144949036931e-16,-1.52903956045882e-14,1.03902902841032e-07,-7.44550808547703e-07,2.99886357892706e-15,-1.59699832364658e-06,0.398402544900013,-8.96448481753919e-15,-1.64306252394268e-14,-3.95495551974285e-15,-6.03808368692796e-15,-1.36671005042569e-06,-1.73201384812576e-07,-4.00413787857006e-15,-7.34072221025794e-15,0.00066104382892209,4.88959731986342e-07,6.88396724853159e-09,1.06407582366362e-15,-4.39682760776091e-17,-4.13065693129034e-16,-9.90366897767483e-16,2.91997244386777e-15,3.97250491890831e-16,-1.11524227042919e-06,9.81103745506759e-07,1.758370933255e-07,1.13041140665531e-16,1.86873553866615e-15,-3.84738626504411e-18,-5.40016010525405e-16,-5.17442363460557e-16,-2.40688768002567e-16,-1.58417295053302e-15,1.71922640280246e-16,-8.64724326531527e-17,-3.33563418781129e-16,4.43869043015546e-16,8.98170961958392e-16,5.39500103121503e-16,5.29979951781257e-16,-2.8883395824524e-09,-3.60646292765653e-16,-8.11304920865891e-16,3.38241712323984e-16,-3.49424632413933e-08,4.47349498851579e-09,1.76633163413156e-16,8.48612191452037e-10,-2.43483454921118e-08,1.67520901159669e-16,-8.65381412746818e-16,3.49900300067956e-08,-5.90738302468827e-17,-2.86611634204315e-10,-6.59532272253143e-17,-7.68922869029796e-17,3.14935718071248e-16,-3.08447177523815e-16,-8.61108912848607e-10,9.05731353798108e-09,5.18038576484257e-16,-1.98249686321263e-16,-8.36179321345325e-17,8.16960355193731e-18,-3.03142927426947e-16,-1.05970278077053e-16,-2.89091424022087e-16,2.71234802534281e-17,6.35032090271516e-10,-4.53222852910503e-17,8.6597833145101e-17,-9.88659062991116e-17,1.05154084489226e-15,2.53105072064293e-17,-6.66858749431567e-16,-2.59354691275465e-07,-4.35660901864397e-17,-5.47446406242206e-17,1.12347964165669e-08,-1.90741308623051e-16,2.20628871208275e-16,-4.3161131010222e-17,8.67925127704608e-16,1.17833683005784e-08,1.56308839759506e-16,-9.89147347206926e-08,1.96894871830936e-16,-6.2530693133404e-17,-1.46745541234088e-16,1.50261230799013e-15,1.27478648864698e-16,-3.55588162116701e-16,3.78939021314173e-09,3.28522909427236e-16,-2.67689872816804e-17,2.02169762937654e-09,-4.93334848533367e-07,-7.48977800030684e-17,5.70951513606411e-07,5.27265612156066e-08,-3.27752241382388e-16,-1.14743367839478e-17,-1.75704821698098e-16,1.57350695993702e-17,1.20845608378145e-16,-9.95981425502874e-08,1.22044306064089e-16,4.71798246587505e-16,3.09843168354393e-17,4.08811503943156e-08,-2.135732125832e-16,2.04759278220183e-16,-1.66893790615576e-17,-3.96448880487327e-17,-1.92006422454817e-08,2.63588509845777e-16,5.29438961120404e-10,3.8909752789603e-17,1.31941178191531e-16,1.78114270236037e-16,6.67011604253582e-17,1.11342856119047e-16,-1.59037333503182e-16,-9.83478715250353e-17,-9.59159269870445e-09,-2.21649196956547e-17,1.47702054186622e-16,4.0723460698713e-09,-9.73857696007767e-18,4.88963718601364e-16,2.5363932368206e-16,-1.21088309287939e-16,-5.71882383098163e-17,6.81315333856211e-17,-3.0390994936291e-08,-1.35908336510024e-16,1.00080774643976e-17,9.15994183070814e-09,1.40899812979204e-16,-5.66705079738124e-16,-2.70311096891098e-16,2.41067428178876e-17,-2.45425528216143e-16,1.55062424939454e-17,-7.15370864137515e-17,-1.98527382276231e-16,-6.02004494940051e-17,2.89390007994506e-17,2.28614647360974e-17,-5.00547265253368e-09,1.66734802403708e-08,-5.00687579561471e-16,-2.96404448329599e-16,2.15554560811988e-16,1.96041393671343e-16,3.50630982581812e-16,3.44560107672078e-16,1.51403494070234e-16,1.82532558070643e-16,-1.84307570036332e-06,2.72489473974116e-16,-1.50023279747926e-16,1.01107567388051e-16,-7.6915956001478e-17,1.92571588472721e-09,-4.95885933355761e-16,-3.11085647927726e-10,7.84784658390904e-17,-3.36567812901406e-16,4.86389305902005e-16,-2.64622854729785e-17,1.47426070012478e-17,-2.26379087675512e-16,4.88191619631702e-16,2.16448489203262e-16,-2.81007835885193e-16,1.34194237416812e-16,3.31209299969659e-16,-1.19493346616026e-16,-4.63111613214847e-16,9.34620709398097e-17,-1.54889549913306e-16,1.75802781624131e-16,-1.48460435390519e-16,1.68219297139601e-16,1.66145641914316e-16,-1.64282108429634e-16,2.03830008427275e-17,8.27012129422945e-17,-1.52719354922204e-16,-1.09441546932075e-17,-1.5067960254422e-16,1.72468254679313e-09,-3.63418707216224e-18,-1.81083567333682e-16,1.39288262750677e-16,-6.3177329368067e-16,-5.24350164462418e-16,5.16888417636353e-17,4.85835109585284e-16,-3.58278057948568e-17,4.56266479514945e-16,-1.45034179427734e-17,2.08925758637957e-16,1.56960350870724e-17,1.01777737149694e-16,-5.95334163211684e-17,3.84292412584885e-16,5.56252247483361e-16,2.0342840836723e-16,-2.29229737882759e-08,2.13797672716532e-16,-7.1002986355772e-16,-2.46291899434376e-16,1.32392776864877e-16,5.20461104237542e-16,-1.51672461705865e-16,2.22316137792009e-16,8.30922067468785e-18,-2.3759295295476e-16,7.99103887130121e-09,6.74286626133675e-16,-6.19267305906393e-16,1.66762101235258e-16,2.19373076691715e-16,-8.90077222040185e-16,-2.78801857695452e-16,-9.34489988738511e-17,4.69558376532132e-16,-3.14717285581186e-16,-3.44332840043645e-15,4.71371788788345e-16,4.86164783056349e-16,-2.31280887753835e-15,2.58616394723824e-08,3.39910608681337e-15,-1.06891925740205e-15,7.80749571506331e-15,-8.97155613688305e-15,-7.16734685652889e-09,-0.707106781186548,-1.25315351919137e-14,2.15363696971851e-16,8.81488054764446e-16,-2.67725273096702e-16,3.5281116888189e-16,1.86523336978063e-16,3.04342948226344e-17,-1.14111165521269e-16,-1.53548907489117e-16,1.70155588874928e-17,5.03891613411313e-16,-3.65248942773237e-16,8.63989950066039e-17,6.04254785709984e-19,9.78234564532468e-17,-3.3745286889615e-16
"t9",0.0262779087139108,-0.00244017474256838,-0.0021566506831312,-0.000338874679686884,-0.0112603118809926,0.0958400669552702,0.0163354497271829,0.000104437321869047,0.0247428664293938,-0.0188301556396472,-0.00347349132555409,0.00255661987525118,-0.00491387078442982,-0.00102260558250827,-0.026375502570751,0.00058388475597798,0.000413391844603168,-8.59371891953635e-05,0.00326177600001223,0.000524826015448654,-0.000127312297746158,5.86004473678628e-05,-0.00197309019784823,0.000338570506363421,-6.15969712742218e-05,0.0867571099898622,0.00460704441968598,-0.000243435908587842,0.000559448833834453,0.00102858353970068,3.38831790602587e-05,-0.0013638310442791,-7.50195934075631e-05,0.000670161868883709,-7.01362355336886e-05,-8.13429908577649e-05,-1.85839312207551e-05,0.0831170797746473,-0.000142848956879752,5.29463658022256e-06,4.51860934436373e-05,-8.88257044482265e-05,4.23245469927385e-06,-7.19840671331811e-05,1.56859132220944e-05,-2.81829841640187e-06,4.87994351370155e-07,-6.97848821236553e-06,8.53531262172615e-05,-0.000140954306182407,6.29736938321802e-06,-5.02588417882723e-06,9.37449057151754e-08,-1.56252989590676e-06,1.332868082144e-05,-0.000484406383192534,-1.812501435073e-06,2.0598702377285e-05,-7.98346235082355e-05,1.39055136704042e-06,1.85319064371304e-06,-3.01452770831597e-05,7.64551447289822e-05,-5.88370326674578e-05,6.20728783058322e-05,-1.94161872233506e-05,2.42988386336124e-05,-0.0176648575606883,0.000184764448508506,-0.057226220162148,6.37761734625847e-07,-1.27987123955885e-05,0.000945454624541342,4.63490827994539e-05,-2.03162160489434e-05,-2.1840387906419e-06,0.000217224594069529,-4.44869986135194e-05,0.00613954072048205,0.355829431920512,0.000328085872930508,0.0244358216382628,-0.000787199527280169,-0.00027813754498031,0.000144506956623349,0.000361066038421947,-5.05371678018621e-05,-8.83916489920318e-05,-1.74017343347022e-06,6.6035713363488e-05,-0.000157944720975371,3.27235099442137e-07,0.00313759598841566,-0.000157307334433395,-7.41509867341349e-06,-3.2041200368851e-05,-3.7620480839881e-06,1.89515061005294e-05,-0.000206897208393174,-0.00055452005317425,-0.00170665484251626,1.25634524266114e-06,-0.0090845108722596,6.40390891118169e-05,-3.22966942834782e-05,8.05702996511713e-06,-0.00836869635280671,-2.09047439404831e-05,0.00025993774925584,-1.25643696035401e-07,-1.31616547358846e-06,1.13638490943668e-05,-3.75807911964387e-06,5.92680480575337e-06,-1.90762946259912e-06,7.13864767005056e-06,-0.000115797194539836,0.00013130970792739,-0.00426888397319453,3.98614926174495e-05,-2.3701498701278e-05,5.3671128046424e-05,-0.000803422824718283,-0.00302925261395826,-5.95110869848486e-06,-5.52696353316378e-05,5.84428801076852e-06,-7.55611633679489e-05,0.000176044279490416,0.00614139990119979,4.62837591415627e-05,0.000810548466379238,2.12110246264928e-05,-0.000239438428396761,-2.27832883249296e-06,-0.0110242695980598,3.29825704039891e-05,3.0681165999122e-05,-0.000369169000902308,0.00131397617448583,-2.00628113964776e-05,-1.99168108148158e-07,-0.000377254622273582,5.98193612370834e-05,1.93750893275679e-08,3.39899858156476e-07,7.00051582320844e-07,-1.12107764373575e-06,-5.87159088638252e-08,0.000235043920806027,6.77823366408616e-08,2.11463445402245e-07,2.7677738778503e-08,-8.11214443716165e-07,-4.4549278375249e-08,-7.14168939952183e-08,1.16201340695663e-06,-1.14983792267795e-06,-5.61081498862527e-07,-1.84594645585284e-07,-8.64260056233116e-07,1.24861036104826e-07,-7.95675360687998e-07,-1.15464427592753e-06,6.91332085919639e-07,-4.16110434851081e-07,3.97141867504541e-06,6.64040932825849e-08,3.28249103982016e-06,3.00130873312129e-07,-4.5562800110628e-07,-7.86960967441699e-08,6.84320618262021e-09,2.02882525874509e-07,2.860370777384e-08,3.82670074829454e-06,2.19622112889675e-09,-5.56352979122072e-09,6.63611000972734e-07,3.8213323940355e-07,-1.73844009757341e-06,-6.19702201523119e-07,1.40233868156226e-07,5.96323467439401e-10,1.90080803759598e-08,6.19354079056478e-09,1.10696431839543e-05,-3.65667695767055e-06,-1.6558762392567e-05,1.72842851435446e-06,6.73924951046926e-07,-1.98444325003301e-06,-0.00140022307150118,-5.00753342414319e-10,-6.42768979128053e-08,1.49506811504641e-06,2.86479416004121e-06,1.79056394706192e-07,-1.89603528109931e-06,-9.91045871235581e-07,-9.95514269227749e-07,-1.51687833054321e-05,3.26495620022883e-08,5.75646141803123e-07,9.87620887718623e-06,4.21772276451751e-06,-6.71179884057244e-06,-3.1135220357071e-06,5.48942299205825e-05,3.46021300349503e-08,0.00025677193439255,-3.73317419316676e-06,1.8801196377784e-05,3.2436809307422e-05,1.87154111483762e-07,1.39432454997834e-06,-4.08994983269979e-07,-2.63638974503392e-07,6.90438551575386e-06,0.00548135582544279,8.30586236050321e-06,-1.72146480963176e-05,-3.93814069028359e-06,-1.7427583367642e-05,0.00151778497014326,3.4242743418942e-06,0.000429878464879818,1.69485656658108e-06,3.59172935059519e-05,3.107503489907e-05,-8.00925603500214e-06,-1.73211631185031e-06,-1.25292427512543e-05,-0.000728053061539782,1.2936536602437e-06,3.20363616122981e-07,0.0160464539793177,-1.8032072421628e-16,6.0365940439039e-07,-9.84066663332808e-06,3.28993172558778e-06,1.42361074772909e-05,0.0565240853833949,2.98094521819581e-05,3.07455957257351e-06,-1.74630757528928e-06,3.97599937671693e-07,-4.20571107205264e-08,9.92426680320016e-07,-0.000140892254527276,3.92668217772325e-07,-4.29293778971288e-05,3.64044525674194e-05,-2.28699383561162e-07,1.64458025520269e-08,-8.44387077494929e-07,9.33896015649415e-07,-1.4868307664183e-05,-4.20048979566918e-05,8.54914529762663e-06,-1.84488339319911e-05,3.54227898806987e-05,-0.000418908152962303,2.65225548688534e-05,-2.96840833006015e-05,1.01478690825433e-05,-2.41016306817316e-07,-0.000996282988378034,1.61428462813155e-05,-1.64683445653601e-05,-5.53892179221813e-07,1.58572094868959e-05,-1.6240235502281e-05,4.21058763125183e-05,-7.58556785451448e-05,0.000164688885659807,-0.000177918607874116,1.88292348278749e-05,-0.91489399545047,-5.545558300779e-05,0.00140982247108701,-8.94198023465479e-15,-0.00138456194235545,-4.39897289235082e-05,-3.98738702791576e-09,-2.40352875021738e-05,0.00533997242248735,-2.59429079550314e-05,-4.29802259080016e-06,3.29698760095286e-07,-1.48849724620259e-05,0.000879623294131959,1.78667458017873e-05,-1.11458535098601e-06,0.000160946073756972,-0.000190464725466569,4.89581944624136e-05,-7.00176509374651e-05,9.22732125290568e-06,3.75589299123316e-06,2.47227796773982e-07,0.000132339097451788,-6.3389894266077e-05,2.7842791687848e-07,-0.00248085408990644,9.21582129937634e-06,-3.33876562731146e-05,0.0140542328997997,1.53441253529218e-05,9.14864827623053e-06,-2.96563234413302e-06,-0.000579536880869478,1.93672463595578e-06,-8.79879504815727e-06,2.47410159326831e-06,2.27327834336092e-05,-4.29792685972072e-05,-1.50275022779132e-16,1.12526984227345e-07,5.88306075254555e-06,-5.31180296934513e-07,3.09841175779156e-05,3.44768929687902e-07,8.07874696867498e-06,1.87291815631041e-05,-2.43844022367761e-05,0.00278488838193704,-5.11801948309244e-16,-6.83301507371387e-05,-5.48161482405182e-08,-2.31500599613274e-06,9.63300558676805e-07,0.00242714341981901,-1.11159153507182e-06,-4.21406830237995e-05,1.1119248602596e-05,-4.52772785654398e-06,6.66304846397879e-05,-8.86171513514664e-07,-2.39426721008047e-05,-1.10959913201967e-07,-1.55849451242041e-08,-2.34981945144663e-05,1.23432381432231e-06,-2.52137654517411e-05,5.24333932620212e-16,-6.28375333589306e-06,4.90307485663359e-07,1.412957359825e-08,1.22184774489423e-07,-4.49770504792561e-05,-8.97601522692104e-05,3.97861096525744e-06,-1.44408047402388e-05,-0.000228096719573576,6.31995025122396e-18,-1.45038076708985e-05,-5.02508616991555e-07,-1.80275824531584e-05,3.17085974268535e-12,5.43355266519164e-05,4.24900785263294e-06,-6.48612822963588e-07,-2.72857806749646e-05,-9.04091551280665e-06,-4.80762216522131e-06,-1.52288850821885e-05,4.78780234499123e-06,3.38680408969919e-06,1.87283628883622e-07,1.04394384082151e-05,1.33107501389429e-06,1.29349890922118e-16,-6.70263757563839e-07,0.0094305841468263,6.5294046057666e-06,-1.09035536484469e-05,-1.35331444347131e-16,-9.51753295851309e-07,1.73947863539841e-07,-4.7120687644378e-06,-2.79526953054654e-07,-1.05140472586291e-05,9.79773939194594e-07,-1.28408511371767e-05,1.94518418252618e-05,-7.37369068637093e-17,6.88088305741786e-05,-1.15640535928562e-06,3.23970166572842e-06,8.41204306862996e-05,-6.92309883181598e-07,-5.72507652574517e-08,6.76542155630955e-17,2.21516548707589e-17,-5.47088627284376e-08,-6.13779234904415e-07,8.08522872617603e-08,-9.14127166085275e-06,4.43060941489434e-14,-4.27900731055781e-06,-5.02364269015913e-08,1.14288353759429e-16,-7.38864547943128e-17,-8.02898396155471e-17,1.04671869853541e-05,2.74222594823298e-06,-2.97803568088189e-06,2.68070517780218e-05,0.000355329772538656,2.33409619392822e-06,-1.01228609761203e-06,-6.17648767308959e-16,-2.19350248797173e-07,6.13641693893379e-07,7.53566540547341e-17,2.2908749991409e-17,-3.79536216538054e-07,-2.28436060624481e-09,-2.22700354352865e-07,1.35282833580421e-05,2.17780631009813e-07,-9.1300710790785e-07,-1.45185246574368e-16,-8.3204455967981e-05,1.35414452227289e-16,-1.04040964782238e-05,-2.49962810866533e-16,-2.42263073184906e-07,-7.72128767036336e-17,9.94329199346111e-07,2.6187532610373e-07,1.29952717371894e-06,0.00196674253963485,5.30610399989094e-07,-7.52802389746082e-08,4.84553834742899e-07,1.70134006975138e-07,9.18913083044402e-06,8.46138067652549e-07,1.69974773454812e-07,-4.76822573532318e-07,-9.11093617617896e-06,-7.37125919777465e-07,-2.26334859300349e-07,-3.04481643268809e-17,2.11014489858195e-06,-3.62336244510713e-07,1.85513095610244e-07,2.26227562492746e-16,3.62398783580179e-07,0.000261962857033181,3.08998328272626e-06,-5.28201530298845e-17,-7.49880818642138e-07,-4.44732305214118e-06,-6.9943099563982e-17,-5.2544417804567e-07,1.16282552474801e-06,-2.22112945749308e-17,1.72824483416058e-17,-4.26106005714349e-08,-2.55129990709266e-06,-1.45468126919902e-08,-2.02441070251958e-05,0.00241337185994705,1.13271818384906e-07,1.3782859259256e-06,1.21774808465497e-06,-4.90185618318897e-05,6.57351777177961e-16,5.59957650737001e-09,4.30843462893481e-08,1.18884552091803e-07,1.11191987182417e-05,-6.17588457244754e-17,3.99187962292631e-17,3.65331343064026e-06,-2.11681046678883e-19,-3.77092107082496e-16,1.53930967914174e-06,-2.26107150740013e-06,-4.23306724586926e-07,-2.49952015269991e-07,1.0795399263845e-05,2.81975847752198e-06,8.72932135406529e-07,-5.90036419972277e-17,1.99532582819664e-06,9.30368057576582e-08,4.26693322983415e-07,-3.84236049289355e-07,1.51105302569398e-06,1.06226197897465e-17,3.10959420738922e-17,1.18787639717704e-16,-1.46725563398567e-06,-6.61900172643583e-08,-0.000497401755591659,-1.82843621423457e-16,-4.78310243863771e-08,1.05005611964821e-16,-9.59082907221219e-17,7.80434583252769e-06,-5.16172986388744e-05,6.33174068731535e-17,-4.66627304209932e-06,-2.15857240553199e-07,2.73878250629593e-17,4.86771951524333e-07,1.14701473734419e-14,1.90851417361499e-06,1.66049123173073e-17,1.90311743220829e-06,1.48092456041687e-06,5.36001369969122e-08,5.61077297628307e-07,3.84919484831126e-06,-1.72597480308282e-07,0.000636342169747101,-4.12631562495194e-17,3.08199305293284e-06,-1.73913720927575e-07,1.23342202548453e-16,-2.29028912187062e-08,-4.66320305407141e-07,1.08247492300557e-07,2.28921385880182e-16,3.46057169279396e-07,4.57445359125862e-07,6.56399519357197e-17,-2.03715091073532e-05,-2.79930347901009e-06,-1.31022829548546e-08,-2.87955636759138e-16,4.57522595047887e-17,2.33282475649081e-07,7.91952845634077e-07,6.40479575468846e-08,-9.20279612724966e-08,4.64718196035109e-07,1.67698718771214e-17,-2.3885063525981e-16,1.69506656799706e-06,1.16826644078518e-08,9.73069351406659e-17,4.08987587480445e-06,-1.03808005673408e-16,1.90400670227114e-07,-7.80012667560003e-07,-4.55689638939404e-07,-3.01938644287313e-06,-4.89313200407061e-16,3.59459509975001e-17,1.05923674880016e-16,2.77283831595717e-17,-2.17668243641e-08,-7.54747122025695e-08,9.71103543460118e-17,7.89728345731968e-17,-6.4852814371589e-17,1.06095009909256e-07,9.52898979122206e-10,-5.23890794547784e-08,-3.60399098869359e-17,8.64380182014068e-17,-4.87890977618477e-18,-2.23649571476762e-06,6.84263951200303e-08,1.47017075989092e-17,1.19850540567036e-08,-3.13323862729011e-07,-3.33350730909764e-17,-1.19358090478147e-17,-2.39682785475668e-06,-2.21501809087792e-09,-1.18677056926918e-06,-4.7427351916267e-17,1.20806096810006e-07,0.000825484896780147,0.000244719452379498,-1.87953463725443e-06,-4.56697788341609e-07,7.43184980432099e-09,1.161557585585e-16,-7.50962957511647e-17,-1.03561014332028e-16,1.40776889880813e-07,-1.27453796566476e-07,-5.31681413231256e-07,-3.76796813356898e-08,-5.90627378325545e-17,7.21493962568713e-17,-1.06045636114619e-16,2.19641715376585e-16,8.61161653826116e-17,1.79393542031397e-07,-7.37243876606426e-17,-3.71242548911221e-17,-3.21128188767204e-07,2.20346814499909e-17,-2.87449387708502e-07,2.64713370065714e-17,-3.56341399888703e-07,2.76183078843149e-17,-4.30896027966855e-07,-5.39091861963647e-08,-4.44271849322668e-07,1.59766377714604e-17,1.72896191001475e-06,1.84319377344086e-17,6.33017670095104e-05,-3.89343494064961e-07,2.15463132820665e-09,-1.4399389747112e-16,3.47571089560114e-06,-1.35700671367234e-16,-2.2040768918534e-05,-4.35900592760815e-07,-1.58659566798464e-16,-2.81968103580739e-17,5.29302463931898e-17,3.78996635329125e-17,-1.62053878000308e-08,-2.11093272386514e-07,-4.71561093442791e-08,-2.65594532167232e-17,2.10887222118207e-16,-4.52412865570607e-08,3.69116433412021e-07,-9.44835355742804e-17,3.64300962732066e-17,-2.17499645213634e-07,-2.77736909234881e-17,-1.54601271335543e-06,8.31297159147077e-17,1.33864542721335e-06,1.61023481328224e-17,2.41281113216545e-16,1.22560908844127e-16,3.87823956685387e-16,5.66072468402729e-17,-8.5239363065101e-16,2.86964020805428e-08,-2.01536982467088e-07,1.80402835997005e-16,-1.86238816252521e-07,0.0190000850461811,-1.61566341657723e-16,-8.97776772197678e-16,1.44298112878052e-16,-7.54025359049051e-16,3.89868151519932e-07,6.45401522854672e-08,-2.55767774108414e-16,3.08098420946231e-15,-0.000313989039024179,-2.38966387411493e-07,-3.68855383372695e-09,-2.42974176602676e-16,6.26015151066733e-17,-9.64835905427409e-17,-4.5436059875733e-18,3.15342425888282e-16,1.71017042890996e-17,1.67592486866422e-06,-1.58801058651048e-06,-3.05838565245314e-07,-1.72358212867577e-18,5.14140486225741e-17,4.45795926579478e-17,-5.24112713631264e-17,-7.26432521876441e-17,-1.34661813247093e-16,1.22339513937057e-17,-4.06564109535215e-17,-4.26239005304386e-17,-5.29885466605959e-17,-1.19817723378161e-16,3.50302779077215e-17,-2.13857588584084e-17,-1.16080148319943e-17,1.53724148813558e-08,-2.74492120178704e-17,6.22263810503475e-17,3.58256758725075e-17,2.17677277949449e-07,-2.89310538996291e-08,6.7165658854496e-17,-5.6184743514791e-09,1.98989929759808e-07,2.58162141190835e-17,1.42226920208779e-15,-3.83715501233027e-07,1.33516855935851e-16,4.89843492288218e-09,-1.50534769763201e-17,5.5760497387305e-18,3.35074519370124e-18,-3.43665601098248e-17,5.28161934496018e-08,-6.57615499556747e-07,-2.13922297214223e-16,-2.0830014534219e-16,-2.29434036936204e-17,-1.54848286055494e-17,-7.75204553327136e-17,1.03392948018171e-17,7.16590941274754e-18,-5.7389954308913e-17,7.87011856942028e-09,-1.7262343290289e-17,-9.57686035276338e-18,-4.4006537578275e-17,3.16880206645447e-16,-4.23812340952413e-17,-6.45217645045373e-17,-2.73581272650426e-06,-1.43708712666068e-17,-3.13963529347586e-17,1.15540271544748e-07,3.45455328820542e-17,1.55211867590791e-17,-3.69275485082547e-17,4.52667254176165e-17,9.60112554472628e-08,2.78426832074048e-18,-7.80265155857921e-07,8.5440059087161e-19,3.00028444105294e-17,9.29618934636412e-17,1.05444802263083e-16,4.47300283392834e-17,5.29623552279994e-18,2.81527400141326e-08,-2.39717730316499e-16,-6.00616230593611e-17,1.44136574083487e-08,-3.51025920223369e-06,2.68620161689528e-18,3.93258127949412e-06,3.59657228301111e-07,1.39145630997336e-17,-1.53469991072962e-16,-3.44085685673629e-17,1.15818766540676e-17,3.74576277441893e-17,-6.01288715796954e-07,-6.14477367360476e-18,-7.91475077391626e-17,-1.52246698329711e-16,2.40429784254299e-07,-8.74725234029668e-18,-6.33777843015436e-17,3.37767173543098e-17,3.37651537047042e-18,-1.09362334150337e-07,-3.41685054534729e-17,2.98747849718772e-09,-9.63601493959494e-18,1.01278831901778e-16,1.92444926585693e-17,1.68364446107554e-17,2.79734324276107e-17,-3.44124548024525e-17,-5.52252400608365e-17,-5.16980251178746e-08,-2.65918888259718e-17,-1.01454506166967e-16,2.17202883473948e-08,-1.81640246779383e-16,5.72542636810427e-17,-3.99326983113066e-17,2.19885892163293e-17,-3.99237445837318e-17,-4.8882178066254e-17,-1.57136695091424e-07,3.77106564596748e-17,-5.15931225392324e-18,4.67479286716079e-08,4.57981755484504e-18,1.2536943921337e-16,2.70917936221776e-17,-4.6603518696354e-17,8.08649078050003e-17,1.0972723977017e-17,1.49634003082849e-17,3.99805464247382e-17,1.0794095480289e-16,5.9256198742615e-19,8.97509101675047e-17,-2.44430016092359e-08,8.10214421853095e-08,-9.4980305202145e-17,4.23002432634808e-17,3.91648695388676e-17,-1.98207062161273e-16,1.73580767814929e-16,-1.29746438497946e-16,1.80064383786091e-17,2.59048657198326e-16,-8.73926418501988e-06,-1.20511050819779e-16,1.52160573297963e-17,-9.37800519315161e-17,-1.88229837160453e-16,8.95554508605325e-09,4.80885159907385e-17,-1.41731789236036e-09,1.340459846295e-17,-6.47938047331476e-17,-4.47113815787001e-18,1.28666670757641e-17,2.10661846408709e-17,9.57048868447917e-17,1.24096051928297e-15,-1.09549082451159e-16,-2.99692428074183e-17,1.84536306413047e-17,7.37916207472854e-18,1.00846276548409e-17,-3.1727790165861e-17,-1.0428767368311e-16,9.84955565098098e-18,-3.69940875183753e-17,3.53028042878337e-19,2.62268798771413e-17,4.28760034481298e-17,-3.13583829505485e-17,5.97395397039513e-17,-8.69834529364757e-18,-1.01834862895013e-17,-1.5954862819176e-18,2.49562486421266e-17,7.36058076779058e-09,1.13011610429751e-17,-2.28622583371911e-18,1.71085648301077e-17,-1.19763293720561e-16,-3.49213394151366e-17,3.50910050861954e-17,-3.9883214183606e-18,3.08346010943804e-17,3.61723638992874e-18,3.03762436026534e-17,-9.99634403031635e-17,1.58835211257859e-16,6.80112599771262e-19,3.9388113865947e-17,-4.14626027112058e-17,-3.69459418164634e-17,3.40474777263393e-17,-9.42722239957143e-08,-4.03620348888887e-17,-5.25260241225426e-17,3.87103200207868e-18,-1.26093068876581e-16,-2.36163218198974e-17,5.10258266254562e-17,1.60506306866165e-18,7.73527248421997e-17,2.09581146893277e-17,3.17747390679788e-08,1.85280103306719e-16,-5.33646406085499e-17,-3.09345051468414e-17,-7.25543948966856e-18,-3.06714795095625e-17,-3.69460461757661e-17,2.51482544577748e-17,-1.3111803659502e-17,-6.5164369923249e-18,-8.16234256688485e-17,1.22741334451619e-17,7.62570307531488e-17,9.5450886849694e-18,9.97784590909916e-08,-5.40311603883647e-18,-1.17291013151665e-16,2.84422085674507e-17,-7.44413211628547e-16,-2.7295605590625e-08,1.54815057979485e-17,-4.78071800402348e-18,-5.98804476151287e-17,1.90111527536965e-17,-3.85895207757005e-18,1.70469238627251e-17,1.90124966512677e-16,1.49338507227694e-16,1.59572759286164e-17,2.21797743814407e-17,-5.90496449863554e-17,3.34257864113975e-17,4.6491399015933e-17,-1.0330051957823e-16,3.65038889031665e-17,6.00286019591282e-17,-7.76439849694532e-17
"t345",0.0266816623976745,-0.00252081189367186,-0.00223031673920599,-0.000354604133568316,-0.0119082060555708,0.102386474950089,0.0174749569760716,0.000112353546069538,0.0269941015871464,-0.0209556330803786,-0.00398910629797799,0.00304361509646201,-0.00588347479670163,-0.00122814583951386,-0.0319641782677239,0.000716807975524391,0.000510351479809287,-0.000106558722879255,0.0040676984519863,0.000669203516058562,-0.000166179848612003,8.18206915933121e-05,-0.00281912972571519,0.000484960801895919,-8.83839474888036e-05,0.127178136986765,0.00679160264848146,-0.00036042720524621,0.00083928562372617,0.00169473844889194,5.81413751710904e-05,-0.00240759420935343,-0.000137838364035675,0.00125015002981051,-0.000128345417112945,-7.37705471050157e-05,-3.37656743356289e-06,-0.200963944842177,0.000879562362544395,0.000120889224707004,0.000288375971683407,-0.000483034947981436,2.23042313526525e-05,-0.000378841077948269,8.22241209174263e-05,-1.67383820096542e-05,3.09877891939307e-06,-4.59192639022653e-05,0.000629799071594201,-0.0012110757305949,7.0520309410753e-05,-6.59610386630893e-05,1.2624713782666e-06,-2.71508250084714e-05,0.000555662155677005,-0.0257233001826798,2.39354871316604e-05,-0.000202647190676577,0.000762322765168974,-8.33219476240802e-06,-8.77338571469317e-06,0.000130054238538072,-0.000308846744617002,0.000234064880767766,-0.00022370235258747,6.54175296272954e-05,-7.61974475163303e-05,0.0559879743559724,-0.00059575540551889,0.195333593225758,7.70441859532299e-06,-1.0643230807504e-05,0.000617889623545172,1.88570494286485e-05,-7.7971743428218e-06,-6.85597651814777e-07,6.29337048989528e-05,-8.63086018807495e-06,0.000420934853180371,0.013974207196752,1.98927175000883e-06,2.38327496997978e-05,1.63633815281909e-05,6.50973278628317e-06,-3.19108097499111e-06,-6.93944231659142e-06,7.85732004316103e-07,1.31589939021863e-06,2.56011580781282e-08,-9.42080317780508e-07,1.99171010937557e-06,2.2543078419604e-09,2.81934476405899e-05,-3.83646482626185e-06,-4.28123344035632e-07,-2.05131658636544e-06,-2.42003656788479e-07,1.58111310536121e-06,-1.90981051696583e-05,-8.34653646869846e-05,-0.000818307350652794,8.32335727560325e-07,-0.0114088815451679,6.28838280041637e-06,-3.37205732375753e-06,8.79162890693484e-07,-0.000981620386080646,-2.49915214999159e-06,3.21076635083709e-05,-1.62720137546549e-08,-1.73023373629851e-07,1.6267107086253e-06,-5.43281312467412e-07,1.05967383735758e-06,-3.57794694189662e-07,1.50650566074864e-06,-2.60504556115461e-05,3.90058068973176e-05,-0.00775907235224371,1.69958333709437e-08,-1.92957140199045e-06,8.97051332579119e-06,-0.000154292527846663,-0.00058418950433613,-1.16526682143205e-06,-1.1856894174906e-05,1.26201178007185e-06,-1.73492141841877e-05,4.59408553104194e-05,0.00160434986918724,1.2179540910027e-05,0.000218165997555211,5.63370317919331e-06,-6.23796379886284e-05,-3.22962120377181e-07,-0.000650436475488238,1.39853402641953e-05,1.31509884240842e-05,-0.000170159126185718,0.000607074038597563,-9.40465865665045e-06,-9.40666271721614e-08,-0.000180372362696049,2.87362482470252e-05,9.30806829128627e-09,1.69030427530943e-07,3.73970014275849e-07,-6.46126324986655e-07,-3.450336805257e-08,0.000144251590200302,4.17452499757668e-08,1.3244778710477e-07,1.7509603564027e-08,-5.1908963665736e-07,-3.17632031279566e-08,-5.18396190283509e-08,8.54338472099306e-07,-1.16631164220373e-06,-6.22866414847196e-07,-2.07893241044415e-07,-1.05701472874481e-06,1.55416038567416e-07,-1.11206506957065e-06,-1.63790130836426e-06,1.1125277334638e-06,-7.67054879092332e-07,1.22864275939871e-05,2.10304435835235e-07,1.04593551109202e-05,1.05290667239917e-06,-1.81034841869454e-06,-3.18734969025511e-07,3.75983596998652e-08,1.25289367958743e-06,2.4027428180808e-07,3.52330919604267e-05,2.12647354920046e-08,-8.06895860202364e-07,-7.53510031870064e-06,-3.67840040523988e-06,1.46330515849177e-05,3.82787446540333e-06,-7.87571627926913e-07,-3.07968179461226e-09,-9.13526787416882e-08,-2.43302898661091e-08,-4.16850889630077e-05,1.05028881834173e-05,4.7257257102635e-05,-4.66581172223137e-06,-1.74690470053193e-06,7.30024455836402e-06,0.0100968700545811,-1.01042457360266e-09,-1.08293467694096e-08,-9.91167382766059e-07,-2.02535862669546e-06,-1.36153000637923e-07,1.46899083994088e-06,7.78458917270347e-07,7.80719231597255e-07,1.16996097365866e-05,-2.47444719346444e-08,-4.21652842191652e-07,-7.23338285157812e-06,-3.08255878966997e-06,4.88057254984595e-06,2.259117378005e-06,-3.98438185115553e-05,-2.54982439038836e-08,-0.00019439472984633,2.85918530515095e-06,-1.55417719054676e-05,-2.85935154694746e-05,-1.65303114030851e-07,-1.31468378882725e-06,4.97947281072333e-07,3.44753588736326e-07,-1.75576615316194e-05,-0.0964237502937457,0.000107761680089178,-2.32757147950758e-05,-4.25053830102567e-06,-1.52127042715299e-05,0.000793042790166706,1.63951589749974e-06,0.000201587194915402,5.2810561897022e-07,9.06752759994288e-06,6.3888334351482e-06,-1.51616560462295e-06,-3.03514976950383e-07,-2.06125481647127e-06,-0.000117887486344349,1.92978647695626e-07,5.13223939610068e-08,0.00427987017371334,4.59964698865303e-16,-3.94868256323808e-08,3.57307402668733e-07,2.46893532829665e-08,1.15114592320189e-07,0.000209175155274358,9.77822736303989e-08,2.35897706503971e-07,-6.28344491108296e-08,1.18238368881888e-08,-7.3037493247503e-10,1.36893235702225e-08,-1.39195039641857e-06,3.39896582735452e-09,-3.52352337799509e-07,2.24673291116999e-07,-3.66235915640919e-10,1.35449030463919e-11,-3.29071355530781e-10,-3.57115063667928e-11,6.93122665616791e-10,2.0048854790042e-10,8.83616517429297e-10,-6.29585835097281e-09,1.54102887578429e-08,-2.26673668138582e-07,1.85654709100718e-08,-2.83904064632667e-08,1.00162745686116e-08,-4.13107524552385e-10,-1.72482344845124e-06,2.82599465758524e-08,-3.21894612442312e-08,-1.12452031317845e-09,3.59559008653861e-08,-3.75281303234491e-08,1.39196670786719e-07,-2.51904095760296e-07,5.44910237583927e-07,-5.65769387472483e-07,5.54306820232651e-08,-0.00155193547976764,-5.74629067522871e-08,5.15240664304398e-07,4.28963988097573e-15,5.0156201008855e-06,1.96254194277823e-07,3.23722327407132e-11,7.83729353122776e-07,-0.401173029170895,-2.9957223546693e-06,-3.55145697523668e-07,1.02081119871041e-08,-4.53760482193676e-07,2.6710685381798e-05,5.16073284427799e-07,-3.06483403826564e-08,4.4212956051372e-06,-5.2328060751236e-06,1.35059404767536e-06,-2.02066007716509e-06,2.73119821740057e-07,1.11340630521348e-07,7.33222107663354e-09,4.19498627541359e-06,-2.16366911732031e-06,9.58645207107514e-09,-8.64604195240364e-05,3.25465507613881e-07,-1.18328107519109e-06,0.000123610507593669,7.12217104198697e-07,3.69044840768454e-07,-1.175145009053e-07,-2.26973948981004e-05,7.62093583310987e-08,-3.49027479461117e-07,9.85309402100167e-08,9.117200991748e-07,-1.75087531896573e-06,4.03269897626179e-17,5.03174322651296e-09,2.65371725018463e-07,-2.42714831132779e-08,1.41630990542848e-06,1.57659901713271e-08,3.70595427000102e-07,8.64248246617029e-07,-1.13311869918808e-06,0.000131274654792566,-1.59069172313581e-16,-3.33907665443572e-06,-2.69353031095945e-09,-1.15399576388644e-07,4.81197380669708e-08,0.000547622628562604,-5.24452104932109e-08,-2.07880494213837e-06,5.56509363488133e-07,-2.31828082498144e-07,3.47038106595728e-06,-4.66153080479556e-08,-1.26619308514854e-06,-5.88705208131355e-09,-8.31520976911099e-10,-1.25448753215198e-06,6.61512284805797e-08,-1.35526743109349e-06,-1.14095474454611e-16,-3.44787670686683e-07,2.70105487564128e-08,7.78414285770813e-10,6.80456971449086e-09,-2.50874821324104e-06,-5.09666136950233e-06,2.26944162311035e-07,-8.24438588874466e-07,-1.30641927467834e-05,8.46751415746492e-17,-8.33597773732053e-07,-2.89171919170172e-08,-1.04190098841321e-06,4.7133447941044e-14,3.15291185019921e-06,2.4675732031608e-07,-3.76826956718209e-08,-1.58645915767179e-06,-5.26246020546566e-07,-2.80022443570345e-07,-8.87358634840494e-07,2.79055943608286e-07,1.97384177489057e-07,1.09031580767929e-08,6.03929983754975e-07,7.69596132108808e-08,3.14823040339753e-17,-3.26319258652281e-08,0.000148036804289472,4.55235671899254e-07,-7.0128042411595e-07,1.81096645996846e-16,-6.00272358672155e-08,1.09847120904547e-08,-2.9818858589688e-07,-1.77085014308505e-08,-6.67006799186026e-07,6.23235397569464e-08,-8.2045424428171e-07,1.25588033844739e-06,-3.5865018895179e-16,4.47745008446057e-06,-7.52943164471784e-08,2.1120065650202e-07,5.49290275672338e-06,-4.52119997699477e-08,-3.74047339408063e-09,5.55111512312578e-17,8.58480632400157e-17,-3.58297309527801e-09,-4.02729231992514e-08,5.30626501021695e-09,-6.00833752701651e-07,2.92646922564281e-15,-2.82025701654885e-07,-3.31435209540676e-09,-2.36277731333439e-16,2.22017143852582e-16,-2.34679730047677e-17,6.92149172160881e-07,1.8136796373643e-07,-1.97072813598258e-07,1.77450039292116e-06,2.35217570162918e-05,1.54532811923183e-07,-6.70206216987077e-08,-3.56600684484705e-16,-1.4520531112781e-08,4.06159685070028e-08,-1.73707757447243e-16,3.7007369260207e-17,-2.5106110554398e-08,-1.51109012578123e-10,-1.47351803476826e-08,8.95493165042511e-07,1.44423959332984e-08,-6.05768390278172e-08,-9.73531787687393e-16,-5.52487627467642e-06,5.98751271907164e-17,-6.93158693802992e-07,-3.20707002621212e-16,-1.62052631272257e-08,1.5369860224832e-16,6.70848954155074e-08,1.77122021069478e-08,1.0645036620375e-07,0.000534053413845815,1.05736633908913e-09,-4.07868521448586e-09,2.80818541555795e-08,1.02415196570955e-08,5.53229764034442e-07,5.11282273137313e-08,1.03049583521643e-08,-2.89239085472567e-08,-5.51820003589527e-07,-4.45537603990597e-08,-1.36634911853228e-08,1.28780729408189e-16,1.26809835758874e-07,-2.16607385095997e-08,1.08858814397639e-08,2.59217078094472e-16,2.11320739417664e-08,1.51198407371889e-05,1.77519502554789e-07,5.38415052112679e-16,-4.29749728030572e-08,-2.52287778984409e-07,1.91708965947002e-16,-2.9650169817276e-08,6.32793443832911e-08,1.06194330124818e-16,3.07593280322261e-17,-2.2792895582094e-09,-1.36241608875622e-07,-7.70293952694939e-10,-1.05948723382241e-06,3.3923047000324e-05,6.83799304695614e-09,7.55377027112011e-08,6.15954729188151e-08,-2.40745174835966e-06,8.36028295203572e-16,2.71954368271082e-10,2.08841451802437e-09,5.72315657994344e-09,5.3080006939865e-07,-1.83305044435504e-16,-1.80824870125006e-16,1.72353442211073e-07,2.62130117009282e-16,5.43562606928642e-16,6.6781544425436e-08,-9.64843102693736e-08,-1.80569045483198e-08,-1.02559974489358e-08,4.40499355018461e-07,1.14920521989722e-07,3.52992043451074e-08,1.7035027241112e-16,7.3462959355048e-08,3.34775156346299e-09,1.52339643730286e-08,-1.31655175099844e-08,4.7530449097089e-08,-1.04311600856375e-16,-2.07429155177492e-16,1.07053718608321e-16,-3.96693069751744e-08,-1.8839955446892e-09,-5.05343177465705e-05,-7.08036286371969e-16,-1.03663370957907e-09,2.25667254185341e-16,2.23986676052278e-16,6.94318909140595e-08,-4.48658397332854e-07,2.94902990916057e-17,-2.03933832647195e-08,-3.27091792022799e-10,4.71585960551862e-16,-2.64445258494565e-09,-1.11638243653215e-15,-3.2734035156389e-08,3.46318638103266e-16,-3.5207638105634e-08,-2.90144644628885e-08,-1.11918644585937e-09,-1.27815112335403e-08,-1.06195417496399e-07,1.01147974257919e-08,-0.010842147707744,-1.67250686245655e-16,1.30133951034577e-07,-6.27965011758945e-09,-1.63898608619098e-16,-6.70485106864169e-10,-9.02075293226025e-09,1.31183902976416e-09,3.82186073702204e-16,-2.40113536044076e-09,-4.6768799761024e-09,2.3418879203688e-16,2.95085335888171e-07,4.63489687486372e-08,3.16847294749326e-10,-3.32769783976463e-16,-4.02538397455866e-16,-9.95907898908677e-09,-4.04983200891471e-08,-3.38997709050185e-09,9.03715753173179e-09,-4.98839325558877e-08,-1.56244479488708e-16,6.49362360532382e-16,-1.93307895109846e-07,-1.34251183860181e-09,7.05005779541109e-16,-5.19867919766699e-07,6.22331239829033e-16,-2.66580021058845e-08,1.24653249378604e-07,7.35123012398186e-08,5.05476119282756e-07,-4.15729932757703e-16,3.77522500268099e-16,-6.64417552228755e-16,3.34494740165835e-16,5.12832370507568e-09,1.83075102424453e-08,8.19504117860488e-16,1.34734182265253e-16,1.39393176237061e-15,-2.86519133452244e-08,-2.69888266575983e-10,1.69615891000844e-08,7.65455535713774e-16,2.3436927312076e-15,5.05812839529662e-15,1.22620159751033e-06,-3.83161971806118e-08,1.03755823833206e-15,-8.71420028632887e-09,2.56824830302376e-07,-1.91713265549957e-15,1.51393421034535e-15,2.7403628507116e-06,2.61158812932712e-09,1.80061892819274e-06,2.79935774953244e-16,-3.33534086340525e-07,-0.00111378832103122,-0.845879110015191,-7.15619913469378e-06,-1.38361121346071e-06,1.64065323994571e-08,-5.06013157543679e-15,6.57186559094402e-15,2.73685403750777e-15,1.30595102290919e-07,-1.17289746672861e-07,-4.59147566585661e-07,-2.52119478856334e-08,2.2356898087273e-15,8.41073500419821e-16,3.44163895535131e-16,-2.12258695940523e-15,6.75218658847375e-16,9.91447450723666e-08,1.15984907628091e-15,1.26767317820538e-15,-1.66936832110359e-07,9.56103810395065e-16,-1.48967345242651e-07,5.70339544420394e-16,-1.83716840237387e-07,-5.09220679381657e-16,-2.02673411041525e-07,-2.48591132434444e-08,-1.99019669108021e-07,8.86834175961265e-16,7.48894262862964e-07,-6.89632559647325e-16,2.56412002152219e-05,-1.46154798613219e-07,8.06346155355143e-10,1.54866637021793e-15,1.26519064619336e-06,-1.75897800339469e-15,-7.69983192924045e-06,-1.5198439045701e-07,-1.11941070230326e-15,-1.07775498321308e-18,-3.11115295623809e-17,3.192536913064e-16,-5.47381497272832e-09,-7.07252711938109e-08,-1.56526640206174e-08,-5.19819461452903e-16,-7.54246226150777e-17,-1.43806185899248e-08,1.17107558141646e-07,-7.25562604625721e-16,-1.46688869896778e-16,-6.54178400630143e-08,7.35565741037524e-17,-4.59495477220439e-07,1.89918168688775e-15,3.83136433473304e-07,1.39011833851305e-16,-5.94854965486884e-17,-6.07775984850083e-17,-4.50637439750763e-15,5.62279859342385e-16,-2.8642502855302e-15,7.05745474189656e-09,-4.933641998898e-08,1.30018943788319e-17,-3.27070222556689e-08,0.000155940752345592,9.71965030867589e-16,7.56147385477244e-16,-1.61790312237272e-16,4.44237862600897e-16,1.28397621632236e-07,2.04438422798966e-08,6.62116168393442e-16,3.52647399642288e-16,-2.68916446047521e-05,-7.41780141140954e-08,-1.12396606910162e-09,-1.20434432867994e-17,-3.68090574836521e-17,2.05814305859908e-17,3.01476665329719e-16,-3.34619894247127e-17,-8.24442612571355e-16,4.66692425468918e-07,-4.39914132755003e-07,-8.43068106902567e-08,2.27176922337494e-17,-7.14024048126405e-16,2.59557787115857e-17,7.20072295463294e-16,1.61193803922432e-16,1.95968228555227e-15,-1.69701811863131e-16,-3.30963315529336e-16,1.63233830865166e-16,-4.57838897816524e-17,-1.64082772246938e-16,8.67566759709531e-17,4.95256174048305e-17,-5.3150123648072e-17,3.97891102683808e-09,5.81082590527241e-16,1.9128828538201e-16,2.18791576945467e-17,5.59708948904243e-08,-7.42792268867744e-09,1.63999005269423e-16,-1.44119791034045e-09,5.06539217384415e-08,-1.78090279474026e-16,2.50608738070183e-16,-9.67968910687058e-08,-1.41652107553687e-16,1.22286195255936e-09,-9.33651964715315e-17,-6.052446339158e-17,-4.24526059797862e-18,-2.45322795290712e-16,1.29863703998481e-08,-1.61534988243036e-07,-1.40126203373094e-16,-2.30314657245113e-16,7.64792039867139e-17,8.63205046572258e-17,-5.60532523175006e-17,2.95695643100147e-16,3.63576311496154e-17,-1.71184363779182e-16,1.85035878724314e-09,1.74510114796234e-17,-1.16371573336253e-16,-2.85036743998506e-16,-1.70870160120459e-16,1.31743877382663e-17,3.92026534121066e-17,-6.3811644291551e-07,-4.26767322262237e-17,-5.68646389687349e-17,2.69110255542944e-08,-1.21894275802326e-16,5.22723987495515e-16,-4.68002854898559e-17,1.19501398148436e-16,2.20151658896049e-08,-1.78970893747537e-16,-1.7844530777679e-07,-3.42053995890708e-16,-4.62186503403495e-17,5.37333245594844e-16,-8.77247883032282e-16,1.64189258939754e-16,8.08375910243239e-16,6.40522432710574e-09,3.13148975883597e-16,1.65618427085742e-16,3.2668074435543e-09,-7.95437213132115e-07,-7.46830645870437e-17,8.88289043203976e-07,8.11590484733121e-08,1.27948640456792e-16,-1.38542574993422e-16,1.51212073829825e-16,-6.94618147697019e-17,3.26382058815633e-16,-1.3384258767142e-07,2.15526159925708e-17,1.55772167542808e-16,1.61152612330228e-16,5.33439384000202e-08,-1.36828877533319e-16,4.41155357102842e-17,-9.0539074863914e-17,-5.1585413685121e-17,-2.41635727785795e-08,-1.66099408048489e-16,6.5925963317834e-10,-8.87511566931003e-17,3.76036846430696e-16,1.84397892968505e-16,-1.08261985489468e-16,-1.32886751407558e-16,7.69981127545484e-17,-1.12033519721149e-17,-1.13363255192425e-08,-2.15069038898605e-16,-3.15037323708452e-16,4.75565267415657e-09,2.35673384233096e-17,-2.95207800381829e-17,-2.23359817837397e-17,5.09167171337786e-17,-2.30815689995656e-17,1.70197698015882e-16,-3.4248612612812e-08,-7.87402874286285e-17,4.3149944148769e-17,1.01690053223617e-08,1.02202855283747e-18,-1.83334864938119e-16,-3.38932223628198e-17,-1.11932644829493e-16,-1.36913225494681e-16,-1.00674490772978e-16,-1.78153440662097e-17,1.28434292213982e-16,-1.89514860335209e-17,-2.03690384075118e-16,-3.13233191306204e-17,-5.28184769499955e-09,1.74956556961391e-08,-1.60850517715478e-16,-5.11713440385426e-18,-6.45679976489998e-17,1.08664188791657e-16,2.24213009270002e-16,-4.34009767202499e-16,4.62691202681365e-17,-1.1982901384986e-16,-0.000908796634459061,8.35130417686721e-17,-5.81566462896317e-17,-3.29510221988272e-16,2.01231812319964e-16,1.91717173631928e-09,-7.58980388411122e-17,-3.02476190197392e-10,2.57126119883802e-16,-1.90908219845303e-16,-3.74671520920528e-16,-1.51168514630012e-16,6.79160489225533e-18,2.34096946119143e-16,1.27400968440584e-13,-1.29846513825339e-16,-4.44869331076235e-17,-1.21244595947129e-16,-5.89795607178671e-17,-1.48833176413267e-17,1.68335326329097e-16,5.25433049515684e-17,-1.43752825669426e-16,-5.34717537903848e-17,1.01174886638722e-18,-3.18051934991386e-17,-5.62863665057187e-17,-3.50473326157096e-17,-2.25405631659736e-16,2.7397850787183e-17,-3.54653956861522e-16,3.74498637417826e-18,-4.32220137463386e-17,1.5533999114484e-09,3.44256906667532e-16,-1.11238613375155e-15,-6.16303288892065e-17,-2.76765204316536e-16,1.00939656716184e-16,1.57166408120688e-17,1.16551727688098e-16,-1.24976365198163e-16,8.08814993909657e-17,3.86299113855572e-17,-2.91975645050346e-16,2.39118720237279e-16,-2.31506266749596e-17,-8.1754023562379e-17,1.6958786644491e-16,-1.90355373696982e-16,-3.51656899940243e-17,-1.97667068920391e-08,-2.80005422369639e-17,8.48449065991642e-17,2.65129335619174e-17,-2.67568414466265e-16,1.23095194327306e-17,8.84151966721426e-17,-2.23701893200714e-16,1.83377170916072e-17,-1.06457394241766e-16,6.62361092174456e-09,4.11829436239713e-16,7.80146990357884e-17,2.60684257912348e-18,4.86119047406339e-17,3.43776535170404e-17,2.39832792324737e-16,1.01028719735239e-16,-2.76891151523562e-18,-2.5326267392435e-17,1.36258551991729e-17,-7.66730577548784e-17,-1.17035796744613e-16,2.42409518722417e-16,2.06940121594939e-08,-1.81332475383399e-16,-3.19776492587798e-17,2.33113613108571e-16,-8.06646416329215e-17,-5.64912933916867e-09,-3.54646733907906e-16,-4.36043301571637e-17,1.70680245857084e-16,-1.07346889566691e-16,5.59281966120749e-17,2.25601935053111e-16,2.84948944897967e-16,2.79791628744057e-17,3.35919018146634e-18,-3.89738988337703e-17,-5.1108615241548e-17,2.88152088711438e-16,-1.82119173948179e-16,2.46237147159502e-17,-3.8039068215552e-17,1.46768528763276e-17,-1.77912641397582e-16
"t678",0.0266878651456996,-0.00252204628071935,-0.00223144416615039,-0.000354844295077322,-0.0119180776340372,0.102486022849091,0.0174922803681098,0.000112473763454896,0.0270281996333273,-0.0209877105242282,-0.00399684580539582,0.00305088298629446,-0.00589793245784654,-0.00123120920762881,-0.0320473598338639,0.000718782697092218,0.000511790782634771,-0.000106864649375382,0.00407964513493129,0.000671337440458124,-0.000166752666850546,8.21605346489975e-05,-0.00283148891366168,0.000487098914952466,-8.87751366298996e-05,0.127767596906604,0.00682344967145599,-0.000362132327675926,0.000843361558651799,0.00170443984830601,5.84960192995866e-05,-0.00242293932202074,-0.00013877945913321,0.00125908448255225,-0.000129308808574312,-7.4367821457648e-05,-3.40424655866165e-06,-0.202637081241063,0.000886934183624718,0.000121917253433072,0.0002908975663415,-0.000487359256073661,2.25068318614003e-05,-0.000382286404803642,8.29847147635872e-05,-1.69029165346123e-05,3.12979269208046e-06,-4.63827106681335e-05,0.00063630453895047,-0.00122389735512034,7.12912621536792e-05,-6.66928210104998e-05,1.27650739683311e-06,-2.7458180435219e-05,0.0005621739439848,-0.026026308590602,2.42437573129652e-05,-0.000205318627475456,0.000772399870682962,-8.44858651311307e-06,-8.90095628110908e-06,0.00013198230925493,-0.000313496861121503,0.000237602701811199,-0.00022718052964227,6.64602340805817e-05,-7.7478033482724e-05,0.0569508344099052,-0.000606109140024368,0.198792390112532,7.85425055591302e-06,-1.08644242899098e-05,0.00063085840877958,1.9260880693405e-05,-7.96457150891512e-06,-7.00443414233759e-07,6.43010880336342e-05,-8.82150960993827e-06,0.000430578533383475,0.0142990055774245,2.03663988497423e-06,2.44031945814831e-05,1.67698509089676e-05,6.67321573823432e-06,-3.27497031687444e-06,-7.1241031235137e-06,8.06896419718625e-07,1.35141381517926e-06,2.629245316505e-08,-9.67551475605788e-07,2.04580769811007e-06,2.31818858553723e-09,2.89954163542057e-05,-3.94838989963651e-06,-4.41152155691379e-07,-2.11413290170944e-06,-2.49416547410836e-07,1.63030855327499e-06,-1.9695762089924e-05,-8.61340181344214e-05,-0.00084492491703212,8.59450687173648e-07,-0.011781182284846,6.50937033796178e-06,-3.49119615567422e-06,9.10354329379838e-07,-0.00101670435139532,-2.58865714447942e-06,3.32617413869943e-05,-1.68600959652961e-08,-1.79287656639133e-07,1.6862254196752e-06,-5.63182488289448e-07,1.09955432922139e-06,-3.71336835615558e-07,1.56423277590159e-06,-2.70541638849631e-05,4.05312879124486e-05,-0.00806685391733741,1.76771804873693e-08,-2.00738862536454e-06,9.33971386580572e-06,-0.000160725525038362,-0.000608558419484784,-1.21396479096122e-06,-1.23589519570154e-05,1.31550723542293e-06,-1.80928763310411e-05,4.79726133633311e-05,0.0016753274702978,1.27197224007992e-05,0.000228041702918705,5.88973544883984e-06,-6.52226927651094e-05,-3.37853902234445e-07,-0.000680476252137911,1.46470361858813e-05,1.3785196715338e-05,-0.000178577275588912,0.000637128756874367,-9.87227128072606e-06,-9.87540101048864e-08,-0.000189392059015514,3.01751599966569e-05,9.77416012650836e-09,1.77575745457941e-07,3.93234993006276e-07,-6.80043426798288e-07,-3.6322980462268e-08,0.00015193677600224,4.39710726568825e-08,1.39537054944194e-07,1.84489264881861e-08,-5.4700838959258e-07,-3.35118230297288e-08,-5.47040087151306e-08,9.01667776500191e-07,-1.23475014883164e-06,-6.59915391840842e-07,-2.20284646562858e-07,-1.12073805032464e-06,1.64807211889483e-07,-1.1802379958803e-06,-1.73848439590741e-06,1.18180258842989e-06,-8.15455325888903e-07,1.30914053337937e-05,2.24101092705275e-07,1.11457529296859e-05,1.12235302114058e-06,-1.93045656889075e-06,-3.39899395651301e-07,4.01239063319513e-08,1.33735614801755e-06,2.56597986268516e-07,3.76312915215565e-05,2.27135602913692e-08,-8.62858543917968e-07,-8.06725737803528e-06,-3.93898830923568e-06,1.56727540747235e-05,4.10221877927931e-06,-8.44204954718722e-07,-3.30185823854294e-09,-9.79632747384772e-08,-2.61089744886686e-08,-4.47401960936908e-05,1.12894286765158e-05,5.07987660018296e-05,-5.01797756221666e-06,-1.88134901720983e-06,7.87111836470987e-06,0.0108907665939045,-1.09051848983143e-09,-1.16929414004779e-08,-1.07162380103218e-06,-2.19039254789502e-06,-1.47336869854606e-07,1.59014131262886e-06,8.44648398340063e-07,8.47195136185436e-07,1.27085270053066e-05,-2.69048698844439e-08,-4.59558553885086e-07,-7.88373551710729e-06,-3.36045075328607e-06,5.32414045983101e-06,2.46559033518189e-06,-4.35395545889911e-05,-2.7906464047338e-08,-0.000213020152289962,3.13433945988594e-06,-1.70671863248742e-05,-3.1430473820549e-05,-1.8170862837612e-07,-1.4462559641657e-06,5.4883942431252e-07,3.8012998856066e-07,-1.93978428870558e-05,-0.106676912370811,0.000119277532192559,-2.58140786318902e-05,-4.71631367743578e-06,-1.68884667045281e-05,0.000881796869082025,1.82358861337242e-06,0.000224237555763452,5.88467670464772e-07,1.01146668071255e-05,7.13507383771621e-06,-1.69417159838018e-06,-3.39338724549454e-07,-2.30575166465942e-06,-0.000131890361256734,2.16198101496058e-07,5.75470344564949e-08,0.00480343991455978,3.83729004394784e-16,-4.43770000719975e-08,4.01665687822274e-07,2.78063261611089e-08,1.29835112165109e-07,0.000236206102204345,1.10426259381056e-07,2.66995995201801e-07,-7.11446553790921e-08,1.33899276681269e-08,-8.27802051365554e-10,1.55241171096137e-08,-1.58014144696742e-06,3.8602705313092e-09,-4.00248942917784e-07,2.55478492371111e-07,-4.18275577882818e-10,1.54943253323145e-11,-3.76910052969485e-10,-4.10201159178087e-11,7.96321536537935e-10,2.30803922452359e-10,1.01837961802233e-09,-7.26786068038733e-09,1.77987464332473e-08,-2.61949748316014e-07,2.14710864414044e-08,-3.28708943537126e-08,1.15985138583881e-08,-4.79752246021643e-10,-2.00321475827375e-06,3.28236395659466e-08,-3.74173157059476e-08,-1.30753782614477e-09,4.1847127914362e-08,-4.36846152932881e-08,1.62963345224504e-07,-2.95102862850069e-07,6.38679930568421e-07,-6.63902774182286e-07,6.51061648217802e-08,-0.00182670670362776,-6.76787727339317e-08,6.07139960517992e-07,5.2054282700454e-15,5.92026397612304e-06,2.31703630968878e-07,3.82476974920894e-11,9.27584671096868e-07,-0.475523181773477,-3.55346782689778e-06,-4.21416415463441e-07,1.21689480701157e-08,-5.41083786073634e-07,3.18535674726093e-05,6.16282965183578e-07,-3.6743703020963e-08,5.30424326123713e-06,-6.28081605842118e-06,1.62365393515185e-06,-2.44410609098765e-06,3.31216970444114e-07,1.35045281245255e-07,8.89367103150936e-09,5.12185648947647e-06,-2.66238503589743e-06,1.18080108588786e-08,-0.000106655051923341,4.02213851874594e-07,-1.46313026199801e-06,0.000153567695896978,8.85141420997729e-07,4.58950273034999e-07,-1.46208993226384e-07,-2.82816926253987e-05,9.511678766854e-08,-4.36292744737584e-07,1.23249304239463e-07,1.14175485751103e-06,-2.19805287086459e-06,-1.32100875230141e-16,6.41542125909314e-09,3.38883670646134e-07,-3.10691847785118e-08,1.81310372484896e-06,2.01845077134892e-08,4.74736372405021e-07,1.10834274652831e-06,-1.4550824966189e-06,0.000169032777898154,1.36122984021704e-17,-4.32667509690854e-06,-3.49295872801982e-09,-1.49904547633839e-07,6.25204700381457e-08,0.000714537439539939,-6.8592548716042e-08,-2.72802773005052e-06,7.32019670714104e-07,-3.06502801056015e-07,4.61013518596728e-06,-6.21154825617707e-08,-1.69016165305397e-06,-7.86680588177675e-09,-1.11331176498889e-09,-1.67997646876224e-06,8.87105946693447e-08,-1.8194104595119e-06,-1.46748652325175e-17,-4.66655981910395e-07,3.66203807276085e-08,1.05537678594843e-09,9.27111483263464e-09,-3.42068826282936e-06,-7.01407055900578e-06,3.13162201604567e-07,-1.13825567053074e-06,-1.8073511990973e-05,-2.00029958512379e-17,-1.15591230846867e-06,-4.01329966892883e-08,-1.45073853773572e-06,6.65017947132201e-14,4.405776258498e-06,3.45102304207097e-07,-5.27242542878707e-08,-2.22173366789227e-06,-7.38100836098037e-07,-3.93205883352939e-07,-1.24715043391874e-06,3.93259453784099e-07,2.78252662305922e-07,1.53988471642047e-08,8.55766231138633e-07,1.09069895836429e-07,-3.03717309673235e-17,-4.65509517354674e-08,0.000211424267384176,6.51818214004875e-07,-1.00802649597263e-06,-2.35483677146351e-16,-8.70215318182054e-08,1.60810018324468e-08,-4.38487673090808e-07,-2.60951699299106e-08,-9.85388995163935e-07,9.25093638080997e-08,-1.22735913854152e-06,1.91640240357183e-06,1.23589054230433e-17,6.9581340953219e-06,-1.17200374850175e-07,3.29868634153909e-07,8.62018486475223e-06,-7.09786962124662e-08,-5.88016529164335e-09,-4.5102810375397e-17,6.9638863775901e-17,-5.67712904942397e-09,-6.42570967646316e-08,8.4737626573395e-09,-9.65592917782427e-07,4.74696732314039e-15,-4.59708484726103e-07,-5.4373058794495e-09,1.43760862314819e-16,-2.32332132206186e-17,9.37391552325614e-17,1.1592241015831e-06,3.04579700214074e-07,-3.34090924793057e-07,3.03284010261179e-06,4.02402900591798e-05,2.66718980480511e-07,-1.1579482533228e-07,2.97671376528257e-17,-2.55548595579888e-08,7.19583171961275e-08,9.81484724110663e-17,-5.03151773359851e-17,-4.56960220074185e-08,-2.76890685721974e-10,-2.72485647710116e-08,1.66629384275089e-06,2.72016137613704e-08,-1.1432047401415e-07,3.26064926814323e-16,-1.04549918908356e-05,-1.42809838484896e-16,-1.32213654721476e-06,-5.26271734524464e-16,-3.10934222440976e-08,-1.59097871561971e-16,1.29701761546234e-07,3.42979659169213e-08,2.10503383781854e-07,0.00106092826067417,2.10456791498934e-09,-8.18710424535511e-09,5.67899674231519e-08,2.10813960353517e-08,1.13896359091753e-06,1.05847466202746e-07,2.1555305588014e-08,-6.13632687051567e-08,-1.18506199297814e-06,-9.66222667365561e-08,-2.97764788899541e-08,9.33084248607033e-17,2.80638625770054e-07,-4.86722479425519e-08,2.56000805966431e-08,-3.70437319602e-17,5.03911524156915e-08,3.68428090962448e-05,4.36687934726421e-07,-4.25844156441027e-16,-1.06239893415085e-07,-6.36314727479655e-07,1.9056079214021e-17,-7.55442247832391e-08,1.72041486147201e-07,1.12869162112883e-17,-4.23826380990758e-17,-6.36956935577593e-09,-3.81697840086431e-07,-2.184132806292e-09,-3.0477321003906e-06,0.000100950760876236,2.04106258697168e-08,2.26443600420115e-07,1.93908064472448e-07,-7.91199346615831e-06,-5.51316804708879e-16,9.09148728114125e-10,7.00244002195579e-09,1.93936080203543e-08,1.82212826747041e-06,2.09769688849318e-17,2.33023464607744e-17,6.02510051817776e-07,-5.37765281097647e-17,-3.7953832661798e-16,2.65265570943465e-07,-3.9287897977344e-07,-7.35658130291754e-08,-4.42656014173905e-08,1.9168815819302e-06,5.00973867487345e-07,1.55663505191428e-07,-1.97780479583088e-16,3.71156792571651e-07,1.74769490129629e-08,8.04206214342338e-08,-7.36687826667217e-08,2.99826121254254e-07,4.09585868128484e-17,1.04922690856508e-16,-2.31054683644545e-16,-3.10112813638093e-07,-1.65153279310526e-08,-0.000447180848979859,9.99600044603908e-17,-1.04455817271957e-08,-9.28626846625275e-17,-3.32412191699283e-16,2.04988210731915e-06,-1.35971835444963e-05,-2.30284541435921e-16,-1.30800203545324e-06,-6.30891102763175e-08,7.49936510628053e-16,1.57762545811778e-07,3.60779823981028e-15,7.36522037172436e-07,-1.05216556049752e-16,7.49075211208309e-07,5.92237557300793e-07,2.18385665617747e-08,2.34920563284776e-07,1.72441077540273e-06,-1.13131772716806e-07,0.082954002474709,3.60412581521779e-16,-6.97501622844773e-07,3.25615551329032e-08,1.15917244567896e-15,3.33041601736496e-09,4.1560240570184e-08,-5.66467893878635e-09,3.35996354557116e-16,8.46050334205763e-09,1.58715863665683e-08,-3.65026225790521e-16,-9.5374299095327e-07,-1.46311352308659e-07,-9.18533877962745e-10,1.5665964967283e-16,3.92390665313866e-16,2.39061674340566e-08,9.00995468325705e-08,7.42736296374097e-09,-1.45472489542423e-08,7.65530864934808e-08,-3.61410295467208e-16,-1.91983017306103e-16,2.87118423912638e-07,1.98581212595332e-09,-1.90050647573109e-16,7.28110488127014e-07,-3.78734359191391e-16,3.54342747875608e-08,-1.54320326387207e-07,-9.05515127324775e-08,-6.10471311550573e-07,-1.75655578846048e-18,-2.19380566080005e-16,2.91601921677309e-16,1.53451618087044e-17,-5.19205296003909e-09,-1.82694718774784e-08,-4.47914059299658e-16,2.06389022963269e-18,-4.65423034065314e-16,2.71380548534988e-08,2.49912626745138e-10,-1.47673284577898e-08,-3.63712058303797e-16,-1.08929792269619e-15,-1.44312730168683e-15,-8.63435016024307e-07,2.6780955914496e-08,-5.04189954959149e-16,5.59500766682602e-09,-1.59271486255487e-07,1.05290707544688e-15,-1.18604904408965e-15,-1.56398709668877e-06,-1.4804759716479e-09,-9.71121551828994e-07,-1.24127011752013e-17,1.6520585563561e-07,0.000525825161888405,0.372951613499497,2.8648463417306e-06,5.39362090441745e-07,-6.07945582799911e-09,2.16789908178162e-15,-2.58722478141766e-15,-1.1889302896181e-15,-3.52699857793863e-08,3.15090866119205e-08,1.17952295773748e-07,5.0587176483362e-09,-4.19499459911417e-16,-8.12010813315731e-16,-2.88004585993221e-16,1.21566815773597e-15,-3.95607661832407e-17,-1.45530691083699e-08,-4.99023871791292e-16,-7.51148117631432e-16,2.11920725859905e-08,-5.47704082586183e-16,1.87560067278705e-08,-1.34710236858338e-16,2.28103319424527e-08,3.75050993158024e-16,1.85264835957621e-08,2.08527038822789e-09,1.44427304124147e-08,-1.94869882007247e-16,-4.4145854742983e-08,2.53862596841082e-16,-7.75038419554624e-07,-7.33068026806044e-10,5.23711389289071e-12,-1.29287107976085e-15,2.53893761929384e-08,9.00543643718933e-16,-3.14405879682718e-07,-6.35748542841117e-09,5.48877345564953e-16,2.51549946729483e-16,1.90744133611391e-16,-2.02241443065903e-17,-3.1915322640868e-10,-4.42529031921878e-09,-1.05620004303815e-09,3.025965997746e-16,8.23949496278714e-17,-1.29843399716678e-09,1.06895010989518e-08,3.02020228753477e-16,9.29174223481374e-17,-7.7317722102308e-09,-3.17871662460895e-17,-5.6856478828545e-08,-2.16498590112544e-18,5.34187566383464e-08,1.91210965476704e-16,-4.75442622557133e-17,-2.80484678288931e-16,2.14081229955206e-15,-9.84426144040828e-17,1.00200768930058e-15,1.19732213531861e-09,-8.38894923694247e-09,-1.54443041366727e-16,-5.89040895072127e-09,2.87295147755096e-05,-2.39279451047297e-18,1.76854047385445e-17,7.50114633405311e-16,-4.84066586284465e-16,2.5885993309009e-08,4.20241329239499e-09,-3.89874619563768e-16,8.4860378474353e-17,-5.64499397377133e-06,-1.56129911338809e-08,-2.38705546592584e-10,-2.83407587027463e-16,-1.75301018519634e-16,-2.05834538366055e-16,-5.34777862780491e-16,-1.30255369857335e-16,-1.76589805763933e-17,1.12944171522715e-07,-1.07635006798367e-07,-2.08490474706915e-08,7.28179151875633e-17,4.68926154791186e-16,5.59491081259652e-16,-3.24803881916639e-16,5.73249894078185e-17,-7.22921956298719e-16,6.1453761462724e-16,2.64429826144029e-16,-3.82626513290678e-16,-1.74262223257407e-16,6.12577593804433e-16,-2.5521297450528e-16,2.63951980837879e-16,-5.99455706692661e-16,1.15022080162957e-09,-9.13863020262283e-17,-3.31357768865603e-16,3.65172748727265e-16,1.64718382696636e-08,-2.19484484120072e-09,-1.54754809206013e-15,-4.26916747703744e-10,1.53227296931508e-08,5.77588939377199e-17,-4.99395631687779e-16,-3.00231295513771e-08,-4.82176917768406e-17,3.90509249237707e-10,7.4768746382949e-17,-2.58301340470946e-18,9.0231431735455e-17,1.0825250884899e-15,4.32881661841353e-09,-5.39955278754209e-08,2.71509136973724e-16,5.34470218725297e-16,5.35285520118524e-17,-7.52075339791506e-16,-2.82651506366971e-16,-5.809123598404e-16,-6.21433550426425e-16,-2.24848830236136e-16,7.01624968549636e-10,4.78182319659048e-16,-3.48112969311002e-16,-7.85852748358175e-16,-5.56273027621849e-16,-2.4261267775723e-16,-3.88037194701897e-16,-2.47674796878791e-07,-4.56599552979468e-16,-3.32132633634359e-16,1.04887558936502e-08,-3.50155404131278e-16,-1.07190977481779e-15,-7.94215838884754e-16,8.59789981860191e-16,8.98735555346501e-09,3.47800258611522e-16,-7.34191506787447e-08,1.4786593010953e-15,-1.298636751184e-17,5.26080257791012e-16,-1.25572083859034e-15,-1.02171554775258e-15,2.08662119784505e-15,2.67659613436168e-09,-2.9941115768313e-16,2.06460055222681e-16,1.38098438001646e-09,-3.36450508037841e-07,-5.9528510403875e-16,3.79385095455358e-07,3.47667734192046e-08,1.78460492426225e-15,-1.0940329495088e-15,6.88981940416736e-16,7.14137660535214e-16,-5.33972555483047e-17,-5.97948967529062e-08,5.6250820750442e-16,-9.57669383950428e-16,1.30809112211978e-15,2.40750704956673e-08,-1.94672108847098e-15,4.94102624136065e-16,5.80634101954409e-16,3.1978441531583e-15,-1.10487869751113e-08,6.08970385734671e-15,3.02639775382413e-10,-1.81620498315068e-15,-3.5847172421797e-16,-2.59801263697646e-15,1.60511606545032e-15,3.92641572955118e-15,3.92769396587701e-15,-3.01249789546351e-15,-5.31056046335351e-09,-8.02369381784593e-15,7.79655266994511e-15,2.23868349844834e-09,-9.59690377043432e-16,6.02644739452865e-15,-4.76306682850392e-15,2.09352230198859e-14,2.04485704918398e-14,-0.707106781186547,-1.63643470748826e-08,4.12366256840612e-14,-2.2037456405248e-14,4.89052660314381e-09,1.32023520752495e-14,-4.12739217671259e-15,5.55447181867162e-15,8.64669885147892e-15,-7.98652649005239e-15,6.93462928260098e-15,-7.30456852203146e-15,-1.61012054405805e-15,-6.41436976119935e-15,-8.81194660063272e-16,-4.19732968465462e-15,-2.59939357417787e-09,8.63332783162905e-09,7.69578430613445e-16,4.10330173290191e-16,1.14624933656552e-15,2.90544183466019e-15,-6.38595079593962e-16,-6.07372251629679e-16,-2.36491719916077e-15,1.55075386883782e-15,-0.000454615630931991,6.82147106145791e-16,2.30239729428097e-15,1.8218046609914e-16,4.27901033302166e-16,9.69855692570817e-10,-8.61595106281651e-16,-1.54898148229407e-10,-2.51802347783683e-16,1.76076267457826e-16,-7.33338951157272e-19,-7.08129270668756e-16,3.32001919577425e-16,-2.10064505648054e-16,6.37397735672516e-14,-3.85775848192843e-16,-5.68550790835036e-16,6.28245442498989e-16,4.28751074535654e-16,-2.8384915070847e-16,-1.20043201631802e-16,-5.48164240402908e-16,-1.10616785543337e-15,-1.36257482707041e-15,-6.80463377524966e-17,6.14620881302191e-16,8.98907843646984e-16,-5.99544135821871e-16,2.45897052719712e-16,3.56721517429357e-17,-3.76306925830195e-16,-5.06358169462848e-17,-1.91528782276015e-16,8.29316233238247e-10,-3.16941561280599e-17,5.56311477253771e-16,-5.34204600752022e-16,-2.92807364623616e-16,7.27469470901328e-17,7.68483008294121e-17,8.85046642012114e-16,2.4942636371895e-16,1.80287517460891e-16,-5.5569326200801e-16,3.32524806301304e-16,1.59917167051025e-16,-7.35856134595937e-16,1.15764212135231e-16,1.05520492629346e-16,-5.7547720701654e-16,-1.46005954672229e-16,-1.08243799687101e-08,4.69341306035218e-17,8.74555809603704e-17,-8.1752498917336e-17,-3.33930104906007e-16,2.89505078282829e-16,-1.98646376366441e-16,-2.69393012317706e-16,2.8384025032819e-16,6.37801072014361e-17,3.71596493384842e-09,9.61378133403003e-17,1.16079732458039e-16,7.21403775362008e-18,1.88717813426515e-16,2.1604131099069e-16,-1.08761505218322e-16,-1.52828724936423e-16,-1.77865364650433e-16,-1.16276789250053e-16,4.37960539404891e-17,6.77754970788619e-17,3.22912086111576e-17,-1.07351754041809e-16,1.18736872699914e-08,4.71978655078704e-17,4.07676819480975e-17,-4.6085137481182e-16,-4.412702842016e-16,-3.27359885711197e-09,6.13296991249881e-17,7.8228745129003e-17,-5.25412925915125e-17,9.21659468659394e-18,7.55497521253142e-17,3.2832016141013e-16,-1.78104960982337e-16,-6.95023643712416e-17,-3.28918976925077e-18,-9.34062382858938e-18,4.85108873092508e-17,5.64662764664014e-18,-5.99855579295524e-17,1.10843125029958e-17,-2.27685769556109e-17,8.74313385878473e-17,-1.89285733159115e-16
"t679",0.0266878651456996,-0.00252204628071934,-0.0022314441661504,-0.000354844295077317,-0.0119180776340372,0.102486022849091,0.0174922803681098,0.0001124737634549,0.0270281996333273,-0.0209877105242282,-0.00399684580539582,0.00305088298629448,-0.00589793245784656,-0.00123120920762881,-0.032047359833864,0.000718782697092228,0.000511790782634775,-0.000106864649375382,0.00407964513493129,0.000671337440458115,-0.000166752666850491,8.21605346490095e-05,-0.00283148891366167,0.000487098914952466,-8.87751366298894e-05,0.127767596906604,0.00682344967145603,-0.000362132327675952,0.000843361558651788,0.00170443984830601,5.84960192996027e-05,-0.00242293932202071,-0.000138779459133222,0.00125908448255228,-0.000129308808574324,-7.43678214576577e-05,-3.40424655865976e-06,-0.202637081241063,0.000886934183624687,0.000121917253433136,0.000290897566341496,-0.000487359256073696,2.2506831861405e-05,-0.000382286404803621,8.29847147635759e-05,-1.69029165345988e-05,3.12979269208958e-06,-4.63827106681101e-05,0.000636304538950422,-0.00122389735512036,7.12912621537047e-05,-6.66928210104124e-05,1.2765073968123e-06,-2.7458180435206e-05,0.0005621739439848,-0.0260263085906021,2.4243757312977e-05,-0.00020531862747549,0.000772399870682843,-8.44858651309868e-06,-8.90095628110743e-06,0.000131982309255005,-0.000313496861121553,0.000237602701811174,-0.000227180529642235,6.64602340805654e-05,-7.74780334827677e-05,0.0569508344099053,-0.000606109140024375,0.198792390112532,7.85425055579913e-06,-1.0864424289892e-05,0.000630858408779543,1.92608806934799e-05,-7.96457150892734e-06,-7.00443414239899e-07,6.43010880336277e-05,-8.82150960992722e-06,0.000430578533383452,0.0142990055774242,2.03663988496872e-06,2.44031945814606e-05,1.67698509089505e-05,6.67321573819285e-06,-3.27497031687203e-06,-7.12410312349592e-06,8.06896419756138e-07,1.35141381520792e-06,2.62924531481525e-08,-9.67551475553746e-07,2.04580769810393e-06,2.31818858727195e-09,2.89954163542057e-05,-3.94838989964467e-06,-4.411521556909e-07,-2.11413290164273e-06,-2.49416547411862e-07,1.63030855330154e-06,-1.96957620899263e-05,-8.61340181344083e-05,-0.000844924917032163,8.59450687157279e-07,-0.011781182284846,6.5093703379416e-06,-3.49119615565325e-06,9.10354329382359e-07,-0.00101670435139534,-2.58865714448576e-06,3.32617413869953e-05,-1.68600959159649e-08,-1.79287656663619e-07,1.68622541966176e-06,-5.63182488302581e-07,1.09955432921867e-06,-3.71336835625331e-07,1.5642327759109e-06,-2.70541638849248e-05,4.05312879124453e-05,-0.00806685391733736,1.76771804845851e-08,-2.00738862536754e-06,9.33971386580339e-06,-0.00016072552503837,-0.000608558419484776,-1.21396479088067e-06,-1.23589519570137e-05,1.31550723545936e-06,-1.80928763310511e-05,4.79726133633424e-05,0.00167532747029779,1.2719722400801e-05,0.000228041702918724,5.88973544888391e-06,-6.52226927651271e-05,-3.37853902094954e-07,-0.000680476252137499,1.46470361858702e-05,1.37851967153686e-05,-0.000178577275588929,0.000637128756874374,-9.87227128070246e-06,-9.8754010050429e-08,-0.000189392059015511,3.01751599965512e-05,9.77416000372246e-09,1.77575745460081e-07,3.93234993005818e-07,-6.80043426805818e-07,-3.63229804589614e-08,0.000151936776002201,4.39710727188989e-08,1.39537054951931e-07,1.84489266181345e-08,-5.47008389575396e-07,-3.35118230086998e-08,-5.47040087234522e-08,9.01667776491086e-07,-1.23475014875562e-06,-6.59915391835813e-07,-2.20284646537037e-07,-1.12073805031287e-06,1.64807211881819e-07,-1.18023799589656e-06,-1.73848439592281e-06,1.18180258839171e-06,-8.15455325902362e-07,1.30914053337923e-05,2.24101092708955e-07,1.1145752929698e-05,1.12235302116629e-06,-1.93045656892025e-06,-3.39899395624945e-07,4.01239063647671e-08,1.33735614799752e-06,2.56597986266586e-07,3.76312915215561e-05,2.2713560264982e-08,-8.6285854393251e-07,-8.06725737804284e-06,-3.93898830903966e-06,1.56727540747179e-05,4.10221877929853e-06,-8.44204954714356e-07,-3.3018582501829e-09,-9.79632747453734e-08,-2.61089745174251e-08,-4.47401960936895e-05,1.12894286765322e-05,5.07987660018109e-05,-5.01797756245295e-06,-1.88134901719247e-06,7.871118364711e-06,0.0108907665939046,-1.09051849200014e-09,-1.16929414111541e-08,-1.07162380103443e-06,-2.19039254789342e-06,-1.47336869990098e-07,1.59014131265058e-06,8.44648398366228e-07,8.4719513619003e-07,1.27085270053246e-05,-2.69048698996617e-08,-4.59558553895835e-07,-7.88373551710261e-06,-3.36045075327951e-06,5.32414045982706e-06,2.46559033504744e-06,-4.35395545890016e-05,-2.79064640327977e-08,-0.000213020152289938,3.13433945985439e-06,-1.70671863247531e-05,-3.14304738205546e-05,-1.81708628364344e-07,-1.44625596413753e-06,5.48839424384427e-07,3.8012998854985e-07,-1.93978428870848e-05,-0.106676912370811,0.000119277532192544,-2.58140786317938e-05,-4.71631367749909e-06,-1.68884667044969e-05,0.000881796869082171,1.82358861332965e-06,0.000224237555763446,5.88467670443059e-07,1.01146668070914e-05,7.13507383775507e-06,-1.69417159835004e-06,-3.39338724522984e-07,-2.30575166469593e-06,-0.000131890361256635,2.16198101504247e-07,5.75470345736779e-08,0.00480343991455975,3.22701137198543e-16,-4.43770000258033e-08,4.0166568784309e-07,2.78063261858977e-08,1.29835112145589e-07,0.000236206102204118,1.10426259558918e-07,2.66995995203713e-07,-7.11446548855023e-08,1.33899277210201e-08,-8.27802061676009e-10,1.55241171064252e-08,-1.58014144698653e-06,3.86027054020132e-09,-4.0024894295094e-07,2.5547849233167e-07,-4.18275707396802e-10,1.54943113461065e-11,-3.76910071116792e-10,-4.10201180315497e-11,7.96321567980222e-10,2.30803834640014e-10,1.01837957517575e-09,-7.26786069682947e-09,1.77987465381362e-08,-2.61949748330067e-07,2.14710864575856e-08,-3.28708943723022e-08,1.15985139241739e-08,-4.79752243100972e-10,-2.0032147582793e-06,3.2823639539779e-08,-3.7417315746829e-08,-1.30753783858215e-09,4.18471279050551e-08,-4.36846152965842e-08,1.62963345180539e-07,-2.9510286282137e-07,6.38679930545401e-07,-6.63902773984337e-07,6.51061647230104e-08,-0.00182670670362788,-6.76787727181329e-08,6.0713996049733e-07,5.2468178221759e-15,5.92026397614507e-06,2.31703630965749e-07,3.82476335690557e-11,9.27584671117784e-07,-0.475523181773475,-3.55346782669836e-06,-4.21416415376459e-07,1.21689480419804e-08,-5.41083786033469e-07,3.18535674725792e-05,6.16282965246705e-07,-3.67437030733444e-08,5.30424326122334e-06,-6.28081605837307e-06,1.62365393513458e-06,-2.44410609103473e-06,3.312169701143e-07,1.35045281175979e-07,8.8936709456973e-09,5.12185648957842e-06,-2.66238503580197e-06,1.1808010916496e-08,-0.000106655051923369,4.02213851861449e-07,-1.46313026203513e-06,0.000153567695896995,8.85141421097879e-07,4.58950273155243e-07,-1.46208993145501e-07,-2.82816926254418e-05,9.51167876791313e-08,-4.36292744647502e-07,1.23249304195199e-07,1.14175485766631e-06,-2.19805287079629e-06,-8.80742187996418e-17,6.41542128698451e-09,3.38883670611771e-07,-3.10691846774642e-08,1.81310372488608e-06,2.018450769595e-08,4.74736372209559e-07,1.10834274647026e-06,-1.45508249662733e-06,0.000169032777898358,2.9869401014443e-17,-4.32667509691369e-06,-3.49295872082038e-09,-1.49904547683054e-07,6.25204699827062e-08,0.000714537439539897,-6.85925487538512e-08,-2.72802773003254e-06,7.32019670654138e-07,-3.06502800998428e-07,4.61013518600047e-06,-6.21154825640411e-08,-1.69016165288733e-06,-7.86680586057068e-09,-1.11331188403429e-09,-1.6799764687002e-06,8.87105947303146e-08,-1.81941045938909e-06,2.20303259778876e-16,-4.66655981723309e-07,3.66203806484618e-08,1.05537675900613e-09,9.27111473992431e-09,-3.42068826286629e-06,-7.01407055888304e-06,3.13162201686729e-07,-1.13825567051165e-06,-1.8073511991103e-05,3.5315019896252e-17,-1.15591230858889e-06,-4.01329965973489e-08,-1.45073853793166e-06,6.61413129651674e-14,4.40577625836954e-06,3.45102304184375e-07,-5.27242541644542e-08,-2.22173366807268e-06,-7.38100836046919e-07,-3.93205883637896e-07,-1.24715043397512e-06,3.93259453858308e-07,2.78252662383045e-07,1.5398847071074e-08,8.55766231215043e-07,1.09069895739444e-07,6.97239210096013e-17,-4.65509516079856e-08,0.000211424267384945,6.5181821412919e-07,-1.0080264960917e-06,-8.43936758044825e-17,-8.70215316049227e-08,1.60810018238816e-08,-4.38487673258545e-07,-2.60951700825172e-08,-9.85388995040012e-07,9.25093637980265e-08,-1.22735913848512e-06,1.91640240361865e-06,4.46901937478981e-17,6.95813409548451e-06,-1.17200375553714e-07,3.29868634132788e-07,8.62018486491151e-06,-7.09786958112265e-08,-5.8801656142189e-09,-1.56125112837913e-16,-3.2457361252831e-16,-5.67712896051754e-09,-6.42570968761418e-08,8.47376309332092e-09,-9.65592917864166e-07,4.67765488873952e-15,-4.59708484720315e-07,-5.43730574529316e-09,1.88566389163862e-16,-6.33974551174643e-17,4.5697853160801e-18,1.15922410158389e-06,3.04579700202778e-07,-3.34090925000511e-07,3.03284010223152e-06,4.02402900592004e-05,2.66718980455748e-07,-1.15794825352809e-07,-4.80762508600867e-17,-2.55548596967245e-08,7.19583172595554e-08,5.06153605415102e-17,2.2559786084792e-17,-4.5696021883964e-08,-2.76890590589504e-10,-2.72485650581666e-08,1.66629384268642e-06,2.72016135009647e-08,-1.14320473899917e-07,4.13492279498096e-16,-1.0454991891126e-05,1.07766568193446e-16,-1.32213654743004e-06,-1.61004022614097e-16,-3.10934219450433e-08,-9.14232036858625e-17,1.2970176170176e-07,3.42979658422184e-08,2.10503383956717e-07,0.00106092826067372,2.10456770287787e-09,-8.18710432703979e-09,5.67899677786033e-08,2.10813962075546e-08,1.13896359050925e-06,1.05847465994892e-07,2.15553055515412e-08,-6.13632686879323e-08,-1.18506199295101e-06,-9.66222667244249e-08,-2.9776479059085e-08,-7.58242363509171e-17,2.80638625750731e-07,-4.86722479536857e-08,2.56000806951433e-08,-3.88689687764845e-17,5.03911523363421e-08,3.68428090962288e-05,4.36687934974997e-07,-3.67317375554318e-16,-1.06239893213827e-07,-6.36314727303713e-07,3.65111945652598e-18,-7.55442249295441e-08,1.72041485980183e-07,-1.5630938601951e-16,-1.88100112374011e-16,-6.36956909356179e-09,-3.8169784011105e-07,-2.18413304330958e-09,-3.0477321003399e-06,0.000100950760875661,2.04106261554974e-08,2.26443600168291e-07,1.93908064473123e-07,-7.91199346629286e-06,-1.9895109865109e-16,9.09148552370618e-10,7.00244017148312e-09,1.939360803454e-08,1.82212826755221e-06,7.25908754925498e-17,2.80778603684065e-17,6.02510051459881e-07,-5.22012567918859e-17,-6.21783209533047e-16,2.65265571140712e-07,-3.9287897995807e-07,-7.35658129013689e-08,-4.4265601534748e-08,1.91688158203363e-06,5.00973867683462e-07,1.55663505231305e-07,-2.40055544407881e-17,3.71156792812439e-07,1.74769488127779e-08,8.04206216134264e-08,-7.36687826575953e-08,2.99826121240522e-07,-9.93173255353881e-17,-2.23686961393595e-16,1.73927961517728e-16,-3.10112813212615e-07,-1.65153283027449e-08,-0.000447180848979375,5.05404096522541e-16,-1.04455815689381e-08,3.75390681106801e-16,-2.88456808077577e-17,2.04988210729361e-06,-1.35971835442047e-05,-9.97465998686664e-17,-1.30800203559735e-06,-6.3089110360534e-08,4.27306743216586e-16,1.57762545993226e-07,3.74787371373351e-15,7.3652203718048e-07,-2.71327327178567e-16,7.4907521129526e-07,5.9223755736958e-07,2.1838566388261e-08,2.34920563192536e-07,1.72441077497672e-06,-1.13131772894778e-07,0.0829540024747102,-9.88004637341018e-17,-6.97501622905091e-07,3.25615550697261e-08,1.62026140630489e-15,3.3304156805881e-09,4.15602402049812e-08,-5.66467977611697e-09,9.62550426880573e-17,8.46050322575453e-09,1.58715862223496e-08,2.22322422640501e-17,-9.53742991362014e-07,-1.46311352007929e-07,-9.1853421881501e-10,1.3655419543774e-16,1.19408601272738e-16,2.39061673598576e-08,9.00995470133682e-08,7.42736353671484e-09,-1.45472489352419e-08,7.65530865167009e-08,3.21087494950127e-16,-4.57838573662206e-16,2.87118423837855e-07,1.98581249159072e-09,-3.38682925543454e-16,7.28110488583413e-07,-1.16178466830603e-16,3.5434274657538e-08,-1.54320325980603e-07,-9.05515131560939e-08,-6.10471311246543e-07,2.15560522137791e-16,-2.0332592271462e-16,3.43570179508795e-16,-2.45902023976511e-16,-5.19205287116948e-09,-1.82694714327251e-08,-3.127516547858e-16,-9.00629249751477e-17,-8.93287823785679e-16,2.71380550967956e-08,2.49912325371148e-10,-1.47673282464003e-08,-2.69017499745099e-16,-1.08048878004474e-15,-2.34626771136726e-15,-8.63435016048219e-07,2.6780955679607e-08,-4.54972704561049e-16,5.59500746965254e-09,-1.59271486170965e-07,6.87206313760334e-16,-3.35048801182313e-16,-1.56398709685688e-06,-1.48047628702643e-09,-9.71121551808925e-07,-2.31624652892799e-16,1.65205855420059e-07,0.000525825161887225,0.372951613499497,2.86484634170327e-06,5.39362090672589e-07,-6.07945658290691e-09,2.15787240858348e-15,-3.12742818459748e-15,-1.08556218123885e-15,-3.5269985965572e-08,3.15090866085757e-08,1.17952295294629e-07,5.05871815563383e-09,-1.50664867177866e-15,-4.14433060719606e-17,5.90190614181206e-17,8.47336173278129e-16,-8.15388548824388e-16,-1.45530691596982e-08,-7.49035272529114e-16,-6.28797530618077e-16,2.1192072638056e-08,-1.81028027798628e-16,1.87560065646465e-08,-4.19379801663137e-16,2.28103324737332e-08,8.99227492959344e-17,1.85264837799506e-08,2.08527047743569e-09,1.44427304899893e-08,-4.54929348213062e-16,-4.41458547061588e-08,3.90253151297494e-16,-7.75038419498582e-07,-7.33067957921507e-10,5.237385348218e-12,2.50036108933022e-16,2.53893766992467e-08,9.25048526529441e-16,-3.14405879785068e-07,-6.35748546459307e-09,4.02504124233454e-16,-2.59085180692131e-16,-3.43158559744577e-17,-2.24821234655522e-16,-3.19153158141404e-10,-4.42529087868085e-09,-1.05620001783184e-09,2.47190931161951e-16,-4.71493199658781e-17,-1.29843374977011e-09,1.06895011887237e-08,6.13811479842646e-16,1.17910066942534e-16,-7.73177155660305e-09,-7.26425220924037e-17,-5.6856479082522e-08,-1.66229456463943e-15,5.34187567843235e-08,-2.3096396997863e-16,9.67769304310802e-17,2.65647429828158e-16,2.10688575468721e-15,-4.86585883758251e-16,1.89025387163653e-15,1.19732256727719e-09,-8.3889492618067e-09,1.10516279530251e-16,-5.89040910553115e-09,2.87295147757973e-05,-5.74285475758843e-16,-5.03172199946867e-16,-6.27626958002974e-16,-9.12107140540975e-17,2.588599312403e-08,4.20241383652218e-09,-3.41044586275216e-16,-6.78873020406302e-17,-5.64499397423167e-06,-1.56129912781468e-08,-2.38704621947343e-10,3.68252569608516e-16,1.33656018817135e-16,1.22797995144302e-16,-6.20670802942515e-17,1.5471714090866e-16,7.42625141189286e-16,1.12944171101857e-07,-1.07635007191657e-07,-2.08490480834531e-08,-1.23893152661641e-16,1.9451369615826e-16,-5.10096944493731e-16,-4.4591452105714e-16,-2.96738922984945e-16,-5.95149231455793e-16,-3.6165543532234e-16,-5.7112869227649e-17,2.77574300317873e-16,2.4821897515223e-16,-3.91136551787205e-16,2.48100293783475e-16,-1.32165469047822e-16,7.10998871296124e-16,1.15021570826396e-09,-4.80605203090485e-16,-1.45742321413343e-16,-4.55385300100456e-16,1.64718381008265e-08,-2.19484409712623e-09,9.70432411000802e-16,-4.26917728367394e-10,1.53227294995243e-08,1.01541265507091e-16,6.57760967559874e-16,-3.00231295204355e-08,1.91718738162346e-16,3.90508913532813e-10,-1.12674683121489e-16,1.06507903244333e-16,-3.14606527620635e-17,-7.17054081089003e-16,4.32881708920453e-09,-5.39955277590309e-08,3.06534156576165e-17,-3.58882488578855e-16,-1.08193291583216e-16,3.37337779423372e-16,3.68411898210574e-16,3.11030368765964e-16,4.75923680002983e-16,4.80495632304103e-16,7.01625649483325e-10,-5.43880297874849e-16,3.97696819914294e-16,1.01613675176113e-15,5.76075595447624e-16,6.6166602495075e-17,1.68849698668136e-16,-2.4767479661909e-07,4.84188345594195e-16,3.18779023037207e-16,1.0488755507953e-08,4.99547437935002e-16,6.18796578333515e-16,8.33693696913267e-16,-7.91928931396268e-16,8.98735559942584e-09,-1.82291141155658e-16,-7.3419150195013e-08,-1.03309378585575e-15,6.8740488980539e-17,-9.95004222832434e-16,2.42588965544211e-16,9.58192550568735e-16,-2.48928086947775e-15,2.67659516034415e-09,-2.15791593182418e-16,-3.53065738720635e-16,1.38098645903543e-09,-3.3645050605484e-07,6.70600720087489e-16,3.79385095963078e-07,3.47667729010542e-08,-1.9305937487081e-15,9.37382247229467e-16,-7.32655472732722e-16,-6.66522358809321e-16,-1.87703450112115e-16,-5.9794896294808e-08,-4.69843740081546e-16,9.08295070939855e-16,-1.29330987314867e-15,2.40750699920344e-08,1.96369317087367e-15,-4.24632850308384e-16,-7.23797073855546e-16,-3.17174387363682e-15,-1.10487849417518e-08,-6.1411250323828e-15,3.02637197476944e-10,1.84068166394528e-15,2.95641014022601e-16,2.5260374884423e-15,-1.57339830074672e-15,-3.77637595883818e-15,-4.23572863554539e-15,2.99917672656872e-15,-5.31056199006657e-09,8.07760873814626e-15,-7.5327225095269e-15,2.23868353186905e-09,9.89177438380925e-16,-5.96047374487476e-15,4.68373491808987e-15,-2.09555794144784e-14,-2.04399995669891e-14,0.707106781186548,-1.63644130676771e-08,-4.11618184076949e-14,2.22009818555841e-14,4.89051961519183e-09,-1.31469739932477e-14,4.39759515672681e-15,-5.51929783143902e-15,-8.44097791581178e-15,8.21363044309469e-15,-6.77646226732451e-15,7.36467810587313e-15,1.44625705576311e-15,6.47533636971407e-15,1.21634994993619e-15,4.25667121756475e-15,-2.59939452070858e-09,8.63332326201248e-09,-6.29795416512695e-16,-3.43421188508026e-16,-1.09097526217823e-15,-2.97179523903695e-15,7.49183701187484e-16,8.22274120421258e-16,2.20211040756563e-15,-1.40701745186873e-15,-0.000454615630931546,-8.16702756785966e-16,-2.21217689102074e-15,-8.01390441625695e-17,-2.60919967368472e-16,9.69855151918485e-10,9.84878665283947e-16,-1.54900111286496e-10,1.87908134835014e-17,2.05327148738162e-17,2.4502211601633e-16,7.41539767619434e-16,-4.41625437551887e-16,3.21377517689145e-16,6.69658325433245e-14,3.66446697396916e-16,6.12439741878429e-16,-5.35087347231573e-16,-2.28240183644096e-16,3.23448612169679e-16,1.44445423796818e-16,4.69897230017865e-16,1.19246033452855e-15,1.16369147918656e-15,8.09359300618255e-17,-6.35526775098548e-16,-8.24800725528491e-16,4.68077305501557e-16,3.55618312575245e-17,-5.93116586001039e-17,6.08013121515082e-16,1.90260361839752e-17,2.96307637835593e-16,8.29316401460758e-10,-1.91214407919911e-16,7.16731061527538e-17,6.09189964697771e-16,2.6120502701013e-16,-1.8458333960325e-16,-1.45207769433454e-16,-9.65029871203731e-16,-1.86985598755693e-16,-2.6897155358589e-16,4.9996065135989e-16,-3.9714325578144e-16,-3.2313785093259e-16,6.1106754589087e-16,-1.80601327573767e-16,-3.78801123112493e-16,5.75291181967199e-16,2.5763406973783e-16,-1.08243800496583e-08,4.07382940608117e-17,-3.17826881353635e-16,9.08722622308744e-17,5.6046949841694e-16,-1.32677596085191e-16,1.4465216637587e-16,5.63390464079562e-16,-3.34509644571826e-16,4.4025476488405e-17,3.71596492888917e-09,1.94169571097952e-17,-9.40813579635635e-17,1.25185400226317e-16,-2.70028197927779e-16,-1.38062167158809e-16,-4.67974220136903e-17,1.91001886613919e-17,3.69360795794896e-17,3.50894024426079e-16,-1.896661462628e-16,-1.94218587096327e-16,3.54618005259472e-18,-8.20878660196504e-17,1.18736873565361e-08,-4.64381697445546e-17,1.68171484396129e-17,-7.87441522409377e-17,-3.67327696038089e-16,-3.27359866296679e-09,1.88146750752245e-16,-1.40566351594618e-16,-3.42462595101443e-17,4.16246829625501e-17,-2.67242593376268e-16,1.53751684013419e-16,8.40464469568152e-17,-2.18810176108559e-17,5.58926407844138e-17,2.0608977766271e-17,8.71104284379787e-17,-3.62790540640269e-17,-3.27517225447841e-17,-2.61597135886788e-17,-3.2174579076874e-18,1.20990272146625e-16,-2.08461678061266e-16
"t748",0.0267030653447914,-0.00252507709932649,-0.00223421269419031,-0.000355434806018273,-0.0119423778301333,0.102731339312258,0.0175349766670872,0.000112770235367643,0.0271124132360795,-0.0210670949451662,-0.00401605912384754,0.00306898727164367,-0.00593396554943247,-0.00123884625398915,-0.0322549048019943,0.000723715549442872,0.000515387959363291,-0.000107629533357645,0.0041095296018653,0.000676685745769234,-0.000168191186332534,8.30186427338752e-05,-0.00286275167122735,0.000492508342277919,-8.97649769520329e-05,0.129261542797234,0.00690419770992355,-0.000366457056786681,0.000853709488408537,0.00172923644177641,5.94051421750564e-05,-0.00246236057611211,-0.00014120572922089,0.00128217654989297,-0.000131805858261736,-7.59231508342073e-05,-3.47638191065721e-06,-0.20700191708046,0.000906174091901559,0.000124602943147872,0.000297497720467698,-0.000498696680259145,2.30385622730038e-05,-0.000391329540192257,8.49835667126185e-05,-1.73373210914095e-05,3.21179248472561e-06,-4.76088819080655e-05,0.000653549187430441,-0.00125795519825114,7.33448286724126e-05,-6.86445940331069e-05,1.31395072334435e-06,-2.82794406337179e-05,0.000579629759213312,-0.0268389660390044,2.50779497315477e-05,-0.000212565586920632,0.000799744713004681,-8.76636984778483e-06,-9.25090394643885e-06,0.000137283768693841,-0.000326307381190684,0.000247353684660038,-0.000236801636988864,6.93538849503747e-05,-8.10576512276062e-05,0.0596511614089836,-0.000635190350488708,0.20853418403714,8.28252608272634e-06,-1.15039478242453e-05,0.000668420943579209,2.04348430125921e-05,-8.45143068006108e-06,-7.43690025993739e-07,6.82868980841111e-05,-9.37898407461894e-06,0.000458979754513685,0.0152583422394429,2.17724843884839e-06,2.60983558006018e-05,1.79874214002784e-05,7.16411403521941e-06,-3.52952087951539e-06,-7.686048069272e-06,8.71490920682631e-07,1.45985650489971e-06,2.84035728591229e-08,-1.04536112468905e-06,2.2112507481617e-06,2.51563993681342e-09,3.14766927708225e-05,-4.29699353277644e-06,-4.82203888859612e-07,-2.3124051302705e-06,-2.72816376195744e-07,1.78629756613335e-06,-2.15939778843033e-05,-9.46637360777512e-05,-0.000930444508927867,9.46608727394731e-07,-0.0129785266920588,7.23720454293389e-06,-3.88429804198813e-06,1.01341707677567e-06,-0.00113292160131973,-2.88535586250674e-06,3.70921675729577e-05,-1.88156716227593e-08,-2.00131458748521e-07,1.88498671815392e-06,-6.29675789798057e-07,1.2341101248317e-06,-4.17123580609765e-07,1.76031308248859e-06,-3.04705175686199e-05,4.57534219236674e-05,-0.00912632515391996,2.00324456621118e-08,-2.27703030683211e-06,1.06296969400228e-05,-0.00018332438432784,-0.000694183234525592,-1.38520813707776e-06,-1.41343233358502e-05,1.50476571338532e-06,-2.07366205832744e-05,5.52973818250504e-05,0.0019312517853007,1.46696930008739e-05,0.000264032360364428,6.82456252479904e-06,-7.56174180059547e-05,-3.92606542206678e-07,-0.000791009622299512,1.7111060429075e-05,1.6169965217427e-05,-0.000210660097023662,0.000751715624402049,-1.1659242103075e-05,-1.16688004752109e-07,-0.000223967598083642,3.56950310060755e-05,1.15621723096486e-08,2.10529984703782e-07,4.68317931992577e-07,-8.13676063437728e-07,-4.35118145365597e-08,0.000182483227986862,5.28223658977697e-08,1.67793962251568e-07,2.21980696699887e-08,-6.58614967828792e-07,-4.0603570777773e-08,-6.63479737896125e-08,1.09438326344256e-06,-1.52430635850851e-06,-8.18172889193248e-07,-2.73293737712697e-07,-1.39558551876733e-06,2.05381224014138e-07,-1.47793269044805e-06,-2.17827985355435e-06,1.48791532280265e-06,-1.03154362615055e-06,1.67967554744123e-05,2.87677420838893e-07,1.43096318967413e-05,1.44382430107424e-06,-2.489236448136e-06,-4.38434097706891e-07,5.20002704819321e-08,1.73579899474662e-06,3.3413457175556e-07,4.90419479714649e-05,2.96130916305891e-08,-1.1337276892736e-06,-1.06874335424686e-05,-5.22587208161886e-06,2.08218671435189e-05,5.47248093059417e-06,-1.1280027098282e-06,-4.41882336991486e-09,-1.31299164599784e-07,-3.51719030376884e-08,-6.03472134957097e-05,1.53996475134302e-05,6.93196903282484e-05,-6.8739835370699e-06,-2.60541307418249e-06,1.10026987355045e-05,0.0152739098155821,-1.53702412865968e-09,-1.65425392740095e-08,-1.53351905970106e-06,-3.14245696604014e-06,-2.12528314073218e-07,2.30004402666458e-06,1.24890233193983e-06,1.25401004092555e-06,1.89960480475533e-05,-4.06159641751237e-08,-7.11272242411347e-07,-1.22033399460943e-05,-5.21413275592293e-06,8.32244002849585e-06,3.87430749543803e-06,-6.93980785524293e-05,-4.53072770073602e-08,-0.000351242490818374,5.19353558367828e-06,-2.89358468447738e-05,-5.4002048991479e-05,-3.1231297130998e-07,-2.51249234777244e-06,9.80975284373887e-07,6.83308248106813e-07,-3.59923927319129e-05,-0.202618081978282,0.000228457634151284,-5.12694871095154e-05,-9.45248982454841e-06,-3.41933922877564e-05,0.00184409139207948,3.83972578576053e-06,0.000472948269981093,1.29024862450504e-06,2.27411026851609e-05,1.65221102826554e-05,-3.9782000441934e-06,-8.08754505802849e-07,-5.57457901206308e-06,-0.000320187240876118,5.46112144101498e-07,1.49234858386868e-07,0.0128356166674596,-2.46486389108077e-16,-1.24162083598341e-07,1.13471240663181e-06,8.43662872852939e-08,4.18872054474012e-07,0.000805581438973098,3.77927136330821e-07,1.02874060258003e-06,-2.80265348611943e-07,5.33024747610922e-08,-3.47232363483853e-09,6.76227364918924e-08,-7.41604108512057e-06,1.8775972917884e-08,-1.97669856596962e-06,1.37989570410174e-06,-3.93321120076927e-09,2.04513876211725e-10,-7.67895813506412e-09,3.1414906008426e-09,-4.49563197980635e-08,-3.53937963974332e-09,-1.09108883964629e-08,5.36349871289469e-08,-1.19003379047832e-07,1.59149919322878e-06,-1.15463015467811e-07,1.50261761108888e-07,-5.21066857442665e-08,1.53159670809003e-09,6.3505223296026e-06,-1.03243939835586e-07,1.08592184794489e-07,3.68620631608333e-09,-1.07897975328475e-07,1.10832914986499e-07,-2.59649185329746e-07,4.48921960669943e-07,-9.37041864923126e-07,8.97680278727615e-07,-8.25711049857805e-08,0.00201157254732073,7.15786100672692e-08,-6.22044389182251e-07,-3.72027444022301e-15,-5.44306150966859e-06,-2.1002895122111e-07,-3.31087299554181e-11,-7.20249998747843e-07,0.336319151413896,2.40397107413577e-06,2.78879584599997e-07,-6.02655932815251e-09,2.62861649284819e-07,-1.53942374514643e-05,-2.72471466629115e-07,1.24384983200156e-08,-1.7096915444984e-06,1.95544126911614e-06,-4.49044615353867e-07,3.95378142951981e-07,-3.99380980409432e-08,-1.59739600514707e-08,-1.04594213995102e-09,-1.52887977546019e-07,-1.41036560871241e-07,7.3673795772038e-10,-8.08124609841868e-06,3.67568894241882e-08,-1.40535997954346e-07,2.03956673046848e-05,1.19875858080456e-07,6.43372294500585e-08,-2.09657479429519e-08,-4.34811469332383e-06,1.56781429867893e-08,-7.62504511563961e-08,2.20635695060717e-08,2.12475571290776e-07,-4.41117370945728e-07,5.01060993543759e-17,1.7770041566645e-09,9.61069800626148e-08,-9.10943127050215e-09,5.32104599422287e-07,5.92963165868412e-09,1.40554337649687e-07,3.32886804530038e-07,-4.44304036273865e-07,5.32816932289814e-05,2.52906590621187e-16,-1.45603128978693e-06,-1.18429223597156e-09,-5.16242280195613e-08,2.15701112705846e-08,0.000255580553772176,-2.49958558983095e-08,-1.01920248446728e-06,2.77969143537127e-07,-1.20287483340726e-07,1.86049729657454e-06,-2.54916802100794e-08,-6.9997773552262e-07,-3.27614485498199e-09,-4.68136073959388e-10,-7.07153264665137e-07,3.75905873246177e-08,-7.74896045633737e-07,2.35642428120621e-16,-2.05986360530559e-07,1.62775694546521e-08,4.69141292701643e-10,4.20039988091133e-09,-1.55410402905813e-06,-3.29093027918233e-06,1.48202430383668e-07,-5.39574961882327e-07,-8.62122881666692e-06,-9.98123841212797e-17,-5.55245198277991e-07,-1.93274265680243e-08,-7.05245134803985e-07,3.2429380654873e-14,2.16298065260992e-06,1.69811717200545e-07,-2.59740889171708e-08,-1.09715907979718e-06,-3.65958358141336e-07,-1.95536034982482e-07,-6.21622772415673e-07,1.97337567197117e-07,1.39737280420983e-07,7.76835599821483e-09,4.35099292425057e-07,5.54764910239478e-08,-6.67822506351458e-17,-2.40284753419177e-08,0.000109403867422376,3.3911957471258e-07,-5.28666524789543e-07,7.56536212758381e-17,-4.6402175829759e-08,8.72688190667933e-09,-2.39769454740402e-07,-1.43186371665715e-08,-5.42913473558934e-07,5.13510573254556e-08,-6.89328372188556e-07,1.10593546011834e-06,-5.53712848381338e-17,4.10521885764787e-06,-6.92752070479081e-08,1.95729493495249e-07,5.14175524121768e-06,-4.23541824085719e-08,-3.5139420547009e-09,-4.26741975090295e-16,1.01150720565551e-16,-3.42095631365202e-09,-3.89954453965786e-08,5.14692182444831e-09,-5.90152078206755e-07,3.00202238822479e-15,-2.84713938717035e-07,-3.3869221792937e-09,1.60331125481964e-17,-3.88597371191058e-17,-1.19973932152363e-17,7.34836567201703e-07,1.9349634885334e-07,-2.13834878305981e-07,1.95333078971443e-06,2.59360061087453e-05,1.7304213534225e-07,-7.51821036145089e-08,-1.83152711135184e-17,-1.68107510255928e-08,4.75526236876243e-08,-4.93194159725895e-18,-4.33869981853063e-17,-3.07351210972929e-08,-1.87022483686918e-10,-1.85085616518767e-08,1.13609306392742e-06,1.86800738005445e-08,-7.8597976715013e-08,-3.82413931550213e-17,-7.19944616380935e-06,7.02580281032684e-17,-9.1460043892635e-07,-1.90548531814327e-16,-2.15814722035071e-08,-3.17062498521557e-17,9.0409029276068e-08,2.39281455494861e-08,1.48547001635202e-07,0.000750500372682389,1.49029070466572e-09,-5.8233008266791e-09,4.05499891352017e-08,1.51893118370985e-08,8.20698192986136e-07,7.6483026392146e-08,1.5655430864716e-08,-4.48764976911293e-08,-8.71754184973572e-07,-7.1407790454817e-08,-2.20565896746469e-08,-1.24491907796216e-16,2.0937346514253e-07,-3.65665535856247e-08,1.96263765704275e-08,-8.01376971401771e-17,3.8865957198288e-08,2.8680269132184e-05,3.41304480467283e-07,2.28780685943349e-17,-8.32071374522721e-08,-5.0253945009262e-07,2.73124608764071e-16,-5.99118219161044e-08,1.40053947368338e-07,5.84321533062317e-17,2.18148974682378e-16,-5.24143016699841e-09,-3.14402946930809e-07,-1.80743843018746e-09,-2.53610293995534e-06,8.50929789817727e-05,1.72240147044917e-08,1.91399087045703e-07,1.66899713110229e-07,-6.91715110953059e-06,1.80953342587831e-16,7.99706058126492e-10,6.16603890726638e-09,1.71414430117921e-08,1.61792066904171e-06,1.45979070360306e-16,2.71338700165857e-17,5.38414302263639e-07,1.73130085645146e-16,-5.2157691949518e-17,2.47584536184393e-07,-3.69702558210356e-07,-6.92381213568094e-08,-4.24466039611566e-08,1.84292545474895e-06,4.81916498465366e-07,1.50290473375875e-07,-9.98045084782559e-17,3.73623762311121e-07,1.77640139716753e-08,8.20081952680501e-08,-7.63902267595564e-08,3.21309676975962e-07,-3.09595329357106e-16,-8.40041686988582e-16,2.73757483472008e-16,-3.50737264670994e-07,-1.91737777870327e-08,-0.000520238729586914,1.33516598439702e-16,-1.24888437941551e-08,1.1457802963341e-15,-1.24756827919097e-16,2.84828411975936e-06,-1.89362990186768e-05,-6.43148728718401e-16,-1.90972942023952e-06,-9.49186333841809e-08,2.61874944241884e-15,2.54111881746601e-07,4.81329664945779e-15,1.30755010997369e-06,-4.58374854237446e-16,1.34283001474577e-06,1.06983915056145e-06,3.97983303730931e-08,4.33499548741266e-07,3.27643677198042e-06,-2.43834981167247e-07,0.226761835838788,3.01566195398036e-16,-3.15257340566346e-06,1.59556623334996e-07,4.76939909124696e-15,1.84383703401167e-08,3.05373954855733e-07,-6.03756031603317e-08,1.51511423752852e-15,-1.24879200480069e-07,-1.53536977570069e-07,-9.49905505078952e-17,6.24049062278349e-06,8.21253579436689e-07,3.30361780923544e-09,2.28734466118557e-17,3.76571019570913e-16,-4.28569411444954e-08,-1.28720023692736e-07,-1.01588052812114e-08,8.99475072032379e-09,-4.21366175570076e-08,-1.52323454251691e-16,3.42633236560013e-16,-1.45968780714135e-07,-9.99494715677372e-10,1.69496721241464e-16,-3.20810031608587e-07,4.11716862995374e-18,-1.37318997763776e-08,5.00957351498952e-08,2.90246301726239e-08,1.86133481027768e-07,-1.2868541136338e-16,-1.51389609202198e-16,7.32849144731964e-16,1.18806216799998e-16,9.90438011399269e-10,3.34614113973189e-09,-1.4827496675989e-16,6.89278646069172e-17,-1.34272784633091e-16,-4.27359483563555e-09,-3.67840991706055e-11,1.79482519602902e-09,-1.26010162422428e-16,-1.44009153560387e-16,8.06754836546464e-16,4.80964711690705e-08,-1.44470125599682e-09,4.88737319132188e-17,-2.02008837258271e-10,4.77101450418305e-09,1.28953354371572e-16,-3.71725006161735e-17,2.77361958487855e-08,2.50062564619252e-11,1.09904283310839e-08,7.37811605433857e-17,-7.26080174017208e-10,-9.85205701405185e-07,2.41002112569262e-05,-1.14576741453469e-09,-6.32044505585623e-10,2.06860062124331e-11,-5.03814276323151e-16,2.77038562918746e-17,-6.21257341296115e-16,1.39892178650281e-09,-1.27937307779694e-09,-5.77743488608796e-09,-5.58277408943262e-10,-1.85086430320956e-16,-1.30243150821553e-16,2.45218382148091e-17,1.26791779962958e-16,2.39666080935647e-16,3.33250911198611e-09,-1.28060528492219e-16,1.38478259481997e-16,-6.40844184645824e-09,-1.69314916280653e-16,-5.75710506400525e-09,1.02792120317282e-16,-7.18010683266164e-09,2.11786981042634e-17,-9.66011125558313e-09,-1.23660830883503e-09,-1.05378244134537e-08,1.2806205454657e-16,4.26310414411051e-08,3.36261544104668e-17,1.68542501851261e-06,-1.12974135394698e-08,6.27346145109184e-11,-3.48374447445585e-17,1.04361729198794e-07,2.25968248139538e-16,-6.92098901663289e-07,-1.37161388886536e-08,9.59141751685512e-17,-6.36335384563687e-17,-9.66878615309583e-16,9.22581639252221e-17,-5.27238163394397e-10,-6.92537628610405e-09,-1.56171919923829e-09,1.10711750724259e-16,6.45981758252472e-17,-1.56148793456479e-09,1.27614007473277e-08,-2.96462254069029e-16,-3.89916405213932e-16,-7.83504995820275e-09,-6.81988101591931e-18,-5.60792725721211e-08,-1.70980396779617e-16,4.92613266578037e-08,4.53769148519638e-18,1.34317425859265e-16,-1.22442186680825e-16,2.58716085267925e-18,-2.79585878385768e-17,-1.5810323482603e-16,9.98724792012836e-10,-6.98997516364216e-09,-2.12816205051904e-16,-4.77806650320501e-09,2.30656193610616e-05,-7.24954590553204e-16,5.70246201768316e-17,1.32251157065801e-16,-4.99002641130897e-16,1.99865212731923e-08,3.21868671262571e-09,1.25690909922754e-16,5.22974521653802e-17,-4.28679124477168e-06,-1.18436400832617e-08,-1.8042483601139e-10,3.54278113348568e-16,-5.36439975726086e-19,1.54623358716819e-16,-1.29606484105171e-17,6.32178638109155e-17,-5.42901754821366e-16,8.12577639003383e-08,-7.71378837934894e-08,-1.48857120099312e-08,6.69180072991802e-17,-2.18413852630849e-17,-1.69019927804731e-16,-4.10861073541375e-16,-2.30400336417985e-16,-8.21011870390856e-16,-4.01274741152411e-16,6.83208677178989e-17,-2.5951495794744e-17,1.0676842164458e-16,4.63458448633741e-17,6.53994734889519e-16,-1.58941684431913e-16,-5.01356177374949e-17,7.80120889413575e-10,-2.85555941789474e-17,5.04699561964865e-17,8.79290723098881e-17,1.11100578002261e-08,-1.47855081988092e-09,-1.54110207134717e-16,-2.87370019038124e-10,1.02480706174818e-08,-8.47908449562532e-17,-2.10950624958332e-18,-1.99271885646922e-08,-2.87024465428727e-16,2.56900191524614e-10,-1.5298500847482e-16,-3.36021689339418e-18,4.3204602443577e-17,-3.25748322321593e-16,2.81036823973799e-09,-3.50246278711289e-08,-5.46494986017244e-16,-5.46773351112494e-16,1.47000027721025e-17,1.6049997766559e-15,6.81963166493382e-17,1.88799852483136e-17,-4.12872762086518e-16,3.11707624850504e-16,4.35275352908813e-10,6.38923375465485e-17,6.7582506552162e-17,-1.93590259277121e-17,5.88664334461357e-17,-3.15067824689046e-16,-1.60124502029008e-16,-1.52037797519786e-07,2.95347344991509e-17,4.29820363589671e-17,6.42555671676775e-09,-1.36609866144655e-15,-1.04959938507965e-17,1.80258610236613e-16,-1.95030071052073e-16,5.35990252077536e-09,-1.00233660479647e-17,-4.35420340084141e-08,-1.53671299168878e-16,1.30690671302455e-16,6.54502721627619e-16,-4.45523278981412e-15,-4.99912155077975e-16,-9.18680860977244e-16,1.56780023436855e-09,-1.62244791578609e-15,-3.95212497938192e-17,8.00339678542523e-10,-1.94876831554366e-07,2.13981554673961e-16,2.17519815762897e-07,1.98657267316761e-08,-1.63837802695562e-16,-8.40187445780963e-16,1.02163700939272e-15,1.92240543764833e-17,-7.16759837162758e-16,-3.19262910947402e-08,4.31244586362039e-16,-6.05865926944161e-17,4.63664649404914e-16,1.25296666619565e-08,-5.01305355506376e-16,2.90415339552551e-15,9.956324454546e-16,-4.79811223047009e-18,-5.51002633490212e-09,-1.12156987099447e-15,1.48545647007951e-10,-2.75992313812719e-16,-8.65078954439764e-16,-9.99440395903347e-16,9.11532900443427e-16,7.93181554798769e-16,7.74605210431673e-16,-1.15951019843789e-16,-2.31368328554851e-09,4.28426136065739e-16,-6.82286176988213e-16,9.33420188516666e-10,3.99311103116372e-16,2.04099203624896e-16,-1.19714741701178e-15,-4.45523541505619e-16,1.84092135692033e-16,-6.64468994705694e-16,-5.48011535738049e-09,6.72040479210028e-18,-3.07533172264278e-15,1.36774535725532e-09,-6.21391879707346e-16,-9.52355715284749e-16,2.24178362881423e-15,-2.67339226466326e-15,3.0065411079475e-16,-1.3938631765339e-15,1.06159568290226e-16,-1.22083867542707e-16,4.76953183328558e-15,-8.42218193566013e-15,4.22750930020128e-15,7.05142439381494e-10,-3.93432441253971e-09,-2.2063385483176e-15,-2.20301582223666e-16,1.32846775638049e-15,8.96708643455719e-15,-3.35126891515269e-14,-2.4494001095831e-14,6.89844234220636e-15,5.03880029358711e-14,0.819132676039593,2.91967581537347e-15,2.53756109487217e-15,2.4708440539317e-15,-9.90656570501143e-15,1.9851599488643e-09,6.01463580784877e-15,-2.05984431236636e-10,2.80672628180715e-17,2.59958280066267e-17,1.78959582665695e-15,3.81005373851186e-17,1.11737563239621e-16,2.23059186218821e-15,4.90418365426561e-11,3.62153980358532e-16,-3.60380395960213e-16,-3.07385727502141e-16,8.25563872779391e-16,2.6390573014791e-16,-1.17729656460204e-15,-8.10928733264872e-16,3.81421473271664e-16,4.20859445443938e-15,-1.10824114635345e-16,-1.24591698514164e-15,5.96457482642063e-16,1.72948461967324e-16,3.1864701849349e-16,2.01273337699017e-16,-4.1149947777791e-16,4.6943079174911e-16,-2.20849352217354e-16,7.56095443449137e-10,2.7068407479501e-15,3.46752424203705e-16,3.24275025722765e-16,-1.16314832320931e-15,4.27194796694747e-16,-3.20185072463367e-16,1.70160422707011e-15,-3.8008782318403e-16,-1.36053365582493e-16,-7.97525706326419e-17,-6.21139424616945e-16,1.30961000406145e-15,6.79022150740465e-17,1.69468082766404e-16,7.80496045273581e-16,-3.80315019687251e-16,6.43739238572096e-17,-9.16856106323089e-09,-3.15550558065589e-16,-1.17613468623903e-16,1.9198146974443e-16,1.02582282037552e-15,-5.18956640021313e-16,-1.24714027145832e-15,-1.05883682716416e-16,-7.07428300966751e-16,-2.82381916672564e-16,3.02136380236877e-09,4.07812245175146e-17,2.69748877591619e-16,-2.71405722975404e-16,-4.94500904844099e-17,-1.4976388372753e-17,9.13112559018944e-16,-8.040205911981e-17,3.63324516073315e-16,-1.72908710350742e-16,-9.46420692907391e-16,1.09188078912263e-16,-2.43723587544142e-16,-4.52698841033642e-16,9.41749731457958e-09,1.99538609585035e-16,-3.70466339517216e-17,-5.01536866256159e-16,-3.51064663450806e-16,-2.57491888620657e-09,-1.10667023359046e-16,9.5085262948327e-17,-1.45368869660107e-16,1.66285373375383e-16,1.91795453371786e-16,-1.32235824116831e-16,-6.14037411911209e-17,3.10101035178994e-16,-8.1937070412179e-17,-1.12932081641786e-16,3.85082934882561e-16,1.07533172471636e-16,-3.01952579835145e-16,2.29112426006878e-16,2.76746597476873e-16,-9.1965294110872e-17,-1.83654704052148e-16
"t791",0.0267034773468425,-0.00252515912204646,-0.0022342876113936,-0.000355450768813975,-0.0119430341140214,0.102737958909689,0.0175361286471832,0.000112778230602699,0.0271146816446403,-0.0210692298050248,-0.00401657453859223,0.00306947161557545,-0.00593492913575156,-0.00123905043570851,-0.0322604500141777,0.000723847223693494,0.000515483941798016,-0.000107649936232026,0.00411032643383621,0.000676828133057323,-0.000168229423620671,8.30413539469962e-05,-0.00286357792553435,0.000492651288247874,-8.97911310737633e-05,0.129300966284248,0.00690632784910082,-0.000366571114380132,0.000853982188289149,0.00172988644195234,5.94289184429573e-05,-0.00246338982556149,-0.00014126890013399,0.00128277660002039,-0.000131870600817028,-7.59633302731308e-05,-3.47824424941291e-06,-0.207114516122362,0.000906670250319509,0.000124672149188892,0.000297667543719625,-0.000498988018783367,2.30522150977808e-05,-0.000391561718041273,8.50348366987553e-05,-1.73484234903685e-05,3.21388589271428e-06,-4.76401689926185e-05,0.000653988556699477,-0.00125882155625763,7.33969548752186e-05,-6.86940865149968e-05,1.3149000598803e-06,-2.83002365992638e-05,0.000580070678662921,-0.0268594853417501,2.50988685760266e-05,-0.00021274697227697,0.000800428976256986,-8.7742845895037e-06,-9.2595885298286e-06,0.000137415098773406,-0.000326624267404351,0.000247594800365577,-0.000237038892163581,6.94250661729156e-05,-8.11452254133985e-05,0.059717060460967,-0.000635899235112982,0.208771156883768,8.29282931812182e-06,-1.15192024142119e-05,0.000669315741217257,2.04627322005751e-05,-8.46299275503448e-06,-7.4471584124342e-07,6.83813973265365e-05,-9.39217047767411e-06,0.000459648009914609,0.0152808661965552,2.1805376256042e-06,2.613797819992e-05,1.80157143304495e-05,7.17550090923284e-06,-3.53538046321905e-06,-7.69895655953914e-06,8.7297157611672e-07,1.46234140520513e-06,2.8451943664541e-08,-1.04714352278275e-06,2.21503750249152e-06,2.52012452225947e-09,3.1533009973142e-05,-4.3048679311986e-06,-4.83123518115755e-07,-2.31684119084859e-06,-2.73339883518956e-07,1.78977625289744e-06,-2.16362593483724e-05,-9.4852875376694e-05,-0.000932333854901604,9.48533638227972e-07,-0.0130049606085772,7.25300556028553e-06,-3.89282130869785e-06,1.01564947829542e-06,-0.00113543449798831,-2.89176803853231e-06,3.71748773790263e-05,-1.88578421517639e-08,-2.00580745174523e-07,1.88925999823038e-06,-6.31104927041558e-07,1.23698256137101e-06,-4.18099596584016e-07,1.76447953404488e-06,-3.0543006669535e-05,4.58637901412108e-05,-0.00914863164405787,2.00818915205056e-08,-2.28268182255019e-06,1.0656581024832e-05,-0.000183793625855063,-0.000695960892317689,-1.38876143355692e-06,-1.41710224408778e-05,1.50867667916658e-06,-2.07910736999343e-05,5.54468334161389e-05,0.00193647300898276,1.47094445736843e-05,0.000264761394066528,6.84347484355212e-06,-7.58275208430308e-05,-3.93709107786799e-07,-0.000793234302983229,1.71602617900937e-05,1.62172791426694e-05,-0.000211291029402684,0.000753968495780819,-1.16943221100854e-05,-1.1703979420757e-07,-0.000224644978982066,3.5803121069775e-05,1.15971848032938e-08,2.11173084562727e-07,4.69773163706081e-07,-8.16247986666879e-07,-4.36499297006485e-08,0.000183067827870665,5.29917101982878e-08,1.68333775573337e-07,2.22696299300663e-08,-6.60743090469999e-07,-4.07375610412921e-08,-6.65676485295633e-08,1.09801522622826e-06,-1.52963384297725e-06,-8.2106742911271e-07,-2.74262393095429e-07,-1.40058258292899e-06,2.06118142735193e-07,-1.48330431043712e-06,-2.18620922620026e-06,1.49339910708116e-06,-1.03539059662613e-06,1.68615243778614e-05,2.88788000461088e-07,1.43648906781486e-05,1.44942479278296e-06,-2.49894236170823e-06,-4.40144896612554e-07,5.2205259586211e-08,1.74266344897798e-06,3.35465016261945e-07,4.92375482842678e-05,2.97313026107049e-08,-1.13832487135903e-06,-1.07314665424806e-05,-5.24746168379664e-06,2.09081110805836e-05,5.49532093053846e-06,-1.13272429602783e-06,-4.43737240935606e-09,-1.31851799665788e-07,-3.53212691671786e-08,-6.06040583695393e-05,1.54664365638331e-05,6.9620519033956e-05,-6.90400097827845e-06,-2.61698479635256e-06,1.10522479670856e-05,0.0153430207122584,-1.54402764334805e-09,-1.66183108905825e-08,-1.5406517203311e-06,-3.15712128036478e-06,-2.13526981250066e-07,2.3108892811409e-06,1.2549475836831e-06,1.26008740324166e-06,1.90891160371691e-05,-4.08170703526076e-08,-7.14882876430795e-07,-1.22652948271668e-05,-5.24066431354245e-06,8.36508086864462e-06,3.89425257176293e-06,-6.97598425519492e-05,-4.55470923333941e-08,-0.000353124291801979,5.22146355949396e-06,-2.90940442903548e-05,-5.42999769799607e-05,-3.14036404391862e-07,-2.52645442804446e-06,9.86523083745771e-07,6.87185524904977e-07,-3.6200247482408e-05,-0.203802301541861,0.000229798376195999,-5.15754577182446e-05,-9.50912443278607e-06,-3.43991466592478e-05,0.00185533345752602,3.86319493650106e-06,0.000475840868987408,1.29825121103451e-06,2.28833421181131e-05,1.66264142108403e-05,-4.00341955847511e-06,-8.13903692080524e-07,-5.61021430762242e-06,-0.00032223635268772,5.49643784134856e-07,1.50206189168593e-07,0.0129197428285549,-2.42721249791227e-16,-1.249839428256e-07,1.14223812102202e-06,8.4933423127236e-08,4.21716908779224e-07,0.000811098787137447,3.80516819746404e-07,1.03589917547164e-06,-2.82220603977036e-07,5.36747752790563e-08,-3.49671357044217e-09,6.80995197687176e-08,-7.46868942558333e-06,1.89096730997994e-08,-1.9907918510094e-06,1.38980114044498e-06,-3.96224838766484e-09,2.06038458755269e-10,-7.73666731478523e-09,3.16551230139131e-09,-4.5300503486872e-08,-3.56680238329142e-09,-1.09959873349977e-08,5.40572587691171e-08,-1.19943110837018e-07,1.60410614952586e-06,-1.16381614225371e-07,1.51464859776633e-07,-5.25241902553634e-08,1.54406682263626e-09,6.40224699706138e-06,-1.04085200989485e-07,1.09480846637061e-07,3.71642070348154e-09,-1.08786871956629e-07,1.11746850930357e-07,-2.61855738422658e-07,4.52749494932767e-07,-9.45051835878122e-07,9.05399339507694e-07,-8.32844814285722e-08,0.00202913645451203,7.22055089966827e-08,-6.27505545009338e-07,-3.59636795429671e-15,-5.49124488927611e-06,-2.1189019922423e-07,-3.34032705295653e-11,-7.26708727367898e-07,0.339356499127431,2.42575456896627e-06,2.8141082659061e-07,-6.08242774908700e-09,2.65301769045538e-07,-1.5537192827744e-05,-2.75017305806715e-07,1.2556744112891e-08,-1.72599295441348e-06,1.9741242990971e-06,-4.533641350056e-07,3.99279894284014e-07,-4.03364186572341e-08,-1.61333731939052e-08,-1.05638198128313e-09,-1.54453986493365e-07,-1.42524203588601e-07,7.4453782193567e-10,-8.16726704372259e-06,3.71507164038053e-08,-1.42044772636213e-07,2.06183056337468e-05,1.21186049707284e-07,6.50420148148049e-08,-2.11957765879662e-08,-4.39606520793612e-06,1.58520169745455e-08,-7.7100493340816e-08,2.23100922759932e-08,2.14858744627107e-07,-4.46105494295669e-07,6.27820442767656e-17,1.79810012379728e-09,9.7253390999078e-08,-9.21886691681098e-09,5.38498354485602e-07,6.00089776745284e-09,1.42246539130227e-07,3.36907687803697e-07,-4.49691516877072e-07,5.39328431713952e-05,1.31187002792282e-16,-1.47414439894567e-06,-1.19905700402984e-09,-5.22708670417176e-08,2.18404467572013e-08,0.000258820790628365,-2.53147572661035e-08,-1.03232141581758e-06,2.81568856135424e-07,-1.2186561816777e-07,1.88519759453528e-06,-2.58326651783707e-08,-7.09380417527687e-07,-3.32026779419245e-09,-4.74470137278808e-10,-7.16726280208238e-07,3.81011342179601e-08,-7.85447233610185e-07,-4.03863628917478e-16,-2.08844312135179e-07,1.65042868182849e-08,4.75675820425958e-10,4.25954888696902e-09,-1.57602449813816e-06,-3.3382829989668e-06,1.5034692333412e-07,-5.47391279817462e-07,-8.74664054355176e-06,-2.06277364792002e-16,-5.63360833341357e-07,-1.96104225857671e-08,-7.15639796868186e-07,3.26662873157322e-14,2.19508823628959e-06,1.7233663862648e-07,-2.6360630479624e-08,-1.1135159675439e-06,-3.71430537713309e-07,-1.98466444126464e-07,-6.30955066381877e-07,2.00315516255117e-07,1.41847295947863e-07,7.88607368779329e-09,4.4173365757224e-07,5.632266087466e-08,-9.47890969443891e-17,-2.43994337427188e-08,0.000111096411985708,3.4439012742377e-07,-5.36940229793357e-07,1.67126724356599e-16,-4.7139232353053e-08,8.86780172622108e-09,-2.43669713216641e-07,-1.45523483927626e-08,-5.5181112924832e-07,5.21989822476957e-08,-7.00849252153282e-07,1.12497008226299e-06,-7.43298407566021e-17,4.17768630410483e-06,-7.05007561502139e-08,1.99207882444545e-07,5.23370525334008e-06,-4.31119654134731e-08,-3.57692295718328e-09,-3.46944695195361e-17,6.48146645583779e-17,-3.48289248491757e-09,-3.97076282658971e-08,5.24102282626901e-09,-6.01025678475385e-07,2.92224897260431e-15,-2.90048581614441e-07,-3.45085238784816e-09,1.80541664001709e-16,-3.95158856001247e-17,-6.96801293253553e-17,7.49026993831752e-07,1.97243721702749e-07,-2.18017255376848e-07,1.99185474896997e-06,2.64480174296516e-05,1.76488402179384e-07,-7.66809271108175e-08,9.55695131534494e-18,-1.71518445470022e-08,4.85234268384433e-08,-4.13796260889501e-17,-9.03625929226449e-17,-3.13777118225901e-08,-1.90955347836358e-10,-1.89006862204925e-08,1.1602843069842e-06,1.90816800466012e-08,-8.02903846917192e-08,3.67362421018002e-16,-7.35479571311849e-06,-9.98480995415705e-18,-9.34455678598796e-07,3.25911173049143e-16,-2.20520765529825e-08,-1.21707583118418e-16,9.23916268097069e-08,2.44534670969451e-08,1.51857340336566e-07,0.000767278129620428,1.5236507446206e-09,-5.95440409376608e-09,4.14674483679839e-08,1.55369303743202e-08,8.39482370989199e-07,7.82397093278602e-08,1.60173136353378e-08,-4.59227020222922e-08,-8.92222598904416e-07,-7.30938017361286e-08,-2.25787974061663e-08,-9.05166044066288e-17,2.14372661537489e-07,-3.74467563406112e-08,2.01096860532384e-08,-5.66900209715722e-17,3.98293331911023e-08,2.9398195268679e-05,3.4988384512148e-07,1.20583549039096e-16,-8.53032149019949e-08,-5.15307135347445e-07,3.48721152749178e-16,-6.14403346263231e-08,1.43717534493648e-07,2.74099712844076e-16,-1.16850315190261e-17,-5.37987781168667e-09,-3.22714849289554e-07,-1.85541705180683e-09,-2.60374749077935e-06,8.73873058418014e-05,1.76888525346971e-08,1.9657134258679e-07,1.71475146477731e-07,-7.10901137551215e-06,-2.1163626406917e-16,8.21985675999613e-10,6.337953759445e-09,1.76206381135742e-08,1.66329540027033e-06,1.85379639831246e-16,-4.71327958408049e-17,5.53580631794353e-07,1.26435966624764e-16,-6.18073830602304e-17,2.54753940622165e-07,-3.80459464937218e-07,-7.12528832379048e-08,-4.36947423909116e-08,1.89719334439778e-06,4.96111604698659e-07,1.54726037546783e-07,-2.1615540303785e-16,3.8488332132922e-07,1.83017522000226e-08,8.44943566538611e-08,-7.87232199577045e-08,3.31256249845044e-07,-3.05232633148265e-16,-8.44532176175429e-16,4.47643225842233e-16,-3.61810125488846e-07,-1.97842997036302e-08,-0.000536814731188142,1.34937377076286e-16,-1.28900842205175e-08,6.65824512285328e-16,-9.01307025384979e-17,2.94324495994071e-06,-1.95679258401238e-05,-1.00613961606655e-15,-1.97401960809731e-06,-9.81313354152838e-08,2.11127865504939e-15,2.62808975288106e-07,4.36714981384801e-15,1.35291107925923e-06,-6.5793361888744e-17,1.38947188986345e-06,1.10703420766092e-06,4.11834818690199e-08,4.48609755797315e-07,3.39102699412696e-06,-2.52472329033751e-07,0.234940672689881,3.46368960249234e-16,-3.26891192293319e-06,1.65459258450309e-07,4.15084483208185e-15,1.91227327195316e-08,3.16776845224576e-07,-6.26424311079673e-08,1.21437965246255e-15,-1.29657075625155e-07,-1.59433507417792e-07,-1.32732609168855e-16,6.48136463132408e-06,8.53031926609141e-07,3.43264681812811e-09,-1.7085504952937e-16,2.99998123611093e-16,-4.45686607406201e-08,-1.33911164600467e-07,-1.05693181527882e-08,9.37434935366784e-09,-4.39278010931638e-08,1.02650562671585e-16,2.32024501528342e-16,-1.52205028930007e-07,-1.042223633274e-09,3.92140204943106e-17,-3.34642438847125e-07,-2.98777017979505e-17,-1.43289271139883e-08,5.22990131764661e-08,3.03022243871402e-08,1.94353250378562e-07,-1.67134674239109e-16,-5.00936151155664e-17,1.70802935151442e-16,1.08228155320747e-16,1.03549354559087e-09,3.49873585664342e-09,-4.81660743884842e-17,-1.94726584933482e-16,-1.9363607087467e-16,-4.47024655148397e-09,-3.84835138594367e-11,1.87863553139578e-09,-7.43391333928422e-17,-6.00105902470727e-17,4.83825219471656e-16,5.04279846833729e-08,-1.51482628178268e-09,-2.87768455870469e-16,-2.11962820477994e-10,5.00754635792586e-09,2.06712371407913e-17,3.76387889091827e-17,2.91315077243974e-08,2.62657780956956e-11,1.15488123052394e-08,1.38856245592212e-16,-7.63517268463165e-10,-1.03642297333022e-06,2.5367690701802e-05,-1.2070005973827e-09,-6.65970941069092e-10,2.18046211175528e-11,-2.6743129698488e-16,4.40581466651042e-16,1.32590011332374e-16,1.47836819346189e-09,-1.35208548657112e-09,-6.10787384093786e-09,-5.91267044185058e-10,6.99296601227718e-16,-2.50453439562748e-16,2.46921372323457e-16,-4.78660902559272e-17,-4.20916989641853e-16,3.5365363339135e-09,5.60124809746631e-17,-7.82328289835819e-17,-6.80642102165867e-09,8.56733100099353e-17,-6.11490915834941e-09,1.51805835364413e-16,-7.62692789507979e-09,3.89634956729859e-16,-1.02766887922534e-08,-1.31602334011489e-09,-1.12209936786495e-08,2.10627777048715e-16,4.54275646352929e-08,3.02800740022523e-17,1.79893843926756e-06,-1.20857871785022e-08,6.71191507646533e-11,4.45182253555022e-16,1.11764568962419e-07,5.6342766968167e-18,-7.42379231535168e-07,-1.47137866787665e-08,7.14438234617645e-17,2.88441225697506e-16,2.88869956855982e-16,-3.16994185536483e-17,-5.66370008442902e-10,-7.4421683661342e-09,-1.67899991465104e-09,6.77019116551621e-17,1.87025721742968e-16,-1.68242864925477e-09,1.37511811252114e-08,1.15348977373636e-16,6.27335137171201e-16,-8.46755315229525e-09,2.41920897412474e-16,-6.06462585738792e-08,-1.88077964993493e-16,5.33781165519358e-08,4.8924335434698e-16,-1.8391792314843e-16,-1.0574789509024e-17,1.447535969927e-16,-7.71232313266911e-17,-3.07362560597705e-17,1.08688178288972e-09,-7.60743567103e-09,-1.7485186802302e-17,-5.2086061076893e-09,2.5161599678209e-05,7.49325899064614e-16,-1.02780436330911e-16,2.91479096376333e-16,-1.64152277365828e-16,2.18715198398581e-08,3.52496264316348e-09,-7.45426035129291e-16,1.52055423915288e-16,-4.69880155600957e-06,-1.29834426861574e-08,-1.97866022166366e-10,1.39503330860252e-16,-1.38109520534533e-16,1.25805109397856e-16,-2.99674539272985e-16,-2.34581951990481e-16,1.43684836324719e-17,8.97243259311033e-08,-8.52342694845125e-08,-1.64596109350761e-08,8.11451869929774e-17,4.02030151227686e-16,9.95158760579096e-17,-1.05406852336819e-16,1.35327543885123e-16,7.71125030877324e-16,3.40138535321972e-16,-2.35051037432826e-16,9.14796436999395e-17,-7.58974512741146e-17,7.4468688978008e-17,-2.20064479986738e-16,2.19527660958605e-16,-2.2727666192057e-16,8.74314057891459e-10,-2.02577315930974e-16,6.22815698871047e-16,-7.3554817513654e-17,1.24773671649825e-08,-1.66132731177003e-09,1.88454512347279e-16,-3.22993776944561e-10,1.15495060703029e-08,-3.19185892164958e-16,-1.27539615725807e-16,-2.25373616168112e-08,1.12423859501397e-16,2.91899724576624e-10,9.54586406383312e-17,1.02360391801028e-17,2.52866648788694e-16,1.16670716540577e-17,3.21910837202313e-09,-4.0142092349717e-08,-2.10659673534967e-16,3.39844875228157e-16,-2.06131934034375e-16,-1.32390055942592e-15,-4.20995703576121e-16,7.34934754296472e-16,-1.63129019961018e-16,2.491951839986e-16,5.18864013586925e-10,-3.35102298994613e-16,-1.29277362184048e-16,2.29193373574269e-16,6.21096671697099e-16,1.83418223752192e-16,-2.17157402120356e-16,-1.83369840610388e-07,9.6524127394142e-17,-2.68154366272645e-16,7.76784404928315e-09,9.1258272485266e-16,2.72708212243623e-16,5.02967593397937e-16,-2.15652127771232e-16,6.6944037325598e-09,-6.26736811107139e-17,-5.47702702679564e-08,-3.3183392578789e-16,-4.34246823878235e-16,-5.11363881958361e-16,2.62243052184179e-15,3.53147889514363e-16,4.73972596540227e-16,2.00392260750183e-09,3.60193484680341e-16,2.96105936757003e-16,1.03731971032522e-09,-2.52768060687081e-07,-3.42310522416776e-16,2.85954094718694e-07,2.62338175350687e-08,-5.52949614327126e-17,4.55841270051135e-16,-5.38396226101798e-16,-4.41000720431819e-16,1.08152982776127e-15,-4.61510669203896e-08,-8.65750184550517e-16,-2.29673690039144e-16,4.31190458970658e-16,1.87384460256856e-08,-2.49459738198809e-16,5.60397304862333e-17,2.29970669618179e-15,4.04663713629847e-16,-8.7171325982e-09,1.26438398108568e-16,2.39944136168019e-10,3.69082973144771e-16,1.9995411022962e-15,1.13869845424689e-15,-4.99316256587988e-16,4.36676323828334e-16,-4.5525786110596e-16,1.70531892667425e-16,-4.35558319049948e-09,-6.12238919733197e-16,-2.1357861548301e-16,1.85695078861167e-09,-9.91149274501465e-16,1.77657834775352e-15,2.93552349316853e-16,1.05081389449498e-16,-7.61900377142779e-16,-1.85539840228254e-15,-1.4242022088063e-08,1.53125828430925e-15,8.39223134962542e-16,4.39048236902981e-09,1.34155032024212e-15,9.36176495208213e-16,-1.03968537459832e-15,-6.49846527901573e-16,-9.55642377861021e-16,1.3979011586132e-15,-6.65218533671802e-16,7.41029314705602e-16,-1.22771524441332e-15,6.7611287543618e-15,-9.43263395581172e-16,-3.04373246130673e-09,1.08975017139502e-08,1.26809556153372e-15,1.34491781014243e-15,-5.88177553159198e-16,-5.55153076502941e-15,1.59358203716264e-14,1.47105098874628e-14,-5.62779904568531e-15,-2.57372408128404e-14,-0.405580510362309,-5.29182743809261e-15,-1.16500226542967e-15,4.20023520544571e-15,3.59356282340378e-15,2.49855850241266e-11,-4.27870006651911e-15,-5.90290319698326e-11,7.43787640399613e-19,-8.34942189778312e-15,-1.38180098511288e-14,4.17346457224046e-15,7.22812106383823e-15,-3.83861698637208e-14,0.707106781161478,-2.74446283940618e-14,1.63029435858275e-14,-5.73233698804428e-15,-1.64540690508769e-14,-7.61374199183698e-16,4.32591328805817e-15,5.06485029342378e-16,-7.69783186357363e-15,-1.09418112416726e-15,-3.75141025841156e-16,-3.07669925563588e-15,7.52025813545271e-16,-4.44911911110934e-16,-6.44558191542632e-16,2.19289438052866e-15,-5.85876943245149e-16,1.86360966062402e-15,1.53928113338497e-15,4.90161375813819e-10,-2.8073703114496e-15,1.48994797403825e-15,-2.16073843582161e-16,1.49851972281065e-15,9.87414527539184e-16,2.75704230082228e-16,-1.32699879097133e-16,2.59920801656829e-17,-1.23425495544581e-17,-4.35484534620548e-16,1.06446969294627e-15,7.63344051453219e-16,7.44476735044966e-16,-1.75184327791623e-16,-1.23678454883941e-15,8.55577204245298e-16,6.31957645353106e-16,-6.77099662034915e-09,2.39973986555549e-16,7.03270646919617e-16,-1.68682686281808e-16,-1.477580079545e-15,7.92242141914213e-16,4.11815332697431e-16,4.07869622558573e-16,1.94762360104229e-16,3.1779389857282e-16,2.39726624047576e-09,2.38200020975706e-16,4.45571215984423e-16,1.75946057015304e-17,1.23437621546763e-16,-9.97241361045377e-17,-5.43281522356758e-16,-3.04796057360858e-16,-4.10261816397004e-16,3.04919596566659e-16,4.18142595550646e-16,-3.7162448375139e-17,1.70480649794027e-16,3.96099444336178e-16,7.81258575537076e-09,-4.38929290791265e-16,5.88083999808143e-18,6.21456472659102e-16,-4.58617518961368e-16,-2.16929114859539e-09,1.19114544357941e-16,8.0067563128812e-17,1.91195101549341e-16,-4.61381144253284e-17,4.01331606806077e-18,-1.43862278597596e-16,2.30302381293003e-16,2.28177914388982e-17,9.22606797400434e-17,-1.73113410881865e-17,-1.00358016085092e-16,-9.10699646174112e-17,1.2578424590532e-16,-1.3592363996334e-16,7.06420384432296e-17,1.27935082042137e-16,-2.10245145784141e-16
"t777",0.0267034773468425,-0.00252515912204644,-0.00223428761139359,-0.00035545076881396,-0.0119430341140213,0.102737958909688,0.0175361286471829,0.000112778230602706,0.0271146816446397,-0.0210692298050243,-0.00401657453859211,0.00306947161557533,-0.00593492913575133,-0.00123905043570847,-0.0322604500141764,0.000723847223693472,0.000515483941797994,-0.000107649936232032,0.00411032643383601,0.000676828133057293,-0.000168229423620682,8.30413539469762e-05,-0.00286357792553418,0.000492651288247867,-8.97911310737333e-05,0.129300966284239,0.00690632784910029,-0.000366571114380087,0.000853982188289075,0.00172988644195221,5.94289184429457e-05,-0.00246338982556123,-0.000141268900133997,0.00128277660002026,-0.000131870600817066,-7.5963330273128e-05,-3.47824424942218e-06,-0.207114516122336,0.000906670250319416,0.000124672149188749,0.000297667543719584,-0.000498988018783262,2.30522150977955e-05,-0.000391561718041255,8.50348366987913e-05,-1.73484234903494e-05,3.21388589272992e-06,-4.76401689926363e-05,0.000653988556699313,-0.00125882155625743,7.33969548752211e-05,-6.8694086515042e-05,1.31490005986411e-06,-2.83002365992716e-05,0.000580070678662828,-0.0268594853417453,2.50988685760479e-05,-0.000212746972276919,0.000800428976256816,-8.77428458948202e-06,-9.25958852982696e-06,0.000137415098773425,-0.000326624267404303,0.000247594800365529,-0.000237038892163555,6.94250661729292e-05,-8.11452254133304e-05,0.0597170604609517,-0.00063589923511293,0.208771156883713,8.29282931817818e-06,-1.15192024142032e-05,0.000669315741217037,2.04627322004671e-05,-8.46299275500575e-06,-7.4471584125651e-07,6.83813973265511e-05,-9.39217047765493e-06,0.000459648009914482,0.0152808661965499,2.18053762562126e-06,2.61379781999517e-05,1.80157143304572e-05,7.17550090919981e-06,-3.53538046323782e-06,-7.69895655954023e-06,8.72971576096988e-07,1.46234140519482e-06,2.84519436465458e-08,-1.04714352278448e-06,2.21503750248023e-06,2.52012451532058e-09,3.15330099731278e-05,-4.30486793117663e-06,-4.8312351813685e-07,-2.31684119088513e-06,-2.73339883526281e-07,1.78977625280254e-06,-2.16362593483443e-05,-9.48528753766878e-05,-0.000932333854901123,9.48533638225052e-07,-0.013004960608571,7.2530055602685e-06,-3.89282130865232e-06,1.01564947830695e-06,-0.00113543449798777,-2.89176803851144e-06,3.71748773790218e-05,-1.88578422318864e-08,-2.00580745172951e-07,1.88925999822094e-06,-6.311049270404e-07,1.23698256134128e-06,-4.1809959655984e-07,1.764479534012e-06,-3.05430066694644e-05,4.58637901411807e-05,-0.00914863164405268,2.00818915240098e-08,-2.28268182242152e-06,1.0656581024791e-05,-0.000183793625854915,-0.000695960892317175,-1.38876143366239e-06,-1.41710224409e-05,1.50867667929756e-06,-2.07910736999133e-05,5.54468334161242e-05,0.00193647300898162,1.47094445736642e-05,0.000264761394066372,6.84347484355749e-06,-7.58275208429846e-05,-3.93709107706282e-07,-0.0007932343029827,1.7160261790054e-05,1.62172791426757e-05,-0.000211291029402573,0.000753968495780293,-1.16943221100926e-05,-1.17039794137569e-07,-0.000224644978981928,3.58031210696987e-05,1.15971848106003e-08,2.11173084559336e-07,4.69773163708399e-07,-8.16247986666685e-07,-4.36499297182498e-08,0.000183067827870502,5.29917101035286e-08,1.6833377555019e-07,2.2269630105641e-08,-6.60743090488044e-07,-4.07375609823483e-08,-6.65676485373391e-08,1.09801522621553e-06,-1.52963384289724e-06,-8.2106742911222e-07,-2.74262393099677e-07,-1.40058258289504e-06,2.06118142747747e-07,-1.48330431053318e-06,-2.18620922620336e-06,1.49339910704004e-06,-1.03539059662584e-06,1.6861524377826e-05,2.88788000461223e-07,1.43648906781842e-05,1.44942479277803e-06,-2.49894236175498e-06,-4.40144896612973e-07,5.22052596465028e-08,1.74266344898515e-06,3.3546501624486e-07,4.92375482842588e-05,2.97313026267484e-08,-1.13832487136111e-06,-1.07314665424673e-05,-5.24746168374801e-06,2.09081110806065e-05,5.4953209305897e-06,-1.13272429604337e-06,-4.4373723870854e-09,-1.31851799643492e-07,-3.53212691658254e-08,-6.06040583694734e-05,1.54664365638127e-05,6.96205190338862e-05,-6.90400097836432e-06,-2.6169847963077e-06,1.10522479671033e-05,0.0153430207122424,-1.54402759815096e-09,-1.66183108776775e-08,-1.54065172038906e-06,-3.15712128031526e-06,-2.13526981332398e-07,2.31088928116425e-06,1.25494758364175e-06,1.2600874032177e-06,1.90891160371496e-05,-4.0817070394579e-08,-7.148828764084e-07,-1.22652948271362e-05,-5.24066431354001e-06,8.36508086865239e-06,3.89425257174732e-06,-6.97598425518728e-05,-4.55470922782476e-08,-0.000353124291801567,5.22146355948819e-06,-2.90940442903491e-05,-5.42999769799164e-05,-3.14036404388053e-07,-2.52645442799609e-06,9.86523083837558e-07,6.87185524871217e-07,-3.62002474823088e-05,-0.203802301541586,0.000229798376195668,-5.15754577180608e-05,-9.50912443270274e-06,-3.43991466592138e-05,0.00185533345752349,3.86319493645651e-06,0.000475840868986733,1.29825121108853e-06,2.2883342118034e-05,1.66264142108373e-05,-4.00341955842765e-06,-8.13903692100688e-07,-5.61021430758747e-06,-0.000322236352687189,5.49643784101828e-07,1.50206189584857e-07,0.0129197428285353,-3.16425712266706e-16,-1.24983942855807e-07,1.14223812110788e-06,8.49334231983483e-08,4.21716908744202e-07,0.000811098787136093,3.80516819738819e-07,1.03589917546095e-06,-2.82220603692149e-07,5.36747752553638e-08,-3.49671354763821e-09,6.8099519818694e-08,-7.46868942551526e-06,1.89096731541124e-08,-1.99079185104632e-06,1.38980114049183e-06,-3.96224820936017e-09,2.06038423627118e-10,-7.73666730389057e-09,3.16551229346547e-09,-4.53005033407919e-08,-3.56680238671743e-09,-1.09959871944945e-08,5.40572587592723e-08,-1.1994311068151e-07,1.60410614948854e-06,-1.16381614188669e-07,1.51464859758113e-07,-5.25241903512991e-08,1.54406688848958e-09,6.40224699706709e-06,-1.04085201044596e-07,1.09480846570967e-07,3.71642064551845e-09,-1.08786871982156e-07,1.1174685088094e-07,-2.61855738427916e-07,4.52749495037163e-07,-9.45051835954616e-07,9.0539933951936e-07,-8.32844814109936e-08,0.00202913645450799,7.22055090154732e-08,-6.2750554502406e-07,-3.66670003884289e-15,-5.49124488923485e-06,-2.11890199293589e-07,-3.34032174189553e-11,-7.26708727381751e-07,0.339356499126727,2.42575456895723e-06,2.81410826361567e-07,-6.082427845806e-09,2.65301769108641e-07,-1.55371928276945e-05,-2.75017305766449e-07,1.25567441065093e-08,-1.72599295432503e-06,1.97412429905277e-06,-4.53364134994013e-07,3.99279894194302e-07,-4.03364183879183e-08,-1.61333731876571e-08,-1.05638212309966e-09,-1.54453986464802e-07,-1.42524203571475e-07,7.44537744498962e-10,-8.16726704362046e-06,3.71507165030537e-08,-1.42044772689529e-07,2.06183056337671e-05,1.21186049770113e-07,6.50420147555729e-08,-2.11957766308409e-08,-4.39606520777603e-06,1.5852017009145e-08,-7.71004934257911e-08,2.2310092329641e-08,2.14858744526358e-07,-4.46105494237858e-07,1.7467461398883e-17,1.79810028203757e-09,9.72533910020064e-08,-9.21886708074235e-09,5.38498354470525e-07,6.00089778025324e-09,1.42246539164652e-07,3.36907687839184e-07,-4.49691516889984e-07,5.39328431711949e-05,-2.34653195988262e-17,-1.47414439904544e-06,-1.19905702224545e-09,-5.22708671135114e-08,2.18404466813675e-08,0.000258820790627748,-2.53147573076744e-08,-1.03232141580821e-06,2.81568856135959e-07,-1.2186561818935e-07,1.88519759448725e-06,-2.58326652698964e-08,-7.0938041757699e-07,-3.32026797351617e-09,-4.74470025985455e-10,-7.1672628021594e-07,3.81011342340064e-08,-7.85447233599229e-07,-2.33879133261446e-16,-2.08844312071227e-07,1.6504286856232e-08,4.75675879658005e-10,4.25954857853127e-09,-1.57602449806438e-06,-3.33828299894032e-06,1.50346923301766e-07,-5.47391279830145e-07,-8.7466405436403e-06,-1.50408987810191e-16,-5.63360833377354e-07,-1.96104225105296e-08,-7.15639797001947e-07,3.23745623145304e-14,2.19508823596708e-06,1.72336638615684e-07,-2.6360630284647e-08,-1.1135159670886e-06,-3.714305377559e-07,-1.98466444647022e-07,-6.30955066440909e-07,2.00315516668225e-07,1.41847296141536e-07,7.88607360944462e-09,4.41733657507402e-07,5.63226606847333e-08,-2.7166392430128e-17,-2.4399433685132e-08,0.000111096411985546,3.44390127581884e-07,-5.36940229760776e-07,1.21037758066386e-17,-4.71392322826405e-08,8.86780161682508e-09,-2.43669712985239e-07,-1.45523482961031e-08,-5.51811129266268e-07,5.2198982148481e-08,-7.00849252098655e-07,1.12497008221124e-06,-6.28959693360008e-17,4.17768630415644e-06,-7.05007560479736e-08,1.99207882448196e-07,5.23370525367595e-06,-4.31119647923343e-08,-3.57692326512195e-09,6.59194920871187e-17,1.0844063136134e-16,-3.48289269180878e-09,-3.97076280388246e-08,5.24102315459952e-09,-6.01025678418055e-07,3.09902060060827e-15,-2.90048581804182e-07,-3.45085244420151e-09,-2.44053253747427e-17,-3.72042217236334e-17,5.34083227623116e-17,7.49026993711834e-07,1.97243721620022e-07,-2.18017255392475e-07,1.99185474895792e-06,2.64480174295985e-05,1.76488402594501e-07,-7.66809269527353e-08,6.72192815840341e-17,-1.71518446034077e-08,4.85234268241382e-08,1.87413912951383e-16,-9.89542746068952e-17,-3.13777116537656e-08,-1.90955297468733e-10,-1.89006864983214e-08,1.1602843073408e-06,1.90816799769603e-08,-8.02903842618931e-08,1.53408674805165e-16,-7.35479571300379e-06,-1.70556635407008e-16,-9.34455678812207e-07,5.67796677730659e-16,-2.20520769046701e-08,7.89992177082394e-17,9.23916265705442e-08,2.4453467190103e-08,1.51857340001658e-07,0.00076727812961648,1.52365059633123e-09,-5.95440376503942e-09,4.14674483723021e-08,1.55369304959974e-08,8.3948237129679e-07,7.82397092924029e-08,1.60173134352534e-08,-4.59227020444946e-08,-8.92222599059584e-07,-7.30938016891768e-08,-2.25787973551961e-08,1.39144092213231e-16,2.14372661529255e-07,-3.74467563810131e-08,2.01096861549285e-08,-5.61535465462983e-17,3.98293333085649e-08,2.93981952683816e-05,3.49883845044174e-07,-5.96285647436538e-17,-8.53032150099997e-08,-5.153071351789e-07,1.08427076698617e-16,-6.14403345814468e-08,1.43717534309409e-07,9.06564504888336e-18,5.77385764841844e-17,-5.37987747103283e-09,-3.22714848724314e-07,-1.85541732881873e-09,-2.60374749063133e-06,8.73873058414062e-05,1.76888524837776e-08,1.9657134265369e-07,1.7147514661584e-07,-7.10901137595995e-06,-6.68844320206308e-16,8.21985731651217e-10,6.33795396402031e-09,1.7620637571075e-08,1.66329540069963e-06,2.91455927779254e-16,2.21568333767649e-17,5.53580631483994e-07,2.08411743895185e-16,4.93367927796702e-17,2.54753940628442e-07,-3.80459464698858e-07,-7.12528834150581e-08,-4.36947417955566e-08,1.89719334452647e-06,4.96111604461283e-07,1.54726037577743e-07,-2.00815781301164e-17,3.84883321566086e-07,1.83017524561166e-08,8.44943566622304e-08,-7.87232197621042e-08,3.31256249852152e-07,-4.99867928387136e-16,-9.741814604851e-16,7.10508402052562e-16,-3.6181012534048e-07,-1.97842997524e-08,-0.000536814731184387,1.10892405112833e-16,-1.28900842638698e-08,1.60559062660503e-15,-1.17103518445531e-16,2.94324495976365e-06,-1.9567925839669e-05,-8.87311057962137e-16,-1.97401960830296e-06,-9.81313356579849e-08,1.96385426464564e-15,2.62808975260199e-07,4.17984578625839e-15,1.35291107926367e-06,2.88973570960543e-16,1.38947188968512e-06,1.10703420753187e-06,4.11834817677202e-08,4.48609755501431e-07,3.39102699406825e-06,-2.5247232924078e-07,0.234940672688024,3.69166442007903e-16,-3.26891192292188e-06,1.65459258435844e-07,4.33225396122123e-15,1.91227326908127e-08,3.16776845135436e-07,-6.2642431088122e-08,1.35492918681616e-15,-1.29657075123853e-07,-1.59433507411427e-07,-4.24063535976163e-16,6.48136463121683e-06,8.53031926427874e-07,3.43264699457284e-09,-6.8249531593177e-17,1.39840426412205e-16,-4.45686606453432e-08,-1.33911164987007e-07,-1.05693179630865e-08,9.37434927783327e-09,-4.39278014807938e-08,-5.81474995355994e-17,4.41208706197565e-17,-1.52205028849152e-07,-1.04222349864798e-09,2.13530314202553e-16,-3.34642438764489e-07,4.46518040272698e-17,-1.43289270488367e-08,5.22990126603255e-08,3.03022248733148e-08,1.94353250740014e-07,-1.34529451045158e-16,-1.26876699444386e-16,-5.08842303184608e-16,2.14245222253796e-16,1.03549351741151e-09,3.49873554503823e-09,-2.8503888827108e-16,1.69159872414285e-16,-1.45407752947258e-16,-4.47024683794864e-09,-3.8484377357159e-11,1.87863534770727e-09,-5.29183260762458e-17,1.68810278255993e-16,2.27302985461586e-16,5.04279848370593e-08,-1.514826343936e-09,4.63082684607697e-16,-2.11962548285856e-10,5.00754635753185e-09,1.23871769971619e-16,-2.94473363291181e-16,2.91315081181467e-08,2.62657950786523e-11,1.15488121686804e-08,5.03046240305181e-16,-7.63517400610295e-10,-1.03642297357765e-06,2.53676907006368e-05,-1.20700105928168e-09,-6.6597082403521e-10,2.18036542369502e-11,4.81263718600333e-16,-4.25819877228421e-16,1.58828490373142e-16,1.4783681537748e-09,-1.35208503920407e-09,-6.1078739110358e-09,-5.91267329282732e-10,-3.11023969466488e-16,1.18660579176711e-16,-2.49255619013795e-17,1.32826525685029e-16,-9.40436771776608e-17,3.53653620002184e-09,-5.55181360900402e-17,-2.69356674117534e-16,-6.80642102056431e-09,-1.28377808529904e-16,-6.11490918760677e-09,-1.31009432462928e-16,-7.62692825384919e-09,-2.0562876414013e-16,-1.02766886313572e-08,-1.31602349805545e-09,-1.12209935608738e-08,-1.99658133541854e-16,4.54275649374426e-08,-1.10746461063155e-16,1.79893843900397e-06,-1.20857871381793e-08,6.7119598581072e-11,-3.69676385846236e-17,1.11764569283983e-07,-5.83539238073782e-16,-7.42379232249693e-07,-1.47137864299857e-08,-1.1019915676733e-16,-1.50858280264832e-16,9.39971571959273e-16,5.8190783500393e-17,-5.66369666741434e-10,-7.44216690588783e-09,-1.67900002194832e-09,1.97982210742209e-17,-2.00350277121819e-16,-1.6824288928517e-09,1.37511816876955e-08,2.35408026406083e-16,-3.95393129809508e-16,-8.4675532784248e-09,-9.59846674030025e-17,-6.06462587241714e-08,7.32014880792805e-16,5.33781165515679e-08,-3.33972158203474e-16,3.16154193853081e-16,1.37092854072551e-16,-3.09542719338805e-16,-2.09107285634863e-17,-3.80635402175167e-16,1.08688271876446e-09,-7.60743556034672e-09,5.92793225666707e-17,-5.20860660735161e-09,2.51615996778294e-05,1.37476919322771e-16,1.32213477934462e-16,-5.78201087803872e-17,4.27546370218691e-16,2.18715196771817e-08,3.52496257179414e-09,4.04628980902949e-16,-1.2781759949115e-16,-4.69880155562764e-06,-1.29834426659976e-08,-1.97865843765296e-10,-3.25121799181325e-16,1.06229331004913e-16,-2.60870149082302e-16,2.71154933141832e-16,1.12029501824633e-16,3.36663721315749e-16,8.97243256119935e-08,-8.52342697435344e-08,-1.64596107396127e-08,-1.57646734691052e-16,-9.12518013956096e-17,1.19980379510811e-16,9.74248125521342e-17,-2.57934515400029e-16,-4.13135208207298e-16,-1.86152271000405e-16,3.7666911568963e-17,-7.28180531749907e-17,-4.5357967333888e-17,4.96430205825747e-17,-5.35120398161466e-16,9.34712528666212e-18,3.20469849760445e-16,8.74317078554408e-10,2.31936419962627e-16,-4.96080960241372e-16,7.39859071538629e-18,1.24773671877701e-08,-1.66132687936615e-09,-3.05011463030345e-16,-3.22993779544906e-10,1.15495059561321e-08,1.78608056183211e-16,2.97109994505488e-16,-2.25373624491707e-08,8.67120404093098e-17,2.91899202902879e-10,2.43273199998007e-17,3.89914894837876e-17,-1.54575547780609e-16,3.67681686042574e-16,3.21910875363838e-09,-4.01420924099846e-08,9.68654235073913e-16,2.70482780774432e-16,2.1420522681385e-16,-7.43147665787775e-16,4.95697233260373e-16,-6.03184953266749e-16,3.25529994401132e-16,-4.38504293313808e-16,5.18863692549329e-10,2.71068749163684e-16,-2.58309189169191e-17,-2.50747072165501e-16,-5.99578297890788e-16,1.33342010117924e-16,3.46478649773373e-16,-1.83369841236896e-07,-2.34364800041454e-17,1.06465842556274e-16,7.76784393752851e-09,5.0389259977543e-16,2.47241173610251e-16,-5.75882844880396e-16,2.89280348150137e-16,6.69440384004448e-09,1.52883889513367e-17,-5.47702701585087e-08,2.72659785050222e-16,2.18325792248172e-16,6.83825701346548e-17,1.13193290257976e-15,1.78548378550945e-16,5.63283602711423e-16,2.00392222525205e-09,9.33141338622834e-16,-4.00020572328204e-16,1.03731938614467e-09,-2.52768059720394e-07,-1.84391091771422e-17,2.85954094954725e-07,2.62338174992487e-08,-3.43609046587595e-17,2.61823389460793e-16,-7.53368972722619e-16,4.36727050739718e-16,-4.90047707901623e-16,-4.6151066397801e-08,5.43497330564443e-16,4.26929310013448e-16,-9.38491882652153e-16,1.87384456023059e-08,6.95051710977049e-16,-2.89047330850169e-15,-3.3271553420998e-15,-4.99736200129461e-16,-8.71713113240593e-09,1.21546155843604e-15,2.39943582047417e-10,-1.34699385722451e-16,-1.09516492851857e-15,-2.17468744144957e-16,-3.9493769596665e-16,-1.08082397361339e-15,-1.60378147013495e-16,-1.1805200119129e-16,-4.35558331159105e-09,2.37539520259908e-16,6.38985828810429e-16,1.85694940860941e-09,4.93829663077423e-16,-2.05864076389387e-15,9.33523139758215e-16,2.88950536292824e-16,6.30471646870745e-16,1.27388134757388e-15,-1.42420206567323e-08,-1.5465993440743e-15,2.12306617914392e-15,4.39048221075813e-09,-6.3648214049571e-16,-3.87049781008849e-17,-1.31848447834156e-15,3.419558494218e-15,6.00295130725485e-16,-1.37607908347453e-16,5.05135978699216e-16,-6.95858499254839e-16,-3.52782271336071e-15,1.50502964489642e-15,-3.30023151824839e-15,-3.04373210010384e-09,1.0897497647453e-08,6.78450662832917e-16,-9.08083641339908e-16,-8.59995332049523e-16,-3.40702558924531e-15,1.72225515099322e-14,9.61216200612489e-15,-1.0093020509601e-15,-2.40090801608472e-14,-0.405580510276745,2.32227368173677e-15,-1.41892219538775e-15,-6.53278352149404e-15,6.13222187495269e-15,2.49845984968122e-11,-1.74688672086174e-15,-5.90375274524051e-11,-9.878186504968e-17,7.99663564497805e-15,1.18671952821911e-14,-4.18253940245278e-15,-7.33152314339696e-15,3.61218275662709e-14,-0.707106781211617,2.70694340765417e-14,-1.59093213836298e-14,5.96353768656135e-15,1.57290172278939e-14,5.16082459967947e-16,-3.70241893479517e-15,2.48584248488439e-16,7.30878021399578e-15,-3.15496455147788e-15,5.28654388045876e-16,4.09133500742852e-15,-1.34900712651768e-15,1.68862590482051e-16,5.49039980146659e-16,-2.42796534672083e-15,6.54267382961657e-16,-2.36058144875195e-15,-1.40907411889426e-15,4.90162409166506e-10,2.14042090236904e-16,-1.72416936629503e-15,-5.14634520259553e-17,-6.9040750952467e-16,-1.11473710806841e-15,6.91595296438178e-17,-1.43114389183525e-15,3.54792437391007e-16,7.83349479311933e-17,6.04862514975096e-16,-9.51278986138782e-16,-2.10985207428942e-15,-9.31030122130581e-16,2.67820557389412e-16,4.41507008858677e-16,-3.19345793352984e-16,-6.86656767074172e-16,-6.77099678189659e-09,3.91211477904348e-17,-6.41983506434232e-16,-1.05544995786672e-17,7.12065492062684e-16,-2.70257229340671e-16,1.00697498428696e-15,-1.67834688912347e-16,7.22872251032111e-16,-3.76100824414366e-17,2.39726625647032e-09,2.3349729405255e-16,-6.79630035819319e-16,8.4836920392078e-17,-1.89219194068795e-16,-4.34685764757181e-17,-3.48539865889864e-16,2.34423914426181e-16,2.12975578882631e-16,3.40296902632195e-17,3.11063713274e-16,5.71439401892751e-17,5.07746883448382e-17,-1.07842306317479e-16,7.81258584346311e-09,3.65253818023481e-16,-1.0596896860851e-16,-3.02227296179321e-16,-3.43692088677905e-16,-2.16929114338824e-09,-1.33002659297626e-16,1.94875658825555e-17,-9.51080707083301e-19,8.51192420045503e-17,-2.61699540742343e-16,-1.8954611899652e-17,4.16384174349325e-16,-2.39675064991674e-16,-1.52192836898048e-16,3.19992764421173e-17,5.13712489521634e-18,9.5134248578106e-17,8.8891760490266e-17,-1.2155926324727e-16,-2.29191912083467e-16,1.14146721387308e-16,-2.40407799077478e-16
"t273",0.0266857509849401,-0.00252162892261236,-0.00223106316220742,-0.000354763574427298,-0.0119147757034665,0.102452877991702,0.0174865160165476,0.000112433862644284,0.0270169531239811,-0.020977223058329,-0.00399434979003173,0.00304857457388168,-0.0058933514369351,-0.00123023979723414,-0.0320211354248352,0.000718163444034938,0.000511340467063455,-0.000106769105058885,0.00407592274709575,0.000670678485588435,-0.000166577422435899,8.20592491564987e-05,-0.0028278375012207,0.000486467826256151,-8.86597484812592e-05,0.127595116761621,0.00681415057309693,-0.00036163524926404,0.000842179147140958,0.001701721760492,5.83981923572715e-05,-0.00241875517999584,-0.000138527831032889,0.00125672904578325,-0.000129058907207311,-7.42170746263531e-05,-3.39729396608876e-06,-0.202219377055326,0.000885098697989505,0.000121662799621252,0.00029028071342848,-0.000486312272598049,2.2458100402604e-05,-0.00038145815511851,8.28033068278455e-05,-1.68648362852221e-05,3.12268272930453e-06,-4.62769445510907e-05,0.00063483886267131,-0.00122104949035513,7.11233309924386e-05,-6.65348990908436e-05,1.27348252170318e-06,-2.73927213679005e-05,0.000560819734542607,-0.0259635256685252,2.41842006696333e-05,-0.000204812953542629,0.000770497099676764,-8.42774310264493e-06,-8.87906827618276e-06,0.00013165874821236,-0.000312730767410778,0.000237022599610006,-0.000226630342094575,6.6300775959304e-05,-7.72972705782826e-05,0.0568200906074127,-0.000604729140332315,0.198347079451917,7.8386297931374e-06,-1.08456255218012e-05,0.000629795324445421,1.92303088499125e-05,-7.95203104443779e-06,-6.99371808177783e-07,6.4203877740214e-05,-8.80898182339856e-06,0.000430063712058709,0.0142833042387608,2.0347618926456e-06,2.43816613643756e-05,1.67602095875083e-05,6.67003801572142e-06,-3.274902725414e-06,-7.12490827206884e-06,8.07100001417867e-07,1.35178580919557e-06,2.62998486135902e-08,-9.6783827954923e-07,2.04652600288109e-06,2.32027072208374e-09,2.90229954637322e-05,-3.95360408618222e-06,-4.4203836824339e-07,-2.11861160793508e-06,-2.4994621250706e-07,1.63423624638401e-06,-1.97453525808141e-05,-8.63873428877821e-05,-0.000847714204245711,8.62316042383256e-07,-0.0118208955244827,6.54311088477955e-06,-3.50980952989212e-06,9.15314097480675e-07,-0.00102245720579167,-2.6034581147085e-06,3.34554351603208e-05,-1.69610031094817e-08,-1.80370203787585e-07,1.69694579130159e-06,-5.66784744735541e-07,1.1075519101285e-06,-3.74109688603307e-07,1.57659016100109e-06,-2.72732447370963e-05,4.08820300301512e-05,-0.00814111076960808,1.78474593884073e-08,-2.02722131264325e-06,9.440187427924e-06,-0.000162549110738773,-0.000615477006132929,-1.22787060805024e-06,-1.25082447438651e-05,1.33146761484813e-06,-1.83223953467351e-05,4.86606172729354e-05,0.00169938636540914,1.29041636216546e-05,0.000231617957459563,5.98350201021465e-06,-6.62723806580327e-05,-3.43535357306464e-07,-0.000691988536856148,1.49181849798586e-05,1.40589556714543e-05,-0.000182468636828584,0.000651048178899816,-1.00913334026536e-05,-1.00962696766667e-07,-0.00019368185348904,3.08619390559854e-05,9.99663173384739e-09,1.81758542223821e-07,4.0314004327257e-07,-6.98352200284787e-07,-3.73170375302841e-08,0.000156246249166043,4.52217815210491e-08,1.43560041203159e-07,1.89850587262799e-08,-5.63048232814352e-07,-3.4577719435468e-08,-5.64663833900881e-08,9.30980247941346e-07,-1.28371845000668e-06,-6.87336565389717e-07,-2.29503329782311e-07,-1.16950589165812e-06,1.7203588698638e-07,-1.23462644375096e-06,-1.81907734401608e-06,1.23925697459827e-06,-8.56941517894693e-07,1.38490804148761e-05,2.37129369943654e-07,1.17944649536094e-05,1.18881667533168e-06,-2.04710385342864e-06,-3.6049734462468e-07,4.26537774054348e-08,1.4227291241896e-06,2.73420960920972e-07,4.01146243840893e-05,2.42174747591819e-08,-9.23607976453735e-07,-8.67201678724694e-06,-4.23746324547049e-06,1.68725586705916e-05,4.42586870472937e-06,-9.11585307340452e-07,-3.56839666050083e-09,-1.05955999998594e-07,-2.8316539819749e-08,-4.85565835028461e-05,1.23282630932305e-05,5.54848721457324e-05,-5.4926980359497e-06,-2.07206297868296e-06,8.71585090199513e-06,0.0120827436835186,-1.21340849354052e-09,-1.30395678278476e-08,-1.20326153168688e-06,-2.46323995281233e-06,-1.66239512554807e-07,1.79718134970213e-06,9.6783165045974e-07,9.71409897294263e-07,1.466330634431e-05,-3.12428230808897e-08,-5.42524872228255e-07,-9.307766645008e-06,-3.97381769134335e-06,6.32748902857717e-06,2.94067406195111e-06,-5.2439553063449e-05,-3.40454030415577e-08,-0.00026274577097126,3.87956844170675e-06,-2.14780685056539e-05,-3.99415085781142e-05,-2.30974159695268e-07,-1.85297204498686e-06,7.18341742034173e-07,4.99680152781136e-07,-2.61262159766037e-05,-0.14631947494331,0.000164683464371853,-3.66831766642561e-05,-6.75115847551577e-06,-2.43737110938454e-05,0.00130660830763443,2.71726341354062e-06,0.000334591365411432,9.06729436187023e-07,1.59163026968718e-05,1.15109051694795e-05,-2.76582263553033e-06,-5.61064349890971e-07,-3.85942671100931e-06,-0.000221545794495386,3.75844936104324e-07,1.02360629717679e-07,0.00877169245329909,-6.6308528396765e-17,-8.44013051383361e-08,7.70517482223503e-07,5.68643217913753e-08,2.80698692758508e-07,0.000537255812659778,2.51972975265481e-07,6.7972231093804e-07,-1.84897273132148e-07,3.51400038466685e-08,-2.28141139567518e-09,4.4327891931223e-08,-4.84085799157277e-06,1.22330677318276e-08,-1.28687236983704e-06,8.94509464764285e-07,-2.50363107973928e-09,1.29325576398061e-10,-4.82900778373977e-09,1.95156236913857e-09,-2.79032953852005e-08,-2.17777632577593e-09,-6.68044225614278e-09,3.26068572057921e-08,-7.21811408908825e-08,9.62992476517305e-07,-6.96304184251214e-08,9.01627384917453e-08,-3.12480200300923e-08,9.06684738187273e-10,3.75829849218921e-06,-6.10801604513707e-08,6.40158429599337e-08,2.1701535744475e-09,-6.32522817602075e-08,6.49211998146578e-08,-1.48140833359622e-07,2.55369556269247e-07,-5.31778137211922e-07,5.06664842939936e-07,-4.63995493726554e-08,0.00111905201505435,3.97020746936512e-08,-3.44215583808392e-07,-2.17114777442255e-15,-2.98753506779933e-06,-1.15154097905775e-07,-1.80887676641838e-11,-3.90193472087478e-07,0.180866167413282,1.28827074010292e-06,1.49188584688631e-07,-3.15071069473599e-09,1.37217632164195e-07,-8.03273296488898e-06,-1.41192268655992e-07,6.31696717256601e-09,-8.65196519284877e-07,9.87104990489092e-07,-2.2481208634359e-07,1.91601357373916e-07,-1.90816023381418e-08,-7.6256454418698e-09,-4.99187161812383e-10,-7.03460979957288e-08,-6.20323041953699e-08,3.2210543315052e-10,-3.50197092892948e-06,1.57552995626146e-08,-6.00346317064061e-08,8.46322535661327e-06,4.9631402756574e-08,2.65273487682768e-08,-8.62003462178476e-09,-1.77096896655039e-06,6.31849255342411e-09,-3.04262177099521e-08,8.76552376573362e-09,8.37825256863775e-08,-1.71132188610253e-07,1.06010938267094e-16,6.18697075845451e-10,3.3070910772521e-08,-3.07893259043727e-09,1.79751612599712e-07,2.00196765251268e-09,4.72426789698819e-08,1.10942600081897e-07,-1.46568475400776e-07,1.72080143419591e-05,-2.30075032929352e-16,-4.46868414809211e-07,-3.61086343924567e-10,-1.55167947660515e-08,6.47221920982334e-09,7.39333716991853e-05,-7.08084951817418e-09,-2.80025987691898e-07,7.47296451638064e-08,-3.07880262839338e-08,4.53894959304887e-07,-6.02214730567376e-09,-1.62299435153036e-07,-7.50681810582366e-10,-1.0498805671404e-10,-1.5821180623005e-07,8.27991118349994e-09,-1.68591803571289e-07,1.66600780682527e-16,-4.06217716518433e-08,3.14049564804041e-09,9.04935555412735e-11,7.58842050453937e-10,-2.77872281994484e-07,-5.12729241076373e-07,2.21061737126443e-08,-7.9774376572743e-08,-1.23155824898283e-06,3.90599388854884e-16,-7.61375461684495e-08,-2.60888727179423e-09,-8.95292360463442e-08,4.46068117812237e-15,2.55631740857559e-07,1.97165644595766e-08,-2.98781265984741e-09,-1.2375987029721e-07,-3.99081944227764e-08,-2.07712567865543e-08,-6.46567780235053e-08,1.92261452368617e-08,1.35047959600821e-08,7.15389431105015e-10,3.65634088371764e-08,4.6390481717245e-09,2.93835933445537e-17,-1.62603073489287e-09,7.09767004934077e-06,1.99045501553423e-08,-2.60403983146079e-08,-8.79795996718051e-17,-1.33022272956544e-09,4.48058582423749e-11,1.34041903017603e-09,1.52042655634863e-10,9.05120819222819e-09,-1.43650633275109e-09,3.20646044522603e-08,-1.03320674039076e-07,3.10763778710898e-16,-5.58773223708187e-07,9.69091929934555e-09,-2.8930043892824e-08,-8.167998308481e-07,6.764287424169e-09,5.72231804902433e-10,1.6306400674182e-16,-1.45896454029293e-16,6.19350753183636e-10,7.68436233350119e-09,-1.02456532319054e-09,1.26047354370698e-07,-8.18544754682496e-16,7.00032877161975e-08,8.8207159055289e-10,-5.40815743659285e-17,4.4590980654457e-17,-6.65629534978972e-18,-2.25558602785362e-07,-6.05612739606274e-08,7.14196837745578e-08,-6.87637808322073e-07,-9.185506159427e-06,-6.46586317769772e-08,2.82626797267111e-08,-5.35841685974627e-17,6.99726739507543e-09,-2.04806299014114e-08,-1.45620900674634e-16,1.59172735127896e-16,1.50190398613341e-08,9.40652919048711e-11,9.66745433367167e-09,-6.08305012659159e-07,-1.04769124775872e-08,4.44081981080756e-08,-3.27443883304856e-16,4.10863150956506e-06,2.00093088250378e-16,5.37017487192687e-07,-1.46378135307268e-15,1.29359797672823e-08,4.81188686378617e-17,-5.56110133661239e-08,-1.47947160685607e-08,-9.82110029231143e-08,-0.000503151477107717,-1.00492174377461e-09,4.0259402285575e-09,-2.86398872928318e-08,-1.12628898837197e-08,-6.08807722574442e-07,-5.75762170809599e-08,-1.21031881615069e-08,3.59313247285116e-08,7.18520506215016e-07,6.01968777840419e-08,1.87992815695716e-08,-1.42861438516776e-16,-1.84566954118308e-07,3.32803263895466e-08,-1.95077295665463e-08,2.23903690031582e-16,-3.96058713104641e-08,-3.03327172705762e-05,-3.66682939176983e-07,1.97387510120296e-16,9.0116553350975e-08,5.61805995122307e-07,-9.94779322459488e-16,6.80230052371115e-08,-1.74279949806236e-07,-2.33949545886141e-16,-2.73082088608684e-16,6.75641034242049e-09,4.06556921060353e-07,2.37189671417672e-09,3.38600040512529e-06,-0.000118101555307511,-2.3985354321152e-08,-2.6779429634013e-07,-2.45777468280174e-07,1.06178945546548e-05,4.24042311680806e-15,-1.24690931878696e-09,-9.6399986775398e-09,-2.70526540838514e-08,-2.58248510009462e-06,-4.32557648753784e-16,1.2867356863103e-16,-8.72827661398975e-07,-5.33107135798628e-16,3.74845201204881e-16,-4.42359423443151e-07,6.71742217128872e-07,1.25848704448875e-07,8.00416628016689e-08,-3.492574214412e-06,-9.14266609946952e-07,-2.87094339831127e-07,4.85189521642445e-16,-7.68190675591631e-07,-3.71049436027754e-08,-1.72192927263865e-07,1.64633948535599e-07,-7.26484886238906e-07,1.30889690039946e-15,3.30645245992129e-15,-1.28100517315539e-15,8.50531488775393e-07,4.79451334079658e-08,0.00130394277330552,-4.75449562272451e-16,3.2252991038713e-08,-4.51503709975462e-15,5.7541328598824e-16,-8.421476824771e-06,5.60862437456231e-05,3.79730968891323e-15,5.8537283042585e-06,2.96885757788179e-07,-9.33887585773778e-15,-8.28835690976197e-07,-1.29160787448484e-14,-4.49068175951781e-06,4.38266792739785e-16,-4.63357282761933e-06,-3.70508462273114e-06,-1.38400750422646e-07,-1.51623848660671e-06,-1.16103126085927e-05,9.0816129473954e-07,-0.907455718912441,-1.2863715248334e-15,1.3854843224051e-05,-7.08480444770029e-07,-1.70635280785663e-14,-8.30116553159574e-08,-1.41031185819865e-06,2.85410823975699e-07,-5.3416045853945e-15,6.40898925604388e-07,8.01326891480901e-07,7.50374476877561e-16,-3.33151613951639e-05,-4.43405860512558e-06,-1.86141824727909e-08,4.2167341757226e-16,-1.03033975152048e-15,2.68531697146643e-07,8.46006415649041e-07,6.74395329151411e-08,-7.53285973822634e-08,3.68020821962914e-07,2.35546977886675e-16,-8.2002494220357e-16,1.31345842541074e-06,9.02815286713959e-09,-3.48080197102855e-16,3.05268187672453e-06,-4.67207903507421e-17,1.37703471624872e-07,-5.41895888341069e-07,-3.157174015077e-07,-2.06995973007917e-06,1.48975716012947e-16,4.47316186567961e-16,-2.01738987353085e-16,-6.00834060525467e-16,-1.37224912772834e-08,-4.72971746666929e-08,3.10782892298875e-16,-4.23470990928952e-18,3.66983288563854e-16,6.51339168359411e-08,5.8015024058414e-10,-3.12394395507223e-08,1.43855945554834e-16,-3.9790219730218e-17,-2.81247464553602e-15,-1.27420731575981e-06,3.89601691608336e-08,-2.05675117483176e-16,6.82219766487456e-09,-1.79174214435541e-07,-8.19803281873539e-17,4.66108952598376e-16,-1.41052770786869e-06,-1.30857671767559e-09,-7.29488745579392e-07,-9.57477004460153e-16,8.66559555911218e-08,0.000208207109225483,0.078651066680353,-1.61295219622122e-07,-7.09273226526205e-08,1.68466090500832e-09,9.21853837086719e-16,-7.73048679029857e-16,-1.41564169885978e-16,4.51194573925872e-08,-4.08927151395755e-08,-1.71861416568365e-07,-1.23483631041077e-08,-5.95433432019914e-16,3.70599679192476e-16,-4.35531333246755e-16,-1.29456626604656e-16,5.11980288998955e-16,5.84302200488936e-08,-6.55181391378989e-17,2.37706335147407e-16,-1.04067863510523e-07,9.39401257660734e-17,-9.31259587556806e-08,-1.27469951669932e-16,-1.15386851545302e-07,-1.63786102876972e-16,-1.38016087238536e-07,-1.72179530804952e-08,-1.41257274138096e-07,-2.86006629472926e-16,5.46573063414674e-07,3.57354111950944e-17,1.97482275581289e-05,-1.19269888785287e-07,6.59504125291716e-10,-2.56160413330991e-16,1.05574832803325e-06,-4.83628570079635e-17,-6.61189583942227e-06,-1.30681920157926e-07,1.69967331590062e-16,-1.34961069296527e-16,-2.44222504826166e-16,-1.81580238797983e-16,-4.80654548031031e-09,-6.24286449990107e-08,-1.38981831516629e-08,-1.53168464885351e-16,1.0242746738964e-17,-1.31042759378025e-08,1.06828156090297e-07,-2.44447835431945e-16,5.34347774468971e-17,-6.13443485704258e-08,-7.62812349830588e-17,-4.33180885439721e-07,-5.25727753905325e-16,3.66434394260724e-07,-1.53448863694662e-16,-4.06951700300479e-16,7.22201981893432e-17,6.24676297607289e-16,8.04999173259537e-17,5.1483073032808e-16,6.92218618975841e-09,-4.84052523060769e-08,1.53381025793359e-16,-3.23371785790215e-08,0.000154650291641018,-2.10961529169297e-16,-2.54658888532878e-16,-1.21772268202988e-16,1.32143291369556e-16,1.2890615179129e-07,2.05794134914322e-08,4.00098042780131e-16,3.53685019403622e-16,-2.71479076137966e-05,-7.49124346705928e-08,-1.13649173087212e-09,-3.25548046628945e-16,1.47216961382258e-17,4.69658622830249e-18,1.79351810117155e-16,-3.42036534299062e-17,3.54398215393807e-16,4.80392487102171e-07,-4.53499523883165e-07,-8.70358156548576e-08,6.72221558255269e-17,-2.58086970140156e-16,-4.2925000769936e-17,1.79207011058847e-16,4.84958620260877e-16,-2.17426022651779e-16,2.43046131589761e-16,2.19719154168555e-16,-5.75348691136892e-17,6.09909953159455e-17,-1.40767157259463e-16,-2.00339848090036e-18,-1.64261738754408e-16,-1.58565048599931e-17,4.19263600074342e-09,1.1119353328734e-17,-2.66877475018098e-17,-2.50943723752246e-18,5.9109589308409e-08,-7.84840523233922e-09,-1.3648023345401e-16,-1.5232536214916e-09,5.36760035306501e-08,2.338798776242e-16,5.62779317811618e-16,-1.02881965948461e-07,-5.96406747831604e-17,1.30419691496683e-09,1.35566235697426e-16,-4.93645698669014e-17,-1.8668924646776e-16,-1.70993357858198e-16,1.39174267406411e-08,-1.73169227608295e-07,-4.86617361219101e-16,7.57440226766903e-18,4.27420568225264e-17,-2.31234615627008e-17,7.5243630770494e-17,-1.80146983478888e-16,3.28398590818289e-16,6.72500119800625e-18,2.00859177084786e-09,7.98860129090521e-17,2.40382992954891e-17,5.37208157425781e-17,-8.55298542299783e-17,-1.59319139440824e-16,1.96192587674241e-17,-6.94055568974727e-07,-2.00760368514398e-18,1.0039049570879e-16,2.92800983788248e-08,-1.14037198100245e-16,-5.23973815512476e-16,-1.57750913342694e-16,-1.9578320189984e-17,2.40373389135825e-08,4.51238705646144e-17,-1.94941132735114e-07,1.04377243804025e-16,-6.03388448824234e-17,-2.11021399951012e-16,7.18017970926209e-16,-1.08276723322217e-16,-3.7343106536755e-17,7.00449471276269e-09,-2.75433528436036e-16,2.21437004291018e-16,3.57501651148048e-09,-8.70513591766189e-07,1.71559623568485e-16,9.72686450531486e-07,8.88853398680109e-08,5.31785814021844e-16,-1.24163577375002e-16,1.68997341901479e-16,8.12287804497482e-17,-3.27574801000715e-17,-1.46898193278154e-07,6.71395102453206e-17,-7.89107975083685e-17,6.48386264312443e-17,5.85732117674696e-08,-4.64486628083984e-17,-1.90263855557148e-17,1.4991114190786e-16,3.82968660704785e-17,-2.65462779932962e-08,2.40969202559464e-17,7.24376183307758e-10,6.92026821627175e-17,1.06716037508464e-16,3.11322757872449e-17,8.02598654595768e-17,-1.22437779390202e-16,1.14629641128891e-16,6.07285447816501e-17,-1.24650033229344e-08,9.58381421099029e-18,1.09749837859399e-16,5.22999417152614e-09,-1.82945693954274e-16,6.18143691504487e-17,-8.20707856465414e-17,5.71098837175604e-17,-3.42791735600309e-17,5.42579787928897e-16,-3.76836477490765e-08,-2.77081951766609e-17,-4.65316853812557e-17,1.11916103295573e-08,-5.9776586748828e-17,7.95338129295581e-17,1.75103282058257e-16,-1.59417329068767e-16,-2.5004325663252e-17,5.66545117738807e-17,3.85430810003768e-17,-2.31965019046797e-17,1.18972318923788e-16,-1.40721366392405e-17,-5.60739764806439e-18,-5.82217992482148e-09,1.92943805197573e-08,2.26073957752338e-16,2.11439622513829e-17,1.20375800362615e-16,-4.267455803273e-17,3.07262895682392e-16,2.40858835030642e-16,-1.16689715976102e-16,-4.79723779556689e-16,-0.00540262688634566,-4.08815739882892e-17,4.35576068418736e-17,-1.07806513154374e-16,5.05430119081549e-17,2.10131988544873e-09,1.09429112385442e-16,-3.32074181661182e-10,1.09494968905193e-17,2.72285228633947e-16,2.74565861440754e-16,7.62809601235985e-17,7.65868758767602e-17,6.97021598364753e-17,7.32256335505492e-13,1.73947383031107e-17,5.96647864423187e-18,6.63858058769524e-17,-5.02114463491482e-17,1.40869607848272e-18,1.01241267644497e-16,8.02779594109824e-17,4.09473566924445e-17,1.7479266147139e-16,-4.55786236556069e-18,1.89735077838064e-16,1.40695730121313e-17,2.66158947389688e-16,1.29995840481012e-16,-2.05871004986964e-17,3.78429423301388e-16,6.21801719321595e-17,5.9660888364736e-17,1.70557499121332e-09,-1.88601671008103e-16,-1.9442342609422e-16,-4.25720597628558e-17,-6.56093880138169e-17,-4.90735593961616e-17,-1.36149676244943e-17,-6.75675421010639e-17,8.22119761006337e-17,1.15944350924415e-16,-7.98993182115434e-17,-6.8738417735581e-17,-8.74817053018336e-18,1.94141725627004e-16,-1.90940896327324e-16,-2.85147959396114e-17,-7.12703400776976e-17,-1.26357367923066e-16,-2.1685060742322e-08,-4.29466687380406e-17,1.41674500521408e-16,4.19654227773277e-18,6.1233589450784e-17,8.32650323910697e-17,7.91856997943113e-17,-1.90548110960313e-16,-5.55188593708784e-17,6.35499232046636e-18,7.25785619222936e-09,8.78006471733361e-18,-7.3969349928649e-17,-1.8193113543752e-17,5.17646538126051e-17,1.21724096357243e-16,-1.63194396606458e-16,2.26984494434451e-16,-6.35894934432024e-17,-2.01779364079822e-16,-6.70068907693916e-19,-2.56012585489729e-17,6.35427099248147e-18,1.12808382882741e-16,2.26433944171244e-08,-3.73346030846379e-17,1.5344099387326e-17,1.72543511602741e-16,-3.77519196459453e-16,-6.17680079044828e-09,4.91547363984524e-17,-1.08368857045694e-16,-3.98479240999211e-17,-1.14043026546611e-16,1.76942081485039e-16,-1.64872694746289e-16,1.40907062842653e-16,-1.93730453820398e-17,2.92007308797724e-17,1.65862919747535e-16,1.28452254077557e-17,1.06122556672262e-16,-1.71580187048351e-17,3.37556978560936e-17,1.34613376264893e-17,6.79320149850755e-17,-1.80775642725117e-16
"t483",0.0266060537556899,-0.00250572960354172,-0.00221653932612303,-0.000351664652580532,-0.011787212527608,0.101164723703682,0.0172623095507418,0.000110876784195319,0.0265744881643722,-0.0205599048273447,-0.00389326271691764,0.00295323551948349,-0.00570357052645686,-0.00119001357798376,-0.030927703205163,0.00069216704028615,0.000492380611956619,-0.000102737166202986,0.00391837122441554,0.000642467544665274,-0.000158985572996858,7.75239424146628e-05,-0.00266252748556765,0.000457862593813486,-8.34252534219963e-05,0.11969137660326,0.00638690390586211,-0.000338750656789174,0.00078740809502361,0.00157023686536094,5.35737407157539e-05,-0.00220943758000225,-0.000125632581826617,0.0011339154888593,-0.000115768402261114,-6.59284654265266e-05,-3.01278984210089e-06,-0.178947065351892,0.000782503684487825,0.000107337855665537,0.000255058677033812,-0.0004257825498228,1.96184292448138e-05,-0.000333162758439082,7.21247433039139e-05,-1.45411946281582e-05,2.68389420170908e-06,-3.9714391246857e-05,0.00054249693245685,-0.00103857395801925,6.01124312648189e-05,-5.60661054657343e-05,1.07263602955721e-06,-2.29855221981646e-05,0.000467063256146389,-0.0215981021072859,1.96922170696658e-05,-0.000165763041637474,0.00062313879564477,-6.71238014151427e-06,-6.98766428762315e-06,0.000102986980930741,-0.00024341179653726,0.000184252139895147,-0.000174511682836559,5.06116205384962e-05,-5.78504349746316e-05,0.0421369627501404,-0.00044653296300731,0.145313535279305,5.49767731816814e-06,-7.33897376865335e-06,0.000423730595746526,1.27835127162168e-05,-5.27810974047833e-06,-4.61748499546718e-07,4.22995471292718e-05,-5.74267960939994e-06,0.000273537955729625,0.00899191599961594,1.25813678745418e-06,1.5015932034622e-05,1.00182182072947e-05,3.94997862415883e-06,-1.86032159274863e-06,-3.99957131105996e-06,4.47554946971396e-07,7.48093472801936e-07,1.45469958516695e-08,-5.34625038666608e-07,1.12511676882147e-06,1.21731687924287e-09,1.5158888814724e-05,-2.0021487991283e-06,-2.11485433094511e-07,-1.00453272456155e-06,-1.18461039102715e-07,7.56616690645989e-07,-9.06065233309172e-06,-3.82892291870951e-05,-0.000364769935218392,3.70054582086383e-07,-0.00505739272479129,2.403845706888e-06,-1.27304435879069e-06,3.2864621621169e-07,-0.000360432856022019,-9.12991605432496e-07,1.16234467123914e-05,-5.80890742571307e-09,-6.14828316890658e-08,5.62068495165271e-07,-1.87076659238403e-07,3.37019944266884e-07,-1.11754597819301e-07,4.51573162528361e-07,-7.66010011355392e-06,1.0852503498442e-05,-0.00203894981701479,4.26552742957075e-09,-4.71221465799485e-07,1.97823613522485e-06,-3.16196137824133e-05,-0.000119368286489743,-2.35464249762643e-07,-2.20266143972832e-06,2.3272040099425e-07,-2.95234600793115e-06,5.9018012434201e-06,0.000205342579095241,1.5167333120389e-06,2.08522257014405e-05,5.0601957990614e-07,-5.34162585688815e-06,-2.20626879631134e-08,-4.28579322514101e-05,3.96538710478944e-07,-3.61904062994527e-08,7.91643991158284e-06,-2.90079266364253e-05,5.21423027258935e-07,5.58437336234456e-09,1.18510176342906e-05,-1.95787584494931e-06,-6.34486099222704e-10,-1.44881805762308e-08,-4.5406683537838e-08,1.02585319835142e-07,5.80526419623387e-09,-2.73218014237652e-05,-7.97758199517357e-09,-2.63929305232189e-08,-3.57373042889985e-09,1.08811085354289e-07,8.30108115029381e-09,1.3986352084986e-08,-2.35647038213352e-07,4.89866189836868e-07,2.84891188315512e-07,9.62979912888096e-08,5.24051201880943e-07,-7.81048460338077e-08,6.06781496367888e-07,9.02411240492055e-07,-6.61251212343911e-07,4.88995946526402e-07,-9.45423053554493e-06,-1.62847875959122e-07,-8.11220619613404e-06,-8.36577919946611e-07,1.47905697590174e-06,2.61446186648687e-07,-3.25492637641751e-08,-1.10283622625618e-06,-2.19138292177256e-07,-3.24123751862672e-05,-1.96487737050906e-08,8.07601559159819e-07,8.16770568344323e-06,4.04130964176521e-06,-1.62835389303282e-05,-4.42203237125126e-06,9.22900052985959e-07,3.65940363934318e-09,1.09975377350229e-07,3.05888060335559e-08,5.29694403723593e-05,-1.46114111210046e-05,-6.59379267348576e-05,6.70669959402393e-06,2.72189076824838e-06,-1.21475046939444e-05,-0.017182883762499,1.77770944561097e-09,1.95288639199373e-08,1.9223446876004e-06,3.99013963810525e-06,2.77241328618429e-07,-3.04092028672317e-06,-1.82760458410299e-06,-1.84372627484152e-06,-2.91280299619489e-05,6.48775265748423e-08,1.25130160630004e-06,2.14781119022552e-05,9.25817978595471e-06,-1.51795165143308e-05,-7.19894804657346e-06,0.000135434609609662,9.39167691153974e-08,0.000764082839737977,-1.14670866682494e-05,6.83143702156811e-05,0.000132319617486144,7.66001597399381e-07,6.34338273050838e-06,-2.6659710100166e-06,-1.88354617419716e-06,0.000107054795654803,0.63552803039394,-0.000729942421689563,0.000176910128933032,3.32262834090589e-05,0.00012266871226963,-0.00704535620388206,-1.48595084463223e-05,-0.00183607455007714,-5.37585020843845e-06,-9.89966533937775e-05,-7.55887170364561e-05,1.86219905982915e-05,3.87765374492518e-06,2.73417896118454e-05,0.00158063548722764,-2.86511270215649e-06,-8.14031248389945e-07,-0.0731032383304149,-1.2382420796503e-16,7.53803785169856e-07,-6.97965025003681e-06,-5.69796876624675e-07,-3.05316592439198e-06,-0.00627313111238482,-2.95495602704268e-06,-9.18470782650706e-06,2.56233773525756e-06,-4.92754372625092e-07,3.38969455970735e-08,-6.85903953356917e-07,8.09478417495453e-05,-2.12054794787577e-07,2.26480405133948e-05,-1.71640011424413e-05,7.57051231905861e-08,-4.87776270958508e-09,2.28932541467668e-07,-2.08451744746813e-07,3.27275842942434e-06,8.04990231121644e-06,-1.51327491200092e-06,2.90668508962837e-06,-5.37148486632252e-06,6.09919785602454e-05,-3.6460431196141e-06,3.73835751784712e-06,-1.26502304765182e-06,2.3605299431987e-08,9.70030574358684e-05,-1.56134200569341e-06,1.48279789544589e-06,4.85236077397336e-08,-1.26920979547668e-06,1.27749818889723e-06,-1.61750643808714e-06,2.61197985099625e-06,-5.15987407715136e-06,4.33732729632154e-06,-3.57231574236838e-07,0.00657880906299512,2.133296898037e-07,-1.71369954532778e-06,-6.75223792772272e-16,-1.08945382201962e-05,-3.99946570387461e-07,-5.26241393755973e-11,-6.13248899455862e-07,0.0728864142768008,-2.10740206607378e-07,-6.67716395910866e-08,1.4031222270914e-08,-6.50709112657595e-07,3.87257746774956e-05,8.76828989851656e-07,-6.92294713781241e-08,1.03358100609711e-05,-1.25062131435857e-05,3.44168991285783e-06,-6.05640731585956e-06,8.55218434913296e-07,3.49425600934155e-07,2.30263441136496e-08,1.41693951092721e-05,-7.67185360168468e-06,3.41426098380292e-08,-0.000309772796471982,1.17362620365805e-06,-4.27468002097253e-06,0.000452273009144929,2.60798688405846e-06,1.3532804089622e-06,-4.3132556985801e-07,-8.35477186346639e-05,2.81320068033328e-07,-1.29143291860476e-06,3.64918779428356e-07,3.38172942409342e-06,-6.51261993296961e-06,-8.2902671753992e-17,1.8884028382437e-08,9.9628673393471e-07,-9.11596062963017e-08,5.31947459666811e-06,5.92156104902899e-08,1.39202969727593e-06,3.24669389569514e-06,-4.25724726840893e-06,0.000493281316979498,-1.72386423507449e-16,-1.25459322723285e-05,-1.01199860175465e-08,-4.33524987611114e-07,1.80770146320651e-07,0.00205646196254324,-1.9689459855339e-07,-7.80127070737477e-06,2.08781854305321e-06,-8.69128431891649e-07,1.30018693282004e-05,-1.74570904956174e-07,-4.74066986240216e-06,-2.20380864284471e-08,-3.11198167582405e-09,-4.69480965394382e-06,2.47520687583626e-07,-5.07036019195636e-06,2.69576672756683e-16,-1.28869144545676e-06,1.00937396488397e-07,2.90889941449287e-09,2.54163620233175e-08,-9.3700360893359e-06,-1.90230127289348e-05,8.46936797297028e-07,-3.07665879227851e-06,-4.87489995036227e-05,-1.13962624012855e-16,-3.11030912334763e-06,-1.07892600142142e-07,-3.88712779930439e-06,1.78231869330709e-13,1.17624006276955e-05,9.20561097893023e-07,-1.40580195336734e-07,-5.91849326494714e-06,-1.96324265210075e-06,-1.04467801629233e-06,-3.31050051252657e-06,1.0411356974078e-06,7.36430338976522e-07,4.06811913974993e-08,2.25361279252832e-06,2.87182942570785e-07,1.3592328519118e-16,-1.21811496078151e-07,0.000552647040016606,1.69978149536899e-06,-2.61930554078956e-06,1.74582054246778e-16,-2.24396175292742e-07,4.11150070074931e-08,-1.11684198445342e-06,-6.63478186168734e-08,-2.50009098222134e-06,2.33795384695101e-07,-3.08236074067464e-06,4.73931000305705e-06,-2.06892047651422e-17,1.69792213960749e-05,-2.85661881628161e-07,8.02082176030223e-07,2.08904745214593e-05,-1.7196851555711e-07,-1.42332089216082e-08,1.04083408558608e-17,-2.79846770668146e-17,-1.36678872325086e-08,-1.53980681405464e-07,2.02940875238589e-08,-2.30290747984887e-06,1.12502366391839e-14,-1.08647036805001e-06,-1.27989072267964e-08,-1.10015780513167e-16,-1.0789995408108e-16,-1.01705648280216e-16,2.69469173707168e-06,7.06886717763286e-07,-7.71123567553351e-07,6.96762489532614e-06,9.2397308148437e-05,6.09389006194798e-07,-2.64411909379936e-07,-3.90064035716871e-17,-5.77688812545213e-08,1.62091221376139e-07,2.49359636450943e-17,1.59750959025781e-16,-1.01507274115383e-07,-6.12999452813485e-10,-6.00517946408801e-08,3.66108987900994e-06,5.94168573860879e-08,-2.49475046722314e-07,-2.02276265244667e-17,-2.27857396901784e-05,-2.9389569739778e-16,-2.87071065770737e-06,-1.10859672136643e-16,-6.73256093885281e-08,-6.88474000876383e-17,2.79849931166056e-07,7.39498387543557e-08,4.49570101257418e-07,0.00226119652776821,4.48171661010068e-09,-1.73697606069645e-08,1.20094766294305e-07,4.42435791390908e-08,2.39018364374194e-06,2.21604910137931e-07,4.49335444210986e-08,-1.27169813174714e-07,-2.44376541694979e-06,-1.98465045001777e-07,-6.10426308794021e-08,1.84874785545718e-17,5.71825991219899e-07,-9.85874562016839e-08,5.09682203003398e-08,-1.59287927895699e-16,9.98134681002164e-08,7.24067269954897e-05,8.55306265054082e-07,-1.09216463447833e-16,-2.07717707212167e-07,-1.23534665707148e-06,-5.57160609589232e-17,-1.46145473199383e-07,3.2558049290526e-07,-1.30298403017478e-16,1.09168797047082e-16,-1.19458373810007e-08,-7.15268337139034e-07,-4.07701705750418e-09,-5.66282665171402e-06,0.000185571837927108,3.74842429084776e-08,4.15307842996343e-07,3.50336942994073e-07,-1.41120980398641e-05,3.40547902377697e-16,1.61347126248668e-09,1.24164464525488e-08,3.42821945500642e-08,3.20892448283245e-06,-2.38701907976754e-16,-4.34277991571988e-17,1.05554255973833e-06,1.1325580066475e-16,-2.32369933342153e-16,4.48552484970479e-07,-6.59949462146629e-07,-1.23556797858729e-07,-7.32296948715479e-08,3.1644344976536e-06,8.26643172833422e-07,2.56096570742486e-07,1.32008524947753e-16,5.90307546973858e-07,2.75788311288701e-08,1.26569062879383e-07,-1.14373560828865e-07,4.53098084770304e-07,1.36044545879059e-16,-7.32184353797028e-17,6.77608130436281e-17,-4.48085159866158e-07,-2.33395213957576e-08,-0.000630839833147865,5.67311236382366e-17,-1.43920601205472e-08,2.85050690506146e-16,-1.64237604278286e-16,2.45641743780537e-06,-1.62565631492685e-05,-3.52148865623292e-16,-1.4893845013793e-06,-6.95362019266803e-08,1.21702285915725e-16,1.60599675108297e-07,3.68016628861122e-15,6.58268210099194e-07,1.16309152322678e-16,6.59943718529104e-07,5.15796137316707e-07,1.87659703861422e-08,1.97964406605551e-07,1.38531897994058e-06,-7.07491318296667e-08,0.0201568483352572,8.14410615638504e-18,6.0722317506176e-07,-3.58973629634891e-08,7.5708163512711e-17,-4.95703945802962e-09,-1.07208679129664e-07,2.58352664264999e-08,-1.32697878762594e-17,8.88441757869681e-08,1.18522846989827e-07,4.75963455608996e-17,-5.33466167658151e-06,-7.36507518726557e-07,-3.49942775862914e-09,3.04304787088955e-17,-1.021773203257e-16,6.3906667210537e-08,2.18713565113889e-07,1.77149910615296e-08,-2.60967295022147e-08,1.32199689205818e-07,-2.4188421854423e-16,8.97204049624286e-17,4.83208716650606e-07,3.33121504725059e-09,-9.55580516313304e-18,1.17011823453968e-06,-8.38200242011849e-17,5.46426335115167e-08,-2.24761806579675e-07,-1.31344461879356e-07,-8.71236985758324e-07,-3.88777757320181e-16,1.94017290024339e-16,2.88846842594534e-16,1.49689674449713e-16,-6.34045712893867e-09,-2.20017862868725e-08,2.60458598064801e-16,-2.57460417647169e-16,-7.52308265282869e-17,3.10135931209976e-08,2.78887542777507e-10,-1.53841016732352e-08,5.45623094370019e-17,6.19106545543535e-16,-6.67163806838955e-16,-6.65404997477646e-07,2.03694085755579e-08,-3.00006042885469e-16,3.59307791394783e-09,-9.42642412452212e-08,-4.16383922354842e-16,2.20173370175653e-16,-7.29132785894523e-07,-6.74598953028612e-10,-3.65222400304061e-07,3.25285962414756e-17,3.84622091168688e-08,7.76011484997189e-05,0.00751286100032693,-4.95432164481019e-07,-1.2354502660822e-07,2.06554854599067e-09,-1.85457714487214e-17,-8.75130007657695e-16,-4.94624061816276e-16,4.08789938321966e-08,-3.70208347634611e-08,-1.54778908656073e-07,-1.10603972357215e-08,-8.88346295160172e-17,-6.02589503870618e-17,-7.49354640343894e-17,1.83293922134521e-16,-7.5918062063825e-17,5.29617053372881e-08,-5.95805906651145e-16,-4.43601208322616e-16,-9.49726933497404e-08,-4.72208095169027e-17,-8.50197620526867e-08,2.99432640014664e-16,-1.05411618440135e-07,8.40377852787514e-16,-1.2778913848543e-07,-1.59960036369425e-08,-1.31923106184909e-07,-5.29131584331179e-18,5.13826295846615e-07,2.72978085023112e-16,1.88400104168257e-05,-1.16007055685435e-07,6.42001486811503e-10,-6.60362772656249e-16,1.03577533621801e-06,-3.28609348354063e-16,-6.56673068124902e-06,-1.29866751811981e-07,4.61795906299697e-16,-3.33813380716994e-16,8.79351690373395e-16,-1.85729106838261e-16,-4.82446327748001e-09,-6.28255371197791e-08,-1.40289468736921e-08,-1.10068273683788e-15,-2.06126865478449e-16,-1.3418048390012e-08,1.09454772275266e-07,2.57402954988203e-16,-3.44202671348715e-16,-6.39510095451447e-08,1.75407425496852e-15,-4.53228112047124e-07,2.66499197025282e-15,3.87382839138618e-07,2.80321166488931e-16,-2.40975059583249e-15,3.7269344194832e-16,1.17032398269772e-16,1.52986072004613e-16,-6.22765270665935e-16,7.46825115975794e-09,-5.22373313650321e-08,1.0783009610518e-16,-3.51379812298995e-08,0.000168523276101807,4.30787017446407e-16,-5.70422248632282e-16,2.91135033081877e-15,-9.5931823267296e-16,1.42169462318628e-07,2.27594693369615e-08,2.87649918584356e-15,-9.784128540884e-16,-3.01154099562071e-05,-8.31338340320765e-08,-1.26289691583686e-09,-8.36634408264018e-16,-9.23761823043309e-17,-2.01712854874123e-16,3.48623109303461e-15,3.85002921552153e-17,-2.17224934192035e-15,5.45140334717934e-07,-5.15603295390391e-07,-9.91410863811047e-08,-3.25392767671143e-15,7.74905810080291e-16,5.44336250706576e-16,-7.7770309123088e-16,3.96770075828778e-15,5.28616300670807e-15,-1.55358451453206e-15,-2.8024256090573e-15,1.25498745553594e-14,1.54928254093278e-14,1.33208275096432e-15,-1.23399487115908e-14,1.43137794885269e-14,-8.84573465541928e-15,4.92258040416796e-09,9.21302384065897e-15,-2.8766525442309e-14,-7.15065117968e-14,6.96667499541118e-08,-9.25839307862747e-09,0.707106781186548,-1.79797932714071e-09,6.36458726235563e-08,1.21771979504746e-15,7.68932231744395e-15,-1.22684368802235e-07,2.74487758003585e-15,1.56584129427024e-09,2.83046334737713e-15,1.90407094127884e-15,1.19699683987946e-15,4.60620232624168e-15,1.68846595114754e-08,-2.10235432186671e-07,-6.33144486795272e-17,6.12766409806569e-16,-1.33682229773811e-15,3.1024198245015e-16,-2.2740056365711e-15,-1.37536768061566e-15,-5.95720254466629e-16,2.83541925294322e-16,2.52249549327494e-09,6.25518672100152e-16,1.35907728584985e-15,-1.19201353700271e-16,-1.70614489656694e-15,2.98940834014478e-16,-1.12490864099918e-15,-8.77582717863961e-07,1.77871794318625e-16,-8.30771272288207e-16,3.70683112414247e-08,-2.99741577482744e-16,2.82791026043259e-16,2.03749078259796e-16,4.19751223571447e-17,3.08630940250371e-08,-8.53159998407828e-16,-2.50911265905362e-07,1.70512511430655e-15,1.86725572697387e-16,-1.02532156115975e-15,4.46913429454445e-15,3.10979229665105e-17,-1.5510177924329e-15,9.06010321872442e-09,-1.85324533891671e-16,-6.05957955763403e-16,4.64139936020599e-09,-1.13038726338397e-06,-4.53616275623287e-16,1.2670545991246e-06,1.15898828126065e-07,9.3219384021679e-17,7.61888201583338e-18,-6.98177178509764e-16,9.12588025961763e-17,-5.44149170138592e-17,-1.9425715541302e-07,6.06889181904982e-17,-1.49708108584767e-15,-3.08438549042569e-16,7.77273908641096e-08,-7.60732195122093e-16,-2.9552447572565e-16,-3.59617846725077e-16,-2.19223201346982e-16,-3.53869848065132e-08,5.94371251052808e-17,9.66945148448885e-10,3.7840371593012e-16,-2.75577680230913e-16,-9.1371627429147e-16,6.15461863822785e-16,-5.3428193104889e-16,-1.48978526495571e-16,-2.1255982348144e-16,-1.67578786113384e-08,-7.23991705391375e-16,6.84715821243583e-16,7.043247421041e-09,1.10565562127401e-16,7.22968484435511e-16,7.42982548389016e-16,4.30184850085567e-16,2.36932913911067e-16,-1.27374849045446e-15,-5.10151087765578e-08,1.94558099046359e-16,1.32197130114268e-15,1.51850375160425e-08,2.06306127620509e-16,1.07173790579734e-16,-2.25013590339354e-16,4.66475655463025e-16,3.58628725675976e-16,-1.6636128847279e-16,3.78229308821103e-16,1.1580273433605e-16,-3.84289506456761e-16,7.43951329910303e-17,-2.50963155626042e-16,-7.95585448302748e-09,2.63781034163218e-08,2.59494546125324e-16,2.75785878551749e-16,3.26866548241137e-16,9.51243205379325e-17,-1.04517089427603e-16,-2.15818196812418e-17,-1.39960896631788e-16,-4.86528071710646e-16,-0.000252888153804409,1.14520749731233e-16,3.22545095337721e-16,4.0663153318234e-16,1.77664955600041e-16,2.92164871648319e-09,1.06811305759486e-16,-4.62973814216026e-10,-7.87252253209835e-17,-4.50404070541103e-16,-1.41469391279409e-16,-2.57309952416342e-16,2.32008199362484e-16,-1.70799404489686e-17,3.58800171920638e-14,-4.53761494280377e-17,-4.44316810934207e-17,-2.3819641978297e-17,-2.84947718184659e-17,7.06300648362816e-17,3.78883927640736e-16,-9.80565399710298e-19,1.4484040418616e-17,2.49503530104946e-16,-3.1163438344444e-16,7.12547299946584e-17,2.03348462821932e-16,-1.54177398743114e-16,3.85433872318597e-16,3.50788540708911e-16,-7.74906071047846e-18,6.55522314230534e-19,2.83196291634003e-16,2.4151952812309e-09,1.36309761171975e-17,4.58948237372328e-16,1.50982005440495e-16,-2.01195855146963e-16,1.82535398749908e-16,-1.39000063205088e-17,-2.24718774549286e-16,4.172431385266e-18,-2.9456971779107e-17,1.16416381774266e-16,-3.4705311541261e-16,4.98421296817316e-17,-4.00221571225054e-17,1.80098886201997e-16,-1.6783676914351e-16,-2.70886524026236e-16,1.66513483409747e-16,-3.10267399048349e-08,8.33507575740379e-17,3.28884442894698e-16,-8.46654521637459e-17,-1.31411244038269e-19,-1.12897585406601e-17,-2.20327222911426e-16,-1.11056840539872e-16,8.87874544410139e-17,1.71806044789142e-16,1.0490241928509e-08,2.23174004159908e-16,-1.52207646418352e-16,-1.09561056315004e-16,1.06389941992306e-16,1.34976734412878e-16,1.7658156413268e-16,8.03089897314648e-17,1.13281702610339e-16,2.28105975342018e-16,-1.70189317809837e-16,-8.74037356329198e-17,1.47456689143568e-16,1.37238057455088e-16,3.30440726261928e-08,-1.76324992672554e-16,-4.2890876055013e-18,5.67441219536379e-17,-5.38848479725296e-16,-9.05270262638498e-09,-2.45153007823443e-16,1.33192353307472e-16,-6.42252387513821e-17,2.86143832386441e-16,3.5987762652395e-17,-4.08432964837505e-17,1.07018278234586e-16,2.28493583539874e-16,-2.36626443447068e-17,1.4721008106038e-17,-5.60680299771927e-17,4.59174877934238e-18,-5.09546342474367e-17,-1.86194935129797e-16,5.39321578990434e-17,4.57960359090197e-17,-3.55193683638116e-16
"t484",0.0266060537556899,-0.00250572960354172,-0.00221653932612303,-0.000351664652580532,-0.011787212527608,0.101164723703682,0.0172623095507418,0.000110876784195317,0.0265744881643722,-0.0205599048273447,-0.00389326271691764,0.00295323551948349,-0.00570357052645685,-0.00119001357798375,-0.030927703205163,0.000692167040286146,0.000492380611956628,-0.000102737166202981,0.00391837122441555,0.000642467544665268,-0.000158985572996868,7.75239424146614e-05,-0.00266252748556765,0.000457862593813486,-8.34252534220002e-05,0.11969137660326,0.00638690390586212,-0.000338750656789193,0.000787408095023613,0.00157023686536093,5.35737407157372e-05,-0.00220943758000225,-0.000125632581826611,0.00113391548885926,-0.000115768402261107,-6.59284654265199e-05,-3.01278984210783e-06,-0.178947065351892,0.000782503684487858,0.000107337855665461,0.000255058677033812,-0.000425782549822755,1.96184292448334e-05,-0.000333162758439101,7.21247433038857e-05,-1.45411946281546e-05,2.68389420170326e-06,-3.9714391246872e-05,0.000542496932456816,-0.00103857395801925,6.01124312648069e-05,-5.60661054656964e-05,1.07263602955873e-06,-2.29855221981585e-05,0.000467063256146397,-0.0215981021072858,1.96922170697032e-05,-0.00016576304163748,0.000623138795644718,-6.71238014151457e-06,-6.98766428763127e-06,0.000102986980930727,-0.00024341179653724,0.000184252139895141,-0.000174511682836529,5.06116205385045e-05,-5.78504349746325e-05,0.0421369627501403,-0.000446532963007255,0.145313535279305,5.49767731820126e-06,-7.3389737686386e-06,0.000423730595746527,1.27835127161639e-05,-5.2781097404563e-06,-4.61748499557219e-07,4.22995471292568e-05,-5.74267960941287e-06,0.000273537955729647,0.00899191599961597,1.25813678745058e-06,1.50159320345856e-05,1.00182182072885e-05,3.94997862412175e-06,-1.86032159274564e-06,-3.99957131103339e-06,4.47554946954917e-07,7.48093472798851e-07,1.45469958538574e-08,-5.34625038642322e-07,1.12511676883287e-06,1.21731687490606e-09,1.51588888147058e-05,-2.00214879919752e-06,-2.1148543309702e-07,-1.00453272464296e-06,-1.18461039129625e-07,7.56616690617793e-07,-9.06065233309533e-06,-3.82892291870855e-05,-0.000364769935218334,3.70054582086596e-07,-0.00505739272479129,2.40384570687242e-06,-1.27304435879796e-06,3.28646216225941e-07,-0.000360432856022011,-9.12991605444793e-07,1.16234467123581e-05,-5.80890740771531e-09,-6.14828316801158e-08,5.62068495182924e-07,-1.87076659252371e-07,3.37019944264222e-07,-1.11754597820187e-07,4.51573162530888e-07,-7.66010011355643e-06,1.08525034984363e-05,-0.00203894981701473,4.26552744979662e-09,-4.71221465818602e-07,1.97823613522963e-06,-3.16196137824409e-05,-0.000119368286489781,-2.35464249728192e-07,-2.20266143974624e-06,2.32720401061037e-07,-2.95234600790494e-06,5.90180124340469e-06,0.000205342579095242,1.51673331204727e-06,2.08522257014314e-05,5.06019579905447e-07,-5.34162585691039e-06,-2.20626879928034e-08,-4.28579322514973e-05,3.9653871046718e-07,-3.61904063064839e-08,7.91643991157372e-06,-2.90079266364311e-05,5.21423027251699e-07,5.58437330774990e-09,1.18510176343104e-05,-1.95787584494639e-06,-6.34486069429167e-10,-1.44881805523702e-08,-4.54066835677599e-08,1.02585319794662e-07,5.80526418508462e-09,-2.73218014237577e-05,-7.97758192708567e-09,-2.63929306142248e-08,-3.5737304956308e-09,1.08811085388588e-07,8.30108121520593e-09,1.39863520919877e-08,-2.35647038212723e-07,4.89866189827797e-07,2.84891188337802e-07,9.62979913077846e-08,5.24051201884749e-07,-7.81048460887947e-08,6.06781496320865e-07,9.02411240502275e-07,-6.61251212305449e-07,4.88995946525539e-07,-9.45423053552304e-06,-1.62847875938524e-07,-8.11220619624698e-06,-8.36577919886555e-07,1.47905697589209e-06,2.61446186718023e-07,-3.25492637579003e-08,-1.10283622621399e-06,-2.19138292197424e-07,-3.24123751864327e-05,-1.96487737631667e-08,8.07601559126252e-07,8.16770568333957e-06,4.04130964162384e-06,-1.62835389303421e-05,-4.42203237123451e-06,9.22900053035335e-07,3.65940365528313e-09,1.09975377225505e-07,3.05888059913292e-08,5.29694403723756e-05,-1.46114111211094e-05,-6.59379267348164e-05,6.70669959408156e-06,2.72189076820776e-06,-1.21475046940977e-05,-0.0171828837624989,1.77770949887456e-09,1.95288638592185e-08,1.92234468757204e-06,3.99013963814983e-06,2.77241328643366e-07,-3.04092028672964e-06,-1.82760458413405e-06,-1.84372627482378e-06,-2.91280299619706e-05,6.48775266256455e-08,1.25130160636006e-06,2.14781119022904e-05,9.25817978593332e-06,-1.517951651455e-05,-7.19894804660729e-06,0.000135434609609631,9.39167690608869e-08,0.000764082839737983,-1.14670866682312e-05,6.83143702156652e-05,0.000132319617486059,7.66001597485415e-07,6.34338273057948e-06,-2.66597101000146e-06,-1.88354617412308e-06,0.00010705479565481,0.63552803039394,-0.000729942421689519,0.000176910128933034,3.3226283409111e-05,0.000122668712269687,-0.00704535620388207,-1.4859508446365e-05,-0.00183607455007711,-5.3758502084545e-06,-9.89966533939797e-05,-7.55887170364561e-05,1.86219905982703e-05,3.87765374503705e-06,2.73417896119287e-05,0.00158063548722777,-2.86511270217e-06,-8.14031248209425e-07,-0.0731032383304147,-1.49983211299502e-16,7.53803785209108e-07,-6.97965025009666e-06,-5.6979687652209e-07,-3.0531659244955e-06,-0.00627313111238483,-2.95495602714286e-06,-9.18470782650243e-06,2.56233773505029e-06,-4.92754372504418e-07,3.38969455841663e-08,-6.8590395317712e-07,8.09478417495802e-05,-2.12054794807846e-07,2.26480405133859e-05,-1.71640011424275e-05,7.57051230899312e-08,-4.8777627000441e-09,2.28932541449124e-07,-2.08451744747167e-07,3.27275842941129e-06,8.04990231118169e-06,-1.51327491221874e-06,2.9066850896021e-06,-5.37148486632977e-06,6.09919785602563e-05,-3.64604311967911e-06,3.73835751792591e-06,-1.26502304763469e-06,2.36052994254278e-08,9.7003057435955e-05,-1.56134200563383e-06,1.48279789531996e-06,4.85236077837461e-08,-1.26920979542282e-06,1.27749818905318e-06,-1.61750643793156e-06,2.61197985101338e-06,-5.15987407692967e-06,4.3373272962512e-06,-3.57231574233534e-07,0.00657880906299511,2.13329689727462e-07,-1.71369954521164e-06,-6.98049591258406e-16,-1.08945382203533e-05,-3.99946570290408e-07,-5.26241840809918e-11,-6.13248899234181e-07,0.072886414276801,-2.10740206546628e-07,-6.67716397620154e-08,1.40312222324055e-08,-6.50709112539647e-07,3.87257746774497e-05,8.76828989824933e-07,-6.92294713444192e-08,1.03358100610726e-05,-1.25062131435867e-05,3.44168991279839e-06,-6.05640731584701e-06,8.55218434554208e-07,3.49425600879271e-07,2.30263440949004e-08,1.41693951092881e-05,-7.6718536017044e-06,3.414260981578e-08,-0.000309772796471925,1.17362620367185e-06,-4.27468002100043e-06,0.000452273009144967,2.60798688407312e-06,1.35328040890603e-06,-4.31325569915642e-07,-8.35477186346975e-05,2.8132006798198e-07,-1.29143291854633e-06,3.64918779420765e-07,3.38172942406232e-06,-6.51261993308923e-06,7.1151535613842e-18,1.88840284178798e-08,9.96286734016914e-07,-9.11596063776169e-08,5.31947459664949e-06,5.92156105039378e-08,1.39202969754848e-06,3.24669389570844e-06,-4.25724726836415e-06,0.000493281316979579,-3.98452206341451e-17,-1.25459322725447e-05,-1.01199858634851e-08,-4.33524987554472e-07,1.80770146203056e-07,0.00205646196254297,-1.96894598298789e-07,-7.80127070748588e-06,2.08781854299799e-06,-8.6912843183351e-07,1.30018693282544e-05,-1.74570905008666e-07,-4.74066986253392e-06,-2.20380864250509e-08,-3.11198177844378e-09,-4.69480965367809e-06,2.47520687570033e-07,-5.07036019208282e-06,-3.79073500611499e-17,-1.28869144551815e-06,1.00937396383663e-07,2.90889940733175e-09,2.54163620871439e-08,-9.37003608960989e-06,-1.90230127290082e-05,8.46936797276233e-07,-3.07665879224925e-06,-4.87489995038009e-05,9.87036560853863e-17,-3.11030912307691e-06,-1.07892600195081e-07,-3.8871277989008e-06,1.78014550496884e-13,1.17624006277628e-05,9.20561097768722e-07,-1.40580195440821e-07,-5.91849326492486e-06,-1.96324265188605e-06,-1.04467801627437e-06,-3.3105005126399e-06,1.04113569753398e-06,7.36430339228877e-07,4.06811913319871e-08,2.25361279246966e-06,2.87182942626242e-07,1.90934320349213e-17,-1.21811495974184e-07,0.000552647040016556,1.69978149538066e-06,-2.61930554076415e-06,2.26101108909827e-16,-2.24396175182958e-07,4.11150070698347e-08,-1.11684198440998e-06,-6.63478185703419e-08,-2.50009098210695e-06,2.33795384698186e-07,-3.08236074048443e-06,4.7393100031634e-06,-1.60755067988555e-16,1.69792213960878e-05,-2.85661881815999e-07,8.02082176000433e-07,2.08904745213004e-05,-1.7196851556773e-07,-1.42332093095092e-08,1.17961196366423e-16,3.51738238712216e-17,-1.36678867243495e-08,-1.53980681503909e-07,2.02940874113992e-08,-2.30290748012774e-06,1.11203696361109e-14,-1.08647036812403e-06,-1.27989072026604e-08,-1.17863157541759e-16,5.47328332382846e-17,-9.72704704662278e-18,2.69469173729846e-06,7.068867177327e-07,-7.71123567440034e-07,6.96762489548593e-06,9.23973081482918e-05,6.09389006442843e-07,-2.64411909574669e-07,-7.3097096286345e-17,-5.77688812020195e-08,1.62091221468736e-07,-1.02098286485203e-16,-3.97133682830916e-16,-1.01507274101428e-07,-6.12999481437045e-10,-6.00517945384452e-08,3.66108987899856e-06,5.94168570997165e-08,-2.49475046694853e-07,1.64766910254691e-16,-2.27857396902535e-05,3.04800058571049e-16,-2.87071065753162e-06,-5.80590263365988e-17,-6.73256091102577e-08,-1.50089255301995e-16,2.79849931251929e-07,7.39498389505066e-08,4.49570101418266e-07,0.00226119652776826,4.48171662681391e-09,-1.73697607854133e-08,1.20094766215484e-07,4.42435790902095e-08,2.39018364376382e-06,2.21604910238949e-07,4.49335445690469e-08,-1.27169813188891e-07,-2.44376541711877e-06,-1.98465045247719e-07,-6.10426307996073e-08,2.22269684323962e-17,5.71825991218007e-07,-9.85874562858703e-08,5.09682201474751e-08,2.03406802514053e-16,9.98134680530086e-08,7.24067269955223e-05,8.55306265028527e-07,8.70208646139079e-17,-2.07717707457996e-07,-1.23534665702473e-06,4.60428748286929e-17,-1.46145473217559e-07,3.25580492778618e-07,3.60530147543085e-17,1.3605817476338e-16,-1.19458373536539e-08,-7.15268336989352e-07,-4.0770170921758e-09,-5.66282665183417e-06,0.000185571837927543,3.74842425349737e-08,4.15307842945043e-07,3.50336943119254e-07,-1.41120980397643e-05,3.32741646735801e-16,1.61347132566417e-09,1.24164462423035e-08,3.42821946165018e-08,3.20892448290446e-06,-2.99241357011742e-18,5.70726254741576e-17,1.05554256000819e-06,-1.5581015183042e-16,-5.28031623201446e-17,4.48552485283351e-07,-6.59949461900737e-07,-1.23556797612701e-07,-7.32296951158056e-08,3.1644344973903e-06,8.26643172865591e-07,2.56096570419298e-07,-1.66648499639038e-16,5.90307546926565e-07,2.75788309689527e-08,1.26569063008878e-07,-1.14373560889045e-07,4.53098084711129e-07,-1.69967215147569e-16,-1.24373254394068e-16,-2.57011967830392e-18,-4.48085159787871e-07,-2.33395213145884e-08,-0.000630839833148097,-2.28235537664038e-16,-1.43920601919484e-08,-3.47906444429776e-17,1.23009072973146e-16,2.45641743778343e-06,-1.6256563149467e-05,1.73906028466675e-16,-1.4893845021236e-06,-6.95362018266509e-08,8.28309664251196e-16,1.60599675501018e-07,3.75459259909437e-15,6.58268210338144e-07,-2.17843433817709e-16,6.59943718932579e-07,5.15796137313326e-07,1.87659698024675e-08,1.97964405591394e-07,1.3853189795833e-06,-7.07491311494383e-08,0.0201568483352573,1.51727657001333e-16,6.07223175424834e-07,-3.58973629943085e-08,6.75975706290955e-16,-4.95703959665032e-09,-1.07208678979788e-07,2.58352669264753e-08,3.13182155903218e-16,8.884417598055e-08,1.18522846739512e-07,-9.77748913018669e-18,-5.33466167669066e-06,-7.36507517900103e-07,-3.49942790484675e-09,-1.36313957470389e-16,1.03558780377459e-16,6.39066670117029e-08,2.18713565599026e-07,1.77149904852499e-08,-2.60967293495141e-08,1.32199688717888e-07,2.42210418758404e-16,-1.9346516380016e-18,4.83208716476832e-07,3.33121514496257e-09,-2.94054396074383e-16,1.17011823450278e-06,1.90440012293794e-17,5.46426333816133e-08,-2.24761806464013e-07,-1.31344461039036e-07,-8.7123698473518e-07,1.49920511407946e-16,-1.93905866692938e-16,-4.60567509733989e-16,-1.44428482933397e-16,-6.34045693877585e-09,-2.20017860481817e-08,-3.08780549818536e-16,2.79669961066228e-16,3.66696810281021e-17,3.1013593344374e-08,2.78886205452349e-10,-1.53841016285944e-08,-6.44022729561026e-17,-6.65510398525915e-16,5.30337492671284e-16,-6.6540499690995e-07,2.03694091301964e-08,3.59300604036454e-16,3.59307802161081e-09,-9.42642416907318e-08,4.73518753496186e-16,-2.0222092164472e-16,-7.29132786485217e-07,-6.74598699718486e-10,-3.65222400207554e-07,-1.73136243564604e-17,3.8462208968355e-08,7.76011485007898e-05,0.00751286100032628,-4.95432163500186e-07,-1.23545026511819e-07,2.06554922025745e-09,2.41093756231626e-16,9.02677136399796e-16,5.611728913073e-16,4.08789934607471e-08,-3.70208344138024e-08,-1.5477890877248e-07,-1.10603973307186e-08,-2.04373523411532e-16,4.09373970336172e-17,1.20023389534172e-16,-1.11386179902718e-16,-5.82184384592876e-17,5.29617052566485e-08,3.48586493648109e-16,4.70670387669264e-16,-9.497269336001e-08,5.81640654930373e-17,-8.50197625871636e-08,-2.65058045159751e-16,-1.05411617675059e-07,-8.53707080170873e-16,-1.27789139367702e-07,-1.5996004817846e-08,-1.31923105567004e-07,3.88543456307065e-17,5.13826294890925e-07,-2.31179199447906e-16,1.88400104163032e-05,-1.16007056167209e-07,6.42000379821947e-10,7.0949894909977e-16,1.0357753365537e-06,5.7125124697536e-16,-6.56673068126924e-06,-1.29866750762069e-07,-6.12867006516603e-16,3.77117147599411e-16,-1.1298945996723e-15,1.71017640544666e-16,-4.82446308188889e-09,-6.28255374325856e-08,-1.4028948952572e-08,1.1264045136871e-15,1.81315282762746e-16,-1.34180487889107e-08,1.0945477334906e-07,-3.42405066186339e-16,3.4768849652356e-16,-6.395100991126e-08,-1.78176086179353e-15,-4.53228112532764e-07,-2.80331068130886e-15,3.87382839463861e-07,-2.6179139391614e-16,1.98903957915561e-15,-3.57090249126198e-16,-4.08374413910931e-16,-1.81414938574726e-16,4.71077830825244e-16,7.46825017802177e-09,-5.22373286618256e-08,-5.30085240720102e-17,-3.5137981993155e-08,0.00016852327610323,-9.54551125663315e-16,4.73582177493543e-16,-2.7075156705951e-15,8.37483374086153e-16,1.42169462065229e-07,2.27594720219395e-08,-2.95757344165549e-15,1.55897702060495e-15,-3.01154099559686e-05,-8.3133832998325e-08,-1.26289659722718e-09,8.49135445404572e-16,1.02223772388401e-16,1.95742652504898e-16,-3.51792063971416e-15,4.84654346331655e-17,2.21504832034482e-15,5.45140333637578e-07,-5.15603295688854e-07,-9.91410876059473e-08,3.27717701823361e-15,-7.41253041496644e-16,-6.12562720678267e-16,9.19295527622657e-16,-4.05412831917786e-15,-5.33654500961885e-15,1.4477545582218e-15,2.80769681113894e-15,-1.25731357473937e-14,-1.54577214121249e-14,-1.22072664583195e-15,1.23546095506221e-14,-1.43562622345708e-14,8.77713233999233e-15,4.92259336222042e-09,-9.22788538335145e-15,2.86632299577865e-14,7.15136153125831e-14,6.96666780067397e-08,-9.25812705012792e-09,-0.707106781186547,-1.79773956473615e-09,6.36458668761338e-08,-1.20365101583705e-15,-6.72231624440881e-15,-1.22684364200098e-07,-2.56746506126397e-15,1.56583963863249e-09,-2.84968291306422e-15,-1.91711212791631e-15,-1.22481087084081e-15,-4.71061603993228e-15,1.68846602753201e-08,-2.10235432479761e-07,1.54352664118472e-16,-6.26607869286721e-16,1.25301242311706e-15,-7.44430080379956e-16,2.40736250378681e-15,1.39381498524617e-15,6.50650069588839e-16,-3.44674457167956e-16,2.52249582414157e-09,-6.55175267169798e-16,-1.24685377299498e-15,9.96315094557661e-17,1.69145338964352e-15,-1.9632886415658e-16,1.19388608611947e-15,-8.77582718041673e-07,-2.04509551971881e-16,7.98054963187533e-16,3.70683105419216e-08,4.41581476226872e-16,-3.60674137346866e-16,-2.0531738108905e-16,-2.77564208467824e-17,3.08630942272913e-08,8.17660977023549e-16,-2.50911265566609e-07,-1.71769820600749e-15,-1.91230826259576e-16,9.4960864292061e-16,-4.69775865140376e-15,-2.32187810235802e-17,1.68041971556987e-15,9.06010244827876e-09,-3.20199046067237e-16,5.62243062683474e-16,4.64139882678048e-09,-1.13038726372366e-06,4.50203318451164e-16,1.26705460000845e-06,1.15898826959116e-07,-2.16830945605505e-16,-1.01180831208021e-16,6.53524345006897e-16,-1.38379713914468e-16,-2.59397967255697e-18,-1.9425715569058e-07,-2.16148165505714e-16,1.35227993871715e-15,2.72977214086543e-16,7.77273909820897e-08,7.23692073232842e-16,2.01880220955426e-16,4.58285505811831e-16,2.41629449555623e-16,-3.53869849228606e-08,8.69074567820741e-18,9.66945065179023e-10,-3.62375794321141e-16,3.55868443151254e-16,9.46778627446877e-16,-6.52832392112621e-16,4.79312444668643e-16,8.80613827283052e-17,1.77856446757743e-16,-1.67578791148262e-08,6.25102611288176e-16,-5.67977767994973e-16,7.04324816655387e-09,-2.10954561492607e-16,-7.86491622608138e-16,-8.21306951624836e-16,-4.94548209631095e-16,-2.3319564837575e-16,9.58859424514554e-16,-5.10151081525805e-08,-2.39525139751901e-16,-1.24913641590379e-15,1.5185037629946e-08,-2.82753303935401e-16,-1.13687682343785e-16,1.95298753289342e-16,-4.57264764669849e-16,-4.22119492001231e-16,1.88655703572454e-16,-4.12043955483722e-16,-1.96456336488343e-16,1.5673267896321e-16,-3.63830537595845e-17,2.17445417394307e-16,-7.95585434661729e-09,2.63781029124169e-08,-1.68759032105934e-16,-3.52009580136757e-16,-3.72669362916892e-16,-2.2681888756751e-17,3.46077333457373e-16,1.83125966916629e-16,1.27083349329858e-16,4.57169964397427e-16,-0.000252888153804521,-1.98920227679145e-16,-3.44961149658163e-16,-3.99015524413445e-16,-1.56506904907105e-16,2.92164870904371e-09,-2.08675207211532e-16,-4.62973776448921e-10,2.23988180643147e-17,3.75738797987442e-16,2.4826404110197e-16,2.07836062389838e-16,-2.30805672606902e-16,-1.19564219679881e-16,3.62528993065048e-14,1.36637277191552e-16,5.10770591784496e-17,8.14272276568809e-18,-5.1498353100731e-17,-1.01156111806209e-16,1.27218140433377e-16,-1.46947534624858e-17,-1.4714352743477e-18,1.27316288632298e-16,3.02061699400749e-16,-5.32012408019028e-17,-2.19154306062809e-16,1.21005552712204e-16,-1.42247325030098e-16,-3.30848689716323e-16,1.65446912497226e-17,-1.47289794160134e-18,-2.81293595995703e-16,2.41519536269613e-09,9.28579936904423e-17,-2.42618659652305e-16,-1.0926273569463e-16,-6.30621857162399e-18,-1.0386661923744e-16,2.32545155062422e-17,1.33794787905498e-16,-5.89533173675528e-17,2.72667009591707e-17,-2.53255902974807e-16,6.19079440489223e-17,-2.42264507428223e-17,6.69495256833405e-17,-1.50048841223279e-16,1.25540314776538e-16,2.66580769431803e-16,-1.60036500490453e-16,-3.10267399118787e-08,-1.12458305680676e-16,-3.64477828907536e-16,3.89744635747266e-17,-7.71540623366431e-17,1.56046097955801e-16,-1.07253341584764e-16,1.22302004635232e-16,-2.36480675114098e-16,-1.5094759646225e-16,1.049024191444e-08,1.02102502811168e-16,8.17419041799269e-17,9.09684713852e-17,6.20092606746914e-17,-2.11494047857818e-16,-2.17245789495404e-16,-1.1758938816302e-16,-2.97557147546256e-16,-2.11758217817679e-16,3.46666687898858e-16,1.10494590948725e-16,4.8894835528571e-17,-6.75064055772617e-17,3.30440726127047e-08,1.95098808197153e-16,-2.55279180946157e-17,-2.66943425326143e-16,-4.68158498079241e-16,-9.05270255617669e-09,1.78709273147224e-16,-7.02608158400028e-17,8.73676713099181e-17,-2.40511882557562e-16,1.06192692330083e-17,-3.97405033671874e-18,1.06772177187403e-16,4.72799856676537e-17,-5.80351468347797e-17,3.20385394791894e-17,-1.07792035536842e-16,5.91794243046859e-17,3.80597797025245e-17,-2.29312777398153e-17,-4.72639453349191e-17,6.55199107903353e-17,-2.19630205551125e-16
"t78",0.0263684614963251,-0.00245802215683267,-0.00217294163284623,-0.000342321445920018,-0.0114011081656592,0.0972512811671192,0.0165808276638008,0.000106134287703785,0.0252199964317425,-0.0192732913596731,-0.00357814386738075,0.00265234325301855,-0.00510345491280167,-0.00106268046501528,-0.0274559955240275,0.000609269866141969,0.000431808997893224,-8.98375351315323e-05,0.00341335335534388,0.000551379962321167,-0.000134287050109779,6.2452895625075e-05,-0.00210928055661384,0.000362055157002516,-6.5884016519202e-05,0.0930318680872505,0.00494332780484458,-0.000261326760515627,0.000601365719515398,0.00111080036110691,3.65010191147254e-05,-0.00146168777567578,-7.88251408335352e-05,0.000682971509747144,-6.63193525820144e-05,-3.43927053349408e-05,-1.54413122663413e-06,-0.0896105451640766,0.000387806385213496,5.19605327216166e-05,0.000117585595487415,-0.000187531317623437,8.38099321217521e-06,-0.000141957661419887,2.95739148622721e-05,-5.05169606240325e-06,8.77938093934778e-07,-1.26041821003754e-05,0.00015699249453991,-0.000267859034993829,1.28577735746706e-05,-1.0794400655207e-05,2.03109242683681e-07,-3.71989519131963e-06,4.9150058082138e-05,-0.00208081493668098,-1.57411777552975e-06,2.22249418789399e-05,-8.76874734249034e-05,1.92816610188152e-06,2.87832486468605e-06,-4.92971809436029e-05,0.000130338104667443,-0.000101367713591032,0.000115949309859039,-3.92572810731699e-05,6.10026146793373e-05,-0.050451127640731,0.000566042068089912,-0.203708672897576,-1.27120797267982e-05,2.45878099870806e-05,-0.0015042538366998,-5.12216616394333e-05,2.14757850149566e-05,1.98161925192521e-06,-0.000185452259733243,2.80062861920269e-05,-0.00171754156743572,-0.0629148063552865,-1.0708178939031e-05,-0.000133641447088189,-0.000127667440465623,-5.69194078073708e-05,5.21844749510287e-05,0.000144136717887437,-2.20671601583205e-05,-3.91269305060676e-05,-7.73018639123428e-07,2.95938220251854e-05,-7.30022682686441e-05,1.95557903545987e-07,0.00191664468856478,-0.000111523994243026,-7.13070275073367e-06,-3.26852761627114e-05,-3.84879933086831e-06,2.32769550068876e-05,-0.000276723703474603,-0.00123016982677851,-0.0142151391305513,1.48512394862841e-05,-0.210565217344092,1.70665554083919e-06,-2.21963672881439e-06,7.91070900258913e-07,-0.00121253901604049,-3.27897345832495e-06,4.60312568770838e-05,-2.58472514266372e-08,-2.8245468422702e-07,3.00012677599314e-06,-1.01320055731737e-06,2.31497884753321e-06,-8.00565556834909e-07,3.56098062342748e-06,-6.34319344302468e-05,0.000108177150165557,-0.0311192779956133,-2.02057763592212e-05,4.20348241927185e-06,6.87002594001805e-06,-0.000154497189658388,-0.000587948614146993,-1.19323143453633e-06,-1.29940323041949e-05,1.38678892715096e-06,-1.93041500877026e-05,4.85937125553258e-05,0.0016952882361511,1.27731579586718e-05,0.000212102565896373,5.38230168610618e-06,-5.88166631322711e-05,-2.8722894251409e-07,-0.000573465675017371,1.05965942391519e-05,8.55023106033992e-06,-8.40635928305699e-05,0.000297143888083256,-4.34173547417179e-06,-4.20821337891504e-08,-7.65156256041512e-05,1.19344226650548e-05,3.86461298425571e-09,5.92521057390105e-08,8.11744689825261e-08,-4.81837954358483e-08,-1.3081551784268e-09,-6.43501285830865e-06,-2.14067674318089e-09,-1.10555812373355e-08,-1.79623789967725e-09,6.46223517832085e-08,1.06026953429169e-08,1.91163128519387e-08,-3.36426517993599e-07,1.20304727122272e-06,7.54423234869601e-07,2.57753345973152e-07,1.48336515097122e-06,-2.23499994745063e-07,1.85215803829545e-06,2.77528452978748e-06,-2.15548970737192e-06,1.68202286302659e-06,-3.78411175254136e-05,-6.55341627846052e-07,-3.26910190781728e-05,-3.44304139979344e-06,6.24110376211432e-06,1.10722080139651e-06,-1.45030173819837e-07,-4.99508144607578e-06,-1.02917664622753e-06,-0.000153615968799672,-9.35623551234851e-08,4.21334476068965e-06,4.73752288337767e-05,2.39088929567593e-05,-9.82160472966207e-05,-2.83268024462072e-05,6.05877945852836e-06,2.46276015976123e-08,7.58255330441489e-07,2.30178493783442e-07,0.000408015066671219,-0.000142953489211286,-0.000651174055165476,7.32997337454158e-05,4.31502670416887e-05,-0.000323913938897604,-0.609472574107402,1.28528947822827e-07,7.23401774332804e-06,-5.86792392298822e-05,-9.74314418606917e-05,-4.70274236714953e-06,4.45113230184522e-05,1.22034241398613e-05,1.19677950878372e-05,0.000149424535046274,-2.70902184674731e-07,-3.39048315612475e-06,-5.80882061333111e-05,-2.4128052745494e-05,3.53871352147464e-05,1.55535108644156e-05,-0.000239929903443284,-1.30385211528932e-07,-0.00086913035827435,1.22494598510678e-05,-5.42570759722446e-05,-8.79404370333663e-05,-5.0661231913833e-07,-3.61404206075575e-06,9.76979871160061e-07,6.24422656638957e-07,-1.74655126614604e-05,-0.0391884763981295,2.11279170165347e-05,1.68147239282808e-05,4.06409130581165e-06,1.85647695246773e-05,-0.00165617639840601,-3.73320123078226e-06,-0.0004684956397743,-1.8234875133567e-06,-3.84655775159253e-05,-3.35130662818403e-05,8.72766247411737e-06,1.92158432373704e-06,1.4263849230793e-05,0.000836652615173832,-1.74111111966966e-06,-5.45266883831287e-07,-0.0558908319528674,-2.65152627410576e-16,8.14555077960253e-07,-8.6269359326702e-06,1.11827313416214e-07,-9.74263911091378e-07,-0.00277862401861281,-1.3244662419889e-06,-5.16150882951939e-06,1.47480259931724e-06,-2.86545861283449e-07,2.05985931885037e-08,-4.27740169238986e-07,5.26102905274695e-05,-1.40095575114271e-07,1.50595841280861e-05,-1.17928596452242e-05,5.77489753306214e-08,-3.8294701528753e-09,1.83673259566586e-07,-1.74303526844483e-07,2.74397123770564e-06,6.91835532576262e-06,-1.31719338462678e-06,2.57302466513364e-06,-4.77919392995812e-06,5.45492304948522e-05,-3.2836724401982e-06,3.39997052693496e-06,-1.15176040643642e-06,2.1973258257796e-08,9.03384559556406e-05,-1.4548273671604e-06,1.3890503116818e-06,4.55433107507641e-08,-1.19827775152154e-06,1.20737214263402e-06,-1.56913878506578e-06,2.53820646837197e-06,-5.01981002856153e-06,4.22687046329077e-06,-3.48242174823334e-07,0.00638433849532706,2.06329374159107e-07,-1.65144722460646e-06,5.70860943355896e-16,-1.025834523951e-05,-3.74721758933042e-07,-4.82478451424847e-11,-4.90501612321215e-07,0.000848765263505224,-7.84348611089396e-07,-1.36932061274103e-07,1.69101894422928e-08,-7.81233423425831e-07,4.6449684299251e-05,1.03928698807008e-06,-8.10655631001241e-08,1.20963807430169e-05,-1.46332412604236e-05,4.02693540635177e-06,-7.12460100730298e-06,1.00957105892297e-06,4.12579448092436e-07,2.71897768758813e-08,1.68936333205162e-05,-9.25223903128789e-06,4.12352127363829e-08,-0.000374906443556993,1.42396743950326e-06,-5.19046256088729e-06,0.000552617018750594,3.1880853628908e-06,1.65569137244296e-06,-5.28015535621913e-07,-0.000102468635389769,3.45738032890111e-07,-1.59012529392819e-06,4.49684154502687e-07,4.17294723968732e-06,-8.05945375524138e-06,7.16717500938651e-17,2.37586196672081e-08,1.25547594099542e-06,-1.15153740919919e-07,6.72009969295065e-06,7.48128729497665e-08,1.75974360281288e-06,4.10902354309066e-06,-5.39544220537459e-06,0.000627003435692724,-1.44518755810701e-15,-1.60867969224132e-05,-1.29971610218919e-08,-5.59374897432809e-07,2.33417138303301e-07,0.00361270110091408,-2.45275591660378e-07,-9.90124626014182e-06,2.6621069290734e-06,-1.11488995027472e-06,1.6744162711621e-05,-2.25305927844937e-07,-6.12546392756955e-06,-2.84953039114687e-08,-4.02860108949599e-09,-6.0784263506211e-06,3.20729967258e-07,-6.57410949110259e-06,7.2721026627727e-17,-1.67818225001752e-06,1.31556350148028e-07,3.79133371957584e-09,3.32040541970398e-08,-1.22452616118748e-05,-2.49602691733919e-05,1.11248226238582e-06,-4.04215963440333e-06,-6.40980664516543e-05,-3.65568624860867e-16,-4.0932680696181e-06,-1.42036795174602e-07,-5.12345526662415e-06,2.34141035151524e-13,1.5523322091668e-05,1.21526257890634e-06,-1.85612884896402e-07,-7.816851321157e-06,-2.59431091474434e-06,-1.38101924171449e-06,-4.37766423815585e-06,1.37797454774038e-06,9.74789307984482e-07,5.38806908266361e-08,2.98792456454865e-06,3.80777896515817e-07,-6.7266232028963e-16,-1.61829411684777e-07,0.000734450319840215,2.26060435344865e-06,-3.48730131018487e-06,0.707106781186547,-2.99433778333925e-07,5.49964749928895e-08,-1.49548011968737e-06,-8.88840452021514e-08,-3.35119543076697e-06,3.13710850984534e-07,-4.1427136687499e-06,6.39380731678328e-06,9.27307574064805e-16,2.29773452390818e-05,-3.86675303036045e-07,1.08628757012292e-06,2.83133415339647e-05,-2.33085828631017e-07,-1.92955965202719e-08,-1.78676518025611e-15,-5.4695161651748e-16,-1.85506206317057e-08,-2.09194178042404e-07,2.75743515964023e-08,-3.13174409693938e-06,1.35468883498821e-14,-1.48021712923851e-06,-1.74512612905283e-08,1.70631736261869e-16,-5.69196477415619e-17,3.79535730916861e-17,3.68320011223851e-06,9.66495664221691e-07,-1.05544437091604e-06,9.5452643817036e-06,0.000126592673679197,8.357296367904e-07,-3.62661346607949e-07,4.7653176488214e-17,-7.93961888584036e-08,2.22942758709593e-07,4.61325620839571e-16,2.31972256259685e-16,-1.40083196198929e-07,-8.46776166754467e-10,-8.30747787613878e-08,5.07042325641277e-06,8.25110088192391e-08,-3.46623568382509e-07,-1.7899939387198e-16,-3.16833737554932e-05,-1.11084724100732e-17,-4.00255604928263e-06,6.30571983517569e-16,-9.41217214780012e-08,-6.96307434640298e-16,3.93141173966841e-07,1.04021645049225e-07,6.80185172711376e-07,0.00418005822138435,-7.9300387114992e-08,-2.20887196643459e-08,1.58622809500821e-07,5.97675414995594e-08,3.22915281797086e-06,3.00262035979383e-07,6.11112593588952e-08,-1.73524782653642e-07,-3.3410098724091e-06,-2.71659363650577e-07,-8.35984348709845e-08,-5.6560612761135e-17,7.84189436453883e-07,-1.35344398209127e-07,7.01250281407416e-08,1.44337076789078e-17,1.37396078896899e-07,9.97343330364654e-05,1.17840604506122e-06,1.87059423571343e-16,-2.86219761422487e-07,-1.70297662494609e-06,3.11476756918964e-16,-2.01507918786237e-07,4.49354405572212e-07,1.09901335825157e-16,1.90688679710892e-16,-1.6492014879774e-08,-9.87498676328661e-07,-5.62933203230591e-09,-7.81985113988127e-06,0.000256317085989661,5.17752235597313e-08,5.73659400905979e-07,4.84028046313683e-07,-1.95002305925084e-05,-2.68340037690162e-16,2.22961714840366e-09,1.71581239142211e-08,4.73754093660722e-08,4.43463372986487e-06,-7.46220172749866e-17,5.95069202843011e-17,1.45878967496711e-06,1.12008165069963e-16,-3.02158724573722e-16,6.20131654454142e-07,-9.12488296848752e-07,-1.7083794945128e-07,-1.01286870177787e-07,4.37712486247003e-06,1.14344933500693e-06,3.54277742825315e-07,2.09092915245248e-16,8.18232334111343e-07,3.8258578717708e-08,1.75638521805318e-07,-1.59050556712016e-07,6.35163282412735e-07,-1.36852490468351e-16,1.61471647562529e-16,-4.84971301664842e-16,-6.69948179929092e-07,-7.20394023153674e-08,-0.00682896272124698,5.01595840408652e-16,-1.67740888648659e-08,-9.95755939489492e-17,1.92719282487229e-16,3.12477999863496e-06,-2.06747679245355e-05,2.19008838842072e-17,-1.88108740524431e-06,-8.72947487376293e-08,-7.0927992175029e-16,1.97996695134164e-07,4.8255099709889e-15,7.81331567481382e-07,4.04782511979565e-16,7.79583338466736e-07,6.06919357678769e-07,2.19782774985606e-08,2.30237313347242e-07,1.58228471891156e-06,-7.15658880076566e-08,0.00109074421878996,3.94617642293289e-17,1.26295140561697e-06,-7.13718750845272e-08,-2.34017381209303e-17,-9.41500842610839e-09,-1.92192341180694e-07,4.47015152626669e-08,-8.71760562805679e-17,1.43675388229612e-07,1.90095887333252e-07,-2.25469587826701e-16,-8.47552355354429e-06,-1.16529878858082e-06,-5.46518136976678e-09,-4.10384469716731e-16,-2.06650405623253e-16,9.77315229112422e-08,3.32360385990504e-07,2.68885618419771e-08,-3.8908132958424e-08,1.96689601813825e-07,1.08226843662365e-16,-1.00282248471038e-16,7.17959550710033e-07,4.948751821214e-09,-1.21393717235312e-16,1.73460002530924e-06,1.37677163917925e-16,8.08477703931842e-08,-3.31734479624816e-07,-1.93823595107738e-07,-1.28483203936644e-06,-2.59094668292172e-16,-5.36066963197259e-18,3.45996557851365e-17,3.17752358852358e-17,-9.29813335135503e-09,-3.22505094783501e-08,-1.30980848872185e-17,-9.45369322477244e-17,-1.98131301176216e-17,4.53850357743198e-08,4.07822988864702e-10,-2.24504086918349e-08,7.16026710444009e-17,1.69948690537103e-16,5.83842869883444e-17,-9.62484946513752e-07,2.94517667532313e-08,6.00187280537094e-17,5.16676692968969e-09,-1.35159003026505e-07,1.48893940636243e-17,2.88152431162123e-16,-1.03539045215233e-06,-9.56954427983858e-10,-5.13084605908483e-07,3.0782519931995e-16,5.22085017499048e-08,9.98000215307167e-05,0.000437803916247394,-8.14890752799247e-07,-1.98181700705398e-07,3.22885199156904e-09,1.00385136863779e-16,-6.81271131007401e-17,3.57420260090887e-17,6.14299805443414e-08,-5.56194510966629e-08,-2.3212923418774e-07,-1.64874242610487e-08,-2.6725201935729e-17,-2.05171926038959e-16,-5.48029001405597e-16,3.6632979260004e-17,-5.59620061801086e-16,7.86589734624264e-08,-5.0966627093165e-17,1.55863550959326e-17,-1.4090750293232e-07,-1.32501100489767e-16,-1.26134297812654e-07,-2.07942760632464e-17,-1.5637418791316e-07,1.45539242245103e-17,-1.89300426564423e-07,-2.36888297325924e-08,-1.95287541952867e-07,-8.4500583740738e-17,7.6027446033003e-07,-4.24534369804369e-17,2.78524156988896e-05,-1.71350993358812e-07,9.48251766263154e-10,-3.98541669246638e-16,1.52942547840472e-06,-2.04363974202672e-16,-9.69258245695385e-06,-1.91681654086878e-07,-1.27700402463061e-16,5.80055595396946e-17,2.22327198942312e-16,-8.90633209965423e-18,-7.11886715358525e-09,-9.26977008504279e-08,-2.06978559584201e-08,-7.94713459800307e-17,3.74104207618544e-17,-1.97903148551261e-08,1.6143311318273e-07,-1.11604428884606e-16,2.19889849197141e-17,-9.4291686878611e-08,-1.91385672390705e-17,-6.68219767992495e-07,1.56261970837881e-16,5.71061535424164e-07,-4.70633437416505e-18,-6.72516659899394e-17,2.08699491874887e-17,-1.48153395579937e-16,-1.91803779151488e-17,-1.07898177099325e-16,1.10070932905455e-08,-7.69899153777752e-08,8.73941308318903e-18,-5.17854718580577e-08,0.000248360868246724,-2.07168526180575e-16,-4.70054361064583e-17,1.20337958038905e-16,-1.75264277845852e-16,2.09509423814373e-07,3.35393806403755e-08,-1.61208010198291e-17,4.28283820999598e-16,-4.43790002792872e-05,-1.22508453530225e-07,-1.86103465586974e-09,4.69028008885033e-18,-4.67084500951124e-17,-7.52523654095752e-17,-9.06369173256631e-17,-4.70963641087073e-17,4.07056720960959e-17,8.03319143248589e-07,-7.59795044691336e-07,-1.460951053168e-07,-2.30352582249636e-17,3.5717319866638e-17,1.72195496100102e-16,1.42194553612553e-16,-8.57451148281183e-18,-7.34173001921292e-17,2.68823702547892e-17,-5.11749458673381e-17,-8.85556927341521e-17,8.95063506023219e-17,-5.60884300031115e-17,4.10253437486739e-18,-1.35856458175163e-17,-2.06725968955574e-17,7.25487068664559e-09,-1.89735958039537e-17,2.02125378857154e-16,-9.127205615308e-18,1.0267696979647e-07,-1.36451986293849e-08,1.33440043401803e-17,-2.6497688275065e-09,9.38076202463976e-08,-3.1454053692397e-18,4.58028892017881e-16,-1.80833284285368e-07,1.68320846643295e-16,2.30815607324307e-09,2.24266079649813e-17,-3.86612561597115e-17,1.4645411744592e-17,2.26973561134541e-16,2.48920136217731e-08,-3.0993971940071e-07,1.03485203845138e-16,1.01379717791499e-16,-1.65790065742066e-17,2.74960874151762e-17,1.86591193884755e-16,5.91220525305445e-17,-6.41247122584859e-17,-3.5456821114854e-17,3.72066113847455e-09,-7.80847817466456e-18,1.02701136727784e-16,4.97217688820822e-17,-5.45304539089178e-18,-1.28957979704681e-16,-2.93600751701053e-16,-1.29458908571694e-06,4.53831237721065e-17,-1.06348557846006e-16,5.46835745286538e-08,1.14504555234231e-16,2.81253849072747e-16,2.2009767451996e-17,1.6616979782131e-18,4.55426893055011e-08,-3.97673822155345e-17,-3.70273576939062e-07,1.26094172908275e-16,6.14098639728486e-17,-8.62783398367613e-17,-7.64451470061742e-17,-3.17623666989279e-17,-8.02285527100243e-16,1.33716237389559e-08,2.11054319763856e-16,-1.33258668530358e-17,6.85074536272705e-09,-1.66846883727564e-06,5.52362111584896e-17,1.8703346016592e-06,1.71085617507479e-07,5.7269140547047e-17,-1.08846674186526e-16,9.43302996440452e-17,1.82892518801725e-17,1.25324321575457e-16,-2.86860597278638e-07,1.80249188872557e-16,7.69833290941511e-17,-1.25527787751623e-16,1.14791624209847e-07,6.66489637142692e-17,2.76882999829871e-16,-3.06093900269616e-17,-2.64136956878244e-17,-5.22680317427756e-08,-1.00308162614603e-17,1.42827542173871e-09,2.88554653730627e-17,-2.80842255852197e-16,-2.5098142224454e-17,8.77374572188864e-17,-1.71694365540836e-16,1.66565163113725e-17,2.81726769256245e-17,-2.47584170780598e-08,7.97320105549902e-17,2.49738744806474e-17,1.04063914888536e-08,3.79999178553596e-17,-5.17462102334754e-17,1.4761281302324e-18,3.08722933820645e-17,-2.19970700599463e-17,4.55936800387384e-17,-7.53874670061836e-08,-7.17481081022157e-17,2.85513546774965e-17,2.24413291567511e-08,1.03839011783683e-16,6.80294832797534e-18,-8.20273458597838e-18,1.41549533944879e-16,-8.17832844062371e-17,-2.20166602359621e-17,-9.80200580016654e-17,1.80594845544363e-16,-3.86779379118229e-17,-9.33462871057345e-17,-5.66902125925024e-17,-1.17605113395013e-08,3.89933850801728e-08,3.43222401894605e-17,-6.1342373476891e-17,-2.59781728511224e-17,-4.65436864459103e-17,1.66641873911022e-16,-1.35689636733312e-16,-1.49023562657955e-16,9.23119248739912e-17,-1.68178930151663e-05,4.80740658614895e-17,-1.28622524296844e-16,-8.528595831216e-17,-1.73233333863251e-16,4.32150911578639e-09,-2.58276718124188e-16,-6.84881046725162e-10,6.22834255845144e-19,-1.8292887850023e-16,-7.40555920464713e-17,-2.74288631988366e-17,2.0420201375622e-17,-6.19510226633954e-17,2.36470283057153e-15,1.06491556815894e-16,-1.48022914644968e-16,6.49373718824361e-17,-1.21458023780546e-16,1.73046779156227e-17,6.73292725805342e-17,3.20853783919158e-18,-1.96224797323549e-17,-1.34273345601708e-16,-7.91412971097506e-18,-1.20335428596309e-16,-1.91591904180514e-17,-1.41310149954823e-18,1.94072188874905e-17,9.96867738728687e-20,1.04937487994563e-16,-1.20268514948069e-16,3.58020531301197e-17,3.57518388316957e-09,-5.97794574970721e-18,9.24275588846143e-17,2.4624365407099e-17,-1.39166219572381e-16,-1.24595560584251e-16,-3.49843850396072e-17,-1.20570603262342e-16,1.0997732241807e-16,1.00126003406811e-16,4.59926685930714e-17,-2.00577401909818e-16,-4.29052207989973e-18,2.76816831582341e-17,-2.37421798873014e-17,6.23305802360366e-18,4.23290984635564e-17,-2.69257007973597e-17,-4.59504831030885e-08,-5.93084915575893e-17,1.04951819580658e-16,-4.44114939366356e-17,1.80729387119673e-16,1.72808869804159e-16,1.0300051878311e-16,-2.73444806882234e-17,-7.1634510421662e-17,1.00815255131688e-16,1.55438220037329e-08,1.86623768112355e-16,-1.35745151358277e-16,5.10129398542948e-17,4.40117624250499e-17,-8.82012211359903e-17,6.35934783611888e-17,-6.88602542313205e-17,-1.50194408577433e-16,8.29182926716592e-17,-6.89667673426911e-18,9.68795980420762e-17,-1.66465390286322e-17,-2.29822808696444e-17,4.89877879072693e-08,5.84790728344828e-17,-7.98660256417478e-18,-4.78180052389014e-18,-6.01732205729455e-16,-1.3423833249605e-08,8.7549985135696e-17,-1.2513554087689e-17,4.27334982428882e-18,-1.23745252598804e-17,4.75125277296424e-17,6.75352134443296e-17,2.70439347490293e-16,-3.05603730217989e-17,7.07394415957831e-18,1.99571740102151e-17,-6.3128372457711e-18,3.92255210191743e-17,-1.09842222598254e-16,-2.73711951577235e-18,7.66140201461589e-17,1.55541433146619e-16,-2.05079977941962e-16
"t46",0.0263684614963251,-0.00245802215683268,-0.00217294163284623,-0.000342321445920018,-0.0114011081656592,0.0972512811671192,0.0165808276638008,0.000106134287703781,0.0252199964317425,-0.0192732913596731,-0.00357814386738075,0.00265234325301854,-0.00510345491280167,-0.00106268046501528,-0.0274559955240275,0.000609269866141967,0.000431808997893218,-8.9837535131533e-05,0.00341335335534388,0.000551379962321167,-0.000134287050109769,6.24528956250767e-05,-0.00210928055661382,0.000362055157002504,-6.58840165192064e-05,0.0930318680872505,0.00494332780484457,-0.00026132676051564,0.000601365719515407,0.00111080036110691,3.65010191147315e-05,-0.00146168777567578,-7.88251408335178e-05,0.000682971509747124,-6.63193525820345e-05,-3.4392705334949e-05,-1.54413122664963e-06,-0.0896105451640766,0.000387806385213521,5.1960532721603e-05,0.00011758559548742,-0.000187531317623429,8.38099321217685e-06,-0.000141957661419918,2.95739148622551e-05,-5.05169606233014e-06,8.77938093931183e-07,-1.2604182100403e-05,0.000156992494539827,-0.000267859034993894,1.28577735746686e-05,-1.0794400655183e-05,2.03109242678802e-07,-3.71989519132483e-06,4.91500580821704e-05,-0.00208081493668098,-1.57411777554838e-06,2.22249418789296e-05,-8.76874734249075e-05,1.92816610187195e-06,2.87832486469333e-06,-4.9297180943584e-05,0.000130338104667488,-0.000101367713591026,0.000115949309859014,-3.92572810731506e-05,6.10026146793146e-05,-0.0504511276407309,0.000566042068089836,-0.203708672897575,-1.27120797268606e-05,2.45878099870392e-05,-0.00150425383669977,-5.12216616393699e-05,2.14757850149827e-05,1.98161925190332e-06,-0.000185452259733245,2.80062861919668e-05,-0.00171754156743571,-0.0629148063552864,-1.07081789390248e-05,-0.000133641447088239,-0.000127667440465598,-5.69194078073996e-05,5.21844749510387e-05,0.000144136717887431,-2.20671601583541e-05,-3.91269305060151e-05,-7.73018639156331e-07,2.95938220251733e-05,-7.30022682685845e-05,1.95557903558997e-07,0.00191664468856476,-0.000111523994243,-7.13070275069444e-06,-3.26852761626859e-05,-3.84879933095223e-06,2.32769550068572e-05,-0.000276723703474518,-0.00123016982677846,-0.0142151391305513,1.48512394863361e-05,-0.210565217344091,1.70665554084252e-06,-2.21963672907994e-06,7.91070900257865e-07,-0.00121253901604058,-3.27897345828626e-06,4.6031256877134e-05,-2.58472514331424e-08,-2.82454684279689e-07,3.00012677589946e-06,-1.01320055735658e-06,2.31497884749067e-06,-8.00565556752641e-07,3.56098062350684e-06,-6.34319344302497e-05,0.00010817715016557,-0.0311192779956132,-2.02057763591933e-05,4.20348241927301e-06,6.87002594015052e-06,-0.000154497189658335,-0.000587948614147067,-1.19323143465876e-06,-1.29940323042644e-05,1.38678892718652e-06,-1.93041500875743e-05,4.85937125553952e-05,0.00169528823615119,1.27731579586874e-05,0.000212102565896489,5.38230168633185e-06,-5.88166631323309e-05,-2.87228942653701e-07,-0.000573465675017278,1.05965942390711e-05,8.55023106035232e-06,-8.40635928305234e-05,0.00029714388808327,-4.34173547416904e-06,-4.20821338122464e-08,-7.65156256041553e-05,1.19344226650332e-05,3.86461303761709e-09,5.92521057766728e-08,8.11744690068877e-08,-4.81837954961269e-08,-1.30815512107809e-09,-6.43501285838897e-06,-2.14067663963959e-09,-1.10555813574321e-08,-1.79623796456675e-09,6.46223517845796e-08,1.06026952040554e-08,1.91163129063605e-08,-3.36426518099782e-07,1.20304727107608e-06,7.54423234822243e-07,2.57753345959675e-07,1.4833651509164e-06,-2.23499994735871e-07,1.85215803830879e-06,2.77528452969361e-06,-2.15548970743309e-06,1.682022862959e-06,-3.78411175254529e-05,-6.55341627757655e-07,-3.26910190781605e-05,-3.44304139982301e-06,6.24110376212812e-06,1.10722080141738e-06,-1.45030174029861e-07,-4.99508144605125e-06,-1.02917664626726e-06,-0.00015361596879976,-9.35623550475729e-08,4.21334476045703e-06,4.73752288337674e-05,2.39088929567215e-05,-9.82160472967598e-05,-2.83268024462547e-05,6.05877945847312e-06,2.46276015982972e-08,7.58255330563912e-07,2.30178493767423e-07,0.000408015066670992,-0.000142953489211448,-0.000651174055165079,7.32997337453973e-05,4.31502670416716e-05,-0.000323913938897488,-0.6094725741074,1.28528947932613e-07,7.23401774334827e-06,-5.8679239229803e-05,-9.74314418606656e-05,-4.7027423671158e-06,4.45113230184485e-05,1.22034241398946e-05,1.19677950879815e-05,0.000149424535046372,-2.70902184749672e-07,-3.39048315599768e-06,-5.80882061333428e-05,-2.41280527452348e-05,3.53871352147296e-05,1.55535108643835e-05,-0.000239929903442962,-1.30385211604237e-07,-0.00086913035827444,1.22494598510209e-05,-5.42570759722705e-05,-8.79404370334565e-05,-5.06612319237002e-07,-3.61404206085299e-06,9.7697987070141e-07,6.24422656679913e-07,-1.74655126614066e-05,-0.0391884763981289,2.11279170164268e-05,1.68147239284613e-05,4.06409130567003e-06,1.85647695245026e-05,-0.00165617639840591,-3.73320123104018e-06,-0.000468495639774312,-1.82348751344126e-06,-3.84655775160899e-05,-3.35130662818607e-05,8.7276624743003e-06,1.92158432375208e-06,1.42638492307436e-05,0.00083665261517387,-1.74111111975384e-06,-5.45266883731283e-07,-0.0558908319528669,-2.16380044381488e-16,8.145550775883e-07,-8.62693593296857e-06,1.11827313452788e-07,-9.74263910897546e-07,-0.00277862401861279,-1.32446624232689e-06,-5.16150882954347e-06,1.47480259900016e-06,-2.86545861163274e-07,2.05985933581056e-08,-4.27740169210233e-07,5.26102905275793e-05,-1.40095575032679e-07,1.50595841275648e-05,-1.17928596452412e-05,5.77489756544366e-08,-3.82946999740071e-09,1.83673259730983e-07,-1.74303526678998e-07,2.74397123734539e-06,6.91835532565772e-06,-1.31719338450326e-06,2.5730246652093e-06,-4.7791939300089e-06,5.45492304948049e-05,-3.2836724403022e-06,3.39997052702039e-06,-1.15176040659577e-06,2.19732582527939e-08,9.03384559555508e-05,-1.45482736736649e-06,1.38905031157659e-06,4.55433107506713e-08,-1.19827775139166e-06,1.20737214249977e-06,-1.5691387849283e-06,2.53820646850598e-06,-5.01981002842843e-06,4.22687046292641e-06,-3.48242174836363e-07,0.00638433849532712,2.06329374183622e-07,-1.65144722470074e-06,6.2359899572199e-16,-1.02583452398292e-05,-3.74721758915457e-07,-4.82478654632426e-11,-4.90501612200775e-07,0.000848765263505478,-7.84348611388794e-07,-1.36932061973827e-07,1.6910189662661e-08,-7.8123342371251e-07,4.64496842993828e-05,1.03928698843337e-06,-8.1065563410412e-08,1.20963807423068e-05,-1.46332412605723e-05,4.02693540552104e-06,-7.12460100711073e-06,1.00957105777133e-06,4.12579448104154e-07,2.71897767792584e-08,1.68936333208966e-05,-9.25223903095235e-06,4.12352126682791e-08,-0.000374906443556602,1.42396743921014e-06,-5.19046256045601e-06,0.000552617018750375,3.18808536286807e-06,1.65569137455006e-06,-5.28015535109617e-07,-0.000102468635389494,3.45738033054811e-07,-1.59012529417605e-06,4.49684154461594e-07,4.17294723974847e-06,-8.05945375531289e-06,1.68889468496272e-16,2.37586198860034e-08,1.25547594098766e-06,-1.15153740306911e-07,6.72009969298721e-06,7.48128726432164e-08,1.75974360321133e-06,4.10902354328237e-06,-5.39544220468068e-06,0.000627003435692311,2.04421693001773e-15,-1.60867969222863e-05,-1.2997160874212e-08,-5.59374896929369e-07,2.33417137962794e-07,0.00361270110091334,-2.45275592153893e-07,-9.90124626032131e-06,2.66210692891838e-06,-1.11488995066731e-06,1.67441627108944e-05,-2.25305928186156e-07,-6.12546392780135e-06,-2.84953031157788e-08,-4.02860051541094e-09,-6.07842635060365e-06,3.20729967661942e-07,-6.57410949227836e-06,-2.65672397804149e-16,-1.6781822507121e-06,1.31556349126059e-07,3.79133356830097e-09,3.32040557741772e-08,-1.22452616109461e-05,-2.4960269172425e-05,1.11248226090508e-06,-4.04215963306614e-06,-6.40980664424258e-05,3.27026234578996e-16,-4.09326806913891e-06,-1.42036795669065e-07,-5.12345526372208e-06,2.34822786413054e-13,1.55233220974687e-05,1.21526257730605e-06,-1.85612887037226e-07,-7.81685131778346e-06,-2.59431091238518e-06,-1.38101924588089e-06,-4.37766423919679e-06,1.37797455577586e-06,9.74789312471794e-07,5.38806989787258e-08,2.98792456045758e-06,3.80777907259957e-07,6.05838291592536e-16,-1.6182940418272e-07,0.000734450319824597,2.26060435556558e-06,-3.48730130086921e-06,-0.707106781186548,-2.99433626177454e-07,5.49964668505312e-08,-1.49548011772157e-06,-8.88840478466504e-08,-3.35119543253054e-06,3.13710836491681e-07,-4.14271367035934e-06,6.39380731589815e-06,-8.18427548978138e-16,2.29773452410437e-05,-3.86675306744721e-07,1.08628757147439e-06,2.83133415358856e-05,-2.33085826603272e-07,-1.92955973936796e-08,1.76768322202037e-15,6.15285008417232e-16,-1.85506195756557e-08,-2.09194177079375e-07,2.75743556498466e-08,-3.13174409629109e-06,1.7003174512111e-14,-1.48021712907828e-06,-1.74512600234177e-08,-2.67169881259522e-16,1.43660876019346e-16,-7.13500716728739e-17,3.68320011228961e-06,9.66495665068195e-07,-1.05544437132037e-06,9.54526437981815e-06,0.000126592673680892,8.3572963669293e-07,-3.62661347350145e-07,-4.04736195533881e-16,-7.93961893893753e-08,2.22942758836776e-07,-4.48521969187751e-16,-2.393304000086e-17,-1.4008319646375e-07,-8.46775397375672e-10,-8.30747781163363e-08,5.07042325710539e-06,8.25110077097461e-08,-3.4662356880839e-07,-3.61958510478845e-16,-3.16833737550347e-05,3.58084155275164e-17,-4.0025560495669e-06,-5.25404372786475e-16,-9.41217211077426e-08,2.55348571852223e-16,3.93141175219566e-07,1.04021644307809e-07,6.80185171888546e-07,0.00418005822138694,-7.93003873828174e-08,-2.20887180201158e-08,1.58622809266147e-07,5.97675412747055e-08,3.22915281850404e-06,3.00262036590033e-07,6.11112581553468e-08,-1.73524782262409e-07,-3.3410098728627e-06,-2.71659364391113e-07,-8.35984351612466e-08,4.3332677617233e-17,7.84189436998735e-07,-1.35344398125653e-07,7.01250286851841e-08,1.66369793135546e-16,1.37396078716822e-07,9.97343330358256e-05,1.17840604522353e-06,-1.89466747222894e-16,-2.8621976152934e-07,-1.70297662512003e-06,-2.74810286788005e-16,-2.01507919084148e-07,4.49354405359809e-07,-8.72297209814588e-17,-2.18713834510433e-16,-1.64920143937603e-08,-9.87498676117189e-07,-5.62933153447846e-09,-7.81985114046869e-06,0.000256317085988696,5.1775223896939e-08,5.73659400189936e-07,4.84028046700632e-07,-1.95002305917664e-05,8.3917248150378e-16,2.22961690280786e-09,1.71581239787853e-08,4.73754097452386e-08,4.43463372965011e-06,-1.90868282999775e-17,-7.55151031976744e-17,1.45878967488139e-06,-1.56465571462162e-16,-1.23178160092432e-16,6.20131654090193e-07,-9.12488296482744e-07,-1.70837949343858e-07,-1.01286870634015e-07,4.3771248623908e-06,1.14344933559346e-06,3.5427774284045e-07,-1.791853754515e-16,8.18232333788745e-07,3.82585783769415e-08,1.75638522785086e-07,-1.59050556681827e-07,6.35163282250295e-07,7.63580300908263e-17,-9.73540114457608e-17,5.16147061835725e-16,-6.69948179695987e-07,-7.20394021585074e-08,-0.00682896272124555,-1.55715023073186e-17,-1.67740885420679e-08,3.11662290074816e-16,-1.32893994250677e-16,3.12477999878617e-06,-2.06747679244115e-05,1.69135538907739e-16,-1.88108740598137e-06,-8.72947484445435e-08,7.28162094794724e-16,1.97996695819707e-07,4.52143007998172e-15,7.81331567430724e-07,-1.62799876616998e-16,7.79583338298291e-07,6.06919357823636e-07,2.19782772525994e-08,2.30237313235981e-07,1.58228471868316e-06,-7.15658873945402e-08,0.00109074421879006,1.4164153514257e-17,1.26295140588288e-06,-7.13718748838262e-08,-3.96695837648551e-17,-9.41500735684713e-09,-1.92192341313693e-07,4.47015154896232e-08,-2.51085593352109e-17,1.43675388423309e-07,1.90095887359736e-07,2.93399343763389e-16,-8.47552355394206e-06,-1.16529878845925e-06,-5.46518099425916e-09,2.51454195275323e-16,2.7637195046077e-16,9.7731522993565e-08,3.32360386065876e-07,2.68885618604765e-08,-3.89081326547885e-08,1.96689601966491e-07,-1.61895115862564e-16,5.20886824500113e-17,7.17959551420775e-07,4.94875146038373e-09,8.32864419053804e-17,1.7346000250557e-06,-9.10225122107652e-17,8.08477703722367e-08,-3.31734479834115e-07,-1.93823595284348e-07,-1.28483203952612e-06,-2.42796648509744e-17,2.84663162690017e-17,-2.78001193722113e-17,-1.1586316988846e-16,-9.29813336667677e-09,-3.2250509299315e-08,1.30021370502124e-16,1.68376844725198e-16,-2.02127603219427e-17,4.5385035792269e-08,4.07823218452267e-10,-2.24504085607085e-08,-3.81589156277017e-17,8.77661658627016e-17,1.8323016715005e-17,-9.62484946648846e-07,2.94517666312222e-08,2.77816981453013e-17,5.16676643782341e-09,-1.35159003050625e-07,-5.66974436055441e-17,-2.82086917384065e-16,-1.03539045183551e-06,-9.56953356233006e-10,-5.13084605650476e-07,-1.16324027172226e-16,5.2208502015377e-08,9.9800021531189e-05,0.000437803916246972,-8.14890752621684e-07,-1.98181701106409e-07,3.22885151145318e-09,-1.92783022801837e-16,3.16384981559571e-16,-3.90681146834833e-17,6.14299799823569e-08,-5.56194511803754e-08,-2.32129234079262e-07,-1.64874244979403e-08,1.73003472960946e-16,1.43858060958687e-16,2.04839514969162e-16,-9.52604105732831e-17,-8.22051778836308e-17,7.86589732730753e-08,8.52017475834012e-17,3.9061255053583e-17,-1.40907503318289e-07,1.48554467209422e-16,-1.26134297551685e-07,7.61671912325612e-18,-1.56374187720267e-07,-2.44738827537991e-17,-1.89300426194287e-07,-2.36888298480939e-08,-1.95287541974679e-07,1.08761014583759e-17,7.60274460241645e-07,-6.92580279962603e-17,2.78524156992695e-05,-1.71350993379751e-07,9.48251693885527e-10,-8.5790018362162e-17,1.52942547854351e-06,1.8446290354036e-16,-9.69258245644468e-06,-1.91681654285529e-07,-1.72780637177187e-17,-6.37126939628236e-17,-6.62824261736217e-17,-3.13588433769327e-18,-7.11886709994798e-09,-9.26977011047456e-08,-2.06978563527454e-08,1.09472678941526e-16,-2.91064517217637e-17,-1.97903146953096e-08,1.61433113109004e-07,2.59788998462695e-16,-3.98900132921379e-17,-9.42916869841842e-08,-4.08386039193837e-17,-6.6821976778146e-07,7.11173585497464e-17,5.71061535239793e-07,1.46214974329845e-17,-6.46669840122432e-17,-3.48084716253238e-17,-1.28194216278693e-16,-1.7511131655397e-17,-9.38035488570906e-17,1.10070936409331e-08,-7.69899155931306e-08,-2.89852221806172e-18,-5.17854715445972e-08,0.000248360868246609,1.46951818475087e-16,-1.17355240410842e-17,1.91918006191292e-16,4.1150825945905e-17,2.09509424196269e-07,3.35393804964732e-08,4.69820389340205e-18,3.88954918892796e-16,-4.43790002793173e-05,-1.22508453530032e-07,-1.86103555894982e-09,-1.69118194749085e-17,1.91141273137013e-17,2.38801089219806e-17,1.04698084489229e-16,-2.20008165359909e-17,5.81823089295469e-17,8.03319143284028e-07,-7.59795044681349e-07,-1.46095105165753e-07,-3.41357893058735e-17,-2.36847352998557e-17,-1.20475210906867e-16,-1.3241749410345e-16,-1.19744517496263e-17,-1.65983553224423e-17,-3.24240763269407e-17,6.40940108167451e-17,7.87053523351949e-17,-8.59476545813187e-17,4.37621131673664e-17,3.08807426642259e-17,1.12579745479817e-17,4.93250714672548e-17,7.25487034119644e-09,1.19011493696846e-17,-1.70840166678267e-16,-1.77371263560166e-18,1.02676969745333e-07,-1.36451985414226e-08,-1.55056036464505e-16,-2.64976872255023e-09,9.38076200830997e-08,-8.90209204721725e-18,3.74545146800029e-16,-1.80833284268972e-07,9.53705212324109e-17,2.30815601586794e-09,-1.07721871922209e-17,-2.26023236554105e-17,7.28800133967282e-18,5.14298930412646e-17,2.48920136618825e-08,-3.09939719048986e-07,-1.57583913475282e-16,-1.86520803100089e-16,3.70048589045579e-17,-3.08986056869469e-16,-1.02131844648135e-16,-5.93127966056154e-17,1.22338610664706e-16,6.85420231391989e-17,3.72066086570187e-09,3.96698652914927e-18,-1.06240304850319e-16,-5.67282302440795e-17,5.79114276866948e-17,-1.79270000173497e-17,1.02830996404683e-16,-1.29458908570727e-06,3.62505606953772e-17,1.11605461012316e-16,5.46835745398717e-08,8.03586244140311e-17,1.20217327987373e-16,-3.2311083722347e-17,3.34687043757934e-17,4.55426893070717e-08,7.64003776031975e-17,-3.70273576904861e-07,-4.16913902486339e-17,1.42759737021417e-17,1.71804145942062e-16,-2.37675327417189e-16,5.98280447170313e-17,1.37324748407473e-16,1.33716237640365e-08,-5.15682390217365e-16,3.34034747421254e-17,6.85074545042567e-09,-1.66846883724389e-06,-3.76271871851148e-17,1.87033460168504e-06,1.71085617564615e-07,-2.93277879847706e-17,1.64697523816642e-16,-9.55132863734884e-17,-3.24330406019741e-17,-1.75851756953197e-16,-2.8686059734573e-07,-2.21987624333612e-16,5.15316830950552e-17,1.60105411997969e-16,1.14791624324115e-07,4.77700074960099e-17,6.40502234006564e-17,1.59229845597317e-16,9.25637101497658e-18,-5.22680318596564e-08,-2.87528591024379e-17,1.42827546176944e-09,2.61017221076835e-17,-5.7042597914755e-17,3.89508250783954e-17,-1.26443195514591e-17,1.14157719433246e-16,3.16858195508065e-17,4.16371126908718e-17,-2.4758417371864e-08,-1.18922778449491e-16,4.88015455058617e-17,1.0406391434616e-08,1.42737470085144e-16,2.13411192516821e-17,-1.54659838209123e-17,3.1050275272249e-18,-1.81069762408378e-17,2.18880597941449e-17,-7.53874670904867e-08,4.74879643131574e-17,-8.85459640331514e-17,2.24413291088964e-08,-5.14181588658449e-17,3.57340507100135e-17,1.03856659086742e-16,3.703390166461e-17,3.99689611573754e-18,1.23702860117918e-16,4.8326685214959e-17,-2.10807431709465e-16,1.23412812903001e-16,3.1054199376348e-17,3.76184791503483e-17,-1.17605112692108e-08,3.89933849024706e-08,-3.23632410435157e-17,1.4853517005559e-16,1.28475791682841e-17,1.74406640507032e-17,2.77230495504543e-16,2.06943545389206e-16,2.0424065768194e-16,-1.70935221345397e-16,-1.68178930151809e-05,-8.02146546088097e-17,8.5353254394824e-17,5.95194557266224e-17,8.76394789571515e-17,4.32150928847309e-09,-1.59671158167464e-16,-6.8488054788253e-10,4.47421658520902e-17,1.73839375780243e-16,8.81741070198133e-17,-6.32951676913642e-17,-1.5350890965058e-17,2.41860148932692e-16,2.36968638875314e-15,-9.86619959436546e-17,1.45171522347732e-16,-1.99031392551386e-17,1.40028073186351e-16,1.07727223813791e-17,-4.23027757202245e-17,-6.13193934644469e-17,-4.92121718710441e-18,7.55954015901281e-17,3.24748597155167e-17,1.52305334929147e-16,-4.70433000118753e-17,-3.11698546430635e-17,2.99239799605999e-17,-4.20517839490593e-18,-4.71760768051541e-17,8.75582122803298e-17,2.11589288020133e-17,3.57518381189161e-09,1.19330459818394e-17,1.47505029246872e-16,-2.26239796859517e-17,5.88475025843647e-17,1.62868015328528e-16,9.35257001133518e-17,1.35239491336579e-16,-9.38109819119787e-18,-1.67531074345571e-16,-4.32227178289441e-17,-4.00070601647151e-17,4.15267096207132e-17,-9.13824242047599e-17,3.10805395050348e-17,-4.18893030259477e-17,-4.29495568935156e-17,-1.379060107961e-17,-4.59504832432322e-08,4.33010291855908e-17,-1.07039154009869e-16,8.77177521349051e-18,-2.15190175745141e-16,9.90536101992655e-18,3.57723357454321e-17,5.85689988116643e-17,-6.12983692020214e-17,-1.02959333257568e-16,1.55438221552136e-08,8.25945696623686e-17,8.65920106265347e-17,-7.31320984985162e-17,4.91502196825774e-17,4.05519264455713e-17,-4.52502331619612e-17,1.22515432544328e-16,1.91793523170697e-16,4.33683083726801e-17,-2.50712831262835e-16,-9.89492002745156e-17,2.84940183477441e-17,2.74853802044865e-17,4.89877878755165e-08,-3.07772564348824e-17,1.16909423510365e-17,-1.07501179065239e-16,-5.79397640976254e-16,-1.34238331266425e-08,-6.77296607632131e-17,2.77997890264208e-17,-2.68583198055084e-17,1.17764433978481e-16,-1.26361552689569e-16,9.32347961186589e-18,8.96065753331502e-17,-8.030279967571e-17,1.60522019476801e-17,-5.54990035332606e-18,9.23021295272221e-17,6.15225594242726e-17,-1.96689336094729e-17,-9.93578618665493e-17,1.80133740358033e-17,1.07480937305513e-16,-2.6915044946279e-16
"t173",0.0264204622210929,-0.00246828451409157,-0.00218230982611132,-0.000344305498096587,-0.0114822326537116,0.0980652088570291,0.0167223707357579,0.000107113737358761,0.0254958168546859,-0.0195300975531718,-0.00363907427297646,0.0027084406393714,-0.00521468929579742,-0.00108620879625121,-0.0280916211376017,0.000624248575112072,0.000442691287548504,-9.21447387850678e-05,0.00350315230178362,0.00056721161895356,-0.00013847749102646,6.48362996543228e-05,-0.00219466146761562,0.000376801322027174,-6.85788529098444e-05,0.0970344951351036,0.00515875020959315,-0.000272826383231932,0.000628604392374127,0.0011712302688289,3.86343938080508e-05,-0.00155149681631901,-8.40658199124877e-05,0.000730842611573203,-7.12414615431129e-05,-3.71832449264304e-05,-1.67127639379004e-06,-0.0971266407162571,0.000420593330039632,5.64304586406318e-05,0.000128044844298892,-0.00020469265652356,9.16157981009847e-06,-0.000155198495927945,3.23899331723504e-05,-5.5699158812656e-06,9.70028365677898e-07,-1.39401069328511e-05,0.000174119843872644,-0.000297997215780296,1.43642766262896e-05,-1.20829603405099e-05,2.27421011575257e-07,-4.17552904305972e-06,5.54441230698561e-05,-0.00234906166285614,-1.80223786948767e-06,2.55474661692296e-05,-0.000100844684050118,2.23992652432755e-06,3.37015146744724e-06,-5.79511838154067e-05,0.00015372082863942,-0.000119652383751564,0.000137719494150088,-4.68951453721519e-05,7.3823979356894e-05,-0.0614233338012833,0.000691094820517625,-0.249998542996615,-1.60531120252129e-05,3.17863083186926e-05,-0.00195194943769314,-6.69906596448607e-05,2.81153067418137e-05,2.60325682106399e-06,-0.000243967020629771,3.70975586630532e-05,-0.00231190581926945,-0.0852547033435657,-1.46810317012718e-05,-0.000183697166124999,-0.000178919243172122,-8.02519444738859e-05,7.55806731113954e-05,0.00021036075590599,-3.24605402134737e-05,-5.76295166242835e-05,-1.13895259614895e-06,4.36400605028694e-05,-0.000107981169196059,2.98057571436472e-07,0.00292957904929434,-0.000173853813084032,-1.15234695337426e-05,-5.31210638387247e-05,-6.25684862483146e-06,3.84017380376617e-05,-0.000459088619377675,-0.00208561528240216,-0.0245478618889281,2.56892119438704e-05,-0.364917363017273,3.24592642076419e-06,-4.25414388269433e-06,1.52538624875266e-06,-0.00236384967972009,-6.41221782955998e-06,9.05163648973013e-05,-5.12595950684673e-08,-5.61724105743266e-07,6.06806095777448e-06,-2.05350810586645e-06,4.91828872533806e-06,-1.71890878677869e-06,7.83025660645173e-06,-0.00014102513679675,0.00024815972785654,-0.0736902153700612,-4.90624883712795e-05,1.03578657652283e-05,1.78599205516355e-05,-0.000416849173763933,-0.00158867158601011,-3.24207470823063e-06,-3.67807933819401e-05,3.93927413423062e-06,-5.6931928648235e-05,0.000161605089984049,0.00564616804292658,4.30008393649422e-05,0.000785493167779768,2.03400626172916e-05,-0.000225632500904569,-1.17563218314701e-06,-0.00236947252853703,5.13942559067853e-05,4.85511124128242e-05,-0.000631115222562242,0.0022518827433168,-3.49100705048894e-05,-3.49297958705443e-07,-0.000670153574594345,0.000106789155284233,3.45905837680318e-08,6.29110129244941e-07,1.39627410073023e-06,-2.42111806103028e-06,-1.2941618675578e-07,0.000542323436507155,1.56974614620308e-07,4.98518974456632e-07,6.59423643744449e-08,-1.95624448343616e-06,-1.20547242163734e-07,-1.96992644668224e-07,3.24955308737042e-06,-4.56436734794091e-06,-2.46068792933836e-06,-8.22573524175811e-07,-4.22042938568872e-06,6.21768334165812e-07,-4.50852360163665e-06,-6.65186280823593e-06,4.58589736871746e-06,-3.21331786793634e-06,5.45864321731582e-05,9.36644271581401e-07,4.66130252143718e-05,4.73869182737797e-06,-8.24682089257279e-06,-1.45457311011065e-06,1.76146371660057e-07,5.92200659628454e-06,1.15895354091525e-06,0.000170836611086737,1.03388297548648e-07,-4.14719869230526e-06,-4.15401491157419e-05,-2.05575445764927e-05,8.28933416478616e-05,2.26384283948299e-05,-4.7421254766779e-06,-1.88873153750627e-08,-5.70495876570042e-07,-1.62472899048602e-07,-0.00028350095298483,8.67863393166644e-05,0.000393571454734405,-4.23578783579449e-05,-2.20402240681599e-05,0.000149285371448102,0.271050389260097,-5.41906468376063e-08,-2.93031337204907e-06,2.10682010754222e-05,3.4066627287301e-05,1.55379007290534e-06,-1.42915848629672e-05,-3.11765354019922e-06,-3.02347882292539e-06,-3.40663856829818e-05,5.55954109801545e-08,5.28342111758965e-07,9.03962042502948e-06,3.65299852796797e-06,-4.9124278567309e-06,-2.0275134276276e-06,2.61313806520657e-05,1.09853510054834e-08,5.71766178225713e-05,-7.38786394927269e-07,1.99881012747592e-06,2.16464858050034e-06,1.23106236618445e-08,5.47815876386607e-08,6.54273978696528e-09,6.67444988177868e-09,-5.40757663547275e-07,-0.00172616594275027,1.0227791688917e-06,1.10220119889899e-06,2.82220358135961e-07,1.3669112272408e-06,-0.000142290859189393,-3.29686478369226e-07,-4.16471006329618e-05,-1.84854718298799e-07,-4.17695477856713e-06,-3.8981107582039e-06,1.04489767964315e-06,2.36714416524832e-07,1.80260825221899e-06,0.000106480210832538,-2.35616669895311e-07,-7.6431174340693e-08,-0.0081198390833228,-1.75877233778082e-17,1.24104060367518e-07,-1.32629461892068e-06,1.82262118600486e-08,-1.65402493548875e-07,-0.000486690628853318,-2.32407516974238e-07,-9.5477673232113e-07,2.75082389892831e-07,-5.36488980017545e-08,3.92506236752996e-09,-8.24491880485909e-08,1.0348353124702e-05,-2.77967223980081e-08,2.99857144363306e-06,-2.39265511225883e-06,1.25695578309217e-08,-8.5211393908817e-10,4.15879406627533e-08,-4.08764309923781e-08,6.45020765335258e-07,1.66306302997326e-06,-3.20417814670124e-07,6.3613674531439e-07,-1.1875208271033e-06,1.36245225476973e-05,-8.25932731459487e-07,8.6387354591991e-07,-2.92973590734629e-07,5.72557497317216e-09,2.35519433000229e-05,-3.79509489897217e-07,3.64591417831775e-07,1.19810339248689e-08,-3.17464670050195e-07,3.20288091258035e-07,-4.32679459107872e-07,7.02635767980486e-07,-1.39385372245919e-06,1.18176146162323e-06,-9.78845604237833e-08,0.00181549095292647,5.88649989479665e-08,-4.72353793189139e-07,7.4704463661787e-16,-2.95927210806047e-06,-1.08216405264422e-07,-1.39828694876911e-11,-1.43313420622924e-07,0.000249660793740465,-2.31430583767598e-07,-4.04646568522148e-08,5.09041202915915e-09,-2.35437288181271e-07,1.4002609164753e-05,3.14884320869331e-07,-2.48954516087423e-08,3.72310253485354e-06,-4.51079737303927e-06,1.24746388807843e-06,-2.24569169143093e-06,3.20339456485758e-07,1.3096177619605e-07,8.63159725754926e-09,5.44352329686978e-06,-3.02594484176605e-06,1.35093334112406e-08,-0.000123129012597949,4.69023367002022e-07,-1.71110607427153e-06,0.000183429729264677,1.05873546443202e-06,5.50327895791909e-07,-1.75609783591299e-07,-3.41451480549451e-05,1.15445891917409e-07,-5.31936941551189e-07,1.5054833908583e-07,1.39886405384105e-06,-2.70889353579361e-06,-7.40437305426748e-17,8.09036284516189e-09,4.27954840699954e-07,-3.93088921424051e-08,2.29406753519952e-06,2.55402706555527e-08,6.00957153974797e-07,1.40410170042267e-06,-1.8449746053186e-06,0.000214687793467209,-6.41543741701693e-16,-5.52225148244754e-06,-4.46285833632852e-09,-1.92178992482657e-07,8.01978628064903e-08,0.00124268784195713,-8.44131058970976e-08,-3.40960464587458e-06,9.17016528027651e-07,-3.84211138088597e-07,5.77085963446939e-06,-7.76442438746939e-08,-2.11071980321347e-06,-9.81813147668915e-09,-1.3878115947023e-09,-2.09390759395461e-06,1.10467986008846e-07,-2.26398311046244e-06,-1.57212763282242e-17,-5.77082682306791e-07,4.52207597478882e-08,1.30321566066153e-09,1.1398498309786e-08,-4.20270594608031e-06,-8.53952241876912e-06,3.80202235360977e-07,-1.38114716067197e-06,-2.18826669337216e-05,-3.99022011304132e-16,-1.39598363423505e-06,-4.84216201689605e-08,-1.74393907755459e-06,7.97650398092369e-14,5.27444687431092e-06,4.12735282207614e-07,-6.30245181797992e-08,-2.65291909157233e-06,-8.79742678203004e-07,-4.68012841859787e-07,-1.48279480435437e-06,4.66025939396829e-07,3.29608395565735e-07,1.81987076569788e-08,1.00715906385172e-06,1.28337663020645e-07,3.27162548949601e-16,-5.43107215986878e-08,0.000246292233236679,7.56738273721281e-07,-1.16412039451412e-06,1.01215682504377e-15,-9.93097450813956e-08,1.80934326958915e-08,-4.90082715536416e-07,-2.90733621705353e-08,-1.09362671795475e-06,1.01923546341981e-07,-1.335743117108e-06,2.01832863484287e-06,-1.60240656887261e-16,7.09718607274928e-06,-1.19191871226457e-07,3.33396340702443e-07,8.63605109399552e-06,-7.10607043328279e-08,-5.87208590118081e-09,-6.55725473919233e-16,3.87880194452341e-16,-5.58541167943927e-09,-6.23731382819648e-08,8.21126060904777e-09,-9.24014877092536e-07,4.47294926193334e-15,-4.27367413156988e-07,-4.98681247163444e-09,-4.21831130161935e-16,-4.23605163232013e-17,1.40905591898136e-16,1.01596730437106e-06,2.65303787587977e-07,-2.847072301461e-07,2.53482200539295e-06,3.35542280781874e-05,2.17615685917644e-07,-9.42338652968662e-08,-9.45991725381908e-17,-1.9829654587374e-08,5.48449177357385e-08,4.50920822403816e-16,4.07058539633013e-16,-3.22505844951069e-08,-1.91493821405293e-10,-1.8318063695091e-08,1.09824477547976e-06,1.72318251443803e-08,-7.19433485155943e-08,1.19113191726374e-15,-6.51971960591443e-06,1.75095593551834e-16,-8.02720660653593e-07,5.49961551993272e-16,-1.85041382833534e-08,-1.47419401769268e-16,7.52611272657956e-08,1.98029129126269e-08,1.19504818822476e-07,0.000720685107641199,-1.3562056881382e-08,-3.6415009223277e-09,2.52756509114098e-08,8.72143028599665e-09,4.70808552464266e-07,4.24833934585152e-08,8.14946953276346e-09,-2.11634961790231e-08,-3.73872275977109e-07,-2.81603376413197e-08,-8.31750501339208e-09,-4.42566266223299e-16,6.75189659263333e-08,-9.80756723475758e-09,2.05668806303507e-09,3.66693139781394e-16,2.11863744336611e-09,-6.94115735667789e-07,-2.01074100905583e-08,-6.39936508906088e-16,6.41136465775632e-09,7.58697759575377e-08,5.27103040049011e-17,1.12979792924393e-08,-6.08485502399111e-08,-2.3096771631012e-16,-7.67167293784907e-16,2.83872590542752e-09,1.73413051407616e-07,1.08281707451864e-09,1.66555553417854e-06,-6.76672888350041e-05,-1.39128400443405e-08,-1.58032451671737e-07,-1.72703909099466e-07,8.49405703737511e-06,3.40027485334904e-15,-1.04554388025123e-09,-8.14815490492281e-09,-2.35135017399735e-08,-2.32061399325553e-06,-8.87623692548926e-16,-1.36298597517417e-15,-8.20589788755609e-07,-8.92069918725544e-16,1.56636401098235e-15,-5.52856607660665e-07,8.83841614962323e-07,1.65766033248535e-07,1.18618987489514e-07,-5.26299682299137e-06,-1.38268368712013e-06,-4.44497735173065e-07,-3.56344836990547e-16,-1.58267419290275e-06,-8.22725157486634e-08,-3.91716260444815e-07,4.30939881845261e-07,-2.66783482663711e-06,-8.23683246050575e-15,-6.9201190694033e-15,1.17802989982523e-14,8.89213663972484e-06,5.60321765072127e-06,0.825236916594869,-4.83438446910485e-14,-3.50383030167253e-07,-2.42802019159268e-15,-9.13780606846009e-16,1.21160426867566e-05,-7.94526068897145e-05,9.94213392169208e-16,-6.18713974567673e-06,-2.65815653593663e-07,-9.16895375241504e-15,5.26806439543009e-07,1.82215965899187e-14,1.82112602873834e-06,-5.75853758427443e-15,1.79784512637335e-06,1.38835160970839e-06,4.98240915428382e-08,5.15528596360932e-07,3.44884229627381e-06,-1.42376790538833e-07,0.00195031321919175,-3.85515333401499e-16,2.0267741819193e-06,-1.13368091190736e-07,-2.4506798140157e-16,-1.47569983519187e-08,-2.94290082218457e-07,6.70875229776025e-08,1.4970034351563e-15,2.02579351411503e-07,2.65001647711384e-07,-7.7702270137379e-16,-1.16433546658333e-05,-1.58960829893693e-06,-7.27000946896283e-09,-1.25518201594715e-16,-2.67575121564983e-17,1.23188236882923e-07,4.1028684936123e-07,3.30559713644069e-08,-4.42346560565445e-08,2.21128522318351e-07,4.55550661874645e-16,-1.90041458241852e-15,8.01134522878025e-07,5.51688246942355e-09,9.21592853711016e-16,1.91022329624321e-06,-4.35378638843596e-16,8.8025288499922e-08,-3.55820081027839e-07,-2.0768092742821e-07,-1.37114458516078e-06,1.19396145963867e-17,5.85653786780488e-17,2.2933721604475e-16,-6.76816223910621e-16,-9.59075387878592e-09,-3.31783355319248e-08,-5.04846183783185e-16,-5.69343637188879e-16,5.63029783110727e-16,4.62592079279144e-08,4.14048973929936e-10,-2.25573882337657e-08,-1.34095059163547e-16,-8.31745696622255e-16,-1.69688482015706e-15,-9.36076498715309e-07,2.86135690946622e-08,-2.86935373434578e-16,4.9617279933984e-09,-1.29207500229657e-07,-4.64982858029713e-17,-1.49429537287304e-16,-9.79574759655773e-07,-9.0462941733784e-10,-4.82186403754418e-07,-1.23995535377675e-15,4.85997489772827e-08,9.24305617046166e-05,0.000402686248171944,-7.42737921556959e-07,-1.80204924646647e-07,2.92311658876415e-09,2.19580788019011e-16,5.41605590626496e-16,-3.22967549839656e-16,5.43277711526503e-08,-4.9172369088738e-08,-2.04649800540339e-07,-1.43402016098359e-08,-5.31335446521264e-16,-1.16796009835807e-16,-4.35104338259045e-16,5.39691803786256e-17,-7.58429287952881e-16,6.75163154721934e-08,6.98545347046368e-17,2.38684606640526e-17,-1.20351631231884e-07,3.46769188965848e-16,-1.07705616519371e-07,-3.31439042024628e-16,-1.3346912906992e-07,1.95955864696905e-17,-1.60248797730598e-07,-2.00152053486137e-08,-1.64529707384061e-07,-3.86914257461605e-17,6.38312081553867e-07,-5.32801996872066e-17,2.32126889262196e-05,-1.41508419484422e-07,7.82801775270042e-10,-5.21541669149492e-16,1.25810365853079e-06,-3.2586770210399e-16,-7.92974491486572e-06,-1.56778382309964e-07,-1.57667420683625e-16,-2.46577205263764e-17,-8.22988021672779e-17,-1.92146100467136e-16,-5.79731077176747e-09,-7.54039345156726e-08,-1.68145454402715e-08,-6.49181143876697e-17,-3.35275338278663e-17,-1.59799131328463e-08,1.30316562917902e-07,2.34719540907193e-16,-4.05016061108877e-16,-7.55696287161095e-08,1.07893319763596e-16,-5.34742717950192e-07,1.62077776443845e-16,4.55061349460585e-07,-2.20937861044995e-16,5.79333732724346e-17,-4.50296265341976e-17,-8.56671001423782e-16,-7.56551809728339e-18,-1.59233788613358e-16,8.6995926215312e-09,-6.08436095272674e-08,-1.82253612636868e-16,-4.08130403701586e-08,0.000195516803259801,2.11191794643939e-16,4.97792951717981e-16,1.88217976989124e-16,4.10911403757189e-16,1.64150561405969e-07,2.62496837341185e-08,-1.9466245715566e-16,3.66927130177992e-16,-3.469190200806e-05,-9.57523743102995e-08,-1.45382492485254e-09,-1.64042300408723e-16,-7.47410011982195e-17,-3.32721412710429e-16,-6.52394123102324e-17,1.42574172959792e-16,-1.39114163870977e-16,6.22458147716724e-07,-5.88301742581816e-07,-1.13038189720349e-07,1.85601441991007e-17,-2.27687523703222e-16,-6.95144599618297e-17,1.26148679005765e-16,-6.45648650906119e-17,2.78408755040945e-16,-4.54708133032343e-16,1.07599048687189e-16,-1.04888676174658e-16,6.82854717569769e-17,-1.43632030655261e-16,-1.15151984823437e-16,-1.39069277591976e-16,-3.19680143270309e-16,5.548987347518e-09,-2.04163724241145e-17,-7.75692938956147e-17,-2.424163354235e-17,7.84208747727701e-08,-1.04182658067803e-08,-1.33792350622422e-16,-2.02271586091848e-09,7.14845766269617e-08,-2.63144121527655e-17,1.46590022793272e-15,-1.37509491561865e-07,-5.46685783865181e-16,1.75072926612099e-09,-1.32054981917605e-16,-5.28840812255767e-17,-1.13228257833852e-16,-1.05809951164396e-16,1.88077083710393e-08,-2.34121695273665e-07,-2.09697266482612e-16,1.23874797700572e-16,9.2276955695274e-18,-8.46261901879002e-17,7.97972798949331e-17,-2.04692915039836e-16,-1.11981660806421e-16,3.07309751946752e-16,2.77597788134048e-09,-2.40378610998976e-17,9.11348428940832e-17,-1.80703738483464e-17,1.4846058909728e-16,8.21797907516449e-17,-3.80858969007e-17,-9.63525223259281e-07,3.22932181045456e-17,-2.02131947322718e-17,4.06813422918358e-08,-2.18135523638207e-17,2.49349263522246e-16,-4.91569373935084e-17,5.08520485823996e-16,3.37107236408682e-08,-9.61892566115567e-17,-2.73838156419983e-07,-9.11579664421393e-17,9.19473009372344e-18,1.53925038080273e-16,7.67801485368133e-17,-2.15347479168685e-17,9.35063235265864e-16,9.87180324159144e-09,-2.41590291617732e-16,-7.47412215154474e-17,5.05102023713185e-09,-1.23007288636012e-06,-1.33776242795659e-16,1.37736280575963e-06,1.25948284840778e-07,-8.35372393554826e-17,-5.93809738981864e-17,3.71368368777615e-17,1.65438437726241e-17,1.34451358482702e-16,-2.10138175307849e-07,1.00713877509776e-16,1.80518513218857e-16,-1.00906227173004e-17,8.39875564731123e-08,1.08331637820415e-16,4.52906052167039e-18,-2.41370791843579e-16,1.41271371242545e-16,-3.81816581227185e-08,2.11397617054939e-16,1.04285001164258e-09,7.72877163456868e-17,1.47028346593271e-16,-1.08933218486368e-17,-5.04060561579869e-17,9.44316989339747e-17,3.91898470041912e-17,1.29327017719226e-17,-1.80323505449562e-08,-3.0473122933124e-16,-7.08919684238185e-17,7.57474074370693e-09,-4.38693399699999e-17,1.48320471072101e-16,-5.52052541140454e-17,-3.82159875735592e-17,4.34111560803545e-17,-2.74196495260037e-16,-5.47721519694169e-08,2.83478185059175e-16,-1.63295789468235e-16,1.62912826364384e-08,-7.0365659475583e-17,-1.3464088550858e-16,6.59607253194407e-17,1.06015892547319e-17,-6.59061411596967e-18,-1.47397999057327e-16,9.62974203462787e-17,4.61568311630515e-17,-2.80479709645976e-16,1.0575164139012e-16,2.55005756602563e-17,-8.51266238910048e-09,2.82151230778093e-08,-4.07418958096779e-16,1.7919248247579e-16,9.99107173995097e-17,6.3908272375471e-17,-1.61112442831346e-16,6.57899098607172e-17,-1.26768488579147e-16,-1.02634316241011e-16,-1.21479432433069e-05,-2.67801027455707e-16,-5.6408862928366e-17,-1.17062105306015e-16,-1.82349760439255e-17,3.11701407306814e-09,2.80660610293809e-16,-4.9320720958696e-10,5.9300648310657e-17,-2.24568210745716e-16,1.92547222013509e-16,2.30000561200537e-16,1.63268892802658e-16,5.16470133749889e-17,1.91725300002196e-15,-2.27189733259364e-17,-1.44277169264109e-16,-1.6300722106118e-16,-2.63635297094305e-16,-7.99290659523136e-17,-4.56205884381609e-17,8.27701935455055e-17,7.45893450575784e-17,-1.65597920340345e-16,-8.18517066490793e-19,-2.60065142658579e-16,-3.22553343557702e-17,-1.2787291155862e-16,-5.29090660172926e-17,-4.87531448606738e-17,-3.0118044624625e-16,-1.31325146471818e-16,-2.49305957614092e-17,2.56060595117115e-09,-2.33454869452523e-17,-2.7229668552507e-16,2.19882345848408e-17,1.67785987961305e-16,-7.3963326946932e-17,-2.88557809888825e-18,-1.12407479310683e-17,-1.6923262005958e-16,7.49141017543837e-17,4.54584083345863e-17,-3.08997619158369e-16,9.4612881830283e-17,3.53924563519207e-17,-1.00203629159444e-16,-1.18421076473431e-16,4.26044085949925e-17,1.07071137924318e-17,-3.28000381542227e-08,3.50766324223175e-17,2.76212503745324e-17,-9.03550277502742e-18,2.63797857603984e-17,1.14519158204672e-16,9.99448388940414e-17,2.67925594705444e-17,-5.09949742438562e-17,1.16806487366936e-16,1.10597878194145e-08,3.57047703335439e-16,-9.34596946459258e-17,1.14252848019116e-17,-2.41496950601115e-17,-5.42613813463956e-20,2.6964695996713e-17,-3.56376727584753e-17,-9.42764851804317e-17,2.27099240962266e-16,-7.18174088730223e-17,5.93550227563834e-18,-1.38132177104291e-17,3.69872790263541e-17,3.47521037885566e-08,-1.62768605514717e-17,8.54580583198903e-17,-2.19631608175023e-17,-5.59231480568023e-16,-9.51043517423042e-09,2.26684066490978e-17,1.3710110738006e-17,-4.30833777229691e-17,2.64828148060869e-17,-3.86495583209731e-17,-5.74177375046727e-17,-1.01280943246155e-16,2.6721610983873e-17,-1.44654529779725e-17,1.4790484334505e-17,-2.10044523903623e-18,4.03543954747838e-17,1.15712908020102e-16,1.64027095501086e-17,3.46728365935294e-17,4.19953586085817e-18,-2.04172322435306e-16
"t317",0.0264257174145619,-0.00246931885054082,-0.00218325388439379,-0.000344505077919463,-0.0114903801856418,0.0981468309580908,0.0167365620886294,0.000107211857658458,0.0255233922565618,-0.0195556997693962,-0.00364512250066032,0.00271398274143456,-0.00522567051174019,-0.00108853063328462,-0.0281542742442047,0.000625722616173785,0.000443761457540299,-9.23715075155174e-05,0.00351197217543843,0.000568762390526237,-0.000138886825846399,6.50673523675017e-05,-0.00220291786715735,0.000378226904463434,-6.88393271454932e-05,0.0974205003726429,0.00517951286706695,-0.000273934228264949,0.000631224915768378,0.00117698908886999,3.88368617624104e-05,-0.00155999442083215,-8.4559199409149e-05,0.000735333435033146,-7.17013600847715e-05,-3.74422607771952e-05,-1.68306451162962e-06,-0.0978224820608842,0.000423626846211631,5.6843453592245e-05,0.000129008597194447,-0.000206270237987365,9.23322968571387e-06,-0.000156413719049354,3.26479254640554e-05,-5.61708021207719e-06,9.7839257519647e-07,-1.40613267001426e-05,0.000175669730997527,-0.000300716399751474,1.44996578177617e-05,-1.21985392705687e-05,2.29601085228987e-07,-4.21629052097493e-06,5.60045879529925e-05,-0.00237293122829575,-1.82227624850205e-06,2.58382746150243e-05,-0.000101995791801599,2.26695951535794e-06,3.41250667072344e-06,-5.86938997340734e-05,0.000155722012284507,-0.000121216152033341,0.000139571583675418,-4.75418429953749e-05,7.48980681265752e-05,-0.0623380730934308,0.00070149685744073,-0.253833308672115,-1.63238917683212e-05,3.23598239646025e-05,-0.00198752299514891,-6.82367317448241e-05,2.86395984906327e-05,2.65222646040665e-06,-0.000248572105083794,3.78096548697864e-05,-0.0023579595663271,-0.0869780604872757,-1.49851873717719e-05,-0.000187523012932446,-0.000182788957163085,-8.20071056242406e-05,7.73124729389479e-05,0.000215240904521493,-3.32229828840919e-05,-5.89858396821408e-05,-1.16577204793707e-06,4.46690175778704e-05,-0.000110539105253983,3.05430034477569e-07,0.00300232430179365,-0.00017828375462239,-1.18300395668439e-05,-5.45433155197134e-05,-6.4244177534157e-06,3.94467867591782e-05,-0.000471655804554336,-0.00214397487468958,-0.0252469487719252,2.64219390180141e-05,-0.375343988657799,3.34598443551885e-06,-4.38600422998672e-06,1.57286898528924e-06,-0.00243799044500107,-6.61375628462252e-06,9.33719120104898e-05,-5.28857784591044e-08,-5.79576944550442e-07,6.26300103459646e-06,-2.1195625236357e-06,5.08094421539573e-06,-1.7760882366062e-06,8.09405144879929e-06,-0.000145803027136899,0.000256697380964901,-0.076262670535521,-5.07939521443788e-05,1.07256544897615e-05,1.85075081547781e-05,-0.000432166758380767,-0.00164707872334263,-3.36149610721917e-06,-3.81540489546519e-05,4.08651612143849e-06,-5.90845296813236e-05,0.000167915666275975,0.00586672558081999,4.46849342438148e-05,0.000816912233762039,2.11569826467699e-05,-0.000234721407554227,-1.22356165442024e-06,-0.00246623411433795,5.35461284450999e-05,5.06244863199362e-05,-0.000658789085234386,0.00235069883942415,-3.64488365218716e-05,-3.64729316242663e-07,-0.000699867846934606,0.000111530716237128,3.61264737865939e-08,6.57322060215016e-07,1.46012244195727e-06,-2.53401310200578e-06,-1.35479934532668e-07,0.000568003639235362,1.64413928176546e-07,5.22239466778232e-07,6.90874104028791e-08,-2.04979461857554e-06,-1.2645331781597e-07,-2.06681121850204e-07,3.40980557692452e-06,-4.80336430898555e-06,-2.5913710611636e-06,-8.66353542506905e-07,-4.44773623725944e-06,6.55337133624488e-07,-4.75562737339826e-06,-7.01710245085333e-06,4.84137966915137e-06,-3.39483354073168e-06,5.77938452915234e-05,9.91755424572358e-07,4.93566499717997e-05,5.01908712081966e-06,-8.73781260989195e-06,-1.54125085469781e-06,1.86770726286036e-07,6.28054736797557e-06,1.22969365230316e-06,0.00018128489989811,1.09717925003922e-07,-4.40588865985883e-06,-4.41811609042102e-05,-2.1868803452011e-05,8.81970911732828e-05,2.41001774033578e-05,-5.04939547041133e-06,-2.01153280318546e-08,-6.07707906917539e-07,-1.73185213680975e-07,-0.000302242713135974,9.26556785647206e-05,0.000420208499124144,-4.5246363487147e-05,-2.3574432611718e-05,0.000159853921070377,0.290350567784192,-5.80825420987717e-08,-3.14210937238121e-06,2.26198727348154e-05,3.65858105498492e-05,1.66967582136359e-06,-1.53620347199634e-05,-3.35886107295367e-06,-3.25775347245091e-06,-3.67419366470787e-05,6.00197351630116e-08,5.71719319848351e-07,9.78188429347133e-06,3.95380907918867e-06,-5.32046936918259e-06,-2.19693701280273e-06,2.83497442605196e-05,1.19361388098342e-08,6.2202026852283e-05,-8.04027691881496e-07,2.17909402476296e-06,2.36217336719987e-06,1.3434315157951e-08,5.9827150187339e-08,7.15913424905871e-09,7.30596974056561e-09,-5.93104073792126e-07,-0.00189589287124401,1.12388659720076e-06,1.21358101635347e-06,3.10887820506593e-07,1.50654974395047e-06,-0.000157078925812142,-3.64068864874194e-07,-4.59940752100888e-05,-2.04511303502436e-07,-4.62611693672151e-06,-4.32251449096806e-06,1.15929872372132e-06,2.62781467562092e-07,2.00218716336964e-06,0.000118287373385943,-2.62113250754121e-07,-8.5101609751933e-08,-0.00904967192884887,3.53280850499788e-17,1.38507860489875e-07,-1.48063982036237e-06,2.03866643335183e-08,-1.85286636233711e-07,-0.000545878091136481,-2.60690610645412e-07,-1.073467383019e-06,3.09400413029515e-07,-6.03528529917281e-08,4.41938329202116e-09,-9.28876370291959e-08,1.16711265747569e-05,-3.13649245725492e-08,3.38416446189566e-06,-2.7032812926813e-06,1.42672846185686e-08,-9.68815546992415e-10,4.73495936799029e-08,-4.66822234273622e-08,7.36796578591585e-07,1.90380986176313e-06,-3.67250850439191e-07,7.30398117049411e-07,-1.36425723854614e-06,1.56615458883646e-05,-9.50205237046149e-07,9.95079197559163e-07,-3.37518158139099e-07,6.6169871867613e-09,2.72207212412356e-05,-4.38663117137571e-07,4.21784962512384e-07,1.3864983699596e-08,-3.67763520318331e-07,3.71105704754177e-07,-5.04512199981126e-07,8.19866831992306e-07,-1.62732721662913e-06,1.38150202495582e-06,-1.1454854559333e-07,0.00212961850078265,6.90982715369918e-08,-5.54775570168608e-07,-5.53753842562923e-16,-3.48228379713927e-06,-1.27374386913287e-07,-1.64719205383221e-11,-1.69156101614997e-07,0.000295182296835274,-2.73850504935845e-07,-4.79009014588724e-08,6.05767817577071e-09,-2.80270761800613e-07,1.66706245465655e-05,3.75472297588956e-07,-2.98205900855914e-08,4.46319982326092e-06,-5.41047424144985e-06,1.49902325155471e-06,-2.71794290746307e-06,3.88898433000776e-07,1.59018915018617e-07,1.04813875028297e-08,6.66192393227932e-06,-3.73816702663096e-06,1.67095558812302e-08,-0.000152572878278631,5.82470809507877e-07,-2.12644523061545e-06,0.000229281452172136,1.32397345391916e-06,6.88759465546845e-07,-2.19906337882742e-07,-4.28371688380056e-05,1.4513289856531e-07,-6.70013358175505e-07,1.89787006052037e-07,1.7660054791489e-06,-3.43048971756519e-06,-8.95437509279704e-17,1.04504323429888e-08,5.53937226883243e-07,-5.10396677077477e-08,2.97895236297093e-06,3.31684707166826e-08,7.8104869900428e-07,1.82753998843401e-06,-2.40556382220192e-06,0.000280923826057934,-2.80838926999697e-16,-7.28690839351099e-06,-5.89523478646264e-09,-2.54441132252119e-07,1.06209468608797e-07,0.00165522755692361,-1.12798821086561e-07,-4.57723648359002e-06,1.23502184666508e-06,-5.21128744953177e-07,7.87977197275176e-06,-1.06479935836744e-07,-2.90177399917222e-06,-1.35186726912515e-08,-1.91619450932686e-09,-2.89201124411045e-06,1.52876234286626e-07,-3.13797439438772e-06,1.36000007694399e-16,-8.09373543088889e-07,6.35828111973224e-08,1.83243646553875e-09,1.61439731925991e-08,-5.95901351697835e-06,-1.22778397412044e-05,5.48876391048281e-07,-1.9955026020146e-06,-3.17143269332126e-05,1.89410450094113e-16,-2.03041233215858e-06,-7.05219662106642e-08,-2.55276101498508e-06,1.16998865883866e-13,7.76371369384045e-06,6.08330401012546e-07,-9.29558247878273e-08,-3.91842144101514e-06,-1.3025324144137e-06,-6.9419445278425e-07,-2.20255104107036e-06,6.95204069662594e-07,4.9195157360916e-07,2.72431917121477e-08,1.51572093988468e-06,1.93194120343208e-07,-1.26439999599147e-16,-8.26323616027197e-08,0.000375434542773474,1.15837533317134e-06,-1.79351583993205e-06,-2.21849110939387e-16,-1.55210518095848e-07,2.87571085646511e-08,-7.8502858440544e-07,-4.67429853845473e-08,-1.7661817096497e-06,1.66001048008122e-07,-2.20642736695008e-06,3.46028024176616e-06,1.1888564073487e-16,1.26116575609885e-05,-2.12496888352327e-07,5.98502574103558e-07,1.5655282847782e-05,-1.28915344016078e-07,-1.0682797621416e-08,7.97972798949331e-17,-1.28605433139214e-16,-1.03302853497146e-08,-1.17087310345069e-07,1.54433286141784e-08,-1.76201229845051e-06,8.68840480166371e-15,-8.41261815736414e-07,-9.96313262425399e-09,-1.89289890552405e-16,2.23783828685644e-16,-3.07436186500248e-16,2.13316495386987e-06,5.60794240128707e-07,-6.16362550077968e-07,5.60514112479109e-06,7.4385743392228e-05,4.94010535483254e-07,-2.14522261640633e-07,-1.94095188540107e-17,-4.75473207321746e-08,1.34104410876177e-07,-2.03467578330237e-16,-4.12703541850816e-16,-8.57790313240328e-08,-5.20817706187828e-10,-5.14041921062169e-08,3.1502802362779e-06,5.16746006185561e-08,-2.17365031713405e-07,-8.67674878379503e-16,-1.99040201084508e-05,1.59458864728271e-16,-2.5276051422208e-06,-6.66892756295834e-16,-5.96692636376956e-08,-1.38210824694979e-16,2.50487671716984e-07,6.63446198269079e-08,4.39867669948345e-07,0.00271139543346039,-5.15037902528154e-08,-1.44267517527665e-08,1.04114913094011e-07,3.96954756620349e-08,2.14491759255195e-06,2.00189016228886e-07,4.1027648346342e-08,-1.17615938372262e-07,-2.28338091421963e-06,-1.86908154419782e-07,-5.77104819420301e-08,2.02581659436842e-16,5.47123730949057e-07,-9.54344055144303e-08,5.10683044675305e-08,-3.9359234924236e-17,1.01068617015835e-07,7.45360790077252e-05,8.86888885966052e-07,5.34350491113637e-16,-2.16208804353138e-07,-1.30596230220747e-06,3.21001173675951e-16,-1.55726721982017e-07,3.65444294507372e-07,1.46913714172712e-16,9.32207576383007e-16,-1.37176374142711e-08,-8.23103696162867e-07,-4.73947930825522e-09,-6.6645050324307e-06,0.000224962155528575,4.55629707750796e-08,5.06755597731628e-07,4.4704268843034e-07,-1.87653630032992e-05,-9.34365432248008e-16,2.18202016825266e-09,1.6841822184559e-08,4.69987811883066e-08,4.45781091668454e-06,7.92592312178587e-17,7.7146808885117e-16,1.4943266048569e-06,4.17392852560583e-16,-1.23336622077131e-15,7.3421373589303e-07,-1.11433112869189e-06,-2.08768035278532e-07,-1.33580302487288e-07,5.83858455806846e-06,1.52899297470845e-06,4.81478831207198e-07,1.12685488302838e-16,1.37901223568398e-06,6.84430368153578e-08,3.20925519528751e-07,-3.27109977283414e-07,1.75916824711942e-06,4.76744206414829e-15,2.85476603781271e-15,-5.5460282240191e-15,-4.75901200601802e-06,-2.7308253711236e-06,-0.399296852382791,2.32671891626738e-14,1.5444908967491e-07,5.28874622404219e-16,6.13855739209829e-17,-3.38027723953069e-06,2.20245784190921e-05,4.36282954208167e-16,1.50511732343968e-06,5.96375716630337e-08,3.8712585132459e-15,-9.87663527512593e-08,-5.42704705946629e-15,-2.65910692634267e-07,2.16443265334442e-15,-2.56076547381943e-07,-1.9392202416776e-07,-6.80492172617993e-09,-6.81996707767692e-08,-4.2339350283189e-07,1.25857008276536e-08,-8.55704562001895e-05,4.11508120903097e-16,1.33838511934668e-08,-1.32618537681302e-09,1.94091319327422e-16,-2.71506018222563e-10,-8.93732325714704e-09,2.74434487342798e-09,-7.52613098878261e-16,1.52246295688123e-08,2.16357355500528e-08,3.92256256036872e-16,-1.0494060386802e-06,-1.49829948884907e-07,-7.94278949237868e-10,-5.60789014640109e-16,-7.92079196445022e-16,1.75932167989753e-08,6.41515216011312e-08,5.25858701847753e-09,-9.42526709844688e-09,4.89151486639778e-08,3.75082652447428e-16,1.44527794769474e-15,1.81633273852963e-07,1.25461037751613e-09,2.20968251649853e-17,4.5180656652077e-07,1.17005703069564e-16,2.15765204762013e-08,-9.13022686398589e-08,-5.34568639954601e-08,-3.57231194439338e-07,-1.50265083273934e-16,-6.88737837613367e-16,-1.21157264021995e-16,4.05610432114089e-16,-2.75832487098773e-09,-9.61296585864782e-09,3.12225898469902e-16,1.77356280506338e-15,6.01454894381737e-16,1.37550808753185e-08,1.24461801626573e-10,-6.97628294209943e-09,-3.18976719167021e-16,1.04877586649954e-15,1.58710935019291e-15,-3.15659431848726e-07,9.67532952876268e-09,-6.38947967853502e-16,1.72875601492542e-09,-4.55427869355136e-08,6.76365684613889e-16,6.5333720527699e-16,-3.54469523104953e-07,-3.28022104995805e-10,-1.77436153474774e-07,-1.05755982288329e-15,1.83116699877316e-08,3.52656537576277e-05,0.000156260119726584,-2.94660544864319e-07,-7.19036629160188e-08,1.17875062929378e-09,1.82162407966564e-15,2.86625129164087e-15,5.40842016185628e-17,2.31626783081806e-08,-2.09814204616944e-08,-8.78987996039269e-08,-6.35764918970752e-09,-5.4490822443795e-15,8.03871583100562e-14,-4.70460571861206e-14,-4.37416844276033e-14,2.27428457030608e-14,3.08658560856401e-08,-0.707106781186548,2.27651234293601e-14,-5.56504661911805e-08,-2.85512945225731e-14,-4.98327449847177e-08,3.65896672795422e-14,-6.18149931202968e-08,1.97371681929755e-14,-7.56351271692219e-08,-9.48822948117533e-09,-7.8510200757674e-08,6.36305915778274e-16,3.07017590841746e-07,-1.96851407288792e-15,1.1354331105372e-05,-7.0672215049822e-08,3.91289067027302e-10,5.60011409017986e-15,6.3396091233695e-07,7.63296038204027e-16,-4.04557691542611e-06,-8.00324652296662e-08,4.11903917564796e-15,-1.19592512850228e-15,5.70503111107831e-15,-1.93417153744346e-15,-2.9887659654533e-09,-3.89736628631694e-08,-8.71652425928626e-09,-1.67701175923489e-15,-1.14444253500958e-15,-8.39863431482841e-09,6.85320469839303e-08,-4.19696699610449e-16,-7.98118361632542e-16,-4.03959049001214e-08,1.42663127985256e-16,-2.86816061195343e-07,1.2341731044576e-16,2.46430281401562e-07,1.73640498411936e-16,-1.41863506283106e-15,1.09875262187889e-15,-4.83659504847264e-16,-2.49877321623146e-16,-4.01230537135405e-16,4.79952713791927e-09,-3.35750714540394e-08,2.31395189326632e-16,-2.26622720585532e-08,0.000108843408561697,-1.65797031580293e-15,-1.03372586930288e-15,1.55693270065818e-15,6.09165484171218e-16,9.23741700573769e-08,1.48081879898441e-08,1.36489353918394e-15,-2.41136645526008e-16,-1.96239777247578e-05,-5.41827939357884e-08,-8.23642601285895e-10,9.70310382336389e-16,-7.449510975914e-16,-1.33381211988743e-16,7.37511076931538e-16,-2.91304974807442e-16,1.1225212970487e-15,3.5926355239948e-07,-3.4012007428732e-07,-6.54601721180465e-08,9.85108866243303e-16,-6.16631191525874e-16,2.92018280193104e-16,-8.65295648698701e-16,-1.8840400305123e-16,1.14185720541109e-16,-1.09619699245509e-15,-1.85758151310937e-16,5.19526893701012e-16,-5.44799494624507e-16,1.21172717164701e-16,6.22581463560378e-16,5.97499971832078e-16,4.12659125324947e-16,3.29980836301876e-09,-4.67625974959794e-16,2.85862381324535e-16,4.67351236284098e-16,4.67901667442839e-08,-6.22085180160417e-09,-2.99071123758236e-16,-1.20835573305686e-09,4.28764444527928e-08,-4.31231767205326e-17,1.03483242923417e-15,-8.28854137400368e-08,5.31055865898151e-16,1.06152511474526e-09,7.24919506934909e-17,3.24599697201389e-16,2.33990184225703e-16,-1.03090050476815e-16,1.1507345471922e-08,-1.43331778143804e-07,1.85250905106087e-16,-2.01303131057899e-16,-1.02567500568705e-15,5.67247824454954e-17,6.49437101318817e-17,1.95190301542383e-16,5.08449062916388e-18,-1.90995207161532e-16,1.7500265222204e-09,2.32789728492031e-16,-1.39964405276405e-16,3.15965584136198e-16,-4.78112761995885e-16,-1.08193366715057e-16,-9.00886790655607e-17,-6.11012587084625e-07,-5.03883625243055e-16,1.18888845055142e-16,2.58253904843158e-08,-8.21360390489777e-17,5.18710748786421e-17,9.61287292843204e-17,-4.05479131810852e-16,2.16634334887682e-08,-1.83128113950275e-16,-1.76350429677908e-07,5.24162784366227e-16,4.04366706757517e-16,-1.99974449677252e-18,-6.1896000884366e-16,-1.67646073101319e-16,-3.97753362994261e-16,6.38466607916439e-09,-6.35152168856342e-16,2.11789785367445e-16,3.27736985292421e-09,-7.98265740090052e-07,8.76314615965482e-17,8.9631142432001e-07,8.20303487050816e-08,2.84997616803658e-16,1.44601558603982e-17,3.10087578114065e-16,-7.83845751738623e-17,-2.39432837031002e-16,-1.38558819379613e-07,5.27479264944079e-16,-1.86029512472103e-16,8.61887844144112e-18,5.55490727562587e-08,2.57728345429044e-16,1.29246450762271e-16,4.41645630879822e-16,-2.02100926865875e-16,-2.53543457806825e-08,-1.68519890984843e-16,6.93345204755266e-10,-1.05494733371276e-17,-5.59990586137833e-17,-1.79672756444094e-16,-1.3516388047031e-16,1.6066533141346e-16,-2.14615868451111e-16,-3.6096992870388e-17,-1.20653137631777e-08,2.80183040222606e-16,-4.35180626281042e-16,5.07605830403477e-09,1.09417739784567e-16,-2.79982794661256e-16,1.20996061754382e-16,-1.33439205343697e-16,2.51617060907724e-16,-1.66009954084546e-16,-3.68809236613314e-08,-1.5259447126813e-16,-1.75949848873667e-17,1.09929973100243e-08,-1.03280553792877e-16,-3.23633361715583e-16,-1.1847878630251e-16,-5.33049502319218e-16,-1.33909735574006e-16,-2.3436104149293e-16,-1.45243272761453e-16,-6.64588857949286e-18,4.00513798463714e-16,2.23855511648503e-16,5.79038986364871e-17,-5.78821112362616e-09,1.92022372408297e-08,6.41997470147712e-16,2.70022475900773e-16,-1.01123462986446e-17,-1.3400736346392e-16,3.58545658440956e-16,-2.44869398747703e-16,2.37818991027299e-16,-7.69468906829163e-17,-8.30591374172368e-06,2.54958850495072e-16,4.6945725796503e-17,-7.90414698024751e-17,-1.89820522485648e-16,2.13944918438495e-09,2.62928074862888e-16,-3.39977011421079e-10,-1.01283724080461e-17,-1.01601563167883e-16,-9.00432057910259e-17,-7.59293975039004e-17,7.28612776838453e-17,-6.04600008691786e-17,1.12905828154839e-15,4.47094346062483e-17,-1.48676854294716e-16,9.6626011343354e-18,2.64526586031775e-16,5.36013773558353e-17,1.23286776676158e-16,-2.09497476117262e-16,-1.28491998571625e-16,-5.92016522026459e-17,-2.59402169654337e-16,4.47571733616262e-17,-1.1343192410985e-16,5.88379166590951e-17,8.5868812060852e-17,-6.44345394991821e-18,-1.80824452982635e-16,2.53158618746741e-16,1.908874015918e-17,1.79179887235278e-09,3.92877289952375e-17,2.60196086374843e-16,-1.06647334990613e-17,-2.25001226775829e-16,1.89808726623625e-16,-9.23562144004359e-17,4.78659100676561e-17,8.30124550549277e-17,-1.48616271280602e-16,-1.31946860913138e-16,-1.6306400674182e-16,-1.78349741348025e-16,-1.20652707765886e-16,4.45490237587064e-17,-3.70327611960493e-17,9.96013896179488e-17,5.9715365942883e-17,-2.31721105626285e-08,-1.44197070007369e-16,-1.25339763674717e-16,9.31087761793732e-18,-1.83572742222995e-16,-3.21755771461168e-17,-4.60182279490727e-17,-7.40946578869825e-18,2.05299769576004e-16,-6.1557850042523e-17,7.8868859579069e-09,1.4346344808527e-16,-7.62356344108828e-17,-6.1341035659517e-17,8.14151910238866e-17,3.2390911629848e-16,-1.97810512300113e-16,1.76354206609478e-16,1.63785631476314e-16,6.29884345615006e-17,-1.15788092153106e-16,-7.45300086738098e-17,3.68421354614208e-17,-6.90854014395919e-17,2.50050474216564e-08,1.12529932500179e-16,-4.56282803607453e-17,2.02112812191295e-16,-2.55654872272082e-16,-6.87059537087529e-09,7.24208646708262e-17,-9.76465025632613e-17,4.11406434813336e-17,1.18135677852844e-16,-5.47449263280505e-17,5.76817476296041e-17,2.92787681611443e-16,7.03266521693082e-17,2.53183634757613e-18,1.63202440915761e-17,2.37516315918591e-17,6.15358451314184e-17,-4.5218961987811e-17,-1.21426733225359e-17,-1.34001152305174e-17,7.58466182373626e-17,-2.50604477370102e-16
"t318",0.0264257174145619,-0.00246931885054081,-0.00218325388439379,-0.000344505077919464,-0.0114903801856418,0.0981468309580908,0.0167365620886294,0.000107211857658459,0.0255233922565618,-0.0195556997693962,-0.00364512250066031,0.00271398274143455,-0.00522567051174019,-0.00108853063328463,-0.0281542742442047,0.000625722616173785,0.000443761457540284,-9.23715075155144e-05,0.00351197217543845,0.000568762390526249,-0.000138886825846392,6.50673523675016e-05,-0.00220291786715732,0.000378226904463432,-6.88393271455008e-05,0.097420500372643,0.00517951286706694,-0.000273934228264972,0.000631224915768384,0.00117698908886999,3.88368617624245e-05,-0.00155999442083215,-8.45591994091529e-05,0.000735333435033143,-7.17013600848001e-05,-3.7442260777197e-05,-1.68306451162552e-06,-0.0978224820608843,0.000423626846211631,5.68434535922441e-05,0.000129008597194449,-0.00020627023798736,9.2332296856936e-06,-0.000156413719049387,3.26479254640702e-05,-5.61708021206246e-06,9.78392575173599e-07,-1.40613267001467e-05,0.000175669730997436,-0.000300716399751517,1.4499657817743e-05,-1.21985392705855e-05,2.29601085238005e-07,-4.21629052097753e-06,5.60045879529757e-05,-0.00237293122829577,-1.82227624855497e-06,2.58382746150091e-05,-0.000101995791801631,2.26695951535962e-06,3.41250667075757e-06,-5.86938997340672e-05,0.000155722012284497,-0.000121216152033372,0.000139571583675383,-4.75418429953859e-05,7.48980681265417e-05,-0.0623380730934307,0.000701496857440778,-0.253833308672115,-1.63238917683977e-05,3.2359823964614e-05,-0.00198752299514893,-6.82367317448844e-05,2.86395984905959e-05,2.65222646044254e-06,-0.000248572105083789,3.78096548697542e-05,-0.00235795956632705,-0.0869780604872757,-1.49851873719462e-05,-0.000187523012932476,-0.000182788957163148,-8.20071056242376e-05,7.73124729389747e-05,0.000215240904521471,-3.32229828842022e-05,-5.89858396821985e-05,-1.16577204804159e-06,4.46690175778808e-05,-0.000110539105253939,3.05430034504457e-07,0.00300232430179368,-0.000178283754622333,-1.1830039566764e-05,-5.45433155197036e-05,-6.42441775336342e-06,3.9446786759234e-05,-0.000471655804554238,-0.00214397487468935,-0.0252469487719253,2.64219390180046e-05,-0.375343988657799,3.3459844356149e-06,-4.38600423007639e-06,1.57286898531149e-06,-0.00243799044500104,-6.61375628459859e-06,9.33719120104697e-05,-5.28857784584539e-08,-5.79576944513719e-07,6.26300103458569e-06,-2.11956252372694e-06,5.08094421541656e-06,-1.77608823657593e-06,8.09405144860854e-06,-0.000145803027136979,0.000256697380964923,-0.0762626705355212,-5.07939521443034e-05,1.07256544896689e-05,1.8507508154787e-05,-0.000432166758380834,-0.00164707872334269,-3.36149610722386e-06,-3.81540489546174e-05,4.08651612144716e-06,-5.90845296812231e-05,0.000167915666275955,0.0058667255808199,4.46849342438418e-05,0.000816912233762046,2.11569826467407e-05,-0.000234721407554244,-1.2235616544308e-06,-0.00246623411433799,5.3546128445132e-05,5.06244863199969e-05,-0.000658789085234432,0.00235069883942421,-3.64488365218604e-05,-3.64729316260245e-07,-0.000699867846934592,0.000111530716237114,3.61264738873011e-08,6.57322060226944e-07,1.4601224419885e-06,-2.53401310199415e-06,-1.35479934539704e-07,0.000568003639235371,1.64413928140984e-07,5.22239466791011e-07,6.90874103922539e-08,-2.04979461859708e-06,-1.26453317837379e-07,-2.06681121839308e-07,3.4098055769342e-06,-4.80336430909329e-06,-2.59137106117782e-06,-8.66353542486774e-07,-4.4477362372226e-06,6.55337133635755e-07,-4.75562737332401e-06,-7.01710245091735e-06,4.84137966918812e-06,-3.39483354069769e-06,5.77938452915961e-05,9.91755424652386e-07,4.93566499717974e-05,5.01908712082932e-06,-8.73781261012051e-06,-1.54125085468587e-06,1.86770726358523e-07,6.28054736795665e-06,1.22969365226791e-06,0.00018128489989812,1.0971792494701e-07,-4.4058886599745e-06,-4.41811609042074e-05,-2.18688034519378e-05,8.81970911733098e-05,2.41001774033297e-05,-5.04939547037862e-06,-2.01153280094156e-08,-6.07707906922041e-07,-1.73185213656435e-07,-0.000302242713136073,9.2655678564793e-05,0.000420208499124125,-4.52463634871581e-05,-2.35744326117227e-05,0.000159853921070351,0.290350567784192,-5.80825421054647e-08,-3.14210937238238e-06,2.26198727347254e-05,3.65858105499369e-05,1.66967582138754e-06,-1.53620347199527e-05,-3.35886107296529e-06,-3.25775347249395e-06,-3.67419366472001e-05,6.00197351736309e-08,5.71719319832338e-07,9.78188429323428e-06,3.95380907928369e-06,-5.3204693692184e-06,-2.19693701281314e-06,2.83497442604557e-05,1.19361388981643e-08,6.22020268523285e-05,-8.04027691882663e-07,2.17909402473228e-06,2.36217336719451e-06,1.34343150663812e-08,5.98271503444606e-08,7.15913431683807e-09,7.30596971332331e-09,-5.93104073804327e-07,-0.00189589287124384,1.12388659721092e-06,1.21358101656218e-06,3.10887820485387e-07,1.50654974391499e-06,-0.000157078925812086,-3.64068864771616e-07,-4.5994075210093e-05,-2.04511303512416e-07,-4.62611693673288e-06,-4.32251449095611e-06,1.15929872376043e-06,2.6278146762839e-07,2.00218716342979e-06,0.000118287373385915,-2.62113250674527e-07,-8.51016096935921e-08,-0.00904967192884869,6.9804210391801e-17,1.38507860646069e-07,-1.48063982033375e-06,2.03866642747173e-08,-1.85286636306034e-07,-0.000545878091136345,-2.6069061054414e-07,-1.07346738303364e-06,3.09400412913452e-07,-6.03528529740593e-08,4.41938331482632e-09,-9.28876369358702e-08,1.167112657496e-05,-3.13649246878785e-08,3.38416446239317e-06,-2.70328129262008e-06,1.42672845346568e-08,-9.68815494300189e-10,4.7349593638401e-08,-4.6682223462625e-08,7.36796578592248e-07,1.90380986179075e-06,-3.67250850456873e-07,7.30398117096203e-07,-1.36425723851648e-06,1.56615458882474e-05,-9.50205237084929e-07,9.95079197556206e-07,-3.37518158182431e-07,6.61698727495131e-09,2.72207212412542e-05,-4.38663117084901e-07,4.21784962342528e-07,1.38649837051772e-08,-3.6776352014899e-07,3.71105704658534e-07,-5.04512199775236e-07,8.1986683207359e-07,-1.62732721665728e-06,1.38150202519951e-06,-1.14548545511993e-07,0.00212961850078264,6.90982714940638e-08,-5.54775570158716e-07,-3.9937554968256e-16,-3.48228379738313e-06,-1.27374386989586e-07,-1.64719123827058e-11,-1.69156101591576e-07,0.000295182296835194,-2.73850504910879e-07,-4.7900901663819e-08,6.05767824042273e-09,-2.80270762013102e-07,1.66706245466154e-05,3.75472297632495e-07,-2.98205900392526e-08,4.4631998233526e-06,-5.41047424135857e-06,1.4990232514895e-06,-2.71794290747052e-06,3.88898433011185e-07,1.59018915125767e-07,1.04813874480201e-08,6.66192393220885e-06,-3.73816702656888e-06,1.67095558449589e-08,-0.000152572878278635,5.82470809594148e-07,-2.12644523080279e-06,0.000229281452172162,1.32397345397382e-06,6.8875946583962e-07,-2.19906338006037e-07,-4.28371688380341e-05,1.45132898609671e-07,-6.70013358139993e-07,1.89787006017421e-07,1.76600547920249e-06,-3.43048971751894e-06,-2.44449877521078e-17,1.04504322875434e-08,5.53937227021852e-07,-5.10396677146866e-08,2.97895236296527e-06,3.31684706873682e-08,7.81048699003388e-07,1.82753998832913e-06,-2.40556382219705e-06,0.00028092382605796,2.5605801240951e-16,-7.28690839357287e-06,-5.89523469475914e-09,-2.5444113222812e-07,1.06209468540511e-07,0.00165522755692358,-1.12798821002928e-07,-4.57723648361955e-06,1.23502184676203e-06,-5.21128744846364e-07,7.87977197272179e-06,-1.06479935731399e-07,-2.90177399896999e-06,-1.35186725947178e-08,-1.91619466924668e-09,-2.89201124422482e-06,1.52876234425983e-07,-3.13797439428402e-06,4.82337783255577e-17,-8.09373543243685e-07,6.35828110852159e-08,1.83243644249786e-09,1.61439733120499e-08,-5.95901351705147e-06,-1.22778397412593e-05,5.48876391039397e-07,-1.99550260213071e-06,-3.17143269334803e-05,1.96349360614205e-16,-2.03041233222531e-06,-7.05219661794149e-08,-2.55276101502133e-06,1.16779581104212e-13,7.76371369366124e-06,6.0833040105606e-07,-9.29558249092788e-08,-3.91842144076521e-06,-1.30253241424289e-06,-6.94194452766343e-07,-2.20255104116872e-06,6.9520406921016e-07,4.91951573304639e-07,2.72431918961772e-08,1.51572094029359e-06,1.93194120083927e-07,-1.8160825315892e-16,-8.26323614418503e-08,0.000375434542773378,1.15837533357846e-06,-1.79351584002732e-06,-6.46124323224936e-17,-1.55210518087145e-07,2.8757108801224e-08,-7.8502858444048e-07,-4.67429858446695e-08,-1.76618170961553e-06,1.66001048159783e-07,-2.2064273669452e-06,3.46028024157227e-06,-1.38068809453302e-16,1.26116575607625e-05,-2.12496888317307e-07,5.98502574076288e-07,1.56552828478148e-05,-1.28915344130752e-07,-1.0682797733826e-08,6.80011602582908e-16,-3.59578621108729e-16,-1.0330285090316e-08,-1.17087310464345e-07,1.54433286345829e-08,-1.76201229846604e-06,8.56542054890647e-15,-8.41261815594541e-07,-9.96313303082787e-09,6.57797263067711e-16,-1.83338898953518e-16,1.29655874608154e-16,2.13316495376091e-06,5.60794240291058e-07,-6.16362550120264e-07,5.6051411248081e-06,7.43857433924645e-05,4.9401053534794e-07,-2.145222617494e-07,-1.6238665275263e-16,-4.75473209778804e-08,1.34104411065507e-07,-2.4596837356718e-16,-3.63704799629765e-16,-8.57790312575206e-08,-5.20818310044781e-10,-5.14041922426224e-08,3.1502802361505e-06,5.16746004140021e-08,-2.17365032215881e-07,-5.38402678595663e-16,-1.99040201080919e-05,-1.43900959620007e-16,-2.52760514216187e-06,-3.61364584089419e-16,-5.96692640299735e-08,-2.29260728313424e-16,2.50487671469101e-07,6.63446199367666e-08,4.39867670161839e-07,0.00271139543346103,-5.15037904324605e-08,-1.44267520007285e-08,1.04114912907806e-07,3.96954750340302e-08,2.14491759282607e-06,2.00189016699551e-07,4.10276481566167e-08,-1.17615938375197e-07,-2.28338091394142e-06,-1.86908154499754e-07,-5.77104813609928e-08,2.55121252752654e-16,5.47123730842942e-07,-9.54344054117905e-08,5.10683046056209e-08,-2.34344154774556e-16,1.01068616944011e-07,7.45360790077204e-05,8.86888885879779e-07,7.64460232555701e-18,-2.16208804347484e-07,-1.30596230253631e-06,-3.50554105730491e-16,-1.55726721570051e-07,3.65444294157698e-07,7.13282766992017e-17,-1.55464132164533e-16,-1.37176373036471e-08,-8.23103695911645e-07,-4.73947964253366e-09,-6.66450503224183e-06,0.000224962155528593,4.55629708226136e-08,5.06755597422981e-07,4.47042688394934e-07,-1.87653630029506e-05,-1.028582601037e-15,2.18202038928131e-09,1.68418215029663e-08,4.69987815892841e-08,4.45781091662561e-06,7.35739171557787e-16,5.36662296378763e-16,1.49432660549846e-06,4.96023646118406e-16,-5.42314403452553e-16,7.34213734601255e-07,-1.11433112861351e-06,-2.08768035374377e-07,-1.33580301500258e-07,5.83858455843637e-06,1.5289929749504e-06,4.81478830743717e-07,2.33603137974957e-16,1.37901223574101e-06,6.84430372558996e-08,3.20925519379662e-07,-3.27109977256621e-07,1.75916824721894e-06,3.58110814471038e-15,3.78185082299063e-15,-5.94858910057803e-15,-4.75901200586315e-06,-2.73082537171799e-06,-0.39929685238279,2.34649475422417e-14,1.54449089404119e-07,1.87317689606899e-15,6.84826024878886e-16,-3.38027723937008e-06,2.20245784189666e-05,-9.64939933512099e-16,1.50511732417012e-06,5.96375715602715e-08,4.68029017435458e-15,-9.87663543146346e-08,-4.67674300918849e-15,-2.65910693320613e-07,3.37914176729797e-15,-2.56076547841701e-07,-1.93922023644134e-07,-6.80492125277146e-09,-6.81996714589939e-08,-4.23393503094642e-07,1.25857007806534e-08,-8.55704562000451e-05,-5.89814314272502e-17,1.33838502921731e-08,-1.32618569894998e-09,1.6130758469672e-16,-2.71506055642467e-10,-8.93732277949506e-09,2.74434723591884e-09,-6.95259617961461e-16,1.52246292196323e-08,2.16357358006124e-08,3.45861773476832e-16,-1.04940603929244e-06,-1.49829948345004e-07,-7.94278294515295e-10,7.41118331648449e-16,8.90818036118872e-16,1.7593217442783e-08,6.41515219510206e-08,5.25858519615476e-09,-9.4252670209164e-09,4.89151478809153e-08,-8.39874909483098e-16,8.36606861531446e-16,1.8163327441616e-07,1.25461053133181e-09,-8.60120208579464e-16,4.51806565800667e-07,3.03037259230808e-16,2.15765209912179e-08,-9.13022670082384e-08,-5.34568646532312e-08,-3.57231194874185e-07,-1.54839129118388e-16,6.07367410572907e-16,-6.21799666013371e-17,2.70654771300562e-16,-2.75832442912285e-09,-9.61296895290727e-09,2.00769650142798e-16,-5.90756972962312e-16,-1.20775446774064e-15,1.37550807528377e-08,1.24459762461253e-10,-6.97628277935905e-09,4.20235715534511e-16,-4.2503435666863e-16,-1.39319979164387e-17,-3.15659432120007e-07,9.67533188062259e-09,9.33360465149288e-16,1.72875359615857e-09,-4.55427883887108e-08,-5.66000210784559e-16,-5.14780444357295e-16,-3.54469524099909e-07,-3.28019379095948e-10,-1.77436151224557e-07,1.97907404318586e-15,1.83116709962569e-08,3.52656537567075e-05,0.000156260119728744,-2.94660547658318e-07,-7.19036629612572e-08,1.17875380241988e-09,-1.6929256869869e-15,-3.44277534401456e-15,1.90852476941496e-16,2.31626698714038e-08,-2.09814210806995e-08,-8.78987880931447e-08,-6.35764497774705e-09,5.94978063406642e-15,-8.02881992325567e-14,4.74153822550353e-14,4.37471077477958e-14,-2.27814753724308e-14,3.08659200525046e-08,0.707106781186548,-2.2822163827788e-14,-5.56504193041e-08,2.82525137196691e-14,-4.9832746419357e-08,-3.6223513818462e-14,-6.18149970013173e-08,-1.97542050764386e-14,-7.56351382805472e-08,-9.48823459173569e-09,-7.85101960676899e-08,-5.28603922904653e-16,3.07017596008408e-07,2.05748244930649e-15,1.13543311049061e-05,-7.06722138022038e-08,3.9129133286014e-10,-5.3722151684118e-15,6.33960911618661e-07,-5.12754648201992e-16,-4.04557691489077e-06,-8.00324638162397e-08,-4.00864295819861e-15,1.21778611424724e-15,-5.7103213339133e-15,2.08156706430937e-15,-2.98876380328714e-09,-3.89736606709214e-08,-8.71652328149034e-09,1.82363180618558e-15,1.18055631543738e-15,-8.39863464131418e-09,6.85320466955325e-08,9.19112122078255e-17,1.19311247093932e-15,-4.03959043356467e-08,-2.66175106528493e-16,-2.86816061289923e-07,9.87411237848078e-17,2.46430281175088e-07,4.6129571253069e-17,1.18386693801056e-15,-1.03101261984008e-15,1.48351764763938e-15,2.62133767783135e-16,4.21570491563851e-16,4.79952754731669e-09,-3.35750720849011e-08,-3.0211540358394e-17,-2.26622715456714e-08,0.000108843408562712,1.41259791515122e-15,5.42976260968644e-16,-1.50024054205853e-15,-5.45281160123739e-16,9.23741698861024e-08,1.48081883834382e-08,-1.35558650681821e-15,5.86752359118468e-16,-1.96239777246384e-05,-5.41827942225278e-08,-8.23642958241469e-10,-8.00075924733773e-16,7.59786611821206e-16,4.33736469844184e-16,-6.63198296127478e-16,-6.9531477317044e-17,-9.64293445373837e-16,3.59263552434721e-07,-3.40120074320431e-07,-6.54601739632709e-08,-9.50039470814438e-16,8.4323627849909e-16,-2.38132218196604e-16,7.32575219695413e-16,2.35956828927693e-16,-3.60166281168457e-16,1.5781026522684e-15,7.2974261157437e-17,-3.74480186105926e-16,4.47676306851439e-16,1.14213363522633e-16,-5.41092780643468e-16,-4.05910469327137e-16,-1.38009296789236e-16,3.29980700560461e-09,5.31135106468813e-16,1.29737268395692e-16,-4.44650249615854e-16,4.67901661557386e-08,-6.22085268540243e-09,4.46057589446645e-16,-1.20835534100991e-09,4.28764437624003e-08,8.95487263275599e-17,-9.58364848812106e-16,-8.28854139488813e-08,-2.69517732545084e-16,1.06152483588847e-09,-1.26628750220403e-17,-2.19536215556259e-16,-1.19394043610571e-16,1.65650173663445e-18,1.15073453536565e-08,-1.43331779371568e-07,1.00344323007167e-16,6.54773873571962e-18,1.03160966903988e-15,-6.30008873604854e-16,-8.79287961885744e-17,-2.0009334984554e-17,2.0821680057946e-16,-7.01368896299339e-17,1.75002778257164e-09,-2.02265937492463e-16,2.61669621740745e-17,-2.72187350203543e-16,7.62059250105074e-17,-8.45577645273226e-17,1.95381752949873e-16,-6.11012587511313e-07,4.91586538969049e-16,-8.65208511825306e-17,2.58253906984661e-08,2.37480053105335e-16,-2.68415798161425e-16,-2.61757285943589e-17,-6.1499036678526e-17,2.16634337532865e-08,2.25065528859728e-16,-1.76350429840317e-07,-4.573274642101e-16,-4.80874866725076e-16,3.8295353625054e-18,2.83319391845881e-16,1.88906660619143e-16,-3.62532544178008e-17,6.38466620268477e-09,4.41270790250055e-16,-8.91847529262052e-17,3.27736955742627e-09,-7.98265740118593e-07,2.42168269587647e-17,8.96311424406841e-07,8.20303484804256e-08,-1.83990974437344e-16,-7.03515585611905e-17,-2.09028354434026e-16,4.43647641291289e-17,1.26264069658391e-16,-1.38558819404181e-07,-3.40966765471484e-16,1.02869708913815e-16,4.01676240322779e-17,5.55490726782665e-08,-8.62890477727841e-17,-3.64978723013206e-16,-3.12540930816368e-16,6.23992197652815e-17,-2.53543458644545e-08,-6.76852655519525e-17,6.9334510948778e-10,-2.02131741411966e-17,-9.39529109528266e-17,3.24431877470662e-16,1.25706766346443e-16,-2.18810494155295e-16,1.16437654959201e-16,-2.37532661589053e-17,-1.2065313683096e-08,-1.31270852944068e-16,5.56701849952778e-16,5.07605842177238e-09,-2.01382269612983e-16,1.91779514976237e-16,-1.26606296414661e-16,1.62357123274409e-16,-2.73922302415949e-16,3.03241311633884e-16,-3.68809234867884e-08,-8.28166124204671e-17,-1.06561465212369e-17,1.09929975038256e-08,1.27437675289351e-16,5.04101009193687e-16,8.07404876370342e-17,3.99141056577189e-16,2.07957773517956e-17,2.82586563848947e-16,6.78481347792225e-17,-1.51744071691569e-16,-1.34865062207694e-16,-3.04992776375649e-16,-1.31260461008983e-16,-5.78821122877347e-09,1.92022371114033e-08,-5.44499172010932e-16,-4.00471248428576e-16,-1.51138909044794e-16,8.013767531652e-17,1.36717893950422e-16,2.83689393963485e-16,-9.5241967124862e-17,2.72698953467364e-16,-8.30591374158109e-06,1.08092771432359e-17,-2.66578905606482e-17,8.63854648426934e-17,1.65489039410953e-16,2.13944897808457e-09,-8.72409376204072e-17,-3.39977324213531e-10,-1.61461453878614e-17,2.36083856440721e-16,-1.21441353576974e-16,-1.89246700273412e-16,-1.89584620926114e-16,6.65947950136826e-17,1.14014566627389e-15,-3.68883082938731e-17,3.23272670776346e-16,8.00933405189936e-17,5.06771003549925e-17,9.45334962956047e-17,1.30405758023101e-18,1.3961438443167e-16,8.21836386998671e-17,2.83529016426293e-16,2.9518664685516e-16,1.10556377469855e-16,1.67543934303938e-17,3.90283225369937e-17,1.45499931547555e-16,-1.72208643907603e-17,-1.55162376215644e-18,-1.17675173445924e-16,2.70718473408293e-18,1.79179900153629e-09,-2.38600370967027e-17,9.3117036616979e-18,7.86134855446406e-17,-3.01160226740856e-16,-2.18424708615023e-16,1.00397477094399e-16,4.12556940265608e-17,7.80892024815291e-17,1.03351734245294e-16,8.60055747117381e-17,-1.67075554780016e-16,5.86284256850394e-17,2.12376960106e-17,5.85671149134778e-17,1.9981113222693e-16,-2.24300674928679e-16,-4.7016515232028e-17,-2.317211048415e-08,1.11351867561744e-16,7.25456508090909e-18,5.7103654848209e-17,-1.29618595516934e-17,1.21562936425178e-16,-2.51971047162956e-17,2.57608741930582e-17,-3.00913439790415e-16,-1.43591611746063e-17,7.88688578004745e-09,1.46602299939928e-17,2.06133008475189e-16,3.07897302181572e-17,-6.87929029670271e-17,-2.80325152271929e-16,3.71579705203277e-17,-1.73318258772704e-16,1.15106441675213e-18,-1.49767568088244e-16,1.47415381169148e-17,5.22064757950834e-17,-2.73665595668416e-17,3.10975761872583e-17,2.50050477423373e-08,-1.31751362697971e-16,-5.79907279933238e-17,-1.61768202415274e-16,-5.27572777131446e-16,-6.87059532090882e-09,-1.66946128113256e-16,5.76993121415552e-17,4.24968648945041e-17,-1.734224660043e-16,1.03380846314183e-16,3.33069567336361e-18,1.7656326974295e-16,-1.36772721873086e-17,-5.16161775128312e-17,-5.31061131268245e-17,7.61748294346681e-17,2.80411277051257e-17,-1.29748903292899e-16,-4.65840912553665e-17,5.51266333720709e-18,9.60946201598473e-17,-2.56025607966964e-16
"t68",0.026368684084735,-0.00245804060089197,-0.00217295702811249,-0.000342321374624934,-0.0114009838576088,0.0972488741220767,0.0165803821411112,0.000106130433086788,0.0252183732599827,-0.0192710777363106,-0.00357735877645359,0.00265135234794019,-0.00510140642708509,-0.00106223771835637,-0.0274432854049974,0.000608945232359108,0.00043156528114421,-8.97845641688465e-05,0.00341122566788631,0.00055096004510701,-0.000134163558656199,6.23628897459908e-05,-0.00210581867302037,0.000361452806750343,-6.5773374056847e-05,0.0928572778333554,0.00493378682119348,-0.000260811506795408,0.000600102630074478,0.00110732417006141,3.63676054596509e-05,-0.00145573602262219,-7.84446397616096e-05,0.000679277198218915,-6.59136145171862e-05,-3.41378136128731e-05,-1.53231913625453e-06,-0.0888972859188727,0.000384666379960597,5.15238059405024e-05,0.000116523590693759,-0.000185730876794394,8.29742127060948e-06,-0.000140537682873743,2.92646427734367e-05,-4.98967331908632e-06,8.66628927189952e-07,-1.2438138045891e-05,0.000154791341616328,-0.000263844760137759,1.26474498966481e-05,-1.0610558360684e-05,1.99629623355601e-07,-3.65291034119374e-06,4.81754110810865e-05,-0.00203895150841949,-1.53326657328153e-06,2.16076546875687e-05,-8.52323219570118e-05,1.86457850006545e-06,2.77113420597467e-06,-4.7348660632697e-05,0.000124933085601323,-9.71131363748396e-05,0.000110630469527442,-3.73080965968712e-05,5.74028597064026e-05,-0.0472362344624534,0.000528671539648546,-0.189375328995489,-1.14645753598603e-05,2.14848282791579e-05,-0.00130691664974415,-4.39416206114827e-05,1.83926120572525e-05,1.68707667744327e-06,-0.000157503166121913,2.34882067336168e-05,-0.00139402980409332,-0.0502927210239342,-8.31359099550313e-06,-0.000103040187047083,-9.28431233272171e-05,-4.05394801594221e-05,3.31974690937031e-05,8.81300856791598e-05,-1.28951280067555e-05,-2.26842106943028e-05,-4.47228747482018e-07,1.70308432682377e-05,-4.11940140251883e-05,8.56722653591949e-08,0.000813274785569348,-3.55920560739673e-05,-4.83280464068588e-07,-6.18795037778653e-07,-6.37387151730696e-08,-2.94080541591516e-06,5.18824943790766e-05,0.000581740974158843,0.0113814943112724,-1.24142135486371e-05,0.184682337303181,5.26499004285102e-05,-2.44429499476137e-05,5.69239047495561e-06,-0.00515614928162609,-1.23402007319233e-05,0.000141293090802013,-5.89942051938035e-08,-5.84840340690875e-07,3.18112465037466e-06,-9.70357200895481e-07,-2.57241577204144e-06,1.28623879366461e-06,-1.0408715265308e-05,0.000233080879841,-0.000728329945265382,0.405895595643092,0.000530631034981449,-0.000208827574335804,0.000256357638947083,-0.00319519804378429,-0.011980931526043,-2.30711063365262e-05,-0.000190961057630134,2.00349316486301e-05,-0.000241559324708011,0.000492173700592651,0.0171481011478869,0.000128048829944733,0.0020360769776338,5.15170355235683e-05,-0.000562353637509525,-2.75729613401428e-06,-0.00551387459602441,0.000107618543917473,9.47676414419732e-05,-0.00113567263663534,0.00404367508578919,-6.1905084714271e-05,-6.15523503790147e-07,-0.00116925367710915,0.000185624873527424,6.0123634542863e-08,1.06540294673499e-06,2.25329271857603e-06,-3.73502634103361e-06,-1.97518449387928e-07,0.000808852503014444,2.33699828336973e-07,7.35849833212333e-07,9.68506121488261e-08,-2.85699695124581e-06,-1.67453163657257e-07,-2.71526234703617e-07,4.4546046850625e-06,-5.5496511711588e-06,-2.90665762890248e-06,-9.67335821458899e-07,-4.84178896909664e-06,7.09669149072633e-07,-4.98175453893381e-06,-7.32076941608656e-06,4.88521000056866e-06,-3.3134599350143e-06,5.08016172510088e-05,8.68303585290774e-07,4.31685090096683e-05,4.32163248645041e-06,-7.38343277342094e-06,-1.2987713107508e-06,1.51352999419434e-07,5.02487969071316e-06,9.56131357611572e-07,0.00013994002580008,8.43789415372406e-08,-3.14792833952367e-06,-2.89368567501487e-05,-1.40907907943634e-05,5.59248553766894e-05,1.45356603187703e-05,-2.98381383446307e-06,-1.16429096723061e-08,-3.44707905607028e-07,-9.13058624613313e-08,-0.000156261116069697,3.92348806969745e-05,0.000176560009730169,-1.74801887183095e-05,-6.73583081924739e-06,3.07668216488062e-05,0.0458401871783601,-6.03049603152392e-09,-1.92761113617097e-07,-1.75207170090782e-06,-4.03551233128003e-06,-3.0640619270725e-07,3.41315721768433e-06,1.93494529724793e-06,1.94048689359818e-06,2.89093080156556e-05,-6.03538382391737e-08,-9.77383981510823e-07,-1.67619966389184e-05,-7.10117867552037e-06,1.10284640321199e-05,5.03140478535363e-06,-8.49924835281224e-05,-5.10161746026895e-08,-0.000365524204685733,5.26193488586794e-06,-2.5514230817045e-05,-4.33630181990988e-05,-2.50115663062481e-07,-1.84953352454411e-06,5.46323675803697e-07,3.55087571596984e-07,-1.08632152871118e-05,-0.0259639608894775,1.43139225257486e-05,1.2538188180393e-05,3.10422573374969e-06,1.45687931976804e-05,-0.00141915507160371,-3.26014858281718e-06,-0.000411065121159658,-1.79060275949606e-06,-4.08399576314415e-05,-3.92724528629842e-05,1.07513993983872e-05,2.50322355624846e-06,1.96681164707611e-05,0.00117340688820396,-2.92419943811031e-06,-1.05418390527955e-06,-0.130720125691819,-2.17324557935201e-16,2.82449269841028e-06,-3.33231684077314e-05,3.04283613941507e-06,6.07365474180844e-06,0.00807125979178526,3.72036881598808e-06,6.72523988097091e-06,-1.74048324977967e-06,3.23648633954502e-07,-1.90968960140797e-08,3.50243699888291e-07,-3.48191656482471e-05,8.47365148698194e-08,-8.78196377957814e-06,5.65817135286395e-06,-1.24698913541495e-08,6.07352607009254e-10,-2.18805408362062e-08,9.06712739978972e-09,-1.31750690160964e-07,-8.96623067492882e-08,-4.94984063639350e-09,6.33278238510907e-08,-1.46427850764271e-07,1.99877930481833e-06,-1.46030599498982e-07,1.87298077285831e-07,-6.47630807809723e-08,1.72179914483915e-09,7.11852920906306e-06,-1.15351351677629e-07,1.17024869911834e-07,3.9166851283527e-09,-1.09334741481887e-07,1.11277843796749e-07,-1.7909623865577e-07,2.93727343565915e-07,-5.86685997838522e-07,5.03742137277844e-07,-4.20277369857034e-08,0.000785621343762864,2.54780982347687e-08,-2.04350827601745e-07,2.65467588435856e-16,-1.2729779445006e-06,-4.64945170236183e-08,-5.97958830052997e-12,-6.03374604690289e-08,0.000103190206232098,-9.46630360720915e-08,-1.64595768121542e-08,1.87756860388416e-09,-8.61352878524053e-08,5.11141527719808e-06,1.10358087111364e-07,-7.50677023802949e-09,1.08675059240436e-06,-1.28550971478318e-06,3.2554094876077e-07,-3.38644113393494e-07,3.04207803929896e-08,1.19849750405894e-08,7.8102055500724e-10,-4.26221483913777e-07,1.029916854519e-06,-5.13897656237826e-09,5.44501677553888e-05,-2.45214616259714e-07,9.39205359481479e-07,-0.000145742737382053,-8.63202530861197e-07,-4.70167952274689e-07,1.54843550600277e-07,3.33310952015191e-05,-1.25725364579401e-07,6.39552100656491e-07,-1.88890614096585e-07,-1.88560360517052e-06,4.2462229675102e-06,4.38350698571064e-16,-3.2717292079235e-08,-1.92621138113888e-06,2.09579670030222e-07,-1.22949492313857e-05,-1.37638756573077e-07,-3.38345420778781e-06,-8.60764435678354e-06,1.25791446703497e-05,-0.00185629754434994,2.05196260463973e-14,0.000100892998149541,9.29468667966773e-08,5.62349255777916e-06,-2.46218384788784e-06,-0.842507449939733,-5.98972305012394e-06,-9.91153224909523e-05,1.93754799252334e-05,-5.28307743946492e-06,6.17975669135262e-05,-7.36693598674725e-07,-1.88800554723337e-05,-8.48967415226069e-08,-1.13505080526601e-08,-1.70262441500158e-05,8.66525257349418e-07,-1.72970765809457e-05,-7.71255200572887e-16,-3.74795776704367e-06,2.85679757831229e-07,8.23082708334425e-09,6.71207292809365e-08,-2.4511058791961e-05,-4.50153057504566e-05,1.95642614122854e-06,-7.07473322982981e-06,-0.00011023762999049,5.2168616530373e-16,-6.90729366088333e-06,-2.3805634664073e-07,-8.38080177291584e-06,3.79791758868764e-13,2.47800290460432e-05,1.92930278447408e-06,-2.93844436624355e-07,-1.23041958512405e-05,-4.04551100649937e-06,-2.1388232549697e-06,-6.74427938273198e-06,2.09123658138716e-06,1.4767944877997e-06,8.08286856552466e-08,4.40882487094024e-06,5.61396520876062e-07,-2.10089739513961e-16,-2.31623596410923e-07,0.00104614435584506,3.18692645778725e-06,-4.84368411875473e-06,3.88260151439069e-16,-4.03929004316764e-07,7.2083022578228e-08,-1.93717994637673e-06,-1.14533044128209e-07,-4.29189265076996e-06,3.97430918309549e-07,-5.16306879695279e-06,7.69592667836536e-06,5.65852677639145e-16,2.69642171892472e-05,-4.52857121353563e-07,1.26700106470116e-06,3.28425901331469e-05,-2.70260797640699e-07,-2.23393725419105e-08,-8.2572837456496e-16,4.96604387853467e-17,-2.12983148050414e-08,-2.385438990068e-07,3.14170880134174e-08,-3.54763903859681e-06,1.7089214902896e-14,-1.65728327090747e-06,-1.94449431208937e-08,4.69866736113068e-16,1.82749634225331e-16,1.88625520280506e-16,4.04803541517064e-06,1.0605190255452e-06,-1.1519471041761e-06,1.03736218172097e-05,0.000137511927978335,9.03945974114643e-07,-3.92076812988968e-07,-2.08205517450616e-16,-8.51683146724016e-08,2.38553550371049e-07,-1.93106371479012e-16,4.23554146319737e-16,-1.48637100710339e-07,-8.97013139480806e-10,-8.78380508863747e-08,5.3557062278241e-06,8.70504362385171e-08,-3.65669259006521e-07,-3.80210060064199e-16,-3.34236854307113e-05,1.99672832273078e-16,-4.22474437709872e-06,6.56484415439973e-17,-9.94682360577533e-08,2.36002748378475e-15,4.16834304924888e-07,1.10403130085656e-07,7.7534444028867e-07,0.00561008541850801,-1.86716462617831e-07,-2.03942924825659e-08,1.54024770146359e-07,5.94917251189051e-08,3.214527644449e-06,2.99623430045565e-07,6.11315660359003e-08,-1.73792057318422e-07,-3.34637144396789e-06,-2.72014384621942e-07,-8.36889202895169e-08,1.76916510083217e-16,7.84314587587074e-07,-1.35215881715927e-07,6.97987000396149e-08,4.82572213437549e-17,1.3659950319996e-07,9.89817769948581e-05,1.1686308250141e-06,-1.90119744349182e-16,-2.83734976605855e-07,-1.68558486901707e-06,-1.13811398202187e-16,-1.99298409069156e-07,4.42412856221604e-07,3.03783653100254e-17,-1.64833667893369e-16,-1.62086759239588e-08,-9.70380023560521e-07,-5.52766296679579e-09,-7.67197491260912e-06,0.000250978402847908,5.06882490232463e-08,5.61481459192532e-07,4.72513707878568e-07,-1.89951377034035e-05,-5.01551924991794e-16,2.17006124119847e-09,1.6697411914848e-08,4.60799932622835e-08,4.3107267506442e-06,-1.45050978439102e-16,5.02744329129194e-17,1.41682343376997e-06,1.06463564911361e-16,-3.59892488912635e-16,5.98821873630432e-07,-8.80150482582959e-07,-1.64779652457665e-07,-9.74376396773117e-08,4.2091665541081e-06,1.09948190802646e-06,3.40469945688067e-07,-6.08899951552864e-17,7.80780542361645e-07,3.64344430463761e-08,1.67143980362321e-07,-1.5073093654891e-07,5.94790586987925e-07,-1.22258043254239e-16,4.49162231348325e-17,1.58485748725823e-16,-5.85759863390766e-07,-3.20878082820008e-08,-0.00108957492084349,1.38972959138241e-16,-1.84424416494013e-08,6.36465697440114e-16,5.35868202459279e-17,3.0729639600614e-06,-2.03264234286272e-05,2.2291196666302e-16,-1.84109580313463e-06,-8.52606010875758e-08,-3.75760786762625e-16,1.92709481394079e-07,4.94262949319971e-15,7.57973883403854e-07,1.54233976433677e-17,7.56081208336667e-07,5.8850583587788e-07,2.13067685457201e-08,2.23135453243057e-07,1.53247174797071e-06,-6.91585570078033e-08,0.00105126949825172,5.04454918327873e-17,1.21385921262281e-06,-6.8578893707405e-08,-9.42047970313652e-17,-9.04334819796955e-09,-1.84488859525262e-07,4.288610047923e-08,-1.08495601842715e-16,1.37596227756994e-07,1.81991884493316e-07,1.12370640869024e-16,-8.110671029197e-06,-1.1148994861072e-06,-5.2247992720829e-09,-8.27404620724726e-17,-2.90559801156041e-17,9.32725242446415e-08,3.16975994883219e-07,2.56403442504052e-08,-3.69980062592082e-08,1.8695332501397e-07,-2.8844107797909e-17,3.23392184174083e-16,6.82221027904521e-07,4.70224038433096e-09,-1.38497473666191e-16,1.64739706666883e-06,3.3918817586865e-17,7.67480653578424e-08,-3.14718143986496e-07,-1.83873434689489e-07,-1.21866690741604e-06,-2.28825445314015e-16,4.56532403455597e-18,-1.5338208314e-16,-5.96858834632406e-17,-8.80625721015496e-09,-3.05408346421979e-08,1.62743480492894e-16,-1.13878662427423e-16,-2.36315920058616e-17,4.29609049380054e-08,3.85970119299065e-10,-2.12370973871778e-08,-8.26564795243953e-17,-2.44514694949793e-16,-1.11998084417753e-16,-9.09020252255316e-07,2.78142820060203e-08,1.23658263783088e-16,4.87659192867738e-09,-1.27538010208319e-07,1.28994164736646e-16,-2.90891580651676e-17,-9.76471144678287e-07,-9.0245864648277e-10,-4.83712027235981e-07,-2.3479037271367e-16,4.91938973951595e-08,9.40105963103738e-05,0.000412244889277772,-7.66912668541338e-07,-1.86487326809194e-07,3.03753227481467e-09,-2.4434253894376e-16,-8.32064402746406e-17,2.69571770818985e-17,5.77071320991028e-08,-5.22476193979775e-08,-2.18018104016474e-07,-1.5471546786275e-08,-1.30572727606084e-16,-3.97941886773895e-16,-1.2683585009419e-16,1.31765199787062e-16,8.76025851691492e-17,7.37466959034156e-08,2.0048862022185e-17,-4.6515672799391e-17,-1.32062795486563e-07,-1.11960105614025e-16,-1.18214765039693e-07,1.02714749788058e-16,-1.46551548786648e-07,5.84071227898594e-17,-1.77306707128467e-07,-2.21849301372556e-08,-1.82851803307556e-07,-2.49105329378911e-17,7.11681380600403e-07,3.37017596586936e-17,2.60580445512663e-05,-1.60201073202494e-07,8.86522143402104e-10,-6.69325910011245e-17,1.42947094771034e-06,6.9724814657102e-17,-9.05526313359981e-06,-1.79074236206829e-07,-1.50844860895113e-16,4.74089962813516e-17,2.67834539460645e-16,1.20728211335664e-17,-6.64833765854998e-09,-8.65628940863773e-08,-1.93260289484136e-08,3.20878669524105e-18,1.79733952615138e-17,-1.84694910820637e-08,1.50655641970379e-07,-1.38186805236382e-16,-1.22096265087401e-16,-8.79437619785497e-08,5.56427589792783e-17,-6.23155086818028e-07,-4.87515193254116e-17,5.32356828021847e-07,-6.31282454716689e-17,-2.95014452576198e-16,-7.94155725281366e-17,-1.06077442526347e-16,-6.70402086931022e-17,-2.30165254241774e-16,1.02537401837895e-08,-7.17198719254149e-08,4.53952434572196e-18,-4.82289627729332e-08,0.000231280677230569,-4.99227706702896e-17,-3.00357951477476e-16,1.60096129359811e-16,-1.42785757693478e-17,1.9501748349044e-07,3.12163539618539e-08,2.09025139543527e-17,4.04182056079814e-16,-4.13006774503105e-05,-1.14009110932348e-07,-1.73183806532963e-09,3.79061604233818e-17,-1.37497721235778e-17,2.69358738179938e-17,3.96660173970933e-17,2.07797156150493e-16,1.17031512977453e-16,7.46983344520569e-07,-7.06462439095127e-07,-1.35830851532721e-07,2.14358206116591e-18,-1.8244433112175e-16,-1.84692779448731e-16,-3.4716594198102e-17,6.83024907306615e-17,9.32192370092251e-17,1.43577725295183e-16,-1.76434646399783e-18,9.185972491176e-18,2.93382500364672e-17,1.23953168813287e-16,-2.01480080371944e-16,-4.67704866188121e-18,1.13398920743356e-16,6.73761000770491e-09,-2.82902343221596e-18,-4.79928815813473e-17,-4.09174425216219e-17,9.53425971860582e-08,-1.26700840366251e-08,1.48311093585574e-16,-2.46036050691998e-09,8.70870080714961e-08,1.79010116534654e-17,4.89061060314467e-16,-1.678419970411e-07,-8.24039495988327e-17,2.14178160164147e-09,5.88019536614403e-18,1.13974037534288e-17,-2.62127491110596e-17,-1.74938610678997e-16,2.30885611217498e-08,-2.87476585238325e-07,-2.53314325313225e-18,1.15942260037387e-16,4.76149121645921e-17,-5.78697491498244e-17,5.26922255827955e-17,-8.23869346745591e-17,-1.26537007597932e-16,9.72415370398382e-18,3.44645649525776e-09,-7.08210615224145e-17,1.00620817810826e-17,2.5809269281356e-17,-2.61635813658969e-17,4.72011974371196e-17,-2.16275512942472e-16,-1.19885775677431e-06,-2.52634047663327e-17,2.63385030433829e-17,5.06373907771629e-08,1.10391681406728e-16,-1.09997783379083e-17,5.48549271890527e-18,-1.22264275144704e-16,4.21491264052009e-08,-1.45592367855675e-17,-3.42649318872665e-07,-3.6429855616995e-17,4.39578623135859e-17,-6.41762266148679e-17,5.44273725752459e-17,4.63024260263763e-18,9.60142934687421e-17,1.23715762928186e-08,-4.11607901124285e-17,7.20979761535696e-18,6.33743330113692e-09,-1.54344229312029e-06,2.05748865880685e-18,1.72995969027294e-06,1.58238749788834e-07,-1.2656199171512e-16,1.774526224917e-16,6.67177453487363e-17,-1.46317706416886e-17,-9.30454938719931e-17,-2.65167399981989e-07,-4.00072024672827e-17,-4.93585057675147e-17,-7.94202185579416e-18,1.06095485884555e-07,7.65532018962787e-17,-1.06144752264354e-17,-1.22816314674216e-16,1.90866325772299e-18,-4.8299354289837e-08,-6.78365448572722e-17,1.31975180028264e-09,6.07149468839413e-17,2.06487328591287e-16,1.62155139963751e-16,8.07378867687236e-18,-9.44040285239604e-17,-2.85494686522611e-16,-1.71460020718256e-17,-2.28703808390092e-08,6.72084710833016e-17,-1.44333344524974e-16,9.61211637292213e-09,-6.88279089612942e-17,5.33470324875137e-17,-3.42360031757602e-17,-3.62747428917035e-17,-8.43396539877399e-17,-5.41850085480531e-17,-6.96177452566524e-08,-7.47242915597779e-17,1.22109410215705e-16,2.072173538321e-08,1.35227860007085e-16,7.90554222425205e-17,-7.52210848907147e-17,1.3794361002477e-16,-1.07207150452828e-16,2.69488271531039e-16,1.06616490547173e-18,-3.26363676591245e-18,7.87555534308015e-17,-7.48292141243162e-17,3.9051409236847e-18,-1.08554445418314e-08,3.59910043486823e-08,1.45845154923097e-16,8.19901286612108e-17,-6.04470376100322e-17,-9.21820446803005e-17,2.70400021817885e-16,6.24031817363558e-17,-1.33385537714541e-16,-1.90963123241502e-16,-1.55195793076276e-05,-1.03430027429816e-16,3.13416229918832e-17,-9.55799326125676e-17,-9.68459100742921e-17,3.9871727296422e-09,-5.21756639554968e-16,-6.31767888202235e-10,-1.05571268554073e-16,-7.97796626197953e-17,-8.34667419659875e-17,2.38296590740921e-17,-2.3668834452285e-17,9.77778171214748e-17,2.14641115784098e-15,-7.32698587384472e-17,-3.13601343289951e-17,5.29988719692156e-17,-6.51574918415361e-17,3.62068854073359e-18,-7.63617834244916e-17,4.98756448698943e-17,1.79899411978372e-17,5.92812154781885e-18,6.369514054964e-17,-2.12523763271967e-16,-9.12134805112607e-17,4.91103384591161e-17,5.03069808033274e-17,-3.45390766091495e-18,-8.8797168618429e-17,-6.54488093944885e-17,-3.47485066964807e-17,3.29562110070545e-09,-6.64135463477959e-17,-7.87393013589796e-17,1.96031541800842e-17,-1.2626016508112e-16,2.80501586250648e-17,4.83440054050877e-17,3.10079051046154e-17,7.08721403292038e-17,-6.68421093173522e-19,-2.93257367777258e-17,-1.31730563956989e-16,-2.28410884731095e-17,1.46868144643082e-17,1.70242308315182e-17,8.54589893513236e-17,1.5041243264673e-17,3.90701254938482e-17,-4.23387839263915e-08,-5.1509679069245e-17,-1.37425860746369e-17,-1.62381283436377e-16,-2.76276273682768e-17,5.66622736097712e-17,3.6137595644684e-17,2.53516954872921e-17,4.4605301785651e-17,4.68095933712316e-17,1.43159950992459e-08,1.78260929041998e-16,-2.84550426995284e-17,1.32982845760422e-17,-2.71467901413733e-17,2.00223653221434e-17,1.26194999295726e-16,2.65554655004591e-17,4.33275936824312e-17,6.39906592582873e-17,-4.82755748791823e-17,7.07497475933697e-17,-1.36368817664679e-16,3.3843461319826e-18,4.51001581663608e-08,7.01231987018174e-19,-3.78881954852335e-17,-5.09251895354351e-17,-3.9790219730218e-16,-1.23563420693895e-08,-8.13730304137046e-17,1.57977489827511e-17,-1.13315335788107e-16,2.882369031484e-17,-2.11054493713425e-17,1.71154074699122e-16,1.04307905456306e-16,1.15455531914626e-17,-3.12462459927531e-17,3.02362709878277e-17,-7.15154949474835e-17,5.46649910872092e-17,-4.93084874847185e-17,2.71353954944295e-17,-2.96303502577477e-17,1.09484767323948e-16,-2.20830110170946e-16
"t65",0.0263804091460263,-0.00246034559526286,-0.00217506068338761,-0.000342765738909509,-0.0114191111156719,0.0974303466876359,0.0166119312037809,0.000106348481724543,0.0252795939865122,-0.0193278405012112,-0.00359073960422955,0.00266358362955147,-0.00512563234127522,-0.00106735891848446,-0.0275813933724123,0.000612191682868944,0.00043392135543311,-9.02836694112285e-05,0.00343063028085919,0.000554366846902056,-0.00013506140631559,6.286744312549e-05,-0.00212382110056301,0.000364560666317975,-6.63411595606149e-05,0.093697520224018,0.00497896560158399,-0.000263221452947774,0.000605798263661098,0.00111976307406473,3.68036874496315e-05,-0.0014739992952005,-7.95011425610251e-05,0.000688868010389715,-6.68927507019006e-05,-3.46863361276351e-05,-1.55725955081287e-06,-0.0903677188231199,0.000391073332814185,5.23950494807741e-05,0.000118551943927537,-0.000189044241306167,8.44770661672983e-06,-0.000143086326212703,2.98048553285424e-05,-5.08782414338944e-06,8.84000901823046e-07,-1.26896674287992e-05,0.000157998701739526,-0.000269455047208684,1.29256177818681e-05,-1.08475666427282e-05,2.04098806576831e-07,-3.73626000213945e-06,4.93155624820267e-05,-0.00208747034494828,-1.57337267321024e-06,2.2187030223214e-05,-8.75243847511275e-05,1.91776069680417e-06,2.85364018386658e-06,-4.87879894232168e-05,0.00012879451438279,-0.000100127200404631,0.000114170134858671,-3.85341749300614e-05,5.94005220350876e-05,-0.048921669346293,0.00054775148451739,-0.196350358746877,-1.19324153267254e-05,2.2428113908442e-05,-0.00136492686685455,-4.59360300922596e-05,1.92297267551269e-05,1.76459571381136e-06,-0.000164767567610112,2.45916210226768e-05,-0.00146223787257418,-0.0527934724919742,-8.73834147217475e-06,-0.000108335313700786,-9.78178576370183e-05,-4.27387056145778e-05,3.50942505613992e-05,9.32357109782888e-05,-1.365261220374e-05,-2.40197054685621e-05,-4.73573944368645e-07,1.80355602897378e-05,-4.3636972921992e-05,9.1005833531381e-08,0.000864127770254437,-3.7883434298428e-05,-5.15953890692847e-07,-6.6093437114e-07,-6.80807237426341e-08,-3.14482618899737e-06,5.55061539066774e-05,0.000623405600702414,0.0122132639135413,-1.33230744569264e-05,0.198230317692847,5.68664930378542e-05,-2.64130928037857e-05,6.15349349483518e-06,-0.00557751013877291,-1.33511178297917e-05,0.000152918189300013,-6.38799000703561e-08,-6.33377872563685e-07,3.44847603809149e-06,-1.05203097944328e-06,-2.79610367446966e-06,1.39885625738398e-06,-1.13337836932658e-05,0.000253934328067171,-0.000794688038711661,0.443522344392051,0.000580462029118576,-0.000228582293542384,0.000281223014615532,-0.00351011292197634,-0.0131624777886635,-2.53515660099341e-05,-0.00021014608414599,2.20504653438121e-05,-0.000266199790659645,0.000544379580880082,0.018967820870715,0.000141679855930396,0.00225847033340156,5.71722793463638e-05,-0.00062430918782747,-3.06558397426413e-06,-0.00613162674793233,0.000120052558144869,0.000105987963223768,-0.00127463528911682,0.00453892227526945,-6.95293436689381e-05,-6.91547395643708e-07,-0.00131432988705712,0.000208696583536907,6.75967030293281e-08,1.19948437291234e-06,2.543926000482e-06,-4.22883463407661e-06,-2.23792794327668e-07,0.000917904415546,2.65241566487677e-07,8.3567371544055e-07,1.10028648365581e-07,-3.24706359418744e-06,-1.91037097587583e-07,-3.09956842999478e-07,5.08729327035356e-06,-6.40179556459466e-06,-3.36136887657259e-06,-1.11909566759008e-06,-5.61340522560514e-06,8.23129674677906e-07,-5.79432464345449e-06,-8.51775151547979e-06,5.6996078090869e-06,-3.87622223243392e-06,5.99031378993334e-05,1.02415830931653e-06,5.09206894949189e-05,5.10333671950259e-06,-8.73028140801532e-06,-1.53597455021654e-06,1.79459641436511e-07,5.96288876223572e-06,1.13663236493937e-06,0.000166431225211754,1.00374785488524e-07,-3.76041071577935e-06,-3.47194730815526e-05,-1.69195821476167e-05,6.72012064740519e-05,1.75045968989906e-05,-3.59629542642755e-06,-1.40444581610067e-08,-4.16135904438931e-07,-1.10517995006584e-07,-0.000189265901065033,4.77974608125887e-05,0.000215133924597328,-2.13410714101305e-05,-8.26884445686975e-06,3.79449251175527e-05,0.0566268420119485,-7.46769560612872e-09,-2.39137910266086e-07,-2.18564683953769e-06,-5.04026448268295e-06,-3.8368460951008e-07,4.27955706146457e-06,2.45109302320629e-06,2.45932051044303e-06,3.6802556825115e-05,-7.7175168869303e-08,-1.26356568459411e-06,-2.1671086875575e-05,-9.1903799522679e-06,1.43185148635087e-05,6.54694872083243e-06,-0.000111258007161571,-6.7289929098373e-08,-0.00048513772324607,6.99747043012224e-06,-3.42346126192686e-05,-5.84802890923251e-05,-3.37356888931828e-07,-2.50469908109297e-06,7.47601728747132e-07,4.86902826643656e-07,-1.50623004316674e-05,-0.0362861432582722,2.00602695083644e-05,1.7778787752679e-05,4.41426807790818e-06,2.0782492658415e-05,-0.00204436403041397,-4.70587112053112e-06,-0.000593647141857994,-2.61486233139431e-06,-6.00545515397853e-05,-5.8206330491316e-05,1.59928324229036e-05,3.73776333156173e-06,2.94739702236845e-05,0.00176023339535246,-4.42903808990606e-06,-1.60650711686039e-06,-0.200561659320914,-3.94348404546958e-16,4.37683817668084e-06,-5.17419805952666e-05,4.79258612860674e-06,9.67565831366854e-06,0.0129824146523769,5.9876253088744e-06,1.10266939789574e-05,-2.86287438785932e-06,5.33153979236871e-07,-3.16859314548975e-08,5.84008607109516e-07,-5.85942567325537e-05,1.43187539179078e-07,-1.48652919625088e-05,9.66948459880917e-06,-2.2237055771466e-08,1.10073015611133e-09,-4.02125177596385e-08,1.72054113342259e-08,-2.50597316871982e-07,-1.74672772699653e-07,-9.77863288220045e-09,1.27724380074591e-07,-2.97352794640632e-07,4.08856789379525e-06,-3.01795014164995e-07,3.93179056738852e-07,-1.36198803830005e-07,3.77738594830313e-09,1.56328804348091e-05,-2.53610043293417e-07,2.60442128997153e-07,8.7569698396933e-09,-2.48135245714634e-07,2.53261002505024e-07,-4.50988458048089e-07,7.48874283573153e-07,-1.51087223434956e-06,1.32844090527678e-06,-1.13043632346471e-07,0.00221538697496881,7.28953630714389e-08,-5.91566283436456e-07,-1.55230444844495e-16,-3.84386476875498e-06,-1.41208137672005e-07,-1.85127368331732e-11,-1.9599759515468e-07,0.000350417427336142,-3.28678314322608e-07,-5.77969888538907e-08,7.78013973394903e-09,-3.61300623663454e-07,2.15117166805674e-05,4.92550203550434e-07,-4.08691411821734e-08,6.16108956762962e-06,-7.50587254383033e-06,2.1133096533123e-06,-4.06325780205239e-06,5.95468449610202e-07,2.43823451879373e-07,1.60777520432071e-08,1.08451708856616e-05,-6.54630024886164e-06,2.95534859467488e-08,-0.000273884035213693,1.0652233890119e-06,-3.91167100371987e-06,0.000444257013564128,2.5760405245172e-06,1.35052243221651e-06,-4.3351575293479e-07,-8.59930824314798e-05,2.9752630035318e-07,-1.40183666189743e-06,4.00759708787484e-07,3.78972306734679e-06,-7.63555591073309e-06,-2.52415262163405e-16,3.22834530428768e-08,1.79772649254882e-06,-1.80077561853873e-07,1.05384935143411e-05,1.1767246245835e-07,2.83487771972394e-06,6.94331818857015e-06,-9.69964915010343e-06,0.00130627964879035,-1.01800294535708e-14,-5.74812996945893e-05,-5.15666985170895e-08,-2.9463523912221e-06,1.28120595683386e-06,0.37945208124614,2.4857891182333e-06,3.65204964134526e-05,-6.5599501852379e-06,1.47479464720276e-06,-1.42153171437894e-05,1.48132440059829e-07,3.50257966126045e-06,1.49508427968447e-08,1.8142562472419e-09,2.69153526669291e-06,-1.27328044479797e-07,2.39527430638799e-06,3.0236833457667e-16,3.00114114517233e-07,-1.96886037553707e-08,-5.66365752004282e-10,-2.59859690505343e-09,8.42233676994153e-07,-6.82850666505025e-07,5.50465430654073e-08,-2.16780614248116e-07,-4.4062268211008e-06,-4.59406938274181e-16,-3.47578607415996e-07,-1.28781528769737e-08,-5.6865241288487e-07,2.70919757387247e-14,2.03517070929937e-06,1.64779078741307e-07,-2.55925286504256e-08,-1.11418482676392e-06,-3.89457266321066e-07,-2.14943103101546e-07,-6.99817478179415e-07,2.36840900489637e-07,1.68887146731679e-07,9.75612516295029e-09,5.79975259156499e-07,7.41561424988944e-08,1.56262413752766e-17,-3.52620366629937e-08,0.000162784818415488,5.19101669001672e-07,-8.4079636877349e-07,1.67380272545023e-16,-7.89015608129066e-08,1.5701331473059e-08,-4.40378186980292e-07,-2.65304141080682e-08,-1.01593404522023e-06,9.77068701792835e-08,-1.34221201103679e-06,2.24348757796945e-06,-3.63367044038377e-16,8.51993194636518e-06,-1.43995108852662e-07,4.08074555545204e-07,1.07605792006795e-05,-8.86621459035709e-08,-7.36308856817206e-09,1.30624677741054e-15,7.23917312523883e-16,-7.20390358877232e-09,-8.24039944962259e-08,1.08805003632699e-08,-1.25064960617115e-06,5.69152942421921e-15,-6.05612014537126e-07,-7.21147430140877e-09,-2.81225724625456e-17,3.16593303676972e-16,2.59578397018284e-16,1.5661012056465e-06,4.12347428499235e-07,-4.55405824026341e-07,4.15636209435633e-06,5.51807268350849e-05,3.6768538026686e-07,-1.59722530370305e-07,1.43864076387058e-16,-3.55898144710087e-08,1.00529409419401e-07,-2.16297321499457e-15,5.47436849121753e-15,-6.45856375318724e-08,-3.9245399722648e-10,-3.87740700282296e-08,2.37789277517687e-06,3.90665560578303e-08,-1.6438251305346e-07,-2.48232141927893e-15,-1.50596656203366e-05,-1.94898759900983e-14,-1.91588541632892e-06,-3.25494297313822e-14,-4.53182789563907e-08,0.707106781186547,1.91012827286836e-07,5.06500541504909e-08,3.60975230350068e-07,0.00261974850329087,-8.72998855327843e-08,-9.58644751516607e-09,7.27288731307015e-08,2.83783023924106e-08,1.53350518691338e-06,1.43370087065244e-07,2.94108648221237e-08,-8.42048182346191e-08,-1.63072070384735e-06,-1.33142061012403e-07,-4.10506424096429e-08,-1.24481962469946e-15,3.87219117008961e-07,-6.71614281172673e-08,3.52341397220865e-08,-6.18268982239754e-16,6.92617906373858e-08,5.05157266124608e-05,5.98034203327053e-07,3.65924150924667e-16,-1.4539882024343e-07,-8.68427721152351e-07,-1.66739558593008e-16,-1.02946626533931e-07,2.319473522059e-07,-3.70780068010798e-16,1.55406205722409e-15,-8.54473321440242e-09,-5.11804232245014e-07,-2.92202855030869e-09,-4.06618334731657e-06,0.00013379144389865,2.7034146230942e-08,2.99668915806745e-07,2.54053489660189e-07,-1.02724594460558e-05,1.05514555426289e-15,1.17607844122785e-09,9.05258455246878e-09,2.50144947111562e-08,2.34365293104257e-06,-1.40538802111453e-16,-1.45042930093983e-16,7.71895382444295e-07,2.16734116060655e-16,-2.33138583413493e-17,3.30349713663127e-07,-4.865587391722e-07,-9.10963044350901e-08,-5.41078340397276e-08,2.33877301148461e-06,6.10991623882441e-07,1.8935708386344e-07,7.78585184845837e-17,4.37944770754421e-07,2.04723883131824e-08,9.39719997234011e-08,-8.49867098328265e-08,3.37079432040244e-07,8.52013428414015e-16,-8.21412218757917e-17,5.91736636271159e-16,-3.34339551142769e-07,-1.83702683935592e-08,-0.000623923331484818,-3.61408269091835e-16,-1.05909520731397e-08,9.37059391650822e-16,1.91827915307776e-16,1.78624873495282e-06,-1.18170645813465e-05,1.75640751942652e-17,-1.0734234234942e-06,-4.97921718977633e-08,-1.06189179534483e-15,1.12919226256066e-07,2.76140491025957e-15,4.45901936433177e-07,-4.8598432203518e-17,4.44945302397174e-07,3.46423536042508e-07,1.2546074119214e-08,1.3144519236653e-07,9.03619301949068e-07,-4.09251043714505e-08,0.000625148881114924,9.20423177339623e-17,7.26143247083082e-07,-4.10503073577059e-08,-6.56817057108905e-17,-5.41771464001251e-09,-1.10690711477303e-07,2.5765799226651e-08,-1.18085632627986e-16,8.30437269851926e-08,1.09935661591262e-07,1.02801484253028e-16,-4.90517567333193e-06,-6.74659554318794e-07,-3.16844342616716e-09,-2.70027073905491e-16,-2.36041802848983e-16,5.6844845850517e-08,1.93584744898126e-07,1.5665839254185e-08,-2.28068625337907e-08,1.15407601729415e-07,4.28647030933312e-16,-1.96327956806274e-16,4.21548725126074e-07,2.90590112689183e-09,2.53354917740171e-17,1.01971963057617e-06,-8.76076503572972e-17,4.75803809321343e-08,-1.95526097496546e-07,-1.14252881130878e-07,-7.57685671242336e-07,3.69825097883486e-17,-1.26319591750396e-16,-4.24539153907085e-16,-2.01681447608908e-16,-5.50387970565596e-09,-1.90960179825453e-08,-3.34813517767725e-16,-1.02564293983077e-15,-8.56991115833792e-17,2.69029053550224e-08,2.41860613904237e-10,-1.33315532009516e-08,1.37335990041706e-16,6.39679281766448e-18,-3.608766931118e-16,-5.74044151457756e-07,1.75682081883782e-08,-7.32595129125058e-17,3.08721517337708e-09,-8.08141059664152e-08,1.70427433316946e-16,-3.79156437522812e-17,-6.2006567801341e-07,-5.73165223110644e-10,-3.07597211140016e-07,1.01899014514273e-16,3.13478963104885e-08,5.99746530361927e-05,0.000263409059372836,-4.91076565554439e-07,-1.19481384388756e-07,1.94820283049429e-09,-4.8640091749409e-16,1.04093676371435e-16,1.80121188291972e-16,3.72338235707306e-08,-3.37142838048444e-08,-1.40788117456989e-07,-1.002857014147e-08,-3.916354585929e-16,1.4063629622097e-16,-1.68462411636417e-16,4.36826003391213e-16,7.54607510495193e-17,4.79877303742048e-08,1.51279165251723e-16,-2.44990797658284e-16,-8.60637024338425e-08,1.93161598032107e-16,-7.70452610395294e-08,-1.17356665484553e-16,-9.55263031341289e-08,-2.74806958240002e-16,-1.15872174431591e-07,-1.45069915868208e-08,-1.19680344252836e-07,-1.78186559758216e-16,4.66342409833668e-07,2.80409263878791e-17,1.71174841400557e-05,-1.05573061884994e-07,5.84301928360761e-10,-3.39621155353067e-17,9.43365575951253e-07,-1.12321478535e-16,-5.9879940389988e-06,-1.18428482998814e-07,4.14450443138297e-16,-2.40297350453095e-17,5.13925595159086e-17,5.27088595141241e-17,-4.40405751315944e-09,-5.73667673545061e-08,-1.28141554299906e-08,1.46803044729497e-16,-1.22581420247306e-16,-1.22756000864429e-08,1.00142678098342e-07,8.90335151923215e-17,4.08771650880785e-17,-5.8630064826671e-08,-1.80488221933297e-16,-4.1570279467001e-07,1.7223546852966e-16,3.55771931799798e-07,9.73960489955648e-17,-2.20344141913762e-16,-5.96289789089074e-17,1.99098323958487e-16,-3.29847216839888e-17,-4.66454035501666e-17,6.87732985580598e-09,-4.81057959390078e-08,-2.80986601353173e-18,-3.23897227934473e-08,0.000155404706649004,1.57162457570551e-16,-2.74016090916476e-17,1.06057647476462e-17,6.36665265147497e-17,1.31330049771888e-07,2.10327790590636e-08,1.78540004546771e-16,1.85230409920192e-16,-2.78432884942735e-05,-7.6866172499117e-08,-1.16791751294241e-09,3.42754227567404e-17,-1.21614830723685e-16,-2.48966027409804e-18,1.08899802801689e-16,-4.96453768122509e-16,-1.05785454166586e-16,5.05790956870977e-07,-4.78532939231929e-07,-9.20412315014949e-08,4.8700503266788e-17,2.13858332631274e-16,-1.91218330594231e-16,1.68574571767656e-16,-1.09262079577098e-16,-2.69694527443773e-16,-2.05033653137763e-16,1.76270112841985e-16,8.64303554938815e-18,-1.87691742199822e-17,-1.64096658263507e-16,1.31939921650939e-16,-2.18378880307898e-17,-2.53841392844103e-18,4.59375804502753e-09,-3.16903289850691e-17,6.80295448095248e-17,-5.69492928493037e-17,6.50577801259994e-08,-8.64713723876845e-09,-1.83776277312141e-16,-1.67935135765617e-09,5.95009617381686e-08,2.08889484566076e-17,8.266147520149e-16,-1.14815755997625e-07,-1.24090505615146e-16,1.46730878568531e-09,-1.91966188653806e-16,1.21770637423851e-16,-2.80799949439569e-17,2.06351531546981e-16,1.58544650090457e-08,-1.97435501555839e-07,-1.24434153965752e-16,-2.09225553723163e-16,-7.53979325095188e-17,-1.41297794287814e-16,-9.99634403031635e-17,1.85365724289386e-16,9.29073775235026e-17,7.95212554724581e-17,2.38588012677784e-09,8.8483288485277e-17,-1.4174122164432e-16,-1.11280834660054e-16,1.00182384807898e-16,-1.32983945806758e-16,2.25444341463892e-16,-8.31328720089544e-07,-3.26565776914673e-17,8.72992790624286e-17,3.51245042766118e-08,1.72781485966543e-16,3.41437379673085e-16,-1.27178270792924e-16,1.06655351919244e-17,2.93417134832196e-08,9.60590477832169e-17,-2.38684120393725e-07,8.91152131838097e-17,4.06451158168809e-17,1.71302059094608e-16,-2.17455380416808e-16,-5.36830992411023e-17,-3.86571070460393e-17,8.62901483607195e-09,-1.31042346879836e-16,-1.90463969686068e-16,4.42465379613392e-09,-1.07765048746628e-06,-9.07601239267887e-17,1.20890514702263e-06,1.10607479635677e-07,-1.15908375276257e-16,1.33876205626353e-16,-8.10594119762899e-17,-6.22353282059152e-17,2.37319180539422e-16,-1.86073727140513e-07,-7.03009510666326e-17,-1.85604205500129e-17,-1.02596283034925e-16,7.45235864161292e-08,-4.06996635682974e-17,8.80078807041544e-18,1.07502137317807e-16,7.40484734538841e-17,-3.39708812341191e-08,-2.31446697323697e-16,9.28608644947789e-10,-1.19890995241503e-17,-8.01874122688386e-17,1.90454214951857e-17,-1.02937030328743e-16,1.11838356192234e-16,-2.14437853582219e-16,-4.97199862637343e-17,-1.61263306336308e-08,-1.63340722982073e-16,-1.07223119236709e-17,6.7812325346336e-09,2.31843642583636e-16,-1.2140201456265e-16,1.9587945958559e-16,1.6030342837904e-16,4.11045180485143e-17,-1.85471361646623e-16,-4.91950106326731e-08,2.43131331521266e-16,-3.32130871037173e-16,1.46536041428467e-08,1.8663645157907e-16,1.47034518850733e-16,-3.56758741180687e-17,-6.03946289780607e-17,-1.36357625666735e-16,1.59682125105616e-16,-7.80944321958249e-17,-1.10010218154664e-16,-3.71101663705828e-17,4.22664891015963e-16,7.54138524761715e-17,-7.69713647048066e-09,2.55278617797243e-08,1.42315541623045e-16,7.84605401770896e-18,-5.59299404380457e-18,-1.02747572331871e-16,2.74628410290578e-16,1.03435872794045e-16,-8.62661732377358e-17,1.20851844732435e-16,-1.10261179916523e-05,4.28238510255439e-17,-4.51682863613355e-17,4.28989156568753e-17,1.93605808679e-16,2.83672743256086e-09,3.42677617153483e-16,-4.50187993451048e-10,-7.65748002641373e-17,1.54280648053543e-16,1.81930779585599e-16,-8.54098392233999e-17,5.63030383134671e-17,6.13043452628963e-17,1.68847797799702e-15,5.76007028313971e-17,1.7890516874263e-16,-8.34259725041591e-17,1.42498534311473e-16,-5.10232044853077e-17,3.22563450611114e-17,3.83675269720673e-17,-1.0704675007686e-17,3.60975532663795e-17,4.92918215679522e-17,1.83588415620576e-16,1.7407223748606e-17,1.81977500146255e-16,2.9316826744008e-16,1.36845236222621e-16,-1.2386364513805e-16,-7.62373329069835e-17,1.13493798399162e-16,2.36185225887777e-09,-1.11658397757741e-16,1.78758654903547e-16,-2.48444177186755e-17,-8.09515333030911e-17,-8.48245118765125e-17,1.01536576409506e-16,-5.15294535371955e-17,-5.76346520113453e-17,-1.17316177069036e-16,6.51541288360397e-18,-1.70653421949218e-16,1.46532987679915e-16,1.4623932010879e-16,-2.85639967497342e-17,-1.32743051621871e-16,-5.50275543064295e-17,-3.42839698542013e-17,-3.04574300089429e-08,7.25937353081224e-17,-6.54976907686273e-17,1.30830453046291e-16,-5.62763217464482e-17,1.46359914920186e-16,-6.99972390835829e-17,-8.29717623860364e-17,-1.1398161258813e-16,-6.13171964737691e-17,1.03380134528562e-08,2.80560238729125e-16,-2.31016028394383e-17,-1.06194070991509e-17,9.43022315454321e-17,1.4793119746181e-16,-5.1914246732321e-17,-5.31764468054617e-17,-1.09865682379074e-16,1.13733006271739e-16,-1.44125136859398e-16,-2.73627639154127e-17,1.00810495589013e-17,6.55630738263622e-17,3.26912209605547e-08,-6.52666307223728e-17,2.62643447135269e-17,-2.10651014072516e-16,-4.32813507256213e-16,-8.97213057270513e-09,-1.43184519096903e-16,1.62200165870144e-17,4.68663209047879e-17,-1.13927437210431e-16,9.05681701284741e-17,1.59465986883857e-17,3.22232878839632e-16,-7.49879694044937e-18,-1.94045729453089e-17,3.09810351020881e-17,1.0984546909344e-16,-6.77862676746072e-18,-8.3633729213188e-17,-3.48008842226954e-17,2.97292254621941e-17,-2.81133515197835e-17,-1.72266984908353e-16
"t66",0.0263804091460263,-0.00246034559526286,-0.00217506068338761,-0.000342765738909509,-0.0114191111156719,0.0974303466876359,0.0166119312037809,0.000106348481724543,0.0252795939865122,-0.0193278405012112,-0.00359073960422954,0.00266358362955146,-0.00512563234127522,-0.00106735891848447,-0.0275813933724123,0.00061219168286894,0.000433921355433117,-9.02836694112329e-05,0.00343063028085918,0.000554366846902054,-0.000135061406315605,6.28674431254886e-05,-0.00212382110056302,0.000364560666317976,-6.63411595606177e-05,0.0936975202240181,0.00497896560158399,-0.000263221452947796,0.000605798263661098,0.00111976307406471,3.68036874496252e-05,-0.00147399929520049,-7.95011425610221e-05,0.000688868010389717,-6.68927507019071e-05,-3.46863361276715e-05,-1.55725955080306e-06,-0.0903677188231199,0.000391073332814228,5.2395049480801e-05,0.000118551943927551,-0.000189044241306192,8.44770661673092e-06,-0.000143086326212732,2.98048553285407e-05,-5.08782414334886e-06,8.84000901829294e-07,-1.26896674287882e-05,0.000157998701739519,-0.000269455047208675,1.29256177818614e-05,-1.08475666427439e-05,2.04098806611848e-07,-3.73626000213598e-06,4.93155624820472e-05,-0.00208747034494829,-1.57337267318845e-06,2.21870302231854e-05,-8.75243847511871e-05,1.91776069679894e-06,2.85364018384264e-06,-4.87879894232111e-05,0.000128794514382788,-0.000100127200404633,0.000114170134858704,-3.85341749300843e-05,5.94005220350882e-05,-0.0489216693462931,0.000547751484517361,-0.196350358746877,-1.19324153267117e-05,2.2428113908473e-05,-0.00136492686685455,-4.59360300922752e-05,1.92297267551253e-05,1.76459571375798e-06,-0.000164767567610101,2.45916210226475e-05,-0.00146223787257426,-0.0527934724919742,-8.73834147216404e-06,-0.000108335313700778,-9.78178576370114e-05,-4.27387056146381e-05,3.5094250561379e-05,9.32357109782459e-05,-1.3652612203753e-05,-2.40197054685886e-05,-4.73573944395783e-07,1.80355602897465e-05,-4.36369729219945e-05,9.10058335634734e-08,0.000864127770254404,-3.78834342984557e-05,-5.15953890689272e-07,-6.6093437114305e-07,-6.80807237504571e-08,-3.14482618901144e-06,5.55061539066487e-05,0.00062340560070233,0.0122132639135415,-1.33230744569012e-05,0.198230317692847,5.68664930379216e-05,-2.64130928037937e-05,6.15349349482884e-06,-0.00557751013877301,-1.33511178298332e-05,0.000152918189300051,-6.38799000560446e-08,-6.33377872591737e-07,3.44847603805995e-06,-1.05203097940634e-06,-2.79610367444401e-06,1.39885625736895e-06,-1.13337836932897e-05,0.000253934328067357,-0.00079468803871156,0.443522344392052,0.000580462029118618,-0.000228582293542436,0.000281223014615519,-0.00351011292197641,-0.0131624777886636,-2.53515660099414e-05,-0.000210146084146003,2.20504653437505e-05,-0.000266199790659565,0.000544379580880068,0.018967820870715,0.000141679855930373,0.00225847033340142,5.71722793462774e-05,-0.000624309187827513,-3.06558397417361e-06,-0.00613162674793246,0.000120052558144837,0.000105987963223634,-0.00127463528911684,0.00453892227526958,-6.95293436689184e-05,-6.91547395613113e-07,-0.00131432988705711,0.000208696583536939,6.75967029677607e-08,1.1994843729131e-06,2.54392600054706e-06,-4.22883463398805e-06,-2.23792794384283e-07,0.000917904415545919,2.65241566542321e-07,8.35673715497599e-07,1.10028648333235e-07,-3.24706359419483e-06,-1.91037097687283e-07,-3.0995684298216e-07,5.08729327036025e-06,-6.40179556457513e-06,-3.36136887661969e-06,-1.11909566757822e-06,-5.61340522555971e-06,8.23129674694829e-07,-5.79432464344035e-06,-8.51775151535517e-06,5.69960780907139e-06,-3.87622223247685e-06,5.99031378994657e-05,1.02415830935858e-06,5.0920689494944e-05,5.10333671952854e-06,-8.73028140808634e-06,-1.53597455018804e-06,1.79459641645377e-07,5.96288876224129e-06,1.13663236501352e-06,0.000166431225211783,1.0037478553308e-07,-3.76041071575113e-06,-3.47194730815656e-05,-1.69195821476166e-05,6.72012064740306e-05,1.75045968989866e-05,-3.5962954264821e-06,-1.40444580956138e-08,-4.16135904467544e-07,-1.10517995024692e-07,-0.000189265901065081,4.77974608127265e-05,0.000215133924597426,-2.13410714101535e-05,-8.26884445690635e-06,3.79449251177164e-05,0.0566268420119485,-7.46769550141884e-09,-2.3913791019152e-07,-2.18564683953894e-06,-5.04026448253526e-06,-3.83684609606594e-07,4.27955706146155e-06,2.45109302314325e-06,2.45932051043538e-06,3.68025568250483e-05,-7.71751688755804e-08,-1.26356568460194e-06,-2.1671086875659e-05,-9.19037995222404e-06,1.43185148635201e-05,6.54694872085065e-06,-0.000111258007161698,-6.72899290501721e-08,-0.000485137723246304,6.99747042993998e-06,-3.42346126191702e-05,-5.84802890922813e-05,-3.37356888751705e-07,-2.50469908088579e-06,7.47601728754078e-07,4.86902826662685e-07,-1.50623004317469e-05,-0.0362861432582722,2.00602695081334e-05,1.77787877526874e-05,4.41426807779784e-06,2.07824926584383e-05,-0.00204436403041396,-4.70587112069133e-06,-0.000593647141857967,-2.61486233143297e-06,-6.00545515398972e-05,-5.82063304912921e-05,1.59928324229907e-05,3.73776333147036e-06,2.9473970223629e-05,0.00176023339535242,-4.42903808984564e-06,-1.60650711694863e-06,-0.200561659320914,-5.60307815663485e-16,4.37683817683973e-06,-5.17419805953438e-05,4.79258612860701e-06,9.67565831367169e-06,0.0129824146523769,5.98762530879464e-06,1.10266939789457e-05,-2.86287438800966e-06,5.33153979333305e-07,-3.168593141774e-08,5.84008607056964e-07,-5.85942567324274e-05,1.4318753910236e-07,-1.48652919624798e-05,9.66948459878378e-06,-2.22370555920278e-08,1.10073016727861e-09,-4.02125176993951e-08,1.72054112566464e-08,-2.50597316896571e-07,-1.74672772807655e-07,-9.77863291673745e-09,1.27724380139145e-07,-2.97352794702568e-07,4.08856789393778e-06,-3.01795014106392e-07,3.93179056743018e-07,-1.36198803769711e-07,3.77738596133759e-09,1.56328804349111e-05,-2.53610043119026e-07,2.60442128647356e-07,8.75696975552009e-09,-2.48135245521005e-07,2.5326100258529e-07,-4.50988457977128e-07,7.48874283632323e-07,-1.51087223437569e-06,1.32844090544796e-06,-1.13043632119421e-07,0.00221538697496886,7.28953630310597e-08,-5.91566283591948e-07,-4.89409345908868e-17,-3.8438647685488e-06,-1.41208137706791e-07,-1.85127190382291e-11,-1.95997595140991e-07,0.000350417427336146,-3.28678314182856e-07,-5.77969887410865e-08,7.78014016069205e-09,-3.61300623544074e-07,2.15117166805377e-05,4.92550203460482e-07,-4.08691412768706e-08,6.16108956763287e-06,-7.50587254395349e-06,2.11330965320358e-06,-4.06325780212536e-06,5.95468449620176e-07,2.43823451890805e-07,1.60777519233209e-08,1.08451708857442e-05,-6.54630024904809e-06,2.95534860049834e-08,-0.000273884035213757,1.06522338906683e-06,-3.91167100404342e-06,0.000444257013563998,2.57604052426181e-06,1.35052243285306e-06,-4.33515753009965e-07,-8.59930824316136e-05,2.97526300279826e-07,-1.40183666180093e-06,4.00759708949075e-07,3.78972306715118e-06,-7.63555591071227e-06,-2.03980504186412e-16,3.22834532386775e-08,1.79772649220661e-06,-1.80077561761282e-07,1.05384935145102e-05,1.17672462367084e-07,2.83487771976789e-06,6.94331818827372e-06,-9.69964915007067e-06,0.00130627964879062,-8.59622689181846e-15,-5.74812996949646e-05,-5.15666987435196e-08,-2.94635239152195e-06,1.2812059571494e-06,0.379452081246135,2.48578911853693e-06,3.65204964131773e-05,-6.55995018491172e-06,1.47479464759815e-06,-1.42153171440097e-05,1.48132440419702e-07,3.50257966248913e-06,1.49508425619657e-08,1.81425622908151e-09,2.69153526647994e-06,-1.27328044503121e-07,2.39527430687744e-06,3.31444805467575e-16,3.00114115076529e-07,-1.96886037104847e-08,-5.66365787561269e-10,-2.59859721352414e-09,8.42233677033523e-07,-6.82850666064045e-07,5.50465433679805e-08,-2.16780614320154e-07,-4.40622682139704e-06,1.08115300409259e-17,-3.47578607185315e-07,-1.28781525544118e-08,-5.68652412705216e-07,2.84819246322752e-14,2.03517070840727e-06,1.64779079017796e-07,-2.55925278462542e-08,-1.11418482695993e-06,-3.89457265111946e-07,-2.14943105057171e-07,-6.99817478673851e-07,2.36840899881282e-07,1.68887146127444e-07,9.75612566411077e-09,5.79975259556064e-07,7.41561418552341e-08,5.90769052833044e-17,-3.52620370523451e-08,0.000162784818415262,5.19101668478387e-07,-8.40796368598754e-07,-6.73225321768109e-16,-7.89015617075163e-08,1.57013300788834e-08,-4.40378186879889e-07,-2.65304129000248e-08,-1.01593404440835e-06,9.77068692321706e-08,-1.34221201060296e-06,2.24348757826506e-06,-1.55510282987866e-16,8.519931945589e-06,-1.43995109554954e-07,4.08074556032529e-07,1.07605792008568e-05,-8.86621467884327e-08,-7.36308887104839e-09,-3.86843335142828e-16,-7.50600273348792e-16,-7.20390216573264e-09,-8.24039944473284e-08,1.08805016655294e-08,-1.25064960541987e-06,6.82940293956714e-15,-6.05612015376953e-07,-7.21147131000873e-09,-4.70477127185274e-16,-4.25009221757037e-16,-4.06087816832296e-16,1.56610120510537e-06,4.12347427848954e-07,-4.55405825159473e-07,4.15636209172359e-06,5.518072683711e-05,3.67685382139909e-07,-1.59722530157599e-07,-3.97077050081395e-16,-3.558981383038e-08,1.00529415716038e-07,2.45572622254486e-15,-5.78013872588298e-15,-6.45856408553487e-08,-3.92454052112062e-10,-3.87740825271792e-08,2.37789277094636e-06,3.90665498968522e-08,-1.64382544034914e-07,2.3748501033475e-15,-1.50596656145215e-05,1.95241915317202e-14,-1.91588542546584e-06,3.197854307746e-14,-4.53181651459649e-08,-0.707106781186548,1.91012680050164e-07,5.06501162677098e-08,3.60975199225678e-07,0.00261974850325221,-8.72998686534604e-08,-9.58645185327935e-09,7.27288821769255e-08,2.8378303345352e-08,1.53350517219958e-06,1.43370089386208e-07,2.94108650760517e-08,-8.4204816892721e-08,-1.63072071303098e-06,-1.33142060146298e-07,-4.10506377294238e-08,1.18992699717243e-15,3.8721911700142e-07,-6.71614288593514e-08,3.52341378847404e-08,7.24803701223377e-16,6.92617902151111e-08,5.05157266106461e-05,5.98034203153216e-07,-1.9601947466422e-16,-1.45398821738197e-07,-8.6842772417392e-07,3.51963396860374e-16,-1.02946628515587e-07,2.31947353230503e-07,2.91129927550417e-16,-1.3862948111026e-15,-8.54473516658522e-09,-5.1180423584598e-07,-2.92203032956725e-09,-4.06618334695776e-06,0.000133791443899131,2.70341472507388e-08,2.99668917244579e-07,2.54053489077968e-07,-1.02724594475504e-05,7.71951946809679e-16,1.17607893973565e-09,9.05258438517185e-09,2.50144926710036e-08,2.34365293089496e-06,1.87268366555138e-16,1.4973932854614e-16,7.71895385596153e-07,-2.34724029062077e-16,3.2557084666306e-18,3.30349714268923e-07,-4.86558739138632e-07,-9.10963044137172e-08,-5.41078342788743e-08,2.33877301074533e-06,6.10991623575415e-07,1.89357082561845e-07,-1.5422779507489e-17,4.37944770735271e-07,2.04723880562508e-08,9.39720012250837e-08,-8.49867096008804e-08,3.37079432294165e-07,-8.12671065293538e-16,1.52940490811231e-16,-5.43002894661334e-16,-3.3433955087059e-07,-1.83702680144858e-08,-0.000623923331484847,2.83475684182245e-16,-1.05909520050205e-08,-1.19952361955774e-15,-1.3981322127928e-16,1.78624873506081e-06,-1.18170645813597e-05,2.01011082778813e-16,-1.0734234249808e-06,-4.97921718767232e-08,1.23746384327168e-15,1.12919225789846e-07,2.17363495284264e-15,4.45901934833079e-07,1.45527795824398e-16,4.44945303391281e-07,3.46423535919164e-07,1.25460737613173e-08,1.31445192305157e-07,9.03619302218755e-07,-4.09251035926681e-08,0.000625148881114868,-1.13066464175266e-16,7.26143247367795e-07,-4.10503071482279e-08,1.76322229614068e-16,-5.41771473530772e-09,-1.1069071104268e-07,2.57657991813859e-08,3.31207808738543e-16,8.3043727027208e-08,1.09935661582826e-07,-1.88964898488869e-16,-4.90517567343695e-06,-6.7465955521405e-07,-3.16844319974044e-09,2.63724983733683e-16,3.16529647540944e-16,5.68448462981409e-08,1.93584744641479e-07,1.56658394843151e-08,-2.28068625763491e-08,1.15407602110336e-07,-3.2080607056119e-16,-1.09120850689108e-16,4.21548726149901e-07,2.90590061076912e-09,5.65595456412343e-17,1.01971963010414e-06,5.91275456926764e-17,4.7580381141277e-08,-1.95526097884194e-07,-1.14252879988781e-07,-7.57685671137626e-07,-1.94321051809873e-16,7.4516875577225e-17,5.66856851610907e-16,2.2846270271292e-16,-5.50387981104127e-09,-1.90960181013878e-08,1.73354726476194e-17,6.93902128324002e-16,2.15286229222328e-17,2.69029053737656e-08,2.41860847296124e-10,-1.33315531621067e-08,-1.41624491407265e-16,-2.34187669256869e-17,2.52619106189123e-16,-5.74044151467616e-07,1.75682083180827e-08,1.1689107527316e-17,3.08721455230548e-09,-8.08141060911325e-08,-2.90539751712209e-16,2.2376789490855e-17,-6.20065676944254e-07,-5.73165157945918e-10,-3.07597210951141e-07,-9.12372110250224e-18,3.1347896621491e-08,5.99746530365725e-05,0.000263409059372478,-4.91076565388926e-07,-1.19481384951495e-07,1.94820226878782e-09,2.33075649978006e-16,2.68621362867548e-16,-2.07697985290232e-16,3.72338230208375e-08,-3.37142839868312e-08,-1.40788116630807e-07,-1.00285705397923e-08,4.55407653056767e-16,1.21986614475814e-16,5.2851707732765e-16,-5.21827646280155e-16,-7.50782623266731e-16,4.79877302987445e-08,-2.44578058524989e-17,3.37227744934131e-16,-8.60637022129356e-08,-1.22190497774346e-16,-7.70452611351008e-08,1.94886481055319e-19,-9.55263029964288e-08,2.43982940180106e-16,-1.1587217483554e-07,-1.45069916066737e-08,-1.19680344028462e-07,4.53493104362141e-17,4.66342409983879e-07,-1.04383668584792e-17,1.71174841400907e-05,-1.05573061785498e-07,5.84301894377746e-10,-3.15870803342232e-17,9.43365576619611e-07,-1.05352888221705e-17,-5.98799403913987e-06,-1.18428482809436e-07,-2.53844574314196e-16,-7.28001669140628e-18,-2.05075442003554e-16,-1.52439251394169e-17,-4.40405758864665e-09,-5.7366766942844e-08,-1.28141553164358e-08,-7.16807205696683e-17,1.06993467626234e-16,-1.2275600100232e-08,1.00142678111353e-07,-2.3462794495079e-16,1.19005400956978e-16,-5.86300650615977e-08,1.24080456448124e-16,-4.15702795061986e-07,-8.95057537949981e-17,3.55771931741101e-07,-1.18868789797547e-17,1.75225430421378e-16,1.38348798219613e-16,6.24889355899636e-17,9.65331466475307e-17,7.71704845476842e-17,6.87732975866377e-09,-4.81057959630387e-08,-4.86428830483799e-17,-3.23897226000074e-08,0.000155404706649033,-2.49992552403309e-16,2.95472688469815e-16,1.15452383065515e-16,1.87505483576243e-16,1.31330049633845e-07,2.10327789843992e-08,-1.40215371645516e-16,3.58487373636226e-16,-2.78432884947388e-05,-7.68661724666283e-08,-1.16791727643578e-09,-4.89802224411831e-17,9.3290678276714e-17,2.2911062340839e-17,-1.83408687367693e-16,4.24124702821892e-16,1.90663711656571e-17,5.0579095668918e-07,-4.78532939367711e-07,-9.20412319617691e-08,-1.34678420563779e-17,-2.57663679956125e-17,3.95981779280562e-16,-1.80481671275333e-16,-3.32227297924893e-17,2.80002937965843e-17,1.25402864497939e-16,-1.92046368355042e-16,4.6386652092137e-17,2.23382167826222e-17,1.32493523010371e-16,8.97644926177536e-17,2.3078329758248e-17,-6.0271105106739e-17,4.59375789586178e-09,2.51794530909298e-17,-3.08496940136752e-17,5.51256401219783e-17,6.50577801322881e-08,-8.64713739528572e-09,-1.04386817359853e-18,-1.67935147561782e-09,5.95009618968825e-08,4.14793627493572e-17,6.74562886402179e-17,-1.14815755985716e-07,1.37771941834178e-16,1.4673086054113e-09,1.82993980837484e-16,-5.8336003681342e-17,9.6094254688889e-17,-2.98489418183372e-16,1.58544649310754e-08,-1.9743550162657e-07,1.57919200844255e-16,9.32696329433738e-18,-8.55510005450126e-18,-7.62456639360834e-17,1.85398571495021e-16,-9.93160531998945e-17,3.89016661389219e-17,-2.83403337397543e-17,2.38587990948346e-09,-7.54104310807867e-18,1.12426751288038e-16,6.56902329468229e-17,-1.20269379718048e-16,-8.46281699846465e-17,-2.62168809347885e-16,-8.31328720098021e-07,1.22679314774557e-17,-1.68148673048946e-16,3.51245043608307e-08,-1.40710919816322e-16,-2.10518582975736e-16,1.14003741844504e-16,5.62712603615503e-17,2.93417137758865e-08,-1.20939617158137e-16,-2.38684120324824e-07,-2.09781570934588e-17,-6.82256213953702e-17,-2.33623742049649e-16,-2.11045035071987e-16,9.31396920789128e-17,-1.45878247318794e-17,8.62901484811724e-09,-2.30138642905728e-16,2.01151899224266e-17,4.4246539632105e-09,-1.07765048737915e-06,4.34118358616403e-17,1.20890514693602e-06,1.1060747947098e-07,1.97290816266528e-16,-6.52917295333447e-17,4.123849599904e-17,5.39932777040356e-17,-2.31490111384933e-16,-1.86073727043057e-07,4.5274810825427e-17,2.56501670609559e-16,1.39389036215364e-16,7.45235863761374e-08,9.94021420228841e-17,6.73668870483715e-17,-1.28853987251162e-16,-1.23835761914434e-16,-3.3970881368838e-08,3.18191671282893e-16,9.28608642648098e-10,-4.26190897889267e-17,4.99022061731247e-18,-1.44018791099206e-16,1.21391692630446e-16,-9.51302957002512e-17,4.24069296085983e-16,-4.98654327018984e-17,-1.6126330562209e-08,2.69756865384515e-16,8.33382131907797e-18,6.78123249174665e-09,-1.58125179682327e-16,6.58933177738584e-17,-1.45210026072777e-16,-7.06843331864405e-17,8.14298979641002e-17,1.26416982161617e-16,-4.91950106269946e-08,-3.01508990409096e-16,3.92115718942912e-16,1.46536040622634e-08,3.96186983376345e-17,-1.34666807684547e-16,-3.83302593225997e-17,1.76679602929636e-17,1.69570856453776e-16,-7.36380294028365e-17,6.34301570108885e-17,2.4134122489138e-17,-9.3545479944702e-18,-3.76385557823135e-16,-3.44845380771804e-17,-7.69713647423473e-09,2.55278618992305e-08,-2.11910357008287e-17,6.12186774696877e-17,1.62146902713393e-17,1.28028138518325e-16,1.50378841323739e-16,-2.67455395913534e-17,2.50286078749445e-16,-4.34351371604111e-17,-1.10261179916549e-05,-5.28224447931586e-17,5.92904000122886e-17,3.18334516786532e-18,-1.13262174718883e-16,2.83672749989871e-09,-3.63592591548302e-16,-4.50188008304708e-10,1.27400055901706e-16,-1.60547785518737e-16,-7.83344580669775e-17,1.08303287544684e-16,1.69411998051146e-17,1.54033672379896e-16,1.56252132141104e-15,6.5507112781713e-17,-1.29926978916212e-16,8.38079115248441e-17,-2.12380477745548e-17,1.0149884936019e-17,-3.19636858957146e-18,-7.03614232080792e-17,1.09032627736526e-17,-1.11258224339722e-16,-8.36271783980193e-17,-7.16743905781526e-17,-9.02206933174088e-17,-1.87740585540305e-16,9.86623976961809e-18,-9.15539133172668e-17,-6.71056614084332e-17,1.45576076146179e-16,-7.18016131817752e-17,2.36185227830733e-09,8.80557644299496e-17,-3.7648098724559e-17,6.36534611397436e-17,-7.32739796227256e-17,1.14845418666713e-17,-6.23891978199889e-17,-9.23741864472011e-18,-2.46834337716698e-17,7.33635876876484e-17,4.14200787509187e-17,-8.7061434450586e-17,-6.22822143467172e-17,-1.41599563432831e-16,4.5145510405737e-17,-1.61907101522428e-17,1.09545554566337e-17,7.52903257379971e-18,-3.04574299980573e-08,-3.92207546047658e-17,1.26435317103535e-16,-4.80640862550363e-17,7.77900412137382e-17,-5.70275500305987e-17,3.35907506870197e-19,9.0826662841595e-17,1.21833452728123e-16,6.53025174221149e-17,1.03380133864492e-08,1.06383159719329e-16,-2.28084547341188e-17,-4.63160827976035e-17,7.59168469937868e-17,-1.48439329419266e-16,2.97042284890342e-17,1.89346697179132e-17,2.09908088345069e-17,-8.02358829986215e-17,-3.2547499228228e-17,7.1857795030364e-18,1.21316129722237e-16,-5.69859693648505e-17,3.26912209039183e-08,7.12235625093969e-17,3.35510476915248e-17,2.17348925934398e-16,-4.98732999343332e-16,-8.97213053510915e-09,1.17267426933145e-16,-3.43092355926412e-17,1.32553196899163e-16,1.56956614102896e-17,-2.29565105288508e-17,-4.98779706233006e-17,2.24173393019283e-16,3.13889386279571e-18,2.27220938116204e-17,-9.04834229123401e-18,1.06734084681652e-16,3.83031508277231e-17,-4.17971351137874e-17,-5.22671253303401e-18,7.72216057472556e-18,8.81161932165878e-17,-2.07816091715567e-16
"t138",0.0263157487106909,-0.0024476239330057,-0.00216344966917784,-0.000340311768440891,-0.0113189567587539,0.096427244803245,0.0164375311354898,0.000105142831067942,0.0249408809090624,-0.0190135252510992,-0.00351654871254783,0.00259566937871643,-0.00499108791548983,-0.00103891373451206,-0.0268140208660566,0.000594144514058792,0.000420821077310088,-8.7508084116829e-05,0.0033226959245839,0.000535401787993835,-0.00013005907392108,6.00498782492303e-05,-0.00202321490586389,0.00034719104962269,-6.31676665365927e-05,0.0889979861871702,0.00472623260003597,-0.000249738217289987,0.000573919031032956,0.00104994119169697,3.43528262750752e-05,-0.00137126261805579,-7.3548952766365e-05,0.000634776772493029,-6.13638249534066e-05,-3.15827772592186e-05,-1.41609738250922e-06,-0.0820414731556273,0.0003547874328357,4.74586814141937e-05,0.000107050088556877,-0.000170242279398396,7.59451631657422e-06,-0.000128616791617736,2.67362381124268e-05,-4.52917391575354e-06,7.85062747135005e-07,-1.12567201005274e-05,0.000139711535651979,-0.000237438590226131,1.13362690320577e-05,-9.49262088373398e-06,1.78546936806529e-07,-3.25938234510114e-06,4.27831217504474e-05,-0.00180942463862397,-1.34263792132168e-06,1.88501966327271e-05,-7.43218485460155e-05,1.61059678566172e-06,2.37612189855052e-06,-4.04489718310835e-05,0.000106403696107812,-8.26461665743711e-05,9.36080145834083e-05,-3.1401540564036e-05,4.77417823486505e-05,-0.0390707428991383,0.000436158240869244,-0.155505019455097,-9.17457343397243e-06,1.68387884353324e-05,-0.00102091734315388,-3.40890895204823e-05,1.42561568279461e-05,1.30369498198842e-06,-0.000121563481249556,1.80198193753565e-05,-0.00105467056465524,-0.0378306924627964,-6.19109963261134e-06,-7.65644209653278e-05,-6.78593572438816e-05,-2.94798550461303e-05,2.36032077371852e-05,6.22634722056959e-05,-9.05123154400808e-06,-1.59053730437767e-05,-3.134939209786e-07,1.19297611950514e-05,-2.87830469845717e-05,5.84145390990568e-08,0.000553242515312654,-2.38315213309708e-05,-3.14488272360704e-07,-4.00885701808942e-07,-4.1284442905078e-08,-1.88305966250853e-06,3.30778891757092e-05,0.000364749854325882,0.00703681247329927,-7.66560082847314e-06,0.113875892851202,3.03107891442776e-05,-1.39944552807319e-05,3.24497960736841e-06,-0.00291643426182224,-6.96455851841392e-06,7.94310626599203e-05,-3.29669459917708e-08,-3.26177088033194e-07,1.7533400285217e-06,-5.340690197173e-07,-1.37074671627167e-06,6.80513947182843e-07,-5.41982376059545e-06,0.000120482740959399,-0.000368835414149698,0.201394254336859,0.000259134822853673,-0.000101046475729723,0.000120031253634756,-0.00146315879908443,-0.00548160570434141,-1.05212330687026e-05,-8.50332704104535e-05,8.90334605388194e-06,-0.000105083288209635,0.000200618966104409,0.00698454559814679,5.18646189868731e-05,0.000786069218810466,1.96950625962124e-05,-0.000213448034780951,-1.01535766178091e-06,-0.00202172739934409,3.68251306086397e-05,3.05101173655853e-05,-0.00033337421044944,0.00118371314526314,-1.78145454846352e-05,-1.75567377539948e-07,-0.00032871508078012,5.1893451316982e-05,1.68069492554813e-08,2.85737936573205e-07,5.52421998288522e-07,-8.25913577634785e-07,-4.24733461004656e-08,0.000162952191575868,4.68269754727666e-08,1.43590811673643e-07,1.85992821585966e-08,-5.38563449663709e-07,-2.60297709055452e-08,-4.07425712439881e-08,6.51307643655364e-07,-3.03896900104193e-07,-9.069663811083e-08,-2.66396665518965e-08,-3.42044365335389e-08,1.99805949931628e-09,1.20463035205836e-07,2.01391734622109e-07,-2.66849554287627e-07,2.69991073362865e-07,-8.29071211079216e-06,-1.44304751869956e-07,-7.20748683521503e-06,-7.71968318016411e-07,1.42086395256187e-06,2.52536724874224e-07,-3.36487721328998e-08,-1.16180027079945e-06,-2.39652971163243e-07,-3.57512564911796e-05,-2.1766116485648e-08,9.59289831152069e-07,1.02735847347123e-05,5.12776494505028e-06,-2.08280747905823e-05,-5.784659626123e-06,1.21722101252729e-06,4.86427392011807e-09,1.47241279230191e-07,4.19159809265143e-08,7.29916331294587e-05,-2.11361586431035e-05,-9.55446287271006e-05,9.89445397800835e-06,4.29085029656803e-06,-2.15007793680928e-05,-0.0330421577479583,4.54804800983427e-09,1.5027120976544e-07,1.50292493463791e-06,3.53228461992305e-06,2.79751718419454e-07,-3.18185307513981e-06,-2.10628428502025e-06,-2.12732056755091e-06,-3.37509487254501e-05,7.48645852526326e-08,1.39623985608374e-06,2.39606053848097e-05,1.02812097220446e-05,-1.65986300741021e-05,-7.77775744470986e-06,0.000140944131735959,9.21695354983761e-08,0.000706922513643088,-1.03915411616974e-05,5.53402977066667e-05,9.90514968971377e-05,5.72103237597421e-07,4.4041673346358e-06,-1.44041371089313e-06,-9.5470196564192e-07,3.24257626002861e-05,0.0833414585705595,-4.71203459116233e-05,-4.58328391147203e-05,-1.16362978511137e-05,-5.61431756925053e-05,0.00595501734184369,1.39196988076003e-05,0.00176260630952181,8.44470344737896e-06,0.00020427667077798,0.000209944752121992,-5.92603677778105e-05,-1.4245586312568e-05,-0.000115364013504207,-0.00694218647688055,1.87548951792873e-05,7.11820967404712e-06,0.934310743573096,2.02142049393983e-15,-2.19518909392796e-05,0.000263449447032569,-2.71650097165137e-05,-5.98210083024144e-05,-0.086503659107142,-4.00801576278118e-05,-8.56532512618353e-05,2.28335803854421e-05,-4.3050254655247e-06,2.71760643963111e-07,-5.22473733896229e-06,0.000568060514588072,-1.44068023310627e-06,0.00015191948822261,-0.000107981091142761,3.91464843455861e-07,-2.39718750499841e-08,1.08383661915302e-06,-9.21056994855365e-07,1.4397633315891e-05,3.40252734278148e-05,-6.26793586751005e-06,1.17222805298923e-05,-2.14885110258246e-05,0.000242000454218099,-1.43079189536264e-05,1.44430174589912e-05,-4.8789282381401e-06,8.78050496600799e-08,0.000360541299574424,-5.79810896817419e-06,5.45641140137427e-06,1.77962269290876e-07,-4.60653101536431e-06,4.627750492099e-06,-5.5201807850483e-06,8.85490149050258e-06,-1.73988141105046e-05,1.44394744214828e-05,-1.1763866964431e-06,0.0210543137024484,6.75897337838558e-07,-5.38177251592717e-06,-5.55573834442532e-16,-3.28570146510347e-05,-1.19756582628861e-06,-1.53103459003733e-10,-1.5314676181955e-06,0.00261507076834649,-2.40186994752886e-06,-4.18071980587425e-07,4.98042689262021e-08,-2.29590557497407e-06,0.000136427528954572,3.02304082619891e-06,-2.29790955916934e-07,3.41440728237853e-05,-4.1185145166993e-05,1.12283341293419e-05,-1.92250697519774e-05,2.69036318236424e-06,1.0986864902765e-06,7.2390298725327e-08,4.37320876302863e-05,-2.32867296744328e-05,1.03443741707213e-07,-0.000936104785881416,3.53602042753445e-06,-1.28678459205294e-05,0.00135232829032645,7.79447317573952e-06,4.0411919036744e-06,-1.28731954482361e-06,-0.000248918320036958,8.36644047363144e-07,-3.83480484184569e-06,1.08291122782675e-06,1.00252218811723e-05,-1.92698538334515e-05,1.43509444211349e-18,5.58252249003584e-08,2.95003081925971e-06,-2.70882809504666e-07,1.58089755000997e-05,1.76007450503763e-07,4.1422864933655e-06,9.68533062039168e-06,-1.27461352107912e-05,0.00149236076978933,-7.66530540793665e-16,-4.03241936346338e-05,-3.30605872248156e-08,-1.4930224194286e-06,6.28079686665403e-07,0.046060195275435,-2.66717773448556e-07,-1.71201140346827e-05,4.91387395363582e-06,-2.17016448492347e-06,3.31781230624963e-05,-4.49000762131357e-07,-1.22332113976134e-05,-5.69669861849431e-08,-8.0650440772924e-09,-1.21701744799805e-05,6.42588128388916e-07,-1.31763449490606e-05,1.25612643978314e-16,-3.36440223508495e-06,2.63652776770484e-07,7.59820274287298e-09,6.64489926368953e-08,-2.44991373566857e-05,-4.97439796119236e-05,2.21428071894326e-06,-8.04343566031563e-06,-0.000127422018602876,-4.88408297328235e-17,-8.12773663059484e-06,-2.81910649909301e-07,-1.01521433478538e-05,4.64146999600905e-13,3.0703689583404e-05,2.40263801832984e-06,-3.66884073997895e-07,-1.54436796869684e-05,-5.12155158428836e-06,-2.72473089068837e-06,-8.63308375548012e-06,2.71374925085584e-06,1.91941379746815e-06,1.05993937343061e-07,5.8680773500233e-06,7.47758070895059e-07,1.45168353687467e-16,-3.16764828193638e-07,0.00143680514501052,4.41696370168629e-06,-6.80111217087528e-06,1.42301730423578e-16,-5.8166297587685e-07,1.06370142147335e-07,-2.88692248399078e-06,-1.714333192353e-07,-6.45677014016636e-06,6.03266678051531e-07,-7.94212482238923e-06,1.21697513216753e-05,1.00051422003003e-17,4.34752985112001e-05,-7.31261172184482e-07,2.0522144840405e-06,5.34141908211626e-05,-4.3967809815608e-07,-3.638365466178e-08,3.46944695195361e-17,6.89646560011055e-17,-3.4901104585652e-08,-3.92836284294953e-07,5.17686542972435e-08,-5.86994485115859e-06,2.84775018776787e-14,-2.76483764448817e-06,-3.25483962769799e-08,-1.86436783225013e-16,-5.69071388876009e-17,-1.84525783532071e-16,6.83955238131995e-06,1.79379242619595e-06,-1.95540106061193e-06,1.76588671500508e-05,0.000234159604751404,1.54360826812151e-06,-6.69733303156248e-07,-2.52098609741776e-16,-1.46232796313001e-07,4.1027549876985e-07,2.25763040715819e-17,1.78318594703339e-16,-2.57136779230751e-07,-1.5537748159661e-09,-1.52397545508458e-07,9.30174590436258e-06,1.51475189472461e-07,-6.36482842961199e-07,-4.72619681583945e-18,-5.82002578809419e-05,-2.32222597608713e-16,-7.36466420642287e-06,-5.12827627585644e-17,-1.73531713778295e-07,-3.1155852298538e-16,7.27909569077258e-07,1.92831576854105e-07,1.35745755060568e-06,0.00982669998591734,-3.27119011824683e-07,-3.57595674950091e-08,2.70256022003521e-07,1.0454445777351e-07,5.64894349816028e-06,5.26766144099682e-07,1.07559060798839e-07,-3.0608497592009e-07,-5.89832234574844e-06,-4.79737316988464e-07,-1.47639448948063e-07,-7.85381784414798e-17,1.38480925370531e-06,-2.38923199395311e-07,1.23570578880721e-07,1.74632768562027e-16,2.41954630720811e-07,0.000175447825342735,2.07202336728445e-06,-2.4737109337051e-17,-5.03144530048517e-07,-2.99067197285919e-06,-3.38828112377263e-17,-3.53698849608546e-07,7.86243187528767e-07,-4.09933027940185e-17,-3.43391480850278e-17,-2.88190925913607e-08,-1.72540917230422e-06,-9.83042055681607e-09,-1.36467276102056e-05,0.000446632144339721,9.02062654946183e-08,9.99279444420515e-07,8.41377312048622e-07,-3.38362101663421e-05,2.70942122904128e-16,3.86605762987672e-09,2.97478115688549e-08,8.21015331472763e-08,7.68117958218978e-06,-5.35635098249677e-17,3.30762235831058e-17,2.52489908431516e-06,-9.00206479097046e-17,-2.44202483674479e-16,1.06781784043137e-06,-1.56962305940436e-06,-2.93861583487563e-07,-1.73797459298345e-07,7.50796935558697e-06,1.96117578474528e-06,6.07323778562826e-07,6.16727540608221e-17,1.39312188298229e-06,6.50119185559118e-08,2.98248375163834e-07,-2.68979788262325e-07,1.06151387438668e-06,1.27608899731385e-17,-3.35108134934226e-18,-1.18709549092732e-17,-1.04549764373597e-06,-5.72735349872669e-08,-0.00194478525640764,-2.54028369718645e-17,-3.29183920813361e-08,-1.57169946054131e-16,-1.5748394864072e-18,5.4847523252921e-06,-3.62793766473609e-05,3.98986399474666e-17,-3.285937604797e-06,-1.52166906400805e-07,2.86716545926428e-16,3.43912609192093e-07,8.1144257693949e-15,1.35257036054507e-06,-1.54095916581772e-16,1.34918081768882e-06,1.05014535521586e-06,3.80200526190611e-08,3.98161015400035e-07,2.73445714317844e-06,-1.23389256030822e-07,0.0018752939379142,-8.1601494312629e-18,2.16477551274661e-06,-1.22298799339473e-07,3.98243951117126e-17,-1.6126629281773e-08,-3.28966722615087e-07,7.64659565801255e-08,-1.3836276101053e-16,2.45272197226615e-07,3.24392562234589e-07,2.853717016998e-17,-1.44558814131378e-05,-1.98704604060163e-06,-9.3107049568949e-09,9.87006098371772e-17,-3.30619931594357e-17,1.66156643763973e-07,5.64577037928428e-07,4.56674392586947e-08,-6.58479429365131e-08,3.32691413771294e-07,1.46900549947722e-18,3.42234033022312e-17,1.21393279573122e-06,8.36699323646e-09,1.02688715862035e-16,2.93086759676102e-06,-3.11031458212097e-17,1.36521075513068e-07,-5.59708737761141e-07,-3.27003707639869e-07,-2.16716807781358e-06,-3.45931688120433e-16,5.1908961742837e-17,4.97761152659512e-17,9.32779539447731e-19,-1.56515180395912e-08,-5.42782099651716e-08,-5.03619163562765e-17,-8.56376112431107e-17,1.87854846707471e-17,7.63384231611997e-08,6.85789648837919e-10,-3.77261089713109e-08,-3.63360688190672e-18,1.79869140415345e-16,9.02598308594182e-17,-1.61362492787018e-06,4.9372558879322e-08,-1.99896429938907e-17,8.65376841632018e-09,-2.26295398811474e-07,2.74505944792028e-17,-8.79181228369768e-18,-1.73208583240829e-06,-1.60076309598403e-09,-8.5785001961467e-07,-1.19831659325829e-16,8.72183853446412e-08,0.000166648847733443,0.000730601069544907,-1.35872529172338e-06,-3.30367488833312e-07,5.38019116303208e-09,1.62409339157024e-16,-1.18931447399428e-16,4.93517857025552e-17,1.02115116792055e-07,-9.2452898552938e-08,-3.85737813814954e-07,-2.73561107069873e-08,1.46594777282979e-16,1.8036285795005e-16,9.21571781889996e-17,-1.38344113306777e-17,-2.6104587771477e-16,1.3030567690203e-07,-9.07592964823398e-17,1.2409321674997e-16,-2.3328225009347e-07,7.36011456126024e-17,-2.08817320906659e-07,5.38031796858758e-18,-2.58865637943319e-07,-4.90187792080341e-17,-3.13039075048094e-07,-3.91634371472954e-08,-3.22733590769795e-07,1.16497742683447e-16,1.25583938166977e-06,6.29668377500272e-18,4.59596339850209e-05,-2.82368891673547e-07,1.56253063575989e-09,5.91068993316222e-17,2.51882534582078e-06,-3.37483218160116e-19,-1.59491683035941e-05,-3.15399430620381e-07,-1.1655728821632e-16,-3.55732036986911e-17,-1.54567097743459e-16,-4.91178954607981e-17,-1.17053903807494e-08,-1.52392433524791e-07,-3.40193714127348e-08,1.24427666774721e-17,2.07185564943892e-17,-3.24942996495033e-08,2.65049691788605e-07,7.52054978790334e-17,-8.70660397704441e-17,-1.54615960733896e-07,4.32535144732289e-18,-1.09542436361186e-06,2.01541249967793e-16,9.35417378706234e-07,5.86038048253078e-18,1.00961056556177e-16,-5.09012596647665e-17,1.27791465209139e-16,1.83274446584978e-18,-6.50724965357485e-17,1.80014389799805e-08,-1.25909772961579e-07,1.13003754922233e-18,-8.46436797366646e-08,0.000405854143154643,1.47705585237453e-16,5.37395304616011e-18,2.57931751979806e-16,6.24720337173819e-18,3.42027850521526e-07,5.4741050462911e-08,1.70450642052734e-17,7.53978194813148e-16,-7.24143277810023e-05,-1.99893463829134e-07,-3.03625559951605e-09,-3.46923251000054e-17,2.17824143680841e-17,-2.14205669809583e-17,2.26706219948145e-17,-3.91067224138705e-17,9.42770024398372e-18,1.30822536166704e-06,-1.23713568103051e-06,-2.3783924627907e-07,2.18787808366235e-17,-1.22739203892438e-17,4.02522714767211e-17,-7.90737276355921e-17,-4.39568146929378e-17,1.99652304749177e-17,9.04861685028094e-18,-5.7031302567247e-17,-3.18318138671408e-17,3.67316923220081e-17,1.6314603734396e-16,-3.90082345836698e-17,5.63790941799349e-17,-4.37963953828096e-17,1.17775069702392e-08,9.07450756588259e-17,6.65194933617905e-17,-5.37830816145746e-17,1.66623086778081e-07,-2.21413833267944e-08,1.57897564717573e-16,-4.29941854038598e-09,1.52139412820576e-07,-8.8829368770218e-18,1.13369031722901e-15,-2.9311335332754e-07,-9.47937399618515e-17,3.73870601345512e-09,-4.76737655026116e-18,-1.27207235213089e-17,3.4329109600471e-17,1.81754138379543e-16,4.02757033964462e-08,-5.01450773740074e-07,1.90492838124094e-17,1.47876137085398e-16,4.25115369798569e-17,-1.14645777875798e-16,2.14238349283136e-16,-1.83142066523294e-17,1.40590014298527e-17,5.30211062625427e-17,5.99688737921703e-09,-1.24799303916041e-17,-2.76682215844908e-17,7.85600378139831e-18,3.8737484385138e-17,2.54572182159305e-17,8.80332948467603e-17,-2.08489996854313e-06,9.17755734336376e-18,-8.18887270211408e-17,8.80532374854759e-08,8.66023374762172e-17,-1.02007602501575e-16,-2.87714387314836e-17,-1.80381341235678e-16,7.32061023579045e-08,1.3481461887874e-17,-5.94997982836535e-07,-1.2017091055933e-16,-3.74833755195621e-17,-8.46580581388822e-17,-3.82687367987125e-16,-8.06695532275828e-18,1.21954479836412e-16,2.1473359639053e-08,-1.34588129497466e-16,1.53231034255421e-16,1.09961688175859e-08,-2.67800234300139e-06,-2.08063610129727e-17,3.00074760130034e-06,2.7445198571258e-07,1.43780407729926e-16,-8.00456758634264e-17,-1.02582933093721e-16,1.45676724699317e-17,1.08966148579413e-16,-4.59280355270299e-07,-7.63498798676451e-17,-9.92961273584225e-17,1.58931461934238e-17,1.83696022395729e-07,8.11296516395919e-17,1.22883347737285e-16,1.91387063832065e-16,8.69326903285256e-18,-8.3586937293504e-08,1.01396311655776e-16,2.28362912996252e-09,-5.67871909455703e-18,1.19759360533032e-16,-1.08370357027177e-16,-7.2519808804477e-17,2.72217891160578e-17,1.09078023304957e-16,-1.71247325297459e-17,-3.95428291884968e-08,1.0908768704999e-17,1.56282789138406e-16,1.66160907461407e-08,2.73704763971787e-17,1.3447010675106e-17,-1.8096900408085e-16,3.02054644791276e-17,1.28273858119827e-17,-2.28577887297108e-17,-1.20271640606349e-07,3.33026235839514e-17,-6.06595061539084e-17,3.57889927500063e-08,1.14872268836853e-16,7.93832959855509e-17,1.2077266919161e-17,-1.32906736503329e-16,8.47078638011966e-17,3.6203088048756e-17,1.00674115318907e-17,4.17296619127579e-17,-1.60167021792686e-16,1.79803989364855e-17,-2.79074369709435e-17,-1.87294690886706e-08,6.20894784710456e-08,-8.53910439414673e-17,1.5201997218422e-17,-1.39949305636344e-17,1.04808005123743e-16,2.75604192245815e-16,8.93219753613681e-18,2.35021951099728e-17,2.54324978769949e-16,-2.67560579510789e-05,2.62014788824731e-17,-9.75676492185926e-18,-1.18437210531378e-16,-1.16423800030676e-16,6.87015353445384e-09,9.79227884302473e-17,-1.08789256593577e-09,-1.03372035970719e-17,3.941137027069e-17,-7.84894180925345e-17,-5.12510330792283e-17,7.08551141081105e-17,-4.50190163042382e-17,3.80847971876635e-15,-3.1959267695947e-17,1.86746222039227e-18,-1.08392368820962e-16,2.50501298982591e-18,1.43082144170767e-17,2.73877402825885e-16,-7.41960830918295e-18,1.0252305414791e-17,1.90946964269807e-16,-2.33272447062717e-17,-1.08287076782291e-17,-1.29360231386294e-17,-1.70384871152009e-17,6.84131570838353e-17,-9.49513547937649e-18,3.89480695031393e-17,1.80119276303925e-17,-4.33136936541357e-17,5.66172277285856e-09,1.91162474944223e-16,9.27924355685141e-17,6.65015954516911e-18,-1.16816624583519e-16,-1.06197646637466e-17,-3.70436355028271e-17,1.55071132653737e-16,1.33146543887397e-17,3.47360227245617e-17,-2.25647231877717e-17,-2.98155597433514e-17,-3.54734393617268e-17,1.16042947562716e-17,-1.99544681723967e-17,1.22172110361593e-16,-8.07642103317275e-17,-5.28302886846402e-17,-7.26194908844594e-08,-3.49942479673666e-17,-2.48644532215531e-17,-2.34422579613107e-17,-2.43381451129877e-16,-1.64336011722744e-17,-1.01383184086464e-16,2.83273037280349e-17,-2.0688765186103e-16,-1.78475432394305e-17,2.45138142315665e-08,1.3318870529696e-16,7.2708114929265e-17,-5.01464695070061e-18,-1.61639481950061e-17,-1.34235796981005e-18,2.31799935699865e-17,-2.87927677179713e-17,2.40574365664023e-16,-1.81771981576499e-17,1.53514758093729e-16,-1.62240154037784e-17,-1.75323168059918e-17,-4.84722937405677e-18,7.70960398892104e-08,6.07708958421357e-17,-7.38133170642511e-18,-1.4506474432408e-16,-3.51932025188795e-16,-2.11056731992574e-08,-1.32323334608554e-17,2.95967133686568e-17,-7.39206225693685e-17,1.58922768259447e-16,-5.23277998430263e-17,1.43609937258692e-17,1.16546203979709e-16,1.650709163306e-16,-6.09547183758359e-17,2.59228525024524e-17,-9.55486798566078e-17,5.6397180851426e-17,8.3618408425772e-17,-1.70219053948702e-16,2.89692524849783e-17,2.5358652158217e-17,-1.98007330438438e-16
"t215",0.0263804371149338,-0.00246037329240338,-0.00217508721661644,-0.000342774236945471,-0.0114195629362623,0.0974358722181032,0.0166129150868707,0.000106355947546854,0.0252821525930401,-0.0193308142285471,-0.00359166164920106,0.00266465277353516,-0.00512782045758888,-0.00106782943417825,-0.0275947122506602,0.000612525833075616,0.000434170450916746,-9.03375250829771e-05,0.00343277931438683,0.000554781451989058,-0.000135180907057677,6.29507849414454e-05,-0.0021269884892432,0.000365111095346374,-6.64421789044634e-05,0.0938553392562962,0.00498756852873179,-0.000263685167841,0.000606928674560802,0.00112276835110909,3.69174995481388e-05,-0.00147902961337374,-7.98180260630447e-05,0.000691914102035245,-6.72236583708582e-05,-3.48906319054815e-05,-1.56669928738919e-06,-0.0909356257990471,0.000393569456359704,5.27410062388679e-05,0.000119387494219639,-0.000190452462300462,8.512832085286e-06,-0.000144192540889882,3.00447390118833e-05,-5.13516025475166e-06,8.92589375587097e-07,-1.28154707064482e-05,0.000159655469456059,-0.00027245496086513,1.30812897405472e-05,-1.09830244934514e-05,2.06660942571905e-07,-3.78530375323271e-06,5.0021191525008e-05,-0.00211772689353015,-1.60197881916998e-06,2.26154472912697e-05,-8.92265119993007e-05,1.96086244616352e-06,2.92502252563986e-06,-5.00739577702725e-05,0.000132335315551321,-0.000102909103663942,0.000117598836126585,-3.97742826139308e-05,6.16222771836606e-05,-0.0508776655783547,0.000570334537581967,-0.204904340179752,-1.26247485436587e-05,2.404191474143e-05,-0.00146644054990966,-4.9593839485422e-05,2.07741311407036e-05,1.91056762326195e-06,-0.000178558951405547,2.67726519397316e-05,-0.00161015291300376,-0.0584272184480157,-9.7606063030824e-06,-0.000121265546977791,-0.000111354617221741,-4.8926798462181e-05,4.1287776476777e-05,0.000110628023534892,-1.63481667400898e-05,-2.88063024494942e-05,-5.68175885071943e-07,2.16604174635236e-05,-5.26018834915505e-05,1.1416385293974e-07,0.00108853693031074,-4.92073399722077e-05,-7.16172161624745e-07,-9.28395009494151e-07,-9.56855156288132e-08,-4.56872278206774e-06,8.1729277720138e-05,0.000972281527352449,0.0201583713394748,-2.21126774519485e-05,0.331110566746444,0.000158612470878216,-7.93285758872526e-05,1.97232747632724e-05,-0.0204885122976807,-5.12487637573258e-05,0.000639638086028617,-3.11939915121555e-07,-3.27990686166609e-06,2.92017893742371e-05,-9.70236135780567e-06,1.81259144255709e-05,-6.18345026735874e-06,2.75147246317227e-05,-0.000497172361347277,0.000933021202954235,-0.334451428988306,-0.000314109546701175,0.000101731016721377,-5.65524363634195e-05,0.000318001841131245,0.00114358940784,1.85641594421432e-06,-2.61398693006173e-06,4.13290054951734e-07,-2.07466586551054e-05,0.000110226196283091,0.00386171060958341,2.99723983999084e-05,0.000606586057218868,1.59061655945896e-05,-0.000177877897051433,-9.51029416291965e-07,-0.00192218382815703,4.28382510336493e-05,4.07770009977155e-05,-0.000529448235189258,0.00188880375437199,-2.92474330351833e-05,-2.92442298024083e-07,-0.000560401628226331,8.92563064282879e-05,2.8911241373391e-08,5.23700877601273e-07,1.15036306691625e-06,-1.96884435494024e-06,-1.0486350033408e-07,0.000435782804075525,1.26049832156446e-07,3.9897077634907e-07,5.26687248080525e-08,-1.55885698335588e-06,-9.3897196106463e-08,-1.52847045583742e-07,2.51430059552996e-06,-3.2849439291713e-06,-1.73524345625754e-06,-5.78196993625491e-07,-2.91259846934043e-06,4.27432364122541e-07,-3.0221742253324e-06,-4.44475227799602e-06,2.98416339328767e-06,-2.03459474734086e-06,3.1561819894029e-05,5.39635284406345e-07,2.68307293225778e-05,2.68935748571478e-06,-4.60092131368033e-06,-8.09468594731434e-07,9.4554271478996e-08,3.14126115912887e-06,5.98504212185709e-07,8.76236719457224e-05,5.28419123292193e-08,-1.9759751545088e-06,-1.81927625415247e-05,-8.86067879884703e-06,3.51728606219625e-05,9.1452653786023e-06,-1.87747476324128e-06,-7.32644185404372e-09,-2.16920538221229e-07,-5.74566296954098e-08,-9.83273797365501e-05,2.46651121299651e-05,0.000110989439581397,-1.09822424076886e-05,-4.22285809715415e-06,1.92416814948966e-05,0.0286406662261207,-3.76185791382901e-09,-1.20091350915571e-07,-1.08683029018758e-06,-2.50066583778872e-06,-1.89427317553928e-07,2.10749915804579e-06,1.18177627503839e-06,1.18447468494282e-06,1.75497485337804e-05,-3.64235406796148e-08,-5.80338829771417e-07,-9.95190976429781e-06,-4.20909922133003e-06,6.50261297368495e-06,2.95531619443675e-06,-4.93852052383096e-05,-2.92056811722592e-08,-0.000206498355870075,2.95976737077044e-06,-1.40496330704868e-05,-2.35684046810584e-05,-1.35892747404881e-07,-9.94010654933216e-07,2.84750608529085e-07,1.83887713116766e-07,-5.41671687192129e-06,-0.0125620600370052,6.84768323995053e-06,5.69376526508776e-06,1.39022968719511e-06,6.42128377967439e-06,-0.00059250171232041,-1.34477704068428e-06,-0.000169047688874863,-6.83759913691624e-07,-1.47890905943031e-05,-1.32837586193766e-05,3.51226244170985e-06,7.86459924304191e-07,5.93893543142913e-06,0.000350147615248882,-7.70353830162012e-07,-2.52517121585867e-07,-0.0276553606828495,3.46737464444285e-18,4.72127062670915e-07,-5.25196055395534e-06,2.57127008071925e-07,1.10511007035856e-07,-0.000359326499664982,-1.80618255521989e-07,-1.28522974362391e-06,3.81205782632164e-07,-7.51935554647333e-08,5.73286018712667e-09,-1.22748077196276e-07,1.57709939490145e-05,-4.26603346176552e-08,4.6131814872196e-06,-3.71627569615259e-06,1.95764914437742e-08,-1.3194494290561e-09,6.40061077660032e-08,-6.19386465065968e-08,9.76214180060282e-07,2.48681790888811e-06,-4.75801909762136e-07,9.3513384040923e-07,-1.73998925550645e-06,1.98946585876609e-05,-1.20029359591041e-06,1.24656828234771e-06,-4.22418520994723e-07,8.1079064472987e-09,3.33378195516945e-05,-5.36947612570491e-07,5.13329218515844e-07,1.68381931293982e-08,-4.43599464635772e-07,4.47065272772372e-07,-5.83479336015234e-07,9.43959853938163e-07,-1.86700404775349e-06,1.57213493235732e-06,-1.29510408614767e-07,0.00237273668258393,7.66592312304096e-08,-6.13409814992894e-07,1.39678226063039e-16,-3.80596729626865e-06,-1.39001753000718e-07,-1.788642240105e-11,-1.81532360310436e-07,0.000313588192374058,-2.89529905543731e-07,-5.0523001790383e-08,6.19525606485414e-09,-2.86063567815622e-07,1.70059936143506e-05,3.79541348358256e-07,-2.93652695518526e-08,4.37502550191816e-06,-5.2867329820604e-06,1.44937535034153e-06,-2.52241375980254e-06,3.54623139878175e-07,1.4485386410899e-07,9.54478448463503e-09,5.80009769944796e-06,-3.08102278335698e-06,1.36725627946567e-08,-0.0001235090088456,4.65316923070512e-07,-1.69178295514177e-06,0.000176105469364665,1.01415100551278e-06,5.24946000961448e-07,-1.67027532717265e-07,-3.216645582546e-05,1.07587457937393e-07,-4.90705935569039e-07,1.38254995749402e-07,1.27474995333814e-06,-2.42733122499816e-06,1.44195994476324e-16,6.46058359328347e-09,3.37371931034811e-07,-3.03811379584722e-08,1.77198793883553e-06,1.9715447664088e-08,4.61605012134331e-07,1.06835923928387e-06,-1.38785944348646e-06,0.000157700200143425,-4.32054596829081e-16,-3.83413023068694e-06,-3.07754641122501e-09,-1.3074205142829e-07,5.44811662913948e-08,0.00106149275549889,-5.06188697310191e-08,-2.0052459425259e-06,5.25597170278696e-07,-2.06141438350929e-07,2.88620674094992e-06,-3.69469902810184e-08,-9.74788792363013e-07,-4.4475310903183e-09,-6.06540176265914e-10,-9.11419011356784e-07,4.68123184764728e-08,-9.38920230921344e-07,1.18201580962642e-16,-1.98614147036264e-07,1.48700166130097e-08,4.28340574179552e-10,3.23358905018204e-09,-1.16288583570735e-06,-1.5973401745538e-06,6.08285523557766e-08,-2.13472921436354e-07,-2.92673591949619e-06,-2.47864519948121e-16,-1.52825425101607e-07,-4.85628891435096e-09,-1.13799449267986e-07,4.96903140742645e-15,1.37179258920555e-07,6.82835868471895e-09,-7.31487985551575e-10,-3.54077524636105e-09,1.41657889505984e-08,1.37494980513863e-08,5.91275377800209e-08,-3.33450724951252e-08,-2.48416824847456e-08,-1.77877961790379e-09,-1.3916154127268e-07,-1.80024182615609e-08,-4.84544851937159e-16,1.21552525926395e-08,-5.88463388022502e-05,-2.06509909175498e-07,3.79750189665101e-07,-1.5751406076676e-15,4.4590783889228e-08,-1.08792127538658e-08,3.30957014132302e-07,2.06736321135342e-08,8.25792265957885e-07,-8.56299747149217e-08,1.32008163386302e-06,-2.86269699408554e-06,1.15670372359041e-15,-1.34482101643321e-05,2.31437448917535e-07,-6.81024643097115e-07,-1.8914700336142e-05,1.56468618434502e-07,1.31854502203559e-08,-4.92661467177413e-16,-9.43295886704658e-16,1.40292787859539e-08,1.72603831813663e-07,-2.2998105901382e-08,2.82229486091311e-06,-1.67578841059236e-14,1.57932165403453e-06,2.00730288645088e-08,1.24407505172838e-15,-3.61922513938889e-16,-1.31023638462706e-16,-5.38002118571229e-06,-1.4563482260078e-06,1.77346900321087e-06,-1.76329974409472e-05,-0.000236504728215144,-1.73322253070256e-06,7.61419276423802e-07,-3.72225632642789e-16,2.08883885971669e-07,-6.38547006169272e-07,-4.90980980759558e-16,2.51023145022094e-15,5.83117502752873e-07,3.90981716207238e-09,4.4596350795116e-07,-3.03957314537668e-05,-6.28559560050493e-07,2.75678733637704e-06,2.92739098317679e-15,0.000267923672346189,-6.52769894226014e-15,4.11470460719854e-05,6.76433735413706e-16,1.14328371160371e-06,2.26990820379368e-14,-6.1522405574654e-06,-1.72636562363527e-06,-4.76215551466402e-05,-0.835003449558051,6.71143859257177e-05,-1.46091265476256e-06,5.50008936267501e-06,1.00873935866211e-06,5.42615559606781e-05,4.38536248921926e-06,7.23775106931019e-07,-1.65329366093003e-06,-2.74955896500448e-05,-2.02561833556063e-06,-5.96367190288536e-07,2.25881270282634e-15,4.94943661605034e-06,-7.72071860385758e-07,3.1935175277907e-07,1.99821442060003e-16,5.93404827789553e-07,0.000400691702985974,4.60162711799478e-06,1.42905940362783e-15,-1.10200151841143e-06,-6.21882612312716e-06,-8.84497826643737e-16,-7.18130451478923e-07,1.40936801164291e-06,-2.83827138995418e-16,1.06795199658188e-15,-4.95598591977126e-08,-2.95662882898736e-06,-1.65724850319375e-08,-2.25848352914169e-05,0.000710680672652485,1.43071373320933e-07,1.57771084126101e-06,1.26771976028472e-06,-4.92397360942208e-05,1.44296467136096e-15,5.55650162716666e-09,4.26654287061115e-08,1.16897900217404e-07,1.08429571856221e-05,-4.22198126606316e-16,-6.23816578732486e-16,3.52346544853011e-06,-6.71836986715555e-16,2.99813726162928e-16,1.39552318713747e-06,-2.03031973645552e-06,-3.80031228822594e-07,-2.19966646937678e-07,9.47564213274186e-06,2.47366762425346e-06,7.63075557362595e-07,-2.85507366633781e-16,1.68388341580856e-06,7.79734488240642e-08,3.56808597723824e-07,-3.17854374636338e-07,1.22779732231563e-06,-1.05996604267687e-15,6.28594602295508e-16,5.46756309637751e-16,-1.17504431990996e-06,-6.36213007733561e-08,-0.00215844334316427,6.78543229377368e-17,-3.6139072734597e-08,8.47758619988907e-17,5.1614502111678e-17,5.76219521085432e-06,-3.80949186541026e-05,-3.01191363516473e-16,-3.41636373727168e-06,-1.57318952484188e-07,-5.51041388976804e-16,3.51595360964219e-07,7.71360897220008e-15,1.36496211436963e-06,-2.78044798881429e-18,1.35999171408378e-06,1.05762948022067e-06,3.82530969059338e-08,4.00051222152861e-07,2.73901641077345e-06,-1.22210797180299e-07,0.00182965682447278,-1.57765211277549e-16,2.07504981424852e-06,-1.17016006103999e-07,1.01210319133461e-15,-1.53928623895105e-08,-3.12638865181085e-07,7.23910892777508e-08,6.43790936719233e-16,2.29259526561225e-07,3.0247078595037e-07,-9.97131086111247e-17,-1.34355153256073e-05,-1.84387733720939e-06,-8.59004842933133e-09,2.19450538580686e-16,-1.97193257359251e-16,1.51287034565197e-07,5.1127164259141e-07,4.13102978513207e-08,-5.82537612646579e-08,2.93312425861879e-07,-1.8579430912371e-16,-4.60565718453004e-16,1.06774112485452e-06,7.35719944884102e-09,-4.31382244666712e-16,2.56712926286742e-06,1.27223358623155e-16,1.19136056574702e-07,-4.86005723708729e-07,-2.83844176030492e-07,-1.87855921474931e-06,-2.99449876612435e-16,3.5614993794645e-18,8.15497870598488e-17,-1.03003749286635e-18,-1.34057773326016e-08,-4.64458276681656e-08,-1.29754713122332e-16,3.66773320395788e-16,-1.15109675400176e-16,6.50999612760658e-08,5.83973297966703e-10,-3.19991593445639e-08,-6.80611930660819e-17,-3.95598267685648e-16,-5.02419286729783e-16,-1.35122189115486e-06,4.13260398084275e-08,-7.01578183334967e-17,7.20879400294047e-09,-1.8815116960158e-07,6.040295411171e-18,6.72739214075251e-17,-1.43377797389425e-06,-1.32460828333882e-09,-7.08051580410635e-07,-1.46542806217665e-16,7.16871835963294e-08,0.000136662269919893,0.000597267941298864,-1.10611644804696e-06,-2.68648728756206e-07,4.36606673674405e-09,-2.18292470380298e-16,-2.99379857720916e-17,1.05011444289117e-16,8.19341099190629e-08,-7.41689487391512e-08,-3.09021552675873e-07,-2.17652440012816e-08,6.99492748612649e-17,-1.77153370182815e-16,5.48543552666673e-16,-1.25803376870235e-16,-3.73317567648045e-16,1.02958854103123e-07,3.71603434314873e-16,2.89996809774746e-16,-1.83837997486277e-07,-1.75973543113144e-17,-1.64535422551005e-07,-7.48199660239155e-17,-2.03922532979727e-07,-5.77266435972324e-18,-2.45495693114153e-07,-3.06810645129167e-08,-2.52430974767841e-07,1.33504356120225e-18,9.80371242724479e-07,-5.31547843107231e-17,3.57290329672238e-05,-2.18357994922175e-07,1.2080443331117e-09,-4.28740832332851e-16,1.94333275255872e-06,-1.07088317002199e-16,-1.2265323916987e-05,-2.42512181607366e-07,-1.97071165943747e-16,6.06087893975195e-17,2.58386451427923e-16,6.31072246923247e-17,-8.97676421971146e-09,-1.16788363027324e-07,-2.60506346563877e-08,-4.90339081708295e-17,1.76761468519296e-17,-2.47900576433784e-08,2.02174580439009e-07,-4.44157202918111e-17,4.63866805501241e-17,-1.17406387338867e-07,-8.09754206914537e-17,-8.31015329769191e-07,-2.10233357193362e-17,7.07714470390082e-07,3.25895089386346e-16,-9.77157150554238e-17,1.35486899969628e-16,-3.84049596868501e-16,1.4037327773497e-17,-2.6186338885526e-16,1.35471062908274e-08,-9.47477914920228e-08,2.12880727332499e-17,-6.35797494727072e-08,0.000304627458889838,2.88138683355788e-17,7.82035098635431e-17,1.64317894009277e-16,-4.6021617719652e-16,2.55906053861839e-07,4.09274969150059e-08,1.46405723187997e-16,4.18676909734565e-16,-5.40972894445045e-05,-1.49315216656851e-07,-2.26720314461499e-09,3.12511523695322e-17,6.53560921596171e-17,6.21828021147125e-17,-1.0684934520093e-16,1.77485522110745e-16,1.74136270432147e-16,9.71409646643194e-07,-9.18153388577726e-07,-1.76425737213149e-07,3.92293510196561e-17,-7.5227310526806e-17,-1.3939488798661e-16,6.26082285825681e-17,-1.22132301946949e-16,1.68616410749385e-16,6.34110090926588e-17,6.56589849649982e-17,-1.67672181427947e-17,2.03832741674608e-16,8.36367159170452e-18,-3.43873446151248e-16,3.17486800482936e-17,-1.29000034644544e-16,8.66498123844718e-09,7.4730535791121e-18,4.39158375945482e-17,-6.9813177774553e-18,1.22460192489349e-07,-1.62689763185184e-08,-6.83056255154738e-18,-3.15864385527871e-09,1.11630237823697e-07,1.35632498608503e-16,8.5514899426617e-16,-2.14732806017549e-07,-1.83082302414252e-17,2.73380573934329e-09,5.59995000851679e-17,-4.25208675574246e-17,3.34831577297e-17,-1.85706707904126e-16,2.936508015811e-08,-3.65537739665378e-07,1.29438771551971e-16,1.21538513764979e-16,-3.43183940073637e-17,-4.38032507152286e-16,-3.46077333457373e-16,2.29687090829218e-18,-2.95747346274056e-16,3.66236583994128e-17,4.32997962443143e-09,-6.43335594330047e-17,-2.77442158780977e-17,4.08690623846517e-17,2.05599609085345e-16,-2.56176061453491e-16,-1.05281995379603e-16,-1.50245433106631e-06,3.10902464233317e-17,-9.05428497187385e-17,6.34319084749152e-08,-2.78683649074484e-17,3.09883757886545e-16,-4.10962030704909e-17,1.37057215376139e-16,5.25227293520005e-08,-3.89505042272984e-18,-4.26586941490517e-07,7.48736097571985e-17,-5.2116141056108e-16,1.14123022024762e-16,-6.29262047064641e-16,3.74405458121169e-17,-2.27755604355823e-16,1.53734348551712e-08,-1.68451162110174e-16,-1.33055544989206e-16,7.86397443515176e-09,-1.91508507285079e-06,-3.55760948999197e-17,2.14390846731167e-06,1.96028129395959e-07,1.03852448004889e-16,2.62341340394875e-17,-5.12615006393394e-17,8.83756254196623e-17,4.10201688797387e-17,-3.2668568593443e-07,-3.50716009134581e-16,1.54916978804054e-16,4.02214636973688e-17,1.30527505736534e-07,-7.86426732944546e-17,-1.20418541848736e-16,7.76908844191175e-17,5.38592360360822e-17,-5.93135541626364e-08,-2.3712114778618e-17,1.6198015948497e-09,-6.67245230440882e-17,5.55278920381621e-17,-5.18656389474784e-18,9.94630033957837e-18,-3.27229130979548e-18,-4.36593559108739e-17,1.36282994031549e-17,-2.79878628493199e-08,-2.13937491960997e-16,-6.91707654526738e-17,1.17544650922326e-08,3.57034130545807e-17,2.81702720450896e-16,-9.207556435579e-17,-8.31759763225212e-17,9.19771004445625e-17,-1.68754648073383e-16,-8.49436053635713e-08,4.1948872073791e-17,-2.12413287810213e-16,2.52583571001961e-08,-2.91629078587308e-16,-8.16505749639624e-17,1.69375439764354e-16,1.22704717600025e-16,-2.4968318965679e-16,-2.05368632336133e-16,6.00215715721391e-17,-6.89078677760274e-17,3.12037384569747e-17,1.28397695079768e-17,-7.30275233869643e-17,-1.31842225978111e-08,4.36932467008402e-08,2.04728573170773e-16,-9.75581936309445e-17,1.76238734124834e-16,1.26444734181205e-16,4.59701721133854e-17,-1.69259289445682e-16,4.02024833379042e-17,1.87840205126433e-16,-1.87989780515848e-05,1.72363080239532e-17,-4.939113593125e-17,6.02858183810255e-17,1.65397907386172e-17,4.82068418580868e-09,1.93303103264341e-16,-7.62251395603455e-10,7.35386308199508e-18,-1.40421319714797e-16,-1.90820009225988e-18,-1.49209159296517e-17,4.92785967970997e-17,-1.45712118936623e-17,2.67787797901538e-15,-1.63336932050282e-16,-4.27315257015327e-17,2.7592988762676e-17,-3.36004235895887e-17,5.6123474597524e-17,1.4504043674219e-16,-4.44081585580102e-17,-1.03704106808687e-16,3.86557930990846e-17,1.0661063054082e-16,3.38357910903092e-17,-7.74143685293283e-17,1.19874325254655e-17,2.01878444516801e-16,8.3492840739643e-18,-1.23219366880952e-16,1.3451977257356e-16,8.43155446104044e-17,3.94685569489098e-09,1.03669164052718e-17,-6.12586801898384e-17,5.37359350869162e-17,-2.9112477265239e-16,1.58283483029196e-16,4.55009466993696e-17,-6.38347398320182e-17,1.96187525716709e-16,-8.00089479404229e-18,-5.06260062607797e-17,-9.84455572616838e-17,4.59459407701424e-17,6.38950024935971e-17,-9.57961584418645e-17,-2.39880416159399e-16,-1.23765863556357e-16,-1.00951959216346e-17,-5.04614751902424e-08,5.26766709363684e-19,-4.74122233601381e-17,7.3151119208614e-17,-2.12529702476013e-17,-1.69621339233029e-16,-1.59419173773123e-17,2.49309885408144e-16,1.41222036638937e-18,1.54803414728906e-17,1.69807250150865e-08,1.12420262744377e-16,-7.16082695098608e-17,-7.29998137889832e-17,5.25833982477081e-17,-1.32020036548054e-16,3.15022669414648e-17,1.42762315391343e-19,8.15390495336266e-17,4.46888929821948e-17,1.61605581915252e-16,-2.92879480060225e-17,-1.87911632256303e-17,-6.6394131256216e-18,5.32459597862442e-08,-1.00047744027008e-16,-1.07229843004986e-16,-1.89540267551856e-16,-1.346579098227e-16,-1.45571971477701e-08,4.88507905273705e-17,2.6042850521402e-17,2.65718928659458e-17,5.7320398530531e-18,-2.99503275853138e-17,9.21526798460826e-17,1.32425305866128e-16,-1.91278131123027e-17,1.01823515617155e-16,8.1652998494804e-17,3.00547801243178e-17,2.09821747448337e-17,1.89523630235258e-17,-4.15430260938241e-18,-5.80861970898071e-17,1.19570717964711e-16,-2.23485078315724e-16
"t576",0.0263937727089107,-0.00246299479404723,-0.00217747972754407,-0.000343279607179823,-0.0114401785560369,0.0976422537079732,0.0166487945326928,0.00010660392422582,0.0253517756780831,-0.0193953675804819,-0.00360687933488437,0.0026785639148081,-0.0051553739213502,-0.00107365409592005,-0.0277517944105675,0.000616218425589678,0.000436850349289541,-9.09052356087424e-05,0.00345485159534312,0.000558656887914864,-0.000136202349571845,6.35249672318591e-05,-0.00214747773731159,0.000368648316726459,-6.70884121268553e-05,0.0948117883941045,0.00503899728713642,-0.000266428573299426,0.000613412916593855,0.00113693866782171,3.74144468822485e-05,-0.00149984746718868,-8.10228871995309e-05,0.000702855751075962,-6.83412068846544e-05,-3.5517208250015e-05,-1.59519297652765e-06,-0.0926158808443712,0.000400891277831661,5.37368506736936e-05,0.000121706846088763,-0.000194242531412974,8.68477933480471e-06,-0.000147108598705198,3.06630043650064e-05,-5.24761921560317e-06,9.12501186910445e-07,-1.3103826209908e-05,0.00016333432259724,-0.000278893766598981,1.34008021463254e-05,-1.12553701073944e-05,2.11796779789029e-07,-3.88113668934546e-06,5.13335264644271e-05,-0.00217358250215277,-1.64830696198001e-06,2.32854066350509e-05,-9.18772720780061e-05,2.02254056431392e-06,3.02093527507243e-06,-5.17492647274335e-05,0.000136834574744448,-0.000106421985504005,0.000121732955395213,-4.12091425104915e-05,6.39715097370672e-05,-0.0528644866131077,0.000592852420537625,-0.213154074368956,-1.31855466724431e-05,2.5187192807532e-05,-0.00153702870667789,-5.20323307218696e-05,2.17982782231675e-05,2.0056140831905e-06,-0.000187473785337675,2.81328826246371e-05,-0.00169518398953199,-0.0615602667847051,-1.0297625270872e-05,-0.000127974272797713,-0.000117763327342452,-5.17757159691869e-05,4.38122769920012e-05,0.000117480911838897,-1.73741434386077e-05,-3.0617924421249e-05,-6.03927912329818e-07,2.30252577715761e-05,-5.59327083435725e-05,1.21729617432072e-07,0.00116097164511246,-5.25722365647189e-05,-7.67431483561054e-07,-9.95293316887678e-07,-1.02582589246693e-07,-4.90367069040158e-06,8.77586343350506e-05,0.00104570060856402,0.0217093007139742,-2.38167759235539e-05,0.356674778155516,0.000171890904388957,-8.60088366940262e-05,2.13917728178044e-05,-0.0222358154407362,-5.56292056619991e-05,0.000694528349440295,-3.38869934465836e-07,-3.56361608187928e-06,3.17569795940089e-05,-1.05524916513975e-05,1.97621319625699e-05,-6.74513620438392e-06,3.00483716498031e-05,-0.000543232351113252,0.00102090111261877,-0.366451990017494,-0.000344518861931045,0.000111645192505798,-6.21899086332553e-05,0.000350163225693974,0.00125931091181358,2.0446575834343e-06,-2.88296047436273e-06,4.55868274570198e-07,-2.29108701891852e-05,0.000122135025782062,0.00427909080340272,3.32209908838319e-05,0.000673861381772454,1.76781835861303e-05,-0.00019775830931532,-1.05872626031176e-06,-0.00214025155099209,4.7832935970803e-05,4.56354967811678e-05,-0.000594392026037506,0.00212067891464491,-3.28556444969231e-05,-3.28610849029789e-07,-0.000629989690470005,0.000100356729622739,3.25068816792899e-08,5.89548572091036e-07,1.29815582273567e-06,-2.22731894307136e-06,-1.18703998909368e-07,0.000493978025615026,1.42898397198824e-07,4.52537165748747e-07,5.97585858775658e-08,-1.76932147245738e-06,-1.06920853767919e-07,-1.74137842348626e-07,2.86558831177384e-06,-3.77574622414044e-06,-1.99866681145356e-06,-6.66185412784724e-07,-3.36179486206612e-06,4.93533400941615e-07,-3.49755230203638e-06,-5.14533488244909e-06,3.46231124509392e-06,-2.36575927091199e-06,3.69344463571335e-05,6.31638523248113e-07,3.14069749383783e-05,3.15082803722567e-06,-5.39597334865509e-06,-9.49488575040911e-07,1.11138036592409e-07,3.69459173483042e-06,7.04916825837915e-07,0.000103238556184213,6.22695627409327e-08,-2.33616528261815e-06,-2.15826453671783e-05,-1.05179202360158e-05,4.17749387377479e-05,1.08800646039736e-05,-2.23506525433466e-06,-8.72739714059682e-09,-2.5855481271508e-07,-6.86228477865086e-08,-0.00011749547896564,2.96022997103812e-05,0.000133225426103809,-1.32018823073575e-05,-5.09711163028449e-06,2.33048762112088e-05,0.0347298636025768,-4.56976494275468e-09,-1.46076758072963e-07,-1.32727889129721e-06,-3.0565649934518e-06,-2.31964931009171e-07,2.58315115822336e-06,1.45898421202175e-06,1.46281647915099e-06,2.17409542026943e-05,-4.5260580030682e-08,-7.26524564980753e-07,-1.24591987100261e-05,-5.27319251710505e-06,8.16385183902188e-06,3.71581810973409e-06,-6.23397891185303e-05,-3.7049579425123e-08,-0.000263012718250451,3.77449936992708e-06,-1.80189487939063e-05,-3.03232361719829e-05,-1.74855053642148e-07,-1.28219925342972e-06,3.69660201159151e-07,2.39016568557107e-07,-7.08765894268623e-06,-0.0165140249176847,9.01656669641416e-06,7.54799981454601e-06,1.84596711375619e-06,8.54151178699068e-06,-0.000792476986768744,-1.80066282729589e-06,-0.00022641774041365,-9.21412296320799e-07,-2.00040479060938e-05,-1.80435681054767e-05,4.77993715731437e-06,1.07245508653823e-06,8.11385344983038e-06,0.000478631705578705,-1.05826656375226e-06,-3.47977215256441e-07,-0.0382400858442337,-4.19134835430579e-17,6.56056225438811e-07,-7.30524537250095e-06,3.60137203874656e-07,1.55623264793548e-07,-0.0005082936958894,-2.555672258576e-07,-1.83404969836191e-06,5.44773933413264e-07,-1.07529277750535e-07,8.224439840662e-09,-1.76479470235771e-07,2.27653939607624e-05,-6.16900749720734e-08,6.67593607170508e-06,-5.39986463936455e-06,2.89446495944877e-08,-1.96324075876428e-09,9.57459538760514e-08,-9.3755205611276e-08,1.47893577639225e-06,3.79946361038615e-06,-7.30454137352307e-07,1.44563191112522e-06,-2.69592183950243e-06,3.08976745232572e-05,-1.87030341823837e-06,1.95202320451345e-06,-6.61847516791583e-07,1.28670889424925e-08,5.29222044555456e-05,-8.52663701104846e-07,8.18047172080839e-07,2.68690792905506e-08,-7.1086742583973e-07,7.16989254947744e-07,-9.60810471477031e-07,1.55908208426425e-06,-3.09100500757631e-06,2.61727513612022e-06,-2.16575160857549e-07,0.00400876787135546,1.29909209878738e-07,-1.04200968941098e-06,7.55823776291154e-17,-6.51959424844312e-06,-2.38374076484629e-07,-3.07853206289502e-11,-3.15184666402925e-07,0.00054863151744527,-5.08397618325352e-07,-8.88770595482834e-08,1.11638988206073e-08,-5.16310615705108e-07,3.07070250757216e-05,6.90367516343061e-07,-5.4570857253834e-08,8.16129153540184e-06,-9.8882900422085e-06,2.73507952416917e-06,-4.93126846054505e-06,7.0416422850582e-07,2.87897395038056e-07,1.8975500706975e-08,1.20103218534652e-05,-6.71564353003427e-06,3.00083232260651e-08,-0.000273872579873718,1.045015637778e-06,-3.81452421849205e-06,0.000410904600347563,2.37261848719651e-06,1.23417294828759e-06,-3.94022296945285e-07,-7.67418657654838e-05,2.59967963090915e-07,-1.20006340038838e-06,3.39921608275124e-07,3.16299519792853e-06,-6.14449455074359e-06,-4.05926459493796e-17,1.87740694893768e-08,9.95732688261671e-07,-9.18408158104463e-08,5.36050682903311e-06,5.96874508346317e-08,1.40591345043476e-06,3.29150406663293e-06,-4.33578157536259e-06,0.000507246095190137,1.72018393219082e-16,-1.32519931951092e-05,-1.07381819518776e-08,-4.65734385891086e-07,1.94562903040503e-07,0.00400169810683319,-1.96970208270127e-07,-8.18018428825436e-06,2.2189367679527e-06,-9.4266966146684e-07,1.43197723690806e-05,-1.94032806610101e-07,-5.29575647115532e-06,-2.4694815182115e-08,-3.50620028990263e-09,-5.29270050847352e-06,2.80113926322378e-07,-5.75504035216896e-06,-9.19989338036942e-17,-1.495097904759e-06,1.17635052279425e-07,3.39025714042105e-09,3.00055153512324e-08,-1.108342810635e-05,-2.30464528852733e-05,1.03315270903264e-06,-3.75824239734213e-06,-5.985752400944e-05,1.24703088601787e-16,-3.84179418740655e-06,-1.33562854799143e-07,-4.85224103110315e-06,2.22331468641683e-13,1.48170844522477e-05,1.1621375571491e-06,-1.77670876681069e-07,-7.49741933998809e-06,-2.49673095885885e-06,-1.33247806882731e-06,-4.23229418977811e-06,1.34023996269623e-06,9.48775816510498e-07,5.26625132311044e-08,2.94219625488029e-06,3.75094082902901e-07,2.17349151379269e-16,-1.61815553604389e-07,0.000736335995743807,2.2798022450583e-06,-3.54901982790721e-06,6.20533191954539e-16,-3.10958653851206e-07,5.84917449082938e-08,-1.60836204959279e-06,-9.61005583167872e-08,-3.64664940418208e-06,3.45550908415197e-07,-4.65762016778114e-06,7.59489117124383e-06,-5.40710682957812e-16,2.88271015001652e-05,-4.87588130059489e-07,1.38462994818915e-06,3.66485063480884e-05,-3.02066409978719e-07,-2.5117453700063e-08,2.8796409701215e-16,4.23285587500296e-16,-2.47945496658224e-08,-2.86464805396514e-07,3.78769322741723e-08,-4.40169783243187e-06,2.27146188323659e-14,-2.19647075927093e-06,-2.65803068198967e-08,-4.05548964556006e-16,2.07580486661911e-16,5.50939427186592e-18,6.14635682619207e-06,1.6337008547085e-06,-1.86956010867221e-06,1.76510418541488e-05,0.00023532839966135,1.63355161907649e-06,-7.13194067829884e-07,1.71790228163259e-16,-1.75721009800674e-07,5.17521753486869e-07,2.36642786465811e-17,-1.08839986818356e-15,-4.09316042080934e-07,-2.65208012404062e-09,-2.88990329323213e-07,1.91043739452257e-05,3.72666525645916e-07,-1.61915848622415e-06,-1.49369396211845e-15,-0.000155349585606056,2.99837413085302e-15,-2.29910509796975e-05,-4.56340694399149e-16,-6.21631350683199e-07,-1.06688458183958e-14,3.2310706475054e-06,9.00323381255586e-07,2.26281539064357e-05,0.388943536266543,-3.10025188654147e-05,6.50777148231781e-07,-2.37372567090845e-06,-4.04276638708836e-07,-2.17322597180869e-05,-1.71653193919299e-06,-2.71572633308342e-07,5.8585863242527e-07,9.28011903738743e-06,6.5767145183804e-07,1.89938180056764e-07,-1.16456584632947e-15,-1.48414984448877e-06,2.1821826685009e-07,-7.57825893576282e-08,1.08879627843856e-16,-1.33539101625489e-07,-8.30246237207034e-05,-9.19514873734174e-07,-7.08788450826879e-16,2.16078628303103e-07,1.12906301435392e-06,4.12969806597927e-16,1.253834634302e-07,-1.90519994551424e-07,2.75317975083014e-16,-3.38601699660106e-16,5.98670878982916e-09,3.53413710592537e-07,1.88368905345776e-09,2.41400398798618e-06,-6.53801978837128e-05,-1.29819334773177e-08,-1.40358616907779e-07,-8.89660033933856e-08,2.73449732485506e-06,5.03069808033274e-17,-2.78654771714845e-10,-2.10051017246784e-09,-5.38090906283919e-09,-4.57761306090278e-07,2.0620959138465e-16,2.70546842372221e-16,-1.3057304826782e-07,3.63049957180207e-16,-5.04186603033351e-16,-8.68421735037812e-09,2.34639566726405e-09,3.99051747570817e-10,-2.15046337596386e-09,1.06288435572997e-07,2.85076919118169e-08,1.03042226928077e-08,2.76789653777496e-16,5.7073818854572e-08,2.97076739880732e-09,1.40859322755232e-08,-1.47049386939256e-08,7.16218470087547e-08,7.52797007386923e-16,-2.56399348662311e-16,2.12060714195194e-16,-8.81870806623452e-08,-5.22014873811399e-09,-0.000178238984306943,-7.91435271806105e-17,-3.22366894818288e-09,-1.7822893403474e-16,-4.38779943167767e-16,6.7417509281688e-07,-4.46988577964155e-06,9.82287168271867e-17,-4.23089191120167e-07,-2.00706846542838e-08,3.65027268906764e-16,4.75050778161169e-08,1.35075746332278e-15,1.96545081463079e-07,-1.35947585627517e-16,1.96900775825029e-07,1.5376891664367e-07,5.5879135058509e-09,5.88206386697851e-08,4.08588816260398e-07,-1.92008667831956e-08,0.000307256363650114,4.04304503986586e-17,3.75562022784369e-07,-2.13387188991432e-08,-1.03173823173496e-16,-2.834917257075e-09,-5.8605008741114e-08,1.37823257686728e-08,-5.52037086412219e-17,4.59041667555417e-08,6.11436407399126e-08,-1.63824569569918e-16,-2.75003244452932e-06,-3.7970718576672e-07,-1.80834459966411e-09,1.22874538927897e-16,6.92742305635472e-18,3.34579430497002e-08,1.15343569890582e-07,9.3570533568572e-09,-1.42871241712469e-08,7.28061779549118e-08,3.6067383454014e-16,4.99423101410351e-16,2.67204091947567e-07,1.84303934424649e-09,2.73091210122743e-16,6.5181193207309e-07,-8.19501232916789e-17,3.06371754424409e-08,-1.27128454011494e-07,-7.43359218501113e-08,-4.94272633125161e-07,-6.22773619816319e-17,2.2522636408607e-17,2.51032990878658e-16,4.69400470467839e-18,-3.67229842896654e-09,-1.27636884397767e-08,-2.04064265168447e-16,1.23109402969689e-16,7.66721886941263e-17,1.80946482753025e-08,1.63106173795647e-10,-9.05439402984059e-09,1.48038635203878e-16,1.04381564156042e-16,4.18176777927659e-16,-3.98749693790734e-07,1.22124265615251e-08,-1.69947686269067e-16,2.16365127630715e-09,-5.68199392227633e-08,6.17481046528731e-17,-2.82839286018677e-17,-4.39193156783552e-07,-4.06209255941262e-10,-2.18916856233868e-07,2.69701200160649e-16,2.24635428349365e-08,4.313544736019e-05,0.000190403515117575,-3.57339295951487e-07,-8.70943669420379e-08,1.42470764921077e-09,2.2986480111798e-17,-3.72362789091538e-16,-2.03164396349672e-16,2.77065647936316e-08,-2.50939703478136e-08,-1.05010552199255e-07,-7.55705505778606e-09,-1.41044903559968e-16,-1.4928343051385e-16,-6.01493113168096e-16,4.51709933358025e-16,1.41698066982784e-15,3.65286563896631e-08,-3.69822963957027e-16,-1.04152161070129e-16,-6.57618234954084e-08,-2.6574434564028e-16,-5.8882569359491e-08,-1.01351906981244e-17,-7.3031469095092e-08,2.01355178876846e-17,-8.91527646673203e-08,-1.11783177335161e-08,-9.24260066829014e-08,-2.41147770249982e-16,3.61122784062031e-07,-9.83799617403465e-17,1.33322783801476e-05,-8.28242741070316e-08,4.58537867808389e-10,-2.95527825914092e-16,7.4241078310121e-07,5.88254409539741e-16,-4.73303645501416e-06,-9.36280862619006e-08,3.11964988316702e-16,-8.52890732540933e-17,-1.16492406528684e-19,-1.72856925665115e-16,-3.49399291596312e-09,-4.55538176956765e-08,-1.01861599200281e-08,4.89183264813958e-16,-3.2314092964148e-16,-9.80617091513325e-09,8.00145767902542e-08,3.93080591133226e-16,-6.61274956600239e-17,-4.71221612552501e-08,9.53956985352728e-16,-3.34517504688011e-07,-7.23380057675799e-16,2.87288466832951e-07,-1.17677838347525e-16,3.89973577839526e-16,2.3719489323595e-16,-5.0127464489463e-16,-4.10440487571267e-16,-8.3531715409845e-17,5.59128996425265e-09,-3.91135312040964e-08,-2.57878410462232e-16,-2.63953573008826e-08,0.000126763251525355,4.00922339671982e-16,2.57327947080673e-16,7.37234149633762e-16,1.343001098182e-16,1.07552298886142e-07,1.7240382674717e-08,1.57155084864016e-16,3.71637973471311e-16,-2.2845830005093e-05,-6.30780370824172e-08,-9.58838077160975e-10,-2.0642069106652e-16,-3.01907451433102e-16,1.05507762228805e-15,4.22351673615523e-16,-3.46255865949396e-16,2.5271294953511e-16,4.181178418646e-07,-3.95831786097423e-07,-7.6181428080924e-08,5.68226197531005e-16,7.43638090122138e-16,-2.81288504949985e-16,-1.61946680434072e-15,-7.07389227385938e-16,1.81711695774436e-16,1.02529109768853e-16,-2.7668696664544e-16,1.11583933263624e-15,-1.26024361389102e-15,-3.84415644001287e-16,-7.13038553469137e-16,2.51801131775526e-16,-1.05024872403054e-17,3.84007002968677e-09,-5.19875526684915e-16,1.27734225897814e-15,1.34340573786471e-15,5.44519089170148e-08,-7.23953339914675e-09,3.89484691757375e-16,-1.40623144126609e-09,4.98993347353509e-08,-1.07158540129374e-16,-1.6243810170146e-15,-9.6466333010125e-08,-2.82395101466978e-15,1.23555068055201e-09,1.08299086874092e-15,3.28257053921633e-16,2.22608121589489e-16,-6.82184140657976e-16,1.33958291326327e-08,-1.66855983686101e-07,-5.78459718720665e-16,-2.21774051103968e-15,3.34973268581947e-16,-2.14442717313694e-15,-6.83589469752111e-16,-7.84527125289512e-16,-2.54792120280015e-15,4.29934032055762e-16,2.03877160169813e-09,-1.74309415116357e-15,1.50869142642386e-15,4.44726262996254e-16,-1.81635355549056e-15,8.98981514769602e-16,2.01781015793633e-15,-7.11966490758646e-07,-3.82322767163414e-16,-1.24578058579201e-15,3.00934874332951e-08,-3.73263115636887e-15,-5.71302754550161e-15,-7.86459405919929e-15,7.1938489918277e-15,2.5255354839428e-08,-1.09449877854686e-14,-2.05608205503337e-07,-1.86136759240724e-14,-0.707106781186547,-1.3355600887838e-13,1.01560266815327e-15,-7.58769453903715e-15,-4.01968648485282e-14,7.44527010670567e-09,-1.05522136571523e-15,-9.07424062162447e-15,3.82233442977459e-09,-9.31009813700086e-07,-1.27821849925628e-16,1.04548880081694e-06,9.5686794712437e-08,1.76726264289017e-15,2.69519133115124e-15,2.03487603028795e-15,-2.18151382588989e-16,-1.37106701960371e-15,-1.61722226714263e-07,7.33200819667784e-16,1.45352256651881e-15,-8.26685730963371e-16,6.48456152264958e-08,-2.77275266086588e-15,1.95155807875141e-15,-1.85547376836792e-15,-1.06765343816309e-15,-2.96037959842867e-08,-4.91712103532088e-16,8.09604507519265e-10,-9.3318416852379e-16,1.6464815845225e-15,5.41994546149133e-17,-1.41814350938908e-15,-6.01646262326238e-17,-4.86275303446477e-16,2.01313722566095e-15,-1.40933197626928e-08,1.96735979963129e-15,1.44842594049166e-15,5.92978717581471e-09,-1.3763387143908e-16,-7.44594170789464e-16,8.86752627224423e-16,3.86550559969058e-16,-5.08992285146616e-16,1.55009318586546e-16,-4.30956825026539e-08,-1.5752939590821e-16,7.87496476210101e-16,1.28470050129591e-08,7.69270077887812e-16,-2.87115750661307e-17,-3.11396754558726e-16,9.57898290985858e-16,3.00352067008353e-15,7.78768985720881e-16,-6.00670490409824e-16,-4.12840463921614e-16,-2.62390750093844e-16,4.34730320123865e-16,-8.50639198749888e-16,-6.76752106017792e-09,2.24523143587705e-08,-1.19895986438928e-15,6.32590054466787e-16,3.79327741310591e-16,-3.98237540473065e-16,1.17549199540878e-15,-9.23679097007042e-16,-8.42373763929762e-16,2.52864923782157e-16,-9.71454225784332e-06,4.8578471299925e-16,4.59830322867034e-16,2.33827739473635e-16,1.79046098808952e-16,2.50290131667407e-09,-1.65837392130827e-16,-3.97843688827334e-10,3.41532346960163e-17,8.22274474733691e-16,5.7850758020369e-17,1.81520311010575e-16,-1.91756718253733e-16,2.39293436031656e-17,1.01020183621168e-15,8.89692212035103e-17,9.60369311539514e-16,2.94661421736985e-16,-3.92815808822879e-16,-1.4041182219482e-16,-2.80478753336319e-16,-9.33742115178606e-18,1.1246496578423e-16,3.43456748846578e-16,2.04510074881847e-16,5.54195391687401e-16,4.47392158694741e-16,3.38339365142455e-16,1.61112442831346e-16,-9.21453555163771e-17,-9.75646745709321e-16,6.72149995891755e-17,6.86958038892904e-17,2.09889930791404e-09,-2.60485799180246e-16,1.1063018538696e-16,-1.17043419954183e-16,-3.66458373517077e-16,-1.87289035874039e-16,-7.67754187290987e-17,-2.00569897292784e-16,4.19579644719417e-16,-3.93067951127357e-17,-1.24552429880467e-16,-2.04046848861772e-16,-9.23702787404926e-17,1.10954871287576e-16,2.51233607591125e-17,-3.25143409929914e-16,-1.96835860788141e-16,6.02700472579979e-17,-2.716186907144e-08,4.31415438173609e-17,4.58483056213538e-16,-1.03292299300728e-16,6.10571179975429e-17,1.96439118677613e-16,6.35416756245064e-17,-2.66458859992951e-16,1.50936888443673e-16,1.23830182589008e-16,9.25110967790911e-09,4.24028069533975e-16,-1.5752435935032e-16,4.81648306564648e-17,4.31425284614961e-17,6.14517800150891e-17,2.42843299777699e-17,-4.07873334760409e-17,-5.49190737936969e-17,1.99284698572369e-16,-1.7669261472527e-16,1.46120328641181e-16,2.99946198948893e-18,1.58778298201769e-17,2.93496684273121e-08,9.0343285771947e-17,-8.43897350442153e-18,9.68283313795962e-17,-6.02382727032946e-16,-8.06678608113067e-09,1.60344240649092e-17,1.21565023001746e-17,4.53552727136101e-17,1.70871648577395e-17,-1.53418402236692e-17,-7.73515463120057e-17,-1.08881649461822e-16,-8.52792630188092e-18,-6.78183367405065e-17,3.80020585612591e-18,4.73377270552637e-17,4.51116718330666e-17,-9.5408599782197e-17,-1.49232924377106e-17,2.61289690056307e-17,8.23811512191314e-17,-1.58944469152255e-16
"t577",0.0263937727089107,-0.00246299479404723,-0.00217747972754407,-0.000343279607179823,-0.0114401785560369,0.0976422537079733,0.0166487945326928,0.000106603924225819,0.0253517756780831,-0.0193953675804819,-0.00360687933488438,0.00267856391480811,-0.00515537392135019,-0.00107365409592006,-0.0277517944105675,0.000616218425589674,0.000436850349289551,-9.09052356087457e-05,0.00345485159534311,0.000558656887914869,-0.000136202349571836,6.35249672318644e-05,-0.00214747773731161,0.000368648316726458,-6.70884121268518e-05,0.0948117883941045,0.00503899728713644,-0.000266428573299444,0.000613412916593857,0.0011369386678217,3.74144468822495e-05,-0.00149984746718865,-8.10228871995339e-05,0.000702855751075959,-6.834120688467e-05,-3.55172082500081e-05,-1.59519297652418e-06,-0.0926158808443711,0.000400891277831668,5.37368506736437e-05,0.000121706846088757,-0.000194242531412931,8.68477933480929e-06,-0.00014710859870516,3.06630043650047e-05,-5.24761921563504e-06,9.12501186889837e-07,-1.31038262099295e-05,0.000163334322597252,-0.000278893766598961,1.34008021463223e-05,-1.1255370107358e-05,2.11796779777651e-07,-3.88113668934372e-06,5.13335264644181e-05,-0.00217358250215278,-1.64830696201091e-06,2.32854066350692e-05,-9.18772720779844e-05,2.02254056431829e-06,3.02093527507524e-06,-5.17492647274074e-05,0.000136834574744497,-0.000106421985503984,0.00012173295539518,-4.12091425104874e-05,6.39715097370588e-05,-0.0528644866131077,0.000592852420537759,-0.213154074368955,-1.31855466725269e-05,2.51871928075291e-05,-0.00153702870667776,-5.2032330721915e-05,2.17982782231681e-05,2.00561408318625e-06,-0.000187473785337676,2.81328826245642e-05,-0.00169518398953198,-0.061560266784705,-1.02976252708135e-05,-0.000127974272797861,-0.000117763327342441,-5.17757159691587e-05,4.3812276991951e-05,0.000117480911838976,-1.73741434385936e-05,-3.06179244211776e-05,-6.03927912473848e-07,2.30252577715726e-05,-5.59327083435391e-05,1.21729617423398e-07,0.00116097164511252,-5.25722365646453e-05,-7.67431483515047e-07,-9.95293316931209e-07,-1.02582589169196e-07,-4.90367069046306e-06,8.77586343349037e-05,0.0010457006085639,0.021709300713974,-2.38167759235638e-05,0.356674778155516,0.000171890904388914,-8.60088366939698e-05,2.13917728176684e-05,-0.0222358154407362,-5.56292056620004e-05,0.000694528349440268,-3.3886993448611e-07,-3.56361608190408e-06,3.1756979594025e-05,-1.05524916514694e-05,1.97621319626643e-05,-6.7451362043871e-06,3.00483716497352e-05,-0.000543232351113308,0.00102090111261875,-0.366451990017494,-0.000344518861931149,0.000111645192505823,-6.21899086332858e-05,0.000350163225694,0.00125931091181363,2.04465758346588e-06,-2.8829604743032e-06,4.55868274568463e-07,-2.29108701891882e-05,0.00012213502578203,0.00427909080340267,3.32209908838452e-05,0.000673861381772664,1.76781835861266e-05,-0.000197758309315321,-1.05872626040213e-06,-0.00214025155099212,4.78329359708412e-05,4.56354967812518e-05,-0.000594392026037542,0.00212067891464493,-3.28556444969334e-05,-3.28610849018715e-07,-0.000629989690469997,0.000100356729622757,3.25068817247553e-08,5.89548572085115e-07,1.29815582268848e-06,-2.22731894309756e-06,-1.18703998891168e-07,0.000493978025614931,1.42898397178116e-07,4.52537165692821e-07,5.97585858789888e-08,-1.76932147242438e-06,-1.06920853785663e-07,-1.74137842375433e-07,2.86558831185226e-06,-3.77574622414166e-06,-1.99866681142388e-06,-6.66185412825681e-07,-3.36179486197859e-06,4.93533400939186e-07,-3.49755230203344e-06,-5.14533488238264e-06,3.46231124513257e-06,-2.36575927084018e-06,3.69344463571326e-05,6.3163852329441e-07,3.14069749383572e-05,3.15082803720181e-06,-5.39597334870156e-06,-9.4948857508013e-07,1.11138036612986e-07,3.69459173481181e-06,7.04916825785592e-07,0.000103238556184239,6.22695627353774e-08,-2.33616528282158e-06,-2.15826453671581e-05,-1.05179202359494e-05,4.17749387377443e-05,1.08800646039972e-05,-2.23506525438139e-06,-8.72739719217911e-09,-2.58554812738243e-07,-6.86228478013464e-08,-0.000117495478965672,2.96022997103826e-05,0.000133225426103864,-1.32018823073679e-05,-5.09711163023276e-06,2.33048762111798e-05,0.0347298636025769,-4.56976489918968e-09,-1.4607675809418e-07,-1.32727889128689e-06,-3.05656499347034e-06,-2.31964930977926e-07,2.5831511582244e-06,1.45898421200831e-06,1.46281647914737e-06,2.17409542028941e-05,-4.52605800025385e-08,-7.26524564999017e-07,-1.24591987101324e-05,-5.27319251719793e-06,8.16385183902234e-06,3.71581810968639e-06,-6.23397891185839e-05,-3.70495794230666e-08,-0.000263012718250313,3.77449936989159e-06,-1.80189487939876e-05,-3.03232361719942e-05,-1.74855053438038e-07,-1.28219925338867e-06,3.69660201383875e-07,2.39016568601012e-07,-7.08765894261753e-06,-0.0165140249176847,9.01656669643745e-06,7.5479998145218e-06,1.84596711360786e-06,8.54151178689639e-06,-0.000792476986768793,-1.80066282706669e-06,-0.00022641774041323,-9.21412296384706e-07,-2.00040479059992e-05,-1.80435681054859e-05,4.77993715734745e-06,1.07245508652233e-06,8.11385344983763e-06,0.000478631705578724,-1.0582665637589e-06,-3.47977215294861e-07,-0.0382400858442336,-6.40227221428251e-17,6.56056225334492e-07,-7.30524537253044e-06,3.60137203857459e-07,1.55623264875413e-07,-0.000508293695889363,-2.55567225781925e-07,-1.8340496983001e-06,5.44773933564635e-07,-1.07529277706272e-07,8.22443979577594e-09,-1.76479470218371e-07,2.27653939607987e-05,-6.16900749728431e-08,6.67593607150874e-06,-5.39986463936464e-06,2.89446496077104e-08,-1.96324080592707e-09,9.57459539271734e-08,-9.37552055902036e-08,1.47893577649033e-06,3.79946361031541e-06,-7.30454137365987e-07,1.44563191108325e-06,-2.69592183947403e-06,3.08976745233825e-05,-1.87030341830479e-06,1.95202320450028e-06,-6.61847516773976e-07,1.28670889571291e-08,5.29222044556112e-05,-8.52663701272616e-07,8.18047172011215e-07,2.68690793087922e-08,-7.10867425808677e-07,7.16989254999244e-07,-9.60810471497577e-07,1.5590820842911e-06,-3.09100500758295e-06,2.61727513646107e-06,-2.16575160872687e-07,0.00400876787135549,1.29909209778672e-07,-1.0420096899215e-06,7.02676927706219e-17,-6.51959424824607e-06,-2.38374076488754e-07,-3.07853257568904e-11,-3.15184666417062e-07,0.000548631517445349,-5.08397618338357e-07,-8.88770597324041e-08,1.11638987132758e-08,-5.16310615477334e-07,3.07070250756919e-05,6.9036751630688e-07,-5.45708572239712e-08,8.16129153531513e-06,-9.88829004207777e-06,2.73507952435624e-06,-4.93126846058393e-06,7.04164228643297e-07,2.87897395063927e-07,1.8975500667556e-08,1.20103218534459e-05,-6.71564353021402e-06,3.00083232927583e-08,-0.000273872579873837,1.04501563778279e-06,-3.8145242185588e-06,0.000410904600347528,2.37261848715034e-06,1.2341729471256e-06,-3.94022296861918e-07,-7.67418657654473e-05,2.59967963108268e-07,-1.20006340033664e-06,3.39921608351825e-07,3.16299519789328e-06,-6.14449455071351e-06,-4.95329975584333e-17,1.8774069475701e-08,9.95732688237079e-07,-9.18408160060363e-08,5.36050682909847e-06,5.96874508397779e-08,1.40591345039936e-06,3.29150406664707e-06,-4.33578157528891e-06,0.000507246095190159,-3.26780085591428e-17,-1.32519931951159e-05,-1.07381820064719e-08,-4.65734386010719e-07,1.94562903008847e-07,0.00400169810683326,-1.96970208550138e-07,-8.18018428807909e-06,2.21893676792187e-06,-9.42669661039769e-07,1.43197723690699e-05,-1.94032806885323e-07,-5.29575647102435e-06,-2.46948151855864e-08,-3.50620031912188e-09,-5.29270050849966e-06,2.80113926211179e-07,-5.75504035227048e-06,-5.67361668380833e-17,-1.49509790467661e-06,1.17635052397603e-07,3.39025711190729e-09,3.00055154503982e-08,-1.1083428106348e-05,-2.30464528852902e-05,1.03315270917585e-06,-3.7582423976273e-06,-5.98575240098054e-05,8.69703256739369e-17,-3.84179418658483e-06,-1.33562855033042e-07,-4.8522410308828e-06,2.21993995174249e-13,1.48170844524156e-05,1.16213755701704e-06,-1.77670876895287e-07,-7.49741933998966e-06,-2.49673095886031e-06,-1.33247806871283e-06,-4.23229418985085e-06,1.34023996263246e-06,9.48775816315468e-07,5.26625134114719e-08,2.94219625491263e-06,3.75094082727141e-07,2.1757454304417e-16,-1.61815553212757e-07,0.00073633599574378,2.27980224466642e-06,-3.54901982779003e-06,5.72602085323316e-16,-3.109586538498e-07,5.84917447652876e-08,-1.60836204957132e-06,-9.61005582920052e-08,-3.64664940429709e-06,3.45550908240938e-07,-4.65762016769957e-06,7.59489117131731e-06,-6.67487291781075e-16,2.88271015002098e-05,-4.87588130168831e-07,1.38462994816744e-06,3.66485063480219e-05,-3.02066410090538e-07,-2.51174539188579e-08,1.85615411929518e-16,4.33878674865555e-16,-2.47945497056084e-08,-2.86464805517904e-07,3.7876932504985e-08,-4.40169783246552e-06,2.29811814441707e-14,-2.1964707593202e-06,-2.65803064694928e-08,-6.88417216901431e-16,1.31346387387408e-16,1.28810808103519e-16,6.14635682620265e-06,1.63370085471563e-06,-1.86956010897067e-06,1.76510418541557e-05,0.00023532839966137,1.63355161921811e-06,-7.13194067698569e-07,-1.30919315691362e-16,-1.7572100975434e-07,5.17521753372818e-07,4.19614576223583e-16,-1.55899353704791e-15,-4.09316041999307e-07,-2.65207961078966e-09,-2.88990329138522e-07,1.91043739452084e-05,3.7266652540283e-07,-1.61915848658293e-06,-1.57056389614767e-15,-0.000155349585605888,3.0754876951767e-15,-2.29910509797224e-05,-5.19007579968811e-16,-6.21631350599703e-07,-1.08109344285373e-14,3.23107064686895e-06,9.00323381265369e-07,2.26281539064391e-05,0.388943536266541,-3.10025188657967e-05,6.50777148394415e-07,-2.37372567083954e-06,-4.04276638723347e-07,-2.17322597183425e-05,-1.71653193933658e-06,-2.71572633758295e-07,5.85858632404946e-07,9.28011903780607e-06,6.57671451711452e-07,1.89938180379733e-07,-9.306650954834e-16,-1.48414984461517e-06,2.18218266873873e-07,-7.57825895695544e-08,-1.22956492386891e-16,-1.33539101646552e-07,-8.30246237204657e-05,-9.19514873688676e-07,-6.03305347122163e-16,2.16078628219049e-07,1.1290630144012e-06,4.03984676072772e-16,1.25383463351501e-07,-1.90519993499672e-07,4.14660533798424e-17,-6.5432815021515e-16,5.98670836162439e-09,3.53413710611708e-07,1.88368871995646e-09,2.41400398801599e-06,-6.53801978838098e-05,-1.29819333136839e-08,-1.40358617070022e-07,-8.89660037307564e-08,2.73449732454821e-06,2.95987193088543e-16,-2.78654800952521e-10,-2.10050998294412e-09,-5.3809089285115e-09,-4.57761306180431e-07,7.17436726200093e-17,2.65759519177382e-16,-1.30573048135891e-07,3.15950041724575e-16,-2.16321969454813e-16,-8.68421734949785e-09,2.34639544010277e-09,3.99051836727282e-10,-2.1504628051627e-09,1.06288435440607e-07,2.85076916807114e-08,1.0304222830283e-08,-2.21009793661303e-17,5.70738188016147e-08,2.97076748389462e-09,1.40859327301591e-08,-1.47049387312591e-08,7.16218470590197e-08,-1.58495573318518e-17,-3.92961836933702e-16,-4.57610355277862e-16,-8.81870805784255e-08,-5.22014844953828e-09,-0.000178238984307185,-3.35230480725622e-16,-3.2236687793823e-09,2.25202694347118e-16,2.61971678201443e-16,6.74175092558988e-07,-4.46988577981332e-06,5.22585447138013e-16,-4.23089191058599e-07,-2.00706847131286e-08,1.27444691597343e-16,4.75050784758725e-08,1.34837978207855e-15,1.96545080850707e-07,1.87494958185505e-16,1.96900776380805e-07,1.53768916508347e-07,5.58791346163484e-09,5.88206384573882e-08,4.0858881675004e-07,-1.92008668808822e-08,0.000307256363650101,1.25576090198955e-16,3.75562022699096e-07,-2.13387195018443e-08,-8.56905077605728e-16,-2.8349172201539e-09,-5.86050087151736e-08,1.37823259087243e-08,-5.31632864094891e-16,4.5904166840544e-08,6.11436406074635e-08,2.09243911965881e-16,-2.75003244453961e-06,-3.79707186060933e-07,-1.80834463404411e-09,-3.78132225862053e-16,1.52133638640476e-16,3.34579430479908e-08,1.15343569861029e-07,9.35705276267981e-09,-1.42871237562414e-08,7.28061774936832e-08,-2.18808348739314e-16,-9.99100636764945e-17,2.67204092121055e-07,1.8430401839843e-09,8.31393070909645e-17,6.51811931844943e-07,-3.17276543059775e-17,3.06371751528029e-08,-1.27128454162754e-07,-7.43359219472252e-08,-4.94272633008486e-07,1.66590024108417e-17,-3.97522606969731e-17,-3.11015054991922e-16,-9.78933086119736e-17,-3.67229822603183e-09,-1.2763687498987e-08,4.03951441402938e-16,-8.36029778237077e-16,-1.04697813627205e-17,1.80946483309457e-08,1.63106721957461e-10,-9.05439400733828e-09,-4.94686485282004e-17,2.0515815608857e-16,1.75098650856409e-17,-3.98749694006741e-07,1.22124263056025e-08,2.64942019261003e-16,2.16365092482737e-09,-5.68199393081508e-08,-1.67599740957608e-16,-4.99877373386454e-17,-4.39193156425729e-07,-4.06209352667818e-10,-2.18916856067101e-07,2.05952676551274e-16,2.2463543150006e-08,4.31354473605728e-05,0.000190403515117549,-3.57339296585185e-07,-8.70943653838885e-08,1.42470763290365e-09,3.50415583134512e-16,3.13734149999398e-16,9.21997817202388e-17,2.7706564158567e-08,-2.5093970133067e-08,-1.05010552030271e-07,-7.55705506222017e-09,1.73100981851813e-16,2.97071727869468e-16,1.43935560566386e-16,-2.71846522206118e-16,-1.4399191484676e-15,3.65286563584143e-08,1.04805455490439e-16,-1.35394358499602e-16,-6.57618237485747e-08,2.52510392349699e-16,-5.88825699180499e-08,1.07457276410256e-16,-7.30314691077771e-08,-3.88198827876566e-17,-8.91527643041464e-08,-1.11783181384102e-08,-9.24260071195084e-08,4.28957784346703e-16,3.61122784059444e-07,1.71690236383859e-16,1.33322783802542e-05,-8.28242741340521e-08,4.58537350278521e-10,4.27851885943669e-16,7.42410781905532e-07,-5.52559813215478e-16,-4.7330364546157e-06,-9.3628086188069e-08,-4.67893442668484e-17,3.47002569795505e-17,-2.50452823800491e-16,1.35001892214217e-16,-3.49399231327742e-09,-4.55538174965014e-08,-1.01861598963774e-08,-4.6870841732703e-16,3.11676381530836e-16,-9.80617110062607e-09,8.00145770517638e-08,-1.44412755411129e-16,-5.90918758742328e-18,-4.71221617183268e-08,-9.46206654712711e-16,-3.34517504585656e-07,8.58686465518881e-16,2.87288466953902e-07,-1.38712619936985e-16,-4.73534195277554e-16,-3.29764083715891e-16,7.01427211941709e-16,3.88201233408041e-16,1.8605515477867e-16,5.59128908994953e-09,-3.9113532191517e-08,2.71831399860474e-16,-2.63953572125479e-08,0.000126763251525337,-4.66343803344052e-16,-3.42548507508946e-16,-6.3002648395508e-16,1.61021465795436e-16,1.0755229913116e-07,1.72403831773341e-08,-4.11620514526671e-16,9.81205805788521e-17,-2.28458300050381e-05,-6.30780367828081e-08,-9.58837986260676e-10,1.26343869588819e-16,2.39033801409349e-16,-1.13338611829355e-15,-3.29225904649356e-16,4.27267813246599e-16,-3.51609136788269e-16,4.181178415075e-07,-3.95831784698339e-07,-7.6181427802474e-08,-5.83576380784389e-16,-6.36533979700226e-16,4.25584493482775e-16,1.53774023476045e-15,7.40573024482995e-16,-3.12982680661309e-16,-1.55571863322266e-16,2.077729165316e-16,-1.0594805688808e-15,1.12709344683696e-15,3.45289970854608e-16,8.33221439176239e-16,-2.98077738765898e-16,1.77866256322226e-16,3.84006932400654e-09,5.38898875888983e-16,-1.08535111316256e-15,-1.33589888498318e-15,5.44519086107952e-08,-7.23953384258243e-09,-4.62736246945325e-16,-1.4062313753462e-09,4.98993340992763e-08,-3.7867603455396e-17,2.21802907881932e-15,-9.64663326170306e-08,2.75741780587035e-15,1.23555061247936e-09,-1.14161716379149e-15,-2.78316123008188e-16,-2.81748528070463e-16,9.84721538900435e-16,1.33958278478511e-08,-1.66855984981289e-07,4.21743877887016e-16,2.12961199960101e-15,-2.99862237227939e-16,2.26074046378115e-15,9.72312508285e-16,8.0537376202222e-16,2.68121196542369e-15,-3.77365459940306e-16,2.03877315952718e-09,1.80694975956331e-15,-1.49633689038903e-15,-5.5143427127518e-16,1.85455923256208e-15,-5.77363769701484e-16,-2.06796507149382e-15,-7.11966489617683e-07,3.85489368835141e-16,1.26597119853526e-15,3.00934885362556e-08,3.90090743066597e-15,5.45736407356735e-15,7.92988335844564e-15,-7.02586100263728e-15,2.52553596400719e-08,1.097204759442e-14,-2.0560820160678e-07,1.86462404563292e-14,0.707106781186547,1.33767433441799e-13,-1.07963158270212e-15,7.56867154674866e-15,4.03123564214271e-14,7.44527075831456e-09,6.93962011224985e-16,9.10403913868257e-15,3.82234093411918e-09,-9.31009814466122e-07,2.41419549078975e-16,1.04548880318195e-06,9.56867885887166e-08,-1.81387857454428e-15,-2.57132073395876e-15,-1.99983037829321e-15,1.33522920932056e-16,1.2923621547846e-15,-1.61722227336837e-07,-7.35784115993446e-16,-1.61939776963896e-15,8.4919601184202e-16,6.4845614655167e-08,2.87011129884759e-15,-1.99544702720283e-15,1.78051259699473e-15,1.03822087217318e-15,-2.96037954547177e-08,5.81905916704057e-16,8.09604127990904e-10,9.82353141639754e-16,-1.78976167499282e-15,-3.26712393973939e-17,1.42608078770575e-15,3.93804597212255e-17,4.58054362970926e-16,-2.079839271244e-15,-1.40933183319118e-08,-1.76194376391224e-15,-1.23812811559053e-15,5.92978726540706e-09,-5.69572165674085e-17,4.96616255638676e-16,-8.84705941015921e-16,-3.52776569424483e-16,4.15366761900514e-16,-1.76318687172921e-17,-4.30956816796224e-08,1.4105724792593e-16,-8.43606669479404e-16,1.28470035386609e-08,-9.04734504954961e-16,1.10965310616578e-16,2.17824573128422e-16,-1.06922710141021e-15,-2.6426243976218e-15,-6.83164071755804e-16,5.50119829772835e-16,4.43090260001949e-16,2.94904739744644e-16,-3.80458228963235e-16,9.88515228718018e-16,-6.76752111374427e-09,2.24523156359063e-08,1.08393247316004e-15,-5.14137318100167e-16,-5.22426414221125e-16,2.58689046120396e-16,-9.80335604361393e-16,1.19697778018927e-15,8.19035615031174e-16,-3.6109057028249e-16,-9.7145422581106e-06,-5.00649048253611e-16,-3.72931862907505e-16,-3.45299153039253e-16,-2.5784531819863e-16,2.50290107111498e-09,4.36455668834737e-16,-3.97842505854256e-10,-1.10013204381675e-16,-6.8267431976752e-16,-5.26228737907968e-17,-9.92292545999401e-17,1.77339099183546e-16,7.57198098551456e-18,1.80465430666447e-15,-5.31796222734084e-17,-9.03087907939065e-16,-3.29202293646955e-16,5.08207923941685e-16,1.22908861440262e-16,2.07949213657777e-16,4.20218208417334e-17,-4.6983555133424e-17,-3.70286929144678e-16,-2.54705278404652e-16,-6.77640598826915e-16,-3.23871622582939e-16,-3.18228638093204e-16,-1.74556549770166e-17,1.34287696324905e-16,7.98595899454583e-16,-2.10263691838621e-16,-1.22000706221213e-16,2.09889862171267e-09,2.67389517532798e-16,-6.37095239487096e-17,1.08278281129651e-16,3.3749313371434e-16,5.57874493777641e-17,4.88864216332349e-17,2.10084906537362e-16,-5.26753531158026e-16,1.15345707567854e-16,9.41261105335072e-17,-1.01481323344643e-16,8.43969651663807e-18,-3.77466853772641e-17,1.51223599504499e-17,2.81910168302331e-16,3.00415385165229e-16,-4.43365701618728e-17,-2.71618683638791e-08,-2.65130399268986e-17,-4.56880493832937e-16,8.36213499080708e-18,-1.81483844421424e-16,-1.53953656277112e-16,-5.43623038551914e-17,5.09520918435291e-17,-1.22908010669086e-16,-1.56264264443837e-16,9.25110937195769e-09,-9.63889732590675e-17,2.08353013855717e-16,-1.49061398878835e-17,-9.23863475924105e-17,5.30528433221146e-17,-1.28809748588399e-16,3.23931593246363e-17,6.5662307753704e-17,-1.15954337301962e-16,1.58532209796569e-16,-1.1087280956924e-16,2.45899161577531e-17,4.12236251754266e-17,2.93496677090847e-08,1.73684134205775e-17,3.32781418370196e-17,1.46323314454612e-17,-3.20273321752218e-16,-8.0667864853026e-09,-7.4290309228648e-17,2.51976961156057e-17,4.01686756900831e-17,-3.69347823264591e-18,6.14408820478935e-17,2.3702156518942e-17,1.52143327806156e-16,6.5070952896086e-18,-7.72830559801288e-18,5.6319448403523e-18,3.31005787589692e-17,4.97623292769342e-17,-3.26128842632187e-17,-2.33843963147846e-18,4.54948950550416e-18,7.2242671866643e-17,-2.03292394105238e-16
"t18",0.0230674020903152,-0.00180516864337746,-0.00157689802486403,-0.000215926976320025,-0.00622783248620501,0.0453039133586127,0.00754619219198259,4.35916878807328e-05,0.00759383108917637,-0.00285365144472357,0.000313988445594186,-0.000914049585269049,0.00195948198810415,0.000430180374318219,0.0127755474240497,-0.000334679406489335,-0.000252450786248178,5.49573263375033e-05,-0.00220673640083179,-0.00042589971822167,0.0001188222234652,-5.95385644010828e-05,0.00158885706699658,-0.000259077968942232,4.52517261931049e-05,-0.00666859987027925,0.00110969089993451,-0.000136433633205539,0.00128081467078678,-0.00651732245735858,-0.000205710564608079,0.00843822857346445,0.000494985215708185,-0.00465777823450457,0.000511508038960226,0.000511825850854026,9.29997406227422e-05,-0.000645392151250187,-0.00105722464491093,-0.000270286132591943,-0.000835925644982246,0.00151608213404223,-7.21399250116418e-05,0.00122785903327842,-0.000273167920320392,5.79810442285618e-05,-1.07555056593079e-05,0.000159270292180664,-0.00216687098757499,0.00407892770338351,-0.000223544150907262,0.000198836424729589,-3.77072558363654e-06,7.27294625702934e-05,-0.00066706130495765,0.0182067210802801,-0.000150944049110863,0.00113895272611447,-0.00423909790093616,3.91922971827129e-05,3.68002110910691e-05,-0.000511838254365321,0.00114733622676969,-0.000856072384228875,0.00071611241420095,-0.000179017321232269,0.000109154269949691,-0.0136904913772053,0.000837970721296162,-0.0151657266132291,3.67860588813121e-05,-0.000106713052317278,0.00128986164744031,0.000243268279131131,-0.000102372604720767,-9.52327666719284e-06,0.000892117416638314,-0.000132032519841293,0.00500320753685386,0.0163485704938341,-0.000389904374320045,-0.0353416204979722,0.00257105101067108,0.00105696988998454,-0.000876127389153164,-0.00241161991160072,0.00036904790443883,0.00065440093579085,1.29290899254289e-05,-0.000495000913925494,0.00122137932094499,-3.04244269365428e-06,-0.00715982662452121,0.00189288925855059,0.000108063009963872,0.000479348860186096,5.63492826377421e-05,-0.000301817460280501,0.00336249409595094,0.00946067645425217,0.00638812110443172,-1.41231681626678e-05,0.00873800961044237,-0.00138158703571691,0.000639887860188127,-0.000141650848017864,0.0794471828391053,0.000109242233644667,0.00204022920547362,-1.17170989249125e-05,-0.00040778068002505,-0.000908617161296031,0.000283858542471038,-0.000328686239143924,0.000105457669190192,-0.000398233081378457,0.00650644035828138,-0.0074372767312636,0.0171404210692399,-0.00294395664024517,0.00171547453866009,-0.00384814170078684,0.0341269160264193,0.11056854441017,-0.000100296647130926,0.00616758019907347,-0.00064710215522424,0.00829132020937409,-0.0219569037993044,-0.767207910326095,-0.00584913071355167,-0.109140923454685,-0.00283474448714093,0.0314416996322808,0.000124076301020614,-0.0279109093301804,-0.00917794973124355,-0.00968079758578772,0.155193280836824,-0.557567206776124,0.00901814276053259,9.2185413893661e-05,0.18071055470198,0.0360938726010259,-0.000117971746424838,-0.00020004445676903,-0.000601821483274483,0.00167076626584575,0.000105203910475607,0.0161639315617048,-0.000289477149824719,-0.00106691367590293,-0.000182115684540928,0.00824193875687537,-0.000125259748044265,-0.000169944609560595,0.00250103568888344,-0.000979456177376982,-0.000444008187047122,-0.000144815030510687,-0.000653478407163886,9.39038276128308e-05,-0.000587807339648937,-0.000852672513553668,0.000516040856804414,-0.000321401140981442,0.00398758453243834,6.76969723001969e-05,0.00335980201849738,0.000327795351638602,-0.000543733275401328,-9.52433190219112e-05,1.04877238036891e-05,0.000342155759090128,6.26155342931295e-05,0.00100757539825339,5.49184589409523e-06,-0.000187486290610742,-0.00157952091476513,-0.000757479318498841,0.00296247704693076,0.000736529330344016,-0.000148552209049198,-5.69554677608813e-07,-1.6579567461013e-05,-4.13597502449486e-06,-0.0069672979614131,0.00148641249585914,0.00664510791399537,-0.000611306096290867,-0.000169506575652214,0.000301524353542824,0.00772874527738811,1.61521383271106e-07,1.54340699339952e-05,-0.000259970562230935,-0.00047478950059977,-2.7051855174462e-05,0.000274402445630965,0.00010752514482159,0.000106695451130447,0.00146164924111562,-2.84996699629752e-06,-4.03545302018126e-05,-0.000691686865075127,-0.000289784285932926,0.000435301990656429,0.000194156295084991,-0.00309284433006783,-1.7275743060927e-06,-0.0116671840757477,0.00016483569974121,-0.000730725038166935,-0.00117515814898327,-6.7678759753344e-06,-4.7726429562554e-05,1.21181801515638e-05,7.58308002486523e-06,-0.000161785837568904,-0.00430536457398174,-0.000344066405836681,0.000391745744770189,8.54423540138195e-05,0.000359532518443802,-0.00469664885202157,-7.33362391356514e-05,-0.00885709114837563,-2.78305361995223e-05,-0.000540361479353087,-0.000422771912265498,0.000103696885998206,2.11837543806303e-05,0.000141408020324678,0.00131647247631818,-1.21551452122405e-05,-2.33668217897491e-06,-0.00550775685263137,-2.52477676616293e-17,-9.07306331664859e-06,0.000129242706769444,-2.56468641888185e-05,-6.47832331238702e-05,-0.00459688011987228,9.64889827933585e-06,-0.000262693885918493,6.97611573382417e-05,-1.31717662163775e-05,8.4994804869518e-07,-1.67060272429697e-05,0.00190085554295421,-4.92191152883855e-06,0.000523468769282078,-0.000389568155526801,1.66760233138241e-06,-1.07169206224069e-07,5.02568714204826e-06,-4.57675624958856e-06,7.18602261445918e-05,0.000176826189003779,-3.32409956041322e-05,6.38131877264656e-05,-0.000117882068584791,0.00133785229953279,-7.99018323739907e-05,8.1766850999611e-05,-2.76616524420324e-05,5.11363856172151e-07,0.00210074313834924,-3.38013206438983e-05,3.19696518451441e-05,1.04437454553519e-06,-2.71432837890143e-05,2.72836431697548e-05,-3.12208714434345e-05,4.91237285427409e-05,-9.45898835354839e-05,7.29595596514634e-05,-5.3167128077817e-06,0.00505724662543885,-4.00013567466665e-06,0.00018709310850887,2.14816070742586e-16,-0.000464240735186374,-1.5895180687235e-05,-1.77503538536344e-09,-1.53240889392335e-05,0.000114638179617897,-2.26217605971963e-05,-3.90103677151615e-06,4.43865506313861e-07,-2.04385670659243e-05,0.00121415819289817,2.68052462211667e-05,-2.03171592376087e-06,0.000301953022832313,-0.000364305872034935,9.94372997161948e-05,-0.000171581237074693,2.41053033403305e-05,9.84636039789975e-06,6.4880197905577e-07,0.000395604077337358,-0.000210721278213162,9.28427639284435e-07,-0.00143843834868043,3.32175358153932e-05,-0.000120343894658884,0.000426549638317742,7.69447485204509e-05,3.8466588184663e-05,-1.21776692399203e-05,-0.000391918617518689,7.88411983192872e-06,-3.60935066963229e-05,1.01905232552956e-05,9.43267535010854e-05,-0.000181298094249238,2.9342041443045e-17,5.18298906393714e-07,2.72534475244942e-05,-2.47412354913634e-06,0.000144327239247731,1.60607266458179e-06,3.76407328627212e-05,8.70988672936067e-05,-0.000112270995952326,0.00230860625264592,2.25993778505343e-16,-0.000351609803950923,-2.82073398309962e-07,-1.19215110590878e-05,4.96102066911218e-06,0.000437284932755853,-5.95691288921216e-06,-0.000226178466009043,5.99868081091491e-05,-2.47431738628526e-05,0.000368571472163052,-4.93937729888961e-06,-0.000134015900195588,-6.22691643178107e-07,-8.78581671436034e-08,-0.000132533700364245,6.98381229576184e-06,-0.000143005709510251,4.30570773071018e-18,-3.62587229249776e-05,2.83874130589575e-06,8.18089057054564e-08,7.13956460243927e-07,-0.000263162347871072,-0.000533039208831657,2.37054653400331e-05,-8.60811326411285e-05,-0.000233785234410386,-4.22120630374157e-17,-8.71478446033902e-05,-3.02146833893075e-06,-0.000108718462153608,1.78939150176672e-13,0.000328580303222808,2.57078291115097e-05,-3.92523775850722e-06,-0.000165196506206541,-5.47631052425612e-05,-2.91251364221859e-05,-9.22537499506157e-05,2.89669336512538e-05,2.04846750015601e-05,1.12987592199399e-06,6.23293668108403e-05,7.94036320054525e-06,3.71687277729895e-18,-3.1298631135399e-06,0.000559679820438707,4.96029409685557e-05,-7.44912980281502e-05,-7.73811835138557e-17,-6.31754960070469e-06,1.15328973274636e-06,-3.12946284437141e-05,-1.85830332401764e-06,-6.99900594057362e-05,6.53978027350925e-06,-8.61196843678184e-05,0.000132081866322965,-1.41080612776968e-16,0.000472222173192925,-7.94333029726328e-06,2.22948866443407e-05,0.000580370993175064,-4.77736762668068e-06,-3.95345999961701e-07,3.20056481317721e-16,-1.18469023128073e-17,-3.79311011153264e-07,-4.26992675404467e-06,5.62704863977696e-07,-6.38075544455295e-05,3.09903808454598e-13,-3.00522747862791e-05,-3.53734101958307e-07,1.76318666907114e-16,2.73873301296639e-17,-8.60427420990775e-17,7.42423032531429e-05,1.9465171888712e-05,-2.11734498643412e-05,0.000186072705281869,0.000443575722305093,1.67999504466264e-05,-7.28576838809111e-06,-3.96430206463307e-15,-1.58386115202065e-06,4.43763577137308e-06,7.86092754561352e-17,1.08882400915914e-17,-2.7602186625129e-06,-1.66330802987621e-08,-1.62385326543338e-06,9.87223950124008e-05,1.5904966287683e-06,-6.66607699147734e-06,-1.00720134842303e-15,-0.000106755371216341,-6.97358967386559e-17,-7.60587183283416e-05,9.36479626484354e-17,-1.76978988840105e-06,-6.57359355249438e-17,7.24952917999601e-06,1.90806670910113e-06,8.84676833010448e-06,0.000551204806196026,5.07437190574111e-06,-5.84944014273737e-07,3.70363802162064e-06,1.2882771648721e-06,6.95791847658927e-05,6.40167305230669e-06,1.28518297466721e-06,-3.60565691770445e-06,-6.8931695160326e-05,-5.58013688437999e-06,-1.71392015704579e-06,-2.17830075967662e-17,1.59959409053612e-05,-2.74964299604435e-06,1.41148524862665e-06,1.62053179083753e-15,2.75728537947109e-06,0.000352777727332363,2.37623827101011e-05,1.30141313804164e-18,-5.75656064534462e-06,-3.41012238526241e-05,1.46025051879004e-17,-4.02958085334564e-06,8.92678470492945e-06,-4.67500274248156e-17,-4.9512746588821e-17,-3.26751717815282e-07,-1.95597710983199e-05,-1.11346825007398e-07,-0.000154335597376783,0.000193377061132309,1.07560289379177e-06,1.1571309250522e-05,9.56898636738009e-06,-0.000384228762111771,3.67707166798459e-16,4.38853225885886e-08,3.37661583804634e-07,9.31745555454769e-07,8.71536272122301e-05,-1.01280246518774e-15,4.70941537834232e-17,2.86412335797156e-05,2.9367769976964e-17,-3.51490998027021e-15,1.20974308396508e-05,-1.77788185233456e-05,-3.32849929736594e-06,-1.96764789230838e-06,8.4995830973627e-05,2.22016588309605e-05,6.87461481287502e-06,-1.4941984753569e-17,1.57499618763224e-05,7.34729171374354e-07,3.37020020493028e-06,-3.03713568647929e-06,1.19582982747789e-05,1.12211434991764e-16,-8.99492141549341e-17,2.12892280719068e-15,-1.16087605781682e-05,-5.00229357871712e-07,-0.000152503568641719,-1.97419853212485e-15,-3.82115968948517e-07,-3.46413429816987e-16,-2.50909834966185e-17,6.21785362620324e-05,-7.33481406939239e-05,1.68918698473242e-16,-3.73338200530264e-05,-1.72766844720074e-06,5.89664874247428e-16,3.89913605930564e-06,1.66100202747107e-14,1.53004570580611e-05,-3.05650055392061e-17,1.52581212142429e-05,1.18737477767587e-05,4.29775305178619e-07,4.49908903447251e-06,3.08687057222255e-05,-1.38371052060723e-06,0.000198984346094167,-8.55831653433221e-18,2.49641622714042e-05,-1.40860925611736e-06,2.1619733243034e-17,-1.85498875435075e-07,-3.77735401698176e-06,8.77025485092647e-07,-1.90022739345971e-17,2.80674102914318e-06,3.71107368548869e-06,1.89586230963036e-18,-0.000165321176685947,-2.27210392018144e-05,-1.06414838722427e-07,6.0435929460964e-17,-1.09691998746026e-16,1.89764443510723e-06,6.4465123087222e-06,5.21423841589986e-07,-7.51405118365174e-07,3.79618024712613e-06,3.47543136521204e-17,-1.09504452466142e-16,1.38510583385126e-05,9.54675258090696e-08,-6.23931037428675e-17,3.34392475012573e-05,7.70368065806137e-18,1.55753301049763e-06,-6.38515349156493e-06,-3.73043967573187e-06,-2.47225087332938e-05,-3.57933558144989e-15,-6.47775193159793e-18,-3.59060667778088e-19,-3.81777586592191e-16,-1.78522767383452e-07,-6.1909525336213e-07,-2.76188663251355e-16,1.84736275903687e-17,-2.4993251891028e-17,8.70674407521501e-07,7.82158513448238e-09,-4.30249078489685e-07,1.18194247129225e-17,2.79182059415017e-18,-5.74898201960439e-17,-1.83969334361152e-05,5.62887234040649e-07,2.09344542363666e-17,9.86365624082182e-08,-2.57898990952182e-06,-7.24751445806064e-18,2.30052048837321e-17,-1.97300919160727e-05,-1.82331742131342e-08,-9.76575573436164e-06,3.79111494169144e-17,9.90371794867976e-07,7.45399948856659e-05,7.98890444511782e-05,-1.5583945804248e-05,-3.78544801411753e-06,6.15833538187033e-08,2.63695863430776e-17,4.09938516222308e-17,-7.82505935971425e-17,1.16694677085091e-06,-1.05651983227405e-06,-4.40777999482416e-06,-3.12525553795639e-07,6.14238221902476e-17,-4.02627151080444e-17,-2.44402774407171e-16,-8.2940871765505e-17,5.89464937307838e-16,1.48846918585969e-06,-4.49219101177522e-17,-1.91680190032264e-16,-2.66465984574742e-06,8.09869829286109e-17,-2.38520520255185e-06,-2.97852888578769e-17,-2.95686977065904e-06,2.51325979926629e-18,-3.57541441646477e-06,-4.47300813711108e-07,-3.68591982243109e-06,4.5733706782471e-16,1.4341746984914e-05,1.39501920980027e-17,9.45359689579281e-05,-3.22561175751882e-06,1.7849239115473e-08,-4.38832378168162e-16,2.8771095432047e-05,-1.25840046233343e-16,-3.28321093677639e-05,-3.60466244051721e-06,-9.14114423579968e-18,9.12988753782743e-18,2.02615492048348e-17,-2.34391045893889e-17,-1.3369338102016e-07,-1.74050954162538e-06,-3.88532346026691e-07,1.84769546175509e-17,-2.12687004542312e-17,-3.71059971436585e-07,3.02664057846196e-06,-2.77198113753849e-16,-3.21649563787327e-17,-1.76504296814837e-06,-2.32458647046459e-17,-1.25037535980821e-05,-2.10909960304646e-16,1.06728620598232e-05,4.9516110415249e-17,-1.60206650958515e-15,-9.71546423613331e-19,5.10605752584169e-17,-1.21847613587086e-17,-5.11295731248108e-17,2.04680209714447e-07,-1.43142206115925e-06,3.91084450304271e-17,-9.50019242593644e-07,0.000185019388947359,8.28563218847899e-18,3.21518167403636e-17,2.74036835711271e-15,-7.85841132012978e-17,3.9256741276303e-06,6.27636666718818e-07,-1.50156587216714e-17,2.3358515972343e-16,-3.30451415897698e-05,-2.30089795644609e-06,-3.48332757446912e-08,-5.55966322001603e-18,5.02608427911074e-17,1.73899709828016e-17,2.49922470016942e-17,-2.04022791489313e-16,-2.71569433409631e-17,1.49758100779576e-05,-1.41611946786998e-05,-2.7223479779403e-06,-9.07030870041281e-18,4.6064830268854e-17,-3.82652490818611e-17,-1.81287531245753e-17,-3.46098483015094e-17,2.17978171271012e-16,-5.40516962239039e-17,-1.42526735741127e-17,-7.43645940832667e-19,1.31718430169551e-16,8.61175119053872e-18,-3.79531921972897e-17,1.74235833306383e-17,-6.21847835570267e-18,1.34749614716434e-07,2.56002714472151e-16,-1.11682055217678e-16,-8.23871311652078e-17,1.90633023124859e-06,-2.53317587912175e-07,5.36713953262195e-18,-4.91891040910356e-08,1.7405633496818e-06,-1.95606366592528e-17,1.23612558722035e-14,-3.35329935741007e-06,3.05667525193228e-17,4.2770759437506e-08,-7.9569432889365e-17,3.43143320862367e-17,-3.18429094472513e-17,1.25089160986914e-16,4.60740050199573e-07,-5.73641316739761e-06,1.85649685257753e-16,3.07921477133297e-17,-6.0819067717454e-18,2.71305064338694e-16,-3.33934269125535e-17,-1.67301702907482e-17,4.75091786721226e-17,2.77903156208957e-17,6.85987270341506e-08,1.14193093001688e-17,-5.12651191761032e-18,3.96920083913357e-17,-9.91161518269998e-17,-2.26624192009045e-17,-1.73323334196329e-16,-2.38491319654244e-05,-3.36346590657848e-17,-9.71744723984412e-17,1.00723820671068e-06,7.8942991221569e-17,4.25685739551174e-17,2.0823296616932e-17,-5.48720138959209e-17,8.37391505302528e-07,-1.60941695940658e-17,-6.80605941832152e-06,2.01990329172673e-17,-1.73691514252082e-17,6.55504512134891e-17,-4.15237891238042e-16,4.21015464357536e-17,5.80659297598919e-17,2.45628117981727e-07,-1.8556322448555e-16,1.02045773915614e-17,1.25781779806886e-07,-3.06328358128064e-05,3.23789389436442e-17,3.43244934955488e-05,3.13935576797733e-06,1.05791509538835e-18,4.8653718731884e-17,1.06777390635968e-16,-4.5311944385754e-17,-3.90787455497911e-17,-5.25343485927828e-06,-5.14460325278516e-17,-1.04044859893666e-16,1.13963869929949e-16,2.10117685852634e-06,1.91264303555978e-16,-1.23197261834033e-16,5.78772725405358e-17,-1.05523003511034e-17,-9.56087221097347e-07,6.56990266473091e-17,2.61206181381609e-08,-3.00509796786162e-17,-2.25228905188438e-16,-1.91761769308857e-17,-3.77523057696254e-19,-1.9970842545143e-17,-1.37828326856417e-17,-7.85939833090407e-17,-4.52291603384592e-07,-7.88854655968604e-17,2.298977874104e-17,1.90054308619441e-07,-2.74055883309582e-17,4.01901073011979e-18,-7.30054772237988e-18,-2.65788714635492e-17,-2.40094974155679e-17,6.49525470938063e-18,-1.3756425983787e-06,3.044078678641e-17,1.11719643585839e-16,4.09344259349107e-07,-1.22228792842778e-16,-1.16157108702838e-16,2.70169887866398e-17,-1.18367666037899e-17,-1.32625116000384e-16,7.21417594314558e-17,-4.83788772123396e-17,-3.00390961850324e-17,2.59479634321268e-17,-5.50171286531993e-17,2.51099619034522e-18,-2.14215657873263e-07,7.10136405042006e-07,1.56560120517488e-17,9.19917545851151e-18,-1.2592509166501e-17,-4.50215345475089e-17,4.00016391538527e-16,1.54778538845112e-17,1.19283366865428e-17,-4.04694522543442e-17,-3.11089918870813e-06,-3.26828054933154e-17,2.55148871695993e-17,-5.63220919201922e-18,-4.49154099769039e-18,7.85738508659848e-08,-8.22614287705046e-17,-1.24418855459813e-08,-3.30391941588673e-18,1.34350238037826e-18,9.72613122625194e-17,-1.17932836765367e-17,3.25343168027156e-17,2.65173782515817e-18,4.03076604337978e-16,-1.74092000331066e-17,1.00619262346581e-19,-9.7791103143022e-18,-6.25507115465186e-17,-2.17738922275367e-17,-4.8886468091758e-17,5.13527339121689e-18,-2.23185092906265e-17,5.34622730149908e-17,1.2815072384565e-17,1.46845828367192e-17,-3.86193963497085e-18,6.05907354151957e-17,1.72876036402814e-16,7.27069711844683e-19,-1.39866255988885e-16,6.62481739170955e-17,9.33087754420936e-17,6.47447811974379e-08,4.73589511491408e-17,-3.29357894858861e-17,1.73295790797857e-17,-1.0967835318313e-16,-6.50856189991082e-17,-9.02785898061085e-18,1.16217453385889e-17,6.28464565620125e-17,-2.61490522902036e-17,-1.63705366924549e-17,-2.91758804615849e-16,2.1352971668248e-17,3.08663378545313e-17,1.08951395281535e-17,-8.50215816983195e-17,-2.69067875197811e-17,-1.34501062523131e-17,-8.30374122555359e-07,2.50146029251753e-17,-2.77894105344303e-17,1.7339132416973e-17,1.41263286453696e-16,-4.55412705062093e-17,-8.14504878747654e-17,-9.24349882013123e-18,-1.19226406400976e-16,3.84742366897519e-18,2.80278303965332e-07,1.2165172475815e-16,1.20625334267959e-17,-1.95888263239397e-17,-9.05616934715684e-17,1.237707026843e-17,5.15813513767149e-18,8.48152324770223e-18,1.96755023909245e-17,7.21357839162212e-18,4.5595591952837e-17,-4.81108172735172e-18,-5.79761071922209e-18,-8.52478317927357e-18,8.81379253645429e-07,9.06798105261201e-17,1.94828370523885e-17,-1.6738706547386e-17,-1.97704266152732e-16,-2.41271326868132e-07,-3.44211329269831e-17,-7.27356720863001e-17,5.94978539242166e-17,5.02990519851682e-17,5.5259698019136e-17,6.23886772650633e-17,2.11679357495523e-16,1.3859653786508e-17,-3.92213886151971e-17,1.74676169488554e-17,4.22638852731385e-17,-2.50301804721038e-17,-6.22326020227169e-17,7.61124162985534e-17,-2.54159912183255e-17,2.61608048630253e-17,-2.60233070988421e-16
"t34",0.0235203264803069,-0.00183871561713379,-0.0016040439550153,-0.000213039238837239,-0.00575199792119791,0.036655496766416,0.00594557507103253,2.9617949804715e-05,0.00135065412554919,0.00683278683970393,0.00486777041288259,-0.0102994661866314,0.0235667980009542,0.00540370599025773,0.18949716708572,-0.00720698771645876,-0.006938962044963,0.00194886979312604,-0.128867333827685,0.0147726007628093,-0.00147432143571824,0.000248917431426748,-0.0053126473147965,0.000845665719191403,-0.000145213501919685,0.00586893119373829,-0.00387814495713223,0.000415284194193214,-0.00336027749110595,0.0107101777281649,0.000292025024708253,-0.0108884115940745,-0.00055435102253492,0.00476933246127519,-0.000477317075331211,-0.000416315628558538,-7.39928827359993e-05,0.000174007744341099,0.000810565258472021,0.000201926421325287,0.000595340881173088,-0.00103761739927988,4.81841771143525e-05,-0.000818480371488701,0.000177010791700906,-3.39891366218922e-05,6.1208369126629e-06,-8.93923196355238e-05,0.00117006896839767,-0.00211160410595439,0.000109060177727454,-9.40444626674005e-05,1.7747648508327e-06,-3.26192336945405e-05,0.000209873035297294,-0.00312693327878627,6.39199098246066e-05,-0.000464486851218403,0.00172160224992991,-1.47487043365081e-05,-1.31822665156171e-05,0.000179278321562713,-0.000394954686634267,0.000293437606879292,-0.000238100107407666,5.79817180437702e-05,-3.29207059821667e-05,0.00172923022482122,-0.000270392514075016,0.00190822007152844,-1.18241858013883e-05,3.75618515025301e-05,-0.000199914111836429,-9.38437714523818e-05,3.98753801479978e-05,3.84664675981044e-06,-0.000366094693826334,5.93497305538822e-05,-0.00310650567304894,-0.00657163986452676,0.000723142540531339,0.0945990988940595,0.00224450683564612,0.000613323147937697,-0.000173514552963457,-0.000385054583833378,4.81586783206171e-05,8.27496263938478e-05,1.62159278386686e-06,-6.08276835073612e-05,0.000139617013291277,-1.82857980268042e-07,-0.000180801421845671,7.61367876458309e-05,2.30363903584145e-06,9.24868031182299e-06,1.08211926819682e-06,-4.45674419495226e-06,4.48392052254299e-05,8.31572407096683e-05,1.83428105755811e-05,-8.01183578401726e-08,2.31952180754874e-05,1.71910244831754e-06,-9.23712150688546e-07,2.17528166877265e-07,-8.95923079220961e-05,4.97521330684926e-09,-9.59987073793383e-06,3.73117734551835e-08,1.275268602626e-06,2.87530230955649e-06,-9.02953903579274e-07,1.14899851340395e-06,-3.72277499745787e-07,1.41805547763968e-06,-2.31337807378448e-05,2.59031666431643e-05,-3.54105126282316e-05,9.46041992753262e-06,-5.33754870123675e-06,1.02688974956422e-05,-6.50457611182578e-05,-0.00019068503966563,5.452032393248e-07,-1.27432933916223e-05,1.31207811505593e-06,-1.36051311375646e-05,9.55694023492719e-06,0.000322616854824598,1.82533731531181e-06,-7.09198444899755e-05,-2.41697856460694e-06,3.15137701529229e-05,1.99479347057087e-07,-8.50325671310318e-05,-2.88019895523262e-05,-3.22603663514344e-05,-0.0087936015485276,0.0386557106988419,-0.0033668208848681,-0.00336879955987651,0.119830043328046,0.00717201336728047,-5.14637401741075e-05,4.37534117482658e-05,2.05627150169924e-05,-2.73243273141597e-05,-1.50390511478804e-06,6.49645575137662e-06,3.1115660984295e-06,1.0524440395917e-05,1.70781380286008e-06,-7.3055574512681e-05,6.89844416243905e-07,8.70306769489253e-07,-1.21659905250474e-05,1.14232879310828e-06,2.70805516808736e-07,7.69811034691758e-08,8.40064675668398e-08,-4.85283884428958e-09,-2.29107664166641e-07,-3.74372584438051e-07,4.14834581725675e-07,-3.56162454465898e-07,7.01438055868916e-06,1.20250706801682e-07,5.98273183995133e-06,6.04333724237388e-07,-1.03877661567082e-06,-1.82817174443954e-07,2.12717375525632e-08,7.03684605050204e-07,1.32012260198535e-07,4.7800393176811e-07,1.16755318195563e-08,-4.10050005802047e-07,-3.44486039922603e-06,-1.64577258382104e-06,6.40738660129041e-06,1.56321582556081e-06,-3.12299720371254e-07,-1.18474772369534e-09,-3.41039464035128e-08,-8.12009001085886e-09,-1.34900174177734e-05,2.4331737666589e-06,1.07983207947768e-05,-9.14970437271474e-07,-1.81515967942732e-07,1.89816967125837e-07,9.42925079963213e-07,3.16880634164863e-11,-3.50805900836224e-10,1.94977418023971e-07,4.38634359013148e-07,3.54922705135053e-08,-4.16245818324006e-07,-3.60737496274113e-07,-3.68485667971024e-07,-6.42628797687319e-06,1.54657258181936e-08,3.38408596275859e-07,5.81108968887866e-06,2.5252931191978e-06,-4.23086340932141e-06,-2.03125916206984e-06,3.90692066800199e-05,2.7276849079247e-08,0.000219310730630326,-3.26824277917196e-06,1.84246978195149e-05,3.3909894660737e-05,1.95992854222769e-07,1.53802539002304e-06,-5.18444630838204e-07,-3.43561210193064e-07,1.02012538121286e-05,0.000107052434168846,3.19735772925586e-05,-6.2424437449239e-05,-1.62301132644568e-05,-8.59615450899815e-05,0.00167877464564345,0.000196626676636844,0.0393560218235489,-9.08980707859854e-06,-0.000106807705022923,-5.76302604323642e-05,1.23351448540357e-05,2.21701689411671e-06,1.32057428935403e-05,3.59913119796315e-05,-8.51474568207715e-07,-1.39381595382594e-07,-8.50806543907341e-05,6.23959814783889e-17,-3.55719191375514e-07,4.75493093667761e-06,-5.05265766785127e-07,-1.67738032679018e-07,3.01941985959961e-05,-2.67684689831154e-07,0.206184220437085,2.63392680100765e-05,-3.50705327446387e-06,1.01318381671578e-07,-1.50084493783217e-06,0.000120319837342698,-2.75905291722507e-07,2.80085584288416e-05,-1.65325813965344e-05,2.69517861056215e-08,-9.98956251052618e-10,1.952334596409e-08,3.56833561208094e-08,-6.20927977295225e-07,-3.03236239115084e-06,7.36431446830869e-07,-1.89526997704016e-06,3.80046142935845e-06,-4.6786903074341e-05,3.10760432302162e-06,-3.68062479629173e-06,1.26518865055629e-06,-3.2479801443793e-08,-0.000134375821371146,2.17928912500207e-06,-2.23780753460688e-06,-7.53397696452283e-08,2.15200432832855e-06,-2.20100659431909e-06,4.36051326757505e-06,-7.29196552141147e-06,1.47404337452361e-05,-1.27255983753485e-05,1.01526463313926e-06,-0.000392390874391453,1.09385801049143e-06,-5.29103373615785e-05,-1.32171934376381e-15,0.000158771963487456,5.59157273682552e-06,6.87237922480435e-10,7.65590493604588e-06,-2.38135617513804e-05,0.00154553499638492,3.15864674201989e-06,-5.15967421041295e-06,0.00102921693590928,-0.568668999478487,9.3070136794975e-05,-1.9769502272372e-06,0.000263831597453877,-0.00029765740944334,6.73670872168075e-05,-7.40688298455545e-05,9.19960580406977e-06,3.73365553398974e-06,2.45552087019206e-07,0.000120230349475873,-5.40059261645464e-05,2.33559755400951e-07,-0.000115662467639576,7.98594413729547e-06,-2.86859783634535e-05,3.12853008299899e-05,1.7209739711097e-05,8.53327597509358e-06,-2.68769476146547e-06,-2.78732139465059e-05,1.68631456985894e-06,-7.61094294131433e-06,2.13614819727998e-06,1.95818088210397e-05,-3.69152885561168e-05,-2.56568680060721e-16,9.68200604312129e-08,5.05928121859547e-06,-4.5519101033592e-07,2.65464354177419e-05,2.95326365712625e-07,6.90623242235778e-06,1.59121120890022e-05,-2.03887324806828e-05,0.000138393541430032,4.1692707412544e-16,-6.33901671850377e-05,-5.07872959044284e-08,-2.14152855462559e-06,8.90966063819857e-07,2.58586759113459e-05,-1.06685986811149e-06,-4.05468013613637e-05,1.077416000352e-05,-4.47792662652074e-06,6.74895519127463e-05,-9.13812819228915e-07,-2.49655587635403e-05,-1.16550603528736e-07,-1.65987710644497e-08,-2.50668455180345e-05,1.33081156666582e-06,-2.74227889362369e-05,-8.96437168355067e-17,-7.41139280838136e-06,5.90817792273102e-07,1.70298138727055e-08,1.58540452267229e-07,-5.91361157506828e-05,-0.000149660128387149,7.41983821905203e-06,-2.76426099704793e-05,-2.80279793929572e-05,7.22802801342733e-16,-3.74945046456667e-05,-1.41634922026887e-06,-8.50125652418436e-05,6.2866725519826e-14,0.22218103110849,-6.83385503043185e-05,6.69140314867741e-06,0.000156250574469026,2.77210718322202e-05,1.04064099356402e-05,2.60266580102393e-05,-4.44704964851671e-06,-2.93896918814351e-06,-1.0966501083896e-07,-2.83181502645091e-06,-3.44937979038388e-07,-6.464479618809e-16,-2.60943943961211e-08,2.65580127264235e-06,1.24796226783649e-06,-2.82904025841417e-06,2.4558700562966e-15,-3.55865255222133e-07,7.9392121860207e-08,-2.28090769791364e-06,-1.38508680044795e-07,-5.34353917870744e-06,5.1860988512787e-07,-7.16551147109635e-06,1.1860964944839e-05,1.56193984075612e-15,4.4161266084853e-05,-7.44942312990229e-07,2.10260833966623e-06,5.51291372777724e-05,-4.54038439544247e-07,-3.76451838340205e-08,-4.8988590961585e-14,-4.17618828291806e-14,-3.64865248792752e-08,-4.13953003142327e-07,5.46020409074091e-08,-6.23042572082069e-06,0.707106781038767,-2.96969502080036e-06,-3.51188943203027e-08,6.08953258148359e-14,-2.49441785685358e-15,3.43981927207703e-15,7.46503921291066e-06,1.9600314940985e-06,-2.14187037147883e-06,1.88234719150843e-05,1.51806772012482e-05,1.71495652942622e-06,-7.4402635373783e-07,-1.94771538038708e-15,-1.62887786386275e-07,4.57486121412983e-07,1.00310122918936e-16,1.00393360514579e-15,-2.87186024338762e-07,-1.7343389982796e-09,-1.69809953950545e-07,1.03435970872358e-05,1.67256383276287e-07,-7.01389051105329e-07,1.23741328226214e-16,-3.80612544716434e-06,-7.11181016592622e-16,-8.02986886723503e-06,-7.78240319410095e-16,-1.8717160378154e-07,4.19064852022693e-16,7.68422108112365e-07,2.02338977426789e-07,9.42404566699587e-07,1.99703828832529e-05,5.46062818252847e-07,-6.28221390969601e-08,3.9854311466772e-07,1.39398649600231e-07,7.52924318355658e-06,6.94010194492943e-07,1.39819067378109e-07,-3.94244171927519e-07,-7.57114565041333e-06,-6.15210984105224e-07,-1.89324915421283e-07,-1.45042452702163e-17,1.77817090556112e-06,-3.07700736844299e-07,1.61583970953239e-07,-1.97467532665166e-16,3.18155084858867e-07,1.40327715180426e-05,2.80183610751732e-06,-1.13393064056702e-17,-6.81008772999589e-07,-4.09703779613478e-06,-4.75062748114295e-16,-4.88374651286417e-07,1.16610983177638e-06,5.69069488518212e-17,-6.32460666137254e-16,-4.47283661526339e-08,-2.69087689225019e-06,-1.57147811701341e-08,-2.25721861659374e-05,1.08126037701087e-05,1.79215017427e-07,1.96588158974359e-06,2.45083038035402e-06,-0.0330735036207445,-2.25592114433404e-14,-1.39579054546285e-08,-8.66393201127794e-08,-1.26045599284545e-07,-5.84268389620658e-06,-1.80361640340217e-15,-3.10753015595273e-17,-5.61671040240716e-07,5.08669029685301e-17,-6.00067204482051e-17,6.88025688110069e-07,-1.08711522760234e-06,-2.0379496007273e-07,-1.34018868668794e-07,5.85276090821186e-06,1.53224533855267e-06,4.81105775657305e-07,-2.00273740878496e-17,1.2201777976017e-06,5.77591919206766e-08,2.66127708854345e-07,-2.44674451655088e-07,9.91752324463436e-07,-3.76746570693822e-16,1.69040583209478e-16,-2.10335602370643e-16,-9.92570786895216e-07,-4.31636872177376e-08,-4.5043849994366e-06,-8.88032719588851e-17,-3.3337103828442e-08,8.65505637620569e-16,-7.86318731050867e-16,5.58295254026292e-06,-2.25106889138978e-06,4.70110061989715e-16,-3.37335954978978e-06,-1.56574201725118e-07,-5.15688492731644e-16,3.55394203045265e-07,3.74451457247381e-16,1.40335250457906e-06,1.26396023804749e-16,1.40021765178676e-06,1.0900863518853e-06,3.94743544945098e-08,4.13499748404001e-07,2.84107946115388e-06,-1.28002346919814e-07,6.34518031409158e-06,9.7524001708872e-17,2.34618763111529e-06,-1.32524180820071e-07,3.5065998172382e-16,-1.74779641081996e-08,-3.56987982030978e-07,8.3160234310908e-08,1.13886952514206e-17,2.74397088537721e-07,3.73560140516128e-07,1.65615297150794e-16,-0.000958619367927138,-1.83550537359327e-06,-9.73856077935261e-09,-4.58344505144981e-16,1.48953371210306e-17,1.77824141428684e-07,6.06356841129163e-07,4.90764499125648e-08,-7.13876643795944e-08,3.61063398242453e-07,-3.39357541607798e-16,-9.91028951763015e-17,1.31837912026683e-06,9.0876759215731e-09,1.93503859089232e-16,3.1868909185208e-06,3.06770275365176e-17,1.48599783345275e-07,-6.10044553055945e-07,-3.56444657310163e-07,-2.36312939644953e-06,-3.25796788137649e-16,2.29061056390106e-16,-2.65245368323039e-17,-1.49644288667209e-16,-1.71177978346902e-08,-5.93766757881138e-08,-1.97401532823762e-16,-1.21145069138623e-16,-9.53445242005363e-18,8.35761845105924e-08,7.51064422194424e-10,-4.13537414076114e-08,-1.78105785396806e-16,-1.95806912350882e-16,-2.60208521396521e-17,-1.77352508971743e-06,5.42694458336845e-08,-1.39883410009399e-16,9.52002812900355e-09,-2.49019132302006e-07,-3.35637024374171e-17,-7.30399655706062e-17,-1.90691483328323e-06,-1.76237097314871e-09,-9.444484727324e-07,1.81956673938324e-16,9.5861751844616e-08,2.48314524528317e-06,2.66343473272167e-06,-1.51165106409827e-06,-3.6727267497397e-07,5.97746540788536e-09,2.04840487305964e-16,-3.66405277461839e-17,-2.71433521336469e-16,1.13529539440373e-07,-1.02789872061845e-07,-4.28958535177234e-07,-3.04568006927913e-08,-3.19035235354996e-17,-5.36435267289247e-17,-7.95689577103127e-17,8.48627875361427e-17,-1.49595762022438e-16,1.45258844849816e-07,-8.03909774863071e-17,1.5145330039119e-16,-2.60180014492698e-07,1.15044670580606e-16,-2.32900292898855e-07,-5.8721195229344e-17,-2.88733305489693e-07,1.27892562026377e-16,-3.49445161790015e-07,-4.37263136357316e-08,-3.60434085421947e-07,5.32105129495234e-17,1.40296519225661e-06,-7.36828830949341e-17,3.19145350663299e-06,-3.16159476320294e-07,1.74957749093506e-09,-7.65455945010334e-17,2.82130480522814e-06,-1.78308537946333e-16,-1.11145963443645e-06,-3.53750436799061e-07,-3.10283734022211e-16,3.47597892317466e-17,-3.4441172407245e-16,-9.60351917601635e-17,-1.31261744666393e-08,-1.70909104328811e-07,-3.8158055419705e-08,1.09643476071781e-16,1.3015867533932e-17,-3.64701057705466e-08,2.97487344560338e-07,9.68138437874874e-17,-3.80186613008199e-17,-1.73648753014677e-07,-6.49242251944262e-17,-1.23039028265619e-06,5.24603562848649e-17,1.05082368384803e-06,-1.23002315773391e-16,-4.46596726630609e-16,5.5005143090722e-17,-9.2844406154032e-17,5.5036782506321e-17,-1.89430250215092e-16,2.0173878261124e-08,-1.41086737932707e-07,2.24875003312059e-17,-9.36425071215017e-08,6.30518158053522e-06,8.35307333298323e-17,1.33032890849725e-16,4.20367776611068e-16,-1.98452680494141e-16,3.87534019737759e-07,6.19676710388752e-08,1.44532716461348e-16,-5.34570911416026e-17,-1.1277112627935e-06,-2.27244400647089e-07,-3.44022819850707e-09,-4.63764806791039e-17,-7.2266443802924e-18,4.84339550051076e-17,-2.4927433925563e-16,5.72472552494198e-17,-3.95347765777518e-18,1.4809787002494e-06,-1.40059860247445e-06,-2.69285265651232e-07,1.11411124260596e-16,-1.34581326274837e-16,9.9988006233546e-17,-9.28209687739569e-17,1.93582922690126e-16,1.12525065619529e-16,2.46029156489734e-16,1.63796809998148e-16,1.2415210547214e-16,-1.37199559500576e-16,2.72267348883845e-16,-5.0670347523183e-17,1.16350625003724e-16,-6.37293476357635e-17,1.33589059434119e-08,9.65602785867201e-17,-4.26365823608246e-16,-3.1982663076514e-18,1.89051460065722e-07,-2.5123471930983e-08,8.49527255867348e-17,-4.87869230178418e-09,1.72703372039998e-07,-1.11092462974056e-17,1.10898587677002e-15,-3.32898730521917e-07,-5.47068038528466e-18,4.24898015475509e-09,-2.75550828312123e-17,-1.19036564075114e-16,2.12788001919234e-17,-8.44645811834793e-17,4.58270453503445e-08,-5.70618385724618e-07,-1.62978038280067e-16,3.37204483246239e-16,-6.57092519910666e-17,-7.69398212821117e-16,1.57209315010398e-15,9.72733725021957e-18,8.62797496144917e-17,2.56626324037144e-17,6.91935661241223e-09,-2.62162073407952e-17,8.9512898549877e-17,-1.87996708979723e-17,1.23713217768e-17,1.2852011269666e-16,8.12652354934917e-16,-0.00311591765168674,2.95467867924899e-16,-3.70709311918907e-16,9.32694422132934e-08,-1.94619476170416e-16,2.33358493742735e-16,-7.88357012661195e-17,-1.79949113458848e-17,8.33073167569883e-08,-2.06099781849568e-17,-6.7848920280736e-07,-1.52093097158993e-16,-1.15804717261298e-16,1.77376606024169e-16,8.6773612655109e-16,-6.6504583021731e-17,-1.25977888167543e-16,2.46307769536481e-08,-1.46357488511715e-16,-1.81662191643439e-16,1.27745072489132e-08,-3.11533538429973e-06,2.03025393763224e-17,0.00211839375017757,2.87526645517401e-07,1.36316819314336e-16,2.25121577965879e-17,-4.09824134839237e-17,-3.1866453187156e-17,8.93742849288214e-17,-5.20367145053516e-07,1.75291793416046e-16,-9.17641266875705e-17,-1.00307271378457e-16,2.08417646225649e-07,3.69086031256823e-17,-1.64046836404074e-16,5.42407680110765e-17,-4.15039454943592e-17,-9.49635185717906e-08,1.30988117646855e-16,2.59533770911991e-09,3.81114444707744e-17,1.36312933949839e-16,1.1828908556498e-16,1.62660407986517e-16,9.16374669373515e-17,-1.56780287264489e-17,9.29920905468842e-17,-4.50080261202488e-08,-6.32657514717684e-17,1.14434660243685e-16,1.89185606437319e-08,1.19831386320215e-16,-3.58720633727964e-17,-2.39267550735463e-16,1.34347459331466e-17,-3.15162773332824e-17,-4.61497980241568e-17,-1.37060246741934e-07,5.0745939206306e-17,5.86572814443184e-17,4.07996400575368e-08,-1.27484948246793e-16,-9.61690703880405e-17,2.26668065200705e-16,-1.19897943831089e-16,1.52695561727243e-16,-1.09606098421417e-16,6.48469211502159e-17,-6.52606017972452e-17,-3.16324367048956e-17,-1.6309159073467e-16,-4.94705609105467e-17,-2.13776842643975e-08,7.08780655531474e-08,-7.0665659329274e-17,1.0532097175336e-16,5.90197383317208e-17,-4.12233442623427e-17,3.26995375221628e-16,1.14817703604234e-16,-7.56746570378668e-17,-7.36069609619267e-17,-1.07988396773265e-07,-1.74687274632284e-16,7.30136419205132e-17,-2.40598803641014e-16,-3.73603071932504e-16,7.85236432318178e-09,4.8509527091526e-17,-1.24416161661525e-09,-1.01661398293301e-16,-5.06740639392863e-17,1.35800249458334e-16,7.33634715265619e-17,-4.58863581881866e-17,-1.08044700759057e-16,-6.26678899664265e-18,8.30462299798241e-18,1.95928708280894e-16,-7.22928144770933e-18,-4.23158772883179e-17,5.54509959377999e-17,8.0028224146906e-17,-1.01146925035212e-17,1.8107622214923e-17,7.23706358661067e-17,9.21325004773727e-17,6.40205473134311e-17,-5.92637907878522e-18,-1.36698283633217e-17,6.59628601740181e-16,3.81861960973334e-17,-1.26457773188089e-16,4.08629001485293e-16,9.66707791814917e-17,6.48814821157169e-09,-7.63914834821605e-18,3.88133477149433e-17,3.89260654448986e-18,1.01645491445245e-17,-7.67157428420149e-17,-2.47807032625308e-17,7.10585689724167e-17,5.61666887358383e-17,7.35835728392595e-18,4.65648411129126e-17,-9.15066633577766e-17,1.50195442749191e-16,-8.95940935107436e-17,5.6738347070578e-17,-1.35298311161548e-16,-2.30879621065598e-17,1.16012208942174e-16,-8.33259118961424e-08,-1.45689128104093e-16,-9.84295753243767e-17,2.93257189803315e-17,1.48167133713673e-16,-6.31086664985628e-17,-8.27199594672273e-17,4.99808757893486e-17,-1.15524430451222e-17,-1.32113664185791e-16,1.62534512553716e-05,2.89457274587969e-16,1.46276199829506e-16,9.37128341102612e-17,-1.60757301582498e-15,-1.19396640470935e-16,-2.41984782278419e-17,-6.37732362515107e-17,1.2654513751986e-17,-2.58247773448421e-17,9.5063516851088e-18,1.32487649638238e-17,5.55477361731004e-17,3.97449159491829e-17,8.86835687793318e-08,-5.49632450797357e-17,-2.15820690234591e-18,-5.55278980493427e-17,-4.31946145518225e-16,-2.42915296789709e-08,1.12310118307559e-17,3.46633556924969e-17,-2.62935561756818e-17,-2.12530341693358e-17,1.70851709923973e-17,8.18465518051936e-17,7.05229456015392e-17,1.05471863468265e-16,-4.03904491046708e-17,-2.29155896296693e-17,2.04968452124963e-16,7.06668313750183e-17,-8.79190714549798e-17,1.14803609717006e-16,-4.42350969709826e-17,9.13342945427308e-17,-2.09924573722067e-16
"t820",0.0235203264802993,-0.00183871561713253,-0.00160404395501418,-0.000213039238837036,-0.00575199792119131,0.0366554967663667,0.00594557507102437,2.96179498046531e-05,0.00135065412554684,0.00683278683968944,0.00486777041286951,-0.0102994661865973,0.0235667980008739,0.005403705990239,0.189497167085036,-0.00720698771643116,-0.00693896204493578,0.0019488697931183,-0.12886733382716,0.0147726007627439,-0.00147432143571119,0.000248917431425308,-0.00531264731476409,0.000845665719186178,-0.000145213501918809,0.00586893119370044,-0.0038781449571069,0.000415284194190479,-0.00336027749108318,0.0107101777280794,0.000292025024705743,-0.0108884115939776,-0.00055435102252958,0.00476933246122755,-0.000477317075326207,-0.000416315628553824,-7.39928827352534e-05,0.000174007744339084,0.00081056525846253,0.000201926421322882,0.000595340881165838,-0.00103761739926686,4.81841771137749e-05,-0.000818480371478269,0.000177010791698635,-3.39891366214454e-05,6.12083691256461e-06,-8.93923196341497e-05,0.00117006896838067,-0.002111604105923,0.000109060177725742,-9.40444626659174e-05,1.77476485081377e-06,-3.26192336940756e-05,0.000209873035293815,-0.00312693327873442,6.39199098234343e-05,-0.000464486851209712,0.0017216022498978,-1.47487043362059e-05,-1.31822665153658e-05,0.000179278321558971,-0.000394954686625873,0.000293437606873012,-0.000238100107402431,5.79817180424841e-05,-3.29207059813896e-05,0.00172923022477898,-0.00027039251406831,0.00190822007148037,-1.18241858010993e-05,3.75618515014338e-05,-0.000199914111830429,-9.38437714494874e-05,3.98753801467899e-05,3.84664675968158e-06,-0.000366094693815144,5.93497305520101e-05,-0.00310650567294681,-0.00657163986430749,0.000723142540506583,0.0945990988908056,0.00224450683556588,0.00061332314791553,-0.000173514552956857,-0.000385054583818643,4.81586783188308e-05,8.27496263906198e-05,1.621592783791e-06,-6.08276835051963e-05,0.000139617013285803,-1.82857980181306e-07,-0.000180801421838268,7.61367876425891e-05,2.30363903566474e-06,9.24868031138498e-06,1.08211926813277e-06,-4.45674419475133e-06,4.48392052233466e-05,8.31572407057902e-05,1.83428105745992e-05,-8.01183578925224e-08,2.31952180743845e-05,1.71910244823447e-06,-9.23712150807061e-07,2.17528166844242e-07,-8.95923079174419e-05,4.97521337926634e-09,-9.59987073736082e-06,3.73117734326321e-08,1.27526860254915e-06,2.87530230941022e-06,-9.02953903540766e-07,1.14899851346793e-06,-3.72277499708025e-07,1.41805547754285e-06,-2.31337807365308e-05,2.59031666416691e-05,-3.54105126261256e-05,9.46041992699965e-06,-5.33754870086084e-06,1.02688974950031e-05,-6.50457611142002e-05,-0.00019068503965384,5.45203239311898e-07,-1.27432933907503e-05,1.31207811488246e-06,-1.36051311366891e-05,9.5569402342052e-06,0.000322616854803287,1.82533731519844e-06,-7.09198444852588e-05,-2.4169785644544e-06,3.15137701508834e-05,1.99479347041146e-07,-8.50325671251978e-05,-2.88019895503006e-05,-3.22603663490854e-05,-0.00879360154787479,0.0386557106959697,-0.00336682088461678,-0.0033687995596244,0.119830043319044,0.00717201336674082,-5.14637401701804e-05,4.37534117451394e-05,2.05627150154071e-05,-2.73243273119774e-05,-1.50390511462038e-06,6.49645575060317e-06,3.11156609806998e-06,1.05244403950714e-05,1.70781380275907e-06,-7.3055574506632e-05,6.8984441624957e-07,8.70306769337795e-07,-1.21659905240284e-05,1.14232879303995e-06,2.70805516582881e-07,7.69811034010552e-08,8.40064676286325e-08,-4.85283881307526e-09,-2.29107663913906e-07,-3.74372584364786e-07,4.14834581682141e-07,-3.56162454399342e-07,7.01438055794703e-06,1.20250706968535e-07,5.98273183936412e-06,6.04333724219207e-07,-1.03877661563813e-06,-1.82817174431407e-07,2.12717375140605e-08,7.03684604974052e-07,1.32012260212648e-07,4.78003931733419e-07,1.16755317994386e-08,-4.10050005670897e-07,-3.44486039875272e-06,-1.64577258362746e-06,6.4073866006165e-06,1.56321582539624e-06,-3.12299720508008e-07,-1.18474762578015e-09,-3.41039464622833e-08,-8.12008995126546e-09,-1.34900174162805e-05,2.43317376616692e-06,1.07983207935392e-05,-9.14970437147821e-07,-1.81515967804407e-07,1.89816967141031e-07,9.42925079824497e-07,3.16881529286666e-11,-3.50806082311974e-10,1.94977417931578e-07,4.38634359051081e-07,3.54922705663873e-08,-4.16245818070932e-07,-3.60737496267637e-07,-3.68485668016852e-07,-6.42628797597547e-06,1.54657258857085e-08,3.38408596203163e-07,5.81108968784349e-06,2.52529311885459e-06,-4.23086340878508e-06,-2.03125916120248e-06,3.90692066739769e-05,2.7276848923476e-08,0.000219310730596098,-3.26824277856931e-06,1.84246978165803e-05,3.39098946549872e-05,1.95992854158577e-07,1.53802538976808e-06,-5.18444630892063e-07,-3.43561210094855e-07,1.02012538103559e-05,0.000107052434149823,3.19735772868559e-05,-6.2424437438083e-05,-1.62301132615838e-05,-8.59615450741209e-05,0.00167877464532708,0.000196626676599719,0.0393560218160997,-9.08980707693222e-06,-0.000106807705002019,-5.76302604211735e-05,1.23351448516067e-05,2.2170168934776e-06,1.32057428908683e-05,3.59913119722197e-05,-8.51474567985361e-07,-1.39381595193047e-07,-8.50806543729719e-05,-5.17023216350783e-19,-3.55719191615053e-07,4.7549309352031e-06,-5.05265766719385e-07,-1.6773803243967e-07,3.01941985892678e-05,-2.67684689741318e-07,0.206184220389492,2.6339268004112e-05,-3.50705327322297e-06,1.01318381736917e-07,-1.50084493739011e-06,0.000120319837314155,-2.75905291538056e-07,2.80085584220377e-05,-1.65325813925543e-05,2.69517858543259e-08,-9.98956349064495e-10,1.9523345964111e-08,3.56833562766446e-08,-6.20927977302372e-07,-3.03236239062221e-06,7.36431446575994e-07,-1.8952699762479e-06,3.80046142798477e-06,-4.67869030607873e-05,3.10760432244941e-06,-3.68062479508373e-06,1.26518865013009e-06,-3.24798017486632e-08,-0.000134375821330486,2.17928912443869e-06,-2.23780753383936e-06,-7.53397697089613e-08,2.15200432769639e-06,-2.20100659375625e-06,4.36051326530452e-06,-7.29196551899165e-06,1.47404337402765e-05,-1.27255983710036e-05,1.01526463266961e-06,-0.000392390874257696,1.09385801007412e-06,-5.29103373432753e-05,-1.61283420899653e-15,0.000158771963432014,5.59157273507936e-06,6.87237952326305e-10,7.65590493353013e-06,-2.38135617426567e-05,0.00154553499581959,3.1586467407311e-06,-5.1596742082287e-06,0.00102921693551397,-0.568668999259938,9.30701367588654e-05,-1.97695022639576e-06,0.000263831597346752,-0.000297657409322314,6.73670871892316e-05,-7.40688298133365e-05,9.19960580038522e-06,3.73365553227755e-06,2.45552087390293e-07,0.000120230349419205,-5.40059261375192e-05,2.33559755675226e-07,-0.000115662467580036,7.98594413288201e-06,-2.86859783484682e-05,3.12853008130386e-05,1.72097397013966e-05,8.53327597036872e-06,-2.68769475995857e-06,-2.78732139312493e-05,1.68631456855373e-06,-7.61094293698577e-06,2.13614819626322e-06,1.9581808809729e-05,-3.69152885342688e-05,-1.15709281151886e-16,9.68200601101665e-08,5.05928121497973e-06,-4.55191010204949e-07,2.65464353987166e-05,2.9532636530321e-07,6.90623241701271e-06,1.59121120777975e-05,-2.03887324659611e-05,0.000138393541328558,2.52568955805699e-16,-6.3390167135852e-05,-5.07872960516333e-08,-2.14152855302151e-06,8.90966062816865e-07,2.58586758901923e-05,-1.06685986738269e-06,-4.05468013259013e-05,1.07741599935826e-05,-4.47792662185541e-06,6.74895518483487e-05,-9.13812817716409e-07,-2.49655587384012e-05,-1.16550603602394e-07,-1.65987717722169e-08,-2.50668454923703e-05,1.33081156486229e-06,-2.74227889079946e-05,-6.47581315665475e-16,-7.41139280017887e-06,5.90817790323273e-07,1.70298138359706e-08,1.58540452776524e-07,-5.91361156800568e-05,-0.000149660128192572,7.41983820959528e-06,-2.76426099330536e-05,-2.80279793554538e-05,2.90331708205637e-16,-3.74945045917591e-05,-1.41634921956466e-06,-8.50125651181228e-05,6.26639309791854e-14,0.222181030774551,-6.83385502027067e-05,6.69140313977712e-06,0.000156250574229031,2.77210717874274e-05,1.04064099201236e-05,2.60266579676689e-05,-4.44704963947062e-06,-2.93896918230473e-06,-1.09665011231143e-07,-2.83181502357389e-06,-3.4493797866283e-07,1.21246622307177e-15,-2.60943951683458e-08,2.65580126769165e-06,1.24796226595333e-06,-2.82904025289873e-06,-8.3185338058442e-16,-3.55865256246977e-07,7.93921110116801e-08,-2.28090769240438e-06,-1.38508679686492e-07,-5.34353916377996e-06,5.18609884339818e-07,-7.16551144513785e-06,1.18609648913669e-05,-1.22693989638614e-15,4.416126579203e-05,-7.44942322506706e-07,2.10260832344326e-06,5.51291368021069e-05,-4.54038434070783e-07,-3.76451816678766e-08,4.73579508941668e-14,4.19405318034394e-14,-3.64865259329594e-08,-4.1395297550352e-07,5.46020380191119e-08,-6.23042555544914e-06,-0.707106781334328,-2.96969536549139e-06,-3.5118901593613e-08,-6.0564981909036e-14,2.57687668829096e-15,-3.1772550680625e-15,7.46503930177598e-06,1.96003151635621e-06,-2.14187039344871e-06,1.8823472055548e-05,1.51806773133971e-05,1.7149565360086e-06,-7.44026358959059e-07,9.67163602757765e-16,-1.62887782316331e-07,4.57486125248914e-07,-3.95769609080867e-16,-1.11122207260289e-15,-2.87186026166126e-07,-1.73433763456828e-09,-1.69809954394855e-07,1.0343597120236e-05,1.67256384743121e-07,-7.01389050469216e-07,-5.10706678057033e-16,-3.80612545805579e-06,3.38185601471904e-16,-8.02986889104127e-06,8.09248501543181e-16,-1.87171603127979e-07,-6.38861937436573e-16,7.68422109196459e-07,2.02338979493793e-07,9.42404570338867e-07,1.99703829324652e-05,5.46062819445269e-07,-6.28221396645397e-08,3.98543114747131e-07,1.39398649319478e-07,7.52924320011437e-06,6.94010193114859e-07,1.39819067522173e-07,-3.94244172774531e-07,-7.57114566562292e-06,-6.15210984758421e-07,-1.89324914347364e-07,-1.31514513357768e-17,1.77817090707213e-06,-3.07700736888491e-07,1.61583971184261e-07,5.0416618331536e-16,3.18155084360628e-07,1.40327715398234e-05,2.80183611062367e-06,-1.64457622031332e-16,-6.8100877392202e-07,-4.09703780228421e-06,4.52936834602018e-16,-4.88374652059046e-07,1.16610983323501e-06,-3.99207858345613e-17,-7.73408835337499e-17,-4.47283663769505e-08,-2.69087689571447e-06,-1.57147803740775e-08,-2.25721861951795e-05,1.08126037841246e-05,1.79215018140925e-07,1.96588159079229e-06,2.45083038357185e-06,-0.0330735036601712,-1.82427857542411e-14,-1.39579045522529e-08,-8.66393208830726e-08,-1.26045599044248e-07,-5.84268390328637e-06,-2.79446750835668e-15,-1.51493620020734e-16,-5.61671040188894e-07,-2.27331154515737e-16,-5.03090236124242e-16,6.88025689016746e-07,-1.08711522841318e-06,-2.0379496017317e-07,-1.3401886904675e-07,5.85276091424409e-06,1.53224534099209e-06,4.81105776298097e-07,7.29861090985619e-17,1.22017779777413e-06,5.7759191172968e-08,2.66127709191384e-07,-2.44674451828845e-07,9.91752326010899e-07,-1.9551740986245e-18,-1.95269072680329e-16,5.12420417498895e-16,-9.9257078789373e-07,-4.31636878563498e-08,-4.50438500341916e-06,-2.44766638395105e-16,-3.33371033989093e-08,-6.7300435019006e-16,7.27619044800458e-16,5.58295254515573e-06,-2.25106889282243e-06,-9.48893741359313e-16,-3.37335955251048e-06,-1.56574202014966e-07,5.42611412263305e-16,3.55394203075519e-07,8.8686954849818e-16,1.4033525065972e-06,1.99197942400887e-17,1.4002176535738e-06,1.09008635245683e-06,3.94743547938147e-08,4.13499749111395e-07,2.84107946356245e-06,-1.28002346637922e-07,6.34518031931804e-06,-8.17271247915694e-17,2.34618763300784e-06,-1.32524180808373e-07,-3.62035603152854e-16,-1.74779634334356e-08,-3.56987982589022e-07,8.31602339931972e-08,5.34628842780156e-17,2.7439708888535e-07,3.73560141314982e-07,-1.81626580473741e-16,-0.000958619368652958,-1.83550537515476e-06,-9.73856057715435e-09,-3.69880515199504e-16,-1.07228196855506e-16,1.77824141530852e-07,6.0635684117461e-07,4.90764500898444e-08,-7.13876628648374e-08,3.61063398182492e-07,2.94618562061468e-16,-1.11940243328878e-16,1.31837912088228e-06,9.08767560375637e-09,-2.93913314205611e-16,3.18689092090853e-06,-7.29984609150992e-17,1.4859978355119e-07,-6.10044553185126e-07,-3.56444658073421e-07,-2.36312939814508e-06,-3.53169256559235e-16,-2.21478554869105e-16,-3.71617026216694e-17,9.2178883753336e-17,-1.71177981308217e-08,-5.93766757578675e-08,8.62306788006153e-17,-1.70003568661508e-17,8.4302110727924e-17,8.35761846775425e-08,7.51064363678824e-10,-4.13537416141938e-08,1.51621141942198e-16,2.2963402013243e-16,6.63531729561129e-17,-1.77352509082533e-06,5.42694465631404e-08,1.673920610979e-16,9.52002837097225e-09,-2.49019132494672e-07,1.75570002918754e-16,-1.17159812507182e-16,-1.90691483456671e-06,-1.76237100033341e-09,-9.44448472606844e-07,-3.20718519035603e-17,9.5861751950132e-08,2.48314524685269e-06,2.66343473418525e-06,-1.51165106469367e-06,-3.67272675456988e-07,5.97746560221883e-09,1.22224305811203e-16,3.6591057535717e-16,5.21014960894417e-16,1.13529539707696e-07,-1.02789872592323e-07,-4.28958535444374e-07,-3.0456800334368e-08,2.89169397319145e-16,1.02883402047775e-16,2.93060076751297e-16,-1.35889427534402e-16,-3.71503834634934e-17,1.45258844526913e-07,1.00354496084003e-16,1.87613573147153e-16,-2.60180014516059e-07,-7.46604189548448e-17,-2.32900292925243e-07,2.97432150622592e-17,-2.88733306099279e-07,-5.14508351695363e-17,-3.49445162210675e-07,-4.37263138167958e-08,-3.60434085623417e-07,1.02319670293358e-16,1.40296519323032e-06,6.41907248808363e-17,3.19145350816623e-06,-3.16159476414559e-07,1.74957744233953e-09,-3.82883363146325e-17,2.82130480648147e-06,2.37291144264905e-16,-1.11145963506661e-06,-3.53750436967615e-07,1.71051947745372e-16,8.23516208522611e-17,3.85720784874833e-16,7.58367894584377e-17,-1.3126174157688e-08,-1.70909104256049e-07,-3.8158055335319e-08,-8.40045006531311e-17,-1.60846332930218e-17,-3.64701060455299e-08,2.9748734536178e-07,7.90935614446824e-18,2.57761420517448e-17,-1.73648753105152e-07,5.34124410992135e-17,-1.23039028312599e-06,-1.2086892612203e-16,1.0508236842434e-06,-9.57758185539672e-18,2.07854919976198e-16,-4.20425356922774e-17,-7.41675324319654e-17,1.74481291879869e-17,-4.58276724697444e-17,2.01738783190549e-08,-1.41086734830455e-07,-3.39495270186355e-18,-9.36425072192091e-08,6.30518158348914e-06,-8.73148570947379e-17,-1.9325180410223e-17,1.1599420615031e-16,9.6376064390167e-17,3.8753402035242e-07,6.19676709141659e-08,6.61489293474955e-17,1.1909429803703e-16,-1.12771126288524e-06,-2.272444008997e-07,-3.44022805812238e-09,-4.79641816813869e-17,-1.01999333429379e-16,-6.38804210064457e-17,-2.77316591268683e-16,7.73903906800112e-17,-2.44702348809999e-17,1.4809787010435e-06,-1.40059860319594e-06,-2.6928526566733e-07,-1.00508249174881e-16,8.07217430959077e-17,-1.12946289481113e-16,3.49661292111306e-17,9.04482940724936e-17,-1.7308104894756e-16,-1.01584417443345e-16,-5.53731185284103e-17,1.47075628715096e-17,-5.26674885414569e-17,1.59666171065901e-17,-5.75105900860863e-17,-6.37003725252967e-17,9.67259379471761e-17,1.3358906010748e-08,-2.44022618199278e-17,-8.63600111010579e-17,6.3623684110648e-17,1.89051460043822e-07,-2.51234720308329e-08,-4.31857515648889e-17,-4.87869231507976e-09,1.72703372038287e-07,8.42271357452673e-17,1.0790625499449e-15,-3.3289873054851e-07,-3.21335333198428e-17,4.24897984231991e-09,2.12251396946931e-17,2.77541588892501e-18,4.10554109137832e-17,8.18455355200954e-17,4.58270454180993e-08,-5.70618385989801e-07,-8.29097730598332e-17,-5.89879448116101e-17,9.07513248201126e-17,-1.68804410368297e-16,-1.27068494615301e-15,-1.19916251576066e-17,-7.05743633518175e-17,8.39097227894652e-17,6.91935674066857e-09,-3.09413378077579e-17,-3.69238828173926e-17,6.45832564578994e-18,2.49224271338817e-16,4.19137645413062e-17,5.29065724196582e-16,-0.00311591765301855,2.88322969911568e-16,-4.07995071160947e-16,9.32694423260403e-08,-3.3705343660342e-16,-1.35839605093297e-16,9.23422514490781e-17,6.5197440166478e-17,8.33073165614305e-08,4.45780915621864e-17,-6.78489203070975e-07,8.3569532568e-17,2.85566013231458e-17,-1.91245249583906e-16,-1.11999100857289e-15,-3.73446075838194e-18,1.16991913997524e-16,2.46307770150833e-08,-5.12393375725225e-16,2.55921202866997e-16,1.27745071813275e-08,-3.11533538564757e-06,-5.26733310138917e-17,0.00211839375105329,2.87526645700361e-07,-1.00552260009789e-16,1.6223721960405e-17,-8.66559026857817e-17,7.07181694803503e-17,9.9587250353045e-17,-5.20367145355794e-07,-1.4322092329382e-16,-8.10101963890169e-17,9.21539654660189e-17,2.08417646349296e-07,8.72432647700045e-17,1.25667650235734e-16,1.32473758645301e-17,2.44652621895947e-17,-9.49635186103751e-08,4.87666596584023e-17,2.59533777977258e-09,3.35103515325316e-19,1.35270425801254e-17,1.57506024915523e-16,1.1393852650957e-17,-9.32401521694749e-17,-6.77734332846849e-17,-9.72863336686497e-17,-4.50080253696017e-08,1.37871003635014e-16,2.15696795829955e-17,1.89185602874667e-08,-6.46594069262531e-17,-2.24280860996152e-18,-9.24439158099655e-17,-5.80235614991201e-17,1.58983020141474e-17,-9.99618435981562e-18,-1.37060246732653e-07,1.05064314129422e-17,-9.2924982722117e-17,4.07996403346921e-08,-6.91532908485988e-17,5.05405220006407e-18,-2.90344531768135e-16,5.21938564096536e-16,5.85965686917066e-17,2.21948417619449e-16,-1.45287384158338e-17,-1.03072490818204e-16,-6.98666483294028e-17,8.65454415848657e-17,6.32976188169666e-17,-2.13776841731306e-08,7.08780654946356e-08,-2.69143300711265e-17,-6.58006907363591e-17,-9.60290973824658e-17,5.27518633911479e-17,3.38271077815477e-16,-1.03622193573146e-16,-1.50145715256086e-16,8.66597121331691e-17,-1.07988396764427e-07,1.88665122640603e-17,9.81119095248097e-18,2.18388894867206e-16,-8.4357122983497e-17,7.85236436390671e-09,1.40798261208644e-16,-1.2441620056451e-09,9.51033176268017e-17,-1.86517373085943e-16,1.05269431220846e-16,-1.5371328755695e-16,6.30870565524084e-17,-5.01071987903233e-17,-1.45372398337137e-17,6.55298049682114e-17,-1.46218824096324e-16,1.64517773734255e-18,1.25583046999842e-16,-1.12431692066283e-16,-2.96198754051396e-18,3.13270638932981e-17,-3.41302113254948e-17,2.26132208572679e-16,-4.29665717411606e-17,8.33374675057102e-17,-9.0106193225262e-18,9.5912237514174e-17,4.42354486374086e-16,-2.15489483813633e-17,-1.17621525482799e-16,2.24388770904824e-16,-7.11421729656889e-18,6.48814821715083e-09,-1.52709322470921e-16,-2.09261919889324e-17,-1.01170161271837e-17,-7.80814330599109e-17,-1.03353374951894e-16,2.9323504889913e-18,-1.03724035764874e-16,-1.44694707096942e-17,-7.36092878352487e-17,-5.99707109139986e-17,-2.59774840527527e-16,-1.26852168798552e-16,-1.34750311746926e-18,-3.02553002331181e-17,5.73701688586304e-17,1.1903841559949e-17,-2.0304381909854e-17,-8.33259119257438e-08,1.06783553882254e-16,-8.92609146079069e-17,3.29271151272147e-17,-1.01387614468859e-16,1.31536663721186e-16,-3.74911191587151e-17,-9.33641276920987e-17,4.11067733156881e-17,6.3705233173353e-17,1.62534512620866e-05,1.65478756163748e-16,9.29303088286362e-17,1.05536064739264e-17,7.72086951607579e-16,-3.15813839260893e-16,1.55371757058536e-16,-5.96621235073477e-18,2.51549801037117e-17,-1.23218977747917e-17,-1.10922148086251e-16,2.84746272960242e-17,2.18171406828952e-17,-2.76747037446844e-17,8.86835687455987e-08,-2.82858822897265e-17,6.22889767288966e-18,-1.51064565298981e-16,-1.90819582357449e-17,-2.42915296124378e-08,-1.0365298460239e-16,7.08236431751917e-17,-9.04763253206172e-17,2.21791575615627e-17,3.87751822480137e-17,4.61037161374237e-17,2.60910014786007e-16,2.02196324127172e-16,-5.16779007416848e-17,-2.03024179571e-17,1.08557050854739e-16,1.22188139029662e-16,-1.23985648835743e-16,9.70217590677303e-17,-4.13595019179163e-17,5.83902805191235e-17,-2.04707829380581e-16
"t30",0.0235299135161499,-0.0018403009985062,-0.00160547205839233,-0.000213294080949279,-0.00576044097208196,0.0367187523168689,0.00595603955193399,2.96742887071516e-05,0.00135369689540727,0.00685152352330174,0.00488480489769854,-0.0103441603608261,0.023672161083279,0.00542824372058478,0.190396557708852,-0.00724329166968147,-0.00697478426432497,0.00195912059003962,-0.129561513067878,0.0148593679188133,-0.00148372316306606,0.000250853271974543,-0.00535642943485149,0.000852677333642887,-0.000146422549691323,0.00592028577970904,-0.00391250894363494,0.00041899935044314,-0.00339120350189704,0.0108281208231337,0.000295474122265327,-0.0110234337112356,-0.000561773589203132,0.00483655373746736,-0.000484428036114969,-0.00042307580985776,-7.52115715156657e-05,0.000176925169092379,0.000824259736814818,0.000205395478820069,0.000605902964065159,-0.00105653496907897,4.90776290613164e-05,-0.000833678150884642,0.000180363304104239,-3.46804100928516e-05,6.24799644818355e-06,-9.12679377389342e-05,0.0011953037657759,-0.00215850039220581,0.000111577171553051,-9.62535927559612e-05,1.81656197403966e-06,-3.34043495321575e-05,0.000215141061494148,-0.00320591666787713,6.57217784201446e-05,-0.000477965742346462,0.00177173284090406,-1.52090201379915e-05,-1.36152290037639e-05,0.000185314650611391,-0.000408520539598718,0.00030356697887596,-0.000246626153331351,6.0126407153813e-05,-3.42266255914349e-05,0.00179996872516163,-0.000281610636405054,0.00198941028063337,-1.23964372899796e-05,3.95585598108924e-05,-0.000210692688829664,-9.90524278635754e-05,4.20966254118707e-05,4.06360634386629e-06,-0.000386845503183642,6.27959731137868e-05,-0.00329688431089798,-0.00698314149358199,0.000770105395566037,0.100791045567457,0.0024000151227262,0.000656543775752568,-0.00018665337001107,-0.000414782778691794,5.19500979857812e-05,8.92849008061453e-05,1.74976600793281e-06,-6.56455569833445e-05,0.000150757661308952,-1.98497440262457e-07,-0.000196362955029615,8.29732001500742e-05,2.52595404359689e-06,1.01509210271976e-05,1.18773692729823e-06,-4.90378733588483e-06,4.93826611193625e-05,9.19106916920444e-05,2.0334283361217e-05,-8.88406940688239e-08,2.57282536274666e-05,1.93464271448159e-06,-1.04072674470252e-06,2.4530648664136e-07,-0.000101197738818468,5.62225581659942e-09,-1.08572078167143e-05,4.22511497403383e-08,1.44467871435058e-06,3.26524030641742e-06,-1.02571155146909e-06,1.31391460443488e-06,-4.26332009133846e-07,1.62923776670166e-06,-2.66183205883169e-05,2.992857523723e-05,-4.1081232874627e-05,1.10102097040781e-05,-6.22328769344444e-06,1.20506719940765e-05,-7.66628601877309e-05,-0.000224778909680902,6.43090340707287e-07,-1.51003887380694e-05,1.55537231024544e-06,-1.61935018582066e-05,1.15143863035974e-05,0.00038874968975923,2.20177334227848e-06,-8.62943334538084e-05,-2.94612299649352e-06,3.84623706162635e-05,2.44770396022873e-07,-0.000104417703113416,-3.57911562299318e-05,-4.04971348566211e-05,-0.011202410503442,0.0492658174942101,-0.00430225034143622,-0.00431061686131102,0.153668491612214,0.00920508174530309,-6.60530439013317e-05,5.65041154488609e-05,2.68979953930803e-05,-3.62412978023004e-05,-2.00185699793677e-06,8.71790961702223e-06,4.17830909017411e-06,1.41775452078934e-05,2.30496127272439e-06,-9.8814048255855e-05,9.52750985226144e-07,1.20621136672026e-06,-1.69040305294695e-05,1.69316380082072e-06,4.0879261119751e-07,1.16544835541328e-07,1.29309536219811e-07,-7.49621673842582e-09,-3.62134829769339e-07,-5.93471143417326e-07,6.73852819263784e-07,-5.93436988986886e-07,1.27382044950794e-05,2.19128750319015e-07,1.09118102798061e-05,1.11736185342489e-06,-1.95273387660431e-06,-3.44509454755201e-07,4.15231165075616e-08,1.38980475102184e-06,2.67728965784555e-07,9.76008102574441e-07,2.39234467947841e-08,-9.01535826814328e-07,-8.25547761131452e-06,-4.0097219160182e-06,1.58669261923977e-05,4.07514736242351e-06,-8.31600251576297e-07,-3.22377937893991e-09,-9.47907195067299e-08,-2.43969679137177e-08,-4.13943602248045e-05,9.31612011182022e-06,4.1711705847006e-05,-3.89329881997195e-06,-1.11450778949509e-06,2.00642900642421e-06,1.36690190725574e-05,1.10647100282022e-09,1.05779359037028e-07,-1.78586252185862e-06,-3.26028458923221e-06,-1.85359321017695e-07,1.87683276435343e-06,7.12420217992001e-07,7.05255068277656e-07,9.42021872058582e-06,-1.77765560418008e-08,-2.23244141622757e-07,-3.82369185607888e-06,-1.57825581126897e-06,2.25349382128928e-06,9.65266583174279e-07,-1.3445088534371e-05,-5.85462194239935e-09,-2.84316136064737e-05,3.46857019362991e-07,-2.37054369255384e-07,1.06572650303849e-06,6.37664002422183e-09,9.83474109352596e-08,-6.9460368921849e-08,-5.0188628630632e-08,2.08880825040999e-06,2.57451838073439e-05,8.06003841834222e-06,-1.85027232388491e-05,-4.9702715247932e-06,-2.72277777598133e-05,0.000582958727571062,6.94424834995314e-05,0.013955981108961,-3.50338360665011e-06,-4.30843104767163e-05,-2.43724856596742e-05,5.32463399465605e-06,9.77001918476277e-07,5.93082045954897e-06,1.62498540163641e-05,-4.03241110334314e-07,-6.79472472757039e-08,-4.27799160220677e-05,7.47327800150806e-17,-1.86931460562511e-07,2.52091812634123e-06,-2.85017180616443e-07,-9.94597703588599e-08,1.86981849970632e-05,-1.66214444861731e-07,0.14006023042099,1.81925813419988e-05,-2.4414335271776e-06,7.33653590624634e-08,-1.11824788028195e-06,9.49113531232921e-05,-2.2375777762107e-07,2.29875093638837e-05,-1.45721353872409e-05,3.982950430467e-08,-2.23662873161459e-09,9.34900650138441e-08,-6.42439208058776e-08,9.85954691399187e-07,1.87600221441758e-06,-2.93739232351353e-07,3.97487439369016e-07,-6.32604549625131e-07,5.94788978146113e-06,-2.50658677535383e-07,9.16054446244188e-08,-2.4441671607001e-08,-2.46487070696879e-09,-1.04242921722153e-05,1.73141464801471e-07,-2.19218974883863e-07,-7.85959503916498e-09,2.64461607372363e-07,-2.77522217045776e-07,8.70946028499282e-07,-1.49703242728873e-06,3.08743226365145e-06,-2.77682154314025e-06,2.27926895413953e-07,-9.28806331316771e-05,2.62299504584021e-07,-1.28098159281139e-05,-1.31301206280709e-16,3.95702950552955e-05,1.39832041629844e-06,1.73671279350731e-10,1.97661483934084e-06,-6.24171335419107e-06,0.000407622207022552,8.35458035036496e-07,-1.40087978812094e-06,0.000279738585574369,-0.154605918618694,2.54045691617865e-05,-5.42102629247644e-07,7.2334828610429e-05,-8.15877203871442e-05,1.8433260502388e-05,-1.98956563518001e-05,2.43864799041264e-06,9.88862093376153e-07,6.50176854206058e-08,3.03514593379504e-05,-1.25327113918924e-05,5.34792815392087e-08,-2.59374670529774e-05,1.74241296653607e-06,-6.20327170839996e-06,6.21474342143565e-06,3.39403758958176e-06,1.66016093672262e-06,-5.17916828142373e-07,-5.1966616283467e-06,3.02182512145172e-07,-1.31052704409894e-06,3.61084840583993e-07,3.20258959864465e-06,-5.58414448821611e-06,2.74289973884683e-16,5.47137958002442e-09,2.26855215798545e-07,-1.20545785601764e-08,6.88144453332214e-07,7.48052337064113e-09,1.42561458597777e-07,1.84769105090687e-07,-1.0937395325062e-08,-3.20190795585403e-06,-7.85046330216862e-16,5.33426383907121e-06,4.69566976292395e-09,2.37396473845004e-07,-1.00771902994502e-07,-4.20653974506083e-06,2.05484025110702e-07,9.66857773142044e-06,-2.93786556830456e-06,1.59116802086634e-06,-2.9953215280461e-05,4.64120941037026e-07,1.36565173072828e-05,6.67287069458263e-08,1.02974207665581e-08,1.56881183570212e-05,-8.81154276273187e-07,1.89650146273627e-05,-3.94583359301215e-16,7.08066941585861e-06,-6.03881248586319e-07,-1.74179483965233e-08,-1.97096860529969e-07,7.5762522496701e-05,0.000282775798313969,-1.58206519874308e-05,6.04079359622364e-05,6.74024737723299e-05,-2.94020506046508e-15,0.00010114570295757,3.99490718656324e-06,0.000286204857275128,-2.24436450898438e-13,-0.927677276950431,0.000301596811152104,-3.04170222101686e-05,-0.000756480585962017,-0.000150172242040755,-6.17349277385788e-05,-0.000166528350918876,3.66841410952277e-05,2.50784019154427e-05,1.16300885906599e-06,5.06002904876214e-05,6.37933143453452e-06,-8.06256841621959e-16,-1.82342586383816e-06,0.000104541013137208,2.54250405577722e-05,-3.40328888007989e-05,-3.79159397255341e-15,-2.37854295475127e-06,3.69696185294373e-07,-9.45513107542911e-06,-5.47369387996972e-07,-2.0029807214497e-05,1.78149558599747e-06,-2.18680917835966e-05,2.92837119102302e-05,-1.06058079019203e-15,9.57735762832409e-05,-1.60017359505569e-06,4.43031744097121e-06,0.000113268111048257,-9.31125727467842e-07,-7.66787938881731e-08,3.10168557504653e-15,-1.97930782652436e-16,-7.16323887315463e-08,-7.89336192033043e-07,1.03756634974381e-07,-1.15593697085456e-05,1.90004378337875e-10,-5.25736536509106e-06,-6.10190428559272e-08,-1.05068031539013e-15,2.90897237589005e-17,7.97987129731101e-17,1.23156267540431e-05,3.21440399838872e-06,-3.44449069860709e-06,2.98055398021852e-05,2.39952961212975e-05,2.66924643566784e-06,-1.15605356469778e-06,-2.5891721146581e-16,-2.46036114010089e-07,6.84700831937963e-07,8.49030354928654e-17,-3.16454826704022e-16,-4.16020321403759e-07,-2.49446152551532e-09,-2.41996771340374e-07,1.4653460438385e-05,2.34382610744225e-07,-9.81213247548012e-07,-9.33541305043892e-16,-5.31237846894643e-06,4.91525415357946e-16,-1.11354398586061e-05,-4.69025859817229e-16,-2.58364893325126e-07,7.03182667091097e-16,1.05466757574797e-06,2.77398391822144e-07,1.27363636179365e-06,2.69113045719939e-05,7.34972585118779e-07,-8.4124438917932e-08,5.3138932205848e-07,1.8409130235268e-07,9.94237633810393e-06,9.13849634228639e-07,1.83180488229562e-07,-5.13153558382145e-07,-9.80289019660073e-06,-7.93359551738629e-07,-2.43675350852451e-07,1.07196417775231e-16,2.27529875935449e-06,-3.91600662344319e-07,2.02728247422779e-07,2.88974189106037e-16,3.97626611888487e-07,1.74395558308048e-05,3.47394239004969e-06,-2.59661278423167e-16,-8.43371187978057e-07,-5.05059919307513e-06,-2.73252463944126e-16,-6.00717942623872e-07,1.41657764998209e-06,1.05019677728339e-17,4.96643170928808e-17,-5.40886017212525e-08,-3.25268909103782e-06,-1.89604947400861e-08,-2.71758073107488e-05,1.29565738381039e-05,2.14664879756716e-07,2.35342196139256e-06,2.91655438445505e-06,-0.0391761161604808,-2.39803836510344e-14,-1.65051770720335e-08,-1.02420938519854e-07,-1.48854091755297e-07,-6.89160874588751e-06,-2.28812114597266e-15,-1.63602476216625e-16,-6.61424367403089e-07,-4.43958528093444e-18,3.34419267879429e-16,8.02343345798453e-07,-1.26571022176653e-06,-2.37267154946671e-07,-1.55496842338555e-07,6.78763320863326e-06,1.77682080334136e-06,5.57550053612533e-07,6.19297613695936e-17,1.40496342252957e-06,6.64179652474667e-08,3.05890086667179e-07,-2.80629036398175e-07,1.13316066042149e-06,9.04396527709988e-17,1.49409334694217e-16,8.78766078813379e-18,-1.12812976499843e-06,-4.89505678436334e-08,-5.1074313643654e-06,-4.87290097902142e-16,-3.77214690881822e-08,8.36822685385072e-17,1.64502867766084e-17,6.26221361957315e-06,-2.52468345956977e-06,1.15532583500055e-15,-3.77566810180576e-06,-1.7504196856475e-07,3.34344004295472e-17,3.96375451858178e-07,3.21164445418431e-16,1.56082999780619e-06,-2.13802512509842e-16,1.55695951634124e-06,1.21188073809168e-06,4.38753549613213e-08,4.5946355493886e-07,3.15477532934427e-06,-1.41783440679678e-07,7.00463457319971e-06,-9.95779166930623e-17,2.57951632107396e-06,-1.45641760811737e-07,7.21597289298163e-17,-1.91971494917838e-08,-3.91702741269937e-07,9.11639123388636e-08,-7.87029911936967e-17,2.99889444455116e-07,4.08022392323182e-07,5.09102349500102e-17,-0.00104623338809273,-2.00249163028217e-06,-1.06094669494677e-08,6.82458560813711e-17,-1.66228567526345e-16,1.93091380105791e-07,6.57514527255181e-07,5.32021435794669e-08,-7.69444957342866e-08,3.88815520662166e-07,-2.0269319732806e-18,2.16121472728105e-16,1.41883028910494e-06,9.77932465070439e-09,-1.7509686442955e-16,3.42587790289105e-06,-1.55726889866753e-16,1.59584643760308e-07,-6.54258182084917e-07,-3.82242023328091e-07,-2.53321442121859e-06,-3.99860216417717e-16,-8.29794337339638e-17,2.90574284273666e-17,-5.39110078032824e-17,-1.82895303491513e-08,-6.3424240363712e-08,1.60978276303775e-16,1.29899375645075e-16,-1.31901313359392e-17,8.91882571906394e-08,8.01169090496482e-10,-4.40637340070057e-08,8.24867792988593e-17,-3.61039323437673e-16,-1.23815888097845e-16,-1.88282821693388e-06,5.76069615022738e-08,8.59918985945789e-17,1.00914381498415e-08,-2.63818949505941e-07,3.51001190130518e-17,2.81979991650508e-16,-2.01762438018982e-06,-1.86449594279886e-09,-9.98422972432585e-07,3.29179897681014e-17,1.01213695400967e-07,2.61999279761902e-06,2.80757279904968e-06,-1.59143324287739e-06,-3.86525906116005e-07,6.28685429010804e-09,5.1494855625479e-17,-6.01238966825483e-17,1.48517580928752e-16,1.18987543943731e-07,-1.07725878687671e-07,-4.49360802175791e-07,-3.18360441915701e-08,-2.75293724056586e-17,3.5947135609971e-17,-2.40701481966445e-16,-5.08685828061727e-17,-5.46924215835167e-16,1.51499912568478e-07,-2.48815262055405e-17,-4.60112327351883e-17,-2.71126751298837e-07,1.27935482547328e-16,-2.42688256206556e-07,9.95574844719331e-17,-3.00844757595221e-07,-3.27801308519947e-17,-3.6357125908925e-07,-4.54782541375864e-08,-3.74678942149947e-07,5.82212478609705e-17,1.4574785836109e-06,-1.66328762198497e-17,3.31086573544991e-06,-3.2740842039965e-07,1.81168954894913e-09,-2.5539080487951e-16,2.91940511672347e-06,2.78596607617577e-17,-1.14883883825094e-06,-3.65627691116372e-07,-2.41748962118343e-16,-1.04821831993001e-16,-2.15219558423281e-17,4.07478287767045e-17,-1.35547199818705e-08,-1.76447434382571e-07,-3.9383839492632e-08,1.04561388497755e-16,6.24653276203329e-17,-3.75931556633546e-08,3.06630676311787e-07,-1.2959454950031e-17,-1.60386937052147e-16,-1.78704609084786e-07,6.55650598759532e-17,-1.26579468641704e-06,-7.02478229232136e-17,1.0800359498207e-06,3.83650067826353e-16,-4.04367386934266e-16,-5.166537031086e-17,2.61231317878083e-17,-7.86726310476419e-17,3.46637041439399e-16,2.06957325063724e-08,-1.44732835812285e-07,-1.03210988584313e-17,-9.60008803111141e-08,6.46225674030313e-06,1.12880486937306e-16,-8.73546493961395e-17,2.55366437322526e-16,8.46250958779303e-17,3.96739262703925e-07,6.34231069779631e-08,5.98226467451677e-17,-4.23199836180732e-17,-1.15386522118713e-06,-2.32505976742068e-07,-3.51943911860871e-09,8.74582858353741e-17,-6.24067311871896e-17,1.03285914046326e-17,3.45994794685063e-17,-1.94038664599648e-18,5.09567484476477e-17,1.51205776220225e-06,-1.42973126101972e-06,-2.7483713632179e-07,3.3222400910721e-17,3.52654527976694e-17,1.50936565927118e-16,3.76371339137573e-17,4.96328674707553e-18,-2.56509953651688e-17,-7.64472646150577e-17,-7.64832680225459e-19,-4.20838361687735e-17,-2.31707790085125e-17,1.43886716493929e-18,3.21720334332994e-17,7.91491870390053e-18,4.78557702077994e-17,1.35953693852476e-08,1.63614702172489e-18,1.56984583600871e-17,-6.30550467283612e-17,1.92330147076486e-07,-2.55571393457446e-08,7.87846854539556e-17,-4.96266036730004e-09,1.75602667526893e-07,-7.20837072567462e-17,1.18166982273968e-15,-3.3831914770058e-07,1.32405949905116e-16,4.31570870491883e-09,-3.62783564844013e-17,7.2317834681052e-17,-6.35321261013603e-17,-7.31525609557756e-17,4.65108504317794e-08,-5.79106821617487e-07,-1.46118807107856e-17,-5.05129186544393e-17,6.25618836799325e-17,-8.70064170621616e-16,4.80084721976581e-16,-1.44055000694737e-17,-1.79079346249486e-16,-1.57193514256825e-17,7.06349424280809e-09,5.1570762054484e-17,-4.23905001690368e-18,2.00524189673488e-17,-2.3925257662779e-17,1.21000829098382e-16,6.52810387918686e-16,-0.00605908600213979,6.10929312445845e-16,-6.25398691619597e-16,8.73075990258973e-08,-4.19029238885982e-16,1.53534502334018e-17,-6.46070603125157e-17,-1.55012859714482e-16,8.33697321358492e-08,-2.29020379916735e-17,-6.79296249852652e-07,4.52200602302776e-17,-2.98219291298547e-17,7.94130953179776e-17,3.66739855172694e-16,-3.19888205396118e-17,-6.41950675923715e-17,2.46697006042292e-08,-4.00874828276917e-16,-1.50301576448856e-16,1.27952043947827e-08,-3.12037704297408e-06,-1.56143194046554e-18,0.00212166299311277,2.87959525710673e-07,-8.27029394145263e-17,-4.26556308181267e-17,1.54272004457337e-17,-9.20180343081705e-17,8.86106237260039e-17,-5.20631223046598e-07,-4.08507117668266e-17,-1.212885229189e-16,-4.86404956851649e-17,2.08454096609311e-07,1.75568371363362e-17,3.316964899865e-17,2.3350931153835e-16,-7.04547110076438e-17,-9.49360736555295e-08,-6.75974282493249e-17,2.59420499529539e-09,-5.12396041319392e-17,4.04291811523913e-17,1.2310947452739e-16,8.67764090130728e-17,-7.18969615189373e-17,4.54385302349391e-17,1.74784065978689e-17,-4.49521924691687e-08,-9.99141067037106e-17,-2.17529488819975e-17,1.8891232268131e-08,-1.54082128405542e-16,-1.00619001075418e-16,-7.82505496697561e-18,-8.72537542012517e-18,2.86058071022887e-17,-1.71150038156403e-17,-1.36773392812367e-07,1.0563719677546e-17,3.70910712282695e-17,4.07022903167662e-08,-7.78223298784393e-18,2.2551652354552e-16,1.95036558671811e-17,4.18315066826193e-18,-1.98848849042754e-17,-2.20434097174649e-17,-4.63942217948056e-17,5.86529052411633e-17,-9.45795734317611e-18,7.81315051232368e-17,5.40742837641602e-18,-2.13033814341136e-08,7.06224095963036e-08,7.18642025779719e-17,6.67284989623258e-17,1.83385313468905e-17,-4.88892290590358e-18,2.14238349283136e-16,-6.28039115372278e-18,-1.9016693974048e-16,5.70358270281306e-17,-1.07524897010778e-07,-8.54233271930365e-17,8.64804340839846e-18,-4.84863969099208e-17,-7.3302327269176e-18,7.81409855472794e-09,7.42833224688113e-17,-1.23728655881775e-09,-5.98523763420519e-17,-1.09944688963089e-16,-1.52331003457334e-16,-3.03252485039337e-17,-6.55992060644093e-17,8.32726146707663e-17,1.43373484555967e-16,4.96963502936126e-17,-2.71310582215907e-17,-1.85784024470816e-17,1.76471363937463e-17,1.16935163765109e-16,7.86707932474691e-17,4.51645547309732e-17,-6.27491106404934e-17,-4.73087309375187e-17,1.11689674277742e-17,-2.12293895076989e-17,-1.31627276732877e-17,-6.03726827496468e-17,-1.99059518868339e-16,-7.04277657290893e-18,2.27423906521729e-16,2.20810744915654e-16,7.49703524248028e-17,6.43693479622164e-09,8.28974719494877e-17,1.59524999579988e-17,-1.7699855881566e-18,-1.94544990016835e-16,-1.25344557220316e-16,-1.45683793547721e-17,9.67930152415278e-17,-1.78690953543372e-16,9.10359823952869e-17,6.39662245136154e-17,8.23993651088983e-17,-5.67208414516858e-17,2.66507182775135e-16,-6.3629726730314e-17,-1.62821075874939e-16,-1.28411981983287e-16,-2.7903696917816e-17,-8.25385621084347e-08,7.26869157456593e-17,1.03277488736224e-16,1.9072813800325e-17,5.74225178303774e-17,1.09821789707864e-16,-5.63115500506524e-17,3.55049089041221e-17,1.19377595592798e-16,7.46015047882953e-17,1.60744870186958e-05,5.51987524005456e-17,9.74401958118536e-17,-7.64948795019893e-17,2.73298393812559e-16,-3.5222332187212e-16,-7.08726550672276e-18,-1.23633278871508e-16,5.14610811822061e-17,4.45750432021042e-17,-1.36112729646934e-17,2.05910027338762e-17,-1.06730177489909e-16,-8.97931155901329e-17,8.7572024092545e-08,4.50702437394452e-17,6.08120886084317e-17,2.27571595022615e-16,-3.63424568217141e-16,-2.3970214324539e-08,6.27071875494835e-17,-3.69029078436911e-17,5.8335526117085e-17,3.33327082978123e-17,-1.47329281127264e-16,-1.31813279175915e-17,2.94491943546585e-16,-4.0028441013898e-17,-8.11073832858412e-17,3.42726848313479e-18,4.84641006717343e-17,-1.52774944127037e-16,-1.00299369452062e-16,1.83608978332358e-16,4.87830325794548e-17,1.28695125005866e-16,-2.50373966401441e-16
"t907",0.0235572270851226,-0.00184480930563591,-0.00160953264946883,-0.000214017777130238,-0.00578439084047848,0.0368979974188752,0.00598568826337649,2.98338202373716e-05,0.00136230074709461,0.0069044002458872,0.00493273348235799,-0.0104694988952993,0.0239674858257952,0.00549700236727676,0.192914785695193,-0.00734482563622155,-0.00707492257018891,0.00198776517036369,-0.131500364408441,0.0151012584807435,-0.00150988329821784,0.000256211500692545,-0.00547740628490378,0.000872047939449623,-0.000149762292090645,0.00606192109887824,-0.00400724598987465,0.000429238365698184,-0.00347635596889661,0.0111507617532311,0.000304882742519162,-0.0113909937556923,-0.000581910268050894,0.00501847795609569,-0.000503620328886809,-0.000441239574180314,-7.84835133779169e-05,0.000184750227264302,0.000860975172128341,0.000214687443808841,0.000634141835332999,-0.00110703249565352,5.14601631692925e-05,-0.000874202102407122,0.000189291882134297,-3.65132512335881e-05,6.58468274605347e-06,-9.62308704045766e-05,0.00126195358073328,-0.00228211554418739,0.000118194031378116,-0.000102053821056702,1.92628305281942e-06,-3.54621038529609e-05,0.000228905484584295,-0.00341218877987908,7.03871350127459e-05,-0.00051278167430877,0.00190118299521135,-1.63906488592877e-05,-1.47216078108014e-05,0.000200704786920718,-0.000443044081227541,0.000329333067206534,-0.000268238767576501,6.55459358330775e-05,-3.75036449937834e-05,0.00197691518923379,-0.000309630531284919,0.00219166200132953,-1.38017860055204e-05,4.44081711813045e-05,-0.00023682674724919,-0.000111636549334011,4.74607513845941e-05,4.5867351652574e-06,-0.000436848572754574,7.10751379161325e-05,-0.00375108584800711,-0.00796212800358157,0.000881292700843395,0.115435384928763,0.00276495909892387,0.000757734414724666,-0.000217102886914303,-0.000483485454112915,6.06872407352215e-05,0.000104338156359757,2.04496265119034e-06,-7.67382636817637e-05,0.000176380016168639,-2.34095210365631e-07,-0.000231749382177464,9.84183401037743e-05,3.02256613005924e-06,1.21629004751506e-05,1.42324332544532e-06,-5.89623949051463e-06,5.94528043956139e-05,0.00011119169939262,2.46985209778294e-05,-1.07946656498244e-07,3.12739283319723e-05,2.39558169425144e-06,-1.29051751397447e-06,3.04521817918192e-07,-0.000125875436955299,6.99716035030653e-09,-1.35256202098332e-05,5.27141464038566e-08,1.80331689641543e-06,4.08771693952014e-06,-1.28452469573268e-06,1.65825171504932e-06,-5.38959985022375e-07,2.06724091781273e-06,-3.38304966871062e-05,3.82127383961978e-05,-5.26869263972577e-05,1.41686877763847e-05,-8.02409859510561e-06,1.56431071485139e-05,-9.99580855305247e-05,-0.000293131432722804,8.39183166878783e-07,-1.9795645900535e-05,2.03977778752418e-06,-2.13218305883015e-05,1.53380103668635e-05,0.00051791118259513,2.93611895122663e-06,-0.000115997176369972,-3.96644981462468e-06,5.1842436167158e-05,3.31483745083604e-07,-0.000141502489673763,-4.89986606980565e-05,-5.59066518458897e-05,-0.0156464186676908,0.068832591794277,-0.00602316703665785,-0.00604114394823979,0.215720542411795,0.0129304236133376,-9.27858329225147e-05,7.9739882010343e-05,3.83155722931704e-05,-5.21284511528157e-05,-2.88648582904409e-06,1.26391571773195e-05,6.06032738418617e-06,2.06067182032167e-05,3.35436450997081e-06,-0.000144005876234874,1.40694071065243e-06,1.78505967535635e-06,-2.50543547461545e-05,2.60194122908328e-06,6.34048202441955e-07,1.81024319363452e-07,2.02470652322683e-07,-1.17570077577618e-08,-5.74004690610985e-07,-9.41912032283788e-07,1.08088627167128e-06,-9.61937885688634e-07,2.13179765253564e-05,3.6715175383819e-07,1.82883219764141e-05,1.88127902281845e-06,-3.30560090967438e-06,-5.8364563796559e-07,7.11187611234701e-08,2.38871082549766e-06,4.63685120393366e-07,1.69358132787205e-06,4.15528215722882e-08,-1.59506434259645e-06,-1.49009684856102e-05,-7.26314333499104e-06,2.88391296086308e-05,7.48304707812256e-06,-1.53317969376215e-06,-5.96715974502677e-09,-1.76120538687144e-07,-4.59204409602935e-08,-7.81691007175056e-05,1.81192149653274e-05,8.1208763283691e-05,-7.65918997321698e-06,-2.25968106366293e-06,4.17913684058226e-06,2.87498322623189e-05,2.36237292354532e-09,2.28473947110664e-07,-4.00130308905103e-06,-7.36662726188084e-06,-4.26627731481418e-07,4.36139084676392e-06,1.79914576732492e-06,1.78889390948469e-06,2.49183001221411e-05,-4.92442331343766e-08,-7.10791620269775e-07,-1.21836507079321e-05,-5.10808340490145e-06,7.6807920525834e-06,3.42425594260579e-06,-5.42001626738641e-05,-2.96622986307057e-08,-0.000194477090214716,2.71436705451914e-06,-1.1117111848567e-05,-1.67043864609248e-05,-9.59999676365777e-08,-6.30220562087014e-07,1.16970845630591e-07,6.62471837502485e-08,-2.91741876109625e-07,8.21280684610914e-06,3.57965492318499e-06,-1.57646239855047e-05,-4.62869593546608e-06,-2.75710202148583e-05,0.000719023515241881,8.84793774959812e-05,0.0179190043406939,-5.21346416278451e-06,-6.90752735115544e-05,-4.20826474917252e-05,9.48635956468186e-06,1.79583642355291e-06,1.12142738102493e-05,3.09684488578423e-05,-8.24229988743358e-07,-1.4480944110881e-07,-9.52858320508995e-05,4.00979204554561e-16,-4.42953908699617e-07,6.04719890155703e-06,-7.43783736388764e-07,-2.77027455088227e-07,5.49953510029989e-05,-4.90488179415045e-07,0.458867034105205,6.06943836557062e-05,-8.21407652151626e-06,2.57141950998259e-07,-4.03189460566404e-06,0.00036090030908174,-8.71744419955934e-07,9.0471190199179e-05,-6.07168111165424e-05,2.18535023009062e-07,-1.37995493799253e-08,6.43387725728678e-07,-5.90204842329492e-07,9.2795144100262e-06,2.32563686846904e-05,-4.43295710255734e-06,8.71563110390826e-06,-1.62399386197104e-05,0.000186075366452275,-1.1270662264033e-05,1.17977083181059e-05,-4.00201632983476e-06,7.91813740838296e-08,0.000325848964860388,-5.25319766555423e-06,5.07486182868706e-06,1.67145101629014e-07,-4.46350848314199e-06,4.51012723391782e-06,-6.34626753894885e-06,1.02677593129483e-05,-2.02294036181788e-05,1.64895235288488e-05,-1.25826961225316e-06,0.000441604095240708,-1.19814042211193e-06,5.67408297826375e-05,1.1030586792068e-15,-0.000158585990869849,-5.53401217042089e-06,-6.60315396320863e-10,-6.86855851863607e-06,2.01736500097254e-05,-0.001274697749161,-2.57108896180243e-06,3.56203752364651e-06,-0.000703204899589423,0.387454583989757,-6.05057615681055e-05,1.12744784289595e-06,-0.000147125587493555,0.000163425746393074,-3.51416328871833e-05,3.18027670525353e-05,-3.63832891935641e-06,-1.4695191659853e-06,-9.65076116128202e-08,-3.83703313768022e-05,1.33375585087915e-05,-5.57220559496726e-08,2.62085527929874e-05,-1.69698557459961e-06,5.97416344442705e-06,-5.45813238890671e-06,-2.96050174918133e-06,-1.43008715406014e-06,4.4234913671478e-07,4.31624054137351e-06,-2.43409394735644e-07,1.02631750435308e-06,-2.79336905415794e-07,-2.42679309197458e-06,4.04999462442186e-06,-3.92987434786857e-17,-3.05786240561987e-09,-1.23581135600533e-07,6.32052262090899e-09,-3.60404100821378e-07,-3.91312631904758e-09,-7.38805231040513e-08,-9.40799727025992e-08,5.45352612754354e-09,1.53001572162908e-06,-2.07037324839678e-17,-2.31176863565723e-06,-2.0104200061161e-09,-9.90232902720671e-08,4.19035044489301e-08,1.63952139373619e-06,-7.7264033175919e-08,-3.45467696415045e-06,1.01330722666218e-06,-5.08098809139213e-07,8.90074184213061e-06,-1.31639512174491e-07,-3.77218357474938e-06,-1.81291201029712e-08,-2.71598848250974e-09,-4.12425505679853e-06,2.26793619204675e-07,-4.80119764859573e-06,2.79928708220637e-16,-1.57969865919747e-06,1.31143589892149e-07,3.78161153535655e-09,3.95739745686522e-08,-1.50299964619102e-05,-4.81654139024912e-05,2.57491172547226e-06,-9.74268738565851e-06,-1.04984159730379e-05,2.97062039968053e-16,-1.51280012901193e-05,-5.88415201340356e-07,-3.97626084770233e-05,3.05703749553839e-14,0.120715045081887,-3.86302098161399e-05,3.86397162924778e-06,9.44619052523684e-05,1.82125400879593e-05,7.32219804923689e-06,1.94061829856019e-05,-4.05265846157765e-06,-2.75270117055196e-06,-1.22902571046965e-07,-4.99018735372689e-06,-6.2685857168581e-07,6.8026004139012e-18,1.54866778427647e-07,-8.64303027456214e-06,-1.97727679204163e-06,2.39880892942581e-06,4.25856045209999e-16,1.31810003687752e-07,-1.45845016723267e-08,3.08034344562052e-07,1.61138527098758e-08,5.15280460861569e-07,-3.38143624229977e-08,1.84105620876151e-07,4.63228332961548e-07,2.43035111751165e-16,3.37429134012648e-06,-5.89559994697373e-08,1.77960843203856e-07,5.06268515424549e-06,-4.19378634244754e-08,-3.55019431227558e-09,-1.02695629777827e-15,2.94543566087078e-17,-3.82570249602655e-09,-4.68837987601615e-08,6.23888888351177e-09,-7.55225835416094e-07,1.41635903405083e-11,-4.01010632821732e-07,-4.9392451368517e-09,3.02278650489923e-17,-6.22454456289864e-17,-1.27746200692251e-16,1.16842184126897e-06,3.10437680006652e-07,-3.52514371890793e-07,3.19189227793322e-06,2.58282627542182e-06,3.00437168786645e-07,-1.30765276115573e-07,-5.14654755708662e-17,-3.01749070647255e-08,8.61920058828419e-08,-1.6823191839315e-16,1.02262603600478e-17,-5.74174834510332e-08,-3.51259997928886e-10,-3.49672319539742e-08,2.15282220390507e-06,3.54986598813606e-08,-1.49318636127045e-07,-4.8242657896452e-17,-8.13637594006523e-07,1.95044731120997e-16,-1.73658231686679e-06,-4.33680868994202e-18,-4.08156371908098e-08,-1.89106912932057e-16,1.6929134746311e-07,4.46680244715481e-08,2.13464633278908e-07,4.54717631497258e-06,1.24604529764406e-07,-1.44677741679696e-08,9.24997949572129e-08,3.29191480401867e-08,1.7783048733215e-06,1.64758927228358e-07,3.34991820418714e-08,-9.55834101057234e-08,-1.85334298154019e-06,-1.51709446587738e-07,-4.68531891653441e-08,4.30585385643303e-17,4.44802526555852e-07,-7.77416148540297e-08,4.19208630036339e-08,9.47734707606574e-18,8.31401956600487e-08,3.70600335805589e-06,7.43211514230611e-07,1.23404411992197e-16,-1.81047439610773e-07,-1.09870937331545e-06,4.11325745565521e-17,-1.31516713226784e-07,3.21616802054568e-07,-5.57114567439332e-17,-1.12561105495684e-16,-1.24453615483748e-08,-7.4930008249786e-07,-4.39175850937172e-09,-6.33460501216748e-06,3.06255469143744e-06,5.08005090872807e-08,5.57866802127294e-07,7.03699762173127e-07,-0.00958431885962573,-5.41233724504764e-15,-4.05865119088569e-09,-2.52074590688265e-08,-3.67471798771691e-08,-1.70750310511513e-06,-4.16436145568412e-16,-1.21029187924298e-17,-1.64686718068052e-07,2.16697470327937e-17,2.27562042072905e-17,2.05773510200361e-07,-3.26203073359235e-07,-6.11555265446959e-08,-4.05015301979598e-08,1.77041562871374e-06,4.63585747213362e-07,1.45748716196248e-07,-2.23874035005734e-17,3.74642667857523e-07,1.77838532999703e-08,8.20147785349733e-08,-7.57445862155628e-08,3.09509064117581e-07,1.0617591556101e-16,4.04696638931981e-17,6.68712376341712e-17,-3.13278005034025e-07,-1.36884042687953e-08,-1.428978634207e-06,-2.56517561008764e-17,-1.06238454599765e-08,3.93993959125415e-17,-2.94199348403954e-16,1.8136247585309e-06,-7.31431755606341e-07,1.21430643318376e-17,-1.10108102221167e-06,-5.12404868716902e-08,2.20148340436264e-16,1.16923663299924e-07,3.46574547728166e-16,4.6460496691899e-07,8.33396003702451e-17,4.63826077148544e-07,3.61250276418586e-07,1.30880245797139e-08,1.3719202768774e-07,9.44056018888169e-07,-4.2775123413382e-08,2.13692878001664e-06,-1.5225543428284e-17,7.97653913086068e-07,-4.51002762011232e-08,-5.62345157542075e-17,-5.95591860575688e-09,-1.21941599190409e-07,2.84673023017047e-08,9.53787468067535e-17,9.46131868599994e-08,1.28987642638014e-07,-1.71651149130449e-16,-0.000331625912261771,-6.35562563680492e-07,-3.38357826593893e-09,1.53233003531819e-16,-1.66030858635217e-16,6.22761544827587e-08,2.13063641987979e-07,1.72563937304125e-08,-2.5461038225441e-08,1.29068787764379e-07,1.4335493419598e-16,1.7860676549101e-16,4.72013447325408e-07,3.25426119975887e-09,-1.01780300188977e-16,1.1441977759599e-06,-6.72190488002965e-17,5.34861375500584e-08,-2.20326930642094e-07,-1.28766542430478e-07,-8.54495997551975e-07,-1.0885569936183e-16,-5.6482550899178e-17,3.3463566059752e-17,-1.19193816182286e-17,-6.24211591458458e-09,-2.16669127078284e-08,1.76725417111751e-17,5.35686155219183e-17,5.42378613410456e-17,3.05727505915178e-08,2.75036774222488e-10,-1.5187202683709e-08,6.62002559279618e-17,-7.14489231667947e-17,1.92337465398928e-16,-6.57632697549134e-07,2.01300015388851e-08,7.94993689872213e-17,3.54431658222094e-09,-9.28477018487266e-08,9.51001752512333e-18,-1.1667996677364e-17,-7.13478041272516e-07,-6.59579541691738e-10,-3.54185219876445e-07,-2.80726868588604e-16,3.6071470889056e-08,9.36104369214463e-07,1.0066514192211e-06,-5.73325772805983e-07,-1.39425618327698e-07,2.27313709284831e-09,-2.25574288957467e-17,-5.52069249394368e-18,-1.27727932116229e-16,4.35975727518476e-08,-3.947918281031e-08,-1.6495578146391e-07,-1.17846123621908e-08,7.86436837920381e-17,6.17853986820802e-17,5.20398737877063e-17,1.02956549103515e-16,1.04482699273839e-16,5.65642758568775e-08,3.06019611040858e-16,-4.00522027607189e-16,-1.01566008444083e-07,-1.35329572811666e-16,-9.09288462517607e-08,-2.75934676968093e-17,-1.1275214036581e-07,-4.33161360152436e-17,-1.37043642747103e-07,-1.71656939205755e-08,-1.41714137537402e-07,7.44520343724315e-17,5.52656101853876e-07,-1.36146844014959e-16,1.26236595937048e-06,-1.25722309589249e-07,6.95887745909574e-10,-1.69036768529014e-16,1.12456258156983e-06,1.69139770284293e-16,-4.44516340803589e-07,-1.41501953725987e-07,7.79057026407231e-17,-1.11885026688114e-17,7.85246343141698e-17,-1.02711454272914e-16,-5.26503775923734e-09,-6.8603166765394e-08,-1.53296162621031e-08,6.74781375621312e-17,-5.11170042899491e-17,-1.47104520752206e-08,1.20014767221455e-07,-1.99854992768868e-16,4.62517689806515e-17,-7.04032431614942e-08,-2.38260431289808e-17,-4.99368716509128e-07,3.23895710309313e-16,4.27787628541132e-07,1.49187647258036e-16,-8.73698995769367e-17,-5.64436866860532e-18,-2.44626441301227e-16,-1.263641679563e-16,2.46408638396297e-16,8.2631503547655e-09,-5.77932404888326e-08,-4.51771546532115e-17,-3.84401324168584e-08,2.59055999059575e-06,-1.61910454000326e-16,2.86493005811798e-16,4.59302947021936e-16,1.74342499820959e-16,1.59829016072024e-07,2.55796483300594e-08,-1.38744546991322e-16,-7.08082331620686e-17,-4.65965931325662e-07,-9.39085117950441e-08,-1.42228391665715e-09,6.18370350312538e-17,1.63312628413286e-16,2.1192197778578e-18,3.88845323389136e-16,-5.05766236587334e-17,-1.26627733843243e-16,6.1656551396554e-07,-5.83481136193939e-07,-1.12255182146478e-07,-3.98076784342725e-18,-1.34621227520087e-16,-1.99071460826983e-16,-1.86112289620626e-16,1.62017887077147e-16,-1.38195695135114e-16,4.50352906491759e-16,2.19287524718406e-17,-4.77496334313057e-17,8.94018127018391e-17,3.29229298710732e-17,-1.45000738647302e-16,-1.56025064248682e-16,-1.46567100941655e-16,5.62986655878257e-09,-8.16358623761339e-17,-7.34967356597254e-17,2.8525161550078e-17,7.97883779243207e-08,-1.0606827411296e-08,-8.49432827955752e-17,-2.06015606502729e-09,7.30599031781907e-08,4.42124306777799e-17,7.22248296999587e-16,-1.41146971018751e-07,1.9463209284436e-16,1.80660016937e-09,7.61071917122204e-17,3.81108444626002e-17,2.37029819705294e-17,-1.12018602831526e-16,1.95740153659156e-08,-2.43804786774232e-07,8.6886476699032e-17,-1.7967813490902e-16,-3.69272128631073e-17,6.74330896320827e-16,-3.03576608295941e-18,-1.72072220602403e-16,1.26182414859522e-16,1.55974431695381e-16,3.04274652816503e-09,6.96592406564977e-17,1.86534352672002e-16,-1.84431434943571e-16,-1.62881642546121e-17,-2.17410644123459e-17,1.21056730006709e-16,-0.00330809542750045,3.73603234894938e-16,-9.02907602215239e-16,3.59062573743806e-08,-2.4530003939968e-16,-9.37929733406555e-17,6.21763518765954e-17,-2.86188287588019e-16,3.60083210661685e-08,5.93636195493299e-17,-2.93931355015611e-07,2.10798462464567e-16,1.2820729282338e-17,-1.43731756825496e-16,-4.65398864737086e-16,5.01360209717346e-17,-1.33841838214882e-16,1.07111447373867e-08,4.01324083163785e-16,9.07240853760604e-17,5.56916038620201e-09,-1.35832123631804e-06,-2.39954583667565e-18,0.000925471613060561,1.25687929860605e-07,-2.04043323248403e-17,2.45894875686503e-16,4.27631151129901e-16,-3.15080357925951e-16,-1.21320577094028e-15,-2.2930883259718e-07,-1.73173134199221e-16,2.25871111832902e-16,-3.96273284128057e-17,9.20201389369005e-08,-1.98900090236216e-16,-1.91653350032576e-16,-2.89499061993754e-16,-4.00951865825286e-17,-4.20329046487937e-08,6.80384949775267e-16,1.14962709650025e-09,-3.64124135404198e-18,5.18832731324386e-16,-1.61822025965687e-16,2.59280804970124e-16,-2.85851353611294e-16,-9.96695748573265e-19,-6.45219214913302e-18,-2.00157795421095e-08,4.028337735381e-16,7.49631773874164e-16,8.42152761931939e-09,4.26451326973954e-16,-1.37259051433188e-16,-3.5095445871949e-17,3.40061288121098e-17,-1.5665726757772e-16,6.02099987768203e-17,-6.11957065346587e-08,-7.76010480755679e-16,4.10899705877274e-16,1.82408545440569e-08,-2.39246439055273e-16,3.23781975508085e-16,4.85885719462726e-16,-8.21806490964203e-16,1.00406538897494e-18,-4.54863863884643e-16,5.10896101705626e-16,2.51141750796215e-17,-2.207058915142e-16,5.59493507063647e-16,-3.58020607979031e-17,-9.60421300121751e-09,3.18613502142839e-08,5.47727426790168e-16,2.25369210438047e-16,3.43395132308138e-16,3.24592247387589e-16,6.76542155630955e-17,4.24462166530611e-16,-1.11268213766166e-15,-3.84903705328604e-16,-4.86892309524839e-08,-7.24995903994165e-16,-3.14014221505028e-16,-7.86769889808201e-16,-1.3079173476111e-15,3.54939502592537e-09,4.75714090833523e-16,-5.63974318516585e-10,6.74416088616736e-16,2.72958507908241e-16,-6.08462727028801e-16,-5.90355859212226e-17,2.40373025346767e-16,2.82097162007764e-16,4.15292574217788e-17,3.20079941428823e-16,-1.52264441422737e-16,-3.80747510100288e-17,7.55628734024043e-16,6.99597652952115e-18,-1.60990531649441e-16,-3.18663262886791e-16,-1.46187802571089e-16,2.04229334517462e-16,-2.3633526437618e-16,2.30972034630143e-16,4.66007472883488e-17,-5.18694078304445e-16,-6.4401609045639e-16,1.12818020103019e-16,5.63649601816515e-16,2.06210657003315e-16,4.25418761189016e-17,2.97131180638098e-09,6.11780252656747e-16,6.58797631205011e-16,9.55819434353556e-17,4.1235361893615e-16,5.45002082803585e-17,-5.73942909128892e-16,-9.4722129484948e-16,-2.79583904503612e-16,3.10044090763162e-16,1.70407860440244e-16,3.93782229046735e-16,-9.23341641879043e-16,8.76375837962737e-17,-4.55465765547321e-16,-4.34537428950907e-17,4.57362286770829e-16,-3.93228523107668e-16,-3.84188753406074e-08,1.7870198627747e-16,-7.06844833080741e-16,7.76186291510182e-16,2.28752227801667e-16,-3.67141515187805e-15,-1.4598860607373e-15,-2.37898843011447e-15,5.4422341637834e-15,-1.6639143640949e-15,7.54549838489648e-06,7.77615166992225e-16,1.27950430630236e-14,1.88098364738223e-15,-3.61292247990101e-14,0.707106781186549,-4.25252010461418e-14,-7.55646678647037e-16,2.40361433793162e-15,2.15440217934681e-15,1.47944468836543e-15,-2.35293578827914e-16,1.07345447057048e-15,5.4201412557475e-16,4.14501879961083e-08,-7.03557825012678e-17,-1.41062323330871e-15,-4.8578347324857e-16,-2.92300905702092e-16,-1.13891654329495e-08,-8.18084834972611e-16,5.21152801826757e-16,-2.51054333174908e-16,-1.01133639187586e-16,2.31758969837993e-16,-1.76011899386057e-16,1.71570373726522e-16,-2.8394884484492e-16,-1.03644264673496e-16,-1.15055856077662e-16,-5.78159609171767e-17,-2.63378197422881e-17,7.77734952104798e-17,-2.0388932195688e-16,-8.33957311639038e-17,2.22168792783979e-16,-1.25141958015072e-16
"t908",0.0235572270851226,-0.00184480930563591,-0.00160953264946883,-0.000214017777130236,-0.00578439084047848,0.0368979974188752,0.00598568826337649,2.98338202373729e-05,0.00136230074709461,0.00690440024588721,0.00493273348235799,-0.0104694988952992,0.0239674858257952,0.00549700236727678,0.192914785695193,-0.00734482563622155,-0.00707492257018889,0.00198776517036367,-0.131500364408442,0.0151012584807435,-0.00150988329821784,0.000256211500692542,-0.00547740628490378,0.000872047939449609,-0.000149762292090639,0.00606192109887824,-0.00400724598987466,0.000429238365698185,-0.00347635596889661,0.0111507617532312,0.000304882742519173,-0.0113909937556923,-0.000581910268050873,0.0050184779560957,-0.000503620328886795,-0.000441239574180334,-7.84835133779101e-05,0.000184750227264299,0.000860975172128331,0.000214687443808822,0.000634141835332987,-0.00110703249565352,5.14601631692896e-05,-0.000874202102407126,0.000189291882134303,-3.65132512335913e-05,6.58468274602852e-06,-9.62308704045752e-05,0.00126195358073329,-0.00228211554418742,0.000118194031378107,-0.000102053821056701,1.92628305281895e-06,-3.54621038529367e-05,0.000228905484584266,-0.0034121887798791,7.03871350127436e-05,-0.000512781674308753,0.00190118299521137,-1.63906488592768e-05,-1.47216078107836e-05,0.000200704786920721,-0.000443044081227534,0.000329333067206562,-0.000268238767576487,6.55459358330723e-05,-3.75036449937863e-05,0.00197691518923378,-0.000309630531284923,0.00219166200132954,-1.38017860055138e-05,4.44081711812889e-05,-0.000236826747249187,-0.000111636549334024,4.74607513845669e-05,4.58673516527397e-06,-0.000436848572754586,7.10751379161289e-05,-0.00375108584800711,-0.00796212800358156,0.000881292700843419,0.115435384928763,0.00276495909892384,0.000757734414724687,-0.000217102886914285,-0.000483485454112926,6.06872407352241e-05,0.000104338156359773,2.04496265120081e-06,-7.67382636817499e-05,0.000176380016168664,-2.34095210386448e-07,-0.000231749382177447,9.84183401037603e-05,3.02256613003475e-06,1.21629004751577e-05,1.42324332546781e-06,-5.89623949050311e-06,5.94528043956211e-05,0.000111191699392647,2.46985209778526e-05,-1.0794665652397e-07,3.12739283319653e-05,2.39558169419521e-06,-1.29051751397133e-06,3.04521817938377e-07,-0.000125875436955279,6.9971603569261e-09,-1.35256202098186e-05,5.27141464168671e-08,1.80331689642612e-06,4.08771693950126e-06,-1.28452469574985e-06,1.65825171505951e-06,-5.38959985045741e-07,2.0672409178185e-06,-3.38304966871359e-05,3.82127383962169e-05,-5.26869263972466e-05,1.41686877763959e-05,-8.0240985950653e-06,1.56431071485398e-05,-9.99580855304924e-05,-0.000293131432722832,8.39183166918465e-07,-1.97956459005306e-05,2.03977778748601e-06,-2.13218305883343e-05,1.53380103669447e-05,0.000517911182595147,2.93611895119218e-06,-0.000115997176369954,-3.96644981457874e-06,5.18424361671284e-05,3.31483745035833e-07,-0.000141502489673757,-4.89986606979699e-05,-5.59066518459294e-05,-0.0156464186676907,0.0688325917942769,-0.00602316703665784,-0.00604114394823974,0.215720542411795,0.0129304236133376,-9.27858329224927e-05,7.97398820104509e-05,3.83155722931437e-05,-5.21284511528207e-05,-2.88648582905953e-06,1.26391571773108e-05,6.06032738423995e-06,2.06067182031499e-05,3.35436450993739e-06,-0.00014400587623485,1.40694071066589e-06,1.78505967533998e-06,-2.50543547461567e-05,2.60194122908202e-06,6.34048202463556e-07,1.8102431942839e-07,2.02470652346481e-07,-1.17570076976797e-08,-5.74004690618719e-07,-9.41912032266956e-07,1.08088627167944e-06,-9.61937885663035e-07,2.13179765253664e-05,3.67151753765892e-07,1.82883219764031e-05,1.88127902284726e-06,-3.30560090969391e-06,-5.83645638007539e-07,7.11187610902901e-08,2.38871082552576e-06,4.63685120422776e-07,1.69358132788352e-06,4.15528215450962e-08,-1.59506434260966e-06,-1.49009684854848e-05,-7.26314333500852e-06,2.88391296087126e-05,7.48304707810419e-06,-1.53317969370142e-06,-5.96715974753052e-09,-1.7612053868895e-07,-4.59204409074812e-08,-7.81691007175158e-05,1.81192149652835e-05,8.12087632836801e-05,-7.65918997317085e-06,-2.25968106362932e-06,4.17913684063665e-06,2.8749832262373e-05,2.36237293356462e-09,2.28473947185985e-07,-4.00130308903511e-06,-7.36662726184766e-06,-4.26627731448323e-07,4.36139084676527e-06,1.79914576733766e-06,1.7888939096055e-06,2.49183001221629e-05,-4.92442331230468e-08,-7.1079162021798e-07,-1.21836507079777e-05,-5.10808340489164e-06,7.68079205266317e-06,3.4242559427064e-06,-5.42001626739284e-05,-2.96622986654779e-08,-0.000194477090214816,2.71436705451584e-06,-1.11171118485742e-05,-1.67043864608734e-05,-9.59999675946816e-08,-6.30220562063497e-07,1.16970845670922e-07,6.62471837280293e-08,-2.91741876137215e-07,8.21280684605955e-06,3.57965492319416e-06,-1.57646239854303e-05,-4.62869593547323e-06,-2.75710202148252e-05,0.000719023515241955,8.84793774962058e-05,0.0179190043406938,-5.21346416278182e-06,-6.90752735115117e-05,-4.20826474916373e-05,9.48635956473785e-06,1.79583642351993e-06,1.12142738102623e-05,3.09684488578703e-05,-8.24229988830087e-07,-1.44809441040725e-07,-9.52858320509445e-05,3.03089328234573e-16,-4.42953908682692e-07,6.0471989015709e-06,-7.437837363965e-07,-2.77027455091781e-07,5.49953510027224e-05,-4.90488179390833e-07,0.458867034105205,6.06943836557209e-05,-8.21407652156936e-06,2.57141950933441e-07,-4.03189460558194e-06,0.000360900309081808,-8.71744419969872e-07,9.04711901991253e-05,-6.07168111166078e-05,2.18535023059425e-07,-1.37995495117643e-08,6.43387725764904e-07,-5.90204842372223e-07,9.27951441010532e-06,2.32563686846921e-05,-4.43295710258661e-06,8.71563110392795e-06,-1.62399386198183e-05,0.000186075366452291,-1.12706622640819e-05,1.1797708318123e-05,-4.00201632991858e-06,7.91813741062315e-08,0.000325848964860483,-5.25319766550438e-06,5.07486182876775e-06,1.67145101711828e-07,-4.46350848315422e-06,4.51012723392847e-06,-6.34626753893302e-06,1.02677593129483e-05,-2.02294036182131e-05,1.64895235288914e-05,-1.25826961237792e-06,0.000441604095240732,-1.1981404220579e-06,5.67408297824677e-05,1.19319585661086e-15,-0.000158585990869847,-5.53401217049583e-06,-6.60315401224211e-10,-6.8685585185636e-06,2.01736500096574e-05,-0.00127469774916108,-2.57108896187544e-06,3.56203752392573e-06,-0.00070320489958956,0.387454583989757,-6.05057615680272e-05,1.12744784288737e-06,-0.000147125587493463,0.000163425746393126,-3.51416328870951e-05,3.18027670525766e-05,-3.63832891950647e-06,-1.46951916589765e-06,-9.6507611504615e-08,-3.8370331376591e-05,1.33375585087549e-05,-5.57220558920807e-08,2.6208552793003e-05,-1.69698557455028e-06,5.97416344444906e-06,-5.45813238881009e-06,-2.96050174896955e-06,-1.43008715409408e-06,4.42349136632389e-07,4.31624054137585e-06,-2.43409394798934e-07,1.02631750441891e-06,-2.79336905432621e-07,-2.42679309209211e-06,4.04999462446208e-06,2.77261355925696e-17,-3.05786257032791e-09,-1.23581135674059e-07,6.32052250208043e-09,-3.60404100775635e-07,-3.91312636264339e-09,-7.38805231605231e-08,-9.40799728366717e-08,5.45352599112195e-09,1.53001572157896e-06,-1.77113584203959e-16,-2.31176863570161e-06,-2.01041992985849e-09,-9.90232907250669e-08,4.19035042068709e-08,1.63952139372421e-06,-7.72640330884012e-08,-3.45467696426684e-06,1.01330722671577e-06,-5.08098809279493e-07,8.90074184216778e-06,-1.31639512113875e-07,-3.77218357475277e-06,-1.8129120052144e-08,-2.71598872602155e-09,-4.12425505685635e-06,2.26793619191697e-07,-4.80119764856612e-06,4.94150372162337e-16,-1.57969865916811e-06,1.31143589896486e-07,3.78161158484609e-09,3.95739745360512e-08,-1.50299964619562e-05,-4.81654139025319e-05,2.57491172554778e-06,-9.74268738572078e-06,-1.04984159729581e-05,1.76525075133635e-16,-1.51280012898458e-05,-5.88415201348527e-07,-3.97626084766602e-05,3.03958336053225e-14,0.120715045081888,-3.86302098162573e-05,3.8639716291875e-06,9.44619052522508e-05,1.82125400878705e-05,7.32219804899702e-06,1.9406182985605e-05,-4.05265846177743e-06,-2.7527011707676e-06,-1.22902570983771e-07,-4.99018735354159e-06,-6.26858571440994e-07,1.43844676014197e-16,1.54866778579303e-07,-8.6430302746473e-06,-1.97727679196475e-06,2.39880892942308e-06,5.83825422387538e-16,1.318100036135e-07,-1.45845019008765e-08,3.08034344626471e-07,1.61138525678907e-08,5.15280460921987e-07,-3.38143622965035e-08,1.8410562089113e-07,4.63228332819663e-07,1.41738908169732e-17,3.37429134032033e-06,-5.89559994680026e-08,1.77960843183178e-07,5.06268515413011e-06,-4.19378634937882e-08,-3.55019459641618e-09,-7.7715611723761e-16,-7.40251336527039e-19,-3.82570269458712e-09,-4.68837986487055e-08,6.23888892871876e-09,-7.55225835385194e-07,1.41638078617319e-11,-4.0101063270847e-07,-4.93924477091762e-09,1.38909181798798e-16,1.19862233134035e-16,-7.37524965008976e-17,1.16842184137748e-06,3.10437679826295e-07,-3.5251437212876e-07,3.1918922779235e-06,2.58282627531865e-06,3.00437168912226e-07,-1.30765276177952e-07,-3.15667908733714e-17,-3.01749070707573e-08,8.61920060466228e-08,8.26397159465255e-17,8.68648571775449e-17,-5.74174833123028e-08,-3.51260116335581e-10,-3.49672318079381e-08,2.15282220378357e-06,3.54986601303482e-08,-1.49318636093648e-07,2.49723204156873e-16,-8.13637594217436e-07,-1.5795611372079e-16,-1.73658231701416e-06,8.13151629364128e-17,-4.08156374132957e-08,3.36499796047112e-17,1.69291347137022e-07,4.46680244959979e-08,2.13464633426703e-07,4.54717631497856e-06,1.24604529689497e-07,-1.44677742471191e-08,9.249979495949e-08,3.29191479889675e-08,1.77830487356781e-06,1.6475892759603e-07,3.34991821423832e-08,-9.55834100475121e-08,-1.85334298141914e-06,-1.51709446652454e-07,-4.68531891046381e-08,2.54285722651556e-17,4.44802526573919e-07,-7.77416148749355e-08,4.19208631712281e-08,-7.90177592858636e-17,8.31401946573652e-08,3.70600335799365e-06,7.43211514331029e-07,-1.94351887745919e-16,-1.81047439571261e-07,-1.09870937321416e-06,6.37318316924623e-18,-1.31516713300957e-07,3.21616802160201e-07,8.00936667071799e-17,1.42498480805478e-16,-1.24453617722205e-08,-7.4930008243318e-07,-4.39175878348893e-09,-6.33460501216363e-06,3.06255469159604e-06,5.08005092358673e-08,5.57866801853845e-07,7.03699762145097e-07,-0.00958431885962527,-5.32386634777282e-15,-4.05865120608358e-09,-2.52074594734505e-08,-3.67471795321896e-08,-1.70750310512059e-06,-5.86319537891081e-16,-7.16218787679842e-17,-1.64686718014802e-07,-2.05436610859048e-18,-2.35317170992358e-17,2.05773510506719e-07,-3.26203073249289e-07,-6.11555263992107e-08,-4.050153053121e-08,1.77041562868555e-06,4.6358574699846e-07,1.45748716257374e-07,-3.07494966518814e-17,3.74642668131765e-07,1.77838535310761e-08,8.20147785765677e-08,-7.5744586452612e-08,3.0950906404305e-07,-1.67592385661852e-16,-1.99184122775017e-17,9.04523606616781e-17,-3.13278004696456e-07,-1.36884045321294e-08,-1.42897863390334e-06,-9.88389206267621e-17,-1.06238455786207e-08,-2.07852909522779e-16,2.67558827616074e-16,1.81362475865783e-06,-7.31431755313836e-07,1.38777878078145e-16,-1.10108102205812e-06,-5.12404866287613e-08,-1.60000046291448e-16,1.16923663372338e-07,2.21645197618728e-17,4.64604967343821e-07,-7.27224228392149e-17,4.63826077159243e-07,3.61250276353658e-07,1.30880247648728e-08,1.37192028224385e-07,9.44056018994815e-07,-4.27751235278738e-08,2.13692877986583e-06,-4.62486477074651e-17,7.9765391313074e-07,-4.5100276138592e-08,-9.80723936891473e-17,-5.95591884781624e-09,-1.21941599363636e-07,2.84673021655296e-08,-5.46620289416462e-17,9.46131867677864e-08,1.28987642540937e-07,1.61427726186921e-16,-0.000331625912261856,-6.35562564089107e-07,-3.38357827054193e-09,9.38014556982444e-17,1.26898751804298e-16,6.22761544231497e-08,2.13063641955978e-07,1.72563938859947e-08,-2.54610382329543e-08,1.29068788022633e-07,-1.25966821988973e-16,-1.36524027253926e-16,4.7201344651575e-07,3.25426107379955e-09,1.85454500691222e-16,1.14419777631524e-06,4.15522174009321e-17,5.34861374049754e-08,-2.20326930479724e-07,-1.28766542056619e-07,-8.54495997933244e-07,-1.99434605513844e-16,7.93610573753547e-17,3.9736715043833e-17,-3.7734007123273e-17,-6.24211605089931e-09,-2.16669127993356e-08,-9.76384835710613e-17,-8.34409928518801e-17,-1.63261216466186e-16,3.05727504515728e-08,2.75036986814742e-10,-1.51872025898138e-08,-9.16504940517357e-17,7.73036148982165e-17,-2.25730892311482e-16,-6.57632697886769e-07,2.01300013283907e-08,2.26610198309966e-18,3.54431675676234e-09,-9.28477016994391e-08,-3.72724621079112e-17,-9.74088300397759e-17,-7.13478041287502e-07,-6.59579906946957e-10,-3.541852199686e-07,-1.98626253378542e-17,3.60714706525539e-08,9.3610436936491e-07,1.00665141935105e-06,-5.73325773002703e-07,-1.39425618162574e-07,2.27313712528296e-09,-7.89701794629774e-17,1.98423333342205e-16,-8.32331887702585e-17,4.35975727158144e-08,-3.9479182869445e-08,-1.64955781255152e-07,-1.17846123515493e-08,-9.64219327794288e-17,-1.88628265844505e-16,1.497588116644e-16,4.30211040245894e-17,9.10251085875408e-17,5.65642756958703e-08,-3.6321207134346e-16,1.94888584644287e-16,-1.01566008657438e-07,1.11531795883164e-16,-9.0928846679009e-08,-2.36509197064103e-17,-1.12752140531658e-07,7.14880981240687e-18,-1.37043642599728e-07,-1.71656934997108e-08,-1.4171413747501e-07,-3.59044824799977e-17,5.52656101887783e-07,9.97588144143045e-17,1.26236595939712e-06,-1.25722309729802e-07,6.95887891130798e-10,1.33271129532171e-16,1.12456258148938e-06,-1.23594682846986e-16,-4.44516340850449e-07,-1.41501953685248e-07,1.91787235197496e-16,-4.90847218133422e-17,9.22142388384496e-17,7.77303341131543e-17,-5.26503785574657e-09,-6.86031669872353e-08,-1.5329616668487e-08,-5.94885011366335e-17,4.7793153481312e-18,-1.47104519288157e-08,1.20014767058391e-07,3.2926193014789e-16,4.61271044195771e-17,-7.04032429453591e-08,1.49519248840869e-17,-4.99368716306672e-07,1.86317126950705e-17,4.27787628729435e-07,-2.09072741101878e-16,1.0340833414243e-16,1.1434676445233e-17,3.54893464630595e-16,1.27874339565585e-16,-1.87163810380649e-16,8.2631507953878e-09,-5.77932409822971e-08,7.31438741631438e-18,-3.84401320659924e-08,2.59055999078762e-06,8.17863739653191e-17,-3.14992966027542e-16,-2.73073778017397e-16,-3.44793232495657e-16,1.59829016147811e-07,2.55796484606482e-08,2.04403334084394e-17,4.00531019255564e-17,-4.65965931875131e-07,-9.39085113342912e-08,-1.42228412759567e-09,-5.3195428229107e-17,-1.87660201592399e-17,1.10986117095072e-17,-2.1868176019394e-16,-3.29739845827995e-17,1.85628232443851e-16,6.16565514049295e-07,-5.83481136206544e-07,-1.12255182136883e-07,1.64506829007427e-17,1.10868915449793e-16,1.92972283805663e-16,1.34328738451962e-16,-2.81582757872328e-16,-3.42954964282587e-18,-6.44624682111635e-16,5.83443789421228e-18,2.64931589216987e-17,-1.71083084483353e-17,-2.41714627231573e-16,1.75196460304158e-16,1.84713955007401e-16,1.09784461413527e-16,5.6298668012307e-09,1.81272119952623e-16,1.52017329293566e-16,-3.3707631923862e-17,7.97883785931248e-08,-1.06068270732887e-08,5.70221730598877e-17,-2.0601553338419e-09,7.3059903143239e-08,-3.5663022210707e-17,4.33050967297437e-16,-1.41146970927106e-07,-6.57529412291961e-17,1.80660030868364e-09,-1.00559316735958e-16,-5.20028709152596e-17,2.16925858323616e-17,1.87106491712238e-16,1.95740154029256e-08,-2.43804786661109e-07,-2.32058774277544e-16,3.47892028904743e-17,1.99281725123099e-18,-5.16779834249324e-17,5.20417042793042e-17,1.11007294494113e-16,-6.93452778129281e-17,-1.1329587074385e-16,3.04274646889315e-09,-7.93017734640008e-17,-1.7478969854316e-16,1.53295241868557e-16,2.32525073712466e-16,-1.22521355744869e-16,6.07436600847286e-16,-0.00330809542750068,2.69745609403124e-16,1.69642346868394e-16,3.59062572849137e-08,-7.95834445850374e-17,2.35274151926942e-16,-8.34026063751362e-17,2.25846024845015e-16,3.60083214578231e-08,-1.08606120649217e-16,-2.93931354164731e-07,-2.3824625089072e-16,-4.06883612940035e-17,2.18974654792611e-16,-7.84352509157482e-19,-2.3639087541398e-17,-5.96007892801449e-18,1.0711144510571e-08,-4.07933258309981e-16,-7.57215594214416e-17,5.56915994187018e-09,-1.35832123650692e-06,4.99614396616704e-17,0.000925471613060597,1.25687929867106e-07,6.26447468309631e-17,-2.05350143599995e-16,-3.40118632856476e-16,2.87087224773426e-16,9.32279056440821e-16,-2.29308832381778e-07,3.00211070696425e-16,-2.23998250849223e-16,6.68007825719705e-17,9.20201392820389e-08,2.59039743863959e-16,7.89560815328213e-17,3.27938146168567e-16,3.05618961565671e-18,-4.2032904639232e-08,-6.17003933989917e-16,1.14962610813901e-09,3.02325984766221e-17,-5.3059365092993e-16,1.26112220711999e-16,-3.05158820791298e-16,2.51921012086737e-16,5.10932917335923e-17,-2.01688848598543e-17,-2.00157795649998e-08,-4.48221954754832e-16,-6.76160528856094e-16,8.42152745561506e-09,-5.10513855038474e-16,1.94489492953461e-16,2.34400529437864e-16,-4.22742399956062e-17,1.31653756733372e-16,-5.91067918463878e-17,-6.11957067092762e-08,7.43721832481726e-16,-3.78210469329778e-16,1.82408544958506e-08,4.1920159535327e-16,-2.98437105842028e-16,-5.14230332494405e-16,7.63529213492593e-16,-1.28569532172154e-16,4.27905177409302e-16,-5.35524006961889e-16,-2.6901218365785e-17,1.2848257150384e-16,-5.54257076200393e-16,2.87325700924761e-17,-9.60421263296489e-09,3.18613503768873e-08,-5.14174638068823e-16,-1.73241585120642e-16,-3.16623926513241e-16,-3.33689168081211e-16,1.66533453693773e-16,-3.33383913090211e-16,8.3096922209039e-16,4.73278109255658e-16,-4.86892308129038e-08,4.70905793362517e-16,2.6952092424419e-16,7.54896841929963e-16,1.30852679351024e-15,3.54939423288442e-09,-5.29739980458506e-16,-5.63974155019016e-10,-7.09310833832679e-16,-1.64352059407139e-16,6.05007230294804e-16,4.08960409678024e-17,-1.93834235331357e-16,-9.39227056916836e-17,-2.61742575637575e-17,-4.53430609160589e-16,1.88259877962667e-16,7.58374758702503e-17,-5.48999503620701e-16,-3.58171745490227e-17,2.87622370482687e-16,2.91669105806892e-16,1.28587451276311e-16,-1.02616686190225e-16,2.55038402086372e-16,-4.62884031060975e-16,-3.40109991212965e-17,5.0721311895606e-16,5.52943107967607e-16,-1.40553856229906e-16,-6.13116331144939e-16,5.05459000972516e-16,-1.23669388284373e-16,2.97131084252202e-09,-6.75279745237252e-16,-6.68048987482749e-16,-4.65393428949919e-17,-4.67470485560901e-16,5.53250158445781e-17,5.65739427861894e-16,1.10240301604139e-15,3.02690694062463e-16,-2.70811696490595e-16,-2.23697538636248e-16,-8.66060695381421e-16,8.62768307862286e-16,-1.46556455113052e-16,4.9805893281446e-16,-2.93416433432322e-17,-4.88891084634918e-16,3.64103483313726e-16,-3.84188753335218e-08,-2.37377632383868e-16,7.05625767976982e-16,-7.27054584433915e-16,-1.47652551872591e-16,3.78717370601468e-15,1.28797494876679e-15,2.39274151555242e-15,-5.63730423397987e-15,1.61783019394935e-15,7.54549839498344e-06,-4.42708588248835e-16,-1.29169900881859e-14,-1.65932079270391e-15,3.68398265182109e-14,-0.707106781186548,4.21599677903317e-14,8.00167828667869e-16,-2.28101126546496e-15,-2.21528054509944e-15,-1.40854403409518e-15,2.61611672956696e-16,-9.50602870832634e-16,-4.24622174920615e-16,4.14501875368617e-08,4.81985298948691e-17,1.30641351935991e-15,1.44856288271546e-16,-3.73832909073002e-16,-1.13891654450094e-08,7.50443293721359e-16,-4.92487349785438e-16,2.54776175969371e-16,-1.21625188038674e-18,-3.60938128703029e-16,3.07157156092267e-16,1.86833703758034e-16,1.55418151577933e-16,1.08954309004363e-16,1.00421405933695e-16,8.47932166732259e-17,1.85156064045496e-16,-1.81062088165591e-16,1.66034163473475e-16,9.56087560115498e-17,-1.09692881625329e-17,-1.54393315608347e-16
"t821",0.0235773271085873,-0.00184813282285743,-0.00161252643656056,-0.000214551973677485,-0.00580208793613829,0.0370305767504092,0.0060076209344258,2.99518980913222e-05,0.00136867744484645,0.00694366242132983,0.00496842328172768,-0.0105631249434864,0.0241881967436329,0.00554840249782918,0.194798704617412,-0.0074208662418531,-0.00714995253723976,0.00200923520093849,-0.132954273720614,0.0152829715505555,-0.00152957140113883,0.000260264508463492,-0.00556906585300166,0.000886726930958565,-0.000152293452680953,0.00616942696746477,-0.00407918269816734,0.000437015499994166,-0.00354109303710342,0.0113976027110893,0.000312100762976168,-0.0116735440938348,-0.000597441726143712,0.00515912940233106,-0.000518498338059059,-0.000455382721261512,-8.10331382165277e-05,0.000190853714467666,0.000889624982842848,0.000221944881688234,0.000656237831479317,-0.0011466077320904,5.33292356424551e-05,-0.000905995345114419,0.000196305170983301,-3.79593336796798e-05,6.85068845422909e-06,-0.00010015448306557,0.00131474233770465,-0.00238021831376748,0.000123459399383222,-0.000106675188340168,2.01372020720221e-06,-3.71045362423661e-05,0.000239926265004348,-0.00357742380093249,7.4157103262981e-05,-0.000540984109488619,0.00200607382852842,-1.7353909680867e-05,-1.56277308734968e-05,0.000213338669717594,-0.000471438588514885,0.000350535017606169,-0.000286086720747926,7.00359894476661e-05,-4.02384034946857e-05,0.00212507012963309,-0.00033312731666139,0.00236173855489096,-1.50014204086551e-05,4.85968063608441e-05,-0.00025944030959613,-0.000122567030592083,5.21222302614055e-05,5.04209386834661e-06,-0.000480402672274795,7.83100994257265e-05,-0.00415097497400371,-0.00882668067897101,0.000980000090268504,0.128450905781161,0.00309206403523862,0.000848666961299125,-0.000244773238982864,-0.000546110966993482,6.8676626839184e-05,0.0001181101412926,2.31506947645225e-06,-8.68915722159261e-05,0.000199860817904183,-2.67095793204941e-07,-0.000264589140763546,0.000112856316069204,3.49273528146498e-06,1.40714506950461e-05,1.64666340953743e-06,-6.84244117440841e-06,6.90714699526761e-05,0.000129738672732699,2.89210908985629e-05,-1.26442035851183e-07,3.66455235653427e-05,2.85427087912137e-06,-1.53960591471791e-06,3.63666605204331e-07,-0.00015059531163842,8.37553398410476e-09,-1.62046246469768e-05,6.32417026446772e-08,2.16442615967754e-06,4.91940116388836e-06,-1.54636909055133e-06,2.01060402506668e-06,-6.54492482945672e-07,2.51897415796421e-06,-4.1286922578007e-05,4.68354782994617e-05,-6.48465015553165e-05,1.74944914779808e-05,-9.92573639255203e-06,1.94746729608026e-05,-0.000124966680429645,-0.000366529740548111,1.04995061855071e-06,-2.48766592477991e-05,2.56427919954547e-06,-2.69075373339386e-05,1.95748470693491e-05,0.000661058761833534,3.75113705496578e-06,-0.000149355024229158,-5.11501693825167e-06,6.69298300026027e-05,4.29950354024858e-07,-0.000183655063447535,-6.42395252989662e-05,-7.39108372723253e-05,-0.0209295516460677,0.0921055523298601,-0.00807623322290684,-0.00810886522503738,0.29004840379957,0.0173970132884915,-0.000124838173540633,0.000107791618596472,5.22928477701087e-05,-7.18606077452408e-05,-3.98923489056049e-06,1.75671500257665e-05,8.42707744966569e-06,2.87171303307765e-05,4.68063789142141e-06,-0.000201241542841824,1.99360306429637e-06,2.53513587165404e-06,-3.5639674714432e-05,3.8474742683631e-06,9.47047890704546e-07,2.70812022873875e-07,3.05568132703674e-07,-1.77760822525477e-08,-8.78027058968719e-07,-1.44287092508167e-06,1.67532382073229e-06,-1.50849383855126e-06,3.46535643279137e-05,5.97618447438021e-07,2.97783468631595e-05,3.07914490596444e-06,-5.44374561632788e-06,-9.62021211614468e-07,1.18695874325137e-07,4.0026614665888e-06,7.83811018820155e-07,2.86906953007759e-06,7.04729756748736e-08,-2.76333933446592e-06,-2.64186296930208e-05,-1.29301713213913e-05,5.15440105879648e-05,1.3534416356127e-05,-2.78600190777718e-06,-1.08933566459358e-08,-3.22934977555674e-07,-8.54799382387462e-08,-0.000146067123057424,3.50420261623602e-05,0.000157241145289384,-1.50110583209001e-05,-4.58668634351248e-06,8.75111265406104e-06,6.08814925096217e-05,5.08933541849987e-09,4.98752859105857e-07,-9.10399914521152e-06,-1.69196101485159e-05,-1.00016929003224e-06,1.03332122507015e-05,4.65869098619378e-06,4.65323294249429e-06,6.76334893701118e-05,-1.39811123028975e-07,-2.28351390854724e-06,-3.91662402538221e-05,-1.66309391316265e-05,2.60410040608418e-05,1.1959107697232e-05,-0.000206227290555485,-1.27648608780728e-07,-0.000940672834714645,1.3666763705988e-05,-6.9239466042865e-05,-0.00012068036564566,-6.96539125832623e-07,-5.25061479201577e-06,1.61037610587948e-06,1.04916384596543e-06,-2.86096333792815e-05,-0.000284500057451124,-8.34803400793934e-05,0.000152211929007414,3.89767984253601e-05,0.000203115883473473,-0.0037861361131209,-0.000439526353880219,-0.0877846393093475,1.9384714345708e-05,0.000222200666419831,0.000116894444328551,-2.47537782951589e-05,-4.40237100718952e-06,-2.59781659388585e-05,-7.06202271110939e-05,1.63473598868198e-06,2.64476695947314e-07,0.000159672545697145,-2.32931848660882e-16,6.5930949295897e-07,-8.79551619809363e-06,9.2653528579359e-07,3.07631313838638e-07,-5.56757519119821e-05,4.93833521715375e-07,-0.390582456944225,-5.02405319601635e-05,6.71259529460902e-06,-1.97659688610382e-07,2.97386476867035e-06,-0.000246874463119212,5.76712639923318e-07,-5.90318490905691e-05,3.67291544653228e-05,-9.55418805118445e-08,5.34853800181548e-09,-2.24804090401532e-07,1.62238105563409e-07,-2.50524284906043e-06,-5.21516749430186e-06,8.88484078415864e-07,-1.46821192873726e-06,2.57686417108004e-06,-2.76605356213232e-05,1.52294237706073e-06,-1.36672838237381e-06,4.55039655509624e-07,-5.43628931646997e-09,-2.2053591399282e-05,3.49798129712426e-07,-2.80369408019458e-07,-8.54239056316907e-09,1.70615209914022e-07,-1.618024231821e-07,-2.10178584217997e-07,4.1032405327563e-07,-9.16251685684007e-07,9.43605379955293e-07,-8.36432822163164e-08,3.81774165253684e-05,-1.10273416066068e-07,5.46914511274156e-06,1.06305645280183e-17,-1.75879952429553e-05,-6.24055414834492e-07,-7.84165606923627e-11,-9.09936026060462e-07,2.90063804526405e-06,-0.00018993195542941,-3.89645902287226e-07,6.50097227219219e-07,-0.00012966486432127,0.0716395640474179,-1.16966220510077e-05,2.43386667871519e-07,-3.23075275633336e-05,3.63042445185194e-05,-8.09646978848513e-06,8.25634548241198e-06,-9.85628233638944e-07,-3.99038608170695e-07,-2.62244542453363e-08,-1.14137345325087e-05,4.32085113732113e-06,-1.8227988116132e-08,8.69256687047174e-06,-5.71984007782986e-07,2.02336895495172e-06,-1.9201942136835e-06,-1.04434366951863e-06,-5.06963513700008e-07,1.57334385060608e-07,1.55173727752498e-06,-8.8519743225217e-08,3.77103677994467e-07,-1.03091044720221e-07,-9.02228966654021e-07,1.52869227917553e-06,5.85226764396485e-17,-1.24972767582823e-09,-5.08568406611799e-08,2.62729706306669e-09,-1.49855444519229e-07,-1.62757238482954e-09,-3.08027662810901e-08,-3.94004066668032e-08,2.29590101502893e-09,6.50816012515496e-07,8.55518092570421e-17,-1.00554345956108e-06,-8.76785399335512e-10,-4.34279761233749e-08,1.83894396757034e-08,7.29132714010292e-07,-3.46041316425716e-08,-1.56222328458119e-06,4.61173732059265e-07,-2.34347414008468e-07,4.15328692181412e-06,-6.18660996709942e-08,-1.77977493130757e-06,-8.57421741495488e-09,-1.28996394187057e-09,-1.95972593787172e-06,1.0808279589205e-07,-2.29326854536083e-06,3.31704187826416e-17,-7.66826266637432e-07,6.3865100490175e-08,1.84164974292915e-09,1.94442538534689e-08,-7.39450305331366e-06,-2.40638512129029e-05,1.29183877514145e-06,-4.89191596030914e-06,-5.28753019073449e-06,3.24519285089561e-16,-7.64545427728051e-06,-2.9775230302448e-07,-2.02148217293879e-05,1.54477923875463e-14,0.0616730342314657,-1.97586752011253e-05,1.97752098640083e-06,4.84028840518044e-05,9.35108636880493e-06,3.76518092229977e-06,9.99060590783418e-06,-2.09351997415659e-06,-1.4225600988658e-06,-6.36615320687229e-08,-2.59520468694852e-06,-3.26070967210547e-07,4.98303874710647e-17,8.11711318638725e-08,-4.53596706423476e-06,-1.04062132750599e-06,1.267766315469e-06,1.87625410179612e-16,7.02707132550568e-08,-7.84796773964716e-09,1.66423169357057e-07,8.72198671890571e-09,2.79517624921822e-07,-1.84160519817247e-08,1.00898482997362e-07,2.57587912615516e-07,6.85245209780758e-17,1.89863195770814e-06,-3.3205877019403e-08,1.00437905527785e-07,2.86526087200774e-06,-2.3740043596002e-08,-2.01124440568307e-09,-1.80411241501588e-16,2.81324571011133e-17,-2.17687771556745e-09,-2.67770647503036e-08,3.56488942250921e-09,-4.32940478738315e-07,8.16643908000338e-12,-2.31470933704728e-07,-2.85946907728173e-09,1.53513036609374e-16,6.75010430860605e-17,-1.56999919828266e-17,6.82474444460111e-07,1.81525258228236e-07,-2.06897502954032e-07,1.87916418977282e-06,1.5211309165148e-06,1.77507959688969e-07,-7.72885695710362e-08,-7.71518686038254e-17,-1.79469758460061e-08,5.13740694754767e-08,-3.1314272240923e-17,6.45194998216428e-17,-3.45019078599179e-08,-2.11469487762304e-10,-2.11038825351503e-08,1.30144008533347e-06,2.15265770282015e-08,-9.05924178844652e-08,-6.68660131300007e-17,-4.93970866493967e-07,3.04050491064993e-16,-1.05633136478476e-06,-4.66206934168767e-16,-2.48621615701673e-08,-3.19737077504069e-17,1.03302580626876e-07,2.72663180134974e-08,1.30903042965786e-07,2.79114500489374e-06,7.65152013478452e-08,-8.89946856186047e-09,5.69830553166348e-08,2.03479662643929e-08,1.09923743515129e-06,1.01947957977524e-07,2.07667965026032e-08,-5.93992342809643e-08,-1.15407728135253e-06,-9.4618650182566e-08,-2.92440666075378e-08,8.95328222452426e-17,2.78285926930625e-07,-4.87472627499375e-08,2.64490029423492e-08,-3.27857218234512e-17,5.25470156765236e-08,2.34839731118039e-06,4.71470680314431e-07,-3.78110188935058e-17,-1.14915518417194e-07,-6.98923392598602e-07,-4.98065284020798e-17,-8.37521816970519e-08,2.06117321619685e-07,-1.81696066518388e-16,1.33336832759234e-16,-7.99537940321503e-09,-4.8148360704878e-07,-2.82490564398730e-09,-4.07942331233503e-06,1.9774921692569e-06,3.280936824999e-08,3.60412663272769e-07,4.56211484948181e-07,-0.00623097418041099,-3.46120701544272e-15,-2.6413909564961e-09,-1.64080974340184e-08,-2.39346623735262e-08,-1.11299632804069e-06,-2.4753052760751e-16,2.50844204152036e-17,-1.07458310882595e-07,-3.28494730430371e-17,2.85294438357872e-16,1.35133076328606e-07,-2.14455545989853e-07,-4.02063774444695e-08,-2.6691242196162e-08,1.16711245503228e-06,3.05631072685197e-07,9.61314630736347e-08,-9.82726690919593e-17,2.48270158747028e-07,1.1796903761849e-08,5.4422406002193e-08,-5.03443875768716e-08,2.06335376954638e-07,-1.84287308456528e-16,8.95512843111071e-17,2.56741991663169e-16,-2.09749881604653e-07,-9.18193322789768e-09,-9.58668933591741e-07,-3.81292191118839e-16,-7.14013894615824e-09,-4.77438239600654e-17,8.03509550532548e-17,1.22864207127056e-06,-4.95558908770766e-07,2.27248775352962e-16,-7.4746944092408e-07,-3.48245371354709e-08,2.3537355349372e-17,7.96520397707219e-08,3.23127913438259e-17,3.17407527481385e-07,1.47614296183164e-17,3.16956948916176e-07,2.46910714986818e-07,8.94754291728933e-09,9.38199294440316e-08,6.46058163442436e-07,-2.93512554107398e-08,1.47185045591429e-06,4.94522161394901e-17,5.52024174239694e-07,-3.12281242205382e-08,9.01994225484089e-17,-4.12679773747961e-09,-8.45981193147058e-08,1.97718910223402e-08,3.92275299897679e-17,6.59709701544025e-08,9.00096957706816e-08,-8.59794432098039e-17,-0.000231655946355962,-4.44199346429741e-07,-2.36937987082218e-09,-3.94262529787234e-16,4.75171802095087e-17,4.38123310076238e-08,1.50195767524233e-07,1.21696664165805e-08,-1.81190969158874e-08,9.19900018281217e-08,-6.82232119321661e-17,-2.7467087187565e-16,3.36768762538627e-07,2.32213858254982e-09,2.24713474159868e-16,8.17930555651016e-07,1.6545536513834e-16,3.83016844758693e-08,-1.5816181279183e-07,-9.24512552851283e-08,-6.1392907763948e-07,-1.8340280829955e-16,9.0590160786716e-17,-2.29800876571091e-16,8.44033251905825e-17,-4.51319852031999e-09,-1.56740021480751e-08,3.43778067942698e-16,8.9387869511789e-17,2.56814718950732e-17,2.21593421879033e-08,1.995171758238e-10,-1.10426906554476e-08,3.43020703446095e-17,-1.63389267393566e-16,-5.76795555762288e-17,-4.82092669293556e-07,1.47610361179149e-08,2.17092164626995e-16,2.60766076220514e-09,-6.8404237362703e-08,1.61910883747235e-16,-1.41769867949436e-17,-5.27370381937036e-07,-4.87660985812567e-10,-2.62383181256029e-07,-3.03736896482795e-16,2.68118924699653e-08,6.97120273584037e-07,7.51666851836199e-07,-4.29710214584839e-07,-1.04607249539912e-07,1.70878680690595e-09,1.4034994533861e-16,3.11894544966657e-16,-4.80091504847802e-17,3.31578608713529e-08,-3.00312682765165e-08,-1.25676390277433e-07,-9.05264525611973e-09,-5.29211596958837e-16,3.82279477416448e-17,4.13011130653301e-16,-8.2050730811084e-17,1.53635331554741e-16,4.38544646143186e-08,-3.00476613270159e-16,3.21158463234742e-16,-7.90452057351102e-08,-1.2699532669715e-16,-7.07813092007222e-08,3.90022438317205e-17,-8.77997280745792e-08,6.13308112638668e-17,-1.07458322542053e-07,-1.34829529663869e-08,-1.11607062389095e-07,9.84559653423303e-17,4.36706467858311e-07,4.65411675173134e-17,1.00520205802295e-06,-1.01192209646139e-07,5.60384299951985e-10,8.52778962209555e-17,9.09793043212258e-07,3.83405166147961e-17,-3.6239675533004e-07,-1.15405861240663e-07,1.55619871246369e-16,-1.7262277085444e-16,-1.60334587205137e-16,-7.01522331888348e-17,-4.32298275944805e-09,-5.64315810712674e-08,-1.26371108609735e-08,9.34497216251692e-17,-4.9634854279721e-17,-1.22588967342368e-08,1.00064073950412e-07,-1.38915637637294e-16,9.29823315338562e-17,-5.95792078266346e-08,-3.57459887753396e-17,-4.24027531697489e-07,1.08099165101419e-16,3.66998522574995e-07,5.48261298328672e-17,1.32048380535161e-15,5.73498406168322e-17,-1.24937391382951e-15,8.74217514901256e-17,-1.32457054813207e-15,7.25624960760979e-09,-5.07676362237263e-08,7.8629258514788e-17,-3.40747207687159e-08,2.30545571617079e-06,3.63503709878894e-16,2.66029871622042e-16,-2.79948513887872e-16,-2.32547249604697e-16,1.44853522004793e-07,2.32887130205934e-08,3.98455966902329e-16,1.73249046058121e-16,-4.26454456469672e-07,-8.60050115519524e-08,-1.30565297656817e-09,1.11921323153003e-16,1.11342652278281e-16,-6.76886510606014e-18,-5.86348245905411e-17,-2.53942850449135e-16,4.20255250224399e-16,5.91115742458373e-07,-5.61997237987769e-07,-1.08633432376198e-07,-6.79039400922632e-17,-3.44843788644002e-16,-6.02251807447542e-17,2.51389627391486e-16,2.29495790329725e-17,3.84460830785825e-16,9.20901245482081e-18,-6.6056142724758e-17,-8.86264483912048e-17,2.02759369140298e-16,-1.78599537128475e-16,4.05451946415327e-16,-2.93509655388644e-18,-3.01962164700504e-16,6.03366922503945e-09,-2.93494982142266e-17,2.77761491515997e-16,6.65042387917108e-17,8.70531828276617e-08,-1.16226695260816e-08,7.06696057381511e-17,-2.26360500665048e-09,8.22762920213891e-08,-4.07332504127496e-17,8.02921237669286e-16,-1.64508824069919e-07,3.30838802039296e-16,2.21122538344729e-09,-1.22025039681176e-16,-2.53969386055679e-16,-3.10590817504764e-16,-1.48284193709043e-15,2.64309414236462e-08,-3.31818001404126e-07,-7.51349436294123e-17,4.22919104261143e-16,5.48446363692183e-16,-7.01393674011247e-16,8.97719398817998e-16,3.80979982309031e-16,1.03381574270121e-16,6.54752194876861e-16,1.34708972983138e-08,-7.39433452713834e-16,-6.33787171926496e-16,-4.60708943717807e-16,8.85348889724179e-15,4.68873556227505e-15,5.2929132446848e-14,-0.400424926563566,3.88543663668361e-14,-4.38038093972668e-14,-8.87885653925397e-07,-2.13143897468547e-14,4.91693118157216e-15,-4.03299862728567e-16,-3.45536284437631e-15,-3.54324299107181e-08,-1.94643767271428e-17,2.18778098656199e-07,-7.01045862411738e-16,1.65073445343966e-16,-1.87259472391919e-15,-7.45793875332572e-16,6.42857424198403e-16,3.55398062195553e-16,-4.49871145579145e-09,1.30327623806289e-15,-3.40534005204321e-16,-1.42461348200529e-09,3.37940873288505e-07,-3.48818987616671e-16,-0.000132630587195417,-1.44441846783771e-08,9.02342439635946e-17,2.52626929684944e-16,-6.78663317114694e-16,5.70291974654314e-16,-9.14675154256743e-16,-3.56626987069566e-08,-4.49764233300773e-16,3.70790274215161e-16,3.86378001954211e-16,1.82512868445487e-08,-5.2244249310972e-16,8.32032742980497e-16,-4.47856793735746e-16,-1.93190217172256e-16,-1.03238556306105e-08,-2.61727803479247e-16,2.97143142931048e-10,-2.79967455722771e-16,-8.80675443419936e-18,1.66030557979248e-15,1.22682827758561e-16,2.74626537381447e-16,-4.3329990726883e-16,3.20865178904146e-16,-6.32592367005316e-09,-3.54714548491939e-16,8.26960808804131e-16,2.76312618601518e-09,2.47519740331051e-16,-1.68411249144879e-17,2.63686705641276e-16,6.3681935399318e-16,-3.34298289080888e-17,2.46168103907589e-16,-2.2126186495606e-08,7.42198622909253e-16,3.14581137958236e-16,6.8351238277995e-09,4.44173062553368e-16,1.32025765188277e-15,4.53839353353201e-16,-1.5064551084553e-16,-4.96186625670317e-16,-4.946249029005e-16,-4.19408330120624e-16,-4.66731555000998e-16,-2.23257709462719e-16,1.53359236642426e-16,6.5946319164412e-16,-3.9927036230559e-09,1.33814115619508e-08,7.49225356647428e-16,-1.49740649385279e-16,3.61552651402915e-16,7.28994458859738e-16,6.72639027810007e-16,-1.27033021642128e-15,-9.81620041524617e-16,-5.27675867337508e-16,-2.14431432506676e-08,-3.14421636947382e-15,1.87286679985341e-16,8.77343294446563e-17,-9.47506146033632e-16,1.61732961830198e-09,8.57614015370306e-16,-2.65613526486004e-10,4.64332187854381e-16,-2.2215052059264e-15,2.92571115018817e-15,-3.09426086917537e-16,-5.32321360794383e-16,-1.53593984011254e-15,2.23358566691127e-15,-8.71555646458869e-16,-1.40493770351032e-15,-1.37606651426412e-15,2.90107464263024e-16,9.9978830657826e-16,-2.38057428685042e-15,1.15007652412354e-15,3.93395967679306e-15,-1.62463254003158e-15,-9.17298000805473e-16,-5.22872062681533e-15,3.74096128921148e-15,4.90812809913627e-15,1.49810719385357e-14,-6.69520354012192e-15,-5.3944174974064e-15,-0.707106781186551,-1.16402453662746e-15,1.52953131687272e-09,7.84379474584927e-17,-2.71102991370708e-16,2.21648524914478e-15,1.9023153733007e-15,-3.85162485009303e-15,-4.6666378524559e-16,3.14689561030881e-15,3.26282540474315e-16,-1.75856026186348e-15,-1.92957648795949e-15,1.13407547241984e-15,-1.31526928941409e-15,2.11324698185902e-15,4.79814992472988e-16,-1.0661649092361e-15,-5.87945572305295e-16,5.32133758173401e-16,-2.06193868050469e-08,8.03040223844528e-16,8.31360423106472e-16,3.93765831525946e-16,-2.38748365989047e-16,-6.32622052768442e-16,-1.10474366704286e-16,5.77479408465159e-16,-6.59919808821323e-16,2.8768001354395e-16,4.18844025936301e-06,-3.7459100519585e-16,-2.74463685407646e-16,-6.09328914436593e-16,1.3101566131586e-16,-3.47061790124788e-16,1.99988247331415e-16,1.33662200151426e-16,6.66240229310171e-17,1.11341896464709e-16,2.25691479292843e-16,-7.14430835743271e-17,3.5735199792265e-16,-2.5111383002029e-16,2.36444860519222e-08,5.88491281525702e-16,-5.9016059798781e-17,-1.68639972060786e-16,-5.23019128007007e-16,-6.56859557081779e-09,-2.45007815290846e-17,2.92193928244566e-17,-2.27078066273576e-16,3.43187891642941e-16,1.97884537913611e-16,2.81665551240712e-17,1.72263618191212e-16,-2.28099239292923e-16,-8.95695585435028e-18,-1.09088929672825e-16,1.45050898543593e-16,3.8082165823456e-17,2.3090053243125e-16,-1.22949343007456e-16,5.15724990401765e-17,-2.48077464589094e-16,-2.2778234299674e-16
"t822",0.0235773271085873,-0.00184813282285743,-0.00161252643656056,-0.000214551973677483,-0.00580208793613829,0.0370305767504092,0.0060076209344258,2.99518980913232e-05,0.00136867744484645,0.00694366242132983,0.00496842328172768,-0.0105631249434864,0.0241881967436329,0.00554840249782919,0.194798704617412,-0.00742086624185311,-0.00714995253723976,0.00200923520093849,-0.132954273720614,0.0152829715505554,-0.00152957140113884,0.000260264508463488,-0.00556906585300164,0.000886726930958551,-0.000152293452680959,0.00616942696746475,-0.00407918269816733,0.000437015499994159,-0.00354109303710344,0.0113976027110893,0.000312100762976163,-0.0116735440938348,-0.000597441726143717,0.00515912940233106,-0.000518498338059045,-0.000455382721261509,-8.10331382165559e-05,0.00019085371446766,0.000889624982842846,0.000221944881688242,0.000656237831479339,-0.00114660773209039,5.33292356424562e-05,-0.000905995345114387,0.000196305170983306,-3.79593336796527e-05,6.85068845420591e-06,-0.000100154483065561,0.00131474233770465,-0.00238021831376747,0.000123459399383213,-0.000106675188340169,2.01372020722365e-06,-3.71045362423592e-05,0.000239926265004366,-0.00357742380093248,7.41571032629706e-05,-0.000540984109488628,0.00200607382852842,-1.73539096808584e-05,-1.5627730873499e-05,0.000213338669717599,-0.000471438588514896,0.000350535017606175,-0.000286086720747895,7.00359894476639e-05,-4.02384034946984e-05,0.00212507012963309,-0.000333127316661395,0.00236173855489096,-1.50014204085779e-05,4.85968063608563e-05,-0.000259440309596111,-0.00012256703059208,5.21222302614148e-05,5.04209386835375e-06,-0.000480402672274814,7.83100994257354e-05,-0.00415097497400372,-0.00882668067897101,0.0009800000902685,0.128450905781161,0.00309206403523866,0.000848666961299121,-0.00024477323898287,-0.000546110966993479,6.86766268392014e-05,0.000118110141292606,2.31506947651278e-06,-8.68915722159122e-05,0.000199860817904183,-2.67095793260452e-07,-0.000264589140763548,0.000112856316069271,3.4927352814725e-06,1.40714506950307e-05,1.64666340951278e-06,-6.84244117441085e-06,6.90714699526716e-05,0.000129738672732693,2.8921090898591e-05,-1.26442035892245e-07,3.66455235653404e-05,2.85427087910375e-06,-1.53960591468522e-06,3.6366660522942e-07,-0.000150595311638389,8.37553395613489e-09,-1.62046246469948e-05,6.32417026004417e-08,2.16442615963991e-06,4.91940116388246e-06,-1.54636909057087e-06,2.01060402507077e-06,-6.54492482950769e-07,2.51897415799043e-06,-4.12869225780418e-05,4.68354782994837e-05,-6.48465015553437e-05,1.74944914779649e-05,-9.92573639256798e-06,1.9474672960833e-05,-0.000124966680429529,-0.000366529740548203,1.04995061855657e-06,-2.48766592477899e-05,2.56427919952812e-06,-2.69075373339742e-05,1.95748470694232e-05,0.000661058761833552,3.75113705493275e-06,-0.000149355024229115,-5.11501693820603e-06,6.69298300026486e-05,4.2995035400616e-07,-0.0001836550634475,-6.42395252988911e-05,-7.39108372723163e-05,-0.0209295516460678,0.0921055523298603,-0.00807623322290678,-0.00810886522503736,0.29004840379957,0.0173970132884915,-0.000124838173540639,0.000107791618596717,5.2292847770101e-05,-7.18606077452938e-05,-3.98923489055001e-06,1.75671500256766e-05,8.42707744961799e-06,2.87171303305465e-05,4.6806378914068e-06,-0.000201241542841843,1.99360306423189e-06,2.53513587179696e-06,-3.56396747144558e-05,3.84747426841272e-06,9.47047890722515e-07,2.70812022877105e-07,3.05568132709939e-07,-1.77760823107456e-08,-8.7802705901779e-07,-1.44287092505934e-06,1.67532382076592e-06,-1.50849383857413e-06,3.46535643279171e-05,5.97618447246916e-07,2.97783468631832e-05,3.07914490605396e-06,-5.44374561627577e-06,-9.62021211551586e-07,1.18695874305581e-07,4.0026614666742e-06,7.83811018863319e-07,2.86906953004855e-06,7.04729756465019e-08,-2.76333933439193e-06,-2.64186296930058e-05,-1.29301713213853e-05,5.15440105880505e-05,1.35344163561508e-05,-2.78600190777186e-06,-1.08933566410441e-08,-3.22934977546661e-07,-8.54799382486519e-08,-0.000146067123057425,3.50420261623826e-05,0.000157241145289352,-1.50110583208917e-05,-4.58668634356193e-06,8.75111265407946e-06,6.08814925095818e-05,5.0893353834992e-09,4.9875285905938e-07,-9.103999145265e-06,-1.6919610148458e-05,-1.00016929005712e-06,1.03332122506794e-05,4.65869098623194e-06,4.6532329424502e-06,6.76334893700912e-05,-1.39811123042665e-07,-2.28351390862919e-06,-3.91662402537008e-05,-1.66309391316491e-05,2.60410040605832e-05,1.19591076972528e-05,-0.000206227290555608,-1.27648608781641e-07,-0.000940672834714536,1.36667637060449e-05,-6.9239466042889e-05,-0.000120680365645466,-6.96539125850748e-07,-5.25061479189488e-06,1.61037610592115e-06,1.04916384595486e-06,-2.86096333793043e-05,-0.000284500057451119,-8.34803400793256e-05,0.000152211929007446,3.89767984254249e-05,0.000203115883473419,-0.0037861361131209,-0.000439526353880314,-0.0877846393093476,1.93847143456385e-05,0.000222200666419715,0.000116894444328462,-2.47537782951791e-05,-4.4023710071563e-06,-2.59781659388592e-05,-7.06202271110764e-05,1.63473598845368e-06,2.64476695919453e-07,0.00015967254569711,-2.21005481356326e-16,6.59309493017358e-07,-8.79551619811444e-06,9.26535285759275e-07,3.07631313904239e-07,-5.56757519121467e-05,4.93833521814161e-07,-0.390582456944226,-5.02405319602151e-05,6.71259529459393e-06,-1.97659688534807e-07,2.97386476866383e-06,-0.000246874463119171,5.76712639928768e-07,-5.90318490906318e-05,3.6729154465341e-05,-9.55418803558812e-08,5.34853814015968e-09,-2.24804090365063e-07,1.62238105618594e-07,-2.50524284891057e-06,-5.21516749440966e-06,8.88484078467116e-07,-1.46821192872325e-06,2.57686417099343e-06,-2.76605356213044e-05,1.52294237693348e-06,-1.36672838234989e-06,4.55039655513796e-07,-5.43628932658144e-09,-2.20535913991413e-05,3.49798129643556e-07,-2.80369408022907e-07,-8.54239058006823e-09,1.70615209920723e-07,-1.61802423186899e-07,-2.10178584021323e-07,4.10324053237917e-07,-9.16251685689698e-07,9.43605379975127e-07,-8.36432821530171e-08,3.81774165253518e-05,-1.10273416128161e-07,5.46914511260886e-06,1.26015884026329e-16,-1.75879952430222e-05,-6.24055414831071e-07,-7.8416562961055e-11,-9.09936026062331e-07,2.90063804524518e-06,-0.000189931955429276,-3.89645902464279e-07,6.50097227219906e-07,-0.000129664864321207,0.0716395640474182,-1.16966220509698e-05,2.43386667925696e-07,-3.23075275634837e-05,3.6304244518399e-05,-8.09646978853348e-06,8.25634548238632e-06,-9.85628233624199e-07,-3.99038608142005e-07,-2.62244542144062e-08,-1.14137345322233e-05,4.32085113741306e-06,-1.82279881839746e-08,8.69256687046171e-06,-5.71984007722696e-07,2.02336895507495e-06,-1.92019421365429e-06,-1.04434366952126e-06,-5.06963513596438e-07,1.57334384916725e-07,1.55173727752753e-06,-8.85197431566183e-08,3.77103678006656e-07,-1.03091044882218e-07,-9.02228966537622e-07,1.52869227930443e-06,5.65431787599369e-19,-1.24972790997366e-09,-5.08568409250112e-08,2.62729694250341e-09,-1.4985544459061e-07,-1.62757232063427e-09,-3.08027661482982e-08,-3.94004067006885e-08,2.2959009367715e-09,6.50816012325489e-07,4.08601123722929e-17,-1.00554345940247e-06,-8.76785430211856e-10,-4.34279764030142e-08,1.83894394850228e-08,7.29132713895431e-07,-3.46041315531737e-08,-1.56222328452578e-06,4.61173732036372e-07,-2.34347414031988e-07,4.15328692183473e-06,-6.18660996766321e-08,-1.77977493123766e-06,-8.57421737788306e-09,-1.28996427081751e-09,-1.95972593798807e-06,1.08082795846925e-07,-2.29326854536318e-06,-8.1302766898771e-17,-7.66826266684713e-07,6.38651004997159e-08,1.84164970955195e-09,1.94442540010469e-08,-7.39450305331712e-06,-2.40638512129579e-05,1.29183877517134e-06,-4.89191596041969e-06,-5.28753019073485e-06,2.69272777812325e-16,-7.64545427693689e-06,-2.97752303056676e-07,-2.02148217292333e-05,1.56673220189236e-14,0.0616730342314664,-1.97586752012058e-05,1.97752098651476e-06,4.84028840519022e-05,9.35108636888773e-06,3.76518092242133e-06,9.9906059078103e-06,-2.09351997435979e-06,-1.42256009909346e-06,-6.36615318792024e-08,-2.59520468667003e-06,-3.26070967168375e-07,1.12480997117691e-16,8.11711319469309e-08,-4.53596706427276e-06,-1.04062132779519e-06,1.2677663156179e-06,3.05017013540913e-16,7.02707133764003e-08,-7.84796786758302e-09,1.66423169430245e-07,8.72198694479957e-09,2.79517624949455e-07,-1.84160523309782e-08,1.00898482982212e-07,2.57587912474499e-07,1.34038346845402e-16,1.89863195767189e-06,-3.32058768782399e-08,1.00437905642765e-07,2.86526087197886e-06,-2.37400437047998e-08,-2.01124424737701e-09,2.77555756156289e-17,7.24576092754836e-17,-2.17687719587384e-09,-2.67770648459844e-08,3.56488919175837e-09,-4.32940478722074e-07,8.16637325624328e-12,-2.31470933647246e-07,-2.85946902456597e-09,-1.40794246901356e-16,-7.09151441727081e-17,-5.33924741198852e-17,6.82474444582876e-07,1.81525258251599e-07,-2.06897502950029e-07,1.87916418952591e-06,1.52113091664268e-06,1.77507959703684e-07,-7.72885699011147e-08,-1.22737260398269e-16,-1.79469759582413e-08,5.13740697444503e-08,1.92092750835199e-16,6.55135317237429e-17,-3.45019078738668e-08,-2.11469543108302e-10,-2.1103882441715e-08,1.30144008525613e-06,2.15265767337592e-08,-9.05924176951195e-08,2.06732405096721e-16,-4.93970866556466e-07,-3.73930465602373e-16,-1.05633136464206e-06,-2.01011082778813e-16,-2.4862161743959e-08,9.2372197159525e-18,1.03302581072338e-07,2.72663178978655e-08,1.30903042577664e-07,2.79114500500019e-06,7.65152014874497e-08,-8.89946878552947e-09,5.6983055128341e-08,2.03479663000528e-08,1.09923743515852e-06,1.01947957894393e-07,2.07667961693148e-08,-5.93992343285251e-08,-1.15407728103515e-06,-9.46186501807501e-08,-2.92440667304948e-08,-1.82252218259606e-16,2.78285926938201e-07,-4.87472628529815e-08,2.64490032993208e-08,1.89132463813763e-16,5.25470146087017e-08,2.34839731102632e-06,4.71470680460929e-07,-3.52082704062318e-17,-1.14915518536251e-07,-6.98923392813318e-07,1.04846500446951e-17,-8.37521817652805e-08,2.06117321644605e-07,5.40280422815746e-17,-1.4791911383683e-17,-7.99537965398643e-09,-4.81483606759338e-07,-2.82490549976559e-09,-4.07942331206117e-06,1.97749216928979e-06,3.28093682593081e-08,3.60412663076264e-07,4.56211484789813e-07,-0.00623097418041095,-3.33500588256541e-15,-2.64139077652156e-09,-1.64080975448268e-08,-2.39346621049637e-08,-1.11299632823178e-06,-2.69439481057163e-16,-2.38715857342633e-17,-1.07458310787071e-07,-7.99655924058054e-17,-7.15284917194143e-17,1.35133076233076e-07,-2.14455545914475e-07,-4.02063774168332e-08,-2.66912424299227e-08,1.16711245512864e-06,3.05631072664568e-07,9.61314631639959e-08,9.04363902432695e-17,2.48270158587724e-07,1.17969034507808e-08,5.44224060467919e-08,-5.03443873767853e-08,2.06335376777933e-07,1.54472212784504e-16,-1.46507067475039e-17,1.71930289922761e-16,-2.09749881342472e-07,-9.18193318511741e-09,-9.58668933477316e-07,3.65275730385722e-16,-7.14013879998002e-09,4.02391823371349e-17,-1.56314357384852e-16,1.22864207147707e-06,-4.95558908693198e-07,-1.45716771982052e-16,-7.47469440828756e-07,-3.48245373586724e-08,2.40825023242664e-16,7.96520396733698e-08,3.64957584395412e-16,3.17407527720876e-07,2.47167143323233e-17,3.16956948825764e-07,2.46910714693092e-07,8.94754301132392e-09,9.38199293804078e-08,6.46058163485375e-07,-2.93512552164508e-08,1.47185045599707e-06,-5.56826450531989e-17,5.520241742945e-07,-3.12281240812402e-08,-2.17504475556916e-16,-4.12679785719893e-09,-8.45981191175073e-08,1.97718907335763e-08,3.87917355946468e-16,6.59709701196275e-08,9.0009695589552e-08,1.27556050449841e-16,-0.000231655946355858,-4.44199346441639e-07,-2.36937955254362e-09,-2.18349851288142e-16,3.07866676358259e-16,4.3812330940385e-08,1.50195767476313e-07,1.21696662004895e-08,-1.81190967265942e-08,9.19900012855126e-08,7.66792081512661e-17,3.62190300235935e-16,3.36768762687448e-07,2.32213798770192e-09,-6.29358930343117e-16,8.17930556409026e-07,-1.97652816962902e-17,3.83016843385449e-08,-1.58161812972944e-07,-9.24512559998478e-08,-6.13929077642271e-07,4.101376050656e-17,-9.16772030255591e-18,-4.49202645170524e-17,7.29690150429134e-18,-4.51319851073326e-09,-1.56740022575929e-08,-6.0345571948155e-17,-1.20903260763994e-16,-1.08173823851866e-16,2.21593422629656e-08,1.99516792598457e-10,-1.10426906301501e-08,6.37131546262685e-17,1.95156391047391e-17,1.00830802041152e-16,-4.82092668930938e-07,1.47610362392812e-08,-4.63348556769977e-17,2.60766079707406e-09,-6.84042374006297e-08,-3.06467979360927e-16,-3.14406608882151e-18,-5.2737038197115e-07,-4.87661083886852e-10,-2.62383181000427e-07,5.59401995079828e-17,2.68118923887658e-08,6.97120273421892e-07,7.51666851928953e-07,-4.29710214858468e-07,-1.04607249898242e-07,1.70878716460201e-09,2.1125702526363e-16,-1.6919333475261e-16,2.49439183775699e-16,3.31578605377393e-08,-3.00312682606837e-08,-1.25676390423804e-07,-9.05264532453617e-09,5.96457079723528e-17,1.44419683930003e-16,-1.4683072899421e-16,-7.06756807145652e-17,-6.21582777607036e-16,4.38544641225007e-08,-1.17353646686281e-17,1.23383572922836e-16,-7.90452058306046e-08,-2.59316237412677e-17,-7.07813090005811e-08,7.87128438184376e-17,-8.77997281283187e-08,-8.94275497470532e-18,-1.07458322790852e-07,-1.34829527960722e-08,-1.11607062353532e-07,-2.00062155193423e-16,4.36706467977717e-07,1.99070411886593e-16,1.00520205797543e-06,-1.01192209396786e-07,5.60384079495183e-10,-1.12648087867513e-15,9.09793043292098e-07,1.3720080867453e-16,-3.62396755072621e-07,-1.15405861018202e-07,-3.90041717333203e-17,3.03288535531462e-16,7.03778861848328e-17,1.51302793912114e-16,-4.32298245546112e-09,-5.64315809949155e-08,-1.26371114713134e-08,-3.22898176041295e-16,6.74111715333585e-18,-1.22588968141229e-08,1.00064074101333e-07,1.23545281201932e-16,1.64384559986432e-16,-5.95792079916251e-08,-6.93474330318466e-17,-4.24027531694041e-07,3.67935843826953e-16,3.66998522231373e-07,-1.09925879001377e-16,1.26263648717819e-15,1.25146968374657e-16,-5.77630279469062e-16,-5.11712065892878e-17,5.14920631277483e-18,7.25624959719997e-09,-5.0767636053061e-08,-1.18369855656135e-16,-3.40747217481426e-08,2.30545571613809e-06,1.199420103192e-16,-4.73927686055511e-16,2.71219298943897e-16,-3.36912552025175e-16,1.44853521986303e-07,2.32887127673754e-08,4.04762006245682e-16,-4.93943174019891e-17,-4.26454456819514e-07,-8.6005011937891e-08,-1.30565385279919e-09,2.5376364350434e-16,2.31584991486912e-17,-4.08682804869713e-17,1.486069561865e-16,-7.58012566877891e-17,6.0849522782793e-16,5.9111574251902e-07,-5.61997237759646e-07,-1.0863343221791e-07,2.16074422658859e-16,-1.05128855605814e-16,-2.1355874073389e-16,-2.08425766553382e-16,2.23620772796453e-16,-8.44565999434705e-17,-7.56808684788457e-16,2.32102364244086e-16,-7.53804106438309e-17,3.03223811937338e-16,-2.21152830301657e-16,7.2689462337016e-17,-1.68392399012514e-16,3.31254170985781e-16,6.03366962314482e-09,2.81474728853494e-16,8.64098025767543e-16,4.24288144868923e-17,8.70531824550212e-08,-1.16226690981752e-08,1.12036539293167e-17,-2.26360451312133e-09,8.22762925794819e-08,1.51788679646329e-16,1.71716161692748e-16,-1.64508824007564e-07,1.49178440658169e-16,2.21122507163328e-09,4.59167780474429e-17,-8.84461839066582e-18,-4.95329954170977e-16,-1.4020799084069e-15,2.64309413586934e-08,-3.3181800096312e-07,-8.28327753590979e-17,5.79945065471339e-16,1.11874589692327e-16,-1.06021038299876e-15,1.14838694109665e-15,-2.80531152804989e-16,-3.31083242717179e-16,9.53070466377978e-16,1.34708967105475e-08,-7.53922606087236e-16,-7.4577968530362e-16,-1.1436039764073e-15,8.42659021813226e-15,4.24916616407193e-15,5.39841560283665e-14,-0.40042492656357,3.90118634161119e-14,-4.35228267144159e-14,-8.87885653869902e-07,-2.08404484996168e-14,5.19066290840305e-15,-1.03041677889488e-16,-2.57719067483252e-15,-3.54324297372729e-08,-2.05012081649799e-16,2.18778098746162e-07,6.74604877373698e-16,5.44594655325111e-16,-9.47682185480502e-16,-7.76403951980448e-16,-2.4789982392172e-16,7.1535317802906e-16,-4.49871165098971e-09,4.70610192183321e-16,-2.16630737409595e-16,-1.42461349648013e-09,3.37940873307364e-07,-8.02024273110151e-16,-0.00013263058719557,-1.44441850124985e-08,-8.53831934769195e-16,-6.72089099619706e-16,-5.9581615476027e-16,1.25649594915248e-16,-1.77438096222915e-15,-3.56627001016234e-08,-1.0567629492919e-16,-1.88881663485434e-16,6.81377598046245e-16,1.82512878492022e-08,-5.65128336546252e-16,4.63342671326584e-16,4.60627166627503e-16,7.1879758253196e-16,-1.03238557221718e-08,6.54446366096569e-16,2.97142408071943e-10,3.64589776025243e-16,6.30167795653536e-16,7.6520201658089e-16,6.30136622808323e-17,-6.34004776631358e-16,1.25154560685406e-17,-3.8871913008312e-16,-6.32592318199951e-09,9.11276876259103e-17,-3.86045830468448e-17,2.7631260479183e-09,-2.33569159033409e-16,2.81892666803511e-16,-1.15231902871231e-15,-7.32256159422811e-16,1.84256384943032e-16,-1.15612834770163e-16,-2.21261879319739e-08,-9.04919097791956e-16,-1.50401692820281e-15,6.83512366592131e-09,2.60449361156531e-16,-1.19510777342886e-15,-1.59148225333356e-16,-7.50081016765972e-16,1.07117698169621e-16,-1.22454149465695e-16,7.71508266031904e-16,1.62819690152112e-16,-2.6747374701683e-16,-2.26437241454494e-16,-7.90065626281903e-16,-3.99270175708974e-09,1.33814120482697e-08,-9.82663366326039e-16,-7.7757508939723e-16,-3.82384977623534e-16,-7.76472809253386e-16,-5.64218810561457e-16,4.71700469288765e-16,1.20857373721097e-15,1.05262133465123e-16,-2.14431440813119e-08,2.38812996608218e-15,-3.72942419969738e-16,3.26337713277869e-17,-3.79308321481876e-16,1.6173286668286e-09,-1.28823445468724e-15,-2.65613732592777e-10,-6.3346239032921e-16,2.56735494951782e-15,-3.23547680767783e-15,2.63685068770196e-16,5.33916459983132e-16,1.51197168216834e-15,-1.87549808831602e-15,-1.77357442669532e-16,1.64858655351275e-15,1.43445894673036e-15,-1.0780959603546e-15,-1.3240725666593e-15,2.72177136167771e-15,-1.12021578974605e-15,-3.83556199150512e-15,2.2421730517873e-15,1.07836417011544e-15,5.48301622966129e-15,-3.80368034527725e-15,-5.25290988880304e-15,-1.44511139166248e-14,6.71180121199113e-15,5.20455320543171e-15,0.707106781186548,1.02621284892581e-15,1.5295383253372e-09,1.28768832813397e-15,6.23592435108361e-18,-2.32563878854361e-15,-1.73246177170196e-15,4.2106505853063e-15,4.30274421635226e-16,-3.38451024736516e-15,-3.36528776130629e-16,1.59243416906707e-15,1.72173493495408e-15,-1.23252102968152e-15,1.52735560856698e-15,-2.04340858442743e-15,-4.10876892683239e-16,1.06353449661469e-15,5.25059943462595e-16,-4.20711844288991e-16,-2.06193866686496e-08,-8.83739112135607e-16,-7.78458147939629e-16,-1.92373197533716e-16,8.38975379586396e-17,5.83702172351495e-16,5.05502476599704e-16,-5.1761834367404e-16,-4.8861903040753e-17,-2.94379672035841e-16,4.18844025941741e-06,5.40638258707788e-16,2.67946995363549e-16,3.83205494615316e-16,-1.20473595513953e-16,1.3750680724282e-16,-3.19611776494762e-16,-1.44706574457082e-16,-7.40109727265669e-16,-1.22275209025846e-16,7.70256783255247e-17,-1.41979428262503e-16,-4.89055137390687e-16,-1.06865306246366e-17,2.36444861504285e-08,-5.95050319065445e-16,1.8763310791483e-16,1.26531872384242e-16,-4.53630188967935e-16,-6.56859578280261e-09,1.38687075305967e-16,4.32588059322355e-17,1.41372808093001e-16,-1.98133988692172e-17,8.76451859672689e-17,-9.75121611180878e-17,-1.18683773593673e-16,-7.13429647678485e-19,2.56120269783609e-18,5.53290800033595e-18,2.27301078659146e-16,2.05072763483814e-17,-1.01025833410849e-16,-6.4471770844131e-17,4.38211639454839e-17,5.09570145921442e-17,-5.05011680072669e-17
"t611",0.0235750785280402,-0.00184776172427383,-0.0016121921939866,-0.00021449240836952,-0.00580011683245591,0.037015825630491,0.00600518099107382,2.99387698988337e-05,0.00136796947664233,0.00693931196723054,0.00496448061728508,-0.0105528162899218,0.0241639079767482,0.00554274757394612,0.19459160630172,-0.00741251659735671,-0.00714171786416068,0.00200687971516612,-0.132794842974182,0.0152630828018749,-0.00152742065131736,0.000259824082592584,-0.00555912270030741,0.000885134861867309,-0.000152018960791131,0.00615778671588683,-0.00407139688261406,0.00043617403221373,-0.00353409523289803,0.0113710938107214,0.000311327791345945,-0.0116433485638136,-0.000595787604334977,0.0051441860299643,-0.000516921948473542,-0.000453890909347656,-8.07644121781328e-05,0.000190211046025119,0.000886609574500522,0.000221181747369324,0.000653918654356756,-0.00114246056144742,5.3133568249707e-05,-0.000902667286758618,0.000195571909110912,-3.7808812291855e-05,6.82303817819433e-06,-9.97469029458369e-05,0.00130926869871672,-0.00237006627315671,0.000122915971162728,-0.000106198822694428,2.00470893273918e-06,-3.69355321886249e-05,0.000238795741979845,-0.00356048178904339,7.37738534127033e-05,-0.00053812387943223,0.00199543904235947,-1.72568178818185e-05,-1.5536807970267e-05,0.000212073790204792,-0.000468600969995646,0.000348417166304683,-0.000284310000340092,6.95903984115653e-05,-3.99688716907231e-05,0.00211051383811953,-0.000330822093160269,0.00234509640672004,-1.48856674275786e-05,4.81969982266545e-05,-0.000257285454349985,-0.000121529080845813,5.16797736584988e-05,4.99893756686669e-06,-0.000476277348908055,7.76268531986638e-05,-0.00411346474444426,-0.00874580640869797,0.000970809891016206,0.127240329095986,0.00306186781333774,0.000840291768376369,-0.00024224965469177,-0.000540414835867878,6.79519390631902e-05,0.000116861491246819,2.29058283302277e-06,-8.59713889027752e-05,0.000197735008490189,-2.64137732269853e-07,-0.000261648200005017,0.00011157134180602,3.45133952327938e-06,1.39036883799678e-05,1.62702619884399e-06,-6.75962207660259e-06,6.82308744175533e-05,0.000128127329526599,2.85560038431013e-05,-1.24843597432684e-07,3.618151562142e-05,2.81551308457198e-06,-1.51859396489136e-06,3.58683943989851e-07,-0.000148517630455599,8.25975855879475e-09,-1.59798636129259e-05,6.23600165273325e-08,2.13420043833545e-06,4.85002367917507e-06,-1.52453542741485e-06,1.98148671601133e-06,-6.44963638083457e-07,2.48187389445482e-06,-4.06757030061508e-05,4.61323599571652e-05,-6.38600075837579e-05,1.72257097131521e-05,-9.77238835479612e-06,1.91680375288923e-05,-0.000122975154464846,-0.000360685874680611,1.03318159782283e-06,-2.44744670300022e-05,2.52277951231367e-06,-2.64675335670499e-05,1.92453230129581e-05,0.000649926912999828,3.68782334278725e-06,-0.000146785956769199,-5.0267100195691e-06,6.57712753764813e-05,4.22427391920504e-07,-0.000180436829318612,-6.30884350664978e-05,-7.25629373908063e-05,-0.0205387866729775,0.0903847689054214,-0.00792474794786966,-0.00795646124027011,0.284579378851874,0.0170685786463843,-0.000122481340448591,0.000105738667355994,5.12795708383796e-05,-7.04439718744292e-05,-3.91025774817193e-06,1.72161145835806e-05,8.25855946473726e-06,2.81408430240376e-05,4.58651396333218e-06,-0.000197185235150557,1.95255608422112e-06,2.48276366995454e-06,-3.490166432801e-05,3.76352801155098e-06,9.26129164256764e-07,2.64819019909283e-07,2.98736122062289e-07,-1.73778044202834e-08,-8.58097047558031e-07,-1.41006829539198e-06,1.63675704946918e-06,-1.47335061583711e-06,3.38185126955431e-05,5.83200691439646e-07,2.9059717962466e-05,3.00450094648958e-06,-5.31108378909191e-06,-9.38559441163841e-07,1.15771100802027e-07,3.90371454009518e-06,7.64300566692765e-07,2.79753235229419e-06,6.87142853867423e-08,-2.69327632768751e-06,-2.57379108298073e-05,-1.25960864930738e-05,5.02087469263635e-05,1.31810943880073e-05,-2.71305723116836e-06,-1.06073179338354e-08,-3.14432316039559e-07,-8.32088647539035e-08,-0.000142177673855777,3.40909695120919e-05,0.000152970879710036,-1.46008199861421e-05,-4.45916787255276e-06,8.5043776464943e-06,5.91566952820819e-05,4.94412388384487e-09,4.84446945805947e-07,-8.83877777117048e-06,-1.6425053756163e-05,-9.70728397718321e-07,1.00279783792926e-05,4.51737227016635e-06,4.5119056341197e-06,6.55565580853521e-05,-1.35471431536987e-07,-2.21082046056087e-06,-3.79192777177946e-05,-1.61002300659857e-05,2.52041768397463e-05,1.1572941836277e-05,-0.000199482966203821,-1.2340886112393e-07,-0.000909042757195644,1.32054866168347e-05,-6.68629054775354e-05,-0.000116499831354912,-6.72404216434416e-07,-5.06738346700767e-06,1.5531680675908e-06,1.01176621497265e-06,-2.75714405588489e-05,-0.000274049488601993,-8.0401001725408e-05,0.000146500731743208,3.75084500271272e-05,0.000195430414050726,-0.00364096566354415,-0.000422628935891642,-0.0844075987783174,1.86282865408137e-05,0.000213455451139551,0.000112250161999871,-2.37661027696462e-05,-4.22594381774601e-06,-2.49328059258392e-05,-6.77751833443255e-05,1.56817427033018e-06,2.53636952843906e-07,0.000153081775341711,-2.62053956778153e-16,6.31819734037307e-07,-8.4280538950425e-06,8.87290459749507e-07,2.94463958839669e-07,-5.32722298327849e-05,4.72503830975172e-07,-0.373445569733117,-4.80304449539854e-05,6.41695204757531e-06,-1.8890410524716e-07,2.8416244633053e-06,-0.000235819333029083,5.50807186312207e-07,-5.63768063222205e-05,3.50656930356475e-05,-9.10891393817912e-08,5.09677400327771e-09,-2.14134593366063e-07,1.54400499956583e-07,-2.38406497987724e-06,-4.95981448297612e-06,8.4468470902249e-07,-1.39513509420473e-06,2.44821322376806e-06,-2.62751441774832e-05,1.44632668386369e-06,-1.29752133382413e-06,4.31980696304284e-07,-5.15625071652907e-09,-2.09171241986406e-05,3.31764749988338e-07,-2.65851427156246e-07,-8.09932657502231e-09,1.61719870587586e-07,-1.53358414150525e-07,-1.98866307235448e-07,3.88165342064852e-07,-8.66640014758973e-07,8.92201695197034e-07,-7.90646683378483e-08,3.60648027268918e-05,-1.04152070239099e-07,5.16479657791481e-06,-9.71243933774473e-17,-1.6600918624287e-05,-5.88993079948802e-07,-7.39947558452024e-11,-8.58187224749833e-07,2.73447186160487e-06,-0.000179014012795654,-3.67209646237823e-07,6.11842638694403e-07,-0.000122024215588645,0.0674165402581689,-1.10027635805583e-05,2.28689939074773e-07,-3.03506969437524e-05,3.41006742745481e-05,-7.6016002025587e-06,7.73826310599704e-06,-9.23103109813118e-07,-3.73708841692905e-07,-2.45594915848301e-08,-1.06695397532964e-05,4.03047516289297e-06,-1.69983157246395e-08,8.10288085956111e-06,-5.32919155529589e-07,1.88489289501892e-06,-1.78650438381051e-06,-9.71539694889391e-07,-4.71538385158615e-07,1.46322612545552e-07,1.44255711821206e-06,-8.22551482999738e-08,3.50272203379936e-07,-9.57387956405164e-08,-8.37628489993092e-07,1.41831189239324e-06,1.14765881926317e-17,-1.15483440952884e-09,-4.69761173969459e-08,2.42533783854915e-09,-1.3833363414143e-07,-1.50240600097266e-09,-2.84296627999384e-08,-3.63546533104803e-08,2.11770917125351e-09,5.99893319803775e-07,-9.19744101268042e-17,-9.25402872028253e-07,-8.06747824144093e-10,-3.99420618108493e-08,1.69124864413124e-08,6.69869087406653e-07,-3.17730557043802e-08,-1.43323180254164e-06,4.22854603385089e-07,-2.14610451666652e-07,3.79915796272842e-06,-5.65497442225356e-08,-1.62616151002752e-06,-7.83215908503355e-09,-1.17778481412145e-09,-1.78921164056442e-06,9.86465321968072e-08,-2.09252392211862e-06,2.83292890406163e-16,-6.98376048923723e-07,5.81412427170039e-08,1.67658688854802e-09,1.76815714938809e-08,-6.72301974414108e-06,-2.18327888700359e-05,1.17136237453156e-06,-4.43517035836115e-06,-4.79168655996511e-06,4.37826258663407e-16,-6.92492275086025e-06,-2.69639338654091e-07,-1.82930150784134e-05,1.42221697814254e-14,0.0557662020454032,-1.78629550674646e-05,1.78761895777235e-06,4.37460674868374e-05,8.44861204281801e-06,3.40095196699773e-06,9.02238558747996e-06,-1.88953157901574e-06,-1.2838600315779e-06,-5.74314867080042e-08,-2.33957836994025e-06,-2.93942521638908e-07,-1.38845250695334e-17,7.30714393062571e-08,-4.08235296983539e-06,-9.36053793856168e-07,1.13944536431674e-06,2.30708550850484e-16,6.30467062950208e-08,-7.02714066059748e-09,1.48882446574463e-07,7.79941735138017e-09,2.49825201079516e-07,-1.64442870264467e-08,8.99575530045803e-08,2.28781215137245e-07,2.94948420438611e-17,1.68057416307375e-06,-2.93834284208726e-08,8.8820808689824e-08,2.53166000205588e-06,-2.09746074917176e-08,-1.77652278251842e-09,-1.52655665885959e-16,-7.71912363274689e-18,-1.92010944751469e-09,-2.35895244138601e-08,3.14004169257893e-09,-3.80921365642134e-07,7.17154192142128e-12,-2.03162031937221e-07,-2.50702084213091e-09,1.55002420529252e-16,6.29955942520514e-17,-1.2427003255119e-17,5.96302235410574e-07,1.58535218193087e-07,-1.80418682019189e-07,1.63654162867798e-06,1.32453281324683e-06,1.54351167287569e-07,-6.71950880111456e-08,-4.28854434426061e-17,-1.55590027346374e-08,4.44936359835953e-08,-3.59699611620043e-17,2.22478619936811e-17,-2.97627606757022e-08,-1.82246384209255e-10,-1.81639583988746e-08,1.11916350162524e-06,1.84805858662286e-08,-7.77525401566224e-08,-1.85442693888413e-16,-4.23801547436166e-07,-2.83514793071905e-16,-9.05305685900347e-07,-2.3635607360184e-16,-2.12906842654633e-08,-3.22150365053441e-17,8.83736354469167e-08,2.33211026989848e-08,1.11657953074704e-07,2.37940811394576e-06,6.52121133286937e-08,-7.57674117121877e-09,4.84687205146828e-08,1.72701909036699e-08,9.32951933426874e-07,8.64681156353667e-08,1.75919332414081e-08,-5.02350957803818e-08,-9.74662731053605e-07,-7.98208422734806e-08,-2.46570125234302e-08,2.59054355691629e-17,2.34237931524571e-07,-4.09640012797307e-08,2.212148115513e-08,4.73514692077161e-18,4.38887106257388e-08,1.95733090690639e-06,3.92604812914854e-07,6.51184374855544e-17,-9.56483347572797e-08,-5.80660201830975e-07,5.92809844956232e-17,-6.95167191130379e-08,1.70125712393599e-07,1.31032427725551e-16,-3.35889547193484e-16,-6.58450133437463e-09,-3.96440091454381e-07,-2.32374150253962e-09,-3.35193878853409e-06,1.62069515075055e-06,2.68836203777682e-08,2.95224893163741e-07,3.72402715968989e-07,-0.00507168802432476,-2.5578497653278e-15,-2.14759106260046e-09,-1.33381241748647e-08,-1.9443482335414e-08,-9.0342157321763e-07,-3.80590675778108e-16,5.20448046520535e-18,-8.71273838480348e-08,9.08479805282244e-17,6.12858654515092e-17,1.08786152712595e-07,-1.72424833218392e-07,-3.23255478016528e-08,-2.13995203039881e-08,9.35366421444072e-07,2.44923792672831e-07,7.69960919910155e-08,6.19400016306286e-17,1.9771077326853e-07,9.38272200439215e-09,4.32670865402347e-08,-3.99413289003666e-08,1.6306229350008e-07,-2.24503196467611e-17,-3.49377840094021e-17,-1.99779598741101e-16,-1.6480271364886e-07,-7.19576111786528e-09,-7.51147490889552e-07,-1.65142496769343e-16,-5.58035125508951e-09,4.48098276061005e-17,1.02903196348853e-16,9.49062635943664e-07,-3.82735129633629e-07,-2.30718222304915e-16,-5.7554949684271e-07,-2.67668156809573e-08,-4.30066864327943e-16,6.09938682364123e-08,-3.93658879377129e-17,2.41933184563107e-07,-9.98975226111528e-17,2.41487488169018e-07,1.88057847356677e-07,6.81229652525789e-09,7.13935201625337e-08,4.91047756037435e-07,-2.22084698983747e-08,1.10640355448967e-06,1.75278805692741e-17,4.11419378592655e-07,-2.32521074445548e-08,2.39214454733456e-17,-3.06887660033533e-09,-6.27643226909567e-08,1.46376973704133e-08,-3.86300902673902e-16,4.84745612406597e-08,6.60366208925695e-08,4.19972554768643e-17,-0.000169607166845545,-3.24887498639711e-07,-1.72627119590145e-09,6.6258035263784e-16,-2.15137007738659e-16,3.16173066186434e-08,1.07930039105087e-07,8.73734157444616e-09,-1.27513213082041e-08,6.45128396199254e-08,-2.40558174395149e-17,-6.07188168855227e-17,2.35600212941533e-07,1.62403865988058e-09,1.39299256324343e-16,5.69635530331701e-07,-4.23855601873309e-17,2.65638485149431e-08,-1.0905021280272e-07,-6.371673434087e-08,-4.22406867382122e-07,-9.3804204582402e-17,-7.01526762278155e-17,3.18671197349582e-16,-1.4507628368775e-16,-3.05658727645576e-09,-1.06009070672894e-08,-3.29423005792624e-16,1.66029052769763e-16,7.90168210274865e-17,1.49126174625846e-08,1.33974541662679e-10,-7.36993295664454e-09,-1.05882921554459e-16,2.37982376860568e-16,1.64798730217797e-16,-3.14664668838425e-07,9.62679834200127e-09,-1.99640019638737e-16,1.6847033158791e-09,-4.40200894688124e-08,5.43040113164714e-17,1.87749278219694e-17,-3.36151717472756e-07,-3.1059670547718e-10,-1.66141863053086e-07,1.18327923740725e-16,1.68064123817224e-08,4.34454988229908e-07,4.64572195033275e-07,-2.62455042320507e-07,-6.36816227594207e-08,1.03374557834549e-09,-3.2313958709902e-16,-2.69789157907701e-16,-3.10042261282399e-16,1.92885384636723e-08,-1.7458384632412e-08,-7.26622731997661e-08,-5.08184817668878e-09,4.65798869194371e-16,-4.15000495237858e-17,-2.95929757750734e-16,1.34990523807433e-16,3.51554919625425e-16,2.37790958861665e-08,2.24757195962439e-16,-5.45129211836238e-16,-4.22301088807411e-08,7.70455787689882e-17,-3.7784413831887e-08,-9.59210302952442e-17,-4.68049143641099e-08,-1.56394121091695e-17,-5.57133031898875e-08,-6.94159522504974e-09,-5.68298456183656e-08,1.12702864203818e-16,2.1925036367832e-07,-2.83845785389725e-16,4.88150265598149e-07,-4.67975299162306e-08,2.58564715425032e-10,8.58482272616488e-16,4.1065219056543e-07,-3.88229893250526e-16,-1.57524120773584e-07,-5.00661837434815e-08,-2.56962076290734e-16,-1.27727211971212e-16,-2.03270315360613e-17,-1.20319553837918e-16,-1.81218114928184e-09,-2.34303309520905e-08,-5.18732520747917e-09,2.34325875327923e-16,1.0642488081207e-16,-4.74170346139855e-09,3.85946103791113e-08,1.18869771501464e-16,-1.86116995901738e-16,-2.10424918324097e-08,8.20166565567081e-17,-1.46622196696776e-07,-1.83062402191538e-16,1.18667146197744e-07,1.27948647185353e-17,-2.62960456353361e-15,-1.3092527592766e-16,1.7484819006978e-15,-5.97572148529897e-17,1.2769895354603e-15,1.97814439944736e-09,-1.3803581916133e-08,2.85305336413933e-17,-8.59658531315435e-09,5.61986633119524e-07,-6.13073622055779e-16,2.22715889669518e-16,2.07888087159563e-16,5.43127470434485e-16,2.96470798544886e-08,4.54017418852656e-09,-8.69015878088053e-16,-1.46771468482328e-16,-7.83984398598082e-08,-1.56845872787871e-08,-2.31581129708753e-10,-4.01260677751988e-16,-1.41235489318924e-16,5.94432402310561e-17,-1.13216706798184e-16,4.2199886788871e-16,-1.00353759211099e-15,5.11220103819356e-08,-4.32331520509723e-08,-7.30389019785185e-09,-1.44880885930591e-16,4.60325926069416e-16,3.73556037261746e-16,-9.99328160748395e-17,-3.09494609759795e-16,1.81077511155959e-16,9.22477722018951e-16,-2.70197754676882e-16,1.58333144129974e-16,-3.88305466518153e-16,3.7201401131519e-16,-3.51394428220931e-16,1.87245368778665e-16,-1.19475933573682e-17,-8.08453207807118e-10,-2.44983227619944e-16,-9.94542732099964e-16,-1.45883407201885e-16,-1.45826210075851e-08,2.04020105082012e-09,-8.60051594211971e-17,4.08737375546125e-10,-1.85644313818742e-08,-9.3849322569945e-17,2.34820567696725e-16,4.71941606403558e-08,-6.31871110432755e-16,-8.20064129472376e-10,2.48470242915973e-18,3.17677736722514e-16,8.4770184054249e-16,2.89276390258999e-15,-1.3963630964373e-08,1.79288748647027e-07,7.97979060306863e-17,-9.33424893936051e-16,-6.73345308270466e-16,1.31851152161385e-15,-2.48282297499181e-15,-6.59442266333437e-17,2.95952940298631e-16,-1.63229601179052e-15,-2.1572673247296e-08,1.52035125198018e-15,1.39919188495759e-15,1.56208869613428e-15,-1.78395627427183e-14,-9.21529745870745e-15,-1.09856684225112e-13,0.824156848909111,-8.01328794221286e-14,8.98552682760496e-14,1.91832262993064e-06,4.34527985930655e-14,-1.0031821290275e-14,4.98099097664571e-16,6.19397775481184e-15,1.49375879155134e-07,2.21466527430164e-16,-1.07334192962966e-06,9.93611632151407e-17,-6.20681365391369e-16,3.05790969877544e-15,7.74911479927386e-16,-3.98647208433886e-16,-1.39338564367018e-15,3.19209578714229e-08,-2.15339926805784e-15,5.68492992288931e-16,1.47059322798338e-08,-3.56710427670689e-06,1.19810971949609e-15,0.00222876570592433,2.95323672164992e-07,8.01888379345543e-16,9.56278989447772e-17,1.35614794356218e-15,-6.93501575045689e-16,2.77220261508152e-15,-4.11217100460668e-07,7.62698096670826e-16,-1.6094160376605e-16,-8.78433759792021e-16,1.56958009435002e-07,8.43033091529035e-16,-1.10776160098585e-15,4.00987418655105e-16,-5.43267170290875e-16,-6.76416531300388e-08,-4.61607795458616e-16,1.81996466617051e-09,-1.51027037942886e-16,-5.88911301070225e-16,-2.49914837550237e-15,-2.45962776040613e-16,3.73286141005435e-16,4.25676850811107e-16,3.42882051585054e-17,-2.93497243863976e-08,2.50075630052366e-16,-9.85279226520127e-16,1.21437284844204e-08,-9.22816026159605e-17,-2.49850653982818e-16,7.84305882502917e-16,1.29851336344915e-16,-2.06347091334733e-16,-1.54173455493238e-16,-8.41238119488335e-08,1.14139614278204e-16,1.28292561104252e-15,2.45946591042931e-08,-5.27387235248235e-16,-1.34817489562428e-16,-4.06816375451504e-16,7.33445743579053e-16,4.04353580060848e-16,6.70447458652e-16,-3.02185029486251e-16,1.98837407248167e-16,6.20223659299569e-16,-1.30357312373819e-18,2.06323288694875e-16,-1.216595740827e-08,4.00911962301094e-08,2.79894176410646e-16,1.02300670506134e-15,-1.86430736424616e-17,1.11968326423628e-16,5.04370850640257e-16,8.33849703349116e-16,3.47105554054082e-16,4.33507211391173e-16,-5.93094297731901e-08,1.13578880931228e-15,1.9958366109002e-16,-1.7744049435323e-16,1.62156500571452e-15,4.21784473366772e-09,5.36167368864535e-16,-6.5345848389725e-10,1.72287107219352e-16,-3.52457028218839e-16,3.21643796091028e-16,4.05071259222135e-17,5.84064293990246e-17,1.39827137357181e-16,-3.65427491900793e-16,9.87115617738214e-16,-2.3825837122291e-16,-5.1311996360513e-17,6.78528997168413e-16,3.24317319906028e-16,-3.63951173532051e-16,-8.42384733198495e-17,-7.77815585981592e-17,-4.95663294084087e-16,-1.48187225429613e-16,-2.33070833987455e-16,1.90082743623886e-17,3.16711304001616e-16,4.02889527295613e-16,-2.83730446136787e-17,9.91267179643003e-17,2.04280461791144e-15,8.07480755907686e-17,3.19557274171734e-09,-1.25435783134499e-15,2.47711690888843e-16,1.34935581098808e-16,-4.90997135130598e-16,-2.20193796715371e-16,2.96450274962744e-17,3.37347688795174e-16,9.06606658872273e-17,1.63895548379988e-16,1.74561421196998e-16,-4.6447221069279e-16,-5.46981862825106e-17,-1.30545487446388e-16,-8.89380058770618e-17,-7.63346733829678e-17,9.84972435516111e-17,-1.67874252095288e-16,-3.9768706906153e-08,1.08726982466693e-16,-8.8372202986255e-17,-2.93326704630802e-16,-1.21408090715409e-17,5.11069709101553e-17,-2.37436395139818e-16,-7.10109142198559e-17,7.23118554047399e-16,2.5463270292104e-17,7.56263586102953e-06,3.51459168092453e-16,1.41708561859621e-17,2.12676962207373e-18,4.18416260767029e-16,-2.71318990419292e-16,7.69827483726514e-17,1.11648299496754e-16,7.06397706498607e-16,-8.55290755759201e-17,-4.1091259463437e-16,1.44350265602574e-16,1.23260930351846e-16,2.95950632056491e-16,4.04442453592741e-08,3.26363394143804e-17,-1.98115118963475e-16,-1.34936923479993e-16,-1.73472347597681e-17,-1.09915996364517e-08,-4.31204744176898e-17,-6.32454168935531e-17,2.1674148355226e-16,-1.32339833323217e-16,-1.03603638648783e-16,-1.36074691827147e-17,-1.62989708275948e-16,-6.10668260526687e-17,7.02233071973057e-17,1.78452673778264e-16,-3.91997891634953e-16,9.56793462997734e-17,-1.62602391113887e-16,2.4238580235492e-16,-3.99886959663547e-17,2.10004595570425e-16,-4.42959017804103e-16
"t218",0.023568233114059,-0.00184665151320984,-0.00161119333430498,-0.000214316519840226,-0.00579435882976507,0.0369731789946825,0.00599813673795845,2.99010866285292e-05,0.0013659664608869,0.0069272544114472,0.00495390732851268,-0.0105262057749832,0.0241015926183373,0.00552828690780035,0.194067134834458,-0.00739166457503528,-0.00712127754171578,0.00200106062749021,-0.132403429903813,0.0152154309016084,-0.00152239983385884,0.00025887192631748,-0.00553820055076527,0.000881794818501064,-0.000151444287529065,0.00613403427166972,-0.00405561762587214,0.000434477645669958,-0.00352021414087224,0.0113245997127163,0.000310051512881741,-0.0115957984593612,-0.000593396489086658,0.00512397218609869,-0.000514957678260995,-0.00045230040487928,-8.04863524955056e-05,0.000189571840318058,0.000883663268828949,0.000220465721137878,0.00065192084179493,-0.00113916798851467,5.29866223561498e-05,-0.000900179831149765,0.000195061622325273,-3.77335341342357e-05,6.81091711572012e-06,-9.95801995935047e-05,0.00130748608236509,-0.00236769430395351,0.000122857337991805,-0.000106175937570045,2.00435558225718e-06,-3.69417236242807e-05,0.000239009299541159,-0.00356407979862361,7.40248573748694e-05,-0.000540362849883692,0.00200392814279298,-1.73661776507563e-05,-1.56630059907993e-05,0.000213999004579808,-0.000473234885333268,0.000351935550835164,-0.000287641645822277,7.05144683042797e-05,-4.06521185144022e-05,0.00215058834911446,-0.000337406811795055,0.00239580184702716,-1.53652145853962e-05,5.02341539754293e-05,-0.00026860353999699,-0.000127327221693677,5.41703361995822e-05,5.24830271774693e-06,-0.000500362288535677,8.18218591753698e-05,-0.00437085034481829,-0.00932570102559598,0.00104177394257715,0.13673789450321,0.0033275963771249,0.000916558285955411,-0.00026881694645987,-0.000602784258869496,7.62077984502712e-05,0.000131178084014302,2.57180920394879e-06,-9.65841892404604e-05,0.000222625578181133,-3.04079573739541e-07,-0.00030188274958848,0.000130778748585252,4.17344905595759e-06,1.68999860980362e-05,1.97814150432267e-06,-8.33259339681251e-06,8.45613042673516e-05,0.000162258370427087,3.68656492024226e-05,-1.61461226390388e-07,4.68890151858213e-05,4.08302368391493e-06,-2.22541965303231e-06,5.30066123714826e-07,-0.000222907523970841,1.24523069814493e-08,-2.42855854692451e-05,9.59689727673442e-08,3.29821023546769e-06,7.69219680505114e-06,-2.42573721609585e-06,3.41132429665441e-06,-1.13167541190562e-06,4.55455146432632e-06,-7.62829624865301e-05,9.23705321490888e-05,-0.00013749080145575,3.94768184964041e-05,-2.3285742255431e-05,5.35706281620229e-05,-0.000391738130771297,-0.00115539304866107,3.38114259320688e-06,-9.55114482249691e-05,1.00123132802041e-05,-0.000128482224341701,0.000348512376181418,0.0121809003512356,9.30506193351598e-05,0.00176149023645643,4.58447170331992e-05,-0.00050905948427963,-1.97450856533593e-06,0.000797268630964971,0.000144519242432928,0.000113175375628814,0.020769746304282,-0.0903741726604042,0.00740528914589475,0.00718629716378499,-0.24349862007084,-0.0143085745167914,0.000102647912284449,-7.67176959721456e-05,-2.81638746887542e-05,2.92522185127605e-05,1.51350595243103e-06,-5.69423803700571e-06,-2.69710533412799e-06,-8.64458723680357e-06,-1.35857971433806e-06,5.60187147797754e-05,-3.68334668985747e-07,-4.36023428587239e-07,5.81857595098089e-06,-6.57372803421486e-08,7.24056125394152e-09,3.02512636747696e-09,9.00679606953539e-09,-5.86601800866567e-10,-4.693891178051e-08,-8.04698231663969e-08,1.22448697707872e-07,-1.32635900073512e-07,4.24188254962809e-06,7.37638218891682e-08,3.68328447553776e-06,3.92658535945872e-07,-7.17464837311011e-07,-1.27365618775821e-07,1.66369510308031e-08,5.70149725060277e-07,1.15313081713876e-07,4.2524789077202e-07,1.0484557376298e-08,-4.37153737060569e-07,-4.3960938821272e-06,-2.16803617137068e-06,8.70312678482628e-06,2.32960071203172e-06,-4.82840497989373e-07,-1.90012988982014e-09,-5.66595850186983e-08,-1.52702016592767e-08,-2.62009758717261e-05,6.47876495812737e-06,2.90964501975919e-05,-2.80043499347138e-06,-8.71474860716039e-07,1.68126764816236e-06,1.17324482536577e-05,9.84578944438482e-10,9.67196395450789e-08,-1.77391003754775e-06,-3.29874301042632e-06,-1.95150510202562e-07,2.01649509296721e-06,9.05714212695969e-07,9.043103253555e-07,1.30892122538864e-05,-2.69125697778465e-08,-4.31810732860098e-07,-7.40558664664184e-06,-3.13839236654271e-06,4.88294340325005e-06,2.23189887567365e-06,-3.79653162954158e-05,-2.30529227777481e-08,-0.000166980887141515,2.41236737826868e-06,-1.18917229421591e-05,-2.03860813549653e-05,-1.17610776256823e-07,-8.74580710069374e-07,2.58408499068183e-07,1.67072167507377e-07,-4.36208189336615e-06,-4.19743301027196e-05,-1.21702519664281e-05,2.10549583099569e-05,5.32012817960687e-06,2.73115662534934e-05,-0.000485036574149279,-5.57303790456871e-05,-0.0111024118427112,2.3104185592614e-06,2.54698099047262e-05,1.2791115958462e-05,-2.64916352218446e-06,-4.60054453015019e-07,-2.65273640620485e-06,-7.16322491371447e-06,1.55359198299803e-07,2.40547015038417e-08,1.38018085920969e-05,3.88198419163192e-17,5.26109932988795e-08,-6.89966857370106e-07,6.38086011277752e-08,1.88248379270699e-08,-3.04308309517949e-06,2.67946911904043e-08,-0.0162216129084806,-1.97508112990261e-06,2.56970163709773e-07,-6.5777311707171e-09,8.86829700104089e-08,-5.76198484109157e-06,1.17603768110106e-08,-1.13117140231019e-06,4.50987837205625e-07,1.91508113305628e-09,-1.78126522212829e-10,1.01955714762861e-08,-1.23010726093885e-08,1.96098860693719e-07,5.48317335673527e-07,-1.09266463551409e-07,2.25254078111426e-07,-4.24697015740774e-07,4.91887980469931e-06,-3.01677752222498e-07,3.20113394003449e-07,-1.08720146919082e-07,2.17414281549745e-09,8.94624977575321e-06,-1.44210136558065e-07,1.38988462616957e-07,4.5714925509498e-09,-1.21345710213223e-07,1.22441564211476e-07,-1.57498652644328e-07,2.51028796698806e-07,-4.88379905726484e-07,3.85801931191534e-07,-2.86392272232737e-08,9.36622319654627e-06,-2.48393816233727e-08,1.15443617885764e-06,-5.94889413526045e-17,-3.00876542195221e-06,-1.03965893815411e-07,-1.2001014958593e-11,-1.14625111373382e-07,3.10237822271043e-07,-1.88000173959675e-05,-3.71152133022513e-08,3.69485864958423e-08,-7.11126852244847e-06,0.00389100666145057,-5.36469983699523e-07,6.39430075553207e-09,-7.57671271654668e-07,7.83486529823026e-07,-1.28849157019595e-07,7.89099957035458e-09,2.20149018719668e-09,9.42336031046124e-10,6.28951895492794e-11,1.44493946801343e-08,8.54087026734597e-08,-4.46052249465404e-10,2.8150788802732e-07,-2.50627902263842e-08,9.66582479347336e-08,-1.74128792264136e-07,-9.89575264140119e-08,-5.20079525550562e-08,1.70275914248212e-08,1.99419089415434e-07,-1.36768750971138e-08,6.88106623342984e-08,-2.02100690048061e-08,-1.99583029127298e-07,4.36673364015951e-07,1.21190029123932e-17,-2.31696169959824e-09,-1.28115901023333e-07,1.2500915299446e-08,-7.30753039195413e-07,-8.14963531280999e-09,-1.9427891498899e-07,-4.63862248544899e-07,6.19466594830292e-07,-4.55862315216355e-06,-6.11695918881571e-17,2.47662498378245e-06,2.02410910582893e-09,8.89854714819741e-08,-3.72033453117253e-08,-1.19063924345406e-06,5.16927012223386e-08,2.10427782837553e-06,-5.84889435666991e-07,2.66304431044944e-07,-4.33300490912703e-06,6.13783312184124e-08,1.7177746185045e-06,8.13629791347548e-09,1.18779962883682e-09,1.79853392887397e-06,-9.70899168104809e-08,2.02575515119568e-06,3.93253457418878e-16,5.92154659438935e-07,-4.779710274707e-08,-1.37786860310932e-09,-1.31658581905991e-08,4.92332241587506e-06,1.22789374566219e-05,-5.92068411189807e-07,2.18941159613228e-06,2.14241212805096e-06,1.7841340647267e-16,2.70173529976099e-06,9.9170037947825e-08,5.08725170489121e-06,-3.29534294956396e-15,-0.0094041399822233,2.51314755592835e-06,-2.2498809462124e-07,-4.13137277139913e-06,-3.3198981237451e-07,1.45565055769263e-08,3.58606328544882e-07,-2.88130276146116e-07,-2.1398534213908e-07,-1.45096952995969e-08,-9.84627685172965e-07,-1.26419903524936e-07,-2.6526479800726e-16,6.14532828818849e-08,-3.77874707617865e-06,-1.05678777980182e-06,1.69760664813981e-06,3.22638594674315e-16,1.62304007878928e-07,-3.31414367381669e-08,9.41496670091548e-07,5.70748744090047e-08,2.20247658146502e-06,-2.15008366865379e-07,3.03113175073939e-06,-5.44308865030539e-06,4.10514809085119e-16,-2.21765067396973e-05,3.77201097365295e-07,-1.08341067232766e-06,-2.91125189364881e-05,2.402237163567e-07,2.00574445895126e-08,1.8249290967276e-15,-2.89345592056529e-16,2.02496274012131e-08,2.3816593103693e-07,-3.15571894393131e-08,3.72049365641331e-06,-2.09587916372968e-11,1.90659317640912e-06,2.32917415727626e-08,-1.23316557036963e-16,-4.53058875328449e-16,9.7816803817867e-17,-5.48724774321018e-06,-1.45991081450668e-06,1.67013487437539e-06,-1.52623005230293e-05,-1.23652862491506e-05,-1.45668257097631e-06,6.35047099760556e-07,1.29562691147452e-16,1.51471161128044e-07,-4.38584436305259e-07,-2.3005515083049e-17,1.59141083456808e-16,3.10730995591344e-07,1.93289922863041e-09,1.96963509712215e-07,-1.23256551898399e-05,-2.09979119262792e-07,8.8805234962641e-07,6.51424475820603e-16,4.87545522909962e-06,-8.05222366771865e-16,1.06383183244103e-05,-5.64001970126959e-16,2.54253638773533e-07,-1.02275013945584e-15,-1.07783632069679e-06,-2.85669272481068e-07,-1.45217199885482e-06,-3.13619240877871e-05,-8.6439997583267e-07,1.02974985677337e-07,-6.73590915363528e-07,-2.5331621796294e-07,-1.3691121857708e-05,-1.29096544849554e-06,-2.71277302180248e-07,8.10266403131206e-07,1.63518852785074e-05,1.38274216154516e-06,4.34075101909932e-07,-1.26363630875805e-16,-4.34148096673882e-06,7.99718571774862e-07,-5.07622485842683e-07,1.33684658414979e-16,-1.06028495597817e-06,-5.13435746952249e-05,-1.06871534377628e-05,2.980211418933e-15,2.65503870211146e-06,1.7478734645846e-05,1.70901742152509e-15,2.18262236290685e-06,-7.1650854294428e-06,-9.25310690008696e-16,6.01119808764424e-15,3.19057616545173e-07,1.94712317942987e-05,1.2187529118282e-07,0.000190933705416088,-0.000114364623251693,-1.93672021629464e-06,-2.1915735900597e-05,-4.11531460178312e-05,0.921954221216931,5.81009199085436e-13,5.14561422155519e-07,3.3798862869258e-06,6.17217048433943e-06,0.000411367029814137,5.16920899651641e-14,2.15185227574794e-15,9.72842934280463e-05,1.18099792653834e-15,-1.09447884319929e-14,1.52902154723479e-05,-2.03564257210509e-05,-3.80360329555325e-06,-1.87180484088002e-06,7.90886380493141e-05,2.05627170108639e-05,6.18225361101019e-06,-5.23103857823798e-16,1.08925814996912e-05,4.84939291760713e-07,2.19160937158029e-06,-1.84112206846472e-06,6.46693637460737e-06,-3.08354643167322e-16,-1.16285264121012e-15,1.91655715783968e-16,-5.45842370285201e-06,-2.2270083551427e-07,-2.31323476777464e-05,6.4670040859239e-16,-1.61764947206601e-07,-3.94013323802652e-16,6.33009089401532e-16,2.19783452187457e-05,-8.84151619639095e-06,-1.80931658544381e-15,-1.26874609343859e-05,-5.74858272026612e-07,2.44727376627058e-16,1.24494930231339e-06,1.69669678328801e-15,4.66318173704514e-06,1.71504638842104e-16,4.63161075627966e-06,3.59312781073116e-06,1.2960241049244e-07,1.3502112892372e-06,9.16516194139824e-06,-3.95229099626028e-07,1.85084125966234e-05,1.09177560119149e-16,6.41439210445773e-06,-3.59947850911271e-07,-1.84097369519454e-16,-4.70637115029828e-08,-9.46548337742829e-07,2.17516350704003e-07,-7.50148932951893e-16,6.86549789315732e-07,9.26800624582126e-07,1.07788840307581e-16,-0.0023521843249229,-4.47964319966983e-06,-2.33062306900811e-08,8.88962334533357e-16,4.7912690283413e-16,4.07221692405251e-07,1.36397847532303e-06,1.09998973548179e-07,-1.48910620187538e-07,7.44984656446006e-07,-2.30517124990814e-16,1.34799942473297e-16,2.70013774990257e-06,1.85948883162839e-08,1.4255285327046e-16,6.44139770062791e-06,3.10247506796033e-16,2.96885792351058e-07,-1.20000109387378e-06,-7.00389362729566e-07,-4.62366461714771e-06,-7.97326862339643e-16,1.67128375648194e-16,-2.22650141111326e-16,4.36318242471082e-17,-3.22790108293567e-08,-1.11639854437306e-07,2.69286151669454e-16,-2.55558877059524e-16,-1.58785640655787e-16,1.55507985501411e-07,1.39127001105686e-09,-7.56945138784944e-08,1.26036456086786e-17,2.99781900692242e-16,3.70146621686551e-16,-3.12311802463544e-06,9.54441842718523e-08,-1.86340665524598e-16,1.65049332767604e-08,-4.2928598547783e-07,-2.17643356796691e-16,-7.01540207541074e-17,-3.24447380366003e-06,-2.99543152154014e-09,-1.59317055725906e-06,-3.44221988829067e-17,1.59718240966227e-07,4.10964037150141e-06,4.36771712498466e-06,-2.4486774041309e-06,-5.9300720906236e-07,9.59345351699167e-09,1.85520871502155e-16,8.51810447047587e-16,-1.4097759267664e-16,1.7630861482972e-07,-1.59552417912871e-07,-6.63159856258831e-07,-4.61605338976077e-08,-8.33349187147598e-16,-9.47725272877033e-16,2.93374756041596e-16,-2.02756969010375e-17,-4.78469828959016e-16,2.15820087528046e-07,-4.07219999743848e-16,4.71549135098874e-16,-3.83655878123814e-07,-8.38903514798542e-18,-3.43292607401736e-07,-2.08928742941678e-17,-4.2530405484076e-07,5.1400483999876e-17,-5.08194154399119e-07,-6.34009022121645e-08,-5.20249293480074e-07,-9.26044100957132e-17,2.01390587136967e-06,1.59489362250494e-16,4.52732698047186e-06,-4.4185444460492e-07,2.44359841954682e-09,6.31308409712577e-16,3.91737782159303e-06,3.3197509140735e-17,-1.52925097045044e-06,-4.86508186972806e-07,1.19622886376538e-16,-6.39898187689937e-17,5.78297993615157e-17,7.45144570607597e-17,-1.79199575273149e-08,-2.32878826684289e-07,-5.18785404559215e-08,-1.43014378206997e-16,1.61006853378694e-17,-4.90692274694463e-08,4.00075972880123e-07,7.97123391776948e-17,-2.25201150999953e-16,-2.30617048568778e-07,-9.32776058963707e-17,-1.62976283642476e-06,-2.69489292364507e-16,1.38154873781596e-06,-1.27327392719484e-16,-5.33156496136485e-16,1.70463077421887e-16,-4.04885594813668e-16,2.37904566976911e-17,-1.29929079573865e-16,2.61379283870989e-08,-1.82762406364856e-07,-6.08999047275539e-17,-1.2070654329998e-07,8.11092661627555e-06,-2.49258410447613e-17,-2.23676996735952e-16,3.1704537826665e-16,5.55529300348333e-17,4.94248735484308e-07,7.88763528312851e-08,-6.03016133809209e-17,-5.06078138238445e-17,-1.43230658441204e-06,-2.88542018880834e-07,-4.36406962157736e-09,7.12676153395224e-17,1.87350408233573e-16,-1.39289225120722e-16,9.09487971319006e-17,1.45445754752863e-16,-1.04341337790218e-16,1.85097852196957e-06,-1.74817696982596e-06,-3.35669111323252e-07,-5.64640263907341e-17,1.61488692735362e-16,-4.26701442465431e-16,1.65695955660033e-16,-3.03119815217515e-16,3.08115711204306e-16,3.30705146307013e-16,-7.70687042054698e-17,4.68306854720233e-17,5.54463878294297e-17,9.22478946853591e-17,8.45858506777459e-17,1.2497101227206e-17,-3.14770635578417e-16,1.6309737177374e-08,-3.90845391918805e-17,2.37090778566758e-16,-6.76039592867931e-17,2.30227297697346e-07,-3.05778127241434e-08,-2.59969922673415e-17,-5.93575237339188e-09,2.09493411046238e-07,2.77792181910124e-19,1.54868569430688e-15,-4.02363435829573e-07,-1.9591152714911e-16,5.11416642675484e-09,-9.96596902375697e-17,-2.45505946350348e-17,-1.03285257449477e-16,-5.66589428880608e-17,5.48278728542365e-08,-6.82434079600897e-07,1.84512800189887e-16,-7.52178414082299e-17,5.56247714989697e-18,-8.4589987914681e-16,-3.07913416985883e-16,2.40624984959014e-16,1.01288400851967e-16,1.60330999557829e-16,8.15961858604729e-09,-1.89960976191611e-16,2.48456670180748e-19,-6.66808279588419e-17,7.61629557463532e-17,-1.50821396906289e-16,-1.01058630057654e-15,-0.00178069906188209,2.52084604513753e-16,7.45460548590692e-17,1.15660921710738e-07,2.20339870469123e-16,-3.38399123225134e-16,7.36391902802521e-18,-7.72399929408967e-17,1.03361005264926e-07,-6.00706756695969e-17,-8.56149135759753e-07,-4.62524563685925e-16,1.77525777761187e-16,5.2975763978203e-16,-3.09097569046145e-16,-3.39821450091157e-16,-5.83905056917497e-16,3.33638483105231e-08,-9.1133532524006e-17,-1.45319805797927e-16,2.05917597486357e-08,-5.11112211703789e-06,-9.85221226381738e-17,0.049591416116462,-2.27113655595068e-07,-1.88747023641593e-16,1.17431298288488e-16,5.21333847163197e-16,-4.10403531180118e-16,1.03638206786577e-16,-5.08338123740146e-07,2.9583950915627e-16,-1.83739651516289e-17,3.54331036806928e-17,2.07376970830951e-07,2.61828152485673e-16,3.17025908831972e-16,-1.83066588442349e-16,9.07812558909458e-17,-9.57940255160976e-08,2.22567417791672e-16,2.62538807894552e-09,6.24614264984925e-17,3.25389902464719e-16,6.3923294489978e-17,-5.1307636688676e-17,-1.29104616528553e-16,4.82870027353005e-17,3.75309960746077e-17,-4.59231678925508e-08,2.32279464174784e-18,-1.87947149850242e-16,1.93237649533228e-08,2.10275564038645e-16,1.46282088229418e-16,1.45472681373161e-16,-5.38791130329662e-17,3.5207573758989e-17,9.69263490894044e-18,-1.40232577484828e-07,-1.32632928137019e-16,1.54668172533057e-16,4.17505096290268e-08,-8.71265917962639e-17,1.82312254727965e-16,7.33900586240998e-17,1.54603413372664e-16,-1.41344605858969e-16,-1.39833608830908e-16,-3.29039423624504e-18,7.99642140340328e-18,-4.36776158058437e-17,1.22549479438613e-16,-2.31940014408698e-18,-2.18445718441644e-08,7.24024280657673e-08,6.59129998961029e-17,-2.51549477706841e-17,-1.05569380517528e-17,-1.16803847203504e-16,-2.2811613709095e-16,-3.56029782942197e-17,3.71632735885724e-16,-1.03152627680207e-16,-1.10083117788779e-07,-1.57007907895305e-18,-2.27691189868463e-17,-1.28766437574716e-16,2.82935633269801e-16,7.98764620414887e-09,-5.56937012991489e-17,-1.26218912719773e-09,1.22041062422157e-17,4.8363907149611e-17,-1.68785074239373e-17,9.80868136733902e-17,1.23282942279737e-17,-2.64350794090661e-16,-1.53601031142094e-16,1.42235043221811e-17,9.76222011498013e-18,-2.06616367024124e-19,9.80569305667932e-17,3.22742314647818e-17,-3.89396843150166e-18,4.96047132550452e-17,8.12297868485739e-17,-9.51049275745768e-18,-1.05118426457392e-17,-3.91631256892074e-16,-8.77885334874633e-17,7.98956785086852e-17,4.33680868994202e-17,1.67189962235802e-17,1.45971335443841e-16,-6.4290127996401e-17,1.27704387243391e-16,6.50733579195595e-09,-1.98333109757285e-16,1.15501808844787e-17,5.74616334326409e-17,-2.21404465637737e-17,-6.08042314169211e-18,1.28800409949013e-16,2.33267477656261e-17,-1.52357592048795e-16,3.55232362874774e-18,8.30965781302901e-17,5.20417042793042e-18,2.54772241546842e-17,1.60809595091633e-16,-2.13387347387966e-17,-1.36546477539378e-16,-5.57190825826792e-17,6.42790589807204e-17,-8.28801326145734e-08,-7.31079290013304e-17,-2.10358292945309e-17,-1.26841996267528e-16,-6.76407763124207e-17,-5.45966123624251e-17,-1.5826825593273e-17,1.61071118469445e-17,1.58595646450139e-16,1.16327190247038e-16,0.000279929810609532,1.26629016736392e-16,3.383488658061e-17,-4.57993061236342e-17,-6.63857765891158e-16,2.54580956161263e-16,1.01690002145887e-16,2.73368839739597e-17,-2.83668266802604e-16,1.4263522257083e-16,-5.70215991703117e-17,-6.59887842706538e-17,8.52801374242672e-17,-2.72964600573346e-18,8.66892721070678e-08,8.20305327674808e-17,2.10191784247718e-17,-7.75322580651211e-17,-2.65412691824451e-16,-2.36505960413667e-08,-1.82466813202296e-16,5.80128176149798e-17,-2.54493265846712e-17,2.34005871625287e-17,8.81965515859453e-17,-9.72673617037949e-17,3.07604046916785e-16,1.17975040581113e-16,-1.59842637779763e-17,-3.74358297770502e-17,-9.42909970449408e-18,3.50287623782212e-17,4.96166870705546e-17,-5.3376556032022e-17,4.52192160625075e-17,7.11130815952914e-17,-3.51158412141007e-16
"t688",0.0235935791306512,-0.00185084000531678,-0.00161496614696262,-0.00021498946383633,-0.00581664495281551,0.0371400852369244,0.00602574698805888,3.00497053325311e-05,0.00137398917904794,0.00697662362737843,0.00499874709035102,-0.0106437318249667,0.0243786077576142,0.00559279486793554,0.196430998944856,-0.00748705002239572,-0.00721538388435016,0.00202798690617986,-0.134226606288849,0.0154431929481931,-0.00154706610525807,0.000263943843379029,-0.00565286205175397,0.000900156805432949,-0.00015461044017468,0.00626846827299391,-0.00414556595084449,0.000444201442417344,-0.00360114072312574,0.0116328182207338,0.000319060356669142,-0.0119483456780654,-0.000612766842651252,0.00529933832660339,-0.00053350244507276,-0.00046992226793165,-8.36629136057535e-05,0.000197175617415569,0.000919354448488177,0.000229506316907685,0.000679443052458887,-0.00118845828396028,5.53144298492665e-05,-0.000939776116325532,0.000203795850085679,-3.95343268926985e-05,7.1421715371992e-06,-0.000104466256746741,0.00137322527958542,-0.00248987021317725,0.000129415441082856,-0.000111932296241357,2.11326810673181e-06,-3.89877492985788e-05,0.000252741451592512,-0.0037699750670655,7.87273179943319e-05,-0.000575554280214442,0.00213481876088899,-1.85695587752169e-05,-1.67961882127936e-05,0.000229807932844251,-0.000508783240307497,0.000378482728852687,-0.000310012545837497,7.61481846603586e-05,-4.40924545732903e-05,0.00233721808941259,-0.000367025013280624,0.00261045420880521,-1.68913684217976e-05,5.56048439056978e-05,-0.000297638343152843,-0.000141403052978582,6.01755110551067e-05,5.83571462933496e-06,-0.000556577844660209,9.11861290319739e-05,-0.00489200817113875,-0.010455852882248,0.00117152020018614,0.153867741180792,0.00376239010402526,0.00103782059605651,-0.00030629032974896,-0.000687994140771499,8.71322768022319e-05,0.000150025043654264,2.94153019082109e-06,-0.000110489560791793,0.000254847036268586,-3.50300065659476e-07,-0.00034797244825051,0.000151341463637397,4.86287313722962e-06,1.97122290049805e-05,2.3074263638654e-06,-9.7454272673436e-06,9.89967179845159e-05,0.000190669133756221,4.34536123898303e-05,-1.90366679737128e-07,5.53003017814554e-05,4.88338837188201e-06,-2.6644841067473e-06,6.3517254782489e-07,-0.000267503075287899,1.49497353280636e-08,-2.91776829203205e-05,1.15429307968699e-07,3.96845210478061e-06,9.27536309562441e-06,-2.92574471388867e-06,4.138047065478e-06,-1.37443997994447e-06,5.5464749835975e-06,-9.30088457840441e-05,0.000112999825930612,-0.000168739567380735,4.85674780601643e-05,-2.86877973172185e-05,6.63173512664646e-05,-0.00048647160498115,-0.00143497268576749,4.20120322593164e-06,-0.000119061595128534,1.24844068386809e-05,-0.00016065407328181,0.000439306205219087,0.0153556357559267,0.000117379976286523,0.00223422950147666,5.82108576588989e-05,-0.000646877453057814,-2.51712100415192e-06,0.00101681814211682,0.000185578821224572,0.000146137827010215,0.0270245807085021,-0.117615983298655,0.00965018749142551,0.00937110429761518,-0.317871954844031,-0.0186866683387737,0.00013405654968611,-0.000100490488187958,-3.71117494041727e-05,3.87823206247419e-05,2.00967092905402e-06,-7.58664279593702e-06,-3.59442527425721e-06,-1.1535591569754e-05,-1.8143169378762e-06,7.48755194211468e-05,-4.96302626061349e-07,-5.8827018573313e-07,7.85747898423964e-06,-9.06754675073743e-08,1.00399958608625e-08,4.19813876692291e-09,1.25555367376981e-08,-8.18483729237643e-10,-6.58760179835186e-08,-1.13014986876154e-07,1.72960731247307e-07,-1.88399707364108e-07,6.12517314297668e-06,1.06575695553481e-07,5.32249862849422e-06,5.68701681084233e-07,-1.04191494789402e-06,-1.85034052540968e-07,2.42989838451942e-08,8.34129931668835e-07,1.69319763371984e-07,6.24973974445875e-07,1.54159491513523e-08,-6.4830737059654e-07,-6.57830660202995e-06,-3.24930736705681e-06,1.30631123812541e-05,3.51215975673569e-06,-7.29189176190735e-07,-2.87441831159698e-09,-8.58480669721373e-08,-2.32611738522626e-08,-3.99654802294494e-05,9.99829113335948e-06,4.49203129454729e-05,-4.3405511545161e-06,-1.36569680041377e-06,2.65929508629019e-06,1.86175782218264e-05,1.56996396479739e-09,1.54786908257081e-07,-2.87015123358777e-06,-5.35010574388186e-06,-3.1812551799245e-07,3.29564884288016e-06,1.51031099044696e-06,1.50941883693065e-06,2.2038609055175e-05,-4.57073050500266e-08,-7.49092583210059e-07,-1.28482683234142e-05,-5.45576828763904e-06,8.54055213670229e-06,3.92044893737786e-06,-6.74576175330948e-05,-4.15572409055443e-08,-0.000304597150456681,4.41677827179729e-06,-2.21432444962994e-05,-3.83244425774017e-05,-2.21156271656768e-07,-1.65698844736869e-06,4.99191059350573e-07,3.23974469856346e-07,-8.63433998478877e-06,-8.43027985563229e-05,-2.45682168691477e-05,4.34233353208836e-05,1.10291657815079e-05,5.69445690433631e-05,-0.0010293839627431,-0.000118705698219642,-0.0236692549671671,5.02503053190927e-06,5.60863968763938e-05,2.85650173299887e-05,-5.95439308482358e-06,-1.04103607880282e-06,-6.04111621979416e-06,-1.63425344021259e-05,3.60509385179469e-07,5.64230583107641e-08,3.2759491749142e-05,-5.71541280643501e-17,1.27057348611747e-07,-1.67215208136604e-06,1.5850997411238e-07,4.768862466493e-08,-7.83736081744444e-06,6.90780531150311e-08,-0.0431651381521815,-5.28433138785806e-06,6.89260240509368e-07,-1.78592283587077e-08,2.42799089427989e-07,-1.60210221103092e-05,3.29274055097388e-08,-3.17627115757647e-06,1.28673925957877e-06,5.86357060131928e-09,-5.60061748280244e-10,3.27963020827635e-08,-4.16771839453816e-08,6.66946035433556e-07,1.93806683426559e-06,-3.9495321226546e-07,8.41531256463431e-07,-1.60396955065673e-06,1.8792947699655e-05,-1.17149240113782e-06,1.27416218800077e-06,-4.33985003967078e-07,9.27454757651133e-09,3.822381143563e-05,-6.1725291288581e-07,6.06333510430031e-07,2.00870180310668e-08,-5.45762262285357e-07,5.53122430219668e-07,-8.31986234815351e-07,1.35161493797992e-06,-2.67048564454517e-06,2.18799410662584e-06,-1.67422396436603e-07,5.88736177741046e-05,-1.5964719088955e-07,7.55458965848514e-06,1.38806492003533e-16,-2.10077253454615e-05,-7.32392274460917e-07,-8.70803809503323e-11,-8.95728924142547e-07,2.59715416339131e-06,-0.000162922881098223,-3.27356436542028e-07,4.23982269303429e-07,-8.32341214065325e-05,0.0457900999797175,-6.95372334571011e-06,1.16962351271782e-07,-1.49326951556992e-05,1.63228557375395e-05,-3.31059817372787e-06,2.14042931938936e-06,-1.93446855813531e-07,-7.68350903938839e-08,-5.02047659896718e-09,-2.85504292103955e-07,-8.89140462158505e-07,4.37420930585655e-09,-2.54344145755465e-06,2.06573841852703e-07,-7.75670306256461e-07,1.14269687474886e-06,6.40504931361155e-07,3.28359999222787e-07,-1.05727217529449e-07,-1.17411036907304e-06,7.61338870730628e-08,-3.6452443160285e-07,1.04839231116264e-07,9.99961217150688e-07,-2.03825384920139e-06,-3.18035138775254e-17,7.55319939716702e-09,4.0505345052062e-07,-3.78041247169406e-08,2.20702304144575e-06,2.45800360306313e-08,5.79761645471362e-07,1.35707721103696e-06,-1.77079871018411e-06,1.24479699595175e-05,-8.62357887672771e-17,-6.12373884902133e-06,-4.94603051875895e-09,-2.12078653883929e-07,8.84056248517482e-08,2.66535657538365e-06,-1.1209328521499e-07,-4.36770265879221e-06,1.17895201525677e-06,-5.04854471595479e-07,7.78152907005128e-06,-1.06593461837597e-07,-2.92836051390699e-06,-1.37129085051872e-08,-1.96213491157962e-09,-2.96449326578564e-06,1.57799797189634e-07,-3.2570289057333e-06,-4.39137964181951e-16,-8.80273751931302e-07,6.99409407889373e-08,2.0159078303808e-09,1.84334951041571e-08,-6.8481807289109e-06,-1.57993975887767e-05,7.4558924086974e-07,-2.74550957587514e-06,-2.64424530532922e-06,1.10499572361776e-16,-3.27528202508222e-06,-1.19427698719949e-07,-5.97773224742687e-06,4.12108254823602e-15,0.0107643881363864,-2.85909239279443e-06,2.55149373835632e-07,4.65474389348348e-06,3.69997207484541e-07,-1.60915845815402e-08,-3.939193111824e-07,3.10656624061411e-07,2.30208244135955e-07,1.54127630776281e-08,1.02301945104117e-06,1.31201785877728e-07,8.45612229333459e-17,-6.11191023185193e-08,3.73084449273708e-06,1.0268345647113e-06,-1.61035337777175e-06,-3.62639975993419e-17,-1.46342659754659e-07,2.82695083162789e-08,-7.83690237313697e-07,-4.69747370319331e-08,-1.78848243846769e-06,1.70327128950514e-07,-2.30817058294554e-06,3.77058312779049e-06,6.10169261059722e-17,1.41776833403465e-05,-2.39500634615763e-07,6.781678586233e-07,1.78689730785177e-05,-1.47225945807714e-07,-1.22250267804063e-08,4.02455846426619e-16,3.17847981961439e-17,-1.19593984379998e-08,-1.36901953228983e-07,1.807891906517e-08,-2.08087918828759e-06,1.12244938150284e-11,-1.01249895097129e-06,-1.2091358111532e-08,1.40144816817283e-16,-3.68354388093932e-18,-4.98344162053136e-17,2.65599745872155e-06,7.00443239767823e-07,-7.77444338331422e-07,6.92628642896999e-06,5.59496096994545e-06,6.41632380642968e-07,-2.78860348190229e-07,-1.47431762810836e-16,-6.30303335544816e-08,1.79109193447132e-07,2.38403499043794e-16,-3.5120775244928e-16,-1.17987336749231e-07,-7.21293848328222e-10,-7.18155950865031e-08,4.42504533754754e-06,7.319023924051e-08,-3.08070259257021e-07,-8.90862992992583e-17,-1.68036941879503e-06,1.85394263716337e-16,-3.59878717955903e-06,2.28766658394441e-16,-8.48389732938893e-08,2.01029229882086e-16,3.53448316702278e-07,9.33494214365921e-08,4.53062376135446e-07,9.6888733316706e-06,2.65952046347594e-07,-3.11226482667434e-08,2.00461248880545e-07,7.27364747542868e-08,3.92998224957949e-06,3.6651948540178e-07,7.54869017923389e-08,-2.19494657983993e-07,-4.33079002185759e-06,-3.59778043989253e-07,-1.11961271325211e-07,-1.66141170730657e-16,1.08994426785117e-06,-1.95615989941774e-07,1.15337368338424e-07,9.79472496312405e-17,2.35806375009055e-07,1.10551716981289e-05,2.26950939388243e-06,-4.30791439961391e-16,-5.59815711696697e-07,-3.58244586648189e-06,-9.33603812853804e-17,-4.41139479001539e-07,1.33058322172083e-06,1.81619029455593e-16,-1.17235273243355e-15,-5.72999359569302e-08,-3.48633325818439e-06,-2.15152331609411e-08,-3.31491314067734e-05,1.9116224855431e-05,3.22660741619743e-07,3.63419795327413e-06,6.48368785200838e-06,-0.139234497105155,-8.56810282445775e-14,-7.64653409819037e-08,-5.00865872439041e-07,-9.0574986688243e-07,-5.96583055413811e-05,-7.55449123287049e-15,-3.15944523608673e-16,-1.38811470626402e-05,-3.11140367180091e-16,1.55856148435292e-15,-1.96543205336737e-06,2.56877810596212e-06,4.79790070181432e-07,2.26658408949398e-07,-9.52355800724571e-06,-2.47312380988882e-06,-7.37817594765556e-07,-1.56253179622403e-17,-1.19515850953397e-06,-5.22395037516773e-08,-2.34651398596101e-07,1.91166835732116e-07,-6.34062418546437e-07,2.74198823712404e-16,2.8997137301771e-16,-3.392325213024e-16,4.91151970708722e-07,1.92826534899503e-08,1.99700111802994e-06,1.06237654893256e-16,1.34439013068497e-08,4.94200977998918e-17,-1.21659262769483e-16,-1.52782089706812e-06,6.13159712770407e-07,7.4419637119405e-16,8.39346720193069e-07,3.69744347704762e-08,6.54095779338585e-16,-7.54636357852343e-08,2.17040296233248e-17,-2.62298934740818e-07,-4.22630624987648e-16,-2.58728883350019e-07,-1.9964113403695e-07,-7.1571649809866e-09,-7.39298574508989e-08,-4.92186024289323e-07,1.9682820239994e-08,-8.23536346842753e-07,-6.96142504881147e-18,-2.44494959107034e-07,1.34802932492166e-08,-1.89194006326628e-16,1.72104936201271e-09,3.31051287505967e-08,-7.29816773575827e-09,4.27725400779057e-16,-1.97761143523657e-08,-2.58427842720507e-08,-1.3199021635212e-16,6.27304764491595e-05,1.16802113950044e-07,5.5673938099774e-10,-1.0082011315029e-15,-1.28378937603602e-16,-7.68279702790076e-09,-2.29023037419091e-08,-1.80069179946488e-09,1.16476657371997e-09,-4.84582864518748e-09,-4.70101142616861e-17,-1.1051286862125e-16,-1.51425219837297e-08,-1.02182134273791e-10,3.26814172267669e-16,-2.58182672661019e-08,6.10954641139984e-17,-7.71673346137321e-10,8.5437736701584e-10,4.06158103254222e-10,2.93457780356765e-10,1.19698187888514e-16,-9.88971542926239e-18,-4.73299790221744e-16,1.07904526983783e-16,-1.41804405198764e-10,-5.29545894342473e-10,3.22517259699299e-16,-7.84145797431577e-17,-1.02481908669328e-16,9.3148061876239e-10,9.07135305926242e-12,-6.00237388700513e-10,-9.08087003165455e-17,3.36211093687755e-16,9.2374025095765e-17,-3.86465013724487e-08,1.19472045647045e-09,4.41815742669363e-16,2.32587646208348e-10,-6.31137759877079e-09,6.91987037976857e-17,4.29792659637192e-17,-5.21765549496212e-08,-4.84919569987004e-11,-2.7013517300539e-08,1.50593416527927e-16,2.90215726704611e-09,7.72717333398906e-08,8.57723528685195e-08,-5.06618466572262e-08,-1.24256576539924e-08,2.05562135671307e-10,-4.98150724941218e-17,4.94801749035737e-16,-9.7360103090687e-16,4.1551389304479e-09,-3.76422695595102e-09,-1.57769059937419e-08,-1.13169456088211e-09,3.73762000324635e-16,3.22635071196575e-16,-4.72642843039172e-17,1.08482956193918e-16,-1.58051963191267e-16,5.34038315632135e-09,1.07586617025456e-16,-1.6399026040142e-16,-9.46543366153383e-09,-2.59234669261524e-16,-8.46733560251249e-09,-8.91594345724887e-17,-1.04851537802773e-08,-3.12433853154297e-17,-1.2331434732833e-08,-1.52960879663203e-09,-1.24218137808809e-08,4.47611251492097e-17,4.73411127980049e-08,-1.7231203039691e-16,1.0160023219689e-07,-9.04853202524545e-09,4.97939739756257e-11,-3.8516991221258e-16,7.58673382516155e-08,-3.17480976500422e-16,-2.67694598646057e-08,-8.46762144776829e-09,-3.09759947983937e-16,1.23977628410144e-17,-1.65293401164517e-16,-1.29350465448182e-17,-2.79423254392012e-10,-3.50988219515855e-09,-7.4930159496641e-10,-9.40802404369425e-17,6.63376513406066e-17,-5.43463474962971e-10,4.36531833770959e-09,4.67700289509084e-16,-1.09948978195871e-16,-1.32655710949558e-09,2.26917627614722e-18,-7.33941330471047e-09,-1.93639286952042e-16,7.79057373681692e-10,-2.11430272498931e-17,1.10198324904262e-15,2.6362646790568e-16,1.39129377338318e-15,-1.42046538663847e-16,3.11308107176507e-16,-2.37662443329471e-10,1.68788124848802e-09,-1.45682828010984e-17,1.59527386730304e-09,-1.21532235191923e-07,4.7501757802463e-16,-2.16626637222792e-16,-1.91362002459969e-16,-2.546311868021e-16,-1.15458716784042e-08,-2.01183387986897e-09,-2.46152479297789e-16,7.70677691595887e-17,4.00888074565493e-08,8.1713668318804e-09,1.28513167662472e-10,5.4657970042072e-16,1.03238235190882e-16,2.21116902902451e-16,1.2151308907314e-18,1.93870978967123e-16,-1.0731220614045e-16,-9.4191337707916e-08,9.30604496645102e-08,1.8672554953224e-08,-3.80910681715686e-17,3.87705781418649e-16,6.04266116035813e-16,1.60713636979887e-16,6.48995496981538e-17,-1.09343035578133e-15,6.30492583927158e-16,-1.03245112759251e-16,-5.51372932275508e-18,-3.27879730072644e-17,-4.26987194923338e-17,-1.33247666610286e-15,-4.02661597817822e-16,2.38896843320311e-16,-1.7666462750607e-09,1.49975295853007e-16,-1.63169333625873e-15,-2.06828555969093e-16,-2.70631625727962e-08,3.66245375371202e-09,-5.32091303004559e-16,7.19258334952619e-10,-2.80306627652114e-08,1.35057569324762e-16,-1.51244103578693e-15,6.08527131857709e-08,-8.98655122020163e-16,-8.98112470025602e-10,2.270308368141e-16,7.94617891135016e-17,-3.60396188716456e-17,-8.70919810756333e-18,-1.22029367497295e-08,1.54375403327967e-07,-5.87737900313026e-16,2.3256318320851e-15,2.41127080990558e-17,1.41431450329963e-15,-2.22955334749919e-15,2.04189419967625e-16,-7.06118755793363e-16,-9.7021467979696e-16,-4.68505452602081e-09,1.79669677514351e-16,-3.98348362286789e-16,-2.45198255334482e-16,-5.89207389028463e-16,6.50999299222439e-16,8.03884729539981e-15,0.00131349520776064,-4.58756900479501e-16,-8.03039688898789e-16,-8.9674866718432e-08,-1.35709837572612e-15,1.47921583037478e-15,-1.3360836429866e-16,-7.08984823412631e-17,-1.67554826846711e-07,1.28899165863803e-15,1.66743779860481e-06,6.00185730277415e-15,1.45204538916868e-15,-2.45605116231696e-15,1.54095689658927e-14,6.87428415944594e-15,1.07237990927964e-14,-1.05551117201818e-07,3.97120973537372e-15,3.78990915756427e-15,-1.1694007743194e-07,3.01951396668134e-05,1.62119324493628e-15,-0.880006083460811,1.02129049041485e-05,5.45587804465168e-15,-4.09194198448064e-15,-8.49302981912983e-15,3.70610820345664e-15,-4.40662197561866e-15,-1.21425974205071e-06,-4.73675207427837e-15,2.18551661323602e-15,-2.15365027552629e-15,4.02449375381526e-07,-2.16237615428455e-15,-3.64875585575062e-15,-2.95404620651896e-15,-1.28408450760287e-16,-1.51078571288426e-07,-1.78775318774979e-15,3.92550144424811e-09,-2.88311783166859e-16,-5.04723009093337e-15,-1.95875916902424e-15,-2.7895751341965e-16,7.06662692467353e-16,-1.7204046719254e-15,-2.67507124523726e-16,-5.47515801490791e-08,9.1537507651613e-16,1.81434086482606e-15,2.20199893118408e-08,7.11399835685514e-16,4.6178178914615e-16,-2.84106190678096e-16,-1.80857554532925e-16,3.13815234177448e-16,2.89582363163683e-16,-1.4141965105345e-07,1.24937795337173e-16,1.64356942952307e-16,4.01797103159358e-08,2.88182003355311e-16,-6.7367314547748e-16,1.00511263411342e-15,-6.7819451393959e-16,4.64593461090224e-16,5.27279645125255e-16,-3.87618928081519e-16,-8.08342741053959e-16,-1.41359372492673e-16,2.95914399445749e-16,-3.41123085243139e-16,-1.82458391014597e-08,5.96119021816344e-08,-1.51175951343591e-16,4.86417426601238e-16,-1.13176813441952e-16,8.44032660392611e-16,5.06105574116233e-16,-3.0897248581374e-16,2.53715011346097e-16,-1.25479554380226e-15,-8.46934112888051e-08,-4.5699175490996e-16,-2.95572938616868e-16,-5.67394216666497e-16,3.35218109796109e-16,5.84835675693757e-09,-8.87825633348069e-16,-8.8027593022406e-10,-2.20674707858711e-16,1.99007596036069e-16,-3.57665510417976e-16,1.83070346783108e-16,-2.05010466892953e-16,3.48684671572996e-16,-1.09743248807336e-16,1.18313071468936e-16,4.68885051309408e-17,-8.44200065941238e-17,8.71779061896684e-17,-1.82453519282747e-16,7.84071511838373e-16,-1.16726988028435e-16,2.74665567446451e-17,-9.96912602208726e-17,-2.02649007597554e-17,7.18338542143479e-16,-1.10160079934494e-16,-3.29564939492674e-16,1.43982048506075e-16,2.15861182219904e-16,-7.13810304024773e-16,-2.11302335959414e-16,1.20415328443096e-16,3.9777568669176e-09,-1.9034237538225e-15,6.13676390575074e-17,5.32069600189175e-17,-8.20365424623508e-16,3.6541880499345e-17,-2.18453726024737e-17,-4.89348257739789e-16,2.05007104542245e-16,1.86630023762798e-17,-6.75720646255272e-17,7.80625564189563e-17,8.62095038220149e-17,-9.3997617851671e-17,3.66737989722892e-17,3.18279137734277e-16,3.66879048801087e-16,6.37208569339159e-17,-4.76887606447805e-08,2.07560656988835e-17,-1.18383343059566e-16,1.64593336961752e-16,2.54657306485622e-16,8.86266059715185e-16,2.81341860352548e-17,-4.30220041320886e-17,-7.52848177976053e-16,4.14442457687539e-17,0.00307721276793103,1.17080835529647e-16,-3.19460961899556e-16,-8.66504420868941e-17,-7.20555759374468e-16,-6.66784622757049e-17,3.27643348323268e-16,-2.80130345391807e-16,7.89614018518701e-18,-8.66083595477007e-17,4.2170263227486e-16,-6.59896632229241e-17,-5.43871166548129e-16,-3.25540077544435e-16,4.593750445088e-08,1.59279460215343e-17,1.81335013471942e-16,-1.35127762891254e-16,-7.49400541621981e-16,-1.23661143569889e-08,1.02152962259166e-16,-1.97452917491085e-16,-1.86052514774656e-16,3.19559419383614e-16,-6.5652659421769e-17,1.20766766145048e-16,9.70474710293944e-17,-3.95937682092598e-16,1.82644167342573e-16,5.3115212077149e-17,7.34321478104668e-18,-1.70319358099666e-17,-3.90275194573278e-16,-4.69970373581759e-17,6.04803011833665e-17,2.8185636984828e-16,-3.92964009490717e-16
"t897",0.0235977182333375,-0.00185152374558767,-0.00161558201642892,-0.00021509928689691,-0.00582028119729877,0.0371673122760313,0.00603025086088224,3.00739457149028e-05,0.00137529735247292,0.00698467056876169,0.00500605140096526,-0.0106628641379851,0.0244236990885785,0.00560329463206203,0.196815697555117,-0.00750256974910818,-0.00723069404216581,0.00203236721904138,-0.134523168560513,0.0154802277469987,-0.00155107541494145,0.000264767401073366,-0.00567147412387979,0.000903137251119998,-0.000155124344886137,0.0062902819442583,-0.00416016009638861,0.000445779036716135,-0.00361426791623967,0.0116827521305966,0.000320519074013541,-0.0120054078281557,-0.000615900019301723,0.0053276909923855,-0.00053649915941021,-0.00047276743793731,-8.41757168162519e-05,0.000198402896043497,0.000925114681602725,0.000230965130926476,0.000683882580981847,-0.00119640679104502,5.56897395271488e-05,-0.00094616007968729,0.000205203723745931,-3.98243572195728e-05,7.19550879217851e-06,-0.000105252895456749,0.00138380549499238,-0.00250952626442124,0.000130470010795973,-0.000112857729002287,2.13077705991321e-06,-3.93165769768007e-05,0.000254947168229977,-0.0038030439943421,7.94814044744169e-05,-0.000581195151173235,0.00215579827704688,-1.87622355095843e-05,-1.69774787120364e-05,0.000232336085730566,-0.000514466254520599,0.000382726401587865,-0.000313586439564797,7.70477114046413e-05,-4.46410985757094e-05,0.00236696432012833,-0.000371744547696156,0.00264464242481142,-1.7133851699372e-05,5.6456580691637e-05,-0.000302241646069349,-0.000143633372787812,6.11269620550964e-05,5.92875941036019e-06,-0.000565481357397513,9.26685126420443e-05,-0.00497441472076236,-0.0106344725649714,0.00119201036847321,0.156572509155356,0.00383095745589611,0.00105693656189922,-0.000312188142611714,-0.000701399119746588,8.88501169551263e-05,0.000152988454608089,2.9996623519727e-06,-0.000112675833422705,0.000259912193022424,-3.57554153194994e-07,-0.00035520493896832,0.000154564995291689,4.9707660146931e-06,2.01522230459911e-05,2.35894454006328e-06,-9.96632660722849e-06,0.00010125317225695,0.000195106034356611,4.44816795063038e-05,-1.94877142253082e-07,5.66127161549148e-05,5.00784669424703e-06,-2.73274213447424e-06,6.51509406167896e-07,-0.000274432186148726,1.53377394957306e-08,-2.99375933529802e-05,1.18451365938455e-07,4.07252713973858e-06,9.52107103982548e-06,-3.00334130388832e-06,4.2506761355177e-06,-1.41205336434719e-06,5.70006476344851e-06,-9.55979571446633e-05,0.000116190699771254,-0.000173569428029555,4.99717556005461e-05,-2.95220121295836e-05,6.82836014872333e-05,-0.000501074340654887,-0.00147806744397609,4.32759545252294e-06,-0.000122688616202379,1.28651173984494e-05,-0.000165605525019855,0.000453254823128706,0.0158433592326573,0.000121117063390393,0.00230675656001917,6.0107606575101e-05,-0.000668012689560888,-2.60027560508665e-06,0.00105046052435652,0.000191861208324732,0.000151175280610133,0.0279789128344703,-0.121772214510928,0.00999259179622789,0.00970429575469058,-0.329211577845712,-0.0193541332688134,0.000138844966808011,-0.00010411250918514,-3.84733460018226e-05,4.02306745749599e-05,2.08505260050476e-06,-7.87395264375224e-06,-3.73065117024399e-06,-1.19743701722702e-05,-1.88347505118296e-06,7.77365288636204e-05,-5.15686546098198e-07,-6.1132569518405e-07,8.16618329354759e-06,-9.44354158826021e-08,1.04616361538051e-08,4.37478581671067e-09,1.3089486123794e-08,-8.53367001713914e-10,-6.87216397769276e-08,-1.17904786302347e-07,1.80541720107786e-07,-1.96760080758427e-07,6.40666321762571e-06,1.11479463542241e-07,5.56747406356701e-06,5.94999792644605e-07,-1.09035905493824e-06,-1.93644001632462e-07,2.54418246267035e-08,8.73492287765527e-07,1.77367462708681e-07,6.54730953791868e-07,1.61506112784301e-08,-6.79716205326203e-07,-6.90239437013191e-06,-3.40984676879753e-06,1.37102833059818e-05,3.68755684142704e-06,-7.6571675224553e-07,-3.01883967117557e-09,-9.01735708072907e-08,-2.44442825362805e-08,-4.20029270238428e-05,1.05182284034959e-05,4.72578085072805e-05,-4.5679058047426e-06,-1.43852146291681e-06,2.80319050671373e-06,1.96300424938336e-05,1.655978209112e-09,1.63314070206491e-07,-3.03085350083879e-06,-5.6507092236974e-06,-3.3613164550223e-07,3.48286867923123e-06,1.59852739772182e-06,1.59769702144295e-06,2.33425052681717e-05,-4.8442093110965e-08,-7.95116363402034e-07,-1.36377531067471e-05,-5.79181727936945e-06,9.07048612217336e-06,4.16494585173122e-06,-7.1721094095658e-05,-4.4226898729222e-08,-0.000324419242723514,4.70534706576978e-06,-2.36157951638867e-05,-4.08979144284637e-05,-2.360106159746e-07,-1.76912064110056e-06,5.33613549298155e-07,3.46394639280309e-07,-9.24325639228565e-06,-9.03251194370257e-05,-2.63310675066189e-05,4.65958288362033e-05,1.18383869556402e-05,6.11420895141356e-05,-0.0011063353334745,-0.000127604535590094,-0.0254448568751851,5.40773687312413e-06,6.03969186374472e-05,3.07825017319258e-05,-6.41872341889542e-06,-1.12259679076333e-06,-6.51647665372045e-06,-1.763007060153e-05,3.89234866461578e-07,6.09504212431751e-08,3.54079852000396e-05,1.76909892883427e-18,1.37440344966559e-07,-1.80909060862322e-06,1.71682550177429e-07,5.16961984857444e-08,-8.50202494745238e-06,7.4939564058125e-08,-0.0468897919237665,-5.74158541452546e-06,7.48978807989365e-07,-1.94160973095357e-08,2.64052541045525e-07,-1.74339905067642e-05,3.584106697158e-08,-3.45771507942929e-06,1.40160667954644e-06,6.40333570914888e-09,-6.12171995820893e-10,3.58749748833602e-08,-4.56647950949765e-08,7.30844405930123e-07,2.12620514405145e-06,-4.33574783784145e-07,9.24680153714865e-07,-1.76297738446902e-06,2.06624180234273e-05,-1.28858766495968e-06,1.40242080241355e-06,-4.77705486020699e-07,1.02256099423523e-08,4.21450734435201e-05,-6.80603709360529e-07,6.68861524798436e-07,2.21621654187388e-08,-6.02462175263189e-07,6.10647079411461e-07,-9.21457553114402e-07,1.49749720769956e-06,-2.95954778012256e-06,2.42639698756746e-06,-1.85760821880665e-07,6.53988553669301e-05,-1.77402194930875e-07,8.39703589388867e-06,-1.88113131342641e-17,-2.33721429135059e-05,-8.14923009787587e-07,-9.69320162940683e-11,-9.98011152145579e-07,2.89608564047513e-06,-0.000181745839127033,-3.65247136035696e-07,4.74236219341207e-07,-9.31147363616708e-05,0.0512280139741229,-7.78525728435772e-06,1.31223991635932e-07,-1.67596049902261e-05,1.83244933578565e-05,-3.71968942049603e-06,2.41268620653426e-06,-2.18350092932688e-07,-8.67333074797094e-08,-5.66736983979633e-09,-3.23389870783233e-07,-1.01114780072525e-06,4.97698734835716e-09,-2.89611297944621e-06,2.35432796223888e-07,-8.84282961704011e-07,1.30578909151923e-06,7.32052560142831e-07,3.75416042505204e-07,-1.20905800301966e-07,-1.34366515180541e-06,8.72001296539021e-08,-4.17827517228043e-07,1.20209601688909e-07,1.1472148531899e-06,-2.34124335179397e-06,-3.01433224862653e-17,8.74123811111638e-09,4.69118977512781e-07,-4.38331693077693e-08,2.55908765076438e-06,2.85020594347454e-08,6.72456651475892e-07,1.57488178348185e-06,-2.0562923512597e-06,1.44733275680602e-05,1.26052344786905e-16,-7.14109541626444e-06,-5.76984944395881e-09,-2.47597845413665e-07,1.03221618802649e-07,3.11814069353449e-06,-1.31277589317542e-07,-5.12308190425929e-06,1.38431479081727e-06,-5.9416181610278e-07,9.17757454945206e-06,-1.25888566450277e-07,-3.46110732743317e-06,-1.62154297605975e-08,-2.32219549926166e-09,-3.50882216648047e-06,1.86887771649879e-07,-3.85923307646318e-06,4.11820846611111e-17,-1.04673060686644e-06,8.322798668043e-08,2.39889784001445e-09,2.19818124619182e-08,-8.16901475225412e-06,-1.89207724829754e-05,8.93894662126458e-07,-3.29235194311274e-06,-3.17359308422521e-06,7.73811798722179e-18,-3.93474930791953e-06,-1.43525700591741e-07,-7.19359940682889e-06,4.81193834348767e-15,0.0129728297768585,-3.44686118725866e-06,3.0765787408253e-07,5.61474999498768e-06,4.46584376324526e-07,-1.94315427152662e-08,-4.75855450218611e-07,3.75682667857191e-07,2.78430987046452e-07,1.8655340047382e-08,1.23988521002042e-06,1.59025487660624e-07,8.72565192557178e-17,-7.42738279122099e-08,4.53589995106628e-06,1.2496620757547e-06,-1.96280124451313e-06,-1.21009057830157e-16,-1.78962709310271e-07,3.47004561114007e-08,-9.635989432654e-07,-5.78042236843471e-08,-2.20288683705812e-06,2.10163931172903e-07,-2.85622104265236e-06,4.69945834962561e-06,-9.68334130296821e-17,1.77837785810694e-05,-3.0058608813349e-07,8.52134776371207e-07,2.24894112752513e-05,-1.85317832364368e-07,-1.53951143435759e-08,8.32667268468867e-17,8.93966921954017e-17,-1.51007383204679e-08,-1.73263788935695e-07,2.28874051460897e-08,-2.63985165315856e-06,1.42936761914844e-11,-1.29040883904405e-06,-1.54419073473544e-08,3.7610512817777e-17,1.24924912429135e-16,-8.96319532406449e-17,3.41405004929554e-06,9.01107200091273e-07,-1.00305298277062e-06,8.95819374728066e-06,7.23839309119737e-06,8.32286939126122e-07,-3.61830844915279e-07,-1.21822241690293e-16,-8.22239059044711e-08,2.34095186095765e-07,5.15794706724943e-16,8.07514972405366e-17,-1.55372597120668e-07,-9.51579277748352e-10,-9.4977125104384e-08,5.86187108531037e-06,9.72643868103555e-08,-4.09613661296469e-07,-1.65652103979167e-16,-2.23581556729755e-06,2.80032245229513e-16,-4.79813160908916e-06,-9.19403442267708e-17,-1.13283116728013e-07,2.27952441348704e-16,4.72856977336561e-07,1.24935109469469e-07,6.09506589688833e-07,1.30489465023177e-05,3.58349712324221e-07,-4.20203150883611e-08,2.71130939613042e-07,9.87846775183863e-08,5.33757340692474e-06,4.98428833295339e-07,1.02894880379637e-07,-3.00133058755728e-07,-5.93764483422741e-06,-4.94307441802168e-07,-1.53986359025501e-07,1.00710405161008e-16,1.50392034881627e-06,-2.70762243350028e-07,1.61089575825071e-07,-1.07897610969953e-17,3.30218438652901e-07,1.55438168774249e-05,3.19649943381729e-06,-6.78176237305978e-16,-7.89178359596038e-07,-5.06821693075837e-06,-4.49462809740964e-16,-6.25197665809428e-07,1.906178926245e-06,2.20781491484379e-16,-1.27929661660757e-15,-8.24411133018088e-08,-5.01796213139248e-06,-3.10239786987342e-08,-4.79027014280305e-05,2.77606112550336e-05,4.68769435941014e-07,5.28306120728325e-06,9.48863368139833e-06,-0.204899842034249,-1.29848822666423e-13,-1.12767048364926e-07,-7.38921295592329e-07,-1.33796608498286e-06,-8.82641612949568e-05,-1.14562197008014e-14,-5.27820685499367e-16,-2.05812190334939e-05,-1.02595912027478e-16,2.21489971237125e-15,-2.95470041681547e-06,3.8712204690889e-06,7.23094473876437e-07,3.43459870239985e-07,-1.44419638744726e-05,-3.75095672289906e-06,-1.12019285243759e-06,8.36694026934519e-17,-1.83496637941233e-06,-8.04013728072714e-08,-3.61443281108003e-07,2.95665771825964e-07,-9.88150543559687e-07,2.50906926841822e-16,1.65230222660949e-16,2.33849849593936e-16,7.74161093370717e-07,3.05476063214771e-08,3.16488108437804e-06,-9.22738045050973e-17,2.14124283784021e-08,2.91434256201689e-16,-1.43955964259769e-16,-2.49012661057703e-06,9.9966324835167e-07,3.93782229046735e-16,1.37662537513786e-06,6.08574299798687e-08,-2.04785386486925e-16,-1.25129667146362e-07,-1.41446266672959e-16,-4.38941999016046e-07,1.78269903430972e-16,-4.33331806483848e-07,-3.34587189868375e-07,-1.20038788400061e-08,-1.24122209212157e-07,-8.28276926966484e-07,3.34221394414358e-08,-1.41677308704211e-06,-5.61993565963617e-17,-4.27901405526122e-07,2.36372323667684e-08,2.25080834766427e-17,3.02548940717217e-09,5.84704327129897e-08,-1.29455874528451e-08,-9.62815915469303e-17,-3.56150530310627e-08,-4.66850478468232e-08,1.32459130489835e-16,0.000113796387670087,2.12326162603266e-07,1.02003357041102e-09,1.31843475857721e-16,-9.26893217496063e-17,-1.43523529174084e-08,-4.31570283338637e-08,-3.39936391598765e-09,2.29126324422739e-09,-9.60155371580225e-09,9.86263141727563e-17,-1.04165654312576e-16,-3.01562253340721e-08,-2.03627165145036e-10,1.1663629660715e-17,-5.1903023661359e-08,-7.25640608552634e-17,-1.5648460763542e-09,1.75397633522382e-09,8.3455479205632e-10,6.05109034838506e-10,-7.13780267716502e-17,-4.7532364488267e-17,2.33080769312853e-16,-1.07383006113178e-16,-3.02317771726162e-10,-1.13221469553009e-09,1.0367442352236e-15,-2.1395754916246e-16,1.33192861012179e-18,2.01283819515097e-09,1.96930301143879e-11,-1.32029817305486e-09,1.46278342035633e-17,-5.33752729514614e-16,-4.25007251614318e-16,-8.91991989791064e-08,2.76239135691779e-09,-1.45583507825663e-16,5.48983927897798e-10,-1.50261123713154e-08,4.38810048976528e-17,-6.16964218419064e-18,-1.26873096557016e-07,-1.18119083197915e-10,-6.6661685773441e-08,6.3767770468688e-16,7.32596233664386e-09,1.9761815707703e-07,2.23533999155947e-07,-1.35663853753552e-07,-3.35267481345883e-08,5.62762796212813e-10,-3.24826746419374e-17,-5.22861046414195e-16,3.67964375783037e-16,1.24802962019449e-08,-1.13239202011939e-08,-4.80943219646063e-08,-3.71029878154632e-09,-7.89494549382866e-17,1.63507473285418e-16,-1.80073371336755e-16,-8.33462857726106e-18,3.33913403031395e-16,1.91350948994522e-08,-4.14136924472289e-17,-8.11228283934022e-17,-3.52689576225235e-08,7.93075732549137e-17,-3.16183780072822e-08,2.45679153060872e-17,-3.92970141648088e-08,-4.23140468779674e-17,-4.98571756622522e-08,-6.3066923132051e-09,-5.28409056835003e-08,1.06772580020817e-16,2.09766122739967e-07,1.10266599012777e-16,4.97475187066332e-07,-5.18953018151832e-08,2.87809352128728e-10,-1.80892443624697e-16,4.73555869121149e-07,9.69803367699756e-17,-1.92463110851104e-07,-6.13487379870204e-08,5.16124571026868e-17,1.93446160501269e-17,-1.91021631165025e-17,-4.99195937534222e-17,-2.33423927016755e-09,-3.05928002053901e-08,-6.88224782045794e-09,8.24826406873805e-17,-4.97354843645567e-17,-6.81713524494635e-09,5.56948962573967e-08,-2.98183733971916e-16,7.07159835765445e-17,-3.39572202061349e-08,8.99661748356555e-17,-2.42826547729477e-07,-2.53212457372932e-16,2.12953478599349e-07,4.38401234149951e-17,-3.07352493699921e-16,-1.19864106544088e-16,-2.8982956302826e-16,-5.42073212457008e-18,-2.2430981852622e-16,4.31269866796331e-09,-3.01820976906197e-08,3.81128988732135e-18,-2.04099021836895e-08,1.38504094214921e-06,-1.59861495339554e-16,8.98939619591634e-17,1.35754487239084e-16,1.08980603392326e-16,8.80650014481321e-08,1.41946102858344e-08,-4.95206443412752e-16,3.49492820041705e-17,-2.60634980606505e-07,-5.25816133278723e-08,-7.99168333611911e-10,-2.55027584231468e-16,-1.07530851896509e-16,-3.50171482144171e-17,6.68634784470555e-17,-1.08064296388872e-16,-5.62555263526552e-18,3.67346261902754e-07,-3.49614509635621e-07,-6.76450831802282e-08,1.18803254697862e-17,-6.81968849620751e-17,1.64819871063844e-16,-8.48582882102914e-17,1.02451087223371e-16,4.28123991842075e-16,-6.99415235715615e-16,9.7776702403082e-17,7.57742159586813e-18,2.56948809792278e-17,-3.92856337946466e-17,8.01340636526537e-17,-1.00654468340914e-17,4.27814607102914e-17,3.76482703421942e-09,5.34455317619552e-19,4.11937514239521e-16,3.93347414760398e-17,5.41849562839838e-08,-7.22934179797897e-09,1.76987303411071e-16,-1.4073292439334e-09,5.09100032762737e-08,-3.37020332321699e-17,1.47983533336411e-15,-1.00943895008782e-07,2.73210850934069e-16,1.33670011207575e-09,-5.8360287794926e-17,1.91684292074538e-17,9.91310907380707e-17,-1.21564966080004e-16,1.53720270551912e-08,-1.92303213720602e-07,-2.15517092290706e-16,-7.85848072647939e-16,5.19794467334729e-17,-3.34589806235197e-15,7.61543605953818e-16,-7.30508636486155e-17,2.41870882312222e-16,2.81648612387493e-16,3.27675600500957e-09,8.31534805388265e-18,-1.16155475116783e-16,9.96755475301296e-17,2.3219739874384e-16,-1.94242906077886e-16,-1.88584924667459e-15,-0.000806963408219446,1.97081107972633e-16,1.1178500546048e-16,5.37695123345618e-08,3.30417702901785e-16,-6.11664471075035e-16,-5.69594386773976e-18,3.35978748304588e-16,7.44367582231398e-08,-4.69225272721786e-16,-6.99483398876757e-07,-1.7639415345358e-15,-6.56624814239552e-16,2.46013167151923e-16,-4.97730620553551e-15,-2.16807587894704e-15,-2.75072885485184e-15,3.92094273829438e-08,-6.09263660591942e-16,-1.1403360320935e-15,3.93766624364767e-08,-1.01158924674352e-05,-5.15999793668102e-16,0.269731284764235,-3.04152594414741e-06,-1.68010732090714e-15,1.1217641298022e-15,2.66566990364911e-15,-1.17447748292366e-15,1.38067173989432e-15,2.20047511492434e-07,1.45470241339794e-15,-9.18577637050106e-16,6.44651752366773e-16,-6.21569379571344e-08,1.11755372464072e-15,1.14882220644822e-15,8.39740504238101e-16,2.2398948320778e-16,1.82529076654922e-08,4.01953557197105e-16,-4.35020229702043e-10,1.39776139494335e-16,1.23453463971997e-15,6.51411597543007e-16,6.41498267621524e-17,-1.63207164325266e-16,4.94264815807478e-16,1.7223573672209e-16,3.3235475859314e-09,-2.37372568358615e-16,-8.16332161822867e-16,-1.07800123005776e-09,-6.16895988029055e-16,-2.55128893571718e-16,-3.28566265612456e-17,1.59762531326827e-16,1.85688237764926e-16,-1.13657424574234e-16,1.93515422192563e-09,-4.15382695428736e-17,8.44564907678002e-16,5.45558195100707e-11,1.32920072581174e-15,4.38088611075035e-17,-3.85023752232704e-16,1.80458641446205e-16,6.87345967617818e-16,4.52579258648182e-16,5.15410055068079e-17,2.75947947050796e-16,8.85487816211393e-20,-2.68818884450133e-16,1.39922461104602e-16,-9.7022834419398e-10,3.51896166432803e-09,6.96580292039535e-16,2.31560136018596e-17,8.31237229044829e-18,-6.49468224373591e-17,1.81278603239576e-16,1.15317097010638e-16,-1.78637969258594e-16,5.69044339495718e-16,-7.48748474569963e-09,1.1000166051829e-16,1.36333969886308e-16,1.11860346843371e-16,-1.56392818519039e-16,6.54237557351382e-10,2.83821559240872e-16,-1.20382886353758e-10,1.87622335643478e-16,1.13903243854775e-16,2.64938904813062e-16,2.73519899748989e-17,4.83633929916974e-17,-7.07799900944609e-17,9.81048634397915e-17,-4.29894912599005e-16,-1.75325308181033e-16,1.04757412074971e-16,1.36646502628731e-16,1.54687316259833e-16,-5.86415906717694e-17,-1.11919803301231e-16,2.36332129919815e-16,3.27519058150782e-17,-1.51866263935186e-16,-1.80986616611007e-16,2.07951040604687e-16,8.0521493188789e-17,-4.95263552391378e-16,-6.16402230965766e-17,1.44961975393072e-16,-3.33531927845252e-17,-3.74201663379806e-19,8.52920670500399e-10,5.48282324824556e-16,1.64274059518194e-15,3.12803260623538e-16,1.42824540686487e-16,-4.905029799815e-16,-4.77594369215694e-16,-5.63578556451849e-17,1.53836334680143e-16,3.7733646113471e-16,4.78854160344165e-16,-1.12887130199191e-15,-1.4908709108005e-16,-6.40650984449156e-17,-9.47656338891838e-17,-2.60768265414753e-15,7.56018276106113e-17,-4.64926004048802e-16,-1.18797879677309e-08,-1.49138249454151e-15,-4.7962674400302e-16,3.98971082609954e-16,-3.56456896406684e-16,3.81297426334949e-16,1.75276274945872e-15,-3.82813790926335e-16,-1.05180759543069e-15,1.66827657587072e-15,-0.817642444970566,-1.51344432823575e-14,5.60548243182898e-15,-6.09264623185219e-17,-7.12034043412561e-15,-5.92462826916289e-15,6.60002663810274e-15,6.75275232604991e-16,-3.3925399984448e-16,1.03115330690363e-15,-1.41894505501904e-15,8.78340196038995e-16,4.59853390291544e-16,4.55382312802092e-16,1.77544575896226e-08,2.03876890404047e-16,-4.83085961196088e-16,5.5252785012413e-16,-7.88431819831459e-16,-4.88111006976691e-09,-2.0965041130691e-16,-1.83303039231676e-16,2.02025352070454e-16,-4.14957939602473e-17,-1.08540677458327e-16,6.92557213117697e-16,9.56526998085284e-16,4.56614792644138e-16,2.23348659419507e-16,1.52424283199382e-16,-3.47138755060692e-16,1.44840741506949e-16,1.54075645056618e-16,-1.88640263568889e-16,2.83010997496177e-16,-3.14720167635876e-17,-4.38682744717745e-16
"t905",0.0235977659096013,-0.00185153162053304,-0.00161558910963579,-0.000215100551694589,-0.00582032307253397,0.0371676258085363,0.00603030272480341,3.00742248449515e-05,0.00137531241517228,0.0069847632148915,0.00500613548488799,-0.0106630843458109,0.0244242180651151,0.00560341547702876,0.19682012499986,-0.00750274835399122,-0.00723087023123533,0.00203241762671901,-0.1345265812549,0.0154806538878164,-0.00155112154387949,0.000264776874140011,-0.00567168819414693,0.000903171530983155,-0.00015513025557181,0.00629053281638103,-0.00416032793586011,0.00044579717952206,-0.00361441887628185,0.0116833261871974,0.00032053584172538,-0.0120060636858343,-0.000615936025579619,0.00532801678363529,-0.000536533589413173,-0.000472800120176132,-8.41816071407875e-05,0.000198416992585206,0.000925180842466926,0.000230981885862274,0.00068393356615901,-0.00119649806811299,5.56940492207033e-05,-0.000946233386679082,0.000205219889484473,-3.98276867987053e-05,7.19612107230306e-06,-0.000105261925344277,0.00138392693632278,-0.0025097518598202,0.000130482112828081,-0.000112868348501245,2.13097797652767e-06,-3.93203500411443e-05,0.0002549724738473,-0.00380342337783078,7.94900525259604e-05,-0.000581259835478628,0.00215603884785495,-1.87644443652683e-05,-1.69795566376299e-05,0.000232365060298299,-0.000514531381184654,0.000382775032623987,-0.000313627389243119,7.70580168417866e-05,-4.46473823122759e-05,0.00236730496587792,-0.000371798591276018,0.00264503387303496,-1.71366264947071e-05,5.64663230695414e-05,-0.000302294296255742,-0.000143658878484075,6.11378425563523e-05,5.92982337807286e-06,-0.000565583166680597,9.26854613099553e-05,-0.00497535665639497,-0.0106365140309086,0.00119224451009743,0.156603415371296,0.0038317407175655,0.00105715490911527,-0.000312255483557708,-0.000701552161462891,8.88697271277245e-05,0.000153022283147925,3.00032595122296e-06,-0.000112700790228432,0.000259970010669319,-3.57636925924637e-07,-0.000355287462650783,0.000154601767751744,4.97199631636343e-06,2.01572399953207e-05,2.35953196471161e-06,-9.96884498223144e-06,0.000101278895641642,0.000195156603914008,4.44933948735046e-05,-1.94928540051489e-07,5.66276713206414e-05,5.00926381437591e-06,-2.73351929616432e-06,6.51695403491828e-07,-0.000274511068588199,1.53421562720819e-08,-2.99462437912464e-05,1.18485765369242e-07,4.07371178278119e-06,9.52386750504861e-06,-3.00422443821352e-06,4.25195758498783e-06,-1.41248128671841e-06,5.70181188365754e-06,-9.562740701347e-05,0.000116226988004137,-0.000173624346360214,4.99877210181066e-05,-2.95314957417464e-05,6.83059488480497e-05,-0.000501240280869394,-0.00147855715422339,4.32903168593509e-06,-0.000122729824330315,1.28694427534194e-05,-0.000165661771793673,0.000453413210290374,0.0158488973288537,0.000121159496586489,0.00230757985340429,6.01291364403022e-05,-0.00066825258492491,-2.60121930196711e-06,0.00105084231346443,0.000191932480006733,0.000151232413635656,0.0279897325904452,-0.121819335365218,0.00999647352879938,0.00970807292408218,-0.329340121025457,-0.0193616993396232,0.00013889924605466,-0.000104153560976418,-3.84887739727006e-05,4.02470809418379e-05,2.08590643353397e-06,-7.8772064401176e-06,-3.73219391524779e-06,-1.19793390036926e-05,-1.88425818660323e-06,7.77689251942517e-05,-5.15905957864829e-07,-6.11586651855171e-07,8.16967726010385e-06,-9.44779320883511e-08,1.04664028575818e-08,4.37678279533986e-09,1.3095521237016e-08,-8.53761300931743e-10,-6.87537930754823e-08,-1.17960036242394e-07,1.80627357258604e-07,-1.96854500174572e-07,6.40984016511487e-06,1.11534807175392e-07,5.57023881855796e-06,5.95296561991308e-07,-1.09090567988603e-06,-1.93741151604016e-07,2.54547170840553e-08,8.73936307991475e-07,1.77458230289467e-07,6.55066562629038e-07,1.61588969120064e-08,-6.80070320450773e-07,-6.90604700815358e-06,-3.41165602475488e-06,1.37175764197921e-05,3.6895331020672e-06,-7.66128294941694e-07,-3.02046680795525e-09,-9.02222987143806e-08,-2.44576078999872e-08,-4.20258737046414e-05,1.05240816926477e-05,4.72841229222895e-05,-4.5704648917834e-06,-1.43934085095785e-06,2.80480902215944e-06,1.96414292726804e-05,1.65694532861839e-09,1.63409943839937e-07,-3.03265965690898e-06,-5.65408747839605e-06,-3.3633396826372e-07,3.48497216357705e-06,1.59951789153607e-06,1.59868817851063e-06,2.33571409018144e-05,-4.84727815852885e-08,-7.95632480697046e-07,-1.36466064758758e-05,-5.7955855428194e-06,9.0764274074435e-06,4.16768664617678e-06,-7.17688711816416e-05,-4.42568026825352e-08,-0.000324641203758541,4.70857802482302e-06,-2.36322748409039e-05,-4.09267072937546e-05,-2.3617680998674e-07,-1.77037495081868e-06,5.33998401278471e-07,3.46645277749055e-07,-9.25005998317149e-06,-9.03923840504681e-05,-2.63507546964644e-05,4.6631240330321e-05,1.18474184014184e-05,6.11889303137994e-05,-0.00110719369309945,-0.000127703790074824,-0.0254646609078432,5.41200343978592e-06,6.04449609911794e-05,3.08072089170132e-05,-6.42389627001614e-06,-1.12350528475925e-06,-6.52177092359876e-06,-1.76444098394937e-05,3.89554669177154e-07,6.10008133897929e-08,3.54374576820979e-05,-2.72002543060153e-17,1.37555848008512e-07,-1.81061384391459e-06,1.71829006725015e-07,5.17407396897486e-08,-8.50941001855375e-06,7.50046899301037e-08,-0.0469311529213143,-5.746662592105e-06,7.49641872465936e-07,-1.94333800000863e-08,2.64288440549068e-07,-1.74496695826791e-05,3.58733948649007e-08,-3.46083764282435e-06,1.40288078856291e-06,6.40931628224511e-09,-6.12749431055937e-10,3.59090637943491e-08,-4.57089185428498e-08,7.31551414735655e-07,2.12828582603295e-06,-4.34001798209651e-07,9.25599128753925e-07,-1.76473455023662e-06,2.0683074544038e-05,-1.28988126743568e-06,1.40383735835401e-06,-4.78188343684159e-07,1.02361066478787e-08,4.21883510057781e-05,-6.81302877197298e-07,6.69551486705651e-07,2.21850619884853e-08,-6.03087650095044e-07,6.11281626891641e-07,-9.22443217279707e-07,1.49910409398344e-06,-2.96273142328052e-06,2.42902199805426e-06,-1.85962700569178e-07,6.54706544974169e-05,-1.7759753155531e-07,8.40630329151807e-06,1.70661190740441e-16,-2.33981431149181e-05,-8.15830509976785e-07,-9.70402966361429e-11,-9.99135227245749e-07,2.89936979980135e-06,-0.000181952602061533,-3.65663318442812e-07,4.74787646789272e-07,-9.32231475625551e-05,0.0512876783298013,-7.79437812518644e-06,1.31380292359574e-07,-1.67796241294977e-05,1.83464249355454e-05,-3.72417026353487e-06,2.41566447230939e-06,-2.18622366775917e-07,-8.68415241211804e-08,-5.67444221970271e-09,-3.23803513154423e-07,-1.01247782369779e-06,4.98355703462754e-09,-2.89995561541068e-06,2.35747125139014e-07,-8.85465830357538e-07,1.30756364802264e-06,7.33048592658641e-07,3.75927944219975e-07,-1.21070907147944e-07,-1.34550897176738e-06,8.73204312304843e-08,-4.18406805347077e-07,1.20376622494688e-07,1.14881462219898e-06,-2.34453350188956e-06,2.45232938093145e-18,8.75410188989645e-09,4.69812467928425e-07,-4.38984035042861e-08,2.56289695185141e-06,2.85444947170533e-08,6.73459481761412e-07,1.57723765294004e-06,-2.05937964031328e-06,1.44952189160765e-05,2.10528541456789e-16,-7.15207942460735e-06,-5.77874265428971e-09,-2.47981165587154e-07,1.03381506067641e-07,3.12302333611964e-06,-1.31484380967064e-07,-5.13121961587535e-06,1.38652629006704e-06,-5.9512271859414e-07,9.19258342017642e-06,-1.26095903149371e-07,-3.46683035057265e-06,-1.62423082972908e-08,-2.32606119825521e-09,-3.51466652082238e-06,1.87200013663933e-07,-3.86569625196008e-06,1.60232166136207e-16,-1.04851478408139e-06,8.3370366009243e-08,2.40300181225404e-09,2.20198054692914e-08,-8.18315574922158e-06,-1.89541425163831e-05,8.9547952014315e-07,-3.29819527338338e-06,-3.17924774497615e-06,6.95937516437305e-17,-3.94179148617099e-06,-1.43782999515318e-07,-7.20657513799269e-06,4.89995946789419e-15,0.0129963858210929,-3.45312976240149e-06,3.08217842893364e-07,5.62498646525817e-06,4.4740083655961e-07,-1.94671429442257e-08,-4.76728671071425e-07,3.76375401843062e-07,2.78944688431596e-07,1.86898728758861e-08,1.24219369532224e-06,1.59321657257512e-07,6.9121159235774e-17,-7.44137233787876e-08,4.54446001719184e-06,1.25203053044002e-06,-1.96654541525454e-06,-3.67638164517568e-17,-1.79308837437426e-07,3.47686047149146e-08,-9.65504288969855e-07,-5.79188831795708e-08,-2.20727296562778e-06,2.10585310766563e-07,-2.86201232145845e-06,4.7092495012931e-06,-1.0399098907027e-16,1.7821706675956e-05,-3.01228448224174e-07,8.53963441132826e-07,2.25379524232239e-05,-1.85717998985062e-07,-1.54284117542345e-08,-9.29811783123569e-16,-3.93275891253122e-17,-1.51337035457349e-08,-1.73645077692611e-07,2.29378220112774e-08,-2.64570831688599e-06,1.43253978857749e-11,-1.29331616589234e-06,-1.54769346961153e-08,1.83320378935517e-16,9.60709043759847e-17,-1.3462619642792e-17,3.42195788179775e-06,9.03199906438842e-07,-1.00540360475369e-06,8.97934721706505e-06,7.25550066944836e-06,8.34269885296815e-07,-3.62693712883414e-07,-9.20905911472715e-17,-8.24231657285256e-08,2.34665677185375e-07,-6.77683364491378e-17,1.52908586522895e-16,-1.55759541549949e-07,-9.53961253440889e-10,-9.52165241887475e-08,5.87671440306774e-06,9.75128377096114e-08,-4.10661442217662e-07,-1.01418326498079e-16,-2.24154569170017e-06,4.2789283164849e-17,-4.81049641873372e-06,-2.41777084464267e-16,-1.13576226650153e-07,1.89272341499289e-16,4.74086715153938e-07,1.2526035706785e-07,6.11114947452056e-07,1.3083478548322e-05,3.59299162238195e-07,-4.21322258660491e-08,2.71856269508867e-07,9.90516887352444e-08,5.35200198802567e-06,4.997804500772e-07,1.03175516394211e-07,-3.00957941031929e-07,-5.9540687014359e-06,-4.95681607011626e-07,-1.54415494203829e-07,-8.97789259964301e-17,1.50814350439245e-06,-2.7152812275723e-07,1.61554627272294e-07,2.7315762582419e-17,3.31177347125906e-07,1.55893525199049e-05,3.20589864636121e-06,-6.35095090905672e-16,-7.91503374863457e-07,-5.08326235600959e-06,-4.4027372536386e-16,-6.27060547246043e-07,1.91198655633465e-06,1.10404491983409e-17,-1.27789782195761e-15,-8.26944709022112e-08,-5.03339525660154e-06,-3.1119741813223e-08,-4.80511947289257e-05,2.78474954093773e-05,4.70237787692972e-07,5.29962899841048e-06,9.51877099468636e-06,-0.205557401066785,-1.29246006258521e-13,-1.13130353034017e-07,-7.41303494495963e-07,-1.34228969808029e-06,-8.8550193406309e-05,-1.16288024830128e-14,-4.99786030237249e-16,-2.0648174149027e-05,-6.14286646538034e-16,2.22446984149434e-15,-2.96454931850389e-06,3.88417870868552e-06,7.25515120885566e-07,3.44620247398201e-07,-1.4490816663693e-05,-3.76364844854002e-06,-1.12398965010296e-06,2.05546479107918e-16,-1.84130064204626e-06,-8.06800043745475e-08,-3.62697485758772e-07,2.96698362434001e-07,-9.91642550566921e-07,-1.26812609835692e-17,2.2764260196499e-16,4.33674926800932e-16,7.76944061493714e-07,3.06582388445725e-08,3.17634965921768e-06,-2.86080618900518e-16,2.14905816671979e-08,-9.09134541649646e-17,-1.20414875329486e-16,-2.49951123350496e-06,1.00343224190677e-06,3.45209971719385e-16,1.381857091678e-06,6.10897912535528e-08,-4.36316111081599e-16,-1.25612023745159e-07,-4.08457246798639e-16,-4.40653837123053e-07,1.23177313362993e-16,-4.35023540087766e-07,-3.35894486279972e-07,-1.20508234533262e-08,-1.24608248189784e-07,-8.31529691524795e-07,3.35548348577228e-08,-1.42248551849451e-06,-1.60606203225171e-17,-4.2966067531459e-07,2.37346185970267e-08,1.4153296735562e-16,3.03798965072805e-09,5.87132507065479e-08,-1.29995986437184e-08,3.08905936363263e-16,-3.57660370766502e-08,-4.68835942914496e-08,-5.00775514245121e-17,0.000114282416139192,2.13234928102638e-07,1.02443386085405e-09,3.17737563075992e-16,-2.51060476274689e-17,-1.44154431979339e-08,-4.33482871795923e-08,-3.41445434751673e-09,2.30181045670125e-09,-9.64601827306148e-09,7.98870759626348e-17,-6.03351681606843e-17,-3.02964635288296e-08,-2.04574838319422e-10,8.02354362654251e-18,-5.21462400305722e-08,-1.45264261272319e-16,-1.57222959964511e-09,1.76233174424312e-09,8.3853292764145e-10,6.08001259775188e-10,-1.16730460277438e-17,-4.40896822024685e-17,2.20437845770977e-16,-1.62263180620265e-17,-3.03798488326928e-10,-1.13777195630587e-09,-7.25363407689613e-16,3.07308960745019e-16,-1.84370684976957e-17,2.02279067795839e-09,1.97906790740178e-11,-1.32690524369932e-09,5.33330084521447e-17,8.01225405466788e-17,4.35849273339173e-17,-8.96594032027673e-08,2.77665847377759e-09,-1.69446655592368e-16,5.51854549839226e-10,-1.51050615975071e-08,5.93227460431905e-17,-2.90195835474703e-16,-1.27547621114469e-07,-1.18747848792595e-10,-6.70189309517819e-08,-4.6414372378838e-16,7.36569081007153e-09,1.98696931016081e-07,2.24765617873776e-07,-1.36420975554324e-07,-3.37145071449711e-08,5.65935247352033e-10,-1.63195697614351e-16,-3.81424967424096e-16,1.92990151468258e-16,1.25533823424556e-08,-1.13902742873206e-08,-4.83775436892622e-08,-3.73271412306059e-09,4.76183505547611e-16,2.71050694834507e-16,-1.53643590824863e-16,-1.61413002811754e-16,-3.19122698097452e-16,1.92539269371627e-08,1.09742664800291e-16,-1.45573942611239e-16,-3.54904114964409e-08,1.14492031434999e-16,-3.18170276837556e-08,-1.14153023963389e-17,-3.95441527058388e-08,-1.24389126061919e-16,-5.01768996896067e-08,-6.34732644054827e-09,-5.31838343625322e-08,-1.37069478888383e-16,2.11139764914367e-07,5.99428748986577e-17,5.00798772182611e-07,-5.22514163818466e-08,2.89786690560149e-10,1.01914289290309e-17,4.76845569558413e-07,-9.24521131010237e-17,-1.93824136511372e-07,-6.17829561143317e-08,1.70186585549172e-16,1.90402303006327e-16,-1.51382592559903e-16,-1.02727221385669e-16,-2.35100997438575e-09,-3.08134794843474e-08,-6.93212468372466e-09,-7.44734047456122e-17,-3.41850202064603e-17,-6.86767311658904e-09,5.61082041418415e-08,-1.86530193088212e-16,-2.18330645622494e-16,-3.42166495536705e-08,1.13491840234819e-18,-2.4469348777775e-07,2.45275381950361e-16,2.14621424759061e-07,-1.57692996520278e-16,6.49415112179609e-17,-1.77103901541626e-16,-2.1254955514135e-16,5.44182556452758e-17,-1.11334376819628e-16,4.3478161978359e-09,-3.04279916493339e-08,1.0483843499439e-16,-2.0578516205836e-08,1.39655094016278e-06,1.61940085572842e-16,2.08671339205991e-16,-4.78895446098944e-16,-1.75008893529787e-16,8.88159875820167e-08,1.43164007198506e-08,1.65428837310134e-16,-2.00328290727949e-17,-2.62886664884363e-07,-5.30362858008471e-08,-8.06099672424913e-10,2.30907685671296e-16,1.32220035749712e-16,5.10153317637541e-18,-1.02382422312544e-16,1.81450064398907e-16,-1.09463041995053e-17,3.70698324278347e-07,-3.52820414599127e-07,-6.82684144367293e-08,5.46147419584645e-17,-3.23616215714177e-16,-2.40352667867614e-16,-5.34668337317857e-17,-1.4209572801423e-16,-2.11935233066967e-16,4.83166031742518e-17,3.64007909349715e-16,-1.71373906102809e-17,-3.59635944618613e-16,-1.91269298055552e-16,2.67007820472739e-16,4.06489361482293e-16,-1.3435831622144e-16,3.80264783255962e-09,-1.66946662205724e-17,6.65990967322857e-17,6.00660893804492e-17,5.47359092381394e-08,-7.30305652054248e-09,8.40064334757093e-17,-1.42170440060538e-09,5.14379478290579e-08,-2.39913048314683e-16,9.43765243412603e-16,-1.02010978986468e-07,2.13279746895949e-16,1.35117418002745e-09,2.05418983218608e-17,7.9842022055889e-18,8.46426419395425e-17,5.40471503046878e-16,1.55451277291282e-08,-1.94474583780189e-07,2.64143255011422e-16,-9.07354069475292e-16,1.55454075557952e-17,9.23694517255226e-16,1.31101726696947e-15,-2.98810261287994e-16,9.06103682280868e-17,5.93380092388457e-16,3.31983516444502e-09,-2.21632221242751e-16,8.27342665399632e-17,1.69864837998517e-16,1.46432091310473e-16,-4.78866201134623e-16,-2.19739097965915e-15,-0.000817964285870821,1.86975596328339e-16,-1.0063540030512e-17,5.45075500469472e-08,8.19934887403769e-16,-3.92618714024712e-17,-3.45798581705469e-17,3.18970624244348e-17,7.5548248636396e-08,-3.44652447083941e-16,-7.10095696315364e-07,-1.94634353315813e-15,-3.30734981174724e-16,1.42433278253249e-15,-4.72402641364753e-15,-1.83715908249034e-15,-3.67625879777427e-15,3.98244663365294e-08,-1.93655125806863e-15,-1.28992874754758e-15,4.00108541037533e-08,-1.02790374760274e-05,-3.76512663252869e-16,0.274184357876358,-3.09211534507114e-06,-1.82351489503308e-15,2.09753435079948e-15,2.6456195304768e-15,-1.06242112753196e-15,1.06070105411788e-15,2.24165246344909e-07,1.67843286869271e-15,-7.60474987298744e-16,6.50621288198965e-16,-6.33589567045043e-08,6.91797203385106e-16,1.4970038360101e-15,1.04660950431969e-15,-4.07696784306182e-16,1.8622252306068e-08,3.54447436618272e-16,-4.43950732040275e-10,-3.06833747634299e-16,2.01751134084986e-15,1.24784629388989e-16,6.00259966386642e-17,-4.01974748062851e-16,8.94110349620266e-16,1.49373313038585e-16,3.39748088958813e-09,-3.9273094826929e-16,-3.50712656177041e-16,-1.10249094630347e-09,1.63713062286352e-17,-3.46062056987059e-16,2.71826398332834e-16,-6.64026958027237e-18,-9.50205312418046e-17,-3.40962976617505e-16,1.98226621203822e-09,-8.81626274463395e-17,-5.43191871619949e-16,5.59263203118917e-11,7.50346382645781e-17,1.09339430480894e-16,4.09633223712398e-17,1.47063876143459e-16,-7.57636897623564e-16,-7.94990401566935e-16,1.01055620640466e-16,3.76937997280536e-16,1.99631083781026e-16,-3.86756483010248e-16,-2.07991259863331e-16,-9.98057732129201e-10,3.62163224234256e-09,-7.23800458545005e-16,2.64227230185898e-16,2.8168864450208e-16,-5.4602726930657e-16,6.86516815617821e-16,-5.87150788588224e-16,-3.32618980271638e-16,4.94869322165592e-16,-7.72752244844474e-09,-6.55720058063653e-16,1.8312156055676e-16,-2.26009147654805e-16,5.61771343637624e-16,6.77140087139482e-10,4.08949246305157e-16,-1.25086290300105e-10,2.77592083261081e-16,2.43411530787745e-16,-5.42406969798519e-17,-2.48503837621019e-16,-2.37144541250924e-16,1.75385638759759e-16,7.89010932447175e-17,4.70849411771491e-16,-2.35765738401734e-16,4.45686742567791e-16,-6.60282745720567e-16,-1.16411329619045e-16,-1.41220441764828e-16,-8.98188793120157e-17,-8.68737905907099e-16,-4.77671468652171e-16,2.53411885429254e-16,-4.05525559846481e-16,1.88312564590254e-16,1.71644191034255e-16,4.08527378592538e-16,-1.14646049264139e-16,5.1887904292252e-16,-2.84696379971742e-16,-2.85252588395061e-16,9.11382653900542e-10,1.29897916979898e-15,-1.08055893591861e-15,-6.05794518895868e-16,-2.98840720249111e-16,2.71209923239838e-16,-1.91919634816366e-16,1.25172686279715e-15,-6.92101374429931e-16,-6.10372989537686e-16,-3.82053213446579e-16,-2.73218947466347e-16,4.30926386308106e-16,1.2185747323121e-16,1.37213888834071e-16,2.10260660661337e-15,-1.29753528362856e-15,8.98824968723085e-16,-1.35532816885411e-08,1.09855447053957e-15,7.48031422991198e-16,1.20446165712907e-16,2.34391100744145e-15,-3.21780446050677e-15,-1.06226372815318e-15,3.62605195552237e-15,-2.41479791527363e-15,-5.28070306590327e-15,0.407094143623982,1.48103565040104e-14,4.00449488648522e-15,4.36038278091324e-12,-0.707106781186545,-3.36684276346168e-14,4.55313239543532e-15,-1.53428273035513e-15,1.0707460926537e-16,-4.86355055491969e-15,3.08832212650364e-15,-5.59347949867412e-16,-3.81678620821051e-16,-2.17544457366776e-18,1.56676693982638e-08,-5.02845253911267e-16,-7.72639009675078e-16,-6.41138767018302e-16,-2.47198095326695e-16,-4.48016057997649e-09,5.24648324105345e-19,3.88791623448351e-16,7.3888925133975e-17,-1.09792872553116e-16,5.87106003711738e-16,2.28340298852634e-17,3.42281095336132e-16,9.73309771601145e-17,-1.68707461217018e-16,-1.28942700021495e-16,1.62941900215465e-16,-1.52294873859547e-16,5.77313910561835e-18,-1.25847420270508e-16,-1.70142060214738e-16,8.98825137252268e-17,-4.21893011805974e-17
"t906",0.0235977659096013,-0.00185153162053302,-0.00161558910963581,-0.000215100551694579,-0.00582032307253399,0.0371676258085364,0.00603030272480343,3.00742248449551e-05,0.00137531241517228,0.00698476321489151,0.005006135484888,-0.0106630843458109,0.0244242180651152,0.00560341547702878,0.19682012499986,-0.00750274835399124,-0.0072308702312354,0.00203241762671902,-0.1345265812549,0.0154806538878166,-0.00155112154387949,0.000264776874140011,-0.00567168819414696,0.000903171530983155,-0.000155130255571795,0.00629053281638107,-0.00416032793586014,0.00044579717952205,-0.00361441887628189,0.0116833261871974,0.000320535841725393,-0.0120060636858344,-0.000615936025579638,0.00532801678363532,-0.000536533589413163,-0.000472800120176126,-8.41816071408506e-05,0.00019841699258518,0.000925180842466934,0.000230981885862297,0.000683933566159031,-0.00119649806811301,5.56940492207033e-05,-0.000946233386679116,0.000205219889484451,-3.98276867987125e-05,7.19612107229066e-06,-0.000105261925344255,0.00138392693632277,-0.00250975185982022,0.000130482112828075,-0.000112868348501258,2.13097797653621e-06,-3.93203500411478e-05,0.000254972473847317,-0.00380342337783081,7.94900525259656e-05,-0.000581259835478651,0.00215603884785496,-1.87644443652743e-05,-1.69795566376336e-05,0.000232365060298288,-0.000514531381184636,0.000382775032623973,-0.000313627389243147,7.70580168418108e-05,-4.46473823122692e-05,0.0023673049658779,-0.000371798591276019,0.00264503387303502,-1.71366264947614e-05,5.64663230695362e-05,-0.000302294296255755,-0.000143658878484054,6.1137842556362e-05,5.92982337804901e-06,-0.000565583166680633,9.26854613099464e-05,-0.004975356656395,-0.0106365140309086,0.00119224451009743,0.156603415371297,0.0038317407175655,0.00105715490911529,-0.000312255483557712,-0.000701552161462878,8.88697271277492e-05,0.000153022283147937,3.00032595123331e-06,-0.00011270079022857,0.000259970010669337,-3.5763692596974e-07,-0.000355287462650801,0.000154601767751721,4.97199631632617e-06,2.01572399953625e-05,2.35953196471664e-06,-9.96884498217511e-06,0.000101278895641609,0.000195156603913978,4.44933948734829e-05,-1.94928540063773e-07,5.66276713206274e-05,5.00926381440037e-06,-2.73351929617872e-06,6.51695403511852e-07,-0.000274511068588197,1.5342156260841e-08,-2.99462437912219e-05,1.18485765387456e-07,4.0737117827505e-06,9.52386750500309e-06,-3.0042244381917e-06,4.25195758499348e-06,-1.41248128675857e-06,5.70181188366652e-06,-9.56274070135053e-05,0.000116226988004108,-0.000173624346360286,4.99877210180929e-05,-2.95314957417297e-05,6.83059488480528e-05,-0.000501240280869389,-0.00147855715422333,4.32903168589541e-06,-0.000122729824330325,1.28694427534541e-05,-0.000165661771793687,0.000453413210290363,0.0158488973288537,0.000121159496586501,0.00230757985340436,6.01291364403362e-05,-0.000668252584924904,-2.60121930195296e-06,0.00105084231346447,0.000191932480006717,0.000151232413635659,0.0279897325904455,-0.121819335365218,0.00999647352879943,0.00970807292408223,-0.329340121025458,-0.0193616993396233,0.000138899246054557,-0.000104153560976322,-3.8488773972733e-05,4.02470809418696e-05,2.08590643346408e-06,-7.87720643999054e-06,-3.732193915181e-06,-1.19793390035044e-05,-1.88425818662081e-06,7.77689251941776e-05,-5.15905957868865e-07,-6.11586651792066e-07,8.16967726011854e-06,-9.44779320608395e-08,1.04664028235101e-08,4.37678276315943e-09,1.3095521250372e-08,-8.53761348768088e-10,-6.87537930571064e-08,-1.17960036206571e-07,1.80627357329215e-07,-1.96854500185124e-07,6.40984016508159e-06,1.11534806990155e-07,5.57023881862996e-06,5.95296562085171e-07,-1.09090567991048e-06,-1.937411515658e-07,2.54547170335586e-08,8.73936308018885e-07,1.77458230363311e-07,6.55066562624489e-07,1.61588969307209e-08,-6.80070320467353e-07,-6.90604700822153e-06,-3.41165602475507e-06,1.37175764197234e-05,3.68953310209028e-06,-7.66128294986487e-07,-3.0204668090749e-09,-9.02222987300474e-08,-2.44576078904821e-08,-4.20258737046792e-05,1.05240816927539e-05,4.72841229222971e-05,-4.5704648917197e-06,-1.43934085099563e-06,2.80480902224293e-06,1.96414292727516e-05,1.65694533655428e-09,1.63409943806397e-07,-3.03265965700515e-06,-5.65408747850367e-06,-3.36333968261335e-07,3.48497216350482e-06,1.59951789142328e-06,1.59868817836578e-06,2.33571409017972e-05,-4.84727816220136e-08,-7.95632480697197e-07,-1.36466064759294e-05,-5.79558554281878e-06,9.07642740737118e-06,4.16768664620107e-06,-7.17688711815017e-05,-4.42568026581992e-08,-0.000324641203758645,4.70857802487603e-06,-2.36322748408587e-05,-4.09267072938504e-05,-2.36176809970262e-07,-1.77037495085884e-06,5.33998401362516e-07,3.4664527773193e-07,-9.25005998323458e-06,-9.03923840506189e-05,-2.63507546965073e-05,4.66312403303368e-05,1.18474184014023e-05,6.11889303139933e-05,-0.00110719369309944,-0.000127703790074868,-0.0254646609078431,5.41200343980472e-06,6.04449609912614e-05,3.08072089169851e-05,-6.42389626996174e-06,-1.12350528471682e-06,-6.521770923596e-06,-1.76444098394801e-05,3.89554669181262e-07,6.1000813450687e-08,3.54374576821948e-05,-2.40575660793501e-17,1.37555848037297e-07,-1.81061384390419e-06,1.71829006689233e-07,5.17407397074702e-08,-8.50941001859127e-06,7.50046899034035e-08,-0.0469311529213145,-5.7466625920796e-06,7.49641872454147e-07,-1.94333798712451e-08,2.64288440539471e-07,-1.74496695827396e-05,3.58733949014921e-08,-3.46083764280526e-06,1.40288078853067e-06,6.40931633735413e-09,-6.12749240236354e-10,3.59090638424675e-08,-4.57089185310822e-08,7.31551414717384e-07,2.12828582600233e-06,-4.34001798228354e-07,9.25599128737909e-07,-1.76473455020558e-06,2.06830745439971e-05,-1.28988126742391e-06,1.40383735830287e-06,-4.78188343677096e-07,1.02361066590789e-08,4.2188351005771e-05,-6.81302877102562e-07,6.69551486830604e-07,2.21850619662912e-08,-6.03087650219431e-07,6.11281626792989e-07,-9.22443217341289e-07,1.49910409395072e-06,-2.96273142334589e-06,2.42902199797771e-06,-1.85962700474196e-07,6.54706544973832e-05,-1.77597531528977e-07,8.40630329139822e-06,1.06369117112388e-16,-2.33981431147817e-05,-8.15830510076938e-07,-9.70403065606863e-11,-9.99135227098434e-07,2.89936979979037e-06,-0.000181952602061414,-3.65663318643178e-07,4.74787646829197e-07,-9.32231475625208e-05,0.0512876783298003,-7.79437812505762e-06,1.31380292291065e-07,-1.67796241294734e-05,1.83464249355933e-05,-3.72417026354933e-06,2.41566447233484e-06,-2.18622366806275e-07,-8.68415240763377e-08,-5.67444220036267e-09,-3.23803513299164e-07,-1.01247782366556e-06,4.98355705640252e-09,-2.899955615419e-06,2.35747125188695e-07,-8.8546583040481e-07,1.30756364798956e-06,7.33048592640571e-07,3.7592794414067e-07,-1.21070907082728e-07,-1.34550897177194e-06,8.73204311856623e-08,-4.18406805315552e-07,1.20376622503398e-07,1.14881462219849e-06,-2.34453350196617e-06,-2.74275070114573e-17,8.75410203566031e-09,4.69812467960363e-07,-4.38984033897943e-08,2.56289695179455e-06,2.85444947398475e-08,6.73459481529198e-07,1.57723765298958e-06,-2.05937964038097e-06,1.44952189161602e-05,1.84480383333848e-16,-7.15207942471097e-06,-5.77874270176613e-09,-2.47981165573598e-07,1.0338150610282e-07,3.12302333599895e-06,-1.31484380993939e-07,-5.1312196158082e-06,1.38652629008093e-06,-5.95122718637202e-07,9.19258342024063e-06,-1.26095903116064e-07,-3.46683035041741e-06,-1.6242308236406e-08,-2.32606109829177e-09,-3.51466652080111e-06,1.87200013695903e-07,-3.86569625197732e-06,5.12475249129955e-17,-1.0485147840055e-06,8.33703659580687e-08,2.4030018573726e-09,2.2019805372072e-08,-8.18315574923419e-06,-1.89541425163139e-05,8.95479520231277e-07,-3.29819527345853e-06,-3.17924774492877e-06,-5.33480709938459e-17,-3.9417914862012e-06,-1.43782999592507e-07,-7.20657513796869e-06,4.68161240072888e-15,0.0129963858210936,-3.45312976229892e-06,3.08217842913635e-07,5.62498646522974e-06,4.47400836409263e-07,-1.94671431137896e-08,-4.76728671005835e-07,3.76375401696085e-07,2.78944688524306e-07,1.86898729113981e-08,1.24219369521859e-06,1.59321657330308e-07,-4.05431020521161e-17,-7.44137233153381e-08,4.54446001725922e-06,1.25203053045675e-06,-1.96654541524016e-06,5.85252218050392e-17,-1.79308837389673e-07,3.47686043562605e-08,-9.65504289077695e-07,-5.79188834755339e-08,-2.20727296549202e-06,2.10585310732127e-07,-2.86201232138468e-06,4.7092495013807e-06,-1.94142812753331e-16,1.7821706676159e-05,-3.0122844823263e-07,8.53963441088397e-07,2.2537952423311e-05,-1.85717998996812e-07,-1.54284118094348e-08,-1.17961196366423e-15,1.22261348004024e-16,-1.5133703654801e-08,-1.7364507775441e-07,2.29378221832602e-08,-2.64570831694947e-06,1.43277865689609e-11,-1.29331616576026e-06,-1.54769347396382e-08,4.21715615550715e-17,1.32440895793492e-16,-1.23825649489075e-16,3.42195788173185e-06,9.03199906323621e-07,-1.00540360460944e-06,8.9793472171176e-06,7.25550066920567e-06,8.3426988527231e-07,-3.62693712860447e-07,-1.7921969908114e-16,-8.24231657191448e-08,2.34665677187924e-07,-4.83060565005964e-16,-2.13105254155757e-17,-1.557595414689e-07,-9.53961360494398e-10,-9.52165242290332e-08,5.87671440300738e-06,9.75128378882211e-08,-4.10661442355539e-07,-1.95472864961197e-16,-2.24154569158146e-06,5.63958024780791e-16,-4.8104964188937e-06,-1.55257751099924e-16,-1.135762266803e-07,1.56576742315037e-16,4.74086715280393e-07,1.2526035716556e-07,6.11114947297038e-07,1.30834785482514e-05,3.59299162262935e-07,-4.21322259590222e-08,2.71856269509831e-07,9.90516890145472e-08,5.35200198817194e-06,4.99780449842436e-07,1.0317551652996e-07,-3.00957941060012e-07,-5.95406870134276e-06,-4.95681606913427e-07,-1.54415494182003e-07,2.84853067143075e-16,1.50814350443899e-06,-2.71528122680987e-07,1.61554627471032e-07,-2.9369451152981e-17,3.31177346813823e-07,1.55893525199137e-05,3.20589864633079e-06,-6.87358977964613e-16,-7.9150337498634e-07,-5.08326235633175e-06,-5.20522292675233e-16,-6.27060547192071e-07,1.91198655643332e-06,2.77621755092755e-16,-1.14444175768913e-15,-8.26944708867406e-08,-5.03339525686379e-06,-3.11197416102006e-08,-4.80511947289951e-05,2.78474954093615e-05,4.70237787688554e-07,5.29962899827478e-06,9.51877099477728e-06,-0.205557401066784,-1.29151897509949e-13,-1.13130352893432e-07,-7.413034944715e-07,-1.34228969825558e-06,-8.85501934062365e-05,-1.14576258667399e-14,-3.62419211863692e-16,-2.06481741494e-05,1.265276305816e-16,2.56963554148126e-15,-2.96454931841832e-06,3.88417870887023e-06,7.2551512077088e-07,3.44620247298801e-07,-1.44908166635416e-05,-3.76364844852664e-06,-1.12398965048161e-06,1.98164387122354e-16,-1.84130064204525e-06,-8.06800043769057e-08,-3.6269748569867e-07,2.96698362352091e-07,-9.91642550491426e-07,-2.0701070670744e-18,1.85777979142192e-16,7.42075380597608e-18,7.7694406110058e-07,3.06582389962045e-08,3.17634965922539e-06,-4.84263418523569e-16,2.14905816682181e-08,-1.10293567998143e-16,-5.56655314222439e-17,-2.4995112334727e-06,1.00343224185205e-06,2.53269627492614e-16,1.38185709187686e-06,6.10897911520136e-08,-1.73410636780994e-16,-1.25612023519306e-07,-5.54116510089421e-17,-4.40653837278332e-07,1.75867478438149e-16,-4.35023539712503e-07,-3.35894486187347e-07,-1.20508234255451e-08,-1.2460824817194e-07,-8.31529691370654e-07,3.3554834921257e-08,-1.42248551839793e-06,3.52778229145664e-17,-4.29660675386635e-07,2.37346187337785e-08,2.3169134192814e-16,3.03798970255302e-09,5.8713250907592e-08,-1.29995983967775e-08,-1.9343270013362e-17,-3.57660371891921e-08,-4.68835939878864e-08,1.02983561625973e-16,0.000114282416139154,2.13234927998019e-07,1.02443373638616e-09,-1.12673016316486e-17,-7.19674921792913e-17,-1.44154431924053e-08,-4.33482872139862e-08,-3.41445397085824e-09,2.30181017737006e-09,-9.64601850365412e-09,6.21679199070441e-17,1.65357548546183e-16,-3.02964634667967e-08,-2.04574509619949e-10,-1.71807262480559e-16,-5.21462399222053e-08,-3.38000572713893e-17,-1.57222952576001e-09,1.76233160438167e-09,8.38533138467841e-10,6.08001342270248e-10,1.34851060387697e-16,-9.66569184307515e-18,2.28251203293494e-16,-1.71122943076121e-17,-3.03798708749051e-10,-1.13777191734259e-09,-9.66526718651241e-16,7.03299211571869e-17,8.52043383961874e-17,2.02279050588539e-09,1.97906654382733e-11,-1.32690527899012e-09,-1.93820253161468e-17,-8.23993651088983e-17,1.47668335892526e-16,-8.96594032087644e-08,2.77665859441883e-09,8.01140948156824e-17,5.51854199797818e-10,-1.51050615874309e-08,4.27232311056537e-17,3.08852716771158e-16,-1.27547621267545e-07,-1.18747391190847e-10,-6.70189309836676e-08,-2.7393683857078e-16,7.36569083230785e-09,1.98696930833921e-07,2.24765617952484e-07,-1.36420975921134e-07,-3.37145071538549e-08,5.65935592621323e-10,9.50496782899497e-17,-3.29796030510843e-16,5.346300183037e-16,1.25533824039676e-08,-1.13902744750639e-08,-4.8377544139049e-08,-3.73271412375823e-09,2.32978585403125e-17,5.18021022177976e-17,-5.56098041161711e-17,1.64961391302936e-16,-1.78582969196263e-16,1.92539270586306e-08,1.09709427945842e-16,-8.07800025191818e-17,-3.54904117108167e-08,4.80123106441982e-17,-3.18170275502231e-08,1.30127125105738e-16,-3.9544152918182e-08,1.54598467559105e-16,-5.01768994399026e-08,-6.34732663791372e-09,-5.31838344123524e-08,7.02038668814288e-17,2.11139764961323e-07,-4.07691289940834e-17,5.00798772039191e-07,-5.22514161685502e-08,2.89786692398121e-10,-3.32156217370092e-17,4.76845569656799e-07,1.56546162872385e-16,-1.9382413651297e-07,-6.17829559400962e-08,-8.33727981100167e-18,-1.65472066236924e-16,1.43828695555174e-16,2.07808618205363e-17,-2.35100996001761e-09,-3.08134795744931e-08,-6.93212488848451e-09,2.45313476575304e-16,3.73267484508452e-17,-6.86767313951865e-09,5.6108203881633e-08,-4.29635619401328e-16,4.14928770676002e-16,-3.42166493876917e-08,-1.3154305995704e-16,-2.44693487811263e-07,5.02252440343483e-16,2.14621424837342e-07,2.65427192602238e-16,-7.28237202653654e-16,-1.11357838421944e-16,-4.77368132084947e-16,7.30325694032387e-17,1.60962998800107e-16,4.34781628804248e-09,-3.04279906091571e-08,-1.66942265999534e-17,-2.0578516283298e-08,1.39655094011431e-06,-5.12214637056818e-16,8.94204613080979e-17,6.90163465743683e-16,-7.59059685370589e-19,8.88159875439605e-08,1.43164006849007e-08,3.18397677708925e-16,-2.01593495106973e-17,-2.62886665053282e-07,-5.30362859998363e-08,-8.0609984291285e-10,-5.94810138294755e-16,-2.7266003050235e-16,-9.53754262805068e-17,1.91379065092817e-16,-3.45891398207648e-16,1.84294963859671e-16,3.70698324164414e-07,-3.52820414526506e-07,-6.82684145766128e-08,1.83913077766504e-19,-6.8553703100312e-17,-2.0641020842629e-16,-1.85383286401293e-16,5.07275842545101e-17,9.64966165351913e-16,-2.05089299650193e-16,-3.93694944131506e-16,-3.01314825793346e-17,4.23874139727594e-16,2.28880260203695e-16,7.99790945997424e-16,2.19049303610174e-18,1.3582949032543e-16,3.80264782051153e-09,-7.69796455056127e-18,8.78449687727664e-16,7.56449094829821e-17,5.47359092246684e-08,-7.30305651093655e-09,2.57953566663277e-16,-1.42170474494823e-09,5.14379477944041e-08,1.13193461287268e-16,-7.56885838464023e-17,-1.02010978831088e-07,4.23164204995998e-16,1.35117432619231e-09,-1.01337490629076e-16,1.24124114441516e-17,-1.17840979625781e-16,-3.47005989379591e-16,1.55451280129728e-08,-1.94474583986527e-07,2.70811073452584e-16,-8.81368299246815e-16,-9.39242175814353e-17,2.22175556827157e-15,5.47738937539677e-16,2.07538871049548e-17,2.95077947083312e-16,-2.76634031135081e-17,3.31983488627944e-09,1.51618263593936e-16,3.76432387418964e-16,-1.13057633972401e-17,3.03000394058005e-16,2.49257682332325e-17,-2.99483523004939e-15,-0.000817964285871275,1.77678171204534e-16,2.42706665196807e-16,5.45075500912843e-08,-1.52285146118369e-16,-6.55504828915839e-16,1.31044453552774e-16,-2.26347391624596e-16,7.5548248741252e-08,-4.38263092451084e-16,-7.10095696177107e-07,-1.7025449026998e-15,-4.89724333835842e-16,6.72953613218222e-16,-5.50476717431792e-15,-2.3768568651058e-15,-3.63202331249863e-15,3.98244660763391e-08,-1.92758927388781e-15,-1.20326068241446e-15,4.00108546389702e-08,-1.02790374757466e-05,-6.15182627855222e-16,0.274184357876357,-3.09211534532671e-06,-1.56295882705164e-15,5.56232518053963e-16,2.47819361632659e-15,-1.08887310537404e-15,1.61640753101323e-15,2.24165246444882e-07,1.17376646815781e-15,-1.79591294720469e-17,7.20318700178838e-16,-6.33589565676983e-08,-2.77458550397021e-16,7.65133606073162e-16,5.41100670015809e-16,2.42047033057295e-16,1.86222523777361e-08,8.50926923895464e-16,-4.43950677463823e-10,3.89170443729346e-16,1.55696936483073e-15,9.61679659653906e-16,1.3825875527776e-16,6.98091762357491e-19,2.1351757371357e-16,-1.17821886452778e-16,3.39748119046773e-09,-3.90485400436826e-16,-3.71457238151842e-16,-1.10249089666394e-09,-1.91214190076658e-16,5.14031809739304e-17,-1.7195938792318e-16,9.97401588324851e-17,-4.02411834667057e-16,1.22629803534265e-16,1.98226653219633e-09,1.41522563176069e-16,-7.9032040234407e-16,5.5926397425811e-11,-1.47480934075934e-15,3.88838933093316e-16,-5.19642551447926e-16,1.2206114901277e-16,-3.93857643301278e-16,1.09321830081642e-17,2.39107850767054e-16,8.87579347326849e-17,8.54479754733726e-18,2.60681504881958e-16,4.6488360351595e-16,-9.98057538653343e-10,3.6216319379529e-09,1.11067579490133e-16,-5.69440667112064e-16,-1.91212964129855e-16,-6.95296993278778e-17,-2.38090797077817e-16,8.70683345773987e-16,1.65038156650315e-16,3.22241617015302e-16,-7.72752242025527e-09,9.64922989053341e-16,-5.10729132316663e-17,4.62947055507151e-16,-8.60046139549452e-16,6.77139983643491e-10,1.39985279944643e-17,-1.25086493479652e-10,-3.05268767842752e-16,-6.22729246399826e-16,1.2661152078764e-16,-1.60811199604188e-17,3.71276593554232e-16,-9.24906715621267e-17,1.45688543566884e-16,-1.74256455918499e-16,4.018396057616e-16,-5.2297022352379e-16,4.23882132375137e-16,1.39227728218118e-16,-3.21010347973234e-16,2.50116919585846e-16,5.13260741945571e-16,4.27544596752547e-16,-7.43259052306107e-17,1.34085387548504e-16,-2.12990493934858e-16,-3.2399613711676e-17,6.91287305176758e-16,-9.28527708919788e-17,1.16206356061404e-16,1.2431039846984e-16,1.05494510493042e-16,9.11381451207883e-10,2.17747656416733e-16,-4.75140442802702e-16,2.96695325441501e-16,4.8255545491932e-16,3.05518249386903e-16,6.37580778135559e-16,-8.9349777733398e-16,5.3272618063776e-16,2.08295561563487e-16,-1.5423139439713e-16,5.65086172299445e-16,-3.35635683265593e-16,-1.5065387057317e-16,-1.08903457197112e-16,3.52685785554068e-16,8.17654243561548e-16,-6.14855318222215e-16,-1.35532811315246e-08,4.6544376562793e-16,-1.98241381839556e-16,-6.31165913030137e-16,-2.23451124785508e-15,2.27111281968606e-15,-6.92804449086217e-16,-3.23973760331699e-15,4.10794632234233e-15,3.49037407378673e-15,0.407094143623971,7.26949754184033e-16,-9.53305282848991e-15,-4.3603166045789e-12,0.707106781186551,3.92903237683025e-14,-1.14178980317341e-14,1.13930435587521e-15,3.45613341832194e-16,3.71924777283953e-15,-2.22282777072903e-15,-2.26151431378546e-16,4.18805765088689e-16,-7.89180040383825e-17,1.56676687670006e-08,2.74640568750563e-16,9.90596508897483e-16,3.52727635105324e-17,-3.75567632548979e-16,-4.48016031271473e-09,2.69495711358709e-16,-9.06592899916782e-18,-8.19096868382304e-19,-1.66696551086911e-16,-4.81862562876625e-16,-6.18188760052746e-16,-8.13125616529562e-16,1.21799036496982e-16,-3.24931359265186e-16,3.94482370785246e-17,1.86002589332028e-16,2.14002456713169e-16,5.37111950670079e-17,-1.64393927827119e-16,-1.19599268169668e-16,-5.10088047447261e-17,6.72793392930424e-17
"t27",0.0232309935809512,-0.00179070936183444,-0.00156079121450311,-0.00020530342170385,-0.00549518990527676,0.0347277930694367,0.00562658989872609,2.78987694018923e-05,0.00125756028643584,0.00625742361405614,0.00434166906539024,-0.00891021236067572,0.0202884271656478,0.00463980257829605,0.161453142100212,-0.00607243559598685,-0.00581837723266278,0.00162796330504918,-0.107114227239579,0.0120432723021678,-0.00117741072032264,0.000187098691058774,-0.00390929307017809,0.000620830640459934,-0.000106433189853745,0.00421606566417006,-0.00277113388486666,0.000295520304879179,-0.00236123780585124,0.00684287288389262,0.000178171363085197,-0.00640911955807745,-0.00030602491182282,0.00250670571532105,-0.000236288443316999,-0.000184454261645035,-3.21077136347579e-05,7.34736116084424e-05,0.000338110275978362,8.19388107714368e-05,0.000228165355341985,-0.000377040400294606,1.689743142093e-05,-0.000286161351008713,5.91850467168056e-05,-9.37708308473195e-06,1.57488375620862e-06,-2.2208216724965e-05,0.000261150211508838,-0.000412105777038024,1.70786759013921e-05,-1.29908265244398e-05,2.40312746072389e-07,-3.64987663228553e-06,1.35040926463938e-05,-0.000178150975825182,-5.37983179597513e-06,5.83958047364278e-05,-0.000225125888653303,3.52773382141956e-06,4.31609017691278e-06,-6.69187318492691e-05,0.000162542224640695,-0.0001236387647901,0.000118128510761904,-3.285438920987e-05,2.41747117738287e-05,-0.00141052620077854,0.000231110812364123,-0.00176971719781563,1.61722194022498e-05,-6.69958649163818e-05,0.000370930264953043,0.00018875837855619,-8.10162661636651e-05,-8.09035636696683e-06,0.000780620528636571,-0.000135341739071301,0.00823821024445464,0.0185217061916006,-0.00226223323355679,-0.302735306551814,-0.00849504796411773,-0.00244383202638653,0.000867776847474526,0.00205408791068826,-0.000274607090769709,-0.000477039702033838,-9.37505939667468e-06,0.000354212959244333,-0.00083443560123735,1.41697365485874e-06,0.0014370254158852,-0.000724147278241296,-3.13303339947863e-05,-0.000133738854497851,-1.56935979168799e-05,7.64689840410444e-05,-0.000823236971897223,-0.0020407998680332,-0.000604756836158437,2.72177485599716e-06,-0.000815738505885511,0.000166167055614256,-7.22631246634498e-05,1.48614522860132e-05,-0.00502225359113714,2.65898968389276e-07,-0.00047449733666715,1.66007219446732e-06,5.49874549373749e-05,0.000105365513611816,-3.25273111138876e-05,3.09529709254763e-05,-9.58063844795352e-06,3.35074699538804e-05,-0.000529187332335066,0.000551058852522393,-0.000717483825144629,0.00018721872795944,-0.00010476252212352,0.000202198346293319,-0.00132423281642706,-0.00388934977735465,1.12040098019663e-05,-0.000282888072496917,2.9378913538658e-05,-0.000342115354190305,0.000695111873508613,0.0242129258031875,0.000180436515723091,0.00275115129964355,6.84150067635372e-05,-0.000734454957597494,-2.46050117976709e-06,0.000972348197321371,0.000120508127827163,6.14778512108364e-05,0.00343486845787404,-0.0140010469388887,0.000679400199387335,0.000428651964222403,-0.00198440628257442,0.00016436779771201,-1.20613464796285e-06,1.16616102429594e-05,1.21400938058705e-05,-2.10338679196812e-05,-1.19922278257214e-06,5.45084585452903e-06,2.61785148354156e-06,8.94914800150866e-06,1.45876201733465e-06,-6.26312005471238e-05,5.74279034958952e-07,7.14226839408688e-07,-9.86823092630324e-06,4.30095890380848e-07,5.79383372646561e-08,1.44003042732824e-08,2.43885701545665e-09,2.62594823448337e-11,5.44226843344123e-08,1.00246485474666e-07,-2.18837431223898e-07,2.88355344275515e-07,-1.2925132490754e-05,-2.26823981702602e-07,-1.13525174423127e-05,-1.25239693852424e-06,2.3776163093673e-06,4.24349265488764e-07,-5.94792735007935e-08,-2.08171565897621e-06,-4.3995817880018e-07,-1.63962939901736e-06,-4.06422982034521e-08,1.862575450927e-06,2.05076409969906e-05,1.02670448228035e-05,-4.18042097951547e-05,-1.16609041264172e-05,2.45490324746504e-06,9.80828536564315e-09,2.96645341441043e-07,8.37768732737618e-08,0.000145398239885696,-3.95837769473915e-05,-0.000178327411171869,1.770886692813e-05,5.99563017051636e-06,-1.23845108941358e-05,-8.84591878337522e-05,-7.68341309775686e-09,-7.74275415094693e-07,1.53086766970337e-05,2.89314046079379e-05,1.77085023526081e-06,-1.86117269707453e-05,-9.5186086885246e-06,-9.56178255175768e-06,-0.000146166271248109,3.1707679516793e-07,5.78658155639939e-06,9.92993529756244e-05,4.25861467336015e-05,-6.87216810125117e-05,-3.22196610596202e-05,0.000586496428583324,3.87610486200632e-07,0.00300812638630711,-4.440187540313e-05,0.000241457183389165,0.000437567684319506,2.5281297100058e-06,1.96424590936744e-05,-6.50370402314416e-06,-4.30000580950964e-06,0.000126886892243915,0.00133356493815784,0.000398949446737646,-0.000789060970913107,-0.000206104168970476,-0.00109795242705342,0.0219327746949221,0.0025831541199728,0.51776448082195,-0.000124093745438681,-0.00150054200318278,-0.000841564709868848,0.000183827742600009,3.38152083646367e-05,0.000206309514549509,0.000566359640783903,-1.44820105690419e-05,-2.5203778589003e-06,-0.00167057855110674,3.56382736592073e-16,-8.23019477713853e-06,0.000114812190729757,-2.01742090997311e-05,-4.72039303507255e-05,-0.000990831781317151,7.98413739829057e-06,-0.0847872006364434,3.26757740242785e-05,-6.71681591723189e-06,4.68928464293547e-07,-9.2247941500446e-06,0.0010333442059684,-2.65085546790204e-06,0.000280801725530918,-0.00020428211685663,7.99011169616185e-07,-4.99316002051942e-08,2.29120130198579e-06,-1.99931018876901e-06,3.13030060164248e-05,7.50288705471777e-05,-1.39127629926779e-05,2.62234570706882e-05,-4.81722627995324e-05,0.000543589815342474,-3.22159269865695e-05,3.26087282725078e-05,-1.10181024779923e-05,1.98583034403567e-07,0.000815357732835867,-1.31112387538993e-05,1.23225893537905e-05,4.01625248076654e-07,-1.03639757329695e-05,1.04040526916068e-05,-1.14587843793275e-05,1.79566069245154e-05,-3.44623077523103e-05,2.63622280064425e-05,-1.90476152366277e-06,0.000581988990478883,-1.50918374045264e-06,6.88241189817948e-05,-1.22182162498864e-15,-0.000166179512577288,-5.67471814782448e-06,-6.27669269136969e-10,-5.17065177507945e-06,9.00642300938176e-06,0.76655249612323,-2.74651166685377e-06,5.50300108424874e-07,-8.53654929369173e-05,0.0435753282994509,2.3240727131237e-06,-5.40499473482051e-07,8.22050653792703e-05,-0.000100430811771338,2.82037289013374e-05,-5.05077525461046e-05,7.12253070731927e-06,2.9097286145843e-06,1.9173641904152e-07,0.000116912701642128,-6.1833471069025e-05,2.71838863222542e-07,-0.000137700333216389,9.75239895813083e-06,-3.52910973939361e-05,4.06671093297516e-05,2.245369198828e-05,1.12077927287006e-05,-3.5458105806423e-06,-3.72922303996542e-05,2.28922728655859e-06,-1.04632076022653e-05,2.95218089640902e-06,2.72960986431513e-05,-5.23430652033479e-05,7.49646921748307e-17,1.47627647936516e-07,7.75102596603031e-06,-7.01836466183298e-07,4.09378188966294e-05,4.55513078775332e-07,1.06673299021305e-05,2.46401189779557e-05,-3.16600008407954e-05,0.000215945593898749,-3.5661006686919e-16,-9.96268525662968e-05,-7.98602656351691e-08,-3.37012970458199e-06,1.40221199842409e-06,4.0700852332658e-05,-1.67743164084459e-06,-6.35649884351259e-05,1.6838859739076e-05,-6.92979614372224e-06,0.000103034398321464,-1.37933685637322e-06,-3.74034909243792e-05,-1.73734127988828e-07,-2.44992249662148e-08,-3.69548093888157e-05,1.94660711792931e-06,-3.98494662127086e-05,3.02933727907651e-16,-1.00887338720649e-05,7.8973067009578e-07,2.27590017013727e-08,1.98608220462603e-07,-7.32105182939426e-05,-0.000148780212314152,6.63423449965214e-06,-2.41074397998858e-05,-2.18823785080363e-05,-3.26366257653949e-16,-2.46718274023864e-05,-8.58657336381711e-07,-3.18909822597398e-05,1.80259075119741e-14,0.00675095577663967,4.88128346352236e-06,-8.57429007330018e-07,-3.98347676448796e-05,-1.39218420962255e-05,-7.5320510229015e-06,-2.40603687756676e-05,7.66150846822337e-06,5.42378041425249e-06,3.0059906474082e-07,1.66655978899518e-05,2.12347420442133e-06,-3.26822634444746e-17,-8.39156520623951e-07,5.02813928983596e-05,1.3358199464452e-05,-2.00625942597792e-05,-1.35539571007217e-16,-1.70205981700387e-06,3.10643018995582e-07,-8.42735139321899e-06,-5.00360096517242e-07,-1.88421734929058e-05,1.76000242913164e-06,-2.31630090618809e-05,3.54688101421656e-05,-1.16616644960678e-16,0.000126630917408782,-2.12982539672972e-06,5.97638942591277e-06,0.000155521966266216,-1.28015769552694e-06,-1.05928039457466e-07,7.63278329429795e-17,-3.47170320260586e-17,-1.01577026458536e-07,-1.14293843809485e-06,1.50611746190748e-07,-1.70717543748656e-05,5.76329725738709e-12,-8.03379964620971e-06,-9.45290662678638e-08,1.99303811242132e-16,-1.70773569200135e-17,8.51438557031651e-17,1.98180622318771e-05,5.1952134473064e-06,-5.64757542812209e-06,4.94261049124999e-05,3.98420401661737e-05,4.48206505421108e-06,-1.9436069956484e-06,-9.01255586668026e-16,-4.22151435698486e-07,1.18251031995381e-06,-1.8436978041788e-16,4.3469106426877e-17,-7.34974806488068e-07,-4.42826468956294e-09,-4.32235943186509e-07,2.6274431276726e-05,4.23183410493044e-07,-1.77348383722686e-06,-2.68625457871004e-16,-9.61548549281612e-06,-4.85170257750061e-17,-2.02347438054689e-05,-1.36392633298676e-16,-4.70775878873416e-07,8.04565826602294e-17,1.92809442386894e-06,5.07452141705994e-07,2.34787146586295e-06,4.9681183481746e-05,1.35763231744108e-06,-1.55768052800846e-07,9.8582038011945e-07,3.42812473853458e-07,1.85151084978129e-05,1.70345753880994e-06,3.41981751199425e-07,-9.59508259652588e-07,-1.8345318468404e-05,-1.48523901764791e-06,-4.56213652101995e-07,-2.0848266916908e-17,4.25878432651745e-06,-7.32271747553375e-07,3.76319606939399e-07,4.15650185019535e-16,7.35391044863593e-07,3.20204740418044e-05,6.35413415200991e-06,1.62215895280489e-16,-1.53927386142179e-06,-9.12622334182909e-06,3.11904977110618e-16,-1.07907593346978e-06,2.40536335764946e-06,-1.1316951474904e-17,-1.84975337258589e-16,-8.84229939838335e-08,-5.29560699005743e-06,-3.02201599812132e-08,-4.20357646938577e-05,1.81625678527067e-05,2.97495746662017e-07,3.20562299975056e-06,2.80858735887051e-06,-0.00647196266085318,-2.78119541285982e-15,8.01943704976236e-09,6.57050977561211e-08,2.03099399295042e-07,2.01439586377811e-05,-4.50781512827611e-16,-2.40773345727183e-17,6.88166532931672e-06,7.49695316483478e-17,-7.46639579922301e-16,3.08488530234692e-06,-4.54833408339592e-06,-8.5157793828977e-07,-5.0603998004435e-07,2.18716447103496e-05,5.713740102294e-06,1.77052733509871e-06,-3.11952472122975e-17,4.07977366134903e-06,1.90491510556962e-07,8.74029210267134e-07,-7.88669329027118e-07,3.11149249533855e-06,-1.13612811047811e-16,7.14542247375541e-17,4.72333186374667e-16,-3.02761309416029e-06,-1.30418697890022e-07,-1.3600856687622e-05,-5.72774216896021e-16,-9.98661495696669e-08,4.90055956938638e-18,4.23893735193352e-17,1.63062633161935e-05,-6.57316637575954e-06,3.46944695195361e-18,-9.8070088732606e-06,-4.54144444174929e-07,2.43513414625365e-16,1.02655776902703e-06,1.40356256056541e-15,4.037361071253e-06,-2.37412079169079e-17,4.02710463543298e-06,3.13442259134938e-06,1.1347513982344e-07,1.18825988610607e-06,8.15840352506718e-06,-3.66818332683642e-07,1.81719755512561e-05,1.90559011637851e-17,6.75808337976792e-06,-3.82272465434622e-07,-3.2242743485103e-17,-5.05320150822639e-08,-1.03810174662025e-06,2.43737767680058e-07,-3.77486721823148e-18,8.92424477627023e-07,1.34312933791982e-06,6.81533490990847e-16,-0.014700194069453,-1.15742357584595e-06,-2.29110421633336e-08,-4.84403046731395e-16,2.1275066895577e-17,4.63113925917279e-07,1.59483493058746e-06,1.29265902696926e-07,-1.90403849107672e-07,9.63586056227807e-07,2.2619436347669e-16,4.24666411510308e-18,3.51947893861874e-06,2.42608065639008e-08,-1.46518453625385e-17,8.51077241651002e-06,6.9777168017707e-17,3.96919342396513e-07,-1.62960633991512e-06,-9.52167029181894e-07,-6.31255199851074e-06,-9.26729293121955e-16,-1.2275229725594e-17,9.28763091926164e-17,-1.16535743794513e-16,-4.57049741767818e-08,-1.58527519875662e-07,1.87045997404672e-16,6.49204419254456e-17,-3.39262310723148e-17,2.23082337734468e-07,2.00451774083516e-09,-1.10331967063673e-07,6.72492238360635e-17,-9.28077059647592e-17,4.94179350218893e-16,-4.72551189619125e-06,1.44592454395681e-07,-3.07647069543477e-17,2.53502796441291e-08,-6.6294289257384e-07,-2.29884577504491e-18,5.3910193478994e-17,-5.07379509349382e-06,-4.68899112227528e-09,-2.51198145838626e-06,2.27744365097095e-17,2.54824472780894e-07,6.59878026542502e-06,7.07483148208096e-06,-4.01300123921951e-06,-9.7484960688821e-07,1.58612518832083e-08,-3.14333072846399e-17,-2.51445210792841e-16,-1.71468419141137e-16,3.00747610095376e-07,-2.72290561497905e-07,-1.13607207346907e-06,-8.05778353553432e-08,1.38228989740634e-16,7.43680795890306e-17,8.33922670642066e-17,-8.25157938333939e-17,5.31074041455698e-17,3.83884569075747e-07,-5.10305802252244e-17,8.88071848394626e-17,-6.87303939169036e-07,9.13305486551714e-18,-6.15226729982755e-07,1.64529227740719e-17,-7.626857944129e-07,-5.18998712744919e-17,-9.22386849500233e-07,-1.15399136248655e-07,-9.50981901626314e-07,2.27269648559899e-16,3.70044931402466e-06,7.8551977382783e-17,8.41190289761804e-06,-8.325754603323e-07,4.60716568512811e-09,1.53698541737754e-16,7.42668632213763e-06,-5.01378317467937e-17,-2.92411339475421e-06,-9.30648220993711e-07,1.09877277688681e-16,3.3142118123981e-17,7.81041571411333e-17,-3.2085072833383e-18,-3.45164737437406e-08,-4.49366509868699e-07,-1.00313773490036e-07,1.15042060700062e-17,1.76705190334119e-17,-9.58120356258172e-08,7.81517385632646e-07,-2.03999171835238e-16,-2.76502072287386e-17,-4.55807832154823e-07,-7.96754849701415e-17,-3.22906286417609e-06,-1.59865348003672e-16,2.75640123384181e-06,5.06516521425278e-17,-4.7966972012688e-16,-2.5428112783441e-17,1.05819661567923e-16,1.59370103285894e-17,-5.53845067729618e-17,5.28633834188176e-08,-3.69696978932093e-07,-2.10493394473144e-17,-2.45288349947812e-07,1.65133921298282e-05,-4.61756428797601e-17,2.56914917343618e-17,6.63705261218388e-16,-3.76797656363377e-17,1.01430159928246e-06,1.62164807367913e-07,2.33575048204204e-16,-5.62754606475828e-18,-2.95063767478903e-06,-5.94568071639549e-07,-9.00043064367655e-09,-5.2184919298152e-18,9.87105270655853e-18,-8.62552663601232e-18,1.633203720749e-16,-1.02024243840294e-16,-5.39975694649307e-19,3.86984802658293e-06,-3.65938708558854e-06,-7.03488485248609e-07,-1.97101925419177e-17,-2.01579510608602e-17,-2.79031990242784e-17,3.80995739062787e-17,2.15734495988126e-16,4.20338836971289e-17,1.73696017435691e-16,5.81029582623322e-17,-6.73997189538938e-17,-5.69220471910304e-16,2.67236882417718e-16,1.31425596376819e-16,-1.19515417436071e-17,3.26006768234338e-17,3.48279966330564e-08,6.60324879279761e-17,2.52949530855631e-16,-1.96902914656682e-17,4.92732608161271e-07,-6.54758815741163e-08,4.64895681499595e-17,-1.2714131015786e-08,4.49907183622414e-07,3.05085299170456e-17,3.35613574167202e-15,-8.66812073607547e-07,-1.87788222611319e-16,1.10566711084204e-08,6.47112132495128e-18,3.60486391502402e-18,2.12181850427698e-17,-3.28964639300035e-17,1.19117453853771e-07,-1.48307423079711e-06,5.81279156879545e-16,1.79567497285853e-17,1.72201917189511e-17,3.40898219269257e-16,4.98732999343332e-17,2.07323544579596e-18,-2.33764320517543e-17,1.07658700795927e-17,1.77490951391241e-08,1.07641313370563e-16,-4.75623000219669e-18,-6.68693699264362e-18,8.2311470694518e-17,6.09049777998867e-17,4.33923060080155e-17,-0.000349738475788326,7.52215364425791e-17,-1.55849237743257e-16,2.59708193003797e-07,-5.7514914469911e-17,5.22972285285956e-16,3.15190450219646e-18,2.85113208331357e-17,2.16591647508736e-07,-1.7913464083024e-17,-1.76065436671524e-06,-2.62678218286472e-18,-1.83007903627856e-16,4.12975351762172e-16,-8.2917749272618e-17,-3.69893461417174e-17,2.64561368655862e-16,6.3572156579268e-08,-2.30315665371383e-17,8.878850699327e-19,3.25910675470537e-08,-7.93819209367599e-06,1.85275944886832e-17,0.000500511471319356,8.06142178724093e-07,-1.16785584815812e-17,-6.70189936412675e-17,-2.57269422561323e-17,1.02265196587482e-16,-1.90338335815689e-17,-1.35810199233262e-06,-1.03087744371776e-17,9.70799292879872e-19,-2.0898083261578e-17,5.43257713668466e-07,1.72454409449144e-16,-1.53813087186114e-16,2.43710723781593e-18,5.76002071364589e-17,-2.4722617729531e-07,1.34527727896844e-16,6.75451921592877e-09,3.01594496809784e-17,-1.3734903546334e-16,-5.37162548595779e-17,-7.11048442801407e-17,2.78525467436728e-17,-8.80049098722468e-17,3.28534602190703e-17,-1.16974861155435e-07,9.61513843071009e-17,3.12617161844692e-17,4.91547383245841e-08,-1.11245991909718e-16,4.33413025224659e-18,7.71805505386714e-18,1.88703722805135e-17,2.62832014681333e-17,-9.87180491372733e-17,-3.55822252644185e-07,-6.57343624465464e-17,2.3031848018349e-18,1.05884627441996e-07,-4.14381777002844e-16,7.71599646425474e-17,2.62874246287073e-17,-1.1295771101388e-16,-1.33300521463416e-16,2.33544903014081e-16,2.54731093845289e-17,-3.33649446489548e-17,6.71122336016078e-17,6.82559910240867e-18,-4.87352103673624e-17,-5.54183330271241e-08,1.83717582383946e-07,-4.16252874248918e-17,7.91017202067441e-17,-2.65971824197688e-17,-1.19624685423241e-16,2.62376925741492e-16,-3.26076766077588e-17,1.74694084398827e-16,-1.20505972265381e-16,-2.79733925606016e-07,-3.7690173517421e-17,-1.33951495528665e-17,-1.61507021920667e-17,-3.16986568031152e-17,2.03305926267972e-08,-8.85712099810988e-17,-3.21951272172757e-09,4.31669064998165e-17,-3.68396633104259e-16,-2.38050758306191e-17,-3.85609771465778e-18,1.19967132055873e-16,7.37922752316636e-17,2.18480948645044e-17,9.88999603691167e-18,4.18831850815507e-17,9.12843419041797e-18,2.01831424585955e-17,-3.88917597497872e-17,1.6600632039397e-16,4.31888215690013e-17,2.51179616445699e-17,6.43507236452605e-17,1.33200423476286e-17,-5.06683176578804e-17,5.82760650835914e-18,2.47969064013206e-17,1.10588621593521e-16,4.89061239184153e-18,-3.20367436940728e-16,-1.45525093540537e-16,1.11005619595608e-17,1.67581350884806e-08,-5.18138333516767e-18,5.34163468039172e-17,2.86369774239557e-17,-1.95851571077202e-16,1.40695504864117e-16,-2.33319793626314e-17,3.1634115864026e-17,1.85138095018127e-16,-1.313047484731e-17,1.7389579344052e-17,-1.56558793706907e-16,-9.27828613463934e-18,-6.3714914711199e-17,5.59124332462537e-17,-1.07817143094109e-16,7.65779234356808e-18,-6.89322132981566e-17,-2.14968569314279e-07,-6.20717229105512e-17,1.29612222767486e-17,-3.2661814760556e-17,-9.49891492539551e-17,-1.8716807162681e-16,1.69235902735717e-17,3.91215504355779e-17,4.47031651926216e-17,8.76267541887373e-18,3.98137156010203e-06,9.3901931986174e-17,-3.82809614714341e-17,-7.59326064841808e-17,-9.17602438485594e-17,-7.7930035136574e-17,-4.39614648650919e-17,-1.20551367139898e-17,1.03959951544955e-17,-4.56970141628808e-17,-3.48104854176358e-16,-1.90137362881398e-16,7.17436181710417e-18,-1.3691730476701e-16,2.28263612174492e-07,-7.75485598995733e-17,4.80739131176916e-17,6.58224953422513e-17,-4.56665955050894e-16,-6.24915877295414e-08,-1.36982300885994e-17,3.92073643789361e-17,5.14295549667892e-17,-4.29852826168679e-17,-7.99624187771563e-17,3.04528017486491e-17,3.81921938337971e-17,-5.28731311580736e-17,6.9398729780687e-17,5.69766518268617e-17,3.4794416557234e-17,5.9108045031193e-17,-7.55265569776894e-17,-8.98321982552593e-17,-2.53566142559482e-17,3.08540397106522e-17,-9.60461326563613e-17
"t246",0.0232914533180809,-0.00180056889658434,-0.00156966489528922,-0.000206871840346075,-0.00554670719599259,0.0351105833705662,0.00568984535273184,2.82377593883773e-05,0.00127565916306807,0.00636706135870255,0.00443877437155337,-0.00915741386290372,0.020868370792143,0.00477451383083277,0.166353072207303,-0.00626805542525836,-0.00601047945675976,0.0016827291481126,-0.110804765403668,0.0124958032967032,-0.00122545556860196,0.000196415714200115,-0.00411563007648218,0.00065379894351697,-0.000112108967519463,0.00445240409184546,-0.00292844843234451,0.000312458623292369,-0.002500489011997,0.00732622329186314,0.000191675777193803,-0.00691932688028074,-0.000332345956473399,0.00273375890704993,-0.000258922936021651,-0.000203730955153339,-3.55117311140254e-05,8.14047142988741e-05,0.000374891582890715,9.10046628295952e-05,0.000254245653410625,-0.000421345450346146,1.89173138774368e-05,-0.000320416824535152,6.64136139357074e-05,-1.06082574792326e-05,1.78617419631561e-06,-2.5217917691777e-05,0.000297545936451401,-0.000471280458173744,1.9628958590389e-05,-1.49659537031912e-05,2.7694596567552e-07,-4.21876197745016e-06,1.57011218611794e-05,-0.000207321577534287,-6.36556801081843e-06,6.94190454926212e-05,-0.000267772426823803,4.24548329561311e-06,5.24172657447793e-06,-8.16435876496149e-05,0.000199053769762405,-0.000151555437437402,0.000145834726928168,-4.08242954408915e-05,3.04825798555941e-05,-0.00179060094337564,0.000294311276866066,-0.00226663816506588,2.13741184745659e-05,-9.08099688401633e-05,0.00050479340017575,0.00025903193777263,-0.00011129559443403,-1.11548124574186e-05,0.00107787910555658,-0.000188238497748206,0.0116515949348224,0.026377733517382,-0.00326071099648363,-0.437506051927348,-0.0125207193613852,-0.00362383906452494,0.00132165038137604,0.00315203413396362,-0.000424644923540021,-0.000738608505488739,-1.45203293965759e-05,0.00054906747977599,-0.00129731243850707,2.26737533352145e-06,0.00230570530325625,-0.00118368211896305,-5.29482896354292e-05,-0.000227192769011992,-2.66664345418903e-05,0.000131682230526582,-0.00142479310130716,-0.00360111612500975,-0.00108457913402147,4.88841195498409e-06,-0.00146751792823391,0.000323463335233922,-0.000141558607057937,2.92572417561785e-05,-0.00997560280910887,5.29476107784683e-07,-0.000949080524155848,3.34316161870133e-06,0.000110985231267365,0.000215543265205843,-6.6648166805818e-05,6.57914069293623e-05,-2.05289697207364e-05,7.31030828002154e-05,-0.00116406495616889,0.00124050395896895,-0.00165261996001608,0.0004389755889987,-0.000248182952599265,0.000496922376424777,-0.00333595010417933,-0.00980732731940629,2.83546361042743e-05,-0.000735116217895614,7.65157733754948e-05,-0.000912292893880822,0.00199145744311491,0.0694269317537947,0.000520561314992876,0.00836567215200094,0.000210279921780033,-0.00227523584131562,-7.87835293509451e-06,0.00312803846928209,0.000417918870785745,0.000227745239786438,0.0140555960157345,-0.0574643319457441,0.00284010420125567,0.0018090251531773,-0.00850580232547717,0.000708779909955164,-5.2014632593354e-06,5.25717831087033e-05,6.0236419774035e-05,-0.000116473614800649,-6.84047740023855e-06,3.33172847977836e-05,1.60932181295548e-05,5.65789170226627e-05,9.38004277599827e-06,-0.000410717927936904,4.61636482849153e-06,5.95918506925467e-06,-8.46171664837317e-05,1.04536805220156e-05,2.61676556157216e-06,7.49957538154331e-07,8.55610558131362e-07,-4.98741276683089e-08,-2.49031176611185e-06,-4.09700037234907e-06,4.79471863562856e-06,-4.34255902076223e-06,0.000100739293630144,1.7376410954979e-06,8.65880457609415e-05,8.95942305371468e-06,-1.58499244383845e-05,-2.8012314313468e-06,3.45905020995067e-07,1.16664356443528e-05,2.28498673971825e-06,8.36413840355969e-06,2.05449424126282e-07,-8.05295951965888e-06,-7.69007208018328e-05,-3.76279005580644e-05,0.000149957455372553,3.93415248995395e-05,-8.09532360974621e-06,-3.16411661120484e-08,-9.3766432898149e-07,-2.47872670538795e-07,-0.000423416981653655,0.000101255045513759,0.000454302389163329,-4.33202125510001e-05,-1.31930607046824e-05,2.51003655903208e-05,0.000174450922472433,1.45616060564031e-08,1.42546486984718e-06,-2.59355343656471e-05,-4.81672617708e-05,-2.84317541387951e-06,2.93530479352835e-05,1.31640657774064e-05,1.31455609035079e-05,0.000190677497087458,-3.9342737133452e-07,-6.40096459082867e-06,-0.000109785987834378,-4.66035620377779e-05,7.29088405731638e-05,3.34642808243885e-05,-0.000576362081226483,-3.5639733362789e-07,-0.00262554202310529,3.81456380408071e-05,-0.00019337409198639,-0.000337318619699358,-1.9469774575163e-06,-1.4690159551395e-05,4.52155597395212e-06,2.94847355025113e-06,-8.09068655078599e-05,-0.000809375838453608,-0.000238072626499124,0.000439510085475506,0.000112952075035507,0.000591146916874583,-0.011192220401284,-0.00130406731051056,-0.260698061232539,5.89689999999201e-05,0.000688621921653858,0.000371590700470756,-7.97651395939244e-05,-1.44107005308053e-05,-8.64513026741868e-05,-0.000236196550857633,5.77983117793458e-06,9.78775495586022e-07,0.000629858303961026,1.6755051653849e-17,2.97435281873948e-06,-4.11430366702575e-05,6.81901398688814e-06,1.52526204576533e-05,0.000308485982880158,-2.48024577059042e-06,0.0245793202053054,-9.3627750730325e-06,1.91429664946268e-06,-1.30251716858254e-07,2.51806624213861e-06,-0.000273212469769302,6.9100521433259e-07,-7.27696678948602e-05,5.12651583425156e-05,-1.74940777371734e-07,1.04073890061507e-08,-4.58177641653894e-07,3.64794982771734e-07,-5.67391069597501e-06,-1.27355502486247e-05,2.27490414292987e-06,-4.06169592786149e-06,7.33117434228633e-06,-8.12059081785002e-05,4.6893558492721e-06,-4.56528976171297e-06,1.53566127353773e-06,-2.49942521354186e-08,-0.00010237823501417,1.6418584381089e-06,-1.49967492809964e-06,-4.83570395985454e-08,1.20556610332444e-06,-1.20241669258985e-06,1.06055223788866e-06,-1.61904245432591e-06,3.04264934597636e-06,-2.2156962090574e-06,1.53747288321606e-07,-4.27146441416338e-05,1.07626587252616e-07,-4.79596468735866e-06,-4.06024071254097e-17,1.06657716526844e-05,3.60170424368592e-07,3.8391511273374e-11,2.88635758385534e-07,-4.62493185235098e-07,-0.0377657526863019,1.32504160445271e-07,-1.95686987168081e-08,2.96836778218808e-06,-0.00150597893760889,-7.20882183598191e-08,1.15360479823215e-08,-1.62139627947425e-06,1.86872953394444e-06,-4.22389351040476e-07,9.26366909503154e-08,2.39560677709957e-08,1.06527399153329e-08,7.18932988268187e-10,1.85274169737206e-06,-1.77134876464469e-06,8.20856065631567e-09,-4.46581279829952e-06,3.42240927936078e-07,-1.26692373326856e-06,1.72575183361916e-06,9.63588012546471e-07,4.90754004597329e-07,-1.57362293366532e-07,-1.72690572112109e-06,1.10805643360453e-07,-5.26387673718417e-07,1.50946152970501e-07,1.43334739760149e-06,-2.89967803550629e-06,2.75395852779808e-17,1.05405701843686e-08,5.64708468098742e-07,-5.26307627115447e-08,3.07248189790767e-06,3.42173173703107e-08,8.06795512193905e-07,1.88727246518228e-06,-2.4606806147892e-06,1.72683637497975e-05,1.35938738531973e-17,-8.45656733676593e-06,-6.82576214278979e-09,-2.92247901977892e-07,1.21802115450588e-07,3.6569013618419e-06,-1.53385369760957e-07,-5.95139753774762e-06,1.60118230113718e-06,-6.80045082985714e-07,1.03857675461878e-05,-1.41293125365094e-07,-3.86511231242997e-06,-1.80487252657406e-08,-2.56881265174244e-09,-3.87870798740032e-06,2.05620172310405e-07,-4.22984004280942e-06,3.01265723940803e-18,-1.10796518372852e-06,8.73029730105723e-08,2.51611788470391e-09,2.23532685219468e-08,-8.26125549633577e-06,-1.72952014639736e-05,7.7725371288159e-07,-2.82864521106374e-06,-2.58203583281263e-06,4.0721223513472e-16,-2.92937749592275e-06,-1.02183488229645e-07,-3.82664510531888e-06,2.296860511975e-15,0.000817014964838428,5.91901784185066e-07,-1.0407612785777e-07,-4.84519008088676e-06,-1.69911548599222e-06,-9.21573118942897e-07,-2.94958165980204e-06,9.44511368227982e-07,6.69079981632756e-07,3.72204181550332e-08,2.07665529293611e-06,2.64683978281429e-07,-1.2926812768667e-16,-1.05817071697973e-07,6.35257560812906e-06,1.69462146090901e-06,-2.56033874113945e-06,-2.91246246278524e-16,-2.19780495975824e-07,4.05771520611484e-08,-1.10591752707878e-06,-6.5796469338202e-08,-2.48356324413034e-06,2.32939090600188e-07,-3.0839578256525e-06,4.77490674868823e-06,3.53487311917236e-16,1.71443876348012e-05,-2.88446268531658e-07,8.09861605250631e-07,2.10875448510295e-05,-1.73585636819063e-07,-1.43653185146268e-08,2.91433543964104e-16,-5.36432201508334e-17,-1.37802718440995e-08,-1.55028562578139e-07,2.0427955896633e-08,-2.31414603959385e-06,7.77659734314483e-13,-1.08625670695826e-06,-1.27598918880014e-08,9.81510345853707e-17,-5.4555865207859e-17,-1.7980898192591e-16,2.65515536227249e-06,6.95201585405023e-07,-7.52282545510066e-07,6.55477078795026e-06,5.28085101070984e-06,5.90919959070115e-07,-2.56080293597657e-07,-1.7768045891676e-17,-5.49175486823611e-08,1.53053261113178e-07,-8.94011690002771e-16,-1.0085365396943e-16,-9.29592774501111e-08,-5.56536967519296e-10,-5.38345845264156e-08,3.25161621576807e-06,5.16935725074452e-08,-2.16161252246052e-07,-2.21802288142217e-16,-1.16840376707348e-06,-4.35857604755398e-16,-2.4364715422853e-06,1.94007136744556e-15,-5.62903277866081e-08,-8.68835077106746e-17,2.28408944341191e-07,5.99986415139686e-08,2.70126272603342e-07,5.68024595679341e-06,1.54810836499531e-07,-1.75517480041258e-08,1.09886539470055e-07,3.71991765323499e-08,2.00860435844167e-06,1.83180919433026e-07,3.61625795237947e-08,-9.90608398731009e-08,-1.85359951700881e-06,-1.4739827784097e-07,-4.48624785146503e-08,2.11279838664822e-17,4.06461866792543e-07,-6.77487879945155e-08,3.14148073390893e-08,-5.2961190974762e-16,5.92996277291777e-08,2.43812718891292e-06,4.71135963530803e-07,3.70651404928057e-16,-1.12521048995837e-07,-6.28054947633936e-07,-9.20202988004396e-16,-7.19009891486951e-08,1.25760617261425e-07,9.2854161070772e-17,2.52573562023774e-16,-4.07242578785456e-09,-2.40837767987628e-07,-1.29137646315368e-09,-1.65689469971411e-06,5.72793589626225e-07,9.17187760621547e-09,9.56017729364914e-08,5.13300904888959e-08,-5.17934904576148e-05,-2.22998702836819e-15,3.12854642429221e-11,2.09185251630965e-10,1.29012048337665e-10,-5.02370201387059e-08,2.6519469639675e-16,3.7219045771013e-16,-4.74626204733619e-08,2.1112116959199e-16,-1.74040496751959e-16,-1.17402085460709e-07,2.00726102918433e-07,3.76923558791247e-08,2.95406468484853e-08,-1.3206087085724e-06,-3.47461872080761e-07,-1.12650520829252e-07,9.77489894402761e-17,-3.94130566163362e-07,-1.98983176603886e-08,-9.36264504108744e-08,9.53780154897472e-08,-4.6295748545199e-07,-3.37206618695406e-16,1.09632416909169e-15,-1.32038811444361e-16,5.94010594572364e-07,2.86900802703098e-08,3.0178740109435e-06,-1.118463058727e-15,2.46989193248016e-08,-6.7628403993693e-16,8.80367425489879e-18,-6.46613817511252e-06,2.62223864267365e-06,-1.47278023110431e-15,4.40452746738267e-06,2.18800313398627e-07,1.01468466849259e-15,-5.73097938840452e-07,-5.33301589146064e-16,-2.71586379505797e-06,2.51338585559496e-15,-2.75638517611541e-06,-2.17459401425809e-06,-7.99456196925588e-08,-8.55399636628361e-07,-6.16924036012228e-06,3.37091185339004e-07,-2.27444046822366e-05,2.64767272366771e-15,-1.38062791767261e-05,8.32278195960988e-07,3.16374249851334e-15,1.20344807534411e-07,2.96361206227692e-06,-8.40922497079543e-07,-5.76862445278334e-16,-9.0340700504777e-06,-2.11562910177064e-05,-3.52930900814186e-14,0.827511158228316,-0.000269404481517984,-2.74333843957399e-07,2.32244359292297e-14,-1.37319761360997e-15,1.81322530296133e-06,4.94223867338051e-06,3.8462275303343e-07,-3.21726090822447e-07,1.53253584393767e-06,-3.08673146517981e-15,1.47306092153809e-15,5.38512279173537e-06,3.69457492374628e-08,-4.17829390258218e-15,1.22074239420267e-05,-6.50752246150726e-16,5.40056942130735e-07,-2.07674999136517e-06,-1.20812532542951e-06,-7.87528189291592e-06,-2.16443150853791e-16,4.81059524346193e-17,-1.80207791198425e-15,-4.90749140389814e-16,-4.99531831029026e-08,-1.71621682162097e-07,-1.14630554364704e-15,3.48052824103806e-16,-4.25938593644854e-16,2.33672954809066e-07,2.07126451116714e-09,-1.10060371205649e-07,-4.26624754822911e-16,3.22658566531686e-16,-8.92948909259061e-16,-4.25310697751542e-06,1.29728774670865e-07,3.57419235512876e-16,2.19816431226851e-08,-5.67423246758256e-07,6.64770922218966e-18,3.84137957991121e-16,-4.21823934471642e-06,-3.88959335570191e-09,-2.05055569872401e-06,-4.12584182696237e-16,2.02799219017718e-07,5.1822574575842e-06,5.45844905791781e-06,-3.02619795961327e-06,-7.30822296473003e-07,1.1763761685763e-08,-6.3771744111848e-16,1.51086643509673e-15,5.41846533494956e-16,2.11091460651305e-07,-1.90970172657841e-07,-7.91742063097599e-07,-5.44921550257513e-08,7.21246260073319e-16,-6.98610986021879e-16,7.49342559898476e-17,1.11446222872302e-15,-5.74065994342677e-16,2.52361555610697e-07,3.52271562604733e-16,-8.49326657635599e-16,-4.47194615532018e-07,2.84982699026448e-16,-4.00082196064057e-07,-2.07118762883947e-16,-4.95527011926848e-07,-1.11500194068285e-16,-5.89280649020175e-07,-7.3441767833219e-08,-6.01746521725383e-07,-1.28934652243878e-16,2.32541878815285e-06,-1.24107825730989e-16,5.21049644431362e-06,-5.0678893471019e-07,2.80234472295598e-09,-9.47113152677395e-17,4.48741905945865e-06,4.87730975614016e-17,-1.74910369966482e-06,-5.56413550360346e-07,6.06017016287532e-17,-1.83265378517018e-16,1.48576852372115e-16,-1.3650307533118e-16,-2.04737203588052e-08,-2.66001984106581e-07,-5.92417011651399e-08,-1.75808500644039e-16,1.47058995455143e-17,-5.59749178666485e-08,4.56362494892851e-07,5.52790656551762e-16,2.48892525144486e-16,-2.6284391498698e-07,1.5010449126771e-16,-1.85728879437373e-06,-1.78329803365985e-16,1.5740475165465e-06,-1.13406139827312e-17,-4.5424099499817e-16,-1.1346724870718e-16,1.92579768903301e-15,-1.38273586779719e-17,2.75055391018747e-17,2.9778106991717e-08,-2.08215907179918e-07,-1.6936934924392e-17,-1.37530631399168e-07,9.24193819197699e-06,8.85121390287379e-16,-1.58025740305412e-16,1.39220300256892e-15,-2.14124366319356e-16,5.63352989191974e-07,8.99131584462265e-08,-8.14014074930411e-17,-1.41001342021699e-16,-1.63290802885549e-06,-3.28958758445863e-07,-4.97561641275754e-09,1.97595692991916e-16,-9.39929440192227e-17,-9.41318814721063e-19,-3.30351903958626e-17,-1.91814000593711e-16,1.86607185133207e-16,2.11247612645216e-06,-1.99535775518864e-06,-3.83170224689014e-07,1.06775962565332e-17,-2.7213874904444e-16,3.06865803771066e-16,-1.09987887956645e-16,-3.81441720498952e-16,-5.91409064523149e-16,-1.69627286491841e-16,1.11590742907025e-17,3.88016325227969e-17,2.3512240151041e-15,1.27462741250472e-16,1.01412575207904e-16,2.16726939830562e-16,1.14180353941904e-16,1.86484642289275e-08,-1.2751062775661e-16,4.3480740486932e-16,-6.82883609595337e-17,2.63284067216099e-07,-3.49694863165278e-08,-2.99659574643968e-17,-6.78840455243995e-09,2.39623573411619e-07,-8.78933489270479e-17,1.98188617589662e-15,-4.60288846663174e-07,-1.27512423994734e-17,5.85046962500964e-09,-2.08097910905289e-16,8.52520435386585e-17,-4.63337300370001e-17,-1.40010684740116e-17,6.26948494202785e-08,-7.80310728674098e-07,3.99398270915341e-17,8.97269487685453e-17,-6.62089659216018e-17,-7.49977503698159e-17,-3.64725610824124e-16,3.44628920980117e-17,6.21478086100134e-17,9.97604864723757e-17,9.18793855297815e-09,1.33745705581249e-16,3.54578688818296e-16,-1.19978059382285e-16,-1.48423945313953e-16,-7.51099080360192e-17,4.23276609585026e-16,-0.000180486872307823,-4.14979093036868e-17,-6.44423982283559e-17,1.33951504613019e-07,3.35978139202029e-16,7.31266691431144e-17,2.15473125524886e-16,-3.09509118237514e-16,1.11026356308494e-07,8.03150644579275e-17,-9.01582822461784e-07,2.57450156686113e-16,8.05909529857894e-17,-6.90414830435952e-16,-4.2703335442415e-16,-1.49941575174595e-16,-5.19493483299777e-16,3.24861742335466e-08,-2.65559679624011e-16,1.20789357552671e-16,1.66288072276663e-08,-4.04996092548677e-06,-1.00409874519384e-16,0.000255024711436926,4.10588340719845e-07,1.142363826654e-16,-1.53760640980223e-16,-3.32892010520482e-16,-1.74141613031991e-16,1.88366145761048e-16,-6.87876346161749e-07,-9.45549338116355e-17,-2.07299513493177e-16,-1.18257206617537e-16,2.74791917178702e-07,-2.29645568709601e-16,-1.75500872319902e-16,2.44578237183865e-17,-1.21230221276552e-16,-1.24839205746619e-07,8.23606932191698e-17,3.40900574409371e-09,-6.55903703734672e-18,9.88443045735753e-17,5.31212996302449e-17,4.33387353439559e-17,-9.08305762681491e-17,-1.22395748660522e-16,-1.18387875197119e-16,-5.88827599494488e-08,5.39773741757763e-17,-1.85628896946054e-16,2.47280530609937e-08,-1.96531711907891e-16,-1.22558830016131e-16,-1.61855122859645e-16,-3.62952843925381e-17,-1.23867118974566e-17,2.5858977866383e-16,-1.7866273057021e-07,-4.01846871099892e-17,-2.43951737776285e-17,5.31224664800747e-08,8.58858413258633e-17,3.4333790538409e-17,-1.02575187395867e-16,1.96848217560874e-16,-3.55354936029242e-17,-1.99751377052625e-16,-1.06145520507776e-17,-1.1340955297205e-16,-1.82397447127712e-17,1.01918517202621e-16,-1.13565278593738e-16,-2.77239738967709e-08,9.18777867213609e-08,1.8691177824037e-16,5.16795447318494e-17,8.65498702736258e-17,-2.27065837987865e-16,4.29777741173254e-16,-5.42600922604312e-17,-5.18027952641743e-20,-6.66456312162221e-17,-1.39664666723103e-07,-2.05919271694613e-16,1.8165578018833e-17,-4.1077001058761e-17,1.96759790973087e-16,1.01370570893244e-08,2.83938323603978e-16,-1.60299227701844e-09,-7.88692577358506e-17,1.51507411428349e-16,4.75272031646894e-17,-3.58158524090747e-17,3.16046966775873e-17,1.46741821214064e-16,1.36536659696164e-16,-1.90064212980357e-16,1.27052909872033e-16,-1.28968547286627e-16,2.00086020897326e-16,-5.09496918647842e-17,-7.59846869995805e-17,-4.37593872614389e-17,-2.40707295752025e-17,1.78714042422889e-18,4.00239934082674e-17,-2.17157245779473e-16,-5.27928392962288e-17,-2.9385878349905e-16,3.89879101225787e-16,-3.91470774551575e-17,-2.85867553601979e-16,-8.34377488644321e-17,5.6499500139434e-17,8.30546377666522e-09,7.03998267768263e-17,7.39702892566988e-17,-3.79921042551512e-17,-2.88876752716232e-16,7.45105418697819e-17,-5.64146509237016e-17,-2.92871326715162e-17,1.94335729458725e-16,4.52702040640094e-17,-4.02264039604002e-17,-1.59160878920872e-16,-2.13298536231333e-17,1.58474590847483e-16,1.19092596507589e-16,-2.01352403387842e-16,1.2826390342075e-16,-1.70673041521226e-16,-1.06265683448516e-07,-2.99888633456457e-17,-9.83040370299608e-18,8.49091919128404e-17,-6.63095099994795e-18,1.41777434425805e-16,-1.41241677269834e-17,1.28743623449749e-16,-7.19855905411895e-17,1.70909759277483e-17,1.96369414730279e-06,1.99580753189e-16,-8.87387594676615e-17,-2.38396421324925e-17,2.65813367623305e-17,2.63239451514358e-17,-2.91725592333811e-16,2.46653126553521e-17,-1.58736778053932e-16,1.81803202604459e-16,9.29491062638356e-17,-2.04650812216531e-16,1.5227572782131e-17,1.03253184792724e-16,1.12373430363414e-07,-7.46558904431263e-17,-8.45639632397544e-17,-2.97314914446458e-17,-3.46944695195361e-16,-3.07413110739032e-08,4.68454375239829e-17,1.02155454245934e-16,1.94856613280941e-17,-6.4195726736518e-19,-2.60442217773859e-17,-4.94884400546153e-17,3.58534632692134e-16,1.15899943073944e-17,-8.45370442241439e-17,8.6946935713123e-17,4.94463534555357e-18,1.45019064169776e-16,-4.52922536473612e-17,1.18883967291867e-16,-1.19190715084173e-17,1.04626305359367e-16,-3.00437313024906e-16
"t466",0.0232966880288496,-0.00180142139210635,-0.0015704320856262,-0.000207007317611525,-0.00555115359491882,0.0351435964809245,0.0056953001626859,2.82669798670263e-05,0.00127721766332116,0.00637648889266637,0.00444710609991856,-0.00917857343831436,0.0209179935362817,0.00478603809470522,0.166772009244151,-0.00628476702070623,-0.00602688481848092,0.00168740483478803,-0.11111973750878,0.0125343729495044,-0.0012295448182247,0.000197205714477631,-0.00413310393443334,0.000656590525168175,-0.000112589517937968,0.0044723916397124,-0.00294174890647261,0.00031389038600836,-0.0025122516771814,0.00736686133221538,0.00019280886549164,-0.00696207228544731,-0.000334545715180609,0.00275270175449656,-0.000260807615520954,-0.000205330880383767,-3.5794101366616e-05,8.20621544387614e-05,0.000377939600136336,9.17554332961713e-05,0.000256402599507438,-0.000425005473190478,1.90840554892366e-05,-0.000323244450180891,6.70097868734204e-05,-1.0709474742314e-05,1.8035277042289e-06,-2.54649927731098e-05,0.00030052986466761,-0.00047612503561333,1.98373493074093e-05,-1.51272022641117e-05,2.79936293231552e-07,-4.26514734893843e-06,1.58798656112011e-05,-0.000209694012133581,-6.44524783860088e-06,7.03085746871967e-05,-0.000271213125385639,4.30314804436885e-06,5.31585457452364e-06,-8.28209144756108e-05,0.000201969248491306,-0.000153783874746617,0.000148040955058708,-4.14575311668924e-05,3.09813009910912e-05,-0.00182058403279231,0.000299291837329363,-0.00230572517441886,2.17792281825987e-05,-9.26503004717973e-05,0.000515125854125863,0.000264442705430994,-0.000113626249424053,-1.13904358448987e-05,0.00110072527352711,-0.000192295380105161,0.0119121298598963,0.0269761969733814,-0.00333652022352592,-0.447731063168421,-0.0128245208118683,-0.00371274567346959,0.00135560951035839,0.00323402603882053,-0.000435827640203933,-0.00075809777796125,-1.490366759994e-05,0.000563581728811918,-0.00133176545228544,2.3302282902149e-06,0.00236986749303378,-0.00121747545091486,-5.45259677595236e-05,-0.000234005162325951,-2.74662645386884e-05,0.000135695006207895,-0.00146846500916442,-0.00371392320695722,-0.00111915143520674,5.04447584778701e-06,-0.00151444988533178,0.000334615249230682,-0.000146465707611219,3.02757318781332e-05,-0.0103254753548961,5.48084978858699e-07,-0.000982559521384181,3.46174758531935e-06,0.000114929102447513,0.0002232844866603,-6.90448552490962e-05,6.82231151305172e-05,-2.1292126946947e-05,7.58549320532975e-05,-0.00120812937749939,0.00128818010076858,-0.00171705676709372,0.00045627663134639,-0.000258023899493133,0.000517038129431094,-0.00347278270835946,-0.0102098019240412,2.95204497926369e-05,-0.00076574714279382,7.97075630492687e-05,-0.000950782868562751,0.00207819606948633,0.0724519055003251,0.000543300376021101,0.00873878716881533,0.000219696487438771,-0.00237742076164874,-8.23640568767941e-06,0.00327043325225564,0.000437418046492285,0.000238580270943283,0.0147419506647049,-0.0602724400280287,0.00297950378667141,0.0018980156559385,-0.00892572939575254,0.000743819947733722,-5.45861333683491e-06,5.5196329545458e-05,6.33019583445423e-05,-0.000122516242791414,-7.19704841891701e-06,3.507215682648e-05,1.69415708198861e-05,5.95732457913584e-05,9.87761268855495e-06,-0.000432561994463089,4.86780945922603e-06,6.28499623803916e-06,-8.9255843275028e-05,1.10615346334325e-05,2.77105609701901e-06,7.94270719527446e-07,9.06759442437693e-07,-5.28627291379416e-08,-2.6417610102681e-06,-4.34660620640289e-06,5.09102363640651e-06,-4.61459999649148e-06,0.000107298827585103,1.85093780318404e-06,9.22356571268196e-05,9.54682747686569e-06,-1.6895384657639e-05,-2.98616094328871e-06,3.69013285703889e-07,1.24487059871626e-05,2.43942748782046e-06,8.93056883460026e-06,2.19376628243256e-07,-8.60895046351068e-06,-8.23101194927737e-05,-4.02832024282109e-05,0.000160571719847855,4.21511773339681e-05,-8.67545173777345e-06,-3.39162429394577e-08,-1.00529743509212e-06,-2.65940734100415e-07,-0.00045436121424116,0.000108821517298208,0.000488275801056111,-4.65837252997804e-05,-1.42071380045728e-05,2.70617681521616e-05,0.000188160203496594,1.5715561294685e-08,1.53913276720372e-06,-2.80419794108736e-05,-5.20948204741646e-05,-3.07694681671248e-06,3.17765533489877e-05,1.42858453878426e-05,1.42674124422268e-05,0.000207165760566806,-4.27887203172507e-07,-6.9788944395245e-06,-0.000119699709426056,-5.08235499886934e-05,7.9566710569113e-05,3.65380260868992e-05,-0.000630121382128224,-3.90270619153701e-07,-0.0028788420375794,4.18426684970643e-05,-0.000212504373480049,-0.000371067793832124,-2.14183288032379e-06,-1.61732567837436e-05,4.98816970122409e-06,3.25402322549124e-06,-8.94787149065113e-05,-0.000896433799996058,-0.00026381366427127,0.000488052389335919,0.000125490037155313,0.000657126685383873,-0.0124623605793297,-0.00145255323370702,-0.290406381955108,6.58106958002733e-05,0.000769386005627536,0.000415696479017837,-8.92840915117665e-05,-1.61400505727454e-05,-9.6880039281878e-05,-0.000264731249715572,6.4876166912781e-06,1.09964535061389e-06,0.000708348318209325,-3.6022256841532e-17,3.34982742128205e-06,-4.63502200436748e-05,7.69747068882425e-06,1.72443224967429e-05,0.000349217631697164,-2.80794809643262e-06,0.0278938866296938,-1.06296808642979e-05,2.17373326104712e-06,-1.48036994329396e-07,2.86363829987594e-06,-0.000311053787785474,7.87102885570702e-07,-8.29066687014408e-05,5.84721255574141e-05,-2.00484275305694e-07,1.19473075438879e-08,-5.2672192504326e-07,4.20681818907958e-07,-6.54462227787905e-06,-1.47223891559541e-05,2.63308079200955e-06,-4.70959821784134e-06,8.5054957827219e-06,-9.42705106929787e-05,5.44836232874474e-06,-5.3108387665331e-06,1.78670229693128e-06,-2.91733030333198e-08,-0.000119504737668325,1.91667804088667e-06,-1.75222783915965e-06,-5.65190592352041e-08,1.41051772982935e-06,-1.4071060777449e-06,1.24902092483743e-06,-1.90811557011085e-06,3.58792819376672e-06,-2.6161790341458e-06,1.81726857831497e-07,-5.06082265305994e-05,1.27604493655278e-07,-5.68934077971991e-06,-4.83496981810078e-17,1.26766872214476e-05,4.28184512325889e-07,4.56789443079775e-11,3.44096182746563e-07,-5.52293517126515e-07,-0.0451349767385311,1.58423052084203e-07,-2.35188002455591e-08,3.56876968888264e-06,-0.00181075463459227,-8.68121916008596e-08,1.39545146502448e-08,-1.9628466661122e-06,2.26349903770162e-06,-5.12544026423328e-07,1.13199979038168e-07,2.93617336017543e-08,1.30588206913204e-08,8.81360985936241e-10,2.28862925802493e-06,-2.20801241066779e-06,1.02441816629436e-08,-5.58297560147082e-06,4.28766234234222e-07,-1.58826962152081e-06,2.17551836549368e-06,1.21523284680111e-06,6.19397781420091e-07,-1.98718355219517e-07,-2.18459076303488e-06,1.4044773342726e-07,-6.68424022146987e-07,1.91830028805534e-07,1.82406018694868e-06,-3.70094188929467e-06,6.04498013128366e-17,1.37055510314757e-08,7.35683438194031e-07,-6.87645544030641e-08,4.01468723487264e-06,4.47144471259636e-08,1.05505669856114e-06,2.47135019988311e-06,-3.22743000680864e-06,2.27242397611025e-05,6.77722153192681e-17,-1.12146753078296e-05,-9.06079632744398e-09,-3.88755353134143e-07,1.6206481102079e-07,4.89131180379889e-06,-2.05763954887137e-07,-8.01721747712926e-06,2.16327061207379e-06,-9.24661729591565e-07,1.42064060031285e-05,-1.9402236921373e-07,-5.31925658750662e-06,-2.48733266202146e-08,-3.54886903067633e-09,-5.35997929527163e-06,2.84646459979127e-07,-5.86354329754123e-06,-2.20017583177771e-16,-1.55199831300596e-06,1.22560770565369e-07,3.53234327228616e-09,3.15811385967905e-08,-1.16829790357946e-05,-2.47556588595412e-05,1.11644787561481e-06,-4.06590634632367e-06,-3.72130248180732e-06,-2.16117435418667e-16,-4.23482573099618e-06,-1.47889808500254e-07,-5.56222715509268e-06,3.08149422676793e-15,0.00119320131214053,8.65409329091451e-07,-1.52256807446361e-07,-7.09678780028318e-06,-2.49378384819653e-06,-1.35467037449983e-06,-4.34099061999065e-06,1.39508291085294e-06,9.88683843140012e-07,5.51374778891382e-08,3.09000592301352e-06,3.93932374197351e-07,5.79248204375693e-17,-1.58891443178429e-07,9.55374163725122e-06,2.55741963352736e-06,-3.88452090985454e-06,1.1083285844747e-16,-3.37380651711726e-07,6.31418432500523e-08,-1.73173118190609e-06,-1.03334020491454e-07,-3.91440997433038e-06,3.69611619063945e-07,-4.94809729332575e-06,7.88475956342081e-06,-2.08503000171176e-16,2.90861237522286e-05,-4.90552323913727e-07,1.38437913005025e-06,3.63075035629676e-05,-2.99037810603788e-07,-2.47982341821872e-08,-2.77555756156289e-17,1.18620061942897e-16,-2.40760146217396e-08,-2.737739554399e-07,3.61237027512985e-08,-4.13270779693246e-06,1.41906650088569e-12,-1.98363093369276e-06,-2.35409927692035e-08,-5.34482975447512e-17,2.48518369685893e-17,-8.32996113321485e-18,5.06566890595163e-06,1.33225836933205e-06,-1.46439858042966e-06,1.29351655579024e-05,1.04381703527369e-05,1.18571933811544e-06,-5.14748858726872e-07,-2.64569167349971e-16,-1.13979406822648e-07,3.21413967486554e-07,5.13225979157295e-16,3.56978376450558e-17,-2.04971875830731e-07,-1.24251706321318e-09,-1.22267821348881e-07,7.47260050764022e-06,1.21600288974349e-07,-5.10447835686794e-07,1.61099609316591e-16,-2.77380399874066e-06,4.05115063561373e-16,-5.8751126613995e-06,-1.30798150088651e-15,-1.37340126178077e-07,3.90181509550134e-17,5.6588563559018e-07,1.49115722751604e-07,7.01064262133615e-07,1.48850788177602e-05,4.07340193198728e-07,-4.7025105618559e-08,2.99204813113155e-07,1.05342361870036e-07,5.6901058163367e-06,5.25503958388683e-07,1.06235463129239e-07,-3.0085757257894e-07,-5.79752961044993e-06,-4.72278346594464e-07,-1.45509765285709e-07,-1.34885584092932e-17,1.37123680851487e-06,-2.37938004868119e-07,1.25512500829127e-07,3.25445561208775e-16,2.47155613859268e-07,1.08876457462516e-05,2.17138342936961e-06,-1.68678413415838e-16,-5.27374423307725e-07,-3.15922343539479e-06,5.68700555900159e-16,-3.75464594600097e-07,8.63795536797898e-07,3.12353141152197e-16,-3.26124909469788e-16,-3.21612802794293e-08,-1.92835238556758e-06,-1.10645540301557e-08,-1.54904034798987e-05,6.79337385413669e-06,1.11418096565906e-07,1.2027945104978e-06,1.0757395246638e-06,-0.00252246248686563,-9.58434720477186e-17,3.14677092262289e-09,2.58124008068081e-08,8.01182019298429e-08,7.9862949036751e-06,-2.53100315237846e-16,-7.38544296102936e-17,2.74736320158522e-06,4.00843089433435e-17,-3.18214615982652e-16,1.29006361311715e-06,-1.91837760776216e-06,-3.59240124935398e-07,-2.17634802214158e-07,9.43170788612221e-06,2.46535617736715e-06,7.66808017869056e-07,-5.53040061846492e-17,1.84283781953539e-06,8.68731318144688e-08,3.99881347895035e-07,-3.66795140624724e-07,1.49388766392781e-06,4.78321407484275e-16,-6.11975038459453e-16,3.55682230182673e-17,-1.52949811420978e-06,-6.74994127660377e-08,-7.05265886686952e-06,1.7511357193138e-16,-5.30939067795497e-08,7.94592280798317e-16,9.09355575891408e-17,9.89546533229665e-06,-3.99672526012282e-06,1.25247034965525e-15,-6.20661990272966e-06,-2.94721685089315e-07,-4.26949395408419e-16,7.04646362850126e-07,7.07285002720836e-16,2.99586868029218e-06,-1.05166330938587e-15,3.01122242485028e-06,2.35786826283791e-06,8.59513484044728e-08,9.08863994467334e-07,6.38314142431978e-06,-3.15721404979454e-07,1.85305594279173e-05,-1.32221833734964e-15,9.43174317477447e-06,-5.57825401179119e-07,-1.38899270137173e-15,-7.86284383223138e-08,-1.84776679701772e-06,5.02432456847663e-07,2.53349115602225e-16,4.65071151021929e-06,1.05662551866883e-05,1.67822941605061e-14,-0.396792826931342,0.000126583640541731,1.19379230166151e-07,-1.13890586389115e-14,9.34053697727383e-16,-6.51450421194711e-07,-1.62764105521217e-06,-1.24370117501948e-07,6.68975013959449e-08,-2.92772306665087e-07,9.88639264172877e-16,-4.41128961893595e-16,-9.67464414066141e-07,-6.58477604959797e-09,1.81153024459208e-15,-1.94782525370751e-06,5.55035965440314e-17,-7.67307653897223e-08,2.47019766437584e-07,1.41758338705289e-07,8.74654999753792e-07,-1.41328189050328e-16,1.76012016258855e-17,1.12190813896435e-15,2.02845652829613e-16,2.87885798138761e-09,9.17712967478292e-09,2.64159658408638e-16,-4.28947330742063e-16,3.18250337509669e-16,-9.04401736010029e-09,-6.71854857917422e-11,1.73581474369756e-09,5.88200003526172e-16,3.25260651745651e-18,4.44522890719057e-16,-1.5766056178721e-07,5.03242019830842e-09,-4.4547533717776e-16,1.27262487932083e-09,-3.71054398961013e-08,-6.33425672269975e-16,5.64812899869623e-16,-3.48518767841494e-07,-3.26633929118019e-10,-1.92319485996912e-07,-5.63063634271094e-16,2.2256168475838e-08,6.13101976945626e-07,7.09490416370309e-07,-4.40147349027195e-07,-1.09261811408541e-07,1.84701578574517e-09,6.47958752817885e-16,-8.47954912910335e-16,5.84857563875974e-16,4.16714620427358e-08,-3.78120380277216e-08,-1.60622747214307e-07,-1.23501765264582e-08,6.16905681339131e-17,3.70236668253471e-16,4.68938293520067e-16,-6.3498218312011e-16,4.38116520162865e-16,6.31179954866461e-08,-6.52819599184793e-16,2.66199003387538e-17,-1.1579407208502e-07,-7.89944846857487e-16,-1.03781196774684e-07,-4.07958646829158e-16,-1.28927118022974e-07,2.26415043843715e-16,-1.62047782688877e-07,-2.04488274755945e-08,-1.70679344647848e-07,-2.13073715962588e-16,6.74255937322421e-07,5.36714401097307e-16,1.58097257781009e-06,-1.62304581481639e-07,8.99484594100516e-10,-4.38239551734458e-16,1.46989990074513e-06,6.79303462666864e-16,-5.90738476282888e-07,-1.88195570463135e-07,3.65785846509555e-16,-6.83281009566408e-17,-8.4627650199773e-16,1.19758320526215e-15,-7.09209150494954e-09,-9.2709056055229e-08,-2.07928291107376e-08,-7.07130323274838e-16,7.0911894518606e-16,-2.02905249345314e-08,1.65657606531616e-07,-6.08354226406951e-16,-4.75803790298816e-17,-9.90363191274578e-08,-9.26540600160787e-16,-7.0513480442695e-07,7.82821056323983e-16,6.10464232924804e-07,-7.25500169884139e-17,7.88430757704217e-16,-2.6126287149146e-16,6.11554059724572e-16,2.24064331712903e-16,-6.00112132238808e-17,1.2024480954942e-08,-8.41205374383243e-08,3.04301294841305e-16,-5.63036276754276e-08,3.80410591734282e-06,1.71399562820196e-15,6.40706482743007e-16,-1.33605016454168e-15,2.06257272377341e-15,2.37179795915518e-07,3.8048242387137e-08,3.64659141985694e-15,2.74207260876156e-15,-6.94877825403051e-07,-1.4008858858693e-07,-2.12405740484875e-09,-4.03581198605622e-16,2.64281968254475e-15,-3.445591398812e-16,1.03424679387957e-15,5.4725984272836e-16,-3.36088637458458e-15,9.36409163065411e-07,-8.87461089930274e-07,-1.70983024141524e-07,3.03709383000094e-15,-5.07109317382769e-17,-4.94006895589741e-15,-4.5298449398636e-15,-2.51832944011627e-15,3.22960594972122e-15,-3.39870447951327e-16,-2.50424666172014e-15,1.06005265821322e-13,0.707106781186547,2.19800517161327e-13,-2.25393487186523e-13,2.69036883635719e-14,4.75096224249183e-14,8.76369001493977e-09,7.10589087058113e-15,8.45611334759133e-15,-1.3063200478808e-14,1.24518505758289e-07,-1.65626669390283e-08,-1.51222070222221e-14,-3.21807918382988e-09,1.14465965312458e-07,-3.61333604375208e-15,-1.21977147118774e-15,-2.21928137166156e-07,-2.30813281489879e-15,2.85218390850325e-09,-1.16226229922413e-16,-1.52547022839958e-15,1.51794850019193e-15,2.90647748900018e-15,3.10815062220994e-08,-3.87275162328821e-07,3.15227401483952e-15,3.62265732392201e-15,-1.39426101215206e-15,4.83351231777984e-16,4.60569082871842e-16,1.31847855297748e-15,4.12542927900466e-16,-1.26651216565533e-16,4.80808345107522e-09,5.939685874035e-16,-1.52753495000231e-16,6.92205495780159e-16,2.53849892202129e-16,2.69024322145365e-16,-1.40880444725152e-15,-9.54377146873914e-05,-1.13109108734547e-15,6.78598259911312e-16,7.09642083839916e-08,-1.18879671871124e-15,8.51861970318862e-16,6.94183576347118e-16,8.01290653152241e-16,6.00869088105539e-08,2.25573821269101e-16,-4.89729804585836e-07,3.23705819363951e-16,-8.70531839167889e-16,-3.60634853805983e-16,8.28793786801073e-16,-6.95469430461636e-16,-2.76976578901529e-15,1.77767680655224e-08,-1.02066230125831e-15,-1.42744023875957e-16,9.15006907099172e-09,-2.22912592004252e-06,-3.03464549429845e-17,0.000141028238932991,2.27386250398065e-07,7.6004348059269e-16,-2.83527079969817e-16,5.93054342856798e-16,-3.46441340592307e-16,-3.09276971027708e-16,-3.88967346658511e-07,-4.03355149522094e-16,4.63482890930549e-17,-6.40324896943364e-17,1.56185486956462e-07,-3.21040331018993e-16,-9.81229367767053e-16,3.09244330945085e-16,-8.31187246951887e-16,-7.14307776440469e-08,-3.54106500513071e-16,1.95453804656293e-09,-2.0644153929382e-16,-9.47279923929602e-17,-3.51592414279572e-16,1.48893756841134e-16,8.30719962529478e-17,-3.91432835995062e-16,1.59532657724519e-16,-3.41173817907469e-08,1.42625613088877e-16,-3.48502247491019e-17,1.43643776543158e-08,2.76562334046632e-16,1.00118915161731e-16,1.86527121902407e-16,-1.24286368694729e-16,-1.46371646612651e-16,-1.75749816463616e-16,-1.04605455021539e-07,5.14862051285642e-16,1.44672616724475e-16,3.1210641736219e-08,2.56424441362689e-18,1.98217762447296e-17,5.0030238273203e-16,2.79789709664629e-16,3.28091226893941e-16,2.86423045640629e-16,1.55167763031384e-16,-5.02068490725333e-17,3.24514946713536e-16,-1.50483213871429e-16,2.74385046481977e-16,-1.64923023297285e-08,5.47355672879586e-08,1.61928619472398e-16,-3.3251596209314e-17,-2.09045972009512e-16,-1.31336349420417e-16,-6.47485537408343e-16,9.49887396740851e-17,8.97274361694238e-17,2.32246013711915e-16,-8.38299768169592e-08,2.17454670242443e-16,1.13538269001368e-16,6.03826507970363e-16,-1.68046070527599e-16,6.1224105993936e-09,-3.977010785926e-16,-9.74793696187911e-10,1.62316158494558e-16,-2.54746216404571e-16,-2.97285640263253e-16,9.42273852898017e-17,1.46598201374001e-16,-6.46641484567583e-19,-1.33409726466429e-16,1.77514900606651e-16,2.38803717485093e-17,3.15692316162501e-16,1.27437551859825e-16,-1.07062427549175e-17,-1.53229536994631e-17,5.25402619650552e-17,-1.94184045684008e-16,6.56548460945546e-17,8.82031610520965e-17,9.57430226576752e-17,1.97113910045089e-16,2.20003184014898e-17,3.12250225675825e-17,-1.04878013602642e-16,-4.07256858088568e-16,-6.74136958959457e-18,9.37149739449335e-17,5.17221049438042e-09,3.50692513796135e-16,1.93569373901507e-16,2.17003912310036e-16,-1.49314762649196e-16,-2.71239460909873e-17,2.92004287176047e-17,2.19526004712088e-16,1.49992421873471e-16,-5.95153795961197e-17,-3.20118933870801e-16,-1.43982048506075e-16,5.29290092211769e-17,-2.1695252683377e-16,-1.1741753642991e-16,2.12692197896557e-16,-6.99521850217241e-17,2.7300371476922e-16,-6.71704840675211e-08,-1.50177674919384e-17,-1.02130420055019e-16,-1.38898291525299e-17,-4.44993596983073e-17,2.62764050441851e-16,-5.14941913230089e-17,-1.69783587975414e-17,-1.26672516473988e-16,-9.39121974113956e-17,1.25935266522637e-06,4.05195166234872e-16,5.38236765809135e-17,2.00014000417096e-17,-3.72686970707935e-16,-9.0630980050409e-17,2.71121041619648e-16,-2.5816559356054e-17,-9.95901693927963e-17,-1.67899553095241e-16,-3.30596860024326e-17,1.76860494314443e-16,-2.42053948154505e-17,-1.10071568072081e-17,7.30615615616147e-08,1.66761487449139e-16,4.42042357256041e-17,-1.5220956592314e-16,-5.34294830600857e-16,-2.01096469303177e-08,-1.2397543148842e-16,1.13983693286439e-17,1.9004597161535e-17,-3.39020603135576e-18,5.97034123045149e-17,6.41638811966435e-17,-1.44363922077707e-16,4.1055570878851e-17,8.48699101063805e-17,3.09899850878015e-17,7.84592898131595e-17,5.88409486330831e-17,-4.60066455371829e-17,-1.11387220306592e-16,3.48073939811877e-17,1.95469470936481e-17,-2.05001618868673e-16
"t467",0.0232966880288496,-0.00180142139210635,-0.0015704320856262,-0.000207007317611525,-0.00555115359491883,0.0351435964809245,0.00569530016268591,2.82669798670293e-05,0.00127721766332116,0.00637648889266637,0.00444710609991856,-0.00917857343831436,0.0209179935362817,0.00478603809470524,0.166772009244151,-0.00628476702070623,-0.00602688481848088,0.00168740483478803,-0.11111973750878,0.0125343729495044,-0.0012295448182247,0.000197205714477637,-0.00413310393443333,0.000656590525168178,-0.000112589517937991,0.00447239163971239,-0.00294174890647259,0.000313890386008365,-0.00251225167718141,0.00736686133221536,0.000192808865491624,-0.00696207228544731,-0.000334545715180613,0.00275270175449654,-0.000260807615520964,-0.000205330880383774,-3.57941013665586e-05,8.20621544387787e-05,0.000377939600136305,9.17554332961219e-05,0.000256402599507446,-0.000425005473190507,1.90840554891817e-05,-0.000323244450180912,6.70097868734239e-05,-1.07094747422772e-05,1.8035277042328e-06,-2.54649927731267e-05,0.000300529864667595,-0.000476125035613338,1.98373493074219e-05,-1.51272022641005e-05,2.79936293237057e-07,-4.26514734895231e-06,1.58798656111991e-05,-0.000209694012133633,-6.44524783862899e-06,7.03085746872321e-05,-0.000271213125385702,4.30314804438078e-06,5.31585457451771e-06,-8.28209144756179e-05,0.000201969248491335,-0.000153783874746639,0.000148040955058711,-4.14575311668967e-05,3.09813009910981e-05,-0.00182058403279231,0.000299291837329371,-0.00230572517441883,2.17792281826394e-05,-9.26503004717418e-05,0.000515125854125845,0.000264442705430946,-0.000113626249424094,-1.13904358448921e-05,0.00110072527352707,-0.000192295380105197,0.0119121298598963,0.0269761969733813,-0.0033365202235259,-0.447731063168421,-0.0128245208118683,-0.00371274567346973,0.00135560951035839,0.00323402603882046,-0.000435827640203875,-0.000758097777961248,-1.49036675998668e-05,0.000563581728811942,-0.00133176545228544,2.33022829032245e-06,0.00236986749303378,-0.00121747545091481,-5.45259677595471e-05,-0.000234005162325934,-2.74662645386556e-05,0.000135695006208024,-0.00146846500916442,-0.00371392320695722,-0.00111915143520673,5.04447584780886e-06,-0.00151444988533173,0.000334615249230656,-0.000146465707611236,3.02757318781605e-05,-0.0103254753548961,5.48084978898442e-07,-0.000982559521384191,3.46174758532195e-06,0.00011492910244753,0.000223284486660376,-6.9044855249104e-05,6.82231151305186e-05,-2.12921269470234e-05,7.58549320532883e-05,-0.00120812937749939,0.00128818010076859,-0.00171705676709372,0.000456276631346394,-0.000258023899493217,0.000517038129431165,-0.00347278270835946,-0.0102098019240413,2.95204497926903e-05,-0.000765747142793823,7.97075630493103e-05,-0.000950782868562808,0.00207819606948635,0.0724519055003251,0.000543300376021077,0.00873878716881531,0.000219696487438675,-0.00237742076164874,-8.23640568771759e-06,0.00327043325225564,0.000437418046492332,0.000238580270943193,0.014741950664705,-0.0602724400280287,0.00297950378667147,0.00189801565593841,-0.0089257293957525,0.000743819947733706,-5.45861333669618e-06,5.51963295454869e-05,6.33019583445825e-05,-0.000122516242791376,-7.19704841892316e-06,3.50721568264634e-05,1.69415708198878e-05,5.95732457913631e-05,9.87761268839138e-06,-0.000432561994463059,4.86780945925729e-06,6.28499623808099e-06,-8.92558432750572e-05,1.10615346333748e-05,2.77105609704569e-06,7.94270719470319e-07,9.06759442467608e-07,-5.28627291780785e-08,-2.6417610102531e-06,-4.34660620639619e-06,5.09102363635287e-06,-4.6145999964998e-06,0.000107298827585088,1.85093780319264e-06,9.22356571268303e-05,9.54682747687603e-06,-1.6895384657537e-05,-2.98616094328257e-06,3.6901328558251e-07,1.24487059872003e-05,2.43942748779098e-06,8.93056883461749e-06,2.19376628248027e-07,-8.60895046348122e-06,-8.23101194927345e-05,-4.02832024283226e-05,0.000160571719847856,4.21511773339513e-05,-8.67545173780675e-06,-3.39162429373498e-08,-1.00529743510507e-06,-2.65940734119796e-07,-0.000454361214241194,0.000108821517298226,0.000488275801056146,-4.6583725299856e-05,-1.42071380045348e-05,2.70617681521943e-05,0.000188160203496562,1.57155613353415e-08,1.53913276714637e-06,-2.80419794108844e-05,-5.20948204741534e-05,-3.07694681678578e-06,3.17765533490166e-05,1.42858453878027e-05,1.4267412442184e-05,0.000207165760566786,-4.27887203138513e-07,-6.97889443952402e-06,-0.00011969970942611,-5.08235499887529e-05,7.9566710569055e-05,3.65380260866979e-05,-0.000630121382128198,-3.90270619126446e-07,-0.00287884203757949,4.18426684970237e-05,-0.000212504373480143,-0.000371067793832084,-2.14183288050154e-06,-1.61732567837227e-05,4.98816970130008e-06,3.25402322544672e-06,-8.94787149064658e-05,-0.000896433799996028,-0.000263813664271178,0.000488052389335992,0.000125490037155328,0.000657126685383922,-0.0124623605793297,-0.00145255323370718,-0.290406381955109,6.58106958003379e-05,0.000769386005627491,0.000415696479017847,-8.9284091511783e-05,-1.61400505727377e-05,-9.68800392818654e-05,-0.000264731249715625,6.4876166912905e-06,1.09964535055125e-06,0.000708348318209377,-1.25118387957272e-17,3.34982742119573e-06,-4.63502200436956e-05,7.69747068883871e-06,1.72443224967852e-05,0.000349217631697163,-2.80794809654099e-06,0.0278938866296938,-1.0629680864037e-05,2.17373326104618e-06,-1.48036994336564e-07,2.86363829991e-06,-0.000311053787785483,7.8710288556428e-07,-8.29066687015224e-05,5.84721255574225e-05,-2.00484275119214e-07,1.19473076193484e-08,-5.26721925058437e-07,4.20681818915542e-07,-6.54462227830828e-06,-1.47223891559473e-05,2.63308079204633e-06,-4.70959821783702e-06,8.5054957826881e-06,-9.42705106929899e-05,5.44836232877633e-06,-5.31083876652919e-06,1.78670229699493e-06,-2.91733029977631e-08,-0.000119504737668335,1.91667804078433e-06,-1.7522278392877e-06,-5.65190592869599e-08,1.41051772983645e-06,-1.40710607773947e-06,1.24902092467133e-06,-1.9081155701569e-06,3.58792819371721e-06,-2.61617903413916e-06,1.81726857783356e-07,-5.06082265305673e-05,1.27604493682164e-07,-5.68934077974255e-06,-5.64101210265019e-17,1.26766872214637e-05,4.28184512290556e-07,4.56790055806399e-11,3.44096182748316e-07,-5.52293517124892e-07,-0.0451349767385315,1.58423052404923e-07,-2.35188001518595e-08,3.56876968897569e-06,-0.0018107546345921,-8.68121915201792e-08,1.39545147246141e-08,-1.96284666619324e-06,2.26349903779256e-06,-5.12544026344302e-07,1.13199978973344e-07,2.93617337327259e-08,1.30588207299661e-08,8.81360858178897e-10,2.28862925802611e-06,-2.20801241043628e-06,1.02441816374468e-08,-5.58297560149085e-06,4.28766234306203e-07,-1.58826962143699e-06,2.17551836547901e-06,1.21523284679852e-06,6.19397781603107e-07,-1.98718355307391e-07,-2.18459076306356e-06,1.40447733515328e-07,-6.68424022212249e-07,1.91830028891219e-07,1.82406018696366e-06,-3.70094188926181e-06,4.79817946178134e-17,1.37055508459001e-08,7.35683438216365e-07,-6.87645542148466e-08,4.01468723484454e-06,4.4714447067952e-08,1.05505669852888e-06,2.47135019983085e-06,-3.22743000669785e-06,2.27242397610724e-05,4.11083340169613e-16,-1.1214675307698e-05,-9.06079619163521e-09,-3.88755353273573e-07,1.62064811101393e-07,4.89131180374939e-06,-2.05763954919403e-07,-8.01721747715481e-06,2.16327061196573e-06,-9.24661729617545e-07,1.42064060031516e-05,-1.94022369083278e-07,-5.31925658723986e-06,-2.48733267074077e-08,-3.54886889515106e-09,-5.35997929535226e-06,2.84646460123155e-07,-5.86354329748757e-06,7.97042364796082e-17,-1.55199831286751e-06,1.22560770661646e-07,3.5323433831291e-09,3.15811384086221e-08,-1.16829790356744e-05,-2.47556588594957e-05,1.11644787547775e-06,-4.06590634614738e-06,-3.72130248195442e-06,-1.20274224901163e-16,-4.23482573110598e-06,-1.47889808470365e-07,-5.56222715500115e-06,3.156434670974e-15,0.00119320131214045,8.65409329122615e-07,-1.52256807346158e-07,-7.09678780050771e-06,-2.49378384797004e-06,-1.35467037447001e-06,-4.34099061995143e-06,1.395082910934e-06,9.88683843329982e-07,5.5137477756862e-08,3.09000592311861e-06,3.93932373884214e-07,1.63860456509943e-16,-1.58891443631417e-07,9.55374163718046e-06,2.5574196334889e-06,-3.88452090982141e-06,2.44216973963041e-16,-3.3738065166799e-07,6.31418435597005e-08,-1.73173118182511e-06,-1.03334020323906e-07,-3.91440997429467e-06,3.69611619148457e-07,-4.94809729330611e-06,7.88475956332494e-06,-2.15420525846769e-17,2.9086123752605e-05,-4.90552324115606e-07,1.3843791300746e-06,3.63075035629663e-05,-2.99037810732222e-07,-2.47982341408929e-08,-3.60822483003176e-16,-4.94872919347591e-17,-2.40760145001626e-08,-2.73773955394797e-07,3.61237026428851e-08,-4.13270779694022e-06,1.41886616102408e-12,-1.98363093366734e-06,-2.35409926948833e-08,-8.86444183928788e-17,2.50208119092121e-17,-2.57631710982805e-17,5.06566890596699e-06,1.33225836938785e-06,-1.4643985806767e-06,1.29351655576685e-05,1.04381703527497e-05,1.18571933809832e-06,-5.14748858711293e-07,-3.91014316034694e-16,-1.13979406876753e-07,3.21413967569028e-07,5.69825082815626e-16,2.73592095403999e-16,-2.04971876009638e-07,-1.24251719106792e-09,-1.22267821534713e-07,7.47260050748685e-06,1.2160028884846e-07,-5.10447835566256e-07,-4.23935882956587e-16,-2.77380399903921e-06,5.51336303920031e-17,-5.87511266136251e-06,-9.80986125664884e-16,-1.37340125753072e-07,-7.68560123535074e-18,5.6588563559104e-07,1.4911572272e-07,7.01064262250151e-07,1.48850788173517e-05,4.07340193212037e-07,-4.70251058844058e-08,2.99204813052324e-07,1.05342361648787e-07,5.69010581646577e-06,5.2550395826157e-07,1.06235463235492e-07,-3.00857572677338e-07,-5.79752961018976e-06,-4.72278346747246e-07,-1.45509764979693e-07,4.34098240025715e-17,1.37123680847644e-06,-2.37938004924796e-07,1.25512500510521e-07,4.87781316610906e-16,2.47155613347897e-07,1.08876457462122e-05,2.17138342949564e-06,-7.36445554654546e-17,-5.273744233095e-07,-3.15922343566112e-06,2.4662874384504e-16,-3.75464594523138e-07,8.63795537186721e-07,-3.74847789979009e-16,1.11024733974517e-16,-3.21612799767112e-08,-1.92835238606095e-06,-1.10645541235018e-08,-1.54904034798934e-05,6.79337385382068e-06,1.11418096604978e-07,1.20279451067939e-06,1.07573952447255e-06,-0.00252246248686557,1.17527515497429e-16,3.14677100642092e-09,2.58124004832187e-08,8.0118201773582e-08,7.98629490368542e-06,-4.95701152109984e-16,-2.75471210497929e-16,2.74736320137221e-06,-2.27615659001893e-16,-1.40088807347483e-16,1.29006361299507e-06,-1.91837760794712e-06,-3.59240124908329e-07,-2.17634802383361e-07,9.43170788615636e-06,2.46535617691228e-06,7.66808017746142e-07,6.20018586812835e-18,1.84283781968979e-06,8.68731316531181e-08,3.99881348038711e-07,-3.66795140485157e-07,1.49388766376924e-06,7.51387847572253e-17,-5.01264796878894e-16,8.48719807831469e-16,-1.52949811437573e-06,-6.74994128620014e-08,-7.052658866747e-06,5.4146038771649e-16,-5.30939069775877e-08,2.09882049176885e-16,-9.12933248801781e-17,9.89546533227201e-06,-3.9967252598346e-06,5.19549681055054e-16,-6.20661990276357e-06,-2.9472168506638e-07,-4.82487651693969e-16,7.04646362785271e-07,1.04427201826861e-15,2.99586868077567e-06,-1.25008406751492e-15,3.01122242488633e-06,2.35786826231542e-06,8.59513490509233e-08,9.08863995136894e-07,6.38314142400013e-06,-3.15721405131459e-07,1.85305594277785e-05,-1.18245408588625e-15,9.43174317546456e-06,-5.57825401280539e-07,-1.68528896479399e-15,-7.86284384247578e-08,-1.84776679724068e-06,5.02432455869008e-07,2.29789501549395e-16,4.65071151065129e-06,1.05662551871478e-05,1.70301978803817e-14,-0.396792826931336,0.000126583640540643,1.19379230974682e-07,-1.08579934615781e-14,3.45947195322243e-16,-6.51450420908539e-07,-1.62764105513483e-06,-1.24370117298284e-07,6.6897501162096e-08,-2.92772306547581e-07,1.91820224806767e-15,-8.48083939288395e-16,-9.6746441399105e-07,-6.58477654279842e-09,2.13762697659619e-15,-1.9478252538491e-06,5.52090619246874e-16,-7.67307654361463e-08,2.47019766947872e-07,1.41758337922512e-07,8.74654999469079e-07,-4.23349329898586e-16,-5.47079490465356e-17,6.4742948757039e-16,2.22903168073399e-16,2.8788573849197e-09,9.17712926094271e-09,4.88168694909651e-16,2.10256812602473e-16,3.77149471641171e-17,-9.04401744869989e-09,-6.71855062687604e-11,1.7358148205878e-09,-2.06451089776905e-16,-1.68918698473242e-16,3.16803874800264e-16,-1.57660561916556e-07,5.0324205731307e-09,1.3832036286387e-16,1.27262449636711e-09,-3.71054403827592e-08,6.58467543947563e-16,-8.29187147899859e-16,-3.48518767463824e-07,-3.2663375435212e-10,-1.92319486075217e-07,9.04500380556262e-16,2.22561681642976e-08,6.13101977150027e-07,7.09490416327534e-07,-4.40147348784196e-07,-1.0926181156775e-07,1.8470160512697e-09,1.36594880930675e-16,-3.72339020691382e-16,-1.10584947393655e-15,4.16714656264885e-08,-3.78120382778403e-08,-1.60622747204896e-07,-1.23501767755073e-08,-6.95363763199457e-16,2.77418290802372e-16,-6.89582611049953e-16,-4.19285806351777e-16,3.64065522857006e-16,6.31179955334296e-08,2.67843998385048e-16,7.2429588271068e-16,-1.15794073649177e-07,5.3714455820433e-16,-1.03781196484121e-07,5.59597835747949e-16,-1.28927117099957e-07,-1.18114183509667e-16,-1.62047782209297e-07,-2.04488260206943e-08,-1.70679345221609e-07,3.71091090614365e-16,6.74255937223587e-07,-4.76936256595835e-16,1.5809725781118e-06,-1.62304582009605e-07,8.99483351683204e-10,8.96467220197219e-16,1.46989990138797e-06,-7.54258875253169e-16,-5.90738476371229e-07,-1.88195569917703e-07,-3.79262956177329e-16,2.08045627410574e-16,7.1617716166143e-16,-1.09121366960061e-15,-7.09209056378834e-09,-9.27090573500887e-08,-2.07928294748131e-08,9.0236082613801e-16,-7.41261773437829e-16,-2.0290524641771e-08,1.65657605598335e-07,3.65829275853521e-17,-2.36653000500293e-16,-9.90363182231153e-08,8.55203087471694e-16,-7.05134804316573e-07,-6.86449086475427e-16,6.10464233299914e-07,-5.81930008203788e-17,-9.82287785022719e-16,3.63669649313689e-16,-2.66916076847957e-15,-2.46083949994194e-16,1.25278938053895e-16,1.20244748140217e-08,-8.41205417163201e-08,-2.70040796486439e-16,-5.63036287871872e-08,3.80410591621701e-06,-2.59139323642372e-15,-4.20255417587157e-16,7.50023212188785e-16,-1.5490653595543e-15,2.37179795512467e-07,3.80482415768225e-08,-3.79064539402344e-15,-2.60183432955015e-15,-6.94877826229852e-07,-1.40088589075426e-07,-2.12405551528638e-09,2.25285129606643e-16,-2.65141856931738e-15,3.56295860568637e-16,-1.16286878154011e-15,-3.98809868094592e-16,3.22510679995205e-15,9.36409159158739e-07,-8.87461094813399e-07,-1.70983021509901e-07,-3.01656237543252e-15,3.61918280295659e-16,4.56537735464577e-15,4.63503717464173e-15,2.7588229711128e-15,-3.28297968973539e-15,4.25655263153108e-16,2.44818135439856e-15,-1.06020636226245e-13,-0.707106781186549,-2.20001942376663e-13,2.24949949135155e-13,-2.70795817812199e-14,-4.76636153010707e-14,8.76363730340191e-09,-7.08802945457109e-15,-8.71764906246877e-15,1.30934001372732e-14,1.24518507189626e-07,-1.6562671824155e-08,1.51876773988675e-14,-3.218118869099e-09,1.14465962464638e-07,3.72681236243125e-15,2.74492636747079e-15,-2.21928136481252e-07,2.32615851650124e-15,2.85218468189939e-09,2.71959822195592e-16,1.49785318324764e-15,-1.4490812669483e-15,-2.93735033731269e-15,3.10815024256299e-08,-3.87275162165554e-07,-3.20017494634911e-15,-3.67223366222155e-15,1.48150887207737e-15,-1.07616517311557e-15,-6.15393153102772e-16,-1.35489748050731e-15,-3.74237382757391e-16,5.83001798146218e-17,4.80808032042793e-09,-7.79361121425381e-16,-2.02490874459265e-16,-6.05207645495575e-16,-2.67943280503056e-16,-3.19033533302048e-16,8.58235190361362e-16,-9.54377146881279e-05,1.17261828834812e-15,-6.70110876411288e-16,7.09642082049695e-08,9.63265993413996e-16,-1.21763046050979e-15,-8.89237119558047e-16,-5.20878700420589e-16,6.00869090163084e-08,-2.5248668764516e-16,-4.8972980404875e-07,-4.33946045272132e-16,8.95025491217206e-16,-8.75649636864082e-17,-8.43393246679949e-16,9.13077158520977e-16,3.05977247017942e-15,1.77767681688503e-08,6.89124068835246e-16,-8.84787757796888e-17,9.1500691774608e-09,-2.22912592024532e-06,3.71328025016578e-17,0.000141028238933074,2.27386250409477e-07,-8.24917595600382e-16,4.11663340956827e-16,-2.14443878611731e-16,5.00943151887278e-16,6.05181709043814e-17,-3.88967346911702e-07,2.46024227206441e-16,1.44427928121525e-16,1.75233248155624e-16,1.56185486956574e-07,3.03889298033425e-16,1.14395548951283e-15,-4.7565643341794e-16,8.86504660246418e-16,-7.14307775297182e-08,1.97814349275099e-16,1.95453804853821e-09,2.83272500397036e-16,4.21785923471023e-16,2.84189615902322e-16,-1.7423772167576e-16,-5.65365639371056e-17,5.68259960579219e-16,-1.44330915684591e-16,-3.4117381897595e-08,-2.64275105823288e-16,1.10874299274655e-16,1.4364377267669e-08,-2.71330679012009e-16,4.53076693408759e-17,-1.29835102985079e-16,2.01209966790611e-16,1.51653226836811e-16,-9.73665372028618e-17,-1.04605455106107e-07,-4.58426932257762e-16,-1.61331364446526e-16,3.12106418997167e-08,1.98857633705395e-16,-1.78478077448853e-16,-4.02534485311118e-16,-4.04547129927762e-16,-2.31868143316324e-16,-4.38692662174894e-16,-1.55164378459709e-16,1.01059223090459e-16,-3.75727464033179e-16,1.29588291591504e-16,-1.33687973753107e-16,-1.64923022884611e-08,5.47355671008254e-08,-2.50417543602029e-16,5.38321199236685e-17,8.4779296415018e-17,2.70672371121821e-16,6.53557069574262e-16,-4.04165747815368e-17,-1.45052725809153e-16,-5.89496980705702e-17,-8.38299766278638e-08,-1.7767243846333e-16,-8.48999000070757e-17,-5.25865890038156e-16,-1.12822888034375e-16,6.12241035617148e-09,1.22984135396728e-16,-9.74794274501396e-10,-1.82997767465761e-16,1.06417845874826e-16,2.78987681773969e-16,-8.63629363070673e-17,-1.9048291605022e-16,6.18990577792241e-17,3.92856333770686e-17,-3.73575122088176e-17,-1.00325115769194e-16,-1.95684336070139e-16,-3.39234332595696e-16,8.93077722130097e-17,5.52225126986212e-17,3.44768279975395e-17,1.80716272823041e-16,-1.22465306861973e-16,-8.41481050074634e-17,3.50383731593596e-17,-2.63578957001936e-16,2.24555727636945e-16,-1.91686944095437e-16,1.51255742435716e-16,4.01449542368369e-16,1.2230542593071e-16,-1.6713380836829e-16,5.17221048816299e-09,-2.70582898116869e-16,-2.84780624599098e-16,-1.78117986024999e-16,1.60990565753841e-16,-1.20606186988478e-16,5.17322413519896e-17,-2.3443373641298e-16,-3.68253556051431e-16,-5.39380799617002e-18,3.12247275747547e-16,-1.23599047663348e-16,-4.0408756031634e-17,4.95181712484046e-17,7.46406788873927e-18,1.42856476043357e-16,-9.73392177211804e-17,-1.42612353861596e-16,-6.71704840511475e-08,1.80092070421504e-17,1.39771506393577e-16,-1.12162464486742e-16,2.17717061023503e-17,-2.35908834982984e-16,-5.68253584595933e-17,-6.08982442998906e-17,-7.62979287514288e-17,9.53284210310883e-17,1.25935266523306e-06,-6.96853853137794e-17,2.14269825100661e-17,-8.75049803773744e-18,4.79138461128645e-16,7.61857363350867e-17,-5.63042246666616e-17,1.2057608146515e-17,2.19134183556543e-16,1.23988034049137e-16,8.1574410787037e-17,8.37967467219311e-17,1.74009990819533e-17,-3.69935964104151e-17,7.30615616644589e-08,8.08131560978139e-18,1.92989141760258e-17,-6.45714779868436e-17,-2.48932818802672e-16,-2.01096472205942e-08,3.4505161699568e-18,-1.19636009895093e-16,6.4805956820187e-18,3.48881012518655e-17,-1.16686205685045e-17,7.82846202423225e-18,1.08271597091885e-16,1.82938363649233e-17,3.39546875989264e-18,-9.44605557949563e-17,1.21452290509517e-17,-1.05116752128302e-17,1.04031460014932e-17,-6.69301318987695e-17,-3.3589171693354e-18,2.5612552091879e-17,-2.09687482256608e-16
"t39",0.0232183778175662,-0.00178865214629717,-0.00155893970602142,-0.000204976180519935,-0.00548444147842346,0.0346479311882813,0.00561339291068836,2.78280470929579e-05,0.00125378453577071,0.00623455251386223,0.00432141406924466,-0.00885865399817939,0.0201674711665958,0.00461170673240085,0.160431219023608,-0.00603163869218841,-0.00577831448489885,0.0016165420595434,-0.10634458774702,0.0119489046977003,-0.00116739233272487,0.000185156178662173,-0.00386627580439427,0.000613957424019096,-0.000105249910624136,0.00416679626600281,-0.00273833894173757,0.000291989249620725,-0.0023322094919386,0.00674213181509276,0.000175356958986498,-0.00630279519208343,-0.000300540266080247,0.0024593966299345,-0.000231572640356005,-0.000180438527322946,-3.1398600955274e-05,7.18214760189719e-05,0.000330448413751167,8.00503631103565e-05,0.000222733006680671,-0.000367812350431059,1.64767326582047e-05,-0.000279026676687357,5.76795400900644e-05,-9.12069425802812e-06,1.53088466439692e-06,-2.15814876638174e-05,0.000253571661079552,-0.00039978468491198,1.65477040481583e-05,-1.25796160544049e-05,2.32685950143775e-07,-3.53144323251425e-06,1.30467405041928e-05,-0.000172078650497987,-5.17467989037112e-06,5.6101779963587e-05,-0.000216250865635551,3.37838750374085e-06,4.1235091692431e-06,-6.38553582053677e-05,0.000154946668599859,-0.000117831279917829,0.000112365292208579,-3.11966805281177e-05,2.28629194982562e-05,-0.00133149130512276,0.000217969006018813,-0.00166639469294558,1.50909686124405e-05,-6.20471733182876e-05,0.000343113891969485,0.00017415688934429,-7.47248684531605e-05,-7.4536495643945e-06,0.000718859490603432,-0.000124352178567317,0.00752916944141556,0.0168899221901044,-0.00205485973729913,-0.274745442987586,-0.00765911249045644,-0.00219881414579763,0.000773553757288159,0.00182616976170344,-0.000243463136432268,-0.000422745320160909,-8.30704755926339e-06,0.000313766943847483,-0.000738358199883936,1.24049548706068e-06,0.00125675746480598,-0.000628796842406602,-2.68457132893095e-05,-0.000114352567570094,-1.34173718078833e-05,6.50163752151115e-05,-0.000698462940089634,-0.00171719769919036,-0.000505253123617529,2.27246960824155e-06,-0.000680577326204752,0.000133561433434456,-5.78994410259408e-05,1.18775391364482e-05,-0.00399558210525122,2.1126846066748e-07,-0.000376134533545093,1.31124349357766e-06,4.33817533574266e-05,8.25322265817914e-05,-2.54561401512486e-05,2.37342199170325e-05,-7.31214809108686e-06,2.53038667338712e-05,-0.000397654687156593,0.000408233657106422,-0.000523777728110146,0.000135072578075515,-7.50570546054543e-05,0.000141162136652621,-0.000907646731260966,-0.00266385964180922,7.65251164291068e-06,-0.000189249590851998,1.96188074755611e-05,-0.000224063107089335,0.000426762222413634,0.0148534331537091,0.000110030320938751,0.00158908732170038,3.90532789893232e-05,-0.000415565815857091,-1.3392720685989e-06,0.000526230710740461,5.89686641868684e-05,2.70783602665265e-05,0.00123787169910264,-0.00501030056662812,0.000232452515835329,0.000143121836023399,-0.000635485670458687,5.17596198260356e-05,-3.79726465670264e-07,3.2001112656807e-06,2.19344944280555e-06,-1.29860994006067e-06,-3.27445544751521e-08,-3.10910291622704e-07,-1.68345472081975e-07,-8.98653578684928e-07,-1.78997446786093e-07,9.33610627932734e-06,-2.61306245965962e-07,-3.69993272701516e-07,5.58337074149627e-06,-1.64119407540264e-06,-4.70779781794754e-07,-1.37582503428965e-07,-1.73834166972196e-07,1.03359953360939e-08,5.80137810194417e-07,9.67344630096361e-07,-1.25449451653744e-06,1.2449001720799e-06,-3.63986106172733e-05,-6.32514006831638e-07,-3.15786048701366e-05,-3.36122642521577e-06,6.14165229019266e-06,1.09043755745767e-06,-1.43187198440385e-07,-4.9205271036982e-06,-1.00260293336544e-06,-3.70518247289028e-06,-9.1454478422094e-08,3.90973915737614e-06,4.06170711492836e-05,2.01545749469941e-05,-8.13914176135663e-05,-2.21894752373216e-05,4.63278835896822e-06,1.83646003961604e-08,5.5143822523038e-07,1.5223532575609e-07,0.000262810972845548,-6.86532554666435e-05,-0.000308903489656445,3.03051441695753e-05,9.95594864243782e-06,-2.0120702457165e-05,-0.000142718523981803,-1.22742814639885e-08,-1.22824865195902e-06,2.38203580108697e-05,4.48424401079148e-05,2.72305578127673e-06,-2.85103109125112e-05,-1.41997727353225e-05,-1.42480467579062e-05,-0.000215684435606383,4.6371556056779e-07,8.30218354246409e-06,0.000142456178141639,6.09958037580488e-05,-9.79567667919392e-05,-4.57783983701734e-05,0.000826558933963295,5.41224234418398e-07,0.00417143700098409,-6.14480061588163e-05,0.000331268249323997,0.000597634737752082,3.45254882684575e-06,2.67352738012399e-05,-8.78211304745684e-06,-5.79802491486263e-06,0.000169846876609255,0.00177673241358276,0.000530701915209087,-0.00104328322314348,-0.000272133139316568,-0.00144756222931867,0.0287921402637188,0.00338818080067388,0.678984644450458,-0.00016202792420768,-0.00195435190889296,-0.00109316362971092,0.000238506675573495,4.38213681450712e-05,0.000267066664686604,0.000732926290373942,-1.8689896162986e-05,-3.24736956321014e-06,-0.00214875068048368,-3.08314167463527e-16,-1.05608967331554e-05,0.000147258037532554,-2.57964012343679e-05,-6.0225000294435e-05,-0.00126194841249695,1.01677600909325e-05,-0.107649338927204,4.14663981387701e-05,-8.52192778183327e-06,5.94334034040279e-07,-1.16838044721888e-05,0.00130721769299578,-3.35168442591145e-06,0.000354964472101463,-0.000257943630929257,1.0046633637939e-06,-6.27025419474691e-08,2.87438249646878e-06,-2.50351744899829e-06,3.91927167611027e-05,9.38416985609038e-05,-1.73928055181696e-05,3.27644106676185e-05,-6.01792419032466e-05,0.000678990684652349,-4.02345512293651e-05,4.07195297492223e-05,-1.37585203466929e-05,2.48023311133049e-07,0.0010183683218135,-1.63759984646264e-05,1.53943526228648e-05,5.01793020089789e-07,-1.29540249162746e-05,1.30052743724224e-05,-1.44163411199755e-05,2.26217499278513e-05,-4.34682141888832e-05,3.33630429086782e-05,-2.41883536081855e-06,0.000747545783817338,-1.94780992771482e-06,8.92273798336406e-05,1.66094820430178e-15,-0.000220453744867732,-7.56091540815652e-06,-8.51298322299067e-10,-7.68693236436856e-06,2.17965754986625e-05,-0.637877923953335,-9.07399082518132e-07,6.04806327401504e-07,-9.42870792540133e-05,0.0481892317874884,2.61256331295497e-06,-6.21583277665838e-07,9.47494903539816e-05,-0.000115917540259997,3.26768394177364e-05,-5.89896677385666e-05,8.3329671067842e-06,3.40450190462225e-06,2.24344904091192e-07,0.000137103022899527,-7.2569593266333e-05,3.19045088169864e-07,-0.000161614076039898,1.14457896800367e-05,-4.14184264800054e-05,4.77177188532977e-05,2.63459897234945e-05,1.31500795917694e-05,-4.16016536452615e-06,-4.37488600124607e-05,2.68522337618773e-06,-1.22715484833427e-05,3.4621941718232e-06,3.20083499263941e-05,-6.13646960361316e-05,-8.45560726879576e-17,1.72778579184508e-07,9.06988680355974e-06,-8.21029187969557e-07,4.78898858322868e-05,5.32863759210274e-07,1.24778993656192e-05,2.88185835951684e-05,-3.70232081141006e-05,0.000252447756825491,-1.00617304365262e-16,-0.000116383241990515,-9.32837245016002e-08,-3.93584886795159e-06,1.63755367839298e-06,4.7509433086105e-05,-1.95752922878247e-06,-7.41519527885448e-05,1.96385158416093e-05,-8.07762182867839e-06,0.000120042145358788,-1.60652776228074e-06,-4.35567311980998e-05,-2.02293545027483e-07,-2.85211720070337e-08,-4.30206522404814e-05,2.26582638462006e-06,-4.63795135797071e-05,-1.17978504917936e-16,-1.17330745385203e-05,9.18305281825786e-07,2.64643131209057e-08,2.30842650223541e-07,-8.50871697268819e-05,-0.000172781108951544,7.70277308445468e-06,-2.79890888698967e-05,-2.54016542865119e-05,4.13269377525931e-16,-2.86344772550375e-05,-9.96502431452882e-07,-3.70013022276741e-05,2.08281407958603e-14,0.00783064125936794,5.66159355833031e-06,-9.94463060779344e-07,-4.61980398636213e-05,-1.61439261533947e-05,-8.73351797974007e-06,-2.78965044304831e-05,8.88132946040389e-06,6.28718010982467e-06,3.48404913223114e-07,1.93115805884845e-05,2.46058769911389e-06,-1.69717701261574e-17,-9.71947080299091e-07,5.82336404705687e-05,1.54682889893832e-05,-2.32259182284286e-05,1.54903777319526e-16,-1.96938766546154e-06,3.59225863565387e-07,-9.74287087314452e-06,-5.78399208324506e-07,-2.17778760517859e-05,2.03369945733745e-06,-2.67541821759501e-05,4.0928277069082e-05,3.40434524313622e-18,0.000146004211028942,-2.45549951004851e-06,6.88926646660739e-06,0.000179242533005154,-1.47538832683053e-06,-1.22075937893e-07,1.94289029309402e-16,-1.00487158913241e-17,-1.17025233598841e-07,-1.31641087624032e-06,1.73465548441847e-07,-1.9657619468147e-05,6.63270619983891e-12,-9.2460544298431e-06,-1.08769341433535e-07,3.51585534879897e-17,-2.8521558279285e-17,1.57201039262141e-17,2.27884752913737e-05,5.97340204180998e-06,-6.49170081517216e-06,5.68003766306594e-05,4.57851449424108e-05,5.14937673098925e-06,-2.23291806490349e-06,-1.24621702111362e-15,-4.84755008958295e-07,1.35764560388565e-06,-9.78706066824106e-17,-4.23273417134419e-16,-8.43289883233582e-07,-5.08010730684384e-09,-4.95762722168812e-07,3.01320762997524e-05,4.8519463418195e-07,-2.03328025745868e-06,-3.92670378892498e-16,-1.10234511464666e-05,-2.02072181963415e-16,-2.31940423576599e-05,-5.85902854011167e-16,-5.39564715968968e-07,-4.94871784126031e-17,2.20950664732524e-06,5.81499800501844e-07,2.68945938500601e-06,5.69047045168177e-05,1.55497736309875e-06,-1.78384961449008e-07,1.12881866915247e-06,3.9242828407003e-07,2.11947777346006e-05,1.94982928599481e-06,3.91381502749147e-07,-1.09788298069895e-06,-2.09873504487279e-05,-1.69890912402171e-06,-5.21811207409998e-07,-8.31025102340334e-18,4.870152217862e-06,-8.37230389062369e-07,4.30026074486877e-07,5.31661440216141e-16,8.40212627820973e-07,3.65761569503966e-05,7.25744913157662e-06,-1.96409633123982e-16,-1.75801101110705e-06,-1.04210168511693e-05,-2.12619413166881e-16,-1.23205044498474e-06,2.74475161544077e-06,-6.18710910663585e-17,3.69686674189099e-17,-1.00876175063367e-07,-6.04129800718464e-06,-3.44722544418481e-08,-4.79449685020945e-05,2.07105094438041e-05,3.39222560935903e-07,3.65513042281629e-06,3.2013308590154e-06,-0.00737491826149211,-4.26872079350993e-15,9.1373219683908e-09,7.48628175918911e-08,2.3139171464709e-07,2.29482878920864e-05,-7.8405943771762e-16,-2.84506347018208e-17,7.83885591994089e-06,-1.43870442400677e-16,-1.02045398200366e-15,3.51156656824408e-06,-5.17680214587648e-06,-9.69242614924885e-07,-5.7580581104643e-07,2.4886087837153e-05,6.50118064961544e-06,2.01442984212136e-06,3.630756975593e-17,4.63918824802581e-06,2.16584618442136e-07,9.93710657971307e-07,-8.96474603307007e-07,3.53540348473251e-06,-2.37261986123914e-17,-1.81718583878575e-17,5.46201092225495e-16,-3.43797299566179e-06,-1.48052974590846e-07,-1.54395197922925e-05,-5.55207338883616e-16,-1.13333578018846e-07,-1.04437431856231e-17,-4.48454007453821e-17,1.84769953874778e-05,-7.44803579924306e-06,2.15973072759112e-16,-1.11071534602053e-05,-5.14201644262333e-07,2.01009110573003e-16,1.16154513047649e-06,1.73283713128382e-15,4.56395478852881e-06,-1.52704597118226e-16,4.5519306657909e-06,3.54264741209013e-06,1.28243085166611e-07,1.34273959965784e-06,9.21640503941839e-06,-4.13871871209233e-07,2.04530391260656e-05,-8.17084633432554e-17,7.56432351657961e-06,-4.27481952294621e-07,-1.07250366478696e-16,-5.64289206067665e-08,-1.15549799376722e-06,2.70202625613442e-07,4.85578874151419e-17,9.44768278855923e-07,1.36557887341686e-06,4.97498433332648e-16,-0.0105097441369712,-3.31722645699193e-06,-2.80159519604672e-08,-2.86709744909133e-16,7.76084531883276e-18,5.38389477209639e-07,1.84416984974664e-06,1.49353055075193e-07,-2.18064215762558e-07,1.1027700887686e-06,-1.87428996653358e-17,1.38096176172948e-17,4.02604745113606e-06,2.77512367319204e-08,3.02271397891557e-16,9.7287353855471e-06,-2.94026574897837e-17,4.5346418508688e-07,-1.86048898564308e-06,-1.08702129615953e-06,-7.20535044406297e-06,-1.09438955754592e-15,6.74762144648211e-18,-5.760672675602e-17,-1.54089321133639e-16,-5.21008151453574e-08,-1.80694791352655e-07,2.63798919110957e-16,1.01379459550755e-17,3.76850529793268e-17,2.54195433842169e-07,2.2837862013181e-09,-1.25660809002705e-07,-2.95007647714844e-17,4.10912623372006e-17,-2.04046848861772e-16,-5.37670107732477e-06,1.64512655902837e-07,3.26677232767803e-17,2.88330622355707e-08,-7.53924822048154e-07,-4.2329663481225e-17,-8.77763124422658e-17,-5.76843374052981e-06,-5.33082624036346e-09,-2.85535689261486e-06,-1.07437493896435e-16,2.89581463425803e-07,7.49777658702068e-06,8.03715928604193e-06,-4.5577171205643e-06,-1.10710124495154e-06,1.8010876468514e-08,-3.4137444548247e-16,-1.05703932363355e-16,9.7486813701473e-17,3.41285902128753e-07,-3.08990149600661e-07,-1.28909202818709e-06,-9.13959414319272e-08,-9.78253949900655e-17,3.05664867154009e-17,4.94695894147636e-17,-2.70544191011616e-17,3.12785453378092e-16,4.35256541246074e-07,-4.10050866677723e-17,6.14691798037578e-17,-7.79166182619761e-07,2.38288450435078e-18,-6.97450040288252e-07,4.57483116999937e-17,-8.64605358491784e-07,3.58030865890158e-17,-1.04538865359065e-06,-1.30780202925266e-07,-1.07763924990031e-06,2.06805303285312e-16,4.19284569654102e-06,-5.95780220385413e-17,9.52901005729889e-06,-9.42863008084906e-07,5.21738998955699e-09,6.0545280078659e-17,8.40936935231996e-06,6.14879940798475e-18,-3.31041588913976e-06,-1.05358602541273e-06,-2.76994302268552e-17,-3.53601597223137e-17,-6.02647634578148e-17,-2.03609724484625e-17,-3.90702047459735e-08,-5.08631025913797e-07,-1.13538430394219e-07,2.69638551426559e-17,-1.34525944133174e-17,-1.08419732771747e-07,8.84347109587208e-07,1.22852625856439e-16,2.0938679454599e-17,-5.15644678993474e-07,-7.86161366339496e-17,-3.65275776733668e-06,-9.89648004508912e-17,3.11757306256317e-06,2.53592951937031e-17,-4.3463699719016e-16,-2.55025451712364e-17,6.34514486065791e-17,-1.58198269234046e-17,5.95302502897825e-17,5.97707441607692e-08,-4.18001449634672e-07,2.05421528461388e-17,-2.77306699924744e-07,1.86680759211074e-05,-1.71497492909038e-17,7.16427961672927e-17,7.01011530473595e-16,8.34639576180185e-17,1.14642057354484e-06,1.83279306761804e-07,1.24476593155957e-16,-3.94751635413456e-17,-3.33465135723639e-06,-6.71944246949995e-07,-1.01715041695208e-08,-2.41733451383292e-17,1.15929473942072e-18,-3.91918874739178e-17,-4.26604189510942e-17,1.81067030545944e-16,6.30907441341402e-17,4.37178233832174e-06,-4.13388492399529e-06,-7.94680498848917e-07,2.26690891245536e-17,1.12122720879893e-17,4.45503093403165e-17,4.96100849440023e-18,-2.14411742751739e-16,-1.84053091759332e-16,-1.59610486200835e-16,-3.18902686740928e-17,-2.41880565265487e-17,-2.20393111543467e-16,5.33864616307626e-17,-1.99324884472515e-17,-1.08605023899025e-17,6.11477167259743e-17,3.93208560202694e-08,9.35490595283782e-17,-2.50721690666352e-17,-6.99721022829011e-17,5.56255269268506e-07,-7.39157348499569e-08,-1.30354552424907e-18,-1.43528354883277e-08,5.07849728763012e-07,4.13558784332631e-18,3.44268156787121e-15,-9.78338559046908e-07,9.36838627583415e-17,1.2477568702378e-08,-6.05154688797903e-17,-5.61465733048097e-17,8.44373390359628e-18,1.50856399282345e-17,1.34396840275642e-07,-1.67328658773323e-06,-2.80868655753067e-17,4.61392148757337e-17,-3.67793729892472e-17,2.41956090756449e-16,-1.49619899803e-16,1.90389502653559e-17,1.44703974389487e-17,-4.10566404177446e-17,2.00108594849653e-08,-1.00976946556247e-16,1.09501424667129e-17,-1.90315353746748e-17,-1.64413148213155e-16,-1.23473102223109e-16,1.62026084553744e-17,-0.000394244013933957,7.6765912759396e-17,-1.81478861194368e-17,2.9274863287644e-07,1.5346922174469e-16,-1.42973876505806e-16,1.94314124813625e-17,1.09971992536977e-16,2.44064718943064e-07,3.23230492555845e-17,-1.98386150954136e-06,-5.50577304032566e-17,-2.47630601039096e-16,-1.18267453397863e-16,-6.92500256357226e-17,5.24644598355762e-17,-4.93565441749298e-18,7.16227672133007e-08,-2.19123958545484e-17,1.85619740460589e-16,3.67148752255914e-08,-8.9425839688825e-06,2.43039830348671e-17,0.000563794021877721,9.08044446407949e-07,2.80480766920528e-18,6.07229907833119e-18,3.24995572002721e-17,-3.10994786664425e-17,3.37905617536259e-17,-1.52920599459095e-06,3.23660650403205e-17,2.1033319085111e-18,3.32413045017246e-17,6.11642897718557e-07,5.10560701936275e-16,1.49663568712979e-16,2.03904716815252e-16,-1.73546558734792e-17,-2.78311772734267e-07,-7.24311359943991e-17,7.60351860072369e-09,-3.45009296964692e-17,4.96751176198033e-17,1.21151847476538e-16,2.32949112392769e-17,5.58356665227546e-17,2.72898388724757e-17,1.17550387129483e-17,-1.31650696207826e-07,-8.1915871789083e-17,1.69541835899404e-16,5.53189363534143e-08,-1.11776312188063e-16,1.77979574216869e-17,-1.32986191969662e-17,2.05841156023099e-17,2.91560200293901e-17,5.40770651518078e-17,-4.00379559550319e-07,-5.44605019607677e-17,2.39991199753329e-17,1.19135321560922e-07,-3.39999559737021e-16,-5.47933350412802e-17,7.07594733729579e-17,-2.35001961210099e-17,1.23057864159028e-16,2.23684021814858e-16,-5.81018858854525e-17,8.18509014735945e-18,-1.53023461681724e-17,-5.09881158639926e-17,-3.44800384768019e-17,-6.23370433233261e-08,2.06647272821505e-07,-4.87538525852281e-17,-5.46683470016254e-17,1.0473172811439e-17,1.71842441699523e-17,1.81278603239576e-16,8.70518912805477e-17,-8.18366420592078e-17,1.70617877954621e-16,-3.14595275148012e-07,-2.75997481842053e-17,-3.51812239407447e-17,2.76278595800443e-18,1.30076026021027e-16,2.28610446096048e-08,-2.52096380939988e-17,-3.61965700038022e-09,-3.73178972944165e-17,3.96133393437687e-16,-7.95320770465572e-17,-3.17652735162056e-17,-1.03956668033519e-16,-1.33313970925105e-17,5.1937708543405e-17,-1.33356678172579e-17,-3.43897618818408e-17,-2.66578811232662e-17,-4.1987100863005e-17,6.63503463826178e-18,-5.62941412034334e-17,-2.37189130605276e-17,-4.1956794859914e-18,-5.43324341106858e-17,3.96028531509629e-17,2.72286185686305e-17,-6.07337765848272e-18,3.07628053126053e-18,-1.38777878078145e-17,2.89044543382574e-17,-1.59052520014512e-16,-2.00014133972813e-17,4.61609749497553e-17,1.883001125368e-08,-3.29613201206627e-17,3.99909412091013e-17,1.13470105244871e-18,-1.12530464697431e-16,-4.06494371302875e-17,1.8296986590636e-17,-7.01824486715258e-17,-7.73336739454675e-17,-7.07921246666989e-18,-7.26875175145151e-19,-6.50521303491303e-17,2.5059663357052e-18,9.08314759700559e-17,-6.11117714433049e-17,-7.6051160975526e-17,-3.84631947005498e-17,5.94166610583242e-17,-2.41451643146198e-07,4.43257743295585e-17,-5.54550536441896e-17,3.19286666202906e-17,-2.00508436765807e-17,7.05877932898839e-17,4.72366507012417e-17,-9.12640226117779e-18,-1.64048578351695e-16,2.81613354619218e-18,4.47006288417916e-06,1.40035747894823e-16,2.52199038087051e-17,3.46491384790374e-17,1.14173215030511e-18,-3.32491080675346e-17,1.19519382294208e-16,5.18193716259553e-18,9.49939959913751e-17,-5.50182880073112e-18,5.54878832499706e-17,7.43207936013016e-17,1.17486528410642e-17,1.27530617495238e-16,2.56178879669887e-07,1.63546390740378e-17,-8.80373757537725e-17,-8.25512363018334e-17,-2.16840434497101e-16,-7.01208638478373e-08,-6.09012088815444e-17,-1.03839487681719e-17,-1.46065764600313e-18,4.23759855011026e-17,3.72256830910787e-17,8.56210370265779e-18,3.50272870478503e-16,6.8525021025298e-18,-7.34150018745546e-17,-2.6557801716434e-18,-1.17617860908811e-17,1.71676089180884e-17,-1.79811000944458e-17,-1.32193911835849e-16,4.47182713882995e-17,3.29914122943603e-17,-1.86234004584584e-16
"t13",0.0222754429169089,-0.00163298431894221,-0.00141872971745318,-0.000179984960179791,-0.00465733309414943,0.0284574327368706,0.00458942554329678,2.23182759960861e-05,0.000956627014594048,0.00440836979010763,0.00266641605639699,-0.00453229580015708,0.00997442080464442,0.00223862384568145,0.0735307260620675,-0.00252858489898149,-0.0023237522799237,0.000628442570606818,-0.0394708044205329,0.00360956230761039,-0.000265996336279781,8.83099792881564e-07,0.000290988891794978,-5.16384443967136e-05,9.50038950760625e-06,-0.000695873145015712,0.000513512839323482,-5.94068564001068e-05,0.000588656092751009,-0.00427788413035466,-0.000145279242964418,0.00620064126979733,0.00038218032739833,-0.00369257345768569,0.000415353532125548,0.000428175085928009,7.81123673905784e-05,-0.000189700619288043,-0.000895829541844412,-0.000229845732731579,-0.000716260601994473,0.00130675314499703,-6.2390265394341e-05,0.00106220091003625,-0.00023718081508509,5.08693406233875e-05,-9.45600669334961e-06,0.000140134625821738,-0.00190896603270194,0.00359144840594638,-0.000195595197520028,0.000172732585604002,-3.27097209900969e-06,6.18773437308026e-05,-0.000420270611496595,0.00631154298867564,-0.00014718787776515,0.00110496564036149,-0.00411104468702744,3.79062164205366e-05,3.56216992074316e-05,-0.000495760862075632,0.00111183603065985,-0.000829673268717929,0.000694300759772928,-0.00017340827146199,0.000103221390414991,-0.00551534931244916,0.000868436619746545,-0.00619620951198707,3.90234007390648e-05,-0.000117245534267973,0.000613767466645025,0.000275869273502833,-0.00011646682870076,-1.09665839393086e-05,0.00103277979157338,-0.000157626378919261,0.00668366486288208,0.0123973223320168,-0.000964881507784146,-0.11312930396286,0.000140371780216107,0.000332657333550094,-0.000575965923056009,-0.00166989868564875,0.000265429568110533,0.000473099470745011,9.35934225120953e-06,-0.000359487272194401,0.000896654905472191,-2.3554376200937e-06,-0.00246972351811028,0.00152801195770837,8.89774568037188e-05,0.00039546003665127,4.64917872290259e-05,-0.000249971034886825,0.00278768388927534,0.00785264380179164,0.00256859596592583,-1.16599375681694e-05,0.00352840107829162,-0.00107528207424435,0.000481118436765277,-0.000101152103215858,0.0355424266866388,-1.90226598486093e-06,0.00346021907638714,-1.24605059861876e-05,-0.000416624675446641,-0.000843825871338063,0.000262218647276498,-0.000288111708496906,9.19314235773558e-05,-0.000343611466270085,0.0055905456807361,-0.00631668886681855,0.008896173654305,-0.00246334447214468,0.00142579556901732,-0.00309424780721261,0.0218758837320431,0.0644400490273051,-0.000187696474146369,0.00513110672983504,-0.000536437444573096,0.00669405141421643,-0.0166495113006895,-0.581289915549853,-0.0044051473283326,-0.0773161671147392,-0.00197740894806989,0.0216662047993011,7.8990689292196e-05,-0.0315877716765566,-0.00470272816233831,-0.00278141286113994,-0.175599701247543,0.71203756762338,-0.0312002543466191,-0.0159660542173105,-0.284915100414562,-0.0362107339709765,0.000261667544222824,-0.00103416199707489,-0.00121788369334364,0.00264249486357221,0.000160437623823947,-0.000845046161008174,-0.000410850228306415,-0.00149113872976297,-0.00025200191639093,0.01128267749724,-0.000159283084616304,-0.000214229444486988,0.00313451915173629,-0.00113126636395019,-0.000506950351400445,-0.00016507941185815,-0.000738871488147241,0.000106011197045759,-0.000657797345574185,-0.000953271023030151,0.000572786346602667,-0.000354596434788271,0.00433959264676673,7.36434273267941e-05,0.00365455074600942,0.000356015852721274,-0.000589553248132095,-0.000103245133569846,1.13340264666683e-05,0.000369429680348605,6.74689225999784e-05,0.000242939160387401,5.91788245950361e-06,-0.000201180273827018,-0.00168917631166872,-0.000809634024739746,0.0031648802056745,0.000785746445498004,-0.00015839696888612,-6.06999644995055e-07,-1.76615231520907e-05,-4.39943958874034e-06,-0.00740853828884214,0.00157606110103298,0.00704524513197848,-0.00064751485342334,-0.000179007644669493,0.000315598231457926,0.00213807779728334,1.71902610642995e-07,1.63706330816248e-05,-0.000274893429319442,-0.000501873352639128,-2.85787790099694e-05,0.000289825106084385,0.00011346129347709,0.000112583892950563,0.00154222919754469,-3.00740511928129e-06,-4.26229452006064e-05,-0.000730572822784026,-0.000306116944062016,0.000460051700179306,0.000205272721544563,-0.00327393227877021,-1.83243901225286e-06,-0.012401756847529,0.000175347514191102,-0.000780594437527078,-0.00125911482703056,-7.25201930965933e-06,-5.12816430429536e-05,1.31409694196502e-05,8.24141333620112e-06,-0.000178506452597849,-0.00145804993034018,-0.000395575968826913,0.000476639062666273,0.000106933243118629,0.000470242914268151,-0.00371319215457502,-0.000309792649478501,-0.0559016774181692,-1.76960629701579e-05,-0.000424513965013132,-0.000361419884076158,9.06004992278011e-05,1.8820417095778e-05,0.000126781639111872,0.00035716794869666,-1.12033333298273e-05,-2.16122627006755e-06,-0.00157724062599726,9.12695920403958e-17,-8.73095564914358e-06,0.000124355280208944,-2.47559618996925e-05,-6.25030652503639e-05,-0.00137599553473151,1.11125595795474e-05,-0.00153485753088022,6.85418896237837e-05,-1.2951319449477e-05,8.3690454268903e-07,-1.64600376937819e-05,0.00187486577616017,-4.85682087160864e-06,0.000516641186594757,-0.000384861118185599,1.65306975562381e-06,-1.06338189637145e-07,4.99034191983721e-06,-4.55075883382632e-06,7.14582251223664e-05,0.000175975055863328,-3.30939330571003e-05,6.35627176364373e-05,-0.000117436631727617,0.00133299284701519,-7.96268804176873e-05,8.15065281280014e-05,-2.7574342776244e-05,5.10002757348821e-07,0.00209516945727663,-3.37119563371548e-05,3.18879281406554e-05,1.04173293001683e-06,-2.70763269314022e-05,2.72165417808598e-05,-3.11046551108617e-05,4.89135445238624e-05,-9.41287545097048e-05,7.24372806099633e-05,-5.25809467395475e-06,0.00162319414852455,-4.22240455313705e-06,0.000193062354961195,4.48161865340673e-17,-0.000471445669787978,-1.61308504172763e-05,-1.79859525388185e-09,-1.5507074703464e-05,3.71332013166255e-05,-0.000122556166704653,-3.95296512654559e-06,4.9413200751943e-07,-3.01386929147405e-05,0.00652580243539995,2.60607710193702e-05,-2.02225295195583e-06,0.000300820222291309,-0.000363127322935384,9.92418284039548e-05,-0.000171626899152426,2.41225385029294e-05,9.85361364272241e-06,6.49284041617111e-07,0.000396127072681156,-0.000210801848145455,9.27629028020683e-07,-0.000470559867187541,3.33854225340879e-05,-0.000120878281213482,0.000139937518633928,7.72912454406079e-05,3.86047389047404e-05,-1.22187271941117e-05,-0.000128691906447258,7.91236553672723e-06,-3.6216857471545e-05,1.02249593703836e-05,9.464097402751e-05,-0.000181888879337604,1.0429579997254e-16,5.19473055854757e-07,2.73055606706279e-05,-2.47659074118726e-06,0.000144465521064647,1.60754343851726e-06,3.76610386054409e-05,8.70573715555102e-05,-0.000111958232450182,0.000764975095371209,-4.41274681132464e-16,-0.00035426173148093,-2.84101719977533e-07,-1.20005546431316e-05,4.99363572383417e-06,0.000145272107258244,-5.99428569096211e-06,-0.000227513273943431,6.03336431125368e-05,-2.48827117059648e-05,0.0003706278088576,-4.96684871604513e-06,-0.00013476067008342,-6.26151531035586e-07,-8.83464525210532e-08,-0.00013327032617303,7.0226526254783e-06,-0.000143801592083019,1.89066106639081e-17,-3.64628068310803e-05,2.85477982422217e-06,8.22711337979874e-08,7.18048159697498e-07,-0.00026467459182683,-0.00053626283746852,2.38517147988929e-05,-8.66131775711347e-05,-7.83524166916181e-05,-6.30651642508717e-20,-8.77727877313279e-05,-3.04369936556917e-06,-0.000109714541405008,6.02870461958286e-14,0.00165109458757218,2.54167849522381e-05,-3.90304493348354e-06,-0.000165007067431835,-5.48429730211721e-05,-2.91931781086217e-05,-9.25098907419627e-05,2.90687533112202e-05,2.05578226357917e-05,1.1341905304635e-06,6.25810364500537e-05,7.97246479977656e-06,-2.78465130311472e-17,-3.13754457200068e-06,0.000187925085842283,4.98928554788163e-05,-7.48871636350299e-05,-3.65573086508388e-17,-6.35053096886953e-06,1.15935261281994e-06,-3.14598227706387e-05,-1.86813161497644e-06,-7.03610739323824e-05,6.57459115207174e-06,-8.65810135929917e-05,0.000132799157628423,-1.39288367143184e-18,0.000474812366448084,-7.98693450721898e-06,2.2417467160623e-05,0.000583568674705383,-4.80369370043629e-06,-3.97525827186815e-07,3.46944695195361e-17,3.68060655065439e-17,-3.8140887303626e-07,-4.29359855691225e-06,5.65825262343445e-07,-6.41620258855614e-05,1.53090325949045e-12,-3.02196542411383e-05,-3.55704693874915e-07,-3.03922802025063e-16,7.30630129263323e-18,7.70787021604286e-17,7.46519075997274e-05,1.95721110897777e-05,-2.12852378979358e-05,0.00018634591000209,0.000150217946568855,1.69046736330398e-05,-7.33083934070357e-06,-3.856039228151e-15,-1.59326624658326e-06,4.46389753752158e-06,-6.80778910093624e-17,-1.42511333214727e-16,-2.7764661863494e-06,-1.67308891684876e-08,-1.63338372237957e-06,9.93005774143718e-05,1.59969171214025e-06,-6.70421931515071e-06,-9.47703508594866e-16,-3.63504595233278e-05,3.45982131036676e-17,-7.65039993192746e-05,-2.01336343430558e-16,-1.78005187246574e-06,6.88706717083383e-17,7.29094047568982e-06,1.91892163258547e-06,8.87993509749372e-06,0.000187905099019481,5.13491167347262e-06,-5.89174552009746e-07,3.72882154172425e-06,1.29667744522143e-06,7.00328016070197e-05,6.44320169653778e-06,1.29347395978087e-06,-3.62883971126924e-06,-6.93745381417991e-05,-5.61599139418079e-06,-1.72493559816737e-06,3.55272166399953e-17,1.60988819478044e-05,-2.76736629014571e-06,1.42055354261493e-06,1.61989525988508e-15,2.77471039692598e-06,0.000120713794085353,2.39441108666516e-05,-6.15179519654475e-18,-5.79901645693768e-06,-3.4344512661251e-05,-2.17251193537197e-17,-4.05830579323078e-06,8.99316698395164e-06,3.28810381355278e-17,-9.0183859442994e-20,-3.29263586010622e-07,-1.97106702882289e-05,-1.12221527246656e-07,-0.000155577796866116,6.64404724741963e-05,1.08670816603311e-06,1.16839101463784e-05,9.69457461827591e-06,-0.00185880317810869,-9.49761103097302e-16,4.33370258834983e-08,3.34367674461361e-07,9.27691935548549e-07,8.70393848046762e-05,-1.03196468870793e-15,-3.95093802028266e-17,2.86641942806571e-05,-1.99951382159614e-17,-3.50981236527282e-15,1.21483987818545e-05,-1.78571346420381e-05,-3.34317348518993e-06,-1.97693351931044e-06,8.5399819008096e-05,2.23073405125897e-05,6.90764031699565e-06,-8.6411548175577e-18,1.58310092034431e-05,7.38548503500718e-07,3.38777395682271e-06,-3.05319470306185e-06,1.2022792991965e-05,-1.43250123096384e-16,1.44558597693754e-16,2.17899125675839e-15,-1.16721085051028e-05,-5.02343792164622e-07,-5.23839784454894e-05,-2.21460186932843e-15,-3.84314612237805e-07,-3.57275727751416e-16,3.44537966168368e-17,6.25117463985718e-05,-2.51975746429188e-05,1.88651178012478e-16,-3.75533950761445e-05,-1.73784428342613e-06,7.41796494303106e-16,3.92221267417373e-06,5.67244931955584e-15,1.53915812596308e-05,5.62761791854701e-17,1.53490425977338e-05,1.19445314254003e-05,4.32338532816301e-07,4.52593898906365e-06,3.10531724197084e-05,-1.39200083259009e-06,6.85408190517792e-05,5.79756032838784e-17,2.51255929024777e-05,-1.41775266363211e-06,8.6412822245355e-17,-1.86710462461622e-07,-3.80240466624388e-06,8.82957638526289e-07,3.58563787511208e-17,2.83054534957085e-06,3.7495150491393e-06,-4.10247364193119e-17,-0.000791261252361527,-2.26552607263802e-05,-1.06853332859531e-07,-2.0554967819456e-17,-7.90134335878874e-17,1.90782720987547e-06,6.48208006158577e-06,5.24313085298887e-07,-7.55772532876125e-07,3.81833762839213e-06,-3.03930724854081e-17,-6.90485617092547e-17,1.39321160863235e-05,9.60263891495102e-08,8.36496350043819e-17,3.36357811831658e-05,5.9932968466945e-18,1.56671883034258e-06,-6.4229707489066e-06,-3.75254012053484e-06,-2.48691325954795e-05,-3.59457272479764e-15,-4.9974203837209e-18,1.19380208163892e-17,-3.30817944843356e-16,-1.79590549996942e-07,-6.22800452894616e-07,-1.28003820436015e-16,2.86411944430799e-17,-1.48126763641781e-17,8.75896321930495e-07,7.8685370897452e-09,-4.32837656520778e-07,-2.28399726464688e-19,2.56955914879065e-17,-3.57786716920216e-17,-1.8508350497671e-05,5.66296907147504e-07,4.6022064640344e-17,9.92352709018284e-08,-2.59465506471062e-06,-3.29934007318899e-17,-1.90592743247041e-18,-1.98500835700629e-05,-1.83440686681184e-08,-9.82515673010155e-06,2.90584066152139e-17,9.96369532593866e-07,2.57970224744083e-05,2.76519629919716e-05,-1.56804529662991e-05,-3.80887299166048e-06,6.19642697491454e-08,1.39923642553395e-17,4.01661095532384e-17,-7.10936552226374e-18,1.17418387033989e-06,-1.06307247352369e-06,-4.43513082427308e-06,-3.14469672670191e-07,-3.1768061257781e-17,1.28988234028712e-17,3.08427925990604e-16,-4.69118134045455e-18,1.94024767914483e-16,1.49775143554092e-06,-9.03323908198582e-17,-2.12486555548966e-16,-2.68129125308917e-06,-1.67108565557478e-18,-2.40009304191581e-06,1.31070456561628e-17,-2.97532711780311e-06,6.21286169634333e-18,-3.5977573882064e-06,-4.50096379219402e-07,-3.70895604062956e-06,5.32582781460947e-16,1.44313161886966e-05,2.62993015258915e-17,3.28010759741338e-05,-3.24600365166743e-06,1.79620708396613e-08,-2.39829552354944e-16,2.89528933026364e-05,-8.41130346988292e-17,-1.13986240507408e-05,-3.6277882769729e-06,-7.70005033533451e-17,3.5467423490853e-18,7.32512895281506e-18,-4.31974745021178e-17,-1.34540383369715e-07,-1.75153656392725e-06,-3.90994103379523e-07,3.37689862231529e-17,2.96059661896175e-17,-3.73412575263283e-07,3.04583073321586e-06,3.68984257065937e-16,1.40229746569688e-17,-1.77624005729685e-06,5.2326789366766e-17,-1.25830734079305e-05,3.28062443725911e-16,1.0740525026291e-05,6.76994115161603e-17,-1.66259971946563e-15,1.83647462075897e-17,-1.15417391480103e-17,-3.03996358914649e-17,3.10528792932683e-17,2.05961507045666e-07,-1.44037758041179e-06,-1.85101459844685e-17,-9.55630730415243e-07,6.43342693077713e-05,-2.91830922510626e-17,1.14329710531656e-17,2.72227294734845e-15,-1.96531974473937e-16,3.95132958282827e-06,6.31721877689457e-07,1.7928319897618e-16,-2.08518180363567e-17,-1.14941703752666e-05,-2.31612690189562e-06,-3.50607139958511e-08,1.06850481788832e-17,1.43236194214671e-17,-8.4372409954115e-18,9.61468819295723e-17,-1.89971146400563e-16,-1.15281243981781e-16,1.50729766559335e-05,-1.42530780491773e-05,-2.74001250629677e-06,-1.97756795006458e-17,-3.29582355705383e-17,7.85038396526797e-17,-4.07441727184508e-17,6.61519204070797e-17,-4.4025036186118e-16,-8.54100445933462e-18,-3.47689750080126e-17,3.6531688228625e-17,-8.31757996103448e-17,-5.79769146589852e-18,1.21780374024771e-16,1.36020773957683e-17,-7.78472373495136e-19,1.35626380990731e-07,2.80338553726062e-16,1.20687515957293e-16,-5.77277450161881e-17,1.91874034044256e-06,-2.54966870522682e-07,4.53828986881474e-18,-4.95093849920015e-08,1.75190402533081e-06,7.39876332852565e-18,1.23605832631583e-14,-3.37516658855257e-06,2.18804199620558e-17,4.30499791513448e-08,-4.7443233208511e-17,-1.98627672888108e-17,-5.13041805797059e-18,7.27292086098694e-17,4.63753460314297e-07,-5.77393635307982e-06,6.90354767206687e-17,-1.57057169634819e-16,2.46987984394595e-17,1.05420667964125e-16,-2.83193607453214e-16,-4.04363497230082e-17,1.76652094926217e-17,-4.95640080181762e-18,6.90524667076874e-08,1.65909341619283e-17,8.04951138376879e-18,-6.19123079452645e-17,9.95684477975317e-18,1.53641749277193e-17,-8.71627830442803e-17,-0.000111891685391307,8.13019208817083e-17,7.93029014696002e-17,1.01367540821197e-06,-1.27927191452008e-17,1.0039800715745e-16,-2.35976785062466e-17,-7.75141898286138e-17,8.42925325343455e-07,-2.86292442001222e-17,-6.85111732909402e-06,9.92432652284368e-18,-2.61380272507312e-17,8.69190527474768e-17,-2.99561248609482e-16,4.6549250218704e-18,-1.79230190429446e-17,2.47263098553557e-07,-9.44138008853002e-17,-3.74348239555744e-17,1.26628872566203e-07,-3.0839392288775e-05,1.5360136145572e-17,0.000160805053491366,3.15863700021665e-06,2.16912868927512e-17,1.15255238550432e-16,8.52582526651292e-17,3.15314462470442e-17,3.75132544566583e-19,-5.28809757290501e-06,-2.39238587577365e-16,1.17507983811871e-16,7.17316057424306e-17,2.11506440163275e-06,6.6253190600472e-17,2.09279606645872e-16,-1.16808874421987e-16,-2.40924321990993e-17,-9.62418031259458e-07,-1.15939991812847e-17,2.62936659200606e-08,6.52352880381512e-17,5.41000448998457e-17,1.0541261945047e-17,6.45900234182482e-18,-5.08421255637821e-17,2.41156064706245e-17,1.0960592282507e-17,-4.55295279891319e-07,-3.7018327254286e-17,-1.28674440426262e-16,1.91317160718195e-07,-1.21737982556241e-16,-6.95776738922507e-18,-1.71492654406371e-17,-4.50350505161762e-17,-2.74079031840811e-17,-6.76138496024727e-18,-1.38479850703085e-06,-2.10452159978775e-17,7.34855943658986e-17,4.12070693728712e-07,2.08435120952268e-16,-7.76455865674414e-17,-4.88188899420474e-17,2.91967976704936e-17,-2.22702587646053e-17,-1.09910343125362e-16,-2.38432948979866e-17,-2.24199119158966e-17,-2.58879891398652e-17,8.27295669536115e-18,2.34804198524261e-17,-2.15646063965562e-07,7.14879682768335e-07,1.80789461621406e-17,1.76775427200046e-17,-1.28015239399967e-17,-2.56910370563951e-17,4.81602605018061e-16,-1.36661471093677e-17,-2.00514900078053e-17,-4.17408778424985e-17,-1.08842224450321e-06,1.87787802455041e-17,-1.40455842829319e-17,-6.6512755724048e-19,-2.38228247143249e-17,7.91001586301165e-08,1.55519567059322e-16,-1.25253429808732e-08,3.68205070239948e-17,-3.62255725053495e-17,5.78877740859007e-17,2.70393689136874e-17,4.06932282885912e-17,4.11294289689397e-17,1.3955298966303e-16,-2.25060208729423e-17,-7.28850421112882e-18,-1.99481945234218e-17,-2.4239533630107e-17,-2.01514747024243e-17,-4.19140989449459e-17,-2.03242577653033e-17,-5.58051654237644e-18,-9.84188713120341e-17,1.74037647519017e-17,-3.16454130029078e-17,-2.39290177347833e-17,6.05939400902765e-17,2.39608680119296e-16,-1.07605617938972e-17,-5.08413763094775e-17,-4.68506293041898e-17,1.23357647108819e-16,6.51813096949578e-08,2.36621091668907e-17,-1.66177104785828e-17,4.61666304139631e-17,-1.48489164746578e-16,-2.28500153727449e-20,1.4215622516395e-17,-1.05469966308669e-17,5.36050506816583e-17,4.1062702745522e-17,1.92378667724848e-17,-6.72205346941013e-17,-2.29646258182559e-18,1.31782854836507e-17,8.22592478076383e-18,7.12124032682059e-17,-1.0009844290331e-17,-1.24734900614514e-18,-8.35991841234391e-07,2.98443686497395e-17,-4.85816808940746e-18,9.3856679526171e-20,9.25146454605946e-17,1.97217058711476e-16,-4.80557827819884e-17,-5.71622605592874e-18,-9.71721555614141e-17,1.43211348256256e-17,1.30404821637786e-06,2.47409778518732e-16,-2.25355766985165e-17,-5.70577441051759e-18,3.69839945535603e-17,-4.01682273119048e-17,-1.34618708865939e-17,1.49149668172963e-17,-8.88939598439975e-17,2.29667546727409e-17,5.68337045466165e-17,2.4385958293812e-17,8.5187792641932e-18,5.5339333534659e-19,8.87383573626158e-07,2.6150784921203e-17,5.96666994352929e-18,-3.81872389320839e-17,-5.56195714485064e-16,-2.42917611864047e-07,1.86293632639145e-17,-3.77268371808171e-17,3.64035890458304e-17,1.80506628098942e-17,7.41473465599372e-18,-7.6986651724426e-18,1.59898809045524e-16,3.50220074448717e-17,2.44366453442541e-17,2.08427596556886e-17,-1.75888120053947e-17,2.25375829002381e-17,-9.87285517294041e-18,-1.07850378166276e-16,2.94340884028498e-17,5.04647757940322e-17,-1.67876164779934e-16
"t706",-0.00485242397119371,0.0493693226187782,0.0634473342010618,0.0149619188203535,0.0299175338502453,-0.00482283125533162,0.00147388918120724,5.01459858206075e-05,0.000404335409716157,-0.000969847998337082,-0.000217063447467146,-0.00107752068896713,0.00676210759634375,0.0454340222276047,-0.00111813246991862,0.00192487931452462,0.136068902132775,0.00175085255226517,-0.00110017364444569,0.00040778881523166,-0.000935848335075191,0.000141483662536972,-0.000248953229195328,0.000388157587976227,-5.64618506653824e-05,-0.000388976301633747,0.0017780658538756,-0.210936596319695,-0.00900049033478873,0.018368225319298,-6.95639920145657e-05,0.00104493624678296,0.000395840903185766,2.22507230666026e-05,-1.17689121086737e-05,-2.51834228076124e-05,-8.90883943876772e-05,9.18750503274153e-06,8.04955822883974e-05,2.83788942068878e-05,0.0222206496799834,0.0001100984059382,-3.49720530194069e-05,4.03187312670129e-05,-6.22415054546122e-05,-5.55310606498322e-06,1.38922655129165e-06,-2.23756608269222e-05,2.74023183934649e-05,-5.89027362625683e-05,5.23552942418188e-05,-0.00224905445338975,3.72657104754395e-09,-1.32024147378802e-05,7.12741231202963e-06,-7.55578936857218e-05,4.48575278482104e-06,-0.00649654909817958,-0.000422455589858705,-4.86458155062854e-06,-5.23306747232547e-06,6.6064609963912e-06,-0.000185117461812603,0.000288445075444735,-8.26645723419234e-06,2.48603493168403e-05,-1.38191065434109e-06,6.90192183232562e-05,-0.00359721983843348,2.11311421464642e-05,-3.39313680227013e-06,8.70715070616754e-06,-2.84451316153064e-06,-1.85036098984088e-05,7.73566982184029e-06,7.11729215449316e-08,-6.52444866695291e-05,0.00027148646282125,-3.09587142051395e-05,-3.5817395283159e-05,0.00025767008153726,0.000150218318760319,-1.79463363962394e-05,-8.34203161239604e-05,5.12155107223941e-06,0.000144047716156597,-2.11419159120607e-05,-3.33109177426399e-06,-7.40907940244577e-07,2.81014884909595e-05,-6.13815219831569e-06,1.48705444076146e-07,9.87212793724853e-06,-8.97895789201055e-05,-5.31087461197187e-07,-2.4655791447118e-05,-2.90789827554414e-06,2.70253631793223e-05,-0.00279635572417139,-1.31624029361557e-05,-4.21040200654553e-06,2.74742020550491e-07,-5.91694538121555e-06,2.42194074935642e-06,-1.05387004847031e-06,1.66180749009764e-06,-5.6262001717109e-05,1.9245087806732e-06,-8.7506713816365e-06,3.01041341565394e-07,0.000247560026941103,1.60114078169285e-05,-4.92644571133069e-06,4.47904702392611e-06,-1.62934919733434e-07,4.7075987988942e-06,-9.16822738328647e-06,9.73829290544411e-06,-1.01742497463603e-05,0.000576388278149727,-1.17514961876799e-05,0.00180135284306638,-1.53312628902077e-05,-4.23634989655919e-05,1.96737432757751e-06,-2.18085757564032e-05,2.22646831249699e-06,-4.76557141242468e-06,2.1082469655201e-05,0.000293199960246172,1.25818088066168e-06,2.67324169146746e-05,-3.54415538609303e-06,-6.42504490854797e-06,2.79374807481467e-07,1.05736592253513e-05,-6.31185178036802e-08,-0.00094862447117033,9.42202118038514e-06,-2.71172229327583e-05,-1.7074087683398e-06,-5.08171742036075e-05,1.38281872537024e-05,8.71848573273237e-07,3.31945135479632e-07,-1.71449773797156e-07,-0.000205342322929007,1.11509148709435e-06,7.21931065352962e-08,-1.72416667599023e-07,-3.65467087397927e-06,-7.98366824978592e-07,-2.30785776976228e-06,6.3431541501543e-06,-4.40644718044902e-05,-1.51021602719962e-07,2.25367450627786e-06,-1.63599792890664e-05,-5.40544518947231e-07,-1.77722213589682e-07,-1.17153994106691e-05,3.98994831390951e-05,-8.04473920296441e-07,-1.59456369656004e-05,9.97794679879967e-06,-6.42006142554443e-06,6.85831504922106e-06,1.1754933097617e-07,5.85044152202129e-06,0.000157991952561626,-1.24174433722164e-05,-2.1862742985668e-06,2.54537722526772e-07,6.55931152146142e-07,1.61896429293264e-06,2.58625947380665e-07,1.44908001515227e-07,-5.96017407521799e-06,-9.02759773550646e-06,-7.95037928444701e-05,0.00148854706039581,-1.27293046058767e-05,-7.57083175777006e-05,4.80164382275692e-10,-0.000167816900531209,-3.46099743857151e-08,-5.61183513190943e-06,1.74538287015933e-06,7.85498803861545e-06,-1.01047899936512e-05,-2.30586299118698e-07,4.27111161137272e-07,1.69661330463841e-06,3.00386607996022e-09,8.04578321332957e-06,-3.99769664631059e-07,-7.33513642635739e-07,-5.16049949167306e-07,4.29702851063478e-07,1.75859431377972e-07,1.75333930690891e-07,5.57808424479188e-05,-4.28883214292145e-09,-7.08315978197061e-07,-1.07267316267236e-06,-5.29481654190752e-06,6.71262307125422e-07,3.46849531747363e-06,-4.7231060201568e-06,-2.78061953033103e-08,-1.74313917866392e-05,5.55093465714087e-06,-1.37382215933215e-05,-1.64256651992201e-06,-1.32778639497918e-07,-8.37786821989626e-07,2.01504516578328e-07,3.06703804349224e-06,-2.17721761195119e-07,-1.34661495988371e-06,-0.000411184682792232,4.26147393215962e-06,9.8537841961085e-07,8.96215546258923e-05,-7.66161690439098e-07,-2.94927995614927e-07,-4.05284612573947e-06,-6.24912837912466e-06,-3.45405184755855e-07,-2.38366142085985e-07,6.62597966493998e-07,1.25150460140318e-07,6.38266715129525e-08,1.04047470313428e-07,-4.16849389731918e-09,-7.68469045238102e-09,-2.05877894358627e-07,-7.79519499077839e-17,-1.0480379253144e-08,1.13393409432137e-07,2.53147652011984e-06,1.72222154769207e-07,2.92646848131027e-07,-5.03213853594617e-08,9.33700028978499e-08,-5.15034529231876e-07,8.56711581904847e-09,-6.33632877401991e-10,1.56126406614526e-07,-1.79891734491697e-06,1.31081642929234e-06,-6.31014561766787e-06,4.36281224759678e-07,-3.37724137593817e-08,2.4618080697353e-09,-1.27492213222993e-07,1.42217154257733e-07,-2.26442690497534e-06,-5.63956795345136e-07,1.16628039675822e-07,-5.1903143933584e-05,6.13276229174265e-07,-0.000115858571583373,2.86981084068791e-06,-2.94073696172753e-07,1.0117434125787e-07,-2.00675775468396e-08,-9.76643401083866e-06,3.06748845867695e-06,-1.5595343127736e-07,-1.61858146344965e-06,1.41995835224891e-07,-1.72611016872461e-06,2.59826323824666e-06,-0.000102595368095598,8.12667890523805e-06,-6.6366857999942e-06,5.0223039007763e-07,-8.93996989831349e-06,4.69206463037713e-07,-1.84965228974218e-06,-2.06982986180603e-16,4.86520248129011e-06,1.6814409201219e-07,2.26649542762364e-10,2.10538332092683e-06,-2.81356108095509e-07,1.79294957316651e-07,6.0011580071012e-07,-8.24178369823732e-08,3.53968255714501e-06,-1.23422909525208e-05,-4.79043073780895e-07,1.21529128719437e-05,-6.76778382607535e-06,8.36914233688905e-06,-2.8709168883773e-05,6.05158882959683e-06,-1.15807219770472e-05,-4.14415039375378e-07,-3.15860038938154e-07,-2.79749409549562e-05,0.000493105558859317,-2.77183401959367e-06,0.000124218344461019,-0.0151258604219387,0.495508795730964,2.02752448989201e-05,1.70682129889463e-05,8.72092903983154e-05,-2.57189248879792e-05,-1.18752225214707e-05,1.14704374667796e-05,-0.00108270545048099,1.0559323153364e-06,9.0616082488713e-06,-1.50123845682152e-05,4.10810446131434e-16,2.49676860455862e-08,1.44659685209256e-05,-1.25262733208329e-06,6.46051441341547e-06,8.22373475427776e-07,1.67460218996185e-06,3.89811881175602e-06,-0.00122940807971582,1.78585819511092e-05,9.92600219290333e-17,-1.25655136143684e-05,-1.14160910841738e-07,-4.13136572081692e-07,1.95495607490122e-06,2.9255608607446e-06,-1.91623264279375e-07,-7.03745803073724e-06,1.82626545349157e-06,-8.16880763680532e-06,1.02453591553833e-05,-1.48650950366709e-06,-3.20769071176296e-06,0.171716914406953,-2.89991490390383e-08,-3.83508401282353e-06,2.21810675896369e-06,-3.9444705712276e-06,7.42466903493902e-16,-1.06643314690058e-05,8.27060169480412e-07,2.38326563260274e-08,2.02379656398399e-07,-6.59621400818493e-06,-1.29110427689707e-05,6.46181545542507e-06,-2.34057657926307e-05,-1.13918265326973e-06,5.82768523543722e-16,-2.06066485125544e-06,-8.08142754131672e-07,-2.54940710255465e-06,9.74587271019715e-16,4.74460839620933e-06,6.83491681231964e-06,-1.04275067561273e-06,-3.8943613223861e-06,-1.3170542340406e-06,-7.47902725202859e-07,-0.000548906932902811,6.21423774396161e-07,4.99822470654608e-06,2.78606382331719e-07,1.36172282705136e-06,1.96418589934244e-06,3.56977487324634e-17,-7.65302890462445e-07,2.50202745644469e-06,1.21198618065013e-05,-1.59991138325992e-06,3.32192676150585e-17,-3.51754399426138e-05,2.73358279369459e-07,-6.55580380297975e-07,-4.38261570038843e-07,-1.46380621392238e-06,1.54445190205465e-06,-0.000460323120918402,2.64593031191706e-06,-3.90380783228562e-16,9.45652520484029e-06,-1.80593803868813e-06,5.01481688943698e-06,1.16605366767845e-05,-2.76814676872901e-05,-7.92687530355398e-09,8.00574884163296e-16,-7.358149718528e-17,-7.63435308731554e-09,-9.73505164728366e-07,1.28360007064091e-07,-1.29877783249871e-06,3.67011263336449e-15,-6.24945426859093e-07,-7.46722324227239e-09,-1.97081894398542e-16,2.06113620749303e-17,3.10778044351946e-17,1.7314476730978e-06,0.000119916890005654,-6.38503875611139e-06,6.41215680445079e-06,3.3670659397288e-06,0.0640894755533258,1.20031350507748e-05,-6.43263432700023e-15,-1.5273799450911e-07,5.36178823055414e-07,-5.49231491639033e-16,-4.57221924270955e-17,-4.30933327995136e-07,-2.37057310028004e-10,-2.65524594270648e-07,1.45813665754705e-06,2.68053289863568e-07,-1.00486074308363e-07,-9.22849243203711e-16,-3.38610476038702e-07,1.15059092689728e-16,-1.15950706545598e-06,-7.1579027427493e-16,-3.03815342904582e-07,-1.57766016198779e-17,1.25096954926498e-06,3.29568159539777e-07,1.37637365895607e-07,1.80931957689994e-06,8.96404403550338e-07,-1.02921854295502e-07,6.5270741151667e-07,5.18895535707023e-06,1.09933122448879e-06,1.01343399918295e-07,2.28136951153004e-07,-6.41462733363982e-07,-1.09837909518807e-06,-8.90413083652262e-08,-3.0607345154399e-07,2.61664867183071e-16,2.86145719379204e-06,-4.92671578064945e-07,2.54293644614312e-07,1.69626206404215e-16,4.45973382099525e-08,1.22638643791178e-06,0.000343592651895921,3.39859420153383e-18,-9.85740733668399e-07,-5.44280776227353e-07,1.31494319474947e-16,-1.6524126716107e-05,1.60639353364387e-06,-1.07909815042373e-16,-4.10386238718778e-16,-5.8865294179009e-08,-3.16005769943319e-07,-1.80008706014535e-09,-2.49688685784043e-06,6.62585477922976e-07,1.94881204247136e-07,1.87727840070522e-07,1.73263112528371e-06,-3.88731069622068e-06,5.63839339801087e-16,8.01645416185219e-09,5.5169139455164e-09,1.52244505647574e-08,1.42473055077949e-06,-5.02965866249736e-16,2.79263353944215e-17,4.68648294288264e-07,-9.87856668197645e-17,-9.93052513228774e-17,2.25139893074205e-06,-0.000258919758902607,-1.94995259975724e-07,-3.48082161119296e-08,2.17821217151061e-05,0.00034690076145353,1.03977454459897e-07,-5.07206186383195e-17,2.56809827773954e-07,1.20049904845846e-08,5.51003998958469e-08,-5.54944123321615e-07,2.19305858696489e-06,7.0234048430609e-17,7.08384694757692e-17,1.79255044801766e-16,-1.92074381881343e-07,-9.21958702174336e-08,-5.36989558422107e-07,-4.01991822043641e-16,-7.07408002155259e-08,-3.48796217256761e-16,-1.15608307480871e-16,2.29712481304668e-05,-2.48145711047156e-07,5.20417042793042e-16,-6.27176482167649e-07,-3.24042908595308e-07,2.30917927387711e-17,7.34202404968144e-07,8.51440924976794e-17,2.61225407710763e-07,-2.14680090727886e-16,2.62287788514624e-07,5.1188981635147e-05,8.05359874078601e-08,7.62387756057224e-08,5.24987468909117e-07,-2.63328855530285e-07,7.30413080524985e-07,-2.19714666853743e-17,4.83441724061382e-06,-2.73096709362726e-07,-9.98004565771988e-17,-3.60212240035171e-08,-1.67357299974411e-05,1.7118562880503e-07,2.20896915710981e-16,4.39562773998167e-05,7.32093442275466e-07,4.7669267163176e-17,-1.83395659301395e-06,-4.06156984571203e-07,-2.12525672273791e-08,3.8727701141608e-17,-2.60638030244384e-16,3.05338083219915e-05,1.18543169692194e-07,9.6041837724396e-09,-1.60453263080893e-07,7.36962184272906e-08,-7.90382271407511e-17,-5.14885807335504e-17,2.70732398775407e-07,1.86767531689968e-09,-9.22110616368992e-16,6.62513020688935e-07,-7.22668582517552e-18,3.47206650685662e-07,-1.31088695563625e-07,-7.67182353947361e-08,-5.11989794932686e-07,-6.79731150819105e-16,3.43355318683889e-17,1.49493164091135e-16,-1.75500609302208e-16,-4.47873109505696e-08,-1.56921509840963e-07,5.16696550593666e-16,3.22669686585453e-16,-4.36644814820517e-16,2.30574793449552e-07,2.11978332209654e-09,-1.26615357358225e-07,1.61015126809968e-16,5.30039337073851e-17,5.78367648912392e-16,-0.0412244532892411,-1.49110556379583e-06,-4.380385847353e-17,-2.83701629540484e-09,-8.8700132540277e-08,-2.0384984734328e-16,1.9815374051422e-16,-1.81186839563629e-07,-1.51807676335198e-07,-1.09534897080318e-07,8.32814714208353e-16,3.26212792478663e-06,2.21510409499806e-07,2.51943839999858e-07,-2.43686199655375e-07,-6.64817740633617e-07,1.10729556476071e-08,-4.11277286620597e-16,8.25403464101368e-16,1.39196457812116e-15,2.33353742031617e-07,-2.11576171499715e-07,-8.06651859806719e-08,-1.51973736490256e-06,3.64270158623784e-16,1.28574850647778e-17,-5.20995149501738e-16,2.2450388076537e-16,-7.3241163761284e-16,3.41369013219975e-07,1.81661186251542e-16,-3.54696534131377e-16,-5.67455023280534e-08,1.56427788351939e-16,-5.08707545936687e-08,9.45597480974113e-17,-6.32234663217205e-08,-3.14104405229738e-16,-8.05396089225442e-08,-1.02117787517365e-08,-9.51126923715721e-07,3.13256226490295e-15,3.43951570911577e-07,-3.5371896825896e-17,5.22177447115977e-07,-1.02550788699653e-06,1.28869180060856e-07,9.30617527903061e-16,8.79851352572587e-07,-5.47612406217641e-16,-2.41666374145249e-07,-0.000107019163365116,1.08423919108005e-15,9.47518942449325e-16,1.19376529423663e-17,3.01935472585003e-16,-5.10692669937344e-09,-6.87843675359477e-08,-1.60193604459954e-08,-1.53078470045207e-15,-1.77585852762237e-16,-2.19986001656834e-07,1.82119782332732e-06,3.11859736977504e-15,8.62686051772007e-16,-1.85141953155423e-07,-1.9034835907243e-16,-1.71035177607262e-06,-6.61682477753613e-15,0.379573936554729,2.78975515339832e-14,2.78723806547068e-14,3.32308937940572e-15,-5.83371613624146e-15,-8.65698745889144e-16,-1.1163142547347e-14,-1.09831890307766e-07,7.55593450186282e-07,4.05755657607288e-16,7.63849580487943e-06,-1.11448067975702e-06,1.12424108784728e-15,1.24317972727857e-16,-3.27970350894046e-16,5.89357570917821e-16,-6.27617371644204e-08,-8.87658289458968e-09,-1.17030601059768e-16,-1.26429555796757e-16,8.80436263725748e-08,6.94835354678036e-06,4.39463882371119e-09,-5.5718519164652e-16,1.13130569362369e-16,5.86597555352829e-16,-1.5467553294798e-16,9.61085729800314e-16,2.48835908228588e-16,-5.70792400131761e-08,4.72479331579934e-08,7.86959926845296e-09,8.56124567417948e-17,4.91721106527867e-16,1.46035622752728e-16,1.64585790375588e-16,2.99828844024471e-16,4.97954024979521e-16,-3.95840257085847e-16,-3.62655747026588e-17,1.38333542768451e-16,1.97172956279137e-16,-6.85605395395428e-16,-7.45247591608e-17,3.54846905343245e-16,-2.80869613034246e-16,3.12743964658305e-09,3.58460602058549e-17,6.48823476086737e-16,5.30417661335883e-16,5.33956114457995e-08,-6.67212217540174e-10,-9.27433327079616e-17,-1.46125259533323e-09,6.08284545297146e-08,-3.48191638193667e-16,9.33265183023034e-17,-3.08049329975845e-06,1.03575610834086e-16,2.01903129423712e-09,3.05928845995185e-16,-6.3658199769042e-17,-2.36128205725274e-16,-1.3870360230523e-16,2.33604681315052e-09,-7.26550848985779e-06,9.61133009226849e-17,8.71021631099385e-16,-3.10664712134177e-17,1.06492738291432e-15,1.82080912847216e-15,-2.00631454946097e-16,-1.29860629643393e-16,-6.31630440367599e-18,5.28365850728206e-09,3.58937604607925e-16,2.71170012707879e-17,-3.95545334388734e-17,4.58616828261775e-16,-3.64851155431978e-16,3.60840003286499e-16,-1.09939143514203e-07,-7.04493652020776e-17,2.03623258701386e-16,0.000782266091086263,-1.30541041554889e-16,-2.62667706729572e-16,1.18767737102247e-16,2.86869823381336e-16,7.23045877069486e-08,-6.93142622990826e-17,-5.39313440667162e-08,2.72197717405934e-16,-4.52560712396668e-16,-4.04256056610572e-17,-9.40508962214443e-16,4.99388748538626e-16,-7.98513676105487e-16,1.98762033260628e-09,-1.80886629329311e-16,-6.58209152430621e-16,1.13704232079628e-08,-2.51775610338843e-07,-3.06356042706987e-16,1.78361349339402e-07,2.62118471833482e-08,-2.08648181197303e-16,-8.56746398622895e-16,-5.94339872774946e-17,-3.77890092145689e-16,-2.56373029659598e-16,-4.60055664744002e-08,5.72240565079859e-16,1.75464249024134e-15,4.22381688879831e-16,1.8599389845555e-08,4.07282379185374e-16,1.36496944951738e-16,-7.00805196676593e-16,4.89065120778661e-16,-8.57813635617818e-09,1.74565031015701e-15,2.59033180497317e-09,6.84321344117391e-16,-2.11102789041047e-15,1.01829232736961e-15,-5.3514034718557e-16,-5.82715851144128e-16,2.13836021407767e-16,7.70225255473161e-17,-4.57987992317903e-08,3.45784716553697e-16,-6.74402796405579e-16,1.93530569654434e-08,1.37097829110169e-15,1.3559887372007e-16,-1.70690116432418e-15,-4.36387510087599e-16,-3.84269177880012e-16,-1.67598728880493e-15,-0.00128712576333279,-2.91132249473341e-15,1.50037580354966e-15,4.1781733699352e-08,-3.11856734528153e-15,2.60298342915981e-15,-4.99292983343108e-15,-4.94441181659641e-16,3.0152159085624e-15,-5.22212199025267e-15,-2.31832668204144e-15,0.707106781186547,-1.18473873103317e-14,-1.87615280964328e-15,1.68948786497538e-15,-2.24807946565449e-08,7.46984079256946e-08,-4.9074364917386e-15,3.81204745856735e-15,-7.23833809792911e-16,4.37279056446311e-16,5.46708945475816e-16,-2.23082400905857e-15,1.43881619132549e-15,-1.28649984673552e-15,-6.53608582140995e-09,-2.9785662472319e-15,-1.40753835135695e-16,-4.2476743642314e-15,4.48221739645644e-15,1.88880507112245e-07,-5.23925960359578e-16,-1.34736245745411e-09,-4.41981531541003e-16,-2.13390494606495e-15,-5.32789515288923e-17,6.95722638388767e-16,5.23242748825591e-16,9.09420155440742e-16,-8.49385910641531e-16,2.2827776435813e-16,-6.4964372815592e-16,2.83636566121493e-17,2.1047532279356e-16,-1.36492724699042e-16,1.31333586025435e-17,5.82331221334187e-16,-1.75233560698623e-16,9.06192869988398e-16,-4.49351499829782e-16,1.39317325738927e-16,-4.35765100802058e-16,2.11433799441969e-16,2.64979010955457e-16,1.25094888639515e-16,4.83363187074087e-16,-3.0789080296045e-16,-1.62634879031314e-16,6.5644856553543e-10,6.12367229421664e-16,1.28657421145765e-16,-2.41783266523179e-16,5.48074660760346e-17,5.95730414458174e-16,3.10270708178034e-16,7.94123410191907e-16,-4.35236758975911e-16,-3.66783917579294e-17,-1.04215058503583e-17,-1.13602703633031e-15,6.34151867485233e-18,8.17455339085891e-17,2.95552634126267e-18,-2.91264896424433e-16,-2.45723028241168e-16,2.98128939790717e-16,-8.55752697607117e-09,7.20406513362472e-17,3.19670799991427e-16,5.68851428942367e-17,-2.45284548988412e-17,-4.22929103268672e-17,-2.44826086197874e-16,-6.55817009523337e-17,9.16133055852352e-17,1.73407345564902e-16,1.83334591253375e-09,-2.60689292418795e-17,2.32303423203956e-16,-2.1319831550959e-16,8.15584771259126e-17,4.99527000426726e-17,-7.03141878290971e-17,-1.44483191136138e-16,-2.77982281366337e-17,6.62230992921866e-16,3.43633325508571e-17,-7.69675097262212e-17,9.13812061642246e-17,1.6009615739051e-16,9.33647588036304e-09,-2.27092051971921e-16,8.10055964141048e-17,-1.5344915147831e-16,-5.06647675202476e-16,-6.30225710516815e-07,-5.39219689019916e-16,1.26327641140211e-16,7.82449420850184e-17,1.26601305410344e-16,4.73537137878908e-17,2.22978773184227e-17,5.57377364367276e-17,3.19289173184013e-17,8.65666054291342e-18,1.71634748342762e-17,2.10622618265297e-16,2.08298283469761e-16,-8.03113262730269e-17,1.49456472081603e-16,4.32637836183508e-17,4.49934836892127e-17,-5.58266170895614e-17
"t919",-0.00485242397119372,0.0493693226187782,0.0634473342010617,0.0149619188203535,0.0299175338502453,-0.00482283125533162,0.00147388918120724,5.01459858206004e-05,0.000404335409716156,-0.000969847998337077,-0.000217063447467151,-0.00107752068896714,0.00676210759634375,0.0454340222276047,-0.00111813246991863,0.0019248793145246,0.136068902132775,0.00175085255226517,-0.00110017364444572,0.00040778881523167,-0.000935848335075201,0.000141483662536987,-0.000248953229195331,0.000388157587976226,-5.64618506653785e-05,-0.000388976301633791,0.0017780658538756,-0.210936596319695,-0.00900049033478874,0.018368225319298,-6.95639920145657e-05,0.00104493624678294,0.000395840903185742,2.22507230666018e-05,-1.17689121086933e-05,-2.51834228076127e-05,-8.9088394387716e-05,9.18750503273228e-06,8.04955822883974e-05,2.83788942068961e-05,0.0222206496799834,0.000110098405938215,-3.49720530194133e-05,4.03187312670105e-05,-6.22415054546274e-05,-5.5531060649635e-06,1.38922655127768e-06,-2.23756608268554e-05,2.74023183934706e-05,-5.89027362625753e-05,5.23552942418031e-05,-0.00224905445338976,3.72657105273645e-09,-1.32024147379826e-05,7.12741231203005e-06,-7.55578936857138e-05,4.48575278482074e-06,-0.00649654909817959,-0.000422455589858695,-4.86458155065853e-06,-5.23306747233347e-06,6.6064609963843e-06,-0.000185117461812587,0.000288445075444718,-8.26645723419356e-06,2.4860349316784e-05,-1.38191065434328e-06,6.90192183232488e-05,-0.00359721983843342,2.1131142146457e-05,-3.39313680226811e-06,8.70715070611615e-06,-2.84451316150159e-06,-1.85036098984e-05,7.73566982183791e-06,7.11729215334274e-08,-6.52444866696275e-05,0.000271486462821267,-3.09587142051339e-05,-3.58173952831635e-05,0.000257670081537249,0.000150218318760322,-1.79463363962484e-05,-8.34203161239601e-05,5.12155107224519e-06,0.000144047716156636,-2.11419159120745e-05,-3.33109177424681e-06,-7.40907940257735e-07,2.81014884909543e-05,-6.13815219835124e-06,1.48705443901373e-07,9.87212793726382e-06,-8.97895789200572e-05,-5.31087461213356e-07,-2.46557914470571e-05,-2.90789827556084e-06,2.70253631793006e-05,-0.00279635572417136,-1.31624029361122e-05,-4.21040200650807e-06,2.74742020539585e-07,-5.91694538118653e-06,2.42194074939799e-06,-1.05387004848395e-06,1.66180749015021e-06,-5.62620017171443e-05,1.9245087806481e-06,-8.75067138168419e-06,3.01041341563822e-07,0.000247560026941162,1.60114078169978e-05,-4.9264457113408e-06,4.47904702392938e-06,-1.62934919756056e-07,4.70759879887509e-06,-9.16822738328392e-06,9.7382929054373e-06,-1.01742497463688e-05,0.000576388278149689,-1.17514961876985e-05,0.00180135284306633,-1.53312628902714e-05,-4.23634989656281e-05,1.96737432751464e-06,-2.18085757564532e-05,2.22646831253342e-06,-4.76557141244971e-06,2.10824696551342e-05,0.000293199960246178,1.25818088060297e-06,2.67324169146855e-05,-3.54415538612872e-06,-6.42504490854737e-06,2.79374807464611e-07,1.05736592253396e-05,-6.31185178073449e-08,-0.000948624471170286,9.42202118036246e-06,-2.7117222932795e-05,-1.70740876831196e-06,-5.08171742036334e-05,1.38281872536534e-05,8.71848573262812e-07,3.31945135519027e-07,-1.71449773797717e-07,-0.00020534232292901,1.11509148708768e-06,7.219310660421e-08,-1.72416667562628e-07,-3.65467087393845e-06,-7.98366824902991e-07,-2.3078577697707e-06,6.34315415015504e-06,-4.40644718044151e-05,-1.51021602790964e-07,2.25367450631101e-06,-1.63599792890706e-05,-5.40544518981992e-07,-1.77722213628948e-07,-1.17153994106598e-05,3.98994831391196e-05,-8.04473920272433e-07,-1.59456369656109e-05,9.97794679883844e-06,-6.42006142555488e-06,6.85831504926705e-06,1.17549330954308e-07,5.85044152197831e-06,0.000157991952561663,-1.24174433721821e-05,-2.18627429862268e-06,2.54537722532076e-07,6.55931152178922e-07,1.61896429300638e-06,2.58625947397994e-07,1.44908001456632e-07,-5.9601740750807e-06,-9.02759773545945e-06,-7.95037928443916e-05,0.00148854706039585,-1.27293046059435e-05,-7.57083175776736e-05,4.80164382935056e-10,-0.000167816900531182,-3.4609974407624e-08,-5.61183513190353e-06,1.74538287010293e-06,7.85498803860906e-06,-1.01047899936129e-05,-2.30586299091979e-07,4.27111161083794e-07,1.69661330462617e-06,3.00386604660113e-09,8.04578321346593e-06,-3.99769664621789e-07,-7.33513642709828e-07,-5.160499492277e-07,4.29702851124244e-07,1.75859431361992e-07,1.75333930635039e-07,5.57808424479393e-05,-4.28883216537785e-09,-7.08315978273413e-07,-1.07267316263593e-06,-5.29481654186409e-06,6.71262307192152e-07,3.4684953175621e-06,-4.72310602015194e-06,-2.78061952938764e-08,-1.74313917866892e-05,5.55093465707403e-06,-1.373822159339e-05,-1.64256651995236e-06,-1.32778639472519e-07,-8.37786821928078e-07,2.01504516612755e-07,3.06703804358573e-06,-2.17721761181985e-07,-1.34661495990932e-06,-0.000411184682792303,4.26147393215133e-06,9.85378419707857e-07,8.96215546258354e-05,-7.66161690467848e-07,-2.9492799560123e-07,-4.0528461257202e-06,-6.24912837911349e-06,-3.45405184804701e-07,-2.38366142057268e-07,6.62597966518159e-07,1.25150460102752e-07,6.38266714915057e-08,1.04047470358584e-07,-4.16849394677041e-09,-7.6846905395477e-09,-2.05877894294911e-07,-5.5180384630458e-17,-1.048037916777e-08,1.13393409087795e-07,2.53147652015738e-06,1.7222215472906e-07,2.92646848092834e-07,-5.03213854202242e-08,9.33700029157751e-08,-5.15034529207841e-07,8.56711580843391e-09,-6.33633037688433e-10,1.56126406579012e-07,-1.79891734490054e-06,1.31081642931466e-06,-6.31014561773816e-06,4.36281224754829e-07,-3.3772413610377e-08,2.46180802560827e-09,-1.27492213216595e-07,1.42217154331227e-07,-2.26442690488287e-06,-5.63956795258186e-07,1.16628039712788e-07,-5.19031439335894e-05,6.13276229152168e-07,-0.000115858571583386,2.86981084063032e-06,-2.94073696188417e-07,1.01174341242887e-07,-2.00675776111037e-08,-9.76643401072582e-06,3.06748845880825e-06,-1.55953431199617e-07,-1.61858146345744e-06,1.41995835128294e-07,-1.72611016885456e-06,2.59826323808428e-06,-0.000102595368095546,8.12667890527254e-06,-6.63668579997313e-06,5.02230390037277e-07,-8.93996989837152e-06,4.69206463101042e-07,-1.8496522896511e-06,-1.42153307808423e-16,4.86520248127711e-06,1.68144092186141e-07,2.26649543969504e-10,2.1053833209383e-06,-2.81356108092351e-07,1.7929495727343e-07,6.00115800661968e-07,-8.24178369031682e-08,3.5396825570914e-06,-1.23422909524363e-05,-4.79043073817034e-07,1.21529128719508e-05,-6.76778382614548e-06,8.36914233687743e-06,-2.87091688838088e-05,6.05158882965291e-06,-1.15807219768774e-05,-4.1441503934403e-07,-3.15860038839946e-07,-2.79749409548688e-05,0.000493105558859349,-2.77183401963944e-06,0.000124218344461096,-0.0151258604219389,0.495508795730964,2.02752448989242e-05,1.70682129890443e-05,8.72092903984696e-05,-2.57189248880224e-05,-1.18752225214908e-05,1.14704374667542e-05,-0.00108270545048098,1.05593231548618e-06,9.06160824891165e-06,-1.50123845682842e-05,3.92450191644784e-16,2.49676861043062e-08,1.44659685210367e-05,-1.25262733207071e-06,6.46051441346853e-06,8.2237347541215e-07,1.67460218989153e-06,3.89811881177858e-06,-0.00122940807971583,1.78585819511342e-05,1.45633757495936e-16,-1.25655136142875e-05,-1.14160910824008e-07,-4.1313657209657e-07,1.95495607493965e-06,2.92556086068165e-06,-1.91623264365964e-07,-7.03745803086684e-06,1.82626545355966e-06,-8.16880763690106e-06,1.02453591553212e-05,-1.48650950349669e-06,-3.20769071181276e-06,0.171716914406953,-2.89991490295244e-08,-3.83508401288516e-06,2.21810675902916e-06,-3.94447057122183e-06,5.14947783864571e-16,-1.06643314690095e-05,8.27060169199386e-07,2.38326563002335e-08,2.02379656588612e-07,-6.59621400808635e-06,-1.29110427691292e-05,6.46181545551477e-06,-2.3405765792697e-05,-1.13918265374171e-06,4.76481216929809e-16,-2.06066485118714e-06,-8.08142754096442e-07,-2.54940710232377e-06,8.90984943207458e-16,4.74460839654213e-06,6.83491681224241e-06,-1.04275067555642e-06,-3.89436132250587e-06,-1.31705423429604e-06,-7.4790272510303e-07,-0.000548906932902918,6.21423774327737e-07,4.9982247062886e-06,2.78606382459656e-07,1.36172282685167e-06,1.96418589921743e-06,1.07369147954683e-16,-7.65302890469812e-07,2.50202745674502e-06,1.21198618063935e-05,-1.59991138342461e-06,2.86572142736668e-16,-3.5175439942645e-05,2.73358279411688e-07,-6.55580380355746e-07,-4.38261570262812e-07,-1.46380621389905e-06,1.54445190220487e-06,-0.000460323120918173,2.64593031207741e-06,-2.8791917015606e-16,9.45652520470383e-06,-1.80593803854006e-06,5.01481688943598e-06,1.16605366768113e-05,-2.76814676875355e-05,-7.92687528702371e-09,1.14231540893073e-15,-1.01640090017104e-16,-7.63435295007946e-09,-9.73505164550394e-07,1.28360007125994e-07,-1.29877783257983e-06,3.69934771873867e-15,-6.24945426919407e-07,-7.46722329681856e-09,-1.73797220487683e-17,1.31407754465553e-17,2.67931412870774e-17,1.73144767334336e-06,0.000119916890005577,-6.38503875594e-06,6.41215680438649e-06,3.36706593960975e-06,0.0640894755533244,1.20031350507109e-05,-6.33372113766439e-15,-1.52737994643028e-07,5.36178823098644e-07,-6.16311992315593e-16,3.93207282427668e-16,-4.30933328110883e-07,-2.37057569306547e-10,-2.65524594121154e-07,1.45813665763383e-06,2.68053289718965e-07,-1.00486074615566e-07,-6.24911756754362e-16,-3.3861047610559e-07,1.06357806688621e-16,-1.15950706581589e-06,-4.79949196705021e-16,-3.0381534314832e-07,-1.09580125063756e-16,1.25096954946564e-06,3.29568159621061e-07,1.37637365623443e-07,1.80931957687136e-06,8.96404403538556e-07,-1.02921854272906e-07,6.52707411296897e-07,5.18895535716017e-06,1.09933122473704e-06,1.01343399766043e-07,2.28136950788622e-07,-6.41462733344095e-07,-1.09837909513824e-06,-8.90413083298461e-08,-3.06073451405779e-07,3.19274130333346e-16,2.86145719380094e-06,-4.92671577972441e-07,2.54293644608047e-07,1.55987905771952e-16,4.45973382364079e-08,1.22638643815749e-06,0.000343592651896177,2.71751127591766e-16,-9.85740733611881e-07,-5.4428077631858e-07,1.11279074589483e-16,-1.65241267160592e-05,1.60639353376208e-06,-9.65104326951921e-17,2.047715471242e-17,-5.88652939818398e-08,-3.16005769923562e-07,-1.80008667364486e-09,-2.49688685768783e-06,6.62585478073593e-07,1.9488120410565e-07,1.87727840245323e-07,1.73263112534178e-06,-3.88731069594979e-06,7.64037270950535e-16,8.01645410034721e-09,5.5169138471554e-09,1.52244510986087e-08,1.42473055065619e-06,-6.47530123588302e-16,-5.12553754789086e-17,4.68648294259462e-07,-2.97244082231278e-17,-2.11919269971338e-16,2.25139893070841e-06,-0.000258919758902308,-1.94995259793469e-07,-3.48082161946235e-08,2.17821217150223e-05,0.000346900761453508,1.03977454545564e-07,-7.64198158794307e-17,2.56809827363683e-07,1.20049899081955e-08,5.51003997860181e-08,-5.549441233241e-07,2.19305858678079e-06,8.7390372181083e-18,1.02956286621961e-16,6.28970077259275e-16,-1.92074382639562e-07,-9.21958703398719e-08,-5.3698955821541e-07,4.02398449682016e-18,-7.07408003300642e-08,-3.5375135999825e-16,-1.45576353252109e-16,2.29712481305447e-05,-2.48145711635182e-07,8.67361737988404e-16,-6.27176482236608e-07,-3.24042908616537e-07,7.67061582618799e-16,7.34202405384608e-07,-1.47362122848855e-16,2.61225407774144e-07,5.23754577883571e-16,2.62287788589618e-07,5.1188981635176e-05,8.05359873662962e-08,7.62387751027122e-08,5.2498746915174e-07,-2.63328855355864e-07,7.3041308069886e-07,6.39439395473564e-17,4.83441724072393e-06,-2.73096709322224e-07,-3.89135344871863e-16,-3.60212238251584e-08,-1.67357299974232e-05,1.71185628809966e-07,5.16492821870868e-17,4.39562773997975e-05,7.32093442722368e-07,1.69640231214277e-16,-1.83395659295287e-06,-4.0615698452523e-07,-2.12525670170801e-08,1.82373368179483e-16,1.89579567371479e-16,3.05338083217833e-05,1.18543169481805e-07,9.60418394955717e-09,-1.60453262846408e-07,7.36962185322661e-08,-1.3262643787793e-16,1.36684543843626e-16,2.70732399011e-07,1.86767539421591e-09,-9.31699160748517e-16,6.62513020464688e-07,-3.49834482483301e-17,3.47206650749651e-07,-1.31088695481518e-07,-7.67182349003293e-08,-5.11989794686367e-07,-7.87796079689695e-16,4.77576490975815e-17,3.12440626805145e-16,-8.26375316920761e-17,-4.47873109513946e-08,-1.56921510205989e-07,1.6034840242153e-16,5.5664172183243e-16,-9.34705441967989e-17,2.30574793367209e-07,2.11978394295586e-09,-1.26615357439879e-07,2.47221927038064e-17,-7.00665653968757e-17,5.25052007080418e-16,-0.0412244532892413,-1.4911055639843e-06,2.17285132242293e-16,-2.83701609160968e-09,-8.87001324544189e-08,-2.20602198174179e-16,-4.59791943444899e-17,-1.81186839267686e-07,-1.51807676452567e-07,-1.09534896825612e-07,9.9424905812364e-16,3.26212792525883e-06,2.21510409765756e-07,2.5194383972146e-07,-2.43686199440033e-07,-6.64817740760765e-07,1.10729556504133e-08,-4.52464318272287e-16,8.36075904174218e-16,1.47999353818882e-15,2.33353741898791e-07,-2.11576171559979e-07,-8.06651856172166e-08,-1.51973736514275e-06,7.58656976844417e-18,2.8603113449607e-17,-1.01312336813041e-16,2.49640543058582e-16,-9.13533072914284e-16,3.41369013276077e-07,-4.34751684188889e-17,-2.01528727353474e-16,-5.67455021952961e-08,-3.38112218709255e-17,-5.08707545034445e-08,9.24230542276032e-17,-6.32234661112252e-08,-1.4317078116134e-16,-8.05396094777481e-08,-1.02117786248118e-08,-9.51126923774317e-07,3.23721013374096e-15,3.43951570959374e-07,1.04192153821809e-16,5.22177447056421e-07,-1.02550788694977e-06,1.28869179277024e-07,6.25107823098219e-16,8.79851352869301e-07,-7.99297071087973e-16,-2.41666374088277e-07,-0.000107019163365041,1.4152310898104e-15,8.59782294160698e-16,2.12300599561609e-16,2.39728288205121e-16,-5.10692668457672e-09,-6.87843688853173e-08,-1.60193602142149e-08,-1.42559041257632e-15,-1.55082508400221e-16,-2.1998600102188e-07,1.82119782445077e-06,2.9045975456548e-15,4.27162037756929e-16,-1.85141953517464e-07,-6.48694002516984e-16,-1.71035177614345e-06,-6.4907987675025e-15,0.379573936554727,2.79253110395897e-14,2.77064671637643e-14,3.58186603074965e-15,-6.10866318817163e-15,-9.28073390028489e-16,-1.13417241976822e-14,-1.09831890086164e-07,7.55593449132226e-07,7.27009772579275e-16,7.63849580486338e-06,-1.114480679218e-06,1.02771016322392e-15,4.58889241730198e-16,-6.60972226204822e-16,6.02213523741208e-16,-6.27617374148542e-08,-8.87658273434112e-09,3.20780838455122e-16,3.32226645120462e-16,8.80436266008891e-08,6.94835354679052e-06,4.39463831339322e-09,1.12345027858166e-16,-8.8802249927075e-17,3.65451474176678e-16,1.08485440751859e-16,8.01035615866234e-16,-4.80543218432082e-16,-5.70792402625283e-08,4.72479332997084e-08,7.86959911913134e-09,1.05081711953051e-16,6.23378094848778e-16,-1.40425135993207e-16,4.47046394783026e-16,-8.62012690131538e-16,1.97762025699439e-16,1.17199174069795e-16,-2.18433659570255e-16,2.18174186289965e-17,6.74955686047086e-17,-5.14541651708869e-16,3.82536660783384e-17,1.88168782834084e-16,-2.7774666199193e-16,3.12743875507155e-09,-2.81386766765157e-17,9.45461440156491e-16,6.69609498340842e-16,5.33956113221521e-08,-6.67212253984388e-10,2.43300025462892e-16,-1.46125300701903e-09,6.08284543973342e-08,-1.13689937717289e-16,2.40608258333239e-16,-3.08049329851275e-06,-4.66082219295257e-16,2.01903184477171e-09,-5.45992196703554e-17,7.12344582465071e-17,-2.07022158653001e-16,7.98558909790717e-16,2.33604722090373e-09,-7.26550849090442e-06,-1.76063568967927e-16,3.24116741931109e-16,-9.24560564736004e-18,1.43853159329056e-15,-3.89120159705048e-16,-2.10147068738163e-16,-6.20739164100218e-16,6.11019827780012e-17,5.28365868088655e-09,1.93201367931601e-17,1.8934471243843e-18,-4.75481613173858e-17,-3.83888070043925e-16,-6.81219835497964e-18,2.14645504722237e-16,-1.09939143082334e-07,-8.83684759315739e-17,-3.47054230435616e-17,0.000782266091084307,1.98527594531468e-16,4.65253386717288e-16,-7.97414208817479e-17,-5.86056570739011e-16,7.23045887112666e-08,1.21031000654267e-16,-5.39313434335819e-08,3.25515756178166e-17,4.08268091396962e-16,1.73320504523031e-16,6.3683346282191e-16,-6.48863744366098e-16,-4.03560458740147e-17,1.98762024797074e-09,-3.22441049988731e-16,4.5390693999637e-16,1.13704223439162e-08,-2.51775609978758e-07,4.06971403717479e-16,1.78361350620945e-07,2.62118467772537e-08,2.23523232942346e-16,5.90506391733361e-17,7.87085100717168e-18,3.98943196710308e-16,2.30415002911498e-16,-4.60055666708078e-08,-5.36320839363598e-16,-2.3695421893359e-15,4.20334032970767e-17,1.85993902886713e-08,-7.29194465133681e-16,-3.62447247401886e-16,1.11135283561877e-15,-3.92453331762951e-16,-8.57813512025564e-09,-1.67290217245568e-15,2.5903280690553e-09,-5.75492872160598e-16,1.72676330293748e-15,-1.29661815173482e-15,6.05112746243831e-16,4.58110152165481e-16,-4.15631658457991e-16,-9.51985295668139e-17,-4.57987973366478e-08,-6.7947028321239e-16,6.66301546900643e-16,1.93530567927525e-08,-1.56976426835512e-15,-4.69071169946688e-17,1.84850112087927e-15,4.30635349349828e-16,6.1505069037009e-16,1.43904353667993e-15,-0.00128712576332267,2.81241149824312e-15,-1.61913199794177e-15,4.17817347575167e-08,3.10877533553265e-15,-2.51844180942658e-15,5.03180953930468e-15,8.71477013643655e-16,-3.04586002853747e-15,5.0081145399127e-15,2.56388698501494e-15,-0.707106781186549,1.20564613806231e-14,1.8086952085243e-15,-1.56592718401051e-15,-2.24807913660893e-08,7.46984163178624e-08,5.15962451366815e-15,-3.87907367538137e-15,8.40463894302393e-16,-6.06124984478724e-16,3.34964261189397e-16,2.23544023485695e-15,-1.78720311175971e-15,1.02217052865309e-15,-6.53608600303411e-09,2.93336050552104e-15,-1.70766355836979e-17,4.14896003798531e-15,-4.2841429289283e-15,1.88880508641246e-07,6.60764656768447e-16,-1.34736498297726e-09,3.81527681086958e-16,2.21292338224383e-15,1.33134569389811e-16,-5.51123834942081e-16,-4.59644028691836e-16,-1.23180508292185e-15,6.55673415472992e-16,-4.46645610264732e-16,5.41343618389754e-16,8.36227500534304e-17,-3.93719082351351e-16,7.86819057355906e-17,1.83048212365731e-17,-3.03560837108007e-16,7.35881589548085e-17,-6.84583343602007e-16,5.18820392972469e-16,-2.72225542469654e-16,2.28008327303768e-16,-2.3292661691092e-16,-3.62665626696401e-16,-8.5306303035196e-17,-3.07683423465543e-16,4.42076132669222e-16,2.62867902646777e-16,6.56448574391139e-10,5.46083921182752e-16,6.93329275859909e-17,1.62343437729556e-16,-1.75176842186934e-16,-5.1390291060035e-16,-2.79453566836646e-16,-7.73242267983459e-16,4.48389969305111e-16,5.6838098418115e-17,1.11148177000302e-16,-3.60551432460054e-16,-2.17655842019331e-18,-1.95478421302441e-16,-7.61441129474643e-18,3.68683297755097e-16,2.43395454461392e-16,-2.51033665237081e-16,-8.55752692045167e-09,-4.49634740617162e-17,-4.06279826841062e-16,-1.29113291815718e-16,5.99895982813074e-17,2.5591704056919e-17,6.72104178303161e-17,1.02060622735825e-16,1.1328208298516e-16,-1.61272716780387e-16,1.83334585322974e-09,1.69159459606035e-16,4.34121952068859e-17,9.71713370267058e-17,-1.12947834591826e-16,1.36535154333078e-16,-8.15922682934501e-17,7.58478806245713e-17,-7.37447077871265e-17,-5.55408561894685e-16,-2.05109207674815e-16,1.45952719135563e-16,-3.02092671720893e-17,-6.44574591814395e-17,9.33647598256479e-09,3.19090377957101e-16,-3.47266675659491e-17,2.7071946616534e-16,-4.25440932483312e-16,-6.30225709499334e-07,5.72717337806929e-16,1.19374149013089e-17,-5.04706580718518e-18,-1.6328956129433e-16,4.48619107323284e-17,3.13949805120673e-17,2.18663215510771e-16,3.01929883859874e-17,-1.58530700639082e-17,5.76892408743368e-17,1.66577208568004e-16,-8.02966080073948e-17,-2.46869787441629e-16,1.45466229949725e-16,2.2257122412715e-17,1.30422739937071e-16,-7.63899009662752e-17
"t457",-0.00485168190938151,0.0493534252361986,0.0634262438696793,0.0149552569953445,0.0299012325427224,-0.00481974974922575,0.00147292902516655,5.01107300490571e-05,0.000403999902779891,-0.000968873136017848,-0.000216787057245365,-0.00107583305762811,0.00675120980416243,0.0453597030543448,-0.00111622453585496,0.00192140296919664,0.135817354970447,0.00174755777997131,-0.00109805592432412,0.00040693686136711,-0.000933735569235927,0.0001410991487816,-0.000248239313435117,0.000387038222741121,-5.62983957157834e-05,-0.000387797416906052,0.00177261431897459,-0.210284157555043,-0.0089719171003382,0.0182995717187179,-6.92870840186442e-05,0.00104059155542995,0.000394078929235239,2.21470949139777e-05,-1.17113713844204e-05,-2.50507213457052e-05,-8.86131589066899e-05,9.13773746718576e-06,8.00566645488899e-05,2.82219142828634e-05,0.0220943032268936,0.000109457658163662,-3.47655789416585e-05,4.00804088032055e-05,-6.18673715479438e-05,-5.51766281896536e-06,1.38020073544495e-06,-2.22290787490471e-05,2.72186538665146e-05,-5.84982367094609e-05,5.1984201037516e-05,-0.00223288077999656,3.69971562253692e-09,-1.31055661445169e-05,7.07331564286057e-06,-7.4981496757746e-05,4.44839366151599e-06,-0.00644119086776079,-0.000418846048639222,-4.8207036950045e-06,-5.18397171687955e-06,6.54329167972985e-06,-0.000183320360482153,0.000285634254367242,-8.18364031881576e-06,2.46051581205688e-05,-1.36697113995101e-06,6.82560863824876e-05,-0.00355703595079442,2.0890740754014e-05,-3.35083833084816e-06,8.59136295338399e-06,-2.80632180801507e-06,-1.82502689580521e-05,7.62950011379692e-06,7.01879282223873e-08,-6.43385587582517e-05,0.000267655887750521,-3.05061578740701e-05,-3.52864482608288e-05,0.000253759876755683,0.000147927267644093,-1.76626207295612e-05,-8.20874793255414e-05,5.03602615071881e-06,0.000141613861981803,-2.0780482909649e-05,-3.2740372459505e-06,-7.2821150891607e-07,2.76193367021249e-05,-6.03237013165189e-06,1.4603592333887e-07,9.69425548459148e-06,-8.81319218136062e-05,-5.20876724892198e-07,-2.41789153387843e-05,-2.85163996738704e-06,2.64946006711256e-05,-0.00274113290301152,-1.28970650478548e-05,-4.12411635855898e-06,2.6910342980568e-07,-5.79531225290444e-06,2.36850000346584e-06,-1.03049682390142e-06,1.62480452371096e-06,-5.50004018678721e-05,1.88126990815391e-06,-8.55338630968432e-06,2.94218926965336e-07,0.00024194015985972,1.56442886724913e-05,-4.81335538453561e-06,4.37354880362167e-06,-1.5907642472008e-07,4.59480272967479e-06,-8.94740447710311e-06,9.50038970309278e-06,-9.92233083352987e-06,0.000561972789244405,-1.14559254320651e-05,0.00175516458112809,-1.49333088103298e-05,-4.12633555681239e-05,1.91619387010966e-06,-2.12341524003876e-05,2.16776450538908e-06,-4.63858986592542e-06,2.05038918160232e-05,0.000285150902766217,1.22355915252424e-06,2.59825152396364e-05,-3.4443628216681e-06,-6.24364772507795e-06,2.71400435648932e-07,1.02713927626759e-05,-6.12727162443322e-08,-0.000920381986960316,9.13471378276418e-06,-2.62897801894482e-05,-1.6550989055099e-06,-4.92570913927232e-05,1.34022634119717e-05,8.44960933854531e-07,3.21707840619167e-07,-1.66114702701454e-07,-0.00019883926282806,1.07915154388257e-06,6.98561883441663e-08,-1.66782300547684e-07,-3.53515099183176e-06,-7.72163661753324e-07,-2.23195191406666e-06,6.13402707934083e-06,-4.25798670685017e-05,-1.45915982683671e-07,2.17729953859754e-06,-1.57751590563629e-05,-5.20977432809463e-07,-1.71276549203812e-07,-1.12860148150156e-05,3.84339805344233e-05,-7.74530005742638e-07,-1.53511593081457e-05,9.60116249750419e-06,-6.17465004353674e-06,6.58692806125182e-06,1.12892265829298e-07,5.61858764184504e-06,0.000151701690528819,-1.19203874036936e-05,-2.09869251918788e-06,2.44232626233221e-07,6.29287754803123e-07,1.55273563612854e-06,2.48027703216126e-07,1.38964537318543e-07,-5.71170742408699e-06,-8.64498075987573e-06,-7.61246553659191e-05,0.00142510949721246,-1.2182517459749e-05,-7.24464074990048e-05,4.59415056712531e-10,-0.000160544867998244,-3.30962281363269e-08,-5.36582597491387e-06,1.6673562633384e-06,7.50360849744658e-06,-9.64983384789612e-06,-2.20019786041225e-07,4.07254580188507e-07,1.61734655048701e-06,2.86249362803822e-09,7.66506073780556e-06,-3.80547918469188e-07,-6.98123442332381e-07,-4.9097102618048e-07,4.08744817647081e-07,1.67044171357696e-07,1.66533836403281e-07,5.29491685870691e-05,-4.06869199512794e-09,-6.70998643778215e-07,-1.01615311553481e-06,-5.01516551781446e-06,6.3555192128793e-07,3.28305302796979e-06,-4.46725092865133e-06,-2.62755864137711e-08,-1.64596000481393e-05,5.24026588071457e-06,-1.29558503810035e-05,-1.5481288617223e-06,-1.25142759070329e-07,-7.89250948936626e-07,1.8961317328541e-07,2.885407246746e-06,-2.04587041449458e-07,-1.26434323070844e-06,-0.000385954075872275,3.99531803678564e-06,9.23578129252502e-07,8.39750895654727e-05,-7.17221768780901e-07,-2.76036890730048e-07,-3.79307262353646e-06,-5.8426018903758e-06,-3.22734544294649e-07,-2.22566604539748e-07,6.18484315747524e-07,1.16780195825135e-07,5.95396040973502e-08,9.70504566920551e-08,-3.88504930660257e-09,-7.15856485520189e-09,-1.91678297120203e-07,-3.90327121054002e-17,-9.74990578014367e-09,1.05473463216359e-07,2.35211307899482e-06,1.59885578861439e-07,2.71496046837896e-07,-4.66825090881347e-08,8.6506575488824e-08,-4.77071831074836e-07,7.93484757037027e-09,-5.86588525096446e-10,1.44487907930472e-07,-1.66382954592025e-06,1.21206289833674e-06,-5.83412141226305e-06,4.03129016778108e-07,-3.112802052601e-08,2.2670235998775e-09,-1.17317182848279e-07,1.30654074451417e-07,-2.08007408658986e-06,-5.17451548543955e-07,1.06941836520437e-07,-4.75487277013297e-05,5.61659411416178e-07,-0.000106074370465646,2.62632580090858e-06,-2.68951563126776e-07,9.25244650279167e-08,-1.83220167727285e-08,-8.91657506842467e-06,2.80044280186026e-06,-1.42313391340229e-07,-1.4767721254216e-06,1.29486770977503e-07,-1.57389456786537e-06,2.36155915212782e-06,-9.32156986309727e-05,7.38162298494423e-06,-6.02432141473219e-06,4.5565253741825e-07,-8.10129872219038e-06,4.25043276471814e-07,-1.67510055312199e-06,-4.60901412154231e-16,4.40193571908364e-06,1.52114475939736e-07,2.04959702498532e-10,1.90207571723825e-06,-2.53976597366232e-07,1.61783589219038e-07,5.41398153710798e-07,-7.41660131384709e-08,3.18476077042897e-06,-1.11042450004503e-05,-4.30667743187898e-07,1.0902297215164e-05,-6.06907040790682e-06,7.5031547557324e-06,-2.57164290205724e-05,5.4028478608151e-06,-1.03247504773478e-05,-3.6943987799997e-07,-2.81573855174016e-07,-2.48507867927242e-05,0.000436227234736159,-2.45080027971782e-06,0.000109745188210322,-0.0133507044953985,0.437227453701263,1.78461822864512e-05,1.50205427653242e-05,7.67203188101492e-05,-2.26202698214106e-05,-1.04363464137447e-05,1.0071891593918e-05,-0.000949931710935864,9.26115882641716e-07,7.94281960437771e-06,-1.31420372767284e-05,3.80373593901581e-16,2.16836284604616e-08,1.25530607127859e-05,-1.08566516826124e-06,5.59919323191787e-06,7.12706806173162e-07,1.45085367946255e-06,3.37537285856358e-06,-0.00106382540517079,1.54321083628119e-05,2.98497491807859e-16,-1.08237935967754e-05,-9.82978878909449e-08,-3.55426654452545e-07,1.68170221311665e-06,2.51130596059307e-06,-1.642960399251e-07,-6.02376280960712e-06,1.56139708981882e-06,-6.96649315477745e-06,8.71701747652164e-06,-1.26286238810718e-06,-2.72277493320859e-06,0.145680836433253,-2.45790316059729e-08,-3.25019284793998e-06,1.87856068880755e-06,-3.33890967013625e-06,3.20163027777788e-16,-8.9917135230607e-06,6.96768830402671e-07,2.00780043027095e-08,1.70095962405257e-07,-5.54200420910965e-06,-1.0799959864532e-05,5.39840480580452e-06,-1.95490154358104e-05,-9.5056601479561e-07,3.6209116950979e-16,-1.71760428993814e-06,-6.73328749423524e-07,-2.12087807642799e-06,8.93591166009406e-16,3.94053978579514e-06,5.67437297111192e-06,-8.65518888926373e-07,-3.23109042549728e-06,-1.0919650911396e-06,-6.19752878979107e-07,-0.0004546640308282,5.14091403022831e-07,4.1343203568004e-06,2.30253847192554e-07,1.12368995078504e-06,1.62071510945055e-06,2.8426933983562e-17,-6.29590100556354e-07,2.05726074506751e-06,9.95389004372759e-06,-1.31167339541645e-06,2.87970280182295e-16,-2.87279673370022e-05,2.22281885688645e-07,-5.32032250421135e-07,-3.55339061199136e-07,-1.18552091969776e-06,1.24823982765557e-06,-0.000370775783202431,2.11310151225366e-06,-2.15237394555086e-16,7.49430163528823e-06,-1.43023724787122e-06,3.96592209203315e-06,9.20341969942431e-06,-2.18450849390598e-05,-6.25206115484156e-09,6.07153216591882e-16,-9.2279821149028e-17,-6.00184566082217e-09,-7.63160612246362e-07,1.00589583241581e-07,-1.01517763030796e-06,2.96789212842631e-15,-4.85712295884901e-07,-5.78878231701215e-09,-1.40239530281973e-16,1.05655503706751e-16,5.29962852832432e-18,1.33142420254265e-06,9.21155788446753e-05,-4.88695356599536e-06,4.89248008389359e-06,2.56813422626937e-06,0.0487191587146384,9.12093456191886e-06,-4.77966395037595e-15,-1.15267233432805e-07,4.03648489437824e-07,-2.25969144750119e-16,9.51450228997931e-17,-3.21264021101074e-07,-1.76305703780373e-10,-1.96840575068864e-07,1.07860137805384e-06,1.97448578735524e-07,-7.39675626317527e-08,-1.31873589697647e-16,-2.49016598509424e-07,-2.95528344780086e-16,-8.50398281427879e-07,5.01335084557297e-16,-2.22374475781217e-07,-2.85158751008445e-17,9.13280219673662e-07,2.40478154758889e-07,9.97319558124243e-08,1.309060739718e-06,6.48148838244763e-07,-7.42133308224749e-08,4.69512387615366e-07,3.71153636297672e-06,7.86285747965895e-07,7.23577561307331e-08,1.62360340183293e-07,-4.54522241692938e-07,-7.75389286993063e-07,-6.26722531927997e-08,-2.1511659447199e-07,1.91089009564788e-16,2.00193886680616e-06,-3.43151735318037e-07,1.74843609065066e-07,4.35162943891084e-17,3.05463101449598e-08,8.35085347877481e-07,0.000233371373153328,9.27277108453948e-17,-6.68647609922069e-07,-3.67263960618806e-07,-9.60130903117155e-17,-1.11208740875162e-05,1.06379437790538e-06,-1.41032073322428e-16,3.22266161561679e-16,-3.87281274801387e-08,-2.0778043199359e-07,-1.18029597888904e-09,-1.63176931544236e-06,4.29731608933849e-07,1.26309540526713e-07,1.21558341207787e-07,1.11024185232742e-06,-2.46911471369154e-06,2.22586706011274e-16,5.07461504980688e-09,3.49030080004981e-09,9.61195331434371e-09,8.97256887527792e-07,7.61101440877191e-16,-6.44073374213273e-17,2.94123445657003e-07,1.37146088598787e-16,-2.68179070483434e-16,1.38135709279252e-06,-0.000158215010329102,-1.19143159728455e-07,-2.10753191812319e-08,1.31719059709757e-05,0.000209718648579847,6.27502274732683e-08,6.56898098173181e-17,1.52049299143627e-07,7.07774843001768e-09,3.24395829742793e-08,-3.24396033429276e-07,1.26484947904838e-06,-4.03185784030978e-16,1.03300478760631e-16,4.55012946158508e-16,-1.08538078194087e-07,-5.16178233890135e-08,-3.00429778347149e-07,-2.38110938470617e-16,-3.92137570489376e-08,4.35056331333481e-16,3.35717588139246e-17,1.2184902672735e-05,-1.31548875030664e-07,1.06577073555325e-16,-3.28585145790147e-07,-1.68574604474717e-07,4.67822098765188e-16,3.76286889358836e-07,5.50399094958413e-17,1.31373337870542e-07,-7.40215824092925e-16,1.31676877043006e-07,2.5663513768626e-05,4.03142073274149e-08,3.80805826128632e-08,2.60938997153143e-07,-1.28403454522405e-07,3.46130415862798e-07,4.54529216294279e-17,2.20334743514427e-06,-1.23919618498839e-07,1.14783405426981e-16,-1.62479040155939e-08,-7.46569743459646e-06,7.55846836542445e-08,-4.08960842895501e-16,1.87003360936422e-05,3.09040163559429e-07,4.57424442191113e-16,-7.66024738905982e-07,-1.68747608061416e-07,-8.65187961507231e-09,-1.5958165984788e-15,2.04359350527039e-17,1.17953789514701e-05,4.46904974718102e-08,3.60209249629727e-09,-5.30595569616714e-08,2.3794055747065e-08,9.72523827791167e-17,-3.70575617638902e-17,8.59210996581428e-08,5.91421593762267e-10,1.55338623094857e-15,2.03496707283406e-07,-6.04846645614336e-17,1.0337147000499e-07,-3.72761049230329e-08,-2.17411036443278e-08,-1.43129769327019e-07,-5.76433737724515e-16,-1.83836370982178e-16,-2.5145643237206e-16,1.2573082417481e-16,-1.08892332086177e-08,-3.76577776205848e-08,3.04814420381448e-16,-7.1982585781948e-16,-3.39244635619412e-16,5.26517268247379e-08,4.73143024092011e-10,-2.6444542205531e-08,1.65992252436057e-17,-1.06918597239658e-15,-9.70116998885717e-16,-0.00642508179699193,-2.29486552884117e-07,-2.08991712279172e-17,-3.71992592098597e-10,-1.07835552112719e-08,1.9863008515682e-16,6.84893439632965e-17,-1.77903937409211e-08,-1.46127191419776e-08,-8.96532599646396e-09,-2.96330812276702e-17,1.84913280735688e-07,9.34887065598512e-09,5.35380190363296e-09,2.17510448447599e-09,1.15334831869151e-08,-3.71097816588083e-10,6.13285911891989e-16,-6.88745285109128e-16,-2.37353549274503e-15,-3.18657974302626e-08,2.92606363430123e-08,1.23413218987071e-08,3.54941045322393e-07,9.42135879470152e-17,-6.20331261472095e-17,3.21890309344459e-16,-4.91094145195942e-16,1.47950977614164e-15,-1.13051539503422e-07,-1.2488357560356e-16,3.77638746994134e-16,2.12134720197064e-08,-1.96099979112899e-16,1.91370651360122e-08,-2.23608464495039e-16,2.40358522558513e-08,5.82044515879082e-16,3.72113514330696e-08,4.93219325543899e-09,4.91016355223966e-07,-2.16960880836016e-15,-1.9238496664403e-07,5.00317766407243e-17,-3.46252293242918e-07,8.42305403158296e-07,-1.06823776699477e-07,-1.68005722370633e-15,-7.94200966040241e-07,1.28827021081153e-15,2.49517277140062e-07,0.000111227151490401,-3.08909076034048e-15,-2.0332809474913e-15,-5.77990747910592e-17,-9.55429765463599e-16,5.93242805402098e-09,8.23006169388753e-08,1.98391014835593e-08,3.51860820820475e-15,3.77816181078952e-16,3.22023158735168e-07,-2.6861198056281e-06,-6.62364628754486e-15,-1.33482640660302e-15,3.39314048254784e-07,7.81811370795756e-16,3.28907814702771e-06,1.47276545625093e-14,-0.842910567620477,-6.2031539412295e-14,-6.25514552732866e-14,-7.54716562558381e-15,1.34249540022982e-14,1.90125727569018e-15,2.38020805036077e-14,3.36264736558467e-07,-2.32388087631817e-06,-1.303848476855e-15,-2.66306579738665e-05,4.1056501324923e-06,-2.49302454384418e-15,-5.85932471864544e-16,1.13717381114191e-15,-1.44676145779541e-15,3.00113561523497e-07,4.54174943734889e-08,-1.28487234805187e-16,-2.20404459677686e-16,-4.87626688939326e-07,-3.88949016030757e-05,-2.55149236078869e-08,5.56472423934732e-16,-5.98787868347594e-17,-8.76215722594974e-16,-3.27532861029918e-16,-1.76939807187532e-15,3.48652595873468e-16,7.41211246716421e-07,-6.86032387019566e-07,-1.29202849279374e-07,-4.97132613488053e-17,-1.20122416296025e-15,-2.41988751206004e-16,-6.34974717432814e-16,6.16810837277988e-16,-1.46870792467263e-15,2.73739330089715e-16,3.24920920929394e-16,-3.20310815740348e-16,-1.82744198336927e-16,1.04701366328405e-15,-1.02725168668215e-16,-3.2050814826217e-16,7.13275854770845e-16,5.41967546538027e-08,1.33110331022566e-16,-2.19779855349695e-15,-1.27887323953381e-15,7.46558571287911e-07,-8.93733351386087e-09,-1.97203717531086e-16,-1.90795364413305e-08,6.55060851085205e-07,5.5030760659772e-16,4.25985011324879e-16,-2.74163092989371e-05,1.59815160269881e-16,1.49387757106779e-08,-1.47475931315557e-16,1.43577686898435e-16,5.17736765150795e-16,-6.9072148282547e-16,1.38354910330223e-08,-4.24789159337126e-05,7.25029169306172e-17,-8.32938781945052e-16,1.27423172734902e-16,-3.49241704714055e-15,-7.74608242132269e-16,4.29751804643818e-16,6.10574690042003e-16,2.9743319900922e-17,1.95065723737561e-08,-3.90932167994862e-16,-8.48201499286554e-17,7.23613553337111e-17,1.67330682201264e-16,2.99165893466353e-16,4.29918819305196e-16,-3.79861748965588e-07,1.79114317271237e-16,-8.72327733375613e-17,0.00267224115064299,-4.66047446096577e-16,2.72119877339282e-16,-9.94615105122105e-17,8.14522562327305e-17,2.19366073151456e-07,-4.0239691209866e-17,-1.60591295945514e-07,-2.96286637295015e-16,8.31229077418386e-17,1.27677208520932e-16,5.2836072953063e-16,2.42151183483259e-16,5.02143405317665e-16,5.70837105437923e-09,-4.46266704925848e-16,-1.8120482763625e-16,3.18150416073244e-08,-7.0358047872242e-07,-5.38014291470098e-17,4.87903601785859e-07,7.12371397920953e-08,1.80470760654972e-16,6.67751986028599e-16,-3.56509939533794e-17,-4.56287416768469e-17,1.30218738324777e-16,-1.14622770541477e-07,-2.60400754652099e-16,2.03279873795373e-16,-5.06489681558276e-16,4.54264225145313e-08,8.4405022647163e-17,1.28857811102645e-16,-2.40245263690057e-16,-1.5150606895885e-16,-2.04332934722154e-08,-1.34623180702904e-16,6.12449228712585e-09,-9.33694506856816e-18,7.22167848833675e-16,4.09765460025688e-16,-1.02206890378827e-17,1.50061224536011e-16,2.48409039877617e-16,-7.38510891836468e-17,-1.043197748287e-07,1.14190747974234e-16,-3.30221863108823e-16,4.36978996464481e-08,3.51777309355973e-16,5.50700182663785e-16,3.95263616419878e-16,1.00808731863944e-16,2.81915188575804e-17,-7.13026750493415e-17,-0.00283075637682855,2.37335012535837e-16,2.32006685631782e-16,9.08626301263589e-08,3.56540748573284e-16,1.67509490216634e-18,-3.89567050586711e-17,1.75231001130434e-16,-6.52771226439122e-17,-4.62105874936528e-17,-3.29436416389757e-16,1.07237660154136e-15,-1.23665888508876e-16,-5.65637747745602e-17,-2.33908129845197e-16,-4.70252473271522e-08,1.55566402495877e-07,2.8562933185504e-16,1.26672089205632e-16,-1.44353154798974e-16,9.74359068720959e-17,8.93382590128056e-17,7.31136047253365e-17,4.57792645260169e-16,6.40336891539896e-16,-1.33132279612791e-08,-9.06250764027487e-18,8.33010830141473e-17,7.64828086174093e-17,-4.17483228840178e-16,3.77924816991772e-07,-5.33553379714033e-16,-2.644930880514e-09,4.94444016180124e-17,-7.53347171049394e-17,1.04770323844993e-16,-1.82456609342108e-16,-1.26854561370729e-17,4.89542609233819e-16,-5.33012469436345e-17,1.27283236471584e-16,-1.29924670923187e-16,2.47829593788182e-17,2.2204683367516e-16,1.34444422149061e-17,4.82750103821173e-18,-2.14327588676768e-16,1.05736502723634e-16,-1.09744302898017e-16,6.7927815102225e-17,-4.24480316015072e-18,1.50504389495724e-16,7.6494130224006e-17,1.42084694704225e-16,-1.66469118433246e-18,-2.77168299110499e-16,-2.45358207005022e-16,-1.89628664430935e-17,1.21095800876605e-09,-9.98471727991332e-16,-6.8463575280528e-16,5.46808272377829e-17,-1.45979279688736e-16,3.12661478281525e-17,-2.52003686019211e-17,-2.56000263945055e-16,-3.4187605012974e-17,-1.79853703788145e-19,-7.57961810540669e-17,-8.26270475651203e-16,-6.79246409117622e-17,-1.11195849487345e-16,-2.79294705123088e-17,1.02637469220769e-16,-2.93362473650363e-17,5.20750155748058e-17,-1.52284126192794e-08,-7.59217387350926e-17,2.30116377129958e-16,-1.85413794672309e-16,-2.76465618693891e-17,2.76767209201987e-18,3.95661253061925e-17,-1.15495497566291e-16,-1.4142188438115e-16,6.02255885478167e-17,3.15663690432219e-09,2.60073334889841e-16,-2.56557051468442e-16,-4.39069079660293e-17,6.58994658639264e-17,-8.31996718161689e-17,5.59254337437585e-16,1.20985988115318e-16,6.91080790659158e-17,1.78505450113e-17,1.02909016509416e-16,-8.82062632185497e-17,-5.31154632311942e-17,5.67218351300417e-17,1.56065669099632e-08,-2.92767993270897e-17,1.94078485766218e-18,-5.64528099833595e-16,-5.38956899942544e-16,-1.04013103722613e-06,3.84384505260289e-17,-1.16060638309653e-16,5.76501989451244e-17,1.990576223617e-16,-1.82537223475278e-16,7.9762450581203e-17,7.38568153119999e-17,4.37808413668924e-17,-2.16161598611238e-17,6.1982387056733e-17,-2.79044150536364e-16,1.04837758185429e-16,2.00598336593452e-16,9.45613010656559e-17,-6.4720132647519e-17,1.92805525331736e-16,-6.27215778130808e-16
"t903",-0.00485643327188562,0.0494554389897657,0.0635615991857618,0.0149980747662137,0.0300061428816976,-0.0048396058156851,0.00147911692227792,5.03380958316631e-05,0.000406167198526766,-0.000975185056464302,-0.000218582938339717,-0.00108684131767526,0.00682233796590001,0.045844928424279,-0.00112869303198438,0.00194415134728214,0.137464357314249,0.00176913981255799,-0.00111193579764538,0.000412532994086264,-0.000947644850412056,0.000143646335389965,-0.000252978225947664,0.000394470100883131,-5.73837979833495e-05,-0.000395640117734336,0.00180889885353777,-0.214628285678105,-0.00916237776094454,0.0187607413630223,-7.11534172783581e-05,0.00106994631661337,0.000406032302958769,2.28521423799568e-05,-1.21041315563783e-05,-2.59613761480469e-05,-9.18774305366663e-05,9.47997749647841e-06,8.30765329063611e-05,2.93031863602789e-05,0.0229664854892891,0.000113889244888443,-3.61953278137058e-05,4.17308595528922e-05,-6.44620648260691e-05,-5.76478394256842e-06,1.44323538764516e-06,-2.32535791966594e-05,2.85051509524331e-05,-6.13383745549858e-05,5.45981660310238e-05,-0.002346979450473,3.88921177451453e-09,-1.37902377983553e-05,7.45718258179897e-06,-7.90739015626697e-05,4.71640703144003e-06,-0.00683947426319298,-0.00044482439843201,-5.13876407534541e-06,-5.54181139003421e-06,7.00497021843462e-06,-0.000196483962624417,0.00030623485837126,-8.79316036772725e-06,2.64904733907448e-05,-1.47828068261018e-06,7.39638444796546e-05,-0.0038581245785516,2.26978535660301e-05,-3.674360463501e-06,9.48899970508693e-06,-3.1030199352976e-06,-2.02269929173443e-05,8.45835631663877e-06,7.78922393733149e-08,-7.14297945462852e-05,0.000297751778798593,-3.40920667805504e-05,-3.95080589207865e-05,0.00028503543485316,0.000166275826487483,-1.99565726038208e-05,-9.28952038374984e-05,5.7382684053525e-06,0.000161667256929951,-2.37689160946604e-05,-3.74604935541702e-06,-8.33264709644417e-07,3.16102637672455e-05,-6.90913838683929e-06,1.68446698953478e-07,1.11892715116862e-05,-0.000102176515772836,-6.08604322020888e-07,-2.82848071736387e-05,-3.33607077756477e-06,3.10897462083227e-05,-0.00322019928783553,-1.52166562012442e-05,-4.88320197003264e-06,3.18736082789271e-07,-6.8666453580402e-06,2.85307885730791e-06,-1.24290670820261e-06,1.96166162791938e-06,-6.65209780032737e-05,2.27645713211711e-06,-1.03592699827195e-05,3.56814827222373e-07,0.000293541885341259,1.90304970832028e-05,-5.85703636593599e-06,5.35894691196774e-06,-1.95209724505164e-07,5.65712190542472e-06,-1.10324661755735e-05,1.17626923374912e-05,-1.23344128221369e-05,0.000700720323249732,-1.4309237088882e-05,0.00220568176004023,-1.88412164542152e-05,-5.20695627744584e-05,2.41940669852584e-06,-2.69216115726817e-05,2.74934013265319e-06,-5.90424320606453e-06,2.63728718000232e-05,0.000366815114097906,1.5753317317803e-06,3.36937584313707e-05,-4.47296306154272e-06,-8.11659436738937e-06,3.54321213467512e-07,1.3417582078472e-05,-8.07782832435202e-08,-0.00122255358986662,1.22619047803327e-05,-3.53004742952827e-05,-2.22643977878651e-06,-6.63226034426396e-05,1.8072808506467e-05,1.14007881873435e-06,4.34073479609581e-07,-2.25069460291111e-07,-0.000271684245931807,1.4874263697229e-06,9.64973120592194e-08,-2.31519950357733e-07,-4.90926879934394e-06,-1.07432861143048e-06,-3.10882453143661e-06,8.55477967537016e-06,-6.00907624073003e-05,-2.06320040711425e-07,3.08283726602875e-06,-2.30676978868942e-05,-7.68090466214942e-07,-2.52838977503717e-07,-1.67790681041059e-05,5.72242933550572e-05,-1.16397562653643e-06,-2.30963636534317e-05,1.45801282066565e-05,-9.4629659251315e-06,1.03772834209119e-05,1.78033169672387e-07,8.86290319668313e-06,0.000240234878182664,-1.89644545618151e-05,-3.34109767793454e-06,3.92441620375503e-07,1.01415047077625e-06,2.5185305966338e-06,4.0294246946658e-07,2.25945101305205e-07,-9.43091817058347e-06,-1.45108756380037e-05,-0.000128147381942172,0.00240566967787434,-2.07358837789728e-05,-0.000123710040694543,7.87001809935648e-10,-0.000275853931707461,-5.74546810581768e-08,-9.33910133012651e-06,2.96916790862358e-06,1.33725213232977e-05,-1.73339535119313e-05,-4.0418576517662e-07,7.62796738791334e-07,3.05020483733156e-06,5.45488792951426e-09,1.47226098446931e-05,-7.48837976350901e-07,-1.38118646136263e-06,-9.82674878520925e-07,8.22936806564197e-07,3.52722039489206e-07,3.52469319972721e-07,0.000114505089311783,-8.994111573349e-09,-1.56914886636956e-06,-2.37694803575106e-06,-1.17956058236971e-05,1.52048362229304e-06,7.94999008590794e-06,-1.11841487339061e-05,-6.87313503736149e-08,-4.47026553183699e-05,1.44045186684551e-05,-3.77116451961638e-05,-4.66224696644289e-06,-3.77219212148408e-07,-2.44604073554868e-06,6.33969266987935e-07,9.79857743797515e-06,-7.59581133573719e-07,-5.02822555697419e-06,-0.00157429374365103,1.8270389993633e-05,4.35163782501128e-06,0.000409398337873192,-3.91926941393779e-06,-1.54681527143114e-06,-2.13890620877809e-05,-3.83784443331109e-05,-2.36252914923867e-06,-1.87258958675803e-06,5.58845060666965e-06,1.14366595576268e-06,6.33343114435716e-07,1.05835379004497e-06,-5.54566883049516e-08,-1.27201317052709e-07,-4.66515070816605e-06,2.65589821702778e-17,-5.18248623039875e-07,7.38053239474111e-06,-0.000133453834807463,-3.7164203117495e-06,-4.20947516215315e-06,7.09445011039232e-07,-8.07641210974211e-07,4.17617346416314e-06,-6.75089987745929e-08,4.39455617538777e-09,-1.00052354750505e-06,1.01020157748445e-05,-6.97238226945924e-06,3.28439607966963e-05,-2.02931144802435e-06,1.0667087285251e-07,-6.93400466211802e-09,3.28496687113654e-07,-3.06821940756234e-07,4.82742009897927e-06,1.07404294496455e-06,-2.09147278989242e-07,8.57022868020539e-05,-9.86924969556649e-07,0.000181554177607351,-4.33672602858222e-06,4.21610604067248e-07,-1.44196368057864e-07,2.5168057556588e-08,1.22138741954699e-05,-3.82395524279836e-06,1.88020340311978e-07,1.92747785782534e-06,-1.62653144327873e-07,1.96311611245354e-06,-2.36522031603296e-06,9.12171273480873e-05,-7.09238901663725e-06,5.55212858253966e-06,-4.06310447073028e-07,6.71213287127372e-06,-3.44793204595616e-07,1.3363882163709e-06,-8.06140000654679e-17,-3.3178093974018e-06,-1.13801522476194e-07,-1.4967677010954e-10,-1.31235303609006e-06,1.66955217271522e-07,-1.03947058887619e-07,-3.43948006071458e-07,4.07810094166802e-08,-1.73502960270114e-06,6.03438382567986e-06,2.24369869268034e-07,-5.03956223490164e-06,2.74789289796718e-06,-3.3485991078483e-06,1.09435525140863e-05,-1.9144264455919e-06,3.38411358266893e-06,1.20537789825045e-07,9.17445338581485e-08,6.64529386356973e-06,-9.17537164346441e-05,4.99339939243934e-07,-2.13301306122021e-05,0.00244808663526328,-0.0787346174735013,-2.74960971829259e-06,-2.28637906081375e-06,-1.14197463563281e-05,3.31550790048628e-06,1.4531559528984e-06,-1.32332462839028e-06,0.000118131660928013,-1.12391356417943e-07,-9.24242487648997e-07,1.39434180884316e-06,5.47243661264579e-17,-1.16790092482673e-09,-6.21755379263831e-07,4.7034858812107e-08,-2.41575997016478e-07,-3.06152704021052e-08,-6.01943262878925e-08,-1.30874102821812e-07,3.79044570176847e-05,-4.5575109952814e-07,3.58016905939507e-16,1.83185554390708e-07,1.52232300827571e-09,4.44270829683076e-09,-2.0435488231311e-08,-1.33664610593676e-08,3.0514816601917e-10,-1.62851038718002e-08,8.80563703910147e-09,-8.1097315674052e-08,1.5515974828175e-07,-3.2636796631288e-08,-1.30507111443016e-07,-0.0284216409645293,-4.96436536627162e-11,-1.12939059536043e-08,1.68666131446746e-08,-3.74057362783136e-08,2.43497649669094e-17,-1.48190119209063e-07,1.16450882779989e-08,3.35591946305595e-10,2.81234042172303e-09,-9.09439323935031e-08,-1.40561448119461e-07,6.1662276715876e-08,-2.16502958927953e-07,-9.18216037157293e-09,-3.35315705537676e-16,-1.34833659404963e-08,-4.79580391637476e-09,-8.7820567020204e-09,-6.71532173186469e-17,1.71429914757543e-09,-2.91279956315918e-09,8.79613839548989e-10,6.72138554476003e-09,4.30222051633779e-09,3.34663685914617e-09,2.99204253745739e-06,-5.28532152018646e-09,-4.44030190360685e-08,-3.10610067799234e-09,-2.10091891411009e-08,-3.07536419551387e-08,-1.10175961918138e-16,1.9308208336261e-08,-6.76968497589349e-08,-3.78884350990222e-07,6.10012950434876e-08,7.2835970920806e-18,1.93758631405022e-06,-2.13474655886962e-08,5.90026518005713e-08,4.20356480143322e-08,1.51251921011216e-07,-1.82360313387242e-07,6.67656193522939e-05,-6.141898926307e-07,3.69167523652431e-16,-3.25218762093376e-06,6.42574665414835e-07,-1.9158812686908e-06,-4.91897734402733e-06,1.17668966977145e-05,3.46580245222487e-09,4.15466272496445e-16,2.48026232157638e-16,3.93253945026863e-09,5.80369782163729e-07,-7.79524621264485e-08,9.03331210099493e-07,-1.66084342112096e-15,5.97120605367562e-07,8.32266380676898e-09,-1.08987901783494e-16,-7.01219714463989e-16,8.78322643641964e-17,-3.43006386093127e-06,-0.000259747897905171,1.9776688344068e-05,-2.96589722820143e-05,-1.6480555321223e-05,-0.631995972021081,-0.000133175153453263,-1.1689762892385e-13,-1.69122112087304e-06,3.65305322752708e-06,3.86255629662632e-15,-2.41107988787108e-15,-1.27172904119778e-06,-6.25202790627296e-10,-6.17454093006001e-07,3.15440445108576e-06,5.15357681621621e-07,-1.89943621131739e-07,-6.74243356107695e-16,-6.25887737813474e-07,-9.11173787907701e-16,-2.01898166195865e-06,-2.61021673025885e-17,-5.08265982483967e-07,-7.74881116230742e-16,1.99732222877117e-06,5.21519901352113e-07,1.96212451694654e-07,2.52973421982243e-06,1.24351803564297e-06,-1.38202531472869e-07,8.53702628536635e-07,6.42390475399089e-06,1.36035068499636e-06,1.23493756191412e-07,2.70723672917405e-07,-7.36818145784851e-07,-1.23040809390787e-06,-9.79241027882156e-08,-3.33702235639716e-07,-4.87838978175247e-16,3.04172764526407e-06,-5.12102055297187e-07,2.50250121687939e-07,3.66810756978488e-16,4.32871386900949e-08,1.1675660841988e-06,0.000324586717723286,-6.05085530617746e-16,-9.27606769380354e-07,-5.04702265326792e-07,-2.20519838055414e-16,-1.52177762151671e-05,1.42619269912748e-06,2.81015856413636e-16,4.54884766746642e-16,-5.16158011471386e-08,-2.76791876643701e-07,-1.56897444014672e-09,-2.16419835394235e-06,5.67516547071197e-07,1.66755564672777e-07,1.60413624802353e-07,1.4597656328025e-06,-3.24109411860187e-06,5.23669649310499e-16,6.65904951379439e-09,4.57988403255618e-09,1.26112626492489e-08,1.17717811109324e-06,-1.28513909271631e-18,9.64577575630069e-17,3.8590664427758e-07,1.03194583885175e-16,-3.90573063033272e-17,1.81915293223895e-06,-0.000208608294072926,-1.57095838072811e-07,-2.78773381230781e-08,1.74316283129426e-05,0.000277570017603947,8.31104257258104e-08,-7.82236641062642e-17,2.03219054392962e-07,9.48159542109689e-09,4.34917259077378e-08,-4.36737857475966e-07,1.71754699696744e-06,-2.41050540947665e-16,-4.7688679182843e-16,2.02165371843629e-16,-1.4954737314191e-07,-7.16302390688814e-08,-4.17142865171492e-07,-6.47083559853534e-16,-5.48537106376651e-08,-1.61613983360031e-16,2.46036522865703e-16,1.77208006965192e-05,-1.91421323016633e-07,1.22948526359856e-16,-4.83551705875012e-07,-2.49793655985733e-07,7.64994373129754e-16,5.65959416020191e-07,4.10618477022941e-16,2.01484199708647e-07,-3.21625582372634e-16,2.02321326783425e-07,3.948855954508e-05,6.21329405024334e-08,5.8825123708783e-08,4.05204181040802e-07,-2.03575610814544e-07,5.66635529366332e-07,-8.14540250785187e-17,3.77528660535138e-06,-2.13453102088639e-07,-5.20351111514256e-17,-2.81886858376334e-08,-1.3128069371787e-05,1.34600461870132e-07,-8.97798071581904e-17,3.48955158054534e-05,5.82477771172947e-07,-3.58609044647833e-16,-1.46373381078625e-06,-3.24692573365835e-07,-1.71010518684839e-08,-5.87501697325777e-17,2.11385619989199e-16,2.50405924448799e-05,9.81864018518015e-08,7.9723723643121e-09,-1.41918130515575e-07,6.61261537798005e-08,7.3532012428322e-19,1.88175517073595e-16,2.45561919634482e-07,1.69645046434275e-09,6.74690632715322e-18,6.14114609233437e-07,-1.78379793277297e-16,3.2907760364904e-07,-1.28743727431117e-07,-7.55561090291336e-08,-5.09976039580322e-07,-7.6090270926558e-16,1.41681795783908e-16,5.31574142407391e-16,-1.85150501853043e-16,-5.11866708915734e-08,-1.82081494696751e-07,8.14776851954922e-16,7.42671839575032e-16,-8.93395809915433e-16,2.84647430314463e-07,2.69912984584297e-09,-1.78289763552071e-07,-4.58451113976073e-18,-1.22989183941324e-16,1.53398344374112e-15,-0.128509485029606,-4.93895023549654e-06,3.29476450448245e-16,-6.02685723212758e-08,1.07405630696793e-06,-4.40167280290755e-16,6.71071223743362e-16,3.77686616468744e-07,2.9260119689055e-07,1.28739934568674e-07,2.85947742291465e-15,-1.95193941745915e-06,-9.34615835800578e-08,-6.37558574802383e-08,2.51303133877934e-08,4.84290957561239e-08,-2.66401861507956e-10,-1.4515172803213e-16,-2.99321397545571e-16,4.46295730381484e-16,3.22113391299314e-08,-2.9530283467867e-08,-1.22300562439523e-08,-2.98493230588263e-07,1.93860349039252e-16,-4.12421013123664e-17,9.97110169296683e-17,4.27489231937968e-16,-1.80483193609236e-16,7.60817902484337e-08,-7.19973152570548e-17,2.92744868569585e-16,-1.30000844860383e-08,3.73658491649132e-17,-1.16682348504997e-08,-1.94792349546301e-16,-1.45301388212823e-08,7.27570990086821e-17,-1.89799899522451e-08,-2.41288541794895e-09,-2.2513245633132e-07,7.87487121982655e-16,8.12901572460994e-08,1.47753636335395e-17,1.21286098980795e-07,-2.2576227154427e-07,2.82787808104845e-08,6.11152522026432e-17,1.86591293553047e-07,5.11737850914614e-17,-4.77062826250829e-08,-2.10383257970583e-05,-3.17595532091092e-16,2.29974427680584e-17,-9.22970987054755e-17,-2.8592113026025e-17,-9.25520030832136e-10,-1.21508462669924e-08,-2.73999864360159e-09,-2.15047977648121e-16,-2.7032990449207e-17,-3.06610384583982e-08,2.5089730268206e-07,-5.93241968159101e-17,-1.8138789643765e-16,-1.55139986351343e-08,-4.65682974908416e-17,-1.19233996367877e-07,-2.64020617940689e-16,0.00850764256933586,5.27258038639353e-16,8.529596078734e-16,-6.56040305423215e-17,-2.37060101597884e-16,-6.75449454872227e-17,-7.69153130149769e-16,1.27176709941516e-08,-8.92502540483399e-08,-3.69893396273223e-17,-1.42880698907583e-06,2.45633102144932e-07,-2.68366236608741e-16,-1.01481899482248e-16,1.67166492669304e-16,1.60607862867719e-17,2.55625229910946e-08,4.12444274818054e-09,-2.9263564110384e-16,5.47887274145539e-17,-4.72868842440999e-08,-3.80262475959372e-06,-2.56244181384e-09,-2.04557913430446e-16,6.27962588799932e-17,-6.82237717596379e-17,-5.04014343736825e-16,2.93783048603723e-16,-2.46398689484746e-17,1.04283364469375e-07,-9.89220478156629e-08,-1.9074237941725e-08,5.14355419286773e-17,3.82522107650899e-17,1.93030824338174e-17,1.07617367078432e-16,-8.59273246307394e-17,-2.78686894549808e-17,-2.94504710332369e-16,-2.02634203641234e-17,-4.83481673500217e-17,5.66941747601414e-17,-5.06059008775642e-17,2.0519005107335e-16,-1.8144453100249e-17,4.55952295406336e-17,1.08375048099107e-08,-2.24322782746106e-17,-2.23761134734858e-16,1.13771034317751e-16,1.53947591906689e-07,-1.85565434591511e-09,-2.21961302598993e-16,-3.97821025334075e-09,1.41438095140231e-07,-4.76386309862251e-18,-4.01859888559596e-17,-6.16477007103165e-06,-1.33182825954214e-16,3.51658610860305e-09,-9.73160566756417e-17,3.45478360139583e-17,3.82370614038186e-17,6.15483481520199e-17,3.47515222928429e-09,-1.07137213080955e-05,1.84738749738417e-16,8.05871373326548e-17,7.66143821570025e-17,2.59114842342922e-16,3.16858084908889e-16,1.87698272903224e-17,4.19381561123571e-17,8.50809554658825e-18,5.89549928354529e-09,-9.58175019423377e-17,-1.13694323666056e-16,3.84025407758719e-17,6.79970220211839e-20,-2.64740278935513e-16,5.85906915212405e-16,-1.24253303186832e-07,-8.87899992619704e-17,2.15576750063437e-16,0.00392591373730818,-2.14516365827717e-16,1.75772499146128e-17,-4.61407329371796e-17,-1.55136771513259e-17,7.16515662523152e-08,7.96590198206156e-17,-5.29942475566644e-08,-3.93604934954068e-16,-4.04742374692044e-17,2.93314618521001e-17,-4.89796801749799e-18,1.06680367527766e-17,2.92756458180457e-16,1.9211196277222e-09,-5.26541572775121e-16,-3.17241308720257e-16,1.086047622574e-08,-2.40344614582871e-07,1.20606263501734e-16,1.6863568293195e-07,2.47106421581729e-08,9.30094096673065e-17,5.87751292623546e-17,-1.65104159621373e-17,-4.43518254241573e-17,1.71798588786594e-16,-4.17736202310113e-08,4.34787738548065e-16,-1.30509520558854e-16,1.51258610560598e-16,1.67517462393644e-08,4.03217687929565e-16,2.16060202116602e-16,1.22303848335355e-16,1.47051275400237e-16,-7.65060692593046e-09,-1.1911240353209e-16,2.30380132123914e-09,1.08809723082917e-16,2.45999512512895e-16,6.96317411145634e-17,-1.94362410794889e-16,4.96881733702689e-17,6.46315107379024e-17,3.0177265377965e-17,-4.02457888140953e-08,-1.3568549001122e-16,3.49148809764457e-16,1.69807763878458e-08,-3.07888659844417e-16,6.70037206010983e-16,3.33464608352955e-16,-6.38581688373874e-17,2.55188604014222e-16,-1.70684521400936e-16,-0.00291742485373914,2.50350650479023e-16,1.57495997279847e-17,3.51754370416405e-08,1.81866557464691e-16,4.46096487273747e-16,4.80718607717327e-16,-1.18760675659073e-16,3.20161211316245e-17,-3.38784721577109e-16,1.12769156959745e-16,7.18818036328712e-16,-2.09604789503743e-16,-3.34459411886919e-16,-1.93241613480453e-17,-1.89312196892267e-08,6.28242817398326e-08,-2.27546526350646e-17,-7.29283895195366e-16,9.31145337720948e-17,1.13565777118233e-16,1.76237063137519e-16,-1.78953295208713e-16,5.68879532095732e-16,-7.62842425045636e-17,-5.45951689022006e-09,2.20416809428991e-16,1.36700199732125e-16,1.69310963808266e-16,5.74585571835374e-16,1.56865002331208e-07,1.755191265219e-16,-1.11208284450389e-09,-2.13529639249826e-16,-8.05467145782358e-16,-9.55681369998496e-17,-7.87060886483648e-17,-3.43156780804971e-16,-5.96685730631553e-16,-2.38956276941154e-16,1.78133752792917e-16,6.2249575398616e-16,-2.11973406383045e-16,8.70431031148811e-17,-2.43915965949753e-17,-1.02214076643957e-15,-1.26143854121351e-16,1.82389177360158e-16,1.8281679119754e-16,-8.77100028004154e-17,4.51427825056777e-16,-1.86881637392176e-16,4.94080962878119e-16,4.01371644254134e-16,7.98738322480027e-17,2.05404382101126e-16,4.82450220391059e-16,6.22823526407517e-17,5.31292722024393e-10,-3.24807489757736e-17,-4.14571237174516e-16,8.53238642935735e-17,3.82471524879117e-16,-1.06358691740313e-15,1.29149174804792e-16,4.02297002140951e-16,-3.2791934021612e-17,3.71547426002782e-16,6.45907775320184e-16,-3.39517910313836e-16,-7.61644536285837e-16,1.7180355028377e-16,5.26926051814017e-16,-4.0914046447647e-16,1.24572660519776e-15,9.77797769772313e-16,-6.85220896556086e-09,-1.22009627203695e-16,4.83241897688773e-16,-6.01823917272608e-16,-2.08407278373201e-15,-1.28074013865903e-15,-1.39955461081079e-15,-2.63119261087104e-15,6.40013443800959e-15,-4.39036109834464e-16,1.45440752026414e-09,-1.20675128572872e-14,-2.72911637085199e-15,-0.707106781186548,-4.36024646080893e-12,1.35649673855368e-15,1.3414776427281e-14,8.97758541449906e-15,4.29650443857135e-15,-8.93533839428601e-16,-5.88647132980322e-17,1.01042895011192e-15,7.20534575311036e-16,-1.65080569756329e-15,7.34856860091623e-09,-1.49367001567135e-15,-7.97780711647516e-16,-3.07964563619945e-16,3.04227129599433e-16,-4.94433022803522e-07,-1.69333461106051e-16,-1.57304143775037e-16,7.30834487604944e-17,7.55530856416552e-16,5.37917354068079e-16,-3.62704122018991e-16,-1.42919162188363e-18,-2.02392242455871e-16,-2.92381232614358e-16,2.17412749855441e-16,1.80770421252833e-16,-2.34377408353783e-16,-1.3451285912017e-16,-3.07064603336335e-16,-2.23361710021688e-16,2.0454373621834e-16,-2.08720052398369e-16
"t904",-0.00485643327188562,0.0494554389897657,0.0635615991857618,0.0149980747662137,0.0300061428816976,-0.0048396058156851,0.00147911692227793,5.03380958316658e-05,0.000406167198526761,-0.000975185056464292,-0.000218582938339725,-0.00108684131767526,0.00682233796590001,0.045844928424279,-0.00112869303198441,0.00194415134728215,0.137464357314249,0.00176913981255799,-0.00111193579764535,0.000412532994086287,-0.000947644850412046,0.000143646335389949,-0.000252978225947671,0.000394470100883136,-5.73837979833373e-05,-0.000395640117734346,0.00180889885353775,-0.214628285678105,-0.00916237776094454,0.0187607413630222,-7.11534172783971e-05,0.00106994631661337,0.000406032302958761,2.28521423799785e-05,-1.21041315563871e-05,-2.59613761480612e-05,-9.18774305366963e-05,9.47997749648632e-06,8.30765329063808e-05,2.93031863602725e-05,0.0229664854892891,0.000113889244888425,-3.61953278137181e-05,4.17308595528858e-05,-6.4462064826077e-05,-5.76478394258451e-06,1.44323538764573e-06,-2.32535791965943e-05,2.85051509524233e-05,-6.13383745549902e-05,5.4598166031055e-05,-0.00234697945047298,3.8892117729823e-09,-1.37902377983705e-05,7.4571825818182e-06,-7.90739015626823e-05,4.71640703144791e-06,-0.00683947426319298,-0.000444824398432018,-5.13876407533461e-06,-5.54181139003457e-06,7.00497021842868e-06,-0.000196483962624373,0.000306234858371246,-8.79316036773127e-06,2.64904733907151e-05,-1.47828068263032e-06,7.39638444796416e-05,-0.00385812457855153,2.269785356603e-05,-3.67436046347685e-06,9.48899970502752e-06,-3.1030199352977e-06,-2.02269929173375e-05,8.45835631663304e-06,7.78922393561928e-08,-7.14297945463284e-05,0.000297751778798593,-3.40920667805569e-05,-3.95080589207961e-05,0.000285035434853166,0.000166275826487494,-1.99565726038391e-05,-9.2895203837494e-05,5.73826840532971e-06,0.000161667256929943,-2.3768916094679e-05,-3.74604935543452e-06,-8.33264709675329e-07,3.16102637672611e-05,-6.90913838685109e-06,1.68446698796051e-07,1.11892715116886e-05,-0.000102176515772846,-6.08604322039469e-07,-2.82848071736474e-05,-3.33607077757078e-06,3.10897462083053e-05,-0.00322019928783552,-1.52166562012329e-05,-4.88320197001527e-06,3.18736082808966e-07,-6.86664535803019e-06,2.85307885728194e-06,-1.24290670820764e-06,1.96166162787399e-06,-6.65209780032717e-05,2.27645713210271e-06,-1.03592699827436e-05,3.56814827231859e-07,0.000293541885341259,1.90304970831746e-05,-5.85703636593362e-06,5.35894691196618e-06,-1.95209724522231e-07,5.65712190543778e-06,-1.10324661755684e-05,1.17626923374845e-05,-1.23344128221306e-05,0.000700720323249758,-1.430923708888e-05,0.00220568176004026,-1.88412164541996e-05,-5.20695627744376e-05,2.41940669858897e-06,-2.69216115727044e-05,2.74934013266446e-06,-5.90424320605401e-06,2.63728718000066e-05,0.000366815114097914,1.57533173175646e-06,3.36937584313445e-05,-4.47296306154031e-06,-8.11659436740357e-06,3.54321213502052e-07,1.34175820784806e-05,-8.0778283236375e-08,-0.00122255358986662,1.22619047803479e-05,-3.53004742953138e-05,-2.22643977882222e-06,-6.63226034426399e-05,1.80728085064348e-05,1.14007881870318e-06,4.34073479583795e-07,-2.25069460259667e-07,-0.000271684245931779,1.48742636971268e-06,9.64973120339757e-08,-2.31519950360128e-07,-4.90926879931423e-06,-1.07432861140809e-06,-3.10882453143967e-06,8.55477967537425e-06,-6.00907624073085e-05,-2.06320040712107e-07,3.08283726602419e-06,-2.30676978869452e-05,-7.68090466218805e-07,-2.52838977520908e-07,-1.67790681040792e-05,5.72242933550498e-05,-1.1639756265314e-06,-2.30963636534248e-05,1.45801282066439e-05,-9.4629659251357e-06,1.0377283420903e-05,1.78033169696925e-07,8.86290319668304e-06,0.000240234878182625,-1.89644545617751e-05,-3.34109767794785e-06,3.92441620265508e-07,1.01415047082776e-06,2.51853059663138e-06,4.02942469495306e-07,2.25945101301623e-07,-9.43091817059911e-06,-1.4510875637972e-05,-0.000128147381942095,0.00240566967787432,-2.07358837790177e-05,-0.000123710040694473,7.87001817514842e-10,-0.00027585393170738,-5.74546810559197e-08,-9.33910133013285e-06,2.96916790860194e-06,1.3372521323302e-05,-1.73339535117588e-05,-4.04185765179895e-07,7.62796738844473e-07,3.05020483732578e-06,5.45488794366127e-09,1.4722609844711e-05,-7.48837976368303e-07,-1.38118646127878e-06,-9.82674878521647e-07,8.22936806606238e-07,3.52722039484777e-07,3.52469319912249e-07,0.000114505089311749,-8.99411157786322e-09,-1.56914886633958e-06,-2.37694803575226e-06,-1.1795605823701e-05,1.52048362230066e-06,7.94999008578044e-06,-1.11841487338928e-05,-6.87313503862533e-08,-4.47026553184255e-05,1.4404518668517e-05,-3.77116451961782e-05,-4.66224696643765e-06,-3.7721921216822e-07,-2.44604073549178e-06,6.3396926698824e-07,9.79857743793761e-06,-7.59581133631918e-07,-5.02822555692877e-06,-0.00157429374365101,1.82703899936355e-05,4.35163782503212e-06,0.000409398337873302,-3.91926941386645e-06,-1.54681527142924e-06,-2.13890620878237e-05,-3.83784443331785e-05,-2.36252914921115e-06,-1.87258958683355e-06,5.58845060658778e-06,1.14366595581867e-06,6.33343114375882e-07,1.05835379001418e-06,-5.5456688284367e-08,-1.27201317017579e-07,-4.6651507081896e-06,2.88525426450453e-17,-5.18248622944826e-07,7.38053239472377e-06,-0.000133453834807608,-3.71642031172396e-06,-4.20947516202275e-06,7.09445011097184e-07,-8.07641211204247e-07,4.17617346417567e-06,-6.75089988254809e-08,4.39455613329546e-09,-1.00052354743901e-06,1.01020157750174e-05,-6.97238226950522e-06,3.28439607966918e-05,-2.02931144830403e-06,1.06670872820152e-07,-6.93400458031497e-09,3.28496687087429e-07,-3.06821940841376e-07,4.82742009882055e-06,1.07404294496978e-06,-2.09147278961188e-07,8.57022868022495e-05,-9.86924969545352e-07,0.000181554177607354,-4.33672602863377e-06,4.21610603989491e-07,-1.44196368005878e-07,2.51680575316134e-08,1.22138741953234e-05,-3.82395524288853e-06,1.88020340236914e-07,1.92747785749892e-06,-1.62653144727979e-07,1.96311611246389e-06,-2.36522031592026e-06,9.12171273480952e-05,-7.09238901657017e-06,5.55212858262522e-06,-4.06310447057454e-07,6.71213287115935e-06,-3.44793204614672e-07,1.336388216361e-06,1.02209536265117e-16,-3.31780939756274e-06,-1.13801522409211e-07,-1.49676706401404e-10,-1.31235303609287e-06,1.6695521725266e-07,-1.03947058911901e-07,-3.43948005897264e-07,4.07810095485293e-08,-1.73502960270429e-06,6.03438382568063e-06,2.24369869168527e-07,-5.03956223487659e-06,2.74789289788163e-06,-3.34859910789667e-06,1.09435525140837e-05,-1.91442644577605e-06,3.38411358269278e-06,1.20537789686273e-07,9.17445341223622e-08,6.64529386361778e-06,-9.17537164347117e-05,4.99339939371533e-07,-2.13301306122055e-05,0.00244808663526369,-0.0787346174735011,-2.74960971828856e-06,-2.28637906068364e-06,-1.1419746356497e-05,3.3155079002748e-06,1.45315595282082e-06,-1.32332462838619e-06,0.000118131660928079,-1.1239135628845e-07,-9.24242487690698e-07,1.39434180891628e-06,3.73608312254585e-17,-1.16790082057591e-09,-6.21755379285964e-07,4.7034858821648e-08,-2.41575996917329e-07,-3.06152703566382e-08,-6.01943265025587e-08,-1.30874102963074e-07,3.79044570176317e-05,-4.55751099358759e-07,3.95332565876627e-16,1.83185554372028e-07,1.52232296426871e-09,4.44270838835204e-09,-2.04354881898997e-08,-1.3366460936763e-08,3.0514824829045e-10,-1.62851037760551e-08,8.80563707304638e-09,-8.10973156596614e-08,1.55159748301429e-07,-3.26367966005397e-08,-1.3050711144483e-07,-0.0284216409645295,-4.96435539432214e-11,-1.12939058509431e-08,1.68666130914246e-08,-3.74057364109775e-08,-2.01028841840207e-16,-1.48190119145845e-07,1.16450883319921e-08,3.35591885979588e-10,2.81234032184425e-09,-9.09439325077172e-08,-1.40561448143809e-07,6.16622766903212e-08,-2.16502958853532e-07,-9.18216026989274e-09,-2.17960783053794e-16,-1.34833659557102e-08,-4.79580403224653e-09,-8.78205644321389e-09,1.81823461678225e-17,1.71429910404595e-09,-2.91279957988498e-09,8.79613891499098e-10,6.7213859504549e-09,4.30222059588062e-09,3.34663703453003e-09,2.99204253744178e-06,-5.28532147642766e-09,-4.44030190681223e-08,-3.10610065195775e-09,-2.10091886296691e-08,-3.07536419627125e-08,-1.99164921223841e-16,1.93082081227149e-08,-6.76968495464883e-08,-3.78884351117329e-07,6.10012950272656e-08,-8.69063637942463e-17,1.93758631398966e-06,-2.13474659495729e-08,5.90026518588697e-08,4.20356479582861e-08,1.51251920998829e-07,-1.8236031338099e-07,6.67656193524145e-05,-6.14189892731499e-07,6.80252887779344e-18,-3.25218762094755e-06,6.42574665375207e-07,-1.91588126883918e-06,-4.9189773440255e-06,1.17668966978753e-05,3.46580219096938e-09,6.29704621779581e-16,2.1289951218077e-16,3.93253946359651e-09,5.80369782191227e-07,-7.7952462348211e-08,9.03331210038131e-07,-1.68622443592121e-15,5.97120605596269e-07,8.32266382291956e-09,-1.83884571894007e-16,-7.70968537230212e-16,1.54035625216161e-17,-3.43006386093752e-06,-0.000259747897905254,1.977668834405e-05,-2.96589722818416e-05,-1.64805553214363e-05,-0.63199597202108,-0.000133175153452987,-1.1690074250949e-13,-1.69122112072527e-06,3.65305322738533e-06,4.04860835701106e-15,-2.28116959375255e-15,-1.27172904123488e-06,-6.25202885962912e-10,-6.17454093021271e-07,3.15440445091728e-06,5.15357681549132e-07,-1.89943621073607e-07,-3.79279378819465e-16,-6.25887737786505e-07,-5.99866074059847e-16,-2.01898166189486e-06,-5.61074624261249e-18,-5.08265982359842e-07,-9.06644499686017e-16,1.9973222288714e-06,5.21519901442403e-07,1.96212451384986e-07,2.52973421970163e-06,1.24351803562135e-06,-1.38202531450438e-07,8.53702628416274e-07,6.42390475399509e-06,1.36035068511726e-06,1.2349375614669e-07,2.70723672796255e-07,-7.36818145914056e-07,-1.2304080938349e-06,-9.79241028178155e-08,-3.33702235612341e-07,-5.59377799336918e-16,3.04172764527013e-06,-5.12102055204622e-07,2.50250121335392e-07,2.71928918551674e-16,4.32871387968706e-08,1.16756608397986e-06,0.000324586717723257,-6.91984142708133e-16,-9.27606769368551e-07,-5.04702265534899e-07,-4.25550029523297e-16,-1.52177762151098e-05,1.42619269922418e-06,1.87322905850292e-16,7.51639635961846e-16,-5.16158009479305e-08,-2.76791876475373e-07,-1.5689744655937e-09,-2.16419835375027e-06,5.67516546948868e-07,1.66755564930953e-07,1.6041362471029e-07,1.45976563271031e-06,-3.2410941184845e-06,4.03648468816353e-16,6.65904948320322e-09,4.57988390934783e-09,1.26112627503891e-08,1.17717811146834e-06,1.43472234163487e-16,1.17092887717023e-16,3.85906644305101e-07,-2.75928850637377e-17,-7.96094083943462e-17,1.81915293223632e-06,-0.00020860829407277,-1.57095838287754e-07,-2.7877338058347e-08,1.74316283129457e-05,0.000277570017603888,8.3110426200265e-08,-9.66832670467634e-17,2.03219054537323e-07,9.48159573870895e-09,4.34917261235791e-08,-4.36737857380406e-07,1.71754699707297e-06,-1.09983701775136e-17,-5.40576629828538e-16,4.44503783013022e-16,-1.49547373132619e-07,-7.16302388979513e-08,-4.1714286509682e-07,-4.75319760990721e-16,-5.48537107396538e-08,-3.6736675657758e-16,8.03492305135682e-17,1.77208006965628e-05,-1.9142132299089e-07,-3.03359767861444e-16,-4.83551705646443e-07,-2.49793656116787e-07,1.02022742299396e-15,5.65959415888613e-07,2.30960697814236e-16,2.01484199781844e-07,-1.82262598987933e-16,2.02321326797339e-07,3.9488559545056e-05,6.21329405993928e-08,5.88251238034435e-08,4.05204180801727e-07,-2.03575610808283e-07,5.66635529477385e-07,-5.99736774141474e-17,3.77528660544301e-06,-2.13453102025776e-07,-9.01332652247736e-17,-2.8188685458625e-08,-1.31280693717772e-05,1.34600461753965e-07,-3.21075928818813e-16,3.48955158054613e-05,5.82477771277379e-07,-3.2584168958353e-16,-1.4637338109984e-06,-3.24692573238744e-07,-1.71010519517512e-08,2.25477560592151e-16,7.53008207081029e-17,2.50405924447155e-05,9.81864016744196e-08,7.9723726307475e-09,-1.41918130302136e-07,6.61261544111039e-08,6.93775311301951e-17,4.14649924474333e-16,2.45561920299721e-07,1.69645051822844e-09,3.13439879378676e-16,6.1411460970973e-07,-1.27916449887696e-16,3.29077603498657e-07,-1.28743727495698e-07,-7.55561090633619e-08,-5.09976039597687e-07,-7.24559646854916e-16,9.07942703623514e-17,6.00167782601161e-16,-6.96026917038484e-17,-5.11866709728943e-08,-1.8208149486838e-07,8.68245466817896e-16,6.19507879157386e-16,-7.19740183593751e-16,2.84647429811369e-07,2.69912986198709e-09,-1.78289763350644e-07,-4.43732320205344e-17,-3.06151588455594e-16,1.58678408954116e-15,-0.128509485029606,-4.93895023547119e-06,5.14826833169166e-17,-6.02685724184004e-08,1.07405630692428e-06,-3.766932082435e-16,8.90628281472141e-16,3.77686616686493e-07,2.92601196949569e-07,1.28739934842164e-07,2.81933821308674e-15,-1.95193941750664e-06,-9.34615837951415e-08,-6.37558575281939e-08,2.51303131920134e-08,4.84290956341988e-08,-2.66401923225767e-10,1.42990611439417e-17,-5.04158390732759e-16,2.47282126211029e-16,3.22113391747507e-08,-2.95302831842106e-08,-1.22300562063912e-08,-2.9849323059055e-07,1.15442627881844e-17,-1.31614855453802e-16,2.19612966152465e-17,3.52628385569198e-16,-2.45053932557322e-16,7.60817903743071e-08,-1.50979638735266e-16,1.57825410283677e-16,-1.30000847184073e-08,8.86990999612717e-17,-1.16682346437967e-08,-1.98072305607794e-16,-1.45301393387125e-08,1.5414012149581e-16,-1.89799900701341e-08,-2.41288566532539e-09,-2.25132456248148e-07,7.82636688208762e-16,8.12901571528012e-08,2.92324851058033e-17,1.21286098766626e-07,-2.25762271488763e-07,2.82787808681352e-08,-4.98827041741792e-16,1.86591293494074e-07,3.15052975454676e-16,-4.77062826923837e-08,-2.10383257969229e-05,-1.96261017990679e-17,2.59787394395551e-17,-1.15053614913769e-17,-1.47641429826877e-17,-9.25519836420977e-10,-1.21508462040718e-08,-2.73999867294065e-09,-2.38749456193072e-16,-7.47773376482924e-18,-3.06610385998986e-08,2.50897303333882e-07,-2.29641633109535e-16,-1.24736405288682e-16,-1.55139987748765e-08,1.32241163028579e-17,-1.19233996647464e-07,-6.50108397678615e-17,0.00850764256933583,4.24593382441384e-16,6.33253572124446e-17,1.60865009945245e-16,1.0409587238187e-16,-1.49514359845906e-17,1.58586547947693e-18,1.27176707614933e-08,-8.92502545756601e-08,-8.7298209327717e-17,-1.4288069890187e-06,2.45633101758828e-07,6.14222629519436e-18,-7.14177063816213e-18,-2.69649645265355e-16,-1.31858771887859e-16,2.55625228742982e-08,4.12444245223664e-09,-3.24235545506736e-16,4.31609318307854e-17,-4.72868842979554e-08,-3.80262475962996e-06,-2.5624419465162e-09,-4.8359719752609e-17,-6.46325523920494e-17,7.94255037119044e-17,3.32486196325516e-16,2.68048716319595e-17,-4.28764791323808e-17,1.04283364813019e-07,-9.8922047707123e-08,-1.90742381661033e-08,1.58818576437894e-17,1.52678801278725e-16,-3.50331097966756e-17,6.35900461734286e-17,2.4024002270023e-16,2.15723691252181e-16,8.330161295947e-17,3.39614311372742e-17,-5.28869825550488e-17,-1.3913456896152e-17,1.40828149666276e-16,3.41342362399037e-17,1.56713883207151e-16,5.6716844234905e-17,1.08375050712202e-08,1.24928214742467e-17,-6.59012458174846e-17,1.22006013374388e-16,1.53947591916761e-07,-1.85565471870355e-09,3.98752052968842e-18,-3.97821008786678e-09,1.41438095553141e-07,1.23973179578684e-16,2.17354626290626e-16,-6.16477007060269e-06,-1.54678977365452e-16,3.51658607839191e-09,1.65830097412984e-16,-5.1877700124937e-17,-1.90421999637179e-17,-7.1946336411229e-17,3.47515237635441e-09,-1.0713721308105e-05,-2.2645200973366e-16,-8.94347868124772e-17,-4.41009463253039e-17,3.83117077715353e-16,-2.60859042700012e-16,-1.01882002840213e-16,8.50334840999299e-17,-5.63617026193489e-17,5.89549946108041e-09,7.70926534811942e-17,9.41678211260113e-17,2.25822935544014e-17,6.55052811277455e-17,4.59414175581338e-16,3.91651767220898e-16,-1.24253303328777e-07,3.76362443690257e-17,1.81437000107149e-16,0.00392591373730787,-3.02940255871444e-16,-4.00809954310826e-16,-2.55059879303804e-17,1.52537532223634e-16,7.16515662633721e-08,-9.34329079375768e-17,-5.29942473710094e-08,1.67845092941215e-16,9.66677583446929e-17,1.33798241561544e-16,5.86627490697543e-17,9.66088259975673e-17,-3.52843576358399e-18,1.92112000506776e-09,-1.38850342445662e-16,3.81707451067284e-16,1.08604765137927e-08,-2.40344614851098e-07,9.47100130360451e-17,1.68635682835872e-07,2.47106422460677e-08,-1.15366607347292e-16,-1.25973223030896e-16,4.95382484608613e-17,7.35798782027893e-17,-2.4748323487856e-16,-4.17736203891477e-08,-2.83078095170567e-17,1.4984631476282e-16,-2.67713993876855e-16,1.6751746294112e-08,-2.13157691602944e-16,-3.10022121997634e-16,6.84329587935234e-17,-2.35102010566024e-16,-7.65060632452484e-09,9.84483363833836e-17,2.30380094204179e-09,4.44450740084846e-17,-2.8319954555612e-16,-9.61583819199727e-17,4.3106455615168e-17,4.96408310065432e-17,-4.7045190016544e-17,-1.69506702550725e-17,-4.02457892728924e-08,-2.53310625517007e-17,-2.30162380057751e-16,1.6980776478264e-08,1.92607036633056e-16,8.60684704226068e-16,-1.5761633140548e-16,-9.47982776106074e-18,4.41294706006106e-17,-2.63978728552102e-16,-0.0029174248537384,-4.68827804551744e-16,-2.3024762726092e-16,3.5175437147557e-08,-2.12014867853862e-16,-4.19801340367167e-16,-3.7252213058808e-16,1.13561259727006e-16,-1.38412812698343e-16,2.49813982141713e-16,-1.41575415010382e-16,9.74917464892352e-16,6.07964312697525e-17,2.81527319213583e-16,2.78408554888026e-17,-1.89312194846769e-08,6.28242822977061e-08,5.38665663242598e-17,8.93932169433665e-16,4.99381127100991e-17,-2.55514393886409e-18,1.84260159213911e-16,2.18902486407471e-16,-3.96660406589889e-16,2.55829711197918e-17,-5.45951637459049e-09,-1.25185836339851e-16,-2.05979984750973e-16,-3.4133347851416e-16,-3.88377655380477e-16,1.56865002861815e-07,-1.97011965604267e-16,-1.1120830514752e-09,2.7717420582795e-16,5.71421546966009e-16,2.39573827737238e-17,9.71115882462979e-17,2.36962432017131e-16,5.76687423503505e-16,-9.15193087887517e-17,1.0110200553824e-16,2.18291050035285e-16,-2.97406560314172e-16,-3.89394188611105e-16,1.69977130287791e-16,1.04067107199468e-15,1.14381065143596e-16,-3.50498776683689e-16,-2.66497660151483e-16,1.51004693941702e-16,-5.28379268608973e-16,1.90932587582359e-16,-4.89024651981006e-16,-3.18484388167617e-16,-8.86868905292101e-17,-2.24205646548571e-16,-4.37868937715821e-16,-2.13206756993592e-16,5.31292392928028e-10,8.13151212255997e-17,2.4063246444921e-16,7.86743147456259e-18,-4.67553166094156e-16,1.02470418909151e-15,-1.0127646027588e-16,-2.15428575394041e-16,-8.60657174157331e-18,-5.97896552589397e-16,-6.24346590732156e-16,1.44399466342482e-15,6.61584877110971e-16,-3.00533586208655e-16,-5.01622201563909e-16,2.90786392227323e-16,-1.13546580059642e-15,-1.17919947452247e-15,-6.85220932646196e-09,8.54116968783408e-17,-4.07001564457718e-16,4.88809329757684e-16,2.10946583590136e-15,1.67054510860819e-15,1.2661568209065e-15,2.82368946406022e-15,-6.47680624388006e-15,5.43837235704522e-16,1.45440740803642e-09,1.26221439965259e-14,2.98744767754097e-15,0.707106781186548,4.36019518849544e-12,-1.42275376005971e-15,-1.39194694103814e-14,-9.15441823190326e-15,-4.33239026985361e-15,6.4144997257546e-16,7.92132717329218e-18,-1.05500782531426e-15,-7.47966117205155e-16,1.75775270284781e-15,7.34856814163196e-09,1.3065502243181e-15,8.7452638827134e-16,1.48051622999024e-17,-6.38703499811211e-16,-4.94433022434997e-07,2.88103522620136e-16,2.8847305417139e-17,-3.12761132861041e-17,-5.32358062494212e-16,-4.82814599333044e-16,3.31189648333324e-16,2.70337047080856e-16,2.75949695619874e-16,3.2948623781925e-16,-2.18629694363162e-16,-2.78967124955069e-16,3.34919357666873e-16,7.29292646817203e-17,1.29727640465736e-16,2.67841237053723e-16,-1.33029072266787e-16,-2.04514739858522e-16
"t667",-0.00485912868632525,0.0495133045984882,0.0636383767453479,0.0150223605684428,0.0300656432408916,-0.00485086660509317,0.00148262618015545,5.04670344976863e-05,0.000407396168987118,-0.000978763847622728,-0.000219601008742963,-0.00109308062857714,0.00686265111344785,0.0461199341822212,-0.00113575933662301,0.00195704275663484,0.13839768043126,0.00178136965035958,-0.00111980084874978,0.000415703707238027,-0.00095552482999162,0.000145088939295021,-0.000255661845158366,0.000398678685103,-5.79984437113919e-05,-0.000400080901170031,0.00182944380099823,-0.217087962563285,-0.00927021193868618,0.0190217425054704,-7.22094971680285e-05,0.00108655486567421,0.00041279395528941,2.32509067855833e-05,-1.23262336123455e-05,-2.64761994955578e-05,-9.37227431515449e-05,9.67343609641246e-06,8.4783533790805e-05,2.99143469584621e-05,0.0234594069724468,0.000116393544871137,-3.7003231240472e-05,4.26634693615268e-05,-6.5928121521462e-05,-5.90437331070464e-06,1.47883816643579e-06,-2.38322062697951e-05,2.9231666398326e-05,-6.29420638994602e-05,5.60738934493269e-05,-0.00241138924759729,3.99618285446263e-09,-1.41766978181529e-05,7.67381121611628e-06,-8.13833084624028e-05,4.8675663065253e-06,-0.00706407052722629,-0.000459473592749498,-5.31804830056944e-06,-5.74345766948188e-06,7.26509149054888e-06,-0.000203899752657766,0.00031783996425485,-9.13644645189851e-06,2.75520724635622e-05,-1.54092816483775e-06,7.71756047655938e-05,-0.00402753038112335,2.37144300235656e-05,-3.85617634581112e-06,9.99307217780152e-06,-3.26961215168599e-06,-2.13366197085327e-05,8.92361701262439e-06,8.22164169582579e-08,-7.54096992549889e-05,0.000314639244492938,-3.6103208203668e-05,-4.18752543889925e-05,0.000302566585055182,0.000176560119463827,-2.12416055400055e-05,-9.8948477334002e-05,6.13129498326017e-06,0.000172888320721502,-2.54407738390378e-05,-4.01010425064974e-06,-8.92033470522997e-07,3.38428147612993e-05,-7.3995692315648e-06,1.80972888677838e-07,1.20248307672127e-05,-0.000110022228599974,-6.57570358853677e-07,-3.05762583815468e-05,-3.60642444510797e-06,3.36533903844369e-05,-0.00348743908357693,-1.65100033733652e-05,-5.30628766184744e-06,3.46398505963304e-07,-7.46372260571279e-06,3.12266760829988e-06,-1.36106197655469e-06,2.14902212083432e-06,-7.29275292762212e-05,2.49620769165848e-06,-1.13633678060218e-05,3.91614097738078e-07,0.000322227769126021,2.09123991918404e-05,-6.4370479426485e-06,5.90616428391214e-06,-2.15272302697566e-07,6.24675538529199e-06,-1.21895837313594e-05,1.30176233953057e-05,-1.3671862651322e-05,0.000777628236230846,-1.58905406452726e-05,0.00245519869570034,-2.10046911266129e-05,-5.80519407798036e-05,2.69797140032947e-06,-3.00686699506516e-05,3.07113344436396e-06,-6.60428287064583e-06,2.96155102085444e-05,0.000411934413586261,1.76966796289857e-06,3.7950662199922e-05,-5.04070683974533e-06,-9.15027160499311e-06,4.00065063845068e-07,1.51530944078909e-05,-9.15279304261478e-08,-0.00138895483780393,1.39821736497178e-05,-4.02571103055412e-05,-2.54066735261239e-06,-7.57074582367863e-05,2.06408976520777e-05,1.302339355487e-06,4.95853858651274e-07,-2.57470206449955e-07,-0.000311685328758392,1.7114271294552e-06,1.1111084010382e-07,-2.67013572008989e-07,-5.66262548025919e-06,-1.23995919062595e-06,-3.58942657773012e-06,9.88139670267944e-06,-6.96760165011605e-05,-2.39378350025177e-07,3.57836016162359e-06,-2.70460522294803e-05,-9.02796539773381e-07,-2.97294959979229e-07,-1.97711126538472e-05,6.74579139703053e-05,-1.37589496561624e-06,-2.73105252611692e-05,1.72868895975144e-05,-1.12491461060248e-05,1.24311312065858e-05,2.13327419569801e-07,1.06206789106633e-05,0.000288185957400213,-2.27781110465741e-05,-4.01369658631988e-06,4.72613070166692e-07,1.22228355360261e-06,3.04054385179165e-06,4.86662714602446e-07,2.7294854327982e-07,-1.14381377507386e-05,-1.76723269479003e-05,-0.000156178624780528,0.00293390206462405,-2.53405175844834e-05,-0.000151300183750957,9.63264133838698e-10,-0.000337882405965339,-7.05471344044771e-08,-1.14742645058438e-05,3.66748547461426e-06,1.65205338070659e-05,-2.1453113610358e-05,-5.0274251876477e-07,9.5279265870864e-07,3.81551691249289e-06,6.83848516313232e-09,1.84871930348137e-05,-9.44953879222776e-07,-1.74478429057393e-06,-1.24420298732731e-06,1.04314945782678e-06,4.51130702560094e-07,4.50999670312069e-07,0.000147080069439564,-1.15970639334383e-08,-2.04221305532174e-06,-3.09368033136319e-06,-1.5365751069841e-05,1.98598223420983e-06,1.04032704160159e-05,-1.47086378511646e-05,-9.09578336657791e-08,-5.94608079355152e-05,1.91904164970211e-05,-5.06054489570498e-05,-6.28175189454499e-06,-5.08306939473644e-07,-3.306597211769e-06,8.64063634930745e-07,1.3376173826656e-05,-1.04586016985596e-06,-6.96526257553459e-06,-0.00218536601308031,2.55862366231528e-05,6.10705412209339e-06,0.000575888785835206,-5.55292105126282e-06,-2.19478424460725e-06,-3.03599887644123e-05,-5.4914315621085e-05,-3.39722161166947e-06,-2.70774290522017e-06,8.10146110489722e-06,1.6623570996756e-06,9.22891649348451e-07,1.54330351217788e-06,-8.14050124223577e-08,-1.87500925849477e-07,-6.90817406768101e-06,6.85902691379218e-18,-7.72538410427647e-07,1.1016694270657e-05,-0.000201077136550455,-5.64089702101492e-06,-6.42864793453881e-06,1.08385627849263e-06,-1.24831638892685e-06,6.46765106851147e-06,-1.04647284138319e-07,6.84220574452004e-09,-1.56247551123626e-06,1.58634810280948e-05,-1.09760720945765e-05,5.17566976179259e-05,-3.21597945214595e-06,1.73226072838106e-07,-1.13616222849702e-08,5.42355087285733e-07,-5.15215861222194e-07,8.11616630569279e-06,1.8279424312136e-06,-3.58446677337861e-07,0.000148376439482524,-1.71429858628523e-06,0.000316458673952048,-7.59595635578171e-06,7.43865735410867e-07,-2.54625041063098e-07,4.52955377084293e-08,2.19913648136765e-05,-6.88856044056282e-06,3.4050303058506e-07,3.49758357107484e-06,-2.97035629261494e-07,3.58930716772413e-06,-4.50218795104007e-06,0.000174437779112217,-1.36133397539231e-05,1.07489705398818e-05,-7.92133660913651e-07,1.32984197488531e-05,-6.86394767928159e-07,2.67056727532749e-06,2.91571085129923e-16,-6.71901714904412e-06,-2.30873814734389e-07,-3.05431859296839e-10,-2.71591918675207e-06,3.49815536406978e-07,-2.19101026694653e-07,-7.27140419052217e-07,8.97234174890084e-08,-3.82750096657505e-06,1.33215799930341e-05,5.01483883894564e-07,-1.16842212641125e-05,6.41309715440646e-06,-7.85126582215814e-06,2.60601281477675e-05,-4.85679360470913e-06,8.8351528757276e-06,3.15237140483928e-07,2.40058224560528e-07,1.87918046283002e-05,-0.000287755242297092,1.58885024777891e-06,-6.93644503076856e-05,0.00818235912865867,-0.26544443966127,-1.00105364684354e-05,-8.37539271693817e-06,-4.2312915951414e-05,1.23824100748789e-05,5.57373182342564e-06,-5.23400999078441e-06,0.000481282527662362,-4.64037712269914e-07,-3.90544889628581e-06,6.20620950483982e-06,-3.24307133024414e-16,-7.95601785274451e-09,-4.4878759795218e-06,3.73236681951942e-07,-1.92268522769606e-06,-2.44432809032124e-07,-4.92806870915708e-07,-1.12573228612129e-06,0.000347130828674638,-4.81520707055245e-06,-5.69830449514066e-16,3.04225971560954e-06,2.72681673933653e-08,9.5852376922012e-08,-4.51998597514221e-07,-6.29326304925878e-07,3.96218257295695e-08,1.3777966226686e-06,-3.45030083530787e-07,1.44984458190594e-06,-1.82759654528486e-06,3.14082071736715e-07,1.13673720951269e-06,0.233637631817632,3.70641104667589e-10,8.34684636170718e-08,-1.17015746932023e-07,2.47622164255283e-07,1.27983958598943e-15,7.24729371257898e-07,-5.39218733055244e-08,-1.55312594811842e-09,-1.12710675926254e-08,3.57093516143986e-07,4.39087501633918e-07,-1.81571066297814e-07,6.30291325864928e-07,2.56214536608212e-08,5.79238440166507e-16,3.58945474024248e-08,1.25497522393704e-08,2.15863109210332e-08,1.43546267259868e-16,-3.9476843572074e-09,6.60753794626248e-09,-1.97997552368153e-09,-1.48911783962827e-08,-9.28398718001311e-09,-7.08232356285034e-09,-6.23687061984898e-06,1.05419623137093e-08,8.81091442234128e-08,5.98333721098968e-09,3.84539368794427e-08,5.61448649228228e-08,6.92496807608889e-17,-3.20086981414251e-08,1.10408366037516e-07,5.96343476600832e-07,-9.10644167112672e-08,1.72585436095567e-17,-2.59050727895026e-06,2.53477689189283e-08,-6.65183546453571e-08,-4.62713771808094e-08,-1.61827432127116e-07,1.85197779208637e-07,-6.23931905672368e-05,4.70028089661128e-07,-1.0065761804044e-16,2.09536272983694e-06,-4.07884640541605e-07,1.17892232534522e-06,2.89920867495706e-06,-6.91242629643662e-06,-2.01133944725474e-09,-8.14452671971111e-16,-1.42104638566122e-16,-2.12755672667191e-09,-2.95338433827441e-07,3.93663663064383e-08,-4.31685307372855e-07,9.27257929718129e-16,-2.52518556575923e-07,-3.3309213751592e-09,-5.35730675200853e-17,4.27571737805589e-16,-1.66101010504781e-16,1.14996964018666e-06,8.50866547825842e-05,-5.97188085263272e-06,8.34363451612337e-06,4.59743154136089e-06,0.163085386254889,3.40526834481951e-05,2.62821396199256e-14,3.65958552972577e-07,-7.42878282562129e-07,-1.09089806259993e-15,6.40210235126377e-16,1.98319646681679e-07,9.08446147882414e-11,8.11887898703482e-08,-3.86405711719202e-07,-5.45457339156068e-08,1.9605620790554e-08,4.49268624825986e-16,6.23774155534767e-08,1.06732230929142e-16,1.80922371191357e-07,-5.5665650040837e-16,4.18701775107506e-08,2.93817695941527e-16,-1.46568405517133e-07,-3.73358652653849e-08,-9.55245120754399e-09,-1.11277330228778e-07,-5.22827396142543e-08,4.65891109917478e-09,-2.27373678277377e-08,-6.89734006337405e-08,-1.44186093630147e-08,-7.23464741863286e-10,7.19313249984799e-10,-1.01177408917957e-08,-2.8019764980914e-08,-2.91047836816606e-09,-1.1041843524213e-08,2.88011422285347e-17,1.31727482488106e-07,-2.70679940677878e-08,1.9644417710296e-08,1.02167843292514e-16,3.70392731070524e-09,1.12030177695742e-07,3.25517661206601e-05,4.94760603714803e-17,-9.50757736554822e-08,-5.60812636244495e-08,-1.92895858201246e-16,-1.75432694093062e-06,1.98659089798449e-07,9.52446794194864e-17,-3.28648210967536e-16,-7.65195930741834e-09,-4.12533761444697e-08,-2.39630311143505e-10,-3.39812990306563e-07,9.45037057222748e-08,2.79034419035335e-08,2.70255442998096e-08,2.63774260032198e-07,-6.17060457451178e-07,1.97216375175113e-16,1.29177647253511e-09,8.91262694967104e-10,2.48135563637017e-09,2.34649793469971e-07,2.11329661265941e-16,2.7362565425313e-18,7.82752070281634e-08,-1.96171144366626e-16,1.00320107479787e-16,4.07908881706712e-07,-4.75270065570862e-05,-3.58028052384387e-08,-6.57016328421005e-09,4.12650821426514e-06,6.57697895570934e-05,1.98124631070346e-08,5.24210367081644e-17,5.15108444261966e-08,2.43345508861555e-09,1.120764497212e-08,-1.14811245746157e-07,4.67650516787398e-07,8.28999326750961e-17,9.7117771812424e-17,2.55543700572489e-16,-4.27229782852149e-08,-2.08764586014746e-08,-1.21758063068088e-07,-1.68907660368269e-16,-1.63157510928287e-08,4.79307777419179e-17,5.07281958250965e-19,5.70445618730726e-06,-6.16790125093492e-08,3.62123525610158e-17,-1.58734418556012e-07,-8.28836632574172e-08,6.97836245548537e-16,1.9191706378141e-07,-2.42914357100901e-16,7.01144853665515e-08,-1.11131339056882e-16,7.05687426376285e-08,1.37981018362595e-05,2.17544292489935e-08,2.06542971623335e-08,1.43174807918352e-07,-7.36540815700587e-08,2.11876830614105e-07,-1.50168878382966e-16,1.47101035042714e-06,-8.35391080029291e-08,-2.15825517335911e-16,-1.109752040719e-08,-5.22444531376965e-06,5.40922101579907e-08,-2.01165802820834e-16,1.45063320244675e-05,2.43795517934856e-07,-1.42908626405571e-16,-6.18258081090147e-07,-1.37767468236142e-07,-7.3804419865978e-09,3.57326519100117e-17,4.20862801021545e-16,1.12667289486496e-05,4.50031714744206e-08,3.6682238357932e-09,-7.13674744112735e-08,3.37900862947558e-08,-1.14990310579855e-16,3.38716714815638e-16,1.26915392021449e-07,8.78069072235359e-10,1.03500015879938e-16,3.24247301210174e-07,-2.2446137214026e-16,1.77275911864554e-07,-7.14050897186611e-08,-4.1995694702758e-08,-2.85886588516884e-07,-4.16222081523406e-16,-5.13851147338433e-17,2.87906738729991e-16,-2.11945178146286e-16,-3.12654022162106e-08,-1.12099066797069e-07,8.00910460552608e-16,6.07648091927125e-16,-5.24693773104357e-16,1.80560281570478e-07,1.73565512860944e-09,-1.19270487294807e-07,2.27402362836176e-16,-1.01025958432199e-15,1.15611188157561e-15,-0.102010473962172,-3.9491232002436e-06,1.8545811355876e-16,-5.28119177937875e-08,9.82193518912288e-07,3.38970379975658e-17,3.04175034058616e-16,3.8869655717288e-07,3.04391430873936e-07,1.46012777001831e-07,2.6450396546114e-15,-2.65884240925787e-06,-1.45214565807539e-07,-1.26421782213494e-07,8.85785562080305e-08,2.22860618335494e-07,-3.20331381679646e-09,-7.37643877571035e-17,-6.82792479615234e-16,-3.07121905959651e-16,-3.03116885437429e-08,2.71417280678944e-08,9.31773250723968e-09,9.83636581433065e-08,-4.52668950947844e-17,-1.78807562897415e-16,1.74731753491005e-17,5.07384862015422e-18,5.06555974399007e-16,-9.75270617038498e-09,3.67998291692376e-16,2.6021414832161e-16,1.00388188826552e-09,4.02151642913874e-17,8.72605992128034e-10,-4.84593969859363e-16,1.0278615739181e-09,4.2385707885273e-18,8.5410486685534e-11,-2.05931831651223e-11,-6.04690602536314e-09,-1.99824269019641e-16,3.82980263401579e-09,-2.52778517083833e-16,1.0231828513801e-08,-2.75384413024432e-08,3.48949139612135e-09,-5.88210749574862e-16,2.5347213670077e-08,-6.09191668306254e-16,-7.30518295091581e-09,-3.23797328546443e-06,-2.87340171443087e-16,-1.54305511430431e-17,5.73752052583031e-16,2.73025669588115e-17,-1.53800771767333e-10,-2.0555535171774e-09,-4.72708607874017e-10,-1.14096440492514e-16,-1.97849620034463e-16,-5.72992987873704e-09,4.70326473628758e-08,1.31371215413353e-16,1.47683602626358e-16,-3.13085668191593e-09,5.3751366897416e-17,-2.43758476102238e-08,-3.30103792052914e-16,0.00179728447984261,2.42532453534484e-16,-1.28609188156385e-15,1.57962041778626e-16,2.97047433282605e-16,8.73136012118866e-17,4.96746738449958e-16,2.81928465620932e-09,-1.97947890590789e-08,-1.80979857036913e-16,-3.20587025958603e-07,5.53404078307278e-08,-4.63775181236102e-16,-7.52336855819091e-16,-3.03462903767694e-16,7.01745966815816e-16,5.83324289985676e-09,9.42901570761498e-10,9.28091579684683e-16,-2.90933599216187e-16,-1.08268122799894e-08,-8.70785784570342e-07,-5.87057596141774e-10,2.04518062897429e-16,1.73347106655161e-16,1.06935209942149e-16,-6.8622439510353e-16,5.10141942403825e-16,-7.66561456155322e-16,2.36776956917381e-08,-2.2401982254327e-08,-4.30693752069605e-09,-4.36129246905876e-16,-8.2200268225666e-17,-6.17424304495763e-16,-5.12157447908762e-16,-7.32002498289581e-16,-6.88654203903415e-16,-1.99002919432517e-16,1.55171514863547e-16,-3.55619806777199e-16,1.26277678024934e-16,-3.50484776148126e-16,1.09325778502492e-16,7.21953996647279e-17,-3.17941870322442e-16,2.1681829647045e-09,1.13424378046238e-16,-7.7027593552439e-16,8.69340733363352e-16,2.9843600371708e-08,-3.56833726293452e-10,9.96990436737017e-16,-7.61043563726479e-10,2.57296694601991e-08,6.27744046317252e-17,-1.56847169293409e-15,-1.03401832990341e-06,-6.21006845311985e-16,5.11906719851935e-10,8.84295382611508e-16,-2.16956804950423e-16,4.11271977060877e-16,2.51333042335833e-16,3.30040668954786e-10,-9.70460714178564e-07,1.00502720724289e-15,1.26412401123191e-15,-5.13980869403632e-17,2.29529467791379e-16,-2.61227671438657e-15,-4.61650171069915e-16,-2.64347958320698e-15,-3.76273673978826e-17,-6.64009797291102e-09,-1.61989899042816e-15,-1.514589319472e-15,-1.16063112510205e-15,-9.01036618087157e-15,1.59543430415839e-15,-5.32516930737229e-14,1.1151199232083e-06,6.38239035032347e-15,-2.09472272410507e-14,-0.509415989955787,4.06198520257738e-14,-3.58177936986519e-16,-1.24759841414974e-15,-1.4703404649078e-15,9.43353291855637e-08,-4.38568560184357e-16,-6.28107429765042e-08,-8.223875489094e-16,9.34193622226785e-16,7.24545116911495e-16,-1.16115320991943e-15,1.74077298949401e-16,-3.82056601793101e-15,1.94653349119514e-09,1.59560056982389e-14,-1.06665368303073e-15,1.00887677929034e-08,-2.22413128909832e-07,-5.76401625334531e-16,1.47133325436106e-07,2.12124991112169e-08,1.67986163766868e-15,1.21973799654617e-15,1.46649412251779e-15,-4.41241679527832e-16,-3.58858639933354e-16,-3.04836048655774e-08,1.51797725278014e-15,3.31226716995234e-16,2.85168085678318e-15,1.19032022706468e-08,9.33441903110164e-16,-2.92588149667078e-15,2.5877088595827e-15,-1.47221395399946e-15,-5.27885667505984e-09,4.22154566307173e-16,1.57700768601511e-09,2.83460257776446e-15,-2.25997537172597e-15,-2.77103521983296e-15,4.34365647297482e-15,-2.5178662426953e-15,1.59397076540489e-15,-1.98629939488426e-15,-2.65964274701637e-08,-4.83072655663829e-15,2.06954451821438e-14,1.1140944984179e-08,-1.15088354267408e-13,-0.707106781186551,-7.54440868673018e-14,-6.8701522055041e-15,4.89290632471262e-15,-6.4012051862013e-15,-0.00187687636819038,2.67416115569227e-15,-2.16453156715612e-15,2.24603950894964e-08,-8.4697125666434e-15,2.13706299600349e-16,2.74334005279503e-15,5.85057927893302e-16,1.53807855075091e-15,-3.50267815196284e-15,-1.28290411269957e-15,4.02328703839128e-16,2.72646693326628e-15,-7.32618688239548e-16,-8.66383534018149e-16,-1.1821753468077e-08,3.91451250283706e-08,-2.26118536117513e-15,-1.34205135858257e-15,1.81540535793539e-15,2.49736888197298e-15,-7.37420107616016e-16,1.10467575683427e-15,1.79051488941698e-15,-2.00023112614507e-15,-3.36757880695058e-09,-2.37836546182217e-16,-1.31214039301182e-16,-1.77461618699984e-15,-1.5682183331506e-16,9.60806915092023e-08,7.20164467130049e-16,-6.76730811391837e-10,-5.21606237925965e-16,-6.15406644530986e-16,-1.30678627082021e-16,1.83874944104946e-15,-2.25858964114625e-16,1.46220126114154e-17,1.95036974649988e-15,-1.69958468409219e-16,-2.62410703451654e-16,-1.58489850713779e-16,-3.57154452359733e-16,5.40700969139402e-18,9.88160155873092e-16,-2.0674494278507e-16,1.51773482916327e-15,-2.82814159874091e-16,5.56805082347429e-16,-2.54445557386954e-16,-2.18646123040522e-16,-2.79702726496105e-16,2.23399857640638e-16,2.72754750769148e-17,-1.19005446271486e-16,1.93959183266043e-16,-2.32691602105656e-16,3.18606592493694e-10,-1.40677154567278e-15,-6.9944945676551e-17,9.63989941294918e-17,-3.43247501096725e-16,-2.54183534829256e-16,2.13809662501889e-16,2.61525842561985e-16,1.03763347810418e-16,-2.09169270062296e-16,4.71481306312799e-16,-7.40781134350721e-16,-1.86803178492832e-16,4.94481413200564e-17,2.45291283285888e-16,-3.64102220205031e-16,5.42279225201909e-17,-1.43682084275807e-17,-4.0916789261438e-09,1.8390310557166e-16,1.20663159080443e-16,2.38935354590106e-16,-8.23958388575516e-17,1.80462183178441e-16,-1.84705086520751e-16,2.54960827153979e-16,-4.91271651378502e-17,1.58817679666481e-16,8.67272946076592e-10,2.23413345249939e-17,-9.32706830057363e-16,-9.48068105203e-18,2.32016819226342e-17,-2.94123194886357e-16,4.47924775952426e-16,-1.33922653165881e-16,3.68509833811113e-16,-5.40429868246745e-16,-1.44795358682309e-16,1.44605567779241e-16,-4.0713994536132e-17,5.07016858377457e-17,4.38526812797319e-09,2.49007814143963e-16,4.28115050100218e-17,7.87327609445614e-17,-9.68192540029555e-17,-2.95316893449192e-07,-2.88958803129537e-16,1.28377330865219e-16,-4.12776385730649e-17,1.89058603242526e-16,-1.47814113755005e-16,-2.99698805523941e-17,2.32425246595489e-16,-1.13193437967792e-16,-3.82736764193886e-17,-9.05187662865708e-17,-1.64845523818127e-16,-1.08786676915838e-17,2.05489778945051e-16,1.80724539448056e-16,-3.59320507293486e-17,7.04019071644349e-17,-2.57744254787179e-16
"t668",-0.00485912868632525,0.0495133045984882,0.0636383767453479,0.0150223605684428,0.0300656432408916,-0.00485086660509317,0.00148262618015545,5.04670344976857e-05,0.000407396168987113,-0.000978763847622727,-0.000219601008742966,-0.00109308062857714,0.00686265111344784,0.0461199341822212,-0.00113575933662305,0.00195704275663482,0.13839768043126,0.00178136965035958,-0.00111980084874982,0.00041570370723797,-0.000955524829991634,0.000145088939295046,-0.000255661845158386,0.000398678685102995,-5.79984437113643e-05,-0.000400080901170033,0.00182944380099826,-0.217087962563285,-0.00927021193868618,0.0190217425054704,-7.22094971680266e-05,0.00108655486567425,0.000412793955289409,2.32509067855745e-05,-1.23262336123132e-05,-2.64761994955645e-05,-9.37227431516584e-05,9.67343609640035e-06,8.47835337908081e-05,2.99143469584635e-05,0.0234594069724467,0.000116393544871138,-3.70032312405161e-05,4.26634693615238e-05,-6.59281215214301e-05,-5.90437331071657e-06,1.47883816644423e-06,-2.38322062698223e-05,2.92316663983104e-05,-6.29420638994631e-05,5.60738934493218e-05,-0.00241138924759732,3.99618285899701e-09,-1.41766978181334e-05,7.67381121611468e-06,-8.13833084624159e-05,4.86756630652363e-06,-0.00706407052722631,-0.00045947359274948,-5.3180483005932e-06,-5.74345766948528e-06,7.26509149055589e-06,-0.000203899752657791,0.000317839964254861,-9.13644645191692e-06,2.75520724635991e-05,-1.54092816484888e-06,7.71756047656187e-05,-0.00402753038112341,2.37144300235853e-05,-3.8561763458346e-06,9.99307217781562e-06,-3.26961215168894e-06,-2.13366197085418e-05,8.92361701262154e-06,8.22164169511043e-08,-7.54096992549556e-05,0.000314639244492886,-3.61032082036763e-05,-4.18752543889785e-05,0.00030256658505522,0.000176560119463849,-2.12416055399881e-05,-9.89484773339865e-05,6.13129498325087e-06,0.00017288832072147,-2.54407738390487e-05,-4.01010425063881e-06,-8.92033470487964e-07,3.38428147612507e-05,-7.39956923158677e-06,1.80972888692149e-07,1.20248307672062e-05,-0.000110022228600002,-6.57570358888844e-07,-3.05762583815362e-05,-3.60642444512514e-06,3.36533903844509e-05,-0.00348743908357689,-1.65100033733587e-05,-5.30628766186245e-06,3.46398505974161e-07,-7.46372260569952e-06,3.12266760831212e-06,-1.36106197653912e-06,2.14902212081168e-06,-7.29275292762095e-05,2.49620769165852e-06,-1.13633678060257e-05,3.91614097816303e-07,0.000322227769126066,2.09123991918521e-05,-6.43704794262765e-06,5.90616428391038e-06,-2.15272302666271e-07,6.24675538535749e-06,-1.21895837313375e-05,1.30176233953018e-05,-1.36718626513107e-05,0.000777628236230862,-1.58905406452852e-05,0.00245519869570039,-2.10046911266199e-05,-5.80519407798208e-05,2.69797140028132e-06,-3.00686699506311e-05,3.07113344427852e-06,-6.60428287062846e-06,2.96155102085655e-05,0.000411934413586236,1.76966796290911e-06,3.79506621998948e-05,-5.04070683974857e-06,-9.15027160496709e-06,4.00065063836088e-07,1.51530944078666e-05,-9.15279304280986e-08,-0.00138895483780403,1.39821736497165e-05,-4.02571103055381e-05,-2.54066735263043e-06,-7.57074582368043e-05,2.06408976520808e-05,1.30233935547793e-06,4.95853858633165e-07,-2.57470206437808e-07,-0.000311685328758387,1.71142712944786e-06,1.11110840107415e-07,-2.67013572013702e-07,-5.66262548023805e-06,-1.23995919060946e-06,-3.58942657768103e-06,9.88139670266632e-06,-6.96760165011447e-05,-2.39378350055179e-07,3.57836016161811e-06,-2.70460522294808e-05,-9.02796539777233e-07,-2.97294959981441e-07,-1.97711126538168e-05,6.74579139703549e-05,-1.37589496561843e-06,-2.73105252611633e-05,1.72868895975115e-05,-1.12491461060018e-05,1.24311312065312e-05,2.13327419649917e-07,1.06206789106691e-05,0.000288185957400229,-2.27781110465062e-05,-4.01369658631826e-06,4.72613070034917e-07,1.22228355358582e-06,3.04054385177965e-06,4.86662714637675e-07,2.72948543282931e-07,-1.14381377506985e-05,-1.76723269479389e-05,-0.000156178624780542,0.00293390206462403,-2.53405175845049e-05,-0.000151300183750963,9.63264153347842e-10,-0.000337882405965262,-7.05471344430191e-08,-1.14742645058175e-05,3.66748547460301e-06,1.6520533807095e-05,-2.14531136103008e-05,-5.02742518801088e-07,9.52792658665183e-07,3.81551691244882e-06,6.83848519765296e-09,1.84871930349447e-05,-9.44953879245685e-07,-1.74478429054067e-06,-1.24420298728706e-06,1.04314945784339e-06,4.51130702556564e-07,4.50999670305717e-07,0.000147080069439522,-1.1597063952945e-08,-2.04221305534074e-06,-3.09368033125936e-06,-1.53657510698008e-05,1.98598223416216e-06,1.04032704156265e-05,-1.47086378511372e-05,-9.09578336370648e-08,-5.94608079354653e-05,1.91904164969334e-05,-5.06054489570171e-05,-6.28175189453523e-06,-5.08306939457828e-07,-3.30659721169069e-06,8.64063634917395e-07,1.33761738266511e-05,-1.04586016984998e-06,-6.96526257549219e-06,-0.00218536601308033,2.55862366231586e-05,6.10705412203978e-06,0.000575888785835216,-5.55292105132727e-06,-2.19478424460612e-06,-3.03599887644001e-05,-5.4914315621092e-05,-3.39722161157449e-06,-2.70774290522066e-06,8.10146110489979e-06,1.66235709971616e-06,9.22891649356836e-07,1.54330351215068e-06,-8.14050123824883e-08,-1.87500925787722e-07,-6.9081740676945e-06,2.43493605712958e-17,-7.72538410434129e-07,1.10166942707004e-05,-0.000201077136550536,-5.64089702102337e-06,-6.42864793456922e-06,1.0838562785385e-06,-1.248316388901e-06,6.46765106852721e-06,-1.04647284106563e-07,6.84220593310816e-09,-1.56247551118529e-06,1.58634810279866e-05,-1.09760720946163e-05,5.17566976179676e-05,-3.21597945216927e-06,1.73226072806106e-07,-1.13616221264598e-08,5.4235508724997e-07,-5.1521586128445e-07,8.11616630562564e-06,1.82794243126968e-06,-3.58446677397502e-07,0.000148376439482499,-1.71429858609759e-06,0.000316458673952012,-7.59595635575027e-06,7.43865735470604e-07,-2.54625040959876e-07,4.52955376852356e-08,2.19913648136536e-05,-6.88856044051537e-06,3.40503030727119e-07,3.49758357109238e-06,-2.97035629231278e-07,3.58930716771689e-06,-4.50218795132622e-06,0.000174437779112102,-1.36133397539865e-05,1.07489705398872e-05,-7.92133660851881e-07,1.32984197489445e-05,-6.8639476790605e-07,2.67056727542653e-06,2.94533942959231e-16,-6.71901714914368e-06,-2.30873814751202e-07,-3.05431868633483e-10,-2.71591918673269e-06,3.49815536466514e-07,-2.19101026688261e-07,-7.271404189998e-07,8.97234174901323e-08,-3.82750096656911e-06,1.33215799929619e-05,5.01483883820201e-07,-1.16842212641393e-05,6.41309715442055e-06,-7.85126582226422e-06,2.6060128147778e-05,-4.85679360481547e-06,8.83515287567079e-06,3.1523714048799e-07,2.40058224528279e-07,1.87918046282708e-05,-0.000287755242297162,1.58885024787601e-06,-6.93644503077134e-05,0.00818235912865861,-0.265444439661271,-1.00105364684373e-05,-8.37539271688624e-06,-4.23129159515039e-05,1.23824100748041e-05,5.57373182344646e-06,-5.23400999082624e-06,0.000481282527662323,-4.64037712271315e-07,-3.90544889629653e-06,6.2062095048197e-06,-3.21233155988147e-16,-7.95601787894499e-09,-4.48787597935651e-06,3.73236681959423e-07,-1.92268522760466e-06,-2.44432809046243e-07,-4.92806870796534e-07,-1.12573228608788e-06,0.000347130828674622,-4.81520707039412e-06,-4.97763691502889e-16,3.04225971568533e-06,2.7268167420366e-08,9.58523770396659e-08,-4.51998597422532e-07,-6.29326304830847e-07,3.96218256748603e-08,1.37779662267967e-06,-3.45030083556854e-07,1.44984458195079e-06,-1.82759654534429e-06,3.14082071649157e-07,1.1367372095742e-06,0.233637631817633,3.70640774771972e-10,8.34684635494087e-08,-1.17015746946967e-07,2.47622164168356e-07,1.2254145608379e-15,7.24729371282106e-07,-5.39218734975366e-08,-1.55312584941964e-09,-1.12710675607365e-08,3.57093516193825e-07,4.39087501637526e-07,-1.8157106627815e-07,6.30291325924666e-07,2.5621453545147e-08,5.81818393807716e-16,3.589454737364e-08,1.25497522271175e-08,2.15863109155593e-08,1.55061876756042e-16,-3.94768461957834e-09,6.60753786548131e-09,-1.97997546677102e-09,-1.48911786680488e-08,-9.28398707296732e-09,-7.08232338855905e-09,-6.23687061976972e-06,1.05419625239596e-08,8.81091442376439e-08,5.98333712755037e-09,3.8453936925044e-08,5.61448649525263e-08,-9.38839827961151e-17,-3.20086978070689e-08,1.10408365943325e-07,5.96343476730575e-07,-9.10644167465611e-08,2.56296477889019e-18,-2.59050727909384e-06,2.53477684622081e-08,-6.65183546978758e-08,-4.62713772593663e-08,-1.61827432094164e-07,1.8519777920203e-07,-6.23931905671322e-05,4.70028089666425e-07,-1.5546686790911e-16,2.09536272989482e-06,-4.07884640747956e-07,1.17892232536631e-06,2.89920867494116e-06,-6.91242629643763e-06,-2.01133938978889e-09,-6.99960922556642e-16,-9.62788076653901e-17,-2.12755641149645e-09,-2.9533843361985e-07,3.93663664063842e-08,-4.31685307251658e-07,1.11774228428687e-15,-2.52518556494409e-07,-3.33092144450803e-09,1.97273596308828e-16,1.69546473607595e-16,4.72374799865058e-18,1.14996964016571e-06,8.50866547826149e-05,-5.97188085259365e-06,8.34363451600053e-06,4.5974315411843e-06,0.16308538625489,3.40526834482286e-05,2.62253995620903e-14,3.6595855297367e-07,-7.4287828263117e-07,-1.18894726820401e-15,9.03027210089132e-16,1.98319646663293e-07,9.08446001289941e-11,8.1188789704759e-08,-3.86405711665815e-07,-5.45457340348846e-08,1.96056206076231e-08,2.98680566364184e-16,6.23774153032807e-08,1.1827384853328e-16,1.80922371449427e-07,-4.17255206081046e-16,4.18701776731003e-08,1.35143414731028e-16,-1.46568405384607e-07,-3.73358651529989e-08,-9.55245112889562e-09,-1.11277330437843e-07,-5.22827396265538e-08,4.65891066055545e-09,-2.27373676347686e-08,-6.89734006733058e-08,-1.44186096109417e-08,-7.2346468735796e-10,7.193131115217e-10,-1.01177407462877e-08,-2.80197652179756e-08,-2.91047831474842e-09,-1.10418436914838e-08,-2.36791798971368e-17,1.31727482422036e-07,-2.70679942208883e-08,1.96444175707846e-08,-2.71130742466026e-18,3.70392752459502e-09,1.1203017779497e-07,3.25517661207297e-05,1.52200337838529e-16,-9.507577363601e-08,-5.60812635858728e-08,1.56826711036897e-16,-1.75432694084645e-06,1.98659089938525e-07,-5.97133628607467e-17,2.52226716449472e-17,-7.65195928221115e-09,-4.12533760397058e-08,-2.39630473766252e-10,-3.39812990120429e-07,9.45037055789173e-08,2.79034420103494e-08,2.70255450323601e-08,2.6377426009909e-07,-6.17060457415729e-07,5.73326108810335e-16,1.29177642446883e-09,8.91262749827779e-10,2.48135527589033e-09,2.34649793661422e-07,3.18281165425011e-16,-5.48303178319374e-17,7.82752068270671e-08,1.17989389728735e-16,5.85897293417274e-17,4.07908881701813e-07,-4.75270065574574e-05,-3.58028051899311e-08,-6.5701634215885e-09,4.12650821429003e-06,6.57697895574631e-05,1.98124631185042e-08,-2.92144668373676e-17,5.15108442946069e-08,2.43345565232098e-09,1.12076447231923e-08,-1.14811245620585e-07,4.67650516830111e-07,2.9354712197921e-16,2.313441162354e-17,1.34556832538997e-16,-4.27229784621025e-08,-2.08764584179196e-08,-1.21758063275106e-07,-2.12136849115584e-16,-1.6315751066586e-08,1.4447728713584e-16,-1.60388785041117e-16,5.70445618733343e-06,-6.16790126173966e-08,-1.16009632455949e-16,-1.58734418796569e-07,-8.2883663217752e-08,7.78578602454258e-16,1.91917064022177e-07,9.14056372529728e-17,7.01144852266047e-08,1.35178247716378e-16,7.05687423490033e-08,1.37981018361044e-05,2.17544292665631e-08,2.06542969428934e-08,1.43174808070959e-07,-7.36540815084218e-08,2.11876830674134e-07,-2.78498814675994e-17,1.47101035041844e-06,-8.35391076733236e-08,-4.49534521955475e-16,-1.10975212970952e-08,-5.22444531424194e-06,5.40922099105707e-08,-5.14776235465923e-17,1.4506332024367e-05,2.43795517994212e-07,-1.27762980201541e-16,-6.18258080905438e-07,-1.37767468585146e-07,-7.38044183070906e-09,4.68067646270029e-16,-4.15644533353838e-16,1.1266728948744e-05,4.5003171302406e-08,3.66822414990557e-09,-7.13674742054307e-08,3.37900864987109e-08,-2.53547400586293e-16,3.53457645137877e-16,1.26915392278595e-07,8.78069200174874e-10,-1.47198482052107e-16,3.24247301267911e-07,-9.39719928760164e-18,1.77275911910219e-07,-7.14050895946817e-08,-4.19956949312891e-08,-2.85886588675376e-07,-4.42855727401995e-16,1.49748691719061e-17,5.58176795735452e-16,-1.73726497889858e-16,-3.12654020242813e-08,-1.12099067079696e-07,7.17514969722197e-16,5.00722881602396e-16,-3.75164432889518e-16,1.80560281548932e-07,1.73565532641288e-09,-1.19270487279199e-07,-1.74578914413346e-16,-1.67617655866259e-16,1.46882289317474e-15,-0.102010473962172,-3.94912320032775e-06,6.79553938790692e-17,-5.28119173007482e-08,9.82193518762337e-07,-2.0345516474076e-16,6.40077601601832e-16,3.88696556573825e-07,3.04391430045118e-07,1.46012777893823e-07,2.33123844878912e-15,-2.65884240863149e-06,-1.45214565900212e-07,-1.26421782275499e-07,8.85785561653906e-08,2.22860618252791e-07,-3.20331403792088e-09,-1.20134179502682e-17,-8.60407705435519e-16,-4.98266668033138e-17,-3.03116882904521e-08,2.71417287469917e-08,9.31773176889838e-09,9.83636581001569e-08,2.0708899560597e-16,1.03936917805581e-16,2.67145043791066e-16,3.46889144216012e-16,1.13306123085142e-16,-9.75270612070456e-09,-3.49870964465489e-16,1.10862477318812e-16,1.00388204093182e-09,-9.59992640275312e-17,8.72606449023937e-10,2.81597405967735e-16,1.02786106362428e-09,-1.83697533850762e-16,8.54107000172233e-11,-2.05927234209932e-11,-6.04690601931786e-09,9.3663926651473e-17,3.82980226143504e-09,-1.22135275622967e-16,1.02318287309921e-08,-2.753844112697e-08,3.48949162472991e-09,-2.20720551285132e-16,2.53472136250707e-08,7.72229583828081e-18,-7.30518260681151e-09,-3.23797328529343e-06,-3.92248449029821e-16,1.77670117632838e-17,-5.68613913378652e-16,-1.77064805537087e-16,-1.53800990766608e-10,-2.05555368944214e-09,-4.72708436957885e-10,2.09554719950751e-16,3.31194921690818e-17,-5.72992976049188e-09,4.70326511864232e-08,3.54477999063546e-18,1.32746193786854e-19,-3.13085624686387e-09,-5.82342849190621e-17,-2.43758472145907e-08,-3.72730517571813e-16,0.00179728447984325,-6.17616863936057e-18,-9.51480632996943e-16,-2.1457179354402e-16,5.40632898198023e-16,1.29959383998873e-17,-7.07024298935747e-16,2.81928505523247e-09,-1.97947873025535e-08,-1.03065525085933e-16,-3.2058702602095e-07,5.53404078541388e-08,3.98478144029589e-17,5.19875865877025e-17,2.91925608214928e-16,-6.97313411597075e-16,5.83324226799469e-09,9.42902540664429e-10,1.35098646468393e-17,3.17579594580985e-16,-1.08268120361836e-08,-8.7078578462545e-07,-5.87057628145134e-10,5.07698397274119e-16,-8.80065305981613e-17,1.41377968523349e-16,-2.15315411744758e-16,6.0754340417054e-16,-4.65566427519691e-16,2.3677695634495e-08,-2.24019818883091e-08,-4.30693757980937e-09,1.19552499534392e-16,-1.68375616036415e-16,1.76396959503621e-16,5.24512424071424e-16,2.60638995816183e-16,3.55621041129649e-16,-6.17710964938587e-16,-3.37023284666407e-16,7.21691120353005e-17,-1.33521507704945e-17,1.3583353398393e-16,-2.3967456568197e-16,2.67615347630191e-16,5.27041956554925e-16,2.16818298313087e-09,-1.04636955391714e-16,-7.28208807421795e-16,3.61325112829607e-16,2.98436001630158e-08,-3.56834825054118e-10,-4.75682697435625e-16,-7.61043742844569e-10,2.57296699036981e-08,-1.56498663833559e-16,-8.39548510951066e-16,-1.03401832936776e-06,-2.41165171293151e-16,5.11907396661986e-10,-2.5708162522905e-16,-5.02270519603507e-16,-5.32344039811692e-16,-1.2159315871219e-16,3.300399337948e-10,-9.70460714523363e-07,4.55179566172913e-17,1.42332527805978e-15,9.79656596325435e-17,-8.71088203133116e-16,-4.81168924149067e-16,-6.0481189188938e-16,-3.10825966379925e-15,-2.35409587229744e-17,-6.64009760036219e-09,2.70388867612963e-18,-9.35751075241239e-16,1.12500157357888e-15,-1.0007361429989e-14,4.31866713233187e-16,-5.15707846713796e-14,1.11511992345781e-06,6.25119375674293e-15,-1.92477205773173e-14,-0.509415989955795,3.89800895063742e-14,1.0578599158927e-15,1.92196713083314e-15,-5.62351619578831e-15,9.43353294055747e-08,6.37060664171452e-17,-6.28107440612722e-08,-1.07762420407474e-15,-2.87538941626868e-16,1.02002575211042e-15,5.46255782849035e-17,-4.81011428728353e-16,-2.06943648425122e-15,1.94653382366802e-09,1.87638232456842e-14,6.07303395337239e-16,1.00887695892872e-08,-2.22413129223114e-07,-9.49431873384717e-17,1.4713332629327e-07,2.12124992030152e-08,-1.52677842872884e-15,-1.20724904722119e-15,-6.53654287276773e-16,3.57611156913077e-16,1.76363941238753e-15,-3.04836050228318e-08,-2.83526390214776e-15,2.37305977569098e-15,-1.81904766490254e-15,1.19032032315398e-08,-1.40635114522144e-15,1.31290649208303e-15,-3.50684754589646e-15,1.09878831403324e-15,-5.27885914615052e-09,-3.68459390113917e-15,1.57700493771099e-09,-2.5876789417872e-15,1.67571920749046e-15,1.74914537530654e-15,-4.88376956259056e-15,2.71796843043369e-15,-2.24809933368199e-15,2.15844215337043e-15,-2.65964321204614e-08,4.83160881796245e-15,-2.03294012121954e-14,1.11409545679804e-08,1.15281426433437e-13,0.707106781186544,7.45324544426818e-14,6.62153018583679e-15,-4.37702550818094e-15,5.88323012212243e-15,-0.00187687636821513,-2.99844468949015e-15,2.58244675287673e-15,2.24603961229e-08,7.78944161739123e-15,-1.89395154523502e-16,-2.56262658642682e-15,3.371545388743e-16,-2.10470258435856e-15,4.88129421665125e-15,1.30792364441179e-15,1.09480334209401e-16,-2.17109430055752e-15,1.10098481207449e-15,8.87056857356256e-16,-1.18217543507623e-08,3.91451234618883e-08,1.7677975008418e-15,-6.08777942966649e-17,-1.74870506876914e-15,-2.43929787864973e-15,9.61416276451521e-16,-1.66528041531292e-15,-1.68140420466111e-15,2.57957019116897e-15,-3.36757920708757e-09,-1.14178817658541e-15,2.47371699300135e-16,1.20725659405218e-15,1.24220679961053e-15,9.60806919487901e-08,-1.08130879467952e-15,-6.76731741805051e-10,2.95552982644797e-16,4.92486624002175e-16,-5.14792202836487e-17,-1.73816358961184e-15,1.02305623895857e-16,2.69540522606897e-16,-2.01987167688424e-15,-1.80691628994166e-17,1.75977808815564e-15,2.14770044720874e-16,5.86518614245834e-16,5.35924560001788e-17,-2.54491429842785e-16,1.74425924106627e-17,-1.35991594139524e-15,-2.56291520419532e-16,-6.04422264334387e-16,3.87926751091536e-16,1.32560916985693e-16,1.52174390962127e-16,3.06287113727155e-16,-8.14726306859575e-17,-7.62667048518745e-17,-4.67469733678355e-18,1.51573743294037e-16,3.18606590537093e-10,-1.52462413604195e-16,1.93167204663166e-16,-5.18212735695915e-17,3.75031431212807e-16,2.87644096163039e-16,-3.70904744217925e-16,2.9544513249678e-16,-1.10117797835576e-16,2.28480811600969e-16,-3.58225207592452e-16,-2.85416221906809e-16,1.0800232618442e-16,9.28769602121975e-17,4.38861244507236e-17,5.73201595262314e-16,1.3786216418546e-16,1.07139129724235e-16,-4.09167854237442e-09,2.04158729733637e-18,-1.77902548188215e-17,-5.08396356247453e-17,-1.48753836006823e-16,-1.74165456989593e-17,-1.5508952833584e-16,-3.30709828273255e-16,3.16131262716391e-16,-2.08688026201026e-16,8.67272812889504e-10,-4.94837296964322e-18,8.23563994968433e-16,-2.9043315220578e-16,-1.29026412140509e-17,4.75154661657346e-16,-3.62950640234713e-16,2.31926064338436e-16,9.94136222054517e-17,6.4790300629547e-16,-4.07155265095513e-16,-3.05444680057689e-18,4.4844965340371e-17,1.61461345696383e-16,4.3852682535009e-09,-1.40246286832763e-16,-4.34198594351878e-17,-7.51694173336899e-17,-4.67291136341252e-16,-2.95316892918499e-07,2.04372693069104e-16,-4.93801181281254e-17,-8.07576337369727e-17,8.40601571893928e-17,4.8103731481352e-17,-1.5883636678032e-17,5.05870039355661e-17,1.97367671325887e-17,1.86696130698596e-17,-4.67832640408714e-17,1.49111713651861e-17,-1.00262712779523e-16,1.13039411755367e-16,8.74109832183674e-17,4.09482746529967e-17,-1.25226384862563e-16,-3.06327527353825e-16
"t783",-0.00485936087226161,0.0495182861868512,0.0636449861970835,0.0150244503839493,0.0300707614729375,-0.00485183493360258,0.00148292793183103,5.04781195351302e-05,0.00040750177727134,-0.000979071187883511,-0.00021968835465566,-0.00109361537028376,0.00686610559791785,0.0461434977240851,-0.00113636465076647,0.00195814666521066,0.13847758985959,0.00178241662192844,-0.00112047405534736,0.000415974942873435,-0.00095619850640228,0.000145212066070236,-0.000255890769073879,0.000399037673995172,-5.80508703884006e-05,-0.000400459495441451,0.0018311951155316,-0.217297612482028,-0.00927940044707868,0.0190439370545852,-7.22992231830883e-05,0.00108796504477812,0.000413367455012854,2.32847032934763e-05,-1.23450415893911e-05,-2.6519735371646e-05,-9.38787545135538e-05,9.68978708367844e-06,8.49277895134171e-05,2.99659802615708e-05,0.0235010275415963,0.000116604896149908,-3.70713936081899e-05,4.2742151133285e-05,-6.60517636501762e-05,-5.91612983891175e-06,1.4818354592259e-06,-2.38809095735024e-05,2.92927836739166e-05,-6.30768911893943e-05,5.6197862418315e-05,-0.00241679796748194,4.00516508194988e-09,-1.42091330916816e-05,7.69197574850604e-06,-8.1576927190669e-05,4.88020686260253e-06,-0.0070828388813343,-0.000460697646951817,-5.33300269536472e-06,-5.76025490287831e-06,7.28674534723575e-06,-0.000204516749047047,0.000318805381954164,-9.16497524688323e-06,2.76402163147734e-05,-1.54611924813385e-06,7.74414945121737e-05,-0.00404154893373617,2.37984888611531e-05,-3.87114961974309e-06,1.00344559848921e-05,-3.28328264064276e-06,-2.14275850636396e-05,8.9617535662198e-06,8.25707095667347e-08,-7.57357289607282e-05,0.000316021486505624,-3.62675071961849e-05,-4.20684918676577e-05,0.000303995789824223,0.000177398293265608,-2.13461167823544e-05,-9.94404759515725e-05,6.16315261794279e-06,0.000173797191757648,-2.55760870670775e-05,-4.03147314738833e-06,-8.96789237335749e-07,3.40234658510619e-05,-7.43924196399135e-06,1.81983425367321e-07,1.20922217578065e-05,-0.000110653949551331,-6.61501558994915e-07,-3.07601450318816e-05,-3.62811960966666e-06,3.38588866640654e-05,-0.00350885157886045,-1.66134700598296e-05,-5.34009089659051e-06,3.48608396169586e-07,-7.51141567932096e-06,3.14407749294464e-06,-1.37044140936964e-06,2.1638901748302e-06,-7.34356163005433e-05,2.51363260050242e-06,-1.14429629752173e-05,3.94371398513638e-07,0.000324500343688054,2.10613579368062e-05,-6.48295295891088e-06,5.94937395250306e-06,-2.16855714316334e-07,6.29324117507326e-06,-1.22807648768998e-05,1.31163805960561e-05,-1.37769787718616e-05,0.000783666917200239,-1.60146336283761e-05,0.0024747423594335,-2.11739389526396e-05,-5.85199179381544e-05,2.71975852640652e-06,-3.03144964919015e-05,3.09626707544483e-06,-6.65889981733825e-06,2.98677119058952e-05,0.000415443521258465,1.78477842777584e-06,3.82809610752622e-05,-5.08474072442857e-06,-9.23041913739504e-06,4.0360754486453e-07,1.52874726392533e-05,-9.23581113254971e-08,-0.00140177901500786,1.41143735386805e-05,-4.06379890777832e-05,-2.56480148909529e-06,-7.64280790232238e-05,2.08380105991531e-05,1.31479170792622e-06,5.00595057561441e-07,-2.59953999661901e-07,-0.000314745038742843,1.72852288686644e-06,1.12225524447229e-07,-2.69717611934808e-07,-5.72001345608577e-06,-1.25257040530373e-06,-3.62600980395045e-06,9.98234648223449e-06,-7.04033077812382e-05,-2.4188552357091e-07,3.61592876434377e-06,-2.7345430995272e-05,-9.12914955940241e-07,-3.00633325281957e-07,-1.99954485878619e-05,6.82249610067578e-05,-1.39174746592004e-06,-2.76256866749081e-05,1.74889239370895e-05,-1.1382216354797e-05,1.25833053486731e-05,2.15941941218713e-07,1.07508846404218e-05,0.000291735223558343,-2.30601436071427e-05,-4.06343119453627e-06,4.7853092142324e-07,1.23763845825331e-06,3.0790094193628e-06,4.92830003931368e-07,2.76410554817089e-07,-1.15855696082422e-05,-1.79038725582364e-05,-0.000158230624406432,0.00297255252791824,-2.56769650809535e-05,-0.000153315029481708,9.76129406547236e-10,-0.000342407551284471,-7.15006632016702e-08,-1.16297045412444e-05,3.71813988367209e-06,1.67488563107325e-05,-2.17515106493072e-05,-5.09858227975222e-07,9.66471948286197e-07,3.87056446720511e-06,6.93786147034727e-09,1.87572915224653e-05,-9.58979473743128e-07,-1.77076949578817e-06,-1.26286591156332e-06,1.05885239776326e-06,4.58107821537396e-07,4.57983521116711e-07,0.00014938334922694,-1.17806676813917e-08,-2.07538796231679e-06,-3.14394177297258e-06,-1.56159756893417e-05,2.01855439767086e-06,1.0574736215593e-05,-1.49542227928523e-05,-9.25007069483385e-08,-6.0482129914875e-05,1.9521305945229e-05,-5.14930946147349e-05,-6.39297719047642e-06,-5.17309290310182e-07,-3.36558515634597e-06,8.79761004625558e-07,1.36200192724434e-05,-1.06527726866275e-06,-7.09619670603874e-06,-0.00222662268781978,2.60777582726154e-05,6.22485561904653e-06,0.000587047219095429,-5.66198211026952e-06,-2.23800768777238e-06,-3.09582871018268e-05,-5.60123914493553e-05,-3.46575037488717e-06,-2.76289358461096e-06,8.26718986881883e-06,1.69651644494537e-06,9.4193556496949e-07,1.57518739150122e-06,-8.31052022680521e-08,-1.91443434858626e-07,-7.05448639679461e-06,6.49792172133312e-17,-7.89070194275063e-07,1.12529280769623e-05,-0.000205450036319226,-5.76489540521394e-06,-6.57120708382812e-06,1.10790404436867e-06,-1.2764624013318e-06,6.61387012882393e-06,-1.07016045308513e-07,6.99799719287611e-09,-1.59819290113954e-06,1.62287306485225e-05,-1.12295952599575e-05,5.29537282101487e-05,-3.29089095847152e-06,1.77381500441083e-07,-1.16369752509843e-08,5.55611033978258e-07,-5.28039861812391e-07,8.318441958039e-06,1.87407483620325e-06,-3.67556265773314e-07,0.000152184760292599,-1.75843779666484e-06,0.000324633649713294,-7.79307653125112e-06,7.63299691869618e-07,-2.61282365789717e-07,4.65000005560173e-08,2.25763666741198e-05,-7.07188520375627e-06,3.49606101407508e-07,3.59124660693438e-06,-3.05032784938912e-07,3.68603899558746e-06,-4.6274440731044e-06,0.000179307657874132,-1.39944324006383e-05,1.10517678176727e-05,-8.14559583860043e-07,1.36791483938863e-05,-7.06109757936511e-07,2.74746918440327e-06,2.39850034759591e-16,-6.91420089800656e-06,-2.37588285077122e-07,-3.14347897512151e-10,-2.79590293395207e-06,3.60195366944513e-07,-2.25625416410387e-07,-7.48831258918929e-07,9.24606603346062e-08,-3.94443650043872e-06,1.37287307739535e-05,5.16911265725274e-07,-1.20503398545253e-05,6.61468433654734e-06,-8.09860208672137e-06,2.68870403361018e-05,-5.01516160938041e-06,9.12651919650082e-06,3.25639883158593e-07,2.479816312648e-07,1.94294308056086e-05,-0.000297830820875566,1.64470440243957e-06,-7.18170630974684e-05,0.00847371160362537,-0.274916569121108,-1.03741928304292e-05,-8.68005635362594e-06,-4.3855873563711e-05,1.28346971480856e-05,5.77844359371768e-06,-5.4274137297735e-06,0.00049916633127515,-4.8132280408408e-07,-4.05152605248609e-06,6.4403881376955e-06,-3.4244671844961e-16,-8.27241496783539e-09,-4.66727355303084e-06,3.88271454991227e-07,-2.00015267619993e-06,-2.54283678532958e-07,-5.12704761471008e-07,-1.17134650050664e-06,0.00036125552666008,-5.01280566331538e-06,-5.58797293685105e-16,3.16953436617734e-06,2.84116656831314e-08,9.98924786341334e-08,-4.71061525694456e-07,-6.56202199045911e-07,4.13255624583438e-08,1.4376163417111e-06,-3.60109523227371e-07,1.51411536493625e-06,-1.90966839046745e-06,3.28302847969141e-07,1.18844328586588e-06,0.244295371887543,3.87634508937059e-10,8.72974854259058e-08,-1.22402974007632e-07,2.59054007323644e-07,1.22774125305806e-15,7.5888350744456e-07,-5.64738347975848e-08,-1.62663372830743e-09,-1.18109523718934e-08,3.74229221881076e-07,4.60624781487675e-07,-1.90532480164904e-07,6.61437249591105e-07,2.68933956591278e-08,5.04221911341005e-16,3.76858644935114e-08,1.31772709485354e-08,2.26735606676356e-08,7.93464180493303e-17,-4.14808482779801e-09,6.94358236132293e-09,-2.08076881053607e-09,-1.56507307988464e-08,-9.75910058572277e-09,-7.44566345555996e-09,-6.55745666507435e-06,1.10869453360416e-08,9.26671715523536e-08,6.29408112506638e-09,4.04648231457746e-08,5.90818986154005e-08,6.60551588554295e-17,-3.370571474973e-08,1.16275517950768e-07,6.28195442902944e-07,-9.5965992169436e-08,-3.93828313806639e-17,-2.73226117193951e-06,2.67604773482246e-08,-7.02560758824398e-08,-4.88812981075806e-08,-1.70996800395706e-07,1.95779773612826e-07,-6.60068031512337e-05,4.98161791154564e-07,-3.39637259181664e-16,2.2244032943845e-06,-4.33065488352494e-07,1.25207629031049e-06,3.08038383432619e-06,-7.34462598306544e-06,-2.13734861293643e-09,-1.95156391047391e-16,-3.81033947008571e-17,-2.26237413959672e-09,-3.14238521751318e-07,4.18886833362786e-08,-4.59588236214394e-07,1.28060240517983e-15,-2.69154231306981e-07,-3.55220551010764e-09,4.36879754515525e-17,2.28428218381974e-16,-8.94256247155245e-17,1.22837529857522e-06,9.09069809591072e-05,-6.38501795435438e-06,8.92636085906121e-06,4.91887642199619e-06,0.174603430236035,3.64604684283714e-05,2.80113167386752e-14,3.92362685497955e-07,-7.96857363649233e-07,-1.20607971198696e-15,1.07136786652335e-15,2.13130576076505e-07,9.76738364547780e-11,8.73455832688885e-08,-4.15879604467011e-07,-5.87529119039766e-08,2.11205387180171e-08,3.20483299105587e-16,6.72091052842815e-08,6.546445483307e-16,1.9503530993392e-07,-7.4406084592249e-16,4.51531865954225e-08,5.34707924575333e-16,-1.58136206375138e-07,-4.0286465199394e-08,-1.03206165455784e-08,-1.2025883186774e-07,-5.65091242549073e-08,5.03805007274646e-09,-2.4598453891734e-08,-7.46950107452965e-08,-1.56148304097314e-08,-7.83732528349749e-10,7.79686165522159e-10,-1.09754448934818e-08,-3.04150225385768e-08,-3.1609187365887e-09,-1.19950398311393e-08,-5.90593243866635e-17,1.43212876744921e-07,-2.94507502632389e-08,2.14209060569304e-08,-8.02273262257494e-17,4.04149253901308e-09,1.22360274338811e-07,3.55682822646331e-05,3.03169100064334e-16,-1.03908861844185e-07,-6.13446479532653e-08,-1.99656002708016e-16,-1.91979845465061e-06,2.17965968344249e-07,-2.07064741022364e-16,-3.42412104491222e-16,-8.40435974175368e-09,-4.53139841113717e-08,-2.63334063936929e-10,-3.73620036219037e-07,1.04028995967539e-07,3.07190781983445e-08,2.97569446794468e-08,2.90900324326657e-07,-6.81424742120391e-07,7.91033905045424e-16,1.42724455780502e-09,9.84814929751545e-10,2.74266004102409e-09,2.59456685362845e-07,5.24235819344499e-17,7.83556765369866e-17,8.65947404541758e-08,4.40420572961351e-17,1.3823189723761e-16,4.52752323877431e-07,-5.27826025897557e-05,-3.97624120803905e-08,-7.30618632851963e-09,4.58958730541125e-06,7.31532673779225e-05,2.2042026820223e-08,-1.01883981195919e-16,5.74588980715351e-08,2.71601142076501e-09,1.25113861538179e-08,-1.28289533942474e-07,5.23481483692036e-07,-2.10215153619448e-16,-9.97336832853421e-17,-8.1128549828502e-18,-4.79500950201361e-08,-2.34581995571436e-08,-1.36827919172687e-07,7.10001958971336e-19,-1.8356294324397e-08,-1.78906786551488e-16,-9.64663447407766e-17,6.45204565050189e-06,-6.97670955550943e-08,9.43255890062389e-17,-1.79795137167391e-07,-9.39565082215037e-08,7.61179160704992e-16,2.17922842671872e-07,-1.49389289065041e-17,7.97814330689719e-08,2.13093086121072e-16,8.03136020393043e-08,1.57058071424173e-05,2.47663093248414e-08,2.35193643252894e-08,1.63121611363474e-07,-8.40854502440159e-08,2.42593453691001e-07,-2.5589689551429e-16,1.690719446231e-06,-9.60568155644429e-08,-2.40964642476241e-16,-1.27675934337912e-08,-6.01691495337332e-06,6.23562796691005e-08,-6.63406933539907e-17,1.67783301526893e-05,2.8217011846436e-07,-3.46814111691766e-16,-7.16226434727959e-07,-1.59670225207965e-07,-8.56841850357955e-09,7.88818607308769e-18,-9.7398235971301e-17,1.31352556707615e-05,5.25644060743258e-08,4.28620083583669e-09,-8.41198824922524e-08,3.98880788006798e-08,-2.84896179835653e-16,5.30443572096305e-16,1.49977945542574e-07,1.03776830521436e-09,3.39966478560181e-16,3.8391706127942e-07,-1.34302436790777e-16,2.10276079518855e-07,-8.49112234824053e-08,-4.99481934673985e-08,-3.40268074775189e-07,-7.18346755786983e-16,-1.00380381707021e-16,5.44719035796615e-16,-2.94631883943194e-16,-3.74648144064748e-08,-1.34404055985622e-07,5.56893537437096e-16,4.82317399721915e-16,-1.05008750343882e-15,2.16946804341846e-07,2.08737170115107e-09,-1.43811229676458e-07,2.98173337382909e-17,-5.32600764706348e-16,1.20316625586148e-15,-0.12415719956048,-4.80811909481992e-06,-1.12780333275531e-17,-6.45526076730549e-08,1.20250714816642e-06,-4.01419628862583e-16,5.93221271581175e-16,4.77771789126906e-07,3.74268325271124e-07,1.79964999267833e-07,2.78284339163166e-15,-3.2907634467476e-06,-1.80153270604256e-07,-1.57371640031134e-07,1.10795765310297e-07,2.79128972022537e-07,-4.02226666376307e-09,3.57825669205289e-16,-2.84831137563614e-16,6.34309787327576e-16,-3.86603179349353e-08,3.46261543713875e-08,1.19127731904523e-08,1.27215014133318e-07,-5.98642122449495e-17,2.65503730100216e-16,2.10386370771386e-16,9.60385291472224e-17,-6.50135972154007e-17,-1.27823646468653e-08,2.16704702330396e-16,3.25018024193341e-16,1.32314077315852e-09,-6.10114709103521e-17,1.15046759006385e-09,-1.20384597542243e-16,1.3558621889727e-09,2.15442389107969e-16,1.13844336315645e-10,-2.75193031789359e-11,-8.11378039482229e-09,6.36495232780883e-18,5.16548313393482e-09,1.30090142288076e-16,1.39670777997936e-08,-3.82452128124332e-08,4.85003460192869e-09,4.04576327063657e-16,3.54983647326828e-08,1.98296300853227e-16,-1.03623393147724e-08,-4.59603619637013e-06,-4.60879014889268e-16,-1.19805845886188e-17,2.14111213949425e-16,-1.06850822988901e-16,-2.20803298430001e-10,-2.96030199412017e-09,-6.83302037497968e-10,1.14376684101281e-18,-9.00938370743803e-18,-8.44055974218806e-09,6.93435555773267e-08,-1.94396445469619e-16,-2.32421326892156e-16,-4.74077745052495e-09,-2.00735440205996e-16,-3.71392884412668e-08,-8.30556870327148e-17,0.00279100624502417,1.03003485965465e-16,8.81042845322199e-16,2.7379119225797e-16,-3.43769751982122e-16,-1.02456583326775e-16,5.66392435986718e-16,4.57814672527856e-09,-3.21649205154631e-08,1.02126715218242e-16,-5.30353262858656e-07,9.22777909215197e-08,1.61284650663861e-16,3.36526393544546e-16,-4.16199098106344e-17,4.88423529382763e-16,1.00957984236474e-08,1.64751132477433e-09,-5.09385798066141e-16,-1.81959062428338e-16,-1.91268600352707e-08,-1.54060434168104e-06,-1.04384266744621e-09,-4.08886256088202e-16,-1.53665650845175e-16,-2.71738821000297e-16,9.33465799147706e-17,-4.61380647998785e-16,8.68362165313106e-16,4.6361828300533e-08,-4.43393330381135e-08,-8.6194415127065e-09,7.98709961253951e-17,7.58575566909588e-17,4.19214628004717e-16,2.75052731744195e-16,2.20387536662851e-16,-1.44254097032266e-16,1.1061664573562e-16,6.35547727117435e-17,1.52840132114136e-16,-1.60927853101994e-17,1.26543067612442e-16,2.30538470076539e-16,5.31972115839391e-16,6.2325454797377e-17,5.67094309316777e-09,2.59286099049848e-17,8.43517004521463e-16,-6.5342327990156e-16,8.23433880126148e-08,-9.97719678375279e-10,-2.84181564950013e-16,-2.14590012630926e-09,7.85215220456402e-08,1.53031905170024e-16,1.28035602301033e-15,-3.55677992550997e-06,1.07815055654544e-15,2.13776489052825e-09,-7.58494872425014e-18,5.60441885927643e-16,2.52932476098301e-16,2.40291153925294e-16,2.33200742219448e-09,-7.2448880588188e-06,-4.41791743095427e-16,-1.67853707226325e-15,2.42630812217241e-16,6.03231630729026e-16,1.8957274985909e-15,3.49834109158675e-16,3.22639390277653e-15,4.63670528613534e-16,1.11193088936823e-08,9.64052419319218e-16,8.09506927321161e-16,-8.9442684825767e-17,9.57415547918192e-15,-2.79967419367469e-17,5.04129891353053e-14,-1.16765917305498e-06,-6.06604354781438e-15,1.90386639231229e-14,0.490169619923767,-3.79925706676212e-14,-2.19517080313464e-16,-3.77282250431496e-16,3.6255936914406e-15,-3.00390910703618e-08,3.61917761780587e-16,1.53893823298881e-08,1.5809120349071e-15,-1.43029502348267e-15,-3.39670862607066e-16,6.90814237275716e-16,3.44490107195801e-16,2.57306789092214e-15,-2.29316594308497e-10,-1.64116438040328e-14,3.97081323742361e-16,-3.67213519816342e-10,7.25070000549461e-09,4.73902771624708e-16,4.15415733485441e-09,9.73308733963831e-10,1.43554868015021e-16,-1.73395221104223e-16,5.10105783129602e-16,2.63386501967468e-16,-6.49587980768663e-16,-7.57569346323567e-09,7.53548996702487e-16,-1.47345736276059e-15,3.16028898586692e-16,3.42392354205258e-09,2.41556437698211e-16,7.33805943097764e-16,-7.11504661812719e-16,7.67789716522241e-16,-1.76119913173698e-09,1.31063577759435e-15,5.46710554464442e-10,-3.55238225533856e-16,2.05958503776722e-16,2.28496652973721e-17,6.65190758144156e-16,2.57038713162725e-16,-7.37502004677627e-16,9.68469942656665e-17,-1.0854927050456e-08,-4.75746303589525e-16,1.41456012237505e-17,4.69773562530544e-09,1.83518989982368e-16,3.18127016565782e-15,-1.42033133610493e-17,4.45980748841433e-16,4.50551513685797e-16,5.50644041895711e-16,-0.000864269179523202,1.32971422233693e-16,1.02595286972133e-15,1.0697101938493e-08,-1.400195482098e-16,6.9392351897025e-16,-2.57157075767732e-16,-5.19915171451966e-16,-9.02710912151329e-16,-2.0135315462874e-15,-1.16022698596406e-15,-1.99523955959942e-15,6.75377535775119e-16,2.35359060224333e-16,-4.83493040364185e-17,-6.23550242955217e-09,2.0862771256223e-08,7.80501929495005e-16,8.59984084652859e-16,-7.34508125118617e-16,8.77759837816322e-16,-2.00956872670188e-16,1.44634219889941e-16,-1.99501997081777e-16,2.24951008378866e-15,-1.88502256514677e-09,3.36504698321307e-15,2.17525178313022e-15,3.44365918164625e-15,-2.03036136939918e-15,5.57534314638442e-08,3.84189448403409e-17,-4.06918554032929e-10,-1.07884269141524e-15,6.90338369777347e-15,-1.73104665735914e-14,7.99717081146099e-17,1.19283367684971e-14,5.55072095743654e-15,1.61188801849745e-14,8.47722741425702e-15,-0.707106781186549,7.19390093043317e-16,4.78424646412761e-15,-5.44000637232192e-15,-4.56768323925036e-15,6.46340558608496e-16,-7.72424243766886e-15,-1.96050392007513e-15,1.08113808272375e-15,3.72432309023544e-15,2.82624242027054e-15,2.32285160179283e-15,8.73108009502577e-16,-1.07701508109931e-17,4.23064678882784e-15,1.67894391618596e-15,1.73682814783495e-16,2.11462199556584e-10,-1.90220428646241e-16,6.50905117946824e-16,5.61374060887822e-16,-4.16873660983877e-16,3.03143903549149e-16,2.19452945961711e-15,4.16887092851419e-16,8.30878143567142e-16,1.02935128319083e-15,-1.3705636447622e-16,3.93728018938111e-16,-4.71146279722536e-16,-6.62524833874411e-16,-1.07588461639661e-15,-1.09145514731172e-15,4.22932473197899e-16,1.08880061146873e-16,-2.84815462327742e-09,-8.58914998804924e-16,-2.56819803711032e-16,-4.41739276014062e-16,-3.69989657597344e-16,-1.77749238540949e-16,9.6691857105409e-17,4.11746161868201e-16,-7.20276705854946e-16,7.94972224252876e-16,6.27616953315369e-10,2.31268670144222e-16,6.78320760592601e-16,-9.117327430761e-17,4.9112128928583e-16,-5.28309538238504e-17,1.32802092536919e-17,-2.4895418421731e-16,1.87167867836582e-16,1.53386021183542e-16,3.87501405310101e-16,-4.84724684584791e-16,9.18742211019657e-18,2.16884526083525e-16,3.27518302946493e-09,1.03765864819389e-16,-3.1345227773414e-16,-3.92180459798301e-16,-2.27031934918465e-16,-2.23383382768562e-07,3.47558351763737e-16,3.51887016903523e-16,-1.01506073425944e-16,-1.55328602007365e-16,-2.52078713083054e-17,3.17621502103112e-16,3.96044148695554e-17,1.60584616173701e-16,-2.35960791807455e-17,1.66291973788297e-17,1.20746823058537e-17,-8.69275655324258e-17,-1.62298925729838e-16,-2.81101107071632e-16,1.46928444989958e-16,1.67833525077841e-16,-2.78255603191854e-18
"t784",-0.00485936087226161,0.0495182861868512,0.0636449861970835,0.0150244503839493,0.0300707614729375,-0.00485183493360258,0.00148292793183103,5.04781195351366e-05,0.000407501777271341,-0.000979071187883508,-0.000219688354655662,-0.00109361537028375,0.00686610559791785,0.0461434977240851,-0.00113636465076649,0.00195814666521067,0.13847758985959,0.00178241662192846,-0.00112047405534737,0.000415974942873423,-0.000956198506402285,0.000145212066070232,-0.000255890769073858,0.000399037673995159,-5.80508703884152e-05,-0.00040045949544149,0.00183119511553157,-0.217297612482028,-0.00927940044707868,0.0190439370545852,-7.22992231830883e-05,0.00108796504477808,0.000413367455012838,2.32847032934645e-05,-1.23450415893927e-05,-2.65197353716601e-05,-9.38787545135486e-05,9.68978708368017e-06,8.49277895134146e-05,2.99659802615801e-05,0.0235010275415963,0.000116604896149909,-3.70713936081525e-05,4.27421511332781e-05,-6.60517636502066e-05,-5.91612983888901e-06,1.48183545923063e-06,-2.38809095734865e-05,2.929278367394e-05,-6.30768911894092e-05,5.61978624183357e-05,-0.00241679796748194,4.00516509361555e-09,-1.4209133091718e-05,7.69197574851517e-06,-8.15769271906524e-05,4.8802068626118e-06,-0.00708283888133427,-0.000460697646951825,-5.33300269535739e-06,-5.76025490286535e-06,7.28674534723561e-06,-0.000204516749047079,0.000318805381954193,-9.16497524686815e-06,2.76402163148187e-05,-1.5461192481457e-06,7.74414945121709e-05,-0.00404154893373622,2.37984888611551e-05,-3.87114961972517e-06,1.00344559848546e-05,-3.28328264062638e-06,-2.14275850636794e-05,8.96175356622833e-06,8.25707095633718e-08,-7.57357289607933e-05,0.000316021486505609,-3.6267507196196e-05,-4.20684918676477e-05,0.000303995789824246,0.000177398293265618,-2.13461167823684e-05,-9.94404759515661e-05,6.16315261795008e-06,0.000173797191757659,-2.55760870670497e-05,-4.03147314741957e-06,-8.96789237317041e-07,3.402346585095e-05,-7.43924196401289e-06,1.81983425398546e-07,1.20922217578168e-05,-0.000110653949551294,-6.61501559028121e-07,-3.07601450318353e-05,-3.62811960966569e-06,3.38588866640509e-05,-0.00350885157886044,-1.66134700598441e-05,-5.34009089659066e-06,3.48608396158565e-07,-7.51141567931282e-06,3.14407749292103e-06,-1.37044140936616e-06,2.16389017482498e-06,-7.34356163005593e-05,2.51363260051509e-06,-1.14429629752043e-05,3.94371398530172e-07,0.000324500343688025,2.10613579368004e-05,-6.48295295892612e-06,5.94937395247073e-06,-2.16855714289227e-07,6.29324117505439e-06,-1.22807648769193e-05,1.31163805960599e-05,-1.37769787718625e-05,0.000783666917200263,-1.6014633628347e-05,0.00247474235943351,-2.11739389526421e-05,-5.85199179381814e-05,2.71975852639786e-06,-3.03144964919298e-05,3.09626707543876e-06,-6.65889981734082e-06,2.98677119059217e-05,0.000415443521258463,1.78477842777948e-06,3.8280961075234e-05,-5.08474072444577e-06,-9.2304191373857e-06,4.03607544904738e-07,1.52874726392286e-05,-9.235811135497e-08,-0.00140177901500789,1.41143735386827e-05,-4.0637989077771e-05,-2.56480148909104e-06,-7.64280790232571e-05,2.08380105991483e-05,1.31479170790335e-06,5.00595057495262e-07,-2.59953999652542e-07,-0.00031474503874285,1.72852288687773e-06,1.1222552446902e-07,-2.69717611898937e-07,-5.72001345612323e-06,-1.25257040526461e-06,-3.62600980395537e-06,9.98234648225763e-06,-7.04033077812985e-05,-2.41885523574932e-07,3.61592876433493e-06,-2.73454309952618e-05,-9.12914955911088e-07,-3.00633325256883e-07,-1.9995448587848e-05,6.822496100684e-05,-1.39174746593134e-06,-2.76256866749271e-05,1.74889239371282e-05,-1.13822163547752e-05,1.258330534872e-05,2.15941941217805e-07,1.07508846404501e-05,0.000291735223558388,-2.30601436071428e-05,-4.06343119451216e-06,4.7853092151187e-07,1.23763845822405e-06,3.07900941933493e-06,4.928300039498e-07,2.76410554804295e-07,-1.15855696082565e-05,-1.79038725582805e-05,-0.000158230624406426,0.00297255252791821,-2.56769650809569e-05,-0.000153315029481685,9.76129368883431e-10,-0.000342407551284399,-7.15006631783381e-08,-1.16297045412954e-05,3.71813988369722e-06,1.67488563107263e-05,-2.17515106493118e-05,-5.09858228015015e-07,9.66471948282079e-07,3.87056446717986e-06,6.93786145962092e-09,1.87572915225194e-05,-9.58979473698015e-07,-1.77076949563495e-06,-1.2628659115774e-06,1.05885239773658e-06,4.58107821527233e-07,4.57983521109546e-07,0.000149383349226937,-1.17806676896544e-08,-2.07538796233073e-06,-3.1439417729846e-06,-1.56159756893559e-05,2.01855439762048e-06,1.05747362155475e-05,-1.49542227927838e-05,-9.25007069210841e-08,-6.04821299149249e-05,1.95213059451647e-05,-5.14930946147513e-05,-6.39297719049779e-06,-5.17309290294208e-07,-3.3655851564123e-06,8.79761004594482e-07,1.36200192723523e-05,-1.06527726865802e-06,-7.09619670603656e-06,-0.0022266226878198,2.60777582726452e-05,6.22485561903196e-06,0.000587047219095404,-5.66198211027138e-06,-2.23800768769393e-06,-3.09582871018149e-05,-5.60123914493232e-05,-3.46575037485279e-06,-2.76289358462936e-06,8.26718986878401e-06,1.69651644496199e-06,9.41935564950838e-07,1.57518739150024e-06,-8.31052022581063e-08,-1.91443434796851e-07,-7.05448639680563e-06,8.11188311565672e-18,-7.89070194205234e-07,1.12529280769037e-05,-0.000205450036319237,-5.76489540514269e-06,-6.5712070838531e-06,1.10790404437501e-06,-1.27646240131534e-06,6.61387012882598e-06,-1.07016045311325e-07,6.99799711634768e-09,-1.59819290114186e-06,1.62287306484266e-05,-1.12295952598537e-05,5.29537282101914e-05,-3.29089095849742e-06,1.77381500381502e-07,-1.16369751781802e-08,5.55611033977396e-07,-5.28039861816814e-07,8.31844195807436e-06,1.87407483627428e-06,-3.67556265754994e-07,0.000152184760292583,-1.75843779675417e-06,0.000324633649713315,-7.79307653132099e-06,7.63299691910087e-07,-2.61282365666777e-07,4.65000003962104e-08,2.25763666740229e-05,-7.07188520371091e-06,3.49606101319571e-07,3.59124660682162e-06,-3.05032784997509e-07,3.68603899557637e-06,-4.62744407319255e-06,0.000179307657874168,-1.39944324006745e-05,1.1051767817642e-05,-8.14559583873406e-07,1.36791483938639e-05,-7.06109757949856e-07,2.74746918446078e-06,3.13640831867346e-16,-6.91420089791834e-06,-2.37588285013996e-07,-3.14347947010796e-10,-2.79590293399682e-06,3.60195366871645e-07,-2.25625416517144e-07,-7.48831258967097e-07,9.24606603586252e-08,-3.94443650037495e-06,1.37287307739828e-05,5.16911265656133e-07,-1.20503398545289e-05,6.61468433643951e-06,-8.09860208672809e-06,2.68870403361207e-05,-5.01516160943297e-06,9.12651919648998e-06,3.25639883034725e-07,2.47981631302635e-07,1.94294308055624e-05,-0.000297830820875595,1.64470440251194e-06,-7.18170630974653e-05,0.00847371160362543,-0.274916569121108,-1.03741928305115e-05,-8.68005635356543e-06,-4.3855873563607e-05,1.28346971480591e-05,5.77844359378739e-06,-5.42741372985201e-06,0.000499166331275198,-4.81322804039396e-07,-4.05152605238646e-06,6.44038813775118e-06,-2.99242900240316e-16,-8.27241500080847e-09,-4.66727355302093e-06,3.88271455014537e-07,-2.00015267603067e-06,-2.54283678573299e-07,-5.12704761548361e-07,-1.17134650071695e-06,0.000361255526660123,-5.01280566328219e-06,-4.08127284211697e-16,3.16953436618354e-06,2.84116657397215e-08,9.98924785529675e-08,-4.7106152571049e-07,-6.56202199095457e-07,4.13255623835771e-08,1.4376163417015e-06,-3.60109522887928e-07,1.51411536492694e-06,-1.90966839043136e-06,3.28302847910067e-07,1.18844328600103e-06,0.244295371887543,3.87634378615958e-10,8.72974854403744e-08,-1.22402973994035e-07,2.59054007467811e-07,1.21062254718369e-15,7.58883507414017e-07,-5.64738348009458e-08,-1.62663386209558e-09,-1.18109524043321e-08,3.74229221930469e-07,4.60624781486641e-07,-1.90532480102166e-07,6.61437249740105e-07,2.68933958188062e-08,7.68989308560984e-16,3.76858643935159e-08,1.31772709965996e-08,2.26735606301045e-08,2.98904331886411e-16,-4.14808496680998e-09,6.94358237697652e-09,-2.08076891573152e-09,-1.56507306888043e-08,-9.75910071122482e-09,-7.44566343675269e-09,-6.55745666510703e-06,1.10869450740239e-08,9.26671715416053e-08,6.2940810796717e-09,4.04648231856585e-08,5.90818986034565e-08,3.64123296827274e-17,-3.37057146589405e-08,1.162755180077e-07,6.28195442874186e-07,-9.596599225945e-08,8.56231066862998e-17,-2.73226117190771e-06,2.67604771511708e-08,-7.02560759881477e-08,-4.88812978937827e-08,-1.70996800145676e-07,1.9577977362168e-07,-6.60068031513515e-05,4.9816179123697e-07,-3.012920762538e-16,2.22440329434833e-06,-4.33065488351112e-07,1.2520762903718e-06,3.08038383422459e-06,-7.34462598312838e-06,-2.13734843014825e-09,3.38271077815477e-17,-2.55816012136121e-16,-2.26237426751696e-09,-3.14238521618408e-07,4.18886830333505e-08,-4.5958823642229e-07,9.82836979483617e-16,-2.69154231366533e-07,-3.55220547125081e-09,1.44153444549088e-16,2.51914931852684e-16,1.48136854412584e-16,1.22837529853869e-06,9.09069809591765e-05,-6.38501795445214e-06,8.92636085891338e-06,4.9188764219203e-06,0.174603430236036,3.64604684285096e-05,2.82243447042929e-14,3.92362685629126e-07,-7.9685736366225e-07,-8.30175141468721e-16,8.93124392557578e-16,2.13130576071159e-07,9.7673849293068e-11,8.73455832751043e-08,-4.1587960442997e-07,-5.87529117176318e-08,2.11205387626971e-08,1.45651463627545e-16,6.72091056651114e-08,6.32118198053364e-16,1.95035310000939e-07,-6.91666775937128e-16,4.51531862930484e-08,5.62657009594004e-17,-1.58136206208853e-07,-4.02864652551742e-08,-1.03206166305763e-08,-1.20258832169198e-07,-5.65091242393037e-08,5.03805026912602e-09,-2.45984537509374e-08,-7.46950107469725e-08,-1.5614830615823e-08,-7.83732392234838e-10,7.79685797772482e-10,-1.09754449192587e-08,-3.04150225740513e-08,-3.16091885086196e-09,-1.19950396434326e-08,9.21472871273858e-17,1.43212876697824e-07,-2.94507501680419e-08,2.14209063483132e-08,1.21575106623915e-16,4.04149231009615e-09,1.2236027435718e-07,3.5568282264608e-05,5.9792834762626e-17,-1.03908861902232e-07,-6.13446482930852e-08,2.89916560474573e-17,-1.91979845465167e-06,2.17965968285892e-07,1.65103553315062e-16,-1.48119778873856e-16,-8.40435968224533e-09,-4.53139843487339e-08,-2.63334226620241e-10,-3.73620036251893e-07,1.04028996097694e-07,3.07190782094105e-08,2.97569447727369e-08,2.90900324521246e-07,-6.81424742218243e-07,9.66783077205324e-16,1.42724447268077e-09,9.84814805096943e-10,2.74266011916633e-09,2.59456685350066e-07,2.84748850488928e-16,-1.32188293395275e-16,8.65947405256234e-08,-2.04008313431559e-16,-2.92509011058953e-16,4.52752324062023e-07,-5.27826025893023e-05,-3.97624123266295e-08,-7.30618615047829e-09,4.58958730545043e-06,7.31532673777228e-05,2.20420269367241e-08,-1.24188578550103e-16,5.74588981193124e-08,2.71601177847486e-09,1.25113861386021e-08,-1.28289533970831e-07,5.23481483659346e-07,1.44756134390288e-16,1.89384911944621e-16,4.01334166954196e-17,-4.79500950937488e-08,-2.34581995796206e-08,-1.36827919022687e-07,-2.82089712248564e-16,-1.83562945044893e-08,-1.97692283255697e-16,-6.85763533982467e-17,6.45204565039706e-06,-6.97670950915345e-08,-6.50521303491303e-17,-1.79795136946806e-07,-9.39565082841143e-08,3.72387226266991e-16,2.17922842580111e-07,-3.78218427127125e-17,7.9781432800109e-08,8.52060151125259e-17,8.03136025280906e-08,1.57058071424004e-05,2.47663093133191e-08,2.35193638896166e-08,1.6312161146632e-07,-8.40854502678142e-08,2.42593453706511e-07,-1.72611330268627e-16,1.69071944614991e-06,-9.60568156629716e-08,-1.66759996971172e-16,-1.27675927063731e-08,-6.01691495348853e-06,6.23562796104832e-08,-5.67260063531076e-17,1.677833015267e-05,2.82170118355624e-07,5.79802323642924e-18,-7.16226435076457e-07,-1.59670225050658e-07,-8.56841825828349e-09,-3.29734208498648e-17,-1.86639234274557e-16,1.31352556706651e-05,5.25644057640735e-08,4.28620117554865e-09,-8.41198824516576e-08,3.98880787562502e-08,-1.39699899539718e-16,6.17850751278406e-16,1.49977944995717e-07,1.0377684396861e-09,7.02531904268771e-16,3.83917061434997e-07,-7.2661338807455e-17,2.10276079209234e-07,-8.49112231190674e-08,-4.99481934844656e-08,-3.40268074801947e-07,-6.32096970442293e-16,-9.74664242109753e-18,6.02510951360052e-16,-3.40034234693011e-16,-3.74648145486625e-08,-1.34404055771635e-07,9.98696934977582e-16,7.5620452045022e-16,-1.33806894335749e-15,2.16946804327872e-07,2.08737165485779e-09,-1.43811229755228e-07,-6.14022678192098e-17,-6.70714568953845e-16,1.37357573232189e-15,-0.124157199560481,-4.80811909483734e-06,2.31061897038211e-16,-6.45526073427247e-08,1.20250714817317e-06,-2.64180470477824e-16,8.26308348784128e-16,4.77771789500902e-07,3.74268325600183e-07,1.79964999051167e-07,2.56689048938133e-15,-3.29076344665113e-06,-1.80153270607498e-07,-1.57371640082699e-07,1.10795764887519e-07,2.79128972395376e-07,-4.02226669479529e-09,-4.9477817773058e-18,3.14872766387028e-16,8.38019382633399e-16,-3.86603180568188e-08,3.46261545521825e-08,1.1912773253898e-08,1.27215014079112e-07,-1.3603414098117e-18,1.213042874355e-16,-1.02897557244267e-16,8.00710626509696e-17,-2.60982958343244e-16,-1.27823648292831e-08,-5.1816921780128e-16,2.65981999390898e-16,1.32314076044517e-09,-1.03872777871059e-16,1.15046751844804e-09,-1.39122873856574e-17,1.35586176827711e-09,-2.63786935541723e-17,1.13843789209561e-10,-2.75192542397019e-11,-8.1137801997425e-09,8.85032356442577e-17,5.16548355416279e-09,-9.15748002666277e-17,1.39670776289892e-08,-3.82452126319296e-08,4.85003430912776e-09,-2.91653703577956e-16,3.54983647202499e-08,1.14248858404903e-16,-1.03623400797119e-08,-4.59603619620485e-06,-2.45981216201952e-16,1.06601500858622e-16,-4.32392956704589e-18,-5.34814544161928e-17,-2.20803276837837e-10,-2.96030212641887e-09,-6.83302115738534e-10,-1.12371425709125e-16,1.41720357563922e-16,-8.44056034831699e-09,6.93435570481554e-08,4.01730155046976e-17,1.22851762846516e-16,-4.74077740933282e-09,5.15725233865691e-17,-3.71392882688056e-08,-1.62341562196639e-17,0.00279100624502404,1.79450139662937e-16,1.53908680307201e-15,-1.40541462708762e-18,-3.12803487253674e-16,3.27089708419888e-17,-1.19878528318139e-16,4.57814720150949e-09,-3.21649204380007e-08,2.74716908360967e-17,-5.30353262653113e-07,9.22777908480534e-08,6.74408530013487e-16,2.9549098508134e-16,-1.71029436318547e-16,-3.71373154574414e-16,1.00957984322926e-08,1.64751135414364e-09,-3.80077911155057e-16,1.96184665819983e-16,-1.91268600012163e-08,-1.54060434170415e-06,-1.04384294572673e-09,-2.05883568548719e-16,1.74209138647027e-16,1.55034294093727e-17,3.48047259047639e-16,-6.07796490016732e-16,8.23787052514459e-16,4.63618282253223e-08,-4.43393333459738e-08,-8.61944164648376e-09,2.6135159137447e-16,9.23906072679441e-17,2.40612065135998e-16,-5.26053650362706e-17,1.11990514372387e-17,6.34310996144997e-16,7.7665988654619e-16,1.72898451386966e-16,2.15718257464482e-16,-1.31521769354576e-16,4.19891502376767e-16,4.27574351554917e-16,-2.19203815626464e-16,-2.77876129386249e-16,5.67094326653197e-09,-5.4442105576113e-17,6.96065543568079e-16,-6.11380714357922e-16,8.23433880142604e-08,-9.9771906436244e-10,-2.22740069661257e-16,-2.14589962967192e-09,7.85215222040113e-08,4.76305474655467e-17,1.24044469276818e-15,-3.55677992520499e-06,-1.43390738259105e-16,2.13776528186902e-09,-5.76563765915663e-16,1.32733222690569e-16,-1.266423982615e-16,-2.84511876595144e-16,2.33200711784868e-09,-7.24488805883752e-06,-5.33176636502059e-16,-1.26912917295802e-15,1.72069838712094e-17,3.73305172496725e-16,1.12160714743625e-15,6.14192813221747e-16,2.43089347232376e-15,-1.42205911250219e-16,1.11193087972988e-08,7.12528124628856e-16,1.35299166062672e-15,1.19363720578319e-17,8.79234029091675e-15,-1.82249907685591e-15,4.96738633150918e-14,-1.1676591727368e-06,-6.07465588222366e-15,1.95620869979985e-14,0.490169619923769,-3.79906652027313e-14,-4.96121597843011e-16,-3.95826284410245e-16,3.76884704516948e-15,-3.00390912424752e-08,3.91294887026294e-17,1.53893821135021e-08,7.69897587317845e-16,5.09718806664984e-16,-1.21990038938701e-15,6.26770711408529e-16,8.6419606090508e-17,2.46272351290836e-15,-2.29316127202514e-10,-1.71624053650193e-14,1.93715469100431e-16,-3.67213055641453e-10,7.25070031209753e-09,5.06005392309618e-17,4.15415742995717e-09,9.73309129739492e-10,-3.79810597910687e-16,3.9266653512648e-16,-1.01989372216382e-15,-1.96777110449448e-16,-5.72437640805348e-16,-7.57569341461384e-09,5.09081229944909e-16,-1.2710809952197e-15,-1.08860537308989e-15,3.42392401574691e-09,2.25927121017097e-16,1.00820589470933e-15,1.01815658900187e-15,-5.83896215162057e-16,-1.76119927890192e-09,1.61488149601048e-15,5.46711159541635e-10,1.39556998844522e-16,3.44946460656686e-16,1.0300438055576e-15,-2.20274494041831e-16,-4.2994429296154e-16,1.31162036757927e-15,-1.83620108845872e-16,-1.08549273655876e-08,3.78118321947727e-16,-8.19508873359169e-17,4.69773484099392e-09,-4.07630015774428e-16,1.06507226001913e-15,1.26509185975508e-16,-2.69539225277175e-16,-6.72051155619799e-16,-4.30886199580567e-16,-0.000864269179525636,1.1728593118605e-16,-1.32734224815134e-15,1.06971020376617e-08,7.90308522359322e-16,-6.9518349873783e-16,2.69229509713435e-16,-5.59470746474626e-16,1.28311464892308e-15,1.07316720249166e-15,1.10600661085449e-15,-3.02653362558003e-16,-1.3878429183709e-15,-4.951299045799e-16,1.95262058563479e-16,-6.23550337704382e-09,2.0862770179141e-08,-5.13956329749349e-16,3.20089889487617e-16,5.04496082898672e-16,-8.45856429023561e-16,7.01641435923994e-16,3.59828955638738e-16,-1.3133737622963e-17,-3.08472517827671e-15,-1.88502189872702e-09,-2.4632607632394e-15,-2.19976923175342e-15,-2.95672845573884e-15,1.23081339793134e-15,5.57534311666388e-08,5.88237911733552e-16,-4.06915014569366e-10,1.24021528224076e-15,-6.81696791606328e-15,1.77001368422141e-14,-1.9728286156571e-16,-1.18726645695163e-14,-6.05488999995863e-15,-1.63603172420972e-14,-8.4085211285703e-15,0.707106781186547,-5.23119963731718e-16,-4.68158205468875e-15,5.36855083287083e-15,4.18510279356012e-15,-4.39940508590175e-16,7.63905197307393e-15,2.89870944382983e-15,-1.00514389828129e-15,-4.23178226692907e-15,-2.82476307527958e-15,-2.13266623527728e-15,-8.95117313604032e-16,3.99991996359034e-17,-4.09029582385177e-15,-1.61376075822572e-15,-3.71009255003601e-18,2.11462688489486e-10,1.84701104131355e-15,-7.91503899800732e-16,-7.10692105415219e-16,1.32396085665015e-16,-1.95741736318374e-16,-2.0064136883154e-15,-5.66486338406804e-16,-8.672787396612e-16,-1.04154963790176e-15,-1.78308470200661e-16,-2.67635306278047e-16,5.66519229724597e-16,5.03903709043009e-16,6.73436001091853e-16,5.52194056946101e-16,-6.930046738997e-16,-7.2176192445719e-17,-2.84815452645776e-09,5.31430019400911e-16,4.90940778564959e-16,3.15457939720037e-16,5.76315749346364e-16,-1.10844748691494e-16,1.4700143440705e-16,-5.05601756064258e-16,3.65457779614404e-16,-8.37823676941075e-16,6.27616655779373e-10,3.37752781833586e-16,-8.05021692804089e-16,3.3055128229188e-16,-5.66504911045504e-16,9.2018636165971e-17,-8.85753426481813e-17,2.32838963142614e-16,-6.07632388405468e-16,-1.35560766612562e-16,1.40455918455815e-16,4.84590781247255e-16,-8.09178054893236e-17,-4.48826058201049e-16,3.27518310612077e-09,4.12030025662985e-17,2.26924345155009e-16,3.6994826014528e-16,-3.93890649263984e-16,-2.23383382703337e-07,-2.80827048409315e-16,-2.82562111652464e-16,2.0812508659682e-16,-1.05985310124772e-16,-9.98561082104834e-17,-1.25580633076567e-16,1.89088105752572e-16,2.15280194591058e-17,-2.5204309998484e-17,9.1265114133145e-17,2.35360895174224e-17,2.16793522871377e-16,-1.46346627500616e-16,-2.42218094023651e-16,-1.02393447943902e-16,3.60898423481838e-17,3.30208987343838e-17
"t331",-0.0048557318387039,0.0494404106813384,0.0635416617069696,0.0149917767213727,0.0299907309259232,-0.00483669228262242,0.00147820909837221,5.03047607197316e-05,0.000405849947877612,-0.000974263153625633,-0.000218321525089065,-0.00108524487905796,0.00681202878770817,0.0457746224554406,-0.0011268880549587,0.00194086241223003,0.137226365430303,0.0017660225299854,-0.00110993211099942,0.000411726841144028,-0.000945645475876906,0.000143282362159454,-0.000252302388205698,0.000393410429083431,-5.72290587377912e-05,-0.00039452400432179,0.00180373748586469,-0.21401056422042,-0.0091353236495145,0.0186957158476989,-7.0891103916215e-05,0.00106583016569037,0.000404362707646624,2.27539346025908e-05,-1.20495925086839e-05,-2.58355663417176e-05,-9.14268566090615e-05,9.43278999059594e-06,8.26603598456692e-05,2.91543333994591e-05,0.022846667847945,0.0001132815529208,-3.59994945818695e-05,4.15048182140959e-05,-6.41071867552353e-05,-5.73115639042098e-06,1.43467127473638e-06,-2.31144901409643e-05,2.83308567244016e-05,-6.09544678144834e-05,5.42459101422816e-05,-0.00233162565305014,3.863717391172e-09,-1.36982891727347e-05,7.4058134661358e-06,-7.85265512193072e-05,4.68091220525334e-06,-0.00678687086677383,-0.000441394421665028,-5.09705378268311e-06,-5.49512771958875e-06,6.94489584160811e-06,-0.000194774709172646,0.000303561359751259,-8.71437199954146e-06,2.62476466006544e-05,-1.46405851822892e-06,7.32372033101491e-05,-0.00381985841359019,2.24688841277363e-05,-3.6340340905819e-06,9.37852394080523e-06,-3.06657617836907e-06,-1.99851822005274e-05,8.3570153697461e-06,7.69519388744456e-08,-7.05649328656966e-05,0.00029409402846779,-3.36597055658489e-05,-3.90006973518851e-05,0.000281297549902938,0.000164085563288773,-1.96851750870102e-05,-9.16199994689551e-05,5.65637518314104e-06,0.000159336223656586,-2.34226718555466e-05,-3.69139040227095e-06,-8.21101249000613e-07,3.11483402429969e-05,-6.80778524951012e-06,1.65886737713526e-07,1.10186852941071e-05,-0.000100585883056088,-5.98796799871592e-07,-2.78266929931836e-05,-3.28202547821487e-06,3.05796631832518e-05,-0.00316712027596494,-1.49614758573956e-05,-4.80018071946107e-06,3.1331058610833e-07,-6.74960346051354e-06,2.80154083604609e-06,-1.22036173681883e-06,1.92596501225747e-06,-6.53036191740278e-05,2.23473166136016e-06,-1.01688667714274e-05,3.50229170294756e-07,0.000288116713155921,1.86759670130459e-05,-5.74781928402608e-06,5.25696162697495e-06,-1.91478912747305e-07,5.5480066500547e-06,-1.0818803249958e-05,1.15323648452827e-05,-1.20903724540557e-05,0.000686749362033438,-1.40227065228656e-05,0.00216086536039761,-1.84548491823251e-05,-5.10014261791218e-05,2.3697108882221e-06,-2.6363497531371e-05,2.69230003577389e-06,-5.78079181001086e-06,2.58094551383641e-05,0.000358976828904222,1.54161199112298e-06,3.29625532661282e-05,-4.37563616245741e-06,-7.9396495282903e-06,3.46537175088438e-07,1.31225014716611e-05,-7.89736330950779e-08,-0.00119490584289157,1.19801427970763e-05,-3.44889602273867e-05,-2.17512071313284e-06,-6.47918223314698e-05,1.76547750504342e-05,1.11368663197235e-06,4.24024811762449e-07,-2.19828882471181e-07,-0.00026528686208548,1.45201502555474e-06,9.41938447659739e-08,-2.25961268610891e-07,-4.79134592119959e-06,-1.04846661771457e-06,-3.03389162324376e-06,8.34828476521891e-06,-5.86216025742313e-05,-2.0126570186528e-07,3.00720983432275e-06,-2.24849558635594e-05,-7.48560705623729e-07,-2.46403949316528e-07,-1.63497710624081e-05,5.57586474981776e-05,-1.13397102284238e-06,-2.2500538859278e-05,1.42017509930529e-05,-9.21603497001506e-06,1.01025591056133e-05,1.733177764312e-07,8.62813185207908e-06,0.000233859873378715,-1.84601767067189e-05,-3.25222992260461e-06,3.81963029767959e-07,9.87040094835732e-07,2.45104051786435e-06,3.92138349556472e-07,2.19885023027692e-07,-9.17665424122053e-06,-1.41177771767912e-05,-0.000124673227989871,0.0023404040839726,-2.01721901836628e-05,-0.000120344575471676,7.6557692172087e-10,-0.000268339397085446,-5.58863923541696e-08,-9.08406061671958e-06,2.88779717223458e-06,1.30060076044672e-05,-1.68584126821868e-05,-3.93074562454079e-07,7.41805114282358e-07,2.96624655376927e-06,5.30470969504308e-09,1.43172654494217e-05,-7.28229553310763e-07,-1.3431830966581e-06,-9.55651595785151e-07,8.00314103686391e-07,3.43066495063182e-07,3.42823283142947e-07,0.00011137989159028,-8.74941405702104e-09,-1.52687596012309e-06,-2.31291638318859e-06,-1.14781892808616e-05,1.47970903194522e-06,7.73734156941149e-06,-1.08872134772031e-05,-6.69258008046211e-08,-4.35396588686889e-05,1.40309686332496e-05,-3.67490542894292e-05,-4.54440439158984e-06,-3.67687212490588e-07,-2.38473506237694e-06,6.18440635332108e-07,9.55971568354145e-06,-7.41572743182101e-07,-4.91156639388016e-06,-0.0015380589263126,1.78646452506977e-05,4.25588726555987e-06,0.000400484122476435,-3.83681282533615e-06,-1.51451212023229e-06,-2.09432011284929e-05,-3.76123177248686e-05,-2.31671350995596e-06,-1.83752028544981e-06,5.48553952539646e-06,1.12298429479499e-06,6.22090923357478e-07,1.03964712779658e-06,-5.45246131882829e-08,-1.25135335388238e-07,-4.59234070896504e-06,2.07980189616593e-17,-5.10653129274458e-07,7.27380942089611e-06,-0.000131712269096644,-3.67221093466506e-06,-4.16359806816063e-06,7.01756522241051e-07,-8.00480865255216e-07,4.14059622678476e-06,-6.69447646114055e-08,4.36127229246087e-09,-9.93488825309591e-07,1.00412751839323e-05,-6.93368710482964e-06,3.26680250986679e-05,-2.02062884661752e-06,1.0674101719345e-07,-6.95189591797766e-09,3.2989503735855e-07,-3.09322349955391e-07,4.86816318358572e-06,1.08627875099817e-06,-2.11893126173219e-07,8.70489315481837e-05,-1.0032773456905e-06,0.000184727866149525,-4.41812878028249e-06,4.30353334672508e-07,-1.47219462197326e-07,2.5829814203136e-08,1.2536579402253e-05,-3.92553813789501e-06,1.93303653438378e-07,1.98275875579188e-06,-1.67624321404942e-07,2.02381391954946e-06,-2.46818701836351e-06,9.53274385134414e-05,-7.42071204757071e-06,5.82524677377567e-06,-4.27270191150392e-07,7.0963693347796e-06,-3.65122193006344e-07,1.41702542680493e-06,-4.67009089124683e-17,-3.53427165912602e-06,-1.21301843014026e-07,-1.59870254549602e-10,-1.40880905473197e-06,1.80038830588205e-07,-1.12341346527899e-07,-3.72136922351731e-07,4.48053492286395e-08,-1.90826269904451e-06,6.63878982667149e-06,2.48066930405167e-07,-5.65670551947219e-06,3.09301560578392e-06,-3.77660506038827e-06,1.24252083496294e-05,-2.23644463265099e-06,4.00717197219559e-06,1.42847500980422e-07,1.08751695480828e-07,8.18640325326997e-06,-0.000119451244346614,6.55337760767533e-07,-2.8339674780727e-05,0.00330409293743849,-0.106799337196283,-3.90418970476894e-06,-3.25863251200806e-06,-1.63900524780936e-05,4.78179110294083e-06,2.13081892579948e-06,-1.97838144688145e-06,0.000179989585291783,-1.72726014557595e-07,-1.44204471340944e-06,2.25188512251549e-06,-5.84948438181872e-17,-2.5696007512049e-09,-1.43124682798479e-06,1.16751832379973e-07,-6.01085136028822e-07,-7.63697609660196e-08,-1.53230793507348e-07,-3.46834981264182e-07,0.00010577544230884,-1.43402687862737e-06,-2.58186573875501e-16,8.573789344273e-07,7.63020795025142e-09,2.6409302958129e-08,-1.24302594607799e-07,-1.66329191582829e-07,1.02361568547391e-08,3.44292145750196e-07,-8.41981132319535e-08,3.35312453725593e-07,-4.01020158939617e-07,6.65222658680666e-08,2.35852477688828e-07,0.0478470759356688,7.41260682121572e-11,1.6648983733124e-08,-2.29410396515687e-08,4.7888498986342e-08,2.03038259974006e-16,1.25646206355019e-07,-9.12220418571464e-09,-2.62685290331262e-10,-1.77105130465255e-09,5.54597752202651e-08,5.83098486597877e-08,-2.29344383195968e-08,7.88031021597557e-08,3.07841871366164e-09,-4.18251649853423e-17,4.11214159162281e-09,1.4115242027995e-09,2.25883687699839e-09,-6.06836100381875e-17,-3.79412184779822e-10,6.21699535575846e-10,-1.84218443057957e-10,-1.35318388190998e-09,-8.09805747385618e-10,-5.98324863347248e-10,-5.1347959999677e-07,8.0049633932573e-10,6.62349337995076e-09,4.23346962385216e-10,2.42039203278106e-09,3.51144373028897e-09,-1.47677426383455e-17,-1.50751912382231e-09,4.90142606607869e-09,2.29104302693799e-08,-2.66841957153156e-09,-1.19700069524084e-16,-2.44842398381869e-08,-3.34045058975052e-10,1.56124342410441e-09,1.30910027485049e-09,5.51695790533118e-09,-8.31731294205109e-09,3.9074963909385e-06,-5.04223942707365e-08,2.14033175499536e-16,-3.0947158611396e-07,6.16966636236924e-08,-1.8712963399446e-07,-4.90383832578922e-07,1.17473877872716e-06,3.47762728376004e-10,-1.18308141061618e-15,-5.77650111140309e-17,4.04272525721442e-10,6.05575881733832e-08,-8.14588958114919e-09,9.51977074423284e-08,-1.55428436443224e-16,6.33022864353263e-08,8.80187943763829e-10,1.04029303745995e-16,5.26328545300217e-17,-1.23245189823969e-16,-3.53522939409562e-07,-2.66322561716602e-05,1.98511232045179e-06,-2.91221932990192e-06,-1.61366509969115e-06,-0.0601651395801604,-1.26334556097295e-05,-1.05812784452341e-14,-1.4928174572276e-07,3.12838681319512e-07,7.92843134577293e-16,4.98332508423214e-16,-9.39655781686543e-08,-4.42182468968804e-11,-4.09388955587439e-08,1.99410661104142e-07,2.93966692168843e-08,-1.06391365696411e-08,8.17744907987658e-16,-3.41677020680712e-08,6.90434715269486e-17,-1.01772948395193e-07,-6.06340064962518e-17,-2.40115409905867e-08,-6.25753197879371e-17,8.61093934848477e-08,2.20413117573128e-08,6.00353327460363e-09,7.08515183412684e-08,3.3469338595179e-08,-3.0527285847856e-09,1.5198660345774e-08,4.82449738327484e-08,1.00894202922075e-08,5.13224209872243e-10,-5.23086725455905e-10,7.60164382300258e-09,2.16271994892743e-08,2.29400453627898e-09,8.7924000128823e-09,8.82708458494839e-17,-1.08224479511483e-07,2.29071564994907e-08,-1.80372028967509e-08,-1.61915375499044e-17,-3.48007403907382e-09,-1.08929358360824e-07,-3.21120244694379e-05,8.76041227794589e-17,9.44889664639992e-08,5.73848188409824e-08,3.36874240582723e-17,1.82083360976999e-06,-2.24253025225287e-07,-2.23616145874471e-16,2.83108216514016e-16,8.92033989141398e-09,4.82298573448825e-08,2.83940602204631e-10,4.09017846550376e-07,-1.17829482943787e-07,-3.4896222560835e-08,-3.39433205640499e-08,-3.47002251066166e-07,8.4273149370451e-07,3.55076211489003e-16,-1.78922154821243e-09,-1.23746078968481e-09,-3.47451182555282e-09,-3.31927411766791e-07,-9.93510329512251e-16,5.02843580687804e-16,-1.12276150376079e-07,4.50077457601866e-16,2.38877623009639e-17,-6.38183783052018e-07,7.54755973919955e-05,5.68747128716531e-08,1.07827038779544e-08,-6.8021818048069e-06,-0.00010851790341934,-3.28894874383246e-08,4.28228037602406e-16,-9.12266130836473e-08,-4.36968169133806e-09,-2.02173287025997e-08,2.11875110095068e-07,-8.99739038321948e-07,-9.12398705873504e-18,1.551570328222e-16,-1.69051605582638e-16,8.73166598911559e-08,4.3804647121443e-08,2.55995814581723e-07,7.22345667439229e-16,3.51910628830516e-08,1.4391837893454e-15,2.39813255557952e-16,-1.37911521893541e-05,1.49332725452609e-07,1.40946282423116e-17,3.95447650155911e-07,2.09970906034503e-07,-3.94602128602245e-15,-5.03279070632238e-07,2.72079081557832e-16,-1.91788696060119e-07,1.98942443600433e-16,-1.93770493226622e-07,-3.79999031426315e-05,-6.01129069263784e-08,-5.73407232584149e-08,-4.0170413423877e-07,2.15103287627634e-07,-6.55153759391364e-07,7.14562227050098e-16,-4.89413432968163e-06,2.80161969532667e-07,1.42387095647005e-15,3.76159087225105e-08,1.80582117073642e-05,-1.90323258482234e-07,6.7199058071036e-16,-5.42982038274816e-05,-9.24015076402232e-07,1.41379814615188e-15,2.38282137050018e-06,5.35398578658335e-07,2.95909250147004e-08,1.19209792300529e-15,1.15645769994991e-16,-4.87405175161848e-05,-2.01306145082834e-07,-1.65227649634905e-08,3.75299878478557e-07,-1.82494539179468e-07,1.0066478421021e-15,-2.65747886792433e-15,-6.98365718971577e-07,-4.84319210554413e-09,-1.3301370062767e-15,-1.84672761513196e-06,9.22753880098214e-16,-1.04210750798189e-06,4.38846245780499e-07,2.58930269635187e-07,1.78518282431187e-06,2.98717088099961e-15,5.69239633669015e-18,-3.93291430346647e-15,1.42548353276371e-15,2.19998964107662e-07,7.9691800621762e-07,-6.72780078388002e-15,-4.62259099709866e-15,6.7752106572827e-15,-1.33297494430335e-06,-1.30286310632806e-08,9.37757167744096e-07,-3.44837696873475e-16,3.90826422873997e-15,-1.03350758940551e-14,0.951115614797274,3.70523081878579e-05,-9.67816088869774e-16,5.3320941170829e-07,-1.02269661680728e-05,2.13925986234634e-15,-5.32726232784808e-15,-4.36592162833722e-06,-3.44052584351474e-06,-1.72983994118805e-06,-2.12980424255367e-14,3.42206155538441e-05,1.96123421925875e-06,1.8321845004798e-06,-1.42380784648663e-06,-3.68912967909139e-06,5.61430684591904e-08,3.68333700613494e-16,1.99773738330471e-15,-2.74659854906791e-15,7.87396336769032e-07,-7.10168412034846e-07,-2.59389965404558e-07,-4.0073218618795e-06,-1.04073951538346e-15,-4.5046331562012e-16,-1.44835002311992e-16,-1.08262839391976e-15,-2.4652306645223e-16,7.47559467750591e-07,1.76576720873539e-16,-1.40907592945955e-15,-1.15958521822569e-07,1.01095420959735e-16,-1.03574137895439e-07,8.72653680520223e-16,-1.27935319592301e-07,-5.53298904010404e-17,-1.44860620276411e-07,-1.78606028790418e-08,-1.59371597777375e-06,4.86660184730118e-15,5.46452818704749e-07,1.76132258235047e-16,7.35818031333356e-07,-1.21998392358869e-06,1.5210607390331e-07,1.25350837152435e-15,9.6249040549629e-07,-1.98267600946194e-16,-2.31370479636723e-07,-0.000101739104851584,2.11461481623954e-15,-5.64368275415058e-17,-1.77273730304364e-16,4.96470781202947e-16,-4.2705579079115e-09,-5.54039488188965e-08,-1.23252418990181e-08,2.62401569566981e-16,7.29805464322789e-17,-1.29709338464351e-07,1.05864491072613e-06,6.58460267907309e-16,-1.27707066631792e-16,-6.10912592752821e-08,2.65017361934774e-16,-4.63068774093777e-07,5.395479267273e-16,0.0317945808720686,2.4666909390307e-15,4.25106980912219e-15,1.62154340360819e-16,-1.03369634622253e-15,-3.63747759396213e-17,-9.73634564732357e-17,4.4251803593948e-08,-3.10277434148573e-07,3.52059535783216e-16,-4.85412953960627e-06,8.26711882380439e-07,-2.67614126037841e-16,-4.97313426759417e-17,5.73492445133184e-16,-1.26488457656571e-16,8.27640806346162e-08,1.32383712961582e-08,5.41455246124848e-16,-2.42193651028719e-16,-1.50341027233285e-07,-1.20750090691967e-05,-8.10341014670204e-09,-1.48075522335964e-16,-1.46217088191391e-16,-1.50300965540406e-16,7.29293019398962e-16,5.7545913293095e-17,-3.55279946182021e-16,3.09645275930596e-07,-2.92103251945568e-07,-5.60176858635224e-08,-1.26374915412756e-16,5.0811813353011e-17,3.0856546173371e-17,-3.70151465471043e-16,-3.84841597026843e-16,1.25738627682338e-16,1.23389027112915e-16,-2.42775836160156e-16,1.84411753238328e-16,-9.32794598363972e-17,1.15564859534946e-17,-7.4264983052017e-16,-5.51616530911097e-16,-1.73730880892961e-16,2.9259225591422e-08,2.42099689384278e-16,9.33098964118662e-16,-5.09090724595151e-17,4.11419907506782e-07,-4.94768816933032e-09,3.95345268809262e-16,-1.05918250162905e-08,3.72035033177468e-07,-4.67756535006199e-17,-1.13901256775309e-16,-1.59794644901525e-05,3.19008415946125e-16,8.95853707938306e-09,-2.8719842650671e-16,-1.46502906202653e-17,-2.39291351957668e-16,-7.531488571107e-17,8.6262595579861e-09,-2.65491766941918e-05,1.86088573148918e-16,-4.59585534904418e-17,-5.16146980845596e-16,-2.61248425333283e-16,9.54640012873487e-17,2.18525571997178e-17,6.23229046661098e-17,-1.76311283301713e-16,1.36191979906905e-08,-6.11061808844442e-17,2.96286520480705e-16,-4.46896616458066e-17,8.80382761417754e-17,-5.28412980987077e-16,2.89041313539102e-15,-3.04298702087541e-07,-3.5268836034824e-16,8.46183120458105e-16,0.0201572323042435,-1.9054031873428e-15,1.69445794496116e-16,1.57299807910825e-16,-4.90095306086895e-16,1.53477772138294e-07,-1.02082444386939e-16,-1.13033571824757e-07,-1.04107194268784e-16,1.28125620140144e-16,-3.66970194637004e-16,-5.28350353377026e-16,-3.53875561403544e-16,5.504583220879e-16,4.05929473364362e-09,-1.1974334212449e-15,1.51533652609625e-16,2.2776510444629e-08,-5.03856795067823e-07,-1.58200440058038e-16,3.51228237341612e-07,5.13611520963044e-08,-4.75556626019701e-17,-6.71009967512636e-17,-2.1736797595979e-16,-2.59978483643945e-17,-3.72224939020651e-16,-8.42771298346403e-08,-1.16274295548874e-16,-1.45523360542021e-16,-2.44256651160578e-17,3.35454556357145e-08,-6.10601254619697e-17,1.69180483283778e-16,5.70184529274203e-17,1.01428018338993e-16,-1.5172819574925e-08,1.62293611240838e-16,4.55548780666781e-09,-2.92471231588619e-16,-1.47470686872318e-16,-1.97130019543909e-16,7.76885470996635e-17,-1.3795103716238e-16,-1.16530138024207e-17,-1.56037971669111e-16,-7.83737681577971e-08,4.06055425242046e-16,6.7007644561045e-17,3.2945535373754e-08,7.7285405830875e-17,-7.84500989847281e-17,1.08261484056099e-17,5.83709241390388e-17,3.97648750182873e-16,-2.72166311076152e-16,-0.0055958827509215,1.4417544140031e-16,7.69394008444443e-17,6.7131518927688e-08,1.54246607203683e-16,1.68389370276825e-17,-2.02545669486585e-16,8.42166585900526e-17,8.83136355466044e-18,-6.23399416199779e-16,1.3941436094473e-16,-1.27490919742538e-16,2.87648117866257e-16,-7.10521179477788e-17,-3.3404092019502e-17,-3.54847539066916e-08,1.17510005260015e-07,-2.44923907584812e-16,1.94934234992068e-16,1.38543310616588e-16,8.44654479229818e-17,1.1893697832166e-16,9.44532615425369e-17,1.2310284278137e-17,4.34627489268918e-16,-1.0101856611517e-08,1.2099080427774e-16,9.29560032045234e-17,1.59631680240486e-16,-2.63038922303433e-16,2.87662479303114e-07,6.0202891415448e-17,-2.01938253716285e-09,-4.12142870324258e-17,5.73179611987842e-17,-1.62787234730289e-16,-1.62258376196144e-17,8.54964815322535e-17,4.25202697640018e-16,8.50752805211252e-17,-1.32808636669218e-16,3.83144939370507e-16,-5.64710083298232e-17,1.60308712747201e-16,-5.2015643238698e-17,-8.03199243744057e-18,-1.60799528315712e-16,-1.79889743095048e-16,-3.50452457325873e-16,-3.98737792819491e-17,4.4719117454964e-16,-2.00867495536909e-18,-1.09542581266558e-16,-8.7061434450586e-17,3.13895589636496e-18,1.81557547460411e-17,-1.94117888683421e-16,-8.99889240812253e-19,9.32442430132003e-10,-3.11501451311275e-16,1.19743567348423e-16,1.55618315268915e-16,-1.2254859879842e-16,-3.64205759071756e-18,4.88473483151269e-17,-2.41084163238693e-16,-6.72475730006317e-17,7.94917419219383e-17,9.30818661805915e-17,-1.1033925509385e-15,2.147239298944e-17,-1.41227526511038e-17,-1.18877151450063e-16,8.55156916267009e-17,3.46638976027352e-17,-2.38748666047051e-17,-1.17736916357801e-08,1.05608963546684e-16,-9.90888744804068e-17,2.43202477415901e-16,-5.98981670463446e-17,1.04123161399298e-16,1.34324803071418e-16,7.84934841242648e-17,-1.97379899167063e-16,-6.4146379148081e-17,2.44835905447884e-09,2.65550441751854e-16,8.75365813991752e-17,-7.64607432374249e-18,8.04769373739613e-18,-1.52402409541009e-16,1.09762371143763e-16,1.31028443786266e-16,-4.67101580804992e-16,-8.43336562113104e-17,-4.3702283252367e-17,-4.45076188633478e-17,7.18522953321361e-17,-8.87722374023475e-17,1.21344870215905e-08,-3.46723529172333e-17,-1.05449963048227e-16,3.22784270166189e-17,1.63172426959068e-16,-8.09478159250926e-07,6.02771071207394e-17,3.01073534727423e-17,7.92880468583715e-17,7.75054442549512e-17,1.23398918573378e-16,-1.47715013341422e-16,3.33662175826904e-16,-1.33555323048695e-16,-9.52800078419367e-18,6.7012435715269e-17,3.45343784921943e-16,1.11818169304178e-16,-1.82623589577516e-16,-1.58207518667312e-16,-2.50690219166334e-17,8.63157135805539e-17,-2.5383745129516e-16
"t801",-0.00485693668273044,0.0494662330284708,0.0635759199067232,0.0150026008847888,0.0300172238362774,-0.00484170150846048,0.00147976995404551,5.0362080734676e-05,0.000406395596591669,-0.000975849299142057,-0.000218771523574568,-0.00108799456255776,0.00682978673899007,0.0458957328523939,-0.00112999776992768,0.00194652987270975,0.137636504807522,0.00177139499443558,-0.00111338564454683,0.000413116763778715,-0.000949093817824946,0.000143910677161015,-0.000253469408641205,0.000395240303022306,-5.74962731128934e-05,-0.000396451901119726,0.00181265349336167,-0.215077704431482,-0.00918206830257645,0.018808193458438,-7.13450582689168e-05,0.0010729560069778,0.000407254785672425,2.29241204537355e-05,-1.21441479916996e-05,-2.60538519249177e-05,-9.22087245652922e-05,9.51468669757951e-06,8.33827048987082e-05,2.94127362073097e-05,0.0230547312825819,0.000114337095642197,-3.63397089292234e-05,4.18975176169916e-05,-6.47238377450253e-05,-5.7896330708723e-06,1.44956731364027e-06,-2.33564420301101e-05,2.86341431883722e-05,-6.1622721823852e-05,5.4859346941691e-05,-0.00235836920817391,3.90812532564892e-09,-1.38584944818529e-05,7.49536235627046e-06,-7.94807919222534e-05,4.74288253264459e-06,-0.00687874763456511,-0.0004473854834405,-5.16998014649149e-06,-5.5768111144114e-06,7.05004873364562e-06,-0.000197767464048948,0.000308242785401728,-8.85241341236792e-06,2.6673312481516e-05,-1.48901812061465e-06,7.45131074583278e-05,-0.00388706594204919,2.28712028191636e-05,-3.70505589041401e-06,9.57344000708385e-06,-3.1308929549631e-06,-2.04121804397286e-05,8.53597984495126e-06,7.86128894305e-08,-7.20927796045633e-05,0.00030055889016918,-3.44247271311999e-05,-3.98988290332787e-05,0.000287919461230976,0.000167966410345078,-2.01666459531033e-05,-9.38831088826927e-05,5.80194443986351e-06,0.000163481572345569,-2.4038682996977e-05,-3.78864243663636e-06,-8.42743515160056e-07,3.19702729335951e-05,-6.98816062114556e-06,1.70449981884077e-07,1.13228079679846e-05,-0.000103424521852816,-6.16329679901845e-07,-2.86458775594623e-05,-3.37866867407604e-06,3.1492397628382e-05,-0.00326212263339089,-1.54186351553208e-05,-4.94902901231904e-06,3.23038593134108e-07,-6.95947776361057e-06,2.89428041849584e-06,-1.26094079059885e-06,1.99022917302454e-06,-6.74960197899338e-05,2.30988480094106e-06,-1.0511870761945e-05,3.62096246993239e-07,0.000297893524420493,1.9315214422937e-05,-5.94475941250855e-06,5.44112088245632e-06,-1.98217833254651e-07,5.74523066789825e-06,-1.12051102711485e-05,1.19491425623959e-05,-1.25323121220377e-05,0.000712064875267099,-1.45420788311919e-05,0.00224219611029347,-1.91565449869233e-05,-5.29413649414828e-05,2.45997781158687e-06,-2.73780454718637e-05,2.79599513978122e-06,-6.00537013996378e-06,2.6836394421951e-05,0.000373263978019493,1.60308401386416e-06,3.42973068849402e-05,-4.55334393543234e-06,-8.26279075897914e-06,3.6076345746086e-07,1.36618546393351e-05,-8.22775560362366e-08,-0.0012455892961851,1.24975941942603e-05,-3.597936878297e-05,-2.2694012623241e-06,-6.76045316757075e-05,1.84230786968181e-05,1.16219752966657e-06,4.42495071064766e-07,-2.29468183487912e-07,-0.000277070298809488,1.51733224139238e-06,9.84441602285793e-08,-2.36226074145984e-07,-5.00911892768003e-06,-1.09624129891854e-06,-3.17233902937253e-06,8.72988497630588e-06,-6.13416031557535e-05,-2.10626065323102e-07,3.1472971224282e-06,-2.35695679308198e-05,-7.84952561864186e-07,-2.58397175557461e-07,-1.71506676316913e-05,5.84935162857889e-05,-1.19003099617039e-06,-2.36139394296023e-05,1.49097029202802e-05,-9.67861104857422e-06,1.0619028107399e-05,1.82183610273607e-07,9.06956073973252e-06,0.000245852304181774,-1.9409346483839e-05,-3.41951371429821e-06,4.01710105476147e-07,1.03814817398435e-06,2.57836948406339e-06,4.12525599828775e-07,2.3132142752423e-07,-9.65735339102643e-06,-1.48623295855553e-05,-0.000131255592406921,0.00246409838273654,-2.12414927035798e-05,-0.000126730941423647,8.06247086366765e-10,-0.000282608566520043,-5.88675999479396e-08,-9.56900536347423e-06,3.04287835175277e-06,1.37045849295713e-05,-1.77655016895589e-05,-4.14314543638093e-07,7.8200386445084e-07,3.12712472989834e-06,5.59274000371338e-09,1.50952159869884e-05,-7.67862305164336e-07,-1.41630077533374e-06,-1.00769217161894e-06,8.43900433812083e-07,3.61735905084969e-07,3.61477424370614e-07,0.000117432658331599,-9.22402877351691e-09,-1.60915296348491e-06,-2.43754504281654e-06,-1.20961912725869e-05,1.55917243573047e-06,8.15203551217869e-06,-1.14672862604324e-05,-7.04604427190534e-08,-4.58201676766126e-05,1.47638265878959e-05,-3.86416998844382e-05,-4.77637898715028e-06,-3.86451646432073e-07,-2.50552699618155e-06,6.49102357626033e-07,1.00315375871007e-05,-7.77212962683592e-07,-5.14271385758927e-06,-0.00160988050667655,1.86699007568224e-05,4.44596278931532e-06,0.000418183923355715,-4.00061435809246e-06,-1.57868614183251e-06,-2.18289651195379e-05,-3.91342209031591e-05,-2.40769367201395e-06,-1.9071099588572e-06,5.68965643844074e-06,1.16398123643895e-06,6.4438169196801e-07,1.07669791061502e-06,-5.63664830431067e-08,-1.29210221295237e-07,-4.73558663269294e-06,3.53587907501583e-17,-5.25526325506809e-07,7.48255600879506e-06,-0.000135085255730362,-3.75689886975303e-06,-4.25040777732945e-06,7.16292405181886e-07,-8.13535810246922e-07,4.20490233011607e-06,-6.79602086505221e-08,4.41972686390695e-09,-1.00558749844752e-06,1.01404130300816e-05,-6.99485940122731e-06,3.29419097409455e-05,-2.03261016463132e-06,1.06163759587713e-07,-6.88332671346407e-09,3.25354119176866e-07,-3.02246808752978e-07,4.75348392662838e-06,1.05313292963589e-06,-2.04557347224381e-07,8.35015218210863e-05,-9.60349415815595e-07,0.000176422783019362,-4.20590763490194e-06,4.07660309099979e-07,-1.39375897843672e-07,2.41234388304525e-08,1.17045339470553e-05,-3.66364543759472e-06,1.79692996530195e-07,1.8403760116873e-06,-1.54825788112875e-07,1.86755058905377e-06,-2.20209420166793e-06,8.46957797305924e-05,-6.57082665641961e-06,5.11689743382739e-06,-3.72817060455782e-07,6.09380249885838e-06,-3.12006046653714e-07,1.20609809202078e-06,-1.53520540360321e-16,-2.96574767995615e-06,-1.01591685928702e-07,-1.33032860313272e-10,-1.15367684174215e-06,1.45285279925961e-07,-8.99974489116952e-08,-2.97025150037986e-07,3.39257970980966e-08,-1.43947196939418e-06,5.00274928953554e-06,1.83624533811203e-07,-3.95485493681608e-06,2.1388823196812e-06,-2.59122108999371e-06,8.29700733040441e-06,-1.31691314549366e-06,2.2081088840749e-06,7.83860636893106e-08,5.96016539077425e-08,3.5978913902192e-06,-3.37331798849896e-05,1.69997142521468e-07,-6.35873974908343e-06,0.000593252670111659,-0.0176488480000318,-1.36976342134998e-07,-7.96549744411638e-08,-7.5442058776696e-08,-4.40640260229996e-08,-1.19533038669045e-07,2.19054316036706e-07,-2.9522340563775e-05,3.25017704958736e-08,3.32258834460574e-07,-7.34396414078144e-07,6.0007259844018e-18,2.90084730025888e-09,1.76958954189226e-06,-1.64560725616418e-07,8.50446490080499e-07,1.08485368617896e-07,2.24575844954023e-07,5.38765781876284e-07,-0.000175872708799919,2.7283906192605e-06,2.56111401299607e-16,-2.19569320072243e-06,-2.02590546119083e-08,-7.57304881168041e-08,3.59723090159403e-07,5.81400256517128e-07,-3.96986458098134e-08,-1.54715862423475e-06,4.19010692602529e-07,-2.08797872687115e-06,3.08885007299212e-06,-5.89583745632102e-07,-2.26672276723513e-06,-0.483972100662774,-8.22514541909012e-10,-1.86661020381823e-07,2.75093318586128e-07,-6.05571979946827e-07,-2.23838380403667e-15,-2.43658231234384e-06,1.94986862275836e-07,5.6203602199298e-09,5.11075028534761e-08,-1.68022109990679e-06,-3.58691659904361e-06,1.83251963089616e-06,-6.66372174427495e-06,-3.29045747581722e-07,-9.37495640831357e-16,-6.04689566371668e-07,-2.38505010437231e-07,-7.6812458241029e-07,-7.9217385578256e-17,1.46032043819327e-06,2.11398444409297e-06,-3.23325329187597e-07,-1.2137547434074e-06,-4.13994294599456e-07,-2.3657622092882e-07,-0.000174478440083712,2.00351048914358e-07,1.6141346829927e-06,9.08345142788854e-08,4.51303020852236e-07,6.51509280328762e-07,-3.08812242729969e-17,-2.61823550032372e-07,8.6049053526267e-07,4.21618619500074e-06,-5.6615063891064e-07,-2.18995610022048e-16,-1.29017834220772e-05,1.0427861669418e-07,-2.54494612246286e-07,-1.71520795592346e-07,-5.78494706715577e-07,6.21521232132304e-07,-0.000190814625212325,1.18391334732761e-06,2.54109927412353e-16,4.56193634342199e-06,-8.77414937704922e-07,2.47374104983908e-06,5.87978023712535e-06,-1.39824979519659e-05,-4.02992725346794e-09,4.64905891561784e-16,1.78595184719053e-16,-4.03656109308586e-09,-5.34482420756072e-07,7.08238655734275e-08,-7.44228309753244e-07,1.92256700281028e-15,-3.95529888533863e-07,-4.99012650391363e-09,-2.33631073508009e-17,1.39127804787488e-16,-1.34018500254632e-16,1.47801323357476e-06,0.000107014436967127,-6.93280449485203e-06,8.97769583803844e-06,4.90007694047105e-06,0.158312391632225,3.26712371265485e-05,2.08191392020841e-14,2.73077135990081e-07,-4.92253092713865e-07,-1.05722179847981e-15,4.25162959537141e-16,5.32440120569372e-08,1.37115656693648e-11,-2.14205914843516e-09,6.21831107898996e-08,2.5358992058765e-08,-1.0215224688605e-08,-2.55119655136692e-16,-3.75230953606366e-08,1.69836078050739e-17,-1.55888104302471e-07,3.63207727782644e-16,-4.5469738822834e-08,2.37982020841717e-16,2.08722708965621e-07,5.60485350156931e-08,2.83903468816807e-08,3.84907163479665e-07,1.93024014777999e-07,-2.3256804444231e-08,1.53007054695673e-07,1.306296893535e-06,2.76907052981513e-07,2.60106223143787e-08,6.0418414442929e-08,-1.76263470295454e-07,-3.10180020439692e-07,-2.56414047891766e-08,-8.89425766620916e-08,3.22757876094105e-17,8.53417070936282e-07,-1.50277858924739e-07,8.18106715370835e-08,2.24743954420391e-16,1.45378978989941e-08,4.07183070324382e-07,0.000114919170072371,5.10939516748789e-17,-3.30906351431012e-07,-1.85269323902867e-07,2.33005603688385e-16,-5.66130399956146e-06,5.69887306481326e-07,-6.71978373786338e-17,-2.29903239209196e-16,-2.1135558266877e-08,-1.13579826682258e-07,-6.50101890664276e-10,-9.06699518319546e-07,2.43459213812833e-07,7.16772240023769e-08,6.91416709649771e-08,6.47388973268194e-07,-1.46843799278756e-06,7.11778726236734e-16,3.04025207231744e-09,2.0937040861998e-09,5.79130804049687e-09,5.43465883092e-07,3.96418970248647e-16,-1.20916525617656e-16,1.79434879111076e-07,-1.88082801930836e-16,4.23005499881601e-17,8.81041182800497e-07,-0.000101680770322771,-7.6582493638398e-08,-1.37731444663905e-08,8.62742768015281e-06,0.000137428897681709,4.12478712049598e-08,6.34109798604854e-17,1.03301046578566e-07,4.84273573900733e-09,2.22478563083962e-08,-2.2509812000503e-07,8.96817956913276e-07,2.02983915528436e-16,9.84931185090278e-17,5.0314020205468e-16,-7.94357133634218e-08,-3.83101415485619e-08,-2.2321494486292e-07,-1.21004140529268e-16,-2.95379999618522e-08,-3.37158944275878e-16,3.69658318894319e-17,9.77789030416644e-06,-1.05650217157966e-07,-2.94902990916057e-17,-2.68265378128746e-07,-1.38978134510883e-07,3.51929195643584e-16,3.16630058089403e-07,1.90816468098297e-17,1.13408694759155e-07,-1.90684480523335e-16,1.13938459011908e-07,2.22469989864045e-05,3.50198379716795e-08,3.31756724820428e-08,2.28830428001397e-07,-1.15504644446451e-07,3.23288299862226e-07,-1.01960044255925e-17,2.16519032201969e-06,-1.22472273902301e-07,9.95258050604204e-17,-1.61825007902552e-08,-7.54312598577439e-06,7.73897115342112e-08,1.31443297037539e-16,2.0088823759072e-05,3.35342753467845e-07,-8.48808513166845e-17,-8.4267174467255e-07,-1.86914156838938e-07,-9.83950697125745e-09,2.59149966501442e-16,-2.26771424750494e-16,1.43626379276081e-05,5.61887706140314e-08,4.55982672062632e-09,-7.96030472670372e-08,3.69074715523483e-08,-2.4906992211414e-16,-5.80672337939567e-17,1.36539069218555e-07,9.42798133593729e-10,3.10165830406405e-16,3.38835213911995e-07,-1.7771213875514e-17,1.80118773258416e-07,-6.95639122243147e-08,-4.07838607602336e-08,-2.7414785515344e-07,-5.31162509344303e-16,5.05504257287317e-17,2.27865508411234e-16,-1.02710625982776e-16,-2.62046325799217e-08,-9.27307749071846e-08,2.13049942775652e-16,4.16056715590836e-16,-4.74474860975118e-16,1.41971540152539e-07,1.33263562938673e-09,-8.5280927287735e-08,1.22107426485435e-17,-2.29498494860869e-16,1.07498645401938e-16,-0.051160403563789,-1.94700843480618e-06,-5.70231857239358e-17,-2.05981709424868e-08,3.38489461857529e-07,1.02221861146028e-16,1.8041321980826e-16,8.83248500330389e-08,6.60911459457535e-08,2.03664366501268e-08,1.23748852702906e-15,1.62084517528932e-08,1.39787590883669e-08,2.98477396675227e-08,-4.07229124940601e-08,-1.17556351428742e-07,2.12980278518757e-09,2.70678111085898e-16,-7.91131326935515e-16,4.71296498302343e-16,5.62656942286628e-08,-5.11026597108252e-08,-1.97406575712388e-08,-3.87310147504093e-07,3.00190629465652e-16,2.58650906850158e-16,-4.63039416911114e-16,-1.86610181279786e-16,6.60097840736964e-17,8.78306038680701e-08,1.01268174935868e-16,-7.16074404722846e-17,-1.45499689222655e-08,-2.80123643586705e-17,-1.30398806395243e-08,-5.74743023879271e-17,-1.61980484362564e-08,-3.52546964118269e-17,-2.03132873976521e-08,-2.56170148069028e-09,-2.36334517667861e-07,6.65185631702766e-16,8.42808273065287e-08,-1.71928025075476e-17,1.22938428686072e-07,-2.23820139750879e-07,2.80126605189409e-08,1.9056198656722e-16,1.8352996912978e-07,-1.45828378130267e-16,-4.64769565589922e-08,-2.04875365491457e-05,7.69551639690522e-17,1.37636017676715e-16,2.18825098363212e-16,1.23834218190942e-17,-8.95425580443775e-10,-1.1737495875613e-08,-2.64223598628398e-09,-2.7845562448115e-17,-4.06787123518693e-17,-2.93577111148667e-08,2.40166028594611e-07,4.29084923066904e-16,1.67602170401054e-16,-1.47538498320298e-08,2.94381440399848e-16,-1.1326527906109e-07,-4.90887506432388e-16,0.00805957607189924,5.6507658832645e-16,3.80963829770081e-16,1.78171402999659e-17,2.17198333866656e-16,1.50663959905233e-16,-9.00990017219431e-16,1.2004390822711e-08,-8.42419264393596e-08,1.66134961211054e-16,-1.34767931315536e-06,2.31635616119263e-07,3.08962992600926e-17,5.12487695117354e-17,-9.49403593127245e-17,2.47335651110991e-16,2.40950366172718e-08,3.88768951777284e-09,9.62490775171191e-17,-1.01489350892461e-16,-4.45748727982713e-08,-3.58457340305481e-06,-2.41560648231824e-09,-3.18614039535971e-16,-6.15765178933731e-17,-2.23870540136786e-17,-1.73982137004905e-16,-2.99810953674716e-17,-6.51066288495348e-16,9.85002253806788e-08,-9.34645695073214e-08,-1.80277128371279e-08,-1.36817006737658e-16,2.12675415711673e-16,-6.34059628743654e-16,8.55727513288887e-17,-8.27587444100556e-17,-9.56319195401703e-16,5.99859427711074e-17,-4.97258611360703e-17,-5.2864062393172e-17,-2.81831560743922e-16,-2.47120160158064e-16,7.12109171729499e-17,1.37881298408694e-16,-1.99835293519755e-16,1.03297667515777e-08,-2.30459589188361e-16,-8.2745063182534e-16,4.15870440739462e-17,1.469650950052e-07,-1.77215637255154e-09,-3.0107389858961e-16,-3.800105354603e-09,1.3539381656499e-07,1.5592308510662e-16,-2.65870327274912e-16,-5.91844861104713e-06,-1.10339726053182e-16,3.38940882484413e-09,-4.96276636690383e-17,-1.98282011222256e-16,6.24756006274079e-17,4.80801998313106e-16,3.37355200594943e-09,-1.04060191115344e-05,2.38675417731622e-16,1.80292083144445e-16,-5.05471124183295e-17,-2.4455242694814e-16,4.03323208164608e-16,-1.90823448019218e-16,1.41254851923867e-15,9.73728659076815e-17,5.933315872291e-09,-4.20494787482871e-16,-1.67619933640821e-16,1.1585382352837e-16,2.37491618888869e-16,-6.02702945016086e-17,-1.21711794243704e-16,-1.23469936820356e-07,1.80785894528754e-16,-1.30782908807148e-16,0.00237282657871282,-1.0668787135268e-15,-1.27101461083777e-16,3.0984211174443e-16,-1.14051692979362e-15,7.65122085032498e-08,1.25900820837465e-17,-5.70320976462356e-08,-6.36055863968122e-17,9.37886600922898e-17,7.90718217908778e-16,1.44527135383457e-15,-6.379066160901e-16,-1.07624708740073e-15,2.10579327911735e-09,2.73276991114438e-15,-1.04415160372623e-15,1.2103634688664e-08,-2.68097850090103e-07,1.20447549942075e-16,1.91239000039145e-07,2.81813061469289e-08,4.0080260575315e-17,1.07652586643067e-15,7.05961639335378e-17,-9.72949597468397e-16,-1.08501315213253e-17,-5.3924039364138e-08,-2.35070214305722e-16,-4.0608029440293e-16,3.10447705198678e-16,2.27896011692847e-08,5.61464091939461e-16,1.06120700967394e-15,1.25704605214255e-15,-9.88599682772907e-16,-1.14511579521428e-08,-3.33423873815552e-15,3.58329715769993e-09,5.4325647665282e-16,-1.50291806633691e-16,-1.1109363619785e-16,1.98536533449647e-15,8.18801381061309e-17,2.08231704149053e-15,-9.16619994362639e-16,-8.93728182901284e-08,2.20535700647531e-15,1.66472811058447e-15,4.49380328069344e-08,1.97955994970334e-15,-8.13462903658232e-15,1.10045822634328e-16,-2.11823494721785e-16,2.19074200391546e-14,-1.76066510421305e-14,-0.400617558734492,-4.14503444872716e-15,3.33432507517304e-15,-1.15457415572029e-07,3.49347278976069e-15,6.26240606703566e-16,-6.22833943941507e-16,4.91054327951426e-15,-3.20121769385214e-15,-6.19037449936785e-15,-1.36594442193299e-15,-2.90875719094796e-15,2.94132854063049e-15,1.77804817514658e-15,-1.11932933170957e-15,-7.38081698337889e-11,4.96410575089719e-09,1.26111198468647e-15,-1.40701278365127e-15,-6.28929940075648e-16,-9.80479712445964e-16,-9.72963029588492e-16,9.26602486263997e-16,-1.36081914462033e-16,-2.28335450321554e-15,-1.77750840870711e-09,-4.79166967830016e-16,4.77857491925696e-16,5.5218962227602e-15,-2.33274548887912e-15,6.89807258338886e-08,-1.61421937852138e-15,-5.80799049994631e-10,1.05633587614598e-15,2.45797924030538e-15,-5.65231981118649e-15,-6.99280134023778e-16,2.87074333090247e-15,3.877352911666e-16,-7.94923685186905e-15,-3.67675080108562e-15,6.44206672426366e-15,1.02361762604906e-15,7.334517217919e-15,-3.99413504705244e-15,-1.06792473558595e-14,-2.28010745876178e-15,-0.707106781186549,8.17652772754606e-14,-1.04932066141544e-14,3.72090638769338e-14,-2.06156699795373e-15,5.66792952955805e-15,5.94923416086246e-15,-2.82822043124594e-15,-7.22204355877603e-15,-4.0397950341969e-15,3.50834981820605e-16,3.54730162889587e-10,-3.13519858084527e-15,1.67889865119353e-15,1.31849828840772e-15,-2.19461854471325e-15,2.03204246659583e-15,1.00026348813415e-15,2.24941896431082e-15,-5.55691004917001e-16,1.00034337743644e-15,1.02851090975598e-15,-7.58345209544986e-16,-1.20543535158298e-15,-2.09988388110984e-15,1.47268421040456e-15,-1.32912071797706e-15,1.09196026936877e-16,-6.33220018675061e-16,-4.88943999073648e-09,-9.49670667963447e-16,-6.38717584960691e-16,6.83309403974617e-16,1.10433960268153e-15,-1.47125762965652e-15,7.73243895537246e-16,-4.1105574006598e-16,-2.82358774567219e-16,1.31738186172909e-15,1.0825755172542e-09,1.55499921885068e-16,-3.98614084019012e-18,-1.4446659927789e-16,9.54878060619667e-16,-1.01195611775013e-16,2.71466887503484e-16,3.65727483196618e-16,8.24468054831587e-16,7.47909491001543e-17,-4.31353794779342e-16,-4.40990643400014e-17,-1.03550567473946e-16,-2.48196604404927e-16,5.63024751416743e-09,-3.44118734300808e-16,6.14630588581782e-18,-1.20787207295193e-16,-1.44632569809566e-16,-3.82859813192167e-07,-1.70294072979487e-17,1.58056994011107e-16,-7.19436147871774e-17,-4.69598085474661e-16,3.62585788656626e-16,2.98414239776601e-16,9.66820030338887e-17,6.60567606825464e-17,4.36864894712919e-17,8.88150977903234e-17,6.41179062323485e-18,1.45565775461535e-16,9.89091873765236e-18,-2.14283134866163e-16,4.06982331454455e-17,2.1398083974404e-16,-1.41292800885833e-16
"t802",-0.00485693668273044,0.0494662330284708,0.0635759199067232,0.0150026008847888,0.0300172238362774,-0.00484170150846048,0.0014797699540455,5.03620807346662e-05,0.000406395596591675,-0.000975849299142059,-0.000218771523574564,-0.00108799456255776,0.00682978673899007,0.0458957328523939,-0.00112999776992769,0.00194652987270975,0.137636504807522,0.00177139499443557,-0.00111338564454682,0.000413116763778686,-0.000949093817824942,0.000143910677161015,-0.000253469408641211,0.000395240303022302,-5.74962731128617e-05,-0.000396451901119748,0.00181265349336164,-0.215077704431482,-0.00918206830257644,0.0188081934584379,-7.13450582688917e-05,0.00107295600697779,0.000407254785672443,2.29241204537394e-05,-1.2144147991706e-05,-2.60538519249246e-05,-9.22087245653378e-05,9.51468669759489e-06,8.33827048987082e-05,2.94127362073053e-05,0.0230547312825819,0.000114337095642193,-3.63397089292377e-05,4.18975176169833e-05,-6.47238377450435e-05,-5.78963307086376e-06,1.44956731363318e-06,-2.33564420301027e-05,2.86341431883815e-05,-6.16227218238723e-05,5.48593469417153e-05,-0.00235836920817387,3.90812533954295e-09,-1.38584944818511e-05,7.49536235628038e-06,-7.94807919222467e-05,4.74288253264296e-06,-0.00687874763456512,-0.000447385483440498,-5.16998014646551e-06,-5.57681111442341e-06,7.05004873365965e-06,-0.000197767464048951,0.000308242785401731,-8.85241341237329e-06,2.66733124815156e-05,-1.489018120612e-06,7.45131074583414e-05,-0.00388706594204918,2.28712028191737e-05,-3.70505589042324e-06,9.57344000698866e-06,-3.13089295496437e-06,-2.04121804397332e-05,8.53597984493201e-06,7.86128894320564e-08,-7.20927796045724e-05,0.000300558890169182,-3.44247271312181e-05,-3.98988290332899e-05,0.000287919461230946,0.000167966410345077,-2.01666459530974e-05,-9.38831088826854e-05,5.80194443986548e-06,0.000163481572345548,-2.40386829969869e-05,-3.7886424366339e-06,-8.42743515199605e-07,3.19702729335613e-05,-6.9881606211404e-06,1.70449981852852e-07,1.13228079679881e-05,-0.000103424521852825,-6.16329679896339e-07,-2.86458775594693e-05,-3.37866867407184e-06,3.14923976283653e-05,-0.00326212263339087,-1.54186351553529e-05,-4.94902901232921e-06,3.23038593142913e-07,-6.95947776359359e-06,2.89428041850759e-06,-1.26094079058622e-06,1.99022917305534e-06,-6.74960197899371e-05,2.30988480095423e-06,-1.05118707619574e-05,3.62096247043166e-07,0.000297893524420494,1.93152144229399e-05,-5.94475941249612e-06,5.44112088247347e-06,-1.98217833254109e-07,5.74523066787777e-06,-1.12051102711709e-05,1.19491425624162e-05,-1.25323121220721e-05,0.000712064875267104,-1.45420788312093e-05,0.00224219611029343,-1.91565449869152e-05,-5.29413649414753e-05,2.45997781147611e-06,-2.73780454718494e-05,2.79599513969536e-06,-6.00537013995994e-06,2.68363944219701e-05,0.000373263978019466,1.60308401384732e-06,3.42973068849657e-05,-4.55334393542309e-06,-8.26279075897972e-06,3.607634574857e-07,1.36618546393937e-05,-8.22775560267432e-08,-0.0012455892961851,1.24975941942763e-05,-3.59793687829745e-05,-2.26940126235412e-06,-6.76045316756689e-05,1.84230786968191e-05,1.16219752969697e-06,4.42495071206358e-07,-2.29468183463839e-07,-0.000277070298809462,1.51733224137449e-06,9.84441601865418e-08,-2.36226074170295e-07,-5.00911892764295e-06,-1.09624129892176e-06,-3.17233902939108e-06,8.72988497632691e-06,-6.13416031557632e-05,-2.10626065318395e-07,3.14729712244304e-06,-2.35695679308494e-05,-7.84952561882658e-07,-2.58397175550748e-07,-1.71506676316795e-05,5.84935162858209e-05,-1.19003099617171e-06,-2.36139394295815e-05,1.49097029203186e-05,-9.67861104854401e-06,1.0619028107398e-05,1.82183610265942e-07,9.06956073975161e-06,0.000245852304181786,-1.94093464838414e-05,-3.41951371432094e-06,4.01710105444609e-07,1.0381481739734e-06,2.57836948403542e-06,4.1252559985707e-07,2.31321427550943e-07,-9.65735339100379e-06,-1.48623295855742e-05,-0.000131255592406971,0.00246409838273654,-2.12414927035624e-05,-0.000126730941423685,8.06247079720842e-10,-0.000282608566520142,-5.8867599945895e-08,-9.56900536345897e-06,3.04287835175066e-06,1.370458492958e-05,-1.7765501689565e-05,-4.14314543642914e-07,7.82003864469759e-07,3.12712472987999e-06,5.59274000718101e-09,1.50952159870443e-05,-7.67862305121882e-07,-1.41630077537421e-06,-1.007692171633e-06,8.43900433804681e-07,3.61735905068051e-07,3.61477424368367e-07,0.000117432658331614,-9.22402879383301e-09,-1.60915296348075e-06,-2.43754504267825e-06,-1.20961912726294e-05,1.55917243575017e-06,8.15203551210539e-06,-1.14672862604535e-05,-7.04604427009535e-08,-4.58201676766082e-05,1.47638265878479e-05,-3.86416998844928e-05,-4.7763789871855e-06,-3.86451646392041e-07,-2.50552699615329e-06,6.49102357658782e-07,1.00315375870726e-05,-7.7721296267971e-07,-5.14271385760166e-06,-0.00160988050667646,1.86699007568132e-05,4.44596278932052e-06,0.000418183923355704,-4.00061435810062e-06,-1.57868614187331e-06,-2.18289651195691e-05,-3.91342209031721e-05,-2.40769367198982e-06,-1.90710995886646e-06,5.68965643844772e-06,1.16398123641219e-06,6.44381691962619e-07,1.0766979105858e-06,-5.63664830772677e-08,-1.29210221289784e-07,-4.73558663270606e-06,5.17762866236674e-17,-5.25526325497412e-07,7.48255600880937e-06,-0.0001350852557304,-3.75689886977199e-06,-4.25040777734874e-06,7.1629240512864e-07,-8.13535810193859e-07,4.20490233010328e-06,-6.79602087574607e-08,4.41972689775249e-09,-1.00558749843724e-06,1.01404130301404e-05,-6.99485940118281e-06,3.29419097409286e-05,-2.03261016462595e-06,1.06163759663823e-07,-6.88332657463198e-09,3.25354119178356e-07,-3.02246808679308e-07,4.75348392666088e-06,1.0531329296417e-06,-2.04557347257869e-07,8.35015218211259e-05,-9.60349415813362e-07,0.000176422783019366,-4.20590763490717e-06,4.07660309124513e-07,-1.39375897849283e-07,2.41234387858102e-08,1.17045339470661e-05,-3.66364543757048e-06,1.79692996495902e-07,1.84037601174682e-06,-1.54825788008132e-07,1.86755058904058e-06,-2.20209420177705e-06,8.46957797306259e-05,-6.57082665645813e-06,5.11689743381597e-06,-3.7281706038587e-07,6.09380249886842e-06,-3.12006046676902e-07,1.20609809201763e-06,-2.14764574030438e-16,-2.96574767996344e-06,-1.01591685935949e-07,-1.33032834060136e-10,-1.15367684169372e-06,1.45285279856402e-07,-8.99974489216052e-08,-2.97025150060617e-07,3.39257971224904e-08,-1.43947196943077e-06,5.00274928950474e-06,1.83624533866412e-07,-3.95485493679933e-06,2.13888231973421e-06,-2.59122108996619e-06,8.29700733039855e-06,-1.31691314551622e-06,2.20810888402416e-06,7.83860637302651e-08,5.96016537968584e-08,3.59789139018356e-06,-3.37331798849707e-05,1.69997142559495e-07,-6.35873974911948e-06,0.000593252670111716,-0.0176488480000318,-1.36976342195473e-07,-7.96549744172273e-08,-7.54420587200877e-08,-4.40640260122373e-08,-1.19533038708033e-07,2.19054316048229e-07,-2.95223405637519e-05,3.25017705413014e-08,3.3225883442905e-07,-7.34396414083111e-07,8.00175963403368e-17,2.90084738964827e-09,1.76958954186217e-06,-1.64560725637018e-07,8.50446490102074e-07,1.08485368585941e-07,2.24575845096466e-07,5.38765781840711e-07,-0.000175872708799961,2.72839061920176e-06,3.03537076302024e-16,-2.19569320081598e-06,-2.02590544938649e-08,-7.57304881568637e-08,3.59723090099688e-07,5.81400256547685e-07,-3.9698645631928e-08,-1.54715862420123e-06,4.19010692655753e-07,-2.08797872687431e-06,3.08885007302642e-06,-5.8958374558119e-07,-2.26672276726251e-06,-0.483972100662773,-8.22514679765319e-10,-1.86661020487458e-07,2.75093318603715e-07,-6.05571979830942e-07,-2.12948208225123e-15,-2.43658231233971e-06,1.94986862338069e-07,5.62036019667693e-09,5.11075027950745e-08,-1.68022110000481e-06,-3.58691659905735e-06,1.83251963089514e-06,-6.66372174426466e-06,-3.29045747456368e-07,-1.19183128067861e-15,-6.04689566311344e-07,-2.38505010397468e-07,-7.68124582480452e-07,-1.02727931277855e-16,1.46032043813872e-06,2.11398444408315e-06,-3.23325328937911e-07,-1.21375474354531e-06,-4.13994294189395e-07,-2.36576221680251e-07,-0.000174478440083746,2.00351048877441e-07,1.61413468309157e-06,9.08345142497251e-08,4.5130302087235e-07,6.51509280326546e-07,5.04177161505611e-17,-2.61823549833197e-07,8.6049053534267e-07,4.21618619499807e-06,-5.6615063888463e-07,-1.33075445529101e-16,-1.29017834220695e-05,1.04278616510571e-07,-2.54494612227998e-07,-1.71520795388665e-07,-5.78494706841134e-07,6.2152123218539e-07,-0.00019081462521235,1.183913347229e-06,4.9823269789602e-16,4.56193634346591e-06,-8.77414937673642e-07,2.47374104983604e-06,5.87978023714055e-06,-1.39824979518795e-05,-4.02992744183227e-09,2.32452945780892e-16,5.40154403129307e-17,-4.03656107233248e-09,-5.34482420595915e-07,7.08238654967238e-08,-7.44228309829656e-07,2.17772751334245e-15,-3.95529888533356e-07,-4.99012638159911e-09,1.24189914086985e-16,1.14816641569556e-17,-1.61816120252749e-17,1.47801323368479e-06,0.000107014436967204,-6.93280449480217e-06,8.97769583800724e-06,4.90007694061228e-06,0.158312391632224,3.26712371263731e-05,2.09038621554946e-14,2.73077135965952e-07,-4.92253092697211e-07,-8.44283163329814e-16,1.13030068534138e-17,5.32440120494118e-08,1.37112272434445e-11,-2.14205905977834e-09,6.21831108752897e-08,2.53589920041133e-08,-1.02152245282406e-08,2.08441148104845e-16,-3.75230950310301e-08,1.89821101865832e-16,-1.55888104547742e-07,3.403310619432e-16,-4.54697388855429e-08,3.9673259426446e-16,2.08722708811378e-07,5.60485350804286e-08,2.839034675295e-08,3.84907163174256e-07,1.93024014869453e-07,-2.32568046043672e-08,1.53007054603678e-07,1.30629689353078e-06,2.76907053126771e-07,2.60106221518022e-08,6.04184143953186e-08,-1.76263470319046e-07,-3.10180020508141e-07,-2.56414046093968e-08,-8.89425765556892e-08,2.09205806773813e-17,8.5341707098317e-07,-1.50277858965744e-07,8.1810671507008e-08,7.23099653939753e-17,1.45378975081737e-08,4.07183070376131e-07,0.000114919170072315,1.9029734780919e-16,-3.30906351348771e-07,-1.85269323795872e-07,2.92630613657802e-16,-5.66130399964276e-06,5.6988730648095e-07,9.26267899453641e-17,-3.30396044623571e-16,-2.11355579823069e-08,-1.13579827171697e-07,-6.50102010387279e-10,-9.06699518220565e-07,2.43459213602358e-07,7.16772242721444e-08,6.91416707233004e-08,6.47388973273148e-07,-1.46843799287139e-06,6.64778562059487e-16,3.04025174592008e-09,2.09370462476584e-09,5.79130829196964e-09,5.43465883295357e-07,-1.08428858815025e-17,-2.39338016913731e-16,1.79434879242687e-07,-3.40419475545795e-17,1.34239945302467e-16,8.81041182776378e-07,-0.000101680770322608,-7.65824937673078e-08,-1.37731446561877e-08,8.62742768013693e-06,0.000137428897681688,4.12478713534578e-08,-7.8087157082155e-17,1.0330104672488e-07,4.84273603372779e-09,2.22478562264759e-08,-2.25098120060136e-07,8.9681795689311e-07,-8.24911339915896e-17,1.70225676298835e-16,1.74115951526337e-16,-7.94357133885861e-08,-3.83101415518497e-08,-2.23214945031969e-07,-2.64450909603666e-16,-2.95379999462091e-08,2.03855398695545e-16,-1.07825129707272e-16,9.7778903041383e-06,-1.0565021704084e-07,-7.13405029495462e-17,-2.68265378314506e-07,-1.389781344233e-07,5.95542118141864e-16,3.16630057929069e-07,-2.00590755661825e-16,1.13408694711842e-07,4.07705823957376e-16,1.13938459030199e-07,2.22469989862504e-05,3.50198381813465e-08,3.3175672933489e-08,2.28830428614321e-07,-1.15504644402812e-07,3.23288299943514e-07,-3.98409986573414e-17,2.16519032204862e-06,-1.22472274175887e-07,2.3904678615735e-16,-1.61825001211475e-08,-7.54312598521812e-06,7.7389711702798e-08,-3.34601566324725e-16,2.0088823759062e-05,3.35342753470562e-07,-7.97530670308982e-17,-8.42671744675256e-07,-1.86914157016985e-07,-9.83950687519045e-09,-5.85047970291853e-16,1.36935820893839e-16,1.43626379274492e-05,5.61887706970082e-08,4.55982722337892e-09,-7.96030472764727e-08,3.69074720305534e-08,1.41495287054499e-16,-7.47761157160008e-17,1.36539069422875e-07,9.42798236236427e-10,3.40539524069464e-17,3.38835213790739e-07,-4.62308049726418e-17,1.80118773309912e-07,-6.95639119508516e-08,-4.07838605049705e-08,-2.74147855093557e-07,-4.14246995129909e-16,-2.62790358627174e-17,2.10388780473911e-16,-1.83492481491068e-17,-2.62046329116229e-08,-9.27307749796708e-08,3.9001576356214e-16,3.32650167121502e-16,-2.29455240696831e-16,1.41971540298223e-07,1.33263584354885e-09,-8.52809274635912e-08,6.88516777609815e-17,-2.71633301789087e-16,7.66530935947252e-16,-0.0511604035637886,-1.94700843432269e-06,-5.65509217821501e-17,-2.05981707127498e-08,3.38489461803679e-07,-2.82234338579113e-16,4.97463451446072e-16,8.83248498101038e-08,6.60911459846877e-08,2.03664372072366e-08,1.13288942421156e-15,1.62084518056094e-08,1.39787592145464e-08,2.98477393566283e-08,-4.07229126409402e-08,-1.17556351369792e-07,2.12980285377819e-09,-2.70556642665595e-16,-1.94141572526163e-17,4.29323728774462e-16,5.6265694103383e-08,-5.11026591751421e-08,-1.97406588262293e-08,-3.87310147295063e-07,2.78526835397337e-16,-4.54717623427616e-17,-4.58948359858984e-18,-1.1406996757614e-18,-8.20421997888102e-17,8.78306038641049e-08,-1.92607175555409e-17,1.4063741694813e-16,-1.45499686874962e-08,-5.59254259358709e-17,-1.30398812012246e-08,-1.04773389768327e-16,-1.61980478233567e-08,-8.92930369418898e-17,-2.0313287708092e-08,-2.56170205750044e-09,-2.36334517547738e-07,8.41694546503566e-16,8.42808271988818e-08,2.3502396666898e-17,1.22938428681413e-07,-2.23820139841654e-07,2.80126603171825e-08,-1.14312076585901e-16,1.83529969115858e-07,1.75355102311262e-16,-4.64769563885922e-08,-2.04875365490635e-05,-6.18321094582787e-18,2.62420039670783e-17,-5.42768086769123e-16,-4.06963154688575e-17,-8.95425592272956e-10,-1.17374957654782e-08,-2.64223685322119e-09,1.30790451867036e-16,-6.20546953093691e-17,-2.93577111482405e-08,2.40166029386295e-07,-3.20958341669592e-17,-5.08849316310267e-18,-1.47538507066031e-08,-2.39418477259071e-16,-1.132652789585e-07,-6.08122230525232e-17,0.0080595760718994,8.01837998690548e-16,3.60711933295013e-16,1.88614139413004e-16,7.86511252061178e-17,-9.38257094499428e-17,1.18870685559697e-16,1.20043906992228e-08,-8.42419258661831e-08,1.62301915291144e-16,-1.3476793131317e-06,2.31635616114224e-07,2.47289504033625e-16,3.21546278096396e-16,-8.75865778460832e-17,-6.34622176386541e-16,2.40950363913543e-08,3.88768924864674e-09,3.80220589992022e-16,9.10916883318103e-17,-4.45748736749128e-08,-3.58457340275898e-06,-2.41560623984133e-09,5.86555604690379e-17,1.45199771665453e-16,2.64965032464762e-17,2.55217212720005e-16,-4.76023739069675e-16,-1.83177366580642e-16,9.85002253801985e-08,-9.34645695930921e-08,-1.80277127813454e-08,4.27723040935518e-17,-2.39554098905071e-16,3.31753990736977e-16,-1.8081661055831e-17,1.07936886932468e-16,-6.7917314437841e-17,6.52751071388263e-17,6.88354236413245e-17,3.3702417196498e-17,4.0498460067885e-16,7.14978632828024e-17,-1.2516620711347e-16,4.09454311907922e-16,3.33760055965795e-17,1.03297669741745e-08,1.25825204504528e-17,-9.72191610836998e-16,-1.32581526791318e-16,1.46965095169886e-07,-1.77215606376887e-09,-6.97949184472825e-17,-3.80010523172263e-09,1.35393816477351e-07,-3.84845207667434e-16,7.96747251105721e-16,-5.91844861118301e-06,5.21802712612993e-16,3.38940820795538e-09,3.54429935848513e-17,4.73887872980232e-17,-5.45813910430611e-17,3.80757241711792e-17,3.37355228091705e-09,-1.04060191114889e-05,-2.3205643118338e-16,-3.35543860992205e-16,1.20717831628085e-16,1.60821447982603e-16,-2.10660482113934e-16,3.09561895416688e-16,-5.80201133535886e-16,-4.61304003021833e-16,5.93331590801109e-09,2.43784866525295e-16,-1.02780784960045e-17,1.03232684976146e-16,-4.41802654211952e-16,-1.03606013222699e-16,-1.38649124213258e-17,-1.23469936707824e-07,-5.32014050643749e-17,-4.12533539352625e-17,0.00237282657871302,-1.11634550027616e-15,6.66740433439078e-16,-4.37525660792791e-16,-2.82241882825874e-16,7.65122083966042e-08,1.59464862384967e-16,-5.70320972294681e-08,1.52375252161474e-17,3.10853246510609e-16,1.60638797165769e-15,6.73777651849354e-16,9.73854826742475e-17,-2.19195339278053e-16,2.10579339436023e-09,3.69409157406935e-15,5.87435297997714e-16,1.21036341041369e-08,-2.68097850143759e-07,-1.05257827707117e-16,1.91239000109114e-07,2.81813064178565e-08,-3.11020560825759e-16,1.69505982630557e-16,4.12335986675386e-16,1.81881584097679e-16,-2.18910572859586e-16,-5.39240395569011e-08,-3.14711401758009e-16,-3.96588866712472e-16,-5.81048116401989e-16,2.27896011445371e-08,6.27879020722866e-16,-6.27676548844205e-16,1.84504950000345e-16,-5.44148648025671e-16,-1.14511577974087e-08,-2.92672299541965e-15,3.58329684750085e-09,-1.91289093725761e-16,-3.72064509311571e-16,-2.863991494743e-15,-2.89087435573963e-17,-1.39917808373185e-15,2.28942153135007e-15,-5.37656037654333e-16,-8.9372818644008e-08,1.91461350327058e-15,2.08992477021692e-15,4.49380324048195e-08,2.56811705423752e-15,-5.47815558553507e-15,-7.49908274648702e-16,-2.94292839344025e-16,2.28977170230871e-14,-1.96589132963349e-14,-0.400617558734495,-6.53881452330707e-15,2.8570087938018e-15,-1.15457415799567e-07,2.12531043702527e-15,7.45740914799014e-16,-5.41111542687929e-16,6.09997991289957e-15,-3.82902756758447e-15,-7.1552218566276e-15,9.01815810185439e-16,-2.6267455354126e-15,1.91230748903903e-15,-1.29089212952946e-15,2.4767370071791e-15,-7.3806908068013e-11,4.96410596707363e-09,-7.22678191335877e-16,4.82773480353156e-16,4.40862676687487e-16,1.09382691633071e-16,1.24124885717003e-15,-3.41270329224199e-16,1.48677937000893e-15,1.19719456957459e-15,-1.77750903608192e-09,-3.91484701415928e-16,-1.50368199818517e-15,-5.14906791506372e-15,1.94013063280312e-15,6.89807259506788e-08,2.02639668025987e-15,-5.80803394314892e-10,-1.17316273371441e-15,-2.09026150072942e-15,5.63651014353881e-15,1.13422527048925e-16,-2.56904265392016e-15,-9.91876500933936e-16,7.62429231359022e-15,4.22500249891447e-15,-8.38882436003435e-15,-1.35077002146703e-15,-7.00851646130883e-15,4.42770800211277e-15,1.16147128489618e-14,2.50422513769841e-15,0.707106781186547,-8.18629871818979e-14,1.04387740420846e-14,-3.43842458047302e-14,1.56810510757947e-15,-5.37038211259043e-15,-6.62702314899177e-15,2.69774859293715e-15,7.51302375385566e-15,3.23438526887507e-15,-5.5223291528941e-16,3.54732821275777e-10,4.08708027796833e-15,1.78101958325838e-16,-1.2635902748058e-15,2.12934660726253e-15,-2.13869982327815e-15,-1.03408198175765e-15,-3.06383556856835e-15,9.95435845956713e-16,-1.00958283461958e-15,-1.17735077021656e-15,-1.72545354740206e-15,8.9725606393412e-16,2.0458712866041e-15,-1.44310031682272e-15,1.3335620044167e-15,5.7763198939096e-17,4.70861187882575e-16,-4.88943962343527e-09,9.44688162123629e-16,4.88797406938444e-16,-3.1033023193007e-16,-9.05567840789786e-16,9.06101486687583e-16,3.57755381804151e-16,5.57501297563229e-16,-5.14523910702611e-16,-1.20709070907489e-15,1.08257600076608e-09,-5.70150662928849e-16,-5.01607849249544e-17,3.2312556034222e-16,-6.68943569747561e-16,1.94628590406683e-16,-1.45217667058156e-16,-4.75238118679698e-16,3.75816095864939e-16,-2.0702202776663e-17,-5.37154191931207e-17,5.30919861115562e-17,1.90709746299429e-17,2.61252799130545e-17,5.63024766970957e-09,1.16756615991111e-16,-4.34766451766325e-17,-6.98189415863675e-16,-1.27827436136041e-16,-3.82859813065918e-07,-3.57452477494352e-16,-2.49456921253853e-17,8.22484532903333e-17,-1.45606403338587e-16,-2.48116027156427e-16,-9.29309569545595e-17,7.0474287161949e-17,-1.09304979613485e-16,1.36565041727768e-17,-4.49646365155121e-17,-2.66087683069259e-17,4.63900546276307e-17,-4.56728477978817e-17,-1.30124771610327e-16,-6.43314159676462e-17,1.6425211581181e-16,-1.00145997180262e-16
"t717",-0.00485675116059848,0.0494622550537249,0.0635706422241117,0.0150009328380287,0.0300131400470645,-0.00484092915207854,0.00147952928236733,5.0353241167557e-05,0.000406311419938399,-0.00097560448549912,-0.000218702015779522,-0.00108756948407751,0.00682704114699162,0.0458770064301496,-0.00112951683925104,0.00194565312283823,0.13757304883975,0.00177056369710336,-0.00111285120205099,0.000412901566679077,-0.000948559658217575,0.00014381321589081,-0.000253288304345537,0.000394956319880591,-5.74548019863557e-05,-0.00039615257264382,0.00181126903117348,-0.214911987136462,-0.0091748074765423,0.0187906920770656,-7.1274369935582e-05,0.00107184577511435,0.0004068037701825,2.28975627111329e-05,-1.21293814400696e-05,-2.60197204186887e-05,-9.20864442436383e-05,9.50187497557842e-06,8.3269689634626e-05,2.9372296975017e-05,0.0230221533057773,0.000114171747979809,-3.62864003168355e-05,4.18359836125324e-05,-6.46271791582555e-05,-5.78045543460105e-06,1.44722853652697e-06,-2.3318446945225e-05,2.85864915321436e-05,-6.15176674375822e-05,5.4762835999336e-05,-0.0023541601667878,3.90113579594986e-09,-1.3833267709768e-05,7.48124879738596e-06,-7.93303759260719e-05,4.73308949375761e-06,-0.00686421827230734,-0.000446437978564156,-5.15842621533683e-06,-5.56385210460937e-06,7.03335487368268e-06,-0.000197292074351808,0.000307499050407017,-8.83045966371999e-06,2.66055505694576e-05,-1.48503620730288e-06,7.43093560074837e-05,-0.00387632850967985,2.28068725198759e-05,-3.69364808263168e-06,9.54201960774725e-06,-3.12051929437123e-06,-2.03432293862583e-05,8.50707666607939e-06,7.8344505382243e-08,-7.18458528609329e-05,0.000299513005555001,-3.43006764656939e-05,-3.97530565627741e-05,0.000286842929523757,0.000167335271773712,-2.00881381240494e-05,-9.35137926082396e-05,5.77810544935186e-06,0.000162802051310829,-2.39376037525799e-05,-3.77268208899008e-06,-8.39191582388445e-07,3.18353628530714e-05,-6.9585429356498e-06,1.69697950758337e-07,1.12726708833392e-05,-0.000102955464784504,-6.13420713876583e-07,-2.85098777550403e-05,-3.36262364547172e-06,3.13406200859838e-05,-0.00324631535562456,-1.53423956088643e-05,-4.92415907782679e-06,3.21412939789967e-07,-6.92439886869056e-06,2.87864259869358e-06,-1.25409365852234e-06,1.97937974082537e-06,-6.71255340049922e-05,2.29718155675892e-06,-1.04538648215598e-05,3.60087941519169e-07,0.000296238572175007,1.92068548478249e-05,-5.91137023608716e-06,5.40978118859996e-06,-1.97070092631664e-07,5.71158024032714e-06,-1.11391450923052e-05,1.18778145281667e-05,-1.2456512504978e-05,0.000707715627011314,-1.44527647153442e-05,0.0022281633963419,-1.90352103899555e-05,-5.2605889800138e-05,2.44436293933658e-06,-2.7202143298027e-05,2.77801307061419e-06,-5.9663480527781e-06,2.66569210804361e-05,0.000370766916619455,1.59233499513542e-06,3.4062978124864e-05,-4.52212092751595e-06,-8.20598261944129e-06,3.58256535747451e-07,1.35667795818489e-05,-8.16921629848408e-08,-0.00123657116212508,1.24049787622152e-05,-3.57125646167881e-05,-2.2525063499714e-06,-6.71002337354729e-05,1.8285210528264e-05,1.15348966417337e-06,4.39179584469913e-07,-2.27733826249513e-07,-0.000274940057787179,1.50546553307065e-06,9.76710053837353e-08,-2.3435365391218e-07,-4.96938574571457e-06,-1.08751536114296e-06,-3.1470359242293e-06,8.6600921002032e-06,-6.08407664779532e-05,-2.08900641906695e-07,3.12145428619189e-06,-2.33657614829191e-05,-7.78082022459685e-07,-2.56131280712853e-07,-1.69987357142972e-05,5.79742675386317e-05,-1.17933024847277e-06,-2.34012732889622e-05,1.47737550973792e-05,-9.58931301138756e-06,1.0517727187931e-05,1.80443646378048e-07,8.98291521814352e-06,0.000243493066320862,-1.92221208949657e-05,-3.38650392371614e-06,3.97792518005034e-07,1.02799164060436e-06,2.55297157728971e-06,4.08455269884543e-07,2.29037059482083e-07,-9.56047818893578e-06,-1.47108486180019e-05,-0.000129914158997054,0.00243885011839642,-2.10221824555139e-05,-0.000125418676550494,7.97874919014306e-10,-0.00027966603535884,-5.82491717654799e-08,-9.46825748117735e-06,3.01023249706904e-06,1.35574630374083e-05,-1.75735953867194e-05,-4.09762648565122e-07,7.73292578867409e-07,3.09212413279699e-06,5.5297021923416e-09,1.49241856123328e-05,-7.59028057543533e-07,-1.3999525536903e-06,-9.95979611543857e-07,8.34057750056474e-07,3.57404925005081e-07,3.57144276541886e-07,0.00011600957631933,-9.11106256690428e-09,-1.58894908485289e-06,-2.40693674239691e-06,-1.19439550005677e-05,1.53941387787013e-06,8.04823685485135e-06,-1.13194375898657e-05,-6.95380259691929e-08,-4.5213025213688e-05,1.45674720321318e-05,-3.81192098504479e-05,-4.71120798835561e-06,-3.81177477756067e-07,-2.47109233663835e-06,6.40023748349595e-07,9.89076451502113e-06,-7.66112957939075e-07,-5.06838204769292e-06,-0.00158651584025523,1.83943629503206e-05,4.38008817809564e-06,0.00041196108234397,-3.9403030794598e-06,-1.55482452557508e-06,-2.14988128184984e-05,-3.85339969060452e-05,-2.37045405354156e-06,-1.87733839009503e-06,5.60046465197368e-06,1.14565579683719e-06,6.34195872873771e-07,1.05965909496502e-06,-5.54651318018319e-08,-1.27130673904425e-07,-4.65883994122026e-06,3.56522560451801e-18,-5.16924923912609e-07,7.35984678545661e-06,-0.000132839905378242,-3.69380884813107e-06,-4.17842982382982e-06,7.04156375323813e-07,-7.99538763187525e-07,4.13237064628731e-06,-6.67865601377603e-08,4.34297028779637e-09,-9.88057568596232e-07,9.96242281269524e-06,-6.87170930823894e-06,3.23612174654157e-05,-1.99653543853364e-06,1.04226068952835e-07,-6.75646261112444e-09,3.1930916147639e-07,-2.96533155343128e-07,4.66351456788726e-06,1.03296124714084e-06,-2.00613223462873e-07,8.18763317926765e-05,-9.41602150395175e-07,0.000172968000973365,-4.12318923828171e-06,3.99591553653046e-07,-1.36615254358954e-07,2.36379116999644e-08,1.14688735193148e-05,-3.58985100925649e-06,1.76057948718996e-07,1.80308712066371e-06,-1.51672831094507e-07,1.82948297986196e-06,-2.15583700761065e-06,8.29108389801486e-05,-6.43199004985347e-06,5.00814037618309e-06,-3.64855629032646e-07,5.96228874413469e-06,-3.05251869614233e-07,1.17992594521554e-06,-3.42880204322156e-17,-2.90085795703148e-06,-9.93664803026722e-08,-1.30108671062109e-10,-1.12810709501426e-06,1.42042347194122e-07,-8.79818714637047e-08,-2.90361995492135e-07,3.31485101656367e-08,-1.40644715421353e-06,4.88793285806601e-06,1.79384307902789e-07,-3.86194044100476e-06,2.08848268082494e-06,-2.53003699353672e-06,8.09976787179599e-06,-1.28479795408701e-06,2.15368831798927e-06,7.6452991950071e-08,5.8131554028742e-08,3.50682765723211e-06,-3.28540028995616e-05,1.65550141794081e-07,-6.19149930319317e-06,0.000577547403384617,-0.0171806922857525,-1.33282058285164e-07,-7.75039879282024e-08,-7.34001907098225e-08,-4.28695593400298e-08,-1.16276217073595e-07,2.13052246379633e-07,-2.87092237653548e-05,3.16045677596338e-08,3.23051756050307e-07,-7.13879836799409e-07,2.0437129085875e-18,2.8157751095624e-09,1.71744609616172e-06,-1.59677248207936e-07,8.2520350329876e-07,1.05264590927454e-07,2.178969631342e-07,5.22690649248166e-07,-0.000170604901231552,2.64602842424531e-06,4.86846583318473e-16,-2.1282256704159e-06,-1.96351875216957e-08,-7.33874838131202e-08,3.48587526008984e-07,5.63194613932828e-07,-3.84476963514813e-08,-1.49797288875038e-06,4.05609099542517e-07,-2.02032428903103e-06,2.98757466239827e-06,-5.70107355607177e-07,-2.19152802942089e-06,-0.467875241399686,-7.95030940414125e-10,-1.80420769907989e-07,2.65866623459155e-07,-5.85209505703863e-07,-2.1763616265073e-15,-2.35310206659471e-06,1.88280571867205e-07,5.42704873368818e-09,4.93304087771812e-08,-1.62170114170289e-06,-3.4594804453245e-06,1.76704748698732e-06,-6.42537751050566e-06,-3.17227372720154e-07,-1.06822822151073e-15,-5.82867436581066e-07,-2.29882599731385e-07,-7.40172183020548e-07,-4.69671324761824e-17,1.40680095570401e-06,2.03637960845462e-06,-3.1144574362608e-07,-1.16907963370513e-06,-3.98710784924603e-07,-2.27822959231901e-07,-0.000168011504297023,1.9288676428005e-07,1.55396171615324e-06,8.74363257273164e-08,4.34314493469399e-07,6.26976591227964e-07,3.48780983624128e-17,-2.51844958101012e-07,8.27627154068776e-07,4.05442435270939e-06,-5.44278332003814e-07,-2.34372718640809e-16,-1.23959145595722e-05,1.00122254239937e-07,-2.4427643969557e-07,-1.64610678197569e-07,-5.550939588046e-07,5.96190991344397e-07,-0.000182943612279713,1.13362653875511e-06,3.76529710914321e-16,4.36321692070371e-06,-8.39111380803354e-07,2.36526070533969e-06,5.6203219555121e-06,-1.33651947166002e-05,-3.85170004350305e-09,5.00467722819309e-16,9.56145307255134e-17,-3.85623625751486e-09,-5.10397430295651e-07,6.76289451749077e-08,-7.10395473736211e-07,2.01198691531355e-15,-3.77245779857222e-07,-4.75774645967603e-09,5.58732604475545e-17,5.03181786431437e-17,-3.41872157738321e-18,1.40760311688417e-06,0.000101901809787254,-6.59831239075731e-06,8.54093947987652e-06,4.66146231326017e-06,0.150535326403714,3.10646520700918e-05,1.97708445594312e-14,2.59411002811591e-07,-4.67466937878828e-07,-1.04493626833484e-15,-5.61672049130415e-16,5.04986802250522e-08,1.30009174161998e-11,-2.03014469767649e-09,5.8917905040559e-08,2.40145838791875e-08,-9.67282835712321e-09,-4.63068709987614e-17,-3.55265428576718e-08,-2.64691042546737e-16,-1.47543276830309e-07,7.73957720828777e-16,-4.30248969508928e-08,3.04939938455276e-16,1.9743682585231e-07,5.30144924208426e-08,2.68304569694426e-08,3.63691916891156e-07,1.82370956089788e-07,-2.19659101488053e-08,1.44472220434456e-07,1.2325958717957e-06,2.61282436342202e-07,2.45378378984866e-08,5.69755497652843e-08,-1.66133863215704e-07,-2.92227583898012e-07,-2.41490718230162e-08,-8.37519660883924e-08,1.24596803639909e-16,8.03191182290848e-07,-1.41361943513286e-07,7.68456252331171e-08,1.29290122982904e-16,1.36498363053157e-08,3.82065254827801e-07,0.000107800598599013,1.22135622155156e-17,-3.1036473021819e-07,-1.73670570951773e-07,9.91124141512685e-17,-5.30540213631776e-06,5.33158572131355e-07,-1.11977906209139e-16,-1.34195804588293e-17,-1.97601413791864e-08,-1.06182094664114e-07,-6.07587315043402e-10,-8.47120391030355e-07,2.27288489015881e-07,6.69119511826333e-08,6.4538926464991e-08,6.03672246914354e-07,-1.36811664060995e-06,1.59562033724692e-15,2.8316313820057e-09,1.94992704312346e-09,5.39255488497958e-09,5.05926722684165e-07,-1.70000608800345e-17,-8.22561124434693e-17,1.66986398475847e-07,1.34225609520736e-20,1.63494731821133e-16,8.18215314537519e-07,-9.43955036855632e-05,-7.10949314163973e-08,-1.27759040161997e-08,8.00188026167636e-06,0.000127461358679356,3.82503847051995e-08,-2.39040631803422e-17,9.56366065488616e-08,4.48182613383256e-09,2.0587371705851e-08,-2.08174077104138e-07,8.28477570498259e-07,8.27389900347837e-17,9.87105789212077e-17,-4.17157573184239e-16,-7.32631106050728e-08,-3.5307797936647e-08,-2.05710365393299e-07,-1.72798130172207e-16,-2.72024255323578e-08,3.53740304729916e-17,-1.33921025284954e-16,8.97576895583562e-06,-9.69792351519536e-08,1.86482773667507e-16,-2.46045314965418e-07,-1.27404792723119e-07,-9.56136682962471e-16,2.89969792161679e-07,-6.32082644893689e-17,1.03730454652552e-07,2.73118472466987e-16,1.04203189727774e-07,2.03443519432095e-05,3.20216172563092e-08,3.03311170753098e-08,2.09144173079299e-07,-1.054410839749e-07,2.94611672417821e-07,-2.18415761526048e-17,1.96871659767547e-06,-1.11331593963353e-07,-2.68169662126579e-16,-1.47056324878503e-08,-6.85057851524772e-06,7.02457493679392e-08,4.10299281563316e-16,1.81993482591868e-05,3.03683326559694e-07,-1.0206195335855e-17,-7.6271689517342e-07,-1.69135303867318e-07,-8.89490299244997e-09,-1.69027607874002e-16,-2.18545331302075e-17,1.29528488368514e-05,5.06201997990587e-08,4.1070300708232e-09,-7.13503887932175e-08,3.30535844865383e-08,-1.32180217201416e-16,3.67726604499799e-16,1.22210343421433e-07,8.43796086060653e-10,-9.90489310240337e-17,3.02951756869085e-07,6.13696392544275e-17,1.60885651580018e-07,-6.20504559917832e-08,-3.6375277720414e-08,-2.44417986243614e-07,-3.77244888339696e-16,-4.09358314078325e-17,2.11743679072982e-16,-2.51814568973979e-16,-2.32780158914848e-08,-8.23488605286577e-08,3.17684497607647e-16,6.53960759607683e-17,-4.97988699634317e-16,1.25934236040261e-07,1.1815129374129e-09,-7.55063474517555e-08,3.12410039107852e-17,4.50079426853045e-16,1.1322052236723e-15,-0.0450750068209524,-1.71511501341428e-06,1.97186016117522e-16,-1.8108087727607e-08,2.97320735568588e-07,-8.00134444174667e-17,3.89323900375449e-16,7.7425708601234e-08,5.79260561056111e-08,1.78285136793756e-08,9.05037973077579e-16,1.41589640272194e-08,1.21967506459904e-08,2.59988534730785e-08,-3.53875056036008e-08,-1.02087862918639e-07,1.84726673050281e-09,-1.34559117371137e-16,4.56614441144387e-16,-4.91779857565852e-16,4.84369173000204e-08,-4.39869260692947e-08,-1.69746282259381e-08,-3.31260157530964e-07,-7.71914641348874e-16,1.06861069409918e-16,4.2261250241459e-16,-1.28346144385308e-19,-5.78354038362978e-17,7.46667721012335e-08,-1.0518160848243e-16,5.12556928702991e-17,-1.23383003436568e-08,1.59019007784826e-16,-1.10562501503732e-08,1.21494016394392e-16,-1.3730845300627e-08,-1.72329676058488e-16,-1.71408089714054e-08,-2.15918811082872e-09,-1.98851199389387e-07,5.88400203442192e-16,7.07571698246404e-08,7.05021012779873e-18,1.02691475889191e-07,-1.85643821814444e-07,2.32271939062867e-08,-2.00544922924616e-16,1.51716223836525e-07,-6.43756379222722e-17,-3.82283078678607e-08,-1.6847180724617e-05,-4.30125385691929e-17,-6.41735636376223e-17,1.97140540741266e-16,-3.24507392348049e-17,-7.33117393479509e-10,-9.59851614875322e-09,-2.15771349383252e-09,-2.56452238425184e-16,6.85953530100242e-17,-2.38077202256564e-08,1.94700790277606e-07,-2.39218343179541e-16,1.96562844251037e-16,-1.18484682925769e-08,-1.07401264991154e-16,-9.07672181011797e-08,-1.90040913458826e-16,0.00641740847735508,7.74034862998702e-16,6.09947999885645e-16,-2.21864963052644e-17,-8.53615564730165e-16,-1.80670271773068e-16,7.69732749987923e-16,9.42310381833897e-09,-6.61143672174179e-08,-1.57016808897472e-16,-1.0519564702456e-06,1.8038435029536e-07,-6.19913430652203e-18,-1.18725467913939e-16,-2.13540161316632e-17,5.14895472977879e-16,1.85652627458238e-08,2.98764287968728e-09,-6.64939442224704e-16,5.29035756836075e-17,-3.41533717294996e-08,-2.74542986832727e-06,-1.84764861213341e-09,4.08817382286056e-16,-2.10841422503923e-17,-1.02149530053982e-17,1.1891352252252e-16,1.66795091901605e-16,7.88239689338308e-16,7.35710335069581e-08,-6.96392306239447e-08,-1.33990484811293e-08,4.17517486402278e-17,-9.22251070472289e-18,3.90336075556169e-16,-9.3202348877965e-17,2.13365787880559e-16,1.06978940598252e-15,-6.88860850638505e-17,1.39370987372274e-17,-1.32297125892587e-17,-1.32535844696028e-17,5.25791018978999e-17,1.02402149420227e-17,-1.7841912349852e-16,8.23227089384248e-17,7.30922065145602e-09,2.09145770145459e-16,1.76064626418736e-15,-2.65988860046251e-17,1.03181407520866e-07,-1.24189343904211e-09,3.56549329166464e-16,-2.6599494996137e-09,9.38008499909946e-08,1.35941682002093e-17,-3.2454271882996e-16,-4.04449274934016e-06,-4.6560107773743e-16,2.27425448005677e-09,-6.11742137423554e-17,1.50450770466477e-16,1.52422102237605e-16,-5.05471241189329e-16,2.19059092894821e-09,-6.74069329681557e-06,-2.19119808432264e-16,3.12790310610812e-17,2.46337618622292e-17,-2.53469625309995e-16,-1.01535533453267e-16,6.36643502675673e-17,-7.86242916197026e-16,5.97270505875983e-16,3.20898599228734e-09,2.53985656444468e-16,1.97852925673504e-16,-1.87180408421914e-16,3.29030849848949e-16,4.58481650063173e-17,1.13373147885033e-15,-6.27834459631948e-08,-1.6900144470644e-16,2.62483836305113e-16,0.00119120926738295,1.49368277977879e-15,-5.91844336281548e-16,1.08342731924913e-16,1.71313033877899e-15,3.14213548650285e-08,-1.36554030042703e-16,-2.2275497658068e-08,1.25444158623711e-16,-5.05224223792476e-16,-2.5724188898153e-15,-2.50920656899112e-15,6.79078173319546e-16,1.27981521851683e-15,7.26368593860018e-10,-6.72377436092734e-15,4.9138851538953e-16,3.69056774015074e-09,-8.11700071325202e-08,7.17488793603005e-17,5.04564207446711e-08,7.06520522086297e-09,4.4619341442961e-16,-1.54738280669217e-15,-5.29057149518093e-16,7.84666706748323e-16,2.71947694589872e-16,1.03948946779376e-09,4.9898400094937e-16,9.97697348542714e-16,2.60250908825749e-16,-2.82661021932395e-09,-1.1193654185741e-15,-4.99673725493574e-16,-1.24994953485379e-15,1.66938788128299e-15,3.44985815848868e-09,6.6415336381008e-15,-1.31857434111643e-09,-3.30262777689816e-16,8.21494790241241e-16,3.10812763941913e-15,-1.91624653050615e-15,1.20714987393107e-15,-4.33265908318762e-15,1.5032476441878e-15,7.85586723777511e-08,-4.21467759342252e-15,-3.91246615715027e-15,-4.81477080033328e-08,-4.96061120104247e-15,1.46084867504134e-14,4.49034255228165e-16,5.21205223784465e-16,-4.60814774715831e-14,3.8510409660557e-14,0.823979937608722,1.09436608209182e-14,-6.37532158217914e-15,3.33307640448509e-07,-6.05263332775793e-15,-1.42065563426041e-15,1.15599820818391e-15,-1.14410531601904e-14,7.38598867483251e-15,1.40629353516816e-14,4.31563981583622e-16,6.02193437105753e-15,-4.90094913842826e-15,-3.47286343418729e-16,-1.36851268047194e-15,-5.02709117979368e-08,1.57049235729727e-07,-5.643090083582e-16,1.16564796175692e-15,5.84125857068129e-17,6.47841778180472e-16,3.38650548575847e-16,-5.08514238759693e-16,-1.34821814295989e-15,8.06201124673292e-16,-1.08624123416014e-08,9.21956606370027e-16,9.50154916876974e-16,-5.74128303198462e-16,3.73381062985485e-16,2.75158151121477e-07,-2.96805950948348e-16,-1.76212837884488e-09,1.0416220203325e-16,-3.47083152570675e-16,-3.3973783465603e-17,5.18907517131413e-16,-1.47784843190626e-16,7.11482479281378e-16,1.1377473859967e-15,-5.93178063940567e-16,1.20565202273904e-15,3.7258106294971e-16,-4.16970227384951e-16,-4.28225618529706e-16,-9.44829629661786e-16,-2.04599809251474e-16,2.18521271299017e-15,1.81492502583658e-16,4.80517087719616e-17,-2.88150438779091e-15,4.96418472080641e-16,-3.06065627689025e-16,1.15581372597817e-15,1.07620362464708e-16,-5.38052064039023e-16,8.4014112643536e-16,2.22698499454243e-16,6.85042073097218e-10,-8.86841263743878e-16,-2.07297598305826e-15,-4.17962182064056e-17,-4.26702296514515e-16,-3.03754345997105e-17,-5.39858539153941e-19,7.52427056156887e-16,-1.52416391950888e-16,1.57946296958634e-16,9.68649730250069e-17,1.98490312727784e-15,5.04600771882934e-16,4.57490438134923e-16,1.18808195517065e-16,-6.08333842057875e-17,-4.02620488213315e-16,1.19811939994017e-16,-8.2152289788059e-09,-7.75268225537784e-18,-4.27642317009132e-16,-3.2101622933335e-16,-2.39213021381224e-16,7.17766301874002e-16,-1.21456463929048e-15,-1.3182998175505e-16,8.41485407901868e-16,-8.63012044275422e-17,1.65811385597582e-09,8.45212705071824e-16,-5.27208272219801e-17,-4.23844123291738e-16,-1.11167741183939e-16,-1.54855293773604e-16,-2.39544932072407e-16,3.30580548200964e-17,-5.98163080307807e-16,-9.25839927474748e-17,3.76186757870904e-16,-1.33843836931053e-16,1.31370782880358e-16,1.4836026459108e-16,8.08275512993518e-09,1.83607971523322e-16,-2.06515447876228e-18,7.84506286931092e-16,-5.48172618408671e-16,-5.3664208817093e-07,-5.36712460203068e-18,-1.29836949489711e-16,-6.22013892489049e-17,3.01887970671573e-16,2.11589548738877e-17,-2.3678726471691e-17,1.7151686939508e-16,1.00716366603308e-16,-1.75518223422281e-16,-7.5465036227669e-17,7.33369989030914e-20,-4.08703728848179e-17,-1.35734327296969e-16,2.05369520655737e-16,9.61660411880608e-17,-2.48991662587678e-16,-2.9191203488684e-16
"t631",-0.00487954033304119,0.0499761711492038,0.0642546671414002,0.015225027721376,0.03058033234476,-0.0049517843801419,0.00151422768120393,5.165184853803e-05,0.000419289247722126,-0.00101618329836611,-0.000231771115363666,-0.00118191970920057,0.00745445002163395,0.0502250211345763,-0.00124672455754777,0.00217565842142861,0.154789951370682,0.00200231155285047,-0.00126740088628861,0.000485664589444051,-0.00116839929255919,0.000251669707744666,-0.000733824173867535,0.00128430338849425,-0.000205929590831348,0.00100175758950435,-0.00220735920937835,0.157272441199062,0.000475555191339458,0.0130137768168946,-5.40730525009254e-05,0.000847106222730237,0.00033638217770506,1.93603754112778e-05,-1.04579061296052e-05,-2.29814659528109e-05,-8.16139333930476e-05,8.45620277211038e-06,7.42340364981109e-05,2.62812117466529e-05,0.0207373713315789,0.000103390523201188,-3.29640890674615e-05,3.80153244343155e-05,-5.89359069020585e-05,-5.33510588922373e-06,1.3402255661413e-06,-2.16276300306618e-05,2.66248118120853e-05,-5.7545051753664e-05,5.15097235541773e-05,-0.00221981834590035,3.67983620715507e-09,-1.30879625510394e-05,7.11877148339185e-06,-7.55505931788774e-05,4.57375601557791e-06,-0.00665855367702828,-0.000433257868447187,-5.05241208258987e-06,-5.48706967011787e-06,6.95985488142123e-06,-0.000195767724871956,0.000305334550634867,-8.81352637733077e-06,2.66781498447627e-05,-1.50461517176702e-06,7.56468766549807e-05,-0.00395485006166926,2.33628513276506e-05,-3.86876542956356e-06,1.01796252247089e-05,-3.33891994352722e-06,-2.19035708128042e-05,9.16688170154124e-06,8.46552971718012e-08,-7.77197012298443e-05,0.000325806514532091,-3.78059797226985e-05,-4.40600794843364e-05,0.00032107443821633,0.000187718179416539,-2.291858317629e-05,-0.000107264815053648,6.7938421744006e-06,0.000192822749687618,-2.85691389604546e-05,-4.50832873570285e-06,-1.00316033220121e-06,3.80874178466085e-05,-8.35028296381608e-06,2.10000932047191e-07,1.39924760779927e-05,-0.000130591920631531,-8.1195316987266e-07,-3.8006400734186e-05,-4.48421104960297e-06,4.25971134627896e-05,-0.00444522472282254,-2.16509551868251e-05,-7.14072580882317e-06,4.67285795206049e-07,-1.00962887312243e-05,4.97596921270301e-06,-2.20498889810455e-06,3.52864081232661e-06,-0.000122805790565139,4.23456733126173e-06,-1.95374170421789e-05,6.87801136827125e-07,0.000570024663859183,3.87236968341205e-05,-1.19890690902816e-05,1.28192248130253e-05,-4.86524683606491e-07,1.56333385572405e-05,-3.21687703213956e-05,4.10560313086137e-05,-5.48240138968603e-05,0.00405106792657357,-0.000101503226769327,0.157650779702733,0.000221658969361736,0.000584338234665385,-2.30925862580486e-05,0.000117927410437666,-1.14755199926095e-05,1.60719373735461e-05,-2.96082077405442e-05,-0.000408273383978967,-1.64706571598765e-06,-2.12625982186272e-05,2.55451746399983e-06,4.30839868701225e-06,-1.37667131563203e-07,-4.98145741144534e-06,1.30292950520024e-08,5.28453855857423e-05,8.96151968469798e-07,-2.67610849177548e-06,-2.04330553770442e-07,-6.60333422513999e-06,2.01737298418107e-06,1.32346454910107e-07,5.04152700177035e-08,-3.28339333877607e-08,-5.29915377069315e-05,3.47745554744515e-07,2.33474898331459e-08,-5.97434645870572e-08,-1.27259654102224e-06,-2.84313704170563e-07,-8.32149238591606e-07,2.31817844460263e-06,-1.77113052411447e-05,-6.13792319084752e-08,9.22623197612129e-07,-6.98100238601761e-06,-2.24235425199996e-07,-7.32826016923541e-08,-4.62844466709256e-06,1.55905965628079e-05,-2.87020247632314e-07,-5.6091589382611e-06,3.02718346109232e-06,-1.54306171168334e-06,-5.94080258734367e-07,-1.22293093907971e-08,-6.35339438309312e-07,-2.87635801328577e-05,3.48606358248366e-06,6.47646026515735e-07,-1.39840231614441e-07,-4.24881840365021e-07,-1.46027065197183e-06,-2.52168621196922e-07,-1.46989256907302e-07,1.24071153974175e-05,4.39613251599487e-05,0.000463711664360921,-0.0105000170031927,0.000190885651797646,0.00180168236281991,-2.42365224275161e-08,0.369575866977794,-6.30344882735916e-07,-8.41781602089491e-05,1.2111684468774e-05,5.37756496478828e-05,-6.15363170925487e-05,-1.14739547261339e-06,1.93720330032624e-06,7.52567185459509e-06,1.29797063180139e-08,3.42502006243916e-05,-1.658036515844e-06,-3.03427172182361e-06,-2.12923347786693e-06,1.77316653448101e-06,7.45531708835145e-07,7.44994127065044e-07,0.000242776212933657,-1.92279536323789e-08,-3.49037388248725e-06,-5.28852796249381e-06,-2.63778335786256e-05,3.45859279711933e-06,1.83240610750113e-05,-2.68549790938717e-05,-1.75907951568165e-07,-0.000121967068660752,4.0193555394211e-05,-0.000118770607834334,-1.59855509765091e-05,-1.29655926810325e-06,-9.09295878497271e-06,3.08389109386156e-06,5.10475724117699e-05,-6.9221714372434e-06,-0.000121478008877977,-0.104731322987178,-0.000161826933942632,-2.91869742636781e-05,-0.00213221695585937,1.11889415470439e-05,3.97839535575079e-06,5.36507117540117e-05,5.68109695958227e-05,2.52659445860739e-06,1.32553254573719e-06,-3.15388287287663e-06,-4.85106828122763e-07,-1.88525241657713e-07,-2.77607480086895e-07,-3.87276559682824e-09,-3.85126814238109e-08,-2.88652049165478e-06,-5.83833964515317e-16,-7.25448319587433e-07,1.23259706024552e-05,-0.19832034570404,1.00678224377407e-05,6.25794554002726e-06,-1.02601512484326e-06,6.00388286227904e-07,-2.83064184073675e-06,4.38931490990141e-08,-2.35518766947646e-09,4.72049773349322e-07,-3.77943522581157e-06,2.3499404224654e-06,-1.05970365100252e-05,5.11161173506844e-07,-5.21034262754538e-09,-8.78688323376054e-12,1.2318245123753e-08,-3.16215734200972e-08,5.17298569683016e-07,1.54748710391871e-07,-3.39745240408452e-08,1.59546474590273e-05,-1.90683578544057e-07,3.63696945431791e-05,-9.09663789301452e-07,9.39603493754867e-08,-3.23421920520519e-08,6.37144337354167e-09,3.09932242849089e-06,-9.72901630844712e-07,4.91244927574937e-08,5.08334584281042e-07,-4.41171318004513e-08,5.35102303151304e-07,-7.28849822803356e-07,2.83875624580893e-05,-2.22359890638951e-06,1.76810897470445e-06,-1.30850620467301e-07,2.2083549144898e-06,-1.14038301931181e-07,4.43714710148252e-07,-5.36985271726207e-18,-1.11419411102965e-06,-3.82660469472593e-08,-5.0522376961353e-11,-4.46090600065093e-07,5.69643690662991e-08,-3.55037433221322e-08,-1.17518595299297e-07,1.38518359162426e-08,-5.88700469484022e-07,2.04686538975741e-06,7.56464106956152e-08,-1.65247063394513e-06,8.95144844084512e-07,-1.08550979276299e-06,3.48374396007218e-06,-5.49336729322595e-07,9.09867900098436e-07,3.22690489856891e-08,2.45290657619186e-08,1.37109714523298e-06,-9.06451434307919e-06,4.06126208079081e-08,-1.15037705241381e-06,4.27416776880996e-05,-0.000432602978939731,3.04554407538396e-07,2.76314585646506e-07,1.59769462441949e-06,-5.08466678140559e-07,-2.90839987932879e-07,3.39959265467032e-07,-3.71693893285462e-05,3.83919109566674e-08,3.60388875441376e-07,-7.04531643833418e-07,-1.26187150413353e-17,2.18184166912394e-09,1.31859432010445e-06,-1.2113037774777e-07,6.25789805653831e-07,7.97994315904741e-08,1.64746245106136e-07,3.93312027476279e-07,-0.000127695003299384,1.96107934889333e-06,1.15144236363403e-16,-1.54620953644369e-06,-1.42314498876074e-08,-5.29166851830007e-08,2.51195164865758e-07,4.00283157351638e-07,-2.70866675217656e-08,-1.03944993753321e-06,2.77694247675892e-07,-1.32016516433245e-06,1.75666330752237e-06,-2.6973196468243e-07,-6.47472028367406e-07,-2.85137579263708e-06,-4.84243882153846e-09,-6.46045823417326e-07,3.87552206400452e-07,-7.01740247181537e-07,2.23625498372643e-16,-2.05877126521353e-06,1.61829792204804e-07,4.66390993267072e-09,4.10453167005997e-08,-1.34469984575444e-06,-2.79152495996372e-06,1.41910279588869e-06,-5.15582224572361e-06,-2.53797086843762e-07,-3.16830403874734e-17,-4.64936968932993e-07,-1.83184801274062e-07,-5.87796962959267e-07,1.94564584778744e-16,1.11363629400352e-06,1.61090746397845e-06,-2.46287807533081e-07,-9.23845149729788e-07,-3.14717680704674e-07,-1.79682626994122e-07,-0.000132427500330146,1.51767486576023e-07,1.22244471071533e-06,6.8704428163775e-08,3.40612309334398e-07,4.91660801297297e-07,1.80390795827952e-16,-1.96781247075673e-07,6.46273828205577e-07,3.16167425769989e-06,-4.23538301894419e-07,3.7755861568818e-17,-9.59934180241258e-06,7.70452696360888e-08,-1.87359018798238e-07,-1.26049132136136e-07,-4.24180831969992e-07,4.53693721430294e-07,-0.000138135551165541,8.33292252516716e-07,2.34218406190488e-16,3.09006254332687e-06,-5.91837753108156e-07,1.65316355966703e-06,3.87385497747843e-06,-9.20158082201195e-06,-2.64044843013118e-09,-1.47858071272711e-16,1.40058647869997e-17,-2.57112403488225e-09,-3.30488606401764e-07,4.36140847282519e-08,-4.43658808427978e-07,1.3522185329878e-15,-2.14300712180172e-07,-2.55160639784008e-09,1.02440666722471e-16,-2.68395699281639e-16,-6.45892463121397e-16,5.58080792842976e-07,3.79696150211913e-05,-1.81472697127469e-06,1.43799060927399e-06,7.18054169777728e-07,0.000121171067702117,-6.20927542864863e-07,-8.2827805893073e-15,-1.44728322294591e-07,4.1056090685857e-07,-6.18578137424718e-16,-6.32489811501027e-16,-2.68450487135483e-07,-1.46120120817789e-10,-1.62708034158866e-07,8.93403456849417e-07,1.6520062485466e-07,-6.20254565077449e-08,-2.24440001578872e-16,-2.09501264333598e-07,-2.58699550342999e-16,-7.23263490534308e-07,-2.19106247631006e-15,-1.90872155412203e-07,8.49990063638612e-17,7.9411400766048e-07,2.09682110166709e-07,9.06418622277966e-08,1.20159591238998e-06,5.97473713435755e-07,-6.97399597184358e-08,4.49093891967692e-07,3.71325874522042e-06,7.8698414234765e-07,7.35151430758197e-08,1.69812191676324e-07,-4.95984732720709e-07,-8.80188745541545e-07,-7.360614294893e-08,-2.57204038695348e-07,3.21220511207112e-16,2.54469254000061e-06,-4.67788467908598e-07,3.32331813755752e-07,6.11390692619094e-16,7.09427173589073e-08,4.3344798824276e-06,0.0387852025966605,-6.30421108830559e-16,4.86609188232585e-06,1.43072882769592e-07,-5.28757321783339e-16,-1.19951235868537e-06,1.16163939679893e-06,8.41703660824823e-16,6.87770256960743e-17,-5.06287794861534e-08,-2.75572357592273e-07,-1.67110119660855e-09,-2.48700323878282e-06,7.71154758478041e-07,2.29920273806782e-07,2.25808881517621e-07,2.61071631881127e-06,-7.29286227972482e-06,9.79679153827271e-15,1.65622908755271e-08,1.1599998493883e-08,3.41347420522574e-08,3.47197343400121e-06,1.31372252551069e-15,2.67892307733498e-16,1.29704870170865e-06,1.7176292166819e-15,-1.04310922612953e-14,4.48526894365525e-05,-0.387265615783551,0.000634299546559785,8.22457733337314e-07,-0.00149584088761311,-0.0736691771253363,7.37835690558307e-07,2.64630371445864e-15,-4.03240870016742e-07,-1.70857922730152e-08,-7.59133192134784e-08,6.52792180086306e-07,-1.97648521636308e-06,9.27911039953276e-16,1.83735117284585e-15,-2.27528822589026e-16,1.22986620232818e-07,5.14328720977833e-08,2.9649127900555e-07,3.47036649200783e-16,3.43141720301511e-08,9.72534987249531e-16,6.74672999006706e-16,-6.31593152520929e-06,6.77217435696126e-08,1.58265395689035e-15,1.47435604361023e-07,6.95502676632513e-08,-1.92592246740434e-15,-1.29068554971474e-07,5.24036184707448e-16,-3.47988226168857e-08,-2.68268183951974e-17,-3.39835796487053e-08,-6.48854790671985e-06,-9.95424724896035e-09,-9.09009144491063e-09,-5.74970711083379e-08,1.95276026858065e-08,-1.89944969450449e-08,4.62540903051549e-16,1.82992381109082e-07,-1.23999395760709e-08,-5.19175690371237e-16,-2.01121513154476e-09,-1.2755398574245e-06,1.65488804213081e-08,1.82025042493168e-15,0.00113188740243117,1.42519804716404e-07,2.91948142229152e-15,-4.51068577115243e-07,-1.10719756930207e-07,-8.78221597994456e-09,2.71007681379448e-15,-5.80802111388545e-17,0.265096897268091,-1.20531572924397e-07,-8.08008860656293e-09,2.38867937013513e-08,-9.15548210244099e-09,-7.50635337201107e-16,4.20015371110546e-16,-2.97458918574528e-08,-2.02041371691394e-10,6.73155614044198e-16,-5.82212008666554e-08,4.81568643544164e-17,-2.4817926515394e-08,6.91638114692201e-09,3.9561148688205e-09,2.40765686040492e-08,1.89033694456406e-16,8.15169732485986e-17,9.01334840047526e-16,-1.54823706443586e-16,6.66829893425302e-10,2.01281662544985e-09,-5.7152401672662e-16,-1.06392766368655e-17,-1.02766164175528e-15,-1.38566693490306e-09,-7.1405187228919e-12,-3.55080433825127e-10,4.42307296607806e-17,9.85581279403739e-16,-2.34221550574759e-16,-8.42856362577613e-06,3.01610104582311e-09,-4.96658931549643e-17,7.42494276784219e-10,-2.10614108247372e-08,3.72487191137606e-16,-4.90477799961927e-16,-1.70626766715335e-08,-1.78034235028244e-06,-9.23241680213047e-09,-4.40591183607552e-16,2.63068537737239e-07,1.78396897447461e-08,2.04838627643569e-08,-2.02586263130743e-08,-5.56412149034073e-08,9.38675394958964e-10,2.59189686718864e-16,-5.44382819549876e-17,-4.12786729362449e-16,2.11165245287187e-08,-1.91614430052774e-08,-7.35312074483661e-09,-1.4204796488611e-07,-6.01937154556623e-16,-3.92559902994558e-16,3.38319530972461e-16,6.01264122087423e-17,7.90053019106483e-16,3.22549272411891e-08,-7.88982796678893e-16,-9.32191555281735e-16,-5.3587383112229e-09,-1.13208131504736e-16,-4.80342225116972e-09,8.20712283921838e-16,-5.96857781274712e-09,-4.64953359555857e-16,-7.53490469157582e-09,-9.5187560246319e-10,-8.80550169320409e-08,5.52483102322818e-16,3.15076119013567e-08,1.78263896161009e-16,4.62904674264079e-08,-8.50041576427891e-08,1.0642956096008e-08,-8.32908134931892e-17,7.00324665527022e-08,-5.43826714425398e-16,-2.07567324976683e-08,-0.000222479968185792,2.77252052462672e-16,-4.62017449576902e-16,2.61744588621425e-17,-3.83088892609327e-16,-3.33468435858008e-10,-4.37302967282318e-09,-9.83420385540895e-10,-4.21973957327144e-17,9.45225676117408e-16,-1.06930451049358e-08,8.73251127002443e-08,1.52819610285612e-16,1.18410824623186e-15,-4.7594506696056e-09,-4.83816823039599e-16,-3.39555298743152e-08,-1.1335803311188e-15,2.5482823526717e-05,-2.50007925021488e-16,2.22237809380533e-16,-5.78916057973654e-16,2.83401856499202e-15,1.41306240729366e-15,-4.16439020568418e-15,6.43146969635507e-09,-4.49974374365861e-08,7.0645289581343e-16,-6.8070005494242e-07,1.15314566722088e-07,6.17106002434124e-16,1.26111234086569e-15,2.01450878536585e-15,3.72150773994574e-15,1.15724719423269e-08,1.85818903594286e-09,6.10863282899218e-16,-1.1446036708403e-15,-2.1210430215107e-08,-1.70479098294546e-06,-1.14693641409807e-09,-4.1970490343975e-15,8.13410644491683e-16,-7.33458136996868e-16,-6.40434149347065e-15,-2.23801697464525e-16,1.1628760138243e-15,4.609864499189e-08,-4.37147672060691e-08,-8.42722625320841e-09,-2.68887570083888e-15,-5.17023872827106e-15,1.21415414567038e-15,6.45232757227085e-15,5.69616898127233e-15,8.79895984184546e-15,-4.65811346710028e-15,-5.57040748377506e-15,-5.31342133644744e-14,2.67666507920566e-14,1.6432605022391e-14,-5.941551841381e-14,-0.707106781186549,3.37859425090325e-14,4.8107576407666e-09,1.61868619005205e-14,-5.30435813967594e-14,-2.21264700430078e-14,6.84299329381403e-08,-8.25095368030566e-10,1.42034077692131e-14,-1.76926300723167e-09,6.30180835009695e-08,5.66040054582585e-15,1.34491521906924e-15,-2.75341426675793e-06,5.12523067985418e-15,1.57558868325714e-09,-1.02677709810114e-17,9.30292677780596e-17,2.48106015725727e-15,-1.39522080843008e-16,1.56511850639158e-09,-4.82690465311237e-06,1.80086596382109e-15,-3.13979792528491e-16,7.05212719551893e-16,1.69674140602574e-15,6.47504341539772e-15,-2.47060883316139e-15,-8.47437237212365e-16,-3.63561154646986e-16,2.68769368330483e-09,1.54490825469213e-15,2.06630040884498e-16,-2.66408586115098e-15,9.6592324145879e-16,-3.22766583810069e-16,-6.80665894491509e-15,-5.34452507203398e-08,3.95025947950343e-16,-2.4660738865124e-16,3.10892744416537e-06,-1.02475414790208e-15,-1.29283501672208e-15,-1.10710918953302e-15,1.10082913940373e-15,3.38080953488419e-08,4.50056264524635e-16,-2.50244063202333e-08,-1.19298304053262e-15,-2.75015693662773e-16,5.15894082318663e-16,4.44803377738606e-16,-2.01589715775944e-16,3.63440351265374e-16,9.09260419648104e-10,3.51623581725466e-16,8.40252052225723e-16,5.15102473349122e-09,-1.14005842647448e-07,1.52983879374082e-16,8.01456137657316e-08,1.17512178839444e-08,-1.65025938186412e-16,-2.06198910376764e-16,1.41713738738229e-16,4.45889102821524e-16,-1.34856449733421e-16,-2.00500248257758e-08,-2.14044506125277e-16,-6.64196369860535e-16,-1.10706578089025e-16,8.05822447767154e-09,-4.09312507180701e-17,-5.3712314104296e-16,-7.07111932987825e-16,1.28922723937064e-16,-3.68992112743725e-09,2.51643677757025e-16,1.1119020765349e-09,-1.23939137957932e-16,-2.8026083494716e-17,-1.07649709239528e-16,-2.45865754577057e-16,7.45084586655194e-17,3.04150069803036e-17,-2.75614673281025e-16,-1.94442067656987e-08,-3.39164621299364e-16,1.09077531426159e-15,8.19026551852785e-09,4.18943108025429e-16,-1.17592662961646e-16,2.60307920720862e-16,-8.42043403020396e-17,4.37332560393568e-16,-2.18057641638918e-16,-4.63626312577646e-06,-6.05804798055268e-16,3.3633642849909e-16,1.78283792342318e-08,3.10971988369578e-16,3.44201793686817e-17,1.44507401624912e-16,7.34607562159378e-16,-5.05074691618166e-17,1.45099920421898e-16,-2.22620523196081e-16,-1.50405965564406e-16,-2.92286414792064e-16,2.78042606764221e-16,2.09468045321939e-16,-9.44201346652097e-09,3.13446947362946e-08,3.18049807377411e-16,-2.079756916474e-16,-2.70667102200996e-16,4.3880614358495e-16,-2.32561365998141e-16,-2.29522086182263e-16,-1.07218546777837e-16,1.81047637736566e-16,-2.73163285080394e-09,2.63905425129961e-16,1.36571705669876e-17,1.04785928597119e-16,-3.75338949698999e-17,7.87271094745015e-08,3.20836272319253e-16,-5.60223820595244e-10,-1.8272976991137e-16,4.64955225301231e-17,1.23958719555293e-16,-1.39131746425707e-16,-2.95849264712754e-17,-2.7161791779785e-16,5.7223584270525e-17,2.38550261554753e-16,-1.28510472653923e-16,4.50402888895934e-16,-5.68564699421123e-16,2.66455658499974e-16,1.7100655510947e-17,-1.65620963750696e-16,4.75112240745161e-16,1.48702156127779e-16,1.05861291606478e-16,-3.94238885696989e-17,-1.28162082807793e-16,1.75381685193771e-16,-2.14528034551097e-16,-3.62169379466953e-16,2.23018942890301e-17,-4.61831978811391e-17,1.65587539609118e-16,2.71557636783627e-10,1.39346004481805e-16,8.18624316121715e-16,-3.03481898215162e-17,-6.69836187021727e-17,3.92761177807411e-16,1.67339078206141e-16,-2.08185005635812e-16,-2.67907937539216e-16,-1.38709320216105e-16,2.33862442659705e-16,-4.0672828061257e-17,-4.11813437964447e-18,1.6642220383325e-16,-3.94629926158886e-17,1.85050483759428e-16,-2.37200455551643e-16,-1.26852737132695e-18,-3.53677599509871e-09,4.93594503948538e-17,1.29501094362947e-16,2.0517617238873e-17,-4.12256944223929e-16,3.96614244454486e-16,8.85249007952435e-17,1.04986992181515e-16,-1.19817235438516e-17,-1.32715001440234e-16,7.58137237617567e-10,-6.35796330405857e-17,-4.02279668188438e-16,7.17991854362523e-17,-4.04354860772815e-17,-1.0968409952108e-16,-8.38286473608063e-17,-1.77559917958213e-17,-1.06995182248844e-16,1.33987719555777e-16,-2.35886141851161e-16,-5.25461542399783e-18,-8.88968731016031e-18,-9.63736933110735e-18,3.8676432874983e-09,1.05595432488355e-17,-1.12073130945301e-16,-1.42582152422552e-16,-6.73082873074368e-16,-2.61369854437668e-07,5.26588965673993e-17,4.88447926803491e-18,1.23040818071573e-16,1.21744094164899e-18,-3.36288004276574e-17,-5.30768590936971e-17,1.21657232763294e-16,4.25871768811513e-17,1.65334186075859e-17,-4.27279780891184e-17,-1.0024316175814e-16,3.46852170928674e-17,5.96462937262374e-17,-3.88111776642831e-17,-2.33824613700186e-17,-5.50629884489404e-17,-2.75897958726133e-16
"t472",-0.00487954033304118,0.0499761711492039,0.0642546671414003,0.0152250277213761,0.0305803323447601,-0.00495178438014191,0.00151422768120394,5.16518485380275e-05,0.00041928924772213,-0.00101618329836612,-0.000231771115363661,-0.00118191970920057,0.00745445002163396,0.0502250211345764,-0.00124672455754778,0.00217565842142861,0.154789951370682,0.00200231155285045,-0.00126740088628861,0.000485664589444112,-0.00116839929255918,0.000251669707744651,-0.000733824173867509,0.00128430338849418,-0.000205929590831369,0.00100175758950433,-0.0022073592093784,0.157272441199062,0.000475555191339442,0.0130137768168947,-5.40730525009147e-05,0.000847106222730226,0.000336382177705064,1.93603754112882e-05,-1.04579061296249e-05,-2.29814659528207e-05,-8.1613933392999e-05,8.45620277211598e-06,7.42340364981171e-05,2.62812117466527e-05,0.0207373713315789,0.000103390523201175,-3.29640890674548e-05,3.80153244343162e-05,-5.89359069020325e-05,-5.33510588923032e-06,1.34022556613653e-06,-2.16276300305884e-05,2.66248118120666e-05,-5.75450517536691e-05,5.15097235541347e-05,-0.00221981834590037,3.67983621093765e-09,-1.30879625510123e-05,7.11877148339548e-06,-7.55505931788816e-05,4.57375601558898e-06,-0.00665855367702828,-0.000433257868447178,-5.05241208259002e-06,-5.48706967012175e-06,6.95985488145261e-06,-0.000195767724871944,0.000305334550634862,-8.81352637733774e-06,2.66781498447294e-05,-1.50461517176751e-06,7.56468766549757e-05,-0.00395485006166926,2.33628513276557e-05,-3.86876542957177e-06,1.01796252249034e-05,-3.33891994352107e-06,-2.19035708128175e-05,9.16688170156278e-06,8.46552971806991e-08,-7.77197012298266e-05,0.000325806514532085,-3.78059797226975e-05,-4.40600794843321e-05,0.00032107443821628,0.000187718179416534,-2.29185831762962e-05,-0.000107264815053659,6.79384217438906e-06,0.000192822749687539,-2.85691389604524e-05,-4.50832873571168e-06,-1.00316033222871e-06,3.80874178464465e-05,-8.35028296381443e-06,2.10000932270943e-07,1.39924760779895e-05,-0.000130591920631557,-8.11953169823232e-07,-3.80064007342249e-05,-4.48421104962435e-06,4.25971134627902e-05,-0.00444522472282254,-2.16509551868633e-05,-7.14072580886067e-06,4.67285795270603e-07,-1.00962887311942e-05,4.97596921270772e-06,-2.20498889810043e-06,3.52864081227265e-06,-0.000122805790565153,4.23456733125423e-06,-1.95374170421454e-05,6.87801137028208e-07,0.000570024663859138,3.87236968341156e-05,-1.1989069090262e-05,1.28192248130219e-05,-4.86524683604716e-07,1.56333385572211e-05,-3.21687703213976e-05,4.10560313086243e-05,-5.48240138968812e-05,0.00405106792657362,-0.000101503226769331,0.157650779702734,0.000221658969361751,0.000584338234665377,-2.30925862579976e-05,0.000117927410437621,-1.14755199924492e-05,1.60719373735528e-05,-2.9608207740513e-05,-0.000408273383978962,-1.64706571602927e-06,-2.12625982186075e-05,2.55451746401877e-06,4.30839868700079e-06,-1.3766713158216e-07,-4.98145741141584e-06,1.30292950632136e-08,5.28453855857418e-05,8.96151968469123e-07,-2.67610849177852e-06,-2.04330553774761e-07,-6.60333422512663e-06,2.01737298416394e-06,1.32346454913466e-07,5.04152699806286e-08,-3.28339334049824e-08,-5.29915377069522e-05,3.47745554747899e-07,2.33474898122243e-08,-5.97434645772527e-08,-1.2725965410266e-06,-2.84313704155852e-07,-8.32149238578437e-07,2.31817844460712e-06,-1.77113052410613e-05,-6.13792318983191e-08,9.22623197586972e-07,-6.98100238604649e-06,-2.24235425201047e-07,-7.32826016872961e-08,-4.6284446670801e-06,1.55905965628431e-05,-2.87020247639296e-07,-5.60915893824939e-06,3.02718346107095e-06,-1.54306171165869e-06,-5.9408025873353e-07,-1.22293094666887e-08,-6.35339438326275e-07,-2.87635801329112e-05,3.48606358247475e-06,6.47646026517029e-07,-1.39840231742837e-07,-4.24881840304836e-07,-1.46027065196292e-06,-2.52168621264916e-07,-1.46989256918745e-07,1.24071153974978e-05,4.39613251598747e-05,0.000463711664360954,-0.0105000170031928,0.000190885651797556,0.00180168236281991,-2.42365224009213e-08,0.369575866977795,-6.30344882789171e-07,-8.41781602089213e-05,1.21116844688794e-05,5.37756496478353e-05,-6.15363170924767e-05,-1.14739547270971e-06,1.93720330028033e-06,7.52567185458066e-06,1.29797062792584e-08,3.42502006242404e-05,-1.65803651576316e-06,-3.03427172181802e-06,-2.12923347779811e-06,1.77316653442535e-06,7.45531708937351e-07,7.44994126993099e-07,0.000242776212933671,-1.92279535900567e-08,-3.49037388250628e-06,-5.28852796237457e-06,-2.63778335786414e-05,3.45859279699431e-06,1.83240610752165e-05,-2.6854979093868e-05,-1.75907951724673e-07,-0.000121967068660808,4.01935553941678e-05,-0.00011877060783428,-1.59855509764203e-05,-1.29655926814895e-06,-9.0929587850368e-06,3.08389109392635e-06,5.10475724117846e-05,-6.92217143722442e-06,-0.000121478008877958,-0.104731322987179,-0.000161826933942611,-2.91869742635496e-05,-0.00213221695585943,1.11889415470456e-05,3.97839535565582e-06,5.36507117540157e-05,5.68109695959144e-05,2.52659445872849e-06,1.32553254577013e-06,-3.15388287288955e-06,-4.85106828239975e-07,-1.88525241708368e-07,-2.77607480163761e-07,-3.87276558603088e-09,-3.85126814067852e-08,-2.88652049169036e-06,-6.37006260910465e-16,-7.25448319496654e-07,1.23259706028869e-05,-0.198320345704041,1.00678224376816e-05,6.25794554002947e-06,-1.02601512483348e-06,6.00388286201856e-07,-2.83064184075059e-06,4.38931490007904e-08,-2.35518765686485e-09,4.72049773394635e-07,-3.77943522583026e-06,2.34994042248285e-06,-1.05970365099698e-05,5.11161173509821e-07,-5.21034259890729e-09,-8.78786902256301e-12,1.2318245246522e-08,-3.16215734924914e-08,5.17298569689528e-07,1.54748710525088e-07,-3.39745241314373e-08,1.59546474589393e-05,-1.90683578561841e-07,3.63696945431279e-05,-9.09663789356142e-07,9.39603494092258e-08,-3.23421920633038e-08,6.37144355408089e-09,3.09932242854715e-06,-9.72901630829564e-07,4.91244926831516e-08,5.0833458433046e-07,-4.41171317855043e-08,5.35102303238795e-07,-7.28849822793563e-07,2.83875624579095e-05,-2.22359890628099e-06,1.7681089747173e-06,-1.30850620532172e-07,2.208354914415e-06,-1.14038301868512e-07,4.43714710208597e-07,4.3525885011815e-17,-1.1141941108733e-06,-3.82660469206887e-08,-5.05223461401651e-11,-4.46090600161364e-07,5.69643692090693e-08,-3.55037433241607e-08,-1.17518595300942e-07,1.38518359449263e-08,-5.88700469453219e-07,2.04686538978817e-06,7.56464106484671e-08,-1.6524706338956e-06,8.95144844062872e-07,-1.08550979276006e-06,3.48374396001363e-06,-5.4933672923856e-07,9.09867900096711e-07,3.22690489767362e-08,2.45290656675337e-08,1.371097145199e-06,-9.06451434307158e-06,4.06126209323743e-08,-1.15037705242795e-06,4.27416776880552e-05,-0.000432602978939723,3.04554407503657e-07,2.76314585734879e-07,1.59769462445086e-06,-5.08466678042894e-07,-2.9083998795022e-07,3.39959265381397e-07,-3.71693893287171e-05,3.8391910948812e-08,3.60388875399172e-07,-7.04531643655126e-07,-1.63970815034779e-17,2.18184175499805e-09,1.31859432005229e-06,-1.21130377778632e-07,6.25789805781493e-07,7.97994316107911e-08,1.64746245062831e-07,3.93312027315749e-07,-0.000127695003299496,1.9610793490286e-06,2.81810791279521e-16,-1.54620953653057e-06,-1.42314500406754e-08,-5.29166851753023e-08,2.51195164708893e-07,4.00283157339635e-07,-2.70866675185583e-08,-1.03944993748912e-06,2.77694247550317e-07,-1.32016516424566e-06,1.75666330748216e-06,-2.69731964644603e-07,-6.47472028136632e-07,-2.85137579262023e-06,-4.84243858234482e-09,-6.46045823435089e-07,3.87552206401411e-07,-7.0174024726557e-07,4.12401573754676e-16,-2.05877126524908e-06,1.61829792336508e-07,4.66390995419799e-09,4.10453167808858e-08,-1.34469984574337e-06,-2.79152495985616e-06,1.41910279591033e-06,-5.15582224564136e-06,-2.53797086841728e-07,-1.25354994908519e-16,-4.64936968807785e-07,-1.83184801066791e-07,-5.87796963009352e-07,9.62483346650692e-18,1.11363629402931e-06,1.6109074639448e-06,-2.46287807578068e-07,-9.23845149765777e-07,-3.14717680538636e-07,-1.79682626834418e-07,-0.000132427500330042,1.51767486558338e-07,1.22244471075873e-06,6.87044280705705e-08,3.40612309355022e-07,4.91660801117913e-07,1.97437394803946e-17,-1.96781246975356e-07,6.46273828216306e-07,3.16167425764902e-06,-4.23538301808616e-07,-1.57792122982299e-16,-9.599341802521e-06,7.70452692832318e-08,-1.87359018751842e-07,-1.26049132182048e-07,-4.24180831753463e-07,4.53693721469085e-07,-0.000138135551165583,8.33292252457079e-07,3.19385659697982e-16,3.09006254297174e-06,-5.91837753320094e-07,1.65316355944923e-06,3.87385497731662e-06,-9.20158082188787e-06,-2.6404483976333e-09,-5.1215000122784e-16,3.34469061696415e-18,-2.5711237174612e-09,-3.30488606368465e-07,4.36140850388892e-08,-4.43658808441802e-07,1.04756848775585e-15,-2.14300712127553e-07,-2.55160645797434e-09,-1.39847789115041e-16,-4.08845002688917e-16,-7.77293622248114e-16,5.58080792847707e-07,3.79696150212386e-05,-1.8147269711756e-06,1.43799060924573e-06,7.18054169703343e-07,0.000121171067701927,-6.20927542622999e-07,-8.21190363046396e-15,-1.44728322455321e-07,4.10560906977655e-07,-5.76520245387347e-16,-3.44301989086004e-16,-2.68450486992792e-07,-1.46120117181949e-10,-1.62708033943081e-07,8.93403456934809e-07,1.65200625066329e-07,-6.20254564164652e-08,-2.36525467670111e-16,-2.09501264113084e-07,-2.06642698605122e-16,-7.2326349072238e-07,-1.91817556575904e-15,-1.90872155215468e-07,6.47107173603444e-17,7.94114007525178e-07,2.09682110209359e-07,9.06418623172132e-08,1.2015959122908e-06,5.97473713234192e-07,-6.9739959675988e-08,4.49093891826401e-07,3.71325874503512e-06,7.86984142365361e-07,7.35151433746435e-08,1.69812192400491e-07,-4.95984732556013e-07,-8.80188745647036e-07,-7.36061435958011e-08,-2.57204038585359e-07,3.49337155604283e-16,2.5446925397476e-06,-4.67788468170231e-07,3.32331813823251e-07,7.46852757176312e-16,7.09427181103931e-08,4.33447988250357e-06,0.0387852025966618,-4.18034502945006e-16,4.86609188270808e-06,1.43072883094847e-07,-6.09160457999368e-16,-1.19951235901404e-06,1.16163939684449e-06,1.03404262627171e-15,-9.08110332213052e-17,-5.06287792209502e-08,-2.75572358014018e-07,-1.67110090114066e-09,-2.48700323891282e-06,7.71154758722114e-07,2.29920273825629e-07,2.25808881723898e-07,2.61071631891163e-06,-7.2928622800113e-06,9.93856452485235e-15,1.65622909683854e-08,1.15999986738876e-08,3.41347423012728e-08,3.47197343405223e-06,1.63886673048739e-15,-1.78239548280285e-16,1.29704870137616e-06,1.94505311404696e-15,-1.03731252292216e-14,4.48526894366426e-05,-0.387265615783554,0.00063429954656005,8.22457733538432e-07,-0.00149584088761305,-0.073669177125338,7.378356907875e-07,2.52034496406719e-15,-4.03240869674668e-07,-1.70857929679138e-08,-7.59133178305691e-08,6.52792179874508e-07,-1.97648521624096e-06,1.17252763045506e-15,1.41912718349832e-15,-5.99619469325475e-16,1.22986620357849e-07,5.14328720120091e-08,2.96491279135673e-07,5.32198584099864e-16,3.43141727234369e-08,4.50300211751721e-16,2.49507982460353e-16,-6.31593152552035e-06,6.77217439888011e-08,1.99536229011053e-15,1.47435604453829e-07,6.95502672171288e-08,-9.67372973962173e-16,-1.2906855491182e-07,6.55023063157601e-16,-3.47988227706877e-08,1.72505361280837e-16,-3.39835789643913e-08,-6.48854790654598e-06,-9.95424699680223e-09,-9.09009171347216e-09,-5.74970710185429e-08,1.95276023820088e-08,-1.89944971753046e-08,5.16112197555834e-16,1.82992381184062e-07,-1.23999396824767e-08,2.23640292126608e-16,-2.01121472695991e-09,-1.27553985727808e-06,1.65488806784818e-08,1.69621136862306e-15,0.00113188740243269,1.42519804917906e-07,2.60641208656117e-15,-4.51068577505217e-07,-1.10719756494859e-07,-8.78221595994912e-09,2.94981191939245e-15,5.35905310323432e-16,0.265096897268092,-1.20531572055204e-07,-8.08008808354743e-09,2.38867938698747e-08,-9.15548129980764e-09,-2.32287002281922e-16,1.67539987717365e-16,-2.97458915922475e-08,-2.0204137933064e-10,8.79997208045307e-16,-5.82212011937688e-08,2.48189737527097e-16,-2.48179266604039e-08,6.91638074806596e-09,3.95611510710378e-09,2.40765686996832e-08,3.71011837507739e-16,-4.80234938008272e-16,1.58443490071372e-16,2.08030903780687e-16,6.66829121511315e-10,2.01281692977669e-09,-1.15698769972042e-15,5.45851818822948e-16,-1.08993242463907e-15,-1.38566714241977e-09,-7.14018379378386e-12,-3.55080498457864e-10,3.8171632382557e-16,2.10754036902958e-15,2.71173362898728e-16,-8.42856362479292e-06,3.01610097868067e-09,5.74134696581261e-16,7.42494344518238e-10,-2.10614115261214e-08,-6.536749198096e-16,3.07181420102049e-16,-1.70626767561198e-08,-1.78034234731719e-06,-9.23241704916088e-09,3.85124287832313e-16,2.63068538369377e-07,1.78396900225138e-08,2.04838626998301e-08,-2.02586259843403e-08,-5.56412149616673e-08,9.38675439580213e-10,-2.13957639129267e-16,-3.49410906446721e-16,-4.89779232642936e-16,2.11165246707733e-08,-1.91614430532747e-08,-7.35312061605748e-09,-1.4204796285895e-07,-2.07228589893312e-18,7.11670228590162e-17,-2.81241714154587e-16,3.36711855632692e-16,-6.96449543643843e-17,3.22549271952784e-08,5.36190280022225e-16,1.042193681955e-15,-5.35873901528927e-09,3.33121166008975e-16,-4.8034220560519e-09,-3.64945942758808e-16,-5.96857672809193e-09,5.53390317543759e-16,-7.5349051614068e-09,-9.51876202838687e-10,-8.8055016811226e-08,1.92325411006692e-16,3.15076124209066e-08,-6.0858858190554e-17,4.62904676399561e-08,-8.5004156523151e-08,1.06429548209385e-08,2.94350559596265e-16,7.0032466236522e-08,4.9326920551607e-16,-2.0756732991354e-08,-0.000222479968188225,-3.91995470933067e-16,4.40098597629716e-16,2.80617358537579e-17,5.12460379737989e-16,-3.33470206964009e-10,-4.37302905609041e-09,-9.8342043301683e-10,3.39538550703932e-16,-7.80417011351852e-16,-1.06930431328996e-08,8.73251190296201e-08,1.02357211302273e-16,-1.34914662817022e-15,-4.75945262173624e-09,5.02678558657918e-16,-3.39555305156325e-08,1.11274348768689e-15,2.54828235260618e-05,1.21766567749719e-16,-7.42211885733587e-16,5.91097140593522e-16,-2.54474874596355e-15,-1.43184576110151e-15,4.14109649092757e-15,6.43146942349934e-09,-4.4997439766215e-08,-6.49342055134486e-16,-6.80700052231985e-07,1.15314564832851e-07,-7.33508381875999e-16,-1.28845270538243e-15,-2.30421639184063e-15,-4.1554617364893e-15,1.15724722654789e-08,1.85818507837184e-09,-5.34014557604706e-16,1.16105688178668e-15,-2.12104318505704e-08,-1.70479098761314e-06,-1.14692983312742e-09,3.72580978589514e-15,-7.79082009195776e-16,8.71603700003592e-16,6.05451346444028e-15,5.58046877195638e-17,-1.36827114844357e-15,4.60986428176951e-08,-4.37147707611032e-08,-8.42722587671710e-09,2.81383285086526e-15,5.15321655510268e-15,-9.81484573063965e-16,-7.08202470910813e-15,-5.77955349046636e-15,-8.8573126850668e-15,4.72567026097281e-15,5.38896798510103e-15,5.32058344279926e-14,-2.64231211998852e-14,-1.67483746629586e-14,5.93076744424929e-14,0.707106781186545,-3.37216478380782e-14,4.81079151331585e-09,-1.6043967814934e-14,5.31015459769245e-14,2.20342527016589e-14,6.84299167558599e-08,-8.25125340768623e-10,-1.43856064180021e-14,-1.7692564158099e-09,6.30180823046596e-08,-5.76960143364273e-15,-1.26149923767262e-15,-2.75341426028408e-06,-5.04547391406092e-15,1.57559037805667e-09,-1.58909963647934e-16,-8.06247965816298e-17,-2.4678723014303e-15,1.2116276168902e-16,1.56512010607287e-09,-4.82690465068885e-06,-1.4276913823004e-15,1.45775497629803e-16,-4.98214971432301e-16,-1.67356880987712e-15,-5.44223581401982e-15,2.64615427806463e-15,8.59248066256097e-16,1.28270835565368e-16,2.68769241694913e-09,-1.61862547214824e-15,7.83849619813031e-17,2.51442455786195e-15,-8.56018577935484e-16,-1.09181819435449e-16,4.69736010931711e-15,-5.34452510274347e-08,-3.70561228010859e-16,4.45330082506228e-16,3.10892744421362e-06,1.04033181807206e-15,1.05145198398041e-15,1.1762120654142e-15,-1.19958957647974e-15,3.38080949601973e-08,-5.03195451431913e-16,-2.50244066903829e-08,1.47685870250482e-15,1.79186283285701e-16,-3.17727295350466e-16,-5.30472614278706e-16,1.67150258107557e-16,-6.5627920812501e-16,9.0926035714027e-10,-1.33979702441276e-16,-8.54856713390866e-16,5.15102518468092e-09,-1.14005842432294e-07,-1.69958954381401e-16,8.01456131084018e-08,1.17512190389141e-08,5.112685505283e-16,8.79453456520663e-17,1.80152969256983e-17,-3.54708918899109e-16,-1.70744437598103e-16,-2.00500252991242e-08,1.7765380005262e-16,8.51431869913586e-16,-4.28894391627644e-17,8.05822434066039e-09,2.38352309794012e-17,7.9698714721637e-16,4.09126043621706e-16,6.71490673116003e-17,-3.68992091846171e-09,-8.59509793625262e-17,1.11190080324802e-09,5.34218364291611e-18,1.43935142057606e-16,1.03060178186924e-16,4.43246816649675e-16,-5.91683667339117e-17,-1.03994984353296e-16,6.95699893497704e-17,-1.944420689536e-08,3.16102853661329e-16,-1.30653872115761e-15,8.1902655821968e-09,-5.66098727051019e-16,-2.05357706677762e-16,-6.03655343802685e-16,1.00338485183563e-16,-3.59094678619976e-16,1.3870395628949e-16,-4.63626312526344e-06,6.23347646930748e-16,-3.30979040978506e-16,1.78283786574404e-08,-4.25881591189763e-16,4.63506859450989e-18,-8.67172179697211e-17,-4.8412280727128e-16,1.7818571519987e-16,2.0768510956246e-17,1.18630176824773e-16,-2.59883843600376e-16,2.98211597998917e-16,-1.10471441267322e-16,-3.13474850345766e-16,-9.44201196929659e-09,3.1344694469948e-08,-3.45069555419753e-16,3.810011875507e-16,1.04199087784947e-16,6.42987444167729e-18,8.32304738367443e-16,2.06771876731652e-17,9.52716195074278e-17,-2.13693294779108e-16,-2.73163252944802e-09,-2.65040227644652e-16,-3.85810367875824e-17,-1.11736857463169e-16,1.42105169972815e-17,7.87271093156925e-08,-5.59657835125572e-16,-5.60224305738658e-10,2.48967449242522e-16,-1.9155427843664e-17,-2.1181128081658e-16,1.79717728092787e-17,-8.73628947824962e-17,3.8635016971611e-16,-2.59155995641028e-16,-4.08499499672608e-16,3.56846946253513e-16,-4.02351008632202e-16,5.38542556957457e-16,-3.19805426668512e-16,1.37725036107952e-16,2.18493560300422e-16,-2.77662850866807e-16,1.71515295016667e-16,7.10247370616082e-17,1.94853231615672e-16,5.68410841023993e-17,-1.35635089060392e-16,1.61095502172401e-16,2.81429069978217e-16,-1.49090140390198e-16,7.6407795033324e-17,-7.20749905406856e-17,2.71557632001868e-10,-1.2478566479335e-16,-5.56821664947724e-16,3.33132698670607e-17,6.69835184189831e-18,-1.40701611042026e-16,1.38309725463566e-17,3.10698020879475e-16,2.59977749690859e-16,-2.95788891699882e-17,-2.33242235061675e-16,2.8493171906098e-16,-6.8818675832116e-17,-1.73000114948598e-16,-1.22101578395401e-17,-2.76273178773158e-16,1.69342495308166e-16,5.50937929763698e-17,-3.5367763063495e-09,2.17025570474004e-17,-1.32213835737117e-16,1.48475820977191e-16,2.29411365586737e-16,-3.15762856677054e-16,-3.1072174081895e-17,-1.22867350695203e-16,-3.24784971357541e-18,1.9962731008938e-17,7.5813699441241e-10,1.83618462286104e-16,2.15551329548341e-16,-3.64998669576477e-17,1.67580473070803e-16,1.46412294414801e-16,-1.38886611268907e-16,6.29464562074285e-18,6.02530021859156e-17,3.77918698001139e-17,-9.98225524150698e-18,-8.12373340989614e-17,-1.75613425497981e-17,8.21923441283049e-19,3.86764325681305e-09,-2.18244227926467e-17,-5.08872839774303e-17,2.92102046957033e-18,-4.9249883685154e-16,-2.6136985402051e-07,-9.11894100761634e-17,-4.55503120017436e-17,1.04393794404241e-16,-6.07210278082814e-17,-6.22820043686101e-17,4.16195018304397e-17,1.48087769367912e-16,5.86651175306263e-18,-6.18425134647919e-17,-2.6494609983809e-17,-3.58311107020088e-17,6.91654631225712e-17,2.03739408246503e-17,-5.30182454142314e-17,-6.32075667726204e-18,-5.90646533204139e-17,-2.44592628430395e-16
"t237",-0.00487841013320848,0.0499517919127773,0.0642223100761301,0.0152147565263996,0.030555082947363,-0.00494698939795143,0.00151273268735358,5.15968083675268e-05,0.000418761843558294,-0.00101463455654818,-0.000231323493404895,-0.00117911092381895,0.00743622047554043,0.0501003525508689,-0.0012434960856116,0.00216969463842433,0.154355602488411,0.00199659201044993,-0.00126369749966389,0.00048412400266747,-0.00116439339661854,0.000250630374837165,-0.000730625847985411,0.00127867425151767,-0.000205023486120713,0.000997142257038694,-0.00219707062268825,0.156532891689154,0.000473259749320501,0.0129397677639452,-5.37454460006981e-05,0.00084174422896051,0.000334101864660186,1.92230202802586e-05,-1.03799930324994e-05,-2.27968465477196e-05,-8.09501491087993e-05,8.386356198362e-06,7.36167950913119e-05,2.60595049961839e-05,0.0205575128029912,0.000102472544758804,-3.26671426112272e-05,3.76724671472247e-05,-5.83953027880627e-05,-5.28311821213575e-06,1.32692974901566e-06,-2.14112745954478e-05,2.6352251225386e-05,-5.69413518216571e-05,5.0951811768333e-05,-0.00219542126767008,3.63930669096689e-09,-1.29412036763115e-05,7.03615280102649e-06,-7.46692686605344e-05,4.5154541971121e-06,-0.00657169062608871,-0.000427590440705756,-4.98259950025277e-06,-5.40817167251889e-06,6.85783701195809e-06,-0.000192853742039347,0.000300772213237144,-8.6780872221528e-06,2.62579581933143e-05,-1.47963924520871e-06,7.43621863341657e-05,-0.00388698333447264,2.29544403322677e-05,-3.79455483884434e-06,9.9711007097856e-06,-3.26985237339241e-06,-2.14413767914136e-05,8.97297020273128e-06,8.28493021481672e-08,-7.6056094639235e-05,0.000318717728640509,-3.69532068490042e-05,-4.30519839197622e-05,0.000313550608321513,0.000183296787570596,-2.23586307021395e-05,-0.00010461562304524,6.61830631663129e-06,0.000187780582491207,-2.78130649718903e-05,-4.38878658246719e-06,-9.76547290000378e-07,3.70757108589781e-05,-8.12747156923734e-06,2.04158464246269e-07,1.36017264468138e-05,-0.000126853028845548,-7.87719807219594e-07,-3.68650989633009e-05,-4.34951536260372e-06,4.12977360737396e-05,-0.00430885809684115,-2.09725912931482e-05,-6.91317979458729e-06,4.52373074837064e-07,-9.77354043908883e-06,4.80489150770778e-06,-2.12877937694512e-06,3.40618346923356e-06,-0.000118513033334075,4.08624739469426e-06,-1.88506644616301e-05,6.63494648890535e-07,0.000549845257682872,3.73386854020619e-05,-1.15597385788817e-05,1.23478383373335e-05,-4.68534429370437e-07,1.50482327655705e-05,-3.09583034477477e-05,3.94883754434125e-05,-5.2701382129797e-05,0.00389258883127628,-9.75091403424033e-05,0.151322608205959,0.00021264801700339,0.000560572072089369,-2.2151665459454e-05,0.000113060325225637,-1.10014013868295e-05,1.54006339980522e-05,-2.83331344708078e-05,-0.000390685240132324,-1.57593754801939e-06,-2.03258678760834e-05,2.44154134267703e-06,4.11732265541027e-06,-1.31491888223851e-07,-4.75765723644749e-06,1.24299648132769e-08,5.0368893985386e-05,8.53097226424684e-07,-2.54744812305107e-06,-1.94465513441636e-07,-6.2838450357121e-06,1.91943142833191e-06,1.25912762123847e-07,4.79644146461194e-08,-3.1222832567847e-08,-5.03432769140765e-05,3.30045793941825e-07,2.21537553300172e-08,-5.66584712998376e-08,-1.20683155295514e-06,-2.6956583919196e-07,-7.88889131138521e-07,2.19736437315929e-06,-1.67671213978896e-05,-5.8095395818383e-08,8.73137212558679e-07,-6.58505973736362e-06,-2.11348892873098e-07,-6.90626813174731e-08,-4.35896599749833e-06,1.46808348248857e-05,-2.70036220530376e-07,-5.27668492885985e-06,2.84532397038876e-06,-1.44916410863823e-06,-5.56590199899576e-07,-1.14565912337465e-08,-5.95182023768305e-07,-2.69366662843396e-05,3.26338663667685e-06,6.0624303224335e-07,-1.30800292546488e-07,-3.97319819035546e-07,-1.36483243079491e-06,-2.35657572250725e-07,-1.37355937905045e-07,1.15799046100891e-05,4.09786504990949e-05,0.000432155859219592,-0.00978345451077194,0.000177749595690186,0.00167729936197508,-2.25580595996062e-08,0.343906009854028,-5.86130173563427e-07,-7.82592553998929e-05,1.12422015290584e-05,4.99125315574589e-05,-5.70852330815077e-05,-1.06283368758885e-06,1.79222819055852e-06,6.95950595267884e-06,1.19956019033581e-08,3.16383615116418e-05,-1.52942794450495e-06,-2.7980500472738e-06,-1.96218685305322e-06,1.63351918156051e-06,6.85076112528918e-07,6.84500044618548e-07,0.000222821630447891,-1.76287414626777e-08,-3.19185446001454e-06,-4.83616120779703e-06,-2.41157964977409e-05,3.15969395140151e-06,1.67319625123979e-05,-2.44885598437723e-05,-1.60138036324013e-07,-0.000110882355679167,3.65253107222408e-05,-0.000107726069979314,-1.44836822665042e-05,-1.17471250144975e-06,-8.23160927023183e-06,2.78587753887857e-06,4.60958013607547e-05,-6.23709247064596e-06,-0.000109289663305597,-0.0941736841591292,-0.000145197200194034,-2.61740245069392e-05,-0.00191101794168791,1.00106690248326e-05,3.55818218143813e-06,4.79797503227068e-05,5.07082201087103e-05,2.25253434747792e-06,1.18020187972852e-06,-2.80641590473644e-06,-4.31394533514192e-07,-1.67553705162129e-07,-2.46685732579903e-07,-3.43613300100321e-09,-3.41379092575322e-08,-2.55597021457198e-06,-4.6031952240719e-16,-6.41410861022779e-07,1.08948273948787e-05,-0.174928285166029,8.86595491968294e-06,5.50351034377244e-06,-9.02249728457878e-07,5.26644333602151e-07,-2.48191197188059e-06,3.84780858631394e-08,-2.06270119951349e-09,4.13164938623964e-07,-3.30414072407532e-06,2.05335640857923e-06,-9.25761955269098e-06,4.46030909687807e-07,-4.52401761749074e-09,-7.61750408878484e-12,1.06608363659234e-08,-2.72778948360562e-08,4.46136035836104e-07,1.33153812954616e-07,-2.91955234499112e-08,1.3684891802688e-05,-1.63458327101991e-07,3.11573091694755e-05,-7.78611609200703e-07,8.03191544821038e-08,-2.76426245787808e-08,5.42748342949987e-09,2.63993966083913e-06,-8.28626137336375e-07,4.18014330070605e-08,4.32409045307721e-07,-3.74869631102315e-08,4.54591990240541e-07,-6.15084816725428e-07,2.39388084250176e-05,-1.8740214013933e-06,1.48811495401158e-06,-1.10009073196193e-07,1.85200675716999e-06,-9.55671785420367e-08,3.71630610330187e-07,5.39994618586121e-17,-9.31330012400693e-07,-3.1977313540807e-08,-4.21829807760057e-11,-3.71697659239712e-07,4.73807183265857e-08,-2.95057053671143e-08,-9.76240251070717e-08,1.1444290934149e-08,-4.86207333587152e-07,1.69034231610508e-06,6.23686944962582e-08,-1.35606435723239e-06,7.33980354607556e-07,-8.89563796062002e-07,2.84949791079868e-06,-4.4603735975761e-07,7.36454144474313e-07,2.61140002179844e-08,1.98492622405411e-08,1.10072041320503e-06,-7.20813729780819e-06,3.22553130634051e-08,-9.11985544489556e-07,3.3808803973087e-05,-0.000341954525907729,2.39338067720447e-07,2.17048958784809e-07,1.25398656776616e-06,-3.98858041617591e-07,-2.2772304602815e-07,2.6563478619188e-07,-2.8987409814488e-05,2.99155955757335e-08,2.80417852650541e-07,-5.46505129865817e-07,-1.11443056734925e-17,1.65967371194164e-09,1.00099450134756e-06,-9.1674300850775e-08,4.73569349487549e-07,6.03827995997124e-08,1.24566655219905e-07,2.96964400353147e-07,-9.62500855461707e-05,1.4730164429256e-06,2.28921010937714e-17,-1.15197219551135e-06,-1.05919714421977e-08,-3.92970522966796e-08,1.86493476730468e-07,2.95538546972295e-07,-1.99368920764027e-08,-7.61698465245025e-07,2.02865836841157e-07,-9.57934519746428e-07,1.26661529250723e-06,-1.93688955362014e-07,-4.63851595249024e-07,-2.0397581777697e-06,-3.45505389214037e-09,-4.60816998796708e-07,2.75921755932959e-07,-4.98885040449204e-07,2.01974123491849e-16,-1.44754080210186e-06,1.13518248882211e-07,3.27150310383615e-09,2.85981079799913e-08,-9.35949342275154e-07,-1.91823128606895e-06,9.71516760464588e-07,-3.52705274014348e-06,-1.73130533242895e-07,-2.72718970798013e-16,-3.16132430481383e-07,-1.24404273553861e-07,-3.97356150398617e-07,1.63008864520745e-16,7.49048661897309e-07,1.08222439494898e-06,-1.65355812720458e-07,-6.19464039025169e-07,-2.10569444220088e-07,-1.20024144921699e-07,-8.83449419744083e-05,1.00859021800177e-07,8.1201927356075e-07,4.5515950809327e-08,2.24585365934967e-07,3.24101432931467e-07,-1.65435966966561e-16,-1.28495819466603e-07,4.21305269796741e-07,2.05347385531798e-06,-2.73523990866719e-07,-6.87693830122938e-18,-6.12208263514555e-06,4.84261974960558e-08,-1.1697445478083e-07,-7.84477124587333e-08,-2.62983302369488e-07,2.79263358600137e-07,-8.40177366485791e-05,4.91373173852036e-07,-2.34540143595781e-16,1.76971562714468e-06,-3.38061833170384e-07,9.39081005278793e-07,2.18346243467274e-06,-5.18325680662085e-06,-1.48405573384688e-09,-7.56962851775067e-16,-1.5197202892366e-16,-1.42637710011006e-09,-1.81224131246509e-07,2.38807895789676e-08,-2.40337875696148e-07,7.88403311131596e-16,-1.13305240654795e-07,-1.33409109457481e-09,6.81631679166676e-17,2.09374078745421e-16,1.41331636052387e-16,2.81275233519451e-07,1.90438009587544e-05,-8.94671097769017e-07,6.98361070982193e-07,3.48100027793272e-07,5.77759656776153e-05,-2.95490997181854e-07,-3.79343688475558e-15,-6.64806575164916e-08,1.86147768991267e-07,4.25339813699501e-17,7.42085815550397e-16,-1.15284224264021e-07,-6.18832417809799e-11,-6.7598203081102e-08,3.66290256444425e-07,6.59775145958539e-08,-2.46640975888111e-08,-4.15414658063815e-16,-8.28088017270333e-08,2.60534016063074e-16,-2.80888614423292e-07,5.05314445343498e-16,-7.31468125523035e-08,-2.68865658587983e-16,2.99080486381359e-07,7.86889826770668e-08,3.23765652010631e-08,4.2448086700593e-07,2.10081017917525e-07,-2.40175311175959e-08,1.5181085616527e-07,1.19947201880549e-06,2.54108639393718e-07,2.33921087775389e-08,5.25565906270854e-08,-1.47631424981471e-07,-2.53057697366907e-07,-2.05649211007339e-08,-7.08233145475275e-08,3.06374292034296e-17,6.68470836570128e-07,-1.17058438559978e-07,7.09515756076428e-08,1.35504580489399e-16,1.43607965929295e-08,8.03342403195503e-07,0.00689972863561828,-4.288212131928e-16,8.46849303009851e-07,2.267021518101e-08,4.89727127236794e-16,-1.8068967987226e-07,1.17825871733792e-07,-3.22244097064538e-16,-3.84512448426227e-16,-4.10455736664598e-09,-2.18284595717233e-08,-1.17687294326637e-10,-1.49083782913599e-07,2.7444164753612e-08,7.68836053700797e-09,6.86153369828441e-09,-1.00045282996007e-08,2.41788869253191e-07,-2.75738023451481e-16,-7.38493912232995e-10,-5.40253564706167e-10,-1.82921640751874e-09,-2.15697217656555e-07,-5.04722667563589e-16,-5.97874919427262e-17,-9.59826707103853e-08,6.09540814417199e-17,-2.85439134663116e-16,-6.90131297792386e-06,0.0653160560040699,-0.000107179877239127,-1.66511482426951e-07,0.000309809652881884,0.0153316255635535,-1.58346734705576e-07,-5.41499677446631e-16,1.1596574549446e-07,5.19678352472456e-09,2.35113847662939e-08,-2.20659113919576e-07,7.7605400054973e-07,-1.26805537690693e-17,-1.04813413500833e-15,2.61844947739643e-16,-5.88921420702531e-08,-2.67065284094525e-08,-1.54889485227932e-07,-2.59757450365596e-16,-1.93382553189238e-08,-3.20997288964706e-16,-2.82227683505221e-16,4.87894836866628e-06,-5.25141321024862e-08,1.62041468567894e-15,-1.23142274759322e-07,-6.06382838095593e-08,2.90261911487839e-15,1.22795855317094e-07,1.53011340415231e-16,3.67605673944962e-08,4.9783486994633e-16,3.62382771741779e-08,6.96960255646871e-06,1.07805783071945e-08,9.95818881055441e-09,6.46345169321347e-08,-2.41939507122497e-08,2.6997764645803e-08,-7.22784276188752e-16,-3.09980022217284e-07,2.14106521214004e-08,2.27344182916531e-15,3.56284046880131e-09,2.36865059550435e-06,-3.2082545309868e-08,-3.22332402754622e-15,-0.00255329877010589,-3.31621233785221e-07,-5.49792615178802e-15,1.09439072722854e-06,2.74301354777708e-07,2.35519219357138e-08,-1.03264444437173e-14,-6.04955666003899e-16,-0.868417688177493,4.32886292397543e-07,2.9589494150264e-08,-1.41476096416833e-07,5.96526265352547e-08,1.32468410507947e-15,-3.18386575226782e-16,2.07843504205864e-07,1.42466704313745e-09,-3.68907500115419e-15,4.66541821163574e-07,-6.35955966435885e-16,2.28061174495381e-07,-7.89162321037696e-08,-4.59115848036627e-08,-2.99405800603651e-07,-1.47930539343221e-15,9.97805662327284e-16,-2.61481530280082e-15,-2.88392417335698e-16,-2.13280085126253e-08,-7.3381769239342e-08,2.68391584314504e-15,-8.04689529143791e-16,3.17902084750779e-15,1.00477557789732e-07,8.92954011859822e-10,-4.78112267193219e-08,-6.71153178326822e-16,-3.66631900823567e-15,-1.25490387531272e-15,-0.000149160052673515,5.19023264723647e-08,-7.93555023842615e-16,9.77954115298329e-09,-2.53983872988217e-07,3.23362551608537e-16,1.13833547361663e-17,-1.72295532141572e-07,-1.77503340213533e-05,-8.4324490790493e-08,-2.33417705478714e-16,2.11390828797982e-06,1.34654268919012e-07,1.42790413904621e-07,-1.28212783068712e-07,-3.43820733454584e-07,5.55743194529928e-09,-5.886558157594e-16,6.33302142734407e-16,6.56941889687862e-16,1.0197307122728e-07,-9.22828097506677e-08,-3.46430680959255e-08,-6.04973054046163e-07,9.70707973755254e-16,6.05976780580303e-16,-1.69349575840352e-16,-9.22958124698309e-16,-9.4182564456328e-16,1.25448659563328e-07,3.76156442594203e-16,-2.01268388726056e-17,-2.01818640881141e-08,-3.12663361842014e-16,-1.80602965284253e-08,-3.96787944866139e-16,-2.23784220452435e-08,-5.02349384166901e-17,-2.68300977802531e-08,-3.35019942307412e-09,-3.04587723081471e-07,8.48876409012973e-16,1.06759626726817e-07,-4.4193836884067e-17,1.50287028322571e-07,-2.62237170698096e-07,3.27641515002515e-08,-2.10242650156657e-16,2.11480596343787e-07,1.36053115329105e-16,-6.08832894820933e-08,-0.000651671075572847,-2.00358252957898e-16,-6.13013676421644e-18,8.07867715947142e-17,-1.33295515859113e-16,-9.5480854799952e-10,-1.24481572116093e-08,-2.78068221564274e-09,-2.37572747591285e-16,-1.84076130770195e-16,-2.93167156669538e-08,2.39098644320938e-07,3.53044821416404e-16,1.12832922666612e-16,-1.2573774736442e-08,1.80816403880612e-18,-8.90539105101204e-08,1.46002019122517e-16,6.5477903490476e-05,1.50775031740995e-16,3.95714411010071e-16,3.82185772755158e-17,1.01503151377469e-16,3.45510936278644e-17,3.13708432133368e-16,1.58950435554707e-08,-1.11154701340036e-07,7.89303649746208e-17,-1.66013088268054e-06,2.79766958600777e-07,3.98662527272187e-16,2.15692954271271e-16,2.33854063609673e-17,6.53280271348613e-17,2.74692743393932e-08,4.38899712317268e-09,-5.656738344888e-18,-1.11523799169479e-16,-4.98270536458541e-08,-4.00204443300855e-06,-2.68610640557156e-09,2.37463283947359e-16,-7.79820769941411e-17,-3.06024582761002e-16,2.04810443330381e-16,1.76763393180109e-16,2.20839476295644e-17,1.04086330310626e-07,-9.83827873094194e-08,-1.89052342576131e-08,-1.37446432437523e-16,-4.30933694915306e-16,2.23807772180631e-16,-3.25950364907265e-17,1.64398689658911e-16,8.73271122955611e-17,-2.29757921368668e-16,1.33123502901825e-17,1.93767818765859e-17,-1.92579415772792e-16,1.0740247631198e-18,-4.67343898160845e-17,1.7846242216125e-16,-7.55898617503166e-17,1.02612643005189e-08,-2.34879200798518e-17,1.89489678859348e-16,8.34910685603462e-17,1.45053970386021e-07,-1.74653919160331e-09,4.54835873648858e-17,-3.74176264607873e-09,1.32284714326042e-07,9.07192229665929e-19,4.81805093336832e-18,-5.72756141039762e-06,-2.39818510070254e-16,3.24219107527026e-09,-6.59918957277994e-17,-1.03235715930327e-16,-7.44852796946669e-17,-2.28144496702533e-16,3.16816322442331e-09,-9.76014820148998e-06,2.03293726179954e-17,-3.92696279132014e-17,8.27736051129344e-17,1.09110560614869e-16,-9.51937977771745e-16,1.01674897158071e-17,-1.93194617841454e-16,2.00107121778578e-16,5.15910594430441e-09,7.72941155900027e-17,2.12354089495479e-16,6.24107790749026e-17,-6.18481732562765e-17,2.20549178825953e-16,1.16885288838236e-15,-1.01543847867291e-07,-3.45419103654379e-18,1.17488175161102e-16,5.89589978142915e-06,-1.69290457082708e-16,2.26172197811086e-16,6.33747289146063e-18,1.73910787056628e-17,6.27813694613501e-08,-8.44637306917632e-18,-4.63018357158916e-08,-3.02322138293691e-17,1.57049182720755e-17,-1.26264405265404e-16,1.57107935754524e-16,4.92341763572677e-17,9.28432171740805e-18,1.67017273512993e-09,-9.61424140241761e-16,-1.01117878806843e-16,9.40996210595966e-09,-2.08210375588152e-07,-3.13795075142642e-17,1.45693414720928e-07,2.13312797846166e-08,-1.77059578398793e-16,-1.88110384942366e-16,1.46547786265388e-18,3.09986429335019e-18,-1.51461167519634e-16,-3.56537695440738e-08,-4.02245000430914e-17,-2.16309842206767e-16,1.82473491732107e-16,1.42567007788925e-08,2.50224216357586e-19,-1.42389086093842e-17,3.79944079935382e-19,-3.02848370769533e-16,-6.48526646544826e-09,5.16679055373727e-17,1.95031035424815e-09,-1.24375762595416e-18,5.04031036095351e-17,1.05903386682724e-16,1.91375398425427e-18,-3.04188906047237e-17,1.49196379015622e-16,-2.52301831819167e-18,-3.37519120383347e-08,2.69622661845147e-17,2.30828124990437e-16,1.41809871223878e-08,-1.85035412856379e-17,3.62100713420558e-17,1.97829031596801e-16,7.8840063017417e-17,8.04185761173859e-18,-4.96064161096637e-17,-7.96492626772904e-06,4.99236774801604e-18,1.25449576167722e-16,3.05234372030298e-08,-1.38077259133432e-16,1.00801664311941e-16,-1.56264615868433e-17,-1.76576419022256e-16,4.89487284059672e-17,4.28092654205588e-17,3.29459923458806e-17,2.15509295273716e-16,-1.38350158768482e-16,-1.05472822882124e-16,-4.85109505956873e-17,-1.59670594909988e-08,5.29292240430264e-08,5.48387944479389e-19,-5.30952153564684e-17,1.49523562259592e-16,-2.51886538414571e-16,-1.49420000027448e-16,2.47652332098814e-16,-4.59311821804724e-17,3.79101469380487e-16,-4.57848368087651e-09,1.70303393537999e-16,1.28511903761967e-16,-1.19632005258472e-16,-3.94506921710686e-17,1.3114222872972e-07,2.88576709483818e-16,-9.26885695576325e-10,-6.90740392106179e-17,-5.6689716784094e-17,1.32344997296022e-16,1.05666393486211e-16,5.70402897389784e-17,2.20565366563561e-16,-1.17021892716592e-16,-3.19078348323507e-17,-4.07172665259209e-17,-7.49479655966884e-17,-2.58233366695185e-17,8.88846654404436e-17,2.34632285809454e-17,-2.07703081806795e-17,-7.15708037807924e-17,6.40471202641537e-17,-5.81016981287169e-17,1.15587884285479e-16,-1.53476480577618e-17,-1.04168058043567e-16,2.79608964020434e-16,2.2324231226504e-17,-3.22186558710009e-17,-7.58225277039063e-17,6.22705565957253e-17,4.38776635805828e-10,-8.69962255462866e-17,5.21213092387905e-17,-1.8423675794828e-18,-1.90906308345679e-16,-1.29014177090539e-16,-6.39331852195475e-19,-1.36465810308014e-16,1.07634935795372e-16,5.56264985975704e-17,8.92669586823796e-18,-3.15240251979633e-16,-1.55873559390703e-16,-3.24266094579906e-17,-1.32469344614299e-17,6.70594222329574e-17,-1.58888176936113e-16,1.48442730465958e-17,-5.63037373945528e-09,-2.20626453487144e-17,5.11645678968261e-17,-9.83568842638508e-17,3.877200828652e-18,-1.01923834785051e-16,1.03930828441001e-16,-3.65597682523306e-17,-2.74978025343512e-16,1.77927878134044e-17,1.18960730869813e-09,9.12140910515513e-17,2.40734311807418e-17,-1.39186261716846e-16,-1.65011340123313e-17,5.74291762343329e-17,2.43424709183082e-16,2.3041086239851e-17,8.78632061075541e-17,-1.85799762967522e-16,4.19103177782846e-17,5.72312569533926e-17,1.16988579758461e-17,-2.59565132789622e-17,5.98629629080772e-09,-8.58869784391952e-17,1.41495283399403e-17,-1.80707279066681e-16,-7.28617741228149e-17,-4.02079698233709e-07,8.45862743927596e-17,-2.83642059732673e-17,-4.97750496378074e-17,1.36345406707793e-16,-6.64996152620934e-17,1.38340885594923e-16,1.50665024445044e-16,2.2048981994707e-17,-2.86143919031337e-17,-5.44356846153185e-18,-2.19172698586305e-16,3.3774644674252e-17,5.48573266038383e-17,3.41360431964869e-17,2.0438812725809e-17,3.61299684658875e-16,-2.11282331796085e-16
"t421",-0.00487734562893692,0.0499288277669212,0.0641918310096211,0.0152050809042075,0.0305312964020759,-0.00494247199811725,0.0015113242298271,5.15449527578261e-05,0.000418264921728759,-0.00101317519438982,-0.000230901645474831,-0.00117646346494339,0.00741903756328033,0.0499828402304427,-0.00124045282360973,0.00216407269225543,0.153946140865119,0.00199120009254568,-0.00126020617060135,0.000482671506278079,-0.00116061622542166,0.000249650149494818,-0.000727609176874615,0.00127336478697224,-0.000204168833101958,0.000992788689957437,-0.00218736538954917,0.155835264098756,0.000471094333819503,0.0128699304207396,-5.34362665162186e-05,0.000836683363154486,0.000331949281971028,1.90933449807267e-05,-1.03064272641902e-05,-2.26224935125822e-05,-8.03232552743318e-05,8.3203885511517e-06,7.30338211630426e-05,2.58500980697671e-05,0.0203876186225968,0.000101605362108232,-3.23866150534722e-05,3.73485660871604e-05,-5.78845611637976e-05,-5.23399265067801e-06,1.31436515672004e-06,-2.12068121442152e-05,2.6094652559523e-05,-5.63707416281423e-05,5.04244183833967e-05,-0.00217235747472206,3.60099176670783e-09,-1.28024544724369e-05,6.9580326744015e-06,-7.38359148642538e-05,4.46030526852148e-06,-0.00648951659625507,-0.000422228885083289,-4.91653798583559e-06,-5.33349849665273e-06,6.76127271332805e-06,-0.000190095316779996,0.000296453342788641,-8.54985695906883e-06,2.58600792208414e-05,-1.45598265662198e-06,7.3145198439132e-05,-0.00382268921085245,2.25674859340134e-05,-3.72420181815377e-06,9.77332679158229e-06,-3.20434107627928e-06,-2.10029181617875e-05,8.78901347333862e-06,8.11359143924842e-08,-7.44777549915915e-05,0.00031199145533924,-3.61438206763915e-05,-4.20950705878402e-05,0.00030640740783087,0.000179098899204349,-2.18268226601868e-05,-0.000102099354437368,6.4515122858245e-06,0.000182989002852395,-2.70944882519605e-05,-4.27517107816835e-06,-9.51253549692695e-07,3.61141465786816e-05,-7.91569444665017e-06,1.98603146054802e-07,1.32301681877112e-05,-0.000123296902718247,-7.64661325278988e-07,-3.57790607238392e-05,-4.22134146089429e-06,4.00610731326613e-05,-0.00417906541645327,-2.03267833763822e-05,-6.69651403697603e-06,4.38173181509941e-07,-9.46621379215411e-06,4.64185183095803e-06,-2.05614595745367e-06,3.28946665670161e-06,-0.000114421153411636,3.94486455892943e-06,-1.81960037929636e-05,6.40322482939868e-07,0.000530607162241158,3.60181131005398e-05,-1.11503769202527e-05,1.18982266341906e-05,-4.51373975943654e-07,1.44900277562969e-05,-2.98034078991059e-05,3.7992400659722e-05,-5.0675431681701e-05,0.00374130690959745,-9.36961377095025e-05,0.145279680227199,0.000204041701973346,0.000537872975516564,-2.12529675926653e-05,0.000108410794095209,-1.05484685283508e-05,1.47592263033281e-05,-2.7114294841925e-05,-0.00037387268878501,-1.50794345335492e-06,-1.9430140334231e-05,2.3335040120512e-06,3.93459170237242e-06,-1.25585299812205e-07,-4.54358827408469e-06,1.18564801268883e-08,4.79984836283374e-05,8.11869750095697e-07,-2.4242467310645e-06,-1.8501837278049e-07,-5.97787891112657e-06,1.82563001853063e-06,1.19750895249543e-07,4.56171079289821e-08,-2.96795559301609e-08,-4.78056981180217e-05,3.13080304573179e-07,2.10094506640931e-08,-5.37006942205551e-08,-1.14377763187999e-06,-2.55424973995429e-07,-7.47407887048105e-07,2.08151293031048e-06,-1.58613430632604e-05,-5.49449220448654e-08,8.2565868644884e-07,-6.2047686798731e-06,-1.98968501750271e-07,-6.50083415699113e-08,-4.1000031307543e-06,1.38065343381045e-05,-2.5370950846186e-07,-4.95706709283485e-06,2.67044742117958e-06,-1.35884732155532e-06,-5.20501251055378e-07,-1.07127308208476e-08,-5.56524043728772e-07,-2.51777765517365e-05,3.04897368031227e-06,5.6637585569249e-07,-1.22093490121992e-07,-3.70771400762838e-07,-1.2728882350684e-06,-2.19750328295247e-07,-1.2807470630918e-07,1.0782608981423e-05,3.81026501827233e-05,0.000401726461983253,-0.00909242313314914,0.00016507902052065,0.00155731457822204,-2.09388241797458e-08,0.319140174012847,-5.43462259740801e-07,-7.2547072658689e-05,1.0402649045759e-05,4.61823302539571e-05,-5.27865445518487e-05,-9.81127689453065e-07,1.65209274535377e-06,6.41216397534169e-06,1.1044019271711e-08,2.91124442145382e-05,-1.40499257886416e-06,-2.56947049053746e-06,-1.80050993222433e-06,1.4983463255748e-06,6.26509160925322e-07,6.25893520908709e-07,0.000203482871374315,-1.60783453491206e-08,-2.90220515942466e-06,-4.39723425458969e-06,-2.19207945563709e-05,2.86958418004464e-06,1.51864246807055e-05,-2.2190338899397e-05,-1.44814255361463e-07,-0.000100106496950669,3.29587897927409e-05,-9.69811996538437e-05,-1.30220623324341e-05,-1.05613004898735e-06,-7.39311123626352e-06,2.49557252719212e-06,4.12714816852772e-05,-5.5691774063027e-06,-9.74008810684295e-05,-0.0838737859603584,-0.000128962081386418,-2.32320786096028e-05,-0.0016949921247168,8.85930690939012e-06,3.14751953137954e-06,4.24375229161874e-05,4.4740323574713e-05,1.98442929403647e-06,1.0379693782212e-06,-2.46629126720466e-06,-3.78806812042413e-07,-1.47017429784197e-07,-2.16404164200254e-07,-3.00833192893262e-09,-2.98503064723759e-08,-2.23189873736767e-06,-5.23780271698928e-16,-5.58981145689741e-07,9.49092927931275e-06,-0.151966293516403,7.68557674319829e-06,4.76224887503797e-06,-7.80642373975743e-07,4.54128600906121e-07,-2.1389442561686e-06,3.31521673717061e-08,-1.77494474079805e-09,3.55220705009885e-07,-2.83626648260314e-06,1.76135495389485e-06,-7.9388091530141e-06,3.81878938788204e-07,-3.84694524794148e-09,-6.46144614457325e-12,9.0240913979089e-09,-2.29839755427557e-08,3.7578355537166e-07,1.1178931285686e-07,-2.44655860688647e-08,1.14371283301937e-05,-1.36491807707532e-07,2.59934423358611e-05,-6.4874375275992e-07,6.67957354386919e-08,-2.29834151255029e-08,4.4906551839164e-09,2.18401663542044e-06,-6.85433365894786e-07,3.45312613821079e-08,3.5702385028472e-07,-3.09017504101714e-08,3.74622549055015e-07,-5.01850486153839e-07,1.95097872455149e-05,-1.52593084793062e-06,1.2091945050614e-06,-8.92404159454793e-08,1.49663215544827e-06,-7.71423850186236e-08,2.99714521759972e-07,-2.7202222158176e-17,-7.48780062408595e-07,-2.56988735721697e-08,-3.38552424021078e-11,-2.97360045411139e-07,3.77989851265463e-08,-2.35073125436025e-08,-7.77257221904979e-08,9.03226545836413e-09,-3.83512288358852e-07,1.33310639465758e-06,4.90578065650313e-08,-1.05849299312187e-06,5.72142025462219e-07,-6.92764344808391e-07,2.2121226863675e-06,-3.41996725383674e-07,5.61629825270276e-07,1.9908539536006e-08,1.51310517343177e-08,8.27470290714363e-07,-5.32667464933179e-06,2.37819342424783e-08,-6.70151383349258e-07,2.47408950263862e-05,-0.000249916870660558,1.73007401575768e-07,1.56762733983185e-07,9.04274871319063e-07,-2.87316319878155e-07,-1.63457763048426e-07,1.89911903648529e-07,-2.06467546333816e-05,2.12727451519999e-08,1.98841074421615e-07,-3.85158872382821e-07,4.56617422618882e-18,1.12347587121325e-09,6.74669657526889e-07,-6.1382189187326e-08,3.17024383908409e-07,4.04139954781229e-08,8.32354117428834e-08,1.9781426908148e-07,-6.38745616179039e-05,9.70002901652363e-07,1.97888425587164e-17,-7.4470443037139e-07,-6.8310914355681e-09,-2.52141903494382e-08,1.19586088203486e-07,1.8705149146813e-07,-1.25251192344736e-08,-4.73406267737457e-07,1.25129774231276e-07,-5.80908489448242e-07,7.55640081028196e-07,-1.14307090850527e-07,-2.72043374105255e-07,-1.19160353980484e-06,-2.00415417103604e-09,-2.67092751355666e-07,1.59110703237084e-07,-2.86529563255429e-07,-9.76755849465237e-17,-8.05717984305774e-07,6.27558929095687e-08,1.80845122618294e-09,1.54950928829962e-08,-5.05541299346075e-07,-9.95434691027795e-07,4.98077845682992e-07,-1.80385671344396e-06,-8.77219257319698e-08,4.55533375256766e-16,-1.58441439135345e-07,-6.20928994644391e-08,-1.95225538007876e-07,1.40699430995603e-16,3.61556983640224e-07,5.20147786600485e-07,-7.92974886799157e-08,-2.9569115297284e-07,-9.97215805148983e-08,-5.65001094396105e-08,-4.13899092274297e-05,4.65776965056733e-08,3.74348291400052e-07,2.07705709656175e-08,1.00612298230952e-07,1.45055172754437e-07,-1.47655976505755e-16,-5.53463785398143e-08,1.80206086896276e-07,8.64656839411404e-07,-1.12356838321822e-07,2.99072788009626e-16,-2.37408591979544e-06,1.74627118567503e-08,-4.06928970241915e-08,-2.68163613933057e-08,-8.7968090720263e-08,8.95346415867911e-08,-2.49759943037442e-05,1.15461679195043e-07,-1.91494479823593e-16,3.07751430435891e-07,-5.68884347193533e-08,1.46853446400787e-07,3.04587061348699e-07,-7.1623774376199e-07,-1.97855871692869e-10,-9.92912349562225e-16,1.96646523099712e-16,-1.49197160435802e-10,-1.42359283868909e-08,1.79678017116243e-09,-1.22291717586975e-08,2.42919446988644e-16,6.37045266516673e-10,4.2988074673489e-11,4.06994477674461e-17,5.63331366569056e-16,1.49843012034804e-15,-3.43803382168133e-08,-2.56139879882012e-06,1.59581911826081e-07,-1.51897403686238e-07,-7.73523651661945e-08,-1.53866805021485e-05,8.02412425457956e-08,1.73349844084351e-15,2.45281299863164e-08,-7.55611310459498e-08,1.14262100330414e-15,9.05902844794269e-16,6.52820202316641e-08,3.76921707531923e-11,4.52447218522934e-08,-2.60674172445789e-07,-5.26212039126987e-08,2.00288020731289e-08,3.91637605768311e-16,6.89121937942154e-08,5.2684179371101e-16,2.50582344549376e-07,3.47769366472808e-15,6.86284336092287e-08,1.31377851244887e-16,-2.98928372588806e-07,-7.96527728688255e-08,-3.86570296814606e-08,-5.24700989541588e-07,-2.63458478387067e-07,3.20655126847325e-08,-2.13946376598011e-07,-1.91578483046032e-06,-4.06310357519176e-07,-3.88694052729604e-08,-9.37130827148242e-08,2.89447830222687e-07,5.37751561432872e-07,4.658935551534e-08,1.65623068443269e-07,-5.45462426358706e-16,-1.72686877883682e-06,3.33532041083092e-07,-2.71223242677727e-07,-9.75716599729181e-16,-6.01381376100987e-08,-3.88778629893155e-06,-0.0356270897139694,8.92229552107406e-16,-4.52475747325354e-06,-1.39587608172816e-07,8.16779079045923e-16,1.19808386636148e-06,-1.33335722224581e-06,-1.95609897671175e-15,3.22576702779677e-16,6.13190810263191e-08,3.35368243719417e-07,2.07998369065461e-09,3.17828511558298e-06,-1.04600942628893e-06,-3.13477689786582e-07,-3.10122145551485e-07,-3.88176036927474e-06,1.15724338247295e-05,-2.12378112465035e-14,-2.69387882593595e-08,-1.89479697712241e-08,-5.65970272194222e-08,-5.8614021279362e-06,-2.52759448905098e-15,1.60391355763892e-16,-2.24461449725907e-06,-4.06169742432725e-15,2.36520779859938e-14,-9.097715021179e-05,0.807910100153336,-0.00132405498179015,-1.82730721111821e-06,0.00335194077423105,0.165383650695882,-1.67617322734963e-06,-5.53895126794927e-15,1.04308487510152e-06,4.54851130778622e-08,2.0403829911793e-07,-1.84161880101644e-06,6.11270035011561e-06,-2.3748989131379e-15,-2.43817296483496e-15,1.33734452575404e-15,-4.38537731933951e-07,-1.95932337610871e-07,-1.1353243350816e-06,-1.57505651871043e-15,-1.40547085644392e-07,-1.35693373659025e-15,-8.7075653052401e-16,3.67513064233819e-05,-3.96112831973559e-07,-4.6318878637111e-15,-9.59946032871001e-07,-4.84755216625406e-07,-1.51049652218986e-16,1.05167751492533e-06,-1.50381321590859e-15,3.5714677786372e-07,-5.19258931121654e-16,3.57206190212483e-07,6.95059400457339e-05,1.0899001524849e-07,1.02702501661694e-07,7.00142007875981e-07,-3.39265469372652e-07,9.05087248131551e-07,-3.80320355755557e-16,5.819919920295e-06,-3.2835141327491e-07,-2.06570832773461e-15,-4.32687726011967e-08,-2.01226017326071e-05,2.06838569541097e-07,-5.15998611584323e-16,0.00743556538196881,8.33571016955933e-07,1.07614120321284e-15,-2.26057448739824e-06,-5.1368300559523e-07,-3.01515479757569e-08,4.44088468109647e-15,-2.80274606592451e-17,0.324408715607632,-4.95157105243568e-08,-2.00068813142306e-09,-8.50266574862799e-08,4.00000422535219e-08,-1.39909630180294e-16,-3.05825358211904e-16,1.48471360021684e-07,1.02528887475264e-09,1.85320916526653e-15,3.66752432328756e-07,3.60795924179552e-16,1.92311031704828e-07,-7.19703608219931e-08,-4.20775266440023e-08,-2.79570747252494e-07,1.57618556074539e-17,-5.4477404913914e-16,1.41945329941802e-15,6.91172767372086e-17,-2.26462000667495e-08,-7.85534253632246e-08,-8.61352580237049e-16,2.77378895253955e-16,-1.04647924558776e-15,1.10516411108984e-07,9.92771265834647e-10,-5.45832218505476e-08,1.53058110031031e-16,2.84650504122491e-16,6.20383024195047e-16,-0.000182191506347903,6.35130978574934e-08,2.68928687249261e-16,1.21987196438056e-08,-3.19006914961762e-07,1.99216498055093e-17,2.27759666900312e-16,-2.19599966662207e-07,-2.26483002255023e-05,-1.08410444132839e-07,2.59569967166522e-16,2.7486084805797e-06,1.76064073721411e-07,1.88031337630084e-07,-1.70282098103435e-07,-4.57588569980513e-07,7.4236886758134e-09,4.32024916570394e-16,-1.10445097646891e-16,3.05755218220396e-16,1.38481096517407e-07,-1.25346791044383e-07,-4.71316633957167e-08,-8.28760331574014e-07,-2.97705267422911e-16,-3.14877123327606e-16,2.78384905084206e-16,6.02398474758925e-16,-1.32571188839434e-16,1.72762412146686e-07,-2.09911674135802e-16,-2.82995566741672e-16,-2.78384488710793e-08,1.44846692945466e-16,-2.49139858581787e-08,-1.38383080690677e-16,-3.08748883697992e-08,-4.71989341244805e-17,-3.70994254254149e-08,-4.6345561009322e-09,-4.21617531767504e-07,1.19334318703639e-15,1.47877769098575e-07,-1.3961780397357e-16,2.08404121207716e-07,-3.63958207298508e-07,4.54743286138802e-08,-1.50109099777145e-16,2.93568647494982e-07,-3.56254222907404e-16,-8.4522736482989e-08,-0.000904697483326714,1.52449776084002e-16,-3.53720012706675e-17,-5.27708427240089e-16,3.97314820504776e-17,-1.32541752651677e-09,-1.72791496691593e-08,-3.85959810401385e-09,-3.97961562485385e-17,8.01654144382902e-17,-4.06737278225365e-08,3.31714891287289e-07,-7.18381771654044e-16,-2.27068140416577e-17,-1.74292310054676e-08,3.4925000817988e-17,-1.23415209034238e-07,-8.38049222869674e-17,9.06775802069672e-05,-6.80532636331745e-19,2.38987392823187e-16,-4.89864700232644e-17,-9.96188331645804e-17,-6.55474933419432e-17,-4.27831668500619e-16,2.19742701791023e-08,-1.53663157170978e-07,-1.57629779119149e-16,-2.29343970212541e-06,3.86378203358618e-07,-4.00638960006988e-16,-1.78514921760981e-16,3.26574361868197e-16,2.20193459936666e-16,3.78860687328818e-08,6.05138977363827e-09,-2.57074063845269e-18,-2.53343809329429e-18,-6.86742053985854e-08,-5.51555393886078e-06,-3.7013365388376e-09,9.61674802390204e-17,5.33401304877997e-17,1.85247001615007e-16,8.18976820672021e-17,-2.36767067890977e-17,2.52219327725385e-16,1.43019514314106e-07,-1.35144875624159e-07,-2.5962189264664e-08,4.60357241784531e-17,5.2423893193114e-16,-4.60466839227657e-16,1.3033884599963e-16,-1.8808613119766e-16,-3.14813438164901e-17,1.48175596637618e-16,2.1521701086743e-16,-2.77002045515853e-17,-1.39444808026672e-16,2.78317056145263e-16,2.17119984978695e-16,2.64972588621637e-16,3.27957068490093e-17,1.40218427336867e-08,-7.87236423936409e-17,-1.74302285980497e-16,-9.01389215443093e-17,1.98077123644295e-07,-2.38458840032504e-09,1.76418418240304e-17,-5.10820374420325e-09,1.80438410894203e-07,1.41298010341887e-16,2.35755419568253e-16,-7.80404767588078e-06,-3.05125189142651e-16,4.41171510211433e-09,2.43830008662458e-16,9.30589856835991e-17,2.24826063656967e-16,1.72660430522399e-16,4.30177022502157e-09,-1.32505067122625e-05,-4.65289517678996e-16,1.96462894992604e-16,-2.29099562829324e-16,-3.58325550191168e-16,1.74075435056126e-16,-2.44303284400342e-16,2.00451113932757e-16,7.26085363297283e-17,6.95026485595478e-09,-9.12882043436083e-17,-2.17463048665335e-16,7.9227451082604e-17,3.72598375543814e-17,-1.24931925137637e-17,4.99915842036942e-16,-1.36567229522479e-07,8.18850409351694e-17,-2.86099614159218e-16,7.92697493344122e-06,-1.50936033426661e-16,-7.57791294536153e-17,-1.36799019553196e-16,1.6198505133506e-16,8.40992461421641e-08,6.61033244247978e-17,-6.19830309751087e-08,-1.17795933694974e-16,1.10111134790623e-16,2.55342120995963e-16,-3.86656961424652e-16,4.86125914704122e-17,1.30347468416227e-16,2.23280279584874e-09,3.05861239477452e-16,1.00297154789939e-16,1.25668791827079e-08,-2.7804765471228e-07,8.34176773118037e-17,1.94388002383408e-07,2.84527948557937e-08,-1.06299260124862e-16,8.07472397031837e-17,-2.7798610214541e-16,-1.35462135413186e-17,2.02146765155745e-16,-4.73605641905893e-08,-2.12038359354616e-17,-1.45767632005168e-16,-3.3301777467109e-17,1.89177051631337e-08,9.88577237278416e-17,-3.11603612926177e-17,-2.15526712881023e-17,-2.09558858207969e-16,-8.59343847049336e-09,-1.66040625198106e-16,2.58317936371169e-09,9.66667646290682e-17,1.752470059775e-17,-1.00605908501259e-16,-2.52732924951515e-16,6.25237797098447e-17,-2.50750772645797e-17,9.77232880302254e-17,-4.46020326244857e-08,-5.88043521891831e-17,4.84750729474312e-17,1.8729084027872e-08,-7.61567210231238e-17,1.53680778528046e-16,-1.01139212311821e-16,-5.96019923584094e-17,-1.44649415537102e-16,8.88703153331293e-17,-1.05007411627272e-05,-6.25992703615306e-18,6.24203121864831e-17,4.0209315914604e-08,4.79745434582701e-17,-2.30736511273958e-16,-9.20599939626814e-17,-3.08340215922694e-17,-2.78665901230843e-16,1.03648846716978e-16,7.72540109611223e-17,8.73671904879848e-17,-1.45600034868761e-16,-8.1309855745718e-17,1.33698800964406e-16,-2.09724752412129e-08,6.94973846664512e-08,-4.43727475935645e-17,-4.53601168552342e-17,-4.84787556865471e-17,-3.46665541290134e-16,1.86787705528518e-17,-2.09964390455072e-17,1.05938138194016e-16,-2.14451665264415e-16,-6.00073174380356e-09,-1.75358486792202e-16,-1.78599199925782e-17,6.71878276223916e-17,1.49690197430675e-17,1.71615488062783e-07,-5.28292066182502e-17,-1.2108478241531e-09,-4.6092679898188e-17,-4.84727873104196e-17,-6.39049814504845e-17,7.34815814090432e-17,7.24213658413933e-17,3.3969219810676e-17,3.284326074422e-16,1.91294052624885e-16,-2.92929979865583e-16,-3.25753927909041e-17,-1.79979916750737e-17,-3.90122500370531e-17,2.87975889177575e-17,-2.44365206382801e-18,-7.36356112058785e-18,-3.87994586328252e-16,-1.17834723323757e-16,-5.99925151578785e-17,5.90585408536817e-17,3.25578023361586e-17,2.43274638715013e-16,9.78091983958044e-17,1.20952890975639e-16,3.78176344369482e-17,2.15066337012506e-17,5.69611063601659e-10,-3.10095275923127e-17,-5.00273725294733e-16,4.4505869859649e-17,-9.18275769693439e-17,-1.72179213320799e-16,-1.51005894777663e-16,-6.60060994684959e-19,-1.36224673330064e-17,9.70296263697469e-17,-5.06535994409823e-17,1.07508809797305e-16,-3.76129865383042e-17,6.73310962930306e-17,-2.44092987012723e-17,-1.19114235219237e-16,6.09469044629445e-17,-6.28693297051099e-17,-7.27889733006494e-09,-8.39022743234943e-17,-1.01078118650289e-16,-1.35510164652509e-16,-2.10093708288547e-16,1.45414281001919e-16,2.69991661738094e-17,4.73066770398214e-17,1.65493298971784e-16,7.93885717209551e-17,1.53144959685287e-09,3.02792590141898e-16,1.81561940658887e-16,-1.8924175170573e-16,-1.15553609132521e-16,-7.67183238487859e-17,-1.35157880855285e-17,-3.84454256580316e-18,7.35184476353156e-17,3.59144308307067e-17,2.37520292772005e-16,2.06020263442414e-17,7.303119046079e-17,1.74821704420484e-17,7.67460789049148e-09,9.41768293708224e-17,3.86444435785712e-17,8.40114032365224e-17,-2.25239613202075e-16,-5.14498078569282e-07,-5.86193919655556e-17,6.13668732406906e-17,1.22311706091087e-16,-3.00863926876047e-17,7.10850284230367e-17,8.57591155398526e-17,-6.44708952186868e-17,1.63039316035029e-17,-3.10052278010715e-17,4.13467608648791e-17,-2.30820469819129e-16,2.39844277710516e-17,-1.18406915029888e-16,-1.06886670558323e-17,3.41848783234008e-18,-6.15282256683911e-17,-1.64257661401001e-16
"t979",-0.00487384091449241,0.0498530430756975,0.0640912314673717,0.0151730949627691,0.0304525523316233,-0.00492749764415351,0.00150665463141829,5.13729060762277e-05,0.000416613294187681,-0.00100831269405545,-0.000229490745193353,-0.00116757204717725,0.00736129205557523,0.0495877886604395,-0.00123021175728055,0.00214512711860336,0.152565445289251,0.0019730100866716,-0.00124842070290829,0.000477756902623944,-0.00114780517299861,0.000246303507749066,-0.000717287546964306,0.00125519407766078,-0.000201243462579553,0.000977857773819506,-0.00215406355463337,0.153440539686483,0.000463652414545678,0.0126279516171898,-5.23611932222302e-05,0.000819040191887798,0.000324412635263935,1.86379474740259e-05,-1.00471925976215e-05,-2.20046358569173e-05,-7.8099578393496e-05,8.08610592015903e-06,7.09623005317e-05,2.5105125455289e-05,0.0197818233062367,9.85070564911765e-05,-3.13830739754713e-05,3.61897424996566e-05,-5.6054541862822e-05,-5.05698936655966e-06,1.26901598699091e-06,-2.04682497221048e-05,2.51620227608284e-05,-5.42997155069504e-05,4.85038405749277e-05,-0.00208823563690046,3.46121155710909e-09,-1.22952758397372e-05,6.67136726686161e-06,-7.07760829278245e-05,4.25563027232071e-06,-0.0061836351504562,-0.000402264143532726,-4.6687266763723e-06,-5.05179949703508e-06,6.39596538356424e-06,-0.000179636150781507,0.000280067949522152,-8.06126672617683e-06,2.43381536962599e-05,-1.36470782506162e-06,6.84312205586823e-05,-0.00357319335199335,2.1060939760465e-05,-3.44543378978951e-06,8.97892378029046e-06,-2.94064374838136e-06,-1.92302831936963e-05,8.04488933591026e-06,7.41918969466095e-08,-6.80762126600501e-05,0.000284608609867417,-3.28206910314547e-05,-3.81526472732873e-05,0.00027680302206171,0.000161678674417337,-1.95989517766982e-05,-9.15277868095326e-05,5.74202022521004e-06,0.000162537434151637,-2.40168093779005e-05,-3.78828023487834e-06,-8.42843196452158e-07,3.19913099216215e-05,-7.00646967808928e-06,1.74450747731609e-07,1.16128996545741e-05,-0.00010769635921231,-6.6211610434234e-07,-3.09392471892963e-05,-3.65009288305404e-06,3.4520344115853e-05,-0.00359640031429426,-1.74059417563682e-05,-5.71058054258499e-06,3.73521609838607e-07,-8.06610804877919e-06,3.8780167858407e-06,-1.71513665166095e-06,2.7405782908559e-06,-9.51211020643924e-05,3.27745616156748e-06,-1.51010896484662e-05,5.30531753059108e-07,0.00043939001266613,2.97295116852247e-05,-9.19997715075254e-06,9.73140429636534e-06,-3.68469055178017e-07,1.17786642711678e-05,-2.41801109108598e-05,3.06594329020011e-05,-4.06801292859936e-05,0.00299126381223063,-7.47386399297823e-05,0.114942407653833,0.000160561641319432,0.00042316679774607,-1.67074027053664e-05,8.47395939121398e-05,-8.24128809165434e-06,1.14734654842035e-05,-2.07678886346642e-05,-0.000286314966547532,-1.15336538976312e-06,-1.47070548330657e-05,1.76258897069963e-06,2.96743408621789e-06,-9.41188643290201e-08,-3.4021360079433e-06,8.75581464999524e-09,3.50367221747065e-05,5.82887302831718e-07,-1.73966739516351e-06,-1.32382948082129e-07,-4.27082052780406e-06,1.30112853128393e-06,8.52668805628593e-08,3.24805906214293e-08,-2.09899467165976e-08,-3.33416443296139e-05,2.1515405000802e-07,1.43835373843852e-08,-3.64539751493214e-08,-7.75906578481296e-07,-1.72702509062305e-07,-5.04363551380517e-07,1.40150000499607e-06,-1.04553873055935e-05,-3.60913606240919e-08,5.40987740518494e-07,-3.82161234885731e-06,-1.20525300616666e-07,-3.92759776386274e-08,-2.44080778420477e-06,8.19390966301995e-06,-1.47605983498711e-07,-2.87682689738615e-06,1.51837982789342e-06,-7.56763745026461e-07,-2.71337614263253e-07,-5.57054209376553e-09,-2.89201193921753e-07,-1.29554012614962e-05,1.5504545714123e-06,2.87515238484168e-07,-6.04892214925e-08,-1.82247980678138e-07,-6.1481927414372e-07,-1.0567633970327e-07,-6.14507076326137e-08,4.95184938964591e-06,1.6654158786849e-05,0.000174016557185847,-0.00390438998403098,6.90251401495214e-05,0.000644297404687909,-8.57169829377033e-09,0.129324476761365,-2.12543071005767e-07,-2.81139325790386e-05,3.70062411628536e-06,1.63787888574004e-05,-1.81363148804038e-05,-3.06043604571234e-07,4.69681733474891e-07,1.75981999493105e-06,2.865833040552e-09,7.22254595881512e-06,-2.99129390470566e-07,-5.26786536173088e-07,-3.38505748678298e-07,2.68689435778427e-07,6.79672079360207e-08,6.57004375567019e-08,1.47641420488555e-05,-6.31125688178217e-10,1.36562127223571e-07,2.08756978414869e-07,1.22603149514333e-06,-2.36280696536414e-07,-1.53657524869782e-06,3.40198004720952e-06,3.22090512215418e-08,2.82342347789217e-05,-9.92841919566128e-06,3.8101792898535e-05,5.82881423641417e-06,4.74301641355756e-07,3.65126173528858e-06,-1.53861726717732e-06,-2.64847165990356e-05,4.37752173101839e-06,8.73531291642618e-05,0.0786334197985506,0.000144385999416849,2.71049469565954e-05,0.00206814258593127,-1.23686324557038e-05,-4.51430883251046e-06,-6.12684387931512e-05,-7.46646811348755e-05,-3.61512356991296e-06,-2.0850274748841e-06,5.17974345395432e-06,8.33273464667525e-07,3.37805595798277e-07,5.03434562008549e-07,7.85585321355651e-09,8.38768796546603e-08,6.79921220844886e-06,2.03572445728407e-15,1.91806753460963e-06,-3.33678942409935e-05,0.635624039499133,-3.70596288708704e-05,-2.60033069110578e-05,4.29549389854799e-06,-3.22453674443526e-06,1.5912819369083e-05,-2.52106310780041e-07,1.50536035692236e-08,-3.25792190627537e-06,3.03532320793012e-05,-2.02985136824625e-05,9.44386229224131e-05,-5.48223474307981e-06,2.37601718579455e-07,-1.46675330034863e-08,6.68489573778814e-07,-5.79950126189226e-07,9.08090309659667e-06,1.93197232361138e-06,-3.67530371442599e-07,0.000145929340405493,-1.66423381829222e-06,0.000303105312297527,-7.14250069027042e-06,6.80934153527212e-07,-2.3237832439575e-07,3.869424391604e-08,1.87584205603413e-05,-5.86606306897208e-06,2.8491489539066e-07,2.90761284455402e-06,-2.41893040102418e-07,2.91182799079121e-06,-3.22967892319895e-06,0.000123444094555512,-9.53016051298562e-06,7.33964424380648e-06,-5.30129995867486e-07,8.5001633983177e-06,-4.32829452368825e-07,1.66594595049601e-06,6.59622851273318e-17,-4.03674512417564e-06,-1.38013535626102e-07,-1.79603903323121e-10,-1.53488618834666e-06,1.90885206354255e-07,-1.17543768854011e-07,-3.86798621749895e-07,4.25160967780358e-08,-1.79940611603092e-06,6.24939073598932e-06,2.26723132008654e-07,-4.71658732482357e-06,2.53475556817984e-06,-3.05711975124598e-06,9.64104418401411e-06,-1.43023792454349e-06,2.31447482251234e-06,8.1976266324596e-08,6.22892293608633e-08,3.3040793454209e-06,-2.07086308349145e-05,9.21962636822937e-08,-2.58782818309018e-06,9.51169429506535e-05,-0.00095957780615526,6.58034356962187e-07,5.95877529637333e-07,3.43347455800977e-06,-1.09012194295055e-06,-6.18772715876237e-07,7.1727366098862e-07,-7.78320712347754e-05,8.01303812227545e-08,7.48087367838102e-07,-1.44583042342726e-06,4.86466669124852e-17,4.20181924743713e-09,2.52457350811084e-06,-2.29931049209732e-07,1.18758234707043e-06,1.51397846796513e-07,3.11912763409048e-07,7.41763025761037e-07,-0.000239724363604832,3.64801958287962e-06,-4.74382177352294e-17,-2.81844686369341e-06,-2.58774913002958e-08,-9.57184903338084e-08,4.54093700684611e-07,7.14500572089569e-07,-4.80196344145244e-08,-1.82531435287614e-06,4.84513808733298e-07,-2.2721862175977e-06,2.98668932217899e-06,-4.55095627895633e-07,-1.08776336255077e-06,-4.77772361543062e-06,-8.07615096004161e-09,-1.07691448582405e-06,6.43906199286878e-07,-1.16296608875109e-06,-8.34749640988283e-16,-3.34896382206397e-06,2.62247245551827e-07,7.55764381185268e-09,6.58050841661216e-08,-2.15241383905023e-06,-4.38282103563781e-06,2.21600945133001e-06,-8.04252679457086e-06,-3.94304797621805e-07,3.74649066650546e-17,-7.19038607091384e-07,-2.82819797268633e-07,-9.01780946485861e-07,2.99777663213038e-16,1.69692233162576e-06,2.45072595410952e-06,-3.74375544675202e-07,-1.4019146111557e-06,-4.76213183426651e-07,-2.71303422478733e-07,-0.000199618097669122,2.27641060331853e-07,1.83251106296395e-06,1.0264277708702e-07,5.0584681799924e-07,7.29949053365628e-07,1.10956606310594e-16,-2.88783527696217e-07,9.46525721681142e-07,4.61012609082212e-06,-6.13454114164588e-07,-3.07233640268936e-17,-1.37053536398812e-05,1.08245773816912e-07,-2.6133854768371e-07,-1.75229656065888e-07,-5.87309778084664e-07,6.23489069442896e-07,-0.000187539636115799,1.09767825579316e-06,9.97370693507257e-17,3.96223232303299e-06,-7.57089524163441e-07,2.10430661963077e-06,4.89711324590041e-06,-1.16259552319268e-05,-3.32961640585201e-09,5.00413512710685e-16,3.24112960496871e-17,-3.20569234348226e-09,-4.07980404448822e-07,5.37736449688756e-08,-5.42105788524377e-07,1.64551146930155e-15,-2.56671118880717e-07,-3.02865925011994e-09,4.23827036776564e-17,8.43968845530874e-17,-9.84236087857813e-17,6.43561285536381e-07,4.36210681720235e-05,-2.05764933933757e-06,1.61213620784094e-06,8.03937039225704e-07,0.000134005825939053,-6.8571481578055e-07,-8.79162399328298e-15,-1.55777993182041e-07,4.37817891081278e-07,5.98310167990312e-17,-1.2707336031669e-16,-2.75645699208276e-07,-1.48619937803505e-10,-1.6336155317286e-07,8.89090446061687e-07,1.61577119597278e-07,-6.04923385230819e-08,-1.85154081558976e-16,-2.0352358347671e-07,-8.47870124313786e-17,-6.94635502000431e-07,-2.95907571991501e-16,-1.81751845979603e-07,-1.24705028637278e-17,7.4782377047412e-07,1.970115441641e-07,8.25692146829145e-08,1.08713619648536e-06,5.39008088240345e-07,-6.2122130763351e-08,3.95559068017733e-07,3.18324067556796e-06,6.74486495379637e-07,6.24664722947902e-08,1.41983627139645e-07,-4.05536392377047e-07,-7.05752522389743e-07,-5.80886778967592e-08,-2.01365570359344e-07,5.02684163318523e-18,1.94205873063766e-06,-3.47934850565469e-07,2.2814184921777e-07,2.59048496087254e-16,4.74736239052453e-08,2.78447578253843e-06,0.0244623625014497,-3.70881888490411e-16,3.03953818302557e-06,8.58565638012048e-08,-2.83192093554004e-17,-7.05000932656519e-07,5.91701569286187e-07,1.41904923775073e-17,2.54586539625863e-16,-2.41282766586501e-08,-1.30501044883084e-07,-7.6757539611515e-10,-1.0999410670112e-06,3.10286627985814e-07,9.16978485384993e-08,8.89207992407092e-08,8.79392207320381e-07,-2.09496574034154e-06,1.24002912972598e-15,4.43402598711081e-09,3.06603254096882e-09,8.61044784872695e-09,8.24595033189608e-07,-1.31893813668384e-16,6.54803196780893e-17,2.81280782656538e-07,1.21117707297665e-16,-6.24284237504828e-16,3.3184450476478e-06,-0.0180696354358092,2.9226187875329e-05,-1.39001059858147e-08,3.85785442511325e-05,0.00204094391550136,-2.96348654581592e-08,-4.07120658005567e-17,7.45488769175777e-08,3.7427206965248e-09,1.7507862695483e-08,-1.89688768447132e-07,8.12708911002696e-07,-5.67283421793149e-17,-4.33548658485183e-17,1.11951689273577e-16,-7.58898011058462e-08,-3.70984654420401e-08,-2.16344872976219e-07,-2.30911253680061e-17,-2.89054975868505e-08,-7.64864500339712e-17,-1.59997006817242e-17,9.76287802942811e-06,-1.05498225231162e-07,6.35816811526968e-17,-2.6823976057521e-07,-1.39012189383732e-07,3.71899927570429e-16,3.1664740713627e-07,1.20012339560206e-16,1.13232554747649e-07,-7.24982367651865e-17,1.13737525242252e-07,2.22039833945496e-05,3.49451444941752e-08,3.30952788732815e-08,2.2811437669188e-07,-1.14766991080029e-07,3.19320737619772e-07,5.10553908667345e-17,2.12066429543223e-06,-1.19857038320232e-07,-8.79453084080778e-18,-1.58216889485545e-08,-7.36614162737217e-06,7.55878000787059e-08,4.40131384740133e-17,0.00262346576150737,2.89596314687415e-07,-5.83109645532934e-16,-7.63829017046588e-07,-1.70529025299424e-07,-9.03667634456347e-09,1.58583855321044e-16,-2.2327639242997e-17,0.0023526316687268,4.86078808902774e-08,3.94909082361707e-09,-6.48360899621844e-08,2.95682015237639e-08,6.27752568297663e-18,-1.00930108272014e-16,1.08029267703206e-07,7.44707752262589e-10,-9.52404088179396e-17,2.61402224625155e-07,4.54002947014535e-18,1.35390076103115e-07,-5.01379298731323e-08,-2.92975479401931e-08,-1.94294770775337e-07,-3.81021312442413e-16,3.64563370291932e-17,5.10584097378229e-16,-5.85250451608575e-19,-1.56571400269483e-08,-5.43224631612407e-08,9.30826383688405e-18,2.00333857005796e-17,-5.14822167975927e-18,7.65296406387649e-08,6.88030135739377e-10,-3.79345037011364e-08,-9.87590380997271e-18,-2.78080916583587e-16,2.28332977525447e-16,-0.000128373993162192,4.4776645284172e-08,3.74417461205111e-17,8.6559342070082e-09,-2.26974523047321e-07,2.63545304530144e-18,3.40650112413391e-18,-1.57274254113207e-07,-1.62290439191355e-05,-7.79904744830301e-08,3.93548561543809e-17,1.99060944934702e-06,1.27984609795779e-07,1.37396612120839e-07,-1.25315871778616e-07,-3.37397110665829e-07,5.49334499695562e-09,-1.14148164137947e-16,6.60986783586287e-17,1.27370462758435e-16,1.04553570644607e-07,-9.46659005552107e-08,-3.56851344637038e-08,-6.35408530521125e-07,-7.54824126207178e-17,-6.07801683387749e-17,1.21703986450974e-17,4.83057374697181e-17,1.159491281186e-17,1.34160458200447e-07,1.54807252601377e-17,-1.02556705666591e-16,-2.17244434891204e-08,-7.05729235434839e-17,-1.94473146505962e-08,-6.11160603451564e-18,-2.41107986389796e-08,4.84299049103422e-17,-2.92144437966663e-08,-3.65670115332466e-09,-3.33650277689852e-07,9.9370784145454e-16,1.17449440022748e-07,-1.41190895417646e-17,1.66820436407665e-07,-2.94237508346569e-07,3.67787424536576e-08,2.84881769339256e-16,2.38364345014768e-07,6.98925290839001e-17,-6.90482471335621e-08,-0.000739283452958424,-1.84352612873378e-16,1.92585939106348e-17,2.07646332781162e-16,-1.77675274523026e-17,-1.08843382783132e-09,-1.42079612486936e-08,-3.17832810206589e-09,7.51827017049953e-17,-2.10746409022788e-17,-3.37303768982167e-08,2.7517307818543e-07,-1.99083700897856e-16,7.70855019436961e-17,-1.45817260408067e-08,2.44993992342384e-18,-1.03436007791641e-07,1.22537179338375e-17,7.63853375493928e-05,-2.21722053366152e-17,-1.4380492439526e-16,6.06366960717779e-17,-3.42890599121275e-16,-1.50918429746362e-18,2.70266008617974e-16,1.86969538476526e-08,-1.30762090404919e-07,2.22121058104084e-17,-1.95827689140664e-06,3.30377057777507e-07,-2.87235379907485e-16,-5.02622015274659e-17,6.17199858635613e-17,1.49285281686543e-16,3.25886453453324e-08,5.21238647201178e-09,-7.84162695143967e-17,1.85581130673373e-17,-5.92425125462202e-08,-4.75898500650084e-06,-3.19573981140345e-09,-5.88314476266727e-18,-2.31435593695527e-17,-8.6569381103744e-17,-4.76819080610983e-17,1.44533219191352e-17,-1.07792298472391e-17,1.2478609698175e-07,-1.18028296431103e-07,-2.26954550457882e-08,1.06383608751466e-17,5.76087013645216e-17,1.55401913051747e-16,1.09853241722005e-16,4.34420507108538e-17,-1.74693267575079e-17,-5.09225077267709e-17,-5.51336147222828e-18,-1.42384054253613e-17,5.16123655862208e-17,5.8386981811446e-17,1.6426234636187e-16,4.20723829304913e-16,2.33489277976034e-17,1.24471904533575e-08,2.78813312751611e-17,-5.78152349646943e-18,-6.04197546952762e-17,1.76177412747411e-07,-2.12189715338441e-09,5.89039963300856e-17,-4.5467363585919e-09,1.60986691016079e-07,-1.70839074092355e-18,3.34510748414558e-17,-6.98307254798609e-06,2.06215386681391e-16,3.96149778435921e-09,-7.89091686077235e-17,-1.47283616381309e-17,4.58220791360863e-17,1.17208541364675e-16,3.88373267022537e-09,-1.19671772392018e-05,3.51531560549419e-17,5.58606924408687e-17,7.89515624496021e-17,1.08669531469543e-16,-5.98106904715207e-17,-5.37926444458294e-17,-1.56585482849247e-17,-6.32160150463613e-17,6.38996423811145e-09,2.42283626376128e-17,5.58479067371244e-16,-4.4729455086397e-18,-1.94495690035782e-16,1.95852885541242e-16,-1.07961483501356e-15,-1.26014268086877e-07,3.97542916745431e-18,2.36106656786484e-17,7.31926783609955e-06,1.87326447550324e-16,1.30154128059485e-16,2.013196989521e-17,-7.08716820327176e-17,7.82430392954935e-08,1.11438232096418e-17,-5.77433736547155e-08,-3.05833974458714e-17,-1.80557281159446e-17,1.80999527906873e-16,-6.28492623511178e-17,2.18606436561593e-17,-6.99410634253251e-17,2.0856499180417e-09,1.47072471719591e-16,1.13607598921397e-16,1.17624609789631e-08,-2.60275994690582e-07,-2.01247849644455e-17,1.82277735638016e-07,2.66945523322952e-08,2.50022037303848e-17,-3.50422466242572e-16,-1.7090080024019e-17,2.38899465256037e-17,3.02436528222476e-16,-4.47803048026546e-08,-9.60046899951612e-17,-2.07608457680676e-16,-1.47302172189969e-16,1.79218507278896e-08,-1.33637960399228e-16,-2.75440155541877e-16,-3.56929964321323e-16,-1.34328249801414e-16,-8.16174572908179e-09,-6.86397223526122e-16,2.45531645734133e-09,2.95838994768068e-17,-1.55730192768441e-16,3.39252326192118e-16,-2.91932035686115e-17,3.19722302750207e-17,5.09134429424921e-17,-7.43417719088871e-18,-4.25661354049722e-08,-2.53318305974939e-16,1.86374131080807e-16,1.78918486688655e-08,-1.8999666475648e-16,9.9025224844597e-17,1.2697863337297e-16,1.46102693086156e-17,2.65830110748233e-17,-8.54743007633442e-18,-1.00621238792592e-05,-4.23970819906717e-18,5.76313261313662e-17,3.85819719542464e-08,-5.23400949427547e-18,2.4513339058477e-16,2.20999108416579e-17,8.43921782381814e-17,-2.77392737957006e-16,-2.59588658668964e-16,2.81139511396659e-17,1.85322395666382e-17,3.07503763300902e-16,-1.94017898861153e-17,2.02274608920323e-17,-2.02225191571027e-08,6.70509805888624e-08,9.55405743272141e-17,-7.17203003888774e-17,8.83840864185777e-18,1.2724116424079e-16,1.65203611966584e-16,1.50341308045157e-16,-3.45325840632547e-17,3.92281923976743e-16,-5.80679499683229e-09,1.5448965374854e-18,-2.24851261683115e-17,8.89425769283591e-18,-9.33436842760803e-17,1.66482950671279e-07,2.95711218851314e-16,-1.17787811187959e-09,2.21602104452328e-16,-3.79742634958139e-18,-1.55574719556611e-17,4.21616486490772e-17,-1.3429691540766e-17,-2.24440531154688e-16,1.07884653178564e-17,-1.37923919259825e-16,9.91345594968389e-18,3.80102414698439e-17,2.40505482356126e-17,8.55454594259567e-17,3.83689735095866e-16,-3.66279125479689e-17,3.18431941031351e-17,1.42971014285957e-16,-4.07417295816967e-17,5.7972567782475e-16,-4.13193211393276e-17,-6.76006928099926e-17,1.11159521799971e-16,-7.53582568104811e-17,-1.08796448082321e-16,5.86073751973081e-17,1.87072594082003e-18,5.59511830389154e-10,-4.33183429351428e-17,-1.69362136276968e-16,4.38285257807115e-17,-5.4730864940646e-17,-1.27944606511207e-16,-7.08220638723681e-17,9.23871970051238e-16,2.03821361416642e-17,3.66889647396012e-17,-8.26146618384688e-17,-5.37171354489732e-16,3.59904517445109e-16,4.00451380092427e-17,6.75450336340904e-17,-7.37429716832877e-17,-5.06512407977282e-18,2.33653506446722e-17,-7.1942088716681e-09,-6.12638248889556e-17,-2.30397771502765e-18,7.99805112613915e-17,1.64833640486856e-16,-4.0852137913674e-16,-5.66771109686686e-17,3.7572227434395e-17,-1.24629424852516e-16,-1.10750999336404e-16,1.52285876081208e-09,6.48450179664198e-17,1.41836430256526e-16,-2.39358080719778e-16,4.15183578043252e-17,-5.75810049344858e-17,-4.21150237131298e-16,-8.67767503051765e-17,4.83065931650146e-17,2.59051388478331e-17,-6.60894742124046e-16,-2.13303223358482e-17,-2.36829932656489e-16,-1.66509200668102e-16,7.67602459343898e-09,4.65767788963e-17,3.62497274483692e-16,1.7723745898665e-15,-1.68433856814233e-15,-5.15938190504326e-07,1.39781224776901e-16,1.32695663151489e-17,-6.69874195825482e-16,-4.16290960245214e-16,9.06897844609925e-16,3.91717244091278e-16,-2.59993670113511e-15,3.31467481181264e-15,-1.32365980943278e-15,3.51780024384634e-15,-0.707106781186547,2.17972167885153e-15,-6.37700036176621e-15,-1.66146454185981e-16,2.79072270645627e-17,6.08304472726371e-16,-6.86843197356548e-17
"t980",-0.00487384091449241,0.0498530430756975,0.0640912314673717,0.0151730949627691,0.0304525523316233,-0.00492749764415351,0.00150665463141829,5.13729060762241e-05,0.000416613294187681,-0.00100831269405545,-0.000229490745193351,-0.00116757204717725,0.00736129205557523,0.0495877886604395,-0.00123021175728056,0.00214512711860336,0.152565445289251,0.0019730100866716,-0.00124842070290831,0.000477756902623918,-0.00114780517299861,0.000246303507749067,-0.0007172875469643,0.00125519407766079,-0.000201243462579551,0.000977857773819523,-0.00215406355463339,0.153440539686482,0.000463652414545692,0.0126279516171899,-5.23611932222328e-05,0.000819040191887807,0.000324412635263942,1.86379474740183e-05,-1.00471925976226e-05,-2.20046358569205e-05,-7.80995783934951e-05,8.0861059201681e-06,7.0962300531708e-05,2.51051254552765e-05,0.0197818233062367,9.85070564911667e-05,-3.13830739754758e-05,3.61897424996585e-05,-5.60545418628094e-05,-5.05698936657027e-06,1.26901598700629e-06,-2.04682497220682e-05,2.51620227608214e-05,-5.42997155069456e-05,4.85038405749246e-05,-0.00208823563690046,3.46121157458899e-09,-1.2295275839719e-05,6.67136726686173e-06,-7.07760829278388e-05,4.25563027232008e-06,-0.0061836351504562,-0.000402264143532723,-4.66872667637341e-06,-5.05179949704629e-06,6.39596538354864e-06,-0.000179636150781487,0.000280067949522138,-8.06126672617228e-06,2.43381536962612e-05,-1.36470782506768e-06,6.84312205586797e-05,-0.0035731933519933,2.10609397604627e-05,-3.44543378981052e-06,8.97892378025715e-06,-2.94064374838917e-06,-1.92302831936912e-05,8.04488933590906e-06,7.41918969470997e-08,-6.80762126600569e-05,0.000284608609867451,-3.28206910314493e-05,-3.81526472732812e-05,0.000276803022061697,0.00016167867441734,-1.95989517767177e-05,-9.15277868095474e-05,5.74202022521313e-06,0.000162537434151619,-2.40168093778993e-05,-3.78828023488419e-06,-8.42843196464147e-07,3.19913099215785e-05,-7.00646967808175e-06,1.74450747691114e-07,1.1612899654574e-05,-0.000107696359212342,-6.62116104363152e-07,-3.09392471893374e-05,-3.65009288299679e-06,3.45203441158507e-05,-0.00359640031429429,-1.74059417563844e-05,-5.71058054258758e-06,3.73521609863186e-07,-8.06610804877483e-06,3.87801678583675e-06,-1.71513665166634e-06,2.74057829089282e-06,-9.51211020643982e-05,3.27745616156358e-06,-1.51010896484836e-05,5.30531753132063e-07,0.000439390012666107,2.9729511685216e-05,-9.19997715073056e-06,9.73140429634567e-06,-3.68469055168804e-07,1.17786642711901e-05,-2.41801109108436e-05,3.06594329020204e-05,-4.06801292859835e-05,0.00299126381223064,-7.47386399297878e-05,0.114942407653833,0.000160561641319538,0.000423166797746039,-1.67074027053648e-05,8.47395939121708e-05,-8.24128809158931e-06,1.14734654842044e-05,-2.07678886347803e-05,-0.000286314966547549,-1.15336538972438e-06,-1.47070548330377e-05,1.76258897070516e-06,2.96743408625318e-06,-9.4118864323914e-08,-3.40213600795498e-06,8.75581466417721e-09,3.50367221746714e-05,5.82887303053405e-07,-1.73966739509358e-06,-1.32382948139175e-07,-4.27082052780998e-06,1.30112853132546e-06,8.52668805166173e-08,3.24805906521753e-08,-2.09899465988674e-08,-3.3341644329639e-05,2.1515404994713e-07,1.43835373973783e-08,-3.64539752059994e-08,-7.75906578436032e-07,-1.72702509142248e-07,-5.04363551393631e-07,1.40150000498557e-06,-1.04553873056351e-05,-3.60913605959722e-08,5.40987740534845e-07,-3.82161234884647e-06,-1.20525300521351e-07,-3.92759778093365e-08,-2.440807784249e-06,8.19390966277968e-06,-1.47605983517907e-07,-2.87682689740348e-06,1.5183798279679e-06,-7.56763745041261e-07,-2.71337614045565e-07,-5.57054217966438e-09,-2.89201194037675e-07,-1.29554012613774e-05,1.55045457140207e-06,2.87515238579785e-07,-6.04892215630193e-08,-1.82247980616865e-07,-6.14819274090126e-07,-1.05676339644652e-07,-6.14507075885379e-08,4.95184938973701e-06,1.66541587867715e-05,0.000174016557185828,-0.0039043899840309,6.90251401495043e-05,0.000644297404687866,-8.57169825162049e-09,0.129324476761365,-2.12543071090353e-07,-2.81139325791118e-05,3.70062411598786e-06,1.63787888573199e-05,-1.81363148804217e-05,-3.06043604741503e-07,4.69681733480506e-07,1.75981999483437e-06,2.86583307037402e-09,7.22254595875621e-06,-2.99129390708195e-07,-5.2678653618127e-07,-3.38505748657815e-07,2.68689435803928e-07,6.79672081334802e-08,6.57004373953194e-08,1.47641420488575e-05,-6.31125853291536e-10,1.36562127118268e-07,2.08756978498942e-07,1.22603149515089e-06,-2.36280696613149e-07,-1.53657524863431e-06,3.40198004741227e-06,3.22090510164124e-08,2.82342347788278e-05,-9.92841919572055e-06,3.81017928985204e-05,5.82881423655548e-06,4.74301641253212e-07,3.65126173515392e-06,-1.53861726721458e-06,-2.64847165989825e-05,4.37752173109951e-06,8.73531291644413e-05,0.0786334197985507,0.000144385999416837,2.71049469566674e-05,0.00206814258593141,-1.23686324557834e-05,-4.51430883244005e-06,-6.1268438793071e-05,-7.46646811347119e-05,-3.61512356996578e-06,-2.08502747506476e-06,5.17974345395054e-06,8.33273464557595e-07,3.37805595754531e-07,5.03434561995532e-07,7.8558532916516e-09,8.38768795891963e-08,6.79921220836632e-06,2.0846376934611e-15,1.91806753465022e-06,-3.33678942409511e-05,0.63562403949913,-3.70596288706986e-05,-2.60033069110049e-05,4.29549389870929e-06,-3.22453674449506e-06,1.59128193690915e-05,-2.52106310727073e-07,1.50536029728279e-08,-3.25792190633075e-06,3.03532320792508e-05,-2.02985136825171e-05,9.44386229224515e-05,-5.48223474312637e-06,2.37601718637287e-07,-1.46675328997417e-08,6.68489573687809e-07,-5.79950126209162e-07,9.08090309655912e-06,1.93197232366732e-06,-3.67530371315964e-07,0.000145929340405421,-1.66423381832479e-06,0.000303105312297421,-7.14250069054708e-06,6.80934153608629e-07,-2.32378324472118e-07,3.86942439331214e-08,1.8758420560308e-05,-5.86606306885231e-06,2.84914895164869e-07,2.90761284452911e-06,-2.41893040011322e-07,2.91182799091431e-06,-3.22967892328541e-06,0.0001234440945555,-9.53016051296495e-06,7.33964424382153e-06,-5.30129995880588e-07,8.50016339815964e-06,-4.32829452251993e-07,1.66594595039299e-06,2.91445107731153e-18,-4.03674512405681e-06,-1.38013535497657e-07,-1.79604006818704e-10,-1.53488618848795e-06,1.90885206321867e-07,-1.17543768878557e-07,-3.86798621488521e-07,4.251609699308e-08,-1.79940611612352e-06,6.24939073619529e-06,2.26723131965465e-07,-4.71658732482554e-06,2.53475556843917e-06,-3.05711975187402e-06,9.6410441839189e-06,-1.43023792490427e-06,2.31447482243971e-06,8.19762663029238e-08,6.22892294012087e-08,3.30407934523137e-06,-2.07086308348139e-05,9.21962636909903e-08,-2.58782818322843e-06,9.51169429507427e-05,-0.000959577806155317,6.58034356927403e-07,5.95877529710247e-07,3.43347455788268e-06,-1.09012194291557e-06,-6.18772715951712e-07,7.17273661187932e-07,-7.78320712349743e-05,8.01303810618103e-08,7.4808736781273e-07,-1.44583042343624e-06,6.8870057093879e-17,4.20181925042258e-09,2.52457350793115e-06,-2.29931049339172e-07,1.18758234748225e-06,1.51397846787848e-07,3.11912763796823e-07,7.41763026218992e-07,-0.000239724363604973,3.64801958285822e-06,3.87051375238442e-17,-2.81844686367245e-06,-2.58774914626599e-08,-9.57184901947591e-08,4.54093700486149e-07,7.14500571901469e-07,-4.80196344552259e-08,-1.82531435253824e-06,4.84513808883889e-07,-2.27218621762658e-06,2.98668932226819e-06,-4.55095627950565e-07,-1.08776336276818e-06,-4.77772361547498e-06,-8.07615077578399e-09,-1.07691448551081e-06,6.43906199135199e-07,-1.16296608870357e-06,-7.32633567340844e-17,-3.34896382205458e-06,2.62247245480496e-07,7.55764385832436e-09,6.58050841715093e-08,-2.1524138390943e-06,-4.38282103565191e-06,2.21600945144804e-06,-8.04252679454368e-06,-3.94304797717813e-07,1.24446529457307e-16,-7.19038607093747e-07,-2.82819797183149e-07,-9.01780946440777e-07,2.4624999139362e-16,1.6969223315909e-06,2.45072595416212e-06,-3.74375544610909e-07,-1.40191461110798e-06,-4.76213183407021e-07,-2.71303422525151e-07,-0.000199618097669091,2.27641060364644e-07,1.83251106287724e-06,1.02642777070875e-07,5.05846817989591e-07,7.29949053490738e-07,5.12595511811161e-17,-2.88783527630233e-07,9.46525721721832e-07,4.61012609088139e-06,-6.13454114106824e-07,7.20129669864439e-17,-1.3705353639989e-05,1.0824577407464e-07,-2.61338547639993e-07,-1.75229656035642e-07,-5.87309777921558e-07,6.23489069425713e-07,-0.000187539636115401,1.09767825558648e-06,1.21665560297984e-16,3.96223232340134e-06,-7.57089524208033e-07,2.10430661951477e-06,4.89711324579186e-06,-1.16259552318768e-05,-3.32961622005709e-09,5.37710067444186e-16,1.24380842717599e-17,-3.2056922933483e-09,-4.07980404414088e-07,5.37736450150045e-08,-5.42105788378624e-07,1.54800244977063e-15,-2.5667111841456e-07,-3.0286594458331e-09,-7.55947374377351e-18,-2.02244918412299e-17,-9.68578811010281e-17,6.43561285585286e-07,4.362106817212e-05,-2.05764933940289e-06,1.61213620770199e-06,8.03937039282796e-07,0.00013400582593906,-6.85714815643422e-07,-8.85236640320229e-15,-1.55777993291013e-07,4.37817891505295e-07,-1.11611197846202e-16,-9.56258572704259e-17,-2.75645699284936e-07,-1.48619802064104e-10,-1.63361553063546e-07,8.89090445957074e-07,1.61577119584732e-07,-6.0492338586334e-08,-5.87428845107415e-17,-2.03523583392786e-07,-8.73119310654981e-17,-6.94635502048722e-07,-2.81219173653164e-16,-1.81751845964584e-07,-2.51474439843954e-17,7.47823770506492e-07,1.97011544197569e-07,8.25692147303886e-08,1.087136196476e-06,5.39008088249764e-07,-6.21221305921543e-08,3.95559067995197e-07,3.18324067554547e-06,6.74486494962811e-07,6.24664719404025e-08,1.41983626980385e-07,-4.0553639242945e-07,-7.05752522412481e-07,-5.8088678187497e-08,-2.01365570532688e-07,1.47580033452634e-16,1.94205873045456e-06,-3.47934850644852e-07,2.28141849232806e-07,2.63457689284374e-16,4.74736238247011e-08,2.78447578247777e-06,0.0244623625014495,-4.59159590424257e-16,3.03953818333147e-06,8.58565637371065e-08,-1.02724464359666e-16,-7.05000932557451e-07,5.91701569397364e-07,-3.53481252103515e-17,1.12087135114707e-16,-2.41282766370361e-08,-1.3050104503336e-07,-7.67575211649283e-10,-1.09994106685984e-06,3.10286627932238e-07,9.16978484315949e-08,8.89207992637087e-08,8.79392207146546e-07,-2.09496574031942e-06,1.32838991271766e-15,4.4340261213207e-09,3.06603248515235e-09,8.61044772378187e-09,8.2459503328565e-07,2.57704063584793e-16,7.11345022335078e-17,2.81280782656345e-07,1.07185224896162e-16,-6.0127468764015e-16,3.31844504785518e-06,-0.0180696354358089,2.92261878755312e-05,-1.39001059794653e-08,3.85785442512206e-05,0.00204094391550142,-2.96348656611482e-08,3.28984698513161e-17,7.45488770826234e-08,3.74272064550227e-09,1.75078628251115e-08,-1.89688768676967e-07,8.12708911022863e-07,3.37176421331337e-18,2.13369593247248e-17,1.50474851375744e-16,-7.58898011565466e-08,-3.70984653552923e-08,-2.16344872882852e-07,-7.63292891762222e-17,-2.89054974550437e-08,9.85410500548694e-17,4.96055583220754e-17,9.76287802943284e-06,-1.05498225189158e-07,9.86217401147127e-17,-2.68239760597965e-07,-1.39012189640434e-07,2.93536674455269e-16,3.16647407523886e-07,1.10208409374877e-16,1.13232554690402e-07,7.71651437794855e-17,1.13737525122695e-07,2.2203983394775e-05,3.49451445191843e-08,3.30952788786867e-08,2.28114376788176e-07,-1.14766990988802e-07,3.1932073748795e-07,4.51201455059124e-17,2.12066429547296e-06,-1.19857038384833e-07,-7.00358250390216e-18,-1.5821689405416e-08,-7.366141627415e-06,7.55878007295275e-08,3.96238153361031e-17,0.00262346576150713,2.89596314411308e-07,-1.09271653205245e-16,-7.63829016941006e-07,-1.70529025474736e-07,-9.03667630878964e-09,-1.62376152187284e-16,3.1080104946161e-17,0.00235263166872644,4.86078807959285e-08,3.94909086027558e-09,-6.48360897060448e-08,2.95682016787013e-08,1.30936452179017e-17,5.15913850201468e-17,1.08029267533734e-07,7.44707756240744e-10,1.8286121839978e-16,2.61402224809491e-07,-2.96392090773123e-18,1.35390076219019e-07,-5.01379299091577e-08,-2.92975479043927e-08,-1.94294771125257e-07,-3.72232731018432e-16,-3.24328230377119e-17,-1.26278449725247e-16,-5.95490951795666e-17,-1.56571398899768e-08,-5.43224631026165e-08,-1.20984196299709e-16,1.02481663462822e-17,-1.03654496298156e-16,7.65296405637628e-08,6.88030449456675e-10,-3.79345038115016e-08,1.43757972238666e-17,1.94929386217527e-16,1.36991485592385e-16,-0.000128373993162456,4.47766452934671e-08,-6.93382328025447e-17,8.65593419633216e-09,-2.26974522808591e-07,-2.73380924494024e-17,2.87656481551302e-17,-1.57274254196499e-07,-1.62290439192474e-05,-7.79904744486882e-08,-2.43852297660915e-17,1.99060944929986e-06,1.27984609791603e-07,1.37396611886543e-07,-1.253158715837e-07,-3.37397110564343e-07,5.49334527241909e-09,-6.53740092227239e-17,3.81363783586369e-17,-6.43604166637958e-17,1.04553570835077e-07,-9.46659004503397e-08,-3.56851339880494e-08,-6.35408530550663e-07,1.52214125523986e-16,1.61057556998103e-16,1.21994275477084e-16,5.23506580796109e-19,-8.60036375278461e-17,1.34160458301599e-07,-2.39730578054337e-17,1.05625083344094e-17,-2.17244431563227e-08,4.46055497907295e-17,-1.94473145438208e-08,-5.5927318310475e-18,-2.41107986163861e-08,3.84693516676774e-17,-2.92144437292627e-08,-3.6567013656813e-09,-3.33650277777753e-07,9.83426205658571e-16,1.17449439875599e-07,4.5746568205897e-17,1.6682043605811e-07,-2.94237508109581e-07,3.67787423403795e-08,-2.09035028290572e-16,2.38364345175217e-07,-1.07069411073386e-16,-6.90482471945545e-08,-0.000739283452959288,1.34562878997638e-16,3.25634100337887e-17,-6.48142736195959e-17,-1.97499511198624e-17,-1.08843381693079e-09,-1.42079611833499e-08,-3.17832835011602e-09,-4.706146660871e-17,3.41095569745458e-17,-3.37303769457616e-08,2.75173078171071e-07,7.96607849559508e-17,-1.29959667978533e-16,-1.45817262590769e-08,-7.95154108741359e-18,-1.03436007719103e-07,1.37706958447461e-16,7.63853375486574e-05,-9.80412391980132e-18,9.98824562297218e-17,-4.3023738023194e-17,-2.12584373837531e-16,1.63278091530456e-17,5.90153083346242e-16,1.86969539695157e-08,-1.30762090442897e-07,2.20624101605089e-17,-1.95827689129282e-06,3.30377057413138e-07,1.59597136822614e-16,-5.54470419225265e-17,-5.17174001322346e-18,-2.18022300391173e-16,3.25886454753514e-08,5.21238625734427e-09,-8.64009084966304e-17,-2.20983134469725e-17,-5.92425124481823e-08,-4.75898500580937e-06,-3.19573979558567e-09,-6.27590088405078e-17,-1.05728627773038e-17,2.90812895810525e-18,8.47509122362935e-17,4.57059730563939e-17,6.48913871733685e-18,1.24786097462685e-07,-1.18028296054054e-07,-2.26954549098645e-08,2.81917332580158e-19,-7.92543020663564e-17,-2.46578045049459e-16,9.54526658288477e-17,-5.30351517945184e-17,-2.40015749897834e-17,2.69067585038019e-17,4.02779536974242e-17,4.67600989961909e-18,-6.10088230250918e-18,2.49465033633579e-17,-1.12782907929181e-16,3.51138388487307e-16,2.30410332383412e-17,1.24471903560008e-08,4.24362564195958e-17,2.57896439902764e-16,-4.81133380069339e-17,1.7617741245546e-07,-2.12189748441948e-09,-5.78798809982504e-18,-4.54673620956819e-09,1.60986691098126e-07,-1.07200297916748e-17,1.15786347390204e-16,-6.98307254822584e-06,4.02366606946045e-17,3.96149785888228e-09,3.12438546096359e-17,1.54424810089752e-17,-1.25651865891188e-16,-3.16235921847179e-17,3.88373237001666e-09,-1.19671772391193e-05,4.19836588493224e-17,-7.06533399442397e-17,-3.31603833625036e-17,-1.70417660257123e-16,5.51567526461266e-16,3.03040051882304e-17,-2.91312105931958e-17,1.52311962162166e-16,6.38996430430874e-09,6.76981016623503e-17,-2.92839486006194e-16,2.88421718545067e-17,1.56280973706691e-16,7.8452550053669e-17,3.38783763294655e-16,-1.260142674097e-07,-2.02065682818957e-17,-3.23295555416095e-17,7.31926783599564e-06,-5.42443955909266e-17,-1.1849996273811e-16,-1.30782268700623e-17,-6.48327026783502e-18,7.82430395850458e-08,-1.94065485268461e-17,-5.77433736172281e-08,-9.54764395150173e-18,-7.14061182904488e-18,-3.94594795610177e-17,-3.01508921462355e-17,-5.86568048214637e-17,7.92722177609737e-17,2.08564984511839e-09,-5.49494030430258e-16,-6.6620479322697e-17,1.17624609320269e-08,-2.6027599479372e-07,-3.50141772748856e-17,1.82277735470307e-07,2.66945521141488e-08,-1.92131966649715e-17,3.1904529864865e-16,2.12644309347596e-17,3.4787990314431e-18,-2.79823725442265e-16,-4.47803053473187e-08,7.2620990596971e-17,2.27655515891944e-16,1.55301300435785e-16,1.79218508091594e-08,1.39900038670871e-16,2.02778220929261e-16,5.65900229556409e-16,-5.64147979532548e-17,-8.16174528685767e-09,4.77399899835138e-16,2.45531629974651e-09,4.87656409252723e-17,6.87945225251035e-17,-2.74158888339989e-16,5.162399417108e-17,3.82250402372121e-18,-7.0009612410478e-17,-5.86726504514204e-17,-4.25661355192242e-08,2.92809089029344e-16,1.06094096656182e-16,1.78918486370878e-08,2.1694344768724e-16,-6.83141161921653e-17,-6.47323787013057e-18,1.10879116171874e-17,-4.3249445080344e-17,-3.6644985448778e-17,-1.00621238790042e-05,-1.23431902376721e-17,-8.93730503836041e-18,3.85819721493553e-08,-1.59946267304383e-16,-1.38498067679366e-16,-5.96225998209695e-18,2.63596412942976e-19,3.37691306040388e-16,3.10240379167685e-16,-4.29994143128112e-17,-2.72208007569633e-17,6.92930852638501e-17,-1.39424059289321e-17,-4.06608889652858e-17,-2.02225179557245e-08,6.7050980823731e-08,1.37875762094916e-17,1.23095463962053e-16,6.05124057959539e-18,-5.93852984318681e-18,3.63241609100534e-16,-1.03899703284754e-16,5.78325789827105e-17,-2.78944830392087e-16,-5.80679500240365e-09,-3.30199370769039e-17,7.68838530339902e-19,-8.22996202362582e-17,-1.06423702028228e-17,1.66482950232808e-07,-4.27047800755359e-16,-1.17787781865709e-09,-1.84936026201759e-16,-2.72642156900294e-17,1.26166930587726e-16,-1.15121097742225e-16,2.03597670745214e-17,3.86605235249686e-16,7.6025096320632e-17,1.75295295888786e-16,1.54168652436098e-22,-4.44597714025194e-17,-7.94539655277315e-17,-4.77013492644409e-17,-2.44566895114797e-16,5.18901212324777e-17,3.30306807007227e-17,-3.00050459601498e-16,8.72489299178669e-17,-5.68936264678064e-16,5.02181634202616e-17,1.01201735631791e-16,3.87087280631637e-16,4.76377538745184e-17,-9.41237831507975e-18,-1.81556786342412e-17,3.79406757655399e-17,5.59511881432291e-10,1.17347997596795e-16,8.1562904017646e-17,-1.22974129456679e-17,-1.53236373238699e-16,1.77770232476991e-16,-2.85095583823164e-17,-7.04809378141084e-16,1.43735922489727e-17,-2.71789092020073e-17,1.00443197916128e-16,-4.39018870627798e-16,-2.27004351456063e-16,-4.42093948810637e-17,8.79948074803212e-17,8.37452607511142e-17,5.40013716001088e-17,1.39367070925002e-17,-7.19420917107167e-09,2.56765372120055e-17,-2.08109804222775e-17,9.47938414604797e-18,-2.76236614858349e-16,3.51807504340437e-16,1.98953257342872e-16,-4.28832124159996e-18,5.98853895195721e-17,1.00545384870953e-16,1.52285815453358e-09,2.54688818368632e-16,-1.09512090559246e-16,1.62212939997323e-16,1.22038695898448e-17,1.35308089651979e-16,6.10500385252746e-16,1.46904019237998e-16,-1.35590710797769e-17,-1.49553160186998e-17,6.27893702828173e-16,-4.1247115617021e-20,4.23750108304701e-16,2.00418701538767e-16,7.67602475137568e-09,1.0066782127134e-17,-4.06262761400393e-16,-1.72298969667517e-15,8.50332987616803e-16,-5.15938190387386e-07,-1.47608214202e-16,6.56859125454525e-17,6.80740675662313e-16,4.98194900922088e-16,-6.63447643272907e-16,-3.63702845265532e-16,2.84461842967357e-15,-3.18070438226619e-15,1.38329530394406e-15,-3.39670873241382e-15,0.707106781186548,-2.05834650924619e-15,6.17751762394216e-15,2.11089673868664e-16,-5.04026757859006e-17,-4.92652493044054e-16,-3.63047513541061e-16
"t140",-0.00487877522801698,0.0499598801946183,0.0642330626182255,0.015218230093554,0.0305637536632036,-0.00494865975547007,0.00151325446330113,5.16161685088507e-05,0.000418950907490447,-0.00101520430640026,-0.000231494674631735,-0.0011802303877562,0.00744353200379289,0.0501505225938516,-0.00124480804155108,0.00217215149577205,0.154535582310011,0.00199897270049407,-0.00126524801791808,0.00048478341515662,-0.00116614677801282,0.000251113256171328,-0.000732140346238896,0.00128134523275237,-0.000205454031318729,0.000999372929979195,-0.00220206518105858,0.156893114053057,0.000474389182513582,0.0129787585444261,-5.39230799107079e-05,0.000844712489446245,0.000335407655687458,1.93035417555759e-05,-1.04268754480796e-05,-2.29127153415536e-05,-8.13697246858479e-05,8.43090513601729e-06,7.40120167365484e-05,2.62026854490092e-05,0.0206756202190044,0.000103084064883008,-3.28667422037697e-05,3.79030984012861e-05,-5.87628400722251e-05,-5.31987177702209e-06,1.33644210511355e-06,-2.15669329589533e-05,2.65514423810771e-05,-5.7390072078482e-05,5.13759361011911e-05,-0.00221416315697244,3.67048928908676e-09,-1.30555978305907e-05,7.10221277805459e-06,-7.53766711817423e-05,4.56558840071152e-06,-0.00664779579035921,-0.000432567034669663,-5.04676853857286e-06,-5.48322799810444e-06,6.95654824726198e-06,-0.000195712248581702,0.000305263171609783,-8.81485864945463e-06,2.66921072326969e-05,-1.50677445981433e-06,7.5789667317981e-05,-0.00396318013892407,2.34216290113501e-05,-3.8881756936582e-06,1.02543304730021e-05,-3.36473301786605e-06,-2.20913250350882e-05,9.24645301003355e-06,8.54222363865532e-08,-7.84357160330044e-05,0.000329059543979782,-3.82540280981886e-05,-4.46176644728876e-05,0.000325600642865784,0.000190425342297806,-2.33064906349881e-05,-0.000109166408624374,6.93946247628706e-06,0.000197166019610167,-2.92451861947696e-05,-4.61585940363975e-06,-1.02713668336177e-06,3.90024639662818e-05,-8.55464117478199e-06,2.16088462671514e-07,1.44042577179785e-05,-0.000134838705018865,-8.43111239228437e-07,-3.95007809170619e-05,-4.66072627568977e-06,4.43795278499732e-05,-0.00463545321559625,-2.26584310132024e-05,-7.49606478804667e-06,4.90677139396297e-07,-1.06050647586785e-05,5.31146804726892e-06,-2.35685452632563e-06,3.77572276548822e-06,-0.000131660699903579,4.54240377275404e-06,-2.0978371912862e-05,7.39647789061862e-07,0.000613299231292929,4.17896259076141e-05,-1.29430564106469e-05,1.39571721838165e-05,-5.30725026633469e-07,1.71272902080895e-05,-3.5313205057064e-05,4.53256201905055e-05,-6.08740290456584e-05,0.00451854380665996,-0.000113516855754104,0.178012883507836,0.000251950134789733,0.000664364601654125,-2.62809353055166e-05,0.000135181567112795,-1.31626433394928e-05,1.85558461063996e-05,-3.48896332416495e-05,-0.000481217108198897,-1.94480401213125e-06,-2.54981210209388e-05,3.07321000410494e-06,5.19544566570571e-06,-1.67676883750098e-07,-6.07602613223405e-06,1.62647534272811e-08,6.73531876683531e-05,1.17923120674068e-06,-3.52485858798194e-06,-2.70743121807905e-07,-8.77668437328833e-06,2.69494502946915e-06,1.771442796592e-07,6.74820656112153e-08,-4.45911810735144e-08,-7.42719850529564e-05,5.05350378690958e-07,3.42616597314111e-08,-8.968159931574e-08,-1.91389610360956e-06,-4.31517352207266e-07,-1.26996883558941e-06,3.56048685400442e-06,-2.90263308534383e-05,-1.01762184698158e-07,1.54257098919677e-06,-1.51392712590769e-05,-5.33895213905784e-07,-1.77285097403758e-07,-1.23428699858942e-05,4.25104422462402e-05,-9.19934551530186e-07,-1.83934981424533e-05,1.23584643910922e-05,-8.54416706198607e-06,1.16066244871789e-05,2.00891849139014e-07,1.00237818411797e-05,0.000281518850456171,-2.3227487383934e-05,-4.11934719882271e-06,5.34134781019966e-07,1.42884991686403e-06,3.85130219321503e-06,6.29809117909066e-07,3.57249051054105e-07,-1.93664181464693e-05,-4.67658915970131e-05,-0.000463794010735066,0.00991046650217984,-0.000152365478845947,-0.00134968213209529,1.70693339198994e-08,-0.245629465221691,3.45134632760478e-07,4.3923093421549e-05,-4.11894917685871e-06,-1.80194548708134e-05,1.76911534957355e-05,2.05558348718042e-07,-2.09910749791837e-07,-6.54985419732357e-07,-7.49985067130823e-10,-1.29140725592012e-06,-2.41047501943603e-08,-7.4571624533553e-08,-9.47851221393073e-08,9.55338951998039e-08,8.53600645370371e-08,8.71028648995332e-08,3.33244568362617e-05,-2.97983566180354e-09,-6.62725124053807e-07,-1.00488159698612e-06,-5.08471324530434e-06,6.94351021621648e-07,3.77398283848481e-06,-5.86668431431675e-06,-4.07412845527598e-08,-2.9338785891145e-05,9.7686760865232e-06,-3.00341015559055e-05,-4.11483899725689e-06,-3.33891421170454e-07,-2.36981615006514e-06,8.23276515396611e-07,1.36777827325442e-05,-1.88269625548258e-06,-3.32424342685452e-05,-0.0286986350580936,-4.4415782278986e-05,-8.00640918865892e-06,-0.000584306678160058,3.04852007177026e-06,1.08213813185228e-06,1.45868314736922e-05,1.52561042999319e-05,6.71586561261174e-07,3.47415505270228e-07,-8.2052597881964e-07,-1.25153545572046e-07,-4.82230664545389e-08,-7.08280966356739e-08,-9.62095166518003e-10,-9.38071010492856e-09,-6.86021291189356e-07,-1.21097824169982e-16,-1.65276689991927e-07,2.78129314776947e-06,-0.0412926819832783,1.92629914745561e-06,1.0915680388731e-06,-1.77819795748178e-07,7.8687920477508e-08,-3.45692692678884e-07,5.16981753875874e-09,-2.23140570999465e-10,3.61841388197855e-08,-1.3869844264086e-07,3.59404515990854e-08,-5.98010807130279e-08,-2.9691191813539e-08,6.61324169728562e-09,-5.09908951191933e-10,2.6859702924185e-08,-2.95258711294457e-08,4.68789552920395e-07,1.12598571378804e-07,-2.26970824500878e-08,9.69123897543188e-06,-1.12885982973095e-07,2.09998304773416e-05,-5.08799065647814e-07,5.03908969294052e-08,-1.72678038917513e-08,3.12103028978454e-09,1.51556947207824e-06,-4.74831358597661e-07,2.35077863953262e-08,2.41547614885712e-07,-2.05174639245868e-08,2.47901514628344e-07,-3.03284229431116e-07,1.16911763403316e-05,-9.084445233425e-07,7.09475566785076e-07,-5.17756286367965e-08,8.47530930989515e-07,-4.33890942459812e-08,1.67682679816409e-07,1.64186967019238e-16,-4.11505083694927e-07,-1.40906459278839e-08,-1.84246630261962e-11,-1.59037728127668e-07,1.99215983727703e-08,-1.23040926826187e-08,-4.05446732090387e-08,4.51110948429995e-09,-1.91007636283934e-07,6.63449639906366e-07,2.41045690446211e-08,-5.01338748432931e-07,2.69243080178107e-07,-3.24540164850799e-07,1.02087691042596e-06,-1.48668357262726e-07,2.3773398258221e-07,8.41379966531208e-09,6.39170363530736e-09,3.25488063756991e-07,-1.90582369884899e-06,8.39651107539602e-09,-2.31912441844572e-07,8.34800461005937e-06,-8.36548715951701e-05,5.39189513588216e-08,4.85761988318228e-08,2.7722978513455e-07,-8.74333620308854e-08,-4.85113064992118e-08,5.47526214619908e-08,-5.78767128831855e-06,5.88801606382008e-09,5.38325688670298e-08,-9.91970743232224e-08,-1.72168332673811e-16,1.88899232996908e-10,1.06766457811796e-07,-8.78297344197564e-09,4.52175335904821e-08,5.74483250897397e-09,1.1516206695147e-08,2.59391904214267e-08,-7.81831679186841e-06,1.01097232537481e-07,6.76530916080697e-17,-4.4728811257425e-08,-3.71072032712689e-10,-1.05447286623262e-09,4.82064852023458e-09,1.51202385085575e-09,1.31360703499031e-10,1.78715947229101e-08,-7.16185288812929e-09,5.89863031197169e-08,-1.09667716168252e-07,1.99483737420553e-08,5.21335544533309e-08,2.41288090902563e-07,4.45334942759895e-10,5.99391042220816e-08,-3.79905040233355e-08,7.16650781213691e-08,4.94172314255245e-16,2.74533499227351e-07,-2.26511522446905e-08,-6.53107566507906e-10,-6.53147810058626e-09,2.17909275733183e-07,5.54321260053053e-07,-2.96956550467875e-07,1.08984264393302e-06,5.57012495971237e-08,1.29323769426406e-16,1.06375196173102e-07,4.25523221681806e-08,1.44293678865993e-07,5.30918361542954e-19,-2.8952175161043e-07,-4.24363939429747e-07,6.53220698314648e-08,2.48464718096932e-07,8.66156893490995e-08,5.03030981573232e-08,3.75669849926454e-05,-4.47413846973439e-08,-3.62002838683046e-07,-2.08771653952916e-08,-1.08193198535422e-07,-1.56521163584066e-07,-1.18567044313161e-16,6.807864396747e-08,-2.26741480046062e-07,-1.14355158170785e-06,1.6026111661285e-07,3.73269095929425e-17,3.98729713580918e-06,-3.53355585356297e-08,8.9691392800064e-08,6.15383734322625e-08,2.11967452712916e-07,-2.36552727771898e-07,7.70196867778888e-05,-5.43845360993719e-07,-1.20210300908496e-15,-2.29916016219732e-06,4.45286864421869e-07,-1.27289022200534e-06,-3.07909501985481e-06,7.33155701249788e-06,2.12268241129467e-09,-4.73904769593414e-16,-8.27191332576214e-16,2.17495069708859e-09,2.92072016939429e-07,-3.87536965355971e-08,4.09823064450769e-07,-6.13370282405721e-16,2.15309064267856e-07,2.66017607029493e-09,-7.87011231050373e-16,-3.86852549115668e-17,-2.02739056231672e-16,-6.52697191412666e-07,-4.50601905400668e-05,2.2649331037159e-06,-1.87315300185503e-06,-9.40053375624014e-07,-0.000166057650720104,8.55454903210902e-07,1.1968382511737e-14,2.18920808011205e-07,-6.42034846704813e-07,3.78888043730987e-16,-1.02699884313533e-16,4.79506452639891e-07,2.69720411686271e-10,3.14050430209923e-07,-1.77756880922022e-06,-3.48775907877283e-07,1.3223021051609e-07,1.13904991349472e-15,4.52644309509856e-07,-2.42605153655887e-15,1.6248491909919e-06,1.1257576088778e-16,4.41534617923865e-07,1.24851924054827e-16,-1.90794402393294e-06,-5.0771003539039e-07,-2.44104443336878e-07,-3.31341212828834e-06,-1.66408664780061e-06,2.0304290715017e-07,-1.36042301376676e-06,-1.23955299783996e-05,-2.62945135144393e-06,-2.53481360343062e-07,-6.21672589937187e-07,1.97788898547645e-06,3.79300666787157e-06,3.38611744521206e-07,1.22384644551356e-06,-1.20585979674177e-15,-1.35495906080896e-05,2.81446280125689e-06,-3.20059390820352e-06,-3.80285047114011e-15,-8.3275706304144e-07,-7.70081149158299e-05,-0.889526892134043,1.31556905185487e-14,-0.000131587910034056,-1.4341411106399e-05,3.32572591129192e-16,-0.00031482318955649,1.20290469135241e-05,2.78180362999395e-15,-1.29719863169735e-15,-3.62848415189382e-07,-1.91844958827757e-06,-1.02174634956134e-08,-1.31965725556506e-05,3.05551890691899e-06,8.89424168794199e-07,8.44592531394935e-07,6.8342577972162e-06,-1.42115905401185e-05,8.76661143309719e-15,2.87011171412054e-08,1.96907940450401e-08,5.38147135567801e-08,4.9913736671525e-06,-2.21675681553374e-15,-2.07986760039014e-15,1.63117970772615e-06,1.18893951099523e-15,7.26584479729905e-16,1.39700563191169e-05,-0.0654514513488376,0.000105332006615578,-1.09631020065198e-07,0.000258602851060424,0.0133581706710326,-1.738968420347e-07,-3.28667795155386e-16,3.24198942416847e-07,1.58128554395876e-08,7.33185736142042e-08,-7.6300492442501e-07,3.07125424803644e-06,3.20268668577698e-16,-3.1825415368263e-18,-5.95789762910487e-16,-2.66256858087258e-07,-1.26558466545912e-07,-7.36532925541537e-07,-2.865107682598e-16,-9.59764364958484e-08,1.37393678810444e-15,1.35716964894358e-17,2.96086054736239e-05,-3.19649754619015e-07,-1.07790024735793e-16,-7.98613011576896e-07,-4.10023304803865e-07,2.42499302317761e-15,9.18246403641631e-07,-3.14696867042346e-18,3.23110739767758e-07,9.9503981376698e-16,3.24167614289776e-07,6.3228469165105e-05,9.94145818038974e-08,9.40316970252929e-08,6.46452693223935e-07,-3.23421730238129e-07,9.06917043203181e-07,-3.14673774110451e-16,6.42562960493119e-06,-3.68443022783289e-07,2.01739685010389e-15,-4.97808166514311e-08,-2.45873845300717e-05,2.74234057139516e-07,-9.81987489132921e-16,0.221073499326263,-1.62205697781423e-06,3.93814977135298e-15,7.7141626686706e-07,5.14037379951469e-08,-7.13031979547866e-09,-2.95610840811663e-15,1.05608391957448e-15,0.00249849999175007,7.407326740879e-08,6.06767562738169e-09,-1.07301572050145e-07,4.90678295416832e-08,-9.32918525028773e-16,-6.08810179472667e-16,1.79481589894084e-07,1.2374074175864e-09,3.28749341915788e-15,4.34697907708257e-07,1.24704492565021e-16,2.25094093111808e-07,-8.32262012087507e-08,-4.86246401461454e-08,-3.22251086268422e-07,1.14688109789182e-16,1.49647243470176e-16,2.58096509841139e-16,3.39096769279584e-16,-2.57376958955748e-08,-8.92159756192945e-08,-1.39819961022896e-16,2.91138771307457e-16,6.21930739413035e-16,1.25255914018548e-07,1.12434255254734e-09,-6.17172764504036e-08,-5.8637413371179e-17,-4.34826904571837e-16,1.15689454001887e-16,-0.000205465039944627,7.16236670299623e-08,3.32524349066133e-17,1.37526819899894e-08,-3.59629527452672e-07,6.14470658225986e-17,-3.04650046790484e-16,-2.47637443626421e-07,-0.000587679631474409,-1.22215621830027e-07,9.71606306380125e-17,3.09923938915768e-06,1.98548950834636e-07,2.12085827008999e-07,-1.92121863898057e-07,-5.16319109468296e-07,8.37779219768093e-09,-1.32210829822527e-16,3.40147355169692e-16,-3.77597320708338e-16,1.56412856224417e-07,-1.41579544940433e-07,-5.32406997761774e-08,-9.36613163581624e-07,6.8872059294188e-18,-2.7747608111773e-16,3.07658860526226e-16,-3.48682416505567e-16,1.06788489060568e-16,1.95320235820048e-07,-3.1457356251261e-17,2.79571961724852e-18,-3.14771261446643e-08,7.35160178605739e-17,-2.81705816943054e-08,-5.53646368129415e-17,-3.49109986459229e-08,-2.76020565274454e-16,-4.19560032304929e-08,-5.24141234989047e-09,-4.76844088244114e-07,1.60107350759438e-15,1.67254578772349e-07,-1.15021859561906e-17,2.35723613881577e-07,-4.11664336795891e-07,5.14347898586061e-08,-3.55325023038244e-16,3.32037567489441e-07,5.90847084008995e-17,-9.55913140314747e-08,-0.00102316645454282,-2.27811117050742e-16,-6.97737966527081e-17,-8.99361590987252e-17,-5.71867984595297e-17,-1.49884716324545e-09,-1.95395867481661e-08,-4.36436083398213e-09,1.3180062863268e-16,9.99508159420574e-18,-4.59845467556197e-08,3.75023832531938e-07,-9.13899772334394e-17,3.97754700879072e-17,-1.9698999405437e-08,-1.011331602419e-16,-1.39477353110986e-07,2.18826519009362e-16,0.00010245625131178,1.79311758617798e-16,-3.15032402385533e-16,3.05073668254848e-17,-2.58314671014682e-16,9.81938443988494e-18,-1.25703279580103e-16,2.48157367594864e-08,-1.7353187830813e-07,-3.15040894192197e-17,-2.58945841744012e-06,4.36210555251418e-07,-2.52522290112467e-16,9.44264615500994e-17,-2.48240751002144e-16,2.72212960230739e-16,4.27553622853851e-08,6.82847974726873e-09,1.17160741008527e-16,-1.80323509732791e-17,-7.74844776387194e-08,-6.22305895141401e-06,-4.17591868815565e-09,2.351929944163e-16,1.16220389315605e-16,-6.96043423020641e-17,-6.69622111389178e-17,-1.02051796516376e-16,1.26471927389648e-16,1.61220379372339e-07,-1.52330777872469e-07,-2.92612418523569e-08,3.57519361350044e-17,2.57816141323233e-17,1.63212024858874e-16,-4.5261626296561e-17,-1.88331106561166e-16,-3.74245002189569e-16,3.31195057799553e-16,-3.00325069729695e-17,1.03255523946021e-16,7.62963575965802e-17,-9.60852896073846e-17,-6.94589993018628e-17,7.36333746511865e-16,-2.58915164906336e-16,1.57794694986969e-08,1.47944405664075e-16,1.62028583392443e-16,6.72987555831527e-17,2.22857555823789e-07,-2.68277720406889e-09,6.32591727786954e-17,-5.74679483478963e-09,2.0294026403691e-07,4.38238648461624e-18,-2.75885528652657e-17,-8.77423417667713e-06,2.47442309044436e-17,4.95803123357436e-09,9.41558560482336e-17,-1.62673946580385e-17,-1.25467252997113e-16,1.06666240161024e-16,4.83109424921231e-09,-1.48802370470819e-05,3.7732760792197e-17,4.16068636333936e-16,7.33254504327837e-17,-4.5288126151987e-16,4.86135925351766e-16,2.44586687069424e-16,-7.57015108788608e-17,5.14429313879718e-17,7.78473405494629e-09,4.72752116090201e-17,8.44144918063726e-17,-2.51102007651594e-16,1.09278362344928e-16,4.10338157518006e-17,-1.17874221526854e-15,-1.52873417195938e-07,-3.98370270914351e-17,5.90513008513628e-17,8.87248378014364e-06,-3.36709818701492e-16,-3.51997723652019e-17,-6.77584519492734e-17,-2.47104380800064e-17,9.40069528070747e-08,-1.11248900902386e-16,-6.92686742886514e-08,2.07915085958418e-16,5.01017731989944e-17,9.20246309801522e-17,-3.55593550096428e-16,-2.12389125787587e-17,1.78323138632673e-16,2.49402715299017e-09,6.26516222656802e-16,-4.52144127003407e-17,1.40317930346047e-08,-3.10453525578363e-07,-4.37559864343383e-17,2.16972023195451e-07,3.17551497812188e-08,1.18705254892473e-16,-9.17920334765397e-18,-4.98264426567551e-17,-2.45247034501537e-16,1.94126676593386e-16,-5.27753512277126e-08,-1.80045090287896e-17,2.40698178929629e-16,-5.03946001781339e-17,2.1072034694941e-08,-3.21133017526596e-16,-3.90523825573735e-16,1.84282619982445e-17,2.89691977958263e-17,-9.56688367157427e-09,-4.43442609117772e-17,2.87531459886176e-09,6.22194056940962e-17,2.04456003380816e-16,-2.52317663716721e-16,-4.24836153714863e-17,1.15055083333623e-19,8.61593662637283e-17,-6.8175693752464e-19,-4.9601898890363e-08,-2.16256621448436e-16,-1.38286469341976e-16,2.08239726681075e-08,-5.29986548460026e-18,2.35170219483585e-17,-9.32989455854419e-17,3.72788756813803e-17,4.18029338234934e-17,1.83314421367548e-16,-1.16670798934167e-05,3.27909809585756e-17,5.42691924910848e-17,4.46613371403053e-08,-8.81784997674173e-17,7.0857002972239e-17,-7.49543059072244e-17,-1.13927822724612e-17,-3.88647057245869e-17,-3.53947290001284e-17,-5.20364319262826e-17,-1.02723180117711e-16,-2.83573330878757e-17,1.45735550534792e-16,5.01700908563966e-18,-2.32672565757939e-08,7.7090778764896e-08,5.01532035311109e-17,2.82661590372466e-16,-1.17427262916411e-16,9.36731078500622e-18,2.843083028118e-16,-1.9636151142292e-16,2.61198316473811e-17,-2.11430741963375e-16,-6.65144702236765e-09,1.33691624811715e-16,5.60128403972281e-17,-1.58983276909081e-16,2.56235635177222e-17,1.90104999338356e-07,3.17079255523657e-17,-1.34034176309812e-09,5.56749868523329e-18,1.06255446186582e-17,8.14138484695757e-18,7.92022519503362e-17,1.25376161326637e-16,1.43294222342058e-16,1.93146475003916e-16,2.25273543516595e-17,-4.30822888440846e-17,3.25600338261279e-17,4.73661966409855e-17,-2.69153521904465e-17,6.36263195450952e-17,5.28895787940274e-18,4.08742136283499e-17,-2.33798155418539e-16,9.58437984725818e-17,-2.14632578918977e-16,1.07783494979238e-17,-7.73151047038079e-17,-1.18760795468631e-16,1.21878755552874e-16,-3.82479524021044e-18,1.12033708957604e-16,-5.84775386106987e-17,6.28855516411996e-10,-1.53944341083299e-17,5.39787186890258e-16,-9.56859345784541e-18,-1.49334129843427e-16,5.67396219447907e-17,4.03587698075178e-17,-4.90361601732197e-16,-8.43702795804148e-18,6.01555789559362e-17,-3.75291624616624e-17,-2.04954868181229e-16,3.84219991210762e-17,4.03038590116198e-18,5.63208599645524e-17,1.35242901545443e-16,-2.85803024041088e-17,8.5572940469833e-17,-8.0214855561199e-09,2.99445806112227e-17,1.98279152225013e-17,7.7568256533894e-17,5.80462946837509e-17,1.24471453504565e-16,-7.35035431837591e-17,-8.11289601476463e-18,-1.37865821307191e-16,-7.40455836853799e-17,1.68454828770148e-09,1.808090754477e-16,-9.7703801491309e-17,9.32410224039244e-17,1.18237209145315e-17,-1.47841575523885e-16,2.22175934912581e-16,7.87330443737143e-17,2.0724225747845e-16,4.46772570360723e-17,-5.07959793668052e-17,3.96770014048991e-18,7.2884384724853e-17,8.20216929648251e-17,8.42608849026598e-09,1.63877943946524e-16,8.48610390350785e-17,5.76910973311689e-17,1.86055869062091e-16,-5.64386472513094e-07,-3.49757587793797e-17,4.10698624654073e-17,-6.30931994955266e-17,-6.54110306013756e-19,4.96467047472106e-17,-6.06614697043343e-17,1.79026145384861e-16,9.09031055103227e-17,2.80112413076906e-17,7.4492881260978e-17,-7.08452708129696e-17,3.25429378380118e-17,-2.18921988422616e-17,-2.52794291424659e-16,7.0596029509927e-17,2.77005135372259e-17,-2.17913658383698e-16
"t261",-0.0048815575105103,0.0500199460536354,0.0643127884460173,0.0152435518444082,0.0306260323018516,-0.0049604923296611,0.00151694388958442,5.17520347699275e-05,0.000420253631466254,-0.00101903320388577,-0.000232602832261905,-0.00118719451865982,0.00748874121625913,0.0504597392558962,-0.00125281860821018,0.00218695672849182,0.155614105997466,0.00201317727282292,-0.00127444752984528,0.000488613695638402,-0.00117611539671624,0.000253706080051427,-0.000740125784743573,0.00129540106204556,-0.000207716693995655,0.00101090668690004,-0.00222778148775722,0.158741895307592,0.000480130111885402,0.0131644468565677,-5.47461950613722e-05,0.000858198466950012,0.000341152792724998,1.96500261707013e-05,-1.06236891127621e-05,-2.3380159866084e-05,-8.30510585166897e-05,8.60791351124253e-06,7.55766060545158e-05,2.67649459167633e-05,0.0211321926287995,0.000105416327972422,-3.36215824808845e-05,3.87746830824249e-05,-6.01379973864535e-05,-5.45243217636892e-06,1.37036966559536e-06,-2.21192124910265e-05,2.72478888250605e-05,-5.89343333657302e-05,5.28051852383121e-05,-0.002276706867613,3.77440040305133e-09,-1.34321947222191e-05,7.31459088124265e-06,-7.76427940150667e-05,4.71624090339389e-06,-0.00687256395311054,-0.000447234612959023,-5.22808164720515e-06,-5.6886974759927e-06,7.22259373749972e-06,-0.0002033200137823,0.000317177834844282,-9.16932084867056e-06,2.77939625365534e-05,-1.57255947449099e-06,7.91803978907107e-05,-0.0041424751907166,2.45024853799755e-05,-4.08647208786497e-06,1.08158871322818e-05,-3.55096280790121e-06,-2.33407959623321e-05,9.77083546235965e-06,9.03116414446879e-08,-8.29416845004472e-05,0.000348303370210578,-4.05812183473575e-05,-4.73747133939059e-05,0.00034625571650494,0.000202573456174982,-2.48546256916322e-05,-0.000116504942687847,7.42988980956729e-06,0.000211287328966771,-3.13679356381878e-05,-4.95162137582412e-06,-1.10189353206049e-06,4.18451376639251e-05,-9.18129304666128e-06,2.3267453793482e-07,1.55145305544314e-05,-0.000145527088764092,-9.13152223167978e-07,-4.28051178280129e-05,-5.05073336427266e-06,4.81585572746099e-05,-0.0050327185594351,-2.46474791361676e-05,-8.16690176068397e-06,5.34663539963088e-07,-1.15575689548218e-05,5.83009367355777e-06,-2.58838737921973e-06,4.14839765905543e-06,-0.000144765102692974,4.99556947205433e-06,-2.30798699358982e-05,8.14202830931759e-07,0.000675243352898792,4.60610526564303e-05,-1.42678753298561e-05,1.54305454634521e-05,-5.87115483774568e-07,1.89729885570398e-05,-3.9142713940684e-05,5.03259756032044e-05,-6.77001887560233e-05,0.0050314541930464,-0.000126491444790147,0.198843624193442,0.000281879226142822,0.000743329484765448,-2.94113463757913e-05,0.000151531114851777,-1.47566113665969e-05,2.08323197674665e-05,-3.93294278475704e-05,-0.000542477913582593,-2.19311299222173e-06,-2.88328160966033e-05,3.47701007550218e-06,5.88039868964442e-06,-1.9008863429982e-07,-6.88969121314009e-06,1.85060787568321e-08,7.68477208060627e-05,1.35061064913063e-06,-4.03756911712054e-06,-3.10328160732398e-07,-1.0063288877099e-05,3.09167618045834e-06,2.0326422172426e-07,7.7432517163064e-08,-5.12422455759949e-08,-8.56040549914106e-05,5.84228818853305e-07,3.96396333623891e-08,-1.03933636826407e-07,-2.2183469582149e-06,-5.00482939750216e-07,-1.47349608625091e-06,4.13288314384423e-06,-3.38273810689589e-05,-1.18670077418136e-07,1.79968942914116e-06,-1.78484220626254e-05,-6.31062993075892e-07,-2.09633993622561e-07,-1.46272618651927e-05,5.04010355848023e-05,-1.09380165078722e-06,-2.18774652339377e-05,1.4740578684004e-05,-1.0218888252247e-05,1.3993096275183e-05,2.42266841492762e-07,1.20891305299171e-05,0.000339899701345289,-2.8080762409706e-05,-4.98099798200282e-06,6.47529466744483e-07,1.73359856420308e-06,4.68096211891771e-06,7.65817254797627e-07,4.34494266767347e-07,-2.36515260886537e-05,-5.73607566125896e-05,-0.000569293096127578,0.0121734994926356,-0.000187555272383544,-0.00166276358781632,2.10457880788017e-08,-0.303081570024104,4.2695431193027e-07,5.43704749284054e-05,-5.12709413670263e-06,-2.24340151923976e-05,2.20667131739836e-05,2.57741246121004e-07,-2.64355930319946e-07,-8.261310416305e-07,-9.48116638826674e-10,-1.63537058387956e-06,-3.06822776320099e-08,-9.50268109465354e-08,-1.21073531908787e-07,1.22176481383262e-07,1.10192107406734e-07,1.1249202090632e-07,4.32118372385541e-05,-3.87943649101066e-09,-8.71250655945285e-07,-1.32112616818001e-06,-6.69100159598978e-06,9.16257535743856e-07,4.98982920094206e-06,-7.79732421787499e-06,-5.45042594148597e-08,-3.94597399157116e-05,1.31603801096104e-05,-4.07691918337426e-05,-5.60942011709406e-06,-4.55217909937795e-07,-3.24175557979758e-06,1.1359051009771e-06,1.89032586417761e-05,-2.62550126272067e-06,-4.66525797584665e-05,-0.0403649512191712,-6.30503947894721e-05,-1.13907933739986e-05,-0.000833336656665694,4.38073437252379e-06,1.5574321759545e-06,2.10015646899054e-05,2.21511467971067e-05,9.8019031392779e-07,5.10031462454396e-07,-1.20782182537808e-06,-1.84741709585628e-07,-7.13703716897147e-08,-1.04904256620912e-07,-1.43492041825141e-09,-1.4052457948633e-08,-1.03262124564057e-06,-1.55606024065007e-16,-2.50522495509676e-07,4.22175816838888e-06,-0.0632989688784034,2.97579968368198e-06,1.69721683518293e-06,-2.76589865371267e-07,1.23902632449572e-07,-5.45468336345836e-07,8.16532799015141e-09,-3.54072190453652e-10,5.75976777404891e-08,-2.22069690512737e-07,5.76943378599315e-08,-9.61008982252343e-08,-4.79986652227219e-08,1.09694010861994e-08,-8.53805027412841e-10,4.53357727640494e-08,-5.0732988951033e-08,8.06543233285551e-07,1.96235128029007e-07,-3.98484352491417e-08,1.71973839885922e-05,-2.01016469474472e-07,3.75317682869374e-05,-9.1402022465929e-07,9.12219353152056e-08,-3.12873109985869e-08,5.76963018708008e-09,2.80304231181889e-06,-8.78662838105795e-07,4.37445397657895e-08,4.50428409255366e-07,-3.8518509130601e-08,4.65985793510467e-07,-5.94869661764556e-07,2.30439724999105e-05,-1.7976186917316e-06,1.41672691817273e-06,-1.04155387639597e-07,1.73426474363671e-06,-8.92352856373756e-08,3.46255001787647e-07,-1.68607660176541e-16,-8.61794238817172e-07,-2.95649203720035e-08,-3.88977625976402e-11,-3.40794458136612e-07,4.32520453585559e-08,-2.68830642778784e-08,-8.88654606639583e-08,1.03143268311939e-08,-4.37964382880625e-07,1.52240210826669e-06,5.60421950858006e-08,-1.21180574029396e-06,6.5536531578758e-07,-7.9385241094585e-07,2.53865656597895e-06,-3.95432309333868e-07,6.5193214878908e-07,2.31151354910219e-08,1.75694219968579e-08,9.71877491945646e-07,-6.35613444752752e-06,2.8440795562422e-08,-8.04082080063066e-07,2.98078909940086e-05,-0.000301488865402633,2.11061710569848e-07,1.91411544542891e-07,1.1059324611869e-06,-3.51781330534952e-07,-2.00877263723826e-07,2.3436840023797e-07,-2.5581100602146e-05,2.6402970394363e-08,2.47538327669919e-07,-4.82641194548599e-07,3.84257700590136e-18,1.47135993097678e-09,8.8783855507326e-07,-8.13710897297471e-08,4.20354593612136e-07,5.35988779865559e-08,1.10592341929948e-07,2.63743772595906e-07,-8.55197590515782e-05,1.30998323797123e-06,9.39710001861176e-17,-1.02673769155215e-06,-9.44319475520733e-09,-3.50568671749837e-08,1.66383189660518e-07,2.64091369353427e-07,-1.78317522726718e-08,-6.82175000911576e-07,1.81856406715121e-07,-8.60526920807026e-07,1.14010225802181e-06,-1.74572897295375e-07,-4.18388388111715e-07,-1.84071083086255e-06,-3.12056005806925e-09,-4.16243458084873e-07,2.49385547193421e-07,-4.51122515347611e-07,4.45077720295349e-16,-1.31381060492578e-06,1.0311274401171e-07,2.97164831566908e-09,2.60368402252543e-08,-8.52427245374249e-07,-1.75488293390217e-06,8.89961616727952e-07,-3.23182114719181e-06,-1.58798177576722e-07,1.83143666399662e-16,-2.90298990348777e-07,-1.14288225165409e-07,-3.65648559762583e-07,4.79770414404224e-16,6.90536353014664e-07,9.98120979903249e-07,-1.52540037597737e-07,-5.71721898168549e-07,-1.94495306113003e-07,-1.10928608344419e-07,-8.16887403384713e-05,9.33921960250298e-08,7.52031061825752e-07,4.21951571238292e-08,2.08567870434195e-07,3.01013829403015e-07,-9.1335259217115e-17,-1.19768158367171e-07,3.9293807405898e-07,1.91791016972823e-06,-2.56023423672065e-07,2.13588779816053e-16,-5.75827402559209e-06,4.58105498196938e-08,-1.10953727263134e-07,-7.45048172418836e-08,-2.50151985457672e-07,2.66416492613263e-07,-8.05477446025759e-05,4.77297762066043e-07,-5.96432871800945e-16,1.7412705917268e-06,-3.33022119017562e-07,9.27403241737569e-07,2.16399605158229e-06,-5.13846955682258e-06,-1.47274116680912e-09,8.7175275678697e-16,4.90955579048196e-16,-1.42410376402168e-09,-1.81932918309223e-07,2.39909831411204e-08,-2.42693136653043e-07,6.72753780589368e-16,-1.15793122957482e-07,-1.37110482468434e-09,5.47090953018248e-16,2.39346687263464e-16,-3.86089445130061e-16,2.94676860985933e-07,2.00035814771045e-05,-9.48638148140891e-07,7.4674417242009e-07,3.72594358989103e-07,6.24329746868951e-05,-3.196708143099e-07,-4.11603899994804e-15,-7.3459455691257e-08,2.07358609677951e-07,-5.26216763033288e-16,-6.27806403631603e-17,-1.33051491485057e-07,-7.21066258545863e-11,-7.9838583847041e-08,4.36774348237875e-07,8.02265895431191e-08,-3.00904957767432e-08,-3.68639968826509e-17,-1.01495163521008e-07,1.88745844528727e-16,-3.49061622306127e-07,2.20118452002975e-17,-9.18779256786323e-08,8.87877218340263e-17,3.81082408730512e-07,1.00564566426149e-07,4.32037381370149e-08,5.72218112269791e-07,2.84434226164621e-07,-3.3166856772134e-08,2.13513701894745e-07,1.76857176018534e-06,3.74842037449329e-07,3.50648517629115e-08,8.13085448851852e-08,-2.39448956895886e-07,-4.29357588201266e-07,-3.62995027716973e-08,-1.27661658213044e-07,-1.91350816227247e-16,1.29552379692375e-06,-2.46502402032638e-07,2.13073231054208e-07,2.5447710938483e-17,5.07496927794739e-08,4.06676547654322e-06,0.0440041144296113,-4.58683745937975e-16,6.28724724137712e-06,5.91928860929983e-07,-2.07718896154036e-16,1.20214414477104e-05,-2.54170433797693e-07,-2.27035314238677e-16,6.66557780961993e-16,5.49647104268361e-09,2.8066520506644e-08,1.25086871862911e-10,1.25686066166893e-07,-1.13497762609666e-08,-2.87680946356688e-09,-2.16325964749528e-09,2.94886352019948e-08,-1.32210075224832e-07,1.74963125584848e-17,3.1687820903952e-10,2.23115058432883e-10,6.63567386634965e-10,6.73487049822133e-08,3.38577102181109e-16,4.14658794902865e-16,2.44901102954294e-08,7.03636215230284e-17,-1.29236879529392e-15,3.15626649192756e-07,-0.00154052117597343,2.48114257727011e-06,-2.76351639589285e-09,6.56509036674477e-06,0.000339614421552277,-4.46050704943391e-09,-1.97812887703174e-18,8.65149083312744e-09,4.19921037336992e-10,1.94172640787966e-09,-1.97588865741434e-08,7.2995574690278e-08,1.04352795444215e-16,-6.17089041010675e-19,-2.2730568447357e-16,-4.76241386115028e-09,-1.78621554008937e-09,-1.01582995853181e-08,-3.76806350298085e-16,-8.87474716757479e-10,-8.26483219523625e-16,3.32009485097128e-16,-7.11044088901697e-07,7.86712901641135e-09,-2.32729417334876e-15,2.99366714222187e-08,1.89253404706677e-08,-2.84354895317218e-15,-6.16764610686632e-08,1.30680343947369e-15,-3.22977410356723e-08,-1.31508935677647e-15,-3.35201830364358e-08,-6.71096617824791e-06,-1.08658685249873e-08,-1.07036268434581e-08,-8.05530029554097e-08,5.62051963422278e-08,-2.50975120940756e-07,1.74399364513019e-15,-3.37077842148845e-06,2.08714675449771e-07,-2.97330263705482e-15,3.13638888983991e-08,1.90818360494207e-05,-2.62482791729393e-07,2.69595222290134e-15,-0.613269313707884,6.5605844833539e-06,-4.10027876538299e-15,-7.26313229461771e-06,-1.27309302442815e-06,-3.86238974034103e-08,6.66092940576553e-15,-1.20225176959482e-15,0.00405851811353545,9.68672219671397e-08,7.65042794514151e-09,-8.4944687622623e-08,3.71606790195776e-08,1.65231303732212e-15,1.49805846160923e-15,1.3221908252545e-07,9.08513644688466e-10,-1.82800148680523e-15,3.06141470788966e-07,-6.16193209415168e-16,1.5298484032729e-07,-5.42052323829413e-08,-3.15810578277728e-08,-2.07074949899311e-07,-5.4254915929469e-16,2.97866958449625e-16,1.61148989332888e-15,-7.78257813948926e-17,-1.52760970844159e-08,-5.2665768792014e-08,2.20551139199528e-15,-2.10835092516397e-15,-3.69829532363723e-15,7.25823524740741e-08,6.46627522509159e-10,-3.48169244167393e-08,1.05849875515752e-15,-7.48352338349753e-16,3.85135716721163e-15,-0.000109326071324657,3.80293477001024e-08,-8.85532254245433e-15,7.08704666660733e-09,-1.81560610457607e-07,-8.25413700876488e-15,3.78609123706641e-14,-3.85443353755845e-08,0.650387713184075,-7.01464653336155e-08,2.00204576362867e-15,1.66710031449097e-06,1.05410873865644e-07,1.11238225091635e-07,-9.96237287013057e-08,-2.67073497662539e-07,4.31555335594592e-09,1.25380509595151e-15,-2.25814692569212e-15,1.03358634787371e-15,7.92806936327104e-08,-7.17494765888275e-08,-2.69433492296465e-08,-4.71349207130818e-07,-4.91349617943415e-16,6.76298401572329e-16,-2.04223941483603e-15,8.75811239547304e-16,-3.60471170181044e-17,9.79358239971404e-08,-1.53289538402805e-15,-1.25068222333684e-16,-1.57681757946704e-08,-2.95549998583724e-16,-1.41111806299403e-08,-2.5999478501964e-16,-1.74863392344742e-08,-1.37168744441278e-15,-2.09936603526673e-08,-2.62227239578863e-09,-2.38525461153452e-07,1.11955463239782e-15,8.36552042501284e-08,2.63161920186222e-16,1.17917738228198e-07,-2.06102447586529e-07,2.57524911373336e-08,-3.05829798556594e-16,1.66334346266643e-07,-3.35090125627545e-16,-4.79363248094963e-08,-0.000513118008022553,1.04610298026871e-15,-4.77940565155179e-16,2.31853097044386e-16,2.46126186781409e-17,-7.52445886658666e-10,-9.8120891397792e-09,-2.19240245928801e-09,-2.05337639484616e-16,2.56810371365275e-16,-2.31428454983372e-08,1.8875654016233e-07,-4.20864033496319e-16,-1.28902570666305e-15,-9.94124604150781e-09,-1.03040869844729e-16,-7.04311994136829e-08,7.7840589801384e-17,5.18322430113748e-05,-9.67507861130757e-16,-4.15032165575673e-16,-2.55679542609029e-16,7.91912105933449e-16,8.59573974977843e-17,2.58167488721462e-15,1.26051862464439e-08,-8.81506380725003e-08,1.80556600346246e-16,-1.31737080739125e-06,2.22061623496229e-07,3.24945921543717e-16,-4.58346754734921e-16,7.5088908090386e-17,-3.09067668872473e-16,2.18272714877044e-08,3.48840880012939e-09,-1.75590930746021e-16,9.05582863386262e-17,-3.96140318143501e-08,-3.18186368956245e-06,-2.13587693217607e-09,-1.07662514191608e-15,-7.46808014868129e-17,-1.88024102188736e-16,-1.86559701758338e-16,5.40789427795072e-17,2.29934535787011e-17,8.29277569854095e-08,-7.83978115463498e-08,-1.50676218348895e-08,9.77227252497314e-17,8.93515702391882e-16,-2.98559418966593e-17,2.10872138301024e-16,1.63230071019838e-16,-3.48363110304216e-18,-4.58348987373818e-17,2.30916866466528e-16,-2.69966551312751e-17,-1.23688490130713e-16,1.40410977536136e-16,2.70586134516178e-16,-7.34497462465563e-16,2.06800307494146e-16,8.20250007018998e-09,1.21129792378884e-16,3.38391562908253e-16,-3.13143560523274e-16,1.15995510593076e-07,-1.39678012700144e-09,2.19251740323918e-17,-2.99260692447072e-09,1.05848745397476e-07,-1.41964730278427e-16,2.69062090734204e-16,-4.58560069631103e-06,-5.14760510203143e-17,2.59758009878786e-09,-4.27004729056079e-17,1.50180628843084e-16,1.57789039667183e-16,-5.32628763943021e-17,2.5410351402668e-09,-7.8287295909372e-06,-2.34973110816584e-16,-2.32426895208607e-16,-3.10801464858472e-16,2.4530673673632e-16,-4.45717207174685e-16,-3.5908645938769e-16,4.54189653830133e-17,2.444271211352e-16,4.15345012179883e-09,-2.0504700117824e-16,-1.45220536132446e-16,1.41025215274254e-17,1.90749838506649e-16,1.5770752230923e-16,2.19932933064122e-15,-8.1813033153655e-08,-2.07965058201926e-16,-3.31798853712011e-16,4.7509467355926e-06,8.55181375909454e-16,7.76365461461478e-17,2.64905391167835e-16,6.40790683579282e-17,5.06723099936891e-08,1.31394749109561e-16,-3.73820976670469e-08,-3.12987292275049e-16,7.06312791027439e-17,-1.89221734463194e-16,6.21657729371326e-17,-4.02430940759687e-17,1.66779254078198e-16,1.34921560959941e-09,-1.85660131044421e-15,2.68506971154489e-17,7.60505075538849e-09,-1.68277615734889e-07,8.9434428494469e-17,1.17795883935591e-07,1.72488071119326e-08,-4.64509029254659e-16,-2.59106197729696e-16,-3.52896421454516e-16,2.06144012953439e-16,-2.22635476838216e-16,-2.88806473650474e-08,1.48113482403244e-16,-2.91835224941307e-16,1.92339228409711e-16,1.15534917424202e-08,3.90228011557152e-16,-7.92943857309133e-17,-9.67514163601305e-17,-5.44957570723315e-16,-5.25866224070161e-09,3.351784569662e-16,1.58171740264848e-09,-1.48492821277841e-16,1.96972706581025e-16,2.83192816248032e-16,8.58991656082843e-17,-1.04515188494509e-16,-9.01462419967227e-17,1.96339304065448e-17,-2.73988523645914e-08,9.71171837682847e-17,-1.15293709677528e-16,1.15143939485908e-08,-1.98765500116814e-16,4.32416054672526e-16,1.80649349015177e-16,9.55774726689669e-18,-4.19968000459567e-16,-1.84611013669128e-17,-6.47188044034861e-06,1.28560638472999e-16,-1.60150477486937e-16,2.48097224613524e-08,2.20510131035348e-17,-3.03255797058262e-16,-9.44686998882754e-17,-2.11190961299582e-16,7.56342773939347e-17,3.01576936667677e-16,1.97596588849087e-16,-4.73845611725459e-17,1.41251748158425e-17,-1.76062041484582e-16,-1.89483475211925e-16,-1.29934434087648e-08,4.3078014488363e-08,2.34831404941925e-17,-3.08689160463367e-16,-1.41378290013648e-17,2.45503197376264e-16,6.28989725972098e-17,2.45914105002377e-16,-7.27025052933827e-18,4.08755841499333e-17,-3.72904433325031e-09,-4.76481607191933e-16,-2.37093085316217e-16,1.46206372994522e-16,4.81533719989281e-18,1.06877031847288e-07,-2.24064571374169e-17,-7.55901357465925e-10,-1.09014496562372e-16,-1.19510535748486e-17,-1.47751386467472e-16,-2.18484580597463e-16,4.15128089645064e-17,1.88076761843694e-16,-2.35027971725521e-16,-5.15660024670179e-18,3.04944564370851e-17,-8.45948998753471e-17,2.38073305780766e-17,-3.74654871895801e-17,1.02397133996764e-17,-5.16956157317083e-17,-2.21596033207465e-16,8.4129429390355e-17,-7.09681152107955e-17,1.73851915351424e-16,-1.62072978402317e-16,-5.69722450493652e-17,1.54532690897075e-16,-2.43564422300608e-17,-4.66613000503909e-17,1.44529732997333e-16,1.886439822996e-16,3.5871886776111e-10,-9.91230840692833e-17,-2.331591484093e-16,5.20959867432525e-17,-2.43529897857035e-16,1.03552293736372e-16,-1.43967411194436e-16,3.52025416560321e-16,-2.62030789051463e-18,-1.13217086536844e-16,6.80781334662132e-17,4.73008608735219e-16,1.10115391945435e-16,-9.89781579954302e-17,1.64508882453141e-17,-1.18195888030393e-16,-1.09212417197837e-16,-2.31550115729276e-16,-4.61053179132261e-09,-1.11330460025283e-16,-4.0879891249329e-17,-8.84816941410405e-18,2.34986288483546e-16,-1.31769945453028e-16,-1.38902730459133e-16,-4.20643156933792e-17,-9.50006555260492e-17,9.8865560279481e-17,9.75720605042268e-10,1.89744166543939e-16,-1.69265768167861e-16,2.23909587709595e-17,-2.43293491136418e-17,1.05309647025384e-17,-6.36543991016831e-17,1.72750382600617e-17,7.10109024225528e-17,-1.19912244521747e-16,-1.15027252443126e-16,3.25356582867483e-17,-9.47835446659338e-18,4.66205784256633e-17,4.91783907793132e-09,3.28308142233989e-17,5.22628841834912e-17,-7.75023080119883e-17,-3.43553175274555e-16,-3.3055678467212e-07,-1.73598038966182e-16,2.45659326399315e-17,-1.71619193945843e-16,5.27718224069796e-18,6.53110028452654e-17,-2.08141249364154e-17,7.52569844266527e-17,-3.6891075693364e-17,7.52824211753613e-18,1.48180618611979e-17,-2.78730425189902e-17,4.86861642055765e-17,-1.42857225096665e-16,1.1846617104643e-17,8.38228792158018e-17,1.4782851229128e-17,-1.09607973552504e-16
"t541",-0.0048829147673243,0.0500492442598828,0.0643516758952155,0.0152559020006822,0.0306564054520295,-0.00496626269778019,0.0015187430902602,5.18182896507686e-05,0.000420888849787475,-0.00102089999180598,-0.000233143023145067,-0.001190588660912,0.00751077439975185,0.0506104368705849,-0.00125672240140502,0.00219417130206743,0.156139654818259,0.00202009880402661,-0.00127893009523447,0.000490479843230393,-0.00118097166618014,0.000254968810157738,-0.000744014389336002,0.00130224564384989,-0.000208818504959481,0.00101652258941815,-0.00224030272834477,0.159642048887221,0.000482925165452689,0.0132548185701654,-5.51467290625387e-05,0.000864760081956991,0.000343947556307133,1.98185532076695e-05,-1.07194029872577e-05,-2.3607429297255e-05,-8.38684804587181e-05,8.69396582567674e-06,7.63372104763181e-05,2.70382671971664e-05,0.0213541151212521,0.000106549852309265,-3.39884288539071e-05,3.91982643527781e-05,-6.08062656610159e-05,-5.51683509784236e-06,1.38685172660947e-06,-2.23875011544985e-05,2.75861775407034e-05,-5.96843539212829e-05,5.34992448184927e-05,-0.00230707671985327,3.82485682212712e-09,-1.3615044379333e-05,7.41768972516232e-06,-7.87428539835908e-05,4.78933914839764e-06,-0.00698160991082737,-0.000454350458666995,-5.31601616386479e-06,-5.7883234007723e-06,7.35157559918673e-06,-0.000207007983301648,0.000322953490243821,-9.34111553713609e-06,2.83279025932039e-05,-1.60442606382354e-06,8.08226126794921e-05,-0.00422930555508336,2.50258580625325e-05,-4.18242059224669e-06,1.10874509221679e-05,-3.64101402055173e-06,-2.39448673573156e-05,1.00243485802782e-05,9.26752436529604e-08,-8.51198607022198e-05,0.000357604375028701,-4.17056154264505e-05,-4.87066123573511e-05,0.00035623154930666,0.000208440355125864,-2.56020077195182e-05,-0.00012004730500079,7.6665051495099e-06,0.000218099479570537,-3.23918139213797e-05,-5.11356782429312e-06,-1.13795043167977e-06,4.32162027002326e-05,-9.48352099123267e-06,2.40669869238351e-07,1.60497140877716e-05,-0.000150677614450504,-9.46885714843275e-07,-4.43964417024654e-05,-5.23855478950937e-06,4.99781091779265e-05,-0.0052239820044947,-2.56048324899715e-05,-8.48970842474308e-06,5.55829349933398e-07,-1.20158935804147e-05,6.07938153165927e-06,-2.69966945259911e-06,4.32750598393309e-06,-0.000151062410221545,5.21333107263748e-06,-2.40896563204601e-05,8.50024149837546e-07,0.000705004723680584,4.81129523197039e-05,-1.49042770682737e-05,1.61380092831997e-05,-6.14189825586989e-07,1.98589752261534e-05,-4.09808219030514e-05,5.27254874096734e-05,-7.09750769449118e-05,0.00527748216346585,-0.000132714344777093,0.208831028727591,0.000296225645414534,0.000781180735288706,-3.09118377753888e-05,0.00015936608119005,-1.55204517483901e-05,2.19230036134554e-05,-4.14553664414664e-05,-0.000571811675582022,-2.31200626089446e-06,-3.04288935754554e-05,3.67026540160959e-06,6.20819354577169e-06,-2.00811721846824e-07,-7.27898390157614e-06,1.95779176804861e-08,8.13864266610634e-05,1.43249291864263e-06,-4.2825301212267e-06,-3.29239262091502e-07,-1.06779148927697e-05,3.28118533507658e-06,2.15740753544638e-07,8.21854788724917e-08,-5.44185713387306e-08,-9.10136941694709e-05,6.21867918932439e-07,4.22056242870398e-08,-1.10732170928172e-07,-2.36357406939131e-06,-5.33377605268247e-07,-1.57056798995785e-06,4.40587059842161e-06,-3.6115883745439e-05,-1.2672882791738e-07,1.92223151225029e-06,-1.91378247521465e-05,-6.77293844253029e-07,-2.25024279397874e-07,-1.57137724886428e-05,5.41537680922157e-05,-1.17646176864186e-06,-2.35337433513683e-05,1.58726294930753e-05,-1.10144885007485e-05,1.51256782727111e-05,2.61902060291233e-07,1.30692684779406e-05,0.00036760125191601,-3.03832540623184e-05,-5.38977294381572e-06,7.01307626916783e-07,1.87811295379502e-06,5.07430781339333e-06,8.30295885372285e-07,4.71113607489173e-07,-2.56819137987902e-05,-6.237820307027e-05,-0.000619250093568328,0.0132450204155174,-0.000204212948544948,-0.00181095116588861,2.29277380166925e-08,-0.330269618005758,4.65661835899654e-07,5.93125765949227e-05,-5.60367638700023e-06,-2.45208723986998e-05,2.41346711010074e-05,2.82388457930579e-07,-2.90058413966652e-07,-9.06911050092179e-07,-1.04160905490481e-09,-1.79764426708664e-06,-3.37835544832469e-08,-1.04670099904672e-07,-1.3346341240432e-07,1.3473156339281e-07,1.21881559955628e-07,1.24443130025002e-07,4.78638910755782e-05,-4.30251365533257e-09,-9.69213592753474e-07,-1.46969355287711e-06,-7.44553877697955e-06,1.02046401148596e-06,5.56066502364371e-06,-8.70324163881751e-06,-6.0957754008663e-08,-4.42027938172733e-05,1.47495796073505e-05,-4.57951811674797e-05,-6.30884847623802e-06,-5.11995152974024e-07,-3.64965674982639e-06,1.28202694436086e-06,2.13452191865961e-05,-2.97231254147358e-06,-5.29097451011031e-05,-0.0458072546201577,-7.17355134765605e-05,-1.29678271514795e-05,-0.000949350483778487,5.00091239832552e-06,1.7786604704075e-06,2.39872305457135e-05,2.53577989553784e-05,1.12364146689807e-06,5.85580546303159e-07,-1.387709383028e-06,-2.12411539203453e-07,-8.21162515877619e-08,-1.20722652467239e-07,-1.65426998104119e-09,-1.62188799243797e-08,-1.19328008658483e-06,-2.03369157117669e-16,-2.90011758069699e-07,4.88895591048685e-06,-0.0734830741438053,3.46116371527542e-06,1.97715670266046e-06,-3.22241334289387e-07,1.44779188947475e-07,-6.37692685584257e-07,9.54806261270076e-09,-4.14487197224541e-10,6.74758072361333e-08,-2.60510642431966e-07,6.7722515323683e-08,-1.12833031807316e-07,-5.64332829452484e-08,1.29722730820291e-08,-1.01180531834549e-09,5.38192710319421e-08,-6.0457409268488e-08,9.61403643555952e-07,2.3454624261746e-07,-4.77007005640727e-08,2.06312291779297e-05,-2.4132368546416e-07,4.50908303765504e-05,-1.09923680347984e-06,1.09874806425855e-07,-3.76914599437896e-08,6.97786025216534e-09,3.39033910227129e-06,-1.06286906348198e-06,5.29719987588104e-08,5.45659562289142e-07,-4.67217311912107e-08,5.65360297788723e-07,-7.27374675344949e-07,2.82014485243837e-05,-2.20146511264059e-06,1.73776855541104e-06,-1.27921424567969e-07,2.13618983551413e-06,-1.10009568010101e-07,4.27152399577427e-07,-4.20739896908725e-18,-1.06561968648862e-06,-3.65686680301932e-08,-4.81607578711644e-11,-4.22961083375263e-07,5.37914091555678e-08,-3.34667440263294e-08,-1.10682794832712e-07,1.29287212524217e-08,-5.49204204935966e-07,1.90929568918716e-06,7.04181654293504e-08,-1.53099770428708e-06,8.28781004675049e-07,-1.00458163611653e-06,3.21964225638198e-06,-5.05819056417703e-07,8.36982669442308e-07,2.96827321729579e-08,2.25627856859222e-08,1.25970817583139e-06,-8.33022427553551e-06,3.73276960588391e-08,-1.05757480286916e-06,3.93068934387614e-05,-0.000397884156255483,2.80437373991608e-07,2.54459496994447e-07,1.47160440200634e-06,-4.68400852672765e-07,-2.68045061811564e-07,3.13483414848743e-07,-3.4292767783648e-05,3.54291543918478e-08,3.32716136297349e-07,-6.51044130780069e-07,5.55144674888633e-17,2.03022190120372e-09,1.22793527968051e-06,-1.12939325600881e-07,5.83494084150519e-07,7.44088385453656e-08,1.53664022515342e-07,3.67066858475428e-07,-0.000119257253849403,1.83414935236804e-06,1.51978414790133e-16,-1.45116126960198e-06,-1.33625702492999e-08,-4.97339052499009e-08,2.36113923385649e-07,3.77173996798892e-07,-2.55583357551011e-08,-9.82766737186274e-07,2.62920518689902e-07,-1.25383452058557e-06,1.67334876783493e-06,-2.57437368470069e-07,-6.18644314843848e-07,-2.72631339688658e-06,-4.63581302052374e-09,-6.18564611910985e-07,3.71397745608424e-07,-6.72958594276432e-07,-4.48854117087812e-16,-1.98491051016467e-06,1.56201817173741e-07,4.50176313732208e-09,3.97491220892784e-08,-1.30289342759498e-06,-2.72195421824673e-06,1.38631753939653e-06,-5.0385775322215e-06,-2.48376698916266e-07,-2.42488165788124e-16,-4.55750360368061e-07,-1.79675329057609e-07,-5.77871332664815e-07,6.60066459141429e-17,1.09762383503217e-06,1.58870975615431e-06,-2.42970792100304e-07,-9.11999776240785e-07,-3.11025800374462e-07,-1.77723179280147e-07,-0.000131069430102518,1.5050625361634e-07,1.21257022546127e-06,6.82427194569934e-08,3.39148736135629e-07,4.89609615427367e-07,5.66803918084033e-17,-1.96921838635433e-07,6.47296604146624e-07,3.17278785885481e-06,-4.26291451128465e-07,1.35483320549099e-16,-9.72568206033153e-06,7.86659226670287e-08,-1.91990507706739e-07,-1.29385518637879e-07,-4.36309486072707e-07,4.68490959783631e-07,-0.00014357456592791,8.81156750890023e-07,2.68169979258796e-16,3.32249356923969e-06,-6.37326037004358e-07,1.78597053867162e-06,4.20419361363355e-06,-9.98977658262341e-06,-2.87038522113514e-09,-1.49050693662445e-16,8.26645278412401e-17,-2.81669847629402e-09,-3.64588792138107e-07,4.81568853568592e-08,-4.93063895154671e-07,1.37851692091404e-15,-2.41765584108527e-07,-2.89893938797382e-09,1.83473505251602e-16,-4.93899756178467e-17,1.06342618322554e-16,6.49242858686723e-07,4.43142360015126e-05,-2.14242139298816e-06,1.71509916067001e-06,8.57479851412603e-07,0.000146372655759592,-7.510942255329e-07,-9.95411922847007e-15,-1.79563047308672e-07,5.14300392683134e-07,9.9253753662415e-17,-3.33373168422737e-16,-3.50611697981546e-07,-1.9298387798149e-10,-2.18298012881996e-07,1.21198997352099e-06,2.29218660656364e-07,-8.63901670970669e-08,-6.89469226851592e-16,-2.93346628067764e-07,6.04728330748589e-16,-1.02885947210128e-06,5.89521378761837e-16,-2.74854665721876e-07,1.81353433523009e-16,1.16227564663986e-06,3.07937585064235e-07,1.39765371586685e-07,1.87404817996441e-06,9.36398043151335e-07,-1.11741820395588e-07,7.34385687924414e-07,6.39833032830224e-06,1.35673214865027e-06,1.29001324500602e-07,3.08495665206493e-07,-9.48838699658298e-07,-1.76840593688188e-06,-1.54354757133186e-07,-5.51724598900867e-07,2.43383246972978e-16,5.90114717482267e-06,-1.18548455891853e-06,1.22477832663631e-06,1.61302564316454e-15,3.09799235461029e-07,2.74400059213399e-05,0.311125355495419,-4.967106334636e-15,4.55845048385e-05,4.78052995116303e-06,-9.38690682562147e-17,0.00010294958800697,-3.49229008697263e-06,-9.96420365868683e-16,3.57632178950425e-16,1.00343532498821e-07,5.28190160661671e-07,2.75487711561347e-09,3.4706202822728e-06,-7.58452633856578e-07,-2.19653286425819e-07,-2.07075996478177e-07,-1.54466538935101e-06,2.99421242210751e-06,-1.64043007422256e-15,-5.88241292235189e-09,-4.01637032862300e-09,-1.07915298630548e-08,-9.80333777879616e-07,8.2879994937231e-16,5.29504515495709e-16,-3.11189628028749e-07,-1.71838022378504e-16,-1.89348588686561e-16,-2.17653332033623e-06,0.00980458271764132,-1.57653958720047e-05,1.4971431768197e-08,-3.48559046754493e-05,-0.00179540928121348,2.294561742911e-08,1.14950048490276e-16,-3.4256560780016e-08,-1.5811250088705e-09,-7.19320419626416e-09,6.76626912817176e-08,-2.18477264101795e-07,-1.98852143589895e-16,-1.7207284408462e-16,9.04962819865025e-16,1.19298887969025e-08,4.16218577292368e-09,2.35429102933396e-08,8.19486483125846e-16,1.9225453553737e-09,3.86645671917533e-16,5.1224391702224e-16,1.16695642242526e-06,-1.28685700182695e-08,1.61570518249221e-15,-4.59130687123022e-08,-2.79698884712226e-08,2.11870203776599e-15,8.45793672427501e-08,-4.34891584506213e-16,4.052852762873e-08,1.18469751293437e-16,4.17308319407122e-08,8.30375180208819e-06,1.33520946255745e-08,1.30267211182478e-08,9.5939494183002e-08,-6.17445988191113e-08,2.46464117496145e-07,-1.03620727833248e-15,2.8791174203731e-06,-1.75628227104554e-07,1.29719966071141e-15,-2.58715596750751e-08,-1.51782397750645e-05,2.0203139684212e-07,-1.62330648921569e-15,0.42149750252368,-4.40799946144854e-06,3.38952053565165e-15,4.73446745069464e-06,8.17507362608292e-07,2.34480167836538e-08,-5.07277591084661e-15,1.19603905022606e-15,-0.0021505079521961,-4.83557429594139e-08,-3.77210920876901e-09,3.17351190509256e-08,-1.32278814171117e-08,-4.39044357699411e-16,-1.02342606196373e-15,-4.54918300697446e-08,-3.11230099838011e-10,1.89983019831202e-15,-9.8888642083723e-08,-8.64087015497262e-17,-4.66090588499172e-08,1.51950519359479e-08,8.79944588738878e-09,5.63280485641488e-08,-1.36174271028849e-16,7.84412993857887e-17,2.065737311583e-17,4.76912604559432e-16,3.29279483643889e-09,1.11203514271629e-08,2.89019295637525e-16,-4.18454947188598e-17,2.65177919668721e-15,-1.41904151446668e-08,-1.2212968102449e-10,5.96170940100495e-09,2.40738358701849e-16,-1.3245367598406e-15,-9.01264231702257e-16,1.2680762178827e-05,-4.34474003114269e-09,-1.34915962715689e-15,-6.80015509708082e-10,1.63682085187126e-08,-9.16628633054347e-16,2.93103789423197e-15,1.56562801128979e-08,0.0530962531557237,2.72101004466438e-09,1.80037849952435e-16,-4.83834087316587e-08,-2.20588747884271e-09,-1.01685178983476e-09,-7.03584726258839e-10,-3.03866965796629e-09,8.37164810758914e-11,-2.73553126396736e-16,3.68125495784264e-16,-1.86606603638144e-16,5.01102312086546e-09,-4.58129673953579e-09,-1.86401539231577e-09,-4.49138544515073e-08,4.44680873657905e-16,5.7574425199732e-17,-2.52430193787577e-16,-4.47130309887903e-16,7.69360773256904e-16,1.18698931149595e-08,1.16267255631665e-17,-7.33987939010157e-17,-2.06525775922441e-09,-3.72406407816767e-16,-1.85551059381907e-09,-3.94311837436005e-17,-2.31448260479769e-09,-2.08420874298326e-16,-3.12395881504689e-09,-4.00248641430919e-10,-3.77887669224779e-08,8.62005825764294e-16,1.38413291344004e-08,-7.00935722525137e-17,2.12828342655768e-08,-4.10818513936003e-08,5.15379398153684e-09,1.52022744435391e-16,3.45158422310076e-08,2.49912722338766e-16,-1.04947840391185e-08,-0.000112621322926871,1.60633730621654e-17,-1.55172386280366e-16,-1.01608709776359e-15,-6.42404026133194e-17,-1.72060232475053e-10,-2.26719668048352e-09,-5.12638001090337e-10,-1.01421367892675e-16,-3.54172733574321e-16,-5.71144809024408e-09,4.66903824860757e-08,-3.13458718476333e-16,3.45648442004079e-16,-2.61380837974435e-09,-1.68706518532441e-16,-1.8746662956854e-08,-3.08241294310226e-16,1.42753363673654e-05,-1.17062213829982e-16,6.4283496343821e-16,-3.60639583760037e-16,1.88108577309548e-15,2.30009905674404e-16,-8.27620282824253e-16,3.69978139823881e-09,-2.58936973881323e-08,-5.29697956276634e-16,-3.95018654268399e-07,6.71467904283485e-08,3.28099948002899e-16,8.48864679607639e-16,3.25914713609432e-16,6.6490946782689e-16,6.83334004777989e-09,1.10063534192105e-09,7.80296444075636e-16,-1.33592958342718e-15,-1.26059865023228e-08,-1.01365013972917e-06,-6.82953573255284e-10,-6.14912851805497e-16,1.04185274616745e-15,-2.39230604726604e-16,4.46126587254038e-16,-1.78115093628925e-16,3.05007779432139e-16,2.80648221478016e-08,-2.66648402910754e-08,-5.15011005682336e-09,1.10205346801788e-16,1.79405561229219e-16,5.4184693811475e-16,-6.90126963208992e-16,-3.10099462691336e-16,-2.63613691377127e-16,1.29266981324059e-16,5.16297114525401e-16,2.03577813941698e-16,1.64131913756154e-16,9.92946101522452e-16,-1.09157477196549e-16,-8.69536114893936e-16,-8.55747210101749e-16,3.0259918163507e-09,7.24759671564462e-16,2.43723723551837e-16,5.7283557212134e-16,4.31911825041028e-08,-5.21194435629777e-10,-1.11732713181702e-15,-1.11812784394106e-09,3.99890743777734e-08,-3.57917655430299e-16,1.71433258943849e-15,-1.75587154584675e-06,-1.17606107029842e-15,1.01063450312709e-09,6.76942171754015e-17,7.5765882533318e-16,8.02176118466404e-16,-1.03490303433044e-15,1.0127100082122e-09,-3.12503429399754e-06,9.10802821792382e-16,3.81332604587835e-16,1.99499344787171e-15,5.10529344330053e-16,2.21738487217894e-15,-1.93775907995663e-16,1.43154089877511e-15,-4.96346516047111e-15,1.78715098924358e-09,-2.55312926663506e-14,0.707106781186546,-2.95651648552698e-14,-4.24953569416039e-15,-1.84296937494376e-14,6.12224146891243e-15,-3.57196942174803e-08,1.63849056426689e-14,6.7474545226311e-15,2.0797384756995e-06,-3.30028134038894e-15,7.4245527573845e-15,-7.50848563049884e-15,4.86144095121451e-17,2.28511213801168e-08,-1.5571267626783e-15,-1.69440664099964e-08,2.95679854479005e-16,1.50423577563201e-15,-1.2281668603129e-15,3.12304133367218e-15,2.46089078619242e-16,-3.51754370610953e-16,6.17837566323886e-10,-1.70561423148075e-15,1.27724249304796e-15,3.50935562072955e-09,-7.7681601384085e-08,-5.39169593816839e-16,5.47317016846378e-08,8.03049469651044e-09,5.72314733120713e-16,1.65371998033314e-15,4.28657777343332e-16,2.01871063792485e-16,-4.15300840630701e-16,-1.38365421411842e-08,4.66884005261627e-16,1.25882969870465e-16,-4.76900041892248e-16,5.57434768969925e-09,1.47331999043188e-15,1.71613748761954e-16,-8.39933345675871e-17,1.3395503718152e-15,-2.56046404433023e-09,2.57076736547501e-16,7.72284000376016e-10,5.99169639314553e-16,3.91781189775334e-16,1.95059772336703e-16,-1.0505598954615e-15,1.16957869087696e-16,5.65147602659312e-16,-3.1993792594177e-16,-1.35710295611876e-08,-1.14466916940162e-15,-1.15085125413973e-15,5.72309899719781e-09,4.67002892295054e-16,-1.29980794953536e-16,6.60942228012355e-16,-1.25235300847621e-15,5.49051345319999e-16,-4.71904269584927e-16,-3.25141996265479e-06,-3.61428542855101e-16,-4.02173134489505e-16,1.25229124285914e-08,-7.04589360443489e-16,-1.01502385874235e-17,-3.00218625644502e-16,4.15890145031598e-17,-4.70648637964424e-16,9.13390176558475e-16,-5.14852521600956e-16,-7.61238302686771e-17,-3.32051626536864e-16,-2.80522974235107e-16,4.12899318805797e-16,-6.66992352872478e-09,2.2156855283287e-08,3.59596592975559e-17,-5.86881484245863e-16,4.17009623082889e-17,-3.22996462348511e-16,8.48296720411604e-16,-6.48419996212852e-16,-3.20923735991905e-16,-5.27597188472463e-16,-1.93750116411654e-09,6.30601209685864e-16,5.01417231762357e-16,1.19529054115687e-16,8.99601711500391e-17,5.59968719374696e-08,5.14796123387846e-16,-3.99705931473643e-10,-2.39505865228694e-16,-7.30466223709986e-17,1.58433671739287e-16,-2.80856024009163e-16,-2.80161702777794e-16,7.53692748699697e-17,-8.83367892564242e-17,-6.22838872538633e-17,-1.14226563212268e-16,2.80934918419147e-17,2.02978112899246e-18,2.17201728928472e-16,3.97154835548746e-17,2.60629363921467e-16,2.07455918766472e-16,-4.07269051098239e-16,6.55209507132657e-17,4.36865457081993e-16,-3.66115771724161e-16,-1.17483895470985e-16,-2.86890059235032e-17,-2.74786542265359e-16,-6.05117346397516e-17,6.61428405218099e-18,1.29859577877949e-16,1.95826852737295e-10,-1.15455393142008e-16,1.75336754140335e-16,-2.00083051612188e-17,1.02649381948598e-16,-8.98745627610531e-17,7.78099320127226e-17,8.67401568562e-17,8.51793626868611e-17,1.20671871307508e-16,1.48981255745711e-16,-7.95861992844774e-16,-5.21200110563885e-17,2.97893118689705e-17,1.14735928385732e-17,-8.84511311057638e-18,1.52746333214704e-16,2.99177202365638e-17,-2.56744580684898e-09,-3.92611227854208e-17,2.35097267306089e-17,4.57462701061212e-17,-4.65772167974034e-17,9.50923023275018e-17,5.76654470495472e-17,2.86073833982715e-16,-9.835402388204e-18,2.88758434551836e-17,5.53899936040091e-10,-3.74797891191142e-16,2.80825025320099e-16,-1.09711776434447e-16,-1.24842685135811e-16,-1.96352419704299e-16,-6.29820035486911e-17,-6.48426538326527e-17,-2.0690412280413e-16,-6.11465493308225e-18,-1.62457813828582e-16,-5.14769887202288e-17,1.56229529417069e-17,-7.11015591245524e-17,2.84291027371825e-09,-4.97395614050524e-17,-1.27437162112383e-16,-1.74972799211483e-16,-3.46253516310402e-16,-1.92639635456623e-07,-5.6465051564195e-17,-1.35379205052799e-17,1.15288754245903e-16,-1.48152135163776e-17,-1.23487850677748e-16,1.07167794462649e-16,9.65777910884212e-17,-3.10899489076925e-17,-4.23035776361458e-17,-3.66062604611614e-17,5.4542381874576e-16,5.30448562627095e-17,3.46214097693876e-17,7.41480914399701e-18,-2.24580823655719e-17,4.52584231309415e-17,-2.11219357334884e-16
"t542",-0.0048829147673243,0.0500492442598828,0.0643516758952155,0.0152559020006822,0.0306564054520295,-0.00496626269778018,0.0015187430902602,5.18182896507683e-05,0.000420888849787473,-0.00102089999180598,-0.000233143023145066,-0.001190588660912,0.00751077439975186,0.0506104368705849,-0.00125672240140498,0.00219417130206743,0.156139654818259,0.0020200988040266,-0.00127893009523449,0.000490479843230389,-0.00118097166618015,0.000254968810157734,-0.000744014389335983,0.0013022456438499,-0.000208818504959492,0.00101652258941813,-0.00224030272834478,0.159642048887221,0.000482925165452683,0.0132548185701654,-5.51467290625326e-05,0.000864760081956997,0.000343947556307127,1.98185532076784e-05,-1.07194029872703e-05,-2.36074292972508e-05,-8.38684804586985e-05,8.69396582567373e-06,7.63372104763202e-05,2.70382671971638e-05,0.0213541151212521,0.000106549852309271,-3.39884288539042e-05,3.91982643527871e-05,-6.08062656609927e-05,-5.51683509784046e-06,1.38685172660014e-06,-2.23875011544888e-05,2.75861775407117e-05,-5.96843539212827e-05,5.34992448185067e-05,-0.0023070767198533,3.82485682024405e-09,-1.36150443792902e-05,7.41768972515464e-06,-7.8742853983595e-05,4.78933914839801e-06,-0.00698160991082736,-0.000454350458667002,-5.31601616387354e-06,-5.78832340076777e-06,7.35157559918684e-06,-0.000207007983301659,0.000322953490243829,-9.34111553713019e-06,2.83279025932e-05,-1.60442606378492e-06,8.08226126794985e-05,-0.00422930555508336,2.50258580625385e-05,-4.18242059224389e-06,1.10874509222048e-05,-3.64101402055608e-06,-2.3944867357309e-05,1.00243485802729e-05,9.26752436564768e-08,-8.51198607021967e-05,0.000357604375028696,-4.17056154264406e-05,-4.87066123573407e-05,0.00035623154930667,0.000208440355125866,-2.56020077195226e-05,-0.000120047305000805,7.66650514952641e-06,0.000218099479570532,-3.23918139213829e-05,-5.11356782432086e-06,-1.13795043163784e-06,4.32162027002737e-05,-9.48352099124366e-06,2.40669869259289e-07,1.60497140877613e-05,-0.000150677614450488,-9.46885714832724e-07,-4.43964417024971e-05,-5.23855478952999e-06,4.99781091779234e-05,-0.00522398200449469,-2.56048324899684e-05,-8.48970842474275e-06,5.55829349934947e-07,-1.20158935804168e-05,6.0793815317014e-06,-2.69966945259964e-06,4.32750598391572e-06,-0.000151062410221539,5.21333107265168e-06,-2.40896563204806e-05,8.50024149817688e-07,0.000705004723680587,4.811295231971e-05,-1.49042770682664e-05,1.61380092832053e-05,-6.14189825618171e-07,1.98589752261305e-05,-4.09808219030364e-05,5.27254874096819e-05,-7.09750769449112e-05,0.00527748216346585,-0.000132714344777122,0.20883102872759,0.000296225645414524,0.000781180735288666,-3.0911837775402e-05,0.000159366081190087,-1.55204517483944e-05,2.19230036134128e-05,-4.14553664414571e-05,-0.000571811675582034,-2.31200626090379e-06,-3.04288935754377e-05,3.67026540161962e-06,6.20819354576211e-06,-2.00811721884785e-07,-7.27898390161404e-06,1.95779176946833e-08,8.13864266610715e-05,1.43249291861474e-06,-4.28253012121757e-06,-3.29239262112885e-07,-1.06779148927883e-05,3.28118533510276e-06,2.15740753572316e-07,8.21854789086432e-08,-5.44185713184106e-08,-9.10136941694676e-05,6.21867918939271e-07,4.22056243015853e-08,-1.10732170958883e-07,-2.36357406943463e-06,-5.33377605307341e-07,-1.57056798995316e-06,4.40587059843882e-06,-3.61158837454573e-05,-1.26728827866476e-07,1.92223151228774e-06,-1.91378247521458e-05,-6.77293844236454e-07,-2.25024279427061e-07,-1.57137724886867e-05,5.41537680921749e-05,-1.17646176866767e-06,-2.35337433513141e-05,1.58726294930532e-05,-1.10144885007823e-05,1.51256782727285e-05,2.61902060216441e-07,1.30692684779685e-05,0.000367601251916057,-3.03832540623036e-05,-5.3897729438248e-06,7.01307626874584e-07,1.87811295377794e-06,5.07430781340388e-06,8.302958852858e-07,4.71113607434571e-07,-2.56819137988242e-05,-6.23782030703285e-05,-0.000619250093568336,0.0132450204155174,-0.000204212948544955,-0.00181095116588862,2.29277379871321e-08,-0.330269618005758,4.65661835903228e-07,5.93125765949066e-05,-5.60367638703044e-06,-2.45208723987316e-05,2.41346711010356e-05,2.82388457860858e-07,-2.90058413963286e-07,-9.06911050112214e-07,-1.04160900080244e-09,-1.79764426704271e-06,-3.37835543730856e-08,-1.04670099900659e-07,-1.33463412366256e-07,1.34731563348532e-07,1.21881559916898e-07,1.2444313008003e-07,4.78638910755507e-05,-4.30251359816028e-09,-9.6921359283792e-07,-1.46969355291114e-06,-7.4455387770389e-06,1.02046401139459e-06,5.56066502347877e-06,-8.70324163881688e-06,-6.09577540231489e-08,-4.4202793817241e-05,1.47495796073462e-05,-4.57951811674444e-05,-6.30884847624307e-06,-5.11995153004101e-07,-3.64965674980936e-06,1.28202694441051e-06,2.13452191866059e-05,-2.97231254146587e-06,-5.29097451009658e-05,-0.0458072546201578,-7.17355134765869e-05,-1.29678271513884e-05,-0.000949350483778463,5.00091239837093e-06,1.77866047031554e-06,2.39872305457534e-05,2.5357798955322e-05,1.12364146690686e-06,5.8558054630458e-07,-1.38770938302273e-06,-2.1241153917448e-07,-8.21162515834923e-08,-1.2072265249047e-07,-1.65426997826524e-09,-1.6218879871061e-08,-1.19328008662296e-06,-2.03068730297519e-16,-2.9001175802922e-07,4.88895591053261e-06,-0.0734830741438052,3.46116371533573e-06,1.97715670266375e-06,-3.22241334283868e-07,1.44779188997733e-07,-6.37692685633758e-07,9.54806244465006e-09,-4.14487256747639e-10,6.74758072579464e-08,-2.60510642417885e-07,6.77225153075541e-08,-1.12833031813027e-07,-5.6433282948674e-08,1.29722731621596e-08,-1.01180517770583e-09,5.38192710740159e-08,-6.04574092869877e-08,9.61403643385443e-07,2.34546242649651e-07,-4.77007005597983e-08,2.0631229177896e-05,-2.41323685484391e-07,4.50908303764956e-05,-1.09923680347586e-06,1.09874806458306e-07,-3.76914598980595e-08,6.97786021620458e-09,3.39033910223541e-06,-1.06286906341914e-06,5.29719987519224e-08,5.45659562298572e-07,-4.67217311800396e-08,5.65360297773281e-07,-7.27374675117707e-07,2.82014485243612e-05,-2.20146511260536e-06,1.73776855541187e-06,-1.27921424600567e-07,2.13618983554277e-06,-1.10009567994533e-07,4.27152399585513e-07,4.30139610947088e-17,-1.06561968646723e-06,-3.656866805503e-08,-4.81607203853126e-11,-4.22961083380324e-07,5.37914091647855e-08,-3.34667440327755e-08,-1.106827947448e-07,1.29287212599278e-08,-5.49204204860946e-07,1.90929568912679e-06,7.04181652925765e-08,-1.53099770424958e-06,8.28781004691574e-07,-1.00458163617548e-06,3.21964225644629e-06,-5.05819056570579e-07,8.36982669504189e-07,2.968273215569e-08,2.25627856815405e-08,1.25970817581592e-06,-8.33022427553615e-06,3.73276960365899e-08,-1.05757480285038e-06,3.93068934387916e-05,-0.000397884156255481,2.8043737401564e-07,2.54459496967179e-07,1.47160440201229e-06,-4.68400852694763e-07,-2.68045061860967e-07,3.13483414884043e-07,-3.42927677837085e-05,3.54291543985643e-08,3.32716136354663e-07,-6.51044130738212e-07,4.15698526205555e-17,2.03022193861827e-09,1.22793527955034e-06,-1.12939325829878e-07,5.8349408411646e-07,7.4408838528817e-08,1.53664022546117e-07,3.67066858545226e-07,-0.000119257253849389,1.83414935237238e-06,-2.23681756361942e-17,-1.45116126955774e-06,-1.33625703290502e-08,-4.9733905310438e-08,2.36113923468341e-07,3.7717399676751e-07,-2.55583356415867e-08,-9.82766737281315e-07,2.62920518703317e-07,-1.25383452061496e-06,1.67334876776498e-06,-2.57437368559456e-07,-6.18644314627134e-07,-2.72631339694959e-06,-4.63581286030322e-09,-6.18564612123294e-07,3.7139774554553e-07,-6.7295859422071e-07,-4.64133950937045e-16,-1.98491051018741e-06,1.56201817178146e-07,4.50176308645135e-09,3.97491221675661e-08,-1.30289342755469e-06,-2.72195421838973e-06,1.38631753928936e-06,-5.03857753227212e-06,-2.48376698979371e-07,-7.65979216573169e-17,-4.55750360235e-07,-1.79675329131607e-07,-5.77871332643099e-07,5.34968831020146e-17,1.09762383501547e-06,1.58870975617582e-06,-2.42970792111033e-07,-9.11999776265131e-07,-3.11025800507145e-07,-1.77723179299644e-07,-0.000131069430102438,1.50506253654024e-07,1.21257022537439e-06,6.82427195099697e-08,3.39148736196236e-07,4.8960961539653e-07,1.07325421451676e-16,-1.96921838840063e-07,6.4729660415049e-07,3.17278785902569e-06,-4.26291451167121e-07,3.2029990297925e-16,-9.72568206038627e-06,7.86659227988338e-08,-1.91990507682287e-07,-1.29385518572394e-07,-4.3630948613869e-07,4.68490959764925e-07,-0.000143574565928064,8.81156750869711e-07,5.16317624727576e-16,3.32249356926496e-06,-6.37326036974969e-07,1.78597053854316e-06,4.20419361354634e-06,-9.98977658263092e-06,-2.87038545699755e-09,-7.9959910220806e-17,6.48755234635828e-17,-2.81669835133992e-09,-3.64588792173925e-07,4.81568852451459e-08,-4.93063895068763e-07,1.3554262219545e-15,-2.41765584187537e-07,-2.8989394256999e-09,-7.78732976313478e-17,-6.42631444654322e-17,1.84106924199202e-16,6.4924285874637e-07,4.43142360016487e-05,-2.14242139289935e-06,1.71509916065286e-06,8.57479851445852e-07,0.000146372655759541,-7.51094225409339e-07,-9.96017447781107e-15,-1.79563047408246e-07,5.14300392745878e-07,-5.25586926428069e-18,-1.38736118807867e-16,-3.50611698048526e-07,-1.92983773262786e-10,-2.1829801284555e-07,1.21198997348104e-06,2.2921866061887e-07,-8.63901674109512e-08,-5.31883829212604e-16,-2.93346628163353e-07,6.79809817437202e-16,-1.02885947198152e-06,3.84743540466585e-16,-2.74854665809506e-07,-1.48614037362787e-16,1.16227564654357e-06,3.07937585032375e-07,1.3976537163122e-07,1.87404818003353e-06,9.36398043066162e-07,-1.11741820789365e-07,7.34385687881453e-07,6.39833032798822e-06,1.35673214886524e-06,1.29001323796173e-07,3.08495665305307e-07,-9.48838699623886e-07,-1.76840593709491e-06,-1.54354757193076e-07,-5.51724598650993e-07,4.76449165853448e-16,5.90114717505674e-06,-1.18548455897293e-06,1.22477832662281e-06,1.63266007661861e-15,3.09799235841727e-07,2.74400059213049e-05,0.311125355495418,-4.90700343193492e-15,4.55845048385241e-05,4.78052995120055e-06,-1.84519474539329e-16,0.000102949588006803,-3.49229008668205e-06,-9.24244729292267e-16,3.16030167830151e-16,1.00343532496761e-07,5.28190160495646e-07,2.75487727559721e-09,3.47062028217862e-06,-7.584526335141e-07,-2.19653286468912e-07,-2.07075996447323e-07,-1.54466538903311e-06,2.99421242198592e-06,-1.6268131725625e-15,-5.88241300440566e-09,-4.01637055519682e-09,-1.07915293905567e-08,-9.80333777887326e-07,1.01882890705301e-15,8.75741540689353e-16,-3.11189628157728e-07,-1.27401411794502e-16,-2.13787166314241e-16,-2.17653332032678e-06,0.00980458271764096,-1.57653958718812e-05,1.49714318362738e-08,-3.48559046751281e-05,-0.00179540928121379,2.29456172877037e-08,6.97237699730055e-17,-3.42565608530924e-08,-1.58112501250075e-09,-7.19320436371681e-09,6.76626912785818e-08,-2.18477264062763e-07,5.78138193794106e-16,2.57786166351289e-16,1.41318664610843e-16,1.19298889916745e-08,4.16218548226001e-09,2.35429104514411e-08,5.69581200933969e-16,1.92254537935364e-09,6.6862971632207e-16,-3.69517116063692e-16,1.16695642230677e-06,-1.28685701248191e-08,1.88065370026157e-15,-4.59130685011371e-08,-2.79698887060243e-08,3.00041166684797e-15,8.45793672947194e-08,-2.17999848685408e-16,4.05285277613444e-08,1.91650301794153e-16,4.17308322289468e-08,8.30375180224215e-06,1.33520949985332e-08,1.30267207018789e-08,9.59394943248261e-08,-6.17445986057039e-08,2.46464117450118e-07,-1.09562689665978e-15,2.87911742039426e-06,-1.7562822697953e-07,1.89131602395027e-15,-2.58715591244084e-08,-1.51782397750616e-05,2.02031397052615e-07,-1.26197513548859e-15,0.421497502523678,-4.40799946128664e-06,2.76642976690397e-15,4.73446745139086e-06,8.17507362500428e-07,2.34480160526815e-08,-4.82807991388361e-15,5.93057125683041e-16,-0.00215050795219635,-4.83557425955637e-08,-3.77210972350511e-09,3.17351188644315e-08,-1.32278814167026e-08,-7.07438729437497e-16,-6.57600038164563e-16,-4.54918298882259e-08,-3.11230152402229e-10,1.47309053522513e-15,-9.88886422513806e-08,1.09350325777826e-16,-4.66090590431647e-08,1.51950526090326e-08,8.79944557908109e-09,5.6328048181187e-08,-4.26488794741699e-17,1.78398648140246e-16,5.23789317888163e-16,1.00434317319447e-15,3.2927938606468e-09,1.11203515274355e-08,6.09119098663235e-16,4.92107142127465e-16,2.34550685502157e-15,-1.41904150677801e-08,-1.22129833716285e-10,5.96170946946753e-09,2.10020871166637e-16,-1.54905639503751e-15,-8.89417628901958e-16,1.26807621792239e-05,-4.34473962275391e-09,-3.49016237735784e-16,-6.80015880471266e-10,1.63682083331518e-08,-4.5481030659573e-16,3.36545413350138e-15,1.56562800736867e-08,0.0530962531557218,2.72101024960559e-09,6.30821403318764e-16,-4.83834084752544e-08,-2.20588760447409e-09,-1.01685164549123e-09,-7.03585221488098e-10,-3.03866958574792e-09,8.37167705746228e-11,-3.94224934880981e-16,-7.45594254818305e-16,1.08187133967283e-16,5.01102329962048e-09,-4.5812968065556e-09,-1.86401491060558e-09,-4.4913854458335e-08,-5.01833022756977e-16,-1.62439295602843e-16,1.1554122882305e-15,-3.33790821394614e-17,-9.87599292929874e-17,1.18698929832064e-08,1.48660613474014e-16,4.44778994508509e-16,-2.06525742585781e-09,9.27847381108895e-16,-1.85551039362449e-09,8.89657776788433e-17,-2.3144828389268e-09,3.848673201069e-17,-3.1239586898298e-09,-4.00248985503684e-10,-3.7788766697366e-08,-4.5995014739498e-16,1.38413292435359e-08,1.33771116717142e-16,2.12828345404795e-08,-4.10818516891633e-08,5.15379460545569e-09,-3.57460590106221e-16,3.45158414984944e-08,-2.7153821617957e-16,-1.04947856728884e-08,-0.000112621322925576,8.43611113803166e-17,3.77950410295705e-16,1.32373698143894e-15,-2.48725951676114e-17,-1.72060307499647e-10,-2.26719648078743e-09,-5.12637953263195e-10,-3.60042653542952e-16,8.06493955836922e-17,-5.71144796369182e-09,4.66903816861785e-08,6.74412206767176e-16,-4.23178367302262e-16,-2.6138070590374e-09,1.09356613218546e-16,-1.87466634978838e-08,4.36646924543414e-16,1.42753363674979e-05,-1.54945355124218e-16,-2.88385709347473e-16,4.87416712422842e-16,-1.41020937614409e-15,-4.75458425595769e-16,-9.7253745570411e-16,3.69978183473469e-09,-2.58936966033241e-08,3.88107551028258e-16,-3.95018654441272e-07,6.71467911609232e-08,-4.91310253663723e-16,-7.1250819485363e-16,-6.76589800452369e-16,-3.81922430301202e-16,6.83333924865915e-09,1.1006365825123e-09,-6.33160389615716e-16,1.1120951293832e-15,-1.26059880003772e-08,-1.01365014005665e-06,-6.82954112197953e-10,8.66284413749653e-16,-1.03314588884415e-15,-1.4149165188157e-17,2.54280482845525e-17,2.21174439999028e-16,-1.217373116734e-16,2.80648219699174e-08,-2.66648410704428e-08,-5.15011037122098e-09,-8.702008653877e-17,-4.18328039480493e-16,-4.51309818303011e-16,9.12306665911004e-16,9.06749644429737e-17,3.90865011836299e-16,4.42645432733635e-17,-4.60822906478183e-16,-2.36344172762471e-16,1.84962345828916e-16,-1.1294650055125e-15,1.20923830734142e-16,-8.67557722032835e-16,7.31098910899549e-16,3.02599241403464e-09,-9.31944301493755e-16,-9.76654246178265e-16,-5.56733263484869e-16,4.31911834872746e-08,-5.21197795161802e-10,1.34203379041084e-15,-1.11812715064724e-09,3.99890745354125e-08,6.03973113568615e-16,-1.62937547880681e-15,-1.7558715478025e-06,9.74926674327834e-16,1.01063516644898e-09,2.04992609894507e-17,-8.44651196167004e-16,-7.48122372504775e-16,4.58407233826401e-16,1.01270959246306e-09,-3.12503429281101e-06,-5.25670163345111e-16,-4.56164670101571e-16,-2.01839492857123e-15,-1.41649771573767e-15,-2.26433590844524e-15,6.39273560716865e-17,-1.44035336434415e-15,4.86892579574202e-15,1.78712380881124e-09,2.54683320453763e-14,-0.707106781186549,2.92174203473222e-14,4.32531149739638e-15,1.82780937540019e-14,-6.09201301752664e-15,-3.57196918003006e-08,-1.631402865374e-14,-6.57743354253951e-15,2.07973847897202e-06,3.09041642965978e-15,-7.83570157870274e-15,7.07711284750993e-15,1.80375764504746e-16,2.285112180633e-08,1.51048208907871e-15,-1.69440666329349e-08,-3.94755710236827e-16,-1.60023336117693e-15,9.99038469329766e-16,-3.01873279302061e-15,-2.63467775239795e-16,2.33172663669583e-16,6.17838822057075e-10,1.70640829129049e-15,-1.54434003937859e-15,3.50935660660276e-09,-7.76816004576531e-08,5.06666448732649e-16,5.47317023128198e-08,8.03049301308618e-09,-3.99019089572799e-16,-1.63854120649058e-15,-3.58505247594712e-16,-1.74765661833008e-16,3.85664529736928e-16,-1.38365417718974e-08,-4.97801195501863e-16,4.75834632028579e-16,4.25579395678877e-16,5.57434773564342e-09,-1.59337727492236e-15,-3.15925991248734e-16,-7.09717325952989e-17,-1.20000710702736e-15,-2.56046395245664e-09,-3.92345924918408e-16,7.7228387242189e-10,-7.53613908738468e-16,-5.23956295750483e-16,-1.8546111325054e-16,1.11520550869463e-15,-1.58175034512339e-16,-5.43528020606286e-16,2.30957453516091e-16,-1.35710298553544e-08,1.2494374747787e-15,1.28728929905283e-15,5.72309906878052e-09,-7.42842257840271e-16,2.1041425381375e-16,-6.95280227399638e-16,1.26578194245757e-15,-6.93052968613889e-16,4.4947743836984e-16,-3.25141996232446e-06,6.1942978531406e-16,4.89578338495774e-16,1.25229128174463e-08,5.22390518002926e-16,3.17844527098289e-16,3.34010926950217e-16,2.42411416815234e-16,2.19215686666993e-16,-9.00052621108454e-16,4.51337243568021e-16,-4.23059256727489e-17,4.99907045859523e-16,3.79460143944806e-16,-4.92067444580224e-16,-6.66992336290617e-09,2.21568549577144e-08,-1.13275614525657e-16,6.56790924383636e-16,-6.45814898555321e-17,-1.85352442542131e-17,-3.4970602260341e-16,8.11307701574872e-16,3.2201546084953e-16,7.60923129415685e-16,-1.93750098641993e-09,-6.36350403929437e-16,-3.27881256686721e-16,-1.30365133423019e-16,-1.27298313074818e-16,5.59968721791278e-08,-1.05816858635173e-15,-3.99705927278952e-10,1.43593739504684e-16,-1.83231840213922e-17,-1.86599216263282e-16,1.97714374760046e-16,2.27823043359539e-16,-1.51582571404816e-16,1.21319709797822e-16,-7.96695667937117e-17,2.9392268610813e-16,5.36304205218259e-17,-7.7177069696805e-17,-1.4849753625723e-16,6.39311330665939e-17,-1.26399325182125e-16,-1.14455450126879e-16,6.43236119232642e-16,-6.99259570144486e-17,-6.06290065410282e-16,2.62168255263362e-16,2.14603617976526e-17,1.77922658702555e-16,2.43946215251436e-16,1.47007949305763e-16,-5.78943392199215e-17,-3.57706377641071e-17,1.95826856620872e-10,1.82902998339561e-16,-2.31699846465036e-16,8.07625587591668e-17,-2.31317778115956e-16,1.77740008154685e-17,-4.04241706081119e-17,-5.96758776362899e-17,-2.33755331398111e-17,-5.20337900238463e-17,-3.1394831428237e-16,-2.06464280893236e-16,9.4005490970577e-17,1.30097018285413e-16,-9.44308944546932e-17,-9.19607818736648e-17,-6.54801897232182e-17,1.64166962124587e-16,-2.56744546223092e-09,6.48718425613335e-18,1.508694766305e-17,-1.13852889155236e-16,-5.36991969668038e-17,1.91608097253796e-16,-1.41084878099505e-16,-8.05569705888254e-17,1.18857418200303e-16,-2.52255068098004e-17,5.53900334752945e-10,6.5152821407437e-16,6.57301813588719e-17,3.37070396835428e-17,-6.9709460106134e-17,3.60512243823935e-17,-1.42787631968243e-16,-4.77774554188719e-17,-9.70722895800754e-17,9.43877147595479e-17,3.99139619454211e-17,-5.86664662033265e-17,-1.52710708083876e-16,6.44527367276688e-17,2.84291024550306e-09,-1.21626075174934e-16,-2.21702511895914e-17,-8.64521530035139e-17,-4.35402039943023e-16,-1.92639635518737e-07,1.58367901418489e-16,-2.80118605435181e-17,6.02055418890934e-18,2.41842406897376e-18,8.96242700983312e-18,-4.35786209724674e-18,1.1162179387379e-16,5.5166224993892e-17,2.06648527259044e-17,1.17134744134253e-17,-3.08707361743115e-16,6.53880393910698e-17,-9.93551395662107e-17,4.5616701108307e-17,3.78238524917434e-18,5.95297189009392e-17,-1.75314135815041e-16
"t275",-0.00488175406090973,0.0500241888414644,0.0643184198883306,0.0152453403139816,0.030630430734913,-0.00496132795339892,0.00151720443697895,5.17616293177746e-05,0.000420345618886028,-0.00101930353667338,-0.000232681057775116,-0.00118768602418137,0.00749193183694652,0.0504815617342686,-0.00125338391450142,0.0021880014648917,0.155690210213376,0.002014179572321,-0.00127509664470551,0.000488883929227019,-0.00117681862203539,0.00025388893125907,-0.000740688877110238,0.00129639219660264,-0.000207876242479801,0.00101171989902695,-0.00222959462762204,0.158872242085065,0.000480534849004392,0.0131775329492769,-5.48041932621228e-05,0.000859148599435291,0.000341557476381165,1.96744288877223e-05,-1.06375484116074e-05,-2.34130680340305e-05,-8.31694194395407e-05,8.62037367669134e-06,7.56867396335551e-05,2.68045220709918e-05,0.0211643262721972,0.000105580458060107,-3.36747003649094e-05,3.88360159425605e-05,-6.02347597223391e-05,-5.46175736153046e-06,1.37275617036029e-06,-2.21580590527677e-05,2.72968708014057e-05,-5.90429309987864e-05,5.29056796248528e-05,-0.00228110417398048,3.78170606644212e-09,-1.34586697725761e-05,7.32951861790902e-06,-7.78020721479086e-05,4.72682466217775e-06,-0.00688835244597238,-0.000448264898019503,-5.24081332449438e-06,-5.70312178686182e-06,7.24126826359028e-06,-0.000203853971472035,0.000318014054623402,-9.19419373693621e-06,2.78712673574547e-05,-1.57717312089703e-06,7.94181565147584e-05,-0.00415504639331564,2.45782583367667e-05,-4.10036299778184e-06,1.08552019400851e-05,-3.56399965572778e-06,-2.34282477492015e-05,9.80753668440475e-06,9.06538204580596e-08,-8.32570190199021e-05,0.00034964986959819,-4.07439945745141e-05,-4.75675282611186e-05,0.000347699875207331,0.000203422780600041,-2.49628194318412e-05,-0.000117017745968421,7.46414241046449e-06,0.000212273456170492,-3.15161516247448e-05,-4.9750646260977e-06,-1.10711310171652e-06,4.20436119086735e-05,-9.22504323870233e-06,2.33831914575296e-07,1.55920017551433e-05,-0.000146272652332877,-9.18035223935082e-07,-4.30354650188894e-05,-5.07792087335487e-06,4.84219391052137e-05,-0.00506040405174062,-2.47860552672843e-05,-8.21362740627271e-06,5.37727248243795e-07,-1.16239104685568e-05,5.8661763026272e-06,-2.60449461913884e-06,4.17432218328928e-06,-0.000145676585216663,5.02708860790808e-06,-2.32260276466418e-05,8.19387637943703e-07,0.000679551034377137,4.63580444718812e-05,-1.43599880154419e-05,1.5532942242342e-05,-5.91034153779095e-07,1.91012231341532e-05,-3.94087544117836e-05,5.0673268665747e-05,-6.81741756676422e-05,0.00506706254152545,-0.000127392100349812,0.200289109228843,0.000283955579538386,0.00074880768450634,-2.96285117999154e-05,0.000152665057290681,-1.48671607222698e-05,2.09901716063802e-05,-3.96371036681548e-05,-0.00054672323253868,-2.21031975485338e-06,-2.90638046308362e-05,3.50497842627831e-06,5.92783782295463e-06,-1.91640489844785e-07,-6.94602996862247e-06,1.86611938015393e-08,7.75045477032554e-05,1.36246018591326e-06,-4.07301846512274e-06,-3.13064858639601e-07,-1.01522336285954e-05,3.11910066940735e-06,2.05069739782086e-07,7.81203332801104e-08,-5.17018984712543e-08,-8.63868854846016e-05,5.89675511793252e-07,4.00109524784133e-08,-1.0491743130315e-07,-2.23936230208771e-06,-5.05243006575288e-07,-1.48754298387046e-06,4.17238602284775e-06,-3.41585350866581e-05,-1.19836202446601e-07,1.81742159653007e-06,-1.80349938202545e-05,-6.37752352524706e-07,-2.1186088271693e-07,-1.47844724981845e-05,5.0944029210953e-05,-1.10576183894261e-06,-2.21171136961475e-05,1.49043743097033e-05,-1.03340018031472e-05,1.4156961628893e-05,2.45107720675838e-07,1.22309396183491e-05,0.000343907621094912,-2.84138901121927e-05,-5.04014006915664e-06,6.55310080274684e-07,1.75450680953419e-06,4.7378707138957e-06,7.75145898916426e-07,4.39792277760885e-07,-2.39452736317854e-05,-5.80866464130515e-05,-0.000576520511462469,0.0123285189227231,-0.000189965157454888,-0.00168420198645983,2.13180502132256e-08,-0.307014859884501,4.32554067011751e-07,5.50854390851211e-05,-5.19603889933985e-06,-2.27359101415545e-05,2.23658719400962e-05,2.61306737416423e-07,-2.68074017207378e-07,-8.37816504070822e-07,-9.61640956340186e-10,-1.65884440125081e-06,-3.11308866881407e-08,-9.64217360900357e-08,-1.22865742797625e-07,1.23992580976343e-07,1.11882936843924e-07,1.1422069505111e-07,4.38847263291495e-05,-3.94063092497501e-09,-8.85419677714886e-07,-1.34261443971579e-06,-6.80013489787752e-06,9.3132940857793e-07,5.07239132465573e-06,-7.92834814249422e-06,-5.54376157269944e-08,-4.01457064310227e-05,1.33902176208849e-05,-4.14960561693363e-05,-5.71057086108335e-06,-4.63428984383295e-07,-3.30074525329356e-06,1.15703631116427e-06,1.92563975699074e-05,-2.67565323309786e-06,-4.75574034735831e-05,-0.0411519356973322,-6.43062717202571e-05,-1.16188325351702e-05,-0.000850112139464053,4.47040949405074e-06,1.58942070808016e-06,2.14332769302685e-05,2.26148011965296e-05,1.00093181108348e-06,5.20954867632505e-07,-1.23383100678392e-06,-1.88742341821276e-07,-7.29240494132201e-08,-1.07191332071131e-07,-1.46663411438668e-09,-1.43656764311034e-08,-1.05584879463119e-06,-2.04531282080806e-16,-2.56231621109972e-07,4.31821733399348e-06,-0.0647712829156494,3.04596724363231e-06,1.73768618919874e-06,-2.83189438389513e-07,1.26920543234974e-07,-5.58800199695821e-07,8.3652147395738e-09,-3.62805585902344e-10,5.90256193113743e-08,-2.27626476092251e-07,5.91439396838053e-08,-9.85195696520463e-08,-4.92178925906244e-08,1.12588997186989e-08,-8.76641688614635e-10,4.6561942129492e-08,-5.21384598767265e-08,8.28925153097925e-07,2.01772064614169e-07,-4.09832705954382e-08,1.76936434718738e-05,-2.06841628116698e-07,3.86241880753475e-05,-9.40787052646728e-07,9.39175381622239e-08,-3.22127990975869e-08,5.94422910552778e-09,2.88791133870137e-06,-9.052820654954e-07,4.50779642842967e-08,4.64189842011922e-07,-3.97039049781624e-08,4.80345741484022e-07,-6.14015560113858e-07,2.37891793316307e-05,-1.85597029659273e-06,1.46311334570587e-06,-1.07589232877932e-07,1.7923353442654e-06,-9.22367521745341e-08,3.57942971641532e-07,-9.18573052281924e-17,-8.91242032025964e-07,-3.0576787385368e-08,-4.02360494218204e-11,-3.52665085262128e-07,4.47746376563323e-08,-2.78341805345833e-08,-9.20173031561669e-08,1.06919915843053e-08,-4.54033564981049e-07,1.57829087561502e-06,5.81188387707008e-08,-1.2579113045322e-06,6.80414044625571e-07,-8.24290629363011e-07,2.63701758677634e-06,-4.11375146020154e-07,6.78657504110981e-07,2.40636385817072e-08,1.82905712991044e-08,1.01344272121036e-06,-6.64117979268171e-06,2.97239868713337e-08,-8.40683489615725e-07,3.11794030084592e-05,-0.000315406779036288,2.21077788336115e-07,2.00514017796042e-07,1.15872544211869e-06,-3.68617882271257e-07,-2.10574193614393e-07,2.45789878658062e-07,-2.68387385400582e-05,2.77060009522001e-08,2.59834504698029e-07,-5.0695085149589e-07,3.63368363458142e-17,1.55201694062336e-09,9.36921644781416e-07,-8.59269024759528e-08,4.43898267118533e-07,5.66020897082318e-08,1.16808228462882e-07,2.78654614105941e-07,-9.03884241850995e-05,1.38562301874826e-06,6.97346092057928e-17,-1.0879789719334e-06,-1.00087268074499e-08,-3.71745881769672e-08,1.76444473034737e-07,2.80406872829673e-07,-1.89465048135027e-08,-7.25540916166628e-07,1.93551041306892e-07,-9.1726321411692e-07,1.21702048979818e-06,-1.86525211627045e-07,-4.47272501309552e-07,-1.96844476818503e-06,-3.33910509381685e-09,-4.45424203957238e-07,2.66983025463855e-07,-4.83116858539412e-07,1.43730524850448e-16,-1.41058973303541e-06,1.10768535225813e-07,3.19230064442229e-09,2.80141125175824e-08,-9.1738255587898e-07,-1.89431362450877e-06,9.61522866423214e-07,-3.49230529394512e-06,-1.71712575498568e-07,-6.38603124580193e-17,-3.14151139401815e-07,-1.23714592674996e-07,-3.96241827236457e-07,-9.44349350988639e-19,7.49217902084894e-07,1.08325325830018e-06,-1.65575389381858e-07,-6.20771468906354e-07,-2.11292335931068e-07,-1.20556421328251e-07,-8.88064213782886e-05,1.01624269827484e-07,8.18410115926968e-07,4.59493892654491e-08,2.2738767643083e-07,3.28194905283387e-07,4.36277533440246e-17,-1.30886877161566e-07,4.29593476529951e-07,2.09874367857183e-06,-2.80558587903117e-07,-8.24164305983748e-16,-6.32990464898738e-06,5.0543818384753e-08,-1.22627523794649e-07,-8.24104755954006e-08,-2.76967430994324e-07,2.95522989376611e-07,-8.96251400426316e-05,5.35448817810548e-07,6.09038484059164e-16,1.96889694934696e-06,-3.76827580493445e-07,1.05099138006586e-06,2.45765900667276e-06,-5.83675620075879e-06,-1.6739116796527e-09,1.2565903179107e-16,1.11934969493578e-16,-1.62452814264375e-09,-2.08218787008076e-07,2.74686429241786e-08,-2.78720632302169e-07,7.17861271928545e-16,-1.33917010982991e-07,-1.59090007062302e-09,1.10038358113092e-16,-2.17422947273757e-16,1.22036002614847e-16,3.4567229162018e-07,2.34999470094795e-05,-1.1203091260686e-06,8.85984196764803e-07,4.42315381025945e-07,7.45012869690492e-05,-3.81697370119676e-07,-4.91104303124727e-15,-8.87108735002813e-08,2.51475253450188e-07,-3.55376546005124e-16,7.0579315008484e-17,-1.64311615903087e-07,-8.94738055224827e-11,-9.97295154204506e-08,5.48133123752458e-07,1.01626186468427e-07,-3.81765855229188e-08,-6.50400240123167e-17,-1.29049157083096e-07,6.30328531219647e-16,-4.46686526440318e-07,-1.6972744553128e-15,-1.18153247004339e-07,-1.94032578483217e-16,4.93251652700477e-07,1.30340136662142e-07,5.70652898395631e-08,7.59088174044695e-07,3.78017832844918e-07,-4.44445530198329e-08,2.88267295795907e-07,2.43289046435692e-06,5.15732072739316e-07,4.85428607252829e-08,1.1390177026943e-07,-3.41205755225443e-07,-6.21409719890283e-07,-5.32297683415837e-08,-1.88473300772571e-07,3.25734998860169e-16,1.95587608681745e-06,-3.81112234231014e-07,3.58041925388661e-07,2.72036920246619e-16,8.78641742267611e-08,7.4147815322227e-06,0.0822634194921648,-5.65320025355379e-16,1.19154556241572e-05,1.19171101094642e-06,1.51440026770497e-16,2.50405463609771e-05,-7.17525898516691e-07,-2.84123258360959e-16,-1.19870672152746e-16,1.90651578870717e-08,9.96118924848403e-08,5.0125116221819e-10,6.04085301675559e-07,-1.18170570110173e-07,-3.38707172464877e-08,-3.14598563886765e-08,-1.95477690909422e-07,3.14438929197262e-07,-4.69202042670258e-16,-5.68648784675787e-10,-3.82453601869609e-10,-9.72542626025095e-10,-8.22746613831529e-08,-2.47760850254481e-16,-5.55099664938437e-17,-2.34428263869456e-08,-5.16483684845206e-16,-7.68069643097898e-18,-3.99057614805333e-08,7.76977622057806e-05,-1.21459127894005e-07,-2.34862980145037e-10,6.59590399076826e-07,3.52219895916333e-05,-5.53480086314449e-10,-8.35877270586484e-17,2.53959217702949e-09,1.34942426236489e-10,6.40856014214037e-10,-7.31348279356054e-09,3.15265791774733e-08,-7.77654764605282e-16,8.53730650380854e-17,-8.02833656443388e-18,-2.38978963379229e-09,-9.41090237605656e-10,-5.37032365825688e-09,-1.00591714916514e-15,-4.88428885715866e-10,-1.52749326499926e-15,-6.04829323460476e-16,-4.4494184338641e-07,4.92908669024582e-09,-3.33612396605579e-16,1.91961492724445e-08,1.22873454082247e-08,-5.21850693507679e-15,-4.09907177544141e-08,-6.11452463454481e-16,-2.20083183771048e-08,6.51338479941124e-17,-2.28892277494286e-08,-4.58995080403881e-06,-7.44507913688009e-09,-7.35212621991862e-09,-5.5633484757781e-08,3.95700150905722e-08,-1.80939016626706e-07,8.44601740526239e-16,-2.49301557351887e-06,1.54751547841358e-07,-2.28216783199672e-15,2.33310038766116e-08,1.42770871594722e-05,-1.97383575528364e-07,1.14681974971594e-15,-0.468635709599741,5.02834275311734e-06,-5.09481530697613e-15,-5.58847479054413e-06,-9.81399479004993e-07,-2.99769474283356e-08,6.37896349406971e-15,-1.59687050947591e-15,0.0031973160971801,7.67680325874281e-08,6.07026524384206e-09,-6.90111608511024e-08,3.02991960848573e-08,5.66698611763028e-16,8.73743836000412e-16,1.08071130737883e-07,7.42816480357231e-10,-4.52659167519922e-15,2.51337416494088e-07,5.42044591438331e-16,1.26094517216767e-07,-4.49196125828426e-08,-2.6181154629307e-08,-1.71928656481719e-07,-3.06437889713912e-16,-7.06621034910506e-16,-2.60840255727795e-15,-1.91021386254666e-15,-1.28646173472714e-08,-4.44072485417973e-08,-2.80314908750078e-15,1.11407478640925e-15,-2.05115865265977e-15,6.14881372298161e-08,5.48964427706553e-10,-2.97447576556637e-08,-1.54886814343466e-15,4.14605517615445e-15,-1.96841563095953e-15,-9.67305900210418e-05,3.37199496865683e-08,1.06718047372828e-14,6.53875677543559e-09,-1.73624691442775e-07,9.64388367965031e-15,-4.38472313565565e-14,-2.17471645241009e-07,-0.75588163846048,-4.72420733452644e-08,-2.81555066897149e-15,1.30440030497349e-06,8.44559777035876e-08,9.08321298640972e-08,-8.25984612415564e-08,-2.22103211464109e-07,3.60660921192514e-09,-5.58421425674365e-16,2.30907875801053e-15,-6.26662290684742e-16,6.74872541302148e-08,-6.10892119921221e-08,-2.29792199165968e-08,-4.05021748515305e-07,6.59482922566274e-16,-3.45381123771169e-16,7.06663647968255e-16,-1.68829804881286e-17,-9.93696048932929e-16,8.47030006495142e-08,1.25881413907572e-15,-5.76538607087218e-16,-1.36688372285042e-08,-3.14603653710826e-16,-1.2233905034744e-08,3.74664775707216e-16,-1.51630657082363e-08,1.77558834032194e-15,-1.82714825710008e-08,-2.28415343153455e-09,-2.0802860256082e-07,-1.01661695477714e-16,7.30681385329308e-08,-3.42257401845189e-16,1.03315478197298e-07,-1.81263665360085e-07,2.26524665693446e-08,8.27522489411157e-16,1.46523410035252e-07,4.24293456146056e-16,-4.23204311531162e-08,-0.000453052608645161,-8.29821406608219e-16,4.06336733914319e-16,-2.13044205219303e-16,1.07639789279771e-16,-6.65530351188431e-10,-8.68262046242917e-09,-1.94104899652738e-09,7.01856329730052e-16,2.71125338197005e-19,-2.05393611201342e-08,1.67539769239776e-07,5.79696523978177e-16,1.39663630169857e-15,-8.84917719215290e-09,1.97560275035295e-16,-6.27313433750883e-08,-3.66467002703547e-16,4.62432902730537e-05,1.0802956450252e-15,2.32620093927758e-16,8.24124407190387e-17,-9.80469901354741e-16,1.26099088314905e-16,-1.16857831422445e-15,1.12826025850654e-08,-7.89047972817214e-08,-5.61650244082963e-17,-1.18047786255121e-06,1.99075459427518e-07,9.77747438716552e-17,3.23168161994855e-16,5.68642730243543e-16,-1.69339167761594e-16,1.96047989862919e-08,3.13456339932862e-09,-3.24071847114353e-16,1.09056944581135e-16,-3.56127004457204e-08,-2.86064598324245e-06,-1.92065202761285e-09,6.14602497759345e-16,-1.10469333367475e-16,4.44942693251017e-16,-2.71277421649858e-16,3.48065443237376e-17,-4.1505702073381e-16,7.48140205968754e-08,-7.07480464182182e-08,-1.36013198302097e-08,-1.51565687709767e-16,-6.40972242363037e-16,-5.88732388314536e-17,-1.01421530652138e-16,1.45718645194512e-16,1.07470650596478e-16,-4.1292919296676e-16,-2.56076051774481e-16,-1.54656142387592e-17,-2.02515134030797e-16,1.11479217324904e-16,-2.30272712004886e-16,1.87484079735493e-15,1.71533013575893e-16,7.43874851391181e-09,-1.23866692113072e-17,7.35967268274152e-17,1.71377405305536e-16,1.05256475502938e-07,-1.26763459893443e-09,-1.75801226830941e-16,-2.71613572221055e-09,9.61377932828176e-08,-9.1204856352821e-17,-2.86376557346049e-16,-4.16850578912187e-06,3.97844956329105e-16,2.36376448315305e-09,-1.9214544137311e-16,-1.63760284965055e-17,-8.40994213563613e-17,4.16040136532602e-16,2.31599399785735e-09,-7.13615387734107e-06,-5.26147136838481e-17,-1.02093882916188e-16,2.26754697704603e-16,7.27579207390274e-17,7.60832098278125e-16,3.01785842672179e-16,3.16913167452148e-17,-6.11689565965675e-17,3.80567339281599e-09,2.80702581892348e-16,1.55324133607227e-15,5.15247399818622e-16,-4.10676963917892e-16,-3.15339472241653e-16,-1.46195179311224e-15,-7.50410444073101e-08,2.40467593439772e-16,-4.04005424629682e-17,4.3585198086405e-06,-9.52975843675697e-17,4.68309085392546e-16,2.108506262918e-16,-3.00839364013866e-16,4.6587935570545e-08,3.16789119293983e-17,-3.43819829256806e-08,3.42702073384182e-16,-4.83763017388583e-17,3.95611892781869e-16,-1.17182792940231e-16,1.6883863030278e-16,-3.75371482756334e-16,1.2418811193679e-09,5.68792351673718e-16,2.31989505607232e-16,7.00408569736504e-09,-1.54984504570834e-07,-1.34443031821965e-17,1.08543864034889e-07,1.5896468488608e-08,2.69330295021055e-16,1.66898466024996e-16,1.65130362430681e-16,-8.00857709621085e-17,2.12277378496784e-16,-2.66750660790823e-08,-1.887526378151e-16,-3.70636628437477e-16,-1.84101997725915e-17,1.06770393560807e-08,-1.34874828854479e-16,3.28712426589033e-16,2.63053640418025e-16,-2.68901937027578e-17,-4.86322612062283e-09,4.93405401711596e-17,1.46309749290787e-09,2.06624221972262e-16,-7.25550417352471e-17,-4.28756960680543e-17,-1.26471417798577e-16,1.09378361928467e-16,-7.96931168438858e-17,1.60548552922931e-17,-2.53730577840061e-08,-6.02971634938601e-17,4.79480002403994e-17,1.06660250008163e-08,2.73611376165087e-16,-5.39229477644309e-16,-1.50385402828764e-16,-4.26756736038101e-17,5.75845266812484e-16,-1.82666602825625e-16,-6.00022196484541e-06,-3.75431254824766e-16,1.10631634057424e-16,2.3010414901512e-08,-2.91166789685337e-16,-1.30823101696524e-16,2.31182232326685e-17,-1.47297793371615e-16,2.22467601902864e-16,-1.68913867782231e-16,-7.46846101924623e-17,2.99229205516887e-17,-1.84409487484863e-16,-9.12293291967671e-17,2.56515528687009e-16,-1.20677417889117e-08,4.00154872290674e-08,1.02090644490503e-16,3.66819950060021e-17,1.31838365026359e-16,8.98115257008178e-17,1.06546580369224e-16,-1.19565678497513e-16,2.26181235172231e-17,-6.68091182902972e-17,-3.46684600280073e-09,2.71717637944877e-16,-1.99295997292031e-17,-1.02505628513508e-16,1.44331312511613e-16,9.94318379806134e-08,2.97074113206297e-16,-7.03790487766157e-10,1.40069982560983e-16,-1.89116928623783e-17,7.80555977995351e-17,1.47465897815425e-16,-4.1488148854664e-17,-3.47517114732423e-17,-2.10719990723645e-17,1.34960745767363e-16,-1.20662092307929e-16,-1.87732866456698e-17,2.16066844221392e-16,4.26669130484453e-17,-9.54527093041888e-17,-7.61586686977659e-17,2.1804395522385e-17,2.04764641580403e-16,1.02746616583741e-17,-1.29987973928739e-16,1.83310410189671e-16,1.9878227907007e-16,8.29363839974576e-17,-7.79796592515534e-17,-2.21367688284112e-16,-1.91792124881961e-16,-1.77937129646221e-16,3.34903047909883e-10,1.61999808680494e-16,-1.52859464730444e-16,1.76256943513083e-17,-2.72303963305085e-17,-1.15503253904442e-16,9.46531335724512e-17,-5.5147602226916e-17,1.85147841366884e-18,-2.36936886146559e-17,8.9597602045173e-17,2.37796029612172e-17,-3.45642935293832e-17,-1.30206748899172e-16,-9.80981813626489e-17,-6.11247900499662e-17,-2.4018655216799e-17,-9.35980812858278e-17,-4.31193779917501e-09,8.13829178962726e-17,-4.08730735659948e-17,-7.2867983853914e-18,1.38141517245379e-16,-8.6690591912404e-17,-1.3500966435616e-16,-8.71569037454599e-17,3.70344901136932e-17,2.52742085406851e-17,9.14095387313778e-10,1.155090852357e-16,-2.08926979488291e-16,3.73447877134946e-17,2.64176666679317e-16,2.81356697037331e-16,-9.69559145046261e-17,-3.10826976040804e-17,-2.96660458680162e-17,9.43557517334077e-18,2.52378026964052e-17,2.11018868281393e-17,-9.18436968044355e-17,-3.21259387146212e-17,4.61481108032992e-09,7.3733541471533e-18,-4.41592446838334e-18,-1.04394187052786e-16,-2.5386932681927e-16,-3.10418106930315e-07,1.47641521583548e-17,-3.09892634298904e-17,-7.02803743163749e-17,-1.76651612702214e-17,-1.27453594091144e-17,7.01223440945581e-18,3.3234526489426e-17,-1.03863650337798e-17,-4.59832115215575e-18,-6.53537310466279e-18,-1.18272961459285e-16,3.58365314568035e-17,-8.92037834661253e-17,-2.98382679595971e-17,1.24536870084668e-17,3.17345858401376e-17,-1.99416358254786e-16
"t186",-0.00485668660641607,0.0494818878062859,0.0635985276657829,0.0150163760525349,0.0300665994901447,-0.00485407809778237,0.00148375846217534,5.05291610819088e-05,0.000408509665941462,-0.000984439397344635,-0.000222556536455449,-0.00112382213776107,0.00707710504146079,0.0476434024848987,-0.00117979215939471,0.00205181440635301,0.1457638904845,0.00188339041766144,-0.00119034479903245,0.00045352200251151,-0.00108458514650629,0.000229754291176383,-0.000666211232885663,0.00116526999114293,-0.000186765486235208,0.000903915435215873,-0.00198911510740181,0.141577605761106,0.000426772248230735,0.0114253782309508,-4.70115359993004e-05,0.000731162656440172,0.000286813168762942,1.63633668558582e-05,-8.75064488129568e-06,-1.89073923827039e-05,-6.69481017818794e-05,6.91060515267494e-06,6.05662300210881e-05,2.13645750632453e-05,0.0167370992988471,8.29215135077744e-05,-2.63321350582785e-05,3.03569806303319e-05,-4.68373210019721e-05,-4.16322880882035e-06,1.03984714150198e-06,-1.6734559364935e-05,2.04421672103072e-05,-4.38061539699716e-05,3.87566815505843e-05,-0.00166097519936493,2.75117700334526e-09,-9.71644327368123e-06,5.21087732858887e-06,-5.51822208923845e-05,3.20649996103214e-06,-0.0046131155029012,-0.000299736353468555,-3.39063630787735e-06,-3.59395814941683e-06,4.50212340247738e-06,-0.000125334703400715,0.000194967591023307,-5.51660429869608e-06,1.63911778837928e-05,-8.85240061367123e-07,4.35986564010921e-05,-0.00225712909398161,1.30945404873552e-05,-1.95055773732155e-06,4.66767441669342e-06,-1.50675033430211e-06,-9.55137091967107e-06,3.97968774860189e-06,3.61864158440528e-08,-3.30138478133609e-05,0.000134072821792887,-1.43912881137895e-05,-1.6207652607957e-05,0.000110929914600419,6.39305712300103e-05,-6.95793783357899e-06,-3.13326519106878e-05,1.63680042229894e-06,4.36488208775694e-05,-6.03879502437422e-06,-9.41875735735119e-07,-2.08934753461321e-07,7.87113414369122e-06,-1.67704132188802e-06,3.01662371175618e-08,1.93363594926706e-06,-1.31159911493565e-05,-2.51017405825474e-08,-7.55857851043363e-07,-8.68541185527889e-08,-3.98961618494707e-07,9.02836461228168e-05,1.36556083730489e-06,7.12091762981498e-07,-4.81618420100837e-08,1.07879100399263e-06,-1.48863106654902e-06,6.96068146901543e-07,-1.16018891290441e-06,4.33098706969294e-05,-1.5221876612339e-06,7.26117259272491e-06,-2.6856687723287e-07,-0.000226128732654633,-1.68343236589554e-05,5.26789820491543e-06,-7.04400983665137e-06,2.79760014967995e-07,-9.90932492119763e-06,2.12851061252866e-05,-3.05110185366884e-05,4.54821452200317e-05,-0.00365010328186063,9.5848421383335e-05,-0.175255699553746,-0.000274450505143517,-0.000726536995322861,2.91676308550374e-05,-0.000167033968878811,1.64129083798909e-05,-2.54749439421568e-05,6.49640745374764e-05,0.000899383817521786,3.7365069649099e-06,6.30732199432596e-05,-8.04171234999076e-06,-1.41852153449562e-05,5.55422107259954e-07,2.07344787100659e-05,-1.02201426253466e-07,-0.00133913735500456,1.11726286040611e-05,-3.2001322404104e-05,-1.95718833950885e-06,-5.73962414739364e-05,1.52517618556149e-05,9.52919012937125e-07,3.62767590343927e-07,-1.75566324415746e-07,-0.000184353401336913,8.70332622508325e-07,5.43303686947723e-08,-1.19388436479965e-07,-2.5134405354318e-06,-5.31159170677868e-07,-1.50521479744285e-06,4.04313147620884e-06,-2.22468586377871e-05,-7.31095900157073e-08,1.05795267000043e-06,-2.26953259208354e-06,-3.04719177857668e-08,-7.74638814233181e-09,3.26528422264318e-07,-1.70439280965971e-06,1.10507869131571e-07,2.37735527148556e-06,-2.44683271069638e-06,2.1948990389438e-06,-4.45454777892602e-06,-7.77351769090567e-08,-3.88666935889775e-06,-0.000112295322733991,9.52061469614089e-06,1.69419760744656e-06,-2.27067895514763e-07,-6.10491775817242e-07,-1.64791134179377e-06,-2.69013631141607e-07,-1.52404289681686e-07,7.68133794775187e-06,1.47031394256727e-05,0.000136077767334811,-0.00268726595856735,2.9114711794878e-05,0.000207559538319335,-1.93407561938659e-09,0.0174940097001011,3.53410401939658e-08,6.78344321361317e-06,-3.38083157772999e-06,-1.53472742393902e-05,2.1404221468049e-05,5.89700296643309e-07,-1.25560250663439e-06,-5.22389524086953e-06,-9.89747030976609e-09,-2.78660130599827e-05,1.60257997730924e-06,3.03437171476028e-06,2.28131981593702e-06,-1.96373542085857e-06,-1.03950598368361e-06,-1.04916752178657e-06,-0.00037299387604587,3.20495111149857e-08,6.98844605128283e-06,1.05973341850281e-05,5.3721817541311e-05,-7.39830348865166e-06,-4.0538625128137e-05,6.48712250618885e-05,4.72799646183318e-07,0.000356877030354761,-0.000120722802690355,0.000401481453034521,5.77308017598837e-05,4.69065523787053e-06,3.46526769172558e-05,-1.34502052388446e-05,-0.000228634385823176,3.59025188474948e-05,0.000701941327659195,0.629249716040527,0.00115566006208465,0.000217963609640808,0.0167561756959127,-0.000104443886067236,-3.85984176773684e-05,-0.000525596606667045,-0.000711764246996005,-3.84102115087028e-05,-2.69267245694959e-05,7.65111940065881e-05,1.49388788264551e-05,7.94226835808483e-06,1.31267363024144e-05,-6.28173550819401e-07,-1.37570605152163e-06,-4.85078186772565e-05,-6.32760424152905e-16,-5.2660235165792e-06,7.53462331758353e-05,-0.13830005103765,-2.15242064587475e-05,-2.63053047244524e-05,4.43768017603294e-06,-4.95191224432509e-06,2.54136418762232e-05,-4.09333899418307e-07,2.61642000656514e-08,-5.8805631576041e-06,5.79622277207784e-05,-3.95776225359939e-05,0.000185608692029484,-1.11943748632922e-05,5.34249302549468e-07,-3.36332058728311e-08,1.55271396983263e-06,-1.37438118547359e-06,2.1543957556591e-05,4.62532743046754e-06,-8.83337272914491e-07,0.000352266662743856,-4.0219763240173e-06,0.000733309086571413,-1.73026407243455e-05,1.652162438883e-06,-5.63910943020946e-07,9.41164612273292e-08,4.56277124367391e-05,-1.42689990265419e-05,6.93241107846984e-07,7.07519385455228e-06,-5.88688498140364e-07,7.08650700814549e-06,-7.84583381440849e-06,0.000299761591478732,-2.31344021648239e-05,1.78018267581483e-05,-1.28484255746137e-06,2.05632041484305e-05,-1.04647504519994e-06,4.02595590121441e-06,-3.73980023305946e-18,-9.73884548282704e-06,-3.32888036575391e-07,-4.32875377818049e-10,-3.69247378547912e-06,4.58453767067684e-07,-2.82081714072436e-07,-9.27868764808928e-07,1.01447718976493e-07,-4.29205392131818e-06,1.49050107652188e-05,5.39869044778322e-07,-1.11788761739759e-05,6.0027910123892e-06,-7.23575273810597e-06,2.2776268850774e-05,-3.35473835971296e-06,5.41257007281918e-06,1.91674179745606e-07,1.4563505854615e-07,7.66870685433117e-06,-4.76682049776828e-05,2.12001812660891e-07,-5.94161700823814e-06,0.000217989196585033,-0.00219793700825529,1.50032268922129e-06,1.358139022753e-06,7.82075383308042e-06,-2.48201279617073e-06,-1.40686368950234e-06,1.62831285264853e-06,-0.000176440408933314,1.81539090185925e-07,1.69307034946017e-06,-3.26503719647202e-06,1.0250075560974e-16,9.36803351526039e-09,5.62169003614796e-06,-5.11078664112919e-07,2.63955466206326e-06,3.36482229614626e-07,6.92921074492732e-07,1.64647656073819e-06,-0.000531589742675354,8.07355628455534e-06,-5.90030330007278e-16,-6.21001695086201e-06,-5.69862148279719e-08,-2.10543673234506e-07,9.98693667352894e-07,1.56699203113048e-06,-1.05152132525913e-07,-3.98849057480333e-06,1.05717289486367e-06,-4.94242289425945e-06,6.47849475073584e-06,-9.85427118868476e-07,-2.35304762194315e-06,-1.0328904200123e-05,-1.74410447146022e-08,-2.325402898786e-06,1.3893512972871e-06,-2.50785981315509e-06,8.76058572313528e-17,-7.19093017140902e-06,5.62607536809654e-07,1.62135203148982e-08,1.40825599707077e-07,-4.60455664579821e-06,-9.33440290030621e-06,4.71372179865089e-06,-1.7103248484646e-05,-8.37755199263038e-07,5.84088042284107e-17,-1.52609699304112e-06,-6.0002715548034e-07,-1.91044405171494e-06,8.49958615436005e-16,3.58939378827259e-06,5.1819795755122e-06,-7.91455560271507e-07,-2.96259099660601e-06,-1.00570143102256e-06,-5.72679150003113e-07,-0.000421202407445568,4.79793143720613e-07,3.8618233345703e-06,2.16142744349664e-07,1.06376922131405e-06,1.53493941105852e-06,-7.07242428169818e-17,-6.05672344073395e-07,1.98427575630627e-06,9.65500544732181e-06,-1.28284134065324e-06,4.32229027662074e-16,-2.85690241930888e-05,2.24842282160768e-07,-5.41981174160113e-07,-3.63136169529974e-07,-1.21603955223869e-06,1.28885409022526e-06,-0.000386658959494871,2.24858173808533e-06,-1.34528972949613e-16,8.07053294393984e-06,-1.54132240948766e-06,4.27960483125673e-06,9.94504315337798e-06,-2.36073300111751e-05,-6.75825375472781e-09,-1.08203376814053e-16,4.36692687743975e-18,-6.49132536916465e-09,-8.24420518543689e-07,1.0863408471892e-07,-1.09311056628514e-06,3.08565751476003e-15,-5.15394924958427e-07,-6.07003524551736e-09,1.0675607821027e-16,-3.4254822858577e-17,-3.77716987852774e-16,1.28196519640476e-06,8.68228295198642e-05,-4.08398536272325e-06,3.19188807138427e-06,1.59125985896215e-06,0.000264525912084836,-1.35316326461885e-06,-1.72450152233672e-14,-3.05632038128933e-07,8.57143056944601e-07,-1.10311961419363e-16,-2.30511535548553e-16,-5.34754253341513e-07,-2.87633038162298e-10,-3.151054186967e-07,1.71092231854785e-06,3.09451333471223e-07,-1.15761129597739e-07,-7.34177849313577e-17,-3.89036998579915e-07,-4.6248269440017e-16,-1.32337096540157e-06,-1.67001015880658e-16,-3.45367306219884e-07,-1.95145734990969e-16,1.41612701516209e-06,3.72804290994091e-07,1.54620223554288e-07,2.03075084603933e-06,1.00578648104466e-06,-1.15358570691749e-07,7.31216577867492e-07,5.81468059052606e-06,1.23191094565235e-06,1.13619875427107e-07,2.5612161207509e-07,-7.22218863686205e-07,-1.24095282999162e-06,-1.00955189754317e-07,-3.47736165028993e-07,-2.42401318881698e-16,3.27676093926734e-06,-5.70225485679976e-07,3.1627211128851e-07,4.69561498382025e-16,5.88193900934637e-08,2.27688820873687e-06,0.0111676119863001,-6.26643116286148e-16,5.15227236908282e-07,-4.24571073453225e-07,4.53996357986104e-16,-1.43799930333152e-05,1.64493640191914e-06,-6.88083396985068e-17,6.44662800824921e-16,-6.16602538740042e-08,-3.31602212361386e-07,-1.90418653657581e-09,-2.66506219465514e-06,7.21272748401675e-07,2.12508515679355e-07,2.05211789960762e-07,1.95039998725068e-06,-4.51232934682748e-06,1.8823104967064e-16,9.44018892156167e-09,6.51416174458424e-09,1.81566077500766e-08,1.72193594603898e-06,-3.05607848380994e-16,-6.27391609249001e-16,5.78571330536307e-07,-5.00191470591592e-16,-8.61638413023769e-16,4.45110957376342e-06,-0.0101741287165854,1.56294210178569e-05,-1.76015075464385e-07,0.000421216686442685,0.0221051935889014,-3.70978391242114e-07,-8.13804395787084e-16,1.41410129380546e-07,7.40108157211798e-09,3.49273725861019e-08,-3.88366774215507e-07,1.68963351679722e-06,-2.09804847664236e-16,1.67452036045815e-16,-4.81193385047067e-17,-1.58172018518954e-07,-7.72450032904242e-08,-4.50420714262003e-07,9.70384110358941e-16,-6.00939892304405e-08,7.06542726915969e-17,-1.23496750125669e-15,2.0137095768942e-05,-2.1758008916572e-07,2.59405534162524e-15,-5.52100531227601e-07,-2.85783562004678e-07,1.32104002633477e-15,6.49409772671753e-07,1.74719797317032e-15,2.31558422684872e-07,1.26594415221353e-15,2.32530555951546e-07,4.53857476090132e-05,7.14128374942054e-08,6.76109735454108e-08,4.65684246830553e-07,-2.33647645116824e-07,6.47412871654863e-07,-1.8594736326799e-15,4.27146503343642e-06,-2.41193413036968e-07,-3.34580530638288e-14,-3.17950574566231e-08,-1.47573455721482e-05,1.50838398838537e-07,2.66381984234491e-14,0.00116615506565515,6.25972791623063e-07,0.707106781186546,-1.58179030673857e-06,-3.5056762144729e-07,-1.83227711975984e-08,-1.21724432063797e-14,4.17298734201618e-16,0.000786854248397134,1.00016312877699e-07,8.09712487967051e-09,-1.30534829962226e-07,5.94572452176923e-08,4.92365965153184e-15,3.82688359129431e-15,2.17061587220888e-07,1.49618664391773e-09,1.03569329978857e-14,5.24542438249543e-07,-4.57717403367109e-15,2.71383280038256e-07,-1.00358633621423e-07,-5.8637846695063e-08,-3.88728414771918e-07,-5.57784475264151e-16,-3.97370041911707e-16,-1.53544152768402e-16,8.64488881258624e-16,-3.1228409850284e-08,-1.08321122778461e-07,1.50171126253672e-15,-7.18452001163239e-16,8.42873651401557e-16,1.52473777919026e-07,1.37030389260362e-09,-7.54792420174116e-08,8.6177074928056e-16,-2.75663908068597e-16,1.84893570451868e-15,-0.000254645404363737,8.88109014895877e-08,-7.51600924405472e-16,1.71489147398638e-08,-4.494743591525e-07,2.24633263463156e-16,-4.43412182406404e-16,-3.11120984274247e-07,-7.45913122567651e-06,-1.54178131439262e-07,1.98534568543433e-15,3.93132764841451e-06,2.5262653389688e-07,2.71005605459322e-07,-2.46933840152377e-07,-6.6466473325211e-07,1.08165260119303e-08,2.37833376917382e-15,-9.91948292971047e-16,9.54305695879972e-16,2.05321256068401e-07,-1.85896610684389e-07,-7.00524714530854e-08,-1.24535593958155e-06,-8.625370479272e-16,1.43986137467132e-17,6.70482446333137e-16,-9.60451273428491e-16,-1.74803887316459e-17,2.62531042201709e-07,-6.4048157838589e-17,7.70129068785198e-16,-4.24867010959157e-08,-7.11143798921134e-17,-3.80321501726616e-08,-5.15040750640733e-16,-4.71499065413348e-08,-9.51650651313276e-16,-5.70775150728229e-08,-7.14281387640895e-09,-6.51546527835296e-07,2.67764992643483e-15,2.29280217057244e-07,4.95927608136853e-17,3.25511003386443e-07,-5.74585232165445e-07,7.18304844403508e-08,3.51731905206692e-16,4.66634848843071e-07,7.96284852872088e-16,-1.53217448803284e-07,-0.00273036811124759,-2.46552752741733e-17,1.19597493400218e-17,-3.89584954181817e-16,-2.81551857406234e-16,-2.08881033622526e-09,-2.73207057593152e-08,-6.12007710844263e-09,8.55034352154071e-16,-2.35777165733785e-16,-6.50856186463693e-08,5.30981950044182e-07,1.93002895318183e-17,-6.4490051315224e-17,-2.81341164737934e-08,6.41242356075904e-16,-1.99544166728881e-07,-6.72811219507342e-16,0.000147288413419466,2.36504329215979e-16,9.1101804034489e-17,5.8356805355312e-17,-2.00773810220493e-16,-2.29670913951786e-16,2.69100426256885e-17,3.60078464180384e-08,-2.51826032518604e-07,1.40747893528032e-16,-3.76954364460556e-06,6.35824893364649e-07,-5.91292457915939e-17,6.3679214867695e-17,4.40097448701528e-17,-1.95336218397043e-16,6.26629198732633e-08,1.00205134243637e-08,1.72406477764896e-16,-1.37852327428007e-16,-1.1386362843307e-07,-9.14645065881905e-06,-6.14136288298044e-09,-1.24165604498891e-16,-2.25087799815659e-16,-7.63597252855848e-17,-4.56844412411241e-16,-4.27177769372118e-16,3.99451177838261e-16,2.39398071764588e-07,-2.26397093401755e-07,-4.35265533643959e-08,-2.84816159822853e-17,-4.40484576155259e-17,4.28805377253741e-16,4.06787034820058e-16,-4.14748407790615e-16,6.7348318839447e-17,-3.68464060508482e-16,2.77982208169875e-16,9.14016871505419e-17,4.22006524255707e-17,2.00379960474744e-16,-4.21743597136622e-16,-9.76927371360403e-18,-5.92227940924729e-18,2.38074753257461e-08,1.55097743408674e-16,-2.1126321994078e-17,-7.39067052768312e-18,3.36849828166647e-07,-4.05671503045289e-09,-1.96523554947463e-16,-8.69215765975975e-09,3.07628329788643e-07,6.87502719872358e-17,2.19404914700743e-16,-1.33365840732347e-05,2.8678132304481e-16,7.56076955658935e-09,-4.78961543523624e-17,4.67183423123561e-17,-1.88694634039025e-16,2.30055259522028e-16,7.40453070771739e-09,-2.28143911022286e-05,-3.19848262971365e-17,1.8622161104546e-16,-8.62684449854009e-17,-7.15997819482737e-16,-5.01562089387161e-16,-9.25306414507235e-17,1.80876435639131e-16,-1.66273913860845e-16,1.2137251705589e-08,1.16786471056048e-16,-2.32330169382958e-16,-1.56041129575e-16,-7.45921905326725e-17,-1.4965953658314e-16,-3.01039574969998e-16,-2.39166324972665e-07,-1.83518318810163e-17,1.65422176618062e-16,1.38894522133192e-05,-1.58139554093169e-16,-1.75652147776038e-17,-1.18424079937835e-16,6.55060517364638e-17,1.48227014043561e-07,6.37817325575091e-18,-1.09358444296341e-07,-6.87449411796032e-18,-1.44108882262615e-16,1.61968261151558e-16,-1.930325221066e-16,-1.4704456947192e-16,6.70459122804331e-17,3.94751349346838e-09,-1.44201827324669e-16,1.48074566642373e-16,2.22523084314411e-08,-4.9238026271543e-07,-8.6725450833645e-17,3.44685870905802e-07,5.04727668684941e-08,-6.17463018346012e-17,-6.38967277187412e-17,-1.39637285254619e-16,4.96291405226898e-17,-1.63562734968606e-16,-8.45092391677999e-08,9.07845254318258e-17,-3.26369143181462e-16,-2.00799543702049e-16,3.38057114502184e-08,-1.83219942307515e-16,-4.46889273959311e-17,-3.59000645968013e-17,-1.54335012499845e-16,-1.53855489091314e-08,-2.60009972516229e-16,4.62755773610116e-09,-1.52814765400987e-17,-9.52893097696236e-17,-3.75925545465922e-16,7.8302376754291e-17,2.73195797744606e-16,-3.03205844536941e-17,8.76719935275325e-17,-8.01413160081562e-08,-5.4449665043189e-17,1.15853822858875e-16,3.3677159185686e-08,-2.5481565623919e-17,4.71684995005439e-17,5.74631535711909e-17,-4.00475727624191e-17,8.71094994067837e-17,-7.57556717081315e-17,-1.89242389674562e-05,9.4225820086078e-17,-2.78317466758076e-16,7.25363892951386e-08,-3.68419219693429e-16,-4.44115644953794e-17,2.79858604477341e-16,3.09881487196886e-17,-1.51541497720312e-16,-3.11825987186919e-16,2.53515963020122e-18,-3.39287084852519e-18,-1.96175729198305e-17,-1.31276545080578e-16,5.99699254115223e-17,-3.79688301247443e-08,1.25871554271305e-07,-1.51965516816209e-16,-3.65217078817521e-18,7.82336305330364e-17,1.70038217084549e-17,2.64203128775772e-16,2.17530524741331e-16,-4.30163710087895e-17,9.16458590372522e-17,-1.08917199437133e-08,1.24287798670781e-17,-9.60271793011258e-17,-5.93525353986967e-17,1.3376301476653e-16,3.12048559764344e-07,-2.09176297299842e-16,-2.20600432395085e-09,-8.94610259964716e-20,-1.17215904101468e-16,2.05148047046204e-16,-2.34465625177721e-16,3.02848246788014e-17,-5.17074881809265e-17,-1.75617476810274e-16,-3.58904693574314e-17,-1.80760879924018e-16,5.79611747175494e-17,2.6543414968593e-16,-1.15607981968301e-16,-5.52162880399288e-17,6.83421059744955e-17,-1.87778431978873e-17,-2.05491237644244e-17,7.48302254247165e-17,7.10444036715658e-17,6.37308411947417e-17,9.00251256747587e-17,1.40521071883594e-16,-3.80817982272369e-17,-9.78375616068696e-17,-1.78622738121821e-16,5.88425268469319e-17,1.04482921214641e-09,4.9517447029039e-17,-4.2615697405298e-17,-4.31585765530856e-17,1.57561310638609e-16,1.38488274915967e-17,8.15721369102198e-17,7.30631773403261e-17,-1.1804810915041e-16,-2.36542169314004e-16,1.46382503444478e-16,1.8173091883341e-16,-5.97060244089227e-17,9.60629782522387e-17,-1.91680302338116e-17,-1.9770811530744e-16,-1.44919000811136e-16,5.19123003273065e-19,-1.34080724249709e-08,1.75293214914547e-16,1.96258961174798e-17,-9.5261672621385e-17,-6.41962528164902e-17,6.33010102497399e-17,8.11946768163134e-17,1.91857714192645e-17,-6.00446539798854e-17,-8.39668433947114e-17,2.83248946843904e-09,-1.25387227191936e-16,-3.91474470171436e-17,-4.82863329429704e-17,-8.44573927647446e-17,1.58119561853657e-16,-8.22201457845066e-17,-4.77174481162013e-17,6.81691315460422e-17,3.54718356158354e-17,-2.03990663346948e-16,-6.46156693755868e-17,5.87002214530816e-17,-4.2565855413788e-17,1.42485851989592e-08,4.76128434726721e-17,1.01810792723605e-17,-4.44410416836993e-17,-1.76308213905088e-16,-9.56814767086298e-07,1.28930775003498e-17,7.98525409506152e-17,9.18744190454308e-17,-1.04709723838013e-17,-2.70343479133315e-17,-6.10318829626214e-17,1.95326419280435e-16,3.54088779119418e-18,-4.16811671012466e-17,-1.10146638033125e-17,-3.56400270600081e-16,5.96579516766353e-17,6.14375122490804e-17,8.27315933002144e-17,-2.02737424561704e-17,6.56232976822785e-17,-2.25603107015624e-16
"t271",-0.00485668660641606,0.049481887806286,0.063598527665783,0.0150163760525349,0.0300665994901447,-0.00485407809778238,0.00148375846217536,5.05291610819195e-05,0.000408509665941459,-0.000984439397344635,-0.000222556536455453,-0.00112382213776106,0.00707710504146081,0.0476434024848988,-0.00117979215939471,0.00205181440635301,0.1457638904845,0.00188339041766145,-0.00119034479903246,0.000453522002511528,-0.00108458514650629,0.000229754291176392,-0.000666211232885631,0.00116526999114293,-0.000186765486235228,0.000903915435215865,-0.00198911510740184,0.141577605761106,0.000426772248230714,0.0114253782309508,-4.70115359992971e-05,0.000731162656440171,0.000286813168762933,1.63633668558738e-05,-8.75064488129839e-06,-1.89073923827135e-05,-6.69481017818792e-05,6.910605152672e-06,6.05662300210845e-05,2.13645750632511e-05,0.0167370992988471,8.29215135077765e-05,-2.63321350582671e-05,3.03569806303344e-05,-4.68373210019856e-05,-4.16322880881213e-06,1.0398471414983e-06,-1.67345593648979e-05,2.04421672103131e-05,-4.38061539699573e-05,3.8756681550575e-05,-0.00166097519936497,2.75117700936204e-09,-9.71644327362116e-06,5.21087732858728e-06,-5.5182220892373e-05,3.20649996102582e-06,-0.00461311550290115,-0.000299736353468568,-3.39063630791047e-06,-3.59395814940214e-06,4.50212340247271e-06,-0.000125334703400738,0.000194967591023312,-5.51660429869094e-06,1.6391177883828e-05,-8.85240061367317e-07,4.35986564010989e-05,-0.00225712909398161,1.30945404873457e-05,-1.95055773732012e-06,4.66767441681689e-06,-1.50675033430638e-06,-9.55137091970699e-06,3.97968774859504e-06,3.61864158019612e-08,-3.30138478133538e-05,0.00013407282179288,-1.43912881137832e-05,-1.62076526079735e-05,0.000110929914600405,6.39305712300121e-05,-6.95793783360081e-06,-3.13326519106842e-05,1.63680042228842e-06,4.36488208775356e-05,-6.03879502439237e-06,-9.41875735747869e-07,-2.08934753462079e-07,7.87113414360855e-06,-1.67704132187346e-06,3.0166237235645e-08,1.93363594924483e-06,-1.3115991149356e-05,-2.51017405813748e-08,-7.55857851064029e-07,-8.6854118467913e-08,-3.98961618460093e-07,9.02836461227358e-05,1.36556083729148e-06,7.12091762999871e-07,-4.81618420714059e-08,1.07879100396623e-06,-1.48863106655246e-06,6.96068146869408e-07,-1.16018891294195e-06,4.33098706969263e-05,-1.5221876612063e-06,7.26117259278136e-06,-2.68566877213632e-07,-0.000226128732654566,-1.68343236588333e-05,5.26789820492914e-06,-7.04400983667364e-06,2.79760015034796e-07,-9.90932492114701e-06,2.12851061252242e-05,-3.05110185366518e-05,4.54821452200687e-05,-0.00365010328186059,9.58484213833579e-05,-0.175255699553745,-0.000274450505143505,-0.000726536995322826,2.91676308549336e-05,-0.00016703396887883,1.64129083799129e-05,-2.54749439421338e-05,6.49640745375145e-05,0.000899383817521845,3.73650696491719e-06,6.30732199432611e-05,-8.04171234996187e-06,-1.41852153449678e-05,5.55422107269063e-07,2.07344787101153e-05,-1.02201426310858e-07,-0.00133913735500444,1.11726286040537e-05,-3.20013224041851e-05,-1.95718833950784e-06,-5.73962414739185e-05,1.52517618556098e-05,9.52919012853499e-07,3.62767590363223e-07,-1.75566324388823e-07,-0.000184353401336972,8.70332622645595e-07,5.43303687007896e-08,-1.19388436543713e-07,-2.51344053551104e-06,-5.31159170745202e-07,-1.50521479743185e-06,4.04313147619199e-06,-2.22468586379359e-05,-7.31095900490577e-08,1.05795267001447e-06,-2.26953259203533e-06,-3.04719177449727e-08,-7.74638813827411e-09,3.26528422232593e-07,-1.70439280964387e-06,1.10507869162656e-07,2.37735527148118e-06,-2.44683271066516e-06,2.19489903896307e-06,-4.45454777892406e-06,-7.77351769044848e-08,-3.88666935887106e-06,-0.000112295322733902,9.52061469614643e-06,1.69419760736817e-06,-2.27067895760113e-07,-6.10491775744236e-07,-1.64791134168372e-06,-2.69013631194861e-07,-1.52404289695838e-07,7.68133794767845e-06,1.47031394256523e-05,0.000136077767334823,-0.0026872659585673,2.91147117948438e-05,0.00020755953831929,-1.93407562063968e-09,0.0174940097001014,3.53410400906686e-08,6.78344321365201e-06,-3.38083157769583e-06,-1.53472742392506e-05,2.1404221468035e-05,5.8970029658962e-07,-1.25560250643492e-06,-5.22389524087679e-06,-9.89747029728242e-09,-2.78660130599753e-05,1.60257997723528e-06,3.03437171471678e-06,2.28131981586095e-06,-1.96373542078234e-06,-1.03950598372509e-06,-1.04916752174629e-06,-0.000372993876045838,3.20495111498848e-08,6.98844605121746e-06,1.05973341851217e-05,5.37218175414024e-05,-7.39830348866234e-06,-4.05386251281433e-05,6.48712250620581e-05,4.72799646252752e-07,0.000356877030354689,-0.000120722802690279,0.000401481453034621,5.77308017598048e-05,4.69065523799778e-06,3.46526769171015e-05,-1.34502052387372e-05,-0.000228634385823191,3.59025188474321e-05,0.000701941327659212,0.629249716040524,0.0011556600620846,0.000217963609640901,0.0167561756959124,-0.000104443886067265,-3.8598417677378e-05,-0.00052559660666701,-0.00071176424699604,-3.84102115086931e-05,-2.6926724569582e-05,7.65111940066579e-05,1.49388788263893e-05,7.9422683580829e-06,1.31267363023645e-05,-6.28173550829889e-07,-1.37570605141989e-06,-4.85078186772041e-05,-6.13330195370702e-16,-5.26602351656358e-06,7.53462331758265e-05,-0.13830005103765,-2.15242064587439e-05,-2.63053047244829e-05,4.43768017613368e-06,-4.95191224443021e-06,2.54136418761709e-05,-4.09333899532396e-07,2.61642000114272e-08,-5.88056315757131e-06,5.79622277209962e-05,-3.95776225360886e-05,0.000185608692029497,-1.11943748632413e-05,5.34249302744022e-07,-3.36332060446483e-08,1.55271396975927e-06,-1.37438118548469e-06,2.15439575567057e-05,4.62532743036812e-06,-8.83337273265841e-07,0.000352266662743806,-4.02197632388978e-06,0.000733309086571444,-1.73026407244527e-05,1.65216243887288e-06,-5.63910943082315e-07,9.4116461128347e-08,4.56277124368525e-05,-1.42689990265476e-05,6.93241108045648e-07,7.07519385437628e-06,-5.8868849813524e-07,7.08650700813394e-06,-7.84583381415397e-06,0.000299761591478762,-2.31344021648309e-05,1.78018267580322e-05,-1.28484255753155e-06,2.05632041483493e-05,-1.04647504512207e-06,4.02595590120991e-06,5.45627093049702e-17,-9.73884548260114e-06,-3.32888036468714e-07,-4.32875304048709e-10,-3.69247378542162e-06,4.58453767049138e-07,-2.82081714050344e-07,-9.27868764960543e-07,1.01447718911584e-07,-4.29205392145e-06,1.49050107652915e-05,5.39869045238741e-07,-1.11788761739012e-05,6.00279101266546e-06,-7.23575273838741e-06,2.27762688507112e-05,-3.35473835985947e-06,5.41257007308305e-06,1.91674179752208e-07,1.45635058451793e-07,7.66870685425853e-06,-4.7668204977494e-05,2.12001812769198e-07,-5.94161700817975e-06,0.00021798919658512,-0.00219793700825474,1.50032268920436e-06,1.35813902272971e-06,7.82075383335084e-06,-2.4820127961848e-06,-1.40686368951929e-06,1.62831285270024e-06,-0.000176440408933592,1.81539090190964e-07,1.6930703493456e-06,-3.26503719644818e-06,-7.332510494574e-17,9.36803365343807e-09,5.62169003579561e-06,-5.11078664214559e-07,2.63955466193873e-06,3.36482229706669e-07,6.92921074454279e-07,1.64647656059604e-06,-0.000531589742675432,8.07355628475503e-06,-1.36609998190444e-16,-6.2100169513286e-06,-5.69862148040473e-08,-2.1054367324786e-07,9.98693667672425e-07,1.56699203095145e-06,-1.05152132261174e-07,-3.98849057478498e-06,1.05717289481191e-06,-4.94242289409608e-06,6.47849475077326e-06,-9.85427119065298e-07,-2.35304762190227e-06,-1.03289041999457e-05,-1.74410444276054e-08,-2.32540289918492e-06,1.3893512973062e-06,-2.50785981294441e-06,6.25596851670485e-17,-7.19093017151104e-06,5.62607536729599e-07,1.62135202777287e-08,1.40825599855965e-07,-4.60455664600743e-06,-9.33440290033469e-06,4.71372179879561e-06,-1.71032484845754e-05,-8.37755199321086e-07,-7.9718716251286e-17,-1.52609699335894e-06,-6.00027155146635e-07,-1.91044405181143e-06,3.7983131789279e-16,3.58939378824286e-06,5.18197957556314e-06,-7.91455560098141e-07,-2.962590996661e-06,-1.00570143092942e-06,-5.72679149865727e-07,-0.000421202407445337,4.79793143759159e-07,3.86182333482132e-06,2.16142744100934e-07,1.06376922130651e-06,1.53493941084268e-06,-2.45241093528551e-17,-6.05672344169952e-07,1.98427575624192e-06,9.65500544748161e-06,-1.28284134076343e-06,-5.9689096748737e-16,-2.8569024192748e-05,2.2484228173059e-07,-5.419811743376e-07,-3.63136170146154e-07,-1.21603955179176e-06,1.28885408999112e-06,-0.000386658959494876,2.24858173861447e-06,-1.45840528966321e-16,8.0705329446904e-06,-1.54132240918443e-06,4.27960483111769e-06,9.94504315350774e-06,-2.36073300113005e-05,-6.75825361387658e-09,2.27194565244337e-16,-8.07768550011723e-17,-6.49132536357221e-09,-8.24420518528114e-07,1.08634084657552e-07,-1.0931105664844e-06,3.50257531135268e-15,-5.15394924768753e-07,-6.07003513877345e-09,-2.6727993232327e-16,1.32589028201361e-18,2.78111897884476e-16,1.28196519668945e-06,8.68228295194111e-05,-4.08398536275053e-06,3.1918880712478e-06,1.59125985900767e-06,0.000264525912085191,-1.35316326504958e-06,-1.70717291849608e-14,-3.05632038745804e-07,8.57143056747127e-07,5.07552400681236e-16,-9.77120263519109e-17,-5.34754252942054e-07,-2.87634167238374e-10,-3.15105418678059e-07,1.71092231838184e-06,3.09451333726629e-07,-1.15761128291975e-07,-3.94206102715573e-16,-3.89036998136329e-07,5.45598069497482e-16,-1.32337096537477e-06,-4.81724577762466e-17,-3.45367306343847e-07,-2.16870866862939e-17,1.41612701569684e-06,3.72804290895279e-07,1.54620223637686e-07,2.03075084612456e-06,1.00578648057187e-06,-1.15358570568232e-07,7.31216577742001e-07,5.81468058992082e-06,1.23191094611298e-06,1.13619876723407e-07,2.56121612301266e-07,-7.22218863431506e-07,-1.24095282926893e-06,-1.00955190450929e-07,-3.47736164818299e-07,2.35812016986927e-16,3.27676093982481e-06,-5.70225485592836e-07,3.1627211141669e-07,3.31065261965973e-16,5.88193904400408e-08,2.27688820840876e-06,0.0111676119862971,3.93029249666194e-16,5.15227236470587e-07,-4.24571073669357e-07,-4.87075057508599e-16,-1.437999303292e-05,1.64493640162833e-06,8.22576354454532e-17,-4.3783435086162e-16,-6.16602538150635e-08,-3.31602212863926e-07,-1.90418616099918e-09,-2.66506219471359e-06,7.21272748939359e-07,2.12508514602058e-07,2.05211789946231e-07,1.95039998719671e-06,-4.51232934685991e-06,1.89846510907643e-15,9.44018924632134e-09,6.51416060346067e-09,1.81566091029488e-08,1.72193594585167e-06,1.61593561014208e-16,7.04640105275473e-16,5.78571329869184e-07,1.12906343854316e-15,1.77868613416704e-16,4.45110957287621e-06,-0.0101741287165879,1.56294210189097e-05,-1.76015075894278e-07,0.000421216686442284,0.0221051935889,-3.70978392614983e-07,-2.58565664885283e-16,1.41410128407971e-07,7.40108024391531e-09,3.49273746326076e-08,-3.88366774117743e-07,1.68963351542463e-06,3.84982557275847e-17,-1.80649486961373e-16,7.54258325632326e-16,-1.58172021028541e-07,-7.72450018991792e-08,-4.50420715621122e-07,-1.58715149108729e-15,-6.00939891340435e-08,-1.86654007893537e-16,1.40260216312317e-15,2.013709576706e-05,-2.17580085698148e-07,-2.16807908431926e-15,-5.52100529066889e-07,-2.85783561128299e-07,-1.25399942562469e-15,6.49409774721591e-07,-1.40558919732886e-15,2.31558417786116e-07,-1.41378089234706e-15,2.32530554917e-07,4.53857476119096e-05,7.14128396979827e-08,6.76109726214379e-08,4.65684244481366e-07,-2.33647643271004e-07,6.47412870423992e-07,1.93716036882639e-15,4.27146503345895e-06,-2.4119341135506e-07,3.34070892174195e-14,-3.1795071046943e-08,-1.47573455800236e-05,1.50838391595428e-07,-2.65017550324083e-14,0.00116615506566699,6.25972740919845e-07,-0.707106781186548,-1.58179036703246e-06,-3.50567668196258e-07,-1.83227726039962e-08,1.22008139526711e-14,-4.36624253281331e-16,0.000786854248406392,1.0001630420417e-07,8.09712070258647e-09,-1.30534835589756e-07,5.94572429572326e-08,-4.95539554505282e-15,-3.80719726745445e-15,2.17061589096664e-07,1.49618737282217e-09,-1.05356523826546e-14,5.24542440974461e-07,4.58965585496463e-15,2.71383279992086e-07,-1.00358631021168e-07,-5.86378500134139e-08,-3.88728415001904e-07,-6.96504803247761e-16,4.20476680689775e-16,1.12173498303262e-16,-1.06477534023175e-15,-3.12284105895488e-08,-1.0832112314698e-07,-1.67011023776448e-15,7.99341537149386e-16,-8.8555335051289e-16,1.52473778395882e-07,1.37030345890521e-09,-7.54792420508957e-08,-7.42370062885095e-16,4.95471922496403e-16,-1.69904475417256e-15,-0.000254645404361612,8.88109000793848e-08,8.03050896624211e-16,1.71489154231267e-08,-4.49474360449848e-07,-1.94104782487543e-16,4.11226968358758e-16,-3.11120983464141e-07,-7.4591312234878e-06,-1.54178132952362e-07,-1.96990013828818e-15,3.93132764696193e-06,2.52626534525746e-07,2.71005604994334e-07,-2.46933840170514e-07,-6.64664731863305e-07,1.0816524173432e-08,-2.05431810540177e-15,1.26758790557851e-15,-9.1180445715667e-16,2.05321256108362e-07,-1.85896609990492e-07,-7.00524714354699e-08,-1.24535594059667e-06,5.30373481965179e-16,1.62957849031461e-17,-6.07037445165282e-16,9.18009634788609e-16,9.23898763604201e-17,2.62531041589382e-07,-2.95048171548458e-19,-6.32087930542172e-16,-4.24867011561199e-08,3.83970017546612e-17,-3.80321505937949e-08,6.0280627844661e-16,-4.71499072916739e-08,9.24403362306088e-16,-5.70775168976077e-08,-7.14281390191589e-09,-6.51546528072222e-07,1.40663694643038e-15,2.29280216865051e-07,-5.83466064569356e-17,3.25511003531477e-07,-5.74585232457184e-07,7.18304845648615e-08,-5.17744078102646e-16,4.66634848068786e-07,-8.7823213550888e-16,-1.53217448188637e-07,-0.00273036811125101,2.02111052326268e-16,9.25314899097768e-17,6.51690076004605e-16,1.71893154120232e-16,-2.08880973586164e-09,-2.73207063225541e-08,-6.12007799488973e-09,-8.10023229889065e-16,2.31416547647251e-16,-6.50856187582439e-08,5.30981950490365e-07,-1.82120072596951e-17,4.95519318950173e-17,-2.81341178180782e-08,-6.85178221275777e-16,-1.99544166740426e-07,6.69312587648677e-16,0.000147288413419078,-1.75067447666303e-16,-1.04319469276437e-16,-1.0013801436603e-16,3.45218687775677e-16,2.49204420338524e-16,-6.08100393535413e-16,3.60078469102944e-08,-2.5182603285762e-07,-1.30212916409464e-16,-3.76954364435721e-06,6.35824893286785e-07,2.37804076200542e-16,-3.07030466324988e-17,1.083469833321e-16,1.39047865325721e-16,6.26629201228774e-08,1.00205138095546e-08,-1.95127122669325e-16,1.07969496558871e-16,-1.13863628452002e-07,-9.14645065872355e-06,-6.14136274250588e-09,9.22590481273392e-17,2.32705027941035e-16,9.52076612012454e-17,4.33917035517023e-16,3.12275236783109e-16,-4.30548483945366e-16,2.39398071414979e-07,-2.26397094023111e-07,-4.35265534100178e-08,4.80300924581758e-17,3.01701918604147e-17,-3.98686245859044e-16,-4.94284820385841e-16,3.95234838352781e-16,-1.86016168260212e-17,3.79569960144397e-16,-2.84268766049033e-16,-1.23608623348532e-16,-5.23879364174588e-17,1.71139854942572e-16,1.31737106937366e-16,-2.13087184068324e-17,5.83528505857418e-17,2.38074752088679e-08,-7.4308362412786e-18,-8.8780551167519e-17,-1.33767618751037e-17,3.36849828303481e-07,-4.05671502219303e-09,1.63121363203898e-16,-8.69215778726794e-09,3.07628329917179e-07,-8.13645020607266e-17,1.60911552003538e-16,-1.33365840729126e-05,-1.42485668808848e-16,7.56076920811062e-09,5.63849085931292e-17,-2.24374924976233e-17,2.07793651483195e-16,-3.54823001021361e-16,7.40453020731575e-09,-2.28143911027365e-05,7.37249652413507e-17,-2.86089744904825e-16,8.31348220177814e-17,1.2380485461088e-16,3.74142923131697e-16,4.06929744230419e-17,-2.41064724689096e-16,2.29130258313567e-16,1.21372516811938e-08,-1.34123418920189e-16,1.81060886129929e-16,1.65130323857321e-16,-1.21287743256256e-16,-2.38604913217386e-18,4.66134258984235e-16,-2.39166324935348e-07,-1.55361768873194e-17,-1.35221342256722e-16,1.38894522133098e-05,2.65001441837835e-16,1.0320003467229e-16,1.19181587892899e-16,2.8656735822958e-17,1.48227013872372e-07,-3.54882100385915e-17,-1.09358444564591e-07,1.25977046223841e-17,9.68930775194946e-17,-3.28846805824779e-16,1.30398141426288e-17,1.96542483729129e-16,-3.60076211943729e-17,3.94751353057204e-09,-5.79630041762163e-16,1.05245964536028e-16,2.22523084510665e-08,-4.92380262748442e-07,1.24212059798461e-16,3.44685871147835e-07,5.04727668892839e-08,9.46407610229905e-17,-6.53061128636147e-17,3.35275349380502e-16,-5.4038581037225e-17,4.71508503514615e-17,-8.45092393785224e-08,-4.95574141274281e-17,1.79294279736304e-16,1.49691314936283e-16,3.3805711597879e-08,1.3082546342423e-16,9.15633118626007e-17,3.17323375303883e-16,2.98167633775525e-17,-1.53855490516265e-08,2.39614281802548e-16,4.62755786542345e-09,2.56265132678791e-17,1.78932518970397e-16,3.24143582735434e-16,-1.39226857416249e-16,-2.8112641502281e-16,-8.72056944673883e-17,-3.37087985884305e-17,-8.01413160433109e-08,-2.92884480323818e-17,-2.04809908848686e-16,3.36771591249109e-08,1.82991807654982e-17,-5.22599740102021e-17,-1.18294627436179e-16,6.19767217979967e-18,-1.95292620512184e-17,5.55453539045309e-17,-1.8924238967393e-05,-2.04990117099933e-17,-3.58994403447337e-17,7.25363889804463e-08,7.27710561800564e-16,6.92728439278361e-17,-1.0592568269821e-16,2.92224416531124e-17,9.96983089081244e-17,-2.3901432747123e-18,-4.66106213965421e-17,-1.28807317893307e-16,-4.61973235982138e-17,1.37241170045184e-16,-2.94490971424862e-18,-3.79688300812233e-08,1.25871554445676e-07,1.99240549072086e-16,8.72518856749424e-17,-6.09665684037302e-17,-7.93425803512168e-17,3.07574603806982e-17,-2.08349371164824e-16,2.18664476107886e-17,2.17995148934186e-17,-1.08917197546166e-08,-1.39285710788758e-16,4.83021345013809e-18,-6.30553970554429e-18,-1.89117349759831e-16,3.1204855926506e-07,-1.7443565077991e-16,-2.20600456018631e-09,2.15744023896308e-17,4.78506800342891e-17,-2.39253057367744e-16,2.0534537645166e-16,-3.20473856823418e-18,3.12561650157588e-17,1.61495803633928e-16,-9.13210946126135e-17,1.83947246757215e-16,-4.71037084221279e-17,-2.07429671256773e-16,9.47030699233866e-17,-2.8506899688619e-17,-8.0737375432761e-17,-8.33748223737336e-17,2.60367835410704e-17,-8.38349862611822e-17,-1.38586380327382e-17,-1.72570013716507e-16,-2.07419147425177e-16,1.06883699482231e-16,5.97409648810407e-17,1.78468101973336e-17,1.29873785997349e-16,-3.88401264362304e-17,1.04482943150719e-09,-4.64831597745025e-17,-5.88787299925747e-17,1.94528566677642e-17,-3.18894830360091e-16,1.45354463166521e-18,-6.41809006930194e-17,8.97330447687993e-18,5.0717467076129e-17,2.34345285741394e-16,-1.76644766371427e-16,-1.69157561764367e-16,4.65502444793433e-17,-5.030980540136e-17,-4.70427220707114e-17,1.03834041229665e-16,1.23827484397123e-16,-2.51994297808228e-17,-1.34080726330266e-08,-1.70071143404829e-16,-7.44492518672032e-17,1.37313522520282e-16,9.51619983818905e-17,-9.51949288452647e-17,-2.96241234763658e-17,2.93530850249213e-17,1.05192906335283e-16,6.39110245195855e-17,2.83248933977331e-09,2.89733455862031e-16,-9.11665951509029e-18,-1.69298980239564e-17,1.26819394818468e-16,-1.52518590009553e-16,-1.50780530302713e-17,-5.44805616984847e-19,8.4133858906562e-18,-1.53647380261443e-16,-2.43895890823612e-17,5.96902597228651e-17,-9.12360702847176e-17,2.24363876139486e-17,1.42485851535274e-08,-7.33104634524525e-18,-5.58998580138033e-17,-2.52017942837702e-17,-2.5035244602227e-16,-9.56814767140144e-07,-1.6138749240445e-18,7.77917748030194e-17,-4.76567054526585e-18,2.00602165736418e-17,-6.8854227404434e-17,4.46313182347365e-17,2.19159408217238e-16,-1.04816465694383e-17,-2.20343031924393e-17,7.56109249125701e-18,1.09667317997819e-16,7.51823514731914e-17,-1.15167124236501e-16,-6.30986909702976e-18,5.2115960376093e-17,5.62611883064574e-17,-2.03320157599681e-16
"t740",-0.00486762822187018,0.0497177155029964,0.0639115113560745,0.0151156715403672,0.0303105704512273,-0.00490038650278964,0.00149819567512768,5.10605390859772e-05,0.000413597884401275,-0.000999366235475789,-0.000226863794119831,-0.00115079899676357,0.00725213688714911,0.0488402190685647,-0.00121077055442243,0.00210899956851689,0.149927495358963,0.00193820418915388,-0.00122582557805624,0.000468263985403911,-0.00112286864266567,0.000239649668629023,-0.000696622292017368,0.00121878657630989,-0.000195379026607652,0.000947735404331239,-0.00208676764485533,0.148595161932979,0.000448536919843293,0.0121231463759697,-5.00920640511168e-05,0.00078148032507658,0.000308136892316359,1.76444763679425e-05,-9.47512431354036e-06,-2.06149757160146e-05,-7.30817432036006e-05,7.55522692419633e-06,6.62597553846537e-05,2.34071813907771e-05,0.0183901799293203,9.13406187996849e-05,-2.90517900407321e-05,3.34967589800764e-05,-5.17797521103897e-05,-4.63544660297073e-06,1.1603636234779e-06,-1.86936866513453e-05,2.2903137538215e-05,-4.92394204695597e-05,4.37553203299596e-05,-0.00187908724083159,3.11339758352936e-09,-1.10244027165033e-05,5.94301136360867e-06,-6.298520997112e-05,3.71377638220643e-06,-0.0053649479256535,-0.000348758710535219,-3.98616238627944e-06,-4.25927040951154e-06,5.35719776538081e-06,-0.000149634513539547,0.000232963343020532,-6.63328565354215e-06,1.98226433165607e-05,-1.08455412871798e-06,5.37352747176657e-05,-0.00278970052915464,1.62668550185214e-05,-2.49176162316671e-06,6.09865955614587e-06,-1.9757252934167e-06,-1.26180887639324e-05,5.26244156132511e-06,4.80071520094118e-08,-4.38556379603769e-05,0.000179262087804405,-1.9533171224162e-05,-2.21355748551789e-05,0.000153147656347335,8.84710738274697e-05,-9.80093664012414e-06,-4.43772159287759e-05,2.37492392157783e-06,6.37647249466059e-05,-8.88354237588981e-06,-1.38715184562374e-06,-3.07801261080862e-07,1.16043897762998e-05,-2.4791272286711e-06,4.57759990895614e-08,2.94145895583925e-06,-2.02926084150105e-05,-4.00371373308437e-08,-1.21131809808762e-06,-1.39221107337608e-07,-6.4737792751578e-07,0.000147176760640007,2.26600758875294e-06,1.19940057604998e-06,-8.12299220774132e-08,1.82225956158768e-06,-2.70470140483757e-06,1.2721174796352e-06,-2.13011821424778e-06,8.01784566683709e-05,-2.82456798292378e-06,1.35299171680195e-05,-5.03613469081534e-07,-0.000424917980814571,-3.20319145869563e-05,1.00387885698565e-05,-1.38914301639198e-05,5.55898995287038e-07,-2.0025723206008e-05,4.33486098450167e-05,-6.35022553750404e-05,9.67296360091943e-05,-0.0078944537187069,0.000209330433112424,-0.396302263962882,-0.000635370412629656,-0.00168352185776508,6.78207473784821e-05,-0.000398303653972534,3.92214934340304e-05,-6.2264223006857e-05,0.000170091650807049,0.00235670629389379,9.8490259930634e-06,0.000174910054288961,-2.25334822630838e-05,-4.00519113876388e-05,1.61932838987326e-06,6.07275846924017e-05,-3.22082600972568e-07,-0.00450245944814135,4.14449975406862e-05,-0.000119062069192019,-7.4157478847593e-06,-0.000219540106377822,5.92467772264949e-05,3.72392741763052e-06,1.41777938202629e-06,-7.17227808866803e-07,-0.000829272422315161,4.37566362352841e-06,2.81535240380941e-07,-6.64045363816799e-07,-1.4062587887611e-05,-3.05881102478382e-06,-8.82073142036294e-06,2.41790637041539e-05,-0.000164566087508645,-5.62528613636745e-07,8.3796735246476e-06,-5.95492464489139e-05,-1.96675800517669e-06,-6.46693786158975e-07,-4.26796555240658e-05,0.000145410877960562,-2.94205240994828e-06,-5.83470206546091e-05,3.67082715421486e-05,-2.37830179769231e-05,2.61913128971876e-05,4.49538498122114e-07,2.23816976313111e-05,0.000607865014045758,-4.81202638123061e-05,-8.48150456444813e-06,1.00384039885948e-06,2.601960758526e-06,6.51221992724983e-06,1.0442199457753e-06,5.86234083936587e-07,-2.52469583030908e-05,-4.17951468278719e-05,-0.000377812488810422,0.00729800456267434,-7.42110731295181e-05,-0.00051665297316043,4.70544498118092e-09,-0.041666489930653,-7.85424533021099e-08,-1.48258762647721e-05,6.43978646823296e-06,2.91061606299681e-05,-3.88656131240958e-05,-9.54935287801804e-07,1.85826751369606e-06,7.50166975149998e-06,1.36000834815886e-08,3.70733948193837e-05,-1.94192523701565e-06,-3.60494083937193e-06,-2.60060733640325e-06,2.19331783728275e-06,9.96959229231879e-07,9.9923227892717e-07,0.000333861966718081,-2.70186216645743e-08,-5.12105037846062e-06,-7.76066777379384e-06,-3.8844973978836e-05,5.14664340712945e-06,2.74580848029338e-05,-4.09564429786749e-05,-2.73865569185597e-07,-0.000192977252438487,6.39116246444551e-05,-0.000193210193879963,-2.63494663074746e-05,-2.13791675077215e-06,-1.51548366564387e-05,5.29422164898638e-06,8.81813031111015e-05,-1.24107109944674e-05,-0.000224671765261999,-0.196058840988755,-0.000321681111726553,-5.90342810868423e-05,-0.00440325116657911,2.49845211253282e-05,9.05639482398751e-06,0.000122735353456576,0.000149277056806896,7.52940105973611e-06,4.88427873587694e-06,-1.33857856837293e-05,-2.51585228446633e-06,-1.28977934308801e-06,-2.10960124719014e-06,9.14260903990511e-08,1.87693071150802e-07,6.15298827881844e-06,9.98142459914196e-17,5.98103817385297e-07,-8.36282797634252e-06,0.0129573320737514,1.74358565304444e-06,1.86635625958562e-06,-3.12222739303133e-07,2.60493519165481e-07,-1.26373844022055e-06,1.98162431212576e-08,-1.10424378290632e-09,2.23965907202602e-07,-1.78059969878466e-06,1.08903982896926e-06,-4.86404705263765e-06,2.14324288210008e-07,4.55337581841419e-09,-5.93642673086324e-10,3.8834486911932e-08,-5.53781002017033e-08,8.9073871321209e-07,2.37906123208896e-07,-5.0268938212513e-08,2.2721301822079e-05,-2.6900000290062e-07,5.08569383242726e-05,-1.25851250464093e-06,1.28297786718488e-07,-4.41029044035949e-08,8.49048670185316e-09,4.12840892692613e-06,-1.29534742308857e-06,6.51104640902992e-08,6.7270858242728e-07,-5.81182193486758e-08,7.04372103985225e-07,-9.42198968557873e-07,3.66459963317397e-05,-2.8674715262359e-06,2.27498895720622e-06,-1.68086748445856e-07,2.82743941994335e-06,-1.45880391848204e-07,5.67232793159154e-07,-2.99008601385053e-16,-1.42131109368206e-06,-4.88007064594527e-08,-6.437659444681e-11,-5.67347588754851e-07,7.23394719497111e-08,-4.50556417160198e-08,-1.49086244043026e-07,1.75032312264653e-08,-7.4370619236083e-07,2.58564182141774e-06,9.54559219780581e-08,-2.07916272424119e-06,1.12573682442834e-06,-1.36468194650979e-06,4.37489553396725e-06,-6.87054579578161e-07,1.13606182651376e-06,4.02872287600219e-08,3.06231327608803e-08,1.70467335698505e-06,-1.12157013322741e-05,5.02196244990098e-08,-1.42120581625189e-06,5.27455508775718e-05,-0.000533672835911644,3.74626657673778e-07,3.39815012409122e-07,1.96407445441917e-06,-6.24895028681535e-07,-3.57111992705955e-07,4.17002661338953e-07,-4.55501306692235e-05,4.70289457776065e-08,4.41156649678648e-07,-8.61132297934595e-07,-7.68714826484504e-17,2.64184006564384e-09,1.59505667980149e-06,-1.46314851288933e-07,7.55866552426718e-07,9.63821690634359e-08,1.98910357797636e-07,4.7455445732608e-07,-0.00015394764296441,2.36037104897092e-06,-2.67868135220015e-16,-1.85393764540278e-06,-1.70556348036151e-08,-6.3352563603076e-08,3.00697187478422e-07,4.77936260931739e-07,-3.22951567386413e-08,-1.23680564301628e-06,3.29953081945144e-07,-1.56378295007442e-06,2.07487388067533e-06,-3.18004202018333e-07,-7.62546804623574e-07,-3.35595602575211e-06,-5.692717801889e-09,-7.59386518783392e-07,4.55165379054806e-07,-8.2363450700119e-07,-1.99078127779123e-16,-2.40461375650366e-06,1.88820992127637e-07,5.44173700783954e-09,4.77501579868593e-08,-1.56366004591424e-06,-3.22816111771174e-06,1.63844889875639e-06,-5.95085407585024e-06,-2.92580250046492e-07,-1.63296600510459e-16,-5.35244765638607e-07,-2.10777117666377e-07,-6.7502327859596e-07,3.70758027267234e-16,1.27618949125049e-06,1.8451187614584e-06,-2.82022291340967e-07,-1.05731752620622e-06,-3.59859875744984e-07,-2.05315394562886e-07,-0.000151237941984905,1.73048763643225e-07,1.39359480252385e-06,7.82370616002307e-08,3.87114363503249e-07,5.58728742365397e-07,4.00019520936476e-17,-2.22759132754329e-07,7.31093569213006e-07,3.57124639208382e-06,-4.77305068690288e-07,-9.82254780941723e-17,-1.07636466659369e-05,8.58927347560197e-08,-2.08323630885875e-07,-1.39979810207157e-07,-4.70357076576579e-07,5.0167844135529e-07,-0.00015204418148968,9.06490503637341e-07,7.88144208371008e-17,3.32529880665822e-06,-6.36277704146959e-07,1.77369572525226e-06,4.14450709015041e-06,-9.84230212941614e-06,-2.82202127717506e-09,-1.01156062692898e-16,-3.38031916921743e-17,-2.73500973826445e-09,-3.50088943481512e-07,4.61764530376582e-08,-4.67934704396063e-07,1.46334641089915e-15,-2.24094938901405e-07,-2.65778815266448e-09,2.11182402677061e-16,6.02730885177524e-17,2.06630766798583e-17,5.73945796880114e-07,3.89834720680158e-05,-1.85221691177822e-06,1.46017363513863e-06,7.28686101253031e-07,0.000122273007805624,-6.2616001103927e-07,-8.08553967303399e-15,-1.44207860022525e-07,4.07283959770922e-07,-1.09468664894658e-16,-4.03514972823668e-16,-2.61458112516778e-07,-1.41642760679987e-10,-1.56693503755068e-07,8.56488044635744e-07,1.56948950113354e-07,-5.88385219103859e-08,-2.21784821778564e-16,-1.98322987608e-07,2.57909344986258e-16,-6.80469908066125e-07,-1.71870608294423e-16,-1.78738089556121e-07,1.30254388099817e-16,7.39050899753873e-07,1.94893440685348e-07,8.27437181083459e-08,1.09236214495941e-06,5.42201400302728e-07,-6.27879758738208e-08,4.01400042877946e-07,3.25821395947042e-06,6.90421510987695e-07,6.40957089936068e-08,1.46266911696314e-07,-4.19532479393896e-07,-7.31693363647921e-07,-6.02528199411939e-08,-2.08811500715355e-07,1.11619498668468e-16,2.00651397136248e-06,-3.56148153450426e-07,2.10133828366187e-07,3.36830816106167e-16,3.98600216110892e-08,1.59261809552133e-06,0.00792357568660011,1.19749631161947e-16,3.68320762519102e-07,-3.13122050068475e-07,-2.88343094439023e-16,-1.0778252496208e-05,1.37819446430339e-06,-1.84969834592729e-16,3.58540378005701e-16,-5.44018235137003e-08,-2.94007527030682e-07,-1.72871676000274e-09,-2.49126370540042e-06,7.2511535375329e-07,2.15091913182092e-07,2.09735547172746e-07,2.24377362185848e-06,-5.84039212793106e-06,2.44593807827067e-15,1.28591720114467e-08,8.95547644289645e-09,2.58086272600188e-08,2.55402797922653e-06,-2.73853753544837e-16,1.21682057364558e-16,9.14009880920791e-07,1.60692255149661e-15,-9.11289161373507e-16,1.30073220259215e-05,-0.0356236950212542,5.49579001280751e-05,-1.15098594435358e-06,0.00313721239998011,0.169720654816257,-3.56565997090847e-06,-4.14398101503641e-15,-6.96348622576797e-07,-2.67964258344723e-08,-1.1603964593028e-07,9.03893278411729e-07,-2.45204880295512e-06,-1.12426116236025e-16,-3.44761824588674e-16,-6.08963609599271e-16,1.39942945766881e-07,5.71644586988433e-08,3.29025352595535e-07,8.29057123278972e-16,3.74461288446275e-08,-4.3339463338901e-16,1.03197102322667e-16,-6.77067675320855e-06,7.26282235030062e-08,-1.26993955715943e-16,1.60104043957891e-07,7.64056438827861e-08,4.09551563462932e-16,-1.47084162534489e-07,3.98059517809875e-16,-4.28819520931583e-08,1.7782196816601e-16,-4.22823618767531e-08,-8.13651679923622e-06,-1.25985829837264e-08,-1.1663333833836e-08,-7.63601535159538e-08,3.15312749625684e-08,-6.55053018837844e-08,9.18283687648255e-17,-2.89233662752598e-07,1.55829726209061e-08,-2.27202791938186e-17,1.9267310764828e-09,7.91678936174867e-07,-7.20246037258909e-09,-1.19904017938718e-15,-3.5021878277066e-05,-1.68551740384907e-08,-2.20317983928183e-15,3.6363936706786e-08,7.40581796873672e-09,2.68178186586349e-10,6.07931052494962e-16,6.44324075232624e-17,-1.42015677017346e-06,2.67012470254873e-10,2.84839864785298e-11,-2.12867846304019e-09,1.03933457386815e-09,1.39239049352183e-17,3.40592843054177e-16,3.93866812127262e-09,2.72628068955521e-11,3.30464607695253e-16,9.99328478451273e-09,1.04429067197637e-16,5.30155154761599e-09,-1.97570384014761e-09,-1.15366667959259e-09,-7.61820465580194e-09,-1.27624478565058e-17,-2.61952034085644e-16,-1.58727818735845e-15,-1.28534381944157e-16,-5.22690029071933e-10,-1.7681756081467e-09,-1.13741395690069e-15,-3.61136819036534e-16,2.7015905279667e-16,2.22415083734607e-09,1.87955716199632e-11,-8.28480617600877e-10,-1.6982287961119e-16,4.7003594660683e-16,-1.62442284558535e-16,7.20052090790829e-07,-3.05434113026711e-10,-2.26030546991705e-16,-1.90060848964357e-10,6.54422594242301e-09,5.79656539117347e-16,1.67554550509372e-16,7.38605112887688e-09,1.83043497169792e-07,4.73433397240695e-09,-1.45581747615101e-15,-1.66361103494922e-07,-1.2500112398846e-08,-1.63897332600954e-08,1.91723263837511e-08,5.49796105064805e-08,-1.00397039424002e-09,-1.10146449108796e-16,9.70113715113842e-18,-8.22578620141053e-16,-3.47229651363478e-08,3.1713673279e-08,1.28467252774798e-08,3.27885435817581e-07,-1.01715789658854e-16,-1.50281899781934e-15,-1.60860033795545e-15,-2.61172523000662e-15,1.33576679597465e-16,-1.01743366382976e-07,-8.66050833522556e-16,-1.05027142977192e-15,1.9296300369191e-08,-6.36455279769745e-16,1.74230004847464e-08,8.03640198805968e-16,2.19173382761084e-08,6.99079503411011e-16,3.56495482825621e-08,4.80919946226887e-09,4.94355722366597e-07,-1.10059662114978e-15,-2.03455767263748e-07,1.16495043812784e-15,-4.29395207192347e-07,1.59038406293055e-06,-2.07696345399498e-07,1.08285935189924e-14,-2.23879660067669e-06,-1.14408491742848e-15,1.25168348806135e-05,0.846095241237493,-1.15303896514687e-14,-1.34287608680277e-14,-1.75434373502019e-14,1.74061528031401e-15,-1.48540893581748e-08,-1.54935123948394e-07,-2.82441193802468e-08,-2.58082626204363e-15,-3.75663562019544e-16,-1.65097506242927e-07,1.32229273299756e-06,1.53219058351149e-15,5.38304121564415e-16,-4.7643610308325e-08,3.89459272899179e-16,-3.1825366925212e-07,1.37380877779086e-15,0.000202894854219406,9.67385365720575e-16,4.1355416007315e-15,-8.56461449382393e-16,-7.8406729650458e-16,-5.4593438881273e-16,6.01629188714965e-15,4.001223173049e-08,-2.79190437432322e-07,-2.53619709655726e-16,-3.94601868563099e-06,6.51077629213166e-07,-5.0723944484891e-16,1.06052232988135e-15,-7.04574584905938e-16,1.2999935462041e-15,5.89934066921084e-08,9.27101558520511e-09,-1.75925704920129e-15,3.49667420482807e-16,-1.03413117169582e-07,-8.28749457450012e-06,-5.52124932781178e-09,5.75981753882779e-16,3.07559035370522e-16,-6.32817734146829e-16,1.66062035073974e-16,2.26933980024591e-15,2.45704035132933e-16,1.93177601323753e-07,-1.81128515301008e-07,-3.45359397754004e-08,3.62069662347254e-17,-4.91973520793593e-16,2.00504331490447e-16,-7.63477168951584e-16,2.5974166082803e-16,4.73031162676547e-16,7.18409512162865e-16,-3.28607272609371e-16,3.07074969400299e-16,2.36269452030457e-16,1.45304872481756e-16,1.6030770789892e-16,1.66819435448385e-15,1.51709789164041e-16,1.68721125745262e-08,2.35913046593394e-16,5.73746843442987e-16,2.1638506088871e-16,2.35884728299718e-07,-2.83318765970517e-09,6.29084180701743e-16,-6.06057057307721e-09,2.11579449499642e-07,2.85111340537981e-16,8.43518094508704e-16,-9.0273337249972e-06,5.16319022642598e-16,5.02608250196086e-09,-5.24025840082229e-16,1.64009810546295e-16,-8.19028010366485e-17,-6.34655501377883e-16,4.79783174671471e-09,-1.47588550760138e-05,-2.06459466764039e-16,-2.32658731617874e-17,1.69763535242268e-16,-1.6187034213764e-15,-4.56040844735821e-16,-5.10235448568354e-16,-9.16007135809853e-17,4.76276711679601e-17,7.33642355476858e-09,-3.75649933853509e-16,8.59573798616753e-16,-1.94696498782647e-16,5.65722900875022e-17,-6.53346519366429e-16,-1.09419217100203e-15,-1.42932948941375e-07,3.58003292885411e-16,2.12661068287868e-16,8.28425295097236e-06,-2.81212108786875e-16,1.95357599838512e-16,-1.2455792120522e-16,-5.21007969247034e-17,8.65505437901044e-08,-1.22214606115766e-16,-6.36364003548227e-08,1.20702869027318e-16,-4.32198869699749e-17,-7.37424955700495e-17,-1.1186870609076e-15,-2.19025311323772e-16,-2.52793694574479e-16,2.28179713732664e-09,-1.89871169501836e-15,2.08479583017822e-16,1.28003650473367e-08,-2.83168067015816e-07,1.57192440523587e-16,1.97440227998078e-07,2.88762280393275e-08,2.66962451315663e-16,-7.65632341327186e-17,-5.61062537297404e-16,-1.76511045868266e-16,7.6775289859807e-16,-4.75659581630856e-08,-4.01808391529271e-16,8.29935074964169e-16,2.35343049575908e-16,1.89565135032613e-08,3.6612746061354e-16,-2.11355556658845e-16,-9.54861643519651e-17,-1.05524072936877e-15,-8.58713648376451e-09,5.60704651814251e-16,2.57919672776362e-09,-1.53499139063314e-16,-5.03862856824713e-16,7.35833667276615e-16,-3.7699548677356e-17,-2.18558737825883e-16,1.59222729551114e-16,-2.47982216725434e-17,-4.43592900754617e-08,-1.58391399309408e-16,-3.43719041285763e-16,1.86107575123142e-08,-1.8651563549539e-16,-1.45386212989586e-16,-7.16037494359899e-17,-7.97481603973404e-17,-3.68155076159313e-17,-3.9039779689669e-17,-1.04078268202514e-05,-8.11842314501721e-17,-2.11622006664465e-16,3.98120505238207e-08,-5.49006289310852e-16,2.23163408356007e-16,7.32476763353441e-16,1.1491337271053e-16,-9.14989148262445e-17,-4.58377620152826e-16,-6.02153402990907e-18,2.8672718791318e-17,-1.11710420173566e-15,7.9885841670551e-19,-2.02967768180883e-16,-2.06958052897621e-08,6.85563200427523e-08,2.20928776343856e-16,-7.44249437865791e-18,-3.61981113872798e-16,-3.14003714287232e-16,-3.6801209865947e-16,-1.52197065703902e-16,1.50095673460348e-16,2.73123982534883e-16,-5.90948086215798e-09,-1.56968641406298e-16,-1.25230429620069e-16,-4.94457073673355e-17,8.15621532372339e-17,1.68796095003038e-07,-1.67191947297553e-16,-1.18952285483278e-09,-1.71796947042296e-16,1.19931358137564e-16,-1.94058467361765e-16,2.47524171277349e-16,-4.56498107269268e-17,-1.22161646610384e-16,9.26477414641887e-17,-1.65065725646451e-16,-2.17851326481521e-17,-1.42802543491148e-17,1.48647438775737e-16,3.59080619555557e-17,-4.59982346821821e-16,-4.98789702806981e-17,-9.34720726023886e-17,9.7197176431361e-17,4.42797298870892e-17,4.38467879448624e-17,1.78574731115125e-16,3.85278523274171e-17,1.06306023012204e-16,-4.04479896482634e-17,-1.03881730556841e-16,-1.11485256048719e-16,-3.79054343579312e-17,5.57968158841679e-10,2.43744664557534e-16,7.49496641895747e-17,1.59788426134295e-16,-6.61638415579737e-17,7.54912398955121e-17,-2.47979241679506e-17,-3.2920858929771e-19,6.14382475909607e-17,1.23703234529384e-16,-4.59935948679159e-17,1.87814309460591e-16,3.83559561742515e-17,1.01474076118841e-16,9.30938615174708e-17,1.52709536672022e-16,-3.59626566743048e-16,1.02941373341815e-16,-7.12430751007354e-09,1.72138382796705e-16,-4.18876309118933e-17,-1.17667427143957e-16,2.48917674286553e-16,-2.21093772917321e-17,-2.99064726273626e-16,5.65788165995868e-17,-9.75159861400302e-17,2.51307525289988e-17,1.49879039637997e-09,-3.04530037817432e-17,-2.06880909321149e-17,6.29454669400666e-18,-1.01509620515124e-16,-5.6082921699531e-17,-7.95450813866391e-17,-5.6939100021699e-18,1.13551711685517e-16,1.4647085917875e-17,2.54747729785289e-16,-1.10401254064687e-16,-2.16570654770268e-16,-5.68136275474982e-17,7.5149429587988e-09,8.71803183007995e-18,1.8977429890253e-16,1.62049092814697e-17,-5.65889159533442e-16,-5.04009395979714e-07,9.42610516258365e-17,3.83902151759878e-17,2.2955373579698e-16,-2.9150201191275e-16,-1.42219412371755e-16,3.32536163862266e-18,7.66286711138995e-17,-5.85162589802489e-18,-7.43563834917736e-17,-1.80744719892374e-16,4.42659492543251e-16,1.81879534072512e-18,8.8967814893916e-17,-1.91439967364305e-16,-1.08573278352424e-16,1.07737217795001e-16,-3.01468028322172e-16
"t634",-0.00486838617909103,0.0497340202311261,0.0639331479284825,0.0151225269191613,0.0303273948944639,-0.00490357649934604,0.00149919005185016,5.1097116394338e-05,0.000413947617160315,-0.00100039012690838,-0.000227158324762248,-0.00115263736874136,0.0072640583086663,0.0489217111645793,-0.00121287814843051,0.00211288556898971,0.150210289902866,0.00194192572181575,-0.00122823329232601,0.00046926243501093,-0.00112545636280215,0.000240314888125022,-0.000698663030672551,0.00122237712342013,-0.000195956851136142,0.000950670222876104,-0.00209330511033444,0.149064808317925,0.000449992085781472,0.0121694832431278,-5.02960320928451e-05,0.000784804792151786,0.00030954071021259,1.77286039604382e-05,-9.52256394708617e-06,-2.07262667503227e-05,-7.34811790810986e-05,7.59716320758003e-06,6.66299868190587e-05,2.3539875440206e-05,0.0184973631591728,9.1885591396254e-05,-2.92276496310568e-05,3.36997670608984e-05,-5.20989145542416e-05,-4.66579869989992e-06,1.16809874385318e-06,-1.88193439822358e-05,2.30606809703709e-05,-4.95865161854722e-05,4.40737568063442e-05,-0.00189296372401059,3.136437877298e-09,-1.11074632169246e-05,5.98935372992372e-06,-6.34788764800289e-05,3.74558156955656e-06,-0.00541196841729869,-0.000351823709176182,-4.02316558452887e-06,-4.300413565637e-06,5.40995043401419e-06,-0.000151130760653423,0.00023530176790527,-6.70176162131646e-06,2.00323729151155e-05,-1.09664715539965e-06,5.4348254323122e-05,-0.00282185635198389,1.64578593500844e-05,-2.52386348971091e-06,6.18255939454996e-06,-2.00317209060899e-06,-1.27968983096275e-05,5.337199235983e-06,4.86949342033252e-08,-4.44860520630627e-05,0.00018188131821082,-1.98290413199474e-05,-2.24756661317476e-05,0.000155557448458794,8.98702979839863e-05,-9.96172137397408e-06,-4.51131249731261e-05,2.41612254952141e-06,6.48842020238492e-05,-9.04138419251578e-06,-1.41184616813423e-06,-3.13283549517688e-07,1.181133818846e-05,-2.52353908462702e-06,4.66309705382886e-08,2.99660357482137e-06,-2.06826268886915e-05,-4.08392575877293e-08,-1.23573506131153e-06,-1.42028235439101e-07,-6.60633307807421e-07,0.000150207362899805,2.31366251796945e-06,1.22505369046162e-06,-8.29698780200397e-08,1.86135797682538e-06,-2.76710768094061e-06,1.30162408391135e-06,-2.17972797505749e-06,8.20593130713341e-05,-2.89096085029276e-06,1.38490742109058e-05,-5.15556887002899e-07,-0.000435012611543641,-3.28007297369793e-05,1.02800284581726e-05,-1.42341999365111e-05,5.69692161355755e-07,-2.05286404840611e-05,4.44431074933635e-05,-6.51291964722849e-05,9.92424507124126e-05,-0.00810166466106808,0.000214856969706353,-0.406974961585401,-0.000652699135668002,-0.00172945934902624,6.96746853004375e-05,-0.000409331963248632,4.0308615320037e-05,-6.40089144090486e-05,0.000175005329354398,0.00242481063641183,1.01343393115589e-05,0.000180078879006206,-2.32019509805622e-05,-4.12433888366966e-05,1.66804979071361e-06,6.25575778907894e-05,-3.32019439487341e-07,-0.00464397239070617,4.27803682429116e-05,-0.000122900945844396,-7.65585535856231e-06,-0.000226663544312857,6.1175743957118e-05,3.8453297462477e-06,1.4640006695656e-06,-7.40828493797153e-07,-0.000857063095456438,4.52500388116179e-06,2.91187351521873e-07,-6.87037131667912e-07,-1.45498685256098e-05,-3.16519828045903e-06,-9.12819525809652e-06,2.50239734708113e-05,-0.00017044802077916,-5.82706429396013e-07,8.68100983656711e-06,-6.18133123004286e-05,-2.04252226953671e-06,-6.71655888116402e-07,-4.43452726619794e-05,0.000151098410418914,-3.05873939655546e-06,-6.06650574281962e-05,3.81863077980743e-05,-2.47529580815884e-05,2.72989183794553e-05,4.68572985835019e-07,2.33296959413396e-05,0.00063373701707323,-5.01799816349855e-05,-8.84483816914276e-06,1.04732352920456e-06,2.71506044933218e-06,6.79740385580468e-06,1.09003202061396e-06,6.11977395623568e-07,-2.63747588900272e-05,-4.36949684887603e-05,-0.000395037318513318,0.00763167005985944,-7.76323707321055e-05,-0.000540547986746439,4.92374954279861e-09,-0.0436052452547882,-8.22330285687181e-08,-1.55242044723341e-05,6.74945183574401e-06,3.0506717702872e-05,-4.07486222848697e-05,-1.00207178858541e-06,1.95140482169001e-06,7.8796288958806e-06,1.42906307015785e-08,3.89666599442037e-05,-2.04279131713952e-06,-3.7928698987732e-06,-2.73722485556263e-06,2.30898105340296e-06,1.05108532009828e-06,1.05355517731233e-06,0.000352233184346134,-2.85229722417561e-08,-5.41422100914461e-06,-8.20500786261248e-06,-4.10746981579608e-05,5.44435095889338e-06,2.90548798542682e-05,-4.33718624428072e-05,-2.90296075813114e-07,-0.000204713528834681,6.7814778183142e-05,-0.000205231851600253,-2.80058108889545e-05,-2.27234370941948e-06,-1.61153044786877e-05,5.63648018991403e-06,9.39035822963963e-05,-1.3232307481188e-05,-0.000239749255593189,-0.209277873019254,-0.000343788623089279,-6.31097406264875e-05,-0.00470873162474837,2.67438675778763e-05,9.69603195607865e-06,0.000131410279098967,0.000159998747603846,8.07544104172924e-06,5.24228877581193e-06,-1.43716746040661e-05,-2.70207190286219e-06,-1.38569040825679e-06,-2.26668184880814e-06,9.83161664767977e-08,2.01943913151951e-07,6.62393220218559e-06,1.08283405200915e-16,6.44409462208182e-07,-9.01176147129441e-06,0.0139786505109117,1.88266967065032e-06,2.01669522898961e-06,-3.37387644468483e-07,2.81869589342246e-07,-1.36775200262413e-06,2.14494947735445e-08,-1.1958554794537e-09,2.42629362072469e-07,-1.93017994201676e-06,1.18085125908192e-06,-5.27471151440462e-06,2.32564582233884e-07,4.9539079591981e-09,-6.46467376050168e-10,4.23232900596437e-08,-6.04565162768997e-08,9.72542239902683e-07,2.60067542527942e-07,-5.49887715588936e-08,2.48787138433787e-05,-2.94633481654214e-07,5.57213668967335e-05,-1.37951354385067e-06,1.40727772292274e-07,-4.8379483653361e-08,9.32980469208898e-09,4.53669757381548e-06,-1.42351699504618e-06,7.1586409527769e-08,7.39745911316186e-07,-6.39454315493661e-08,7.75076135893728e-07,-1.04028711485905e-06,4.04762389348373e-05,-3.168123897891e-06,2.51524387169638e-06,-1.8594013695518e-07,3.13165818467687e-06,-1.61635199557758e-07,6.28674032567381e-07,1.73644626266613e-16,-1.57682993720606e-06,-5.4147545768279e-08,-7.14605744034602e-11,-6.3041803728409e-07,8.0451671807986e-08,-5.01291038736071e-08,-1.65908260276742e-07,1.9530439246227e-08,-8.29985840719801e-07,2.88574565668597e-06,1.0661975079287e-07,-2.3276091087159e-06,1.26075389993215e-06,-1.52877854724012e-06,4.90542639371417e-06,-7.73084598129978e-07,1.28022384522488e-06,4.54034950632274e-08,3.45130074942078e-08,1.92841184268324e-06,-1.27438987879657e-05,5.70948759078173e-08,-1.61712883462063e-06,6.00782612421184e-05,-0.000608055731375619,4.27974436536055e-07,3.88283570370689e-07,2.24504335809461e-06,-7.1446946087239e-07,-4.08641875194816e-07,4.77616433038283e-07,-5.22160054495191e-05,5.39315464653365e-08,5.06230975297932e-07,-9.89513740090956e-07,-2.64153793905139e-17,3.06176026689343e-09,1.85020021519671e-06,-1.69941323171545e-07,8.77955623932821e-07,1.11954597024036e-07,2.31122559606429e-07,5.51740587545157e-07,-0.000179116924638282,2.75033509983675e-06,-2.0708541389636e-16,-2.16763765848293e-06,-1.99501191137419e-08,-7.41722372616265e-08,3.52090498080943e-07,5.60905547986272e-07,-3.79498254511786e-08,-1.45599325029535e-06,3.88913993304738e-07,-1.84825395923957e-06,2.45853348562083e-06,-3.77419638918351e-07,-9.05854457466329e-07,-3.98894082030921e-06,-6.77338417745223e-09,-9.03645482582339e-07,5.42026872851153e-07,-9.81369215800679e-07,6.38341590222593e-17,-2.87738836958192e-06,2.26147616511436e-07,6.51753122277892e-09,5.73365651574059e-08,-1.87831337871439e-06,-3.89640840342577e-06,1.98035176975641e-06,-7.19461544775457e-06,-3.54098753881139e-07,-1.6643090094235e-17,-6.48557840413054e-07,-2.55512887259327e-07,-8.19657446478033e-07,2.96336528766372e-16,1.55245014767056e-06,2.24550290927729e-06,-3.43296736136706e-07,-1.28763329643965e-06,-4.38588412286389e-07,-2.50379595663835e-07,-0.000184517278196857,2.11415001426395e-07,1.70284100756458e-06,9.5688218541158e-08,4.74249562183712e-07,6.84550707617952e-07,-9.0766034085105e-17,-2.73820994801633e-07,8.99194942337013e-07,4.39797212892339e-06,-5.88938988325832e-07,1.12525248161029e-16,-1.33372385396664e-05,1.06942616330267e-07,-2.59945450388558e-07,-1.74845186583285e-07,-5.88234900103134e-07,6.28848530449526e-07,-0.000191303766775071,1.15141186622493e-06,2.10023864933467e-16,4.26010159810474e-06,-8.1576358065489e-07,2.27763587853231e-06,5.33379916020999e-06,-1.26687647046246e-05,-3.63471202345874e-09,-1.13461757350608e-16,1.82387766646847e-17,-3.53543906005966e-09,-4.5398947805446e-07,5.99047092576224e-08,-6.08803130913246e-07,1.99272310584036e-15,-2.93425354309953e-07,-3.49006447268527e-09,-4.39016120357698e-17,-3.60688287580363e-17,-6.59490783997604e-17,7.60595111068942e-07,5.17221277218713e-05,-2.46758415782321e-06,1.9521487382432e-06,9.74605512147557e-07,0.000164159750694589,-8.41032049515394e-07,-1.08777815388781e-14,-1.95213522577514e-07,5.52880495833189e-07,-2.34338604798532e-16,-1.92928707705287e-16,-3.58904744583133e-07,-1.94966621688679e-10,-2.1648390672356e-07,1.18626770087572e-06,2.1843506491715e-07,-8.19535582524808e-08,-2.42783930154003e-16,-2.765336708999e-07,-4.17084729175583e-16,-9.51790671187178e-07,2.30940144937096e-16,-2.50585984702902e-07,-1.61995513840993e-16,1.03921138254119e-06,2.74213465424223e-07,1.17363602559212e-07,1.55210871308352e-06,7.70962826148344e-07,-8.95647497983091e-08,5.74185887951986e-07,4.69148448719388e-06,9.9419267461809e-07,9.2485434910115e-08,2.11850614934729e-07,-6.10759076982881e-07,-1.06985563246067e-06,-8.84052946305539e-08,-3.06902911477387e-07,-4.55433226117438e-17,2.96497225548364e-06,-5.29038147044621e-07,3.16947626750041e-07,2.62957441587505e-16,6.03953526936785e-08,2.42999128186968e-06,0.0121261863242242,1.30831744330809e-16,5.64556848906881e-07,-4.82965716005285e-07,8.49682494856817e-17,-1.66766325544046e-05,2.17418251437356e-06,-1.11465517816666e-17,1.22430410574511e-15,-8.65020062545079e-08,-4.67824156550707e-07,-2.76004009149196e-09,-3.99349692347122e-06,1.17315677293317e-06,3.48277244181749e-07,3.39995005900625e-07,3.68408106027424e-06,-9.69342972353981e-06,3.33341854282226e-15,2.14317873348197e-08,1.49364454196753e-08,4.31546949402844e-08,4.2837916764577e-06,-6.14317849556171e-16,3.61983264092214e-16,1.53960133945263e-06,3.08668810875848e-15,-1.36605876772718e-15,2.25352944376526e-05,-0.0620340355232643,9.57123716200279e-05,-2.02753964785956e-06,0.00553512914745943,0.29954727517118,-6.30699301513007e-06,-7.78680714747065e-15,-1.26188982003045e-06,-4.88218254352827e-08,-2.11799551476765e-07,1.6649079198941e-06,-4.59517260689485e-06,-8.23370009834804e-16,-1.49463776829483e-16,-1.55344742165464e-15,2.69293920716322e-07,1.11341663357084e-07,6.41458144785684e-07,2.09630810151645e-16,7.38939605555334e-08,-1.11409305153226e-15,4.80849217867859e-16,-1.41682239732535e-05,1.52102171998857e-07,-9.84455572616838e-17,3.40692519218416e-07,1.64157041786884e-07,1.63670362529689e-15,-3.22535918430523e-07,1.20005513199643e-16,-9.65242528850242e-08,1.53347504571378e-16,-9.54066128785362e-08,-1.83942238256738e-05,-2.85430280415805e-08,-2.65040696346521e-08,-1.74720539228386e-07,7.41171009401325e-08,-1.60388858363402e-07,4.79549570452942e-17,-7.49640572227747e-07,4.06526439930624e-08,-1.83154895769033e-16,5.07104451854522e-09,2.118427996984e-06,-1.95728137375576e-08,8.46398933457829e-16,-0.000100737418716322,-4.90723377551491e-08,7.34844104027515e-16,1.07637020209424e-07,2.2105407960782e-08,8.26799043985213e-10,-4.25432503294242e-16,-3.69164227550616e-16,-4.770055365447e-06,9.34497112330623e-10,1.00571738978121e-10,-9.44547093891223e-09,4.83273796249427e-09,3.78035509337056e-16,-1.28535332791956e-16,1.8954889555612e-08,1.31790596065469e-10,-4.1656111155675e-17,5.14426429293002e-08,-5.6609675126171e-17,2.91772823233702e-08,-1.20596547282912e-08,-7.09826116041285e-09,-4.84059206062902e-08,-9.82063663869435e-17,2.86794460036347e-16,1.46247698802403e-16,6.03055481766122e-17,-4.83664343684007e-09,-1.70403786552096e-08,4.3711731200952e-17,2.85891970272427e-17,7.17738643057454e-17,2.53200305620826e-08,2.32713725947748e-10,-1.35866904099946e-08,-1.65068456769038e-16,4.0915926517119e-18,7.90180095834592e-17,-5.45891873786384e-05,1.91441537984736e-08,1.91949103575575e-16,3.92875276551211e-09,-1.05451893099127e-07,-3.34650387319039e-16,-3.48988638586165e-16,-7.70940914185207e-08,-1.85631223775637e-06,-3.95892882338437e-08,5.56171748965266e-16,1.06273573433041e-06,7.02303043256532e-08,7.83202201721952e-08,-7.52407892656264e-08,-2.05428471400868e-07,3.43384211452214e-09,1.01611607222199e-16,-3.66568433077975e-16,6.08823296521849e-16,7.6426924964404e-08,-6.93751962491366e-08,-2.67157882205609e-08,-5.34161034461826e-07,2.41733806959958e-16,9.56656809136531e-16,4.69469653521281e-16,1.0315184315492e-15,-7.53795913178235e-17,1.3014993527502e-07,1.56687213816256e-16,4.48226713295505e-16,-2.25007803641839e-08,1.32979765515424e-16,-2.02166471311353e-08,-4.40917391843426e-16,-2.52218461422212e-08,-1.27052994058356e-16,-3.49723194165414e-08,-4.54188990293844e-09,-4.40471066900736e-07,1.30409310565859e-15,1.68681213357235e-07,-7.15783804792813e-16,3.033329977937e-07,-9.04947722450522e-07,1.17043231634889e-07,-4.19596186176278e-15,1.15132576829096e-06,5.95377935318229e-16,-5.53542461412226e-06,-0.371332374516121,5.17198809544717e-15,5.82422510598776e-15,8.036686331841e-15,-1.06374445968183e-15,5.71252501316746e-09,5.74635473069522e-08,1.00356654105243e-08,8.97403587880403e-16,2.41078779313636e-16,4.7116414710092e-08,-3.73470985077495e-07,-4.73804672429938e-16,-4.07648454596012e-16,9.76564427739358e-09,1.28270056853863e-16,6.0345397827445e-08,-4.41884095028478e-16,-2.98724611955671e-05,2.41260205341203e-16,-1.80120851541108e-15,5.78776104272494e-16,3.78044252246751e-16,1.46134007716652e-16,-3.00604977129055e-15,-2.79021376253565e-09,1.92050473866012e-08,1.03634382594047e-17,1.74254422857914e-07,-2.22592676711112e-08,-1.47063765920365e-16,-7.3291862949749e-16,1.36048015722563e-15,-3.45117902859816e-16,3.96308066237416e-10,1.4655257499861e-10,1.00863184600437e-15,-5.61344167164504e-17,-2.66226289191634e-09,-2.23951232730635e-07,-1.72900330013502e-10,-2.16930628737987e-16,-2.45998569526595e-17,4.10504597529762e-16,-1.56245573060312e-16,-1.01731641685556e-15,-2.98307110888437e-16,1.85806161766755e-08,-1.8442557175683e-08,-3.70744076484275e-09,4.35885492627176e-16,-1.59942700438553e-16,2.32501373256366e-16,6.23705584426447e-16,-1.58110444823734e-16,7.21924961014834e-16,-9.32281670722092e-17,-1.15324956146404e-16,-3.31054395396832e-16,4.88319459558768e-16,-2.67186203736843e-16,1.25736020786065e-15,-4.42449738571375e-16,-4.36513114475847e-16,3.23045719544696e-09,-4.16014546087415e-16,-9.17016833624223e-16,-1.6575151697791e-16,4.75267051468988e-08,-5.77288381655575e-10,-1.4174730284757e-16,-1.24342207393856e-09,4.59212799840856e-08,-6.80211207849201e-16,-5.42766516800617e-17,-2.08853502508298e-06,-1.54522932294416e-16,1.24752666657104e-09,3.48515290977052e-17,3.52849269510174e-17,-2.82778789018039e-17,2.8336622893915e-16,1.31153813490997e-09,-4.05880318145199e-06,-3.18989538434399e-17,4.31139580259286e-16,-3.8886813060018e-16,6.68360525699272e-16,1.48406948622531e-16,-9.34899999050898e-17,8.69259971041059e-16,-1.74692763172033e-16,2.57733216160544e-09,5.53781836791519e-16,-1.53256748997855e-15,1.09269467091198e-15,8.39534195714769e-16,1.45747702599677e-15,-1.49043961356803e-16,-5.2281698935371e-08,-1.00527423288553e-15,-1.53828180636714e-16,3.05172361648804e-06,6.523051265442e-17,2.29132425287325e-16,-1.37106354654579e-15,-1.20939892969542e-15,3.43991811782443e-08,-1.45261751424398e-16,-2.56066242082689e-08,9.01828240648491e-16,-6.86973183284339e-16,-4.10283159723361e-17,1.46607503888451e-15,-7.62728824181841e-16,-1.27133513301059e-15,9.4065658423609e-10,1.288102893426e-15,2.57821717798295e-16,5.37105418744767e-09,-1.18921635290467e-07,2.4035709101747e-16,8.41415131712738e-08,1.23613218742808e-08,1.56155668950893e-15,2.09720214899121e-15,1.92104244890053e-15,-1.48708528624345e-15,-2.59802035340263e-15,-2.16478203134164e-08,-6.5054050784452e-15,4.41593458469384e-15,-7.76631810341575e-17,8.75207604632357e-09,5.92221150538694e-15,-7.70227559654627e-15,2.14302431092595e-14,0.707106781186549,-4.03749063499676e-09,2.15058997354622e-14,1.21929083743172e-09,5.27534192646804e-15,9.99701642539314e-15,-9.50966440534754e-15,1.18980364895979e-14,-8.73518499611065e-16,9.32304088394272e-16,-3.53086321075981e-15,-2.15570090733177e-08,2.8387610607876e-15,-3.76431331014125e-15,9.10344294322962e-09,2.43998028674464e-15,-1.40172728257166e-15,2.01412617951924e-15,1.06340925348847e-15,2.53007030279865e-16,2.89639215971728e-15,-5.19271678825954e-06,-1.12997868765684e-15,8.99758914027508e-16,2.00331043894635e-08,-8.79521596937838e-15,1.77172897103196e-15,-8.03762589641202e-16,1.73634634026266e-16,-4.04629861400266e-16,-1.15367712692582e-15,1.28741266248639e-15,-4.93187020429331e-16,-2.30969464661272e-16,7.86703975989637e-16,-1.72698545693042e-15,-1.07283718394125e-08,3.56596710583312e-08,-1.33269672175416e-16,1.69986833676415e-15,-6.58328771217326e-16,2.34090105316163e-15,8.43434751294364e-16,-2.13384164414545e-16,4.10843408534095e-17,-1.59666588977651e-15,-3.12722987922862e-09,5.59890944522257e-16,-2.41906447742328e-16,5.4719133350904e-16,1.45358604388589e-15,9.05802167075493e-08,3.12928805223936e-16,-6.48000568254063e-10,5.78008201561993e-16,-1.66977781318165e-16,-5.18460116488964e-16,-3.89618233879568e-16,8.27243212518735e-17,-1.33675901845509e-16,-4.96941721323841e-16,-4.05752201939084e-16,7.79211155400143e-16,-4.67621248291846e-16,-4.23037776559078e-16,-2.65567489328574e-16,2.77726177599263e-16,9.39015115598997e-17,-2.40704421388926e-16,4.0645409449151e-17,-5.11716312764164e-16,1.0454600135071e-15,3.52669346377804e-16,3.92368196511168e-17,7.48048677038163e-17,6.7256040133406e-17,-3.44528435598911e-16,-3.14606993521341e-16,-2.48320964172375e-16,3.19470281426374e-10,9.39615890483802e-17,4.47437059125338e-16,-3.81293258553352e-16,-1.62436266651192e-16,1.77298099090867e-16,2.40625535821795e-16,2.95511518718549e-16,-6.89387861899969e-17,-1.6462574744189e-16,2.46044635040597e-16,6.98853003461633e-17,-1.12052143702686e-16,-1.28505374268373e-16,7.73117257496405e-17,2.95885109545172e-16,2.90577121458285e-16,3.93633482687172e-16,-4.20059775549704e-09,-1.52819036265318e-16,-8.72523378754099e-17,-4.19461267654845e-17,-3.64609333762445e-16,5.02755323587782e-16,1.08114454903882e-16,-4.71299155826719e-16,2.16520124322718e-16,3.08702303369125e-17,9.081443513835e-10,8.24238337587054e-16,-1.69109033170208e-16,2.08902651260278e-16,-3.4241191654704e-16,4.88118350284952e-17,-5.94706709186381e-17,-1.12443687428271e-16,-2.41095945661648e-16,3.05501804227166e-16,-1.51778263269912e-16,1.10754199132502e-16,2.50520586063863e-16,9.60740575552748e-17,4.66763204919353e-09,7.05462270272307e-17,-1.46904114636884e-16,-2.42631099078244e-16,-3.17179957428845e-16,-3.16428807164345e-07,-2.37108614883144e-16,-2.39249128423207e-17,-1.76808880992353e-16,2.68779904775781e-16,3.73357564468142e-17,-3.32237325162787e-17,2.47350082883622e-16,-5.9612309259293e-17,-1.34642251655525e-16,-5.85662598019638e-18,-1.91010321437108e-16,5.62851149819369e-17,-5.81440600611733e-17,4.45195385706069e-17,6.27260790194942e-17,-8.28151953095538e-17,-1.41491019793175e-16
"t635",-0.00486838617909103,0.0497340202311261,0.0639331479284825,0.0151225269191613,0.0303273948944639,-0.00490357649934604,0.00149919005185016,5.10971163943289e-05,0.000413947617160313,-0.00100039012690838,-0.000227158324762255,-0.00115263736874135,0.0072640583086663,0.0489217111645793,-0.00121287814843051,0.0021128855689897,0.150210289902866,0.00194192572181576,-0.00122823329232602,0.000469262435010899,-0.00112545636280214,0.000240314888125035,-0.000698663030672553,0.00122237712342014,-0.000195956851136123,0.00095067022287609,-0.00209330511033444,0.149064808317925,0.000449992085781472,0.0121694832431278,-5.02960320928369e-05,0.000784804792151786,0.000309540710212607,1.77286039604102e-05,-9.52256394706807e-06,-2.07262667503289e-05,-7.34811790810547e-05,7.59716320758087e-06,6.66299868190632e-05,2.3539875440197e-05,0.0184973631591728,9.18855913962555e-05,-2.92276496310666e-05,3.3699767060921e-05,-5.20989145542359e-05,-4.66579869990687e-06,1.16809874385422e-06,-1.88193439822842e-05,2.30606809703603e-05,-4.95865161854523e-05,4.40737568063473e-05,-0.0018929637240106,3.13643787418498e-09,-1.11074632169269e-05,5.9893537299291e-06,-6.34788764800412e-05,3.74558156956938e-06,-0.00541196841729867,-0.000351823709176202,-4.02316558452777e-06,-4.30041356563918e-06,5.40995043401555e-06,-0.00015113076065344,0.000235301767905291,-6.70176162130627e-06,2.00323729151406e-05,-1.09664715538532e-06,5.43482543231267e-05,-0.00282185635198389,1.64578593500618e-05,-2.52386348972273e-06,6.18255939456409e-06,-2.00317209061466e-06,-1.27968983096054e-05,5.33719923598054e-06,4.86949341935112e-08,-4.44860520631305e-05,0.000181881318210843,-1.98290413199456e-05,-2.24756661317521e-05,0.000155557448458791,8.98702979839913e-05,-9.96172137394939e-06,-4.51131249731282e-05,2.4161225495319e-06,6.48842020238138e-05,-9.04138419249503e-06,-1.41184616819121e-06,-3.13283549544387e-07,1.18113381883467e-05,-2.52353908459102e-06,4.66309707297452e-08,2.99660357480555e-06,-2.06826268887084e-05,-4.08392575832485e-08,-1.23573506130898e-06,-1.4202823535614e-07,-6.60633307809871e-07,0.000150207362899847,2.31366251795087e-06,1.22505369043349e-06,-8.29698780616346e-08,1.86135797683204e-06,-2.76710768097886e-06,1.30162408388041e-06,-2.17972797507123e-06,8.20593130713271e-05,-2.89096085019874e-06,1.3849074210856e-05,-5.15556886866715e-07,-0.00043501261154367,-3.28007297368701e-05,1.02800284580451e-05,-1.42341999365212e-05,5.69692161354713e-07,-2.05286404840133e-05,4.44431074933461e-05,-6.51291964723194e-05,9.92424507123527e-05,-0.00810166466106804,0.000214856969706401,-0.406974961585401,-0.000652699135667984,-0.00172945934902623,6.96746853003978e-05,-0.000409331963248689,4.03086153200099e-05,-6.40089144090695e-05,0.000175005329354407,0.00242481063641183,1.01343393115586e-05,0.000180078879006279,-2.32019509805703e-05,-4.12433888367027e-05,1.66804979065322e-06,6.25575778907552e-05,-3.32019439528147e-07,-0.00464397239070619,4.27803682429431e-05,-0.000122900945844423,-7.65585535855235e-06,-0.000226663544312916,6.11757439570913e-05,3.84532974621597e-06,1.46400066954991e-06,-7.40828493800077e-07,-0.000857063095456591,4.52500388125464e-06,2.91187351535445e-07,-6.87037131713803e-07,-1.45498685255101e-05,-3.16519828046559e-06,-9.12819525810125e-06,2.5023973470746e-05,-0.000170448020779128,-5.82706429409791e-07,8.68100983644064e-06,-6.18133123004312e-05,-2.04252226952296e-06,-6.7165588811492e-07,-4.43452726618397e-05,0.000151098410418904,-3.0587393965377e-06,-6.06650574281738e-05,3.81863077981023e-05,-2.47529580815345e-05,2.72989183794835e-05,4.68572985778623e-07,2.33296959413362e-05,0.00063373701707328,-5.0179981635017e-05,-8.84483816916346e-06,1.04732352914792e-06,2.71506044930179e-06,6.79740385581029e-06,1.09003202062613e-06,6.11977395647187e-07,-2.63747588900008e-05,-4.36949684887467e-05,-0.000395037318513361,0.00763167005985949,-7.76323707321273e-05,-0.000540547986746429,4.92374962308906e-09,-0.0436052452547882,-8.22330285568694e-08,-1.55242044722471e-05,6.74945183577028e-06,3.05067177028486e-05,-4.07486222849523e-05,-1.00207178861443e-06,1.95140482163133e-06,7.87962889591589e-06,1.42906306338144e-08,3.8966659944237e-05,-2.04279131712143e-06,-3.79286989880804e-06,-2.73722485557938e-06,2.30898105342233e-06,1.05108532007773e-06,1.05355517731349e-06,0.000352233184346194,-2.85229722333374e-08,-5.41422100913441e-06,-8.20500786262449e-06,-4.10746981579171e-05,5.4443509588761e-06,2.90548798541524e-05,-4.33718624429176e-05,-2.90296075813359e-07,-0.000204713528834488,6.78147781832242e-05,-0.00020523185160023,-2.80058108889537e-05,-2.27234370938581e-06,-1.61153044788158e-05,5.63648018984491e-06,9.39035822964611e-05,-1.32323074811919e-05,-0.000239749255593219,-0.209277873019254,-0.000343788623089296,-6.31097406265379e-05,-0.00470873162474842,2.67438675778712e-05,9.69603195615689e-06,0.00013141027909903,0.000159998747603865,8.07544104170627e-06,5.24228877585647e-06,-1.43716746040463e-05,-2.70207190281774e-06,-1.38569040825028e-06,-2.26668184885446e-06,9.83161664960888e-08,2.01943913097954e-07,6.62393220219315e-06,6.86335519391159e-17,6.4440946212272e-07,-9.01176147141545e-06,0.0139786505109117,1.88266967064474e-06,2.01669522900597e-06,-3.37387644317255e-07,2.81869589300434e-07,-1.36775200264952e-06,2.14494947046733e-08,-1.19585549789683e-09,2.42629362057147e-07,-1.93017994205246e-06,1.18085125907422e-06,-5.27471151434723e-06,2.32564582231581e-07,4.95390793853604e-09,-6.46467229235641e-10,4.23232900143851e-08,-6.04565162280106e-08,9.72542239839438e-07,2.6006754249184e-07,-5.49887714249109e-08,2.48787138432581e-05,-2.94633481776696e-07,5.57213668967051e-05,-1.3795135438511e-06,1.40727772285328e-07,-4.83794836219605e-08,9.32980468598132e-09,4.53669757379502e-06,-1.42351699505786e-06,7.15864095403324e-08,7.39745911398907e-07,-6.39454314704273e-08,7.75076135901632e-07,-1.04028711488799e-06,4.04762389348356e-05,-3.16812389790083e-06,2.5152438716345e-06,-1.85940136939112e-07,3.13165818468175e-06,-1.61635199579096e-07,6.28674032525111e-07,1.77902793211263e-16,-1.57682993754129e-06,-5.41475456794941e-08,-7.14605249066973e-11,-6.30418037329205e-07,8.04516717886647e-08,-5.01291037951945e-08,-1.65908260350698e-07,1.95304392340909e-08,-8.29985840839564e-07,2.88574565668655e-06,1.06619750886621e-07,-2.32760910871454e-06,1.26075389975292e-06,-1.52877854725946e-06,4.90542639366734e-06,-7.73084598076976e-07,1.280223845154e-06,4.54034949224165e-08,3.45130075221667e-08,1.92841184266691e-06,-1.27438987879524e-05,5.70948759074445e-08,-1.61712883467308e-06,6.00782612421183e-05,-0.000608055731375591,4.27974436532883e-07,3.88283570369093e-07,2.24504335814939e-06,-7.14469460897057e-07,-4.08641875194762e-07,4.77616432963977e-07,-5.22160054493862e-05,5.39315465541704e-08,5.0623097536068e-07,-9.89513740047497e-07,-2.71342653782479e-17,3.06176026744059e-09,1.85020021528174e-06,-1.69941323144837e-07,8.77955623910532e-07,1.11954596957688e-07,2.31122559479704e-07,5.51740587518234e-07,-0.000179116924638253,2.75033509978545e-06,-7.64557788424354e-18,-2.16763765854941e-06,-1.99501191559455e-08,-7.41722370823498e-08,3.52090497919598e-07,5.60905547968005e-07,-3.79498254186594e-08,-1.45599325031692e-06,3.8891399332463e-07,-1.8482539591798e-06,2.45853348573131e-06,-3.7741963907704e-07,-9.0585445744161e-07,-3.98894082042388e-06,-6.77338415826694e-09,-9.03645482578257e-07,5.42026872886944e-07,-9.81369215796069e-07,1.37456102042578e-16,-2.87738836966051e-06,2.26147616344249e-07,6.51753120215998e-09,5.73365651319683e-08,-1.87831337870212e-06,-3.89640840347009e-06,1.98035176976839e-06,-7.19461544776162e-06,-3.5409875395039e-07,-3.95707205916828e-17,-6.48557840668242e-07,-2.55512887237688e-07,-8.19657446488208e-07,3.07943448945104e-16,1.55245014774046e-06,2.24550290939114e-06,-3.43296736115425e-07,-1.2876332964343e-06,-4.38588412345563e-07,-2.50379595679088e-07,-0.000184517278196883,2.11415001436638e-07,1.70284100747425e-06,9.5688218622136e-08,4.74249562233917e-07,6.84550707474707e-07,-3.30528132732127e-18,-2.73820994590246e-07,8.99194942267087e-07,4.39797212894778e-06,-5.88938988328249e-07,1.23619938924506e-16,-1.3337238539743e-05,1.06942616220908e-07,-2.59945450395645e-07,-1.74845186577496e-07,-5.88234900047071e-07,6.28848530524657e-07,-0.000191303766775032,1.15141186619326e-06,2.43262869806616e-16,4.26010159833504e-06,-8.1576358075177e-07,2.27763587859146e-06,5.33379916020414e-06,-1.26687647046597e-05,-3.63471202288206e-09,-3.0964814046186e-16,-4.04027647288458e-17,-3.53543900248196e-09,-4.53989477973406e-07,5.99047093463266e-08,-6.08803131164552e-07,1.96369563893697e-15,-2.93425354271756e-07,-3.49006446122827e-09,1.67626008038938e-17,-5.20604077232146e-17,-9.26999598546664e-17,7.60595111114127e-07,5.17221277219266e-05,-2.46758415763664e-06,1.95214873839996e-06,9.74605512105803e-07,0.000164159750694603,-8.41032049593053e-07,-1.08944384501075e-14,-1.95213522633881e-07,5.52880495772076e-07,1.78549519998098e-16,-7.09913559732493e-17,-3.58904744626759e-07,-1.94966905100702e-10,-2.16483906670404e-07,1.18626770094731e-06,2.18435064844979e-07,-8.19535584267878e-08,-3.29913127240423e-16,-2.76533670774656e-07,-1.3641147511391e-16,-9.51790671232346e-07,7.37147363007e-17,-2.50585984474066e-07,1.04341911213683e-16,1.03921138231588e-06,2.74213465442684e-07,1.17363602330048e-07,1.55210871280166e-06,7.70962826220413e-07,-8.9564749609446e-08,5.74185888024694e-07,4.6914844871428e-06,9.94192674651693e-07,9.24854352119529e-08,2.1185061522756e-07,-6.10759077008864e-07,-1.06985563268544e-06,-8.84052948709196e-08,-3.06902911736087e-07,2.76558481916798e-16,2.96497225553886e-06,-5.2903814715648e-07,3.16947626612803e-07,4.32453430270544e-16,6.0395352792897e-08,2.42999128177287e-06,0.0121261863242242,1.07856478204597e-17,5.64556848973683e-07,-4.82965716007597e-07,7.86003942690569e-17,-1.6676632554284e-05,2.17418251407698e-06,-4.85196459370499e-17,1.24177937562267e-15,-8.65020061958336e-08,-4.6782415686527e-07,-2.76004003769954e-09,-3.99349692333041e-06,1.17315677295466e-06,3.48277244239165e-07,3.39995006045615e-07,3.68408106038858e-06,-9.69342972337788e-06,3.53260681069858e-15,2.1431787243067e-08,1.49364454315392e-08,4.31546949747914e-08,4.28379167641315e-06,-8.26829786325223e-16,3.30929821716645e-16,1.5396013393229e-06,2.84249726216643e-15,-9.31172544935236e-16,2.2535294437055e-05,-0.0620340355232647,9.57123716201689e-05,-2.0275396477654e-06,0.00553512914745956,0.299547275171179,-6.30699301518785e-06,-7.42296802716573e-15,-1.26188981996573e-06,-4.88218256621355e-08,-2.11799551631754e-07,1.66490791992017e-06,-4.59517260706596e-06,-5.7186719025302e-16,-1.7789990404839e-16,-1.14189878818067e-15,2.69293921050561e-07,1.11341663166653e-07,6.4145814492527e-07,5.51634850343755e-16,7.38939604566624e-08,-1.16559265472533e-15,5.31448959685056e-16,-1.41682239733963e-05,1.52102171956129e-07,-2.37501262146528e-16,3.40692519118701e-07,1.6415704175087e-07,1.42230010458901e-15,-3.22535918372662e-07,2.94155859861559e-16,-9.65242528086018e-08,2.30045412432645e-16,-9.5406612643888e-08,-1.83942238258769e-05,-2.85430278984484e-08,-2.6504069822608e-08,-1.74720539044242e-07,7.41171011018184e-08,-1.60388858418608e-07,1.32143669073099e-16,-7.49640572230566e-07,4.06526439079743e-08,4.97911077739678e-16,5.07104468456681e-09,2.11842799699772e-06,-1.95728135323681e-08,7.17345579786387e-16,-0.000100737418715922,-4.9072337400791e-08,6.06945399528295e-16,1.07637020088039e-07,2.21054072362846e-08,8.26799097392363e-10,-3.35944503981894e-16,-3.15884388462679e-16,-4.77005536514535e-06,9.34497038321919e-10,1.00571442174408e-10,-9.44547083846574e-09,4.83273833513678e-09,-1.80012177624054e-16,-3.90814269385429e-16,1.89548896342166e-08,1.31791182979556e-10,-2.15397838715514e-17,5.14426431713395e-08,3.88850312310283e-17,2.91772824536633e-08,-1.20596548330761e-08,-7.09826090940525e-09,-4.84059205614531e-08,3.04803539681227e-17,-8.29074428999479e-17,9.07090078603892e-17,8.06658315341278e-18,-4.8366431421052e-09,-1.70403786548997e-08,-2.334073138236e-16,1.59708750911374e-16,8.06613773839253e-17,2.53200304792942e-08,2.32713346589151e-10,-1.35866902176738e-08,2.23823467071668e-16,1.6750923564901e-17,7.54198136235229e-17,-5.45891873784193e-05,1.91441532707686e-08,2.64017467814823e-16,3.92875287463790e-09,-1.05451893116517e-07,-1.1934809840619e-16,-2.3237375020638e-16,-7.70940917019446e-08,-1.8563122381447e-06,-3.95892882303266e-08,5.10628287501751e-16,1.06273573414016e-06,7.0230304371048e-08,7.83202202205823e-08,-7.5240789275173e-08,-2.054284713075e-07,3.43384215919434e-09,1.00747652156537e-16,2.51003263809348e-16,4.61649138268986e-16,7.64269249487569e-08,-6.93751962460834e-08,-2.67157886877363e-08,-5.34161034187199e-07,-2.54500233430742e-16,3.54318310110001e-16,1.25887711313415e-15,1.25055220821766e-15,-3.12684102253904e-16,1.30149935181344e-07,4.54511453254371e-16,6.19337576911716e-16,-2.25007799586793e-08,1.53614757683308e-16,-2.02166470302944e-08,-4.75730731393372e-16,-2.52218462322755e-08,-4.48002560241837e-16,-3.49723196928554e-08,-4.54188993216087e-09,-4.40471067368333e-07,9.33272837229705e-16,1.68681213421164e-07,-3.60343360307612e-16,3.03332997768315e-07,-9.04947722424079e-07,1.17043231555183e-07,-5.09311701632356e-15,1.15132576799425e-06,4.23968983592169e-16,-5.53542461389184e-06,-0.371332374516122,5.12382332464358e-15,5.8929265169931e-15,7.08216855121736e-15,-5.40298642748374e-16,5.71252421034996e-09,5.74635471617944e-08,1.00356654057277e-08,1.17039630391418e-15,1.27384281957463e-16,4.71164148874756e-08,-3.73470984726532e-07,-1.09012007554864e-15,-2.54649846972453e-16,9.76564472029588e-09,-4.54338607774965e-16,6.03453973663572e-08,-9.07469442700338e-16,-2.98724611953661e-05,-1.16191197596502e-15,-2.0022137762984e-15,1.64240315412054e-16,1.08405883379385e-16,2.02570355780547e-16,-2.16355692063347e-15,-2.79021419489375e-09,1.92050477271264e-08,2.34600596846891e-16,1.74254422499878e-07,-2.22592673856232e-08,8.32157047513286e-16,-2.84128422922885e-16,-5.15304782887105e-16,-1.04810650283128e-15,3.96307453943202e-10,1.46552982498907e-10,5.64276859542689e-16,-2.54964629709875e-16,-2.66226303092134e-09,-2.23951232664569e-07,-1.72900618479833e-10,-3.78108693853239e-16,-3.21474350679264e-16,-1.11520489564134e-17,-2.540621347297e-17,-9.65478305669545e-16,-4.00811418451801e-17,1.85806164521037e-08,-1.84425556789305e-08,-3.7074406319849e-09,-4.77305345297622e-16,6.25602768687392e-16,-4.33237620913871e-16,8.06267824473763e-17,-1.20779065951314e-16,-8.95989925663736e-16,-4.67562516723671e-16,1.64066068818439e-16,1.07859038434234e-17,-1.03043662612975e-15,-5.92192609765646e-18,-1.30432599437467e-15,-3.04642765258591e-16,1.33456592942193e-16,3.23045651584698e-09,1.9663395535169e-16,2.90350751179727e-16,-2.34914843048498e-17,4.75267048534372e-08,-5.77289214141905e-10,-4.32675108942584e-16,-1.24342221998522e-09,4.59212798499609e-08,4.57009307884076e-16,-4.26547096077669e-16,-2.08853502500367e-06,-5.92245630154992e-16,1.24752631436359e-09,3.58444450297281e-16,-1.50199026289831e-16,5.12444972003279e-17,3.94127183003958e-16,1.31153843337991e-09,-4.05880318186195e-06,-1.6523879196947e-17,-6.30387220169853e-16,2.44917411250803e-16,3.68669703791631e-17,9.71816146977909e-16,3.72889225980963e-16,-5.12968888813217e-16,2.56220551008648e-16,2.57733185976774e-09,-1.37013203415104e-16,1.07038543639472e-15,-9.97500493966862e-16,-9.07669821675172e-16,-8.92834644044043e-16,1.67631119294328e-15,-5.2281699883446e-08,6.82119390907485e-16,1.92502777123287e-17,3.05172361689124e-06,3.37297583199598e-16,-2.64402062412913e-16,1.3408594929833e-15,1.36334962051414e-15,3.43991819358031e-08,2.31015103113505e-16,-2.5606624420517e-08,-8.4221254875765e-16,7.64462657318095e-16,-3.16992901758218e-16,-4.80428736467175e-16,9.58653348029099e-16,1.68626036626783e-15,9.40655808887923e-10,7.15502662120732e-17,-5.58650747679821e-16,5.3710543419306e-09,-1.18921635638382e-07,-3.50275543410308e-16,8.41415133339333e-08,1.23613195875838e-08,-1.72319823577508e-15,-2.05282587271371e-15,-1.33767642048075e-15,1.37239186627136e-15,1.92365256443827e-15,-2.16478210533889e-08,6.92811970198342e-15,-5.12273552136439e-15,1.355082354078e-16,8.75208456503106e-09,-6.10263140238825e-15,7.97732732546272e-15,-2.15361754465378e-14,-0.707106781186547,-4.03738762677807e-09,-2.2059204834499e-14,1.21929863878837e-09,-5.08271986955025e-15,-9.42532706311807e-15,8.84712065482914e-15,-1.19251767448059e-14,1.11221024038509e-15,-1.0018912867893e-15,3.45583299947953e-15,-2.15570179126275e-08,-2.79538853089627e-15,3.85657403352756e-15,9.10344492433746e-09,-2.5363404271872e-15,1.34567490456164e-15,-2.12393999381784e-15,-1.0669827255578e-15,-1.67252290213412e-16,-3.09648768540858e-15,-5.1927167854298e-06,1.12290691545071e-15,-8.96040316268407e-16,2.00330984642348e-08,9.46094108333603e-15,-1.84309927189302e-15,2.97516455100373e-16,-3.25554604439987e-16,5.75828182936007e-16,1.56792333229241e-15,-1.28502667664851e-15,3.95384974055946e-16,1.40448081336945e-15,-8.22950257376918e-16,1.78215061274947e-15,-1.07283709077833e-08,3.56596707886508e-08,-5.97989814101819e-17,-1.54396382215153e-15,1.02627611014475e-15,-2.04166233020394e-15,3.28869012100955e-17,3.40138077522333e-16,-7.44870431198524e-17,1.36598090275084e-15,-3.12722982702371e-09,-4.4522147084189e-16,3.37503386286354e-16,-4.24368477814317e-16,-1.54308523820985e-15,9.05802172719553e-08,2.67670598000153e-16,-6.48000086747372e-10,-5.52224377625388e-16,4.1731549168834e-17,7.51806400506993e-16,2.04704465839067e-16,-7.71574954816305e-18,1.06930344869023e-16,3.89598682866782e-16,4.58702340083221e-16,-6.42219954754515e-16,5.19260408325862e-16,2.33396049655592e-16,1.12943559689576e-16,3.28153631668412e-16,-5.21194342512241e-17,1.95810480401881e-16,-1.53639354111098e-16,5.8876420077447e-16,-9.01815646562938e-16,-4.96865167772892e-16,5.52025726996264e-17,-6.60516292268903e-17,-4.74614347042902e-17,3.93908111553811e-16,4.25123279682984e-16,2.92174952727266e-16,3.19469679575565e-10,-2.13751860117242e-16,-3.8745282379712e-16,2.41552250916141e-16,-2.6784507108459e-17,-7.51889776254252e-17,-2.17621919331139e-16,-2.50181004846798e-16,-3.7210436916765e-17,2.10593221822704e-16,-2.86108444263243e-16,-6.37419397863173e-16,2.78610480352736e-17,1.49979855124394e-16,-1.3257043923955e-16,-4.84045204690283e-16,1.0259474469488e-16,-3.16412378268474e-16,-4.20059732535805e-09,1.67692881924519e-16,-5.77738755461027e-17,1.16196024322317e-16,3.72036581211437e-17,-1.58858982823572e-16,8.99935007073531e-17,4.57770548445891e-16,-3.09681678729611e-16,-5.01515156343219e-17,9.08144000159531e-10,-2.92869370833384e-16,1.216715020923e-16,-1.72405131488436e-16,3.5764580599017e-16,-7.15574788499099e-17,4.4892120640048e-17,2.83987096893425e-17,-5.39331323154656e-18,-2.0005125553205e-16,-2.95319822511978e-17,-2.44533099996431e-17,-3.33337938440955e-17,-2.1265286494146e-18,4.66763206627661e-09,8.12877994531149e-18,-5.75684979535473e-17,-1.79442153751951e-16,-2.97298400090892e-16,-3.16428807260998e-07,-2.1286126556468e-17,-7.5598363520803e-17,-1.54885610359157e-17,1.14662429753398e-18,1.01434030391207e-16,7.73647222240117e-17,3.44578588011009e-16,6.4471189910355e-17,9.6943883141888e-17,1.53268410971151e-16,-1.16476880076053e-16,6.59937836092162e-17,-1.12461015688245e-16,-2.37033668700259e-17,9.23377119227604e-18,2.50568313605464e-16,-1.18658317455282e-16
"t192",-0.00486525267798492,0.049666602039963,0.0638436821763014,0.0150941769795987,0.030257811183421,-0.00489038176237883,0.00149507697075099,5.0945811834228e-05,0.000412500727573365,-0.000996153361576787,-0.000225939235445718,-0.00114502579334464,0.00721469658646762,0.0485842770541643,-0.00120415057972716,0.00209679188333167,0.149039056260935,0.0019265119203373,-0.00121826058858567,0.000465126148837553,-0.00111473425625204,0.000237557219239338,-0.000690201782480577,0.00120748984919121,-0.000193561022556852,0.000938499837408176,-0.00206619389852157,0.147117103544265,0.000443956732207813,0.0119771830707475,-4.94493338427936e-05,0.000771001858053306,0.00030371032364838,1.73791246547846e-05,-9.32544294316053e-06,-2.02636409426772e-05,-7.18206471669663e-05,7.42281048106192e-06,6.50906669065813e-05,2.2988123294291e-05,0.01805161265138,8.9618847604652e-05,-2.849611761256e-05,3.28552977187088e-05,-5.07711248398037e-05,-4.53947619667968e-06,1.13590193296733e-06,-1.8296275002955e-05,2.24047733508591e-05,-4.81411793059277e-05,4.27474424314852e-05,-0.0018351605466449,3.04046063842084e-09,-1.07614164557457e-05,5.79622886521694e-06,-6.14215091685283e-05,3.61293193079984e-06,-0.00521581934723033,-0.000339037546130138,-3.86872057959751e-06,-4.12862141536542e-06,5.1896399086838e-06,-0.000144881001351301,0.000225533876464768,-6.41564363964735e-06,1.91558091904872e-05,-1.0460742927247e-06,5.17840932404487e-05,-0.00268732824516474,1.56585877888508e-05,-2.3893705658379e-06,5.83073427961005e-06,-1.88806061977439e-06,-1.20467551321521e-05,5.02356379754599e-06,4.58090753710504e-08,-4.1840770666223e-05,0.000170888047538133,-1.85865384896693e-05,-2.10471333256774e-05,0.000145431339040947,8.39901689960119e-05,-9.28562020344224e-06,-4.20180459754615e-05,2.24271143890605e-06,6.0171129275268e-05,-8.37671292153061e-06,-1.30785475130399e-06,-2.90196612163216e-07,1.09398194285089e-05,-2.33649234581573e-06,4.30272702722892e-08,2.76415226651783e-06,-1.90377699498055e-05,-3.745353287545e-08,-1.13265859590815e-06,-1.30177843683878e-07,-6.0465700396823e-07,0.000137407846231346,2.11230341937406e-06,1.11661964053508e-06,-7.56149527631844e-08,1.69607983582703e-06,-2.50285642728118e-06,1.17666636286086e-06,-1.96961448923692e-06,7.40918725534047e-05,-2.60970215881025e-06,1.24969183133466e-05,-4.64950164025089e-07,-0.000392237741977596,-2.95421296120941e-05,9.25750920162153e-06,-1.27803602371306e-05,5.11180800638326e-07,-1.83945681142816e-05,3.97980765803981e-05,-5.82218100473393e-05,8.85699989816442e-05,-0.00722134866075713,0.000191374251615042,-0.361600736597189,-0.000579000974166126,-0.00153408690660562,6.17894704475696e-05,-0.000362408862759478,3.56830026560086e-05,-5.65830528185372e-05,0.000154072522281707,0.00213467577475221,8.91877180830481e-06,0.000158043913703279,-2.03518954368613e-05,-3.61630171312712e-05,1.46023197565463e-06,5.47514841680924e-05,-2.89600783736049e-07,-0.00403951415219872,3.70717737961536e-05,-0.000106489698047206,-6.62924810542109e-06,-0.000196204273585122,5.29266775060038e-05,3.32613980876542e-06,1.26633031332751e-06,-6.39865638141007e-07,-0.000738100543650567,3.88531736553363e-06,2.49836710762962e-07,-5.88503181065528e-07,-1.24615107167616e-05,-2.70918868712174e-06,-7.81020282387676e-06,2.14018065043053e-05,-0.000145210957256716,-4.96119847241991e-07,7.38780056584393e-06,-5.20760573010354e-05,-1.71650642688701e-06,-5.64234618288483e-07,-3.71743204945071e-05,0.000126609749655735,-2.55603690447592e-06,-5.06779657850267e-05,3.18147490887383e-05,-2.05694606401028e-05,2.25141682704188e-05,3.86341265753406e-07,1.92341489118887e-05,0.000521940726448512,-4.12774405126166e-05,-7.27437582853205e-06,8.59279926242962e-07,2.22588237680581e-06,5.56351170953213e-06,8.91802574510198e-07,5.00581011259786e-07,-2.14907021955133e-05,-3.54608886156704e-05,-0.000320372120947127,0.00618512219508504,-6.27940538642342e-05,-0.000436898415315967,3.9766662327782e-09,-0.0351930419867367,-6.62121165064325e-08,-1.24923803236773e-05,5.40365144193247e-06,2.44197144376801e-05,-3.25620142379991e-05,-7.96946275825982e-07,1.54577657219288e-06,6.23310605638525e-06,1.12811413195786e-08,3.07130731595289e-05,-1.6026727547636e-06,-2.97269986528229e-06,-2.14074285997572e-06,1.80388159683997e-06,8.14335793876489e-07,8.15926717092934e-07,0.000271815550263018,-2.19334225417612e-08,-4.12794706830285e-06,-6.25546957732623e-06,-3.12903313249954e-05,4.13736375153323e-06,2.20424325449156e-05,-3.27553367716305e-05,-2.18002580855224e-07,-0.000153030471203642,5.06219316992146e-05,-0.000152215090344195,-2.06963194535748e-05,-1.67910369640605e-06,-1.18744701257742e-05,4.12328957181945e-06,6.85978863019218e-05,-9.59403269838864e-06,-0.000172918879646783,-0.150665964036799,-0.000245634122522566,-4.50094166926971e-05,-0.00335152460758961,1.89189207297405e-05,6.85053399019476e-06,9.28168319178e-05,0.000112243128290179,5.64156581831887e-06,3.64524142916762e-06,-9.97211590957906e-06,-1.87074665741061e-06,-9.57370294371539e-07,-1.56511990673381e-06,6.75146484777294e-08,1.38199588271066e-07,4.51605698278055e-06,2.36702141609643e-17,4.36963564709765e-07,-6.10405696436266e-06,0.00939659957579778,1.25807191553284e-06,1.34100814730731e-06,-2.24280396422846e-07,1.85646953496514e-07,-8.99424479698925e-07,1.4094819451308e-08,-7.83087749047114e-10,1.58507102062952e-07,-1.25550461021963e-06,7.6661188109671e-07,-3.42161904018599e-06,1.50199131512813e-07,3.13994061446974e-09,-4.06977696912697e-10,2.6492345141125e-08,-3.73681404889925e-08,6.00581761171605e-07,1.59163207323179e-07,-3.34822809123791e-08,1.50374824365942e-05,-1.77663039920444e-07,3.351588701636e-05,-8.26877239662795e-07,8.39144029582951e-08,-2.88309535610961e-08,5.48577835778781e-09,2.6666762539831e-06,-8.36452300619139e-07,4.19084459675274e-08,4.32466590605321e-07,-3.72184039702102e-08,4.50747754353036e-07,-5.88617685280164e-07,2.28314928831394e-05,-1.78264266544703e-06,1.40722704876136e-06,-1.03551739116953e-07,1.72578284853505e-06,-8.87979352814434e-08,3.44527146404937e-07,-1.35404836177925e-16,-8.56788978104381e-07,-2.9388369233644e-08,-3.86414519360176e-11,-3.37882070186651e-07,4.27877231053477e-08,-2.65624324436432e-08,-8.77501126208418e-08,1.00827782348146e-08,-4.27805595258451e-07,1.48677932350828e-06,5.45309945676038e-08,-1.16537210578082e-06,6.28854467143851e-07,-7.60539729569951e-07,2.41907759069001e-06,-3.68268220061926e-07,6.00697566624981e-07,2.12848830734769e-08,1.61751811551574e-08,8.6908170911195e-07,-5.47123799591728e-06,2.43539945963456e-08,-6.83207173514819e-07,2.50832602498464e-05,-0.00025293682978488,1.7249343640851e-07,1.56114560031096e-07,8.98595375855138e-07,-2.85087677696156e-07,-1.61388972288113e-07,1.8646192082695e-07,-2.01646468770668e-05,2.07273047928422e-08,1.9296275409733e-07,-3.70489667605142e-07,7.33697201643214e-18,1.01653178734018e-09,6.0624070269273e-07,-5.4571470846786e-08,2.81758059377379e-07,3.59060709292772e-08,7.3753175748733e-08,1.74384263738456e-07,-5.59607889565902e-05,8.38850215586536e-07,4.07568860939301e-16,-6.23709621882741e-07,-5.69715678877765e-09,-2.08357958151866e-08,9.87098907154043e-08,1.5072909531445e-07,-9.95223105044705e-09,-3.68393402490715e-07,9.59135511067157e-08,-4.2997264633379e-07,5.39898841638231e-07,-7.97068846418936e-08,-1.86984630320872e-07,-8.11517152238454e-07,-1.34199868711692e-09,-1.78506806931597e-07,1.05020314533992e-07,-1.87249870371407e-07,-1.12480513575764e-17,-4.84839110422333e-07,3.70450586233599e-08,1.06733038907717e-09,8.61839637367979e-09,-2.78486275965451e-07,-4.78808307581546e-07,2.288064870911e-07,-8.20774051151187e-07,-3.84363919518312e-08,2.16396166267224e-16,-6.62788077750308e-08,-2.5504831764905e-08,-7.44983548158369e-08,-1.91139371449885e-16,1.25962778030616e-07,1.7700126547981e-07,-2.6647948934243e-08,-9.67497793601447e-08,-3.11205719415658e-08,-1.69768939196438e-08,-1.20549050793798e-05,1.2256373758252e-08,9.72268548620407e-08,4.97592575147657e-09,2.03818512739789e-08,2.91031804892783e-08,9.72050958164294e-17,-6.73644761090301e-09,1.92940095301478e-08,6.3756329546765e-08,-2.26892418123848e-09,-3.05995081909562e-16,2.59248827268925e-07,-4.93827774940603e-09,1.5182166918371e-08,1.12158862617414e-08,4.18048300188015e-08,-5.2832372426105e-08,2.0147774774283e-05,-1.83752412069845e-07,-3.33544865927445e-16,-8.92308235876003e-07,1.74485295393248e-07,-5.08364920066029e-07,-1.25993219978592e-06,3.00529789569337e-06,8.75693336133061e-10,6.33933010252274e-16,7.12467989158584e-17,9.27896847574079e-10,1.27785176031438e-07,-1.70044580284655e-08,1.83353927773041e-07,-8.66407798047718e-16,9.97276554213125e-08,1.24743414478318e-09,-1.57449284388358e-16,3.0312710977889e-17,1.96286751806208e-16,-3.14802974281884e-07,-2.17884662371626e-05,1.10302917438826e-06,-9.15984189217055e-07,-4.59861459252931e-07,-8.14188936650079e-05,4.19493075775962e-07,5.9046515600854e-15,1.07186620041762e-07,-3.13610893401586e-07,1.95735291847707e-16,9.38173815334382e-16,2.2995356617941e-07,1.28483470724311e-10,1.4805037309054e-07,-8.31345673660044e-07,-1.60284332973778e-07,6.05785102221277e-08,3.025192079089e-16,2.06457425107312e-07,3.4665742828296e-16,7.3110226934121e-07,-6.53037838377595e-16,1.96510418355125e-07,1.11718323237221e-16,-8.36456453016499e-07,-2.2186987726853e-07,-1.01645857467505e-07,-1.3635253883555e-06,-6.8131389501018e-07,8.12030293221958e-08,-5.32169585437205e-07,-4.57303113703286e-06,-9.69520201403182e-07,-9.15815907450083e-08,-2.15698941288959e-07,6.45189720958335e-07,1.16534427701814e-06,9.86277250500023e-08,3.46424704072665e-07,-2.37770555749461e-16,-3.46961160502897e-06,6.40739261697834e-07,-4.22541582114011e-07,-5.24737243064604e-16,-8.27590738371526e-08,-3.46995320305715e-06,-0.0176220122474786,-5.52690492132465e-16,-8.27847515096847e-07,7.33906827952517e-07,1.30830570505957e-16,2.57891324211403e-05,-3.73432731513692e-06,1.80788703174594e-16,-3.17895458650112e-15,1.54798403561714e-07,8.40279840852875e-07,5.04381816624983e-09,7.44762024750989e-06,-2.29095937916248e-06,-6.82839280265923e-07,-6.70374563862984e-07,-7.72650486010691e-06,2.13891426834793e-05,-8.03572533763629e-15,-4.82134009577507e-08,-3.37133642982997e-08,-9.85518264780961e-08,-9.92190053651249e-06,2.09406757952397e-15,-9.52106771093588e-16,-3.63583533873022e-06,-8.54957013329109e-15,3.28921186369284e-15,-6.02659755620796e-05,0.169582838919389,-0.000261770728962741,5.82159916037718e-06,-0.0159988727861624,-0.867053548215437,1.84250228455431e-05,2.18647804040927e-14,4.07532876581007e-06,1.611784957704e-07,7.04358516506736e-07,-5.74443284410306e-06,1.69882186431033e-05,1.80194183527876e-15,6.89376155811443e-16,4.23948866074771e-15,-1.10506623893321e-06,-4.78980647102907e-07,-2.76957399925874e-06,-2.48981356152707e-15,-3.34409150404587e-07,2.8958415761069e-15,-1.30120703793614e-15,8.04150487472964e-05,-8.65957965705672e-07,1.72721537593234e-15,-2.06326514457263e-06,-1.03198650541394e-06,-3.65870014763671e-15,2.19644872625079e-06,-8.41558490972782e-16,7.2908939713543e-07,-4.96604412150533e-16,7.27709774217263e-07,0.00014137300403854,2.21281351855084e-07,2.0798900534868e-07,1.40980014510646e-06,-6.68136916440843e-07,1.72236206791622e-06,-3.56739681928677e-16,1.04913807556854e-05,-5.87715748000382e-07,-3.20201620847447e-16,-7.66710165583848e-08,-3.49317808284613e-05,3.5128972344748e-07,-4.53956420984257e-16,0.00257744295102928,1.36999532147688e-06,9.01503952693518e-16,-3.4178084571548e-06,-7.52785319915921e-07,-3.84694979909232e-08,1.75983181965234e-16,6.48725502157172e-16,0.00157164286866497,1.95824308113398e-07,1.57902646494736e-08,-2.35351827301144e-07,1.05956213573282e-07,-5.44503552507397e-16,3.06440407799576e-16,3.83775707934283e-07,2.64271409899944e-09,-2.23382054864244e-16,9.14539497380242e-07,-1.24244193109757e-16,4.67410849843757e-07,-1.70065798094991e-07,-9.92541600934013e-08,-6.55084507248404e-07,-1.1060487923568e-15,3.96558624840203e-17,1.44873664095721e-15,-9.572141871607e-17,-5.06708821070573e-08,-1.7524105375914e-07,1.33391638168295e-15,3.78520118290194e-16,-4.77699843149934e-16,2.44086819471001e-07,2.18384902390231e-09,-1.18866460999442e-07,1.09030986280844e-16,-6.08356850409931e-16,2.6386770372866e-17,-0.00038613098218538,1.34502326346842e-07,-1.77098212022956e-16,2.56195125424928e-08,-6.67908987991068e-07,-2.13620512328163e-16,5.14210656830497e-16,-4.56693011863731e-07,-1.09387211516499e-05,-2.24537736174529e-07,1.91012468943e-16,5.66162751760986e-06,3.61652706393498e-07,3.84850629541516e-07,-3.46998796856072e-07,-9.31466661461993e-07,1.50829899593651e-08,1.79939630615694e-16,-2.91853486075463e-17,-3.30498472935797e-16,2.79163950030691e-07,-2.52667016613272e-07,-9.49497691085962e-08,-1.66752742532203e-06,2.17941617113609e-16,1.83828596531014e-16,-3.03760693139087e-16,3.44770816009881e-16,7.05338650890035e-17,3.48581630384512e-07,1.94374159080611e-16,3.77970308173158e-16,-5.63241888312465e-08,4.46693429542487e-16,-5.04163872384043e-08,8.17584177028952e-17,-6.24985597086741e-08,-8.31289749847602e-17,-7.57481470913799e-08,-9.49063216094185e-09,-8.68078710541214e-07,2.74661420568994e-15,3.07090393688688e-07,-2.51743832875548e-17,4.46207508216098e-07,-8.64593514871582e-07,1.0895771013004e-07,-1.5137827357268e-15,7.97297289724054e-07,3.90665939998275e-17,-1.48544732149466e-06,-0.0912602574959237,9.74600557235227e-16,1.47404719955262e-15,2.06310292178284e-15,-1.40824244425085e-16,-9.43561557620424e-10,-1.63767108962407e-08,-4.32596193445457e-09,5.171063528376e-16,2.70745618477796e-17,-5.93462585109601e-08,4.86460089742795e-07,-1.63321946844487e-16,1.13714250579514e-16,-2.77329016944996e-08,-2.56536934693975e-17,-1.98194571114303e-07,7.2875361496825e-18,0.000148472014751362,5.92630696187409e-17,-2.88635919964608e-16,1.45946244056617e-16,3.12234411599516e-16,1.8323835948336e-16,-1.1844886656296e-15,3.67490968805183e-08,-2.57028307880443e-07,-2.82489744802283e-17,-3.85254171764654e-06,6.50004919392586e-07,-2.91256878370462e-16,1.99623027899419e-17,-9.31058765391257e-17,-9.86463056196169e-18,6.40466101402856e-08,1.02385774916116e-08,4.11460993876072e-16,8.06046712239931e-19,-1.16290126649221e-07,-9.34076724862279e-06,-6.27041061803891e-09,1.08576776832971e-16,1.18057247387502e-16,1.92984200486031e-16,-2.02270123732979e-17,-2.03427979431569e-16,2.18142845843981e-16,2.43091870273619e-07,-2.29742561327442e-07,-4.41408387107982e-08,1.93564372658622e-17,-4.00798801807828e-19,-6.47654736075815e-17,1.14174464507863e-16,4.34134100536764e-17,-2.84435104238956e-16,-7.36628228672207e-17,1.12387565510906e-16,3.67949113653935e-17,3.27379503741357e-16,1.24783504864014e-17,-1.21935683244673e-16,-6.97029284381838e-16,1.43855670845895e-16,2.38390213761853e-08,2.32451921246559e-17,5.31217026406726e-17,-6.00549773431508e-17,3.36678080455753e-07,-4.05291862006768e-09,4.46319567642646e-18,-8.68172358849803e-09,3.06556648160073e-07,-6.87273477820285e-17,2.49981737259527e-16,-1.32518860982692e-05,-4.10491875826108e-18,7.48604218138958e-09,1.87673121679142e-17,-8.636755007101e-18,4.88390746354244e-19,1.85655681256527e-16,7.29000733934324e-09,-2.24528924079991e-05,4.8810701754435e-17,2.42776740127947e-16,-2.26381107736766e-17,5.44049225708409e-16,-3.36439792583514e-16,2.92191988823795e-16,-7.94861911335949e-17,-8.34142217086172e-18,1.17114478622747e-08,-2.07549981277951e-17,-8.56221262793835e-17,1.00296384729359e-16,7.13744165176807e-17,-8.86984017574198e-18,-2.47046272876735e-16,-2.29813826449953e-07,9.04432659936002e-18,-1.75075772251493e-16,1.33361045207181e-05,-2.24609430841456e-16,2.50994661545397e-17,1.53722847231674e-16,-1.16702185074973e-16,1.41064533483251e-07,-5.04908307642806e-18,-1.03911173785194e-07,-1.75721884769064e-16,-1.44340959400279e-16,1.75925290601565e-16,-1.53891076674419e-16,6.28949078858361e-17,-4.35136447975705e-16,3.73899335687941e-09,2.01690341394186e-16,-6.01393812217486e-17,2.10260215807256e-08,-4.65189537790035e-07,-3.5472438356423e-17,3.24979533587704e-07,4.75564653259438e-08,-3.98447958215598e-17,-1.39063673263785e-17,5.32764152106584e-17,3.25339789265125e-16,-5.85643514183401e-17,-7.88831928256592e-08,4.77125851093696e-17,-1.01202964810917e-16,-2.32145400914144e-16,3.14806353576139e-08,-4.01765543666524e-17,2.03761194652779e-16,5.83758935350781e-17,2.08624194195739e-16,-1.42830923785385e-08,5.20944799240513e-17,4.29189668855029e-09,-4.62003829145108e-17,1.78515103993741e-16,2.88609022759249e-17,1.1611795405687e-16,-4.75612460648105e-17,-1.78000457564991e-17,7.22051951254688e-17,-7.39604339257343e-08,1.76568781123583e-17,2.45063299420839e-16,3.1042064793659e-08,1.545582652711e-16,2.77703630198952e-16,6.33005121335067e-17,1.26649995436014e-16,-1.42931656161734e-18,2.06294975360674e-16,-1.73777113343722e-05,8.90912829748527e-17,9.29451401799999e-17,6.64972073080843e-08,4.93403362876106e-16,-1.22175683024922e-16,-1.36253701770901e-16,-7.37791922484511e-18,-4.73947926236349e-17,6.35562712479278e-17,4.05714023429302e-17,4.83114426893919e-17,-1.5550789726157e-16,7.17818817930865e-17,1.55264975971858e-16,-3.45968797865987e-08,1.14610707821568e-07,-1.2538877815001e-16,-4.59957484395931e-17,-3.77133844323248e-17,4.06771846033769e-17,6.48285136510551e-17,7.24854639263969e-17,-6.87638127395302e-17,-4.99872956494002e-17,-9.88055229152203e-09,-4.48497788857635e-17,7.34202020201048e-17,-1.91016884141134e-16,3.62856282843577e-17,2.82200711866316e-07,3.68966271988506e-16,-1.98813085694803e-09,1.63326026543208e-16,8.39913223722785e-17,-6.45560838849848e-17,-5.67394237541347e-17,-2.94381472833837e-17,1.96498962181664e-17,8.71363362335782e-17,7.14884238578352e-17,-1.03779665114949e-16,-9.13331837059189e-17,5.34867042088156e-17,6.37384906808377e-17,6.33903250562894e-17,-5.08626697291096e-17,1.28399713083229e-16,1.5766052285108e-16,-3.83973026362203e-17,-3.64045200222606e-16,-6.26704906348837e-17,-5.61604436430522e-17,1.54590289137488e-16,2.04991082988551e-17,-2.04275598460101e-17,8.66816470182612e-17,2.17636555620014e-17,9.30215228311743e-10,-9.63908732233917e-17,-1.37649358684151e-16,2.86248547178564e-17,-1.48490711228289e-16,-1.36321487361091e-16,9.26940706015372e-17,-1.04005223099742e-16,4.6230933616295e-17,-1.18964899052321e-16,4.19440683486079e-17,-3.03247959512407e-16,1.27218702829472e-16,-1.63389501599398e-16,-5.3361516668228e-17,9.67230042082444e-17,-1.54839459388618e-16,-2.0640892327669e-16,-1.18444088283701e-08,-1.42011794554409e-16,1.81601267925947e-16,-2.06198990931641e-17,6.69109203136036e-17,1.16709680789171e-16,-7.18668731937868e-18,1.44992063468539e-17,6.97802258767266e-17,1.43096181317035e-18,2.48297940653043e-09,5.97833420411882e-17,4.76873216090955e-17,-8.06279688169506e-17,1.24100988555875e-16,6.47558975918538e-17,-1.89697803973661e-17,8.03019854765878e-17,7.58936055308248e-17,-1.59906256293553e-16,2.9352950395028e-17,4.48546575215322e-17,4.63926914175261e-17,1.80044892215711e-17,1.23986040883563e-08,-4.99112017135188e-17,-4.03851698940489e-17,1.60406080454554e-16,-3.00320613646696e-16,-8.29826081134492e-07,1.39198513668584e-16,-5.88250064940168e-18,-4.21155075555228e-17,3.22416424923163e-17,-1.40832533414337e-17,3.22995921406075e-19,1.56914364568555e-16,1.12878241108481e-17,5.15437818114321e-17,3.50108429123018e-17,-1.36255457538126e-17,2.36204622455851e-17,-4.2134729970829e-17,-4.75613656593693e-17,1.86725070296344e-17,1.22535473811291e-16,-1.69556707589635e-16
"t999",-0.00483910632059314,0.0491737396007341,0.0631967159739223,0.0149176985264628,0.0299057814766949,-0.00484239342896874,0.00148101453611591,5.05776012431028e-05,0.000413546148797828,-0.00102974090139276,-0.000272698479034466,-0.000462364331473663,0.00756142442825265,0.0675851411270623,-0.00719638685987668,-0.0018394835052873,-0.0621965296582243,-0.000446858868154099,0.000101859207981826,6.73039618303867e-05,-0.000227923947027663,3.47471549528413e-05,-6.53690022408946e-05,0.00010684987218706,-1.62799141322563e-05,2.54605442365157e-05,-2.47803514782246e-05,0.000155898248082213,2.28099953519169e-05,-0.00579898410607771,3.73485263064793e-05,-0.000772637657243395,-0.000467439475127988,-3.57172493778688e-05,2.65978871733749e-05,0.000103471840747178,0.000409723441502751,-4.91013705218192e-05,-0.000460594756270102,-0.000190227891197324,-0.2119266772072,-0.00153389527164573,0.00065754305488049,-0.000779633799579521,0.00195729437503232,-0.000220859725603155,3.70149920413226e-05,-0.000526629338678417,0.000517210195065477,-0.00103411777520486,0.00134891206485461,-0.322465418337016,-7.30431691818382e-06,8.85224860610637e-05,1.4194749181471e-05,-0.000175736716553738,1.75810393975937e-05,-0.0278541948978107,-0.00185557126828519,-1.59698174338374e-05,-1.78895618671814e-05,2.27054806081821e-05,-0.000637872187017907,0.000994449544133833,-2.8605402453444e-05,8.64012260962031e-05,-4.92166861889979e-06,0.000256835955935279,-0.0145478524950652,6.21654679616272e-05,-1.2130180102233e-05,3.29440653934545e-05,-1.08707752061986e-05,-7.23005387312312e-05,3.03152325607185e-05,2.81857766588557e-07,-0.000259504600305864,0.00127301519620611,-0.000133525093011269,-0.000159730658521844,0.0128615387412491,0.000599034531336532,-8.78991887718975e-05,-0.000421630712338688,3.00249671572018e-05,0.000885281671148765,-0.000136825192759717,-2.17483673417503e-05,-4.84853198964649e-06,0.000184977804259064,-4.1280763961758e-05,1.28055135560114e-06,8.74147992494877e-05,-0.000992562366019026,-1.11939232079729e-05,-0.000609585563811141,-7.24861864878547e-05,0.00124596527813779,-0.19141387904945,0.000989171757437086,0.000112635558410607,-6.94223367656319e-06,0.000140691464158288,-1.67505407040351e-05,7.23942176817388e-06,-1.15818317015575e-05,0.000435815033003498,-1.58844641695516e-05,8.74554871712916e-05,-7.98611604954337e-06,-0.0910859261346147,1.09259486702798e-05,-1.40675827815975e-06,-6.55977287544776e-06,2.38521135670361e-07,-6.55753207853689e-06,1.23362104302525e-05,-1.16564633538751e-05,1.06720061700541e-05,-0.000606569009890848,9.8929850099985e-06,-0.000338239984910803,1.06675887368904e-05,2.91343108792941e-05,-1.29870530980766e-06,1.12977556846178e-05,-1.13154902892836e-06,1.97628716389824e-06,-4.23893840240989e-05,-5.47299235599985e-05,-2.18813636462546e-07,-1.34523526418066e-06,9.77917085668885e-08,7.33317367076333e-08,1.46848706084187e-08,6.4676570270235e-07,-1.17402355390928e-08,-0.000293565842270661,3.56066542101657e-06,-1.03333853576316e-05,-6.82747660028887e-07,-2.07988138198796e-05,5.86621048554089e-06,3.74777622607584e-07,1.42716781308316e-07,-8.05062041701827e-08,-0.000127340817841675,6.8599723568406e-07,4.5682148457759e-08,-1.15662205572422e-07,-2.46259517219265e-06,-5.493541283878e-07,-1.60730824597079e-06,4.47772097981308e-06,-3.95256719282379e-05,-1.21454782231716e-07,1.83399016460291e-06,-1.68174487916707e-05,-5.84711286494553e-07,-1.93734625969448e-07,-1.33273463077877e-05,5.15319449617696e-05,-9.74016350285766e-07,-1.94343827167857e-05,1.28337634390629e-05,-8.7180934429738e-06,1.18900472564535e-05,2.0968787830541e-07,1.05308613819803e-05,0.00175904673391509,-1.82369163371073e-05,-3.28378665801424e-06,4.40877771187877e-07,1.17139243123909e-06,3.08626283659705e-06,5.01271513560143e-07,2.83301913636239e-07,-1.41184058269381e-05,-3.04633644198672e-05,-0.00029661357873967,0.00624833294193938,-0.000100746760102751,4.43224291484281e-05,3.57989494163884e-08,0.000135266163853136,7.40433183143924e-08,8.65447908125795e-06,4.70852892808099e-07,2.32076779000147e-06,-5.19064062421869e-06,-2.06195247817856e-07,4.69379027605198e-07,1.96508753710958e-06,3.72736972835624e-09,0.000271301208993204,-5.76264138264377e-07,-1.07999782046545e-06,-7.92646410261565e-07,6.73425695358607e-07,3.16944086673208e-07,3.17940668450917e-07,0.000106778684033936,-8.64833918499001e-09,-1.61648558336311e-06,-2.44941158087979e-06,-1.22306784909126e-05,1.60663201144079e-06,8.51144617717192e-06,-1.2403313189041e-05,-7.97530428879522e-08,-5.39201950784906e-05,1.75940668864828e-05,-4.89757408490366e-05,-6.29205336662567e-06,-5.09628927367795e-07,-3.41521928548336e-06,9.77186271510752e-07,1.75413123392084e-05,-1.370591818479e-06,-9.04317967865593e-06,-0.00114736250256046,0.000119851465363444,4.6534523192491e-05,0.0292040113671324,1.07311965259779e-05,3.21208857721409e-06,4.16780121151631e-05,2.34481920982126e-05,4.41519228201483e-07,-1.00767161864346e-07,7.50542276358989e-07,2.34371742836402e-07,1.6585665945516e-07,2.92783814331666e-07,-2.16869400212213e-08,-5.68686894457444e-08,-2.32489055424252e-06,5.47173208729587e-17,-2.89732939471878e-07,4.20485321727244e-06,-2.2772061905495e-05,-2.51076227674947e-06,-2.96276012498269e-06,5.00461347637038e-07,-6.05610537759669e-07,3.15923563005731e-06,-5.12716796610779e-08,3.39787266950155e-09,-7.82401621287645e-07,8.05535347617995e-06,-7.17631556539435e-05,2.64153681070888e-05,-1.66143306414204e-06,9.23120082430876e-08,-6.09510285933023e-09,2.92173083729571e-07,-2.79034935221167e-07,4.39650151845039e-06,9.91018324540414e-07,-1.94270180215836e-07,9.08507644066551e-05,-9.25329954984242e-07,0.000170754477007085,-4.09322953746534e-06,3.99794996791545e-07,-1.36803259686416e-07,2.41076983319679e-08,1.17014857688546e-05,-3.66430127496575e-06,1.80548769638275e-07,2.10183905120715e-06,-1.56639880611083e-07,1.89123960585466e-06,-2.29628933513959e-06,0.00010032350744639,-6.86802677595417e-06,5.38018874301088e-06,-3.93548673560431e-07,6.48576471932436e-06,-3.3282423925612e-07,1.28881802860963e-06,6.46005842909827e-17,-3.1873353507423e-06,-1.09261002740323e-07,-1.43404989328681e-10,-1.25000935857441e-06,1.58050756845107e-07,-9.80794593829997e-08,-3.23973637831996e-07,3.73332890487148e-08,-1.58472591753717e-06,5.50818000916266e-06,2.02511906237396e-07,-4.98264944734739e-05,2.36276432690816e-06,-2.86216886186582e-06,9.15419981803059e-06,-1.43003573042347e-06,2.36289806529498e-06,8.37918908819433e-08,6.3691561287832e-08,3.54811952672724e-06,-2.32388844871546e-05,1.03611896426008e-07,-2.89318390039783e-06,0.000875678808134287,-0.000294890225460901,8.4033414463373e-07,7.61132313784156e-07,4.39113527723217e-06,-1.39601041002193e-06,-7.97229524871723e-07,9.32318735668725e-07,-0.000115508548647119,1.05302907886787e-07,9.91014091701966e-07,-1.9466332762836e-06,1.14353089075351e-16,6.3027006929472e-09,3.83170730113746e-06,-3.55551074660845e-07,1.83748689508905e-06,2.34397229513885e-07,4.85380421373495e-07,1.16775126237881e-06,-0.000427769750766474,5.84241742395907e-06,-3.25453369327864e-16,-4.74580386233624e-06,-4.38398883565917e-08,-1.64302649385535e-07,7.80687980780805e-07,1.26969147791644e-06,-8.69404739256954e-08,-3.39508852778966e-06,9.18464582156846e-07,-4.49363838805633e-06,6.15227321879106e-06,-9.63107085103574e-07,-2.3381434509897e-06,-2.91334332936774e-06,-1.78451342808123e-08,-2.38427123239109e-06,1.44400644798855e-06,-2.63450763849131e-06,-6.31843707272076e-16,-8.21416598487158e-06,6.54576165400516e-07,1.88673604006009e-08,1.73028317759919e-07,-5.70584266480919e-06,-1.29332726751571e-05,6.76311167116935e-06,-2.47139436282678e-05,-1.24435128490459e-06,-4.76315299903396e-17,-2.34270879823956e-06,-9.32931930238732e-07,-3.12544822628143e-06,1.13583325812774e-15,6.26725936147984e-06,9.21783644787738e-06,-1.42281764569067e-06,-5.46029486321683e-06,-1.97285425523842e-06,-1.26255238744147e-06,-0.0021859102563485,8.42886938503091e-07,6.89229866031431e-06,4.1120552644819e-07,2.18973114575321e-06,3.17132876812275e-06,-1.3349372706243e-16,-1.44064076047076e-06,4.84152104833165e-06,2.49665684485412e-05,-3.64640440311681e-06,1.33761424682634e-16,-0.00106641738292963,1.17521180935359e-06,-3.56279338257147e-06,-2.71569324123446e-06,-1.09035561795915e-05,1.84208879554674e-05,-0.284363331645467,-1.28221715823361e-05,3.19208969363498e-17,-2.3647195488403e-05,4.32656060367709e-06,-1.10370150690528e-05,-2.30212682094308e-05,6.1290297190505e-05,1.50764948521198e-08,8.61290205822485e-16,1.34852385408303e-16,1.24223347123186e-08,1.39965266945391e-06,-1.81839450288566e-07,1.65941246580697e-06,-4.79861790173733e-15,6.45682940637982e-07,7.03888692633755e-09,4.064309145027e-16,2.27680587868415e-16,1.8931984351805e-16,-1.23881483427466e-06,-0.000828077491306447,3.30205921649169e-06,-2.41212719732301e-06,-1.19257880779185e-06,-5.24184120435729e-05,9.65864583933791e-07,1.17374969993053e-14,1.83876677157853e-07,-4.90664111841544e-07,-4.07431302144233e-16,-9.79878333055709e-17,2.53313818376342e-07,1.30281574901673e-10,1.34445050227675e-07,-7.01397790407416e-07,-1.17514951627857e-07,4.34200728082256e-08,-3.67439870437081e-16,1.43472132465133e-07,2.19748102615956e-16,4.6477766111513e-07,-3.93375653232053e-16,1.16992335490896e-07,-1.28295670298031e-16,-4.58059539364919e-07,-1.19461732582952e-07,-4.3693641359102e-08,-5.58419742573893e-07,-2.73422230957548e-07,2.98211797572023e-08,-1.80823024880381e-07,-3.62099092383748e-06,-2.73362213642296e-07,-2.44125902561463e-08,-5.16775613239014e-08,1.33511828468361e-07,2.12376024284224e-07,1.62153504542031e-08,5.40816864893807e-08,-1.15818661719679e-16,-4.58905231119435e-07,7.15588145320323e-08,-2.66797474730881e-08,2.01140798911325e-16,-4.18113971919407e-09,-9.39782646189066e-08,-6.97109843774547e-06,-1.52410152452445e-16,6.91975829397764e-08,2.96575600172412e-08,-7.78558033989353e-17,2.20364522989466e-06,-1.37647977512384e-08,-4.35316276728312e-17,4.52443670746423e-16,-3.78824503675637e-10,-2.4582859508757e-09,-2.53289354792896e-11,-5.35835073697884e-08,2.53223281253263e-08,7.73115311985723e-09,7.83381868409858e-09,1.11512989480984e-07,-3.23604800854e-07,-2.31653346678684e-16,7.25649162701744e-10,5.06332567576693e-10,1.46484114521056e-09,1.44753462075859e-07,-6.22258729249562e-17,6.9021577399161e-17,5.11123264275761e-08,-1.79086543062676e-16,-1.01394219615867e-16,3.55157626478267e-07,-1.25398413948436e-05,-8.37906008196023e-08,-6.38280601972549e-09,3.3646889067807e-06,1.93351030968662e-05,2.1914945804885e-08,5.27807373920043e-17,6.49016907642088e-08,3.18059067948678e-09,1.48284803599183e-08,-1.61538212437971e-07,7.39306384305948e-07,-8.43406474029002e-16,-4.67188969941199e-17,6.720244786873e-16,-8.11923611897445e-08,-4.33628441841748e-08,-2.54699687023173e-07,-2.46070297666529e-16,-3.74993754940797e-08,1.39689827937047e-15,-2.74239352313106e-17,2.35832431115107e-05,-2.57684611354191e-07,4.82041706897918e-15,-8.39373005290251e-07,-5.2115963517555e-07,2.83205002190825e-15,2.0143559466535e-06,3.00693637527807e-15,5.13591605234738e-06,2.12504902763559e-15,1.17237119748095e-05,0.201430469629396,-3.24951213398056e-06,-1.27593525539446e-06,-3.7818122842561e-06,5.96167556711398e-07,-8.25606029546472e-07,-1.05741548592473e-16,-3.26094885503961e-06,1.76172457130478e-07,-6.4372638280609e-16,2.19432924232358e-08,1.04218902746317e-05,-8.68465830058438e-08,1.91304326154122e-16,-4.92646111393264e-06,-2.73576633796158e-07,4.4995634802162e-16,6.44293399584101e-07,1.38499555189219e-07,6.50709859620368e-09,4.1703251102033e-16,9.06627306036367e-17,-2.10201489830966e-06,-2.57999969239671e-08,-2.04825104155941e-09,2.21928730677551e-08,-9.47652314599039e-09,6.7944895069828e-18,2.54177519036119e-16,-3.30784040675281e-08,-2.26709178374442e-10,-5.87168712954681e-16,-7.36254909038132e-08,-5.70473686534387e-17,-3.53336818046628e-08,1.17568437245284e-08,6.81706856986235e-09,4.38480702248548e-08,-2.61971075568892e-17,9.69389621537239e-17,1.70320228477101e-16,9.23583093946206e-17,2.6376416850134e-09,8.91850052755205e-09,-3.1180858278728e-16,-4.31168287611572e-16,4.38670136934894e-17,-1.14127522951072e-08,-9.82651200260421e-11,4.78950612818969e-09,9.19266394495245e-17,2.18795386539364e-16,4.7439943683461e-16,2.80070757804002e-06,-3.60010139178858e-09,1.88417750223299e-16,-4.95141482915272e-10,1.14057114520435e-08,1.32558668611791e-16,-8.71453700914497e-17,5.43914763099693e-09,1.21923889839842e-09,1.91693454850066e-09,-3.26786274315224e-17,-2.34476417149404e-08,-3.73699421890864e-10,9.97998239084526e-10,-2.58739824018003e-09,-8.14514746843767e-09,1.67987036782877e-10,2.44427812538803e-16,1.13491639305366e-16,3.53791319383815e-17,6.78318105286622e-09,-6.1887465129596e-09,-2.47921803624969e-09,-6.4070782168517e-08,-3.09831761362455e-16,8.10152246500678e-17,9.2662379929327e-17,-9.49049645503858e-17,-3.82213701202815e-16,1.4615784581447e-08,-5.59283556522756e-17,-1.07016454575762e-16,-2.52597269877595e-09,-1.40026796609989e-16,-2.26871417009448e-09,-7.61522823071914e-17,-2.82840476472345e-09,7.54551569485706e-17,-3.78578427218342e-09,-4.84279580985299e-10,-4.56233507564582e-08,8.32232032153505e-17,1.66721789151138e-08,-1.12805936576367e-16,2.55294686500074e-08,-4.90298893694505e-08,6.93535141282439e-09,1.56492324141646e-16,4.102333711504e-08,-1.7176545511444e-16,-1.05978536007184e-08,-1.35099053825112e-06,3.29148314203127e-16,-2.57728402859575e-17,-6.16171582746901e-17,-5.49257006795084e-17,-2.08459430426398e-10,-2.74037082194671e-09,-6.18562909575813e-10,6.0423665353821e-17,-4.03878012675269e-17,-6.86959138639962e-09,5.61545767140191e-08,-1.23703567426423e-16,4.45380101084639e-17,-3.14006626822824e-09,4.7653572922887e-18,-2.25113693442751e-08,-2.74573217639674e-16,4.94402581307221e-06,-2.00104195556916e-17,-1.38363398989027e-16,1.1570558970499e-16,-4.67923896034794e-17,4.80301752349227e-17,2.54185403807756e-16,4.46787114358618e-09,-3.12698836975346e-08,-2.53235820056841e-18,-4.7181349498941e-06,8.1129757754847e-08,-1.36842759847698e-16,8.35358638035519e-18,3.02961357105576e-17,-8.49843192855998e-18,8.27157654457168e-09,1.33332608528804e-09,-4.08514290470714e-17,-4.06092123243773e-17,-1.5389714015735e-08,-1.21226241477065e-05,-8.25029276557090e-10,4.46474252300451e-17,-5.75845586342295e-17,9.3015597713404e-17,-9.24386534977652e-17,-2.20898805946351e-16,-1.50372523710265e-16,3.40904976194175e-08,-3.24005697507137e-08,-6.25997003190789e-09,-3.31391702558498e-17,-9.72830431465924e-17,-1.41973152910343e-16,-2.84431539904875e-17,-7.71025995611537e-17,-2.73569167825771e-16,-8.42834241157697e-19,-7.60435870797114e-17,7.69533324851459e-17,2.55158408450747e-17,4.32950105367264e-17,1.4382883138623e-16,6.44259129662292e-17,1.36308329108061e-16,3.69933197126019e-09,2.12626204143886e-18,1.77181972192537e-16,-5.03145336711123e-17,5.2844272242162e-08,-6.37800222189978e-10,2.13581643701665e-17,-1.3684377761365e-09,4.89902652217768e-08,4.49355433837526e-17,-1.66070665385506e-16,-2.42843982593588e-06,6.99060361292381e-17,1.24157853290217e-09,7.68656554082697e-17,1.01517567693562e-17,1.62989531967634e-17,-1.24164108290566e-16,1.24762411976663e-09,-4.34016266194152e-06,2.53877366278646e-16,5.8389126513069e-17,-3.17331740111039e-18,-1.68159988836559e-16,3.66636517153129e-16,1.63755388680548e-17,1.07714942041627e-16,-1.98587932776336e-17,2.22167035551682e-09,5.92963621258489e-17,7.90362266744357e-17,-2.41039466613377e-17,2.8147661328017e-16,-8.39987212189598e-17,-1.63587120642896e-17,-4.44938016735228e-08,-3.98624132042444e-19,-1.54682241782054e-17,7.47410536487749e-07,5.17216109583312e-16,-5.36221676579699e-16,1.19009886387107e-17,8.54398499813378e-17,2.86114267948588e-08,-7.54559231628518e-18,-2.12335499306989e-08,-2.37550028327539e-17,-8.72916879887868e-17,1.68081578744545e-16,1.67286545393221e-16,3.81982719722195e-17,6.48025398288057e-17,7.75625220205784e-10,1.06435423561028e-15,1.94017346723177e-16,4.41172290221475e-09,-9.76629254950917e-08,5.32144346412958e-17,6.88936050410531e-08,1.01122914641533e-08,-2.07596971749096e-17,2.63449371469225e-16,-9.49145351219196e-17,3.58578321376823e-17,3.77570038134691e-16,-1.75272599553028e-08,3.65416082555534e-16,9.22176592305619e-17,2.24580461120406e-16,7.0726252465496e-09,7.0453316307732e-16,-3.99314362966255e-17,-2.6454083888838e-16,-1.4672246302204e-17,-3.25580132539851e-09,-4.75435390344012e-17,9.82691006716496e-10,4.60009932293684e-17,4.73061109723659e-16,5.71617986328431e-16,-9.54835691814088e-17,5.0180733895172e-17,2.7013561117142e-17,-6.16299352630313e-17,-1.73341249635619e-08,-6.51339356612026e-16,-7.82932625317178e-17,7.31719610940641e-09,4.57113663696664e-16,2.30912774966243e-16,-2.18358300737511e-17,-7.1591860740695e-17,-2.72948651107334e-17,8.42799941548147e-17,-1.20449738755712e-06,2.41943521454492e-16,-3.18074296690081e-16,1.60882322281407e-08,4.42587117906482e-17,1.44667678987091e-16,2.11152383337636e-16,-1.67683232560377e-16,-2.78985337432032e-16,1.55297937212568e-16,4.97896083099797e-17,-3.9002431520416e-16,-2.0095709887774e-17,1.27121655075808e-16,-2.17805147513657e-17,-8.6196586939391e-09,2.86556276655015e-08,-4.6964240068678e-16,-8.28459275402978e-17,3.12622520125399e-17,-5.27480181777408e-17,6.15108550032495e-16,1.21453951322557e-16,-9.40278404800198e-17,2.82514153033996e-16,-2.51636525569851e-09,3.12307444130352e-18,-3.48059134948655e-17,3.21813088249712e-17,-4.95291813963453e-16,7.10418261714663e-07,-3.11611013257729e-16,-5.23693289260165e-10,9.11248386565306e-17,2.24357505547671e-17,1.30395265187028e-16,1.1374486733577e-16,2.29790686711948e-17,6.17554482048696e-17,-1.76409650187406e-17,-3.58835657278108e-17,-2.23100187298804e-17,-9.52144262729326e-17,1.18891773085462e-16,-2.47648985571118e-18,1.40893272947859e-16,1.24349414453601e-17,3.33957735048058e-17,2.83907737311952e-16,1.04497318757064e-16,1.05171157753315e-16,3.1998723498796e-17,4.68440558304486e-16,5.04194667787228e-16,-8.63053692446453e-18,-7.33042519643295e-16,-9.62957770455137e-17,3.60518293831422e-17,2.6292814853646e-10,6.27854955127173e-16,-1.13071151741626e-15,-1.56976892283045e-16,-2.6098664154833e-16,-2.06574354496051e-16,-9.96782075272369e-17,-6.44147299367668e-16,-1.53847397946272e-16,6.35042204518931e-17,-8.56109621554084e-17,-1.584425949816e-16,-9.94972321370163e-17,-1.58917956992173e-17,1.90562770069936e-17,5.34701914918558e-16,-4.78381877151494e-17,2.84307047027228e-17,-3.54805258195788e-09,-4.1626909179981e-17,-2.85625076243111e-17,-2.85101589233442e-16,-4.77537502582521e-16,2.85524174979506e-16,-2.32770825123893e-16,2.99915856076922e-16,2.10372485885939e-16,-1.70934424930618e-16,8.14902242318872e-10,5.64620260545386e-16,1.00620178990585e-16,1.45734914490789e-16,8.66461320726661e-18,-1.39036141097529e-17,1.01510440166038e-15,-2.08071418696935e-16,4.11111108707418e-17,1.74647742159974e-16,1.04361199788677e-15,-1.75305725515213e-17,2.76534643805756e-16,-3.77051198970063e-17,5.48123116945992e-09,-1.01458764301383e-16,-7.07314526985307e-17,-2.73632576408352e-15,1.97110258887481e-14,-0.406664000450301,3.48908420439158e-14,2.26282152574865e-14,-4.47576359976162e-16,-1.06278147747364e-15,-2.53178994600635e-16,-6.43777905724735e-16,9.57719481588683e-16,-2.01841861856736e-15,8.85214165929918e-16,5.32860999866592e-16,-4.08821704618738e-16,-4.01423788803652e-16,2.64272803563348e-16,3.21379864093829e-16,-3.49621070387597e-16,2.99104728335573e-16,0.707106781186547
"t1000",-0.00483910632059315,0.0491737396007341,0.0631967159739223,0.0149176985264628,0.0299057814766948,-0.00484239342896874,0.0014810145361159,5.05776012430965e-05,0.000413546148797832,-0.00102974090139276,-0.000272698479034471,-0.000462364331473675,0.00756142442825265,0.0675851411270623,-0.00719638685987668,-0.00183948350528731,-0.0621965296582241,-0.000446858868154084,0.000101859207981824,6.73039618303958e-05,-0.00022792394702767,3.47471549528414e-05,-6.53690022409088e-05,0.000106849872187041,-1.62799141322564e-05,2.5460544236506e-05,-2.47803514782301e-05,0.000155898248082179,2.28099953519015e-05,-0.0057989841060777,3.73485263064845e-05,-0.000772637657243376,-0.000467439475128002,-3.57172493778545e-05,2.65978871733995e-05,0.00010347184074717,0.000409723441502743,-4.91013705217704e-05,-0.000460594756270088,-0.000190227891197349,-0.211926677207199,-0.00153389527164568,0.000657543054880515,-0.000779633799579528,0.00195729437503231,-0.000220859725603179,3.70149920413691e-05,-0.0005266293386784,0.00051721019506553,-0.00103411777520484,0.00134891206485461,-0.322465418337015,-7.30431691817872e-06,8.85224860610423e-05,1.41947491814568e-05,-0.000175736716553763,1.75810393976712e-05,-0.0278541948978106,-0.00185557126828511,-1.59698174338209e-05,-1.78895618671748e-05,2.27054806081992e-05,-0.00063787218701792,0.000994449544133784,-2.86054024534735e-05,8.64012260961831e-05,-4.92166861888251e-06,0.000256835955935303,-0.0145478524950651,6.21654679616157e-05,-1.21301801022082e-05,3.29440653934287e-05,-1.08707752061341e-05,-7.23005387313088e-05,3.03152325607028e-05,2.81857766606239e-07,-0.000259504600305856,0.0012730151962061,-0.000133525093011308,-0.000159730658521787,0.0128615387412491,0.000599034531336495,-8.78991887718834e-05,-0.000421630712338705,3.00249671571675e-05,0.000885281671148785,-0.000136825192759723,-2.17483673418196e-05,-4.84853198965304e-06,0.000184977804259057,-4.1280763961787e-05,1.28055135571064e-06,8.74147992495621e-05,-0.000992562366019079,-1.1193923207914e-05,-0.000609585563811126,-7.24861864878401e-05,0.00124596527813776,-0.191413879049449,0.000989171757437005,0.000112635558410643,-6.94223367661143e-06,0.000140691464158373,-1.67505407040968e-05,7.23942176812647e-06,-1.15818317015486e-05,0.000435815033003379,-1.58844641695777e-05,8.74554871712581e-05,-7.98611604947207e-06,-0.0910859261346144,1.09259486702633e-05,-1.40675827814222e-06,-6.55977287549563e-06,2.38521135646167e-07,-6.55753207851295e-06,1.23362104302335e-05,-1.1656463353937e-05,1.06720061700648e-05,-0.000606569009890892,9.89298500994281e-06,-0.000338239984910847,1.06675887369491e-05,2.91343108792642e-05,-1.29870530998247e-06,1.12977556846338e-05,-1.13154902894701e-06,1.97628716387165e-06,-4.23893840241327e-05,-5.47299235600013e-05,-2.18813636436612e-07,-1.34523526411878e-06,9.77917084646571e-08,7.33317367599157e-08,1.46848707341393e-08,6.46765702736177e-07,-1.17402355643385e-08,-0.000293565842270549,3.56066542121208e-06,-1.03333853575167e-05,-6.8274766003363e-07,-2.07988138198704e-05,5.86621048555449e-06,3.74777622740475e-07,1.42716781270595e-07,-8.05062039116102e-08,-0.000127340817841774,6.85997235680286e-07,4.56821483385583e-08,-1.15662205552372e-07,-2.46259517212739e-06,-5.49354128626481e-07,-1.60730824604828e-06,4.4777209797754e-06,-3.95256719281755e-05,-1.21454782203478e-07,1.83399016454887e-06,-1.68174487916311e-05,-5.84711286418047e-07,-1.9373462594876e-07,-1.33273463078236e-05,5.15319449621399e-05,-9.74016350270476e-07,-1.94343827167798e-05,1.28337634389073e-05,-8.71809344298877e-06,1.18900472562773e-05,2.09687878259661e-07,1.05308613823028e-05,0.00175904673391515,-1.8236916337093e-05,-3.28378665805625e-06,4.40877771264865e-07,1.17139243121671e-06,3.08626283654373e-06,5.01271513576733e-07,2.8330191366413e-07,-1.41184058268077e-05,-3.04633644198853e-05,-0.000296613578739782,0.00624833294194018,-0.000100746760102779,4.43224291483688e-05,3.57989494633928e-08,0.000135266163853089,7.40433183829884e-08,8.65447908117489e-06,4.70852892786721e-07,2.32076778993636e-06,-5.19064062425146e-06,-2.06195248041575e-07,4.69379027338133e-07,1.96508753707032e-06,3.72736976889463e-09,0.000271301208993254,-5.76264138104863e-07,-1.07999782088505e-06,-7.92646410097269e-07,6.73425695193835e-07,3.1694408694311e-07,3.17940668293529e-07,0.000106778684034036,-8.64833911920084e-09,-1.61648558336387e-06,-2.44941158081058e-06,-1.22306784910188e-05,1.60663201105911e-06,8.51144617733661e-06,-1.24033131889291e-05,-7.97530429431001e-08,-5.39201950782712e-05,1.75940668866196e-05,-4.89757408490689e-05,-6.29205336647051e-06,-5.09628927380048e-07,-3.41521928556185e-06,9.77186271447812e-07,1.75413123390857e-05,-1.37059181834559e-06,-9.04317967870975e-06,-0.00114736250256046,0.000119851465363534,4.65345231925005e-05,0.029204011367132,1.07311965259882e-05,3.21208857712664e-06,4.16780121151507e-05,2.3448192098192e-05,4.41519228271705e-07,-1.00767161752209e-07,7.5054227627575e-07,2.34371743123359e-07,1.65856659450353e-07,2.92783814374691e-07,-2.16869400205743e-08,-5.68686894785403e-08,-2.32489055407819e-06,3.41470875011948e-17,-2.89732939298839e-07,4.20485321714809e-06,-2.27720619054604e-05,-2.51076227664313e-06,-2.96276012496079e-06,5.00461347905092e-07,-6.05610537655002e-07,3.15923562983796e-06,-5.12716796383371e-08,3.39787244114173e-09,-7.82401621309452e-07,8.05535347620133e-06,-7.17631556538673e-05,2.64153681070295e-05,-1.66143306420923e-06,9.23120082900904e-08,-6.0951028768672e-09,2.92173083760412e-07,-2.79034935187916e-07,4.39650151841205e-06,9.91018324557007e-07,-1.942701801671e-07,9.08507644066136e-05,-9.25329954987589e-07,0.000170754477006983,-4.09322953754385e-06,3.9979499680921e-07,-1.36803259678267e-07,2.41076983328452e-08,1.17014857687581e-05,-3.66430127500897e-06,1.80548769703496e-07,2.10183905116055e-06,-1.56639880547305e-07,1.89123960598599e-06,-2.29628933516647e-06,0.000100323507446401,-6.86802677615344e-06,5.38018874295395e-06,-3.9354867346815e-07,6.48576471921446e-06,-3.32824239148259e-07,1.28881802857375e-06,1.45460535661311e-17,-3.18733535060682e-06,-1.09261002788084e-07,-1.43405036807835e-10,-1.25000935831749e-06,1.58050756811699e-07,-9.80794592812138e-08,-3.23973638115602e-07,3.73332888521739e-08,-1.58472591740957e-06,5.50818000899058e-06,2.02511906244927e-07,-4.98264944736233e-05,2.36276432689109e-06,-2.86216886236435e-06,9.15419981796527e-06,-1.4300357303305e-06,2.36289806536432e-06,8.37918908345085e-08,6.36915612068331e-08,3.54811952688544e-06,-2.32388844871758e-05,1.03611896411865e-07,-2.89318390041273e-06,0.000875678808134236,-0.000294890225460751,8.40334144622637e-07,7.61132313718231e-07,4.39113527691939e-06,-1.39601041025632e-06,-7.97229524884175e-07,9.32318735498342e-07,-0.000115508548646949,1.05302907378169e-07,9.91014091532341e-07,-1.94663327608218e-06,-5.59945325918833e-18,6.30270094074081e-09,3.83170730148409e-06,-3.55551074722929e-07,1.83748689509409e-06,2.3439722950653e-07,4.85380420953038e-07,1.16775126244635e-06,-0.000427769750766566,5.84241742384667e-06,-1.50738646467443e-16,-4.74580386232391e-06,-4.38398886067352e-08,-1.6430264927748e-07,7.80687980962842e-07,1.26969147793963e-06,-8.6940473961915e-08,-3.39508852756605e-06,9.18464581852484e-07,-4.49363838802631e-06,6.1522732190199e-06,-9.63107085215766e-07,-2.33814345085353e-06,-2.91334332934633e-06,-1.78451343430726e-08,-2.38427123238783e-06,1.4440064483429e-06,-2.63450763858752e-06,-5.3800397066904e-16,-8.21416598491493e-06,6.54576165387018e-07,1.88673603998646e-08,1.73028318007996e-07,-5.70584266478626e-06,-1.29332726750875e-05,6.7631116711155e-06,-2.47139436282767e-05,-1.24435128495744e-06,8.48833638306247e-18,-2.34270879821139e-06,-9.32931930310036e-07,-3.12544822630535e-06,1.09578209787958e-15,6.26725936156148e-06,9.21783644819204e-06,-1.42281764579864e-06,-5.46029486331786e-06,-1.97285425512361e-06,-1.2625523877264e-06,-0.00218591025634811,8.42886938231932e-07,6.89229866048692e-06,4.11205526426575e-07,2.18973114575585e-06,3.17132876816272e-06,-8.11697992059184e-17,-1.44064076059745e-06,4.84152104837642e-06,2.49665684487502e-05,-3.64640440306947e-06,1.98912729797707e-16,-0.00106641738292962,1.17521180948284e-06,-3.56279338251098e-06,-2.71569324100359e-06,-1.09035561795732e-05,1.84208879552453e-05,-0.284363331645467,-1.28221715824014e-05,5.04559360552542e-17,-2.36471954885197e-05,4.32656060369216e-06,-1.10370150691843e-05,-2.30212682094647e-05,6.12902971903947e-05,1.50764948435003e-08,1.07401067206414e-15,1.80032416754299e-16,1.24223347112772e-08,1.39965266950475e-06,-1.81839450185799e-07,1.65941246510062e-06,-4.81085312648529e-15,6.45682940597537e-07,7.03888707513125e-09,3.23715335314236e-16,1.61112858680867e-16,8.51307364080694e-17,-1.23881483450774e-06,-0.00082807749130597,3.30205921628159e-06,-2.41212719740848e-06,-1.192578807713e-06,-5.24184120435099e-05,9.65864583936482e-07,1.17628476075347e-14,1.83876677094233e-07,-4.90664111799202e-07,-1.513268750485e-16,-1.62335834118034e-16,2.53313818396434e-07,1.30281487697008e-10,1.34445050523094e-07,-7.01397790345797e-07,-1.17514951780451e-07,4.34200729325734e-08,-3.81507393625079e-16,1.43472132454828e-07,-3.69176744778367e-16,4.64777661070414e-07,-6.88813968970775e-16,1.16992335663286e-07,-9.34594364131176e-17,-4.58059539109668e-07,-1.19461732650438e-07,-4.36936413437661e-08,-5.58419742519259e-07,-2.73422231000079e-07,2.98211799139243e-08,-1.80823024893657e-07,-3.62099092428496e-06,-2.73362213154203e-07,-2.44125903162527e-08,-5.16775613819619e-08,1.33511828542257e-07,2.12376024553277e-07,1.62153504625211e-08,5.40816864843414e-08,-1.61731086842355e-18,-4.58905231295415e-07,7.15588145053512e-08,-2.66797477139888e-08,1.7444833255483e-16,-4.18113995932214e-09,-9.39782645729781e-08,-6.9710984376678e-06,-1.52224164698927e-16,6.91975827506046e-08,2.96575600018529e-08,-1.24962321236779e-16,2.20364522971469e-06,-1.37647977582474e-08,4.23902301801842e-17,6.11965817824368e-16,-3.78824427166765e-10,-2.45828589903816e-09,-2.53288533201566e-11,-5.35835074730755e-08,2.53223281098677e-08,7.73115317052205e-09,7.83381866543417e-09,1.11512989659323e-07,-3.23604801064525e-07,-2.79317584686578e-16,7.25649291762614e-10,5.06332250527524e-10,1.46484090719596e-09,1.44753462189487e-07,1.21344241957718e-16,8.13765166168731e-18,5.11123263160925e-08,-1.65042125030466e-16,-8.71125687986611e-17,3.5515762642392e-07,-1.25398413947632e-05,-8.37906007716887e-08,-6.38280595772175e-09,3.36468890670195e-06,1.93351030968885e-05,2.19149461175752e-08,1.47262716991496e-17,6.49016908431723e-08,3.18059061660594e-09,1.48284803886504e-08,-1.6153821254032e-07,7.39306384451841e-07,-8.36841036374278e-16,-8.45389916959755e-17,9.46327640528588e-16,-8.11923606053226e-08,-4.33628439713533e-08,-2.54699686991648e-07,-5.67435400809441e-16,-3.74993754121187e-08,1.37799250398776e-15,2.99849004238883e-16,2.3583243111582e-05,-2.57684611361514e-07,4.84424241171955e-15,-8.39373005008174e-07,-5.21159635230019e-07,2.564482478266e-15,2.0143559464813e-06,3.01558943075123e-15,5.13591605217718e-06,1.80393370751798e-15,1.17237119748392e-05,0.201430469629395,-3.2495121339536e-06,-1.27593525535398e-06,-3.7818122842061e-06,5.96167556712861e-07,-8.25606029581891e-07,-3.55096173102354e-17,-3.26094885533322e-06,1.76172457114786e-07,-8.36034683749452e-16,2.19432929561297e-08,1.04218902746278e-05,-8.68465829146531e-08,2.96684580393838e-16,-4.92646111403575e-06,-2.73576633961326e-07,4.14083519236303e-16,6.44293399536867e-07,1.38499555200448e-07,6.50709860276344e-09,2.35059631905193e-16,1.41550193059138e-16,-2.10201489833654e-06,-2.57999967224528e-08,-2.04825058514434e-09,2.21928732306388e-08,-9.47652312084596e-09,1.3271064803243e-17,4.95913491154773e-17,-3.30784041177195e-08,-2.26709083605988e-10,2.91111336066385e-16,-7.36254910207724e-08,-3.30910024723943e-17,-3.53336819296918e-08,1.1756843668108e-08,6.81706861259771e-09,4.38480695363377e-08,-9.95371487758544e-17,7.05987525463413e-17,1.39224178474686e-16,3.06185281777196e-17,2.63764176205255e-09,8.91850027640387e-09,-2.17984750346364e-16,-3.23730217680688e-16,1.17009201225684e-16,-1.14127522742991e-08,-9.82646416820318e-11,4.78950622214051e-09,6.15137381110689e-17,1.89054365695371e-16,3.97576936650434e-16,2.80070757778557e-06,-3.60010134654776e-09,1.15597772339587e-16,-4.95141571627643e-10,1.14057116739935e-08,1.34199780154261e-16,-1.03937515428981e-16,5.43914761964671e-09,1.21923898582265e-09,1.91693455757579e-09,6.5149820984387e-17,-2.34476416998751e-08,-3.73699713072647e-10,9.9799814880752e-10,-2.58739811673555e-09,-8.14514703543012e-09,1.67986940985942e-10,-2.20512667261504e-16,-2.55175828117704e-16,9.12424653494067e-17,6.7831811379199e-09,-6.18874651556158e-09,-2.47921724098141e-09,-6.40707820948754e-08,3.20819816426899e-17,1.26081987239932e-16,-1.00566649634475e-16,-1.30371720342471e-16,-5.07981156275335e-16,1.46157841648981e-08,-7.32644206244949e-17,-3.52561216644994e-17,-2.52597263827273e-09,-1.16029903175494e-16,-2.26871416817769e-09,-8.99544750685164e-17,-2.82840496967874e-09,2.8642894446979e-17,-3.7857838614592e-09,-4.84279485089936e-10,-4.56233511211264e-08,1.39903608714974e-16,1.667217884447e-08,2.45926736744947e-17,2.55294687034796e-08,-4.90298893945409e-08,6.93535132734196e-09,-4.57383134516277e-16,4.1023337146098e-08,-2.78960684824777e-16,-1.05978535897465e-08,-1.35099053841506e-06,-1.79488983577025e-16,-9.29324384090461e-17,2.01305726106501e-17,-2.98315661804063e-17,-2.08459472501294e-10,-2.74037097356859e-09,-6.185629740601e-10,-3.37331112573199e-17,-3.55098685063627e-17,-6.86959140248913e-09,5.61545770581449e-08,-6.46992365010096e-18,6.37593571497737e-17,-3.14006647542799e-09,-4.86797708591819e-17,-2.25113693336538e-08,-1.1982368186691e-16,4.944025813687e-06,7.74150761677011e-17,-2.60831124864845e-16,9.04589187456627e-18,-5.50311338364178e-17,4.40221100721903e-17,-6.90423688644884e-17,4.46787102302207e-09,-3.12698834030051e-08,-9.79022402454929e-17,-4.71813494990241e-06,8.11297576002008e-08,3.79236032511629e-17,1.24412119443269e-16,1.00470322352363e-16,-1.61362197104248e-16,8.27157627524077e-09,1.33332604762011e-09,-1.10320449328301e-16,-5.44935753528345e-17,-1.53897142295262e-08,-1.21226241480322e-05,-8.25029255778574e-10,-1.47341165504727e-18,-2.83681250726737e-18,1.25207311479208e-17,-7.11644018756947e-17,4.58935276065365e-17,8.03930250922732e-18,3.40904981092764e-08,-3.24005700215368e-08,-6.25997012684768e-09,-6.26147694232718e-17,-7.7536172685086e-17,1.67818573183882e-16,-4.05853594492083e-17,-9.60388656245905e-18,-1.41242284449049e-16,1.25800399419481e-16,-7.07937317498515e-17,3.34427675122376e-17,3.90262482849888e-17,-2.9641143639191e-18,1.2495164437394e-16,1.02097309329999e-16,1.59422535363974e-17,3.6993321684629e-09,-6.29967837847352e-17,-2.46090556528511e-16,-4.42114588191502e-17,5.28442720172e-08,-6.37800425736005e-10,-1.19575703967207e-16,-1.36843703128936e-09,4.89902662044704e-08,-1.18578624840522e-17,1.2932516151242e-16,-2.42843982633868e-06,-7.30292334502197e-17,1.24157855181599e-09,3.88982178208782e-17,4.62653792305689e-17,1.61591201229901e-17,1.05512495081219e-16,1.24762426759233e-09,-4.34016266161516e-06,7.76056241029162e-16,8.36808030755687e-17,-5.25316230265097e-18,1.60380374469388e-16,-3.2295672212912e-16,-3.25272132192639e-17,-2.46926886829942e-17,-6.1992618614772e-17,2.22167044556654e-09,-8.43402470606601e-20,4.89443934531613e-17,-5.35013581387497e-17,2.52501945463588e-16,-9.49924285200937e-17,1.11551733300581e-16,-4.44938019263054e-08,-5.07269689295642e-17,-6.53189869943177e-17,7.47410536864354e-07,-4.58858177998729e-16,-8.46280310729003e-16,5.41393751597156e-17,-6.85697508022369e-17,2.86114262792833e-08,-4.04911079214377e-17,-2.12335496014021e-08,-5.50467430065323e-17,-1.35937579456958e-16,4.87595953298153e-16,-8.53815695928337e-16,2.71341026890731e-17,3.15036396198705e-16,7.75625177074045e-10,1.09485253731962e-15,-1.56679851812767e-16,4.4117234388807e-09,-9.7662925534062e-08,4.57236284311598e-17,6.88936050461928e-08,1.01122916014768e-08,-1.48625855721114e-17,4.1100929049274e-16,-8.47297980608308e-17,2.60328295765558e-17,-4.14064945758615e-18,-1.75272596742124e-08,2.20301126162262e-16,-4.74687939839586e-16,-1.0562047235383e-16,7.07262483382051e-09,3.58669842184592e-17,1.61568576395613e-16,-2.04940149527626e-16,-3.37553777970911e-17,-3.25580120256412e-09,2.2760280521942e-16,9.82690784646266e-10,1.18660534215366e-16,-3.02550019665549e-16,-3.13778221927483e-16,5.73597300765655e-17,1.68167492811283e-16,-1.59896347871375e-17,2.88586445197116e-17,-1.73341250347228e-08,-2.67392786983299e-16,5.33148570019226e-17,7.31719640242727e-09,-1.79729586581719e-16,1.82041875744961e-16,6.96094356948775e-17,-9.76304334986893e-17,4.29390517971168e-17,4.99600494991444e-17,-1.20449738786049e-06,2.58495803707888e-16,2.33335372032445e-16,1.60882318955549e-08,-5.59801079425356e-17,1.05150713688946e-16,-6.07773356350474e-17,-1.56928688629512e-16,1.60833837399844e-16,-3.70136921863149e-16,1.11581056193745e-17,-3.55058900061265e-16,-1.18233270801882e-17,5.77997530614946e-17,-7.95100325697054e-17,-8.61965949343315e-09,2.86556274817291e-08,2.49014747306285e-16,-2.91546351530719e-17,3.34210176141177e-17,-4.14048064217313e-18,1.32924541599438e-15,7.74980969218079e-17,-7.75815804305025e-17,3.78292037245301e-16,-2.51636499388518e-09,-1.9320914055634e-17,-1.84326346104379e-17,-1.52301792453626e-17,3.10267663228286e-16,7.10418262669406e-07,3.2096706794446e-16,-5.23693232475021e-10,1.54402805312284e-16,3.45744896782561e-17,-9.49716760563625e-17,-5.09687423138383e-17,-1.94890100845156e-17,9.81640697925107e-17,-4.03883134424722e-18,7.74237355893796e-20,2.45669229567999e-17,1.58997087217642e-17,5.30486689790868e-17,2.85058376369213e-17,-1.95026776673289e-17,-1.13008663107064e-18,8.17294070724472e-17,-3.10016395903494e-16,2.39809948219164e-17,7.3220523675209e-16,8.76537791488068e-17,4.56538735989233e-16,-2.91379333855479e-17,-2.02527447143806e-17,-4.30008012433596e-16,5.65774262167417e-17,-3.27687266593234e-17,2.62928008267678e-10,-9.88048751696448e-16,1.10157868993396e-16,-8.20416871287913e-17,-2.14462775341473e-16,-1.30816424479394e-16,-7.34513670396975e-17,5.1845149017511e-16,-1.38333587392408e-16,4.0313333853171e-17,5.39699983016348e-18,-1.85822765595006e-15,-2.28349325037154e-16,3.1749453436823e-17,1.9394913384963e-17,-6.95471538645707e-16,-1.07162140775433e-17,1.31243790711267e-16,-3.54805255313917e-09,-1.71944977368903e-17,-5.65885237200685e-17,-1.76029194840414e-17,-1.33163760683531e-16,4.21890610174501e-16,-7.6417653389717e-17,1.50290261630872e-16,-8.9916107563532e-17,-1.82985141700615e-16,8.14902760405184e-10,9.56776186333394e-16,-1.24999094561742e-16,1.12454552547657e-16,1.31379252440905e-16,3.16489234660204e-17,-5.81415257672621e-16,1.05233893695659e-16,-4.49850734808188e-17,2.13632932923908e-16,1.90656445566271e-15,-1.05361880027887e-17,7.80972953758786e-17,-1.36576780197344e-16,5.48123278696346e-09,-1.09168178396498e-16,-7.01838472187596e-17,-1.12389340448085e-15,2.23408124682203e-14,-0.406664000450301,3.50098350768061e-14,2.26449926485098e-14,-4.7748290053149e-16,-9.27405632607276e-16,-1.10480637668211e-16,-5.67972249914183e-16,-1.3855854203606e-15,7.92003411119996e-16,9.26296930606884e-16,4.73055945675111e-16,4.1317081163012e-16,-5.66121222967406e-16,4.76319867047132e-16,-2.31339227630083e-16,2.410198651121e-16,1.9276506595049e-16,-0.707106781186549
"t962",-0.00483904963907609,0.0491725271002344,0.0631951074122641,0.0149171900107452,0.0299045341481409,-0.00484215662645617,0.00148094069587589,5.0574879957835e-05,0.000413519893340224,-0.00102966172703017,-0.000272671929677389,-0.000462308987131422,0.00756049317827038,0.0675766929936159,-0.0071954485923917,-0.00183922970628431,-0.0621877460607764,-0.000446794633481348,0.000101844231777307,6.72932243010499e-05,-0.000227884664004346,3.47399508023637e-05,-6.53547048212093e-05,0.000106826371343466,-1.62763196757261e-05,2.54546603767379e-05,-2.47745585115271e-05,0.000155861483182418,2.28044749886361e-05,-0.00579733321974539,3.73372067435938e-05,-0.000772393128085785,-0.000467281171069587,-3.57045973367073e-05,2.65879998477496e-05,0.00010343041028253,0.000409557379053614,-4.90811645464087e-05,-0.000460403971645167,-0.000190147966123374,-0.211835171488568,-0.00153321752388418,0.000657248356142693,-0.000779283972233246,0.00195640139690061,-0.000220752795019923,3.69967529979077e-05,-0.00052636771032721,0.000516947363219251,-0.00103357948698871,0.00134818759533539,-0.322289732579505,-7.30032908542097e-06,8.84733000757196e-05,1.41865919348002e-05,-0.000175635218981483,1.75699658179195e-05,-0.0278362499137749,-0.00185437263548157,-1.59589351779597e-05,-1.78768893124273e-05,2.26890926622771e-05,-0.00063740486350043,0.000993718258591564,-2.85837852801173e-05,8.63343509365289e-05,-4.91766003571388e-06,0.000256622089204552,-0.0145356157586827,6.2112231685221e-05,-1.21188166791437e-05,3.29111856277709e-05,-1.08598231094701e-05,-7.22262891728129e-05,3.02840260705706e-05,2.81565248130637e-07,-0.00025923441009447,0.00127166879346697,-0.000133378895260293,-0.000159553363276937,0.0128469322158143,0.000598350884710361,-8.77952946981682e-05,-0.000421127183508295,2.99875317093645e-05,0.000884165197253449,-0.000136650652100289,-2.17205730315979e-05,-4.84233261605271e-06,0.000184741005074685,-4.12276904289383e-05,1.27883824730768e-06,8.72974390606992e-05,-0.000991197872406394,-1.11779160515567e-05,-0.000608708792759982,-7.2381900952463e-05,0.00124414640167251,-0.191132950050658,0.000987690732156343,0.000112464203315681,-6.93165742832298e-06,0.000140476786454823,-1.67231683738036e-05,7.22753304738097e-06,-1.15627386709388e-05,0.000435091684642469,-1.58580499891999e-05,8.73095724523007e-05,-7.97272453549355e-06,-0.0909329393950189,1.09074199890918e-05,-1.40436990996365e-06,-6.54835601438147e-06,2.38103838392067e-07,-6.54592916182314e-06,1.23142727451119e-05,-1.16354493129598e-05,1.06525160929695e-05,-0.000605450498298121,9.87464290779476e-06,-0.000337601145180439,1.06472019325933e-05,2.90786074172162e-05,-1.29621806765096e-06,1.1275859143529e-05,-1.12935377830428e-06,1.97241410049266e-06,-4.23039252440264e-05,-5.46195514251186e-05,-2.18371362477916e-07,-1.34246559619179e-06,9.75896474612887e-08,7.31798246602619e-08,1.4654129414123e-08,6.45409803169977e-07,-1.17150823178869e-08,-0.000292926018316417,3.55272556149645e-06,-1.03103284479982e-05,-6.81218362247323e-07,-2.07521349089004e-05,5.85300349715548e-06,3.73932850272803e-07,1.42395083507433e-07,-8.0323180153608e-08,-0.000127046426870007,6.84384571093135e-07,4.5574313663682e-08,-1.15386704940074e-07,-2.45672522409972e-06,-5.48040183842113e-07,-1.60345617660592e-06,4.46696525036735e-06,-3.94287519915599e-05,-1.2115599542458e-07,1.82946805433769e-06,-1.67738285535264e-05,-5.83176549011235e-07,-1.93225193506351e-07,-1.3291951433181e-05,5.13948085575247e-05,-9.71391502430145e-07,-1.93819300784307e-05,1.27987043449834e-05,-8.69400133590587e-06,1.18561009582694e-05,2.090885393118e-07,1.05007529081139e-05,0.00175399555334208,-1.81842820350342e-05,-3.2743022853804e-06,4.39591682819023e-07,1.16796474419574e-06,3.07717156412529e-06,4.99792498334538e-07,2.82465326115811e-07,-1.40760726645344e-05,-3.03705932595929e-05,-0.000295707896475992,0.00622920614756304,-0.000100436072562154,4.41853573083839e-05,3.56879302339391e-08,0.000134845584487542,7.3811087793603e-08,8.62727679420036e-06,4.6934557458965e-07,2.31333396887211e-06,-5.17391322544912e-06,-2.05519733477204e-07,4.6782046794148e-07,1.95853241709615e-06,3.71485100385271e-09,0.00027038540242779,-5.74289739873035e-07,-1.07628568871213e-06,-7.89903564807032e-07,6.71087579909468e-07,3.15815348692699e-07,3.16807045746395e-07,0.000106393930330566,-8.61685615011184e-09,-1.61045735730427e-06,-2.44027619114554e-06,-1.21849625400351e-05,1.60058653636478e-06,8.47927135608163e-06,-1.23558554485623e-05,-7.94433539361778e-08,-5.37083546562205e-05,1.75246958397695e-05,-4.87795261065051e-05,-6.26662355922157e-06,-5.07568751437458e-07,-3.40131967215818e-06,9.73141379059699e-07,1.74684694750407e-05,-1.36480294478249e-06,-9.0045412313466e-06,-0.00114244076749875,0.000119328986894417,4.63308892594777e-05,0.0290756845975213,1.0683447749007e-05,3.19776039098945e-06,4.14919845241252e-05,2.33421142952127e-05,4.39505633290529e-07,-1.00303493023354e-07,7.47074858562986e-07,2.33284484672063e-07,1.65084270264879e-07,2.91418842388455e-07,-2.15848170929139e-08,-5.65992349977725e-08,-2.3138011686937e-06,5.74737338470256e-17,-2.88337798633321e-07,4.18456757529439e-06,-2.26607736782668e-05,-2.49837081346849e-06,-2.94802007722464e-06,4.97970304604382e-07,-6.02551429932797e-07,3.14323828375933e-06,-5.10117634094623e-08,3.38055466230829e-09,-7.78399531723571e-07,8.01387788315563e-06,-7.13925880162982e-05,2.62788027619285e-05,-1.65278758662206e-06,9.18186283693836e-08,-6.06222206180567e-09,2.9058475472234e-07,-2.77492787592887e-07,4.37217498412719e-06,9.85472225345449e-07,-1.93176092314839e-07,9.03345214399131e-05,-9.2005694474426e-07,0.000169778530586157,-4.06973831829191e-06,3.97486613118069e-07,-1.36012824336298e-07,2.39662704097468e-08,1.16328151597552e-05,-3.6427888260685e-06,1.7948445629905e-07,2.08943014742588e-06,-1.5571064030278e-07,1.8800101106477e-06,-2.28226004324453e-06,9.97086744934848e-05,-6.8258328261589e-06,5.34694967428116e-06,-3.91106438559114e-07,6.44511141494735e-06,-3.30732026337773e-07,1.28069769047383e-06,-1.53792064221954e-16,-3.16709566949584e-06,-1.08566480668026e-07,-1.4249041487519e-10,-1.24197433131135e-06,1.57027988604804e-07,-9.74427635164766e-08,-3.2186723384945e-07,3.70856700472639e-08,-1.57420156778723e-06,5.47158696985384e-06,2.01158730672239e-07,-4.948809338948e-05,2.34667249672762e-06,-2.84263795756124e-06,9.09133382513368e-06,-1.41997632063652e-06,2.34611057946222e-06,8.31962379434368e-08,6.32387181865701e-08,3.52227364752602e-06,-2.30648897692899e-05,1.02833438385587e-07,-2.87133663869701e-06,0.00086902577497543,-0.000292645579884418,8.33837595437849e-07,7.55241223843607e-07,4.35707588261822e-06,-1.38516664198176e-06,-7.9100730718367e-07,9.2500384381318e-07,-0.000114597879116372,1.04470946589766e-07,9.83156434723123e-07,-1.93108117393147e-06,4.23421656772052e-17,6.25001867373733e-09,3.79953755528687e-06,-3.52546284371552e-07,1.82195513373809e-06,2.32415529459014e-07,4.81270200618125e-07,1.15783276767437e-06,-0.000424123371897706,5.79225377068881e-06,-1.78312393277634e-16,-4.70438055721688e-06,-4.34564605103113e-08,-1.62859410256691e-07,7.73826863600766e-07,1.2584135291457e-06,-8.61637237021477e-08,-3.36450696318709e-06,9.10145077450175e-07,-4.45244401520329e-06,6.09525518387119e-06,-9.54119332032651e-07,-2.31623914427215e-06,-2.88598484028264e-06,-1.76768406525996e-08,-2.36177517164004e-06,1.43034098046162e-06,-2.60951768110641e-06,-7.83284467391896e-16,-8.13489587667494e-06,6.48236827996624e-07,1.86846303963315e-08,1.7133570067755e-07,-5.64994232145745e-06,-1.28042352711424e-05,6.69528752348778e-06,-2.44658480508631e-05,-1.23181180520983e-06,-1.62705209619668e-17,-2.31899823168027e-06,-9.23474470208034e-07,-3.09357340980365e-06,1.15041508247434e-15,6.20292790356228e-06,9.12307423372023e-06,-1.40817911616319e-06,-5.40402573735629e-06,-1.95246833633555e-06,-1.24947954587351e-06,-0.00216324062306116,8.34104309328362e-07,6.82044298984397e-06,4.06904665689406e-07,2.16669872135924e-06,3.13796193454493e-06,-7.87589997071624e-17,-1.42531586932242e-06,4.78992129834826e-06,2.46993692337038e-05,-3.60713315407318e-06,2.7204088765143e-16,-0.00105477681967646,1.16219122950589e-06,-3.52305749432977e-06,-2.68531183606739e-06,-1.07811255219086e-05,1.82126423339872e-05,-0.281113419241149,-1.26717083017595e-05,-1.22639439541826e-17,-2.33633339019106e-05,4.27452303270618e-06,-1.09037277859321e-05,-2.27416929941803e-05,6.05456557296633e-05,1.48930353761002e-08,6.11490025281825e-16,1.62146863316071e-16,1.22698027297054e-08,1.3823324675535e-06,-1.79587083254344e-07,1.63871556733956e-06,-4.67910724108732e-15,6.37508437168508e-07,6.94918630562835e-09,5.54992317030982e-16,1.78128548103645e-16,7.98670472600144e-17,-1.22270487684627e-06,-0.000817281388642688,3.25862989996413e-06,-2.38016810079266e-06,-1.17676435497009e-06,-5.17178777543308e-05,9.5294496554905e-07,1.15433528612748e-14,1.81378553135299e-07,-4.83961782104435e-07,-2.37996931661503e-16,3.12053332558111e-16,2.49780344010645e-07,1.28455138870013e-10,1.32547739278785e-07,-6.91455621705987e-07,-1.15835102550381e-07,4.27985513318671e-08,-3.22763794339986e-16,1.4141464963744e-07,-3.72579077465755e-17,4.58077000404833e-07,1.1363997308271e-15,1.15299094439769e-07,-8.55733665207055e-17,-4.51397271370554e-07,-1.17722490271473e-07,-4.30491535073496e-08,-5.50160215229392e-07,-2.6937341749773e-07,2.93773816117256e-08,-1.78120389477853e-07,-3.56632947743232e-06,-2.69235252930333e-07,-2.40429107050331e-08,-5.08906577081894e-08,1.31463764375364e-07,2.09098029977945e-07,1.59638561555683e-08,5.32409094617643e-08,-7.56703618464917e-17,-4.51718538209831e-07,7.04302966444918e-08,-2.62506612832494e-08,1.68730346407804e-16,-4.11351571484889e-09,-9.24454108324192e-08,-6.85698601337328e-06,-1.87933050055958e-16,6.80627725595252e-08,2.91676297794815e-08,-4.22386802940436e-17,2.16711149815026e-06,-1.35316685417501e-08,1.2326564311363e-16,-2.4370743844083e-16,-3.72355102177385e-10,-2.41627329972558e-09,-2.48930882188495e-11,-5.26608158161083e-08,2.48822613705191e-08,7.59668999824738e-09,7.69741827571231e-09,1.09547559126043e-07,-3.17844488700472e-07,-6.93211764032919e-17,7.12683932069846e-10,4.97280046343361e-10,1.43859290338943e-09,1.42152626041271e-07,4.15990844212324e-17,8.14101157288277e-17,5.01905652940964e-08,-2.26695597589055e-16,-1.78993749199961e-16,3.48602109792533e-07,-1.23074502709854e-05,-8.22376440934009e-08,-6.26346705170117e-09,3.30170484774487e-06,1.89730748335408e-05,2.15039401343097e-08,1.17573328381822e-16,6.36630597557417e-08,3.11966318956734e-09,1.45440751547259e-08,-1.58420872524201e-07,7.24878043238419e-07,-6.72738094888389e-16,-4.68072258794366e-17,1.26694087540018e-15,-7.95818017371126e-08,-4.24965766223632e-08,-2.49608759858289e-07,-3.24293289280037e-16,-3.67446842261283e-08,1.0844094800072e-15,6.90854176207755e-17,2.30939475801365e-05,-2.52336214905162e-07,4.717065496887e-15,-8.21819182136234e-07,-5.10212356422624e-07,3.0322365544554e-15,1.97165713572376e-06,2.6825125754606e-15,5.02584230271465e-06,1.96008290206284e-15,1.14721974986039e-05,0.197105749876734,-3.17968412295663e-06,-1.24848362483417e-06,-3.70022372010909e-06,5.83172081546181e-07,-8.07344469159786e-07,1.28435566560466e-16,-3.18747761271158e-06,1.7219528971912e-07,-6.10531147485732e-16,2.14466000336207e-08,1.01848424051972e-05,-8.48625634316229e-08,2.15088950496467e-16,-4.81220549861908e-06,-2.67212644457456e-07,3.8117191891579e-16,6.29245407836637e-07,1.3525835386144e-07,6.35368536034535e-09,2.63043327349533e-16,1.00622607293825e-16,-2.05157007788659e-06,-2.51760825292976e-08,-1.99864032508690e-09,2.16366904091238e-08,-9.23768099667172e-09,-5.19083403417351e-18,6.68846961757412e-16,-3.22414340619003e-08,-2.20969891874018e-10,-6.86381675969402e-17,-7.17492000781429e-08,-6.89664043978936e-17,-3.44273831416313e-08,1.14525749889867e-08,6.6405292963027e-09,4.27096942204731e-08,9.12635190841255e-17,8.48299254337787e-17,2.71904719680578e-18,1.28247430792101e-16,2.56757789850576e-09,8.68114569776897e-09,-1.12862412040558e-16,-1.10362959695471e-16,3.83573624919374e-16,-1.1106910262631e-08,-9.56230668326346e-11,4.65970583437766e-09,1.24793390881552e-16,6.09365666650111e-16,4.73186485654142e-16,2.72261332516442e-06,-3.49961697712247e-09,3.48043379415288e-17,-4.81162714528562e-10,1.10822343800297e-08,7.66038517433677e-17,-6.61772967140361e-17,5.2831840165548e-09,1.18424701861247e-09,1.86155875314097e-09,1.21017483713827e-17,-2.27627906044035e-08,-3.62717572751347e-10,9.68416103195791e-10,-2.50978651134464e-09,-7.90003721899813e-09,1.62900204456367e-10,-7.54259324838035e-17,-1.33716342829473e-16,3.26136320277522e-16,6.57044074139822e-09,-5.99454315366937e-09,-2.4010611493195e-09,-6.20027745097597e-08,2.55755709957274e-16,9.39732971397265e-17,5.6869448126953e-17,-1.28726671161368e-16,1.24394770337205e-16,1.4131913189316e-08,-1.12249001998713e-16,-1.25560052233209e-16,-2.44149609401659e-09,-1.85256703711774e-17,-2.19279989767771e-09,-7.88841049525543e-17,-2.7336758026017e-09,-1.14084284493641e-16,-3.65670103246302e-09,-4.67695841861267e-10,-4.40506252682678e-08,1.23574648920582e-16,1.60927039453861e-08,1.04101853898094e-16,2.46257373896393e-08,-4.7251316719065e-08,6.68349844629496e-09,1.24296292580862e-16,3.95184883027767e-08,-1.71706975504559e-16,-1.02027435774104e-08,-1.3005823643043e-06,1.42160484529316e-17,-6.65948255720931e-17,-1.47800859361134e-16,-1.09458939596463e-16,-2.00574820922704e-10,-2.63634439246007e-09,-5.94982163425283e-10,2.75417436830979e-17,-4.83174937406894e-17,-6.60227363260617e-09,5.39674040269701e-08,-1.89430905005276e-17,3.11027616806244e-17,-3.01450533806757e-09,-8.80381469206613e-18,-2.16060603690697e-08,2.30472997956867e-16,4.74184332072396e-06,-1.87108994251507e-16,-1.06275229182576e-16,6.49613770374539e-17,1.10998291184441e-16,-3.92988285021615e-17,1.74058485159084e-16,4.27866800120359e-09,-2.99450661815071e-08,1.12773123104904e-16,-4.51572595196848e-06,7.76308553848064e-08,4.34403106972406e-16,-2.74266281768321e-16,-3.07934495684134e-17,-2.97936209794034e-16,7.90651527135269e-09,1.2741578032607e-09,2.65260874589912e-16,-8.07181279235613e-17,-1.47025747605493e-08,-1.15809244075954e-05,-7.88063093741975e-10,1.36016153945002e-17,-6.18453537167524e-17,2.25227272987292e-17,8.98206402824733e-17,6.66672552861653e-16,1.02067691181373e-16,3.24925398123414e-08,-3.08752288651324e-08,-5.96398867656785e-09,7.04472495504456e-17,6.53891352131575e-17,-4.13499261480123e-17,-7.86310975666441e-18,-7.9444400448153e-17,7.42412073271553e-16,7.33312442757731e-17,-1.77867439083272e-16,-1.88299970727156e-16,-2.22417140127012e-16,-5.84077399377252e-17,-1.64223901313122e-16,-2.81199220641155e-16,8.57689502176909e-17,3.51060083791749e-09,-3.23487207210842e-18,3.91783232763256e-16,-1.43296977335234e-17,5.01196406243091e-08,-6.04835421020505e-10,1.19653398357347e-17,-1.2975993682574e-09,4.6420534441781e-08,1.15642367890032e-17,1.33463439001655e-16,-2.29891089374518e-06,1.17175221419131e-16,1.17395696891107e-09,1.07512682126093e-17,-4.4970509783771e-17,5.35665502810371e-17,-1.88085264426892e-17,1.17733109789518e-09,-4.0950575139934e-06,-7.68621058021845e-16,1.93917750273043e-17,-2.5682693661808e-17,1.01583258066767e-16,-3.74469877849337e-16,3.58270448985552e-18,1.49664861108058e-17,1.21563143462392e-17,2.07881064445244e-09,4.6830066497625e-17,-2.95818199764763e-20,-2.15070475968161e-17,-7.14978252841396e-16,3.61839723179427e-17,-8.44936019479128e-16,-4.15440928013418e-08,2.60432360347372e-17,-3.37210437111688e-17,6.97576292926509e-07,1.10854524212914e-16,1.46236640691088e-15,3.31718371569805e-17,-1.54899982801948e-16,2.65652627110266e-08,2.18994421896979e-17,-1.96949460976453e-08,1.80579933833175e-16,2.45358363503511e-16,-5.19691037049105e-16,6.42941364465002e-16,6.17426401711002e-18,-4.09511663937429e-16,7.17862664279758e-10,-2.53949247923737e-15,-1.99463878397333e-16,4.07600529921305e-09,-9.02228748977219e-08,-1.99697550816214e-16,6.35444651359414e-08,9.32237633820947e-09,-2.10643011380844e-17,-5.52154645337043e-16,1.76472234383176e-16,1.29815213659e-16,1.05554039193719e-16,-1.60226538141014e-08,-5.4405741677688e-16,-4.96022337162331e-17,4.94205285797191e-17,6.44953716389715e-09,-9.54907144964333e-16,4.91545183527809e-17,3.67484371812571e-16,-1.05961854277847e-16,-2.95862577980701e-09,-2.11453779395068e-17,8.91983415690286e-10,-1.33814544609303e-16,-1.59196542661516e-16,3.0459688444181e-17,5.18459524311834e-17,-5.89843503932669e-17,-2.28277418345915e-17,-3.42071772719789e-17,-1.56322600039943e-08,6.50905889344839e-16,-1.79009300408857e-16,6.58724030310919e-09,-2.76463521384036e-16,-2.58596319252468e-16,1.80982659706832e-16,8.8141097724025e-17,5.31372611616e-17,-1.02233990947706e-16,-1.07793113848128e-06,-2.0391482102954e-16,-6.84379158062107e-18,1.43562527018668e-08,2.56223667736665e-16,-2.15421889441044e-16,-3.84908389780586e-16,-8.44473606324896e-17,2.58762426693471e-16,2.41217212041462e-16,-5.68545242089292e-17,5.08362849816216e-16,-3.17713749761471e-17,-5.97565100444071e-17,5.41871338387866e-17,-7.59900369554479e-09,2.52211768638393e-08,1.54340471586197e-16,2.97636390957304e-17,-6.0514498835447e-17,-3.30193006174999e-17,-1.44883291561954e-15,-2.75626459935797e-17,2.98261711141958e-16,-1.99160405287796e-16,-2.19425114034282e-09,4.63965237004709e-17,-1.24035054923402e-17,-6.48933260489884e-17,2.21159464191337e-16,6.13881904383187e-07,-1.46531707921545e-17,-4.47205828359507e-10,6.95461169962183e-17,6.43805615001939e-19,-1.55171296416819e-16,1.42549009339258e-17,2.98587746817908e-17,2.28225579729738e-17,-7.61188832219962e-18,-6.88853897667086e-17,-5.86415030471149e-17,8.3933664050666e-17,1.40390283901368e-16,-2.07188855136882e-17,3.1029614148052e-16,2.88125963104853e-18,-4.44713256219911e-17,-7.14578624952109e-17,-9.64054703060026e-17,-1.01499873381656e-15,-9.72492524143015e-17,-9.78470126312232e-16,4.25278302157439e-17,2.69166465185582e-17,1.00722759052646e-15,1.64201666590074e-16,-3.42274683001708e-17,2.09792008270554e-10,-1.11815809401132e-16,1.09050145181383e-15,2.3694616231149e-16,2.99696718663199e-16,2.25517137795138e-16,2.1211707862961e-16,6.41153691716988e-17,4.59582773571279e-16,-3.71527005049506e-17,1.28763028350832e-16,1.53322450222038e-15,1.03264123428512e-16,1.13997223012093e-18,3.17447044848979e-17,5.12150235392888e-17,-7.37840535640694e-17,-3.31351201367925e-17,-2.57763948372392e-09,3.16083044722468e-18,5.2599857965562e-17,1.29235313056655e-16,5.22350770071206e-16,-6.17858612891483e-16,2.57722345262855e-17,-5.62845661040668e-16,-8.95069596529312e-17,3.46898680101125e-16,4.63145716358652e-10,-6.46096123427344e-16,-3.21706781135877e-18,-1.88133136895461e-16,-1.64917041027176e-16,1.56326427365157e-19,-8.5907849349609e-17,8.56544996125099e-17,4.24466982162303e-17,-4.78998837104236e-16,-2.74126321049176e-15,-9.48443082181883e-17,-3.19308210423167e-16,8.9687249673301e-17,-2.02715933948052e-10,3.52344209063353e-16,2.08154186951513e-16,3.90806393951007e-15,-4.2988074037964e-14,0.818068858062014,-7.03958333665528e-14,-4.55751101783687e-14,9.30636564644535e-16,2.28281863385285e-15,3.87975247606527e-16,1.32580421288324e-15,7.50993295609584e-16,1.24849976946979e-15,-1.80708898226248e-15,-1.04097167649434e-15,-1.00272398212029e-16,1.07438164335286e-15,-7.86281996850234e-16,-1.53378598246134e-16,2.45402206140388e-16,-4.30516713021889e-16,-5.05477220018685e-16
"t272",-0.00483516678740047,0.0490894307031884,0.0630848647428703,0.0148823286924886,0.0298190013323295,-0.00482591444293259,0.00147587586064014,5.03881970461593e-05,0.000411718149127032,-0.00102422601915772,-0.000270847915563054,-0.000458503782986704,0.00749645747022967,0.066995736019296,-0.0071309144517726,-0.0018217688630612,-0.0615833858464195,-0.000442374551304211,0.000100813581784633,6.65539609616083e-05,-0.000225178901523512,3.42431451559012e-05,-6.43683560524886e-05,0.000105205029945971,-1.60283281409887e-05,2.50485734316803e-05,-2.43747081442695e-05,0.000153323665762916,2.24233331500659e-05,-0.0056831845576664,3.65540346807806e-05,-0.000755466988418689,-0.000456315129352991,-3.48276962176209e-05,2.59023061538262e-05,0.000100554340951593,0.000398027513944103,-4.76779455052819e-05,-0.000447153560460768,-0.000184595858657226,-0.20547605262712,-0.00148610162966887,0.000636756918551571,-0.000754958808324707,0.00189429226189583,-0.000213308305514576,3.5726577225823e-05,-0.000508145237913162,0.000498633875399611,-0.000996056850931802,0.0012976578647119,-0.310032859038545,-7.02210346200243e-06,8.5040512373974e-05,1.36169063496643e-05,-0.000168546125249168,1.67951289774237e-05,-0.0265799825184515,-0.00177045542251376,-1.51961212213906e-05,-1.69877480572774e-05,2.15387338595444e-05,-0.000604588482788154,0.000942361047627953,-2.70645644877191e-05,8.16314714291367e-05,-4.63536514916717e-06,0.000241551449765729,-0.013673070097618,5.83577041921313e-05,-1.1315143301143e-05,3.05807730766161e-05,-1.00833162372171e-05,-6.69583676648038e-05,2.8069770969519e-05,2.60803447434114e-07,-0.000240055131228555,0.00117603983379698,-0.00012298148401141,-0.000146937639214667,0.0118066383362686,0.00054965118885045,-8.03837237023291e-05,-0.000385190966428215,2.73108330636734e-05,0.000804294805207482,-0.000124157927658097,-1.97310332318978e-05,-4.39856663710112e-06,0.000167789427313527,-3.74276077549786e-05,1.15595181290667e-06,7.88774078268141e-05,-0.000893189927551344,-1.00258976819665e-05,-0.000545589757475581,-6.48742469969414e-05,0.00111310431912534,-0.17088757838656,0.000880846546506043,0.000100091640482504,-6.1679490137389e-06,0.000124973621862461,-1.4738759217118e-05,6.36538657722268e-06,-1.01778355990114e-05,0.000382602798268666,-1.39411213053735e-05,7.67181409618639e-05,-7.000388044474e-06,-0.0798237215597964,9.56116173238614e-06,-1.23082355873089e-06,-5.71749446145531e-06,2.07725089531997e-07,-5.70064411374291e-06,1.07155740023041e-05,-1.01027061755467e-05,9.22972046647768e-06,-0.000523745622468771,8.53430365665029e-06,-0.0002908595827996,9.15436241990727e-06,2.49995515399772e-05,-1.11406090015834e-06,9.67089305762231e-06,-9.68435814714403e-07,1.68830412446718e-06,-3.60222113389243e-05,-4.65063767411332e-05,-1.85855522249722e-07,-1.13856080091333e-06,8.27097753671657e-08,6.19907724140075e-08,1.23880734821181e-08,5.45450570356181e-07,-9.85761391481403e-09,-0.000245613491674561,2.96451694480495e-06,-8.60211425095814e-06,-5.67881627408003e-07,-1.72921882913841e-05,4.87381761117809e-06,3.1129395783789e-07,1.18541534999406e-07,-6.67425257779962e-08,-0.000105171225298338,5.64380522657692e-07,3.75470756059351e-08,-9.48621835299924e-08,-2.01939243335194e-06,-4.50116974564313e-07,-1.31632542367535e-06,3.66507846034831e-06,-3.21895633084741e-05,-9.88322866972625e-08,1.49152975877767e-06,-1.34985452358735e-05,-4.67805515932957e-07,-1.54922766980517e-07,-1.06281273405361e-05,4.10718267599119e-05,-7.73556726043852e-07,-1.54279705142694e-05,1.01526510322554e-05,-6.87351408297909e-06,9.28216799267237e-06,1.63638964062221e-07,8.21747007244262e-06,0.0013707584442789,-1.41886820685692e-05,-2.5542631446583e-06,3.41847631363727e-07,9.0736806446041e-07,2.38547979381878e-06,3.87244108283994e-07,2.18797743914147e-07,-1.08488201578495e-05,-2.32856630160485e-05,-0.000226519829866052,0.00476762106619136,-7.66742335715179e-05,3.36984189721931e-05,2.71914420904317e-08,0.00010264802059369,5.60142790102033e-08,6.54211822837873e-06,3.53548247906591e-07,1.74220066877906e-06,-3.88781139898154e-06,-1.5347609455978e-07,3.47540532641482e-07,1.45235234678877e-06,2.74732198887972e-09,0.000199559751467392,-4.21299137503933e-07,-7.88521774171833e-07,-5.77088926901191e-07,4.8959448701876e-07,2.2789628354057e-07,2.28493215703172e-07,7.63762695757211e-05,-6.15707967178322e-09,-1.13784625830926e-06,-1.72405305114182e-06,-8.59964856488614e-06,1.12600328972052e-06,5.95176898342319e-06,-8.62110442469543e-06,-5.50177493836729e-08,-3.69703181531193e-05,1.20404913266727e-05,-3.32288562212696e-05,-4.24843524906733e-06,-3.44060779400504e-07,-2.29697253265045e-06,6.50886900893833e-07,1.16620624078666e-05,-9.02065816063639e-07,-5.90994105622703e-06,-0.000747987647103263,7.7338479199956e-05,2.99544285649421e-05,0.0187480251109264,6.83214663275582e-06,2.04156678391499e-06,2.64790941003615e-05,1.47606098093693e-05,2.76369424856993e-07,-6.26766347825061e-08,4.65483352422985e-07,1.44919331412415e-07,1.02264193921454e-07,1.80380005458441e-07,-1.32614927925121e-08,-3.46119273070906e-08,-1.40775409505412e-06,-6.24745620237976e-17,-1.74139193237289e-07,2.52348393600411e-06,-1.35247152782658e-05,-1.47910729205118e-06,-1.73360382976669e-06,2.9271604088706e-07,-3.49728408663862e-07,1.82044977109203e-06,-2.95148015336266e-08,1.94663374999891e-09,-4.46775289868388e-07,4.57233282446584e-06,-4.06248741500146e-05,1.49370966370684e-05,-9.33785845736478e-07,5.05465913593401e-08,-3.30597220131739e-09,1.57212167761731e-07,-1.47508628661746e-07,2.32119434778155e-06,5.16639730127605e-07,-1.00551284732536e-07,4.65368216369093e-05,-4.72393359243976e-07,8.68642160140489e-05,-2.07199358683977e-06,2.00887548922124e-07,-6.86821886866178e-08,1.18739509299385e-08,5.7608611480197e-06,-1.80310326385337e-06,8.83744640405711e-08,1.02676762792847e-06,-7.60367898749717e-08,9.16966640949967e-07,-1.0702477697719e-06,4.65491513744913e-05,-3.17531919626265e-06,2.46692637133872e-06,-1.79245825222074e-07,2.90900207679425e-06,-1.48604390893852e-07,5.73381700201795e-07,-2.15639284372085e-17,-1.40036315308597e-06,-4.79241890121954e-08,-6.25584302340314e-11,-5.38219058992754e-07,6.72797040929841e-08,-4.15226012840588e-08,-1.36782825022074e-07,1.52032393138015e-08,-6.43806721338843e-07,2.23629147480557e-06,8.13181439217799e-08,-1.93734963082701e-05,9.13445398485786e-07,-1.10209214029984e-06,3.47805186191965e-06,-5.15089369602921e-07,8.31259775766808e-07,2.9436503578269e-08,2.23658294156187e-08,1.17111467961835e-06,-7.0907533584005e-06,3.12800180840041e-08,-8.59714516217534e-07,0.000255140019459523,-8.53937493293351e-05,2.30712405919236e-07,2.08099128981142e-07,1.19136427601508e-06,-3.76748742834729e-07,-2.11379421216914e-07,2.42292314095839e-07,-2.94534738112592e-05,2.66254534039156e-08,2.46960928085987e-07,-4.69887756469286e-07,-1.36128263195694e-16,1.21362574707205e-09,7.18718823483267e-07,-6.40258304107996e-08,3.30476427836084e-07,4.21018177360975e-08,8.62872768408559e-08,2.03522676677987e-07,-7.27752516903411e-05,9.44372219480024e-07,3.2368030771052e-16,-6.73701292861928e-07,-6.11524874104062e-09,-2.20477810605834e-08,1.04265874195468e-07,1.52802730199692e-07,-9.82426892802843e-09,-3.48159369575669e-07,8.75385847534689e-08,-3.57353564140788e-07,3.98929728994428e-07,-5.33417701965601e-08,-1.16972436646132e-07,-1.36019344531312e-07,-7.26843967246315e-10,-9.5543188954086e-08,5.17405145661624e-08,-8.5696504899822e-08,6.28476093632002e-17,-6.25399600188368e-08,1.56250064837072e-09,4.40663140555381e-11,-2.18494180170791e-09,8.50353483721895e-08,5.56481508090166e-07,-3.45889074076224e-07,1.30369709323321e-06,7.32393834207411e-08,-1.28373290033194e-16,1.54287715388841e-07,6.38824927907514e-08,2.44711641482217e-07,6.37824379147659e-17,-5.57816779643327e-07,-8.43822185208806e-07,1.32121996812544e-07,5.2191932073066e-07,1.97611404829149e-07,1.30819916388778e-07,0.000232407728047746,-9.63972779072152e-08,-7.9483873543354e-07,-4.97088292569326e-08,-2.86252571239249e-07,-4.16170657531461e-07,8.03919129795238e-17,2.17117183234102e-07,-7.46183926082778e-07,-4.03631697075483e-06,6.31526165818786e-07,-1.99706843623584e-16,0.000211495796333078,-2.66820944445155e-07,8.55516308371167e-07,6.68763870015933e-07,2.76560682148815e-06,-4.92627231299911e-06,0.0824767000905915,4.45215375855265e-06,-2.40321002104737e-16,9.44087098886055e-06,-1.74723777792916e-06,4.56361410302633e-06,9.8287357852948e-06,-2.62309312795966e-05,-6.51004395810601e-09,-2.4980018054066e-16,-5.6721696676196e-17,-5.63930085865717e-09,-6.62680463048546e-07,8.65378566979644e-08,-8.19053522452095e-07,2.58948960317123e-15,-3.44071516863067e-07,-3.87561909198152e-09,-7.58986985485263e-16,-1.75001574639569e-16,-1.22291158944301e-16,7.52200949054432e-07,0.000508880862488618,-2.11360583696389e-06,1.59688662330209e-06,7.92600495629973e-07,3.60805604933815e-05,-6.67481872546664e-07,-8.80126657060931e-15,-1.36083609072399e-07,3.71752589362691e-07,1.35420522383882e-16,-4.13746078269498e-16,-2.09767234613906e-07,-1.10148933524513e-10,-1.16831256318135e-07,6.2067897720987e-07,1.07619995012875e-07,-3.99825666445861e-08,4.42732484528544e-16,-1.33103867384775e-07,2.89466417654318e-16,-4.40488187403931e-07,-3.12114700404265e-17,-1.12617414062553e-07,1.22973927778437e-16,4.49664521497426e-07,1.17735480943626e-07,4.53352686961619e-08,5.8568946051556e-07,2.88065981837254e-07,-3.20351069556609e-08,1.9752565660438e-07,4.1102325490765e-06,3.10401684908763e-07,2.80457358773937e-08,6.06415583523612e-08,-1.61138172022449e-07,-2.62390572569842e-07,-2.0403521865333e-08,-6.86616364585959e-08,1.65292054385659e-16,5.98879921477091e-07,-9.58693692051551e-08,3.84565435645767e-08,-9.43199283830239e-16,6.15395972493959e-09,1.42718264240314e-07,1.07280699983746e-05,1.1627604367662e-15,-1.07219221925599e-07,-4.72085256174047e-08,2.95180495962727e-16,-3.5543746006126e-06,2.40214226391465e-08,-4.26735999243219e-16,-9.7739717820561e-16,6.81617966245763e-10,4.43531896493362e-09,4.62869824294855e-11,9.94071571643319e-08,-4.85987860517928e-08,-1.48811989879806e-08,-1.5141403009029e-08,-2.25470843532068e-07,6.78797707589809e-07,4.02644226554089e-15,-1.5434302845442e-09,-1.07952566230331e-09,-3.14941215723544e-09,-3.14376239388432e-07,-4.2482512462745e-16,-3.93094635640905e-16,-1.12551815260143e-07,3.14837793683042e-16,6.88190296666395e-16,-8.5342427029466e-07,3.05932820703858e-05,2.0448801732827e-07,1.61043469470086e-08,-8.5278652517783e-06,-4.90526253924019e-05,-5.59464622204739e-08,-2.49657806497069e-16,-1.77172787068484e-07,-8.80892004416091e-09,-4.12656180167243e-08,4.60418964810229e-07,-2.20222598398201e-06,2.97131103902581e-15,2.75285052279868e-16,-3.84618152648033e-15,2.58030622720822e-07,1.41791528101127e-07,8.34657732076256e-07,2.24255267049611e-15,1.26356978022454e-07,-5.6742303959247e-15,-1.20838808908185e-15,-9.02034008389387e-05,9.8723358385304e-07,-2.09419883778067e-14,3.32148247088893e-06,2.10202338981354e-06,-1.16196448379016e-14,-8.45345350237413e-06,-1.31065695892923e-14,-2.26356612874749e-05,-8.54530023236278e-15,-5.19017263667958e-05,-0.894848633187795,1.44927183526337e-05,5.72196668550764e-06,1.71716205448089e-05,-2.83870284040777e-06,4.21119802684244e-06,2.42982890474219e-17,1.82031708769723e-05,-9.93263829759199e-07,2.52297312019128e-15,-1.25380679766797e-07,-6.10355884745538e-05,5.20236068678265e-07,-1.47299114351265e-15,3.19644165485808e-05,1.80435407841705e-06,-1.83376804981429e-15,-4.34422670370724e-06,-9.44197128058148e-07,-4.62510656310159e-08,-7.64552794670937e-16,-6.87375491072321e-16,1.658255459684e-05,2.1335113510858e-07,1.7105980641904e-08,-2.33478545142588e-07,1.03978539157675e-07,-1.12630971000415e-16,-1.11552336599051e-15,3.73957073792157e-07,2.57285187556054e-09,6.00286868408706e-16,8.80466149965767e-07,4.60336347977097e-16,4.45496857151065e-07,-1.60045137806011e-07,-9.33256119826686e-08,-6.13910364661815e-07,-6.86452039054417e-16,-3.57876120655674e-16,-5.24315784204249e-16,-4.12942439456723e-16,-4.62372854213818e-08,-1.59593943512053e-07,6.79152570606527e-16,5.38035207387941e-16,-8.69761899184674e-16,2.20766850926342e-07,1.96950315832834e-09,-1.06381017758638e-07,-3.48757928511e-16,-1.15038932698396e-15,-2.94750524985551e-16,-9.72888823324816e-05,1.27495422618847e-07,-2.12932452442078e-16,2.24685654026543e-08,-5.83266949392529e-07,-4.26804591975909e-16,4.02285875446242e-16,-3.95752465765101e-07,-9.1807094679978e-08,-1.93725141724926e-07,2.12320882385788e-16,5.47854411486957e-06,3.09236214653984e-07,3.27719666809071e-07,-2.93891266982334e-07,-7.87784632899008e-07,1.27226770030934e-08,1.5991427859599e-16,5.02761078642136e-16,-5.61861758676898e-16,2.319412808968e-07,-2.09875928643516e-07,-7.87098710739287e-08,-1.54213512745417e-06,-5.64817015408505e-17,-4.27872203053238e-16,-4.82228569422285e-16,4.97981262752201e-16,5.57608545477123e-16,2.817216346869e-07,3.18753366690584e-16,1.58108027659421e-17,-4.52056440985036e-08,4.01347127482345e-16,-4.04478512833609e-08,1.88623254083478e-16,-5.0106895747973e-08,4.36917979030154e-17,-5.97940648001197e-08,-7.45774698457098e-09,-6.76822294983025e-07,2.56790239349942e-15,2.36696364207382e-07,4.17016576308006e-19,3.31460803609947e-07,-5.73531473056577e-07,8.07816922440861e-08,1.32014094403822e-16,4.59686227862208e-07,1.4732919946545e-16,-1.12069722855781e-07,-1.42472427411059e-05,-2.65620172570563e-16,2.6192110512295e-16,2.01586474953241e-16,9.72431236026878e-17,-2.10187341785304e-09,-2.73154228300005e-08,-6.08518923066654e-09,5.0956130152095e-17,2.46021523978925e-16,-6.36313228015255e-08,5.18806589268925e-07,2.41596823320208e-16,-3.47631252841778e-17,-2.70700018530361e-08,2.70985408740111e-17,-1.91357394734317e-07,1.78409250664908e-16,4.0402412514969e-05,2.09485980866931e-16,-2.67375865190363e-16,-3.05680421785547e-16,2.86821759934511e-16,-1.20851998289126e-16,2.54378725404421e-17,3.38872890003773e-08,-2.36950621164682e-07,1.4152007963809e-16,-3.48883651541782e-05,5.93940781837176e-07,-2.75836744532415e-16,4.10427540432639e-16,-1.0105722131611e-16,2.56024822755085e-16,5.80789698548097e-08,9.27406708123741e-09,1.29203733279623e-17,1.21268941014787e-16,-1.0593927143791e-07,-8.33375458348477e-05,-5.64618235402661e-09,-4.29075268838285e-17,-5.82754984409602e-18,-8.40033664463785e-17,-1.39642228727302e-16,-6.57848673249105e-16,2.41256885615328e-16,2.17559853898991e-07,-2.05490967868246e-07,-3.9459054829396e-08,3.78942212093439e-17,2.11178110190537e-16,-2.51424218884376e-16,1.19874253868339e-17,1.82309657962335e-16,7.09125558939892e-17,-3.12097320870619e-16,3.64507179393947e-16,-3.23380239306194e-17,2.70436303165539e-16,2.78835072556717e-17,-3.36097187515613e-16,1.28863560510708e-16,-4.12699380514092e-17,2.11672764090162e-08,2.15326801982684e-16,-1.70462784868474e-16,-1.31072924743146e-17,2.98768402594308e-07,-3.59610151335353e-09,-4.07630543460264e-17,-7.70257740145965e-09,2.71812399729329e-07,-3.40382582617983e-17,8.59895203592475e-17,-1.32391304015451e-05,-5.57298310985977e-17,6.62820860688802e-09,-3.56772812899051e-17,-9.45913808476509e-18,-2.21128570838807e-17,-1.10916109036983e-16,6.45109442780564e-09,-2.23941662574256e-05,2.31286017167702e-16,-2.18244051736412e-16,-9.58833890965843e-18,-2.55715879863071e-16,9.80525339741578e-17,4.94516352019492e-17,-3.66817404977557e-17,1.57345726418473e-16,1.03478688643769e-08,4.25471772969281e-17,-8.43903210118066e-17,-5.97433118686429e-17,1.76426692866507e-16,-1.3400430386567e-16,1.29180668643419e-15,-2.03045223876198e-07,1.70929734782369e-17,3.65206502567107e-17,3.39814047366392e-06,1.60465722939134e-16,1.33861094995317e-16,-3.03942465643979e-17,-1.36743822310056e-17,1.24687347033481e-07,1.9889532783021e-17,-9.18551998765454e-08,2.56689796039353e-16,-1.07049401301354e-16,-1.64820312864834e-17,2.28078100017662e-16,-2.45232678094728e-17,2.77128737523398e-16,3.30584631996644e-09,-1.40336010181936e-16,1.38308385267337e-16,1.85934841879201e-08,-4.11374763789162e-07,7.53157626185589e-17,2.8743211722678e-07,4.20641774286925e-08,7.37721851509515e-17,-3.68064063621276e-16,8.97682604268265e-17,-9.3639258532579e-17,-3.05379185876107e-16,-6.98378121357342e-08,-1.77920226165999e-16,4.74793998073648e-16,-1.18892052201099e-16,2.78784356724463e-08,-2.32286450861795e-16,-1.22859471572625e-16,-7.02947817622428e-17,1.58620397675571e-16,-1.26535476126433e-08,-2.24768563892094e-16,3.80269999856396e-09,-7.2062921699929e-17,1.57356424880973e-16,4.56447389246723e-17,-1.13383335959659e-16,-5.33258137494088e-17,-7.1497155936183e-17,7.31195584854725e-17,-6.55740381234276e-08,1.76072349589826e-16,4.72385142198492e-17,2.75268344379392e-08,-1.15349515190183e-16,-1.99424603615919e-16,-3.25931763877525e-16,1.77152442464659e-16,-9.08940533142381e-17,1.1483222412873e-17,-4.45318867728693e-06,2.05424456069635e-16,1.02495373826664e-16,5.9022045086072e-08,-1.51843031572447e-16,4.75672968177637e-17,2.87577531916464e-16,9.30443086109853e-18,-1.45236446204732e-16,2.87219131869048e-17,-1.59079420498076e-17,-4.38142535585168e-18,-5.35268257046596e-17,-1.19490729649407e-16,4.25115674109547e-17,-3.07373008963397e-08,1.01837614284056e-07,1.65278344145168e-16,2.85312539702931e-16,-1.32143573785584e-17,1.21093118377868e-17,1.26756786490712e-16,-1.70688786358636e-16,-1.87964111509697e-16,-1.42065206202687e-16,-8.78524878943566e-09,3.01830222861672e-17,9.57978200648342e-17,-1.44998310602295e-16,1.35378392073727e-16,2.44290429113881e-06,-6.78828497698063e-18,-1.7699676636018e-09,-9.14692000890405e-16,-1.57677323123736e-16,-1.73812922739626e-17,-8.29778451222366e-17,-4.94532691454789e-18,5.45294330926699e-17,9.01367275367321e-17,-1.49424710530438e-16,4.09574446552394e-17,1.55263168886753e-17,-3.80244612950194e-16,-6.42984542793055e-17,-7.32823094006034e-17,-4.51504628778355e-17,-7.56444775694539e-17,9.03626695447245e-17,4.03455981132534e-18,2.20356974047173e-17,-6.27541823272265e-17,3.85548768820961e-17,-2.86920552421133e-16,7.211443914796e-18,-4.72997347672449e-17,-2.07713850692026e-16,-5.80801578792569e-17,8.30321962546114e-10,2.43168981673631e-16,-1.63539847767122e-16,5.36991302317656e-17,-3.36431426781167e-16,1.4341909964912e-16,-6.8230880835933e-17,2.81815547215669e-16,-1.49005947369264e-16,-1.79189424954316e-17,3.73319813261845e-17,1.77185740038444e-16,1.08595897947076e-16,-8.85269702761277e-17,-1.36736470691945e-16,-9.90777245834653e-17,1.3848314158238e-16,-1.59220966651859e-16,-1.05925094070349e-08,8.06351583262851e-17,5.62851213412078e-18,4.02838397254079e-17,1.97419342538475e-18,4.37884531801009e-17,1.82246475184638e-16,4.62263078285239e-17,2.18642120549354e-16,1.13566797550958e-16,2.22521236764935e-09,6.88277297759648e-17,-4.30950141942459e-18,-6.99603626035905e-17,5.41335296286071e-17,-3.95260814535969e-17,-2.14931451031256e-16,1.56262382838215e-16,1.30689296489397e-16,-2.67794396771654e-17,-1.63135362574441e-17,2.14426271943804e-17,-3.35630974885213e-17,1.14777900759485e-16,1.11438108465116e-08,-1.97454959507346e-16,-1.49857075894954e-16,-1.74087684887346e-16,-3.25721437668958e-16,-0.00326589732635119,4.3072736597521e-16,2.26386803656339e-16,-1.46152535256254e-16,-1.63003186315811e-16,1.00441098462306e-16,-1.30281545705907e-16,1.63300740849184e-16,-2.59113390127458e-18,3.3026053737519e-17,7.64372136068556e-17,2.3034539239191e-16,8.24341728592376e-17,-8.50590536265255e-17,-1.52010218590431e-16,-1.50285778468953e-16,2.59038974820944e-16,-3.41627341964801e-16
"t90",-0.00483051798792585,0.0489899128036724,0.0629528335146878,0.0148405690383286,0.0297165253848506,-0.00480645163677441,0.00146980659815427,5.01644719941611e-05,0.000409558416089664,-0.00101770827605086,-0.000268659777744053,-0.000453936593708168,0.00741959256723965,0.0662983577994596,-0.00705343828483273,-0.00180080263435774,-0.0608576413637753,-0.000437066395360808,9.95757613844656e-05,6.56658404709083e-05,-0.00022192734049798,3.36456379539477e-05,-6.3181760378364e-05,0.000103254470630238,-1.57299753085428e-05,2.45599018124435e-05,-2.38935112614443e-05,0.000150269401737112,2.19645622886937e-05,-0.00554564886642264,3.5609995512439e-05,-0.000735057685935193,-0.000443085495553013,-3.37693965398686e-05,2.5074423941082e-05,9.70795091341096e-05,0.000384095645985181,-4.59821445539952e-05,-0.000431139307133892,-0.000177884711955205,-0.197787292249735,-0.00142912046878904,0.000611971168471645,-0.000725535542570306,0.00181915268010321,-0.000204295936868055,3.41885732560384e-05,-0.000486078242503674,0.000476450595357472,-0.000950591845821147,0.0012364081370229,-0.29517288450896,-6.68477934711426e-06,8.08775857133295e-05,1.29257328738828e-05,-0.000159944650164174,1.5853793955713e-05,-0.0250532311607918,-0.00166846592161791,-1.42682251383997e-05,-1.59054712917257e-05,2.01380386444698e-05,-0.000564620056706134,0.000879806763792739,-2.52131909163057e-05,7.58977946514403e-05,-4.2908507391017e-06,0.000223150827782198,-0.0126197168903013,5.37708831971611e-05,-1.03313372485357e-05,2.77236251973415e-05,-9.1310711425137e-06,-6.04950303424037e-05,2.53528809508231e-05,2.35323286177948e-07,-0.000216515135980832,0.00105861899630297,-0.000110202598687035,-0.000131426387335328,0.0105267373968559,0.000489726115717398,-7.1254228106177e-05,-0.000340911118257218,2.40081788892076e-05,0.0007057097931935,-0.000108732199036351,-1.72742453764343e-05,-3.85057245220225e-06,0.000146855560139685,-3.27341301474536e-05,1.00396850350641e-06,6.84623924433873e-05,-0.000771858480273421,-8.59765084704569e-06,-0.000467318981035209,-5.55642831614344e-05,0.000950513095704717,-0.145762799834848,0.0007481473252191,8.47152103179141e-05,-5.21876981536982e-06,0.0001057041902489,-1.226509944153e-05,5.29044536282701e-06,-8.45081689239091e-06,0.00031712761178166,-1.15497217803696e-05,6.35031747864817e-05,-5.78692440405143e-06,-0.0659585302741933,7.88018330080801e-06,-1.01411697452927e-06,-4.67879687508993e-06,1.69737832756214e-07,-4.64307903336096e-06,8.71489947993146e-06,-8.18328478516583e-06,7.44683332798885e-06,-0.000421312328250007,6.85345623811703e-06,-0.000232187317301181,7.27931531598933e-06,1.98760244526567e-05,-8.85240665634196e-07,7.65349673466842e-06,-7.66155808270229e-07,1.33097068192681e-06,-2.81090661577482e-05,-3.62859401599827e-05,-1.44888983056752e-07,-8.81390031714846e-07,6.39389404798274e-08,4.78737512045753e-08,9.52726774932097e-09,4.19245202495532e-07,-7.50936665085385e-09,-0.000185736967756695,2.2190327477399e-06,-6.43706831403376e-06,-4.24199430477685e-07,-1.29053010753437e-05,3.63204975120593e-06,2.31851431344162e-07,8.82889545616386e-08,-4.95090920913455e-08,-7.73814184581872e-05,4.11757178751378e-07,2.73350014309697e-08,-6.87350506171105e-08,-1.46265255547162e-06,-3.25427623203739e-07,-9.50659633066775e-07,2.6436993031981e-06,-2.29553272648923e-05,-7.03496951377437e-08,1.06028591357063e-06,-9.30304771314686e-06,-3.19882908936188e-07,-1.05806424179123e-07,-7.20953058239173e-06,2.78217671835299e-05,-5.19368035921343e-07,-1.03470842315942e-05,6.74906006715594e-06,-4.52958591244518e-06,5.95886382124135e-06,1.04951445045515e-07,5.26906812037948e-06,0.000875694536123626,-9.02486194045422e-06,-1.62364100950869e-06,2.15404553558202e-07,5.70161973911894e-07,1.48990342575029e-06,2.41498952625521e-07,1.36344750390404e-07,-6.66342902946295e-06,-1.408378186138e-05,-0.000136635830802832,0.00286837868584667,-4.57750165690059e-05,2.00577334370486e-05,1.61368020694902e-08,6.07455888506752e-05,3.28332986376629e-08,3.82554434509739e-06,2.02406341055602e-07,9.96695715861882e-07,-2.20800766464453e-06,-8.53838990881866e-08,1.89944319530181e-07,7.88802754027601e-07,1.4780514394001e-09,0.000106594322245338,-2.2015183757941e-07,-4.10042564324743e-07,-2.96972573600324e-07,2.50613597511594e-07,1.11785633414014e-07,1.11844894509399e-07,3.66777362294147e-05,-2.89996071174628e-09,-5.10155188512289e-07,-7.72799233272243e-07,-3.83647874922716e-06,4.94971470300167e-07,2.58907149615676e-06,-3.64438710216158e-06,-2.24056747986728e-08,-1.4586935364135e-05,4.70299571890317e-06,-1.23768533053047e-05,-1.53887825377107e-06,-1.24532868394398e-07,-8.12826397090155e-07,2.16735745420334e-07,3.83577154132103e-06,-2.76765045258334e-07,-1.72076361205611e-06,-0.000213685820609511,2.03157761850311e-05,7.70181784371298e-06,0.0047052520543561,1.58472078781346e-06,4.65591771985636e-07,6.01336501811254e-06,3.03583561090902e-06,5.31724510514269e-08,-1.11178497911439e-08,7.93584817248648e-08,2.36630507011459e-08,1.6002625313267e-08,2.78772651350524e-08,-1.80961820962288e-09,-4.32618420875506e-09,-1.58226170169445e-07,-7.17354682105776e-17,-1.63714045711492e-08,2.27853820574677e-07,-8.6772576391409e-07,-6.43534606898838e-08,-4.5327950359046e-08,7.34557031424636e-09,2.81078701132227e-09,-2.49753624465786e-08,4.82511022793007e-10,-5.64817700724588e-11,1.68309808378026e-08,-2.45447254874423e-07,2.47255263021967e-06,-9.53601548158558e-07,7.49779981937493e-08,-7.69511515999629e-09,5.91650777009194e-10,-3.1719300809583e-08,3.73277708846294e-08,-5.9608147959663e-07,-1.52021147589445e-07,3.17538740539952e-08,-1.61605853450871e-05,1.68898289476763e-07,-3.20008439584624e-05,7.94896144878448e-07,-8.16759435808779e-08,2.81061947510062e-08,-5.57708223087665e-09,-2.71401619206058e-06,8.52348714038174e-07,-4.32772384822821e-08,-5.09368038148461e-07,3.92831386641918e-08,-4.77274209551098e-07,6.98194765452883e-07,-3.10834141027925e-05,2.15947916194572e-06,-1.74862178528258e-06,1.31257428709725e-07,-2.28868110078471e-06,1.19331583292894e-07,-4.6788737922157e-07,4.49078417170531e-17,1.20661342157064e-06,4.1586808961156e-08,5.55442493266507e-11,5.04112767468497e-07,-6.59233669217542e-08,4.15556972892959e-08,1.38324900098916e-07,-1.75319883380531e-08,7.48608736746333e-07,-2.60615265767657e-06,-9.83978702805596e-08,2.60365451123431e-05,-1.24981295523377e-06,1.52678697213991e-06,-5.01901866637008e-06,8.66581384170219e-07,-1.49035050799246e-06,-5.29718119183732e-08,-4.02922950168314e-08,-2.46718104857078e-06,1.79073936488658e-05,-8.08588996865604e-08,2.29971162061323e-06,-0.00071156598503801,0.000241238366827041,-7.2639272140506e-07,-6.60622035542113e-07,-3.83982855129837e-06,1.22696810889002e-06,7.12436984386628e-07,-8.48473722416688e-07,0.000106890779389021,-9.8155167040658e-08,-9.3511257805385e-07,1.88486317557516e-06,-1.60468510679217e-16,-7.09284301079621e-09,-4.37464767040672e-06,4.14700813035086e-07,-2.14452135238268e-06,-2.73745529321904e-07,-5.6981792531868e-07,-1.38436212465947e-06,0.000513018670271221,-7.1718994589859e-06,4.80130544818583e-16,6.14001420911101e-06,5.70857412408292e-08,2.16906448718454e-07,-1.03232178263125e-06,-1.73637892981086e-06,1.21099780699337e-07,4.85225594613353e-06,-1.33590412277039e-06,6.78603513486716e-06,-9.61288178852701e-06,1.53762512050444e-06,3.77823633726988e-06,4.74303665534634e-06,2.94400111997402e-08,3.93918665735884e-06,-2.40814038085075e-06,4.42545936340615e-06,2.18217025524267e-15,1.45579432780551e-05,-1.17295711747529e-06,-3.38127155826276e-08,-3.19895863150013e-07,1.05985246817974e-05,2.5428288482082e-05,-1.35122803835561e-05,4.95333957395199e-05,2.52402653395569e-06,1.75624823758803e-16,4.81706826204947e-06,1.92802549059846e-06,6.58222781058211e-06,-2.75301963564482e-15,-1.3470406374326e-05,-1.99073335601001e-05,3.08043059278301e-06,1.1882404436174e-05,4.33023587028986e-06,2.78909272313939e-06,0.00485324742884129,-1.89949325809886e-06,-1.55596123312362e-05,-9.37850076192004e-07,-5.08466160816998e-06,-7.37072326129764e-06,2.23376364324538e-16,3.46777330411225e-06,-1.17251387087111e-05,-6.12785015606962e-05,9.13312023055512e-06,-6.73970565192076e-16,0.00279002077716197,-3.22841407639472e-06,1.00041225277314e-05,7.70373158100291e-06,3.13112440101546e-05,-5.41120597632616e-05,0.866639777486217,4.28034282919963e-05,8.5206603799015e-17,8.5581297973388e-05,-1.57692511494153e-05,4.08258522910197e-05,8.69224975689351e-05,-0.00023178230814904,-5.73474598730493e-08,-3.06807530769948e-15,-4.80438886972717e-16,-4.88655343488756e-08,-5.66992238933895e-06,7.39330234509311e-07,-6.92810815639232e-06,1.99493769757508e-14,-2.85842504916728e-06,-3.19916412380899e-08,-8.29708140089831e-16,-4.79853594404361e-16,-4.22467603154656e-16,6.12214431424095e-06,0.00413691920572037,-1.71312278234838e-05,1.29268183550478e-05,6.41565096192934e-06,0.000292073235278091,-5.40378711261093e-06,-7.03154188026577e-14,-1.10664010776866e-06,3.03179134663398e-06,7.25406317465175e-16,4.24160115419657e-16,-1.74163747322468e-06,-9.20003081438057e-10,-9.8467671991908e-07,5.26663961604152e-06,9.26568540776955e-07,-3.4511571696053e-07,-1.36929870633923e-17,-1.15303585634033e-06,-2.34958556756455e-16,-3.85783585702629e-06,-5.01606135100419e-16,-9.94911428717655e-07,2.60389448499313e-16,4.01975627602076e-06,1.05512380787227e-06,4.21486925670442e-07,5.49314650436991e-06,2.71194309606251e-06,-3.06794453900796e-07,1.92192897399609e-06,4.16583154533863e-05,3.14722703259134e-06,2.88302582641754e-07,6.40322474826825e-07,-1.76995225351452e-06,-2.98985586889222e-06,-2.39912190300865e-07,-8.20660554413174e-07,6.83035632718228e-17,7.56108965638784e-06,-1.2845527007549e-06,6.40003229317988e-07,1.12060025762688e-15,1.11074092560572e-07,2.97947375544675e-06,0.000240913068400238,-6.60119670856664e-16,-2.5076819948209e-06,-1.33224869186774e-06,-7.51425567350514e-17,-0.000112266462633559,3.79468877728555e-06,2.30669899177096e-16,1.06963170191212e-16,-1.3780320716028e-07,-7.39195791527189e-07,-4.19586217935338e-09,-5.7968581580915e-06,1.52541191397879e-06,4.48349990751383e-07,4.31478265086699e-07,3.94403252736231e-06,-8.78850550520873e-06,-8.53253557218936e-16,1.80811971857911e-08,1.24385861234603e-08,3.4279241311931e-08,3.20288656316918e-06,3.72129041452852e-16,1.82143649886967e-16,1.05138096439795e-06,3.44458423423656e-16,-4.34972559790277e-16,4.95877210298541e-06,-0.000165176678809859,-1.10237529780864e-06,-7.43777809159339e-08,3.85896324936849e-05,0.000221004526062801,2.45101900988821e-07,1.05597779344321e-16,5.81770116644642e-07,2.72413002837698e-08,1.25119244368933e-07,-1.26580300028461e-06,5.0655897245079e-06,-6.18424983067744e-16,-1.38395330802943e-16,1.85852788627758e-15,-4.57360001158478e-07,-2.23809548372505e-07,-1.30573397407012e-06,-1.90595021412109e-15,-1.7617503370499e-07,1.55785536879667e-15,1.25124979125432e-16,7.12858031359776e-05,-7.73906197299346e-07,6.55408344783781e-15,-2.20671464701408e-06,-1.25875274784424e-06,3.18897422845806e-15,3.99989342149053e-06,4.30314689041499e-15,7.58959562942434e-06,2.55998678708938e-15,1.67935552603423e-05,0.281471882768027,-4.41204136526021e-06,-1.66204999929308e-06,-4.45753282799062e-06,4.25246076695489e-07,-4.78873411150286e-08,-1.27802130051251e-19,2.55433081233203e-06,-1.54271933142923e-07,-3.95772600889296e-16,-2.19355209372744e-08,-1.28036362560397e-05,1.24939217355147e-07,7.61436893045523e-16,1.07767684179152e-05,6.40946478669886e-07,5.97569199447328e-16,-1.64517396776934e-06,-3.6829535248577e-07,-1.99343499633349e-08,-2.07868120389765e-16,2.82459586551304e-16,8.63382336294767e-06,1.18634267230002e-07,9.63263952542954e-09,-1.63261538187128e-07,7.47717133260428e-08,9.20156100050026e-17,9.13491497593457e-17,2.73909968765833e-07,1.88882557904434e-09,-1.93214113141218e-16,6.65636411712205e-07,-3.19204780527225e-16,3.45901946771254e-07,-1.28582310420527e-07,-7.51536406777348e-08,-4.98852538114586e-07,-6.56257046874058e-16,5.47568991152621e-17,2.16728504094371e-16,6.0527777812627e-17,-4.04306356462084e-08,-1.40315254298747e-07,-5.85761546186277e-17,-3.29526839359864e-16,1.72412203825908e-16,1.97843234987494e-07,1.77914161139455e-09,-9.81241743004422e-08,3.73493566293569e-17,-7.4847219351179e-17,-3.05656921214398e-16,-9.55551343112155e-05,1.25469774065949e-07,-6.35762052901399e-17,2.25914588313679e-08,-5.91323020280107e-07,1.18070561854592e-16,-1.74320249286865e-16,-4.08768591094665e-07,-9.49637815185487e-08,-2.02478214639687e-07,-3.8206597263563e-16,5.82174078886337e-06,3.31489266437075e-07,3.55444533823416e-07,-3.23641051855986e-07,-8.70950198878347e-07,1.41675590416614e-08,-1.26643344205809e-16,-3.82694674665355e-16,8.86556162647624e-17,2.68126366958157e-07,-2.42746983131269e-07,-9.14342662104044e-08,-1.8289585393225e-06,1.75805574549856e-16,9.21946531926796e-17,-9.92845244320074e-17,-1.32508737260707e-16,-3.95699547959307e-16,3.40760019989819e-07,-1.17309726275333e-16,1.39991433308644e-16,-5.50741599183756e-08,-8.47962166809276e-17,-4.92962873112217e-08,8.4642322683493e-17,-6.11069816284096e-08,-4.19975291632075e-18,-7.3787124060972e-08,-9.22791106072306e-09,-8.40871785394819e-07,2.89491926122139e-15,2.95500237927902e-07,6.70609634050768e-17,4.18045006453587e-07,-7.32355707260237e-07,1.03205289031353e-07,1.37332887931291e-16,5.90066642242089e-07,4.28337938155043e-16,-1.44891874644998e-07,-1.84261884142926e-05,6.2489441847778e-17,-9.16205641289502e-17,6.62512571890784e-17,-6.28550409375216e-17,-2.73377720206048e-09,-3.55792074144965e-08,-7.93940162305139e-09,-5.50525385810315e-18,-7.040195217154e-17,-8.36630785273295e-08,6.82358587130751e-07,-8.00009014471123e-18,-8.86699727416048e-17,-3.59246366850391e-08,-2.29023394529181e-17,-2.54416321930782e-07,-3.96546765801339e-17,5.39936619401325e-05,-4.88135754267358e-18,6.58669173232676e-16,8.05193250764705e-17,-3.94876618763649e-16,4.86831607288089e-17,-1.99282097419334e-16,4.57314057418872e-08,-3.19807453750974e-07,-1.08022302843573e-16,-4.72391606102999e-05,8.05255127316449e-07,-1.85937487737036e-16,-2.25869274799255e-16,-9.95335557547884e-19,-2.24649963464874e-17,7.91729533622169e-08,1.26579001574649e-08,-1.34380862207999e-16,-1.49783210941206e-17,-1.44788673319446e-07,-0.000113918428563937,-7.72258203391686e-09,-7.05373812758814e-17,3.00810827300745e-17,-7.55758244830527e-17,1.26054049917004e-16,-6.29346137996447e-17,-1.79346374485407e-16,3.00261467662309e-07,-2.83830767310028e-07,-5.45448384448095e-08,-2.95766997016938e-17,-6.25069657611061e-17,2.50240819601133e-16,8.66389003431537e-17,-7.79289526085978e-17,-2.73895073699288e-17,1.28268141068663e-16,-5.38328132639021e-17,2.57232160873493e-17,-6.52512921769636e-17,1.33000516498858e-16,7.51980996202047e-17,-1.34524771549407e-17,-2.03300223646236e-16,2.96172331643013e-08,4.85616993414237e-17,-2.96144105986233e-16,-7.57857228192716e-17,4.18651402606116e-07,-5.04075050306159e-09,1.3864780004689e-16,-1.0799139577215e-08,3.81752911767355e-07,1.20851348787919e-17,3.18421099780714e-16,-1.86333857204341e-05,-1.10884369287154e-16,9.35220618541214e-09,-7.53088900408307e-17,-4.00507607235475e-17,-7.30286757955371e-17,3.7752802461706e-16,9.13642760808107e-09,-3.17237484624653e-05,1.8783756584206e-16,2.26543477252682e-17,6.30988553827868e-17,-1.66067470515571e-16,1.82308595303438e-16,-1.12467804248071e-16,-5.46240091191425e-17,-1.1203854180999e-17,1.48261440486411e-08,-1.11724641508479e-16,-2.20623767960466e-17,6.7569152083561e-17,5.63359938171487e-17,2.52081613619105e-17,-3.86810178937602e-17,-2.91538501999033e-07,5.73076578740204e-17,1.05231355200858e-16,4.8810150205487e-06,-2.62429638641657e-16,-8.91512580241505e-17,-8.38040234821259e-20,1.91228693227722e-16,1.79857721974106e-07,8.11181518765089e-18,-1.32592698067296e-07,-4.51915067527455e-17,-4.50364823227906e-17,1.44530841028538e-16,-5.21315532991842e-16,-2.45478640429259e-17,8.85527937229628e-17,4.7787160952391e-09,-3.95920551310178e-16,1.8264687057717e-17,2.69056460765812e-08,-5.95309537872788e-07,2.9422516456772e-17,4.16313113736561e-07,6.0941653691435e-08,4.22681876423735e-17,-1.28891036535925e-16,-1.057519479731e-16,2.95409967494709e-17,-2.15537643560458e-16,-1.01557963232899e-07,-3.3193550380227e-17,1.63272725687056e-16,-5.06576818008231e-17,4.0576761365531e-08,9.8832007624449e-17,1.61684846977002e-16,2.05855884537488e-16,-4.8946536504643e-17,-1.84379281383302e-08,4.93321513562615e-17,5.54292566298912e-09,-5.75400845432504e-17,9.37233319859481e-17,-3.13297230584912e-16,9.46351248585967e-17,-5.09823474955305e-17,7.19962702475623e-17,-2.41726875204215e-17,-9.57470274064701e-08,2.64057854045535e-17,2.24132956801664e-16,4.02092881653483e-08,7.44887042489953e-17,-3.04103394325776e-17,-2.44379894817049e-17,-2.08562639856027e-17,5.13744662930402e-19,-2.47457241331218e-17,-6.51291483394303e-06,2.60464075782483e-16,-2.47070187166292e-17,8.63669779780685e-08,-8.48868704469744e-17,-8.65059934315414e-19,-5.61735957863856e-17,4.38289373703497e-16,-2.96652121296038e-17,2.52724647019509e-17,-2.52422962698985e-18,9.43134366067061e-17,9.90267953460115e-17,2.98278933305568e-17,-4.32461548983875e-17,-4.50601807925332e-08,1.49322543102732e-07,-5.33897274007822e-18,-2.41193880665267e-17,-1.42062364428808e-17,1.51228577643554e-17,8.11254275562279e-17,8.79909413440134e-17,1.41468309497646e-16,-2.90883981690365e-16,-1.28950388709766e-08,-1.73111363498269e-16,-3.76337349182466e-17,-3.68333888180378e-18,-7.80446280213813e-17,3.58868408027928e-06,-2.21746197033969e-17,-2.60240754211351e-09,9.30491130509155e-16,-5.01531658623614e-17,8.08819602411718e-17,-1.49994450587254e-17,-2.71360773279808e-18,2.28683790147657e-17,2.18622563045116e-17,2.25430808530537e-16,6.40581995248086e-17,-2.04004954063298e-17,1.25000916739926e-16,6.81629847539489e-17,-1.14805533327824e-16,4.50829712609301e-17,5.16668035827441e-17,7.50840318216349e-17,1.74427056160348e-17,1.00446302598218e-16,-3.86101530358298e-17,-1.1236035162216e-17,1.14125831181255e-16,-9.20005802988781e-18,7.5548530508376e-17,7.11232121257178e-17,9.28913845633749e-17,1.22417420847954e-09,2.76370516956943e-16,2.1528360375253e-16,1.1546916509775e-17,-1.48218768118796e-17,-1.47859739957922e-18,3.75713888744976e-17,-2.13271412083634e-16,7.32406677245999e-17,-4.01508912642744e-17,-3.6117138495517e-17,-1.46977157007566e-16,1.47578761131672e-16,7.02090963704589e-17,3.36985421974507e-17,-5.43786832817267e-17,-5.7228052492599e-17,-7.75922701388123e-18,-1.56391305291736e-08,-1.84225982379348e-17,-4.84843963050196e-17,2.03536339861122e-17,9.92349617680247e-17,4.95323519651374e-17,5.90084406932892e-17,-1.22529762134745e-16,-4.98856881947729e-16,-6.00430627137716e-17,3.28894655747852e-09,3.07798276600884e-16,-2.40179349006062e-17,-6.97446067328524e-17,-5.74473305536239e-17,2.03953845075934e-17,-2.01372246157697e-16,-4.14099751342204e-17,-4.11291078339756e-17,1.59612458779655e-17,-1.37998195770325e-16,6.23442564311383e-17,1.66109979229465e-17,2.80817618877429e-17,1.64748629501857e-08,7.24286822269655e-17,3.81195686350426e-17,-3.68500698448136e-16,-3.113015487749e-17,-0.00120487635771527,9.25729451825191e-17,3.18351537543748e-17,2.36128303096802e-16,-6.25107719874325e-17,-4.61869633267321e-17,1.4669464903149e-16,1.2923816184688e-16,7.88197505385529e-17,-7.17759160561872e-17,-3.45197856053275e-17,-2.35229200694075e-17,-8.44680040185965e-18,4.93065098451931e-18,-3.82667022372108e-17,5.50097329256208e-17,4.48371585539238e-17,-4.15789093089603e-16
"t2",-0.00479440146883906,0.0482138781501883,0.0619230256071384,0.0145140410016415,0.0289134682064795,-0.00465361032772778,0.00142213139918646,4.84050393112146e-05,0.000392525330714506,-0.000966101055126464,-0.000251228044172506,-0.000417305899561014,0.00680245596130106,0.0606960710914563,-0.00643002143503696,-0.00163170354287256,-0.054998436913715,-0.000394178364395792,8.9564480647199e-05,5.84549759484898e-05,-0.000195421320751029,2.87206486006327e-05,-5.33653549100344e-05,8.71116220655052e-05,-1.32601288816089e-05,2.0501033973715e-05,-1.98932535846239e-05,0.000124861907956726,1.81404778769083e-05,-0.00438291282116332,2.75793468124379e-05,-0.000560647087425739,-0.000329162375993951,-2.46065349021289e-05,1.7862150697403e-05,6.64953896897514e-05,0.000261254964577606,-3.09960558223284e-05,-0.000289479282152411,-0.00011838967929769,-0.129333505068858,-0.000919915457732881,0.000389952945836703,-0.000461925045935209,0.00114405815126888,-0.000122461800372791,2.01770136089022e-05,-0.000284728494095507,0.000273144422163199,-0.000531892377158892,0.000668638944466693,-0.156998432804555,-3.54676845323436e-06,4.20003669897931e-05,6.42081087484291e-06,-7.88967402046809e-05,6.78775008395039e-06,-0.0102578897168459,-0.000679379096532268,-5.1284895373588e-06,-5.11504453182975e-06,6.08716476454156e-06,-0.000161663650596291,0.00024833938172788,-6.3448319691979e-06,1.69498992366577e-05,-6.77967171490599e-07,2.84085167492692e-05,-0.00142357279590332,4.63354255727872e-06,6.75074037502204e-07,-5.39534208532556e-06,1.96975133720742e-06,1.57529323411528e-05,-6.74667659638609e-06,-6.73010831721088e-08,6.36535185211777e-05,-0.000353547413260775,4.72672029359902e-05,6.16605330622077e-05,-0.00569090374125228,-0.000272567735964978,4.83573189708481e-05,0.00024459096689683,-2.14981663695849e-05,-0.000668747392174179,0.000108959381476857,1.74656702210883e-05,3.90231465811081e-06,-0.000149700497820081,3.40703250100794e-05,-1.26253521700741e-06,-8.75505039391391e-05,0.00110284332963952,1.47742599774119e-05,0.000825275512902564,9.82503317539691e-05,-0.00180065108546302,0.283258262893617,-0.00160009013018651,-0.000195863890638666,1.2149876006439e-05,-0.000248019885127938,4.11431424451287e-05,-1.82457361495044e-05,2.97859504882052e-05,-0.0011622080792623,4.27941165824052e-05,-0.000239929728039382,2.25251790545391e-05,0.259257585483134,-3.28452658443303e-05,4.25697181744143e-06,2.3073076746552e-05,-8.67574665061593e-07,2.57252252674668e-05,-5.01182624376088e-05,5.23402073154433e-05,-5.31007217495201e-05,0.00327779506394594,-5.6152871822939e-05,0.00231054099953223,-8.35030635087131e-05,-0.000229320935902941,1.04394625988394e-05,-0.000106818773141494,1.08558955300467e-05,-2.2323060849638e-05,0.000944704225191294,0.00123288651739067,5.34900524498967e-06,0.000108388640234024,-1.42384401726108e-05,-2.56428414565007e-05,1.08614744929602e-06,4.09630965742903e-05,-2.3305984715895e-07,-0.00374228926943281,3.02908042604979e-05,-8.70742601688253e-05,-5.43971491521461e-06,-0.000161210118587983,4.35553489651073e-05,2.73842224557331e-06,1.04257970843737e-06,-5.27411916268779e-07,-0.000688001289733911,3.11951143198873e-06,1.99540733801392e-07,-4.63715107643303e-07,-9.80753706323897e-06,-2.11972037767795e-06,-6.08881075206626e-06,1.66140020929506e-05,-0.000122084499500235,-3.64630426702668e-07,5.39681122055778e-06,-3.15480893780591e-05,-9.7798026567485e-07,-3.18246499367808e-07,-1.9765709207153e-05,7.47953645541723e-05,-1.22774884102795e-06,-2.40611725933963e-05,1.36455175305695e-05,-7.86476220923596e-06,5.54561442694544e-06,9.47088311267231e-08,4.71661654159686e-06,0.000688088656400228,-5.93311508713849e-06,-1.03733546026506e-06,8.25399014364491e-08,1.72378188388168e-07,1.88360756943864e-07,2.00212052348643e-08,8.25624047441046e-09,2.39220816202515e-06,1.13957718251559e-05,0.000121434634240092,-0.00276877955590548,5.47165806942442e-05,-2.57861426118297e-05,-2.2186487817209e-08,-8.86891483336359e-05,-5.75309072744185e-08,-6.98668846918158e-06,-5.05435339712428e-07,-2.51202177596326e-06,6.09217031607561e-06,2.95225629579006e-07,-7.76843614331095e-07,-3.40810943611595e-06,-6.91310793538126e-09,-0.000528061842395292,1.28507951726911e-06,2.47730335805728e-06,1.92754484245839e-06,-1.68520822518315e-06,-9.78555147223323e-07,-9.91013796121509e-07,-0.000362158626536063,3.18198366568967e-08,7.20168672735567e-06,1.09220424992312e-05,5.55000233088795e-05,-7.69111053183845e-06,-4.22875377244538e-05,6.80361637571736e-05,4.95276514821244e-07,0.000370788167299181,-0.000124920611876693,0.000403329276140937,5.64608532649442e-05,4.58362998931509e-06,3.29134823997581e-05,-1.13421646620105e-05,-0.000211454948775984,2.05298898915299e-05,0.00016051828108932,0.0217033540184266,-0.00305634458858312,-0.0012887056928484,-0.891251078264456,-0.000467859089308639,-0.000152855260408508,-0.00202856373375165,-0.00223418592809261,-9.49326414666916e-05,-6.14062725342366e-05,0.000169532395537613,3.22407950474202e-05,1.67640298711887e-05,2.75426874265661e-05,-1.25330676257027e-06,-2.66392187326831e-06,-9.06874791013423e-05,6.18049134816587e-17,-9.16088023651127e-06,0.000128185028515456,-0.000558912592132604,-5.38192538231884e-05,-5.76492953691994e-05,9.68499713648841e-06,-1.006259334415e-05,5.13017969416056e-05,-8.24014126190085e-07,5.20686420728405e-08,-1.16280349631373e-05,0.000113548858792862,-0.00098924202044647,0.000360860414006418,-2.16431802608709e-05,1.01309395544702e-06,-6.34869713055508e-08,2.92151897910114e-06,-2.57160695114756e-06,4.02974680264111e-05,8.62656202154065e-06,-1.64537912025735e-06,0.00074123757176299,-7.4626599078002e-06,0.00136075750703243,-3.20934002438027e-05,3.06204429431641e-06,-1.04503273662616e-06,1.74095257692476e-07,8.43983138365315e-05,-2.63924931179281e-05,1.28170166554783e-06,1.48415167051059e-05,-1.0877400564279e-06,1.3092937623226e-05,-1.44801864798314e-05,0.000626559344093451,-4.257024222342e-05,3.27824495331013e-05,-2.36595084442415e-06,3.78548861652293e-05,-1.92628843474427e-06,7.41022402281496e-06,1.93380135070805e-16,-1.79213957789675e-05,-6.1256246703192e-07,-7.96482971851374e-10,-6.79278725786199e-06,8.43262027145831e-07,-5.18816833467933e-07,-1.7065239943637e-06,1.8651823525854e-07,-7.89107146261562e-06,2.74031765602848e-05,9.92479698987436e-07,-0.000234237151538116,1.10292880653061e-05,-1.32953205026574e-05,4.18478272128404e-05,-6.15960660976148e-06,9.93295720006982e-06,3.51741157371965e-07,2.67251923860258e-07,1.40350166595068e-05,-8.598780808397e-05,3.80155184520558e-07,-1.04848683146782e-05,0.00312629442053703,-0.00104797358554297,2.87400978156147e-06,2.59562402767138e-06,1.4895569069933e-05,-4.71839971760603e-06,-2.66264560341102e-06,3.07299183700595e-06,-0.000376095288148638,3.41036633294699e-07,3.18049270500733e-06,-6.12720416265294e-06,2.29067560932528e-17,1.75807501389659e-08,1.05567081196986e-05,-9.61470364717282e-07,4.96612035957631e-06,6.33127226754119e-07,1.30503468143367e-06,3.11248872283063e-06,-0.00112835596637825,1.50857107243257e-05,-2.44370683589958e-16,-1.16564988748271e-05,-1.06999015666861e-07,-3.95573548166026e-07,1.8765034927692e-06,2.94875240442174e-06,-1.98041604192417e-07,-7.52118690870766e-06,1.99532602229537e-06,-9.34795724042403e-06,1.22795284207904e-05,-1.87060520834782e-06,-4.47068864001118e-06,-5.51588870388566e-06,-3.31920411894162e-08,-4.42600345779362e-06,2.64647733998086e-06,-4.7800719297625e-06,-1.29056852284714e-16,-1.37801430905865e-05,1.07952689922321e-06,3.11107791030779e-08,2.71322570625457e-07,-8.87741761708239e-06,-1.81806850552618e-05,9.2163273451992e-06,-3.34684043699266e-05,-1.64501384265154e-06,1.80239117485125e-17,-3.01058608378094e-06,-1.18605395715971e-06,-3.81216295518727e-06,1.31094562915396e-15,7.29253490105021e-06,1.06033813593093e-05,-1.62687832736115e-06,-6.16558654516221e-06,-2.18044439801539e-06,-1.37264684718063e-06,-0.0023456426426158,8.69096314586888e-07,7.07220702104204e-06,4.10012171737925e-07,2.07109966836073e-06,2.99118900742405e-06,1.34293290893795e-16,-1.21263730539798e-06,3.98920073300947e-06,1.95896346826148e-05,-2.64205275663122e-06,6.18157204749917e-17,-0.000632684846491337,5.20113470946542e-07,-1.33092236918216e-06,-9.26388154973709e-07,-3.29284153867517e-06,4.21267690674445e-06,-0.0306133795099235,2.61399704454564e-06,1.35037450437505e-16,1.17230217542004e-05,-2.2585871308596e-06,6.37243700009249e-06,1.50843347003621e-05,-4.05291357427376e-05,-1.03052754095855e-08,-1.10588621593521e-17,2.50912959004571e-17,-1.01105748580256e-08,-1.30230679949065e-06,1.71870481973952e-07,-1.74685056939541e-06,5.27168630122048e-15,-8.37938088956462e-07,-9.93338653341624e-09,-3.42039774356711e-17,2.49714504860417e-17,3.23153851110023e-17,2.21428591303207e-06,0.00152191624094005,-6.6600016159783e-06,5.24623233048514e-06,2.61633582953826e-06,0.000124232725594557,-2.30921428933891e-06,-3.23646975268312e-14,-5.10095101328294e-07,1.43174070561637e-06,2.88889637070303e-17,-7.44803720762354e-17,-8.95227613647462e-07,-4.81638545811625e-10,-5.27710131244856e-07,2.86522358625519e-06,5.18068056785177e-07,-1.93785701132506e-07,-4.7589375345531e-16,-6.51171023005121e-07,2.58501862763174e-16,-2.2140469112055e-06,-3.37966145954466e-18,-5.77563986488706e-07,-2.12175688643761e-17,2.36664841963838e-06,6.22941560275714e-07,2.57710447730221e-07,3.38240845848765e-06,1.67472859768492e-06,-1.91809071784095e-07,1.21410673395887e-06,2.6924482125346e-05,2.03450463059111e-06,1.87624807284553e-07,4.21708141869832e-07,-1.18355375151037e-06,-2.02384924845086e-06,-1.63905499968504e-07,-5.63157273331854e-07,2.1722993968664e-17,5.25788190483749e-06,-9.04165114951925e-07,4.64766161956226e-07,4.64245831580747e-16,8.13272812301772e-08,2.20733493365282e-06,0.000179335779855062,-6.47959971638734e-17,-1.87122216287113e-06,-1.00331533485557e-06,-3.03002996939117e-17,-8.49147867780904e-05,2.93791798978551e-06,1.04108026514183e-16,5.51255090655263e-17,-1.07533956656491e-07,-5.77215929098594e-07,-3.28653254078756e-09,-4.55630160044693e-06,1.20762758977785e-06,3.55152815071705e-07,3.42065200245418e-07,3.15169091203214e-06,-7.06000344324027e-06,9.24045182818661e-17,1.45496177933973e-08,1.00118474421615e-08,2.76168412023605e-08,2.58302496699696e-06,-9.41547757149152e-17,2.53089063131174e-17,8.48964750936371e-07,4.29063175976381e-17,-1.31845577504839e-16,4.01784640409196e-06,-0.00013379793534438,-8.92948354208237e-07,-6.01486638213541e-08,3.11965067091523e-05,0.000178650111882918,1.98025041567117e-07,7.56542556076405e-18,4.6556039818632e-07,2.17319147971788e-08,9.97022820764195e-08,-1.00224511813642e-06,3.94908705415891e-06,-1.81698077151877e-16,4.78095828176806e-17,6.74038383843184e-16,-3.44564662554558e-07,-1.65133226690002e-07,-9.61696328183737e-07,-6.34675361811882e-16,-1.26504887316285e-07,2.86033591496393e-16,-3.39615397432643e-16,4.08825402113683e-05,-4.41624340227817e-07,1.44686779918191e-16,-1.11651564697419e-06,-5.77473028976491e-07,4.31207720281927e-16,1.31845188073129e-06,1.84484965175425e-16,5.43660656070844e-07,1.08253907658661e-16,6.59466692626533e-07,0.00357916546556327,8.37183152142824e-08,1.10374866983517e-07,8.45696667614635e-07,-4.44636064632645e-07,1.23884133276054e-06,-2.55708441167759e-17,8.15619642819868e-06,-4.60355441087911e-07,-1.51553750473926e-16,-6.06487785730219e-08,-3.17253089324861e-05,2.86878215518272e-07,-5.3374596994407e-17,2.08953314827646e-05,1.21429899085663e-06,2.85739335201719e-17,-3.0328678987891e-06,-6.70711579906079e-07,-3.49025173781383e-08,1.32424919971941e-16,2.03486303809484e-18,1.4146659939824e-05,1.90437665384547e-07,1.54044393373977e-08,-2.46686798845654e-07,1.1228568875357e-07,1.63477110960708e-17,3.21451392185508e-17,4.09735701126946e-07,2.8241122206575e-09,-5.74306752020661e-16,9.8935988094116e-07,6.17491086683172e-17,5.11512516587227e-07,-1.88985343887348e-07,-1.1041380899404e-07,-7.31782206581315e-07,-1.22574931346643e-15,1.66130414056861e-17,7.54874822481979e-17,-4.15801743893042e-17,-5.86525661123254e-08,-2.03405871587671e-07,2.95868740925075e-17,5.53098328675512e-16,-7.4733863680862e-17,2.8609817149453e-07,2.57029045736058e-09,-1.41419602933117e-07,-5.14977004115094e-18,-5.37113756249319e-16,-6.83996045566793e-17,-0.000136919650490995,1.7975773428525e-07,1.96289173949159e-17,3.23197470491633e-08,-8.45554142318118e-07,9.62269096373447e-18,1.61971682420656e-17,-5.83980627948375e-07,-1.35660212115997e-07,-2.89135574724172e-07,-2.87516080310181e-17,8.30945702776422e-06,4.73061925956497e-07,5.07183933027923e-07,-4.61805386047723e-07,-1.24280542788267e-06,2.02183989362361e-08,-2.72196616299962e-17,9.84141342230049e-17,-4.16941182090835e-17,3.83136834576687e-07,-3.46881100546781e-07,-1.30690157483913e-07,-2.6180492741899e-06,3.16236603254703e-17,-5.38729509804197e-18,-7.44552158922588e-17,-1.78031452568421e-17,5.95100631539235e-17,4.88704468520864e-07,-8.47894236413733e-17,6.71957119656671e-17,-7.90505264640767e-08,-4.85287636780667e-17,-7.07604826539999e-08,-8.66516060730376e-18,-8.77204150519987e-08,1.65042432693793e-17,-1.06086661468018e-07,-1.32724306708515e-08,-1.21014363037225e-06,4.11889395908962e-15,4.25591700962189e-07,-3.98562331830813e-17,6.0312323906043e-07,-1.05908520219043e-06,1.49264515473793e-07,3.21041724142416e-18,8.5425250133216e-07,-3.84901878817955e-17,-2.10099842609175e-07,-2.67209453945387e-05,-1.88739553760482e-16,4.87172555409743e-18,3.35213900046683e-17,-2.93587270938282e-17,-3.96978924759876e-09,-5.16841983672225e-08,-1.15380585926439e-08,2.36569816490298e-17,-1.33199974501494e-17,-1.21834049988187e-07,9.93773651356285e-07,-1.59064344070146e-16,3.14633973450576e-17,-5.24567723148008e-08,-5.82138064310859e-17,-3.71705785752824e-07,-4.30417001751054e-17,7.90155225066168e-05,3.15958228631186e-17,-1.62967686877071e-16,1.37356653539457e-17,3.89659993005594e-17,-3.01155251256861e-17,8.61040142817089e-18,6.71516361233278e-08,-4.69623742362171e-07,-5.67717024725199e-17,-6.94516947168433e-05,1.18449159822679e-06,1.33719309659796e-16,1.23371775679939e-19,2.51292619178698e-17,-8.5927757046712e-18,1.1671264591396e-07,1.86691041711978e-08,7.58007932801199e-17,-5.95843525010911e-17,-2.13669566092442e-07,-0.000168125714522303,-1.14001622121997e-08,-6.37900298363553e-17,4.4609246146375e-17,8.6441041104516e-17,-9.25463216368352e-18,8.79320894583304e-17,3.24017176250036e-17,4.45056347059711e-07,-4.20862992017147e-07,-8.09095398202814e-08,3.8945397283324e-17,-1.19694698866229e-17,-2.17906451694823e-17,-1.48018522439159e-17,-4.984094133058e-19,9.49936603625036e-17,2.95045592097465e-17,1.3904738876411e-18,3.82819283419682e-17,-2.07361192455594e-17,4.60748308453834e-17,1.32871462697204e-16,-1.40671123783778e-18,-3.35980864223951e-17,4.4215496387719e-08,9.84585747914795e-18,-1.55440343005308e-16,4.55503301590653e-18,6.25536019248845e-07,-7.53321392602589e-09,-2.47723069176704e-17,-1.61408777239629e-08,5.71182016277635e-07,-6.73089051548913e-18,1.30872791209969e-16,-2.79157497210541e-05,3.13496569330717e-17,1.40334109811678e-08,-1.74111750284053e-17,5.02521432742281e-18,-3.12830808084726e-17,-2.13913081452674e-16,1.37440102048376e-08,-4.77304194570674e-05,-9.38210573169517e-18,-6.76011691495555e-17,-2.08041919186101e-17,-2.45510814801363e-17,3.97766672030619e-18,-4.62239890426969e-17,3.63741200381356e-17,2.786174216028e-17,2.25020522236211e-08,2.69131512983795e-17,-1.87234666162742e-17,1.39268368563779e-17,-1.51364611727966e-16,2.81500512015901e-17,8.84134692202281e-18,-4.43300414910504e-07,-6.04294176237796e-18,-5.48491981997569e-17,7.42439241798793e-06,5.36852074542876e-18,5.08206489070785e-17,2.07473634051058e-17,1.41593152197932e-16,2.74673261988919e-07,1.00932695144722e-17,-2.02635935540682e-07,3.35352527920805e-17,-1.94798834061106e-17,3.9167904944982e-17,-4.83417320167994e-17,-8.33527889763858e-18,1.14195063736795e-16,7.31371788827936e-09,-2.91435500777882e-16,1.17411524494106e-17,4.12242280634448e-08,-9.12170960023414e-07,-2.07580374831235e-17,6.38509994302915e-07,9.3495688219983e-08,8.19419151985332e-17,1.78785097254899e-16,3.23186679318903e-17,-3.76850992356379e-17,-2.20023092268814e-16,-1.56494553538817e-07,1.63895542460923e-16,-2.70071921920055e-17,-3.12883646687675e-17,6.25965532779054e-08,2.85496433967237e-16,-1.64167244128059e-17,-6.81398275040843e-17,1.21284421489591e-17,-2.84857692520999e-08,-5.14465689742085e-17,8.56747535746256e-09,3.14673050364396e-17,3.40316632576077e-17,-2.51360309207602e-17,-1.82524723503533e-17,7.68821008189848e-19,-6.73587122927642e-18,-1.29127799687446e-18,-1.48348224222655e-07,1.02483230357707e-16,9.74656357174849e-17,6.23363081654266e-08,-8.35498002956092e-17,-2.13862345987318e-17,-3.9832504228247e-17,2.2361264255156e-17,-1.22054503959469e-18,2.41213880362268e-17,-1.01157098776609e-05,6.15152822639386e-16,4.42993786731038e-17,1.34254337499364e-07,-8.80553405777587e-18,-2.17737968598716e-17,-1.39502628424064e-17,2.34240235619567e-16,-1.22145064998853e-16,5.47546397943598e-17,-3.88532760288714e-19,2.430377342533e-17,-3.63981962746489e-17,7.14548965431631e-18,-2.09679799022036e-17,-7.02575096648629e-08,2.32907113196297e-07,-1.82356504950057e-17,4.01455174311784e-17,-1.84198072679552e-17,2.5696365644887e-17,1.71141312926837e-16,-5.0284648706062e-17,4.59217663041299e-17,8.76591610665438e-17,-2.01511225008961e-08,-1.10673345518602e-17,2.7025507448688e-18,-5.10024932810195e-17,-2.40940938910603e-16,5.6169881165209e-06,4.71226710409061e-17,-4.08054903810601e-09,-3.6901456150588e-16,-3.17283207410012e-18,-1.90866944040428e-17,-2.28393917383679e-17,-3.04301479389853e-18,5.9432448534093e-17,1.17372054848492e-17,-2.72438827152964e-17,-5.22480522219706e-18,-2.08354067488791e-17,1.50317486747519e-17,4.37837658277489e-18,-6.6942834656897e-17,2.6323395365254e-18,-1.14002470812765e-17,3.14570143439377e-17,1.73754970098831e-17,-4.27871295465224e-17,-5.44191619950298e-17,2.11504021224066e-17,-1.13776853606987e-16,1.03721046232028e-17,-9.10610341613451e-17,-3.81709225654782e-17,3.8325083586876e-17,1.93193552714761e-09,1.45614149057538e-16,8.10851680108378e-17,-3.14087368798069e-17,-2.58804134572182e-17,2.28158799797003e-18,1.36161780745474e-17,9.65541475263585e-17,2.00092461931994e-17,3.97880478557307e-18,-4.47280105307388e-17,-3.36231422478489e-16,3.70095600954704e-17,2.1669366834056e-17,-9.15005403919631e-19,4.98548939058146e-17,-7.46148557328003e-17,-3.75287139479805e-19,-2.47861550220576e-08,1.09795913142577e-17,-5.32668574198391e-18,-1.56821102285801e-17,1.60546829423103e-17,1.84213717938839e-16,2.54746005699452e-17,-1.90403549623701e-17,6.13703555973219e-17,-1.62551218942032e-17,5.23490022828116e-09,1.02534562197548e-17,-1.48975913490288e-16,2.49676722700236e-17,1.4899481280416e-16,-1.35530764936898e-17,-2.29283476176221e-17,-3.20077784316488e-17,-6.68181379498628e-17,-4.73465509264011e-18,-2.48191107053768e-16,1.23653187783026e-17,5.43242243407577e-17,-1.27823443148227e-17,2.63278694118109e-08,1.9035205157078e-17,-7.49858269691296e-17,-2.44907709289023e-16,-5.28690860621822e-16,-6.36708931877026e-05,-2.47843500265148e-17,-2.88133905819899e-17,8.05944059408062e-17,1.16997274317913e-16,-2.02984953703859e-18,3.16549342590579e-17,1.88350290750215e-16,-9.03687684917282e-17,-5.13572460096049e-17,4.85939646763133e-17,4.62185697042499e-17,4.26395032788814e-17,-6.05376201041353e-17,2.8685076829176e-16,-6.29734108255845e-18,1.0546492671568e-16,-3.70287935298796e-16
"t146",-0.00480282979962043,0.0483930883816973,0.0621606851091773,0.0145888632328861,0.0290963196468811,-0.00468820113446929,0.00143291243766916,4.88015755698552e-05,0.000396332389645987,-0.000977501436962994,-0.000255008764413632,-0.000425087727196582,0.00693313199111826,0.0618802566198246,-0.00656112042372526,-0.00166700373488569,-0.0562177043369521,-0.00040308109737508,9.16359336844468e-05,5.99285056835848e-05,-0.000200767610859321,2.96778604889376e-05,-5.52494212670211e-05,9.02056947557769e-05,-1.37330713597797e-05,2.1269256738608e-05,-2.06480715210167e-05,0.000129644818592516,1.88552197543864e-05,-0.00458928884089074,2.89714388865501e-05,-0.000590347977938268,-0.000347979838285147,-2.6086679518878e-05,1.89973299089115e-05,7.10982336974012e-05,0.000279595612043544,-3.32107795261843e-05,-0.000310320777743361,-0.000127055795043822,-0.139107412034208,-0.00099134007302507,0.000420741398030119,-0.000498446417292008,0.00123630435311227,-0.000133058569886138,2.19601255052178e-05,-0.000310139488662601,0.000298195395172224,-0.000582113290097296,0.000734223351316466,-0.17266996966147,-3.90171030728398e-06,4.6295262637415e-05,7.10530500569973e-06,-8.73600930127433e-05,7.59964871575369e-06,-0.011520686108193,-0.00076329915051573,-5.8071640822293e-06,-5.82713505324654e-06,6.95576501463524e-06,-0.000185193626380555,0.000284664689805652,-7.30737292096671e-06,1.96056196625356e-05,-7.91854211869422e-07,3.3329227115192e-05,-0.00167364465978616,5.4682281295586e-06,8.13391506680618e-07,-6.60987528686346e-06,2.41951091057788e-06,1.94563328533776e-05,-8.33855555962599e-06,-8.33809067449914e-08,7.89376597664353e-05,-0.000440529140297359,5.95463696255482e-05,7.80312566743575e-05,-0.00725861539701537,-0.000348253486886501,6.25827070333989e-05,0.000317795374148562,-2.8421819465009e-05,-0.000888439252952097,0.000145476996774218,2.33382338950849e-05,5.21551644296172e-06,-0.000200184489406254,4.56476161303282e-05,-1.72328804642983e-06,-0.000119710222206674,0.00152606430640885,2.08849737451037e-05,0.00117047776115636,0.000139368797259552,-0.00257606425490685,0.406536930509108,-0.00232488619639579,-0.000287521560802913,1.78521002141912e-05,-0.000364801757433502,6.35840454868557e-05,-2.83084633478225e-05,4.63557922670555e-05,-0.00181876649071804,6.70736963553012e-05,-0.000377097440286375,3.55524667092161e-05,0.409763469944385,-5.23449626675939e-05,6.79104613264143e-06,3.76455831118813e-05,-1.42251245150774e-06,4.26452065867014e-05,-8.34980499680404e-05,8.84267183050025e-05,-9.09578479717125e-05,0.00567477464283294,-9.7815588045731e-05,0.00411343398076157,-0.000150838974182936,-0.000414476767713249,1.89085632485223e-05,-0.000196486572506346,1.99947958290002e-05,-4.16810870194915e-05,0.00183771316828388,0.00239944545457301,1.04463886025228e-05,0.000217998047509526,-2.88079236355336e-05,-5.21076042473108e-05,2.24747079800449e-06,8.4978482741954e-05,-5.03410632672835e-07,-0.00836782216982595,7.12413972442931e-05,-0.000205096247551316,-1.29298489414325e-05,-0.000384985903174763,0.000104809252136476,6.60894121439298e-06,2.5162734484421e-06,-1.30045956257472e-06,-0.00177429958993495,8.44887607896461e-06,5.47392930197086e-07,-1.30963296023344e-06,-2.77643068757887e-05,-6.06995973678943e-06,-1.75553587709256e-05,4.8279966722365e-05,-0.000383030330628132,-1.15904147592393e-06,1.73167431932003e-05,-0.000130493565698542,-4.36957387287178e-06,-1.43985291339895e-06,-9.62060322477234e-05,0.000369868106770085,-6.7564846203517e-06,-0.000134279464638078,8.60267949003275e-05,-5.68800453969928e-05,7.2500172860014e-05,1.27586329243139e-06,6.40410420385665e-05,0.0106112383288337,-0.000109009557577549,-1.96031805353293e-05,2.58719944699303e-06,6.83882064569051e-06,1.78257465942028e-05,2.88784787830412e-06,1.62999056627046e-06,-7.94055354925573e-05,-0.000167777236894362,-0.00162810412996663,0.0341890639856808,-0.000546342821011124,0.000239563218974028,1.92881857332763e-07,0.000726677282812157,3.94076773400558e-07,4.59596507652591e-05,2.4574694717464e-06,1.21061993225716e-05,-2.69391293681247e-05,-1.05701050108527e-06,2.38600081898748e-06,9.96397900766178e-06,1.88355352308291e-08,0.00136788035237408,-2.89015306986981e-06,-5.41185683365627e-06,-3.965994397818e-06,3.36752452436814e-06,1.58404398689023e-06,1.58926257046202e-06,0.000534858720377667,-4.34665882993832e-08,-8.23832655573188e-06,-1.24843395076971e-05,-6.24461805769465e-05,8.25062323405584e-06,4.39054668754947e-05,-6.4871827935048e-05,-4.26139965036173e-07,-0.00029424915583416,9.67156098540267e-05,-0.000279677936127524,-3.68527043586718e-05,-2.98703817472617e-06,-2.04666632063947e-05,6.26571236213505e-06,0.000114192724787157,-9.82136227309631e-06,-7.05812056821913e-05,-0.00926735881228897,0.00115505887929276,0.000472906662905861,0.31661693404616,0.000150332267306157,4.81150294749727e-05,0.000635317248435829,0.000624504497745623,2.47149515880197e-05,1.47390160210013e-05,-3.91855551534135e-05,-7.16214991353999e-06,-3.58593417909499e-06,-5.82816958528189e-06,2.39353441784707e-07,4.75980841014632e-07,1.50357717529067e-05,1.17201874373479e-17,1.35668162070555e-06,-1.85433231712594e-05,6.80826460199532e-05,5.6622140319101e-06,5.31126316161844e-06,-8.84843702644478e-07,6.88988083193601e-07,-3.32340974871409e-06,5.19928729754729e-08,-2.8725795005551e-09,5.80519663562684e-07,-4.60731083456981e-06,3.61295577296569e-05,-1.25819095348973e-05,5.62020404858205e-07,8.66031947798673e-09,-1.25764664355465e-09,8.42709859772256e-08,-1.22089623245327e-07,1.96458789175848e-06,5.25782659596462e-07,-1.11116002042923e-07,5.67991037943245e-05,-5.93073787271015e-07,0.00011214995448286,-2.77424379543641e-06,2.82569217384977e-07,-9.71234729276266e-08,1.86457998856439e-08,9.06570886141225e-06,-2.84427969037723e-06,1.42851975938393e-07,1.6743014427159e-06,-1.27348869378206e-07,1.543144643271e-06,-2.05413755607613e-06,9.04407435571684e-05,-6.22784308323932e-06,4.94052366829145e-06,-3.64756258847158e-07,6.12409938932081e-06,-3.15793097555467e-07,1.2273673951509e-06,-5.40616756099304e-17,-3.07074176870908e-06,-1.05412940897009e-07,-1.38968368334651e-10,-1.22286700713015e-06,1.55721087738332e-07,-9.69300916639662e-08,-3.20639907883404e-07,3.75021370753271e-08,-1.59306978451988e-06,5.53826336401544e-06,2.04237142147387e-07,-5.0559983247669e-05,2.39926723522959e-06,-2.90767528928987e-06,9.31043058306046e-06,-1.45496249480339e-06,2.40035831813853e-06,8.5110164394459e-08,6.46912734439417e-08,3.57595022898863e-06,-2.30750193544818e-05,1.02642937777607e-07,-2.8559460737739e-06,0.000860460736469924,-0.000289342274699626,8.13700019771927e-07,7.36222246260118e-07,4.23900789768182e-06,-1.34579416337075e-06,-7.65001786665399e-07,8.89885546317583e-07,-0.000109690275445892,9.97707264611042e-08,9.35250644915154e-07,-1.82112125654378e-06,1.00965869745971e-16,5.53852359425493e-09,3.34314608904972e-06,-3.0681971069134e-07,1.58511759996455e-06,2.02133115950393e-07,4.17414421258412e-07,9.98954113356636e-07,-0.00036360918498408,4.90040991940326e-06,9.12723251381263e-17,-3.85338688960005e-06,-3.54458424967557e-08,-1.31625555352784e-07,6.24726692026767e-07,9.92200327488965e-07,-6.70172400122619e-08,-2.56515021624383e-06,6.84094141941655e-07,-3.24024257531389e-06,4.29768220486314e-06,-6.58602968881356e-07,-1.57923116981324e-06,-1.95238293619546e-06,-1.17903309278051e-08,-1.5727959111057e-06,9.42770545004168e-07,-1.70608533691012e-06,2.12985580028052e-17,-4.98645618254724e-06,3.91710811738818e-07,1.12889783072201e-08,9.92068405069756e-08,-3.2496218116372e-06,-6.74450149312094e-06,3.43148625682389e-06,-1.24700722196291e-05,-6.14562720968639e-07,-4.75563073914029e-17,-1.12812249449236e-06,-4.44930375794204e-07,-1.43594838834444e-06,4.91059697822604e-16,2.75887534100106e-06,4.01547428585513e-06,-6.16416379095876e-07,-2.33862094256308e-06,-8.28527024699676e-07,-5.22274541755041e-07,-0.000893411810913285,3.32029274582756e-07,2.70282831489255e-06,1.57019504497548e-07,7.9598822004537e-07,1.14981453512037e-06,-1.96905238766263e-16,-4.69314949819264e-07,1.54568629699493e-06,7.60951186532979e-06,-1.03016038914816e-06,-2.14444330337626e-16,-0.000248632467216514,2.06120734168198e-07,-5.29373746054114e-07,-3.69088254049373e-07,-1.31453069006089e-06,1.68784076186928e-06,-0.0123357376837203,1.06740522249231e-06,-8.83454425481138e-17,4.83911336819083e-06,-9.33161170370814e-07,2.63778326238156e-06,6.2599538947041e-06,-1.68227425225185e-05,-4.28054483133023e-09,3.51932025188795e-16,3.78904354753805e-16,-4.21667823791208e-09,-5.44997638715417e-07,7.19556972933028e-08,-7.33530458687918e-07,2.98978903031134e-15,-3.54096796914776e-07,-4.20908378729755e-09,3.03626743375084e-16,-3.04128678287416e-17,5.55891464866231e-17,9.45954281041445e-07,0.000650824412470942,-2.85778174085728e-06,2.25750203009558e-06,1.12620113019016e-06,5.36331294203889e-05,-9.97255595233924e-07,-1.44021297346009e-14,-2.21554379381858e-07,6.23078930989402e-07,2.43228150776749e-17,7.7022123802908e-16,-3.92477899483271e-07,-2.11517672523043e-10,-2.32274036318673e-07,1.26301991356555e-06,2.2900996503564e-07,-8.57004167896233e-08,3.70978117134391e-17,-2.88150789228917e-07,-1.81027194734594e-16,-9.81437460974696e-07,-9.41273832965814e-17,-2.5634328063519e-07,-2.29061192237507e-16,1.05206215971012e-06,2.77008094022395e-07,1.15069720109525e-07,1.5115653156215e-06,7.48686138691639e-07,-8.58797961441668e-08,5.44314587386244e-07,1.21071341729868e-05,9.14879853821537e-07,8.44478204793818e-08,1.90117145113554e-07,-5.34727932634979e-07,-9.16000900022991e-07,-7.42866642342359e-08,-2.55410822534238e-07,4.66329164443596e-16,2.38954014812911e-06,-4.11714553332053e-07,2.12763527179236e-07,3.03610012988216e-16,3.72862164347563e-08,1.01424647726155e-06,8.24797611050107e-05,-9.07597858343855e-17,-8.61019470552621e-07,-4.62528157156915e-07,1.03080488844069e-15,-3.91813399314553e-05,1.36284407012509e-06,-1.14627643929828e-15,-5.98835573539189e-16,-4.99835356536309e-08,-2.68347424393621e-07,-1.52918526594823e-09,-2.1220559543758e-06,5.63663682827021e-07,1.65799388425596e-07,1.59731441954975e-07,1.47587212459366e-06,-3.31350160289981e-06,1.30557592731631e-15,6.83436993689464e-09,4.70352490834056e-09,1.29808080426058e-08,1.21483665919492e-06,7.84430673752571e-16,8.63164932809491e-17,3.99608904829246e-07,3.52206297064479e-15,2.05272590073907e-15,1.90075461484529e-06,-6.33506993779584e-05,-4.22801064019201e-07,-2.85321493333177e-08,1.48020461290342e-05,8.47699659011651e-05,9.39954177645157e-08,-5.88808741865169e-16,2.21775044572951e-07,1.03600171103795e-08,4.75417161726443e-08,-4.78492646240123e-07,1.88954753509085e-06,1.08323645798639e-14,-2.23940032114759e-14,1.34370286373884e-14,-1.65383474227522e-07,-7.93663639476806e-08,-4.62257497110927e-07,9.76641332256249e-15,-6.08848637465642e-08,1.38087477691691e-14,0.707106781186549,1.97852199843249e-05,-2.13739953568202e-07,6.45585473101062e-15,-5.41098203214761e-07,-2.80077505895374e-07,6.593713751513e-15,6.40461460572629e-07,4.95039911917902e-15,2.6458921793446e-07,-8.14071437813507e-16,3.21003707588519e-07,0.00174243043282731,4.07622270637025e-08,5.37522243698626e-08,4.12040950220171e-07,-2.17008535619719e-07,6.06068356763928e-07,1.67148914702884e-16,4.0019153012463e-06,-2.25948099542091e-07,1.93987525268057e-16,-2.97794884203537e-08,-1.5589342657693e-05,1.41063063336359e-07,4.19903610786458e-16,1.02982086126969e-05,5.98734812353864e-07,1.17567410847611e-15,-1.4963150960021e-06,-3.31004382730676e-07,-1.72436940888724e-08,-2.46886616184704e-16,-6.81183498089487e-16,7.00722325007519e-06,9.44319197119488e-08,7.64027184383456e-09,-1.22929097292919e-07,5.59968026986084e-08,-8.510287963352e-17,-6.03522623198971e-16,2.04441883121153e-07,1.40921322098613e-09,1.46261860927026e-15,4.94118950435969e-07,-4.55433296526505e-17,2.55683056341871e-07,-9.45752682836087e-08,-5.52597075123687e-08,-3.66359390319935e-07,-6.1210074265193e-16,2.78149404834798e-16,-3.55997428409636e-19,-3.90663792628688e-17,-2.94488735728621e-08,-1.02152208239248e-07,-1.15381315834818e-15,-9.40221027396293e-16,-3.00627554081969e-16,1.43803639693866e-07,1.292401124622e-09,-7.11801769004999e-08,1.56392930918833e-16,-8.64640221128875e-16,-1.50458631827371e-15,-6.91484842347306e-05,9.07934968108801e-08,-5.28190247656233e-17,1.63457124393099e-08,-4.27864524090814e-07,-2.594362222486e-16,-3.81143633569837e-17,-2.95870798121253e-07,-6.87383799688218e-08,-1.46610215518526e-07,1.94213848939987e-16,4.21854159446906e-06,2.40324215513471e-07,2.57898205262944e-07,-2.35120931160315e-07,-6.32969266295234e-07,1.03038996274531e-08,2.85415490264666e-16,9.53272377475519e-16,1.62963000155168e-17,1.95960988841029e-07,-1.7742719494e-07,-6.68775565222263e-08,-1.34280349421318e-06,-3.07017017885011e-16,2.84008139274452e-16,1.65084559223359e-16,-2.07842585274572e-17,-2.69997828607023e-16,2.51257999086062e-07,-4.5523150482867e-16,-7.39246034726919e-17,-4.06802827678155e-08,7.24364039013795e-17,-3.64159461174635e-08,1.63821088437876e-16,-4.5147933785912e-08,7.88230008093269e-17,-5.46890228966364e-08,-6.84473583593324e-09,-6.24450453902298e-07,1.97992837357701e-15,2.19769586112233e-07,-1.15075465638455e-16,3.11936330666889e-07,-5.48884340411069e-07,7.73651082322526e-08,-2.31720448112587e-16,4.4313289282067e-07,-1.36606296245304e-16,-1.09129140410446e-07,-1.38801647480204e-05,1.81362695773562e-16,-1.3500726590049e-16,1.93625419462018e-16,-2.48520318538714e-16,-2.06432125323067e-09,-2.68838137309795e-08,-6.00356129203491e-09,2.67265259457762e-16,7.06172173667195e-18,-6.34933820988454e-08,5.17937773978136e-07,-3.25227617122863e-16,-5.89736133316088e-17,-2.73930493307803e-08,1.01035980861035e-16,-1.94186413173035e-07,4.23923744900836e-16,4.13289480545145e-05,1.01167781233058e-16,-3.78773833472222e-16,3.30094490583992e-17,1.7836853927558e-16,-2.33622802077333e-16,-1.53128889761133e-17,3.52090789487542e-08,-2.46241867316686e-07,-1.54336603191998e-16,-3.6447003669089e-05,6.21819421802001e-07,4.25336804515209e-18,-7.25344762940474e-17,-2.8414337343003e-17,-2.71539441552336e-16,6.13633988709588e-08,9.81902599531605e-09,-1.34779029450874e-16,-2.29342317575478e-16,-1.12423847019417e-07,-8.84651345337353e-05,-5.99962345745366e-09,-4.01879976012399e-16,-1.3269423577883e-16,-7.21953197607183e-19,2.87844089465745e-16,1.4434179250935e-17,-1.80654795767236e-16,2.34877928554911e-07,-2.22167826677003e-07,-4.2722094914241e-08,-2.73469943893943e-16,2.38442570440185e-16,3.86203743271779e-16,3.65146239439034e-17,-1.2442251972293e-16,-2.62885228264723e-16,-1.80921050562791e-16,3.24319763167328e-17,1.46935704432619e-16,-3.85252887472538e-17,8.64979850707859e-17,-1.36067529106152e-16,2.39277559948609e-16,2.43177215156675e-16,2.34483436108535e-08,1.47028469304998e-17,2.43665584467005e-16,-8.53364413511195e-17,3.31924157363318e-07,-3.99782875401724e-09,7.04163091839071e-17,-8.56656391886756e-09,3.03360705969186e-07,-1.66207066378959e-16,1.78746820670295e-16,-1.48393103623105e-05,1.62333416562792e-17,7.46778151125265e-09,-3.95548283253056e-17,2.09769036007931e-16,1.05740049149369e-16,-2.35994902520577e-16,7.32606748172439e-09,-2.54449776875065e-05,-6.46053614044554e-17,-5.21259001622357e-17,3.04390920342011e-16,1.52892800382246e-16,6.01935493636796e-17,-2.50800255274681e-17,-1.364771610549e-16,-3.38556813857725e-16,1.20660613447788e-08,-1.06637117144934e-16,-4.29660377051464e-16,1.55005944548745e-16,-2.92691563387393e-18,1.4002651970807e-16,-7.4333660893165e-17,-2.38004463315688e-07,7.04817682421875e-17,1.04118538530126e-16,3.98701511598701e-06,-2.21996691061786e-16,1.60419761135214e-16,1.04956561790007e-16,-2.69560116735253e-16,1.47902350132957e-07,-1.20028674116063e-16,-1.09165307393746e-07,-2.14888981453398e-16,-1.50768998517078e-16,3.14194270090251e-17,1.28378761940475e-16,2.61444588513994e-17,-8.38321750425476e-17,3.94396840613661e-09,-4.69503791158802e-17,-2.62523866773667e-16,2.22471891469648e-08,-4.92283597183921e-07,-6.629152076225e-18,3.44816914500969e-07,5.05010936020994e-08,-9.81410371713824e-17,-1.77398206130178e-16,1.51098250009483e-16,2.64426466952201e-17,4.64093222105693e-18,-8.47837991418261e-08,3.70019291274089e-18,-3.03129962147142e-16,-1.34193055464895e-16,3.39390221002574e-08,6.71358730128999e-17,-3.54221328819966e-17,1.1122144908178e-16,-4.96268908876317e-17,-1.54603682559568e-08,1.205814211638e-16,4.65137566638856e-09,2.00720283192494e-16,2.57658574051288e-17,1.38302859264232e-16,2.53274534198985e-16,1.23443266350047e-16,1.4161461600045e-16,4.69755692774677e-17,-8.06740112926974e-08,-2.42209138905862e-16,1.06256246143816e-16,3.39134110399752e-08,2.80704961978591e-16,-8.93496645596998e-17,-2.72149673772013e-16,-1.24454289049133e-16,-6.14358726821781e-17,-6.67621146531328e-17,-5.51047285375174e-06,-4.06291851890606e-17,-8.60114438152344e-17,7.3176626544917e-08,-6.73377977264165e-17,7.8659508566883e-17,-1.05537475244265e-17,4.09500894501734e-17,1.87272769483053e-16,-2.05623368943279e-16,-2.04244449828462e-17,-2.03014646655242e-17,-5.26981753075187e-17,-7.09577413344237e-17,4.74301082175833e-17,-3.83763956740378e-08,1.27252242937529e-07,1.19795809063206e-16,-1.89249480629029e-17,1.92974595301336e-16,1.11168147600604e-16,2.85890560357271e-16,9.05966249072013e-17,-3.83015907844963e-17,-1.72670093136955e-16,-1.10245847305058e-08,-7.16194837588388e-17,2.9900227800101e-18,-1.44859349685621e-16,-8.02229891893291e-18,3.07651429839072e-06,-4.49529110542653e-17,-2.23783800609259e-09,-1.48723534247291e-17,1.63904843936473e-17,2.0886332924548e-17,1.11195478772663e-16,1.36953270919137e-16,-2.90458988308316e-17,2.26131891079465e-17,-7.38674721794672e-17,-2.32844212503829e-18,4.22735091093021e-17,1.4280689429448e-17,-6.05907209579961e-17,8.68517857035412e-17,-2.86537016741055e-17,5.27227812603558e-17,7.75386117059337e-17,5.29170960947649e-17,-5.0994787144696e-17,1.38953272925107e-17,-4.00500223032249e-17,8.39850107861584e-17,-2.13934367492612e-16,-8.95127419162447e-17,2.36540381199964e-16,-1.21484149526362e-16,1.06447925259659e-09,-1.56073767988313e-16,-1.06232490670896e-16,-4.70964991704872e-17,-1.0031753743224e-16,-1.04962062926512e-16,-1.18006180081153e-16,-5.78650594662016e-17,-3.11418543316297e-17,1.8231080417368e-17,-5.55484803920291e-17,-6.5980478459321e-17,1.56799390621617e-16,-1.02056095237829e-16,-2.76102564159345e-18,-5.36704544012913e-16,1.6631461019531e-16,-6.51292816716383e-17,-1.3699973304098e-08,1.79673795341709e-17,4.51390703683965e-18,-1.88259339655697e-18,5.1559577390897e-17,-1.64887021426285e-16,-5.61334202020087e-17,8.68945745350165e-17,-3.56456480056468e-17,-1.37378464845687e-17,2.90281683181519e-09,4.74961955960385e-16,-1.43830089933253e-16,3.00134047367928e-17,-1.38167471251717e-16,1.61344384932721e-16,-1.00955272493059e-16,6.16782124628561e-17,9.06982931445958e-17,2.38360304454316e-16,8.6090582145778e-17,-3.11001072493474e-17,-1.99612341185628e-17,7.47071789337691e-18,1.46462064311018e-08,-4.19251742089236e-18,-2.92704480772427e-17,-3.14929952833325e-17,1.82891353971149e-17,-3.54730685176974e-05,-3.17003955964695e-17,2.57556117887753e-17,-1.85965580710513e-17,-2.85566385608419e-17,1.57992736928455e-17,2.05779283319902e-17,2.02190388784318e-16,1.47678605044931e-16,3.26165359240644e-17,1.74062204249455e-17,1.06720140107667e-18,7.03898514054697e-17,-2.25980702723105e-17,-1.17534062484323e-16,-4.49805914305455e-18,-1.9097076494667e-18,1.74809308841006e-17
"t147",-0.00480282979962043,0.0483930883816973,0.0621606851091773,0.0145888632328861,0.0290963196468811,-0.00468820113446929,0.00143291243766917,4.88015755698528e-05,0.000396332389645984,-0.000977501436962996,-0.000255008764413635,-0.000425087727196578,0.00693313199111826,0.0618802566198246,-0.00656112042372523,-0.0016670037348857,-0.0562177043369521,-0.000403081097375083,9.16359336844483e-05,5.99285056836265e-05,-0.000200767610859324,2.9677860488935e-05,-5.52494212670134e-05,9.02056947557682e-05,-1.37330713597805e-05,2.12692567385974e-05,-2.06480715210253e-05,0.000129644818592504,1.88552197543886e-05,-0.00458928884089075,2.89714388865511e-05,-0.000590347977938249,-0.00034797983828516,-2.60866795188908e-05,1.89973299089297e-05,7.10982336973929e-05,0.000279595612043522,-3.32107795261835e-05,-0.000310320777743369,-0.000127055795043819,-0.139107412034208,-0.00099134007302506,0.000420741398030134,-0.000498446417291958,0.00123630435311228,-0.000133058569886152,2.19601255052059e-05,-0.000310139488662565,0.000298195395172222,-0.000582113290097255,0.000734223351316503,-0.17266996966147,-3.90171030726539e-06,4.62952626374443e-05,7.10530500576005e-06,-8.73600930127325e-05,7.59964871574296e-06,-0.011520686108193,-0.000763299150515789,-5.8071640822386e-06,-5.8271350532578e-06,6.95576501466172e-06,-0.000185193626380582,0.000284664689805647,-7.307372920955e-06,1.96056196625659e-05,-7.91854211887999e-07,3.33292271151765e-05,-0.00167364465978615,5.46822812963809e-06,8.13391506699561e-07,-6.609875286892e-06,2.41951091059068e-06,1.94563328533009e-05,-8.33855555959804e-06,-8.33809066579728e-08,7.8937659766467e-05,-0.000440529140297393,5.95463696255456e-05,7.80312566743625e-05,-0.00725861539701537,-0.000348253486886499,6.25827070334236e-05,0.000317795374148541,-2.84218194651266e-05,-0.000888439252952095,0.000145476996774236,2.33382338950656e-05,5.21551644283484e-06,-0.00020018448940626,4.56476161303527e-05,-1.72328804647488e-06,-0.000119710222206711,0.00152606430640884,2.08849737450901e-05,0.0011704777611565,0.000139368797259576,-0.00257606425490666,0.406536930509109,-0.00232488619639591,-0.000287521560802992,1.78521002141637e-05,-0.000364801757433468,6.35840454867528e-05,-2.83084633479761e-05,4.63557922669864e-05,-0.00181876649071815,6.70736963554324e-05,-0.000377097440286352,3.55524667092898e-05,0.409763469944385,-5.23449626674997e-05,6.79104613271502e-06,3.76455831118715e-05,-1.42251245151356e-06,4.26452065865512e-05,-8.34980499679964e-05,8.84267183049983e-05,-9.09578479715775e-05,0.00567477464283293,-9.7815588045615e-05,0.0041134339807615,-0.000150838974182956,-0.000414476767713309,1.8908563248582e-05,-0.000196486572506249,1.99947958290605e-05,-4.16810870194517e-05,0.00183771316828392,0.00239944545457302,1.04463886024994e-05,0.000217998047509321,-2.88079236356136e-05,-5.2107604247377e-05,2.24747079797493e-06,8.49784827418507e-05,-5.03410632609912e-07,-0.00836782216982607,7.12413972442811e-05,-0.000205096247551269,-1.29298489414143e-05,-0.000384985903174619,0.000104809252136442,6.60894121436108e-06,2.51627344859001e-06,-1.30045956249132e-06,-0.00177429958993503,8.44887607891582e-06,5.47392930275574e-07,-1.309632960351e-06,-2.77643068757219e-05,-6.06995973688943e-06,-1.75553587708936e-05,4.82799667224319e-05,-0.000383030330628076,-1.15904147588248e-06,1.73167431931427e-05,-0.000130493565698458,-4.36957387290708e-06,-1.43985291341694e-06,-9.62060322479178e-05,0.000369868106770112,-6.75648462034621e-06,-0.00013427946463808,8.6026794899807e-05,-5.68800453969743e-05,7.25001728599748e-05,1.27586329238835e-06,6.40410420385766e-05,0.0106112383288336,-0.000109009557577698,-1.96031805353719e-05,2.58719944694081e-06,6.83882064564022e-06,1.78257465940677e-05,2.88784787828261e-06,1.62999056632519e-06,-7.94055354925257e-05,-0.000167777236894303,-0.00162810412996662,0.0341890639856807,-0.000546342821010938,0.000239563218974052,1.92881857375586e-07,0.000726677282812163,3.94076773392777e-07,4.59596507650919e-05,2.45746947176656e-06,1.21061993225826e-05,-2.69391293681259e-05,-1.05701050107549e-06,2.38600081898999e-06,9.96397900755532e-06,1.8835535218253e-08,0.0013678803523741,-2.8901530699081e-06,-5.41185683357331e-06,-3.96599439785242e-06,3.36752452440648e-06,1.58404398694468e-06,1.58926257053595e-06,0.000534858720377659,-4.3466588301867e-08,-8.23832655578509e-06,-1.2484339507366e-05,-6.24461805769172e-05,8.25062323403867e-06,4.390546687563e-05,-6.48718279350035e-05,-4.2613996499674e-07,-0.000294249155834028,9.67156098540258e-05,-0.000279677936127514,-3.68527043585874e-05,-2.98703817467906e-06,-2.04666632062661e-05,6.26571236204693e-06,0.000114192724787317,-9.82136227315562e-06,-7.05812056822251e-05,-0.0092673588122889,0.00115505887929275,0.000472906662905708,0.316616934046161,0.000150332267306073,4.81150294749046e-05,0.000635317248435845,0.000624504497745619,2.47149515880841e-05,1.47390160210912e-05,-3.91855551536347e-05,-7.16214991343964e-06,-3.58593417915354e-06,-5.82816958532356e-06,2.39353441766153e-07,4.75980840967412e-07,1.50357717529066e-05,-7.32087468951356e-17,1.35668162040485e-06,-1.85433231716487e-05,6.80826460199814e-05,5.6622140320661e-06,5.31126316163487e-06,-8.8484370254835e-07,6.88988083165407e-07,-3.32340974859393e-06,5.19928729518954e-08,-2.87257938201763e-09,5.80519663584712e-07,-4.60731083448247e-06,3.61295577294838e-05,-1.2581909534747e-05,5.62020404857843e-07,8.66031925048807e-09,-1.25764657963755e-09,8.42709859326537e-08,-1.2208962317637e-07,1.96458789187448e-06,5.25782659603636e-07,-1.11116002127905e-07,5.67991037943086e-05,-5.9307378732361e-07,0.000112149954482838,-2.77424379536561e-06,2.82569217446818e-07,-9.71234729131831e-08,1.86457998578879e-08,9.06570886141941e-06,-2.84427969040022e-06,1.42851975993761e-07,1.67430144250957e-06,-1.27348869313325e-07,1.54314464347142e-06,-2.05413755574639e-06,9.04407435570343e-05,-6.22784308326476e-06,4.94052366844934e-06,-3.647562588001e-07,6.12409938942595e-06,-3.15793097555498e-07,1.22736739522079e-06,-8.06050474341498e-17,-3.07074176839753e-06,-1.0541294083151e-07,-1.38968409242974e-10,-1.2228670072569e-06,1.55721087838773e-07,-9.69300915776394e-08,-3.20639908212043e-07,3.75021372494216e-08,-1.59306978437061e-06,5.53826336400217e-06,2.04237142031567e-07,-5.05599832475882e-05,2.39926723536089e-06,-2.90767528941712e-06,9.31043058296478e-06,-1.45496249483956e-06,2.40035831812141e-06,8.51101643437609e-08,6.46912734906556e-08,3.57595022906976e-06,-2.3075019354933e-05,1.02642937849795e-07,-2.85594607375768e-06,0.000860460736470317,-0.000289342274699727,8.13700019812455e-07,7.36222246323878e-07,4.23900789779127e-06,-1.34579416357771e-06,-7.65001786648994e-07,8.89885546219466e-07,-0.000109690275445782,9.97707264587277e-08,9.35250644938501e-07,-1.82112125645081e-06,-4.76665463334379e-17,5.53852373200871e-09,3.34314608908623e-06,-3.0681971063713e-07,1.58511759999019e-06,2.02133115900427e-07,4.17414421338999e-07,9.98954113402268e-07,-0.000363609184983787,4.90040991948649e-06,1.32134150205651e-17,-3.85338688938697e-06,-3.54458425614277e-08,-1.31625555073254e-07,6.24726691754004e-07,9.92200327429961e-07,-6.70172401567978e-08,-2.56515021619369e-06,6.84094142089926e-07,-3.24024257521866e-06,4.29768220499253e-06,-6.58602968528907e-07,-1.57923117031263e-06,-1.95238293621168e-06,-1.17903303720989e-08,-1.5727959111529e-06,9.42770545065944e-07,-1.70608533690274e-06,7.27371423307321e-17,-4.98645618256924e-06,3.9171081205634e-07,1.12889781768889e-08,9.92068408412341e-08,-3.24962181154352e-06,-6.74450149304398e-06,3.43148625671614e-06,-1.24700722197396e-05,-6.14562720779069e-07,7.62572740460979e-17,-1.12812249512526e-06,-4.44930375987028e-07,-1.43594838807814e-06,4.50725059085883e-16,2.75887534093187e-06,4.01547428581801e-06,-6.16416379328231e-07,-2.33862094271601e-06,-8.28527024725196e-07,-5.22274541695493e-07,-0.000893411810913219,3.32029274584822e-07,2.7028283152774e-06,1.57019504620455e-07,7.95988220135681e-07,1.1498145355378e-06,3.86528201446192e-17,-4.69314949641629e-07,1.54568629687185e-06,7.6095118650442e-06,-1.03016038919645e-06,1.08824391026198e-16,-0.000248632467216428,2.06120734355291e-07,-5.29373746053829e-07,-3.69088254662431e-07,-1.31453069036003e-06,1.68784076164437e-06,-0.0123357376837205,1.06740522176853e-06,8.64325087859541e-17,4.83911336844636e-06,-9.33161170821354e-07,2.6377832625428e-06,6.25995389472136e-06,-1.68227425228438e-05,-4.28054507915373e-09,-2.49149659237169e-16,-3.51279573642842e-16,-4.21667836320633e-09,-5.44997639071542e-07,7.1955697156545e-08,-7.33530458740361e-07,1.39406849050809e-15,-3.54096796943113e-07,-4.20908365354313e-09,-4.15695252991127e-17,2.34490871979071e-17,-1.28005311067784e-16,9.45954281352896e-07,0.000650824412470551,-2.85778174117317e-06,2.25750203042493e-06,1.12620113021261e-06,5.36331294199377e-05,-9.97255595263314e-07,-1.38152230431712e-14,-2.21554379463556e-07,6.2307893137824e-07,-5.11494593004276e-17,-9.65431533800553e-16,-3.9247789957462e-07,-2.11518340612607e-10,-2.32274036015464e-07,1.26301991366949e-06,2.29009966190889e-07,-8.57004184338819e-08,-4.18375520947651e-16,-2.88150788404722e-07,2.41512106262156e-17,-9.81437460691239e-07,-4.67867118745385e-17,-2.56343280341794e-07,2.11839684964284e-16,1.05206215962067e-06,2.77008093954012e-07,1.15069719454643e-07,1.51156531535695e-06,7.48686138166041e-07,-8.58797964870056e-08,5.44314587616484e-07,1.21071341718728e-05,9.14879853793092e-07,8.4447822249346e-08,1.90117144382061e-07,-5.34727933303903e-07,-9.16000900954093e-07,-7.4286663238725e-08,-2.55410822214792e-07,-4.96744959539091e-16,2.38954014788707e-06,-4.1171455325794e-07,2.12763527065125e-07,1.01549508348062e-16,3.72862151388861e-08,1.01424647770906e-06,8.24797611050596e-05,1.21052688362412e-16,-8.6101947126072e-07,-4.62528156176461e-07,-1.01253974885375e-15,-3.91813399314086e-05,1.36284407010565e-06,9.72906610332285e-16,6.35503304566253e-16,-4.9983535447737e-08,-2.68347421833502e-07,-1.5291826683513e-09,-2.12205595422206e-06,5.63663684508962e-07,1.65799388237282e-07,1.59731440643221e-07,1.47587212305772e-06,-3.31350160189622e-06,-8.52657246024069e-17,6.8343699369158e-09,4.70352647237907e-09,1.29808082861774e-08,1.21483665811004e-06,-7.71605123092023e-16,-8.05745703409519e-18,3.99608905969199e-07,-3.56525800010038e-15,-2.11144409516404e-15,1.9007546124617e-06,-6.33506993797479e-05,-4.2280106326191e-07,-2.85321473359047e-08,1.48020461294578e-05,8.47699659029032e-05,9.39954178883224e-08,5.75525967471517e-16,2.21775045163504e-07,1.03600200013243e-08,4.75417202801475e-08,-4.78492648727389e-07,1.88954754162341e-06,-1.06407712989797e-14,2.24286792329503e-14,-1.27889547338296e-14,-1.6538346215384e-07,-7.93663602003517e-08,-4.62257498851517e-07,-1.0444230671695e-14,-6.08848746650746e-08,-1.39074713075986e-14,-0.707106781186547,1.97852199637783e-05,-2.13739943086285e-07,-6.1287644880989e-15,-5.41098197525813e-07,-2.80077501158334e-07,-6.35452654745719e-15,6.40461480666899e-07,-4.81938339171455e-15,2.64589213655546e-07,8.18551896269446e-16,3.21003708681253e-07,0.001742430432829,4.07622333776633e-08,5.37522259603e-08,4.1204095281735e-07,-2.17008529540458e-07,6.06068355827528e-07,-1.53876321819206e-16,4.00191530370724e-06,-2.25948100170045e-07,-1.60815938707177e-16,-2.9779488724213e-08,-1.55893426586584e-05,1.41063062330997e-07,-3.49490320365572e-16,1.02982086126145e-05,5.98734813252723e-07,-1.18774250372454e-15,-1.49631509590287e-06,-3.31004381377255e-07,-1.7243693750204e-08,1.34200598224102e-16,6.64453907624999e-16,7.00722325035499e-06,9.44319183794096e-08,7.64027251845059e-09,-1.22929098278508e-07,5.59968018731423e-08,5.21638237105351e-17,6.42820303855874e-16,2.04441883295548e-07,1.40921364701046e-09,-1.04935678407639e-15,4.94118951132863e-07,9.36831467751152e-18,2.55683055750542e-07,-9.45752697516832e-08,-5.52597064587986e-08,-3.66359390836565e-07,-5.33464067287951e-16,-2.70147368967204e-16,-6.29319762094056e-17,-6.1135073706721e-17,-2.94488725418174e-08,-1.02152211346266e-07,1.1907105888006e-15,1.2255010337449e-15,3.10311442717329e-16,1.43803639955451e-07,1.29239991396429e-09,-7.11801766842205e-08,-1.34175463420321e-16,8.18576028358345e-16,1.44660860710005e-15,-6.91484842344727e-05,9.07934986262216e-08,8.37559655836767e-17,1.63457131045397e-08,-4.2786452459716e-07,1.70721639416091e-16,2.18921694215917e-17,-2.95870797971907e-07,-6.87383788594516e-08,-1.46610214585397e-07,-1.98723331195128e-16,4.21854159479387e-06,2.4032421550936e-07,2.57898204888269e-07,-2.35120931742719e-07,-6.32969266395412e-07,1.03038990180579e-08,-1.17473921248884e-16,-6.2931945016072e-16,1.04383741045377e-17,1.95960988483396e-07,-1.77427194601091e-07,-6.68775556186867e-08,-1.34280349461165e-06,3.7136997550507e-16,-2.51843305541299e-16,6.00146888311158e-16,1.54177786450125e-17,7.42635106412668e-17,2.51257999904229e-07,3.04573588708111e-16,8.25943771320417e-17,-4.06802823650109e-08,-2.77041070673639e-17,-3.64159465631138e-08,-1.50409136030879e-16,-4.51479361125756e-08,-8.82039998327294e-17,-5.46890228064059e-08,-6.84473614044147e-09,-6.24450454214838e-07,2.31444644801478e-15,2.19769586372605e-07,1.21760057243642e-16,3.11936330757893e-07,-5.48884340301619e-07,7.73651078869078e-08,4.57816107938534e-17,4.43132893294615e-07,1.01470272416893e-16,-1.09129139447303e-07,-1.38801647482262e-05,-8.68590923339165e-17,9.68725232690182e-17,-2.58838035554826e-16,2.06450888612713e-16,-2.06432102861853e-09,-2.68838135255416e-08,-6.00356129778658e-09,-2.66969360096286e-16,5.00675310728848e-18,-6.34933824898742e-08,5.1793777279725e-07,2.22415542493782e-16,3.77414287390536e-17,-2.73930494283559e-08,-9.21474129535551e-17,-1.94186413067676e-07,-2.60771165391679e-16,4.13289480543519e-05,-1.00534717630357e-16,3.96742277368044e-16,-8.94233044256998e-18,-2.13989451685548e-16,1.86130176530938e-16,8.1289524592261e-17,3.5209079146484e-08,-2.46241867088992e-07,1.29301132064249e-16,-3.64470036684833e-05,6.21819421658714e-07,-8.98522151709179e-17,7.88664648876208e-17,9.7346778360257e-17,4.2778282868795e-16,6.13633990858401e-08,9.81902701829329e-09,2.00442636016978e-17,1.88816166381641e-16,-1.12423848101886e-07,-8.84651345328979e-05,-5.99962418455959e-09,4.43577872761379e-16,6.46920646951755e-17,-4.06901707636017e-17,-3.00845624507728e-16,7.58642530376306e-17,2.2135074856824e-16,2.3487792837935e-07,-2.221678268105e-07,-4.27220947919632e-08,3.03683133741002e-16,-2.17010689796867e-16,-1.76507432255004e-16,-1.87410373095685e-18,2.91328152261567e-17,3.63729300190817e-16,1.82328474992212e-16,-7.11652306206615e-17,-1.77277435315313e-16,8.38638821477535e-17,9.75168953305887e-18,1.45770951883003e-16,-1.90867549924334e-16,-1.10673743227927e-16,2.34483428951356e-08,8.18080216044958e-17,-3.7736541160772e-16,7.42731988473506e-17,3.31924157384916e-07,-3.99782942211944e-09,-4.94291997180233e-17,-8.56656419815211e-09,3.0336070601503e-07,1.76519294942203e-16,2.47702634186713e-16,-1.48393103618835e-05,-5.60268321130077e-17,7.46778196174152e-09,5.85212971080559e-19,-1.65453479397665e-16,-5.00357482244798e-17,1.40056371510771e-16,7.32606757625617e-09,-2.54449776878218e-05,1.46705593289604e-16,1.58640631274278e-16,-3.06532456773108e-16,-1.54099044807718e-16,3.90380544730562e-17,6.61092533696041e-17,1.44837140891401e-16,4.34028345504141e-16,1.2066061004196e-08,1.43439574035346e-16,4.59456456749409e-16,-1.07587438060836e-16,-3.3799866057126e-17,-1.02652542450278e-16,4.00330050220981e-16,-2.38004463166268e-07,-5.28931920457279e-17,-2.01748361859856e-16,3.98701511600234e-06,2.45125440657616e-16,-1.62760555178443e-16,-9.93482509844748e-17,2.5535746033833e-16,1.47902350516587e-07,1.38104483378804e-16,-1.09165307348331e-07,2.81544527870256e-16,3.12247393573696e-16,-1.43812581362525e-17,-1.87225727441367e-16,1.38653704948215e-17,6.62214770905881e-17,3.94396848788381e-09,-4.43502246722265e-17,2.72082100095452e-16,2.22471888012527e-08,-4.92283597300066e-07,4.79416094062165e-17,3.44816914568013e-07,5.05010937571258e-08,1.00225374932564e-16,6.38367297993666e-17,-9.40710787279681e-17,-3.2256250521413e-17,1.44747179207026e-16,-8.47837992657401e-08,4.9481940053965e-17,4.26463561036246e-16,1.98846385897945e-16,3.39390221056005e-08,1.32942092679415e-16,-8.9777390007044e-17,-9.68286609759939e-17,2.8349372401775e-17,-1.546036798474e-08,-5.75202226138339e-17,4.65137578281531e-09,-1.78435300370354e-16,1.45814146456927e-16,-6.94531725537411e-17,-3.11787366115715e-16,-1.13794812407239e-16,-1.37826530261486e-16,-7.31658107116792e-17,-8.0674011468703e-08,1.12804482983021e-16,-1.18161346865964e-16,3.39134111386949e-08,-2.30994888972128e-16,1.24251803850112e-17,2.38086759291314e-16,1.43565029493669e-16,3.51393994383003e-17,6.33265882892873e-17,-5.51047285387285e-06,3.96792955228045e-16,5.88390873429255e-17,7.31766265217685e-08,1.13749035400717e-17,-3.35281856475926e-17,5.60814626787858e-17,-2.25762985165163e-16,-4.26507213413413e-17,1.03153868366009e-16,-3.22405986986795e-19,-1.18605093804111e-17,6.59286377850531e-17,8.196609757322e-17,-2.69665052121114e-17,-3.83763956378658e-08,1.27252242992849e-07,-1.91099262344167e-16,7.99826360498034e-18,-1.93428444737717e-16,-1.09176689594878e-16,2.52009242467099e-17,-1.02426472745009e-17,4.55066172876596e-17,1.95037561589949e-16,-1.10245847685069e-08,3.11892349504638e-17,-5.98577184653147e-18,1.21242746126007e-16,1.70031978136278e-16,3.07651429791554e-06,1.89687419004781e-17,-2.2378377658321e-09,-1.64208339027763e-16,-4.02383560533415e-17,2.85173901666876e-18,-1.32071364904256e-16,-1.13477081621072e-16,-6.93884425588228e-17,1.31924624281422e-17,1.79659107853069e-17,3.6195998292198e-17,8.14346128697415e-18,5.18929488798905e-18,8.39737520152933e-17,1.28158037644782e-16,4.9996921800119e-17,-5.38184834074104e-17,-5.85570504127338e-17,-5.60614989608505e-17,3.42984813437319e-17,-2.46326114457184e-17,-1.10538944010964e-17,1.54569960346754e-16,2.25463986807102e-16,3.08608042839573e-17,-1.75381753137218e-16,1.88393831792692e-16,1.06447933920994e-09,9.00765222809109e-17,1.36845636400348e-16,7.4547768032272e-17,-1.9516422930408e-16,1.14737617712546e-16,1.19816735605481e-16,-1.25303302650532e-16,4.87677909578364e-17,-6.09823929400264e-17,6.13295939190656e-17,5.76592267854947e-17,-1.25546681589128e-16,4.89552104103722e-17,-1.13440382853317e-17,5.54316896246596e-16,-1.44254441275737e-16,5.25304196464707e-17,-1.36999734462572e-08,-2.17613038087594e-17,-2.09965978707692e-18,3.08341598650547e-17,-7.84800847869942e-17,1.97381641475363e-16,-2.59351396066026e-17,-1.21982163426936e-16,1.2308903866259e-17,3.987082113024e-17,2.90281689419249e-09,2.7457509266991e-17,3.64202713327659e-17,-8.92054275951513e-17,1.03277918070261e-16,-1.42084717432398e-16,1.26820793011617e-16,-3.31277485498344e-17,4.7157216128731e-17,-2.18125776915996e-16,-3.14448261783974e-17,2.83439435114037e-17,-3.21387253189058e-18,-3.48250636766409e-18,1.46462066953003e-08,5.25311712832466e-17,2.83391276325102e-17,3.61628272890889e-17,-5.00142462167563e-16,-3.54730685177727e-05,-2.20854542522648e-17,1.52646897858466e-17,-2.54423176277587e-18,-9.2383612556524e-18,-7.31984215668778e-17,1.06816434691155e-17,3.24753771831536e-16,9.25126085703128e-18,-4.45806432031414e-17,9.50975958051695e-18,7.40601074912032e-17,4.73633651435082e-17,-2.90235876129305e-17,-1.38051996470843e-16,1.79884963922843e-17,4.70045813834471e-17,-3.06281010733566e-16
"t680",-0.00483966152056117,0.0492396836207102,0.0632889153884495,0.0149638162824145,0.0300588706903067,-0.00487921196051167,0.0014928313370682,5.10656346931079e-05,0.0004196004082289,-0.00105444870445323,-0.000285108937346487,-0.000501076674919504,0.00825384084046677,0.0740740630648869,-0.00798887072807304,-0.00208479483789544,-0.0711957761153536,-0.000515738323932451,0.000118906769744886,8.27612371722858e-05,-0.000301134308837989,6.84865402736868e-05,-0.000172895982715761,0.000295059680574274,-4.64067498949398e-05,0.000131480529912902,-0.000169697949373886,0.00145362179002042,-0.00100006175182409,0.00277626545876363,-7.16584541679819e-06,5.94451165649437e-05,-1.63393599702971e-05,-2.90833876380013e-06,3.06683010141959e-06,1.49741064562548e-05,6.04260333951615e-05,-7.37718843781851e-06,-6.96449534227982e-05,-2.9077665117946e-05,-0.0327224529039964,-0.000236484694597533,0.000100847495892763,-0.000119504181993539,0.000296906889427333,-3.11473358966647e-05,5.05104150804102e-06,-7.06328183779755e-05,6.56734554548229e-05,-0.000122346803120119,0.00014214538094419,-0.0318748695287979,-7.14843216376587e-07,7.90111745353249e-06,1.00954008730082e-06,-1.1991800816901e-05,1.86675543315784e-07,0.000192001454596842,1.67521383783987e-05,8.81397786891685e-07,1.66098106793937e-06,-2.55105264430319e-06,8.20198220113755e-05,-0.000131991613211215,4.69710152468185e-06,-1.67261512649582e-05,1.2901591453725e-06,-7.56773763247067e-05,0.00451080604551171,-2.10404710407685e-05,6.08354357996286e-06,-2.11590639517623e-05,7.23357405377571e-06,5.16673684994937e-05,-2.18552916262499e-05,-2.09415088170695e-07,0.000195115794993613,-0.00101420031258679,0.000121284497566633,0.000153873852420632,-0.0274156406257013,-0.000502672616114864,9.9555389578407e-05,0.000496438804406656,-4.11144268700517e-05,-0.00126032163993174,0.000202458001432235,3.23806336034527e-05,7.23053027202428e-06,-0.000276974223621081,6.27120676901646e-05,-2.22075943734606e-06,-0.000153391800864203,0.0018822239941743,2.40658769438362e-05,0.00133407847558553,0.00015876654802147,-0.00285000261415479,0.444609988879447,-0.00242281488942299,-0.000285742769669516,1.76580776239442e-05,-0.000358881237763512,2.89984102708736e-05,-9.78433707265242e-06,1.09466190768e-05,7.65495827765603e-05,-1.00361018661714e-05,0.000148060919349089,-3.49995125554676e-05,-0.526224189901588,0.000636978349431073,-0.000182641808434677,8.93886026730246e-05,-3.06070185545756e-06,7.94564032530483e-05,-0.000148632479336848,0.000143529027262836,-0.000138866498981654,0.00836058729559639,-0.000141629081188596,0.00567232406530834,-0.000202879732677274,-0.000556986607465264,2.53275800679482e-05,-0.000257660470214974,2.61774088654346e-05,-5.37230625762253e-05,0.025296557951455,0.00230829487999008,1.25426737377616e-05,0.000262372340711509,-3.45557927163363e-05,-6.23512330932814e-05,2.6625837157214e-06,0.000100537135989536,-5.83894199842167e-07,-0.00956412633341013,7.99339106190843e-05,-0.000230005993246941,-1.44566968538612e-05,-0.000429795145522712,0.000116725443585838,7.35358805880912e-06,2.79975428238945e-06,-1.43763700328955e-06,-0.00193731332337958,9.11512573156538e-06,5.88844508125603e-07,-1.39995924997538e-06,-2.96645427993357e-05,-6.47010703948796e-06,-1.86868536902451e-05,5.13115709102162e-05,-0.00040144998614971,-1.21215368880924e-06,1.80827246987574e-05,-0.000131970705178531,-4.38881735639661e-06,-1.4447389112861e-06,-9.60238906722383e-05,0.000368792910227261,-6.6987915141756e-06,-0.000133054721531657,8.49416373580375e-05,-5.61517787738506e-05,8.33823987662313e-05,1.52681918256343e-06,7.76216122821837e-05,0.0314383407580524,-6.32605593117295e-05,-1.23081470499866e-05,2.09673220340887e-06,5.63934391537406e-06,1.49914910102204e-05,2.43546683915621e-06,1.37633769423109e-06,-6.76345567416235e-05,-0.000142745753102927,-0.00138549131312542,0.0291207471337171,-0.000478040047319187,0.00544676235422447,1.53136874448733e-07,0.000589450959571081,3.22049664039678e-07,3.75298203826998e-05,1.97779518253118e-06,9.73739382319391e-06,-2.15332086506644e-05,-8.29193481376717e-07,1.84112458187685e-06,7.64686156719957e-06,1.43798013815991e-08,0.00355915065341849,-2.1158408026455e-06,-3.94262818038616e-06,-2.85751732971425e-06,2.41227745391512e-06,1.08007249825484e-06,1.08090601777208e-06,0.000355329349342906,-2.81739139601431e-08,-4.99704488520289e-06,-7.56999368362558e-06,-3.76116099658074e-05,4.86509008634584e-06,2.54944061820288e-05,-3.60594083509079e-05,-2.22927921035382e-07,-0.000145661540033635,4.70039287410084e-05,-0.000123904896148548,-1.5383662724217e-05,-1.2448289935224e-06,-8.10151302800905e-06,2.12205138280714e-06,3.73357893233881e-05,-2.55155524580424e-06,-1.46951220040514e-05,-0.00175381212897036,0.000120404539799392,3.88711771562144e-05,0.0180949705890139,-3.84651459736182e-06,-2.09659719859032e-06,-3.05304664878826e-05,-9.66803364878176e-05,-5.63175751660691e-06,-4.68536089227203e-06,1.4192827036884e-05,2.94096405929905e-06,1.6443162956943e-06,2.75436300351316e-06,-1.46852798638803e-07,-3.39373140629779e-07,-1.25228891349505e-05,3.35477308118859e-17,-1.39945739866358e-06,1.99467462168821e-05,-9.75345940168684e-05,-1.0129629546357e-05,-1.14719761966154e-05,1.93340485866693e-06,-2.19837393689579e-06,1.13635573019026e-05,-1.83664337018792e-07,1.19453867089707e-08,-2.71801020751178e-06,2.74408254546539e-05,-0.000734146750889834,8.84167677855528e-05,-5.47738138212225e-06,2.84984820254232e-07,-1.8439707458409e-08,8.69953530368454e-07,-8.04508238182968e-07,1.26482814203096e-05,2.79248323587401e-06,-5.41339713804005e-07,0.000249289849763768,-2.52685169886454e-06,0.000463966795468938,-1.10462100735345e-05,1.06824162074636e-06,-3.65125379072449e-07,6.27977745709569e-08,3.04644415307155e-05,-9.53407031647607e-06,4.66772146084207e-07,5.42106032759561e-06,-4.01006368792231e-07,4.83501847065928e-06,-5.62315862844509e-06,0.000244547676305443,-1.66809527926553e-05,1.29599323179197e-05,-9.41803628895931e-07,1.52958789629968e-05,-7.81625830722983e-07,3.01670754752125e-06,-4.870575723051e-17,-7.37635950032998e-06,-2.52484156589017e-07,-3.29789125995773e-10,-2.84218273294526e-06,3.559002479527e-07,-2.1984761835752e-07,-7.24555807439642e-07,8.11160382038722e-08,-3.43685303614512e-06,1.19398257566205e-05,4.35296722147468e-07,-0.000295309253869983,4.93635469267949e-06,-5.96364900280059e-06,1.88975335524985e-05,-2.84838256000455e-06,4.63661641520458e-06,1.64278320414296e-07,1.24838245526146e-07,6.70586759230643e-06,-4.24556517547306e-05,1.8921936878195e-07,-5.33788221838183e-06,0.0042314595322641,-0.000431230460913559,1.40103658753305e-06,1.26757211241357e-06,7.29562584604393e-06,-2.3152153613291e-06,-1.31337855339821e-06,1.52329733336859e-06,-0.000187192469093547,1.70026062713043e-07,1.58995465192864e-06,-3.0795442161068e-06,-7.8115187716514e-19,9.07187656002952e-09,5.45953747966832e-06,-4.98844291158102e-07,2.57683736116323e-06,3.28551646540968e-07,6.77749733807953e-07,1.61874222019867e-06,-0.000587817248522001,7.88480105521283e-06,-1.17273723552679e-16,-6.1354835751761e-06,-5.63662721686641e-08,-2.08747129805956e-07,9.90446875012637e-07,1.56275736235567e-06,-1.05180427145968e-07,-4.00598984176898e-06,1.06475920606983e-06,-5.00721479070173e-06,6.59822445806391e-06,-1.00699180338343e-06,-2.40902982974802e-06,-2.97397391294131e-06,-1.79138405124724e-08,-2.38898167579289e-06,1.4294203644837e-06,-2.58311402588851e-06,5.73327163266671e-17,-7.4703697935474e-06,5.85532618013088e-07,1.68744902027391e-08,1.47346577450024e-07,-4.82176199002314e-06,-9.88435384091531e-06,5.01041171412023e-06,-1.81944000491789e-05,-8.94123579526219e-07,1.87198564175389e-16,-1.63583756059157e-06,-6.44356791339093e-07,-2.06948596526376e-06,7.49579944196985e-16,3.95417006301189e-06,5.74743312103979e-06,-8.81666043800242e-07,-3.34001063842434e-06,-1.18030685621487e-06,-7.42575308787175e-07,-0.0012682877469681,4.69102179846106e-07,3.81641491317898e-06,2.2094402259826e-07,1.11279982622905e-06,1.6068973045688e-06,2.74453603854735e-17,-6.46419716359047e-07,2.12298854364349e-06,1.03831107164327e-05,-1.39019609419172e-06,-2.92105410740289e-17,-0.000852141271125348,2.52977706103674e-07,-6.21608615320422e-07,-4.21525180471436e-07,-1.43855814858652e-06,1.62386925460842e-06,-0.00439554893927268,2.2275219714867e-06,5.79957508266266e-17,8.35620663541098e-06,-1.59931567264787e-06,4.45882868498912e-06,1.04155092323259e-05,-2.79598807935793e-05,-7.08703224402864e-09,1.458251921993e-17,4.79616909312911e-17,-6.85229139540124e-09,-8.7462728563576e-07,1.15318269464734e-07,-1.16522439334071e-06,3.33866383688434e-15,-5.5468696039595e-07,-6.5686397121193e-09,-1.16922730666434e-16,-4.16652887255645e-17,-7.59015564356829e-17,1.5644951654707e-06,0.00267352041656601,-4.19999645732186e-06,3.34671361623192e-06,1.67007601453729e-06,7.95703747209283e-05,-1.47937972638455e-06,-2.07799151556563e-14,-3.274721364996e-07,9.19466476913475e-07,4.09585347431785e-16,7.21199075332666e-16,-5.75445562872826e-07,-3.09656236205392e-10,-3.39371491512465e-07,1.84299110549738e-06,3.33367337248373e-07,-1.24705849120657e-07,-1.42565912862794e-16,-4.19083105049568e-07,2.45781983360431e-16,-1.42531358592867e-06,-2.63377271652199e-16,-3.71889699609666e-07,-2.79727208908797e-16,1.52428617304449e-06,4.01240311403257e-07,1.66122132062332e-07,2.18070408183124e-06,1.07980874100642e-06,-1.23711903689153e-07,7.83290937813857e-07,1.73823650425177e-05,1.3134781505702e-06,1.21156608998011e-07,2.72420991245403e-07,-7.64979892603612e-07,-1.30869733788932e-06,-1.06026077000794e-07,-3.64356960623656e-07,-7.0251214214987e-17,3.40370474393972e-06,-5.85632429415754e-07,3.01499502779459e-07,3.18888382427345e-16,5.27818212734215e-08,1.43354738745093e-06,0.000116502925303457,1.38402970055676e-17,-1.21579419921445e-06,-6.52272303640861e-07,9.65800219388073e-17,-5.52205737515052e-05,1.91385770138507e-06,-1.70439895157985e-16,6.01879436785499e-17,-7.00981303894486e-08,-3.76292108027567e-07,-2.14311878850232e-09,-2.97209612435275e-06,7.88319575030986e-07,2.31852580291359e-07,2.23328558827256e-07,2.05966491251583e-06,-4.61735134739043e-06,7.68533321834561e-16,9.51841851420535e-09,6.55011420906594e-09,1.80710615053119e-08,1.69055023182692e-06,1.93998487991414e-17,1.24535346509393e-16,5.55790862304546e-07,7.65482340870988e-18,-2.44651339527572e-17,2.63487992828019e-06,-8.77690082022013e-05,-5.85761351285296e-07,-3.94808391405297e-08,2.04786699628244e-05,0.000117275319159718,1.30008582494413e-07,1.19006475795693e-16,3.06001158978188e-07,1.42871245001035e-08,6.55517582737771e-08,-6.59189639419671e-07,2.59895318020415e-06,1.0941768466071e-16,-1.30913297838334e-16,5.13899758313133e-16,-2.26926991331669e-07,-1.08779960532919e-07,-6.33517648246257e-07,-4.63595910738717e-16,-8.33470673934056e-08,5.73629472793655e-17,2.62426447249431e-16,2.69005407204335e-05,-2.90570033296787e-07,-1.38784654341723e-16,-7.33402432581208e-07,-3.78687241801458e-07,2.43712944737148e-16,8.57932555194664e-07,1.43356625494958e-16,3.16041509346411e-07,-1.88998202076301e-16,3.34864769432413e-07,0.000600270571802386,8.43702060534405e-08,8.46670912249574e-08,5.95886554415111e-07,-3.0122844047617e-07,8.32797554336309e-07,-6.26237423247366e-17,5.47103220772777e-06,-3.08772691424759e-07,-2.37005911611773e-16,-4.06752926150929e-08,-2.12752194489042e-05,1.92377145600731e-07,-5.25453758773603e-17,1.40146468133773e-05,8.1449714498475e-07,-1.06939966918037e-16,-2.03453274160655e-06,-4.49958604980683e-07,-2.34206904740782e-08,1.85070445887371e-16,2.00065522677408e-17,9.49952216675087e-06,1.27922631938735e-07,1.03483590089831e-08,-1.65992184769588e-07,7.55770962105464e-08,-7.87557437542298e-17,1.75322729362233e-16,2.75839268586432e-07,1.90127633477109e-09,3.35016114081791e-17,6.66292783544949e-07,-1.28006146373763e-16,3.44596775574225e-07,-1.2737464266405e-07,-7.44204925638372e-08,-4.9329562681831e-07,-7.32253868738461e-16,-1.97317711730693e-17,1.03836855550347e-16,-1.18542264317651e-16,-3.95845286158367e-08,-1.3729177311355e-07,2.44185276554357e-16,-3.24458363670382e-16,1.60416579090881e-16,1.93174841150075e-07,1.735740335231e-09,-9.55422072122087e-08,-6.93654740453566e-19,4.85961860081105e-16,-1.22612254279796e-16,-9.2635910412422e-05,1.21625021948673e-07,-3.52298073482606e-17,2.18801541374105e-08,-5.72563679278731e-07,1.25552630496533e-16,-1.37700592298684e-16,-3.95655410885595e-07,-9.19157933464972e-08,-1.95964970026831e-07,2.35656497010334e-16,5.63485719022457e-06,3.20890700984785e-07,3.44179122003039e-07,-3.13562553027428e-07,-8.43984513245369e-07,1.37341584006116e-08,-2.66255850224857e-16,5.61112840009835e-16,2.04364483156462e-16,2.60685550298295e-07,-2.36023127915803e-07,-8.89420575177304e-08,-1.78360698710049e-06,1.12041385694284e-16,1.75447357404634e-16,-2.65079358985477e-16,-5.20716778233694e-17,3.11079708528619e-16,3.33309029127451e-07,-5.69348265186674e-17,1.32122418792167e-16,-5.39378408526633e-08,-3.97467734149416e-16,-4.82824842840994e-08,4.4970732234891e-17,-5.98571987541926e-08,-3.25159077308919e-16,-7.24441347922363e-08,-9.06506151917345e-09,-8.26753895062728e-07,2.70890044964175e-15,2.90856734600985e-07,5.05750873781628e-17,4.12490344104383e-07,-7.25034247776231e-07,1.02188606015337e-07,1.74593614256817e-16,5.85062649389092e-07,2.5494579097256e-16,-1.4398313561244e-07,-1.83126405370896e-05,4.97167799465266e-16,1.29461324792921e-16,2.13707453478916e-16,-8.71418794292732e-17,-2.72201003020397e-09,-3.54437059722518e-08,-7.91375782616504e-09,1.95089422289036e-16,2.90455918286772e-16,-8.36273353522592e-08,6.82152929117562e-07,3.54057583558719e-17,-3.79387464491136e-17,-3.60421288353198e-08,-6.03662333247921e-18,-2.55445119366071e-07,6.82070609723279e-16,5.43341556477327e-05,1.80209029860254e-16,2.21872527749083e-16,-1.01072756609908e-16,1.41252423110783e-16,2.5688320373108e-17,-4.03804420653508e-16,4.62386604833629e-08,-3.23376533939487e-07,-8.77297691966818e-18,-0.000123652876338429,8.15760574446433e-07,3.40248485546229e-16,-2.62902033597458e-16,3.37119194412716e-16,-1.4387553546154e-16,8.05120761500647e-08,1.28904884949456e-08,1.71583354156385e-17,2.61039548524057e-16,-1.49457952586134e-07,-0.000299534357227936,-7.82631312027061e-09,2.81108752875468e-16,-1.20116659797777e-16,-6.38915406969142e-17,-9.37679095757989e-18,8.81334573601291e-16,-4.04842812117278e-18,3.07217201479002e-07,-2.90559552688161e-07,-5.58671137426254e-08,-1.06532463871175e-16,1.08561597792997e-16,1.54518361592079e-15,4.8836484041629e-16,2.82885871300427e-16,-6.87480342706808e-16,1.06834738749921e-16,4.23674326606366e-17,3.32378440151541e-16,-4.38430194574419e-16,-1.33975428555477e-16,-9.05976445471988e-17,-5.65060103569769e-16,-4.59892473045001e-17,3.05983328069838e-08,-4.64461983823494e-17,2.28398669811241e-16,5.35929292687727e-17,4.3301140202716e-07,-5.21501777866897e-09,-1.31002869606194e-16,-1.11742992922568e-08,3.95565981886355e-07,-8.32657423481849e-17,7.39306123886735e-16,-1.93411080030737e-05,1.84897733674377e-16,9.7280135261462e-09,-1.21496946819999e-16,1.62449087468493e-16,-6.82269070734123e-17,-6.30809722412943e-16,9.53527895903136e-09,-3.31161246330986e-05,2.0635644801633e-16,8.9945573456206e-17,1.32128682082797e-16,-2.91148350378258e-16,1.93269201640908e-16,4.09947602407327e-16,-4.21239979196444e-16,1.20170953510011e-15,1.56572061590404e-08,1.97437854693688e-16,4.77735350327405e-16,4.31907683526624e-16,2.10801420682775e-16,7.6416114402548e-17,1.96254367536893e-15,-3.08644043372571e-07,1.5306413537105e-16,3.14834455335759e-16,5.16975463336346e-06,9.82434037720935e-16,7.2380305497263e-17,4.19432434141669e-16,1.98895793232083e-16,1.91515045318173e-07,2.01393766110681e-16,-1.41320873612918e-07,3.58468092795839e-16,-7.48459205150743e-17,-2.61647048230354e-16,-8.65893214468436e-16,1.53916318101179e-16,-1.28760282611364e-15,5.10315534225499e-09,2.19713207143668e-16,6.48684929483746e-16,2.87749623056637e-08,-6.36717261531943e-07,-5.77696718669733e-18,4.45838166244929e-07,6.52897148976101e-08,-9.13209512539928e-16,-8.36151990384605e-16,-1.36615886540675e-15,-2.9538101651677e-16,1.46603573681397e-15,-1.0944540299854e-07,3.95279286251651e-16,3.24045662285206e-15,1.69225043100382e-15,4.37940098854048e-08,-7.03790546883309e-16,1.9531931719378e-15,1.17089915886637e-15,1.10262202351176e-15,-1.9939380786356e-08,2.21396292485812e-15,5.99797131553172e-09,-7.15178005133682e-16,5.94410703684281e-16,5.45680997289833e-15,2.14953895687879e-15,3.51316691987844e-15,3.5854572992527e-15,-8.14662793082737e-16,-1.03942275056605e-07,-7.47008290713409e-15,-6.63124104014602e-15,4.36857519921777e-08,5.50716665989491e-15,3.11098565035687e-15,-1.48660195863248e-14,-1.45409087201379e-14,-1.15024544973697e-14,4.06878290798916e-14,-7.09372213334086e-06,0.707106781186545,3.66120132142299e-14,9.41739893838085e-08,-2.05669084365425e-14,-1.04356732855724e-15,2.83010096790352e-15,-1.49469285513057e-15,-9.64464498468249e-15,7.87778183313552e-15,-6.31875722240729e-15,2.75461269616928e-15,1.21321314497954e-15,1.2345297795117e-15,-4.2507098821917e-16,-4.93351684741632e-08,1.6356937080113e-07,1.27292481305941e-15,-3.24194770059665e-15,-2.75029761599926e-15,-3.83104188059285e-15,-6.57883713868837e-16,-3.67187525106209e-15,-2.50338026882777e-15,2.22719563886045e-15,-1.41614412061252e-08,-1.67527585530872e-15,-1.02134609965411e-15,-1.17382664100966e-15,8.76621412406255e-16,1.01113282848656e-05,-2.6718081654756e-16,-2.87109690352261e-09,1.03445107184876e-15,-4.19608328890118e-16,-2.19095236229217e-16,-5.36658725771972e-16,3.71720517914477e-16,4.78055694723103e-16,-1.34739579658349e-15,-1.77749431809375e-17,1.22520873594083e-16,-6.97147868970746e-17,1.08306113381734e-15,2.62391702470824e-17,-2.41996834530653e-16,-2.44080448761712e-16,1.12077675198907e-15,1.56036778195843e-16,2.1971868986299e-16,-1.08088908505473e-15,-6.84894440723761e-16,-9.50443625647295e-16,-8.60219556177155e-16,-2.02064829184294e-16,-6.72409190222064e-16,8.02593797307137e-16,2.25292681366295e-16,1.36250339342531e-09,-1.94525489149184e-16,1.66506571171395e-16,-5.0839104364125e-16,-4.63706407144518e-16,8.04769066955059e-16,5.61999287743833e-16,1.22977899127565e-16,-4.79577604201354e-16,-2.9258054769735e-16,-1.85830415175508e-16,-1.6399879230241e-15,6.82258575176212e-16,6.14795104270273e-16,-1.23101388253034e-16,7.6892669723974e-17,1.97961986401548e-16,5.75642270490446e-16,-1.7508049381217e-08,-8.09773232179003e-17,-3.86782145043293e-16,2.99743288226966e-16,4.03660042274522e-16,-1.23953370102377e-16,9.57395291218504e-17,6.11593927226689e-17,5.6105768911052e-17,-2.52604357910905e-16,3.7037239540423e-09,1.23978262718617e-16,-6.97240589003252e-16,3.78013471106677e-16,-3.54898525680511e-16,7.30685153160272e-16,8.28614137744532e-17,1.03986317972306e-16,1.40179296958457e-16,2.04052130324876e-16,-4.21400950403844e-16,-8.70337063978845e-17,2.85568027263439e-17,3.03379112160933e-17,1.86571545954834e-08,6.73580361800797e-18,-1.01927599541055e-16,-5.87278467685143e-17,1.28308550850081e-17,-1.2117565880622e-05,-1.76323437539438e-16,1.16444417364978e-16,-5.63918152823344e-17,-3.97540467451145e-17,4.90124946183804e-17,-4.05279507922365e-17,-1.17960444930903e-16,4.41056174177682e-17,-4.18217280459565e-17,9.01986864551662e-18,3.12905964418464e-17,9.38074238091736e-17,-7.07600260284539e-17,-4.05054589334562e-17,-2.06506839879898e-17,9.60519436007597e-17,-1.914650941431e-16
"t681",-0.00483966152056118,0.0492396836207102,0.0632889153884495,0.0149638162824145,0.0300588706903067,-0.00487921196051166,0.00149283133706819,5.10656346931074e-05,0.000419600408228899,-0.00105444870445323,-0.000285108937346489,-0.000501076674919518,0.00825384084046677,0.0740740630648868,-0.00798887072807302,-0.00208479483789543,-0.0711957761153534,-0.000515738323932437,0.000118906769744907,8.27612371722876e-05,-0.000301134308837976,6.8486540273672e-05,-0.000172895982715765,0.000295059680574273,-4.64067498949459e-05,0.00013148052991289,-0.000169697949373868,0.00145362179002037,-0.00100006175182408,0.00277626545876363,-7.16584541680276e-06,5.9445116564962e-05,-1.63393599703008e-05,-2.90833876380458e-06,3.06683010142359e-06,1.49741064562419e-05,6.04260333951724e-05,-7.37718843781854e-06,-6.96449534227949e-05,-2.9077665117933e-05,-0.0327224529039966,-0.000236484694597533,0.000100847495892771,-0.000119504181993546,0.000296906889427343,-3.11473358966751e-05,5.05104150805517e-06,-7.0632818377982e-05,6.56734554548158e-05,-0.000122346803120131,0.000142145380944185,-0.0318748695287983,-7.14843216388078e-07,7.9011174535072e-06,1.0095400872839e-06,-1.19918008168948e-05,1.86675543322948e-07,0.000192001454596795,1.67521383784034e-05,8.81397786910193e-07,1.66098106792151e-06,-2.55105264432371e-06,8.20198220113452e-05,-0.0001319916132112,4.6971015246997e-06,-1.67261512649656e-05,1.29015914533386e-06,-7.56773763247519e-05,0.00451080604551166,-2.10404710407761e-05,6.08354357997256e-06,-2.11590639517469e-05,7.23357405380635e-06,5.1667368499462e-05,-2.18552916262645e-05,-2.09415088151939e-07,0.000195115794993604,-0.00101420031258677,0.00012128449756668,0.000153873852420639,-0.0274156406257014,-0.000502672616114822,9.95553895784377e-05,0.000496438804406662,-4.11144268701099e-05,-0.00126032163993173,0.000202458001432253,3.23806336034201e-05,7.23053027210795e-06,-0.000276974223621094,6.27120676901e-05,-2.22075943733034e-06,-0.000153391800864267,0.00188222399417429,2.40658769438443e-05,0.0013340784755856,0.000158766548021475,-0.00285000261415478,0.444609988879445,-0.00242281488942285,-0.000285742769669493,1.76580776239391e-05,-0.000358881237763515,2.89984102708203e-05,-9.78433707257491e-06,1.09466190767433e-05,7.65495827766146e-05,-1.00361018665632e-05,0.000148060919348751,-3.49995125555078e-05,-0.526224189901585,0.000636978349430547,-0.000182641808434786,8.93886026730592e-05,-3.06070185542661e-06,7.94564032531707e-05,-0.000148632479336783,0.000143529027262812,-0.000138866498981719,0.00836058729559639,-0.00014162908118859,0.0056723240653083,-0.00020287973267729,-0.000556986607465269,2.53275800680113e-05,-0.000257660470215092,2.61774088653285e-05,-5.37230625763637e-05,0.0252965579514548,0.00230829487999008,1.25426737378784e-05,0.000262372340711324,-3.45557927164135e-05,-6.23512330932962e-05,2.66258371565278e-06,0.000100537135989625,-5.8389419983919e-07,-0.00956412633341027,7.99339106190995e-05,-0.000230005993246994,-1.44566968538434e-05,-0.000429795145522545,0.000116725443585825,7.35358805878425e-06,2.7997542824983e-06,-1.43763700324065e-06,-0.00193731332337964,9.11512573145257e-06,5.88844508114869e-07,-1.39995924997307e-06,-2.96645427993609e-05,-6.4701070394413e-06,-1.86868536901999e-05,5.13115709102719e-05,-0.000401449986149722,-1.21215368879661e-06,1.80827246985631e-05,-0.000131970705178556,-4.38881735643247e-06,-1.44473891127605e-06,-9.60238906722993e-05,0.000368792910227252,-6.69879151422288e-06,-0.000133054721531478,8.49416373579694e-05,-5.61517787738334e-05,8.33823987662966e-05,1.52681918262962e-06,7.76216122822609e-05,0.0314383407580523,-6.32605593116995e-05,-1.2308147049931e-05,2.09673220338064e-06,5.63934391535711e-06,1.49914910101986e-05,2.43546683915528e-06,1.37633769427262e-06,-6.76345567413677e-05,-0.000142745753102969,-0.00138549131312539,0.0291207471337172,-0.000478040047319173,0.00544676235422458,1.53136874441178e-07,0.000589450959571068,3.2204966402609e-07,3.75298203828359e-05,1.97779518257075e-06,9.7373938232848e-06,-2.15332086506933e-05,-8.29193481331925e-07,1.84112458190491e-06,7.64686156722585e-06,1.43798013631653e-08,0.00355915065341839,-2.11584080272468e-06,-3.94262818041682e-06,-2.8575173297996e-06,2.41227745388132e-06,1.08007249825146e-06,1.08090601776234e-06,0.000355329349342816,-2.8173913942899e-08,-4.99704488525182e-06,-7.56999368358827e-06,-3.76116099658235e-05,4.86509008637276e-06,2.54944061818065e-05,-3.60594083509921e-05,-2.22927921073291e-07,-0.000145661540033867,4.70039287407627e-05,-0.0001239048961485,-1.5383662724175e-05,-1.24482899372655e-06,-8.10151302796806e-06,2.12205138277433e-06,3.73357893233838e-05,-2.55155524581475e-06,-1.46951220040657e-05,-0.00175381212897027,0.000120404539799512,3.88711771564175e-05,0.0180949705890132,-3.84651459740911e-06,-2.0965971985388e-06,-3.05304664879566e-05,-9.66803364878979e-05,-5.63175751658192e-06,-4.68536089230695e-06,1.41928270369113e-05,2.94096405928066e-06,1.64431629571156e-06,2.75436300348197e-06,-1.46852798652625e-07,-3.39373140469848e-07,-1.25228891348478e-05,5.84647939592077e-17,-1.39945739877856e-06,1.99467462167441e-05,-9.75345940169065e-05,-1.01296295462994e-05,-1.14719761966476e-05,1.933404858617e-06,-2.19837393685638e-06,1.13635573017718e-05,-1.83664337059219e-07,1.19453867113891e-08,-2.718010207575e-06,2.74408254545845e-05,-0.000734146750889744,8.84167677859156e-05,-5.47738138208898e-06,2.84984820171568e-07,-1.84397074052729e-08,8.69953530368428e-07,-8.04508238239347e-07,1.26482814199745e-05,2.79248323600167e-06,-5.41339713844387e-07,0.000249289849763763,-2.52685169895823e-06,0.000463966795468962,-1.10462100735034e-05,1.06824162071128e-06,-3.65125379111517e-07,6.27977745790079e-08,3.04644415307313e-05,-9.53407031641807e-06,4.66772146031034e-07,5.42106032761854e-06,-4.01006368864761e-07,4.83501847064292e-06,-5.62315862851112e-06,0.000244547676305423,-1.66809527926725e-05,1.29599323177181e-05,-9.41803628900378e-07,1.5295878962962e-05,-7.81625830703973e-07,3.01670754740504e-06,-4.72244968828692e-17,-7.37635950036515e-06,-2.52484156629972e-07,-3.2978918070212e-10,-2.84218273302113e-06,3.55900247925926e-07,-2.19847618381677e-07,-7.24555807583342e-07,8.11160382314671e-08,-3.43685303610782e-06,1.19398257565679e-05,4.35296722145588e-07,-0.00029530925386983,4.93635469328456e-06,-5.96364900279749e-06,1.88975335523941e-05,-2.84838255997487e-06,4.6366164151355e-06,1.64278320470969e-07,1.24838245481959e-07,6.70586759224095e-06,-4.2455651754596e-05,1.89219368794535e-07,-5.33788221837159e-06,0.00423145953226399,-0.000431230460913392,1.40103658754649e-06,1.2675721124961e-06,7.29562584609443e-06,-2.3152153611735e-06,-1.31337855336418e-06,1.52329733330637e-06,-0.000187192469093529,1.70026062786146e-07,1.58995465187851e-06,-3.07954421604449e-06,-2.92367622616098e-17,9.07187653894338e-09,5.45953747967495e-06,-4.98844291017149e-07,2.57683736113958e-06,3.28551646488236e-07,6.77749733577507e-07,1.618742220063e-06,-0.000587817248521838,7.88480105528287e-06,2.00624822961946e-16,-6.13548357516793e-06,-5.63662720157413e-08,-2.08747129704084e-07,9.90446875049401e-07,1.56275736241509e-06,-1.05180426919454e-07,-4.00598984176666e-06,1.06475920604386e-06,-5.00721479073744e-06,6.59822445795636e-06,-1.00699180302828e-06,-2.40902982974199e-06,-2.97397391287485e-06,-1.79138407408384e-08,-2.38898167577549e-06,1.42942036446743e-06,-2.58311402598006e-06,-3.05111967359625e-17,-7.47036979374781e-06,5.85532618322522e-07,1.68744901725779e-08,1.47346577352835e-07,-4.82176199008352e-06,-9.88435384100475e-06,5.01041171397557e-06,-1.81944000487301e-05,-8.94123579533929e-07,-1.47126587757612e-16,-1.63583755977424e-06,-6.44356791405042e-07,-2.06948596529224e-06,6.36991313476057e-16,3.95417006297256e-06,5.74743312098057e-06,-8.81666043786498e-07,-3.34001063843044e-06,-1.18030685596052e-06,-7.42575308740419e-07,-0.00126828774696807,4.6910217981108e-07,3.8164149134219e-06,2.20944022623448e-07,1.11279982626564e-06,1.60689730452959e-06,-6.63019008535889e-18,-6.46419716709345e-07,2.12298854355345e-06,1.03831107164948e-05,-1.39019609421426e-06,-7.96048479852968e-17,-0.000852141271125248,2.52977705984509e-07,-6.21608615471842e-07,-4.21525180302159e-07,-1.43855814844757e-06,1.62386925523827e-06,-0.00439554893927247,2.22752197149687e-06,-1.02420697877795e-16,8.35620663554218e-06,-1.59931567272447e-06,4.45882868501986e-06,1.04155092321928e-05,-2.79598807937099e-05,-7.08703228334065e-09,1.73580767814929e-16,-6.56036584022105e-17,-6.85229131499974e-09,-8.74627285766254e-07,1.15318269899499e-07,-1.16522439348429e-06,3.6690139132186e-15,-5.54686960352277e-07,-6.5686396758695e-09,-6.01835967350121e-17,-3.09952494585346e-17,-9.65979799528021e-17,1.56449516534238e-06,0.00267352041656589,-4.19999645731087e-06,3.34671361624086e-06,1.67007601456616e-06,7.95703747210559e-05,-1.47937972659307e-06,-2.08113817141923e-14,-3.27472136614465e-07,9.1946647696374e-07,-4.57666404829177e-16,-6.37563548885873e-16,-5.75445562975036e-07,-3.09656432744091e-10,-3.39371491717039e-07,1.84299110549171e-06,3.33367337319959e-07,-1.24705849257015e-07,-5.07942044990314e-16,-4.19083105045791e-07,-1.44131585712467e-16,-1.42531358591407e-06,-3.02945568750237e-16,-3.71889699450556e-07,2.82784905063194e-16,1.52428617297372e-06,4.01240311460965e-07,1.66122132044836e-07,2.18070408168957e-06,1.07980874104658e-06,-1.23711903619382e-07,7.83290937712528e-07,1.7382365042764e-05,1.31347815084119e-06,1.21156608933895e-07,2.72420991082539e-07,-7.64979892538115e-07,-1.30869733793035e-06,-1.06026076928221e-07,-3.64356960237265e-07,5.92691025295854e-17,3.40370474382434e-06,-5.85632429398827e-07,3.01499502810141e-07,3.37029289278909e-16,5.27818213513939e-08,1.43354738744941e-06,0.000116502925303456,-2.51201884897097e-17,-1.21579419911343e-06,-6.52272303511891e-07,-1.22674394219739e-16,-5.52205737512671e-05,1.91385770137429e-06,1.6556647153664e-16,-4.52074576786403e-17,-7.00981303369848e-08,-3.76292107809337e-07,-2.14311852951817e-09,-2.97209612439285e-06,7.88319574914329e-07,2.31852580404631e-07,2.23328559063819e-07,2.05966491229202e-06,-4.61735134737344e-06,5.12136448700684e-16,9.5184184974994e-09,6.55011399982144e-09,1.80710613255811e-08,1.69055023184927e-06,-3.52275696144936e-17,-1.04603926360669e-16,5.55790862133739e-07,4.09740912490467e-17,-8.70428637362086e-17,2.63487992814619e-06,-8.77690082021941e-05,-5.85761351264781e-07,-3.94808396070424e-08,2.04786699624895e-05,0.000117275319159732,1.30008582317011e-07,-1.45252643986826e-16,3.06001159204611e-07,1.428712394381e-08,6.55517583900992e-08,-6.59189639436095e-07,2.59895318029272e-06,-1.79429044679219e-16,1.85186743713904e-16,6.00610658079984e-16,-2.26926991045146e-07,-1.08779960741304e-07,-6.33517648116435e-07,-6.00760479050603e-16,-8.33470673366681e-08,3.4052600570946e-17,-1.24145616516623e-16,2.69005407206659e-05,-2.90570033529884e-07,1.81969782124536e-16,-7.33402432078871e-07,-3.78687241737365e-07,1.95892852667102e-16,8.57932555162596e-07,-3.97249997430685e-17,3.16041509423622e-07,2.50575379723452e-16,3.34864769531385e-07,0.000600270571802392,8.43702061548006e-08,8.46670906511912e-08,5.95886554378089e-07,-3.01228440227298e-07,8.32797554333765e-07,5.74215416364416e-17,5.47103220780024e-06,-3.08772691178462e-07,1.84493009409203e-16,-4.06752925724957e-08,-2.12752194490902e-05,1.92377145430716e-07,2.521724527345e-17,1.40146468135981e-05,8.14497144995788e-07,2.78043232394871e-17,-2.0345327417629e-06,-4.49958604793002e-07,-2.34206904051558e-08,-1.45932324686391e-16,-4.63839214685157e-17,9.4995221667121e-06,1.27922631899768e-07,1.03483583203931e-08,-1.65992184853232e-07,7.55770961606091e-08,7.88238648340627e-17,-7.25022401389408e-17,2.75839268447629e-07,1.90127629189681e-09,-1.81113248416395e-17,6.66292783409552e-07,1.45216544331691e-16,3.44596775902105e-07,-1.27374642523061e-07,-7.44204920748516e-08,-4.93295626909952e-07,-7.79035064413542e-16,-5.18436424867646e-18,-7.11062205219812e-17,-5.31929122846352e-17,-3.95845281553676e-08,-1.37291773199721e-07,-4.23231127240607e-16,1.07609605387129e-15,-1.41358390670417e-16,1.93174841252064e-07,1.73574049742942e-09,-9.55422073235351e-08,-2.45381644071924e-17,-4.8786683717948e-16,7.80456157600112e-17,-9.26359104121139e-05,1.21625022070388e-07,5.28524635984181e-17,2.18801537848433e-08,-5.72563678964286e-07,-8.20871143138256e-17,1.19178375999563e-16,-3.95655410969101e-07,-9.19157931953786e-08,-1.95964970412573e-07,-4.00513904711427e-16,5.63485718996427e-06,3.20890701064215e-07,3.44179122219603e-07,-3.13562552963406e-07,-8.43984512973143e-07,1.37341587612755e-08,2.39193958193601e-16,-2.23060230128956e-16,-2.25176020224804e-16,2.60685550550993e-07,-2.36023127991297e-07,-8.89420578795887e-08,-1.78360698697122e-06,-1.98011636516354e-16,-1.63435014882856e-16,6.25379524204737e-16,9.56395239503564e-17,-1.97099860115496e-16,3.3330902915146e-07,-5.18375547476972e-17,-2.47193434426847e-16,-5.39378405895758e-08,3.87465221037408e-16,-4.8282485162557e-08,-3.18046740916169e-17,-5.985720249121e-08,3.16323194505e-16,-7.24441337836592e-08,-9.06506146076382e-09,-8.26753894753348e-07,3.04180160649182e-15,2.90856734556107e-07,-6.50783733077383e-17,4.12490344336966e-07,-7.25034247814739e-07,1.02188605481625e-07,-2.83822534972281e-16,5.8506264960326e-07,-3.08201369703676e-16,-1.4398313548926e-07,-1.83126405372297e-05,-5.2999716425208e-16,-1.45923103422905e-16,-2.3365063092773e-16,3.23520409806426e-17,-2.72201010575224e-09,-3.5443706259468e-08,-7.91375755312456e-09,-2.22063972039812e-16,-3.10658992622575e-16,-8.36273354957164e-08,6.82152928948318e-07,4.54824011626403e-16,1.79833414759402e-17,-3.60421302465872e-08,1.83767110678413e-17,-2.55445119210597e-07,-6.50693564349231e-16,5.43341556473846e-05,-1.4471539876257e-16,-2.35369052184436e-16,1.25589923778128e-16,-1.6327917131942e-16,-3.98888787200675e-17,5.51215062980228e-16,4.62386602751561e-08,-3.23376533672845e-07,9.68503928206107e-17,-0.000123652876338059,8.15760574427981e-07,-4.0785610615717e-16,2.61403291940033e-16,-2.54121586801324e-16,2.68352475367922e-16,8.05120764475445e-08,1.28904885238722e-08,-6.85768311960309e-17,-2.93512917679355e-16,-1.49457953106475e-07,-0.000299534357227949,-7.82631372216289e-09,-3.3560257195225e-16,1.13758937571929e-16,2.50639423120166e-17,-3.49430471350472e-17,-7.36088632346078e-16,9.45349639186014e-18,3.0721720174612e-07,-2.90559552339056e-07,-5.58671132519578e-08,9.5823155478206e-17,-9.00159131758513e-17,-1.73526318139432e-15,-4.63103622513609e-16,-2.99618750257179e-16,8.33873373317765e-16,-1.3078679382041e-16,-2.19510240786465e-17,-3.23003610860176e-16,4.36264336205679e-16,1.43011857346456e-16,1.64512092266626e-16,5.49643455251176e-16,-2.60867026195227e-17,3.05983327221282e-08,2.19157350682601e-16,-7.52380993009596e-18,-9.98330229116783e-17,4.33011402744408e-07,-5.21501785535845e-09,1.30214418767112e-16,-1.11742999371317e-08,3.95565982349006e-07,7.86177061172244e-17,-7.13192525873138e-17,-1.93411080035304e-05,-3.48055926634693e-16,9.72801372012169e-09,4.54078768255862e-17,-1.51294958791533e-16,6.92909611195658e-17,6.06445674066701e-16,9.53528008843199e-09,-3.31161246332199e-05,-4.33105482129406e-16,-1.05412105348948e-16,-9.09489420655933e-17,1.29169726739555e-16,-2.93690039735589e-16,-3.76173681017627e-16,3.64148152446086e-16,-1.14375928101198e-15,1.56572057793242e-08,-1.60552488112155e-16,-4.62135159885346e-16,-4.35443923719224e-16,-2.17094199472252e-16,-1.10160475108381e-16,-1.61850833771493e-15,-3.08644043144709e-07,-1.54821528895617e-16,-4.29459920923804e-16,5.16975463376269e-06,-1.02935213632089e-15,-1.48762316970321e-17,-3.98159896537502e-16,-2.35236297271415e-16,1.91515045912435e-07,-2.11739319164547e-16,-1.41320873698996e-07,-2.98593492421908e-16,1.64075921689326e-16,3.04197219566118e-16,5.93654138538274e-16,-1.18507523211261e-16,1.46128261075445e-15,5.10315543624276e-09,-4.72151347370227e-16,-6.43743158644619e-16,2.87749619776173e-08,-6.36717261735325e-07,-5.30190656531458e-18,4.45838166093171e-07,6.52897149231133e-08,9.77069652426197e-16,8.50596038502216e-16,1.24121312938657e-15,3.35511182473222e-16,-1.47605407941827e-15,-1.09445401334444e-07,-1.42060574250672e-16,-3.43759179088231e-15,-1.62257908010419e-15,4.37940086220606e-08,8.37025110342484e-16,-1.73797541813197e-15,-1.19814752417047e-15,-1.06709395014458e-15,-1.99393819882081e-08,-2.19717200788939e-15,5.99796956747672e-09,7.26623155076939e-16,-4.96621979358789e-16,-5.42992013552308e-15,-2.19270943073197e-15,-3.53300999355053e-15,-3.59577476484184e-15,7.5714891569282e-16,-1.03942275962928e-07,7.5158687224478e-15,6.56989047215655e-15,4.36857520540174e-08,-5.53749665477661e-15,-3.10894684209619e-15,1.48077503739519e-14,1.44989486790776e-14,1.15038266548948e-14,-4.07231904594654e-14,-7.09372211454591e-06,-0.707106781186549,-3.65585163653128e-14,9.41740445854392e-08,2.06020390653647e-14,1.03027989836754e-15,-2.91420296482117e-15,1.4923582017771e-15,9.66675117034976e-15,-7.83403123174935e-15,6.32897767612736e-15,-2.83059928565541e-15,-1.20830818317907e-15,-1.24519683526628e-15,4.62459514927058e-16,-4.93351664420323e-08,1.63569361899584e-07,-1.27614509827014e-15,3.25632000079557e-15,2.73836584469758e-15,3.84804265847322e-15,7.66381858148535e-16,3.69107376132641e-15,2.48262390094787e-15,-2.14893573675851e-15,-1.41614411895119e-08,1.60350135647482e-15,1.02121110669893e-15,1.10371529325923e-15,-8.74342199916038e-16,1.01113282821691e-05,3.08471564962842e-16,-2.87109781045582e-09,-7.00185468423512e-16,4.44462579025414e-16,2.20898937467687e-16,5.73517755320171e-16,-3.67192028412116e-16,-5.0489470616773e-16,1.370870774098e-15,2.59097672899967e-17,-1.37121866992694e-16,4.02910910002142e-17,-1.06630985646585e-15,-9.44763154695822e-17,3.3312502439253e-16,2.50394822424815e-16,-1.14327001090921e-15,-1.29926179697434e-16,-1.68533179236471e-16,1.01685377801121e-15,6.85773355470544e-16,9.4982967717839e-16,8.34581562929662e-16,2.24083078726145e-16,4.98149685301909e-16,-8.39535121060668e-16,-2.53427414893088e-16,1.36250546044099e-09,2.35520046187389e-16,-1.65476134043676e-16,5.67100127595968e-16,3.66449047312866e-16,-8.44390465963991e-16,-5.72291190985752e-16,-1.66246109691822e-16,4.87495779705718e-16,3.72473024235593e-16,1.78602801287954e-16,1.38016226051974e-15,-7.04005418477779e-16,-6.08226525591212e-16,1.28381405668518e-16,-8.49876419776584e-17,-1.69489923447523e-16,-5.45901250515888e-16,-1.75080497225132e-08,6.73136919914818e-17,3.4363610856709e-16,-2.89319957678444e-16,-4.57129795766647e-16,1.80556304607248e-16,-1.63330849916061e-16,-7.26920190036432e-17,-6.03533079893835e-17,2.60318591552456e-16,3.70372404045951e-09,3.65430086531137e-16,3.61483054585301e-16,-4.13369175502344e-16,3.6595810275397e-16,-7.19790899746154e-16,-7.50105046799199e-17,-2.78379187341902e-18,-9.18850451012469e-17,-2.13472255358206e-16,2.47259207606683e-16,3.67432941810748e-17,-1.33229949355984e-18,-3.70949573113266e-17,1.86571538974147e-08,4.6576572220508e-17,5.68466925935551e-17,-5.73716063930307e-17,-3.2050710284566e-16,-1.21175658811442e-05,1.07262105923918e-16,-4.41704226315694e-17,5.99743289295823e-17,7.22547610371241e-17,-3.929141024645e-18,6.23137401918452e-17,-4.06675946113597e-18,-1.22197504297503e-17,-1.1522808386711e-17,4.56530491800702e-17,2.48235447565094e-17,3.22728292146269e-17,-2.77061365678816e-17,-9.5587899859866e-19,1.01317682546535e-17,5.999617839794e-17,-2.19680570326107e-16
"t474",-0.00497700245382311,0.052306078714304,0.0673680665049056,0.0162932019459562,0.0334127595312866,-0.00553386688455436,0.00169774082479682,5.87380132882642e-05,0.000496696805405038,-0.00130151177435763,-0.000377145732133711,-0.000721087617120768,0.0120450424781668,0.108917431372238,-0.0120141647679349,-0.0032403858763811,-0.112284572810298,-0.000822809079780645,0.000192618958750544,0.000142517329245878,-0.000555117594704015,0.000157780348617506,-0.000435022668372135,0.000749900846047073,-0.00011877706246239,0.000368437100475703,-0.000487664462296819,0.00426108734124153,-0.00312149651004889,0.0162100186950001,-6.91775086318141e-05,0.00112419783797637,0.000485340473304818,3.01413037698195e-05,-1.81150729978051e-05,-5.09766494514639e-05,-0.000191406465670968,2.14568791971305e-05,0.000195558837142149,7.58254270035009e-05,0.0747224688434723,0.000486524355863438,-0.000195116543008357,0.000230067962499553,-0.000533481588116833,4.45378447470531e-05,-6.78036970447702e-06,9.21213623899362e-05,-7.92280257221215e-05,0.000136214005566772,-0.000143014736850181,0.0306511201062194,6.82926253357092e-07,-7.14707355750464e-06,-8.24160489915618e-07,9.64346500929392e-06,-1.16434983521168e-07,-0.000112236492581119,-9.71827913306736e-06,-4.38962967632004e-07,-7.40394683760282e-07,1.077567085004e-06,-3.3180442565642e-05,5.28212807052922e-05,-1.7356768771167e-06,5.75699515576291e-06,-3.79913536686593e-07,2.07664843552334e-05,-0.00119773491644538,5.26186043159412e-06,-1.07919009373824e-06,2.63986591196642e-06,-8.3909004297244e-07,-4.98035632874842e-06,2.04857771908894e-06,1.76100162502606e-08,-1.56121434799902e-05,5.80366324319303e-05,4.38017827890027e-06,2.04553494620876e-05,-0.112883815933481,0.000953244007287832,-2.525243551692e-05,-0.000107193406296026,5.81402371906745e-06,0.000164009674821021,-2.43824816737629e-05,-3.8529242545832e-06,-8.57661894622856e-07,3.25975662899624e-05,-7.17922868164198e-06,1.99884931277334e-07,1.35218439570076e-05,-0.000144601935974947,-1.46531641175991e-06,-7.8421783886603e-05,-9.31750764484249e-06,0.000152865314734238,-0.0230566136341385,0.000110391609439929,1.16812099039102e-05,-7.14822431252449e-07,1.43680205876785e-05,-6.71610560244735e-07,2.16368911108397e-07,-2.33350476915128e-07,-1.52638413415705e-06,1.96348374391618e-07,-2.79957011901629e-06,6.27811334191169e-07,0.00927593785723193,-1.00909853170559e-05,2.8556767997608e-06,-1.02168846050728e-06,3.24891730060614e-08,-7.0932044702219e-07,1.22065354627369e-06,-9.16031476377735e-07,6.66748078524227e-07,-3.11214149237278e-05,4.46511190614759e-07,-8.06214195911504e-06,9.97740166391205e-08,2.55707629944252e-07,-8.56377727771119e-09,-1.14029152304574e-07,1.31190750489083e-08,-5.68377742003367e-08,0.00239941424558287,-6.39821716847782e-05,-1.53118193003605e-08,2.75037622071209e-07,-3.47172198379408e-08,-5.94144796868519e-08,1.57919966587387e-09,5.28871809195626e-08,5.72889070581871e-10,2.74386722883928e-05,-5.20210896044828e-07,1.52497547762833e-06,1.06901050750496e-07,3.35261865367093e-06,-9.89490108493143e-07,-6.42950485810521e-08,-2.44893190295377e-08,1.5506464931883e-08,3.01981862458981e-05,-1.97105338908801e-07,-1.37407776523026e-08,3.84054082396242e-08,8.24070529731975e-07,1.90765940888829e-07,5.70362993935636e-07,-1.62840625922966e-06,1.7940290136526e-05,5.70990008149272e-08,-8.83940367775066e-07,1.45893189002823e-05,5.9458356828816e-07,2.02065588583095e-07,1.60842212365549e-05,-6.41702318238897e-05,1.49608863744156e-06,3.068125070366e-05,-2.57717463584507e-05,2.31818713159727e-05,-0.000199286525734783,-4.25911610734536e-06,-0.000226178525579383,-0.268427403200799,-0.000459028938360912,-7.0838160417858e-05,3.22474548239325e-06,7.10107957605838e-06,1.36460286558946e-05,2.077331854686e-06,1.13736238277582e-06,-3.54252762120822e-05,-5.15325886507029e-05,-0.000464606252174975,0.0089808655666063,-6.0349699138036e-05,-0.0219250361551875,7.90815968733455e-08,0.000232157396060439,9.18552878793652e-08,1.01426076935204e-05,3.29969253884498e-07,1.59163628280572e-06,-2.74419461330467e-06,1.07019634062905e-08,-5.40826795843521e-07,-4.02878320816361e-06,-2.34093700020829e-08,-0.608820521376635,-1.97927296665195e-06,-3.218718411771e-06,-1.8999161452326e-06,1.48587848566489e-06,4.74648267900479e-07,4.70287268832915e-07,0.00014304827408188,-1.06815663750201e-08,-1.70770038773714e-06,-2.5859881029722e-06,-1.27515065651558e-05,1.61411446319235e-06,8.34253917878034e-06,-1.1422370781724e-05,-6.8285210872063e-08,-4.36113359537611e-05,1.39830589428311e-05,-3.59191874761956e-05,-4.40433669924953e-06,-3.56282545604995e-07,-2.29818927723842e-06,5.90102871675327e-07,1.03467554147679e-05,-6.95499333749565e-07,-3.96611252255859e-06,-0.000471845245095797,3.20131323849225e-05,1.03087994600008e-05,0.00478602145893604,-1.00975865010058e-06,-5.49608836356441e-07,-8.00063719353107e-06,-2.51589589289879e-05,-1.45998423876119e-06,-1.20994913922967e-06,3.65915975186701e-06,7.57001902825337e-07,4.22629976953512e-07,7.07655513533185e-07,-3.75985144980512e-08,-8.67178942724963e-08,-3.19357479469722e-06,-9.06992431716734e-17,-3.5597791062708e-07,5.07143221147488e-06,-2.47260056826489e-05,-2.56331542733221e-06,-2.89958133406208e-06,4.88645250073656e-07,-5.55046279864872e-07,2.86930327372193e-06,-4.63790042603927e-08,3.01938711029757e-09,-6.88227225434817e-07,7.06764321818342e-06,-0.00223775086076784,2.077171607388e-05,-1.36013066254114e-06,7.12153262293208e-08,-4.60948177612603e-09,2.17528926458376e-07,-2.01329201371536e-07,3.1654776781566e-06,6.99451222325393e-07,-1.35668797510686e-07,6.25340665219868e-05,-6.34066444437016e-07,0.000116466006689147,-2.77432009274733e-06,2.68523803198102e-07,-9.17909120070072e-08,1.58273275570552e-08,7.67864556180394e-06,-2.40326359158023e-06,1.177528533401e-07,1.36799075450289e-06,-1.01295074844574e-07,1.22157334233548e-06,-1.43139167087625e-06,6.23114630006873e-05,-4.25376657787099e-06,3.31124770464926e-06,-2.41021746372868e-07,3.93006504338131e-06,-2.01077828984716e-07,7.76852032487625e-07,-1.6394378463523e-16,-1.90655326925058e-06,-6.5292425141628e-08,-8.54294465848338e-11,-7.3942889660062e-07,9.29677847576686e-08,-5.75459821574593e-08,-1.8985354528377e-07,2.15934391394615e-08,-9.16016799580832e-07,3.18335670306031e-06,1.1676305623723e-07,-0.00229369327067791,1.32500335471117e-06,-1.616457515782e-06,5.1993460088292e-06,-8.23121999649023e-07,1.37785104042136e-06,4.89082242254584e-08,3.71868956106449e-08,2.24221069258597e-06,-2.1940833517578e-05,1.13741743695762e-07,-4.72013751105051e-06,0.042615702088545,0.00117242196818269,-2.18105073806192e-08,6.39019091899733e-10,1.83579790955561e-07,-9.08189961257275e-08,-9.78658045372411e-08,1.54067952635186e-07,-2.22616996542428e-05,2.13010647916435e-08,2.14010992437053e-07,-4.61874836107273e-07,1.32250141532531e-17,1.73360121515818e-09,1.05446919151276e-06,-9.77162411251346e-08,5.04960210623286e-07,6.44096422427638e-08,1.33284575676182e-07,3.20140843157121e-07,-0.000116987233649197,1.58744936788136e-06,-1.87919823575143e-17,-1.26227189732506e-06,-1.16232812016732e-08,-4.32498821692696e-08,2.05320452574049e-07,3.27369425755766e-07,-2.21478023803186e-08,-8.49225745055452e-07,2.26682449295133e-07,-1.07500762855975e-06,1.4264032803465e-06,-2.1858050312704e-07,-5.24061378559303e-07,-6.47822583673429e-07,-3.91121842541119e-09,-5.21729200754387e-07,3.12668553745896e-07,-5.65712428416144e-07,2.06113508656559e-16,-1.65012979660014e-06,1.29557004097114e-07,3.73377054395952e-09,3.27560463810912e-08,-1.07265375997505e-06,-2.21744766598637e-06,1.12674064083687e-06,-4.09351310670846e-06,-2.0153457673808e-07,-3.75893955031161e-17,-3.69499374017058e-07,-1.45662789277258e-07,-4.69269704745502e-07,2.35695398960637e-17,8.9980124806309e-07,1.30900973456808e-06,-2.00896232773032e-07,-7.61786021347943e-07,-2.69651673169863e-07,-1.69868704258334e-07,-0.000290433828679078,1.07780424385504e-07,8.7722211254125e-07,5.09145029908046e-08,2.57747684328975e-07,3.72298109990176e-07,2.45889407540719e-17,-1.51926711339678e-07,5.00705772678463e-07,2.47249006066744e-06,-3.39097944247328e-07,-7.60236479405381e-16,-0.00686224397543952,5.40016070247311e-08,-1.35908122861695e-07,-9.28097362863452e-08,-3.18836230483584e-07,3.63219881561015e-07,-0.000993496736380328,5.12501281595548e-07,5.49263440094856e-17,1.95025775865319e-06,-3.73768426204203e-07,1.04509332312773e-06,2.45183464075051e-06,-6.58410680849481e-06,-1.67105579817380e-09,3.95083271653718e-16,-4.76669693447837e-17,-1.62918853936336e-09,-2.09787034588307e-07,2.76942447589228e-08,-2.82676148632434e-07,9.06444232693079e-16,-1.39374718438247e-07,-1.6971152021228e-09,-5.53583160469207e-17,5.33150802574948e-17,-1.87063496029217e-16,7.42753011819847e-07,0.00579992663677703,-5.97072592277326e-07,6.11156630087371e-07,3.08978442415734e-07,1.58421945432152e-05,-2.96123504090835e-07,-4.26052115496464e-15,-6.92474778439416e-08,1.96464793490462e-07,-1.75178252015119e-16,2.02250279864704e-16,-1.26055656898914e-07,-6.80987064910833e-11,-7.4972366972812e-08,4.08229908157375e-07,7.41712738935811e-08,-2.77639981702686e-08,1.74295851313479e-16,-9.33834690456112e-08,-1.32988659167188e-16,-3.18339814507881e-07,-2.73662792730708e-16,-8.31920030160396e-08,7.8289952854437e-17,3.41622465968698e-07,8.99582864305898e-08,3.74055488024303e-08,4.91430757224288e-07,2.4342088269412e-07,-2.79274366038763e-08,1.77027928235434e-07,3.93818132783337e-06,2.97590223508687e-07,2.74693547152273e-08,6.18411202793074e-08,-1.73923998875417e-07,-2.97906437485107e-07,-2.41574767477655e-08,-8.30531184267947e-08,2.23942461448376e-16,7.76866283456818e-07,-1.33824025638942e-07,6.91065457909929e-08,1.17475274890681e-16,1.2107895630955e-08,3.29233609352e-07,2.67693558014581e-05,1.14240547059309e-16,-2.79426122370143e-07,-1.50053115052683e-07,1.70230019497709e-16,-1.27090300322777e-05,4.41593666276268e-07,7.7009771395938e-17,1.50359309361194e-16,-1.61890170646276e-08,-8.69109308693553e-08,-4.95175293133049e-10,-6.87012387460991e-07,1.823976789393e-07,5.36493024333717e-08,5.16827886081105e-08,4.77225487018297e-07,-1.07085585520802e-06,4.20216433264647e-16,2.20828171746619e-09,1.51972252320843e-09,4.19362314543479e-09,3.92411268495325e-07,7.7872924787805e-17,2.18751902904522e-17,1.29053753792627e-07,-1.33188386268179e-16,-1.04863959779021e-16,6.13053259800287e-07,-2.04279175097406e-05,-1.36334778106894e-07,-9.19569590278506e-09,4.7702558275816e-06,2.73184120237099e-05,3.02885303650402e-08,-5.86462552889859e-17,7.13878487240109e-08,3.33403209762949e-09,1.5298537353196e-08,-1.53913449995925e-07,6.0732908718274e-07,-2.53245153939681e-17,-1.80080190288272e-17,3.95592307662363e-16,-5.30903241721306e-08,-2.54619215144276e-08,-1.48291788363444e-07,-6.34279021883491e-16,-1.95187353362475e-08,4.61011322475188e-16,1.29759569130292e-16,6.31231477396663e-06,-6.81850371110055e-08,1.15684371804203e-16,-1.72181750082797e-07,-8.89292757155537e-08,4.56700385782013e-16,2.01585487859374e-07,-1.45067852346816e-16,7.43084712506263e-08,5.10489817523233e-16,7.87389037320443e-08,0.000141151941971696,1.98404436326755e-08,1.99116917597666e-08,1.40161033749704e-07,-7.08959790969297e-08,1.96167195173826e-07,-2.44113523010636e-17,1.29002906400325e-06,-7.28141889270729e-08,2.49436483870694e-16,-9.59334704402552e-09,-5.01911044112868e-06,4.53949861248727e-08,1.70189196539291e-17,3.30964169451073e-06,1.92378340287495e-07,-3.66741208276881e-18,-4.80641415719135e-07,-1.06309805393569e-07,-5.53559506288834e-09,2.96208609578551e-16,-1.1203474694611e-16,2.24724894400509e-06,3.02732951585687e-08,2.44915978096287e-09,-3.93491980647244e-08,1.79205690557909e-08,-1.37807057690972e-16,-1.07839902087245e-16,6.5417772914673e-08,4.50914801573948e-10,2.84465327196244e-16,1.58068760347407e-07,-1.22476273931119e-16,8.17746719870514e-08,-3.02387518826414e-08,-1.76679321069399e-08,-1.17124764461066e-07,-1.68916763738303e-16,-1.70126625977835e-16,8.7974545753169e-17,1.792847903214e-17,-9.40805726414036e-09,-3.2632805611347e-08,3.43201851307715e-16,-1.03896073664976e-15,-6.33649860783487e-16,4.59291596849754e-08,4.12741449919706e-10,-2.27268388855728e-08,5.95803069718652e-17,-9.07680506277708e-17,1.74570102297322e-16,-2.20614123146364e-05,2.8966392908147e-08,-1.87039266636096e-16,5.21339526281261e-09,-1.36450268863425e-07,1.00777114670907e-16,6.58135612980536e-16,-9.43315751305779e-08,-2.19151935079027e-08,-4.67353016369556e-08,1.76986774724881e-16,1.34442340508492e-06,7.65796315330824e-08,8.21645449537195e-08,-7.4889520999091e-08,-2.01597112615679e-07,3.28134010296823e-09,-2.25168119807284e-16,-6.10029670038368e-16,6.61310399870203e-17,6.23644390742364e-08,-5.64655359956376e-08,-2.128186026388e-08,-4.27146328829793e-07,-1.37677236753946e-16,3.87062916659947e-16,-9.54773341868197e-16,-5.11033719001881e-16,-3.33508789058207e-18,7.98961184670603e-08,-3.67665305818007e-16,-1.35006313909256e-16,-1.29339840539821e-08,1.0990586950378e-16,-1.15780912901139e-08,-3.89956724939626e-16,-1.43541765409698e-08,-2.07694633436486e-17,-1.73839677551662e-08,-2.17563107831979e-09,-1.98470827324288e-07,7.75577077391385e-16,6.98444470250752e-08,-4.62369221141381e-16,9.91207799046e-08,-1.7438919944754e-07,2.45800106303266e-08,1.19844476430342e-15,1.40785468886185e-07,-1.91669940878868e-16,-3.46705008864415e-08,-4.40975414540034e-06,3.41055482650741e-16,1.56350773701645e-16,6.25858374014153e-16,7.28120608018569e-16,-6.55863822301636e-10,-8.54151424737047e-09,-1.90749805462286e-09,-3.74387337767148e-16,-8.06590520924974e-16,-2.01779254685457e-08,1.64600657743847e-07,-2.14923334194499e-16,1.45268784713303e-16,-8.71071091380612e-09,3.96506412257845e-16,-6.17616676995611e-08,1.39184674521931e-15,1.31555841230716e-05,3.76539053352815e-16,1.20032030596157e-15,-2.67440113102202e-16,-8.27759970547807e-16,-1.78623866188919e-15,6.95870899794743e-16,1.12603392799502e-08,-7.87632919090954e-08,6.66746068747151e-16,-0.000259104516261687,1.98417881849433e-07,-1.03592170197857e-16,1.49900374446966e-15,1.92247143314838e-16,-4.33381976140509e-16,2.01724990877236e-08,3.32888491841191e-09,2.43153892654795e-16,1.00231114152726e-15,-5.79632900091836e-08,-0.00195008487594258,-1.5357146390857e-09,-1.52733834181276e-15,-2.82360765114194e-15,3.2802142586347e-16,2.49330966337055e-15,9.83232369547026e-16,-1.88416453254428e-15,7.33573413531032e-08,-6.94476759294768e-08,-1.3364202168535e-08,3.71729103911662e-16,1.40532246653958e-15,-7.25266608804352e-15,1.25771125377528e-14,-3.99790455231494e-15,7.27280620477429e-17,4.83728076989845e-15,-3.45942994483281e-15,-4.88544642882159e-14,4.77070261877638e-14,-9.95196612875653e-15,3.82626149919208e-14,-3.38084227254207e-14,-0.707106781186548,7.36788862860705e-09,2.07958086003665e-14,5.67364696268055e-14,1.19351189347611e-14,1.04326620546848e-07,-1.2566172038582e-09,-8.53275860314013e-15,-2.69271843745115e-09,9.53711887712921e-08,-1.2361303018048e-15,1.46443259992984e-15,-4.66595125116454e-06,-6.41153287385816e-15,2.34840755640817e-09,-2.31830144098452e-15,4.40745327944619e-16,-5.04437629185358e-16,-6.44096167762572e-16,2.30407709403001e-09,-8.00256360803669e-06,-1.84042357790665e-15,7.26694805547251e-16,-9.2058913777892e-16,-3.03030496834354e-15,4.09216524598424e-15,2.91347317686906e-16,2.36607007078684e-15,-4.10726865304661e-16,3.79412911970883e-09,7.27113213699247e-16,-6.25354579783712e-16,-4.18895012686342e-16,7.24890284241487e-16,9.87470033004182e-16,-3.07687512777397e-15,-7.48324665216446e-08,-2.75628213779838e-16,-3.69381981988002e-16,1.2535585015024e-06,-9.31558894711318e-16,-7.704874488214e-16,-1.06862707352768e-16,-3.04521318890121e-16,4.6490553688497e-08,-6.17991659226507e-16,-3.43125829466957e-08,1.01424430594078e-15,3.27683695701777e-17,2.4549227511676e-16,7.8574489897387e-16,4.57163591113559e-16,-2.63246278314313e-16,1.23953384224055e-09,6.39074789037805e-16,-3.25659227207851e-16,6.99142095040777e-09,-1.54704855069064e-07,-7.42793191674852e-18,1.08354430677492e-07,1.5868988010177e-08,-6.89489604632285e-16,-4.76651348949094e-16,-3.7796064626353e-16,9.26787884559126e-17,1.20487160666556e-15,-2.66325998657302e-08,-6.73349774938439e-16,-6.46526379468491e-16,5.53763498504212e-16,1.06600884763119e-08,1.24042899103883e-16,7.83762234430721e-17,-9.67379202453958e-17,-2.25880865505281e-16,-4.85544332632608e-09,-3.4202872060923e-17,1.46074448035483e-09,-6.12688730546197e-16,3.59951508286086e-17,-5.49391777573185e-16,-5.28532094346853e-16,-3.69539080567816e-16,5.12668080285916e-16,2.43289673853349e-16,-2.53302525207473e-08,-5.39514877459972e-16,5.29634210194967e-16,1.06476956629441e-08,4.39078418697035e-16,5.3595782208938e-16,5.37351061367527e-16,2.26621786625581e-16,-2.0665790808648e-16,5.83879962338393e-16,-1.72983451209775e-06,-7.34527130633082e-17,6.96102319710576e-16,2.29698049541281e-08,3.67430602126673e-16,-3.88702147654813e-17,1.00985598851389e-15,3.82029364111417e-16,4.65572805251504e-16,1.41148576311817e-16,-7.83057795131002e-17,-1.06869707670036e-16,1.57345292681927e-16,-5.55740839487878e-17,-5.69227163429506e-17,-1.20430208241231e-08,3.9932186825315e-08,-3.71497239572015e-16,8.91307073685132e-17,1.49914938923709e-16,1.80107311337266e-16,3.22550146314438e-17,-3.56281025235816e-16,-1.19798304687479e-16,3.78484562507325e-16,-3.45899628348659e-09,-1.46401413298375e-16,-4.07751149851041e-16,-1.3191577135517e-16,4.77690070738371e-16,2.07530135851609e-05,-7.99092443937442e-17,-7.0190650770532e-10,-6.92328402617442e-17,-4.66020017935453e-17,2.00481787968768e-16,-3.41890856034986e-16,2.53679575017186e-18,-3.97304271681614e-16,-2.48337390526422e-16,1.50888033681656e-16,-2.33142363387373e-16,-1.13471152227189e-16,-1.36784651116438e-16,-5.7858673847195e-17,-1.42246565293436e-16,-1.90448953919959e-16,1.81132227225599e-16,6.57842470736401e-17,1.63811567902336e-16,5.71663303058277e-17,-1.2261568109314e-16,2.95504241789959e-16,3.55787719164696e-16,-2.42160258007482e-16,-1.68230937600509e-16,2.80228572233738e-16,6.55835211751773e-17,3.33686662710181e-10,-3.17324748353474e-16,-2.5205350006171e-17,1.16747073873025e-16,-2.4476442950192e-16,3.5442152584931e-17,-1.41823799011032e-16,-3.51282769426227e-16,-6.92935478365525e-17,1.21324211134233e-16,-2.87954423092798e-17,-9.77394705968526e-16,1.5254743217283e-16,-1.82659215810907e-16,1.88070501985558e-16,-1.08447888923358e-16,-1.43774331377361e-16,-1.56793160674458e-16,-4.29293365797384e-09,7.02267514924031e-17,8.64547575562121e-18,7.33587706490883e-17,-4.0585309213602e-18,6.69265185751844e-17,-7.14709397004214e-18,2.42092870291931e-18,-1.07067073482312e-16,2.03434369361321e-17,9.09252755473384e-10,1.610090977256e-16,-1.23345784080311e-16,-5.18327977959189e-17,1.98185903700921e-16,-2.35981079849507e-16,-5.513476561362e-17,-2.77512191508788e-16,7.69056437315345e-17,-1.00920734346329e-17,1.21286818057619e-16,6.84289561835615e-18,4.1429119309743e-17,-6.92221784191066e-17,4.58586863338153e-09,-2.45028805512613e-17,8.25289789313806e-17,-1.33074968271839e-18,-5.58492867838017e-16,-2.98015011160075e-06,-5.82712805921482e-17,5.22327057046479e-17,2.8131926329576e-17,-1.6508186252086e-16,-6.56743786603365e-17,4.60306994828196e-17,9.00985630493602e-17,9.21352885904217e-18,-3.67074220860796e-17,9.38956759936166e-18,-4.208126285987e-17,6.58837212200549e-17,7.85625005431522e-17,-5.731964716647e-17,6.13982247806449e-17,4.34252936174407e-17,-2.84624558343327e-16
"t475",-0.00497700245382311,0.052306078714304,0.0673680665049056,0.0162932019459562,0.0334127595312866,-0.00553386688455436,0.00169774082479682,5.87380132882623e-05,0.000496696805405032,-0.00130151177435764,-0.000377145732133713,-0.000721087617120761,0.0120450424781668,0.108917431372237,-0.012014164767935,-0.0032403858763811,-0.112284572810298,-0.000822809079780627,0.000192618958750532,0.000142517329245878,-0.000555117594704016,0.0001577803486175,-0.000435022668372152,0.000749900846047068,-0.000118777062462386,0.000368437100475708,-0.000487664462296809,0.00426108734124151,-0.00312149651004889,0.0162100186950001,-6.91775086318419e-05,0.00112419783797638,0.000485340473304834,3.01413037698472e-05,-1.81150729978089e-05,-5.09766494514671e-05,-0.000191406465670966,2.14568791971376e-05,0.000195558837142147,7.58254270035117e-05,0.0747224688434722,0.000486524355863446,-0.000195116543008382,0.000230067962499565,-0.000533481588116838,4.45378447470569e-05,-6.78036970447388e-06,9.21213623898999e-05,-7.92280257221224e-05,0.000136214005566773,-0.000143014736850163,0.0306511201062194,6.82926253357379e-07,-7.14707355752248e-06,-8.24160489921892e-07,9.64346500930263e-06,-1.16434983527264e-07,-0.000112236492581111,-9.71827913305854e-06,-4.38962967630993e-07,-7.40394683769133e-07,1.07756708500437e-06,-3.31804425656378e-05,5.28212807052718e-05,-1.73567687711315e-06,5.75699515578634e-06,-3.7991353667129e-07,2.0766484355236e-05,-0.00119773491644541,5.26186043159257e-06,-1.07919009376574e-06,2.63986591198011e-06,-8.39090042979936e-07,-4.98035632877937e-06,2.04857771911534e-06,1.76100162278568e-08,-1.56121434800418e-05,5.80366324319185e-05,4.38017827891523e-06,2.04553494620775e-05,-0.112883815933481,0.000953244007287825,-2.52524355168852e-05,-0.000107193406296023,5.81402371912015e-06,0.000164009674821037,-2.43824816737615e-05,-3.85292425457932e-06,-8.5766189466576e-07,3.25975662899622e-05,-7.179228681638e-06,1.99884931347048e-07,1.35218439569895e-05,-0.000144601935974936,-1.46531641178849e-06,-7.84217838865616e-05,-9.31750764487456e-06,0.000152865314734226,-0.0230566136341385,0.000110391609439945,1.16812099039192e-05,-7.14822431240924e-07,1.43680205876379e-05,-6.71610560239749e-07,2.16368911081592e-07,-2.33350476880417e-07,-1.52638413416052e-06,1.96348374389232e-07,-2.79957011905073e-06,6.27811334208706e-07,0.00927593785723177,-1.00909853170898e-05,2.85567679979038e-06,-1.02168846049103e-06,3.24891730423638e-08,-7.0932044700375e-07,1.22065354627855e-06,-9.16031476393382e-07,6.66748078532549e-07,-3.11214149237229e-05,4.46511190626261e-07,-8.06214195913376e-06,9.97740166178829e-08,2.55707629954125e-07,-8.56377722052631e-09,-1.14029152337128e-07,1.31190750371447e-08,-5.68377742704065e-08,0.00239941424558253,-6.39821716847838e-05,-1.53118193571478e-08,2.75037622070162e-07,-3.47172198376458e-08,-5.94144796568869e-08,1.57919970773679e-09,5.28871808823321e-08,5.72889061244955e-10,2.74386722883442e-05,-5.20210896101277e-07,1.52497547761451e-06,1.06901050801098e-07,3.35261865365818e-06,-9.89490108469996e-07,-6.4295048650491e-08,-2.44893190322651e-08,1.55064650287294e-08,3.01981862459143e-05,-1.97105338913804e-07,-1.37407776669e-08,3.84054082244457e-08,8.24070529628827e-07,1.90765941011696e-07,5.70362993925483e-07,-1.62840625922681e-06,1.79402901365256e-05,5.70990008825582e-08,-8.83940367807164e-07,1.45893189003005e-05,5.94583568315391e-07,2.0206558851593e-07,1.6084221236505e-05,-6.41702318237098e-05,1.49608863743595e-06,3.06812507036752e-05,-2.57717463583504e-05,2.31818713160023e-05,-0.000199286525734689,-4.25911610727701e-06,-0.000226178525579319,-0.2684274032008,-0.000459028938360948,-7.08381604177867e-05,3.22474548240078e-06,7.10107957602815e-06,1.36460286560248e-05,2.07733185471195e-06,1.13736238290245e-06,-3.54252762119589e-05,-5.15325886507221e-05,-0.000464606252174902,0.00898086556660618,-6.03496991379598e-05,-0.0219250361551873,7.90815968226033e-08,0.000232157396060433,9.18552878910467e-08,1.01426076935553e-05,3.29969253939383e-07,1.59163628283676e-06,-2.74419461334734e-06,1.07019634310104e-08,-5.40826795935698e-07,-4.02878320813334e-06,-2.34093700011581e-08,-0.608820521376636,-1.97927296650092e-06,-3.21871841178305e-06,-1.89991614522917e-06,1.48587848561041e-06,4.74648268037525e-07,4.70287268885218e-07,0.000143048274081864,-1.06815663661378e-08,-1.70770038768729e-06,-2.58598810295844e-06,-1.27515065652173e-05,1.6141144632137e-06,8.34253917869718e-06,-1.14223707816345e-05,-6.82852108625228e-08,-4.36113359539558e-05,1.39830589427102e-05,-3.59191874762198e-05,-4.40433669928446e-06,-3.5628254548919e-07,-2.29818927728179e-06,5.90102871761884e-07,1.03467554147589e-05,-6.95499333763923e-07,-3.96611252248703e-06,-0.000471845245095867,3.20131323848956e-05,1.03087994598655e-05,0.00478602145893595,-1.00975865006373e-06,-5.496088364078e-07,-8.00063719363587e-06,-2.51589589289404e-05,-1.45998423874982e-06,-1.20994913916161e-06,3.65915975188897e-06,7.570019030697e-07,4.22629977050927e-07,7.07655513572839e-07,-3.75985144752767e-08,-8.67178943544749e-08,-3.19357479464228e-06,-8.16320960918429e-17,-3.55977910571261e-07,5.07143221156558e-06,-2.47260056826731e-05,-2.56331542730151e-06,-2.89958133410249e-06,4.88645250041439e-07,-5.55046279822153e-07,2.86930327370973e-06,-4.63790042406844e-08,3.01938718259041e-09,-6.8822722547734e-07,7.06764321811121e-06,-0.00223775086076795,2.07717160739608e-05,-1.36013066250781e-06,7.12153262091406e-08,-4.60948204184704e-09,2.17528926388657e-07,-2.01329201321589e-07,3.16547767825639e-06,6.99451222413964e-07,-1.35668797559819e-07,6.25340665219445e-05,-6.3406644445127e-07,0.000116466006689155,-2.77432009289694e-06,2.68523803055627e-07,-9.17909120208323e-08,1.58273275390594e-08,7.67864556178235e-06,-2.40326359159025e-06,1.17752853357116e-07,1.3679907544467e-06,-1.01295075010444e-07,1.2215733421805e-06,-1.43139167090092e-06,6.2311463000695e-05,-4.25376657787685e-06,3.31124770461889e-06,-2.4102174630243e-07,3.93006504331573e-06,-2.01077829027671e-07,7.76852032557393e-07,-6.03939266515628e-17,-1.90655326931337e-06,-6.52924252825108e-08,-8.54294683601511e-11,-7.39428896479585e-07,9.29677847923079e-08,-5.75459821449714e-08,-1.89853545368676e-07,2.15934391911148e-08,-9.16016799556123e-07,3.18335670308017e-06,1.16763056272808e-07,-0.00229369327067755,1.32500335471293e-06,-1.61645751564873e-06,5.19934600881302e-06,-8.23121999550027e-07,1.37785104042082e-06,4.89082242145199e-08,3.71868956162027e-08,2.24221069254987e-06,-2.1940833517577e-05,1.13741743609843e-07,-4.72013751102411e-06,0.042615702088545,0.00117242196818264,-2.18105074578934e-08,6.39019289419931e-10,1.83579790909391e-07,-9.08189961260366e-08,-9.78658045204304e-08,1.54067952698473e-07,-2.22616996543761e-05,2.13010646751134e-08,2.14010992563629e-07,-4.6187483620933e-07,4.41155548107337e-17,1.73360131002746e-09,1.0544691916513e-06,-9.77162411201744e-08,5.04960210613507e-07,6.44096423399879e-08,1.33284575344044e-07,3.20140843075312e-07,-0.000116987233649188,1.58744936798009e-06,1.12641054477919e-16,-1.26227189719034e-06,-1.16232811648392e-08,-4.32498820333498e-08,2.05320452758402e-07,3.27369425901502e-07,-2.21478025340638e-08,-8.49225745128567e-07,2.26682449274098e-07,-1.07500762843192e-06,1.42640328046326e-06,-2.18580503087246e-07,-5.24061378497628e-07,-6.47822583747094e-07,-3.91121915974132e-09,-5.21729200700011e-07,3.12668553769357e-07,-5.65712428491145e-07,2.27446549945171e-16,-1.65012979658115e-06,1.29557004272551e-07,3.73377048138543e-09,3.27560466035251e-08,-1.07265375996482e-06,-2.21744766582611e-06,1.12674064072799e-06,-4.09351310681851e-06,-2.01534576725016e-07,9.13243272512336e-17,-3.69499374107102e-07,-1.45662789153277e-07,-4.69269704700585e-07,2.8585744144168e-16,8.99801248127065e-07,1.30900973448164e-06,-2.00896232841146e-07,-7.61786021327202e-07,-2.69651672913278e-07,-1.69868704200246e-07,-0.000290433828679136,1.07780424316074e-07,8.7722211240063e-07,5.09145030256653e-08,2.57747684373985e-07,3.72298110162829e-07,2.0495291526007e-17,-1.51926711429384e-07,5.00705772599537e-07,2.47249006067986e-06,-3.39097944234872e-07,-7.52116761083421e-16,-0.00686224397543982,5.40016067114847e-08,-1.35908122857185e-07,-9.28097360436332e-08,-3.18836230353086e-07,3.63219881917748e-07,-0.000993496736379972,5.12501281581102e-07,-9.59447576834116e-17,1.95025775867687e-06,-3.73768426199083e-07,1.04509332321292e-06,2.45183464083172e-06,-6.58410680861116e-06,-1.67105597944393e-09,4.75205812200397e-16,-1.10294297944173e-17,-1.62918842503667e-09,-2.09787034806805e-07,2.76942453223693e-08,-2.82676148437503e-07,9.96246736261063e-16,-1.39374718548258e-07,-1.69711530774757e-09,2.47531391266566e-16,-3.72499323503951e-17,-1.4053440600713e-16,7.42753011776399e-07,0.00579992663677676,-5.97072592106256e-07,6.11156630407865e-07,3.08978442232772e-07,1.58421945433201e-05,-2.96123504136381e-07,-4.46644200383746e-15,-6.92474779789311e-08,1.96464793605148e-07,1.53912841821377e-16,-4.4757883468211e-16,-1.26055656897544e-07,-6.80990121707162e-11,-7.49723668823736e-08,4.08229908151018e-07,7.41712742088303e-08,-2.7763998589404e-08,-3.81987954597894e-16,-9.33834692560869e-08,-4.5801697312499e-16,-3.18339814405815e-07,-9.28686923369615e-18,-8.31920034614124e-08,-1.49051521150237e-16,3.41622465773237e-07,8.99582864008128e-08,3.7405548814637e-08,4.91430756990658e-07,2.43420882782771e-07,-2.79274364359464e-08,1.77027928231894e-07,3.93818132775972e-06,2.97590223842249e-07,2.74693547425546e-08,6.18411204446207e-08,-1.73923998835543e-07,-2.97906438165497e-07,-2.41574766566616e-08,-8.30531187784146e-08,-2.81127608251721e-16,7.76866283351432e-07,-1.33824025587116e-07,6.91065455395546e-08,1.25832547566982e-16,1.21078955899032e-08,3.29233609403174e-07,2.67693558011879e-05,-1.22580383608853e-16,-2.79426122313347e-07,-1.50053115260139e-07,-1.63771158403941e-16,-1.27090300321987e-05,4.41593666075936e-07,-9.27846335426084e-17,-1.09846471253603e-16,-1.6189017335382e-08,-8.69109308318013e-08,-4.95175409897408e-10,-6.87012387403052e-07,1.82397679394983e-07,5.36493023060434e-08,5.16827886652556e-08,4.77225486298388e-07,-1.07085585471315e-06,1.44049811141855e-16,2.20828158693588e-09,1.51972296710127e-09,4.19362336711955e-09,3.92411268131434e-07,5.40321133877583e-17,2.06807787523069e-17,1.29053753831009e-07,1.0258819752261e-16,-5.23695416769444e-17,6.13053259627652e-07,-2.04279175098332e-05,-1.36334778063105e-07,-9.19569596075626e-09,4.77025582757046e-06,2.73184120240698e-05,3.02885304340607e-08,1.11182118743674e-16,7.13878490055628e-08,3.33403221364637e-09,1.52985380615445e-08,-1.53913450088001e-07,6.0732908739005e-07,-1.72310084140059e-16,-2.35099808514472e-17,-2.6047109182442e-16,-5.30903240290074e-08,-2.54619217865553e-08,-1.48291787937708e-07,2.83737959514356e-16,-1.9518735435054e-08,-4.47414572796061e-16,-1.38043005899525e-16,6.3123147741651e-06,-6.81850364233302e-08,3.20205559116438e-16,-1.72181749915358e-07,-8.89292756913819e-08,-6.46803973504933e-16,2.01585488046903e-07,1.28144131901471e-16,7.43084710400226e-08,-4.4976670719149e-16,7.87389039437923e-08,0.000141151941971594,1.98404435062974e-08,1.99116921653462e-08,1.40161033655595e-07,-7.08959785610628e-08,1.96167195120909e-07,-4.15508893315759e-17,1.29002906446889e-06,-7.2814189057119e-08,-3.41713257211396e-16,-9.5933470011887e-09,-5.01911044186505e-06,4.53949861264382e-08,-4.09268617244388e-17,3.3096416951277e-06,1.92378339884699e-07,-1.65158837867487e-17,-4.80641416017834e-07,-1.06309804739073e-07,-5.53559498004478e-09,-4.46529295881813e-16,7.94620160454357e-17,2.24724894388155e-06,3.02732952408639e-08,2.44915966503476e-09,-3.93491978255213e-08,1.7920569221769e-08,1.43722021108992e-16,1.68205213062715e-16,6.54177724144215e-08,4.50915394482805e-10,1.59923821659644e-16,1.58068760119004e-07,5.2102526134626e-17,8.17746725435741e-08,-3.02387520881254e-08,-1.76679317114401e-08,-1.17124764600087e-07,-3.15635167285681e-16,1.49374504209646e-16,-2.72442765811827e-16,-1.41333264955237e-16,-9.40805675230404e-09,-3.26328058446156e-08,-3.44418707828433e-16,1.12161845087122e-15,6.28149512072745e-16,4.59291597295438e-08,4.12741365495893e-10,-2.27268392583191e-08,-7.45478724762619e-17,3.07433996337737e-16,2.88387613485777e-16,-2.20614123144501e-05,2.89663929246334e-08,1.91541057141872e-16,5.21339695231798e-09,-1.36450268912213e-07,-8.87976584335901e-17,-6.9096846685375e-16,-9.43315752798354e-08,-2.19151935435113e-08,-4.67353010504995e-08,-1.84468730790678e-16,1.34442340638844e-06,7.65796308973315e-08,8.21645448702629e-08,-7.48895213239088e-08,-2.01597112043425e-07,3.28134004200905e-09,3.64202362423677e-16,5.20282906372743e-16,-1.10356455853462e-16,6.23644389884485e-08,-5.64655362997693e-08,-2.12818608129682e-08,-4.2714632918147e-07,3.81277337013737e-17,-5.10663895538016e-16,7.3450529786598e-16,4.6982632684638e-16,-1.55110060196694e-16,7.98961196621016e-08,2.87731362544829e-16,1.18190903662033e-16,-1.29339840592149e-08,-1.61720393017373e-16,-1.1578091747368e-08,4.53446540878687e-16,-1.43541754349331e-08,5.40289492437321e-17,-1.73839677005048e-08,-2.17563014941682e-09,-1.98470827132007e-07,5.66555866100832e-16,6.98444472662806e-08,4.83620780948204e-16,9.91207800980397e-08,-1.74389200236201e-07,2.45800106367063e-08,-1.48504439009601e-15,1.40785469067587e-07,9.67625929244623e-17,-3.46705002263746e-08,-4.40975414575772e-06,-9.13777173140909e-18,-1.84374835063619e-16,-8.77721372628072e-16,-7.19440558599607e-16,-6.55862703709739e-10,-8.54151311204963e-09,-1.90749868747077e-09,4.39404771201456e-16,8.16088435801964e-16,-2.01779258334372e-08,1.64600659494616e-07,1.93692305303152e-16,-1.40420378411681e-16,-8.71071201614366e-09,-4.36229444840156e-16,-6.17616676329585e-08,-1.59230590891402e-15,1.31555841242176e-05,-4.03309571475948e-16,-1.11452849858055e-15,2.8756031758177e-16,7.69547815971275e-16,1.77944171091103e-15,-6.15349655082311e-16,1.12603393969631e-08,-7.87632893033452e-08,-6.62610117365901e-16,-0.000259104516257993,1.98417880248215e-07,-2.75005453652218e-17,-1.49146317149283e-15,-2.25668470002212e-16,3.12746640397748e-16,2.01724962991894e-08,3.32888576120582e-09,-2.72910793525151e-16,-9.91500662291225e-16,-5.79632925424118e-08,-0.00195008487593828,-1.53571888800704e-09,1.29262136137684e-15,2.92899576307585e-15,-3.18459495292858e-16,-2.50608939438415e-15,-8.84035552621912e-16,1.9384560900697e-15,7.33573406076156e-08,-6.9447678497941e-08,-1.33642071076278e-08,-3.99510476072647e-16,-1.4370924262346e-15,7.36406412717835e-15,-1.25493158129144e-14,3.97638931615394e-15,-1.91139048548698e-16,-4.82475899177682e-15,3.4547194041513e-15,4.88823833359674e-14,-4.76191137781378e-14,1.01100757176291e-14,-3.8412824992746e-14,3.36752111949096e-14,0.707106781186548,7.36930153018411e-09,-2.07338896770329e-14,-5.67578138310218e-14,-1.19579364332121e-14,1.04326594533022e-07,-1.25658449086208e-09,8.57015248412193e-15,-2.69270532238262e-09,9.53712017583609e-08,1.2553686475462e-15,-1.42870940370408e-15,-4.66595124941589e-06,6.30159522915134e-15,2.34841256460639e-09,2.17739723664098e-15,-4.31672464391024e-16,5.3155595439645e-16,3.96972770079837e-16,2.30407232254301e-09,-8.00256360724009e-06,1.91328787778351e-15,-8.70259178223517e-16,9.00662274915054e-16,2.25304609933735e-15,-4.0866561436953e-15,-2.59897000043344e-16,-2.25979389632667e-15,5.62723988448029e-16,3.79412944051032e-09,-6.61173540858196e-16,5.72023668219328e-16,3.63444518905507e-16,-7.77337407520107e-16,-1.07102865692023e-15,2.46418994943261e-15,-7.48324665018872e-08,3.57303146719359e-16,2.97549450208636e-16,1.25355850180527e-06,8.96405349526483e-16,7.34380211198813e-16,8.56551804602381e-17,4.04433525385807e-16,4.64905521305988e-08,6.04548325705941e-16,-3.43125839729032e-08,-9.76106117308128e-16,-7.38812286622167e-17,-3.23859962617626e-16,-9.61274927828448e-16,-4.43120459621825e-16,6.97931618922426e-17,1.23953401348354e-09,-1.00543051125128e-15,5.50892688684058e-16,6.99142220808526e-09,-1.54704855440375e-07,-1.48831305017821e-17,1.08354430977551e-07,1.58689881873379e-08,8.02020321450031e-16,1.68506154276408e-17,4.04516004384204e-16,-1.0101113603606e-16,-8.85373414755093e-16,-2.66326003111936e-08,6.50115704601873e-16,5.97280517202251e-16,-5.59802125900333e-16,1.06600883196942e-08,-2.02801712201739e-16,-6.04146820819474e-17,4.85387679423715e-17,1.34227143310988e-16,-4.85544367894204e-09,-5.44505725840141e-18,1.46074430415309e-09,5.45926251639186e-16,-2.70105656908123e-17,8.24858945067571e-16,1.77746273856957e-16,3.97738112127319e-16,-6.27027353469527e-16,-2.49479288149838e-16,-2.53302526595273e-08,5.5609061098866e-16,-5.54259911153642e-16,1.06476959223068e-08,-4.78740619086949e-16,-3.97757070108426e-16,-7.19535216363514e-16,-2.38301012129754e-16,2.09841864688605e-16,-6.04777451929937e-16,-1.72983451229233e-06,2.05463970235541e-16,-7.33981032782218e-16,2.29698048210402e-08,-1.99361777283635e-16,1.26845597893575e-17,-8.69159116801993e-16,-7.19635010824076e-16,-5.92760955763048e-16,-7.565666233229e-17,1.40551421071163e-16,-1.02122878213377e-16,-2.04171628445748e-16,6.50265547719353e-17,1.09891996451521e-16,-1.20430207933108e-08,3.99321870444531e-08,2.61772438163605e-16,2.87140203671426e-17,-1.1467385104449e-16,-1.87699309055694e-16,1.40661679352838e-16,4.07402963545814e-16,8.14853584426384e-17,-2.71661220104579e-16,-3.45899618102568e-09,1.5279030401643e-16,4.03642196977972e-16,1.42054701123426e-16,-1.54580196689857e-16,2.07530135855564e-05,7.41669521515565e-19,-7.01905987901187e-10,1.0723364749826e-15,9.46997168173476e-18,-2.65040577348486e-16,6.6439829385644e-16,1.84317700213702e-17,4.68822684371513e-16,2.42820433708156e-16,-1.61258553818452e-16,3.10595523285774e-16,1.12521369991893e-16,1.10591367375633e-16,4.91349578106888e-17,2.03463890824578e-16,2.49257279974309e-16,-1.4457598638342e-16,2.93423029528251e-16,-1.381819651316e-16,1.90188347779307e-17,7.40814754175833e-17,-3.55946022507016e-16,3.1088819669664e-16,1.30308153345123e-16,2.1826315104408e-17,-3.02114902402723e-16,-2.43254855645516e-17,3.33686515786411e-10,2.5158695726533e-16,-1.52395817365895e-16,-1.19238356337039e-16,4.37935969675019e-17,5.08030848093474e-17,1.36236067425052e-16,-2.43795549773871e-17,1.11623244615268e-16,-1.73928540268365e-16,-4.71705653737917e-17,1.77490671899455e-16,-9.08165892707798e-17,2.0933304632714e-16,-1.89699422706504e-16,1.18857803123736e-16,1.16160366212293e-16,1.19508265400202e-16,-4.29293359396489e-09,-9.26561393866936e-17,3.3004881970779e-18,-4.25815595779431e-17,6.21553185766971e-17,-2.35071824071762e-16,2.44948236567891e-17,-8.49456944801861e-17,1.31410374572263e-16,-3.80056669685786e-17,9.09252801451481e-10,-1.21989755925431e-17,-8.89626121115226e-16,-1.12390120182553e-17,-1.92888677410149e-16,1.69219186097886e-16,-2.31581023702577e-16,-1.01230786746133e-16,-1.43705470698216e-16,-7.37407672879288e-19,8.71188576986987e-17,-1.13747966564587e-17,-2.65144471482549e-17,9.66724345044524e-17,4.58586877031773e-09,4.34321965716225e-17,-2.05238945498557e-17,-2.84639578160755e-17,-2.57633541236868e-16,-2.9801501116177e-06,4.04076342169872e-17,-2.622659651177e-17,2.10903518975875e-17,-5.36828570652747e-17,1.80136772479077e-17,4.19005160151505e-17,1.41798583132253e-16,6.98873853877144e-17,1.91669871729991e-17,4.92444708618684e-17,-5.86830399106889e-17,4.61152598227232e-17,2.01691779589604e-17,5.96708818784542e-17,2.34024904856604e-17,1.37942176907584e-16,-4.15232672506798e-16
"t900",-0.00499194469931374,0.0526387832126476,0.0678105804712903,0.0164371507936412,0.0337753313081247,-0.00560452803312892,0.00171985343283008,5.95652579611175e-05,0.000504991756955852,-0.00132801467765817,-0.000386973034571395,-0.000744458194404647,0.0124474342453566,0.112614043388694,-0.0124406741734717,-0.00336260793020527,-0.116626979619386,-0.000855241696266468,0.000200398232671443,0.000148804564624948,-0.000581756030885543,0.000167062937587832,-0.000462191379953441,0.000797028722842217,-0.000126273960920986,0.000392916696190735,-0.000520489606662533,0.00455075557902495,-0.00334001731304835,0.0175774908082038,-7.5456500900272e-05,0.00123158443773535,0.000535600429569737,3.34364070294352e-05,-2.02152587333084e-05,-5.74545170419552e-05,-0.000216101468801306,2.42784391802606e-05,0.00022148650352877,8.606038696591e-05,0.0851630923727731,0.000556530534887155,-0.000223708565278202,0.000263832469927282,-0.000613468460690238,5.17524755817921e-05,-7.90445973927098e-06,0.000107560069572766,-9.29115969307254e-05,0.000160509344139461,-0.000169626252689536,0.0364669934907105,8.1287707446519e-07,-8.54026532700995e-06,-9.92496873469749e-07,1.16270066399226e-05,-1.43531355207651e-07,-0.000139230647557998,-1.20647825954746e-05,-5.53719899261544e-07,-9.45727269090282e-07,1.38518068821051e-06,-4.28759422616899e-05,6.83465265395854e-05,-2.26833538037713e-06,7.59302841676298e-06,-5.11676243093046e-07,2.82425242031743e-05,-0.0016364032101344,7.24948477530595e-06,-1.55813331518546e-06,3.96264529115839e-06,-1.26745629971107e-06,-7.62273390413304e-06,3.14073496654591e-06,2.7156227123028e-08,-2.41316809199122e-05,9.07573845665999e-05,7.03939029044432e-06,3.32523010078041e-05,-0.187235506478413,0.00158817622219945,-4.35168372797784e-05,-0.000186689707432523,1.06208156315823e-05,0.000303750375364338,-4.58038885279549e-05,-7.25487173202429e-06,-1.61592441401768e-06,6.15118623352106e-05,-1.36227005515296e-05,4.00774185081395e-07,2.72560267027194e-05,-0.000302460381092032,-3.28455922077888e-06,-0.0001777470261818,-2.11296583690899e-05,0.000356884844761285,-0.0544312210807976,0.000272268962185735,2.9922335615085e-05,-1.83744087266149e-06,3.70782003784183e-05,-2.12496956514045e-06,6.96919652239655e-07,-7.62375082363758e-07,-5.11798842374612e-06,6.63256180977947e-07,-9.58353170161177e-06,2.19387469386805e-06,0.0326368880915239,-3.70235281553552e-05,1.05315439315016e-05,-4.26083887963229e-06,1.39458592243011e-07,-3.25577736086669e-06,5.78462803029601e-06,-4.77185758600095e-06,3.84725841277358e-06,-0.000195734277530755,2.96120967914229e-06,-6.6111384345504e-05,9.69749516733177e-07,2.50325561097403e-06,-8.61726548682116e-08,-1.43641758838365e-06,1.68830603780297e-07,-9.44288379032009e-07,0.278548096996895,-0.00797218844813926,-4.10465549108129e-06,-8.51436841553664e-06,8.79145621932203e-07,1.32856560598864e-06,-2.37912955760245e-08,-7.6194620225447e-07,-4.91633256712156e-09,-0.000176214845723623,2.46541632860953e-06,-7.17311498885159e-06,-4.80920128917267e-07,-1.4753172845443e-05,4.2058583638153e-06,2.69763221123249e-07,1.02732259322667e-07,-5.9506206194937e-08,-9.87676465896074e-05,5.58523204597902e-07,3.76615593578125e-08,-9.81135123800934e-08,-2.09383990865817e-06,-4.72413231953785e-07,-1.39159948388012e-06,3.90725271480915e-06,-3.72949762981535e-05,-1.1618336369987e-07,1.77193130856756e-06,-2.18012866770897e-05,-8.3719350128206e-07,-2.82041998620695e-07,-2.14350402846161e-05,8.47454663317329e-05,-1.87291227860959e-06,-3.81757270599032e-05,3.06413917575096e-05,-2.65469008708843e-05,0.000214801442313594,4.58898046860781e-06,0.0002436784992428,0.289263463281644,0.000496487013271168,7.66851908149865e-05,-3.56885318718005e-06,-7.94997560768353e-06,-1.58144360254711e-05,-2.43371169511562e-06,-1.34047351600437e-06,4.99951884998308e-05,0.000118842846638646,0.00126575134899053,-0.0302433469222275,0.00133271848284112,-0.302287635753808,3.93081216066574e-07,0.000690910467546718,1.01423906266798e-07,9.38354232983774e-06,9.40226599026196e-08,4.38449431792778e-07,-5.40410515549846e-07,8.30961497404481e-10,-1.68703186944808e-08,-8.45978637566076e-08,-2.24244058392972e-10,-0.00205894766573967,1.33911759598466e-08,2.49278090897403e-08,1.6646300951405e-08,-1.30903767363109e-08,-1.03277496063007e-09,-7.73908871206526e-10,5.28871692778161e-07,-1.03963015707577e-10,-4.45516519702007e-08,-6.76696921518247e-08,-3.5394767903859e-07,5.27267236214334e-08,3.01222025946967e-07,-5.17564219385319e-07,-3.87368337175105e-09,-2.87144147712443e-06,9.59717107736853e-07,-2.91212590330143e-06,-3.86924114914147e-07,-3.13628519818411e-08,-2.14265116915156e-07,6.26305529780045e-08,1.12327099156632e-06,-8.43175003929012e-08,-5.14489558044208e-07,-6.25691737782408e-05,4.61675475666152e-06,1.51449796235034e-06,0.000717148170981617,-1.60146845149779e-07,-8.81221924196294e-08,-1.28618618729679e-06,-4.27639450494005e-06,-2.56122188348095e-07,-2.1945380700506e-07,6.73403077570334e-07,1.41376764717934e-07,7.99995455465243e-08,1.34456356749701e-07,-7.38833945918314e-09,-1.73857870762158e-08,-6.53852981615576e-07,5.41105133478291e-17,-7.50174789444727e-08,1.07474053797089e-06,-5.43922235003811e-06,-5.79426943840099e-07,-6.69675782258601e-07,1.12998373664091e-07,-1.33300169997844e-07,6.93324205324748e-07,-1.1238195819759e-08,7.41353163925241e-10,-1.70467161932524e-07,1.7782201775558e-06,-0.000566868308723846,5.27659779828919e-06,-3.50744681548948e-07,1.94852777957208e-08,-1.28632271993696e-09,6.16827724684739e-08,-5.90387768336466e-08,9.30428461365573e-07,2.10276513975977e-07,-4.12937446828557e-08,1.9366735351764e-05,-1.97451865860725e-07,3.64764566520267e-05,-8.75784180168353e-07,8.57540227374499e-08,-2.93523101054473e-08,5.20975310487412e-09,2.52917834289181e-06,-7.92166434393859e-07,3.91160324728347e-08,4.55739830284389e-07,-3.40557422361565e-08,4.11394018380457e-07,-5.09117134312369e-07,2.2296711837063e-05,-1.5294007911281e-06,1.20369061260286e-06,-8.83926335427496e-08,1.47059542515721e-06,-7.56868941123729e-08,2.9378626340197e-07,5.92312885766978e-17,-7.32844956057028e-07,-2.51515994199734e-08,-3.31424568403016e-11,-2.91784756629031e-07,3.72375555525129e-08,-2.32162243873599e-08,-7.68698328677564e-08,9.17741563310896e-09,-3.90598802467937e-07,1.358627405199e-06,5.06033665714749e-08,-0.0010416158251083,6.06948518247386e-07,-7.45015433361737e-07,2.44715637850086e-06,-4.25346460084211e-07,7.46995072993306e-07,2.65953403786113e-08,2.02397565834872e-08,1.43168090321095e-06,-1.97365252224584e-05,1.09848303602468e-07,-5.17025674243614e-06,0.0573378827065865,0.00170998634178378,-3.67771404122348e-07,-3.04762432002919e-07,-1.50692013255886e-06,4.33446857361294e-07,1.82099771928268e-07,-1.55258442578357e-07,1.4475532787059e-05,-1.16502457208036e-08,-8.8372351907756e-08,1.05180693276663e-07,-4.26492762914959e-17,2.19597464595741e-10,1.48494086817932e-07,-1.55813236489056e-08,8.07763241462049e-08,1.03379357486875e-08,2.19434393394453e-08,5.50840646356387e-08,-2.10953693332617e-05,3.10263449606458e-07,3.35488639502872e-17,-2.82460687380137e-07,-2.63622950770585e-09,-1.00778024563036e-08,4.79892678471797e-08,8.10219979351579e-08,-5.6327883121015e-09,-2.23531335795209e-07,6.09509152105104e-08,-3.01086398731218e-07,4.1269486824767e-07,-6.44371078074512e-08,-1.56040694431161e-07,-1.94052617718296e-07,-1.18376430781946e-09,-1.58081949982711e-07,9.54079868968504e-08,-1.73547828383534e-07,-5.11482632326121e-16,-5.25248088215643e-07,4.15323217163376e-08,1.19702387142852e-09,1.07062440635274e-08,-3.51587338585464e-07,-7.5133725045524e-07,3.85281010374109e-07,-1.40226830671888e-06,-6.95088272708553e-08,-5.06718575030269e-17,-1.2843458050838e-07,-5.07784755180899e-08,-1.65393944999492e-07,-1.43319530593512e-17,3.21029406854608e-07,4.68407333590009e-07,-7.19985093564874e-08,-2.73895770479144e-07,-9.74885301496857e-08,-6.16754915970494e-08,-0.000105809862954131,3.96835590634389e-08,3.23406774732402e-07,1.89192230909611e-08,9.72587845683327e-08,1.4060266117015e-07,4.34708047830962e-17,-5.97388321780489e-08,1.98732311857534e-07,1.00615810418081e-06,-1.46281554680153e-07,-9.60423147686307e-16,-0.00955825055464782,1.57097048296393e-08,-4.31871315990065e-08,-3.02078154097141e-08,-1.06072884544266e-07,1.24408295064155e-07,-0.000351031678044549,1.89420234857219e-07,-1.47538899743646e-16,7.3976945717064e-07,-1.42055188934107e-07,3.98780141896306e-07,9.40498660082136e-07,-2.52659120293042e-06,-6.42175776984005e-10,-3.54750950837257e-16,1.02816014507169e-17,-6.31078405323732e-10,-8.17920761158498e-08,1.08059506078319e-08,-1.10906160087119e-07,4.87501166097488e-16,-5.53044492590869e-08,-6.76617530476244e-10,7.15826912884289e-17,-1.20849240090689e-16,-9.76184612146722e-17,3.00267781790747e-07,0.00234864411028256,-2.43155540381299e-07,2.50052017657609e-07,1.26484986214742e-07,6.51647488748173e-06,-1.21872884702697e-07,-1.867892770287e-15,-2.87659032052448e-08,8.18714191526462e-08,-1.22783967572463e-16,9.03487462787805e-17,-5.31584835053431e-08,-2.87973141395856e-11,-3.18189577175019e-08,1.73672385733362e-07,3.16972835737553e-08,-1.18735569463751e-08,-1.83485285058519e-16,-3.99755378142829e-08,-2.29461897799652e-16,-1.36656104436238e-07,-4.40575717184852e-16,-3.57851867479352e-08,-1.56107573185666e-17,1.47326095375702e-07,3.88148156601673e-08,1.62478346424991e-08,2.13761359205166e-07,1.05944233419423e-07,-1.21854688853068e-08,7.74089356713752e-08,1.73057672889057e-06,1.30777386092628e-07,1.20896359154144e-08,2.72912734547787e-08,-7.70314614930072e-08,-1.32338397522798e-07,-1.07564422918799e-08,-3.70226414998019e-08,-5.27065037253654e-17,3.47517198223933e-07,-6.00632832027188e-08,3.13043091282944e-08,6.41335798523484e-17,5.49913008004456e-09,1.50118572128856e-07,1.22261688223933e-05,-4.97983734654333e-17,-1.27729124287362e-07,-6.88224268596781e-08,6.2554701502971e-17,-5.83865510050441e-06,2.04867700002396e-07,-9.93414331548059e-17,-8.23025538183182e-17,-7.5389887598476e-09,-4.04868436875667e-08,-2.31038911743647e-10,-3.21141296274115e-07,8.56178307847726e-08,2.519215201541e-08,2.42810862315368e-08,2.25447363148226e-07,-5.08162370258594e-07,1.83846807135651e-16,1.04969161729623e-09,7.22600009157913e-10,1.99602734560439e-09,1.87004344872432e-07,3.08341380612676e-17,1.5807897998355e-18,6.16042906277248e-08,4.32498695110956e-17,-3.93385507413221e-17,2.95751961384987e-07,-9.87296406067097e-06,-6.58941402493099e-08,-4.46234391669834e-09,2.31609189128602e-06,1.32653893670903e-05,1.471867045067e-08,-8.1253005998998e-17,3.49698834622972e-08,1.63601264942281e-09,7.51127881862012e-09,-7.57834422288752e-08,3.00600697181181e-07,-2.39833905336262e-16,1.54312480804708e-17,1.39712453066908e-16,-2.64783571528444e-08,-1.27413713976304e-08,-7.42254543474245e-08,8.72670574910206e-17,-9.80164384583926e-09,-1.34490462014863e-16,-4.3541734566091e-16,3.21661269991286e-06,-3.47520820065228e-08,4.30834838291427e-17,-8.8081589560002e-08,-4.55918669138654e-08,9.9438720213729e-16,1.03814223889087e-07,-8.78196669465126e-17,3.8479870199897e-08,-5.01609138107105e-16,4.07945810838271e-08,7.3159215915951e-05,1.02878564135251e-08,1.03311521724306e-08,7.28234202773281e-08,-3.70306627545347e-08,1.03241851832557e-07,9.2284405942152e-18,6.85605897128627e-07,-3.87395711557031e-08,-2.35869581616095e-16,-5.11128073656448e-09,-2.68118674325268e-06,2.43079207124874e-08,1.96365064282021e-16,1.78711066519622e-06,1.04054790121326e-07,-5.43136319800902e-17,-2.60563475034432e-07,-5.76973617180137e-08,-3.01710261313772e-09,-2.08089981535101e-18,1.03500579712706e-16,1.23761954867461e-06,1.67489102506927e-08,1.35630562419904e-09,-2.22608897994022e-08,1.01755825157686e-08,1.1230541429332e-16,-2.10641802006408e-16,3.72412611842313e-08,2.56782938097785e-10,4.45347716792105e-17,9.04156764799756e-08,2.96258638908364e-18,4.69804353469756e-08,-1.74797423848925e-08,-1.02176215627089e-08,-6.78539307254263e-08,-1.32573336587072e-16,1.506289822843e-17,1.59177465550391e-16,-2.16185091577361e-17,-5.54099337123509e-09,-1.92466727385963e-08,3.81239865685533e-16,-1.242263579893e-15,2.44352904135656e-16,2.72297618036101e-08,2.45260262124744e-10,-1.35907965176645e-08,-1.37162044790371e-16,2.98340250616015e-16,-1.44642734204933e-16,-1.35014018419882e-05,1.77421320157621e-08,1.74846075301397e-16,3.22464497126231e-09,-8.47435441325338e-08,-7.05926964006251e-17,2.4277013914794e-16,-5.91702945018761e-08,-1.37577246476516e-08,-2.95180498144075e-08,-4.139694397329e-16,8.58154031236884e-07,4.9177608554138e-08,5.32255623819969e-08,-4.91212475995606e-08,-1.32689579479973e-07,2.17411852779673e-09,-2.27021468442801e-16,-6.64352788032581e-16,-5.51268176257219e-16,4.3084318537446e-08,-3.90364160572986e-08,-1.4799911369226e-08,-3.06751159549852e-07,5.44028878948585e-16,-1.3378242901352e-16,2.07755387483946e-16,-2.40248253305425e-16,-2.37488895423593e-16,5.96326447544661e-08,6.84270479084862e-17,4.07114352878503e-17,-9.81670078359057e-09,7.79614628421609e-17,-8.79571321574959e-09,-2.01173624205966e-16,-1.09216993461068e-08,-2.01566779061898e-16,-1.36569055392776e-08,-1.72320276075789e-09,-1.5924583258463e-07,6.09187045938483e-16,5.69867794305087e-08,1.30312667608255e-16,8.41927737657052e-08,-1.57479149046398e-07,2.22617166815074e-08,-1.18641709780299e-15,1.31197289577474e-07,6.80345678231436e-16,-3.3977120977177e-08,-4.33304655538658e-06,-2.47523261187918e-16,3.61221811908924e-16,1.75427633053064e-15,1.46810371884191e-16,-6.75879700748004e-10,-8.92282783225093e-09,-2.02561977491402e-09,3.4149880625529e-16,-1.55473008648719e-16,-2.34184820610167e-08,1.91878645117708e-07,-1.340809139999e-15,-3.70544819595154e-16,-1.17324313571301e-08,4.81643525067892e-16,-8.63481655976173e-08,-5.34146886308134e-16,2.08619584830352e-05,-1.10013941705559e-16,2.56324819643896e-15,1.91643098571102e-16,-2.09757869917675e-16,-5.08240918076005e-17,1.83658036021747e-15,2.64562700221612e-08,-1.86384177531188e-07,6.44362152397799e-16,-0.000767417587068767,6.62167171822632e-07,-2.61150675370445e-15,-2.82755676218239e-15,-2.456280030442e-15,-7.47191151994829e-16,1.73162402270995e-07,4.85687401444427e-08,-1.47791329709475e-15,-7.87006326752793e-16,-4.66559158386199e-06,-0.39800187499693,7.35195506725778e-08,-2.05482336524305e-14,-3.14842181338954e-15,-4.21301429316691e-15,5.18138002254602e-16,1.93236576860156e-15,4.41090648415211e-15,-1.3429555716106e-07,1.1411110857774e-07,1.98446569286403e-08,5.43292005506308e-16,-5.8510393647554e-16,-5.03190479522643e-17,1.19278582461309e-15,3.52400086353076e-16,1.01028622694877e-15,1.21221407924854e-15,3.43505349026184e-16,3.91541576144818e-16,1.64303234056512e-16,8.67492247741478e-16,1.84254183432472e-16,-8.56104978860646e-16,1.06572863005001e-15,-2.91586609743042e-09,2.20219353837775e-16,-1.15703488215502e-15,4.08175298121496e-16,-3.50725982022049e-08,4.06619489333233e-10,-3.86370618411294e-16,8.50814624871557e-10,-2.44279420045493e-08,-5.79643574157768e-16,-3.987617854634e-16,9.01543918113641e-07,-7.7645570419349e-16,-3.0421342560614e-10,9.83518158560801e-17,-1.3245152781111e-17,3.47502695537798e-17,7.3509064215638e-17,-1.16607116054806e-10,3.68054417079433e-07,3.93628586322e-16,-4.4454731604333e-16,1.65535720604023e-16,-1.10778223497969e-15,-3.3643471038583e-16,-5.01667152766554e-16,-2.17645324143783e-16,-3.37330787082709e-16,4.44556626880734e-10,1.35257204118799e-16,2.53549730751639e-16,-3.19029380871917e-16,1.45169053855884e-16,-9.89466176782391e-17,3.03612469500862e-15,-1.04773300783349e-08,-2.84680463824999e-16,3.43836930740647e-16,1.80404975892833e-07,7.8964910340091e-16,-5.25224868147934e-16,7.21051312556795e-17,-7.0546778800738e-17,8.55443199459828e-09,-9.361998793294e-17,-6.52737346246724e-09,-1.55811786437948e-16,2.93655107973347e-16,2.5861230569123e-16,1.83194088840453e-16,-3.57917766599326e-17,-4.06564734674605e-16,2.50632386718592e-10,-7.63539319633479e-16,8.35713119937242e-17,1.47355658769965e-09,-3.26714287349586e-08,-1.11936670779458e-16,2.36381682797757e-08,3.4955171528437e-09,1.38639364978405e-16,1.51722441144383e-16,1.99640554919301e-16,1.74467111822587e-16,1.61278528256667e-16,-6.61176615322202e-09,-1.75947545307976e-16,-7.25929016253568e-17,-1.02620813279585e-17,2.71394890550703e-09,-6.94036911738261e-17,4.82667196524331e-16,-6.60206458834629e-16,-2.4772436288688e-16,-1.27454871995878e-09,-7.96492614466712e-17,3.86866567376429e-10,-5.39258860480782e-18,-2.07285047572483e-17,2.3266305878481e-16,6.30783191822065e-16,-3.13366996067363e-16,2.40258640269577e-16,-3.49544506472072e-19,-7.004629475139e-09,-3.11210836894375e-16,4.22234468283687e-16,2.97348585279656e-09,1.78225158122019e-17,8.42710559881659e-16,-1.02101819894731e-15,7.01765505532524e-17,3.70978142471699e-18,-1.34047315322332e-16,-4.97213154710719e-07,-4.55807069006246e-16,2.26449380680742e-16,6.68218548855819e-09,-2.90037053299211e-16,1.89460650696312e-17,-1.27222252109586e-16,2.94161992500454e-16,-3.22746969358812e-16,-2.7653989260695e-16,-1.33784948653102e-16,-6.12994784339749e-17,4.3188238521786e-16,-4.42229245994647e-17,1.10097596086111e-16,-3.64753522072446e-09,1.21484644997614e-08,-3.01963332561562e-16,4.03828109523718e-17,2.25847432261318e-16,1.38043108850757e-16,3.65884351895968e-16,1.80118259696737e-17,1.57743652946007e-16,-1.13642384858226e-15,-1.07580467331394e-09,-3.71302420203065e-16,1.82902887068392e-17,-4.13589427725821e-16,3.31316089687485e-16,6.56742107986521e-06,-3.2232834943685e-17,-2.2619708887856e-10,7.92265580935869e-16,6.64155039724873e-16,-2.46413845371341e-16,1.91289720189565e-16,-1.88597002270323e-16,-4.05907220458241e-16,6.86142209863817e-16,1.06332650830189e-15,-6.60988176815498e-16,-1.03918094540122e-16,-5.13345543541338e-16,-1.02361864650166e-17,7.38681725094783e-16,-1.64963758114069e-16,-4.48383448955604e-17,-1.65766895507942e-16,7.06659290925493e-17,-3.23741833977329e-16,2.69710808609978e-16,-3.32341057915213e-16,1.41136017803301e-16,-2.14475192707632e-16,-2.87172085996283e-16,1.39156713815939e-16,1.67972083499264e-16,1.1381884850494e-10,-8.22222939484591e-16,6.56627235582235e-16,-7.2493545817151e-17,6.65950376258798e-16,1.02529655829471e-15,4.85261588003347e-17,-1.01839072257124e-15,-5.77836223685361e-16,9.24681394445783e-17,-3.29600323417436e-16,-4.38356490863046e-17,7.26584710629493e-17,-2.2331611083354e-16,5.2724315728489e-16,-4.06278136974202e-16,-1.71493305450436e-15,-1.09448852834317e-15,-1.51099294112216e-09,3.06335450129061e-17,2.1243186114145e-15,-1.50169588805325e-15,-3.12435648701007e-15,1.46063859197092e-15,-5.16407836915063e-16,1.44839827728678e-14,-7.14870267962017e-15,-2.82015967456274e-15,3.29110533241056e-10,-1.21941066157026e-13,-0.707106781186548,2.48396937027967e-15,-6.90689369401536e-15,1.3100247217527e-14,9.74426809239913e-15,2.07170527289259e-15,5.08021332156055e-16,1.10687524534688e-15,-9.68248118380835e-16,1.10346382930034e-16,-3.86609072838449e-16,2.19036808728059e-16,1.70119385888701e-09,-1.23069792914115e-15,1.68910678005697e-17,6.41823443573039e-17,5.23954252380776e-16,-1.11712529298989e-06,4.75148184512089e-16,-1.72414357632201e-16,2.49893534344859e-17,-2.79191737281116e-16,9.65526284337947e-17,-9.25303001644984e-17,7.59830197154029e-17,-1.31728427461284e-16,-1.97986698712241e-16,-3.16054579495688e-16,-4.91305435095692e-17,5.21272436056633e-18,-1.44022827292345e-16,-1.01097878488337e-16,7.39095079666805e-17,1.73097607534264e-16,3.77769893428059e-17
"t901",-0.00499194469931374,0.0526387832126476,0.0678105804712903,0.0164371507936412,0.0337753313081247,-0.00560452803312892,0.00171985343283007,5.95652579611169e-05,0.000504991756955856,-0.00132801467765816,-0.000386973034571399,-0.000744458194404648,0.0124474342453566,0.112614043388694,-0.0124406741734717,-0.00336260793020527,-0.116626979619386,-0.000855241696266464,0.000200398232671449,0.000148804564624911,-0.000581756030885558,0.000167062937587823,-0.00046219137995344,0.000797028722842223,-0.000126273960920987,0.000392916696190744,-0.00052048960666254,0.00455075557902498,-0.00334001731304835,0.0175774908082038,-7.54565009002607e-05,0.00123158443773537,0.000535600429569761,3.34364070294322e-05,-2.02152587333054e-05,-5.74545170419556e-05,-0.000216101468801283,2.42784391802552e-05,0.000221486503528776,8.60603869659135e-05,0.085163092372773,0.000556530534887157,-0.00022370856527818,0.00026383246992726,-0.000613468460690235,5.17524755817883e-05,-7.904459739257e-06,0.000107560069572764,-9.29115969307363e-05,0.000160509344139449,-0.00016962625268954,0.0364669934907103,8.12877074473419e-07,-8.54026532705207e-06,-9.92496873465522e-07,1.16270066399225e-05,-1.43531355205153e-07,-0.000139230647558,-1.20647825954695e-05,-5.5371989925212e-07,-9.45727269085873e-07,1.38518068820562e-06,-4.2875942261688e-05,6.83465265396265e-05,-2.26833538038658e-06,7.59302841675914e-06,-5.11676243106468e-07,2.82425242031755e-05,-0.0016364032101344,7.2494847752926e-06,-1.55813331521395e-06,3.96264529118588e-06,-1.26745629972084e-06,-7.6227339041441e-06,3.14073496655448e-06,2.71562271761105e-08,-2.41316809199788e-05,9.07573845666157e-05,7.03939029044662e-06,3.32523010077946e-05,-0.187235506478412,0.00158817622219945,-4.3516837279797e-05,-0.000186689707432525,1.0620815631545e-05,0.000303750375364336,-4.58038885279185e-05,-7.25487173204314e-06,-1.61592441388834e-06,6.15118623351897e-05,-1.36227005515084e-05,4.0077418504231e-07,2.72560267027081e-05,-0.000302460381092025,-3.28455922077283e-06,-0.000177747026181799,-2.11296583690943e-05,0.000356884844761281,-0.0544312210807972,0.000272268962185764,2.99223356151169e-05,-1.83744087266674e-06,3.7078200378452e-05,-2.12496956514884e-06,6.96919652238488e-07,-7.62375082349675e-07,-5.1179884237836e-06,6.63256180943354e-07,-9.58353170162296e-06,2.19387469376972e-06,0.0326368880915237,-3.70235281553397e-05,1.05315439314981e-05,-4.26083887961063e-06,1.39458592238218e-07,-3.25577736093646e-06,5.78462803028718e-06,-4.77185758601181e-06,3.847258412796e-06,-0.00019573427753077,2.96120967919203e-06,-6.61113843455054e-05,9.69749516716102e-07,2.50325561097202e-06,-8.61726548664751e-08,-1.43641758839145e-06,1.68830603813474e-07,-9.44288379087723e-07,0.278548096996895,-0.00797218844813924,-4.10465549126746e-06,-8.51436841557371e-06,8.79145621933977e-07,1.32856560602734e-06,-2.37912955687297e-08,-7.61946202256632e-07,-4.91633260375215e-09,-0.00017621484572366,2.4654163286183e-06,-7.17311498886299e-06,-4.80920128931636e-07,-1.47531728454174e-05,4.20585836365881e-06,2.69763221146556e-07,1.02732259308399e-07,-5.95062061389092e-08,-9.87676465895827e-05,5.5852320455586e-07,3.76615593091457e-08,-9.81135123096001e-08,-2.09383990875169e-06,-4.72413231847929e-07,-1.39159948391203e-06,3.90725271476622e-06,-3.72949762982069e-05,-1.16183363742286e-07,1.77193130856251e-06,-2.18012866770954e-05,-8.37193501418422e-07,-2.82041998603832e-07,-2.14350402845626e-05,8.47454663317149e-05,-1.87291227857677e-06,-3.81757270599311e-05,3.06413917575658e-05,-2.65469008709137e-05,0.000214801442313664,4.58898046872138e-06,0.000243678499242776,0.289263463281642,0.000496487013271225,7.66851908150228e-05,-3.56885318708395e-06,-7.94997560762907e-06,-1.58144360255072e-05,-2.43371169512368e-06,-1.3404735158522e-06,4.99951884998453e-05,0.000118842846638675,0.0012657513489905,-0.0302433469222273,0.00133271848284108,-0.302287635753808,3.93081216007329e-07,0.00069091046754664,1.01423906226846e-07,9.3835423298305e-06,9.40226599445506e-08,4.38449431773313e-07,-5.40410515532939e-07,8.30961578010319e-10,-1.68703186981283e-08,-8.45978638317019e-08,-2.24244024811664e-10,-0.00205894766574056,1.33911759252031e-08,2.49278089916465e-08,1.66463009381769e-08,-1.30903767744976e-08,-1.03277499183336e-09,-7.73908783731584e-10,5.28871692702601e-07,-1.03963040801835e-10,-4.4551651867415e-08,-6.76696922028275e-08,-3.53947678996293e-07,5.27267236625338e-08,3.01222025853997e-07,-5.17564219401383e-07,-3.8736834153752e-09,-2.8714414772231e-06,9.59717107774555e-07,-2.912125903258e-06,-3.86924114964102e-07,-3.13628519914321e-08,-2.14265117041051e-07,6.26305528712766e-08,1.12327099158722e-06,-8.43175004418909e-08,-5.14489557994083e-07,-6.25691737782181e-05,4.61675475670858e-06,1.51449796226533e-06,0.000717148170981516,-1.60146845104227e-07,-8.812219241947e-08,-1.28618618731394e-06,-4.27639450498357e-06,-2.56122188420184e-07,-2.19453806997636e-07,6.73403077492028e-07,1.41376764763101e-07,7.99995455397587e-08,1.34456356718346e-07,-7.38833945816597e-09,-1.73857869874394e-08,-6.53852981733785e-07,9.44902439997982e-17,-7.50174789816317e-08,1.07474053810712e-06,-5.43922235009122e-06,-5.79426943848055e-07,-6.69675782195874e-07,1.1299837353622e-07,-1.33300170032572e-07,6.93324205360322e-07,-1.12381958297493e-08,7.41353120093556e-10,-1.70467161981384e-07,1.77822017779385e-06,-0.000566868308724099,5.27659779802025e-06,-3.5074468146825e-07,1.9485277920529e-08,-1.28632279249041e-09,6.16827723591836e-08,-5.90387768202463e-08,9.30428461125164e-07,2.10276513939188e-07,-4.12937446570887e-08,1.93667353518124e-05,-1.974518659463e-07,3.64764566520985e-05,-8.75784180198685e-07,8.57540227813829e-08,-2.93523101245717e-08,5.20975311006876e-09,2.52917834288739e-06,-7.92166434360915e-07,3.91160325151697e-08,4.55739830183402e-07,-3.40557423481722e-08,4.11394018409361e-07,-5.09117134205501e-07,2.22967118369646e-05,-1.52940079118474e-06,1.20369061255413e-06,-8.83926335444531e-08,1.47059542505771e-06,-7.56868941371587e-08,2.93786263401069e-07,6.05512225565838e-17,-7.32844956032406e-07,-2.5151599350087e-08,-3.31424679975955e-11,-2.9178475672422e-07,3.72375555885741e-08,-2.3216224392374e-08,-7.68698327576423e-08,9.17741583287542e-09,-3.90598802500915e-07,1.35862740552625e-06,5.06033665288416e-08,-0.00104161582510877,6.06948518108444e-07,-7.45015433282138e-07,2.44715637852809e-06,-4.25346460313658e-07,7.46995073199602e-07,2.65953403582857e-08,2.02397566062857e-08,1.43168090336051e-06,-1.9736525222275e-05,1.0984830364914e-07,-5.17025674249288e-06,0.0573378827065865,0.0017099863417837,-3.67771404166624e-07,-3.04762431965392e-07,-1.50692013262567e-06,4.33446857360405e-07,1.82099771905864e-07,-1.55258442627951e-07,1.44755327871572e-05,-1.16502457181958e-08,-8.83723519243694e-08,1.05180693326126e-07,-1.82717130914278e-17,2.19597486432144e-10,1.48494086747281e-07,-1.55813238407145e-08,8.07763242263297e-08,1.03379358047293e-08,2.19434391567888e-08,5.50840644958767e-08,-2.10953693332205e-05,3.10263449525699e-07,3.20238443411399e-17,-2.82460687456531e-07,-2.6362295847954e-09,-1.00778024330921e-08,4.79892680087157e-08,8.10219978955385e-08,-5.6327881261516e-09,-2.23531335768235e-07,6.09509152474767e-08,-3.01086398737206e-07,4.12694868342133e-07,-6.44371078922966e-08,-1.56040694471412e-07,-1.94052617674734e-07,-1.18376457123315e-09,-1.58081950085162e-07,9.54079869496518e-08,-1.73547828342364e-07,6.97320613173589e-17,-5.25248088160848e-07,4.15323217818641e-08,1.19702385073861e-09,1.07062441098286e-08,-3.51587338801862e-07,-7.51337250503956e-07,3.85281010326575e-07,-1.40226830657866e-06,-6.95088272331335e-08,2.61212477467103e-17,-1.28434580393161e-07,-5.07784755230052e-08,-1.6539394496163e-07,8.47733907476576e-17,3.2102940685218e-07,4.68407333460372e-07,-7.19985095020943e-08,-2.73895770167009e-07,-9.74885302604924e-08,-6.16754912955549e-08,-0.000105809862954199,3.96835590592187e-08,3.23406774768175e-07,1.89192230930335e-08,9.72587847094214e-08,1.40602661108618e-07,-1.06467337730694e-17,-5.97388322960631e-08,1.9873231208826e-07,1.00615810418655e-06,-1.46281554679036e-07,-1.10046730441302e-15,-0.00955825055464807,1.57097050365593e-08,-4.3187131470034e-08,-3.02078154009242e-08,-1.06072884621516e-07,1.24408295043735e-07,-0.000351031678044535,1.8942023481096e-07,6.93780166143698e-17,7.39769457073863e-07,-1.42055188879613e-07,3.98780141941791e-07,9.40498660218615e-07,-2.5265912028967e-06,-6.42175790308787e-10,-3.58437238223708e-16,4.00386685060926e-18,-6.31078369162665e-10,-8.17920761223652e-08,1.08059507392421e-08,-1.10906159930001e-07,2.17949751912101e-16,-5.53044492178649e-08,-6.76617530947725e-10,-1.01271972325747e-16,5.52927297098802e-17,3.47485161291603e-17,3.00267781658579e-07,0.00234864411028278,-2.43155540447192e-07,2.50052017768086e-07,1.26484986108781e-07,6.51647488777098e-06,-1.21872884555175e-07,-1.78831949345809e-15,-2.87659031474169e-08,8.18714189954487e-08,-1.53522031265834e-16,1.25036581398283e-16,-5.31584835279083e-08,-2.87970713397532e-11,-3.18189579121053e-08,1.73672385847425e-07,3.16972836738313e-08,-1.18735571590167e-08,-1.27904677125595e-16,-3.99755380116252e-08,-1.23065311084061e-16,-1.3665610423098e-07,-4.3213588089841e-16,-3.57851867369971e-08,2.68016296278689e-17,1.47326095554938e-07,3.88148156040976e-08,1.6247834740014e-08,2.13761359156139e-07,1.05944233418537e-07,-1.21854689546798e-08,7.74089357565948e-08,1.73057672897145e-06,1.30777385940022e-07,1.20896360290211e-08,2.72912730665898e-08,-7.70314615066e-08,-1.32338397642654e-07,-1.07564422502496e-08,-3.70226414859723e-08,1.22083675013327e-16,3.47517198188828e-07,-6.00632830878837e-08,3.13043093325525e-08,8.56347440741579e-17,5.49913039589322e-09,1.50118572036189e-07,1.2226168822386e-05,-2.59212240956869e-17,-1.27729124172785e-07,-6.88224268943263e-08,-6.46173832405649e-17,-5.83865510046148e-06,2.04867700077173e-07,4.74693219852894e-18,-1.23166972585437e-16,-7.53898885864037e-09,-4.0486843829826e-08,-2.31038756144811e-10,-3.21141296121018e-07,8.56178309716678e-08,2.5192151972839e-08,2.42810861564651e-08,2.25447363166612e-07,-5.08162370206331e-07,1.07227594858816e-16,1.0496915407106e-09,7.22599650581067e-10,1.99602717652653e-09,1.87004345107448e-07,1.92151071913311e-16,-4.27041499200412e-17,6.16042905153703e-08,1.40906988464009e-17,-1.27842847728106e-16,2.95751961265083e-07,-9.87296406093318e-06,-6.589414006169e-08,-4.46234373117917e-09,2.31609189108547e-06,1.32653893672675e-05,1.47186704828392e-08,3.80791287409398e-17,3.4969883628762e-08,1.63601287425815e-09,7.5112789214577e-09,-7.57834420446748e-08,3.00600696900782e-07,-3.48579255209433e-16,-5.55896062525874e-17,-3.13143869872466e-18,-2.64783568733926e-08,-1.27413716950485e-08,-7.42254542088357e-08,6.3814069033658e-17,-9.80164385069187e-09,1.43507445339891e-16,-1.36488674362083e-16,3.21661270025254e-06,-3.47520817387993e-08,-2.58175642323111e-17,-8.80815893839102e-08,-4.55918670116149e-08,7.0255237631432e-16,1.0381422397979e-07,1.07982121299058e-17,3.8479870253942e-08,2.03109387056396e-16,4.07945812166201e-08,7.31592159160504e-05,1.02878564629392e-08,1.03311519428686e-08,7.28234204411819e-08,-3.70306628509609e-08,1.0324185179983e-07,-9.65346823667592e-18,6.85605897150227e-07,-3.87395711515022e-08,-1.28225261166844e-16,-5.11128056573e-09,-2.68118674316868e-06,2.43079207146988e-08,3.37050585003005e-16,1.78711066493699e-06,1.04054790012514e-07,1.1861587597153e-16,-2.60563475040267e-07,-5.76973620249865e-08,-3.01710262166577e-09,1.42206956368972e-16,-9.70479919836814e-17,1.23761954859761e-06,1.67489103878268e-08,1.35630575140353e-09,-2.2260889577413e-08,1.01755824287672e-08,-1.11936447373432e-16,3.46276774599743e-17,3.72412612803176e-08,2.56782940405615e-10,4.07787819811616e-16,9.04156765863712e-08,2.23722078312276e-17,4.69804351314812e-08,-1.74797425256182e-08,-1.02176216757944e-08,-6.78539308920954e-08,-1.82357926223909e-16,-4.9274693188046e-18,-3.45616083815452e-17,-2.21148440397623e-17,-5.54099342113797e-09,-1.92466727991325e-08,3.81587464607311e-16,-5.36070376182483e-16,2.24799224421925e-16,2.72297617126898e-08,2.4526016082463e-10,-1.35907966766816e-08,-1.52636529965897e-16,4.00131588019353e-16,-5.98706604041863e-16,-1.35014018420622e-05,1.77421318938993e-08,1.58378134453969e-16,3.224645106946e-09,-8.47435438583339e-08,1.87310930245932e-18,2.50235828813588e-16,-5.91702945615848e-08,-1.37577248137665e-08,-2.95180500345248e-08,-3.25810604686558e-16,8.58154031042101e-07,4.9177608392917e-08,5.32255623453941e-08,-4.91212476082517e-08,-1.32689579202126e-07,2.17411869818289e-09,-1.02915536333701e-16,-5.94621706761905e-16,-8.82492846797758e-16,4.30843185992439e-08,-3.90364162815411e-08,-1.47999113550645e-08,-3.06751159610633e-07,2.42601166770048e-16,7.94510252126849e-17,3.19876980425067e-16,-1.74833986951476e-16,1.08073506092196e-16,5.96326444085219e-08,-3.04666186866559e-16,2.20803900947214e-17,-9.81670084592431e-09,2.69782594251115e-16,-8.79571334516483e-09,-1.78719071170569e-16,-1.09216991118201e-08,-2.11159933198942e-16,-1.36569055506927e-08,-1.72320252284421e-09,-1.5924583266981e-07,5.76142311956225e-16,5.69867793913327e-08,3.30725181008913e-16,8.41927736994776e-08,-1.57479149220192e-07,2.22617166834523e-08,-9.40189917674935e-16,1.3119728951882e-07,8.637447061433e-16,-3.39771210702571e-08,-4.33304655534067e-06,-7.43706461545936e-17,3.92722883186342e-16,1.7475465679519e-15,5.96921307661534e-17,-6.75880151537218e-10,-8.92282777953973e-09,-2.02562016264599e-09,2.61463348336872e-16,-2.33015566000772e-16,-2.34184820913867e-08,1.91878645037477e-07,-1.09096517911399e-15,-7.15041481299891e-16,-1.17324317096937e-08,4.38106634664911e-16,-8.63481655184029e-08,-4.84045403885167e-16,2.08619584826073e-05,1.89865199413733e-16,3.27812266993747e-15,2.35313243306393e-16,-4.22364303878581e-16,-1.85522141382397e-16,1.2953534119763e-15,2.64562701471739e-08,-1.86384177512781e-07,6.87377197866363e-16,-0.000767417587068757,6.62167171702652e-07,-3.8638562424558e-15,-2.95779306939584e-15,-2.61504878253417e-15,-8.52174951523326e-16,1.7316240186668e-07,4.85687404814526e-08,-1.59565946121326e-15,-8.1041790771514e-16,-4.66559158362383e-06,-0.398001874996928,7.3519550819395e-08,-2.07413086331331e-14,-3.22344214551575e-15,-4.14231474616752e-15,8.29180960393929e-16,1.54532209328972e-15,4.41160361581101e-15,-1.34295557307066e-07,1.14111108897982e-07,1.98446570898499e-08,5.39741000299969e-16,-7.73160671992268e-16,1.7383904829991e-16,9.779747754196e-16,6.42070650541065e-16,1.07398293261983e-15,1.21385424765325e-15,2.45965733891121e-16,2.63952663270088e-16,1.51162451433252e-16,8.33401695670556e-16,4.93795024660461e-16,-1.7555881322547e-15,1.77057477398635e-15,-2.91586575384222e-09,4.92174310466473e-16,-7.42435959211884e-16,3.43437985259091e-16,-3.50725982565453e-08,4.06619111287389e-10,-1.9740497958539e-16,8.50814919475575e-10,-2.44279417033481e-08,-3.38817954027668e-16,-3.92975118222563e-16,9.0154391789742e-07,-6.47622947919364e-16,-3.042129972831e-10,1.13307461827565e-16,-1.84462520632968e-16,-2.09486977600009e-16,1.7881603178936e-16,-1.16606919887368e-10,3.68054417142595e-07,9.00154217138254e-16,-5.37512892119471e-16,6.75030515493624e-17,-1.90845368090183e-15,3.43576892197078e-16,-8.8763840674009e-17,-2.30686294908514e-16,-5.50846039805244e-17,4.4455642936232e-10,1.65183061545524e-16,7.76302060492301e-18,1.11071311748823e-16,5.33028658736452e-17,-2.26475925391008e-16,2.61467709935514e-15,-1.04773301229313e-08,-1.70436602974523e-16,3.50727635229626e-16,1.80404975850724e-07,2.95576849711452e-16,-1.01189769964037e-16,1.58105894231618e-16,-6.49912664869593e-17,8.5544318839023e-09,7.12836693683254e-17,-6.52737321888917e-09,-2.99757665980795e-16,-1.43012028482926e-16,2.277533200109e-16,5.94096256649517e-16,-1.7654864469431e-17,-4.63647873724257e-16,2.50632403041492e-10,-8.3394723916746e-16,1.08472506073023e-16,1.4735570440575e-09,-3.26714289899063e-08,-3.28209512394948e-17,2.36381678462912e-08,3.49551704588212e-09,3.54613990342897e-17,4.88583986159927e-16,-2.85006163087786e-16,-3.57268843110846e-16,5.83657141958396e-17,-6.61176579658141e-09,-2.90422214977892e-16,8.49293920590524e-17,7.99268843117527e-17,2.71394864936192e-09,9.34508362442244e-17,2.51643746331505e-16,2.19030810595121e-16,1.64997525559342e-16,-1.27454855803745e-09,4.37491656205248e-16,3.86866126386731e-10,-6.09799762341537e-17,-4.45125887479306e-16,4.44001760176889e-16,-3.60624270648547e-16,1.92829035149473e-17,2.94973226259625e-16,-2.21596316097111e-17,-7.00463031583925e-09,3.09046137657153e-16,-3.99712612845575e-16,2.97348591536926e-09,-2.62858957739191e-16,-8.78242198732764e-16,5.31350105575257e-16,1.1651737088025e-16,1.46279377678937e-16,1.89478904964246e-17,-4.97213154625485e-07,4.29375372855065e-16,4.22010370381364e-16,6.68218555258424e-09,-4.53250758533605e-16,6.24428507376293e-18,2.95890711509515e-16,-7.68989557653636e-16,3.30618812117628e-16,2.15711005102249e-16,2.30071944955328e-16,-1.04597141430469e-16,1.61430129303104e-16,-1.18401758609308e-16,-8.7096848955385e-17,-3.64753523923789e-09,1.21484634955397e-08,3.64125428087641e-16,1.15822653566525e-16,-2.01160596170517e-16,-5.43179320248574e-16,-1.59913044178034e-16,-3.75826086551306e-16,2.38600401281922e-16,2.57786849385832e-17,-1.07580508152348e-09,-2.60074873360697e-18,1.26662878492921e-17,1.66129490017204e-16,-4.26147762129144e-17,6.5674210781934e-06,-1.02043145949266e-17,-2.26197007926091e-10,-4.31947953189803e-17,-5.50996731850911e-16,3.0049296887525e-16,5.12255105848904e-16,2.37948110692585e-16,4.67218170145389e-16,-6.74524342969466e-16,-9.08772409604536e-16,5.89408205972296e-16,1.69167973733423e-16,1.84164215280674e-16,-1.12888572858764e-16,-4.03150962796041e-16,6.99266558555958e-18,1.44771810594182e-16,-1.48315077899706e-16,-1.37748785134572e-16,7.87675006331079e-18,-1.34601511156888e-16,2.91509991623366e-16,-3.89438644093215e-16,3.00416400412532e-16,4.45402993161438e-16,-4.16064247620982e-16,-1.7324545333131e-16,1.13819423077132e-10,3.50484339998086e-16,-4.55079790766511e-16,-9.59155177344976e-17,-8.34254894511958e-16,-1.17862266010942e-15,-3.4036668608655e-17,1.3020492189173e-15,4.95755251733313e-16,-8.18426347347359e-17,3.70409114943087e-16,-9.81677304549844e-17,2.62457592047829e-16,1.97010332175502e-16,-5.9785958047637e-16,5.11274299890247e-16,1.72844506669309e-15,1.01427147083992e-15,-1.51099461263093e-09,-1.15369776389566e-16,-1.92629174849833e-15,1.56215420672581e-15,2.71783043340082e-15,-1.12258137277907e-15,6.98575341580267e-16,-1.42844054622535e-14,7.06049712095578e-15,2.77597033545195e-15,3.29120198291219e-10,1.22474808846943e-13,0.707106781186549,-2.58750063059997e-15,6.75409888621168e-15,-1.32753942187015e-14,-9.95365983342878e-15,-2.02380027381096e-15,-5.53476282585947e-16,-9.91631638866738e-16,9.36612515579067e-16,-2.48713846707464e-16,5.34012289344441e-16,-1.1278213655506e-16,1.70119250013657e-09,1.30055999775823e-15,6.35391041372511e-17,-9.30001470352727e-18,-8.74205764202218e-16,-1.11712529300138e-06,-3.98715717888349e-16,6.12541941340457e-17,-2.43778829900721e-18,3.24007128785379e-16,-6.35885134912428e-17,9.49690813076268e-17,5.34953242019705e-16,1.43866626104626e-16,1.40132077217545e-16,2.29853722468582e-16,1.88275629648766e-16,4.10263442301429e-17,-6.91244523706416e-17,-1.56403623776644e-16,2.13366089191941e-16,4.90977610788576e-17,-1.95003870920329e-16
"t512",-0.00499102170663859,0.0526182902986618,0.0677833286323146,0.0164283027152242,0.0337530827269902,-0.00560019894723646,0.00171849898180741,5.95146316195079e-05,0.000504485209426601,-0.00132640106131357,-0.000386377445977221,-0.00074304893393847,0.0124231887802563,0.112391403007427,-0.0124150176197231,-0.0033552683791355,-0.116366406893324,-0.000853296646976237,0.000199932043038683,0.000148428864621123,-0.000580168897892049,0.000166514327214195,-0.000460589928970229,0.000794251577424526,-0.000125832271991633,0.000391477916826883,-0.000518561527590449,0.00453374926002245,-0.00332720662681552,0.0174981266416756,-7.50936788554418e-05,0.00122539913774762,0.000532720933810517,3.32483332031651e-05,-2.00958958919483e-05,-5.70889254880558e-05,-0.000214709435388583,2.41196338219585e-05,0.000220028192415004,8.54855621468045e-05,0.0845784030992029,0.000552619889224833,-0.000222113892438836,0.000261949557108534,-0.000609016281943298,5.13537049948611e-05,-7.84246311044594e-06,0.000106709454801859,-9.21598548230436e-05,0.000159178808141641,-0.000168175023209667,0.0361504608740088,8.05806480849041e-07,-8.46465066581015e-06,-9.83405366459065e-07,1.1519959816699e-05,-1.42088911304721e-07,-0.000137799102725829,-1.19404002696284e-05,-5.4769418558408e-07,-9.35023564504958e-07,1.36920331064715e-06,-4.23738479100201e-05,6.75431314982331e-05,-2.24092463217061e-06,7.49902109190582e-06,-5.05005366662449e-07,2.78659604601239e-05,-0.00161436030817904,7.15003745100502e-06,-1.53471875591348e-06,3.8991351824123e-06,-1.24694714427808e-06,-7.49696025869844e-06,3.08878796473841e-06,2.67033269513557e-08,-2.3727898757986e-05,8.92143201982688e-05,6.91540849498286e-06,3.26584321488213e-05,-0.183812571474474,0.00155899674259631,-4.26881826564406e-05,-0.000183097042917873,1.04072335463365e-05,0.000297570208679336,-4.4861000372929e-05,-7.10524670137432e-06,-1.58258111461392e-06,6.02410505568351e-05,-1.33400189355443e-05,3.92112725057471e-07,2.66648210769167e-05,-0.00029573883764851,-3.20855808902723e-06,-0.000173609613092796,-2.06376876051269e-05,0.000348450222831524,-0.0531377053329626,0.000265664813476221,2.91845499842703e-05,-1.79207017498769e-06,3.616116506322e-05,-2.06857757143199e-06,6.7833055866967e-07,-7.41959618548543e-07,-4.97997411756248e-06,6.45335704312537e-07,-9.32370479454097e-06,2.13408625526545e-06,0.0317459578552913,-3.60027743245599e-05,1.02408428339248e-05,-4.140181150694e-06,1.35488173882547e-07,-3.16199798382269e-06,5.61714174541682e-06,-4.63173306635869e-06,3.73276395432756e-06,-0.00018985085770733,2.87169971081619e-06,-6.40743795328906e-05,9.39503747764242e-07,2.42514474742835e-06,-8.34790700164068e-08,-1.39096111955948e-06,1.6348239570207e-07,-9.14060438323759e-07,0.269366131223351,-0.0077093112523721,-3.96898985551413e-06,-8.22752141633029e-06,8.49417525024088e-07,1.28352021766362e-06,-2.29758257092815e-08,-7.35790579425547e-07,-4.74371805020333e-09,-0.000169916829779315,2.37518224259817e-06,-6.91040533226104e-06,-4.63236080862209e-07,-1.42095738100274e-05,4.05038109111692e-06,2.59778500898321e-07,9.89297767120808e-08,-5.72840313497827e-08,-9.50143816632778e-05,5.36925632098503e-07,3.61989500908372e-08,-9.42671968905443e-08,-2.01169455587153e-06,-4.53813413664926e-07,-1.3366948877085e-06,3.75272851622107e-06,-3.57879617487412e-05,-1.11472656074433e-07,1.69991497079015e-06,-2.08670586632548e-05,-8.00868579191227e-07,-2.69781258519534e-07,-2.04934742375221e-05,8.10149859703471e-05,-1.7893727760126e-06,-3.64702235768778e-05,2.92550131891772e-05,-2.53311548132943e-05,0.00020462156336233,4.37124095264964e-06,0.000232112835195216,0.275471188072225,0.00047268754641757,7.30064123929563e-05,-3.39584471243836e-06,-7.56332199799849e-06,-1.50398719977647e-05,-2.31430779255342e-06,-1.27464875147817e-06,4.7500298767077e-05,0.00011281437943494,0.00120136470364158,-0.0287008251532863,0.00126421155373787,-0.286702244114905,3.72755294648184e-07,0.000655085557286835,9.61163644853325e-08,8.89138487385704e-06,8.89947734340124e-08,4.14988329582875e-07,-5.11307777088359e-07,7.85424853766912e-10,-1.5932535146027e-08,-7.98722366106943e-08,-2.11626901414805e-10,-0.0019424773469139,1.26215984164756e-08,2.34903594812768e-08,1.5679510857078e-08,-1.23273962382155e-08,-9.70928726109693e-10,-7.2750623468224e-10,4.9680299755471e-07,-9.75899315816246e-11,-4.17493089090655e-08,-6.34127023059467e-08,-3.31629184323365e-07,4.93781973601663e-08,2.81997857416846e-07,-4.84102312084865e-07,-3.61924877824004e-09,-2.68045710321383e-06,8.95639105949244e-07,-2.71432640298635e-06,-3.60394904232791e-07,-2.92119466742882e-08,-1.99463415864442e-07,5.82244806899742e-08,1.04397473917972e-06,-7.82554438418142e-08,-4.77036458109554e-07,-5.79948408761956e-05,4.27329452372384e-06,1.40136410252966e-06,0.000663336069008748,-1.47965985572755e-07,-8.14013280812718e-08,-1.18802663237403e-06,-3.94523105963685e-06,-2.36113559679854e-07,-2.02143240825671e-07,6.20052885982252e-07,1.30125760475932e-07,7.36062810318846e-08,1.23698364460332e-07,-6.79071631390225e-09,-1.59699915557451e-08,-6.00219324820253e-07,-8.46775337720021e-18,-6.88001221961551e-08,9.8548423817181e-07,-4.98108706640334e-06,-5.300958261275e-07,-6.12158544198594e-07,1.03288056336874e-07,-1.21659238834154e-07,6.32614279982358e-07,-1.02529235481368e-08,6.7597368514621e-10,-1.55374084803311e-07,1.61963944777846e-06,-0.000516154313762189,4.80391675318917e-06,-3.19099695513453e-07,1.76747699613164e-08,-1.16557024320044e-09,5.58430717412289e-08,-5.33465842586545e-08,8.40606157837388e-07,1.897200378112e-07,-3.72285997418565e-08,1.74412189588393e-05,-1.77758359542002e-07,3.28263345540843e-05,-7.87745573271142e-07,7.70753793136211e-08,-2.63794670279648e-08,4.67309914639478e-09,2.26854861809404e-06,-7.10499033549057e-07,3.5065019956599e-08,4.08461751758091e-07,-3.05038264525281e-08,3.68444075971335e-07,-4.54244611367727e-07,1.98852406733409e-05,-1.36353674509843e-06,1.07232906304014e-06,-7.86978343244293e-08,1.30748358619274e-06,-6.72647677221551e-08,2.61011096778745e-07,1.27465366957363e-16,-6.50367645081356e-07,-2.23176778244455e-08,-2.93941194637103e-11,-2.58492796907549e-07,3.29567227443897e-08,-2.05377654289896e-08,-6.79857443609981e-08,8.09264168519423e-09,-3.44363443560117e-07,1.19774362726883e-06,4.45717917633772e-08,-0.000915154966591557,5.33026242704022e-07,-6.54077928913803e-07,2.14628670479745e-06,-3.71604859724976e-07,6.51539822117106e-07,2.31946020732395e-08,1.76511980864854e-08,1.24343816465869e-06,-1.70585180224139e-05,9.48837855102101e-08,-4.46181396298546e-06,0.049425868820159,0.00147351786182726,-3.15995193061015e-07,-2.61799269521002e-07,-1.29396295271363e-06,3.72089451556743e-07,1.56179950939714e-07,-1.33024549705891e-07,1.23909068788657e-05,-9.96838895455228e-09,-7.5561853339452e-08,8.97991037290584e-08,-3.65384537024713e-17,1.85748322906388e-10,1.2548653019277e-07,-1.31485137141725e-08,6.81613425431342e-08,8.72305471213589e-09,1.85092202010777e-08,4.64326575724089e-08,-1.77682228498839e-05,2.60911458260295e-07,4.9831700423198e-17,-2.36654563862714e-07,-2.20769658181792e-09,-8.43122997074621e-09,4.01437285018115e-08,6.76089981573671e-08,-4.69385935252986e-09,-1.85908918558015e-07,5.06241847372148e-08,-2.49343695734458e-07,3.40846086412719e-07,-5.31261473056202e-08,-1.28523349514624e-07,-1.59733874320254e-07,-9.73346803543896e-10,-1.29966698233982e-07,7.8378442898417e-08,-1.42484670881617e-07,5.04364936982251e-17,-4.29275040718107e-07,3.39112452917391e-08,9.77363795532998e-10,8.71783971267378e-09,-2.86170966386089e-07,-6.08438807359528e-07,3.11547331285148e-07,-1.13357891367059e-06,-5.61284839975217e-08,-1.35919536025143e-16,-1.03580685150669e-07,-4.09328916914059e-08,-1.33090596317606e-07,-4.38451299697679e-17,2.57834019559976e-07,3.76029673144189e-07,-5.77856145549257e-08,-2.19720302722759e-07,-7.81417869014352e-08,-4.94054927058073e-08,-8.47187182809295e-05,3.17279387528797e-08,2.58527308433408e-07,1.51088423775371e-08,7.75350998722602e-08,1.12078997308802e-07,1.63058393737753e-16,-4.74559367180284e-08,1.57775890255818e-07,7.97738213647783e-07,-1.15745190065489e-07,-8.08853571858824e-16,-0.00752969988898217,1.23137894425762e-08,-3.37746504737372e-08,-2.35990164367076e-08,-8.27606082173318e-08,9.6835364861822e-08,-0.000272169843136064,1.45437590494116e-07,1.59531529636945e-16,5.63024432811134e-07,-1.08031871787805e-07,3.02778517584654e-07,7.12476086657302e-07,-1.91369063706392e-06,-4.860852102642e-10,2.67581096169422e-16,-4.89622097875495e-17,-4.75922807764866e-10,-6.14833225397629e-08,8.11957340934896e-09,-8.30912134182492e-08,3.11153071079956e-16,-4.11670296127827e-08,-5.02194916151998e-10,-1.35170763988834e-16,2.72656043787701e-17,-5.70911291479941e-20,2.20821213471999e-07,0.00172517837537439,-1.77873902825704e-07,1.82276050146608e-07,9.21633778008459e-08,4.73028811082382e-06,-8.84283300966332e-08,-1.31385310359752e-15,-2.07103272676486e-08,5.87811948013865e-08,2.08697226462098e-16,-7.9142803052255e-17,-3.77480655909611e-08,-2.03933544375551e-11,-2.24521639673972e-08,1.22246780966206e-07,2.22060520971796e-08,-8.31181511061e-09,1.11966503211134e-16,-2.79544853466674e-08,-5.76884395940813e-17,-9.52713121301773e-08,1.87278984637926e-16,-2.48917581967801e-08,5.55183430719688e-17,1.02182762335804e-07,2.69054927796172e-08,1.11748132021496e-08,1.46771671572962e-07,7.26915429464843e-08,-8.33508070731326e-09,5.28066824632399e-08,1.17312749847116e-06,8.86466843527144e-08,8.1788428172109e-09,1.83964427257808e-08,-5.16723800346251e-08,-8.84046633437395e-08,-7.16190105279815e-09,-2.46104570736154e-08,-1.42530967122787e-16,2.29837423405801e-07,-3.95278392265957e-08,2.03080921510102e-08,-5.63674162630269e-17,3.55234683016954e-09,9.63470420669707e-08,7.82489300352535e-06,1.0476380488407e-16,-8.16298465098577e-08,-4.37292149363357e-08,-7.76688879981409e-17,-3.69915086512792e-06,1.27507497045703e-07,7.865209404485e-17,2.27657800378921e-16,-4.65860047295732e-09,-2.50019235081684e-08,-1.42238001583843e-10,-1.96991394271468e-07,5.2082647233544e-08,1.53136020713557e-08,1.47445352089119e-08,1.3534329977435e-07,-3.02150750724279e-07,1.1739131259951e-15,6.21839512145535e-10,4.27796885365766e-10,1.17904082368745e-09,1.10161769924241e-07,-8.17229029175654e-17,8.90326464594245e-18,3.61539140837683e-08,-2.48425488576815e-17,7.97848819491706e-17,1.69354219316863e-07,-5.62855813290526e-06,-3.75626186458117e-08,-2.51880687676547e-09,1.30556850974343e-06,7.47545793793178e-06,8.27884428949152e-09,4.370018766186e-17,1.92681152318532e-08,8.97329894020732e-10,4.11357974083180e-09,-4.11864482925761e-08,1.61030009443287e-07,2.73839056937052e-16,4.22423127820711e-18,-8.15187909198377e-17,-1.38775915768008e-08,-6.61220212899686e-09,-3.84902942993252e-08,-6.49673484454412e-16,-5.03301963500687e-09,5.97619323183342e-17,4.69774593377821e-16,1.57634836179421e-06,-1.70201281576993e-08,1.19397764244966e-17,-4.26054679024334e-08,-2.18895495686919e-08,-1.69496606403674e-15,4.90670636639782e-08,1.6989973961949e-16,1.78304681961407e-08,6.87858861065876e-16,1.88684531163471e-08,3.37896750685877e-05,4.74392554387517e-09,4.75312078338328e-09,3.33325480218778e-08,-1.66148059715724e-08,4.49685865990016e-08,6.45891282867953e-17,2.86845932320288e-07,-1.61346279442399e-08,2.26237891777408e-16,-2.1158144645174e-09,-1.09732512586278e-06,9.84436652330766e-09,-4.87163411066909e-16,6.96823565753157e-07,4.02528616221339e-08,6.13379265237194e-17,-9.97203038235172e-08,-2.19626036455312e-08,-1.12504215228562e-09,7.71160747393595e-18,1.18051068767035e-17,4.37788181419104e-07,5.78195454944257e-09,4.6580788639716e-10,-6.75195277603676e-09,3.01517922433042e-09,-1.81686430626996e-17,-4.55376901777119e-17,1.08523649600722e-08,7.46678067637402e-11,-7.85440497956313e-16,2.55271063951874e-08,-1.04653424080405e-17,1.28714035309874e-08,-4.58304964736583e-09,-2.67027808043423e-09,-1.75046073422353e-08,-9.00388251719085e-18,-1.54710655243329e-17,1.602444682671e-16,-4.69699731631556e-17,-1.25368261062094e-09,-4.30224373010405e-09,-7.70381163467829e-16,1.11190656755884e-15,-4.05691098232028e-16,5.81402702180429e-09,5.12836951635516e-11,-2.67516200092043e-09,2.11659577665804e-16,-1.24741695109194e-15,7.29593523183386e-16,-2.05409110667291e-06,2.6703805236628e-09,-2.95223107357066e-16,4.24372783620827e-10,-1.04853319884626e-08,8.97309475574699e-17,-5.13411437366932e-16,-6.18764058089339e-09,-1.41704984033754e-09,-2.69481284117305e-09,6.10414050129713e-16,6.09360838323265e-08,2.92245804207031e-09,2.27706974261713e-09,-9.35766640810695e-10,-1.65542468959422e-09,-1.78773833209185e-13,2.70824609399222e-16,1.05273875241385e-15,1.49554696932509e-15,-3.37444995015762e-09,3.10803573470321e-09,1.33972301842476e-09,4.57771525357282e-08,-7.4040765548738e-16,9.69775013957354e-17,-4.97313079879008e-16,3.65071525363126e-16,6.28636357301213e-17,-1.30033144181982e-08,1.44784204502391e-16,4.58927857734562e-17,2.42837976099674e-09,-3.24888552674242e-16,2.18993180454626e-09,4.50891822504522e-16,2.74886702184572e-09,3.92668074461349e-16,4.18658768259673e-09,5.52030196833205e-10,5.44661295408469e-08,-3.03653441008215e-16,-2.10699162736413e-08,-5.07729756803569e-16,-3.66038735494412e-08,8.3400181550354e-08,-1.18879689065455e-08,2.39446137339894e-15,-7.561949782797e-08,-1.55669344659266e-15,2.20355126813417e-08,2.82624564457453e-06,5.63618296713366e-17,-7.60666577330096e-16,-3.25971180971089e-15,-3.09551394393183e-16,4.84858631386842e-10,6.56248578428418e-09,1.53336576665123e-09,-5.63610237318124e-16,4.24744051263609e-16,2.03251770445336e-08,-1.67543096414818e-07,2.4210193634958e-15,1.07110024388951e-15,1.21312607945957e-08,-9.69212516632708e-16,9.25664541651813e-08,1.35549571608466e-15,-2.48404151788797e-05,-5.07586924570273e-17,-5.9306532921526e-15,-4.81251843139035e-16,6.42749306228482e-16,2.38851064324061e-16,-3.36336702262687e-15,-3.91424270819736e-08,2.76557466846617e-07,-1.40170762269598e-15,0.00123092748622919,-1.09773693484763e-06,6.59741782630996e-15,6.07933432843547e-15,5.28854611248021e-15,1.6313932390783e-15,-3.32092419919235e-07,-9.6458460824694e-08,3.17941940057569e-15,1.62759910391773e-15,9.63863578019256e-06,0.826495632941323,-1.55372149927612e-07,4.28553273231656e-14,6.66476984319937e-15,8.6388388188258e-15,-1.49951262783438e-15,-3.72349294666387e-15,-9.21225933070238e-15,3.84593470276012e-07,-3.36978304556284e-07,-6.0445917336588e-08,-1.08062828183967e-15,1.40204354191947e-15,2.53569894582051e-17,-2.34565772911555e-15,-1.09912006214894e-15,-2.35365014875466e-15,-2.5491501666357e-15,-6.2601425422478e-16,-6.27763247773838e-16,-2.50596102794586e-16,-1.65935812936791e-15,-7.52067127529322e-16,2.79971557045343e-15,-2.32328514885911e-15,1.66498912784507e-08,-7.23307810117541e-16,2.10706604554038e-15,-7.40445521842721e-16,2.22875922937934e-07,-2.65176970896329e-09,6.2807878662538e-16,-5.6399265895564e-09,1.8796015026089e-07,9.45674418366158e-16,9.29449120523288e-16,-8.58979982165645e-06,1.53169522848798e-15,4.01524098635426e-09,-1.1564175173027e-16,2.91535134769193e-16,1.9241206058544e-16,-1.11311026167189e-16,3.56592579671524e-09,-1.23095437631346e-05,-1.42565339075517e-15,6.03474000618839e-16,-3.16087710343972e-16,2.67537114996324e-15,9.6710833785707e-17,6.5485544517353e-16,5.44540637247782e-16,8.24248798623153e-16,4.57741666935487e-09,-3.42832041954954e-16,-2.09490195825516e-16,1.00414225071267e-17,-1.50089631705934e-16,2.19790779442597e-16,-6.53558610839233e-15,-8.68521644589876e-08,4.3476724696145e-16,-7.66469813341665e-16,1.44511792425483e-06,-1.19952393787408e-15,6.22460641749012e-16,-2.61730114895821e-16,4.64630968854635e-17,4.98888392137937e-08,6.22920178867011e-17,-3.63988068019288e-08,4.22504139421296e-16,-1.90770171032294e-16,-5.99019242422534e-16,-9.14844260959332e-16,5.34324155978566e-17,7.557161312189e-16,1.28572008258661e-09,9.87936129172002e-16,-2.48017464943148e-16,7.13459673384935e-09,-1.57746250655705e-07,1.24136365755635e-16,1.09010669228814e-07,1.58996664187021e-08,-1.03340395316925e-16,-6.7572245366414e-16,8.11862654589214e-17,2.6198739267439e-16,-3.83431312482953e-16,-2.52449225197577e-08,3.4863041241689e-16,1.73984691871524e-16,-9.43029059146716e-18,9.97574868703202e-09,-1.66050306186029e-16,-7.16634879728069e-16,1.82430632997685e-16,9.63779827008601e-17,-4.47078903676521e-09,-3.61801442436549e-16,1.33854737417242e-09,6.7335430648274e-17,6.40081386224958e-16,-8.28321582141138e-16,-1.86693681858958e-16,2.11413645732539e-16,-4.91596096366677e-16,-2.2249757641895e-17,-2.26545145538139e-08,-1.82362668869788e-16,3.01728928736006e-17,9.46867683144504e-09,8.71859733093346e-18,6.23002971253169e-17,4.9354482333513e-16,-1.59834396767998e-16,-1.87662002879208e-16,6.58035450336876e-17,-1.51203761740648e-06,3.9297886991884e-18,-6.500473904956e-16,1.99303845443351e-08,5.57723386230675e-16,-5.2874776829026e-17,-3.4803766403562e-17,6.24524935325119e-16,2.00578803017504e-17,6.2640731132391e-17,-8.51772388582332e-17,3.70475902430175e-17,-5.92511969079969e-16,1.35400446832942e-16,-6.25142398679233e-19,-1.01861617792744e-08,3.3677441502441e-08,1.0421449721937e-17,-1.4666861468854e-16,-5.85689424023378e-17,2.8927064693788e-16,-1.77470343108721e-16,4.26397780710114e-16,-3.1869256714351e-16,1.25532502835738e-15,-2.87491665355322e-09,3.70419886483962e-16,2.1647885395662e-18,2.44609252694696e-16,-1.93746126081928e-16,1.70473651805803e-05,-6.22240627944302e-17,-5.69377132827462e-10,-2.31706379724841e-16,-1.62589057752049e-16,1.59180447284057e-17,-3.32691633476161e-16,-3.16982089773963e-17,-8.45585540418723e-17,2.62063879221147e-17,-1.95456235499557e-16,6.53182857189271e-17,-7.60288414324591e-17,3.19009460454113e-16,1.84616557183798e-16,-1.16101355693244e-16,1.24352852628715e-16,-1.92864825863012e-16,4.53450651224736e-16,6.52938047726676e-17,2.01847331884535e-16,-1.68836466094968e-16,1.94221119511349e-17,2.80462773231266e-16,-1.19017613221687e-16,-1.8146860119362e-16,1.86711744385436e-16,-5.34125950262278e-18,2.59848859247219e-10,4.21708243649434e-16,6.55747753995789e-17,2.07793116780334e-16,-1.43009638043998e-16,1.61331735215578e-16,1.85972577718574e-17,-1.12268152620723e-16,1.33215098981649e-16,2.52620140356671e-17,-2.10179942749579e-17,4.77387769072524e-17,-4.25920886859281e-16,4.77660161613079e-17,6.14974526187537e-17,-3.14863002734192e-16,-1.14545782258598e-16,1.36813103487952e-16,-3.2653340319232e-09,3.95162858341963e-17,-2.22447256532689e-16,-4.65467505113227e-17,3.57788181347815e-16,-2.39884038237346e-16,-1.75748287980862e-16,-1.2122258366436e-16,2.98480575319567e-16,3.00785910211663e-18,6.76955726775753e-10,7.37334911670523e-17,-1.16016503370301e-16,1.07911634873609e-16,8.81439409803242e-17,2.05841663095344e-16,2.88007712162684e-16,-2.43500731234938e-16,-1.44834415465245e-16,-1.64453803138842e-16,5.91141244250138e-18,1.18773241268381e-16,-9.5756641281743e-17,-1.11338321480919e-16,3.34986730389431e-09,-3.64050000063427e-17,-8.79934764822637e-17,-3.06222486876875e-17,-3.30925608096888e-16,-2.15929824230808e-06,-7.35044033374657e-17,7.35429079469109e-17,3.33283840348597e-17,8.79577586105986e-17,7.87252828226346e-19,-1.56677439154642e-17,-1.12412529650212e-16,9.14199421603649e-17,8.61342634256094e-18,6.7719563682631e-17,-3.42651069517004e-16,7.17754603192887e-17,9.01915121486638e-17,3.02481940884858e-16,-3.36216185867872e-16,-4.43782527829306e-17,-2.39130837497705e-16
"t304",-0.00498583515338028,0.052502828510791,0.0676297603698612,0.0163783536666953,0.033627287496934,-0.0055756854740963,0.00171082787528741,5.92276680149195e-05,0.000501608175724689,-0.00131721055598288,-0.000382970613318277,-0.000734949669759935,0.012283743580611,0.111110409761036,-0.0122672300212207,-0.00331292245035648,-0.114861975507944,-0.000842060738575869,0.000197237129046453,0.000146251214117715,-0.000570944069424475,0.000163301366485066,-0.000451187575014411,0.000777942174590066,-0.000123237873335943,0.000383007642484092,-0.000507203998048665,0.00443352662069677,-0.00325160679358293,0.0170253073233323,-7.29231770539745e-05,0.00118828465841247,0.000515355342982344,3.21100527909199e-05,-1.93705569922434e-05,-5.48524753113064e-05,-0.000206184130613993,2.31456384617032e-05,0.000211078323973061,8.19528534742534e-05,0.0809752157410454,0.000528462820417985,-0.000212248373809362,0.000250299373987583,-0.000581419887419394,4.8865383120473e-05,-7.45480317795175e-06,0.00010138542119177,-8.74416831400363e-05,0.000150802788737363,-0.000159002138659062,0.0341459190681398,7.61017215793382e-07,-7.98451804126174e-06,-9.25403457054941e-07,1.08365318225009e-05,-1.32757669652852e-07,-0.00012850430381616,-1.11324499887876e-05,-5.08193335429091e-07,-8.64361100788214e-07,1.26335334643916e-06,-3.90378989570731e-05,6.22014402354266e-05,-2.0576825670009e-06,6.86747863648426e-06,-4.59694108851772e-07,2.52953164459766e-05,-0.00146353030214029,6.46667070671903e-06,-1.37009951720004e-06,3.44451593908531e-06,-1.09972438156892e-06,-6.58881037065335e-06,2.71342741631841e-06,2.34223895348731e-08,-2.07998071793526e-05,7.79681922209686e-05,6.00134761161096e-06,2.82594424170739e-05,-0.158250933030934,0.00134070462231223,-3.64071721538266e-05,-0.000155756185679292,8.75323192131857e-06,0.000249478088730165,-3.7487469439659e-05,-5.93421667245433e-06,-1.32156734888741e-06,5.0287798042328e-05,-1.11218041390628e-05,3.22901413000098e-07,2.19326765510677e-05,-0.000241316712351058,-2.58062750474725e-06,-0.000139319639842408,-1.65597498166329e-05,0.000277978504179642,-0.042298144513647,0.000209691353286838,2.28725094416964e-05,-1.40357988821038e-06,2.83015294212297e-05,-1.56349692457595e-06,5.1126503186954e-07,-5.57988126165342e-07,-3.7303056361715e-06,4.82854373864405e-07,-6.96228033724476e-06,1.5887269778482e-06,0.0236097069898019,-2.6614629769905e-05,7.56491153119772e-06,-3.00821422980664e-06,9.80854489799281e-08,-2.27048329402514e-06,4.01835345633483e-06,-3.27873023320994e-06,2.61479699580322e-06,-0.000131908845055926,1.98583487885831e-06,-4.35644474892383e-05,6.31490903810576e-07,1.6293409094907e-06,-5.59911684334447e-08,-9.21529377501455e-07,1.08195965565084e-07,-5.98313570985529e-07,0.170473727281383,-0.0048770599420017,-2.50359187754808e-06,-5.06216630073709e-06,5.19965554198159e-07,7.82766491139902e-07,-1.37931608517797e-08,-4.40731583825294e-07,-2.74108322453263e-09,-9.51178643685336e-05,1.26729669303787e-06,-3.68177827325565e-06,-2.44628048785831e-07,-7.46945924121157e-06,2.1132234532824e-06,1.35142461177777e-07,5.14634265705086e-08,-2.91675500699821e-08,-4.61926846957628e-05,2.47643521232e-07,1.64612687574566e-08,-4.14833304641169e-08,-8.82869761222208e-07,-1.96547324903356e-07,-5.74335104145394e-07,1.59762937820816e-06,-1.38717134810071e-05,-4.24898857347191e-08,6.40095030439162e-07,-5.33325266508917e-06,-1.76627829017534e-07,-5.79846174219187e-08,-3.74418272807945e-06,1.42442916640179e-05,-2.33500485440117e-07,-4.54782902858538e-06,2.21506244445357e-06,-6.02383272671142e-07,-3.26653067164155e-05,-7.30931675069532e-07,-3.92673873141591e-05,-0.0549395000959019,-0.000111888830222488,-1.76858069511346e-05,1.09761821740221e-06,2.65216200050812e-06,6.22138787281783e-06,9.95108318755865e-07,5.5890887069016e-07,-2.91784485695553e-05,-9.5178305053662e-05,-0.0010686753465384,0.0268459344822714,-0.00137062950399614,0.329003216099753,-4.52262297030054e-07,-0.00083784608141843,-1.4706121431355e-07,-1.42335687674553e-05,-2.15647651683439e-07,-1.02052302270519e-06,1.4675404965401e-06,-3.7216514504583e-09,1.36156713580274e-07,9.0857592431176e-07,4.47341686120174e-09,0.102502366083796,2.2139724617492e-07,3.2619665560738e-07,1.53317388574102e-07,-1.05635466478416e-07,-4.52803501517111e-09,-3.32927285678539e-09,1.95886320119429e-06,-3.41946963649189e-10,-1.18410292897385e-07,-1.79707741803877e-07,-9.25027042470465e-07,1.31584281858107e-07,7.29678008811461e-07,-1.16735421565941e-06,-8.09796149390731e-09,-5.69118047879399e-06,1.87329111879098e-06,-5.33579577257839e-06,-6.86863618770479e-07,-5.56301924528546e-08,-3.71356377193516e-07,1.02854296842057e-07,1.82696002773961e-06,-1.30673555605755e-07,-7.73252382428755e-07,-9.30873110295754e-05,6.60068777160758e-06,2.14587596761194e-06,0.00100630914949546,-2.18399385550603e-07,-1.19507038180728e-07,-1.74189218268692e-06,-5.62462652709419e-06,-3.31165379787804e-07,-2.78557551317965e-07,8.47767257855445e-07,1.76492152023142e-07,9.9094438374373e-08,1.66184538975483e-07,-8.95113050029079e-09,-2.08074604362066e-08,-7.72382585478048e-07,2.21976493233107e-16,-8.69967144402216e-08,1.24181907001941e-06,-6.12992123128136e-06,-6.40754242628495e-07,-7.29193142975457e-07,1.22927391601872e-07,-1.40944535443138e-07,7.29600764446815e-07,-1.18003021182274e-08,7.70321364517249e-10,-1.75878920132313e-07,1.81111144055232e-06,-0.000574052169443973,5.33083540201709e-06,-3.49785191235587e-07,1.83943919499812e-08,-1.19049945386697e-09,5.61421115113981e-08,-5.17778921153846e-08,8.13808095117315e-07,1.79057982464315e-07,-3.4627341781364e-08,1.58807745003345e-05,-1.60732950756911e-07,2.94646986652232e-05,-6.99808648125771e-07,6.74127331065969e-08,-2.30308754441069e-08,3.9144806378448e-09,1.89841676772053e-06,-5.9392025388684e-07,2.89693376076287e-08,3.35963956219377e-07,-2.47333568742624e-08,2.97939970593814e-07,-3.34130796525744e-07,1.44607749756885e-05,-9.82469810338861e-07,7.56007515089139e-07,-5.44914226600745e-08,8.67256039030832e-07,-4.40350346270397e-08,1.69069104522828e-07,-1.21683388617671e-16,-4.05547339109862e-07,-1.38443129694856e-08,-1.79216543228325e-11,-1.50949950813338e-07,1.84944166284119e-08,-1.12982141261489e-08,-3.7024454880886e-08,3.79922682346786e-09,-1.59905623000658e-07,5.54511765764915e-07,1.95727017816616e-08,-0.000335688230422049,1.88431362618987e-07,-2.25079848600047e-07,6.70089414096041e-07,-6.50702876119058e-08,7.07151470245572e-08,2.422719813167e-09,1.82215796572679e-09,-1.19855006245368e-07,7.25021399860809e-06,-4.54610692129704e-08,2.52286813546611e-06,-0.0337976710922394,-0.00106636828276455,3.63137168426038e-07,3.11599542956703e-07,1.64327849735302e-06,-4.94187248228872e-07,-2.41171627345859e-07,2.4486165552589e-07,-2.71691685084561e-05,2.37129627896617e-08,2.0831920867884e-07,-3.59139125331879e-07,7.65270038726053e-17,6.29850048866954e-10,3.6103281024116e-07,-3.06005747063517e-08,1.57711448179143e-07,2.00601668359371e-08,4.06013805280627e-08,9.34881175910767e-08,-3.2456521827929e-05,3.95046922246495e-07,4.5122279449219e-16,-2.35042415774326e-07,-2.07513937714992e-09,-7.01009617320042e-09,3.28755536156358e-08,3.89458041118425e-08,-2.12033268516141e-09,-5.25971029497396e-08,8.57826100081023e-09,1.85691022232038e-08,-1.03553527464474e-07,2.42245458298641e-08,6.99769694156135e-08,9.59417451517899e-08,6.84275515746159e-10,9.28627642774822e-08,-6.18830953326047e-08,1.20996670234478e-07,-1.18303949056385e-15,5.76034856995561e-07,-4.94072010519969e-08,-1.4251076291265e-09,-1.58386172629656e-08,5.3675600810848e-07,1.65831553595368e-06,-9.4218750855539e-07,3.49932583319745e-06,1.87313335847553e-07,2.27208824330559e-15,3.78068940745165e-07,1.54512874069957e-07,5.70640801957514e-07,-3.04677124468994e-16,-1.27437847458934e-06,-1.92357690336345e-06,3.00960772216635e-07,1.18803531217265e-06,4.50409489450293e-07,2.99087291995686e-07,0.000533287053094386,-2.25111597048796e-07,-1.86130805672239e-06,-1.18663357766922e-07,-7.16955677129124e-07,-1.04548027384157e-06,-1.87715690300723e-15,6.45358980646649e-07,-2.31580392578766e-06,-1.40831915879437e-05,2.8760722600555e-06,9.47805508427459e-14,0.880894619426059,5.56049169688414e-07,-9.77766717165982e-07,-5.89133580097518e-07,-1.78127772896612e-06,1.6758657746808e-06,-0.00364133070915177,1.31639244617508e-06,1.14572803621333e-15,4.13167111896968e-06,-7.81097581330757e-07,2.12529875106631e-06,4.81335512671466e-06,-1.28922323805931e-05,-3.24142812024668e-09,5.37439016901065e-16,-2.5565172868208e-16,-3.00476621549367e-09,-3.71998873970922e-07,4.88810181452853e-08,-4.83308620883172e-07,2.34188525983983e-16,-2.24113794988846e-07,-2.66378363259028e-09,-2.40863480323847e-16,-3.392684878791e-16,-8.16398252415081e-16,1.09142547985268e-06,0.00845894105948629,-8.49700027621487e-07,8.53116283253834e-07,4.30365990941459e-07,2.16489449349936e-05,-4.03807315742902e-07,-5.8266602686923e-15,-9.12085488108181e-08,2.55889904279027e-07,2.80333950227417e-16,5.4088811701784e-16,-1.57819849188841e-07,-8.45277724162355e-11,-9.20360652943271e-08,4.97591051467197e-07,8.92389216161956e-08,-3.3336478463458e-08,-4.71251937706948e-16,-1.11819360822213e-07,5.27151395869343e-16,-3.78263915873071e-07,7.20730170423317e-16,-9.83107373629305e-08,-5.89539572282879e-16,4.00980984764968e-07,1.05447350768138e-07,4.31094490480413e-08,5.64431475976219e-07,2.79185733642855e-07,-3.1838290543179e-08,2.00796368211703e-07,4.41688739113514e-06,3.33731509761933e-07,3.07031940342687e-08,6.87128378878566e-08,-1.91781387844396e-07,-3.26475703231406e-07,-2.63501815704707e-08,-9.03869311767861e-08,-3.005256444317e-16,8.39725391700132e-07,-1.43744223628758e-07,7.30095756655573e-08,8.15454752607691e-17,1.27345695034446e-08,3.4402645599212e-07,2.7896902438137e-05,3.43745994046063e-16,-2.90798067697544e-07,-1.55334823553987e-07,2.70911535176807e-16,-1.31230340810824e-05,4.49478467616371e-07,-4.36205452659892e-17,-1.40460426898086e-16,-1.63920763222036e-08,-8.79605878401301e-08,-5.000874125e-10,-6.92120713863632e-07,1.82762928825757e-07,5.37321705402244e-08,5.17293015664332e-08,4.74411768247634e-07,-1.05891080807676e-06,1.19184311942258e-15,2.17939774696788e-09,1.49934752388227e-09,4.13260976472917e-09,3.86169157112477e-07,-8.25142505124684e-17,-4.97330357779562e-17,1.26764272238147e-07,-6.82108889882339e-17,2.5966269009294e-16,5.95515209088662e-07,-1.98073481526381e-05,-1.32188106947513e-07,-8.88134931420543e-09,4.60480367941171e-06,2.63679830033304e-05,2.92139837992658e-08,-1.22649074067502e-16,6.83532844708192e-08,3.18750394484744e-09,1.46189627412252e-08,-1.46719805985631e-07,5.76452252069068e-07,2.60741170546543e-17,2.23865111164214e-16,1.32901737689805e-16,-5.00918634381685e-08,-2.39641371088313e-08,-1.3954244975813e-07,-5.01695835378568e-16,-1.83239569029431e-08,2.11561971578355e-16,2.04702777214385e-17,5.86792341915265e-06,-6.33772558139237e-08,-6.97413047451301e-17,-1.59674507732362e-07,-8.23610484506434e-08,-1.13198263045797e-16,1.86202894502621e-07,2.67589555137562e-16,6.84247017450682e-08,1.74768584308316e-16,7.24843286336289e-08,0.000129911904438866,1.82561405248125e-08,1.83155734690771e-08,1.28829213586344e-07,-6.49836474598998e-08,1.79131563167438e-07,5.55095375482656e-17,1.17267409855878e-06,-6.61588929608883e-08,2.24168760334369e-16,-8.71103805643113e-09,-4.55233156104349e-06,4.11315509640339e-08,-8.31471791267475e-18,2.98865919883663e-06,1.73606193466892e-07,2.04652555340441e-16,-4.33363278326241e-07,-9.58117595079068e-08,-4.98112357818384e-09,1.0000795817157e-16,-1.64667718554106e-16,2.01482255316907e-06,2.71011965245691e-08,2.19185681570279e-09,-3.49928024587407e-08,1.59207013480329e-08,1.04365025211087e-17,-3.90555242218269e-17,5.80778093710551e-08,4.00287461861111e-10,-3.1240429380422e-16,1.40161563598007e-07,1.33584326999805e-16,7.24318286749982e-08,-2.67445414152515e-08,-1.56247092999128e-08,-1.03537660762334e-07,-1.30407140261097e-16,1.89636023724946e-17,-2.54773108366556e-17,-1.45665968180562e-16,-8.2869216454807e-09,-2.87357515875514e-08,5.23505237998869e-17,-5.19832403783444e-16,1.11315497197645e-16,4.04024069391508e-08,3.62913868084556e-10,-1.99592689311967e-08,1.49710531855789e-17,2.27004829864152e-16,-1.23646481508394e-16,-1.92984227874792e-05,2.53352484975302e-08,-1.36480778616166e-16,4.55305788169262e-09,-1.19096357290386e-07,-5.70350834697411e-18,-1.90851452825947e-17,-8.22202959930568e-08,-1.90993863931902e-08,-4.06977495904243e-08,1.92762913961257e-16,1.16919258915069e-06,6.65503385739275e-08,7.13329338034177e-08,-6.49302087123474e-08,-1.7472549328889e-07,2.84208665728609e-09,-1.68663763536145e-16,-1.52634210423526e-17,-1.0501450414577e-16,5.3820504916278e-08,-4.87271230181588e-08,-1.83570553503789e-08,-3.67633036441551e-07,-1.90711510682441e-16,-3.66301179625748e-16,-1.60591905431621e-17,1.37486528269065e-16,-3.71142812328832e-16,6.86132850574696e-08,-7.76891180846072e-17,-9.4025346913377e-17,-1.10982423802895e-08,1.31909939614555e-16,-9.93435907955137e-09,8.17172085354414e-17,-1.23154180659614e-08,-9.44546454080376e-17,-1.48941478274754e-08,-1.86342545741264e-09,-1.69907639799884e-07,5.75523002280149e-16,5.97577449082133e-08,-1.21484843257735e-16,8.47019758421859e-08,-1.48802147719158e-07,2.09722757567523e-08,1.18692299024144e-16,1.20056543277206e-07,-1.95427481728434e-16,-2.95425101127255e-08,-3.75738835172364e-06,2.28119434739035e-17,-1.52248444173531e-16,-4.66296824652752e-16,3.53563407078168e-17,-5.58523939442082e-10,-7.27286460898649e-09,-1.62394603020547e-09,-2.73693402772407e-17,1.48198440747705e-17,-1.71691878881692e-08,1.400546444468e-07,-1.48189787837207e-18,-8.44213008536909e-17,-7.41087091768044e-09,8.03256981391883e-18,-5.25502195862354e-08,1.33951933307295e-17,1.12005169864851e-05,2.90703456344047e-18,-1.68686144518725e-16,9.96629022565156e-17,5.1388972457681e-17,-6.74054442504351e-17,-7.61073350316835e-18,9.63220485091264e-09,-6.73831668779432e-08,-3.85859309957418e-17,-0.000222679893668257,1.71038964670443e-07,-2.12664362647432e-16,-1.91586358294984e-16,5.58032572944195e-17,-8.95472554471068e-18,1.81689446715104e-08,3.14883352218663e-09,-1.28238821611012e-16,-1.08231918795145e-18,-8.37376653938735e-08,-0.00464233546594099,-7.25622623013256e-10,-2.33492932843731e-16,-1.22239552476275e-16,-4.64189565341438e-18,-1.71739987201722e-16,2.28384972520641e-17,1.25728024990254e-16,6.00972953208992e-08,-5.69808520064723e-08,-1.09788430465758e-08,-2.74892729277076e-17,1.60439803229819e-16,-6.17212056001634e-17,7.06438697507132e-17,1.79781700645311e-16,-1.40087068357989e-16,1.85645836309431e-16,-2.38756757496969e-17,3.42328899557009e-17,5.29570029568647e-17,1.78000485547379e-17,5.68729644877028e-17,3.8386241049618e-17,2.32312381952545e-16,6.09326525679765e-09,-5.17332946924505e-18,-2.70660435787495e-16,3.36957627453966e-18,8.62790608000795e-08,-1.03923484842922e-09,7.84552612342526e-17,-2.22694331746784e-09,7.88753308803944e-08,2.08365313780735e-17,2.58891272098518e-16,-3.85857153802999e-06,-5.12193126386259e-17,1.94162429477551e-09,2.00506684546694e-17,-3.23022013010279e-17,4.41876154152946e-17,2.0965591351643e-17,1.9039769963406e-09,-6.61266262952504e-06,9.79431655096208e-17,-1.47942582096946e-16,-5.54569386725925e-17,2.05779023471282e-16,-6.21335936260708e-16,-5.90511773576829e-17,3.4617533164914e-17,2.06803752690043e-15,3.12679300568076e-09,-2.64070841860878e-17,-7.35868131824451e-17,-1.2177649796913e-16,3.7011909143624e-17,1.03890560835604e-16,1.95371508724737e-17,-6.16301778677201e-08,3.17211761193123e-17,3.27710861600548e-18,1.03227424451119e-06,-4.87820239973394e-17,6.58978176897729e-17,-6.68795495289786e-17,6.25985442285717e-17,3.82282509312862e-08,-1.0986698141713e-17,-2.8207123430385e-08,-7.72206932447167e-17,1.51293290784724e-17,-5.19568753614508e-17,-3.30691257903184e-16,3.49706669168336e-17,4.37400900548226e-18,1.01842669665496e-09,2.58747210976843e-16,4.08311678135885e-17,5.74191732600517e-09,-1.27053402769588e-07,-5.23923886253673e-17,8.89557204202194e-08,1.30265003978354e-08,-6.78622740539811e-17,4.77745356257177e-18,-5.47641518103471e-17,4.27817869293026e-17,-4.9864852362415e-17,-2.18259577832021e-08,-2.09318309944948e-16,-1.73880759666509e-17,-5.57474880084939e-17,8.73245388163498e-09,1.70202077441591e-16,5.52219800824029e-17,8.75756560137462e-17,-6.1511962426175e-17,-3.97522403334108e-09,-7.79190247498115e-17,1.19572730535793e-09,-2.16167374064128e-17,4.88219876551054e-17,2.16896877015918e-17,-1.45742593876978e-16,-5.14027020658359e-17,1.74086696665268e-16,-4.50070338112254e-17,-2.07158951125527e-08,-1.28624419479456e-16,1.299180484772e-16,8.70608085909973e-09,1.13849226517733e-16,8.71179080008683e-17,-1.66309420065185e-16,4.25772747163898e-17,4.71569689246658e-17,-1.54233980919497e-16,-1.41340981197344e-06,1.42471217535211e-16,-1.74092916309913e-16,1.87622838709997e-08,7.16968818980614e-17,3.02818110325522e-17,1.40931720535964e-16,8.38582200726253e-17,1.18037742559683e-16,-8.76383785967941e-17,-1.66420280148639e-17,-4.88319320957711e-17,-1.05701786470161e-16,-8.52678791985405e-18,-6.16047868596592e-17,-9.82583779169807e-09,3.2576048370209e-08,-1.01135825090055e-16,1.02632958217851e-16,6.98908123563062e-17,-9.74865893888843e-17,-8.15184508437539e-17,1.95014172935969e-17,-3.37136868737017e-17,1.28423193971308e-16,-2.81981134055279e-09,-1.10641942688509e-16,-3.8735595622004e-17,3.85229215394227e-18,-3.78146052063911e-17,1.69080797854103e-05,5.6768665862682e-17,-5.71485843290957e-10,1.10181471479947e-17,9.60786702872872e-17,-2.06442078720131e-16,1.7069975269022e-16,-1.17635154623679e-16,-4.25518471120492e-17,2.54743306893797e-17,-1.01160636987838e-16,-6.01289769973655e-17,-1.82189543242816e-17,-1.19006531739665e-16,1.68309608796628e-17,-1.61821978045111e-16,-4.60100040257807e-17,-1.15791953448946e-17,3.45278180517717e-17,2.29354197334693e-17,2.17207204685227e-17,-2.21030931074781e-17,-1.26890611229017e-16,-1.06258589167157e-16,-1.32900706595847e-17,-1.90846799307639e-18,-8.96916126274334e-17,-1.59002196367818e-17,2.71042544997851e-10,1.32765294921451e-17,-4.37677751626028e-18,-2.37106866651494e-18,2.02948986115065e-17,6.10163419002001e-17,-2.58223847509768e-17,-5.13851199366279e-17,2.64348457618259e-16,3.69579229576735e-17,4.79062715658532e-17,-5.58255698612786e-16,3.06748542827129e-17,3.02982821092749e-17,-1.14154739365099e-16,-3.87604912301189e-17,2.49315013167251e-16,-1.66208328329745e-18,-3.48165124134748e-09,2.72024408812968e-17,7.68950588548082e-18,2.8944310389256e-17,-2.96879541066231e-16,-3.43475690697885e-17,-1.68095436611668e-17,8.40055833111961e-19,-1.31979760031978e-16,-5.55670225481408e-17,7.36292833556724e-10,3.07428309025812e-17,8.43853302904322e-17,1.75498276851957e-16,-4.81767150629996e-18,-5.04672725550046e-17,-1.80543861833476e-16,-7.81830179870927e-17,-2.87922128499938e-17,-3.01685227747202e-17,5.76028397866004e-17,-8.78803046796213e-18,-6.62118211350498e-17,2.44313283545858e-17,3.70803178282503e-09,-2.39968493862894e-17,-8.06649788663631e-17,5.32365656945379e-17,1.22243794947741e-17,-2.40806440839576e-06,-5.50232384028145e-17,-6.82211944173034e-17,-9.43708860473871e-17,-7.18601026205145e-17,1.76970045124403e-17,-1.78094683506674e-16,1.65522670303266e-17,-9.61015556067434e-17,-1.24104966843926e-17,5.34420204185425e-17,2.1015981674235e-16,3.73147549674229e-17,-4.55040525472274e-17,6.86529047171292e-17,6.3343167290579e-17,2.58936324824332e-17,-2.58575906117595e-16
"t531",-0.00498953336005217,0.0525849563592045,0.0677389768641221,0.0164138188771252,0.0337164760229645,-0.0055930415768074,0.00171625820018993,5.9430653857152e-05,0.000503639475122495,-0.00132368259324987,-0.000385360155672205,-0.000740605436642085,0.0123810520104541,0.112003991530568,-0.0123702114238745,-0.00334238509205812,-0.115908016515193,-0.000849869171530311,0.000199108730213893,0.000147759753572898,-0.000577317781238281,0.000165505319910633,-0.000457621844437653,0.000789100246247846,-0.000125012514054673,0.000388788981349439,-0.000514951634047779,0.0045018646395991,-0.00330308781743174,0.0173443406861233,-7.43818345772619e-05,0.00121315324735369,0.000526933767266489,3.28663371199376e-05,-1.98505625940219e-05,-5.63227281299092e-05,-0.000211782310537614,2.37842889169262e-05,0.000216943058554567,8.42645632611681e-05,0.0833265792429457,0.000544189526263375,-0.000218661300379573,0.000257871441088401,-0.000599323882964799,5.04688595761677e-05,-7.70408572806815e-06,0.000104805598902937,-9.04641372257166e-05,0.000156151959825983,-0.000164835890896024,0.0354182653147641,7.89438186767942e-07,-8.28843509779618e-06,-9.61938559121243e-07,1.1266697730826e-05,-1.38550571391278e-07,-0.00013425227269726,-1.16318599605504e-05,-5.32373537255454e-07,-9.072919284382e-07,1.32741877819778e-06,-4.1050714358103e-05,6.54219303355515e-05,-2.16751067435624e-06,7.24397492294193e-06,-4.86381556523883e-07,2.68009766171619e-05,-0.00155164397678552,6.86400341374507e-06,-1.46337017108618e-06,3.69680310646455e-06,-1.18115662631916e-06,-7.0876970289482e-06,2.91945077876127e-06,2.52177917356593e-08,-2.24002013887461e-05,8.40785113203075e-05,6.49120702956332e-06,3.06036091908943e-05,-0.171739068867754,0.00145564257344846,-3.96615591201379e-05,-0.000169852300302628,9.58757607667327e-06,0.000273589473687243,-4.11611347441551e-05,-6.51705425812258e-06,-1.45144268761192e-06,5.52370086892674e-05,-1.22221347831775e-05,3.56437737827995e-07,2.42205860768716e-05,-0.000267234648357954,-2.87169401052023e-06,-0.000155147600963413,-1.84417209257844e-05,0.000310151533870812,-0.0472267132047831,0.000234746243771137,2.56611510101196e-05,-1.57501136182803e-06,3.17651826900738e-05,-1.77239811922717e-06,5.80014657654465e-07,-6.33394603958096e-07,-4.23887947557388e-06,5.48846256057905e-07,-7.91795151414008e-06,1.80823371855422e-06,0.0268786903385206,-3.03463117961695e-05,8.6271876023606e-06,-3.44462402241365e-06,1.12413051156732e-07,-2.60713491907215e-06,4.61815203864094e-06,-3.77710791554226e-06,3.01919458883167e-06,-0.000152575484359543,2.29924689939699e-06,-5.06141707900292e-05,7.35328503659206e-07,1.8974208329727e-06,-6.52246575751699e-08,-1.07599085865042e-06,1.2635558632989e-07,-7.00137162161913e-07,0.200642360863313,-0.00574052298334654,-2.94823735818251e-06,-5.98465975735291e-06,6.15195750720617e-07,9.26647289527203e-07,-1.63661488182763e-08,-5.23113654635779e-07,-3.26946758946112e-09,-0.000113907256479466,1.52601745520871e-06,-4.43411371332841e-06,-2.94895417184361e-07,-9.0086889406752e-06,2.55068720328196e-06,1.63167406395964e-07,6.21358186746148e-08,-3.52919714707474e-08,-5.61333032014744e-05,3.02270390069434e-07,2.01147148447158e-08,-5.08148838736088e-08,-1.0816807310231e-06,-2.41033936692549e-07,-7.04721082060295e-07,1.96156334176598e-06,-1.71313816851552e-05,-5.2523834570387e-08,7.91781370880031e-07,-6.6996233921722e-06,-2.22731102463578e-07,-7.31629311481144e-08,-4.73978371769957e-06,1.80441100236153e-05,-2.97048440749409e-07,-5.78853991907234e-06,2.83119904682829e-06,-7.73092086393585e-07,-4.24302372354651e-05,-9.49844587624184e-07,-5.10335570907543e-05,-0.0715211019820092,-0.000145944966226486,-2.30754639836159e-05,1.43772837685993e-06,3.47826164751974e-06,8.18114283974707e-06,1.30943612736454e-06,7.35702674162452e-07,-3.8651442267826e-05,-0.000126915665477075,-0.0014266660649291,0.0358783365332487,-0.0018377715899033,0.441693092875423,-6.07924914582621e-07,-0.0011275445675804,-1.98695947910301e-07,-1.92501425898347e-05,-2.94180103206984e-07,-1.39256885918245e-06,2.0084248939352e-06,-5.13506378320614e-09,1.89165555765714e-07,1.26534330713114e-06,6.252470150243e-09,0.143655438113617,3.12824642426638e-07,4.61725714273364e-07,2.1784519517355e-07,-1.50382858962722e-07,-6.54370624409125e-09,-4.81476987440657e-09,2.85140986892453e-06,-5.0099429396439e-10,-1.76271573659415e-07,-2.67542019832158e-07,-1.37920614545883e-06,1.97095732956861e-07,1.09648541191294e-06,-1.76941589619008e-06,-1.24091304057674e-08,-8.79939823445319e-06,2.90448422748856e-06,-8.37953116738069e-06,-1.08651714696013e-06,-8.80157067335757e-08,-5.909110739916e-07,1.66101499572037e-07,2.95892658386344e-06,-2.14981517764888e-07,-1.28636630921823e-06,-0.000155463412280335,1.12058080973312e-05,3.65750407662393e-06,0.00172273193755228,-3.79007485503193e-07,-2.07970447256716e-07,-3.03338430391748e-06,-9.94670204905253e-06,-5.91260113189028e-07,-5.0274688857908e-07,1.53771114210799e-06,3.21799214388638e-07,1.81571160989179e-07,3.04927899244756e-07,-1.66412134547868e-08,-3.90075040617017e-08,-1.46133168543245e-06,-1.18380406775941e-17,-1.66822715753527e-07,2.38777876770426e-06,-1.20151443127842e-05,-1.27521998172018e-06,-1.4700219058141e-06,2.48009995079637e-07,-2.91469843329459e-07,1.51522877034804e-06,-2.45550957571905e-08,1.61826850548466e-09,-3.71896559116657e-07,3.87616666627113e-06,-0.00123529385938194,1.14972704251476e-05,-7.63891683412353e-07,4.24569145454777e-08,-2.80574019422832e-09,1.34706607128337e-07,-1.29408643933856e-07,2.04007572789485e-06,4.62664554074883e-07,-9.10618468456595e-08,4.28610187010046e-05,-4.375275539432e-07,8.09359587820374e-05,-1.94702875492981e-06,1.91231379777481e-07,-6.54793555033583e-08,1.17244985088274e-08,5.69312929479455e-06,-1.78358775300203e-06,8.8303874213974e-08,1.02986515382399e-06,-7.72130257695506e-08,9.33324118393431e-07,-1.1822725308936e-06,5.19288578074919e-05,-3.57040178162255e-06,2.82583659946579e-06,-2.08485573509141e-07,3.50749136223022e-06,-1.81135570298681e-07,7.0503167819669e-07,2.28779778898947e-16,-1.77605394934482e-06,-6.10366344252945e-08,-8.07855378370093e-11,-7.19055499605536e-07,9.26814751051119e-08,-5.80668191586001e-08,-1.92735890115822e-07,2.38195982794422e-08,-1.01623710031208e-06,3.53712116829478e-06,1.33250132878592e-07,-0.0028414814512099,1.66672072026348e-06,-2.05548713907437e-06,6.86091882952486e-06,-1.27945628819084e-06,2.3262108410325e-06,8.29969319790946e-08,6.32030886231679e-08,4.96067610622698e-06,-8.07210838503087e-05,4.61223831885603e-07,-2.26207768656497e-05,0.265034899107334,0.00804863058568884,-2.07392184421327e-06,-1.74675350088637e-06,-8.90888251791383e-06,2.6199410197687e-06,1.19116960106938e-06,-1.12311856574716e-06,0.000116785395417042,-9.91768801520535e-08,-8.32775252280453e-07,1.31003822540711e-06,-1.072182459357e-17,-1.45118641635215e-09,-7.99832714000709e-07,6.40338742202739e-08,-3.2947518365175e-07,-4.18344188097126e-08,-8.35223257955804e-08,-1.87475771996149e-07,6.31719788561889e-05,-7.24731075546887e-07,-2.36730549735905e-16,3.7893004624479e-07,3.29406636438957e-09,1.07686169393268e-08,-5.03064781325364e-08,-5.5070301370339e-08,2.87363165949992e-09,6.72171640666314e-08,-1.05366834084657e-08,-2.09754398038675e-08,1.08519843347644e-07,-2.42207222763816e-08,-6.8156260155478e-08,-9.19447287366965e-08,-6.3726592369241e-10,-8.62118956776952e-08,5.63050452446924e-08,-1.08388178734626e-07,9.32172135201974e-16,-4.60079502925938e-07,3.85451926798627e-08,1.11154619538689e-09,1.15611429999295e-08,-3.87910434454056e-07,-1.06186464253442e-06,5.82989632337073e-07,-2.15066883870093e-06,-1.12215646303446e-07,-7.20583792533556e-16,-2.19985094254478e-07,-8.89350791738425e-08,-3.15396192893751e-07,7.25512717246461e-17,6.74090256418573e-07,1.00699536549001e-06,-1.56708906862704e-07,-6.11771270972766e-07,-2.27653025266467e-07,-1.4906633666573e-07,-0.000262892743152017,1.07418883796494e-07,8.84753453354661e-07,5.51537003874682e-08,3.20296425405521e-07,4.66117753225627e-07,5.13884308489995e-16,-2.66096343146261e-07,9.41889982119216e-07,5.55736586732736e-06,-1.08371626102025e-06,-3.23402894944075e-14,-0.300045999691314,-1.68591032610083e-07,2.80984859469481e-07,1.65075862399677e-07,4.84085823573724e-07,-4.29957807125546e-07,0.000848657529486351,-2.37670369905525e-07,-6.5568754681982e-16,-5.77769902208923e-07,1.06629616050514e-07,-2.75593631960195e-07,-5.79596398528175e-07,1.54338496979826e-06,3.79735761389337e-10,-1.67400815431762e-16,-6.34260958878147e-17,3.08808390698604e-10,3.37679100431786e-08,-4.3656513045879e-09,3.81719290054223e-08,2.10107355968775e-16,1.28895380868546e-08,1.2907005134701e-10,5.20312639704461e-17,1.2691742734496e-16,2.78203913115993e-16,-2.3785340105404e-08,-0.000157060090154891,6.55379310170892e-09,9.91971969833526e-10,9.39769547436374e-10,2.44679178549377e-07,-4.98053988355577e-09,-9.39808574386673e-17,-2.71971104533766e-09,9.1369952178623e-09,-1.75771629314537e-16,-2.1093261319338e-16,-9.07964022543908e-09,-5.28404286602637e-12,-6.35370654884278e-09,3.64770130269002e-08,7.25343307802331e-09,-2.75171257692688e-09,7.42227420574353e-18,-9.42174287239818e-09,2.54468167372231e-16,-3.37131157617583e-08,-2.62983401331726e-16,-9.1080577026622e-09,2.57112641238686e-16,3.89128810949698e-08,1.03257314249122e-08,4.70913893849147e-09,6.29761455591778e-08,3.14205811307063e-08,-3.71587950679042e-09,2.41487645590756e-08,5.66675517629571e-07,4.28402482711477e-08,4.01524671621514e-09,9.28431197982845e-09,-2.70012824202113e-08,-4.7485112838803e-08,-3.927227231044e-09,-1.36289665860463e-08,1.54259949960672e-16,1.31078071834138e-07,-2.31547314313776e-08,1.27454082402154e-08,-3.87418968016148e-17,2.27074081840819e-09,6.32416775350137e-08,5.19260313987596e-06,-1.10586853558753e-16,-5.44701235790881e-08,-2.98109408196978e-08,-1.48843478261429e-16,-2.54771101147667e-06,9.30513767976423e-08,-1.16840670721344e-16,-2.98176928902643e-16,-3.47247263575572e-09,-1.86709757293914e-08,-1.07144772765777e-10,-1.4988546573578e-07,4.05151321950791e-08,1.1934869135625e-08,1.15218486640247e-08,1.08790904210905e-07,-2.4834842653031e-07,1.8988445798368e-16,5.15357627228779e-10,3.55043501496034e-10,9.83376889676617e-10,9.24249373646282e-08,2.03557824654652e-16,-3.00395284288892e-17,3.05776363245178e-08,-1.4722892970763e-16,1.25835068694173e-16,1.50452331262348e-07,-5.04202140053231e-06,-3.3654167709128e-08,-2.29767609224317e-09,1.19383628621065e-06,6.83923663575775e-06,7.59957540241161e-09,9.44889142791603e-17,1.83210823191899e-08,8.59620679219348e-10,3.95043257809316e-09,-4.0040789482095e-08,1.60091837275376e-07,-1.65208819103379e-16,-1.59671809275898e-17,-2.29379123304035e-16,-1.42502451594493e-08,-6.88606665459324e-09,-4.01276044566912e-08,1.39565199594247e-16,-5.31941991512792e-09,-1.43756694470192e-16,3.01988605642261e-16,1.77195978631057e-06,-1.91473472843558e-08,2.0687932703739e-16,-4.86847338315766e-08,-2.52442405836413e-08,-7.3979150384834e-16,5.76792579841541e-08,2.16205462905458e-16,2.14607362052515e-08,7.06022308435458e-17,2.27590407500872e-08,4.08252163018775e-05,5.74255848639456e-09,5.76894494741256e-09,4.06993896384595e-08,-2.0757833569742e-08,5.80867415509656e-08,1.27601986594656e-16,3.87196196387458e-07,-2.18857956391564e-08,1.5906094993461e-17,-2.88889126779994e-09,-1.51656499423148e-06,1.37580947836081e-08,2.38421253322771e-16,1.01330004606896e-06,5.90162296317632e-08,5.66293722737555e-17,-1.4783255569242e-07,-3.27399724273872e-08,-1.71284191979234e-09,-3.51743930723385e-17,1.88808523550592e-16,7.02985020740908e-07,9.51334488933582e-09,7.70359210465810e-10,-1.26165186449659e-08,5.76328068767874e-09,-1.84957340703563e-16,-2.42684310074537e-16,2.1082117912633e-08,1.45354178405756e-10,6.3984392688895e-16,5.11310213441282e-08,7.93650691145508e-17,2.65398834144677e-08,-9.85825981110663e-09,-5.76182626642091e-09,-3.82441133869542e-08,-3.64148850007714e-17,1.13478839097159e-16,-7.22312043099734e-16,-2.30961983826907e-17,-3.10603064453677e-09,-1.07831848684845e-08,-1.51678190864279e-16,-9.66948524791082e-16,1.75862288670255e-16,1.52255250252389e-08,1.37012761576653e-10,-7.57247395332769e-09,4.67631767941351e-17,4.78924286838843e-16,-7.170642118276e-17,-7.44231090855559e-06,9.77576849038118e-09,1.49066898653789e-16,1.7677710257753e-09,-4.6355300074478e-08,-1.47305448991087e-16,2.40710006418491e-16,-3.21884494420913e-08,-7.48068178170545e-09,-1.59940183055686e-08,2.6690786792593e-16,4.62061760508237e-07,2.63808991088074e-08,2.83963494303117e-08,-2.59953952189489e-08,-7.00592542338029e-08,1.14281552194265e-09,1.0233130961153e-16,-2.79258729207048e-16,-3.84586624369483e-16,2.19861770571794e-08,-1.99102229985924e-08,-7.51563594836674e-09,-1.52003326093919e-07,1.98248308313305e-17,5.07852053412357e-16,5.43614497449047e-16,-3.52345080364382e-16,-1.08818934179632e-16,2.86568167193573e-08,1.15199015953927e-18,-1.33235124478294e-17,-4.65333554450215e-09,2.2399927791274e-16,-4.16619617806301e-09,1.03835162743705e-16,-5.16654470254263e-09,-3.62502214131202e-16,-6.29019652838805e-09,-7.88214275476111e-10,-7.20420203821004e-08,5.4819232550972e-16,2.5412136465374e-08,2.37943127523663e-16,3.62497620815495e-08,-6.42046062716591e-08,9.05222303182321e-09,1.88105012687047e-16,5.19889934730576e-08,1.83804392595749e-16,-1.28585831396761e-08,-1.63583722622769e-06,-2.33443185674402e-16,-3.3937209076303e-17,-4.79655158201399e-16,4.10000724782336e-17,-2.44179026633372e-10,-3.18308421496541e-09,-7.11649970988824e-10,5.21831046042325e-16,1.84440423622385e-16,-7.56942020514815e-09,6.17626506785427e-08,-3.50236870755036e-16,-3.25309155640882e-16,-3.29237638466409e-09,-3.17039123030135e-16,-2.33826262331139e-08,-3.69578883011896e-16,5.00619792650629e-06,-2.45206416824059e-16,-2.71433339967295e-16,-3.35897444997427e-16,2.34316835383674e-17,-1.43795434995869e-16,-3.39936001424546e-16,4.34403972794998e-09,-3.03927458563769e-08,3.17864702338589e-16,-0.000100748819780413,7.74839286399357e-08,-6.75046143235894e-16,1.97778216328431e-16,-4.06497493226712e-16,-7.77563057225964e-16,8.27616969795547e-09,1.43615359945009e-09,5.17313518734585e-16,2.11909687783481e-16,-3.82458602210641e-08,-0.00212070207916314,-3.31682054824476e-10,-1.20105549025132e-15,-5.73304574779171e-17,4.08114657735491e-16,-2.34920291415847e-16,6.79520636326153e-16,-6.30758897865378e-16,2.77440206133037e-08,-2.63293872772252e-08,-5.07764264045443e-09,4.46482040449811e-17,5.8172283325338e-16,-6.21936416505359e-16,-5.4083803119446e-16,-6.83327954508593e-17,-1.29071848552607e-15,1.72270789882719e-16,2.27754821175003e-16,4.15946581718225e-17,8.02089383134518e-17,3.68901247928651e-16,-5.30112479241562e-16,-2.5701727173907e-16,-4.18646659822964e-16,2.86065877839893e-09,-4.41158162603873e-16,4.86513156124855e-16,-3.9346107297237e-16,4.05852318811473e-08,-4.89070711781173e-10,-4.00625489202537e-16,-1.04830445321468e-09,3.72179434682673e-08,2.22018396455255e-15,9.05820117139161e-16,-1.82606446000822e-06,1.65989392401989e-15,9.2216255577166e-10,-9.31510022992184e-16,-7.58002572567816e-16,-1.13584943772355e-15,-3.5665636145295e-15,9.09335411110707e-10,-3.15938317367323e-06,4.59358672356633e-15,-3.6115591316175e-15,1.73510750913652e-15,1.37511617460278e-15,1.07516873550963e-14,4.54929379459099e-15,2.87667441390543e-14,0.707106781186547,1.52248226465756e-09,4.54125413460144e-15,4.6032108757073e-15,2.64979763364696e-15,-3.73305599160693e-15,1.32805402242549e-15,8.84300402352444e-15,-3.01281146670488e-08,5.81732932015535e-16,5.127973899781e-15,5.0499814871671e-07,4.73590109848216e-15,1.19866696966545e-15,1.41990777329023e-17,1.74094446712895e-15,1.88604368687229e-08,-8.80141093911016e-16,-1.39372347956333e-08,-8.37822673231595e-16,3.8162600563616e-16,-7.43706497430537e-16,-3.17106397911332e-16,-2.7219634075844e-16,1.114739977794e-15,5.04741335817162e-10,-5.29732926155451e-16,3.1222155259909e-16,2.85234672211113e-09,-6.31222555566306e-08,4.83753650775433e-16,4.42826050018172e-08,6.48868938463651e-09,-2.80940143152145e-16,1.67904077176569e-16,-1.34257427748509e-15,-6.56003087828008e-17,-2.09396239797665e-15,-1.09711531676719e-08,-1.55793144475517e-15,4.399510126334e-16,-9.27875224771131e-16,4.39966403905049e-09,6.68873802226995e-16,9.09511263819104e-16,9.68062502053685e-17,1.1905378310623e-16,-2.00893040411851e-09,-1.40597889308716e-15,6.0484167941145e-10,2.77340021911195e-16,8.35826043883611e-16,-2.95781705567567e-16,-1.17839545708133e-16,2.19587179273693e-16,-5.82626151188202e-16,8.57641146873233e-18,-1.05304395978198e-08,5.08666761769854e-16,2.18616763174443e-16,4.43089208311125e-09,5.08204159563816e-16,-6.58174085236984e-17,5.51620526010243e-16,9.45915632852588e-16,-6.27494582637686e-17,-4.41247030869899e-16,-7.22068635613704e-07,-7.78184340382275e-16,2.83784384568623e-16,9.60123350380174e-09,1.09268765241944e-16,-3.94207978001824e-16,2.03502143653003e-16,3.70598529772006e-16,-1.92715194474882e-16,3.15098776848793e-16,7.99495026024678e-16,-4.52337716947558e-17,5.17164260576771e-16,-2.58930646151471e-16,-2.4608379571629e-16,-5.05924035833152e-09,1.67854447947576e-08,-1.43434712390258e-16,1.19605627087412e-16,7.91571125868233e-17,3.69667126172598e-16,6.74983615008007e-17,3.67877373355818e-16,5.78636616842399e-17,-2.93563425493009e-17,-1.45851100565847e-09,6.99000318818451e-17,-5.67251721700696e-16,8.50650421168141e-17,-5.67748422581567e-16,8.77361960556047e-06,4.16755890358742e-16,-2.97611976288598e-10,-3.89465718917748e-16,-1.129772028126e-16,2.95369942137499e-16,4.78734717832622e-17,3.73676607528465e-16,-2.58549186421586e-16,-4.23185994778554e-16,-3.2479375684453e-16,3.65336774537799e-16,3.38771607145458e-17,-4.80613369485253e-16,9.29023114636164e-17,2.49843724194874e-16,-1.84497489467951e-17,1.7402254576472e-16,-2.71882580056252e-16,-1.58620945994325e-17,6.10385672727928e-16,2.61289269200135e-16,2.87536394971314e-17,6.77368859787475e-16,1.7147724373441e-16,-2.80679052672885e-16,-1.41070492361556e-16,4.36497596014916e-17,1.4299351493786e-10,-1.75929317203988e-18,-4.99102241492592e-17,-1.31465765532003e-16,2.13997538424036e-16,-1.06135079114712e-16,5.53828909246624e-17,1.44640974242588e-17,3.49056633780526e-16,-1.25420471747611e-16,4.61912362170231e-17,2.44609562639886e-16,-7.42979093406685e-16,1.88712520839999e-16,6.82191253978022e-17,-1.22141804767391e-16,-1.64896512533309e-16,-1.02603363811519e-16,-1.85253645349731e-09,1.52152724051042e-16,6.35028878830049e-17,-2.19856459504681e-17,-1.06202020175603e-16,1.07731054796308e-16,-1.1918400824938e-16,5.58775226265535e-17,-8.10968083562055e-16,-5.93885576624199e-17,3.95152937011832e-10,-2.18994741072325e-16,-3.39907885517879e-16,-6.28774043947476e-17,-7.73406721240332e-18,-2.56651696157035e-17,1.48671488962623e-16,-1.49755764159912e-17,2.19201489948006e-16,2.03493906065148e-16,-2.17771783778151e-16,-1.22558585260968e-17,1.15911987721929e-16,5.40760750444565e-17,2.00688213905283e-09,4.15795775295097e-18,7.35317171564228e-17,1.18310088752006e-16,-4.09611580765024e-16,-1.3083521398629e-06,1.48428467004948e-16,-1.2301112776031e-16,2.36405890952899e-16,2.0608524452539e-16,2.79947782370205e-17,1.03229574282436e-16,1.35205163723365e-16,2.94450389350558e-16,-1.3361672252048e-18,-2.1039692395349e-17,-1.16456757595221e-18,9.28568022931681e-17,6.8702250962978e-17,6.42084760861531e-17,-3.31369304376204e-17,3.71153502550244e-17,-3.00399318202401e-16
"t532",-0.00498953336005217,0.0525849563592045,0.0677389768641221,0.0164138188771252,0.0337164760229645,-0.00559304157680741,0.00171625820018993,5.9430653857158e-05,0.000503639475122499,-0.00132368259324987,-0.000385360155672203,-0.000740605436642089,0.0123810520104541,0.112003991530568,-0.0123702114238745,-0.00334238509205812,-0.115908016515193,-0.000849869171530311,0.000199108730213916,0.000147759753572886,-0.000577317781238286,0.000165505319910634,-0.000457621844437651,0.000789100246247835,-0.000125012514054691,0.00038878898134944,-0.000514951634047763,0.0045018646395991,-0.00330308781743174,0.0173443406861233,-7.43818345772903e-05,0.0012131532473537,0.000526933767266508,3.28663371199383e-05,-1.98505625940336e-05,-5.63227281299045e-05,-0.000211782310537615,2.37842889169225e-05,0.000216943058554547,8.42645632611548e-05,0.0833265792429456,0.000544189526263387,-0.000218661300379557,0.0002578714410884,-0.000599323882964777,5.04688595761673e-05,-7.70408572808891e-06,0.000104805598902933,-9.04641372257264e-05,0.000156151959825981,-0.000164835890896037,0.0354182653147641,7.89438186763944e-07,-8.2884350977919e-06,-9.61938559124468e-07,1.1266697730821e-05,-1.38550571401548e-07,-0.000134252272697289,-1.16318599605505e-05,-5.32373537234311e-07,-9.07291928439252e-07,1.32741877820753e-06,-4.10507143581002e-05,6.54219303355349e-05,-2.16751067434626e-06,7.24397492294261e-06,-4.86381556524747e-07,2.68009766171633e-05,-0.00155164397678549,6.86400341374067e-06,-1.46337017110117e-06,3.69680310650541e-06,-1.18115662631683e-06,-7.08769702890841e-06,2.91945077878018e-06,2.52177917459156e-08,-2.24002013888156e-05,8.4078511320318e-05,6.49120702957215e-06,3.06036091908676e-05,-0.171739068867754,0.00145564257344848,-3.96615591201348e-05,-0.000169852300302645,9.58757607664631e-06,0.000273589473687241,-4.11611347441543e-05,-6.5170542580867e-06,-1.45144268760672e-06,5.52370086892675e-05,-1.22221347831817e-05,3.56437737924434e-07,2.42205860768884e-05,-0.000267234648357958,-2.8716940105321e-06,-0.000155147600963407,-1.84417209257981e-05,0.000310151533870829,-0.047226713204783,0.000234746243771092,2.56611510101254e-05,-1.57501136181406e-06,3.17651826901116e-05,-1.77239811920434e-06,5.80014657652585e-07,-6.333946039721e-07,-4.23887947561317e-06,5.48846256060826e-07,-7.91795151413731e-06,1.80823371851264e-06,0.0268786903385205,-3.03463117961086e-05,8.62718760238817e-06,-3.44462402240725e-06,1.12413051149634e-07,-2.60713491900982e-06,4.61815203864938e-06,-3.77710791556978e-06,3.01919458882873e-06,-0.000152575484359548,2.29924689943654e-06,-5.06141707900409e-05,7.35328503639888e-07,1.89742083291326e-06,-6.52246575223692e-08,-1.07599085863829e-06,1.26355586347888e-07,-7.00137162123507e-07,0.200642360863312,-0.00574052298334655,-2.94823735817222e-06,-5.98465975734115e-06,6.15195750757226e-07,9.26647289546045e-07,-1.63661489071351e-08,-5.23113654627713e-07,-3.26946761913209e-09,-0.000113907256479527,1.52601745520094e-06,-4.43411371335199e-06,-2.94895417134358e-07,-9.00868894063689e-06,2.55068720330547e-06,1.63167406482166e-07,6.21358186832293e-08,-3.52919714680004e-08,-5.61333032014761e-05,3.02270390073305e-07,2.01147148624464e-08,-5.08148838079338e-08,-1.0816807310707e-06,-2.41033936714356e-07,-7.04721082083485e-07,1.96156334173529e-06,-1.71313816851461e-05,-5.25238345882363e-08,7.91781370846603e-07,-6.69962339213847e-06,-2.22731102462797e-07,-7.31629312403264e-08,-4.73978371770654e-06,1.80441100235768e-05,-2.97048440788411e-07,-5.7885399190632e-06,2.83119904674212e-06,-7.73092086410332e-07,-4.24302372353695e-05,-9.49844587601995e-07,-5.10335570908963e-05,-0.0715211019820089,-0.000145944966226486,-2.30754639834934e-05,1.43772837687274e-06,3.47826164747065e-06,8.18114283979804e-06,1.30943612747119e-06,7.35702674276816e-07,-3.86514422678458e-05,-0.000126915665476825,-0.00142666606492913,0.0358783365332487,-0.00183777158990334,0.441693092875422,-6.07924914536875e-07,-0.00112754456758037,-1.98695947934885e-07,-1.92501425897902e-05,-2.94180103302518e-07,-1.39256885914563e-06,2.0084248939247e-06,-5.13506391204178e-09,1.89165555710219e-07,1.26534330710069e-06,6.25247018160053e-09,0.143655438113617,3.12824642361448e-07,4.6172571444494e-07,2.1784519514958e-07,-1.50382859044544e-07,-6.54370622420134e-09,-4.81476985131077e-09,2.85140986895107e-06,-5.00994274774063e-10,-1.76271573635131e-07,-2.67542019843709e-07,-1.37920614546752e-06,1.97095732881896e-07,1.09648541202066e-06,-1.76941589622306e-06,-1.24091303872189e-08,-8.7993982343934e-06,2.90448422754118e-06,-8.37953116736774e-06,-1.08651714709958e-06,-8.80157066905342e-08,-5.90911073943358e-07,1.66101499573124e-07,2.9589265838973e-06,-2.14981517696236e-07,-1.28636630932814e-06,-0.000155463412280318,1.12058080973039e-05,3.65750407670796e-06,0.00172273193755229,-3.79007485343807e-07,-2.07970447210954e-07,-3.03338430396886e-06,-9.94670204917831e-06,-5.91260113202673e-07,-5.02746888532716e-07,1.53771114207539e-06,3.21799214572956e-07,1.81571160979246e-07,3.04927899315508e-07,-1.6641213458704e-08,-3.9007504019376e-08,-1.46133168538406e-06,-1.98134246019057e-18,-1.66822715778523e-07,2.38777876785404e-06,-1.20151443127493e-05,-1.27521998174032e-06,-1.47002190581535e-06,2.48009995177374e-07,-2.91469843286801e-07,1.51522877035141e-06,-2.45550957102059e-08,1.61826866303925e-09,-3.71896559150865e-07,3.87616666625949e-06,-0.00123529385938189,1.14972704251888e-05,-7.63891683437599e-07,4.24569145892486e-08,-2.80574019238518e-09,1.34706607106286e-07,-1.29408643908135e-07,2.04007572796825e-06,4.6266455402501e-07,-9.10618471631809e-08,4.28610187009587e-05,-4.37527553935397e-07,8.09359587820041e-05,-1.94702875501153e-06,1.9123137988192e-07,-6.54793554056839e-08,1.17244984387611e-08,5.69312929467675e-06,-1.78358775287933e-06,8.83038741464825e-08,1.02986515379846e-06,-7.7213025745773e-08,9.33324118497397e-07,-1.1822725307252e-06,5.19288578074873e-05,-3.57040178148649e-06,2.82583659947128e-06,-2.08485573574503e-07,3.50749136233031e-06,-1.81135570236887e-07,7.05031678318298e-07,2.33437530926271e-16,-1.77605394932327e-06,-6.10366343699929e-08,-8.07855514122832e-11,-7.19055499464042e-07,9.2681475063873e-08,-5.80668191016576e-08,-1.92735890203158e-07,2.38195981210519e-08,-1.01623710032266e-06,3.53712116823726e-06,1.33250132754394e-07,-0.00284148145120973,1.66672072026038e-06,-2.05548713902698e-06,6.860918829602e-06,-1.2794562883481e-06,2.32621084099387e-06,8.2996932019727e-08,6.32030886088923e-08,4.96067610620157e-06,-8.07210838503367e-05,4.6122383190256e-07,-2.26207768655842e-05,0.265034899107332,0.00804863058568886,-2.07392184416474e-06,-1.74675350102162e-06,-8.90888251781067e-06,2.61994101981327e-06,1.19116960103479e-06,-1.12311856580342e-06,0.000116785395417045,-9.91768803970067e-08,-8.32775252227159e-07,1.31003822528697e-06,-1.03162653223053e-16,-1.45118638356406e-09,-7.99832713997882e-07,6.40338741957709e-08,-3.29475183858796e-07,-4.18344187869327e-08,-8.35223257726414e-08,-1.87475771741122e-07,6.31719788563055e-05,-7.24731075551176e-07,-2.23711579646021e-16,3.78930046198503e-07,3.29406652743835e-09,1.07686170108845e-08,-5.03064781675904e-08,-5.50703013935472e-08,2.87363168976225e-09,6.72171640729739e-08,-1.05366834655074e-08,-2.09754398034984e-08,1.08519843320071e-07,-2.42207222088259e-08,-6.81562601344438e-08,-9.19447287392589e-08,-6.37266114139297e-10,-8.62118954531628e-08,5.63050452719323e-08,-1.0838817868646e-07,6.80211460991467e-16,-4.6007950289705e-07,3.85451925791132e-08,1.11154609408204e-09,1.15611431499932e-08,-3.87910434422345e-07,-1.06186464242104e-06,5.82989632280331e-07,-2.15066883870671e-06,-1.12215646462074e-07,-9.08958084560788e-16,-2.19985094425851e-07,-8.89350790235004e-08,-3.15396192827222e-07,5.00695111801185e-17,6.7409025648057e-07,1.00699536547079e-06,-1.56708906908989e-07,-6.11771270929923e-07,-2.27653025129923e-07,-1.49066336654673e-07,-0.000262892743152023,1.07418883749631e-07,8.8475345364645e-07,5.51537004037172e-08,3.20296425592563e-07,4.66117753112852e-07,5.87511537938086e-16,-2.66096343337368e-07,9.41889982115206e-07,5.55736586721457e-06,-1.08371626095846e-06,-3.23923266966586e-14,-0.30004599969131,-1.68591032658235e-07,2.80984859398316e-07,1.65075862434547e-07,4.84085823513462e-07,-4.29957807072049e-07,0.000848657529486369,-2.37670370044778e-07,-5.04487624913789e-16,-5.77769902514916e-07,1.0662961615806e-07,-2.75593631883576e-07,-5.79596398396511e-07,1.54338496979775e-06,3.79735629987807e-10,4.0766001685455e-17,1.1689532716731e-16,3.08808185485434e-10,3.37679101750549e-08,-4.36565163306418e-09,3.81719292563587e-08,9.88682130650929e-17,1.2889538028812e-08,1.29070169105317e-10,8.3371193107791e-17,-1.07717976768176e-17,1.63545700341581e-16,-2.37853402877306e-08,-0.000157060090155052,6.55379303928927e-09,9.91972078055663e-10,9.39769641790321e-10,2.44679178719244e-07,-4.98054021140171e-09,-2.2370454015774e-16,-2.71971110316395e-09,9.13699507342161e-09,4.4854442202125e-17,-4.4029046531337e-16,-9.07964004122726e-09,-5.28439538920144e-12,-6.35370642147764e-09,3.64770130133622e-08,7.25343328224945e-09,-2.75171241493567e-09,4.18102810550183e-16,-9.42174275133975e-09,-2.29958852588745e-16,-3.37131159703571e-08,-3.21615021940669e-16,-9.10805797351617e-09,1.54897502616769e-16,3.89128810871148e-08,1.03257314664416e-08,4.70913879976735e-09,6.29761456245947e-08,3.14205811562406e-08,-3.71587912655531e-09,2.41487645868097e-08,5.66675517879911e-07,4.28402484954208e-08,4.01524641854923e-09,9.2843117619023e-09,-2.70012822887945e-08,-4.74851129262324e-08,-3.92722726677047e-09,-1.36289663831054e-08,8.1007904117151e-17,1.31078071967629e-07,-2.3154731425944e-08,1.27454081560242e-08,-7.34136472329706e-17,2.27074027566637e-09,6.32416776905941e-08,5.19260313985114e-06,-9.85679510226466e-17,-5.44701238668512e-08,-2.9810940786557e-08,-5.55735318738582e-17,-2.54771101152933e-06,9.30513767139276e-08,1.81622513118887e-16,4.56828582036117e-16,-3.47247281539213e-09,-1.86709756932301e-08,-1.07144641191854e-10,-1.49885465642429e-07,4.05151323174013e-08,1.19348691650952e-08,1.15218483406483e-08,1.08790904391282e-07,-2.48348426455563e-07,1.91300697071489e-16,5.15357768083033e-10,3.55043787898878e-10,9.83376986670652e-10,9.2424937049308e-08,9.99068438594717e-17,1.08266832647325e-16,3.05776362053643e-08,1.78584929818355e-16,-5.74181624017678e-16,1.50452331263893e-07,-5.04202140027997e-06,-3.36541675270898e-08,-2.29767587131363e-09,1.19383628624587e-06,6.83923663585404e-06,7.59957583885788e-09,-2.75791074640408e-18,1.83210820157304e-08,8.59620667565136e-10,3.9504328684904e-09,-4.00407894659247e-08,1.60091837314724e-07,-2.0341359150013e-16,-1.27168511093064e-16,2.84830743365142e-16,-1.42502453472819e-08,-6.88606710571679e-09,-4.01276040908165e-08,-1.35043006991614e-16,-5.31941995514151e-09,9.43324085417266e-17,-2.48678125647185e-16,1.77195978639003e-06,-1.91473474714121e-08,-6.94838067291648e-17,-4.86847338641584e-08,-2.52442405298157e-08,5.1271547998183e-16,5.76792585100351e-08,-4.09460065257856e-16,2.14607366265417e-08,8.73057217678584e-17,2.27590409309652e-08,4.0825216301738e-05,5.74255870993173e-09,5.76894507000431e-09,4.06993897421046e-08,-2.07578334231274e-08,5.80867416343589e-08,-1.5822441586802e-16,3.87196196486611e-07,-2.18857964861015e-08,-1.08441218449415e-16,-2.88889164630567e-09,-1.5165649945067e-06,1.37580945095489e-08,-2.50374653681667e-16,1.01330004637606e-06,5.9016229713026e-08,-1.67470560375611e-16,-1.47832555661546e-07,-3.27399723354203e-08,-1.71284196344121e-09,-2.93230976416585e-17,-1.25374170531369e-16,7.02985020443933e-07,9.51334490319374e-09,7.70359973516198e-10,-1.26165189714244e-08,5.76328142230028e-09,1.55467571989481e-16,1.43211326738125e-16,2.10821177694581e-08,1.45353727018092e-10,-2.86775632991221e-16,5.1131021215362e-08,-1.81366658953172e-16,2.65398830964771e-08,-9.85825962050071e-09,-5.76182662227982e-09,-3.82441132024923e-08,-1.90872791630253e-17,-9.67562103266364e-17,5.40695476783032e-16,1.0616447953541e-16,-3.10603124633073e-09,-1.07831847530723e-08,8.05030419332464e-17,8.15625861501592e-16,-2.58244464224994e-16,1.52255252521425e-08,1.37012545633047e-10,-7.57247369773679e-09,-3.14181068482328e-17,-3.82626805131396e-16,2.63633922635217e-16,-7.44231090883366e-06,9.77576822526256e-09,-1.51187258657085e-17,1.76777083380059e-09,-4.63552998652159e-08,2.24532421555598e-16,-2.02575674574024e-16,-3.21884500922975e-08,-7.48068132562003e-09,-1.59940177254192e-08,-4.10685994323965e-16,4.62061761050581e-07,2.63808988103975e-08,2.83963497960049e-08,-2.59953950933351e-08,-7.0059254302569e-08,1.14281544959719e-09,1.92816086722713e-17,2.67168165159517e-17,2.62277452430816e-16,2.19861770153628e-08,-1.99102231737475e-08,-7.5156356308378e-09,-1.52003326096865e-07,1.35498350025895e-16,-2.72864980559869e-16,-4.47971778514177e-16,1.19765417565847e-16,2.58563001551359e-16,2.86568160245287e-08,-9.63393837051194e-17,1.07263835468368e-16,-4.65333446346633e-09,-3.12558864254357e-16,-4.16619670901874e-09,-1.86103195478912e-16,-5.16654398139397e-09,4.23856131636193e-16,-6.29019597782274e-09,-7.88214436446995e-10,-7.20420206566938e-08,-6.43413487833259e-17,2.54121367487657e-08,-1.88577814735277e-16,3.62497617688761e-08,-6.42046060346229e-08,9.05222383005382e-09,-4.06065235330502e-16,5.1988993346094e-08,-3.2833747952626e-16,-1.2858582892369e-08,-1.6358372262175e-06,1.61292880285299e-16,1.84825356494209e-16,5.77209590090212e-16,-3.86777376165841e-17,-2.44178779455632e-10,-3.1830835397552e-09,-7.11648140268854e-10,-4.99668088236518e-16,-1.71867483975446e-16,-7.56942063196671e-09,6.17626506605449e-08,2.21971601957402e-16,3.21176187942564e-16,-3.29237610975945e-09,2.5318207540011e-16,-2.33826254244387e-08,2.86952499724005e-16,5.00619792648964e-06,2.79700877442427e-16,2.7642930852734e-16,3.12229235794569e-16,-1.61918786455931e-16,1.15290551677241e-16,2.69663446319031e-16,4.34403950482959e-09,-3.03927456723275e-08,-2.9580583235982e-16,-0.000100748819779246,7.74839282398551e-08,7.02950894444398e-16,-1.29957002212852e-17,2.51448285055646e-16,6.67615291462829e-16,8.2761705257913e-09,1.43615349231333e-09,-4.19728648973229e-16,-2.69384490246161e-16,-3.82458603834072e-08,-0.00212070207916199,-3.31682401473499e-10,9.51564495394095e-16,3.56564469341925e-17,-5.01933030390053e-16,2.48334515682776e-16,-5.84954656493074e-16,7.57211515049506e-16,2.77440172686157e-08,-2.63293881789009e-08,-5.07764363374077e-09,-1.72682816770892e-17,-7.22143592481294e-16,6.33348436909492e-16,5.63200433007022e-16,3.07018141923537e-17,1.41477243129088e-15,-3.10203349236263e-16,-2.60057563167965e-16,2.90717070487765e-18,-9.05274042796649e-17,-3.49946823307939e-16,7.0911745449813e-16,1.74840857578762e-16,3.34384493946399e-16,2.86065929052691e-09,3.76793957156034e-16,-1.3972201307774e-16,3.67018870143683e-16,4.05852325275982e-08,-4.89069351049474e-10,3.59817790313986e-16,-1.0483037763219e-09,3.72179426418824e-08,-2.24545310600772e-15,-9.35845133072535e-16,-1.82606446148813e-06,-1.69019497896756e-15,9.22164077356541e-10,9.53456229964597e-16,7.72356956543011e-16,1.12090211094461e-15,3.58543835326852e-15,9.09337502519928e-10,-3.15938317101219e-06,-4.61355302589054e-15,3.71739680661183e-15,-1.64428684439535e-15,-1.35149135292598e-15,-1.03173898461165e-14,-4.5124310247422e-15,-2.87652782828949e-14,-0.70710678118655,1.52247864804847e-09,-4.52250534324266e-15,-4.5677290179331e-15,-2.57494318898077e-15,3.6546236160853e-15,-1.44855467303664e-15,-8.8180314557294e-15,-3.01281174848715e-08,-5.64834037824117e-16,-5.09372822305584e-15,5.04998148970416e-07,-4.79333771013154e-15,-1.22377038103523e-15,4.8815903927532e-17,-1.85264948444374e-15,1.88604355401971e-08,8.764618207271e-16,-1.39372352004618e-08,7.99946889126286e-16,-3.5822460226663e-16,9.87906728165423e-16,3.32989165644857e-16,2.59392285950088e-16,-1.25516329243072e-15,5.04739709119219e-10,-1.72014517444925e-16,-3.31288539552428e-16,2.85234848313245e-09,-6.31222541433044e-08,-5.27435854145127e-16,4.42826065500796e-08,6.4886899772562e-09,2.81152539886849e-16,-1.087301393497e-16,1.40339838269645e-15,5.49267575636214e-17,1.955115818551e-15,-1.09711528387969e-08,1.43615784247577e-15,-3.66174901949728e-16,7.59107030203579e-16,4.39966343449657e-09,-5.90898026745708e-16,-1.00184936566207e-15,-2.65193372947978e-16,-1.01036925885825e-16,-2.00893002990054e-09,1.56134571765867e-15,6.04840384368286e-10,-2.63676396474874e-16,-7.83280820544521e-16,3.61704816259632e-16,1.29708565214183e-16,-2.47158408158237e-16,3.06889542151262e-16,-2.38435678228944e-18,-1.05304397761193e-08,-5.00452283377171e-16,-4.20629908002047e-16,4.43089153476234e-09,-6.34757516268729e-16,2.74696131099245e-17,-4.82873718949077e-16,-9.70958349796312e-16,4.43524598454546e-18,5.04160587936522e-16,-7.22068634716364e-07,8.43343592518252e-16,-1.23227871631602e-16,9.60123362575607e-09,-2.83037606903154e-16,3.7231405451746e-16,-2.65355768725213e-16,-3.47764228522075e-16,1.33693814588028e-16,-1.46553180084322e-16,-8.08785020825441e-16,-7.62136609662665e-17,-4.06095414124815e-16,2.43530047938042e-16,2.94694789481075e-16,-5.05924034145747e-09,1.67854450768125e-08,1.78915761266646e-16,1.25282715184652e-17,-1.17650233585934e-16,-3.39740436610956e-16,1.16422984534209e-16,-2.97181188625708e-16,9.30830080389547e-17,-1.98666681186151e-16,-1.45851052494296e-09,-9.92361232326253e-17,5.79919427119167e-16,-1.22974720564436e-16,4.33621011144706e-16,8.77361960455564e-06,-3.2133439242887e-16,-2.97612147931738e-10,6.27414011880657e-16,-1.8720622845129e-17,-1.30827777992016e-16,3.25185564828026e-16,-3.19495852930198e-16,3.98364261898537e-16,4.08846489005276e-16,3.35960657696841e-16,-3.96021449848465e-16,-1.74660111498255e-17,5.72854887346608e-16,-8.27832088287128e-17,-1.47833204747286e-16,5.45241233305726e-17,-1.9457792725063e-16,1.27223515945933e-16,5.68247819985981e-17,-4.82312256140875e-16,-2.64782162644418e-16,5.86312793624909e-17,-2.46920268519996e-16,-1.2078556591155e-16,8.15596694181e-17,1.42397551348707e-16,-6.93743505647802e-17,1.42993300374857e-10,-5.52392928573867e-17,1.99327245495434e-17,1.62939704010156e-16,-5.73517401347832e-16,3.76724999350255e-17,-8.80241960644703e-17,1.33281333677656e-16,-4.99917691776321e-16,1.2775528486095e-16,-8.2006877629709e-17,-1.98273472293287e-16,7.35119978682539e-16,-1.97306735620131e-16,-1.74479481924039e-17,1.19676284514224e-16,2.17742671951315e-17,7.19484609390544e-17,-1.85253630350562e-09,-1.63462105751745e-16,-1.27273888235337e-16,-9.30941295264939e-17,1.89455449353989e-16,-2.50731887315962e-17,-1.00146955711195e-16,1.72836474154658e-18,6.34710325228378e-16,1.43567849509231e-16,3.95152933701291e-10,4.27464192403947e-16,9.74200411543993e-17,-2.11419808456644e-16,5.37323020441796e-17,1.73026730787939e-16,-9.7548143450135e-17,-1.77931794006853e-16,1.06089629069467e-16,-1.50627541959301e-16,-5.5856415941263e-17,4.46519706648538e-17,-5.3071405538385e-18,-1.52268649612475e-19,2.0068821970605e-09,-1.62850290403748e-17,1.73071147600349e-17,-2.84433203898602e-16,-2.27045487445621e-16,-1.30835213979936e-06,-9.4609234187031e-17,1.8936854143593e-16,-1.05887833960792e-16,-6.02817066474085e-17,-6.43753876450842e-17,-4.11460823627631e-18,2.05311578170693e-16,4.24845039547624e-17,-5.63373172322076e-17,5.40439868407383e-17,2.0787932729386e-16,3.86302214892965e-17,-1.27156820105641e-16,2.69357500241724e-17,4.82406200737902e-17,-2.51333410912809e-17,-2.43967824717227e-16
"t10",-0.00498130471046531,0.0524021778430163,0.0674959082276719,0.0163348768452839,0.033517924938381,-0.00555439866321752,0.00170416752097461,5.89786725207952e-05,0.000499115688651816,-0.00130926572384267,-0.00038003538701122,-0.000727997367790596,0.0121641147783976,0.11001179546842,-0.0121405976484666,-0.00327668450320576,-0.113575249673382,-0.000832454873678095,0.000194934458595276,0.000144394477217188,-0.00056309594232536,0.000160584493157625,-0.000443252928969265,0.0007641816552846,-0.00012104926447056,0.000375875294676458,-0.000497645022713967,0.00434920601176815,-0.00318807272877643,0.0166310262139757,-7.11193791344107e-05,0.00115751807988418,0.000501020309713265,3.11732231597411e-05,-1.87756115838592e-05,-5.30283997705532e-05,-0.000199237572477524,2.23529958010616e-05,0.000203798811222555,7.90829002597975e-05,0.0780548791016782,0.000508923931835472,-0.000204279219700955,0.000240889621366958,-0.000559165001714088,4.68703327428738e-05,-7.14455333967951e-06,9.71281729934035e-05,-8.36780223005687e-05,0.000144138974457852,-0.000151730476749934,0.0325595364183648,7.25580072433034e-07,-7.60544640041278e-06,-8.79803401822087e-07,1.02995804510435e-05,-1.25513394822095e-07,-0.000121312552750171,-1.05075594866654e-05,-4.77899418689556e-07,-8.10523652579632e-07,1.18297330106959e-06,-3.65115183908796e-05,5.81588495098573e-05,-1.91971683368416e-06,6.39421020286451e-06,-4.26097388231798e-07,2.33985753219152e-05,-0.00135249536029472,5.96569655894401e-06,-1.2521459998271e-06,3.12472249093651e-06,-9.96465542179583e-07,-5.95573313298031e-06,2.45196335602643e-06,2.11431084845041e-08,-1.87678284999498e-05,7.02051507784119e-05,5.37809091196798e-06,2.52751667674256e-05,-0.141062368787902,0.00119420172864279,-3.22523720189871e-05,-0.000137751233290007,7.68528305775593e-06,0.000218598028670149,-3.27797581697033e-05,-5.18725375391728e-06,-1.1551153703109e-06,4.39443513312849e-05,-9.71118510870287e-06,2.79816556895398e-07,1.89927727939123e-05,-0.000207968723254173,-2.20525778326024e-06,-0.000118900227712721,-1.4131807965589e-05,0.000236435065239647,-0.0359320259439244,0.000177288001006186,1.92622764967225e-05,-1.18162088023866e-06,2.38165409201633e-05,-1.291728104758e-06,4.21793859719109e-07,-4.59826514151643e-07,-3.06793467536317e-06,3.96894121021741e-07,-5.71712977997999e-06,1.30262406927605e-06,0.019348431197996,-2.17467024073617e-05,6.17906791477728e-06,-2.43779099001143e-06,7.93504723145129e-08,-1.82987884500469e-06,3.233030426233e-06,-2.62547502288024e-06,2.08415963384926e-06,-0.000104768753478207,1.57406213554647e-06,-3.42874194021322e-05,4.94704483184469e-07,1.27618217043694e-06,-4.38254822658076e-08,-7.17798388647361e-07,8.42417188237437e-08,-4.63874100821308e-07,0.130535134189528,-0.00373393455885845,-1.91480420116285e-06,-3.83841666656858e-06,3.93591383270981e-07,5.91781869944743e-07,-1.03742094989552e-08,-3.31247312937014e-07,-2.03728692358989e-09,-7.00450359183239e-05,9.21186951929973e-07,-2.67525212803042e-06,-1.77347777646851e-07,-5.40882457762521e-06,1.52736296475422e-06,9.76057669296847e-08,3.71687671832415e-08,-2.09564461169787e-08,-3.28390254797476e-05,1.74113550099023e-07,1.15411108129877e-08,-2.89023942622741e-08,-6.14806158634949e-07,-1.36538993588148e-07,-3.98412377455178e-07,1.10645284369831e-06,-9.46076161467528e-06,-2.89062882797341e-08,4.34685816388918e-07,-3.47011407617289e-06,-1.13655345859157e-07,-3.72470909837272e-08,-2.3819457585805e-06,9.04360591923936e-06,-1.4636013547768e-07,-2.84610793459562e-06,1.36841696006435e-06,-3.67384552121904e-07,-1.91513036345975e-05,-4.27913677903841e-07,-2.29799307313605e-05,-0.0319693777508512,-6.46709599403208e-05,-1.02122703655918e-05,6.2519711110379e-07,1.5040694483719e-06,3.49457599628734e-06,5.57624845404853e-07,3.12809658429704e-07,-1.59555824996656e-05,-5.07502183406044e-05,-0.000567286057464209,0.0141894424650567,-0.000715129428109752,0.170788809261728,-2.33597741692471e-07,-0.000430690413882607,-7.43672122950985e-08,-7.16797361953545e-06,-1.04627633451982e-07,-4.94502961611156e-07,7.0184690821688e-07,-1.71379109969379e-09,6.0632479339586e-08,3.99753360716458e-07,1.93224792761902e-09,0.0436526532109607,9.02037472377778e-08,1.31573332915764e-07,6.05055038053329e-08,-4.12224653872142e-08,-1.60824690368807e-09,-1.1768212874521e-09,6.62079736595923e-07,-1.10245027147385e-10,-3.35631946109506e-08,-5.09046590971073e-08,-2.58595858167535e-07,3.52762994868613e-08,1.8972797128687e-07,-2.77981975026856e-07,-1.70128835239705e-09,-1.06275264428188e-06,3.36026784979718e-07,-7.75065894038408e-07,-8.62982422890793e-08,-6.96028178657209e-09,-4.06562297090458e-08,7.03372071491422e-09,1.10071825444598e-07,-2.0179428439266e-09,1.3143194886848e-08,2.65362929245548e-06,-5.12168945875173e-07,-1.92449151959423e-07,-0.000103767326778235,3.17405117813488e-08,1.84153231597537e-08,2.7217837883198e-07,1.15446957036371e-06,7.82369593179663e-08,7.57396725120019e-08,-2.44580740426455e-07,-5.40030282496658e-08,-3.19706061257488e-08,-5.4407350293209e-08,3.33390122449231e-09,8.35493443326157e-09,3.35178309679665e-07,-1.67798209309918e-16,4.19479479813785e-08,-6.11063029268678e-07,3.4503377669005e-06,3.9756035363151e-07,4.88587002065971e-07,-8.27396424237001e-08,1.08651657230747e-07,-5.74978197919894e-07,9.39383327437593e-09,-6.43192463461995e-10,1.51593035544974e-07,-1.65272550407837e-06,0.000537084871499118,-5.03884335671732e-06,3.49457497375514e-07,-2.29661566340479e-08,1.60412505459693e-09,-8.05439463407507e-08,8.49688215645392e-08,-1.34821022354352e-06,-3.25469920434773e-07,6.62844540839632e-08,-3.27242235788726e-05,3.39123885532393e-07,-6.37241920871098e-05,1.56638773514854e-06,-1.5877722676252e-07,5.45612910306646e-08,-1.05635571138744e-08,-5.13845115022536e-06,1.61299968986729e-06,-8.15328152580729e-08,-9.58229842572166e-07,7.3609361099365e-08,-8.93773064773826e-07,1.3049037414524e-06,-5.81964090411359e-05,4.04983663879466e-06,-3.29470312954858e-06,2.48452414941187e-07,-4.38957239479784e-06,2.29914711478692e-07,-9.04928753786078e-07,-8.15743311785523e-16,2.36825239661354e-06,8.17964928263718e-08,1.10037259004329e-10,1.01766585454761e-06,-1.35533796335887e-07,8.62395066014123e-08,2.88444520360503e-07,-3.9321447008477e-08,1.68821020819169e-06,-5.88600048968436e-06,-2.28194366218152e-07,0.00527894784328949,-3.14044005160983e-06,3.91113354635068e-06,-1.34846098133506e-05,2.84785014671645e-06,-5.4585062496654e-06,-1.95357760584976e-07,-1.48904295888888e-07,-1.33533565858131e-05,0.000255145196520087,-1.489043017846e-06,7.53535785459118e-05,-0.917598552743888,-0.0282015854918668,8.05327616668909e-06,6.83701627444823e-06,3.53859886742002e-05,-1.0512023700363e-05,-4.94257165623111e-06,4.84015351329012e-06,-0.000521638701345644,4.50074327802187e-07,3.88371404291758e-06,-6.48550249925783e-06,9.0529026386162e-17,1.10404118303994e-08,6.40857356411764e-06,-5.56888056788113e-07,2.87258456775867e-06,3.65712257013562e-07,7.45703080713435e-07,1.74359656047225e-06,-0.000617987155332024,7.91598724267833e-06,-1.63664264517329e-16,-5.61718066528902e-06,-5.1075233537862e-08,-1.85159147226771e-07,8.7635382157803e-07,1.31737590579009e-06,-8.65219266209733e-08,-3.1911729869953e-06,8.30934283690255e-07,-3.75250117567657e-06,4.78473166007335e-06,-7.16472611731087e-07,-1.69686871767374e-06,-2.08223546099033e-06,-1.24143015687726e-08,-1.65374737894493e-06,9.82690838497977e-07,-1.76665663519788e-06,-1.05499479790095e-16,-4.94055806823261e-06,3.84991520588549e-07,1.10944733010297e-08,9.54924406069604e-08,-3.11900765050223e-06,-6.29064925723737e-06,3.18217077683866e-06,-1.15525423636382e-05,-5.67458585369823e-07,-3.03926125038755e-16,-1.03869885680528e-06,-4.0934216498867e-07,-1.31921024796628e-06,7.75543876135572e-16,2.5384670637557e-06,3.69802271427122e-06,-5.68002568769233e-07,-2.15788823719024e-06,-7.66765416975747e-07,-4.84713573892155e-07,-0.000831331927308469,3.12097474891259e-07,2.54429306326083e-06,1.49257998033077e-07,7.74666879373839e-07,1.12065653333857e-06,5.1997191921577e-16,-4.98323309916622e-07,1.67994680974139e-06,8.83572467125961e-06,-1.41080958791783e-06,-2.22716179667913e-14,-0.208584642625135,-2.86428874700053e-09,-8.246658034757e-08,-7.26874386192527e-08,-2.99463192708375e-07,4.11605604767153e-07,-0.00130307910468109,7.62058739150997e-07,2.53014272711148e-16,2.99594237481851e-06,-5.75034269163625e-07,1.61215194719322e-06,3.79290190220327e-06,-1.01872193390212e-05,-2.58714243538949e-09,-3.16587034365767e-16,1.99199272784093e-16,-2.5285895430357e-09,-3.25900442823101e-07,4.30246273129246e-08,-4.39151193046382e-07,1.72971515801232e-15,-2.16148733607536e-07,-2.6284605612316e-09,-8.05062438705361e-17,-3.98069797268895e-17,-3.63252555094569e-17,1.14394671150326e-06,0.00892535820302833,-9.16084621909936e-07,9.35205291045752e-07,4.72655492220335e-07,2.41632582097338e-05,-4.51506180889716e-07,-6.50698777626893e-15,-1.04935887873896e-07,2.97063732433431e-07,-9.08444408807152e-17,-2.41667232400385e-16,-1.88959606351491e-07,-1.01869502115762e-10,-1.11841198043758e-07,6.07859437263812e-07,1.10054863989771e-07,-4.11728464176854e-08,1.29802073432559e-16,-1.383774219364e-07,-6.54942419569166e-19,-4.70685568054904e-07,-1.5796148026756e-16,-1.22807004391075e-07,6.54065557522606e-17,5.03276379417647e-07,1.32471985307936e-07,5.47904240757577e-08,7.19027500762162e-07,3.55991000091428e-07,-4.07604605783239e-08,2.57928466672538e-07,5.71528046667879e-06,4.31862453819823e-07,3.98158156559658e-08,8.94421487142343e-08,-2.50831402560304e-07,-4.28621486220454e-07,-3.46933952310331e-08,-1.19168510086431e-07,2.84098292848584e-16,1.11162705540948e-06,-1.9099344904901e-07,9.79288073934763e-08,2.0238844246446e-16,1.71234768171206e-08,4.64237650593042e-07,3.7699268494234e-05,-3.46072241865077e-17,-3.93265051445459e-07,-2.1065804381154e-07,3.65609762401674e-18,-1.78204313061637e-05,6.14825691101941e-07,4.53918941916031e-17,-3.21692325526962e-17,-2.24795565761809e-08,-1.2065309142019e-07,-6.86660280954569e-10,-9.51453421184715e-07,2.51880629050704e-07,7.40683979232317e-08,7.13287056397668e-08,6.56186932491519e-07,-1.4680784843106e-06,5.66773461930375e-16,3.02408381445978e-09,2.08075921140837e-09,5.73799694770259e-09,5.3649960969917e-07,-1.30244777011555e-17,-5.71295425924174e-17,1.76251145626943e-07,3.7339999603386e-17,5.80550113527071e-16,8.31774096158125e-07,-2.76854364961673e-05,-1.8476678344334e-07,-1.24327114535235e-08,6.44739065189042e-06,3.69205430656815e-05,4.09165935449546e-08,7.03718968580336e-17,9.59942831610465e-08,4.47890401879991e-09,2.05453772583552e-08,-2.06375722614304e-07,8.12040866487732e-07,-2.59865161260149e-16,-2.68933084596822e-17,1.94598591242084e-16,-7.07027843709044e-08,-3.38513222145778e-08,-1.97126861253137e-07,3.93480573599992e-17,-2.59045884903589e-08,-1.44231044952667e-16,-2.76060356518562e-16,8.31945332257253e-06,-8.98582785393533e-08,3.57624086594344e-16,-2.26534103015564e-07,-1.16888947986448e-07,3.90926805561865e-16,2.64447719449311e-07,1.12695134487939e-16,9.72542589531838e-08,-6.00281293978545e-17,1.03031373623373e-07,0.000184670352703464,2.59527208018492e-08,2.60393432024788e-08,1.8319049867872e-07,-9.24652042813453e-08,2.5510323463057e-07,-5.31689055374582e-17,1.67161553205592e-06,-9.43167434434348e-08,-1.55689537615597e-16,-1.24200941884086e-08,-6.49210714341615e-06,5.86693851955126e-08,-1.07625662544269e-16,4.26563431022451e-06,2.47812304605299e-07,-1.20721239973752e-16,-6.18692990740468e-07,-1.36796035849449e-07,-7.1137011331575e-09,-2.31312843484457e-16,3.24144992073238e-17,2.87906088288236e-06,3.87344836932435e-08,3.1328563299973e-09,-5.00558926341581e-08,2.27764612549002e-08,-3.20049221800307e-19,1.06197323062444e-16,8.3093238697138e-08,5.72705454782951e-10,4.05298832933265e-17,2.00557276059831e-07,-5.94714443961789e-17,1.0365358774084e-07,-3.82778520080113e-08,-2.23629055270044e-08,-1.4819365746381e-07,-2.80825754749544e-16,-5.46568024276021e-18,1.51334812099075e-17,4.3322036640544e-17,-1.18642696285181e-08,-4.11413427530209e-08,1.70005538929914e-16,-2.34557416300603e-16,-2.81336218543701e-16,5.78483251595299e-08,5.19635102240522e-10,-2.8580314417593e-08,-8.72275705457387e-17,-2.27667209628905e-16,1.72422026743085e-17,-2.76383068830979e-05,3.62841024157133e-08,4.74573531560241e-17,6.52092601231838e-09,-1.70572461457474e-07,-1.19206735546331e-17,6.21443081429845e-17,-1.17759519773e-07,-2.73549993508657e-08,-5.82893096553444e-08,-3.30549884250405e-17,1.67456793608879e-06,9.53155951629045e-08,1.02163839374525e-07,-9.29909257706704e-08,-2.50233597670829e-07,4.07021550656081e-09,-9.58374695438321e-17,1.0890205468393e-16,1.71995662938756e-16,7.70641496018544e-08,-6.97708384195125e-08,-2.62841406468063e-08,-5.26300312164172e-07,8.60913839409881e-17,1.31447116493303e-16,-1.66761784369144e-16,2.53347596198488e-16,-4.35912697571652e-17,9.82056906614658e-08,3.16402749585718e-18,-6.16133380438799e-17,-1.5883379697052e-08,-2.47367699869462e-17,-1.42176027392015e-08,1.34926479189496e-17,-1.76251171770188e-08,4.14908958386634e-17,-2.13119666864228e-08,-2.66625115325687e-09,-2.43092951301361e-07,8.29829108761387e-16,8.54901473131207e-08,4.82245258351045e-17,1.21151395533253e-07,-2.12775470742542e-07,2.99883356092761e-08,4.35361851487159e-17,1.71648496592989e-07,8.73824435345984e-17,-4.22294054459021e-08,-5.37092770361709e-06,-7.55003319919355e-17,-2.00374064511367e-17,3.62156787092978e-17,-8.35487691101915e-18,-7.98234542336186e-10,-1.0393790671821e-08,-2.32068612581621e-09,1.26650890190937e-18,-5.68506403514535e-17,-2.452889733808e-08,2.00087742608214e-07,-3.39566462000773e-17,-1.29375908361259e-17,-1.05837382866279e-08,-1.099186056573e-17,-7.50430770838195e-08,1.86867139710242e-16,1.59909545569068e-05,1.40966686024599e-18,-1.37563666927513e-16,-3.45683239853457e-17,1.20771999707755e-16,3.41354925215202e-17,-1.43379295414032e-16,1.37451779451832e-08,-9.61553008407533e-08,7.01604805972557e-17,-0.000317706514255668,2.4401003308276e-07,8.90728814461614e-17,-2.07094059301271e-16,1.54715877809516e-16,-1.31227786674549e-16,2.59119185115877e-08,4.49040599755543e-09,-8.28342770743785e-17,-4.41369761512703e-17,-1.19403949711021e-07,-0.00661956398852987,-1.03463422748798e-09,-2.93848806451334e-16,-4.87925214751701e-17,-2.82053268035744e-17,1.7749521074661e-16,-1.48742615841161e-17,9.09032739855114e-17,8.56346620574135e-08,-8.11888802485366e-08,-1.56421772062265e-08,3.92769093002622e-17,3.17721686370959e-17,-1.45937751432724e-17,8.5769730905661e-20,-1.2888659748994e-16,8.61736974594215e-17,1.29310620710725e-16,-1.76210410523657e-18,-2.79333367078733e-17,-5.45260199545429e-17,-1.01759377138836e-16,-5.42402763601184e-18,-7.56254072121802e-17,-1.18508022909475e-17,8.67197727840801e-09,8.65683986643929e-17,1.43636356393843e-16,4.15532048423109e-18,1.22774537934845e-07,-1.47877303425954e-09,-8.83115959796231e-18,-3.16874718002957e-09,1.12211801799773e-07,4.0974335858233e-17,-4.16785244595575e-17,-5.48809725395803e-06,6.00429717213425e-17,2.76079230505763e-09,-5.04660594356934e-18,5.40548434534812e-17,-2.04843173380092e-17,1.06057588163545e-16,2.70599393782525e-09,-9.3978288191826e-06,5.81451528651407e-17,-2.02399619332478e-17,2.33718186423523e-17,-1.72332341269227e-16,-7.6422700633072e-17,-1.01059398647266e-16,-9.63659296024988e-17,1.12812621296716e-16,4.43610936582571e-09,3.81678506008815e-17,-1.55267584873193e-17,6.07018522304131e-17,3.41648630627525e-17,1.00772338406137e-17,2.57925052276479e-16,-8.74034470524995e-08,-3.52573772865674e-17,-1.81368541057883e-18,1.4638583101057e-06,5.83722069679115e-18,-2.77187325761426e-17,-1.58500453690179e-17,1.1325763771774e-17,5.41647099604448e-08,-2.15489196163675e-18,-3.99597758802566e-08,2.23520502742873e-16,-1.81324565335175e-18,-5.67506079564391e-18,1.21740935309757e-16,3.90777924895652e-17,-1.23590184266039e-16,1.4422972710764e-09,-1.01287436211919e-17,-1.22538731786277e-16,8.12969206161249e-09,-1.79886263744272e-07,6.25951233285311e-17,1.25919226820054e-07,1.84381126239185e-08,4.00492017370269e-17,-8.28593820305806e-17,6.72015237772596e-17,-1.77754674375312e-17,-4.78165436808393e-17,-3.08616753284889e-08,-5.18273788026351e-17,1.22221089612939e-16,1.90112665758861e-16,1.23443022671932e-08,8.52036649822313e-17,-3.56647777332454e-17,3.36181631718529e-17,-1.47216498675998e-18,-5.61742481003987e-09,-8.28000290738238e-17,1.68950607959296e-09,2.128132665906e-17,4.94194107474419e-18,6.51937595719136e-17,-1.78731308046349e-16,3.80661073030262e-17,1.83707365529262e-16,2.4719467657083e-17,-2.92533168103202e-08,9.07917561228869e-17,7.68301539635987e-17,1.2292210377834e-08,1.46868365438068e-17,-6.71920321807801e-17,1.71677974098749e-18,-8.16622800386345e-17,4.88824729909263e-18,2.62348482575988e-17,-1.99467689431853e-06,8.08796983968301e-17,-2.8193305181013e-17,2.64727227101834e-08,4.18917844669244e-17,1.05129120990139e-16,-7.06225538057301e-18,-3.0544158293711e-17,-7.5238063066287e-17,1.22267211960835e-16,1.67753338242987e-17,2.0729908690325e-16,-2.47678738182277e-17,-4.01432300876913e-18,-3.76019412724591e-17,-1.38529080037282e-08,4.59227997993419e-08,8.29721324165399e-17,-2.63348819844447e-17,-6.76098134990389e-17,1.92113718639721e-16,2.04080730179662e-16,-9.89875251272892e-17,-7.72296235770176e-17,9.25780084812413e-17,-3.9731288446754e-09,-4.36281413680851e-17,-1.14224161001396e-17,-1.41572665479588e-16,2.3989897229691e-17,2.38133495049569e-05,-4.29788376062486e-18,-8.04488193880718e-10,-2.2126009158507e-16,-2.19042417263759e-17,-3.55596327901743e-17,1.51254374495323e-16,6.84951441298115e-17,2.80480857385891e-17,-6.75755374994649e-17,1.28017301305254e-16,8.977185510596e-17,-3.97841594687059e-17,1.46238434247985e-16,-3.93929732377879e-18,4.02968882213529e-18,1.78776243361569e-17,2.58869495706411e-17,-6.54562090640665e-17,-3.35810823969178e-17,5.88315244283681e-17,6.69571199689271e-18,6.68762204990956e-17,1.87688948584397e-16,6.52061558366008e-18,-2.82903552260826e-17,3.46967881946792e-17,-1.81966928395026e-17,3.80851705699609e-10,5.00026913499391e-17,1.54880012546131e-16,-9.4277772999841e-18,4.31225855805435e-17,3.74802486190427e-17,-3.00917011727872e-18,9.48538449458403e-17,-1.4678333531625e-16,-3.67241136198352e-17,4.25225915234604e-18,-1.77863366396247e-16,1.04372996505028e-16,-4.09209381010624e-17,1.9192150035508e-17,-1.30706105103504e-16,-1.51909997871413e-16,-3.1305412368087e-17,-4.88600806205833e-09,-8.10481481735323e-18,3.43464032317809e-18,6.59629759016873e-17,-2.51178857537838e-17,9.2843213291495e-17,1.28349066482432e-16,1.70382882347857e-17,-1.28492084650271e-16,1.18025045385286e-17,1.03191392783658e-09,1.78442811124349e-16,-2.95347263577642e-17,9.07611165418095e-17,3.96411768657076e-17,-1.96644671534971e-17,2.04820073175261e-17,-2.66789902466939e-17,1.61668649686422e-16,-1.22034698106265e-18,-7.38497796814756e-17,-8.01773377437035e-18,-9.03911210008768e-17,-9.89798840696986e-18,5.18978469500248e-09,4.97357613755388e-17,-1.40036418156881e-16,-8.80066633851192e-17,-3.59372362597477e-16,-3.36819943093622e-06,-7.23190476764609e-18,6.69350502557679e-17,-3.02230590167364e-17,7.30647744527124e-17,-2.06821818311317e-17,1.69347598484408e-16,7.94841450090321e-17,3.41837248746746e-17,-3.79222627683966e-17,-1.15091917594563e-16,9.2643099533167e-17,3.73474294920012e-17,6.9542511347609e-19,8.62309850223335e-17,7.12975728787784e-17,1.64053725754976e-16,-2.74386821430103e-16
"t647",-0.00498472401771018,0.0524778213506326,0.0675964776630336,0.0163674492761226,0.0335996484879042,-0.00557026684400621,0.00170913083728919,5.91639737370865e-05,0.000500964376273983,-0.00131513072673954,-0.000382186299248636,-0.000733049875855394,0.0122509399929625,0.110808599710105,-0.0122322532997389,-0.00330283666401015,-0.114502681079954,-0.000839371666426059,0.000196590388317206,0.000145723118059201,-0.000568682908834525,0.000162490473714332,-0.000448791921722172,0.000773782405044904,-0.000122575694177973,0.000380827054000598,-0.000504273574567217,0.00440762319729843,-0.00323196609825715,0.0168980105811499,-7.23297526618901e-05,0.00117802285166682,0.00051046383581297,3.17852077326528e-05,-1.91604901033834e-05,-5.4188941867862e-05,-0.000203644274539062,2.28539403924923e-05,0.00020839184744618,8.08871055187262e-05,0.079877462433256,0.000521040052626225,-0.000209200658725604,0.000246698724410452,-0.000572836195566172,4.80727911473347e-05,-7.33041521653869e-06,9.96711835688401e-05,-8.59076684869768e-05,0.000148050504114797,-0.000155944840073115,0.0334733392565063,7.45974451563596e-07,-7.82190999653101e-06,-9.05433450926977e-07,1.06006378028751e-05,-1.29386382656429e-07,-0.000125103385648536,-1.08363771200393e-05,-4.93255995209048e-07,-8.36987944703897e-07,1.22185236497433e-06,-3.77170565231836e-05,6.0081189344953e-05,-1.98359228254559e-06,6.60781394110113e-06,-4.40353369699153e-07,2.41791935859602e-05,-0.00139752099885364,6.16326602590068e-06,-1.29110731266854e-06,3.21257811392898e-06,-1.02388795052803e-06,-6.11154204211483e-06,2.51566119003605e-06,2.16785665172673e-08,-1.92380716413245e-05,7.18653707050109e-05,5.48519806708068e-06,2.57344725540333e-05,-0.143157172515698,0.00121100332857244,-3.2498794513313e-05,-0.000138499713170874,7.64189309013431e-06,0.000216591641734607,-3.2353689087712e-05,-5.11649330493294e-06,-1.13916282245958e-06,4.33186945109531e-05,-9.55780790056309e-06,2.70692909699259e-07,1.83402272020525e-05,-0.000198152608554031,-2.0415515936726e-06,-0.000109514632571613,-1.30131231148769e-05,0.000214689757128338,-0.0324444790694976,0.000156357651787988,1.66137953972219e-05,-1.01697800422245e-06,2.04481185119787e-05,-9.46294513294505e-07,3.03667152035689e-07,-3.26337912519781e-07,-2.1186155288602e-06,2.71875744514851e-07,-3.85857794725285e-06,8.58447633699643e-07,0.0126474072474889,-1.34848120879562e-05,3.80543298409134e-06,-1.24092060325459e-06,3.8272699424959e-08,-7.6479552312295e-07,1.24842513327426e-06,-7.55712263129061e-07,3.64874832350507e-07,-7.87946738961483e-06,1.8438604972299e-08,8.77062590077396e-06,-2.38417006637767e-07,-6.27453308531822e-07,2.31837541312344e-08,6.01502263015295e-07,-7.30841571345599e-08,5.65195012553653e-07,-0.395307741936556,0.0114277651645318,6.3340184059581e-06,2.64593021060467e-05,-3.24341306466521e-06,-5.62060422634665e-06,2.16816064986432e-07,8.11707941876798e-06,-4.49523735391147e-08,-0.000749917494900231,6.6262565707573e-06,-1.91022157983734e-05,-1.21453255814996e-06,-3.63254548819139e-05,9.96307541610421e-06,6.30066287925556e-07,2.39899404162739e-07,-1.26705534548149e-07,-0.000181206986506568,9.08889253603875e-07,5.9687311727544e-08,-1.47236372185125e-07,-3.12917282062019e-06,-6.9236452926933e-07,-2.01676691599632e-06,5.5920028908305e-06,-4.80077720775622e-05,-1.47220585967527e-07,2.2207346225297e-06,-2.17020594260236e-05,-7.88856682384154e-07,-2.63501032229948e-07,-1.90903977897844e-05,7.47248816796493e-05,-1.54827979256314e-06,-3.13038776975099e-05,2.34790889864235e-05,-1.89449860974433e-05,0.000118447257900359,2.50236179506921e-06,0.000132492466179209,0.150306752382376,0.000243600572821458,3.72998691018687e-05,-1.52039393486869e-06,-3.22924002695599e-06,-5.72092869266783e-06,-8.52934070405942e-07,-4.61958097838831e-07,1.14248461823254e-05,1.04688031635582e-05,7.7501424789591e-05,-0.00105138932424769,-6.51632812387749e-05,0.0252532411686987,-4.67458329012534e-08,-0.000106208136192655,-2.86154573998028e-08,-2.97604653711634e-06,-6.52080587401588e-08,-3.10837079757492e-07,4.75418104927351e-07,-1.30462059414584e-09,4.64350694389091e-08,2.99752648584133e-07,1.36078941633446e-09,0.0283365323810292,2.8705752148744e-08,2.57128366401104e-08,-1.01571741240185e-08,1.75348853053411e-08,2.71539027811078e-08,2.78292250958758e-08,1.0908869664779e-05,-9.83307433809701e-10,-2.15892047354509e-07,-3.2730980136529e-07,-1.65146817328023e-06,2.23214113882757e-07,1.20297423842171e-06,-1.81830518109244e-06,-1.20491846532685e-08,-8.26001854276278e-06,2.70209955754231e-06,-7.53281032122767e-06,-9.61462138089363e-07,-7.78549261951681e-08,-5.16952716586137e-07,1.41789028204255e-07,2.51507512952378e-06,-1.78939891818593e-07,-1.05669746842626e-06,-0.000127150811332865,9.00880681448938e-06,2.92885102862359e-06,0.00137365502058575,-2.98386106919695e-07,-1.63317808763091e-07,-2.38062343468505e-06,-7.7013966802767e-06,-4.5409118733831e-07,-3.82655899374655e-07,1.16563822646803e-06,2.42907209633856e-07,1.36515798482446e-07,2.29005457873769e-07,-1.23684841682212e-08,-2.88036063048803e-08,-1.07141361782409e-06,1.73420165927763e-16,-1.21055608587742e-07,1.7291043957142e-06,-8.57511276207857e-06,-8.99756299572533e-07,-1.02728086215256e-06,1.73213452341067e-07,-1.99862978805948e-07,1.03573005961359e-06,-1.67600621432278e-08,1.096789708709e-09,-2.50841399494919e-07,2.59114750188786e-06,-0.000822452375168839,7.64203202508926e-06,-5.0306150139475e-07,2.68317053128382e-08,-1.74562982480569e-09,8.26840642751139e-08,-7.69997990326431e-08,1.2110693693173e-06,2.68290799150081e-07,-5.20819380055254e-08,2.40147937746558e-05,-2.43474166830847e-07,4.47115608800243e-05,-1.06451538521279e-06,1.02906332239817e-07,-3.51707601737467e-08,6.02736090594719e-09,2.92361555941983e-06,-9.1483213172794e-07,4.4711043672355e-08,5.18890480150901e-07,-3.82809276555592e-08,4.61304340844369e-07,-5.19927117081501e-07,2.24861033938242e-05,-1.52645998470106e-06,1.17116875057928e-06,-8.41115825706229e-08,1.32037911100168e-06,-6.66459987035526e-08,2.54483292085966e-07,2.26620473061768e-16,-5.94985604207497e-07,-2.02232379841606e-08,-2.57602251631808e-11,-2.05520024920447e-07,2.3362849994575e-08,-1.35703493087466e-08,-4.31560319211087e-08,3.67299455913369e-10,8.52842359719957e-09,-5.3915093938457e-08,-2.26352985041634e-08,0.504054391310342,5.98970192695529e-06,-4.60687403348039e-06,7.73156764860639e-06,-6.5795111296006e-07,1.0022988947567e-06,3.54173765644685e-08,2.68935293597498e-08,1.40635661135121e-06,-1.17853382028967e-05,5.92263509001184e-08,-2.31516108039033e-06,0.0185625952152645,0.00048242868133398,5.94458443133159e-08,6.23620562299287e-08,4.34433601668368e-07,-1.51476149407512e-07,-1.05173321239768e-07,1.38626999790922e-07,-1.83847884968891e-05,1.71332696048561e-08,1.66135361702138e-07,-3.40471373245646e-07,5.46906193658615e-17,1.14540447669598e-09,6.93521999009757e-07,-6.38850773281756e-08,3.3007991521023e-07,4.20957731043528e-08,8.69954584223052e-08,2.0846683607574e-07,-7.59814954523427e-05,1.02621317676112e-06,5.44525216889505e-17,-8.09182012312539e-07,-7.44472033750259e-09,-2.76536729469563e-08,1.31254636769967e-07,2.08510790827864e-07,-1.40822703397873e-08,-5.38815333900125e-07,1.43640497255438e-07,-6.79593921339237e-07,9.00175368997179e-07,-1.37813651649029e-07,-3.30261793747637e-07,-4.08143380778408e-07,-2.46303157719262e-09,-3.28535236182948e-07,1.96829895477909e-07,-3.56046640798252e-07,-1.40112030303788e-16,-1.03714407869136e-06,8.14109037174115e-08,2.34621801983489e-09,2.05713875709173e-08,-6.73593346191921e-07,-1.39133019402205e-06,7.06818456019594e-07,-2.5678038674102e-06,-1.26399604692911e-07,1.00080162599553e-16,-2.31701342785644e-07,-9.13339531342369e-08,-2.9415913230443e-07,1.95998881713171e-17,5.63835901854454e-07,8.20178781165436e-07,-1.25868101928182e-07,-4.77232575758575e-07,-1.68894472822611e-07,-1.06379034366972e-07,-0.000181857515433111,6.74566106392859e-08,5.48993945289858e-07,3.1851490715807e-08,1.61103209787097e-07,2.32689859839488e-07,4.14966700081782e-17,-9.46726892387191e-08,3.11758872800598e-07,1.53583071982562e-06,-2.09299827699329e-07,-4.93957039197472e-16,-0.00302069610150376,3.48823570128941e-08,-8.71984669503178e-08,-5.94409006161532e-08,-2.03886793125316e-07,2.31840603514685e-07,-0.000633176886852062,3.26364076157703e-07,-3.88594919502604e-17,1.24259336420806e-06,-2.38160951825622e-07,6.66026503733786e-07,1.56289692448967e-06,-4.19705095678951e-06,-1.06529286038514e-09,1.90819582357449e-17,1.02541352132169e-16,-1.0390487549585e-09,-1.33849571575471e-07,1.76705531684755e-08,-1.80432059535571e-07,5.01170318492171e-16,-8.90398595547364e-08,-1.08463672810856e-09,-3.77315768717465e-16,-8.79088986142227e-17,-1.24195523879792e-16,4.75303533345452e-07,0.00371210897243293,-3.82360946550359e-07,3.91570674134361e-07,1.97975106688453e-07,1.01560171994118e-05,-1.89848425579161e-07,-2.62377981678027e-15,-4.44421139883706e-08,1.26135074789025e-07,4.86351232205642e-17,-8.31367150398043e-17,-8.10470815410728e-08,-4.37991223343212e-11,-4.8241859665912e-08,2.62760563320177e-07,4.77687030783083e-08,-1.78825838537167e-08,-2.10423391183653e-16,-6.01552607028569e-08,-1.22337773309403e-16,-2.05141392797659e-07,4.31715752556572e-17,-5.36241274047933e-08,7.47421789257499e-17,2.20278577936244e-07,5.80091720362091e-08,2.41424067602241e-08,3.17240735315302e-07,1.57151544671844e-07,-1.80359964574391e-08,1.14361220203149e-07,2.54581572291809e-06,1.92376716789522e-07,1.77611863606534e-08,4.00003787123202e-08,-1.125544974357e-07,-1.92869557417007e-07,-1.56450268225545e-08,-5.37959639855682e-08,-1.57382682072114e-17,5.03445294969963e-07,-8.67645685867904e-08,4.48631509562295e-08,1.9554474318843e-16,7.86319715240644e-09,2.13930907389817e-07,1.73983625576257e-05,1.55280079850315e-16,-1.8163071143035e-07,-9.75824205675733e-08,-3.3495606820507e-17,-8.26682588078743e-06,2.87633435118188e-07,-1.28325116828047e-16,-1.89808692055859e-17,-1.05502656940131e-08,-5.66418612483416e-08,-3.22787343253652e-10,-4.47952907836107e-07,1.18996583067509e-07,3.50026162242614e-08,3.37219274337115e-08,3.11612165315889e-07,-6.99653449916919e-07,8.31793130467301e-16,1.44312635345527e-09,9.93187278795208e-10,2.74103753901482e-09,2.56529666646844e-07,1.50140235891408e-16,2.43945892832073e-17,8.43845833994e-08,5.07055219752962e-17,-1.74234666401965e-16,4.01409615391366e-07,-1.33787458770353e-05,-8.9289439702524e-08,-6.02558266562014e-09,3.12597784343898e-06,1.79021850777903e-05,1.98504276142259e-08,1.71247678226565e-17,4.68327036732693e-08,2.18769325560353e-09,1.00391456235254e-08,-1.01035381828158e-07,3.9892694137719e-07,6.18647042034621e-17,-2.59379080333653e-17,3.25640358812307e-17,-3.49038774122217e-08,-1.67462126175996e-08,-9.75338152024909e-08,-2.06673462612422e-17,-1.28425266131724e-08,9.35679267133745e-17,-4.07219674388455e-16,4.15994753399333e-06,-4.49362691765763e-08,2.21163690659887e-16,-1.13518189776065e-07,-5.8643801544024e-08,-1.48203119302108e-16,1.32996053313274e-07,-3.2324158604572e-16,4.9052432713784e-08,-2.89412964375589e-16,5.19796512283739e-08,9.31853667471357e-05,1.30987932791672e-08,1.31466350363291e-08,9.25536189684344e-08,-4.6839426258466e-08,1.29696435272594e-07,-2.4971135966396e-17,8.5366593702623e-07,-4.81887520711594e-08,1.43504270899787e-16,-6.34972107093984e-09,-3.32285258295732e-06,3.00595254020346e-08,-1.2456122553077e-16,2.19311460992238e-06,1.27496147195946e-07,-8.00132688315772e-17,-3.18597609352524e-07,-7.04748721683338e-08,-3.67089895539456e-09,1.09640177227867e-16,1.9730446643221e-17,1.49144364341626e-06,2.00984812564437e-08,1.62611359327729e-09,-2.61645118983265e-08,1.19188097412881e-08,7.3768443113011e-17,1.52548404657662e-16,4.35159816161761e-08,2.99955511104891e-10,7.94382341740839e-17,1.05179097145561e-07,-9.23348488053978e-17,5.44276083170811e-08,-2.0133749938061e-08,-1.17640785344478e-08,-7.79948021819667e-08,-1.13763320602276e-16,-2.94554120137189e-17,8.98636528612033e-17,-2.11222433573061e-16,-6.27073862588385e-09,-2.17523463469278e-08,7.01537384570319e-17,3.99113477764192e-16,-1.54677233760978e-16,3.06238085514459e-08,2.75232778763878e-10,-1.51600673638347e-08,9.03780873053486e-17,-2.50450701844152e-17,1.47349851504358e-17,-1.47322716910483e-05,1.93440375123512e-08,-2.07666691000376e-16,3.48303661980509e-09,-9.11771687681178e-08,2.45734580807102e-17,-1.58504463197068e-16,-6.30585739185805e-08,-1.46502967426657e-08,-3.12499354431231e-08,4.77642464757114e-18,8.99315604504449e-07,5.12370410404607e-08,5.49904303073136e-08,-5.01422272306447e-08,-1.34994196557653e-07,2.19771961685767e-09,2.90958561000674e-16,8.19060834201742e-17,1.7548851055836e-16,4.18186822359878e-08,-3.78638355943463e-08,-1.42730160663466e-08,-2.86688433997917e-07,-4.39170654843091e-17,-5.84153582041293e-17,3.91035295060073e-17,-1.68717298378458e-16,-1.8724299451363e-16,5.36660448882004e-08,-1.5776828164872e-16,-7.19025127474984e-16,-8.69038007109003e-09,-1.9846656292148e-16,-7.77947850127121e-09,-2.63232675168934e-16,-9.6450312424978e-09,-2.06128083181259e-17,-1.1686995864207e-08,-1.46282834983872e-09,-1.33471125600219e-07,4.63383583998386e-16,4.6981154213005e-08,6.74166352611454e-17,6.67077447237127e-08,-1.17438936369391e-07,1.65533783298542e-08,-2.98021401559506e-16,9.48361020317416e-08,-1.72451517176171e-16,-2.3364071571067e-08,-2.97174215768235e-06,-4.47239356472619e-16,-9.86559244805075e-17,3.04760403592599e-16,-1.93553121788818e-16,-4.42128158265476e-10,-5.7584444920988e-09,-1.28610200699134e-09,2.27058341290464e-17,-3.86824429928355e-16,-1.3610529514041e-08,1.11029399264991e-07,-3.21705979220108e-16,3.34785511913826e-16,-5.87843118154066e-09,3.82005406816742e-16,-4.16833804062038e-08,-2.20957540049929e-16,8.88049012996148e-06,-6.05219857295421e-16,2.65091118927152e-17,-1.67795970755089e-16,1.29873340625055e-16,-1.51913978499902e-16,1.72530987278424e-16,7.60039141410406e-09,-5.31623286273663e-08,1.93399947907257e-16,-0.000174807173741894,1.33817675628208e-07,-1.47304125705829e-16,4.21163107375514e-17,1.01526338037936e-15,2.43066955557134e-16,1.35216972352391e-08,2.21454288063889e-09,-4.7235493386326e-17,4.49137333810086e-16,-3.52970618049861e-08,-0.000981289567120628,-1.10395005774957e-09,4.17078111262691e-16,5.30637323247101e-17,-3.24914212967572e-16,1.16456952686944e-16,2.82702195015354e-16,-1.54606450918838e-16,4.98931610417242e-08,-4.72273604514264e-08,-9.0872682657959e-09,-1.0104690237568e-16,-1.00686032233996e-16,3.19305953276316e-16,-1.07351998947452e-16,-8.0280737523651e-16,7.14532789684075e-16,2.98178698381354e-16,4.18281880811024e-16,-6.80690052461876e-16,-1.52032635168549e-16,1.27412559964911e-15,1.16519365159297e-16,-3.66632543124149e-16,-6.21740035571879e-16,5.01148770695927e-09,-1.85821900194941e-16,-7.72918935263781e-17,2.15972018524517e-16,7.0963627573238e-08,-8.5477544699153e-10,-4.51725689680438e-16,-1.8316973409823e-09,6.48874107392767e-08,-4.73547680070455e-16,-8.97470970527862e-16,-3.17532875496379e-06,6.10641874524002e-16,1.59866888156965e-09,-2.58112473816759e-16,-6.35079018550175e-16,7.94793569466933e-16,2.15588649495503e-16,1.56930629896376e-09,-5.45074750304352e-06,8.89849621842002e-16,-5.62230610601114e-16,-3.94682568207523e-17,1.33132485129378e-16,3.30681662608079e-16,3.69421171192569e-17,-4.98454578822969e-16,3.85803614741896e-16,2.58937636144829e-09,-1.03205747811527e-17,1.09211315423408e-15,4.27405563672352e-16,-3.42613716911647e-16,3.90649983537768e-16,5.6316842963367e-16,-5.10933767654124e-08,1.84110629062131e-16,6.58772525247656e-16,8.55962238737145e-07,5.81741616897605e-16,-8.45715555875099e-16,-8.66767225551246e-16,-1.38726603057623e-16,3.17756523441717e-08,1.13457539011644e-16,-2.3456270973073e-08,1.76932010514691e-15,-1.54573121656745e-15,1.4616206963716e-15,8.20343706709926e-16,7.36061981242444e-17,-1.59986214523372e-15,8.47655893171153e-10,-1.69214335341022e-15,3.11731157761592e-16,4.78239816471526e-09,-1.05825472493651e-07,-9.03968631287646e-16,7.41371959413437e-08,1.08585335226021e-08,-1.44576789548874e-15,-5.34730579794292e-16,-1.96068017806198e-16,-8.11229094426795e-16,7.05026163972922e-16,-1.8243894804159e-08,1.80696467203834e-17,-2.22627160268997e-15,-8.60325591016238e-16,7.30448714540731e-09,4.30879154300368e-15,6.92690061415148e-16,2.24877568702625e-15,-1.18969130602516e-14,-3.32830342527267e-09,-2.25115845568713e-15,1.00143396435439e-09,8.86337013571226e-15,1.27147117143049e-14,-1.80999186016483e-14,0.707106781186547,-1.26396679199882e-14,-1.71672676791258e-14,-4.99862444964477e-16,-1.73762745667745e-08,1.57049650381444e-14,-1.56414672791157e-15,7.30533967407867e-09,-8.92293317177426e-15,4.47379822037739e-15,-1.26483435724163e-15,6.08963985711678e-15,2.41355712207572e-15,1.74574588956908e-15,-1.18741294213019e-06,-1.8670230524733e-15,3.91081104171446e-16,1.57706621364692e-08,-2.42137260348657e-15,6.66334670309898e-16,9.45580406849397e-16,-2.91458169737221e-15,5.25892074863386e-16,-2.5743345981667e-15,-1.38233395210548e-15,5.79003463220319e-16,1.38351928955946e-16,7.78719822983732e-16,1.34999959866856e-15,-8.27524639341527e-09,2.74417100495488e-08,1.43681397605562e-15,3.43329211945685e-16,4.51620987496639e-16,-5.41513340639971e-16,-5.52102851283931e-16,-9.09383001871278e-16,1.48533883648139e-16,2.33321072374038e-15,-2.3782658593617e-09,9.76196733473102e-16,-2.55854831572159e-16,7.78490210448474e-16,-5.69758906762194e-16,1.42751419155919e-05,-8.01141083415992e-16,-4.83049566043176e-10,-9.75863184511102e-17,-6.16978835411541e-16,4.29432461857994e-16,-8.76520890790496e-17,-1.14782251496356e-15,5.80390512566301e-16,4.96347491479121e-18,-1.98290227886627e-16,5.99612904900453e-16,2.15675351484215e-16,-5.64468339794597e-16,3.50522429198745e-16,1.87135831816765e-16,-5.14237946436368e-17,1.06854501302677e-15,3.77278078044045e-16,-1.62523315060874e-16,2.4070926943024e-16,-1.55694031758143e-16,1.53965675938237e-16,2.27275880407274e-17,4.73181528550967e-16,1.46855070852187e-16,1.93829554598458e-16,6.944594358262e-16,2.30060043195325e-10,1.04176609350207e-15,1.2712372951276e-16,2.28431300390341e-16,5.31356959945139e-16,-4.73642161178875e-16,-1.16391279037803e-16,-1.10988733756784e-16,2.05432852452358e-16,-2.54944229681188e-16,4.72051012220133e-16,9.28009297011811e-17,-1.621264168072e-16,-2.05209128953339e-16,5.81591775785859e-17,1.08834042491364e-16,-2.25524093686213e-16,2.00099002364916e-16,-2.96340796873028e-09,-3.28683431372839e-16,-3.09871506046447e-17,-1.72214863738972e-16,-3.23823786984932e-16,6.16749855593906e-17,4.75616882862266e-17,-1.82518307532506e-16,-2.4583241623761e-17,9.30639007334e-17,6.28455114138697e-10,8.21308414089061e-17,8.55260287096263e-16,-1.80674013472262e-16,-3.28325468238421e-17,-2.58660081076103e-16,-2.08476491064128e-16,-8.7964837910153e-16,2.06542748286784e-16,3.02076730764449e-16,8.63643040243924e-17,1.44887941023756e-16,-3.84428015767338e-17,2.89628150818618e-17,3.17370437210628e-09,5.06256374250208e-17,-1.15118693473803e-17,7.76672716045743e-17,-4.18339408253532e-16,-2.06367698602312e-06,5.81826089932584e-17,7.84337575324682e-18,7.16401314333897e-17,8.35456642393184e-17,6.52789717657066e-17,4.24008893706044e-17,2.27673619012703e-16,-1.39161885198135e-16,9.41797456047845e-18,1.55640375930545e-16,2.98898043831774e-17,1.01188074515641e-16,-8.40976722657483e-17,-1.80482360792642e-16,2.25799338148409e-17,1.68614499277506e-17,-1.63314665728595e-16
"t648",-0.00498472401771018,0.0524778213506326,0.0675964776630336,0.0163674492761227,0.0335996484879042,-0.00557026684400621,0.00170913083728918,5.91639737370843e-05,0.000500964376273984,-0.00131513072673954,-0.000382186299248636,-0.000733049875855388,0.0122509399929625,0.110808599710105,-0.0122322532997389,-0.00330283666401015,-0.114502681079954,-0.000839371666426073,0.000196590388317193,0.000145723118059189,-0.000568682908834515,0.000162490473714335,-0.000448791921722183,0.000773782405044915,-0.000122575694177985,0.000380827054000599,-0.000504273574567201,0.00440762319729843,-0.00323196609825716,0.0168980105811499,-7.2329752661895e-05,0.0011780228516668,0.000510463835812973,3.17852077326425e-05,-1.91604901033848e-05,-5.41889418678594e-05,-0.000203644274539041,2.28539403924898e-05,0.000208391847446181,8.08871055187246e-05,0.079877462433256,0.000521040052626212,-0.000209200658725569,0.000246698724410445,-0.000572836195566145,4.80727911473303e-05,-7.33041521655259e-06,9.96711835688465e-05,-8.59076684869727e-05,0.000148050504114792,-0.000155944840073078,0.0334733392565063,7.45974451569062e-07,-7.82190999648055e-06,-9.05433450918212e-07,1.06006378028891e-05,-1.29386382653157e-07,-0.000125103385648535,-1.08363771200351e-05,-4.93255995204213e-07,-8.36987944710672e-07,1.22185236499041e-06,-3.77170565231803e-05,6.00811893449275e-05,-1.98359228254336e-06,6.60781394110439e-06,-4.40353369692696e-07,2.41791935859478e-05,-0.00139752099885362,6.16326602590346e-06,-1.29110731266299e-06,3.21257811392896e-06,-1.02388795051044e-06,-6.11154204209981e-06,2.51566119003632e-06,2.16785664967644e-08,-1.92380716413236e-05,7.18653707049996e-05,5.48519806707282e-06,2.57344725540265e-05,-0.143157172515698,0.00121100332857244,-3.24987945133107e-05,-0.00013849971317086,7.64189309012161e-06,0.00021659164173456,-3.23536890877238e-05,-5.11649330494054e-06,-1.13916282244861e-06,4.33186945109132e-05,-9.55780790051534e-06,2.70692909699801e-07,1.83402272020477e-05,-0.000198152608554046,-2.04155159367316e-06,-0.000109514632571644,-1.30131231148639e-05,0.000214689757128347,-0.0324444790694976,0.000156357651788004,1.6613795397217e-05,-1.01697800421096e-06,2.04481185119976e-05,-9.46294513316916e-07,3.03667152043363e-07,-3.26337912512094e-07,-2.11861552886614e-06,2.71875744532821e-07,-3.85857794724911e-06,8.58447633682648e-07,0.0126474072474889,-1.34848120879749e-05,3.80543298408801e-06,-1.24092060329473e-06,3.82726994070266e-08,-7.64795523093928e-07,1.2484251332822e-06,-7.55712263107459e-07,3.6487483234006e-07,-7.87946738962537e-06,1.84386050603378e-08,8.77062590075933e-06,-2.38417006640742e-07,-6.27453308535975e-07,2.3183754189556e-08,6.01502263023213e-07,-7.30841571998831e-08,5.65195012560874e-07,-0.395307741936557,0.0114277651645318,6.33401840597195e-06,2.64593021060639e-05,-3.24341306469625e-06,-5.62060422635407e-06,2.16816065006297e-07,8.11707941874373e-06,-4.49523735834929e-08,-0.000749917494900217,6.62625657074197e-06,-1.91022157983652e-05,-1.21453255807331e-06,-3.63254548819006e-05,9.96307541613582e-06,6.3006628791505e-07,2.39899404198885e-07,-1.26705534546048e-07,-0.000181206986506611,9.08889253588918e-07,5.96873117305434e-08,-1.47236372168338e-07,-3.12917282061646e-06,-6.92364529194418e-07,-2.0167669159949e-06,5.59200289078085e-06,-4.80077720776065e-05,-1.47220585929054e-07,2.22073462249432e-06,-2.17020594260219e-05,-7.88856682517766e-07,-2.63501032238384e-07,-1.90903977897599e-05,7.47248816798077e-05,-1.54827979258026e-06,-3.13038776975333e-05,2.3479088986425e-05,-1.89449860974673e-05,0.000118447257900339,2.50236179510557e-06,0.000132492466179206,0.150306752382376,0.000243600572821474,3.72998691018452e-05,-1.52039393483864e-06,-3.2292400270224e-06,-5.72092869263093e-06,-8.52934070412413e-07,-4.61958097846385e-07,1.14248461824108e-05,1.04688031635582e-05,7.75014247895749e-05,-0.0010513893242477,-6.51632812388074e-05,0.0252532411686985,-4.67458328958511e-08,-0.000106208136192648,-2.8615457351834e-08,-2.97604653719778e-06,-6.52080585890398e-08,-3.10837079793225e-07,4.75418104895652e-07,-1.30462061153685e-09,4.64350695182964e-08,2.99752648504978e-07,1.3607894522793e-09,0.0283365323810296,2.87057519827224e-08,2.57128365666836e-08,-1.01571741073553e-08,1.75348852612738e-08,2.71539027659855e-08,2.78292251124683e-08,1.09088696648298e-05,-9.83307399571355e-10,-2.15892047384725e-07,-3.27309801381291e-07,-1.65146817330166e-06,2.23214113858966e-07,1.20297423840789e-06,-1.81830518097608e-06,-1.20491846539982e-08,-8.26001854285268e-06,2.70209955755994e-06,-7.53281032119569e-06,-9.61462138058619e-07,-7.78549263292392e-08,-5.16952716713462e-07,1.41789028232658e-07,2.51507512948119e-06,-1.78939891878515e-07,-1.05669746848766e-06,-0.000127150811332915,9.00880681446579e-06,2.92885102862923e-06,0.00137365502058574,-2.98386106940221e-07,-1.63317808791742e-07,-2.38062343470178e-06,-7.70139668028042e-06,-4.54091187303522e-07,-3.82655899399539e-07,1.16563822651355e-06,2.42907209638986e-07,1.36515798532215e-07,2.29005457878551e-07,-1.23684842022309e-08,-2.88036063648486e-08,-1.07141361792911e-06,2.32539973212265e-16,-1.21055608614401e-07,1.72910439559553e-06,-8.57511276205187e-06,-8.99756299461836e-07,-1.02728086216626e-06,1.73213452386374e-07,-1.99862978734703e-07,1.03573005965259e-06,-1.67600621294167e-08,1.09679005319678e-09,-2.50841399521352e-07,2.59114750198103e-06,-0.000822452375168913,7.64203202489332e-06,-5.03061501348791e-07,2.6831705385789e-08,-1.74562970212821e-09,8.26840642707865e-08,-7.69997989895381e-08,1.21106936938845e-06,2.68290799080784e-07,-5.20819380861674e-08,2.40147937746768e-05,-2.43474166931856e-07,4.47115608800537e-05,-1.064515385157e-06,1.02906332223561e-07,-3.51707602810339e-08,6.02736092989296e-09,2.92361555936565e-06,-9.14832131682783e-07,4.4711043829632e-08,5.18890480182108e-07,-3.82809275206986e-08,4.6130434074879e-07,-5.19927116929936e-07,2.24861033938371e-05,-1.52645998470839e-06,1.17116875059976e-06,-8.41115826751018e-08,1.32037911096516e-06,-6.66459989515277e-08,2.54483291758495e-07,2.37510736960943e-16,-5.9498560419242e-07,-2.02232380457432e-08,-2.5760273268026e-11,-2.05520024945392e-07,2.3362850053299e-08,-1.35703493940936e-08,-4.31560320451424e-08,3.67299425517548e-10,8.52842351809191e-09,-5.39150941052849e-08,-2.26352983921816e-08,0.504054391310343,5.98970192682119e-06,-4.6068740334912e-06,7.73156764863536e-06,-6.57951112858989e-07,1.00229889474568e-06,3.54173765383721e-08,2.68935293931488e-08,1.40635661129257e-06,-1.17853382029073e-05,5.92263509398743e-08,-2.31516108046424e-06,0.0185625952152647,0.000482428681334063,5.94458442324944e-08,6.23620553357037e-08,4.3443360177969e-07,-1.51476149374755e-07,-1.05173321175312e-07,1.38626999931034e-07,-1.83847884968608e-05,1.71332694722771e-08,1.66135361665653e-07,-3.40471373105524e-07,4.0516799034932e-17,1.14540435875246e-09,6.93521998940952e-07,-6.38850774334652e-08,3.3007991521012e-07,4.20957729380624e-08,8.69954582858235e-08,2.08466836111644e-07,-7.59814954524494e-05,1.02621317674464e-06,7.65748660921025e-17,-8.09182012400091e-07,-7.44472033883922e-09,-2.76536724382016e-08,1.31254636771705e-07,2.08510790743956e-07,-1.40822701413113e-08,-5.38815333847396e-07,1.43640497178832e-07,-6.79593921302666e-07,9.00175369008828e-07,-1.37813651695237e-07,-3.30261793771288e-07,-4.08143380842384e-07,-2.46303141770309e-09,-3.28535236236783e-07,1.96829895538745e-07,-3.56046640730404e-07,1.8749832497159e-16,-1.03714407870915e-06,8.14109037915303e-08,2.34621804020892e-09,2.05713874704862e-08,-6.73593346351058e-07,-1.39133019402713e-06,7.06818455962405e-07,-2.56780386742248e-06,-1.26399604668565e-07,-2.58661799035287e-17,-2.3170134281823e-07,-9.13339531589418e-08,-2.94159132371847e-07,7.42551652777867e-17,5.63835901763196e-07,8.20178781211226e-07,-1.25868101897646e-07,-4.77232575667122e-07,-1.68894472766357e-07,-1.06379034403233e-07,-0.000181857515433143,6.74566105709201e-08,5.48993945281189e-07,3.18514907114104e-08,1.61103210404889e-07,2.32689859682857e-07,1.89654491825526e-18,-9.46726893493268e-08,3.11758872724127e-07,1.53583071972028e-06,-2.09299827819264e-07,-4.0810543237134e-16,-0.00302069610150388,3.48823570677276e-08,-8.71984670129231e-08,-5.94409005973234e-08,-2.03886793077105e-07,2.31840603181263e-07,-0.000633176886851971,3.26364076213659e-07,-1.77603243720306e-16,1.24259336393312e-06,-2.38160951946192e-07,6.6602650370731e-07,1.56289692446859e-06,-4.19705095681436e-06,-1.0652928678113e-09,2.09576279941448e-16,-1.51418502219457e-16,-1.03904881334576e-09,-1.33849571226498e-07,1.76705528545483e-08,-1.80432059573122e-07,6.73832179966947e-16,-8.90398595718237e-08,-1.08463669900468e-09,3.96647078834482e-17,-5.10398919078252e-17,-5.38555401973617e-17,4.75303533364387e-07,0.00371210897243278,-3.82360946560124e-07,3.9157067413971e-07,1.97975106802783e-07,1.01560171995581e-05,-1.89848425581184e-07,-2.80757576521788e-15,-4.44421138351379e-08,1.26135074872372e-07,-3.46301745433673e-17,-9.68858493092845e-17,-8.10470815219275e-08,-4.37991121687908e-11,-4.82418596738072e-08,2.62760563373342e-07,4.7768703071285e-08,-1.78825841581438e-08,-3.85773468446938e-17,-6.01552606369067e-08,-1.00497119183845e-16,-2.05141392875316e-07,-9.58942940245538e-17,-5.36241272594835e-08,-1.19836417377293e-16,2.20278577814973e-07,5.80091722060552e-08,2.4142406313794e-08,3.17240735490337e-07,1.57151544765958e-07,-1.80359965743248e-08,1.14361220076387e-07,2.54581572309937e-06,1.92376716864685e-07,1.77611861533388e-08,4.00003786006642e-08,-1.12554497303691e-07,-1.92869557380914e-07,-1.56450266020197e-08,-5.3795963895684e-08,1.55877311085275e-16,5.03445295101565e-07,-8.67645683829185e-08,4.48631511212796e-08,-1.67399773266045e-16,7.86319680655083e-09,2.13930907396916e-07,1.73983625577105e-05,6.08217106574907e-17,-1.81630711449963e-07,-9.75824205218124e-08,4.19185818461668e-17,-8.26682588051314e-06,2.87633435085879e-07,3.6299236057257e-17,-5.71505451110523e-17,-1.05502655089037e-08,-5.66418613772017e-08,-3.22787181096669e-10,-4.4795290749809e-07,1.18996583201331e-07,3.50026163868538e-08,3.37219273956695e-08,3.11612165608775e-07,-6.99653450035703e-07,8.27341125296532e-16,1.44312642113551e-09,9.93187152366272e-10,2.7410370985094e-09,2.5652966674601e-07,2.02887149874128e-16,-7.30807539114739e-17,8.43845835176398e-08,-4.93111330913661e-17,7.81027405151869e-17,4.01409615426128e-07,-1.33787458772752e-05,-8.92894392666549e-08,-6.02558247445812e-09,3.12597784355845e-06,1.79021850776136e-05,1.98504279508978e-08,-7.09389161868141e-18,4.68327038831613e-08,2.18769306955408e-09,1.00391455414568e-08,-1.01035381877935e-07,3.98926941714552e-07,-2.63321031634526e-16,-2.38478719374126e-17,5.41533234569012e-17,-3.49038774715863e-08,-1.67462125856138e-08,-9.7533815172341e-08,-3.7988778306662e-16,-1.28425265337347e-08,-7.08123692284766e-17,3.5024260997508e-16,4.15994753371598e-06,-4.49362690775827e-08,-3.42472361233859e-17,-1.13518189903658e-07,-5.86438015660972e-08,-5.54127775127569e-17,1.32996053121779e-07,3.17534447300355e-16,4.90524326250791e-08,-1.33850297996879e-16,5.1979650888254e-08,9.31853667473572e-05,1.30987934161001e-08,1.3146635328809e-08,9.2553619062465e-08,-4.68394261021443e-08,1.29696435149018e-07,5.45039590174487e-17,8.53665936866657e-07,-4.81887518711719e-08,-6.55539223032002e-17,-6.34972116448873e-09,-3.32285258300652e-06,3.00595251991419e-08,-4.84920351047162e-17,2.19311460997093e-06,1.27496147426465e-07,1.50071498606419e-16,-3.18597609269529e-07,-7.04748719957181e-08,-3.67089889333069e-09,-1.97698791110376e-18,-1.74477727342255e-16,1.49144364335145e-06,2.00984815160192e-08,1.62611404312437e-09,-2.61645120514756e-08,1.19188096092667e-08,-8.18430652493166e-17,-1.61164773146116e-16,4.35159815878189e-08,2.99955477884368e-10,8.27674596817509e-17,1.0517909722808e-07,1.40182233850279e-16,5.44276086886123e-08,-2.01337500934876e-08,-1.17640784265483e-08,-7.79948019692881e-08,-1.36344820722535e-16,7.10656674855019e-17,4.92318712136656e-18,1.9159334807107e-16,-6.27073876289155e-09,-2.17523459910798e-08,-1.57248327929718e-16,-8.7773776756721e-16,1.94539258826283e-16,3.06238083397112e-08,2.75232713204746e-10,-1.51600674489075e-08,-3.69651326385569e-17,2.95509466506291e-16,3.11030498231779e-17,-1.47322716909526e-05,1.93440374681191e-08,2.09832465722297e-16,3.48303609748577e-09,-9.11771690867515e-08,-3.94187996794923e-17,1.05070444230272e-16,-6.30585740237727e-08,-1.46502966800268e-08,-3.12499350407569e-08,-6.91192664090812e-17,8.99315604791021e-07,5.12370408873388e-08,5.49904304149399e-08,-5.01422271820386e-08,-1.34994196940212e-07,2.19771977438695e-09,-3.20965541053291e-16,-1.14208640151823e-16,-9.27560559907022e-17,4.18186823203977e-08,-3.78638355114579e-08,-1.42730163853649e-08,-2.86688433984122e-07,3.71976153414017e-17,9.19078498768003e-18,2.37553766136836e-17,7.46486434732171e-17,6.51745828822753e-18,5.36660446926818e-08,4.43905575183505e-17,6.70608185098489e-16,-8.69037984837343e-09,2.38009717929011e-16,-7.7794782966349e-09,2.24532941964277e-16,-9.64503166823171e-09,9.23260857627119e-17,-1.16869960302677e-08,-1.46282785324121e-09,-1.3347112545492e-07,4.63110303211727e-16,4.69811546149491e-08,-1.0972035582094e-16,6.67077442737452e-08,-1.17438936280254e-07,1.65533780922502e-08,1.00042709219378e-16,9.48361017698443e-08,7.54130444329111e-17,-2.33640714251645e-08,-2.97174215771131e-06,3.73821517510952e-16,1.32288158876919e-16,-3.49588478106518e-16,1.82867027861141e-16,-4.42127871481741e-10,-5.75844451493586e-09,-1.28610221640859e-09,-1.20937839835879e-17,5.33176859214103e-16,-1.36105295151088e-08,1.11029399047988e-07,1.74750342672949e-16,-3.40658545317784e-16,-5.87843123996601e-09,-3.39645527483176e-16,-4.16833803997309e-08,1.00782883296003e-16,8.88049013002555e-06,5.51501133386386e-16,-5.02804919436897e-18,1.20798573977956e-16,-1.32930443816324e-16,1.55955885453724e-16,-2.17144826040037e-16,7.60039147091233e-09,-5.31623278533916e-08,-1.60051758126132e-16,-0.000174807173741989,1.33817675711992e-07,1.93192713502513e-17,6.11927630613482e-17,-6.01751271451117e-16,-1.85654607144861e-16,1.35216967392647e-08,2.21454282526829e-09,1.75831871021038e-17,-5.00490139895543e-16,-3.52970624323713e-08,-0.000981289567120982,-1.10395004602456e-09,-4.41746748291881e-16,-1.47016132362638e-16,3.08659601240502e-16,-4.38572504369343e-18,-2.9350555430493e-16,2.23389506399966e-16,4.98931608124636e-08,-4.72273608158872e-08,-9.08726812277966e-09,9.02235446611532e-17,2.03659912411626e-16,-3.40088860831297e-16,1.13627706572261e-16,6.9213284828557e-16,-5.65774375820645e-16,-3.5240390018377e-16,-3.42554492623411e-16,7.38083719666224e-16,2.25226880929624e-16,-1.21961345725681e-15,-1.39260716507076e-17,3.54931723015441e-16,3.03175000035851e-16,5.01148828432499e-09,2.02630286295218e-16,2.88734754593759e-16,-3.08249737236298e-16,7.09636273127045e-08,-8.54776191101779e-10,5.13575758606222e-16,-1.83169678115369e-09,6.48874107025411e-08,3.95243026380951e-16,9.18836341487667e-16,-3.17532875456811e-06,-6.11616618342049e-16,1.59866994198713e-09,2.81614501158781e-16,6.60256045994913e-16,-7.96707366735876e-16,-2.57783858657333e-16,1.56930631570172e-09,-5.45074750293582e-06,-9.71562846790825e-16,4.35648789607314e-16,3.17204102896966e-17,-3.84082773134724e-16,-1.70761842166467e-16,-1.02972047233148e-16,5.16555261305879e-16,7.67478904497981e-17,2.58937588825318e-09,1.31718129209605e-17,-1.05943228859811e-15,-4.17869398152306e-16,3.41617472059684e-16,-3.86966514243044e-16,-9.4287944399053e-16,-5.10933771527816e-08,-1.40984920404926e-16,-6.74712115592953e-16,8.55962239442665e-07,-5.72845183767926e-16,8.32571663778309e-16,8.46044689750944e-16,2.00838120174001e-17,3.17756522099303e-08,-1.39520961411997e-16,-2.34562728817656e-08,-2.08220439992823e-15,1.51832868724468e-15,-1.47167816852143e-15,-9.5859991837168e-16,-8.88191576388548e-17,1.38738584465954e-15,8.47654132307806e-10,1.00806732770131e-15,-3.90616575592273e-16,4.78239797564189e-09,-1.05825472764199e-07,8.84647580199254e-16,7.41371963714051e-08,1.08585316049266e-08,1.43553816978932e-15,6.48621911820318e-16,1.53083957575631e-16,8.48730717036526e-16,-8.33904360678972e-16,-1.82439003273226e-08,-6.21112764206576e-17,2.18055960693566e-15,9.56879420980367e-16,7.30448671256118e-09,-4.32232314194022e-15,-6.27915721158843e-16,-2.159899216932e-15,1.18855772841052e-14,-3.32831028994943e-09,2.38453674790839e-15,1.0014222046812e-09,-8.85667774062713e-15,-1.28851718290756e-14,1.81309780977539e-14,-0.707106781186546,1.26728784366531e-14,1.72565505349763e-14,4.87728187515271e-16,-1.73762779888662e-08,-1.57348939286797e-14,1.65446047717545e-15,7.30533761162094e-09,8.80183383666469e-15,-4.43661767376835e-15,1.34463245970831e-15,-6.08086773551159e-15,-2.40811028206345e-15,-1.75226542145141e-15,-1.18741294546496e-06,2.12977662896272e-15,-4.42777398788306e-16,1.57706599171301e-08,2.43586863479832e-15,-7.13324198255391e-16,-1.30426810530738e-15,2.97047170475982e-15,-4.87157214457788e-16,2.64679645288762e-15,1.32773752086454e-15,-5.81396322203514e-16,-1.55539126094254e-16,-8.15522507704017e-16,-1.3402061977469e-15,-8.27524914479888e-09,2.74417089408621e-08,-1.40699094282842e-15,-3.88446114330263e-16,-4.50094289791123e-16,5.47399216254512e-16,7.86405717021627e-16,1.02508999892973e-15,-6.42616803397447e-17,-2.27139782133691e-15,-2.37826429216483e-09,-9.90188383261761e-16,2.4732173514706e-16,-8.78644698826208e-16,5.53017670995912e-16,1.42751419147531e-05,7.60448961923699e-16,-4.83050074920059e-10,3.3666195372872e-16,5.09418867091927e-16,-3.93225961674934e-16,3.97380518260584e-16,1.2224757042431e-15,-4.65560818715769e-16,-1.57749383011556e-17,2.87117582986293e-16,-5.1112920171236e-16,-2.7187743350681e-16,6.37253399774158e-16,-2.84847105361793e-16,1.95257218484715e-16,-6.47932500188183e-19,-1.07787263746879e-15,-2.82116410655487e-16,2.12154703489245e-16,-2.80819420437299e-16,1.65787271687663e-16,-7.84601125851601e-17,2.80652508611451e-16,-4.77269621764159e-16,-1.45898150443739e-16,-2.06021375086938e-16,-7.31483241826672e-16,2.30059943185174e-10,-1.01394757321423e-15,-7.5066423128632e-17,-1.43422143836738e-16,-6.84389754611332e-16,3.77319113199876e-16,1.38164753730412e-16,2.52924050991087e-16,-2.56238728181295e-16,2.65320781764581e-16,-4.64299404883769e-16,-1.96498091235842e-16,1.85175971968651e-16,2.50312663619181e-16,-5.5099104641336e-17,-1.64405828054295e-17,9.51423644412935e-17,-2.00200789953243e-16,-2.9634080089774e-09,2.94785543881253e-16,-2.51211506129539e-17,-2.73162236325184e-17,2.61126575572849e-16,1.77021171894019e-17,-2.43634952407168e-17,1.54552170953661e-16,-1.06411412576382e-16,-1.99204333883632e-16,6.2845515402759e-10,4.62877952128929e-17,-1.50236078842156e-16,8.63750304616633e-17,4.74220080705437e-17,2.1304329820151e-16,-6.18772991977144e-17,8.29790669503759e-17,-8.51071169758709e-17,-3.12370590373116e-16,-1.33175866832302e-16,1.06163463657786e-16,-6.63726428371864e-18,1.08301171688737e-16,3.17370443056155e-09,1.06989522582142e-17,-6.53946587823035e-17,5.60561579119127e-17,-3.05243569136138e-16,-2.06367698594266e-06,-5.96761555217023e-17,8.09228984417353e-18,2.45335964059942e-17,3.33589030027367e-17,5.35452529870099e-17,4.66473444855083e-17,3.16221666901727e-16,9.05396543732337e-17,6.34464822035083e-17,4.01312724808159e-17,1.12197960107462e-16,-1.9008326996089e-17,-1.58487999077391e-16,9.29468004609457e-18,-2.78060704557738e-18,5.79691636603517e-17,-3.31055088720469e-16
"t915",-0.00498511870876957,0.0524865855760028,0.0676081325637395,0.0163712336351498,0.0336091648429818,-0.00557211861073397,0.00170971020746856,5.91856298464213e-05,0.00050118107130342,-0.00131582105874473,-0.000382441120663034,-0.000733652848813029,0.0122613137966168,0.110903859967804,-0.0122432308715844,-0.00330597699734677,-0.114614170531258,-0.00084020387853609,0.000196789851996994,0.00014588386029773,-0.000569361929120002,0.000162725136858704,-0.000449476864096535,0.000774970180382858,-0.000122764601546418,0.000381442349667326,-0.00050509809723239,0.00441489561336716,-0.00323744396390935,0.0169319269942058,-7.24847561151139e-05,0.00118066463239969,0.000511693102318005,3.1865467236778e-05,-1.92114042751764e-05,-5.43447535997267e-05,-0.000204237453863037,2.29215975129536e-05,0.000209013087634708,8.11319313905921e-05,0.0801263875804673,0.000522704348102978,-0.000209879156220289,0.000247499845193138,-0.000574729896305661,4.8242204328759e-05,-7.3567434754977e-06,0.000100032347918057,-8.6226677850967e-05,0.00014861478022783,-0.000156559763053875,0.0336074048198085,7.48968969851678e-07,-7.85391638553304e-06,-9.09277329158224e-07,1.0645888917852e-05,-1.29993958510689e-07,-0.000125705711057373,-1.08887042270074e-05,-4.95783565514323e-07,-8.41466778098595e-07,1.22852926951274e-06,-3.79266524303688e-05,6.04164674678652e-05,-1.99500698068694e-06,6.64688160217829e-06,-4.43112054041007e-07,2.43345439694266e-05,-0.0014066042210021,6.20415691128026e-06,-1.30060996432953e-06,3.23804273770651e-06,-1.03209426453586e-06,-6.16164540842954e-06,2.53634302237469e-06,2.18585198683661e-08,-1.93983783910223e-05,7.2475478767161e-05,5.53372973138167e-06,2.59659241979282e-05,-0.144480684362721,0.00122226559856165,-3.28141519855597e-05,-0.000139860684274953,7.7210563130796e-06,0.000218867197667558,-3.26984400342354e-05,-5.17113736696984e-06,-1.15133629184727e-06,4.37823034667043e-05,-9.66064559745375e-06,2.73753307539735e-07,1.85485061163525e-05,-0.000200470873308126,-2.06666039905193e-06,-0.000110871545177712,-1.31744144397897e-05,0.000217400802010872,-0.0328570038126047,0.000158397454101397,1.68350579855589e-05,-1.03054686526377e-06,2.07215048061646e-05,-9.60136779868331e-07,3.08138421733402e-07,-3.31167567322572e-07,-2.15025481478618e-06,2.75946150582964e-07,-3.91660451532651e-06,8.71444254631379e-07,0.0128393034115569,-1.36920735323305e-05,3.8640123430209e-06,-1.26067330247617e-06,3.88862332774457e-08,-7.77245623214185e-07,1.2688880763438e-06,-7.68333080394355e-07,3.71078027585328e-07,-8.01522467134689e-06,1.87586916937147e-08,8.92685920606102e-06,-2.42734657030134e-07,-6.388234239323e-07,2.360486167111e-08,6.12612895797997e-07,-7.4436007207958e-08,5.75800358474175e-07,-0.403031210892395,0.0116511390066387,6.4582299670456e-06,2.69921808255034e-05,-3.30907333578622e-06,-5.73481575869786e-06,2.21289616453543e-07,8.28491246162772e-06,-4.59119808345674e-08,-0.000766337808700462,6.77639747160639e-06,-1.95354586590603e-05,-1.24223894642157e-06,-3.71565788393945e-05,1.01921149843295e-05,6.44577051112829e-07,2.45424549650682e-07,-1.29661725478285e-07,-0.000185544398955821,9.31212840694067e-07,6.11627137310107e-08,-1.50927339377016e-07,-3.20770333950306e-06,-7.09833222688529e-07,-2.06781066901875e-06,5.73403984846611e-06,-4.92674376328532e-05,-1.51103470347885e-07,2.27951992130435e-06,-2.23254943419965e-05,-8.11966563961111e-07,-2.71243580759551e-07,-1.96606795482371e-05,7.69646690915155e-05,-1.59567626362676e-06,-3.22646138579838e-05,2.42145698040904e-05,-1.95502248784294e-05,0.000122451296159973,2.58712040708791e-06,0.000136982461146577,0.155439615420729,0.000251994160408103,3.85867437442847e-05,-1.57378393941274e-06,-3.34326723808207e-06,-5.92536682689694e-06,-8.83503280146762e-07,-4.78539591065983e-07,1.18464396497306e-05,1.08662808144493e-05,8.04584291251162e-05,-0.00109169185717249,-6.76958220015671e-05,0.0262399164679749,-4.85817563109407e-08,-0.000110399884390638,-2.97635218388317e-08,-3.09593339036346e-06,-6.79286864239135e-08,-3.23820955160687e-07,4.95510807988223e-07,-1.36156497268371e-09,4.85168071466916e-08,3.13315527842638e-07,1.42321289384523e-09,0.0296498113711887,3.00773534877267e-08,2.69495846566787e-08,-1.06526061153993e-08,1.8396192333726e-08,2.85617405182006e-08,2.92757516799757e-08,1.14890349304554e-05,-1.03679437246894e-09,-2.28289535628832e-07,-3.46110098513933e-07,-1.746802979169e-06,2.36298747924973e-07,1.27424717733687e-06,-1.92913163100096e-06,-1.28098948222365e-08,-8.79653337119364e-06,2.87915972351714e-06,-8.04646251136163e-06,-1.02849589902875e-06,-8.3286209573551e-08,-5.53647951691871e-07,1.52309801581009e-07,2.70329800334056e-06,-1.92960694470872e-07,-1.14219204677965e-06,-0.000137553567824279,9.78077975832972e-06,3.18262996771475e-06,0.00149414161320183,-3.25558710170339e-07,-1.78304278510725e-07,-2.59948523255517e-06,-8.43954108773678e-06,-4.98741376081939e-07,-4.21378503294263e-07,1.28515361580713e-06,2.68155798588751e-07,1.50889519985767e-07,2.53205726573996e-07,-1.37207846608821e-08,-3.20211188909658e-08,-1.19393794326045e-06,-2.19934700476304e-16,-1.35379181956375e-07,1.93510712506013e-06,-9.6470784990692e-06,-1.0165662340922e-06,-1.16493582459406e-06,1.96468437687042e-07,-2.28359697716827e-07,1.18493378684013e-06,-1.91859811713068e-08,1.2592257555295e-09,-2.88577221785496e-07,2.99239425237674e-06,-0.00095147477238536,8.84734443602117e-06,-5.84798758563662e-07,3.17978657993192e-08,-2.08484188180186e-09,9.94355389819942e-08,-9.41499354124201e-08,1.48269803740045e-06,3.32844950849993e-07,-6.51366463113288e-08,3.04093577276761e-05,-3.09611211750898e-07,5.71172560705658e-05,-1.368859882229e-06,1.3370037826416e-07,-4.57513504377889e-08,8.0797932820569e-09,3.92213599773741e-06,-1.22833102237907e-06,6.0593488562246e-08,7.0574424652756e-07,-5.2691852702269e-08,6.36433980048974e-07,-7.89068935015071e-07,3.45963959598766e-05,-2.37561644531522e-06,1.87548078357297e-06,-1.38165361362153e-07,2.32194688292314e-06,-1.19961860661323e-07,4.67216078622889e-07,1.2717491238678e-17,-1.18222209085578e-06,-4.06653184276859e-08,-5.40134536813613e-11,-4.86968852594324e-07,6.38920477739424e-08,-4.04882295378124e-08,-1.35265696678617e-07,1.99701680288171e-08,-8.71091389802581e-07,3.05130655623825e-06,1.32326647343904e-07,-0.495878367638247,-4.61194596287456e-06,2.98111112202338e-06,-2.64476118495355e-06,-1.34602467630388e-07,3.18357226524328e-07,1.14463218799261e-08,8.73554688678996e-09,6.96163098018605e-07,-7.12963714611585e-06,3.64455564738906e-08,-1.45747025164351e-06,0.0119774360022549,0.000313470407002247,4.06056780559808e-08,4.27361524931676e-08,2.99443308550775e-07,-1.04810924840016e-07,-7.36535979598164e-08,9.82843441421485e-08,-1.31729231403427e-05,1.23301180238593e-08,1.20417654195192e-07,-2.50281851465067e-07,-1.15578015932568e-17,8.9612675558672e-10,5.45112670072763e-07,-5.0544462091773e-08,2.6120089132365e-07,3.33180686591327e-08,6.89611528369174e-08,1.65719284638373e-07,-6.05978495150897e-05,8.23586206545591e-07,-1.51844893872873e-16,-6.57817508398792e-07,-6.06101265212857e-09,-2.25827910150559e-08,1.07224614056365e-07,1.71542942219661e-07,-1.16276900736818e-08,-4.470574693455e-07,1.19555126805051e-07,-5.69247009222584e-07,7.58058770099434e-07,-1.16427745140627e-07,-2.79495326094751e-07,-3.45768768363822e-07,-2.09043091298607e-09,-2.78890679991687e-07,1.67297398413685e-07,-3.02915325343747e-07,-1.59035042692351e-16,-8.88300834392933e-07,6.98177064496595e-08,2.01213359679477e-09,1.77043297933915e-08,-5.80010720092868e-07,-1.20509791011153e-06,6.13163306599267e-07,-2.22823568837666e-06,-1.09807964519199e-07,2.06983802412312e-17,-2.01539879195771e-07,-7.94810908986762e-08,-2.56413820244983e-07,-2.11066246632375e-17,4.92346529893583e-07,7.16475886049957e-07,-1.09976219113853e-07,-4.17155469750853e-07,-1.47736983332611e-07,-9.31014600825182e-08,-0.000159223515425125,5.91304521592825e-08,4.81297844076392e-07,2.79459269720925e-08,1.41540450947586e-07,2.04448225007554e-07,2.53357721874354e-17,-8.33927787737575e-08,2.74730439388582e-07,1.35466076802819e-06,-1.84860832064835e-07,-1.65719521791505e-16,-0.00267538965683423,3.09842543280491e-08,-7.75493048583206e-08,-5.28928674925786e-08,-1.81546042740279e-07,2.0668257082664e-07,-0.00056551134012993,2.92702506416076e-07,-1.36510296254015e-16,1.11807103294678e-06,-2.14351856613641e-07,5.99774009501104e-07,1.40848163572275e-06,-3.78259347450908e-06,-9.60294255425519e-10,-1.21755903970122e-16,-3.51416493461432e-17,-9.37728403616793e-10,-1.2091551502784e-07,1.59649257022411e-08,-1.63153435896606e-07,5.14439067465002e-16,-8.06547203444143e-08,-9.83224283126192e-10,2.18593181859028e-16,-4.89297216125591e-18,-7.22050829936917e-17,4.31811367780852e-07,0.00337333633967615,-3.4777880155715e-07,3.56418235674095e-07,1.80217604473883e-07,9.25208801843937e-06,-1.72965975286204e-07,-2.57287205210474e-15,-4.05492393035788e-08,1.15143140305047e-07,-1.55765168329206e-16,1.95948521841575e-17,-7.41201192351977e-08,-4.00725708659860e-11,-4.41615436854377e-08,2.40623040204447e-07,4.37737340039246e-08,-1.63887898519551e-08,1.87237363423719e-16,-5.51382978942666e-08,-1.27262003477545e-17,-1.88110207732004e-07,-1.02907726827819e-16,-4.91868605628685e-08,1.4179881051632e-16,2.02126609063558e-07,5.32329282769471e-08,2.21759747660901e-08,2.91459171269653e-07,1.44392073167698e-07,-1.65775135834947e-08,1.05145320382926e-07,2.34226864860137e-06,1.76996570523829e-07,1.63445871089479e-08,3.68237315405314e-08,-1.03666432361996e-07,-1.77710386172579e-07,-1.44198154111076e-08,-4.95904817383036e-08,-5.78635143770222e-17,4.64301116347843e-07,-8.00528357566684e-08,4.14410440003365e-08,1.14216202871015e-16,7.26575683672475e-09,1.97771189327356e-07,1.60873639819055e-05,-6.77048656256721e-17,-1.67961677082504e-07,-9.02747359177813e-08,1.68381833018135e-17,-7.64922698164122e-06,2.66443833933138e-07,1.07935356561104e-16,2.78850297439378e-16,-9.77715392119297e-09,-5.24931659482934e-08,-2.99197347991894e-10,-4.15298827952349e-07,1.10371657489878e-07,3.24668524169919e-08,3.12806305030083e-08,2.89219953850223e-07,-6.4967431388564e-07,2.52104110157192e-16,1.34026605823617e-09,9.22423329405372e-10,2.54599973077247e-09,2.38305367543357e-07,-4.538118838508e-16,8.96611227697123e-18,7.84027193336618e-08,-1.61744882501934e-18,-4.22923956306185e-17,3.73330193952894e-07,-1.24449742638079e-05,-8.30577622940129e-08,-5.60708369416366e-09,2.90900886931266e-06,1.66597971773972e-05,1.84740732888114e-08,-2.25663618806215e-17,4.36159817258036e-08,2.03772822341422e-09,9.35141858549247e-09,-9.41363654808546e-08,3.7184571492226e-07,3.80767455434837e-17,-4.87750927742536e-18,3.41476252500595e-17,-3.25539803079509e-08,-1.56227605999815e-08,-9.09923262817885e-08,-1.40956791688782e-16,-1.19841079125157e-08,-9.05217232350206e-17,-1.26678609984952e-16,3.88593302313444e-06,-4.19768670010115e-08,1.35620139250781e-16,-1.06068505122626e-07,-5.48031474647106e-08,7.24961861232942e-17,1.24322211543041e-07,1.78823397219664e-16,4.58691999672148e-08,-1.99918234968924e-16,4.86079623136584e-08,8.71429338797738e-05,1.22497575836366e-08,1.22949607831468e-08,8.65650581143786e-08,-4.38225473063863e-08,1.21395508834027e-07,4.05993252357302e-17,7.99453720396177e-07,-4.51310500660866e-08,5.12733721074387e-17,-5.94725848724477e-09,-3.11266238710498e-06,2.81615027591076e-08,8.23467381484723e-17,2.0554804367404e-06,1.19504457493989e-07,-1.50772295013035e-17,-2.98659248711497e-07,-6.60679118947884e-08,-3.44201802357558e-09,-3.38390317401631e-17,-2.99341381587927e-17,1.39908849351571e-06,1.88575354914068e-08,1.5257721106801e-09,-2.45701771108154e-08,1.11940108149061e-08,3.06594423339542e-16,1.06255092061089e-16,4.08734153713047e-08,2.81743810559717e-10,-1.88580263518167e-16,9.88081063122133e-08,-2.75368424569531e-17,5.11382505038872e-08,-1.89207284307702e-08,-1.10554702372389e-08,-7.33008529664631e-08,-1.0344982378268e-16,-9.63063821179063e-17,-8.45436241334436e-17,-5.88128842594523e-17,-5.89625987881707e-09,-2.04541514950406e-08,8.09956645886816e-17,-7.86660075909193e-18,4.93150818953874e-17,2.88003330491157e-08,2.58860380145957e-10,-1.42606782833864e-08,1.00181264916281e-16,1.42438754476178e-16,3.494315839285e-16,-1.38661500954328e-05,1.82071400273012e-08,-1.05030272874987e-16,3.27904810025388e-09,-8.58448286039893e-08,2.85621907804133e-17,-8.75948208755641e-17,-5.93829756902027e-08,-1.37965788879585e-08,-2.94324631929463e-08,-6.69838590999465e-17,8.47182500066367e-07,4.82721703618614e-08,5.18163086469867e-08,-4.72577917590443e-08,-1.27235729010472e-07,2.07162640981533e-09,1.93866052480316e-17,2.31456587418547e-17,-4.43057447539129e-16,3.94424879798967e-08,-3.57126794603754e-08,-1.34631202220174e-08,-2.70521346835767e-07,-1.38446846750051e-16,1.21197596025425e-16,1.60478374766518e-16,1.63475521169846e-16,1.64209258366343e-16,5.06591787004069e-08,1.9700340237974e-16,-1.36368510041333e-16,-8.20469286012994e-09,-2.48385531012038e-16,-7.34475809836189e-09,-3.09807384770758e-17,-9.10618523757011e-09,-3.1063784077702e-17,-1.10369200329944e-08,-1.38154452891502e-09,-1.26066430230033e-07,4.6239260457096e-16,4.43798270807183e-08,-6.99392842745945e-17,6.30299236144171e-08,-1.11000012659894e-07,1.56460110292138e-08,7.81884554080528e-18,8.96493479357572e-08,3.63421938887782e-19,-2.20907715247164e-08,-2.80981569581344e-06,-1.82276991784197e-17,-3.82303628409666e-18,6.94284070166113e-17,-1.55827948511581e-17,-4.18107269032814e-10,-5.44583032066609e-09,-1.21634491894677e-09,6.28216015320354e-17,-6.79449212270054e-17,-1.28754550164129e-08,1.0503408450475e-07,1.50555416923947e-16,1.86005771460287e-16,-5.56269338422443e-09,2.67193152880453e-17,-3.94470495171132e-08,1.90431468922268e-16,8.40560614468358e-06,-1.10653526761492e-16,-1.29744236602496e-16,3.60459140591842e-17,1.78825239520033e-16,-3.639120894523e-17,6.29676711641052e-17,7.19664568494751e-09,-5.03384979333939e-08,1.10166840260312e-17,-0.000165543302695602,1.26732862063353e-07,-9.06092822574902e-17,-2.40180705139463e-16,-2.24560805404312e-16,-7.31283110223043e-17,1.2808767527408e-08,2.09789405385021e-09,8.18081896256798e-18,-1.48037454867641e-17,-3.34398196571186e-08,-0.000929663806545576,-1.04589848021508e-09,-4.5768026770933e-17,2.67431868924914e-17,5.95626442719533e-18,-4.36417828134735e-17,-1.37862248292622e-16,-7.29556131093887e-17,4.72894901113458e-08,-4.47645616616167e-08,-8.61372331753346e-09,1.98504098295456e-17,-5.81812111459261e-17,-9.4766252724379e-17,-8.27899862763807e-19,-8.52408407931022e-17,-1.0765638649491e-16,-2.73025362803723e-17,1.10433092427169e-17,-6.77636363785586e-17,-1.53375748260044e-17,4.25309243106149e-16,6.04052466694593e-17,-1.86512796730849e-17,4.82377607776685e-19,4.75342183304422e-09,-5.39318374298348e-17,-1.74654973811057e-16,5.78893226027347e-17,6.73150996150494e-08,-8.10844119531709e-10,-9.35607333293332e-17,-1.73757746440436e-09,6.1559669780634e-08,3.51330780831306e-17,-1.06815173913247e-16,-3.01287279700527e-06,1.61694333602591e-16,1.5171184363233e-09,3.92697260360304e-17,-8.06422773727557e-17,-3.29240451866268e-17,4.06553494083633e-16,1.48962177372599e-09,-5.17406030252968e-06,-7.00614835336217e-17,2.18227770143589e-16,3.15073563237521e-17,-1.4199887691133e-16,-1.48264647087393e-16,4.85922073816846e-17,-6.79276314946938e-17,3.99619282925063e-17,2.4600336447829e-09,1.34228656067547e-16,-6.74878055681463e-18,2.15701495719154e-17,2.9523104827307e-17,7.20608516025002e-17,-2.36322044366159e-16,-4.85499977466603e-08,3.36993628972928e-17,1.32896621636112e-16,8.13380339655103e-07,3.67226330036692e-16,1.56802613932603e-16,1.81476140501864e-17,4.42586451044236e-17,3.02066360770597e-08,8.12931639952512e-17,-2.2299593843228e-08,5.06191014395757e-16,-5.74932869268352e-17,-1.65664707331685e-16,2.11118184307916e-16,-2.24732938909998e-17,-3.67004076375966e-16,8.05968792652706e-10,1.42380486149066e-16,4.10128433114116e-16,4.54769907450580e-09,-1.0063256877709e-07,5.87660865146949e-17,7.05057796523158e-08,1.03269553093565e-08,9.05449251383636e-18,2.68068175528566e-16,5.19012410559348e-18,6.68816921576944e-17,5.45814637998211e-17,-1.73581777408457e-08,2.27201758000057e-16,-1.63830819248291e-16,-1.41811187653838e-16,6.95062184654369e-09,-9.35298095605544e-17,7.01053165983856e-17,-1.01465695755177e-16,5.80941744180304e-17,-3.16752286922081e-09,-2.17475874991875e-16,9.53093686285207e-10,4.14318673013201e-17,-9.04600914801622e-17,-2.91337402442318e-16,4.97934605896974e-16,-1.19877635280223e-16,-4.76169698945262e-16,-5.49719241690314e-17,-1.65414700362676e-08,5.35839434615762e-17,-4.46699942154096e-17,6.95477168848691e-09,2.49721748767836e-16,-1.8431234101313e-16,5.93629683697975e-16,-9.03085971016804e-17,-2.6723503822854e-17,-1.14084671869219e-16,-1.13063648460898e-06,-3.55082427018208e-17,3.94942522545319e-16,1.50177981042636e-08,1.09953973049662e-16,-9.08446029368873e-17,-2.94889919076918e-16,2.0653318099659e-16,8.61234481563241e-17,2.15464809615241e-16,3.90130889496984e-17,-1.71663643246632e-16,-2.03545829816173e-16,-2.74381890807796e-16,-1.21828092000175e-16,-7.88254641769669e-09,2.61403946536968e-08,-1.37768205714343e-16,1.03291501103063e-16,-7.96187764104467e-17,-5.89391254338049e-17,2.1232744295413e-16,1.1310237844968e-16,6.88655015543097e-17,-1.63263777425276e-16,-2.26590500458391e-09,1.21583298721555e-16,-7.80367409730192e-17,2.3251170121783e-16,2.38099033682145e-16,1.36028508852717e-05,9.29050101971393e-17,-4.60381739957202e-10,-1.03079644528687e-16,-2.46345088697884e-16,5.7289722638336e-17,4.67598878504549e-16,3.59054043643525e-16,3.54234582585034e-16,1.9654832308535e-16,-1.39405982692613e-16,-3.05750886990897e-16,-1.06671038441371e-16,-1.66263648655386e-16,-2.19674596161943e-16,-2.74179281403714e-16,-2.07794226894368e-16,4.6048007272131e-16,5.37596093795415e-16,8.22252133473164e-17,-3.15207366714552e-16,2.48899977321875e-16,-2.51998893690177e-16,5.02182117504552e-16,1.45372391713739e-16,-5.78906326562621e-16,1.41574422761829e-16,1.46619295512481e-16,2.19404884828323e-10,-7.24448615570875e-16,5.76982425480994e-16,1.24053369276849e-16,-3.77662170681897e-16,4.75614755337467e-17,-1.06394938709046e-16,3.26358793997254e-17,-8.9934981311661e-16,-4.28402469494729e-17,3.01716348420733e-16,3.18938397827345e-16,4.87332284177028e-16,-3.04571407553418e-16,-6.47428521589149e-16,1.63812875411234e-15,2.11682312341042e-16,-3.58863479215051e-17,-2.82736196219877e-09,1.2880626041198e-16,1.33300134290929e-15,1.45114140248494e-15,-1.47521682073579e-15,5.83089959588045e-16,-1.61317077097124e-15,-1.30814535436888e-15,9.59971287489992e-16,2.3590880579723e-16,5.99864591631782e-10,6.34553718686375e-15,2.58180245454904e-15,8.64934570032451e-15,-1.41714616664277e-15,4.01514255560568e-16,-3.53030997490527e-15,0.707106781186549,5.5863910271239e-15,7.50357162097501e-16,5.70945861057604e-16,-7.76724416262739e-16,7.0360817013237e-16,1.39861616281676e-15,3.03062354046025e-09,-1.09691343004303e-15,1.95913780216575e-16,-1.01854270468099e-17,-3.42756964304136e-16,-1.97103126524618e-06,-2.47996320220843e-16,-3.69940532434419e-16,2.5512178192652e-16,5.37012399868345e-17,4.80682330504617e-16,-3.27527851611232e-16,7.45535575465479e-16,-1.13170514199044e-16,6.0058715671998e-16,2.92912050741009e-16,-3.88579098107033e-17,3.82386285220471e-16,1.09755976996852e-16,-1.49873994872265e-16,1.93474096916377e-17,1.95834316241073e-16,6.86823722990868e-18
"t916",-0.00498511870876957,0.0524865855760028,0.0676081325637395,0.0163712336351498,0.0336091648429818,-0.00557211861073397,0.00170971020746857,5.9185629846423e-05,0.000501181071303422,-0.00131582105874473,-0.000382441120663034,-0.000733652848813028,0.0122613137966168,0.110903859967804,-0.0122432308715844,-0.00330597699734678,-0.114614170531258,-0.000840203878536087,0.000196789851996997,0.000145883860297729,-0.000569361929120005,0.000162725136858722,-0.000449476864096555,0.000774970180382877,-0.000122764601546412,0.000381442349667319,-0.000505098097232395,0.00441489561336714,-0.00323744396390935,0.0169319269942058,-7.24847561151019e-05,0.00118066463239969,0.000511693102318018,3.18654672367651e-05,-1.92114042751828e-05,-5.43447535997248e-05,-0.000204237453863052,2.2921597512938e-05,0.000209013087634718,8.11319313905797e-05,0.0801263875804673,0.000522704348102973,-0.000209879156220286,0.000247499845193131,-0.000574729896305634,4.8242204328763e-05,-7.3567434754952e-06,0.000100032347918075,-8.62266778509677e-05,0.000148614780227824,-0.000156559763053867,0.0336074048198084,7.48968969857487e-07,-7.85391638550279e-06,-9.0927732914262e-07,1.06458889178562e-05,-1.29993958502291e-07,-0.000125705711057373,-1.08887042269906e-05,-4.95783565557495e-07,-8.41466778098048e-07,1.22852926951676e-06,-3.79266524303559e-05,6.04164674678769e-05,-1.99500698069355e-06,6.64688160217192e-06,-4.43112054039497e-07,2.43345439694527e-05,-0.0014066042210021,6.20415691128372e-06,-1.30060996434629e-06,3.23804273762943e-06,-1.03209426452881e-06,-6.16164540843044e-06,2.53634302235418e-06,2.18585198746232e-08,-1.93983783910239e-05,7.24754787671838e-05,5.53372973135727e-06,2.5965924197931e-05,-0.144480684362721,0.00122226559856164,-3.28141519855927e-05,-0.000139860684274956,7.72105631307899e-06,0.000218867197667558,-3.2698440034236e-05,-5.17113736696969e-06,-1.15133629187533e-06,4.37823034667016e-05,-9.66064559745124e-06,2.73753307510624e-07,1.85485061163336e-05,-0.00020047087330813,-2.06666039904238e-06,-0.000110871545177735,-1.31744144398121e-05,0.000217400802010887,-0.0328570038126046,0.000158397454101355,1.6835057985563e-05,-1.03054686524209e-06,2.07215048061581e-05,-9.60136779838323e-07,3.08138421733278e-07,-3.31167567310304e-07,-2.15025481474803e-06,2.75946150594007e-07,-3.91660451534218e-06,8.71444254639551e-07,0.0128393034115568,-1.36920735323311e-05,3.86401234300424e-06,-1.26067330250921e-06,3.88862332867038e-08,-7.77245623220867e-07,1.26888807636971e-06,-7.68333080373768e-07,3.71078027581291e-07,-8.01522467130948e-06,1.87586916817523e-08,8.92685920607953e-06,-2.42734657067544e-07,-6.38823423929391e-07,2.36048616231035e-08,6.12612895789615e-07,-7.44360071336901e-08,5.75800358508749e-07,-0.403031210892395,0.0116511390066387,6.45822996712683e-06,2.6992180825536e-05,-3.30907333580355e-06,-5.73481575864733e-06,2.21289616527207e-07,8.28491246156388e-06,-4.59119809464643e-08,-0.000766337808700398,6.77639747159084e-06,-1.9535458659062e-05,-1.24223894648066e-06,-3.71565788393872e-05,1.0192114984317e-05,6.44577051115897e-07,2.45424549708433e-07,-1.29661725461369e-07,-0.000185544398955849,9.3121284065832e-07,6.11627138196078e-08,-1.50927339378869e-07,-3.20770333950522e-06,-7.09833222712131e-07,-2.06781066904281e-06,5.73403984844051e-06,-4.92674376328766e-05,-1.51103470290662e-07,2.27951992128625e-06,-2.2325494342029e-05,-8.11966563951581e-07,-2.71243580759706e-07,-1.96606795482378e-05,7.69646690915156e-05,-1.59567626361307e-06,-3.22646138579677e-05,2.42145698041409e-05,-1.95502248784717e-05,0.000122451296159952,2.58712040714423e-06,0.000136982461146578,0.155439615420728,0.000251994160408084,3.85867437443529e-05,-1.57378393941607e-06,-3.34326723811005e-06,-5.92536682683002e-06,-8.83503280087223e-07,-4.78539591098992e-07,1.18464396498405e-05,1.08662808144691e-05,8.04584291251396e-05,-0.00109169185717244,-6.76958220015601e-05,0.0262399164679747,-4.85817563358317e-08,-0.000110399884390633,-2.97635218976709e-08,-3.09593339037154e-06,-6.79286863035501e-08,-3.23820955203345e-07,4.95510807977907e-07,-1.36156501839703e-09,4.85168071472811e-08,3.13315527786182e-07,1.42321284983112e-09,0.0296498113711892,3.00773535343373e-08,2.69495845858584e-08,-1.06526061517273e-08,1.83961922366853e-08,2.85617404974809e-08,2.92757515967837e-08,1.14890349305391e-05,-1.03679440633126e-09,-2.28289535731415e-07,-3.46110098464971e-07,-1.74680297921693e-06,2.36298747882342e-07,1.27424717731627e-06,-1.92913163089545e-06,-1.28098948570153e-08,-8.79653337116368e-06,2.8791597235064e-06,-8.04646251138361e-06,-1.02849589907325e-06,-8.32862095630524e-08,-5.53647951797895e-07,1.52309801676421e-07,2.70329800337702e-06,-1.92960694505283e-07,-1.14219204680551e-06,-0.00013755356782431,9.78077975832834e-06,3.1826299676644e-06,0.0014941416132019,-3.25558710097197e-07,-1.78304278521964e-07,-2.59948523259384e-06,-8.43954108777119e-06,-4.98741376068817e-07,-4.21378503305956e-07,1.28515361584724e-06,2.68155798602116e-07,1.5088951997055e-07,2.53205726528757e-07,-1.37207846855375e-08,-3.20211189354944e-08,-1.19393794330213e-06,-7.18984187533775e-17,-1.35379181931903e-07,1.93510712524959e-06,-9.64707849903736e-06,-1.01656623408306e-06,-1.16493582454855e-06,1.96468437753551e-07,-2.28359697743862e-07,1.18493378688596e-06,-1.91859811914643e-08,1.25922580622476e-09,-2.88577221699278e-07,2.99239425243286e-06,-0.000951474772385237,8.84734443591196e-06,-5.84798758628857e-07,3.17978657448189e-08,-2.08484209202867e-09,9.94355389867512e-08,-9.41499354241602e-08,1.48269803740592e-06,3.32844950831415e-07,-6.51366463302983e-08,3.04093577276901e-05,-3.09611211764133e-07,5.71172560704878e-05,-1.36885988219952e-06,1.33700378308604e-07,-4.5751350307202e-08,8.07979329995565e-09,3.92213599769708e-06,-1.22833102239857e-06,6.05934885005219e-08,7.05744246728431e-07,-5.26918525636103e-08,6.36433980067951e-07,-7.89068934877719e-07,3.45963959598859e-05,-2.37561644528204e-06,1.87548078359007e-06,-1.38165361312728e-07,2.32194688290123e-06,-1.19961860745426e-07,4.67216078536523e-07,-2.11768105622912e-16,-1.18222209099946e-06,-4.06653186004192e-08,-5.40134949718715e-11,-4.86968852593524e-07,6.38920478170613e-08,-4.0488229584261e-08,-1.3526569665818e-07,1.99701680250784e-08,-8.71091389910169e-07,3.05130655631202e-06,1.32326647415463e-07,-0.495878367638249,-4.61194596303326e-06,2.9811111221307e-06,-2.64476118499933e-06,-1.34602467731834e-07,3.18357226541404e-07,1.14463220094274e-08,8.7355468673592e-09,6.96163098035798e-07,-7.12963714610134e-06,3.64455561243564e-08,-1.45747025174749e-06,0.0119774360022549,0.000313470407002243,4.06056779626e-08,4.27361515425955e-08,2.99443308747511e-07,-1.04810924915504e-07,-7.36535979128374e-08,9.82843440475534e-08,-1.31729231404904e-05,1.23301180981578e-08,1.2041765409933e-07,-2.50281851420445e-07,-1.11136416954662e-16,8.96126702227449e-10,5.45112670033499e-07,-5.0544462185963e-08,2.61200891578003e-07,3.33180688172592e-08,6.89611528331893e-08,1.65719284666917e-07,-6.05978495151382e-05,8.23586206602136e-07,-5.94219635756212e-17,-6.57817508283492e-07,-6.06101263127286e-09,-2.25827911360852e-08,1.07224614082076e-07,1.71542942253767e-07,-1.16276900240477e-08,-4.47057469411757e-07,1.19555126807896e-07,-5.69247009171491e-07,7.58058770154403e-07,-1.16427745308547e-07,-2.79495326096543e-07,-3.45768768517516e-07,-2.09043088007714e-09,-2.78890679896802e-07,1.67297398534983e-07,-3.02915325491694e-07,5.07223025632677e-17,-8.88300834430425e-07,6.98177063269685e-08,2.01213336524713e-09,1.77043299755912e-08,-5.80010719921914e-07,-1.20509791008332e-06,6.13163306673623e-07,-2.2282356883128e-06,-1.09807964664534e-07,-1.39506250013099e-16,-2.01539879199972e-07,-7.94810909121034e-08,-2.56413820159314e-07,2.22174603558845e-16,4.92346529808528e-07,7.16475886094306e-07,-1.09976219080288e-07,-4.17155469776129e-07,-1.4773698325124e-07,-9.31014600054626e-08,-0.00015922351542526,5.91304522688789e-08,4.81297844072552e-07,2.79459270121584e-08,1.41540450278928e-07,2.04448224967788e-07,-5.35093954843136e-17,-8.33927788211382e-08,2.74730439750469e-07,1.35466076806728e-06,-1.84860832051357e-07,-2.908947518249e-16,-0.00267538965683446,3.09842542906374e-08,-7.75493051078025e-08,-5.2892867391701e-08,-1.81546042741463e-07,2.06682570760345e-07,-0.000565511340129929,2.92702506272576e-07,2.35505716217682e-16,1.118071033038e-06,-2.14351856521592e-07,5.9977400930172e-07,1.40848163587668e-06,-3.78259347445366e-06,-9.60294555304375e-10,-2.62485345958741e-16,7.33016593192096e-17,-9.37728258788155e-10,-1.20915514983623e-07,1.59649258460779e-08,-1.63153435916733e-07,5.21303767896137e-16,-8.06547201772019e-08,-9.83224376166847e-10,6.32071198285316e-18,-5.14007246843086e-17,-8.71857652471512e-17,4.31811367388472e-07,0.00337333633967627,-3.47778801581776e-07,3.5641823573709e-07,1.80217604317515e-07,9.25208801820676e-06,-1.72965975271506e-07,-2.63402161894746e-15,-4.05492395798542e-08,1.15143140148219e-07,-7.83928263327371e-17,1.36171991696502e-16,-7.41201192927765e-08,-4.00723987735322e-11,-4.41615434610409e-08,2.40623040408816e-07,4.37737341348019e-08,-1.63887895628798e-08,-3.59592063095793e-17,-5.51382978849468e-08,1.02124817004988e-16,-1.88110207477864e-07,-3.68300089861537e-16,-4.91868605143989e-08,-6.55823510504812e-17,2.02126609163016e-07,5.32329282315484e-08,2.21759750419e-08,2.91459171217507e-07,1.44392073392849e-07,-1.65775136232942e-08,1.051453205923e-07,2.34226864877742e-06,1.76996570489009e-07,1.63445871720377e-08,3.68237314587066e-08,-1.0366643233163e-07,-1.77710385958064e-07,-1.44198152096577e-08,-4.95904817670198e-08,-7.08667860298816e-17,4.64301116447599e-07,-8.00528357698606e-08,4.14410437256095e-08,1.90611884331299e-17,7.26575717528124e-09,1.97771189385744e-07,1.60873639817612e-05,-6.22198936652233e-17,-1.67961676989104e-07,-9.02747358830138e-08,-2.37107033456584e-19,-7.64922698170612e-06,2.66443833950496e-07,-4.18293078811225e-17,-2.69032281635083e-16,-9.77715369784108e-09,-5.24931660193565e-08,-2.99197273167446e-10,-4.15298828228161e-07,1.10371657344345e-07,3.24668522614665e-08,3.12806307211669e-08,2.89219953642855e-07,-6.49674313901761e-07,4.44929466533739e-16,1.34026601890788e-09,9.2242338921846e-10,2.54600002066419e-09,2.38305367317923e-07,-4.57407381957605e-16,-1.59934450756848e-17,7.84027193079258e-08,3.69687312305014e-17,1.01423838151812e-16,3.73330193935121e-07,-1.2444974263701e-05,-8.30577623569197e-08,-5.60708391266315e-09,2.90900886931864e-06,1.66597971773215e-05,1.84740731839022e-08,5.61353781689457e-18,4.3615982093998e-08,2.03772805490219e-09,9.35141880491607e-09,-9.41363654137961e-08,3.71845715179804e-07,-2.26396797173728e-16,1.1094912463198e-17,8.18252433625352e-17,-3.25539799792066e-08,-1.56227607322061e-08,-9.09923263966952e-08,-6.08534269826645e-17,-1.19841077271348e-08,-2.3097900633578e-17,-3.51476918721092e-17,3.88593302291569e-06,-4.19768669205236e-08,-1.43372184784052e-16,-1.06068504929214e-07,-5.48031473986319e-08,6.70823750409783e-17,1.24322211274777e-07,-7.39821460531194e-17,4.58692000569371e-08,9.09383777898009e-17,4.86079624868788e-08,8.71429338794758e-05,1.22497575745394e-08,1.22949609427037e-08,8.65650582817862e-08,-4.38225473458716e-08,1.21395508893495e-07,5.50284894718933e-17,7.99453720538359e-07,-4.5131050074762e-08,-1.16408009598693e-16,-5.94725865865208e-09,-3.11266238725587e-06,2.81615025512857e-08,2.72310674760138e-17,2.05548043676408e-06,1.19504457485254e-07,-4.08523884612844e-17,-2.98659248531585e-07,-6.6067911883509e-08,-3.44201808936117e-09,4.35333614708013e-17,1.23347542471466e-16,1.39908849359236e-06,1.8857535090958e-08,1.52577203875794e-09,-2.45701771368368e-08,1.11940110707743e-08,-2.83581163904602e-16,-5.18169046067486e-17,4.08734154924157e-08,2.81743549853991e-10,-1.77594582836835e-16,9.88081063439073e-08,-7.35023279613084e-18,5.11382505912412e-08,-1.89207282637057e-08,-1.10554703085303e-08,-7.33008530969101e-08,-1.06604426788951e-16,7.30083291674173e-17,6.90324733246412e-17,-7.07473799670346e-18,-5.89625988396055e-09,-2.04541516776533e-08,-7.61907836198402e-17,-3.84549206285789e-16,-1.18671200720687e-16,2.88003328319356e-08,2.58860443083494e-10,-1.42606781391095e-08,-1.56342877241343e-17,4.74118221896122e-17,1.86198170597229e-16,-1.38661500952462e-05,1.82071400144944e-08,1.52991708346279e-16,3.27904850847744e-09,-8.58448286701469e-08,-2.42000721315322e-17,1.30109560915084e-16,-5.93829760980473e-08,-1.37965788608362e-08,-2.94324632078675e-08,5.56789219137291e-17,8.47182499897253e-07,4.82721703183759e-08,5.18163086293435e-08,-4.72577915840993e-08,-1.27235729274543e-07,2.07162660948037e-09,1.0301464876613e-16,2.74334109496237e-17,3.21784724372327e-16,3.94424879429541e-08,-3.57126795525724e-08,-1.34631206575361e-08,-2.70521346702093e-07,1.7681209289398e-16,-1.42645862317581e-17,-1.71488222781657e-16,-5.62655639754754e-17,-1.2767147574524e-16,5.06591786932339e-08,-2.65778179141783e-16,1.28119475447378e-16,-8.20469295935887e-09,2.24002318482048e-16,-7.3447582981731e-09,2.55569968193458e-19,-9.10618569912332e-09,-6.50193260333293e-17,-1.1036919686071e-08,-1.38154424356906e-09,-1.26066430227431e-07,4.64515695196779e-16,4.43798271285304e-08,1.1409544749133e-16,6.30299236709511e-08,-1.11000012572882e-07,1.5646011036855e-08,-1.16129280203983e-16,8.964934771581e-08,3.12709099266895e-18,-2.20907717120223e-08,-2.80981569576676e-06,-9.02174483638178e-17,-4.43338245217356e-17,7.336941655003e-17,-2.94520913575843e-17,-4.18107225961196e-10,-5.44583028217971e-09,-1.21634481266657e-09,-6.85384783527981e-17,-6.56203894322344e-17,-1.28754546827285e-08,1.0503408516221e-07,1.35880444785441e-16,-2.60305031626158e-16,-5.56269344594915e-09,-4.83887088838188e-18,-3.94470492884043e-08,-1.59171278348224e-16,8.40560614453211e-06,1.49793642867524e-16,-2.76028070768689e-17,3.21826468543737e-17,-1.44297970929507e-16,1.14002302857663e-17,-1.46852554266143e-16,7.19664560233383e-09,-5.03384977275346e-08,2.61051881139487e-17,-0.000165543302695557,1.26732861851526e-07,1.24998606840513e-16,1.37626015413848e-16,-1.45610906233961e-16,-1.02683947439256e-16,1.28087670055351e-08,2.09789407605997e-09,-3.27103807379808e-17,6.70936503182821e-17,-3.34398200925098e-08,-0.000929663806545744,-1.04589853700269e-09,-1.31082826470988e-16,-3.13490515449075e-17,-3.96592173285309e-17,5.17161738449832e-18,8.48424210008296e-17,7.29039848770084e-17,4.72894903032852e-08,-4.47645616683596e-08,-8.61372307915603e-09,-2.4214754588622e-17,-3.38704462715942e-17,1.99523889048772e-17,-2.90455074356518e-17,1.56344739692308e-16,-1.23052173392063e-16,9.61300573632034e-17,-3.7294867699037e-17,2.63099251411501e-17,-3.02955272051097e-17,-3.56503703995762e-16,-1.3551396342133e-16,9.32780053793112e-17,1.7804475193299e-16,4.75342189375177e-09,3.74599499192362e-17,3.14537054637042e-16,-2.59606980520563e-17,6.73150994582515e-08,-8.10844472841735e-10,9.23378624387083e-17,-1.73757751682616e-09,6.15596697628985e-08,1.66532987608057e-17,2.08274856296931e-16,-3.01287279709499e-06,-2.66035979106563e-16,1.51711827500602e-09,-2.14334763022418e-17,6.63759451489005e-17,6.63380687549242e-17,-1.5990673173748e-16,1.48962103840418e-09,-5.17406030268989e-06,6.84046380721655e-17,-2.50015484817735e-16,2.41145921806031e-17,6.31762198507391e-17,7.54265898871009e-17,3.20019562791114e-17,3.60842254811952e-17,2.00150433327855e-16,2.46003350778985e-09,-8.55675125992558e-17,-1.99808824417292e-17,-2.02840922799847e-17,-9.89402495387702e-17,-1.80137552556898e-16,1.01963009492952e-16,-4.85499975879007e-08,-1.51938840217032e-17,-1.46673811078502e-16,8.13380339654228e-07,-2.41122008280416e-16,-1.42372161115277e-16,-4.74060233086332e-17,-1.00624022267832e-16,3.02066366912325e-08,-5.13983480958317e-17,-2.22995938324158e-08,-1.43389852315226e-16,3.29944275724238e-17,8.55856736906672e-17,-1.69549830663175e-16,6.41401799961448e-17,2.95877202966197e-16,8.05969156876328e-10,-1.79449496447711e-16,-3.80423518841175e-16,4.54769874605851e-09,-1.00632568997149e-07,-4.86014154221318e-17,7.05057801163913e-08,1.03269558121327e-08,6.728226689818e-17,-3.569202140248e-16,5.11185631580401e-17,-4.64227074029772e-17,-9.70465709732364e-17,-1.73581784340339e-08,-3.22316103572922e-16,1.11078805980777e-16,7.65283105786256e-17,6.95062175917606e-09,3.39338879120925e-17,-1.672690710573e-16,2.48973468129841e-16,-7.91242660417043e-17,-3.16752301554113e-09,2.1956189578816e-16,9.53093568153366e-10,-2.93509980324941e-17,2.49437293083262e-16,1.59170161693457e-16,-4.87267759674484e-16,6.49654228644845e-17,3.86193239687393e-16,3.17113963425691e-17,-1.65414697972231e-08,-3.06260950229884e-18,-2.5761660891893e-17,6.95477126711242e-09,-3.06701914084573e-16,1.97757116896437e-16,-7.14051686474459e-16,1.14679437681493e-16,4.1008741617966e-17,7.26867921916106e-17,-1.13063648448389e-06,7.87864047606038e-17,-2.96239820801486e-16,1.50177980139869e-08,-8.16858739531756e-17,7.46878786247712e-17,3.95487720125673e-16,-1.54331192026689e-16,-6.96553881914586e-17,-2.5256383165786e-16,-5.32100329020637e-18,1.74306429551458e-16,2.13487414514731e-16,3.16798680569719e-16,9.62643517776123e-17,-7.88254633562391e-09,2.61403944983986e-08,1.34725751193552e-16,6.06058103127551e-17,3.72095703796516e-17,6.16761051648003e-18,-1.69921585482791e-16,-2.30430172271918e-16,-1.43137201849487e-16,1.5388458785336e-16,-2.26590502028914e-09,-1.56336816992134e-16,8.60892659859293e-17,-1.94024300035433e-16,-1.47350263619752e-16,1.36028508861659e-05,6.4181891878558e-17,-4.6038137517075e-10,5.43397004129652e-16,2.80016858052351e-16,-9.24854870750731e-17,-1.81562096251814e-16,-3.82229775945261e-16,-3.30205746151782e-16,-2.08894804521893e-16,4.82437596593793e-17,2.53100865341812e-16,1.20864271229572e-16,9.21314436406762e-17,1.73078861666412e-16,6.55559687616976e-17,2.67677899004881e-16,-4.73772179525543e-16,-6.47154509434649e-16,-6.6590271974161e-17,-2.30788954508232e-16,-3.19592350955489e-16,1.17530880244835e-16,-3.75540527494667e-16,-9.99620063634999e-17,3.95139211132461e-16,-8.54495425885317e-17,-1.27136106156455e-16,2.19404245189385e-10,6.8423221083309e-16,-6.83036681800191e-16,-1.25943731692956e-16,7.88016394464694e-17,-1.62273466734475e-18,9.46237369085879e-17,-4.27927728382954e-18,9.58524604906271e-16,8.2971012746231e-17,-3.44304248586267e-16,-5.0415401020576e-16,-5.24603601968257e-16,2.89171067887085e-16,6.31116454848607e-16,-1.60443639527661e-15,-1.8971891810537e-16,1.85753006980334e-17,-2.82736092441858e-09,-8.88299907486508e-17,-1.31650150218488e-15,-1.30304118395311e-15,1.38127153770415e-15,-4.51597297265186e-16,1.52342650903197e-15,1.38638918297924e-15,-8.90337063071539e-16,-1.19130168949827e-16,5.99863583373158e-10,-5.92629648174729e-15,-2.54980175641429e-15,-8.61614630825633e-15,1.36874122530227e-15,-4.48028252286369e-16,3.88863367961205e-15,-0.707106781186547,-5.69594959867318e-15,-7.7347582927931e-16,-6.04368009796638e-16,4.9230735398834e-16,-5.64677932325691e-16,-1.52927336536548e-15,3.03062393997672e-09,1.05654721595311e-15,-1.09893835601214e-16,-2.36413450034208e-16,-3.28879176496322e-16,-1.97103126508777e-06,2.35578936252936e-16,3.87036140937982e-16,-2.90049624831739e-16,-1.06033306540025e-16,-5.81716377715644e-16,3.2926416469054e-16,-6.13160738562579e-16,-6.66269150069389e-17,-7.01203396042252e-16,-4.41737812259649e-16,1.22621011104626e-16,-2.8982220449348e-16,-1.85045076291797e-16,-2.92139577747207e-17,-4.85891292938929e-17,-8.57946122601143e-17,-2.68048720411588e-16
"t768",-0.00497270315449747,0.0522103231413399,0.0672407044724131,0.016251763457046,0.0333083685712539,-0.00551351902090923,0.00169137305572988,5.84997707160563e-05,0.000494307383632426,-0.00129387513432431,-0.000374312757838947,-0.000714347044846238,0.0119289750246145,0.107851121628294,-0.0118911205651499,-0.00320511980345167,-0.111031517682855,-0.000813449709276162,0.000190373855988158,0.000140702310655091,-0.000547425267500733,0.000155097668275567,-0.000427168797396353,0.000736276835698768,-0.000116609771126287,0.00036135855122882,-0.000478172111147107,0.00417731727298808,-0.00305829264280383,0.01581410045311,-6.73587862484943e-05,0.00109308317168922,0.000470770211939764,2.91857029534475e-05,-1.7505748964356e-05,-4.90959300682303e-05,-0.000184235911913556,2.06374744577131e-05,0.000188028730609195,7.28524835148533e-05,0.0716889264717612,0.000466178928009654,-0.000186805746823884,0.000220253562262187,-0.000510227350506936,4.2438926988117e-05,-6.45327440053266e-06,8.76284545832543e-05,-7.52447723302514e-05,0.000129139533122539,-0.000135262650174989,0.0289565977497726,6.45062504439173e-07,-6.74104204002564e-06,-7.75077370987324e-07,9.06506717562371e-06,-1.08523428916599e-07,-0.000104351958423689,-9.03287601909565e-06,-4.05413386957351e-07,-6.80324802703671e-07,9.87545114271538e-07,-3.03423276955427e-05,4.82763458966631e-05,-1.57966562243153e-06,5.21899428105329e-06,-3.41265843546818e-07,1.85727005852656e-05,-0.00106898512880263,4.67827739084762e-06,-9.3830499568227e-07,2.25023568727207e-06,-7.12887850917415e-07,-4.20156435153843e-06,1.72666854484197e-06,1.47958288518935e-08,-1.31004471730924e-05,4.8386907666211e-05,3.59540169562839e-06,1.66777656767339e-05,-0.0909263137397018,0.000765719749211349,-1.98549800583469e-05,-8.36972001112008e-05,4.3925574851208e-06,0.00012268127907793,-1.80465669094864e-05,-2.84670225270982e-06,-6.33383715032426e-07,2.40452636139085e-05,-5.27332826848979e-06,1.4046271675709e-07,9.45939518533601e-06,-9.79183642752295e-05,-9.27745771891962e-07,-4.90773434567883e-05,-5.82778171106579e-06,9.26234841654553e-05,-0.0137946450574222,6.26548559490261e-05,6.30784864631254e-06,-3.84163876568197e-07,7.67974032169715e-06,-2.47322578085922e-07,7.62168257380338e-08,-7.91857045619917e-08,-4.81346109867505e-07,6.05548765809812e-08,-8.28177035988487e-07,1.73316668506013e-07,0.00249926630060625,-2.30039787246778e-06,6.3613661873803e-07,-9.38762849010006e-08,1.92396392192187e-09,1.3946933876503e-08,-7.17442715809269e-08,1.65499489736787e-07,-2.15402565557176e-07,1.40730765107402e-05,-2.39367250945496e-07,7.3242987779264e-06,-1.25090626820927e-07,-3.24581874760531e-07,1.13890404099001e-08,2.13926423704629e-07,-2.53617271320943e-08,1.53246292572085e-07,-0.0480118193685173,0.00137202608254422,6.96827840428526e-07,8.55656391021398e-07,-5.79140788329223e-08,-4.19464322183037e-08,-7.48102151795743e-09,-3.2688767681677e-07,5.74267176765975e-09,0.000149315122378774,-1.98912227568028e-06,5.79038436962167e-06,3.89920691266812e-07,1.19967505800101e-05,-3.43913684891755e-06,-2.21109381533159e-07,-8.42064634651004e-08,4.97694248989238e-08,8.69363364827696e-05,-5.21726424442747e-07,-3.57263355648892e-08,9.63269008563559e-08,2.06137674066078e-06,4.71274747640807e-07,1.39909845699913e-06,-3.96329368547737e-06,4.10259825729649e-05,1.29458702285715e-07,-1.9923808932525e-06,2.97830454002505e-05,1.19383441968654e-06,4.04765995674697e-07,3.18314650991951e-05,-0.000126703101618532,2.91512105843579e-06,5.96939761244267e-05,-4.95961913886728e-05,4.42025945017995e-05,-0.000371355394411295,-7.92981387048223e-06,-0.000421016699552218,-0.497938089480828,-0.000847694205112629,-0.000130726199581155,5.88181294603412e-06,1.28897608572954e-05,2.44368412518882e-05,3.70437223014134e-06,2.02346053916656e-06,-5.8046697229566e-05,-5.2160695252493e-05,-0.000323389973708278,0.00177241722448495,0.000905996667550545,-0.315195188150835,5.70651457908329e-07,0.00130924589654246,3.9950331432144e-07,4.34136299403745e-05,1.68031956587457e-06,8.22681238199634e-06,-1.73647925873339e-05,-6.3981268720185e-07,1.57940723679553e-06,7.35554531006547e-06,2.17097455313852e-08,0.317389913747489,-2.79351426480058e-07,-7.36683241986547e-07,-7.19941928912429e-07,6.53954819045594e-07,3.49446962739844e-07,3.5051671462935e-07,0.000116681183068179,-9.2834167992108e-09,-1.63499337065245e-06,-2.47670004249473e-06,-1.22910991707933e-05,1.58376357614097e-06,8.27583997934663e-06,-1.16133760322168e-05,-7.10856701132764e-08,-4.60850771644403e-05,1.48362390347629e-05,-3.87107049511297e-05,-4.7805081866109e-06,-3.86780021467858e-07,-2.50716133998992e-06,6.5050506491004e-07,1.1425498532403e-05,-7.74149165354825e-07,-4.4344757261957e-06,-0.000528299943258303,3.60223774618092e-05,1.16117805158004e-05,0.00539669471278973,-1.1418903585508e-06,-6.21852706575764e-07,-9.05342278768235e-06,-2.85408047459273e-05,-1.65837350094758e-06,-1.37609591028723e-06,4.16377384604618e-06,8.61826960465191e-07,4.81364435387477e-07,8.060971249721e-07,-4.28717538675065e-08,-9.89335379980811e-08,-3.64532714097908e-06,-8.92490409292852e-18,-4.06589185668263e-07,5.79310748318869e-06,-2.82627300821293e-05,-2.93101708775105e-06,-3.3162368100806e-06,5.58867198659305e-07,-6.34951621171041e-07,3.28242874615561e-06,-5.30570230263878e-08,3.45418808745691e-09,-7.87329350917593e-07,8.0850407040194e-06,-0.00255980447111271,2.37608185154091e-05,-1.55570705534964e-06,8.13946479796973e-08,-5.26630240668479e-09,2.48433673838202e-07,-2.29715814591038e-07,3.61152929290051e-06,7.97390773938556e-07,-1.54592048376965e-07,7.1204549306133e-05,-7.21803775655764e-07,0.000132546709485403,-3.15618577212416e-06,3.05306354096518e-07,-1.04357359745061e-07,1.79650013134661e-08,8.71539646850965e-06,-2.72762486462519e-06,1.33581919004059e-07,1.5516031723399e-06,-1.14823044980962e-07,1.38455898091828e-06,-1.61574847428225e-06,7.03011139859082e-05,-4.79721024669393e-06,3.73062616420292e-06,-2.71326274913363e-07,4.41554692799968e-06,-2.25781021750891e-07,8.71866228395658e-07,3.91924146151775e-17,-2.13598685662913e-06,-7.31320880878482e-08,-9.56101650794303e-11,-8.25898416048249e-07,1.03648090455265e-07,-6.40978498233903e-08,-2.11370324363187e-07,2.38763753529188e-08,-1.01234846136067e-06,3.51764291944836e-06,1.28707286418353e-07,-0.00209224702938308,1.45240215776137e-06,-1.76772794415127e-06,5.65841408814612e-06,-8.78460783722542e-07,1.45421201164785e-06,5.15811857314179e-08,3.92106850142095e-08,2.2626428452326e-06,-1.92855720188811e-05,9.61759429292743e-08,-3.68168128815551e-06,0.0278304236002512,0.000698276966980188,1.58358436150254e-07,1.56325528107902e-07,1.01500742032809e-06,-3.42966346521961e-07,-2.2424860845177e-07,2.86070952578893e-07,-3.72861945969229e-05,3.45590574294546e-08,3.32659732149077e-07,-6.74644478703925e-07,-2.30484474291723e-17,2.22616095305786e-09,1.34688008297993e-06,-1.23942720406376e-07,6.40365809880716e-07,8.16646856885073e-08,1.68729035301925e-07,4.04149702291011e-07,-0.000147230415106191,1.986597287081e-06,1.19266314254942e-19,-1.56322263868372e-06,-1.43785348890613e-08,-5.33811698326669e-08,2.53350900092377e-07,4.01946983400287e-07,-2.71268943707379e-08,-1.0368693171095e-06,2.76219697407883e-07,-1.30484834702936e-06,1.72590825580014e-06,-2.63987736807071e-07,-6.32301109329591e-07,-7.81155704656211e-07,-4.71133234600804e-09,-6.2838833101313e-07,3.76321212675154e-07,-6.80511686511698e-07,-2.50659085934471e-16,-1.97752576233817e-06,1.55148241832344e-07,4.47126578616724e-09,3.91471723973633e-08,-1.28156194732457e-06,-2.63996466558591e-06,1.34009634937855e-06,-4.86768596395271e-06,-2.39469285361741e-07,2.06659315375624e-17,-4.38669199420364e-07,-1.72874113838536e-07,-5.56238312072666e-07,1.47070006339e-16,1.06504284954089e-06,1.5488573014841e-06,-2.37662373408502e-07,-9.00852980123779e-07,-3.18664643948517e-07,-2.00640103393689e-07,-0.000342900906310929,1.27081802264866e-07,1.0341423871466e-06,5.99610915157039e-08,3.02923496106631e-07,4.37500772921091e-07,8.91664049248132e-18,-1.77507086326734e-07,5.84185459954465e-07,2.8735004740481e-06,-3.90274764669831e-07,-4.85730645054869e-16,-0.00476307580353897,6.58503742653283e-08,-1.64043410039531e-07,-1.11698676840956e-07,-3.82700911117843e-07,4.34418168822349e-07,-0.00118375317571796,6.07458135575809e-07,-1.5823190499321e-16,2.30513332742608e-06,-4.41690414064747e-07,1.23450246670124e-06,2.89463574200068e-06,-7.77288480342296e-06,-1.97248205824247e-09,-2.87313575708659e-17,5.39267207353937e-17,-1.92153382427385e-09,-2.47273806750569e-07,3.26404250987897e-08,-3.32984685441326e-07,1.05010346430451e-15,-1.64004132928294e-07,-1.99614269059562e-09,7.19081691883545e-17,-8.85543013362177e-17,-2.51398636367784e-16,8.72526261934636e-07,0.00681226817714266,-7.00938245062453e-07,7.17182472965576e-07,3.62564452226886e-07,1.85820482626915e-05,-3.47320937231272e-07,-5.00583238206352e-15,-8.11563478784458e-08,2.30191701888951e-07,-6.21873569355254e-17,-1.98654859639371e-16,-1.47553171064827e-07,-7.96950699512468e-11,-8.77137762669974e-08,4.7751823661922e-07,8.67299288353262e-08,-3.24631921533859e-08,-1.41354848109952e-18,-1.09180873236264e-07,2.95567630854019e-16,-3.72113019006981e-07,-1.20617491689012e-17,-9.72295989258265e-08,-1.39061928830059e-16,3.99189958271243e-07,1.05113289529923e-07,4.36854711697994e-08,5.73876945941086e-07,2.84246943647201e-07,-3.26054030350842e-08,2.06648605123564e-07,4.5955019170239e-06,3.47259844054896e-07,3.20507570212296e-08,7.21413179471804e-08,-2.02841796900365e-07,-3.47366892284983e-07,-2.81637854256982e-08,-9.68192720279979e-08,-4.36209499650398e-17,9.05419319985074e-07,-1.55934155588892e-07,8.04756866100115e-08,3.91636468269451e-17,1.40974736374759e-08,3.83238447884473e-07,3.11571454745064e-05,-6.36420207273826e-17,-3.25209843752207e-07,-1.74602868990226e-07,1.41569652134071e-16,-1.47868265024877e-05,5.13488609642436e-07,2.19881549840234e-17,1.92096390826496e-16,-1.8820564780199e-08,-1.01036448003344e-07,-5.75603041533764e-10,-7.98513972808369e-07,2.11950609250207e-07,6.23405571418722e-08,6.00537557861869e-08,5.54351537099331e-07,-1.2436182898606e-06,4.76974416994264e-16,2.56431402458884e-09,1.7647143883288e-09,4.86940579988009e-09,4.55616936893768e-07,3.02733230961099e-16,4.75990902286118e-17,1.49827223510326e-07,-1.89863642501775e-16,-1.17966601626024e-16,7.11350942263022e-07,-2.37012010121278e-05,-1.58180188471863e-07,-1.06670622279679e-08,5.53337954433159e-06,3.16885084127937e-05,3.5132479200593e-08,1.68027799890513e-17,8.27732575816816e-08,3.86545786880689e-09,1.77365726653083e-08,-1.78418542824079e-07,7.03859292993569e-07,-1.89669218044755e-16,3.90101328134385e-17,1.43570859908772e-16,-6.15082474717472e-08,-2.94949635509961e-08,-1.7177863260601e-07,-1.48405064647293e-16,-2.26071107812387e-08,1.34873002842805e-16,2.6005208502878e-17,7.3068332939226e-06,-7.89271657642722e-08,-7.96482020962164e-17,-1.9927999362977e-07,-1.02916757486541e-07,-6.34596067268021e-17,2.33253894980842e-07,1.61272364180863e-16,8.59651230583931e-08,-1.0950190389064e-16,9.10889434564989e-08,0.000163289110957741,2.29517098054973e-08,2.30336364599812e-08,1.62128990053399e-07,-8.19929674415047e-08,2.26815547320646e-07,-1.46242957131114e-16,1.49111826508434e-06,-8.41616823412376e-08,2.17627927640807e-16,-1.10879091172661e-08,-5.80058666646219e-06,5.24592619588446e-08,1.14758207497448e-16,3.82375863048223e-06,2.22251651104047e-07,-2.08132514608762e-17,-5.55242348785832e-07,-1.22806456900431e-07,-6.39384521056128e-09,2.88402707313067e-16,7.21356414705209e-17,2.59496263347656e-06,3.49534145552129e-08,2.82772258749172e-09,-4.54087012169451e-08,2.06785447604354e-08,-1.84977534669217e-16,-5.41975016627968e-17,7.54813731065038e-08,5.202780592155e-10,4.87946473937758e-17,1.82367051833379e-07,4.69363984691591e-17,9.43365358691591e-08,-3.4879581965843e-08,-2.03793026615395e-08,-1.3509440262896e-07,-2.14558905701673e-16,-3.62811872926095e-17,9.48106862710569e-17,-4.76820536542777e-17,-1.08481105505356e-08,-3.76268239216582e-08,-7.91064121991661e-17,7.10228446035541e-16,1.45225851156142e-17,5.29531527756583e-08,4.75843464678376e-10,-2.6198611938897e-08,9.5439462459355e-17,1.32323487020067e-17,1.93103183183246e-16,-2.54222202707643e-05,3.33786759562578e-08,2.67010811718061e-16,6.00666350994763e-09,-1.57203383279962e-07,3.93861388029238e-17,5.32240038983255e-17,-1.08663918096699e-07,-2.52446197069292e-08,-5.3831154753133e-08,1.44744360902082e-16,1.54833988078016e-06,8.81883541083742e-08,9.461006581524e-08,-8.62208227699578e-08,-2.32091262288317e-07,3.77741364626147e-09,-1.57576276659698e-16,1.0450686240122e-16,1.86354615128976e-16,7.17630311514882e-08,-6.49747217594516e-08,-2.44876667752166e-08,-4.91355918596522e-07,-1.86579519834369e-16,-8.6532857356707e-17,-7.17907343231724e-17,-5.00618318825034e-17,-8.99361985374544e-17,9.18794530815015e-08,-9.43747574733022e-17,2.81535913613902e-18,-1.48721690490289e-08,-3.51619959428607e-17,-1.3313009628267e-08,-1.90570811423737e-16,-1.65049012688948e-08,2.313531244288e-16,-1.9984510566262e-08,-2.50096673787065e-09,-2.28131749398067e-07,9.7362256439781e-16,8.02747214168873e-08,1.40557183962514e-16,1.13898108336328e-07,-2.00327262697501e-07,2.82355720288025e-08,3.03160443663348e-16,1.61702170719379e-07,-1.46270695378081e-16,-3.98128928207128e-08,-5.06376080789906e-06,-3.37646602637255e-17,-1.33945712966437e-17,2.12822479669715e-16,-5.1888015710482e-17,-7.5298809900857e-10,-9.80587224225255e-09,-2.18971597422136e-09,2.22356533281638e-16,-1.71883100714045e-16,-2.31555535235438e-08,1.8888749881842e-07,-4.57570890911655e-16,-1.96109891057762e-16,-9.99080140776633e-09,-1.95298432756846e-16,-7.08285172156613e-08,-6.51147802090111e-17,1.50800375929331e-05,-2.59077722503413e-16,4.91932053182372e-16,6.59109183935363e-17,1.63470442835259e-16,-2.45233935856134e-16,-3.66098383487822e-16,1.28869811509807e-08,-9.01382714618284e-08,1.28436173105078e-16,-0.000296187222932396,2.26656597750072e-07,-1.47245373936916e-16,-1.97238553821831e-16,1.65390039414379e-16,-1.59213187267746e-16,2.28261639111726e-08,3.7262935894074e-09,3.18547811732196e-16,2.37884230378562e-17,-5.71684102039361e-08,-0.00143670636957811,-1.91260599844752e-09,-1.0706608288302e-16,3.47356292457079e-16,1.46259125759655e-17,2.99184865779715e-16,3.88152826945763e-16,1.04920055244073e-16,8.45174255222818e-08,-7.99845462872463e-08,-1.53871983929873e-08,-1.11672570097909e-16,-1.16768467410722e-16,-2.92214711098054e-16,-1.66768964984018e-16,1.17960366467066e-16,-1.33253826743515e-16,-2.30013500312654e-16,1.1213323761334e-16,-8.72222373056357e-17,1.83555345713352e-17,-1.44792604206502e-16,-3.25031438042788e-16,8.46454557573936e-17,5.39610136870095e-16,8.46404592219792e-09,2.32683198847708e-16,-5.81214329201958e-16,-6.42100875706256e-17,1.19816733551942e-07,-1.44312577647784e-09,-1.8466652093485e-16,-3.09234043036738e-09,1.09505937193544e-07,1.55254904966487e-16,1.34630470018452e-17,-5.35640785135173e-06,-3.88623829034887e-16,2.69532507455015e-09,3.96131470572997e-17,7.24402523694471e-17,-1.66998781038177e-16,-4.89778102633709e-17,2.6436168621994e-09,-9.18168639202445e-06,-1.99154077668165e-17,-1.28531994764514e-16,6.65411716000794e-17,2.2421680237177e-16,-1.61593557545386e-16,3.57524880347335e-16,-2.54294970619976e-16,-2.31112772992467e-16,4.34929944290684e-09,1.5193926237074e-16,-2.62929541904953e-16,-3.11152525474982e-16,2.88312433715429e-16,-6.66791844144185e-16,2.15491592330693e-16,-8.57676611059967e-08,1.39872066093254e-17,-3.26768281214073e-18,1.43669568487342e-06,-2.47047045741434e-16,-2.54064445191731e-16,2.62874239437398e-16,-6.50639659453942e-16,5.32638958769466e-08,8.14284666281894e-17,-3.93092866562014e-08,-1.12574120180631e-17,-1.56109429443444e-16,1.67976165384527e-16,-3.92740974091653e-16,4.88793777190137e-16,7.50009415485013e-16,1.4198640952137e-09,-2.81136061418285e-16,-8.31282232530462e-17,8.00780064084715e-09,-1.77194271408746e-07,3.89467551601905e-16,1.24096010203274e-07,1.81739603434099e-08,3.99630181316933e-16,-2.82699974536965e-16,-2.47708442938771e-16,-2.34752607126175e-16,-2.43710374630748e-16,-3.04899574017873e-08,2.76388752890261e-16,-7.09664638252916e-17,-6.38853590888287e-16,1.22029349350896e-08,4.92678555840439e-16,-2.67508020528579e-16,8.68571813125491e-16,-3.20276153833891e-16,-5.55750878667354e-09,-3.80479213781595e-16,1.67189668027026e-09,-5.94767448639013e-16,-5.72473582030786e-16,1.38349619380409e-15,-7.03652756201842e-17,9.71358654408813e-16,4.27243613083112e-17,2.1239907811306e-16,-2.89861352257973e-08,5.78748327498334e-16,-2.42020479589687e-16,1.21838797635571e-08,-7.77005435626187e-17,-1.78224019057266e-15,1.72788428427932e-15,-2.26779832069372e-16,1.75513710819318e-15,7.00219942760825e-16,-1.97910804593996e-06,-5.74313252347207e-16,2.46142785363432e-15,2.62780579966652e-08,1.31721593504742e-15,4.00973023432318e-16,-3.70287727074279e-16,2.6997168345239e-15,2.94689334432718e-16,-1.19031897809067e-15,-1.37205613904358e-15,6.16976829218883e-16,1.59286614114216e-15,3.22835033295783e-16,8.45736491062358e-16,-1.37741584741587e-08,4.56709454238824e-08,3.32938194173226e-16,-3.54274398079386e-16,-3.14980992157355e-16,-4.32336811838702e-16,1.19174147546891e-15,2.206318278284e-15,3.9527358274174e-16,-2.31745657161754e-15,-3.9554954321476e-09,2.56075398760721e-15,-2.55434137587301e-15,3.67317181377549e-15,-2.85945532707076e-15,2.37288145387533e-05,3.5096935471625e-15,-8.02438431149858e-10,1.49302933980772e-15,-2.29175131909695e-15,2.7695381224972e-14,-0.707106781186548,-3.25122158513426e-14,2.64927148949719e-14,4.04903099558294e-15,-1.04934010426511e-15,-1.63522796200759e-16,-2.93762091403266e-15,-2.13510912406084e-15,-4.47616591427955e-15,5.49944045164706e-16,-1.4356973132485e-15,4.31494899436332e-16,-2.69619929100361e-15,-7.73911853374341e-16,1.29183623973722e-15,-1.52284194000727e-15,-2.16251386206538e-16,9.68402604200475e-16,4.38528162807783e-16,7.04779334561069e-16,2.95305451972656e-16,3.4250414277466e-16,3.81278221206788e-10,1.79687550141802e-15,1.59000941534644e-15,-1.56597276665658e-15,3.66510730025464e-16,1.48191679988615e-16,-4.95240570349684e-16,-1.11990390912167e-17,2.17262778742555e-16,-7.80215576371444e-16,-8.64516979788587e-16,9.40497950786129e-16,-1.16346370616545e-16,-4.93205896018855e-17,-1.99811768653368e-16,-5.27415052305967e-17,5.90793976264078e-18,-2.17628347809641e-16,-4.90347671348877e-09,2.21273989129003e-16,-9.06930758863588e-17,1.24499729140541e-16,5.91487325508216e-16,-2.08619503893212e-16,7.63646235438261e-17,2.26763137975518e-16,1.60337299189666e-16,-1.87133648033102e-16,1.03819275581891e-09,-1.49813840249359e-16,1.36592942640672e-16,3.3837247482521e-17,2.3531391769747e-16,-1.77418373666118e-16,5.43245865927772e-17,5.17526625315694e-16,-3.90110880117034e-16,1.52524242180381e-17,2.28601480991886e-16,-7.91593699259143e-17,-1.05663757632918e-16,4.82351256681248e-18,5.23430534863094e-09,-1.14698075849392e-17,-5.24796082960236e-17,-4.55405437180107e-16,-1.57717534778751e-16,-3.40097381932363e-06,1.02752386502577e-16,9.91054149679123e-17,-6.4107638964903e-17,-5.39999983771618e-17,6.34678299251667e-17,2.59955527562975e-17,1.71775797407337e-16,7.33400124695759e-17,1.34033847289555e-17,5.2533737633259e-17,-8.0065780373446e-17,1.12370171249822e-16,-5.81668685154377e-17,-2.01379783365631e-16,-2.02584204827835e-17,-8.80070025032738e-19,6.4832469937678e-17
"t769",-0.00497270315449747,0.0522103231413399,0.0672407044724131,0.016251763457046,0.0333083685712539,-0.00551351902090923,0.00169137305572988,5.84997707160565e-05,0.000494307383632427,-0.00129387513432431,-0.000374312757838948,-0.000714347044846244,0.0119289750246145,0.107851121628294,-0.0118911205651499,-0.00320511980345167,-0.111031517682855,-0.000813449709276152,0.000190373855988134,0.000140702310655085,-0.000547425267500732,0.000155097668275569,-0.000427168797396376,0.00073627683569876,-0.000116609771126282,0.00036135855122883,-0.000478172111147109,0.00417731727298807,-0.00305829264280383,0.01581410045311,-6.73587862485108e-05,0.00109308317168924,0.000470770211939739,2.91857029534469e-05,-1.75057489643596e-05,-4.90959300682338e-05,-0.00018423591191356,2.06374744577111e-05,0.000188028730609193,7.28524835148474e-05,0.0716889264717612,0.000466178928009659,-0.000186805746823888,0.000220253562262184,-0.000510227350506962,4.24389269881207e-05,-6.45327440053497e-06,8.76284545832736e-05,-7.52447723302381e-05,0.000129139533122553,-0.000135262650175002,0.0289565977497725,6.45062504440048e-07,-6.7410420400006e-06,-7.75077370997461e-07,9.06506717562683e-06,-1.08523428920211e-07,-0.000104351958423687,-9.03287601908859e-06,-4.05413386958691e-07,-6.80324802706156e-07,9.87545114276551e-07,-3.0342327695533e-05,4.8276345896663e-05,-1.57966562241228e-06,5.21899428104756e-06,-3.41265843547387e-07,1.85727005852485e-05,-0.00106898512880262,4.67827739084569e-06,-9.38304995679338e-07,2.25023568730842e-06,-7.12887850896863e-07,-4.20156435153001e-06,1.7266685448436e-06,1.47958288594056e-08,-1.31004471730267e-05,4.83869076662014e-05,3.59540169561636e-06,1.66777656767592e-05,-0.0909263137397015,0.000765719749211332,-1.98549800583959e-05,-8.36972001111767e-05,4.39255748509876e-06,0.000122681279077935,-1.8046566909458e-05,-2.84670225270011e-06,-6.33383714939381e-07,2.40452636138405e-05,-5.27332826846955e-06,1.40462716867408e-07,9.45939518531979e-06,-9.79183642752266e-05,-9.27745771884203e-07,-4.90773434567807e-05,-5.82778171103771e-06,9.26234841654673e-05,-0.0137946450574221,6.26548559490664e-05,6.30784864627707e-06,-3.84163876552445e-07,7.67974032161006e-06,-2.47322578105196e-07,7.62168257369803e-08,-7.91857045578869e-08,-4.81346109855734e-07,6.05548765957722e-08,-8.28177035970625e-07,1.7331666850915e-07,0.00249926630060624,-2.30039787251625e-06,6.36136618697556e-07,-9.38762848961887e-08,1.92396391049138e-09,1.39469338765131e-08,-7.17442715869883e-08,1.65499489728543e-07,-2.15402565550676e-07,1.407307651075e-05,-2.39367250932328e-07,7.32429877794378e-06,-1.2509062679693e-07,-3.24581874774929e-07,1.13890403801709e-08,2.13926423702485e-07,-2.53617271308475e-08,1.53246292552741e-07,-0.0480118193685173,0.00137202608254424,6.96827840409163e-07,8.55656390987469e-07,-5.79140788205808e-08,-4.19464321980691e-08,-7.48102156126261e-09,-3.26887676767605e-07,5.74267176446469e-09,0.000149315122378724,-1.98912227570075e-06,5.79038436959046e-06,3.89920691263218e-07,1.19967505800388e-05,-3.43913684888011e-06,-2.21109381470997e-07,-8.42064634794838e-08,4.97694248890369e-08,8.69363364827579e-05,-5.21726424454603e-07,-3.57263355013456e-08,9.6326900891302e-08,2.06137674064801e-06,4.71274747687495e-07,1.39909845700285e-06,-3.96329368547327e-06,4.1025982572977e-05,1.29458702110619e-07,-1.99238089324756e-06,2.97830454002737e-05,1.19383441964019e-06,4.04765995699761e-07,3.18314650991338e-05,-0.00012670310161858,2.91512105834388e-06,5.96939761244331e-05,-4.95961913886895e-05,4.42025945018547e-05,-0.000371355394411385,-7.9298138704944e-06,-0.000421016699552165,-0.497938089480828,-0.000847694205112546,-0.000130726199581107,5.88181294602569e-06,1.28897608573391e-05,2.44368412519106e-05,3.70437223014452e-06,2.02346053910807e-06,-5.8046697229504e-05,-5.21606952524373e-05,-0.000323389973708342,0.00177241722448505,0.000905996667550522,-0.315195188150835,5.70651457900277e-07,0.00130924589654247,3.99503314346765e-07,4.34136299404236e-05,1.68031956603855e-06,8.22681238191792e-06,-1.73647925873092e-05,-6.39812687272158e-07,1.57940723671574e-06,7.35554531002562e-06,2.17097455545497e-08,0.31738991374749,-2.79351426549112e-07,-7.36683241926722e-07,-7.19941928928407e-07,6.53954818979372e-07,3.49446962883317e-07,3.5051671478456e-07,0.000116681183068166,-9.28341684033783e-09,-1.6349933706854e-06,-2.47670004251505e-06,-1.22910991707985e-05,1.58376357618204e-06,8.27583997943662e-06,-1.16133760323866e-05,-7.10856701589449e-08,-4.60850771643007e-05,1.48362390348716e-05,-3.87107049510954e-05,-4.78050818688437e-06,-3.8678002147447e-07,-2.5071613400162e-06,6.50505064969646e-07,1.14254985323667e-05,-7.74149165377432e-07,-4.43447572616552e-06,-0.000528299943258269,3.6022377461773e-05,1.16117805158012e-05,0.00539669471278972,-1.141890358536e-06,-6.21852706547024e-07,-9.05342278765236e-06,-2.85408047458516e-05,-1.65837350088097e-06,-1.37609591029442e-06,4.1637738459619e-06,8.61826960517362e-07,4.81364435405771e-07,8.06097125018369e-07,-4.28717538189328e-08,-9.89335379662316e-08,-3.64532714089542e-06,-3.68805316842883e-17,-4.06589185718997e-07,5.79310748313665e-06,-2.82627300820751e-05,-2.93101708786999e-06,-3.31623681010273e-06,5.58867198576856e-07,-6.34951621140537e-07,3.28242874617004e-06,-5.30570230459157e-08,3.4541883362612e-09,-7.8732935091293e-07,8.0850407040708e-06,-0.00255980447111268,2.3760818515367e-05,-1.5557070553318e-06,8.1394648026682e-08,-5.26630246776264e-09,2.48433673850384e-07,-2.29715814617118e-07,3.61152929291324e-06,7.9739077397096e-07,-1.54592048373091e-07,7.12045493061418e-05,-7.21803775685637e-07,0.000132546709485572,-3.15618577192104e-06,3.05306354065165e-07,-1.0435735969692e-07,1.79650012977136e-08,8.71539646839772e-06,-2.72762486452255e-06,1.33581918938184e-07,1.55160317228815e-06,-1.14823045023836e-07,1.38455898116918e-06,-1.61574847443875e-06,7.03011139858771e-05,-4.79721024670092e-06,3.73062616405959e-06,-2.71326274888835e-07,4.41554692804503e-06,-2.25781021753802e-07,8.71866228270827e-07,6.43710878193628e-17,-2.13598685659679e-06,-7.31320881415954e-08,-9.56101893538162e-11,-8.25898415973781e-07,1.03648090359421e-07,-6.4097849834123e-08,-2.11370324341051e-07,2.38763752615345e-08,-1.01234846119624e-06,3.51764291940121e-06,1.2870728646044e-07,-0.00209224702938308,1.45240215767042e-06,-1.7677279441951e-06,5.65841408817259e-06,-8.78460783611373e-07,1.454212011712e-06,5.15811856953395e-08,3.92106850272286e-08,2.26264284517231e-06,-1.92855720187641e-05,9.61759429572457e-08,-3.68168128812211e-06,0.0278304236002512,0.000698276966980173,1.58358436172521e-07,1.5632552817158e-07,1.01500742029692e-06,-3.42966346501468e-07,-2.24248608446371e-07,2.86070952549242e-07,-3.72861945969485e-05,3.45590574473328e-08,3.32659732130083e-07,-6.74644478743833e-07,9.19278754130461e-18,2.22616082403753e-09,1.34688008299438e-06,-1.23942720086021e-07,6.40365809875693e-07,8.16646857745521e-08,1.6872903523865e-07,4.04149702194986e-07,-0.000147230415106195,1.98659728706866e-06,7.50371554542892e-18,-1.56322263867444e-06,-1.43785347596668e-08,-5.3381169982389e-08,2.53350900031139e-07,4.01946983418466e-07,-2.71268943268248e-08,-1.03686931702866e-06,2.762196974282e-07,-1.3048483471119e-06,1.7259082557671e-06,-2.63987736905018e-07,-6.32301109435065e-07,-7.81155704712292e-07,-4.71133248603275e-09,-6.28388331327068e-07,3.76321212663471e-07,-6.80511686587437e-07,-7.60898329399816e-17,-1.97752576239025e-06,1.55148241836911e-07,4.47126577682516e-09,3.91471724149759e-08,-1.28156194725593e-06,-2.63996466566928e-06,1.34009634938598e-06,-4.86768596405506e-06,-2.3946928530446e-07,-8.15952062196534e-17,-4.38669199510397e-07,-1.72874113837286e-07,-5.56238312116423e-07,2.07852984355839e-16,1.06504284952848e-06,1.54885730148774e-06,-2.3766237339407e-07,-9.0085298002564e-07,-3.18664643979989e-07,-2.0064010332115e-07,-0.000342900906310924,1.27081802268929e-07,1.03414238706931e-06,5.99610915351044e-08,3.02923496099831e-07,4.37500772907459e-07,-5.07504875227951e-17,-1.77507086499764e-07,5.84185459965548e-07,2.87350047398254e-06,-3.90274764726963e-07,-5.17091832212683e-16,-0.00476307580353897,6.58503742369493e-08,-1.64043410015614e-07,-1.11698676807446e-07,-3.82700911143829e-07,4.34418168905192e-07,-0.0011837531757179,6.07458135496809e-07,-1.25702783927484e-16,2.30513332743121e-06,-4.41690414136585e-07,1.23450246661702e-06,2.89463574190116e-06,-7.7728848034207e-06,-1.97248205181538e-09,5.41016884070267e-17,-7.22471856758958e-17,-1.92153379318161e-09,-2.47273806621029e-07,3.26404248620661e-08,-3.32984685569412e-07,9.78252227330147e-16,-1.6400413292395e-07,-1.99614265491298e-09,-1.18407403870388e-16,-2.45747701499707e-17,1.20420793024894e-17,8.72526261788485e-07,0.00681226817714248,-7.0093824493576e-07,7.17182472883796e-07,3.62564452285204e-07,1.85820482627383e-05,-3.47320937294124e-07,-5.19398140132182e-15,-8.11563479712816e-08,2.30191702120075e-07,7.56858202671446e-17,1.03643711337665e-17,-1.47553171104167e-07,-7.96950924044711e-11,-8.77137762826433e-08,4.77518236750726e-07,8.67299287396204e-08,-3.24631925166373e-08,-1.51284170036493e-16,-1.09180873248939e-07,2.32532202361001e-16,-3.72113019094954e-07,-2.98223360069294e-16,-9.72295989157818e-08,1.81815228263119e-16,3.99189958203135e-07,1.05113289703661e-07,4.36854712996062e-08,5.73876945870946e-07,2.84246943634708e-07,-3.26054030938855e-08,2.06648605162604e-07,4.59550191705783e-06,3.47259843995012e-07,3.20507570031273e-08,7.21413177886781e-08,-2.02841796806859e-07,-3.47366892632129e-07,-2.81637852234419e-08,-9.68192720305708e-08,5.64289262330633e-18,9.05419320013264e-07,-1.55934155666783e-07,8.04756866652404e-08,1.54169729705332e-16,1.40974734677485e-08,3.83238447918738e-07,3.1157145474649e-05,1.23396042497521e-16,-3.25209843778019e-07,-1.74602869157565e-07,-1.62978284510921e-16,-1.47868265025385e-05,5.13488609547718e-07,-7.05602268990514e-17,-1.02829539994336e-16,-1.88205648659736e-08,-1.01036447694727e-07,-5.75603246788339e-10,-7.98513973118245e-07,2.11950609251476e-07,6.23405572274288e-08,6.00537560220706e-08,5.5435153668892e-07,-1.24361829008446e-06,5.20132439722765e-16,2.56431439779682e-09,1.76471441882789e-09,4.86940547354375e-09,4.55616937066797e-07,-2.62527247751059e-16,4.54033895860115e-17,1.49827223532158e-07,9.24330707972676e-17,2.64020071135122e-17,7.1135094251731e-07,-2.37012010123274e-05,-1.58180188375081e-07,-1.0667062014654e-08,5.53337954431171e-06,3.16885084127598e-05,3.51324791278542e-08,-4.55329939584653e-17,8.2773257719515e-08,3.86545784111706e-09,1.77365724562415e-08,-1.78418542743029e-07,7.0385929316755e-07,2.88656910405774e-16,-2.17197146457882e-17,3.0630264083799e-16,-6.15082475429539e-08,-2.94949634131118e-08,-1.71778632835098e-07,-1.32566717163585e-16,-2.26071108372141e-08,-1.06727898768435e-16,-6.41476048571374e-18,7.30683329384378e-06,-7.892716579694e-08,1.40959834950272e-16,-1.99279993663363e-07,-1.02916757442653e-07,1.52829409321631e-16,2.332538954909e-07,-9.83024744878824e-17,8.59651231020879e-08,1.01055228608121e-16,9.1088943439009e-08,0.000163289110957567,2.29517098629867e-08,2.30336360819906e-08,1.62128990047875e-07,-8.19929675179681e-08,2.26815547394213e-07,1.20147776827903e-16,1.49111826499582e-06,-8.41616823035475e-08,-1.07919994701978e-16,-1.10879093959221e-08,-5.80058666647587e-06,5.24592618779945e-08,-4.62476913141827e-17,3.82375863034356e-06,2.22251651446987e-07,-2.65264857686164e-17,-5.55242348740595e-07,-1.22806457386101e-07,-6.39384507724865e-09,-1.94026614124917e-16,-1.24129410862628e-16,2.59496263361225e-06,3.49534145156827e-08,2.82772236141169e-09,-4.54087010804384e-08,2.0678544602126e-08,1.85136384901337e-16,9.04339320732605e-17,7.54813728922728e-08,5.2027867198462e-10,8.38033117511714e-17,1.82367051747199e-07,-2.485220031711e-17,9.43365354766226e-08,-3.48795823603371e-08,-2.0379302536957e-08,-1.35094402032974e-07,-2.30096251306624e-16,4.95025029106496e-17,2.48954226207203e-17,1.14283313790377e-16,-1.08481107463032e-08,-3.76268241690662e-08,-5.78337503358134e-17,-7.86951690758735e-16,-2.3730762125399e-17,5.29531527792448e-08,4.75843482185059e-10,-2.61986121269219e-08,-7.28611732378134e-17,2.99155096311274e-16,-1.01369514995606e-16,-2.54222202707668e-05,3.33786757416716e-08,-2.21208068300786e-16,6.00666344020156e-09,-1.57203383211381e-07,-7.57905634968624e-17,-1.63082984712427e-17,-1.08663917724517e-07,-2.52446193224585e-08,-5.38311549364819e-08,-6.99618516557475e-17,1.54833988077845e-06,8.81883542636526e-08,9.46100655935303e-08,-8.622082295785e-08,-2.32091262409732e-07,3.77741348996924e-09,2.01403594944236e-16,-4.70905480850481e-16,-1.70456897339077e-16,7.17630312727657e-08,-6.4974721761498e-08,-2.44876668498959e-08,-4.91355918580022e-07,2.44830136190889e-16,7.36265698581871e-17,7.91552998964794e-17,1.92115301830373e-17,2.18044351600229e-17,9.18794531261189e-08,4.61014655671889e-17,-1.97019392049572e-17,-1.48721689160705e-08,7.02444524739554e-17,-1.33130094366026e-08,1.63718863015596e-16,-1.65049015384337e-08,-2.42897065026886e-16,-1.99845104133533e-08,-2.50096686997208e-09,-2.28131749545227e-07,5.83168034447389e-16,8.02747210436752e-08,-1.17095969750193e-16,1.13898108317477e-07,-2.00327262830623e-07,2.82355722725965e-08,-2.39893417282923e-16,1.61702170861245e-07,4.0490597718704e-16,-3.98128925196572e-08,-5.06376080829975e-06,3.16549080525493e-16,1.83594408767701e-17,2.48063265585857e-17,2.56490859195009e-17,-7.52988060237834e-10,-9.80587192516267e-09,-2.18971612581179e-09,-1.47741341041776e-16,1.87504749689197e-16,-2.31555535277083e-08,1.8888749883986e-07,2.58441565221287e-16,2.75910330034447e-16,-9.99080137128019e-09,1.88675432460225e-16,-7.0828516010406e-08,-1.00551530894691e-16,1.50800375926549e-05,2.55377516483624e-16,-2.72156380116444e-16,-5.93816453155718e-17,-2.29472036527564e-16,2.45973969316075e-16,4.64522453380485e-16,1.28869811828586e-08,-9.01382714503675e-08,-1.07749725976731e-16,-0.000296187222932638,2.26656597354754e-07,1.46040323662419e-16,1.50115834837789e-16,-1.74211977423347e-16,7.301909690748e-17,2.28261636395729e-08,3.72629368129485e-09,-2.81978379222738e-16,-4.81785790261135e-17,-5.71684100485666e-08,-0.00143670636957728,-1.9126057946159e-09,-4.29530883655059e-17,-3.66043704728515e-16,-5.38870233373678e-17,-2.39591500360578e-16,-2.67411558900041e-16,-1.05346905038709e-16,8.45174253122149e-08,-7.99845460558989e-08,-1.53871985109327e-08,1.3495139506509e-16,1.32802315902461e-16,3.21241936116073e-16,7.65891410401964e-17,-1.19875568891669e-16,9.58921755773152e-17,2.34754762653507e-16,-1.26226345758702e-16,8.49074919008156e-17,-7.76821526820668e-18,1.33600900165075e-16,2.04469097770657e-16,-1.03444256101229e-17,-4.52490290552901e-16,8.46404619686844e-09,-2.47643817459952e-16,-3.13069783286815e-17,9.72542526943035e-17,1.19816733694016e-07,-1.44312603624309e-09,1.15925205691051e-16,-3.09234042950053e-09,1.09505937082091e-07,-1.28716536691015e-16,7.17321376100906e-18,-5.35640785114413e-06,4.80754712091551e-16,2.69532498590802e-09,-3.57441319047363e-17,-7.12753608326952e-17,1.39486421633749e-16,-3.55970611014085e-16,2.64361665890669e-09,-9.1816863920647e-06,1.64561539054877e-16,6.39311272860051e-16,-6.64927156481919e-17,-3.07225221256785e-16,3.53951351735049e-16,-3.621587016021e-16,2.25335158023941e-16,3.67851603781431e-16,4.34929868610077e-09,-1.68915609125034e-16,2.70851984812098e-16,2.67903189339784e-16,-2.15925922020299e-16,6.08867547124446e-16,-2.306237203292e-16,-8.57676611792265e-08,-3.66614669801793e-17,-2.92429776938628e-17,1.43669568502816e-06,5.83408307484187e-16,2.89366767678209e-16,-2.72757006060611e-16,6.1507915718117e-16,5.32638963281908e-08,-1.04614762088205e-16,-3.93092858011579e-08,1.17362993442357e-17,1.13547992070165e-16,-1.23565711340265e-16,4.40398554949978e-16,-4.65012241204696e-16,-7.16211314826029e-16,1.41986362533966e-09,3.1774250461704e-16,1.00088734525461e-16,8.0078009195493e-09,-1.77194271684133e-07,-3.78881171416886e-16,1.2409601050691e-07,1.81739606428252e-08,-3.6617716096971e-16,2.94529210511261e-16,2.78687680047396e-16,2.97460349173881e-16,4.53643008541546e-16,-3.04899582862861e-08,-4.48256036618225e-16,-2.96456555593851e-17,6.75531073154361e-16,1.22029344633668e-08,-5.20942822116533e-16,4.23457858510154e-16,-5.85521226602217e-16,2.80515612837204e-16,-5.55750860523128e-09,3.525111647175e-16,1.67189643907948e-09,5.93347656968614e-16,8.05018834450386e-16,-1.36505072270374e-15,2.20523122851175e-16,-9.78155655411284e-16,-1.32145842854167e-16,-2.47633882956677e-16,-2.89861349258833e-08,-6.48104912747469e-16,2.64282108282441e-16,1.21838804395534e-08,-1.92772606231125e-17,1.76242394480227e-15,-1.80526778350714e-15,2.41289176068702e-16,-1.71907650115333e-15,-6.94770959481375e-16,-1.97910804686389e-06,5.63674955093403e-16,-2.48588409641382e-15,2.62780572022416e-08,-1.16398851361676e-15,-3.96044123152873e-16,4.34650297133503e-16,-2.69782477522303e-15,-3.23212372079754e-16,1.20303605241477e-15,1.36642562562249e-15,-6.32136687537842e-16,-1.54297105691674e-15,-2.80651757553464e-16,-8.23400235146335e-16,-1.37741567883836e-08,4.56709464135119e-08,-3.59479149099493e-16,3.4816206987108e-16,2.98015871888315e-16,3.87796914151858e-16,-9.53813308716966e-16,-2.13339850811624e-15,-3.62464498947268e-16,2.29878174415692e-15,-3.95549548096651e-09,-2.60203309257815e-15,2.56485425750989e-15,-3.77396504617815e-15,2.51149978616761e-15,2.37288145396583e-05,-3.44026069544487e-15,-8.02436327377637e-10,-9.72530115936801e-16,2.26807732116712e-15,-2.7607276690168e-14,0.707106781186546,3.25604528917194e-14,-2.63591717061145e-14,-4.02851843024636e-15,9.94987222226321e-16,2.0326378580379e-16,2.94682522574635e-15,2.24022607965502e-15,4.4287406383911e-15,-5.27787187330442e-16,1.42438181144041e-15,-4.78548918253788e-16,2.66298274247336e-15,7.8547011555696e-16,-1.02755731169788e-15,1.45329418219463e-15,3.3083221046899e-16,-8.51430742316445e-16,-4.0553552702982e-16,-7.76945564466246e-16,-2.16142964921107e-16,-2.92074345643226e-16,3.81277695822225e-10,-1.67233653535054e-15,-1.76533881048023e-15,1.58562273293504e-15,-6.0345066688023e-16,-1.22689967866886e-16,5.21437306189125e-16,1.48607822565883e-19,-1.90721672904052e-16,7.83353215414888e-16,8.27013642754302e-16,-1.05486095119262e-15,1.24510761262757e-16,2.56874490853324e-17,1.99959836695865e-16,5.45338249994655e-17,-3.01080035867917e-17,2.05072172575951e-16,-4.90347664687537e-09,-1.92887537590308e-16,8.00109182597105e-17,-1.0721608044042e-16,-2.44187471122007e-16,2.79436757820077e-16,-1.48641153756101e-16,-2.25885255129212e-16,-1.05787673407496e-16,1.64352751003714e-16,1.03819293568564e-09,4.29638010835519e-16,-1.82948969209336e-16,-9.91736793500706e-17,-1.59583477515709e-16,1.60907828828519e-16,8.20783546418734e-17,-7.83897971983404e-17,2.8081283909602e-16,-1.76577432333906e-17,-3.46290895701805e-16,5.95926916714728e-17,3.81237101469762e-17,2.51075819785499e-17,5.23430538591109e-09,2.82545925879221e-17,4.0648831036661e-17,-5.59181327699858e-17,-2.5414376549418e-16,-3.40097381930146e-06,-1.01135820903227e-16,-4.41568527161825e-17,8.6065323018347e-17,2.1304534520625e-17,-5.7496814901905e-17,4.0617819542083e-17,1.89692916103208e-16,-1.09735381701202e-16,-4.85674211712125e-18,-3.34677246226622e-17,7.68916602412862e-17,6.41342046715802e-18,-1.28633961376049e-16,-2.0242950588873e-16,4.27459498285403e-19,1.01833932688887e-16,-1.15512397368374e-16
"t751",-0.00499385185907098,0.0526824397872063,0.0678687446902635,0.016456423273239,0.0338246685028772,-0.00561429162249886,0.00172291505627652,5.96807600506838e-05,0.000506173995511458,-0.0013319009485264,-0.000388477965798985,-0.000748210541203179,0.0125125168752503,0.113214268785363,-0.0125107211911206,-0.00338300643523683,-0.117356725193538,-0.000860721270166519,0.000201721738306065,0.00014990299904204,-0.000586538435420817,0.000168858471286506,-0.000467576348687588,0.000806394240822068,-0.000127766499678947,0.000397899348259016,-0.000527209498445174,0.00461031852892245,-0.00338555380703943,0.0178901107118984,-7.6951086507235e-05,0.00125791407338781,0.000548547413385765,3.43154604132006e-05,-2.07982377595378e-05,-5.93752607396672e-05,-0.000223507665109712,2.51370020775685e-05,0.000229425940452516,8.92385148491834e-05,0.0884953952722723,0.000579416655855089,-0.000233198806746652,0.000275053731205921,-0.000640538087841376,5.43669048605929e-05,-8.32061072313224e-06,0.000113333915180549,-9.81780023046111e-05,0.000170159524830911,-0.00018065953078638,0.0389278143874323,8.68027002167237e-07,-9.14691165533529e-06,-1.06966309466571e-06,1.25434886386524e-05,-1.58056431917464e-07,-0.000154334909206599,-1.33845629649068e-05,-6.25797674346099e-07,-1.08665843369863e-06,1.60621429304605e-06,-5.01135800112835e-05,8.00496899460128e-05,-2.70086750639173e-06,9.1922090099915e-06,-6.47388404297131e-07,3.66033012185634e-05,-0.00214691565260137,9.74256558001457e-06,-2.53672814341189e-06,8.76415256280489e-06,-3.02291377108854e-06,-2.2284466572411e-05,9.47819157260257e-06,9.28505345327923e-08,-8.74093754261484e-05,0.000485659424904273,-8.06555011749902e-05,-0.000138414230627871,0.314749181449143,-0.00228945829292783,2.30036623741195e-05,7.23980852176515e-05,-3.22259601117079e-07,8.80677584787353e-06,-3.63723797221871e-06,-6.29836277001734e-07,-1.43361485827883e-07,5.74775076006979e-06,-1.49483560866335e-06,9.0362963462245e-08,6.36329611014624e-06,-8.44682883427793e-05,-1.09669311083992e-06,-6.04615782600578e-05,-7.19332060759817e-06,0.000126501329108451,-0.0195440048774071,0.000101780590280384,1.14654766941858e-05,-7.05396742307528e-07,1.42640255110053e-05,-8.55167014661429e-07,2.80513822408622e-07,-3.06815244959649e-07,-2.05795498045617e-06,2.66596854164883e-07,-3.84899584512883e-06,8.79723946884959e-07,0.0130791360024838,-1.4769469220669e-05,4.1985038348525e-06,-1.66381651955434e-06,5.41272894641606e-08,-1.2440797251604e-06,2.19254217591627e-06,-1.76175608848229e-06,1.3759181755155e-06,-6.79820615205142e-05,1.00905926133078e-06,-2.07174515954611e-05,2.8187140015208e-07,7.25186098058575e-07,-2.46447325138557e-08,-3.67374086236241e-07,4.26973547424845e-08,-2.07211526344708e-07,0.0153473107301136,-0.000416616151721638,-1.2509997409199e-07,2.36408294396085e-06,-3.44191118694538e-07,-6.60650143049838e-07,3.44434923793134e-08,1.33106941535356e-06,-1.02545963055319e-08,-0.000199200442741602,2.0098801652218e-06,-5.81104348410335e-06,-3.75782029471678e-07,-1.13313198925606e-05,3.14693094637065e-06,1.99925043858125e-07,7.61265991619499e-08,-4.14267339367076e-08,-6.20852551841003e-05,3.22181408749408e-07,2.13007520433229e-08,-5.32148358107418e-08,-1.13196363103408e-06,-2.514674751668e-07,-7.34092859736014e-07,2.04020116203978e-06,-1.77619961060448e-05,-5.4527379844452e-08,8.22985031834928e-07,-7.81940030132024e-06,-2.78674046804009e-07,-9.27551471968709e-08,-6.57135732412426e-06,2.55886350889604e-05,-5.10463272570925e-07,-1.0266247555224e-05,7.33215666086626e-06,-5.56974164113475e-06,2.57534095402734e-05,5.35201349289475e-07,2.82150584357164e-05,0.0298276044354579,4.381683009244e-05,6.60361051985962e-06,-2.02980958754745e-07,-3.80225427913536e-07,-4.53601746124128e-07,-5.86343032843799e-08,-2.91716528825341e-08,-8.60526395143955e-07,-4.92076087140675e-06,-5.38612264522108e-05,0.00128364467499391,-4.43174813431808e-05,0.00759493250606098,-5.47842613244811e-09,8.11346525167854e-08,8.32099910986453e-09,1.06820084502013e-06,8.12447979319363e-08,4.02778141674059e-07,-9.48455400832616e-07,-4.1739255893006e-08,1.02558490725437e-07,4.45695158338179e-07,9.59543954411896e-10,0.00399217815554786,-1.16462280622402e-07,-2.2245006276536e-07,-1.67668019393177e-07,1.438176800845e-07,7.05437587621252e-08,7.08487282879015e-08,2.40027696165822e-05,-1.95556524018461e-09,-3.67655316326777e-07,-5.57098556204176e-07,-2.78180648170622e-06,3.65249020241704e-07,1.93347453972308e-06,-2.80665018437066e-06,-1.78910569871307e-08,-1.19701149499586e-05,3.8904557173311e-06,-1.05855590848104e-05,-1.33710502378671e-06,-1.08245923533024e-07,-7.13899566532644e-07,1.93345577895732e-07,3.42358628719242e-06,-2.42116688505133e-07,-1.42825405617055e-06,-0.000171893528359752,1.22258215140621e-05,3.98126052044541e-06,0.00187121529672899,-4.10003532333857e-07,-2.24896728989426e-07,-3.28005047862163e-06,-1.07667524493985e-05,-6.41995588685182e-07,-5.49118960502445e-07,1.68562855409736e-06,3.54316105575267e-07,2.00881682750316e-07,3.3785920988957e-07,-1.87470365508524e-08,-4.45333881582323e-08,-1.69790892696888e-06,-1.74389260827154e-17,-2.00165082660191e-07,2.88689263275337e-06,-1.55294475858496e-05,-1.7764959632202e-06,-2.23206313263325e-06,3.78887961818506e-07,-5.88874470716091e-07,3.29736315139813e-06,-5.55391506909134e-08,4.65104256782359e-09,-1.36749532847691e-06,3.93072558336684e-05,-0.421141818231296,-0.000281780226515857,2.25890459535767e-06,-4.87366570583566e-09,-1.41121684413411e-10,1.87441926351629e-08,-3.31607804054583e-08,5.34705009587661e-07,1.42732874946144e-07,-2.98404302908212e-08,1.49594185005536e-05,-1.55162843767553e-07,2.91350007498957e-05,-7.13688357749275e-07,7.16604205292981e-08,-2.45912834277967e-08,4.56397927120396e-09,2.21742298081245e-06,-6.95129296797094e-07,3.46201707964862e-08,4.04532813370846e-07,-3.04814493460107e-08,3.68731368561306e-07,-4.68289963407441e-07,2.05295100481087e-05,-1.40902013001922e-06,1.10972209450032e-06,-8.14861365898122e-08,1.35287370890493e-06,-6.95531677053771e-08,2.69708476332638e-07,2.44225891656023e-16,-6.69840959095385e-07,-2.29735160825222e-08,-3.01996770368466e-11,-2.64089459156397e-07,3.34688571623879e-08,-2.0789546351254e-08,-6.87027017231394e-08,7.95357173173301e-09,-3.37696343297878e-07,1.1738398705601e-06,4.32051994824025e-08,-0.000312297193033092,5.01421274042284e-07,-6.09109136331161e-07,1.95363489913453e-06,-3.06727080057022e-07,5.08540102149029e-07,1.80380873999392e-08,1.37120755234347e-08,7.80320514795416e-07,-5.88069141401401e-06,2.79577638819474e-08,-9.50572617815716e-07,0.00484606096855199,8.63054062967394e-05,1.2034680588821e-07,1.11181277350518e-07,6.60481387629813e-07,-2.13380392967849e-07,-1.26584308403246e-07,1.51930287311057e-07,-1.91164254487186e-05,1.75151174575049e-08,1.65950169228813e-07,-3.28893942133283e-07,-3.60603383005245e-17,1.052795835996e-09,6.37464962209368e-07,-5.87614281024457e-08,3.03616428109363e-07,3.87221002412144e-08,8.00456339443678e-08,1.91931537775612e-07,-7.00163775815388e-05,9.47739570169397e-07,-6.67770274484108e-18,-7.52341656787858e-07,-6.92843422988263e-09,-2.57910433697253e-08,1.22445986287157e-07,1.95635283315026e-07,-1.3257434156922e-08,-5.09803336530552e-07,1.36395402476714e-07,-6.50589560621281e-07,8.68595935626398e-07,-1.33678716606379e-07,-3.21323157659564e-07,-3.97853725530814e-07,-2.40919064347045e-09,-3.21476405961343e-07,1.93077903856685e-07,-3.49938567332669e-07,6.13049269754434e-17,-1.03484456203656e-06,8.14957977594843e-08,2.34874038448552e-09,2.07906490742624e-08,-6.81776771599576e-07,-1.43489186024871e-06,7.33041091139966e-07,-2.66604989022007e-06,-1.31798433105227e-07,-5.97968887560627e-17,-2.42799573018621e-07,-9.58878045399171e-08,-3.11021868814991e-07,1.16329187121666e-16,6.00850506234829e-07,8.75660471625074e-07,-1.34513552189253e-07,-5.11043293128532e-07,-1.8147733373602e-07,-1.14598862073716e-07,-0.00019630569062931,7.32549244494937e-08,5.96609461334108e-07,3.4757699086009e-08,1.77078586496014e-07,2.55857354987315e-07,2.91764825052141e-17,-1.0548067553102e-07,3.48038045206606e-07,1.72083230124398e-06,-2.34919431818684e-07,-2.20157270046789e-16,-0.00137615895066862,4.42890478026623e-08,-1.11473702229791e-07,-7.63966197566066e-08,-2.64019755487289e-07,3.05122792073514e-07,-0.000859622521629273,4.89560370981921e-07,1.38179115397752e-16,2.10680830954586e-06,-4.08984688738842e-07,1.17618254971271e-06,2.87872645430643e-06,-7.7569919453508e-06,-1.9941704793455e-09,2.16840434497101e-19,-1.40258380747075e-16,-2.10989035049557e-09,-2.95618556488865e-07,3.94789455149487e-08,-4.41647323411361e-07,1.67706293977382e-15,-2.86412258169086e-07,-4.15398372132523e-09,-6.24614375807074e-16,-1.01004969806317e-15,-1.62156836406698e-15,6.68244865049533e-06,0.0878272494340802,5.64265276047506e-06,-2.22434264515941e-06,-1.04319511732451e-06,-3.10739519836621e-05,5.5159691594027e-07,4.56813034169065e-15,6.18996671151846e-08,-1.41544909226324e-07,-1.57211472644753e-17,-3.64771608934255e-16,4.10593311928763e-08,1.81832285549279e-11,1.50524326501527e-08,-6.64159115511361e-08,-7.46724024457418e-09,2.54836373129744e-09,4.05746632293046e-17,7.47759003302221e-09,-1.65954322445038e-16,1.55768783024772e-08,-7.14702683970656e-16,2.34286844241044e-09,-4.6572853442245e-17,-1.37808951651053e-09,5.063801851683e-11,2.01863589287144e-09,3.13631759364173e-08,1.65040963887023e-08,-2.35307004946562e-09,1.72600113615699e-08,4.92441343166091e-07,3.72789137162256e-08,3.65176412189543e-09,9.03831691584453e-09,-2.82344267461592e-08,-5.20682282490429e-08,-4.44281569327888e-09,-1.56311345536473e-08,1.4551017214376e-17,1.55963758102365e-07,-2.83542724941763e-08,1.65247505496105e-08,1.16929760146617e-16,2.97889578994051e-09,8.42051063198811e-08,6.95152397635029e-06,6.13817412413256e-17,-7.31117425274482e-08,-4.03849303442015e-08,9.60461435495231e-17,-3.46509767465873e-06,1.28794436637375e-07,6.90350188633527e-17,3.81243181540031e-16,-4.82835571082689e-09,-2.5970732304578e-08,-1.49272246535253e-10,-2.09167789919414e-07,5.67144634413352e-08,1.67106101065309e-08,1.61373074685584e-08,1.52775667820369e-07,-3.49223029101592e-07,4.47795826027247e-16,7.24933760911635e-10,4.99451243810006e-10,1.38356675309361e-09,1.30057767813328e-07,4.95233528941825e-17,3.66588396733838e-17,4.30344373249175e-08,-3.98542930620673e-17,-6.94277201657491e-18,2.11656552764957e-07,-7.09122608506673e-06,-4.73317798516987e-08,-3.22907408759897e-09,1.67758012177104e-06,9.61025856067856e-06,1.06768652041704e-08,-4.74547936117172e-17,2.56844666285841e-08,1.20446397082458e-09,5.53417161296839e-09,-5.60404421759507e-08,2.23645898661941e-07,4.73666597564517e-16,3.56604722622676e-17,1.5469029584986e-16,-1.98489122421833e-08,-9.57852118132174e-09,-5.5811671219599e-08,-2.56104336675036e-17,-7.3885841265277e-09,1.76517101614126e-16,2.63275964345205e-16,2.44582109534662e-06,-2.64267617230477e-08,1.8285069638968e-16,-6.70855257399429e-08,-3.47525614781416e-08,5.09536280439353e-16,7.92489370186714e-08,7.79718666707327e-18,2.94157465705055e-08,-6.26743187328235e-17,3.11885547518185e-08,5.59367096898222e-05,7.86667945359779e-09,7.90073468824852e-09,5.57057328674609e-08,-2.83474864948806e-08,7.90730807969196e-08,4.6781936754143e-17,5.24985266825986e-07,-2.96614458623728e-08,7.8262414139912e-17,-3.91303132010349e-09,-2.05206395860062e-06,1.85985900200646e-08,-7.31956270512253e-17,1.36541573293725e-06,7.94733656415798e-08,3.01093649644324e-16,-1.98907998710947e-07,-4.40330657128713e-08,-2.30008274421956e-09,-4.98929294537057e-17,2.89303661694877e-17,9.40536357682625e-07,1.27081467620575e-08,1.02873304524338e-09,-1.67335013182005e-08,7.63547841289347e-09,3.29824126716315e-17,7.94118472289343e-17,2.79093149253346e-08,1.92406500717156e-10,3.49679416944647e-16,6.75956558028622e-08,3.04119300759621e-17,3.50424259897688e-08,-1.29944226120526e-08,-7.59389347313143e-09,-5.03805585267968e-08,-1.08009850285066e-16,-1.24779127085599e-17,-9.24915443655861e-17,-1.0605456776037e-17,-4.07432534810788e-09,-1.41398778521824e-08,-1.78348605194454e-17,1.61246880863837e-16,1.57882715495983e-16,1.99399457920718e-08,1.79339597092869e-10,-9.89715489677441e-09,-5.81677792698591e-17,-3.28118540909687e-16,2.13194804692118e-16,-9.67840718492518e-06,1.27107807273788e-08,-4.70637147274011e-17,2.29403975396045e-09,-6.01081089379108e-08,7.27418250470028e-17,6.27017717776047e-17,-4.16610020971195e-08,-9.68069149204905e-09,-2.06752428288476e-08,-1.33578324350536e-16,5.96216679748752e-07,3.40062750760241e-08,3.65532838462174e-08,-3.33990025032016e-08,-8.99664855883802e-08,1.46614154859591e-09,3.92890708226544e-17,2.11519777974656e-16,-8.41591271646426e-16,2.80532194765089e-08,-2.5402286217195e-08,-9.58209652069842e-09,-1.93117105252149e-07,-4.03743535612436e-16,-1.0240005007682e-16,-1.22581612011796e-16,-8.50365034304546e-18,-1.55756229779316e-16,3.627359347708e-08,-1.46218069022317e-16,-2.58258236108835e-17,-5.88160498244364e-09,2.83544822731955e-17,-5.2654751425616e-09,4.80812722896521e-17,-6.52891751233479e-09,3.41773217219733e-17,-7.92875520979361e-09,-9.92938326678417e-10,-9.0669507569355e-08,4.2222670577563e-16,3.19462231985431e-08,-1.13783101504142e-16,4.54556862609818e-08,-8.02433144775387e-08,1.13118840682186e-08,-1.44930514847661e-16,6.48788764361133e-08,-5.46110346573308e-17,-1.60121583896176e-08,-2.03681150439897e-06,-1.32325821815557e-16,3.53952361041219e-18,3.47852347308842e-16,-4.95177931038529e-17,-3.03489617084443e-10,-3.95438516891735e-09,-8.83606658001015e-10,3.18591488259633e-17,4.73503882145674e-17,-9.37405781453386e-09,7.64788931220477e-08,3.05937262469997e-16,1.1765470927981e-16,-4.06468836658375e-09,2.46629733887305e-17,-2.88521085324924e-08,3.87928533476936e-16,6.17107795274501e-06,1.39426828888703e-16,2.66341282904161e-16,1.7232668226944e-17,4.52494985588036e-17,-2.29605221639407e-17,-2.62338101095164e-16,5.46157011261551e-09,-3.82649240159862e-08,1.62706014990877e-16,-0.00282606196636585,8.11581942428919e-08,-3.39961206236532e-17,-3.68836797890582e-17,-6.59008410185818e-17,2.37470838178919e-16,8.9829348513852e-09,1.45745263760797e-09,1.63094722977565e-16,2.70283875139621e-17,-1.95693557235239e-08,-0.000286832917979334,-8.23656959807237e-10,-6.87907109470917e-17,3.53239734329333e-17,-4.6409936733414e-17,-9.05299623243898e-17,1.37293377205548e-16,2.77733386576491e-16,3.44690148591253e-08,-3.26299011687764e-08,-6.27915559622696e-09,5.01346421331828e-17,-2.60497077192642e-17,-4.05127244382008e-16,7.65812664121123e-17,-1.49382149677477e-16,8.55849407451054e-16,-6.73806232138675e-17,6.33165610054141e-17,9.36090299310429e-18,1.69119237958498e-16,-7.74812151552366e-17,-9.4111092354149e-17,-6.70376736219296e-17,2.71580606277337e-16,3.47093484531548e-09,-8.79654116164347e-17,1.57241335290137e-16,-2.74372823119576e-17,4.91608817057452e-08,-5.92188249014435e-10,1.62081261959307e-17,-1.26903479267374e-09,4.49663502401287e-08,-1.11852446241791e-16,-1.64994587105585e-16,-2.2010221988457e-06,4.57030054126039e-16,1.10837710814845e-09,-2.24082596474976e-16,-7.27240726600842e-17,-2.51070491494181e-17,-9.63670737408802e-17,1.08814781581256e-09,-3.77950705293398e-06,4.98326082902815e-16,-3.37974505066905e-16,-3.28417495915511e-17,8.22285078703441e-16,2.1549873430865e-16,9.83786039539019e-17,2.6495691695868e-16,4.80498126613121e-16,1.79120061851635e-09,1.39240480813108e-16,-1.30391453400509e-16,-3.08507395591201e-16,-2.60517937383226e-16,-2.56598029786517e-16,3.47747111082157e-15,-3.52993901312317e-08,1.11963357954756e-16,-2.24443127293028e-16,5.91207351923879e-07,2.84456615733471e-16,-2.63126299212845e-17,-1.42459104512015e-16,-2.53022382863498e-16,2.18536775002526e-08,-6.15377800115431e-17,-1.6115560250425e-08,-3.0478671710139e-16,-1.67108873707902e-16,-1.18321675959429e-15,2.98321049437892e-15,2.74318737796261e-17,8.50667173622947e-17,5.80989015901018e-10,-1.93443067328039e-15,-1.74617822193239e-16,3.27084932245482e-09,-7.23693127528022e-08,2.2509911230402e-16,5.05914244017379e-08,7.40454121525185e-09,6.94554002070609e-16,1.06797441795417e-15,2.46160547499922e-16,7.00772495831485e-17,-5.84628222045844e-16,-1.22568583358907e-08,5.27329634332654e-16,1.09122043365476e-15,1.26044633199878e-16,4.87989487692441e-09,8.35994132184233e-16,-1.32685196247397e-16,5.44010744605939e-16,-3.3320754668822e-16,-2.20324596383713e-09,-2.62275316314469e-16,6.60714663529764e-10,4.17127757900055e-16,-1.87435072743609e-15,-1.17040322432712e-15,4.81316021114295e-16,3.67919026884726e-16,8.45524621013029e-17,-4.17242518443991e-16,-1.12006243089039e-08,-1.14553502784436e-15,-4.72931118681364e-16,4.67236842457177e-09,2.62820651586976e-16,2.3863706353481e-16,-2.56627407186221e-15,-1.19567100028239e-16,1.85622643439446e-16,-3.15122990492496e-16,-7.34587931617546e-07,1.47130771823613e-15,1.23870395482713e-16,9.54932949455184e-09,-3.8472460969308e-15,-3.17544406052917e-16,1.62960816699432e-15,-6.60268133395679e-15,4.43120083244344e-15,2.76468825385459e-15,-2.7250077434563e-16,-8.94416051006609e-16,-9.5586856190837e-16,1.22592768371822e-15,-8.59450123334474e-16,-4.19930824827682e-09,1.32854611474956e-08,-5.12297423552462e-16,5.01285644998857e-16,-5.19616152165223e-16,-1.65886444859152e-16,-7.03895221190048e-15,-4.768934717728e-16,4.64571435240312e-15,-2.06845319644417e-15,-4.52949039442195e-10,1.81370942416706e-15,-2.98424988309231e-16,3.62916325780439e-15,-2.07727977286926e-13,-0.816986858237547,-7.14743100195131e-14,-5.89327939833809e-10,-5.97866515960025e-14,-3.27284086299716e-16,-2.46722909725485e-16,5.40177483217241e-16,-9.86849224531951e-16,-2.3421887197505e-15,5.29927642010549e-16,-2.17200151485412e-15,-1.69333007544637e-16,-4.25395438628361e-16,2.30126302183305e-16,-2.31788495018732e-16,1.63242703221682e-16,-8.03069767369056e-16,6.58044363250943e-17,-2.22282515103169e-15,-3.67669920811527e-17,-1.55229403384186e-15,-2.59765977889833e-16,-1.67106430590017e-16,-1.56424623688062e-15,4.21528521614547e-16,5.55618425508778e-16,-5.68454145363625e-16,6.35777686914094e-16,1.93939505637133e-10,-2.62616138857207e-15,6.52979202683124e-16,1.09137810717404e-16,1.3766206406723e-16,5.54356338261765e-16,2.64311850190137e-16,-8.31947111452125e-16,3.03912545874293e-17,4.05621398874128e-17,-8.45519614187697e-18,-8.53199347110312e-16,-1.50827240802253e-16,-4.84263129017638e-16,9.20758710069992e-17,3.5978933396389e-16,-1.73751994579065e-16,-4.08053327537019e-17,-2.39781174853678e-09,3.36865677317549e-17,6.12597526723413e-17,2.06434172066588e-16,-2.95953388269877e-16,-5.00657985453086e-16,-9.7335143634737e-18,7.73745088236053e-17,1.18174345554146e-16,6.46344923206943e-17,4.98575364603986e-10,1.19241738768529e-16,-1.02932263377768e-15,2.69839057327987e-16,-3.73152465883343e-17,4.60573670463827e-16,5.25520719939561e-16,-6.15036847603391e-16,-1.56002502180973e-17,-4.25684090431094e-16,5.71796052803058e-16,2.95064814489992e-19,5.21616797040961e-18,9.38171278871012e-17,2.49088728338828e-09,-9.03442932981224e-17,-8.95127961372091e-17,-1.66332383941226e-16,-1.57968256531138e-16,-1.61427817018743e-06,7.77058141508558e-17,1.84598119629596e-16,2.19070581979392e-16,-5.0321511774334e-16,1.62294150196932e-16,-6.72729016452211e-17,-1.65575296855796e-16,1.09791026226497e-16,1.03554482271575e-16,-5.64568015001113e-17,-1.16719900791636e-16,2.16591573830447e-18,-6.22113485399044e-17,2.93353162633076e-16,1.35426426226484e-17,-6.63749831847877e-17,-6.93151088556512e-16
"t760",-0.00499388129555717,0.052683093567526,0.0678696141169225,0.0164567056225945,0.0338253786257937,-0.00561442982615089,0.00172295829761792,5.96823765104025e-05,0.000506190174170624,-0.00133195250941875,-0.00038849701154644,-0.000748255648602333,0.0125132930400928,0.113221396716518,-0.0125115428003296,-0.00338324155710573,-0.117365073940789,-0.000860783597303001,0.000201736679340124,0.000149915047803083,-0.000586589371162522,0.00016887611600171,-0.000467627895846878,0.000806483638729111,-0.000127780718757499,0.000397945701028104,-0.000527271627332823,0.00461086661244333,-0.0033859668702956,0.0178926791289758,-7.69628495538038e-05,0.00125811488995609,0.000548641136975374,3.43215936913312e-05,-2.08021393091793e-05,-5.93872606541437e-05,-0.000223553391242076,2.5142223777711e-05,0.000229473912493078,8.92574427476177e-05,0.0885146866597773,0.000579545919768273,-0.000233251580208685,0.00027511604979051,-0.00064068565571121,5.43801994782048e-05,-8.32268164753579e-06,0.000113362355723631,-9.82032058418395e-05,0.000170204273382945,-0.000180708557269058,0.038938531376669,8.68266473622843e-07,-9.14948002723103e-06,-1.06997378130293e-06,1.25471503213893e-05,-1.58106770456743e-07,-0.000154385190887894,-1.3388935281762e-05,-6.26013384688557e-07,-1.0870478966309e-06,1.60680090489072e-06,-5.01321593169886e-05,8.00794794431331e-05,-2.70190055737988e-06,9.19581059761207e-06,-6.47655402645789e-07,3.66187371975586e-05,-0.00214783026397321,9.74679166208777e-06,-2.53793260405943e-06,8.76858808180203e-06,-3.02445823326902e-06,-2.22960739723761e-05,9.48314035201023e-06,9.28994138163635e-08,-8.7455540212728e-05,0.000485920014443986,-8.07003159385743e-05,-0.000138492204590346,0.314930634938038,-0.00229078470377547,2.30174695772437e-05,7.24419952134302e-05,-3.22463741143946e-07,8.81241941875778e-06,-3.63959584914046e-06,-6.30245333877297e-07,-1.43454639402679e-07,5.75149007952787e-06,-1.49581234291575e-06,9.04244254939439e-08,6.36763983929575e-06,-8.45273438961542e-05,-1.09749102655939e-06,-6.05058268238295e-05,-7.19858644837578e-06,0.000126595308624197,-0.019558603236922,0.000101858165512726,1.14743577052729e-05,-7.05943911842582e-07,1.42751076982428e-05,-8.55879152727519e-07,2.80748592777737e-07,-3.07073027621804e-07,-2.05969597870896e-06,2.66822822385191e-07,-3.85226929737775e-06,8.80475942683354e-07,0.0130903346566538,-1.47822391808511e-05,4.20213814693821e-06,-1.66529342823796e-06,5.41755904928707e-08,-1.24520268285422e-06,2.19453136310834e-06,-1.76337674167014e-06,1.37720062796473e-06,-6.80460491236482e-05,1.01001428418214e-06,-2.07374316270039e-05,2.82146507706962e-07,7.25894204547634e-07,-2.46688379862838e-08,-3.67737793804978e-07,4.27396682324359e-08,-2.07418995016706e-07,0.0153631252755473,-0.000417045586957495,-1.25229219591861e-07,2.3665715860307e-06,-3.44554761853589e-07,-6.61349961366491e-07,3.44803686709913e-08,1.33249659612639e-06,-1.02658371298691e-08,-0.000199422633139831,2.01217474479786e-06,-5.81768196550199e-06,-3.76213005758044e-07,-1.13443414524601e-05,3.15055886671921e-06,2.00155807101533e-07,7.62144696894726e-08,-4.14749687391399e-08,-6.2158787015151e-05,3.22569545665274e-07,2.13265213089758e-08,-5.32798085609566e-08,-1.13334671380456e-06,-2.51775800492368e-07,-7.34994772330299e-07,2.04271358639986e-06,-1.77843335301607e-05,-5.4596180958187e-08,8.24025886313062e-07,-7.82981367955532e-06,-2.79049698008653e-07,-9.28804122202772e-08,-6.58032239481205e-06,2.56236170098166e-05,-5.11170139550739e-07,-1.02804858343219e-05,7.34245197512081e-06,-5.57765494181239e-06,2.57912386088616e-05,5.3598841248995e-07,2.8256563560555e-05,0.0298716774177388,4.38819099879958e-05,6.61342598189435e-06,-2.03285749856518e-07,-3.80798178033991e-07,-4.5428969879097e-07,-5.87233791248773e-08,-2.9216007525677e-08,-8.61855415740501e-07,-4.92848234572415e-06,-5.39459729083217e-05,0.00128566960333977,-4.43879234718343e-05,0.00760703969295648,-5.48718413709407e-09,8.12647042695527e-08,8.3344562692609e-09,1.06993219609419e-06,8.13789762762183e-08,4.03443751409873e-07,-9.50032519109043e-07,-4.18098429545191e-08,1.02734342276166e-07,4.46462987552329e-07,9.61208640130881e-10,0.00399914003409456,-1.1666850342999e-07,-2.2284525561266e-07,-1.67967954612787e-07,1.4407583710563e-07,7.06737367936345e-08,7.09794268481672e-08,2.40475312509197e-05,-1.95925078414759e-09,-3.68365610010966e-07,-5.58174967029447e-07,-2.78719355757295e-06,3.6596121399744e-07,1.93726250553758e-06,-2.81221782067381e-06,-1.79270919342062e-08,-1.19945167707554e-05,3.89841598314005e-06,-1.06075781258472e-05,-1.33991156659528e-06,-1.08473182233773e-07,-7.15408862362484e-07,1.93761542764447e-07,3.43097629450343e-06,-2.42648544909944e-07,-1.4314291541783e-06,-0.000172277225733045,1.22535710690261e-05,3.99033257766778e-06,0.00187549754320781,-4.10954063810419e-07,-2.25419474448797e-07,-3.28767941142929e-06,-1.079214592313e-05,-6.4352246469526e-07,-5.50437052681298e-07,1.68969156036596e-06,3.55173813199871e-07,2.01369915274317e-07,3.38681288104253e-07,-1.87931280508253e-08,-4.46435833158654e-08,-1.70213944862028e-06,-4.75883438615432e-17,-2.00668746317124e-07,2.89417096970397e-06,-1.55691287307893e-05,-1.78108192279746e-06,-2.23787339938085e-06,3.79874734348728e-07,-5.90431784115171e-07,3.30610549282623e-06,-5.56865753304187e-08,4.66345723470275e-09,-1.3711593407459e-06,3.94132963825199e-05,-0.422281379136651,-0.00028254363856167,2.26506608906042e-06,-4.88733500625826e-09,-1.41521303431301e-10,1.8797705679881e-08,-3.32570968435423e-08,5.36259965017281e-07,1.43152905814659e-07,-2.99288250103502e-08,1.50041477760756e-05,-1.55628170538117e-07,2.92226476285403e-05,-7.15844601917274e-07,7.18783028158985e-08,-2.46661067482106e-08,4.57808900205536e-09,2.22428072475787e-06,-6.97279973298599e-07,3.47277430576713e-08,4.05791779606317e-07,-3.05767921156971e-08,3.69885801081599e-07,-4.69800638551746e-07,2.0595952651009e-05,-1.41359208267012e-06,1.1133441324147e-06,-8.17533492881392e-08,1.35735698371561e-06,-6.97843609143816e-08,2.70607134757719e-07,2.51294582305426e-16,-6.72091251345957e-07,-2.30507773671786e-08,-3.03016172163272e-11,-2.64988108811971e-07,3.35835505888069e-08,-2.0861026942681e-08,-6.89393103617349e-08,7.98154428875951e-09,-3.38885619193751e-07,1.1779753169635e-06,4.33583425346956e-08,-0.000313423313680227,5.03234701390017e-07,-6.11316538078878e-07,1.96076263808771e-06,-3.07874916880244e-07,5.1046326685033e-07,1.8106344340045e-08,1.37639721457912e-08,7.83350584708539e-07,-5.90420150987798e-06,2.80699464897173e-08,-9.54407382548829e-07,0.00486573803845113,8.66565400752855e-05,1.20844583641602e-07,1.11641713284763e-07,6.6322284487706e-07,-2.14267440728489e-07,-1.27113209619446e-07,1.52568649206438e-07,-1.9197161569769e-05,1.75892571268943e-08,1.66655293063679e-07,-3.30302743854697e-07,-2.91262902236378e-17,1.05752790922991e-09,6.40344019301674e-07,-5.90286926627822e-08,3.0499765248685e-07,3.88982949804609e-08,8.04104869949614e-08,1.92809206696647e-07,-7.03377801225123e-05,9.52123919512183e-07,9.77234369706597e-17,-7.55883906107052e-07,-6.96112620134682e-09,-2.59133051450079e-08,1.23026759393628e-07,1.96573839498339e-07,-1.33214352426575e-08,-5.12286135780213e-07,1.37063664268303e-07,-6.53818432879055e-07,8.72957678302065e-07,-1.34355010942552e-07,-3.22955561613586e-07,-3.99880158213427e-07,-2.42151812222992e-09,-3.23122172865344e-07,1.9406955433864e-07,-3.51740373552985e-07,2.01413388149997e-16,-1.04027288562277e-06,8.19249241068153e-08,2.36110854554563e-09,2.0901319242793e-08,-6.85411827469701e-07,-1.44269468944198e-06,7.37049553919227e-07,-2.68064454206051e-06,-1.3252292648839e-07,-5.56835799941365e-17,-2.44140540742612e-07,-9.64183149732625e-08,-3.12753892674377e-07,1.37572596815483e-16,6.04220118208267e-07,8.80579353123029e-07,-1.35269806781302e-07,-5.13921528569646e-07,-1.8250245226994e-07,-1.15247636581364e-07,-0.00019741895411953,7.36724876567002e-08,6.00012279371163e-07,3.49566387462172e-08,1.78098360925838e-07,2.57331267913666e-07,-6.53865927437037e-17,-1.06095621560538e-07,3.50071285717353e-07,1.73093118217878e-06,-2.36307572154502e-07,-9.30211497008146e-17,-0.00138441079883217,4.45589731084902e-08,-1.12158035489655e-07,-7.68671957042122e-08,-2.65652572372522e-07,3.07023863164826e-07,-0.000865042753070468,4.92738045350263e-07,-5.12321124529785e-17,2.12082924533719e-06,-4.11712363078221e-07,1.18406213405632e-06,2.89813134826016e-06,-7.80930492571119e-06,-2.00764264205694e-09,2.49366499671666e-18,-2.13769105315449e-16,-2.12428648205637e-09,-2.97653048436875e-07,3.97509352549907e-08,-4.44713375970777e-07,1.77066932470596e-15,-2.88433793949643e-07,-4.18351694990319e-09,-6.17012810289128e-16,-1.10939391802546e-15,-1.71562339326507e-15,6.73103869761566e-06,0.0884676804728877,5.68420118501218e-06,-2.24085581409499e-06,-1.05094703999868e-06,-3.13068707029111e-05,5.55735598806625e-07,4.68265154220617e-15,6.23722349838301e-08,-1.42632085691114e-07,-3.81857643414405e-16,-6.36171750348058e-16,4.13821812671946e-08,1.83266125657541e-11,1.51723432803044e-08,-6.69476289466873e-08,-7.52759057557104e-09,2.56899052991808e-09,1.2783400326967e-16,7.53824169406214e-09,5.58031297768244e-16,1.57039805586541e-08,1.79310098670157e-16,2.36206906699664e-09,3.23493208240099e-17,-1.38944604774996e-09,5.10557971844401e-11,2.03553682190496e-09,3.16265807017891e-08,1.66428864834726e-08,-2.37296968658303e-09,1.7406691045528e-08,4.96673562988966e-07,3.75993346535755e-08,3.68326009253945e-09,9.11676147719156e-09,-2.848153487342e-08,-5.25271299531313e-08,-4.48218768831841e-09,-1.57700304893846e-08,-9.32065277617199e-17,1.57361189975219e-07,-2.86103567422491e-08,1.6677368969897e-08,4.23588562973544e-17,3.00658623498814e-09,8.49954025841382e-08,7.01703498415559e-06,2.00912112026661e-16,-7.38022008098822e-08,-4.07695177696208e-08,3.34129178051468e-17,-3.49823151465833e-06,1.30056553733505e-07,-3.50104726903413e-16,-1.74998046569811e-16,-4.87612437213098e-09,-2.62278901619599e-08,-1.50756783911041e-10,-2.11257019296474e-07,5.72869789575944e-08,1.68794530393385e-08,1.63005683953692e-08,1.5434320228057e-07,-3.52847485438009e-07,4.61239932966068e-16,7.32490176476074e-10,5.04661209352135e-10,1.39803766827683e-09,1.31422275292124e-07,3.17101962026454e-16,4.63300355400566e-17,4.34878804880113e-08,8.80969226122139e-17,1.82388755189608e-16,2.13947843802524e-07,-7.16835203307507e-06,-4.78466227806041e-08,-3.26455888590339e-09,1.69604089147814e-06,9.71604510202766e-06,1.07946176158443e-08,-2.30710036975657e-17,2.59735791427564e-08,1.21808137780378e-09,5.59682931190667e-09,-5.66795241938518e-08,2.2623027749382e-07,6.4161120321891e-17,-2.93549883932157e-17,7.06193142145259e-17,-2.0082721642964e-08,-9.69229792182164e-09,-5.64750420877921e-08,-1.76488818985841e-16,-7.47711864698842e-09,-5.96108703903381e-17,-1.37752621632923e-16,2.47620654558357e-06,-2.67552228970852e-08,2.59666420310278e-16,-6.79268766793436e-08,-3.51907113920946e-08,-2.24184241487822e-18,8.02589759697841e-08,-1.11095769731067e-16,2.97956296117859e-08,4.36017737302667e-16,3.15918125299951e-08,5.66606211255222e-05,7.9685934321677e-09,8.00323908458711e-09,5.64308380833257e-08,-2.87210894574223e-08,8.01336890270217e-08,6.60627071584031e-17,5.32185437825573e-07,-3.00692311437389e-08,-2.71586509046648e-16,-3.96699973096357e-09,-2.08053287884201e-06,1.88579893297871e-08,-2.36153004659576e-16,1.38481175067755e-06,8.06064494603351e-08,-2.75052526407272e-16,-2.0175782348769e-07,-4.46654727983194e-08,-2.33341657980155e-09,4.05634152347268e-16,-8.5393274122285e-17,9.54466415172679e-07,1.28981410337378e-08,1.04414273925406e-09,-1.6994937947117e-08,7.75561150285449e-09,-2.13789983220478e-16,5.26163685258836e-17,2.83505710393164e-08,1.95450546332884e-10,-3.33262327289001e-17,6.86739090796342e-08,-9.8440625548463e-17,3.56059279422477e-08,-1.32057237381996e-08,-7.71747511689678e-09,-5.12030238583374e-08,1.24283476660615e-16,8.3659895987016e-18,9.66774247225992e-17,-1.8857937409878e-17,-4.14277520748355e-09,-1.43780003751811e-08,-1.31963729531486e-17,1.05990773918567e-15,1.5618040581661e-16,2.0278679020098e-08,1.82397466970468e-10,-1.00676836855615e-08,7.11062659895976e-17,1.45879402307925e-16,2.26638911630939e-16,-9.85129965078393e-06,1.29381310171186e-08,2.21015536035479e-16,2.33566978339889e-09,-6.12053715995304e-08,-1.79958963406296e-16,-3.19964718913352e-16,-4.24322976638045e-08,-9.86012010352731e-09,-2.10616781947385e-08,4.39669746658451e-16,6.07519627290968e-07,3.4656080077144e-08,3.725958368305e-08,-3.40543919388719e-08,-9.17393047153009e-08,1.49526145780101e-09,-1.56781955887332e-16,3.47543125130777e-16,2.4173428985967e-16,2.86367693574776e-08,-2.59310767733453e-08,-9.78277708303853e-09,-1.97290017572422e-07,9.5784182880405e-17,-1.0885538159398e-16,1.13115610763917e-16,-1.27921466116494e-17,-2.37634968808302e-16,3.70844181741987e-08,1.12708880578927e-16,5.60939149680733e-17,-6.01487937501058e-09,3.37408840037674e-17,-5.38487572605269e-09,1.63738013844527e-16,-6.67715135307171e-09,1.80544920344659e-16,-8.11317641688994e-09,-1.01616929251006e-09,-9.28100533099417e-08,2.46549690009134e-16,3.27089294191038e-08,2.80282464639293e-16,4.65684988615369e-08,-8.2275187992357e-08,1.15987456305483e-08,-5.80944970131159e-16,6.65474118383899e-08,-1.8557611151954e-18,-1.64333887426988e-08,-2.09045406590799e-06,1.86916251431987e-16,2.45417616790992e-16,-1.05159375646772e-16,1.00767774927272e-16,-3.11637008203636e-10,-4.0610877453382e-09,-9.07592783978508e-10,-3.5123961568685e-17,-9.02999554374334e-17,-9.63606045773210e-09,7.86192821047177e-08,1.32292483851604e-16,-2.13295572233559e-16,-4.18282219205957e-09,1.80608611105569e-16,-2.96976041048206e-08,-2.55851492447928e-16,6.35637119943813e-06,-1.35540216017802e-16,-3.83233975721628e-16,1.84609880089945e-16,-2.27405796104632e-16,-4.29495624056031e-16,-7.01968861268665e-17,5.63420390028138e-09,-3.94752663578438e-08,-1.89027411451572e-17,-0.00291713081937576,8.3794201410911e-08,-5.02919436624162e-16,-1.48311774182533e-16,-1.64743652042536e-16,-6.20523731977249e-18,9.28501892290903e-09,1.50687228504968e-09,2.23851204918248e-16,-4.51735702846334e-17,-2.02391376697101e-08,-0.000296662064428524,-8.51998493666837e-10,1.45015087784323e-16,1.17055975985456e-16,6.61029083115108e-17,2.21468956797345e-16,-4.35702787611599e-16,-7.95814070978202e-18,3.57406997999854e-08,-3.38419332954044e-08,-6.51398237975307e-09,7.27642009393634e-17,-4.36229893486419e-17,1.64305009604833e-16,-3.5215116654353e-17,4.70327889878934e-16,-4.38332987205418e-16,2.87545649441035e-18,-1.53092460438297e-16,5.39221894862943e-17,-2.8621790589721e-16,-1.2386354038465e-17,3.47681083059191e-16,-6.15200093039588e-17,-6.40022205107659e-16,3.61762485071456e-09,5.100243808692e-17,3.20558312687991e-16,-7.39950574819859e-17,5.12751417090523e-08,-6.17757974306563e-10,8.28792591610976e-17,-1.32397456471466e-09,4.69564590953044e-08,5.81588900849678e-16,3.78691130367397e-16,-2.30122025993951e-06,-6.21455650513553e-17,1.16066805946377e-09,2.02714171168552e-17,1.31656564129032e-16,-5.23806320597187e-17,1.93350262487514e-16,1.14260742544998e-09,-3.96944977253515e-06,-5.9890680028611e-16,2.87541483939113e-16,-3.97129141004914e-16,-2.55615631989038e-16,-8.18166064411874e-17,-3.89094652497384e-16,-1.01064736961648e-16,1.71482239359204e-16,1.90592085309107e-09,-7.94478225986241e-16,2.43637839960584e-16,1.54652158459831e-15,7.54312733046559e-16,3.50961752283416e-16,-2.76240938957101e-15,-3.77031613549794e-08,9.40399283491159e-17,4.01436299191236e-16,6.31941811126252e-07,-1.0597187111243e-16,4.22883614682878e-16,4.45537817933398e-16,-2.16534517069166e-17,2.36024427914191e-08,2.74642983277751e-16,-1.74436823668096e-08,5.82986086269804e-16,2.41905259754237e-16,6.57466635875304e-16,-3.28650742298359e-16,9.42844213876611e-17,4.69897779413578e-17,6.31984107564603e-10,5.06603723250453e-16,8.16506661266956e-16,3.57304553285792e-09,-7.90733561362654e-08,1.87300747408611e-16,5.55015562885206e-08,8.13411095794557e-09,-5.73150634145607e-16,-6.13947158099325e-16,-4.96727332486698e-17,6.20051277316572e-17,-8.35982191394742e-16,-1.38165557800096e-08,-4.2712812372435e-16,-7.59308362767499e-16,-6.16816559257954e-16,5.5515025638445e-09,2.18977197922514e-16,4.36242853367069e-16,1.06671422005798e-16,-4.40267903194082e-16,-2.54321200085137e-09,1.11343442985655e-15,7.66632961831448e-10,-4.76180960104925e-16,8.7945817456109e-16,1.1543356516126e-15,-3.40438163140844e-16,4.04551822220678e-16,1.25279233460317e-17,-1.27576287301989e-16,-1.34635395007673e-08,1.54763503974234e-15,3.35092261382271e-16,5.68167838203537e-09,1.23949922967265e-16,-5.75990248507557e-16,-7.4856363799027e-17,-2.66859492334461e-16,5.08499203778654e-16,-8.89042792913278e-17,-9.37464195102868e-07,-1.82599510611676e-15,2.94521553419797e-15,1.25635009171697e-08,-9.99355809206576e-17,6.17055964746042e-16,-9.52957071347785e-16,2.64441527841287e-15,-2.12258955157292e-15,-1.04321963189539e-15,5.47910696999195e-16,8.24869363016721e-16,8.91446794107048e-16,-1.63483255228958e-15,-5.97261525088597e-16,-7.01491547040656e-09,2.35886052338483e-08,1.23454760588456e-15,1.54649438927405e-15,-6.24762213275516e-16,1.03676027942529e-15,4.44562870674167e-15,2.42167125178256e-15,-2.47694455679738e-15,8.993469454289e-16,-2.39602563566266e-09,1.25096747151308e-15,-1.24555797290438e-16,-3.59918641165914e-15,1.12866220039004e-13,0.407757297116989,4.36241976989842e-14,-2.39453730128982e-10,0.707106781186577,3.0315976927124e-15,-2.59253547038041e-15,2.00335715173861e-15,4.3236390668305e-16,-6.87611115227305e-16,-1.43350573080241e-17,5.42950080222462e-16,-1.35424590313537e-15,2.83787349417427e-15,-6.90470962462618e-16,-6.85622544108733e-16,1.87149342954791e-15,2.26598506188128e-15,9.22471506277252e-16,1.06161092166371e-15,-3.67914219292597e-16,4.44486099662148e-15,-1.14069387675223e-15,1.86715619465903e-16,2.01019891921464e-15,-6.99374741449764e-16,-5.27537388955164e-16,6.86609101397443e-16,-5.46335795306555e-16,1.5840573982053e-10,-4.20536715227184e-16,4.80993310682192e-16,2.5513174715068e-16,-3.82326619332528e-16,-7.24252133643184e-16,2.63833155973486e-16,1.15644355730985e-15,-1.80606514064791e-16,-1.27275343727064e-16,7.13196858061664e-16,-2.2256637722054e-16,7.44262970555391e-16,-2.64669616256991e-17,-7.38904423009278e-17,-5.08302970097347e-16,1.33547215638894e-19,3.23447266162073e-16,-2.09904725146709e-09,3.14325418971658e-16,-4.39523689051914e-16,-4.128655166006e-16,1.30796587033755e-16,3.01798628885848e-16,-6.23564127192271e-17,7.40525733529287e-16,-7.65802481865345e-16,-9.69721767913267e-17,4.51926470291698e-10,1.00095522794874e-16,9.6778159104363e-16,-4.48833815844529e-16,2.79873905067402e-16,-9.63452133826364e-16,-1.70301751484963e-17,4.95354492698849e-16,4.34856087377186e-16,3.24634410403929e-16,-4.5161384962098e-16,-1.82160823489607e-16,1.37067884873631e-16,7.81196483798718e-17,2.30465785088982e-09,2.02955301497548e-16,-9.96558199064132e-17,1.30903502731947e-16,-7.83471594892338e-16,-1.50395254323809e-06,6.19012731892198e-17,-1.58659124517515e-16,-4.03337787677475e-17,2.76799450231473e-16,-4.44255927113531e-17,3.06385592186457e-17,1.56822900273255e-16,-4.30715269770606e-16,-5.87552923739385e-17,2.39220359686709e-16,2.8991138431683e-16,1.23967474578387e-16,-7.83324760640279e-17,-3.78215046608352e-16,-6.08341094361598e-17,1.46874491620591e-16,8.1484680473722e-17
"t761",-0.00499388129555717,0.052683093567526,0.0678696141169225,0.0164567056225945,0.0338253786257937,-0.00561442982615089,0.00172295829761792,5.96823765103958e-05,0.00050619017417063,-0.00133195250941876,-0.000388497011546442,-0.000748255648602329,0.0125132930400928,0.113221396716518,-0.0125115428003296,-0.00338324155710574,-0.117365073940789,-0.00086078359730299,0.000201736679340117,0.000149915047803049,-0.00058658937116252,0.000168876116001698,-0.000467627895846885,0.000806483638729129,-0.000127780718757498,0.00039794570102811,-0.000527271627332823,0.00461086661244335,-0.0033859668702956,0.0178926791289758,-7.69628495538045e-05,0.00125811488995606,0.000548641136975394,3.43215936913498e-05,-2.0802139309182e-05,-5.93872606541383e-05,-0.000223553391242063,2.51422237777092e-05,0.000229473912493091,8.92574427476273e-05,0.0885146866597773,0.000579545919768253,-0.000233251580208664,0.000275116049790514,-0.000640685655711198,5.43801994782086e-05,-8.32268164754429e-06,0.000113362355723605,-9.82032058418474e-05,0.000170204273382944,-0.000180708557269052,0.0389385313766689,8.6826647361941e-07,-9.14948002722556e-06,-1.0699737812965e-06,1.25471503213853e-05,-1.58106770463465e-07,-0.000154385190887925,-1.33889352817601e-05,-6.26013384674095e-07,-1.0870478966325e-06,1.60680090490303e-06,-5.01321593169807e-05,8.00794794431348e-05,-2.70190055735698e-06,9.19581059760691e-06,-6.47655402639516e-07,3.6618737197546e-05,-0.0021478302639732,9.74679166206495e-06,-2.53793260408598e-06,8.76858808182901e-06,-3.02445823330235e-06,-2.22960739723787e-05,9.48314035204826e-06,9.28994138143992e-08,-8.74555402127447e-05,0.000485920014444001,-8.07003159386136e-05,-0.000138492204590349,0.314930634938036,-0.00229078470377545,2.30174695772346e-05,7.24419952134248e-05,-3.22463741104723e-07,8.81241941876219e-06,-3.63959584916924e-06,-6.30245333838391e-07,-1.4345463953729e-07,5.75149007959682e-06,-1.49581234290506e-06,9.04244254132792e-08,6.36763983932286e-06,-8.4527343896158e-05,-1.09749102659267e-06,-6.05058268237842e-05,-7.19858644836226e-06,0.000126595308624229,-0.0195586032369221,0.00010185816551276,1.14743577052475e-05,-7.05943911847957e-07,1.42751076981546e-05,-8.55879152761697e-07,2.80748592764497e-07,-3.07073027611642e-07,-2.05969597868985e-06,2.66822822383382e-07,-3.85226929735676e-06,8.80475942710961e-07,0.0130903346566533,-1.47822391808442e-05,4.20213814698404e-06,-1.66529342830327e-06,5.41755905167945e-08,-1.2452026827717e-06,2.19453136306048e-06,-1.76337674166705e-06,1.37720062797397e-06,-6.80460491236552e-05,1.01001428413298e-06,-2.07374316270344e-05,2.82146507690342e-07,7.25894204571184e-07,-2.46688379883421e-08,-3.67737793836076e-07,4.27396683143474e-08,-2.07418994988654e-07,0.0153631252755471,-0.000417045586957557,-1.25229219593065e-07,2.36657158612644e-06,-3.44554761949968e-07,-6.61349961378237e-07,3.448036874697e-08,1.33249659621638e-06,-1.02658371133565e-08,-0.000199422633139799,2.0121747447834e-06,-5.81768196550503e-06,-3.7621300574695e-07,-1.13443414524118e-05,3.15055886670953e-06,2.0015580708422e-07,7.62144696151076e-08,-4.14749687552869e-08,-6.21587870152084e-05,3.22569545673103e-07,2.13265212859918e-08,-5.32798085719079e-08,-1.13334671384969e-06,-2.51775800479984e-07,-7.34994772364461e-07,2.04271358638414e-06,-1.77843335301494e-05,-5.45961809798354e-08,8.24025886286079e-07,-7.82981367951245e-06,-2.79049698016822e-07,-9.28804122163333e-08,-6.58032239493623e-06,2.5623617009829e-05,-5.11170139571154e-07,-1.02804858342523e-05,7.34245197514582e-06,-5.57765494172403e-06,2.57912386088546e-05,5.35988412576067e-07,2.8256563560552e-05,0.0298716774177383,4.38819099880082e-05,6.61342598194996e-06,-2.03285749655448e-07,-3.80798178014976e-07,-4.54289698771358e-07,-5.87233791581196e-08,-2.92160075406921e-08,-8.61855415689584e-07,-4.92848234569712e-06,-5.39459729082972e-05,0.00128566960333985,-4.43879234718282e-05,0.00760703969295608,-5.48718412543037e-09,8.12647042922334e-08,8.33445626053238e-09,1.0699321960868e-06,8.13789761664458e-08,4.03443751417291e-07,-9.50032519131983e-07,-4.18098429425171e-08,1.02734342264523e-07,4.46462987524714e-07,9.61208647150269e-10,0.00399914003409399,-1.16668503422552e-07,-2.22845255615737e-07,-1.67967954545113e-07,1.44075837098582e-07,7.06737367863486e-08,7.09794268136088e-08,2.40475312510654e-05,-1.95925076551344e-09,-3.68365610007852e-07,-5.58174967107717e-07,-2.78719355772055e-06,3.65961214063281e-07,1.93726250547605e-06,-2.81221782064842e-06,-1.7927091892982e-08,-1.19945167707459e-05,3.89841598308604e-06,-1.06075781258642e-05,-1.33991156667029e-06,-1.08473182301932e-07,-7.15408862296521e-07,1.93761542728774e-07,3.43097629451204e-06,-2.42648544885391e-07,-1.43142915421348e-06,-0.000172277225733039,1.22535710690059e-05,3.9903325775331e-06,0.00187549754320821,-4.10954063799155e-07,-2.25419474498847e-07,-3.28767941140474e-06,-1.07921459231137e-05,-6.43522464745934e-07,-5.50437052652742e-07,1.68969156036568e-06,3.55173813218913e-07,2.01369915269648e-07,3.38681288095072e-07,-1.87931280437548e-08,-4.46435833222211e-08,-1.70213944861451e-06,-4.96091893102225e-17,-2.00668746316591e-07,2.89417096980166e-06,-1.5569128730749e-05,-1.78108192286711e-06,-2.23787339938926e-06,3.79874734392813e-07,-5.90431784145196e-07,3.30610549281696e-06,-5.56865753739813e-08,4.66345713681689e-09,-1.37115934074864e-06,3.94132963824033e-05,-0.422281379136649,-0.000282543638561555,2.26506608908585e-06,-4.88733502877837e-09,-1.41521323963379e-10,1.87977057031324e-08,-3.32570968499415e-08,5.36259965004146e-07,1.43152905818408e-07,-2.99288250379638e-08,1.50041477760564e-05,-1.55628170538824e-07,2.92226476286052e-05,-7.15844601929839e-07,7.18783027612614e-08,-2.46661067262956e-08,4.5780890432861e-09,2.22428072475272e-06,-6.97279973283498e-07,3.47277430854999e-08,4.05791779589008e-07,-3.05767921517325e-08,3.69885801067716e-07,-4.69800638501317e-07,2.05959526509977e-05,-1.41359208268122e-06,1.11334413252429e-06,-8.17533493616756e-08,1.35735698369412e-06,-6.97843609459648e-08,2.70607134733227e-07,2.83834781632552e-16,-6.72091251409786e-07,-2.30507773914439e-08,-3.03016168815711e-11,-2.64988108751039e-07,3.3583550567888e-08,-2.08610268513808e-08,-6.89393103603714e-08,7.98154431691089e-09,-3.38885619175074e-07,1.17797531697214e-06,4.33583425771829e-08,-0.000313423313680372,5.03234701352624e-07,-6.1131653812378e-07,1.96076263809775e-06,-3.07874916876296e-07,5.10463266839136e-07,1.81063443897207e-08,1.37639720926037e-08,7.83350584678791e-07,-5.90420150997917e-06,2.80699464125646e-08,-9.54407382569722e-07,0.00486573803845161,8.66565400753008e-05,1.20844583697496e-07,1.11641713291459e-07,6.63222844846631e-07,-2.14267440708542e-07,-1.27113209534631e-07,1.52568649254727e-07,-1.9197161569754e-05,1.75892570305444e-08,1.66655292973909e-07,-3.30302743900049e-07,1.18699187236819e-17,1.05752786416362e-09,6.40344019409883e-07,-5.90286926555316e-08,3.04997652427892e-07,3.88982950811685e-08,8.04104870207143e-08,1.92809206719864e-07,-7.03377801225302e-05,9.52123919507714e-07,1.32527074654294e-16,-7.55883906093104e-07,-6.96112619049857e-09,-2.59133051118331e-08,1.23026759371234e-07,1.96573839656838e-07,-1.33214354546981e-08,-5.12286135781626e-07,1.37063664284863e-07,-6.53818432856562e-07,8.72957678345137e-07,-1.34355010960877e-07,-3.22955561641451e-07,-3.99880158259393e-07,-2.42151850552249e-09,-3.23122172912998e-07,1.94069554301738e-07,-3.51740373477493e-07,4.16291778777633e-16,-1.04027288557347e-06,8.19249241669885e-08,2.36110847432682e-09,2.0901319399876e-08,-6.85411827452473e-07,-1.44269468936752e-06,7.37049553934407e-07,-2.68064454212776e-06,-1.32522926331914e-07,-6.26975127700845e-18,-2.44140540720602e-07,-9.64183150450011e-08,-3.12753892683462e-07,1.35801188996728e-17,6.04220118276767e-07,8.80579353126934e-07,-1.35269806759992e-07,-5.13921528325662e-07,-1.82502452362243e-07,-1.15247636542762e-07,-0.000197418954119539,7.36724877560263e-08,6.0001227945928e-07,3.49566388110115e-08,1.78098360835916e-07,2.57331267890004e-07,3.95474922973453e-17,-1.06095621523756e-07,3.50071285796276e-07,1.73093118205499e-06,-2.36307572113113e-07,-7.57334982010967e-17,-0.0013844107988322,4.45589731434286e-08,-1.1215803541268e-07,-7.6867195554179e-08,-2.65652572304766e-07,3.07023863074175e-07,-0.000865042753069543,4.92738045345395e-07,-4.18855476592567e-17,2.12082924533074e-06,-4.11712363134772e-07,1.18406213397458e-06,2.89813134832351e-06,-7.80930492581264e-06,-2.00764258617208e-09,-2.63569548131226e-16,-7.17218536339521e-17,-2.12428647906294e-09,-2.97653048537129e-07,3.97509352751016e-08,-4.44713376082521e-07,1.66934472065591e-15,-2.88433794173621e-07,-4.18351709241478e-09,-4.87803247515259e-16,-9.26149373485054e-16,-1.70674632053573e-15,6.73103869766148e-06,0.0884676804728875,5.68420118493592e-06,-2.24085581399815e-06,-1.05094703998423e-06,-3.13068707029736e-05,5.5573559887423e-07,4.61062171040076e-15,6.23722349737598e-08,-1.42632085716779e-07,2.86876365410129e-16,-8.41021904724269e-16,4.1382181161565e-08,1.83264998586237e-11,1.51723432464228e-08,-6.69476288880454e-08,-7.52759051520127e-09,2.56899052297341e-09,6.97749769330765e-17,7.53824192251301e-09,2.22442752902214e-16,1.57039808421729e-08,2.33120407743329e-16,2.36206931809288e-09,-2.05190931811726e-17,-1.38944609903895e-09,5.10557803963118e-11,2.03553657004763e-09,3.16265806083447e-08,1.66428865335224e-08,-2.3729695564217e-09,1.74066910583387e-08,4.96673563013012e-07,3.75993346033561e-08,3.6832600401116e-09,9.11676140377157e-09,-2.84815348924818e-08,-5.25271302007374e-08,-4.48218766954054e-09,-1.57700305128946e-08,1.22454174056954e-16,1.57361189937651e-07,-2.86103566204576e-08,1.66773689373783e-08,-6.65926698223912e-17,3.00658607875093e-09,8.4995402696414e-08,7.01703498413312e-06,-3.47891868387996e-17,-7.38022008130685e-08,-4.0769517871618e-08,4.37833883997073e-17,-3.49823151473184e-06,1.30056553831841e-07,1.80556921835895e-16,-2.37445980467848e-16,-4.87612449853667e-09,-2.62278902556648e-08,-1.50756433979628e-10,-2.11257019444284e-07,5.72869791135565e-08,1.68794528656107e-08,1.63005685142482e-08,1.54343202236481e-07,-3.52847485429239e-07,5.24293065559678e-16,7.32490220560239e-10,5.04661040993959e-10,1.39803760595966e-09,1.31422275301296e-07,-3.02433971322505e-16,-7.91244142355299e-17,4.34878805427597e-08,3.69148486027523e-17,6.1998516066006e-17,2.13947843661039e-07,-7.1683520330301e-06,-4.78466225579586e-08,-3.26455901331703e-09,1.69604089150714e-06,9.71604510176607e-06,1.07946176677818e-08,4.13139768795831e-17,2.59735790460472e-08,1.21808166922848e-09,5.59682914830604e-09,-5.66795241289635e-08,2.2623027748493e-07,3.16271133893194e-16,8.23997930173755e-17,6.96503337669367e-17,-2.00827215586733e-08,-9.69229785618414e-09,-5.64750420788815e-08,3.29719322738706e-16,-7.47711861163225e-09,-2.75896368523357e-17,-1.51791667204452e-16,2.47620654553655e-06,-2.67552229584444e-08,-1.87133294970998e-16,-6.79268766534164e-08,-3.51907113823105e-08,-2.41056005629649e-16,8.02589758073314e-08,8.69973522479453e-17,2.97956296604394e-08,5.62984633706047e-17,3.15918124897073e-08,5.66606211272025e-05,7.96859333337047e-09,8.00323904324245e-09,5.6430838067999e-08,-2.87210896053177e-08,8.01336889616493e-08,-9.00363872745778e-17,5.32185437570696e-07,-3.00692309651451e-08,1.87879253858903e-16,-3.96699952645074e-09,-2.08053287864899e-06,1.88579893178987e-08,3.57730255950675e-16,1.38481175058368e-06,8.06064492799897e-08,-1.34037531033561e-17,-2.01757823567291e-07,-4.46654727110002e-08,-2.33341679762814e-09,-1.32561821731466e-16,1.88881185951694e-17,9.54466415256237e-07,1.28981410630983e-08,1.04414309260335e-09,-1.69949380111787e-08,7.75561153109643e-09,2.5755339090014e-16,-2.2975199348508e-18,2.83505710411575e-08,1.95450520485938e-10,2.38878364993861e-17,6.86739090387051e-08,6.28298362589699e-17,3.56059278930121e-08,-1.32057239677454e-08,-7.71747540478018e-09,-5.12030237372879e-08,-2.71704497785328e-16,1.10198214202373e-17,-2.64321716099683e-17,-1.84837917182859e-17,-4.14277538638812e-09,-1.43780001858689e-08,7.67827845645846e-17,5.30028074779931e-16,-2.21687788421494e-16,2.02786791751628e-08,1.82396939416177e-10,-1.00676838745898e-08,4.36089018346119e-17,3.02179003932972e-16,-1.85168178533368e-16,-9.85129965087247e-06,1.29381306437571e-08,-1.73061037290079e-16,2.33567002019686e-09,-6.12053714090825e-08,1.24158975987911e-16,2.64457606119646e-16,-4.24322977651628e-08,-9.86012030935065e-09,-2.10616785511033e-08,-1.13696988116208e-16,6.07519627335702e-07,3.46560801496615e-08,3.72595832325362e-08,-3.40543920414223e-08,-9.17393047611911e-08,1.49526145068941e-09,6.29857362881627e-17,-5.94753572471336e-18,6.73189817332081e-16,2.86367691778809e-08,-2.59310768429641e-08,-9.78277666936901e-09,-1.97290017513702e-07,3.26763079574838e-16,8.82354889842268e-17,5.26445471352538e-17,3.76581285284025e-17,5.07045744659095e-18,3.70844181448279e-08,-7.30007607016528e-17,-4.14567874080884e-18,-6.01487939144273e-09,-1.00547395385313e-16,-5.3848756874126e-09,-1.2929389022539e-16,-6.67715104433858e-09,-2.31232157857859e-16,-8.11317652813194e-09,-1.0161694441244e-09,-9.28100532611315e-08,2.52124381096131e-16,3.27089293759596e-08,-2.5340533784697e-16,4.6568499032845e-08,-8.22751878655594e-08,1.15987455667849e-08,4.5582301470277e-16,6.65474122601487e-08,6.96885611175855e-17,-1.64333887514929e-08,-2.09045406613648e-06,-1.324899110558e-16,-1.90159591833918e-16,-8.50541537527132e-17,-4.45337012068869e-17,-3.11637019718769e-10,-4.06108808071053e-09,-9.07591958387014e-10,-4.32000153339246e-17,5.48847683461121e-17,-9.63606047704735e-09,7.86192816848062e-08,-2.10423851338695e-16,4.59235497607316e-17,-4.18282210127435e-09,-2.20921907762463e-16,-2.96976043279149e-08,6.61097633705994e-17,6.35637119929752e-06,1.17173732804183e-16,7.86468515146804e-17,-1.6094553932717e-16,2.28562940684678e-16,3.84288606361867e-16,2.12745999573959e-16,5.63420396663355e-09,-3.94752666225052e-08,9.38220449577432e-17,-0.00291713081937538,8.37942013100999e-08,2.64788110911266e-16,-3.39203329933375e-17,1.78634978813748e-16,-2.90605184891433e-16,9.28501858735823e-09,1.50687281241363e-09,-3.45682847919194e-16,-3.34686116069877e-17,-2.0239137393182e-08,-0.000296662064429216,-8.51998447869086e-10,-1.27949782867688e-16,-1.226707719603e-16,-1.58769543891278e-17,-6.09439597705419e-16,2.52082730765181e-16,-1.86473781114059e-16,3.57406998059049e-08,-3.3841932817671e-08,-6.51398249817792e-09,-1.14756190667327e-16,2.24095161649123e-16,2.91857943365103e-16,1.30163129306763e-17,-3.49314687627639e-16,-3.21374660900937e-16,9.77041360209087e-17,6.38510102638749e-17,-9.71175466507659e-17,2.02157777597251e-16,1.42583238746567e-16,-3.44903875597678e-16,2.03321210427724e-16,5.04568448754734e-16,3.61762406771681e-09,-4.76648850741445e-17,-4.01954016257438e-16,4.06178205459391e-17,5.12751415152789e-08,-6.177579171452e-10,-5.49525122806389e-17,-1.32397438311052e-09,4.69564588455211e-08,-4.86305596312309e-16,-1.01341154787877e-16,-2.30122025978813e-06,-4.34936246565091e-16,1.16066759957949e-09,1.3990865463222e-16,-4.3329460760444e-17,1.11653319341055e-16,-3.13819076588539e-17,1.14260758964183e-09,-3.9694497720815e-06,7.9166797971973e-17,-3.46093274523981e-17,4.62921075045052e-16,-3.33064936559521e-16,3.85203479356944e-16,2.77400888872183e-16,-1.30747065650662e-16,-9.55047959204549e-16,1.90592052358718e-09,6.78047129265967e-16,-7.63584653605644e-17,1.88975625045839e-16,-5.70468645169168e-16,-1.1856195095702e-16,-1.45153815520478e-16,-3.77031610414239e-08,-1.62611024840151e-16,-2.3972557607599e-16,6.31941811401046e-07,-2.28066428457336e-16,-2.04604930980636e-16,-3.77575971167653e-16,2.53508569978182e-16,2.3602442715286e-08,-2.69000356283641e-16,-1.74436831202849e-08,-2.60459787009579e-16,-1.44710270850608e-16,4.85488442711359e-16,-2.70666792197645e-15,-9.92570704147479e-17,-1.92347862009882e-16,6.31983717738276e-10,7.537614668623e-16,-6.88799653270944e-16,3.57304562599385e-09,-7.90733559282476e-08,-3.72171193586675e-16,5.55015566285454e-08,8.13411069309689e-09,-1.07471391385555e-16,-4.42616102900159e-16,-1.35642808548961e-16,-1.31832828895748e-16,1.26246745307519e-15,-1.38165561860696e-08,1.84608232773039e-16,-3.42576623047855e-16,5.56812600052733e-16,5.55150328252945e-09,-1.08597630550605e-15,-2.59351940663179e-16,-5.62358990004092e-16,7.50326242419196e-16,-2.54321238854957e-09,-7.09712076022834e-16,7.6663239951036e-10,8.82651920096234e-17,9.75606577960596e-16,1.66862414710693e-16,-1.70575629365423e-16,-7.32054012360129e-16,-8.61516658114066e-17,5.4059168769575e-16,-1.34635394051051e-08,-3.8436092157238e-16,1.62994800207463e-16,5.68167825711494e-09,-5.61373715097549e-16,2.97975331911716e-16,2.59195631022899e-15,4.46462396069107e-16,-7.03154041906123e-16,3.74236249984968e-16,-9.37464194859744e-07,1.07072048194508e-16,-3.11132617466254e-15,1.25635016282851e-08,3.61732881112101e-15,-3.86059257146129e-16,-5.90478209375515e-16,3.85765969339882e-15,-2.10197727832976e-15,-1.60940321544012e-15,-2.77776998531567e-16,-1.22988203111506e-17,-9.1104614541522e-18,3.93316321303368e-16,1.43591455148888e-15,-7.01491534592701e-09,2.35886058064052e-08,-7.31741234861997e-16,-1.9081178745324e-15,1.14200819514446e-15,-8.45730373887304e-16,2.88775893388798e-15,-1.94691730301008e-15,-2.23107660931248e-15,9.74901759360326e-16,-2.39602550217098e-09,-3.13293457445516e-15,4.37452442300708e-16,-2.60495897712213e-16,9.47766849647375e-14,0.40775729711709,2.77441880794198e-14,-2.39696464469038e-10,-0.70710678118652,-2.84729119489092e-15,2.86972180356944e-15,-2.4764045000098e-15,5.09306914583775e-16,3.18852560072272e-15,-5.73930125728384e-16,1.59264297347633e-15,1.57189353978071e-15,-2.42173930977386e-15,3.29956580374284e-16,9.05647446905761e-16,-2.08878148176684e-15,-1.42591976968968e-15,-9.92338804087534e-16,1.25109341867014e-15,4.00440473512601e-16,-3.02942869521306e-15,1.34748324698278e-15,3.43933227872879e-17,7.39832457449796e-17,2.61975314872531e-16,2.0970654500619e-17,-1.57245100861945e-16,1.57264839185206e-17,1.58405602935207e-10,3.28790710981557e-15,-1.22205790933088e-15,-3.00207177734863e-16,1.53962251116273e-16,1.61347780730755e-16,-5.5827232779884e-16,-3.04375010368409e-16,1.77985785979483e-16,6.70660664568451e-17,-7.72356618690995e-16,7.0279340073226e-16,-5.10481095315161e-16,6.1506491256335e-16,1.88760276533734e-17,3.57942586997789e-17,1.03075011587276e-16,-2.91318186424611e-16,-2.09904737887699e-09,-3.67989510021535e-16,3.71508907175334e-16,2.16192766897918e-16,9.02173363859779e-17,4.93460089423239e-16,-8.93793940132049e-18,-6.86162934537146e-16,5.43262589217275e-16,-2.33682800094752e-17,4.51926238167583e-10,1.50212768218016e-16,-1.26800758406011e-16,1.049545984354e-16,-1.84584317452009e-16,4.8080720449963e-16,-5.71469334726065e-16,-1.8541653993396e-16,-3.24706328245228e-16,9.48858553309471e-17,-3.39327772241313e-16,1.57041279374519e-16,-3.6704614398248e-16,-1.09758763675014e-16,2.30465820521067e-09,-1.08951856302819e-16,2.58154462515356e-16,-6.44547835401012e-17,-1.39157348838514e-16,-1.50395254329008e-06,-2.02776585505445e-16,5.49027386694463e-17,3.18815009761049e-17,2.94780456079548e-16,-2.16836972312929e-17,-6.65916310756383e-17,2.90795734848691e-16,3.95872910226461e-16,-1.110159900522e-16,-1.5563986539693e-16,-1.32051338963776e-16,2.51093681976974e-17,7.17383537865355e-17,-2.89725301667197e-17,1.04840394465108e-16,1.81035324142544e-16,3.49116645975876e-17
"t543",-0.00499361316023394,0.0526771014817937,0.0678616425494659,0.0164541061616601,0.0338188170899756,-0.00561314844521889,0.00172255719505091,5.96673542037723e-05,0.000506039126185921,-0.00133146804732203,-0.000388316309857861,-0.000747823115193844,0.0125058381875568,0.113152874992228,-0.0125036243690899,-0.00338096734156268,-0.117284196079961,-0.000860179084467316,0.000201591540034279,0.000149797307967315,-0.000586088596797117,0.000168699742932882,-0.000467109854356039,0.000805584681836804,-0.000127637678791461,0.000397477124269625,-0.00052664277501808,0.00460531365921312,-0.00338176960902537,0.0178660484553253,-7.68398188035142e-05,0.00125600117744388,0.000547644247491933,3.42558756023682e-05,-2.07599870285434e-05,-5.92558462371446e-05,-0.000223051471342586,2.50847386022646e-05,0.000228945119777121,8.90482156207065e-05,0.0883002677125504,0.000578102337912236,-0.000232660456271599,0.000274417836170552,-0.000639026430842031,5.42287335035264e-05,-8.29899164938492e-06,0.000113036392090764,-9.79127869122542e-05,0.000169685621395918,-0.00018013586551272,0.0388128847424454,8.65457390647487e-07,-9.11921415564345e-06,-1.06627957466706e-06,1.25035517909771e-05,-1.57492412451826e-07,-0.000153767340456917,-1.33351655804927e-05,-6.2331579014353e-07,-1.08211494489922e-06,1.59932366247122e-06,-4.9894117542902e-05,7.96973155406652e-05,-2.68851955943447e-06,9.14875350640761e-06,-6.44099351939081e-07,3.64113671697858e-05,-0.00213549390481115,9.68937652563677e-06,-2.52093139400704e-06,8.70412573934885e-06,-3.00191100456183e-06,-2.21250375961706e-05,9.41013440940221e-06,9.21754236926468e-08,-8.67706604077574e-05,0.00048202346700884,-8.00181521857063e-05,-0.000137296702561806,0.312114054165175,-0.00227014056439849,2.27983280381859e-05,7.174094686727e-05,-3.19120849272851e-07,8.71936054433523e-06,-3.60044243042755e-06,-6.23445070420576e-07,-1.41905573432092e-07,5.68926186849137e-06,-1.47951441913869e-06,8.93726085776647e-08,6.29313164113036e-06,-8.34983904868247e-05,-1.08320843735943e-06,-5.97105525121536e-05,-7.1039261052397e-06,0.000124888339362518,-0.0192924290383754,0.000100423023301916,1.13080997386866e-05,-6.95689749585962e-07,1.40671764344622e-05,-8.41781824217544e-07,2.76082344763166e-07,-3.01933252331496e-07,-2.02478839763807e-06,2.62284996074895e-07,-3.78635039530212e-06,8.65268983943232e-07,0.0128635639883037,-1.45215387297038e-05,4.12787109157527e-06,-1.63445991166755e-06,5.31625883391097e-08,-1.22141407680393e-06,2.152202674572e-06,-1.72846104276004e-06,1.34924009667424e-06,-6.66383519886096e-05,9.88896463126929e-07,-2.02877424019018e-05,2.7588333397135e-07,7.09766186557349e-07,-2.41189010382988e-08,-3.59341800248801e-07,4.17619256034424e-08,-2.02576036554194e-07,0.0149830562733386,-0.000406721662583516,-1.22114677498669e-07,2.30541316087e-06,-3.3558374965546e-07,-6.44037349506424e-07,3.35575984052003e-08,1.29672694690503e-06,-9.97719390910612e-09,-0.000193604120183804,1.95044970170592e-06,-5.63896836266964e-06,-3.64557080931556e-07,-1.09913379009555e-05,3.0518355268449e-06,1.93867147726256e-07,7.38198152662492e-08,-4.01467432631168e-08,-6.00914485405187e-05,3.11423104437424e-07,2.05825460490114e-08,-5.13818881594304e-08,-1.09290781196844e-06,-2.42720446120843e-07,-7.08436054815238e-07,1.96850738674782e-06,-1.71060745390865e-05,-5.24977865462921e-08,7.92180310990464e-07,-7.48736892500846e-06,-2.66474991872134e-07,-8.86757642551845e-08,-6.27480989645998e-06,2.44277831291865e-05,-4.86529258787649e-07,-9.78296461999344e-06,6.97573068836123e-06,-5.29047041077928e-06,2.43411602426472e-05,5.05759585405856e-07,2.66616723808814e-05,0.028165273664188,4.13397270920462e-05,6.22951866015431e-06,-1.91152497838242e-07,-3.57870802672208e-07,-4.26416925568477e-07,-5.51036921697325e-08,-2.74108618387438e-08,-8.06215413433515e-07,-4.5955280926572e-06,-5.02728922877639e-05,0.0011974746339285,-4.12749628563119e-05,0.00706898754815555,-5.09581823267951e-09,7.54227732493304e-08,7.71924022891645e-09,9.90433310587137e-07,7.49781354074961e-08,3.71651004474787e-07,-8.7372176756997e-07,-3.82693250478695e-08,9.36424329131605e-08,4.06342905428926e-07,8.72839474872552e-10,0.00362514899974716,-1.05186818927445e-07,-2.00669408014602e-07,-1.50854306435267e-07,1.29221722914822e-07,6.26855970812398e-08,6.29216649640737e-08,2.12078830660613e-05,-1.7186876250241e-09,-3.18634257709154e-07,-4.82785039874159e-07,-2.40739432126535e-06,3.14719343355804e-07,1.66081229179644e-06,-2.39000824395837e-06,-1.50584668337187e-08,-9.97263945883083e-06,3.23052368443104e-06,-8.65031454817124e-06,-1.08209206524627e-06,-8.75780360248887e-08,-5.72968064446671e-07,1.51737265265274e-07,2.67429154649067e-06,-1.84034397315846e-07,-1.06247822884354e-06,-0.000126847009382041,8.69488245165719e-06,2.80381234498105e-06,0.00130306249523014,-2.74852731443798e-07,-1.49493482314774e-07,-2.17570549198382e-06,-6.78188068108779e-06,-3.89764930033957e-07,-3.18038236992531e-07,9.53201029022328e-07,1.9507471007774e-07,1.07643127736075e-07,1.79588864789044e-07,-9.16016630785381e-09,-2.04234451750026e-08,-7.17814661508986e-07,9.25852136549474e-17,-7.28928071762658e-08,1.01409859457979e-06,-3.86639344674119e-06,-2.6666366660091e-07,-1.13008922609012e-07,1.66804649875511e-08,1.22749523234132e-07,-8.65987833083352e-07,1.60545215954503e-08,-2.00190555765097e-09,7.42221378473023e-07,-3.12500354551034e-05,0.392710221599669,0.000280372254015235,-3.19866886591981e-06,6.2672877100096e-08,-3.65947641705152e-09,1.62546885107261e-07,-1.37891066630016e-07,2.15802397995687e-06,4.59028030516991e-07,-8.75656623858085e-08,3.95844913758977e-05,-3.99225198286528e-07,7.2948541087795e-05,-1.72620990769817e-06,1.65633227602331e-07,-5.65675955070465e-08,9.58991898171907e-09,4.65105806752982e-06,-1.45516565347776e-06,7.104244488464e-08,8.24296205006589e-07,-6.08092070520607e-08,7.32855301567215e-07,-8.45534010113774e-07,3.67635163506065e-05,-2.50743656755829e-06,1.9481077146669e-06,-1.41601699346268e-07,2.30245573510719e-06,-1.17715301985809e-07,4.54527095169289e-07,-2.306085232462e-16,-1.11343177649839e-06,-3.81219494138716e-08,-4.98413232623484e-11,-4.30640238979731e-07,5.406164810976e-08,-3.34387248330711e-08,-1.10278539561639e-07,1.2471915359481e-08,-5.28831130903583e-07,1.83757119945922e-06,6.72411307530166e-08,-0.00047892962707361,7.67199291265248e-07,-9.30516148610667e-07,2.96986367119504e-06,-4.58880450778845e-07,7.56568572053579e-07,2.68274922353309e-08,2.03916895553049e-08,1.14731023133738e-06,-8.56250362036174e-06,4.06659650063529e-08,-1.38070319964109e-06,0.00702771553371843,0.000125101707086026,1.73857079180178e-07,1.60580591457529e-07,9.53564505986232e-07,-3.07985363466225e-07,-1.82558245699934e-07,2.18932335453811e-07,-2.75280263132905e-05,2.52151283097415e-08,2.38800216290241e-07,-4.72888127614753e-07,-9.39122216532652e-17,1.51112163269594e-09,9.15079099188047e-07,-8.43728913364013e-08,4.3595307770466e-07,5.5600351014169e-08,1.14945062129071e-07,2.75657888888848e-07,-0.000100582125984896,1.36222036085282e-06,-1.05799854634862e-16,-1.08321531621254e-06,-9.97804898726841e-09,-3.71646990346448e-08,1.76456417805291e-07,2.8238784153823e-07,-1.91555864217534e-08,-7.37757280807976e-07,1.97611998757012e-07,-9.45179107707097e-07,1.26546509673345e-06,-1.95137602231587e-07,-4.6959071547943e-07,-5.8186045282925e-07,-3.52814976927997e-09,-4.70858214467161e-07,2.83072976921798e-07,-5.13445463414297e-07,3.07676862340094e-16,-1.52784920870933e-06,1.20487963415177e-07,3.47255769800082e-09,3.08658092521731e-08,-1.01282319695603e-06,-2.1497337684049e-06,1.10108213544991e-06,-4.00669436586795e-06,-1.98471871372966e-07,-1.97876160392617e-17,-3.66484486163352e-07,-1.44862997222146e-07,-4.71479771148287e-07,3.42525666075716e-16,9.14323162370107e-07,1.3337372686943e-06,-2.04979303430269e-07,-7.7953836389097e-07,-2.77295276346566e-07,-1.75333266259382e-07,-0.000300651198206228,1.12541640096601e-07,9.16914288417714e-07,5.3535362262601e-08,2.73825422030362e-07,3.95726272131537e-07,1.38775625841403e-17,-1.64479749421331e-07,5.43508011844197e-07,2.69620398109577e-06,-3.69980636712602e-07,-1.41295318018264e-16,-0.00219312840116006,7.16102840910509e-08,-1.81496782820717e-07,-1.24801489318158e-07,-4.33068267262517e-07,5.04425445041901e-07,-0.00144036789012842,8.51816434572063e-07,-9.44165528686251e-17,3.81371023728813e-06,-7.43137436810186e-07,2.15447082643079e-06,5.33478200608401e-06,-1.43882084776565e-05,-3.71150047736057e-09,-1.07552855510562e-16,-4.28916813186087e-16,-4.00790697344376e-09,-5.72374394609829e-07,7.66278551226484e-08,-8.73177359953137e-07,3.55711503070224e-15,-5.9220944590255e-07,-8.78141532584104e-09,-1.48509658847071e-15,-2.30022355672457e-15,-4.19029566451789e-15,1.53109552443612e-05,0.203601440492262,1.36618725867075e-05,-5.61122090542236e-06,-2.64504638098964e-06,-8.27842987956937e-05,1.47849365879686e-06,1.36305251925773e-14,1.87653898621234e-07,-4.52154793514685e-07,-2.37704176119708e-16,-1.28790577140457e-15,1.73010989793425e-07,8.40654253828975e-11,8.08817667491242e-08,-4.03895656453858e-07,-6.25866208910217e-08,2.28485810761375e-08,2.59450029782343e-16,7.42848673134275e-08,3.95557381579317e-16,2.29986039150814e-07,3.94134594752793e-16,5.60526251503256e-08,-1.85929272559166e-16,-2.10865553217705e-07,-5.4558024458057e-08,-1.80108299105645e-08,-2.25301924148822e-07,-1.09333947055827e-07,1.1469814802477e-08,-6.72301699018844e-08,-1.24245910597228e-06,-9.37297329875497e-08,-8.16047557096991e-09,-1.64667837107467e-08,3.9755866034207e-08,5.94692446701067e-08,4.30941926575332e-09,1.39862316043845e-08,-1.4792603230658e-16,-1.08163302112781e-07,1.51779485220107e-08,-3.47234875244051e-09,-6.38764142346324e-17,-4.14627670182674e-10,-3.85847236968932e-09,-7.08890069328386e-08,2.66717936020358e-16,-5.31619927841926e-10,-2.88342465855089e-09,6.52486787241133e-17,-3.47348761043737e-07,3.14584115679482e-08,1.06985686291645e-16,-7.85952532621742e-17,-1.39955964903641e-09,-7.62813749367275e-09,-4.64711424851812e-11,-6.92407152751553e-08,2.11097820398386e-08,6.27596145784408e-09,6.13642862702039e-09,6.53578508203723e-08,-1.61447659715873e-07,5.9482041687986e-16,3.43965914060311e-10,2.38001621588949e-10,6.69111104631117e-10,6.39803524645805e-08,-1.98220833767796e-16,1.66226597754906e-16,2.16465032075339e-08,-2.16917439802329e-16,-2.48925603045616e-16,1.19548350406083e-07,-4.07273549258902e-06,-2.71935721637334e-08,-1.91902606666501e-09,1.00130031356358e-06,5.74135969687977e-06,6.41609597864969e-09,9.00041398131195e-18,1.63316805138613e-08,7.74213032551969e-10,3.56974498758259e-09,-3.67617386636626e-08,1.50946377358204e-07,3.34028269966762e-17,1.53434505958472e-16,-1.68203226390774e-16,-1.38972933468264e-08,-6.8045142594761e-09,-3.96908576647755e-08,2.75696119540586e-16,-5.32475091635636e-09,-1.69232230277861e-17,-1.85097019987035e-16,1.85662606915808e-06,-2.00725080941172e-08,3.18348862896056e-17,-5.15375461735943e-08,-2.68699896179726e-08,4.17759376071176e-16,6.2056090688931e-08,7.05215085128041e-17,2.33722292040463e-08,1.2070347846132e-16,2.48124075997279e-08,4.45448723439791e-05,6.27152495964873e-09,6.30835477047304e-09,4.46309906254822e-08,-2.29982442986414e-08,6.52311866277168e-08,-1.57763955010266e-16,4.41672325768787e-07,-2.50049948874417e-08,-1.46413112822978e-16,-3.30760194716415e-09,-1.74297755287503e-06,1.58653979991576e-08,-5.68424514226258e-17,1.18156919802253e-06,6.89640162694295e-08,-2.80005733058665e-16,-1.73238810612838e-07,-3.84195404710138e-08,-2.02016897982178e-09,-1.47188100825039e-16,-2.85771491518727e-16,8.3881336855127e-07,1.14064723173376e-08,9.24566449346625e-10,-1.545496833397e-08,7.08305400825248e-09,2.08243790926695e-16,9.69500829799896e-17,2.59683574674611e-08,1.79093881966147e-10,4.8960975613692e-16,6.32395935768937e-08,-4.13362590154654e-17,3.29456497124576e-08,-1.22995635295154e-08,-7.19126861895959e-09,-4.77994708277804e-08,-2.61253466580727e-17,7.49413363257445e-17,3.7487772887172e-16,8.41297400426071e-17,-3.93218893275306e-09,-1.3665915881047e-08,-4.23049111630766e-17,7.14999776790402e-16,5.32864664861476e-16,1.93708444560712e-08,1.74610713181014e-10,-9.69537677860099e-09,2.93951539987816e-18,2.32544425339196e-17,5.52556860943659e-16,-9.68598659853415e-06,1.27303529307283e-08,-1.56457149862065e-16,2.31759545652201e-09,-6.09421622388228e-08,1.31741515313914e-16,-1.78620594048701e-16,-4.26026141099526e-08,-9.90640263466458e-09,-2.12669074564953e-08,-2.01126402930234e-16,6.18736615108817e-07,3.54681109101909e-08,3.83984925685088e-08,-3.54422306221085e-08,-9.57374796894061e-08,1.56852305924787e-09,-3.66848371025102e-16,3.21152928039351e-16,1.01528900003909e-16,3.10222156499336e-08,-2.81061779417484e-08,-1.06512392362098e-08,-2.20131748871632e-07,1.07532308123243e-17,-2.66249431797934e-16,5.78978230448382e-17,-5.05786793323592e-17,-6.08988404996211e-16,4.26166170599135e-08,-9.98141744616367e-17,4.17492534558011e-16,-7.00198293683251e-09,-7.27095952379938e-17,-6.2730638565687e-09,-2.77113036667027e-16,-7.78788679082737e-09,6.80991429848352e-16,-9.70166827393385e-09,-1.22296544603881e-09,-1.12848025181599e-07,4.14653788140584e-16,4.03064040753936e-08,5.79587076177147e-17,5.92951780103835e-08,-1.10325485711245e-07,1.55927326621149e-08,-4.85400917626375e-16,9.17349270356852e-08,-1.23681942289002e-16,-2.37155790002655e-08,-3.02428320014816e-06,1.65361972857009e-15,-3.25004998185234e-16,-3.0862180811866e-16,-7.75110136716775e-17,-4.71839822228959e-10,-6.2317461491556e-09,-1.41574028780945e-09,-4.71348357222716e-16,-1.79997420428669e-16,-1.65113217173753e-08,1.35374678528801e-07,-3.57823669494549e-17,-7.29898598587226e-18,-8.58298770712173e-09,-2.99740688559844e-16,-6.41028881761976e-08,-1.97122675991017e-15,1.66196327810161e-05,2.3098734453681e-15,5.04159925378758e-16,1.46107112293629e-15,-1.6510513080231e-15,-3.65327011021379e-17,-4.4382502382032e-15,4.03939294256095e-08,-2.9186524119708e-07,1.19163024670157e-14,-0.39838334128294,-1.48161271607943e-06,-6.83272664965488e-15,-8.08526242476301e-15,-2.4695342929524e-15,5.8909627266874e-17,-2.09460189478248e-08,-2.62873305798533e-09,1.31968042276962e-15,-4.7193579643544e-16,2.71240367823667e-08,0.000384614261733742,9.88966127578611e-10,2.77987014794015e-15,-2.72502793293601e-16,-4.24538076711597e-16,1.61416060970135e-15,-2.94360408910055e-17,1.24717180070874e-15,-4.57220319451248e-09,2.76709725510976e-09,2.59381868071181e-10,-2.49746566660832e-16,-5.78303141239786e-16,-1.01450527379965e-15,1.53709773510278e-16,1.12897254878956e-15,1.10305186862151e-15,1.40789263166577e-15,-3.71909593638324e-16,9.33822143656544e-16,9.52160766040364e-16,-1.64024140335702e-16,1.41361646208229e-16,3.2447404760978e-15,1.53853451680177e-15,1.28701243873069e-09,-5.62481345596984e-16,-1.09551969180894e-15,-1.01597899305537e-15,1.97360689240601e-08,-2.41671151967748e-10,2.26160087855548e-16,-5.23022986427356e-10,1.99936771774709e-08,1.63172575158374e-15,2.53717352687202e-15,-1.05714882942403e-06,-1.03384332760304e-15,5.74267691715868e-10,-9.9288819604378e-16,3.86099488422846e-16,9.30285074770113e-16,7.10001565902016e-16,6.17786789270908e-10,-2.15715830350182e-06,2.2518678372994e-15,-1.36562671883852e-15,1.60337756427153e-15,-1.69550583454956e-16,8.73087680711843e-15,-3.53549564096554e-16,-2.57708278985605e-15,1.86536431483697e-15,1.2311547075223e-09,1.79868722773318e-15,-3.00662449031216e-14,-0.707106781186545,1.02025767489756e-14,6.6344998177585e-14,-4.68377731237954e-14,-2.49202219314819e-08,-2.11054153494214e-15,-1.34841940048712e-14,4.19311007175605e-07,9.04858054738901e-17,-6.98430697551897e-16,2.75218877469497e-15,-1.19035895218419e-15,1.62815797559235e-08,-4.99172128985896e-16,-1.21034653415286e-08,-2.48249717684993e-15,-5.55091847348492e-16,2.15580787761468e-15,3.33904903552045e-15,-1.03433389357134e-15,-7.12788562728072e-16,4.43345109413782e-10,4.35790242304255e-16,-2.73223519556098e-15,2.52574331158243e-09,-5.59165730448936e-08,-7.63227084244945e-16,3.94848962826822e-08,5.79714857303087e-09,1.8730772587024e-15,-1.6702569127561e-15,2.72240227927727e-16,2.34581541010669e-16,-1.13223350743596e-15,-1.00582589273117e-08,6.54710354974213e-16,1.17907496880883e-15,5.78919965951204e-16,4.05681722336392e-09,-1.24750242660761e-15,-1.82403038733428e-16,6.52977761606965e-16,1.51862164042601e-15,-1.86562326662082e-09,-1.11188513978673e-15,5.62874115852432e-10,1.06299169117205e-15,1.11636889585898e-15,-2.10006940271835e-16,4.16437331776612e-16,1.13320034464665e-16,-9.94914859816245e-17,-1.83257140369771e-16,-9.90199187608871e-09,4.89588821108013e-16,3.80243385252022e-17,4.17646788480399e-09,-3.73617523756855e-17,1.07981644530132e-15,-7.69286359858878e-16,9.63382341881353e-16,7.2501361279073e-16,1.10452632453515e-15,-6.85477992987265e-07,4.11350503652611e-16,-6.18951527923216e-16,9.14215907621031e-09,4.21523060869229e-16,6.82143858105806e-16,-2.06760332823832e-16,-8.21576300867973e-17,2.74653726986331e-16,-2.70290857082031e-16,-7.0071342839391e-16,6.8921958443827e-17,-7.35531379407779e-17,5.84581336674354e-17,3.14798904984703e-16,-4.86688915880411e-09,1.61657913369361e-08,-1.06521558376733e-15,1.88831376951057e-17,-3.15538408327365e-16,-2.06040876556736e-16,-2.13594604243222e-16,7.67134742659064e-16,7.45092670279771e-16,5.35393373007205e-16,-1.41280071250013e-09,3.80279606697016e-17,2.78821741605626e-17,5.52189350460885e-17,-5.17249993150034e-16,0.000177931753379382,3.17872073395779e-17,-2.9084798896144e-10,5.65552277669358e-16,2.50097600961428e-16,1.44932610334193e-16,1.24587993842756e-16,2.00909026082983e-16,-6.8941912243495e-16,2.26572815703343e-16,1.42179339717927e-16,-3.02705567914907e-17,-1.04342069738919e-17,4.80503594166727e-17,1.12202667355859e-16,4.31022999564367e-18,3.11754744967773e-16,2.00624009889077e-18,-1.72622617223575e-16,1.32057161359391e-16,2.31045620798425e-16,-2.72755387565281e-19,2.16904423187036e-16,7.77034144493205e-17,4.65117806501205e-16,-1.57553483578432e-16,-7.22353770429078e-16,5.40909053873934e-17,1.4184788148312e-10,-3.39852315571757e-16,3.928438659034e-16,2.41899071540029e-16,-2.56554512345546e-16,1.78249631076296e-16,2.92352964071289e-16,-1.32217249939058e-16,1.27961181020028e-16,-2.04013016632083e-16,5.20658440734163e-17,-3.05609487369352e-17,-2.0260398083684e-16,9.90612001056673e-17,-5.97533145324332e-17,1.13948347224758e-16,4.75841438358875e-18,2.23184674073193e-16,-1.8527444284642e-09,-1.45200136589822e-17,-4.99875614006954e-17,9.5168720776257e-17,1.772061005139e-16,-1.33471423861641e-16,-5.91863262496542e-17,1.27853810528046e-16,-3.04567499318093e-16,1.18410261638137e-16,3.98039701548024e-10,2.4519372886928e-16,3.57790086276626e-16,4.08736761989909e-17,-2.11062302921445e-16,-2.42517534899861e-16,6.36448050131821e-17,-1.01198171288354e-16,1.72770502992994e-18,8.6446626844981e-17,-2.17292465364471e-18,-4.21249987639173e-17,-5.5994870938007e-17,2.51519624078044e-17,2.03402726682494e-09,4.38459099630543e-17,-7.17708348085226e-17,-9.41957271977689e-17,-2.87733704050497e-16,-1.32945237181875e-06,-2.23171359552992e-17,6.65532639073858e-18,4.03064921969849e-17,4.4416335323538e-17,-1.99457671793862e-17,8.18076843957211e-17,1.12927599114379e-16,9.79562804210884e-18,-4.14938787403976e-17,3.64926194678333e-17,7.82013600848601e-17,1.37175448778513e-16,-5.60302981416767e-17,-1.20151368080028e-16,5.83346913859566e-17,-3.27620804268515e-19,-9.61171080978184e-17
"t544",-0.00499361316023395,0.0526771014817937,0.0678616425494659,0.0164541061616601,0.0338188170899756,-0.00561314844521889,0.0017225571950509,5.96673542037681e-05,0.000506039126185919,-0.00133146804732204,-0.000388316309857863,-0.000747823115193848,0.0125058381875568,0.113152874992228,-0.0125036243690899,-0.00338096734156267,-0.117284196079961,-0.000860179084467321,0.000201591540034285,0.000149797307967323,-0.000586088596797124,0.000168699742932869,-0.000467109854356028,0.000805584681836809,-0.000127637678791442,0.000397477124269631,-0.000526642775018065,0.0046053136592131,-0.00338176960902537,0.0178660484553253,-7.68398188035146e-05,0.00125600117744389,0.000547644247491939,3.42558756023765e-05,-2.0759987028554e-05,-5.92558462371407e-05,-0.000223051471342599,2.50847386022785e-05,0.000228945119777121,8.90482156207213e-05,0.0883002677125504,0.000578102337912214,-0.000232660456271573,0.000274417836170539,-0.00063902643084202,5.42287335035349e-05,-8.29899164936822e-06,0.000113036392090762,-9.79127869122681e-05,0.000169685621395911,-0.000180135865512726,0.0388128847424453,8.65457390649686e-07,-9.11921415560393e-06,-1.0662795746631e-06,1.25035517909809e-05,-1.57492412468555e-07,-0.000153767340456919,-1.33351655804952e-05,-6.23315790133588e-07,-1.08211494489859e-06,1.59932366246884e-06,-4.98941175429187e-05,7.96973155406313e-05,-2.6885195594214e-06,9.14875350644195e-06,-6.44099351914824e-07,3.64113671698321e-05,-0.00213549390481116,9.68937652563928e-06,-2.52093139407364e-06,8.70412573933012e-06,-3.00191100458763e-06,-2.21250375962046e-05,9.41013440943148e-06,9.21754236785126e-08,-8.67706604077793e-05,0.000482023467008827,-8.00181521857044e-05,-0.000137296702561837,0.312114054165175,-0.00227014056439847,2.27983280382899e-05,7.17409468672429e-05,-3.19120849165448e-07,8.71936054435585e-06,-3.60044243047003e-06,-6.23445070454595e-07,-1.41905573668674e-07,5.68926186852894e-06,-1.47951441916998e-06,8.93726086069924e-08,6.29313164113311e-06,-8.3498390486847e-05,-1.08320843735681e-06,-5.97105525121284e-05,-7.10392610522672e-06,0.000124888339362521,-0.0192924290383755,0.00010042302330183,1.13080997386842e-05,-6.95689749591555e-07,1.40671764345148e-05,-8.41781824231845e-07,2.76082344725734e-07,-3.01933252363374e-07,-2.02478839765784e-06,2.62284996105703e-07,-3.78635039532218e-06,8.65268984013563e-07,0.0128635639883036,-1.45215387297186e-05,4.1278710916112e-06,-1.63445991168817e-06,5.31625883497223e-08,-1.22141407680991e-06,2.15220267453035e-06,-1.72846104274994e-06,1.34924009664706e-06,-6.66383519885852e-05,9.88896463122915e-07,-2.02877424018917e-05,2.75883333953363e-07,7.09766186570903e-07,-2.41189010699422e-08,-3.59341800266138e-07,4.17619256330411e-08,-2.02576036528824e-07,0.0149830562733386,-0.000406721662583521,-1.2211467747649e-07,2.30541316092278e-06,-3.35583749818983e-07,-6.44037349522173e-07,3.35575985348152e-08,1.29672694692934e-06,-9.97719391070291e-09,-0.000193604120183679,1.95044970168834e-06,-5.63896836260327e-06,-3.64557080939073e-07,-1.09913379008587e-05,3.05183552685024e-06,1.93867147733799e-07,7.38198153245408e-08,-4.01467432418703e-08,-6.00914485405762e-05,3.11423104451446e-07,2.05825460698331e-08,-5.13818881695864e-08,-1.09290781198711e-06,-2.42720446129735e-07,-7.08436054876666e-07,1.96850738668955e-06,-1.71060745390628e-05,-5.24977865554196e-08,7.92180310961962e-07,-7.48736892502983e-06,-2.66474991844355e-07,-8.86757642650582e-08,-6.27480989653382e-06,2.44277831291967e-05,-4.86529258798924e-07,-9.78296461996045e-06,6.9757306883961e-06,-5.29047041077581e-06,2.43411602426462e-05,5.0575958532362e-07,2.6661672380892e-05,0.028165273664188,4.13397270920169e-05,6.22951866013571e-06,-1.91152497776318e-07,-3.57870802664859e-07,-4.26416925584308e-07,-5.5103692171276e-08,-2.74108618204971e-08,-8.06215413464985e-07,-4.59552809268551e-06,-5.02728922877676e-05,0.00119747463392855,-4.12749628562156e-05,0.00706898754815542,-5.0958182358895e-09,7.54227732431676e-08,7.71924023274394e-09,9.90433310537587e-07,7.49781353814974e-08,3.71651004530121e-07,-8.73721767568743e-07,-3.82693250550069e-08,9.36424328953455e-08,4.06342905423335e-07,8.7283947608023e-10,0.00362514899974711,-1.05186818938957e-07,-2.00669407981004e-07,-1.50854306394997e-07,1.29221722923037e-07,6.26855970781433e-08,6.29216649903696e-08,2.1207883066257e-05,-1.71868763638699e-09,-3.18634257674607e-07,-4.82785039799489e-07,-2.40739432137356e-06,3.14719343366333e-07,1.66081229193815e-06,-2.39000824396476e-06,-1.50584668536159e-08,-9.97263945886418e-06,3.23052368434369e-06,-8.65031454821344e-06,-1.08209206523145e-06,-8.75780360103388e-08,-5.729680646016e-07,1.51737265380232e-07,2.67429154648534e-06,-1.84034397305586e-07,-1.06247822883893e-06,-0.000126847009382033,8.69488245162558e-06,2.80381234488252e-06,0.00130306249523015,-2.74852731428704e-07,-1.49493482275711e-07,-2.17570549198697e-06,-6.78188068109445e-06,-3.89764930003565e-07,-3.18038236974985e-07,9.53201029198822e-07,1.95074710093722e-07,1.07643127756171e-07,1.79588864775949e-07,-9.16016631019664e-09,-2.04234452047965e-08,-7.1781466152517e-07,6.74640055163774e-17,-7.28928071640195e-08,1.01409859432886e-06,-3.86639344676598e-06,-2.6666366664174e-07,-1.13008922639445e-07,1.66804649904905e-08,1.22749523190513e-07,-8.65987833118478e-07,1.60545216574321e-08,-2.001905629068e-09,7.42221378424922e-07,-3.12500354550448e-05,0.392710221599669,0.000280372254015417,-3.19866886593187e-06,6.26728770782586e-08,-3.65947609779464e-09,1.62546885074237e-07,-1.37891066681127e-07,2.15802397998982e-06,4.59028030488063e-07,-8.75656623680612e-08,3.95844913759355e-05,-3.99225198306693e-07,7.29485410877097e-05,-1.72620990766577e-06,1.65633227561537e-07,-5.65675955263413e-08,9.58991898332931e-09,4.65105806752924e-06,-1.45516565345129e-06,7.10424449345612e-08,8.24296205037411e-07,-6.08092069836043e-08,7.32855301497903e-07,-8.45534010023083e-07,3.6763516350635e-05,-2.50743656756529e-06,1.94810771469679e-06,-1.41601699383888e-07,2.30245573506541e-06,-1.17715302090937e-07,4.54527095169469e-07,-3.36111385872036e-16,-1.11343177650123e-06,-3.81219494441784e-08,-4.98412931678318e-11,-4.30640239013159e-07,5.40616481226272e-08,-3.34387248394444e-08,-1.10278539665932e-07,1.24719153578108e-08,-5.28831130952637e-07,1.83757119950481e-06,6.72411308607336e-08,-0.000478929627073615,7.67199291298837e-07,-9.3051614858146e-07,2.96986367118215e-06,-4.58880450806423e-07,7.56568572029198e-07,2.6827492227582e-08,2.03916896008315e-08,1.1473102313475e-06,-8.56250362030124e-06,4.06659649520337e-08,-1.38070319960403e-06,0.00702771553371849,0.00012510170708601,1.7385707922678e-07,1.60580591530047e-07,9.53564505640818e-07,-3.07985363467041e-07,-1.82558245788249e-07,2.18932335438981e-07,-2.75280263133552e-05,2.52151283348857e-08,2.38800216295319e-07,-4.72888127655633e-07,-6.78159160765255e-17,1.51112156395965e-09,9.15079099215271e-07,-8.4372891377357e-08,4.35953077660929e-07,5.56003510489628e-08,1.14945062180455e-07,2.75657889002966e-07,-0.000100582125984871,1.36222036083284e-06,-1.58051299922752e-16,-1.08321531627844e-06,-9.97804916476802e-09,-3.71646989052392e-08,1.7645641775865e-07,2.82387841595123e-07,-1.91555863324935e-08,-7.37757280827507e-07,1.97611998745778e-07,-9.45179107703791e-07,1.26546509678987e-06,-1.95137602150082e-07,-4.69590715386062e-07,-5.81860452752429e-07,-3.52814967679752e-09,-4.70858214346878e-07,2.8307297701439e-07,-5.13445463393091e-07,3.03526989183731e-16,-1.52784920856604e-06,1.20487963555473e-07,3.47255771953923e-09,3.08658093525368e-08,-1.01282319700706e-06,-2.14973376834022e-06,1.10108213552958e-06,-4.00669436583303e-06,-1.98471871423313e-07,1.23531120518795e-17,-3.66484486168041e-07,-1.4486299724812e-07,-4.71479771258611e-07,3.40093916559375e-16,9.14323162428006e-07,1.33373726862789e-06,-2.04979303466013e-07,-7.79538364169717e-07,-2.77295276494284e-07,-1.75333266298067e-07,-0.00030065119820617,1.12541640162801e-07,9.1691428835774e-07,5.35353622937231e-08,2.73825422194577e-07,3.95726271841048e-07,1.48752089196676e-17,-1.64479749054793e-07,5.43508011748217e-07,2.69620398105961e-06,-3.69980636551478e-07,-3.01126533603218e-16,-0.00219312840115985,7.16102839862017e-08,-1.81496782737615e-07,-1.24801489115617e-07,-4.33068267264849e-07,5.04425444957579e-07,-0.00144036789012853,8.51816434607683e-07,-1.11012785182122e-16,3.81371023727269e-06,-7.43137436623144e-07,2.15447082641503e-06,5.33478200619197e-06,-1.4388208477723e-05,-3.7115006413246e-09,1.22948526359856e-16,-3.98131280465623e-16,-4.00790697129281e-09,-5.72374394746884e-07,7.66278553116254e-08,-8.73177359906428e-07,3.6046705083844e-15,-5.92209445855567e-07,-8.78141530313873e-09,-1.42516742974914e-15,-2.29455641459997e-15,-3.80773291318766e-15,1.53109552442117e-05,0.203601440492261,1.36618725866543e-05,-5.61122090521114e-06,-2.64504638096632e-06,-8.27842987956215e-05,1.47849365879577e-06,1.34180374780188e-14,1.87653898619913e-07,-4.52154793607997e-07,-1.22786437594331e-16,-1.18177730293339e-15,1.73010989765191e-07,8.40655188242351e-11,8.08817669381368e-08,-4.03895656475476e-07,-6.25866210939731e-08,2.28485813330478e-08,1.91202891156169e-16,7.42848672847743e-08,2.47973869403007e-16,2.29986039112829e-07,4.26575956632633e-16,5.60526250448179e-08,-1.19454305347122e-16,-2.10865553409016e-07,-5.45580243541632e-08,-1.80108300378688e-08,-2.25301924037507e-07,-1.09333947093127e-07,1.146981488367e-08,-6.72301698270019e-08,-1.24245910656804e-06,-9.37297331202026e-08,-8.16047555867905e-09,-1.64667836229808e-08,3.97558662514828e-08,5.94692447047935e-08,4.30941905785448e-09,1.39862317780195e-08,5.25797493324196e-17,-1.08163302235502e-07,1.51779485518996e-08,-3.4723487886698e-09,-8.03408244045433e-17,-4.14627765756979e-10,-3.85847217885537e-09,-7.08890071485935e-08,1.83651967163503e-16,-5.3162002826708e-10,-2.88342481710258e-09,-2.70752742868982e-16,-3.47348761157399e-07,3.14584118261462e-08,-2.71174203684356e-17,-1.56363211180888e-17,-1.3995595506664e-09,-7.62813760637278e-09,-4.6471175947142e-11,-6.92407153025236e-08,2.1109781980707e-08,6.27596142039567e-09,6.13642859165263e-09,6.53578508633349e-08,-1.6144765960148e-07,7.30643844037981e-16,3.43965809908851e-10,2.38001217138648e-10,6.69110880683226e-10,6.39803524417719e-08,-1.21250261181153e-17,-1.73249329229946e-16,2.16465031879142e-08,3.52708304406392e-16,4.10421326483505e-16,1.19548350389502e-07,-4.07273549274247e-06,-2.71935722525595e-08,-1.91902568330082e-09,1.00130031364e-06,5.74135969704046e-06,6.41609548000144e-09,-2.65856647671021e-17,1.63316804465295e-08,7.74213250362509e-10,3.56974513761514e-09,-3.6761738612344e-08,1.5094637731828e-07,5.09153616635788e-16,-2.08637268791817e-16,7.91370744838939e-17,-1.38972932675948e-08,-6.80451447773761e-09,-3.96908575900511e-08,3.75480805464312e-17,-5.32475095401311e-09,2.97584567612933e-17,-4.39591355706457e-16,1.85662606895315e-06,-2.00725085291046e-08,1.27962961407602e-16,-5.15375458192346e-08,-2.68699896239433e-08,3.20607238119977e-16,6.20560898597334e-08,1.6203677056092e-17,2.33722287388732e-08,3.71972791063863e-16,2.48124079292799e-08,4.45448723439444e-05,6.27152502211716e-09,6.30835466664467e-09,4.46309906035667e-08,-2.29982445716469e-08,6.52311866743685e-08,1.10844625925929e-16,4.41672325618433e-07,-2.5004994752746e-08,2.20651494406454e-16,-3.30760204947162e-09,-1.7429775529799e-06,1.58653980505669e-08,1.48153300024328e-16,1.18156919860827e-06,6.8964016296653e-08,-8.24904438465635e-17,-1.73238810436151e-07,-3.84195402441003e-08,-2.02016906452189e-09,3.81494884386678e-16,1.34680972067333e-16,8.38813368627152e-07,1.14064720165458e-08,9.24568254165588e-10,-1.54549680914591e-08,7.08305374198893e-09,-3.13522568156201e-16,2.91339871451364e-17,2.59683575477379e-08,1.79094536943697e-10,2.32876901219071e-16,6.32395935236641e-08,1.14422925951692e-16,3.29456494547176e-08,-1.22995638387171e-08,-7.19126878719053e-09,-4.77994708016191e-08,-9.89367319081549e-17,-6.74064373040525e-17,-1.23515202070327e-16,-3.33452817671044e-17,-3.93218938896119e-09,-1.3665915385972e-08,6.87335431889049e-18,-1.21431521395898e-16,-3.27836786454564e-16,1.93708444315991e-08,1.74610944856367e-10,-9.69537693311502e-09,2.40024418235489e-16,-7.71359023746601e-17,5.31086269796657e-16,-9.6859865984565e-06,1.27303523358175e-08,6.57292115178661e-17,2.31759556591204e-09,-6.09421619224482e-08,-4.61517732423693e-17,-1.5936192616749e-16,-4.26026143023289e-08,-9.9064020584004e-09,-2.12669074368057e-08,-7.83659382594699e-17,6.18736615522183e-07,3.54681111544289e-08,3.83984922419339e-08,-3.54422307014183e-08,-9.57374795318824e-08,1.56852338741614e-09,3.7181867362543e-16,1.19599940081962e-16,-5.62759997615883e-16,3.10222154070239e-08,-2.81061781375379e-08,-1.06512389461569e-08,-2.20131748939588e-07,9.42488683132071e-17,-1.19439017252287e-15,-1.84007224351331e-16,-7.66897972644413e-17,-2.98550143648192e-17,4.26166171905401e-08,4.80454329036129e-16,1.98268236778047e-17,-7.00198270909256e-09,-4.66851488231464e-16,-6.273063760669e-09,-1.47702483165854e-17,-7.78788662039707e-09,-6.66257381700724e-16,-9.70166836368671e-09,-1.22296624871892e-09,-1.1284802539818e-07,6.38976848679094e-16,4.03064041972387e-08,2.8248728073165e-17,5.92951782594408e-08,-1.10325485679821e-07,1.55927323432073e-08,-4.85482434058288e-16,9.17349269940794e-08,2.105232125145e-16,-2.37155794801002e-08,-3.0242831998376e-06,5.80546878360467e-16,5.88096498741584e-16,5.41110114332349e-16,-1.77360614164239e-16,-4.71839738250664e-10,-6.23174688955571e-09,-1.41573961658689e-09,-2.74636988738635e-16,5.54714847015324e-16,-1.65113215667863e-08,1.35374678482045e-07,-3.26330109045705e-16,2.71838740070416e-16,-8.582987013394e-09,7.74620518526845e-16,-6.41028882960007e-08,-7.64197856844149e-16,1.66196327811449e-05,1.8292625821566e-15,8.80965364259312e-16,1.80461090871545e-15,-1.47478522970899e-15,-2.36503344854252e-16,-4.21550767812964e-15,4.03939287920009e-08,-2.91865240678926e-07,1.20768295522562e-14,-0.39838334128293,-1.48161271558472e-06,-6.58441226048324e-15,-7.61325292698795e-15,-4.53663876916203e-16,1.43407783240536e-15,-2.09460202402651e-08,-2.62873222543517e-09,1.91224536847795e-16,7.88020529358332e-16,2.71240374344255e-08,0.000384614261733577,9.88966599633663e-10,2.61139579703316e-15,5.76300501328768e-16,5.24284692703652e-16,1.15806202174895e-16,-3.60314709847128e-16,-5.25242461005483e-16,-4.57220221720578e-09,2.76709737754283e-09,2.59382036878935e-10,1.95630124158157e-16,-5.50025835677279e-17,-1.80601809496559e-16,3.76680249824952e-16,3.42709724682865e-16,-6.5114665306497e-16,-1.18861193252088e-16,5.45084160802667e-16,-1.11048045123914e-15,-2.49007463391807e-16,-2.76397160559539e-16,1.52909961825563e-15,-1.78228606209888e-15,8.00943111460353e-16,1.28701006248383e-09,7.97327159830827e-16,2.27206963173504e-16,4.93280454725606e-16,1.97360679634467e-08,-2.41670890469917e-10,2.57320608620127e-16,-5.2302260180647e-10,1.99936765227024e-08,-1.47203586995837e-15,-1.9522079284628e-15,-1.05714882968514e-06,1.18957268714329e-15,5.74266162970393e-10,8.73349993584577e-16,-7.11145329378768e-16,-5.93322234647019e-16,-1.15012516758046e-15,6.17788289705210e-10,-2.1571583027961e-06,-1.86382462254028e-15,6.98647535879199e-16,-1.40612867057119e-15,-1.30546410305978e-16,-6.24617680711551e-15,1.06799672943152e-15,3.22545709964501e-15,-2.68573153004868e-15,1.23114259448439e-09,-1.81271731457298e-15,3.02159894693216e-14,0.707106781186549,-1.02324217531218e-14,-6.64501539795581e-14,4.49944469237419e-14,-2.49202246752567e-08,2.21036199309597e-15,1.40171860032917e-14,4.19311007188714e-07,2.86748571495419e-16,2.49444288608035e-17,-2.76360512464292e-15,1.23398978586485e-15,1.62815805136486e-08,5.7238411507295e-16,-1.21034625322542e-08,2.79352579476058e-15,5.99478437725021e-16,-1.89259451994056e-15,-3.17959690961462e-15,1.026355662815e-15,5.22388801516172e-16,4.43346583031311e-10,2.1988877941151e-15,2.57715562069764e-15,2.52574355771288e-09,-5.59165734719024e-08,5.56848965089127e-16,3.948489588831e-08,5.79714776474666e-09,-1.62344372427709e-15,1.37177041168501e-15,-2.72851874123183e-16,-2.59782450872068e-16,1.16391484015739e-15,-1.00582591692693e-08,-3.70386394456016e-16,-1.46340439937799e-15,-1.39039070532707e-16,4.05681643922232e-09,8.05534872934709e-16,2.07597025421662e-16,-2.21746535459367e-16,-1.30809144049192e-15,-1.86562362121997e-09,7.59939250119896e-16,5.62874080901469e-10,-1.11064659391746e-15,-1.35844453365788e-15,2.95738094553614e-18,-4.88508249157305e-16,-7.10584406860832e-17,5.28311220466797e-16,2.36636697341713e-16,-9.90199203725023e-09,-5.58285297695841e-16,-5.35348945521061e-16,4.17646809128944e-09,2.40417212194137e-16,-1.06859792788636e-15,6.37882303422054e-16,-1.10106476484144e-15,-8.11537632250769e-16,-1.13221714506522e-15,-6.85477992646156e-07,-7.32483298730519e-16,8.74318597643791e-16,9.142158922445e-09,1.62519661770554e-16,-4.73903247626162e-16,8.9979913608694e-17,2.59575741322447e-18,-2.09247803194573e-16,1.67517462980474e-16,6.42251808560708e-16,7.14124619462716e-17,-9.00192185445602e-17,2.14074713457845e-16,-2.04057324046762e-16,-4.86688940374443e-09,1.61657920128429e-08,1.15726476680619e-15,2.14992624217201e-16,2.98540710013334e-16,4.16039854660081e-16,6.61959636411025e-16,-4.12539559061451e-16,-4.71316612804969e-16,-3.32641339274602e-16,-1.41280071381398e-09,-2.21204318841457e-16,-1.70141752670351e-16,1.7758643604165e-16,4.84955699078192e-16,0.000177931753378026,1.41850198449048e-16,-2.90847649768755e-10,-8.11269196413391e-16,-1.85963501126789e-16,-1.40464617989328e-16,-2.28123197583409e-16,-2.53940723772592e-16,4.10775660063886e-16,-1.88113342741165e-16,-3.99780365551898e-16,3.74334854776928e-17,9.72769150769403e-17,1.21103591717445e-16,-2.20453924985137e-16,1.72904871557388e-16,-1.78046505987732e-16,-1.25254592427989e-16,4.67136210310406e-16,5.02322298769318e-17,-5.00287183995722e-16,-2.86217606130998e-18,-3.92488148815235e-16,1.51395280860445e-16,-3.79839637685951e-16,9.43879962528876e-17,1.75333024036201e-16,-1.04664555744867e-16,1.41848032561422e-10,3.47577716032298e-16,-1.25675823087793e-16,-3.18173430127318e-16,-2.62572947997569e-16,-1.8349304087801e-17,-1.96709023319498e-16,7.97646357241074e-17,-1.12027725267174e-16,8.18423969997706e-17,-1.57793516608084e-16,-7.14556994303728e-17,1.5742260274293e-16,-1.83020046702918e-16,-3.71333267300771e-17,-1.58119585209372e-16,7.70870946451281e-17,-1.37642566359058e-16,-1.8527443166244e-09,1.46298100495416e-16,1.42611186178651e-17,-1.47628223941054e-16,-1.3725484217146e-17,1.85061284019235e-16,-3.55681905544572e-17,-1.65541876765667e-16,1.1264915320544e-16,-7.5992364832e-17,3.98039722352206e-10,6.50535379108132e-17,-1.93963835345514e-16,3.34340890707853e-17,5.24035616219296e-17,1.42512800057826e-16,6.68129223262953e-18,-1.49145033327618e-16,3.3085670963162e-17,-1.56612973882771e-16,2.63896536260807e-17,-2.89390131704087e-17,3.87555124772741e-17,-2.2706528616811e-17,2.0340272110811e-09,9.0814752815522e-17,5.152750305634e-17,-8.94804518680137e-17,-2.13709800724049e-16,-1.32945237183608e-06,1.57727245382628e-17,-3.27817644562868e-17,3.99956259286638e-17,4.79101334744199e-18,-4.30840183918747e-17,5.03348065439446e-18,2.3169567152543e-16,2.57039803291486e-17,-1.1021758780886e-17,-2.03680250845874e-18,4.20904782235153e-17,6.77749675625529e-17,-1.14264437950522e-16,-9.07839687383288e-17,4.41023549820664e-17,-3.69546916049922e-18,-1.28816458792976e-16
"t441",-0.00499320770950211,0.0526680954005685,0.0678496657673273,0.0164502163512222,0.0338090333377062,-0.00561124421291872,0.00172196139114675,5.96450808989202e-05,0.000505816179811675,-0.00133075743821526,-0.000388053774465049,-0.000747201211011008,0.0124951367316325,0.113054596288394,-0.0124922956266882,-0.00337772515327368,-0.117169068647931,-0.000859319587769972,0.000201385495988189,0.000149631131778231,-0.000585386015066549,0.000168456288483542,-0.000466398560251287,0.000804351076444557,-0.000127441467754411,0.000396837441189142,-0.00052578535744682,0.0045977496348208,-0.00337606868948188,0.0178305879801197,-7.66773901860675e-05,0.00125322793232045,0.000546349715430637,3.4171151172277e-05,-2.07060842577998e-05,-5.90900229789833e-05,-0.000222419572553518,2.50125755509962e-05,0.000228282140796985,8.87866185560373e-05,0.0880336244063725,0.000576315537357397,-0.000231930941493428,0.000273556371002744,-0.00063698640699026,5.40449085263945e-05,-8.27035522753643e-06,0.000112643109704261,-9.75642394733456e-05,0.000169066728189488,-0.00017945773155528,0.0386646398371323,8.62144829163012e-07,-9.08368411843476e-06,-1.06198110790991e-06,1.24528900752391e-05,-1.56795720363822e-07,-0.000153071374966915,-1.32746462678313e-05,-6.20329424232312e-07,-1.07672227437815e-06,1.59120058736282e-06,-4.96368265940928e-05,7.92847769765363e-05,-2.67421186756209e-06,9.09886706679801e-06,-6.40400359929028e-07,3.61974990969356e-05,-0.00212282132116472,9.63081718420038e-06,-2.50423608703271e-06,8.64263072137265e-06,-2.98049759001343e-06,-2.19640954761279e-05,9.34151672850599e-06,9.1497667251959e-08,-8.61305369656155e-05,0.000478409951850763,-7.93966606358566e-05,-0.000136215321501831,0.309597432357838,-0.00225174405547044,2.26068171589838e-05,7.11318885856861e-05,-3.16289139713167e-07,8.64107538438957e-06,-3.56773470734633e-06,-6.17770756046534e-07,-1.40613376498817e-07,5.6373910966966e-06,-1.46596540846918e-06,8.85200179813971e-08,6.23287626381201e-06,-8.26791948686557e-05,-1.07214065878386e-06,-5.90967938486805e-05,-7.03088523497836e-06,0.000123584821411652,-0.0190899491557174,9.93471153274072e-05,1.11849340682784e-05,-6.88101409514858e-07,1.39134857041219e-05,-8.31909307843923e-07,2.72827786888305e-07,-2.98359779562124e-07,-2.0006552919661e-06,2.59152749167938e-07,-3.74097677586379e-06,8.54845919020835e-07,0.0127083467309497,-1.43445570617676e-05,4.07750287080002e-06,-1.6139961463233e-06,5.24933752255535e-08,-1.20585735553154e-06,2.1246473664458e-06,-1.70601458006115e-06,1.33148080287382e-06,-6.5752375901797e-05,9.75674202103801e-07,-2.00111986669346e-05,2.7207631833682e-07,6.99967289232065e-07,-2.37853363006576e-08,-3.54309981054766e-07,4.11765381479732e-08,-1.99706360464089e-07,0.0147644426091651,-0.000400785371318992,-1.20328141738251e-07,2.27102850192442e-06,-3.30559878583627e-07,-6.34369737315091e-07,3.30483136519817e-08,1.27701748794238e-06,-9.82205794343643e-09,-0.000190539260973046,1.91882397024704e-06,-5.54747366349776e-06,-3.58618019257623e-07,-1.08119078006484e-05,3.00185076447206e-06,1.90687884464511e-07,7.26092101632693e-08,-3.9482433814969e-08,-5.9079448067118e-05,3.06085348620683e-07,2.02282299804822e-08,-5.04889389507289e-08,-1.07390023699777e-06,-2.38483904662943e-07,-6.96044600781082e-07,1.93399308196882e-06,-1.67995639440725e-05,-5.15538869776854e-08,7.77902518759798e-07,-7.34500938742083e-06,-2.61344267287034e-07,-8.6965118931061e-08,-6.15248147861469e-06,2.39505368840831e-05,-4.76896394212e-07,-9.58895854766331e-06,6.83560977037579e-06,-5.18289287696181e-06,2.3828754503838e-05,4.95100046298431e-07,2.60995698580216e-05,0.0275687136017487,4.04593842610141e-05,6.09675616564032e-06,-1.87035307360763e-07,-3.50137204275408e-07,-4.17136381903354e-07,-5.39023287858242e-08,-2.68127221290643e-08,-7.88333763635166e-07,-4.49189702870521e-06,-4.91360060851445e-05,0.00117032163205324,-4.03316075705902e-05,0.00690693217807022,-4.97865084647182e-09,7.36837480847736e-08,7.5395938897442e-09,9.6733044532713e-07,7.31945258093089e-08,3.62804330075804e-07,-8.5278857206257e-07,-3.73360995571104e-08,9.13256338494859e-08,3.96239726159487e-07,8.50977779400076e-10,0.00353385624907881,-1.02495090732943e-07,-1.95516570010159e-07,-1.46952434546482e-07,1.25867284692283e-07,6.10130877848951e-08,6.12407161776306e-08,2.0634821967147e-05,-1.67172905820649e-09,-3.0969784088139e-07,-4.69243239223099e-07,-2.33970767879021e-06,3.05806334957788e-07,1.61354152702225e-06,-2.3210818437145e-06,-1.46171582919638e-08,-9.67663002049956e-06,3.13425978031299e-06,-8.38801669764573e-06,-1.04896531331081e-06,-8.48962826482517e-08,-5.55292970404285e-07,1.46968961087065e-07,2.58995628786152e-06,-1.78121882036461e-07,-1.02790831558e-06,-0.000122701786733125,8.40565416700826e-06,2.71015476996093e-06,0.00125933625237911,-2.65501372872632e-07,-1.44393140240342e-07,-2.10142556475555e-06,-6.54687569464752e-06,-3.76137689155771e-07,-3.06808656274874e-07,9.19394683977241e-07,1.88124384134774e-07,1.03791466110093e-07,1.73155086487387e-07,-8.82833740687904e-09,-1.9678500588986e-08,-6.9143788225181e-07,6.99860058087814e-17,-7.01859137994575e-08,9.76360776033911e-07,-3.72042790606806e-06,-2.56485472177943e-07,-1.08656700648063e-07,1.60377194666076e-08,1.17941176334699e-07,-8.31972149454164e-07,1.54231099276735e-08,-1.92269730547593e-09,7.12735163591992e-07,-2.99993952316401e-05,0.376942634236035,0.000269100041486765,-3.06912652960677e-06,6.00571609021197e-08,-3.5051345194178e-09,1.55631589511014e-07,-1.3191424296205e-07,2.06436210479899e-06,4.38847462432631e-07,-8.36883087900211e-08,3.78138494739022e-05,-3.81309722239247e-07,6.96638439498522e-05,-1.6481185895141e-06,1.58088375596878e-07,-5.39888314898632e-08,9.14509125805465e-09,4.43523379103017e-06,-1.38761126579958e-06,6.77289523091334e-08,7.8578347657665e-07,-5.79524070935463e-08,6.98390792632222e-07,-8.04449255314202e-07,3.4970802799698e-05,-2.38482105729768e-06,1.85222855639188e-06,-1.34596704058153e-07,2.18723430429298e-06,-1.11804825840429e-07,4.31645178687906e-07,-2.01538489940261e-16,-1.05687157113771e-06,-3.61831352095392e-08,-4.72966508272522e-11,-4.08454002845745e-07,5.12547830351107e-08,-3.1696226241288e-08,-1.04521500971947e-07,1.18055901182552e-08,-5.0053591612553e-07,1.73921229757879e-06,6.36176356217961e-08,-0.000452626914007675,7.24927224265363e-07,-8.79129249961643e-07,2.80462964299206e-06,-4.32621288684079e-07,7.12766036992956e-07,2.52732248001708e-08,1.92100457159879e-08,1.07889992473071e-06,-8.03507287679057e-06,3.81507061994231e-08,-1.29478974542775e-06,0.00658722919710583,0.000117243038743279,1.62731557090775e-07,1.50290385632676e-07,8.92303244702425e-07,-2.88164582665427e-07,-1.70742302954903e-07,2.04672695634457e-07,-2.57246170176477e-05,2.35590575942849e-08,2.23049035515984e-07,-4.41411282199817e-07,-1.75661596043355e-17,1.40489243690695e-09,8.50404609202062e-07,-7.83618448804967e-08,4.04886784873115e-07,5.16372470358434e-08,1.0673593675163e-07,2.55898439765716e-07,-9.33407482293699e-05,1.2632777088643e-06,-1.53434333864875e-16,-1.00294027365479e-06,-9.23675727513225e-09,-3.43889591792258e-08,1.63268994516076e-07,2.61006365623506e-07,-1.76947620213579e-08,-6.80925420239509e-07,1.82283909390892e-07,-8.70769466159948e-07,1.16448336787101e-06,-1.79431661171729e-07,-4.31612324895583e-07,-5.34661277992133e-07,-3.24043246069058e-09,-4.3243772368107e-07,2.59888370588253e-07,-4.7127016239361e-07,7.69944097903558e-17,-1.39961282637862e-06,1.1033003752091e-07,3.1797856280657e-09,2.82305674831227e-08,-9.26187081082776e-07,-1.96156710941322e-06,1.00407505350127e-06,-3.6532453668796e-06,-1.80878668478564e-07,9.75473547454465e-17,-3.33818310355333e-07,-1.31924283840841e-07,-4.29045307765036e-07,-3.84259508266177e-17,8.31350051967868e-07,1.21246801962946e-06,-1.8632294195032e-07,-7.08440642798142e-07,-2.51916553809842e-07,-1.59244475197033e-07,-0.000273006834689992,1.02131120336644e-07,8.32035804451775e-07,4.85590972194262e-08,2.48187427523249e-07,3.58661138399788e-07,7.24648174135973e-17,-1.48854840445999e-07,4.91750517390275e-07,2.43806366544469e-06,-3.34268648207921e-07,1.44095640552297e-16,-0.00197771997089133,6.44391111753094e-08,-1.63163455822718e-07,-1.12144294235422e-07,-3.88935461359984e-07,4.52562065773785e-07,-0.00129013706999799,7.59813518996268e-07,-1.14210298473452e-16,3.38914386034436e-06,-6.60190334353859e-07,1.91268268507539e-06,4.73156181714354e-06,-1.27603527431334e-05,-3.29069780342332e-09,9.80118763926896e-17,-3.16485771770178e-16,-3.54794769938385e-09,-5.05993539876036e-07,6.77293875254684e-08,-7.70825865084738e-07,3.23881487135877e-15,-5.21367007238396e-07,-7.72149607790039e-09,-1.13651757009026e-15,-2.06032200223232e-15,-3.41298448030939e-15,1.34108501815752e-05,0.178245325702639,1.19397600131324e-05,-4.89666680161655e-06,-2.3078148652499e-06,-7.21149711418974e-05,1.28770681049217e-06,1.15865643036736e-14,1.62907199842868e-07,-3.92072322792649e-07,-4.48657365448364e-17,-9.73150400663139e-16,1.49331895227575e-07,7.24780596868566e-11,6.96276818856092e-08,-3.47341132794254e-07,-5.37169622422572e-08,1.96042404387532e-08,3.66133577495681e-16,6.37089628173173e-08,1.78910579910719e-16,1.96992974315877e-07,9.78058779799174e-16,4.79664258283857e-08,7.28243876694228e-19,-1.80229447982844e-07,-4.66200789241992e-08,-1.53404294361577e-08,-1.91763219603398e-07,-9.30311544165136e-08,9.74709140140201e-09,-5.70687698930537e-08,-1.05191759085428e-06,-7.93536424706453e-08,-6.90324413075286e-09,-1.39090935915438e-08,3.35132721739316e-08,5.00455959834017e-08,3.62162566498671e-09,1.17461215911286e-08,-1.35149871758106e-17,-9.06496154807478e-08,1.26945127525389e-08,-2.88718416210025e-09,-4.28574466508908e-18,-3.44156305512093e-10,-3.19420570909982e-09,-5.86179552026441e-08,-1.76562226591053e-16,-4.39336054846678e-10,-2.37727462920195e-09,3.0889987801952e-16,-2.86040202553294e-07,2.57196080932442e-08,-1.76042798292173e-17,-1.48079702964397e-16,-1.14092711111691e-09,-6.21685460282299e-09,-3.78260519107184e-11,-5.62782367958376e-08,1.71003272604794e-08,5.08245527529524e-09,4.96739341142926e-09,5.26642041306542e-08,-1.29592788771767e-07,-1.41129241539723e-16,2.7569148464968e-10,1.90711643987727e-10,5.35680597841675e-10,5.11661503192423e-08,-2.71566323864949e-16,9.78654012526993e-17,1.72851318361817e-08,8.82120711306086e-17,1.58180282507805e-16,9.45352118531977e-08,-3.21498034480696e-06,-2.1465567762624e-08,-1.50893714628331e-09,7.86906842777243e-07,4.51153290820754e-06,5.03801295475784e-09,-4.03290775049477e-18,1.27206495070543e-08,6.01958121538459e-10,2.77386716148282e-09,-2.84806064660487e-08,1.16290787170762e-07,3.46190459482923e-16,2.44999583553332e-16,2.03795355272077e-16,-1.06167117888265e-08,-5.17856322311411e-09,-3.01978194614044e-08,-2.78825137324757e-17,-4.03600660519463e-09,-2.07816683823064e-16,2.39806768458038e-16,1.38260156108429e-06,-1.49441867695722e-08,-2.76810367162705e-16,-3.81917820663787e-08,-1.9856706290648e-08,-7.2057396341927e-16,4.55920725164505e-08,2.62835249720319e-18,1.70461487349953e-08,8.09229097543261e-18,1.80843299810193e-08,3.24491754429807e-05,4.56584436426657e-09,4.58884225752864e-09,3.24044530561329e-08,-1.65767991957724e-08,4.65162921883439e-08,2.82698019809597e-17,3.10469321865966e-07,-1.75488783114215e-08,-1.54004726560083e-16,-2.31632604837308e-09,-1.21574735126389e-06,1.10256825874894e-08,3.28498934772546e-16,8.10430029446057e-07,4.71738754873089e-08,1.11089245426846e-16,-1.18068139544787e-07,-2.613625882807e-08,-1.36475355225431e-09,7.68391221334005e-17,9.55084055012672e-18,5.56825299429873e-07,7.5118679003517e-09,6.07868496572036e-10,-9.77215852595256e-09,4.44711323456574e-09,2.47691086492512e-16,-2.95381368705645e-17,1.6223000846966e-08,1.11812127058642e-10,-8.26975022526447e-17,3.91395435842692e-08,-9.18483782970751e-17,2.02131253476418e-08,-7.45231292826379e-09,-4.35321409573694e-09,-2.88305888521019e-08,-2.29289134569985e-16,1.40162990631068e-17,-1.94055421740911e-16,-1.89974663251379e-16,-2.28972254585973e-09,-7.93296574670869e-09,-3.48496003788777e-16,-4.86095264393046e-16,-2.54201520834186e-16,1.11152981108391e-08,9.9678375039685e-11,-5.45467043700948e-09,-1.77392037389702e-16,2.74555565457114e-16,-1.29634326819124e-15,-5.15301916319813e-06,6.75825469385587e-09,1.86958974925816e-16,1.19974951155449e-09,-3.1210034269656e-08,-1.97407305886366e-17,3.72127254292827e-16,-2.12383563562369e-08,-4.92742673631391e-09,-1.03994781831618e-08,2.12389039862113e-16,2.93465206368922e-07,1.65217873757644e-08,1.74148935599807e-08,-1.54451802641138e-08,-4.12457551220954e-08,6.60792264107543e-10,2.06148968493547e-16,5.41334224169963e-17,3.69292261330288e-16,1.11710195403311e-08,-1.00917173476374e-08,-3.73085207922991e-09,-6.6454392497052e-08,1.42681680317793e-17,1.43370876511986e-15,2.03902022682624e-16,3.41071034272366e-16,6.22241569588337e-16,1.03425465438225e-08,-3.48295257855283e-16,-5.44821871316477e-16,-1.51677200296961e-09,6.02094698481664e-16,-1.34982700650666e-09,2.26708074566483e-16,-1.6567778186018e-09,-2.38259367881897e-17,-1.57511187714451e-09,-1.82685051265248e-10,-1.45272746976066e-08,-2.7214234191097e-16,4.10609908474989e-09,-6.48591352789923e-17,2.17465346954005e-09,7.08395463850452e-09,-1.07721102494043e-09,7.83834895974691e-16,-1.07075279175794e-08,1.61685087897274e-17,4.78042024141478e-09,6.23223002430891e-07,-2.26413396583038e-15,-3.59944911972871e-16,-9.47864358320866e-17,2.09036597487886e-16,1.35518179036497e-10,1.93519466234006e-09,4.79550027715034e-10,7.67069840187087e-16,-3.7904920013854e-16,8.13224741569963e-09,-6.77132811937914e-08,9.34534761477117e-17,-3.72926598731415e-16,6.46286867524162e-09,-6.04158571363203e-16,5.24667489768144e-08,2.99689217477373e-15,-1.72728454711929e-05,-4.32298200594122e-15,-1.45952598031716e-15,-3.42481721002295e-15,3.38295920218342e-15,2.59811554180225e-16,8.87465382893125e-15,-6.89918968375605e-08,5.01908300281671e-07,-2.48274530574276e-14,0.82599289363892,3.33396155203869e-06,1.365711344434e-14,1.62709874028082e-14,3.06004002000854e-15,-1.44179434471306e-15,6.96059840873336e-08,9.68464415257286e-09,-1.87676868356771e-15,-2.83710437808214e-16,-1.12968187638943e-07,-0.0016287698844398,-4.43610329457013e-09,-5.58654863507526e-15,-4.03460657594059e-16,-5.83859253369946e-17,-1.2555722927282e-15,3.11525393145639e-16,-6.43696882543126e-16,1.09089895084718e-07,-1.00047465426434e-07,-1.86898386146623e-08,5.05327622974398e-17,6.36053562571349e-16,1.16690900743331e-15,-5.31862227500979e-16,-1.54030646262216e-15,-6.41077983789341e-16,-1.38095422985097e-15,-2.24550162586264e-16,1.91082889172335e-16,-6.46162919193369e-16,5.06089210575562e-16,-1.78418411441583e-15,-1.48555829056933e-15,-2.04211599343555e-15,7.42179981249349e-09,-9.24304650960975e-17,7.62390744861743e-16,5.14118684145821e-16,1.02129590855892e-07,-1.22247350280661e-09,-4.96307729775319e-16,-2.60959596885531e-09,8.95978288503527e-08,-1.4951363334722e-16,-6.80586637525435e-16,-4.23308231330318e-06,-8.98038157320231e-17,2.05134076089374e-09,1.61097670781609e-16,2.9961562040847e-16,-3.54765111362071e-16,6.29308541841984e-16,1.91276456076947e-09,-6.62276011136487e-06,-5.76319346808521e-16,6.88288773518355e-16,-2.20383217723478e-16,-1.8348951254008e-16,-2.27653995914928e-15,-7.16984936331022e-16,-6.37620738926534e-16,5.61130728034144e-16,2.78144128341936e-09,3.02478233906052e-17,-1.22687577557799e-16,-5.37487220927897e-15,4.0945395238692e-17,-1.36095746544536e-16,2.24890194393522e-15,-5.38438842987964e-08,-3.87072040178978e-17,-5.36586137249297e-16,8.99058292753834e-07,-2.75234286741546e-16,6.94525047273001e-16,5.47639104064722e-17,2.32749775427692e-16,3.22363545516425e-08,-1.02525304263129e-16,-2.36657370607151e-08,-3.84604876291639e-16,-1.12043990119586e-16,-1.31429829865678e-16,-4.9187481179743e-16,-4.07512321804399e-17,1.75588624942661e-16,8.46168731650178e-10,-2.69756614228296e-15,1.04485340721786e-16,4.73750861062394e-09,-1.04792681506022e-07,2.7082926005121e-16,7.29544046557969e-08,1.06648941431694e-08,-2.5871023783024e-16,3.06466011847895e-16,-8.11911463861515e-17,3.92127985556731e-18,7.69693655797475e-18,-1.74689760098512e-08,-1.80651111505732e-17,3.08571254583498e-16,-4.84432580852754e-16,6.95396576879225e-09,2.8201386494855e-16,1.97716013655314e-17,-5.12230236003948e-16,-2.50716974343718e-16,-3.14582152771889e-09,2.51685757830989e-16,9.44502767010625e-10,2.15252629144975e-17,4.10935666751603e-16,1.47230749845939e-16,-1.29343302338213e-16,6.02325500991961e-17,-3.92313925790914e-16,-1.10756234978789e-16,-1.62151526107238e-08,5.35453078671388e-17,4.43073887051288e-16,6.80032283631397e-09,-2.04062166044652e-16,4.04893950378096e-18,-2.47893566663361e-18,1.42899186812366e-16,7.79421357691926e-17,1.37730758684174e-17,-1.09718878151676e-06,2.0301350528863e-16,-1.61647045449406e-16,1.45267968383358e-08,-1.74556884565399e-16,-2.01597919680139e-16,1.26506313665207e-16,9.48814434907562e-17,-6.58666602550401e-17,-3.58948692067345e-17,6.14439214521149e-17,-1.83452332553823e-16,1.33671188636821e-16,-2.41205626346477e-16,-1.37907382107185e-16,-7.54163952078285e-09,2.49791683413387e-08,-2.39469680082587e-17,-1.54105683081713e-16,-9.10531389806692e-18,-2.11589025502366e-16,-1.88847689656241e-16,-3.68220056855038e-16,-9.44776316745817e-17,-3.91025392650433e-16,-2.1521252531375e-09,2.95796192536237e-17,1.3181772611947e-16,-1.21671826620479e-16,4.10197828785503e-16,0.000267964690557062,3.45305482837609e-17,-4.32710111688367e-10,2.1731195709068e-16,-1.57070363416045e-16,1.55201379581217e-17,1.75987827981774e-16,1.54510003472686e-16,4.46743175909426e-16,-2.34395240389895e-17,1.26187944131308e-16,-1.35680412282181e-16,-9.20255996756325e-17,-9.95223022974016e-17,1.07853451430821e-16,-3.84660224181447e-17,-1.26442460344763e-16,6.96296238056551e-17,9.48081613986528e-17,-1.31879995345767e-16,3.24127445159338e-16,5.15961181587718e-17,2.71635224613626e-16,-1.75986341385131e-16,-8.59950535075803e-17,-1.83085157447485e-16,5.29003866879805e-16,8.7307543354878e-17,2.02879364492976e-10,9.15884782267628e-17,-9.9947821755726e-17,7.82722963739345e-17,-2.21729569507419e-17,-1.8669731658698e-16,-5.16303106187311e-17,1.84359452398308e-16,3.5102351565177e-17,1.14587825458439e-16,9.47577613523512e-17,-3.56295938933049e-16,3.39821057698981e-17,1.37992552928297e-17,2.39314349844466e-17,-1.8556085994448e-16,-8.21409367575574e-17,-1.6524612728713e-17,-2.5907102795771e-09,-1.52555485683229e-16,2.60859673369352e-17,1.60653727284618e-18,-2.19474254792487e-16,-1.75278843406534e-17,5.85193897447599e-17,8.663990445303e-17,3.77799268652821e-17,-4.6372344018401e-17,5.45248928049815e-10,9.0118091170049e-17,2.40088629589148e-17,-1.03868822667578e-16,1.70889307675498e-16,8.60657452146767e-17,2.26471461424909e-17,1.08391968794941e-16,1.02062747603985e-16,7.75640802436728e-17,-7.83094822578721e-17,-1.59977543667342e-17,8.42217646098677e-17,1.11740282887641e-16,2.73564715422435e-09,-1.73171709557233e-16,2.26960974964565e-17,1.54666362370031e-16,-3.72694496791892e-16,-1.77404324700062e-06,-1.01646577388493e-16,5.81699494335547e-17,-1.30672324371075e-16,2.00118233658663e-17,-2.08643597670013e-18,1.41481943071668e-16,1.29113518991663e-16,3.21269818507371e-17,-1.06552343343014e-17,-2.47861330154354e-17,-3.46749564750753e-17,7.182322816015e-17,-1.42154522504615e-16,-5.92955697856069e-17,-3.45323890410999e-17,5.5791201892182e-18,-1.37460075281887e-16
"t84",-0.00498820770555528,0.0525569753800832,0.0677018875601547,0.0164022045080041,0.0336882359364053,-0.00558772639959086,0.00171460276134098,5.93699452846543e-05,0.000503061121101585,-0.00132197137584634,-0.000384805086955203,-0.000739498681136349,0.0123625765131644,0.111837115981626,-0.0123519243457817,-0.00333753982103725,-0.115741933801304,-0.000848664069721711,0.000198830749213144,0.000147569668140433,-0.000576665775958108,0.000165430324492648,-0.000457553603916705,0.000789010407479444,-0.000125001374571127,0.000388878973773387,-0.000515116838691642,0.00450362552552974,-0.00330511057971926,0.0173884519695654,-7.46506418306921e-05,0.00121860503311524,0.000530173308708501,3.3111763425009e-05,-2.00316037782802e-05,-5.70126441005552e-05,-0.000214501756191299,2.41081268799707e-05,0.000219971833440902,8.55067491044783e-05,0.084688881963718,0.000553892800449916,-0.000222773791853822,0.00026274269447097,-0.000611370720295935,5.17340279935967e-05,-7.91023586584418e-06,0.00010769652770379,-9.3178248547814e-05,0.000161274806046353,-0.000170914081328951,0.0367963345553426,8.2039520557151e-07,-8.63570322162492e-06,-1.00774075921706e-06,1.18135363467074e-05,-1.47984145137095e-07,-0.000144263669418185,-1.25086962819252e-05,-5.82476646686412e-07,-1.00829131696021e-06,1.48806347739379e-06,-4.63685504442517e-05,7.40438374164749e-05,-2.49228847860309e-06,8.46406401662507e-06,-5.93249673720367e-07,3.34692232553485e-05,-0.00196110119565134,8.88303019925145e-06,-2.2903039482218e-06,7.85255080326977e-06,-2.70526836414637e-06,-1.9893737804112e-05,8.45872598514353e-06,8.27748982092635e-08,-7.78909060231759e-05,0.00043186364928212,-7.13781018845304e-05,-0.000122254027383791,0.277069693641067,-0.00201390812568678,2.0126469239904e-05,6.32394218603416e-05,-2.79509201420122e-07,7.62361468688186e-06,-3.14236383264395e-06,-5.43967401470012e-07,-1.23805871009145e-07,4.96266587632382e-06,-1.2896791974843e-06,7.7401190082206e-08,5.44690447735414e-06,-7.19782271101076e-05,-9.27205686091277e-07,-5.10564798341415e-05,-6.07402410826662e-06,0.000106492016420221,-0.0164339261200909,8.52150418520472e-05,9.56538393012584e-06,-5.88309875248032e-07,1.18921330107403e-05,-7.01422752325971e-07,2.29795818533718e-07,-2.51097413759807e-07,-1.68130890254707e-06,2.17698667116827e-07,-3.1403211909091e-06,7.16812150892332e-07,0.0106525290187608,-1.19987196803937e-05,3.40982798112966e-06,-1.34219625692028e-06,4.3601144090305e-08,-9.98955426994102e-07,1.75801453190485e-06,-1.40701696812966e-06,1.0946594752299e-06,-5.39280572800565e-05,7.99125779884347e-07,-1.63126893921556e-05,2.21107597264246e-07,5.68773355425916e-07,-1.93186824904403e-08,-2.86857738991408e-07,3.3328633199407e-08,-1.61198691655172e-07,0.0118230840479103,-0.00032091259471342,-9.62851004918047e-08,1.80745407831383e-06,-2.62804207262147e-07,-5.03951959834395e-07,2.61708110292844e-08,1.01081777901571e-06,-7.72213572747004e-09,-0.000148979424682553,1.4889311546621e-06,-4.3036883710521e-06,-2.77848330327915e-07,-8.37118636669658e-06,2.32169382567803e-06,1.47421085271455e-07,5.61339771318122e-08,-3.04333119601459e-08,-4.52683282328423e-05,2.33100273857229e-07,1.53812334343055e-08,-3.82606952569352e-08,-8.13584536263354e-07,-1.8043967885597e-07,-5.26231108112152e-07,1.4608793426136e-06,-1.25876208917869e-05,-3.85780846412406e-08,5.81570559648587e-07,-5.37493214591987e-06,-1.9023093686159e-07,-6.32494118959531e-08,-4.4543265071966e-06,1.73236392338506e-05,-3.42909810822832e-07,-6.88990805905549e-06,4.8829766182226e-06,-3.68134868230135e-06,1.6643162009538e-05,3.45593946707184e-07,1.8215426898872e-05,0.0191958988900113,2.8094351535208e-05,4.23181192491975e-06,-1.29114065911699e-07,-2.41288889756206e-07,-2.86383003109545e-07,-3.69721334825914e-08,-1.83823716725916e-08,-5.35709161277953e-07,-3.02425368004137e-06,-3.3028401696468e-05,0.000785458097888847,-2.69446459992203e-05,0.00460617959419214,-3.31443747697799e-09,4.89726044344639e-08,4.98320764657359e-09,6.38457499143202e-07,4.77263359560053e-08,2.36469634380474e-07,-5.53543668374687e-07,-2.39573070749308e-08,5.80327143158086e-08,2.50935164304959e-07,5.3617551034387e-10,0.00221805661508191,-6.35928472081479e-08,-1.2100073757775e-07,-9.04557088603797e-08,7.72663203546263e-08,3.66619270243294e-08,3.67610315074436e-08,1.22719200650256e-05,-9.85035609946359e-10,-1.78368530108232e-07,-2.70228795060808e-07,-1.34450804027724e-06,1.74573948510131e-07,9.16861823535824e-07,-1.30259892399556e-06,-8.07514550286307e-09,-5.27710905978497e-06,1.70235817284802e-06,-4.47215176119846e-06,-5.53407619045959e-07,-4.47765987509292e-08,-2.90449415488423e-07,7.52314731990531e-08,1.32017334052567e-06,-8.87291134640508e-08,-5.03721100253395e-07,-5.97841630053507e-05,3.99736544780169e-06,1.28124985825186e-06,0.00059149123001418,-1.22198242065282e-07,-6.61811327740507e-08,-9.62179547313451e-07,-2.92931407608014e-06,-1.65896399223929e-07,-1.33125421984296e-07,3.95931770061318e-07,8.03775074094167e-08,4.40153093342693e-08,7.32742615237393e-08,-3.66189196973615e-09,-8.05891518791445e-09,-2.79201395743e-07,-8.23247027719956e-17,-2.7759985970145e-08,3.84547563139282e-07,-1.42228874504229e-06,-9.57440405784125e-08,-3.97486870045596e-08,5.85968281713926e-09,4.14382218819086e-08,-2.90334325832853e-07,5.36531855461617e-09,-6.58753309993795e-10,2.4165394905372e-07,-9.97492605989244e-06,0.124235783182261,8.83677702436146e-05,-9.87530114850888e-07,1.7631732431462e-08,-9.93421453883696e-10,4.27792792201873e-08,-3.3777859940284e-08,5.25807774666202e-07,1.05912053182763e-07,-1.95644434266007e-08,8.42844586979499e-06,-8.36518355268754e-08,1.50255828413419e-05,-3.47000083693286e-07,3.20729122628524e-08,-1.09058402214254e-08,1.66687868136817e-09,8.06386321761954e-07,-2.51575010932464e-07,1.191199014896e-08,1.36609549445299e-07,-9.70000717130977e-09,1.16052066065774e-07,-1.01581041669692e-07,4.25900395435546e-06,-2.81926859559466e-07,2.03699933743219e-07,-1.39086960144025e-08,1.92901902770279e-07,-9.36380567454e-09,3.46279112349803e-08,6.55867075489255e-17,-7.18728447853303e-08,-2.40206518553825e-09,-2.88966541331114e-12,-1.97993804770793e-08,1.92289741823598e-09,-1.0230733654134e-09,-3.10183030200734e-09,-5.20430576128487e-11,3.32490475683332e-09,-1.26038817590558e-08,-1.11316202755235e-09,2.13314092891627e-05,-3.7941220973432e-08,4.92088208853509e-08,-1.90870757047899e-07,4.99161939893381e-08,-9.68192154284246e-08,-3.46344778710377e-09,-2.63944118233223e-09,-2.04686274358815e-07,2.03520327501555e-06,-9.9824174033498e-09,3.54788228133847e-07,-0.00190491554064994,-3.44554679508724e-05,-5.43276746951152e-08,-5.06347251509308e-08,-3.05660342342565e-07,9.98270290930718e-08,6.13361386834672e-08,-7.64569017486402e-08,9.95436394636106e-06,-9.25530373854239e-09,-8.98715059956368e-08,1.87446640048389e-07,2.09205010015401e-16,-7.94127561275962e-10,-4.93319122635505e-07,4.72202472011818e-08,-2.44253313265059e-07,-3.11874522992492e-08,-6.50601875149531e-08,-1.58684557088996e-07,5.90632096341045e-05,-8.3226759734985e-07,1.74522407013308e-16,7.22437772781322e-07,6.72562607764187e-09,2.56204205038642e-08,-1.21969223226799e-07,-2.06105569311431e-07,1.43977323808775e-08,5.77585616831648e-07,-1.59033713110211e-07,8.06387159170276e-07,-1.13763002220382e-06,1.81269642717129e-07,4.44256668153308e-07,5.56711601932086e-07,3.44356768183527e-09,4.60575485916208e-07,-2.80797144372981e-07,5.14860472108442e-07,-1.33844109399054e-15,1.65868481916986e-06,-1.32940338753334e-07,-3.832052902034e-09,-3.56468166966173e-08,1.17770552110152e-06,2.71368546607037e-06,-1.42231406457419e-06,5.19910673536272e-06,2.61979143427424e-07,1.81952484319027e-17,4.93236795001909e-07,1.96375143583877e-07,6.56502244150725e-07,-5.21280219979255e-16,-1.31035873145475e-06,-1.92442315459323e-06,2.96798947134323e-07,1.13692200827827e-06,4.0934585515965e-07,2.61185926048015e-07,0.00045104913863916,-1.72408449214434e-07,-1.40814990930297e-06,-8.34033287227025e-08,-4.37443950927319e-07,-6.32993062488652e-07,-1.83169896832255e-16,2.76272896365854e-07,-9.20669249962936e-07,-4.6528907641735e-06,6.56679215787492e-07,-1.19218019887354e-16,0.00413413020999741,-1.44361349190943e-07,3.77049754745178e-07,2.62919696275787e-07,9.27755363529316e-07,-1.11467944221102e-06,0.00334697879395406,-2.24081468421046e-06,2.5418754212061e-16,-1.11972656715097e-05,2.20295471331681e-06,-6.51626042814567e-06,-1.6592091948996e-05,4.48459698983322e-05,1.16600382410367e-08,2.49366499671666e-18,1.74475987397942e-15,1.31797392640218e-08,1.95898819379704e-06,-2.63577239006864e-07,3.11387794673767e-06,-1.37636285628586e-14,2.28764596170161e-06,3.51635486155462e-08,6.25606423088379e-15,1.0634467401851e-14,1.77734789338458e-14,-6.87676014245733e-05,-0.928192072337618,-6.56080701886185e-05,2.81817157266535e-05,1.33549837263944e-05,0.000438837052672888,-7.88203900629692e-06,-7.73375468150357e-14,-1.10757723007104e-06,2.76909003558809e-06,5.87186708469458e-16,5.53190552420818e-15,-1.23231696212665e-06,-6.22070432361601e-10,-6.30681098618492e-07,3.26465958107207e-06,5.43075866414848e-07,-2.0060132844163e-07,-1.43169874627915e-15,-6.62824325663168e-07,-1.62496568237686e-15,-2.15181707799932e-06,-2.71744432511767e-15,-5.43580392536648e-07,4.05119514564386e-16,2.14278890164178e-06,5.59771918778596e-07,2.11145524096339e-07,2.72172188587881e-06,1.33769590545084e-06,-1.48516571520664e-07,9.16176336920951e-07,1.92153378167812e-05,1.45129124123306e-06,1.31702344843197e-07,2.87742251985353e-07,-7.79154532190727e-07,-1.29502212266269e-06,-1.02664929550794e-07,-3.49164724413194e-07,1.96506193705762e-16,3.16243733989219e-06,-5.29000593422307e-07,2.53317512722459e-07,4.57433943667456e-16,4.35045684736336e-08,1.14941429855586e-06,9.23602062805276e-05,-5.48173008702182e-16,-9.5834531998402e-07,-5.02932247387947e-07,-3.47993464642027e-16,-4.21330158843771e-05,1.37714889915314e-06,6.2577330494672e-17,3.10812555786584e-16,-4.93901868851596e-08,-2.6464246586648e-07,-1.49443431375822e-09,-2.05226030516694e-06,5.32803922934766e-07,1.56420525234788e-07,1.50287681987034e-07,1.349473249809e-06,-2.963396852838e-06,1.28745619850865e-15,6.06289482157712e-09,4.16683279355243e-09,1.14444559658813e-08,1.06494217288972e-06,4.91384545343988e-16,-1.44337428365559e-16,3.47605347565472e-07,-2.76145248368705e-16,-6.66809838573801e-16,1.57920196202597e-06,-5.22401837009241e-05,-3.48595264435361e-07,-2.31512074735919e-08,1.19849993940276e-05,6.86058838817583e-05,7.58505708667736e-08,8.83099343361592e-17,1.73675705553102e-07,8.06316756920157e-09,3.69268193612884e-08,-3.67975521650437e-07,1.42761745575453e-06,-5.63678594234768e-16,-3.65983983258959e-16,-6.70409840957855e-17,-1.21919481794126e-07,-5.79062289217103e-08,-3.3700282644747e-07,4.60519937929217e-17,-4.39523414917695e-08,2.58312153868834e-16,2.00170112503312e-16,1.36801992263473e-05,-1.47704245812706e-07,-2.19835542998592e-16,-3.69677115707328e-07,-1.89959838593073e-07,-1.73161272568359e-16,4.26199833037059e-07,-1.05230245823201e-16,1.55219218887791e-07,-8.90880180039303e-16,1.64297815008222e-07,0.000294286216598463,4.13265531323068e-08,4.14212096180576e-08,2.90723732983712e-07,-1.45480348244673e-07,3.96701203984296e-07,1.46458333696908e-17,2.56333605119121e-06,-1.44419044807998e-07,1.82520994476318e-17,-1.89811097145221e-08,-9.88705544433273e-06,8.90719298601975e-08,-5.21068547999491e-16,6.40913426587008e-06,3.71588269224941e-07,2.6816076063724e-16,-9.25246869237152e-07,-2.04309724402318e-07,-1.05736837255402e-08,-5.81055156110311e-16,3.10215561940668e-16,4.2322650980411e-06,5.66788693857408e-08,4.57991829691375e-09,-7.17826677164527e-08,3.25642208703667e-08,-2.30225122409939e-16,-4.68943583110166e-17,1.18556141598078e-07,8.16914339815186e-10,-1.1682520010734e-15,2.85093725176187e-07,3.47076933021939e-17,1.46860355814194e-07,-5.39925459764292e-08,-3.15339374070386e-08,-2.08711049606729e-07,-2.48916882473804e-16,-1.28105215530018e-17,9.67391374639518e-18,9.72075771440822e-17,-1.65291626839503e-08,-5.72677169888492e-08,2.90491381117616e-16,1.10970759188283e-16,-2.16710442691849e-16,8.02718320767465e-08,7.20090605665018e-10,-3.94622844217211e-08,-1.56778466208868e-16,-5.32199271089349e-16,1.95417277195145e-16,-3.77074246339198e-05,4.94830788238132e-08,-4.53388115633994e-18,8.85283993270584e-09,-2.31151963300369e-07,-6.81637124636653e-17,-1.19808532591611e-17,-1.58910999499569e-07,-3.69019265425164e-08,-7.84402935525354e-08,-1.66433753266757e-16,2.2443890866716e-06,1.2746852717209e-07,1.36212157186349e-07,-1.2347515446387e-07,-3.31903370109012e-07,5.38769272764405e-09,1.66357332692838e-17,1.75964374590366e-17,-3.06280152309505e-17,1.00866958577655e-07,-9.13055505015239e-08,-3.4348654379849e-08,-6.83019621461238e-07,-9.86486888018857e-19,1.82007205948998e-16,-1.11638502852156e-16,-2.28456040957817e-16,1.54908498089765e-16,1.26552106289032e-07,1.29998188740782e-16,5.28952757112391e-17,-2.04126725788612e-08,2.34151202127761e-17,-1.82692617138343e-08,1.79675323263183e-17,-2.26423653969933e-08,-1.69689913223695e-18,-2.72527709828656e-08,-3.40579139304063e-09,-3.10010043703194e-07,1.15224734562819e-15,1.08805158967332e-07,4.30619582934132e-17,1.53528855725403e-07,-2.68179767529413e-07,3.77882442895562e-08,4.57860168063431e-16,2.15835882779439e-07,-2.87001317911887e-16,-5.29282970473024e-08,-6.73061495026551e-06,3.34690866070095e-17,3.37533855855898e-17,-3.31357256283486e-16,9.14537095281126e-18,-9.97767745451633e-10,-1.29834739414045e-08,-2.89675826304453e-09,1.35510963536096e-16,2.26767493221292e-17,-3.05185786392766e-08,2.4891462923715e-07,9.29912867307198e-17,7.99182513485082e-17,-1.31304719520292e-08,9.56751821203819e-17,-9.30796423741079e-08,-7.84573830805547e-17,1.98530177299892e-05,1.29381081294525e-16,5.18963553624215e-17,8.52078773439606e-17,-3.47093023451499e-16,5.66170245479824e-17,-1.51059981990458e-16,1.78987455542e-08,-1.25566771468598e-07,4.72619670823874e-16,-0.0169948840807093,2.21661334856087e-07,-3.66154007325389e-17,-2.53938688378395e-16,-6.92513730885153e-17,-4.69541103099764e-17,2.72838218234646e-08,4.43531449938767e-09,2.25845368368557e-16,-7.34263727180601e-17,-5.96141002050488e-08,-0.000873841085092172,-2.50968589284679e-09,5.91428731467379e-17,8.74380753697735e-17,-1.43017628544319e-16,-3.1290526048368e-17,2.14337463245378e-16,-1.26992072605674e-16,1.04483554922224e-07,-9.88293809376177e-08,-1.90027234679115e-08,3.34143848696789e-18,-1.32061572136598e-16,3.53600623181534e-17,-8.31916094724937e-17,1.27802754723069e-17,-2.54044897348619e-17,1.17042073243873e-16,-1.13548023435252e-17,-3.168686613921e-17,6.59067967816923e-18,-1.84659122962345e-17,-4.39970642254848e-17,8.45168535259683e-17,-6.56460927312538e-17,1.03465152988746e-08,-2.57896082624606e-17,-3.384892629589e-18,4.98982007862513e-17,1.46244561230334e-07,-1.76081755733149e-09,7.89578468611127e-18,-3.77227155255548e-09,1.3333251788608e-07,1.87261497745437e-17,2.00891842496626e-16,-6.50642350949607e-06,-1.14875355817754e-16,3.26442097760512e-09,2.83912012924124e-17,4.60498247801026e-17,-1.47798312697314e-17,-1.18236749889237e-16,3.18691149189324e-09,-1.10651222626899e-05,-2.31863006764479e-17,-5.65024909838303e-17,4.1466014000424e-18,-3.78219558181164e-16,-2.37548695991574e-16,1.26079014354511e-17,2.98454932192135e-17,5.40218649640172e-17,5.15649314668625e-09,-1.64955361625817e-18,-5.34805758013785e-17,8.68481863019447e-17,-8.99265351708407e-17,4.88049615947443e-17,-6.03365897905264e-16,-1.01331497816885e-07,-5.63713986739863e-17,-8.17120764960589e-18,1.6963197127342e-06,-2.42374659094528e-17,1.11133136855213e-16,-2.51904292758388e-17,-4.37659225673939e-17,6.24217018157124e-08,3.39517084618326e-17,-4.6006813043941e-08,9.12380039886765e-17,-2.76682887056371e-17,6.05422804430326e-17,-2.76435158036851e-17,7.40494538941003e-17,-7.39413865619349e-17,1.6573103554051e-09,-3.92650366417563e-16,8.64229290178443e-17,9.32775379548248e-09,-2.06380431917515e-07,1.88083926714945e-17,1.44281468725512e-07,2.11184775412142e-08,9.78615822430509e-17,-2.10322065884405e-16,-5.74087600480798e-17,3.66877089788192e-17,-1.3334540666882e-17,-3.5144588159805e-08,-4.42658677515103e-17,-1.6280591687956e-16,2.37417962250041e-18,1.40369367048945e-08,2.6402443245028e-17,-7.69432406584902e-17,-3.08516337302578e-17,-1.95018530525532e-17,-6.37548651828e-09,1.00249423595743e-16,1.91637883607142e-09,3.29747328943243e-17,3.37804636193052e-17,-4.14311058044107e-17,6.35267911797714e-17,-1.20203238760408e-16,-7.14637041699706e-17,3.4190581015142e-17,-3.30798436270513e-08,-7.9423666015603e-17,1.00773057767732e-16,1.38896436549101e-08,-3.84046546223359e-17,1.86829819424934e-17,3.8206163234924e-17,-3.72647526874545e-17,1.75416377818762e-17,-4.01003439795512e-17,-2.24861457028563e-06,3.90200836827099e-17,-9.60797106926465e-17,2.98118850827687e-08,-1.25902620062017e-16,1.39562440373704e-16,-8.57712705164829e-17,1.5610912733181e-16,-1.98087805827242e-16,-1.92341957750119e-17,-1.4126486331102e-17,-5.95658086616907e-17,8.86973096146084e-17,-6.70975104065626e-19,-1.65791608587771e-17,-1.55415197225887e-08,5.14977295581642e-08,9.74359941635754e-17,4.81346669093687e-18,-2.78916664511947e-17,-2.04964988421333e-17,-2.18846208516199e-16,1.37210951604821e-16,-3.85810372987804e-17,4.91726423798776e-16,-4.44548800864933e-09,1.24619422075337e-16,3.59513673167793e-17,-6.85679270001758e-17,-3.88807769933054e-16,0.000554253958637185,-2.05733369050925e-16,-8.96075992982446e-10,-1.28398588849285e-16,1.57213365809901e-16,-1.63203436971369e-17,-1.11016022785334e-16,-1.29081157938958e-17,5.10203260244991e-17,8.12927902152237e-17,8.57909770547496e-17,7.08135757683327e-17,-2.62219699784913e-17,1.45072966094143e-16,1.13546923255462e-17,1.07175308636053e-16,-5.33721146852133e-17,6.02158610356923e-17,-4.04417188328054e-16,1.94779660242139e-17,-1.01095446044685e-16,-8.29483116713587e-18,-1.78241047386468e-16,1.11435654540776e-16,-1.02861585967773e-17,-1.14844643658804e-17,2.81897682256424e-18,-2.37633030397873e-17,4.20947876113468e-10,-3.35476441930724e-16,-5.43850834868658e-17,4.85515738328717e-17,-4.702849845937e-17,4.52095820943649e-17,3.16549526173573e-17,-5.05482681850509e-17,-7.79398546624884e-17,-5.10521585611434e-18,5.66242133950995e-19,-1.11062960043984e-16,-4.6057756221647e-17,1.95742109865405e-17,8.75202013341785e-18,2.05652312378615e-16,-9.59397243962223e-17,-9.60380429700446e-17,-5.37297740760204e-09,-3.06626137880217e-18,-8.8667572706416e-17,1.15784513382428e-16,-1.46290672851286e-17,1.71765496233909e-16,2.66831848435442e-17,-3.11588252888228e-19,4.65516364394123e-17,6.32551411824363e-17,1.12899358103494e-09,5.67203174726621e-17,1.17876628702853e-16,4.10807280049033e-18,-5.84232162009504e-17,6.65211030793079e-17,-7.83396072335618e-17,-2.54489739360808e-17,-1.92578345934753e-16,-3.87776354873493e-17,1.32508144546961e-16,1.70337331092675e-17,2.2855532481519e-16,-1.23100450848959e-16,5.64994093643946e-09,1.93444714084965e-17,-1.72340721582947e-16,-1.46068239536882e-16,-5.59624503855549e-16,-3.65857766655151e-06,1.95685331141263e-17,-6.67703517714608e-17,-5.74775237104514e-17,-5.09619285151812e-17,1.70053806482613e-17,-3.91930574325963e-17,2.18951863490734e-16,1.6326615274106e-17,5.97539269664238e-17,6.81587740672123e-17,1.30563859767274e-16,-1.23640021150839e-16,1.08353092733247e-16,3.33888804998416e-16,-9.02274449067781e-17,1.67863664174384e-16,-3.82443510739939e-16
"t910",-0.00467109999948625,0.0454725608853093,0.058277270966457,0.0133292770752619,0.0259319972978065,-0.00407304594007576,0.00124047078023247,4.1612178895142e-05,0.000324490061646458,-0.000749072332357265,-0.000170954211593342,-0.000226940831227739,0.00352623638387273,0.0306059490950373,-0.00296071373992209,-0.000638529977868944,-0.0197276166084034,-0.000130837730489238,2.64281504755257e-05,7.51780231763305e-06,1.99870644116405e-05,-4.59083556972371e-05,0.000164590519196002,-0.000290871106682596,4.68575321477601e-05,-0.000175379367227371,0.000242612155282266,-0.00219057400775485,0.00176235981340691,-0.0151602911044836,7.6684244532922e-05,-0.0013946282098688,-0.000713655409939919,-4.94564332524851e-05,3.33626430134199e-05,0.000111692280949165,0.000431224810086543,-5.00378232014727e-05,-0.000462799477675635,-0.000185227166474409,-0.193672641305344,-0.00132264804419471,0.000545450457417433,-0.000644593980364135,0.001540636138213,-0.000137749972131419,2.08555183973818e-05,-0.000280273546648124,0.000222572176079735,-0.000289883704316727,-0.000107471843505971,0.136882254616272,3.63034383035378e-06,-0.000158183811641596,4.57804526019768e-05,-0.000461258396179991,1.6388498419873e-05,-0.023216344228302,-0.00152781408293743,-1.05154682825054e-05,-1.01074806484931e-05,1.18991030416805e-05,-0.000314313039485667,0.000482402742798647,-1.23204544924696e-05,3.32499088325492e-05,-1.43249703471666e-06,6.46007769473488e-05,-0.00339966533478255,1.25698062787604e-05,-5.91465709796619e-07,-1.80720049213599e-06,7.58507595613474e-07,7.20424671692393e-06,-3.13146114130342e-06,-3.26205103679303e-08,3.12995053459808e-05,-0.000183249451247491,2.56594376316122e-05,3.33584729630009e-05,-0.000877428868569992,-0.000166527047540183,2.55923239942235e-05,0.000126658264048895,-9.92697067831317e-06,-0.000297061240636822,4.63646492508784e-05,7.37766181024022e-06,1.6451866327858e-06,-6.28042833807215e-05,1.40392400892448e-05,-4.23515179550288e-07,-2.87068428108693e-05,0.000303027954235007,2.58072245635762e-06,0.000130960475130072,1.55171347071801e-05,-0.000209416548582578,0.0284634006945246,-6.27172522289398e-05,2.40282923108808e-06,-2.05264558946083e-07,5.48390141265153e-06,-9.36537442813569e-06,4.21181613679375e-06,-6.81173868541407e-06,0.000241632047785612,-8.38583480444036e-06,3.93189538037084e-05,-1.54228397756007e-06,-0.00386898945102448,-7.30249610970911e-05,2.26633067598208e-05,-2.34898908704535e-05,8.74668531438281e-07,-2.65289986899563e-05,5.27518339832836e-05,-5.91516792327621e-05,6.48964282209132e-05,-0.00426025090923717,7.56093200961863e-05,-0.00351579265213933,0.000137429356586917,0.000378545563365839,-1.74269574569676e-05,0.000193077428744015,-1.97515992824127e-05,4.34530136381766e-05,-0.000464715110404972,-0.00295727284521241,-1.28308912959287e-05,-0.000293837784192503,3.95419561847268e-05,7.24661018215646e-05,-3.29598723422534e-06,-0.000125536280990987,8.29553609205781e-07,0.015023420926642,-0.000143410702949744,0.000414185723988676,2.66212417308809e-05,0.000800480015388209,-0.00022139207432102,-1.40446127660035e-05,-5.34774543934102e-06,2.88527761819367e-06,0.00428610526726437,-2.22415146197959e-05,-1.47215297317917e-06,3.69212349188866e-06,7.85674653165158e-05,1.74885462422478e-05,5.11182921072818e-05,-0.000142287930435033,0.00126137187840856,3.88562925024356e-06,-5.87936175447301e-05,0.000595287823104072,2.14901577455573e-05,7.16474893051754e-06,0.000511124780791701,-0.00199198396530749,3.96900564799417e-05,0.000797337982858408,-0.000557855689165104,0.000402798691128261,-0.000645268448662304,-1.12909819510954e-05,-0.000565192967513355,-0.0351481496597438,0.00130560320545483,0.000233294300894636,-3.25751355090664e-05,-8.90018878050283e-05,-0.000251319488890571,-4.15848512703747e-05,-2.37324174701254e-05,0.00145513910895992,0.00416359568037619,0.0429715977077068,-0.960088920869713,0.0187363930894115,0.0665136300689495,-8.26836790601341e-06,-0.0343331430533168,-2.92040774622974e-05,-0.00396560163375006,0.000529501251196765,0.00234097300335532,-0.00256281207456384,-4.22216464536895e-05,6.45584983018624e-05,0.000242624748581714,3.98781573223174e-07,0.00426984060264466,-4.43869312091361e-05,-7.95062166881735e-05,-5.334692704973e-05,4.3452511603528e-05,1.54750343255608e-05,1.53457659913124e-05,0.00466878815770303,-3.45679272656651e-07,-5.32633939281055e-05,-8.0641224047505e-05,-0.000396044113900955,4.95010683999372e-05,0.000253541267064766,-0.00033866747756968,-1.96182360281037e-06,-0.00122091158497249,0.00038829986701013,-0.000960788770432117,-0.000115280986081837,-9.32004264289098e-06,-5.90688953966249e-05,1.44389713631091e-05,0.000250509025343564,-1.57313732346388e-05,-8.36428521154619e-05,-0.00962337587692038,0.000478046992961231,0.000122569233983949,0.0273634877244016,-6.99458042815775e-05,-2.79998990485877e-05,-0.000388075589728945,-0.000801336329745356,-4.27204154954882e-05,-3.33818360532572e-05,9.89321458999617e-05,2.00976918319678e-05,1.10522525824609e-05,1.84322690853526e-05,-9.48175240429545e-07,-2.15000560830987e-06,-7.78818142191637e-05,-2.78600946730048e-17,-8.50008794318179e-06,0.000120622432912153,-0.000573549924727905,-5.84330242829505e-05,-6.52142967243783e-05,1.09814250199665e-05,-1.21801447365226e-05,6.27126615791688e-05,-1.01178053892315e-06,6.52522304093499e-08,-1.47638812805464e-05,0.000147405321420436,-0.000303747462863616,0.000475705787416592,-2.90749643113747e-05,1.46054270461734e-06,-9.3456017970544e-08,4.37006268189783e-06,-3.96829401556496e-06,6.23109341795084e-05,1.35945585689954e-05,-2.61858133601433e-06,0.00119527250535197,-1.20821404946619e-05,0.00221213147738525,-5.24617599501604e-05,5.04478097201653e-06,-1.72321093080124e-06,2.92336600363874e-07,0.000141775053506659,-4.43543857245681e-05,2.16377665811973e-06,2.50969431257742e-05,-1.84881546541158e-06,2.22746252260824e-05,-2.53094152749348e-05,0.0010980339756601,-7.4756578738724e-05,5.78319270021491e-05,-4.1885235518617e-06,6.75231367130609e-05,-3.44318962655886e-06,1.32671265261844e-05,1.36611369502093e-16,-3.22595521222757e-05,-1.10340649474021e-06,-1.43787081943293e-09,-1.23245253643836e-05,1.5362533437925e-06,-9.46955460839872e-07,-3.11762986401152e-06,3.4449198871722e-07,-1.45840363592201e-05,5.06546028552281e-05,1.8399203584381e-06,-0.000111025803044671,2.06333789552378e-05,-2.4892010007666e-05,7.85576315834449e-05,-1.16704589046968e-05,1.88839540871593e-05,6.68836585814266e-07,5.0820875736912e-07,2.68779435577887e-05,-0.000165146929608684,7.29047879890661e-07,-1.99678920507344e-05,0.00161899330236431,-0.00217332841495971,5.64461332936757e-06,5.09708258931171e-06,2.92460569703923e-05,-9.26375542478936e-06,-5.22831174423641e-06,6.03666672682996e-06,-0.000739218084727878,6.70490180145158e-07,6.25598308890783e-06,-1.20654135956443e-05,5.2846219536207e-18,3.48615617396004e-08,2.094724080715e-05,-1.90968067242638e-06,9.86403521342568e-06,1.25759725703456e-06,2.59284237434176e-06,6.18665657391001e-06,-0.00224400451264036,3.00334170628124e-05,3.69296649264372e-17,-2.32623063354837e-05,-2.13596503061187e-07,-7.90169293571931e-07,3.7486560242239e-06,5.90014095745457e-06,-3.9661993011772e-07,-1.50826824695401e-05,4.00513365712376e-06,-1.88049607005554e-05,2.47585485513855e-05,-3.77777772928596e-06,-9.03783942212005e-06,-1.11581364114862e-05,-6.72281372454399e-08,-8.96584652120841e-06,5.36615978157053e-06,-9.69999460805804e-06,-3.86235394129917e-17,-2.81739001792471e-05,2.21165317672545e-06,6.37387696081353e-08,5.59943054206681e-07,-1.83453787338899e-05,-3.85371446513903e-05,1.97809597730568e-05,-7.20441728228826e-05,-3.58729970972973e-06,3.39875252692005e-16,-6.69548519395163e-06,-2.66200800732261e-06,-8.98143814944206e-06,2.72506082145014e-15,1.9107560688812e-05,2.9015943478062e-05,-4.57665567298696e-06,-1.86627800743576e-05,-8.18779571996543e-06,-7.5350478152952e-06,-0.0352285357715909,-5.04889411459896e-08,1.21458870618543e-06,3.53265194425076e-07,2.63203971851424e-06,3.83610507213753e-06,-8.25638756023333e-17,-1.83331115452246e-06,6.10181778248734e-06,3.05172188364697e-05,-4.17572142877187e-06,8.09218156173939e-17,-0.000272657895518135,7.80455480263658e-07,-1.90054186818702e-06,-1.27973798780116e-06,-4.3139647842946e-06,4.65393767623022e-06,-0.00384156854178787,7.8561568395551e-06,-1.72937353320157e-16,2.85450260558136e-05,-5.4551963237178e-06,1.51661057802432e-05,3.53061779438551e-05,-9.47544872478223e-05,-2.39965050072324e-08,-7.37596290469045e-17,4.33922730950626e-18,-2.30953042847824e-08,-2.9372466104112e-06,3.87101514928538e-07,-3.8990899552641e-06,1.17219663392561e-14,-1.84161449156447e-06,-2.17038640345514e-08,1.22674565388356e-16,7.31467016554868e-18,2.3962804877234e-17,4.62328207999598e-06,0.000874237101081492,-1.45476081249915e-05,1.1367875885017e-05,5.66577431096563e-06,0.000267858478025558,-4.97686253179518e-06,-6.93149846843476e-14,-1.09319102661129e-06,3.0636767734567e-06,4.66267666386037e-17,-8.00200585863061e-17,-1.90651369276655e-06,-1.02475795344013e-09,-1.12148365222234e-06,6.08475958698787e-06,1.09880353983476e-06,-4.10933138909255e-07,-8.08483398941722e-16,-1.38048645910681e-06,-2.27441300743777e-16,-4.69044453165817e-06,-3.31126354905387e-17,-1.22295682396397e-06,3.73631423044262e-17,5.0082218558138e-06,1.31809310378724e-06,5.44512277149624e-07,7.14465088917558e-06,3.53712381923285e-06,-4.04921446183977e-07,2.56210798566864e-06,0.000429844932780616,4.22870622093291e-06,3.95281983698172e-07,8.88265622458586e-07,-2.4917288525704e-06,-4.25897798115166e-06,-3.44809545044136e-07,-1.1845343847606e-06,6.61118349754379e-17,1.10541977714393e-05,-1.90012707850969e-06,9.75743897026612e-07,1.13534984288181e-15,1.70704573797801e-07,4.63236153723844e-06,0.000376375417254243,9.29106557796351e-18,-3.92750355485522e-06,-2.11041068689361e-06,-8.3568220305936e-17,-0.00132739891773689,6.14528666607678e-06,-5.29833127601647e-17,-5.15891053585558e-18,-2.24887053812644e-07,-1.20711263054333e-06,-6.87228697632907e-09,-9.5261602585559e-06,2.52405503322073e-06,7.42281498030084e-07,7.14898905948747e-07,6.5839092790544e-06,-1.47428987354127e-05,-4.67193727552318e-17,3.03786039680249e-08,2.09035393575197e-08,5.76556997505855e-08,5.39202385308168e-06,-2.01705077682879e-16,2.48500203902885e-17,1.77194790102695e-06,5.76906007671233e-17,-2.13248365115453e-16,8.378326732432e-06,-0.000278960428306684,-1.86173573667499e-06,-1.25360178480443e-07,6.50156286895145e-05,0.000372314895333525,4.12664273624129e-07,6.56023532155199e-19,9.69422272824117e-07,4.52436130503109e-08,2.07557407487536e-07,-2.08579994252416e-06,8.21348927037677e-06,9.60733734461001e-17,3.10292386349671e-19,1.55791947024483e-15,-7.15880347822927e-07,-3.4289592473823e-07,-1.99685251981632e-06,-1.41662088102845e-15,-2.62507833197848e-07,-2.62051591061536e-17,7.78452843687234e-17,8.44017014095273e-05,-9.11624138873649e-07,3.09784512766368e-16,-2.29804923275202e-06,-1.18550139502659e-06,2.5354722178593e-16,2.67791233932908e-06,1.78916941593185e-16,9.55691816141227e-07,-2.17316365926143e-16,9.69916289934632e-07,0.000514990790268462,2.86403911057453e-07,2.73921015251624e-07,1.89214524649768e-06,-9.4671795680553e-07,2.60846903020275e-06,1.17333165168947e-18,1.70946489385886e-05,-9.64568525568881e-07,-5.50303437010847e-17,-1.27027826684124e-07,-6.64078565204168e-05,6.00211388942651e-07,4.59555997449403e-18,4.36616232174119e-05,2.53679920833373e-06,-1.24090287238791e-17,-6.3343452664474e-06,-1.40065628733152e-06,-7.28571290729013e-08,1.32925516957336e-16,-5.28248397325626e-17,2.95060701129309e-05,3.97081413046146e-07,3.21178942964661e-08,-5.13782539981623e-07,2.33825614786936e-07,-2.55940902313715e-17,1.26967052779949e-16,8.53153919102886e-07,5.8803071703829e-09,-9.66679377079886e-17,2.05968276626604e-06,6.34558674696228e-17,1.06471908103207e-06,-3.93294580145599e-07,-2.29777259581986e-07,-1.52279471251788e-06,-2.48932530154089e-15,2.59966426920654e-17,-7.75447760048449e-17,-3.20914220300185e-16,-1.2199436830531e-07,-4.23058108190486e-07,8.70264587377492e-17,2.17559835433273e-18,-7.01131014851444e-18,5.94968179639958e-07,5.34485791217704e-09,-2.94033998685158e-07,-4.12178721202591e-17,2.18567322918316e-17,1.23507568105044e-16,-0.000284537454038706,3.73554618282222e-07,2.10311215044607e-17,6.71513260389417e-08,-1.75669474949438e-06,6.13893859831757e-18,3.11919962750019e-17,-1.21305198994916e-06,-2.81791310296319e-07,-6.00528814676007e-07,8.05441115887147e-17,1.72557697963695e-05,9.82293356658635e-07,1.05301741264324e-06,-9.58643940697305e-07,-2.57977832265396e-06,4.19653098618789e-08,-3.48128156481217e-17,-1.69804541024585e-16,3.82558130794288e-17,7.94874645399698e-07,-7.19651724815569e-07,-2.71118828669883e-07,-5.42962467659325e-06,2.150973134577e-16,3.24078981406909e-17,8.15099600172908e-17,4.57652647861179e-17,-1.2827858453898e-16,1.0132331688391e-06,-1.1474609325017e-17,4.69607574274453e-17,-1.63876911195542e-07,1.54877911828251e-17,-1.46690207605073e-07,4.0543225618786e-17,-1.81847162016776e-07,-1.09342133780304e-18,-2.19877193393674e-07,-2.75073884054355e-08,-2.5078670696795e-06,8.5774659008364e-15,8.81905962308668e-07,1.94705040321105e-17,1.249542724788e-06,-2.19364700455847e-06,3.09163115988033e-07,3.25059845031662e-17,1.76918489247054e-06,-1.31820586437284e-16,-4.35053659051505e-07,-5.53306138718674e-05,5.86485367508265e-17,-6.56459007687927e-18,-5.94529883911985e-18,1.49213101928009e-18,-8.21908349056728e-09,-1.07003610354146e-07,-2.3886670245382e-08,-2.06917769772828e-17,-3.28721469534241e-18,-2.52177399917521e-07,2.05693773840021e-06,-1.2065256457051e-16,-3.14161999127091e-17,-1.08549346167118e-07,1.91302424878407e-17,-7.69133103825037e-07,-1.15949737977525e-16,0.000163472674783801,3.66386229122258e-17,-1.675985464763e-16,-4.24224313845644e-17,-1.34753653686206e-17,-8.64921517861944e-18,7.75437758571177e-17,1.38874630969038e-07,-9.71210177787188e-07,-3.91012302970925e-17,-3.99799464782277e-05,2.44969678339569e-06,-1.02882465700655e-17,8.8458676780748e-18,1.26336084675399e-16,-5.45837211642516e-17,2.41233329915724e-07,3.85721599040098e-08,4.30773945034492e-17,-7.64048127393239e-17,-4.38849101359302e-07,-9.68143934532095e-05,-2.36169375440876e-08,-1.12923265878199e-17,8.07058366708828e-18,9.64769933389038e-18,2.61152078473822e-17,7.85889651127348e-17,1.01393172640965e-17,9.19944615570214e-07,-8.69899877001705e-07,-1.67228714939848e-07,4.11106530557552e-17,1.57932756995354e-17,9.16202063291445e-17,1.23615664394219e-17,3.32570373331211e-17,5.17998105844586e-17,1.8670057754916e-17,-2.24320954662333e-18,-1.36363684693867e-17,3.32181066755058e-18,1.58707538390135e-17,-1.78076134531871e-17,-1.67998464823427e-17,-7.64248530092256e-17,9.13329287811727e-08,1.81308070834837e-16,9.36895713843124e-17,-6.0377765150408e-17,1.29203071021402e-06,-1.55594185711998e-08,1.09950832576639e-17,-3.33376981374095e-08,1.17962375350838e-06,1.59521560378601e-17,7.10242185345824e-16,-5.76460241578579e-05,-6.05763967265978e-17,2.89750149408154e-08,-4.75534211010927e-17,1.01667523208458e-17,-7.6222895855316e-18,2.58675299275338e-17,2.83713707622043e-08,-9.85271143609129e-05,-2.14527596233832e-16,-4.84048083136464e-17,3.63625694554621e-17,-2.06738332719079e-17,-9.24481404786497e-17,1.77571031879456e-17,-2.35889916087417e-17,7.94366756766419e-17,4.64147290373925e-08,4.44549299092157e-17,3.63234001727499e-17,4.01336841293482e-17,7.05208221410769e-17,5.88634611610062e-17,-7.85610557985509e-17,-9.14242182897342e-07,9.54955694727057e-18,-3.03083661677457e-17,1.5311263376881e-05,2.20254034654815e-16,5.18140731787651e-17,3.73227539154645e-17,5.34828558681252e-17,5.66256762175612e-07,-2.21541181251141e-17,-4.17720680030196e-07,3.50744602623736e-18,-2.00943634317665e-17,2.01735411886245e-16,-1.61602701199878e-16,4.23597066180168e-18,-1.02856309156275e-16,1.50747979860945e-08,-3.66158952330213e-16,-7.41359821060525e-18,8.49615877042825e-08,-1.87994068778312e-06,7.51206768421923e-18,1.31582556751126e-06,1.92668402437635e-07,5.69846017001695e-18,2.07290239508888e-16,1.2648152312521e-16,4.07323253945227e-17,-1.76463314334167e-16,-3.22362309998374e-07,2.39158704421269e-17,-1.78377549804427e-16,4.60914942293355e-17,1.28928951081466e-07,-7.32813543569541e-18,-6.56201336148211e-17,1.83024746705351e-16,-3.70267296085721e-17,-5.8663546672327e-08,4.71825111899062e-17,1.76430941681767e-08,1.54178579075768e-18,7.31414788413101e-17,-7.57780423319842e-17,-1.29613827268032e-17,1.09159507713785e-18,-2.02283023208232e-17,4.23675982089286e-17,-3.05426197234465e-07,1.45798372449707e-17,3.62027371580018e-18,1.28333676045739e-07,-7.22213396247766e-17,-1.64919130743995e-17,-1.02305122221284e-16,3.44762463392474e-19,5.42118501566177e-17,-3.65722234307206e-17,-2.08218418275836e-05,-1.12833726488196e-16,-2.31503987603339e-17,2.76322730980042e-07,-6.3912494802104e-17,4.97622628787868e-18,1.87779089419051e-16,-6.27003877253456e-17,-6.96945386820743e-17,-1.32066521827245e-16,-9.04749279394362e-18,-3.58303737095808e-17,-2.5745815114705e-17,1.2974644707574e-17,-5.05171934178508e-17,-1.44561671030036e-07,4.79212061306435e-07,-2.65847932610116e-17,2.948765479428e-17,-1.12806987197352e-17,4.06203743194295e-17,1.02222477173491e-16,2.76002342580705e-17,1.33769807953655e-17,-7.48356840173642e-17,-4.14537173494685e-08,-4.70661413710718e-17,-7.66373415757312e-18,-1.28662395584225e-16,3.159856606324e-16,3.24894604912447e-06,-9.97167316161555e-17,-8.39143799772856e-09,-6.76160457778252e-17,1.71384413909072e-18,-8.34327580015925e-18,4.67415404250194e-17,-7.16048050861317e-18,1.24965893520478e-16,-2.55101788011959e-17,-1.85720424515621e-17,-1.04284210262877e-17,-2.37856189672726e-17,-4.97250130174982e-17,1.33247286228674e-17,4.03279311000677e-17,6.87788546300866e-18,-7.9590384266254e-18,3.12545637081955e-17,-7.29274336079469e-17,-5.94624291242703e-18,1.87504907523934e-17,-2.79992616107524e-17,1.59890174288458e-17,5.13641642242422e-18,-5.44096457775942e-17,6.55076506386839e-17,7.66869668396317e-17,3.97027589653943e-09,-2.24682230492903e-16,-6.6153437907263e-17,-1.94986757867101e-17,-1.74342573017486e-16,3.29037169836864e-17,2.48843137882554e-17,-8.73524697791604e-17,-1.89973949280697e-17,-1.58053775582327e-17,-1.50122875858543e-17,-5.79264656803535e-17,1.5538016345728e-18,5.31988100098921e-17,-2.20131160747399e-17,-1.83944637626956e-16,2.17671555454128e-17,-1.46974779364948e-17,-5.09142409258199e-08,2.50074547213859e-17,-1.63407280190994e-17,1.09093766812305e-17,-4.74545103623242e-17,1.49326494295252e-17,-2.77213770086702e-17,-2.1955341767573e-16,-1.78330911682048e-16,6.49952943696934e-18,1.07481140022468e-08,8.81270915299998e-17,8.39649912713991e-17,-4.29173659885531e-17,-4.05146874388063e-17,-5.29999062524246e-17,2.02321054792936e-16,-3.12543561463403e-17,4.26455590081092e-18,1.24996098834945e-17,-1.14542407548565e-16,5.33534624710352e-17,-8.78177896421776e-19,1.56983709465371e-17,5.40291429118333e-08,-9.89734394883256e-18,8.12481251349963e-18,-8.36973090469885e-17,-2.33683684653253e-16,-9.90105595701178e-06,-1.10216334269527e-17,3.52933772005097e-18,1.8783115826315e-18,-1.06721684421173e-16,6.26788733509741e-18,3.09073464688466e-17,1.78386682903498e-16,-1.61155947997104e-16,6.10910824862749e-17,1.20338251285214e-18,-2.33823776528684e-18,4.30526760865848e-17,-8.05811246609675e-17,1.02237412706239e-16,5.83667887108961e-17,6.69636984098955e-17,-3.02156571702202e-16
"t72",-0.00471241276759521,0.0463309375221684,0.059413833053177,0.0136806800804475,0.026775447450367,-0.0042296020483759,0.001289134149861,4.33815193291528e-05,0.000340947149808038,-0.000795780809008486,-0.000184773309126401,-0.000250096291925643,0.00389796127152643,0.0338878236742696,-0.00329400870068914,-0.000715300876611289,-0.0221650133305394,-0.00014734293179037,2.98519603316198e-05,8.59115510182175e-06,2.31201421821724e-05,-5.49680648691389e-05,0.0001993822600305,-0.000352802916144997,5.68843398786338e-05,-0.000215215446423163,0.000298563090699945,-0.00270164558028831,0.00218795581725638,-0.0197389752349026,0.000102030614094912,-0.00188600355930375,-0.000992309637726809,-7.01728958918738e-05,4.84638464595272e-05,0.000168930136737939,0.000656885312446206,-7.69241538105999e-05,-0.0007143347853981,-0.000288463501775526,-0.307035645495746,-0.00213022221903975,0.000887426257968567,-0.00104961699763613,0.00253954520069337,-0.000238065442014221,3.65956201702805e-05,-0.000495395397962681,0.000401690684037893,-0.000535522374998757,-0.000205087300966887,0.265339106369967,7.05362286489044e-06,-0.000313595013819727,9.45784537616079e-05,-0.000959091445206531,3.8702909962265e-05,-0.0570059875396816,-0.00376940852363529,-2.8834299797261e-05,-3.03416978693594e-05,3.75104565634735e-05,-0.0010332467726815,0.00160318793191218,-4.46046661206774e-05,0.000131068964182646,-7.06363928672337e-06,0.000360102335945438,-0.0201819805284192,8.46282092257928e-05,-1.49705918541868e-05,3.76017297726798e-05,-1.22513916480626e-05,-7.93159607618139e-05,3.31417553143801e-05,3.0442809330617e-07,-0.000278915907061525,0.00133475664701449,-0.000131447336990186,-0.00015225681068062,0.00336761258985504,0.000617575236244361,-7.58585529753928e-05,-0.000353578101345869,2.20639603072973e-05,0.000624568655566606,-9.23736367696513e-05,-1.45741665985405e-05,-3.24279127332094e-06,0.000123107657734671,-2.69830342288886e-05,6.84923158994759e-07,4.5744810094371e-05,-0.000438872319345231,-3.21472011964431e-06,-0.000159676170023261,-1.89008028081468e-05,0.000241910803590447,-0.0322538129180308,6.62296147644157e-05,-2.40106574960016e-06,2.04127258646994e-07,-5.42408122814848e-06,7.3813122605711e-06,-3.26712465988815e-06,5.21925524315105e-06,-0.000181168020414081,6.24973049983112e-06,-2.89940896927965e-05,1.11929237307365e-06,0.0027933906214753,5.11436346566894e-05,-1.58153861881247e-05,1.51673398078828e-05,-5.55703550175706e-07,1.62746199331461e-05,-3.18628570094766e-05,3.42558797829517e-05,-3.61182142759394e-05,0.00230200721890425,-4.01817797024951e-05,0.00176576712514369,-6.65899382329946e-05,-0.000183170277910858,8.38950118169349e-06,-8.9638464607004e-05,9.14249551537148e-06,-1.95034631129444e-05,0.000191348051916352,0.00121651292943984,5.2418508969703e-06,0.000113460333100563,-1.51022917663192e-05,-2.74591808121019e-05,1.20937055637739e-06,4.58578583331898e-05,-2.83377306200743e-07,-0.00486606624468909,4.32389527433717e-05,-0.000124628135775249,-7.9134877390206e-06,-0.000236484297134697,6.47584372520449e-05,4.09257392480413e-06,1.55824389195755e-06,-8.18235411548375e-07,-0.0011519822003228,5.66274280470965e-06,3.69807375754857e-07,-9.00437520041544e-07,-1.91161166329512e-05,-4.20748082471998e-06,-1.22171662977832e-05,3.37515627491095e-05,-0.00027929748636487,-8.50973618113262e-07,1.27763861197656e-05,-0.000108481594468503,-3.75203819621426e-06,-1.24271347756919e-06,-8.54861686864785e-05,0.000330681936831644,-6.28722662958179e-06,-0.000125586141436363,8.39217272202949e-05,-5.79534489921785e-05,8.14674021692241e-05,1.41890015265904e-06,7.09409506040614e-05,0.0043326707209542,-0.000157559592564094,-2.8067677842102e-05,3.75678871458289e-06,1.01281334663651e-05,2.77821811243839e-05,4.5642387352949e-06,2.59526101599272e-06,-0.000148607794350372,-0.00039569179539341,-0.0040329577526086,0.089031182571063,-0.00167648574268146,-0.0058694860128273,7.19754578798316e-07,0.00295029457704089,2.40203598367778e-06,0.000322615593184526,-3.91144089735927e-05,-0.000172366723176519,0.000182552940220217,2.73901519550226e-06,-3.86398646609395e-06,-1.41138255993737e-05,-2.22186509307055e-08,-0.000230234929095915,2.16425648156356e-06,3.79038896687247e-06,2.42286605995127e-06,-1.92525100578883e-06,-5.59784402497215e-07,-5.49505825684647e-07,-0.000152162174148864,1.02131195907964e-08,1.20790698987016e-06,1.82634203754983e-06,8.73066288799271e-06,-1.00143788590946e-06,-4.81663706511848e-06,5.35967301223231e-06,2.37322051737921e-08,1.12921411261861e-05,-3.26008500552054e-06,4.50962043426053e-06,3.15722312890072e-07,2.50532894600729e-08,7.17528253952342e-08,3.38168529014428e-08,7.50628623907149e-07,-9.96894715002467e-08,-7.11373233422995e-07,-8.88093278858917e-05,5.77165253401178e-06,1.55892893281951e-06,0.000367004574049906,-1.07999873942454e-06,-4.43368554792323e-07,-6.18223507152617e-06,-1.44000236732046e-05,-8.17567640363789e-07,-6.80178934252849e-07,2.06934047691134e-06,4.31370200986909e-07,2.42749088696038e-07,4.07413236496188e-07,-2.21381541746526e-08,-5.17817402119472e-08,-1.93526623510721e-06,1.13554856330458e-17,-2.20025214505439e-07,3.14629393213255e-06,-1.57053027520707e-05,-1.65337729477531e-06,-1.89061414639007e-06,3.18801017039349e-07,-3.67649909592506e-07,1.90405785864132e-06,-3.08002977371416e-08,2.01046296262133e-09,-4.58377281323787e-07,4.63628979736045e-06,-9.6049588215725e-06,1.50747592547396e-05,-9.31555236004315e-07,4.84100605541583e-08,-3.12130495476221e-09,1.4663871092644e-07,-1.33835094593923e-07,2.10171243720964e-06,4.58136518791411e-07,-8.80740017199976e-08,4.00167932700516e-05,-4.0371600390243e-07,7.37486479612183e-05,-1.74274685150257e-06,1.66550645645043e-07,-5.68467856329654e-08,9.44328347163924e-09,4.57712488246506e-06,-1.43103486489243e-06,6.93181158754506e-08,8.01761814031735e-07,-5.85105684436171e-08,7.03641856385686e-07,-7.40469784571273e-07,3.17835222155974e-05,-2.14489058129435e-06,1.62403568046133e-06,-1.15468329309681e-07,1.77715774920283e-06,-8.92924928118078e-08,3.39904809297752e-07,2.74987379338979e-16,-7.9013868704527e-07,-2.68556583247882e-08,-3.42593718222296e-11,-2.77974668294487e-07,3.28667465553415e-08,-1.9716453958291e-08,-6.40109437689646e-08,5.67661603513483e-09,-2.36192590564886e-07,8.1647159312123e-07,2.72137581516486e-08,-1.18850020986247e-06,2.05265147893874e-07,-2.3431900797308e-07,5.96799865847929e-07,1.28827131245185e-09,-7.05524150590268e-08,-2.64536021725913e-09,-2.04328328408075e-09,-3.80498996445759e-07,4.64656936564233e-06,-2.1957308137904e-08,6.61064267443995e-07,-5.97077409579643e-05,8.27415431383863e-05,-2.74741387965571e-07,-2.52412385168157e-07,-1.49431430965477e-06,4.83428458529082e-07,2.92009159587489e-07,-3.62572775251585e-07,4.73898188102495e-05,-4.42000065429673e-08,-4.32081179268449e-07,9.17786426080252e-07,-2.00309465053683e-17,-4.50642298617257e-09,-2.84443607186354e-06,2.78925201243105e-07,-1.44381930081852e-06,-1.8449424682275e-07,-3.87183350484855e-07,-9.55133791032503e-07,0.000360377432268415,-5.22262638575483e-06,-7.16438451218462e-17,4.84725092035783e-06,4.55163819469899e-08,1.76662245491567e-07,-8.42921294005278e-07,-1.49447255127524e-06,1.07326312963508e-07,4.48450710464291e-06,-1.27144270327504e-06,6.89607251763472e-06,-1.04116142858785e-05,1.73861341077258e-06,4.3812512584619e-06,5.58919914913492e-06,3.57286001939264e-08,4.79650445257962e-06,-2.99652587258418e-06,5.60282458345767e-06,1.52296183711015e-15,2.13076570319981e-05,-1.7771138814524e-06,-5.12465476136955e-08,-5.41092184618644e-07,1.82594021659637e-05,5.8049367020129e-05,-3.43851775323126e-05,0.000129066862090754,7.25178490425058e-06,-4.74532202451038e-15,1.57765850060132e-05,6.67506659707269e-06,2.93691772276794e-05,-5.42213170584743e-15,-9.11217315315433e-05,-0.000154605422983499,2.59504862839184e-05,0.000121832134808678,7.12415142485658e-05,8.69227111010288e-05,0.543026676162974,2.98849522207341e-05,0.000214391531122184,7.39838137626716e-06,2.2022318420536e-05,3.11611406414307e-05,9.41965147326221e-16,-7.17341806159445e-06,2.19808515683426e-05,9.38611846682193e-05,-1.05785891371789e-05,-2.97284405613417e-16,-0.000509493823470148,1.14975469513781e-06,-2.57166269630706e-06,-1.67015210099163e-06,-5.40486023566017e-06,5.44025950910287e-06,-0.00407194907461544,6.90725882138736e-06,1.12034917808177e-15,2.22109149199703e-05,-4.20548158340905e-06,1.14742052614982e-05,2.60570616729835e-05,-6.98026965710941e-05,-1.75588399784002e-08,-1.33682127867463e-15,-1.18002923083919e-15,-1.62879513321491e-08,-2.01100237538157e-06,2.6409300096478e-07,-2.59526904269784e-06,7.21948209617861e-15,-1.16688474247541e-06,-1.34789808045857e-08,-1.24750924335154e-15,4.32242903325924e-15,-7.33586552722352e-15,2.71241524701923e-06,0.000509475762292505,-8.29059021048721e-06,6.36252840193239e-06,3.16454546644948e-06,0.000146877407218843,-2.72333530724288e-06,-3.79861495294309e-14,-5.77385563352913e-07,1.59868266363673e-06,-8.80452543644355e-15,8.56864188479373e-15,-9.49116399632497e-07,-5.04230057868512e-10,-5.42954374729862e-07,2.91247193113662e-06,5.13605854746743e-07,-1.91283734777291e-07,-1.47070681203314e-15,-6.3884265041494e-07,1.34406854966728e-15,-2.13115473971713e-06,-1.18744295266818e-14,-5.47217709502227e-07,-4.4621227982565e-16,2.19068482847791e-06,5.73591787549018e-07,2.13641376780919e-07,2.69677337233458e-06,1.30907702296472e-06,-1.31787645470373e-07,6.47271757298953e-07,-0.708153218708181,0.00011655656643143,4.87022528882782e-07,6.67758798564829e-07,-1.55970706688476e-06,-2.48901906411704e-06,-1.94837256077334e-07,-6.60880640540513e-07,-3.20020168442053e-16,5.99252622805247e-06,-1.01248104436818e-06,5.15649363318521e-07,1.86243340077987e-15,9.1281622524791e-08,2.59208882430036e-06,0.000219411666787317,1.38215452929033e-15,-2.36305215239582e-06,-1.84961077898261e-06,-3.17119646596572e-15,-0.127842485569678,2.31446413668023e-06,3.38898018985339e-15,6.19326076971402e-16,-8.83173463570082e-08,-4.75180153358715e-07,-2.73046316968341e-09,-3.81506498661614e-06,1.02173362103592e-06,3.00656385500874e-07,2.8979441695582e-07,2.68205503915209e-06,-6.01077584919246e-06,-1.21789785288012e-15,1.23839215559235e-08,8.52103041226418e-09,2.34981559658557e-08,2.1969180254484e-06,6.43222254295113e-16,1.33559199715616e-16,7.21582358079405e-07,1.01231143996264e-16,-6.55048569786244e-16,3.39402035493781e-06,-0.000112879373706458,-7.53320278930621e-07,-5.05952075906299e-08,2.62308769591713e-05,0.00015020080000994,1.66396189794364e-07,-1.29481772576359e-16,3.88780911216895e-07,1.81233103307575e-08,8.3109224013767e-08,-8.33564274371418e-07,3.27078680916812e-06,5.39144328704671e-16,3.14021844891454e-16,5.81773920658921e-17,-2.83636713115369e-07,-1.3556374744444e-07,-7.89325269101302e-07,-1.40953122571512e-15,-1.03550767131467e-07,-1.24124885803878e-15,5.33796438287029e-16,3.30008843137259e-05,-3.56404652098762e-07,-2.7465551534489e-16,-8.96556930458596e-07,-4.61952340273832e-07,1.68239423023932e-15,1.04096024029604e-06,4.31578088166158e-16,3.70430136210234e-07,-7.39780366886104e-16,3.758475697109e-07,0.000199522157933752,1.10936331847881e-07,1.06068301189868e-07,7.32171885637038e-07,-3.65392673592238e-07,1.0032270581651e-06,-4.37645228902921e-17,6.54687530613987e-06,-3.69244890817167e-07,-6.70957409978049e-17,-4.85987576814233e-08,-2.53795785704762e-05,2.29169601570569e-07,2.24979159675105e-16,1.66177836354257e-05,9.64918903006158e-07,3.96776137075571e-16,-2.40742027045829e-06,-5.32117933026985e-07,-2.76381181436129e-08,4.28947092498353e-16,1.01360691088267e-16,1.11549896439666e-05,1.49907017222889e-07,1.21217227521478e-08,-1.92762158571808e-07,8.76457055300604e-08,3.46773819166538e-16,-2.98334646587251e-16,3.19587445154809e-07,2.20255907372942e-09,3.22309626420272e-16,7.70666861568817e-07,4.69078607752967e-17,3.97979846595503e-07,-1.4680754612158e-07,-8.5762119571442e-08,-5.68153119060084e-07,-8.91852346235259e-16,1.05432687503077e-16,1.16281199233741e-16,-2.21402940498535e-16,-4.53645759550845e-08,-1.57275432628129e-07,-9.77174543428377e-17,5.67609086511753e-16,-2.74123198545972e-16,2.2097214602463e-07,1.98427056875493e-09,-1.09038564825024e-07,7.66890187760048e-17,2.92051878015599e-16,-1.16063842564573e-16,-0.000105131530670742,1.38004827813011e-07,-2.23884499010446e-16,2.47739856790898e-08,-6.47737481424952e-07,7.10293323884164e-17,2.86813287757482e-16,-4.46710788889869e-07,-1.03760124021093e-07,-2.20960686543901e-07,8.50986845276981e-17,6.34139594373588e-06,3.60747317289798e-07,3.86366661969293e-07,-3.51306743952171e-07,-9.4508230158752e-07,1.53643334390738e-08,-1.85179890445582e-17,2.17467566436124e-16,1.8603292423302e-16,2.90043943190502e-07,-2.62582488396768e-07,-9.88832747837082e-08,-1.97624460048522e-06,8.24369539935879e-16,-9.08148845091131e-17,-2.46276715915319e-16,-8.71101145447218e-17,1.16109652341824e-16,3.68025485219061e-07,-6.41255502350389e-17,-2.16434066895289e-16,-5.94759591261682e-08,-1.37818922661242e-16,-5.32361385642438e-08,-1.70682332427103e-16,-6.59904716107728e-08,7.31434366573204e-17,-7.96835823353096e-08,-9.96553459487813e-09,-9.08128269352019e-07,3.28096120437649e-15,3.19161668131505e-07,-5.10165657096854e-17,4.51639554453431e-07,-7.91614756126603e-07,1.11559138054532e-07,-7.51231293834753e-17,6.37993983953271e-07,1.30586627561544e-16,-1.56732705414907e-07,-1.99324917078062e-05,-4.83104965763216e-17,-4.60499608135883e-17,-9.31416879945409e-18,-5.80016378896791e-17,-2.95851975608669e-09,-3.85087408328652e-08,-8.59433395890296e-09,-1.71496127061577e-16,4.9027259388221e-17,-9.06299108598412e-08,7.39205175882341e-07,-7.11753068218475e-17,2.81672079238415e-16,-3.89562536478597e-08,-1.28176636735033e-16,-2.75947978093139e-07,9.93355849202881e-17,5.86024730691969e-05,5.73166798168936e-17,5.6244471883318e-17,-2.40348195702531e-17,-1.61093383048093e-16,-2.90441751839148e-18,3.674614717452e-16,4.97044757844922e-08,-3.47597676334457e-07,2.45103739488143e-17,-1.43010945486412e-05,8.76075474697383e-07,1.51303896369832e-16,-6.52296904523385e-17,-1.03895452960775e-16,4.02397796791349e-17,8.61889843078352e-08,1.37782255622261e-08,7.23951387866115e-18,7.53913509432708e-17,-1.56721744270231e-07,-3.45732594595753e-05,-8.43292033916438e-09,1.0395871032636e-16,5.06786922851338e-17,-2.26055711567534e-17,2.33438833625431e-16,-1.58152712238854e-16,3.84321731510752e-17,3.27936199734086e-07,-3.10049374141892e-07,-5.95946294277767e-08,-8.50400493964989e-17,9.11495719611194e-17,1.14803957213654e-16,-7.83769513281098e-17,3.44581613594246e-17,-3.66476104267744e-16,-1.34565018072999e-16,-4.81630763562872e-17,4.66943586169628e-17,9.98343952455295e-17,-4.16234515860969e-16,2.60933427386104e-18,-1.00265367127146e-16,-6.43010503843765e-17,3.24690480784922e-08,1.57282499605122e-16,-7.26640704421629e-17,-6.12465623905792e-17,4.59178576692572e-07,-5.52931813376511e-09,2.4039626430114e-17,-1.18466315455572e-08,4.19026620698752e-07,-2.49335089790305e-17,2.7413898331364e-16,-2.04677369280026e-05,-3.7356635344534e-17,1.02822173082484e-08,1.13693599694611e-16,6.55009199198319e-17,2.30187089329685e-17,-1.02453262985633e-16,1.00595766595395e-08,-3.49326007918297e-05,-2.93777178863932e-16,-7.5195241409934e-17,-2.37958643946708e-17,-1.4133119253233e-16,2.73855916242682e-16,2.64250751225281e-17,-1.3633315994684e-16,-1.86361032532524e-16,1.64117545585958e-08,2.3560543838154e-17,1.4497753500403e-16,-3.5033270709726e-16,8.48092824457293e-17,-1.52775116956844e-16,-2.95597797272965e-16,-3.23091668145006e-07,8.60775264946572e-18,-1.81137954028772e-16,5.41044530302805e-06,-9.28384791743692e-17,2.73855149433363e-16,-5.87523703618733e-16,2.31343798166709e-16,1.99872157639452e-07,1.74701571208694e-17,-1.47414915740813e-07,-1.10364218457187e-16,1.95978630997739e-17,-3.17793384510935e-16,-1.469483049478e-16,-1.25132695542026e-17,-4.95079340167048e-16,5.31789287851489e-09,-3.01925168868932e-16,1.15031425281697e-16,2.99629684201588e-08,-6.62979449838485e-07,2.37282539404667e-17,4.6392495463594e-07,6.79245607065979e-08,3.38265043903903e-16,1.74590625184256e-16,9.60415845994612e-18,5.84712421861709e-17,-1.41906048635956e-17,-1.13524657199341e-07,2.46603471381465e-18,-1.21481829870805e-16,-8.36509284739142e-17,4.53921634255421e-08,1.9970554225155e-17,-1.84244368863826e-16,3.28085329738761e-18,4.92343432393392e-17,-2.06466445748699e-08,6.1026370256375e-17,6.2088427435548e-09,3.74688194227877e-17,-1.14902079426936e-16,-6.69630508344844e-17,-6.41287938840271e-17,-9.20635188476487e-17,-9.98406399100265e-17,-6.26706798445765e-18,-1.07425825410662e-07,1.94633410417193e-17,3.49987132029317e-17,4.51322255315243e-08,-7.01452394389678e-17,-2.39835874690072e-17,-1.83286784615018e-17,1.03641731684757e-16,3.32410876539571e-18,-5.8192415148113e-17,-7.31968766756291e-06,6.11575679861388e-17,-9.5693618420398e-17,9.71213435185397e-08,1.04930201383381e-16,-4.58562455096564e-19,7.56543695193031e-17,-7.9991662490453e-17,9.84358995249688e-17,-5.73933598013978e-17,-3.3922245756337e-17,-8.71770213409759e-17,9.6556229651167e-17,7.12400173140696e-17,-1.61765698416321e-17,-5.07789673215081e-08,1.68316796853931e-07,-1.31915697033531e-16,-4.20776832949515e-17,-6.3268721824776e-17,1.04972803403145e-16,2.50227085146076e-16,2.3075311609814e-17,-1.24135073379958e-17,1.26115126516006e-16,-1.45547703134368e-08,-9.87328719418377e-18,-3.60387929598971e-17,4.41488255410774e-17,-1.40586002147849e-17,1.14039518513479e-06,-1.08504648490848e-17,-2.9444860212086e-09,3.26419794067903e-17,-9.8240276819772e-17,6.85893903438203e-17,5.14271514519292e-17,1.11347408917284e-16,4.36203396283744e-17,-4.84848167634015e-17,-1.43554977501219e-17,1.64264373896479e-16,-7.71085006584975e-17,1.24409428757856e-17,-7.81333910821028e-17,1.25665090087165e-16,5.83938035112192e-17,6.94770793000383e-17,1.40549868128268e-17,5.53892092403749e-17,-1.10395915799787e-16,5.90711831900121e-17,2.74633588827274e-16,-7.20181293073496e-17,2.21568970124766e-17,5.94057305793509e-17,3.66737024022952e-17,-7.13866030079807e-18,1.39164679391455e-09,2.69276295148011e-17,4.43008221975352e-17,-2.84815953389648e-17,-1.76559831010528e-16,6.12480467248152e-17,5.8635913915665e-17,-4.94794084172854e-17,1.09334113314401e-16,-9.0875584219673e-17,-1.70289924276864e-17,-5.07338854087436e-17,3.23675977441197e-17,1.0024580406226e-16,3.52900511040769e-17,-1.24580073566211e-16,-8.50095021702264e-17,-5.77816129275328e-17,-1.78351961589929e-08,-1.46842710566274e-16,3.03050796030613e-17,2.50675924378529e-17,3.41718641310466e-17,3.42351638552603e-17,2.45462307662846e-17,6.59706980597602e-16,9.43093868309168e-17,1.25632720136972e-17,3.76295462796679e-09,4.9054590082619e-16,8.74951115899241e-17,-1.49632122443314e-18,1.31338144683727e-16,5.13323062186816e-18,-1.32828037970243e-16,-1.48423862387684e-16,5.8034556346239e-18,-2.15462150203892e-17,3.07192571091803e-18,-1.21599745634187e-16,2.07467707836158e-17,7.44454231384012e-17,1.89067943909248e-08,-7.05330629346451e-17,-1.91889283463529e-17,-1.2536680444686e-16,-3.22136794236177e-16,-3.46407264302607e-06,-5.30786812562891e-17,4.42456373962886e-17,-4.56192742595679e-17,1.04569690832266e-16,-8.08666010366529e-17,3.87017008137489e-18,-3.14231125311928e-18,2.03794400169612e-17,2.61437590659586e-17,7.85424574573018e-17,-2.83118265861864e-18,-7.13892344917581e-17,3.09700654114798e-17,-1.47139940585826e-16,5.51668262125225e-17,5.83808502124463e-17,2.41271604695714e-16
"t231",-0.00471295876262535,0.0463422574676334,0.0594288196084977,0.0136853069376728,0.026786538798374,-0.00423165826612155,0.0012897731946453,4.34047387529893e-05,0.000341162766331226,-0.000796391381638755,-0.000184953322359945,-0.000250396768791664,0.00390278208135466,0.0339303719720738,-0.00329832572909514,-0.000716293950102215,-0.0221965246030311,-0.000147556221589623,2.98961795472792e-05,8.60498746860683e-06,2.31604278589339e-05,-5.50838391628112e-05,0.000199825964908594,-0.000353592570519155,5.70121661929014e-05,-0.00021572236059069,0.000299274725430955,-0.00270814346007945,0.00219336093483584,-0.0197966777800051,0.000102348967449995,-0.00189216009775098,-0.000995786659588732,-7.04306459604065e-05,4.86511177197479e-05,0.000169636117050429,0.000659666054347633,-7.72550741265526e-05,-0.000717429122146997,-0.000289732055437647,-0.308425537649314,-0.00214010438208743,0.00089160585892663,-0.00105456665464969,0.00255173481569501,-0.000239282955280069,3.67863343827635e-05,-0.000497999841710071,0.000403854394905673,-0.000538482399957212,-0.000206259739540274,0.266879593310857,7.09466638139551e-06,-0.000315454715749747,9.51601546925597e-05,-0.000965022446876341,3.89659331325697e-05,-0.0574030887523577,-0.00379574272231636,-2.90479224249433e-05,-3.05763178123613e-05,3.78065811838778e-05,-0.00104153997542412,0.00161610907689977,-4.49752344477283e-05,0.000132187315344164,-7.12745060494469e-06,0.000363437415162725,-0.0203710325277794,8.54371804962433e-05,-1.51290848019472e-05,3.80299097898731e-05,-1.2392427697651e-05,-8.02495320468887e-05,3.35329210008047e-05,3.0805540519858e-07,-0.000282251735204744,0.001351015029203,-0.000133114686500422,-0.000154219370431267,0.0034122086238684,0.000625801019231698,-7.69118731059395e-05,-0.000358548462518099,2.23905491407579e-05,0.000633941723466229,-9.37791786787532e-05,-1.47964184535846e-05,-3.29227161072684e-06,0.000124988842771562,-2.73975114194069e-05,6.95965048082021e-07,4.64854981632223e-05,-0.000446187623642752,-3.27097752661027e-06,-0.000162490698316668,-1.92340692080381e-05,0.000246254361776339,-0.0328368208315278,6.74570505659918e-05,-2.44646715900854e-06,2.07993923634274e-07,-5.52703161829757e-06,7.53418844909259e-06,-3.33522297092931e-06,5.32858192770642e-06,-0.000184996294057569,6.38211626925495e-06,-2.96109136180907e-05,1.14325974275806e-06,0.00285333198890028,5.22548974607823e-05,-1.61595383756765e-05,1.55082570957852e-05,-5.68279717504462e-07,1.66484470855922e-05,-3.25996107019276e-05,3.50624107212394e-05,-3.69833506777702e-05,0.00235786148280399,-4.11638354209556e-05,0.00181000981856433,-6.82851420044406e-05,-0.00018783613535848,8.6036918214619e-06,-9.19643057413442e-05,9.3800326376708e-06,-2.00172289034179e-05,0.000196588289452571,0.00124984251930924,5.38591444735504e-06,0.000116659379023728,-1.55302278891498e-05,-2.82400609530095e-05,1.24427008705625e-06,4.71838872307703e-05,-2.91826006432708e-07,-0.00501471431737028,4.46037536683473e-05,-0.000128565527676697,-8.16489124185015e-06,-0.000244018414171652,6.68309461725625e-05,4.22377825250434e-06,1.60820098068873e-06,-8.44794201333132e-07,-0.00119029857351866,5.85577865109788e-06,3.82490618352421e-07,-9.31735274349485e-07,-1.97812669215031e-05,-4.35462635770196e-06,-1.26457056782363e-05,3.4939479630961e-05,-0.000289435977899043,-8.82015811718998e-07,1.32440683017511e-05,-0.000112772715503491,-3.90323094249419e-06,-1.29293219563587e-06,-8.89950504355378e-05,0.000344298548836598,-6.55132159462754e-06,-0.000130874117330703,8.75241912152838e-05,-6.04877138957056e-05,8.52243281534815e-05,1.48445557135465e-06,7.42200999503364e-05,0.00453438769819987,-0.00016495700511656,-2.9387047281812e-05,3.93633343610046e-06,1.06146955181754e-05,2.91318695165621e-05,4.78658391064467e-06,2.72186607026524e-06,-0.000156047529777028,-0.000416035429580501,-0.00424125311310998,0.0936495512777992,-0.00176457575218505,-0.00617942320894868,7.57945358917856e-07,0.00310755497918651,2.5320435685149e-06,0.000340143001453145,-4.13098774979692e-05,-0.000182051986258775,0.000192922755505737,2.89932240189983e-06,-4.09579989082441e-06,-1.49678145210959e-05,-2.35802099464173e-08,-0.00024447783800891,2.30196001958135e-06,4.0330297227741e-06,2.57997531256698e-06,-2.05089956303226e-06,-5.98174228529402e-07,-5.87278637028547e-07,-0.000162843190601557,1.09449377531568e-08,1.29883915959168e-06,1.96386174077995e-06,9.39106332710798e-06,-1.07825030737321e-06,-5.18967307765493e-06,5.78556177349762e-06,2.56789547756511e-08,1.2242466258276e-05,-3.53662787068246e-06,4.90608939528873e-06,3.44037611878373e-07,2.730135453597e-08,7.82921105893129e-08,3.70230887205215e-08,8.22341204932248e-07,-1.09609857298327e-07,-7.84200562959212e-07,-9.79911768428582e-05,6.39320079069176e-06,1.72845488635232e-06,0.000407344208383301,-1.20266801600345e-06,-4.94064019221281e-07,-6.89027761398951e-06,-1.61101332906551e-05,-9.16837587920476e-07,-7.64844004055343e-07,2.32985577790318e-06,4.86319807527773e-07,2.74015567216344e-07,4.60053840649595e-07,-2.50832498949545e-08,-5.87978281688748e-08,-2.20277827618403e-06,3.81209721103268e-17,-2.51332257058318e-07,3.59658879055206e-06,-1.80461402302184e-05,-1.90774899955915e-06,-2.18927613128612e-06,3.69242715541593e-07,-4.28796931996563e-07,2.22343946117374e-06,-3.59869681828132e-08,2.3554619944436e-09,-5.38052055266263e-07,5.46144774219754e-06,-1.13325941876986e-05,1.77981337297664e-05,-1.10395437727535e-06,5.83533925990325e-08,-3.78746635873532e-09,1.78971163432158e-07,-1.65578427086207e-07,2.60285820005569e-06,5.73335132803119e-07,-1.10906803395735e-07,5.08640747069536e-05,-5.14756592871726e-07,9.43480427007311e-05,-2.24017817975906e-06,2.15665829426005e-07,-7.36739882719036e-08,1.24911393494051e-08,6.05743306392208e-06,-1.89491759486928e-06,9.23449248232176e-08,1.07056638092624e-06,-7.87196100349236e-08,9.4803941579526e-07,-1.05315011520368e-06,4.55226168614756e-05,-3.08971612845035e-06,2.37188951006642e-06,-1.70626237223266e-07,2.70322958806775e-06,-1.37071647215908e-07,5.25712669186343e-07,3.14010264019208e-16,-1.25641227503065e-06,-4.28700813624336e-08,-5.54099404650255e-11,-4.65072468861798e-07,5.68235998676174e-08,-3.46721193201743e-08,-1.13558201373519e-07,1.16068047753403e-08,-4.88531455479234e-07,1.69412631735553e-06,5.98411878277727e-08,-3.29039725747007e-06,6.00310548344584e-07,-7.1464002119624e-07,2.15218342748843e-06,-2.53482438615394e-07,3.58864454313523e-07,1.26000577523349e-08,9.54900268371532e-09,2.97742366914849e-07,-4.0342962000777e-08,-9.51799011933416e-10,7.28466214294773e-08,-1.07091339178734e-05,1.64164647308209e-05,-8.99863601515945e-08,-8.4689583259183e-08,-5.22511110899245e-07,1.73541374589259e-07,1.13213237308049e-07,-1.51004140161407e-07,2.08835525565125e-05,-1.99160264301188e-08,-2.016012309704e-07,4.5668108912723e-07,-8.07219868587309e-17,-2.82359500955656e-09,-1.80820886265101e-06,1.80882933426948e-07,-9.36842162242418e-07,-1.19782415096631e-07,-2.52530708876399e-07,-6.28186979911282e-07,0.000239278036316945,-3.53032888631184e-06,-3.16493330499941e-17,3.39466090696575e-06,3.20018640104837e-08,1.252207542727e-07,-5.98037725933175e-07,-1.079960632261e-06,7.82808692781168e-08,3.31104062578698e-06,-9.46132119652011e-07,5.21232944148989e-06,-7.97193682928049e-06,1.34143039712529e-06,3.3943057731643e-06,4.34095347862949e-06,2.78692924032633e-08,3.7431531086137e-06,-2.34540132170398e-06,4.3952614896846e-06,4.3504832387288e-16,1.69788190383e-05,-1.42034681542852e-06,-4.09596693888316e-08,-4.36023152130222e-07,1.47312813441762e-05,4.74760573312506e-05,-2.8224049152721e-05,0.000106015026861121,5.97221366265197e-06,-3.25026450211375e-15,1.30308401166729e-05,5.51924777654643e-06,2.43791287017751e-05,-4.32468226698141e-15,-7.59506311182638e-05,-0.000128987070729471,2.16610401006465e-05,0.000101796247612572,5.96247418079032e-05,7.28389659768217e-05,0.455478955462347,2.51371447500596e-05,0.000180390436439886,6.23680153356394e-06,1.86252326642746e-05,2.63586554892699e-05,6.55416649911535e-16,-6.1052982924004e-06,1.87274100616878e-05,8.01501871754999e-05,-9.06384328754637e-06,-3.93912924247827e-16,-0.000439620299387481,9.99606117514518e-07,-2.24322825132869e-06,-1.45907291642058e-06,-4.73034316957301e-06,4.77719491652397e-06,-0.00359471831867091,6.17671325015954e-06,-7.56322079704468e-17,2.0087519112324e-05,-3.80720825933431e-06,1.04091819256818e-05,2.37072273586017e-05,-6.35220939969601e-05,-1.59921622914058e-08,-1.31719721935264e-15,8.28027283638759e-16,-1.49061679347505e-08,-1.84827115587941e-06,2.42853107542991e-07,-2.39592409011788e-06,6.33764627251763e-15,-1.08694331288965e-06,-1.26080657923509e-08,5.05774212448519e-16,-3.77038948029113e-15,6.93606079672698e-15,2.57325494408805e-06,0.000484276903658247,-7.93597420976026e-06,6.12928853282414e-06,3.05090123623786e-06,0.000142649828019037,-2.64730144603543e-06,-3.59110962308494e-14,-5.71014171501675e-07,1.59205984348291e-06,7.06801999314039e-15,-8.48343017711969e-15,-9.7768433009315e-07,-5.24810193995043e-10,-5.74110390411649e-07,3.11718467545671e-06,5.65243261217022e-07,-2.1161649597383e-07,6.76742617298208e-16,-7.12088372338892e-07,-7.62083901072255e-16,-2.43479089823176e-06,9.63905536876912e-15,-6.38905919214017e-07,7.70808670840477e-16,2.64511544375136e-06,6.98014102775363e-07,3.06019412590804e-07,4.10665051146664e-06,2.05594949939372e-06,-2.5175998527668e-07,1.7679821045897e-06,0.682400865724696,-0.000108318300211961,-1.0154477192921e-07,1.82244882468905e-07,-8.14223574478926e-07,-1.56884993579674e-06,-1.34200241780313e-07,-4.70859218445679e-07,1.27524742417061e-16,4.6316056442992e-06,-8.3082490754973e-07,4.91298591112667e-07,2.92487682962484e-16,9.17312619344118e-08,2.91649763534336e-06,0.000265392302715065,-9.63989566911587e-16,-2.99733152039989e-06,-3.32337313763803e-06,-2.26310377945819e-15,-0.370057248515189,9.80698365896765e-07,-3.26081486802319e-15,3.29247896162387e-15,-4.86139227520912e-08,-2.65219940074004e-07,-1.60946215399471e-09,-2.35985763733658e-06,6.80001847782529e-07,2.01064335973313e-07,1.95067374563485e-07,1.90602265054855e-06,-4.40108875262953e-06,2.0183236592447e-15,9.15127754000423e-09,6.30611587217409e-09,1.7477874008755e-08,1.64337573910835e-06,-2.55002498359269e-16,-1.60610539344394e-16,5.43672684670698e-07,-1.62359909481597e-16,9.09773782615066e-16,2.64655621345128e-06,-8.84232503981157e-05,-5.90162795863356e-07,-3.99958024855737e-08,2.07590975954158e-05,0.000118897234537605,1.31918086028222e-07,1.63731706630862e-16,3.12644852495604e-07,1.46128498329297e-08,6.70680273739743e-08,-6.754093774995e-07,2.66812640694117e-06,1.77776524752701e-16,-1.7122971284975e-16,1.62747868832551e-15,-2.33341745691587e-07,-1.11892489311779e-07,-6.51656078458143e-07,5.3007852152339e-17,-8.57449441198203e-08,9.50133563768027e-16,-5.62621241080226e-16,2.76386670282488e-05,-2.98531561214185e-07,5.27437251859886e-16,-7.5280046862992e-07,-3.88410112300768e-07,-2.91210425165137e-15,8.77583618937198e-07,-5.16723109630091e-16,3.13241676972551e-07,5.11331812997966e-16,3.17906579667546e-07,0.000168797972544758,9.38748461696018e-08,8.97839411057165e-08,6.20201002802672e-07,-3.10307146861217e-07,8.54852041074828e-07,-1.01571223858625e-16,5.60027125450031e-06,-3.15981154540397e-07,-3.3082442010251e-16,-4.16100470457657e-08,-2.1750205422901e-05,1.96559923827819e-07,3.38646613155467e-17,1.42918745190619e-05,8.30294610341673e-07,-4.21213718404611e-16,-2.07295051956526e-06,-4.58341430072071e-07,-2.3835056568265e-08,-6.8090569404183e-16,-1.26692165665325e-16,9.64649392952272e-06,1.29780512886954e-07,1.04966410151584e-08,-1.67683765548816e-07,7.62964381810803e-08,-3.17464425987492e-16,1.70530457014416e-16,2.78336755280093e-07,1.91837827365682e-09,-2.92507462062642e-16,6.71765588144579e-07,-9.95705756879983e-17,3.47167360439288e-07,-1.28193334879173e-07,-7.48933750071748e-08,-4.96288209275123e-07,-8.90543232723008e-16,-8.68298000932777e-17,-8.77065494223406e-18,-7.53500632505325e-18,-3.97226487065068e-08,-1.37741917514611e-07,6.69478433195258e-17,-5.13847329086248e-16,-3.42544431703481e-16,1.93661409359773e-07,1.73954340616348e-09,-9.56664207139291e-08,8.43347497786732e-17,4.94352144940133e-16,-3.51000288946815e-16,-9.24785629914492e-05,1.21405975193029e-07,-3.42537265043449e-16,2.18154292553808e-08,-5.7060380347501e-07,7.49478129137892e-18,-4.56810336728399e-16,-3.93869188770692e-07,-9.14928124857232e-08,-1.94938111434078e-07,-1.06833221898368e-16,5.59934824112497e-06,3.18681720968098e-07,3.41531713351854e-07,-3.10806722696722e-07,-8.36319667410472e-07,1.36019142430253e-08,4.38630820982169e-17,-1.24968619887682e-16,1.81783285021136e-17,2.57373630719944e-07,-2.33013534474837e-07,-8.77735359497981e-08,-1.75672058270483e-06,-3.66830894808746e-16,1.74746598815913e-16,9.6660777141007e-17,-1.70194310244395e-16,-1.03732322371147e-16,3.27619536048258e-07,2.83862695708265e-16,-2.1890607927487e-17,-5.29754513493494e-08,1.23354087912031e-16,-4.74190174482791e-08,3.88015579328621e-17,-5.87825952111778e-08,-7.36793180471884e-17,-7.1047310239063e-08,-8.88742635712102e-09,-8.10157574777001e-07,2.70620674311827e-15,2.84847456650626e-07,7.58743312383117e-17,4.03441940428017e-07,-7.07940210793484e-07,9.97720822637099e-08,-3.60092356734643e-17,5.70842834036903e-07,-4.55816517112949e-17,-1.40334992495267e-07,-1.78477242350166e-05,7.29791827477819e-17,3.22743716332029e-17,4.54412497875714e-17,-1.15868982038906e-16,-2.6506037955141e-09,-3.45060266922347e-08,-7.70235398520391e-09,3.31652492010777e-17,1.53334287274495e-16,-8.12906295688732e-08,6.63055189308964e-07,1.73732479457189e-16,-2.33395792221335e-16,-3.4978260764516e-08,1.28190009701365e-16,-2.47822144772835e-07,1.37284446300582e-16,5.26614025631491e-05,-4.25482768682009e-17,-1.36240909992358e-16,2.07617427789599e-17,1.26920645072667e-16,-7.45402032843808e-17,-4.38809736133568e-18,4.47194017376462e-08,-3.12740491192845e-07,-6.33835193942072e-17,-1.28722935528767e-05,7.88683399042542e-07,-1.82382695914973e-16,-1.04941644485077e-16,2.04794240550788e-16,-2.33657098022831e-16,7.76480751127305e-08,1.24149666424064e-08,9.11844161733645e-17,-3.87050431946183e-17,-1.41241704131993e-07,-3.1159077072902e-05,-7.60077533412638e-09,-9.50952470289804e-18,-2.88850421285129e-17,1.16995713562711e-17,-1.49122474857024e-16,7.14448581085146e-17,6.49127171401611e-17,2.95963950174781e-07,-2.79854782635288e-07,-5.3797353870075e-08,2.62682487649284e-17,-2.56803666206681e-16,-1.12705317121972e-16,1.43476070840734e-16,1.95589047418478e-17,-2.57690954384151e-16,1.6269563655045e-16,-2.96489667011659e-17,2.18550108606123e-17,-7.87109662439097e-17,5.02822938495844e-17,-3.66327031947551e-17,-1.18897334444044e-17,1.13623590905481e-16,2.93682219423374e-08,5.4116533263769e-17,4.1747381286884e-17,-4.46928375593903e-17,4.15432301569464e-07,-5.00282885988066e-09,-9.45816676113165e-17,-1.07190111221568e-08,3.7925918953366e-07,7.96588064251555e-17,3.61838367014842e-16,-1.85323611028926e-05,6.63346071800905e-18,9.31428560232924e-09,-9.80337445817185e-17,-4.66300222552503e-17,-1.06901627161823e-17,2.12335868829523e-17,9.11919013236898e-09,-3.16685806284583e-05,8.82296829761903e-17,-1.66899248594655e-16,2.44795224623259e-17,-1.98326904769734e-17,-1.46780645363803e-16,-1.17594556206748e-16,-4.36086360485706e-17,2.20885531353052e-16,1.49146400708197e-08,1.32844605396517e-16,-7.48843788677938e-17,2.53841261436362e-16,-5.20474417754152e-17,-6.85210428907188e-19,7.42434530515451e-17,-2.93768193226386e-07,3.23937745277915e-18,1.95381324160122e-16,4.9198573270847e-06,-1.06809386466578e-16,-6.51377657994116e-17,4.94698195741229e-16,-2.00357000653654e-16,1.81945452258315e-07,3.27752719655744e-17,-1.34218786574303e-07,1.48218816988141e-16,-2.11603446586207e-17,8.99745148636631e-17,-1.32796594625778e-16,2.69046835298344e-17,1.38423645390008e-16,4.84372760485643e-09,1.74651026796927e-16,-2.87133406054129e-16,2.72994071020355e-08,-6.04052804749659e-07,-6.96196633515242e-18,4.22797445784216e-07,6.19078583976885e-08,-2.52345221305842e-16,-3.39194416162427e-16,-1.80001215609314e-16,-8.72440978532191e-18,9.48348636935197e-17,-1.03588229519008e-07,-3.04261697092941e-17,2.86308430222779e-16,5.00926550879882e-17,4.14312737018062e-08,1.0261309593767e-16,2.03128515171446e-16,-1.02548755737676e-17,-1.06673867580507e-16,-1.88522825714254e-08,4.37406113512324e-17,5.66991324916518e-09,7.13665579660851e-17,5.27353113066794e-17,4.64186396345175e-17,-8.28921720506653e-17,9.45685437787754e-17,2.49651977438598e-16,4.35983622510654e-17,-9.81621486393163e-08,-4.01648316545657e-17,-1.15636289378707e-16,4.12466284850048e-08,-1.30303693456604e-16,-5.88005533800118e-17,-1.64133960374767e-18,-3.21848746846974e-17,8.24078855541636e-18,-4.43536918434683e-17,-6.69269976804212e-06,-9.73890333898669e-17,-1.61296192481064e-17,8.88209861406859e-08,4.85643182927451e-17,-1.21001740160249e-18,-1.34838638400637e-16,7.06724441143099e-17,8.82903859803206e-17,1.63352400514107e-16,1.00500164049273e-16,-6.78451101438899e-17,-9.40572216795183e-17,-1.506811736984e-16,1.18673424798554e-16,-4.64752169342934e-08,1.54065394533231e-07,7.59654698284848e-17,8.86815087412374e-17,-3.51597053987145e-17,-1.5865425261207e-16,1.61071785249878e-17,-2.25604959238676e-17,3.20283459620905e-17,-2.31434670192608e-16,-1.33287987953573e-08,8.80434770179669e-17,7.99821683478782e-17,-4.9090166962945e-17,-1.04568668294995e-16,1.04475916366855e-06,-5.40436640309354e-17,-2.69877079918573e-09,-3.77205238277125e-17,-1.41295873207589e-16,-1.18061081085282e-16,-4.55926477267745e-17,7.33739752212055e-17,1.57012937937512e-16,1.84612386706493e-18,-2.88229916033609e-17,-6.71316918884959e-17,6.85944251221921e-17,2.46580349226686e-17,1.12272607141001e-16,1.62632543460092e-16,-2.90314682497273e-17,-1.31473657210633e-16,-1.19544842837203e-17,-3.87028816928331e-17,3.99455246931201e-17,-6.95907040004319e-17,-1.45804147864866e-16,-2.13181252164962e-16,-1.05967045842924e-17,-1.31250299024284e-16,-2.69214914989446e-17,3.89339017739732e-17,1.2775885364759e-09,2.274950227005e-17,-2.23364020010635e-16,4.00511431289988e-17,4.5053047381687e-17,-1.20792730124479e-16,-6.4798855835725e-17,2.98056878240443e-16,-1.05039320994547e-16,1.46276922980314e-16,-1.02973196289318e-17,-2.35902063942112e-16,-7.36885806594857e-17,-4.05525889623634e-17,2.77119180225821e-18,9.01060057721691e-17,-1.20020009500273e-16,1.10445533657249e-16,-1.63908866701107e-08,2.00074958927382e-16,-4.78235400280453e-17,-1.92866197798664e-17,-1.13458653980215e-17,8.04014770347506e-17,-3.47957834270963e-17,-2.00739976449417e-16,9.99734390246672e-17,3.51967609282982e-17,3.46193698568498e-09,1.54388839556805e-16,-8.00503683347779e-17,2.02121133274167e-17,-7.92826152333457e-17,7.37293743877363e-18,-4.94751270038612e-17,8.87880716223425e-18,-3.4502127901217e-17,1.15997090573046e-16,-3.37496666017736e-17,-8.60461590867079e-17,5.20765188913224e-17,3.64506740377551e-17,1.74126309638313e-08,-1.45723626753836e-16,4.56797619645774e-17,-6.67644814251526e-17,-3.02207803053178e-16,-3.19184877400888e-06,-6.25539950223432e-17,6.5147095894371e-17,-5.54237045762341e-17,1.50884818139301e-17,-3.77496310636445e-17,1.79518529345926e-17,-1.18237091347942e-17,7.86635808009322e-18,-1.95233539325707e-17,6.9787262047815e-17,3.8773689157833e-17,-6.62767897219352e-17,-4.47283925848278e-17,1.17339569854723e-17,9.47342001719873e-17,4.975576718146e-17,-1.9196381638655e-16
"t124",-0.00471451962284841,0.0463746245501933,0.059471671125818,0.0136985383599501,0.0268182603395868,-0.00423753973542357,0.00129160110227944,4.34711589376285e-05,0.000341779636502735,-0.000798138556956916,-0.000185468595414598,-0.000251257149204481,0.00391658662940207,0.0340522138217079,-0.00331068903350393,-0.000719138286698406,-0.0222867828587974,-0.00014816717444683,3.00228485251868e-05,8.64461875913728e-06,2.32758733599729e-05,-5.54157872943419e-05,0.000201098377513269,-0.000355857105035415,5.73787453832958e-05,-0.000217176314259398,0.000301315951450966,-0.00272678231885089,0.00220886673032827,-0.0199623193187441,0.000103263095894236,-0.00190984182118787,-0.00100577618760188,-7.11713446319177e-05,4.91894277949082e-05,0.000171666363607739,0.000667663480641678,-7.82068952281747e-05,-0.000726329693206271,-0.000293381272295124,-0.312424537088769,-0.00216854186278165,0.000903634520278351,-0.00106881161301971,0.0025868203130262,-0.000242788884966843,3.73355864806711e-05,-0.00050550105585964,0.00041008735410243,-0.000547010962056396,-0.000209638715532894,0.271319836169655,7.21297084797041e-06,-0.00032081597873623,9.68376292205022e-05,-0.000982126708955395,3.97250978361612e-05,-0.0585495100739468,-0.0038717710121132,-2.96650177926466e-05,-3.12543661902386e-05,3.86625643966163e-05,-0.00106551672170567,0.00165346749211303,-4.60470020440805e-05,0.000135422814330696,-7.31218637760191e-06,0.000373095491182302,-0.0209185860853106,8.77808071278362e-05,-1.55888647046412e-05,3.92733247456802e-05,-1.28020554709297e-05,-8.29619129219036e-05,3.4669453910102e-05,3.18596083154966e-07,-0.000291945939765561,0.00139827659402278,-0.00013796461105514,-0.000159929471303728,0.00354201914306134,0.00064974700745033,-7.99803497047597e-05,-0.000373030951830037,2.33430295199528e-05,0.000661284709245811,-9.78804532806142e-05,-1.5444960928819e-05,-3.43665937104272e-06,0.000130478447122884,-2.86071412649799e-05,7.28219988890572e-07,4.86493381359189e-05,-0.000467570749995726,-3.43558486264594e-06,-0.00017072715121126,-2.02093488818627e-05,0.000258970315157889,-0.0345438437214518,7.10528612839794e-05,-2.57953033550994e-06,2.19326850091794e-07,-5.82878533840138e-06,7.98317079012233e-06,-3.53525108014674e-06,5.64974956435505e-06,-0.000196244913299056,6.77112815970319e-06,-3.1423620894813e-05,1.21370550498526e-06,0.00302952282705976,5.55223201424693e-05,-1.71714785349931e-05,1.65114880019222e-05,-6.05294438430302e-07,1.77491243234738e-05,-3.47692356682981e-05,3.74386205217032e-05,-3.95333641571466e-05,0.00252254912720332,-4.40600069892117e-05,0.00194057231703962,-7.32899334309541e-05,-0.000201611487603846,9.23610176532154e-06,-9.88345318991834e-05,1.00817117148236e-05,-2.15354618508586e-05,0.000212090759999089,0.00134844441012036,5.81214860278892e-06,0.000126131252216501,-1.67974637070585e-05,-3.05527039201137e-05,1.34767265166698e-06,5.11129661836059e-05,-3.16882794066161e-07,-0.00545589482849033,4.86585312020997e-05,-0.000140263722465768,-8.91195420896624e-06,-0.000266408556345808,7.29909791276727e-05,4.61377280321097e-06,1.75669460852018e-06,-9.23769150729257e-07,-0.00130432510928496,6.43069815547501e-06,4.20272731917711e-07,-1.02500935040123e-06,-2.17636283848002e-05,-4.79324132255362e-06,-1.39232331953752e-05,3.84812036653061e-05,-0.000319694955617591,-9.74678705035804e-07,1.4640294254102e-05,-0.000125618223908299,-4.35612841480658e-06,-1.44337759750816e-06,-9.95129122759822e-05,0.000385119038800469,-7.34361423220316e-06,-0.000146739607725684,9.83403684539131e-05,-6.81019597220178e-05,9.65349161033999e-05,1.68183063122692e-06,8.40931849291942e-05,0.00514189954372089,-0.000187243079740299,-3.33620786368624e-05,4.47762037352406e-06,1.20818690480419e-05,3.32034964928815e-05,5.45740893005385e-06,3.10386022605865e-06,-0.000178517905038532,-0.000477545491232327,-0.00487116176829779,0.107618485702539,-0.0020311563558894,-0.00711755386603332,8.73565681643616e-07,0.0035837405883804,2.92595531643278e-06,0.000393257844674273,-4.79720401028655e-05,-0.000211443302938806,0.000224405835114931,3.38663640825855e-06,-4.80123027659897e-06,-1.75675387156144e-05,-2.77273592171622e-08,-0.000287877871415507,2.72207618627677e-06,4.77349397914385e-06,3.05969592162723e-06,-2.43466663250332e-06,-7.15687110554263e-07,-7.02914906551859e-07,-0.000195572536932811,1.31895075127219e-08,1.57836904874676e-06,2.38660838694524e-06,1.14216133078304e-05,-1.31457928882405e-06,-6.33790789749972e-06,7.09804726167772e-06,3.16872964373608e-08,1.51790351090177e-05,-4.39148336737494e-06,6.13374266981097e-06,4.31798178178503e-07,3.42691924359504e-08,9.85755519879578e-08,4.69870038199181e-08,1.0452817380654e-06,-1.40511128452993e-07,-1.01136396936809e-06,-0.000126644921768016,8.33670761726742e-06,2.25879378637318e-06,0.000533607076299207,-1.58723676569703e-06,-6.53046144612801e-07,-9.11089201504358e-06,-2.14829989099211e-05,-1.22906419628146e-06,-1.03145784665423e-06,3.15068279835159e-06,6.5955348251702e-07,3.72639203111351e-07,6.26123153430059e-07,-3.43875775963673e-08,-8.09832551985523e-08,-3.0494945447089e-06,-6.46596603724816e-17,-3.50562913735505e-07,5.02424351891327e-06,-2.54823005284398e-05,-2.71704727771326e-06,-3.14069062206175e-06,5.29941521964426e-07,-6.24064549223681e-07,3.24376702045959e-06,-5.2559888461803e-08,3.45881755753404e-09,-7.93017071331026e-07,8.10494392890032e-06,-1.68700249318957e-05,2.65288987528882e-05,-1.65726275261805e-06,9.0418904391415e-08,-5.93942915569991e-09,2.83568808213748e-07,-2.68598299836057e-07,4.22965047515821e-06,9.48134999034637e-07,-1.85288893212626e-07,8.62663906086038e-05,-8.77376171454192e-07,0.000161660583860024,-3.86705080719928e-06,3.76508298454937e-07,-1.28787939973193e-07,2.2507221346845e-08,1.09225048582172e-05,-3.41961309128456e-06,1.68099412947556e-07,1.95519412631283e-06,-1.45300056203e-07,1.75339355633733e-06,-2.09051720965628e-06,9.11390150287447e-05,-6.22861913291928e-06,4.85989358561531e-06,-3.54335949977148e-07,5.79556552333689e-06,-2.96736189820376e-07,1.14700303590093e-06,-3.82826885877656e-16,-2.81874543392675e-06,-9.65440530875049e-08,-1.26362250904203e-10,-1.09406356011287e-06,1.37512807029599e-07,-8.5089318342421e-08,-2.80661448523331e-07,3.17234296685763e-08,-1.34485150660871e-06,4.67278254414344e-06,1.7076847430221e-07,-1.0472668587846e-05,1.95139818701143e-06,-2.35839720662309e-06,7.48601581482283e-06,-1.13425569453058e-06,1.8486163796362e-06,6.55010404747914e-08,4.97762352709889e-08,2.6725566141675e-06,-1.66314776881744e-05,7.35124662231938e-08,-2.01681837198508e-06,0.000163815860990063,-0.00022001396874576,5.73172568137694e-07,5.17652755628041e-07,2.97092556907435e-06,-9.4118603264787e-07,-5.31378631011407e-07,6.13632611503317e-07,-7.51361827432704e-05,6.81433493280357e-08,6.35632788305048e-07,-1.22464318877128e-06,-7.73467044696552e-18,3.46479120311467e-09,2.07404337126455e-06,-1.87887466531202e-07,9.70296378508859e-07,1.2367982505909e-07,2.54562479612058e-07,6.05361635980631e-07,-0.000218640590220484,2.89825327826983e-06,1.82429719288622e-17,-2.18362134287862e-06,-1.9968926870071e-08,-7.31931334190498e-08,3.46837034382519e-07,5.31577038550291e-07,-3.51260921229422e-08,-1.29908990550372e-06,3.37448923609856e-07,-1.49550813657897e-06,1.8370720033558e-06,-2.65149123595489e-07,-6.11652470684467e-07,-7.36620154968909e-07,-4.22558709261422e-09,-5.60260619543801e-07,3.22209470261204e-07,-5.62929436272581e-07,3.29141490597261e-16,-1.09981586207873e-06,7.50906572990524e-08,2.16073373789322e-09,9.12630765751924e-09,-2.41063191426346e-07,1.65714625794543e-06,-1.35791560050316e-06,5.36997531923821e-06,3.5883266791308e-07,-1.29169566912161e-15,9.18531391946879e-07,4.09915653405514e-07,2.14463328841549e-06,-6.97098303013314e-16,-7.75216329929799e-06,-1.35808286073057e-05,2.31647463503697e-06,1.12307654766864e-05,6.91065744674196e-06,8.74159387104333e-06,0.0561070798936367,3.32674891448758e-06,2.40655669123384e-05,8.69967054112091e-07,2.7905150737688e-06,3.96276036580006e-06,-2.34266861107151e-17,-1.03353753231115e-06,3.22895220630232e-06,1.4359867508039e-05,-1.71296866333502e-06,-3.06938395611331e-16,-9.1715911323449e-05,2.28308024214708e-07,-5.30690071052133e-07,-3.5053108563201e-07,-1.15668423745495e-06,1.20455234693641e-06,-0.000947807786755925,1.77931096977121e-06,-4.47208061542021e-16,6.13344502472338e-06,-1.16754908727432e-06,3.22022194483871e-06,7.4183626072807e-06,-1.98938126030491e-05,-5.02377113310652e-09,2.68882138776405e-17,6.47805006284104e-16,-4.76019522240531e-09,-5.9778730676663e-07,7.86628397234862e-08,-7.8392402764434e-07,2.32072618811475e-15,-3.62250944048294e-07,-4.23001808390919e-09,1.1799789558376e-15,-1.13229866184279e-15,1.90767729117567e-15,8.76417067860368e-07,0.000165152318639388,-2.71559468033855e-06,2.10062381641944e-06,1.04570742928361e-06,4.88998311644179e-05,-9.07413410581391e-07,-1.21580176941097e-14,-1.94811674327037e-07,5.41415746702825e-07,2.64234034602818e-15,-8.92022943196063e-16,-3.25384044032095e-07,-1.73336285243073e-10,-1.87366202049017e-07,1.00799571941115e-06,1.79041144860537e-07,-6.67789019695502e-08,-4.50633639687765e-16,-2.23517694593265e-07,-7.9993950992989e-16,-7.51607625421913e-07,5.55652935772463e-15,-1.94543115617851e-07,-1.21677296234943e-15,7.89981814514721e-07,2.07593300924425e-07,8.51718800413437e-08,1.1234929514906e-06,5.58229411019318e-07,-6.59566326947499e-08,4.47096242165933e-07,0.155826493039765,-2.47083514679623e-05,-2.2283586246473e-08,3.68126766442782e-08,-1.42403822780755e-07,-2.32311471466711e-07,-1.66156589648824e-08,-5.21154866891042e-08,4.95484857699571e-16,2.96552510989946e-07,-6.93414439646293e-09,-1.23308764097608e-07,-1.82954915696635e-15,-3.4677788883504e-08,-1.94035578102653e-06,-0.000224935890278423,-1.38256171537264e-15,2.88825333066038e-06,5.62918246759603e-06,1.0099008399089e-14,0.880133107901985,4.33029441595701e-06,-7.97839326835707e-16,-7.2367979229365e-15,-1.28003932270218e-07,-6.76799523197136e-07,-3.61350958159343e-09,-4.69734901671533e-06,1.11107246086943e-06,3.24070535150625e-07,3.08613020856369e-07,2.56845867982889e-06,-5.40918948600653e-06,1.3487678313627e-15,1.09290291502336e-08,7.49615076698947e-09,2.04510856660578e-08,1.88893513193421e-06,-2.60469336612123e-16,-2.29800254312271e-17,6.10925616464624e-07,1.64718416840724e-17,-8.07359881109273e-16,2.67176936608609e-06,-8.80243901810473e-05,-5.87334381513702e-07,-3.87334448224587e-08,2.00359997589494e-05,0.000114673700582837,1.26655201654396e-07,1.92604383682029e-16,2.87955632159827e-07,1.33581829978701e-08,6.11631521727992e-08,-6.09027206078384e-07,2.36232262684511e-06,-1.05780557119681e-15,-1.45087104515046e-16,-5.45991636800416e-16,-2.02108354944122e-07,-9.6124629472693e-08,-5.59491878321791e-07,-1.56503166018356e-17,-7.30879684731865e-08,1.44859437176351e-16,-1.10989043529308e-16,2.29585497996691e-05,-2.47913093163492e-07,-1.08487979884331e-16,-6.21974657424105e-07,-3.2001540522796e-07,-2.5837549397618e-16,7.19205369677643e-07,4.2891617223759e-16,2.55223716698385e-07,1.41245245478266e-16,2.58897280699165e-07,0.000137414062750058,7.63887416990092e-08,7.30172144253227e-08,5.03731928935024e-07,-2.50890038507006e-07,6.872745443809e-07,1.32575287035334e-16,4.47535158915216e-06,-2.52362498088768e-07,7.42342513579777e-16,-3.32070346322983e-08,-1.73344907112381e-05,1.56472356195126e-07,-7.77863960546167e-16,1.13358047042211e-05,6.58123154577137e-07,2.4175093026405e-16,-1.64169548428332e-06,-3.62839468546066e-07,-1.88411185082464e-08,3.52374043519543e-16,2.93928958162766e-16,7.60179660034468e-06,1.02151726405505e-07,8.26011581480604e-09,-1.31402908541343e-07,5.97548499439554e-08,3.14084272030747e-17,-4.24551774686078e-17,2.1791039716764e-07,1.50183327848713e-09,5.39651454206647e-17,5.2559049167963e-07,5.69609627810731e-17,2.71478377887441e-07,-1.00176391908743e-07,-5.85225555540911e-08,-3.87736158207658e-07,-4.56317258963938e-16,1.43277740316484e-17,-1.9483642421536e-16,1.48072951709603e-16,-3.09905127929484e-08,-1.07451620805768e-07,-1.11556613430051e-16,-1.2629894465304e-16,-1.47510495054703e-16,1.51021771123136e-07,1.35634433927548e-09,-7.45655717904833e-08,-1.28196936882064e-16,-9.38714099399211e-16,4.30380828631699e-16,-7.20110403011172e-05,9.45336462379189e-08,1.04749691971683e-16,1.69820501121516e-08,-4.44138869267461e-07,-1.66974554220721e-16,-2.98021285706845e-17,-3.06513707652013e-07,-7.11997962614979e-08,-1.51686574242149e-07,-1.66831563460135e-16,4.35644258210339e-06,2.47929230174469e-07,2.65690517720437e-07,-2.41776796634444e-07,-6.50569375753626e-07,1.05808078062952e-08,3.22599680155306e-17,-3.74116425124882e-16,-2.12609504960872e-16,2.00233755793213e-07,-1.81282584376492e-07,-6.82894356046819e-08,-1.36707745530077e-06,-7.28711771747994e-17,-6.66382696011685e-17,6.4545707601878e-17,1.70217804230333e-16,-2.6383834217694e-16,2.55039062481687e-07,-3.20956193968853e-16,1.80536173776959e-16,-4.1245787297434e-08,-4.52036256983754e-17,-3.69199636425734e-08,7.60799871738468e-17,-4.57682065731225e-08,-3.39336029062581e-17,-5.53344366964483e-08,-6.92241878379125e-09,-6.3110985004242e-07,2.12728016612166e-15,2.21930305198392e-07,5.07675135587662e-17,3.14446234144157e-07,-5.5206693893737e-07,7.78062835448504e-08,8.47653830773655e-17,4.45268096237261e-07,3.57165194509391e-17,-1.09505255220396e-07,-1.3927080378293e-05,8.00479998555527e-17,1.33211775662223e-17,-7.50644498669514e-17,1.60723355462636e-16,-2.06901445730625e-09,-2.69371683606321e-08,-6.01347289505475e-09,4.14620571960871e-16,-1.67116001281135e-16,-6.34984904940922e-08,5.17943814268312e-07,-8.23513631295594e-17,-1.72641331949044e-16,-2.73414148413995e-08,-5.86159324474177e-17,-1.93743262849356e-07,2.09464447216359e-16,4.1187645335439e-05,2.45194619772075e-17,1.05768435269658e-16,6.37930543905531e-17,1.21505366644923e-16,-6.64343987500839e-18,-9.44681998720653e-17,3.50079978726686e-08,-2.4482779482599e-07,4.83184930322427e-18,-1.00803472907115e-05,6.17707222290721e-07,-1.05355866048984e-16,-2.26174959596802e-16,-4.68284967566832e-17,2.6578004165034e-17,6.08520430602136e-08,9.73089247074391e-09,-4.39196864368476e-17,-3.42161668529522e-17,-1.10723613743215e-07,-2.44270519949839e-05,-5.9590272064992e-09,-1.85241857294689e-16,-3.37048697033373e-18,-2.35078174652179e-17,-9.52640127064037e-17,-4.03852360882891e-17,-3.8440152141719e-17,2.32311416913198e-07,-2.1969166194367e-07,-4.22367688451301e-08,1.56711519991672e-17,-2.80538129890007e-17,-8.52760865877801e-17,-9.85322479443086e-17,8.68263022265382e-17,3.65308333817487e-17,-2.56061297738425e-16,8.45089610564819e-17,-5.20772764784139e-17,5.40368940624748e-18,1.02563380612006e-17,5.79487946392979e-17,1.04590153084292e-16,-3.10852832719756e-17,2.3102249085046e-08,4.67555718098395e-17,8.18160633648977e-17,4.08675647467104e-18,3.26882889196328e-07,-3.93671779556312e-09,-5.86127425042759e-18,-8.43509389665705e-09,2.98547980430481e-07,4.64624617227244e-17,1.26727341213553e-16,-1.45944566750277e-05,2.34977505183533e-16,7.33884904515352e-09,-5.31119325916375e-17,-2.60867181944759e-17,-4.77715586851939e-17,-1.02697903783507e-16,7.19096367691381e-09,-2.49737345178964e-05,3.0611772548993e-17,2.55716065380859e-16,-8.70092380541944e-18,-1.97456226175317e-16,2.30386185389592e-16,2.45676277884043e-16,2.19281274900339e-16,6.64280060844955e-17,1.17960462647417e-08,-1.53546692184517e-16,-8.07325379395621e-17,1.26742034985941e-16,1.75599591890973e-17,4.25685011732638e-18,2.23759105586972e-16,-2.32491916906463e-07,-4.1444141216347e-17,2.15546150048561e-16,3.89410143056575e-06,7.49167061416114e-17,-1.49934061069953e-16,1.16474318648396e-16,6.67366983136297e-17,1.442138955146e-07,-1.13502096405559e-16,-1.0641174192589e-07,-1.17382012528369e-16,1.78063233319991e-17,-7.32129309772232e-17,2.96091960476206e-16,-2.73707824813309e-18,-1.80320840801389e-16,3.84221671383602e-09,1.08845599307635e-16,3.33893171291846e-16,2.16635381388446e-08,-4.79357876023479e-07,2.0240289386753e-17,3.35635337703623e-07,4.91505471202245e-08,-1.93325471964534e-16,1.60765061029114e-16,1.98105020415743e-17,-5.81903035042879e-17,-1.62676952510942e-16,-8.23751755184431e-08,-1.16217156037322e-16,4.90856241377155e-16,1.62592845876552e-16,3.29607143005354e-08,-1.72461708538711e-16,2.02880316435551e-16,8.27348025653516e-17,3.0778588353847e-17,-1.50063199061492e-08,-1.10247815426326e-16,4.51399975992437e-09,-5.25031250591197e-17,3.02733484187295e-17,-2.49550865777638e-17,1.70540799036766e-16,-9.23518536447465e-18,-2.664560514179e-16,-4.08549246478782e-17,-7.82215862155019e-08,7.22144515192814e-17,8.31055219478588e-17,3.28753135624466e-08,5.59440038058459e-17,-4.70387650155519e-17,-7.4299994127668e-17,-7.97266158781889e-17,-4.40019948192228e-18,8.2107772397756e-17,-5.33819133234825e-06,1.25953718042837e-16,4.68205200745438e-17,7.08676752821078e-08,-7.65604508232295e-17,-2.49975885134573e-17,-4.11950339065734e-17,-4.72005088560293e-18,-8.2886332830039e-18,-7.53785903294226e-17,-6.35364608330969e-17,7.80858992884974e-17,-2.86689019655104e-17,9.86647205889934e-17,7.90839826477101e-17,-3.71254526890604e-08,1.23088588466219e-07,6.78209960533172e-17,1.83036845287988e-16,2.84006710463113e-17,1.38033576959377e-16,6.71866533762111e-17,-3.13959919933805e-17,-5.96645902371035e-17,1.59613522954134e-17,-1.06568709512136e-08,-1.33664007065943e-16,-6.93077602722443e-18,3.87028638002366e-17,1.34042768368013e-16,8.35857996283953e-07,1.38844086466553e-16,-2.16070742532935e-09,-7.09908521224197e-17,5.0162682604304e-17,4.27829048000733e-18,-5.39199435346302e-18,-5.50577337147216e-17,6.74544032465298e-17,5.3098099284161e-17,5.14374169952165e-17,8.78140688001962e-18,7.02650314538537e-17,3.45650703658304e-17,9.81892035577244e-18,-1.84951170319992e-16,4.91769087546559e-17,6.99538100595164e-17,-1.10187286212002e-16,4.20480944616372e-18,-3.23586481484057e-17,-1.0600543184384e-17,-1.30359894431367e-16,1.70287503716005e-16,-3.94648986322817e-17,-1.84996256912074e-17,-9.81983123909399e-18,2.58337030566482e-18,1.02560481653682e-09,1.90140191479488e-16,3.52974732842365e-16,7.5087546771497e-17,8.09642913150166e-18,-4.07211979967507e-17,-2.90782181430403e-17,-1.32858920205061e-16,-1.32160262346619e-16,8.20420313060724e-18,-1.40247269066147e-17,9.94281154804988e-17,2.0408491651384e-17,-1.65235309965638e-16,5.27926940189362e-17,4.1913361992585e-17,2.26266596345704e-16,-9.45973198581121e-18,-1.31818339564859e-08,4.4312232468411e-18,4.57576909582607e-17,-1.11455486641603e-16,-2.52947416781785e-17,2.67718271146769e-16,2.39724852473148e-17,1.1064062570779e-16,-1.70729598169854e-16,6.97407361741592e-18,2.78933711128445e-09,4.27096893037578e-16,1.70602673198537e-17,-9.72288002345639e-17,-7.77193510081317e-17,2.80944483130464e-17,-2.6535826702721e-17,-7.67953367698634e-17,2.26440173641771e-17,-2.69591239957542e-17,-3.40009844146024e-17,6.86068700546737e-17,-6.17339730791171e-17,2.59124180587716e-17,1.40558375206961e-08,1.77744346111188e-16,-9.51211051828545e-17,2.39487141824099e-16,-3.34273082304437e-16,-2.57876297890743e-06,6.87992600041847e-17,7.14363579595182e-17,1.14309594868646e-17,8.54330878620937e-17,-6.13634606903159e-17,-1.33443229279033e-16,2.87228175280077e-16,6.01846375271033e-17,-8.9239488100757e-17,1.10067306056229e-16,-1.5675371582483e-17,9.6935496990488e-17,-6.07602837381623e-17,-8.56854306413875e-17,-1.13956042982425e-16,3.65674548672063e-17,-2.63609381058203e-16
"t885",-0.00471728811505958,0.0464320269893151,0.0595476669562805,0.0137220019801613,0.0268745089489129,-0.00424796804884076,0.00129484209903129,4.35889218013227e-05,0.000342873246780256,-0.000801235624081369,-0.000186381799531484,-0.000252781655984705,0.00394104608771675,0.0342680943941562,-0.00333259334130532,-0.000724177291132583,-0.0224466787539488,-0.000149249474526639,3.02472350361677e-05,8.7148148845555e-06,2.34803289803243e-05,-5.60034761946366e-05,0.000203350842023449,-0.000359865807794062,5.80276624471489e-05,-0.000219749843532404,0.000304928872828762,-0.00275977200523028,0.00223630945036409,-0.0202553574883954,0.000104880003028923,-0.00194111313711803,-0.00102343954375666,-7.24808406463682e-05,5.01409548770283e-05,0.00017525406218728,0.000681795252121875,-7.98886989039473e-05,-0.000742055986505076,-0.000299828646916638,-0.319489096451914,-0.00221877403234518,0.000924880711448948,-0.00109397231346767,0.00264878682416444,-0.00024897920469132,3.83053028975294e-05,-0.000518744080860422,0.000421090098964334,-0.00056206418177149,-0.0002156017504978,0.279155134631218,7.42172977614038e-06,-0.000330275500933247,9.97968380243602e-05,-0.00101229922286744,4.10635893662859e-05,-0.060570485484307,-0.00400579560238887,-3.07524599203256e-05,-3.24488932608318e-05,4.01703567601644e-05,-0.00110774647527409,0.00171926427212012,-4.793424063603e-05,0.000141119027595592,-7.63728547920459e-06,0.000390088643742335,-0.0218819096081096,9.19033551444512e-05,-1.63969637640734e-05,4.14573216240944e-05,-1.35214749948452e-05,-8.7724625142159e-05,3.66650584652903e-05,3.3710250177088e-07,-0.000308965589408136,0.00148123699191944,-0.000146474538982831,-0.000169947102090465,0.00376969231706416,0.000691743095634898,-8.53594429497608e-05,-0.000398415654081882,2.50115748837499e-05,0.000709176412793733,-0.000105062772555464,-1.658068590507e-05,-3.68950894770989e-06,0.000140091594628965,-3.07252629753514e-05,7.84667795001085e-07,5.24359708008472e-05,-0.000504977120886052,-3.72336309056583e-06,-0.00018512537150656,-2.19142370318624e-05,0.000281193870514742,-0.0375269311619791,7.7334599021622e-05,-2.81192358367398e-06,2.39119194429501e-07,-6.35576763812427e-06,8.76631257944524e-06,-3.8841197913196e-06,6.20985715397773e-06,-0.000215859680460755,7.44944288071845e-06,-3.45842129239202e-05,1.33652118251589e-06,0.00333668563212484,6.12175278349871e-05,-1.89352787646632e-05,1.82592483994876e-05,-6.69772182566286e-07,1.96660057667841e-05,-3.85473490433047e-05,4.15752960352725e-05,-4.3971391769395e-05,0.00280911104308625,-4.90988465787163e-05,0.00216763596878764,-8.19915590429358e-05,-0.000225561885131739,1.03355940356552e-05,-0.000110775687910031,1.13012741279316e-05,-2.41736276830146e-05,0.000239010611451529,0.0015196641066562,6.55225292271721e-06,0.000142570576274116,-1.89966748190047e-05,-3.45658974394171e-05,1.52706261079093e-06,5.79291555842648e-05,-3.60327127326419e-07,-0.00622048302835688,5.56813132250093e-05,-0.000160524373028983,-1.02056898717747e-05,-0.000305180862172923,8.36571832277496e-05,5.28903260624009e-06,2.01380520929446e-06,-1.06047829245695e-06,-0.00150161574205044,7.42494839170346e-06,4.85604132490257e-07,-1.18625194957611e-06,-2.51904568830482e-05,-5.5513794116257e-06,-1.61312828876128e-05,4.46022176152679e-05,-0.000371957139814416,-1.13470634869945e-06,1.70513850414562e-05,-0.00014776417761511,-5.13661930315389e-06,-1.702628292753e-06,-0.000117631297622767,0.0004554326890299,-8.70774222705283e-06,-0.000174054508618006,0.000116954032819498,-8.1199890819803e-05,0.000115967454064452,2.02092281254281e-06,0.00010105504735587,0.00618542351629354,-0.000225516361132962,-4.01884567325193e-05,5.40681682725673e-06,1.46001725677773e-05,4.01903075032144e-05,6.60845264928437e-06,3.75928779239467e-06,-0.000217048720760427,-0.000582951041611003,-0.00595047228756353,0.131550862993469,-0.00248773339062082,-0.00872411012007068,1.07154276543151e-06,0.0043990229324204,3.60011993074528e-06,0.000484153259721222,-5.93636761362748e-05,-0.000261698168108425,0.000278222498912998,4.21900913021068e-06,-6.00539748793867e-06,-2.2004280128836e-05,-3.48026370931721e-08,-0.000361902615161556,3.43811484509282e-06,6.03532608929085e-06,3.87691444452878e-06,-3.08831390855002e-06,-9.15575155187372e-07,-8.99598542232294e-07,-0.000251209860813242,1.70029728075772e-08,2.05264295547134e-06,3.10387140216007e-06,1.4866362459264e-05,-1.71534850942968e-06,-8.28457709375826e-06,9.3215979156926e-06,4.18573297968378e-08,2.01460627615496e-05,-5.83709827477316e-06,8.20769224973318e-06,5.79974048406396e-07,4.6033588733763e-08,1.32806750675792e-07,6.37836496708362e-08,1.42102167033814e-06,-1.92530994765796e-07,-1.39346556534554e-06,-0.000174828543291077,1.16010563704583e-05,3.1493112517232e-06,0.000745555962637653,-2.23217832760285e-06,-9.19616385623321e-07,-1.28340901455899e-05,-3.04820574155891e-05,-1.75168267024355e-06,-1.47741024190146e-06,4.52319628550174e-06,9.49121799878354e-07,5.37441151164321e-07,9.03603191262218e-07,-4.9920952328408e-08,-1.18002021789289e-07,-4.46152889944077e-06,1.30604707161462e-17,-5.15910198538164e-07,7.40274208005539e-06,-3.78569095684614e-05,-4.06261379736175e-06,-4.72137784457075e-06,7.96915873994666e-07,-9.48021120486278e-07,4.93613419076294e-06,-8.00456100244734e-08,5.28775463394187e-09,-1.21550238086958e-06,1.24824842356347e-05,-2.60371958358337e-05,4.09808967306855e-05,-2.57255658123632e-06,1.43316044100825e-07,-9.48590555184417e-09,4.5580400837296e-07,-4.37924471572133e-07,6.9031368865331e-06,1.56328399740677e-06,-3.07280487034824e-07,0.000144267206948644,-1.47126564936974e-06,0.000271863927090701,-6.52922049018164e-06,6.39511134312236e-07,-2.18900292602658e-07,3.88524740950847e-08,1.88614694578481e-05,-5.90753190066852e-06,2.91646901093061e-07,3.39764538986502e-06,-2.53796617324224e-07,3.06561021865484e-06,-3.77428811740323e-06,0.000165147986113521,-1.13194937559462e-05,8.89190864423841e-06,-6.51863168253864e-07,1.07965031234851e-05,-5.54836556974655e-07,2.15099030741114e-06,-1.85556536708462e-16,-5.34048447838055e-06,-1.83165028365436e-07,-2.4080917790534e-10,-2.10741858500508e-06,2.67373941491587e-07,-1.66190251867615e-07,-5.49396636750602e-07,6.39703752284757e-08,-2.71724157899262e-06,9.44628288659971e-06,3.48364432532819e-07,-2.19393913154578e-05,4.10739121869687e-06,-4.9805163219264e-06,1.59848471381093e-05,-2.53142983381371e-06,4.20728677859726e-06,1.49247804493839e-07,1.13457233006051e-07,6.41362455365086e-06,-4.26135839564042e-05,1.90034817938772e-07,-5.28300455054095e-06,0.000436219083430291,-0.000588880593165823,1.6039898603069e-06,1.45367219298326e-06,8.39678820892278e-06,-2.67191797930307e-06,-1.5309969355707e-06,1.79785382225112e-06,-0.000223662661349513,2.0428282522883e-07,1.92879959560833e-06,-3.81640518382336e-06,7.58771623661504e-17,1.30351104461138e-08,7.9745314990581e-06,-7.47229808318572e-07,3.86282445567243e-06,4.92911686098672e-07,1.02322724086891e-06,2.47342525489873e-06,-0.000911313376461469,1.2599711443123e-05,3.41050879843345e-17,-1.05555555346154e-05,-9.79125822558581e-08,-3.70317212638248e-07,1.76152740840125e-06,2.93525417163658e-06,-2.03916107670171e-07,-8.1395650386395e-06,2.237930190317e-06,-1.13801936886032e-05,1.62269477303178e-05,-2.61511788329134e-06,-6.46143529535167e-06,-8.14348529998764e-06,-5.09557980861187e-08,-6.82473414467241e-06,4.20022139379232e-06,-7.76326195198149e-06,-1.093754901707e-15,-2.71426764656526e-05,2.22560807141382e-06,6.41690771985665e-08,6.4607636924333e-07,-2.16480904611717e-05,-6.32244540129241e-05,3.6577657338197e-05,-0.000136662528580696,-7.54578309222345e-06,4.28598697419216e-15,-1.60951349352701e-05,-6.76021716737723e-06,-2.89472811511125e-05,5.77687404674084e-15,8.72408026119021e-05,0.000147016836569751,-2.45900247879766e-05,-0.00011461013260719,-6.62107090017046e-05,-8.00550615640653e-05,-0.496596272274404,-2.67655744048132e-05,-0.000191541020516815,-6.51636471110657e-06,-1.89200893278557e-05,-2.67377063201693e-05,-7.92882915599906e-16,5.86580043840051e-06,-1.78255762130427e-05,-7.4745026629062e-05,8.19631405490619e-06,4.47606012866999e-16,0.000372386758815132,-7.87916853812365e-07,1.71259076005291e-06,1.09756236208563e-06,3.49597245722085e-06,-3.41731872259093e-06,0.00244004603379136,-3.69018377242568e-06,-3.92681879031418e-16,-1.07393794845617e-05,2.0159295370903e-06,-5.40201463135071e-06,-1.19651776121544e-05,3.19915073544465e-05,7.99096489914349e-09,1.0433277505828e-15,-1.93203873059897e-16,7.11827854542671e-09,8.48463897793123e-07,-1.10936559822384e-07,1.05632581043029e-06,-2.51769602948561e-15,4.43213815917057e-07,4.96451170398414e-09,-1.95427906365596e-16,3.32684905522313e-16,-8.30883300709559e-16,-9.06806944517564e-07,-0.000168224747454407,2.62225155445928e-06,-1.93999233681943e-06,-9.60752409138219e-07,-4.28722004791408e-05,7.91308048786327e-07,1.02035709226124e-14,1.54806485481836e-07,-4.16572354746075e-07,-4.79968022352419e-16,3.88457004778763e-16,2.21039513917702e-07,1.14309298443049e-10,1.18771397580982e-07,-6.22313450386602e-07,-1.05101467340214e-07,3.88836926351052e-08,2.89572360133145e-16,1.28712396856374e-07,1.34406170261917e-16,4.19219123002143e-07,-2.08743138334529e-15,1.05991771907893e-07,4.80936715508247e-16,-4.17754318764483e-07,-1.09118840111508e-07,-4.13384323536056e-08,-5.36097134152552e-07,-2.64484202617811e-07,3.02974804548959e-08,-1.99923283242545e-07,-0.0654445010684829,1.03713030612563e-05,9.17423220763575e-09,-1.46264486420366e-08,5.39350243308111e-08,8.44904724308253e-08,5.85193503023746e-09,1.80654588219188e-08,-1.06863164742323e-16,-9.78279345823252e-08,2.17967923984918e-09,3.36859755244337e-08,4.10308972625563e-16,9.08535256907084e-09,4.76690659857421e-07,5.37378561742655e-05,5.19422405259051e-16,-6.80079255013209e-07,-1.25027812283058e-06,-2.31712123776601e-15,-0.189839038166001,-7.76038094167425e-07,2.04158295013055e-16,1.62655018916548e-15,2.12270921109723e-08,1.11437233976766e-07,5.7520608768115e-10,7.1802140180402e-07,-1.54363914756112e-07,-4.46417095678719e-08,-4.19994769765321e-08,-3.04253925854199e-07,5.66175648120414e-07,3.11884307442611e-16,-1.08841240541023e-09,-7.40044780509366e-10,-1.95717545559849e-09,-1.73965053847267e-07,-1.87770089023961e-16,-3.43706478437e-19,-5.3283509118976e-08,2.72191109863981e-17,1.81347052846038e-16,-1.54848194988625e-07,4.67695018235173e-06,3.1147407803316e-08,1.65422331112388e-09,-8.28136955430547e-07,-4.70608060270896e-06,-4.95839166271209e-09,-1.24170125540657e-16,-5.65350791397627e-09,-2.08371710895567e-10,-8.73186997413919e-10,4.72508599879572e-09,9.1108255327467e-09,-3.08903857658538e-18,8.26069656274532e-17,3.48725645514198e-16,-4.03944020506261e-09,-2.57194980251963e-09,-1.52554673985067e-08,8.11408988605368e-17,-2.46173004041641e-09,-4.2084343059523e-16,-1.8499043796374e-16,1.3933675799939e-06,-1.51270881162888e-08,8.7657745645453e-17,-4.18965768225672e-08,-2.27235831220907e-08,8.75114292317495e-16,5.63618304665876e-08,-1.85502762800496e-16,2.22185208529711e-08,-2.14142676490138e-17,2.27380594816917e-08,1.2150608505697e-05,6.80597160344737e-09,6.57392179514136e-09,4.64090497265688e-08,-2.50684953618149e-08,7.59779188710567e-08,8.40445856606219e-17,5.52309310114857e-07,-3.14848790231562e-08,-1.48434795624975e-16,-4.20234822470473e-09,-2.24983307895394e-06,2.07619421778611e-08,5.02839645465312e-16,1.61443753611841e-06,9.49799829330662e-08,-9.5832458445767e-17,-2.41053075076622e-07,-5.37238941751378e-08,-2.87540249830066e-09,-1.07354072825504e-16,-1.90553865307017e-16,1.24042984072663e-06,1.71202530860753e-08,1.39180296859479e-09,-2.45965630635243e-08,1.13620557142328e-08,-7.2161980287834e-17,8.48117406459696e-17,4.18767412153414e-08,2.8899897639612e-10,-1.59312660534488e-16,1.02925606051717e-07,1.07172711902359e-17,5.40470757121846e-08,-2.03865373373015e-08,-1.19279922838214e-08,-7.95028322959635e-08,-1.92456748425719e-16,-7.33410950143539e-17,-1.77181163315943e-16,-5.67721965695839e-17,-6.69076263253054e-09,-2.3292800159437e-08,-2.11976492842029e-17,3.38997970787584e-17,2.12301716565211e-16,3.32146090093701e-08,3.00148477902619e-10,-1.67746092058848e-08,1.83926392745805e-17,-1.72791333108088e-16,-2.19483177292534e-17,-1.70806489620299e-05,2.24620705081908e-08,2.33551053524931e-16,4.11434067490809e-09,-1.08433600795691e-07,1.17677708719699e-16,1.83986138823954e-16,-7.61730408120011e-08,-1.7718976523466e-08,-3.81352173080499e-08,-1.64845199272225e-19,1.11362963245516e-06,6.39498157665462e-08,6.93799152893962e-08,-6.41805562895606e-08,-1.73445713547534e-07,2.84364840806226e-09,4.95030687712067e-17,3.43630829981225e-16,8.18913737160138e-17,5.62218810727002e-08,-5.0933663824422e-08,-1.92896287269446e-08,-3.96439599008791e-07,2.22501426421232e-17,-1.7693408118655e-16,-2.04257163104094e-17,-9.06555997611387e-18,5.32642088070133e-17,7.59295527648334e-08,-4.13023457851924e-17,3.22353908213413e-17,-1.24027650870504e-08,2.37748373754764e-16,-1.11078337269045e-08,4.80889988796628e-17,-1.37821620112241e-08,-8.99553110985734e-17,-1.69465138695838e-08,-2.12841643215795e-09,-1.95209359898288e-07,6.39841655494015e-16,6.91468578623717e-08,8.40318838329665e-17,9.95151902394481e-08,-1.78197187998784e-07,2.513560665222e-08,-5.44904153825088e-16,1.44968127026678e-07,-1.76665375959548e-16,-3.6085509212347e-08,-4.59211131264275e-06,-2.92989121154049e-16,1.00614309496282e-16,-2.7734577488435e-16,3.31636007310183e-17,-6.88897714765047e-10,-8.99188854807208e-09,-2.01328142093165e-09,2.30186856720739e-16,2.39971372953921e-18,-2.15562016162717e-08,1.75936441499557e-07,-1.39385632660316e-16,-1.80409486454807e-16,-9.4446158637226e-09,6.76131757627416e-19,-6.71608249865303e-08,-1.48995487685651e-16,1.44217559203683e-05,1.6846857050271e-16,-1.15840723009974e-16,3.21790543390316e-17,-9.33516801846201e-17,5.26272696244691e-17,3.54306987911e-16,1.25030467256809e-08,-8.7462032862392e-08,2.94963128897069e-17,-3.62539168167142e-06,2.22777770792504e-07,2.67861876462765e-16,3.41134148991841e-16,-1.51980678515646e-17,-4.28958217521557e-17,2.22075462236046e-08,3.56089270200653e-09,5.37613888922523e-17,1.43870128878641e-17,-4.06400565094439e-08,-8.96922150942011e-06,-2.19094123129263e-09,-8.53521598822448e-17,-1.18843941355313e-17,6.03465121138665e-17,-1.91082488539992e-16,6.9996158965092e-17,1.26535219957912e-16,8.72173203138849e-08,-8.2637164121134e-08,-1.59174410649889e-08,1.98733310596308e-17,4.77495486776073e-17,-4.04478211860047e-18,1.08688314437859e-16,-7.73059441801172e-17,-4.21742288250683e-16,4.3463235138541e-17,5.11910657896667e-17,7.53695350240495e-17,2.5305921072168e-17,3.92513635293003e-17,-6.74877422991231e-17,1.59914255557512e-16,7.69860593635591e-17,8.97856649594626e-09,1.58788305922961e-17,5.94931993640374e-16,1.09820106784678e-17,1.27542990677808e-07,-1.53741700046227e-09,1.48070308296483e-16,-3.29602665974626e-09,1.17217499566616e-07,-7.69879934171893e-17,-1.61367165692495e-16,-5.76401165774637e-06,-5.22739527405858e-17,2.91914137599885e-09,3.82369666951376e-17,-3.06130974257641e-17,3.80746060579683e-17,1.35978567671132e-16,2.89194832556317e-09,-1.0050946819003e-05,4.1963740149717e-17,-7.83299408796609e-17,-8.00067765307892e-18,-1.30892105352221e-17,-2.94157601922473e-17,-5.99808287068171e-17,-1.18368040299386e-16,-5.02013525858523e-17,4.92422585159198e-09,1.873114079664e-17,-2.07791296990631e-16,1.10086404657528e-16,1.75322356327954e-18,-1.46963725725153e-16,4.02663355917766e-16,-9.77855921927137e-08,-6.52372813060821e-17,3.46843755864969e-16,1.64009876107472e-06,-9.56924728711787e-17,1.88288550100962e-16,-3.79256427179735e-17,-1.91445166629155e-16,6.1707313455657e-08,6.67308682821903e-17,-4.56588712077122e-08,1.0323562395976e-16,-2.54792537955671e-16,2.74276311568519e-16,-3.74826134612996e-16,1.95203421917399e-17,-9.0535497047042e-17,1.65789305533983e-09,-3.73423624527119e-16,-6.75238632749237e-17,9.38762786052007e-09,-2.07768342186532e-07,2.0711632107205e-18,1.46005141290028e-07,2.14053457726015e-08,1.76827688606581e-16,-1.32776966714972e-15,-1.7300460973581e-16,-7.73794376967983e-17,2.38459245792368e-17,-3.6471347827913e-08,2.89634624338371e-17,6.41954811181504e-16,-6.59152224926304e-18,1.46539901132441e-08,2.57273421625863e-17,2.83843968878493e-16,-3.52805484059683e-16,4.44895777678731e-16,-6.70802113129097e-09,-3.432496367909e-16,2.02118060686585e-09,2.86945955759475e-17,1.66467361566351e-16,-8.57561303375906e-17,1.33083267294833e-16,-1.06643810865199e-17,-1.66345551366886e-16,3.23005417006944e-17,-3.53310023246479e-08,3.21907823185114e-16,-5.36182278529806e-17,1.48808339316399e-08,-2.65033871013543e-16,2.66918365492335e-16,3.21834694259368e-17,-1.23539366648702e-16,-1.02502123194853e-16,-4.60856693280899e-16,-2.43242082202055e-06,-1.77134190439904e-16,2.03603834144532e-16,3.23871316565646e-08,1.42366991124772e-16,3.92621756053942e-16,-2.54772841371652e-16,2.32580199603492e-16,-3.77135140306858e-17,1.55954128119205e-16,-2.69060467159418e-16,5.00315385917186e-17,1.11056261404397e-16,3.29283924663459e-16,1.26525790333932e-16,-1.71494087326107e-08,5.6930724484693e-08,-5.85314670767631e-17,2.20745466484944e-16,1.52088771712732e-16,2.09509693011354e-16,5.29097436436504e-16,1.25311424067576e-17,1.14372011108778e-16,-2.16976089132387e-16,-4.96149244589775e-09,2.9006332736304e-16,1.41424790847663e-17,-3.57104882321003e-16,1.19181246222618e-16,3.91297484823629e-07,-4.71852437033946e-16,-1.01773022902006e-09,-6.21291342188213e-16,6.53058180432905e-16,-2.15510653347382e-16,1.31981643064918e-16,-4.99403839731536e-16,-8.80435765048416e-16,-3.1880101127294e-16,4.13980736385841e-16,2.63057153821524e-16,9.17364819942299e-18,-9.60337411300333e-16,2.74409844065396e-16,5.49225512672965e-17,-1.8709940470562e-16,-4.57102197321755e-16,6.16257886523171e-16,-1.46452366278504e-16,-5.33985017092818e-16,-4.01376069313092e-16,-2.49818318822387e-16,-2.27059039972777e-16,-9.29527468736626e-17,1.34377223227689e-17,5.25852606527288e-16,-8.67064895842264e-18,4.93744650688092e-10,-2.52567924280035e-16,-2.80051214713608e-17,1.36949191807749e-16,-1.17147447548137e-15,-2.30203690049566e-16,7.69644234329814e-16,1.44887522401429e-15,1.31840151216137e-15,3.36477826440501e-16,2.34260069584682e-16,2.347026652888e-16,-8.63561813808658e-16,7.34217022799414e-16,-3.4426627932294e-16,1.92511644809599e-16,-1.75803476865068e-15,-2.06119448704021e-16,-6.4362295697395e-09,1.93069894735091e-16,-7.74627578822953e-16,-1.94738495238791e-15,-2.26708934824427e-15,1.48442722040072e-15,7.45474812431324e-16,0.707106781186549,5.01449719801007e-14,-1.45511423960678e-14,1.38121252662335e-09,8.32436770557156e-16,1.32881274039045e-14,-2.58965396645857e-15,3.50371681576205e-15,2.92977425016197e-15,-1.26337886204198e-15,1.23757349137506e-15,-6.51702942568779e-16,-9.38110563463589e-16,-1.46088277868736e-16,-3.3549251828783e-16,1.39610376924033e-16,-6.79205618370564e-16,7.05555264021419e-09,-1.24734623871094e-15,2.15132775345114e-16,-1.36386827831741e-16,-5.35595873207839e-17,-1.30247759683393e-06,2.64938490736112e-16,7.08557499811804e-16,3.76375239118076e-16,3.05592686161275e-16,3.50475835388651e-16,4.9638167278418e-16,3.38207953175629e-16,1.42943784952855e-16,-1.24749740316435e-16,3.65546984220936e-16,8.67658850700085e-17,-3.11328055090156e-16,-3.00031671123303e-17,-5.1722809175431e-17,-1.37366107276305e-17,4.0381580180517e-17,-2.80381875309231e-16
"t886",-0.00471728811505958,0.0464320269893151,0.0595476669562805,0.0137220019801613,0.0268745089489129,-0.00424796804884076,0.0012948420990313,4.35889218013214e-05,0.000342873246780244,-0.000801235624081365,-0.000186381799531486,-0.000252781655984711,0.00394104608771675,0.0342680943941562,-0.00333259334130531,-0.000724177291132584,-0.0224466787539488,-0.00014924947452663,3.02472350361861e-05,8.71481488455236e-06,2.34803289803206e-05,-5.60034761946423e-05,0.000203350842023481,-0.000359865807794042,5.80276624471314e-05,-0.000219749843532484,0.000304928872828768,-0.00275977200523024,0.0022363094503641,-0.0202553574883954,0.000104880003028974,-0.00194111313711802,-0.00102343954375667,-7.24808406463813e-05,5.01409548770463e-05,0.000175254062187278,0.000681795252121858,-7.98886989040503e-05,-0.000742055986505104,-0.000299828646916672,-0.319489096451914,-0.00221877403234517,0.000924880711448946,-0.00109397231346762,0.00264878682416443,-0.000248979204691359,3.83053028974733e-05,-0.000518744080860432,0.000421090098964313,-0.000562064181771489,-0.000215601750497734,0.279155134631218,7.42172977613354e-06,-0.000330275500933255,9.97968380243133e-05,-0.00101229922286741,4.10635893663211e-05,-0.060570485484307,-0.00400579560238887,-3.07524599203581e-05,-3.24488932608096e-05,4.0170356760143e-05,-0.0011077464752741,0.00171926427212009,-4.79342406360359e-05,0.000141119027595578,-7.63728547919405e-06,0.000390088643742291,-0.0218819096081096,9.19033551444149e-05,-1.63969637641062e-05,4.14573216241114e-05,-1.35214749948237e-05,-8.77246251421734e-05,3.66650584653034e-05,3.37102501795595e-07,-0.00030896558940811,0.00148123699191947,-0.00014647453898281,-0.000169947102090417,0.0037696923170642,0.000691743095634858,-8.53594429497027e-05,-0.000398415654081943,2.50115748837676e-05,0.000709176412793735,-0.000105062772555432,-1.65806859050613e-05,-3.68950894773523e-06,0.000140091594628925,-3.07252629753633e-05,7.8466779499691e-07,5.24359708008307e-05,-0.000504977120886115,-3.72336309055812e-06,-0.000185125371506555,-2.19142370318649e-05,0.000281193870514852,-0.037526931161979,7.73345990216566e-05,-2.81192358368119e-06,2.39119194413091e-07,-6.35576763813778e-06,8.76631257943791e-06,-3.88411979132422e-06,6.20985715395793e-06,-0.000215859680460728,7.44944288071286e-06,-3.45842129239246e-05,1.33652118245137e-06,0.00333668563212484,6.12175278349751e-05,-1.89352787646342e-05,1.82592483994864e-05,-6.69772182561685e-07,1.96660057667931e-05,-3.8547349043313e-05,4.15752960352751e-05,-4.39713917693806e-05,0.00280911104308621,-4.90988465786737e-05,0.00216763596878763,-8.1991559042942e-05,-0.000225561885131737,1.03355940355743e-05,-0.000110775687910036,1.13012741278695e-05,-2.41736276830089e-05,0.000239010611451555,0.00151966410665624,6.55225292274053e-06,0.000142570576274115,-1.89966748190079e-05,-3.45658974393787e-05,1.52706261077222e-06,5.79291555842382e-05,-3.60327127378469e-07,-0.00622048302835685,5.56813132249856e-05,-0.000160524373028982,-1.02056898717769e-05,-0.000305180862172941,8.36571832277687e-05,5.2890326062001e-06,2.01380520949313e-06,-1.06047829246795e-06,-0.00150161574205043,7.42494839168959e-06,4.85604132456489e-07,-1.18625194958302e-06,-2.51904568830673e-05,-5.5513794116347e-06,-1.61312828876082e-05,4.46022176152577e-05,-0.000371957139814431,-1.13470634871481e-06,1.70513850414229e-05,-0.000147764177615183,-5.13661930310341e-06,-1.70262829274439e-06,-0.000117631297622815,0.000455432689029898,-8.70774222704883e-06,-0.000174054508618003,0.000116954032819515,-8.11998908198157e-05,0.000115967454064461,2.02092281259094e-06,0.00010105504735587,0.00618542351629362,-0.000225516361132951,-4.01884567325267e-05,5.40681682724033e-06,1.46001725677801e-05,4.01903075032209e-05,6.60845264933204e-06,3.75928779236104e-06,-0.000217048720760458,-0.00058295104161102,-0.0059504722875636,0.131550862993469,-0.00248773339062079,-0.00872411012007069,1.07154276542492e-06,0.00439902293242036,3.60011993079938e-06,0.000484153259721198,-5.93636761362849e-05,-0.000261698168108421,0.000278222498913118,4.21900913017413e-06,-6.00539748790135e-06,-2.20042801288473e-05,-3.48026371193647e-08,-0.000361902615161477,3.43811484505905e-06,6.03532608929941e-06,3.87691444441545e-06,-3.08831390855501e-06,-9.15575155215738e-07,-8.99598542265348e-07,-0.000251209860813213,1.70029727986941e-08,2.05264295550472e-06,3.10387140215934e-06,1.48663624591872e-05,-1.71534850945119e-06,-8.2845770938052e-06,9.32159791564173e-06,4.18573298261525e-08,2.01460627614722e-05,-5.83709827480883e-06,8.20769224986338e-06,5.79974048466301e-07,4.60335886962679e-08,1.32806750618651e-07,6.37836496629048e-08,1.42102167033427e-06,-1.92530994717849e-07,-1.39346556535055e-06,-0.000174828543291054,1.1601056370293e-05,3.14931125188197e-06,0.000745555962637626,-2.23217832760509e-06,-9.19616385641346e-07,-1.28340901455909e-05,-3.04820574155786e-05,-1.75168267025859e-06,-1.47741024185124e-06,4.52319628551925e-06,9.49121799823612e-07,5.37441151223019e-07,9.03603191238305e-07,-4.99209523655867e-08,-1.18002021660733e-07,-4.46152889941482e-06,8.36849823970861e-17,-5.15910198610996e-07,7.40274208006493e-06,-3.78569095684224e-05,-4.0626137974642e-06,-4.72137784456191e-06,7.96915873972568e-07,-9.48021120423031e-07,4.93613419085632e-06,-8.00456100652222e-08,5.28775465774777e-09,-1.21550238084358e-06,1.24824842355891e-05,-2.60371958359091e-05,4.09808967307087e-05,-2.57255658120807e-06,1.43316044033821e-07,-9.48590559296931e-09,4.55804008380279e-07,-4.37924471572054e-07,6.90313688649493e-06,1.56328399742908e-06,-3.0728048704122e-07,0.000144267206948633,-1.4712656493484e-06,0.000271863927090754,-6.52922049020041e-06,6.39511134316794e-07,-2.18900292671952e-07,3.88524740681118e-08,1.88614694578765e-05,-5.9075319006885e-06,2.91646901165816e-07,3.3976453899522e-06,-2.53796617186505e-07,3.06561021867494e-06,-3.7742881173467e-06,0.000165147986113633,-1.1319493755959e-05,8.89190864435279e-06,-6.51863168220047e-07,1.07965031235224e-05,-5.54836556905444e-07,2.15099030753038e-06,-1.11799664989829e-17,-5.34048447836963e-06,-1.83165028422155e-07,-2.40809156491053e-10,-2.10741858500433e-06,2.67373941457023e-07,-1.66190251866628e-07,-5.49396636784309e-07,6.39703750783397e-08,-2.71724157898489e-06,9.44628288661035e-06,3.48364432533663e-07,-2.19393913154709e-05,4.10739121870707e-06,-4.98051632197886e-06,1.59848471381132e-05,-2.53142983379374e-06,4.20728677874322e-06,1.49247804605728e-07,1.13457232897702e-07,6.41362455362141e-06,-4.26135839563747e-05,1.90034817845618e-07,-5.28300455050674e-06,0.000436219083430274,-0.00058888059316586,1.60398986024636e-06,1.45367219307475e-06,8.39678820894002e-06,-2.6719179792952e-06,-1.53099693545974e-06,1.79785382228751e-06,-0.000223662661349626,2.04282825066135e-07,1.92879959548388e-06,-3.8164051838528e-06,6.71634723116728e-17,1.30351104323463e-08,7.97453149904511e-06,-7.47229808305142e-07,3.86282445565073e-06,4.92911686041161e-07,1.02322724095332e-06,2.47342525510029e-06,-0.000911313376461523,1.25997114431448e-05,2.80708712607671e-17,-1.05555555345848e-05,-9.79125821964433e-08,-3.70317212680834e-07,1.76152740842227e-06,2.93525417169266e-06,-2.03916107595886e-07,-8.13956503863742e-06,2.23793019032521e-06,-1.13801936886475e-05,1.62269477302872e-05,-2.6151178831239e-06,-6.46143529538984e-06,-8.1434853001184e-06,-5.09557984951102e-08,-6.82473414470928e-06,4.20022139376746e-06,-7.76326195189248e-06,-1.05479000934078e-15,-2.71426764656628e-05,2.2256080714646e-06,6.41690773424951e-08,6.4607636958069e-07,-2.16480904610282e-05,-6.32244540129973e-05,3.65776573381313e-05,-0.000136662528580711,-7.54578309187886e-06,4.47220289784004e-15,-1.60951349351571e-05,-6.76021716737938e-06,-2.89472811510963e-05,5.88198992681066e-15,8.72408026118746e-05,0.000147016836569782,-2.45900247880096e-05,-0.000114610132607202,-6.6210709001881e-05,-8.00550615638893e-05,-0.496596272274403,-2.67655744049293e-05,-0.000191541020516663,-6.51636471116203e-06,-1.89200893281343e-05,-2.67377063201901e-05,-6.76293662584162e-16,5.86580043833826e-06,-1.7825576212949e-05,-7.47450266290822e-05,8.19631405485882e-06,3.98203713502728e-16,0.000372386758815082,-7.87916853841483e-07,1.71259076015067e-06,1.09756236188204e-06,3.4959724571755e-06,-3.41731872274679e-06,0.00244004603379127,-3.69018377248171e-06,-1.14431650589858e-16,-1.07393794844318e-05,2.01592953737934e-06,-5.40201463139912e-06,-1.19651776119468e-05,3.19915073546262e-05,7.99096501001528e-09,9.48893741359313e-16,-1.35388123838396e-16,7.11827867700447e-09,8.48463897810813e-07,-1.10936559537038e-07,1.05632581041517e-06,-2.45390700198784e-15,4.4321381582437e-07,4.96451156569392e-09,-3.30451297932641e-16,2.76693892132014e-16,-7.10012440828521e-16,-9.06806944419277e-07,-0.000168224747454515,2.62225155448402e-06,-1.93999233691373e-06,-9.60752409283092e-07,-4.2872200479458e-05,7.91308048753235e-07,1.01469326616517e-14,1.54806485594732e-07,-4.16572354711136e-07,-4.75837234145561e-16,4.43640679647466e-16,2.21039513966522e-07,1.14309227908592e-10,1.1877139759915e-07,-6.22313450454254e-07,-1.05101466590129e-07,3.8883692591e-08,1.0227643483627e-16,1.28712396329112e-07,1.84964413801919e-16,4.19219123433318e-07,-2.11079594016235e-15,1.05991772142073e-07,3.69115211749183e-16,-4.17754318948043e-07,-1.09118839975681e-07,-4.13384322353555e-08,-5.36097134423708e-07,-2.64484202726525e-07,3.02974800275007e-08,-1.99923283286662e-07,-0.0654445010684837,1.03713030610772e-05,9.17423209812012e-09,-1.46264484440556e-08,5.39350243285442e-08,8.44904726685026e-08,5.85193490245264e-09,1.80654589465131e-08,-1.82940282751154e-16,-9.78279344898418e-08,2.17967938516428e-09,3.36859757214497e-08,4.26907103390986e-16,9.0853523742936e-09,4.76690659602815e-07,5.37378561744214e-05,4.26154752019755e-16,-6.80079254990556e-07,-1.25027812280786e-06,-2.27583231204085e-15,-0.189839038166,-7.76038094157175e-07,4.39282267112094e-16,1.68534117945446e-15,2.12270922248481e-08,1.11437234168353e-07,5.75206067387229e-10,7.18021401880047e-07,-1.54363914965151e-07,-4.46417095560144e-08,-4.19994770138793e-08,-3.04253925762568e-07,5.66175648186034e-07,3.70451553547563e-16,-1.08841244353478e-09,-7.40044718005823e-10,-1.95717529242509e-09,-1.73965053805944e-07,1.03838430086053e-16,1.65408175250128e-17,-5.32835093480618e-08,3.11052859143106e-17,1.78086874502215e-16,-1.54848194873655e-07,4.67695018235891e-06,3.1147407847126e-08,1.65422334089395e-09,-8.28136955401403e-07,-4.70608060271643e-06,-4.95839129271412e-09,-8.66343555081375e-17,-5.65350801845459e-09,-2.08371771058974e-10,-8.73186978183541e-10,4.72508602568371e-09,9.11082560059161e-09,2.1365750160616e-16,-1.07139906353774e-16,6.73918567707975e-17,-4.03944011308458e-09,-2.57194975190437e-09,-1.52554671458651e-08,-1.05764488679908e-16,-2.46173020147002e-09,1.41384810059537e-17,1.51199581602995e-16,1.39336758005128e-06,-1.51270882122373e-08,3.30532584809362e-16,-4.18965765436588e-08,-2.27235831431785e-08,9.18916060085882e-16,5.63618303499478e-08,8.87490825496801e-17,2.22185210120845e-08,2.37774388240549e-16,2.27380594786407e-08,1.21506085055473e-05,6.8059716974096e-09,6.57392196200623e-09,4.64090500419785e-08,-2.50684954330877e-08,7.59779191191612e-08,6.18064541185032e-18,5.52309310074529e-07,-3.14848790584235e-08,-1.75735638821716e-16,-4.20234715748528e-09,-2.24983307901236e-06,2.07619429115685e-08,-1.48015188584713e-18,1.6144375363139e-06,9.49799827111304e-08,-1.60494891029277e-16,-2.41053075250837e-07,-5.37238942754901e-08,-2.87540239589142e-09,-1.08604819677013e-16,-2.91015284519369e-17,1.24042984079902e-06,1.71202529369185e-08,1.39180304061422e-09,-2.45965631487428e-08,1.13620558119848e-08,-3.39656660957983e-17,4.74843334560382e-17,4.1876740848926e-08,2.8899891138199e-10,1.48001797835645e-16,1.02925605889026e-07,-2.57098783489308e-17,5.40470757331031e-08,-2.03865373233555e-08,-1.19279921939392e-08,-7.95028324201758e-08,-1.66528788995811e-16,2.5835948804595e-17,2.85572883468836e-16,-2.90806439499017e-17,-6.69076261570425e-09,-2.32928001328881e-08,3.32467429400442e-17,5.33030289626641e-17,4.7995734646908e-16,3.32146092031137e-08,3.00147778309526e-10,-1.67746093414473e-08,-2.69886765234502e-17,1.56040409543187e-17,2.68699179659798e-16,-1.70806489619272e-05,2.24620708315626e-08,2.82361855499153e-16,4.11434054809380e-09,-1.08433600778615e-07,-6.5048775808239e-18,9.88375263793493e-17,-7.61730407196127e-08,-1.77189764856219e-08,-3.81352172000621e-08,1.34492676070607e-16,1.11362963259922e-06,6.39498153911658e-08,6.93799156763133e-08,-6.41805559550055e-08,-1.73445713654589e-07,2.84364837640531e-09,-2.42898895635554e-17,1.49548673340371e-16,-1.13334933816011e-16,5.62218811236594e-08,-5.09336637748131e-08,-1.92896291343336e-08,-3.96439598894716e-07,-3.52441657839395e-16,1.45646748427208e-16,3.44838556707497e-17,1.01837894139678e-16,1.50635794909203e-16,7.59295527791586e-08,3.17623566052085e-17,-2.68220531433167e-17,-1.2402765133283e-08,-1.77940402103328e-16,-1.11078335566634e-08,1.07343061818109e-18,-1.37821623538673e-08,1.34755606859961e-16,-1.6946513534623e-08,-2.1284164178785e-09,-1.95209359865007e-07,6.53394502389511e-16,6.91468575940389e-08,-1.3937608674577e-16,9.9515190455148e-08,-1.78197187980455e-07,2.5135606605883e-08,4.39285411636602e-16,1.44968127150122e-07,1.07580050858689e-16,-3.60855092339924e-08,-4.59211131268879e-06,9.66949303335193e-17,-1.13939894793653e-16,2.55032779382086e-16,-1.16421944103425e-16,-6.88897607012410e-10,-8.99188836612198e-09,-2.01328105528519e-09,-4.48641313515955e-16,-3.52129068589533e-17,-2.15562019130183e-08,1.75936441433258e-07,1.58407302800503e-16,2.27681882758e-16,-9.44461583123804e-09,3.29364707372885e-17,-6.71608249116084e-08,-5.38593847010236e-17,1.4421755920521e-05,-2.00572403520332e-16,1.18542813139154e-16,-6.17253112866292e-17,-6.34841732365089e-17,1.03251567228341e-17,-6.23519069751741e-17,1.25030464377186e-08,-8.74620329555918e-08,1.12452778906727e-17,-3.62539168165521e-06,2.22777770723505e-07,-2.11832702581594e-16,1.18135175183941e-16,-6.75134535780147e-18,1.12079278881668e-16,2.22075466326119e-08,3.56089225932519e-09,-2.77233927646227e-16,-1.95953858658938e-17,-4.06400564949105e-08,-8.96922150961167e-06,-2.19094112196302e-09,1.32216455639496e-16,9.24358921526311e-17,-7.92322702394556e-18,1.74531201153313e-16,8.42260371153149e-17,-2.24027291443339e-16,8.72173202600925e-08,-8.26371643446102e-08,-1.59174410909174e-08,-8.44213390658597e-18,1.5456097370666e-16,9.0169249134454e-17,-8.5673501136086e-17,-1.26390641234531e-16,4.20689397296678e-16,1.86984723806245e-16,-1.01091539934729e-16,-1.11366814530595e-17,8.28013275666043e-18,2.95376238837276e-16,-1.07960273824504e-17,-9.89977555142947e-17,-1.14626843421392e-16,8.9785671641741e-09,-4.14800417916214e-17,-3.89957247180589e-16,4.56534779796748e-17,1.27542990891897e-07,-1.53741662634328e-09,-1.45377159476674e-17,-3.29602662591956e-09,1.17217499676229e-07,5.79547656904088e-17,3.1826838494769e-16,-5.7640116578723e-06,-2.16213418758765e-16,2.91914105608171e-09,-1.33863516531527e-17,5.409806426341e-17,3.51836452617977e-17,6.01649397490841e-17,2.89194886664348e-09,-1.00509468190288e-05,-1.99996377894503e-16,-3.07215678255852e-17,4.02203753912295e-18,9.53310067210355e-17,-7.98311612128233e-17,-3.77171017017469e-17,6.84249188907434e-17,1.11557523280916e-16,4.92422571797092e-09,9.93312881363101e-17,1.63288643405157e-16,-1.60903882693734e-16,-1.49195128707377e-16,1.33765571019988e-16,-5.46169399069343e-16,-9.77855923001615e-08,1.10220558088757e-16,-6.14807173454649e-16,1.64009876109077e-06,7.2817416209946e-17,-2.40252835226877e-16,-2.53061129183395e-17,2.74036932771734e-17,6.17073135256965e-08,-2.81478027479198e-17,-4.56588710187798e-08,-1.92124783871457e-16,1.50879151001123e-16,-3.32234730725136e-16,6.25692385527115e-17,8.5910587410207e-18,-5.28458095474438e-17,1.65789265873879e-09,-1.3321130825359e-16,-9.39434149836502e-17,9.38762839611697e-09,-2.07768342274352e-07,-4.5850361722089e-17,1.46005141358746e-07,2.14053459397812e-08,-1.53280890269219e-17,1.12590174919885e-15,2.31241261412113e-16,1.2800138212588e-16,1.14775035944617e-16,-3.64713478530615e-08,-4.12854001190961e-17,-9.04971295993658e-16,-9.33957686562371e-17,1.46539900768022e-08,-3.78305279207618e-17,-2.98292038478388e-16,1.96174897196252e-16,-4.52477272351043e-16,-6.7080212301681e-09,3.20974438834901e-16,2.02118103536965e-09,1.39977429187583e-17,-1.38413672094593e-16,2.07581957941533e-16,-1.87100069689845e-16,2.62142226009247e-17,2.68948331468183e-16,-7.18024797091552e-17,-3.5331002321043e-08,-4.61526913950848e-16,8.79240470861989e-17,1.48808338883328e-08,1.54684252911053e-16,-2.16287757124624e-16,-8.45631178797564e-18,8.72813339146207e-17,1.02760589561013e-16,3.17211600354377e-16,-2.43242082229177e-06,1.17623965253477e-16,-2.20175797217473e-16,3.2387131290931e-08,-2.14725688405311e-16,-3.73595517027059e-16,2.79956486151859e-16,-1.6414688756117e-16,-1.13553290454659e-16,-5.61123718752262e-17,2.88934758618948e-16,-1.23276588227857e-16,-9.87870766454804e-17,-3.63623695270351e-16,-1.78320951754811e-16,-1.71494083076984e-08,5.69307233562284e-08,5.64892805445554e-17,-2.96148800550327e-16,-1.19726261521173e-16,-3.30759403107106e-16,-1.2166103628003e-16,6.78065035948351e-17,-1.6594750517883e-17,4.25748952860806e-16,-4.96149272716351e-09,-2.88942464712789e-16,-3.95638989202888e-17,2.76499246681561e-16,-3.75549576128626e-16,3.91297484757522e-07,4.70770612512129e-16,-1.01772867655107e-09,6.10824856563599e-16,-5.23470592785401e-16,1.97124911035751e-16,-1.4858475216328e-16,4.11513884240345e-16,7.50185400249622e-16,2.85705433043059e-16,-4.81751680872012e-16,-2.93111484455333e-16,-7.41701297268877e-17,9.56195791554875e-16,-3.1009462494566e-16,-3.70108382327897e-17,1.29114853751143e-16,4.04338531729169e-16,-4.17124225350741e-16,1.67575821250212e-16,5.9392968547511e-16,3.9119153752798e-16,2.30976068539443e-16,6.17819055463709e-16,9.48275207148402e-17,-9.13504176479554e-17,-5.37998663274389e-16,4.85246602302784e-17,4.93744702881468e-10,1.43543989609256e-16,-2.38851532159156e-17,-9.84473033414214e-17,8.55229849240431e-16,3.13945708292647e-16,-7.40822932653799e-16,-1.36185288397301e-15,-1.16810944531895e-15,-3.83352406554286e-16,-2.51710371367956e-16,-5.76483847637699e-16,9.35712136514064e-16,-6.64017812603869e-16,2.67815198373922e-16,-1.28339957210349e-16,1.68652429417039e-15,1.18511486447092e-16,-6.43622964351988e-09,-2.58911794748737e-16,7.03802762438049e-16,2.00688005496857e-15,2.27309568599555e-15,-1.64252649120414e-15,-7.87607368118043e-16,-0.707106781186549,-5.02311239751691e-14,1.44803526516994e-14,1.38121319182823e-09,-5.02432944206997e-16,-1.32897119577152e-14,2.59352074819855e-15,-3.38511043761129e-15,-2.93299847022383e-15,1.33723540810646e-15,-1.07751655582079e-15,6.31193091079765e-16,8.86283864763645e-16,6.12449232705252e-17,3.71142959308439e-16,-1.33275112071013e-16,5.74522398677975e-16,7.05555269410878e-09,1.32678162910629e-15,-2.31128441447366e-16,2.09482611649231e-17,-4.90330432506569e-16,-1.30247759774852e-06,-2.66758550989824e-16,-8.34599230200354e-16,-2.24306244708179e-16,-3.50708648080426e-16,-1.83870600563822e-16,-2.63059766479669e-16,-1.82809623494964e-17,-7.44191774508163e-17,1.11395021301815e-16,-5.73369623885766e-16,3.53516560525728e-17,5.37490097339442e-16,-1.37093201421026e-17,-6.55941443824338e-17,-4.92807183221084e-18,9.1988007862613e-17,-1.46904860306911e-16
"t43",-0.00482153314521194,0.0489317820595297,0.0628884391505785,0.0148692160522215,0.0299173653186317,-0.00487334793593777,0.00149200923216132,5.12034462279809e-05,0.000426179183918642,-0.00111138842244838,-0.000359535546859348,0.0037994377017153,-0.0128187378084404,-0.0689478074394273,0.00175542844009794,-0.000212809316262985,-0.0120337866129567,-0.000106779936866543,2.89993412999432e-05,2.56626023442848e-05,-9.52690322033101e-05,1.30396949003048e-05,-1.95049849361297e-05,3.04711693355757e-05,-4.47874289308953e-06,5.02069385715804e-07,4.03615466184346e-06,-6.70000813038674e-05,0.000119826013270558,-0.00321954245505764,1.84291685563505e-05,-0.000352706446461259,-0.000187050861823037,-1.29063356023939e-05,8.42881397723408e-06,2.48437626292841e-05,9.27261649444757e-05,-1.02384083986205e-05,-9.24268161695315e-05,-3.48367311288032e-05,-0.0313095085651867,-0.000177758508264438,6.26405589203747e-05,-7.29216522270194e-05,0.000133915081735265,6.43571608933208e-06,-2.20188902618127e-06,3.87081045234493e-05,-5.70137487171615e-05,0.000144109041656611,-0.000158248392218024,0.00882529785572471,2.65553648239989e-08,4.7231025816003e-05,-3.30218069456681e-05,0.000364502151776282,-6.46020002975081e-05,0.197458299418208,0.0148481039510732,-6.36159876493814e-05,-2.4809614399332e-05,1.88795069479986e-05,-0.000302266525468185,0.000388406477771341,5.83418235521169e-06,-6.90134388239382e-05,1.73242707104282e-05,-0.0021967098926714,0.263037058877267,0.00154525300566004,-3.06422829418886e-05,5.44792730257449e-05,-1.71892283639974e-05,-0.000106969595786708,4.46718755780073e-05,4.16416284568077e-07,-0.000388573773783949,0.0676543786049278,-0.000112387164020341,-0.000127822254827583,0.000998165192500103,0.000499729795362483,-5.38675688292851e-05,-0.000242322542207076,1.28519142192278e-05,0.000346591504920114,-4.86933768931963e-05,-7.61693246018366e-06,-1.69097478224158e-06,6.3831491318651e-05,-1.37047443932903e-05,2.78411724148955e-07,1.81590438652178e-05,-0.000145312052388324,-6.56988848367584e-07,-2.91211307433616e-05,-3.42705161015806e-06,2.84483873527931e-05,-0.00287543143335364,-7.3158426726104e-06,-1.81435008636175e-06,1.13929814392428e-07,-2.34304633369567e-06,-1.65491676478281e-06,8.24604112064195e-07,-1.43238240362259e-06,5.67480835337768e-05,-2.02257786343376e-06,9.86849047022101e-06,-3.77752918494776e-07,-0.000364938395151341,-2.44236601566916e-05,7.66649755726758e-06,-1.03946571080136e-05,4.09383614273715e-07,-1.40654931963936e-05,2.96595563243479e-05,-4.01459799256704e-05,6.10203922275126e-05,-0.0266276880438576,-1.11354774464145e-05,-0.00207315288205058,9.92344136952554e-05,0.00027505507749379,-1.29567465032408e-05,0.000166361684789885,-1.72147692330598e-05,4.25136031142448e-05,-0.000316131419025428,-0.00408481411091213,-1.82268843692663e-05,-0.000549942153223405,7.87406594553015e-05,0.000151259675024423,-8.5454309183243e-06,-0.000336671954358813,4.61815558883196e-06,0.594974289840887,0.000779289658698529,-0.00218178901172928,-0.000118454685991738,-0.00330419278061339,0.000820248501118714,5.01160683641743e-05,1.90732693433348e-05,-8.30110410467869e-06,-0.130252114267168,2.37301883156974e-05,1.52435592191297e-06,-3.48544851537597e-06,-7.35818807984827e-05,-1.57599105932968e-05,-4.50269431962971e-05,0.000122124679332834,-0.0108275244016852,-2.46101801230214e-06,3.67150577756535e-05,-0.000220515948213392,-7.0457578942314e-06,-2.30635899878409e-06,-0.000151982225799823,0.00583890283300515,-9.71168140588928e-06,-0.000191958072119767,0.000117385624623155,-7.39930765381065e-05,7.55883341710395e-05,1.29452703307609e-06,6.44182667875768e-05,0.00191937082606814,-0.000134758896553477,-2.37177096486955e-05,2.74336284852666e-06,7.05670467813505e-06,1.73644970661339e-05,2.7724720626038e-06,1.55305176678942e-06,-6.39948344828616e-05,-9.97904428057921e-05,-0.000890056691666387,0.0169523466318611,-0.000165661249042194,-0.000850721586888266,2.15762935672895e-08,-1.22282392266743e-05,-2.88345624699497e-07,-4.82064798641245e-05,1.62878580061329e-05,7.33770291389598e-05,-9.51898782787003e-05,-2.20275715938616e-06,4.11271300516098e-06,1.63784534188633e-05,2.91075924436245e-08,9.06753741489781e-05,-3.91975470101106e-06,-7.20716634634426e-06,-5.09395175001674e-06,4.25189939297303e-06,1.77776023244676e-06,1.77446095286053e-06,0.00057063905176285,-4.4386141185269e-08,-7.56967034345357e-06,-1.14653659772345e-05,-5.6780249241097e-05,7.27361500806872e-06,3.78676105567089e-05,-5.26729141061566e-05,-3.19217673035448e-07,-0.000205287364764442,6.59166579152197e-05,-0.000169757640727267,-2.07827275855472e-05,-1.68106662416632e-06,-1.08117340543522e-05,2.73363849677698e-06,0.000444235337303633,-3.06853154536363e-06,-1.6473796737015e-05,-0.00189627855649912,8.87740410663845e-05,2.08125161477435e-05,0.00215452449050514,-1.73613913507546e-05,-6.83310685821839e-06,-9.44250998010321e-05,-0.00181721594927002,-1.00539390465207e-05,-7.92475274572733e-06,2.35728919813582e-05,4.80743244244334e-06,2.65360329757351e-06,4.43024161802036e-06,-2.30193052733623e-07,-5.25281099269323e-07,-1.91587845595664e-05,8.70318862691618e-17,-2.11153174245915e-06,3.00222326520628e-05,-0.000144646710337916,-1.48827563103656e-05,-1.67422758966374e-05,2.82055588932872e-06,-3.17327801633571e-06,1.63765698348292e-05,-2.64495120441753e-07,1.71443452283773e-08,-3.89213433381115e-06,3.90934646284543e-05,-3.05775331785748e-05,0.000126684571775276,-7.78693872548172e-06,4.0056088614741e-07,-2.58418210581342e-08,1.21669979772005e-06,-1.12240546707756e-06,1.76459963523577e-05,3.90681320838057e-06,-7.63660191836481e-07,0.00297333215786616,-3.19715008266075e-06,0.000612244432993503,-1.48028967158436e-05,1.44216215126521e-06,-4.93152981279012e-07,8.51601171162859e-08,4.13143669799243e-05,-1.29301549655371e-05,6.33309855416133e-07,6.47106524970563e-05,-5.44361249519753e-07,6.56420634726089e-06,-8.11937470735554e-06,0.0028702363911322,-2.01742042406239e-05,1.68497205078183e-05,-1.2369462323701e-06,2.02307643281184e-05,-1.03459211516835e-06,3.99473799138696e-06,-1.27079004858674e-16,-9.7747198820309e-06,-3.34588447015482e-07,-4.37051346026962e-10,-3.76589316068244e-06,4.7139565930542e-07,-2.91128492987836e-07,-9.59366657972539e-07,1.07211386135587e-07,-4.54191630500144e-06,1.57783261535622e-05,5.74889790633754e-07,-1.36983242540629e-05,6.5109798092229e-06,-7.86236013826775e-06,2.48917094949526e-05,-3.74114246823719e-06,6.08206071394573e-06,2.15474447724827e-07,1.63739324553268e-07,8.75842277932759e-06,-5.44938226220633e-05,2.40884823650551e-07,-6.60416921217907e-06,0.00022683641728054,-0.000734602400513746,1.90781248493143e-06,1.72462234282709e-06,9.91768430916337e-06,-3.14697695802244e-06,-1.79042412798856e-06,2.11259997744494e-06,-0.00208468226532769,2.07181042442651e-07,2.05471756469786e-06,-4.05893759406935e-06,5.44593196227434e-17,1.27820872288116e-08,7.88713052454763e-06,-7.80485544418395e-07,4.04796939888409e-06,5.18419115139039e-07,1.11634605259293e-06,3.13175311551246e-06,-0.00636131174454391,7.23581804296116e-06,2.85838334372211e-16,-7.170577024873e-06,-6.63415722977272e-08,-2.48560351262564e-07,1.18069892805121e-06,1.89420914961145e-06,-1.28201297974102e-07,-4.90980682691514e-06,1.30854775117789e-06,-6.17823851238406e-06,8.15880979009181e-06,-1.24621813829094e-06,-2.98233304377223e-06,-3.68232241536199e-06,-2.2185244975847e-08,-2.958665100998e-06,1.77043092932496e-06,-3.19946240496246e-06,3.45515083913431e-16,-9.24776232508517e-06,7.24638809890092e-07,2.08833328732328e-08,1.8214036038758e-07,-5.9590201809593e-06,-1.21651674132238e-05,6.15492145419005e-06,-2.23408341633522e-05,-1.0958498691331e-06,5.56690284860127e-17,-1.99948940811323e-06,-7.86634196526296e-07,-2.51053224856527e-06,1.08236671627193e-15,4.73122683632355e-06,6.83670612485903e-06,-1.04474906609723e-06,-3.91595187738681e-06,-1.33441101882397e-06,-7.66500469602519e-07,-0.000627920643003209,6.29651068017785e-07,5.07233131807832e-06,2.84772388300852e-07,1.4057043988878e-06,2.02857175847853e-06,-1.2746568659942e-16,-8.03551946326912e-07,2.6341000351433e-06,1.28328015377972e-05,-1.70811949172871e-06,-5.73046617428092e-18,-4.31569191246612e-05,3.01597899010002e-07,-7.28255934345333e-07,-4.88350165701378e-07,-1.63707170322954e-06,1.73921074975716e-06,-0.000589746365838622,3.0450595674062e-06,6.68261108248566e-16,1.09784771607243e-05,-2.09758024250617e-06,5.83058802490345e-06,1.37744091818029e-05,-0.0003017714785684,-9.16399903041432e-09,4.74273398332059e-15,-1.05576647645804e-15,-8.84787806059897e-09,-1.12514987216271e-06,1.48281633003523e-07,-1.49341619020493e-06,7.81009376673175e-15,-7.05306580239242e-07,-8.31186488196342e-09,3.63498571554432e-14,-2.40558380127372e-13,-0.707106781186548,1.75878844693779e-06,0.000134537198498863,-5.59873677971458e-06,4.37199008901485e-06,2.1789803079592e-06,0.000103026567137572,-1.91431279595217e-06,-2.13046942382533e-13,-4.20828024725032e-07,1.17979203729015e-06,5.41678448225118e-15,4.8241658555757e-15,-7.35314603471084e-07,-3.95388673255336e-10,-4.32943647474595e-07,2.3498504270538e-06,4.24642187428377e-07,-1.58826871609347e-07,1.76414447097623e-16,-5.33645737406372e-07,-1.50484297351168e-16,-1.81397507543249e-06,4.25440932483312e-16,-4.73122202434729e-07,2.19329003912237e-16,1.93834034332438e-06,5.10187469617236e-07,2.10999111504398e-07,2.76921453928397e-06,1.37109773608985e-06,-1.5702567871449e-07,9.93907906234155e-07,8.89187019962158e-06,1.6676588069657e-06,1.53605564456304e-07,3.45253192669989e-07,-9.69056905270041e-07,-1.65722230633908e-06,-1.34225398350312e-07,-4.61202448291374e-07,1.38185912356709e-17,4.30668997821496e-06,-7.40725367470918e-07,3.80974238293995e-07,7.03971672737779e-16,6.66770888949718e-08,1.81020894567312e-06,0.000147087569357845,1.42841238939198e-16,-1.53481966416537e-06,-8.22981468062068e-07,5.28680229636234e-16,-2.81575872096054e-05,2.41331065575835e-06,-2.37171591130808e-15,-1.96647648667608e-16,-8.83621459705807e-08,-4.74321069110976e-07,-2.70106756743511e-09,-3.74528938132124e-06,9.93065668967929e-07,2.92062058604467e-07,2.81313077822088e-07,2.59331526081874e-06,-5.81171281048526e-06,-1.22298005056365e-16,1.19790188506726e-08,8.24320308868737e-09,2.27403968292811e-08,2.12717544277785e-06,8.55708685923235e-16,-2.07141851915785e-16,6.99251477342629e-07,1.12785011319383e-16,5.65904509076512e-17,3.31250356161251e-06,-0.000110326896430643,-7.36308417493341e-07,-4.96141102990091e-08,2.57338252638078e-05,0.000147368870134614,1.63361137708212e-07,9.99778629442938e-17,3.84291983352401e-07,1.7940386055748e-08,8.23103280828723e-08,-8.27551789242901e-07,3.26155165965755e-06,-6.46861715096788e-16,-2.66246134170673e-18,6.69734500362688e-16,-2.84622141901387e-07,-1.36400948984685e-07,-7.94361573220639e-07,-1.80300785390394e-16,-1.04479487084851e-07,6.58121897064344e-16,8.88422817601816e-17,3.36620940149258e-05,-3.63593405805723e-07,-2.37657116208823e-16,-9.16953730187391e-07,-4.73131954993519e-07,3.97710662793228e-16,1.06895505325968e-06,-1.73217123891389e-16,3.79114630940014e-07,3.6322742618138e-16,3.80833518099706e-07,8.37428953354387e-05,1.16542400626583e-07,1.10360750248502e-07,7.59428687339263e-07,-3.79474289536632e-07,1.0462115173964e-06,-7.41271570391676e-17,6.86726779848097e-06,-3.87615775828372e-07,-1.75382078473604e-16,-5.10831773015283e-08,-0.00021378436652164,2.40713082139607e-07,-2.80447294056849e-16,1.75504254912398e-05,1.01994881157159e-06,-2.48451028213275e-16,-2.5475651129696e-06,-5.6340111116767e-07,-2.93212635292072e-08,4.29263762417319e-16,-2.42096470952836e-16,1.18885613771978e-05,1.60069695544667e-07,1.29485111397688e-08,-2.07568862740835e-07,9.4497884647274e-08,2.52078305831698e-16,1.09781548723387e-15,3.4487269408301e-07,2.37708253287794e-09,-6.85996613139224e-17,8.3294339118569e-07,-1.49308373679997e-16,4.30739929861762e-07,-1.59193027338163e-07,-9.30098989091782e-08,-6.16490708293934e-07,-1.09352399056058e-15,2.91289209139743e-17,5.04417235700202e-17,-9.44141782101826e-17,-4.94528788088954e-08,-1.71513489504847e-07,-1.87820374070564e-16,1.91337277258629e-17,-2.22713328462409e-17,2.41301486541341e-07,2.168079204176e-09,-1.19325767083635e-07,-5.44178837192372e-17,-4.59999876731287e-16,-5.15863393668603e-16,-0.000115650730090049,1.51840013628364e-07,6.98997796514375e-17,2.73117831426698e-08,-7.14658398052322e-07,-1.45713906352665e-16,6.46462877825091e-17,-4.93783019803186e-07,-1.14711003305244e-07,-2.44549900414028e-07,4.84829752142004e-17,5.59740968988817e-05,4.00293052048304e-07,4.29327409402478e-07,-3.91089354900295e-07,-1.0526188143492e-06,1.71281268200936e-08,-3.85552124145116e-17,-9.78918958546705e-17,-4.65734607773381e-18,3.24980971371006e-07,-2.94234092210466e-07,-1.10872676199729e-07,-1.76498431504288e-05,2.85016851203815e-18,7.71411141915465e-17,-1.4855315688625e-16,-6.46531185934267e-17,3.74017826479489e-16,4.15283089326339e-07,1.38521072842997e-16,6.44860310292384e-18,-6.71967423042353e-08,-3.0522941190918e-16,-6.01508828980032e-08,1.84882888856975e-17,-7.45701437881552e-08,4.4534937653177e-16,-9.02356827076926e-08,-1.12908963330805e-08,-1.02969205758549e-06,2.80562146230934e-14,3.62224369701594e-07,-5.30551468535224e-17,5.13619378747549e-07,-9.02598850808998e-07,1.00746953201401e-06,-1.29881650424753e-16,7.28279052917597e-07,-2.06164897228654e-16,-1.79204616829587e-07,-2.27921714603257e-05,-1.25846653813408e-16,-1.87209751017921e-16,1.1396767275726e-16,-1.57870646093924e-17,-3.3874806501196e-09,-4.41076206894142e-08,-9.84787692788015e-09,2.98496338628701e-17,2.86709215917613e-17,-1.04048954517943e-07,8.48727073106056e-07,1.14081343072076e-16,-3.25752117295244e-17,-4.48338619746592e-08,3.8865447766864e-17,-3.17740857754683e-07,5.87027706834203e-17,6.75749584588078e-05,9.1938138466843e-18,6.53041067831519e-18,4.29248135785536e-17,3.8866167744784e-17,2.07391602157236e-17,-1.45763569013115e-16,5.74791728740773e-08,-4.01983128680175e-07,8.88995639582803e-18,-6.78414272958662e-06,1.01462302177877e-06,-5.61965234515877e-17,2.98982167271288e-17,1.36525457555043e-16,-2.6353278348013e-16,9.99883623679415e-08,1.59895863000565e-08,-4.35700561335838e-17,-3.17747074353897e-17,-1.81714287529245e-07,-1.64587897079992e-05,-9.79962224496725e-09,1.64638635002137e-16,1.40869087203486e-17,-5.40136393554169e-17,-4.13212806270852e-17,1.6827634245291e-16,-1.15446911952294e-17,3.8218578515348e-07,-3.6145246531288e-07,-6.94963965867021e-08,-2.82599300164085e-17,-1.07907604563721e-16,-1.13532549318057e-16,5.50833014186735e-17,-6.39010466879288e-17,-8.33236988111995e-17,-2.47042933117441e-19,3.49143987237273e-17,-1.47223678407279e-17,-4.01024695466553e-17,4.06209513099878e-17,7.0038943192136e-18,-9.5467110810682e-18,1.1092520680137e-16,3.80805952592643e-08,1.11446582366799e-16,-5.0981281618567e-17,-2.90689298666886e-17,5.39047572961813e-07,-6.4926213019325e-09,-5.07329271830022e-18,-1.39126339544036e-08,4.9287365056807e-07,-9.1341469166132e-17,4.07121230689272e-16,-0.000189575936878553,1.83726986182521e-16,1.21357598786195e-08,-7.79554885713032e-17,2.98522924267568e-17,2.63393661276121e-17,-1.41154295267424e-16,1.2925238023326e-08,-0.00136612886818358,4.61179697965412e-17,-3.42067438546422e-17,2.34386146604439e-17,7.1794199510154e-17,-7.79866622668823e-16,8.00313955318137e-17,2.04155152493827e-17,1.39754448646441e-16,1.93783713957445e-08,6.66957441236068e-16,2.48066874381345e-18,9.55886378662199e-17,-1.27688723971156e-16,1.88482259353494e-17,1.49993797364051e-17,-3.82071645312087e-07,4.02559500112906e-18,-1.85853332072585e-17,6.39980875334491e-06,2.92418174102844e-17,-3.09861306094406e-16,1.2755245173825e-16,1.10902878318143e-15,2.37108791720392e-07,1.65189405739755e-17,-1.74964624325639e-07,-1.27027155373708e-16,4.25246124877661e-17,3.39313578971201e-16,-2.00403336639158e-16,5.27383807221287e-17,6.00675706462424e-17,6.31793924734522e-09,-1.12643445713019e-16,1.08940699044977e-16,3.56239170225526e-08,-7.88266301066387e-07,8.29903494228573e-17,5.51941085453778e-07,8.08269996227329e-08,3.0152122920533e-18,6.60058993549874e-17,-1.22459675730734e-16,-6.7235816281428e-17,2.47103525390203e-17,-1.35468001036543e-07,3.29148950208546e-16,-2.90280814362549e-16,-9.28883147029761e-17,5.42040175631925e-08,-4.55622699466936e-18,-6.37186034695559e-19,-4.01764470094637e-17,9.14789409299751e-17,-2.46772678931343e-08,-1.41983796528813e-16,7.4230039923498e-09,-5.06743451369785e-17,1.31649527373313e-16,2.90097159103338e-16,-4.76951336289804e-17,-5.30674779075751e-18,1.94421939210879e-16,-1.17299577624364e-16,-1.28621086397686e-07,-9.4419718847711e-17,1.14929625291044e-16,5.40561984241592e-08,-4.81369036088619e-17,8.14653933524405e-17,-6.1311595152236e-17,3.54867950969213e-17,-4.64213401293481e-17,-2.16587988649303e-17,-8.77675362739267e-06,2.29836203492076e-17,5.90287894520252e-17,1.16511757332284e-07,-3.39181118368328e-16,1.08477948189753e-16,1.45518168550817e-16,-1.63415645553941e-16,6.69643775844533e-17,4.22846599513694e-17,2.380723277083e-17,6.7450558466271e-18,2.39835852923753e-17,-1.61657564894744e-16,1.67808173357467e-16,-6.10260459649493e-08,2.02325570751737e-07,3.20310096032313e-17,-1.7347499838185e-18,-1.32642775191252e-16,-6.22437855349268e-17,6.72205346941013e-17,-3.09117078202116e-17,9.39319868637154e-17,2.12212167728293e-17,-1.75147623995813e-08,-1.14390987029723e-16,7.67940241978085e-17,-2.2905515189848e-17,3.2010854349935e-17,5.6578951060527e-07,-5.51399241795337e-19,-3.55017696696879e-09,4.53763051524204e-17,-1.19120861489958e-17,9.61332663179908e-17,1.43967723783693e-16,6.33988906142347e-17,8.787053433043e-17,-9.99772052774469e-17,-2.27672229210231e-17,1.34714146429656e-16,-2.58505479404405e-17,-7.18802544388112e-17,5.56929810773276e-17,4.35221691974156e-17,2.29917874474162e-17,1.17989888221216e-16,8.60324906818537e-17,-2.9180175603526e-17,-5.55702390546018e-17,2.10134751820652e-18,-6.02241889934422e-19,-1.86482773667507e-16,-5.27105570562464e-17,-1.95427501404477e-16,-5.51291292318356e-17,4.40944914562613e-17,1.68402134056996e-09,3.37885659602663e-17,2.55747357579522e-17,-2.33073286147781e-18,-1.28251049042432e-16,-2.04843275876175e-16,2.14194984384547e-16,2.10239761848869e-16,7.78084722725623e-17,-3.79718936429934e-17,-1.90467839866136e-17,5.82216566624716e-17,1.1607994634981e-17,-1.06236663584995e-17,-8.3351068803879e-18,2.7361639123334e-17,-3.09408322361122e-18,-2.83334121311282e-17,-2.16329262898978e-08,-5.76946598315027e-17,-1.50569869117482e-17,-3.89233841715174e-17,-7.5595874157257e-17,1.89823206209199e-16,-2.89895978721117e-17,-2.41092834823634e-17,2.04635968525404e-17,-1.63057526051586e-16,4.5748681125432e-09,4.72263309708237e-16,6.90016549842707e-17,-3.97615842372892e-17,3.07048535888319e-18,-1.80285903407668e-17,-1.03585630550299e-17,3.28645821566094e-17,-1.46309201388865e-17,-1.55141980837122e-17,1.26569229669464e-16,3.36591650524695e-17,4.20981191925664e-17,9.55870283945941e-18,2.30380629833727e-08,-1.0991707697923e-16,4.48406857444483e-17,-8.52920936631089e-17,-2.03396327558281e-16,-1.74416253532286e-06,-9.75236636246183e-17,-2.57460959337321e-17,2.01358069049778e-18,5.67435343009331e-17,-6.01851129808043e-18,3.66284161917326e-17,1.1970829527875e-16,2.28284674404783e-17,-1.08960354505105e-19,-2.25053510626471e-17,2.84974881742881e-17,9.94499671088966e-18,-2.83250920145061e-17,-3.14813555737245e-17,3.02295359262736e-17,-2.75190314147548e-17,-1.07080866806297e-16
"t44",-0.00482153314521194,0.0489317820595297,0.0628884391505785,0.0148692160522215,0.0299173653186317,-0.00487334793593777,0.00149200923216131,5.12034462279859e-05,0.000426179183918638,-0.00111138842244838,-0.000359535546859347,0.0037994377017153,-0.0128187378084404,-0.0689478074394273,0.00175542844009793,-0.000212809316262974,-0.0120337866129567,-0.000106779936866554,2.8999341299948e-05,2.56626023442692e-05,-9.52690322033005e-05,1.30396949002862e-05,-1.9504984936137e-05,3.04711693355619e-05,-4.47874289311663e-06,5.02069385709624e-07,4.03615466183695e-06,-6.7000081303883e-05,0.000119826013270558,-0.00321954245505766,1.84291685563886e-05,-0.000352706446461237,-0.00018705086182304,-1.29063356023896e-05,8.42881397722122e-06,2.48437626292681e-05,9.2726164944482e-05,-1.02384083986221e-05,-9.24268161695217e-05,-3.48367311288004e-05,-0.0313095085651867,-0.000177758508264432,6.26405589203771e-05,-7.2921652227033e-05,0.000133915081735255,6.43571608931576e-06,-2.20188902624875e-06,3.87081045234368e-05,-5.7013748717171e-05,0.000144109041656573,-0.000158248392218003,0.00882529785572468,2.65553648106894e-08,4.72310258160264e-05,-3.30218069456703e-05,0.000364502151776268,-6.46020002975465e-05,0.197458299418208,0.0148481039510731,-6.36159876493563e-05,-2.48096143993264e-05,1.88795069480005e-05,-0.000302266525468187,0.000388406477771338,5.83418235517761e-06,-6.90134388239609e-05,1.73242707104719e-05,-0.00219670989267141,0.263037058877267,0.00154525300565999,-3.06422829418522e-05,5.44792730257193e-05,-1.71892283641747e-05,-0.000106969595786696,4.46718755780408e-05,4.16416284626825e-07,-0.000388573773783921,0.0676543786049278,-0.000112387164020495,-0.000127822254827536,0.000998165192500158,0.000499729795362462,-5.38675688293913e-05,-0.000242322542207027,1.28519142191994e-05,0.000346591504920102,-4.8693376893123e-05,-7.61693246008175e-06,-1.69097478206828e-06,6.38314913187013e-05,-1.37047443932401e-05,2.78411724314621e-07,1.81590438651321e-05,-0.000145312052388276,-6.5698884845227e-07,-2.91211307432465e-05,-3.42705161015693e-06,2.84483873527913e-05,-0.00287543143335361,-7.31584267277283e-06,-1.81435008643387e-06,1.13929814372191e-07,-2.34304633371292e-06,-1.65491676474697e-06,8.24604112005106e-07,-1.43238240350031e-06,5.67480835336529e-05,-2.02257786344717e-06,9.8684904701983e-06,-3.77752918372587e-07,-0.000364938395151378,-2.44236601566009e-05,7.66649755719256e-06,-1.03946571080596e-05,4.09383614308846e-07,-1.40654931964004e-05,2.96595563243283e-05,-4.01459799256029e-05,6.10203922275353e-05,-0.0266276880438577,-1.1135477446503e-05,-0.00207315288205053,9.92344136952534e-05,0.00027505507749374,-1.2956746503308e-05,0.000166361684789798,-1.72147692331405e-05,4.25136031142131e-05,-0.000316131419025469,-0.00408481411091217,-1.82268843693519e-05,-0.000549942153223412,7.8740659455305e-05,0.000151259675024455,-8.54543091801799e-06,-0.000336671954358849,4.61815558880049e-06,0.594974289840887,0.000779289658698608,-0.00218178901172938,-0.000118454685991668,-0.00330419278061351,0.0008202485011187,5.01160683641794e-05,1.90732693432279e-05,-8.30110410467125e-06,-0.130252114267168,2.37301883156334e-05,1.52435592189171e-06,-3.48544851543682e-06,-7.35818807984603e-05,-1.57599105932924e-05,-4.50269431962133e-05,0.000122124679332839,-0.0108275244016853,-2.46101801236958e-06,3.67150577756252e-05,-0.000220515948213353,-7.04575789426238e-06,-2.30635899882264e-06,-0.000151982225799713,0.00583890283300502,-9.71168140591955e-06,-0.000191958072119814,0.00011738562462317,-7.39930765383133e-05,7.55883341710966e-05,1.29452703312428e-06,6.4418266787549e-05,0.00191937082606811,-0.000134758896553536,-2.37177096486611e-05,2.74336284818333e-06,7.05670467820855e-06,1.73644970662684e-05,2.77247206261249e-06,1.55305176676018e-06,-6.39948344823444e-05,-9.97904428057603e-05,-0.000890056691666461,0.0169523466318611,-0.00016566124904238,-0.000850721586888243,2.15762935427557e-08,-1.22282392266835e-05,-2.88345624798288e-07,-4.82064798641711e-05,1.62878580061067e-05,7.33770291390164e-05,-9.51898782786288e-05,-2.20275715945819e-06,4.11271300518932e-06,1.6378453418844e-05,2.910759255067e-08,9.06753741488722e-05,-3.91975470101391e-06,-7.20716634631156e-06,-5.09395174989847e-06,4.25189939300873e-06,1.77776023245655e-06,1.77446095282702e-06,0.000570639051763189,-4.43861411587537e-08,-7.56967034357842e-06,-1.14653659772475e-05,-5.6780249241144e-05,7.27361500808039e-06,3.78676105565754e-05,-5.26729141062404e-05,-3.19217673042877e-07,-0.00020528736476441,6.59166579150473e-05,-0.000169757640727363,-2.07827275854807e-05,-1.68106662423612e-06,-1.08117340543062e-05,2.7336384967528e-06,0.0004442353373039,-3.06853154539309e-06,-1.64737967368897e-05,-0.00189627855649901,8.87740410664606e-05,2.08125161469696e-05,0.0021545244905052,-1.73613913507629e-05,-6.83310685848042e-06,-9.44250998012135e-05,-0.00181721594926932,-1.00539390466115e-05,-7.92475274577641e-06,2.35728919810861e-05,4.8074324423419e-06,2.653603297613e-06,4.43024161808437e-06,-2.30193052722032e-07,-5.25281099235515e-07,-1.91587845593245e-05,4.84347494044437e-17,-2.11153174288741e-06,3.00222326520471e-05,-0.000144646710337803,-1.48827563102945e-05,-1.67422758965723e-05,2.82055588941703e-06,-3.1732780163404e-06,1.63765698351026e-05,-2.64495120400918e-07,1.71443451008152e-08,-3.89213433374346e-06,3.9093464628003e-05,-3.05775331784447e-05,0.000126684571775177,-7.78693872555423e-06,4.00560886242595e-07,-2.58418214318587e-08,1.21669979768638e-06,-1.12240546726751e-06,1.76459963523551e-05,3.90681320835925e-06,-7.63660191949412e-07,0.00297333215786542,-3.19715008286917e-06,0.000612244432993726,-1.48028967156058e-05,1.44216215125576e-06,-4.93152981371707e-07,8.5160117318845e-08,4.13143669799558e-05,-1.29301549656404e-05,6.33309855677262e-07,6.47106524970532e-05,-5.44361249751466e-07,6.56420634728806e-06,-8.11937470639797e-06,0.00287023639113135,-2.01742042404118e-05,1.68497205080024e-05,-1.23694623269885e-06,2.02307643280788e-05,-1.03459211518647e-06,3.99473799123051e-06,7.64004141855878e-18,-9.77471988192103e-06,-3.34588447141142e-07,-4.37050917870507e-10,-3.76589316075539e-06,4.71395659388079e-07,-2.91128493076737e-07,-9.5936665804512e-07,1.07211386606776e-07,-4.54191630436019e-06,1.57783261539112e-05,5.74889790726876e-07,-1.3698324254051e-05,6.51097980925775e-06,-7.86236013821709e-06,2.48917094951317e-05,-3.74114246820992e-06,6.08206071362112e-06,2.15474447916324e-07,1.63739324473024e-07,8.7584227796322e-06,-5.4493822622596e-05,2.40884823644738e-07,-6.60416921206729e-06,0.000226836417280538,-0.000734602400513873,1.90781248492484e-06,1.72462234278423e-06,9.91768430899543e-06,-3.14697695761515e-06,-1.79042412783347e-06,2.11259997788452e-06,-0.0020846822653284,2.07181042204909e-07,2.05471756471124e-06,-4.05893759412058e-06,-1.8742933226963e-16,1.27820876623474e-08,7.88713052468357e-06,-7.80485545920015e-07,4.04796939884681e-06,5.18419115521315e-07,1.11634605269488e-06,3.13175311550567e-06,-0.00636131174454202,7.23581804320126e-06,-2.51925016563032e-16,-7.17057702471356e-06,-6.6341572465234e-08,-2.48560351034977e-07,1.18069892830486e-06,1.89420914991909e-06,-1.28201297881985e-07,-4.90980682702317e-06,1.30854775124224e-06,-6.17823851173411e-06,8.15880979011662e-06,-1.24621813789e-06,-2.98233304412995e-06,-3.68232241545634e-06,-2.2185250689213e-08,-2.95866510081437e-06,1.77043092971165e-06,-3.19946240455305e-06,-1.84203208990332e-16,-9.24776232479686e-06,7.2463880962945e-07,2.08833324255858e-08,1.82140360964266e-07,-5.95902018045924e-06,-1.21651674136012e-05,6.15492145467055e-06,-2.2340834163795e-05,-1.09584986922967e-06,-5.70895759244471e-17,-1.99948940695274e-06,-7.86634197504699e-07,-2.51053224814228e-06,5.6347284422503e-16,4.73122683638671e-06,6.83670612527358e-06,-1.04474906699147e-06,-3.91595187766462e-06,-1.33441102030905e-06,-7.66500469867299e-07,-0.000627920643003287,6.29651067258206e-07,5.07233131808794e-06,2.84772387155991e-07,1.40570439862752e-06,2.02857175810031e-06,2.17139265891053e-16,-8.03551947010101e-07,2.63410003548661e-06,1.28328015388348e-05,-1.70811949160858e-06,-7.27505157766877e-17,-4.31569191236204e-05,3.01597902926899e-07,-7.28255934824013e-07,-4.88350165919659e-07,-1.63707170256936e-06,1.73921075215574e-06,-0.000589746365838063,3.0450595710572e-06,-6.61179148814253e-16,1.09784771648893e-05,-2.09758024090725e-06,5.83058802560839e-06,1.37744091805999e-05,-0.000301771478557342,-9.1640016784646e-09,-5.11396480717963e-15,9.57757736437489e-16,-8.84787488239787e-09,-1.12514987410046e-06,1.48281634804025e-07,-1.49341618702654e-06,1.21286428495837e-15,-7.05306587193831e-07,-8.31185755988451e-09,-3.59781367406994e-14,2.40544424222161e-13,0.707106781186547,1.75878849173334e-06,0.000134537198525999,-5.59873677018777e-06,4.37199010676576e-06,2.17898030841178e-06,0.000103026567137681,-1.91431280091627e-06,-2.27066825168030e-13,-4.20828026206798e-07,1.17979203713358e-06,-5.41633502860484e-15,-5.01700207424417e-15,-7.35314602895358e-07,-3.95392307004643e-10,-4.32943650741881e-07,2.34985042446277e-06,4.24642185939353e-07,-1.58826872605733e-07,-8.56382989884887e-16,-5.33645738691026e-07,2.45949609206954e-16,-1.81397507514522e-06,-7.42190597174952e-16,-4.73122203840955e-07,-4.04226440397455e-16,1.93834033947877e-06,5.10187468838721e-07,2.10999110749888e-07,2.76921453913293e-06,1.37109773650494e-06,-1.57025676854135e-07,9.93907908034788e-07,8.89187018479612e-06,1.6676588102065e-06,1.53605563028209e-07,3.45253192178545e-07,-9.69056907039788e-07,-1.65722230620955e-06,-1.34225396322314e-07,-4.61202450070636e-07,-6.94672386259497e-18,4.30668997845331e-06,-7.40725369389419e-07,3.80974239021764e-07,2.02051443874706e-16,6.66770896381197e-08,1.81020894589515e-06,0.000147087569357624,-1.54509766186272e-16,-1.53481966378e-06,-8.22981468195228e-07,-5.40216787883099e-16,-2.81575872100879e-05,2.4133106565668e-06,2.09624331695306e-15,1.08669293503349e-16,-8.83621479518657e-08,-4.74321068080906e-07,-2.7010690359663e-09,-3.74528938129633e-06,9.93065668486461e-07,2.92062058737617e-07,2.81313077398946e-07,2.59331526135189e-06,-5.8117128106908e-06,5.89805981832114e-16,1.19790197141482e-08,8.24320221709336e-09,2.27403966058533e-08,2.12717544309775e-06,-8.81549137510962e-16,3.8768341649911e-16,6.99251477494441e-07,-8.55852057977324e-17,-2.73780972008784e-16,3.31250356081366e-06,-0.000110326896432088,-7.3630841620569e-07,-4.9614109817228e-08,2.57338252638955e-05,0.00014736887013454,1.63361137061743e-07,-2.75717869423293e-17,3.84291983055811e-07,1.79403871631646e-08,8.23103273994778e-08,-8.27551787709631e-07,3.26155165943865e-06,2.92491909118056e-16,-1.40306537013292e-16,4.7755962883469e-16,-2.84622141487546e-07,-1.36400949234233e-07,-7.94361573432302e-07,-1.25626349352274e-15,-1.04479487384976e-07,-7.83440087735955e-16,-1.94151387217621e-16,3.36620940153825e-05,-3.63593405537583e-07,3.89011739487799e-16,-9.16953730473698e-07,-4.73131955011777e-07,-2.000194107918e-17,1.06895505455722e-06,3.31046803400256e-16,3.79114631338497e-07,-3.60808382359849e-16,3.8083351832285e-07,8.37428953352931e-05,1.16542401060676e-07,1.10360750772699e-07,7.59428687511646e-07,-3.79474288622486e-07,1.04621151736487e-06,5.54656179230588e-17,6.86726779877654e-06,-3.87615776599788e-07,1.81902104178046e-16,-5.10831767571253e-08,-0.000213784366524327,2.40713082117094e-07,2.80845412783789e-16,1.75504254908038e-05,1.01994881200864e-06,3.76358406031012e-16,-2.5475651126143e-06,-5.63401111646362e-07,-2.93212632897785e-08,-2.88412992831957e-16,1.9378455299417e-16,1.18885613772125e-05,1.60069695582641e-07,1.29485105672538e-08,-2.07568863553723e-07,9.44978847436035e-08,-2.58570778373805e-16,-7.23373057914438e-16,3.44872693933786e-07,2.37708275222719e-09,4.59007411016689e-17,8.32943390975912e-07,1.04372722348749e-16,4.30739929748916e-07,-1.59193027666063e-07,-9.30098989880033e-08,-6.16490708141606e-07,-9.89189155671791e-16,-1.48249504785449e-17,-3.28543694007506e-17,-1.37838628124555e-16,-4.94528790227116e-08,-1.7151348925865e-07,2.40006074625786e-16,1.59105240585447e-16,-2.90745667826477e-17,2.4130148649051e-07,2.16807941413106e-09,-1.19325767165136e-07,3.59391070534085e-17,1.8702487475375e-16,2.68990558993654e-16,-0.000115650730089867,1.51840014022085e-07,-2.27883634999446e-17,2.73117828783063e-08,-7.14658397898951e-07,3.52382701334197e-17,-9.16125824632033e-17,-4.93783019254186e-07,-1.14711002873911e-07,-2.44549900656596e-07,-6.73110863523655e-17,5.59740968984019e-05,4.00293052053967e-07,4.29327409368522e-07,-3.91089354836661e-07,-1.05261881461192e-06,1.71281265464803e-08,8.22249185347635e-17,-6.04868573868414e-17,-1.70159530230497e-17,3.2498097177573e-07,-2.94234092563163e-07,-1.10872676767006e-07,-1.76498431491867e-05,7.95925949164104e-18,-5.41210487584457e-17,-1.24700367631263e-16,8.96801228726699e-17,-3.79475569552247e-16,4.15283089078747e-07,-2.10185512830295e-16,3.85034705639164e-17,-6.71967420994607e-08,5.24311353522281e-17,-6.01508830190502e-08,5.18440218826871e-17,-7.45701438113298e-08,-3.16603895308881e-16,-9.02356824079934e-08,-1.12908963424854e-08,-1.02969205701055e-06,2.81388207236333e-14,3.62224369541221e-07,5.7922929728785e-17,5.13619378690287e-07,-9.02598850886878e-07,1.00746953245326e-06,3.53564137100316e-16,7.28279052965997e-07,1.09447793047074e-16,-1.79204616624723e-07,-2.27921714604424e-05,-5.2785568388852e-17,1.45229646445094e-16,-1.39949978749029e-16,7.36888808586164e-17,-3.38748067207138e-09,-4.41076205934262e-08,-9.84787701079864e-09,2.13161434359349e-17,3.47998142057984e-18,-1.04048954398293e-07,8.48727070661831e-07,-1.47482406683739e-16,1.4461862240724e-17,-4.48338617692901e-08,-1.6854711384934e-17,-3.17740857668573e-07,1.04989720928951e-16,6.75749584587816e-05,1.3685418057989e-16,-2.84908893050488e-17,-2.85820298763622e-17,-5.80602698186449e-17,-2.08199768568909e-17,9.23949907004556e-17,5.74791728784047e-08,-4.01983128862446e-07,-5.56137407408684e-17,-6.78414272970852e-06,1.01462302179413e-06,3.08571528291594e-17,-5.56913772959995e-18,-2.53696603535538e-17,-8.78648749401694e-17,9.99883628285644e-08,1.59895863342478e-08,6.15983826357711e-17,-7.00800853416384e-17,-1.81714287340307e-07,-1.64587897080332e-05,-9.79962223993493e-09,-2.12848164771316e-16,-6.33574598700029e-18,3.1034715280282e-17,5.96251931809645e-17,1.62578589574646e-17,-3.39643023143103e-17,3.82185785230648e-07,-3.61452464934742e-07,-6.94963965350273e-08,-3.23468002435425e-17,7.29849730009936e-17,1.0989031153476e-16,-1.08721325853334e-16,-1.09885783940255e-16,9.65996288204013e-17,1.15336924907976e-18,-1.92391452967114e-17,3.14275785473165e-17,1.34713961412246e-18,1.30457687642503e-17,6.4792510524453e-17,4.01280049365912e-17,-5.2191544119796e-17,3.8080595227876e-08,6.01689448052595e-17,1.6759387798494e-16,5.25401161258496e-17,5.39047572929065e-07,-6.49262119612446e-09,2.87612140072293e-17,-1.39126340115392e-08,4.92873650670634e-07,3.56437971002829e-17,1.32492881165506e-16,-0.000189575936880599,-2.01973649816478e-16,1.21357597774911e-08,6.77340284606949e-17,-1.37242966734803e-17,-7.06251700786777e-17,-5.0947127812869e-17,1.29252378497181e-08,-0.00136612886818514,-4.18489775666426e-16,-1.01767937655663e-16,-1.62944209450296e-17,-1.1894406768759e-16,7.6967512224746e-16,-5.52663564401329e-17,3.53106031327802e-17,-1.60477359200356e-16,1.93783716000587e-08,1.76433884589209e-16,-8.60234560876854e-19,-2.12269781041077e-16,1.48458029664957e-16,-1.22093601359535e-16,-2.73959133955821e-16,-3.8207164534182e-07,4.56856822321313e-17,-1.29787661775862e-16,6.39980875318911e-06,-1.15640933210638e-16,2.07676235072325e-16,-1.00800261197619e-16,-8.76903235884178e-16,2.37108792100242e-07,-6.97498975188117e-17,-1.74964624212802e-07,1.06247440105573e-16,-1.64054340893723e-16,1.31363617880206e-16,-2.068069057204e-16,-2.87545635476966e-17,-3.08969777325718e-17,6.31793931829593e-09,-1.63170826886656e-16,-6.32308658829629e-17,3.56239169533626e-08,-7.88266301097575e-07,-1.06896564985341e-17,5.51941085480776e-07,8.08269996351317e-08,1.02581039713846e-17,1.55344149148897e-16,8.29964018741747e-17,2.95045740999877e-17,-1.73887718077081e-17,-1.35468001137518e-07,2.98140622391512e-16,1.78414702605252e-16,1.13300834372125e-16,5.42040175886676e-08,-4.0424724325764e-16,5.84722304788943e-17,2.72668717605474e-18,-8.34051802218735e-17,-2.46772678780049e-08,5.08354015821758e-17,7.42300366374336e-09,-6.82907883750343e-17,2.34350578842185e-16,-2.24828571348387e-16,8.01444123461464e-17,4.58078194865065e-18,-2.0503760487583e-16,6.01209595309807e-17,-1.28621086235117e-07,-9.06007741645972e-18,-9.8100443514313e-17,5.40561986179967e-08,-2.06353621816245e-16,2.40084004449938e-17,1.91704821441979e-17,-4.31386621581548e-17,8.52355256122012e-17,8.55155582457872e-18,-8.77675362747609e-06,-1.49867270316349e-16,-4.50741790513861e-18,1.16511757089763e-07,2.05197094085132e-16,-6.01482353010506e-17,-7.9800630133942e-17,1.78754341057018e-16,-1.90218680574103e-17,1.32292443083884e-17,-3.41663746791255e-17,1.95386034975449e-18,-1.66750940684443e-18,2.05502546411568e-16,-3.19800935162601e-17,-6.10260460672191e-08,2.02325570909725e-07,8.72173420897252e-17,4.12734682300963e-17,9.75257957694249e-17,2.55609159706982e-17,1.047339298621e-16,-1.94893139787078e-17,-7.06826784612802e-17,7.82404370372484e-17,-1.75147623985893e-08,8.58532910665365e-17,-4.13744315340694e-17,-2.06153670757561e-17,-2.1843282025369e-17,5.65789510697602e-07,-2.6374172720257e-17,-3.55017685301875e-09,-1.42134631239557e-17,-1.01968147219779e-17,-5.71676545784561e-17,-1.23465027265302e-16,-3.42785230035469e-18,1.26547397650174e-17,1.06211348958711e-16,-1.67625041377966e-17,-9.03150084985512e-17,3.49965893036264e-17,1.04598392791764e-16,-7.75067118947838e-17,1.83346298242189e-17,-1.27927843048637e-17,-1.13075303944518e-16,-1.97673354267083e-17,4.57613628601049e-17,6.49416015170378e-17,1.2413002730612e-16,3.91956103298297e-17,1.29670579829266e-16,2.92571010719e-17,4.10979787868131e-17,3.77142273879255e-17,1.05527627288198e-16,1.68402140946594e-09,-1.44851375350352e-17,5.62034471306658e-17,-1.79932505143131e-17,-6.41183990560463e-17,2.63738875966338e-16,-2.27462322750747e-16,-1.77079463221642e-16,-6.35013718479808e-17,8.72643638288446e-17,5.16060710690595e-17,-1.36609473733174e-16,-4.88455592308933e-17,-2.53598145727136e-17,-3.12365041895815e-17,-2.31590427247122e-17,-8.33949623944877e-17,2.4347285536419e-17,-2.16329263698465e-08,3.01931164565721e-17,3.64626518598825e-17,2.31801492869817e-17,3.51817112637711e-17,-2.02825471199145e-16,-5.11426291635536e-17,5.2545794281567e-17,-7.58640934997134e-18,1.88866951080928e-16,4.57486809390647e-09,2.95213094941353e-16,-4.30212149290833e-17,8.76301866472136e-19,1.25461089340097e-17,-6.42431659117081e-18,2.22247484955729e-17,2.48074310776538e-17,-3.89641797307793e-17,-4.33901456922628e-18,-1.4369696064781e-16,-4.60187998360443e-17,-2.8110410931744e-17,-1.11086918706418e-17,2.30380629580719e-08,-5.44461791623862e-17,-5.0540880866817e-17,-7.00938567022296e-17,-6.61363325216158e-16,-1.74416253526511e-06,-4.98260959158961e-17,2.36905661117046e-17,-3.23916663547716e-19,-9.60488667815538e-18,-1.23473927057949e-17,5.55175499428894e-17,1.76549841682048e-16,-1.70485312816668e-17,1.81382963179385e-17,7.10472237782323e-17,3.09728830987499e-17,3.33542939382679e-17,-6.56540669574524e-17,-4.53601527263786e-17,2.55879687680403e-17,4.01396978250739e-17,-2.0792301311808e-16
"t649",-0.00483663549088225,0.0492571150953686,0.0633202813735615,0.0150067231155984,0.0302575646516945,-0.00493862753115779,0.00151239846241163,5.1960513048515e-05,0.000433662205457067,-0.00113523212431894,-0.000369437758485638,0.00393006568133468,-0.013273273945168,-0.0714323201604247,0.00182165304665355,-0.000221350047176178,-0.0125292384239026,-0.000111262702730573,3.02474222487142e-05,2.68716276685382e-05,-0.000100162128071509,1.38659377808455e-05,-2.08197170954486e-05,3.25384350754881e-05,-4.78395853563233e-06,5.38155816534277e-07,4.33019839232414e-06,-7.19316285590986e-05,0.000128919281668129,-0.00351644258780903,2.02646381505521e-05,-0.00038977921208631,-0.000208466639240496,-1.44716298316281e-05,9.51719897138331e-06,2.83835373362555e-05,0.000106155668749987,-1.17520017394697e-05,-0.000106212289657306,-4.01342804053516e-05,-0.0362522073841849,-0.000206730063303299,7.30544920899517e-05,-8.50646925608087e-05,0.000156741346912517,7.62967597190801e-06,-2.62093767337133e-06,4.61632529165124e-05,-6.83658345156594e-05,0.000173845307856612,-0.000192478146187887,0.0107763422667714,3.24447963774309e-08,5.79928983502689e-05,-4.0952059827147e-05,0.000452733155762197,-8.26010709551554e-05,0.254601380771259,0.0191644766731859,-8.39004474486533e-05,-3.32895985108115e-05,2.55579065588022e-05,-0.000412203506422043,0.00053066506573946,8.08477500255163e-06,-9.69059406353699e-05,2.50855497843714e-05,-0.00322764187839078,0.389172751235094,0.00231571991182365,-4.94715786983399e-05,9.39536731805182e-05,-2.99720659924568e-05,-0.000190955561518092,7.99873004866244e-05,7.53547512380771e-07,-0.000706175689904366,0.125627404446397,-0.000219880405583046,-0.000255803888441115,0.00208108142797451,0.00105161129092451,-0.000121925557170547,-0.000561732889188946,3.34054692360862e-05,0.000933206729322833,-0.000136147513392711,-2.14321110307944e-05,-4.76588058641531e-06,0.000180659706531293,-3.93839480599701e-05,9.42598359292106e-07,6.25442031835909e-05,-0.000568622248845011,-3.42933343267204e-06,-0.00016048575612163,-1.89360596405438e-05,0.000183950187536263,-0.0198789870793505,-6.92193050312868e-05,-2.50219155244805e-05,1.63943098880905e-06,-3.54558732109721e-05,1.60395941681044e-05,-7.03182669766032e-06,1.11557640652058e-05,-0.000382057077895206,1.31137998950335e-05,-6.00214988964913e-05,2.09809887596489e-06,0.00197058070394584,0.000112889774847207,-3.48261550444266e-05,3.38196784847606e-05,-1.25208240249058e-06,3.78874061572925e-05,-7.57144508153301e-05,8.91955532256197e-05,-0.000119812192730476,0.0478795094751705,1.90802064204883e-05,0.0030322601403927,-0.000131766454486502,-0.000363904382357781,1.69109070397042e-05,-0.000197453142175469,2.02742175875329e-05,-4.62634109981434e-05,0.000277059581627452,0.00357154892924687,1.56664726449167e-05,0.000411313955779864,-5.73279480254861e-05,-0.000108006192694095,5.63705662905183e-06,0.000219669740343139,-2.55172478710424e-06,-0.287486282580422,-0.000312704929042865,0.000870836968498562,4.57739380006008e-05,0.00125583033102101,-0.000303512371934114,-1.83546143449261e-05,-6.98447198638925e-06,2.82196831510809e-06,0.038008275583622,-5.87999850962715e-06,-3.62031746769357e-07,7.51815370334962e-07,1.57477648061134e-05,3.24719353055119e-06,9.06945952023391e-06,-2.39650103689848e-05,0.00164216900312806,3.56876903204093e-07,-5.15372950158403e-06,1.08174876144014e-05,2.13183065881674e-07,6.33580432533645e-08,1.90447030894799e-06,-5.58065998552456e-05,-8.15350946150175e-08,-2.0161983216281e-06,3.15545457987469e-06,-3.0953204016741e-06,6.11627694853764e-06,1.06398522355972e-07,5.31563602295737e-06,0.000167725966293387,-1.25279651030966e-05,-2.22375510211219e-06,2.86421229454002e-07,7.59667722432238e-07,1.9885537489916e-06,3.22093943037628e-07,1.8173888259349e-07,-8.45327731178864e-06,-1.4636889211835e-05,-0.000132701977956979,0.00256614890747733,-2.61709342393134e-05,-0.000136515372606266,3.51438683203057e-09,-2.01927431590875e-06,-4.97435063323827e-08,-8.40259928009383e-06,3.08093516350198e-06,1.39143890791026e-05,-1.85004119412777e-05,-4.55530781368442e-07,8.90628771027331e-07,3.60013216226927e-06,6.53612815393437e-09,2.06749026006309e-05,-9.32614002860148e-07,-1.72975532813394e-06,-1.24457346907845e-06,1.04786230644834e-06,4.65693830058314e-07,4.66062967701612e-07,0.000153372588882788,-1.21871415481089e-08,-2.17746291413267e-06,-3.29874606186997e-06,-1.640184870612e-05,2.12631098122043e-06,1.11592795891324e-05,-1.58427558086942e-05,-9.83075065277159e-08,-6.43549287455675e-05,2.07735197655378e-05,-5.47298438180565e-05,-6.78061694771419e-06,-5.48637042194262e-07,-3.56021333576249e-06,9.19697267642793e-07,0.000150047020760343,-1.05747263091438e-06,-5.75175135403601e-06,-0.000664973124035361,3.16718028193614e-05,7.45451182074782e-06,0.000774972766285405,-6.32326760033773e-06,-2.49480648670921e-06,-3.44956799535266e-05,-0.000672410845178498,-3.74792896695173e-06,-2.97791019099797e-06,8.88943155761009e-06,1.81944589110588e-06,1.00763977414203e-06,1.68384293943505e-06,-8.82324549846228e-08,-2.02367466136276e-07,-7.42091390168057e-06,2.35659566626861e-17,-8.24032955813271e-07,1.17334969753202e-05,-5.70927084479214e-05,-5.91729740391228e-06,-6.69547032093553e-06,1.12836762086456e-06,-1.28268099516395e-06,6.6308025857234e-06,-1.07175659930739e-07,6.97243300979835e-09,-1.58674060940788e-06,1.60071591800273e-05,-1.25440485437472e-05,5.20112179494859e-05,-3.2104433449769e-06,1.67913730466879e-07,-1.08929694767317e-08,5.1517531517735e-07,-4.79724777745724e-07,7.54692530739208e-06,1.68133608932852e-06,-3.29766843636205e-07,0.00129004209115045,-1.38921544039674e-06,0.000266441744398995,-6.45571377888478e-06,6.3088876085119e-07,-2.15810101305055e-07,3.7550441049807e-08,1.82202148746702e-05,-5.70346351391761e-06,2.79908202320746e-07,2.86216201045999e-05,-2.41329922761593e-07,2.91133114275231e-06,-3.64905043904616e-06,0.00129175150806384,-9.08934747451391e-06,7.6103864841368e-06,-5.59776349781292e-07,9.19506303611162e-06,-4.70812352967899e-07,1.8196511765231e-06,-2.5292275331038e-17,-4.46715865976636e-06,-1.52976096130094e-07,-2.00099504477462e-10,-1.72974021679254e-06,2.17108163599227e-07,-1.34253804505803e-07,-4.42687705719062e-07,4.98591009023658e-08,-2.11327029227449e-06,7.34233312945863e-06,2.68111902237403e-07,-6.42747970285506e-06,3.05819709500064e-06,-3.69555867664885e-06,1.17270046477031e-05,-1.77755881920401e-06,2.89968917901095e-06,1.02749969190681e-07,7.80843989052377e-08,4.21058254097914e-06,-2.64281816527537e-05,1.16949206508423e-07,-3.21132257723873e-06,0.000110507219804621,-0.000358077711324938,9.34292866767925e-07,8.44871699162511e-07,4.8616087349377e-06,-1.54329585830291e-06,-8.79261582639463e-07,1.03906508533842e-06,-0.00102676731043763,1.02104523095221e-07,1.01365478537468e-06,-2.00670139208196e-06,1.34545652894303e-17,6.39763734934025e-09,3.95221715014056e-06,-3.91769974170987e-07,2.03200777224472e-06,2.60250889792409e-07,5.60648490170869e-07,1.57404845417206e-06,-0.00320019971792015,3.64686646725472e-06,-1.5625991644495e-16,-3.62891465323451e-06,-3.3591256819405e-08,-1.25989895182313e-07,5.98546639298955e-07,9.62747616868776e-07,-6.52509363968032e-08,-2.50384347970304e-06,6.68201081261269e-07,-3.16374361787877e-06,4.18848226561222e-06,-6.40779414356736e-07,-1.53480017673553e-06,-1.89606315716298e-06,-1.14343272860609e-08,-1.52506272592941e-06,9.13193355321309e-07,-1.65114851999298e-06,2.68312164087362e-17,-4.79064577528082e-06,3.75676128970461e-07,1.08266748795854e-08,9.46322191854566e-08,-3.09704631709543e-06,-6.34699618380679e-06,3.21469088488333e-06,-1.16709882050449e-05,-5.72933575809014e-07,-1.22314973783399e-17,-1.04631585238171e-06,-4.11776043498688e-07,-1.31580107009045e-06,4.45040059354277e-16,2.48296963384981e-06,3.58904312179704e-06,-5.48546088924394e-07,-2.05674975559599e-06,-7.01249283775196e-07,-4.02970898178957e-07,-0.00033022134682609,3.31443842951058e-07,2.67033629470158e-06,1.50015271310828e-07,7.41342118501448e-07,1.06989158040348e-06,1.28572344215484e-17,-4.24719187875981e-07,1.39277618617462e-06,6.79083988612818e-06,-9.05003637254682e-07,-2.52949377871572e-16,-2.29246796130293e-05,1.60659330386429e-07,-3.88419627983871e-07,-2.60613888317885e-07,-8.74239821098572e-07,9.29950774261413e-07,-0.000315967317269582,1.63924946672907e-06,-1.70265394515844e-16,5.93384282816429e-06,-1.13412515380758e-06,3.15473538298145e-06,7.46014361533831e-06,-0.000163449926409867,-4.96489906558263e-09,1.30104260698261e-16,2.24422566210837e-17,-4.80111111824937e-09,-6.11354725034026e-07,8.05827218852012e-08,-8.12545821730087e-07,2.37571597927731e-15,-3.84720448373564e-07,-4.53884263410537e-09,-2.68086295910156e-17,8.44224460703939e-18,-4.13162799434969e-16,9.63668533288147e-07,7.37462495900483e-05,-3.0733716402623e-06,2.40286374794381e-06,1.19774499183774e-06,5.67038424032606e-05,-1.0537544221148e-06,-1.21325652148409e-13,-2.32234891901986e-07,6.51640851063232e-07,2.52593845758905e-16,-1.75319553286749e-17,-4.07507624064736e-07,-2.19297840597554e-10,-2.40379725136817e-07,1.30560473262785e-06,2.36251038834047e-07,-8.83827395939656e-08,-3.41368583003368e-16,-2.97045671229417e-07,-1.10709002393222e-16,-1.0105655695184e-06,-2.08492077768963e-16,-2.6373768798105e-07,7.6868591691187e-17,1.08134624865874e-06,2.84663749479068e-07,1.17969474632979e-07,1.54893299748992e-06,7.67047694487193e-07,-8.7914877810358e-08,5.56838637163702e-07,4.98938951289572e-06,9.3576633233585e-07,8.62326724670412e-08,1.93988324242595e-07,-5.45108339599203e-07,-9.33099796199313e-07,-7.56320391683694e-08,-2.59968928027995e-07,7.16012751700299e-17,2.43031539080542e-06,-4.18450355198038e-07,2.15869317532448e-07,2.28044065402384e-16,3.78134910432188e-08,1.02792472661783e-06,8.3569452186602e-05,-6.46772163155026e-17,-8.72271505338879e-07,-4.68241436866355e-07,-2.46255763021671e-16,-1.60292561247915e-05,1.37832994628979e-06,-3.15639316943892e-16,-1.88059156992749e-16,-5.0531087753413e-08,-2.71277831695357e-07,-1.54564335418791e-09,-2.14452302472098e-06,5.69425232009089e-07,1.67489205628237e-07,1.61352790764671e-07,1.49024032250193e-06,-3.34478933688181e-06,3.7545921233173e-16,6.89821398732487e-09,4.74738499577132e-09,1.31010996733466e-08,1.22601268772971e-06,-7.07440204331965e-17,9.99211881757717e-17,4.03249944685937e-07,-1.36136580881314e-16,-9.91613353875006e-17,1.91719953628811e-06,-6.38946474067799e-05,-4.26430793844645e-07,-2.87733255139778e-08,1.49269149179145e-05,8.54847736043201e-05,9.47858575626198e-08,-7.59575515349411e-17,2.23589013782352e-07,1.04442543934687e-08,4.79275034879065e-08,-4.82335600553093e-07,1.90439562770809e-06,-3.820008799744e-17,2.02960397133258e-16,5.19122311599721e-16,-1.66623951069206e-07,-7.99434971690039e-08,-4.65609622232842e-07,-2.34791151186806e-16,-6.13081835937039e-08,2.64053677465529e-16,2.26958752246641e-16,1.98519867503478e-05,-2.14440439154611e-07,3.96817995129695e-16,-5.41483974747117e-07,-2.79603152275135e-07,-1.19338051544947e-16,6.32679689240388e-07,1.69732727909513e-16,2.24806224924795e-07,6.55811594151202e-17,2.25863857777998e-07,4.96725901135883e-05,6.91381215264187e-08,6.54845223131165e-08,4.50832374096821e-07,-2.25676285644583e-07,6.23778023093182e-07,9.22760560122541e-17,4.10786156345255e-06,-2.31946570743651e-07,-2.91633085792738e-17,-3.05823820499691e-08,-0.000128099975379675,1.44350476573895e-07,-6.81856387763463e-17,1.05537750696241e-05,6.13678738784325e-07,4.71344453647526e-16,-1.53395561422657e-06,-3.39364509901802e-07,-1.76862691563991e-08,1.27163810942746e-16,3.70986042327304e-17,7.19538795372858e-06,9.70240735505508e-08,7.8509818962797e-09,-1.26716839549451e-07,5.77565404283466e-08,5.65400540065415e-18,2.41399912638982e-16,2.10956007528013e-07,1.45419435564814e-09,-4.31696754292889e-16,5.10269521278015e-07,1.60917886571881e-18,2.64237650468986e-07,-9.7844580516813e-08,-5.71744312899035e-08,-3.79171573894518e-07,-6.15621521094657e-16,1.52013772871076e-16,-1.12011607723136e-16,-9.17597430653918e-17,-3.05705670106974e-08,-1.06071136494603e-07,-2.05502888854792e-16,-3.84346108282515e-17,-6.84918369008444e-17,1.49466454295712e-07,1.3438770649031e-09,-7.41053120583622e-08,-2.18701711537637e-16,2.00008195769263e-16,-3.57136195616725e-16,-7.23173350413416e-05,9.49702221422464e-08,7.30410450154676e-17,1.7131262913307e-08,-4.4879703934053e-07,-1.44220312418336e-17,1.40412969621291e-16,-3.10975317437985e-07,-7.22596823363024e-08,-1.54315428887941e-07,-8.02080148005374e-17,3.54259189800427e-05,2.53772722782482e-07,2.72836718079083e-07,-2.4938587292588e-07,-6.71854366831857e-07,1.09519350924908e-08,-3.99980846877654e-16,3.50849365945047e-16,-3.7208552703784e-16,2.10091062830697e-07,-1.90248267253436e-07,-7.17971920418176e-08,-1.15217371947687e-05,3.79140660849952e-16,-1.61716345279722e-17,1.68342918080931e-16,1.02988576515405e-17,2.0116630492851e-16,2.73622504393591e-07,-4.58045252544095e-16,-2.80501772272727e-16,-4.44481023468199e-08,3.03770236449124e-17,-3.97960176211112e-08,-3.13544147545018e-16,-4.93536174242269e-08,-3.8591076879691e-16,-6.01559207948054e-08,-7.54074406860787e-09,-6.89641526755797e-07,1.88361209061596e-14,2.43477768739865e-07,-3.17144356967327e-16,3.48151288752564e-07,-6.19254976775744e-07,6.91590714221787e-07,5.90747110271247e-16,5.02614474915421e-07,1.56023745900028e-17,-1.24797852240116e-07,-1.58797781667009e-05,1.62611559146435e-16,2.04639920250472e-16,3.40977331338373e-16,7.86233608609346e-17,-2.37925942325541e-09,-3.10490374323328e-08,-6.95067650368984e-09,-1.7710529484976e-16,3.44831037295934e-17,-7.44403714545157e-08,6.07597939232107e-07,-2.00501862564688e-16,-1.17550388855293e-16,-3.2724043156995e-08,9.65080818875953e-17,-2.32972275784229e-07,7.9972781498937e-16,5.02488410694903e-05,-4.02892657601429e-16,1.82765087867753e-16,-5.18232306530287e-17,1.9030196561272e-16,9.80067444932185e-17,7.75914931927613e-16,4.42054218234999e-08,-3.09305525542063e-07,-7.39071507177865e-17,-5.29259040849072e-06,7.96426154956552e-07,-3.69674222331233e-16,5.86914473584022e-17,-2.46717853483543e-17,-1.29137424235715e-15,8.08259792993353e-08,1.30242486659349e-08,-9.6227721179502e-16,1.79498035350678e-16,-1.49337372878718e-07,-1.35423574081356e-05,-8.09609373540135e-09,-4.89835326344165e-16,-2.03476183359683e-16,-7.66700302722111e-18,-2.6263161239082e-16,-4.62343514066031e-16,2.12013575228394e-17,3.42574869280351e-07,-3.27084310739186e-07,-6.35106823608233e-08,9.96659291044944e-17,5.80341480709754e-17,-4.137340888279e-16,1.80701771902974e-16,-3.07589380668646e-16,-1.58225945851872e-15,-3.77127575484729e-16,1.50197989495066e-16,-1.13272258261628e-16,3.12745289556257e-17,-5.38485952268819e-16,5.35796102537111e-16,6.29397640522637e-16,6.53331258061819e-16,4.55064955479345e-08,-2.1832712750103e-16,3.44218012264718e-15,1.34875473238939e-16,6.85179662299016e-07,-8.38432951759338e-09,-3.22408736990936e-16,-1.81495886547483e-08,7.10326945588315e-07,-3.75818212610439e-16,5.36982767187424e-16,-0.000323100289198966,-1.34423941224071e-15,2.87863781919088e-08,1.02214473748489e-15,8.84777559942291e-15,-3.8753492561364e-15,-2.59401485615661e-14,3.43106062265723e-07,-0.40629571649251,-1.2286636186451e-14,8.30132288770484e-17,-6.26150388831067e-16,-1.95513252773537e-15,3.46760380826039e-15,-3.57950041659654e-18,-1.57412439488722e-15,-3.72429370379495e-16,4.82491832124142e-10,-2.82616532932852e-16,-1.16369313402188e-16,9.40338424689402e-17,-2.38702496269925e-15,-9.63359434628836e-16,4.43524090488218e-16,-4.7112433246538e-08,-1.99205435047903e-16,1.18188898150079e-15,8.81605294612872e-07,1.26104465510414e-15,2.04186401702155e-15,2.07076652528593e-16,-1.75180722990283e-15,6.11069426784163e-08,-3.28040728490848e-16,-4.77130161553923e-08,-1.44120712997845e-15,-4.97058247839076e-16,-1.91918039386957e-16,-2.57718668048067e-16,-1.80064571733186e-16,-1.48619709199988e-15,1.89145424754778e-09,2.18566618286198e-15,-1.55068869091492e-15,1.12910779633844e-08,-2.50496847118367e-07,1.53282883060463e-16,1.82801077855409e-07,2.70878069838243e-08,-1.87074859035412e-15,1.57136258554501e-15,-3.75913447907619e-15,2.52179164117932e-16,2.32512286661381e-15,-5.17291937161215e-08,2.60911296861105e-15,-6.01304145047281e-15,-1.44583431363388e-15,2.12060086931806e-08,8.1450934180475e-15,-8.93171577330715e-16,-6.65198921203768e-15,-8.97000525617411e-16,-9.93002144934931e-09,-5.52790718173852e-15,3.01073740394808e-09,-6.56681876257216e-15,4.61605871443353e-15,6.60440977221332e-15,-1.27649681224104e-14,-0.707106781186547,-6.86573070110465e-14,-7.22790844547385e-15,-5.41338773192284e-08,8.3558947476836e-15,-7.44111515057353e-15,2.29354927173678e-08,-2.06709806428402e-15,2.62272751368771e-15,2.67642258876918e-15,3.6998516597715e-15,2.48573453561893e-15,-3.63027616651978e-15,-3.81067082786317e-06,3.23822978018523e-15,4.11807504256938e-15,5.10603644029012e-08,1.33310041187252e-17,1.86383154998452e-16,-2.4429202425973e-15,-4.63310048145225e-15,-4.35037988641897e-15,-2.27994048349333e-15,-2.44331439887315e-15,-2.6634988999134e-16,9.0271452161494e-16,-1.70609332030779e-15,1.12385670240553e-15,-2.7560441631679e-08,9.16682537319277e-08,1.97501734900832e-15,-2.54536796194161e-16,-2.27392712210277e-15,7.4499446648368e-16,1.40447549423772e-15,3.45010771517932e-16,5.92444015173591e-16,1.26349141525464e-15,-8.06063110837245e-09,1.05970434792157e-15,-6.62544494809555e-16,-1.19565292234418e-15,-7.14408459122618e-16,2.63520906612844e-07,-7.76973618964087e-16,-1.67388636662518e-09,5.01673966134826e-16,8.84015672743145e-16,-2.18631829625667e-15,-8.81964366963989e-16,2.07186985140533e-17,1.171310252164e-15,9.15600495517152e-16,-1.09676176772376e-15,-5.98039334989044e-16,-2.25282815479672e-16,1.33246160674081e-15,4.80185332370026e-16,3.9499247571817e-17,-1.26994754781551e-16,-8.05029292032231e-16,4.3993991796494e-16,-1.52193959427595e-17,-1.01245589572153e-16,1.02793626680087e-16,-1.56827454764985e-16,6.50196042839557e-16,-2.66826064220864e-17,-3.33205084625061e-16,-3.52475711013157e-16,-1.84130511750198e-17,8.23438925681408e-10,-1.65098265969949e-16,-2.26331457886472e-16,-1.64599773250034e-17,6.46082780684276e-16,2.85129909506125e-16,-5.44306482503217e-16,-7.25719963848714e-17,6.81689443511008e-17,2.52090854618352e-16,-1.371475271712e-17,-3.47703636716101e-16,-4.87981413632109e-16,-1.69577053581348e-16,1.04138941823051e-17,1.32780287706295e-16,-5.68061055197908e-16,5.8205100698782e-16,-1.07808653898607e-08,8.08516957754717e-16,-2.00701266738943e-17,4.09989809973291e-17,-1.64832739352344e-16,-3.66232717447784e-17,-6.26972235657728e-17,2.11006364107631e-17,-3.90527148329944e-16,-9.85222261975344e-16,2.31747446968926e-09,-3.61917380228701e-17,1.1563510235019e-16,-1.99896019855786e-17,6.80406847641824e-17,-2.28768855054292e-16,3.90121277568195e-16,-1.78713986516971e-17,-4.10355433431481e-17,2.71091631940547e-16,3.13081281707546e-17,-8.61787750949284e-17,6.15131131244051e-17,4.83816136249852e-17,1.18337972305679e-08,6.79396286894922e-17,-9.48457199867018e-17,-1.49458384016114e-16,8.23993651088983e-18,-9.01117752540557e-07,-4.60400131849378e-18,1.7324156665849e-17,4.85193461971685e-17,4.38553762273072e-17,4.4545891375818e-17,-1.59350698279578e-17,1.12172975040176e-16,-9.36671759485783e-17,1.73784736985728e-17,-2.48170044810729e-17,5.45155225325479e-17,1.26130896657292e-16,-4.03344484516719e-17,1.52254942621875e-17,-3.12083224831e-17,1.41294027699555e-16,-3.67862788236788e-16
"t650",-0.00483663549088225,0.0492571150953686,0.0633202813735615,0.0150067231155984,0.0302575646516945,-0.00493862753115779,0.00151239846241163,5.1960513048514e-05,0.000433662205457063,-0.00113523212431894,-0.000369437758485636,0.00393006568133469,-0.013273273945168,-0.0714323201604247,0.00182165304665354,-0.000221350047176187,-0.0125292384239026,-0.00011126270273058,3.02474222487062e-05,2.68716276685295e-05,-0.000100162128071517,1.3865937780849e-05,-2.08197170954675e-05,3.25384350754881e-05,-4.78395853566356e-06,5.38155816531892e-07,4.33019839229487e-06,-7.19316285591295e-05,0.000128919281668126,-0.00351644258780903,2.02646381505044e-05,-0.000389779212086334,-0.000208466639240513,-1.44716298315872e-05,9.51719897140311e-06,2.83835373362482e-05,0.000106155668749994,-1.1752001739467e-05,-0.000106212289657302,-4.01342804053528e-05,-0.0362522073841848,-0.000206730063303315,7.30544920899137e-05,-8.50646925608087e-05,0.000156741346912528,7.62967597188427e-06,-2.62093767333641e-06,4.61632529164769e-05,-6.83658345156121e-05,0.00017384530785662,-0.000192478146187926,0.0107763422667715,3.2444796388017e-08,5.79928983502577e-05,-4.09520598271204e-05,0.000452733155762106,-8.26010709551423e-05,0.254601380771259,0.019164476673186,-8.39004474486568e-05,-3.32895985108361e-05,2.55579065588022e-05,-0.0004122035064221,0.000530665065739433,8.08477500248453e-06,-9.69059406353463e-05,2.50855497844426e-05,-0.00322764187839077,0.389172751235094,0.00231571991182367,-4.94715786983345e-05,9.39536731805425e-05,-2.99720659924391e-05,-0.000190955561518182,7.99873004866461e-05,7.53547512375785e-07,-0.000706175689904367,0.125627404446397,-0.00021988040558307,-0.000255803888441149,0.00208108142797446,0.00105161129092451,-0.000121925557170642,-0.000561732889188913,3.34054692361206e-05,0.000933206729322794,-0.000136147513392687,-2.14321110307643e-05,-4.76588058643122e-06,0.000180659706531285,-3.93839480599373e-05,9.42598359410067e-07,6.25442031835741e-05,-0.000568622248844935,-3.42933343263039e-06,-0.000160485756121646,-1.89360596405713e-05,0.000183950187536296,-0.0198789870793505,-6.92193050312477e-05,-2.50219155244952e-05,1.63943098876925e-06,-3.5455873210934e-05,1.60395941681676e-05,-7.03182669763705e-06,1.11557640652014e-05,-0.000382057077895175,1.31137998950336e-05,-6.00214988965189e-05,2.09809887595513e-06,0.00197058070394582,0.000112889774847173,-3.48261550444141e-05,3.38196784847429e-05,-1.25208240245746e-06,3.78874061573653e-05,-7.5714450815318e-05,8.91955532256806e-05,-0.000119812192730458,0.0478795094751705,1.90802064205936e-05,0.00303226014039268,-0.000131766454486532,-0.000363904382357813,1.69109070398696e-05,-0.000197453142175512,2.02742175874219e-05,-4.62634109981281e-05,0.000277059581627485,0.00357154892924679,1.5666472644909e-05,0.000411313955779885,-5.73279480254952e-05,-0.000108006192694102,5.63705662915644e-06,0.000219669740343195,-2.55172478709069e-06,-0.287486282580422,-0.000312704929042874,0.000870836968498607,4.57739380005879e-05,0.00125583033102105,-0.000303512371934086,-1.83546143448898e-05,-6.98447198634308e-06,2.82196831508902e-06,0.038008275583622,-5.87999850965657e-06,-3.62031746790958e-07,7.51815370340137e-07,1.5747764806102e-05,3.24719353058379e-06,9.06945952015713e-06,-2.39650103690335e-05,0.00164216900312806,3.56876903190803e-07,-5.15372950156695e-06,1.08174876144939e-05,2.13183065902606e-07,6.33580432179794e-08,1.90447030897122e-06,-5.58065998551285e-05,-8.15350946086694e-08,-2.01619832162989e-06,3.15545457988292e-06,-3.09532040173261e-06,6.11627694862124e-06,1.06398522409693e-07,5.31563602303842e-06,0.000167725966293435,-1.25279651031412e-05,-2.22375510212969e-06,2.86421229717661e-07,7.59667722411323e-07,1.98855374894639e-06,3.22093943054113e-07,1.81738882592359e-07,-8.45327731161767e-06,-1.463688921188e-05,-0.000132701977957063,0.00256614890747736,-2.6170934239408e-05,-0.000136515372606276,3.51438686309171e-09,-2.01927431595821e-06,-4.97435063481945e-08,-8.40259928010319e-06,3.08093516346597e-06,1.39143890790673e-05,-1.8500411941278e-05,-4.55530781288432e-07,8.90628771027214e-07,3.60013216224187e-06,6.53612816550909e-09,2.06749026006521e-05,-9.32614002882532e-07,-1.72975532805101e-06,-1.24457346906046e-06,1.04786230644609e-06,4.65693830042876e-07,4.66062967731445e-07,0.000153372588882814,-1.2187141602607e-08,-2.17746291416583e-06,-3.29874606191511e-06,-1.6401848706004e-05,2.12631098126546e-06,1.11592795890335e-05,-1.58427558085607e-05,-9.8307506465181e-08,-6.43549287456064e-05,2.07735197655521e-05,-5.47298438182772e-05,-6.78061694776766e-06,-5.48637042122369e-07,-3.56021333578465e-06,9.19697267221833e-07,0.000150047020760225,-1.05747263083267e-06,-5.75175135397133e-06,-0.00066497312403537,3.16718028193228e-05,7.45451182077418e-06,0.000774972766285432,-6.32326760030929e-06,-2.49480648674994e-06,-3.44956799536322e-05,-0.000672410845178394,-3.74792896693475e-06,-2.97791019102638e-06,8.88943155763789e-06,1.81944589113264e-06,1.00763977414978e-06,1.68384293948142e-06,-8.82324550094634e-08,-2.02367466118968e-07,-7.42091390169409e-06,-5.00737783600191e-17,-8.24032956024178e-07,1.17334969752048e-05,-5.70927084479535e-05,-5.91729740387899e-06,-6.69547032088018e-06,1.12836762103994e-06,-1.28268099510672e-06,6.63080258566536e-06,-1.07175659884821e-07,6.97243311184509e-09,-1.58674060942408e-06,1.60071591801614e-05,-1.25440485437715e-05,5.20112179495789e-05,-3.21044334486633e-06,1.67913730812748e-07,-1.08929693383875e-08,5.15175315155479e-07,-4.79724777744189e-07,7.5469253075046e-06,1.68133608935027e-06,-3.29766843673231e-07,0.00129004209115042,-1.3892154403387e-06,0.000266441744398973,-6.45571377880817e-06,6.30888760855031e-07,-2.1581010124837e-07,3.75504410983424e-08,1.82202148746718e-05,-5.70346351389757e-06,2.79908202381316e-07,2.86216201045002e-05,-2.41329922743689e-07,2.91133114282285e-06,-3.64905043917751e-06,0.00129175150806393,-9.08934747460398e-06,7.61038648435888e-06,-5.59776349760207e-07,9.19506303617869e-06,-4.70812353029226e-07,1.8196511765085e-06,1.02432307318391e-16,-4.46715865980726e-06,-1.52976096122602e-07,-2.00099503475587e-10,-1.72974021687205e-06,2.17108163595898e-07,-1.34253804484836e-07,-4.42687705774658e-07,4.98591008509918e-08,-2.11327029247494e-06,7.34233312943526e-06,2.68111901924065e-07,-6.42747970290452e-06,3.05819709485972e-06,-3.69555867667622e-06,1.17270046478359e-05,-1.77755881929902e-06,2.89968917903394e-06,1.02749969259816e-07,7.80843988864392e-08,4.21058254084761e-06,-2.64281816526578e-05,1.1694920652488e-07,-3.21132257724513e-06,0.00011050721980468,-0.000358077711324968,9.34292866732934e-07,8.4487169934252e-07,4.8616087352179e-06,-1.54329585824729e-06,-8.79261582654331e-07,1.03906508526034e-06,-0.00102676731043766,1.02104523174844e-07,1.0136547853631e-06,-2.00670139214399e-06,5.80429310018223e-18,6.39763753498984e-09,3.95221715020824e-06,-3.91769974098779e-07,2.03200777217593e-06,2.60250889837691e-07,5.60648490145056e-07,1.57404845425668e-06,-0.00320019971792008,3.64686646735667e-06,-1.29831576079568e-16,-3.62891465319129e-06,-3.35912565641721e-08,-1.25989895122174e-07,5.98546639476681e-07,9.62747616746886e-07,-6.52509364217559e-08,-2.50384347980314e-06,6.6820108129983e-07,-3.16374361799613e-06,4.18848226573866e-06,-6.4077941451419e-07,-1.53480017686949e-06,-1.89606315727396e-06,-1.14343272215509e-08,-1.5250627259853e-06,9.13193355347908e-07,-1.65114852004461e-06,3.39798246825011e-17,-4.79064577545893e-06,3.7567612913114e-07,1.08266748370692e-08,9.46322192481872e-08,-3.09704631702695e-06,-6.34699618378655e-06,3.21469088488745e-06,-1.1670988204947e-05,-5.72933575974698e-07,5.25195278458595e-17,-1.04631585242131e-06,-4.11776043399457e-07,-1.31580107000152e-06,3.12458791814257e-16,2.48296963375307e-06,3.58904312187566e-06,-5.48546088851199e-07,-2.05674975560978e-06,-7.01249283626073e-07,-4.02970898176526e-07,-0.00033022134682607,3.31443843002743e-07,2.67033629460743e-06,1.50015271261573e-07,7.41342118602828e-07,1.06989157996199e-06,1.14829902685631e-17,-4.24719187360453e-07,1.39277618610446e-06,6.79083988630802e-06,-9.05003637231962e-07,-6.97042418382082e-17,-2.29246796129717e-05,1.60659330432833e-07,-3.88419628073663e-07,-2.60613888338804e-07,-8.7423982117246e-07,9.29950774432908e-07,-0.000315967317269458,1.63924946694617e-06,-4.43136499373805e-17,5.93384282805425e-06,-1.13412515389248e-06,3.1547353829466e-06,7.46014361531733e-06,-0.000163449926409997,-4.96489907422684e-09,1.05818132034585e-16,2.15430889776751e-18,-4.8011111310418e-09,-6.1135472506315e-07,8.0582722332051e-08,-8.12545821921455e-07,2.55380143590313e-15,-3.84720448372568e-07,-4.53884272950519e-09,-7.03376569610907e-17,5.17080768371076e-17,-3.32503282165455e-16,9.63668533354798e-07,7.37462495898574e-05,-3.07337164018933e-06,2.40286374780718e-06,1.19774499173929e-06,5.67038424033928e-05,-1.05375442206484e-06,-1.21444883564966e-13,-2.32234891832527e-07,6.51640851041719e-07,2.90745177851601e-16,-1.25101798138872e-16,-4.07507624051693e-07,-2.19297869917759e-10,-2.4037972521802e-07,1.30560473262863e-06,2.36251038998972e-07,-8.83827393869359e-08,-1.3179094797611e-15,-2.97045671191411e-07,-6.76670418561024e-17,-1.01056556952607e-06,-6.25693073741385e-16,-2.63737688149809e-07,-3.35742521448598e-17,1.08134624875998e-06,2.84663749401481e-07,1.17969474404953e-07,1.54893299730618e-06,7.67047694527283e-07,-8.79148780081354e-08,5.56838637195416e-07,4.9893895127738e-06,9.35766332457663e-07,8.62326723059979e-08,1.93988324201004e-07,-5.45108339489897e-07,-9.33099796414393e-07,-7.56320390117492e-08,-2.59968928101318e-07,-6.36573999093344e-17,2.4303153909245e-06,-4.1845035523027e-07,2.15869317346634e-07,2.1040088057522e-16,3.78134904547344e-08,1.02792472672315e-06,8.35694521866235e-05,1.2106021508344e-16,-8.72271505411181e-07,-4.68241436685778e-07,1.9068790069766e-16,-1.60292561246931e-05,1.37832994654867e-06,2.0902771065217e-16,5.82990240862518e-17,-5.05310879105329e-08,-2.71277831405904e-07,-1.54564360085443e-09,-2.14452302468707e-06,5.69425232308867e-07,1.67489205245323e-07,1.61352790561026e-07,1.49024032256859e-06,-3.34478933669363e-06,3.64075089520632e-16,6.89821402616508e-09,4.74738503951169e-09,1.3101099719707e-08,1.22601268756318e-06,-1.88188468451646e-16,8.89470578760993e-17,4.03249944693434e-07,1.06939516968911e-16,-8.78340700477878e-17,1.91719953611523e-06,-6.38946474066549e-05,-4.26430793784855e-07,-2.87733256092087e-08,1.4926914917805e-05,8.54847736043334e-05,9.47858575506921e-08,-3.23693893733686e-17,2.23589013700781e-07,1.04442540503742e-08,4.7927503478626e-08,-4.82335600628884e-07,1.9043956275334e-06,-7.20381401803226e-17,-7.5351104143599e-17,4.93639366825476e-17,-1.66623951179798e-07,-7.99434968753158e-08,-4.65609622397586e-07,-5.34659148548607e-16,-6.13081834553082e-08,1.36226241329481e-16,-3.07417774216723e-17,1.9851986750204e-05,-2.14440439093335e-07,5.85469173142172e-17,-5.41483974483368e-07,-2.79603152326558e-07,3.48413870719457e-16,6.32679689450712e-07,1.34985225587069e-16,2.24806224929654e-07,1.04037998694628e-16,2.25863857490621e-07,4.96725901135323e-05,6.91381220202308e-08,6.54845224231228e-08,4.50832374128177e-07,-2.25676285584031e-07,6.23778022888659e-07,2.90110732733479e-17,4.10786156353149e-06,-2.31946570692396e-07,1.70244590220346e-16,-3.05823824859406e-08,-0.000128099975379687,1.44350476277152e-07,1.77764586548718e-16,1.05537750696936e-05,6.13678738735917e-07,-1.96650694235043e-16,-1.53395561419867e-06,-3.3936450945187e-07,-1.76862690211555e-08,2.00656482393577e-16,-6.32605612065984e-18,7.19538795366776e-06,9.7024073663299e-08,7.85098208513062e-09,-1.26716839688589e-07,5.77565402554702e-08,1.1393074544573e-16,-3.39520274904489e-16,2.10956007737885e-07,1.45419428012028e-09,-4.94018640450813e-17,5.10269521404979e-07,-9.25876341028185e-17,2.64237650360066e-07,-9.78445807244585e-08,-5.71744309504458e-08,-3.79171574274252e-07,-6.44003881444608e-16,-8.11864654472573e-17,1.291705535858e-16,-5.70355862770968e-17,-3.05705669497704e-08,-1.06071136878007e-07,-1.85289192514078e-16,-4.56117868615504e-16,-2.53326256117899e-16,1.49466454372873e-07,1.34387725658585e-09,-7.41053118701619e-08,-3.79550262761469e-17,6.50439988328366e-16,-5.19658101272302e-16,-7.23173350411391e-05,9.49702223581522e-08,-5.36277418593336e-17,1.71312626903515e-08,-4.48797039112673e-07,2.6534062315207e-17,-9.57129299575531e-17,-3.1097531745867e-07,-7.22596822312168e-08,-1.5431542898365e-07,5.91592137580174e-17,3.54259189803833e-05,2.53772722488675e-07,2.72836718031384e-07,-2.49385873594839e-07,-6.71854366623931e-07,1.09519353644632e-08,-1.77933856067976e-16,2.65855086861319e-16,-8.05275367212712e-16,2.10091062930495e-07,-1.90248267315527e-07,-7.17971918776067e-08,-1.152173719478e-05,9.44320006773592e-16,6.73840386632538e-17,-1.31690019750317e-16,3.53645266881523e-17,4.51075075317187e-16,2.73622504329468e-07,-2.66589786306106e-16,4.36728600081862e-17,-4.44481022664062e-08,7.30439897548962e-17,-3.97960179922224e-08,-9.77578671656083e-17,-4.93536175374916e-08,2.97735332051381e-16,-6.01559206678168e-08,-7.54074384375249e-09,-6.89641526630153e-07,1.88180868730977e-14,2.43477768376936e-07,1.23176503793411e-17,3.48151289017323e-07,-6.19254976645999e-07,6.91590714088046e-07,-1.68081538299874e-16,5.0261447492546e-07,1.37730327757664e-17,-1.24797851807272e-07,-1.58797781663874e-05,-2.55176646072595e-16,-6.79911526678283e-17,4.22370995675907e-17,-2.51465977222791e-16,-2.37925922910742e-09,-3.10490376682526e-08,-6.95067683476034e-09,3.30561053932376e-17,1.43790210701603e-16,-7.44403716208688e-08,6.07597938922025e-07,3.76151983925792e-17,2.10279164962292e-16,-3.27240434097435e-08,3.04741072978669e-16,-2.32972275656512e-07,1.38546863973092e-15,5.02488410697504e-05,2.75974243731042e-16,6.8449259539116e-16,-2.54151155701582e-17,4.43462318191364e-16,-2.07335747866906e-16,-3.09479862947585e-16,4.42054207826794e-08,-3.09305525909649e-07,-1.14379708562084e-16,-5.29259040862543e-06,7.96426154755728e-07,-6.28163987340024e-17,1.16244537475979e-16,7.38976215049828e-17,-1.67342245223148e-15,8.08259794198201e-08,1.30242479424444e-08,-1.7215557110773e-15,3.09427693197142e-16,-1.4933737360529e-07,-1.35423574085092e-05,-8.09609380903544e-09,-1.08505408255196e-16,-1.9338367963366e-16,3.81634925561622e-16,-1.13373688131705e-15,3.96629495137271e-17,-4.46866509965975e-16,3.42574869445848e-07,-3.270843116465e-07,-6.35106825079932e-08,8.75690430758352e-17,-1.84127358067812e-16,-1.85423089328927e-15,-2.98476357415018e-16,-9.52951941739342e-16,-2.04559371170308e-15,-1.2116881214316e-16,1.22391005874981e-17,-1.30684116200346e-16,-5.95010891765774e-17,-1.37798858297786e-15,1.13740916519406e-15,7.7610844085406e-16,-1.87338928722945e-16,4.55064959343723e-08,-3.0503384077091e-16,3.93484162205876e-15,-3.79844639526742e-16,6.85179663294858e-07,-8.38433028006915e-09,5.24392341849329e-16,-1.81495887085275e-08,7.10326945767129e-07,-5.55961874501921e-16,8.17369174717531e-16,-0.00032310028919964,-5.98192857446661e-16,2.87863781191521e-08,1.18292182675462e-15,8.76887501737695e-15,-3.31488978954495e-15,-2.39087723787409e-14,3.43106062897226e-07,-0.406295716492507,-1.11180290641965e-14,7.67758624742573e-16,2.73370113706743e-16,-2.10887239576743e-15,2.54494775947522e-15,-2.03752355379316e-16,-1.53807654364234e-15,-1.08423787433963e-15,4.82491652743355e-10,1.67436529585699e-16,-5.79002722153764e-16,3.81148586705694e-16,-1.88401257003404e-15,-2.03297273242788e-15,-8.73957731934694e-16,-4.71124338818739e-08,1.83052897835474e-16,-5.82121979082547e-16,8.8160529487614e-07,1.56820481444702e-16,-1.84788103279868e-15,-1.69349878424419e-16,-6.05737186770624e-16,6.11069445784e-08,-8.09097010292067e-17,-4.77130176888066e-08,1.95961173381535e-16,-2.71441391378329e-16,3.27415114593427e-16,-1.2993388002092e-15,4.89937493234442e-16,4.80239262711987e-15,1.8914542815588e-09,3.17483095378908e-15,2.0996370730357e-15,1.12910797525415e-08,-2.50496848007074e-07,-1.16523976345009e-16,1.82801078952961e-07,2.70878058725154e-08,1.87366975503487e-15,-2.10523869781916e-16,1.26313383131004e-15,9.61539996887223e-17,-3.48694974738868e-15,-5.17291929280658e-08,-4.42901083933623e-15,5.48119564376805e-15,1.23031324648784e-15,2.12060091788084e-08,-7.44652147697587e-15,3.13925333789968e-16,6.36958732246932e-15,1.12036595134158e-15,-9.93001736852881e-09,5.19209021343956e-15,3.01074172456576e-09,6.64791959798387e-15,-3.83513457610805e-15,-7.61428656128245e-15,1.26971336905351e-14,0.707106781186549,6.84723059271317e-14,6.82418414057032e-15,-5.41338750625163e-08,-8.37180390420108e-15,7.44346986570378e-15,2.29355013116962e-08,1.64077141226043e-15,-2.81383872457479e-15,-1.82040195633966e-15,-3.7729422959219e-15,-2.71797555670033e-15,3.74603335012259e-15,-3.81067083001704e-06,-3.1094923761247e-15,-4.9889308507228e-15,5.10603673921554e-08,-3.8500112750495e-16,-2.89165630877664e-16,2.2604668466425e-15,4.1459403601848e-15,3.75197358888985e-15,1.78788337009706e-15,2.33855302465282e-15,8.31123770343027e-16,-9.85853449517326e-16,1.5583781853916e-15,-1.63534063222994e-15,-2.75604411573949e-08,9.16682523588948e-08,-1.77954678869298e-15,5.18226097200635e-16,2.28464804404928e-15,-9.33862073059112e-16,-9.80769285230387e-16,-2.90759302839365e-16,-1.04019530427718e-15,-8.01298812563906e-16,-8.06063239838331e-09,-8.80249708437253e-16,6.03861489171554e-16,1.50309861044024e-15,9.375694184771e-16,2.63520907266631e-07,7.93746836408721e-17,-1.67388737580117e-09,-8.0847864836779e-16,-5.59402024302075e-16,2.11002065826228e-15,8.27060467729078e-16,4.5224950593424e-18,-3.08810468131119e-16,-9.27008551086149e-16,1.27743821908913e-15,6.09313275474867e-16,3.13740341615776e-16,-1.33156624357264e-15,-2.81966283158277e-16,4.88881259256998e-17,-1.99389925925996e-16,8.30293892042967e-16,-4.15104491655885e-16,-3.40670677837561e-17,-5.17866484690062e-16,-6.95303512295094e-17,2.02546847645787e-16,1.9298798670242e-16,-1.31600817765073e-16,3.63177970762378e-16,6.14481426909026e-16,-6.15987170607339e-17,8.23438973288895e-10,1.58056305048216e-16,-3.84191294200358e-16,-5.15480458484592e-17,-7.00037906660208e-16,-2.53936796311174e-16,3.59854114526482e-16,1.04371628873091e-17,5.27484686081021e-16,-2.5770753356582e-16,-2.05124773257276e-16,-4.67074295906755e-16,4.8713708783556e-16,5.0438031670943e-16,-9.63669816130259e-17,-2.84071059605748e-18,5.32112046478795e-16,-7.42586774283415e-16,-1.07808656000862e-08,-1.077013335119e-15,-1.5906096868894e-16,-1.24146728079293e-16,5.99782848586644e-17,-3.49609759164772e-16,-2.17217427704506e-17,1.16994652276512e-17,1.18243661202824e-16,8.69656989941005e-16,2.31747450197265e-09,-2.34817576022214e-16,-1.01553177220498e-16,-4.25898060564679e-17,-1.64186410964656e-16,1.82539747005121e-16,-2.69139515184334e-16,8.23496231095534e-17,4.30115404670456e-17,-4.73212741805139e-16,1.06488189963955e-16,6.48466044748897e-17,-5.00501787986965e-19,1.92222421541892e-17,1.1833797160146e-08,1.03396596315647e-16,-2.6924495260594e-17,-8.75109514007912e-17,-2.06648934075737e-16,-9.01117752351292e-07,1.60259190674422e-16,-6.20206661540062e-17,-6.4445351000708e-17,-4.49007236312003e-17,-1.38214103162209e-17,1.22896122403885e-16,2.55322388409577e-16,7.52211425093297e-17,-4.46392482963369e-17,3.61215952159319e-17,7.45127199779356e-17,2.3177974439208e-18,-1.92609840513755e-17,2.19846838041963e-17,4.03780487138506e-17,7.130109951762e-17,-2.40418421145958e-16
"t533",-0.00483628315816953,0.0492495600175429,0.0633102557192094,0.0150035405760484,0.0302497123519217,-0.00493712467086949,0.00151192922502582,5.19431146727368e-05,0.00043349083637061,-0.00113468872671715,-0.000369213768666203,0.00392713508185226,-0.0132630896255149,-0.0713766902785172,0.00182017319459732,-0.000221159735340002,-0.0125182117319279,-0.000111163029112116,3.02197054116277e-05,2.68449039595234e-05,-0.000100054495230049,1.38480037687993e-05,-2.07913050207051e-05,3.24937814457048e-05,-4.77736793524875e-06,5.37379695707166e-07,4.32388087676539e-06,-7.1825759023484e-05,0.000128724538822795,-0.00351018998164901,2.02262662881942e-05,-0.0003890083390952,-0.00020802530862988,-1.44395769418864e-05,9.49507171160846e-06,2.83124246801182e-05,0.000105886428443033,-1.17217356164559e-05,-0.000105936945198118,-4.00287343147268e-05,-0.0361542145321583,-0.000206158134159216,7.28494653284855e-05,-8.48256773306687e-05,0.00015629349660755,7.606531500549e-06,-2.6128449317541e-06,4.6019532496113e-05,-6.81480784593644e-05,0.000173278007973705,-0.000191829905737143,0.0107395212253078,3.23337047333037e-08,5.77907789635753e-05,-4.08043982581849e-05,0.000451092448468785,-8.22743450361879e-05,0.253571074399391,0.0190867141336152,-8.35411189359492e-05,-3.31413239729006e-05,2.54418941035848e-05,-0.000410303934019376,0.000528210335608851,8.04633020361188e-06,-9.64338340933133e-05,2.49568655743162e-05,-0.0032107093707544,0.387110147641386,0.00230322146704777,-4.91791207741893e-05,9.33613570110424e-05,-2.97812974170691e-05,-0.000189716272688608,7.94669334112166e-05,7.48604437876816e-07,-0.000701528147114918,0.124787314762262,-0.000218357329176538,-0.00025400718089073,0.00206611968050399,0.00104401305342918,-0.000121012579280993,-0.000557482129804755,3.31413337454611e-05,0.000925741330072747,-0.000135045596554677,-2.12583233320539e-05,-4.72721631702133e-06,0.000179192262124723,-3.90626355830643e-05,9.34589805770374e-07,6.20108736402755e-05,-0.000563654799035244,-3.3981429967849e-06,-0.00015901741919407,-1.87627595312802e-05,0.000182241413212644,-0.019693309648262,-6.85594242103661e-05,-2.47794459948219e-05,1.62352152438722e-06,-3.51112423416489e-05,1.5872339912057e-05,-6.95812851827494e-06,1.10383829220961e-05,-0.000378008959129553,1.29745821211612e-05,-5.9382118720445e-05,2.07563322846666e-06,0.00194944509513669,0.000111666929825586,-3.44484677949471e-05,3.34434339533481e-05,-1.23807821572834e-06,3.74586930108582e-05,-7.48532681472364e-05,8.8166673852521e-05,-0.00011841160176636,0.0473142124338881,1.8853667969186e-05,0.00299556461083483,-0.000130152377669637,-0.000359444666691026,1.6703301303677e-05,-0.000194999149744579,2.00219891770348e-05,-4.56818173388292e-05,0.000273473296357206,0.0035253036209882,1.54631448836163e-05,0.000405872995571937,-5.65667959812326e-05,-0.000106568352119543,5.56119526146713e-06,0.000216709089681342,-2.51655161466643e-06,-0.283452686699788,-0.000308212396093146,0.000858317663454253,4.51132511623106e-05,0.00123766724801868,-0.00029910835766549,-1.80879552224297e-05,-6.8829986419423e-06,2.78060535831265e-06,0.0374414006675789,-5.79076538370121e-06,-3.56514091861467e-07,7.40249216115449e-07,1.55053166627158e-05,3.19702295559322e-06,8.92904032294486e-06,-2.35930907109886e-05,0.00161613184040503,3.5119932251733e-07,-5.07154231014363e-06,1.06356438544733e-05,2.09554715857943e-07,6.22776579819711e-08,1.87165664746055e-06,-5.48430288072793e-05,-8.01086880570008e-08,-1.98087027432121e-06,3.09946189282645e-06,-3.03972914801877e-06,6.00262045745788e-06,1.04419020770965e-07,5.21671076999165e-06,0.000164590287033307,-1.22925048207956e-05,-2.18192824227611e-06,2.80977483349139e-07,7.45182439791836e-07,1.95037049532498e-06,3.15898673147119e-07,1.7824019375132e-07,-8.28791382000442e-06,-1.43458591683326e-05,-0.000130056076032505,0.00251484785143658,-2.56436549348433e-05,-0.000133756716661291,3.44316214120624e-09,-1.9782383738333e-06,-4.87233323963502e-08,-8.22988413601345e-06,3.01637420794945e-06,1.36226289168969e-05,-1.81100123832788e-05,-4.4574992330629e-07,8.71232525791341e-07,3.52134630901692e-06,6.39205831957671e-09,2.02167479765027e-05,-9.11620024651064e-07,-1.69068531343189e-06,-1.21626168228539e-06,1.02394078331583e-06,4.54772844046142e-07,4.55119675471006e-07,0.000149730933953698,-1.18946139124644e-08,-2.12384264691584e-06,-3.21750461644826e-06,-1.59969629252942e-05,2.07344894911394e-06,1.08804894930177e-05,-1.5441832766826e-05,-9.57803184324668e-08,-6.26798239589211e-05,2.02307359505466e-05,-5.32752569268613e-05,-6.59871388172533e-06,-5.33915192380949e-07,-3.4639888053931e-06,8.94386562420247e-07,0.000145903411606137,-1.0277355977874e-06,-5.58799504331493e-06,-0.000645960392740775,3.07504432452231e-05,7.23676771431771e-06,0.000752235089742849,-6.13522995912703e-06,-2.4204170404121e-06,-3.34664181603511e-05,-0.000652055306355935,-3.63347920793332e-06,-2.88609809303255e-06,8.61417355711564e-06,1.76285561152963e-06,9.76168433345623e-07,1.63119006233525e-06,-8.5443502178389e-08,-1.95927921836369e-07,-7.18306725406533e-06,-2.45099965849259e-17,-7.97350060614702e-07,1.13527816997163e-05,-5.52141550563743e-05,-5.72051248562876e-06,-6.47086098017982e-06,1.09049519185597e-06,-1.23893624700362e-06,6.40406192982149e-06,-1.03506293085047e-07,6.73232185462768e-09,-1.53188257429755e-06,1.54497830195706e-05,-1.21058810129742e-05,5.01920914018203e-05,-3.09735901160053e-06,1.61824172467613e-07,-1.04938927919474e-08,4.96142165171684e-07,-4.61678519729279e-07,7.26266344940422e-06,1.61721418615222e-06,-3.17103081126919e-07,0.00124001377605836,-1.33517251360476e-06,0.000256042780766075,-6.20261306111197e-06,6.05989094862577e-07,-2.0728614064126e-07,3.6042248831876e-08,1.74881311811996e-05,-5.4742016781422e-06,2.686059588629e-07,2.74639904557812e-05,-2.31517149321232e-07,2.79283617782834e-06,-3.49577479013738e-06,0.00123730626025696,-8.70520666853477e-06,7.28675027194083e-06,-5.35853636453481e-07,8.79771952402379e-06,-4.50401915007743e-07,1.74056646941532e-06,-4.31969956300285e-17,-4.27131847502159e-06,-1.46261990821911e-07,-1.9128453066881e-10,-1.65287358259091e-06,2.07388172899503e-07,-1.28222035938386e-07,-4.2276399479573e-07,4.75647254926994e-08,-2.01588527889423e-06,7.00384945863013e-06,2.55671762247172e-07,-6.12377571027664e-06,2.9132420339039e-06,-3.52001280572034e-06,1.11659593460737e-05,-1.69019379547425e-06,2.75557168730092e-06,9.76398755539614e-08,7.42002544866434e-08,3.99533600129544e-06,-2.50345526604641e-05,1.1075790523127e-07,-3.04033785461946e-06,0.000104582406654635,-0.000338838663650471,8.8320093850503e-07,7.98608645299809e-07,4.59475352614097e-06,-1.45844355921808e-06,-8.30655574310732e-07,9.81280159431927e-07,-0.000969350095976902,9.63810445613484e-08,9.56602260481915e-07,-1.89277418694457e-06,-2.7231900629685e-17,6.01509995439157e-09,3.71469544811989e-06,-3.6804618068877e-07,1.90893117617575e-06,2.44484041689119e-07,5.26619648833779e-07,1.47817731174002e-06,-0.00300447656705992,3.42195283348096e-06,2.43865645367604e-16,-3.40081253809947e-06,-3.14748572554988e-08,-1.18012062622563e-07,5.60623307779818e-07,9.00992112637118e-07,-6.10370125209329e-08,-2.34060001745675e-06,6.24351891000999e-07,-2.95320790759995e-06,3.90617881041826e-06,-5.97240382014168e-07,-1.43004101257749e-06,-1.76628121298605e-06,-1.06477553286997e-08,-1.42009551702366e-06,8.50118023772844e-07,-1.53678974268542e-06,-1.56788121458404e-16,-4.4520558194188e-06,3.49013363857079e-07,1.00582446705401e-08,8.78359343918102e-08,-2.87422776707778e-06,-5.88040965428964e-06,2.97692605879989e-06,-1.08067429988898e-05,-5.30314594911633e-07,-6.16076196366712e-17,-9.68080542802538e-07,-3.80927547293157e-07,-1.21651967940177e-06,5.399837110911e-16,2.29417269654715e-06,3.31564901038089e-06,-5.06721547215543e-07,-1.8996263352403e-06,-6.47503979960731e-07,-3.72011108191671e-07,-0.000304802558387116,3.05787220053208e-07,2.46349162322515e-06,1.38350221579408e-07,6.83305293975084e-07,9.86105049515975e-07,-3.42616278642014e-17,-3.91017633250242e-07,1.28200719832398e-06,6.24804706499532e-06,-8.32117270802725e-07,1.49156795724704e-16,-2.10482663087881e-05,1.4727050383443e-07,-3.55789278827099e-07,-2.38638546452808e-07,-8.00193643851827e-07,8.50535303249374e-07,-0.000288624471654121,1.49274337834902e-06,8.84228121543455e-17,5.38852137768987e-06,-1.02964810457895e-06,2.86265975302212e-06,6.76467030895921e-06,-0.000148204213996964,-4.50089884923388e-09,2.39391839684799e-16,2.12770405712075e-17,-4.34738565832748e-09,-5.53020025766899e-07,7.28844277614795e-08,-7.34252553567233e-07,2.21414287049451e-15,-3.46954418570223e-07,-4.08962417840207e-09,-9.79990974653523e-17,-2.42993010477968e-17,9.78688162223742e-16,8.65842424698194e-07,6.62359282645504e-05,-2.75691416221943e-06,2.15314138014692e-06,1.07313209614805e-06,5.07461472236571e-05,-9.42914628919302e-07,-1.08417229704856e-13,-2.07320931158826e-07,5.81250135611616e-07,-4.85354711003316e-16,-6.2758812257108e-17,-3.62295873574634e-07,-1.94811062210182e-10,-2.13309965288924e-07,1.15773891885996e-06,2.09202792300927e-07,-7.82461752879897e-08,-1.96412055857555e-16,-2.62896390789277e-07,1.60580661525013e-16,-8.93589993274695e-07,3.28079577394114e-16,-2.33055587665258e-07,-5.13320828305098e-17,9.54743132167287e-07,2.51292691119735e-07,1.03903889003785e-07,1.36358888412545e-06,6.75125893802887e-07,-7.7310604467702e-08,4.89294017553834e-07,4.37625498469704e-06,8.20758948763938e-07,7.55922466850783e-08,1.69877020925487e-07,-4.7669524641258e-07,-8.15037081255804e-07,-6.6001308418502e-08,-2.26761545625608e-07,-6.32648551934312e-17,2.11685935063173e-06,-3.63976510906389e-07,1.87023728285028e-07,2.64667767805535e-16,3.27224989626347e-08,8.8795520860446e-07,7.21350491728955e-05,2.26969246282253e-17,-7.52626612769173e-07,-4.03381412211633e-07,4.41485277930067e-17,-1.37981676591176e-05,1.18084907480483e-06,-3.56838370728115e-17,2.16691973587145e-16,-4.32090002726999e-08,-2.3192911269197e-07,-1.32038036617773e-09,-1.83023558916457e-06,4.8491625440913e-07,1.42604896064685e-07,1.37343248993229e-07,1.26474043580675e-06,-2.83168532106803e-06,1.23273787011602e-15,5.8345046124225e-09,4.0146829471395e-09,1.10727719252455e-08,1.03548456975753e-06,1.86500891699921e-16,-2.32971028352573e-16,3.40259066352122e-07,1.57683632830145e-17,4.59912281188309e-17,1.60781712087894e-06,-5.35254856070226e-05,-3.57219139032077e-07,-2.40451781142458e-08,1.24699461854598e-05,7.14089356656856e-05,7.91422683155313e-08,8.08259832251378e-17,1.8576156245803e-07,8.66783538763155e-09,3.97613567036322e-08,-3.9942724120839e-07,1.57172217446595e-06,2.67181404993522e-16,-4.40322752748365e-17,3.90454038595695e-16,-1.36824248292107e-07,-6.54984113750645e-08,-3.81412033961603e-07,2.57053129687114e-16,-5.01103492174367e-08,4.88684341463899e-16,-1.80774097187997e-16,1.6060093867231e-05,-1.73457168003126e-07,-1.75640751942652e-16,-4.36830419363601e-07,-2.25207371870783e-07,-5.83761738403121e-17,5.07914076714185e-07,-1.79291742843928e-16,1.79734922796714e-07,-1.38653167094545e-16,1.80512677521268e-07,3.96872483930408e-05,5.52214920414436e-08,5.227914581832e-08,3.59542634957595e-07,-1.79257357235294e-07,4.92588600245816e-07,-5.079522816741e-17,3.2190881479558e-06,-1.8160857918523e-07,-2.02596610904571e-16,-2.39180060652825e-08,-9.99746444261798e-05,1.12440571601293e-07,-9.44967647128722e-17,8.16513705872562e-06,4.74126077143431e-07,-3.14332033603794e-16,-1.18291654084825e-06,-2.614587855184e-07,-1.35783034079913e-08,-2.9964150325778e-16,-4.64673105407538e-17,5.47622586996055e-06,7.35559951235346e-08,5.94717038400824e-09,-9.42349738787064e-08,4.2812839637253e-08,-1.11914637085287e-16,-1.3308936683859e-16,1.56018960140021e-07,1.0751817233422e-09,4.38209955680409e-16,3.75799031442377e-07,8.92705166879391e-17,1.93848427052207e-07,-7.13867007452003e-08,-4.16974548068284e-08,-2.76095909514163e-07,-4.70855259401268e-16,-6.55343637238184e-17,4.04475550318746e-17,1.14272249887188e-18,-2.19307971979306e-08,-7.5995783454554e-08,3.93082757633319e-16,3.15455893022232e-16,2.61204353574584e-16,1.06580695413433e-07,9.56279948423132e-10,-5.24256675496945e-08,2.51069402662462e-16,-1.01440665763175e-15,9.95297594341693e-16,-5.00768150181618e-05,6.57113829787593e-08,2.43344703872789e-17,1.17454468252317e-08,-3.06527334139374e-07,6.27020340741595e-17,4.87298332004104e-19,-2.10420126719378e-07,-4.88565889189589e-08,-1.03739443337274e-07,4.35569979609688e-17,2.35784592206659e-05,1.67938018791937e-07,1.79065646871365e-07,-1.61742365943516e-07,-4.34301627216412e-07,7.03487753996444e-09,6.06855700597453e-16,-5.21220348540911e-16,1.2037269568814e-15,1.29652368312443e-07,-1.17327949833017e-07,-4.40278407462425e-08,-6.85060537609984e-06,-1.35936692481426e-15,-3.12721046797548e-17,1.30876463456696e-16,-1.88209934267045e-17,-3.64562952405697e-16,1.5677936319296e-07,7.15649648845515e-16,2.08069528296522e-16,-2.50623399281483e-08,5.58345456291785e-17,-2.24194203072437e-08,4.06411863339496e-16,-2.77622727648314e-08,9.39302876334465e-17,-3.28204533518236e-08,-4.08225287413295e-09,-3.68775043583264e-07,1.0166736005576e-14,1.28142980891326e-07,3.18880056264193e-16,1.76400041138805e-07,-2.96287503717788e-07,3.2999659445089e-07,-4.57596541388749e-17,2.33569676905375e-07,-5.9859188264004e-17,-5.53757543704326e-08,-7.02919402255091e-06,1.35984482952865e-16,-1.20303759341268e-16,-4.1846820636134e-16,7.39264513674631e-17,-1.00868489339716e-09,-1.30030069069294e-08,-2.86838105259049e-09,1.49725363725096e-16,-1.65644438063341e-16,-2.84000525118064e-08,2.30918208999221e-07,-1.73329866380843e-17,-9.83469915417974e-17,-1.09935132736054e-08,-4.01360850761814e-16,-7.58774884969452e-08,-2.29713384997978e-15,1.47783585396648e-05,1.29247178278361e-16,-9.07357791598446e-16,7.53631588924487e-17,-6.41564627576917e-16,1.4253579612864e-16,-2.69580635551937e-16,9.71542292178374e-09,-6.76455655466298e-08,2.01836288083981e-16,-9.99297425357133e-07,1.39863967689828e-07,3.97623689256383e-16,-1.85352781156552e-16,7.59366268978657e-17,2.88594796159761e-15,9.16694802890936e-09,1.27008367086759e-09,2.69497880820898e-15,-4.85109893717184e-16,-1.18143477711044e-08,-1.03816198428875e-06,-5.52858165602955e-10,5.77175130440402e-16,3.74015991795927e-16,-4.13833036193062e-16,1.36009869363764e-15,3.76335040381315e-16,4.81952466622963e-16,-3.18429544907231e-08,3.62958254811149e-08,8.22229146307337e-09,-1.39323699428019e-16,1.33791981730862e-16,2.33108767247049e-15,1.50948366609705e-17,1.29308776884154e-15,3.49083548396165e-15,4.78958606605852e-16,-2.03839760845799e-16,2.1133112093692e-16,1.21999708417256e-16,2.04550811124918e-15,-1.81542666654484e-15,-1.39685250010139e-15,-4.55442521314743e-16,-2.60100039448796e-08,6.23322782039219e-16,-7.52494460232557e-15,1.47324146157672e-16,-4.50811044539019e-07,5.69507057406091e-09,-1.56404704730325e-16,1.25731231517101e-08,-5.81228418609314e-07,9.71593441372146e-16,-8.14959292438187e-16,0.000324213195508185,1.78038136058482e-15,-3.71147531658984e-08,-2.17014476468456e-15,-1.77104509449623e-14,7.25728394350507e-15,5.02212495341388e-14,-6.70726962946787e-07,0.818439573447623,2.35885908683406e-14,-7.70111590188604e-16,3.70411163616059e-16,3.63970570121719e-15,-6.74395435329433e-15,1.8556738139688e-16,3.10115196856536e-15,1.56255689157149e-15,3.27351298704053e-08,2.93972486469545e-17,6.80813363551357e-16,-3.94089485892929e-16,4.26808099544129e-15,2.99930118126465e-15,1.59181713454106e-16,-5.69827291479254e-07,7.88550532370692e-18,-5.40330554968866e-16,9.35911736278272e-06,-1.39223904433926e-15,8.74865910769861e-17,-9.68481515764206e-17,2.20024417900439e-15,2.89780359873297e-07,4.36171919175626e-16,-2.08600506932951e-07,1.4310445747347e-15,7.71604086929115e-16,1.13015988842273e-16,1.512570874351e-15,-2.95524291438828e-16,-3.32897743510703e-15,7.19684890797585e-09,-5.80539210785628e-15,-5.71514097471828e-16,3.9335816800416e-08,-8.69103059700952e-07,-1.15078109827492e-16,5.93863751165568e-07,8.63362646365663e-08,8.43653960751237e-17,-1.77444750244686e-15,2.52583783720869e-15,-3.83628407300063e-16,1.12144203640686e-15,-1.32233424319969e-07,1.18121923057475e-15,5.33226924460203e-16,2.76400359645333e-16,5.19165816051794e-08,-5.90380779100251e-16,5.89255967701005e-16,3.01375021255066e-16,-2.41574785368524e-16,-2.30988499820282e-08,3.36042996466973e-16,6.90205857057159e-09,-1.55227110626383e-16,-9.8618881086832e-16,1.0145258786572e-15,5.72034938375233e-17,-1.87386059765077e-15,1.89275720203177e-16,4.17295926826151e-16,-1.15792488744768e-07,-1.82959793271996e-17,-2.89266324902767e-17,4.83098009284613e-08,3.67105470648589e-16,1.93184166106773e-16,-9.48672670006392e-16,2.43122923246158e-16,2.78803209493825e-16,-4.93036811871659e-17,-7.67744064139779e-06,-4.48197630300855e-17,8.04600485358884e-16,1.01015298782627e-07,4.87420563454962e-16,8.22062781480013e-17,1.29252752078759e-16,5.02022943789299e-16,6.45414839266278e-16,4.8689906010936e-16,1.25678643555448e-16,-6.18748152486931e-16,1.2383723379227e-16,9.30682727967957e-17,2.78119454390777e-16,-5.13642704111709e-08,1.69739536728455e-07,-1.90451141946331e-16,-1.86986867882217e-16,-1.20091471892125e-18,1.31808753330659e-16,-9.64939933512099e-18,-5.77272981427595e-17,4.68309955918653e-16,-3.65626115414535e-16,-1.44597587921477e-08,-2.18568847443025e-16,2.0513554122432e-17,-3.09141501100622e-16,-5.03112133569504e-17,4.61286396766611e-07,7.34493000558364e-16,-2.85695704136817e-09,2.56204397202107e-16,-4.01445289517106e-16,1.13124569893333e-16,2.73741288783336e-18,-2.43662316366741e-18,-7.50781320074276e-16,-4.26760942216254e-17,-2.36049689225306e-16,4.32664332465248e-18,-1.28956513746471e-16,5.87678096565458e-17,-1.76396781353491e-16,-1.02428756988844e-17,3.30280006792063e-16,-4.54311074555658e-17,5.88419272620255e-17,1.086400845868e-16,5.06115764672356e-16,-6.58262465832631e-17,-4.79802457104672e-17,-5.71591385334358e-16,1.76413317026534e-16,-3.01626994298418e-16,-2.34790014452888e-16,1.2014610801434e-16,1.30212465821904e-09,4.52198924917961e-17,5.4609770020874e-16,1.40754694484664e-16,-1.95958024525666e-16,5.42619797086313e-17,1.80585853764125e-16,1.28908821930966e-16,-6.00067283104165e-16,-2.04812669439686e-17,9.94312257214331e-17,5.76036614241549e-16,2.10351133755233e-17,-2.46358917802607e-16,5.37339975813364e-17,-3.03685884953493e-16,-6.55794849136312e-18,1.71421246105846e-16,-1.63726237885372e-08,2.83497550207372e-16,8.86014280695347e-17,7.35354243312446e-17,2.27606524917995e-17,5.49773142162365e-16,1.3779016790289e-16,-1.89760398105856e-17,3.13287856353688e-16,1.26772632890032e-16,3.39867758002564e-09,6.01833965439899e-16,-2.90312916468407e-17,-3.01673417529599e-17,1.3424234576708e-16,7.48203235491733e-17,-1.83563515060362e-16,-1.07928805882466e-16,-3.81147712033073e-18,1.64825403299191e-16,-2.75994145601066e-16,-1.64098972413424e-17,-2.38623285512241e-17,-3.47047844443455e-17,1.68461884824148e-08,-2.39960437904552e-17,6.92868822218198e-17,7.8419649239569e-17,-4.10262102068515e-16,-1.26703973722345e-06,-2.05442712140044e-16,8.62306597919877e-17,-2.43587853112872e-17,1.43962655266594e-17,-5.07217917153512e-18,-1.72551337654472e-16,8.88891657613335e-17,1.7483254864016e-16,-1.43488886262948e-17,3.99945920333086e-17,-1.17199029666613e-16,8.89040841676005e-17,-5.68018499971563e-17,-5.90316370636869e-17,1.83887943183791e-17,-5.74597143751462e-17,-2.84439172856865e-17
"t203",-0.00493476035420865,0.0514965129425775,0.0663037528298208,0.0159962688320196,0.0327994506313912,-0.00544472082328087,0.00167126528420266,5.79845855278199e-05,0.000496488278432109,-0.00135204082352368,-0.000472673017610138,0.00555434516604977,-0.0191001200339266,-0.103816557756226,0.0027294352643513,-0.000347659345220936,-0.0201133593358897,-0.000181805688079514,5.06317292747627e-05,4.99671090875495e-05,-0.000213453273699316,6.01943474051166e-05,-0.000159812651781761,0.000274181721466121,-4.32816485002538e-05,0.000128255302292729,-0.000167518323020516,0.0014483097112463,-0.00102551506297314,0.00382938322820152,-1.32270606170939e-05,0.000176699943507157,4.84376598315728e-05,1.79989177393916e-06,-2.94581597312751e-07,2.32062641852226e-06,1.03537224562839e-05,-1.36796513657836e-06,-1.31956711461875e-05,-5.65045162566015e-06,-0.00618789317150063,-4.01713007143611e-05,1.52149112917403e-05,-1.78122726216854e-05,3.52840919955496e-05,2.1175022188318e-06,-7.65986506704086e-07,1.38041406117816e-05,-2.17116591875737e-05,5.86144859668946e-05,-6.98589832041015e-05,0.00404123509410765,1.22247264056001e-08,2.27360861759125e-05,-1.73333239738858e-05,0.000193861947808784,-4.45109590728541e-05,0.14833025605869,0.0112781821923793,-6.45133957288661e-05,-3.67433602956058e-05,3.86887512183965e-05,-0.000966589443414648,0.00146842885479607,-3.61271960571326e-05,9.90662103159218e-05,-5.39187396516226e-06,0.000345057434561103,-0.0279495207046224,-5.4163558123932e-05,-3.78696009256225e-06,2.58682130144022e-06,3.48847259613672e-08,2.2945107420942e-05,-1.16950430834237e-05,-2.10516427816558e-07,0.000257154477147442,-0.380288300252493,-0.000137063790394524,-0.000131519110647165,0.000900430728309027,0.0004440771297909,-4.60101335904011e-05,-0.000207657684495487,1.16655565800203e-05,0.000322549196829736,-4.66337060132158e-05,-7.33104210511105e-06,-1.62964102374637e-06,6.17208214303677e-05,-1.34144386020606e-05,3.1363207690302e-07,2.07730528882563e-05,-0.000186772871120945,-1.10826630900209e-06,-5.17497410552966e-05,-6.10543911684823e-06,5.8991227244055e-05,-0.00636281353129409,-2.20053193207643e-05,-7.91521469173825e-06,5.18389115094503e-07,-1.12060253911084e-05,5.02222410498901e-06,-2.20354828733308e-06,3.49893033403715e-06,-0.000120090623065147,4.12516298541898e-06,-1.89098494522028e-05,6.62882450251775e-07,0.000623257197904758,3.59925333166358e-05,-1.11166745236976e-05,1.12794551384845e-05,-4.24269963629851e-07,1.34775723320267e-05,-2.77692297954458e-05,3.74002511202731e-05,-6.70719848553182e-05,0.05002818341095,0.00010182544048558,-0.000265552161629731,-3.65716360448364e-06,-1.0999590751387e-05,6.56184224933948e-07,-1.54248083102693e-05,1.62656866579351e-06,-4.44232130632481e-06,3.02248564091986e-05,0.000389612724759667,1.70753836198339e-06,4.29194647649859e-05,-5.89056085365937e-06,-1.0959798974602e-05,5.36743064092074e-07,2.06980239681562e-05,-1.92200117235469e-07,-0.01562214725871,-3.94413760905063e-06,9.64527159868868e-06,5.01452578084506e-08,-5.65500910467309e-06,4.37583208870454e-06,3.40624740682298e-07,1.3001557141867e-07,-1.61779418001257e-07,-0.0229753583709061,-3.99051219689647e-07,-1.10663606918691e-08,-2.01157784412678e-08,-4.83356244086004e-07,-1.5935807878601e-07,-5.41341896250234e-07,1.71957857154673e-06,-0.00323697308083701,-4.96199141767203e-08,9.10415690711211e-07,-1.10247340707378e-05,-3.83730323385797e-07,-1.2741936579381e-07,-1.02318816968544e-05,0.00226027383549649,-5.60913416894507e-07,-1.11933356992408e-05,7.24430724279214e-06,-4.75209132494935e-06,5.25539708312451e-06,9.01934923777013e-08,4.4906054199295e-06,0.000134838472919884,-9.54638869420044e-06,-1.68209612633885e-06,1.97357363674602e-07,5.09666270969624e-07,1.26385661351217e-06,2.02141541502818e-07,1.13331213107071e-07,-4.73167314307372e-06,-7.44050604099985e-06,-6.64270592047978e-05,0.00126618070517513,-1.23929550210845e-05,-6.3662630753426e-05,1.61491565512763e-09,-9.15273549849751e-07,-2.1564855667374e-08,-3.6037695664221e-06,1.20904871206259e-06,5.44494013535756e-06,-7.03686797955049e-06,-1.6059931743866e-07,2.95306676434461e-07,1.16891098227286e-06,2.05710944269271e-09,6.35774441580511e-06,-2.6760927236699e-07,-4.88908492543262e-07,-3.40649743952367e-07,2.82200678905205e-07,1.10299518821049e-07,1.09699426187997e-07,3.4090315953811e-05,-2.55505456334505e-09,-3.92303079029408e-07,-5.93877966209302e-07,-2.90896271134771e-06,3.59790027020785e-07,1.82542960282077e-06,-2.35622645969741e-06,-1.28256493083034e-08,-7.454224517815e-06,2.3124005177623e-06,-4.97635190049527e-06,-5.39557686006954e-07,-4.34924963945313e-08,-2.50660257194611e-07,4.40198255317188e-08,2.96599525701955e-05,-2.08776565976174e-08,-1.84863391615394e-08,1.69976429508953e-06,-8.44675384139515e-07,-2.42274192861356e-07,-3.01761260465463e-05,3.73226435944222e-07,1.57721589487217e-07,2.2167389210654e-06,0.00025524738273531,3.61283243789942e-07,3.36187544718446e-07,-1.06797525048143e-06,-2.32221467907109e-07,-1.35698723440089e-07,-2.30127190491453e-07,1.37004575988308e-08,3.38027102234071e-08,1.33532443184978e-06,2.70088930403933e-17,1.63791439497501e-07,-2.37695465381098e-06,1.30953393130664e-05,1.4827587257813e-06,1.79742784640445e-06,-3.04138965443233e-07,3.89666760406206e-07,-2.05347225671226e-06,3.34834823878454e-08,-2.27018241508019e-09,5.30959123160073e-07,-5.62445700330349e-06,4.50218065462493e-06,-1.88301564229805e-05,1.21800806244643e-06,-7.66746043975289e-08,5.29571113382695e-09,-2.63726236929125e-07,2.75068134433801e-07,-4.36368520213859e-06,-1.06393058435306e-06,2.23994592033476e-07,-0.00352534754327393,6.52475415116029e-07,-0.000156719070805823,4.16240028493641e-06,-4.361862568509e-07,1.50158472370614e-07,-2.93574152786582e-08,-1.42792991451905e-05,4.48197643836971e-06,-2.26311203114973e-07,-9.68646568139302e-05,2.03752378893828e-07,-2.47332870275922e-06,4.48040028963039e-06,-0.0053616219417434,5.64888957060787e-06,-7.10971722576572e-06,5.60610297713754e-07,-1.00910163102679e-05,5.279369741298e-07,-2.07402966377246e-06,4.17160616415662e-16,5.36958771145964e-06,1.85126761553676e-07,2.47480570937565e-10,2.2497496597175e-06,-2.94605658719335e-07,1.85847430277044e-07,6.18872597066294e-07,-7.90649556742524e-08,3.37846790861959e-06,-1.17638931883405e-05,-4.45787390197219e-07,1.18818278876502e-05,-5.7590287017945e-06,7.04969621082619e-06,-2.33493838243392e-05,4.18530861745237e-06,-7.34394125982392e-06,-2.61355478742832e-07,-1.98871332040188e-07,-1.29693523495682e-05,0.000103826255191886,-4.75132309568719e-07,1.37216825639444e-05,-0.000503197414638255,0.00166366692787469,-5.21456634951866e-06,-4.78867654815009e-06,-2.83714914115494e-05,9.19583043866788e-06,5.65322772058056e-06,-7.54523351821964e-06,0.0268552874353581,-5.1362265552694e-07,-6.87659588768675e-06,1.63747937924277e-05,1.29842715132116e-15,-1.7792441694766e-07,-0.000138789952203537,2.23387643591153e-05,-0.000118013192816673,-1.54161568493176e-05,-3.93443859743346e-05,-0.000168656952665839,0.898299109421285,0.000461317366689149,5.42894993033752e-15,-0.00010985794416633,-9.31887657731939e-07,-2.96963376791874e-06,1.38616297567982e-05,1.64583481098414e-05,-9.78366596191178e-07,-3.21063165043914e-05,7.80950436311321e-06,-3.11897843559752e-05,3.6279782516791e-05,-5.16255158900384e-06,-1.19055586562839e-05,-1.43792408455077e-05,-8.3437890431332e-08,-1.10828001572719e-05,6.46619261930986e-06,-1.14654203295175e-05,2.01009403040779e-15,-2.9188579895551e-05,2.23407966882432e-06,6.43692579525462e-08,5.27521096039831e-07,-1.71060266654604e-05,-3.16258235563092e-05,1.55996259336592e-05,-5.6346911882037e-05,-2.71427016870913e-06,-7.63402032176741e-17,-4.85447953985334e-06,-1.89602052269176e-06,-5.89397961872957e-06,1.90667783564926e-15,1.08105156652535e-05,1.55249054118993e-05,-2.364894230119e-06,-8.80658227973277e-06,-2.96888302927782e-06,-1.69189513818337e-06,-0.00137755433538192,1.35710668107525e-06,1.09100601877463e-05,6.053423862015e-07,2.92872608871864e-06,4.22220553689599e-06,8.10936895476065e-17,-1.61169976539792e-06,5.25084576953252e-06,2.52434776637866e-05,-3.29530369280751e-06,4.29775186854505e-16,-8.00492564796497e-05,5.37306175261683e-07,-1.27559544795805e-06,-8.48845367667796e-07,-2.82001681200635e-06,2.94781787625001e-06,-0.000974949358108059,4.76333114263935e-06,8.26919627062365e-18,1.64753237894343e-05,-3.13807637851644e-06,8.6744692518982e-06,2.13383988986595e-05,-0.0017582133352397,-1.31944485039055e-08,1.26634813746307e-15,1.95101998805679e-16,-1.27174370534978e-08,-1.59863447044186e-06,2.10373815236284e-07,-2.09674974961538e-06,6.25110344849366e-15,-9.68663965792236e-07,-1.13092272560659e-08,6.98716517913916e-17,-2.58548092394249e-16,-1.19337900373804e-15,2.32796583306278e-06,0.000177482722610223,-7.30342492635686e-06,5.65103072404755e-06,2.81347547187431e-06,0.000131777905032433,-2.44592295672723e-06,-1.08720271953227e-12,-5.28058457260841e-07,1.47142850892784e-06,4.11322581643094e-17,1.34711441018389e-15,-8.96626871772958e-07,-4.7965458121453e-10,-5.21686527730333e-07,2.81904744493143e-06,5.05253916215548e-07,-1.88731529241954e-07,-6.29645054987199e-16,-6.33001310399072e-07,2.35253684288797e-16,-2.14092203276527e-06,7.64958842797148e-16,-5.56371860104128e-07,4.10122374990506e-17,2.26908304109736e-06,5.96700287361009e-07,2.43914376682098e-07,3.19349363750668e-06,1.57958744579843e-06,-1.80127103171629e-07,1.1359589312622e-06,1.0078876444414e-05,1.89014401012017e-06,1.73666471349922e-07,3.88600010033953e-07,-1.08436099288276e-06,-1.84553065909596e-06,-1.48924888326386e-07,-5.10790988564487e-07,2.84719189236423e-17,4.74370917389999e-06,-8.11708863618076e-07,4.11721987225672e-07,5.82325602594072e-16,7.17813549300865e-08,1.93774828388303e-06,0.000157077057612468,1.1588897517304e-16,-1.63707212139193e-06,-8.73661266797223e-07,4.44452727569334e-17,-2.98231245061438e-05,2.52239895081466e-06,-4.34622670806555e-16,-2.40786312997841e-16,-9.18996860424063e-08,-4.93093766936963e-07,-2.80223862691454e-09,-3.87635768790948e-06,1.02241838382993e-06,3.00559809599067e-07,2.89314818590964e-07,2.64908487184126e-06,-5.90495597099101e-06,6.51822346098285e-16,1.21470153867694e-08,8.35596557769415e-09,2.30240883756153e-08,2.15065462112438e-06,8.660123166472e-17,-7.70965813053792e-17,7.05606217905741e-07,-7.24208690150067e-17,1.65626093340402e-16,3.30360584337511e-06,-0.00010981488575488,-7.32861272781999e-07,-4.91736736402606e-08,2.54909620346447e-05,0.000145960446594457,1.61674001299239e-07,9.69408016079532e-17,3.77253028657832e-07,1.75820126183825e-08,8.06212980353306e-08,-8.08346324778868e-07,3.17018626121797e-06,-3.86815804430266e-16,-8.85545406596366e-19,6.45934175165075e-16,-2.74740034320858e-07,-1.31279549258702e-07,-7.64366513252383e-07,-1.26494709222479e-15,-1.0025383365727e-07,-1.4186526270802e-16,1.75375526975761e-16,3.19182318614866e-05,-3.44707281648413e-07,-1.49619899803e-16,-8.66868598264426e-07,-4.46559849947187e-07,-2.27647461851642e-16,1.00559624348278e-06,5.14526388949761e-17,3.55253667027716e-07,2.65422614247496e-16,3.56740580336354e-07,7.84239623121206e-05,1.09107175670921e-07,1.03276440526464e-07,7.10009569581541e-07,-3.53545477801628e-07,9.70200982096446e-07,-3.35216844136844e-17,6.34059036219764e-06,-3.57900620119447e-07,2.18656379571791e-17,-4.72098855245361e-08,-0.000744530081623645,2.19491302632926e-07,-1.28002890855531e-16,1.59974848933755e-05,9.2900520275233e-07,-5.44959602791799e-17,-2.31798429358602e-06,-5.12356403619178e-07,-2.66108151241608e-08,2.38693766680254e-16,6.63224002848006e-17,1.07366578111561e-05,1.44255784494123e-07,1.16642362203866e-08,-1.85285712346813e-07,8.422986123348e-08,2.78059439849004e-17,2.16787868123869e-16,3.07090031887392e-07,2.11639078618477e-09,-1.55169117184291e-16,7.40343080831808e-07,3.0827887889423e-17,3.82231878144285e-07,-1.40952762962008e-07,-8.23399529879651e-08,-5.45432044944379e-07,-9.04675693034501e-16,-4.48413749507485e-17,5.77640358505961e-17,-1.64249141110714e-16,-4.35135135483889e-08,-1.50847217316206e-07,-7.35369803348472e-17,2.15484249928724e-17,-7.6407417147235e-17,2.11885613572509e-07,1.90246101784427e-09,-1.04510665613961e-07,3.26855678287424e-18,-3.63234832836956e-16,-1.68376597386999e-16,-0.000100658137113445,1.32127768804484e-07,6.6835631129551e-17,2.37090709963982e-08,-6.19791981080876e-07,-1.48943704791108e-16,6.36577448423305e-17,-4.27281664000377e-07,-9.92445880670033e-08,-2.11311859645301e-07,-2.43611107145024e-16,0.000181346181522582,3.44516924669927e-07,3.68962175428621e-07,-3.35358185093591e-07,-9.02077530775429e-07,1.46620620408867e-08,8.4507017440291e-18,5.47315273269092e-17,-6.10984340108321e-17,2.76432412431376e-07,-2.50254710766631e-07,-9.4225269296102e-08,-5.59793555045879e-05,-4.16817678348291e-16,-1.61143009368211e-16,-2.30007034443908e-17,-6.9673098490616e-17,-1.3323109185889e-16,3.50066202549501e-07,-3.04889697320414e-17,8.22635432375808e-17,-5.65538951495111e-08,2.28765912314317e-17,-5.06196955455476e-08,-2.11764467242321e-18,-6.27452139518222e-08,-7.2879102142627e-17,-7.57190746970406e-08,-9.46835667393876e-09,-8.62632936657072e-07,8.79508329268051e-14,3.03090870728979e-07,-8.33492031256766e-17,4.28648000056419e-07,-7.50759084625416e-07,3.12951631191531e-06,2.67651325672698e-17,6.04869851694806e-07,1.52755883668239e-16,-1.48528210696085e-07,-1.88886740757126e-05,-1.21484499359629e-16,-1.80863917353813e-17,-1.53208591084668e-16,-6.28101937458224e-17,-2.80258327344377e-09,-3.64756600647501e-08,-8.13972926722799e-09,3.70919148874114e-17,9.00301110416772e-18,-8.57942913229535e-08,6.99749968749268e-07,7.41542485780103e-17,6.40557032531883e-17,-3.68571756943007e-08,-3.2214992265153e-17,-2.61052312681307e-07,9.27230436845421e-17,5.54242791871949e-05,8.91734730196151e-17,3.07822074506908e-16,1.22214410526692e-17,2.92859316295902e-16,3.32775296227431e-17,1.16632372852985e-16,4.69912287193658e-08,-3.28622063681252e-07,-9.10443978261436e-18,-5.54027888510623e-06,8.28246454614616e-07,3.49050253090776e-17,2.56990656324528e-16,2.25456777837305e-17,-1.27324973220925e-16,8.14856860962302e-08,1.30261820527038e-08,1.52393091922199e-16,-5.57129350156244e-17,-1.47981916356056e-07,-1.34028557264598e-05,-7.97888474329951e-09,-6.95478380405815e-17,-1.80268254950984e-17,-2.44313999485463e-17,8.47055370959336e-17,1.47551053195291e-17,-1.51758360699504e-16,3.1069107964367e-07,-2.93831287648387e-07,-5.64957553605134e-08,-4.20292361814032e-17,-2.28793441332217e-17,5.8866518168244e-18,-8.96582707247855e-17,-1.46666608134134e-16,-7.90961473156512e-17,-1.20641036534815e-16,-1.22006905706211e-16,-3.13578797138198e-17,9.25366906631992e-17,1.79866141329318e-17,6.63283370517085e-17,1.50565987800019e-16,3.47902383665069e-17,3.1419604054213e-08,1.1414283815883e-16,-6.34337894943247e-16,-2.9324963752358e-17,4.49173271344373e-07,-5.4281242329224e-09,-3.43031188983008e-18,-1.16589972158336e-08,4.29309757531835e-07,4.5164726383184e-16,-8.23984546813836e-16,-0.0145162376328718,-3.39238282787599e-16,8.82308800977665e-09,8.08114631031508e-17,2.31218346530382e-17,9.97057080500689e-18,-1.18756910664308e-16,9.24980524744892e-09,-0.000248201827801615,-3.91780585554305e-16,-1.60807613041013e-17,5.42896963679342e-17,-2.07161759631987e-16,-1.22460635382238e-15,2.00975470186317e-17,3.134060228954e-17,9.67627206198379e-17,1.50631492497453e-08,-1.0961464193008e-15,3.1632172973484e-17,-1.61643181269439e-17,1.79492385390698e-17,-2.1289789693668e-16,1.95966819995501e-16,-2.96701646299365e-07,1.58918777082434e-17,-7.81379452627877e-17,4.96883133104958e-06,9.84499581697585e-17,-1.82872133926889e-17,3.39481463097723e-19,2.65414140768299e-16,1.83587415372038e-07,-5.96317844794723e-20,-1.35396870065015e-07,-9.95817793396862e-17,-6.52884243860742e-17,-1.5163137601536e-17,-3.41395358841425e-16,-5.10225873306384e-17,1.10479642862195e-16,4.88354346461863e-09,-1.16252166479161e-16,6.12279836270732e-17,2.75110197623954e-08,-6.08720364844513e-07,4.49005794064101e-18,4.25883204878511e-07,6.23511140188072e-08,5.80460742185808e-17,6.38649430353883e-17,7.9630805416273e-17,2.19076480873854e-18,1.77087317980549e-16,-1.04099305888143e-07,4.33264101308363e-16,-2.68198052529664e-16,-4.48050819478479e-17,4.16101804554762e-08,9.27773943978216e-17,-1.3099514287335e-16,-3.78211150022735e-17,6.38234301766371e-18,-1.89179647794219e-08,2.83513525845051e-16,5.68818387814426e-09,-7.51815500404801e-17,2.13862699936369e-17,4.68036040784044e-17,-6.67887240799364e-17,-2.34053507884362e-17,6.81981509740021e-18,-3.21923081349096e-17,-9.83398238009959e-08,3.42206445410511e-17,-1.43394493592527e-16,4.13065729666511e-08,-9.54407944395163e-17,1.5865268003989e-18,-1.15246286690099e-16,-1.95984295000204e-16,-8.55658131033968e-18,-1.05502161189461e-18,-6.69483470393584e-06,1.06646377149065e-16,-1.31025144452698e-16,8.88036478259739e-08,1.6869818066399e-17,-9.38222131227813e-17,1.14835044855121e-16,-1.05649766516357e-17,-8.64660659529183e-17,1.80801280563997e-16,7.53333936839681e-18,-7.94573341981419e-17,2.57137119575553e-16,-3.37066157579109e-17,-5.76945625861214e-16,-4.63766694772405e-08,1.53702698863243e-07,-2.97258576582274e-16,-3.35776708980427e-17,-4.66886978415212e-17,7.26229911992317e-17,-1.7650811368064e-16,6.74997345660477e-17,9.92019316750587e-17,-2.38509307957365e-16,-1.32810607446895e-08,-1.1849826034626e-17,5.7268703490108e-17,-3.70876574631846e-17,-4.20881272797279e-17,4.283528664122e-07,-3.26687294335206e-16,-2.68304771276292e-09,-3.17575713738412e-17,-2.59655656073461e-17,-5.73719227283958e-17,2.34946106153141e-17,2.59944905398418e-17,1.46558004381092e-17,9.22506842931535e-19,-2.39980955438409e-16,-2.0010836365306e-17,-6.85787308406966e-17,4.56639853539757e-17,1.62006451715512e-17,8.84030856300083e-17,-6.12021700908321e-18,2.6781039169108e-17,-5.10664696041997e-17,8.8138903569438e-18,1.33703555083471e-17,9.20346346746811e-19,5.42720237688829e-17,-3.49113099540332e-17,-1.04295114548633e-17,1.25541249836473e-16,7.09567922818915e-17,-1.14441649246211e-18,1.26446784170404e-09,8.92615614528895e-17,-2.58924066138679e-16,-1.48874853850693e-17,-7.40155932504653e-17,-2.46277666942682e-16,7.18010637445132e-18,-1.98927226902417e-16,-1.01361194245261e-16,9.49164581645071e-19,-5.48657736304123e-17,-7.46798456408015e-16,-1.15889613964527e-16,4.2323818510758e-17,7.30978865995274e-18,-1.12095960125919e-16,1.70113969260916e-16,-8.47580803983724e-18,-1.61729576001587e-08,-2.48796138877927e-17,-2.73758379104204e-17,2.32881885653192e-17,5.90029343459184e-17,7.14279017393024e-17,1.55767974952186e-16,-3.10806971684914e-17,2.13425041186449e-16,2.58006657850231e-18,3.40508193985923e-09,5.81115901113958e-17,-3.204717494231e-17,2.3756376686363e-17,4.96865041812322e-17,-4.78595660184203e-17,-4.77446253599898e-17,-1.97679877465051e-17,-1.54582749328482e-16,3.61767549930453e-17,3.78236342094209e-17,-1.29834121522289e-16,-2.61614196083339e-17,-2.64854041175386e-18,1.7071992870783e-08,-1.4929873905952e-18,-2.81305505542378e-17,-1.20126196536685e-16,-2.41777084464267e-16,-1.2898625007087e-06,4.18542927920398e-17,7.53757740322196e-17,-8.25316198371232e-19,3.95379420619161e-17,-1.04088635408334e-16,1.14564317583097e-16,2.15538274097406e-16,-4.25039785338021e-17,-1.38770908078832e-16,2.99788598816313e-17,2.57181678674449e-17,1.50420868445188e-16,-9.9229928474307e-17,4.9941611952725e-17,1.61967302409217e-16,5.28161769947571e-17,-3.1368062304955e-16
"t530",-0.00494305524751863,0.0516792927820631,0.0665467298451311,0.0160749366264366,0.0329971733526325,-0.00548326970739199,0.00168333197863818,5.84368028946684e-05,0.000501067909322925,-0.00136719280226098,-0.000479413607973581,0.00565225767388042,-0.0194468411283721,-0.105730162242647,0.00278198005581045,-0.000354755063774724,-0.0205338766322899,-0.000185677081299879,5.17353839586598e-05,5.11525700086363e-05,-0.00021894139706376,6.20722719079286e-05,-0.000165087190994034,0.000283284369780437,-4.4724416241007e-05,0.00013274169127022,-0.000173449936958196,0.00150006960103916,-0.00106318511463816,0.00399663345638929,-1.38449582909303e-05,0.000185349017819556,5.09891242507056e-05,1.89945626531544e-06,-3.1175961884265e-07,2.46747441538891e-06,1.1017766159316e-05,-1.45718970219183e-06,-1.4062603213178e-05,-6.02758564694623e-06,-0.00661362100914061,-4.30070231751974e-05,1.63061588587823e-05,-1.90914841688932e-05,3.78656719259192e-05,2.28313470075342e-06,-8.27105381026184e-07,1.49158420691625e-05,-2.3505662602544e-05,6.35919483242757e-05,-7.6007227113033e-05,0.00440278469185648,1.33210281219529e-08,2.48166201186218e-05,-1.8982303875986e-05,0.000212412003550361,-4.9222977654947e-05,0.164455637198915,0.0125081180929677,-7.200891782164e-05,-4.12150435871092e-05,4.35043650608237e-05,-0.0010890904301337,0.00165537182317179,-4.08811869065068e-05,0.000112488467798178,-6.16966052327942e-06,0.000396217452671262,-0.0321458234770491,-6.24799624002651e-05,-4.4384619285729e-06,3.06988055984083e-06,4.1479728185292e-08,2.73934616066494e-05,-1.39694683931078e-05,-2.51900354595675e-07,0.000307922924118526,-0.456947127925371,-0.000166003928623398,-0.000159805147192186,0.00110020702378521,0.000543264055036711,-5.67944324201394e-05,-0.000257033020403642,1.4611988659006e-05,0.000405348661008592,-5.88012067426415e-05,-9.2488629023459e-06,-2.05625194433337e-06,7.79060726065761e-05,-1.69538932879131e-05,4.01276637519016e-07,2.66083611183663e-05,-0.00024109419353148,-1.45010478090663e-06,-6.78518797854199e-05,-8.005945749404e-06,7.77641321510955e-05,-0.00840425340446011,-2.92849287332739e-05,-1.05991716026127e-05,6.94553954329791e-07,-1.50235725565456e-05,6.92998392508199e-06,-3.04734812588507e-06,4.84716692998622e-06,-0.000166881015512375,5.73740839106422e-06,-2.63409621167735e-05,9.25542040538792e-07,0.000870881023207791,5.05223885573961e-05,-1.56129034027207e-05,1.60351913518234e-05,-6.04737380870954e-07,1.93217545581796e-05,-3.99146478708064e-05,5.41477964051866e-05,-9.77910140189331e-05,0.0733326977338901,0.000149716020589191,-0.000394637450381925,-5.47307623152054e-06,-1.64657158307186e-05,9.83263193651525e-07,-2.32823084627042e-05,2.45664956975439e-06,-6.75199061601864e-06,4.67948378281275e-05,0.000603333557650488,2.64823269777264e-06,6.7414724496818e-05,-9.2757753924643e-06,-1.72898173185355e-05,8.53159617012727e-07,3.29344256400729e-05,-3.10837480626132e-07,-0.0256053301958768,-6.58657487718545e-06,1.61159027793639e-05,8.40588785883192e-08,-9.49533381657575e-06,7.36723768911456e-06,5.74073280386574e-07,2.1912529170733e-07,-2.74690770295985e-07,-0.0396015013499117,-6.98659382178744e-07,-1.94517248204247e-08,-3.56705196795622e-08,-8.57720753977276e-07,-2.83742146765272e-07,-9.65807338933562e-07,3.07491282218512e-06,-0.00591298950060055,-9.09559065429575e-08,1.67296430287809e-06,-2.14787785851307e-05,-7.58877888126308e-07,-2.52575763649147e-07,-2.05472140297983e-05,0.00455122198940264,-1.14890742188899e-06,-2.29753939233725e-05,1.51265456415149e-05,-1.00921901835847e-05,1.17499280713173e-05,2.02032724239921e-07,1.00637889038918e-05,0.00030440593426935,-2.17392539203383e-05,-3.83532841091164e-06,4.57935268670061e-07,1.18921206135872e-06,2.98516363295434e-06,4.78895902741641e-07,2.68912584596018e-07,-1.15617332864699e-05,-1.87638858156207e-05,-0.000168455842751917,0.00322820819777729,-3.21078215521929e-05,-0.000165976247700849,4.23644790632243e-09,-2.41524552553526e-06,-5.80619025352783e-08,-9.75222798354226e-06,3.42328674813339e-06,1.5440563685878e-05,-2.02724331973642e-05,-4.84058867967762e-07,9.26039107378125e-07,3.71777365192769e-06,6.68523883683359e-09,2.10045266553395e-05,-9.3045069549523e-07,-1.71956323294832e-06,-1.22833365472002e-06,1.03064025365746e-06,4.4764250165932e-07,4.47575455737617e-07,0.000146117246990992,-1.15290972477086e-08,-2.03106878132793e-06,-3.07679212928409e-06,-1.5281151114919e-05,1.9745937027034e-06,1.03411692953716e-05,-1.4607108876713e-05,-9.01641838732492e-08,-5.88180143731229e-05,1.89680975691704e-05,-4.97930150892248e-05,-6.15962032774426e-06,-4.98373103381916e-07,-3.23109035272008e-06,8.35349786412641e-07,0.000619620256044998,-9.5612581081995e-07,-5.20348218854094e-06,-0.000601771208441348,2.87257167248217e-05,6.76691539230659e-06,0.000704312132924944,-5.78374832878686e-06,-2.28752544529239e-06,-3.16524326012098e-05,-0.00270947671368892,-3.31228672295649e-06,-2.67261238774239e-06,8.00360558318291e-06,1.64232949020966e-06,9.11376965279831e-07,1.5237779177631e-06,-8.01901143172086e-08,-1.84371178038515e-07,-6.77841874866236e-06,-3.0811589272272e-19,-7.55473527175812e-07,1.07653046954245e-05,-5.26600772817117e-05,-5.48141082772303e-06,-6.22535143487165e-06,1.04937949096904e-06,-1.20173699964624e-06,6.22049087984363e-06,-1.00604916110287e-07,6.56444647220083e-09,-1.49698619519532e-06,1.51608157877021e-05,-1.19020781762378e-05,4.93863751454105e-05,-3.06128407686424e-06,1.63387793921391e-07,-1.06909735621621e-08,5.0972961718042e-07,-4.85689678840544e-07,7.65711697388219e-06,1.75841368187606e-06,-3.58342830715371e-07,0.00538976069125645,-9.83407701073324e-07,0.000232730878921036,-6.05678232411066e-06,6.16142608970043e-07,-2.11398964283162e-07,3.8420419015251e-08,1.86569018545705e-05,-5.84526104301263e-06,2.89515892648882e-07,0.000123037995433701,-2.53055305490181e-07,3.05908920732243e-06,-4.86689962018885e-06,0.00574435624644506,-5.98669813627307e-06,7.35071839232844e-06,-5.68367287354757e-07,9.79413905884198e-06,-5.06028691465528e-07,1.96845840887323e-06,-1.81311408685742e-17,-4.92797386142654e-06,-1.6915767324484e-07,-2.22937228023942e-10,-1.96014804150127e-06,2.49519760079424e-07,-1.55322211876608e-07,-5.1383802299083e-07,6.04006890875183e-08,-2.56732546792128e-06,8.92673445892191e-06,3.30257081314139e-07,-8.23092293085005e-06,3.94389349090627e-06,-4.78946505078133e-06,1.54537200114825e-05,-2.51083190958362e-06,4.23055399987227e-06,1.50202227262319e-07,1.14212161616943e-07,6.74572081169173e-06,-4.82391142276495e-05,2.17615318899279e-07,-6.15451858042999e-06,0.000220044150105748,-0.0007218688181061,2.12042357359977e-06,1.93775512658639e-06,1.13782665805768e-05,-3.66543309696893e-06,-2.20847205792585e-06,2.88271014493142e-06,-0.0100510560317781,1.90510421460283e-07,2.51198712976485e-06,-5.78993669948306e-06,-4.3440966933744e-16,5.15194345458393e-08,3.93868363584674e-05,-6.15080173742115e-06,3.24649041950243e-05,4.23690620776669e-06,1.07332492008254e-05,4.53694533626845e-05,-0.237641966917608,-0.000117953353482928,-1.36188857590805e-15,2.59587202024373e-05,2.18033460044672e-07,6.80201755639467e-07,-3.16698595874662e-06,-3.56618978393815e-06,2.05825330882609e-07,6.47598549243204e-06,-1.52982857513144e-06,5.73078934561989e-06,-6.27761561711602e-06,8.59161391470726e-07,1.93787885864767e-06,2.30827761097373e-06,1.30655491620063e-08,1.73068686757555e-06,-9.91976815407793e-07,1.73465892691354e-06,-2.29620657267987e-16,3.97127860109049e-06,-2.97157248549266e-07,-8.55990785683083e-09,-6.56959688326647e-08,2.10895160004853e-06,3.43237843893515e-06,-1.63012929096556e-06,5.84375678039262e-06,2.73470465770385e-07,1.29439515536744e-16,4.72950374448647e-07,1.82395801109665e-07,5.40340357001194e-07,-1.88403512850752e-16,-9.39288254877622e-07,-1.33160766739513e-06,2.01482167083881e-07,7.39872559347511e-07,2.43579190783544e-07,1.36327668526259e-07,0.000109427593840693,-1.0326643438446e-07,-8.25893449655791e-07,-4.44542116261245e-08,-2.03587647277523e-07,-2.92665733953465e-07,2.76049854537338e-17,9.96901509574802e-08,-3.18123246563305e-07,-1.45953985750899e-06,1.76943889663955e-07,-8.68997902280918e-17,3.61071544970966e-06,-1.92981836136252e-08,4.07347604969654e-08,2.55575499083216e-08,7.88071530849407e-08,-7.07604871528947e-08,1.7355360948897e-05,-1.63188185670113e-08,2.75778371577842e-17,1.354821385898e-07,-2.88562327507239e-08,9.71887827413164e-08,2.97538232398884e-07,-2.48820349910713e-05,-1.9679802602079e-10,-1.97758476261356e-16,-6.48113574239641e-17,-2.44573460089287e-10,-3.65747803739288e-08,4.90721023821378e-09,-5.55729981523639e-08,2.6186695567436e-16,-3.216716399821e-08,-4.08007158665042e-10,-1.23700669675908e-16,8.17691742316312e-17,1.52688675739145e-15,1.03972891324878e-07,8.11370834446229e-06,-3.59921970516024e-07,2.9511326799241e-07,1.47883984965548e-07,7.32838617131033e-06,-1.36869405988004e-07,-6.59728231756195e-14,-3.26749089949492e-08,9.40105321546485e-08,-1.48319787030723e-16,-1.90909254247994e-16,-6.40533824844066e-08,-3.51014748367268e-11,-3.93711725402935e-08,2.16996333731226e-07,4.03185905067199e-08,-1.51451850674334e-08,-3.03809723969065e-17,-5.11827262834221e-08,-2.44811642943569e-16,-1.76823845217543e-07,-4.95697233260373e-16,-4.66522027796444e-08,1.9008913619916e-17,1.93842252466267e-07,5.11629847390724e-08,2.19088490584363e-08,2.89548286681448e-07,1.43773109714333e-07,-1.66674966806599e-08,1.06580782994879e-07,9.75184019930383e-07,1.82929645594644e-07,1.69606202552264e-08,3.85696634784623e-08,-1.09885740152543e-07,-1.90182627722514e-07,-1.5543972220525e-08,-5.36424472816659e-08,6.1572810077583e-17,5.07484396385307e-07,-8.83344041557757e-08,4.68642157714376e-08,4.40776057566969e-17,8.27015534289346e-09,2.2721980740905e-07,1.85533084690252e-05,-4.49609162176541e-17,-1.94079303091349e-07,-1.05066035195265e-07,-1.1615571653635e-17,-3.61112729630569e-06,3.1744474776117e-07,2.51841571889246e-16,-1.87518996254421e-17,-1.17288452203372e-08,-6.30093611468446e-08,-3.60127652423896e-10,-5.01456012930624e-07,1.34181895427503e-07,3.94933516884833e-08,3.8080885208507e-08,3.55039251456287e-07,-8.02553018869343e-07,1.34039914584383e-15,1.65940261898032e-09,1.14250300880438e-09,3.15764089318344e-09,2.96019485448041e-07,-3.87900914281836e-16,9.49260646313158e-17,9.75956435985761e-08,1.32904718707826e-16,-8.27691738090119e-17,4.70313405060401e-07,-1.57070750910699e-05,-1.0483304846516e-07,-7.10444084956043e-09,3.68769956220613e-06,2.11215837563262e-05,2.3437752782854e-08,-2.00809750720042e-17,5.5706515915154e-08,2.60597497203328e-09,1.19641874150019e-08,-1.20680471860449e-07,4.78303600383519e-07,3.77833579810588e-16,-9.6097123678544e-17,5.81121806310656e-17,-4.20482177751913e-08,-2.0210131445172e-08,-1.17723759687415e-07,1.60772076620845e-16,-1.55252486351663e-08,1.62664241150717e-16,1.89248289168468e-16,5.05296970894194e-06,-5.45845184489362e-08,-2.55871712706579e-17,-1.37943838217037e-07,-7.12575579292912e-08,8.99817820348761e-16,1.61341959126039e-07,2.96607836340622e-16,5.73541045783286e-08,-1.1236182147423e-16,5.76252606178637e-08,1.26733049221755e-05,1.76399602593635e-08,1.67080923164713e-08,1.15031081283348e-07,-5.75775425156865e-08,1.59063989026415e-07,-4.0497429093693e-17,1.04722087208749e-06,-5.91540611109334e-08,2.52680875313128e-16,-7.81023324156436e-09,-0.000123376686050596,3.64241079546034e-08,-3.66826379532095e-16,2.6664627006655e-06,1.54968079700381e-07,2.08955114036549e-16,-3.87049794880164e-07,-8.55919976682373e-08,-4.45275662122437e-09,-1.20383870064783e-16,1.43632429796031e-17,1.80216272210815e-06,2.42376407047627e-08,1.96015731835257e-09,-3.11867944056386e-08,1.41750277193611e-08,-1.61587793569519e-16,-7.12827759444247e-16,5.16704608379007e-08,3.5609073928861e-10,-6.74672210751515e-16,1.24506846868368e-07,-1.62855929071318e-16,6.42412816935599e-08,-2.36625069508231e-08,-1.38215430710806e-08,-9.1520213266347e-08,-2.11251775997385e-16,-1.16091310919432e-17,1.06589005240452e-16,-1.05601775220233e-16,-7.26622500274419e-09,-2.51769150976489e-08,2.45520846668916e-17,-3.27855101671952e-16,5.12910383991421e-16,3.52946096939989e-08,3.16606029369021e-10,-1.73445655454878e-08,-6.01053201160727e-17,8.08652190348313e-16,6.68356429228689e-16,-1.6502486565914e-05,2.16508677764428e-08,-1.59528821562016e-17,3.86119623089007e-09,-1.00663441094061e-07,1.64012078185948e-16,-2.88910075372037e-16,-6.89133783504217e-08,-1.59969338994067e-08,-3.39060119509957e-08,2.19718120388257e-16,2.88564548103358e-05,5.45471625020935e-08,5.79811598605138e-08,-5.21078975809508e-08,-1.39708679295788e-07,2.25634794413766e-09,-2.56572695787252e-16,-6.14497332833995e-16,-3.69280093825405e-16,4.0705067397474e-08,-3.68211125765887e-08,-1.37704270066857e-08,-7.86890619106096e-06,-4.74342617290494e-16,-2.63222048868674e-17,-8.06063689190166e-16,-3.65754533021141e-16,-2.3396611869052e-16,4.67552128430795e-08,8.12011786071416e-17,6.6737314110108e-17,-7.37669362952024e-09,4.37522099630582e-17,-6.59388361189187e-09,-2.68270602735599e-17,-8.15498349886395e-09,3.67294560728852e-17,-9.38121938759684e-09,-1.15824055741304e-09,-1.03372486665937e-07,1.02596835554656e-14,3.53379164694105e-08,-2.68278960489392e-16,4.66183860365241e-08,-7.26729415626496e-08,3.01147425385286e-07,1.00080205760484e-15,5.48512098289656e-08,7.46040211293343e-16,-1.20282075130804e-08,-1.52006437013487e-06,-6.26905987092888e-16,-1.11743917034503e-16,-1.35403166592236e-17,-1.70754237518208e-16,-2.00220222367289e-10,-2.5127113891269e-09,-5.358166730526e-10,2.34267728273226e-16,4.79886124501286e-17,-4.25900113298826e-09,3.41882652266437e-08,7.24251075768654e-16,2.1031258518822e-16,-8.90994963951208e-10,4.48634598287858e-16,-4.73564639289454e-09,-7.4085543175266e-16,-6.5199672950165e-08,-2.260283862178e-17,2.22995807836291e-16,-7.01018023143395e-16,-4.89774977331963e-16,-9.86425318017354e-17,1.47243536813953e-15,-2.40715521051086e-09,1.7088909171271e-08,-7.93512815069446e-17,4.1078836343436e-07,-6.98306599450678e-08,-5.30813119920547e-16,-6.46315707535369e-16,9.33264684473072e-16,5.26202117107258e-15,-1.10572228628583e-08,-1.95151895411448e-09,5.89467469793122e-16,-4.71114154122402e-17,2.46687516201818e-08,2.26502113881227e-06,1.41157576428946e-09,-1.17238310676145e-15,-7.35300055657522e-17,6.68993485706267e-16,-1.13657597086607e-15,1.58535217047198e-15,-1.38250401382008e-15,-1.11375698966763e-07,1.12501330690862e-07,2.31051729621074e-08,-3.48462545106148e-17,3.85032662154082e-15,-2.4331162860976e-15,1.44955817640445e-15,-3.50271005757922e-16,1.49014413134382e-15,-1.34520657979026e-15,4.96534633679043e-16,1.52880768296178e-15,3.93057294367159e-16,2.88383267875508e-15,-3.14668588852632e-15,-3.78100532792805e-15,-1.02431668543297e-15,-5.27054799525766e-08,-4.2089324221127e-16,1.23038168539005e-14,-8.49825537544168e-17,-1.02643259499395e-06,1.34725124683209e-08,2.65103094531771e-15,3.05441522987239e-08,-2.04736853523776e-06,-2.70705341804848e-14,5.37835633098078e-14,0.822710780954703,5.18636661169412e-16,4.66356016029851e-08,-5.23186870094898e-15,-7.70373566445056e-16,1.82136291666338e-15,-2.86486072056009e-15,1.99289499908765e-08,-0.000516140749971427,5.40920756768902e-15,6.14518758899435e-16,4.93946773162374e-16,8.35097674736201e-16,-2.22163867164005e-15,-1.28248296862112e-15,7.68798910767519e-16,-8.76230119488646e-16,1.34646267005463e-08,-1.3336196353464e-15,-1.1369596798521e-15,1.4425114554442e-16,7.62083862140363e-16,1.88938159546543e-15,-4.38293255748571e-16,-2.44317502829839e-07,2.01619219502906e-16,-6.35998624257463e-16,4.03681468296897e-06,6.53892904109379e-16,-3.63236764451358e-15,-1.77663513125241e-16,1.80619425180772e-15,1.31003538020787e-07,3.82885786123399e-17,-9.48139629940364e-08,-1.20627992404091e-16,-2.36141580235909e-16,2.0100392592652e-15,1.11112257361514e-15,2.38035768209889e-16,1.77852737540025e-15,3.30146577167109e-09,8.51178573947618e-15,2.35935272425633e-16,1.8149393659052e-08,-4.01107629558684e-07,-2.48656342938907e-16,2.75238444418092e-07,4.00626270156352e-08,-2.92840948163576e-16,-8.84011650666228e-16,6.61591180033783e-19,-2.99476385055416e-16,6.84697303192399e-16,-6.21680587068873e-08,-1.48482962756399e-15,-4.95588567447973e-16,1.73111787531557e-16,2.44647685591665e-08,-5.77526773173346e-16,2.04951959153678e-15,-1.25425214009358e-15,1.44673952184776e-17,-1.0913585603108e-08,7.48234570461551e-16,3.2634031290036e-09,3.03076573239454e-16,1.00777019761576e-15,-5.44728388129509e-16,2.52843141606557e-16,4.36288073537681e-16,1.63909909798221e-16,4.64455773570503e-16,-5.4929077699001e-08,-5.10264700085489e-16,2.51797729648232e-16,2.29329476851505e-08,3.05588458433254e-16,-3.63893887043612e-16,2.52201172791483e-16,-1.62690062887107e-17,-2.59291218747162e-16,-2.67321887525646e-17,-3.6516288588405e-06,-2.83894343111474e-16,1.49275586147771e-16,4.80830407001142e-08,6.7407465606128e-16,-4.35713955449481e-16,-5.14130968111995e-16,-9.31272360279878e-17,8.30959571416816e-17,2.09793330084713e-16,9.37536753905996e-17,7.12233630066356e-16,-8.38045172063291e-16,1.70560189053452e-16,2.5250324636665e-15,-2.450877923365e-08,8.10130432174001e-08,-1.63146848330332e-16,-4.36081825155071e-16,-2.85381628634707e-16,1.74903147756986e-16,3.76651834721464e-16,-1.20342154569451e-16,-6.19188546764654e-16,-2.95916947926823e-16,-6.9099190742468e-09,-6.35565242950415e-16,6.49306174102236e-17,2.50581895560581e-16,1.67713178881156e-16,2.20645965397694e-07,2.70301853818839e-16,-1.36790845054624e-09,7.23858597687696e-17,-1.48130342584285e-16,-1.30596803940223e-16,-1.55486901220491e-16,-1.54120915335269e-17,-8.85807848099408e-16,-5.07329059152077e-16,-3.19596632163786e-16,-2.35682908221798e-16,5.06300818643471e-17,-1.40037296957448e-17,1.46986194313611e-17,-8.81809885651682e-16,5.85831642241669e-17,5.00890471864542e-17,7.56352739575249e-17,-8.39331315266886e-17,-5.67789266781721e-16,-3.1865237068759e-16,-8.46119090926666e-17,-9.30245463992563e-17,-2.97740687878022e-17,-4.95421480228202e-16,-7.00029653461673e-17,5.31049158230913e-17,6.25409943214772e-10,-2.52505941212753e-16,-1.51385452411582e-16,4.95436261483248e-17,-1.39867550679371e-16,-2.55876682189657e-16,-1.59371628090513e-16,6.33998318025377e-16,-1.81848092476782e-16,-8.50691875252811e-17,-1.28708421756811e-16,1.6978606021123e-16,-2.17288566835728e-16,-1.38695782367314e-16,-2.23065114177114e-16,-1.56932380278869e-16,-3.24997603428235e-17,-3.66381764939329e-17,-7.87865518245022e-09,2.21060285050521e-16,2.14515021885212e-16,9.29146940238026e-17,-7.93986123466435e-16,1.08506843605951e-16,1.14025638528815e-16,-1.00563723812995e-16,2.68914376885946e-16,1.25277233638151e-16,1.6385689111482e-09,-8.88306346578512e-17,1.20807148108458e-16,-3.14910758778185e-16,-7.39481346304473e-17,6.89011251384013e-17,-1.46802682662673e-16,-6.48085874649884e-17,3.51712093829196e-16,-4.80981492988827e-17,-2.96550099460477e-16,2.4243082324643e-16,3.54401046647164e-16,6.38710613861541e-17,8.13726525367219e-09,1.07513257322641e-16,-2.24358967651808e-16,-3.67481556325701e-16,-2.00577401909818e-16,-6.12566049423851e-07,-1.34194200615704e-16,-1.41088764725654e-16,2.00753032739664e-16,3.98526004171433e-17,-1.31610555266393e-16,-2.07219245057686e-17,1.1961381118702e-16,4.37396292763902e-17,4.2196540231426e-17,-1.0183088253608e-18,7.16823268381376e-17,2.00906981524468e-16,1.18286576375891e-16,-9.06207991233731e-17,-1.54207766686518e-16,1.68714863994023e-16,-3.96435284228722e-16
"t715",-0.00494354905919308,0.0516901643578697,0.0665611811023938,0.0160796126790822,0.0330089199233399,-0.00548555873506837,0.00168404845015065,5.84636464270828e-05,0.000501339573687357,-0.00136809078817878,-0.000479812525270744,0.00565804329768424,-0.0194673238632671,-0.105843194992712,0.00278508261021829,-0.000355173815705919,-0.0205586877365814,-0.000185905458757078,5.18004748098337e-05,5.12224246828688e-05,-0.000219264502212554,6.21825618177776e-05,-0.000165396715822049,0.000283818492981371,-4.48090696125837e-05,0.000133004736596269,-0.000173797653163355,0.00150310337163034,-0.00106539208601644,0.00400640271166872,-1.38810034266848e-05,0.000185853083936744,5.11375893215327e-05,1.905243336656e-06,-3.12756827943175e-07,2.47598173331835e-06,1.10562226072357e-05,-1.46235462685411e-06,-1.41127774493099e-05,-6.04940323361643e-06,-0.0066382292892225,-4.31708176658895e-05,1.63691618759705e-05,-1.9165336470691e-05,3.80146328861956e-05,2.29267274577823e-06,-8.30622767545022e-07,1.49798017033e-05,-2.36087924233725e-05,6.38778264227367e-05,-7.635992549359e-05,0.00442351359742716,1.33838778001961e-08,2.49358108346323e-05,-1.90766408584553e-05,0.000213473016131539,-4.94914651361166e-05,0.165373482040275,0.0125781163264487,-7.24343937986698e-05,-4.14683705770809e-05,4.37769065962417e-05,-0.00109601785082429,0.00166594129010917,-4.1149565462106e-05,0.00011324516947459,-6.21337751638958e-06,0.000399089087282694,-0.0323812151125169,-6.29459391845255e-05,-4.47474579821541e-06,3.09665862237209e-06,4.1845054971238e-08,2.76395099934263e-05,-1.40952484538401e-05,-2.54187491313269e-07,0.000310727989051582,-0.461177352351441,-0.000167596353742429,-0.000161359776670632,0.00111116516178097,0.000548702316532197,-5.73838546479459e-05,-0.000259729084593897,1.47722154172662e-05,0.00040984623524286,-5.94613805837768e-05,-9.35289919733748e-06,-2.07939325260252e-06,7.87839276840986e-05,-1.71457828106611e-05,4.06008756141316e-07,2.69233029866788e-05,-0.000244018550769244,-1.46842664274968e-06,-6.87143486715103e-05,-8.10773824714043e-06,7.87679239407216e-05,-0.00851334109759334,-2.96730029106585e-05,-1.07419751818253e-05,7.03925424075027e-07,-1.52266157068819e-05,7.0305630834315e-06,-3.09180468822337e-06,4.91816361800615e-06,-0.00016934268137412,5.82220762619231e-06,-2.67316381735625e-05,9.39341322467291e-07,0.000883887448645007,5.12845484298383e-05,-1.58487142793742e-05,1.62837356198373e-05,-6.14161876169439e-07,1.96264505554068e-05,-4.05474003102842e-05,5.50185354774182e-05,-9.93850287431387e-05,0.0745401807023462,0.000152195297647772,-0.000401300706143674,-5.56663513246804e-06,-1.67473195121318e-05,1.0001090619753e-06,-2.36862157462744e-05,2.49931218854194e-06,-6.87049930840964e-06,4.76409737757347e-05,0.000614246496185436,2.6962473490799e-06,6.86609769117341e-05,-9.44789690026593e-06,-1.76115199770082e-05,8.69210241638057e-07,3.35549703110757e-05,-3.16830005159765e-07,-0.026107973022246,-6.71903392746115e-06,1.64402195743401e-05,8.5757390538064e-08,-9.68759648168223e-06,7.51690702172918e-06,5.85750667680473e-07,2.23582656909968e-07,-2.80329121649137e-07,-0.0404289314260956,-7.13518382998238e-07,-1.98672356715727e-08,-3.64398166136171e-08,-8.7623302977226e-07,-2.89888439270655e-07,-9.8677279705644e-07,3.14182361949515e-06,-0.00604450799772162,-9.2985988580685e-08,1.71039526931086e-06,-2.19859893838593e-05,-7.7702752062306e-07,-2.58628174600573e-07,-2.10448429630266e-05,0.0046616861612652,-1.17717074471568e-06,-2.35415112172897e-05,1.5504123975532e-05,-1.03472372413924e-05,1.20574462565078e-05,2.07326729737248e-07,1.03275795795391e-05,0.000312422425167867,-2.23148856055635e-05,-3.9369633142855e-06,4.70201006033231e-07,1.22117146678018e-06,3.06596608451972e-06,4.91881455067355e-07,2.76210870630715e-07,-1.18807305565647e-05,-1.92903456193407e-05,-0.000173195762192544,0.00331928924848533,-3.3020995426586e-05,-0.000170711261570414,4.35766904106324e-09,-2.48455018146377e-06,-5.97437229552417e-08,-1.00353675597947e-05,3.52466969058328e-06,1.58981443312265e-05,-2.08771633652232e-05,-4.98758959347517e-07,9.54576098382276e-07,3.8329168091781e-06,6.89382983785095e-09,2.1663522248218e-05,-9.60120232934189e-07,-1.77458697959732e-06,-1.26792852530447e-06,1.06398435296966e-06,4.62533258570072e-07,4.62483217491534e-07,0.000151040628958298,-1.19219566499304e-08,-2.10213722667538e-06,-3.18446411527924e-06,-1.581720481145e-05,2.04437186934124e-06,1.07084630277775e-05,-1.51328891040669e-05,-9.34629464761153e-08,-6.09979463721252e-05,1.9673889558367e-05,-5.16788676852662e-05,-6.39518409175993e-06,-5.17437356692447e-07,-3.35561961698022e-06,8.68156037224438e-07,0.000644041439495532,-9.94528168041955e-07,-5.41518722845786e-06,-0.000626362923955271,2.9920984719113e-05,7.04968484137769e-06,0.000733880217510146,-6.02999304022252e-06,-2.38519212266331e-06,-3.30047758463231e-05,-0.00282700228309003,-3.45727100423977e-06,-2.7907759416061e-06,8.35907077372901e-06,1.71561156141269e-06,9.5222079483913e-07,1.59215087799235e-06,-8.38292239539971e-08,-1.92796874910391e-07,-7.09053395742255e-06,6.24635126937634e-18,-7.90635064008221e-07,1.12674184017756e-05,-5.51525059280942e-05,-5.7437645095373e-06,-6.52604572112164e-06,1.10009385714708e-06,-1.26079689303642e-06,6.52705608294076e-06,-1.0556942297091e-07,6.89037245102534e-09,-1.57161938106374e-06,1.59223637487119e-05,-1.25019205522814e-05,5.18787556841437e-05,-3.2169320775639e-06,1.71954204339982e-07,-1.12575356765515e-08,5.36982787339916e-07,-5.12157229986895e-07,8.0749521146001e-06,1.85563723863117e-06,-3.78301232156512e-07,0.00569307965881867,-1.03893418950966e-06,0.000245917157748932,-6.4015979320907e-06,6.51468159758833e-07,-2.2352891500238e-07,4.06644370044113e-08,1.97470345907783e-05,-6.18695781532517e-06,3.06521183174097e-07,0.000130277710926995,-2.68029509973943e-07,3.24029596381217e-06,-5.16500756964479e-06,0.00609749453131612,-6.35579688833516e-06,7.80691304971613e-06,-6.03826841143805e-07,1.04124387572551e-05,-5.38083428951364e-07,2.09348876995658e-06,-2.0796038975472e-16,-5.24389060220674e-06,-1.80015000246165e-07,-2.37302876346693e-10,-2.08763724462962e-06,2.65878161125143e-07,-1.65543410949639e-07,-5.47714692264002e-07,6.4478530619392e-08,-2.74091743228969e-06,9.53057119124689e-06,3.5275186504535e-07,-8.80258813551179e-06,4.21872998262053e-06,-5.12400420536247e-06,1.65414434412095e-05,-2.6927481966794e-06,4.54077352366432e-06,1.61224003795273e-07,1.2259474524384e-07,7.25560563897524e-06,-5.20096472015839e-05,2.34697211044604e-07,-6.6406260582329e-06,0.000237554947241503,-0.000779446312356482,2.29281644419443e-06,2.09552288176848e-06,1.23070970464904e-05,-3.96518725681967e-06,-2.39014471101314e-06,3.12139278867219e-06,-0.0108882693851495,2.06420724166786e-07,2.72270447724945e-06,-6.28021745104887e-06,-3.96747907592882e-16,5.61356199385636e-08,4.29355968065375e-05,-6.709601457435e-06,3.54150592844304e-05,4.62202239720279e-06,1.17108324343551e-05,4.95174884997864e-05,-0.259467644791138,-0.000128886186324725,-1.50187399902694e-15,2.84154838912641e-05,2.38721635509766e-07,7.45099433895825e-07,-3.46934465689107e-06,-3.91130862816316e-06,2.25892922314996e-07,7.11402878253446e-06,-1.68163923417268e-06,6.30831704000473e-06,-6.91922396248322e-06,9.47761466998604e-07,2.13872657519128e-06,2.54826085611341e-06,1.4431454835079e-08,1.91172730549299e-06,-1.09614993624539e-06,1.91737808549938e-06,-8.4327086096882e-16,4.39910510152293e-06,-3.29318864347771e-07,-9.4863971792647e-09,-7.29005943224777e-08,2.34069002940545e-06,3.81871450723403e-06,-1.81486291195502e-06,6.50688602372833e-06,3.04660654537981e-07,-5.07519529782581e-18,5.2720414233284e-07,2.0336400206621e-07,6.0295697901252e-07,-2.53417486296872e-16,-1.04908018554558e-06,-1.48757374163505e-06,2.25105846207252e-07,8.26810939663283e-07,2.72305193351595e-07,1.52449131546088e-07,0.000122395620491933,-1.15581777884664e-07,-9.24461438013995e-07,-4.97827091668706e-08,-2.28176756391137e-07,-3.28027294365984e-07,-3.96064950626893e-17,1.11915066129514e-07,-3.57234664796301e-07,-1.63999758294327e-06,1.99008843931048e-07,-1.68497176112516e-16,4.06928616654621e-06,-2.17995605017972e-08,4.60629740009578e-08,2.89147156232444e-08,8.92115533787664e-08,-8.01903698878887e-08,1.97034045793991e-05,-1.86095293231077e-08,-6.26540498946176e-17,1.55118371006534e-07,-3.30501127376133e-08,1.1139547494022e-07,3.41378854048766e-07,-2.85505018982001e-05,-2.25879051378889e-10,-4.37150315946155e-16,-7.95083971798562e-17,-2.81181403891611e-10,-4.21105571993789e-08,5.65096852955782e-09,-6.407992082403e-08,1.10409001403267e-16,-3.71986468216849e-08,-4.72437248698709e-10,3.70061456695467e-17,5.10126694207601e-17,-2.2093518695129e-16,1.20884385158964e-07,9.43837809701493e-06,-4.19445982312451e-07,3.44452727915921e-07,1.72639879584356e-07,8.56940172905054e-06,-1.60078162162516e-07,-7.76658664291764e-14,-3.83456503647193e-08,1.1045931452287e-07,8.22653600720235e-17,-5.88102429783106e-16,-7.56210391861203e-08,-4.14884960463363e-11,-4.66084302310551e-08,2.5715593020216e-07,4.78775195616461e-08,-1.79905287899977e-08,-6.9172621462829e-17,-6.08259077323313e-08,1.73203537185312e-16,-2.10412500260932e-07,-1.87946446600362e-16,-5.55675201677325e-08,-1.4732400470485e-17,2.31169813252347e-07,6.10304740904681e-08,2.6221102222595e-08,3.46785959130973e-07,1.72245362798827e-07,-1.9994231342269e-08,1.2799865700711e-07,1.17425857767993e-06,2.20278198253584e-07,2.0440199690768e-08,4.65526045095387e-08,-1.32898989497886e-07,-2.30408450383747e-07,-1.88573715890249e-08,-6.51208380285728e-08,-2.48215991739837e-17,6.17367920705241e-07,-1.0767985759031e-07,5.74628553051291e-08,2.9719931933491e-17,1.01579661650142e-08,2.79818901425344e-07,2.28739755423892e-05,-3.74263300848669e-17,-2.39415521232882e-07,-1.2991060560138e-07,-1.41371769604799e-16,-4.47018649422263e-06,3.95746356264229e-07,-1.56425833119147e-16,8.86192479420013e-18,-1.46632786952739e-08,-7.87937660078963e-08,-4.50885846877444e-10,-6.28720176879279e-07,1.68782725580917e-07,4.96913641682305e-08,4.79333838353271e-08,4.48875556196303e-07,-1.01840559048821e-06,1.92554305833426e-16,2.108679110177e-09,1.45218389820332e-09,4.01696946757948e-09,3.76968610808071e-07,3.75904622534215e-16,1.44254046196544e-16,1.24461329466812e-07,-1.77708820778375e-16,5.4905486136538e-17,6.05331862968139e-07,-2.02494552231617e-05,-1.35154731593999e-07,-9.19266531811127e-09,4.77400913633424e-06,2.73464218994373e-05,3.03661521868485e-08,1.41961778780081e-17,7.27177867032536e-08,3.407368728554e-09,1.56519859941374e-08,-1.58312993384717e-07,6.30684785510851e-07,-2.4126822556387e-16,5.20449603460773e-17,-2.1832146281908e-17,-5.58715515219667e-08,-2.69465181190697e-08,-1.5700456879932e-07,-1.32422100985763e-16,-2.07757674477027e-08,-2.12391099081442e-16,-2.25602649472336e-16,6.86918329901689e-06,-7.42194714648307e-08,1.64798730217797e-16,-1.88335566104375e-07,-9.75256071319613e-08,-2.85832639452265e-16,2.21946004889009e-07,8.93285442893188e-17,7.93999094902357e-08,-1.39110421716449e-16,7.98217121558101e-08,1.75628243039392e-05,2.44582025993308e-08,2.3182741624787e-08,1.59866567960773e-07,-8.05199510720651e-08,2.24477551720856e-07,-2.15568035306401e-16,1.49575031266154e-06,-8.46025773263523e-08,-9.01941666625571e-17,-1.11902420288774e-08,-0.000177354706865732,5.25186638856753e-08,2.31520397431572e-16,3.88609041169418e-06,2.26346248434812e-07,-1.09258322238548e-16,-5.6699974740498e-07,-1.25571279173815e-07,-6.56917528420575e-09,-1.34701588992834e-17,-6.2277386019729e-17,2.69590150471785e-06,3.64840525824347e-08,2.95439289928213e-09,-4.84252794374602e-08,2.21263412702826e-08,-4.82900794281747e-18,2.29896418298135e-16,8.09536686225504e-08,5.58161967054779e-10,5.70269575590416e-16,1.96414955114981e-07,9.55204677309547e-17,1.01990639921249e-07,-3.79078145283213e-08,-2.21569056255594e-08,-1.47094257968591e-07,4.59764896180316e-18,1.34837038106464e-16,-6.10862832912152e-17,1.15494137971541e-16,-1.1970632563725e-08,-4.15663866044907e-08,-3.53982058544248e-16,3.73185745557131e-17,2.2689807684652e-17,5.87335605286264e-08,5.28713141223492e-10,-2.92494359053715e-08,1.61984099009402e-16,-2.26733779321031e-16,1.23870098206469e-16,-2.88598513759357e-05,3.79143993577442e-08,-2.71921220886056e-18,6.86879833673892e-09,-1.80260653001614e-07,-4.33531185260284e-17,-3.97204098427379e-17,-1.2542433743207e-07,-2.91539941820374e-08,-6.24161763623238e-08,-1.16379809170075e-16,5.40633934961316e-05,1.03239195722202e-07,1.1136943126328e-07,-1.02247919990455e-07,-2.75786010114971e-07,4.50561161674734e-09,-4.43893638896628e-17,5.98779401513956e-16,3.86809821176456e-16,8.75539036812707e-08,-7.93005881429958e-08,-2.99774863159209e-08,-1.81827494648807e-05,3.1574938906115e-16,-1.51196994581551e-17,3.61520932978875e-16,1.01487133118184e-16,2.35063004053516e-16,1.16337603197997e-07,-1.43382892127706e-16,6.94595222235222e-17,-1.89711298196824e-08,-1.4319292435985e-16,-1.69890779951893e-08,-1.18063545029618e-17,-2.1076635992574e-08,-1.46815497009864e-16,-2.58680814893505e-08,-3.24813884983493e-09,-2.97839677008438e-07,3.05554576131043e-14,1.05499106328458e-07,1.83950818298404e-16,1.51989823809188e-07,-2.73185313701915e-07,1.14010604465232e-06,-5.77780630653968e-16,2.22837551269854e-07,-2.87168224531083e-16,-5.57472207122055e-08,-7.0962058203473e-06,3.44857902388395e-16,-1.52077937842827e-16,3.71075469160742e-17,-8.2670416529105e-17,-1.07027870248663e-09,-1.39923990695753e-08,-3.13909159147082e-09,-4.20668607736064e-16,1.5999343351781e-16,-3.39878231492929e-08,2.77557647902597e-07,-7.59264218848453e-16,-2.15793468833818e-16,-1.51813980070824e-08,-5.11611831978921e-16,-1.08471880203748e-07,3.40236243732797e-16,2.3659650969963e-05,2.58893353282055e-17,-3.24968942843895e-16,7.57049931488423e-16,1.67121563468654e-16,3.79962729830801e-16,-4.69290255908318e-16,2.13875909847579e-08,-1.49709654204157e-07,-1.4135447829506e-17,-2.59102522082649e-06,3.91897842302983e-07,8.79287547403495e-16,4.20894256275236e-16,-9.11714622106002e-16,-2.25124864716587e-15,4.07819591210777e-08,6.61567588223104e-09,1.57671017174254e-18,-5.3459028981388e-17,-7.64576213903274e-08,-6.94079607317212e-06,-4.1646799173551e-09,8.44331057381572e-16,-4.92861958446736e-16,-3.24297668790053e-16,6.32856629488383e-16,-1.46757342445866e-15,1.15778441685034e-15,1.90773091479067e-07,-1.83997593805766e-07,-3.61112671068137e-08,-3.89021409496452e-16,-1.83584699603163e-15,1.02324376004936e-15,-8.17348852068748e-16,-2.01589938806821e-16,-4.74859695040445e-16,4.22696886323329e-17,1.7457473587568e-16,-3.19351602055433e-16,-1.17871634566405e-16,-1.26053655290433e-15,1.15350332754225e-15,1.61479498675521e-15,7.37920875411989e-16,3.94659382921288e-08,2.7679879037835e-16,-6.48632495529984e-15,-3.93144023119169e-16,6.95779198483982e-07,-8.92278194961219e-09,-1.51825256176774e-15,-1.99386567009309e-08,1.17796168873165e-06,1.2967422843176e-14,-2.48924256945124e-14,-0.401830364056019,-1.79287448078664e-16,-1.83792568046102e-08,2.60549363876566e-15,-5.47095920122845e-17,-1.19863636417735e-15,1.29140670674759e-15,-5.32770040872032e-09,0.000133966871928102,-2.52394108586379e-15,-4.31963768379339e-16,-1.85991815701389e-16,-3.591045192471e-16,9.06284595980633e-16,1.21901425262509e-15,-3.30772487362743e-16,2.25445643902202e-16,6.01607569815207e-10,3.84199272751806e-16,9.81881420749304e-16,-1.44263084822913e-16,3.08806854555119e-16,3.37708998922058e-16,1.47943407917005e-16,-2.25312651050414e-08,-2.92603120916563e-16,4.22928063451158e-16,4.05605921014925e-07,-5.59512435791552e-16,1.15570580132085e-15,1.76204972246731e-15,-8.33883874633094e-16,2.45605461436236e-08,1.79792483160392e-16,-1.9092071928935e-08,-1.25125049361367e-16,1.11756938301891e-15,-2.25736163238261e-15,-5.935045511963e-16,-3.65688614764203e-16,-2.03936268452398e-15,7.53757037931973e-10,-4.39541936639806e-15,-3.50422522687242e-16,4.4978129817219e-09,-9.97879318516797e-08,-4.60158730092812e-16,7.28825198777768e-08,1.08043693400419e-08,2.40207371061765e-16,1.30586289048668e-15,-2.04046848140483e-15,7.27280156447246e-16,-9.36806596669865e-16,-2.08456706688989e-08,1.37656100378975e-16,3.86652787766115e-16,-3.13814190661637e-15,8.5726779076308e-09,-1.7489503068473e-15,-1.74156997547385e-15,8.84698760669723e-16,-1.80757889714892e-15,-4.0313892321923e-09,1.23532132096537e-15,1.22390735360975e-09,-2.37078662749186e-15,7.52767639415748e-16,5.92360086148902e-16,1.09959122599652e-15,-1.50455672300447e-15,-1.84593968041482e-15,-6.87548596087947e-16,-2.21577479945302e-08,-3.17490367936625e-15,-2.24659921813152e-16,9.40349358810512e-09,6.29738302648854e-16,9.11160168633388e-16,6.26464998946237e-16,-3.00020353431704e-15,7.41038872563163e-16,4.15687597018267e-15,-1.57039612132874e-06,-2.29483316598283e-16,-1.20870432707489e-15,2.10893425296051e-08,-3.68846518341942e-16,1.599119885799e-15,1.86398889103438e-15,-4.31205354833021e-15,1.50219651382446e-15,-4.18273091390766e-15,2.00438507897257e-15,1.29347458534101e-15,-1.6218718686396e-14,1.84575557281879e-13,-0.70710678118655,-1.14737405027258e-08,3.8197513385317e-08,-4.09067166844149e-14,7.69754689617423e-16,-3.00084109302803e-15,6.2400133494107e-15,-8.68207415682942e-15,-9.77273466165443e-15,3.91340085646723e-15,1.16329287462393e-14,-3.37449463206196e-09,2.61653568701318e-15,-3.36890748553568e-16,-1.04228588380374e-15,2.23886875649292e-15,1.107410446772e-07,-9.77145191773147e-16,-7.06342386491783e-10,-9.5949875819522e-16,4.16822778111301e-16,-8.27818717039053e-16,-8.2189695620039e-16,-2.74124716937104e-17,1.78981977504006e-15,1.56298448690943e-15,6.08719393404005e-16,2.9285353721229e-16,2.72939247753041e-16,5.1557018809004e-17,8.98246132550259e-16,3.32326166839969e-16,4.6616322696441e-16,1.80636662514759e-15,-6.88430414224686e-16,7.78709551280653e-16,5.14220124719816e-16,8.25070231864013e-16,-1.07818026396401e-15,1.47451495458029e-17,2.3356127240452e-16,1.74851901044858e-16,-6.23315782751425e-16,-2.586912653004e-17,3.52348172208956e-10,-8.92865191589439e-16,4.7501490641004e-16,2.12128721933942e-16,9.26620560084841e-16,1.08568920023471e-16,4.80178832805516e-16,-1.17928018915009e-16,4.52849630058327e-16,2.09053336163699e-16,-4.20276093518044e-16,6.35125632642008e-16,2.97173834900085e-16,-1.78523297533931e-16,2.66509389112436e-16,1.43263751073211e-16,-6.76528403245877e-16,3.72079235478414e-16,-4.65219515308994e-09,-6.88141066504617e-17,-3.45103478380575e-16,-1.5678008017581e-16,3.05329160809332e-16,3.90987270631174e-16,-1.8326110264889e-16,2.34509490778484e-16,-4.42408768480178e-16,3.61541653537407e-16,1.00810672805395e-09,5.46950364430896e-16,-1.66785851345299e-16,1.4714866576575e-16,3.49971319945584e-16,-2.5198793368016e-17,-2.50396989346006e-16,-7.09634123826955e-17,-2.82990589620933e-17,-2.97617877742942e-17,8.7121897374157e-17,8.84316757238798e-17,-2.34780631355721e-16,-5.91608955699695e-17,5.18641657375535e-09,-9.69694023302339e-17,1.27956823910353e-16,1.61304269176142e-16,-6.70687463899533e-16,-3.96246054500662e-07,2.0612167293614e-16,1.53806047239767e-16,-2.01574883601477e-16,-8.72395900841748e-17,-1.18427296676921e-17,-7.11693559950795e-17,-6.34001726508458e-18,-1.6682572364366e-17,-4.36571069304805e-17,-6.31373359530855e-17,3.02062524824093e-18,-4.84304675307379e-17,-1.99053403675294e-16,-6.20275389726525e-17,-9.13982041876677e-18,-9.36392721178925e-17,-2.05280178719362e-17
"t716",-0.00494354905919308,0.0516901643578697,0.0665611811023938,0.0160796126790822,0.0330089199233399,-0.00548555873506837,0.00168404845015065,5.84636464270815e-05,0.000501339573687356,-0.00136809078817878,-0.000479812525270744,0.00565804329768424,-0.0194673238632671,-0.105843194992712,0.00278508261021827,-0.000355173815705918,-0.0205586877365814,-0.000185905458757086,5.18004748098419e-05,5.12224246828757e-05,-0.000219264502212555,6.2182561817779e-05,-0.000165396715822033,0.000283818492981383,-4.48090696125655e-05,0.000133004736596267,-0.000173797653163355,0.00150310337163035,-0.00106539208601643,0.00400640271166876,-1.38810034266968e-05,0.000185853083936738,5.11375893215535e-05,1.90524333667308e-06,-3.12756827965403e-07,2.47598173331329e-06,1.10562226072487e-05,-1.46235462684916e-06,-1.41127774492963e-05,-6.04940323361975e-06,-0.00663822928922246,-4.3170817665879e-05,1.63691618759776e-05,-1.9165336470696e-05,3.80146328862012e-05,2.29267274574822e-06,-8.30622767547166e-07,1.49798017032913e-05,-2.36087924233593e-05,6.38778264227466e-05,-7.63599254936028e-05,0.00442351359742711,1.33838777900623e-08,2.49358108346089e-05,-1.90766408584284e-05,0.000213473016131512,-4.94914651361248e-05,0.165373482040275,0.0125781163264487,-7.24343937986591e-05,-4.14683705771371e-05,4.377690659624e-05,-0.00109601785082427,0.0016659412901092,-4.11495654621273e-05,0.000113245169474616,-6.21337751636582e-06,0.000399089087282721,-0.0323812151125168,-6.29459391845104e-05,-4.47474579820506e-06,3.09665862237339e-06,4.18450549945252e-08,2.7639509993503e-05,-1.40952484536592e-05,-2.54187491325318e-07,0.000310727989051566,-0.461177352351441,-0.000167596353742344,-0.000161359776670818,0.00111116516178101,0.000548702316532163,-5.7383854648068e-05,-0.000259729084593938,1.47722154172559e-05,0.000409846235242847,-5.94613805838215e-05,-9.3528991973202e-06,-2.07939325249536e-06,7.87839276841229e-05,-1.71457828106765e-05,4.06008756326931e-07,2.69233029866644e-05,-0.000244018550769243,-1.46842664273203e-06,-6.87143486715368e-05,-8.10773824712321e-06,7.87679239406112e-05,-0.00851334109759338,-2.96730029108359e-05,-1.07419751818734e-05,7.03925424071013e-07,-1.52266157069518e-05,7.03056308344968e-06,-3.09180468818549e-06,4.91816361800629e-06,-0.000169342681374132,5.82220762619715e-06,-2.67316381735325e-05,9.39341322488542e-07,0.000883887448645026,5.12845484298375e-05,-1.58487142793164e-05,1.62837356198167e-05,-6.14161876189424e-07,1.96264505554034e-05,-4.05474003103338e-05,5.50185354773926e-05,-9.93850287431294e-05,0.0745401807023462,0.000152195297647783,-0.000401300706143649,-5.56663513248091e-06,-1.6747319512149e-05,1.00010906196028e-06,-2.36862157463005e-05,2.49931218860265e-06,-6.87049930844705e-06,4.76409737757301e-05,0.000614246496185438,2.69624734902018e-06,6.86609769117858e-05,-9.44789690024555e-06,-1.7611519977011e-05,8.69210241647491e-07,3.35549703111003e-05,-3.16830005187117e-07,-0.0261079730222461,-6.71903392745606e-06,1.6440219574328e-05,8.575739053866e-08,-9.68759648155885e-06,7.51690702174496e-06,5.85750667673213e-07,2.23582656812746e-07,-2.80329121708909e-07,-0.0404289314260955,-7.13518382967496e-07,-1.98672356510534e-08,-3.64398166005422e-08,-8.76233029776814e-07,-2.89888439245946e-07,-9.86772797024195e-07,3.14182361946536e-06,-0.00604450799772155,-9.29859886391698e-08,1.71039526937998e-06,-2.1985989383785e-05,-7.77027520601781e-07,-2.58628174583914e-07,-2.10448429630362e-05,0.00466168616126501,-1.17717074470657e-06,-2.35415112173245e-05,1.55041239755331e-05,-1.03472372412717e-05,1.20574462565132e-05,2.07326729766293e-07,1.03275795795515e-05,0.000312422425167882,-2.23148856054093e-05,-3.9369633142709e-06,4.70201005969158e-07,1.22117146681441e-06,3.06596608451504e-06,4.91881455068513e-07,2.7621087063915e-07,-1.18807305562722e-05,-1.9290345619403e-05,-0.00017319576219253,0.00331928924848524,-3.30209954265633e-05,-0.000170711261570377,4.35766902243694e-09,-2.4845501814459e-06,-5.97437229707223e-08,-1.00353675597861e-05,3.52466969053035e-06,1.58981443312964e-05,-2.0877163365266e-05,-4.98758959386911e-07,9.54576098487851e-07,3.83291680917306e-06,6.89382984641722e-09,2.16635222482627e-05,-9.60120232855177e-07,-1.77458697958868e-06,-1.2679285253836e-06,1.06398435295346e-06,4.62533258581815e-07,4.62483217452117e-07,0.000151040628958341,-1.19219566633583e-08,-2.10213722669307e-06,-3.18446411530784e-06,-1.58172048114751e-05,2.04437186928173e-06,1.07084630278139e-05,-1.51328891040107e-05,-9.34629464631972e-08,-6.09979463720562e-05,1.96738895583974e-05,-5.1678867685447e-05,-6.3951840918382e-06,-5.17437356653891e-07,-3.35561961699854e-06,8.68156037170229e-07,0.000644041439495616,-9.94528168004159e-07,-5.41518722843181e-06,-0.000626362923955344,2.99209847189385e-05,7.0496848415131e-06,0.000733880217510105,-6.02999304029225e-06,-2.38519212261091e-06,-3.30047758462292e-05,-0.00282700228309007,-3.45727100416948e-06,-2.79077594157535e-06,8.35907077334138e-06,1.71561156137009e-06,9.52220794859018e-07,1.59215087791003e-06,-8.38292240387706e-08,-1.92796875031678e-07,-7.09053395735368e-06,-2.04564801357675e-17,-7.90635063981376e-07,1.12674184018068e-05,-5.51525059280779e-05,-5.7437645095196e-06,-6.52604572118711e-06,1.10009385707919e-06,-1.26079689300526e-06,6.52705608311899e-06,-1.05569423065687e-07,6.89037243835068e-09,-1.57161938106904e-06,1.59223637486351e-05,-1.25019205522816e-05,5.18787556842102e-05,-3.2169320775342e-06,1.71954204329136e-07,-1.12575356910798e-08,5.36982787352937e-07,-5.12157230005106e-07,8.07495211448986e-06,1.85563723871547e-06,-3.7830123222524e-07,0.00569307965881879,-1.03893418946495e-06,0.000245917157748994,-6.40159793207889e-06,6.51468159842704e-07,-2.23528915007083e-07,4.0664437024853e-08,1.9747034590789e-05,-6.18695781534252e-06,3.06521183150504e-07,0.000130277710927183,-2.68029509928833e-07,3.24029596383979e-06,-5.16500756980579e-06,0.00609749453131603,-6.35579688836196e-06,7.80691304952923e-06,-6.03826841137887e-07,1.04124387573189e-05,-5.38083428987693e-07,2.09348876999427e-06,-2.26400525430471e-16,-5.24389060221609e-06,-1.8001500029037e-07,-2.37302885682548e-10,-2.08763724466245e-06,2.65878161187718e-07,-1.65543410929672e-07,-5.47714692258979e-07,6.44785304577851e-08,-2.74091743260874e-06,9.53057119124391e-06,3.52751864909168e-07,-8.80258813554009e-06,4.21872998278229e-06,-5.12400420531077e-06,1.65414434411803e-05,-2.69274819653447e-06,4.54077352368188e-06,1.61224003835735e-07,1.2259474517372e-07,7.25560563895437e-06,-5.20096472014841e-05,2.34697211001793e-07,-6.6406260582088e-06,0.000237554947241428,-0.000779446312356407,2.292816444163e-06,2.09552288175159e-06,1.23070970464952e-05,-3.96518725678461e-06,-2.39014471106824e-06,3.12139278861098e-06,-0.0108882693851495,2.06420724448279e-07,2.72270447717078e-06,-6.28021745107776e-06,-3.5990659051505e-16,5.61356198947423e-08,4.29355968064541e-05,-6.70960145715115e-06,3.54150592843502e-05,4.62202239727162e-06,1.17108324342763e-05,4.95174884997095e-05,-0.259467644791136,-0.000128886186324672,-1.66618258505075e-15,2.84154838912835e-05,2.38721636236983e-07,7.450994338697e-07,-3.46934465685076e-06,-3.9113086281367e-06,2.25892922302007e-07,7.11402878268552e-06,-1.68163923415484e-06,6.30831703996477e-06,-6.91922396258745e-06,9.47761466878978e-07,2.13872657505672e-06,2.54826085609222e-06,1.44314544716544e-08,1.91172730549106e-06,-1.09614993639264e-06,1.9173780854906e-06,-8.55713244269588e-16,4.39910510123538e-06,-3.2931886433823e-07,-9.48639708426683e-09,-7.29005943419611e-08,2.34069002942747e-06,3.81871450725798e-06,-1.81486291201722e-06,6.50688602373792e-06,3.04660654447873e-07,-4.1465580114994e-17,5.27204142244915e-07,2.03364002188539e-07,6.02956978903343e-07,-9.52404765559666e-17,-1.04908018554088e-06,-1.48757374164355e-06,2.25105846101822e-07,8.26810939587423e-07,2.72305193415502e-07,1.5244913140249e-07,0.000122395620491835,-1.15581778164533e-07,-9.24461438025722e-07,-4.978270921133e-08,-2.28176756408543e-07,-3.28027294421212e-07,7.08282695680601e-18,1.11915066022537e-07,-3.57234664772674e-07,-1.63999758299852e-06,1.99008843941562e-07,-7.21301131592718e-17,4.06928616659982e-06,-2.17995607648246e-08,4.6062973997164e-08,2.89147158025984e-08,8.921155346574e-08,-8.01903696672069e-08,1.97034045794219e-05,-1.86095294660636e-08,-5.34620751888393e-17,1.55118371067964e-07,-3.30501126467571e-08,1.11395474893665e-07,3.41378853945322e-07,-2.8550501898226e-05,-2.2587898255541e-10,-1.83880688453542e-16,-5.53061358776685e-17,-2.81181311179355e-10,-4.21105574960031e-08,5.65096867905564e-09,-6.40799209729205e-08,2.53081015776712e-16,-3.71986469492891e-08,-4.72437269442542e-10,-4.88627643379492e-17,1.47672047502852e-16,-2.01918287437842e-16,1.20884385372713e-07,9.43837809696587e-06,-4.19445982298377e-07,3.44452727825491e-07,1.72639879628833e-07,8.56940172900279e-06,-1.60078162189207e-07,-7.7453045075226e-14,-3.83456503408175e-08,1.10459314468936e-07,-6.20739102750962e-17,-2.94440573458127e-16,-7.56210391468413e-08,-4.14885900684917e-11,-4.66084299920677e-08,2.57155930016221e-07,4.78775194417387e-08,-1.79905287657839e-08,-3.37566869261605e-16,-6.08259079068899e-08,-1.46798985127879e-16,-2.10412500260466e-07,-1.64419259457427e-16,-5.55675201382253e-08,2.48615063987822e-17,2.31169813480177e-07,6.10304740552837e-08,2.6221102186901e-08,3.46785958947527e-07,1.72245362871518e-07,-1.99942310409635e-08,1.27998657072645e-07,1.1742585775197e-06,2.20278198165776e-07,2.04401995067619e-08,4.65526044557496e-08,-1.32898989389661e-07,-2.30408450269181e-07,-1.88573717091363e-08,-6.51208380261831e-08,-4.60282182260981e-17,6.17367920622175e-07,-1.07679857677539e-07,5.74628555031462e-08,8.55564157768901e-17,1.01579662518385e-08,2.79818901308048e-07,2.28739755424214e-05,4.2299340932131e-19,-2.394155212708e-07,-1.29910605589497e-07,1.10301278254148e-16,-4.47018649424608e-06,3.9574635663091e-07,-4.7417167643473e-16,2.25023056134432e-16,-1.46632786525497e-08,-7.87937661923589e-08,-4.50885554681485e-10,-6.28720176960727e-07,1.68782725465909e-07,4.96913644021861e-08,4.79333836436939e-08,4.48875555693736e-07,-1.01840559042086e-06,2.36247653384591e-16,2.10867922681772e-09,1.4521839378063e-09,4.01696969122644e-09,3.76968610976178e-07,-5.44000671960897e-17,7.21059026259538e-17,1.24461329416417e-07,1.34160785905455e-16,-2.20700538419048e-16,6.0533186304388e-07,-2.02494552233936e-05,-1.3515473143057e-07,-9.19266481634166e-09,4.77400913589432e-06,2.73464218993901e-05,3.03661519792445e-08,-2.13995252472449e-17,7.27177868005597e-08,3.4073685064305e-09,1.56519861848714e-08,-1.58312993531448e-07,6.30684785334734e-07,3.09830816446928e-16,3.81359178061765e-17,2.32088185659976e-16,-5.58715518692481e-08,-2.6946518118403e-08,-1.57004568807478e-07,1.77332774201018e-16,-2.07757674075461e-08,4.40623869406579e-16,-1.17246170697236e-16,6.8691832989276e-06,-7.42194715198961e-08,2.53703308361608e-16,-1.88335566035975e-07,-9.75256070204694e-08,1.28853878582637e-17,2.21946005000637e-07,-2.33100105217975e-16,7.93999095459014e-08,4.65268576339724e-17,7.98217122034252e-08,1.75628243040749e-05,2.44582025382926e-08,2.31827410516103e-08,1.59866567998156e-07,-8.05199510345517e-08,2.24477551737883e-07,1.32048148455852e-16,1.49575031301059e-06,-8.46025776080481e-08,-2.51603209948539e-16,-1.11902418415286e-08,-0.000177354706865749,5.25186642918164e-08,2.36317836016558e-16,3.88609041172854e-06,2.26346248336942e-07,-1.9838551007623e-17,-5.66999747267239e-07,-1.25571279381043e-07,-6.56917539312909e-09,-5.96574949581707e-17,3.53080024642338e-17,2.69590150464562e-06,3.64840526996431e-08,2.95439262553735e-09,-4.8425279634507e-08,2.21263408415595e-08,1.25561484119244e-16,2.20576027434293e-16,8.09536687099832e-08,5.58161886525394e-10,2.99410931043233e-16,1.96414954814676e-07,8.3988401267445e-17,1.01990639920029e-07,-3.7907814286616e-08,-2.21569050920472e-08,-1.47094258145533e-07,-3.26049061447534e-16,-9.52298554010278e-17,-5.4504089659914e-18,-1.21008956672722e-17,-1.19706324910466e-08,-4.15663869167943e-08,1.2774469825723e-16,1.72758403186965e-16,-5.02123404612635e-16,5.87335606509243e-08,5.28713120388376e-10,-2.92494358334803e-08,-1.25686092258161e-16,-2.08736023257772e-16,-4.62845907434062e-16,-2.88598513758293e-05,3.7914399417238e-08,-2.32279002323502e-17,6.86879880080442e-09,-1.80260652937903e-07,-1.07512994861226e-16,2.20675934151113e-16,-1.2542433737072e-07,-2.91539938204276e-08,-6.24161768942499e-08,1.30966772276665e-16,5.40633934958012e-05,1.03239195903573e-07,1.11369431217106e-07,-1.0224792001569e-07,-2.75786010034263e-07,4.50561077218256e-09,2.7772666338546e-16,1.6658806558236e-16,2.06591900130913e-17,8.75539031886552e-08,-7.93005880314177e-08,-2.99774861727597e-08,-1.81827494649593e-05,2.74206658163064e-16,1.82186262212611e-16,5.04417288228219e-16,2.92067910079852e-16,5.11822697829454e-17,1.16337603110576e-07,-5.80131861120204e-17,-2.27469973541491e-16,-1.897112991283e-08,8.15607123796658e-17,-1.6989077174583e-08,6.55943492786417e-17,-2.10766366336719e-08,2.19630063046613e-16,-2.58680810259894e-08,-3.24813891074929e-09,-2.97839677063565e-07,3.04859857459466e-14,1.05499106329129e-07,2.11886650566965e-16,1.51989823820675e-07,-2.73185313783399e-07,1.14010604487548e-06,-8.01128175859682e-16,2.22837551151335e-07,-5.97673983963751e-16,-5.57472204846065e-08,-7.09620582005019e-06,3.84684227693572e-16,2.48415373789831e-16,1.18227667717144e-16,2.65029925676243e-16,-1.07027865472716e-09,-1.39923989400363e-08,-3.13909174672926e-09,1.98466139084676e-16,-2.1255699221558e-16,-3.39878229475128e-08,2.77557647699635e-07,-5.52177291184569e-17,-8.19224874851929e-17,-1.51813980868518e-08,8.65535958782908e-17,-1.08471880273037e-07,3.60596017584992e-16,2.36596509696548e-05,-9.87671718941835e-17,-1.89684080781491e-16,-7.07069038158456e-17,6.91587957814978e-17,-3.35597680720978e-16,-7.76986832459717e-16,2.13875909743458e-08,-1.49709653440445e-07,8.80398506986473e-17,-2.59102522060578e-06,3.91897842190356e-07,-4.19541240327266e-16,1.02827242011039e-16,8.04060845967739e-17,-2.26625191358081e-15,4.07819590456087e-08,6.61567623960964e-09,-9.42300611834599e-16,1.06426079123756e-16,-7.64576213789864e-08,-6.9407960731058e-06,-4.16467992114408e-09,3.75772898105061e-16,5.90073746695198e-16,-3.28558571790532e-16,3.78690186527043e-16,-3.00045479439489e-16,3.4773394475725e-16,1.9077309167842e-07,-1.83997593968473e-07,-3.61112669845005e-08,4.81916208227651e-16,-2.01654889902762e-15,1.37992907848144e-15,-5.44177976773509e-16,5.49139034934939e-16,-7.69816773217772e-16,1.38383419854273e-15,-5.51788914950084e-16,-1.06695423571876e-15,-2.78351464966737e-16,-1.55458407936935e-15,1.75776679723329e-15,2.03348605891198e-15,2.46320219937144e-16,3.94659387412728e-08,2.36903615880734e-16,-5.3275296820541e-15,5.26764614209307e-16,6.95779200029729e-07,-8.9227816614902e-09,-1.07169024504429e-15,-1.99386582725896e-08,1.17796168974695e-06,1.34799555586917e-14,-2.72069554077481e-14,-0.401830364056021,-5.07757791334335e-17,-1.8379256728509e-08,2.44349984487368e-15,7.89634302965312e-16,-5.8494166693495e-16,1.52562016590375e-15,-5.32770088110255e-09,0.000133966871927398,-2.69893126534403e-15,-2.13909428236065e-16,-3.03291860317872e-16,-6.80949934158813e-16,1.25875872225567e-15,3.99770714264245e-17,-3.27654657712969e-16,5.93204648877057e-16,6.01609228976437e-10,1.11679582076499e-15,1.27940453231035e-16,-2.54822572144572e-17,-1.09013098710591e-15,-2.12985716839928e-15,2.55076135085726e-16,-2.25312654478254e-08,1.10031104592197e-16,2.49221964614192e-16,4.05605920978896e-07,-1.19656414345085e-16,2.12441485624479e-15,-1.64714169744935e-15,-9.7723712286953e-16,2.45605472433703e-08,-1.33041456974445e-16,-1.90920723536864e-08,4.22661841698332e-16,-9.39920053213057e-16,3.16100559551107e-16,-7.23179789706777e-16,1.837581540514e-16,3.61982422016632e-16,7.53756975939326e-10,-4.59261033963765e-15,1.53555653564656e-16,4.49781282185439e-09,-9.97879319271062e-08,7.57130728589221e-16,7.28825193319622e-08,1.08043685598026e-08,8.41688175819814e-17,-4.70927579835299e-16,1.86420001581148e-15,-4.90367380600492e-16,5.85493231311958e-17,-2.08456704127425e-08,1.59229645466149e-15,1.83310670316459e-16,3.00395355493889e-15,8.57267782849674e-09,2.32508690040984e-15,-1.21485644966821e-16,3.59468042180349e-16,1.73594135946935e-15,-4.03138869281972e-09,-1.79235610699076e-15,1.22390626377311e-09,2.16730866402265e-15,-1.62740849858627e-15,-5.32714895919146e-17,-1.28374704199786e-15,1.21236991286422e-15,1.73085645296715e-15,3.04533706853019e-16,-2.21577438089811e-08,3.59857548335507e-15,1.15854876811337e-16,9.40349311989914e-09,-7.91029870236612e-16,-6.17547231911286e-16,-8.74993327351091e-16,2.9621814687827e-15,-4.71327655593108e-16,-4.14818171577926e-15,-1.57039611892554e-06,4.36654013154706e-16,1.07948352241936e-15,2.10893374321743e-08,-3.43567629346909e-16,-1.0670509574276e-15,-1.41744683439904e-15,4.42667311432657e-15,-1.45125487845709e-15,3.86400236859655e-15,-2.11259614748606e-15,-2.05971091197476e-15,1.68703852169639e-14,-1.84722653053567e-13,0.707106781186549,-1.14737186111456e-08,3.81975167128958e-08,4.10637234958882e-14,-2.3008527744593e-16,3.24659435044545e-15,-6.51313542197037e-15,8.6541017407793e-15,9.93771587928372e-15,-3.35637529463468e-15,-1.12030836474148e-14,-3.37450194009536e-09,-2.0422125906494e-15,2.92317206838717e-16,7.61849804544848e-16,-2.28976703021297e-15,1.10741043170531e-07,9.28446025880392e-16,-7.06340760296768e-10,8.6014152050284e-16,-2.85248470197626e-16,1.07679270823392e-15,9.10443078706015e-16,5.59630421067855e-17,-1.03850053045515e-15,-1.05615072541881e-15,-1.44575681680928e-16,-6.38953747342069e-17,-2.8191366627251e-16,-7.897743759238e-17,-9.37743307079195e-16,6.15269475449808e-16,-6.00799992230311e-16,-1.88197391099177e-15,7.01911665411601e-16,-7.11851368025498e-16,9.26188269353302e-17,-6.78866696674653e-16,1.18638106831393e-15,2.01336343430558e-16,-2.0069704578545e-16,6.68924697196136e-17,6.55457717803717e-16,4.43369206006703e-17,3.52348018842179e-10,1.09580618283484e-15,-4.04273055475705e-16,-1.66531938773699e-16,-1.05111814915666e-15,3.89388238643556e-16,-3.21043280498044e-16,-3.22557598418734e-16,-2.02192815342098e-16,-1.54915412227922e-16,5.73910535510759e-16,-8.0252644807377e-16,7.19235819700353e-17,2.73683858654521e-16,-3.74740998764187e-17,-1.07529364151074e-17,4.61658385697847e-16,-3.21452906069084e-16,-4.65219554481388e-09,-1.36048024487147e-16,6.93866441741642e-17,7.30861322058183e-17,3.16510088828968e-16,-3.62640602424661e-16,-1.41820467820676e-16,-1.4398904481787e-16,5.62814317868869e-17,-4.74381267904178e-16,1.00810674464018e-09,1.24816248573665e-16,8.39528823980002e-17,1.01033607537532e-16,-2.7744054473589e-16,8.10322842731434e-18,3.97652429935933e-16,1.28045998200786e-16,-1.73503892192181e-16,7.43956066947695e-18,5.26555929528171e-17,-1.89392455771408e-16,-8.80131118787111e-17,-1.96141908414169e-18,5.18641673969947e-09,3.65732271936189e-17,8.50351715763144e-17,8.88647447528942e-17,1.75207071073658e-16,-3.96246054635372e-07,8.49668882658619e-17,-3.06661194230479e-18,4.8838382479104e-17,6.05277427924044e-17,1.48744598382991e-16,4.0652659737545e-17,1.48029863196904e-16,-2.19625372619575e-17,-5.77898807922522e-18,7.0513941911268e-17,6.55485440994837e-17,-2.71174004422777e-17,2.60406007276468e-17,-3.24617714104675e-17,1.84968730511602e-17,6.65085278746379e-17,-7.36297780841125e-17
"t418",-0.0050250200174379,0.0535528565229916,0.0690430660001573,0.0169038447171803,0.0351286352704195,-0.00590807978394462,0.001816701790485,6.34969814951925e-05,0.000553919088529588,-0.00154997341039471,-0.000566760073789724,0.00703257697218391,-0.0244020992871984,-0.133281061837729,0.00355517239941632,-0.000462519494236337,-0.0270093013825402,-0.000245942919001455,6.91634345992092e-05,7.09591837743488e-05,-0.00031642472441559,0.000102348494446936,-0.000286377337805,0.00049423873679698,-7.83426228142732e-05,0.000244676481813434,-0.000324209358326266,0.00283475730603939,-0.00207907648276039,0.0105799275556131,-4.41382613163199e-05,0.000701499396300183,0.000288223141142713,1.70830615718322e-05,-9.58692155898332e-06,-2.27794633250245e-05,-8.22159775320071e-05,8.71021099572928e-06,7.72618205478832e-05,2.80384263145672e-05,0.0234692869007648,0.000125657928354017,-4.27330356883927e-05,4.96022647039257e-05,-8.74386740484434e-05,-3.64972898039833e-06,1.19961435794222e-06,-2.07041938603339e-05,2.90101868355865e-05,-6.96555326550653e-05,7.17471161079977e-05,-0.00389071356810237,-1.16604579526213e-08,-2.00672618310398e-05,1.32352451454649e-05,-0.000144924002212348,2.33262481348455e-05,-0.0710536767601989,-0.00534593889464265,2.48282417853282e-05,1.22169313342335e-05,-1.20183401202799e-05,0.000284940859423742,-0.000427398802935669,9.63537355061292e-06,-2.47915894965596e-05,1.30966593742506e-06,-9.43211303995888e-05,0.00871533810735534,3.17375746920478e-05,1.10301334961592e-08,-1.82575352141411e-08,-2.192290887448e-10,-1.03311669114825e-07,4.99979272890734e-08,7.36984253823862e-10,-8.22804935184411e-07,0.000690080700421146,-5.91406777686386e-08,-1.17305755119133e-07,8.92676819043408e-07,3.96316257005661e-07,5.58689772432071e-08,4.87133530870474e-07,-1.1627866768443e-07,-4.15010396613265e-06,7.54224393660283e-07,1.22761524798749e-07,2.7535251718822e-08,-1.0664887230543e-06,2.50687273086589e-07,-1.09602307923895e-08,-7.62777787230662e-07,9.33917943122873e-06,8.74640747815967e-08,4.34810579001942e-06,5.14476221534616e-07,-5.79457612942327e-06,0.00066041001781768,2.79103044344764e-06,1.17336891282047e-06,-7.78997787584697e-08,1.70987364380739e-06,-1.47453467800447e-06,6.7890435136346e-07,-1.11935632187813e-06,4.10910416349348e-05,-1.43836976048529e-06,6.81833333729363e-06,-2.51542672229793e-07,-0.000240498217177934,-1.53584945235244e-05,4.8016935221282e-06,-6.44891210286223e-06,2.58633191778894e-07,-9.53103104119248e-06,2.10860137018361e-05,-3.52519569818403e-05,8.13585130309829e-05,-0.077241139761847,-0.000186366687641966,0.00151633356248579,-3.44904989977262e-05,-9.32699235913871e-05,4.01058327766801e-06,-2.79455061038821e-05,2.75195189834362e-06,-4.01847730102272e-06,1.11796316656266e-06,1.20045828635399e-05,-2.25883397495982e-08,-1.44612421659678e-05,2.33572134708559e-06,4.81756935654335e-06,-3.3179219573314e-07,-1.3320100959729e-05,2.05892761570562e-07,0.0236776658004845,9.58920665154796e-06,-2.37825113653403e-05,-1.34857057317597e-07,1.59142084050342e-05,-1.32717338065818e-05,-1.06380167486212e-06,-4.0621069799502e-07,6.32153878184295e-07,0.158624710529576,8.43493652071388e-06,4.52646907787266e-07,-7.9519750138444e-07,-1.65110840589144e-05,-3.28191813776249e-06,-8.99788907707062e-06,2.33149325346235e-05,0.032956165197567,-6.14198296833199e-07,7.53824076057467e-06,1.84245190824082e-06,1.41521321436342e-06,6.0691753225567e-07,0.000382041870675141,-0.464236492391618,-6.47194022671055e-06,-0.000118428013245659,5.02594697050807e-05,-2.67303729964951e-05,2.20827662208175e-05,3.76611807891591e-07,1.87212445134108e-05,0.000549567472082341,-3.79976031101613e-05,-6.67394970973159e-06,7.53222992210171e-07,1.92489100959058e-06,4.67765581131568e-06,7.4477735221904e-07,4.16624763804436e-07,-1.68089351810654e-05,-2.5823532202217e-05,-0.000229863294737167,0.00437023271259519,-4.25106343854022e-05,-0.000217974009565754,5.52081950800812e-09,-3.12522436976905e-06,-7.34571884231432e-08,-1.22729707993616e-05,4.13351719190054e-06,1.86207801859146e-05,-2.41511013875182e-05,-5.59560618973175e-07,1.04770593323489e-06,4.17793005837929e-06,7.44205205831804e-09,2.32287635410491e-05,-1.01122272916972e-06,-1.86258346667561e-06,-1.32172578732126e-06,1.10560408804003e-06,4.71503029845783e-07,4.7113736443253e-07,0.000153093579929884,-1.20453429158073e-08,-2.12412129598215e-06,-3.21785949189819e-06,-1.59932289341609e-05,2.07267110709587e-06,1.08845358662846e-05,-1.55359537406229e-05,-9.79246574445183e-08,-6.55524243944893e-05,2.13568384422775e-05,-5.99450163309896e-05,-7.89752680448227e-06,-6.40323086474325e-07,-4.48706321873411e-06,2.81170102221623e-06,0.353393273627135,-6.69004236643043e-07,-4.96885789553569e-06,-0.000614872517249331,3.80204160937636e-05,9.61554535910366e-06,0.00109290672284359,-1.33459612598059e-05,-5.97806442840073e-06,-8.56216665916176e-05,-0.302056322222126,1.04508387720813e-05,3.10334994124823e-06,-6.58205667016793e-06,-9.65033623373909e-07,-3.91574133258566e-07,-5.98029730348465e-07,1.17544645307757e-08,8.95946823810623e-09,-2.08392179755914e-07,-3.45211733994274e-16,-8.58194448142273e-08,1.36761085013995e-06,-1.05688189941652e-05,-1.32219431473239e-06,-1.66553032221412e-06,2.82238920331488e-07,-3.67473012776559e-07,1.93371336874352e-06,-3.15005681043593e-08,2.12134712734223e-09,-4.93023450065604e-07,5.14797889966784e-06,-4.09063700818763e-06,1.70546932812863e-05,-1.08281182164924e-06,6.22539359824056e-08,-4.15970418223346e-09,2.01766801113153e-07,-2.01008004247636e-07,3.18216213365362e-06,7.77364593821988e-07,-1.71813364427998e-07,0.00691144081750157,1.16435449124348e-07,4.59909431375248e-05,-1.74048619796193e-06,2.03718827332613e-07,-7.0503921253541e-08,1.41443608619695e-08,6.87944662007301e-06,-2.15928836029024e-06,1.10484859426239e-07,0.00357756263272812,-9.51013890889966e-08,1.15439243095514e-06,-2.80816111449141e-06,0.0069046382896872,2.12767904209999e-06,1.57691233136107e-06,-1.51707157875509e-07,2.96913857744404e-06,-1.55642174673314e-07,6.10667382269905e-07,3.1066088388087e-17,-1.55596108738751e-06,-5.34838333956716e-08,-7.07318878386416e-11,-6.24034355119952e-07,7.93780385457515e-08,-4.9351461323686e-08,-1.63138373952989e-07,1.88399186884794e-08,-7.99558040666397e-07,2.7789340801839e-06,1.02036485293861e-07,-2.47918242197094e-06,1.18204911564626e-06,-1.43041956645317e-06,4.55956513592469e-06,-7.02112015045644e-07,1.1526928939457e-06,4.08608248966177e-08,3.10554877551421e-08,1.70332949962625e-06,-1.09798967985302e-05,4.88119511311509e-08,-1.35055849026249e-06,4.69939301282257e-05,-0.00015287927159108,4.20949032216663e-07,3.83295083109447e-07,2.23836754596208e-06,-7.19219684397008e-07,-4.34996890516812e-07,6.08789863680411e-07,-0.0048025391254263,-5.25101491000179e-09,2.57106774015412e-07,-7.05383774166184e-07,-8.27377230618369e-17,3.09078455509409e-09,2.03020137193535e-06,-2.36410338772322e-07,1.23493977551945e-06,1.59392552599184e-07,3.68289592852872e-07,1.26964035979182e-06,-0.00482430607278276,-4.91112422405926e-07,9.66989711464569e-17,-9.26593189056719e-07,-8.92592190339605e-09,-3.56425529886549e-08,1.70346459200815e-07,2.98254808526328e-07,-2.0789995075729e-08,-8.20761524007907e-07,2.22270239282025e-07,-1.0772461351311e-06,1.44790955281077e-06,-2.23202672540937e-07,-5.36630951150144e-07,-6.64385845813926e-07,-4.02102408878294e-09,-5.36508938712826e-07,3.22005678083971e-07,-5.8321693957113e-07,2.54738082769892e-16,-1.71019701479087e-06,1.34355229376455e-07,3.87207343111793e-09,3.40009163674604e-08,-1.11346121974171e-06,-2.29728823078577e-06,1.16544529649832e-06,-4.23247205145559e-06,-2.08009034998745e-07,-2.88753323445593e-17,-3.80341882292286e-07,-1.49749066089025e-07,-4.79268819211245e-07,2.0667315161214e-16,9.05844891239382e-07,1.30983929448406e-06,-2.00231713167564e-07,-7.51043957023578e-07,-2.5622759843036e-07,-1.47307614401724e-07,-0.000120756104047108,1.21325877731363e-07,9.7759832541369e-07,5.49567950987785e-08,2.71894836103789e-07,3.92416163060063e-07,-2.41852934497423e-16,-1.56110301567484e-07,5.12113700621146e-07,2.49888951433935e-06,-3.33411164453875e-07,8.85130803313581e-17,-8.46676214031371e-06,5.95100791936799e-08,-1.44079891342543e-07,-9.67392992495565e-08,-3.24799627312655e-07,3.46104578764156e-07,-0.000117993322733328,6.21496841040678e-07,-1.54983241217048e-16,2.38943056993484e-06,-4.64538845231497e-07,1.38278435708738e-06,1.01016838203697e-05,-0.00868205220762403,-4.56629106014088e-10,1.72431513512095e-15,8.46919541904586e-17,-1.5664737403006e-09,-2.10012444725534e-07,2.77761047945979e-08,-2.84848781784148e-07,9.14540564755111e-16,-1.37154507555112e-07,-1.62456033212196e-09,4.95606388509653e-16,-1.21023242375672e-15,2.37541446632794e-15,3.47424719525119e-07,2.66030545297923e-05,-1.11058460438659e-06,8.69275202345849e-07,4.33354517447348e-07,2.05352432908455e-05,-3.81652591797142e-07,-5.25103411003678e-13,-8.42237470842074e-08,2.36409147500453e-07,1.61591432106568e-15,-2.68516976852714e-15,-1.47972892880102e-07,-7.96412340484377e-11,-8.73097067743415e-08,4.74249382767902e-07,8.58236591193535e-08,-3.21073670809957e-08,8.93803967722575e-16,-1.07910786870624e-07,-2.2889764906311e-15,-3.6712419255363e-07,1.68658489951845e-15,-9.58121424709516e-08,-4.23963281583734e-16,3.92832173924657e-07,1.03412358462031e-07,4.28510556148402e-08,5.62612437619887e-07,2.78607148925505e-07,-3.19300476620735e-08,2.02224730888398e-07,1.81160947283723e-06,3.39768988712341e-07,3.13081796769541e-08,7.04209977979891e-08,-1.9784392527293e-07,-3.38601684282482e-07,-2.74410779501518e-08,-9.43155657332617e-08,3.07284014964463e-16,8.81488423392093e-07,-1.51735771611674e-07,7.82158093237407e-08,5.85530625817264e-16,1.36975998853777e-08,3.72214614583687e-07,3.02556833493991e-05,-2.852023424285e-14,-3.15771712841115e-07,-1.69448655768279e-07,1.43316521110715e-14,-5.79968602143849e-06,4.98146895302583e-07,-0.707106781186546,-6.19315052331648e-14,-1.82541910197831e-08,-9.79940144894616e-08,-5.58210103015047e-10,-7.74332054831555e-07,2.05492795703223e-07,6.04402124164548e-08,5.82218647063748e-08,5.37327336667222e-07,-1.20524703265979e-06,6.36730251857287e-15,2.48506752836723e-09,1.71017800162719e-09,4.71874144231369e-09,4.41504473317613e-07,-9.73484198058093e-17,3.47782526900579e-15,1.45179871576879e-07,5.97646053794581e-16,1.0526421569495e-15,6.89121568666279e-07,-2.29597517417089e-05,-1.53231698593649e-07,-1.03326219695933e-08,5.35984652307321e-06,3.06946619126051e-05,3.40301997212032e-08,-6.14461255268904e-16,8.01665338604039e-08,3.74363466145958e-09,1.71774533240559e-08,-1.7278733472512e-07,6.81594118952673e-07,-9.97389971445905e-16,-1.01402693014279e-15,2.23397635106313e-16,-5.95552801272103e-08,-2.8556570434269e-08,-1.66312507690252e-07,1.00791431251367e-15,-2.1886008122077e-08,-2.64817855001222e-16,-1.03457435409251e-15,7.06798154563179e-06,-7.63454802298178e-08,-1.15142270717961e-15,-1.92651584621833e-07,-9.94398103060519e-08,-7.76067258877605e-16,2.248323485851e-07,5.767066274173e-16,7.98142059484876e-08,4.47537260807001e-16,8.01832100889956e-08,1.76330087090144e-05,2.4541254145474e-08,2.32421261389477e-08,1.59977705032074e-07,-8.00226897053249e-08,2.21058823193373e-07,-4.36811250380874e-17,1.46139581621018e-06,-8.26948091053166e-08,-3.09025996548333e-16,-1.09680155705009e-08,-0.000496853817325069,4.97951017827981e-08,-5.48024688237989e-16,3.69078572534205e-06,2.14657549318761e-07,-1.21421794628188e-16,-5.36598126529483e-07,-1.1871096199334e-07,-6.18463590481854e-09,-5.92336113490259e-16,-2.37493345440421e-16,2.51214163332697e-06,3.38452106319057e-08,2.73817613155147e-09,-4.39972711218172e-08,2.0037335076553e-08,-1.72242923641425e-16,9.21734502206914e-16,7.31445897364685e-08,5.04174219645494e-10,1.58700952094802e-16,1.76737470263948e-07,4.9110671830149e-17,9.14318680523547e-08,-3.38094259590925e-08,-1.97541954302534e-08,-1.3095475405292e-07,2.32543392411779e-17,1.64943613787618e-17,4.09531754174286e-16,-2.04124357184538e-17,-1.05189722766368e-08,-3.64862477715674e-08,2.20009683746184e-16,-2.71902771329187e-16,-2.38626894495506e-16,5.13536088965541e-08,4.61493075401948e-10,-2.54123770911146e-08,1.26575641600662e-16,5.58364118830035e-17,7.77698218323852e-16,-2.46791797962053e-05,3.24044773803132e-08,-7.23600507425374e-17,5.83512820828221e-09,-1.52774271201481e-07,1.81920413419984e-16,2.32289263739915e-16,-1.05780627571891e-07,-2.45803150696228e-08,-5.25589528629064e-08,-2.16938640880895e-16,0.00123433994971535,8.4351063325833e-08,9.12054646110558e-08,-8.33278846922148e-08,-2.24381219073921e-07,3.65371446475905e-09,-2.35620545301401e-16,-3.53279489814887e-16,1.90043723522454e-16,6.9508853883054e-08,-6.2934780696509e-08,-2.37221515114834e-08,-0.000383380154324244,-1.96510434093733e-16,9.69682696327551e-17,-1.57528637760796e-16,-1.09488600190058e-16,-4.99815637985841e-16,8.89863539026246e-08,-4.04944325800781e-17,1.75656414598455e-17,-1.44061019211889e-08,-4.52962112753341e-16,-1.28958867636333e-08,8.4096457429507e-17,-1.59879378179119e-08,1.37360165622195e-17,-1.93614411435028e-08,-2.42305266978441e-09,-2.21031661257024e-07,6.4088178660201e-14,7.77787603184559e-08,2.93976538943556e-17,1.10361108143335e-07,-1.94111011747114e-07,2.15436911352604e-05,-3.85283248867015e-16,1.56675565017583e-07,-2.65150456773724e-16,-3.85729435472314e-08,-4.90603323585079e-06,5.7346918755087e-16,-4.36906954723863e-17,-1.08988523734435e-16,7.16332949932653e-17,-7.29472690932458e-10,-9.4993732330559e-09,-2.12119677848571e-09,1.72035813898002e-16,9.21405031210413e-17,-2.24257518657622e-08,1.82931843119641e-07,-3.30207891354898e-17,2.47541646268359e-17,-9.6707595470029e-09,-5.66048340769734e-17,-6.85485099453728e-08,9.5242296245973e-18,1.45852474329593e-05,-2.6502738561852e-16,-8.0467048651795e-17,1.90134465977449e-17,-1.53449848324378e-16,-1.28956495108607e-16,-1.3865503927106e-16,1.24178152434658e-08,-8.68455918438363e-08,-1.77548528475581e-17,-1.46613839555831e-06,2.19302188030014e-07,3.19586960016485e-17,-1.78078214656607e-17,2.04810439254186e-16,-2.56157664805905e-16,2.1624029286368e-08,3.45845355186767e-09,1.53685693429596e-17,-2.96987358011466e-17,-3.93095108523097e-08,-3.56053084309945e-06,-2.12008947404937e-09,1.50675515316258e-16,6.26422702691409e-17,2.14811848790363e-17,1.03514469576172e-16,2.57593556012842e-16,1.16502547148854e-16,8.27686260396031e-08,-7.82858738098157e-08,-1.50534169515939e-08,-1.00703600510046e-16,-1.98981130516974e-16,1.94523698546355e-16,2.17074236600158e-16,-2.04502901967953e-16,7.16461599875314e-17,1.62349447373865e-17,8.28105480860997e-17,-7.93299972323816e-17,3.25232866505144e-16,-3.0674367360679e-17,-1.36185763199226e-16,1.49511408060461e-16,1.65348535654203e-18,8.26225860628728e-09,-4.05984922435023e-17,7.98136640212465e-18,1.28300851757018e-16,1.16997591162775e-07,-1.40934169158245e-09,-2.27285028522826e-17,-3.02021280237737e-09,1.07117790001763e-07,-2.52512439318126e-16,2.22065269861919e-16,-0.00015216851864189,1.48485661983318e-17,2.62012501282606e-09,7.49934989726506e-17,1.37235739041075e-16,1.99514238143056e-18,1.8093009894211e-16,2.62165128293271e-09,-7.02767138764385e-05,-1.89728457415461e-16,-3.10248096004451e-16,5.01760845344628e-17,1.18948021093172e-16,-5.55111512312578e-17,6.86151613004736e-17,8.73256856152339e-17,-1.12960125474735e-16,4.23039634529409e-09,-8.04110273008817e-16,-2.70240913898332e-17,-7.32623458954113e-17,4.50953523214392e-17,1.34392296776073e-16,-1.7184747509912e-16,-8.34318663232257e-08,-2.27632934827848e-17,-4.85577268168931e-18,1.39759242505633e-06,-2.39370317438936e-16,1.30461734574125e-16,-6.30314987864539e-16,-1.03779979211341e-16,5.1822653547903e-08,-8.58791648462816e-17,-3.82465900677167e-08,1.04516002550892e-16,-1.23348868306982e-16,7.58312561480315e-17,-2.35301941098982e-16,-3.28382098186398e-17,6.14851034707187e-17,1.38154624013564e-09,-1.41300695766276e-16,-1.35917623215097e-16,7.79197540471439e-09,-1.7241885545164e-07,-6.4765639838002e-17,1.20755233859845e-07,1.76848658962139e-08,-4.79245047872374e-17,-1.41148022010869e-16,1.31586187843256e-16,-1.19677034628631e-17,-1.29470867775109e-16,-2.96733834386192e-08,-5.13775333251521e-16,6.73977803812389e-16,9.48810192597992e-17,1.1876518994825e-08,-3.39604253108469e-17,-1.58806890133864e-16,2.02423294622246e-16,-1.71811794115795e-17,-5.40909092211216e-09,-8.49816557225204e-17,1.62726960279477e-09,7.95599361953603e-17,4.38049898458604e-16,5.49192333978153e-17,-2.31462389119745e-16,3.94916798607431e-16,4.47006501646776e-17,-6.27787204469543e-17,-2.82144562001749e-08,1.32415446965679e-16,6.24136512570545e-17,1.18597282973217e-08,-1.47260619441519e-17,-3.05152772627335e-17,1.82058817081632e-16,-1.30055878480947e-16,-5.44133938805984e-17,-1.48849082538411e-16,-1.92656192282337e-06,-1.41159880507098e-16,-1.51361620450096e-16,2.55810059926031e-08,3.44470846323898e-16,5.95486953473555e-17,-2.86331900192269e-17,1.00683951697216e-16,-1.42770495947947e-16,1.44056890643807e-16,-2.08722751431272e-17,7.9574808720953e-18,-9.99683330658248e-17,-3.17899286949215e-16,-5.46420811176836e-16,-1.3410016769397e-08,4.44640477675908e-08,-2.30917116571318e-16,6.35743734087357e-17,-1.74201589108659e-18,-1.82151464401066e-17,3.72315026031522e-16,7.32046897584937e-17,1.30780785241461e-16,9.25990239694915e-17,-3.85117497102104e-09,4.56499663203818e-17,-1.64960422858637e-16,-1.5560980909244e-16,3.46591531514369e-16,1.24463058767487e-07,-1.81838697576506e-17,-7.81371785815224e-10,-3.81841367399444e-16,9.57829628358782e-17,-1.70289583556257e-16,-5.28973614430633e-17,1.27863687682809e-16,9.0901965155857e-17,2.66857112085574e-17,-1.39740237292308e-16,2.54857968045564e-16,-3.39086312414313e-18,-4.67511050117278e-17,1.11707444018151e-16,7.92175677795207e-17,3.75306835831875e-17,2.90554169275184e-17,7.31960893416443e-19,1.60771062823863e-16,-1.25574095877085e-16,-1.01230462239734e-16,-2.91984014197445e-17,2.7148422399037e-16,-2.84969389854298e-17,2.86976088638016e-17,4.02879150950733e-17,6.18940250563556e-17,3.71344054004997e-10,2.26727457284494e-17,-2.7035163066318e-17,5.35083444713983e-17,-1.34506852509378e-16,1.04359890447866e-16,1.39913635346496e-16,2.41003633121028e-17,1.60347763508547e-17,7.49517484405204e-17,-2.477833324199e-18,-7.89299181569447e-17,-6.41797915095243e-17,6.64727177584414e-17,-4.48566385842838e-17,2.09161362162346e-16,2.16003479472518e-17,-1.48302127184719e-16,-4.77639492009238e-09,-1.7134900456066e-16,1.50801810446417e-17,-6.35475405115585e-17,-4.75388461258588e-17,-6.41045578498143e-17,-1.02884620219683e-16,-7.93494077834049e-17,2.04112369877246e-16,-1.82980496223964e-16,1.01143357186721e-09,2.93818166954277e-16,-8.72682116762392e-18,-5.67687141948979e-17,4.54124453079135e-17,-1.05761113835343e-16,1.58607193525152e-16,8.64377608492618e-17,7.79690123410533e-17,-3.26423357602553e-17,-2.00917576842101e-17,-4.2034503406838e-18,-2.57041827582121e-17,-4.28913598208469e-17,5.10012827162069e-09,-1.10610646935147e-17,-8.39151698583444e-17,-2.42895672536519e-16,-4.51244944188467e-16,-3.86358525050745e-07,-7.04428103480196e-17,-2.61110082464757e-17,-2.13043759028321e-17,1.93111762801668e-16,-3.42191836979931e-17,-2.1278949120677e-17,9.15648812670656e-17,-6.52991477440798e-17,-4.24068788034483e-17,7.24638238052066e-18,7.27267016471061e-18,4.76282333187992e-17,-1.00048185541142e-16,5.07788392414477e-18,1.99573485428459e-18,1.32652762093508e-16,-2.59678322205798e-16
"t88",-0.00502502001743791,0.0535528565229916,0.0690430660001573,0.0169038447171803,0.0351286352704195,-0.00590807978394462,0.00181670179048499,6.34969814951909e-05,0.000553919088529599,-0.00154997341039471,-0.000566760073789723,0.00703257697218391,-0.0244020992871984,-0.133281061837729,0.00355517239941637,-0.000462519494236355,-0.0270093013825401,-0.000245942919001425,6.91634345992053e-05,7.09591837743696e-05,-0.000316424724415596,0.000102348494446968,-0.000286377337805,0.000494238736796982,-7.83426228142749e-05,0.000244676481813423,-0.00032420935832627,0.00283475730603936,-0.00207907648276037,0.0105799275556131,-4.4138261316322e-05,0.000701499396300198,0.000288223141142744,1.70830615718282e-05,-9.58692155897012e-06,-2.27794633250243e-05,-8.2215977531999e-05,8.7102109957401e-06,7.72618205478722e-05,2.8038426314562e-05,0.0234692869007647,0.000125657928354023,-4.27330356883783e-05,4.96022647039118e-05,-8.74386740484113e-05,-3.64972898040331e-06,1.19961435795498e-06,-2.07041938603229e-05,2.90101868356025e-05,-6.96555326550682e-05,7.17471161080035e-05,-0.00389071356810238,-1.16604579504169e-08,-2.00672618310537e-05,1.32352451454651e-05,-0.000144924002212348,2.33262481348346e-05,-0.0710536767601985,-0.00534593889464264,2.4828241785316e-05,1.22169313342341e-05,-1.20183401202661e-05,0.000284940859423753,-0.000427398802935666,9.63537355062865e-06,-2.47915894965561e-05,1.30966593740911e-06,-9.43211303995842e-05,0.00871533810735545,3.1737574692036e-05,1.10301334781072e-08,-1.82575352531723e-08,-2.19229073545959e-10,-1.03311669137752e-07,4.99979272940832e-08,7.36984259312185e-10,-8.22804935293698e-07,0.000690080700420771,-5.91406777865088e-08,-1.17305755113144e-07,8.9267681903614e-07,3.96316257020603e-07,5.58689772368984e-08,4.87133530881194e-07,-1.16278667711042e-07,-4.15010396616344e-06,7.54224393654753e-07,1.22761524803493e-07,2.75352517151917e-08,-1.06648872304736e-06,2.50687273077231e-07,-1.09602308739215e-08,-7.6277778724496e-07,9.339179431257e-06,8.74640747533258e-08,4.3481057899654e-06,5.14476221525982e-07,-5.79457612940925e-06,0.000660410017817698,2.79103044342905e-06,1.17336891284478e-06,-7.78997788466576e-08,1.70987364379992e-06,-1.47453467804751e-06,6.7890435136285e-07,-1.11935632189016e-06,4.10910416348913e-05,-1.43836976046912e-06,6.81833333729637e-06,-2.51542672282702e-07,-0.000240498217177883,-1.53584945234675e-05,4.80169352210364e-06,-6.44891210288119e-06,2.58633191767938e-07,-9.5310310412736e-06,2.10860137018637e-05,-3.5251956981877e-05,8.13585130310552e-05,-0.0772411397618467,-0.000186366687641953,0.0015163335624858,-3.44904989977488e-05,-9.32699235914247e-05,4.01058327772753e-06,-2.79455061038571e-05,2.75195189832975e-06,-4.01847730101649e-06,1.11796316653648e-06,1.2004582863495e-05,-2.25883397103629e-08,-1.44612421659222e-05,2.33572134700706e-06,4.81756935652533e-06,-3.31792195679846e-07,-1.33201009597016e-05,2.05892761558447e-07,0.0236776658004845,9.58920665156422e-06,-2.37825113653716e-05,-1.34857057264357e-07,1.59142084050977e-05,-1.32717338065567e-05,-1.06380167490397e-06,-4.06210697868467e-07,6.3215387813577e-07,0.158624710529576,8.4349365206947e-06,4.52646907824921e-07,-7.9519750138226e-07,-1.65110840588724e-05,-3.28191813779563e-06,-8.9978890770865e-06,2.33149325346635e-05,0.0329561651975667,-6.14198296812802e-07,7.53824076068387e-06,1.8424519083639e-06,1.41521321429992e-06,6.06917532296385e-07,0.000382041870675089,-0.464236492391616,-6.47194022667569e-06,-0.000118428013245693,5.0259469705239e-05,-2.67303729964613e-05,2.20827662208276e-05,3.76611808062267e-07,1.87212445133354e-05,0.000549567472082319,-3.79976031102144e-05,-6.67394970980594e-06,7.53222992239523e-07,1.9248910095753e-06,4.67765581129136e-06,7.44777352210576e-07,4.16624763832312e-07,-1.68089351811408e-05,-2.58235322022057e-05,-0.000229863294737185,0.00437023271259516,-4.25106343854528e-05,-0.000217974009565806,5.52081954536695e-09,-3.12522436985413e-06,-7.34571884890751e-08,-1.2272970799342e-05,4.13351719190912e-06,1.86207801859761e-05,-2.41511013874122e-05,-5.59560618981462e-07,1.04770593330221e-06,4.17793005838177e-06,7.44205211041474e-09,2.32287635410682e-05,-1.01122272917866e-06,-1.86258346666163e-06,-1.3217257872914e-06,1.10560408820431e-06,4.71503029889178e-07,4.7113736448008e-07,0.000153093579929909,-1.20453428981709e-08,-2.12412129601935e-06,-3.21785949201018e-06,-1.59932289341136e-05,2.0726711071484e-06,1.08845358661996e-05,-1.55359537407569e-05,-9.79246574217362e-08,-6.5552424394398e-05,2.135683844242e-05,-5.99450163309196e-05,-7.89752680486673e-06,-6.40323086379629e-07,-4.48706321884297e-06,2.81170102231935e-06,0.353393273627133,-6.6900423674654e-07,-4.96885789538136e-06,-0.000614872517249423,3.80204160937535e-05,9.61554535930881e-06,0.00109290672284379,-1.3345961259642e-05,-5.9780644284222e-06,-8.5621666591537e-05,-0.302056322222125,1.04508387721245e-05,3.10334994120818e-06,-6.58205667019458e-06,-9.65033623500195e-07,-3.91574133287925e-07,-5.98029730494412e-07,1.17544645308355e-08,8.95946800702336e-09,-2.08392179734523e-07,-3.22632382336657e-16,-8.58194445387165e-08,1.36761084901758e-06,-1.05688189941922e-05,-1.32219431475182e-06,-1.66553032224573e-06,2.82238920175752e-07,-3.67473012789192e-07,1.93371336875876e-06,-3.15005684108793e-08,2.12134741524728e-09,-4.93023449833431e-07,5.14797889976627e-06,-4.09063700829165e-06,1.70546932812727e-05,-1.08281182155218e-06,6.22539359438991e-08,-4.15970325047012e-09,2.01766800858524e-07,-2.01008004244431e-07,3.18216213365174e-06,7.77364593767949e-07,-1.71813364546138e-07,0.00691144081750178,1.16435449057742e-07,4.59909431375243e-05,-1.74048619811083e-06,2.03718827498672e-07,-7.05039215520762e-08,1.41443606678835e-08,6.87944662011012e-06,-2.15928836023693e-06,1.10484859332981e-07,0.00357756263272599,-9.51013891318069e-08,1.15439243102833e-06,-2.80816111450908e-06,0.00690463828968725,2.12767904213277e-06,1.57691233116038e-06,-1.51707157922877e-07,2.9691385773923e-06,-1.55642174968205e-07,6.10667382350043e-07,-1.36169240066146e-16,-1.5559610878337e-06,-5.34838333871744e-08,-7.07318891678687e-11,-6.24034355018477e-07,7.93780384232818e-08,-4.93514613669631e-08,-1.63138373939066e-07,1.88399187702321e-08,-7.9955804052246e-07,2.77893408013707e-06,1.02036485083274e-07,-2.47918242187159e-06,1.18204911576763e-06,-1.43041956632989e-06,4.55956513564713e-06,-7.02112015008278e-07,1.15269289413912e-06,4.08608249833272e-08,3.10554878312069e-08,1.7033294994947e-06,-1.09798967984794e-05,4.88119510444659e-08,-1.350558490183e-06,4.69939301282446e-05,-0.00015287927159083,4.20949032241254e-07,3.83295083150297e-07,2.23836754597985e-06,-7.1921968444347e-07,-4.34996890383158e-07,6.08789863784434e-07,-0.00480253912542597,-5.2510152248194e-09,2.57106773886409e-07,-7.05383774084032e-07,-9.67942407884353e-17,3.09078471321266e-09,2.03020137210529e-06,-2.36410338706403e-07,1.23493977595116e-06,1.59392552642971e-07,3.68289593021258e-07,1.26964035959469e-06,-0.00482430607278237,-4.91112422544322e-07,1.36275221904127e-16,-9.26593189185132e-07,-8.92592162651933e-09,-3.56425531941745e-08,1.70346459044679e-07,2.98254808600633e-07,-2.0789994930267e-08,-8.20761524294456e-07,2.22270239197478e-07,-1.07724613508326e-06,1.44790955257221e-06,-2.23202672870929e-07,-5.36630951484291e-07,-6.64385845745021e-07,-4.02102510999296e-09,-5.3650893898978e-07,3.22005678001007e-07,-5.83216939454312e-07,6.10449185777071e-17,-1.71019701479819e-06,1.34355228760194e-07,3.87207356754229e-09,3.40009161505033e-08,-1.11346121985822e-06,-2.29728823094249e-06,1.16544529658334e-06,-4.2324720513842e-06,-2.08009034699883e-07,8.53845055548759e-17,-3.80341882330052e-07,-1.497490658674e-07,-4.79268818985523e-07,8.15869441805691e-17,9.05844891228525e-07,1.3098392954989e-06,-2.00231713093004e-07,-7.51043956888882e-07,-2.56227599230008e-07,-1.47307614501611e-07,-0.000120756104047081,1.21325877204918e-07,9.77598325466602e-07,5.49567950069143e-08,2.7189483628686e-07,3.92416162349151e-07,1.05570861524823e-15,-1.56110301773461e-07,5.1211370049379e-07,2.49888951399985e-06,-3.33411164454159e-07,-1.01388392974546e-16,-8.46676214021836e-06,5.95100773299363e-08,-1.44079891639058e-07,-9.67392991685678e-08,-3.24799627167653e-07,3.46104578025537e-07,-0.0001179933227335,6.21496841483551e-07,8.74876450588847e-17,2.38943056997589e-06,-4.64538845409415e-07,1.38278435718939e-06,1.01016838203039e-05,-0.00868205220763053,-4.5662903526515e-10,-2.29330443524134e-15,-1.82007810826027e-17,-1.56647391911274e-09,-2.10012444220269e-07,2.77761038993975e-08,-2.84848782055728e-07,8.42073243257212e-16,-1.37154508592348e-07,-1.62456059631366e-09,-4.57622548150523e-16,1.29539567581147e-15,-2.12265346807145e-15,3.47424719572702e-07,2.66030545297555e-05,-1.11058460509722e-06,8.69275201909068e-07,4.33354517235426e-07,2.05352432913044e-05,-3.81652591212685e-07,-5.25082125919284e-13,-8.42237477977685e-08,2.36409147190354e-07,-1.41482578971905e-15,2.65308010214064e-15,-1.47972893171036e-07,-7.96413895171751e-11,-8.73097049631055e-08,4.74249382927959e-07,8.58236590387531e-08,-3.21073646824872e-08,-8.99385110405658e-16,-1.07910787509011e-07,3.00378012862693e-15,-3.67124191991937e-07,-1.42550901638394e-15,-9.58121452020446e-08,4.6067301233647e-16,3.92832173010326e-07,1.03412357682384e-07,4.2851055722145e-08,5.62612437188485e-07,2.78607148595308e-07,-3.19300460266724e-08,2.02224732184128e-07,1.81160947951226e-06,3.39768986010305e-07,3.13081780547249e-08,7.04209984039595e-08,-1.97843922951838e-07,-3.38601684396591e-07,-2.7441076921283e-08,-9.43155633625734e-08,-1.77614868532594e-16,8.814884267159e-07,-1.51735769020683e-07,7.82158026533012e-08,-4.37749800774166e-16,1.36975989009149e-08,3.72214613652962e-07,3.02556833535963e-05,2.83670292777812e-14,-3.15771715520381e-07,-1.6944865616221e-07,-1.4333892945727e-14,-5.79968602134803e-06,4.98146863640855e-07,0.707106781186549,6.19245889014908e-14,-1.82541575346446e-08,-9.79940212875491e-08,-5.58236897455805e-10,-7.7433205151076e-07,2.05492790686612e-07,6.04402034734274e-08,5.82218768832165e-08,5.37327335325907e-07,-1.20524703124433e-06,-5.03785381467114e-15,2.48506429961587e-09,1.71014692383931e-09,4.71873986730873e-09,4.41504472190985e-07,2.62968419591862e-16,-2.54265734630227e-15,1.45179873764732e-07,-5.31775812502145e-16,-1.0761375088455e-15,6.89121570706357e-07,-2.29597517383271e-05,-1.53231696929344e-07,-1.03326275735163e-08,5.35984652282384e-06,3.06946619135663e-05,3.40301994771008e-08,6.39165376892026e-16,8.01665333149819e-08,3.74363474471104e-09,1.71774518836021e-08,-1.72787338694347e-07,6.81594115703068e-07,9.73781174762535e-16,9.48765101724366e-16,3.69286416296514e-17,-5.9555280150986e-08,-2.85565697391189e-08,-1.66312507348912e-07,-1.00067025365297e-15,-2.18860099539332e-08,1.19125239330177e-16,1.07312356422988e-15,7.06798154549737e-06,-7.63454805312702e-08,1.28846586178177e-15,-1.92651584106164e-07,-9.94398095017539e-08,8.83043279963222e-16,2.2483234668748e-07,-6.39412325050343e-16,7.98142065659039e-08,-4.2089532757655e-16,8.01832106990238e-08,1.76330087082548e-05,2.45412569119775e-08,2.32421256361662e-08,1.5997770492357e-07,-8.00226894457669e-08,2.21058822778271e-07,8.67674325551364e-17,1.46139581667288e-06,-8.26948062686798e-08,1.61087220917181e-16,-1.09680152276404e-08,-0.000496853817326687,4.9795100752542e-08,4.58402801584065e-16,3.69078572520557e-06,2.14657550278107e-07,1.10801637740104e-16,-5.36598126650993e-07,-1.18710961074065e-07,-6.18463610197914e-09,5.04975134730512e-16,2.29749692035853e-16,2.51214163311168e-06,3.38452102927529e-08,2.73817610127924e-09,-4.39972710932799e-08,2.00373366489811e-08,1.67442244744661e-16,-9.06690477519374e-16,7.31445894208215e-08,5.0417497649438e-10,-1.95173694300957e-16,1.76737470038746e-07,-5.37608942871373e-17,9.14318682501398e-08,-3.38094264244813e-08,-1.97541958818737e-08,-1.3095475398296e-07,-3.34963112580591e-16,4.38880423119049e-17,-5.58208654367789e-16,-1.83476536325948e-17,-1.0518973065165e-08,-3.64862485156778e-08,-1.47147430276554e-16,1.79476218677167e-16,2.39124022471158e-16,5.13536090890127e-08,4.61493137845753e-10,-2.54123776484259e-08,-1.19440652582105e-16,1.17906986257799e-16,-7.01695646032618e-16,-2.4679179795828e-05,3.2404477122192e-08,1.24205483240307e-16,5.83512896610919e-09,-1.52774270986733e-07,-1.52795501235796e-16,-2.20827780106987e-16,-1.05780627819572e-07,-2.45803152379773e-08,-5.25589521828602e-08,1.95246176226808e-16,0.00123433994971627,8.43510631437816e-08,9.12054648012438e-08,-8.33278847535952e-08,-2.24381219768653e-07,3.65371458990352e-09,1.99604726792626e-16,1.9330588983985e-16,-3.33407649497325e-16,6.95088536946953e-08,-6.29347807250297e-08,-2.37221513796205e-08,-0.000383380154320615,2.04143561495832e-16,-1.98954136402848e-17,1.61521438342135e-16,1.36800736867091e-16,2.69940743749036e-16,8.89863536421703e-08,-2.56566154267731e-18,-2.73171087652325e-17,-1.44061018160498e-08,5.35213310161358e-16,-1.28958861328079e-08,2.18058010714688e-17,-1.59879379685459e-08,2.78041457850162e-16,-1.93614411504714e-08,-2.42305210211779e-09,-2.21031661114014e-07,6.43269862048347e-14,7.77787603565732e-08,3.05667271498829e-17,1.10361108378545e-07,-1.94111011581044e-07,2.1543691133304e-05,1.02583005887847e-16,1.56675565006332e-07,1.29197016183184e-16,-3.85729434311546e-08,-4.90603323564519e-06,-3.02507535942025e-16,2.07992227046844e-17,1.19569575941206e-16,-7.67776662281025e-17,-7.29472207057359e-10,-9.49937309212183e-09,-2.12119689916805e-09,-7.0137622150823e-17,-3.0190904796191e-17,-2.24257516490824e-08,1.82931844042514e-07,-6.79321545969583e-17,2.87649242459902e-17,-9.67075947110434e-09,5.08370793494158e-17,-6.85485097438995e-08,-2.54254457548506e-16,1.4585247432905e-05,2.77208824481384e-16,2.51779730796071e-16,-3.72017546241329e-17,1.78769527923994e-16,9.14422122546646e-17,1.8363760902752e-16,1.2417815133356e-08,-8.6845592112491e-08,-2.04230047676016e-18,-1.46613839545829e-06,2.19302187974901e-07,-1.09632211697612e-16,1.32633875341002e-16,-2.07693941615572e-16,3.04354151556371e-16,2.16240288912366e-08,3.4584533711488e-09,1.0497520912379e-16,7.20506693065537e-18,-3.93095106921251e-08,-3.56053084326705e-06,-2.12008924714495e-09,-7.79908515336535e-18,-8.29832300455598e-17,1.38600003619049e-17,-1.26055142096063e-16,-3.79360408832018e-16,-1.32328280197253e-16,8.27686261110489e-08,-7.82858738257791e-08,-1.50534170659936e-08,1.23365216405477e-16,1.57246726216125e-16,-1.76252097757119e-16,-1.22239341432339e-16,2.47684205854847e-16,-7.77150286355839e-18,-2.51820160855867e-18,-3.18172143401543e-17,6.76317419509027e-17,-3.31356007651984e-16,1.69050644166259e-16,8.05420615649784e-17,-6.76336837826163e-17,1.34685577733315e-16,8.26225845583518e-09,9.41171300913109e-17,-7.70200943243953e-17,-1.15555614028745e-16,1.16997590742998e-07,-1.40934170248529e-09,4.08393638099787e-17,-3.02021323650073e-09,1.07117790078191e-07,1.42321745917064e-16,-7.72327802785025e-17,-0.000152168518642569,-1.44011790236162e-16,2.62012517462928e-09,-2.55035880692942e-17,-9.77083754866187e-17,-7.9795696957029e-18,-8.62779652039214e-17,2.62165120190559e-09,-7.02767138764438e-05,1.32903064860408e-16,1.63964980655675e-16,-8.07094734461879e-18,-6.73585697209016e-17,3.2612801348364e-16,-9.47903906052596e-17,-1.35613644101912e-16,2.46850473402601e-16,4.23039644184365e-09,-6.32760087413886e-17,8.09596709962887e-17,7.46168515645678e-17,9.36138313211155e-17,2.40603375308723e-17,-1.26355029567997e-16,-8.34318665449922e-08,4.63173532835533e-17,-3.28893550483048e-17,1.39759242513303e-06,-1.33632887950629e-16,1.26971083339874e-16,1.39475056494002e-16,2.48113403399228e-17,5.18226531500911e-08,5.97979911482309e-17,-3.82465904097455e-08,-1.95072037471572e-17,4.90583804871132e-17,-8.61825298831769e-17,5.5141844866255e-18,8.06700980250916e-18,-8.60206911887572e-17,1.38154637045925e-09,3.97108508067141e-16,1.96647133618638e-16,7.79197513799428e-09,-1.72418855473024e-07,9.86290087791157e-17,1.20755233938398e-07,1.76848659964184e-08,9.49706563197856e-18,2.40599622065857e-16,-2.07208769007801e-16,-4.03905832709781e-17,7.54102305929154e-17,-2.96733833517625e-08,3.32528478682645e-17,-6.4060038966735e-16,-9.72877976218085e-17,1.18765187592855e-08,-4.76211658078589e-17,-4.70669262537995e-17,-1.25628613313133e-16,4.52535999679264e-18,-5.40909080720709e-09,1.20231504593423e-16,1.62726914927592e-09,-7.71922100803315e-17,-1.28892974427342e-16,1.0613972669967e-16,1.00497473367584e-16,-2.08496095483511e-16,-7.18523207585358e-17,6.64557956003813e-17,-2.82144561807352e-08,-2.82925866128928e-16,-4.36063502639836e-17,1.18597286133417e-08,-3.22153590275553e-17,7.3582658768378e-17,-5.45528365049512e-17,8.45082696073944e-17,7.13849400830198e-18,1.18097355511849e-16,-1.92656192267722e-06,1.56194863765544e-16,1.64077710014001e-16,2.55810055997264e-08,-1.01569259125957e-16,-1.8445785140928e-16,-6.41401387106778e-17,-2.10064348651605e-18,4.16252908059528e-17,-1.46839317818756e-16,-2.05859381263652e-17,-1.58863273616313e-17,1.2641919266333e-16,2.93978288407187e-16,3.13492191867e-16,-1.34100167982152e-08,4.44640473735802e-08,1.90089194581645e-16,1.16392691973062e-16,-3.38525205826495e-18,-2.53023570550981e-16,-3.62123525610158e-17,3.10916828195188e-18,-5.3249819322749e-17,-4.06972478891966e-17,-3.85117487438207e-09,-7.18098509599155e-17,1.02551664949281e-16,1.05230191907383e-16,-2.08364028624965e-16,1.24463058950593e-07,2.96268166318293e-17,-7.81371848619537e-10,3.48937761130971e-16,-5.3791286418219e-17,1.21788865795073e-17,6.43321618227796e-17,-8.1113783540845e-17,1.52349799312098e-16,-5.81635332054046e-17,1.59342675910448e-16,-1.27853751063834e-16,8.04737352775511e-18,1.25057292607474e-16,-1.18376723256991e-16,-1.09082348619589e-17,-3.23323169614721e-17,-1.43305300220181e-17,-1.76266037284731e-16,-1.12072365371106e-16,1.14010057766748e-16,1.03270084700437e-16,1.52160161743662e-17,-5.89805981832114e-17,8.63883056750734e-17,1.02951905151909e-16,-1.01695008308404e-16,-1.12515389692433e-16,3.71344032608827e-10,-1.62028270531963e-16,-1.34100127599251e-16,-7.06515993058026e-17,8.60988651162319e-17,3.6599698183508e-17,-1.16733554913691e-16,-2.37155935090084e-16,-3.35014433803113e-17,-5.88266779212478e-17,2.21424096303181e-17,-4.57533316788883e-17,1.87815723501533e-16,-8.21323120864029e-17,-5.19095398070231e-18,-9.81414033028967e-17,-2.65818655660138e-17,9.23301701932238e-17,-4.7763950148278e-09,1.90484190173408e-16,-1.90332930580228e-17,2.32293153014627e-17,-1.31118857153945e-17,6.70913830154169e-17,-4.59354292023154e-17,8.45852182819016e-17,-1.42359903096648e-17,2.06818348772327e-16,1.01143366084475e-09,3.43867649741646e-16,-5.55614187721587e-17,-1.19274084877074e-17,-4.41197810172943e-17,4.8651239856158e-17,-1.26663371630323e-17,-7.26820297409321e-17,8.76582420552864e-17,4.62703529264579e-17,1.50496245463393e-16,-1.60951082080463e-17,-2.66146009627123e-17,1.90155391923612e-17,5.10012835560572e-09,-6.54932051432816e-18,4.29099339743179e-18,-2.45772033202952e-16,-2.97505076130022e-16,-3.86358525190247e-07,-9.37080276802301e-19,3.50886594383191e-17,-5.10954931587652e-17,1.05273718707765e-16,-1.86235614011563e-17,3.08343977080131e-17,1.13264960416377e-16,-8.41400504292436e-17,-6.71982556658493e-18,-4.50414856844161e-18,5.50823281906406e-17,2.47626207840192e-17,-7.64389715179804e-17,-1.1856132794933e-17,-5.21180813561566e-17,1.74904292501662e-16,-1.91470554162645e-16
"t625",-0.00506782007692524,0.0545267228036562,0.0703402795027853,0.0173332658061701,0.0362298593776576,-0.00612699549609766,0.00188540723023497,6.61000503634746e-05,0.000581012546894751,-0.00164322194332047,-0.000610991832652706,0.00772588896825131,-0.0268878952071266,-0.147092597673962,0.00394201751581684,-0.000516286333965915,-0.030236224114189,-0.000275947561970364,7.78298957227921e-05,8.07631532358279e-05,-0.000364449872264206,0.000121935763703286,-0.00034511602320784,0.000596354087137544,-9.46108830291066e-05,0.000298637637526666,-0.000396815382153698,0.00347705963861365,-0.00256685032250704,0.0136920322355074,-5.83644689887194e-05,0.000942741498155115,0.000398249349054532,2.40877941186371e-05,-1.38410908875736e-05,-3.42546406295505e-05,-0.000124529399526685,1.33160640477611e-05,0.000118599150148764,4.34316294640866e-05,0.0370184196073144,0.000201418954628705,-6.92091258315383e-05,8.04038447472892e-05,-0.000143519632428803,-6.28889088631058e-06,2.09974908564036e-06,-3.65133055979987e-05,5.22775193642927e-05,-0.000128601412769939,0.000137022340206288,-0.00755344378783209,-2.26929232666436e-08,-3.98880614705301e-05,2.74774523581654e-05,-0.000302937879089064,5.58779953456671e-05,-0.177561982604399,-0.0134291761549984,7.0057915015589e-05,3.81547399325333e-05,-3.96807719108348e-05,0.000987157344272001,-0.00149944116390371,3.73563402877099e-05,-0.000106374169603582,7.42338147576524e-06,-0.000628166949105138,0.0632383059644147,0.000275297399982414,-1.10983670102104e-06,1.61625166938441e-07,1.69335794449368e-09,6.29544809411171e-07,-2.96715606952775e-07,-4.01029628820611e-09,4.33300811601462e-06,-0.00313244043473406,2.03017246449041e-07,3.65540235113013e-07,-2.39493742593004e-06,-1.03157680464108e-06,-1.18790473991394e-07,-9.79841376148825e-07,1.88436417950002e-07,6.37251126529652e-06,-1.09868854111729e-06,-1.77337398485e-07,-3.96899690788505e-08,1.52888769174367e-06,-3.52461965578129e-07,1.29602448131066e-08,8.88499173253258e-07,-9.86070307413472e-06,-7.88291549380848e-08,-3.83031506286406e-06,-4.5272952949579e-07,4.81677282819337e-06,-0.000537667452494339,-2.10391436835069e-06,-8.32099213604308e-07,5.49472777452946e-08,-1.19882331977647e-06,7.97181096201993e-07,-3.60211284667208e-07,5.85312013861061e-07,-2.09390107067439e-05,7.27713406022973e-07,-3.40606641883863e-06,1.23271370117226e-07,0.000117126932568483,7.20917508243955e-06,-2.24402339817524e-06,2.73861850085019e-06,-1.07629495127654e-07,3.79475258466717e-06,-8.23094882234186e-06,1.3035111287039e-05,-2.85612022115828e-05,0.0260748811593852,6.15306522858146e-05,-0.000463647471815587,1.00344671589441e-05,2.70837231117355e-05,-1.1562781465456e-06,7.65397835007249e-06,-7.50514183283507e-07,1.04838109417372e-06,-2.56564439455932e-07,-2.75098484158596e-06,5.12207479847497e-09,3.00336082855304e-06,-4.76713773052961e-07,-9.70880847230196e-07,6.34594602202887e-08,2.52908233242254e-06,-3.4903782043541e-08,-0.00365241959351763,-1.29315204033722e-06,3.19468640580788e-06,1.76889613663178e-08,-2.06205414901053e-06,1.68590847802466e-06,1.34108938542685e-07,5.12040150116072e-08,-7.53905591257183e-08,-0.0168627046226241,-7.91791083840711e-07,-4.11358351606329e-08,6.71361092899472e-08,1.38564311742933e-06,2.67535708816724e-07,7.20877868939996e-07,-1.83098716995097e-06,-0.00212720413800902,3.8324192624531e-08,-4.58991168610275e-07,-5.43286784017339e-08,-3.19719525203803e-08,-1.308296039407e-08,-6.09173415462012e-06,0.00687832631891914,5.1215030971302e-08,8.40018294112624e-07,-3.25154447590157e-08,-1.43026174715164e-07,4.75870803598355e-07,8.31969085108223e-09,4.16166370518663e-07,1.33571122537958e-05,-1.01445175725443e-06,-1.80459264401362e-07,2.38412699288125e-08,6.36568971281499e-08,1.68800070363618e-07,2.7421146421629e-08,1.54947947323419e-08,-7.38076580385123e-07,-1.30433543985479e-06,-1.18638414764161e-05,0.000230115706220968,-2.36727260280461e-06,-1.23884411292946e-05,3.19919217459728e-10,-1.84351799363114e-07,-4.5846973540124e-09,-7.76223118041921e-07,2.90111577064539e-07,1.31103162817954e-06,-1.75387526357717e-06,-4.38987251952691e-08,8.69574057639275e-08,3.53053569860447e-07,6.45125759796514e-10,2.05031715700308e-06,-9.3754217543289e-08,-1.743862075853e-07,-1.26215702895763e-07,1.06573803312714e-07,4.83326593829183e-08,4.84119219217259e-08,1.60441000509104e-05,-1.28218907635192e-09,-2.3048652561786e-07,-3.49172885178438e-07,-1.73573086886689e-06,2.24589165152752e-07,1.1756617727867e-06,-1.64648380590667e-06,-9.82311455048785e-09,-6.01277986685519e-06,1.8791033273449e-06,-3.60546687791631e-06,-2.41328144956419e-07,-1.89159978569497e-08,4.07540102052252e-08,-1.00645103821551e-06,-0.221188818440521,-5.37347910612442e-07,-2.53862652482039e-06,-0.000291516686287971,1.55122570439225e-05,3.86891795137529e-06,0.000435817299940925,-5.352231100347e-06,-2.41308020868031e-06,-3.46259993987629e-05,-0.130838440934516,4.8629839820129e-06,1.62389158680929e-06,-3.70070098290671e-06,-5.94755540705201e-07,-2.68833738650172e-07,-4.25440931474416e-07,1.40631128944196e-08,2.47555064903863e-08,6.85465953503061e-07,-1.27147039046243e-16,5.03456594701887e-08,-6.5731352715849e-07,1.60700296756186e-06,7.53828182799853e-08,1.79351790943804e-08,-2.40966216409217e-09,-1.54094358237269e-08,9.26159828258617e-08,-1.58976192988532e-09,1.3034388329084e-10,-3.34239238613964e-08,3.99392034295644e-07,-3.3251094121166e-07,1.41064332968853e-06,-9.70026121149524e-08,6.53957563856898e-09,-4.42049476016837e-10,2.13069817534225e-08,-1.96659773257054e-08,3.08278259828778e-07,6.48551834480898e-08,-1.23058347201175e-08,0.000319166303131217,4.0590098898339e-09,9.4919713568501e-07,7.73209208489758e-09,-1.21378981485898e-08,4.78788694099844e-09,-1.02797063767048e-08,-5.37131535831607e-06,1.83389936979045e-06,-4.02797862410551e-07,-0.524753596496188,-1.41080465398982e-07,1.48331776000117e-06,-1.14619842518833e-06,0.00272446799342223,8.20119624289391e-07,5.8122537609629e-07,-5.43329905475071e-08,1.01284940918159e-06,-5.25129986389287e-08,2.04414569139663e-07,7.25417060284915e-17,-5.09153782603369e-07,-1.74569264646285e-08,-2.29095372089459e-11,-1.99123300855412e-07,2.50786182004636e-08,-1.55307854786099e-08,-5.12476911742269e-08,5.8277018066587e-09,-2.47175156424018e-07,8.58943829259722e-07,3.14673644444529e-08,-7.62246686522442e-07,3.63391448109288e-07,-4.3973987920355e-07,1.40208901235721e-06,-2.16931253915722e-07,3.57335471907073e-07,1.26695884641263e-08,9.62989479298198e-09,5.33882370410054e-07,-3.49531541780799e-06,1.55724412912089e-08,-4.32267627605931e-07,1.51020556328426e-05,-4.91916468898703e-05,1.36936259502413e-07,1.2479326398418e-07,7.2991107532731e-07,-2.34784039101135e-07,-1.42511310375383e-07,2.00254171652867e-07,-0.00158574107848391,-1.73672819549657e-09,8.52799914548868e-08,-2.35428659809074e-07,9.88840358911249e-19,1.07468844917065e-09,7.09012689076042e-07,-8.3113316717235e-08,4.34246427390426e-07,5.60595630520045e-08,1.29744334763044e-07,4.48684784346244e-07,-0.00171131669990859,-1.75569568731674e-07,2.69761158046824e-16,-3.37424526534748e-07,-3.25810986799909e-09,-1.30767555592364e-08,6.2536128529687e-08,1.10922076009313e-07,-7.78896586084287e-09,-3.10791236750606e-07,8.47998430211396e-08,-4.17943147461897e-07,5.70890348179598e-07,-8.8951222424157e-08,-2.15180838422823e-07,-2.67444409746358e-07,-1.63001050970581e-09,-2.17655609230239e-07,1.31296248973378e-07,-2.38751068701524e-07,2.88812984337786e-16,-7.22230915779795e-07,5.71264408963032e-08,1.64647618444848e-09,1.47503833420629e-08,-4.8455652827273e-07,-1.04100672707709e-06,5.34686323240104e-07,-1.9466246036567e-06,-9.65891869576184e-08,-1.22250379268187e-16,-1.78606064599594e-07,-7.06218077872481e-08,-2.29754499376907e-07,5.42451673357086e-17,4.42369810643961e-07,6.42545482460405e-07,-9.84556167784425e-08,-3.71110629944593e-07,-1.2767203969221e-07,-7.38709371460021e-08,-6.08643139584507e-05,6.21022456006557e-08,5.01332766459562e-07,2.84950187790589e-08,1.43841547576015e-07,2.07820224977909e-07,8.64541044491564e-16,-8.62689765416285e-08,2.8523262109325e-07,1.41682615976519e-06,-1.94499789063627e-07,-4.28929310015489e-16,-5.28806300111645e-06,4.06931985506235e-08,-1.03248589490789e-07,-7.09643971713647e-08,-2.45390399456249e-07,2.77487823662468e-07,-0.000105838655978465,8.49003913221729e-07,8.11327848557408e-16,7.79422910981963e-06,-1.75643645635424e-06,7.9661545201876e-06,0.000251240109190659,-0.293326885179811,4.59648582531119e-08,3.02535774210355e-15,1.69893229022263e-16,6.18325238959509e-09,4.287452990683e-07,-5.33031101983851e-08,3.75010141410257e-07,-8.52868789057397e-16,9.93860618798125e-08,9.49807119581896e-10,-2.24742436544176e-17,5.10502657189567e-17,2.25171364940834e-15,-1.13120591369799e-07,-8.07810608714426e-06,2.65642868970604e-07,-1.69643089964608e-07,-8.25554817607817e-08,-3.12519107803919e-06,5.65552538567514e-08,5.19900946996685e-14,7.47675947745876e-09,-1.69658602209528e-08,3.77632722867452e-16,5.61964392131341e-16,2.73767131607642e-09,6.45605411463814e-13,-4.08693017943664e-10,5.97590758434651e-09,2.27458580906574e-09,-9.18474102659139e-10,-5.06878117037122e-16,-3.39087252403085e-09,-2.2485714713592e-16,-1.43810049386835e-08,-1.16779415998414e-15,-4.2695097690148e-09,-6.32074317958859e-17,2.00574233904963e-08,5.41119380310491e-09,2.90578279039593e-09,3.98496902480082e-08,2.0077595344806e-08,-2.46698826593402e-09,1.64933497808887e-08,1.64570033785998e-07,3.08918674477338e-08,2.93021985392168e-09,6.92165843500382e-09,-2.0616833497944e-08,-3.6869132348863e-08,-3.08420375490757e-09,-1.07582147236171e-08,5.66722038676701e-17,1.04929989558122e-07,-1.87464673881439e-08,1.05627471810597e-08,-1.97440115080274e-16,1.89121426052925e-09,5.30045433367847e-08,4.36212506051072e-06,-3.42404232233449e-17,-4.5809101312286e-08,-2.51650889049975e-08,7.97513092847921e-17,-8.70792030735947e-07,7.93108557943644e-08,-2.14490438079591e-15,-3.55303711839804e-17,-2.96533674390683e-09,-1.59465424079658e-08,-9.15702325607918e-11,-1.28183698807033e-07,3.4690433940634e-08,1.02198995612551e-08,9.8673508503545e-09,9.32529943620989e-08,-2.12950155995515e-07,7.96021235038857e-16,4.41922212480941e-10,3.0445393373548e-10,8.4326047013127e-10,7.92549288077143e-08,2.90434207190805e-16,-2.30444919980377e-16,2.62193309960292e-08,-2.76628161891248e-16,5.91701238163414e-17,1.28885607428404e-07,-4.31814046439487e-06,-2.88222871081898e-08,-1.96650557524875e-09,1.02166708224214e-06,5.85279387326395e-06,6.50258225098035e-09,-3.46742341159567e-17,1.56508988153593e-08,7.34052565642617e-10,3.37293802099327e-09,-3.41646119834334e-08,1.36421222590511e-07,6.28766037174979e-17,-1.88449744598769e-16,3.17307419258047e-16,-1.21188597010936e-08,-5.85073337255516e-09,-3.40919049190152e-08,-2.30512403707618e-17,-4.51513736033214e-09,5.67457569983593e-16,1.72405336120096e-16,1.49702026463861e-06,-1.61752708323841e-08,2.13370987545147e-16,-4.10644725977148e-08,-2.12693725846784e-08,2.19516873129718e-16,4.8424201737545e-08,-1.311215981649e-16,1.7330317782739e-08,-9.28088021700554e-17,1.74229255439693e-08,3.83358160303158e-06,5.33883390838531e-09,5.06060430058492e-09,3.49003411952433e-08,-1.75833474721577e-08,4.90481197296638e-08,7.34302138064917e-17,3.28064093296775e-07,-1.85865977071562e-08,9.02461841523406e-16,-2.46918295827018e-09,-0.000112182990673267,1.12725781681149e-08,-9.73848615957567e-16,8.42901691624797e-07,4.91078603022058e-08,-7.94051368167308e-16,-1.23038785427401e-07,-2.72501658660555e-08,-1.42555894870351e-09,1.97973254925122e-16,1.11078188997804e-16,5.84662821362107e-07,7.90913545283556e-09,6.40406527969149e-10,-1.04744826212415e-08,4.78430227482248e-09,4.76970368079353e-16,-6.47564745830447e-16,1.75002553154215e-08,1.20657111846392e-10,3.38976527123194e-15,4.24433120365535e-08,-7.9447119884937e-16,2.2032072325163e-08,-8.18592320405633e-09,-4.78452621477286e-09,-3.17608922701771e-08,-5.58076992564444e-16,1.63388471402395e-16,7.06202900244863e-16,-4.28010181846999e-17,-2.58482294444785e-09,-8.97621102875e-09,1.23902469082456e-15,-1.46793069109361e-15,3.02750428183129e-17,1.26893377350577e-08,1.14261092774597e-10,-6.32836864560354e-09,4.0311048928141e-16,4.39752401160121e-16,-2.07982502747894e-15,-6.31653552577332e-06,8.30493149141414e-09,-5.58310276464288e-16,1.52467092669819e-09,-4.03671037656887e-08,3.07584584240575e-17,9.58699501635154e-16,-2.92334444749514e-08,-6.83212450459275e-09,-1.5618192362535e-08,3.02764646093596e-16,0.00882918937885366,1.30990431380884e-08,1.91887064501626e-08,-1.9034708254766e-08,-5.18240900124054e-08,8.57262616708296e-10,6.87838958461488e-16,-3.09140622170972e-15,1.82830228750965e-15,1.70834771659517e-08,-1.5476253485196e-08,-5.86116672796159e-09,-0.00269576018593921,-8.67423621059172e-15,-9.55522719051012e-15,-2.61293322617955e-15,-1.13541541068485e-14,6.56281782274184e-15,2.20582325057213e-08,-1.98595918431347e-14,1.08975176482511e-14,-3.59365528591937e-09,-7.98300166287096e-15,-3.21781031451934e-09,-3.99534425240569e-15,-3.99125934767576e-09,-0.707106781186549,-4.87141502337864e-09,-6.10651889288779e-10,-5.58323224869911e-08,2.07610119866606e-14,1.97001398053263e-08,8.36001508536667e-17,2.81063086640188e-08,-4.97922742626618e-08,0.000148680386944109,-4.10225820818225e-15,4.02644695931251e-08,8.29850767821946e-17,-9.95055517271784e-09,-1.26582395365829e-06,5.45240911835318e-16,4.1277107852456e-15,-3.94915952189562e-16,1.69711941386789e-15,-1.88772857883765e-10,-2.46016721515787e-09,-5.49838628532951e-10,-1.71655249739089e-15,1.16186490258084e-16,-5.83717399189034e-09,4.76237299101498e-08,1.6134128917072e-15,5.96265121386208e-16,-2.53015165557509e-09,-1.25137483257477e-15,-1.79528023448317e-08,1.94210636716338e-15,3.83112429567492e-06,-6.99599804497736e-16,5.30336951553139e-16,-3.17323155292276e-16,3.03944615169741e-16,2.90872929480801e-17,5.1607197003671e-16,3.28072758150448e-09,-2.29458921322967e-08,1.29566956457595e-16,-3.88137105476764e-07,5.81040743502117e-08,5.99105620354634e-16,-6.51040009023667e-16,1.41427713697172e-16,-4.80158062204914e-18,5.74912992449606e-09,9.20222843852572e-10,-3.97692743290936e-17,-5.73149681595828e-16,-1.04686807679118e-08,-9.48328470297658e-07,-5.64893151207591e-10,3.12988959759408e-16,-9.23522431099043e-16,-4.94466929813236e-16,2.23789245481957e-17,1.390700155816e-15,5.806987317031e-16,2.21894537485744e-08,-2.09995120262536e-08,-4.04020459600908e-09,-2.02634629970202e-16,6.27664125800715e-16,3.3945758232465e-16,-1.49148078035441e-16,1.88631185531445e-16,3.94425718628541e-16,-2.8681318459657e-16,2.94216637522182e-16,4.56007462702427e-16,1.83213475181061e-16,1.37722515885996e-16,5.54066828748117e-18,4.03511841150146e-16,2.17062812832834e-17,2.23793238181048e-09,-2.63535064273097e-16,7.56366211570236e-16,-3.79238093499204e-17,3.17277482246682e-08,-3.8229350102344e-10,5.38532577468629e-16,-8.19391570045634e-10,2.91032499631081e-08,4.67326098033501e-16,-8.98703837615234e-16,-4.14169685381236e-05,8.45482513658984e-16,7.1468340790746e-10,-1.99787346095398e-16,2.06499273770762e-16,-5.08741989778877e-16,-3.03928542062695e-16,7.1750551775877e-10,-1.92380050077378e-05,-8.15145839054965e-17,-1.44582652677122e-16,-4.69445633892613e-16,1.52937720352084e-16,-2.09532911854549e-15,-4.88520352721987e-16,1.14527217645153e-16,-3.96975456503309e-16,1.17129562716862e-09,4.4926749130149e-16,-2.73095532026889e-16,-7.3658810734305e-16,3.87417079808847e-16,1.93042919548203e-16,2.57081529245329e-16,-2.31553032198419e-08,1.60359966437712e-16,-4.33634637502764e-16,3.88050478658257e-07,6.11169300087526e-16,-4.14992008392397e-16,1.00346063711152e-16,-7.63832632844983e-17,1.44618574419569e-08,1.66989863019162e-16,-1.06828262521979e-08,-1.48796646574481e-16,-2.33751941409637e-16,7.87087589719034e-16,-4.57387627121955e-16,-1.25133948011387e-16,-1.53519805806748e-16,3.86588238464436e-10,3.25900886003705e-16,-4.85967355786255e-16,2.18339821112516e-09,-4.83170544772305e-08,7.07484351104396e-17,3.38795647241647e-08,4.96358069333062e-09,-8.09821909473398e-17,5.91443701206927e-17,1.62503024226044e-16,-9.62499261898653e-18,-6.15486961323748e-17,-8.37382092988432e-09,-1.40715545173501e-16,3.61294372399865e-16,4.63790768324112e-16,3.35619374465882e-09,7.99616346567717e-17,3.85459382832361e-16,-3.63164078258146e-16,2.32551963956073e-16,-1.53134462194261e-09,-9.02087393026917e-17,4.60947237515345e-10,-8.83354465978639e-17,1.782161309621e-16,3.89717640844256e-17,-3.21163805324146e-17,1.90330097246496e-16,-2.59001701131031e-16,-6.60069980272691e-17,-8.01572521777202e-09,1.53154361975712e-16,4.19809516975864e-17,3.37179591093257e-09,9.17562141629517e-17,-3.67037046624988e-17,-2.04607844007577e-16,-1.31237152308463e-16,6.38781013176722e-17,-7.45705005690525e-17,-5.48978344985415e-07,-1.98717596027436e-16,-1.37957714802555e-16,7.29674236447382e-09,8.72600952978459e-18,3.04338779245343e-18,2.4275345853085e-16,-3.76541891376938e-16,2.32752271538724e-16,-3.30265028593913e-16,1.85925909116762e-16,-1.81147554128962e-16,-1.63901291362188e-16,-1.15517474313245e-16,1.69889905366337e-16,-3.83927511055843e-09,1.2735642023591e-08,-1.10585637743259e-16,9.32982685616422e-17,-2.37406330169545e-16,-1.68633952231378e-16,3.28296417828611e-16,-2.75992430610172e-17,7.48130659553549e-17,1.28605442878636e-17,-1.10561129217541e-09,6.77692959504197e-18,-2.40286789291851e-16,2.23811637101439e-17,8.89540619685203e-17,3.58006795434911e-08,2.42936684679635e-17,-2.25243058463076e-10,1.35463807939863e-16,1.62895760735496e-16,1.37414045095864e-17,-2.87531739065844e-16,1.46322650173047e-16,5.72899288994289e-17,2.83080796465388e-17,-8.67936515621136e-17,-8.01981244065528e-17,8.60884033039771e-17,1.54831216294317e-16,2.2405496233014e-16,-2.18202946774637e-17,1.96837592412198e-17,2.86244645738996e-18,2.43080934323573e-16,-2.49325602448706e-16,-1.62517242717009e-16,-4.91462910152811e-17,3.26861283001503e-17,7.91467585914418e-17,3.43086919552181e-17,-2.98525557920331e-16,-9.26344519363671e-17,8.92839919896825e-17,1.07891052453267e-10,1.65958150681324e-16,-5.31868832264791e-18,-1.39278671990337e-16,-1.94987448193271e-16,3.22757682280434e-17,-8.41262517659518e-17,1.12274575174846e-16,1.98681041209329e-16,-3.63925944816867e-16,-3.31674710643459e-17,-3.69929781252054e-16,-3.56773782885244e-17,1.41332076275423e-17,-1.48649238734292e-16,-7.92559277384685e-17,-3.63910454120904e-17,-2.54954526406078e-16,-1.39497340828257e-09,-2.01685282070644e-16,-1.61783447688174e-16,1.20844596919706e-17,2.850992953085e-17,-2.30315904859267e-17,1.23529457361121e-16,-1.52220889626614e-16,-4.11235602125861e-17,-3.16067789495109e-16,2.96953981923513e-10,-1.03952299728316e-16,-2.26907484755585e-17,2.69734414393257e-17,1.17358328356308e-16,-3.50093196234721e-17,-6.57426233935598e-17,-2.68177247244415e-17,-1.11908145171322e-16,-5.17063724289955e-17,3.70713427333394e-17,-1.69829006498091e-16,1.52603611148541e-16,-6.41179967673017e-17,1.50517821592962e-09,1.72350563469215e-17,6.57519969622515e-17,-5.77809311696841e-17,-2.99239799605999e-17,-1.14296898779623e-07,-1.4408712256031e-17,3.04014007181544e-17,-4.15083332494971e-17,-4.49017243611248e-17,4.20088813383063e-17,6.6631057899428e-18,5.421759087134e-17,2.76218328341566e-17,9.14822532370381e-17,8.7740427289796e-17,2.64102621868521e-17,1.08370478733164e-16,-7.67175583169369e-17,-9.11559186124551e-17,4.94405627972346e-17,4.21430715237934e-17,-1.44748266765242e-16
"t329",-0.00506782007692524,0.0545267228036562,0.0703402795027854,0.0173332658061701,0.0362298593776576,-0.00612699549609766,0.00188540723023497,6.6100050363472e-05,0.000581012546894752,-0.00164322194332047,-0.000610991832652707,0.0077258889682513,-0.0268878952071266,-0.147092597673962,0.00394201751581682,-0.000516286333965915,-0.030236224114189,-0.000275947561970367,7.78298957228099e-05,8.07631532358383e-05,-0.000364449872264201,0.000121935763703281,-0.000345116023207837,0.000596354087137565,-9.46108830290936e-05,0.000298637637526668,-0.00039681538215369,0.00347705963861364,-0.00256685032250706,0.0136920322355074,-5.83644689887431e-05,0.000942741498155122,0.000398249349054482,2.40877941186406e-05,-1.38410908875909e-05,-3.4254640629552e-05,-0.000124529399526699,1.33160640477481e-05,0.000118599150148771,4.34316294640847e-05,0.0370184196073145,0.000201418954628721,-6.92091258315466e-05,8.04038447472772e-05,-0.000143519632428833,-6.28889088631648e-06,2.09974908563093e-06,-3.65133055979918e-05,5.22775193642912e-05,-0.000128601412769936,0.000137022340206251,-0.00755344378783207,-2.26929232602018e-08,-3.9888061470518e-05,2.74774523581816e-05,-0.000302937879089083,5.58779953456772e-05,-0.177561982604399,-0.0134291761549985,7.00579150156024e-05,3.81547399325327e-05,-3.96807719108339e-05,0.000987157344272043,-0.00149944116390372,3.73563402876967e-05,-0.000106374169603579,7.4233814757706e-06,-0.000628166949105144,0.0632383059644148,0.000275297399982377,-1.10983670105595e-06,1.61625166951451e-07,1.69335794562077e-09,6.2954480946492e-07,-2.96715606974885e-07,-4.01029630560322e-09,4.33300811612434e-06,-0.00313244043473409,2.0301724644392e-07,3.65540235105236e-07,-2.39493742592432e-06,-1.03157680465531e-06,-1.18790474003101e-07,-9.79841376131647e-07,1.88436417967632e-07,6.37251126530325e-06,-1.0986885411277e-06,-1.77337398467314e-07,-3.96899690840241e-08,1.5288876917055e-06,-3.52461965567839e-07,1.29602448772914e-08,8.88499173259887e-07,-9.86070307411308e-06,-7.8829154932445e-08,-3.83031506287509e-06,-4.52729529483028e-07,4.81677282815256e-06,-0.000537667452494329,-2.10391436828065e-06,-8.32099213623398e-07,5.49472777559925e-08,-1.19882331976263e-06,7.97181096194588e-07,-3.60211284670409e-07,5.8531201387574e-07,-2.09390107067109e-05,7.27713406037036e-07,-3.40606641883712e-06,1.23271370094675e-07,0.000117126932568481,7.20917508243391e-06,-2.24402339820198e-06,2.73861850088752e-06,-1.07629495127448e-07,3.79475258469047e-06,-8.23094882232375e-06,1.30351112870471e-05,-2.85612022115935e-05,0.0260748811593852,6.15306522857937e-05,-0.000463647471815581,1.00344671589494e-05,2.70837231117263e-05,-1.15627814662876e-06,7.65397835007325e-06,-7.5051418332861e-07,1.04838109417574e-06,-2.5656443946034e-07,-2.7509848415583e-06,5.1220747776324e-09,3.00336082852041e-06,-4.76713773043654e-07,-9.70880847217769e-07,6.34594602703638e-08,2.52908233244059e-06,-3.49037820503449e-08,-0.00365241959351775,-1.2931520403343e-06,3.19468640579742e-06,1.76889613342901e-08,-2.06205414907159e-06,1.68590847800744e-06,1.34108938562564e-07,5.12040149812258e-08,-7.5390559135614e-08,-0.0168627046226242,-7.91791083860894e-07,-4.11358351671649e-08,6.71361092945037e-08,1.38564311752409e-06,2.6753570883731e-07,7.20877868947071e-07,-1.83098716996072e-06,-0.00212720413800898,3.83241926367014e-08,-4.589911686412e-07,-5.43286784082679e-08,-3.19719525529154e-08,-1.30829603866329e-08,-6.09173415460311e-06,0.0068783263189193,5.12150309764715e-08,8.40018294067469e-07,-3.25154447951492e-08,-1.43026174726244e-07,4.75870803600949e-07,8.31969082278282e-09,4.16166370537675e-07,1.33571122538248e-05,-1.01445175724888e-06,-1.80459264363129e-07,2.38412699932802e-08,6.36568970992766e-08,1.68800070364896e-07,2.74211464284177e-08,1.54947947465105e-08,-7.38076580274908e-07,-1.30433543990017e-06,-1.18638414763926e-05,0.000230115706220956,-2.36727260275192e-06,-1.23884411293166e-05,3.19919201851824e-10,-1.84351799370852e-07,-4.58469730354998e-09,-7.76223118052441e-07,2.90111577084119e-07,1.31103162817482e-06,-1.75387526350163e-06,-4.38987251720473e-08,8.69574057518343e-08,3.53053569850264e-07,6.45125699847312e-10,2.05031715703846e-06,-9.37542175530016e-08,-1.74386207541004e-07,-1.26215702876505e-07,1.0657380330026e-07,4.83326593676635e-08,4.84119219467163e-08,1.60441000509157e-05,-1.28218913571081e-09,-2.30486525594406e-07,-3.4917288527528e-07,-1.73573086883573e-06,2.24589165126229e-07,1.1756617727815e-06,-1.646483805846e-06,-9.82311452803585e-09,-6.01277986685007e-06,1.8791033273319e-06,-3.60546687777002e-06,-2.41328145027067e-07,-1.89159979115997e-08,4.07540102019403e-08,-1.00645103824693e-06,-0.221188818440521,-5.37347910693299e-07,-2.53862652478952e-06,-0.000291516686287946,1.5512257043797e-05,3.86891795129404e-06,0.000435817299940942,-5.35223110038635e-06,-2.41308020862365e-06,-3.46259993987612e-05,-0.130838440934516,4.86298398215888e-06,1.62389158683689e-06,-3.70070098296283e-06,-5.94755540784842e-07,-2.68833738701693e-07,-4.25440931506558e-07,1.40631128876656e-08,2.47555064249352e-08,6.85465953545567e-07,-5.19606100056975e-17,5.03456593769384e-08,-6.57313527403086e-07,1.60700296748131e-06,7.53828183016685e-08,1.79351790581113e-08,-2.40966215376769e-09,-1.5409435809006e-08,9.2615982812919e-08,-1.58976195996685e-09,1.3034386518872e-10,-3.34239239197616e-08,3.99392034303459e-07,-3.32510941215716e-07,1.41064332966965e-06,-9.70026121748312e-08,6.53957551127168e-09,-4.42049400773206e-10,2.13069817247023e-08,-1.96659773206721e-08,3.08278259777546e-07,6.48551834888178e-08,-1.23058347110761e-08,0.000319166303131046,4.0590099067011e-09,9.49197135672852e-07,7.73209211043552e-09,-1.2137898146305e-08,4.78788690831336e-09,-1.02797062430408e-08,-5.3713153583397e-06,1.83389936972211e-06,-4.02797862387668e-07,-0.524753596496187,-1.41080465395788e-07,1.48331776000371e-06,-1.14619842481113e-06,0.00272446799342222,8.20119624252299e-07,5.81225375999142e-07,-5.43329905226476e-08,1.01284940924061e-06,-5.25129987293358e-08,2.04414569077318e-07,8.28909548922997e-17,-5.09153782602768e-07,-1.74569264685963e-08,-2.29095062869737e-11,-1.99123300907881e-07,2.50786181677889e-08,-1.55307854008123e-08,-5.12476911317267e-08,5.82770182451543e-09,-2.47175156110198e-07,8.58943829336098e-07,3.14673643547688e-08,-7.62246686634472e-07,3.63391448155493e-07,-4.39739879148638e-07,1.40208901235282e-06,-2.1693125392661e-07,3.57335471562296e-07,1.26695885767119e-08,9.62989463398007e-09,5.33882370465111e-07,-3.49531541783256e-06,1.55724412976928e-08,-4.32267627761411e-07,1.51020556328927e-05,-4.91916468898778e-05,1.36936259513853e-07,1.24793263840742e-07,7.29911075311044e-07,-2.34784039207987e-07,-1.42511310485484e-07,2.0025417177486e-07,-0.00158574107848395,-1.73672819010044e-09,8.52799912858151e-08,-2.35428659931981e-07,-1.8187469027541e-17,1.07468849112735e-09,7.09012689076714e-07,-8.3113316676469e-08,4.34246427287413e-07,5.60595629632412e-08,1.29744334703949e-07,4.48684784143022e-07,-0.00171131669990847,-1.75569568818378e-07,3.44353667411143e-16,-3.37424526665261e-07,-3.25810980962982e-09,-1.30767556297504e-08,6.25361284406809e-08,1.10922076101454e-07,-7.78896589711828e-09,-3.10791236724406e-07,8.47998429723973e-08,-4.17943147551223e-07,5.7089034819091e-07,-8.8951222479715e-08,-2.15180838429662e-07,-2.67444409956318e-07,-1.63001003623472e-09,-2.17655609223435e-07,1.3129624916521e-07,-2.38751068819069e-07,2.08908566056804e-16,-7.22230915780606e-07,5.71264410064581e-08,1.64647615610094e-09,1.47503831532304e-08,-4.84556528319362e-07,-1.04100672702577e-06,5.34686323261955e-07,-1.94662460377274e-06,-9.65891869624178e-08,-6.17560878533852e-17,-1.786060645568e-07,-7.06218076465038e-08,-2.29754499360757e-07,5.77707529924959e-17,4.42369810588195e-07,6.42545482441307e-07,-9.84556168675459e-08,-3.7111062996184e-07,-1.27672039622266e-07,-7.38709371421732e-08,-6.08643139584299e-05,6.21022455226793e-08,5.01332766385293e-07,2.84950188452739e-08,1.43841547724964e-07,2.07820224986514e-07,7.53781205065794e-16,-8.62689763885531e-08,2.85232621119215e-07,1.41682616004904e-06,-1.94499789036147e-07,-4.47845088823336e-16,-5.28806300095482e-06,4.06931982364217e-08,-1.03248589492731e-07,-7.09643972307378e-08,-2.45390399259986e-07,2.77487823828638e-07,-0.000105838655978469,8.49003912913625e-07,9.19728046763575e-16,7.79422910986056e-06,-1.75643645630025e-06,7.96615452035928e-06,0.00025124010919058,-0.293326885179811,4.5964858441134e-08,3.46944695195361e-15,1.97984060263495e-16,6.18325265812767e-09,4.287452989846e-07,-5.33031101762811e-08,3.75010141357568e-07,-1.03424853992704e-15,9.9386061808298e-08,9.49807091561205e-10,-2.61987942632658e-16,1.20526248836777e-16,2.55347342021192e-15,-1.13120591406448e-07,-8.07810608714568e-06,2.65642869164362e-07,-1.6964308979136e-07,-8.25554815818861e-08,-3.12519107778973e-06,5.6555253974792e-08,5.24940162445591e-14,7.47675957927246e-09,-1.6965860079059e-08,5.82006793827575e-16,-1.10252330351586e-16,2.73767141088204e-09,6.45633922846706e-13,-4.08692925131723e-10,5.97590743013965e-09,2.2745860329779e-09,-9.18474008717766e-10,-1.78202228448125e-16,-3.39087252155322e-09,2.66238352105257e-17,-1.43810052756041e-08,-1.74751706161214e-15,-4.26950998950679e-09,5.04469945790135e-16,2.00574234087792e-08,5.41119380180671e-09,2.9057826525883e-09,3.98496903086122e-08,2.0077595057481e-08,-2.46698820694177e-09,1.64933499631523e-08,1.645700339117e-07,3.08918674570641e-08,2.93021971661794e-09,6.92165818973188e-09,-2.06168335315364e-08,-3.68691321735816e-08,-3.08420366364139e-09,-1.07582148060884e-08,-1.03388492711489e-16,1.04929989318841e-07,-1.87464676058492e-08,1.05627473946297e-08,-5.55302616422881e-17,1.89121404751118e-09,5.30045432231596e-08,4.36212506008003e-06,5.39435232927708e-17,-4.58091011715379e-08,-2.51650889419979e-08,-2.66122635140009e-16,-8.70792030735585e-07,7.93108559701474e-08,-2.45362888034299e-15,-4.25842528296314e-16,-2.96533698802236e-09,-1.59465424171901e-08,-9.15700632785478e-11,-1.28183698532761e-07,3.46904341232546e-08,1.02198992209296e-08,9.86735126097371e-09,9.32529944378756e-08,-2.12950156022617e-07,3.4477629085039e-16,4.41922865430048e-10,3.04453483868584e-10,8.43260197818195e-10,7.925492818268e-08,-3.85369186751029e-16,3.37667489654523e-16,2.62193312486884e-08,4.09165964111458e-16,-7.86720150232144e-17,1.28885607020111e-07,-4.31814046439153e-06,-2.88222873876291e-08,-1.9665051553871e-09,1.02166708247822e-06,5.85279387319992e-06,6.50258241068946e-09,2.43051707873587e-17,1.56508989524288e-08,7.34052613037938e-10,3.37293812629189e-09,-3.41646122027358e-08,1.36421222624293e-07,-7.3966247965943e-17,2.13431480626331e-16,-2.44119614781827e-16,-1.21188604315097e-08,-5.85073324618994e-09,-3.40919049353246e-08,-1.90421969081988e-16,-4.51513687987542e-09,-4.86115891129193e-16,7.72009137921379e-17,1.49702026481556e-06,-1.61752707557271e-08,3.10949183068843e-16,-4.10644727331586e-08,-2.12693725650842e-08,-2.30589658777671e-16,4.84242014150234e-08,2.13188787998046e-16,1.73303170952048e-08,4.39149837019254e-17,1.74229255847463e-08,3.83358160310444e-06,5.33883311272391e-09,5.06060411885726e-09,3.49003417384699e-08,-1.75833471854946e-08,4.90481194189218e-08,-4.7951335732996e-17,3.28064093108216e-07,-1.85865974668997e-08,-8.84029361286934e-16,-2.46918400397719e-09,-0.000112182990673471,1.12725793315554e-08,7.05590468936133e-16,8.4290169194544e-07,4.91078611876854e-08,9.56332389250971e-16,-1.23038785350236e-07,-2.72501653222441e-08,-1.4255594410926e-09,-3.05825807791707e-16,7.81934245698161e-17,5.84662821308613e-07,7.90913460978003e-09,6.40405361371552e-10,-1.04744824704217e-08,4.78430218407812e-09,-5.71457015017678e-16,8.24917059779579e-16,1.75002548061636e-08,1.20658610656299e-10,-3.48665370081436e-15,4.24433122977155e-08,7.31349556628982e-16,2.20320725821113e-08,-8.18592374556594e-09,-4.78452560292769e-09,-3.17608922699101e-08,5.26167526494599e-16,-3.077654342925e-16,-8.02949216976635e-16,-3.09621048787373e-17,-2.58482290447457e-09,-8.97621133897838e-09,-1.10154526724326e-15,1.52945475161016e-15,1.45024566997227e-16,1.26893379238033e-08,1.14261315641427e-10,-6.328368473576e-09,-4.10038674746103e-16,-7.54387871615414e-16,2.44140645200286e-15,-6.31653552571768e-06,8.3049313107417e-09,4.90575450796382e-16,1.52467185770217e-09,-4.0367103127309e-08,-2.61370278153222e-17,-5.96578986031229e-16,-2.92334450008934e-08,-6.83212139741924e-09,-1.56181914077086e-08,1.26461735760656e-16,0.00882918937886253,1.30990426778639e-08,1.91887056871171e-08,-1.90347136412966e-08,-5.18240897554795e-08,8.57260110484919e-10,-5.57583922663513e-16,3.10520364292907e-15,-2.03253540340269e-15,1.70834748081575e-08,-1.54762523871527e-08,-5.86116629864968e-09,-0.00269576018592339,8.77939605174685e-15,9.36411103833542e-15,2.86727071551239e-15,1.16007351585479e-14,-6.69954971592323e-15,2.20582432442686e-08,1.97197672877057e-14,-1.10496463604701e-14,-3.5936002398305e-09,8.03912569508149e-15,-3.21784400555889e-09,4.01013692420011e-15,-3.99127412229367e-09,0.707106781186547,-4.87145363336889e-09,-6.10613725264453e-10,-5.58323256895457e-08,1.1975356500386e-14,1.97001329544191e-08,-7.05947438780576e-17,2.8106307788528e-08,-4.97922750137785e-08,0.000148680386954562,4.06246142838996e-15,4.02644677859051e-08,-2.59807115576141e-16,-9.95055706892705e-09,-1.26582395479836e-06,-5.37746940301185e-16,-4.18098283723728e-15,3.87175673145816e-16,-1.6961666598432e-15,-1.88776612030484e-10,-2.4601668287707e-09,-5.49840954970577e-10,1.58591709029337e-15,-4.59355506042427e-17,-5.83717492248746e-09,4.76237317897227e-08,-1.530998852576e-15,-5.77212683914591e-16,-2.53015232999888e-09,1.26082947774712e-15,-1.79528025618911e-08,-1.52054654867703e-15,3.83112429661616e-06,7.78085820166609e-16,-4.92645511398598e-16,3.2117482237037e-16,-4.67153696009136e-16,-4.02233898510542e-17,-5.48451933018211e-16,3.28072753986164e-09,-2.29458921167007e-08,-1.23442394111579e-16,-3.88137105412461e-07,5.81040745220081e-08,-7.68647002845332e-16,5.71025914214036e-16,-1.41708000959497e-16,2.01511843290476e-16,5.7491300521549e-09,9.20223437861869e-10,1.7023867854566e-16,4.60431453503245e-16,-1.04686811051765e-08,-9.48328470952482e-07,-5.64891947659613e-10,-3.28896958876883e-16,8.27032105359481e-16,4.48899477040041e-16,1.45921940734801e-17,-1.43261921510029e-15,-7.22848125677989e-16,2.2189453689326e-08,-2.09995121919407e-08,-4.04020491840609e-09,1.56394810648073e-16,-6.62370119129585e-16,-2.14792011430498e-16,2.24399408114369e-16,-2.53446680082809e-16,-4.83940700267524e-16,5.0519719479733e-16,-2.86620322833306e-16,-4.35319982053016e-16,-8.38183160253773e-17,-1.45309989902317e-16,-1.32453022332891e-16,-2.7955115225779e-16,-1.06338725774268e-16,2.23793267841351e-09,3.08722310323228e-16,-5.9324865068937e-16,6.03999778835566e-17,3.17277477298097e-08,-3.82293222184585e-10,-5.61890975662307e-16,-8.19390890899289e-10,2.91032503952291e-08,-1.66513209822361e-16,9.20262462537441e-16,-4.14169685381275e-05,-7.26794854783033e-16,7.1468336701564e-10,1.394685875426e-16,-1.13969143001226e-16,5.60072383113084e-16,1.6012587009097e-16,7.1750587064672e-10,-1.92380050078913e-05,-1.21798670166109e-17,1.89886008165302e-16,4.27415986308858e-16,-3.7604451962808e-16,1.8925833122907e-15,5.05399376846164e-16,-1.92041726799302e-16,4.74894116961433e-16,1.17129540383614e-09,-6.28982941726508e-16,2.65764291398032e-16,7.27224423738152e-16,-5.69689169057667e-16,-3.35613987275724e-17,-5.20922727660739e-17,-2.31553031689316e-08,-2.06082407322311e-16,4.82608597528598e-16,3.88050478401274e-07,-5.65743594549992e-16,4.2259079823148e-16,5.10324927151819e-16,9.16886700220259e-17,1.44618574028302e-08,-1.00748067879461e-16,-1.06828259859822e-08,2.31813430042794e-16,2.12159914924361e-16,-6.52190774313855e-16,2.9365277028591e-16,1.52376709024226e-16,-5.82184171465145e-17,3.86588200379662e-10,-6.34917420548987e-16,5.63804812776732e-16,2.18339805998216e-09,-4.83170541108783e-08,-5.83021168321119e-17,3.38795646798409e-08,4.96358049608626e-09,1.69300280389969e-16,-1.00992302511526e-16,-2.08059112338692e-16,-6.45294652277599e-17,1.22743667287712e-16,-8.37382087747326e-09,3.93731406870332e-16,-2.3092395926603e-16,-2.85322484556193e-16,3.3561939135631e-09,-4.51474780575266e-17,-4.23048339892764e-16,2.17781564596832e-16,-3.29218354954184e-16,-1.53134457759027e-09,1.71241481837179e-16,4.6094739099939e-10,6.17146366999986e-17,-3.17589521647538e-16,-7.02602917377687e-17,4.09117245028852e-17,-3.3884528216165e-16,2.32060071325357e-17,-1.67439266631023e-17,-8.01572522454787e-09,-1.38604111618349e-16,1.5227040009552e-16,3.37179581655941e-09,-1.05335746605076e-16,4.08269127223727e-17,1.49106384912252e-16,1.80164323488373e-16,-3.22503623293464e-18,1.41822310158941e-16,-5.48978344842666e-07,2.47960773156405e-16,1.30059164611161e-16,7.29674207587246e-09,-7.57336288678145e-17,-1.79285085556768e-17,-2.63528605538743e-17,2.99997004406371e-16,-2.03848422393868e-16,4.23688352590276e-16,-1.01124232834636e-16,1.31893579931153e-17,1.11473792844079e-16,4.0351775916669e-17,-3.40798117798549e-17,-3.83927532212e-09,1.27356420252438e-08,2.18117443504035e-16,4.2877425508684e-17,2.19436620200981e-16,1.19517430267213e-16,1.74773390204663e-16,-1.06587203827818e-16,-8.21137113726127e-17,1.73679302463258e-17,-1.10561120832338e-09,-1.6384466333979e-16,2.94982549261808e-16,-2.16911961718212e-16,-2.05865262447778e-16,3.58006796132455e-08,7.45920782734614e-17,-2.25243035694361e-10,-9.5843389258581e-17,-3.17064641014119e-17,8.68625819449073e-17,2.31688578790469e-16,3.66659318180823e-17,1.81648955700916e-16,-4.76947162864644e-16,5.41259080215869e-17,-1.26197725528416e-17,-2.94257486215113e-17,-1.02597708659357e-16,-2.6311472905874e-16,-7.32588605652441e-18,3.7361781779252e-17,4.97862812016283e-17,-1.42331718218184e-16,2.46071584887249e-16,2.00434336942544e-16,4.03045708464605e-17,1.27070361813801e-16,3.92481186439753e-16,-2.980289388366e-17,-5.27911355264908e-17,4.79476403992306e-17,-3.6908442887699e-17,1.078910634639e-10,-2.24847839267256e-16,-3.05425849666638e-16,1.48402785468826e-16,-2.92763365226163e-17,7.79801133218744e-17,8.67656075631758e-17,-9.06674494858513e-17,1.26541693547935e-16,3.5998035772285e-16,6.20172258904132e-17,3.5973828083069e-16,2.59812755467823e-17,-8.95699659593341e-17,-1.89442354722294e-18,1.105014654242e-16,-1.04632326501635e-16,1.3969446428371e-16,-1.39497344187505e-09,1.47656709184273e-16,6.05527430377783e-18,-6.13741554230543e-17,4.28618900154222e-17,7.3713732010578e-17,4.74684512015634e-17,6.45635595439153e-17,-1.47017013867926e-16,2.68472005237713e-16,2.96953912484491e-10,6.07826426508419e-16,1.82882316716014e-17,-5.2210937118924e-17,-1.81386005363115e-16,-5.17067636728125e-17,-3.33876512371562e-17,-4.74075834442154e-17,-1.335788586215e-17,2.57291931632735e-17,2.34798414812157e-17,-1.94254900801643e-16,9.46421422018232e-17,1.81081992079919e-18,1.50517823851511e-09,1.22311083547084e-17,-1.60296350526195e-17,-1.06353485043354e-16,-3.36102673470506e-16,-1.14296898593372e-07,-1.01909128233669e-16,8.74345240576925e-17,-3.10736715542802e-17,4.05255939112975e-18,2.75386077163336e-17,-5.19263318943751e-17,1.26141262729677e-16,1.20318817810623e-17,3.30801119548025e-18,-3.12255441451702e-17,3.95197067555873e-17,1.91546459865119e-17,-3.55881469649404e-17,1.19176565085314e-17,-1.43986681024288e-18,3.63175000037952e-17,-1.90921133167916e-16
"t291",-0.00506508632097281,0.0544647472799665,0.070257745291431,0.0173060114059867,0.0361601194048548,-0.00611316028294216,0.001881066322041,6.59357715779615e-05,0.000579307465930338,-0.00163737630186382,-0.00060823556424207,0.00768297024675355,-0.0267341730275318,-0.146238957682627,0.00391814640522304,-0.000512976066755578,-0.0300377455926225,-0.000274103463759358,7.72977769740463e-05,8.01634618310641e-05,-0.000361523674932242,0.000120755064135391,-0.000341587829320448,0.000590222773740583,-9.3634346080217e-05,0.000295408929490767,-0.000392474723865455,0.00343868518032518,-0.00253776491141564,0.0135089665646631,-5.75325940431756e-05,0.000928696436180406,0.0003918902080506,2.36850319464234e-05,-1.3597912227816e-05,-3.36050347826362e-05,-0.000122138061098449,1.30563185808858e-05,0.00011627010661071,4.25661126600677e-05,0.0362596483518117,0.000197191064902592,-6.77348790995579e-05,7.86890608704843e-05,-0.000140405727912923,-6.14379333705141e-06,2.05041273855273e-06,-3.56480675376996e-05,5.10092996669935e-05,-0.000125402849804968,0.000133501692151788,-0.00735645495321034,-2.20998240238342e-08,-3.88263144563191e-05,2.67199317371573e-05,-0.00029454247192522,5.41826221171075e-05,-0.17204567597432,-0.0130108072863213,6.77494363922339e-05,3.68451440952877e-05,-3.82916726342882e-05,0.000952051192275932,-0.00144590642710695,3.59836276544549e-05,-0.000102365107808092,7.12808032146535e-06,-0.000602584364358227,0.0606351170043999,0.00026374640888099,-1.05858483019483e-06,1.53636052979515e-07,1.60880344853378e-09,5.97454189216498e-07,-2.81551919475753e-07,-3.80353883600875e-09,4.10883338536664e-06,-0.00296760676211215,1.91926081999926e-07,3.45272074112686e-07,-2.25879907323387e-06,-9.72624502621155e-07,-1.11737436401361e-07,-9.21004432697909e-07,1.76574815387318e-07,5.96630984003952e-06,-1.02776990362785e-06,-1.65867370267698e-07,-3.71215017015779e-08,1.42981723271277e-06,-3.29514325807458e-07,1.20786488068403e-08,8.2782213602049e-07,-9.16942786699308e-06,-7.30556186543428e-08,-3.54796037158967e-06,-4.19346174770606e-07,4.45577710962145e-06,-0.000497130095407988,-1.94171186332578e-06,-7.66791020805944e-07,5.06278748125441e-08,-1.10441659678411e-06,7.2936542094298e-07,-3.29396322552529e-07,5.35022354236857e-07,-1.91260533593569e-05,6.64571061398027e-07,-3.10940902908939e-06,1.12473439262215e-07,0.000106848203362463,6.56955679799058e-06,-2.04466838384253e-06,2.48834985987181e-06,-9.77351530437168e-08,3.44136753488208e-06,-7.46002487339002e-06,1.17949594371844e-05,-2.58032062512093e-05,0.0235288671395657,5.54849249901641e-05,-0.000417107767833352,9.01342387309813e-06,2.43264275581799e-05,-1.0383324348298e-06,6.86238223233742e-06,-6.728052471313e-07,9.38548413328956e-07,-2.28784868147104e-07,-2.453013245649e-06,4.56581277259405e-09,2.67007913670941e-06,-4.23591195535016e-07,-8.6236332233125e-07,5.62786466095671e-08,2.24241556828887e-06,-3.08449911565223e-08,-0.00321901758568893,-1.13548901727096e-06,2.80489036208641e-06,1.55207540881653e-08,-1.80871053851502e-06,1.47800244840761e-06,1.17547054834871e-07,4.48804161557595e-08,-6.59848344795506e-08,-0.0147163699276291,-6.88968720705719e-07,-3.57674010512196e-08,5.82789135582402e-08,1.20267946862487e-06,2.32064042582196e-07,6.25068012231262e-07,-1.58696758579884e-06,-0.0018365581635154,3.30671762640404e-08,-3.95854759140629e-07,-4.63798402533575e-08,-2.72253432521267e-08,-1.11363117841765e-08,-5.17416735761459e-06,0.00583968922769902,4.33604450375701e-08,7.10947079035949e-07,-2.74439595890397e-08,-1.2039631812081e-07,3.974484511084e-07,6.9466831182034e-09,3.4746100400474e-07,1.11398854943517e-05,-8.44980144021578e-07,-1.50284592412676e-07,1.98045039202244e-08,5.28363714168429e-08,1.39864574708935e-07,2.27109471743335e-08,1.28304043737127e-08,-6.08679445752387e-07,-1.07109977385141e-06,-9.73521903444783e-06,0.000188695138524004,-1.93711229248178e-06,-1.01291256065761e-05,2.61367044436048e-10,-1.50498489474484e-07,-3.73333304335675e-09,-6.31682669242862e-07,2.34797301133996e-07,1.06086877527181e-06,-1.41657840264399e-06,-3.52737238965636e-08,6.95695588782408e-08,2.82030760094845e-07,5.14182337097906e-10,1.63138421939834e-06,-7.42183096424956e-08,-1.3789488970805e-07,-9.95679887581184e-08,8.39728562706229e-08,3.77297373126499e-08,3.77748397491678e-08,1.24687010823942e-05,-9.92488652199654e-10,-1.76680889851728e-07,-2.67648507077798e-07,-1.32926422825378e-06,1.71515369861732e-07,8.96083111663615e-07,-1.24839355661173e-06,-7.39929998489666e-09,-4.50494221853087e-06,1.40552923992646e-06,-2.67635663594416e-06,-1.78372477342583e-07,-1.39797609845978e-08,3.00176184286394e-08,-7.34901198322216e-07,-0.16123762284223,-3.88147944147098e-07,-1.82200299169255e-06,-0.000208755626274738,1.10045846600446e-05,2.73844838378308e-06,0.000307705821918874,-3.74991250013526e-06,-1.68801030676097e-06,-2.42124001122867e-05,-0.090703803032857,3.35337303677545e-06,1.11309181105291e-06,-2.52966988840452e-06,-4.05390545882053e-07,-1.82744887042879e-07,-2.88979480602395e-07,9.48412032462191e-09,1.6619626654221e-08,4.57910886646571e-07,-1.22978575487691e-16,3.33904927768006e-08,-4.35311901563623e-07,1.05344546515209e-06,4.90209265331841e-08,1.15849599032368e-08,-1.55585207494766e-09,-9.82320906064241e-09,5.89121518554839e-08,-1.01021282657862e-09,8.24258451422326e-11,-2.10664846698997e-08,2.5019607788049e-07,-2.07729879437408e-07,8.80274311778738e-07,-6.01546669705184e-08,3.9468462281771e-09,-2.64135027001552e-10,1.26237014870282e-08,-1.14318964121933e-08,1.78955403055929e-07,3.71325258206866e-08,-6.99015273712006e-09,0.000179223342072096,2.27075465407613e-09,5.28917281541669e-07,4.28470915475103e-09,-6.67041287424313e-09,2.62867409599972e-09,-5.52193320228009e-09,-2.88382430654357e-06,9.8404231071936e-07,-2.14819226421201e-07,-0.279219532848691,-7.45175698145595e-08,7.82394727136257e-07,-5.76870507732917e-07,0.00136376263141195,4.08737558584518e-07,2.86756458574098e-07,-2.65858812695166e-08,4.86224120642003e-07,-2.50662487006942e-08,9.71319611154159e-08,9.85451511242407e-17,-2.38116614299522e-07,-8.14673226089745e-09,-1.06168165800748e-11,-9.07298240972617e-08,1.12573178225389e-08,-6.92116366477216e-09,-2.27556198907265e-08,2.46434611455354e-09,-1.04178249958181e-07,3.61700258486208e-07,1.30496301684402e-08,-3.01962231728607e-07,1.42767061435776e-07,-1.71756728396897e-07,5.36969410041204e-07,-7.65765852950936e-08,1.21478246491516e-07,4.29734927270654e-09,3.26411839065017e-09,1.63017567084126e-07,-9.22844858505251e-07,4.0261764541171e-09,-1.08256653609297e-07,3.63139782060624e-06,-1.16761332182735e-05,2.88781766034208e-08,2.60629657001382e-08,1.49700228753969e-07,-4.75468561818993e-08,-2.7641578168814e-08,3.69205671873618e-08,-0.000278088778156349,-2.97675146814004e-10,1.40383030383871e-08,-3.52948175211935e-08,-9.20841844830366e-17,5.71182797655528e-11,3.03185449009664e-08,-2.2402111051617e-09,1.14992721009137e-08,1.45651203134972e-09,2.86120435762606e-09,6.54614497863586e-09,-9.61988032164837e-06,2.26590393016195e-09,-1.08117003444641e-15,1.92625054443077e-08,2.04434608223982e-10,9.80790351295182e-10,-4.78254479352295e-09,-1.19394891348807e-08,9.76228121556478e-10,4.6922504027767e-08,-1.43366730126591e-08,8.75495250514597e-08,-1.41753547533483e-07,2.43702156910052e-08,6.21335395185592e-08,7.97119752442553e-08,5.13148314205264e-10,6.89271596193948e-08,-4.31657985790174e-08,8.07595678071528e-08,7.14367300844787e-17,2.97698290673985e-07,-2.44641040346612e-08,-7.0535721377627e-10,-7.01322233092575e-09,2.33925772531414e-07,6.00005864237507e-07,-3.23269281770515e-07,1.18793830082678e-06,6.10397743410955e-08,1.25719483851295e-16,1.17387251001323e-07,4.70910563121055e-08,1.61582793332006e-07,-5.42508324462125e-18,-3.29174564919653e-07,-4.84452564424907e-07,7.47369441399365e-08,2.85670556715472e-07,1.00592314152489e-07,5.92217539231445e-08,4.94582351832097e-05,-5.25072429913607e-08,-4.25861176933085e-07,-2.48671788869169e-08,-1.31562634527035e-07,-1.90532849646029e-07,-1.01901873532774e-15,8.65640849673297e-08,-2.90676877118059e-07,-1.49372147387501e-06,2.15794637027046e-07,1.29424050488206e-15,6.53912129996007e-06,-5.67329637008156e-08,1.51858518717297e-07,1.07004271466409e-07,3.81203361919837e-07,-4.55533502222356e-07,0.000190032856342274,-1.90614699006998e-06,-2.77302464495316e-15,-2.14428050787663e-05,4.92052607239881e-06,-2.3183299020078e-05,-0.000771352701074122,0.904303099396873,-1.43888599790899e-07,-8.91994811347274e-15,-7.45534704661362e-16,-2.11674989931417e-08,-1.59014280380718e-06,1.99706778088491e-07,-1.51326859815371e-06,4.09890183190441e-15,-4.75931362368269e-07,-4.93049916172111e-09,5.95509506606606e-16,-3.47133280472321e-16,-6.99039961100843e-15,7.75277807866197e-07,5.75587282927504e-05,-2.18169786649984e-06,1.58963237724757e-06,7.86262447717092e-07,3.48381808255561e-05,-6.42784982217242e-07,-8.05628366098366e-13,-1.26517960651346e-07,3.42850093255226e-07,-1.553364011588e-15,-1.10387568710506e-15,-1.9064712284828e-07,-1.00107361125825e-10,-1.06380239279603e-07,5.66540601603134e-07,9.89472549042324e-08,-3.6814958055881e-08,1.79970550366702e-15,-1.22823992643039e-07,8.90621606346439e-16,-4.09369380228752e-07,2.66724576453159e-15,-1.05299582362296e-07,-5.59609260627307e-16,4.24146480143215e-07,1.11266761147615e-07,4.41438073850695e-08,5.74585587507493e-07,2.83524758676438e-07,-3.20062862395401e-08,2.00162455423077e-07,1.74407901783968e-06,3.27026188970784e-07,2.98908205174555e-08,6.62741108647342e-08,-1.82812306043033e-07,-3.08319181546295e-07,-2.47110445225849e-08,-8.44812491963188e-08,-5.71240347953028e-17,7.7708090056795e-07,-1.3182135535507e-07,6.54193991823427e-08,3.55946541308641e-16,1.13411041874634e-08,3.03700952510672e-07,2.45382700462492e-05,7.58706886703587e-17,-2.55320600937949e-07,-1.35405689473324e-07,3.57202520756211e-16,-4.60855535755639e-06,3.83574557980838e-07,3.58734518330861e-15,6.95691343719344e-16,-1.38972171562595e-08,-7.45304177352569e-08,-4.22611898961049e-10,-5.83121415508392e-07,1.52966227980499e-07,4.49470223668174e-08,4.32378624800164e-08,3.93302521027322e-07,-8.72368208450746e-07,1.31838984174237e-16,1.79135530445173e-09,1.23190795672236e-09,3.39087545131118e-09,3.16348461373307e-07,8.48461898486425e-17,-5.62855782069098e-17,1.03619825078505e-07,-7.21356997196408e-17,-4.00199376955687e-17,4.80617266036166e-07,-1.59528185874013e-05,-1.06459605973673e-07,-7.12151642799507e-09,3.69022942533094e-06,2.11283498745492e-05,2.33902521726801e-08,3.81307755430189e-17,5.42862831067077e-08,2.52734660738937e-09,1.15850133805509e-08,-1.15963050060194e-07,4.53488743826e-07,-3.39628449373328e-16,-2.10970975443978e-16,1.0568996344718e-16,-3.91554583194816e-08,-1.86823287935714e-08,-1.08764857296063e-07,-2.60028083912226e-16,-1.42465328074026e-08,-5.78867098062529e-16,-1.77424220956013e-16,4.51303377934556e-06,-4.87367524800693e-08,-3.22224885662692e-16,-1.22437828327719e-07,-6.30376132584952e-08,-2.9694071000258e-16,1.41803232802243e-07,-8.50318906462072e-18,5.00405323540438e-08,-1.16368448889662e-16,5.02454786033857e-08,1.10449469468402e-05,1.5365094718038e-08,1.45424737839069e-08,9.99549923761611e-08,-4.97373241912982e-08,1.36431311295849e-07,-3.98086939087012e-17,8.94423667421282e-07,-5.05682633555495e-08,-2.74400967486816e-16,-6.69932904086069e-09,-0.000302857148926049,3.02971318685746e-08,6.56944193597735e-18,2.23207268127204e-06,1.29667515385439e-07,-6.13098756996291e-17,-3.23647016277867e-07,-7.15467501580104e-08,-3.71734088669821e-09,1.22826744312656e-16,1.85378560854123e-16,1.50071698935661e-06,2.01685817898076e-08,1.63088524011169e-09,-2.59543733736807e-08,1.1804096270739e-08,5.66359418157078e-18,-1.03518864407592e-16,4.30510361545024e-08,2.96711038269253e-10,-6.10213875445349e-17,1.03862597118946e-07,1.29893459940622e-16,5.36626745698318e-08,-1.98122275809253e-08,-1.15747246094505e-08,-7.67016233353138e-08,-2.35221626332521e-16,7.86054639722315e-17,5.53491923116089e-17,-3.47669054466385e-17,-6.1467719095264e-09,-2.13191982107165e-08,5.37172274256381e-17,-5.95308511795242e-17,2.5140644553191e-17,3.00042478265427e-08,2.69656845854613e-10,-1.48581631138932e-08,2.22101358171265e-17,3.11328653829213e-16,-4.61219604175334e-16,-1.45796515046766e-05,1.91582023059446e-08,2.82676875373769e-16,3.49455292984591e-09,-9.22835359186093e-08,6.60948234439522e-17,3.85715957124853e-17,-6.6430205672004e-08,-1.55179217441112e-08,-3.53503077747471e-08,2.55244837980263e-16,0.0198690864460928,2.93853299583724e-08,4.28597708061193e-08,-4.22673814105022e-08,-1.1489839285112e-07,1.89511223123584e-09,1.83497329569212e-16,3.13598898284825e-16,-1.43751008205309e-16,3.71608967360603e-08,-3.36566151907433e-08,-1.27208377372823e-08,-0.00579253649199419,3.32679171683925e-16,-9.44346657014308e-18,-6.62796829253606e-17,-7.51928362751687e-17,-2.52477240966547e-16,4.69162807762925e-08,7.50580203106684e-17,9.8680636302627e-17,-7.61341000375977e-09,-1.76782425153268e-16,-6.81582184351502e-09,-3.33446769346978e-17,-8.45111180902489e-09,-2.21920170891616e-16,-1.02456808423052e-08,-1.28226065938188e-09,-1.16959576053609e-07,3.40355421273097e-14,4.11471681234854e-08,7.15439097081149e-18,5.83314813289859e-08,-1.02498247122636e-07,0.000305953692560541,-7.45990970080765e-17,8.25869686392526e-08,-1.0582564944116e-16,-2.03060517788573e-08,-2.58251999728276e-06,4.43939754583864e-17,5.54116794187385e-17,-2.12780157257956e-16,-1.066898064028e-17,-3.8354137961163e-10,-4.99298196167644e-09,-1.11450906695983e-09,1.89459077958649e-16,-2.60952255921977e-17,-1.1761255805536e-08,9.59312301410456e-08,-6.67239728869431e-17,4.78434091431982e-17,-5.05948784920357e-09,2.68223341872584e-17,-3.58444744368875e-08,-2.67760713702906e-16,7.61538126598178e-06,-4.33307317072865e-17,-8.70554034804565e-17,-6.69376130072298e-17,5.55384730040544e-17,1.82088253819296e-17,1.39891204805575e-16,6.46398180639083e-09,-4.52048823721148e-08,-4.80204414098539e-18,-7.62341588090057e-07,1.13978792937987e-07,-1.84707411519547e-16,9.27401837054308e-17,1.23694316123384e-16,-1.84411457371319e-16,1.12172068442744e-08,1.7932305258889e-09,-2.33331605976827e-16,2.65808364963299e-17,-2.03721085735671e-08,-1.84512174499065e-06,-1.0984229428731e-09,-3.19979994782308e-17,-5.87517001992127e-18,-4.00386086177203e-17,-1.18752603938803e-16,-1.48876731660293e-16,1.62374076293172e-16,4.2731864732066e-08,-4.0404288467035e-08,-7.76673148071516e-09,6.26036733146094e-17,3.14782216182346e-17,1.57710140922355e-17,-1.894669274638e-16,1.18600485214538e-16,-1.06308323798888e-16,-1.40430537775872e-16,-9.06139778996995e-17,-7.00301360600041e-18,-6.41699317305897e-17,1.01835909420288e-16,-8.69063166917417e-17,-5.69451713182883e-17,5.72854659837869e-17,4.23996341316635e-09,-3.86478904831008e-18,4.01171556593475e-17,-2.44896463970609e-17,5.999776285553e-08,-7.22610314997825e-10,-1.19208663732248e-17,-1.54839567468153e-09,5.48698095299038e-08,1.50909686965586e-16,5.14701759917941e-17,-7.78638043387007e-05,-5.1609474246531e-17,1.33897610309745e-09,2.21537522257112e-17,2.33498454002344e-17,-4.88135527714131e-17,1.87595610818453e-16,1.33706828212772e-09,-3.58369833391423e-05,6.76648794407784e-17,-2.72259328199943e-17,2.42753041720622e-17,-1.06831946786398e-16,-7.31402785558721e-16,-4.18687322411351e-17,1.05430633959502e-16,3.80378259640362e-17,2.14264996590995e-09,2.25936020267432e-17,-1.14316866529978e-17,3.85230060373892e-17,-5.27655129194682e-17,1.09211113796308e-17,-5.33534764952682e-17,-4.21975714315742e-08,2.17165578628272e-17,3.49927359965694e-17,7.06681373503186e-07,5.41041955390229e-17,1.56625486360769e-16,2.62415776605511e-16,5.39730619006724e-17,2.61253446847655e-08,-1.47336365513747e-17,-1.92710654756221e-08,5.34548057483997e-17,2.13875419572009e-17,-1.20314804511772e-16,3.54474818096452e-17,-1.88212849369911e-17,-1.41244586878957e-16,6.95366454911529e-10,9.07689197124674e-17,-1.04843923760578e-17,3.91870467179513e-09,-8.67085595028455e-08,3.99917608043038e-17,6.06849550875647e-08,8.88551218964346e-09,-1.45707338705056e-16,-1.21132495026424e-16,2.09620638393731e-17,9.14299257577309e-17,-2.70715351569897e-17,-1.48619074223125e-08,-1.90383931909668e-16,1.51922041615828e-16,9.70770826886098e-18,5.94360406936162e-09,-1.38583067061524e-17,-1.12682042850054e-17,1.18967945533959e-16,-6.1096094522759e-17,-2.70414938957255e-09,4.25665154966185e-17,8.13254615071754e-10,-2.07685421515017e-17,2.07455006833344e-16,4.59396559962826e-17,3.74896916621714e-20,4.25461742091792e-17,1.29500019537695e-16,-3.92270973486817e-18,-1.40769716197983e-08,7.3298247990617e-17,1.00841266867402e-16,5.91470830928252e-09,5.16624604514298e-17,-2.25910407869257e-18,4.49321518427166e-17,1.00401736367216e-16,-1.35988630523069e-17,-1.7070037706426e-16,-9.59587369648253e-07,-7.75601867263256e-17,5.99112435146954e-17,1.27342149828044e-08,5.65427354586309e-17,-7.53747367794229e-17,-3.04993168405981e-17,-3.63959733731493e-17,6.39144547269767e-17,3.96603713397689e-17,-1.37065831992672e-17,1.50473314917672e-16,7.54067201656363e-17,4.80033002115248e-17,6.07846300310645e-17,-6.66170785448125e-09,2.20830363202378e-08,2.25681613395708e-17,1.06335973915021e-16,2.13108154265137e-17,4.03635190850092e-17,-1.51354623278976e-16,-9.56412241255609e-17,1.97455332639922e-17,-1.48997755002164e-16,-1.91025848028704e-09,8.11469542162423e-17,5.65236820024234e-17,2.23257450701503e-16,1.18523325157628e-16,6.16705442203772e-08,-9.4432597631184e-17,-3.8670665954914e-10,-5.61003407030043e-17,-7.44233337960542e-17,-2.07887219104071e-17,-1.67119704361441e-17,-9.78323246873032e-17,-2.45048867223042e-17,7.92600010372769e-16,-1.67910728401937e-16,4.17092158803459e-17,-2.43628743144657e-17,9.8934456976381e-17,-1.4240773601346e-17,1.41877205970384e-16,-1.57466643905159e-17,-8.47213809926881e-17,-2.6852255153174e-17,-2.14073290402723e-17,-1.95511697603035e-16,-8.63161785911434e-17,-1.08963439247829e-16,1.90819582357449e-17,-4.28321898650419e-17,-1.9025269048289e-16,2.34368421095181e-17,-1.83863992737696e-17,1.83010076056112e-10,9.5075962787691e-17,-6.12489068767834e-17,3.11338063732133e-18,-8.63048184986656e-17,4.81999651074925e-17,5.36852403224505e-17,4.07600535713441e-17,7.55062992390007e-17,-2.1044996168215e-17,3.23371875026507e-17,-3.44993131284888e-16,-4.58909351257841e-17,-3.17015821340318e-17,1.79554816054165e-17,-7.88563907519484e-17,1.26637215411262e-16,6.08304837391055e-17,-2.34759906220087e-09,3.97160094194615e-17,1.15740938446989e-16,-1.81391633149319e-17,1.02064913297357e-16,-7.92226543772526e-17,8.30115865979049e-17,1.43882055093442e-16,5.17704541015716e-17,1.82454290212042e-17,4.95790480508992e-10,3.75626014902456e-17,-2.01690903970854e-17,-1.21503711744625e-16,8.12510318996259e-17,-6.6827350443699e-17,-2.16950595473539e-16,1.1168604140935e-16,2.47061346119385e-16,-1.18481859582011e-16,4.49217872266775e-17,2.37746138335e-17,7.31375926695959e-17,-5.93554193354504e-17,2.49357636000802e-09,4.62297914166352e-17,-1.00112711984924e-16,5.37361377301447e-17,-1.02348685082632e-16,-1.88680510803883e-07,1.03080276261199e-16,-1.32147969225256e-16,4.80701751166601e-18,-6.30929098649304e-17,1.30345584262848e-16,-1.23993128301288e-17,2.50545053622585e-16,2.94539286651618e-18,-1.48342120039084e-17,7.69018475768061e-18,1.94080345785941e-18,3.58047622516555e-17,-5.20279756208406e-17,-3.23895167375056e-17,4.28035928806869e-17,6.02394107591506e-17,-2.72318141005468e-16
"t346",-0.00507998526318495,0.0548036175971286,0.0707091174519004,0.0174553899968751,0.0365430993817655,-0.00618927670135024,0.00190495429908277,6.68407110611513e-05,0.000588723427330166,-0.00166976972038638,-0.000623591082054753,0.00792348780886881,-0.0275964266987742,-0.151029511442981,0.00405230092715048,-0.000531617355261083,-0.0311564213079046,-0.000284504306708803,8.03016086327632e-05,8.35601757563503e-05,-0.000378155659715279,0.000127530704818953,-0.000361899110381255,0.000625531864669931,-9.92593706396366e-05,0.000314060534358671,-0.000417568674773882,0.00366066130340382,-0.00270630215611945,0.0145827370893303,-6.24380232724103e-05,0.00101184290250347,0.000429783225401829,2.60961778449213e-05,-1.50613884318217e-05,-3.75487014135517e-05,-0.000136677414728616,1.46385984122432e-05,0.000130469666038539,4.78526536001896e-05,0.0409109858068525,0.000223190214426155,-7.68187432959173e-05,8.92567921547467e-05,-0.000159641487157554,-7.04813305232966e-06,2.35876040442502e-06,-4.10628134290509e-05,5.89753167394922e-05,-0.000145575191209107,0.00015582679110789,-0.00860881414149863,-2.58718856152881e-08,-4.56007904405045e-05,3.1584366129303e-05,-0.000348506542159933,6.52782559367628e-05,-0.208330951220149,-0.0157644314012385,8.31369895365787e-05,4.56605027023347e-05,-4.76884211102734e-05,0.00119049139568156,-0.00180988454281068,4.53881213709309e-05,-0.000130023067451936,9.19750408634585e-06,-0.000783157023837745,0.079071359695165,0.000346053885013668,-1.43615615604853e-06,2.14080234774237e-07,2.25122220795998e-09,8.43415925467634e-07,-3.97904379977907e-07,-5.39610763722019e-09,5.83821200903292e-06,-0.00424889034537048,2.79662470733421e-07,5.06763325945592e-07,-3.35716296085809e-06,-1.44955778457214e-06,-1.69973588413975e-07,-1.40987275167016e-06,2.77887053907253e-07,9.46266541961005e-06,-1.64304108898048e-06,-2.65506623966027e-07,-5.94410998998233e-08,2.29145471794187e-06,-5.29704014403511e-07,1.99993674208226e-08,1.37448569699471e-06,-1.55162806436025e-05,-1.27885524547701e-07,-6.24347954841442e-06,-7.38120909612828e-07,7.9496091737953e-06,-0.000891455338301304,-3.55051556995549e-06,-1.42515512471844e-06,9.42349762461142e-08,-2.05908587740762e-06,1.47098597372122e-06,-6.68485368318241e-07,1.09111969580097e-06,-3.93499651207559e-05,1.37067519462312e-06,-6.44143468350349e-06,2.34568899831538e-07,0.000223328032415335,1.39137811662861e-05,-4.33733492847099e-06,5.47132317295358e-06,-2.16595135737655e-07,7.76131838148346e-06,-1.69594873848856e-05,2.74207439137277e-05,-6.13282569748925e-05,0.0568874256165358,0.00013548162323484,-0.0010548250356483,2.33361783567562e-05,6.30398244931796e-05,-2.70002309080033e-06,1.82964941493309e-05,-1.79763164034202e-06,2.56394890302752e-06,-6.68280112911896e-07,-7.17082501444699e-06,1.34233056270042e-08,8.2400622790084e-06,-1.32016353762661e-06,-2.70706213096608e-06,1.82073132219735e-07,7.28571301210328e-06,-1.07250213876442e-07,-0.0118707157284998,-4.56928408621848e-06,1.13164253499109e-05,6.36232076515662e-08,-7.47554630793214e-06,6.19105769735774e-06,4.94933684113403e-07,1.88982808211091e-07,-2.88601667739612e-07,-0.0697876464024237,-3.57672344260296e-06,-1.90205329699625e-07,3.27580299298492e-07,6.79104063644963e-06,1.33975954847915e-06,3.65701230973857e-06,-9.42862345114293e-06,-0.0127373732370147,2.35693496055589e-07,-2.87817067516714e-06,-6.29294532555651e-07,-4.70837077038082e-07,-2.01112252148641e-07,-0.000123839836456483,0.149809322205436,2.03097940745818e-06,3.70390753226195e-05,-1.53010994260392e-05,7.9306986030512e-06,-6.08749681298335e-06,-1.03553733488792e-07,-5.14423419138791e-06,-0.000149522461835857,1.02193015398092e-05,1.79195002083936e-06,-1.97686208918782e-07,-5.01608685783094e-07,-1.20037971124488e-06,-1.90406184532365e-07,-1.06307004564954e-07,4.13936334744902e-06,6.13139120232821e-06,5.42362192241844e-05,-0.00102501181263578,9.79615167144241e-06,4.98896791352129e-05,-1.25521976033551e-09,7.06109218517585e-07,1.62509064372155e-08,2.70099654337226e-06,-8.6949154462184e-07,-3.91104148126256e-06,4.9962107502916e-06,1.10996851912908e-07,-2.00634465288622e-07,-7.90318217544599e-07,-1.38214696756184e-09,-4.25490665754599e-06,1.77662321612536e-07,3.24245961849474e-07,2.25614992902285e-07,-1.86855691566754e-07,-7.35673050605528e-08,-7.32213664966926e-08,-2.29430823764384e-05,1.73832050242103e-09,2.76700967992675e-07,4.18958051252432e-07,2.06024793756352e-06,-2.58014078850843e-07,-1.3207912284742e-06,1.74539098992467e-06,9.71340398914682e-09,5.63148435724688e-06,-1.73117201553447e-06,3.08817019056999e-06,1.98700621995122e-07,1.555865781822e-08,-3.25203459407804e-08,7.44890279335265e-07,0.161395392234827,3.63900211941094e-07,1.6345008828983e-06,0.000184477343799019,-9.15001730074051e-06,-2.2447028870889e-06,-0.000248339757481975,2.88820449317978e-06,1.28803303341175e-06,1.84330801376442e-05,0.0656894582719735,-2.3570753338951e-06,-7.57074127347291e-07,1.69527511170557e-06,2.67559893128741e-07,1.18907783434346e-07,1.87277634150535e-07,-5.92346070378636e-09,-1.01457251176985e-08,-2.72746904016737e-07,-3.49827062851081e-17,-1.9203641023701e-08,2.48618451008722e-07,-5.73498892421511e-07,-2.57272261508963e-08,-5.90022425295198e-09,7.90973133635784e-10,4.72482761868671e-09,-2.80742208506098e-08,4.79358524419102e-10,-3.83221737549522e-11,9.66046099576777e-09,-1.1188578160998e-07,9.18669797846269e-08,-3.87511725224814e-07,2.58245394833856e-08,-1.52523610649308e-09,9.83266352453521e-11,-4.5547416185085e-09,3.85198445085114e-09,-6.0004453648913e-08,-1.18630257184112e-08,2.17301004873118e-09,-5.35669533529785e-05,-6.70131217254558e-10,-1.54020506397783e-07,-1.2246983256432e-09,1.85437935045551e-09,-7.28448796509784e-10,1.42403431631749e-09,7.42457619295682e-07,-2.52871739738628e-07,5.41142986677486e-08,0.0698146080277556,1.81920464006144e-08,-1.90154223910587e-07,1.20583089642913e-07,-0.000280146407146285,-8.28015038474585e-08,-5.62350753861325e-08,5.07746346721112e-09,-8.73143398106116e-08,4.41913334993648e-09,-1.68733827286952e-08,-3.83536948948282e-17,3.92683811517028e-08,1.33411859772747e-09,1.69887589995909e-12,1.3722473728716e-08,-1.61850811598279e-09,9.70669618306492e-10,3.15178322851311e-09,-2.86464980640267e-10,1.19613135497059e-08,-4.13894598036192e-08,-1.40836970722565e-09,2.70039634943716e-08,-1.23083592061043e-08,1.44229960226103e-08,-4.11086842452792e-08,3.64553450023263e-09,-4.24990691293495e-09,-1.47128541473364e-10,-1.11026051559142e-10,-1.0443699216639e-10,-4.0646956583862e-08,2.03172572918124e-10,-6.52154020926733e-09,2.64394822023125e-07,-8.97177512157331e-07,3.30437886333073e-09,3.06484387804319e-09,1.84959143492653e-08,-6.07380419317892e-09,-3.93159350181774e-09,5.89717908728627e-09,-4.93688490829737e-05,-5.53278972361594e-11,2.82034219005545e-09,-8.38056428317369e-09,4.6343039148446e-17,5.29093394926179e-11,3.57601299003057e-08,-4.33752687630309e-09,2.26846117960448e-08,2.93150856568633e-09,6.83909457362453e-09,2.4001610571891e-08,-9.31059400383382e-05,-9.86803571362924e-09,-2.19526456215037e-17,-2.02693177347263e-08,-1.97199753597141e-10,-8.03992495269258e-10,3.85191535468228e-09,7.08225801721428e-09,-5.0651303339651e-10,-2.07058398535293e-08,5.73831788642116e-09,-2.91696384396572e-08,4.08669438778272e-08,-6.46216776636474e-09,-1.57557054378563e-08,-1.96749914311549e-08,-1.20886822795908e-10,-1.61560655078959e-08,9.7992487986726e-09,-1.78926417433641e-08,2.85338947305645e-16,-5.56278731762804e-08,4.4219025680664e-09,1.27452416703665e-10,1.15655301971817e-09,-3.80608697141699e-08,-8.32912180086206e-08,4.29592430294188e-08,-1.56521258730109e-07,-7.78773482417936e-09,-2.76579110674534e-16,-1.44411187537501e-08,-5.71559121884955e-09,-1.86538562908689e-08,-1.38057210095849e-16,3.6013820097928e-08,5.23380688757857e-08,-8.02169920377685e-09,-3.02513838370115e-08,-1.04148388435369e-08,-6.02875870550199e-09,-4.96876280304026e-06,5.07295458375094e-09,4.09543050307186e-08,2.32812782210358e-09,1.17496626500905e-08,1.69752697853012e-08,1.20728058305659e-16,-7.0303401184089e-09,2.32293395473303e-08,1.15189299916464e-07,-1.57607792370367e-08,-1.79589407190848e-16,-4.24158632971948e-07,3.20957273844229e-09,-8.06571114840541e-09,-5.51640519201844e-09,-1.89551860114163e-08,2.11586055282313e-08,-7.87312639756883e-06,5.79821630048819e-08,4.00635736566608e-16,4.73634092054467e-07,-1.05378951477321e-07,4.64567990809879e-07,1.40265221848214e-05,-0.0163177837066323,2.52285616586705e-09,1.17961196366423e-16,-5.58398424554719e-18,3.10818592429757e-10,1.96058841046615e-08,-2.40532656988527e-09,1.51913128419068e-08,-4.46832372925323e-17,2.82412935607233e-09,2.08533911094432e-11,2.39229226806431e-17,3.98262384100958e-16,-5.11832221460069e-16,5.22557995556974e-10,7.22146504845411e-08,-6.95046208691654e-09,7.53044800332131e-09,3.86366456081434e-09,2.25611136666032e-07,-4.27502108646127e-09,-7.29576132229827e-15,-1.20787376854409e-09,3.59719056867647e-09,-3.15442448924831e-16,-9.11705797189828e-17,-2.63830295144627e-09,-1.45784167264235e-12,-1.64772046375224e-09,9.10942832619482e-09,1.69637422323977e-09,-6.372057129924e-10,-6.95267617231556e-17,-2.15300673488847e-09,-1.92356352772392e-17,-7.42703352866741e-09,-2.1467203015213e-16,-1.95576714216294e-09,-2.53542184164948e-16,8.09939347358041e-09,2.13609100582508e-09,9.02455741887702e-10,1.18846225926664e-08,5.89209910342673e-09,-6.78198419364376e-10,4.30764261918726e-09,3.87339823360532e-08,7.26470697723601e-09,6.69650855074867e-10,1.50587479032264e-09,-4.22193381066789e-09,-7.20237676742034e-09,-5.81675965850139e-10,-1.99523143930422e-09,-5.17161840911594e-17,1.85098343468956e-08,-3.15804833072414e-09,1.57287009963318e-09,1.84444359619521e-16,2.7200976267784e-10,7.23579737769359e-09,5.8233149437984e-07,-8.14123992236494e-17,-6.04527651541698e-09,-3.1713010340412e-09,-2.43096637150324e-17,-1.0724321212859e-07,8.44933952125871e-09,2.62892166614179e-16,-4.11226607589274e-16,-2.97131006083441e-10,-1.58883645056492e-09,-8.8802302774705e-12,-1.20338545236723e-08,3.01297610005479e-09,8.81415427260624e-10,8.42515250601575e-10,7.08316849760233e-09,-1.45138036027684e-08,8.20090523268036e-16,2.88011218276002e-11,1.96852138809925e-11,5.29953277094930e-11,4.80718740167523e-09,-2.72899245749761e-16,2.99231606934156e-17,1.5110570489592e-09,-5.61028099382562e-17,5.44601854585517e-16,4.88878072691192e-09,-1.48477382460076e-07,-9.88880526751385e-10,-5.18813394396199e-11,2.5838034867901e-08,1.46645910323846e-07,1.53047963533301e-10,8.96169867021037e-17,1.05830578130252e-10,2.21658953201854e-12,5.97261294193782e-12,1.55639634324147e-10,-2.26296649065986e-09,-3.63097896991714e-17,6.68221308468997e-17,2.07332277046741e-16,4.26065983272273e-10,2.55658039714386e-10,1.51232244110581e-09,-5.55479783126829e-16,2.39084638311026e-10,7.36346767672322e-16,-5.0418281102249e-16,-1.42432445437291e-07,1.54837987237214e-09,5.160802341031e-17,4.40970640682816e-09,2.43418819824643e-09,-6.44561190606835e-16,-6.2739394077578e-09,3.55384119951607e-16,-2.58361959077501e-09,9.69496257018789e-16,-2.62930037071654e-09,-5.83996081040349e-07,-8.2195840118949e-10,-7.90638597061622e-10,-5.63392052110054e-09,3.19874030887089e-09,-1.04663976018319e-08,1.71160213647618e-16,-8.4682840388209e-08,4.8942938652042e-09,-2.75625261715633e-16,6.67614770995904e-10,3.18211324579414e-05,-3.33796422878568e-09,-2.07339956192994e-16,-2.88726268172694e-07,-1.73121625767844e-08,4.65139118059623e-16,4.50659686440797e-08,1.01711537478263e-08,5.7078068835931e-10,-6.33011124458308e-16,6.47961337025447e-16,-2.76837750006533e-07,-4.02717932515453e-09,-3.31014796769143e-10,7.552941687164e-09,-3.65418428533855e-09,-3.37241830369664e-16,9.94584900604369e-16,-1.3917900119548e-08,-9.64539057628603e-11,-9.16981372712825e-16,-3.63844450871327e-08,-3.19846835697301e-16,-2.02464773551458e-08,8.3059733963405e-09,4.8898828361299e-09,3.34033422478613e-08,3.82503077245789e-16,9.91304360587967e-16,-6.50834724615292e-16,-3.12909387101782e-16,3.59620532712779e-09,1.28060966090796e-08,9.43322971000082e-17,1.89162155573069e-15,-3.43378374028082e-15,-1.98940921937667e-08,-1.86951092234794e-10,1.17060241637907e-08,-7.30944798290359e-16,1.94392028515789e-15,-8.15320033709099e-17,1.97881239167451e-05,-2.66155238443827e-08,-1.24228554636582e-15,-6.55783149774336e-09,2.00573756257379e-07,-9.49976671832364e-16,-2.94768955594726e-15,2.26166447242882e-07,5.52879360611033e-08,1.89861860567627e-07,-1.2957961731939e-14,-0.619361317346391,5.71810391707946e-07,2.56646256167549e-07,-1.29472682966685e-07,-3.10270328502206e-07,4.16612202845782e-09,-2.75285219032592e-15,-1.82893064815933e-17,2.9224258623981e-15,2.87555797542235e-08,-2.53925909011898e-08,-7.35666711321305e-09,0.37264954662258,-9.3119537352042e-15,1.6524261810753e-15,-8.45221282993878e-16,-6.00114904005195e-15,9.73926144982663e-16,7.20516057406762e-08,-1.55100865261492e-15,8.11777615781543e-16,-9.93967699884037e-09,3.93352150744854e-15,-8.83609438579238e-09,2.92755100992763e-16,-1.08303415896082e-08,-4.35704674586006e-15,-1.10471135057874e-08,-1.34024047059632e-09,-1.17202046083295e-07,3.18848850733143e-14,3.94628222386933e-08,-2.18097846847316e-15,5.25796063657753e-08,-2.30404108650033e-07,0.569040371588736,-2.05137795824285e-14,4.71967569602056e-08,-6.67789802365424e-15,-1.28840596218727e-08,-1.63919238168265e-06,5.57218474759272e-15,3.66750679576223e-16,2.2963799168902e-15,-1.09210197076453e-15,-2.41530785555143e-10,-3.13013895811916e-09,-6.94640228681137e-10,1.32543660892474e-15,7.02277583553717e-18,-7.0997453333094e-09,5.78236162441376e-08,-2.74751051880105e-15,-7.57777282964028e-16,-2.9267018878806e-09,-1.26742541222109e-15,-2.05589988013151e-08,-7.40848493524162e-16,4.26509868155331e-06,-8.54486164153317e-16,3.92454644298986e-16,9.89149467965055e-17,1.28870554291505e-15,-2.22517567420395e-16,-1.18308284372621e-15,3.46312879757752e-09,-2.42056815709488e-08,-5.54590365611511e-16,-4.02445224676796e-07,5.98243731044587e-08,1.73895213717735e-15,1.28899811604338e-15,1.04027012093906e-15,3.75665170236341e-16,5.74994336444044e-09,9.14391696941697e-10,6.31267290969155e-16,7.13148232568363e-16,-1.03285132441322e-08,-9.34772440434147e-07,-5.55103313893648e-10,7.6004663890699e-16,1.96222009427309e-16,1.16415124067613e-16,7.95003709148827e-16,7.08723515232471e-16,3.68405177142892e-17,2.08034471440083e-08,-1.96068835213156e-08,-3.75703138317683e-09,3.17611091970226e-16,2.35874010614295e-17,-8.67867513658901e-18,-1.06032504575238e-16,1.3901759803259e-16,9.31598617287285e-16,1.67249197912819e-16,-1.46425552880456e-16,-1.54238414360251e-16,-3.84672062214036e-16,-1.9705503614934e-18,-6.32343838574891e-16,2.69691793812514e-16,5.82423847033412e-16,1.95562384419218e-09,2.9088818241628e-16,7.51319196306311e-16,2.15118174931859e-16,2.75188979490597e-08,-3.3101604919386e-10,-4.71717710387203e-16,-7.08741945022586e-10,2.49504499269229e-08,9.1583939943547e-16,-1.29143076345226e-15,-3.51277927793967e-05,4.19817722854615e-16,5.98522465831459e-10,-5.58934353405723e-16,-6.50036931425232e-17,-4.79040814177587e-17,3.0131935634473e-16,5.8958630343193e-10,-1.57885054081838e-05,1.36783733510662e-16,-7.26401669818866e-16,3.15057352850016e-16,5.00665808179387e-16,2.40215833335888e-15,-1.13077389325514e-16,6.88173019295466e-17,-3.20670605276465e-17,9.07110080153515e-10,1.58086210200328e-16,2.00784232301349e-16,1.99651641605607e-16,3.7298610076415e-16,-1.48262190908642e-16,2.19324332805953e-18,-1.77355925779134e-08,-2.12801073527476e-18,1.57573193964329e-16,2.96634299894095e-07,1.98351043395672e-16,4.42720963941264e-17,-2.07736210488529e-15,3.87336730789453e-16,1.08120423765489e-08,1.77697889633497e-17,-7.9566148153774e-09,-1.45666867263381e-16,1.28712382965043e-16,3.8118599790789e-16,-7.33502580234965e-16,6.83945094119229e-17,-1.70603265614327e-16,2.857716946012e-10,2.87438718049602e-16,-5.83340369369115e-16,1.60494697752328e-09,-3.55063844661287e-08,1.00200608430721e-16,2.47792597376003e-08,3.62501108079085e-09,3.44062516424216e-16,2.85912963971735e-16,2.43069161800834e-16,5.88967855591911e-17,6.3215690936826e-17,-5.99071383425523e-09,-4.20896062987866e-17,2.25175984593682e-16,8.64284112766808e-17,2.38904794473741e-09,-2.31285825536744e-17,2.62668286723362e-16,3.60521959340529e-16,1.28844375322428e-16,-1.08304962011948e-09,1.29014018245707e-16,3.25370804729366e-10,3.87041370454321e-17,9.94683050355231e-17,-1.13695879039064e-16,-2.75958754037157e-16,7.26460585895609e-17,-2.86332338320053e-16,9.80769793115949e-17,-5.60159567774545e-09,-1.29139176505091e-16,3.64925835984831e-16,2.35061766955935e-09,-2.28621067735626e-16,1.19236420313534e-16,4.42018244256851e-16,-9.54997726057935e-17,2.05881756245633e-16,-2.53750063871467e-16,-3.79896182277005e-07,-1.72860487399216e-16,1.24178290857451e-16,5.03314576923171e-09,-1.43980801541768e-16,3.40193451896197e-16,-4.17301725823283e-16,-1.6221525958323e-16,3.76294951361704e-16,-8.87673439390973e-17,1.90440528012514e-16,-5.50904261764044e-16,-1.25960638838695e-16,4.07590770764683e-16,-3.60623225675926e-16,-2.61814879059929e-09,8.67340948725787e-09,3.02723451624778e-16,2.44297181567664e-17,-2.13223295691076e-16,-2.11063687386345e-16,1.38994718512642e-16,4.75956951861555e-17,2.0151879524817e-16,2.50683587119349e-16,-7.47881647175579e-10,-2.37134465840232e-16,-1.09264811701247e-16,-2.03163922184029e-16,-4.2092565258561e-16,2.40830863877851e-08,-1.12778828549869e-16,-1.50607748672414e-10,3.12185598404055e-17,1.32321217975935e-16,-3.13648302704532e-16,-8.71507687475575e-17,2.25931681166993e-16,2.01405709073556e-17,-5.96226198040507e-17,-1.32190678566391e-16,8.60764417902747e-17,-4.61473464840037e-17,-6.4290633577336e-17,7.58336632098433e-17,-1.96126952775217e-17,-2.75087615660391e-17,8.17979423102405e-17,4.82285763283411e-17,3.03877659097303e-17,-5.03747503479194e-17,1.27160784250172e-16,2.06476093838552e-16,9.08561420542853e-17,8.62314706797843e-17,-2.57907470472231e-17,1.53530263275404e-16,-7.15192578813311e-17,7.06805565919143e-11,5.89002817288823e-17,3.74881150691838e-16,7.59205722826225e-17,-2.8723009027069e-16,1.41802568251779e-17,2.95627780902135e-17,-1.30467426074456e-16,-5.54805206074301e-16,1.23096596338289e-16,-6.88498083805209e-17,-4.69025859817229e-16,-1.23605485133879e-16,6.37774002214978e-17,1.70432785199578e-17,-1.44653376775224e-16,-1.65257136945538e-16,-2.62763913426871e-16,-9.02648072613057e-10,3.15059555167573e-17,-1.07295644222347e-16,6.44827993829894e-17,1.29113534549881e-16,1.87654088449446e-16,-2.4275334976839e-16,-1.09781934262082e-16,-9.59605794147836e-17,-1.30417322669654e-16,1.89930317247225e-10,1.05206543416165e-16,4.30369953979244e-17,9.25400766365089e-19,2.5207758902906e-17,1.06593276992199e-16,1.88508537789816e-16,1.33314843992592e-16,-2.24294717405723e-17,1.08478715144818e-16,4.18556453236322e-17,-1.28158205198011e-16,-1.56101110797621e-16,5.02368604502552e-17,9.52511833935447e-10,2.59285825871831e-18,1.23014526284994e-16,-8.0850879614704e-17,-4.35849273339173e-16,-7.19953026786713e-08,-4.04353968087245e-17,-9.17063399565909e-17,-1.09240005982004e-17,-8.24441630533937e-17,-1.36174148180197e-16,3.90421289983924e-16,-6.39918527441017e-17,2.79621757029049e-17,3.12844451538972e-17,-5.33898766801958e-17,5.24755886725997e-17,8.95507678024124e-17,1.18918862790495e-17,-1.20005461450725e-17,-1.08457506688321e-16,4.17250440320889e-17,-2.85589803919045e-16
"t362",-0.00508037529926824,0.0548124813464648,0.0707209232735692,0.0174592948583144,0.0365531057753373,-0.00619126451637529,0.00190557810556893,6.68643364023192e-05,0.000588969095097771,-0.00167061414152474,-0.00062399082695866,0.00792973991041766,-0.0276188353183505,-0.1511539952739,0.00405578572945136,-0.000532101338885113,-0.0311854592283991,-0.000284774240500185,8.03795503361623e-05,8.36482386433572e-05,-0.000378586491959781,0.00012770581090926,-0.000362423624475605,0.000626443604165887,-9.94046098804907e-05,0.000314541789707831,-0.000418216041547792,0.00366638699203031,-0.00271064762594763,0.0146103430184111,-6.25639815046545e-05,0.00101397593656953,0.000430753863031476,2.61578742105559e-05,-1.5098790964703e-05,-3.76492925318431e-05,-0.000137048144837569,1.46789267162263e-05,0.000130831509433082,4.79873137712235e-05,0.0410293706674097,0.000223851477870847,-7.70496811654199e-05,8.95254443777347e-05,-0.000160130241978791,-7.07106645982723e-06,2.36657518897971e-06,-4.12000062621199e-05,5.91769901979815e-05,-0.0001460854463809,0.000156390843259735,-0.00864043822104128,-2.59671286082042e-08,-4.57717264074533e-05,3.17069421698234e-05,-0.000349866073072417,6.55567528213073e-05,-0.209240763273377,-0.0158334669061952,8.35217859591409e-05,4.58805197545362e-05,-4.79227214247714e-05,0.0011964320214078,-0.00181895108240414,4.56220367406135e-05,-0.000130710077191376,9.24875508845259e-06,-0.000787623050962235,0.0795270511694214,0.000348085998968147,-1.44542233130191e-06,2.15556778469274e-07,2.26690414816298e-09,8.49411124707924e-07,-4.00739886717432e-07,-5.43489352730374e-09,5.88031901229248e-06,-0.00428004776831431,2.81789878542108e-07,5.10674566417472e-07,-3.38371179902792e-06,-1.46108086638838e-06,-1.71376151798939e-07,-1.42163535498713e-06,2.80314624164793e-07,9.54634724635237e-06,-1.65775002019695e-06,-2.67888196106686e-07,-5.99745556496611e-08,2.31204599403928e-06,-5.34486007943493e-07,2.01877828308328e-08,1.38748454719188e-06,-1.56668074824552e-05,-1.29180067171611e-07,-6.30707777995616e-06,-7.45641858976465e-07,8.0318972228728e-06,-0.000900736635462621,-3.58828968835334e-06,-1.44058235275702e-06,9.52566246887597e-08,-2.08144783984801e-06,1.4881998751078e-06,-6.76350602629729e-07,1.10401153629512e-06,-3.98183607446579e-05,1.3870245267619e-06,-6.5185486833478e-06,2.37392554530919e-07,0.000226021183996528,1.40833512479687e-05,-4.3902612433184e-06,5.53993173469424e-06,-2.19326765136867e-07,7.86042722502028e-06,-1.71772555340711e-05,2.77781860270123e-05,-6.21392174005412e-05,0.0576477375365356,0.000137303291936229,-0.00106930223726276,2.36606766609813e-05,6.39168531402618e-05,-2.7376568165476e-06,1.8554917388373e-05,-1.82304954937824e-06,2.60061288887362e-06,-6.7814303690509e-07,-7.27669361102062e-06,1.36219862039721e-08,8.36456899037504e-06,-1.34019110196902e-06,-2.74824851123358e-06,1.84876039647533e-07,7.39805427336801e-06,-1.08944844533017e-07,-0.0120619367303572,-4.64481467809499e-06,1.15036216391347e-05,6.46802630473531e-08,-7.60002297973601e-06,6.29451353196379e-06,5.03215512258198e-07,1.92145154260523e-07,-2.93477927307886e-07,-0.0709894504154041,-3.63950189458305e-06,-1.93559531070951e-07,3.33416846908274e-07,6.91213634414168e-06,1.36374310755701e-06,3.72262799169166e-06,-9.5982362761619e-06,-0.0129719787090627,2.40050881308472e-07,-2.93152130637854e-06,-6.41659710827988e-07,-4.80216908593206e-07,-2.05127149924848e-07,-0.000126340778793721,0.152841838963121,2.07269687407636e-06,3.78012228204145e-05,-1.56204130713881e-05,8.09844378582601e-06,-6.22126778814393e-06,-1.05832316729254e-07,-5.25746580867529e-06,-0.000152830542893666,1.04467493385464e-05,1.83186709234572e-06,-2.02141727324655e-07,-5.12955526760632e-07,-1.2277478000073e-06,-1.94755724149277e-07,-1.08737821535593e-07,4.2357407415058e-06,6.27680352378855e-06,5.55265428211051e-05,-0.00104947080630816,1.00319784503243e-05,5.10947613782639e-05,-1.28563984926913e-09,7.23274940902853e-07,1.66500937327059e-08,2.76751409353342e-06,-8.91379698624997e-07,-4.00956709575485e-06,5.12299143545363e-06,1.1386981086312e-07,-2.05912613634814e-07,-8.11225460012957e-07,-1.41901360476703e-09,-4.36909736864612e-06,1.82517325969026e-07,3.33141219690188e-07,2.31855408613671e-07,-1.92045211180973e-07,-7.56750444899406e-08,-7.53222335647699e-08,-2.36099503332375e-05,1.78948875369558e-09,2.85092536841932e-07,4.3166561001613e-07,2.12290831952022e-06,-2.65926651663547e-07,-1.36152892084816e-06,1.80004366393938e-06,1.00232252099203e-08,5.81376469375348e-06,-1.78745966221731e-06,3.19062350163089e-06,2.05366122278765e-07,1.60807317169457e-08,-3.36209607904774e-08,7.70648598110967e-07,0.166999368660684,3.76812530884522e-07,1.69336428589876e-06,0.000191154878363777,-9.48819249827402e-06,-2.32807385933772e-06,-0.000257613081255057,2.99782344802882e-06,1.33707906477142e-06,1.91355412233362e-05,0.0682371834469362,-2.44946548619023e-06,-7.8709820604456e-07,1.76286236864333e-06,2.78285292544485e-07,1.23698653474712e-07,1.94834039000968e-07,-6.16565184542499e-09,-1.05639700245194e-08,-2.84090562518742e-07,5.77471858855327e-17,-2.0012480435174e-08,2.59116393182268e-07,-5.98137314676429e-07,-2.68472119565159e-08,-6.15987344074286e-09,8.25803736402567e-10,4.9370726754007e-09,-2.93395540358718e-08,5.00997086349752e-10,-4.00647886656019e-11,1.01019007780133e-08,-1.17044483205844e-07,9.61194881280152e-08,-4.05478880347825e-07,2.70326174955809e-08,-1.59926795343723e-09,1.03161529882781e-10,-4.78110465653983e-09,4.04789594114894e-09,-6.30612694243846e-08,-1.24771116034743e-08,2.28650280746018e-09,-5.64003366516545e-05,-7.05721136965641e-10,-1.62235048743544e-07,-1.29040055803272e-09,1.95472699880592e-09,-7.67906952709348e-10,1.50287423337917e-09,7.83583363827017e-07,-2.66886496899258e-07,5.71311813126156e-08,0.0737153272357188,1.92155854067958e-08,-2.00866717787648e-07,1.27664784279431e-07,-0.000296674049423307,-8.77041197908732e-08,-5.95923010482929e-08,5.38259051716629e-09,-9.26398047807981e-08,4.68982570180953e-09,-1.79104727888875e-08,-1.54661533856358e-16,4.1710231741764e-08,1.41720634285482e-09,1.8051697660757e-12,1.45915358223853e-08,-1.72204884462086e-09,1.03306348176804e-09,3.35485578572742e-09,-3.05489930765888e-10,1.27572495633268e-08,-4.41450666959357e-08,-1.50296993066352e-09,2.88638883709004e-08,-1.31597869186211e-08,1.54237079132154e-08,-4.39893330888089e-08,3.91079395359867e-09,-4.5640442011656e-09,-1.58013575420763e-10,-1.19242408836367e-10,-1.12471354170789e-10,-4.39167164675851e-08,2.19609531549262e-10,-7.05355193702281e-09,2.86182344013788e-07,-9.71339093827204e-07,3.58467877185017e-09,3.3253313757142e-09,2.0073543070445e-08,-6.59314205215872e-09,-4.27046953731683e-09,6.4100034471847e-09,-5.3697379978076e-05,-6.01963550064167e-11,3.07002185557319e-09,-9.13214937230199e-09,3.27042829583376e-17,5.80430245524163e-11,3.92571435582298e-08,-4.76669809656646e-09,2.49298929480597e-08,3.22177007486112e-09,7.51821096189139e-09,2.63978883535819e-08,-0.000102461492296481,-1.08726416697469e-08,9.71099860952304e-17,-2.23955248315285e-08,-2.17962486729364e-10,-8.89320379681047e-10,4.26110802265978e-09,7.84956973302739e-09,-5.61989161466161e-10,-2.30087175391432e-08,6.3832964657678e-09,-3.25239128824676e-08,4.56659444334127e-08,-7.23125402379907e-09,-1.76450581336442e-08,-2.20454214325447e-08,-1.3557352170155e-10,-1.81206497643065e-08,1.09979103806394e-08,-2.00913801089404e-08,-1.34626227361084e-17,-6.27024699179939e-08,4.98829485747268e-09,1.43778671314381e-10,1.30773873524954e-09,-4.30515063022441e-08,-9.46305754020441e-08,4.887080339781e-08,-1.78105593923839e-07,-8.87031880631298e-09,-1.9262117843985e-17,-1.64670834934844e-08,-6.52018348193073e-09,-2.13135569647807e-08,-9.53246361465486e-18,4.12203592165476e-08,5.99294000957298e-08,-9.18717451242502e-09,-3.46620475283673e-08,-1.19422800200567e-08,-6.91685302784378e-09,-5.70324572976285e-06,5.83057032843375e-09,4.7078038061672e-08,2.67871107047988e-09,1.35411519270571e-08,1.95651614011082e-08,9.06759821881211e-17,-8.12949440117812e-09,2.68766183731489e-08,1.33446055385598e-07,-1.8294675090235e-08,-6.93133658636903e-17,-4.94489503682742e-07,3.76063341361518e-09,-9.47249925728661e-09,-6.48564861504019e-09,-2.23151539723421e-08,2.49711514117011e-08,-9.33016677847649e-06,6.94509477682324e-08,2.93433639920656e-16,5.73054068627091e-07,-1.27614487217993e-07,5.63668408997956e-07,1.7064325182796e-05,-0.0198559396870711,3.07223615954793e-09,1.14491749414469e-16,-6.85758796091463e-18,3.80203909137992e-10,2.40785376890459e-08,-2.95553830293359e-09,1.87349771671787e-08,-5.61190124171365e-17,3.51201488094015e-09,2.60323050465719e-11,1.19326576970148e-16,3.93011355242302e-17,-1.29562101874071e-16,6.60550704726132e-10,9.14361221870269e-08,-8.85207074057204e-09,9.63979146775249e-09,4.94891146372226e-09,2.90608539440437e-07,-5.51025705959947e-09,-9.51289338928515e-15,-1.57556565087478e-09,4.71282051976098e-09,-2.30569171972173e-17,-2.1392591828052e-16,-3.51982189308132e-09,-1.95401746031653e-12,-2.22252856786925e-09,1.23410631233752e-08,2.31808176304554e-09,-8.71978803535852e-10,-2.53254783282337e-16,-2.95205476506282e-09,-1.97856266917775e-16,-1.02421886065415e-08,-5.48497879060417e-16,-2.70879818464464e-09,-6.53374463860766e-17,1.128129230906e-08,2.97871027947117e-09,1.27857559690195e-09,1.68972794744932e-08,8.38972733205206e-09,-9.72064414250209e-10,6.21049417908085e-09,5.66426856296451e-08,1.06249305272767e-08,9.83843487706912e-10,2.23135359959501e-09,-6.33065820685224e-09,-1.09129600100789e-08,-8.88880972690057e-10,-3.06209684424807e-09,-1.78635587486727e-17,2.88000722144295e-08,-4.98253895867028e-09,2.59205324391594e-09,-7.11855913419035e-17,4.54551219947929e-10,1.23642524105425e-08,1.00509239423966e-06,-1.24404253975104e-16,-1.04893316204935e-08,-5.62432555910781e-09,-1.64892887258983e-16,-1.9236487197308e-07,1.6377515602485e-08,-1.01633967098898e-15,-2.23672142945826e-16,-5.96811810579465e-10,-3.20208176183196e-09,-1.81901457259677e-11,-2.51448150799452e-08,6.61292752123684e-09,1.94335303147509e-09,1.86972580208612e-09,1.69988523465558e-08,-3.75805499442931e-08,-4.78566838935102e-16,7.70201491138129e-11,5.29466631010951e-11,1.45533845911073e-10,1.35520780977656e-08,5.4815901767632e-16,-3.92721004861014e-17,4.42608856139166e-09,7.57982276206563e-17,1.29279683957195e-16,1.99629128455061e-08,-6.58213571788813e-07,-4.39188267469266e-09,-2.88930311271811e-10,1.49345708040083e-07,8.54614932466447e-07,9.42753837768273e-10,-6.74137900605399e-17,2.09155901495872e-09,9.62576518874458e-11,4.39482632747618e-10,-4.30744997633391e-09,1.61123276958641e-08,1.25021109210838e-16,1.27039993597751e-16,-5.23845371563993e-16,-1.28345300929025e-09,-5.86985118935844e-10,-3.40558032933576e-09,2.32401765618425e-16,-4.25774569068247e-10,8.67477462303291e-16,1.17982319158575e-16,1.00300151929548e-07,-1.07768340286212e-09,-4.46257614195034e-16,-2.42765841937275e-09,-1.16082998770121e-09,9.42968676767209e-16,2.17268670725413e-09,4.29461360253554e-16,5.60611170748501e-10,-4.15889222896912e-17,5.43178117205488e-10,1.16011172193553e-07,1.56015299311556e-10,1.40506044678348e-10,8.52860900534593e-10,-1.99032388552116e-10,-4.32158936847961e-10,4.7886536021226e-17,-1.22718206621472e-08,7.56966394425968e-10,1.0223365611244e-16,1.11691511900668e-10,6.02616394803514e-06,-6.95279825142122e-10,-3.60500650257706e-16,-7.69955781217519e-08,-4.79949971643806e-09,2.48895641377762e-16,1.31056966580586e-08,3.02412593348006e-09,1.82938009981855e-10,4.84002621950604e-16,2.9341022035528e-16,-1.02368980073838e-07,-1.5654323326774e-09,-1.29912196086551e-10,3.4958129124035e-09,-1.72789423818249e-09,-4.8923727131756e-16,-8.30337498276377e-16,-6.67449950015417e-09,-4.63374983428848e-11,-8.95090249346408e-17,-1.78770404309477e-08,3.70748229262857e-18,-1.01539346903026e-08,4.27676821994593e-09,2.52234721042667e-09,1.73511881176598e-08,4.47703983174662e-17,1.532743645683e-16,-6.96495309975704e-16,-2.50521020760884e-16,1.9781411760191e-09,7.07459703327759e-09,1.34727512298334e-16,2.35701629096399e-15,-2.60911274031023e-15,-1.11582721015201e-08,-1.05527073664153e-10,6.71962062132149e-09,-8.57393037269657e-16,2.25801365452694e-15,-3.39994959269729e-15,1.19700940004267e-05,-1.61275839009537e-08,-2.79316576034841e-15,-4.05018724201874e-09,1.24820369417331e-07,-3.19835059062963e-16,-3.24228612049577e-15,1.4328137390256e-07,3.50764211647416e-08,1.21736573190633e-07,-9.18026137399187e-15,-0.404417762093317,3.77309245756833e-07,1.72003826545565e-07,-8.88933578691502e-08,-2.14598074758135e-07,2.92580581250573e-09,-1.76374057064528e-15,-2.80617156586813e-16,3.79483070597722e-15,2.55167375623221e-08,-2.27762879303867e-08,-7.49620635378976e-09,0.146711146027333,-3.66682533922361e-15,4.82906057146808e-15,-2.8454080686155e-15,-2.60958528463034e-15,2.37555190417765e-15,4.03828200803175e-08,1.33655102057686e-15,-4.60982570693527e-16,-5.74049269258191e-09,1.82413115798733e-15,-5.10894747494689e-09,-9.09465884599777e-16,-6.2734730222283e-09,6.85027608400455e-15,-6.51122495176947e-09,-7.89569078624066e-10,-6.87323108393565e-08,2.10830419570075e-14,2.28294676944038e-08,2.66769176210381e-15,2.76594363597733e-08,1.63945011494165e-07,-0.810333794764249,2.84930070454139e-14,6.05837423993127e-08,1.22645271690172e-14,-1.16762663671075e-08,-1.47613417119854e-06,-8.23708642234716e-15,-3.61428917786501e-16,-2.85510705548208e-15,1.63600107952406e-15,-2.03258841053124e-10,-2.60666930051568e-09,-5.7270983138994e-10,-4.89386460270058e-17,-5.57800350792376e-16,-5.69085616942782e-09,4.63131388239724e-08,3.25643328377826e-15,-9.82928506504313e-16,-2.31321764810263e-09,6.48776482902531e-16,-1.62266598959884e-08,6.17903035674398e-16,3.3581817949774e-06,6.16773925326854e-16,-2.23032293361894e-16,8.50188006327839e-17,-2.22545771815499e-15,2.06462645038227e-16,-5.01161889924653e-16,2.72594265718112e-09,-1.90534969771912e-08,8.13837647692676e-16,-3.17027274157006e-07,4.71458988366929e-08,-1.19140868216145e-15,-7.25501018430478e-16,-3.29552065264359e-16,-6.83741282661403e-16,4.54124709275439e-09,7.22602386297263e-10,-2.07571987294215e-16,-2.44959706046587e-16,-8.16772932258581e-09,-7.39279969547988e-07,-4.3914769904986e-10,-5.35606603620612e-16,-2.92000093975319e-16,-4.46089391396062e-16,-1.09875493745245e-15,-3.7758647131309e-16,6.47179699210621e-16,1.65493281203292e-08,-1.56060751471958e-08,-2.99205810414713e-09,-3.86386662420114e-16,2.48821685028452e-16,-2.36734716039418e-16,-5.42833254317155e-16,-2.39555668974428e-16,-5.46837246104035e-16,-4.02609874853706e-16,-2.99199322300632e-16,2.01445478592318e-16,6.42795092369584e-16,6.13471105637702e-16,4.51919098039715e-16,-8.00412059793891e-16,3.56758070967621e-16,1.57246861519064e-09,-1.77449926227951e-16,-1.6589556582971e-15,-5.25752559567469e-17,2.21557742814371e-08,-2.66583949924549e-10,6.86577272464608e-16,-5.70889948574033e-10,2.01292354118454e-08,2.40841689844768e-15,1.30653291980418e-15,-2.83954174616792e-05,-9.43221319742309e-16,4.84963255860741e-10,1.15967376332466e-15,6.87480942635272e-17,-7.08796573361491e-17,-1.30994754230419e-16,4.79490213900416e-10,-1.28434416011432e-05,-1.09494613034529e-16,5.372451807378e-16,-1.17084727320591e-17,-1.08059701174236e-15,-1.13624387676481e-15,-4.05696542572122e-17,2.0183986597385e-16,-3.92125488448583e-16,7.47057972770985e-10,-2.13203593894441e-17,-4.85327829539197e-16,-1.28256891950045e-17,-2.15470590937682e-16,-2.24967154566418e-16,2.21081044833623e-16,-1.46432048010246e-08,2.10237314577646e-16,4.24998114622218e-16,2.45025575729523e-07,-6.50206704786764e-17,2.42424262758308e-17,1.01392817418806e-15,-1.02275122014652e-16,8.97818528528229e-09,8.48484636368778e-17,-6.61316630598762e-09,4.75622776027893e-17,-2.53221938765159e-17,-5.73518066468081e-16,6.7580015476916e-16,-1.36515162921548e-16,6.81515838275963e-17,2.3796095117523e-10,1.25375369235519e-16,3.70031632528255e-16,1.33831877991972e-09,-2.96098463892356e-08,-1.18888806371842e-16,2.06889267658615e-08,3.02775653514226e-09,-2.85767905601555e-17,-5.95224073176601e-16,-4.60460941968677e-16,1.07230483835135e-16,7.4128306721478e-18,-5.03066629237732e-09,-1.35750188239236e-16,2.6150113927656e-16,-2.41776112526615e-16,2.00888505372442e-09,-3.4241051168499e-16,-3.01932459555424e-16,-4.1083346188523e-16,6.16046023733612e-17,-9.12303185371464e-10,1.41014324316877e-16,2.74221518917565e-10,-1.24354721223473e-16,8.63132944098726e-17,-2.97366025530539e-16,6.23311981543322e-17,-1.55621683218886e-16,8.32518797040914e-17,-1.06765059568233e-16,-4.73417636424633e-09,-4.28638917639156e-16,-1.38453121085099e-16,1.98797012718375e-09,-1.43525758424015e-16,2.11892280395128e-16,2.0545975560892e-16,3.19300514169579e-16,6.87051512513709e-18,-1.31284954262955e-16,-3.21964049379683e-07,5.33327226319198e-16,-2.2693267109041e-16,4.26958306293663e-09,9.26732699868602e-17,-1.85576266429878e-16,1.91457740433223e-16,3.55797172630337e-17,-3.46886294486768e-16,-1.71034339396707e-16,-3.90291415108287e-16,3.19112159644232e-16,-1.08021325152439e-17,2.29478696817783e-16,6.94326548202359e-17,-2.22842450545343e-09,7.38525092880105e-09,-4.9791283431736e-16,-3.23354870086351e-16,7.44151942580402e-17,3.84149743647436e-16,7.58941520739853e-17,-1.5455594681219e-16,1.58550721336313e-16,-2.94444667480759e-16,-6.3810734182391e-10,-1.10292116510907e-16,4.96680890263428e-17,-1.40996382426146e-16,3.64569751972247e-16,2.05830940080579e-08,-1.79270246095357e-16,-1.28962298623734e-10,-9.85454827315073e-18,-4.57274511474894e-17,5.77577657272868e-16,9.15263506445123e-17,-2.23529123167552e-16,2.32841389784079e-16,-2.61028792702249e-16,2.84871076583315e-16,-1.55845062760476e-16,-7.52338589809363e-17,-4.7199162822627e-17,8.70832666480874e-17,1.0820480034133e-16,1.12256098425739e-16,-9.60936228716717e-17,6.73706155343426e-17,-4.88185473588212e-17,1.05498645661008e-16,-8.81702457991911e-17,-1.81984138048355e-16,1.22514845490862e-16,-1.11566190238876e-16,2.06988307811743e-16,-1.67955078350817e-16,1.70543075764769e-16,6.0922919046952e-11,-1.31901499726766e-16,4.56848829933046e-17,-5.56535436324822e-17,2.50821685579602e-16,-3.24468342759408e-16,-7.75007078094559e-17,4.40866357867724e-17,2.45449396454843e-16,1.90894052638128e-17,6.8438572763205e-17,-3.79470760369927e-17,1.99488916486321e-16,1.54313366971258e-16,-2.59176909079162e-17,9.31056512566958e-17,-5.95400293873538e-17,8.61980419774629e-19,-7.81301157776514e-10,-5.74273958389683e-18,-4.91808141261059e-18,6.33165908226648e-17,6.07903002970639e-17,1.24103825188834e-16,-1.45685278543233e-17,-5.22661584896751e-17,-2.53494691424273e-18,-2.7106337372508e-16,1.65073415054105e-10,5.7041346516649e-16,4.60453816558365e-17,2.82675397787191e-17,-2.08333880282519e-18,-1.07792561604075e-16,6.99469102189142e-17,4.61462975128013e-17,-1.33734148692198e-16,9.35563589436838e-17,-8.15857349473664e-17,-1.02399994918483e-16,-5.20294296981e-17,-2.05597690672869e-17,8.31102820428584e-10,-6.38846638447231e-17,4.11704319821724e-17,-1.06690272361581e-16,-3.28296417828611e-16,-6.29292404816334e-08,5.94314680548831e-17,-3.83395372831596e-17,4.98992737413128e-17,7.99548732249959e-17,-9.04786190101269e-17,8.02656712097854e-17,1.04659559256879e-16,2.06810421530202e-17,1.18286147234264e-16,6.09041499669781e-17,-4.75896868140563e-17,7.09988856938755e-18,-9.52121294739916e-17,1.12474175375667e-18,-2.05440211234297e-17,1.08045760710483e-16,-1.95469236409778e-16
"t565",-0.00508163577496558,0.0548411263656957,0.0707590762120038,0.0174719142584459,0.0365854436758535,-0.00619768860171626,0.00190759408159978,6.6940687303261e-05,0.000589763031527139,-0.00167334311105175,-0.000625282717281737,0.00794994552863311,-0.0276912558571786,-0.151556304390839,0.004067047998464,-0.000533665493139877,-0.0312793050459993,-0.00028564662321384,8.06314457102268e-05,8.39328453527514e-05,-0.000379978886715963,0.000128271738416699,-0.000364118814809158,0.000629390279322113,-9.98740125919e-05,0.000316097177839286,-0.0004203082937263,0.00368489210183195,-0.00272469197558501,0.0146995654085206,-6.29710813053504e-05,0.00102086998298147,0.000433891025262225,2.63572818790531e-05,-1.52196797494173e-05,-3.79744165890346e-05,-0.000138246396645731,1.48092737531424e-05,0.000132001041879703,4.84225566925206e-05,0.0414120108191283,0.000225988802371807,-7.77961163394022e-05,9.03937796890764e-05,-0.000161709995228454,-7.14519256363406e-06,2.39183446783053e-06,-4.16434474180743e-05,5.98288513635014e-05,-0.000147734731438417,0.000158214025905685,-0.0087426568458015,-2.6274982977835e-08,-4.63242455136462e-05,3.2103149444831e-05,-0.000354260542029503,6.64569672098375e-05,-0.212181658704291,-0.0160566188507062,8.47656268947873e-05,4.65917242056385e-05,-4.8680100211908e-05,0.00121563524758747,-0.00184825893554596,4.63781806591501e-05,-0.000132930887877174,9.4144302944204e-06,-0.000802060134009084,0.0810001448431539,0.000354655161101268,-1.47537775604584e-06,2.2033021591537e-07,2.31760145597188e-09,8.68792889651946e-07,-4.09906750635927e-07,-5.56028409277539e-09,6.01644666868898e-06,-0.00438077717324163,2.8866771114398e-07,5.23319538476446e-07,-3.46954456770372e-06,-1.49833523142186e-06,-1.75910738565177e-07,-1.45966486742287e-06,2.88163327234152e-07,9.81690476223448e-06,-1.70530675077697e-06,-2.75588271773078e-07,-6.16993199784632e-08,2.37862156305876e-06,-5.49947149248745e-07,2.07969802074048e-08,1.42951335108381e-06,-1.6153507591623e-05,-1.33365816659659e-07,-6.51271573921122e-06,-7.69960033611793e-07,8.29796890651953e-06,-0.00093074704343441,-3.71043100170302e-06,-1.4904662357029e-06,9.8560123767035e-08,-2.15375528938145e-06,1.54386343599843e-06,-7.01784019622908e-07,1.14569934594566e-06,-4.13329989869841e-05,1.43989298490174e-06,-6.76791099604096e-06,2.46523392710652e-07,0.000234730023923111,1.46316932941088e-05,-4.56141022159572e-06,5.76179651160466e-06,-2.28160277163215e-07,8.18092682004202e-06,-1.78814798030316e-05,2.89341029164559e-05,-6.47617726997278e-05,0.060106518774727,0.000143194430639668,-0.0011161210669951,2.47101038148337e-05,6.67531637910253e-05,-2.85936444465069e-06,1.93906670189387e-05,-1.90525200402872e-06,2.71918652092002e-06,-7.10041084129686e-07,-7.61908724232564e-06,1.42645477806369e-08,8.76724780928599e-06,-1.40496431970258e-06,-2.8814539359995e-06,1.93941313751453e-07,7.76139327514756e-06,-1.14425797058085e-07,-0.0126804132272592,-4.88911249195219e-06,1.21090938078027e-05,6.80992401835384e-08,-8.002635491516e-06,6.62913635964729e-06,5.30002709785067e-07,2.02373619064769e-07,-3.09250094776174e-07,-0.0748767247715503,-3.84256416991619e-06,-2.04409026663546e-07,3.52295907106517e-07,7.30383618049524e-06,1.44132131891565e-06,3.93487161710657e-06,-1.01468753002857e-05,-0.01373086258901,2.54145866258368e-07,-3.10409685533076e-06,-6.81660060461032e-07,-5.10560307469003e-07,-2.1811521853597e-07,-0.000134431340255492,0.162652069195662,2.20765536867567e-06,4.02668198520308e-05,-1.66534282899076e-05,8.64112560254949e-06,-6.65405503585202e-06,-1.13204193857806e-07,-5.62380302738757e-06,-0.000163533205899521,1.11826178656969e-05,1.96101208260141e-06,-2.1655699341564e-07,-5.4966694060057e-07,-1.31629490181375e-06,-2.08828315928254e-07,-1.16602546421312e-07,4.5475687984858e-06,6.74729338038251e-06,5.97014733893161e-05,-0.00112860983059139,1.07950225387995e-05,5.49939558819027e-05,-1.38406813890313e-09,7.78817199533026e-07,1.79417396441766e-08,2.98274482823817e-06,-9.62205016085213e-07,-4.32837488461844e-06,5.533230181415e-06,1.23166397045093e-07,-2.22992479244709e-07,-8.78880889385817e-07,-1.53831456616611e-09,-4.73862300942893e-06,1.98228676191226e-07,3.6192743796432e-07,2.5205042574127e-07,-2.08839445104495e-07,-8.24963583849081e-08,-8.2121318130476e-08,-2.57681884470023e-05,1.95509145717595e-09,3.12252447871186e-07,4.72794536931194e-07,2.32571393562162e-06,-2.91536664413618e-07,-1.49338254478402e-06,1.97693907084795e-06,1.10260570148184e-08,6.40378404527487e-06,-1.96965718388064e-06,3.52226484595488e-06,2.26942712431643e-07,1.77707143213125e-08,-3.7183760594223e-08,8.54033661308363e-07,0.185140730182012,4.18614136549479e-07,1.88392992865817e-06,0.000212773053287207,-1.05830552975209e-05,-2.59799469549232e-06,-0.000287636553130272,3.35273751080378e-06,1.49587663885611e-06,2.14099203512143e-05,0.0764862807135598,-2.74861451965733e-06,-8.84314849278611e-07,1.98170899110951e-06,3.13014330240527e-07,1.39211719721552e-07,2.19302103305425e-07,-6.94989935656755e-09,-1.19183236359294e-08,-3.20824005246054e-07,7.76906226595218e-17,-2.26317548569583e-08,2.93112170375587e-07,-6.77927204010112e-07,-3.04743026282783e-08,-7.00076922218514e-09,9.3860584994804e-10,5.62447352346025e-09,-3.3437632427399e-08,5.71077699066043e-10,-4.5708465282893e-11,1.15316460995653e-08,-1.33752907357752e-07,1.09892970842734e-07,-4.63673032279027e-07,3.09455543770621e-08,-1.83907486798685e-09,1.18822522134077e-10,-5.51438271487484e-09,4.68256085228037e-09,-7.29640089416294e-08,-1.44665497563934e-08,2.65419005826187e-09,-6.55800176994099e-05,-8.21027140992935e-10,-1.88849268228395e-07,-1.50327100049108e-09,2.27985343813524e-09,-8.95751521405988e-10,1.75832879563225e-09,9.16837874762451e-07,-3.12296788401861e-07,6.6906549069352e-08,0.0863545864878719,2.2532150424718e-08,-2.35578424333653e-07,1.50613897680171e-07,-0.000350234529830787,-1.03591974637697e-07,-7.04722475093754e-08,6.371448889369e-09,-1.09899251903334e-07,5.56712951885798e-09,-2.12716719763044e-08,-8.55921195935724e-17,4.96244807795553e-08,1.68650125665425e-09,2.14979329668198e-12,1.74083731123274e-08,-2.05765777013696e-09,1.23530457902787e-09,4.01309175746518e-09,-3.67162282259752e-10,1.53374029683241e-08,-5.30778186062704e-08,-1.80964041992903e-09,3.48936941160282e-08,-1.59201160293439e-08,1.8668043397882e-08,-5.33287320812305e-08,4.77088627107552e-09,-5.58266852320952e-09,-1.93310184363491e-10,-1.45885091089513e-10,-1.38526971022523e-10,-5.45219264426216e-08,2.72922580014974e-10,-8.77916473115077e-09,3.56853714336539e-07,-1.21189656006617e-06,4.49395968468417e-09,4.17034698425757e-09,2.51913934369442e-08,-8.27789468891929e-09,-5.36982555390959e-09,8.07371634419713e-09,-6.7740436600049e-05,-7.59909375240335e-11,3.88008341438803e-09,-1.15706973794406e-08,5.60750647776852e-17,7.47036871934781e-11,5.06066631811109e-08,-6.15962647597737e-09,3.22172342686415e-08,4.16385146995771e-09,9.72239271997357e-09,3.41755437877224e-08,-0.000132827720173,-1.41335398997695e-08,2.5658013364833e-17,-2.92978243951239e-08,-2.85365839768293e-10,-1.1663316787965e-09,5.58952934561445e-09,1.03407854345217e-08,-7.42109449256221e-10,-3.04861528085988e-08,8.47762079193626e-09,-4.3416604670161e-08,6.1251504718906e-08,-9.72912051271258e-09,-2.37815472921981e-08,-2.97445582959111e-08,-1.83276271654813e-10,-2.45018353896255e-08,1.48913862435069e-08,-2.72334217352683e-08,-3.79457666469907e-16,-8.56856458593887e-08,6.82837207307066e-09,1.96819023680861e-10,1.79894878366183e-09,-5.92665549483886e-08,-1.31478940245432e-07,6.80818663852032e-08,-2.48249801858788e-07,-1.23885902248581e-08,-3.10092609619611e-18,-2.3051491418796e-08,-9.13515382232093e-09,-2.995820506182e-08,1.05254311837762e-17,5.81438321087315e-08,8.46048115926792e-08,-1.29755476725259e-08,-4.89991084772522e-08,-1.69074242167639e-08,-9.80377189690097e-09,-8.09085780150128e-06,8.29349098016115e-09,6.69856882567987e-08,3.81845775493739e-09,1.936560387553e-08,2.79853873990441e-08,3.500764861374e-17,-1.1703440292813e-08,3.87361198473193e-08,1.92812260917555e-07,-2.65347721843958e-08,-9.37412040255526e-17,-7.23233872484382e-07,5.55319264877729e-09,-1.40490103760146e-08,-9.63886418491826e-09,-3.324650390246e-08,3.73758789979789e-08,-1.40714813978503e-05,1.06783184595795e-07,9.37267286427289e-17,8.96772488905599e-07,-2.00016829009653e-07,8.86372237361179e-07,2.69571702641488e-05,-0.0313782911449595,4.86138507568743e-09,3.43475248243408e-16,8.08950530025502e-17,6.06194534098394e-10,3.86479136447212e-08,-4.74784275694871e-09,3.02795460003175e-08,1.91029826115567e-16,5.75351073907512e-09,4.29091803394936e-11,2.92422398222611e-17,-2.56094860438152e-16,1.80169753149073e-16,1.11039413792983e-09,1.54098919493775e-07,-1.50522953058005e-08,1.65181973817145e-08,8.48787019094378e-09,5.0259182814429e-07,-9.53893349295971e-09,-1.65900073473785e-14,-2.77511365004347e-09,8.35279208152166e-09,1.04854716502419e-16,9.06305890214293e-16,-6.39711515106336e-09,-3.57366118697408e-12,-4.09915511132352e-09,2.28926148241114e-08,4.34836897905266e-09,-1.63869015838812e-09,-3.39149722637149e-17,-5.56165360661244e-09,-3.11684677575395e-16,-1.9437218517687e-08,7.19910242530375e-17,-5.16860337752904e-09,1.80802100254565e-16,2.16762314741168e-08,5.73152311356121e-09,2.50771599929254e-09,3.32794534613922e-08,1.65526018601134e-08,-1.93260523514825e-09,1.24308826248154e-08,1.15200369767389e-07,2.16121777517496e-08,2.01126797344676e-09,4.60404125106128e-09,-1.32286052898186e-08,-2.30528291865309e-08,-1.8940930239052e-09,-6.55323619143522e-09,3.4142658306522e-17,6.24800771299014e-08,-1.09553095988158e-08,5.93048685245053e-09,-4.18462747991481e-17,1.05258870859244e-09,2.91705477898446e-08,2.39067214917906e-06,1.97758835390803e-16,-2.50554138829131e-08,-1.36664771847522e-08,-1.79579829039124e-16,-4.71467476555263e-07,4.23929806449734e-08,-1.5764278333563e-15,2.41585087461366e-16,-1.5804933763685e-09,-8.49759863627783e-09,-4.87548440235795e-11,-6.81946618135246e-08,1.84377870770616e-08,5.43164380424591e-09,5.24409481731633e-09,4.95887166548433e-08,-1.13427522130317e-07,1.02218580821933e-15,2.35597291956174e-10,1.62336750632655e-10,4.49908509022908e-10,4.23190754317267e-08,-2.57721313664038e-16,-2.47968109841186e-16,1.40170049410982e-08,-2.33773715721036e-16,-2.76792151596443e-16,6.96174630067812e-08,-2.33765718691646e-06,-1.56039112574814e-08,-1.070322236979e-09,5.56495738354841e-07,3.18850831329417e-06,3.54633172596706e-09,-6.32757896162289e-17,8.64509546539731e-09,4.06694044145928e-10,1.87064413345717e-09,-1.90474068841601e-08,7.68446900297164e-08,-5.95956575318807e-17,1.63007396334654e-16,4.69494153354854e-16,-6.94015358823912e-09,-3.37673138190074e-09,-1.96879960366697e-08,3.67587933086217e-16,-2.62820282705928e-09,8.30747674254316e-17,3.59426717798394e-17,9.06499502257046e-07,-9.80006682854819e-09,-8.37004077158809e-17,-2.51541881097649e-08,-1.31154431669076e-08,4.58986576070842e-16,3.02867442856113e-08,-1.60777934627064e-16,1.10385649413674e-08,-1.66595582681065e-17,1.11164516518131e-08,2.44920836587425e-06,3.41602945201322e-09,3.24485218124531e-09,2.24860294360242e-08,-1.15446537797157e-08,3.31374459916535e-08,-5.49478166258816e-17,2.30629078552088e-07,-1.31258732103603e-08,1.3267893278728e-16,-1.75448825258083e-09,-8.06331086992946e-05,8.18942746341802e-09,5.82813667094788e-16,6.36767195599292e-07,3.74060491824848e-08,-8.20105876619212e-16,-9.47820595727344e-08,-2.11115853411259e-08,-1.1288342284309e-09,1.32568853006353e-16,-2.37963611685692e-16,4.90127657696985e-07,6.81091290273358e-09,5.54648760620395e-10,-1.04610747897908e-08,4.91259263952406e-09,9.23346769256928e-16,9.48735356526136e-17,1.83335705464341e-08,1.26731659231258e-10,-1.04739889505879e-15,4.62075922027793e-08,-6.22884811777546e-17,2.48922760032654e-08,-9.77421153213239e-09,-5.73655214723308e-09,-3.87167600423496e-08,-6.54357567961029e-16,-7.14419729997607e-16,1.20410783320846e-15,1.08644668398937e-16,-3.75040843741044e-09,-1.32433859949971e-08,5.23779011226222e-16,-7.2802828151099e-16,1.99878738691392e-15,1.99646187105862e-08,1.8522498626556e-10,-1.12080006407264e-08,4.28491803874241e-16,-3.71127824652651e-15,4.67291136341252e-15,-1.701887516544e-05,2.28136214141722e-08,2.30166565242535e-15,5.42068537220662e-09,-1.63576793731325e-07,7.67207635307122e-16,1.8721785566229e-15,-1.79294704780954e-07,-4.37408527704747e-08,-1.48179820936126e-07,9.90074029969275e-15,0.47544085917237,-4.36788457071417e-07,-1.96010894217516e-07,1.00605601697843e-07,2.43348756312116e-07,-3.34902660337362e-09,1.21243473699625e-15,5.14797598107709e-15,3.64923087086155e-17,-4.32219065764732e-08,3.92311422219238e-08,1.53510932844021e-08,0.315015356804562,-5.66320264445592e-15,3.32597674925936e-15,1.71391976108977e-15,-1.35726448276873e-15,8.31588202285489e-16,9.69685453598464e-09,-1.33300566843904e-15,4.59341516269698e-16,-6.65795014434076e-10,5.87415017259227e-16,-5.68318388761215e-10,-2.17185547656034e-16,-6.49794899962733e-10,-6.56241618199494e-15,-6.89896643301313e-11,1.09441448909138e-12,1.03879257814612e-09,-1.14794547792433e-15,-5.98271049507924e-10,-5.12496433458004e-17,-9.87144823520364e-10,-5.00927139780569e-09,0.0243537046168393,-6.57939201241732e-16,-1.49162282048284e-09,5.48538382309232e-16,1.6102826007062e-10,1.94927387883566e-08,5.24619688007944e-16,-1.99928877966197e-16,-3.19179156403904e-16,-1.40956792509261e-16,5.64639286561652e-13,-3.46731222949527e-13,-2.05056251946905e-12,6.67318405594076e-16,4.90434427764251e-16,-1.18454283947448e-10,1.00047618974142e-09,4.75117204479971e-16,-8.93580308934347e-16,-1.02087375467076e-10,-2.45018907326194e-16,-7.95248306892943e-10,5.87131397129947e-16,2.12135311545919e-07,6.82697695545029e-16,1.16765385282332e-15,3.61528388873404e-16,-2.82623463258648e-16,-6.06062094700995e-16,-3.14048671802723e-18,2.50127975484226e-10,-1.75538154376038e-09,-1.04582166340756e-16,-3.23267353930045e-08,5.00004907974285e-09,7.36277456030452e-16,-5.13791053458765e-16,4.42398265278346e-16,7.28168519293736e-17,5.60607834187989e-10,9.2096932215589e-11,-1.34652059332947e-16,6.94499934902964e-17,-1.07721342479235e-09,-9.79263164330897e-08,-5.90222580934413e-11,-7.08523076836794e-16,2.75322008994112e-16,6.06004838128474e-16,-1.2297659000358e-15,6.39646758035577e-16,-3.7409243887727e-16,2.73240550215799e-09,-2.62029520602447e-09,-5.10640958236354e-10,-5.27462541224094e-16,6.43657955982744e-16,3.30918068085319e-16,-3.99056801719076e-16,1.61835849503898e-16,-4.69905243172605e-17,-9.53457528297042e-16,-1.8382300800655e-16,-7.7323020918934e-16,-8.87969316271133e-16,-8.36717504022319e-16,-6.64065596940817e-18,-1.80597923965525e-15,-3.70658073694082e-16,3.3843499609576e-10,3.1039630229895e-17,8.29311851026863e-16,1.62502515133628e-16,4.8932335526263e-09,-5.9220335906048e-11,-2.72180242676559e-16,-1.27276084419202e-10,4.62458337401656e-09,1.34925737043642e-15,1.24429055724633e-15,-6.76034078171082e-06,-1.63173731002809e-15,1.2031090354158e-10,-1.53192285342182e-15,2.37718460574694e-16,-5.29459037411822e-16,-6.73636135639003e-17,1.26299923973839e-10,-3.39613218492026e-06,-1.81902882362372e-16,1.17566073733127e-15,3.14714211656054e-15,-6.8203440834003e-16,-8.21825246744012e-17,-2.80466206509493e-16,2.7383196164018e-16,2.35027894275946e-16,2.34594249591587e-10,1.67292745237047e-15,7.53455878890602e-15,2.65070062568778e-15,-1.03108881566447e-15,5.19238048691419e-15,-4.23887960107159e-15,-4.74395800242317e-09,-2.45958410137065e-16,-4.1966778729267e-15,7.98229883086593e-08,-2.32283072488254e-16,4.78836031540633e-15,0.707106781186549,-7.05633004052929e-14,3.10964416579184e-09,-8.31946751824336e-15,-2.31412171961280e-09,-2.54616880217309e-15,-7.91214930765644e-15,9.16920869949772e-15,-2.42958695425687e-16,1.19022508288773e-15,8.59475505620712e-16,8.49810652586819e-11,-5.3898025107008e-15,-3.03369133526306e-16,4.85188484313045e-10,-1.07426822159009e-08,9.54394638471056e-16,7.60137681045727e-09,1.11677475860172e-09,5.27168510433864e-15,4.71850242786283e-15,1.83259227049939e-15,-1.01099620627642e-15,-1.95910374417457e-15,-1.95897984088415e-09,-7.90799118124324e-16,1.56956295920371e-15,4.1328288291662e-15,7.92539155429468e-10,6.40272646856343e-16,-7.00103078294916e-17,-6.63208006308408e-16,1.5254200823235e-15,-3.65981920454574e-10,-4.16338733643546e-16,1.10562785184405e-10,-8.25976702586432e-17,2.95774039567024e-16,-5.05674104386847e-16,8.89107983348989e-16,4.97492532371278e-16,8.47711942649064e-16,1.38022072282582e-16,-1.95864476158496e-09,1.1349619899452e-15,1.31863224795238e-15,8.27568177971709e-10,9.92318800727636e-16,-1.60263521341175e-15,-9.37090136513275e-16,-9.05760465068945e-16,-3.81331034946371e-16,-9.14355316834061e-16,-1.36582888476133e-07,-3.35388870408596e-16,3.22091984190062e-16,1.82614303491046e-09,8.95344078965736e-16,-1.34766755605969e-16,-7.89805553406655e-16,9.05074890826369e-17,6.83161932479333e-18,8.14607237704486e-16,3.8252997043577e-17,-1.09640644799066e-16,6.10966184987074e-16,-1.89252378263046e-15,1.72591246838388e-15,-9.81157853638477e-10,3.26259425332358e-09,-3.81981150801463e-16,9.53105152180283e-16,-3.28678522866059e-16,1.1353744574768e-16,8.63241769732959e-16,-2.6338142687434e-17,-6.50151840720155e-16,1.68889884963633e-16,-2.86756416250472e-10,-1.03833699002477e-16,-4.79402749666928e-17,-5.2149833584248e-16,1.95347801611661e-16,9.38003703420256e-09,3.19475766685733e-16,-5.96714336282665e-11,-6.05422135269658e-16,1.79288384387454e-16,-6.00010976002257e-16,9.04156650502606e-17,1.55356575163823e-16,-1.14520302575238e-16,-5.8320660074056e-16,1.12194959422055e-16,2.48816792698455e-16,1.56734443448604e-16,-5.42398893408479e-16,-2.64827789437296e-16,8.15806001099498e-17,-8.58581249239329e-17,1.3441230767108e-16,-5.37247291975262e-17,8.70596600105392e-17,1.40518735190258e-16,1.99305004992653e-16,-2.19859746962584e-17,-2.66713734431434e-17,7.16316164669927e-17,1.25650779917383e-16,-3.46555889670414e-16,-5.2163236999488e-16,2.96781089214738e-11,2.19458166567486e-16,-6.86950170348761e-17,-1.0581935198724e-16,-5.09068426311236e-16,2.29730084644166e-16,2.59484395806854e-16,3.44200942457036e-17,-1.57624220498908e-16,-8.23365264198066e-17,4.13825180854358e-16,1.44632569809566e-16,-1.9391722785508e-17,-3.0996195616307e-16,7.28135604727178e-17,5.95919402659293e-17,1.75084105941841e-16,-1.68878647663077e-16,-3.9264874074327e-10,7.24869619668941e-17,2.15998208296297e-17,-1.3648501116765e-16,-2.78770481433794e-16,3.9351101085508e-17,7.78800606970917e-18,9.94446897900964e-17,-1.69859713388075e-16,2.2532000974309e-16,8.5442899533156e-11,-3.77199391166467e-16,-3.77970576385028e-17,-7.95760136568836e-17,-1.07034304169068e-16,-1.1816356182687e-16,-2.19398882607884e-17,-4.70876615841789e-17,1.19640527943277e-16,-4.63754503574853e-17,-5.09677501218847e-17,-4.50504636609514e-17,1.07922328842905e-16,5.82872665705332e-17,4.4207377570217e-10,3.08938049355917e-16,2.68823469831891e-17,7.71415954402581e-17,-3.28730098697605e-16,-3.38759205158419e-08,-2.67777881519931e-18,-1.27806870096401e-16,8.31557654065074e-17,1.2814867918061e-17,8.56616849001216e-17,4.23989984203461e-18,5.47202750605293e-17,3.80504066498644e-17,1.51250413934686e-17,6.12749078609861e-17,8.06164972625224e-17,2.87762825093454e-17,-1.34256135984964e-16,-7.93361721935093e-17,-1.73238508239917e-20,1.10045173309382e-16,-1.91964155592784e-16
"t566",-0.00508163577496558,0.0548411263656957,0.0707590762120038,0.0174719142584459,0.0365854436758535,-0.00619768860171626,0.00190759408159978,6.69406873032607e-05,0.000589763031527139,-0.00167334311105175,-0.000625282717281727,0.0079499455286331,-0.0276912558571786,-0.151556304390839,0.00406704799846398,-0.00053366549313987,-0.0312793050459993,-0.00028564662321385,8.06314457102112e-05,8.39328453527584e-05,-0.000379978886715952,0.000128271738416705,-0.000364118814809162,0.000629390279322125,-9.98740125919056e-05,0.000316097177839313,-0.000420308293726294,0.00368489210183196,-0.00272469197558501,0.0146995654085206,-6.29710813053845e-05,0.00102086998298145,0.00043389102526224,2.63572818790594e-05,-1.52196797494187e-05,-3.79744165890153e-05,-0.000138246396645718,1.4809273753159e-05,0.000132001041879713,4.84225566925079e-05,0.0414120108191283,0.000225988802371793,-7.77961163394014e-05,9.03937796890935e-05,-0.000161709995228462,-7.145192563661e-06,2.39183446785645e-06,-4.16434474180454e-05,5.98288513635159e-05,-0.000147734731438415,0.000158214025905695,-0.00874265684580156,-2.62749829762688e-08,-4.63242455136202e-05,3.21031494448413e-05,-0.000354260542029532,6.64569672098507e-05,-0.212181658704291,-0.0160566188507061,8.47656268947995e-05,4.65917242056234e-05,-4.86801002119083e-05,0.0012156352475875,-0.00184825893554598,4.63781806591562e-05,-0.000132930887877192,9.41443029442037e-06,-0.000802060134009065,0.0810001448431539,0.000354655161101257,-1.47537775609096e-06,2.20330215942692e-07,2.31760146706251e-09,8.68792889640537e-07,-4.09906750598154e-07,-5.56028408537966e-09,6.01644666869809e-06,-0.00438077717324158,2.88667711172578e-07,5.23319538461639e-07,-3.46954456770439e-06,-1.49833523146205e-06,-1.75910738546485e-07,-1.45966486739136e-06,2.88163327216637e-07,9.81690476226245e-06,-1.70530675072298e-06,-2.75588271764404e-07,-6.1699319985912e-08,2.37862156307958e-06,-5.49947149248237e-07,2.0796980212609e-08,1.42951335107574e-06,-1.61535075916293e-05,-1.33365816649859e-07,-6.51271573920393e-06,-7.69960033623412e-07,8.29796890646496e-06,-0.00093074704343439,-3.71043100171522e-06,-1.49046623572249e-06,9.85601237568136e-08,-2.15375528937773e-06,1.54386343600629e-06,-7.01784019611302e-07,1.14569934592786e-06,-4.13329989869989e-05,1.43989298491992e-06,-6.76791099605462e-06,2.46523392697208e-07,0.000234730023923094,1.46316932940969e-05,-4.56141022160073e-06,5.76179651160348e-06,-2.28160277160263e-07,8.18092682005217e-06,-1.78814798030233e-05,2.89341029164363e-05,-6.47617726997449e-05,0.060106518774727,0.000143194430639715,-0.00111612106699512,2.47101038148429e-05,6.67531637910502e-05,-2.85936444459713e-06,1.9390667019029e-05,-1.90525200403739e-06,2.71918652090983e-06,-7.10041084110929e-07,-7.61908724233302e-06,1.4264547794467e-08,8.767247809285e-06,-1.40496431969602e-06,-2.88145393602012e-06,1.93941313776143e-07,7.76139327515926e-06,-1.14425797017715e-07,-0.0126804132272592,-4.88911249194149e-06,1.21090938077744e-05,6.80992401759261e-08,-8.00263549151763e-06,6.62913635964676e-06,5.30002709781259e-07,2.02373619038721e-07,-3.09250094763588e-07,-0.0748767247715503,-3.84256416993856e-06,-2.04409026698316e-07,3.5229590713022e-07,7.30383618049936e-06,1.44132131884939e-06,3.93487161712227e-06,-1.01468753002788e-05,-0.0137308625890099,2.54145866271282e-07,-3.10409685536216e-06,-6.81660060441181e-07,-5.10560307479894e-07,-2.18115218484547e-07,-0.000134431340255454,0.162652069195662,2.20765536869676e-06,4.02668198520794e-05,-1.665342828989e-05,8.64112560251349e-06,-6.65405503581136e-06,-1.13204193893216e-07,-5.6238030273522e-06,-0.000163533205899527,1.11826178656662e-05,1.96101208266403e-06,-2.16556993330911e-07,-5.49666940625411e-07,-1.31629490177283e-06,-2.08828315934889e-07,-1.16602546419001e-07,4.54756879850465e-06,6.74729338037073e-06,5.97014733893119e-05,-0.00112860983059145,1.07950225387672e-05,5.49939558819197e-05,-1.38406805812823e-09,7.78817199532407e-07,1.79417396318804e-08,2.98274482820456e-06,-9.62205016062853e-07,-4.32837488459612e-06,5.53323018138006e-06,1.23166397037685e-07,-2.22992479236468e-07,-8.78880889364304e-07,-1.53831462898266e-09,-4.73862300941084e-06,1.98228676221373e-07,3.61927437967741e-07,2.52050425743236e-07,-2.08839445147558e-07,-8.24963583708136e-08,-8.21213181330442e-08,-2.57681884469565e-05,1.95509146471578e-09,3.12252447822436e-07,4.72794536915045e-07,2.32571393563591e-06,-2.91536664426566e-07,-1.493382544758e-06,1.9769390708514e-06,1.102605701484e-08,6.40378404516551e-06,-1.96965718387727e-06,3.5222648459805e-06,2.2694271235557e-07,1.77707143350139e-08,-3.71837606444602e-08,8.54033661308652e-07,0.185140730182011,4.18614136536842e-07,1.88392992865018e-06,0.000212773053287234,-1.05830552974292e-05,-2.59799469556156e-06,-0.000287636553130286,3.35273751081634e-06,1.49587663884803e-06,2.14099203512403e-05,0.0764862807135599,-2.74861451963555e-06,-8.84314849276233e-07,1.98170899096286e-06,3.13014330303732e-07,1.39211719719958e-07,2.19302103276796e-07,-6.94989934611602e-09,-1.1918323514788e-08,-3.20824005268532e-07,2.14306181953508e-17,-2.26317549377809e-08,2.93112170170889e-07,-6.77927203988891e-07,-3.04743026723579e-08,-7.0007692110421e-09,9.38605945913485e-10,5.62447351459169e-09,-3.34376323083739e-08,5.71077703138163e-10,-4.57084665093085e-11,1.15316461191556e-08,-1.33752907395942e-07,1.0989297090423e-07,-4.63673032295724e-07,3.09455543558184e-08,-1.8390748580197e-09,1.1882260388292e-10,-5.51438265315463e-09,4.68256093332016e-09,-7.2964008984524e-08,-1.44665497210525e-08,2.6541899942719e-09,-6.55800176992948e-05,-8.21027034708333e-10,-1.8884926825225e-07,-1.50327102108859e-09,2.27985340586462e-09,-8.95751555369693e-10,1.75832871607891e-09,9.16837874722748e-07,-3.12296788413259e-07,6.6906549183356e-08,0.0863545864878715,2.25321503936109e-08,-2.35578424300186e-07,1.50613897883893e-07,-0.000350234529830823,-1.03591974624302e-07,-7.04722475407495e-08,6.37144890416981e-09,-1.09899251843484e-07,5.56712951130934e-09,-2.1271671973744e-08,-8.77609715829876e-17,4.96244807458738e-08,1.6865011658688e-09,2.1499057732222e-12,1.74083731436513e-08,-2.05765775399025e-09,1.23530455780543e-09,4.01309183370259e-09,-3.67162252676649e-10,1.53374029540725e-08,-5.30778186281889e-08,-1.80964043147513e-09,3.48936941188317e-08,-1.5920116034898e-08,1.86680434056347e-08,-5.33287321429978e-08,4.77088625971922e-09,-5.58266860647624e-09,-1.93310237251943e-10,-1.45885118058115e-10,-1.38526929116541e-10,-5.45219264497238e-08,2.72922609426266e-10,-8.77916480650509e-09,3.56853714371925e-07,-1.21189656005785e-06,4.49395968340198e-09,4.17034694587576e-09,2.51913935306395e-08,-8.2778946843806e-09,-5.36982554081169e-09,8.07371636137035e-09,-6.77404366000172e-05,-7.59910696863394e-11,3.88008344142142e-09,-1.1570697418688e-08,3.77775757587399e-18,7.47037299444011e-11,5.06066632999953e-08,-6.15962648161522e-09,3.22172342132834e-08,4.16385150596895e-09,9.72239285976892e-09,3.41755437794433e-08,-0.000132827720172957,-1.41335398654756e-08,2.76024063100994e-17,-2.92978243127892e-08,-2.85365853011608e-10,-1.16633166074803e-09,5.58952923250512e-09,1.03407854128132e-08,-7.42109444985033e-10,-3.04861527527643e-08,8.47762083234332e-09,-4.34166045465358e-08,6.12515048598266e-08,-9.72912045349397e-09,-2.37815472650735e-08,-2.9744558339908e-08,-1.83275994749578e-10,-2.45018352044456e-08,1.4891386258567e-08,-2.72334217872646e-08,-3.93081315301303e-16,-8.5685645744895e-08,6.82837218929713e-09,1.96819051226372e-10,1.79894868431343e-09,-5.92665548972818e-08,-1.31478940232645e-07,6.80818663003635e-08,-2.48249801824682e-07,-1.23885902560706e-08,1.11413697237379e-16,-2.30514912760083e-08,-9.13515384049852e-09,-2.99582050194559e-08,6.2294321467036e-17,5.81438321844719e-08,8.46048114285372e-08,-1.29755475549474e-08,-4.89991084983698e-08,-1.6907424153026e-08,-9.80377194630923e-09,-8.09085780157175e-06,8.29349080104409e-09,6.69856883672805e-08,3.81845765848885e-09,1.93656039244671e-08,2.79853875480464e-08,-8.2238197437092e-18,-1.17034403001131e-08,3.87361198075792e-08,1.92812260798549e-07,-2.65347721523527e-08,-9.78797177419888e-18,-7.23233872591411e-07,5.55319253580343e-09,-1.40490102823404e-08,-9.63886421089483e-09,-3.32465040381454e-08,3.73758789922689e-08,-1.40714813978935e-05,1.06783184508809e-07,1.39117133629252e-16,8.96772488804919e-07,-2.00016829137481e-07,8.86372237445437e-07,2.69571702641131e-05,-0.0313782911449594,4.86138497154681e-09,6.00214322687975e-16,3.53241389994487e-17,6.06194353092621e-10,3.86479136455073e-08,-4.74784301252904e-09,3.02795459211764e-08,-7.84419443213337e-17,5.75351085094601e-09,4.29096731054378e-11,-4.06999565367615e-17,-1.53630630014649e-16,-1.95348640505138e-17,1.11039409691337e-09,1.54098919499805e-07,-1.50522952795926e-08,1.65181975296179e-08,8.48787016521496e-09,5.02591828137162e-07,-9.53893340973235e-09,-1.64216206272776e-14,-2.77511366273938e-09,8.3527916945079e-09,2.87657705352383e-16,2.76552434113166e-16,-6.39711529363711e-09,-3.57369627093624e-12,-4.09915514115348e-09,2.28926148057272e-08,4.34836936335963e-09,-1.63869007808768e-09,4.56794931003241e-16,-5.56165350821808e-09,-2.50970557694485e-16,-1.94372186081406e-08,-2.67472675952174e-16,-5.1686034898219e-09,-1.19099148725364e-16,2.16762315574646e-08,5.73152373147297e-09,2.50771613150282e-09,3.32794535008823e-08,1.65526019017965e-08,-1.93260515577427e-09,1.24308825842485e-08,1.15200370618262e-07,2.16121776135636e-08,2.01126802620964e-09,4.60404152078812e-09,-1.32286054898904e-08,-2.30528293117578e-08,-1.89409307107406e-09,-6.55323621818579e-09,-7.82154432915592e-17,6.24800772091395e-08,-1.09553092569222e-08,5.93048687346853e-09,-3.8756050587323e-17,1.0525887414347e-09,2.91705478792856e-08,2.39067214912643e-06,-1.66039876531112e-16,-2.50554136634624e-08,-1.36664770090019e-08,2.45909099379773e-17,-4.71467476540529e-07,4.2392980733806e-08,-6.79298720164745e-16,2.8242007848206e-16,-1.58049361299501e-09,-8.49759833286379e-09,-4.8754569474828e-11,-6.81946616581724e-08,1.84377870280577e-08,5.43164401877748e-09,5.24409467891897e-09,4.95887166600092e-08,-1.1342752210567e-07,1.02066792517785e-15,2.35597659945132e-10,1.62336657576573e-10,4.49908467209487e-10,4.23190755309095e-08,1.43908989642494e-16,-1.5700076118652e-16,1.40170051192918e-08,2.00624399340084e-17,9.24088360718904e-17,6.96174630562651e-08,-2.3376571872251e-06,-1.5603911095421e-08,-1.07032200558118e-09,5.5649573824748e-07,3.18850831323593e-06,3.54633167750712e-09,9.49381866236039e-17,8.64509552866796e-09,4.06693641851994e-10,1.87064415219705e-09,-1.90474070627577e-08,7.68446900019706e-08,-6.40005291794759e-17,3.37814163394996e-16,-1.34162364025592e-16,-6.94015350988894e-09,-3.37673119565243e-09,-1.96879961651314e-08,-2.94375421002849e-16,-2.6282024547094e-09,-5.87612696474097e-16,1.32909260637026e-16,9.06499502374408e-07,-9.80006732812181e-09,1.12757025938492e-16,-2.51541881295193e-08,-1.31154435027928e-08,-2.29441145875949e-16,3.02867442229001e-08,-2.2151370732687e-16,1.10385641896103e-08,-5.6896171963826e-16,1.11164525223147e-08,2.44920836586948e-06,3.41602930721699e-09,3.24485202841534e-09,2.24860295447466e-08,-1.15446532906321e-08,3.31374462407895e-08,-2.99653936730188e-16,2.30629077875535e-07,-1.31258727688219e-08,2.47768498741211e-16,-1.75448873966797e-09,-8.06331086986901e-05,8.18942785118058e-09,-2.51825570295677e-17,6.36767195013623e-07,3.74060492786793e-08,-7.03495174274024e-16,-9.4782059240951e-08,-2.11115858971758e-08,-1.12883344305429e-09,1.05310989283454e-16,-4.31305834533585e-16,4.90127657689491e-07,6.81091295914108e-09,5.54648076750263e-10,-1.04610736325571e-08,4.9125926121653e-09,5.76857718890736e-16,3.26675003399168e-16,1.8333570240025e-08,1.26731622424983e-10,-4.74988610450427e-16,4.62075920780756e-08,2.24206475973736e-16,2.48922759189003e-08,-9.77421155637952e-09,-5.73655268523895e-09,-3.87167601154179e-08,-4.11475069624712e-16,-6.54209107760367e-16,6.73427265293585e-16,4.66748196872842e-16,-3.75040873568116e-09,-1.32433860637065e-08,8.92233033211866e-16,-1.27234576412644e-15,1.78965008966366e-15,1.99646187455852e-08,1.85224802187277e-10,-1.12080006208819e-08,4.89581178997369e-16,-3.10304082776214e-15,4.60590766915292e-15,-1.70188751652052e-05,2.28136216779719e-08,2.08031141664818e-15,5.42068539849143e-09,-1.63576793659875e-07,7.03530944780622e-17,1.82242262480369e-15,-1.79294705346697e-07,-4.37408530446939e-08,-1.48179820634368e-07,9.95362102379749e-15,0.475440859172374,-4.36788456940957e-07,-1.96010893986581e-07,1.00605601855211e-07,2.43348756263137e-07,-3.3490263248084e-09,1.44911595382413e-15,4.6581324038334e-15,-1.5667243989768e-15,-4.32219065752983e-08,3.9231142038396e-08,1.53510937317653e-08,0.315015356804564,-5.98418916794973e-15,3.10019580313747e-15,1.38045511878894e-15,-1.07241064027208e-15,1.01517069841458e-15,9.69685457517115e-09,-1.5347061012432e-15,-1.83956522516067e-16,-6.65795217336886e-10,1.88298375778547e-15,-5.6831852586259e-10,-2.29434401550145e-16,-6.49794653286923e-10,-6.39443518041324e-15,-6.89898725403397e-11,1.09419520121049e-12,1.03879217624381e-09,-6.65319784298076e-16,-5.98270749839601e-10,-1.24759459859612e-16,-9.87144903972502e-10,-5.00927132140904e-09,0.0243537046168364,-1.58403752132704e-15,-1.49162303045565e-09,-7.00479451523743e-16,1.61028795291699e-10,1.94927386284961e-08,-1.66289835962445e-16,1.04962970519068e-15,-2.37172993017029e-16,1.66182942677909e-16,5.63740647010416e-13,-3.46356749393492e-13,-2.05048260461453e-12,-4.3105065713668e-16,1.09429705491491e-17,-1.18454354055465e-10,1.00047640658185e-09,-1.80094028202418e-16,3.47330038695314e-16,-1.02087010208854e-10,-6.25271650714589e-17,-7.95248015690049e-10,-4.22375121556754e-16,2.12135311696732e-07,2.5538221473249e-16,-2.2849078451858e-16,-3.63023603125483e-16,1.38531848654172e-15,4.99279162304324e-16,1.21868023769526e-16,2.50127600776067e-10,-1.7553819868196e-09,-3.13555089584427e-16,-3.23267353063394e-08,5.00004892115589e-09,6.37540854182288e-16,2.26714787411546e-16,2.48474744150231e-16,-6.47124982514959e-17,5.60607407115e-10,9.20967735040025e-11,-1.12429150626129e-15,1.06676145567466e-16,-1.0772132712286e-09,-9.7926316874397e-08,-5.9020658835074e-11,-3.75285752623353e-16,-1.99051006054815e-16,-6.5582830538847e-16,2.64578999854405e-16,1.25299861835816e-16,-3.72893807235631e-16,2.73240511533994e-09,-2.62029595952961e-09,-5.10641020841595e-10,9.46946221069224e-16,-6.86749606082073e-16,1.97880505931948e-17,1.29332875676222e-15,3.2536221685253e-17,-1.25269822694718e-16,9.84024492267744e-16,4.03565211105352e-16,4.56585267495025e-16,5.79990047302732e-16,9.96054446327821e-16,7.37408081492751e-17,5.67829310661125e-16,-2.35564516725155e-16,3.38433949812916e-10,-5.57869721823169e-17,-5.41119701975537e-16,-9.58218487333152e-17,4.89323407778553e-09,-5.92204301802042e-11,9.42235729427989e-17,-1.27277172089153e-10,4.62458271159505e-09,1.81308755433793e-15,-9.41875779382339e-16,-6.76034078198277e-06,1.55608369732151e-15,1.20310769332148e-10,1.48889626590805e-15,-7.07857202271318e-17,5.98121333480991e-16,3.85833945581257e-17,1.26300619284971e-10,-3.39613218505899e-06,6.00368734158213e-17,-9.47116656300801e-16,-3.19365469288934e-15,-3.24139271225334e-16,-2.38849738598557e-15,1.29560527661174e-16,-8.48715563522623e-16,1.35341013176101e-16,2.34597987852611e-10,-1.64344516447197e-15,-7.4148689819514e-15,-2.85044389026439e-15,8.28136681123991e-16,-5.0958370362799e-15,4.27983239341857e-15,-4.74395713451583e-09,1.33145167606902e-16,3.93875855972126e-15,7.9822987287405e-08,8.51028690080373e-17,-5.69072586093942e-15,-0.707106781186547,7.0818394406009e-14,3.10959735308571e-09,8.30163898044781e-15,-2.31411321643703e-09,2.86874121595838e-15,7.76424835138335e-15,-9.09807331537344e-15,-5.26744378909032e-17,-1.06340482224e-15,-6.2718257350755e-16,8.49782227007064e-11,4.35315082362068e-15,1.25647935230077e-16,4.85189564607961e-10,-1.07426777482017e-08,-1.03812596554116e-15,7.60137702470901e-09,1.11677501933368e-09,-4.97635418176393e-15,-4.82876502261218e-15,-1.33221794249936e-15,8.65402145150124e-16,1.8637938805196e-15,-1.9589791983876e-09,1.10564166163096e-15,-1.08051175342114e-15,-4.20585159714978e-15,7.9254016036967e-10,-5.22147382777171e-16,4.97016649364875e-16,5.9649565928837e-16,-1.45924642252114e-15,-3.65982317536836e-10,-1.74286466657682e-18,1.10564144828972e-10,1.9182705265409e-16,-2.72591847259333e-16,9.18971683277083e-16,-5.82050796523906e-16,-4.5872934798007e-16,-4.33455116491441e-16,-1.48068820796683e-16,-1.95864514531089e-09,-5.95916423459757e-16,-1.78247488396343e-15,8.27568526047936e-10,-1.02269895868297e-15,1.34131560843282e-15,4.72337155161241e-16,7.08096239051587e-16,2.83523660177226e-16,8.2805333494556e-16,-1.36582888285849e-07,1.81440626717501e-16,-7.0167194255395e-16,1.82614405130913e-09,-1.17625960588552e-15,4.0192705791705e-16,7.46170362352674e-16,-1.51044885636734e-16,8.27366885433964e-17,-8.81973843124486e-16,9.83687872758255e-17,1.16785516701705e-16,-7.99427831247163e-16,1.06939124803039e-15,-1.35265653566845e-15,-9.81157963454494e-10,3.26259496954706e-09,2.74113253736989e-16,-7.10657261464304e-16,5.1320271847808e-16,4.08377861684364e-17,-1.02023424430886e-15,8.23268841415468e-17,4.3589178956846e-16,1.34248807137479e-16,-2.86756164126452e-10,-9.73625829976409e-17,9.96865728465602e-17,5.20122156214217e-16,-1.51818680508733e-16,9.38003723539999e-09,-1.25023203574267e-17,-5.96713003794456e-11,6.4553925051266e-16,-1.10143380911906e-16,2.32965065232753e-16,-8.70482748086072e-17,-3.23215571080229e-16,1.28666090849588e-16,4.87159341568805e-16,-2.0145821246186e-17,-9.21797571899752e-17,-6.73606555072308e-17,5.86268214497101e-16,2.10937183133263e-16,-2.47895089370038e-17,1.84818801040733e-17,-3.5158295128949e-16,8.77006395470613e-17,2.50984279007304e-17,-3.61586117692652e-16,-1.92429764569473e-16,4.95580650816952e-16,-1.77809156287623e-17,-7.3054816238424e-17,-2.55412130357204e-17,4.43807181686901e-16,4.63404592014571e-16,2.96780457023223e-11,-2.50668166536213e-16,1.34050789219911e-16,1.90368299562337e-16,4.37437795386834e-16,-4.06768857485997e-17,-3.09713514425695e-16,-1.82511033783592e-16,2.60255806480655e-16,-6.67438025691733e-17,-4.49929035831527e-16,3.44342609981396e-16,-3.34578045600628e-17,9.34633378562556e-17,4.1971245103709e-17,2.20993420143156e-17,-7.66942482536773e-18,3.35951173045158e-16,-3.92648706249966e-10,-2.27787372101623e-16,-3.00680851287879e-17,-9.14482246629829e-17,1.03778057553352e-16,-1.55416293980177e-16,3.53986835452371e-17,2.44314224755353e-17,-1.04099477609263e-16,1.0196028859523e-16,8.54429601517562e-11,2.01981409375289e-16,1.22558916047164e-17,-2.82598788978075e-17,8.81836176677075e-17,1.59309606163465e-16,-1.46471246594633e-16,9.18640801988768e-18,7.20925564961155e-18,5.95305941268883e-18,-5.27746474196264e-17,-8.6386504167651e-17,3.21674490032094e-17,1.1169189571451e-16,4.42073730042008e-10,1.12376292626419e-16,-9.06107011852322e-17,1.37962435637342e-16,-2.23779328401008e-16,-3.38759205139162e-08,-3.35758524377488e-17,-5.71604223595722e-17,5.44097613307478e-17,-1.76498888972621e-17,2.8544145834303e-17,1.27491316434381e-16,1.97853178472555e-16,1.54051352876898e-17,-1.78415494235319e-17,6.16220806210714e-17,5.45236418782667e-17,-9.79569977659065e-18,-5.04169179302147e-17,-2.29164646034878e-17,-3.03453083098222e-17,4.13850925145575e-17,-2.42363712273973e-16
"t487",-0.00508134203104183,0.0548344504867459,0.070750184428921,0.0174689731149541,0.0365779065804892,-0.00619619127228433,0.00190712419477559,6.69228910047737e-05,0.000589577968384742,-0.00167270696218043,-0.000624981537867306,0.00794523450790924,-0.0276743704583409,-0.151462502193188,0.00406442203028419,-0.000533300774585912,-0.0312574224168509,-0.000285443201868158,8.05727081333711e-05,8.38664763581909e-05,-0.000379654167969518,0.000128139738458649,-0.000363723399366242,0.0006287029421929,-9.97645199867316e-05,0.000315734352128295,-0.000419820227768187,0.00368057531942534,-0.00272141568668237,0.0146787474699745,-6.28760863080425e-05,0.00101926118951367,0.000433158864371546,2.63107402113075e-05,-1.51914621234601e-05,-3.78985169097604e-05,-0.000137966660508857,1.47788429179141e-05,0.000131727999350309,4.83209408453279e-05,0.0413226713889201,0.000225489753640174,-7.76218244870046e-05,9.01910237946681e-05,-0.000161341110960059,-7.12788136146329e-06,2.38593525596393e-06,-4.15398814520513e-05,5.96766008774478e-05,-0.000147349498173587,0.000157788142181084,-0.00871877838866027,-2.62030672799682e-08,-4.61951696641011e-05,3.20105820686357e-05,-0.000353233832362865,6.62465935550802e-05,-0.211494347078619,-0.0160044659809874,8.44748812342091e-05,4.64254607459369e-05,-4.85030313034132e-05,0.00121114546650886,-0.00184140657084449,4.62013727229953e-05,-0.000132411555232441,9.37568017115732e-06,-0.00079868312845025,0.0806555571838871,0.000353118386783326,-1.46836742536589e-06,2.19212789559498e-07,2.30573310385757e-09,8.64255146544009e-07,-4.07760539900939e-07,-5.53092559085862e-09,5.98457373877557e-06,-0.00435719056169406,2.87056927477388e-07,5.20357884573125e-07,-3.44943872278876e-06,-1.48960837520138e-06,-1.74848304029324e-07,-1.45075419479313e-06,2.86323842625758e-07,9.75349041392186e-06,-1.69415944448951e-06,-2.73783352379673e-07,-6.12950292368535e-08,2.36301590252064e-06,-5.46322881479038e-07,2.06541418221878e-08,1.41965864074612e-06,-1.60393709193502e-05,-1.32383950328248e-07,-6.46447657309826e-06,-7.64255392978672e-07,8.23554654787981e-06,-0.000923706116519484,-3.68177058102245e-06,-1.47875963461109e-06,9.77848604330274e-08,-2.13678601859709e-06,1.53079332012836e-06,-6.95811875043968e-07,1.13591012695627e-06,-4.0977308973669e-05,1.42747743266765e-06,-6.7093495241917e-06,2.44378973861996e-07,0.000232684685825109,1.45029007102407e-05,-4.52121099118576e-06,5.70967433902324e-06,-2.26084948441216e-07,8.10562189502708e-06,-1.77160072741406e-05,2.86624628780934e-05,-6.41454018375311e-05,0.059528588716508,0.000141809665274396,-0.00110511399237427,2.44633568738257e-05,6.60862723890289e-05,-2.83074731684214e-06,1.9194134739995e-05,-1.88592134778981e-06,2.69130011916759e-06,-7.02537131151849e-07,-7.5385395611654e-06,1.41133825442175e-08,8.67249814950127e-06,-1.38972272730019e-06,-2.85010892915946e-06,1.91807901130453e-07,7.67588413776291e-06,-1.13135597482079e-07,-0.012534798633453,-4.83158020228983e-06,1.19665037051445e-05,6.72940280748066e-08,-7.90781307806842e-06,6.55032391351687e-06,5.2369353656868e-07,1.99964514282867e-07,-3.05534921410929e-07,-0.0739608891948082,-3.79471354123219e-06,-2.01852269880115e-07,3.4784644424937e-07,7.21151860805409e-06,1.42303657788218e-06,3.8848457830033e-06,-1.00175574500114e-05,-0.0135519428827262,2.50822599304398e-07,-3.06340640720157e-06,-6.72222427818517e-07,-5.03399975119862e-07,-2.15050262529617e-07,-0.000132521850074462,0.160336647522408,2.17579674086506e-06,3.96847726936537e-05,-1.64095253768494e-05,8.51297304624066e-06,-6.55180473118118e-06,-1.11462484907873e-07,-5.53725036333678e-06,-0.000161004375494406,1.10087331499321e-05,1.93049496244185e-06,-2.13150130727382e-07,-5.40990255575882e-07,-1.29536477352207e-06,-2.05501853372937e-07,-1.1474346784291e-07,4.47384057030282e-06,6.6360236807464e-06,5.8714070172021e-05,-0.00110989207635823,1.06145275111352e-05,5.40715739744856e-05,-1.36078314516532e-09,7.65677120050517e-07,1.76361202472098e-08,2.93181674877299e-06,-9.45441054005052e-07,-4.25291406079248e-06,5.43611779925586e-06,1.20965060655833e-07,-2.18947173086433e-07,-8.62855610884145e-07,-1.5100527531311e-09,-4.65107602570026e-06,1.94505363578312e-07,3.55105205403289e-07,2.47263672891598e-07,-2.04858515556092e-07,-8.08786325950235e-08,-8.05088277605256e-08,-2.52562282779972e-05,1.91580042927435e-09,3.05805304206936e-07,4.63031445029709e-07,2.27757021053609e-06,-2.85456296613911e-07,-1.46207463568547e-06,1.93492546277245e-06,1.07878032981938e-08,6.26357076948297e-06,-1.926356002873e-06,3.44341853816652e-06,2.21811949457344e-07,1.73688460781959e-08,-3.63364156352166e-08,8.34194265063665e-07,0.180824118011148,4.08663696918601e-07,1.83855498916218e-06,0.000207625121428018,-1.03222309321699e-05,-2.53368646952388e-06,-0.00028048275449918,3.26814370805065e-06,1.45802476111659e-06,2.08677779835497e-05,0.07451925512776,-2.67726610131525e-06,-8.6112268880378e-07,1.92949491286339e-06,3.04727481208048e-07,1.35509687592653e-07,2.13462878926226e-07,-6.76268928728108e-09,-1.15949662723801e-08,-3.12052096194999e-07,1.17545908104852e-16,-2.20061061030575e-08,2.84991382191319e-07,-6.58860147402337e-07,-2.96073011282397e-08,-6.79971757805648e-09,9.11635304849091e-10,5.46004582159415e-09,-3.24572900778432e-08,5.54312313170866e-10,-4.43581309116187e-11,1.1189515761104e-08,-1.29753852080917e-07,1.06596075341408e-07,-4.49742841411342e-07,3.00087046294462e-08,-1.78160973153134e-09,1.15068865243553e-10,-5.33856692500133e-09,4.53030346182774e-09,-7.05882264444688e-08,-1.39890714122927e-08,2.56592287128283e-09,-6.33756414016376e-05,-7.9333555565719e-10,-1.82456883266195e-07,-1.45213463037326e-09,2.20173335888045e-09,-8.65032838264737e-10,1.69691305559106e-09,8.84800731395921e-07,-3.01379054968759e-07,6.45559520320558e-08,0.0833151603478847,2.17344535600306e-08,-2.27229315293522e-07,1.45087876966127e-07,-0.00033733586993704,-9.97654201958901e-08,-6.78512467762483e-08,6.13318770960067e-09,-1.05738963205339e-07,5.35563534773124e-09,-2.04613010760571e-08,1.55962933406268e-17,4.77157667530252e-08,1.62155118410888e-09,2.06678103390044e-12,1.67286731576074e-08,-1.97665245545726e-09,1.18648335705243e-09,3.85418196357155e-09,-3.52260601450758e-10,1.47139252287189e-08,-5.09192429043687e-08,-1.73551515700177e-09,3.34351424911423e-08,-1.52523326004586e-08,1.78830972087337e-08,-5.1068449642098e-08,4.56249016363528e-09,-5.3357407697914e-09,-1.84753598326096e-10,-1.39426239770975e-10,-1.3220276119336e-10,-5.19441222335861e-08,2.59961252837217e-10,-8.35952771253255e-09,3.39662004360467e-07,-1.1533718753866e-06,4.2725512184236e-09,3.96457363323064e-09,2.39449730980952e-08,-7.86754987936423e-09,-5.10198946149062e-09,7.6682634607049e-09,-6.43171313670097e-05,-7.21403657235539e-11,3.68254679526582e-09,-1.09757839369093e-08,-1.14008746872495e-16,7.06279737567233e-11,4.78292980076404e-08,-5.81861516824392e-09,3.04331514751661e-08,3.93320868820752e-09,9.18270234822151e-09,3.22708217457283e-08,-0.000125389375743683,-1.33343840793212e-08,3.26708730435946e-17,-2.76043781406123e-08,-2.68826416306032e-10,-1.09833840832773e-09,5.2634529783471e-09,9.72883254915557e-09,-6.97845455496635e-10,-2.86475251518754e-08,7.96243692343045e-09,-4.07347398907169e-08,5.74110686076553e-08,-9.11329641047993e-09,-2.22682052002026e-08,-2.7845492620051e-08,-1.71506753026893e-10,-2.2927274889785e-08,1.39304425788811e-08,-2.54703796052931e-08,6.46332486972211e-18,-8.00043047969521e-08,6.37338002556012e-09,1.83703820559771e-10,1.67738782775846e-09,-5.52532694652183e-08,-1.22344680356876e-07,6.33175522863337e-08,-2.30852609192756e-07,-1.15156945991188e-08,9.16383160979871e-17,-2.14172481579816e-08,-8.48602823525032e-09,-2.78111501142044e-08,6.92881038131456e-17,5.39381173758059e-08,7.84717832829053e-08,-1.20338867297727e-08,-4.54348710626138e-08,-1.56727654520951e-08,-9.08576046575359e-09,-7.49694220198804e-06,7.6805733625361e-09,6.20312541329781e-08,3.53472205034411e-09,1.79148524867451e-08,2.58880240623485e-08,3.22955289885753e-17,-1.08122774597999e-08,3.57784077924219e-08,1.78000513748284e-07,-2.44776030486274e-08,2.68665715942277e-17,-6.66049564437292e-07,5.10437543274622e-09,-1.29023474068285e-08,-8.8485542680624e-09,-3.05056294052365e-08,3.42632862787685e-08,-1.28803576577247e-05,9.73760432423418e-08,7.55099057130755e-18,8.14977092757975e-07,-1.81718192796281e-07,8.04772385642042e-07,2.44538763662618e-05,-0.0284625077632815,4.40854237504179e-09,-3.40005801291454e-16,1.29730968560655e-17,5.48929978150344e-10,3.49523319647185e-08,-4.29315997959378e-09,2.73481653283999e-08,-1.88752135569213e-16,5.18319839736897e-09,3.86115056761047e-11,-2.9965918739863e-16,1.22970544699134e-16,5.67760853200439e-16,9.95502405307746e-10,1.38088620282947e-07,-1.34660841897984e-08,1.47565305396661e-08,7.58136925217283e-09,4.48227491953113e-07,-8.50561290652256e-09,-1.46193533978091e-14,-2.46668163730691e-09,7.41604816510041e-09,7.77689989705872e-17,-3.32694923434897e-16,-5.65404938371611e-09,-3.15540405172757e-12,-3.61353443467997e-09,2.01600180620762e-08,3.82177766594411e-09,-1.43978122656845e-09,-2.9011922261898e-16,-4.88441295528142e-09,-3.2289899844833e-16,-1.7048602367627e-08,-1.66750294128271e-16,-4.52915099207314e-09,1.76493222010537e-16,1.89714571242398e-08,5.01510370320907e-09,2.18702811522652e-09,2.90029557527975e-08,1.44212338750918e-08,-1.68155430149007e-09,1.08036855518466e-08,9.98509867709559e-08,1.87321025031455e-08,1.74177998828436e-09,3.98097187264107e-09,-1.14143361602593e-08,-1.98555611276178e-08,-1.62906795774823e-09,-5.6323096556109e-09,-8.96572524688639e-17,5.35809630103014e-08,-9.37460890895098e-09,5.04282617414717e-09,-6.34325020270658e-17,8.93355086069782e-10,2.46861898721773e-08,2.02062406541628e-06,6.50835402621164e-17,-2.11633890536829e-08,-1.15135421606148e-08,1.59697574284834e-17,-3.96679121024613e-07,3.5380909768952e-08,1.42617458713777e-15,-3.24529506621862e-16,-1.31472776128138e-09,-7.0665733057037e-09,-4.04864956838733e-11,-5.65353481311301e-08,1.52263579128301e-08,4.48405459483155e-09,4.32713741707085e-09,4.06989172842857e-08,-9.26718123260156e-08,3.8966226079129e-16,1.92149348941282e-10,1.3235892223513e-10,3.6643233552689e-10,3.44224067407325e-08,1.03016340145093e-16,5.14656121726954e-18,1.13809381249144e-08,3.70557136253736e-17,-4.44678090349634e-16,5.58568590639036e-08,-1.87154578713779e-06,-1.24920360377994e-08,-8.52726969652871e-10,4.4306449146752e-07,2.53822620423286e-06,2.8204507967708e-09,2.57922093891093e-17,6.8051577507327e-09,3.19402543228221e-10,1.46800896862075e-09,-1.48897485591296e-08,5.96297663258878e-08,2.56422120708714e-16,1.94949868453993e-16,-1.50512298132916e-16,-5.32471216886061e-09,-2.57733283930998e-09,-1.50210694571698e-08,-3.36302843243143e-16,-1.99480125235794e-09,-7.9179200341609e-16,2.0610721614352e-16,6.70880995281046e-07,-7.25032608510649e-09,6.37077196552482e-16,-1.84820558390764e-08,-9.59669999805894e-09,-5.52551662908012e-16,2.19663659299026e-08,5.86733518334939e-18,7.91614432841702e-09,-1.20246581660558e-16,7.96361367569938e-09,1.75312783750643e-06,2.44289594961759e-09,2.31745462807886e-09,1.60116969677394e-08,-8.12540201387737e-09,2.29148230643241e-08,7.60152963345488e-17,1.55606784538322e-07,-8.83116769263665e-09,4.17806656779396e-16,-1.17593289777496e-09,-5.36589620365528e-05,5.41363090383346e-09,-2.51381968569537e-16,4.10762332153107e-07,2.40046780443557e-08,1.19574029330096e-16,-6.03943862921261e-08,-1.34039710529175e-08,-7.06856674224648e-10,2.24129754454638e-16,6.28937789367352e-17,2.9593452225534e-07,4.04169352169197e-09,3.27918837863556e-10,-5.63061766799422e-09,2.5953355422763e-09,-6.61666489546104e-16,-4.347323947378e-16,9.55528772156070e-09,6.5935067211471e-11,8.90178247527538e-16,2.34611057640506e-08,-2.83885292325629e-17,1.23211066292017e-08,-4.65614309067140e-09,-2.72484104864296e-09,-1.81784984516829e-08,1.38913781983993e-16,2.10253149153284e-16,-2.37814352396357e-16,-3.6416237173032e-16,-1.55509223442737e-09,-5.42493049386717e-09,-1.04423037095192e-15,-9.96717374880266e-16,5.00202588623816e-16,7.80146294378035e-09,7.07944817197251e-11,-4.00917390266391e-09,5.74360298790805e-16,1.08078693564218e-15,-2.69500134014722e-15,-4.3836796358464e-06,5.78483433973047e-09,-4.34538976680837e-16,1.11073981581553e-09,-3.00029101897554e-08,4.60049677852459e-16,9.19430862879089e-16,-2.29119232932482e-08,-5.37997035377989e-09,-1.27693733880435e-08,4.5905332881169e-16,0.00814426887849102,1.11878295830222e-08,1.80022815104237e-08,-1.98757147358656e-08,-5.58554178668595e-08,9.85490922299068e-10,7.52002029723106e-16,-4.69153556385707e-15,-2.27255472684282e-15,3.6737872288922e-08,-3.38274650055892e-08,-1.49059873561503e-08,-0.566164501964248,1.19271445922341e-14,-6.30005640485371e-15,-1.33282006834013e-16,6.01548205080967e-15,-2.86795588673844e-15,-3.8737670092232e-08,1.43794034362222e-15,5.84703294465435e-16,4.14204331148006e-09,-3.4693210098756e-15,3.63567223446537e-09,4.67476575149332e-16,4.36259607307411e-09,6.0701491098844e-15,3.02312389257967e-09,3.35372826512861e-10,2.5536566837408e-08,-7.08370379580408e-15,-7.19995891855923e-09,-3.87762554530976e-17,-6.01127823065234e-09,-1.99749456250089e-08,0.0958275372173742,-3.38165470264006e-15,-5.25084958219345e-09,-3.5744817375891e-15,4.92621735800792e-10,5.92754084812589e-08,1.35942393931407e-15,-5.73765002792962e-16,6.59609607196076e-16,-2.81397060008803e-16,1.56679095257393e-12,-9.40981212180175e-13,-5.43584510421784e-12,1.47276337843347e-17,4.04733997564157e-16,-2.84463561269696e-10,2.39325374188498e-09,-1.47420653104121e-15,4.47119380186019e-16,-2.21717083119152e-10,8.08628687929221e-16,-1.69666127558077e-09,-9.14865915073888e-17,4.31765846380264e-07,-1.95535684677895e-15,-3.79778285375249e-15,-3.80010138728385e-16,1.60773665375044e-15,-1.36633698311945e-16,-6.45634985249431e-16,4.7031871093465e-10,-3.2976315610433e-09,-6.47723411814593e-16,-5.93187888713798e-08,9.09003189540748e-09,2.58272858727112e-16,-6.17259445755346e-16,-1.39235737499318e-15,-1.64843672951887e-15,9.82189741316293e-10,1.60073809442488e-10,5.39214423946496e-16,8.29986023320676e-16,-1.85626122744404e-09,-1.68561662822698e-07,-1.01221554539041e-10,1.95246757686716e-15,-1.28338617119375e-15,2.13119670412755e-16,7.7873597549641e-16,-1.56162717870185e-15,-7.98698369242809e-16,4.4420781174586e-09,-4.24085834216977e-09,-8.22866039994049e-10,1.23646715499669e-15,2.55439122500976e-15,4.87547100300227e-15,2.22080035765415e-15,-5.58759473338146e-16,-3.42872542185083e-15,2.2393849782449e-17,-6.49574154562865e-16,-2.49884045223346e-15,3.71303702074223e-15,4.63498206393837e-16,-2.26066817763396e-15,6.62885874603621e-15,-1.55551049842719e-15,5.12045832591369e-10,-2.30270731338955e-15,4.92641976575054e-15,-6.33345605908468e-15,7.3506697256528e-09,-8.88193367838137e-11,-1.21484718887416e-15,-1.90693314293418e-10,6.87147189006911e-09,0.707106781186545,-7.17200293618835e-15,-9.94572356449843e-06,8.59431526149583e-15,1.7496623281627e-10,-2.59949714522672e-15,-7.94990529651495e-17,-7.36618357899774e-15,-7.24168242982754e-16,1.80628833588701e-10,-4.85164280627444e-06,-9.06498393793233e-17,-1.85163766166976e-16,1.79678225131802e-15,-4.69775601832782e-16,3.28187997611362e-15,-1.65699008838394e-16,-3.03919241615554e-16,-2.15824357027307e-15,3.19278128825769e-10,6.01198546128119e-17,5.29545821180318e-16,1.50232246254002e-15,-8.45506699317691e-16,-4.71434266912791e-16,7.48063918817629e-16,-6.39977386323985e-09,-1.75486059652426e-16,5.35308968879999e-16,1.07515271585457e-07,9.59217195653839e-16,2.50576306252843e-16,-7.38197495646063e-16,-1.7603656955534e-16,4.11654556447826e-09,-6.5211197459526e-16,-3.05458473507396e-09,8.37028804161672e-16,2.20257541948866e-17,9.56976326721003e-16,-1.19253768643933e-17,-4.39537622399711e-17,-1.32720094076922e-16,1.11528156324967e-10,-2.84045301417527e-16,1.20573950047951e-15,6.3407113073543e-10,-1.40361480593354e-08,-1.58500370992648e-16,9.89652374064053e-09,1.45237759205784e-09,-1.8389777560423e-16,-3.54679383602686e-16,-1.62887030275658e-17,-3.4148802735156e-16,-4.44528041857743e-16,-2.50905010856333e-09,6.74787092787899e-16,-2.50417605584867e-16,-5.63388262474855e-16,1.01136767214315e-09,-1.75346283055676e-16,-1.74512872072979e-16,5.70393035002595e-16,3.26107792165517e-16,-4.6484727597806e-10,9.22772663888777e-16,1.40232159770335e-10,-1.99710586398932e-16,-5.04301429808894e-16,1.55021232016973e-16,3.05643003210111e-16,1.38663059065592e-16,-8.87692963859475e-16,2.6916552512915e-18,-2.46632565098998e-09,-9.00297906419744e-16,8.21554092418417e-16,1.04027299002869e-09,-1.6813661628693e-16,9.59413775081686e-17,1.17442941470838e-17,1.3778862672468e-15,-1.27996168438514e-16,8.09931728685645e-17,-1.70783735675037e-07,-1.57325943470806e-16,6.94091381965902e-17,2.27819003391713e-09,-3.00930415620689e-16,5.37582945847074e-16,-2.50353182365918e-16,4.74754204000527e-16,-8.75025069197374e-17,5.66194213154662e-16,-2.19287184849837e-16,1.91860781388909e-16,-4.28011138105328e-16,2.89390573867566e-16,-7.78543236714569e-17,-1.21417037539215e-09,4.03364655816881e-09,2.50231044930857e-16,2.56183106548688e-16,-3.03298492611827e-16,-1.61462294887207e-16,2.57172755313562e-16,2.09990211781889e-17,1.16393540414515e-16,4.83414144066041e-16,-3.52842860353174e-10,2.21074189476945e-16,2.27321568845612e-16,-7.77373322546942e-17,5.51579803671917e-18,1.14969890706963e-08,-2.69568667653782e-18,-7.28298499425172e-11,-4.8048093549975e-16,-1.40160189586011e-16,-1.23421752202952e-16,2.79859682035551e-16,4.45520737136082e-17,-3.17752941913989e-16,3.95553509089253e-16,1.39672564653967e-16,3.36513479293127e-17,-4.14005945388589e-16,2.96278894655201e-16,-1.46043480367787e-16,-1.6125349046338e-16,6.8646326240944e-17,3.54639029858276e-16,1.15173218551334e-16,-2.47209790366496e-16,-3.45180289140298e-17,1.69278523560063e-16,-7.37380349952562e-16,5.91974386177085e-17,7.80818695672232e-17,-4.14634610055124e-16,-1.78603540629358e-16,-4.69211460907895e-17,3.57107226387774e-11,6.9302356937101e-17,-1.28301671829151e-16,6.19868216242463e-17,-2.41383659101301e-16,-1.36948455977958e-16,-9.08112813921488e-17,5.38246806542671e-16,-1.5916628384711e-16,1.69664110812475e-16,1.35939494145572e-17,-3.98769559040169e-16,3.20190073662134e-17,-1.85433167252907e-18,-4.85839305059339e-18,-5.33366568495749e-17,-1.38467588644757e-16,1.6014392813813e-16,-4.68427825740776e-10,-1.02860285466776e-17,2.83446688253228e-18,5.22862589094097e-17,-5.86258557060803e-17,1.37777967088461e-16,-4.11111657612675e-17,6.77799124462596e-17,7.02302232291283e-18,6.25298675656891e-17,1.01111830568986e-10,3.81815368580136e-16,-1.43466036748221e-16,-5.46037837987082e-17,-1.22384233981973e-16,-7.8192014350926e-19,-1.17473174583363e-16,-7.0663113232537e-17,-7.04624487009707e-18,-1.54304292799658e-16,-8.82403485076168e-17,3.46976757781997e-16,-1.38660155275958e-16,-3.71845975082713e-17,5.19262902004606e-10,-1.45713319775316e-16,1.92818204333234e-17,-9.26313634367326e-17,-1.06251812903579e-16,-3.96614199635054e-08,-8.04003934477773e-17,1.80685012458407e-16,6.98415200747261e-17,-4.01559703292198e-17,1.9465759588505e-17,-2.15694405870636e-16,3.50284317438814e-16,1.0630702083606e-17,-2.07918397496673e-16,-1.49000291072978e-16,2.39385589898976e-17,8.21791547385127e-17,-2.44247844283848e-17,-2.48191628714432e-17,-7.35520636175411e-18,8.72961251093788e-17,-2.64043080311234e-16
"t488",-0.00508134203104183,0.0548344504867459,0.070750184428921,0.0174689731149541,0.0365779065804892,-0.00619619127228433,0.00190712419477559,6.69228910047687e-05,0.00058957796838474,-0.00167270696218042,-0.000624981537867303,0.00794523450790924,-0.0276743704583409,-0.151462502193188,0.00406442203028417,-0.000533300774585915,-0.0312574224168509,-0.000285443201868155,8.05727081333832e-05,8.3866476358177e-05,-0.00037965416796952,0.000128139738458649,-0.000363723399366246,0.000628702942192918,-9.97645199867429e-05,0.000315734352128283,-0.000419820227768214,0.00368057531942533,-0.00272141568668235,0.0146787474699745,-6.287608630803e-05,0.00101926118951368,0.000433158864371555,2.63107402113123e-05,-1.51914621234782e-05,-3.78985169097987e-05,-0.000137966660508875,1.47788429179065e-05,0.000131727999350275,4.83209408452989e-05,0.0413226713889201,0.000225489753640168,-7.76218244869743e-05,9.01910237946586e-05,-0.000161341110960053,-7.12788136147363e-06,2.38593525595599e-06,-4.1539881452019e-05,5.96766008774558e-05,-0.000147349498173581,0.000157788142181052,-0.00871877838866024,-2.62030672802511e-08,-4.61951696641063e-05,3.20105820686148e-05,-0.000353233832362835,6.62465935550768e-05,-0.211494347078619,-0.0160044659809874,8.44748812342127e-05,4.64254607459522e-05,-4.8503031303406e-05,0.00121114546650887,-0.00184140657084453,4.62013727229985e-05,-0.000132411555232442,9.37568017116043e-06,-0.000798683128450224,0.080655557183887,0.000353118386783319,-1.46836742538296e-06,2.19212789581615e-07,2.30573309050802e-09,8.64255146589011e-07,-4.07760539910389e-07,-5.53092560982413e-09,5.98457373875974e-06,-0.00435719056169403,2.87056927489135e-07,5.20357884609428e-07,-3.44943872279152e-06,-1.48960837523076e-06,-1.74848304026404e-07,-1.45075419482352e-06,2.86323842629376e-07,9.75349041392706e-06,-1.69415944446566e-06,-2.73783352382363e-07,-6.12950292118796e-08,2.36301590255533e-06,-5.46322881485249e-07,2.0654141777085e-08,1.41965864074382e-06,-1.60393709192941e-05,-1.3238395030748e-07,-6.46447657306126e-06,-7.64255392966127e-07,8.23554654790531e-06,-0.000923706116519498,-3.68177058102047e-06,-1.47875963460848e-06,9.7784860403525e-08,-2.13678601859055e-06,1.53079332013588e-06,-6.9581187502575e-07,1.13591012691345e-06,-4.09773089736518e-05,1.42747743264518e-06,-6.70934952415904e-06,2.44378973876741e-07,0.000232684685825116,1.45029007102297e-05,-4.52121099119338e-06,5.70967433903668e-06,-2.2608494847167e-07,8.10562189500267e-06,-1.77160072741457e-05,2.86624628780884e-05,-6.41454018374961e-05,0.0595285887165081,0.000141809665274429,-0.00110511399237426,2.446335687384e-05,6.60862723890386e-05,-2.83074731684084e-06,1.91941347399982e-05,-1.88592134790083e-06,2.69130011919137e-06,-7.02537131137624e-07,-7.53853956113737e-06,1.41133825432981e-08,8.67249814952105e-06,-1.38972272729118e-06,-2.85010892916964e-06,1.91807901117543e-07,7.67588413776643e-06,-1.13135597462121e-07,-0.0125347986334531,-4.83158020228517e-06,1.19665037051624e-05,6.7294028073581e-08,-7.90781307806795e-06,6.55032391352809e-06,5.2369353657879e-07,1.99964514310772e-07,-3.05534921460672e-07,-0.0739608891948081,-3.79471354121708e-06,-2.01852269905742e-07,3.47846444261486e-07,7.21151860800682e-06,1.42303657782245e-06,3.88484578301413e-06,-1.00175574499911e-05,-0.0135519428827262,2.50822599286699e-07,-3.06340640723023e-06,-6.72222427784941e-07,-5.03399975141659e-07,-2.15050262554327e-07,-0.000132521850074486,0.160336647522408,2.17579674091129e-06,3.96847726936308e-05,-1.64095253768598e-05,8.51297304621247e-06,-6.55180473116306e-06,-1.1146248496209e-07,-5.53725036336845e-06,-0.000161004375494433,1.10087331499013e-05,1.93049496245044e-06,-2.13150130780044e-07,-5.40990255552085e-07,-1.2953647735081e-06,-2.05501853352383e-07,-1.14743467820211e-07,4.47384057031553e-06,6.63602368076678e-06,5.87140701719302e-05,-0.00110989207635824,1.06145275111488e-05,5.40715739744861e-05,-1.36078314947479e-09,7.65677120041004e-07,1.76361202556145e-08,2.93181674881596e-06,-9.45441053935541e-07,-4.25291406079353e-06,5.43611779914497e-06,1.20965060662017e-07,-2.18947172995862e-07,-8.62855610866448e-07,-1.51005272356487e-09,-4.65107602570708e-06,1.94505363588415e-07,3.55105205346269e-07,2.47263672830924e-07,-2.04858515518395e-07,-8.08786325900265e-08,-8.05088277719629e-08,-2.52562282779519e-05,1.91580039894051e-09,3.05805304188784e-07,4.63031445044864e-07,2.27757021057149e-06,-2.85456296576255e-07,-1.46207463570802e-06,1.93492546273636e-06,1.07878033032639e-08,6.26357076947697e-06,-1.9263560028627e-06,3.44341853817267e-06,2.21811949416517e-07,1.73688461104241e-08,-3.63364156718946e-08,8.34194265007352e-07,0.180824118011148,4.08663696877993e-07,1.83855498918733e-06,0.000207625121427994,-1.03222309322563e-05,-2.53368646955931e-06,-0.000280482754499163,3.26814370803872e-06,1.45802476108713e-06,2.08677779835648e-05,0.07451925512776,-2.67726610128232e-06,-8.61122688823594e-07,1.92949491286607e-06,3.04727481152997e-07,1.35509687630359e-07,2.13462878983298e-07,-6.76268929736385e-09,-1.1594966043605e-08,-3.12052096227441e-07,1.43153215398853e-16,-2.20061060490422e-08,2.84991382012642e-07,-6.58860147422462e-07,-2.96073011608793e-08,-6.7997175688252e-09,9.11635321026574e-10,5.46004581810908e-09,-3.24572902204293e-08,5.54312335469517e-10,-4.4358131178944e-11,1.11895157741301e-08,-1.29753852090338e-07,1.06596075361726e-07,-4.49742841389727e-07,3.00087046913553e-08,-1.78160975277387e-09,1.15068948727121e-10,-5.338566920739e-09,4.53030341056768e-09,-7.05882262975627e-08,-1.39890714090657e-08,2.56592304835258e-09,-6.3375641401677e-05,-7.93335520150687e-10,-1.8245688329095e-07,-1.45213469251922e-09,2.20173335981628e-09,-8.65032804683293e-10,1.69691303885482e-09,8.8480073136236e-07,-3.01379054943125e-07,6.45559519863569e-08,0.0833151603478845,2.17344535716883e-08,-2.2722931528359e-07,1.45087877150766e-07,-0.000337335869937141,-9.97654201559174e-08,-6.78512467205474e-08,6.13318769426453e-09,-1.05738963219368e-07,5.35563533132018e-09,-2.04613009843788e-08,7.81762957839079e-17,4.77157667068812e-08,1.62155125768728e-09,2.06678161514317e-12,1.67286730859249e-08,-1.97665250099396e-09,1.18648337969889e-09,3.85418200172477e-09,-3.52260578636521e-10,1.4713925227271e-08,-5.09192429273483e-08,-1.7355151280894e-09,3.34351424043935e-08,-1.5252332602673e-08,1.78830972877597e-08,-5.10684496552219e-08,4.56249021931326e-09,-5.3357406769837e-09,-1.84753527759576e-10,-1.39426240731352e-10,-1.32202782029689e-10,-5.19441222634236e-08,2.59961224259753e-10,-8.35952760301358e-09,3.39662004297468e-07,-1.153371875428e-06,4.27255122458958e-09,3.96457366158417e-09,2.39449732330789e-08,-7.86754986807084e-09,-5.1019894041214e-09,7.6682634107528e-09,-6.43171313669806e-05,-7.21404077321533e-11,3.68254690768911e-09,-1.09757839146349e-08,-1.27200755919286e-16,7.0627949731314e-11,4.78292980042396e-08,-5.81861507023204e-09,3.04331515054607e-08,3.93320870314745e-09,9.18270251635034e-09,3.22708217557232e-08,-0.00012538937574374,-1.33343840425326e-08,-3.36847041740866e-17,-2.76043782626393e-08,-2.68826533113776e-10,-1.09833829805715e-09,5.26345302597032e-09,9.72883256780839e-09,-6.97845496174132e-10,-2.86475250163463e-08,7.9624369693168e-09,-4.07347399315241e-08,5.74110685410208e-08,-9.11329656271615e-09,-2.22682052176777e-08,-2.78454924188318e-08,-1.71506656099218e-10,-2.29272748310351e-08,1.39304426630082e-08,-2.54703796076031e-08,-3.55880514495133e-17,-8.00043050189636e-08,6.37338011489838e-09,1.83703853239189e-10,1.67738793765967e-09,-5.52532695156914e-08,-1.22344680324872e-07,6.3317552264354e-08,-2.30852609157602e-07,-1.1515694519611e-08,6.12809207728722e-17,-2.1417248441618e-08,-8.4860280239548e-09,-2.78111500927634e-08,-1.03826953942545e-16,5.39381174924574e-08,7.84717832722635e-08,-1.20338866135767e-08,-4.54348711524046e-08,-1.56727656066583e-08,-9.08576059272326e-09,-7.49694220193209e-06,7.6805731748288e-09,6.20312540464021e-08,3.53472196390532e-09,1.79148523521739e-08,2.58880239777234e-08,2.7705794451278e-16,-1.08122774162857e-08,3.57784076805483e-08,1.78000513837335e-07,-2.44776030343137e-08,1.45443661634826e-17,-6.66049564406119e-07,5.10437518468077e-09,-1.29023472141383e-08,-8.84855413023258e-09,-3.05056293696e-08,3.42632861086307e-08,-1.28803576577278e-05,9.73760434381244e-08,-2.35344083252217e-16,8.14977092651749e-07,-1.8171819274142e-07,8.04772385587433e-07,2.44538763662219e-05,-0.0284625077632813,4.40854256719886e-09,-2.77555756156289e-17,3.11262487692024e-17,5.48930121220621e-10,3.49523321005961e-08,-4.29315961711387e-09,2.73481654583752e-08,-2.45299714741034e-16,5.18319844435339e-09,3.86113540133955e-11,-4.3005611860322e-17,1.14447998632584e-17,7.1862994230395e-16,9.95502460193109e-10,1.38088620285689e-07,-1.34660842989782e-08,1.47565303710409e-08,7.58136908379221e-09,4.48227491825445e-07,-8.50561285625754e-09,-1.48273297630067e-14,-2.46668169533831e-09,7.41604834173837e-09,-1.69808707253635e-17,-4.28592252443484e-16,-5.65404954058204e-09,-3.15524285649826e-12,-3.61353483743567e-09,2.01600181143638e-08,3.82177753471724e-09,-1.43978112515629e-09,-2.23386578902516e-16,-4.88441278298544e-09,-6.32306923354128e-17,-1.70486021567813e-08,3.52365706057789e-17,-4.52915113326803e-09,1.68180542202585e-16,1.89714571607972e-08,5.01510390931468e-09,2.18702813058399e-09,2.90029555687443e-08,1.44212340012398e-08,-1.68155428090124e-09,1.08036856120884e-08,9.98509870246e-08,1.87321023871234e-08,1.74177973248757e-09,3.9809715096739e-09,-1.14143361626589e-08,-1.9855561061131e-08,-1.62906796542925e-09,-5.63230941565536e-09,2.66527257106999e-16,5.35809631921527e-08,-9.37460889717955e-09,5.04282654259513e-09,3.5033575708455e-17,8.93355113374083e-10,2.46861898304619e-08,2.02062406549197e-06,7.68068672484802e-17,-2.11633894609377e-08,-1.15135420294504e-08,2.56814203548543e-16,-3.96679120993119e-07,3.53809096659968e-08,1.75389817123998e-15,2.05216910711425e-16,-1.31472765871149e-09,-7.06657347647398e-09,-4.0486305345385e-11,-5.65353480313205e-08,1.52263579835514e-08,4.48405438938695e-09,4.32713689561782e-09,4.06989171199654e-08,-9.26718122780173e-08,6.43148728718401e-16,1.92148422782129e-10,1.32358911864959e-10,3.66433055865706e-10,3.44224067589713e-08,-2.41198806188324e-16,-1.86916687309396e-16,1.13809383832532e-08,8.3518619611184e-17,-3.24477777358822e-17,5.58568590969191e-08,-1.87154578702867e-06,-1.24920363198623e-08,-8.5272676642437e-10,4.43064491469224e-07,2.53822620430642e-06,2.8204508574249e-09,-4.62567285121099e-17,6.80515777521805e-09,3.19402391575491e-10,1.46800938238072e-09,-1.48897487832013e-08,5.96297663240076e-08,-3.04837124984709e-16,-6.35213797160354e-16,-2.56926895809511e-16,-5.32471216026179e-09,-2.57733268613863e-09,-1.5021069526265e-08,5.80310087867169e-16,-1.99480160283997e-09,-3.21457512641246e-17,1.17229574097193e-16,6.70880995560746e-07,-7.25032588725575e-09,-1.99493199737333e-17,-1.848205569301e-08,-9.59670009760284e-09,-4.20292550391955e-16,2.19663658310779e-08,-3.75006574000566e-16,7.91614414233242e-09,-1.094413566401e-16,7.96361357373701e-09,1.75312783750374e-06,2.44289582003018e-09,2.31745456151935e-09,1.60116971270715e-08,-8.12540205334233e-09,2.29148227282402e-08,6.89329301348817e-17,1.55606784332876e-07,-8.83116772010809e-09,-4.51584141707606e-16,-1.17593258742643e-09,-5.36589620368384e-05,5.41363067619386e-09,4.22129144276061e-16,4.10762332570352e-07,2.40046780781977e-08,6.41003017207243e-16,-6.03943864777928e-08,-1.34039708943251e-08,-7.06857136082953e-10,-2.19990390461419e-16,-4.84498965165817e-16,2.95934522294918e-07,4.04169337719623e-09,3.27918655160696e-10,-5.63061747468811e-09,2.59533489737889e-09,-6.47777436110393e-18,-6.22603151782187e-17,9.55528748272204e-09,6.59344775876811e-11,1.74372266250875e-15,2.34611057299526e-08,1.26992548458266e-16,1.23211067420203e-08,-4.65614335040138e-09,-2.72484101166173e-09,-1.81784990091171e-08,4.78605670115191e-16,1.30714765085043e-16,-2.81179489081781e-16,2.65695908125046e-16,-1.5550920059276e-09,-5.42493042236584e-09,-8.0438425299782e-16,-9.43051785946198e-16,1.40004460435246e-15,7.80146280775059e-09,7.07942624332939e-11,-4.00917404569915e-09,-1.53822560031267e-17,1.66891240410694e-15,-2.62441977871841e-15,-4.38367963592052e-06,5.78483420485933e-09,-2.62045674459875e-16,1.11073971120048e-09,-3.00029098603622e-08,-7.96043565195286e-17,1.21565283371593e-15,-2.29119231494975e-08,-5.37997043590786e-09,-1.27693730714624e-08,6.27290773319129e-16,0.00814426887849098,1.11878294558454e-08,1.80022817950031e-08,-1.98757142966114e-08,-5.58554180017346e-08,9.85490827885578e-10,9.29161069390333e-16,-4.93600642227437e-15,-2.53134577571109e-15,3.67378722002244e-08,-3.38274638486002e-08,-1.49059866455898e-08,-0.566164501964239,1.24956561657722e-14,-6.41139893126607e-15,5.68751431248019e-16,4.73031459340759e-15,-2.60411524963892e-15,-3.87376697424543e-08,1.46300124892446e-15,-1.18921370444536e-15,4.14204252968558e-09,-4.52716821869191e-15,3.63567191072671e-09,6.48946550645624e-16,4.36259576754444e-09,5.36723904874228e-15,3.02312423489341e-09,3.35373479928633e-10,2.55365664502831e-08,-5.31068875366088e-15,-7.19995888903922e-09,-2.54293638845652e-16,-6.01127781328947e-09,-1.99749457770083e-08,0.0958275372173713,-2.21506428761737e-15,-5.25084915338673e-09,-1.81097019535688e-15,4.92622408149058e-10,5.92754089484576e-08,4.01401908098064e-16,-3.71551378872917e-16,6.63612569609943e-16,-3.0460367000279e-16,1.5670234990258e-12,-9.40876556759027e-13,-5.43585809751741e-12,-1.48427740924658e-15,-3.24674027069444e-16,-2.84463351736086e-10,2.39325339147084e-09,8.38499199544716e-16,1.68109333955402e-15,-2.21717494502445e-10,-1.01063115253001e-16,-1.69666086841811e-09,-1.11349570272968e-16,4.31765845477038e-07,1.30854988474034e-15,2.7821066217891e-15,3.12062515641673e-16,-1.86340484846708e-15,1.81449593787952e-16,1.65168099803013e-15,4.70318853189387e-10,-3.29763070088939e-09,7.79339056621399e-16,-5.93187891333803e-08,9.09003267904543e-09,-1.82043685146958e-15,4.25849446513928e-16,-1.31360210406189e-16,1.70853074991267e-15,9.82189048097361e-10,1.6007375929351e-10,1.18134766435059e-16,-1.49247586419472e-15,-1.85626172927639e-09,-1.6856166122219e-07,-1.01220887256883e-10,-1.02506308627816e-15,1.24125608393554e-15,1.69017415172241e-16,4.54457922009049e-16,6.62569015211206e-16,8.09422014589635e-16,4.44207836146688e-09,-4.24085693841436e-09,-8.22867155369384e-10,-1.51646983523466e-15,-2.71638340790639e-15,-5.03559810947632e-15,-2.31126426832827e-15,3.41722779595698e-16,3.15151430019822e-15,2.04800118818451e-16,9.15882828753563e-16,2.76233547535578e-15,-3.6884366186245e-15,-1.1661780224717e-15,2.19576084797327e-15,-4.86443135996422e-15,1.22191115768639e-15,5.1204137645325e-10,2.10763930945782e-15,-4.33353414169798e-15,6.13828487703953e-15,7.35066179859101e-09,-8.88186495667684e-11,1.23198233816782e-15,-1.90703747789352e-10,6.87145392999007e-09,-0.707106781186551,6.76373369108111e-15,-9.94572361102852e-06,-8.03409109415225e-15,1.74986484072173e-10,1.99565702444649e-15,-1.25058893578872e-16,7.36871712706784e-15,5.61542287736878e-16,1.80623592112616e-10,-4.85164280459414e-06,3.15763302054681e-16,3.20389436316303e-16,-2.08003962357929e-15,1.2566537275341e-15,-2.10053328897342e-15,4.34138599419012e-16,5.46156192011247e-16,2.2416246950306e-15,3.19280682040848e-10,3.78072455336774e-16,-4.34801396425779e-16,-1.55776539011193e-15,7.84497976193913e-16,4.46294300526776e-16,-8.52123620080881e-16,-6.39977402147588e-09,1.68865658830077e-16,-9.01845538172969e-16,1.07515271796823e-07,-8.21446082816844e-16,4.08406577972203e-16,-1.1920484955873e-15,-3.51939766315442e-16,4.11654485465155e-09,5.59919091697912e-16,-3.05458447673743e-09,-1.02491799940067e-15,-2.01981211126083e-17,-4.51239594077154e-16,-1.9502086577583e-17,5.78108452322324e-17,-1.90182746190661e-16,1.11528936025891e-10,-5.63514243656502e-17,-7.71671664870373e-16,6.34071391652574e-10,-1.40361481058885e-08,2.85622596166534e-16,9.8965235194702e-09,1.45237742262332e-09,-2.81896225695662e-16,4.48280703477742e-16,-2.41744990517006e-16,2.671529376478e-16,4.15075558733497e-16,-2.50905011186849e-09,-6.14933590418013e-16,-9.32136826589441e-16,7.8602408340321e-16,1.01136765031005e-09,2.40836697357828e-16,-8.5789136194965e-17,-5.11728402578445e-16,-5.28660048554144e-16,-4.64846755340372e-10,-8.55485481615081e-16,1.40231572937452e-10,2.74451047356141e-16,4.26865609123293e-16,-1.31293707056742e-16,-3.13315252748444e-16,-1.02369697786819e-16,6.40044986976957e-16,4.50692642422805e-17,-2.46632528729466e-09,7.24383510527127e-16,-8.48396731746403e-16,1.04027283836923e-09,1.16980407311202e-16,-1.73352300732654e-16,-3.20731536279974e-16,-1.3309116227739e-15,1.13139563280985e-16,3.47499890836465e-16,-1.70783735527016e-07,-1.59339612406593e-17,2.82375786593745e-16,2.27818958958418e-09,4.25480949726586e-16,-7.17412981708488e-16,2.90811631333259e-16,-3.3862799841579e-16,-4.44433648341462e-17,-2.72990299477769e-16,2.28632328312326e-16,-3.57262805100186e-17,6.91059181615611e-16,3.04116734134525e-17,-3.76599382321681e-17,-1.21417071648225e-09,4.03364623494147e-09,5.22540558681231e-17,-2.9888706455701e-17,1.77249029105256e-16,-2.01243668406509e-16,8.5413447148408e-16,1.34835132218795e-16,-1.450182079989e-16,-5.33189607666952e-16,-3.52842881091509e-10,2.20270103937587e-16,-3.22613583843654e-16,1.57047602805525e-16,-1.8225468538124e-16,1.14969892529702e-08,-1.88389585162385e-16,-7.28299613988545e-11,4.51301450007181e-16,-1.13548310983923e-16,1.00177683531059e-16,-2.83113701278451e-16,7.0855357928042e-17,1.05309414316894e-16,-1.44724435165724e-16,-2.49196156307484e-16,-5.00580745460844e-17,4.57313663968641e-16,-2.20118621102935e-16,8.6185542229369e-17,2.26885481827231e-16,-9.89210832485767e-17,-1.43370612907328e-16,-1.89864399921821e-17,2.58653807826914e-16,1.5020615874847e-16,-1.86361052090339e-16,2.18981448733226e-16,4.91360424570431e-16,-4.48430583338448e-17,-1.76164342216937e-16,1.46098716996514e-16,4.52348170362034e-17,3.57107249435545e-11,1.24021396464794e-16,-1.70625289321363e-17,-5.85293608357949e-17,-3.04709291781015e-16,2.72789447522572e-16,1.08010940302651e-16,-6.43363594008032e-17,2.40236490612524e-16,-1.82199906626163e-16,-9.05042703276783e-17,-9.77950359581925e-17,8.98891701321219e-17,1.93528392173109e-17,-1.59361523916668e-16,-1.2553340691685e-16,-1.16894583513806e-16,-1.14267375230993e-16,-4.68427816421725e-10,1.54569587115215e-16,6.85782678197394e-17,6.72753987566727e-17,2.26801204924491e-17,4.51128249965667e-17,4.3256912963725e-17,-5.59146336576664e-17,-5.06643834230921e-18,4.04026209719558e-17,1.0111179385842e-10,-1.16483949894201e-16,8.89850915134278e-17,7.77561303265247e-17,1.7411232740958e-16,3.93672047333335e-17,-4.36640483402557e-18,-4.46221784070255e-17,3.65310546821222e-17,3.16978035177006e-17,-1.50779255061153e-16,1.01191181110343e-16,-7.51582559781902e-17,-4.50271943935283e-17,5.19262902813526e-10,-2.47807120041878e-16,-2.8538031551227e-17,-7.3507984384074e-18,-1.94722710178397e-16,-3.96614199659716e-08,5.44504573101523e-17,1.71698199885178e-16,-5.59402936917337e-17,-3.07798309213771e-17,-1.06777840560293e-17,-1.38147789713024e-16,3.34643060404544e-16,6.79695739687906e-17,4.08138801472491e-18,-3.62252636763949e-17,2.34763323742241e-17,4.36532213391437e-17,-8.04326629611929e-18,-4.05913840720173e-17,5.03181845520286e-18,7.55111044693866e-17,-2.07532250473441e-16
"t539",-0.00506091535075842,0.0543696141799175,0.0701310070437795,0.0172639897447625,0.0360522054114252,-0.0060916791621669,0.00187432340315424,6.56801134736561e-05,0.0005766417332382,-0.00162817877410271,-0.000603856220611293,0.00761404152671871,-0.0264868780793238,-0.144864472978289,0.00387961029287082,-0.000507612469515608,-0.0297156448380491,-0.000271107098702325,7.64317885111193e-05,7.91815352243555e-05,-0.000356702229460881,0.000118775820010361,-0.000335639881368522,0.000579880105586595,-9.19863695754276e-05,0.000289932195324116,-0.000385101987730885,0.00337343810417013,-0.00248815837607015,0.0131899483379748,-5.60692899757314e-05,0.000903820430727935,0.000380497835144347,2.29576427072355e-05,-1.31547073308092e-05,-3.24031389316462e-05,-0.000117702159777652,1.25729079420163e-05,0.000111929336505962,4.0947906169489e-05,0.0348322109420833,0.00018919445005882,-6.49370131743728e-05,7.54337790621711e-05,-0.000134470462793039,-5.8630222167952e-06,1.95449696328418e-06,-3.39622202445179e-05,4.85228522425607e-05,-0.000119089091214185,0.000126488350451041,-0.0069623519170724,-2.09124992086743e-08,-3.66893199876036e-05,2.51789246478457e-05,-0.0002774361323282,5.06239639811871e-05,-0.160370442459881,-0.0121244534835983,6.27567837516874e-05,3.39675041713384e-05,-3.5214978052343e-05,0.000873789176197893,-0.00132636587474233,3.28807084912701e-05,-9.32017743980519e-05,6.43614243910366e-06,-0.000541957168920544,0.0544332653350718,0.000235962493636496,-9.28767668092297e-07,1.32559543709453e-07,1.38430873656676e-09,5.1111537946858e-07,-2.40686220969649e-07,-3.24310234199036e-09,3.49978085057942e-06,-0.00251464241060202,1.60640190886349e-07,2.87484249407602e-07,-1.86340382108185e-06,-8.00712321080598e-07,-9.05455340551033e-08,-7.42595641775026e-07,1.39142783607693e-07,4.6701371756335e-06,-7.98895372712376e-07,-1.28782064103581e-07,-2.88130407449319e-08,1.10895644150726e-06,-2.54869486383108e-07,9.08860142354029e-09,6.21224280134381e-07,-6.75239518824897e-06,-5.18978480686366e-08,-2.50573918023517e-06,-2.96080608091189e-07,3.09790531151843e-06,-0.000343587553193222,-1.31080102961033e-06,-5.07101686964726e-07,3.34183127541502e-08,-7.27436422354535e-07,4.28709668522745e-07,-1.91655732999113e-07,3.08782109948459e-07,-1.08755895866806e-05,3.76290366918429e-07,-1.74719180013458e-06,6.24546436975813e-08,5.90978727051194e-05,3.54677430220625e-06,-1.10058765614035e-06,1.24702020897599e-06,-4.81616720077705e-08,1.63072615738029e-06,-3.4696516615116e-06,5.19108913339452e-06,-1.07011295519031e-05,0.00928484144875003,2.12404187087611e-05,-0.00014173118192339,2.79365613726311e-06,7.51120088700981e-06,-3.15988280184224e-07,1.86299221767222e-06,-1.80754533977631e-07,2.23958970047614e-07,-3.2776109445445e-08,-3.48597694433603e-07,6.10244531347197e-10,1.58520915037696e-07,-1.85515718424576e-08,-2.78489083173398e-08,-9.5016176027223e-10,-5.37708626141824e-08,4.35952341987285e-09,0.000805972501736117,4.83244721873431e-07,-1.20905455645267e-06,-7.21533906425906e-09,8.7287542758436e-07,-7.56405153766435e-07,-6.14951908738651e-08,-2.34862398288671e-08,4.01721588849648e-08,0.01181417506871,7.1676676140677e-07,3.96076471381373e-08,-7.39140720654144e-08,-1.54175684505828e-06,-3.13119716736815e-07,-8.69120579214295e-07,2.28321471786387e-06,0.00361685532938311,-6.85225058393032e-08,8.50610782803763e-07,2.56829556675281e-07,2.0553111694594e-07,8.8674118633137e-08,5.76323986382421e-05,-0.0704751521415872,-1.0202983397743e-06,-1.87523160726928e-05,8.23234416556973e-06,-4.51394069633639e-06,4.03132027519444e-06,6.89244589830593e-08,3.42840292696226e-06,0.000101603773063059,-7.1016440322915e-06,-1.24926359687822e-06,1.4391859721411e-07,3.70086459102798e-07,9.11204444684537e-07,1.45539829537095e-07,8.15449012051969e-08,-3.38465338212681e-06,-5.34211521296065e-06,-4.77628221748421e-05,0.000911869649685517,-8.9769380760487e-06,-4.62364477242501e-05,1.17614964223603e-09,-6.68477592575326e-07,-1.59191603582452e-08,-2.66809689960502e-06,9.21911977510295e-07,4.15637820838302e-06,-5.43369527556374e-06,-1.28471379877131e-07,2.44207240500715e-07,9.78557504854619e-07,1.75509133935842e-09,5.50472388523297e-06,-2.42754509265641e-07,-4.48249077352703e-07,-3.19647815352016e-07,2.67982636421284e-07,1.15686823703018e-07,1.15634085062403e-07,3.76368634601194e-05,-2.95882678188991e-09,-5.13711499905374e-07,-7.78127353210462e-07,-3.85682748288236e-06,4.94765203819304e-07,2.57515162344242e-06,-3.55517847723499e-06,-2.08732316772135e-08,-1.26284681877795e-05,3.93325677044583e-06,-7.44059924571484e-06,-4.94501313924168e-07,-3.87534506954438e-08,8.3062703351896e-08,-2.02725111511472e-06,-0.44461632888964,-1.06951930917927e-06,-5.02361976266149e-06,-0.000575831344208233,3.04449469700195e-05,7.58352143991427e-06,0.000853139661466595,-1.04430459144172e-05,-4.7057866319938e-06,-6.75163297257974e-05,-0.254590582064605,9.45676268317557e-06,3.1575933793614e-06,-7.19709019829557e-06,-1.15704520407326e-06,-5.23220490725778e-07,-8.28141185726093e-07,2.74263304183095e-08,4.83601389276974e-08,1.34212505867535e-06,-8.753434372852e-17,9.89877989218262e-08,-1.29363879491223e-06,3.18821620644193e-06,1.50750205677552e-07,3.61500474653792e-08,-4.85939644758516e-09,-3.16547614008225e-08,1.90951793694305e-07,-3.28341402198863e-09,2.71599882328919e-10,-7.01021711776445e-08,8.48763727290146e-07,-7.11164694325195e-07,3.02533901908822e-06,-2.1144218604877e-07,1.57254223823131e-08,-1.12011823644523e-09,5.70355796908171e-08,-6.27980430965465e-08,1.00131151615654e-06,2.63376695660272e-07,-6.09789824969677e-08,0.00265253966687718,4.60298144676952e-08,1.88175873188215e-05,-7.52518331801393e-07,9.78641298547656e-08,-3.43653833239725e-08,1.42768199290838e-08,7.23301629148954e-06,-2.38534007532241e-06,3.61307046295653e-07,0.407393798991929,6.57517982755921e-08,-6.20157969982134e-07,-4.48674264887962e-07,0.00118884473557344,3.84531855558032e-07,3.1082550723565e-07,-3.15224750192914e-08,6.72836668131333e-07,-3.59675947917352e-08,1.43136830797902e-07,2.28214473552209e-16,-3.8027602635681e-07,-1.31347962204013e-08,-1.7631382255879e-11,-1.60394270917068e-07,2.08637118158459e-08,-1.30964909485195e-08,-4.34889095239775e-08,5.27267620125359e-09,-2.24362576478285e-07,7.80342396020329e-07,2.8981524787869e-08,-7.24261930400815e-07,3.46824012119078e-07,-4.20934646436866e-07,1.35427440096384e-06,-2.15020196625581e-07,3.56934620779608e-07,1.2660497222374e-08,9.62413590912805e-09,5.40668914580958e-07,-3.56794301908075e-06,1.59050841176179e-08,-4.41801182543042e-07,1.54442051675659e-05,-5.03127097044927e-05,1.40092028766884e-07,1.27664248802344e-07,7.46635572315722e-07,-2.40145253743848e-07,-1.45716944148996e-07,2.04654349889371e-07,-0.00161961489526566,-1.77329823512001e-09,8.70272334375387e-08,-2.39917800224539e-07,7.07488722335516e-17,1.08000939875176e-09,7.11194480983972e-07,-8.31238869030207e-08,4.34262601829989e-07,5.60563187828184e-08,1.2963927300109e-07,4.47672785526863e-07,-0.00170443415088435,-1.74206506056812e-07,3.78333608776901e-17,-3.3164712734331e-07,-3.1982932231915e-09,-1.28012915087745e-08,6.11982983233931e-08,1.07768529190321e-07,-7.53574409041633e-09,-2.98820748083046e-07,8.11693772066377e-08,-3.95973888018928e-07,5.35434545984379e-07,-8.28587907560049e-08,-1.99646390460085e-07,-2.47511744347622e-07,-1.50163368740387e-09,-2.00410501861557e-07,1.20491397922698e-07,-2.18527587484529e-07,2.65478970055667e-16,-6.47363814851958e-07,5.09675652815046e-08,1.46889972093699e-09,1.29791738946339e-08,-4.2544868641879e-07,-8.88457804541506e-07,4.52350859641965e-07,-1.64395578320889e-06,-8.10167136875359e-08,6.24194433504023e-17,-1.48613601236353e-07,-5.85834061167909e-08,-1.88363066273792e-07,1.04211825781956e-16,3.57864982920192e-07,5.18115456076283e-07,-7.92546911730806e-08,-2.97678775478227e-07,-1.017917017666e-07,-5.86243117262421e-08,-4.81247595634162e-05,4.85569860940946e-08,3.91454280105195e-07,2.20724148739284e-08,1.09802625720986e-07,1.58519728593694e-07,1.73123166590523e-16,-6.37968022014081e-08,2.09730740012114e-07,1.02837430124076e-06,-1.38281741492375e-07,-9.61425219327942e-17,-3.57836084066467e-06,2.5804522117397e-08,-6.33330440594444e-08,-4.28186644466637e-08,-1.45037415228463e-07,1.57387595353826e-07,-5.5621932200288e-05,3.42769143446253e-07,1.96608969631416e-16,2.07817412707501e-06,-4.44371330918973e-07,1.78054229941356e-06,4.52656294570425e-05,-0.0518359002403553,7.53134364530634e-09,5.759281940243e-16,7.37805182726956e-17,5.22302982376453e-10,3.05516178561406e-09,1.66003830361897e-10,-3.04933668679501e-08,5.88539878879928e-17,-2.83649073077423e-08,-3.74574095050043e-10,-1.20742325831551e-16,1.44851847492578e-17,3.87512468866944e-16,9.55344069508001e-08,7.41651730364338e-06,-3.22101045844723e-07,2.58852258708668e-07,1.2940058411976e-07,6.27176018893596e-06,-1.16835247518199e-07,-1.65268499275526e-13,-2.66872564828381e-08,7.56460225495226e-08,1.90236142403582e-16,2.20371521429178e-17,-4.8820053245043e-08,-2.6433389581457e-11,-2.91934187072822e-08,1.59301791929317e-07,2.9062334818747e-08,-1.08858151392862e-08,-9.3105702863177e-17,-3.66467485780643e-08,-1.88053365357788e-17,-1.25243241240334e-07,-2.59774840527527e-16,-3.27897111122835e-08,2.80510764532346e-17,1.34955017473907e-07,3.5553323379516e-08,1.48687482374318e-08,1.95573170499582e-07,9.69202976603112e-08,-1.11425508065608e-08,7.07540810639423e-08,6.3745110028307e-07,1.19560286406129e-07,1.10350985791107e-08,2.48933786915051e-08,-7.01953565194267e-08,-1.20490691063043e-07,-9.78657230415129e-09,-3.36724803102139e-08,6.32324523888607e-17,3.15711758525038e-07,-5.45039018117247e-08,2.83084446395529e-08,-3.37275231932512e-19,4.96755915234868e-09,1.35382059445431e-07,1.10178711235985e-05,-6.6409665726686e-17,-1.15061225266696e-07,-6.18898077815261e-08,1.14221677174528e-16,-2.12068166294263e-06,1.83312636804764e-07,2.16363716545415e-16,1.54995049240722e-16,-6.73290654981474e-09,-3.61516668007494e-08,-2.06132870087538e-10,-2.86245935641134e-07,7.61462665235198e-08,2.24009238168162e-08,2.15849015657979e-08,1.9980953083128e-07,-4.49240585257313e-07,6.16043674406264e-16,9.27082611994215e-10,6.3809074555542e-10,1.76155353152405e-09,1.64919830883282e-07,-1.34152390684374e-16,3.4197072202457e-16,5.42759014253364e-08,-6.09671468053825e-17,4.96371323513905e-17,2.58925906542088e-07,-8.63389924185024e-06,-5.7623006622975e-08,-3.89251007895091e-09,2.01964203642836e-06,1.15666310124282e-05,1.28277380718617e-08,-7.27527061720183e-17,3.03210839221859e-08,1.41693336479896e-09,6.50301051242654e-09,-6.54877970225358e-08,2.58854585532433e-07,5.18998956858532e-17,-1.17753627169878e-16,4.09002291209515e-16,-2.26820831803411e-08,-1.08890359187457e-08,-6.34231243191564e-08,-1.26149000378135e-16,-8.35574069693571e-09,-4.85327828898875e-16,-3.12693699716563e-16,2.71160585518277e-06,-2.9291416220156e-08,5.42101086242752e-17,-7.40002279732604e-08,-3.82218454256355e-08,-1.91944729846621e-16,8.65367313072956e-08,1.2090495719362e-17,3.07698346111652e-08,1.84669983552754e-16,3.09165626898309e-08,6.79959125476749e-06,9.4647263557947e-09,8.96527299964736e-09,6.17331888774382e-08,-3.09252740566309e-08,8.56042790212421e-08,2.46134202215471e-16,5.67349128164121e-07,-3.21127268942156e-08,-4.438399717115e-16,-4.26070927404845e-09,-0.000193136520968511,1.93676241305752e-08,1.50394136052945e-16,1.43838287917309e-06,8.36899937386824e-08,-6.28995810948949e-17,-2.09317228143274e-07,-4.63190273623641e-08,-2.41547448892277e-09,-1.93272928339121e-16,-5.26091413409401e-17,9.83407691571489e-07,1.32622943670945e-08,1.07317825984969e-09,-1.73217767043779e-08,7.89479873954343e-09,5.43478832807356e-18,5.87263250616019e-17,2.8834852897444e-08,1.98768087044839e-10,2.75086940713474e-16,6.97426321971551e-08,6.24822111552213e-17,3.61134552502794e-08,-1.33715591898355e-08,-7.81349655651227e-09,-5.18171123333396e-08,-3.97369301333013e-17,-2.43387094665725e-16,2.66253040978511e-17,-6.66125321944455e-17,-4.17799415757692e-09,-1.44968751750613e-08,-4.15862485107069e-16,8.78185213538527e-17,-1.44009015282799e-17,2.04309940130505e-08,1.83715789785262e-10,-1.01346004355524e-08,8.9082406109319e-17,8.18572640226556e-17,-5.38848479725296e-17,-9.93114292060218e-06,1.30458589430333e-08,2.08961623161189e-16,2.36508189364879e-09,-6.21698888080157e-08,1.7916476269345e-16,1.19083900656606e-16,-4.37646195883751e-08,-1.01916577368897e-08,-2.23632263021971e-08,8.94648375570336e-17,0.00533925358020032,2.90693299490878e-08,3.42833303106355e-08,-3.2168975288105e-08,-8.69403461310086e-08,1.42312632156463e-09,-5.58935125042009e-16,3.13577530983114e-16,-7.33111647320774e-16,2.74959350823226e-08,-2.48999958474857e-08,-9.40058452833447e-09,-0.00163171630381652,1.35817804530943e-16,1.26970379860448e-16,1.52054682217781e-16,-7.55829021144521e-17,1.26489585517086e-16,3.52763979835782e-08,-2.68272162808297e-16,-1.3222298183519e-16,-5.72295213684545e-09,3.22257788983297e-16,-5.12349279079516e-09,1.80218009683398e-16,-6.35295281745111e-09,-4.72836773883684e-16,-7.71318101140209e-09,-9.65796302460815e-10,-8.81667446862319e-08,2.53798201387852e-14,3.10521088319589e-08,1.58387774438645e-17,4.41379285103683e-08,-7.78151188007134e-08,9.01859981400395e-05,-7.4418830786997e-17,6.28433852908458e-08,1.65409960211479e-16,-1.54907358089303e-08,-1.97035750511454e-06,-1.91093604081095e-16,5.88376790439954e-17,-4.45239007295305e-16,-2.78244779274651e-16,-2.93252305718683e-10,-3.81975909050354e-09,-8.53192032366879e-10,3.36881568403073e-16,-4.04476886224825e-16,-9.03230511640633e-09,7.3682858816107e-08,5.1944077142509e-16,-4.63597739777437e-16,-3.90159208841619e-09,-5.47641594659552e-17,-2.76647413049407e-08,-9.25542500272716e-16,5.89201410534308e-06,-7.00661442028146e-16,1.29112195716227e-16,-9.23890226085332e-17,3.74981725733942e-16,5.13713271569826e-16,-7.45138652834733e-16,5.02608141330487e-09,-3.51514172452164e-08,-9.35862566874686e-17,-5.93820619891783e-07,8.88467936283747e-08,-2.15834756857643e-16,2.05592918074638e-16,-1.71138375870026e-16,-4.85948595168286e-17,8.77083536833891e-09,1.40314718238003e-09,2.16603130147771e-16,2.77821528418572e-16,-1.59532268484372e-08,-1.44504876219626e-06,-8.60554771857553e-10,1.16720810779547e-15,1.94606363879765e-16,4.32788859905635e-16,-8.00343034157561e-16,1.3239596841045e-16,4.04356380635387e-16,3.36667606903521e-08,-3.18495399441406e-08,-6.12545421683758e-09,-1.22947450411581e-17,-1.27991061645006e-16,-3.04509459097518e-16,-9.39756407831752e-17,8.81263728977219e-16,-5.74230453254353e-17,-4.00836700290734e-16,3.24521174594578e-16,9.56255520388685e-16,7.2227321580626e-16,-3.45741389704973e-16,-1.84796197792453e-15,-1.37102215194941e-15,-7.14417903033629e-16,3.37276173742103e-09,-1.77460061898944e-16,-2.01567481220377e-15,3.60657042931055e-16,4.77798256519503e-08,-5.75606076935892e-10,5.69323779582988e-16,-1.23359409782256e-09,4.37741451499143e-08,-2.45264685233895e-16,-9.16615695880694e-16,-6.22235691744399e-05,7.96174994247858e-16,1.07222459855759e-09,-5.4757071040379e-17,-6.51583325231969e-16,2.43817759843541e-17,1.77471920716409e-15,1.07414034138365e-09,-2.87960503454144e-05,-6.47608625207075e-16,-1.0777226864186e-15,7.84392391602958e-16,1.8547253927162e-15,-7.39837878460659e-15,2.89069736848593e-15,-2.86768738794714e-15,5.08307758860032e-15,1.74060618303087e-09,-0.707106781186548,-2.5257727147171e-14,-2.17828859515277e-15,-7.24025132140448e-15,9.14907546964325e-15,1.41502843448974e-14,-3.43585132099903e-08,8.70672115574603e-15,-3.73264660872209e-15,5.75642974754608e-07,2.5114941255435e-16,-4.82757817031271e-15,1.46534296537603e-15,-4.78423189602431e-16,2.13851994422498e-08,-2.40794407395134e-15,-1.57882068272832e-08,-2.80640339946822e-15,1.69484185436863e-15,-1.05973918115491e-15,1.07660089881684e-15,5.58782362355719e-16,-1.43213814784443e-15,5.70695027538319e-10,-2.02767585403544e-15,-8.4222120443027e-16,3.22043138796973e-09,-7.12627738062983e-08,-5.09405394693027e-16,4.99321361726453e-08,7.31370497085846e-09,5.23899720471587e-16,-5.34541081443506e-16,6.9581145324252e-16,-3.68247448318768e-16,-2.47236988532207e-15,-1.22972772543933e-08,8.73379754742597e-16,8.19997369253219e-16,2.71375347610177e-16,4.9245154666156e-09,-1.50629779196561e-16,1.11763909864223e-15,-9.103812166131e-16,3.52786152213343e-16,-2.244426881773e-09,-6.67252396116857e-16,6.75359541653695e-10,7.31752568087599e-16,-1.60914597791661e-16,-9.67678080628443e-16,-2.49245025076816e-16,1.90554837282662e-16,-1.91034539895955e-16,-1.40695058634198e-16,-1.17232267302211e-08,-2.36246656585031e-16,-1.84334440676223e-16,4.92917241617879e-09,-9.71437584877523e-16,6.26701175832452e-16,6.51431432606526e-16,-9.487944539927e-18,2.08063425677102e-17,-5.82857665019214e-16,-8.01438676751687e-07,1.88538350588909e-16,4.56301590956581e-17,1.0645805072404e-08,3.8435631328704e-16,2.59732341140715e-16,2.14766878916117e-16,1.38111849986513e-16,-1.91589289322651e-16,7.65756741856593e-16,-4.32662245418849e-16,1.10963992683478e-16,2.52302172758896e-16,3.80457089317782e-17,1.33930170782753e-16,-5.58893959656109e-09,1.85347071253413e-08,1.82261430368537e-16,2.83998642982768e-16,-2.44619912054147e-16,3.55538115541126e-16,-9.75781955236954e-18,-3.66273174942655e-16,-2.59240505171606e-16,8.20958286529588e-17,-1.60682825561352e-09,-3.09664154160686e-16,-1.46449831770977e-16,3.43464141583045e-16,-6.30195902761856e-16,5.19703314905987e-08,1.2982006889938e-16,-3.26553254254677e-10,-7.09761566163752e-16,-1.06349887414898e-16,-7.153072958655e-17,-1.39949296697835e-16,8.07192618276743e-17,8.00841962081475e-17,-1.81987626449173e-16,-1.94602861227579e-16,-4.25631982454546e-17,-1.61023477550276e-16,2.44356836450609e-16,-1.72749856560508e-16,-4.49466564954839e-17,6.58974177751364e-17,1.16345344072687e-16,2.74283674440953e-17,-1.00906372800665e-16,-8.46954772411735e-17,1.75414629023476e-16,-9.86097506213924e-19,-1.70219741080224e-16,1.60326675910852e-16,-4.2837616913506e-16,-6.26457221758534e-17,1.4985288713798e-16,1.5569345820781e-10,3.74001844339216e-16,3.05552788267368e-16,1.87630847722303e-16,-6.73121114069871e-16,3.17792594304176e-16,-1.4861679452152e-17,-2.27480147054529e-16,1.63240539757974e-16,4.18377378963769e-17,3.08925700336648e-16,-3.46944695195361e-18,-4.48386231939598e-17,4.60216003823233e-18,-1.02887208911136e-16,3.87208871000176e-16,-2.34098665905412e-17,9.02510875445212e-17,-2.00692489431042e-09,-2.20078328442033e-16,-3.58013882506881e-17,6.20116407284023e-17,-1.02160627734277e-16,6.88268043751116e-17,-3.47811971553296e-17,-3.59279867900346e-17,5.79440063689465e-17,-9.97172607186653e-18,4.25920808918162e-10,4.1472822096059e-17,1.3825067334519e-17,1.08716364292484e-16,2.79228322491479e-16,9.4007610226277e-17,1.75619421470371e-16,8.02584927848083e-17,3.5459287812073e-17,3.02120562420368e-17,-2.09825692233718e-17,-2.27641108064706e-17,7.39717628785368e-17,5.67470655388768e-17,2.15244158592668e-09,-6.4459823458353e-17,3.81394157647712e-17,8.34333552781445e-18,-3.6949610038306e-16,-1.63224532722772e-07,7.41455027161573e-18,-9.11690907795697e-17,-1.02074840558328e-18,1.84235199335165e-16,-2.76140893293661e-17,1.42425905092982e-17,1.32209924694218e-16,2.44340069524396e-17,-1.24033226629807e-17,7.045166386225e-17,5.04608826040882e-17,8.43442758452885e-17,4.72220909455801e-17,4.18082432987107e-18,9.8331223416477e-17,-5.84420171471113e-17,-1.71871575578458e-16
"t540",-0.00506091535075842,0.0543696141799176,0.0701310070437795,0.0172639897447625,0.0360522054114252,-0.00609167916216691,0.00187432340315425,6.56801134736567e-05,0.000576641733238201,-0.00162817877410271,-0.000603856220611294,0.00761404152671873,-0.0264868780793238,-0.144864472978289,0.00387961029287087,-0.000507612469515612,-0.0297156448380491,-0.000271107098702312,7.64317885111093e-05,7.91815352243729e-05,-0.000356702229460878,0.000118775820010354,-0.000335639881368532,0.000579880105586584,-9.19863695754558e-05,0.000289932195324111,-0.000385101987730885,0.00337343810417013,-0.00248815837607015,0.0131899483379748,-5.60692899757356e-05,0.000903820430727952,0.000380497835144348,2.29576427072372e-05,-1.31547073308408e-05,-3.24031389316274e-05,-0.000117702159777667,1.25729079420023e-05,0.000111929336505964,4.09479061695058e-05,0.0348322109420834,0.000189194450058802,-6.49370131743743e-05,7.54337790621601e-05,-0.000134470462793063,-5.86302221680955e-06,1.95449696326296e-06,-3.39622202445094e-05,4.85228522425775e-05,-0.00011908909121418,0.000126488350451044,-0.00696235191707243,-2.09124992157013e-08,-3.66893199875741e-05,2.51789246478388e-05,-0.000277436132328208,5.06239639811863e-05,-0.160370442459881,-0.0121244534835983,6.27567837516563e-05,3.39675041713372e-05,-3.52149780523381e-05,0.000873789176197879,-0.00132636587474227,3.28807084912527e-05,-9.32017743980614e-05,6.43614243911882e-06,-0.000541957168920604,0.0544332653350715,0.000235962493636488,-9.28767668088086e-07,1.32559543736342e-07,1.3843087272206e-09,5.11115379447678e-07,-2.40686220929848e-07,-3.24310231452529e-09,3.49978085061389e-06,-0.00251464241060258,1.60640190896403e-07,2.87484249409037e-07,-1.86340382108265e-06,-8.00712321089519e-07,-9.05455340613045e-08,-7.42595641791641e-07,1.39142783601574e-07,4.67013717563437e-06,-7.98895372700883e-07,-1.28782064107321e-07,-2.88130407256365e-08,1.10895644144307e-06,-2.54869486387469e-07,9.08860141660139e-09,6.21224280138127e-07,-6.75239518826974e-06,-5.18978480678877e-08,-2.50573918023964e-06,-2.96080608083534e-07,3.09790531154062e-06,-0.000343587553193253,-1.31080102960035e-06,-5.07101686978118e-07,3.34183127592464e-08,-7.27436422357219e-07,4.28709668502513e-07,-1.91655733004083e-07,3.08782109964655e-07,-1.08755895866687e-05,3.7629036692184e-07,-1.74719180012851e-06,6.24546438036163e-08,5.90978727051222e-05,3.54677430220253e-06,-1.10058765614028e-06,1.2470202089719e-06,-4.81616720129068e-08,1.63072615735901e-06,-3.46965166153949e-06,5.19108913339744e-06,-1.0701129551908e-05,0.00928484144875008,2.1240418708778e-05,-0.000141731181923386,2.7936561372555e-06,7.51120088702239e-06,-3.15988280205582e-07,1.86299221766056e-06,-1.80754534027938e-07,2.23958970040627e-07,-3.27761094133318e-08,-3.48597694386084e-07,6.10244535016121e-10,1.58520915033742e-07,-1.85515718578486e-08,-2.78489083262857e-08,-9.50161786761491e-10,-5.3770862603712e-08,4.35952342397875e-09,0.00080597250173539,4.83244721861374e-07,-1.20905455646682e-06,-7.21533903673025e-09,8.72875427628744e-07,-7.56405153780668e-07,-6.14951908497943e-08,-2.34862397733796e-08,4.01721588726464e-08,0.0118141750687103,7.16766761422053e-07,3.96076471008943e-08,-7.39140720231879e-08,-1.54175684499106e-06,-3.13119716791391e-07,-8.69120579209758e-07,2.2832147178597e-06,0.00361685532938316,-6.85225058153407e-08,8.50610782787662e-07,2.56829556629704e-07,2.05531116965059e-07,8.86741186411894e-08,5.76323986382157e-05,-0.0704751521415875,-1.0202983397965e-06,-1.87523160726885e-05,8.23234416554452e-06,-4.5139406963075e-06,4.03132027516726e-06,6.89244589895708e-08,3.42840292697731e-06,0.000101603773063072,-7.10164403228428e-06,-1.24926359684348e-06,1.43918597205998e-07,3.70086459097649e-07,9.11204444674753e-07,1.45539829551756e-07,8.1544901199364e-08,-3.3846533821412e-06,-5.34211521297407e-06,-4.77628221748854e-05,0.000911869649685523,-8.97693807602453e-06,-4.62364477242826e-05,1.17614958879822e-09,-6.68477592531975e-07,-1.59191603538265e-08,-2.66809689961758e-06,9.21911977489726e-07,4.15637820837026e-06,-5.43369527552726e-06,-1.28471379883844e-07,2.44207240534083e-07,9.78557504846132e-07,1.75509137434861e-09,5.50472388529369e-06,-2.42754509256937e-07,-4.48249077385222e-07,-3.19647815304284e-07,2.67982636423261e-07,1.15686823742598e-07,1.15634085084296e-07,3.76368634600878e-05,-2.95882677855441e-09,-5.13711499828186e-07,-7.78127353220573e-07,-3.85682748291713e-06,4.94765203860773e-07,2.57515162347711e-06,-3.5551784772741e-06,-2.08732316889225e-08,-1.26284681877505e-05,3.93325677042801e-06,-7.44059924572779e-06,-4.94501313888612e-07,-3.87534506516456e-08,8.30627033464125e-08,-2.02725111520673e-06,-0.444616328889638,-1.06951930920599e-06,-5.02361976259598e-06,-0.000575831344208218,3.04449469699819e-05,7.58352143968996e-06,0.000853139661466543,-1.04430459144309e-05,-4.70578663200857e-06,-6.75163297258311e-05,-0.254590582064605,9.45676268312942e-06,3.15759337938753e-06,-7.19709019831115e-06,-1.15704520410449e-06,-5.23220490772312e-07,-8.28141185690422e-07,2.74263304094536e-08,4.83601388395514e-08,1.3421250587098e-06,-7.19416149035847e-17,9.89877990471938e-08,-1.29363879479601e-06,3.18821620631944e-06,1.50750205646726e-07,3.61500475244895e-08,-4.8593965405284e-09,-3.16547614043037e-08,1.90951793693254e-07,-3.28341405022681e-09,2.71599769316146e-10,-7.0102171139833e-08,8.48763727312048e-07,-7.11164694321336e-07,3.02533901909684e-06,-2.11442185993584e-07,1.57254224955219e-08,-1.12011840644813e-09,5.70355796658491e-08,-6.27980430263387e-08,1.00131151619482e-06,2.63376695635919e-07,-6.09789823264018e-08,0.00265253966687716,4.60298144436834e-08,1.88175873188029e-05,-7.52518331790784e-07,9.78641298580382e-08,-3.43653834125267e-08,1.42768199576553e-08,7.23301629153728e-06,-2.38534007530567e-06,3.61307046502536e-07,0.407393798991928,6.57517982261638e-08,-6.20157969984468e-07,-4.48674265164e-07,0.00118884473557331,3.84531855583563e-07,3.10825507185267e-07,-3.15224750532731e-08,6.72836668103401e-07,-3.59675948427681e-08,1.43136830811059e-07,1.75865973565493e-16,-3.80276026375544e-07,-1.31347963476297e-08,-1.76313990263093e-11,-1.60394270937243e-07,2.08637117530167e-08,-1.30964911588324e-08,-4.34889094358916e-08,5.2726761415646e-09,-2.2436257676496e-07,7.80342395982984e-07,2.89815248133574e-08,-7.24261930378123e-07,3.46824012161799e-07,-4.20934646334076e-07,1.35427440095474e-06,-2.15020196531958e-07,3.56934620724097e-07,1.2660497168797e-08,9.62413592201166e-09,5.40668914488358e-07,-3.56794301910946e-06,1.59050841442766e-08,-4.41801182460042e-07,1.54442051676024e-05,-5.03127097044659e-05,1.40092028790902e-07,1.27664248832038e-07,7.46635572232887e-07,-2.40145253771917e-07,-1.45716944134429e-07,2.04654349929686e-07,-0.00161961489526569,-1.77329851316577e-09,8.7027233417963e-08,-2.39917800277928e-07,5.45515900495549e-17,1.08000955454167e-09,7.11194480976654e-07,-8.3123886667532e-08,4.34262601806384e-07,5.60563187902691e-08,1.2963927296747e-07,4.47672785680753e-07,-0.00170443415088286,-1.74206505940664e-07,8.29528578214151e-17,-3.31647127435219e-07,-3.19829313751578e-09,-1.28012914866734e-08,6.11982982871784e-08,1.07768529055369e-07,-7.5357439622581e-09,-2.98820747990336e-07,8.11693772332996e-08,-3.95973888098792e-07,5.35434545917222e-07,-8.28587906515103e-08,-1.99646390294343e-07,-2.475117443514e-07,-1.50163327041972e-09,-2.0041050189905e-07,1.20491397950963e-07,-2.1852758749146e-07,2.96499300279364e-16,-6.47363814900893e-07,5.09675652298966e-08,1.46889974938637e-09,1.29791738406974e-08,-4.25448686401237e-07,-8.88457804594771e-07,4.52350859590978e-07,-1.64395578321695e-06,-8.1016713669734e-08,1.56215132473775e-16,-1.48613601271691e-07,-5.85834062338061e-08,-1.88363066206352e-07,4.20415082995303e-17,3.57864983007651e-07,5.18115455967679e-07,-7.92546912130161e-08,-2.97678775453988e-07,-1.01791701737425e-07,-5.86243117991831e-08,-4.81247595634014e-05,4.85569860968219e-08,3.91454280190605e-07,2.2072414933577e-08,1.09802625705652e-07,1.5851972863273e-07,2.51730529844662e-16,-6.37968024007569e-08,2.09730739963556e-07,1.02837430105957e-06,-1.38281741349514e-07,-9.06901113381115e-17,-3.57836084061159e-06,2.58045218639105e-08,-6.33330439918084e-08,-4.28186643940703e-08,-1.45037415475053e-07,1.57387595363978e-07,-5.56219322001394e-05,3.42769143572298e-07,1.45187139190386e-16,2.07817412734398e-06,-4.4437133075862e-07,1.78054229955708e-06,4.52656294572953e-05,-0.0518359002403552,7.53134383838011e-09,6.83481049534862e-16,3.95100147376259e-17,5.22303236338059e-10,3.05516168169328e-09,1.66004229074069e-10,-3.04933668677804e-08,1.22391758957909e-16,-2.83649071299613e-08,-3.74574303990451e-10,-1.16439741739539e-16,-3.44223533582185e-17,8.51438204538966e-16,9.55344070988159e-08,7.4165173036094e-06,-3.22101045819346e-07,2.58852258727756e-07,1.2940058404466e-07,6.27176018886841e-06,-1.16835247639464e-07,-1.65219723924327e-13,-2.66872565148011e-08,7.56460223699626e-08,9.77355896625932e-17,1.38765238504765e-16,-4.88200532847235e-08,-2.64334401810976e-11,-2.91934187127398e-08,1.59301792475591e-07,2.90623347582027e-08,-1.08858149171736e-08,-1.62223591359141e-16,-3.66467486606102e-08,2.82469190918977e-17,-1.25243241118022e-07,-2.51534904016637e-16,-3.27897110431377e-08,-4.56464604018632e-18,1.3495501763623e-07,3.55533235252179e-08,1.48687484727485e-08,1.95573170415867e-07,9.69202975540873e-08,-1.11425510179886e-08,7.0754081159922e-08,6.37451100193604e-07,1.19560286581489e-07,1.1035098501178e-08,2.48933785375683e-08,-7.01953565534221e-08,-1.20490690910203e-07,-9.78657240597049e-09,-3.36724801776443e-08,-4.01237292714263e-17,3.15711758527562e-07,-5.45039018384592e-08,2.83084447807254e-08,5.41075212762435e-17,4.96755902652097e-09,1.35382059627172e-07,1.10178711236532e-05,-4.04357379942918e-18,-1.15061225429844e-07,-6.18898078888499e-08,-1.68303950248156e-16,-2.12068166265007e-06,1.83312636800875e-07,-5.11622286921804e-17,-1.64160441905401e-16,-6.73290660566033e-09,-3.61516666900755e-08,-2.06132601685946e-10,-2.86245935716045e-07,7.6146266427195e-08,2.24009237418767e-08,2.15849018734931e-08,1.99809531048171e-07,-4.49240585001374e-07,9.54097911787244e-16,9.27083104875116e-10,6.38090797460843e-10,1.76155402980379e-09,1.64919830954958e-07,3.48867238403497e-18,-2.17468758391884e-16,5.42759016260525e-08,7.82247845928987e-17,-2.20860705700811e-17,2.58925906647074e-07,-8.63389924201526e-06,-5.7623006604282e-08,-3.89251003214606e-09,2.01964203622547e-06,1.1566631012184e-05,1.2827738471297e-08,8.89636272448555e-17,3.03210837669178e-08,1.41693277438049e-09,6.50301034509321e-09,-6.54877970833045e-08,2.5885458555183e-07,1.04173384472158e-16,1.80853503256611e-17,-1.80587073826401e-16,-2.26820833604299e-08,-1.08890357553422e-08,-6.34231242583442e-08,1.47738970073079e-16,-8.3557405219816e-09,5.47971051588432e-16,1.08225135429209e-16,2.71160585518782e-06,-2.92914163918234e-08,1.30104260698261e-18,-7.40002281958871e-08,-3.82218456927988e-08,1.99919816607592e-16,8.65367312319015e-08,-1.33173245386928e-16,3.07698344022035e-08,-6.04640043648909e-17,3.09165627707417e-08,6.79959125486122e-06,9.46472616290094e-09,8.96527327774693e-09,6.1733188853818e-08,-3.09252741986614e-08,8.56042791660764e-08,-2.42341502045307e-16,5.67349128226473e-07,-3.21127268300821e-08,4.48273312346805e-16,-4.26070907743217e-09,-0.000193136520968976,1.93676241024966e-08,-2.03531969880687e-16,1.43838287899375e-06,8.36899936866148e-08,-3.28898656687182e-17,-2.09317228317543e-07,-4.63190277310031e-08,-2.41547438233219e-09,1.24142889001238e-16,-2.47740186716833e-16,9.83407691710829e-07,1.32622941660428e-08,1.07317851338039e-09,-1.73217765253595e-08,7.89479842946046e-09,2.58047091906954e-17,-1.0226236809292e-16,2.88348527902038e-08,1.98767822943963e-10,-1.55142463736144e-16,6.97426323269444e-08,-2.68391632397436e-17,3.61134553652461e-08,-1.33715590907223e-08,-7.81349584198516e-09,-5.18171126026133e-08,-1.09511343789619e-16,1.69556994121442e-16,2.82529429449425e-17,1.47985652600883e-16,-4.17799405186814e-09,-1.44968752501714e-08,2.29132502811963e-16,-1.63348775076331e-16,-1.03366194383944e-16,2.04309937774504e-08,1.83717059686941e-10,-1.01346004589392e-08,-5.5046445998801e-17,-1.61329283265843e-16,1.13732807893729e-16,-9.93114292043362e-06,1.30458588143727e-08,6.71032077570603e-17,2.36508237670186e-09,-6.21698888594895e-08,-1.49271883666521e-16,-1.65483620086147e-16,-4.37646194966585e-08,-1.01916571526778e-08,-2.23632261452055e-08,9.84221900698111e-17,0.00533925358020039,2.906932978903e-08,3.42833304316402e-08,-3.21689756261475e-08,-8.69403460390229e-08,1.42312675709395e-09,5.38819841987233e-16,-1.45293697000139e-16,7.7284588987688e-16,2.7495935338689e-08,-2.48999957653715e-08,-9.4005845370998e-09,-0.0016317163038163,-4.79375230464072e-17,-4.35296469685986e-17,-1.70345701398909e-17,2.02874702196776e-16,-1.9213027216226e-16,3.52763983153753e-08,1.9864215718327e-16,1.42524242358493e-16,-5.72295253020566e-09,-3.165060316519e-16,-5.12349266683964e-09,-1.3350648424444e-16,-6.35295307658689e-09,6.73527872695093e-16,-7.71318112731042e-09,-9.65794337651323e-10,-8.81667446941602e-08,2.59557161867533e-14,3.10521083896426e-08,-7.60621899814382e-17,4.41379287754825e-08,-7.7815119172864e-08,9.01859981400533e-05,7.47600922109974e-17,6.28433851893595e-08,-2.01521274135414e-16,-1.54907355451243e-08,-1.97035750441528e-06,2.87569026180308e-16,2.55540000607354e-17,4.61140201244215e-16,2.30956497262406e-16,-2.93252321935791e-10,-3.81975883665725e-09,-8.53192743250612e-10,-3.52059026178118e-16,3.96762468627374e-16,-9.03230477017616e-09,7.36828591847358e-08,-5.83387825713443e-16,4.03194197016099e-16,-3.90159250683708e-09,3.44979834361354e-17,-2.76647419582811e-08,9.4977396431807e-16,5.89201410468199e-06,7.28738950922083e-16,-4.41185540098621e-17,7.86765439520289e-17,-2.47814293597579e-16,-5.36265760986522e-16,7.12625378180678e-16,5.02608107330632e-09,-3.51514166980975e-08,1.29876299412213e-16,-5.93820619945704e-07,8.88467937308982e-08,-1.56425071169103e-16,-2.75799448677639e-16,7.24570251456009e-17,5.88010201166887e-18,8.77083547812829e-09,1.40314637776933e-09,-2.07145363171665e-16,-2.95263894883487e-16,-1.59532269329665e-08,-1.44504876162666e-06,-8.60555569815446e-10,-1.19014008458449e-15,-1.97512069190549e-16,-4.69387448460227e-16,8.37044454802666e-16,-3.84801372119221e-17,-3.98844928531885e-16,3.36667610118614e-08,-3.18495406192903e-08,-6.12545413010863e-09,8.67514208520471e-18,2.01580042723698e-16,3.71550358645426e-16,1.13000050518647e-16,-8.75456222460091e-16,1.40281071287944e-16,3.42965979098985e-16,-3.75174847895549e-16,-9.7001832903352e-16,-7.24245255829718e-16,3.06669106298689e-16,1.81355853901472e-15,1.42163458452458e-15,7.69965027928452e-16,3.37276149417414e-09,1.9289068559564e-16,1.98806698095143e-15,-3.67819078648878e-16,4.77798248084423e-08,-5.75606679276455e-10,-5.4140219228515e-16,-1.23359620638062e-09,4.37741447171019e-08,3.6883601600656e-16,9.90649202416583e-16,-6.22235691720501e-05,-8.91378013264618e-16,1.07222557366703e-09,6.3896447702779e-17,6.27854327053967e-16,8.88712267038929e-17,-1.79868716356379e-15,1.07414072776625e-09,-2.87960503455209e-05,6.34623011850591e-16,9.5081678627105e-16,-7.48854623225813e-16,-1.89309046701852e-15,7.79411257756379e-15,-2.83092149390453e-15,2.8739854020177e-15,-5.03721739106253e-15,1.74061075043613e-09,0.707106781186547,2.52716855240444e-14,2.12864558719922e-15,7.31816693460485e-15,-9.29305314771684e-15,-1.42567544748602e-14,-3.43585158345559e-08,-8.70497374878203e-15,3.61667995052556e-15,5.7564297243109e-07,-1.30436145857799e-16,4.88904363627281e-15,-1.60640290858119e-15,5.09627844084665e-16,2.13852015830075e-08,2.35410828234293e-15,-1.57882065550825e-08,2.62980781866678e-15,-1.72862827558155e-15,9.90656636519428e-16,-1.16712585098875e-15,-5.46800666155279e-16,1.36781405401605e-15,5.70693817191079e-10,1.20683079449364e-15,8.19859779888463e-16,3.22043072509284e-09,-7.12627707685809e-08,5.24619296225563e-16,4.99321364343515e-08,7.31370541751505e-09,-4.19746682266827e-16,5.89830720811122e-16,-7.55216402341056e-16,3.78184377595868e-16,2.44550800168718e-15,-1.22972774047434e-08,-8.54444373411198e-16,-7.32207447249231e-16,-3.52978885088744e-16,4.92451488613462e-09,1.93586743266923e-16,-9.94353895331013e-16,8.85753611613786e-16,-3.68061781412249e-16,-2.24442608914562e-09,7.23401990641807e-16,6.75360220223663e-10,-6.79396488209937e-16,1.56079016875046e-16,9.97669010023402e-16,2.79183446095109e-16,-1.70368123092945e-16,3.27418144331521e-16,1.41772354064528e-16,-1.17232277618804e-08,2.01577299721903e-16,4.10264313560397e-16,4.92917197745311e-09,9.84192075828044e-16,-6.28727923036325e-16,-8.41138176841901e-16,1.70802712948214e-17,-7.10692526571624e-17,5.72814630985318e-16,-8.01438677140794e-07,-1.43789221458208e-16,4.97077878204765e-19,1.06458044397723e-08,-3.27611386124338e-16,-3.17849846100106e-16,-1.20116622545565e-16,1.87144580728751e-18,1.18486120245922e-16,-7.76832400929345e-16,4.1718175952642e-16,-2.33507777822805e-16,-3.60922221433647e-16,-1.51347060107187e-17,-2.46811543879087e-16,-5.5889396947425e-09,1.85347065893122e-08,-1.7325435129348e-16,-3.20119573691924e-16,2.77081201844162e-16,-3.8133375901385e-16,1.76941794549634e-16,5.76779736216785e-16,2.32713267787456e-16,-1.21160403131392e-16,-1.60682836012299e-09,3.2445730778472e-16,1.40783922187999e-16,-4.0298548049994e-16,6.96047530091533e-16,5.19703317208421e-08,-1.23679108717355e-16,-3.26553369180491e-10,6.91246571348131e-16,5.2144422050517e-17,4.31743572535471e-17,1.27143398524096e-16,-1.21168673565301e-16,-9.57770659477296e-18,6.30308981322969e-17,9.17211189920021e-17,4.96712451988746e-17,1.33151384917319e-16,-2.92333412955724e-16,1.38017587548793e-16,6.6399975289341e-17,-7.68136330144152e-17,-1.53374788110571e-16,9.8343728084404e-17,9.97590693946852e-17,1.28276950228896e-16,-1.70631457083733e-16,-1.04857038456696e-16,2.19008838842072e-16,-1.56935909715801e-16,1.83628852178695e-16,4.10179557868394e-17,-1.19232119577021e-16,1.55693365738521e-10,-3.93077583045505e-16,-1.64990954591339e-16,-1.69815588902698e-16,4.9700396679431e-16,-3.21342119304097e-16,9.71720164936317e-17,2.42652060439254e-16,-3.36615816258877e-16,-2.48298731016132e-17,-3.13578585663845e-16,1.0169816377914e-16,-1.8947685858894e-17,-9.25654114571577e-19,2.32899514884058e-16,-4.67891920255712e-16,1.51652271297976e-16,-7.17976144479736e-17,-2.00692486163126e-09,1.92647585326418e-16,6.23435956902908e-17,1.25168571200356e-17,-1.84584102816137e-16,1.81709299025316e-16,7.7730470073038e-17,7.81699071376133e-17,1.87784113650217e-16,2.71480606425642e-17,4.25920859417791e-10,1.66318702257765e-16,-1.9500990195785e-18,-6.70732834227514e-17,-2.7277815695883e-16,-3.05420984158665e-17,5.12901315489169e-17,-1.33451689218928e-16,4.22587254751012e-17,-2.88128488069147e-18,8.24623084913233e-17,2.01844855967195e-16,7.20692785898615e-17,3.7363586622292e-17,2.15244159934432e-09,-1.84635500726881e-17,-8.85945573014884e-17,-1.21934676943148e-16,-2.67581096169422e-16,-1.63224532741983e-07,-2.5241598150231e-17,8.25468421431591e-17,9.27456077830886e-18,1.50852622844197e-17,-8.1788819428663e-17,3.41644687285435e-17,3.47782285651849e-17,-3.93262480228858e-17,-1.35939751993143e-16,-2.7256189796588e-17,-2.09811263171172e-20,3.51393653838934e-17,-2.61541491762985e-17,3.40323452553031e-18,8.64369028080656e-17,8.57763980461756e-17,-2.29247424744899e-16
"t529",-0.0050266700963513,0.0535908744245343,0.0690937455530546,0.0169207609500339,0.0351723329791515,-0.00591682627325455,0.00181944931973292,6.36014686342474e-05,0.000555016622470511,-0.00155379870532116,-0.000568609523703738,0.00706216972666239,-0.0245085379040539,-0.133873452184447,0.00357184635058801,-0.000464853060151909,-0.0271497692232131,-0.000247252015114123,6.95426765881806e-05,7.1393076512008e-05,-0.000318574758223259,0.000103253069309507,-0.000289117294516664,0.000499007180595742,-7.91028609516283e-05,0.000247220990192106,-0.00032764105243919,0.00286516982845184,-0.00210229684623206,0.010733622860302,-4.48519187322312e-05,0.000713739224105371,0.00029391040919176,1.7449865723782e-05,-9.81294658821176e-06,-2.34036753328794e-05,-8.45269208270456e-05,8.96303631576671e-06,7.95359057664858e-05,2.88893494767696e-05,0.024225360995987,0.000129920079365938,-4.42301391980421e-05,5.13446915756917e-05,-9.06303694143702e-05,-3.80331689559285e-06,1.25235686706861e-06,-2.16334908431387e-05,3.03902476254239e-05,-7.31859930220761e-05,7.57077177254196e-05,-0.00411429974280256,-1.23345158496996e-08,-2.12874293855862e-05,1.41250354135965e-05,-0.000154818083923082,2.54479485343701e-05,-0.0780721771176914,-0.00587928854745235,2.78935848791392e-05,1.40106619941585e-05,-1.39505197083107e-05,0.000334387418417544,-0.000503040198734891,1.16209746581721e-05,-3.07145435926395e-05,1.76687178559617e-06,-0.000134776740428781,0.0128725393491424,5.05139927672606e-05,-8.05081219212928e-08,-2.91599170027315e-09,-5.5025237816485e-11,-3.95266024937947e-08,1.9769590080794e-08,3.20642193635919e-10,-3.6957229002251e-07,0.000350165218655179,-3.52161531882214e-08,-7.27789310348676e-08,5.84064173678356e-07,2.61761724625785e-07,3.89427075078604e-08,3.43767238308049e-07,-8.54099608815663e-08,-3.07366662236617e-06,5.62798551895032e-07,9.17085790922684e-08,2.05761771850968e-08,-7.97537148215094e-07,1.87949782561634e-07,-8.38271979261562e-09,-5.84272026113757e-07,7.21813105344629e-06,6.83976941093427e-08,3.40515661267552e-06,4.02931015760598e-07,-4.55334592125802e-06,0.000519530576601753,2.20393192017583e-06,9.28929154738699e-07,-6.16843131938343e-08,1.35426236135208e-06,-1.17600950958456e-06,5.4161570345078e-07,-8.9318555501184e-07,3.27993090657063e-05,-1.1482185017181e-06,5.44368281080849e-06,-2.0086693824483e-07,-0.00019205826546252,-1.22684731288517e-05,3.83573012507006e-06,-5.15303220295271e-06,2.06659341970833e-07,-7.61485954010564e-06,1.68453056184138e-05,-2.81524679397468e-05,6.4942290274594e-05,-0.0616278135275596,-0.000148651864246036,0.00120804986033171,-2.74534925979339e-05,-7.42375821289814e-05,3.19175319898174e-06,-2.22164652525479e-05,2.18757806582162e-06,-3.1911641366976e-06,8.84891863519338e-07,9.50150523801639e-06,-1.7873192842136e-08,-1.14132085566774e-05,1.84243174688878e-06,3.79863737868997e-06,-2.61182725496171e-07,-1.04829323749509e-05,1.61420854596908e-07,0.0185014435710874,7.45589300570854e-06,-1.84889030355526e-05,-1.04746279896952e-07,1.23551981590208e-05,-1.02959652505186e-05,-8.25039585468239e-07,-3.15038616517634e-07,4.89238817313628e-07,0.122225050222219,6.46859474604073e-06,3.46700564171139e-07,-6.07389199076643e-07,-1.26086993844443e-05,-2.50352752254122e-06,-6.85939824319004e-06,1.77606740931825e-05,0.0249289887230857,-4.64052663371907e-07,5.69068267988952e-06,1.36209982177088e-06,1.04033915266582e-06,4.4575468225539e-07,0.000279186545527983,-0.338895198257621,-4.69266261624262e-06,-8.57970584455645e-05,3.6158743919097e-05,-1.90961845323853e-05,1.54290268287231e-05,2.62914595841412e-07,1.30665715666589e-05,0.000382314132999494,-2.63300029304528e-05,-4.62199035475835e-06,5.17457906902626e-07,1.31895284732263e-06,3.18684113236148e-06,5.06681450028805e-07,2.83225457195205e-07,-1.12659461241174e-05,-1.70373067448053e-05,-0.000151224979607188,0.00286727411166889,-2.76603223107481e-05,-0.000141363930683038,3.56878930300359e-09,-2.013925420954e-06,-4.68283172066686e-08,-7.80237706238754e-06,2.56236513318978e-06,1.15328469519523e-05,-1.48227774426438e-05,-3.34346427241866e-07,6.10871277681954e-07,2.41417510299368e-06,4.24084163341246e-09,1.3094129592379e-05,-5.50544484883624e-07,-1.00589090016384e-06,-7.01196643639271e-07,5.81112551777802e-07,2.28396391347294e-07,2.2723001698814e-07,7.08333543929342e-05,-5.32425332914772e-09,-8.19681613454039e-07,-1.24083624466521e-06,-6.07571201550447e-06,7.4982977635676e-07,3.79415781087168e-06,-4.82998509129899e-06,-2.5248855349765e-08,-1.36790206518077e-05,4.10149683180963e-06,-6.33202685361864e-06,-3.64409533751442e-07,-2.84385240274592e-08,5.3198489110637e-08,-7.77122499471477e-07,-0.146787204367947,-2.26168426026714e-08,1.11686676531318e-06,0.000180433971555962,-2.2335088702868e-05,-6.41714604834145e-06,-0.00083271950384129,1.48432903482369e-05,7.16099961487777e-06,0.000104445149761498,0.553658924181141,-2.49407815468405e-05,-1.02630151205581e-05,2.5703647456667e-05,4.55718800092702e-06,2.26035335147722e-06,3.6732414180189e-06,-1.56224989378907e-07,-3.24812210335597e-07,-1.09068869729143e-05,3.29774015459839e-16,-1.09314106328253e-06,1.52898852146602e-05,-6.69499083311794e-05,-6.50386604412936e-06,-7.03282885115422e-06,1.18223016390456e-06,-1.25420713154723e-06,6.41852565224038e-06,-1.03276955566458e-07,6.58228510043747e-09,-1.47870685802842e-06,1.45955396400794e-05,-1.13357322181703e-05,4.68332729907214e-05,-2.83815477922573e-06,1.40284758455659e-07,-8.99422346193127e-09,4.23001282912858e-07,-3.97620275615274e-07,6.27128634824899e-06,1.48046149740282e-06,-3.21555548153548e-07,0.0126411661464001,2.11491931384748e-07,8.2950764489107e-05,-3.10976859875962e-06,3.59216356979886e-07,-1.24139293906136e-07,2.42280533862811e-08,1.1779357939025e-05,-3.69581053986563e-06,1.90350981017896e-07,0.0105887169392954,-1.57789862912038e-07,1.91430991742442e-06,-4.47124606451634e-06,0.0109463467318339,3.36180679855959e-06,2.47291469702966e-06,-2.36528823096426e-07,4.57179223153978e-06,-2.38822262849645e-07,9.34500435541469e-07,-9.51283545732514e-17,-2.35980580618589e-06,-8.10218015397538e-08,-1.06756854805086e-10,-9.33984778831789e-07,1.17989310978349e-07,-7.31253404087431e-08,-2.41353851755888e-07,2.73590379172324e-08,-1.15980250693678e-06,4.02977881966158e-06,1.47226391754428e-07,-3.529861132488e-06,1.67933787223884e-06,-2.02916215564326e-06,6.43701862534682e-06,-9.74603468735551e-07,1.5897447175053e-06,5.63328414416818e-08,4.28100329531854e-08,2.31404056042392e-06,-1.46972276228329e-05,6.52231215894788e-08,-1.80009799982752e-06,6.24500193134038e-05,-0.000202978491342488,5.54889011642332e-07,5.0499067111348e-07,2.94624735075093e-06,-9.4606220363987e-07,-5.71002530861525e-07,7.97331832907637e-07,-0.00627705437111288,-6.85720231916741e-09,3.35257556419788e-07,-9.16984421354436e-07,1.08391684244879e-16,3.95169733909262e-09,2.5918330794532e-06,-3.01154010331692e-07,1.57304222111964e-06,2.0301752194457e-07,4.68843097454329e-07,1.61470845166136e-06,-0.0061284436369317,-6.2245465434645e-07,-3.3594775804749e-16,-1.16857701440831e-06,-1.12502773025114e-08,-4.48676383059726e-08,2.14404094976074e-07,3.74266664508847e-07,-2.60466082023625e-08,-1.02602171643826e-06,2.77447314962759e-07,-1.34053414604393e-06,1.79692894074903e-06,-2.76545122674174e-07,-6.64268736136163e-07,-8.21947214006217e-07,-4.96971204553415e-09,-6.6301697151713e-07,3.97660126203018e-07,-7.19861219566696e-07,-1.41414026298929e-16,-2.10287901763843e-06,1.65079934639958e-07,4.75751450035244e-09,4.16887643142111e-08,-1.36480130863062e-06,-2.80566300051211e-06,1.42195120814418e-06,-5.16301799353084e-06,-2.53559361112885e-07,-3.95569679460882e-16,-4.63256553022157e-07,-1.8234037440216e-07,-5.82941278784628e-07,3.30130224456515e-15,1.10052858469678e-06,1.59092646753223e-06,-2.43167454209761e-07,-9.11833798697543e-07,-3.1093763939054e-07,-1.78698880459072e-07,-0.000146449797089692,1.47025221409667e-07,1.18456493346122e-06,6.65564614492284e-08,3.2898394012987e-07,4.74789097757161e-07,0.707106781186547,-1.8855837867798e-07,6.18381785026714e-07,3.01556735782749e-06,-4.01983428071766e-07,6.65821998552512e-16,-1.01895011961677e-05,7.14890052975516e-08,-1.72957638672959e-07,-1.16092439700919e-07,-3.89640054042024e-07,4.14955909432852e-07,-0.000141365690294101,7.45102966093495e-07,2.78297210572884e-16,2.90659938177034e-06,-5.6763379683634e-07,1.71934318821673e-06,1.47047906255762e-05,-0.0135008655668041,-2.52761148368818e-11,8.04911692853238e-16,9.02089226364259e-17,-1.7742592182808e-09,-2.42096765948379e-07,3.20536669576551e-08,-3.3035050177765e-07,2.03337890531988e-15,-1.59684838113127e-07,-1.89252058710767e-09,-7.67030116869696e-16,-7.13082988165008e-17,-3.14573050362473e-16,4.04809505904274e-07,3.09949468595598e-05,-1.29349891138889e-06,1.01207705046368e-06,5.04521291501888e-07,2.38968693337817e-05,-4.44105033207157e-07,-6.10693783388055e-13,-9.7905925965062e-08,2.74709708860714e-07,2.81257518527827e-17,2.45322403158709e-16,-1.71682949936558e-07,-9.23678362791007e-11,-1.01211051060666e-07,5.49574707565558e-07,9.9391559694444e-08,-3.71794135466555e-08,-1.38005449188135e-16,-1.24940085901452e-07,5.68716679196247e-16,-4.24888777164987e-07,-7.18175519054398e-16,-1.10854894640555e-07,1.42647587316926e-17,4.5433857614617e-07,1.19594840287997e-07,4.95079996094882e-08,6.49880577853412e-07,3.2179491344918e-07,-3.68659156966415e-08,2.33410709945084e-07,2.08945380042662e-06,3.91876417409626e-07,3.61016126128302e-08,8.11700076070017e-08,-2.27921045838671e-07,-3.89904887905055e-07,-3.15879340312905e-08,-1.08550149786821e-07,2.42242392014579e-17,1.01400451401212e-06,-1.74461284490009e-07,8.98093677718696e-08,2.00209425500482e-16,1.57219728389924e-08,4.26983876851714e-07,3.46994031147025e-05,1.32428789320506e-17,-3.62105860902212e-07,-1.94219741447862e-07,-1.08702525221219e-16,-6.64597872833697e-06,5.7006101044068e-07,-7.85345930457239e-16,-5.14174964665656e-18,-2.08786287560545e-08,-1.12077749868695e-07,-6.38314753981536e-10,-8.8520863590991e-07,2.34786399306628e-07,6.90528443076491e-08,6.65139166492232e-08,6.13409735496005e-07,-1.37510630486003e-06,9.17451878357234e-16,2.83468100707342e-09,1.95068750819564e-09,5.38170704922182e-09,5.0345616223568e-07,8.24456971210502e-17,3.40215914515387e-16,1.65516448735705e-07,-1.5492108936887e-16,-5.58557063460562e-17,7.84632773326063e-07,-2.61362018674164e-05,-1.74430291178318e-07,-1.17564915195696e-08,6.09806044358401e-06,3.49217745508761e-05,3.87132623448137e-08,-3.01651731199019e-17,9.11146038477811e-08,4.25406510983581e-09,1.95182889783543e-08,-1.96271638317774e-07,7.73790595512941e-07,2.27926741353809e-17,4.17684639938315e-17,3.67455430633847e-16,-6.75563785011524e-08,-3.2381881306801e-08,-1.88586055795709e-07,-2.72135255155e-16,-2.48089023972693e-08,1.75492049168178e-16,9.60105031795079e-17,8.00048183109569e-06,-8.64164459882233e-08,-2.20309881449055e-16,-2.17989843642123e-07,-1.12496085867431e-07,7.0802970290512e-17,2.54249347873644e-07,1.95130719118859e-16,9.02133592612349e-08,6.12300035429388e-17,9.06265154462115e-08,1.99289168432202e-05,2.77356021664621e-08,2.62659896849383e-08,1.8076982574981e-07,-9.03830990957484e-08,2.49525911295613e-07,-1.23338026546864e-17,1.64834383311039e-06,-9.32660178634643e-08,-1.77540494373632e-17,-1.23687847408148e-08,-0.000560200729969186,5.61340285442866e-08,4.49930703949712e-16,4.15817476496467e-06,2.41813047435503e-07,-2.30474803041119e-17,-6.04388149986226e-07,-1.33697948143048e-07,-6.9634807987137e-09,-2.48354781886165e-17,-3.17183807852261e-17,2.82664157686283e-06,3.80717743090448e-08,3.07994240266907e-09,-4.94298027587211e-08,2.25071307550558e-08,9.55456115626977e-17,-9.84608138382221e-17,8.21495787555674e-08,5.66235280677047e-10,-2.82915460686627e-16,1.98448994985259e-07,-9.88715519558093e-17,1.02642222222059e-07,-3.79438495946661e-08,-2.21694092909029e-08,-1.46954012144266e-07,-1.98896840767434e-16,-4.68051659238701e-17,1.40029877018078e-16,-2.93778298643435e-17,-1.17958204810945e-08,-4.09128315026357e-08,-8.30108499785998e-17,2.93767800356511e-17,6.68370010146674e-18,5.75723121025085e-08,5.17333730803995e-10,-2.84807019662098e-08,-3.00124197358029e-17,1.10046520507279e-16,7.89299181569447e-17,-2.76396962434779e-05,3.62910006801928e-08,-4.53787289564785e-17,6.53378952889539e-09,-1.71059878172232e-07,-9.20577706376683e-17,1.90675792516541e-16,-1.18454040135196e-07,-2.75261186457053e-08,-5.88881994392189e-08,1.45170836934347e-16,0.00173829561886481,9.39556630920533e-08,1.01775155019134e-07,-9.30147084476402e-08,-2.50465424353254e-07,4.07829173464664e-09,6.18613530695219e-17,2.1975262596074e-16,-6.97932383368815e-17,7.75403769920162e-08,-7.02059689241373e-08,-2.64606796501643e-08,-0.000537242909549668,2.0933652529717e-16,-7.27505173306227e-17,-4.69832546575549e-17,-9.98971404011353e-17,-3.10932858413556e-16,9.91318413812614e-08,3.6490890877146e-17,1.09355167444264e-17,-1.60453306757722e-08,-2.58327964345608e-17,-1.43631110241373e-08,-4.14067162266355e-17,-1.78066229291318e-08,2.03391764733084e-16,-2.15557425044078e-08,-2.69741748800497e-09,-2.46024577310952e-07,7.16115866540135e-14,8.65583404195654e-08,-4.45520007669136e-17,1.22771021636634e-07,-2.1583038502042e-07,3.00376207966668e-05,5.92275623799417e-17,1.74165018519321e-07,1.41119065502373e-16,-4.28648086807582e-08,-5.45182166952813e-06,8.15848185338871e-18,2.78512587580665e-17,-1.43649304995155e-16,-2.17598544330654e-17,-8.10406796702736e-10,-1.05525690976559e-08,-2.35617924970679e-09,3.08448358422966e-17,-7.40180877815548e-18,-2.49001846094795e-08,2.03112774728627e-07,-1.12295796549837e-16,-6.09442586125181e-17,-1.07323489693762e-08,-1.31460652164018e-17,-7.60653145755998e-08,-1.33020456689958e-16,1.61797078985112e-05,-4.04320709181741e-17,-2.88098062496327e-16,-4.30810837277854e-17,7.64010522724448e-17,-5.66784212572961e-17,-1.48131405852156e-16,1.37668764809989e-08,-9.62796524499622e-08,4.30150679251644e-18,-1.62505828149804e-06,2.4305143761527e-07,3.44618314995164e-16,-9.86003805856734e-19,1.20131930326798e-16,-2.20046126081149e-16,2.39566021444398e-08,3.83117279186235e-09,5.07545457016264e-17,-1.43209140936642e-17,-4.35415869785769e-08,-3.94380786708365e-06,-2.34820609854337e-09,-2.23505753725169e-16,-7.45843210399129e-17,-3.75358475844807e-17,1.20189262796959e-17,-2.29864775302917e-16,2.88187258226934e-17,9.16095427229152e-08,-8.66422526367428e-08,-1.66591562417493e-08,2.87220396117316e-18,1.83518799956018e-17,-6.17975751670354e-17,-9.21876244380851e-18,3.57278521305113e-17,2.46253466975095e-17,1.21922377101037e-17,-2.4300350068001e-17,-8.44581896714595e-18,8.85046669544289e-17,3.4436072832114e-17,2.28441438125075e-16,8.7065586012738e-18,-1.69674935582427e-17,9.13355813079175e-09,4.93335384295077e-17,2.61488233784445e-16,3.43423438274545e-17,1.29316877732082e-07,-1.55768680524625e-09,2.7823175166496e-17,-3.33804643831902e-09,1.18369332167057e-07,1.05654833548463e-16,-8.50969908823197e-17,-0.000168114988215097,1.12113371525925e-16,2.89391927313507e-09,2.27299157064563e-17,-1.04185108222197e-17,2.75332583354519e-17,-7.86927715092782e-17,2.89437632325038e-09,-7.75852328676057e-05,2.00938590786451e-19,-2.49546631764209e-16,8.83133860302561e-19,-1.43846838276277e-16,1.48318857196017e-16,6.00323855703912e-17,4.70438727587839e-17,-3.47565720476617e-17,4.66345904911289e-09,7.61074204474548e-17,4.36095950055947e-17,4.1956010055298e-18,9.66646965816383e-17,-6.0806655631346e-17,3.402235442219e-17,-9.19436898543316e-08,2.11314571263736e-17,7.87292073678911e-18,1.54008709981093e-06,9.98281827350241e-17,-3.68419857291796e-18,9.23843834357171e-17,3.56230128360378e-16,5.70675137009612e-08,7.8871474150901e-18,-4.21123263935583e-08,1.70018534768013e-17,-8.45679998972367e-18,6.17978336928822e-17,-2.44047132762909e-17,3.88612197851786e-17,-1.2155438453831e-16,1.52080776083211e-09,-2.97110574239712e-16,-1.64538956651628e-17,8.57578734508835e-09,-1.89761034841436e-07,-3.71727483364064e-17,1.32879287890594e-07,1.94594632366582e-08,-1.27245854199999e-16,-1.74281143413969e-17,-1.08304049850216e-17,2.23032413395341e-17,-2.18644275529563e-17,-3.26263022944115e-08,9.95329223634878e-18,-2.14717553655017e-16,4.33893345025859e-17,1.30558640848195e-08,1.50445332175708e-16,9.30940222817349e-17,1.20813126399776e-16,7.54293403704257e-17,-5.94469195695177e-09,9.98482733733404e-17,1.78825793227273e-09,-2.91867536480204e-17,-1.59171870517361e-16,-6.74635410717193e-17,-1.07208738639303e-16,-7.32669607151292e-17,-8.19315602993205e-17,-3.55706356338032e-17,-3.09927977887804e-08,1.2874695402545e-16,2.7583370816687e-17,1.30262335612747e-08,-5.57357877316974e-17,7.24267122272303e-17,-3.61540417548449e-17,1.10805367458605e-16,-3.60347205009337e-17,-6.05472550098751e-17,-2.11536797125153e-06,1.99765754289344e-17,5.16289787249376e-17,2.80838999614824e-08,-7.77748505682346e-17,-7.33302939992825e-19,-1.99171835973676e-17,4.6838420245876e-18,-3.64693253878392e-17,-1.45568788581267e-17,-8.44086786325264e-17,-1.60889883023155e-17,2.36344082492259e-17,-1.08559680319175e-17,-5.86097796086645e-17,-1.47141924907102e-08,4.87852124701438e-08,-1.54182442763615e-16,4.54883239342179e-17,3.35967951759824e-17,1.94897754243093e-16,8.00141203294302e-17,4.51227514125654e-17,7.01791307486046e-18,3.45916883348402e-16,-4.2240296968126e-09,-2.4852780583911e-17,1.47663892593273e-17,6.38103767842331e-18,1.06698019478333e-16,1.36474268670816e-07,5.43448313747137e-17,-8.56503394726753e-10,2.85471732959304e-17,2.40662287035483e-17,-9.84643910710899e-19,3.25302643546525e-17,-2.92427938186014e-17,-2.12193380815801e-17,9.00535273949867e-18,1.90906977093705e-16,2.27799556598554e-17,-9.51145908666089e-17,-9.47154718811185e-17,6.01504354634721e-18,6.08379593156855e-17,-2.62522536714594e-17,-9.03090651781974e-17,-2.09397485631983e-16,7.49154175150843e-18,-3.80964733492314e-17,-2.50744579445726e-17,2.11834610798546e-19,1.16443313324943e-16,6.12678465475005e-17,1.24476344631898e-16,-7.21124300905056e-17,-1.92730056231265e-17,4.06573300156044e-10,1.56995396666926e-16,-6.89740820721191e-17,3.96563456562133e-17,-1.68449906485357e-16,-2.22077836717837e-16,2.59931453571133e-17,-7.37396632216749e-17,1.81018364986401e-16,-5.89678371391265e-17,5.92889247142398e-17,-4.412702842016e-16,-3.15243875268479e-16,-1.93653964876312e-16,3.59999926764894e-17,-1.21510351955479e-17,-1.56957871593882e-16,4.29212543346156e-17,-5.22542230430233e-09,6.16096383265029e-17,-3.93863800623689e-17,-3.73692127277305e-17,1.26199365147846e-16,-1.99308360470537e-16,1.41653755194002e-17,1.23454485035113e-17,-2.93935487158898e-16,5.38514107546984e-18,1.10562838899762e-09,-1.94149743271142e-17,-1.16739416124913e-17,2.85811318360393e-17,3.19928748381339e-17,2.41034877080457e-16,-6.27209824004759e-17,-5.62505726190529e-17,-1.18660650991296e-17,-1.06254862449869e-16,-1.74084039034317e-16,2.47135980734117e-17,-2.20357701039077e-17,2.03393752975156e-17,5.57063351151979e-09,7.24206338923002e-17,2.5419664515828e-17,-1.5196432987465e-17,-2.50450701844152e-16,-4.21844744050738e-07,-8.30932660963542e-17,-1.78743014142273e-17,1.28789750815147e-16,-7.6808393903745e-18,2.94040998351404e-17,5.66916365332704e-17,7.30397516037615e-17,1.46731582063677e-16,-2.19742875816474e-17,4.61087606610665e-17,4.06311352542052e-17,1.39703548477496e-17,4.66962111249969e-17,-3.42356837536513e-17,6.05128541826096e-19,-2.3425451235735e-17,-1.63260523748844e-16
"t17",-0.0050266700963513,0.0535908744245343,0.0690937455530546,0.0169207609500339,0.0351723329791515,-0.00591682627325455,0.00181944931973292,6.36014686342369e-05,0.000555016622470504,-0.00155379870532115,-0.000568609523703739,0.00706216972666238,-0.024508537904054,-0.133873452184447,0.00357184635058803,-0.000464853060151933,-0.0271497692232131,-0.000247252015114116,6.95426765881788e-05,7.13930765120045e-05,-0.000318574758223271,0.000103253069309518,-0.000289117294516648,0.000499007180595737,-7.91028609516244e-05,0.00024722099019209,-0.000327641052439188,0.00286516982845185,-0.00210229684623205,0.010733622860302,-4.48519187322201e-05,0.000713739224105371,0.000293910409191792,1.74498657237787e-05,-9.81294658820687e-06,-2.34036753328783e-05,-8.45269208270282e-05,8.96303631577523e-06,7.95359057664772e-05,2.88893494767585e-05,0.024225360995987,0.000129920079365959,-4.42301391980407e-05,5.13446915756875e-05,-9.06303694143285e-05,-3.80331689558639e-06,1.25235686707501e-06,-2.16334908431551e-05,3.0390247625417e-05,-7.31859930220903e-05,7.57077177254387e-05,-0.00411429974280256,-1.23345158466874e-08,-2.12874293856261e-05,1.41250354136138e-05,-0.000154818083923073,2.54479485343681e-05,-0.0780721771176914,-0.00587928854745238,2.7893584879078e-05,1.40106619941466e-05,-1.39505197083044e-05,0.000334387418417537,-0.000503040198734881,1.16209746581957e-05,-3.07145435926394e-05,1.76687178559566e-06,-0.000134776740428774,0.0128725393491424,5.05139927673036e-05,-8.05081219368172e-08,-2.91599174017179e-09,-5.50252226371252e-11,-3.9526602515497e-08,1.97695900748362e-08,3.20642223527957e-10,-3.69572290070215e-07,0.000350165218655205,-3.52161531822397e-08,-7.27789310408159e-08,5.84064173644064e-07,2.61761724595322e-07,3.8942707504557e-08,3.43767238303881e-07,-8.54099608873168e-08,-3.07366662237658e-06,5.62798551893623e-07,9.17085791031341e-08,2.05761771473259e-08,-7.97537148173461e-07,1.87949782584246e-07,-8.38271977873783e-09,-5.84272026120675e-07,7.21813105341401e-06,6.83976941091216e-08,3.40515661265457e-06,4.02931015771508e-07,-4.55334592122815e-06,0.000519530576601742,2.20393192015073e-06,9.28929154736061e-07,-6.16843132193094e-08,1.35426236134641e-06,-1.17600950959401e-06,5.41615703483163e-07,-8.93185555034945e-07,3.27993090656973e-05,-1.14821850171871e-06,5.4436828108345e-06,-2.00866938123833e-07,-0.000192058265462567,-1.22684731288568e-05,3.83573012500774e-06,-5.15303220295673e-06,2.06659341957603e-07,-7.61485954016974e-06,1.68453056183767e-05,-2.8152467939741e-05,6.49422902745504e-05,-0.0616278135275596,-0.000148651864246026,0.00120804986033172,-2.74534925979396e-05,-7.42375821289905e-05,3.19175319901834e-06,-2.22164652524693e-05,2.1875780658355e-06,-3.19116413672831e-06,8.84891863544809e-07,9.50150523803432e-06,-1.78731928433132e-08,-1.14132085566109e-05,1.84243174691294e-06,3.79863737869046e-06,-2.61182725484248e-07,-1.04829323749057e-05,1.6142085459e-07,0.0185014435710874,7.4558930056725e-06,-1.84889030355776e-05,-1.04746280093413e-07,1.23551981589714e-05,-1.02959652504838e-05,-8.25039585547407e-07,-3.15038616477362e-07,4.89238817192928e-07,0.122225050222218,6.46859474604081e-06,3.46700564140446e-07,-6.0738919902597e-07,-1.26086993844064e-05,-2.50352752261226e-06,-6.85939824320545e-06,1.77606740931459e-05,0.0249289887230857,-4.64052663282283e-07,5.69068267988641e-06,1.36209982175141e-06,1.0403391526421e-06,4.45754682366081e-07,0.000279186545528018,-0.338895198257621,-4.69266261609705e-06,-8.57970584455294e-05,3.61587439191711e-05,-1.90961845323633e-05,1.54290268285953e-05,2.62914595812955e-07,1.30665715666403e-05,0.000382314132999584,-2.63300029304578e-05,-4.62199035478369e-06,5.17457906739152e-07,1.31895284717455e-06,3.18684113232678e-06,5.06681450092764e-07,2.83225457302938e-07,-1.12659461241388e-05,-1.70373067448912e-05,-0.000151224979607239,0.0028672741116689,-2.76603223108166e-05,-0.000141363930683167,3.5687894061072e-09,-2.01392542098763e-06,-4.6828317105365e-08,-7.80237706236427e-06,2.56236513337123e-06,1.15328469519778e-05,-1.48227774425537e-05,-3.34346427162336e-07,6.10871277814471e-07,2.41417510302363e-06,4.24084152127336e-09,1.30941295923398e-05,-5.50544485087113e-07,-1.00589090012214e-06,-7.01196643575466e-07,5.81112551751659e-07,2.28396391429897e-07,2.27230017037243e-07,7.08333543929484e-05,-5.32425338839221e-09,-8.19681613452205e-07,-1.24083624473741e-06,-6.07571201556002e-06,7.49829776496614e-07,3.79415781094627e-06,-4.8299850914056e-06,-2.52488553623114e-08,-1.36790206518727e-05,4.10149683177073e-06,-6.33202685362776e-06,-3.64409533890355e-07,-2.84385238800358e-08,5.31984891238241e-08,-7.7712249933303e-07,-0.146787204367946,-2.26168427987321e-08,1.11686676551821e-06,0.000180433971555903,-2.23350887028371e-05,-6.41714604841725e-06,-0.000832719503841484,1.48432903484483e-05,7.16099961500365e-06,0.000104445149761436,0.553658924181139,-2.49407815466373e-05,-1.02630151203531e-05,2.57036474566892e-05,4.55718800110562e-06,2.26035335156862e-06,3.67324141798642e-06,-1.56224989387657e-07,-3.24812210352034e-07,-1.09068869727204e-05,3.45747885003825e-16,-1.09314106302937e-06,1.52898852148406e-05,-6.6949908331016e-05,-6.50386604414338e-06,-7.03282885123912e-06,1.18223016391055e-06,-1.25420713151915e-06,6.41852565223823e-06,-1.03276955408444e-07,6.58228496831466e-09,-1.47870685821228e-06,1.45955396403544e-05,-1.13357322181535e-05,4.68332729906894e-05,-2.83815477907519e-06,1.40284758336388e-07,-8.99422364125831e-09,4.23001282877117e-07,-3.97620275603293e-07,6.27128634846784e-06,1.4804614974587e-06,-3.21555548235466e-07,0.0126411661464,2.11491931381249e-07,8.29507644889595e-05,-3.10976859893295e-06,3.59216356985444e-07,-1.24139293955252e-07,2.42280533488952e-08,1.17793579390346e-05,-3.69581053996878e-06,1.90350981025184e-07,0.0105887169392948,-1.57789862892862e-07,1.91430991699467e-06,-4.47124606517857e-06,0.0109463467318335,3.36180679823409e-06,2.47291469675315e-06,-2.36528822892126e-07,4.57179223138533e-06,-2.3882226294323e-07,9.34500436044312e-07,-3.38435847809862e-16,-2.35980580653069e-06,-8.10218020719239e-08,-1.0675698626685e-10,-9.33984778685079e-07,1.17989310865584e-07,-7.31253404373094e-08,-2.41353851765461e-07,2.735903817422e-08,-1.15980250699412e-06,4.02977881946651e-06,1.47226391431394e-07,-3.52986113243925e-06,1.67933787220044e-06,-2.02916215564203e-06,6.43701862540651e-06,-9.74603467786977e-07,1.58974471775077e-06,5.63328415465881e-08,4.28100327707353e-08,2.31404056080542e-06,-1.46972276229075e-05,6.52231220298675e-08,-1.80009799920052e-06,6.24500193132662e-05,-0.000202978491342375,5.54889011270975e-07,5.04990671487467e-07,2.94624735088711e-06,-9.46062203711328e-07,-5.71002530721605e-07,7.97331832938105e-07,-0.00627705437111265,-6.85720249407496e-09,3.35257556409173e-07,-9.16984421418565e-07,-5.13723721911792e-17,3.95169678366802e-09,2.59183307989538e-06,-3.01154010694683e-07,1.57304222161238e-06,2.03017521460236e-07,4.68843098648251e-07,1.61470845123672e-06,-0.00612844363693162,-6.22454653807188e-07,2.29263902140997e-16,-1.16857701505515e-06,-1.12502771473714e-08,-4.48676385086859e-08,2.14404094790428e-07,3.74266664806577e-07,-2.60466070879909e-08,-1.02602171575178e-06,2.77447314855182e-07,-1.34053414608086e-06,1.79692894146905e-06,-2.76545123168026e-07,-6.64268736075687e-07,-8.21947213971161e-07,-4.96971175897951e-09,-6.63016971117288e-07,3.97660127159527e-07,-7.19861220590839e-07,-7.40345077034399e-16,-2.10287901814209e-06,1.65079930287103e-07,4.75751380609929e-09,4.16887647940384e-08,-1.36480130968811e-06,-2.80566299999361e-06,1.4219512096952e-06,-5.16301799474375e-06,-2.53559360498087e-07,2.51057823103416e-16,-4.63256551926274e-07,-1.8234037736309e-07,-5.82941282195184e-07,-2.98056487884712e-15,1.10052858594597e-06,1.59092647327058e-06,-2.43167460259616e-07,-9.1183379676761e-07,-3.10937624954593e-07,-1.78698875684665e-07,-0.000146449797087514,1.47025213000475e-07,1.18456493604866e-06,6.65564571299559e-08,3.28983964601833e-07,4.74789185695646e-07,-0.70710678118655,-1.88558402713957e-07,6.18381789422799e-07,3.01556736113886e-06,-4.01983427311227e-07,-7.9767099361084e-16,-1.01895011991292e-05,7.14889884262816e-08,-1.72957639755694e-07,-1.16092437589212e-07,-3.89640051759353e-07,4.14955909040121e-07,-0.00014136569029374,7.45102967378904e-07,-1.2676328108435e-16,2.9065993790874e-06,-5.676337964753e-07,1.71934318723311e-06,1.4704790623713e-05,-0.0135008655668061,-2.52768949902067e-11,-2.77555756156289e-16,-9.13406308303587e-17,-1.77425791925241e-09,-2.42096767153036e-07,3.20536653494457e-08,-3.30350499336068e-07,-1.13982729212062e-16,-1.59684838550321e-07,-1.89252088079682e-09,7.59932248245747e-16,-3.83249814348126e-17,2.63910565918545e-17,4.04809506101853e-07,3.09949468597872e-05,-1.293498912081e-06,1.01207704963244e-06,5.04521291530466e-07,2.38968693341081e-05,-4.44105033170835e-07,-6.10217968722494e-13,-9.79059257809072e-08,2.74709707448414e-07,-8.70512268398325e-17,-2.83062847456639e-17,-1.7168294904137e-07,-9.2368134968525e-11,-1.01211051444356e-07,5.49574707081774e-07,9.93915603058278e-08,-3.71794131925161e-08,2.00847800873626e-17,-1.24940085733684e-07,-3.80393534350686e-16,-4.24888778093225e-07,-8.02309607639273e-18,-1.1085489455813e-07,-3.73780901951295e-17,4.5433857805e-07,1.19594840078542e-07,4.95079993565079e-08,6.49880578607086e-07,3.21794913174882e-07,-3.68659165532702e-08,2.33410710282107e-07,2.08945380023762e-06,3.91876416810855e-07,3.61016129141146e-08,8.1170007119389e-08,-2.27921045572062e-07,-3.89904887226298e-07,-3.1587933828711e-08,-1.08550149883992e-07,-4.20945765580325e-17,1.01400451430959e-06,-1.74461284523761e-07,8.98093671219915e-08,-2.95778378555441e-17,1.57219724907258e-08,4.26983877317931e-07,3.46994031149846e-05,2.03649778377147e-16,-3.62105861046357e-07,-1.94219741651718e-07,8.68467467069872e-17,-6.64597872847277e-06,5.70061010594662e-07,5.0721691878554e-16,1.37087186774892e-16,-2.08786286271324e-08,-1.12077749740935e-07,-6.38315170930227e-10,-8.85208636270071e-07,2.34786398584316e-07,6.90528444666784e-08,6.65139165230961e-08,6.13409735454062e-07,-1.37510630530075e-06,5.37547437118313e-16,2.83468117546152e-09,1.95068675179163e-09,5.3817071802599e-09,5.03456162321605e-07,-1.95735155150914e-17,2.02257451738054e-16,1.655164485577e-07,5.73734293225814e-17,7.15212436044865e-17,7.84632773390515e-07,-2.61362018677682e-05,-1.74430291609683e-07,-1.17564915627886e-08,6.09806044343051e-06,3.49217745507287e-05,3.87132624028798e-08,-5.4385966297741e-18,9.11146038200029e-08,4.25406511785143e-09,1.95182886300628e-08,-1.96271638228235e-07,7.73790595927824e-07,1.89874419547171e-17,1.063487870187e-17,-1.54547301112385e-16,-6.75563782201358e-08,-3.23818818199565e-08,-1.88586055266632e-07,1.89303506136041e-18,-2.48089023511193e-08,2.48014997198403e-17,-1.44549151157158e-16,8.00048183082222e-06,-8.64164462127142e-08,6.80878964320897e-17,-2.17989843851689e-07,-1.12496086158793e-07,-4.96759926346626e-16,2.54249348211478e-07,5.27989250196647e-17,9.02133596729205e-08,-6.03893463314515e-17,9.06265155890348e-08,1.99289168431063e-05,2.77356022900118e-08,2.62659899951903e-08,1.80769825406363e-07,-9.03830991499585e-08,2.49525911218844e-07,-4.90292923954503e-17,1.64834383291008e-06,-9.32660180655025e-08,-1.22538676911168e-17,-1.23687854211782e-08,-0.000560200729969818,5.61340286053706e-08,-2.86177078476667e-16,4.15817476512371e-06,2.4181304745972e-07,-2.92954541980349e-17,-6.04388150238675e-07,-1.33697948176322e-07,-6.96348036360606e-09,-5.51816049016364e-17,-1.34795204980165e-17,2.82664157705733e-06,3.80717743767046e-08,3.07994252636183e-09,-4.94298028183934e-08,2.25071305954686e-08,-9.71166336737167e-17,2.88039962795632e-17,8.21495786399954e-08,5.66235219266272e-10,2.32298767602186e-16,1.98448995013043e-07,6.59091380373599e-17,1.02642222032623e-07,-3.79438498492554e-08,-2.21694094244957e-08,-1.46954011827803e-07,-1.85636332437705e-16,5.13368532328778e-17,-2.7409410678985e-17,-9.55211603681455e-17,-1.17958202584855e-08,-4.09128315881957e-08,-1.42638042676106e-17,-3.40415967029235e-17,-4.99193198471111e-17,5.75723119941667e-08,5.17333291063648e-10,-2.84807017656153e-08,5.01668832920148e-17,3.14418630020796e-17,8.66277535815918e-17,-2.76396962434567e-05,3.62910010708668e-08,-3.51773344555951e-17,6.53378986551861e-09,-1.71059878150576e-07,-3.33397803455421e-17,-1.32281610615047e-16,-1.18454039880344e-07,-2.75261187046806e-08,-5.88881991971251e-08,6.11333527648457e-17,0.00173829561886475,9.39556627203616e-08,1.01775154947868e-07,-9.30147083834562e-08,-2.50465424221034e-07,4.07829190606014e-09,-8.82851542515557e-18,-2.76053249355239e-16,-2.84573553511934e-17,7.7540376926678e-08,-7.02059690360369e-08,-2.6460679461641e-08,-0.000537242909549823,-2.33728621719663e-16,5.21982574002082e-19,-1.21835561828163e-16,1.18757512471387e-16,1.43618912628773e-16,9.9131841019281e-08,-9.10594818492272e-17,-7.09185162240602e-17,-1.60453300046151e-08,-6.68785591118182e-17,-1.43631112267955e-08,-4.28827686240429e-17,-1.78066227637112e-08,8.74802287415638e-17,-2.15557425154019e-08,-2.69741775754046e-09,-2.46024577383607e-07,7.16383389128492e-14,8.65583404360898e-08,-2.28785043210996e-17,1.22771021468385e-07,-2.15830384870539e-07,3.00376207966779e-05,-1.76816814945205e-16,1.74165018961917e-07,-5.71317531440905e-17,-4.28648087846651e-08,-5.45182166941729e-06,1.11101487488366e-16,-6.6525973405661e-17,2.10382410344445e-17,-2.49609017622608e-17,-8.10406891123191e-10,-1.05525690331406e-08,-2.3561790646906e-09,-2.47078225498876e-18,7.15037422399433e-18,-2.49001845380319e-08,2.03112774455408e-07,1.66969992786094e-17,4.33644651633194e-17,-1.07323488984603e-08,-1.75176202058646e-17,-7.60653142538876e-08,1.5705385891471e-17,1.61797078985582e-05,5.98976171635116e-17,-1.66683562509983e-16,-1.46629468500982e-18,-1.61691334681958e-16,2.99882712940659e-17,7.73826460248534e-17,1.37668761904459e-08,-9.62796525356917e-08,4.51501907096852e-17,-1.62505828145487e-06,2.43051437782547e-07,-1.10478754197736e-16,-1.03759880303943e-16,-8.17127890887091e-17,1.88989298488277e-16,2.39566019228919e-08,3.83117259053937e-09,2.0211199384773e-16,-2.15769287381313e-17,-4.35415870762729e-08,-3.94380786704832e-06,-2.34820591051578e-09,6.11485067358578e-17,3.35404627293348e-17,4.15233583403245e-17,2.47912384311766e-17,2.34183453309682e-16,3.7406705989836e-17,9.16095426548754e-08,-8.66422527937375e-08,-1.66591562990874e-08,-2.81629826333042e-17,-5.5607605109143e-18,6.40096118699367e-17,-6.55869883903077e-17,-3.6106821387855e-17,-1.82674134968729e-16,9.24734850309854e-18,-4.52487052119277e-17,2.78259333385933e-17,-3.99342121258126e-18,-6.85641089810735e-17,6.96042001803858e-17,-5.67348575877671e-17,8.33305970333735e-17,9.13355803014309e-09,2.75225630350491e-17,-1.02803694295237e-16,-5.30469647220947e-17,1.29316877679995e-07,-1.55768646255795e-09,4.53056544437766e-17,-3.33804642509435e-09,1.1836933227839e-07,-1.39586871425671e-16,1.23232586095327e-16,-0.000168114988215054,-1.33439447432728e-16,2.89391917628027e-09,-8.36935981429427e-18,7.04276031158924e-18,-7.80797581346286e-18,2.54286419897445e-18,2.89437633519808e-09,-7.75852328676593e-05,-1.05739177069076e-16,-6.28922433755946e-17,1.11782856218629e-17,-1.46963919555697e-16,-5.21067564096533e-16,1.82933432604449e-17,-2.15357450854551e-18,-3.94941792878851e-17,4.66345916086236e-09,1.67300594683763e-16,-6.38877119833585e-17,6.20297796694102e-18,-9.48227212674125e-17,-2.19098136743938e-16,-2.18566258580841e-16,-9.19436899432076e-08,2.37696165739076e-17,-9.77994637596169e-17,1.54008709989669e-06,-2.09683727514212e-16,-1.18015739891251e-16,6.51625064303904e-17,-3.587426263928e-16,5.70675136005072e-08,-3.38145292175655e-17,-4.21123264458415e-08,3.61670280615151e-17,4.39246036168703e-17,3.05253950453974e-17,-2.30782596808907e-17,-6.61020494674729e-18,5.40863832754265e-17,1.52080784274422e-09,-3.13737736132066e-17,-1.3968731818268e-16,8.57578737847439e-09,-1.89761034793791e-07,-2.44441254933599e-17,1.32879287824103e-07,1.94594632752139e-08,1.3711729112254e-16,-5.4453629057103e-17,1.38071121550153e-16,-5.31221964408084e-18,5.04356821759665e-19,-3.26263022748641e-08,4.96906830446364e-18,1.35950950796909e-17,-9.77814520649544e-17,1.3055864152198e-08,-4.98580693632414e-17,1.20058868799869e-16,-2.36438555147345e-17,-1.06390707972832e-16,-5.94469203182558e-09,-1.93398211933076e-16,1.7882580191959e-09,-9.91413577760226e-18,1.486195744999e-16,3.95427798713736e-19,3.92871637169486e-17,2.57512848099474e-17,9.19536084990605e-17,-4.33868019700599e-17,-3.09927977959433e-08,-8.71925203775034e-17,-1.98386183482378e-16,1.30262335185572e-08,2.86832942541507e-17,-5.15050477837905e-17,-8.17138329889484e-18,1.42756975593225e-18,6.83374884518253e-17,4.78236954981358e-17,-2.1153679712147e-06,-1.06331155661714e-16,-4.53704799566853e-18,2.80839000040342e-08,9.36381856891294e-17,2.31049961704858e-16,1.23662988784586e-16,8.18765874048477e-17,6.00042730687307e-17,5.00642656930871e-17,1.34056721961923e-16,-4.8614989593841e-17,8.14802336704163e-17,2.0508325533104e-17,-1.98592338677179e-17,-1.47141923227555e-08,4.87852125265907e-08,7.33879802423544e-17,-1.48127525790955e-16,-5.58678348221299e-17,1.68055193286577e-16,7.69783542464708e-17,-9.18613120579506e-17,-3.43237038405869e-17,-1.06351344953696e-16,-4.22402969999306e-09,-1.15522574991408e-17,3.66294240237377e-17,-7.91129954873228e-17,4.13644233677515e-17,1.36474268624488e-07,-7.89048126066578e-17,-8.56503466230465e-10,-4.42611145747986e-17,-1.4845717047182e-16,1.91198332237712e-16,-1.17722786224173e-16,4.6941761635243e-17,5.33933028422108e-18,1.24271877531681e-18,-8.16204992547254e-17,-1.77105434097956e-17,-2.12360844071137e-17,1.31290077471401e-16,-2.16933041790594e-18,5.23960037588161e-17,-4.44857955009926e-17,1.04164772792445e-16,-6.61783087692962e-17,5.29321142614128e-17,-3.94160890499256e-17,1.02224315427673e-18,8.40827099338262e-18,1.26634813746307e-16,-7.40429495747349e-17,-4.96194192149574e-17,1.04179964903475e-16,1.42710788042892e-18,4.06573311356189e-10,-1.1725405319897e-16,4.03134969144238e-17,2.62165703979267e-17,-7.32610557725497e-17,3.00705047491846e-17,-7.28441349876696e-17,-1.56720157440056e-16,-1.6006844478635e-16,1.91788681570601e-17,-7.44982821247901e-17,3.83807569059869e-17,2.49407128838426e-16,1.77065172892774e-16,1.09141908498581e-17,-1.08163095763083e-16,9.69210630890101e-17,2.82721398664546e-17,-5.22542233288123e-09,-7.26814413450033e-17,-1.65501502968573e-17,8.57463099243201e-18,-1.45660733059503e-17,1.9097594843306e-16,1.33169598448363e-17,-1.00930768009329e-18,4.22530198997368e-17,-4.27429689965743e-17,1.10562830605152e-09,9.11465422120975e-17,1.83180893623332e-17,-1.47151662867702e-17,-5.62092951134546e-17,-2.84988475962025e-16,-3.34501333540347e-17,1.07234385856893e-17,-1.20074513065608e-16,4.03983786312745e-17,-1.35469245664936e-16,1.10167499771656e-18,-6.36026500969294e-17,5.13589107772613e-18,5.57063349008441e-09,1.60708778132577e-17,-1.70579799731763e-17,-3.13853030996689e-16,-8.78203759713259e-17,-4.21844744018897e-07,5.13869268651298e-17,7.82386572064908e-17,1.14896165594547e-16,-9.14741585969863e-17,-3.23527539662692e-17,3.64938334899217e-17,1.44014483982562e-16,1.26484294428729e-17,2.20982765140476e-17,-1.99281557481982e-17,-1.78163181585084e-17,2.17276639564031e-17,4.18387061053611e-17,-9.97949530005442e-17,4.7206484868406e-17,-4.47934101121193e-17,-2.14931846491284e-16
"t332",-0.00499334030159199,0.0528238097623217,0.0680712776852208,0.0165796864108333,0.0342916956509893,-0.00574062689240816,0.00176410250021858,6.14970380529898e-05,0.00053291970904709,-0.0014768074005453,-0.000531387871611242,0.00646627107426802,-0.0223649216596759,-0.12194206674434,0.00323592720620926,-0.000417819936607637,-0.0243180456231446,-0.000220857137260734,6.18943507686332e-05,6.26336216182945e-05,-0.000275114794628052,8.48841405151811e-05,-0.000233373917232303,0.000401974476231103,-6.36305440941541e-05,0.000195337851018697,-0.000257632040307436,0.00224448358347159,-0.00162780324376627,0.00756079588562272,-3.00414342951245e-05,0.00045865699421059,0.000174477898477642,9.70156376719717e-06,-5.00417928442352e-06,-9.94959893829871e-06,-3.45984441184814e-05,3.48372692134487e-06,3.0183558708758e-05,1.03656706695303e-05,0.00766337438817822,3.60275491664879e-05,-1.11284579929422e-05,1.28068799978207e-05,-1.97204459178001e-05,-3.29397256105805e-07,5.23298110986412e-08,-4.29139056227401e-07,-1.36064949089502e-06,8.80504851287282e-06,-1.75025580284549e-05,0.0011819996104495,3.64802593165874e-09,7.88896246132174e-06,-7.52733802601996e-06,8.66143900395361e-05,-2.9291939640504e-05,0.106178635960195,0.00815226829274185,-5.66753079910248e-05,-3.754067817133e-05,4.28170927027538e-05,-0.00114595944204469,0.0017726171049543,-5.04360051785799e-05,0.000161445304140362,-1.45418763714271e-05,0.00138120918533011,-0.146768592596493,-0.000705294847818643,5.08659982087114e-06,-1.36789896050538e-06,-1.6235097743e-08,-8.20786218138309e-06,4.04656392761387e-06,6.48710097193414e-08,-7.56265931178102e-05,0.0882829784927867,1.71575218811959e-05,1.20307903335636e-05,-3.8845840408614e-05,-1.50826022630839e-05,-1.00753965533783e-06,-7.3623338075476e-06,9.34616141974849e-07,2.87241978764866e-05,-4.51598457713919e-06,-7.18346698749864e-07,-1.60163560979449e-07,6.1111164938836e-06,-1.36187227600389e-06,3.67524828747551e-08,2.44942125780697e-06,-2.23705261666588e-05,-1.21958417574562e-07,-5.54000932863157e-06,-6.52694409429345e-07,5.73881341593756e-06,-0.000591406127546989,-1.59491994695236e-06,-3.99109055108495e-07,2.49860477915927e-08,-5.11456843827272e-07,-7.59501053168971e-07,3.86027354727288e-07,-6.82827720652113e-07,2.80747722457923e-05,-1.01204617529105e-06,5.043258324411e-06,-1.99784346437831e-07,-0.00019529246470883,-1.41026234217376e-05,4.4703417374574e-06,-7.88028777750985e-06,3.33073252664588e-07,-1.37194582546532e-05,3.18724827807853e-05,-6.08793101370963e-05,0.000160037627748185,-0.168296691729339,-0.00043140096913355,0.00442067328543595,-0.000120063711150398,-0.000327097735739121,1.44700711851571e-05,-0.000127033322784522,1.27879888980869e-05,-2.43379537455875e-05,9.90229810520606e-05,0.00127173934167793,5.42983364845547e-06,0.000114879201413372,-1.53478075966428e-05,-2.80333768829993e-05,1.28266560280664e-06,4.90381678143819e-05,-4.05511075012024e-07,-0.0301968818299639,-6.46549538146486e-06,1.57058858822279e-05,7.80628651371202e-08,-8.57323168693644e-06,6.31563039548201e-06,4.81220613457686e-07,1.83625989951181e-07,-1.83089683579104e-07,0.00391098379546519,3.34664141790924e-06,2.32872097927852e-07,-6.80271114012768e-07,-1.46963516065655e-05,-3.54543307079353e-06,-1.09459594448973e-05,3.26956617774809e-05,-0.559421405561044,3.6799211145675e-06,-3.0988039496658e-05,-6.08243630437103e-07,-2.86617085119265e-07,-1.12837009742209e-07,-3.99252973850248e-05,0.0416113643578782,4.70988086409931e-08,-1.96894107296506e-07,3.36117186294037e-06,-3.23042158830323e-06,5.37982956899311e-06,9.31253052826584e-08,4.64666176488483e-06,0.000143955070309557,-1.05391540283059e-05,-1.86556460764193e-06,2.31962698453878e-07,6.09053566843704e-07,1.56213385314199e-06,2.51830452831502e-07,1.41754790820026e-07,-6.33718955149864e-06,-1.06104613592392e-05,-9.57026750202655e-05,0.00184187905773674,-1.85373250181656e-05,-9.6233970886757e-05,2.46619315108103e-09,-1.41115530714068e-06,-3.43145237186787e-08,-5.77891302838541e-06,2.07065573555996e-06,9.34533303811316e-06,-1.23438563510563e-05,-2.99179543128137e-07,5.78652416467555e-07,2.33133830090876e-06,4.21342243154867e-09,1.32863863093099e-05,-5.94575987557108e-07,-1.10114407123726e-06,-7.89998438657796e-07,6.64260110967744e-07,2.93002243659048e-07,2.93162079209399e-07,9.62981280587391e-05,-7.64329911442285e-09,-1.36529387456142e-06,-2.06836463968597e-06,-1.02857075199082e-05,1.33423878080471e-06,7.00632647511294e-06,-9.96753113825633e-06,-6.20793221915111e-08,-4.0796374325754e-05,1.31868213512744e-05,-3.49920426026225e-05,-4.35624711667571e-06,-3.52523567497094e-07,-2.29760691538446e-06,6.07655110656309e-07,0.00175927247904938,-6.97588355179379e-07,-3.842544291406e-06,-0.000446301203040225,2.17342302907009e-05,5.14888219004862e-06,0.000539588229621348,-4.565560868512e-06,-1.82333672904885e-06,-2.52994382393921e-05,-0.0077879255901313,-2.33883637324726e-06,-2.0107799405336e-06,6.10511621703285e-06,1.26709550310263e-06,7.09640095247588e-07,1.18937339385881e-06,-6.38880463396383e-08,-1.48643653267781e-07,-5.53446363170196e-06,1.55208041858916e-17,-6.28213697631331e-07,8.98520675386184e-06,-4.5136865597659e-05,-4.80244112071426e-06,-5.56030846029952e-06,9.38396933060653e-07,-1.11793953357118e-06,5.82841421596424e-06,-9.4581454341842e-08,6.27484386728482e-09,-1.44788881827e-06,1.50007777541124e-05,-1.19024073154391e-05,4.96103453705371e-05,-3.15556811045768e-06,1.93319841922105e-07,-1.3516119603315e-08,6.88799711979165e-07,-8.07665052406222e-07,1.29924344258028e-05,3.95126989469411e-06,-1.08971832636038e-06,0.10730930776966,9.296438619187e-06,-0.00065361640287412,5.4407386172095e-06,3.71268899097845e-08,-2.68796314262126e-08,3.98327368195552e-08,1.96452192416869e-05,-6.26125538603805e-06,3.66437261344572e-07,0.000552351308992757,-4.04185723839905e-07,5.04801087410759e-06,-6.29871612792812e-05,0.278509898033011,0.000239337357286164,-5.53205729188869e-05,2.54966881089265e-06,-2.21731449866834e-05,9.92018555524798e-07,-3.4782045590452e-06,-1.92556722198797e-16,6.39238995579872e-06,2.11568761002782e-07,2.48898850605735e-10,1.71526961889827e-06,-1.80786195132809e-07,1.03391909757615e-07,3.28308721293815e-07,-2.36313419583529e-08,9.7469409176348e-07,-3.36171777840925e-06,-1.08572796708782e-07,1.84399635920807e-06,-8.26087276354569e-07,9.57050203215666e-07,-2.63694683640889e-06,2.18960738462127e-07,-2.61340140716038e-07,-9.07600175582764e-09,-6.85571340823249e-09,-9.28367152849325e-08,-9.87115371945822e-07,5.17865004850792e-09,-1.74594633580676e-07,7.37542316419066e-06,-2.52901759515033e-05,1.01786469878196e-07,9.52998637927031e-08,5.8659678625757e-07,-1.95721478041327e-07,-1.3654529147688e-07,2.44398072090843e-07,-0.00369266745516786,-2.8734970607561e-08,-2.85396910274366e-08,-1.16224239207653e-07,1.56000642418522e-17,1.08350343981232e-09,7.30831948023547e-07,-8.82335250041062e-08,4.61373207436974e-07,5.9612481078746e-08,1.38879075132414e-07,4.86009571846629e-07,-0.00187838834796384,-1.97448838669868e-07,5.06398563522759e-17,-3.96925623905218e-07,-3.85071947253814e-09,-1.56029431660438e-08,7.469790828304e-08,1.3520668947202e-07,-9.58500597985894e-09,-3.869318184469e-07,1.06302318831395e-07,-5.30223081491312e-07,7.29941351187132e-07,-1.14134254623416e-07,-2.7651639679813e-07,-3.43940397963004e-07,-2.09843241058289e-09,-2.80229283707066e-07,1.69122231526124e-07,-3.0760550076785e-07,9.80588355546082e-17,-9.28747533223389e-07,7.33745786941908e-08,2.11474639373899e-09,1.88543971881442e-08,-6.18808325383492e-07,-1.30936336570863e-06,6.68686054362851e-07,-2.43154699338212e-06,-1.20074596941171e-07,1.49328868049398e-16,-2.20726489131898e-07,-8.70740133034567e-08,-2.80660432299644e-07,1.80351096152981e-17,5.34385570083545e-07,7.74023319126712e-07,-1.18426017850772e-07,-4.44994871903144e-07,-1.5226409540798e-07,-8.7729354594268e-08,-7.2038062274438e-05,7.27335342254838e-08,5.8639444508491e-07,3.3072897634568e-08,1.64543771097137e-07,2.37546711526526e-07,3.36604148731382e-19,-9.54843095209747e-08,3.13773125722242e-07,1.53678285912542e-06,-2.06162562896607e-07,1.26167093959951e-16,-5.29284839663836e-06,3.76108936492921e-08,-9.14653480660714e-08,-6.15331495383454e-08,-2.07063412530096e-07,2.2150831452697e-07,-7.59255937156385e-05,4.01944223620525e-07,-1.74904998356038e-16,1.48388487463184e-06,-2.84368620210988e-07,7.97781076468091e-07,2.25754850866339e-06,-0.000501266726172059,-1.16929314390752e-09,-2.4980018054066e-16,-2.78352220563551e-17,-1.19699967507889e-09,-1.53646549874373e-07,2.02678598601232e-08,-2.05383391281587e-07,6.51560322758917e-16,-9.81164995240605e-08,-1.16164812918191e-09,-1.14831693807926e-16,4.17996790842814e-17,1.58467088473126e-16,2.49119654154061e-07,1.90869243011327e-05,-7.98609345407999e-07,6.26391091292818e-07,3.12349532999573e-07,1.48358840855207e-05,-2.75804255771023e-07,-1.74395248168542e-12,-6.11637534982109e-08,1.71980510378417e-07,5.8832761939717e-17,-6.41947097637369e-17,-1.08375265178628e-07,-5.84225758544927e-11,-6.41838873617035e-08,3.49124685132288e-07,6.33480828835411e-08,-2.37091065078981e-08,2.52333433742788e-16,-7.97307827691093e-08,4.65372483669395e-17,-2.71699948866506e-07,-7.52869988573934e-16,-7.09933995498033e-08,1.93889444874249e-16,2.91514000169946e-07,7.67637526014121e-08,3.19338604241158e-08,4.1961890733535e-07,2.07867128453016e-07,-2.38578287596455e-08,1.512906802187e-07,1.35920960966711e-06,2.54927372016655e-07,2.3510717610856e-08,5.29650387995214e-08,-1.49108460971216e-07,-2.55625962840101e-07,-2.07437638746548e-08,-7.1342392522385e-08,6.54957397222477e-17,6.68082227492014e-07,-1.15213247378707e-07,5.96891910648033e-08,2.55843290319888e-16,1.04678421306394e-08,2.85043733312142e-07,2.31902412695922e-05,-2.63667981929487e-18,-2.42139585675229e-07,-1.30164403710033e-07,-1.06833051754941e-16,-4.45890499476795e-06,3.8488862316303e-07,-2.9533425585853e-16,7.13922458515349e-16,-1.41303332092388e-08,-7.58685758162201e-08,-4.32521019096297e-10,-6.00506179326639e-07,1.59683140899367e-07,4.69745853916977e-08,4.52614416319416e-08,4.1880379421108e-07,-9.41343460530306e-07,9.63422050470619e-16,1.94243096163045e-09,1.33691099159341e-09,3.69055972255833e-09,3.45495060544446e-07,-3.73346897678017e-17,-3.73221860537633e-16,1.13694837067882e-07,-1.18868795671955e-16,9.60365283516582e-19,5.42176131662076e-07,-1.80780325526302e-05,-1.2065343581362e-07,-8.14960056724212e-09,4.22840664544186e-06,2.42163311885097e-05,2.68562937623538e-08,3.36096622245235e-17,6.34752341709373e-08,2.96623925909095e-09,1.36135310216501e-08,-1.37093536819898e-07,5.41907700373942e-07,9.72195297366925e-17,-1.84435953817967e-16,3.45714258446261e-16,-4.74898283736138e-08,-2.28002640772693e-08,-1.32800862602658e-07,4.8979267349821e-16,-1.74975891958885e-08,8.21406188813767e-18,1.95212820763841e-16,5.68220084948071e-06,-6.13812579539964e-08,-2.57606436182556e-16,-1.55112152148262e-07,-8.01317561309645e-08,1.73248072681868e-16,1.8150683588383e-07,-4.26456036216724e-17,6.45872714062927e-08,-1.03756016791085e-16,6.49006527359863e-08,1.42747834822886e-05,1.98713961979952e-08,1.88248930615457e-08,1.29659931879035e-07,-6.50410073397157e-08,1.80695294869754e-07,-1.46978245136088e-17,1.22225152923671e-06,-6.9738063010823e-08,-1.51939393805695e-16,-9.44408820663815e-09,-0.00168861044889346,3.75666480612362e-08,3.71298605021716e-16,2.95556372345511e-06,1.72329720734693e-07,-5.73438147983343e-16,-4.31902887574489e-07,-9.56504258674228e-08,-4.99886084525316e-09,-2.60652854509634e-16,-7.85127302585813e-16,2.04051785132123e-06,2.75350751116765e-08,2.22834795984249e-09,-3.60017551047652e-08,1.64086783013823e-08,4.75484931491551e-16,4.96762344381642e-16,5.99296842534809e-08,4.13112113086694e-10,5.83807409503408e-16,1.44940056578004e-07,-2.87368167994121e-16,7.50424198672292e-08,-2.77787323004733e-08,-1.62317923099979e-08,-1.07635459692915e-07,2.59046553480912e-16,7.52439131786579e-16,5.78298188803133e-16,3.43036663523015e-16,-8.66764220144497e-09,-3.00706424596548e-08,1.7426166347079e-15,2.43259014204905e-17,4.7873490111281e-16,4.23535327640413e-08,3.80726975795108e-10,-2.09814855926591e-08,2.32630006412842e-16,-8.4968924257689e-16,-7.64796212471275e-16,-2.04238079173696e-05,2.68187882091367e-08,-5.79688412857047e-16,4.83211703475967e-09,-1.26527718936954e-07,-1.15208627750474e-15,-5.23875786163887e-19,-8.75704440249504e-08,-2.03464593935984e-08,-4.34263044655771e-08,2.20841442478485e-16,0.000107257894788732,7.11076294567662e-08,7.64076453467524e-08,-6.97256698947574e-08,-1.87749886156716e-07,3.05752890873656e-09,-8.63366404014201e-16,-1.13135651872167e-15,-8.22093711624456e-18,5.82701391678836e-08,-5.27606563167985e-08,-1.98922303759219e-08,-3.3995445906354e-05,9.15377389387519e-17,-3.24180643601599e-15,-3.12523163443631e-15,4.83366260053741e-15,2.86809904330943e-15,7.49215713022146e-08,5.28773504736399e-16,-4.28257665183845e-15,-1.21365537637424e-08,6.86998417957251e-16,-1.08646381254108e-08,-3.11268205321141e-15,-1.34704353594503e-08,4.58297708246885e-15,-1.63315056078039e-08,-2.04443597930692e-09,-1.86575044166156e-07,0.707106781184405,6.56888635492047e-08,3.21919507864784e-15,9.33167196857811e-08,-1.64381726823647e-07,1.95004155157556e-06,-1.83670084787225e-15,1.32775610031061e-07,2.37397174708285e-15,-3.27211585235829e-08,-4.16195539308529e-06,-7.8150890190618e-16,1.63744268866203e-15,1.78076897020835e-15,3.41957558111572e-15,-6.19338118420724e-10,-8.06694481346121e-09,-1.8017868413623e-09,9.81826649778989e-17,2.06237233302815e-15,-1.90716162292703e-08,1.5557964878031e-07,2.46442884236563e-15,1.04433891736188e-15,-8.23695497420159e-09,-1.59228967510394e-16,-5.84037538191106e-08,-2.01504882216996e-16,1.24380270186606e-05,-1.5764049355105e-16,6.65265394146545e-16,-8.70415674224734e-16,1.73016951169972e-15,7.02033234333805e-16,1.4145498634569e-15,1.06091344093156e-08,-7.4198123412733e-08,3.69034196537135e-17,-1.25342019436168e-06,1.87534038898144e-07,3.68464260041652e-16,-5.55204767604497e-16,-8.12953312606775e-17,2.53007252196606e-16,1.85126872641947e-08,2.96162485798719e-09,-1.04674515899172e-15,3.37492495041249e-16,-3.36723953836312e-08,-3.05005597978981e-06,-1.81636615830145e-09,-5.04414153764927e-16,-9.37366809057372e-16,-7.23136726536215e-17,2.62286566174644e-16,1.82081368440743e-16,-1.50280745473144e-16,7.1059899953906e-08,-6.72243917252506e-08,-1.29289290728795e-08,-4.64403897774502e-16,-5.14199837729897e-16,2.90662760697781e-17,5.84599132382697e-17,-2.74968354631805e-16,3.8894755214589e-16,6.96188329340636e-16,3.17837614345071e-16,6.14666724697252e-17,4.25438846171502e-16,1.04261895851487e-16,-4.58257369548362e-16,3.40886964248128e-16,1.49547881057921e-16,7.11918584215913e-09,-3.28179544910086e-16,-9.59053331621584e-17,-3.58495364664677e-16,1.00854031496906e-07,-1.21499547486564e-09,-8.37949882155963e-17,-2.60389114741056e-09,9.24002860781912e-08,7.6876781722225e-16,-4.36003356857157e-16,-0.000131346262005646,1.66296212049787e-16,2.26338346961333e-09,-1.91955013644901e-16,4.97821141321554e-16,-1.04012499281329e-15,5.59367781700331e-16,2.26750906265005e-09,-6.07886081439503e-05,-9.1779077502587e-17,-2.45748483449629e-16,1.04968147413513e-16,-4.5183356351917e-16,2.48065457064683e-16,-2.27920608861231e-16,7.08278118867697e-17,-2.82087640749833e-16,3.67497441922053e-09,-1.38181216879771e-16,-5.23302424935845e-16,-1.14336164649059e-16,6.44680493401484e-16,-4.01760928083438e-16,-3.70108156808551e-16,-7.25441275663221e-08,-2.03404643538344e-16,6.94186910528625e-16,1.21541283943853e-06,-3.66295378415749e-17,5.85793111365073e-16,2.51878759965934e-16,-7.08453177352483e-17,4.51560845032883e-08,4.10722424423575e-16,-3.3338156326153e-08,1.83501974921681e-16,-2.94387279551778e-16,-5.44604794999393e-16,-1.71234063034561e-16,3.4466323395843e-17,-3.27529875515125e-16,1.20510332998401e-09,-6.47410148979454e-16,6.53093804643173e-16,6.80054612815847e-09,-1.50484908483511e-07,-2.28634536961076e-16,1.05443110872436e-07,1.54446461162482e-08,-1.84754242724724e-16,1.82078093793691e-16,1.66301282271322e-16,4.37781922988194e-17,2.10277146991467e-17,-2.59708027290179e-08,-1.4280967062297e-16,2.61266995464051e-16,3.03751651901346e-16,1.04003741899053e-08,-1.452574481707e-17,1.97805808448251e-16,-2.15258335121654e-16,-8.45874617551159e-17,-4.74026687753699e-09,1.12279465589129e-16,1.42638303046688e-09,7.04618896426737e-17,-7.4338421172569e-17,3.38775528543044e-16,-2.84842132747392e-17,-1.06608847660669e-16,2.78325409918024e-16,1.2183247644067e-16,-2.47609456384646e-08,-2.0188436095096e-16,-2.5349205455646e-16,1.04111489741438e-08,-6.08670583400437e-17,-1.13122428142692e-16,2.95973886860388e-17,2.74165665737298e-16,8.49586507643526e-17,1.17278730944303e-16,-1.6928143559012e-06,1.3319659208751e-16,-3.42014538791341e-16,2.24866028130546e-08,-2.39314963419472e-16,-3.59101544143202e-16,-2.10722615411097e-16,-1.3786012067714e-16,1.43637542175403e-16,5.15744337426543e-17,3.85447438082246e-17,2.20604344890423e-17,2.02870277400707e-16,-1.09096119802349e-16,-7.41733260009193e-17,-1.18058549777754e-08,3.91522203487354e-08,-3.22696739562106e-17,2.3315923582812e-16,3.0369135101945e-16,-5.08824080231282e-17,2.8796409701215e-16,-2.85205159302323e-16,-6.45697976661376e-17,-1.30858702367201e-16,-3.39432730794714e-09,-3.90041215477712e-16,-1.27225009096716e-16,3.63183425442021e-17,-1.25092226883715e-16,1.09786986431385e-07,2.62923870328909e-16,-6.89860942232697e-10,-4.24709367695274e-18,-1.17854012406953e-17,-4.95193067411328e-17,9.91463970984101e-17,-1.09551292089023e-16,2.27326272768544e-16,-1.61791813345691e-16,-1.01541642047605e-16,-1.18034387807263e-16,-6.31474090977875e-18,1.18512134958506e-16,3.41384191600588e-18,-3.23490801914356e-17,-9.99496987054851e-17,-1.3496668954823e-16,1.04023536906943e-16,5.4766173347005e-17,-1.21760361627794e-16,1.23979559836769e-16,-1.72733151280949e-16,1.53956708492942e-17,-2.69291963450734e-17,-2.1303318166668e-16,1.74726582214354e-16,6.40154058916766e-17,3.28940894756273e-10,1.98686646180668e-16,2.80077539024759e-16,3.87487499644679e-17,-2.04751555637264e-16,7.99120352223318e-17,1.0159363490137e-16,1.48810998082776e-16,-9.10129166752155e-17,1.32907261744871e-16,-5.98933747768959e-17,1.38994718512642e-16,2.90897407955608e-17,2.90250509132738e-17,-2.48849335241516e-17,-7.79534046742442e-17,1.1515309093282e-16,-3.09283821588703e-16,-4.24035440605988e-09,4.03345636264148e-17,-5.16919729023514e-17,2.06263502940825e-17,2.83917623914818e-17,3.83584522859204e-17,-6.52993351846428e-17,3.69909433302039e-17,-1.21645803266418e-16,2.58318976329923e-18,8.99953376405593e-10,1.25095115135647e-16,4.62226704135723e-18,-3.15275914626362e-17,-3.43794254581594e-17,-7.74251728221194e-17,-3.74237207135584e-17,-1.3531298806473e-17,3.84618630376598e-17,4.30667428293687e-18,7.77998127721471e-18,1.0473298384554e-18,-1.31921904557347e-18,7.06893470448004e-18,4.54818902268699e-09,6.88367687703958e-17,-1.09214312535143e-17,-7.13384663996979e-17,-3.70363462121048e-16,-3.44904289433118e-07,-4.58944578692469e-17,5.05627314468457e-17,1.49485291502089e-17,5.64255632399308e-18,-3.92459304455919e-17,-1.64510370279131e-16,1.59812220024078e-16,1.08798075615423e-18,-4.38278929579371e-17,-1.22334888575061e-17,-2.27194655651155e-18,3.91656526639563e-17,-1.02215899596766e-17,1.02145532404177e-17,4.16817137056617e-17,1.38823964859942e-16,-2.16381226384776e-16
"t917",-0.00499334030159188,0.0528238097623192,0.0680712776852174,0.0165796864108322,0.0342916956509866,-0.00574062689240762,0.00176410250021839,6.14970380530051e-05,0.000532919709046989,-0.00147680740054511,-0.000531387871611152,0.00646627107426653,-0.0223649216596706,-0.121942066744311,0.00323592720620843,-0.000417819936607505,-0.0243180456231379,-0.000220857137260666,6.18943507685781e-05,6.26336216182771e-05,-0.000275114794627939,8.48841405151138e-05,-0.000233373917232232,0.000401974476230912,-6.36305440941376e-05,0.000195337851018584,-0.000257632040307293,0.00224448358347058,-0.00162780324376552,0.00756079588561857,-3.00414342951413e-05,0.000458656994210316,0.000174477898477596,9.70156376715603e-06,-5.00417928444294e-06,-9.9495989382863e-06,-3.45984441184261e-05,3.483726921335e-06,3.01835587087617e-05,1.03656706695643e-05,0.00766337438817183,3.6027549166481e-05,-1.11284579929238e-05,1.28068799977981e-05,-1.97204459177541e-05,-3.2939725610352e-07,5.23298110971476e-08,-4.29139056174343e-07,-1.36064949088652e-06,8.80504851284348e-06,-1.75025580284549e-05,0.00118199961044819,3.64802592143805e-09,7.88896246137032e-06,-7.52733802600182e-06,8.66143900394308e-05,-2.92919396404488e-05,0.106178635960062,0.00815226829273157,-5.66753079908224e-05,-3.75406781712941e-05,4.28170927026953e-05,-0.00114595944204305,0.00177261710495175,-5.04360051785328e-05,0.000161445304140152,-1.45418763713895e-05,0.00138120918532785,-0.146768592596251,-0.000705294847817365,5.08659982083397e-06,-1.36789896052923e-06,-1.62350977141726e-08,-8.20786218136813e-06,4.04656392758833e-06,6.48710097325364e-08,-7.56265931176588e-05,0.0882829784926026,1.71575218811297e-05,1.20307903336223e-05,-3.88458404085198e-05,-1.50826022630796e-05,-1.00753965529671e-06,-7.36233380757155e-06,9.34616141994896e-07,2.87241978763986e-05,-4.5159845771046e-06,-7.18346698753357e-07,-1.60163561020225e-07,6.11111649384544e-06,-1.36187227603814e-06,3.67524829788385e-08,2.44942125776883e-06,-2.23705261666114e-05,-1.21958417562002e-07,-5.54000932860835e-06,-6.52694409413861e-07,5.7388134158549e-06,-0.000591406127545259,-1.59491994701782e-06,-3.99109055135654e-07,2.4986047833174e-08,-5.11456843781185e-07,-7.59501053216882e-07,3.86027354663905e-07,-6.82827720619827e-07,2.80747722456094e-05,-1.01204617542505e-06,5.04325832439486e-06,-1.99784346694245e-07,-0.000195292464708243,-1.41026234216401e-05,4.47034173742566e-06,-7.88028777740558e-06,3.33073252755616e-07,-1.37194582546527e-05,3.18724827806051e-05,-6.08793101369062e-05,0.00016003762774742,-0.168296691728712,-0.000431400969131934,0.004420673285419,-0.000120063711149909,-0.000327097735737824,1.44700711851756e-05,-0.000127033322783931,1.27879888982656e-05,-2.4337953745335e-05,9.90229810516073e-05,0.00127173934167272,5.42983364833977e-06,0.000114879201412798,-1.53478075966792e-05,-2.8033376882888e-05,1.28266560275747e-06,4.90381678140885e-05,-4.05511074992492e-07,-0.0301968818298295,-6.46549538143988e-06,1.57058858822219e-05,7.80628651345722e-08,-8.57323168692021e-06,6.31563039545571e-06,4.81220613420284e-07,1.83625989906251e-07,-1.83089683634999e-07,0.00391098379544649,3.34664141792014e-06,2.3287209788875e-07,-6.80271114023689e-07,-1.46963516065321e-05,-3.54543307072493e-06,-1.09459594448091e-05,3.26956617773717e-05,-0.559421405558218,3.67992111456186e-06,-3.09880394966209e-05,-6.08243630427952e-07,-2.86617085065388e-07,-1.12837009718015e-07,-3.99252973848139e-05,0.0416113643576488,4.70988086022789e-08,-1.96894107242725e-07,3.36117186309479e-06,-3.23042158825722e-06,5.37982956898258e-06,9.3125305240933e-08,4.64666176487139e-06,0.000143955070308714,-1.05391540282565e-05,-1.86556460766761e-06,2.3196269857676e-07,6.09053566844294e-07,1.56213385313968e-06,2.51830452903492e-07,1.41754790787992e-07,-6.33718955145421e-06,-1.0610461359198e-05,-9.5702675019691e-05,0.00184187905772496,-1.85373250181318e-05,-9.62339708861333e-05,2.46619314894182e-09,-1.41115530708584e-06,-3.43145237717177e-08,-5.77891302846864e-06,2.07065573553272e-06,9.34533303806927e-06,-1.23438563510088e-05,-2.99179543034493e-07,5.78652416289154e-07,2.33133830100057e-06,4.21342245953301e-09,1.32863863092345e-05,-5.94575987458199e-07,-1.10114407105589e-06,-7.8999843866441e-07,6.64260111060922e-07,2.93002243643823e-07,2.93162079211184e-07,9.62981280579626e-05,-7.64329908128207e-09,-1.36529387451177e-06,-2.06836463965925e-06,-1.02857075198224e-05,1.33423878080936e-06,7.00632647520662e-06,-9.96753113829502e-06,-6.20793222047279e-08,-4.0796374325397e-05,1.31868213509581e-05,-3.49920426023667e-05,-4.35624711676006e-06,-3.52523567623561e-07,-2.29760691544519e-06,6.07655110622554e-07,0.00175927247903333,-6.97588355094286e-07,-3.84254429134091e-06,-0.000446301203035957,2.17342302906015e-05,5.14888218995607e-06,0.00053958822961622,-4.56556086837619e-06,-1.82333672892567e-06,-2.52994382389809e-05,-0.00778792559005357,-2.33883637323953e-06,-2.01077994052541e-06,6.10511621712852e-06,1.26709550302752e-06,7.09640095219132e-07,1.18937339378931e-06,-6.38880463064376e-08,-1.48643652842054e-07,-5.53446363148988e-06,-1.50078185352722e-17,-6.28213697600524e-07,8.98520675365021e-06,-4.51368655972503e-05,-4.80244112068191e-06,-5.56030846026978e-06,9.38396933225097e-07,-1.11793953353879e-06,5.82841421592285e-06,-9.4581454422998e-08,6.27484390957555e-09,-1.44788881825585e-06,1.50007777540003e-05,-1.19024073152713e-05,4.96103453701115e-05,-3.15556811045354e-06,1.93319841972721e-07,-1.35161193099299e-08,6.88799712015519e-07,-8.07665052293463e-07,1.29924344255381e-05,3.95126989459989e-06,-1.08971832619656e-06,0.107309307768263,9.29643861913149e-06,-0.000653616402865655,5.44073861719487e-06,3.71268898685586e-08,-2.68796313900722e-08,3.98327368937691e-08,1.96452192415546e-05,-6.26125538603296e-06,3.66437261404062e-07,0.000552351308985095,-4.04185723976652e-07,5.04801087412616e-06,-6.29871612784767e-05,0.278509898029036,0.00023933735728284,-5.53205729176891e-05,2.54966881094339e-06,-2.21731449863546e-05,9.92018555463942e-07,-3.4782045588517e-06,-1.32338939347537e-16,6.39238995578819e-06,2.11568761004401e-07,2.48898909840058e-10,1.7152696188873e-06,-1.80786195203818e-07,1.03391909800579e-07,3.28308721428102e-07,-2.36313420159801e-08,9.74694091936925e-07,-3.36171777841848e-06,-1.08572796625201e-07,1.84399635914001e-06,-8.26087276445247e-07,9.57050203215443e-07,-2.63694683622018e-06,2.18960738358976e-07,-2.61340140789764e-07,-9.07600169745553e-09,-6.85571334919125e-09,-9.28367150907052e-08,-9.87115372058018e-07,5.17865011159648e-09,-1.74594633550547e-07,7.37542316402333e-06,-2.52901759510446e-05,1.01786469842768e-07,9.52998636859861e-08,5.86596786029214e-07,-1.95721478034899e-07,-1.36545291457837e-07,2.44398072011847e-07,-0.00369266745509586,-2.87349705420469e-08,-2.85396910040185e-08,-1.16224239197087e-07,-3.37330490304209e-20,1.08350360368421e-09,7.30831948130361e-07,-8.82335252294034e-08,4.61373207553707e-07,5.96124810340003e-08,1.38879074991245e-07,4.86009571815121e-07,-0.00187838834792336,-1.97448838698919e-07,-8.03319646788217e-17,-3.96925623660355e-07,-3.85071942131477e-09,-1.56029430510656e-08,7.46979081637215e-08,1.35206689449762e-07,-9.5850061603668e-09,-3.86931818366125e-07,1.06302319124461e-07,-5.30223081680811e-07,7.29941351188276e-07,-1.14134254161524e-07,-2.76516396330346e-07,-3.43940398019116e-07,-2.09843256822589e-09,-2.80229283659665e-07,1.69122231553508e-07,-3.0760550096375e-07,-3.85215976468277e-17,-9.2874753301754e-07,7.33745784682431e-08,2.11474641338311e-09,1.88543969691287e-08,-6.18808325345251e-07,-1.30936336569829e-06,6.68686054435512e-07,-2.43154699350804e-06,-1.20074596846178e-07,-4.45264708343295e-17,-2.20726488523509e-07,-8.70740131393598e-08,-2.80660432242843e-07,5.37151183698609e-17,5.34385570084405e-07,7.74023319179652e-07,-1.18426017824657e-07,-4.44994871918494e-07,-1.52264095315243e-07,-8.77293546845122e-08,-7.20380622722647e-05,7.27335342612931e-08,5.86394445073671e-07,3.30728976542986e-08,1.64543771143704e-07,2.37546711554803e-07,-2.47468336351519e-17,-9.54843100565888e-08,3.13773125635302e-07,1.53678285923988e-06,-2.06162562948622e-07,2.89952307215481e-17,-5.29284839646985e-06,3.76108930657745e-08,-9.1465348161595e-08,-6.15331499624135e-08,-2.07063412713647e-07,2.21508314107815e-07,-7.59255937130346e-05,4.01944223356425e-07,-5.22437274476562e-18,1.48388487464174e-06,-2.84368620032528e-07,7.977810764324e-07,2.25754850846086e-06,-0.000501266726154195,-1.16929302547268e-09,-1.45716771982052e-16,6.37004960268664e-18,-1.1969996159421e-09,-1.5364655005641e-07,2.02678599217129e-08,-2.05383391409024e-07,5.95022233980131e-16,-9.81164995405713e-08,-1.16164824291447e-09,6.95911394976803e-17,2.02804203798611e-17,2.28488390963085e-16,2.49119653979638e-07,1.90869243003172e-05,-7.98609345189121e-07,6.26391091281645e-07,3.12349533139717e-07,1.48358840847259e-05,-2.7580425585084e-07,-1.74424225669726e-12,-6.11637533445275e-08,1.71980510391421e-07,-3.065426566943e-16,1.00207915784677e-17,-1.08375264921634e-07,-5.84225012574131e-11,-6.4183886929038e-08,3.49124684925354e-07,6.33480828502937e-08,-2.37091061616426e-08,-1.52290817028726e-16,-7.97307830219695e-08,-1.65966453087643e-16,-2.71699948499602e-07,-4.36933475511658e-17,-7.09934005279906e-08,-9.14723179682293e-17,2.91514000343073e-07,7.67637527868305e-08,3.19338602867873e-08,4.19618907493028e-07,2.07867128662648e-07,-2.38578286866445e-08,1.51290680135155e-07,1.3592096093288e-06,2.54927372166932e-07,2.3510716708804e-08,5.2965038628591e-08,-1.49108460869107e-07,-2.55625962875478e-07,-2.07437639680667e-08,-7.13423928116881e-08,-2.63113890048804e-17,6.68082227312304e-07,-1.15213247573625e-07,5.96891908669778e-08,-4.84663570243954e-17,1.04678422344833e-08,2.85043733339443e-07,2.31902412680095e-05,-1.18429079806528e-16,-2.42139585683605e-07,-1.3016440460811e-07,8.86478643540633e-17,-4.45890499451041e-06,3.84888622869587e-07,2.49938976942024e-17,-4.58750892335915e-16,-1.41303330138813e-08,-7.58685758500641e-08,-4.32520588864748e-10,-6.00506179323832e-07,1.59683140791821e-07,4.69745853077272e-08,4.52614415820742e-08,4.18803794828542e-07,-9.41343460663017e-07,5.06972935854222e-16,1.94243122147642e-09,1.33691110423383e-09,3.6905594241859e-09,3.4549506070783e-07,6.06224947911978e-17,7.18722121828458e-16,1.13694837018746e-07,6.04060830397048e-18,4.67050222860671e-17,5.42176131686921e-07,-1.80780325514301e-05,-1.20653435859892e-07,-8.14960028557642e-09,4.22840664516209e-06,2.42163311863413e-05,2.68562936031826e-08,-3.40557808295292e-17,6.34752342206047e-08,2.96623957662775e-09,1.36135311802957e-08,-1.37093536660015e-07,5.4190770049748e-07,1.03506765670612e-16,1.70012219648474e-16,-1.74799314457361e-17,-4.74898282417478e-08,-2.280026397657e-08,-1.32800862709662e-07,-7.77204843944912e-16,-1.74975892792536e-08,-4.13339773944296e-17,-2.92990556679801e-16,5.68220084889958e-06,-6.13812582504593e-08,4.57099635919889e-16,-1.55112151415894e-07,-8.01317567554043e-08,7.22139827331821e-17,1.81506836254676e-07,-9.79819620600743e-18,6.45872712564169e-08,1.82690016854679e-16,6.49006528056674e-08,1.42747834804065e-05,1.9871396336429e-08,1.88248927127762e-08,1.29659932213943e-07,-6.50410063483212e-08,1.80695295217643e-07,6.44311062707488e-17,1.22225152870146e-06,-6.9738063484085e-08,2.10311480695291e-17,-9.44408788324531e-09,-0.0016886104486769,3.75666484091874e-08,-3.82356869293273e-16,2.9555637233599e-06,1.72329720443356e-07,7.17196969440253e-16,-4.31902887813804e-07,-9.5650425744554e-08,-4.99886059093325e-09,1.90916596118549e-16,7.05699094505366e-16,2.04051785112851e-06,2.75350748745039e-08,2.22834790018164e-09,-3.60017544513267e-08,1.64086780806682e-08,-4.90214496084039e-16,-4.3548897438036e-16,5.99296841762493e-08,4.13114438489754e-10,-6.2009066067228e-16,1.44940056728655e-07,2.8752623604932e-16,7.50424201116963e-08,-2.77787331690349e-08,-1.62317921948345e-08,-1.07635459019021e-07,-6.13121508925201e-16,-7.74957062266986e-16,-5.07732356350039e-16,-3.71621249170349e-16,-8.66764242322358e-09,-3.00706415659732e-08,-1.80489132353286e-15,-3.47074887499987e-17,-4.99812803149576e-16,4.23535329163749e-08,3.80726819885764e-10,-2.09814858957206e-08,-1.69738365505095e-16,1.14209856849623e-15,1.00679013737004e-15,-2.04238079117116e-05,2.68187883128709e-08,5.04946363154426e-16,4.83211616080435e-09,-1.26527718017237e-07,1.19381191769414e-15,-1.39335749583572e-18,-8.75704439596517e-08,-2.03464583019735e-08,-4.34263047869562e-08,-5.25961045527479e-16,0.000107257894750014,7.1107629644793e-08,7.64076439387031e-08,-6.97256709825585e-08,-1.87749881705056e-07,3.05752748591064e-09,1.00124455346263e-15,1.28481506221805e-15,5.39789228032799e-16,5.82701359459627e-08,-5.27606568630763e-08,-1.98922304552374e-08,-3.39954458768657e-05,5.58048070259049e-17,3.33865644264599e-15,3.1665299358426e-15,-4.92935211422365e-15,-2.80624920557583e-15,7.49215766657135e-08,-6.12457766527015e-16,3.9181899831847e-15,-1.21365571913868e-08,-6.10388372095137e-16,-1.08646232750732e-08,3.17332485241891e-15,-1.34704111536811e-08,-4.47279564824532e-15,-1.63315287487433e-08,-2.04443672652237e-09,-1.8657444124649e-07,-0.707106781188691,6.56888734852617e-08,-3.17557434753725e-15,9.33167195011359e-08,-1.64381727382118e-07,1.95004155163485e-06,1.67817405663158e-15,1.32775607936159e-07,-2.35546311832682e-15,-3.27211582524757e-08,-4.16195539597107e-06,8.05057579268926e-16,-1.62385764964733e-15,-1.75206444447433e-15,-3.3902517606365e-15,-6.19343291328119e-10,-8.06694393618292e-09,-1.80178793059453e-09,-6.56918395933378e-17,-2.10237589845991e-15,-1.90716178831856e-08,1.55579652798797e-07,-2.44386279720599e-15,-9.98437156527534e-16,-8.2369523831003e-09,3.88653753427057e-17,-5.84037542488126e-08,2.95106718079645e-16,1.24380270249886e-05,1.52006538430265e-16,-6.19473542843395e-16,9.11740842591248e-16,-1.76112412456225e-15,-7.29857534655314e-16,-1.4515385795086e-15,1.06091342636198e-08,-7.41981233281479e-08,-4.67742157914269e-17,-1.25342019531011e-06,1.87534037822848e-07,-3.57061179291961e-16,4.91151979239493e-16,1.40484567749372e-16,-2.3634712337363e-16,1.85126879323839e-08,2.96162503180593e-09,7.71894650082623e-16,-3.23069182496573e-16,-3.36723960589181e-08,-3.0500559808612e-06,-1.81636694158016e-09,5.04102622697574e-16,9.33064588862073e-16,2.1598190521331e-16,-4.84075695516681e-16,-1.88735538041445e-16,1.68890059071709e-16,7.1059898694158e-08,-6.72243913010091e-08,-1.29289288637013e-08,4.26611810292824e-16,5.42231032246495e-16,-1.2009174599411e-16,-2.82762434898517e-17,1.31920935743862e-16,-3.0521289841146e-16,-7.59647797563099e-16,-3.05264800083201e-16,-1.44817293280227e-16,-4.47599049340425e-16,1.04225233163554e-16,8.65255900449575e-16,-1.76881232108853e-16,-1.57545923931793e-16,7.11918589425502e-09,3.27578236095509e-16,1.5909901849008e-16,3.37760921467081e-16,1.00854031499318e-07,-1.21499823581175e-09,2.12590348414615e-17,-2.60389208416373e-09,9.24002865714488e-08,-8.18708481309594e-16,5.10288472495732e-16,-0.000131346262030602,-9.77074873844822e-17,2.26338349893253e-09,1.86394826886227e-16,-4.53221234305215e-16,1.00191379189416e-15,-3.7516315656376e-16,2.26751119497651e-09,-6.07886081541067e-05,2.56154948154931e-16,2.64328227197485e-16,-1.50431232921759e-16,1.91206749504314e-16,-5.44052650153226e-16,1.93707193757922e-16,-9.17373113544355e-17,2.82382315352688e-16,3.67497364702448e-09,2.46191929574856e-16,5.2462203002434e-16,1.03832501645137e-16,-5.94291371279428e-16,1.85957998267149e-16,3.89890461050197e-16,-7.25441273703457e-08,2.53274289237564e-16,-7.38675801129573e-16,1.21541283975517e-06,1.24918157164756e-18,-3.59353235557263e-16,-2.66303487562685e-16,-5.1099061549854e-17,4.51560850676966e-08,-4.4945804854172e-16,-3.33381568357043e-08,-9.1918249823033e-17,2.42832800127916e-16,2.41424846063486e-16,2.01297803431458e-16,-2.50639970931675e-17,8.93458657208412e-17,1.20510331499237e-09,2.00219236497477e-16,-3.674657245253e-16,6.80054602147793e-09,-1.50484908158766e-07,2.74164086512295e-16,1.05443110840798e-07,1.54446461161025e-08,2.06640668022642e-16,-2.88628283320164e-16,-2.2054288599385e-16,-4.83668611032245e-17,6.42883059324773e-17,-2.59708026263727e-08,1.86572167767042e-16,-4.66193164676375e-17,-3.02301118630612e-16,1.04003743623519e-08,-1.41810706853527e-16,-7.01806416398408e-17,-7.19212550656707e-17,4.17650799980549e-17,-4.74026675212444e-09,-9.56941481755342e-17,1.42638338137314e-09,-3.02154268755725e-17,7.80190894073182e-17,-2.98194655943141e-16,8.2431187816715e-17,5.79941264351052e-17,-1.50410156507317e-16,-9.90195130541017e-17,-2.47609456856544e-08,1.94175224447087e-16,2.98963436054709e-16,1.04111491619885e-08,1.55942830137542e-17,1.64877582945944e-16,1.82144874518695e-17,-1.00701752375763e-16,-8.79358013420167e-17,-1.67087131124546e-16,-1.69281435612444e-06,-1.14609626058828e-16,4.42081329575913e-16,2.24866029598013e-08,2.97039726460435e-16,3.03820666865016e-16,3.14246229476779e-16,7.22583235918466e-17,7.70681501815521e-18,-2.87998112324568e-16,-2.1166683973109e-17,-9.51995416700203e-17,-2.5856616873268e-16,1.10883500785327e-16,8.5363206538687e-17,-1.1805854905676e-08,3.91522201816868e-08,9.47175863452352e-17,-2.07546058598949e-16,-3.03243888618236e-16,5.70568693153325e-17,1.13407547241984e-16,2.67342355396566e-16,2.04276922055582e-17,1.03961628194581e-16,-3.39432716029532e-09,2.88879331887021e-16,1.46215865925693e-16,-3.32055485448592e-17,1.23921087585413e-16,1.09786986239819e-07,2.94095164987137e-16,-6.89860952858461e-10,-2.15619116354794e-17,-3.53323902109976e-17,1.33359897505589e-16,-8.95844551215568e-17,1.02641082572458e-16,-8.4784503819052e-17,1.7957612973843e-16,2.88834655170656e-17,8.07689575820398e-17,-2.54862147545996e-17,-3.83975339533484e-17,4.84408328364348e-18,7.67577814041904e-17,1.22177556835971e-16,1.21071428364993e-16,-5.55834341757717e-17,-5.56003648409469e-17,9.16080353584253e-17,-2.11809544094754e-16,1.5707540321612e-16,1.05818132034585e-16,9.98388228600505e-17,1.60587373795519e-17,-2.18622268800663e-16,-3.68535731188556e-18,3.28940930799325e-10,-2.17508197816061e-16,-2.4944680201715e-16,2.59341524412237e-17,-3.65432128466507e-17,2.36168632037777e-17,-6.06512204360122e-17,-1.22372143004169e-16,-4.95536133739051e-17,-1.01639795630127e-16,4.14344324193555e-17,-5.06105574116233e-16,-2.54014695881469e-17,-2.97819101419501e-17,-1.25657781763652e-18,1.21919820038885e-16,-1.4043570813495e-16,3.00360156131669e-16,-4.24035421974312e-09,-6.04218070046392e-17,3.2221957134527e-17,6.81218304777101e-17,-1.6159512641574e-17,7.70764191035863e-17,-1.36246128750494e-17,1.93185985617711e-17,-3.05092470529482e-17,7.04023177010097e-18,8.99953226257463e-10,7.45712938978814e-17,-3.43815721312522e-17,-2.61149750934299e-17,8.04551095226319e-17,5.31000123059417e-17,-5.7979925601068e-17,-1.82004827301763e-17,-7.47277248339986e-17,2.97658975562485e-17,-2.35220659032164e-17,-3.91042242821576e-18,2.31906437026788e-17,-1.26125577933795e-17,4.5481890410441e-09,3.11631330779882e-18,-5.81168641184369e-17,-2.13813994736335e-17,-3.33717428691038e-16,-3.44904289432818e-07,-1.39372967375393e-17,-3.82638631771397e-17,2.16863523558493e-17,1.04421983848228e-17,1.9032851574652e-17,-7.47512826269942e-17,1.37368302073121e-16,-1.34531213265151e-17,-3.63428437754045e-17,-1.75095182895343e-17,-6.84432714948094e-18,4.98545839448472e-17,1.33460569178121e-18,-3.71815335749643e-17,-1.24127480996575e-17,1.15552949111016e-16,-2.70811288909421e-16
"t26",-0.00498669792965176,0.0526756260776576,0.0678741370120537,0.0165153050786905,0.0341285978574831,-0.00570858291821485,0.00175406154014124,6.11190984801943e-05,0.000529049929836843,-0.00146379647754858,-0.000525443118392659,0.00637705714030864,-0.0220472871868181,-0.120183854470339,0.00318722569289877,-0.000411158446336499,-0.0239210197503888,-0.000217185612847028,6.084145349214e-05,6.14754866327186e-05,-0.000269609368625189,8.283074608643e-05,-0.000227408882951112,0.000391640743129282,-6.19882621492422e-05,0.000190053278501746,-0.000250578853151891,0.00218247871044554,-0.00158161416150459,0.00730690857052521,-2.89646804069701e-05,0.00044145776839086,0.000167454558036449,9.29218477316969e-06,-4.78202577434782e-06,-9.47187328477303e-06,-3.29156976090921e-05,3.31153998853495e-06,2.86813388445745e-05,9.84192935667826e-06,0.00726478849118795,3.41072079666706e-05,-1.0526233392074e-05,1.21129607884867e-05,-1.86328256935432e-05,-3.10040041485606e-07,4.91961324668881e-08,-4.03214273794288e-07,-1.27642945851096e-06,8.24578126290538e-06,-1.63527280331956e-05,0.0011031390369769,3.4040894054405e-09,7.35132819047399e-06,-6.99528603226487e-06,8.04588660019928e-05,-2.70040332365779e-05,0.0976777062723289,0.00749766987527286,-5.18491381359526e-05,-3.42040038563157e-05,3.89317107772011e-05,-0.00104023192161735,0.00160839423836657,-4.56193868098708e-05,0.000145609963577963,-1.3031674231244e-05,0.00123414916153778,-0.130963030857409,-0.000627785204651248,4.46743741590443e-06,-1.18879471320806e-06,-1.40860952037164e-08,-7.0969944454518e-06,3.49737970485646e-06,5.59830793352493e-08,-6.52260481509594e-05,0.0759175285922374,1.46548651199499e-05,1.02475180090039e-05,-3.29301558691691e-05,-1.27723897951625e-05,-8.46653192766292e-07,-6.1721243550228e-06,7.75515674005332e-07,2.37665741266253e-05,-3.72571377783078e-06,-5.92360181616117e-07,-1.32057121685316e-07,5.03713736688463e-06,-1.12128292843079e-06,2.99380481776773e-08,1.9932797457976e-06,-1.80818925449575e-05,-9.7411034722664e-08,-4.4168692609346e-06,-5.203275904633e-07,4.5536647583019e-06,-0.000468452784153436,-1.25494328585161e-06,-3.12308595936012e-07,1.95422952369055e-08,-3.998023535141e-07,-5.78575470378591e-07,2.93482216639394e-07,-5.18317345826487e-07,2.12513632659842e-05,-7.65474135107835e-07,3.80922756188696e-06,-1.50580325375405e-07,-0.000147092966998349,-1.05782210291883e-05,3.35149234333983e-06,-5.84307608293176e-06,2.46377481510072e-07,-1.00949717030493e-05,2.33962797623856e-05,-4.43939517374785e-05,0.00011594990208182,-0.121333460988736,-0.00031014082473954,0.0031468292357662,-8.49127345157585e-05,-0.000231275557179008,1.02214702030499e-05,-8.91274993409075e-05,8.96704283228494e-06,-1.69651654831276e-05,6.78389206446039e-05,0.000871074910727642,3.71381007338026e-06,7.76343523298333e-05,-1.0347152341511e-05,-1.8866660020423e-05,8.57064182069791e-07,3.27339058969113e-05,-2.66507092286238e-07,-0.0195916931935053,-4.11946187117553e-06,1.00017199002957e-05,4.95541025098168e-08,-5.43343407293868e-06,3.99215441348889e-06,3.03877176980306e-07,1.15953044490353e-07,-1.14777635008665e-07,0.00241579901132921,2.03548528486031e-06,1.41081773340043e-07,-4.08536412994773e-07,-8.81968026717091e-06,-2.12052232102362e-06,-6.53368445163692e-06,1.9471592764213e-05,-0.326089712220029,2.13753168032905e-06,-1.79548833343454e-05,-3.31905218764517e-07,-1.539783955359e-07,-6.04717071807816e-08,-2.11070600799006e-05,0.0219361186098056,2.4384091898639e-08,-1.01708731526715e-07,1.70482557935517e-06,-1.6089396054672e-06,2.53323777605817e-06,4.37595339691072e-08,2.18229663023294e-06,6.70617994314734e-05,-4.8625924642548e-06,-8.5953566273417e-07,1.04801923199517e-07,2.73452115596256e-07,6.91768066111411e-07,1.1113720937227e-07,6.24484615870769e-08,-2.69965180541884e-06,-4.35749707826792e-06,-3.90474733363857e-05,0.000746794307435752,-7.374992191991e-06,-3.80022026956132e-05,9.66728598805837e-10,-5.49284788009979e-07,-1.30377565313799e-08,-2.18226367141897e-06,7.39745906571075e-07,3.33224898277694e-06,-4.31565515574389e-06,-9.8775869936011e-08,1.81472800880024e-07,7.17627024195713e-07,1.26026872036089e-09,3.8868808858362e-06,-1.62137579173564e-07,-2.95465063532818e-07,-2.04609225168984e-07,1.68915278234e-07,6.36066240795032e-08,6.31160038174692e-08,1.91632305397969e-05,-1.39623171728008e-09,-1.94154944711602e-07,-2.93742271360054e-07,-1.42136582925201e-06,1.6861934415893e-07,8.27354662009949e-07,-9.53912835032579e-07,-4.17292009316253e-09,-1.78134085129566e-06,4.78304192408472e-07,-7.62530068505206e-08,7.53081251217157e-08,6.27706514206586e-09,7.64012988496187e-08,-4.47032628526625e-08,-0.000143383776912293,8.7147407399204e-08,5.99781878038316e-07,7.45734161185563e-05,-4.64473608582405e-06,-1.15907505442628e-06,-0.000128287876762948,1.26577413146407e-06,5.20376540001952e-07,7.2712177091495e-06,0.00259124604462343,8.44721587192026e-07,7.91615603872151e-07,-2.49547624855028e-06,-5.37966021638307e-07,-3.11944781644219e-07,-5.2792697071985e-07,3.09383528466391e-08,7.58310944996513e-08,2.98235818211333e-06,6.88033598654859e-17,3.65182280926371e-07,-5.30096155647742e-06,2.94096045615888e-05,3.36734517714512e-06,4.13431557162592e-06,-7.00164095743383e-07,9.26522012142313e-07,-4.91443229522482e-06,8.03823733497732e-08,-5.53641679168924e-09,1.30990188768446e-06,-1.41985906507868e-05,1.14915125558727e-05,-4.82893537394452e-05,3.21035748246178e-06,-2.35364893348757e-07,1.75067009556586e-08,-9.38917210996575e-07,1.22872589797014e-06,-1.99198788933247e-05,-6.53630899748401e-06,1.88079094458192e-06,-0.196752904705633,-1.73786429734943e-05,0.00124693096979421,-1.06762264713473e-05,-7.59627523012904e-08,5.52597540341438e-08,-9.11143978508447e-08,-4.50476521790314e-05,1.43971567309152e-05,-8.67547021748211e-07,-0.00132202794258997,1.00164186124446e-06,-1.25912898158614e-05,0.000194749881786153,-0.882331408275763,-0.000773087397459909,0.000186909841717646,-8.93403040888515e-06,8.44924555503079e-05,-3.87532269027308e-06,1.38598042753463e-05,2.10083693263736e-16,-2.73019503024101e-05,-9.12036371874055e-07,-1.10616584371862e-09,-8.20666826672436e-06,9.23421522488905e-07,-5.45151647456681e-07,-1.75880914065609e-06,1.57404404527741e-07,-6.59033801632567e-06,2.28227934410026e-05,7.90759378257611e-07,-1.67036542176028e-05,7.79734278822454e-06,-9.30212247669192e-06,2.83585320877025e-05,-3.79130627369638e-06,5.93085471458548e-06,2.09682255908182e-07,1.59240039449319e-07,7.93147198564763e-06,-4.74833886252373e-05,2.09834717702925e-07,-5.76641385293804e-06,0.000199752343666121,-0.000649612414290139,1.84591280165727e-06,1.69202069955181e-06,1.00313733743133e-05,-3.26537503544615e-06,-2.1108952540689e-06,3.49953763104526e-06,-0.0495579809483955,-3.75491362674309e-07,-3.57162509286792e-07,-1.33648809597035e-06,-1.8863645786238e-16,8.60601232953014e-09,5.64611221844019e-06,-6.55384814591447e-07,3.42315255313175e-06,4.41769611360129e-07,1.01973754334139e-06,3.50834179690924e-06,-0.0132957432820916,-1.34550436271219e-06,2.83017550655297e-16,-2.50005806419602e-06,-2.40353164263764e-08,-9.55652255550743e-08,4.56499888765715e-07,7.90748264929846e-07,-5.4794438442969e-08,-2.14533044871984e-06,5.77703302473402e-07,-2.76649072246401e-06,3.67874832086092e-06,-5.63325130662458e-07,-1.34936150652447e-06,-1.66680137748865e-06,-1.00475372810183e-08,-1.34001444373209e-06,8.02006924611333e-07,-1.44946215975623e-06,-3.05403524527006e-16,-4.18446158077274e-06,3.27708757097769e-07,9.44416951521652e-09,8.22114834937378e-08,-2.68878948651535e-06,-5.46348145034541e-06,2.76012762558718e-06,-1.00155835280828e-05,-4.90715792593494e-07,-9.50332376302179e-17,-8.94167597366683e-07,-3.5160447992898e-07,-1.12000929401554e-06,5.80274002394571e-16,2.10630813517279e-06,3.04214148439064e-06,-4.64764044605569e-07,-1.7411098922452e-06,-5.92773847155236e-07,-3.40266136500335e-07,-0.00027860021000914,2.78930120024161e-07,2.24658181221115e-06,1.25992206748173e-07,6.20748658663364e-07,8.95715616912955e-07,2.53649224103524e-16,-3.53499214236941e-07,1.15805594575529e-06,5.63391761475867e-06,-7.48327835662303e-07,-5.50248580741888e-17,-1.8822969595364e-05,1.30907432840553e-07,-3.15430689780266e-07,-2.11315387181898e-07,-7.07570680265913e-07,7.50152374848377e-07,-0.000253542767013582,1.29997702195495e-06,1.61176957748804e-16,4.67880964176696e-06,-8.94755579741117e-07,2.49934043129567e-06,7.03106815980747e-06,-0.00156048373012637,-3.63415199517304e-09,5.10008701937181e-16,3.45134103327804e-17,-3.68612014414163e-09,-4.69496270663573e-07,6.18736074235649e-08,-6.22793654891314e-07,1.76867565364371e-15,-2.93360724982356e-07,-3.45246891222973e-09,6.48320759705359e-17,-1.734031015621e-16,-6.47608812841413e-16,7.27309184151557e-07,5.56034817499727e-05,-2.30944266996518e-06,1.80049544207122e-06,8.97189853920953e-07,4.23489620221463e-05,-7.86723729923469e-07,-4.92595179173e-12,-1.7237186491023e-07,4.82693412085591e-07,-1.02665973062401e-16,5.51647050717251e-17,-2.99549354790381e-07,-1.6091148212941e-10,-1.75962924501082e-07,9.54230763173324e-07,1.72158687727012e-07,-6.43750023660345e-08,-8.9606469842901e-17,-2.16218692706472e-07,2.62692458319596e-16,-7.34235934235047e-07,2.52185425320128e-16,-1.91364413607282e-07,-9.60124078509163e-18,7.83286973424086e-07,2.06129970518234e-07,8.50477268599898e-08,1.11564167964281e-06,5.52265240617103e-07,-6.31927371299252e-08,3.99682487325791e-07,3.5695899173423e-06,6.69461980615721e-07,6.16313505465728e-08,1.38397327507178e-07,-3.87979041457153e-07,-6.62830414132449e-07,-5.36436018869519e-08,-1.84251125736349e-07,3.28082132047078e-17,1.71853991319468e-06,-2.95256776724561e-07,1.51408624167205e-07,1.21932106943613e-16,2.64772431461731e-08,7.17950696167889e-07,5.8306855679955e-05,2.04370414073017e-16,-6.08257595601435e-07,-3.25818792554733e-07,3.26259231286548e-18,-1.11420820590136e-05,9.52217774568459e-07,-4.37088166375881e-18,-3.01712076614482e-16,-3.48274419867442e-08,-1.86933133519119e-07,-1.06403624373477e-09,-1.47462656492047e-06,3.90550327882213e-07,1.1485020693691e-07,1.10608051978762e-07,1.01815247663999e-06,-2.27906169712764e-06,1.44415729375069e-16,4.69554234897185e-09,3.23093693718928e-09,8.91084018377376e-09,8.33278749255917e-07,6.20353905210307e-18,1.72429897885575e-16,2.738035114215e-07,3.75598153048307e-17,-9.55518176467128e-17,1.29379475743684e-06,-4.30733387174945e-05,-2.87463761633351e-07,-1.93525783639607e-08,1.00365865311527e-05,5.74746523505639e-05,6.37012525140673e-08,-5.95058049244706e-19,1.49597748297544e-07,6.98142749858419e-09,3.2027073858653e-08,-3.21821419503377e-07,1.26711284291306e-06,-2.51998482545572e-17,-2.38834306301177e-17,4.94708162725601e-17,-1.10428266240169e-07,-5.28925239394985e-08,-3.08019144131965e-07,-8.82782301897284e-17,-4.04925743857731e-08,-1.41243868611872e-16,5.30286794421342e-17,1.30228664666575e-05,-1.40661096775501e-07,2.37223435339828e-16,-3.54630237555215e-07,-1.82957973100998e-07,-3.43340807367041e-18,4.13290039678333e-07,2.00514684583121e-18,1.46587340398969e-07,-7.23301643537431e-17,1.47255814614663e-07,3.23813731269946e-05,4.50654656364166e-08,4.26770664156056e-08,2.93713072322093e-07,-1.4689868738755e-07,4.06444037042477e-07,5.83482309405611e-17,2.73547909203562e-06,-1.55995426794184e-07,-1.10857189559168e-16,-2.11103415951992e-08,-0.00376970721516922,8.37684095762019e-08,3.74993985462174e-18,6.56484803610703e-06,3.82482382021433e-07,4.9976378970132e-17,-9.57625519130552e-07,-2.11972327746593e-07,-1.10575504022921e-08,8.96937267083765e-17,1.9601953163381e-16,4.49409214390864e-06,6.05328037881998e-08,4.89693814365818e-09,-7.84947874168788e-08,3.57306233327527e-08,2.56860020340809e-17,2.98069378635651e-17,1.30385873259646e-07,8.98689754429865e-10,1.75203884305742e-17,3.14842266353982e-07,1.05986402934357e-17,1.62779350588542e-07,-6.01408090172358e-08,-3.51369538736834e-08,-2.32873767203799e-07,-3.47091917415709e-16,3.22086179817763e-17,-6.39708610511151e-17,-2.91201808168886e-17,-1.86633694588802e-08,-6.4723585823641e-08,6.86969347610559e-17,2.01883440144143e-17,-6.89259031157497e-17,9.10330463129239e-08,8.17822991123942e-10,-4.4995344631488e-08,3.53039608657917e-17,-5.49690501450151e-17,-5.85469173142172e-17,-4.35574973609639e-05,5.71851360435988e-08,1.76757640450633e-16,1.02814085489304e-08,-2.68984662039804e-07,-1.36249165580445e-16,4.05711147625217e-17,-1.85789787819902e-07,-4.31601491839099e-08,-9.200963015441e-08,9.38020542037103e-17,0.000226805700925763,1.50200334854548e-07,1.61152973312043e-07,-1.46759324463507e-07,-3.94961682588524e-07,6.42541727738815e-09,6.22286905299551e-17,-7.54088233910387e-17,1.68598180368705e-16,1.21749017309014e-07,-1.10227858283802e-07,-4.15285813579575e-08,-7.07111716473979e-05,-3.66457332124859e-17,-1.93302896185911e-16,8.5110426854128e-18,1.56682567299456e-16,1.01852405190018e-16,1.55244627609362e-07,3.63265614891062e-17,-1.1868666895752e-16,-2.51107425490759e-08,-3.33265721253715e-17,-2.24773280095273e-08,-2.81508304619887e-17,-2.78646172059281e-08,-2.29555711246152e-17,-3.36963645802659e-08,-4.21565868242534e-09,-3.84362324945874e-07,1.91529881301339e-12,1.35170996018595e-07,-5.79204597343927e-17,1.91543566608525e-07,-3.36324303471161e-07,3.98921804518771e-06,2.08998478601269e-16,2.71267100888261e-07,-1.49812624866723e-16,-6.6713902805183e-08,-8.48479741154464e-06,9.82104020683187e-17,-5.4755455317841e-17,9.50026320581464e-17,-3.71058740434301e-17,-1.26049568128941e-09,-1.64107216645934e-08,-3.66351552791404e-09,1.35199839602804e-17,-2.05909509038881e-18,-3.86823690626687e-08,3.15522961710259e-07,1.65871455898465e-16,-5.45972639349221e-17,-1.66540965611478e-08,-3.38035020017558e-17,-1.1800865060081e-07,3.99627197299708e-19,2.50848823769906e-05,2.54724051215164e-17,-4.83568401542173e-17,-8.88356452401665e-18,-1.49081835751259e-18,3.48223868114528e-17,2.9442010227085e-16,2.13158252186151e-08,-1.49071212580171e-07,7.16200419367832e-18,-2.51495005786852e-06,3.76076078058079e-07,-4.79074232629789e-17,1.01154529395268e-16,-4.54550678757521e-19,2.43278544934157e-17,3.70379624562893e-08,5.92203528974674e-09,-1.33766509260631e-16,-5.11736919712596e-17,-6.7290173967737e-08,-6.09468410265229e-06,-3.62853514135335e-09,4.26306676549439e-17,2.00260873882651e-17,-1.91621248294914e-16,1.98598136059834e-16,-1.1385543233705e-16,1.58596479375526e-17,1.41346667780667e-07,-1.33663911572008e-07,-2.56967075857206e-08,1.11308416214643e-17,-1.82670616917289e-17,-1.4779739678453e-16,-4.86601598235148e-17,-7.89238903956401e-17,-1.57079980586065e-16,1.76363176948474e-16,3.03841676508569e-17,4.25620215878838e-18,3.65128935233733e-17,8.16309097523344e-17,1.3624602662964e-16,-1.10302081613621e-16,-1.87247787628579e-17,1.40560683399101e-08,-6.95418088544336e-18,-1.3997858025626e-18,1.78884710768303e-17,1.98951681141045e-07,-2.39630545968005e-09,-2.47570664988528e-17,-5.13494382225243e-09,1.82021022730916e-07,7.60110685925314e-17,1.03134201869236e-16,-0.000258397865935469,1.22619531512786e-16,4.44554590524629e-09,-1.54411539676851e-17,-2.67347183044784e-17,7.51980101706688e-18,1.43612171833748e-16,4.44233818635424e-09,-0.000119072050414102,3.53847148826775e-18,3.5261374254763e-17,-1.5722495065574e-17,-1.13055812737489e-16,2.96312453740288e-16,5.07263058814044e-17,-8.82061156433805e-18,2.85455743901406e-17,7.13541667355159e-09,-5.75005483410012e-17,2.98296267028946e-17,3.16591233386087e-17,2.51658081274358e-17,-1.99019564952956e-18,-3.45324305683275e-17,-1.40589277463367e-07,4.43449935608081e-18,1.18084457555737e-17,2.3546369079995e-06,2.37702984153053e-17,9.16154625340642e-17,-1.07001300731122e-18,-2.86416820270249e-17,8.71293702471907e-08,6.30364019603182e-18,-6.42802207896564e-08,8.44122349047048e-17,-4.4502406605515e-18,6.40783911950291e-17,-8.83921232107225e-18,5.47545511415103e-18,1.5319519573278e-16,2.32019044182259e-09,-1.27787976116144e-16,1.56214361258864e-17,1.30784353961289e-08,-2.89387907159392e-07,-1.78538440855343e-17,2.02575388332965e-07,2.96630050036054e-08,3.13114446192029e-17,-1.70644462877885e-16,1.88670509965855e-17,-2.99442019728946e-17,-3.65439854526972e-17,-4.96578745691366e-08,-2.45958572378182e-16,-2.1730736662087e-17,9.02147214227848e-17,1.98635024056756e-08,2.08943968439993e-17,-1.53709993899148e-17,2.08126218964643e-17,-1.08636829156444e-17,-9.03972499793809e-09,-2.82758938287628e-17,2.71886032113602e-09,-5.00748184422505e-17,1.10474887253112e-16,8.27153252023916e-18,-4.16373950794907e-18,5.37013673549159e-17,-1.58220708357174e-16,1.82346484580673e-17,-4.70817484830765e-08,1.51667453611838e-17,-3.92737614105544e-17,1.97842869555443e-08,5.34551856998168e-17,-7.2158887277405e-17,-2.13966853774496e-16,-8.76036482296179e-17,1.4684407169472e-17,4.66659072101435e-17,-3.21073624862893e-06,2.02433734486427e-17,1.07916338354772e-16,4.26137511659664e-08,-1.07162400006452e-17,3.00077210431729e-17,1.71056113740533e-16,5.99517146894861e-17,-8.20173588708284e-17,1.12490219060072e-19,-1.89843743429155e-17,-6.88314406548388e-17,6.10560060159314e-17,-5.10301575043949e-17,-3.66189556143137e-17,-2.23030421113619e-08,7.39367307815654e-08,-5.11343331661641e-17,4.29538167816639e-17,-1.61614934043032e-17,-1.35504762644219e-17,1.47668335892526e-16,1.11386684965603e-16,1.68955225497896e-17,3.63130523471263e-17,-6.39748515791454e-09,1.79769999345706e-18,-2.06404029712212e-17,-5.35241650367069e-17,-1.00375475876585e-16,2.0657978127678e-07,7.82096858057855e-17,-1.29565831835946e-09,-8.7849407279293e-18,-7.56929913532959e-17,-8.55159855415208e-17,-2.82859160847476e-17,8.34947103992095e-17,5.03767803040671e-17,-7.27400558121803e-17,-2.51670011691614e-17,-3.05228164916595e-17,3.64945140748714e-17,-1.16803366791142e-16,2.78939739079333e-17,8.71085355869983e-17,1.03505348191644e-17,1.53819853725377e-18,1.85069266797611e-17,6.62862517548047e-18,-6.84732553906009e-17,-4.95102007973537e-17,-1.19837244517792e-17,4.2934406030426e-17,-5.90604062118503e-17,8.54782116370557e-17,-2.99526599849091e-17,-2.56265602625674e-18,6.13612878986035e-10,1.03871418030182e-17,7.14347072978035e-17,6.14950464698534e-17,-1.54552337558674e-16,-5.99831052190229e-17,2.26165504805345e-17,6.55710278672843e-18,-1.77592187596596e-17,6.51560713431609e-18,-1.8591222506848e-17,-1.9298798670242e-16,-9.43911109118e-17,2.95746357515765e-18,-1.66573027203027e-17,-9.82027299239664e-17,8.37126765605977e-17,1.03335331641728e-17,-7.87420393515165e-09,-3.13643271483553e-17,-1.43959856326964e-17,-6.39287573877791e-17,-8.60055761937857e-17,5.77668761033469e-18,-4.65224126934062e-17,-2.79766775899716e-17,5.26858134636246e-17,1.64838406248876e-17,1.66345477691786e-09,1.91272991579238e-16,-5.8193601659028e-17,5.44231059681552e-17,-1.4179959877135e-17,2.36393227984692e-17,-6.00718965170794e-17,6.89401274890051e-17,1.23930827305145e-16,9.91767306645679e-19,-1.64840367855061e-17,-8.2852822149733e-19,1.39234278028137e-17,3.34028537829407e-18,8.36812633450076e-09,-1.49868519127166e-17,3.91438292981631e-17,-1.36190069265237e-17,-2.64328489651966e-16,-6.33232440492377e-07,1.11636192063076e-17,-4.51186342364947e-17,-4.90903411145711e-17,3.5895528355865e-17,7.20481981435965e-17,2.42901172552418e-16,1.04840995079168e-16,3.6036253556304e-17,5.19163148345182e-17,1.01921920954851e-16,4.99797288597811e-17,6.39240099219108e-17,-1.5235025857136e-16,-8.94010952404088e-17,-1.16169515321311e-16,1.0994490145295e-17,-2.26187718073745e-16
"t846",-0.00500300744306027,0.0530413136438108,0.0683607925180394,0.0166747766004778,0.0345338125805008,-0.00578842508181943,0.00177908963208007,6.20626467161735e-05,0.000538749000127013,-0.00149658581430263,-0.000540552745770089,0.00660596916615886,-0.0228635102007565,-0.124705504553573,0.0033127644431227,-0.000428386672125595,-0.0249492846350572,-0.000226705089941373,6.35753315470691e-05,6.44993287236828e-05,-0.00028406666637063,8.83103303659596e-05,-0.000243412345575664,0.000419380959537814,-6.63986304531008e-05,0.000204314929920804,-0.000269637967714016,0.00235019375127155,-0.00170692351130616,0.00801041157189027,-3.19764978611055e-05,0.000489903061402432,0.000187471471370756,1.04688189620263e-05,-5.42673628698435e-06,-1.08809785497337e-05,-3.78932117690139e-05,3.82270579941222e-06,3.3147965126828e-05,1.14046368391598e-05,0.00846229443441035,3.99116555915278e-05,-1.23535331955264e-05,1.42191591313221e-05,-2.1949230322409e-05,-3.70104357576594e-07,5.89733118303952e-08,-4.84311810123082e-07,-1.54184193345402e-06,1.0022703049401e-05,-2.00468786370264e-05,0.00135784389881507,4.19257301326822e-09,9.10080858764623e-06,-8.74997569754261e-06,0.000100801529209116,-3.48641916640081e-05,0.127210855701014,0.00977488314137064,-6.91251953700139e-05,-4.64226907832182e-05,5.33261222690711e-05,-0.00143571096946039,0.00222418348224849,-6.40176318379628e-05,0.000207144085696368,-1.91383182680757e-05,0.0018400852869691,-0.196669749275495,-0.000955335338299521,7.34320625243029e-06,-2.09215321639571e-06,-2.50740804429818e-08,-1.29444993445627e-05,6.39905147109753e-06,1.03559688726707e-07,-0.000121193176977327,0.144240154838666,2.93925558392672e-05,2.10411813135357e-05,-7.05506335514898e-05,-2.76290722621313e-05,-1.97550671148455e-06,-1.47635431176601e-05,2.08993899464745e-06,6.64493570180346e-05,-1.08355341608747e-05,-1.73419205419728e-06,-3.87282080544034e-07,1.4837245553732e-05,-3.35593206701303e-06,1.06426415350663e-07,7.21519076755746e-06,-7.49048683598233e-05,-5.49117971899097e-07,-2.64040471337504e-05,-3.11938651188769e-06,3.24075546413915e-05,-0.00358896588974444,-1.36890796411105e-05,-5.32762755441715e-06,3.51374164271473e-07,-7.65584227262551e-06,4.99364627855226e-06,-2.26071022235228e-06,3.68019129737526e-06,-0.000132187157173184,4.60002822724977e-06,-2.15845836314971e-05,7.84543918352942e-07,0.000746579373190489,4.64350776306723e-05,-1.44743938339472e-05,1.83986904671607e-05,-7.31318238450452e-07,2.65321873236595e-05,-5.83993451803531e-05,9.69377749534949e-05,-0.000224686544492544,0.215917626099768,0.000526700113430096,-0.00458281966694403,0.000112562691574268,0.00030550546452872,-1.33249244201589e-05,0.000105924541512973,-1.05768013361988e-05,1.85276240405263e-05,-5.999694844686e-05,-0.000768617798900586,-3.22283114287066e-06,-5.88319463621327e-05,7.63824225841823e-06,1.36661179125944e-05,-5.7472662633086e-07,-2.17178717199104e-05,1.50422253544344e-07,0.00970809047644985,1.70528386923782e-06,-4.11905370675477e-06,-1.97799995633353e-08,2.13437905683294e-06,-1.5282040125655e-06,-1.1517793065353e-07,-4.39436030258951e-08,4.04921531941433e-08,-0.00073606656864155,-5.30569984222662e-07,-3.53218193246414e-08,9.33673815590697e-08,2.00078342946241e-06,4.64111505174139e-07,1.39977961748547e-06,-4.07038725933736e-06,0.053601553734747,-3.37100177681829e-07,2.748034660626e-06,2.04072507952747e-08,6.56691988436634e-09,2.41026654264603e-09,5.25538483896574e-07,-0.000480909687785285,-9.67596727004146e-11,1.89363838954022e-10,2.47034483815277e-08,-4.72879109642703e-08,1.72638066000592e-07,3.0372441062635e-09,1.5217079173141e-07,4.99797139384601e-06,-3.8909077671674e-07,-6.94477522720633e-08,9.56131379175519e-09,2.58151408616686e-08,6.99349307359251e-08,1.14145802430604e-08,6.46514592535613e-09,-3.18801764415773e-07,-5.75203921487253e-07,-5.24364898184944e-06,0.000101891853649753,-1.05188475055561e-06,-5.50834937439704e-06,1.42287663049954e-10,-8.19880320274106e-08,-2.03415414627307e-09,-3.44021139595064e-07,1.26368351099551e-07,5.70605169895004e-07,-7.56517406655326e-07,-1.83323061930284e-08,3.5050758864594e-08,1.40320861383457e-07,2.5063508125315e-10,7.82006693249655e-07,-3.35853868821483e-08,-6.15251166263828e-08,-4.30259484921473e-08,3.56704205081693e-08,1.36362586253976e-08,1.35288077945107e-08,4.08316976849134e-06,-2.92991144916818e-10,-3.68817189010791e-08,-5.57559041105874e-08,-2.65375905551314e-07,2.95506191914979e-08,1.36676707705036e-07,-1.20418443635928e-07,-1.26398264964491e-10,2.75060216068508e-07,-1.2634521913764e-07,8.10653071257226e-07,1.36237082307382e-07,1.11021460901429e-08,8.75504543624833e-08,-3.4063888299042e-08,-0.000105040774940342,5.60355307177588e-08,3.6807355948354e-07,4.52451134670668e-05,-2.73422060392527e-06,-6.79456515020745e-07,-7.49334240996918e-05,7.35198610864488e-07,3.02154215264861e-07,4.22182575412944e-06,0.00150806434844921,4.93598593194325e-07,4.65537474528621e-07,-1.47270520933464e-06,-3.18752098583689e-07,-1.85585096222564e-07,-3.14458808727352e-07,1.86559524789618e-08,4.61228701054328e-08,1.83252972125589e-06,1.47337433457363e-16,2.28030561297993e-07,-3.32145136091797e-06,1.89070388583821e-05,2.21360331709886e-06,2.77303495648225e-06,-4.70218196090717e-07,6.49138589104908e-07,-3.47008120630997e-06,5.69662083629496e-08,-3.99550732518768e-09,9.57622296412401e-07,-1.06436047595817e-05,8.71633513356611e-06,-3.68105354573694e-05,2.51836669271642e-06,-2.15219025062773e-07,1.7214843192441e-08,-9.91723153704707e-07,1.5967360053966e-06,-2.63704633449098e-05,-1.08336202818291e-05,3.71771883592219e-06,-0.565565487461821,-5.95832987840441e-05,0.00543482300007008,-7.79963247345038e-05,4.90854272583638e-06,-1.61753699367761e-06,1.68504741662348e-07,8.11911300370942e-05,-2.5220843167887e-05,1.15523335340629e-06,0.0016047789106136,-9.27326937849278e-07,1.11186085074082e-05,-4.27112384033232e-05,0.163172498285863,0.00012379196336976,-2.05592718683603e-05,6.74686800670696e-07,-9.71135812311919e-07,-1.65954970099439e-08,2.22018438400362e-07,8.32207059205509e-16,-1.42110296407936e-06,-5.13995946672825e-08,-7.71692959961712e-11,-8.05595342830338e-07,1.10283286383368e-07,-7.01444218642616e-08,-2.34024237407732e-07,2.84620478967619e-08,-1.2089021315363e-06,4.20244009170726e-06,1.54532883094856e-07,-3.72721821720017e-06,1.77301218500288e-06,-2.1418871298048e-06,6.78565513188053e-06,-1.01787868174352e-06,1.65330245441471e-06,5.85712346900255e-08,4.45079919412426e-08,2.38859062926674e-06,-1.52599313406437e-05,6.79164302792975e-08,-1.88515773715923e-06,6.60616731193326e-05,-0.000215575335234133,6.29073900295035e-07,5.77706973950557e-07,3.43661629242159e-06,-1.12122794298448e-06,-7.30134823931003e-07,1.21990648165288e-06,-0.0173955890513274,-1.3219225358999e-07,-1.26357067726711e-07,-4.77590720439905e-07,-7.8801592018498e-17,3.23701498466364e-09,2.13295763929933e-06,-2.49152259078952e-07,1.30158950843068e-06,1.68006967631505e-07,3.88394121196227e-07,1.33998668293416e-06,-0.00509480703662536,-5.18905329002452e-07,-1.192735056517e-16,-9.77547266721425e-07,-9.41334934503439e-09,-3.75562720833736e-08,1.79472737427031e-07,3.13418593229223e-07,-2.18116437036175e-08,-8.58993633153713e-07,2.32215462788469e-07,-1.12102776645163e-06,1.50118469622332e-06,-2.30865267372239e-07,-5.54310104874502e-07,-6.85703174254989e-07,-4.14392065681366e-09,-5.52816766152287e-07,3.3144765780221e-07,-5.99833692239968e-07,2.5219005518484e-18,-1.74848974512387e-06,1.37196942970926e-07,3.95392365301086e-09,3.46016343898563e-08,-1.13255723905287e-06,-2.32249661460144e-06,1.17624160557394e-06,-4.27026270394644e-06,-2.09604029852902e-07,1.37117605983295e-16,-3.8271643686664e-07,-1.50605094338963e-07,-4.81073362153365e-07,2.73166269985551e-16,9.07369536103456e-07,1.31140633529114e-06,-2.00420865892941e-07,-7.51363883572681e-07,-2.5611490757218e-07,-1.47147494823212e-07,-0.000120563915281005,1.20952485451223e-07,9.74418182320217e-07,5.47222926294326e-08,2.70252936535137e-07,3.90011123501483e-07,-1.86813087792033e-16,-1.54617411988896e-07,5.06912342099295e-07,2.47024648297512e-06,-3.28929855764228e-07,2.11807043867096e-16,-8.31667993623711e-06,5.81608425715124e-08,-1.40479161087971e-07,-9.42142105590402e-08,-3.15879005493229e-07,3.35684436238074e-07,-0.000113882216456985,5.88990697253552e-07,-6.70903926966971e-16,2.13488551722707e-06,-4.08507737520783e-07,1.14248882156376e-06,3.21938372861004e-06,-0.000714604568002634,-1.66498997329764e-09,-1.04777297948999e-15,-4.17961804289572e-16,-1.69326187553403e-09,-2.16150784451073e-07,2.84937326060628e-08,-2.87366753273983e-07,-6.83813194878742e-16,-1.35922690266308e-07,-1.60248817604417e-09,2.58341810649438e-15,2.93152206423764e-15,-6.88276145875427e-15,3.39400090214699e-07,2.59646461097907e-05,-1.08084814097569e-06,8.44227891156127e-07,4.20771074490483e-07,1.98998026936865e-05,-3.69763918794485e-07,-0.707106781155494,-8.13248307797348e-08,2.28031839107444e-07,-4.35147574417833e-15,-1.68162308294411e-15,-1.42214374618758e-07,-7.64853086902186e-11,-8.3765009817416e-08,4.54709702662781e-07,8.21938005289068e-08,-3.07439616498506e-08,4.91042847979295e-16,-1.03303790738555e-07,-1.97401817457888e-16,-3.51215796228479e-07,1.31589617674566e-15,-9.16168523676403e-08,2.82750874110941e-16,3.7541227760353e-07,9.88152116402144e-08,4.08870084848217e-08,5.36670098495494e-07,2.65728766469068e-07,-3.04386893956867e-08,1.92697685316544e-07,1.72465496584611e-06,3.23458020408076e-07,2.97970936989228e-08,6.69899041896466e-08,-1.88089460221908e-07,-3.21750938168838e-07,-2.60659363202918e-08,-8.95735907962907e-08,3.16559029727897e-16,8.36737021626655e-07,-1.43965432518169e-07,7.41247231936803e-08,1.0174528039466e-16,1.29773723531934e-08,3.52501654549549e-07,2.86487699332477e-05,1.1450296998213e-15,-2.98977300751145e-07,-1.60389951942873e-07,3.3193785378324e-16,-5.48891867642525e-06,4.71165196908024e-07,9.93220858924042e-17,1.97733748930812e-16,-1.72627229129768e-08,-9.26705023093541e-08,-5.27870383825679e-10,-7.32194253820284e-07,1.94297766219888e-07,5.71473448918362e-08,5.50497122579189e-08,5.08069194261428e-07,-1.13975755103959e-06,1.15142270717961e-15,2.35019641896056e-09,1.61737066645834e-09,4.46292469107865e-09,4.17596674459973e-07,-2.83988593800609e-16,2.6290605912935e-16,1.37332288271586e-07,3.99367636821833e-17,3.56387717487512e-16,6.5251752540754e-07,-2.17454006469563e-05,-1.45127971427729e-07,-9.79209577596207e-09,5.07991871957783e-06,2.90921507346883e-05,3.22577358013906e-08,-2.3938829526258e-17,7.61185942789599e-08,3.55615518891415e-09,1.63196764244083e-08,-1.64291294823254e-07,6.49201003815843e-07,-3.51506182439394e-16,-1.38635193468543e-16,-2.59142694721647e-16,-5.6907620107288e-08,-2.73341726095306e-08,-1.59215780672591e-07,4.15893290686335e-16,-2.09924960882617e-08,6.8089956117689e-16,-2.8980284404064e-16,6.86569403758531e-06,-7.41767438984565e-08,-6.1409211049579e-16,-1.88068057691591e-07,-9.73859244953397e-08,2.69177862468571e-16,2.21934924667745e-07,-1.61592586385516e-16,7.98060225615928e-08,3.71079768786874e-16,8.02872565764579e-08,1.76756360536044e-05,2.46325807575579e-08,2.33724986758071e-08,1.61608021729801e-07,-8.26598225394781e-08,2.41891184320178e-07,2.27308592671963e-16,2.10643251355391e-06,-1.30627015742157e-07,-6.57305023775164e-16,-2.12483468676657e-08,-0.0267908551283503,-1.33228370290152e-08,1.34524453668624e-18,2.40127375044386e-06,1.47181082624115e-07,9.20728416323962e-17,-3.86301648146194e-07,-8.70450405250663e-08,-4.76147825180064e-09,-2.70914687274708e-16,1.91049033927706e-16,2.05019034954388e-06,2.80127958763424e-08,2.27185737138947e-09,-3.77033636268211e-08,1.72250278324256e-08,-6.55775571143332e-16,-2.24042169288271e-16,6.30022168010875e-08,4.34368064579553e-10,-2.1125387482034e-16,1.52718756616443e-07,-5.11158339199095e-17,7.92066250921582e-08,-2.93778165450517e-08,-1.71682992795545e-08,-1.13898827138436e-07,-2.55775721951995e-16,-1.29389073313065e-16,-2.39734585799314e-16,-1.10689734579604e-16,-9.20051359231502e-09,-3.19251203267679e-08,-1.10386619858686e-16,-4.81873704388923e-17,3.50430502173612e-17,4.49916173095081e-08,4.04528870974383e-10,-2.23043008700418e-08,-1.49431675369653e-17,4.95046711956881e-16,-1.73255507163184e-16,-2.17301964890876e-05,2.85345394084879e-08,-1.85900172665865e-16,5.14153178082636e-09,-1.34627996109238e-07,-2.49432316254142e-16,1.40100278268265e-16,-9.31675330546499e-08,-2.16466532485363e-08,-4.61966164805491e-08,3.44913455538241e-17,0.00011407381349273,7.56144474926376e-08,8.12300775420756e-08,-7.40971241000421e-08,-1.994978222e-07,3.24810910259368e-09,1.3822480047376e-16,-1.18772073395945e-16,2.31193677414128e-16,6.18089309884864e-08,-5.59634204055046e-08,-2.10952128912601e-08,-3.60097567324192e-05,-1.93953083254996e-16,1.50316616399385e-16,-1.3945947459227e-17,-1.97380784528558e-16,1.34759212203598e-16,7.92572352052267e-08,-1.74527056473783e-16,5.14042431092647e-17,-1.28320233987695e-08,-1.86217643425186e-16,-1.14868804698529e-08,5.10926511248843e-17,-1.42412211699856e-08,1.33052191416434e-16,-1.72494950286111e-08,-2.15884959943074e-09,-1.96945394978621e-07,2.31779775417721e-13,6.93091783824467e-08,-4.08633779714216e-17,9.83615884487183e-08,-1.7303812399535e-07,2.05261115760636e-06,-4.11732756911862e-16,1.39682882921923e-07,1.05718677519362e-16,-3.43932357918345e-08,-4.37444543589772e-06,1.07289226718143e-16,1.28882979744802e-17,3.39100104555362e-17,-4.9295415318143e-17,-6.50485597986474e-10,-8.47096304078636e-09,-1.89159881179639e-09,-1.41175856587866e-16,-3.63608037651578e-17,-2.00004530952096e-08,1.63148832979867e-07,6.4389345675046e-17,-4.93736798535786e-17,-8.62584537559133e-09,-1.25434115303424e-17,-6.11431481477396e-08,-2.46574694009056e-17,1.30102763496077e-05,-1.70107661499181e-16,-1.26891188304403e-16,-4.6868298992305e-17,-5.3203376667181e-17,-1.0304476600547e-17,2.18122426512807e-16,1.10778359765562e-08,-7.74743479334311e-08,4.67984550278721e-17,-1.30796229567831e-06,1.95644235477801e-07,-5.4255325066097e-17,2.34602606262591e-16,-3.11100361965856e-17,2.67521409614523e-16,1.92918871499648e-08,3.08548023093104e-09,1.18611158422707e-16,7.55231651367039e-17,-3.50704412712545e-08,-3.17657187804128e-06,-1.89146898520497e-09,1.45953997027144e-16,-1.09252001637241e-16,-1.84580484691396e-17,1.42755102152491e-17,2.26428024598265e-17,-4.73557292029093e-17,7.38453180811251e-08,-6.98459452736988e-08,-1.34305369597147e-08,1.00801272694449e-16,-1.65335312513759e-17,-1.62951408576351e-16,6.4257206075353e-17,-1.28069900162167e-16,1.99653967470722e-16,2.04665694288717e-17,5.31531516331968e-18,6.82533407637536e-17,4.75077308905839e-17,1.19959001920161e-16,1.84515869106882e-16,7.61870334001452e-18,-9.50249191636215e-17,7.3714577461653e-09,-3.03790307503545e-17,-8.54925321693929e-17,4.53952367792375e-18,1.04382943134525e-07,-1.2573855966527e-09,-1.19262035267757e-17,-2.69456951634938e-09,9.55675342882366e-08,1.29973948417359e-16,9.11010240489216e-16,-0.000135759184386426,2.30164650641029e-16,2.33754630999918e-09,1.06128393043241e-17,-6.19702836530683e-17,3.47008183248115e-17,-6.493568568924e-17,2.33884513726235e-09,-6.26956152202267e-05,-7.06529901528429e-17,-3.64953816475599e-18,1.18959301011568e-17,-3.02477072391896e-16,5.15429712799609e-16,-3.59704220490308e-17,8.41318748698942e-18,7.2188141929349e-17,3.77356356243456e-09,-5.320809399472e-17,4.9545543346037e-17,-8.6475497163155e-17,2.38709789687713e-16,2.66511278128469e-16,2.2029102604273e-17,-7.44197951764668e-08,7.55077552908677e-17,-7.0777629426324e-17,1.24662082044461e-06,7.10183429839826e-17,1.10782866401266e-17,-1.77971247647719e-16,-3.26287154281181e-17,4.62211398519412e-08,1.13160216097411e-17,-3.41120322378209e-08,-1.03878753017563e-17,-2.56527497504603e-16,-1.40588526198749e-16,3.05160559907307e-17,-2.23953515584873e-17,-1.10852224831936e-16,1.23216147449494e-09,-7.18291350418348e-17,2.20504206081637e-16,6.94927963409863e-09,-1.53771717299296e-07,1.94651762645051e-17,1.07693376968813e-07,1.57718291094221e-08,-9.62668208826834e-17,-1.70642365977764e-17,1.79257975344914e-16,-1.74714985725256e-17,-1.45619087133378e-17,-2.64609782093871e-08,4.63696320661865e-16,-2.25886711297163e-16,-1.9338074152927e-16,1.059051487008e-08,1.54235916427566e-16,3.15124323593391e-16,-4.74899214404995e-17,1.02704058845036e-17,-4.82322646358214e-09,-1.10611865068616e-16,1.45100296141229e-09,-7.58163596152097e-17,-1.11129973038521e-16,8.71450015949483e-17,1.13208465897428e-16,-2.35259997231457e-16,3.29199338045933e-17,5.48815584382508e-17,-2.51568672810442e-08,1.06055612535981e-16,-2.20319648674167e-16,1.05743489698906e-08,2.38282537355782e-17,-6.75974815121928e-18,-1.17236202529028e-16,1.4566010355404e-16,7.99403976439839e-18,-1.00577632383205e-16,-1.71768309154542e-06,1.97745360691915e-17,-2.09335002200428e-16,2.28070564616959e-08,4.3371713662576e-17,-7.64212239526135e-18,4.51165737348263e-17,-5.14897654440012e-18,-1.90299569351071e-17,-2.13290122998211e-17,-2.55043920753301e-17,-5.999298508593e-17,-2.61818094123538e-17,-1.70628081447808e-16,1.67528110695718e-16,-1.19550053014714e-08,3.96392752568778e-08,-4.70460043530647e-16,2.00668119123941e-17,4.12275016738155e-17,3.62722656324674e-16,9.71445146547012e-17,1.14054509897709e-16,9.41062861908527e-18,8.41875728564154e-17,-3.43313196263006e-09,6.08695612244547e-17,-6.56587331229422e-17,-1.82602392586843e-18,-1.60024081201592e-16,1.10948456734022e-07,-1.16556162508572e-16,-6.9649834148732e-10,-1.73745650046723e-18,-3.42144590355122e-17,-1.97659589161156e-16,-1.37349167252505e-16,1.02229912500501e-16,1.83507091101762e-16,3.00566349600598e-18,2.4292739358245e-16,9.03718991106664e-17,7.66856237975329e-18,-2.98387050694665e-17,-2.50450075317536e-17,-6.77726999179113e-17,-2.50516888976725e-17,-4.2010059651689e-17,1.00882322308609e-16,5.26247650629662e-19,1.79039525729217e-16,4.66575904258831e-17,-4.88959874919116e-17,4.87890977618477e-17,6.34773174087266e-17,-2.31003296026692e-16,-3.837765147338e-17,9.20946095719663e-18,3.30957965489656e-10,-5.11081255713681e-18,2.13892669502712e-17,-2.78708284858866e-18,-3.38002082258645e-16,-3.86324506915433e-16,-5.05492394775227e-17,2.69266944492344e-18,-1.18430265689218e-17,1.49227856213029e-16,5.71803188609691e-17,-3.72965547335014e-17,1.848091445948e-16,-7.86897300693773e-17,8.14220995632964e-17,2.00856344809523e-17,1.2056360468983e-16,-6.35302745520745e-18,-4.25651134725977e-09,-5.73315789792426e-17,-1.55600711935216e-17,6.35513587583651e-17,-5.44629477829426e-17,-1.88791471266481e-17,-1.95565318629983e-17,6.64997365539536e-17,3.30023599620215e-17,-1.15398132540774e-17,9.01258219185302e-10,3.20297540028892e-17,7.13395866042679e-17,5.56833949974598e-17,-3.49443168855017e-17,-1.84645892809706e-17,-1.50469804509947e-16,3.24126404418957e-17,5.3471237882344e-17,1.78255942606614e-17,2.04581719690529e-17,-7.22457230134203e-17,-3.81890618302034e-17,4.79916374373856e-17,4.54416079352068e-09,5.73036173126233e-18,-1.10595307066901e-16,-4.91959084193006e-17,-4.27175655959289e-16,-3.44227676177054e-07,-5.33639899497117e-17,2.17499385603195e-17,-7.3846563902535e-17,8.37021276316422e-17,8.12450961619875e-18,-1.87733524644965e-17,3.75565965495748e-16,-9.25430595203212e-18,-1.30932735471431e-17,4.32850256237414e-17,-5.08992338304416e-17,3.70025900941524e-17,-3.05951589918391e-16,-4.96889154049611e-17,3.58292955589764e-18,7.9927014788797e-17,-2.02011892730029e-16
"t404",-0.00500300744305954,0.0530413136437947,0.068360792518018,0.0166747766004708,0.0345338125804831,-0.00578842508181595,0.00177908963207899,6.20626467161245e-05,0.000538749000126598,-0.00149658581430122,-0.000540552745769451,0.0066059691661491,-0.0228635102007218,-0.124705504553381,0.00331276444311737,-0.000428386672124899,-0.0249492846350137,-0.000226705089940959,6.35753315469923e-05,6.44993287235579e-05,-0.00028406666637002,8.83103303657179e-05,-0.000243412345575021,0.000419380959536655,-6.63986304528966e-05,0.000204314929920177,-0.000269637967713232,0.00235019375126469,-0.00170692351130099,0.00801041157186181,-3.19764978609872e-05,0.000489903061400472,0.000187471471370032,1.04688189620235e-05,-5.42673628694879e-06,-1.08809785496796e-05,-3.78932117688298e-05,3.82270579937426e-06,3.31479651266451e-05,1.14046368390939e-05,0.0084622944343643,3.99116555913388e-05,-1.23535331955028e-05,1.42191591312248e-05,-2.19492303221913e-05,-3.70104357562167e-07,5.89733118112305e-08,-4.84311810114645e-07,-1.54184193342547e-06,1.00227030493763e-05,-2.00468786368404e-05,0.00135784389880559,4.19257302409284e-09,9.1008085876202e-06,-8.74997569742013e-06,0.000100801529208396,-3.48641916637073e-05,0.127210855699962,0.00977488314128958,-6.91251953693903e-05,-4.64226907828299e-05,5.33261222685995e-05,-0.00143571096944685,0.00222418348222736,-6.40176318373395e-05,0.000207144085694357,-1.91383182678369e-05,0.00184008528694911,-0.196669749273339,-0.000955335338288848,7.34320625232408e-06,-2.09215321637316e-06,-2.50740803621376e-08,-1.29444993444079e-05,6.39905147098969e-06,1.03559688646214e-07,-0.000121193176975836,0.144240154836644,2.93925558386858e-05,2.104118131326e-05,-7.05506335504388e-05,-2.76290722616913e-05,-1.97550671148331e-06,-1.47635431173787e-05,2.08993899460434e-06,6.64493570168988e-05,-1.08355341606754e-05,-1.73419205421507e-06,-3.87282080604155e-07,1.48372455535326e-05,-3.35593206696742e-06,1.06426415272601e-07,7.21519076739762e-06,-7.49048683584014e-05,-5.4911797189511e-07,-2.64040471331148e-05,-3.11938651182166e-06,3.24075546407068e-05,-0.00358896588967225,-1.36890796406993e-05,-5.3276275542482e-06,3.51374164277584e-07,-7.65584227248968e-06,4.99364627843882e-06,-2.26071022225329e-06,3.68019129730383e-06,-0.000132187157170123,4.60002822719219e-06,-2.15845836310546e-05,7.84543918645785e-07,0.000746579373173015,4.64350776295469e-05,-1.44743938335606e-05,1.83986904666565e-05,-7.31318238385755e-07,2.65321873230586e-05,-5.83993451787937e-05,9.69377749510306e-05,-0.000224686544486681,0.215917626094133,0.000526700113416171,-0.004582819666821,0.000112562691571218,0.000305505464520409,-1.33249244197489e-05,0.000105924541510037,-1.05768013358865e-05,1.85276240399417e-05,-5.9996948445078e-05,-0.00076861779887841,-3.22283114270788e-06,-5.88319463604221e-05,7.63824225817723e-06,1.36661179121274e-05,-5.7472662621711e-07,-2.17178717191916e-05,1.50422253529961e-07,0.00970809047614146,1.70528386926328e-06,-4.11905370671353e-06,-1.97799996031365e-08,2.13437905666651e-06,-1.52820401248541e-06,-1.15177930611172e-07,-4.39436030993362e-08,4.0492153252317e-08,-0.000736066568616493,-5.30569984184263e-07,-3.53218193520615e-08,9.33673816043767e-08,2.0007834292434e-06,4.64111505210003e-07,1.39977961743192e-06,-4.07038725922527e-06,0.0536015537327852,-3.37100177713338e-07,2.74803466061902e-06,2.04072508248632e-08,6.56691975024065e-09,2.41026654565729e-09,5.25538483855472e-07,-0.00048090968776575,-9.67597134563578e-11,1.89363756649525e-10,2.47034483587364e-08,-4.72879109275167e-08,1.72638065990448e-07,3.03724410429738e-09,1.52170791720288e-07,4.99797139365577e-06,-3.89090776653174e-07,-6.94477523040047e-08,9.56131382876714e-09,2.58151408585331e-08,6.99349306702942e-08,1.14145802910758e-08,6.46514594493333e-09,-3.18801764372692e-07,-5.75203921408927e-07,-5.24364898155582e-06,0.000101891853645152,-1.05188475048437e-06,-5.50834937416339e-06,1.42287528917721e-10,-8.19880319524004e-08,-2.03415412914965e-09,-3.44021139496789e-07,1.26368351086146e-07,5.70605169825952e-07,-7.56517406757688e-07,-1.83323062899804e-08,3.50507586862048e-08,1.40320861409906e-07,2.50635028712615e-10,7.82006693182242e-07,-3.35853868807549e-08,-6.15251166970779e-08,-4.3025948388999e-08,3.56704205888681e-08,1.36362585266516e-08,1.35288077503698e-08,4.08316976830265e-06,-2.92991152739527e-10,-3.68817189037896e-08,-5.57559040766981e-08,-2.65375905533113e-07,2.95506192061168e-08,1.36676707679015e-07,-1.20418443728416e-07,-1.26398289691871e-10,2.75060216014961e-07,-1.26345219159125e-07,8.10653071160878e-07,1.36237081972906e-07,1.11021460282771e-08,8.75504543957022e-08,-3.40638882168553e-08,-0.00010504077493235,5.60355307966176e-08,3.68073559311622e-07,4.5245113463552e-05,-2.73422060372791e-06,-6.79456515468672e-07,-7.49334240935943e-05,7.35198610962635e-07,3.02154215227095e-07,4.22182575372855e-06,0.00150806434832405,4.93598593139882e-07,4.65537474359826e-07,-1.47270520925561e-06,-3.18752098593849e-07,-1.85585096117814e-07,-3.14458808722574e-07,1.86559524930293e-08,4.61228701173302e-08,1.83252972097257e-06,2.34711327176221e-16,2.2803056121526e-07,-3.32145136135512e-06,1.89070388567287e-05,2.21360331675232e-06,2.77303495618271e-06,-4.70218195964824e-07,6.49138588947141e-07,-3.47008120596394e-06,5.69662084494731e-08,-3.99550737476869e-09,9.57622296578394e-07,-1.06436047582964e-05,8.71633513264743e-06,-3.68105354535206e-05,2.51836669248214e-06,-2.15219025053485e-07,1.72148436149546e-08,-9.91723153348618e-07,1.59673600538585e-06,-2.63704633420549e-05,-1.08336202800957e-05,3.71771883552157e-06,-0.565565487394135,-5.95832987768931e-05,0.00543482299941321,-7.7996324724996e-05,4.90854272527758e-06,-1.61753699394013e-06,1.68504741671167e-07,8.11911300267426e-05,-2.52208431644826e-05,1.155233353309e-06,0.00160477891040831,-9.27326937566872e-07,1.11186085057527e-05,-4.27112383970563e-05,0.163172498263535,0.000123791963352805,-2.05592718653254e-05,6.74686800585163e-07,-9.71135812321501e-07,-1.65954972181604e-08,2.22018438316611e-07,8.53210518102918e-16,-1.42110296425938e-06,-5.13995944104147e-08,-7.71692448164004e-11,-8.05595342786331e-07,1.1028328616612e-07,-7.01444220569356e-08,-2.3402423765859e-07,2.84620482523004e-08,-1.20890213149165e-06,4.20244009095299e-06,1.54532883145456e-07,-3.72721821676437e-06,1.77301218477156e-06,-2.1418871293794e-06,6.78565513082351e-06,-1.01787868166904e-06,1.65330245462288e-06,5.85712346010324e-08,4.45079917476098e-08,2.38859062875731e-06,-1.52599313374361e-05,6.79164300597541e-08,-1.88515773658961e-06,6.60616731055163e-05,-0.000215575335188409,6.29073900135811e-07,5.77706973605056e-07,3.43661629199277e-06,-1.12122794266234e-06,-7.30134823398595e-07,1.21990648153869e-06,-0.0173955890473156,-1.32192254023093e-07,-1.26357067865659e-07,-4.77590720462404e-07,-7.00486809405741e-17,3.23701476942274e-09,2.13295763892497e-06,-2.49152259506127e-07,1.30158950799563e-06,1.68006967731142e-07,3.88394121398322e-07,1.33998668328226e-06,-0.00509480703519356,-5.18905328644319e-07,1.83110384427619e-16,-9.77547266521087e-07,-9.4133493111452e-09,-3.75562723605894e-08,1.7947273739268e-07,3.1341859317541e-07,-2.18116434379649e-08,-8.58993632602932e-07,2.32215463103213e-07,-1.12102776636688e-06,1.50118469563428e-06,-2.30865267336793e-07,-5.54310105940093e-07,-6.85703173993271e-07,-4.14392085359636e-09,-5.52816765142432e-07,3.31447657677382e-07,-5.99833692721854e-07,4.58099719253548e-16,-1.74848974477424e-06,1.3719694155279e-07,3.95392367081671e-09,3.46016350504041e-08,-1.13255723846959e-06,-2.32249661319271e-06,1.1762416053534e-06,-4.27026270184643e-06,-2.09604029499442e-07,-5.68915708995428e-16,-3.82716437279473e-07,-1.50605094779422e-07,-4.81073361218309e-07,1.99417621171932e-16,9.0736953614168e-07,1.31140633517172e-06,-2.00420865857013e-07,-7.51363883017861e-07,-2.56114907989652e-07,-1.4714749473476e-07,-0.000120563915215274,1.20952484890791e-07,9.74418182154499e-07,5.47222926712713e-08,2.70252936541444e-07,3.90011123488407e-07,2.90134806246807e-16,-1.54617410656002e-07,5.06912341369464e-07,2.47024648114417e-06,-3.28929854840145e-07,-2.56929378406226e-16,-8.31667993043737e-06,5.81608458460198e-08,-1.40479160847094e-07,-9.42142113474263e-08,-3.15879006177765e-07,3.35684435002987e-07,-0.000113882216356731,5.88990695124445e-07,6.833148964586e-16,2.13488551621193e-06,-4.08507736238063e-07,1.14248882087043e-06,3.21938372275717e-06,-0.000714604566971494,-1.66499126295078e-09,1.07205910815367e-15,3.84223787918087e-16,-1.69325738618533e-09,-2.16150781563273e-07,2.84937336463355e-08,-2.87366752497061e-07,2.22381227544178e-15,-1.35922689148297e-07,-1.60247550990615e-09,-2.63636568350482e-15,-3.01026776732409e-15,6.41076857985605e-15,3.39400089273929e-07,2.59646459967718e-05,-1.08084814476472e-06,8.44227886005668e-07,4.20771062470203e-07,1.98998024457162e-05,-3.69763906121416e-07,0.707106781217601,-8.13248269974015e-08,2.28031843457419e-07,4.50642594561296e-15,1.59077004407645e-15,-1.42214381341805e-07,-7.64804994071921e-11,-8.3765012628302e-08,4.5470970175201e-07,8.2193801498846e-08,-3.07439627272356e-08,-8.03602966185001e-16,-1.03303789789793e-07,1.6947817461451e-16,-3.51215795438078e-07,-1.99796776345629e-15,-9.16168519083858e-08,-2.87798518273251e-16,3.75412277711082e-07,9.88152123875806e-08,4.08870146482104e-08,5.36670098088676e-07,2.65728765908016e-07,-3.04386894882526e-08,1.92697685032565e-07,1.72465496696315e-06,3.23458022135149e-07,2.97970968624146e-08,6.69899024861365e-08,-1.88089460479548e-07,-3.21750941278256e-07,-2.60659401183771e-08,-8.95735909659264e-08,-2.792053850808e-16,8.36737023104917e-07,-1.43965431785371e-07,7.41247229689807e-08,1.06045249485888e-16,1.29773735822574e-08,3.52501654090196e-07,2.86487699606552e-05,-1.02096401939453e-15,-2.98977300899604e-07,-1.60389952002659e-07,-4.15573697100835e-16,-5.48891868161858e-06,4.71165196272032e-07,-3.53087192359479e-17,-8.33036291294132e-17,-1.72627230083752e-08,-9.2670500994435e-08,-5.27872313548313e-10,-7.32194254227456e-07,1.94297765775221e-07,5.71473447180132e-08,5.50497137521393e-08,5.08069195882416e-07,-1.13975755144886e-06,-5.3776427755281e-16,2.35019652987356e-09,1.61736908790228e-09,4.46292270765647e-09,4.17596674647924e-07,2.64796723881915e-16,-3.62672095222039e-17,1.3733228784158e-07,-4.15954168010507e-17,-5.51245973573553e-16,6.52517525447591e-07,-2.17454006609329e-05,-1.45127971150568e-07,-9.79209452084371e-09,5.07991872316059e-06,2.90921507519521e-05,3.2257736174641e-08,8.73465363938249e-17,7.61185939835511e-08,3.55615485717175e-09,1.63196765945977e-08,-1.64291294959049e-07,6.49201003715385e-07,3.04215995828749e-16,1.61842291635491e-16,4.91206602759239e-16,-5.69076204268761e-08,-2.73341728503026e-08,-1.59215780689272e-07,-3.68416019763491e-16,-2.0992496303641e-08,-3.7923332307931e-16,2.75499384932053e-16,6.8656940410353e-06,-7.41767436642376e-08,4.51461784622964e-16,-1.88068057791329e-07,-9.73859242296729e-08,6.43295374611376e-16,2.21934924455805e-07,5.99077296718901e-17,7.98060226694194e-08,-9.18400595500876e-17,8.0287256584421e-08,1.76756360613373e-05,2.46325811084581e-08,2.337249870698e-08,1.61608021216762e-07,-8.26598229577633e-08,2.41891184263912e-07,7.5323953515237e-17,2.10643251471739e-06,-1.30627016034403e-07,-1.03429051156213e-15,-2.12483472443443e-08,-0.0267908551393152,-1.33228369055596e-08,-2.22431894567211e-16,2.40127375145005e-06,1.47181082665905e-07,2.40540513652423e-16,-3.86301648502208e-07,-8.70450398409302e-08,-4.76147838471172e-09,7.98980767164866e-17,-5.99804311837512e-17,2.05019035017031e-06,2.80127959669378e-08,2.27185711213493e-09,-3.7703363650877e-08,1.72250289034213e-08,6.66310195715801e-16,1.4436960060889e-16,6.30022161035847e-08,4.34368640571877e-10,3.20467459896372e-17,1.52718756765124e-07,1.28655339479537e-16,7.92066250501311e-08,-2.93778170715737e-08,-1.71682995511247e-08,-1.13898826601996e-07,-8.84443763507611e-17,2.21983106788257e-17,2.21120947389609e-16,1.06413402586306e-16,-9.20051376937774e-09,-3.19251202239531e-08,2.11840143322096e-16,-7.99007977682274e-17,3.85386126539841e-18,4.49916171649557e-08,4.04529573123958e-10,-2.23043011283422e-08,-6.38158654726447e-19,-5.66766685666797e-16,-7.37257477290143e-18,-2.17301964959677e-05,2.85345393012557e-08,2.39984224644381e-16,5.14153118134213e-09,-1.34627996311855e-07,3.16108808746078e-16,-7.52871953063407e-17,-9.31675327840577e-08,-2.16466531804288e-08,-4.61966172761507e-08,4.93457398531727e-17,0.000114073813527731,7.56144476523129e-08,8.12300771600121e-08,-7.40971241246358e-08,-1.99497823225382e-07,3.24810890568721e-09,-9.28186915915584e-17,1.63066202111759e-16,-1.07891037283052e-16,6.18089312848543e-08,-5.5963420325797e-08,-2.10952124925906e-08,-3.60097567426712e-05,-2.89666112228698e-16,-1.29537722619422e-16,-2.56102822393838e-16,3.60425683623568e-17,-4.3275288134219e-16,7.92572352977669e-08,1.58549496140016e-16,5.66079981448603e-18,-1.28320222560401e-08,1.18378088003826e-16,-1.14868803784775e-08,-3.89886837096592e-17,-1.42412209870761e-08,-1.88937676981615e-16,-1.72494952062516e-08,-2.15884972412316e-09,-1.96945395109566e-07,2.31492286839138e-13,6.93091785282837e-08,1.92643258971613e-17,9.83615884429309e-08,-1.73038123806584e-07,2.05261115797701e-06,1.06949423566724e-16,1.39682882913042e-07,-2.86338558064471e-17,-3.43932358670476e-08,-4.37444543696857e-06,-1.32645989400915e-16,-1.30137234259224e-17,-8.61286805174477e-17,4.80448762354586e-17,-6.5048568348883e-10,-8.47096316955657e-09,-1.8915987228939e-09,1.46369836190436e-16,3.7380535576657e-17,-2.00004531093975e-08,1.63148832639862e-07,3.94526999627403e-17,-2.13484425425939e-16,-8.62584494424325e-09,8.8046987821376e-18,-6.11431482549541e-08,1.99706761597372e-16,1.30102763528872e-05,1.45068727296315e-16,2.30544851328966e-17,1.51931143839076e-17,9.25911963763464e-18,1.61549195482775e-17,-1.17004465002761e-16,1.10778362958646e-08,-7.7474347747454e-08,-2.0708602502147e-17,-1.30796229577259e-06,1.9564423550561e-07,1.9799918326541e-17,-3.41942876793451e-17,6.79968476649767e-17,-2.82148896650257e-16,1.92918874231259e-08,3.08548001182207e-09,-1.06904327957185e-16,-8.80658922832074e-17,-3.50704410998332e-08,-3.17657187880771e-06,-1.89146901184851e-09,-3.09418861277361e-16,1.52849548715504e-17,7.94056253562607e-17,-7.30970110058855e-17,-1.28319433696121e-16,7.26521729432116e-17,7.38453180106218e-08,-6.98459457565264e-08,-1.34305368998545e-08,-8.64035640038842e-17,4.12079075825549e-17,1.57622717629881e-16,-5.39022846300496e-17,1.21070562336635e-16,-1.59352427666065e-16,-8.10122454445078e-17,5.36662034071826e-17,-8.28897637758868e-17,-4.12254509439805e-17,-7.46557110632383e-17,-3.35197502587107e-16,-4.25784277143447e-17,3.9190618574859e-17,7.37145756780052e-09,9.1437039561642e-17,8.18253202313972e-18,-4.00424767228394e-17,1.04382942997455e-07,-1.25738526918939e-09,3.11281041744097e-17,-2.69456938452427e-09,9.5567534201527e-08,-8.7892745918398e-17,-1.82163744011177e-16,-0.000135759184416745,-1.30232884703417e-16,2.33754624057633e-09,1.24199438936732e-17,7.21550055742185e-17,1.77170093503976e-17,-1.19752484225367e-16,2.33884540203204e-09,-6.26956152338811e-05,1.76843281164326e-16,5.83871177637609e-17,-6.76791025413604e-18,4.40339723447693e-17,-3.28730098697605e-16,2.71309308536421e-17,-8.64522818134913e-18,-1.81058906292902e-17,3.77356411323555e-09,7.32476242447261e-17,-5.2716714233761e-17,7.52582006278284e-17,-3.17812778078055e-16,1.18404197676526e-16,2.72332730370966e-17,-7.44197952663739e-08,1.70571751613599e-17,2.09712144707427e-17,1.24662082074337e-06,3.48234127285962e-17,-3.0637825368048e-17,7.57766431279649e-17,-6.2051838807241e-18,4.62211398625106e-08,-1.10344408708659e-17,-3.41120322293775e-08,-2.37794516219323e-17,2.57164033757085e-16,1.92004009353829e-16,1.17944679223951e-16,5.86360086168687e-17,-1.14484331882553e-16,1.23216137546768e-09,-5.55179607334653e-18,-3.22767186535512e-17,6.94927948483102e-09,-1.53771717450853e-07,-6.53636561533267e-17,1.07693376926231e-07,1.57718291238978e-08,9.93672385241975e-17,6.75577627199205e-17,-1.38921376902087e-17,-1.40560194071839e-17,-4.51659700481681e-17,-2.64609781214887e-08,-1.96366415788285e-16,1.19567205910256e-16,1.74676354884848e-16,1.05905148886893e-08,-1.99159838316249e-16,-1.5889762941453e-16,1.70839773985298e-16,8.17004577606576e-17,-4.8232267299528e-09,-2.76346927210373e-17,1.45100299525629e-09,1.01041260534168e-17,9.1209255953661e-17,-2.0117978338492e-17,-1.31611814311646e-16,1.90685473771572e-16,3.417810583342e-17,-8.53651680759286e-17,-2.51568673192072e-08,1.94479161220588e-17,3.07874648352334e-16,1.05743490208885e-08,-8.8562212124475e-17,-2.61476998014433e-18,9.87446797511244e-18,-1.05051104078133e-16,5.14299442877216e-18,4.06583815885227e-18,-1.71768309180762e-06,4.21204613008362e-19,1.79462519591037e-16,2.28070565480249e-08,-1.46960425330089e-16,2.51612002529405e-18,3.92841675432504e-17,3.4619546529673e-17,5.26486262704137e-17,2.37715795190538e-17,7.83998812381856e-18,8.65776060313989e-18,8.00775888919829e-17,1.36556488515318e-16,-1.08319281187709e-16,-1.19550052589027e-08,3.96392752426194e-08,3.01436208091467e-16,5.94631600817954e-17,-6.44479245014696e-17,-2.18824115656068e-16,4.64038529823796e-17,1.53548926626067e-17,5.77118598962548e-17,6.08166605468354e-17,-3.43313191075818e-09,-9.75580526734147e-17,4.09025673670874e-17,6.652409618644e-18,9.87264372530093e-17,1.1094845669603e-07,-1.82947524108613e-16,-6.96498269282575e-10,-1.24901025166342e-17,2.18663732969864e-17,-4.50377528149079e-17,1.32612319305353e-16,-1.2300719948212e-16,1.20482973073438e-16,7.97790177722172e-17,-2.17922636955666e-16,-9.65877237705453e-17,4.94386718254223e-17,1.37066342432814e-16,7.77087913553583e-18,1.62814928257721e-17,4.69372126645043e-18,8.49648026245822e-17,1.15493595790247e-16,-6.16029018003411e-18,-1.98195719724534e-16,-2.20725134676166e-17,-8.6237844129688e-19,2.66713734431434e-17,-1.6352344693699e-18,2.19374286424087e-16,6.97225598266931e-17,-4.73232159557907e-18,3.30957886440148e-10,6.04970312293453e-17,-2.3713543425049e-17,-5.31208237989872e-18,2.61200852834728e-16,1.94298072761908e-16,-4.16651963933919e-17,3.94290583819162e-18,7.72463537233523e-17,-1.0531473123008e-16,-4.18102425070975e-17,-1.49619899803e-16,-1.04500877344137e-16,1.78452172360815e-17,3.42851380923609e-17,-4.76268930890024e-17,-3.08476763781401e-16,-2.90485654712833e-17,-4.25651138905408e-09,8.99023910555685e-17,-1.28662309764862e-17,-3.07405178519156e-17,-1.54255060154502e-17,3.11441959523713e-17,2.22577040024922e-18,-4.30651673703288e-17,3.80168099028088e-18,6.46245659078275e-17,9.01258238867704e-10,1.56713003839113e-16,-9.34676008169771e-18,2.93081857958181e-17,6.41702688623838e-17,1.34573246985894e-17,-2.68792238719045e-17,-2.12162292926266e-17,7.06110420458311e-18,-2.28626038388979e-17,-5.07782731861901e-17,6.23854147425291e-17,4.2735602363985e-17,-2.47792909437726e-17,4.54416073356729e-09,-1.47490907518176e-17,-4.94549460048529e-17,-9.78989766055393e-18,-2.45680212285215e-16,-3.44227676178166e-07,-1.77722904408319e-17,-4.41449357580731e-17,2.21153483608208e-17,5.65221838467446e-17,-3.6660298830382e-17,-6.43163549911322e-17,-8.60090842651142e-19,2.32607082567445e-17,1.99397216853767e-17,4.08964090793316e-17,1.60903221530594e-17,4.79035031870842e-17,-2.70828354126498e-16,-6.42534068110283e-17,1.21839402922386e-17,7.79902781944301e-17,-1.77531918834569e-16
"t320",-0.0050092685368674,0.0531815448661458,0.0685473990419457,0.0167358804670709,0.0346889751011608,-0.00581897881375139,0.00178866650571507,6.24235670993796e-05,0.000542455896363855,-0.00150910281890113,-0.000546310161370012,0.00669301752256627,-0.0231737966356379,-0.126424114273276,0.00336045609328025,-0.000434926992054269,-0.0253395246607679,-0.000230317004298467,6.46123105461508e-05,6.5644940677078e-05,-0.000289537268618752,9.03767495159628e-05,-0.000249440639278288,0.00042982905910164,-6.80596148959997e-05,0.000209680450633791,-0.000276806457555893,0.00241326143698318,-0.00175401538559927,0.00827362674649622,-3.31011681045111e-05,0.000507967365667292,0.000194917312168801,1.09057438443188e-05,-5.66566746574605e-06,-1.14014763015805e-05,-3.97307627841627e-05,4.01127559488633e-06,3.47951862465678e-05,1.19805338975377e-05,0.00890299445672723,4.20451923564439e-05,-1.30246769675539e-05,1.49926893193851e-05,-2.31661075605462e-05,-3.9206737577781e-07,6.25445495548488e-08,-5.13918499289078e-07,-1.63859681979806e-06,1.06694395740889e-05,-2.13885123988761e-05,0.00145025241129768,4.47859666980834e-09,9.73461652185176e-06,-9.38403715546062e-06,0.00010814950200185,-3.76826245330463e-05,0.137778611098805,0.0105895274914961,-7.52730741041574e-05,-5.07529821392896e-05,5.84168639793821e-05,-0.00157533713662164,0.00244149700899168,-7.04892677698808e-05,0.000228724204633097,-2.1265387983227e-05,0.00205047975351712,-0.219450781915375,-0.00106859251344461,8.32273953412558e-06,-2.39608541029905e-06,-2.87636837100631e-08,-1.4899915290267e-05,7.36886739140109e-06,1.19432180614316e-07,-0.000139851319705877,0.166935123942447,3.42469558603735e-05,2.45840338411684e-05,-8.28235905659752e-05,-3.24692365984915e-05,-2.33956743908708e-06,-1.75256049269824e-05,2.50663331749732e-06,7.99268115258839e-05,-1.30713568009693e-05,-2.09302324670784e-06,-4.67474834059924e-07,1.79151244004503e-05,-4.05664670828876e-06,1.30041675981338e-07,8.82504861713341e-06,-9.22460192191322e-05,-6.84451073950145e-07,-3.29724646779602e-05,-3.89572014914711e-06,4.06653851429107e-05,-0.00451148515913133,-1.73248931538371e-05,-6.78061647703815e-06,4.47428663200519e-07,-9.75424104050167e-06,6.53260214749799e-06,-2.96349794085527e-06,4.83200993280342e-06,-0.00017405824320883,6.06199859845157e-06,-2.84852989464828e-05,1.03762387713134e-06,0.000988115821613262,6.17199300394231e-05,-1.92487005596351e-05,2.47479292436922e-05,-9.86123481287026e-07,3.5972435537158e-05,-7.93740544823682e-05,0.000132661499059201,-0.000309557143045648,0.299005376308058,0.000731527411816328,-0.00643088903124016,0.000159029870488537,0.000431734626721409,-1.88490841423844e-05,0.000150904993300843,-1.5077167915328e-05,2.6575290752463e-05,-8.76372746382671e-05,-0.00112294902612055,-4.71566985756598e-06,-8.71796178136941e-05,1.13472219345775e-05,2.03393695038736e-05,-8.61880527862246e-07,-3.26034828215062e-05,2.29567545882694e-07,0.0150200586488844,2.68976320102719e-06,-6.50064296475126e-06,-3.13223549484651e-08,3.38573147081663e-06,-2.43096557616605e-06,-1.83414348816116e-07,-6.99787134077408e-08,6.49850875869589e-08,-0.00120015289901664,-8.79585931202575e-07,-5.88050153081566e-08,1.56915916254924e-07,3.36512634016703e-06,7.83447096809522e-07,2.36802072714302e-06,-6.90293986640342e-06,0.0930374194983835,-5.8734442847398e-07,4.80103245839433e-06,3.80667554685832e-08,1.24617089775536e-08,4.58611893698673e-09,1.01511843001208e-06,-0.000931829854671146,-1.9127499677345e-10,3.75265261014457e-10,4.99594666368325e-08,-9.75952005641482e-08,3.79473372430622e-07,6.69180586510905e-09,3.35472731032307e-07,1.11199587527339e-05,-8.75184639790511e-07,-1.56457580554192e-07,2.20247981340416e-08,5.989238876128e-08,1.64822667217197e-07,2.70076299011103e-08,1.53278771531777e-08,-7.85494920339768e-07,-1.47851138084416e-06,-1.35807970141643e-05,0.000265828940662985,-2.80552581759076e-06,-1.48199281508877e-05,3.86135590030648e-10,-2.24338050146036e-07,-5.72638713344304e-09,-9.75494150415178e-07,3.8272753658235e-07,1.7321354942027e-06,-2.3513073542805e-06,-6.106598259522e-08,1.24351326902504e-07,5.09443911326108e-07,9.43050330721664e-10,3.02539160323282e-06,-1.42066690796027e-07,-2.65718012165439e-07,-1.94549204252177e-07,1.65209123550636e-07,7.81915252783278e-08,7.8476319865313e-08,2.64836945886072e-05,-2.15580317855656e-09,-4.07302148202721e-07,-6.1719757424283e-07,-3.08428621793794e-06,4.06006482387372e-07,2.15338531477788e-06,-3.1431284321065e-06,-2.01777446847917e-08,-1.35730278560702e-05,4.41825606305188e-06,-1.20919603420484e-05,-1.53058479526965e-06,-1.23914285503623e-07,-8.17953479065151e-07,2.23245946396499e-07,0.000650188918753135,-2.6599516120596e-07,-1.49669141194337e-06,-0.000175112836077803,8.78760029924759e-06,2.09670365182486e-06,0.000221453630013529,-1.9191322511674e-06,-7.70168851368776e-07,-1.06991057371148e-05,-0.00338200094989116,-1.03239494707549e-06,-9.04116713873494e-07,2.76847343293971e-06,5.79710451019814e-07,3.27408096663753e-07,5.50060040052739e-07,-3.02196462213731e-08,-7.13306204967003e-08,-2.69869865951682e-06,-9.80051709072437e-17,-3.13687443586897e-07,4.50850384125547e-06,-2.34537054805735e-05,-2.56803247024198e-06,-3.04858379534207e-06,5.15295848555385e-07,-6.45744826999229e-07,3.39738528792606e-06,-5.5366710446394e-08,3.75094354198295e-09,-8.78373847125494e-07,9.36167532325333e-06,-7.52654720482114e-06,3.15460780895865e-05,-2.07122506969554e-06,1.49696279500761e-07,-1.13004895523593e-08,6.20641288940388e-07,-9.01764624395266e-07,1.47851595234841e-05,5.65795701817488e-06,-1.86624051310277e-06,0.268354222722844,2.77663116836861e-05,-0.0024852835901624,3.47448581458963e-05,-2.10341319203768e-06,6.9008724867776e-07,-6.51324594647604e-08,-3.13118635810373e-05,9.70183170658592e-06,-4.32601452627054e-07,-0.000594950550582026,3.32983669122866e-07,-3.96876259202477e-06,1.25398932015755e-05,-0.0468689128084845,-3.4942874289236e-05,5.57423468488738e-06,-1.77081738947707e-07,2.36639812785064e-07,3.95637053016134e-09,-5.20160457166636e-08,-4.07380184913844e-16,3.13394976196698e-07,1.12442211064642e-08,1.64422730365595e-11,1.6111228910319e-07,-2.08642601648593e-08,1.29200590082213e-08,4.25342456968357e-08,-4.32608614044021e-09,1.81551481572726e-07,-6.29064785551124e-07,-2.18774780616234e-08,4.4640485348413e-07,-2.05973937527252e-07,2.43532977062545e-07,-7.17331824020427e-07,7.88053259378444e-08,-1.09940038763284e-07,-3.85844720558783e-09,-2.92379879707832e-09,-9.76130778180501e-08,2.36107085777031e-07,-8.46202852859306e-10,1.5338644236744e-08,-1.99788333363012e-07,3.19785816532081e-07,6.84191548038122e-09,6.80038614619251e-09,4.60521914976402e-08,-1.62636582608739e-08,-1.32031384954391e-08,2.6775940440633e-08,-0.000442584758299971,-3.56163366267232e-09,-3.72178728946144e-09,-1.65579701469798e-08,5.78609526326424e-17,2.0287539404344e-10,1.38945559421369e-07,-1.71253382091549e-08,8.95999956440701e-08,1.15839319507458e-08,2.71136387791885e-08,9.56926885656938e-08,-0.00037338847074157,-3.99504285613801e-08,6.45644623705846e-17,-8.30635548834758e-08,-8.08750820673976e-10,-3.30132101351893e-09,1.58182506987203e-08,2.90994075784218e-08,-2.07924336814973e-09,-8.47822090287449e-08,2.34374642788617e-08,-1.18281471144181e-07,1.64298710874042e-07,-2.58162029622231e-08,-6.27026611466892e-08,-7.81063332801348e-08,-4.77707032459952e-10,-6.38105440735008e-08,3.85721979067444e-08,-7.02389820222641e-08,-3.69160548518472e-16,-2.13570904908544e-07,1.68915702527736e-08,4.86840978870977e-10,4.35148049965235e-09,-1.42860778041162e-07,-3.02957024291898e-07,1.54741706380265e-07,-5.62691004035897e-07,-2.77853523907984e-08,-8.98751983500941e-17,-5.10663574634789e-08,-2.0142893498615e-08,-6.48879859345489e-08,2.57247792535283e-16,1.23434927777405e-07,1.78740905336933e-07,-2.73435809695145e-08,-1.02714035721187e-07,-3.51261146349647e-08,-2.02292891889799e-08,-1.66048402355051e-05,1.67447602376216e-08,1.34979221489805e-07,7.60573651099439e-09,3.77708115303489e-08,5.45231275435274e-08,-4.06958783993472e-16,-2.18233348095425e-08,7.16551810161995e-08,3.50283091708975e-07,-4.6845203544171e-08,4.87276880532273e-17,-1.19351925686402e-06,8.39615085508442e-09,-2.03157776428235e-08,-1.36338400729882e-08,-4.5739624265077e-08,4.86424799629592e-08,-1.65019163980927e-05,8.48211531276417e-08,-2.2949339313183e-16,3.03589182119181e-07,-5.80090015120382e-08,1.61728832151636e-07,4.53585474283362e-07,-0.000100643801985106,-2.34161468887366e-10,1.17961196366423e-16,2.68264906220593e-16,-2.36030850871221e-10,-2.98693600837006e-08,3.93296457289255e-09,-3.93217120732234e-08,2.13178766994341e-16,-1.81989636023548e-08,-2.12233961191363e-10,2.93044938535274e-17,-2.1656696533274e-16,1.39109493475456e-15,4.32123248180761e-08,3.28721270334842e-06,-1.34046228152907e-07,1.02736428655012e-07,5.10866486957069e-08,2.36361442535251e-06,-4.38031191238914e-08,-5.05213024888184e-12,-9.16047970883724e-09,2.51846558238709e-08,1.31047377120588e-16,1.0402899898395e-15,-1.43749279995004e-08,-7.54357887576056e-12,-7.97848664206819e-09,4.22432882193414e-08,7.25221401084853e-09,-2.68879145153009e-09,6.01508420111873e-17,-8.92414021671431e-09,-2.30210653103154e-16,-2.92359441603332e-08,8.85359494051663e-16,-7.40849432918985e-09,2.22879632761694e-16,2.91929746369162e-08,7.6211081737037e-09,2.79440803941765e-09,3.56290240100078e-08,1.74220085306108e-08,-1.88436102551851e-09,1.1301451051182e-08,8.75644329300995e-08,1.63994114924498e-08,1.43586312264151e-09,2.91232245853369e-09,-6.94580764870993e-09,-1.00407168797243e-08,-6.92279429864254e-10,-2.16982935250683e-09,1.47527924422667e-16,1.40459683100664e-08,-1.34184799267781e-09,-1.00649310311702e-09,-3.8300596252961e-16,-2.69018029399913e-10,-1.1280598583322e-08,-1.05990260670428e-06,1.77247929340319e-16,1.18429504304948e-08,8.06689111932453e-09,-7.92902208741886e-17,3.05968983157037e-07,-4.30550278615969e-08,8.83601750166618e-16,6.03772666612351e-16,1.84382812662017e-09,1.00306453676728e-08,6.07279552477302e-11,9.0244345177806e-08,-2.77380375856664e-08,-8.25839529900217e-09,-8.09256249574285e-09,-8.92251913765158e-08,2.29219137798951e-07,1.75835908333699e-15,-4.96609474840746e-10,-3.44645177413422e-10,-9.79294330791424e-10,-9.4885518054802e-08,-7.9894672897367e-16,2.69535923896693e-16,-3.27110231602126e-08,-2.51737160561509e-17,-2.46493435274825e-16,-2.06356137663341e-07,7.20991161186844e-06,4.8166290232766e-08,3.59967637885516e-09,-1.89327629342787e-06,-1.08744932161784e-05,-1.22884993054211e-08,-1.65643820291702e-16,-3.54276389679454e-08,-1.7273062717773e-09,-8.03944744294709e-09,8.68377659360246e-08,-3.90657972110445e-07,-2.57331553212804e-16,-4.51420736855431e-16,-1.53997817121942e-16,4.14697358376946e-08,2.16931055810684e-08,1.271907063029e-07,-4.37829343286719e-16,1.82477990117416e-08,1.31897230034526e-15,-5.43281251943614e-16,-8.9482524225293e-06,9.721493649085e-08,2.88527882141842e-15,2.75627027508459e-07,1.52799955651103e-07,-3.13259181579736e-16,-4.03834052279522e-07,1.984949563525e-15,-1.77017150660683e-07,2.81880277804316e-16,-1.81515616531561e-07,-4.05636212785392e-05,-5.75026781830631e-08,-5.58931952953877e-08,-4.08633611667263e-07,2.6350054436043e-07,-1.16369942707349e-06,-4.1983567376428e-15,-2.38990005818977e-05,1.71702821568183e-06,2.61050375453334e-14,3.52842855377569e-07,0.839474737735193,1.89805789587499e-06,1.02740148593754e-15,3.25785642636652e-05,1.65426848295808e-06,-4.67268582755686e-15,-3.54702241039237e-06,-7.3395357939704e-07,-3.09659070028772e-08,2.27226929912687e-15,-4.87630509108621e-16,8.83040187709096e-06,1.06235287251978e-07,8.41383059061141e-09,-9.55186667618409e-08,4.16698417330568e-08,-1.40613338391451e-15,1.35736642039784e-15,1.47896962816099e-07,1.01589408317713e-09,2.61493644292945e-15,3.40609003115172e-07,-3.71507440458782e-16,1.69262139144671e-07,-5.94666549091146e-08,-3.46246682604453e-08,-2.2646437400487e-07,-2.52585398968277e-16,2.15977940676135e-16,7.78285082702797e-16,1.68591200939575e-16,-1.63146203310513e-08,-5.61343884190492e-08,-2.54280019883488e-16,1.82212399402615e-15,4.46128041018843e-16,7.68090601423535e-08,6.8216510865563e-10,-3.64252677149308e-08,-8.31753773847225e-17,9.85485564680699e-16,1.76085274833371e-15,-3.22359790092388e-05,4.22031903611472e-08,9.02330353074828e-16,7.35943578784653e-09,-1.90290043307129e-07,-4.0704656931416e-16,-7.77785194456016e-16,-1.27997443707859e-07,-2.96735902923316e-08,-6.23319512766475e-08,-3.33666591657949e-16,0.000150074447443874,9.81601713723637e-08,1.03577776628685e-07,-9.23071903221044e-08,-2.470317816544e-07,3.97779208057442e-09,1.18612405624227e-16,8.0311777350457e-16,4.31909822466854e-16,7.1454833708498e-08,-6.46441240515689e-08,-2.42038048123182e-08,-4.00059347425218e-05,-3.13623537856552e-16,6.44815250733308e-16,-3.55475515382905e-16,-1.77626803523985e-17,-2.69819318297292e-16,8.53801396322955e-08,-3.14381747148349e-16,4.69856276437647e-16,-1.36674537922904e-08,2.60811276747072e-16,-1.22274678435333e-08,1.1756694030844e-16,-1.51442648613944e-08,3.52945405209661e-16,-1.80034392388564e-08,-2.24355346140159e-09,-2.0335631454169e-07,2.39577305112196e-13,7.10119001627228e-08,1.33482505774882e-17,9.91438152685587e-08,-1.70957719697794e-07,2.02623181212754e-06,1.48367709863782e-16,1.36831065208769e-07,-7.09381352933167e-16,-3.32974632211121e-08,-4.23268872359762e-06,-1.38175626469005e-16,-2.99187565393173e-17,-4.69618792483313e-17,-1.23587376783593e-16,-6.23576500064834e-10,-8.10103131564908e-09,-1.80399363053327e-09,1.10241014793385e-16,5.91850019640274e-17,-1.88308312807673e-08,1.53522594686407e-07,-4.2412719146656e-16,2.66326007724154e-16,-7.99531713000263e-09,8.01967096264534e-17,-5.64981735860685e-08,1.63283223389254e-16,1.19170487457578e-05,1.82816308304029e-18,1.09373233569448e-16,-1.18448688840658e-16,1.80098049971999e-16,-7.04879835196421e-17,-3.62689931061937e-16,9.97787490233234e-09,-6.9766851818296e-08,1.44260417818876e-16,-1.17129848285353e-06,1.74801949176451e-07,-1.4160569607279e-17,-3.45766367856943e-17,-8.08992498414473e-17,1.64439693466728e-16,1.70723812321134e-08,2.72457473114161e-09,4.36203285459536e-17,-7.63605254794724e-17,-3.08942697664613e-08,-2.7974415226277e-06,-1.66398502677499e-09,8.14968668792007e-17,7.10549431343117e-17,-8.0159071346548e-17,-1.19023693767642e-16,6.71755300603992e-16,1.28046151885042e-16,6.39211550213938e-08,-6.03718357875639e-08,-1.15922334235027e-08,1.20546443798069e-16,9.16021928443585e-17,4.79625129062008e-16,-1.52960534394835e-16,2.24890643958834e-16,-2.75585996142272e-16,2.54308381476164e-16,-1.25403579370572e-16,1.06747060176094e-16,-6.7307403384697e-17,-4.58318698208964e-17,5.96772091943823e-16,4.93652009413146e-17,3.49316218047401e-16,6.22090955882598e-09,1.4732848003225e-16,2.81279773727745e-16,1.31220021837735e-17,8.7845951779014e-08,-1.05751032569945e-09,1.324494993621e-16,-2.26534728454091e-09,8.00767758502633e-08,-1.00125577495427e-16,-3.83862112614763e-16,-0.00011329221146034,4.33605932448729e-16,1.94127674282141e-09,-6.63193320355432e-17,3.86256581927519e-17,-6.67089627198932e-17,-1.9143439196698e-16,1.92814039353424e-09,-5.16610461958186e-05,2.15335083511058e-16,1.2236213699167e-16,4.63606895670993e-17,-5.73670374118508e-17,3.51715184754298e-16,3.43004223520327e-17,1.93043640245573e-17,-8.196629493188e-17,3.03822205331577e-09,3.19633411637875e-16,1.78633731551651e-16,3.98760125119254e-17,2.88593250076863e-16,-2.32386545315555e-16,-1.03109915178897e-17,-5.96469339642296e-08,1.40800960962451e-17,7.99886720035665e-17,9.98340411438338e-07,3.3359775435339e-16,-1.04300179845536e-16,4.85444163996958e-16,1.68474863176198e-16,3.66750195571127e-08,5.44159177087694e-17,-2.70238796591226e-08,1.21554723204933e-16,-1.70027977120648e-17,-3.20738872726666e-16,-2.97757491948304e-17,-1.53780866870497e-17,1.12414781267182e-16,9.73032187743881e-10,4.55183597246098e-16,-2.16700922705667e-17,5.47474640841276e-09,-1.21129238034429e-07,-4.39502932753049e-17,8.46616305323185e-08,1.2391054659741e-08,1.24729944514294e-16,-3.72288316567996e-17,-1.90579144399003e-16,1.62718418217236e-16,-7.94986144971481e-17,-2.06053339097088e-08,-4.23106329681396e-16,9.15845509072897e-17,-1.01682647032053e-16,8.22898337412223e-09,-1.10195474713493e-16,-1.42533348065907e-16,1.48113728728035e-16,-1.59620824499475e-17,-3.73719701150521e-09,-2.85325217197457e-17,1.12332675660724e-09,4.35890919844165e-17,9.39026805868573e-17,-1.31452342463249e-16,-1.13451242618427e-16,4.54482016189045e-17,1.17086645029241e-16,6.29839878873633e-17,-1.93902083871484e-08,-2.13621469189027e-17,3.54160165192618e-17,8.14175138929159e-09,-4.23081254365584e-17,2.98647321369367e-16,1.77070168046656e-17,2.71222797324012e-15,-5.79743853198536e-17,1.55900882886822e-16,-1.31822110541871e-06,-1.93571767302566e-16,-1.66041340081887e-16,1.74780911313458e-08,1.01368352320553e-16,-3.12349402648199e-17,-1.68250138082718e-16,1.3916212667255e-16,7.9461469999495e-17,-1.94765731065951e-16,1.80736591177102e-17,-6.30965819790286e-17,-1.97413630236988e-16,-1.17239388866076e-16,7.25296349930189e-17,-9.11512161600515e-09,3.02051345543929e-08,1.30165124595969e-16,3.41427955283436e-17,-1.20373263002762e-16,1.10529320074268e-16,9.43255890062389e-17,-3.42629755586615e-17,1.5532211296358e-16,3.92911431695937e-17,-2.60812301830477e-09,1.45568236448676e-16,-2.27268165010637e-16,-5.11009200774945e-17,8.79045212357895e-17,8.40764931011542e-08,-9.30190009557217e-17,-5.26366788867243e-10,8.7508204008774e-17,-3.27715034664963e-17,3.07477363576371e-17,3.0230050000463e-17,7.25295242272494e-17,-2.38631761120986e-17,-4.11466400023102e-17,-1.69509617193949e-16,-6.74116514126078e-17,-7.16376342863154e-17,-1.26070622699477e-16,3.79547353847048e-17,7.55663376568541e-17,4.82886345617237e-17,-2.4018935943384e-16,-5.09110763915314e-18,1.20583293580264e-17,3.15964212844339e-18,-1.03613708756726e-16,2.2852422403388e-17,2.30284541435921e-16,-2.57245654090589e-17,5.07652826086481e-16,-4.64894285170813e-17,1.32677903584152e-16,2.4780068143243e-10,-2.78747496922985e-18,-1.1187932041229e-16,-3.8795694717799e-17,-1.08844897819445e-16,8.76912682527997e-17,6.65590752003669e-17,1.736377600474e-16,-1.04315193291873e-16,-1.37083749867131e-16,1.41440675582179e-17,-2.07516295813726e-16,1.61844402385266e-17,6.03362591448717e-17,-7.11838086580367e-17,-1.30888529535555e-16,5.30539716998412e-17,-1.38599364101533e-16,-3.16903360274203e-09,5.83210579564247e-17,-2.9836373931748e-17,5.02127527629532e-17,1.99726641284753e-16,-2.81787742049343e-17,-3.84612338314165e-17,-2.43543535542479e-17,1.15919449584105e-16,-1.27763796050916e-16,6.67419141000105e-10,1.51249379549993e-16,-2.63300531178882e-17,-6.2126957214636e-17,-5.46455185760254e-17,-8.15172058081305e-17,-2.64556654222015e-17,-7.53006902945624e-17,-1.32410371216075e-18,-1.42558982132521e-16,1.78432065824107e-17,-8.26622223309519e-17,-9.49454828849168e-17,4.9586155582214e-17,3.34863420621939e-09,-1.23223511286244e-17,1.3106008618199e-16,-1.97987202295612e-16,-1.80194401067091e-16,-2.53121229786948e-07,1.11810169232054e-16,6.56514577131916e-17,6.10807075673659e-18,-6.91122589730706e-17,-2.15987310159297e-17,3.64100735415719e-17,-6.83954531339471e-17,5.50787355484961e-18,-4.79172004436538e-17,-2.12546385752169e-17,7.13832554706155e-17,7.84959951528278e-17,1.14843275349725e-16,1.66011101329419e-17,-6.91748974379468e-17,3.66017756566713e-17,-2.15854194486515e-16
"t673",-0.00501088672175777,0.0532177392416367,0.0685955591440798,0.0167516362722981,0.0347289525688344,-0.00582684507075282,0.00179113188908424,6.25164410371783e-05,0.000543408813095775,-0.00151231602002794,-0.000547784968334965,0.0067152634138133,-0.0232530639239343,-0.126863073625785,0.0033726303756792,-0.000436595208821006,-0.0254390277113232,-0.000231237721697431,6.48765565317805e-05,6.59364830039276e-05,-0.00029092757233537,9.08999611106853e-05,-0.000250965132065418,0.000432470929249515,-6.84795675757067e-05,0.00021103553969049,-0.000278616376831432,0.00242918143004105,-0.00176589476660098,0.00833972106307949,-3.33830156456342e-05,0.000512487785471361,0.000196776073525778,1.10146315920237e-05,-5.72509848645602e-06,-1.15305362818667e-05,-4.01861467355667e-05,4.05797518014029e-06,3.52030015435031e-05,1.21230197051092e-05,0.00901189035910315,4.25717964970238e-05,-1.31902137677996e-05,1.51834684758657e-05,-2.34659806707307e-05,-3.97462876932519e-07,6.3421028764622e-08,-5.21181497370136e-07,-1.6623021341417e-06,1.08276728909655e-05,-2.17161517048871e-05,0.00147279972843195,4.54837642082706e-09,9.8890745068303e-06,-9.53822435260385e-06,0.000109935752005516,-3.8363698140779e-05,0.140328099466982,0.0107860230551588,-7.67499260669162e-05,-5.17899708995585e-05,5.96340664601552e-05,-0.00160867972092408,0.00249337469708734,-7.20305306292345e-05,0.000233852642535274,-2.17684751516563e-05,0.00210013431139697,-0.224821883409116,-0.00109524694451195,8.55105471224681e-06,-2.46640264338089e-06,-2.96163206011365e-08,-1.53507188262915e-05,7.59238268955636e-06,1.23086558855476e-07,-0.000144145276347445,0.172147518670599,3.53567423192747e-05,2.53924656597455e-05,-8.56151380951178e-05,-3.35693888895904e-05,-2.42189441395992e-06,-1.81492364318987e-05,2.6000897699142e-06,8.29440022131823e-05,-1.35709592952184e-05,-2.17318116058213e-06,-4.85387371811575e-07,1.86024895276905e-05,-4.21302217489694e-06,1.35276388927436e-07,9.18167864645489e-06,-9.60715035219572e-05,-7.14089474344988e-07,-3.44093866813981e-05,-4.06554392615829e-06,4.24667374215821e-05,-0.00471251242929964,-1.81140524904439e-05,-7.09497180953276e-06,4.68204141795888e-07,-1.02079531074567e-05,6.86048527972319e-06,-3.11306381663855e-06,5.07692438279491e-06,-0.000182947615224639,6.37224529741874e-06,-2.99485840311224e-05,1.09122657471683e-06,0.00103925415525856,6.49487484990197e-05,-2.02569671176559e-05,2.60808214779977e-05,-1.03954631891545e-06,3.79461490511918e-05,-8.3753802464619e-05,0.000140095149015191,-0.000327158543771258,0.316193369167601,0.000773837991851601,-0.00681073509638071,0.000168549617387872,0.00045759201807249,-1.99801502216137e-05,0.000160083895583555,-1.59952755891743e-05,2.82123326767206e-05,-9.32132667035127e-05,-0.00119442300361922,-5.01659363132011e-06,-9.28618599653244e-05,1.20898591386048e-05,2.16744630515376e-05,-9.19141699020494e-07,-3.47731831096326e-05,2.45232696167716e-07,0.0160655071264489,2.88201457626544e-06,-6.96562234711043e-06,-3.35728542602077e-08,3.62955009570395e-06,-2.60666960987055e-06,-1.96689574261018e-07,-7.5043750924831e-08,6.97357089345552e-08,-0.00128962307683743,-9.4645616485399e-07,-6.32973363514552e-08,1.69031074848923e-07,3.62515924296706e-06,8.44230091819618e-07,2.55217529069075e-06,-7.44120286388794e-06,0.100470713226388,-6.34451612517791e-07,5.18714102182189e-06,4.13180959047735e-08,1.35413333562286e-08,4.98430215306113e-09,1.10431168717226e-06,-0.00101390431153958,-2.08378716023214e-10,4.08883143438425e-10,5.45007780213858e-08,-1.06591094207936e-07,4.15864019040015e-07,7.33441857684428e-09,3.67699488854496e-07,1.21938709700925e-05,-9.60230659583757e-07,-1.71674869410207e-07,2.41931806474414e-08,6.58113399747411e-08,1.81245125049666e-07,2.97039821317804e-08,1.68597298138261e-08,-8.65485442507767e-07,-1.63198764044119e-06,-1.49951710717823e-05,0.000293600142526784,-3.1013211281795e-06,-1.63879494655784e-05,4.27131407844392e-10,-2.48233121205856e-07,-6.34295853661518e-09,-1.08080841988592e-06,4.25003142009314e-07,1.92360888802049e-06,-2.61320294140439e-06,-6.80098650862353e-08,1.38733565302337e-07,5.68709227259948e-07,1.05370939835201e-09,3.38267877159852e-06,-1.59164754790388e-07,-2.97828347375404e-07,-2.18262042546059e-07,1.85432235579042e-07,8.80802658275186e-08,8.84161625589293e-08,2.98840695433465e-05,-2.43629245616224e-09,-4.61985407807619e-07,-7.00072679514136e-07,-3.49962123873053e-06,4.61159295373161e-07,2.44767610673054e-06,-3.57956987250011e-06,-2.3034654051597e-08,-1.55248172628885e-05,5.05662694226936e-06,-1.38766785953609e-05,-1.75915402193062e-06,-1.42424670246342e-07,-9.41252882488538e-07,2.576743701316e-07,0.000750896107210788,-3.0815388095495e-07,-1.73767404991218e-06,-0.000203460929352761,1.02420579296839e-05,2.44555660541314e-06,0.00025851089225231,-2.24589297967533e-06,-9.01759360903125e-07,-1.25287083863241e-05,-0.00397129225784899,-1.21432814359653e-06,-1.06544902945884e-06,3.26528402103148e-06,6.84350000935483e-07,3.86829392733446e-07,6.5004446474931e-07,-3.57912010117842e-08,-8.45980172573887e-08,-3.20544488215938e-06,-5.74235882285602e-17,-3.73394231377664e-07,5.36896734040174e-06,-2.80139274258742e-05,-3.07450189905111e-06,-3.65687844525281e-06,6.18186424005604e-07,-7.77483677377579e-07,4.09298402792949e-06,-6.67215515056301e-08,4.52629916583436e-09,-1.06091105186597e-06,1.13260983137836e-05,-9.11267732485575e-06,3.82057913750679e-05,-2.5127201995131e-06,1.82908053452879e-07,-1.38430854370632e-08,7.61921478402512e-07,-1.11227379270349e-06,1.82427938627931e-05,7.00444079161848e-06,-2.31472189120396e-06,0.333743567720985,3.45621367514807e-05,-0.00309638742614105,4.33433103012162e-05,-2.62892015312794e-06,8.62682071146523e-07,-8.18183213804271e-08,-3.933784952845e-05,1.21901776850945e-05,-5.44278443736793e-07,-0.0007489094531614,4.19815411077324e-07,-5.00516813299893e-06,1.59685345498516e-05,-0.0597484375998916,-4.45835114930792e-05,7.12627977528936e-06,-2.26748532054729e-07,3.0411282039003e-07,5.08985289683698e-09,-6.69748279852672e-08,-4.53614482468358e-16,4.04698101906586e-07,1.45256584791903e-08,2.12673973896666e-11,2.09017059042823e-07,-2.71382352186761e-08,1.6825972348423e-08,5.54269247472722e-08,-5.68266595526784e-09,2.38607198603377e-07,-8.26876064826199e-07,-2.88257736511279e-08,5.922436577624e-07,-2.73594225585107e-07,3.23755533016808e-07,-9.56288755489638e-07,1.06201176111437e-07,-1.48849382394008e-07,-5.22543211554481e-09,-3.9599745623691e-09,-1.33772798923226e-07,3.28172864209878e-07,-1.17833557561075e-09,2.14171302661655e-08,-2.79890882484097e-07,4.48460376518116e-07,9.67878689843224e-09,9.62642711972335e-09,6.52697577041689e-08,-2.30697836479142e-08,-1.87803282713946e-08,3.82040731295093e-08,-0.000633301292386416,-5.10283589004402e-09,-5.34378134363424e-09,-2.38844407087211e-08,-8.56210131355793e-17,3.01392947296623e-10,2.0705130201029e-07,-2.56377543283656e-08,1.34155526306314e-07,1.73468124710774e-08,4.06487540090037e-08,1.43772789821763e-07,-0.000562446480286282,-6.04980984550275e-08,-7.16273467858523e-17,-1.27355052845929e-07,-1.24193995032673e-09,-5.08672668110405e-09,2.43828564591989e-08,4.52362100821951e-08,-3.24762696759513e-09,-1.33325368274356e-07,3.70315858581483e-08,-1.88839740035803e-07,2.64883942272174e-07,-4.18862892355039e-08,-1.0210243730101e-07,-1.27473097049071e-07,-7.82802593145976e-10,-1.04611050467213e-07,6.34185413695199e-08,-1.15744792909072e-07,8.74677030347406e-17,-3.58051731793695e-07,2.84223860315402e-08,8.19206387096262e-10,7.39981175975804e-09,-2.43330912573147e-07,-5.26532717083105e-07,2.7052980279429e-07,-9.84889425047642e-07,-4.88511675580846e-08,2.36981800485051e-16,-9.02467332195991e-08,-3.56662779061923e-08,-1.15735459549164e-07,-1.50807445780092e-16,2.21932274418714e-07,3.21984798685065e-07,-4.93057737941493e-08,-1.85594589795321e-07,-6.36900174008152e-08,-3.67755896322577e-08,-3.02487958351901e-05,3.06918739247782e-08,2.47588436087884e-07,1.40108154125122e-08,7.01111010325582e-08,1.01246835005624e-07,1.37151053506901e-16,-4.11484979418527e-08,1.35473264530771e-07,6.6624075608256e-07,-8.99265785829438e-08,-2.94850126468401e-17,-2.33850704878039e-06,1.68493749651451e-08,-4.1225046613434e-08,-2.78116660866397e-08,-9.38996849538709e-08,1.01063772373265e-07,-3.49785082575993e-05,1.89491721285704e-07,3.65191051917067e-17,7.13311723671833e-07,-1.36925136693463e-07,3.85466535730609e-07,1.09599533528862e-06,-0.000243443741783669,-5.68636255015935e-10,-3.46944695195361e-17,-1.50188820740297e-16,-5.86583997717351e-10,-7.57918496402084e-08,1.00060451087065e-08,-1.019916853259e-07,3.27004274016925e-16,-4.93466107020651e-08,-5.87514558367866e-10,-1.21351123216217e-16,1.60316953842535e-16,-3.79384558376492e-16,1.28201754254113e-07,9.84414974696864e-06,-4.15022118911838e-07,3.27619368456452e-07,1.63489961857561e-07,7.8186548898433e-06,-1.45466110734136e-07,-1.77681475996822e-11,-3.27089558181192e-08,9.24214718737539e-08,2.58143282864791e-19,-3.18842630431592e-16,-5.93705005160571e-08,-3.21551756357476e-11,-3.55478175569397e-08,1.94177514931626e-07,3.55204014548932e-08,-1.33116326046401e-08,8.93618491749221e-17,-4.48461301003218e-08,-4.14039862311513e-17,-1.53620664846692e-07,-8.88503680351871e-16,-4.02949759308781e-08,-1.32739490712061e-16,1.66275996679162e-07,4.3828821727982e-08,1.84772737230733e-08,2.43492767444615e-07,1.20764167250756e-07,-1.39335212395886e-08,8.87631595491406e-08,8.06084674797303e-07,1.51200246237377e-07,1.3991171987505e-08,3.17144341923793e-08,-9.0032497069099e-08,-1.55451387855466e-07,-1.26864140809744e-08,-4.37541797243091e-08,-8.65872921894159e-17,4.13354386187658e-07,-7.19009702530683e-08,3.8201568310382e-08,3.01977868125523e-16,6.75031183424733e-09,1.85965472612009e-07,1.52062796491458e-05,-1.46490340272795e-16,-1.59192929710801e-07,-8.64851507207484e-08,1.67658930315351e-16,-2.97837252971135e-06,2.65804203209623e-07,-5.55857074359319e-16,-9.80113535146915e-17,-9.89401253777495e-09,-5.31899972394114e-08,-3.05045699740107e-10,-4.26545779646768e-07,1.15319937517067e-07,3.3973821061812e-08,3.2803011914778e-08,3.10711339366867e-07,-7.12611178503681e-07,9.19403442267708e-17,1.48210933112698e-09,1.02148888718194e-09,2.83356278194082e-09,2.66842467321031e-07,3.9417424914564e-16,-1.50728150698251e-16,8.85403896857763e-08,1.01932996888663e-16,1.28820780404798e-16,4.46667774163558e-07,-1.50518935979992e-05,-1.004795024577e-07,-6.95289881020539e-09,3.61973014657708e-06,2.07454965776921e-05,2.31161922261814e-08,7.07780199317403e-17,5.76674150634297e-08,2.72873624010179e-09,1.25763644841308e-08,-1.29417773420054e-07,5.33812242306282e-07,5.99713830490216e-17,1.82785639014413e-16,3.41366899301318e-16,-5.01565876081574e-08,-2.49093092060877e-08,-1.45474276897987e-07,-2.13145116644091e-16,-1.98579084293113e-08,-1.00284914308729e-15,3.75393698106161e-16,7.8420999537539e-06,-8.49671804995577e-08,-1.19565815581701e-15,-2.28469327483664e-07,-1.22801704371195e-07,4.53589046340031e-16,3.04596403877307e-07,-1.15529089063542e-15,1.23621963014831e-07,-1.77276047430116e-16,1.25884703637658e-07,2.79803101397284e-05,3.94233996195941e-08,3.79952516207624e-08,2.72502770648616e-07,-1.63396647430251e-07,6.50683089353988e-07,1.91504787036717e-15,1.16994993022813e-05,-8.28438042560216e-07,-1.18587355210698e-14,-1.66963555423486e-07,-0.383285533527782,-8.38796634038933e-07,-4.04846225205354e-16,-1.28402956189858e-05,-6.36973147434004e-07,2.13940662625812e-15,1.32359222269506e-06,2.69630014547359e-07,1.07233224265774e-08,-1.08686979752512e-15,1.85894280178036e-16,-2.63996075774727e-06,-2.97240119625057e-08,-2.32166254787897e-09,1.90148926921781e-08,-7.81042391537528e-09,3.81162837218761e-16,-9.23319840620839e-16,-2.65535051931573e-08,-1.81385415524745e-10,-1.0356810457761e-15,-5.6367049012173e-08,1.94939359433714e-16,-2.59216137025799e-08,8.12526674596116e-09,4.69097687970493e-09,2.96588974952026e-08,-8.58278089062794e-17,-1.42019229430653e-16,-2.87452463713341e-17,-9.00959136398636e-17,1.49923874374383e-09,4.98519980373414e-09,1.77950683941389e-16,-8.98412083446063e-16,-5.43170844646426e-16,-5.97479586567226e-09,-4.98555183085618e-11,2.20380618498951e-09,6.88022201609017e-17,-4.6485168145316e-16,-5.56304134702312e-16,6.39817671301526e-07,-7.8088756794633e-10,-2.75389517685491e-16,-2.57669381328706e-11,-4.62436010564309e-10,2.99105690771255e-16,4.0582741188533e-17,-2.06749328998519e-09,-5.11486393029544e-10,-1.56559247302914e-09,3.74263130110703e-16,5.70619934291434e-06,4.41680362689162e-09,5.65071560000238e-09,-6.2139319003079e-09,-1.74618311981317e-08,3.06023721928367e-10,-1.48309485872495e-16,-3.20538206049449e-16,-5.00350422357168e-16,7.93339586849239e-09,-7.20979809403639e-09,-2.80031844729778e-09,-5.44840672983634e-06,1.69001598744935e-17,-3.34425344774612e-16,1.17418685359998e-16,6.09224970042205e-17,-2.96216348015937e-17,1.3379108635203e-08,-1.5565080234429e-16,-7.72915428973698e-17,-2.24810124998723e-09,-3.97812526986906e-17,-2.01627630758694e-09,1.34660322780811e-16,-2.50773042953259e-09,-1.69679276112727e-16,-3.21820539183071e-09,-4.07950508470056e-10,-3.79248735486623e-08,4.44113571254487e-14,1.36461782277091e-08,-7.70710530208857e-18,2.02597803302874e-08,-3.75612503378412e-08,4.46512983945844e-07,-8.06259623973968e-16,3.09810031790576e-08,4.31929725234262e-17,-7.85214953945555e-09,-1.00007424640978e-06,-6.08078660480771e-17,-5.31146942032456e-17,2.8780640535145e-16,-3.11972895022219e-18,-1.52068389444321e-10,-1.99161026208043e-09,-4.47638710013036e-10,3.26079967461195e-16,-4.00291277157895e-16,-4.8757270384656e-09,3.98230090960586e-08,6.43143803010024e-16,-4.00155928329703e-16,-2.1780875574048e-09,-7.66626901295357e-16,-1.55451985822079e-08,2.4940426594087e-16,3.37167085444186e-06,-5.10994514614843e-16,1.84116107963599e-16,6.68468442646084e-17,1.08858343877447e-16,-1.20185025801638e-16,8.57475018747448e-17,2.97590411474582e-09,-2.08216831482001e-08,-2.94478840502133e-17,-3.55659213427907e-07,5.34540114341013e-08,2.92769790006435e-16,4.06510394442445e-16,3.31675535601793e-17,-2.27969512961693e-16,5.37659126122505e-09,8.63763382329439e-10,4.30219169637312e-16,-6.0094601574491e-16,-9.86607672037335e-09,-8.94204877398943e-07,-5.33583367066048e-10,2.02700738312996e-16,-4.26628068366998e-17,-3.01960866134124e-17,-4.13459629689592e-17,1.45787191233009e-16,4.97852264844845e-16,2.15262542315451e-08,-2.04196836376139e-08,-3.93771025430659e-09,2.18706141697321e-16,-1.94968837101521e-16,-2.13040882809087e-16,5.79295072694871e-16,5.50784711437582e-16,3.7526896020033e-16,5.37486914365577e-17,-2.22985205377515e-16,2.6415813846175e-16,2.52890526960052e-16,1.97160819844331e-17,-1.1675233661027e-15,3.07237849013408e-17,2.49740778458297e-16,2.26012736299259e-09,-1.35951230411058e-16,5.55243899667146e-16,-4.1061476412041e-16,3.21805370832859e-08,-3.88129571836894e-10,-4.20655848066748e-16,-8.32403782610702e-10,2.97173508065828e-08,-1.19957946666544e-15,-1.81105739198838e-16,-4.25542342319175e-05,3.19489390806031e-16,7.39723086237327e-10,-3.4801527466488e-16,1.72411598252471e-16,-3.35045844319455e-16,3.89946807923209e-16,7.50892747566641e-10,-2.01478340720109e-05,-4.05105574177941e-16,-2.50656483393977e-16,2.45842982261632e-16,2.64584530881199e-16,-6.65483293471603e-16,6.56129360000844e-16,-2.1852340165543e-16,-9.71701638386607e-16,1.26931604249407e-09,-2.25486765145572e-16,1.07616031162333e-15,4.69810316836666e-16,-5.9158112096434e-16,-1.67259604642648e-15,2.75919110186897e-17,-2.52590307842669e-08,5.60569220116526e-17,-3.09208634840819e-16,4.23809032116023e-07,3.05678762758253e-16,1.03297007670096e-15,5.93349242302313e-16,-6.88020259963853e-16,1.6007098276496e-08,-5.13618297176039e-16,-1.18513812433516e-08,-1.08810929861961e-15,5.10390910269132e-16,-5.48497731498261e-16,1.78180622586641e-15,-2.58631299548185e-16,-3.75002399740654e-15,4.30843818727069e-10,3.02807442512299e-16,6.19633164287979e-16,2.44170900543646e-09,-5.40425258256443e-08,-2.50235786756363e-16,3.8004143040231e-08,5.57286238947364e-09,-5.73523619773501e-16,2.06580691410141e-16,5.60363281638531e-16,1.65238229127026e-16,-6.42530353585691e-16,-9.52230036196597e-09,8.1663445925133e-16,-2.19060010464116e-15,2.39624834789889e-16,3.82844897634527e-09,1.65150535035222e-15,-4.8600094461299e-15,3.2559406985338e-15,-8.66811511562622e-16,-1.75389672750196e-09,2.49682295290801e-15,5.28585898297244e-10,-3.81859929845141e-15,-6.92061689392389e-16,-2.69030151918873e-15,-5.65832513218606e-15,3.58117274143155e-15,-4.0031513844343e-15,-6.33994742502609e-15,-9.25042495969123e-09,5.74991965698428e-15,-7.19744858361351e-16,3.89714406999710e-09,8.41202240807162e-15,-6.84386886023168e-15,-3.52645295672607e-14,0.707106781186547,-5.80425709319392e-15,2.07898103600071e-14,-6.37516077247859e-07,1.45153302452708e-14,-6.84468945689712e-15,8.49109352069762e-09,-7.36665943904099e-16,-7.48656005824526e-15,6.22240242170641e-15,1.01904177569064e-16,-5.49820949411677e-15,4.63998059760456e-15,1.25204372561712e-16,4.24909473550811e-16,-1.84464251132758e-15,-8.86734805605232e-16,-2.84159386026579e-15,-4.50088396356695e-09,1.49432489386102e-08,2.75087190192079e-15,-1.94077386885461e-15,1.68187504845701e-15,-2.17623341359827e-15,-9.01839367073443e-16,2.24345485203316e-16,-1.27068382350202e-15,-9.25616645228761e-16,-1.3030234549764e-09,1.83818541156219e-15,6.51316535840141e-16,8.25454605465676e-17,-7.24692135281056e-17,4.23479987031792e-08,-8.73041718767861e-16,-2.67510285466275e-10,4.45031105266834e-16,6.27412388479736e-17,-4.05003139497958e-16,-3.15248776198627e-16,2.87055866235823e-16,2.91214726058716e-16,1.10923352141729e-16,-1.45752940330672e-16,4.8428292098335e-16,2.28760997210893e-16,-2.71086526317726e-16,3.47002972845929e-17,-3.3172700766065e-18,-6.67198893836251e-16,1.94320269923838e-16,1.62844022104379e-16,1.42618445002298e-16,-2.7966590856269e-16,9.58931655520019e-17,3.63561583724434e-16,-1.52221985016965e-16,3.71762779836561e-16,-1.25770828326172e-16,7.12430095456466e-16,-3.13237438963617e-16,1.29931058504002e-10,1.00734924595189e-16,-3.70010055349761e-17,2.77076158452051e-16,-2.75507175390079e-17,3.31236810213744e-16,-2.06073075499062e-17,-1.01762337642614e-15,5.76373145252064e-16,-4.61374853569156e-16,9.06485303284167e-17,-1.86049092798513e-16,-3.46818915345264e-17,-3.01599523705406e-17,-2.97091002940869e-18,2.16426332633764e-16,-3.88141547130857e-17,2.07569496530491e-16,-1.69452180544519e-09,-9.47976499446971e-17,1.93379569911718e-16,1.32084528526715e-17,-1.60062944381518e-16,2.53465153255807e-17,-3.44734057098866e-17,1.01924796906852e-16,-1.97917901384033e-17,6.59805397657529e-17,3.63745460601146e-10,6.61668746780334e-16,-1.88860203673642e-17,-6.18680740702788e-17,7.25225626200282e-17,9.36744526281169e-18,2.08785370703798e-16,1.3834777656839e-16,-2.11200783761344e-17,1.21529825878978e-16,9.0111865856875e-17,5.91187192866259e-17,1.1558403552002e-16,1.16490485952933e-17,1.85829059155674e-09,4.1432660404371e-17,-3.5733408092086e-18,1.46486854157908e-16,-1.95806912350882e-16,-1.41605774880356e-07,-8.44496829771855e-17,8.83963392469113e-17,7.72914185705345e-17,-2.09190516295877e-17,-7.76673566998039e-17,5.39983907087621e-17,1.38698275436844e-16,3.42251885208655e-17,2.67860409123178e-17,-6.72182777010881e-17,6.70911992026217e-17,3.7348666828748e-17,6.68821843412634e-17,1.75278784802791e-17,5.91409422960545e-17,5.38185697358354e-17,-2.33173336628452e-16
"t674",-0.00501088672175777,0.0532177392416367,0.0685955591440798,0.0167516362722981,0.0347289525688344,-0.00582684507075282,0.00179113188908425,6.25164410371788e-05,0.000543408813095776,-0.00151231602002794,-0.000547784968334971,0.0067152634138133,-0.0232530639239343,-0.126863073625785,0.0033726303756792,-0.000436595208821011,-0.0254390277113232,-0.00023123772169743,6.48765565317727e-05,6.59364830039241e-05,-0.000290927572335369,9.08999611106937e-05,-0.00025096513206542,0.000432470929249515,-6.84795675756846e-05,0.000211035539690467,-0.000278616376831438,0.00242918143004106,-0.00176589476660097,0.00833972106307948,-3.33830156456304e-05,0.000512487785471346,0.000196776073525789,1.10146315920093e-05,-5.72509848648764e-06,-1.15305362818667e-05,-4.01861467355721e-05,4.0579751801251e-06,3.52030015434891e-05,1.21230197050988e-05,0.00901189035910316,4.25717964970104e-05,-1.31902137677964e-05,1.51834684758678e-05,-2.34659806707298e-05,-3.97462876927346e-07,6.34210287692005e-08,-5.21181497369831e-07,-1.66230213412081e-06,1.08276728909497e-05,-2.17161517048826e-05,0.00147279972843189,4.54837639525191e-09,9.88907450683897e-06,-9.53822435263095e-06,0.000109935752005502,-3.83636981407833e-05,0.140328099466982,0.0107860230551587,-7.67499260669151e-05,-5.17899708995476e-05,5.96340664601835e-05,-0.00160867972092405,0.00249337469708735,-7.20305306292416e-05,0.000233852642535279,-2.17684751516473e-05,0.00210013431139699,-0.224821883409116,-0.00109524694451192,8.55105471226042e-06,-2.46640264337135e-06,-2.96163206028607e-08,-1.53507188262683e-05,7.59238268954263e-06,1.23086558856212e-07,-0.000144145276347462,0.172147518670599,3.53567423192347e-05,2.53924656598121e-05,-8.56151380951056e-05,-3.35693888896078e-05,-2.42189441406096e-06,-1.81492364318752e-05,2.60008976990521e-06,8.29440022131777e-05,-1.35709592952026e-05,-2.17318116057458e-06,-4.85387371798034e-07,1.86024895276922e-05,-4.21302217490288e-06,1.35276388840699e-07,9.18167864642835e-06,-9.6071503521971e-05,-7.14089474359832e-07,-3.44093866813915e-05,-4.06554392614491e-06,4.24667374215815e-05,-0.00471251242929966,-1.81140524905237e-05,-7.09497180951838e-06,4.68204141876496e-07,-1.02079531074716e-05,6.86048527976038e-06,-3.11306381671521e-06,5.07692438281198e-06,-0.000182947615224645,6.37224529736123e-06,-2.99485840310755e-05,1.09122657475271e-06,0.0010392541552586,6.49487484991033e-05,-2.02569671176655e-05,2.60808214780016e-05,-1.03954631886047e-06,3.79461490512524e-05,-8.37538024646008e-05,0.000140095149015213,-0.000327158543771233,0.316193369167601,0.000773837991851597,-0.00681073509638071,0.000168549617387854,0.000457592018072476,-1.99801502215763e-05,0.000160083895583612,-1.59952755891604e-05,2.82123326766868e-05,-9.32132667035303e-05,-0.00119442300361918,-5.01659363129e-06,-9.28618599653767e-05,1.20898591385359e-05,2.1674463051485e-05,-9.1914169905486e-07,-3.47731831095979e-05,2.45232696175583e-07,0.0160655071264489,2.88201457628333e-06,-6.96562234713429e-06,-3.35728542436876e-08,3.62955009568355e-06,-2.60666960987835e-06,-1.96689574331748e-07,-7.5043751001247e-08,6.97357089472801e-08,-0.0012896230768373,-9.46456164890731e-07,-6.32973363351845e-08,1.69031074834354e-07,3.62515924295882e-06,8.44230091822625e-07,2.55217529074113e-06,-7.44120286388331e-06,0.100470713226388,-6.34451612528805e-07,5.18714102174657e-06,4.13180958815682e-08,1.354133331875e-08,4.98430212989937e-09,1.10431168719133e-06,-0.0010139043115396,-2.08378696311871e-10,4.08883116882248e-10,5.45007780472544e-08,-1.06591094193761e-07,4.15864019083992e-07,7.33441854315132e-09,3.67699488892472e-07,1.21938709701131e-05,-9.60230659575595e-07,-1.7167486940669e-07,2.41931806963339e-08,6.58113399633242e-08,1.81245125072999e-07,2.97039821619591e-08,1.68597298275497e-08,-8.65485442413427e-07,-1.63198764041484e-06,-1.49951710718263e-05,0.000293600142526762,-3.10132112821046e-06,-1.63879494656109e-05,4.27131348534855e-10,-2.48233121192739e-07,-6.34295853763234e-09,-1.08080841993498e-06,4.25003142012866e-07,1.92360888798417e-06,-2.61320294144808e-06,-6.80098651130806e-08,1.38733565370828e-07,5.68709227224053e-07,1.05370939489214e-09,3.38267877161337e-06,-1.59164754750424e-07,-2.97828347339803e-07,-2.18262042602627e-07,1.8543223559305e-07,8.80802658198578e-08,8.8416162559882e-08,2.98840695433552e-05,-2.43629242653783e-09,-4.61985407810429e-07,-7.00072679523893e-07,-3.49962123867062e-06,4.61159295370991e-07,2.44767610677564e-06,-3.57956987249373e-06,-2.30346540425243e-08,-1.55248172628963e-05,5.05662694234138e-06,-1.38766785953728e-05,-1.75915402199616e-06,-1.42424670108653e-07,-9.41252882454629e-07,2.57674369956536e-07,0.00075089610721071,-3.0815388092611e-07,-1.73767404998639e-06,-0.000203460929352783,1.0242057929622e-05,2.44555660521898e-06,0.000258510892252297,-2.24589297956815e-06,-9.01759360933397e-07,-1.25287083863254e-05,-0.00397129225784891,-1.21432814350843e-06,-1.0654490294967e-06,3.26528402102489e-06,6.84350000922612e-07,3.86829392746701e-07,6.5004446482796e-07,-3.57912010334391e-08,-8.45980172623912e-08,-3.20544488213405e-06,-1.85599841626321e-17,-3.73394231530026e-07,5.36896734038787e-06,-2.80139274258485e-05,-3.07450189903436e-06,-3.65687844522209e-06,6.18186423933273e-07,-7.77483677426271e-07,4.0929840278967e-06,-6.67215515472164e-08,4.52629912210765e-09,-1.0609110517811e-06,1.13260983138541e-05,-9.11267732490694e-06,3.82057913750873e-05,-2.5127201995369e-06,1.8290805355609e-07,-1.38430853657227e-08,7.61921478465314e-07,-1.11227379259075e-06,1.82427938627024e-05,7.00444079154131e-06,-2.31472189105864e-06,0.333743567720984,3.45621367514848e-05,-0.00309638742614099,4.33433103012456e-05,-2.62892015323571e-06,8.62682071128097e-07,-8.18183213762219e-08,-3.93378495284928e-05,1.21901776850411e-05,-5.44278443686042e-07,-0.000748909453161442,4.19815410925368e-07,-5.00516813302942e-06,1.59685345497362e-05,-0.0597484375998914,-4.45835114930623e-05,7.12627977524785e-06,-2.26748532054307e-07,3.04112820365965e-07,5.08985294423798e-09,-6.6974828005014e-08,-4.86795061898175e-16,4.04698101992815e-07,1.45256584358913e-08,2.12674130788995e-11,2.0901705901591e-07,-2.71382352372826e-08,1.68259723454081e-08,5.54269246950901e-08,-5.68266592330498e-09,2.38607198750783e-07,-8.26876064779169e-07,-2.88257734548524e-08,5.92243657758947e-07,-2.73594225623422e-07,3.2375553293765e-07,-9.56288755695171e-07,1.06201176158091e-07,-1.48849382307706e-07,-5.225432087096e-09,-3.95997467962763e-09,-1.33772798911225e-07,3.28172864241354e-07,-1.17833557473244e-09,2.14171301811439e-08,-2.79890882391098e-07,4.48460376604152e-07,9.67878686782954e-09,9.62642707685035e-09,6.52697576309148e-08,-2.30697837071802e-08,-1.87803282561492e-08,3.82040732389177e-08,-0.000633301292386531,-5.10283571217097e-09,-5.34378141152069e-09,-2.38844407931617e-08,2.32342932408313e-17,3.01393089841643e-10,2.07051302045306e-07,-2.56377544172702e-08,1.34155526234722e-07,1.73468124810411e-08,4.06487540485966e-08,1.43772789854724e-07,-0.000562446480286512,-6.04980984355667e-08,-7.08668450085444e-17,-1.27355052813251e-07,-1.24193971685129e-09,-5.08672665860344e-09,2.4382856507656e-08,4.52362101603287e-08,-3.24762684161099e-09,-1.33325368281322e-07,3.70315858298087e-08,-1.8883974003304e-07,2.64883942180549e-07,-4.18862891403087e-08,-1.02102437191277e-07,-1.27473097045728e-07,-7.82802702216714e-10,-1.04611050457769e-07,6.34185413863039e-08,-1.15744792858987e-07,-3.91430353477205e-18,-3.58051731890961e-07,2.84223860931229e-08,8.19206408903761e-10,7.39981155417198e-09,-2.43330912559773e-07,-5.26532717212978e-07,2.70529802770487e-07,-9.84889424981282e-07,-4.88511675099644e-08,1.78058607245781e-16,-9.02467332298668e-08,-3.56662780107992e-08,-1.15735459500795e-07,-1.72175418875822e-16,2.21932274415514e-07,3.21984798742089e-07,-4.93057737647636e-08,-1.85594589792553e-07,-6.3690017362068e-08,-3.67755894926868e-08,-3.02487958351487e-05,3.06918741646996e-08,2.47588436105749e-07,1.40108153040264e-08,7.01111010618548e-08,1.01246835042989e-07,2.49932265381768e-16,-4.11484979487565e-08,1.35473264490918e-07,6.66240755803737e-07,-8.99265785929788e-08,1.76318508136949e-17,-2.33850704869012e-06,1.68493747238017e-08,-4.12250466743117e-08,-2.78116660731114e-08,-9.38996848103848e-08,1.0106377225381e-07,-3.49785082575676e-05,1.89491721263853e-07,-3.12552981962608e-17,7.13311723782226e-07,-1.36925136707123e-07,3.85466535767197e-07,1.0959953352359e-06,-0.000243443741783564,-5.68636267221253e-10,-1.94289029309402e-16,-1.093838491124e-16,-5.86583851770725e-10,-7.57918493722207e-08,1.00060451850309e-08,-1.01991685375404e-07,3.92034909655251e-16,-4.9346610745567e-08,-5.87514608199575e-10,8.84418370475918e-17,1.39214480035772e-16,-4.76598214614294e-16,1.28201754205202e-07,9.84414974701403e-06,-4.15022118843363e-07,3.27619368396356e-07,1.6348996200344e-07,7.81865488989229e-06,-1.45466110889468e-07,-1.77683908485803e-11,-3.27089558780703e-08,9.24214719877707e-08,-1.27454810085607e-16,-4.985633960025e-16,-5.93705005455776e-08,-3.21550719461359e-11,-3.55478177219669e-08,1.94177514866874e-07,3.55204015047923e-08,-1.33116326908588e-08,-6.75222051837197e-17,-4.48461300732535e-08,2.16090960047888e-16,-1.53620664842077e-07,-1.42464165464595e-16,-4.02949759985154e-08,2.23627564048466e-17,1.66275996545299e-07,4.38288217183052e-08,1.84772739392441e-08,2.43492767565959e-07,1.20764167220134e-07,-1.39335212653869e-08,8.87631595049182e-08,8.06084674654011e-07,1.51200246307896e-07,1.39911720495924e-08,3.17144344404316e-08,-9.00324970912975e-08,-1.55451387861713e-07,-1.26864140752959e-08,-4.37541793762639e-08,-6.15279175508898e-17,4.13354386035135e-07,-7.19009702603762e-08,3.82015683570628e-08,1.80540266808796e-16,6.75031155214787e-09,1.85965472595447e-07,1.52062796490972e-05,-1.08321247710759e-16,-1.59192929703231e-07,-8.64851504484005e-08,-1.00801713110959e-17,-2.97837252980079e-06,2.65804202646154e-07,-4.80742535539103e-16,-5.10874626067235e-16,-9.89401257666177e-09,-5.3189997341154e-08,-3.05045915551897e-10,-4.26545779787262e-07,1.15319937572603e-07,3.39738212042409e-08,3.28030120482117e-08,3.10711338865008e-07,-7.12611178643896e-07,1.52221985016965e-16,1.48210931806611e-09,1.02148866293895e-09,2.83356282164771e-09,2.66842467361312e-07,4.56485614687995e-16,1.40098140244867e-17,8.85403896130349e-08,-6.44457894606798e-17,2.91013630060174e-16,4.466677742077e-07,-1.50518935980823e-05,-1.00479502684998e-07,-6.95289900308932e-09,3.61973014649494e-06,2.07454965775167e-05,2.31161923109753e-08,4.28220377711888e-17,5.76674148359164e-08,2.72873635290134e-09,1.25763644814026e-08,-1.29417773404569e-07,5.33812242457973e-07,8.36608455288559e-17,1.57512445446992e-16,1.87085037884278e-16,-5.01565877337565e-08,-2.49093092211581e-08,-1.4547427696469e-07,2.1337849318437e-16,-1.98579084005291e-08,-4.69313254007176e-16,9.55429471901709e-17,7.84209995376306e-06,-8.49671805945931e-08,-1.26808286093905e-15,-2.28469327260442e-07,-1.22801704480387e-07,-1.35810359677368e-16,3.04596403589106e-07,-5.22663497769671e-16,1.23621962930472e-07,-2.65764016173096e-16,1.25884703914741e-07,2.79803101395268e-05,3.94233995373505e-08,3.79952520350761e-08,2.72502770569886e-07,-1.63396646977597e-07,6.50683089259321e-07,1.89870313510609e-15,1.16994993021127e-05,-8.28438042588873e-07,-1.20033674402654e-14,-1.66963554916341e-07,-0.383285533527777,-8.38796634251655e-07,-4.3585800747955e-16,-1.28402956190311e-05,-6.36973147459701e-07,2.06086442151008e-15,1.32359222270366e-06,2.69630014455449e-07,1.07233221927231e-08,-1.06087582648254e-15,1.35086912455059e-16,-2.63996075784562e-06,-2.97240120648688e-08,-2.32166225179453e-09,1.90148927217093e-08,-7.81042382159689e-09,8.31840508048846e-16,-2.8569937670044e-16,-2.65535052926515e-08,-1.81384921233898e-10,-1.44024212678791e-15,-5.63670490784822e-08,1.33211939154473e-16,-2.59216136962376e-08,8.12526670809711e-09,4.69097671222662e-09,2.96588975219079e-08,6.50729125032273e-17,-1.41109676686247e-17,-6.93890432459679e-16,-1.25370019425642e-16,1.49923900494341e-09,4.98519975055492e-09,2.73253585002308e-17,-7.93360134038863e-16,2.72623910119951e-17,-5.97479604935661e-09,-4.9854976382824e-11,2.20380619056984e-09,-5.48170111242822e-17,-2.69749500514394e-16,-6.52798128053522e-16,6.39817671419054e-07,-7.80887657942e-10,-5.55727095405846e-16,-2.57670332040041e-11,-4.62436047941636e-10,1.34172747492208e-17,7.04748905097296e-16,-2.06749334564536e-09,-5.11486335652935e-10,-1.56559257333984e-09,-3.40143862833465e-17,5.70619934268677e-06,4.41680388437435e-09,5.65071557314292e-09,-6.21393159053605e-09,-1.74618314770358e-08,3.0602413716754e-10,-1.08871962009689e-17,-4.19499824437891e-16,-1.60334237247071e-16,7.9333963566936e-09,-7.20979791709440e-09,-2.80031861376176e-09,-5.44840672994955e-06,3.41740683278307e-16,-3.12861575747085e-16,2.00140489878033e-16,3.92226208111503e-17,1.27994229088392e-16,1.33791085597897e-08,3.10104228913879e-16,-2.57954139023804e-16,-2.24810117888664e-09,-1.86963573657984e-16,-2.01627686062915e-09,-2.22735657817226e-16,-2.50773063171342e-09,4.70147011713231e-17,-3.21820509737262e-09,-4.07950342420178e-10,-3.79248742272593e-08,4.47288006375507e-14,1.36461781405519e-08,1.33905289816037e-17,2.02597805370167e-08,-3.75612506451985e-08,4.46512983600457e-07,8.55279360812751e-16,3.09810028892096e-08,5.63561744215148e-16,-7.85214945570919e-09,-1.00007424652392e-06,2.03523316220015e-16,8.45853164349135e-17,-1.61920705658296e-16,2.13868750938074e-17,-1.52067494509569e-10,-1.9916102009097e-09,-4.47638274004594e-10,-4.19338085779353e-16,3.4218960803514e-16,-4.87572708849116e-09,3.98230085305387e-08,-3.4196241902987e-16,3.19894276175291e-16,-2.1780883273826e-09,7.49592499805073e-16,-1.55451985654277e-08,-1.98311899935037e-16,3.37167085432192e-06,5.18539936165842e-16,-1.99638236102579e-16,6.19719774856619e-17,-2.39788765687138e-16,1.12215386995579e-16,2.66592424245316e-16,2.97590382330846e-09,-2.08216831335363e-08,-1.19301732094263e-16,-3.55659213184867e-07,5.34540110530379e-08,-3.10752295898914e-16,-5.52473645513628e-16,1.2251973974803e-16,-2.46925450266659e-16,5.37659144021241e-09,8.63763754319572e-10,-4.03432279871826e-16,6.39305393001401e-16,-9.86607670648368e-09,-8.94204877689096e-07,-5.33583644191712e-10,-1.86990517709195e-16,2.36676963745025e-17,1.80730743472687e-18,2.18594205407925e-16,-4.2900687467916e-16,-5.3653642354343e-16,2.15262540787827e-08,-2.04196836786848e-08,-3.93771029108602e-09,-2.97467602411956e-16,1.11139626783771e-16,-2.55562215050074e-16,-5.22094926045658e-16,-8.52844409028151e-16,-3.38352837514297e-16,-2.51062215469254e-16,2.16567184508721e-16,-3.4912731294074e-16,-1.60165982608115e-16,2.03151875370261e-17,3.07246732902832e-16,-3.48230743687697e-17,-5.38727149686634e-16,2.26012728807394e-09,-6.49085792294065e-19,-7.00695902058526e-16,3.72312707425986e-16,3.21805370085838e-08,-3.88128966616023e-10,3.01588846449393e-16,-8.32403747915425e-10,2.97173505409528e-08,1.33912912197814e-15,4.76979095232199e-16,-4.25542342319029e-05,-7.31335080847349e-16,7.39723116937177e-10,3.49560171973068e-16,-1.78837470961228e-16,3.67737184486978e-16,-4.96223640497823e-16,7.50892686696946e-10,-2.01478340716919e-05,2.81573901836248e-16,1.32916453521227e-17,-2.87045441525522e-16,-2.48134676495678e-16,2.03613167992778e-16,-6.65273250641632e-16,2.73375313713912e-16,1.04120104555838e-15,1.26931735398554e-09,-4.90701482492064e-17,-1.29282005306257e-15,-5.65561886614222e-16,2.18367652599992e-16,1.45316546782267e-15,-1.99982124986018e-16,-2.52590305887784e-08,-6.6714279759343e-17,1.76969070444332e-16,4.23809032410139e-07,-5.67052725203153e-16,-7.30640531431254e-16,-9.00127009097542e-16,5.56586575023421e-16,1.60070976156203e-08,4.50813068559649e-16,-1.18513812711749e-08,1.03524702954236e-15,-3.92285754946881e-16,6.73391290863801e-16,-2.1398775458569e-15,2.77367527890257e-16,3.74642082950995e-15,4.3084310953264e-10,-1.50511398646888e-15,-7.69878484932809e-16,2.44170740634469e-09,-5.40425254095138e-08,3.93630255399918e-16,3.8004143355666e-08,5.57286318252855e-09,5.29960542676657e-16,-2.08018189992769e-16,-4.01298717627784e-16,-3.34886932359712e-16,6.71158491643e-16,-9.52229940850162e-09,-1.06652998003297e-15,2.1177211732188e-15,-1.12513497895903e-16,3.82844892720549e-09,-1.67589852867982e-15,4.90845834649012e-15,-3.3865953346172e-15,7.78964637666285e-16,-1.75389879058708e-09,-2.45688228249203e-15,5.28586544956071e-10,3.80281373794935e-15,7.28107629123186e-16,2.81840472806005e-15,5.74323222097045e-15,-3.57424034358751e-15,3.82823436915057e-15,6.24246014116286e-15,-9.25042824482367e-09,-5.82301916071091e-15,7.60729787698225e-16,3.89714407581108e-09,-8.64284489368215e-15,6.54889420386004e-15,3.52313912359865e-14,-0.70710678118655,5.86110747074839e-15,-2.09701711069225e-14,-6.37516076350857e-07,-1.43450807961214e-14,6.90711828439991e-15,8.49108495655746e-09,8.06278754564301e-16,7.47135713011782e-15,-6.28936298352722e-15,-2.30393310478933e-16,5.4434106285807e-15,-4.46713977570973e-15,-1.57427188175096e-16,-4.69682099526744e-16,1.91244431535042e-15,1.00883866346045e-15,2.57397192220714e-15,-4.50088359823142e-09,1.49432468726628e-08,-2.41021825845071e-15,1.98849780606916e-15,-1.530419467057e-15,1.91699964474303e-15,1.24618197705484e-15,-2.34037903725973e-16,1.13254709138549e-15,9.44372317716557e-16,-1.30302418387239e-09,-2.01887050867343e-15,-5.14842728189308e-16,-1.47411218252336e-16,-3.53292670274123e-17,4.23479989392346e-08,5.98785644232427e-16,-2.67510482140367e-10,-5.69653875113696e-16,-3.42511594626212e-17,5.78708533843652e-16,2.59280563482938e-16,-3.08702065854927e-16,-5.27448363836626e-17,-2.75228157297166e-17,1.60433885691457e-16,-4.28424332184876e-16,-2.22297848496452e-16,3.39918538032623e-16,-8.69711679435062e-17,6.28221202683929e-17,6.20371068926342e-16,-2.16183825133908e-17,-2.57080326912021e-16,-1.03156154832618e-16,2.57344606423972e-16,-6.30255773759707e-17,-3.60929935169849e-16,1.86482773667507e-16,-3.84020477375737e-16,-7.92585551265436e-17,-6.65695814193015e-16,1.83866600555275e-16,1.29930945154635e-10,-8.99223575799775e-17,-1.49758031473469e-16,-1.91598546282373e-16,-1.51835484491355e-16,-3.44655818010857e-16,3.61606519465135e-17,8.46498720572528e-16,-4.55267134316661e-16,5.67497206449286e-16,-1.01106496891405e-16,1.30104260698261e-16,1.1131439069125e-17,3.57425029485756e-17,-7.22282728176483e-17,-3.10410115041221e-16,1.16925822492861e-17,-1.05240641739976e-16,-1.69452178996058e-09,2.31546878750646e-17,-1.19476459272012e-16,-1.13161097373328e-16,8.59140086615029e-17,7.20648853400511e-17,2.8234805826605e-17,-9.39677973185627e-17,-2.56626587308837e-16,2.13649345707934e-17,3.63745326984557e-10,-2.21305502491861e-16,4.3517712676308e-18,1.50367930072959e-17,2.63858700784728e-17,7.36812649892077e-17,-9.36721898858427e-17,-4.33394463688372e-17,5.74265184015907e-17,1.15734034045415e-17,-2.23708976378354e-16,1.51725819913032e-17,1.06164524629383e-17,-1.05358448881766e-17,1.85829049696264e-09,7.13818542842215e-17,-5.14912365908314e-17,-1.39283875083388e-16,-2.1467203015213e-16,-1.41605774690276e-07,-1.58824962374588e-17,-7.12119251094316e-17,5.78671599156537e-17,2.67207068294384e-17,6.60702306474941e-17,3.57238705224289e-17,1.43409713905182e-16,3.55278078723294e-17,1.12229576079609e-17,8.21323402853001e-17,5.1241123874194e-17,2.32008780871054e-17,9.92974373855849e-17,2.87974239433555e-17,7.54154693912475e-17,9.56497841982805e-18,-2.1038886824849e-16
"t49",-0.00498647619108502,0.0526702820551838,0.0678669945831827,0.0165128552690909,0.0341221261560199,-0.00570726157926518,0.00175364541054594,6.11031095991446e-05,0.000528877939292565,-0.00146317898087519,-0.000525132829989687,0.00637192298798322,-0.0220287387156036,-0.120080386253328,0.00318429485812232,-0.000410744912130291,-0.0238960473682894,-0.000216952328991228,6.07736732680252e-05,6.13971896467232e-05,-0.000269218548762429,8.26652196582025e-05,-0.000226908575898883,0.000390770355134754,-6.18495320386671e-05,0.000189590906577805,-0.000249956141909891,0.00217696651357251,-0.00157742223226187,0.0072804691463406,-2.88459796451237e-05,0.000439482941817275,0.000166593085040941,9.23963575089151e-06,-4.75203779841049e-06,-9.40196086096233e-06,-3.26660597275079e-05,3.28555277998964e-06,2.84529231627574e-05,9.7609814704049e-06,0.00720119494290231,3.37923345516653e-05,-1.04257848738869e-05,1.1997053973445e-05,-1.84474470177071e-05,-3.06486173113701e-07,4.86076276111985e-08,-3.98293485785301e-07,-1.25996016468263e-06,8.13283634571392e-06,-1.61103405392721e-05,0.00108617936756751,3.35147489940392e-09,7.23244233599533e-06,-6.87175251474621e-06,7.90190663881996e-05,-2.63927434355294e-05,0.0953221008770611,0.0073154905424094,-5.03798648525093e-05,-3.31164098895036e-05,3.76214955174449e-05,-0.00100357989662931,0.00155106567601514,-4.38484144547825e-05,0.000139508019568099,-1.23855646943221e-05,0.00116816519866604,-0.123712297551237,-0.000590768763568444,4.09966029694508e-06,-1.06209691661582e-06,-1.25231330325724e-08,-6.24073409336942e-06,3.07093654921397e-06,4.89029264739556e-08,-5.68556895541548e-05,0.0654467401483741,1.22684321824018e-05,8.4605251077911e-06,-2.64615804549789e-05,-1.01968715467214e-05,-6.38888454889914e-07,-4.56209497772639e-06,5.09371026675559e-07,1.49392187339548e-05,-2.22344427876632e-06,-3.5025649940585e-07,-7.78923696494382e-08,2.95257132193125e-06,-6.42047440773635e-07,1.22104650487898e-08,7.74312959475721e-07,-4.15985213133255e-06,2.29908356722768e-08,1.51944342966215e-06,1.8181280023105e-07,-3.22163832939295e-06,0.000413345781607972,2.42615667610184e-06,1.23059669046802e-06,-8.28935732166713e-08,1.84882214973886e-06,-2.64641583534478e-06,1.25476923826731e-06,-2.11597601588505e-06,8.08045136642675e-05,-2.85954452197703e-06,1.38183360658052e-05,-5.247488718286e-07,-0.000506440456695706,-3.41898059802011e-05,1.07602032800451e-05,-1.67570249339954e-05,6.94329832851765e-07,-2.75444585361391e-05,6.3064851870848e-05,-0.000116449651395701,0.000298464491520659,-0.309155370113605,-0.000786767114729766,0.00791796464682292,-0.000213668083855583,-0.000582012169757608,2.57318783601137e-05,-0.000225478711709723,2.26987131505402e-05,-4.32823878252546e-05,0.000180172544148701,0.00231488782051402,9.91457390075397e-06,0.000217046721001631,-2.92489744487748e-05,-5.37839734713155e-05,2.54045574960106e-06,9.76138967078141e-05,-8.91787968601509e-07,-0.0752907556249341,-2.18156318330337e-05,5.36541156373729e-05,2.89494881311146e-07,-3.3332102111789e-05,2.67448282919266e-05,2.11303200774223e-06,8.0670241005573e-07,-1.13792343708195e-06,-0.241548351757631,-1.14236821255744e-05,-6.03293014866043e-07,1.0568135209367e-06,2.19964437874881e-05,4.45761065865907e-06,1.2450925956729e-05,-3.32333592260752e-05,0.192355364215584,-1.02560961421236e-06,7.33633528828271e-06,-1.5107996805371e-07,-8.66163030312688e-08,-3.49104073972728e-08,-1.37689878422367e-05,0.0146204290228309,1.82239229838631e-08,-7.69319975684023e-08,1.40431313312369e-06,-1.41839562080024e-06,2.59041886426669e-06,4.4942711670968e-08,2.24379567620219e-06,7.00930901611213e-05,-5.17717329048392e-06,-9.1752610255044e-07,1.15784521924447e-07,3.05242005973806e-07,7.89086122468247e-07,1.27432522854357e-07,7.17945531905797e-08,-3.25318792409676e-06,-5.49764106809635e-06,-4.96460175161818e-05,0.00095647114672257,-9.65058131976438e-06,-5.01381066154741e-05,1.28572273919023e-09,-7.36071683866952e-07,-1.79188952883727e-08,-3.0181439026552e-06,1.08050130389129e-06,4.87611709377157e-06,-6.43369869644682e-06,-1.55205390004497e-07,2.9850806874443e-07,1.19993706750328e-06,2.16068950776042e-09,6.79323456733307e-06,-3.01010603959418e-07,-5.56159955871629e-07,-3.96941378572643e-07,3.3285871012708e-07,1.43436742564049e-07,1.43342888999837e-07,4.65612161390412e-05,-3.65265797202181e-09,-6.32680247751131e-07,-9.58340443712251e-07,-4.75126825752464e-06,6.10510474247196e-07,3.18430548265289e-06,-4.44642490570247e-06,-2.70217345069556e-08,-1.73900294590624e-05,5.58364908408653e-06,-1.43576584099661e-05,-1.75477385563133e-06,-1.41932390301235e-07,-9.11406048184049e-07,2.31647830679228e-07,0.000665329873397041,-2.52309576954573e-07,-1.34475972537551e-06,-0.000154354976774926,7.14190986414645e-06,1.67042710758571e-06,0.000172570242230095,-1.3951285288732e-06,-5.51861634696152e-07,-7.63917636008399e-06,-0.00222718870904402,-6.4581753499209e-07,-5.32925816425999e-07,1.58706110062298e-06,3.22688230451189e-07,1.7718816005103e-07,2.95288574130028e-07,-1.5020475380782e-08,-3.37152668995006e-08,-1.20525198438245e-06,-1.31313584505675e-16,-1.2858304112688e-07,1.81544711486473e-06,-8.29318645064387e-06,-8.14007298643251e-07,-8.76890058546415e-07,1.47324569766697e-07,-1.5091905089805e-07,7.65232470572425e-07,-1.22565225587073e-08,7.61950614486771e-10,-1.67835954359785e-07,1.58809793250283e-06,-1.20715558740389e-06,4.94064110183098e-06,-2.82717261025054e-07,9.41325018656437e-09,-4.70863421387149e-10,1.63186843783216e-08,-1.05296847892246e-09,-2.06788768839302e-09,-5.17949977837522e-08,2.03966194612301e-08,-0.00239708231570194,-1.96705368514987e-07,1.11422537732489e-05,1.00682818834329e-08,-2.09435249617367e-08,7.77288364473059e-09,-3.36932258923837e-09,-1.65699823345546e-06,5.26500376055059e-07,-3.00185739187265e-08,-4.48799236904879e-05,3.20007419367795e-08,-3.97579637337857e-07,2.92749619284886e-06,-0.0110085463187331,-7.98676091267217e-06,9.32975485508138e-07,-2.60037951220122e-09,-9.96722928912384e-07,6.08927021553637e-08,-2.62572319576327e-07,4.96534676573178e-17,8.46025449339011e-07,2.98093966575255e-08,4.24731681093329e-11,4.3570112232263e-07,-6.1971045309178e-08,4.04745584392256e-08,1.36999135486118e-07,-2.08895187368151e-08,9.01511830752998e-07,-3.14743263838978e-06,-1.24583761110382e-07,3.72223893741483e-06,-1.83836571187752e-06,2.27970302571044e-06,-7.87623859268632e-06,1.65570820458661e-06,-3.11323821731253e-06,-1.11251529590512e-07,-8.47580439525347e-08,-6.69257399455564e-06,7.23187597647717e-05,-3.47871317817491e-07,1.08892178767137e-05,-0.000447153775587491,0.00153712575746216,-7.60980791965043e-06,-7.34409103564185e-06,-4.81098803218185e-05,1.68428786270452e-05,1.43048969039108e-05,-3.5227007684901e-05,0.86458377835849,9.4570827330139e-06,3.31151130002894e-05,-2.83895469345749e-05,3.34555129019643e-15,2.74079152820292e-08,1.68808837380318e-05,-1.80303342106353e-06,9.39597999510449e-06,1.20967601285639e-06,2.74118996633833e-06,9.12293346857015e-06,-0.0333199229395689,-3.15142279936002e-06,-2.70619229083102e-15,-5.16129959881499e-06,-4.89574372125699e-08,-1.89388024187157e-07,9.01827257656164e-07,1.47065192579511e-06,-9.89315162858686e-08,-3.728410042405e-06,9.80182793780408e-07,-4.4801272743204e-06,5.73849465132934e-06,-8.5993882229397e-07,-2.03633847620697e-06,-2.49809725770236e-06,-1.48813376499995e-08,-1.98215987317083e-06,1.17683105581087e-06,-2.11399278302059e-06,1.10705494092204e-15,-5.85666273895673e-06,4.55143143912205e-07,1.3115696448531e-08,1.11847639365062e-07,-3.64730048327928e-06,-7.17062396353741e-06,3.59199885417926e-06,-1.30129455771371e-05,-6.3372960576389e-07,4.9898195515671e-16,-1.14709146625455e-06,-4.49968396567076e-07,-1.42082669882725e-06,3.88037122322554e-16,2.64804030590619e-06,3.81669770632974e-06,-5.8248074617639e-07,-2.17738584082818e-06,-7.38668333233683e-07,-4.2290000718492e-07,-0.000345557229759144,3.43945177921468e-07,2.76834610706985e-06,1.54650810325517e-07,7.56922373342669e-07,1.09184835953975e-06,2.02350523631543e-16,-4.25703003141272e-07,1.39179192105194e-06,6.74176521046227e-06,-8.89832277535801e-07,-2.06890248881882e-16,-2.21000153152582e-05,1.51730154984752e-07,-3.63644867509592e-07,-2.43026002585591e-07,-8.11445265330681e-07,8.55918993801881e-07,-0.000287052573537852,1.44700969126337e-06,-3.17660978981131e-16,5.14182441560196e-06,-9.82288094753198e-07,2.73806133632857e-06,7.68077253938052e-06,-0.00170431499655905,-3.966007329531e-09,-1.2490009027033e-16,1.11397638750409e-16,-4.00519190886971e-09,-5.0829753371433e-07,6.69577903250921e-08,-6.71896085482539e-07,2.00140508508441e-15,-3.1449459697761e-07,-3.6914363078353e-09,-3.16225134162394e-16,2.56931575614692e-16,4.429331745097e-16,7.7172235629634e-07,5.89449773400925e-05,-2.44075025812066e-06,1.89815148102651e-06,9.45583351422833e-07,4.4520614344345e-05,-8.26831560269955e-07,-3.09891702975494e-12,-1.80295347233315e-07,5.04077944041498e-07,1.6227320309859e-16,-2.99500120147376e-16,-3.11002686115485e-07,-1.66845169104456e-10,-1.82139799966059e-07,9.86628558615811e-07,1.77636674805559e-07,-6.64017725129215e-08,-1.03350896953057e-16,-2.22927702120394e-07,-1.36190905097969e-16,-7.56074387163185e-07,1.52764086103208e-16,-1.96879249647361e-07,1.54050413651272e-17,8.04959811271428e-07,2.11786224586793e-07,8.71329556302216e-08,1.14232804474042e-06,5.65338889421235e-07,-6.46216907992574e-08,4.08360934843872e-07,3.63990082436074e-06,6.82636820359848e-07,6.2807253838529e-08,1.40888920781124e-07,-3.94421919280996e-07,-6.7308347744278e-07,-5.44265868356292e-08,-1.86862675045141e-07,9.74812197728747e-17,1.74070095547378e-06,-2.98712469388188e-07,1.52699472444972e-07,9.57199474055777e-17,2.66799361632553e-08,7.22532360112563e-07,5.86480543234412e-05,-1.23709901277122e-16,-6.11653034525764e-07,-3.27295781769172e-07,-1.80063012429991e-16,-1.11869651079519e-05,9.53303900310771e-07,-1.99289987783826e-16,2.54866303339398e-16,-3.48300577237257e-08,-1.86929600272312e-07,-1.06355084155101e-09,-1.4732086909592e-06,3.89738875939945e-07,1.14600703264702e-07,1.10352992826153e-07,1.01435865131736e-06,-2.26802785631016e-06,5.96311194867027e-16,4.67087502161345e-09,3.21373683953986e-09,8.86121471033582e-09,8.28394056627811e-07,2.88340503663214e-16,3.09172266691195e-16,2.72089738088131e-07,2.93120381736276e-17,1.5293802101136e-16,1.28259806219074e-06,-4.26834576486478e-05,-2.8485938002225e-07,-1.91607349168363e-08,9.93594918698431e-06,5.68969524261711e-05,6.30509795224041e-08,-9.03521548041432e-17,1.47827028605473e-07,6.89642322167537e-09,3.16335546449888e-08,-3.17689950798452e-07,1.249592366671e-06,-7.34822700898295e-17,1.84242790981311e-17,5.63118791591128e-16,-1.08747216523856e-07,-5.20558131417862e-08,-3.03132636754929e-07,-5.78250693945277e-16,-3.98269979951256e-08,-2.94366604538376e-16,7.74808156634956e-17,1.2775783230967e-05,-1.37987748381089e-07,-7.28583859910259e-17,-3.47661520388985e-07,-1.79292352954099e-07,2.05618646840283e-16,4.04671957656102e-07,1.3035338885021e-16,1.4337412441513e-07,5.28285790710609e-17,1.44012869168258e-07,3.16656550369679e-05,4.40652624970014e-08,4.17243410669853e-08,2.87067936504735e-07,-1.43387155133448e-07,3.95668826723217e-07,3.89933934176671e-17,2.63359160303136e-06,-1.49582095122296e-07,-1.09644532919975e-17,-2.00399397630837e-08,-0.00229155286179005,8.49435631897475e-08,-2.16625498973703e-16,6.45955909094315e-06,3.75887713046253e-07,-1.67657972394733e-16,-9.39942504699274e-07,-2.07953098961951e-07,-1.08318654202302e-08,9.57316280083788e-17,-7.21692056809938e-17,4.39248143535818e-06,5.91225182947843e-08,4.78221186192334e-09,-7.64783096205984e-08,3.48016741367337e-08,9.34952060335943e-17,4.07584661705454e-17,1.26968989500262e-07,8.75115340532065e-10,-2.71283440302745e-16,3.06476788133016e-07,-3.96415301299048e-17,1.58402738285922e-07,-5.84986151030769e-08,-3.41764856515921e-08,-2.26481633340138e-07,-4.28682312833196e-16,7.08135952887332e-17,1.49353018110153e-16,-2.77280694104112e-17,-1.81328004815018e-08,-6.2878606602589e-08,1.74236123457956e-16,3.55591482022857e-17,-4.33055197216842e-17,8.84130310342593e-08,7.94189107967874e-10,-4.36808812335271e-08,-3.54925697886637e-17,1.41922064378353e-16,3.73507648421256e-17,-4.22404858872741e-05,5.54541300978287e-08,9.72674218006852e-18,9.96627162604979e-09,-2.60699290431031e-07,5.17680269832781e-16,-4.84967383561757e-17,-1.80001728848357e-07,-4.18143436161055e-08,-8.91219464570238e-08,-1.37488983145911e-16,0.00021961173960697,1.45408939476677e-07,1.55971931152481e-07,-1.41991784842983e-07,-3.82096035855299e-07,6.21504985039874e-09,-9.25603461636454e-17,2.05455785061173e-16,-3.13517529238099e-16,1.17651661984542e-07,-1.06516731952068e-07,-4.0125709786577e-08,-6.82828442120191e-05,-1.49612152066609e-16,-6.59293300295848e-17,1.0298060816343e-16,4.61157972903985e-17,9.33702391558935e-17,1.4982502264723e-07,-1.6132654697457e-17,-6.21065708676871e-17,-2.42286544057315e-08,-8.32618035123546e-17,-2.16874869869685e-08,-3.25649278448482e-17,-2.68849277920926e-08,2.89711575962096e-17,-3.24991305028965e-08,-4.06550857875177e-09,-3.7062146755899e-07,2.74895090684108e-13,1.30316805343546e-07,5.25430227120504e-17,1.84598052166491e-07,-3.23979436461802e-07,3.84271677309647e-06,6.2739329763849e-17,2.61257163334901e-07,1.05461459964948e-17,-6.42337497515937e-08,-8.16925336795518e-06,-4.51002956753599e-17,-5.17479465798665e-17,6.86347549958848e-17,-2.35086157724132e-17,-1.2133369752868e-09,-1.57957885048673e-08,-3.5259900796677e-09,1.37227845770618e-17,8.38855231358161e-18,-3.72178785758494e-08,3.03573016199703e-07,2.79494050910435e-16,5.66829558291525e-17,-1.60168602376158e-08,-7.73475485694599e-18,-1.13483619923598e-07,3.27622516257373e-16,2.41171213629572e-05,2.39618759338948e-17,-4.96225805941542e-16,2.6396161699791e-17,-3.48212758831675e-17,-4.02056851072099e-17,2.38753208247003e-17,2.04835673514778e-08,-1.43249967133297e-07,-4.94151367625644e-17,-2.41634231768656e-06,3.61305921107698e-07,-2.00886676922581e-18,1.86512856507754e-17,4.46840811027478e-18,6.77116134994456e-18,3.55729567841802e-08,5.68741238361652e-09,-1.28708060868196e-16,3.33477286305601e-17,-6.46194241246625e-08,-5.85272933374695e-06,-3.48437148658194e-09,-1.28152169923652e-16,7.5517519493717e-17,8.78902828595229e-18,-1.65885364884085e-17,6.91568318993673e-17,1.17311601895824e-16,1.35660580439235e-07,-1.28280794288987e-07,-2.46606514265547e-08,4.99135300719746e-17,-2.64357847886723e-17,2.15536669953142e-16,4.41605910835017e-17,2.546309764457e-17,-7.28651566941896e-17,2.87825722813525e-17,-5.27273140053931e-17,6.03308983148821e-17,-3.12463874599047e-17,1.58998835262574e-16,-1.8884490979281e-16,9.75006864242426e-17,6.92080582255457e-17,1.34789913582883e-08,-2.8172063967227e-17,-3.04006614203569e-17,1.49366156817461e-17,1.90764840086479e-07,-2.29764554271129e-09,1.8896173540819e-17,-4.92346064509105e-09,1.74503582571027e-07,6.01590786048165e-17,2.31362264090419e-16,-0.000247689528525733,-5.89179860889729e-17,4.26055690660788e-09,-3.73897699343552e-17,-8.54589481825589e-18,5.00252424230759e-18,1.41935145586039e-16,4.25630924318451e-09,-0.000114083645033543,-3.96403269677045e-17,-3.46912166416552e-17,5.32966616715817e-18,3.08840515014526e-17,2.57714856399804e-16,-3.76555938746404e-17,-2.28312842667729e-17,8.17605492777513e-18,6.83022688246658e-09,8.1426400533783e-17,-3.8422391096499e-17,2.61143704417466e-17,-1.93830216851561e-18,-8.51516583631346e-17,-2.21827740784819e-17,-1.34550825463149e-07,1.39004442133181e-17,5.87524420487798e-17,2.25342566069043e-06,-4.31685594113168e-17,-8.77833001703387e-17,2.94867539407539e-17,-1.62875637479013e-17,8.3351355664974e-08,2.23931383452803e-17,-6.14887200635702e-08,-8.06650584115531e-17,-6.52620401212437e-17,-1.7821305537045e-16,-2.60145417441951e-16,3.23867667667077e-18,-2.58415214703923e-16,2.21912156155158e-09,-4.61604055177172e-17,1.88968323856374e-16,1.25074090922338e-08,-2.76751280045479e-07,1.12440402789048e-17,1.93712113743767e-07,2.83643628400389e-08,8.29175564245282e-17,-2.60443349096542e-17,6.66301700786161e-17,-2.51630453937436e-19,2.24035599529693e-16,-4.74645550292609e-08,-1.04478223352617e-16,-5.85327164646281e-17,1.8984208030449e-17,1.8984223446499e-08,1.09072242454555e-16,-1.24262251263838e-16,1.27734274725149e-16,1.05501903355144e-16,-8.63842215966084e-09,-5.63293060381334e-17,2.59805539446156e-09,6.13448903023301e-17,2.9492455945491e-18,-7.78515037165573e-17,4.6802937118389e-18,-9.03848329354214e-18,6.4063401435549e-17,-7.31139070303535e-17,-4.49802504791641e-08,-1.56687105674564e-16,-6.10028513857025e-17,1.89002329780562e-08,8.03491104350763e-17,-3.36284902120174e-18,-2.61725052259262e-16,-1.46358431577569e-16,4.55109171746696e-17,-7.87944724360524e-17,-3.06677189531337e-06,1.55735272148766e-17,-1.41039382875044e-16,4.07001231098897e-08,-1.40920004115496e-17,-1.52457435188215e-16,5.66456881031852e-17,7.95333880270661e-17,-1.91346134276364e-16,2.13796474800529e-17,-1.53680178370907e-18,-7.58448934258789e-17,2.17306281044993e-17,-3.47836532596895e-17,-2.69080698901393e-18,-2.12960147638766e-08,7.05961956983336e-08,6.96974564386376e-17,5.36194816504399e-17,2.61011430991274e-17,-1.73127948243979e-16,1.35091590691694e-16,3.06221646170967e-16,3.33621690933817e-17,5.82513951889795e-17,-6.10748456597865e-09,-3.16774790708321e-17,4.40802191467176e-18,-5.66424620675544e-17,-1.10471361938804e-16,1.97189704551928e-07,7.56865015504253e-17,-1.23658571218474e-09,4.72196768831192e-18,-2.79445218629734e-17,-2.81885117677594e-17,4.71286644036748e-18,1.83324511827671e-17,2.04093482642899e-17,-3.08592205419328e-17,4.39113051121173e-17,-1.11142512284618e-17,1.11535787851509e-17,3.63498829749427e-18,1.21101643312205e-17,-2.04893458771406e-17,-1.36473640749292e-18,-6.69074039992143e-18,3.28563458849404e-17,1.99752927221873e-17,-6.69139599140456e-17,6.21113011194489e-17,-1.00389624842248e-16,-5.68121938382404e-17,-2.66296199294153e-17,-7.56148555981717e-17,-5.86050853117904e-18,-8.10469599132754e-17,5.85339871781978e-10,8.5448052928696e-18,1.41259390266628e-16,2.93223790975485e-17,1.44250484922644e-18,-4.05578580675649e-17,2.37291787785075e-17,-2.17009103068414e-17,-2.95444666830959e-17,-1.02768385166418e-17,-4.54834999551954e-17,-2.34187669256869e-17,-1.23801124685482e-17,-2.6826233589826e-17,-7.49410326443395e-18,-5.06712412561938e-17,-5.32167298077994e-17,4.86502519518825e-17,-7.5089821920459e-09,-3.56058942603e-17,-6.06787780350845e-17,3.05977876961238e-18,-9.12661942267148e-17,-3.39559035558054e-17,-1.84669585852416e-16,-3.01689667445145e-17,-2.80707928481957e-16,-5.19268977615851e-18,1.5858047194486e-09,2.26022531743967e-16,-4.6063523576296e-17,7.57065570559939e-17,-1.65641412400272e-17,1.94990343388631e-17,5.98843052133623e-17,-7.96684669633177e-17,4.83349094742175e-17,-7.43160512605368e-17,-8.41206886183116e-17,2.03295251221168e-17,-1.007130150438e-16,4.45198349503046e-17,7.97514412374319e-09,2.81332604760569e-17,1.70267064782522e-17,-2.88786848060072e-16,-3.08347097854877e-16,-6.03415229720894e-07,3.36349765423622e-17,3.1337854994953e-17,6.33474397301441e-17,-1.32141821341623e-16,-5.11074011338954e-17,4.4880207785549e-17,2.25820875405472e-16,6.83634443703153e-17,-1.92012921805228e-16,-8.32385317217279e-17,1.14863346136022e-16,5.16402909724713e-17,1.08379246741163e-16,-7.94615512232459e-17,-3.18337333670691e-20,-1.18822242836769e-16,-2.50530692533561e-16
"t256",-0.00499091703242406,0.0527692578523312,0.0679986622821099,0.0165558270796745,0.0342309246916815,-0.00572862567944183,0.00176033935138418,6.13549922013731e-05,0.000531455081894949,-0.00147183477240276,-0.000529081272351973,0.00643107010546427,-0.0222392639269346,-0.121245534904917,0.00321655434868429,-0.000415154612708704,-0.0241587938974504,-0.000219381574763033,6.14701225557204e-05,6.21624244756848e-05,-0.000272852167818601,8.40162006733797e-05,-0.000230828966737934,0.0003975611990775,-6.29286765107483e-05,0.000193060013288114,-0.000254585088146189,0.00221765176603495,-0.00160771167503493,0.00744625310868927,-2.95477326484278e-05,0.000450676147193902,0.000171152736689324,9.50494292108921e-06,-4.89571697444249e-06,-9.70986654111001e-06,-3.37499714353881e-05,3.39637776292416e-06,2.94194705902275e-05,1.00977089931989e-05,0.00745707249585277,3.50234920774943e-05,-1.08115532377232e-05,1.24415279892903e-05,-1.91433886528886e-05,-3.1882414837923e-07,5.06025047134693e-08,-4.14787238195679e-07,-1.31345185361668e-06,8.48738423927943e-06,-1.68373925816027e-05,0.00113598208015896,3.50549950038915e-09,7.57137488883661e-06,-7.2060922911054e-06,8.28852527922869e-05,-2.78160373828652e-05,0.10059548092759,0.00772141719402925,-5.33504008504306e-05,-3.51576123382597e-05,3.99907673074287e-05,-0.00106787872856655,0.00165087001564838,-4.67602354001615e-05,0.000149033161490236,-1.32830576566578e-05,0.0012550430211557,-0.1330228915979,-0.000636182342269498,4.45043968160294e-06,-1.16022377188258e-06,-1.3693511569479e-08,-6.83782152425677e-06,3.36560950061321e-06,5.36426942047717e-08,-6.23881871176148e-05,0.0719397768883549,1.35390549756709e-05,9.35184139282607e-06,-2.93305617109642e-05,-1.13092575044028e-05,-7.11747894623406e-07,-5.08924980893248e-06,5.71574022348395e-07,1.67907336430669e-05,-2.50312687883041e-06,-3.94420024370539e-07,-8.77198765638458e-08,3.32567471254819e-06,-7.23636148444587e-07,1.38450797770862e-08,8.78458964856023e-07,-4.73718638167631e-06,2.63546656941905e-08,1.74350388855356e-06,2.08633101339041e-07,-3.70635788898869e-06,0.000475991283815801,2.80402057988654e-06,1.42650959671276e-06,-9.61159947459627e-08,2.14437375539906e-06,-3.11206002194874e-06,1.47710634939524e-06,-2.4929666709766e-06,9.53410305517866e-05,-3.37535774588156e-06,1.63228436257883e-05,-6.20544506903112e-07,-0.000599110531186691,-4.05332734370267e-05,1.27599114278189e-05,-1.99853480160245e-05,8.29116930977514e-07,-3.29808847469058e-05,7.56043122764466e-05,-0.000140076334006802,0.000360198865179315,-0.374031510651844,-0.000953223834934302,0.00964073022633202,-0.000260998892822109,-0.000711025204239532,3.14504697538834e-05,-0.000276513290417999,2.78441020141271e-05,-5.32482185681361e-05,0.000223531727041264,0.00287224663584874,1.23102373015334e-05,0.000271047225900832,-3.65675823411274e-05,-6.72972016260786e-05,3.18956671267972e-06,0.000122613246372083,-1.12836692189215e-06,-0.0958335942316186,-2.79984954828693e-05,6.88767118200096e-05,3.721623539958e-07,-4.28817246828244e-05,3.4447843952295e-05,2.72285527853093e-06,1.03952387262141e-06,-1.4711147291376e-06,-0.314328721554891,-1.49666885384044e-05,-7.91750035190022e-07,1.39219639937292e-06,2.89858421451202e-05,5.88255914373939e-06,1.64451548803345e-05,-4.3937454810262e-05,0.25662809802408,-1.37031252839439e-06,9.8122757364968e-06,-2.07052051718907e-07,-1.1943633035023e-07,-4.81841177959897e-08,-1.91048549788207e-05,0.020308385016128,2.54887229309977e-08,-1.07691133119846e-07,1.9792784829099e-06,-2.01258025858323e-06,3.7498699656084e-06,6.51057176448308e-08,3.25105104438647e-06,0.00010184378978183,-7.54724552814071e-06,-1.33820300568086e-06,1.69992948124291e-07,4.49093085906169e-07,1.1662737752949e-06,1.88558905123703e-07,1.06294346609946e-07,-4.86898774131398e-06,-8.3232219101652e-06,-7.53131526821842e-05,0.00145375952670412,-1.4752338518256e-05,-7.68142295523098e-05,1.97411227327885e-09,-1.13251920287133e-06,-2.7764533552178e-08,-4.68471925952762e-06,1.7033142624658e-06,7.69077389835949e-06,-1.02014121632754e-05,-2.49795654420349e-07,4.86598532041179e-07,1.96480495333804e-06,3.56192683450915e-09,1.12559820080917e-05,-5.0654178582649e-07,-9.39116379000597e-07,-6.75189541126693e-07,5.68287843411885e-07,2.52216239907001e-07,2.52411764061712e-07,8.30655499256968e-05,-6.602555993363e-09,-1.18189488841736e-06,-1.79053277238592e-06,-8.90502719130263e-06,1.15541163436455e-06,6.06779930987546e-06,-8.63178931431513e-06,-5.37254099261854e-08,-3.52727550214679e-05,1.13971593983516e-05,-3.01791561996794e-05,-3.75151820243373e-06,-3.03573925655287e-07,-1.97598572757826e-06,5.2055606824802e-07,0.00150582723559549,-5.94077729440211e-07,-3.2591800554319e-06,-0.00037797663446908,1.82825026675087e-05,4.32355357404232e-06,0.000452194623007291,-3.80128209771266e-06,-1.51598982182873e-06,-2.10275999867959e-05,-0.00642068146236225,-1.91793410396523e-06,-1.63844951886578e-06,4.95955681386904e-06,1.02599983139206e-06,5.72811930814814e-07,9.59175869716926e-07,-5.10734902155026e-08,-1.18139190803745e-07,-4.36955984152411e-06,7.75641766127239e-17,-4.90962365504784e-07,7.0071751837944e-06,-3.46523090440039e-05,-3.63811398118956e-06,-4.16249630016571e-06,7.01972126471845e-07,-8.15941634431431e-07,4.23488810160063e-06,-6.85778177030068e-08,4.50263337541795e-09,-1.03134676811071e-06,1.05348751387107e-05,-8.30385627361165e-06,3.45148586255831e-05,-2.16067416933639e-06,1.21893682657892e-07,-8.20814860557403e-09,4.03433344471307e-07,-4.27118376295661e-07,6.80881149452131e-06,1.85193497555121e-06,-4.65010851552193e-07,0.0357531547597123,2.63656403577582e-06,-0.000134895703342067,-1.07334051809161e-07,1.89267645184334e-07,-6.90319534337094e-08,2.14676233428161e-08,1.04879220097273e-05,-3.30794131272104e-06,1.7492826155434e-07,0.000254595147697565,-1.67270671995765e-07,2.0479698135058e-06,-1.00816656450663e-05,0.0365023531879047,2.57173256603727e-05,-2.81461987821594e-06,7.46104735461499e-09,2.56813527795387e-06,-1.52264389126339e-07,6.41439426962941e-07,-5.66866382032789e-17,-1.91214841383645e-06,-6.67049605202237e-08,-9.2039713784672e-11,-8.77040347292785e-07,1.17354405064114e-07,-7.45068658998409e-08,-2.48721915822904e-07,3.19710751988683e-08,-1.36524443384834e-06,4.75290823976558e-06,1.79398249054942e-07,-4.70518928631341e-06,2.27341649667573e-06,-2.77679972259689e-06,9.13072230785924e-06,-1.59931230283708e-06,2.79213541805974e-06,9.93494390232296e-08,7.55936685053315e-08,4.98790015754754e-06,-4.39513954236183e-05,2.05995313937703e-07,-6.20736445801038e-06,0.000243370294731544,-0.000824776710061568,3.62274118492937e-06,3.46464703506749e-06,2.23209032291233e-05,-7.72556574649175e-06,-6.31867845285053e-06,1.49205161124358e-05,-0.352140429250938,-3.78617729062492e-06,-1.28748387943371e-05,1.03620708756245e-05,-1.35884911656207e-15,-6.61729605883565e-09,-3.89639521829688e-06,3.88407494822645e-07,-2.01987247059537e-06,-2.59476210244428e-07,-5.77902946125082e-07,-1.86084900934756e-06,0.00653010075469746,5.67994749681552e-07,9.49692153862246e-16,7.55486771666209e-07,6.97026574421243e-09,2.5367702302232e-08,-1.19900844662549e-07,-1.66134313147753e-07,1.01307813549871e-08,3.28101200603264e-07,-7.68802534574997e-08,2.62735044216474e-07,-2.37855477969741e-07,2.66048341043795e-08,5.1252001088812e-08,5.40519453156923e-08,2.30024751741824e-10,2.9303497352395e-08,-1.2341710774211e-08,1.52045986236021e-08,-5.69187466065631e-16,-9.55521076168308e-08,9.54147488904829e-09,2.75547557496989e-10,3.78242861247295e-09,-1.30222191488271e-07,-4.14264052807796e-07,2.28963458453412e-07,-8.44613508359597e-07,-4.38945306010258e-08,-2.38396186747357e-16,-8.50575539602642e-08,-3.41739044509796e-08,-1.17294604435347e-07,1.02470226199664e-16,2.37044732806608e-07,3.47822337067194e-07,-5.35676523355253e-08,-2.03970619849579e-07,-7.12973572992662e-08,-4.17134979991947e-08,-3.46522500803359e-05,3.61424300459785e-08,2.92462865480099e-07,1.68394451212176e-08,8.66572456774357e-08,1.25310008332549e-07,3.7678535332983e-17,-5.33656496549034e-08,1.76969256800647e-07,8.83537429551079e-07,-1.2177356032631e-07,-1.38617423124203e-17,-3.28965328802973e-06,2.45180178824397e-08,-6.07566654292035e-08,-4.12136708391624e-08,-1.40017188645115e-07,1.52307152797691e-07,-5.35058321265866e-05,2.97826005059156e-07,1.03279912440731e-16,1.13844614446312e-06,-2.18759541694043e-07,6.17095873112531e-07,1.75902999659653e-06,-0.000390788449387453,-9.13397714682488e-10,-2.84494650060196e-16,-1.35693631926045e-16,-9.45325862980286e-10,-1.22421411934641e-07,1.61660597220382e-08,-1.6503651646279e-07,6.19075749921134e-16,-8.00216752976645e-08,-9.531691400245e-10,5.10439769877708e-17,-1.35545651459793e-16,-2.80777603879815e-16,2.07939708689227e-07,1.59637490031414e-05,-6.72377726912043e-07,5.30185456617566e-07,2.64536184030306e-07,1.26319726603127e-05,-2.34972762272945e-07,-9.00386081646087e-13,-5.26267057438089e-08,1.48456827062928e-07,-7.41285013005699e-18,-1.8404628478255e-16,-9.46483303123501e-08,-5.11545061542569e-11,-5.63868565561957e-08,3.07375772547575e-07,5.59947918645811e-08,-2.09700574039021e-08,-1.07944971624882e-16,-7.05791424610837e-08,-1.55347732165552e-16,-2.41085235791262e-07,-1.38127356774653e-16,-6.31011492282844e-08,-2.15274823150242e-16,2.59652791806962e-07,6.84024035554732e-08,2.86069596830645e-08,3.76308651338628e-07,1.86495613761056e-07,-2.14457627789476e-08,1.36214213633974e-07,1.22816593311858e-06,2.30356534355574e-07,2.126728968651e-08,4.80023071840389e-08,-1.35469929834017e-07,-2.32707915996575e-07,-1.89127722192664e-08,-6.50930443449556e-08,-2.46494630548133e-17,6.10914904291154e-07,-1.05571614239107e-07,5.49928387168436e-08,3.13286305069333e-16,9.65851460609776e-09,2.63573390881102e-07,2.14626645801396e-05,-8.59247687730048e-17,-2.24202990408738e-07,-1.20735080784033e-07,6.30103813237785e-17,-4.13939431002192e-06,3.59029024306359e-07,3.35316862756286e-16,-2.23541897866786e-16,-1.32041343400529e-08,-7.09065917505732e-08,-4.04523002043751e-10,-5.62100219951992e-07,1.49743035153825e-07,4.40572572822203e-08,4.24597280086636e-08,3.93784312283225e-07,-8.8669592443835e-07,5.59014640133526e-16,1.83087413246096e-09,1.26027194752651e-09,3.48036075416395e-09,3.25969124102468e-07,-6.06299013871916e-16,1.71455572195742e-16,1.07337024386495e-07,3.6434586971949e-16,-2.0912804935038e-16,5.13789535902558e-07,-1.71421080358286e-05,-1.14408514275989e-07,-7.73797049482128e-09,4.01553605154511e-06,2.29980678182321e-05,2.55113514508183e-08,-2.5000002198964e-16,6.04454165628316e-08,2.82608540352052e-09,1.29724447513516e-08,-1.30743999193863e-07,5.17554129527752e-07,3.63691018514196e-17,9.48833425014022e-17,1.13406731132405e-15,-4.54451311298365e-08,-2.18363710435118e-08,-1.27194399722067e-07,2.06837597082163e-16,-1.67716745232264e-08,5.40845188281688e-16,1.88059171853163e-16,5.46318531150954e-06,-5.90174387794691e-08,-3.40439482160448e-16,-1.49237868163842e-07,-7.7125389468363e-08,1.78161294482315e-16,1.74818923129558e-07,-1.59716509439341e-17,6.22518668598994e-08,-3.8942528322749e-17,6.25573842766127e-08,1.37599604313061e-05,1.91556096458255e-08,1.81479205696272e-08,1.25013108516851e-07,-6.27290190673363e-08,1.74189145537531e-07,3.9191580772597e-16,1.16834138929248e-06,-6.64128734864941e-08,6.63905910610003e-16,-8.90708486421814e-09,-0.00102050496762464,3.78943414967685e-08,-7.21996143481125e-16,2.89871818011536e-06,1.68874114112029e-07,-9.87308050586241e-17,-4.22932275914907e-07,-9.36400563385028e-08,-4.89110313162449e-09,-5.91870459931288e-16,-1.49965238654341e-15,1.99633428986146e-06,2.69440516718816e-08,2.18062596269749e-09,-3.52820715250189e-08,1.60851306956379e-08,1.87329011064664e-15,5.91633646089849e-16,5.87594361044926e-08,4.05054745594536e-10,2.61957950279285e-15,1.42160810097056e-07,-1.44833760076875e-15,7.36275493179534e-08,-2.72673514676363e-08,-1.59334941547738e-08,-1.05670870350379e-07,-5.63846920918442e-16,-2.76742635215177e-15,1.61977566744222e-15,6.48666239376239e-15,-8.51925886964266e-09,-2.955865812033e-08,3.64927089974666e-15,6.46142191117129e-15,-2.3160801288729e-15,4.16466951052888e-08,3.74423176558303e-10,-2.06426885994187e-08,4.10936042818105e-15,3.10222767613277e-15,-3.09420458005638e-15,-2.01212700825256e-05,2.64227433041504e-08,-5.11497227557333e-14,4.76325316692239e-09,-1.24750427672369e-07,0.707106781186548,-6.33275234822101e-14,-8.63827767352453e-08,-2.00712915708526e-08,-4.28513004435404e-08,9.24374277037241e-15,0.000105888069056673,7.02177781246817e-08,7.54786988157218e-08,-6.89116328629638e-08,-1.85582115023639e-07,3.0229614309973e-09,-8.4348316214157e-16,4.34464116578372e-15,-3.42927647312733e-15,5.7689789435679e-08,-5.22362546971937e-08,-1.96978718448311e-08,-3.36919219635736e-05,-7.74438060384725e-16,-1.43743128987671e-15,1.27812486520574e-15,5.38830447552085e-16,1.33014605366665e-15,7.43174272378733e-08,7.17388227626685e-16,-1.59878581687082e-15,-1.20427430351992e-08,-1.02742110414644e-16,-1.07808428228863e-08,-4.98187941302724e-17,-1.33669427305758e-08,2.33676695931512e-17,-1.62154090360292e-08,-2.03017773636448e-09,-1.853119274488e-07,1.38874626689518e-13,6.52608112344158e-08,5.1918788377725e-16,9.27596589199109e-08,-1.63515723700835e-07,1.93982716117663e-06,4.59601500503947e-16,1.3211730711818e-07,1.26858528685095e-16,-3.25732916096422e-08,-4.14323663531282e-06,8.36481643832044e-17,1.92015899000176e-16,2.66664951635659e-16,1.35762671687257e-16,-6.16776235439917e-10,-8.03431147981143e-09,-1.79469540558809e-09,4.48733515094597e-17,-3.92149310866594e-16,-1.90064122220008e-08,1.5505128179473e-07,2.53155874063801e-17,3.51852790653432e-16,-8.21420105901501e-09,6.23213260944666e-16,-5.82502442843202e-08,3.44131443284208e-16,1.24101189499861e-05,-9.34018691969376e-17,7.61188478009936e-16,-5.95457799586239e-16,-1.65277708007491e-16,3.23942169354538e-16,-3.33634328386927e-16,1.05934724612576e-08,-7.40893253038155e-08,5.92778868752024e-17,-1.25191268236847e-06,1.87329041892101e-07,5.05478127709932e-16,-1.41604051957127e-15,1.47502531878701e-16,-8.80906133576873e-16,1.85011161652336e-08,2.96009472320555e-09,-1.22096281497669e-16,7.71054624271285e-16,-3.36590378925435e-08,-3.04889364573215e-06,-1.8157697842493e-09,3.71266090155046e-18,-4.13147368886683e-16,3.01235660007986e-16,7.0941066293777e-16,2.68195400683398e-17,-8.70272698739901e-16,7.10964412232331e-08,-6.72641855701127e-08,-1.29375775903062e-08,-5.16141135385723e-16,-1.02578902210803e-16,1.88351692157828e-17,-6.66000274930458e-17,4.34176908605504e-16,6.5256641444319e-17,1.02347680584998e-16,-2.30407235212076e-16,-2.61360981308635e-16,6.01815695108877e-16,-1.49661913374186e-16,2.10665348037835e-16,5.74935901993784e-16,1.42889971590432e-16,7.13298588966555e-09,-1.0647722347186e-16,3.26239528810607e-16,-8.84077065681998e-17,1.01066131928162e-07,-1.21759784355562e-09,3.52945405127293e-16,-2.60952769128459e-09,9.26188138349909e-08,-1.63436762586267e-16,8.6934393742158e-17,-0.000131689478177998,4.94138526605264e-16,2.26997908320602e-09,-4.24522685230688e-18,4.91620469445362e-17,4.6829509996361e-17,-1.49209136957676e-17,2.27517971106839e-09,-6.09961235681143e-05,-3.46034798684569e-16,1.12360038170746e-16,-6.0767577888176e-17,1.98101925770476e-16,3.7101398342454e-16,3.60613335304106e-16,3.74048027757903e-18,9.86291806268008e-17,3.69333590417182e-09,1.15182805798127e-16,5.29372751870947e-17,4.81342004656504e-17,-1.35931190805435e-16,6.35091262794488e-16,-1.01602933104328e-16,-7.29305432295544e-08,-6.16187369032985e-16,-1.19936149185236e-16,1.22196032841664e-06,-2.30936828646369e-16,5.67047885613867e-17,-1.47435269942464e-16,-1.60160655559582e-17,4.54309629555031e-08,-8.74183256363945e-17,-3.35452194419564e-08,3.0133233532849e-17,2.21076788183555e-16,-3.29112881452197e-16,7.2007541395509e-17,1.06984420928121e-16,2.83370449472026e-16,1.21289039143264e-09,-1.8076659491558e-16,-4.72684660292362e-16,6.84578839246872e-09,-1.51487497106213e-07,-1.27836073110005e-16,1.0616284969968e-07,1.5550857809543e-08,3.56137706260918e-17,-1.17905017828835e-16,-1.2475243914588e-16,-6.35617815712817e-17,-3.65169062865296e-18,-2.61687595642055e-08,1.94989837462257e-16,-1.58311516590238e-16,-2.10098567682939e-16,1.04816131375555e-08,1.56339450102237e-18,6.94050843989564e-16,-1.1535366075841e-16,1.72802469400667e-16,-4.77846835557731e-09,2.72513059031164e-16,1.43798698962266e-09,2.25329735014727e-16,-1.65773158457925e-16,-6.06448057855475e-17,5.6075143430004e-17,-1.0066619830187e-16,-2.45130251745233e-17,1.00826870460723e-17,-2.4972265287652e-08,3.54077767332602e-16,-9.21411962107858e-18,1.05010239752038e-08,1.5481790645297e-16,1.04211832505533e-17,-2.00670760847428e-16,-3.42559363166678e-16,-2.29598793735783e-16,1.65236950644427e-16,-1.70794593557933e-06,-4.18393181331374e-17,-1.73608014619512e-16,2.26906633165577e-08,-1.78747556390856e-16,1.01492788695285e-16,2.51058638753595e-16,-2.30782062681073e-16,5.76672829587812e-17,3.27601998606192e-16,-1.82236222977556e-16,1.7935245546476e-17,-6.04787622354449e-16,1.47217138256841e-16,-7.57467827710448e-17,-1.19188500608808e-08,3.95292612122051e-08,8.9089103920608e-17,-5.42032329571187e-17,1.69515620894758e-16,-1.25053915815243e-16,2.00794242344315e-16,-5.34476769819456e-17,1.9841551711203e-16,-6.72082440216607e-17,-3.42805351679791e-09,-1.35526102797946e-16,9.39929652773416e-17,-4.10950459612457e-17,6.64962538090735e-17,1.10906071261381e-07,2.754819831727e-17,-6.97090743847693e-10,1.36430390695089e-16,9.86001864388001e-18,-5.43641831422666e-18,-9.01509091942317e-17,-1.68776298180994e-16,7.73183902327347e-17,1.00308328167556e-17,-2.24046827676019e-17,-3.92643376461194e-17,-5.753992977315e-18,2.06998988490725e-16,-1.11964522762871e-16,7.18796326549783e-17,3.5050380868226e-18,2.12616358752503e-16,-1.37364355815324e-16,5.4571007950018e-17,9.42090077462072e-17,8.80962058831247e-18,-2.51252167169232e-16,3.40439482160448e-17,-1.69764349418528e-16,1.20919431932976e-16,2.33701648973834e-16,-7.34221044391644e-17,3.32727008627568e-10,1.1702215363372e-16,-4.00125945348079e-17,-2.54139347373902e-17,-2.67905655057147e-16,3.36619736076405e-17,-1.61639246552935e-16,1.93311389103396e-16,1.27441065991703e-16,1.2067627786984e-16,6.70872419189917e-18,-1.02999206386123e-16,-1.7185685969197e-16,4.40563302303855e-17,-5.92901867676407e-17,-2.55437736331642e-16,2.38549708560291e-17,-1.69876897006645e-16,-4.29200128074197e-09,3.12372247919983e-17,-1.17804349246295e-17,1.32008711348461e-18,4.83856499948159e-17,2.81330673581711e-16,3.58475616286399e-17,-4.37495199641828e-17,1.48354016352096e-16,-2.86156441186166e-17,9.11518347846293e-10,2.10699777071287e-16,-2.35419626783255e-17,-5.98936725219913e-17,1.30687613661828e-17,-7.26596381794524e-18,1.07624459517531e-16,-3.44062784834077e-18,-1.47307774656506e-18,5.49719829122044e-17,2.54564066127955e-17,-1.27819789972667e-17,4.5948877954381e-17,-6.4661039047461e-17,4.60960886494717e-09,4.47032398766319e-17,-2.47527056645024e-17,2.02173535113997e-17,-4.32596666821716e-16,-3.49664545102949e-07,-1.96093254065278e-17,2.32298371865411e-17,-1.30544350745291e-17,2.6851659997393e-17,5.74453039310316e-17,3.39053294688179e-17,1.64406131402249e-16,4.39928467227658e-18,7.92088516688117e-17,3.3453728145235e-17,1.87422551171155e-17,1.36741013566087e-17,-7.95755135544185e-17,6.28484180275367e-17,8.1943389191264e-17,1.00694132182289e-16,-1.29309663799697e-16
"t257",-0.00499091703242406,0.0527692578523312,0.0679986622821099,0.0165558270796745,0.0342309246916815,-0.00572862567944184,0.00176033935138419,6.13549922013716e-05,0.000531455081894952,-0.00147183477240276,-0.000529081272351977,0.00643107010546428,-0.0222392639269346,-0.121245534904917,0.00321655434868429,-0.000415154612708705,-0.0241587938974504,-0.000219381574763027,6.14701225557174e-05,6.21624244756744e-05,-0.000272852167818599,8.4016200673387e-05,-0.000230828966737922,0.000397561199077493,-6.2928676510754e-05,0.000193060013288114,-0.000254585088146188,0.00221765176603497,-0.00160771167503493,0.00744625310868926,-2.95477326484324e-05,0.000450676147193906,0.000171152736689329,9.5049429210926e-06,-4.89571697442216e-06,-9.70986654111356e-06,-3.37499714353859e-05,3.39637776292504e-06,2.94194705902364e-05,1.00977089931972e-05,0.00745707249585278,3.50234920774946e-05,-1.0811553237719e-05,1.24415279892887e-05,-1.91433886528852e-05,-3.18824148388967e-07,5.06025046999801e-08,-4.14787238185434e-07,-1.31345185361158e-06,8.48738423929526e-06,-1.68373925816028e-05,0.00113598208015897,3.50549950410172e-09,7.57137488884008e-06,-7.20609229110135e-06,8.28852527922489e-05,-2.78160373828721e-05,0.10059548092759,0.00772141719402925,-5.33504008504319e-05,-3.5157612338277e-05,3.99907673074204e-05,-0.00106787872856659,0.00165087001564839,-4.67602354001529e-05,0.000149033161490243,-1.32830576566462e-05,0.00125504302115575,-0.1330228915979,-0.000636182342269468,4.45043968162755e-06,-1.16022377188302e-06,-1.36935115591589e-08,-6.83782152427833e-06,3.36560950070563e-06,5.36426941883011e-08,-6.23881871176298e-05,0.0719397768883549,1.35390549756623e-05,9.35184139282321e-06,-2.93305617109735e-05,-1.13092575044122e-05,-7.11747894644566e-07,-5.08924980893222e-06,5.71574022388461e-07,1.67907336430552e-05,-2.50312687885405e-06,-3.94420024355747e-07,-8.77198764652393e-08,3.325674712569e-06,-7.23636148466251e-07,1.38450798169848e-08,8.78458964914064e-07,-4.7371863816943e-06,2.63546657028418e-08,1.74350388858852e-06,2.08633101407395e-07,-3.70635788898393e-06,0.000475991283815749,2.80402057988797e-06,1.42650959671453e-06,-9.61159948562502e-08,2.14437375535214e-06,-3.11206002191956e-06,1.47710634933353e-06,-2.49296667100712e-06,9.53410305518362e-05,-3.37535774589323e-06,1.63228436258634e-05,-6.2054450689433e-07,-0.000599110531186774,-4.05332734370871e-05,1.27599114279087e-05,-1.99853480160218e-05,8.29116931063249e-07,-3.29808847469032e-05,7.56043122764172e-05,-0.000140076334006693,0.000360198865179286,-0.374031510651844,-0.000953223834934269,0.00964073022633205,-0.000260998892822157,-0.00071102520423957,3.1450469753864e-05,-0.000276513290417936,2.78441020140751e-05,-5.32482185680192e-05,0.000223531727041309,0.00287224663584875,1.23102373016133e-05,0.000271047225900959,-3.6567582341096e-05,-6.72972016260513e-05,3.18956671270205e-06,0.000122613246372097,-1.12836692190199e-06,-0.0958335942316188,-2.79984954828733e-05,6.8876711819985e-05,3.72162354009868e-07,-4.2881724682797e-05,3.44478439522825e-05,2.72285527851182e-06,1.03952387261013e-06,-1.47111472911247e-06,-0.314328721554891,-1.49666885383569e-05,-7.91750035198729e-07,1.39219639938103e-06,2.89858421451575e-05,5.8825591437489e-06,1.64451548803134e-05,-4.39374548103034e-05,0.256628098024081,-1.370312528335e-06,9.81227573652365e-06,-2.07052051748182e-07,-1.19436330349449e-07,-4.81841177897648e-08,-1.91048549787333e-05,0.020308385016128,2.54887229640738e-08,-1.07691133182878e-07,1.97927848283317e-06,-2.01258025865035e-06,3.74986996562144e-06,6.51057176628902e-08,3.25105104439498e-06,0.00010184378978184,-7.54724552816495e-06,-1.33820300565925e-06,1.69992948113527e-07,4.49093085881905e-07,1.16627377524475e-06,1.88558905146442e-07,1.06294346594867e-07,-4.86898774109553e-06,-8.32322191016721e-06,-7.53131526822223e-05,0.0014537595267041,-1.47523385182967e-05,-7.68142295522588e-05,1.97411226542623e-09,-1.13251920288147e-06,-2.77645335569581e-08,-4.68471925947425e-06,1.70331426248547e-06,7.69077389834163e-06,-1.02014121632819e-05,-2.49795654431513e-07,4.86598532070197e-07,1.96480495337682e-06,3.56192683534956e-09,1.12559820080899e-05,-5.06541785760398e-07,-9.39116378686304e-07,-6.75189541168801e-07,5.68287843489628e-07,2.52216239801792e-07,2.52411764105892e-07,8.30655499257069e-05,-6.60255610584273e-09,-1.18189488835035e-06,-1.79053277237879e-06,-8.90502719131402e-06,1.15541163431841e-06,6.06779930990321e-06,-8.63178931420325e-06,-5.3725409962947e-08,-3.52727550213012e-05,1.13971593984309e-05,-3.01791561996736e-05,-3.75151820237466e-06,-3.03573925616438e-07,-1.97598572711141e-06,5.20556068300999e-07,0.00150582723559552,-5.94077729402412e-07,-3.25918005544738e-06,-0.000377976634469067,1.82825026675607e-05,4.32355357397639e-06,0.00045219462300725,-3.80128209778025e-06,-1.51598982192445e-06,-2.10275999868258e-05,-0.00642068146236237,-1.91793410393966e-06,-1.63844951882991e-06,4.95955681377949e-06,1.02599983127046e-06,5.72811930796365e-07,9.59175869664979e-07,-5.10734902177713e-08,-1.1813919076643e-07,-4.36955984145345e-06,6.75536758888124e-17,-4.90962365370159e-07,7.00717518377966e-06,-3.46523090440573e-05,-3.63811398111541e-06,-4.16249630018724e-06,7.01972126563452e-07,-8.15941634345648e-07,4.23488810160877e-06,-6.85778176686806e-08,4.50263339344223e-09,-1.03134676803038e-06,1.05348751383699e-05,-8.30385627360315e-06,3.45148586253583e-05,-2.16067416929337e-06,1.21893682515649e-07,-8.20814870965744e-09,4.03433344610482e-07,-4.27118376310065e-07,6.80881149478796e-06,1.85193497559241e-06,-4.65010851721861e-07,0.0357531547597123,2.63656403572106e-06,-0.000134895703342194,-1.07334051731171e-07,1.89267645227287e-07,-6.90319533512433e-08,2.14676233288976e-08,1.0487922009864e-05,-3.30794131277238e-06,1.74928261453208e-07,0.000254595147697551,-1.67270671962574e-07,2.04796981366131e-06,-1.008166564505e-05,0.0365023531879048,2.57173256603962e-05,-2.81461987827478e-06,7.46104725664303e-09,2.56813527799217e-06,-1.52264389180612e-07,6.4143942689267e-07,-1.30747260832282e-17,-1.91214841379101e-06,-6.67049606371272e-08,-9.20397689594717e-11,-8.77040347262218e-07,1.17354405105182e-07,-7.45068658771481e-08,-2.48721915899974e-07,3.19710752349739e-08,-1.36524443386171e-06,4.75290823961122e-06,1.79398248883427e-07,-4.70518928628688e-06,2.27341649651458e-06,-2.77679972265395e-06,9.13072230794903e-06,-1.59931230287255e-06,2.79213541814734e-06,9.93494390800953e-08,7.55936685475941e-08,4.98790015771584e-06,-4.39513954236811e-05,2.05995313923655e-07,-6.20736445806707e-06,0.000243370294731572,-0.000824776710061577,3.62274118498602e-06,3.46464703514615e-06,2.23209032292484e-05,-7.72556574663817e-06,-6.31867845299718e-06,1.49205161125849e-05,-0.352140429250937,-3.78617729072887e-06,-1.28748387943932e-05,1.03620708754297e-05,-1.39028986146561e-15,-6.61729628315895e-09,-3.89639521813953e-06,3.88407494797492e-07,-2.01987247047196e-06,-2.59476210276894e-07,-5.77902946097919e-07,-1.86084900939272e-06,0.00653010075469721,5.67994749583596e-07,1.06678557085507e-15,7.55486771749696e-07,6.97026562278931e-09,2.5367702225912e-08,-1.19900844764384e-07,-1.66134313395579e-07,1.01307813993152e-08,3.28101200599259e-07,-7.688025355447e-08,2.62735044655459e-07,-2.37855477959709e-07,2.66048340563751e-08,5.12520009573594e-08,5.405194534783e-08,2.30025080688763e-10,2.93034972970579e-08,-1.23417108639809e-08,1.52045984744796e-08,-3.0583594415402e-16,-9.55521072899681e-08,9.54147483375398e-09,2.75547587304157e-10,3.7824287565973e-09,-1.3022219155911e-07,-4.14264052739156e-07,2.28963458369198e-07,-8.44613508061611e-07,-4.38945306327472e-08,-1.56620211002102e-16,-8.5057553733313e-08,-3.41739044183187e-08,-1.17294604487271e-07,-4.44338879461909e-18,2.37044732814033e-07,3.47822337029847e-07,-5.35676524174385e-08,-2.03970619910059e-07,-7.12973571660768e-08,-4.17134978956813e-08,-3.46522500803269e-05,3.61424301825933e-08,2.92462865041743e-07,1.68394451747402e-08,8.66572456688529e-08,1.25310008372814e-07,-2.16872225016482e-17,-5.33656492588668e-08,1.76969256832822e-07,8.83537429149424e-07,-1.21773560112315e-07,8.66966570775582e-17,-3.28965328814604e-06,2.45180174637209e-08,-6.07566653419201e-08,-4.12136705240188e-08,-1.40017189293343e-07,1.52307152761472e-07,-5.35058321266688e-05,2.97826005196445e-07,1.88188880138619e-16,1.13844614437869e-06,-2.1875954179921e-07,6.1709587315331e-07,1.75902999647392e-06,-0.000390788449387394,-9.13397850645264e-10,1.07552855510562e-16,-2.22841439345656e-18,-9.4532602086083e-10,-1.22421411966896e-07,1.61660600405908e-08,-1.65036516547594e-07,4.07332750922649e-16,-8.00216752923505e-08,-9.53169124586112e-10,4.00393887615534e-17,-1.2086976529339e-17,-1.08765755250525e-16,2.07939708651861e-07,1.59637490032738e-05,-6.72377726435055e-07,5.30185456578992e-07,2.64536184018453e-07,1.26319726605979e-05,-2.34972762279732e-07,-8.99807603121767e-13,-5.26267058529577e-08,1.48456826862408e-07,-1.3133611191385e-16,2.44768286756391e-16,-9.4648330257659e-08,-5.11547193915722e-11,-5.63868564479326e-08,3.07375772609621e-07,5.59947917483281e-08,-2.09700577538012e-08,-5.70470675950397e-18,-7.05791423408501e-08,9.27723770143141e-17,-2.41085236278557e-07,-4.4354710876382e-16,-6.31011498770805e-08,1.24731045227239e-16,2.59652791438772e-07,6.84024034687287e-08,2.86069599992519e-08,3.76308651253834e-07,1.86495613774236e-07,-2.14457629785524e-08,1.36214213326935e-07,1.22816593300845e-06,2.30356534355612e-07,2.1267290039733e-08,4.80023067191402e-08,-1.35469929708734e-07,-2.327079157173e-07,-1.89127725121928e-08,-6.5093044019515e-08,-3.0287113081552e-17,6.10914903893375e-07,-1.0557161440231e-07,5.49928397323126e-08,-1.01220179890221e-16,9.6585149578566e-09,2.635733908636e-07,2.14626645800367e-05,1.82306688075346e-16,-2.24202990608079e-07,-1.20735080679045e-07,1.06707663512126e-16,-4.13939431026944e-06,3.59029025046604e-07,-1.44402360188536e-16,-6.1773041332628e-17,-1.32041344422346e-08,-7.09065916076759e-08,-4.04523363433719e-10,-5.6210021964696e-07,1.49743034845141e-07,4.40572575986022e-08,4.24597281837966e-08,3.93784312346286e-07,-8.86695924787817e-07,6.52256026967279e-16,1.83087481629184e-09,1.26027154581601e-09,3.48035893241898e-09,3.25969124793127e-07,4.0426295617226e-16,-3.95953658570887e-16,1.07337023871194e-07,-3.29377313698652e-16,6.79416279012906e-17,5.13789536096851e-07,-1.71421080356529e-05,-1.1440851425636e-07,-7.73797065707032e-09,4.01553605148076e-06,2.29980678184835e-05,2.55113507177399e-08,3.5239258778919e-16,6.04454172152349e-08,2.82608497934137e-09,1.29724444716847e-08,-1.30743998636465e-07,5.17554129579213e-07,-1.67463445381699e-16,1.44191537151438e-16,-1.22431633987678e-15,-4.54451303862105e-08,-2.18363708865601e-08,-1.27194399861957e-07,-2.96229712322295e-16,-1.67716748255545e-08,-3.70968838778622e-16,-1.7330050957841e-16,5.46318531167052e-06,-5.90174381767146e-08,4.98299318474338e-16,-1.49237867724569e-07,-7.71253889906705e-08,-4.2650030471502e-17,1.74818923423205e-07,-6.27342088456445e-18,6.2251866485211e-08,-8.80035861015421e-18,6.25573838087291e-08,1.37599604319035e-05,1.91556094829615e-08,1.81479189978592e-08,1.25013108048247e-07,-6.27290207462234e-08,1.74189145980019e-07,-4.01891814535379e-16,1.1683413888446e-06,-6.64128732943059e-08,-8.77177728944298e-16,-8.90708437421738e-09,-0.00102050496762516,3.78943421944668e-08,8.55789943150827e-16,2.89871818007466e-06,1.68874113941566e-07,2.27401514878645e-16,-4.22932275877563e-07,-9.36400549031996e-08,-4.89110352324891e-09,4.90050206582436e-16,1.4767855203548e-15,1.99633428939548e-06,2.69440507098287e-08,2.18062426927386e-09,-3.52820709463294e-08,1.60851304670851e-08,-1.7534680758606e-15,-4.68973361928382e-16,5.87594356056994e-08,4.0505823721466e-10,-2.41807889876076e-15,1.42160810188254e-07,1.48058049240016e-15,7.36275498223313e-08,-2.72673482491864e-08,-1.59334954919089e-08,-1.05670872567944e-07,3.05004002664928e-16,2.69886658348796e-15,-1.70570613894281e-15,-6.48308581773341e-15,-8.51925932017187e-09,-2.95586602384822e-08,-3.71873600822805e-15,-6.37888896785442e-15,2.29217996455016e-15,4.1646694552976e-08,3.74433808684424e-10,-2.06426896663262e-08,-4.07619085076351e-15,-3.36476723220014e-15,3.10309503787076e-15,-2.01212700793185e-05,2.64227438813289e-08,5.11330022046963e-14,4.76323500774228e-09,-1.24750441705652e-07,-0.707106781186548,6.33536171277829e-14,-8.6382796205104e-08,-2.00713095249631e-08,-4.28512992143105e-08,-9.22132164816152e-15,0.000105888069058247,7.02177760581314e-08,7.54787020096569e-08,-6.8911635048967e-08,-1.85582116155736e-07,3.02295972558461e-09,8.48197696882156e-16,-4.33190318745947e-15,3.43838868713998e-15,5.76897915523498e-08,-5.22362544043644e-08,-1.96978697932961e-08,-3.36919219640753e-05,1.163607204251e-15,1.51940425014966e-15,-8.8521055138719e-16,-5.26778324165005e-16,-1.54740783209683e-15,7.43174278185519e-08,-6.88820621637674e-16,1.81197045757324e-15,-1.20427421697239e-08,2.67476269103457e-16,-1.0780841558249e-08,1.43942999868118e-17,-1.33669394265431e-08,-8.90823436726049e-17,-1.62154100376563e-08,-2.03017815396469e-09,-1.85311927632684e-07,1.36286347302759e-13,6.52608108102378e-08,-5.75393701014687e-16,9.27596600307104e-08,-1.63515724181519e-07,1.93982716105608e-06,-6.25915174096758e-16,1.32117306436861e-07,-1.62411591330462e-16,-3.25732915422926e-08,-4.14323663435456e-06,-4.90912914496767e-17,-1.35486294464656e-16,-3.98174750237847e-16,-1.09745048974428e-16,-6.1677781568169e-10,-8.03431227222418e-09,-1.79469506643074e-09,8.59246052329045e-18,3.75376329536075e-16,-1.9006412355538e-08,1.55051281735749e-07,-2.94233220419722e-17,-4.1142996532365e-16,-8.21420127919305e-09,-5.50269770467596e-16,-5.82502445690725e-08,-3.14922863341561e-16,1.24101189496082e-05,5.32300041891471e-17,-3.85374683970294e-16,5.57961333388786e-16,1.43392222360598e-16,-3.22645796862223e-16,3.5374984896889e-16,1.05934730926994e-08,-7.40893250207464e-08,-5.75421006164505e-17,-1.25191268244344e-06,1.87329041752138e-07,-5.31280073903737e-16,1.38796492974619e-15,-8.95328234188267e-17,6.59416475081334e-16,1.850111620544e-08,2.96009396806727e-09,1.90696846031172e-16,-8.08547397820401e-16,-3.36590385891256e-08,-3.04889364564169e-06,-1.81577002193067e-09,8.39422390916109e-17,3.978570871945e-16,-2.72541804952747e-16,-7.16485846793395e-16,1.22167646236906e-17,7.88079255039189e-16,7.10964413406353e-08,-6.72641842095737e-08,-1.29375773805381e-08,4.81756159567069e-16,1.3992579464222e-16,-6.5960510775981e-17,4.44769875699237e-18,-4.58701985062441e-16,4.02386890522868e-17,-1.51556059790885e-16,3.17139032417715e-16,2.5158269926994e-16,-5.60777282051806e-16,-1.20712659356954e-16,-4.56118006356763e-16,-6.59506375197733e-16,-1.81210826498492e-16,7.13298590945243e-09,1.58593375837609e-16,-4.1622211981225e-16,4.09923286444586e-17,1.01066131951487e-07,-1.21759898378167e-09,-3.3775476570305e-16,-2.60952741112728e-09,9.26188140935328e-08,1.4384098009821e-16,-4.84169135411908e-16,-0.000131689478177733,-6.69680112368786e-16,2.26997911534034e-09,-3.26206596854891e-17,-2.18938093313168e-17,-9.23277158076619e-17,5.64916973516407e-17,2.27517928918897e-09,-6.09961235680494e-05,5.6998051710024e-16,-1.58108787760512e-16,8.29295459242991e-17,-3.43619689708069e-16,-5.33644309297365e-16,-4.13987203859376e-16,1.25997940761741e-17,-6.17809141678859e-17,3.69333527441987e-09,-9.75528586823465e-17,-3.526379575856e-17,-1.07284790698869e-16,3.09822495765641e-17,-6.16077544111292e-16,1.20014767215287e-16,-7.2930543097851e-08,5.3943728905803e-16,2.03454401232427e-16,1.22196032813873e-06,3.41854336848659e-16,1.1277884175751e-16,1.84273903632152e-16,-6.42634184821437e-18,4.54309626122855e-08,1.47904511083211e-17,-3.35452194970779e-08,7.02224399488585e-17,-2.78969306586438e-16,1.05232052601088e-16,-3.40414071172031e-17,-9.0484216355082e-17,-2.46479160013137e-16,1.21289062914318e-09,5.10358441556213e-17,4.14648165397048e-17,6.84578874429363e-09,-1.51487496834566e-07,9.16274067871019e-17,1.06162849651501e-07,1.55508582497715e-08,-6.38162024706427e-17,2.99801636726107e-17,2.51464256847663e-16,4.77753472452022e-17,-2.59542092153248e-16,-2.61687595865824e-08,6.43453439842667e-17,4.54778342555682e-17,1.98113796424472e-16,1.04816130287507e-08,2.24963151188063e-16,-6.08648231369931e-16,1.75294315953382e-16,-1.80624114612696e-16,-4.77846861509126e-09,-2.28393724884428e-16,1.43798688633462e-09,-2.26253732446662e-16,2.2594908607898e-16,4.99812535144142e-17,-5.06448578495374e-17,7.23503249930133e-17,-8.83988703175139e-17,-1.29179035909579e-18,-2.49722651546747e-08,-2.03453926517943e-16,-1.02393538522472e-18,1.05010239879635e-08,-1.97796020696106e-16,-2.39170526293228e-17,3.90181374175947e-16,1.68017737671215e-16,1.69267720305489e-16,-1.52842099639325e-16,-1.70794593559442e-06,7.43930135034071e-17,2.00333046185248e-16,2.26906632776892e-08,-2.66784658237926e-16,-5.78399449557559e-18,-3.87712874025896e-16,1.78610565193425e-16,-4.98437175976992e-17,2.35012303210602e-16,1.49774682519464e-16,3.09397088283102e-17,5.57392937503113e-16,-1.20090740529557e-16,2.73869028182907e-18,-1.19188501342745e-08,3.95292612762274e-08,-1.94727432802108e-16,1.15684518846322e-16,-1.65020782358316e-16,2.55509926374882e-16,5.24753851482984e-17,-1.31681396063185e-16,-1.72724064084719e-16,5.14977584625776e-17,-3.42805344471181e-09,6.09370608286452e-17,-4.20733554456222e-17,-5.58803613837466e-18,-2.66941720264202e-17,1.10906071152493e-07,2.48595082969813e-16,-6.97090883601469e-10,-1.20754528919148e-16,-1.97833541310111e-17,-8.69916780264805e-18,5.061306515171e-17,1.81735522938273e-16,-3.20826370121448e-16,6.61424319648692e-17,2.37847926985387e-17,8.54898701021731e-17,-1.63009229494263e-17,-1.8048746109693e-16,1.63397198178431e-16,5.13692578446145e-17,4.23971487565259e-17,-1.94649901813411e-16,1.46448368193006e-16,-7.2437453261875e-17,-6.78561303621294e-17,-6.63873591826288e-17,3.42234264194499e-16,1.76074432811646e-16,2.02364966043178e-16,-4.25240455692134e-17,-2.15886017256504e-16,1.02068692650251e-16,3.32726985774143e-10,-1.1547659870107e-16,-3.89283923623217e-17,-8.84802409666944e-20,-6.55332062520103e-17,-4.15881378894375e-17,1.62633599743219e-16,-9.67826484843074e-17,7.97428734855018e-17,-5.0297836351891e-17,-8.29728777181446e-17,-6.48352899146332e-17,2.08439021266248e-16,-6.51483525264216e-17,6.16407279279135e-17,2.02503415403547e-16,7.41733432937708e-18,1.25827157746448e-16,-4.29200155241043e-09,-2.46835973175713e-17,9.82813228785973e-18,-3.0850841405413e-17,-6.88831307882666e-18,1.41601707784671e-16,-1.51865916017381e-18,9.43547779365797e-17,-5.99666911594459e-18,3.61554572931868e-17,9.11518353551378e-10,-1.28627108952237e-17,6.70529334174754e-17,1.76915395419347e-19,3.01684808936518e-18,2.19025898220805e-17,-4.64816916541393e-18,3.43537241408889e-17,-3.8909488030345e-17,4.12726459541445e-18,4.2170187616433e-17,1.29712816824398e-17,1.00237891527374e-17,2.1819686125061e-17,4.60960867721715e-09,-6.20662519513908e-17,-3.18616339349845e-17,1.25166663575453e-16,-1.87133294970998e-16,-3.49664545164205e-07,-6.34131346065981e-17,4.85299785220886e-18,1.96210108006154e-17,7.64385651827767e-17,2.35130210208484e-17,1.23364688386617e-16,1.01603116255988e-16,-1.54073062269567e-17,2.21310179776305e-17,1.20038474687327e-17,-8.28754376711249e-18,4.77483607935326e-17,-1.09804764594771e-16,-4.07063132148465e-17,-1.21696830047166e-17,2.14087058098517e-16,-1.35473751849826e-16
"t118",-0.00496481499966741,0.0521836929181145,0.067219367553369,0.0163003591856143,0.0335815376639091,-0.00560062331587378,0.00172021236635365,5.98418823573405e-05,0.000515892144755061,-0.00141917408852713,-0.000504775667786222,0.00606205538186334,-0.0209229978541646,-0.113952322463371,0.00301394370515505,-0.000387324354955387,-0.0224970743156545,-0.000203992729154251,5.70487297429732e-05,5.72634672323935e-05,-0.000249382469699992,7.50596805776302e-05,-0.000204599098572289,0.000352080451365186,-5.56961922636027e-05,0.000169607041537338,-0.000223218580415213,0.0019414675988257,-0.00140096624668681,0.0062658475039484,-2.44437562048185e-05,0.000367864931732739,0.000136323793466627,7.42494101849871e-06,-3.73013805028183e-06,-7.02304304892721e-06,-2.41434278633293e-05,2.39281309837084e-06,2.05786488245528e-05,6.94335021682772e-06,0.00492363773165934,2.20698657792618e-05,-6.55736379826717e-06,7.51889590001702e-06,-1.08813269080153e-05,-5.88631393648245e-08,-2.37926847170213e-08,7.71377994923464e-07,-2.54942760807492e-06,1.01623466188644e-05,-1.64295876253708e-05,0.00105126776204741,3.22262280428254e-09,6.630878463941e-06,-5.88811239247432e-06,6.71388504557087e-05,-1.99169422432995e-05,0.0699792229740454,0.00535318170083517,-3.44978547281017e-05,-2.15307832910217e-05,2.38123408595702e-05,-0.000621086381807965,0.000954377439857428,-2.58042654692366e-05,7.86431871050842e-05,-6.26779386674363e-06,0.000558929703116189,-0.0575619160358351,-0.000260411804694315,1.19933022370348e-06,-1.59022407831676e-07,-1.56008900019331e-09,-4.32910099256227e-07,1.90729498687301e-07,1.78222547856782e-09,-1.47539864871942e-06,-0.00183796688523191,-2.06398133764407e-06,-1.9755373328646e-06,9.51722176668e-06,3.97543235690801e-06,4.16052329923458e-07,3.41143676701771e-06,-6.69906291225088e-07,-2.29535006251301e-05,4.01766163033151e-06,6.50168260038747e-07,1.45613974678932e-07,-5.61886494824561e-06,1.30355663080095e-06,-5.12432940906471e-08,-3.53628304474771e-06,4.10852230336014e-05,3.5672399719907e-07,1.75551347274449e-05,2.07618977754205e-06,-2.28198321755814e-05,0.00257838460248977,1.05660381248859e-05,4.34016113296256e-06,-2.87570022388007e-07,6.29802949265213e-06,-4.97392002818566e-06,2.27670585404845e-06,-3.73684211384593e-06,0.000136093148569523,-4.75341898897582e-06,2.24457016200695e-05,-8.23268491011164e-07,-0.000785639974115594,-4.96180509259878e-05,1.54922232043037e-05,-2.02157039643887e-05,8.05751554307065e-07,-2.92877843751386e-05,6.43877738051065e-05,-0.000105722593158193,0.00023944640804674,-0.223773348758417,-0.000534655288958471,0.00417376289136216,-9.14229078419711e-05,-0.000246802459370218,1.05415373432028e-05,-6.89734803889739e-05,6.74545702130606e-06,-8.91081349059977e-06,-1.24122506290036e-05,-0.000166900578065272,-9.47643377063985e-07,-6.45484422485856e-05,9.90971529681439e-06,1.98578687272289e-05,-1.26431819250145e-06,-5.03701311451785e-05,7.25041854805811e-07,0.0812524830321057,3.24327992386504e-05,-8.04249975179753e-05,-4.5572722724217e-07,5.3769408052809e-05,-4.48382246732932e-05,-3.5942031208114e-06,-1.3724410778929e-06,2.13911985621769e-06,0.541775289793112,2.93447364837899e-05,1.58434300368118e-06,-2.82638167138169e-06,-5.8762694414458e-05,-1.17550629346541e-05,-3.23493100109803e-05,8.41685827128166e-05,0.172569923853543,-2.80937454191553e-06,3.40372023685252e-05,-0.000150351121962229,-5.55154948401957e-06,-1.90300898517762e-06,-0.000338526029800711,0.294912005352101,-2.16464907048732e-06,-4.85656017227213e-05,4.28478108365384e-05,-2.97501079394058e-05,3.29434751755477e-05,5.64862306514755e-07,2.81170393764705e-05,0.000841202420460099,-5.92992526981336e-05,-1.04421838572681e-05,1.21508255685034e-06,3.13025723504751e-06,7.72424225187265e-06,1.23402364031245e-06,6.91467719437708e-07,-2.86182317143552e-05,-4.47600493577697e-05,-0.000399390160685718,0.00760973005605975,-7.44358747841456e-05,-0.0003823788615814,9.70101307701964e-09,-5.49950443671201e-06,-1.29787139849495e-07,-2.17022088218783e-05,7.34256762367392e-06,3.30796446746469e-05,-4.29292597176381e-05,-9.94309328740217e-07,1.85767347171978e-06,7.39958531826735e-06,1.31545690983668e-08,4.098822488547e-05,-1.77304308620034e-06,-3.2605256241629e-06,-2.30521211870255e-06,1.9244470533221e-06,8.05616557074188e-07,8.04169676429889e-07,0.000258751249488451,-2.01379190266567e-08,-3.43944372219981e-06,-5.2095754413856e-06,-2.58033192571273e-05,3.30696246559511e-06,1.72223032946801e-05,-2.39781897252973e-05,-1.45503034641101e-07,-9.36807583017321e-05,3.00920271176448e-05,-7.76516835243152e-05,-9.51971557385166e-06,-7.70059068058001e-07,-4.95935675054698e-06,1.27019047310176e-06,0.00305065634789232,-1.41059529132928e-06,-7.60418966508337e-06,-0.00087661288654441,4.13683834272653e-05,9.72502712373258e-06,0.00101042226820868,-8.31078530659513e-06,-3.29750355661348e-06,-4.56772416435511e-05,-0.0116258789285811,-4.17267120999312e-06,-3.47621005340658e-06,1.04401554589253e-05,2.14376681635101e-06,1.18895944669822e-06,1.98727177738608e-06,-1.04093832132589e-07,-2.38393375175635e-07,-8.72338935205056e-06,-5.71021420346809e-17,-9.65237781229412e-07,1.37339188017145e-05,-6.64791024056137e-05,-6.86322259000681e-06,-7.74212353489129e-06,1.30452624609881e-06,-1.47549189777654e-06,7.62182375426117e-06,-1.23152623746793e-07,7.9998077877207e-09,-1.8188740645676e-06,1.83223629069018e-05,-1.43506095329466e-05,5.94896567438478e-05,-3.66879483902136e-06,1.9225924412516e-07,-1.25247809775429e-08,5.95911537598572e-07,-5.7105416499894e-07,9.01553190320475e-06,2.13806697873211e-06,-4.61503569596428e-07,0.0163783410986345,4.31373644421993e-08,0.000150436339456379,-5.07472743515361e-06,5.697070867209e-07,-1.96604485641677e-07,3.77954223370488e-08,1.83643457996467e-05,-5.75738182324496e-06,2.87054985056949e-07,0.000350479489927623,-2.52882123578049e-07,3.06105633549823e-06,-6.7119625301867e-06,0.0152690592405828,3.22070443029835e-06,4.60179615591332e-06,-4.14766934425179e-07,7.79605128019022e-06,-4.06236347142018e-07,1.58748532914741e-06,5.54540567253181e-17,-4.00079341716358e-06,-1.37354038799127e-07,-1.80976658907543e-10,-1.58452170835975e-06,2.00414418322533e-07,-1.24294407600632e-07,-4.103864853185e-07,4.6761035222403e-08,-1.98298316317933e-06,6.89060238419193e-06,2.52147185244719e-07,-6.07238240272529e-06,2.89111215048638e-06,-3.49516576393817e-06,1.11061242201903e-05,-1.69150180289367e-06,2.76528842917253e-06,9.80006751805999e-08,7.44781895466427e-08,4.04503251455336e-06,-2.57885536241851e-05,1.14475758016858e-07,-3.16029855401692e-06,0.000109646168931412,-0.0003563579358775,9.71044520799745e-07,8.83182922369576e-07,5.14557573663084e-06,-1.65030079897789e-06,-9.8974913306475e-07,1.35709053604474e-06,-0.00968452435620042,4.02573722685676e-09,6.53858394694746e-07,-1.68355017632893e-06,-4.43755787259366e-18,7.13494314711248e-09,4.68021844476769e-06,-5.43950783526547e-07,2.84128715184156e-06,3.66701174229856e-07,8.46913008288086e-07,2.91722900075976e-06,-0.0110741278912515,-1.12524991930042e-06,-3.24415951063507e-16,-2.11471609775409e-06,-2.03617805420794e-08,-8.1228746438359e-08,3.88172173666864e-07,6.7807402500817e-07,-4.72076483075507e-08,-1.86057040286769e-06,5.03295430305561e-07,-2.43353405836354e-06,3.2641036061744e-06,-5.02532154406456e-07,-1.20734397249324e-06,-1.49411958472005e-06,-9.03579922700588e-09,-1.20550814016174e-06,7.23139203309662e-07,-1.30920447427828e-06,-8.3581123796708e-17,-3.82741273692394e-06,3.00501660188603e-07,8.66030669780836e-09,7.59158998726357e-08,-2.48545276657798e-06,-5.11214004495487e-06,2.59121103066605e-06,-9.40872857718398e-06,-4.62103550328703e-07,1.91387200060175e-16,-8.4433180077838e-07,-3.32341754863296e-07,-1.06257382333734e-06,2.41631046705051e-16,2.00612325796322e-06,2.90007701835564e-06,-4.43267803328284e-07,-1.6621814533025e-06,-5.6680969223336e-07,-3.2575037757311e-07,-0.000266962390390431,2.68004400141614e-07,2.15927041886336e-06,1.2131780962178e-07,5.99616377323464e-07,8.65361025908707e-07,1.33073961315399e-16,-3.43577773791194e-07,1.12670083257331e-06,5.4935486445934e-06,-7.32093532635787e-07,3.35561659911654e-17,-1.85409954124758e-05,1.29886869332284e-07,-3.13953437877917e-07,-2.10627130061132e-07,-7.06461681605544e-07,7.51285038108418e-07,-0.00025515187387544,1.32268881857516e-06,-1.22072606688253e-16,4.8000172528412e-06,-9.18429413467817e-07,2.56723820915038e-06,7.07438460227972e-06,-0.00140129775862039,-3.78443528254581e-09,8.91647866652079e-16,1.14090838165617e-16,-3.82228821632747e-09,-4.87931613055224e-07,6.43226514323975e-08,-6.48887329777895e-07,2.02109481126907e-15,-3.07145044585625e-07,-3.62233896379198e-09,-4.87522295051544e-16,1.90064145977437e-19,4.19011327679604e-16,7.67954645729388e-07,5.87566449245544e-05,-2.44685578209454e-06,1.91178190900945e-06,9.52883543004873e-07,4.50792989347668e-05,-8.3766014190497e-07,-1.00319861703384e-12,-1.84336007889047e-07,5.16963758307423e-07,-5.74545356507374e-16,7.66675655723113e-16,-3.22605765537643e-07,-1.73519369643807e-10,-1.90069800334037e-07,1.03187349059057e-06,1.86553645871242e-07,-6.9780694756438e-08,-2.58874097793505e-16,-2.34480122225346e-07,-1.0248983028582e-15,-7.97264500194332e-07,4.1958624075189e-16,-2.07983901397904e-07,-1.63369790059038e-16,8.52300720249214e-07,2.24343689236611e-07,9.28405658885837e-08,1.21862503719289e-06,6.03399934655021e-07,-6.91206630895541e-08,4.37591538779461e-07,3.91659944539e-06,7.34556029323839e-07,6.76678919514087e-08,1.52131031282881e-07,-4.27135732567103e-07,-7.30650087289993e-07,-5.9190207204386e-08,-2.03398990963411e-07,1.08239547201028e-15,1.89989153633897e-06,-3.26860702318518e-07,1.68239232694846e-07,-7.27433013862175e-16,2.94509290395148e-08,7.99806767266271e-07,6.49962784183059e-05,2.03431062998827e-15,-6.78263645302961e-07,-3.63783891926066e-07,-1.01251873250408e-15,-1.24481048215158e-05,1.06767021222181e-06,-3.01460936273155e-15,2.76357150691736e-15,-3.91029122562792e-08,-2.09906465341114e-07,-1.19546792392972e-09,-1.65784995886993e-06,4.39708926244244e-07,1.29322275834887e-07,1.24567140380739e-07,1.14877207148305e-06,-2.57521934918019e-06,-1.20801806058335e-15,5.30859990202273e-09,3.65309200557611e-09,1.00785447326266e-08,9.42834361015527e-07,2.41697367221703e-13,-0.707106781186549,3.09965552878259e-07,-5.41188510323705e-15,7.37270452956327e-15,1.46936897794561e-06,-4.89447118889775e-05,-3.26651896852524e-07,-2.2016015477865e-08,1.14196399007891e-05,6.53968644008307e-05,7.24969904005874e-08,1.18015373261744e-15,1.70625554895355e-07,7.96634853262786e-09,3.65507814749547e-08,-3.6754542617481e-07,1.44901917405834e-06,2.08629695212423e-15,-1.54366006267817e-15,-2.10439238109818e-15,-1.26506380133221e-07,-6.06381314922075e-08,-3.53145052258516e-07,7.22031447445634e-16,-4.64567216758093e-08,1.01000150942992e-15,-1.50763452396439e-17,1.49810117470271e-05,-1.61815876476949e-07,1.43982048506075e-16,-4.08183222541183e-07,-2.10645596910573e-07,1.79838991477304e-15,4.76063931495938e-07,3.28979342452327e-16,1.68912197559581e-07,-1.25632790794742e-15,1.69685132458854e-07,3.73139214764741e-05,5.19305923180001e-08,4.91787232100243e-08,3.3845747708377e-07,-1.69215314071969e-07,4.67091404550965e-07,-3.01864186188633e-16,3.08304304050756e-06,-1.74387833314563e-07,-1.00587980812449e-15,-2.31079310550965e-08,-0.0009213570180669,1.05403182767454e-07,4.36816089878097e-16,7.79123984378985e-06,4.53050406256729e-07,-5.67830127161429e-16,-1.13225865742888e-06,-2.50460731150947e-07,-1.30436397081509e-08,-6.67489545184846e-16,-4.56936208797058e-16,5.29395807529724e-06,7.13005715203882e-08,5.76804537079998e-09,-9.25546209842613e-08,4.21420846587032e-08,-8.67151805127046e-16,-3.54546908666204e-16,1.53812504031927e-07,1.06018556725122e-09,1.3033068105935e-16,3.71549636300586e-07,-4.41237550986017e-17,1.92165824117701e-07,-7.10337028658506e-08,-4.15025839513361e-08,-2.75102279046295e-07,-1.06082389411644e-15,-2.62265716766411e-16,-3.24643376464825e-16,-3.32580364011098e-16,-2.20774127161338e-08,-7.65720029869111e-08,-5.60317591606354e-16,-3.85840181282015e-16,-5.60532171461459e-16,1.07742274194192e-07,9.68109461915409e-10,-5.32902025801224e-08,-1.77868402572229e-17,-1.23317155098501e-15,-2.30935062739412e-17,-5.16751436954503e-05,6.78465121662525e-08,-3.29904175024671e-16,1.22063805349264e-08,-3.19431987881547e-07,1.71235973320897e-16,3.21564144866033e-16,-2.20772061543941e-07,-5.1289268457371e-08,-1.09377260095141e-07,-1.69024446314441e-17,0.000237404321494507,1.78774524458299e-07,1.91886001180394e-07,-1.74858741097701e-07,-4.70665775869439e-07,7.65953076721151e-09,-9.65009030204595e-16,4.2954614594953e-16,7.42114605071274e-16,1.45407562546578e-07,-1.31651396554781e-07,-4.96118707353449e-08,-7.44638184815192e-05,3.03707168012491e-16,-2.46798621119079e-17,5.33684738214161e-16,3.9658314767866e-16,3.34204539822223e-16,1.85924978881785e-07,-2.9882465856183e-17,-3.99523558624276e-16,-3.00881178251722e-08,2.21186131935e-16,-2.69334244327713e-08,-3.70431646073729e-17,-3.33902148817727e-08,3.35256428051866e-16,-4.04129352534401e-08,-5.056976904855e-09,-4.61212412004934e-07,1.17721508607483e-13,1.6225914583855e-07,-1.23595565771774e-16,2.30120267640646e-07,-4.0449582436821e-07,4.2269939875209e-06,-5.0236950945188e-17,3.26409031617727e-07,1.27028387507213e-16,-8.03302410096554e-08,-1.02168912717026e-05,-2.66997235133463e-16,3.43335056657155e-16,-4.29379167707439e-16,1.18700381292401e-16,-1.518669760723e-09,-1.97748909759722e-08,-4.41529077933678e-09,-3.22955346352127e-16,-1.30370443007787e-16,-4.66585587448442e-08,3.80596719639324e-07,2.21390467250389e-16,-4.94205819705475e-17,-2.01093016752228e-08,3.92446548546792e-17,-1.42522567622781e-07,-4.61336985807279e-17,3.03146716534592e-05,2.57415017855264e-16,-1.16744638659191e-16,-6.59623898165868e-17,-1.7113957186751e-17,-4.39571196110193e-17,-3.38049138989951e-16,2.579223363299e-08,-1.80379714422777e-07,1.15565491901243e-16,-3.04447533528237e-06,4.55342002086789e-07,-6.20627438803636e-17,-2.32806282817123e-16,1.15823453422594e-16,-4.41854071203068e-16,4.4879470778656e-08,7.17712191829378e-09,-3.89560844340641e-16,1.90331668793555e-16,-8.15677502643864e-08,-7.38804297120275e-06,-4.3989390444988e-09,-2.95691666054872e-16,-1.97887877137909e-16,8.09984784057851e-17,1.35027626205314e-16,-5.16266238885591e-16,6.00769172065564e-17,1.71601798384706e-07,-1.62296073681834e-07,-3.12053070603282e-08,1.01791706131956e-16,-6.33884779712962e-17,-2.43687384841896e-16,-2.77384561541728e-17,2.39303424272524e-16,-2.63923940022157e-17,-8.99328878569524e-17,-4.90651203727809e-17,-6.79363967904162e-17,7.369197780074e-17,-7.66287040812974e-17,3.523191137013e-17,-2.21974509262636e-16,2.63922921745128e-17,1.71067707527115e-08,-3.88184339606921e-17,-1.31656677309872e-16,1.2655853125721e-16,2.42201562494638e-07,-2.91742945770925e-09,-4.18533807394694e-17,-6.25189588183472e-09,2.21692394577523e-07,5.39187633030056e-17,-4.06428308637786e-17,-0.000314853352148045,-2.55013024034917e-16,5.41971362260812e-09,7.00419315345295e-17,-6.34913203112678e-17,-1.57285302941927e-16,-1.63949068724144e-16,5.42033322922571e-09,-0.000145294359950775,-2.2832787179948e-16,1.78804276278124e-16,-1.42175943269298e-17,-1.44074312258559e-16,-1.8702487475375e-16,1.36629775914294e-16,-9.97042264883076e-17,-1.25807537329337e-16,8.73191521120637e-09,-1.47164556095392e-16,-1.37007986566346e-16,-1.42095433241429e-16,-2.99787614290735e-16,1.77207702289154e-16,8.11275469263286e-17,-1.72150410440713e-07,1.29752503186379e-17,-6.89038954858154e-17,2.88355737458275e-06,1.20853833921343e-16,1.66495594531757e-16,-6.7451702854783e-17,-5.00157045404145e-17,1.06841176028256e-07,6.22990637990454e-18,-7.88411264337723e-08,2.45477671427271e-16,-9.05007257423696e-17,6.19502598403299e-17,1.59461152100674e-16,1.11442346964246e-17,-1.54499176041695e-17,2.84711718316733e-09,-2.58844318086248e-16,8.92296359566602e-17,1.60544431026674e-08,-3.55244844856309e-07,-4.95651449051738e-17,2.48753708066587e-07,3.64284301978123e-08,2.06338881423879e-16,1.93303738733503e-16,-3.84843607103598e-16,-2.59904437278521e-18,-2.00364265175865e-16,-6.10713061451061e-08,-2.18212257204986e-17,-2.11993627826952e-16,1.07854442497372e-16,2.4437928273819e-08,-1.23440485456578e-16,-2.19815395457159e-16,2.32729158340166e-17,8.75129342035177e-17,-1.11268944381795e-08,1.13166638215825e-16,3.34711303078402e-09,-3.46405238119306e-17,1.17503347869298e-16,-7.48308703833103e-17,1.81876113180586e-16,1.96783361010936e-17,1.32253578261191e-16,-6.60630771924632e-17,-5.8006595468237e-08,-2.48945920779765e-16,2.42033290109148e-17,2.43797655156586e-08,-1.40871028053858e-16,1.10312983165118e-16,-2.17632828106585e-16,-1.07829392743458e-16,3.98290697502835e-17,-2.38717517713895e-17,-3.95892960494677e-06,4.64228435524705e-18,-2.16024549267233e-16,5.25582325769076e-08,-3.53181197005322e-17,-5.50498281545797e-17,-6.562468275446e-17,1.26695853403351e-16,-6.60426828815948e-18,-9.21020156429444e-17,-1.02370323469451e-16,2.75897069226631e-17,-1.0287978916309e-16,-5.8197947622224e-17,1.83474341721319e-16,-2.75351716950694e-08,9.12926180883614e-08,9.59769104953382e-17,1.60474726049481e-16,-4.62459979266858e-18,-2.81056288426449e-17,2.83193607453214e-16,5.46262614347225e-17,-1.15848663365215e-16,-1.51052458006453e-16,-7.90412655966068e-09,-8.22200474346208e-17,-3.82017713098628e-17,-6.40173880797655e-17,1.44547127178917e-16,2.55364189791419e-07,4.40794102557792e-17,-1.6025738497881e-09,-6.61842114444408e-17,-6.25257490510087e-17,1.43195647165165e-16,-9.1160650840867e-17,6.61591663543647e-17,-4.53638550412306e-17,8.15259460715078e-17,2.06619484540375e-16,-4.06737248872977e-17,-1.11426112090594e-16,-3.65734781594073e-17,-5.06032688645266e-17,3.70469007051145e-18,6.46220267727112e-18,-1.12110092905769e-16,6.75315117748802e-17,3.58050346677369e-18,-1.27325878404762e-16,-2.49687162657591e-16,-8.15447495966768e-17,9.50845305269787e-17,-7.94139199716381e-17,-2.19753496461771e-17,2.97817837563511e-17,-8.67354611342684e-17,7.60589855774258e-10,2.09411627979788e-16,4.26949887827121e-17,1.88983554969174e-19,-4.27123084728126e-16,9.7555369911717e-17,4.15410171977515e-17,-2.67433170391323e-17,-6.51508438802481e-17,1.05797346823728e-16,3.84170478711042e-16,-1.20346441145891e-16,9.52747430704993e-17,1.8922043530025e-17,5.37524020553588e-17,1.57085314589508e-16,-1.5253632447622e-16,6.10388008805911e-17,-9.77414069871806e-09,-8.77409483070496e-17,-4.59203709256485e-17,2.30783239196578e-17,2.49094365392522e-17,-1.18892828566053e-16,-4.76166014301999e-17,3.83163718429268e-18,-3.37016866575919e-17,1.58504350443206e-17,2.06779822389592e-09,1.80241323676234e-16,-2.36140662068761e-17,-1.01628079226221e-17,8.42826862836796e-17,1.10314804200449e-17,4.62610307337336e-17,-1.41839089387911e-17,-1.7076906197175e-17,9.17301208535511e-17,-4.7535730084469e-17,1.14290938180234e-17,-9.52359784715493e-18,2.43154804806194e-17,1.0417009168425e-08,-1.86212593414238e-19,-2.97309018347104e-17,-5.04158208850404e-17,-1.90602741922952e-16,-7.88791482666863e-07,1.45452783368399e-18,3.88053711644004e-17,-2.92129130892881e-17,-2.06699304179367e-17,2.74232910119556e-17,2.53609741156937e-17,2.55883308913169e-16,5.75716326400814e-17,-1.69606666821193e-17,3.07221992067542e-17,5.53082867234788e-17,5.65764020249013e-17,-5.40659570010816e-17,-3.59825018170062e-17,2.53640979571023e-18,6.91739607767962e-17,-1.97522670650687e-16
"t108",-0.00496481499966742,0.0521836929181145,0.067219367553369,0.0163003591856143,0.0335815376639091,-0.00560062331587378,0.00172021236635365,5.98418823573388e-05,0.00051589214475506,-0.00141917408852713,-0.000504775667786226,0.00606205538186333,-0.0209229978541646,-0.113952322463371,0.00301394370515505,-0.000387324354955383,-0.0224970743156545,-0.000203992729154253,5.70487297429571e-05,5.72634672324109e-05,-0.000249382469699987,7.50596805776172e-05,-0.000204599098572284,0.000352080451365179,-5.56961922636074e-05,0.000169607041537339,-0.000223218580415213,0.00194146759882573,-0.00140096624668681,0.00626584750394838,-2.44437562048153e-05,0.000367864931732741,0.000136323793466604,7.42494101849834e-06,-3.73013805028637e-06,-7.02304304891505e-06,-2.41434278633274e-05,2.39281309836281e-06,2.05786488245511e-05,6.9433502168314e-06,0.00492363773165932,2.20698657792708e-05,-6.55736379828877e-06,7.51889590000985e-06,-1.08813269080153e-05,-5.88631393566155e-08,-2.37926847269455e-08,7.71377994921994e-07,-2.54942760806792e-06,1.01623466188686e-05,-1.64295876253846e-05,0.00105126776204743,3.22262280978243e-09,6.63087846392019e-06,-5.88811239246478e-06,6.71388504557147e-05,-1.99169422432985e-05,0.0699792229740455,0.00535318170083516,-3.44978547281144e-05,-2.15307832910048e-05,2.38123408595748e-05,-0.000621086381807954,0.000954377439857396,-2.58042654692501e-05,7.86431871050562e-05,-6.26779386674449e-06,0.000558929703116183,-0.0575619160358351,-0.000260411804694319,1.19933022372119e-06,-1.59022407828207e-07,-1.56008899881127e-09,-4.32910099251969e-07,1.90729498669822e-07,1.78222549406187e-09,-1.4753986486934e-06,-0.00183796688523191,-2.06398133763572e-06,-1.97553733286569e-06,9.51722176669337e-06,3.97543235691163e-06,4.16052329927351e-07,3.41143676701104e-06,-6.69906291237355e-07,-2.2953500625138e-05,4.01766163034051e-06,6.50168260119791e-07,1.45613974599549e-07,-5.6188649482352e-06,1.3035566307903e-06,-5.12432941097291e-08,-3.53628304476523e-06,4.10852230336136e-05,3.56723997136433e-07,1.75551347274366e-05,2.0761897775551e-06,-2.28198321755879e-05,0.0025783846024897,1.05660381249531e-05,4.34016113286922e-06,-2.8757002245723e-07,6.29802949264251e-06,-4.97392002812672e-06,2.27670585408791e-06,-3.73684211405609e-06,0.000136093148569448,-4.7534189889835e-06,2.24457016201046e-05,-8.23268491020163e-07,-0.000785639974115638,-4.96180509260193e-05,1.54922232043401e-05,-2.02157039643284e-05,8.05751554312767e-07,-2.92877843751434e-05,6.43877738051738e-05,-0.000105722593158288,0.000239446408046819,-0.223773348758417,-0.000534655288958498,0.00417376289136216,-9.14229078419744e-05,-0.00024680245937022,1.05415373431881e-05,-6.89734803889548e-05,6.74545702124014e-06,-8.91081349049405e-06,-1.24122506290189e-05,-0.000166900578065279,-9.47643377011519e-07,-6.45484422485876e-05,9.90971529686387e-06,1.98578687272404e-05,-1.26431819256227e-06,-5.03701311452183e-05,7.25041854849196e-07,0.0812524830321058,3.24327992386404e-05,-8.04249975180591e-05,-4.55727227317652e-07,5.37694080529307e-05,-4.48382246732733e-05,-3.59420312078938e-06,-1.37244107780917e-06,2.13911985619948e-06,0.541775289793112,2.93447364837267e-05,1.58434300363761e-06,-2.82638167146817e-06,-5.87626944144484e-05,-1.17550629345073e-05,-3.23493100110143e-05,8.41685827128713e-05,0.172569923853543,-2.80937454186159e-06,3.40372023683331e-05,-0.0001503511219622,-5.55154948402696e-06,-1.90300898531416e-06,-0.00033852602980066,0.294912005352102,-2.16464907045323e-06,-4.8565601722726e-05,4.28478108362647e-05,-2.97501079394313e-05,3.29434751754713e-05,5.64862306484345e-07,2.81170393764755e-05,0.000841202420460221,-5.92992526981616e-05,-1.04421838572266e-05,1.21508255677395e-06,3.13025723500887e-06,7.72424225187022e-06,1.23402364030253e-06,6.91467719443018e-07,-2.86182317144584e-05,-4.47600493578417e-05,-0.000399390160685717,0.00760973005605977,-7.44358747842349e-05,-0.00038237886158139,9.7010131045299e-09,-5.49950443673162e-06,-1.29787139848299e-07,-2.17022088219666e-05,7.34256762372881e-06,3.30796446745977e-05,-4.29292597176218e-05,-9.94309328625834e-07,1.85767347158996e-06,7.39958531823604e-06,1.31545690077412e-08,4.09882248854835e-05,-1.77304308631831e-06,-3.26052562379806e-06,-2.30521211874451e-06,1.92444705333234e-06,8.05616557064703e-07,8.0416967640643e-07,0.00025875124948846,-2.01379189891739e-08,-3.4394437222839e-06,-5.20957544133377e-06,-2.58033192571705e-05,3.30696246568281e-06,1.72223032947044e-05,-2.39781897254142e-05,-1.4550303467022e-07,-9.36807583017238e-05,3.00920271177466e-05,-7.76516835242953e-05,-9.51971557384409e-06,-7.70059068002736e-07,-4.95935675051166e-06,1.27019047297168e-06,0.00305065634789221,-1.41059529128612e-06,-7.60418966509423e-06,-0.000876612886544401,4.13683834273254e-05,9.72502712359705e-06,0.00101042226820866,-8.31078530658839e-06,-3.29750355646337e-06,-4.56772416435178e-05,-0.011625878928581,-4.17267121000438e-06,-3.47621005345503e-06,1.04401554589289e-05,2.14376681629364e-06,1.18895944675346e-06,1.98727177742119e-06,-1.04093832133172e-07,-2.38393374997118e-07,-8.72338935206542e-06,5.34752737947411e-18,-9.65237781538733e-07,1.37339188015333e-05,-6.64791024056135e-05,-6.86322259011275e-06,-7.74212353493454e-06,1.30452624623625e-06,-1.47549189770046e-06,7.62182375427208e-06,-1.23152623690102e-07,7.99980782246454e-09,-1.81887406452633e-06,1.83223629068463e-05,-1.43506095329651e-05,5.94896567437576e-05,-3.66879483907282e-06,1.92259244370292e-07,-1.25247808171894e-08,5.95911537634116e-07,-5.71054164988569e-07,9.01553190309941e-06,2.13806697880895e-06,-4.61503569495217e-07,0.0163783410986346,4.31373642987851e-08,0.00015043633945656,-5.07472743512829e-06,5.69707086656451e-07,-1.96604485614926e-07,3.77954223387754e-08,1.83643457996813e-05,-5.75738182307051e-06,2.87054984900409e-07,0.000350479489927658,-2.52882123556013e-07,3.06105633556162e-06,-6.71196252994047e-06,0.0152690592405829,3.22070443029283e-06,4.60179615611662e-06,-4.14766934465465e-07,7.79605128022387e-06,-4.06236347198479e-07,1.58748532890541e-06,-9.09802904184248e-17,-4.00079341686457e-06,-1.37354038778274e-07,-1.80976583780834e-10,-1.5845217083356e-06,2.00414418224657e-07,-1.24294407606263e-07,-4.10386485310135e-07,4.67610352489725e-08,-1.98298316323891e-06,6.89060238415785e-06,2.52147185439268e-07,-6.07238240268899e-06,2.89111215019403e-06,-3.4951657640905e-06,1.11061242198105e-05,-1.69150180285398e-06,2.76528842936248e-06,9.80006750344669e-08,7.44781895868199e-08,4.04503251463733e-06,-2.57885536240199e-05,1.14475758089308e-07,-3.16029855387392e-06,0.000109646168931295,-0.000356357935877405,9.71044520714954e-07,8.8318292248454e-07,5.14557573679443e-06,-1.65030079909341e-06,-9.89749133187067e-07,1.35709053615225e-06,-0.00968452435620089,4.02573736600772e-09,6.53858394572915e-07,-1.68355017637058e-06,3.16212788046426e-17,7.13494348348033e-09,4.68021844510425e-06,-5.43950783256364e-07,2.84128715189828e-06,3.66701174033649e-07,8.46913008694378e-07,2.91722900073729e-06,-0.0110741278912513,-1.12524991952992e-06,1.37888414606246e-16,-2.11471609775222e-06,-2.03617809116547e-08,-8.12287465056088e-08,3.88172173666315e-07,6.78074025069626e-07,-4.72076483244517e-08,-1.86057040277483e-06,5.03295430304999e-07,-2.43353405840472e-06,3.26410360630011e-06,-5.02532154585464e-07,-1.20734397248953e-06,-1.49411958498865e-06,-9.03579952087888e-09,-1.20550814006522e-06,7.23139203034796e-07,-1.30920447434987e-06,4.33526586869935e-17,-3.8274127370922e-06,3.00501660397204e-07,8.66030683294611e-09,7.59158995882904e-08,-2.48545276650488e-06,-5.11214004458359e-06,2.59121103044753e-06,-9.40872857685797e-06,-4.62103550607343e-07,-1.29326930838112e-16,-8.44331800319619e-07,-3.32341754677565e-07,-1.06257382311282e-06,4.07029336841431e-16,2.006123257886e-06,2.90007701832898e-06,-4.43267803137421e-07,-1.66218145321582e-06,-5.66809691946228e-07,-3.25750377979236e-07,-0.00026696239039041,2.68004399969187e-07,2.15927041857662e-06,1.21317809558834e-07,5.9961637763365e-07,8.65361025785946e-07,-7.07534548782592e-18,-3.43577773847662e-07,1.12670083227559e-06,5.49354864462957e-06,-7.32093532629738e-07,-7.56351086045605e-17,-1.85409954123908e-05,1.29886869564737e-07,-3.13953437686096e-07,-2.10627129451048e-07,-7.06461682220182e-07,7.51285037160493e-07,-0.000255151873875525,1.32268881905594e-06,1.20200166309104e-16,4.80001725293163e-06,-9.18429413609089e-07,2.56723820920791e-06,7.07438460211177e-06,-0.00140129775862027,-3.78443517376923e-09,-9.95731275210687e-16,-8.32580169336043e-17,-3.82228783115403e-09,-4.87931612738447e-07,6.43226523388521e-08,-6.48887329610699e-07,1.93045448139171e-15,-3.0714504448763e-07,-3.62233940502176e-09,7.48956179248401e-16,7.04309042447014e-17,-1.75566063435119e-16,7.67954645354478e-07,5.87566449243162e-05,-2.44685578147743e-06,1.9117819100035e-06,9.52883542922913e-07,4.50792989351243e-05,-8.37660141438529e-07,-1.00289645039839e-12,-1.84336008109161e-07,5.16963758309815e-07,6.88114119074583e-16,-1.07384291354622e-15,-3.22605765455348e-07,-1.73519358861696e-10,-1.90069800849216e-07,1.03187349137686e-06,1.86553644880626e-07,-6.97806950390829e-08,-7.93550497173423e-18,-2.34480122437504e-07,5.42749302628234e-16,-7.97264500788655e-07,-9.80335604361393e-16,-2.07983901511957e-07,1.65828927976856e-16,8.52300721153884e-07,2.24343688929508e-07,9.28405655876039e-08,1.21862503615408e-06,6.03399934752283e-07,-6.91206620566333e-08,4.37591538591348e-07,3.91659944568332e-06,7.34556030014875e-07,6.76678830174648e-08,1.52131029859319e-07,-4.27135732442643e-07,-7.30650089821729e-07,-5.91902075117103e-08,-2.03398991493349e-07,-1.11284938444638e-15,1.89989153535534e-06,-3.26860701955656e-07,1.68239233755293e-07,1.11626887989843e-15,2.94509329958486e-08,7.99806767199028e-07,6.49962784149668e-05,-2.00986057338375e-15,-6.78263644984186e-07,-3.63783889622567e-07,9.83643932928132e-16,-1.2448104821532e-05,1.0676702208114e-06,3.14068872408094e-15,-2.822218718555e-15,-3.91029121099451e-08,-2.09906465300333e-07,-1.19546890194668e-09,-1.65784996096208e-06,4.39708922110037e-07,1.29322278570245e-07,1.24567140542823e-07,1.14877206966341e-06,-2.5752193524406e-06,2.32713154302289e-15,5.30860958904107e-09,3.65314061438482e-09,1.00784106333188e-08,9.42834306699071e-07,-2.41790585589465e-13,0.707106781186546,3.09965475651516e-07,5.45633134965619e-15,-7.47812590164602e-15,1.46936897778049e-06,-4.89447118890492e-05,-3.26651896369458e-07,-2.20160150476698e-08,1.14196399001327e-05,6.53968643993627e-05,7.24969924490972e-08,-1.1984385731754e-15,1.70625553365721e-07,7.96635057070788e-09,3.65507816928627e-08,-3.67545427387424e-07,1.44901917641453e-06,-1.88583437385655e-15,1.37391259402778e-15,2.73524928558752e-15,-1.26506379814342e-07,-6.06381328148888e-08,-3.53145049917013e-07,-1.08317076401468e-15,-4.64567217003812e-08,-1.1349840686154e-15,-2.56327139100201e-17,1.49810117460852e-05,-1.6181587721992e-07,-1.97324795392362e-16,-4.08183223262519e-07,-2.10645596510733e-07,-1.51056801059845e-15,4.76063931176092e-07,-3.17506942712941e-16,1.68912196897697e-07,1.20643711824013e-15,1.69685133237544e-07,3.73139214757925e-05,5.19305920087687e-08,4.91787228635864e-08,3.38457478057129e-07,-1.69215314458813e-07,4.6709140470325e-07,4.15260985136302e-16,3.08304304019942e-06,-1.74387833461415e-07,9.49804377425632e-16,-2.31079301122358e-08,-0.000921357018067236,1.05403181415385e-07,-4.06507530153853e-16,7.79123984380463e-06,4.53050406241862e-07,5.38971336982602e-16,-1.13225865798359e-06,-2.50460729640424e-07,-1.30436399092922e-08,7.18283046010404e-16,4.40469414649815e-16,5.29395807514154e-06,7.13005718388935e-08,5.76804538029101e-09,-9.25546200006764e-08,4.21420845230141e-08,8.2917286757813e-16,2.61391834011774e-16,1.53812503338909e-07,1.06018596551897e-09,-1.19452934943873e-16,3.71549635814927e-07,8.49918360012613e-17,1.92165823927606e-07,-7.10337035582221e-08,-4.15025832619697e-08,-2.75102278770112e-07,2.00388280509871e-16,2.73437379191021e-16,3.45189598476873e-16,2.61433408330338e-16,-2.20774128375809e-08,-7.65720042096467e-08,6.76975523391003e-16,3.67676302010371e-16,5.41542033868747e-16,1.07742274241606e-07,9.68110630682168e-10,-5.32902027620802e-08,3.10766873628707e-17,1.21319512595697e-15,1.0321604682062e-16,-5.16751436961105e-05,6.78465123778141e-08,3.56863281621466e-16,1.2206381421453e-08,-3.19431988125716e-07,-2.09814816703194e-16,-3.21567667887026e-16,-2.20772061401365e-07,-5.1289268925997e-08,-1.0937726003356e-07,-6.92755687973434e-18,0.000237404321494767,1.78774524654004e-07,1.91886000922424e-07,-1.74858741229053e-07,-4.70665775541307e-07,7.65953007088091e-09,1.03382606606558e-15,-3.9049039950248e-16,-9.16713346928868e-16,1.45407562316611e-07,-1.31651396694138e-07,-4.96118702548142e-08,-7.44638184815032e-05,-2.93516281338729e-16,4.85743946327586e-18,-6.49803858163728e-16,-3.84890654055427e-16,-4.02869824507104e-16,1.85924978573814e-07,-3.18080825466937e-17,4.36054934590142e-16,-3.00881174156308e-08,-2.41497785907089e-16,-2.69334251308853e-08,1.19250054797086e-17,-3.33902145875865e-08,-2.81451461189696e-16,-4.04129349813686e-08,-5.05697722339747e-09,-4.61212412077356e-07,1.18927376802987e-13,1.62259146138795e-07,1.1057818276163e-16,2.30120267717232e-07,-4.04495824227358e-07,4.22699398773261e-06,1.03323258026393e-16,3.26409031634516e-07,-1.43067636991468e-16,-8.0330241117295e-08,-1.02168912715914e-05,8.54322561550019e-17,-3.58737514981733e-16,3.96800040759887e-16,-1.26357610140852e-16,-1.51866935955661e-09,-1.97748912994679e-08,-4.41529090358976e-09,3.12152526708264e-16,1.32795700938504e-16,-4.66585588073326e-08,3.80596719942033e-07,-5.05296107953018e-16,4.14889301138923e-17,-2.01093017348731e-08,1.56715247129566e-17,-1.42522567001555e-07,1.29873598967546e-16,3.03146716533826e-05,-2.35928527707071e-16,1.02504279430409e-16,7.93338552755205e-17,3.74326500971196e-18,3.73163305845503e-17,4.08966157852558e-16,2.57922337197245e-08,-1.80379714252518e-07,-1.39555144828927e-16,-3.04447533540355e-06,4.55342002050288e-07,2.46022993780786e-17,2.20759755432694e-16,-3.22700032379277e-17,2.96835224847563e-16,4.48794704372793e-08,7.17712177954692e-09,6.08122225778633e-16,-2.22597812348789e-16,-8.15677501530708e-08,-7.38804297120465e-06,-4.39893904688361e-09,2.58159500462649e-16,2.30812299362651e-16,-8.34981813604825e-17,-1.70611250779404e-16,5.3461296350583e-16,-1.96159592707094e-17,1.71601798457841e-07,-1.62296074299722e-07,-3.12053069568587e-08,-1.35355149227803e-16,5.25955240256436e-17,2.66955125241145e-16,-8.74826649798052e-18,-1.26513328489802e-16,1.12806790173846e-16,1.3995223858212e-16,1.12311664015581e-17,3.69704429061634e-17,-6.75951827691096e-17,-2.92047772584444e-18,3.27423588662811e-16,2.30246006594681e-16,-8.51080090073744e-17,1.71067706456802e-08,8.89899476470081e-17,1.62297635774813e-16,-1.4750322432692e-16,2.42201562746769e-07,-2.91742933876538e-09,8.55153367089571e-18,-6.25189585754821e-09,2.21692394772625e-07,-3.34390825352958e-17,8.96781118291125e-17,-0.000314853352148034,1.75521005798688e-16,5.41971345021234e-09,-9.62092003970556e-17,1.48606994337498e-16,1.42126156851567e-16,1.61819603028165e-16,5.42033320119665e-09,-0.0001452943599504,5.59430611236719e-17,-9.10504693103359e-17,-1.12419884458717e-17,-2.6425812307835e-16,-1.19262238973405e-18,-1.03823234509017e-16,9.10320355073598e-17,1.25381680778006e-16,8.73191503117452e-09,2.78859050503247e-16,1.26490658588335e-16,1.5338368189339e-16,3.81017227502469e-16,-1.62486710234929e-16,5.11142210793862e-18,-1.72150410455411e-07,4.12742300784087e-17,-8.89208138306332e-17,2.88355737458126e-06,5.1079633473778e-17,-1.78767520015638e-16,1.04726199626118e-16,-3.57139329291901e-17,1.06841176168769e-07,1.45435591870542e-17,-7.88411262575013e-08,-2.18236549888753e-16,6.31080171432915e-17,-3.6896310312729e-17,-3.41186565219927e-16,3.94348664190068e-17,6.88673338813649e-17,2.84711710440353e-09,-1.82302177424799e-16,-2.44379516401143e-16,1.60544431366019e-08,-3.55244844698083e-07,-3.74644009136115e-17,2.48753708031899e-07,3.64284302141414e-08,-1.69471173736208e-16,-3.04225409739543e-16,1.50211072678276e-16,-2.87567889711768e-17,1.52189563633387e-16,-6.10713063881741e-08,-9.89087814389895e-17,1.23282341487033e-16,-8.83037907303255e-17,2.44379281906412e-08,2.74358799805676e-16,8.20751501632541e-17,-1.04305844547758e-17,-1.97717800683756e-16,-1.11268940942111e-08,-8.12365575503896e-17,3.34711296914331e-09,-2.0894310372058e-17,5.53985212088584e-17,1.24934159735159e-16,-1.56748183687271e-16,-1.83247004220103e-17,-1.98129376787682e-16,2.02198199660345e-17,-5.80065956419803e-08,1.47269354263832e-16,-2.67494816703446e-18,2.43797655219707e-08,1.02330083982873e-16,-1.24960207098105e-16,1.22968567727397e-16,8.81593798712591e-17,-8.427763349887e-17,-9.23799726603616e-18,-3.95892960504096e-06,-1.00364905229368e-16,1.65612754766521e-16,5.25582324104554e-08,3.62367464169475e-16,7.48557294118349e-17,1.36279654631478e-16,-1.74932289329761e-16,-8.02543832352836e-17,-2.01106677750935e-17,1.2072314880643e-16,-3.90229258748445e-17,5.55622296291606e-17,3.79919967335343e-17,-2.48191067824215e-16,-2.75351717714514e-08,9.12926179531612e-08,1.17195666878491e-17,-1.29885009984397e-16,-3.08873371687295e-17,3.65426525509056e-17,-1.82145964977565e-17,-2.394716298509e-17,1.38911687304838e-16,1.40540279311926e-16,-7.90412660293771e-09,2.78029438503134e-17,-1.09677005199267e-17,-2.81079357736141e-17,-2.92790530696636e-16,2.55364189860521e-07,1.00045432762088e-18,-1.6025739344642e-09,1.87913494614871e-17,4.43532172242909e-17,-7.61510367571229e-17,1.02081473772367e-16,-4.97624613791885e-17,1.40260042875728e-16,-4.42516539669111e-17,-1.03254865562744e-16,3.73700334720199e-17,9.3250453472944e-17,1.58346884250498e-17,5.19644722964455e-17,3.45076278843552e-17,5.43294224467213e-17,7.73227475028786e-17,1.11639905119568e-16,2.14621001577353e-18,7.43156189312863e-17,1.88703142188021e-16,7.71498325519292e-17,6.42931888283904e-17,2.62651784678671e-17,4.76846399360167e-17,1.9319897140368e-17,8.67744390294899e-17,7.60589846462242e-10,-1.82081603964937e-16,1.92762218570249e-17,5.00284156584881e-18,1.88202514573698e-16,-1.03157459993141e-16,-3.4877428306714e-17,1.79869836452685e-16,1.30918215598914e-16,-7.83610615160565e-17,-3.98294788124196e-16,-1.36175792864179e-16,-2.0126370112315e-17,2.24906394971358e-17,-2.78765820077466e-17,2.16579424625617e-16,8.32765998766102e-17,-7.31028418800569e-17,-9.7741405087707e-09,1.11785876276171e-16,-2.22450121775071e-17,8.9259811088956e-19,-8.86991307643738e-18,-3.12429550100056e-18,-4.24650230777608e-17,1.56752643510601e-17,-8.97340759265558e-17,-7.1267812094862e-18,2.06779812241597e-09,1.23537550055242e-16,2.01722082676761e-17,-2.27367732053414e-17,-3.39764295324182e-17,-2.1911768557086e-17,-2.89059064400496e-17,-1.1244914263292e-17,4.19467452212924e-19,-1.10684307867932e-16,4.68141425920574e-17,-1.65411026483281e-17,3.5898207212783e-17,-1.64436211634784e-17,1.04170090848959e-08,2.70799260707514e-18,3.41963095409601e-18,1.32691929608936e-16,-1.60678761962352e-16,-7.88791482719512e-07,-3.55821827175571e-17,-2.26117462153499e-17,3.29592780407833e-18,-3.74383453508818e-17,1.495860828606e-17,9.79785014541669e-18,1.07634445380255e-16,3.38431617972353e-17,-1.70629431120757e-17,4.46059037883789e-17,4.82014488542158e-17,3.80416775805839e-17,-2.58369430220251e-17,-1.02504893415471e-17,4.9210962406432e-17,1.40019102302086e-16,-2.54569833753341e-16
"t423",-0.00351399416983141,0.0189767878436185,0.0229740310473817,0.00161702623873862,-0.00410855351952644,0.00188775454355905,-0.000629496583625134,-2.90748103873837e-05,-0.000403937330358666,0.0016850380981742,0.000845157377324804,-0.00650399843061072,0.0106740519270021,0.00445131763580883,0.0103391622475318,0.00235192285535171,0.00618632602926575,-0.00096420364824987,0.00126220762263605,-0.00112728463604666,0.00390579938251825,-0.00142540680400036,0.00436745596215815,-0.00761426231321799,0.00121545385628673,-0.00407943248283196,0.00529815950434682,-0.0069665651450356,0.0415492059161621,-0.357834981407985,0.00208818177142647,-0.0461606424723431,-0.0529405524037656,0.0100962565296291,-0.000896938742278587,-0.000683993185624632,-0.00205227976688356,0.00016724348126807,0.00130127309693423,0.000330578511591494,0.0369677955925881,-0.0011739979151466,0.000800961809525847,-0.000975880398514829,0.0032786807109562,-0.000559829703181622,9.70957783373986e-05,-0.0013893080273286,0.00133429077559315,-0.00237880253532847,0.00165316849815584,-0.00325865995201098,1.86088605136975e-06,-0.000454357119797664,0.000205395768768097,-0.00213596162068874,7.49061105963444e-05,-0.0106793025163798,0.00121677789044748,-0.000237359419887014,-0.000288191088626478,0.000536860273622225,-0.048873312757512,0.352172147636992,0.00018182992208546,-6.85613860836181e-05,-8.18205897687076e-06,0.000351547725256198,-0.0021023659645705,0.000400111886037893,-4.27749825634423e-05,0.000108984279828563,-3.55574800577415e-05,-0.000230538961476562,9.63301458043559e-05,8.84391435194275e-07,-0.000809797379047129,0.000234819020030097,-0.000382797413413231,-0.000441059845176948,0.000243401654467872,0.00186462781386787,-0.000218470854418342,-0.0010122078148378,6.11928638098769e-05,0.0017124974017721,-0.000249937174219299,-3.93415736350456e-05,-8.74818583430162e-06,0.000331589433764358,-7.22546489891619e-05,1.6975001946376e-06,0.000112252608506278,-0.000985421914160346,-4.89329004420134e-06,-0.000211480977733985,-2.48388046320648e-05,0.000131197786657388,-0.00270640044190017,-0.000341137239469211,-7.36593962616327e-05,4.7353669719332e-06,-0.000100442341813597,3.35029807934801e-05,-1.44997234538217e-05,2.27676173838278e-05,-0.000764333003469034,2.60669395784948e-05,-0.000117656907114297,3.85892997309422e-06,0.000250365891095314,0.000218451896278628,-6.70921684329309e-05,5.96940235199105e-05,-2.16319347761607e-06,6.19256953314744e-05,-0.000120013988091895,0.000125068039270055,-0.000124802548740075,0.000593483728565509,-0.000162555109475606,0.000519149911431225,-0.000248832941691454,-0.000683038904365589,3.10662058694683e-05,-0.000321601868329279,3.27372371938233e-05,-6.860549723287e-05,0.000132075727945873,0.00411382032980121,1.76101548177009e-05,0.000369699392945054,-4.8884118321618e-05,-8.84359092412061e-05,3.80474040001812e-06,0.000143732255484151,-8.04968089462535e-07,-0.00107602666546823,0.000151808040202295,-0.000435651832552601,-2.70388175379513e-05,-0.000800138895689399,0.000216063984785387,1.35879892695073e-05,5.17328273149024e-06,-2.63393962799311e-06,-0.000242913479560016,1.71482758880485e-05,1.10851649850604e-06,-2.64380504631677e-06,-5.60380434865928e-05,-1.22407516089843e-05,-3.53856861868854e-05,9.72659975584325e-05,-5.4984719772762e-05,-2.32921069841373e-06,3.47496780045099e-05,-0.000255584426998888,-8.47180427471016e-06,-2.78659721565689e-06,-0.000183738718606491,5.3810757942205e-05,-1.26952374334483e-05,-0.000251682299980272,0.000157648561073904,-0.00010138292856618,0.000105311814199216,1.79592932413443e-06,8.92383417875287e-05,0.000233880880605847,-0.000194678591887255,-3.41513485402793e-05,3.8474116284785e-06,9.81014539208563e-06,2.35444023246045e-05,3.72984986048546e-06,2.08031113941703e-06,-7.41828756376124e-05,-6.04591121697845e-05,-0.000359198308948874,0.00240968010563543,0.000276823855629103,-0.000123204959638081,-2.23450040050859e-07,-1.37200513974552e-05,-1.54997158462175e-06,-0.000229795279765715,5.26260015610885e-05,0.000235834033338525,-0.000293135035324916,-6.39801923887915e-06,1.17592884503317e-05,4.67592358014678e-05,8.31401892180046e-08,1.61370611286933e-05,-1.14026249715623e-05,-2.10758073701098e-05,-1.51016604364266e-05,1.27125034112955e-05,6.31727585660675e-06,6.45383604161483e-06,0.0122405291928697,-8.52275967790124e-08,-2.02468824394259e-05,-3.06815088772487e-05,-0.000153336415824312,2.01139723007463e-05,0.000106182421543435,-0.000152346476738986,-9.53196939607638e-07,-0.000627235067629259,0.000202771243802437,-0.000537696774352694,-6.68497103833258e-05,-5.40947064246903e-06,-3.519480071643e-05,9.13439363081569e-06,1.15381851671368e-05,-1.04440740919745e-05,-5.20560936357012e-05,-0.000563613675913858,0.000325389809713754,7.13407207575114e-05,0.000597612729203812,-7.5388282591168e-05,-2.95305465133683e-05,-0.000407797673610796,-5.72999675588751e-05,-4.52043858322796e-05,-3.62806922106083e-05,0.000109019846360397,2.24837915640974e-05,1.25480416535223e-05,2.10163716882443e-05,-1.1265023197546e-06,-2.62428383253412e-06,-9.79896265195299e-05,-2.14912385372586e-16,-1.11908473288205e-05,0.000160292438638458,-6.66027671642593e-05,-8.7817252825756e-05,-0.000102782812471196,1.73584407719504e-05,-2.1182973282054e-05,0.000110939794207281,-1.80414433471744e-06,1.20976487515565e-07,-2.81289782732282e-05,0.000295804048182708,-1.78287789717605e-05,0.000988367514021018,-6.39517444736417e-05,4.29392443704099e-06,-3.13100929439118e-07,1.66025858717765e-05,-2.15122916758794e-05,0.000348612328645681,0.000111834645270963,-2.95184254726587e-05,0.00263719546790953,-0.000495269990645099,0.278926822720789,0.0034075602833286,-9.95152128845426e-05,3.14589017284981e-05,-1.96427343897535e-06,-0.000938547635748903,0.000288826941786824,-1.20004489864895e-05,-9.25462328641109e-06,8.2906640001113e-06,-9.72047081752313e-05,5.64094765487726e-05,-0.000168442758241136,0.000153854460389609,-0.000107265157836528,7.21335336115091e-06,-9.95398745443791e-05,4.86294718006401e-06,-1.81246840202667e-05,1.23103496452893e-16,3.94568461342153e-05,1.33058952107724e-06,1.65660872288734e-09,1.27849033656943e-05,-1.46041894702709e-06,8.64328683131404e-07,2.78935414985457e-06,-2.39938185325123e-07,9.99810692067962e-06,-3.45782101713413e-05,-1.16876260906074e-06,1.6610523593691e-06,-1.03177046028007e-05,1.21428241861558e-05,-3.52990939227784e-05,3.78217040451435e-06,-5.2814011975346e-06,-1.85408368051085e-07,-1.40508731818713e-07,-4.90562794834657e-06,1.55068820080328e-05,-6.10016369419066e-08,1.37393169700854e-06,-2.79736070008602e-06,9.19792237354915e-06,-5.92459880450481e-08,-3.89799351665791e-08,-7.29903905297197e-08,-9.05162953669535e-09,-6.33853280247876e-08,1.44759026945458e-07,-1.9079949911261e-06,2.66797423931664e-08,2.95052926329287e-07,-7.57418605952994e-07,-2.38547830237126e-18,5.02693434044464e-09,3.15912000141219e-06,-3.04144752754504e-07,1.57293653080475e-06,2.00793156429778e-07,4.17424198215949e-07,9.94415433209627e-07,-2.97168629877952e-05,5.84387844337096e-06,2.4235677179213e-16,-4.97153373680094e-06,-4.62131489050434e-08,-1.75409541257624e-07,8.3466836268866e-07,1.39398959537237e-06,-9.65895456460429e-08,-3.82322014469165e-06,1.04176668778878e-06,-5.14873728612181e-06,7.07117711634787e-06,-1.10590799290352e-06,-2.68075986234308e-06,-2.83676763227961e-07,-2.03735118153251e-08,-2.72105917264924e-06,1.64358807431196e-06,-2.99156055499295e-06,-1.32785663715579e-16,-9.09089675567607e-06,7.19287069970379e-07,2.0731052970251e-08,1.8563518615665e-07,-6.09663190396185e-06,-1.29994079198259e-05,6.6511327317368e-06,-2.41936914169001e-05,-1.19610136197051e-06,-4.09135612796648e-17,-2.20084814295125e-06,-8.68405235956149e-07,-2.79841335874934e-06,9.83851664865294e-16,5.30305024676257e-06,7.65925105956704e-06,-1.16950707483895e-06,-4.36804205852018e-06,-1.45992257166121e-06,-7.84785425009824e-07,-5.5503403862703e-05,7.8055009828466e-07,6.26155317816452e-06,3.4786228297778e-07,1.71718210719776e-06,2.47861758438517e-06,-1.78957588727752e-16,-9.95163739246446e-07,3.27134702885192e-06,1.60381320309575e-05,-2.15560373256095e-06,-7.94367098690465e-18,-4.20571261797987e-06,3.97077331298987e-07,-9.66934819993652e-07,-6.50656281645379e-07,-2.18885980208391e-06,2.33162782856734e-06,-6.19819168049827e-05,4.43516871432345e-06,3.6611641859033e-17,1.64284469367898e-05,-3.1462272215494e-06,8.78597337711682e-06,2.05449036711463e-05,-4.16149926926089e-06,-1.40343694509343e-08,-7.63278329429795e-16,7.20381183409009e-17,-1.36469434909082e-08,-1.75210478087397e-06,2.3118442952229e-07,-2.34856958149991e-06,7.25632566512699e-15,-1.13007480598217e-06,-1.34261750634626e-08,1.9645191857842e-18,-1.46735717661319e-17,-1.87562656191944e-16,2.90029620913488e-06,1.69968096677775e-05,-9.42661200411119e-06,7.42085923929833e-06,3.70194072677369e-06,1.51926069375829e-05,-3.3250410336564e-06,-3.57929004431494e-15,-7.38171012217333e-07,2.0834773826667e-06,-5.07289783147192e-17,1.88048463014663e-16,-1.3337811868653e-06,-7.21866570603787e-10,-7.97347647238921e-07,4.35312180732145e-06,7.95564310013433e-07,-2.9810451035663e-07,-5.49849992747549e-16,-1.00411200815311e-06,-7.44510262431801e-17,-3.43788402904548e-06,2.69749500514394e-16,-9.01462714811446e-07,-5.01557354417772e-18,3.71843119435534e-06,9.80073545352467e-07,4.12856090026997e-07,5.43993177573211e-06,2.69789555132917e-06,-3.11223926923982e-07,1.98242944215751e-06,1.3756204971274e-06,3.37929965161038e-06,3.12464079644929e-07,7.08329490330795e-07,-2.01130828376811e-06,-3.47381151879698e-06,-2.83586473687303e-07,-9.78233888989614e-07,-1.25256823887326e-16,9.2475218707794e-06,-1.60978292055747e-06,8.57613190293806e-07,6.82506698744554e-16,1.51643184216417e-07,4.16786177681573e-06,2.96924898629922e-05,-1.99489118896928e-16,-3.64328974377246e-06,-1.96369547609372e-06,1.16866253089038e-16,-5.17365370886402e-06,6.09356608119535e-06,-2.33413076237597e-17,-2.87441233362792e-16,-2.27899499264729e-07,-1.22574744292651e-06,-7.04542505923929e-09,-9.87922873715999e-06,2.68982612163947e-06,7.9295881847051e-07,7.6635746337609e-07,7.3428054631048e-06,-1.70294814812737e-05,2.30284541435921e-16,3.55850092683012e-08,2.45461144037278e-08,6.8294224854019e-08,6.45556961506776e-06,-1.08379629657948e-15,4.93872580149752e-16,2.15361197135716e-06,-7.6823144420736e-17,-2.95539783301361e-17,1.13051154015836e-05,-3.35584503731481e-05,-3.15217049034112e-06,-1.79926297517235e-07,8.64720632956741e-05,4.61044542689343e-05,6.25677517135694e-07,-1.44190343670374e-16,1.64030172987914e-06,7.89718752806032e-08,3.66186675920414e-07,-3.89521206642151e-06,1.73293165187363e-05,3.70586600560349e-15,3.37560932953003e-16,4.48122179622516e-15,-1.91430207160552e-06,-1.05257895591412e-06,-6.20214367286578e-06,3.39327634188318e-15,-9.65687421631978e-07,1.75447686216842e-15,-5.81775638798476e-15,0.395804966420743,0.000236021324226934,1.3540384091737e-14,2.61639749553153e-05,8.41814783091601e-06,-7.05329012326623e-15,-1.02873640651518e-05,2.92286260249679e-16,-2.20912763769409e-06,-6.30430970693064e-15,-2.12222779745606e-06,-3.52964594251079e-05,-6.24946715070503e-07,-5.62924252575506e-07,-3.51346763563472e-06,1.26739536171418e-06,-2.33816257225498e-06,1.73113298435291e-16,-9.58847917765402e-06,5.14535839190289e-07,-4.66560777027851e-16,6.33488273383184e-08,2.25334480159886e-06,-2.35744511486716e-07,-2.39831711771488e-16,-9.74281758437032e-07,-5.92676989996125e-07,-8.13096976781249e-16,1.29699890954684e-06,2.67776380072982e-07,1.05046654106632e-08,-4.71264018720352e-17,2.04267993553341e-16,-1.30025305695568e-07,-6.6581678853162e-09,-3.27423661343308e-10,-5.45059359472583e-08,2.84332787055934e-08,-4.3474133295667e-17,5.88346700474879e-16,1.1249727553872e-07,7.82880338742568e-10,2.02140894973544e-16,3.08153837452069e-07,-7.39491166311464e-18,1.75355826967308e-07,-7.24331512884613e-08,-4.26245524266494e-08,-2.90371427572593e-07,-5.27103853438389e-16,6.08181487057294e-17,-4.11430963013059e-16,2.15934411296655e-16,-2.84622635799652e-08,-1.00061152459214e-07,1.75983737657135e-15,-7.30585746302145e-16,-8.47500346512289e-16,1.47435257207922e-07,1.34977250249061e-09,-7.7906043529671e-08,3.71732349816368e-16,-1.44090468723324e-16,5.52075746229619e-16,-7.53126812574469e-06,1.16896352332383e-07,-5.31090336430834e-16,2.14036603734461e-08,-5.68731358791817e-07,-3.24327091997704e-16,-6.12283814758112e-16,-4.06819802310272e-07,-8.26047049971953e-09,-2.05904817449263e-07,-3.46451154396568e-16,4.71604463225014e-07,3.52834428713458e-07,3.86321344263097e-07,-3.61369205657675e-07,-9.79260930605977e-07,1.61331375411583e-08,-4.33502145750061e-16,-2.45656421237722e-16,1.9299266643807e-15,3.26056791086596e-07,-2.9546833242163e-07,-1.12145854670945e-07,-1.80188249441131e-07,6.00551179916572e-16,-1.20165540357861e-15,9.39167262764109e-16,-9.47068731822858e-16,-2.52927525070954e-16,4.48928232146899e-07,7.69371683563222e-16,-4.39282529891746e-16,-7.34995987241212e-08,2.9604071944449e-16,-6.58332879901353e-08,2.1621312704283e-17,-8.16989506007179e-08,7.56415548965379e-16,-1.00784400009831e-07,-1.26664913408084e-08,-1.16279833200994e-06,-6.3695098052005e-16,4.12305614762145e-07,9.6393050263556e-16,5.94446933156391e-07,-1.0660493955355e-06,1.16635746189461e-08,9.39485216440904e-16,8.67595383158501e-07,1.11606471746734e-15,-2.15682031019208e-07,-2.40582248062048e-06,1.02782012279959e-15,5.62193653896169e-16,-2.88638589300107e-17,4.24265361767583e-18,-4.12535438285116e-09,-5.38446740073306e-08,-1.20552557107038e-08,-1.29576324708169e-15,1.2540100139065e-15,-1.29023972154952e-07,1.05303478499692e-06,4.30982138405771e-16,-2.48021783359987e-16,-5.64654268659941e-08,1.43883715681737e-15,-4.01355084992098e-07,-6.9113943571377e-16,7.54689293443478e-06,-1.52499663058287e-15,1.37298113596539e-15,4.21135919959941e-17,-9.52534962586902e-16,4.17730542235973e-15,-1.27307652248544e-15,7.46084259860937e-08,-5.21887371681991e-07,9.74532356791362e-16,-6.87796872396691e-07,1.32777547408592e-06,-1.24254262260119e-14,5.14517588433004e-15,-8.4656796606908e-15,-1.33415858668279e-14,1.32124414538136e-07,2.11745965121678e-08,7.74420779176903e-15,-2.73697163825587e-14,-2.41022228687912e-07,-1.69822412844932e-06,-1.3032526254557e-08,-8.20195164194834e-14,-0.707106781186548,-1.32503985990376e-14,5.36730969170751e-15,8.22413463186201e-15,8.95055835689045e-15,5.16674427893001e-07,-4.8937518123285e-07,-9.42306313531467e-08,1.46150719483043e-14,-6.13808510125199e-15,1.89534556043346e-15,1.19010725997944e-15,1.69272998835476e-15,-2.56828755604663e-15,1.9822752699934e-15,-2.39791279936799e-15,3.69707639382192e-15,2.69857473295927e-15,1.41020075162559e-15,3.16491325901565e-15,-8.329048757066e-16,2.96101534312957e-15,5.28297368408594e-08,2.43298598297702e-15,9.07920329939985e-16,-4.53965406628544e-15,7.49811145976714e-07,-9.03647124866135e-09,-1.17976557606626e-16,-1.93705996658456e-08,6.8811101815504e-07,-1.14021380940709e-15,7.41133551920491e-15,-2.6296234306066e-06,1.76419883327615e-15,1.70876454507248e-08,5.74503179518619e-16,3.1999331245662e-16,2.0482951939371e-16,3.17216976630657e-16,1.68407631691292e-08,-4.56669055863118e-06,-1.64558546826817e-15,-1.00901431319631e-15,-5.05350243121335e-18,-5.13353972515838e-16,6.19751645836164e-15,4.27076149107317e-16,4.76007744268219e-16,8.77053099562967e-18,2.8471481587975e-08,-2.31132098050617e-16,1.16743768162336e-15,4.61758797848333e-16,1.88465316363204e-16,-6.65900602691903e-16,3.45041273079039e-16,-5.64165715762351e-07,3.15676658585296e-16,4.73869638868194e-17,8.30819636572763e-07,-1.38264606280962e-16,-6.25672593640945e-19,1.30255227208385e-16,-7.07046875327756e-17,3.54237024357758e-07,4.57574327235821e-16,-2.6188996984699e-07,2.56884663207452e-16,2.4724920344421e-16,-2.28798831218557e-16,-4.05915128983206e-17,7.20744040364057e-17,1.83965810897806e-16,9.49308020795701e-09,-3.197150670415e-16,2.81445284246174e-17,5.36828524558678e-08,-1.18803775709433e-06,-1.70772237486915e-16,8.33924326437728e-07,1.22215473704626e-07,1.60980500373129e-17,-5.93955814595405e-16,-2.03120867079572e-16,3.96032708409937e-17,-4.42472604793245e-17,-2.0714122962248e-07,-3.95660304145874e-17,-6.41309869173885e-16,-5.82796153091084e-16,8.31152325043733e-08,1.75628676250748e-17,5.17831422341695e-16,5.30108899404645e-17,3.18432756259368e-16,-3.79785921839986e-08,2.63332997154803e-16,1.14369102491939e-08,-7.31652804496174e-17,4.15717410010524e-16,-1.85316980673897e-17,4.46972037683542e-17,2.24695226794566e-17,2.33849613260353e-16,4.63697130154001e-17,-1.9933535563902e-07,-5.19304917723391e-16,-1.50502633777186e-16,8.38955491261962e-08,1.3083499060792e-16,-2.08780057054377e-16,7.11912244613439e-17,-6.44875609100214e-17,-3.06733674218723e-17,2.43559003010267e-16,-1.20399002801806e-06,-1.27391664152461e-16,-2.82759068490941e-16,1.81998119008736e-07,-1.42209590449732e-16,-1.30847930761438e-16,1.92780767374893e-16,1.25323791094889e-16,1.55846025040028e-16,-3.40612485269407e-16,3.98758089280571e-16,1.13728571846809e-16,3.61802324715893e-16,7.34044298561029e-18,6.48041984649065e-16,-9.60072359790836e-08,3.18570748578713e-07,5.85872982960488e-16,-1.01817854475624e-16,4.16174671796707e-16,-6.491927088965e-17,-4.20236762055382e-16,-5.26754351163802e-18,-4.8366254117367e-16,-1.79369019351013e-16,-2.76982697596066e-08,-9.91253981717662e-17,5.36134933158686e-17,3.38825737249781e-17,-2.08427639547981e-18,7.01586266181003e-08,-3.47191193715969e-16,-5.65770902387662e-09,1.72050412999113e-16,-3.37506713011135e-17,1.20768954688665e-16,-3.45498585536404e-16,1.25498295484915e-16,1.39243555475391e-16,-1.11618211219664e-16,-1.3670569435036e-16,2.5491870765021e-16,7.02375823276777e-17,-6.22638502365104e-17,1.25293485945838e-16,1.06106967071995e-16,-1.4472973711065e-16,5.94430257804147e-17,-3.20385876516298e-17,-1.49140557479536e-16,4.57541935477008e-17,1.78757415243712e-16,-6.63082324937216e-17,-4.77048955893622e-18,-9.58057881055259e-17,2.12532635202294e-17,-7.16545427591968e-17,4.08077381108361e-17,2.72256315092361e-09,1.60283904127948e-16,-1.04344112749709e-16,6.41131749926702e-17,3.75469643000415e-17,-1.09746348865763e-16,1.04646064045074e-16,-4.36710306555394e-17,4.97488898668076e-17,-2.98131620234864e-17,3.45793472137612e-17,-8.93382590128056e-17,-1.18434379797169e-16,-6.79815321661395e-17,-4.77109546704895e-17,4.3285563967081e-17,-1.55401379285361e-17,-6.23513719603942e-17,-3.52988215390662e-08,9.73811672493507e-17,-5.09390136139864e-17,-1.07024882507999e-16,-2.74233499069323e-17,3.42116903905582e-17,8.45184269703549e-17,-1.78562870469942e-17,-5.40325154994972e-17,-7.20006674601492e-17,7.53367165525056e-09,2.91692741868909e-17,-1.29511491621951e-16,-4.75442664935682e-17,-2.27819588842279e-16,1.06895102236039e-16,-9.90636931478521e-17,-7.52820958530231e-17,3.89621787659087e-17,-6.13304082732312e-17,8.26574813309913e-17,1.20534291504854e-17,1.05346987013041e-17,-1.18195067170303e-17,3.82758673062606e-08,2.01733759124896e-17,-1.51669241875528e-17,-1.57234170130066e-16,-6.61363325216158e-16,-2.27866474290873e-07,1.09226955991299e-17,-1.47688507705715e-17,3.45892822832172e-17,-5.11911202337815e-18,1.14884863985545e-17,2.39995053295452e-17,1.61498560379117e-16,2.97726860136818e-17,5.11774148687084e-17,3.44301450424142e-17,8.52195275758067e-17,5.04846270392513e-17,-2.51409202467431e-17,2.17308043613093e-18,3.28274775202142e-17,3.43211792533133e-17,-2.81997738892479e-16
"t424",-0.00351399416983141,0.0189767878436185,0.0229740310473817,0.00161702623873862,-0.00410855351952645,0.00188775454355905,-0.000629496583625136,-2.90748103873818e-05,-0.000403937330358675,0.00168503809817419,0.000845157377324806,-0.00650399843061071,0.0106740519270022,0.00445131763580879,0.0103391622475318,0.00235192285535171,0.00618632602926577,-0.000964203648249875,0.00126220762263605,-0.00112728463604664,0.00390579938251825,-0.00142540680400036,0.00436745596215815,-0.00761426231321801,0.00121545385628672,-0.00407943248283197,0.00529815950434684,-0.00696656514503563,0.0415492059161623,-0.357834981407986,0.00208818177142646,-0.0461606424723431,-0.0529405524037657,0.0100962565296292,-0.000896938742278577,-0.000683993185624592,-0.00205227976688357,0.000167243481268021,0.00130127309693425,0.00033057851159149,0.0369677955925882,-0.0011739979151466,0.000800961809525851,-0.000975880398514763,0.0032786807109562,-0.000559829703181567,9.70957783373839e-05,-0.0013893080273286,0.00133429077559311,-0.00237880253532858,0.00165316849815586,-0.00325865995201108,1.86088605142336e-06,-0.000454357119797737,0.000205395768768118,-0.0021359616206887,7.49061105963682e-05,-0.0106793025163799,0.0012167778904475,-0.000237359419887017,-0.000288191088626473,0.000536860273622199,-0.0488733127575122,0.352172147636993,0.000181829922085455,-6.85613860836163e-05,-8.18205897690323e-06,0.000351547725256151,-0.00210236596457048,0.000400111886037837,-4.27749825634076e-05,0.00010898427982858,-3.55574800577139e-05,-0.000230538961476497,9.63301458043013e-05,8.84391435235014e-07,-0.000809797379047148,0.000234819020030114,-0.000382797413413247,-0.000441059845176916,0.000243401654467861,0.00186462781386782,-0.000218470854418338,-0.0010122078148378,6.11928638098641e-05,0.00171249740177207,-0.000249937174219347,-3.93415736350257e-05,-8.74818583431095e-06,0.000331589433764337,-7.2254648989164e-05,1.69750019451964e-06,0.000112252608506272,-0.000985421914160332,-4.89329004420446e-06,-0.000211480977733985,-2.48388046320487e-05,0.000131197786657305,-0.00270640044190016,-0.000341137239469159,-7.36593962616302e-05,4.73536697194232e-06,-0.000100442341813622,3.35029807935005e-05,-1.44997234538188e-05,2.2767617383905e-05,-0.00076433300346909,2.60669395785085e-05,-0.000117656907114331,3.85892997307796e-06,0.000250365891095329,0.000218451896278638,-6.7092168432917e-05,5.96940235198741e-05,-2.16319347758438e-06,6.19256953314919e-05,-0.000120013988091919,0.000125068039270071,-0.000124802548740072,0.000593483728565558,-0.000162555109475644,0.00051914991143128,-0.000248832941691449,-0.000683038904365591,3.10662058694921e-05,-0.00032160186832926,3.27372371938146e-05,-6.86054972328719e-05,0.000132075727945828,0.00411382032980132,1.76101548176796e-05,0.000369699392945128,-4.88841183215552e-05,-8.84359092412398e-05,3.80474039986125e-06,0.000143732255484168,-8.04968089421533e-07,-0.00107602666546826,0.000151808040202277,-0.000435651832552583,-2.70388175379515e-05,-0.000800138895689439,0.000216063984785358,1.35879892694858e-05,5.17328273146035e-06,-2.63393962793712e-06,-0.000242913479560007,1.71482758880552e-05,1.10851649850099e-06,-2.64380504630026e-06,-5.60380434865785e-05,-1.22407516090219e-05,-3.53856861867416e-05,9.72659975584353e-05,-5.49847197727972e-05,-2.32921069838283e-06,3.47496780044851e-05,-0.000255584426998861,-8.47180427477201e-06,-2.78659721565816e-06,-0.000183738718606394,5.38107579421697e-05,-1.26952374334165e-05,-0.00025168229998024,0.000157648561074042,-0.000101382928566108,0.000105311814199225,1.79592932411159e-06,8.92383417874932e-05,0.000233880880605892,-0.000194678591887231,-3.4151348540255e-05,3.84741162859205e-06,9.81014539212242e-06,2.35444023246829e-05,3.72984986050327e-06,2.08031113937096e-06,-7.41828756376068e-05,-6.04591121697555e-05,-0.000359198308948805,0.00240968010563545,0.00027682385562922,-0.000123204959638019,-2.23450040069881e-07,-1.37200513974968e-05,-1.54997158465611e-06,-0.000229795279765644,5.26260015611496e-05,0.000235834033338506,-0.000293135035324821,-6.39801923891989e-06,1.17592884503158e-05,4.6759235801449e-05,8.3140189203315e-08,1.61370611288221e-05,-1.14026249715278e-05,-2.10758073701656e-05,-1.51016604363239e-05,1.27125034112664e-05,6.31727585654938e-06,6.45383604160737e-06,0.0122405291928696,-8.52275967587505e-08,-2.02468824394607e-05,-3.0681508877457e-05,-0.000153336415824395,2.01139723006629e-05,0.000106182421543467,-0.000152346476738986,-9.53196939641283e-07,-0.000627235067629213,0.000202771243802285,-0.000537696774352754,-6.68497103834476e-05,-5.40947064207359e-06,-3.51948007163875e-05,9.13439363079348e-06,1.15381851671231e-05,-1.04440740918658e-05,-5.20560936357204e-05,-0.000563613675913858,0.000325389809713856,7.13407207575343e-05,0.000597612729203903,-7.5388282591145e-05,-2.95305465134328e-05,-0.000407797673610818,-5.72999675588409e-05,-4.52043858323046e-05,-3.62806922106649e-05,0.000109019846360476,2.24837915641599e-05,1.25480416535575e-05,2.10163716882269e-05,-1.12650231977222e-06,-2.62428383256391e-06,-9.79896265195971e-05,-2.007181033744e-16,-1.11908473288452e-05,0.000160292438638847,-6.66027671642524e-05,-8.78172528256927e-05,-0.000102782812471201,1.73584407720357e-05,-2.11829732821067e-05,0.000110939794207364,-1.80414433483199e-06,1.20976487576861e-07,-2.81289782731497e-05,0.000295804048182709,-1.78287789717139e-05,0.00098836751402109,-6.39517444737257e-05,4.2939244371278e-06,-3.13100929565753e-07,1.66025858717224e-05,-2.15122916759187e-05,0.000348612328646208,0.00011183464527096,-2.95184254727367e-05,0.00263719546790947,-0.000495269990644968,0.27892682272079,0.00340756028332859,-9.95152128845259e-05,3.14589017284799e-05,-1.96427343901125e-06,-0.000938547635748976,0.000288826941786917,-1.20004489865489e-05,-9.25462328647525e-06,8.29066400014181e-06,-9.72047081752283e-05,5.64094765481949e-05,-0.000168442758241075,0.000153854460389602,-0.000107265157836839,7.21335336120297e-06,-9.95398745443397e-05,4.86294718011649e-06,-1.81246840201188e-05,8.80643288431461e-17,3.94568461340956e-05,1.33058952117348e-06,1.6566087596128e-09,1.27849033656904e-05,-1.46041894706132e-06,8.64328683111523e-07,2.78935414995733e-06,-2.39938185320603e-07,9.9981069207918e-06,-3.45782101715181e-05,-1.16876260895633e-06,1.66105235944987e-06,-1.03177046028158e-05,1.21428241861528e-05,-3.52990939226805e-05,3.78217040446907e-06,-5.28140119746261e-06,-1.85408368132624e-07,-1.40508731848792e-07,-4.90562794832448e-06,1.55068820078703e-05,-6.10016369903951e-08,1.37393169705324e-06,-2.79736070009692e-06,9.19792237359317e-06,-5.92459879453036e-08,-3.89799351985203e-08,-7.29903906169821e-08,-9.05162954494248e-09,-6.33853279950163e-08,1.44759026912021e-07,-1.90799499123292e-06,2.66797424187933e-08,2.95052926250314e-07,-7.57418605913342e-07,2.83135934765591e-17,5.02693435489133e-09,3.15912000145145e-06,-3.04144752841674e-07,1.57293653081404e-06,2.00793156358417e-07,4.17424198238367e-07,9.94415433149231e-07,-2.97168629877471e-05,5.84387844344467e-06,-7.16277957155845e-17,-4.97153373677244e-06,-4.62131488414209e-08,-1.75409541051565e-07,8.34668362625221e-07,1.39398959534102e-06,-9.65895456844643e-08,-3.82322014469034e-06,1.04176668785532e-06,-5.14873728622688e-06,7.07117711635712e-06,-1.10590799304285e-06,-2.68075986229463e-06,-2.83676763207595e-07,-2.03735121693171e-08,-2.72105917267515e-06,1.64358807437505e-06,-2.99156055506916e-06,-1.93825661567222e-16,-9.09089675576611e-06,7.19287069922241e-07,2.07310529561572e-08,1.85635186515539e-07,-6.09663190398649e-06,-1.29994079199223e-05,6.65113273166037e-06,-2.41936914167404e-05,-1.19610136187695e-06,6.79083114696545e-18,-2.2008481430774e-06,-8.68405236080069e-07,-2.79841335880369e-06,1.01126663522401e-15,5.30305024668367e-06,7.65925105960855e-06,-1.16950707483842e-06,-4.36804205874473e-06,-1.45992257179841e-06,-7.84785424992424e-07,-5.55034038626738e-05,7.80550098296841e-07,6.26155317813981e-06,3.4786228290889e-07,1.71718210715858e-06,2.47861758413971e-06,-6.73399311845991e-17,-9.9516373911456e-07,3.27134702887379e-06,1.60381320308132e-05,-2.15560373245776e-06,4.92059466041349e-17,-4.2057126178726e-06,3.97077332207982e-07,-9.66934820141633e-07,-6.50656281494706e-07,-2.18885980191047e-06,2.33162782851715e-06,-6.19819168051546e-05,4.43516871438715e-06,-4.44643150553446e-17,1.64284469367009e-05,-3.14622722157368e-06,8.78597337721143e-06,2.05449036711113e-05,-4.16149926929356e-06,-1.40343693604032e-08,-2.63677968348475e-16,3.74887414618146e-17,-1.36469434461341e-08,-1.75210478113835e-06,2.31184429361871e-07,-2.34856958147692e-06,7.11619191683998e-15,-1.13007480603233e-06,-1.3426175065946e-08,-4.42766694464017e-17,4.60375282196881e-17,-1.688298591517e-16,2.9002962091256e-06,1.69968096678317e-05,-9.42661200425053e-06,7.42085923924092e-06,3.70194072677738e-06,1.51926069375265e-05,-3.32504103360796e-06,-3.70245368155887e-15,-7.38171012232344e-07,2.08347738286148e-06,1.05828915538274e-16,1.73854057816467e-16,-1.3337811868305e-06,-7.2186634452333e-10,-7.97347646358149e-07,4.35312180728588e-06,7.95564309425982e-07,-2.98104510300731e-07,-9.35988596478246e-16,-1.00411200819003e-06,1.25148056536373e-16,-3.4378840289706e-06,2.2659825404947e-16,-9.01462714606075e-07,1.09663123014873e-16,3.71843119419658e-06,9.80073545257865e-07,4.12856090154663e-07,5.43993177584591e-06,2.69789555136231e-06,-3.11223926823034e-07,1.98242944236902e-06,1.37562049721853e-06,3.37929965147487e-06,3.12464079761229e-07,7.08329489947839e-07,-2.01130828367769e-06,-3.47381151900858e-06,-2.8358647366306e-07,-9.78233888563682e-07,2.5662878452056e-17,9.24752187091887e-06,-1.60978292061292e-06,8.57613190640579e-07,1.32432319376006e-15,1.51643183927647e-07,4.1678617767168e-06,2.96924898631458e-05,4.11149124667223e-16,-3.64328974348069e-06,-1.9636954761896e-06,1.47490363435e-16,-5.17365370884402e-06,6.09356608180875e-06,1.25885463906912e-16,-2.80501488553326e-16,-2.27899499188873e-07,-1.22574744260859e-06,-7.04542488639378e-09,-9.87922873702076e-06,2.68982612178491e-06,7.92958818255652e-07,7.66357463620748e-07,7.34280546335444e-06,-1.70294814815746e-05,1.68701858038744e-16,3.55850095289112e-08,2.45461145633678e-08,6.8294223819765e-08,6.45556961495518e-06,-4.39389819291788e-16,-4.34136830422357e-17,2.15361197161552e-06,-2.76663677602036e-16,-6.5609095962962e-16,1.13051154015524e-05,-3.35584503731874e-05,-3.15217049032777e-06,-1.79926297406539e-07,8.64720632960826e-05,4.61044542691383e-05,6.25677517260388e-07,-2.10518923285885e-16,1.64030172966115e-06,7.89718755780268e-08,3.66186675997899e-07,-3.89521206664012e-06,1.73293165190107e-05,3.46664931839848e-15,2.36113099643363e-16,4.63962375583057e-15,-1.91430207181721e-06,-1.05257895578188e-06,-6.20214367277576e-06,3.37972479063761e-15,-9.65687421649523e-07,2.47660971915239e-15,-5.70135299998751e-15,0.395804966420742,0.000236021324226871,1.39610545346613e-14,2.61639749555593e-05,8.41814783079252e-06,-7.57269072652254e-15,-1.0287364065111e-05,1.23618361882934e-16,-2.20912763713369e-06,-5.44858204355624e-15,-2.12222779807886e-06,-3.52964594250533e-05,-6.24946714834832e-07,-5.62924252383576e-07,-3.51346763525485e-06,1.26739536093117e-06,-2.33816257218539e-06,6.68721719585543e-17,-9.58847917732876e-06,5.14535839078491e-07,-3.1413845464272e-16,6.33488270494056e-08,2.25334480154548e-06,-2.35744510486458e-07,-1.15540562045939e-16,-9.74281758573895e-07,-5.92676989693565e-07,-2.08938138845128e-16,1.29699890963056e-06,2.67776380094668e-07,1.05046655440853e-08,9.3669356092416e-16,-5.51690835649483e-16,-1.30025305790794e-07,-6.65816816527077e-09,-3.27423788772242e-10,-5.45059359662928e-08,2.84332786181624e-08,3.29130109495648e-16,-7.88264888804118e-16,1.12497275456804e-07,7.8288052638403e-10,1.53598041927658e-16,3.08153837800509e-07,-5.17716224191231e-17,1.75355826870644e-07,-7.24331518229882e-08,-4.26245524564635e-08,-2.90371427589298e-07,-8.07330104014153e-16,-1.29828643582632e-16,2.99741061338684e-16,1.6629572474394e-16,-2.84622634469065e-08,-1.00061152313117e-07,4.08916917705679e-16,-2.95236823521636e-16,-8.64089738742307e-16,1.47435256682419e-07,1.34977147385591e-09,-7.79060432721543e-08,-2.84304915995677e-16,-5.95443833129039e-16,-9.64180991991359e-16,-7.53126812552464e-06,1.16896352234262e-07,4.9531456604656e-16,2.14036597542242e-08,-5.68731359145768e-07,3.85924439791726e-16,5.64666008295554e-16,-4.06819801889216e-07,-8.26047070604118e-09,-2.05904817623716e-07,1.57054940331501e-16,4.71604463192323e-07,3.52834429126543e-07,3.86321344199936e-07,-3.61369205942411e-07,-9.79260931046908e-07,1.61331363289203e-08,1.51967029565382e-16,6.94150229464463e-16,-3.4440381132243e-16,3.26056789591602e-07,-2.95468332657457e-07,-1.12145855490642e-07,-1.80188249503007e-07,3.82165757323681e-16,1.16735598848442e-15,-9.50237322428069e-16,8.85061876945611e-16,-3.04589764091282e-16,4.48928232269916e-07,-8.40297837633573e-16,1.34364858779048e-16,-7.34995997698835e-08,-1.43827284127384e-16,-6.58332883405409e-08,-3.43047338840532e-16,-8.16989496366158e-08,-8.67207659391123e-16,-1.00784399647104e-07,-1.26664908579586e-08,-1.16279833213635e-06,1.20499041680747e-15,4.12305615726295e-07,-1.06662634439523e-15,5.94446932505075e-07,-1.06604939412264e-06,1.1663574114633e-08,-5.42239497916459e-16,8.67595383525966e-07,-1.04101817411433e-15,-2.15682030129704e-07,-2.40582248111613e-06,-9.31069148256729e-16,-5.09831375998452e-16,2.53100682609682e-16,1.04542585580842e-16,-4.1253558075956e-09,-5.38446745311468e-08,-1.20552561650809e-08,1.24097567826437e-15,-1.22816437956399e-15,-1.29023972896532e-07,1.05303477882651e-06,-1.09438136861456e-15,2.2463640824109e-16,-5.64654280479946e-08,-1.38492763251391e-15,-4.01355086359093e-07,9.35770306803726e-16,7.54689293434288e-06,1.24209388984604e-15,-1.32382765652475e-15,1.33468514747514e-17,1.48238415822e-15,-4.33035537834836e-15,1.31242039824074e-15,7.46084255385312e-08,-5.21887379071456e-07,-1.04986558911175e-15,-6.87796871772836e-07,1.32777547404246e-06,1.21582325309815e-14,-5.22816884849919e-15,8.54550499928942e-15,1.3400402117647e-14,1.3212442344039e-07,2.1174575551772e-08,-7.63964942827159e-15,2.73474483856786e-14,-2.41022217064132e-07,-1.69822413984269e-06,-1.30325515189532e-08,8.20077628937516e-14,0.707106781186548,1.3245741291827e-14,-5.6629227285198e-15,-7.94987363601161e-15,-8.76012092924176e-15,5.16674429174656e-07,-4.89375180271423e-07,-9.42306337317967e-08,-1.44857945011868e-14,6.02328446065794e-15,-2.21055806489216e-15,-1.26480239926905e-15,-1.86095183357819e-15,2.37112071624037e-15,-1.94250663310534e-15,2.42074836641229e-15,-3.60497501204296e-15,-2.68808033021308e-15,-1.46212513432568e-15,-2.97008360565177e-15,1.05826443571116e-15,-3.03896957694153e-15,5.28297353558546e-08,-2.15289769298512e-15,-8.68436510514469e-16,4.44206787738404e-15,7.49811144705161e-07,-9.03647268610877e-09,1.2218143261022e-16,-1.93705964297182e-08,6.88111016821309e-07,1.26703533435552e-15,-6.74140429574699e-15,-2.62962343051919e-06,-1.47755416731523e-15,1.70876445909627e-08,-6.16169494288044e-16,-2.98401208568355e-16,-1.19340039567945e-16,1.19104737240248e-16,1.6840763359807e-08,-4.56669055925631e-06,1.63244559631078e-15,1.06634915227582e-15,1.73328409391779e-16,3.23053793542919e-16,-4.1737446832002e-15,-4.60330231419278e-16,-5.88023071529618e-16,3.00586652239077e-17,2.84714800823568e-08,1.91345640259936e-16,-1.22836759359407e-15,-3.29457337642196e-16,-1.80436799002674e-16,6.25584947983943e-16,-4.39921099800449e-16,-5.64165715532467e-07,-4.06402407403192e-16,2.41614190883921e-17,8.3081963660841e-07,2.00716780741697e-16,1.34599395091031e-16,-9.74351835615495e-17,4.15047779560074e-17,3.54237023983112e-07,-3.72019113769919e-16,-2.61889970183112e-07,-1.25750087570796e-16,-1.76517899363755e-16,3.88776268562051e-16,-4.02267805112329e-16,1.98682285545535e-18,-1.01928176919104e-15,9.49308030163811e-09,-4.82139846434347e-16,-1.87612635350718e-16,5.36828534173907e-08,-1.18803775722821e-06,1.14984066343569e-16,8.33924326631814e-07,1.22215473469952e-07,-6.01519635425716e-17,1.63034148253929e-16,2.33973540636082e-16,-7.35223511881979e-17,-2.2337802664692e-16,-2.07141229593237e-07,2.98084292237634e-16,7.43948141556531e-16,4.35912146253797e-16,8.3115232541863e-08,-1.61058681992361e-16,-2.77312361921303e-16,1.05630892266044e-16,-3.94102105511939e-16,-3.79785922444255e-08,-2.23688416676762e-16,1.14369103315179e-08,4.53111001685097e-16,-6.72116840197656e-16,5.18875380317348e-16,-1.98914374260715e-16,8.82798745620623e-17,-1.04519609257556e-16,-6.66607645157691e-17,-1.99335355728955e-07,4.44498210589424e-16,5.32876526827711e-17,8.38955484870929e-08,-3.17335677314959e-16,2.1897666695732e-16,-1.72407582459783e-16,1.02489930111447e-16,4.29123959311558e-17,-2.03797736168062e-16,-1.20399002793931e-06,2.70014603552754e-16,3.7469912384835e-16,1.81998118563874e-07,3.15974410667092e-16,1.82977763760097e-16,1.89551154722625e-16,1.84493523806409e-16,1.21269532544008e-16,1.71780701613693e-16,-3.20439028544257e-16,-8.19490108132807e-17,-2.36812762099441e-16,-6.12240869424674e-17,-6.13692369482843e-16,-9.60072360655825e-08,3.18570748049053e-07,-1.97193371162985e-16,2.8112491308092e-16,-4.39448934330257e-16,1.36566110897596e-16,9.15066633577766e-17,-1.11706638687293e-16,4.30423000539672e-16,-7.28543263310494e-17,-2.76982697943938e-08,1.56195629843485e-16,-1.59061377091369e-17,-7.19370662479489e-17,1.73513191327378e-16,7.01586266609792e-08,5.39734154878706e-17,-5.65770826645277e-09,-1.98715670707383e-16,-6.66450628856033e-17,-8.0795766296259e-17,2.98940218650649e-16,-3.79827421819635e-17,2.22776442261909e-16,2.27510210871855e-17,6.27892453626043e-17,-2.38042368319768e-16,-1.51489379777446e-17,9.19638311303022e-17,-1.15102388563837e-16,-1.34692769688331e-17,1.61874875032544e-16,-7.18574100221589e-17,1.83943632085477e-17,1.75934671366614e-16,-9.39451175925684e-17,-1.1906187353338e-16,-4.17918774812246e-17,3.8294020732188e-16,6.71399856227199e-17,-7.03076099461714e-17,-4.85027151094237e-17,-4.67755869102198e-17,2.72256288750237e-09,9.232267057988e-18,-6.09760258502893e-17,-7.43740803128855e-17,-3.38477593683142e-16,9.9078212254877e-17,-3.0239974989386e-17,1.31985659397628e-16,1.36008429648379e-16,2.66822324025621e-17,4.59888760253764e-17,-4.28043017697277e-16,-1.9828727977854e-16,7.57004106634987e-19,9.0276179202667e-17,-1.18782618953778e-16,-3.56454554709346e-17,6.09925128057276e-17,-3.52988214751453e-08,5.59967909745047e-18,-6.79290440714978e-17,-9.11547345373503e-17,8.2507755546186e-18,8.87215368667083e-17,-4.97568377756709e-17,9.1912632716205e-17,-5.37509322712602e-17,2.77903451042412e-17,7.53367159545416e-09,3.00328237525516e-16,-8.49931216948808e-17,4.18314033092637e-17,2.42256628742033e-16,-4.09966130559373e-17,-1.44054160137788e-17,-5.89132495377181e-17,9.72430146217022e-17,-4.45797554752739e-18,1.68273826805402e-17,3.92557913909071e-17,2.68085923163344e-18,6.81579595600827e-18,3.82758672682402e-08,-2.15127699985854e-17,-3.62175832678225e-17,-1.13755317038019e-16,-4.6750797677575e-16,-2.27866474250015e-07,-2.68063472042905e-17,-5.44523044908514e-18,5.29556321661395e-17,4.85791853384856e-17,2.02673202572948e-17,2.34613268551004e-17,2.03614679437277e-16,-1.61387411842135e-18,5.58654847682062e-17,6.19511662860303e-17,7.5073722573794e-17,8.19472510139958e-17,1.41240046253965e-17,1.06359773559008e-17,-5.35553694128806e-17,7.23753592295814e-18,-2.14790023559466e-16
"t195",-0.00351310089947152,0.0189666274936446,0.0229613331466059,0.00161582887590171,-0.00410482996839849,0.00188574802435273,-0.000628814377129257,-2.90408015208097e-05,-0.000403379576398962,0.00168221880823278,0.000843365328951476,-0.00648702726961824,0.0106453905945271,0.00443918554528096,0.0103097633006364,0.00234484359477077,0.00616726403401592,-0.00096117922481817,0.00125815752026195,-0.00112335767844089,0.0038910927063718,-0.00141894099965751,0.00434654663620627,-0.00757760293795989,0.00120957919685173,-0.00405878612110157,0.00527103161128454,-0.00693057816412031,0.0413288871240307,-0.355599011491615,0.0020742798314756,-0.0458395571593777,-0.0525461396023171,0.0100175299714717,-0.000889593761782882,-0.000677952772796758,-0.00203393029646473,0.000165724841542136,0.00128937818384909,0.000327512597188648,0.0366152832251807,-0.00116253721192777,0.000793028528233519,-0.00096620305331945,0.00324561198504035,-0.000553830627653713,9.60364647461075e-05,-0.00137402349860741,0.0013192682524579,-0.00235135454561936,0.00163347316004396,-0.0032192646942066,1.83834109695403e-06,-0.000448752650750318,0.00020277333053161,-0.00210854982967885,7.38554295296653e-05,-0.0105259927581382,0.0011992622579411,-0.000233749616599914,-0.00028362967624527,0.000528197517977417,-0.0480724518693757,0.346379046897465,0.000178753518820669,-6.73723648083726e-05,-8.03248551768881e-06,0.000344972321125049,-0.00206263015082788,0.000392407656581317,-4.1870886301062e-05,0.000106523688991967,-3.4746765978911e-05,-0.000225176548584011,9.40839095477929e-05,8.63592807812849e-07,-0.000790688723346171,0.000229186382531012,-0.000373276442121125,-0.000429931697844222,0.000237111284214275,0.00181619103631684,-0.000212582857135005,-0.000984629941405051,5.94482863715921e-05,0.00166308266796714,-0.000242637652596371,-3.8190353711254e-05,-8.49206526149153e-06,0.000321869142883482,-7.01269099754956e-05,1.64536808206633e-06,0.000108792175998764,-0.000954272982035491,-4.73200683400644e-06,-0.000204467436814703,-2.40148156622439e-05,0.0001267775315314,-0.0026146965077019,-0.000329329786522598,-7.10661406499454e-05,4.56840307084082e-06,-9.68948731797277e-05,3.22297133724385e-05,-1.39457364035302e-05,2.18941534340936e-05,-0.000734795541720045,2.50575471336941e-05,-0.000113084535624063,3.70815320315941e-06,0.00024056639505769,0.000209812573815316,-6.44355484480588e-05,5.72663762118072e-05,-2.07472552639545e-06,5.93620795787719e-05,-0.000115018612111298,0.000119784939803182,-0.000119456352717263,0.000567793627855342,-0.00015547705739157,0.00049608653324052,-0.000237636289301038,-0.000652289483914605,2.96650959891859e-05,-0.000306908394554219,3.1239924886203e-05,-6.54329595235368e-05,0.000125776864841431,0.00391756036245132,1.6767943637385e-05,0.000351658668585024,-4.64893240639603e-05,-8.40912776746833e-05,3.61566749232223e-06,0.00013657831778933,-7.63937364032777e-07,-0.00102013881313348,0.0001437225358383,-0.000412432127469994,-2.55915530518933e-05,-0.000757218629515676,0.0002044339085652,1.28556228718174e-05,4.89444785235757e-06,-2.49063089892138e-06,-0.000229450035043579,1.61800840158439e-05,1.04564323812592e-06,-2.49234563036848e-06,-5.28251693169687e-05,-1.15362791565451e-05,-3.33446577359008e-05,9.16415650840557e-05,-5.17315650734559e-05,-2.19090404945718e-06,3.26809883256865e-05,-0.000239484686331694,-7.93099157340748e-06,-2.60834812380056e-06,-0.000171853738661979,5.03221309062685e-05,-1.18604710678506e-05,-0.000235104847234303,0.000147122491756388,-9.45251025998827e-05,9.79207647845312e-05,1.66972511780667e-06,8.29652930841664e-05,0.000217358770627163,-0.000180846524132124,-3.17228622194547e-05,3.5707163365087e-06,9.10213631790336e-06,2.18322516617541e-05,3.45811126318932e-06,1.92860587389373e-06,-6.86781507729177e-05,-5.58925243919243e-05,-0.000331985137368032,0.00222659419329427,0.000255611960532751,-0.000113733528616521,-2.06217614595968e-07,-1.26587983073952e-05,-1.42887861325451e-06,-0.000211798060811115,4.84166488720276e-05,0.000216957521946355,-0.000269507923953178,-5.87243629948845e-06,1.07781301248262e-05,4.28369248896157e-05,7.61107971211395e-08,1.47646674610062e-05,-1.04159535468398e-05,-1.92453161211055e-05,-1.37797167136117e-05,1.15953417559044e-05,5.74537890514775e-06,5.86876890341168e-06,0.0111170728069647,-7.73105507496583e-08,-1.83118571055317e-05,-2.77488506901763e-05,-0.000138641912113558,1.81711486034397e-05,9.58701463447814e-05,-0.000137336947773291,-8.57623763927151e-07,-0.000563462191129127,0.000182066617018875,-0.000481734530625411,-5.98187912541428e-05,-4.84037276065723e-06,-3.1462017151737e-05,8.14567251689693e-06,1.02844258939409e-05,-9.28571873743022e-06,-4.62012008396187e-05,-0.000499917122138279,0.000287886962785744,6.30801612284856e-05,0.000528064134270619,-6.64794092201888e-05,-2.60300886677822e-05,-0.000359422246060795,-5.03895145695035e-05,-3.96982474470554e-05,-3.18127510717269e-05,9.55274838317856e-05,1.9686925667936e-05,1.09796641405504e-05,1.83859936852926e-05,-9.83750868153138e-07,-2.28916763749594e-06,-8.53724623435969e-05,-1.81431236894371e-16,-9.73279956227254e-06,0.000139358925740503,-5.77631737314655e-05,-7.60175076909471e-05,-8.88322305428719e-05,1.50009800774161e-05,-1.82522517883653e-05,9.55433786532583e-05,-1.55340521786349e-06,1.04048646337086e-07,-2.41749315641248e-05,0.000253875780716596,-1.52923569566099e-05,0.000847543655624182,-5.4764207503924e-05,3.65559935928875e-06,-2.65996865005851e-07,1.40800068853552e-05,-1.81733218686184e-05,0.000294421809701671,9.41922940243173e-05,-2.48234059708814e-05,0.00221282569744803,-0.000415275695817445,0.233699999287169,0.00285205768029779,-8.31628374285038e-05,2.62848885710223e-05,-1.63467874166548e-06,-0.000780992382721915,0.000240316316654755,-9.97397777436e-06,-7.68869227407433e-06,6.87887746357077e-06,-8.06324945000304e-05,4.64202945127394e-05,-0.00013849055889648,0.000126406507664077,-8.79846309624261e-05,5.90899082030912e-06,-8.12964715020387e-05,3.968195427186e-06,-1.4779561944162e-05,8.8502028516321e-17,3.20972728352909e-05,1.0820605120975e-06,1.34578529365228e-09,1.03604283758555e-05,-1.18093589423739e-06,6.98205430262104e-07,2.25209871958617e-06,-1.92443877482655e-07,8.01557134207713e-06,-2.77184146506252e-05,-9.35041264231798e-07,1.32131976107605e-06,-8.19923234276962e-06,9.64288079151344e-06,-2.79669805878371e-05,2.96967661398317e-06,-4.13082483001221e-06,-1.44983380966691e-07,-1.09865868693076e-07,-3.79828417286193e-06,1.18656040905668e-05,-4.66054298025439e-08,1.04730288980405e-06,-2.12640345416859e-06,6.98574884892145e-06,-4.46697310103944e-08,-2.93733520633945e-08,-5.49456168330515e-08,-6.80908721510382e-09,-4.75710219340514e-08,1.08361349207001e-07,-1.42480711346677e-06,1.99021181990843e-08,2.19700682420205e-07,-5.61791495182059e-07,2.98326783017893e-17,3.63701602449243e-09,2.27973098232143e-06,-2.1862438187234e-07,1.13052164852592e-06,1.44298945196256e-07,2.99689869824834e-07,7.12635322745494e-07,-2.12496331742992e-05,4.16006029637603e-06,4.92503643654038e-16,-3.50200530114994e-06,-3.25097839902326e-08,-1.23042809473835e-07,5.85285466210005e-07,9.70476934562089e-07,-6.69733687632631e-08,-2.63565625406292e-06,7.15282659785676e-07,-3.50389756401867e-06,4.77211971529127e-06,-7.42295150765676e-07,-1.7937813951227e-06,-1.89449431514615e-07,-1.35589940644578e-08,-1.81022454402311e-06,1.09070896597212e-06,-1.98139539095273e-06,-7.79933018262132e-17,-5.9326561232608e-06,4.67927480710811e-07,1.3486031691847e-08,1.19668080739491e-07,-3.92467499585633e-06,-8.22376316228045e-06,4.18624425462422e-06,-1.52121214237837e-05,-7.49159388771624e-07,-5.57896219182231e-17,-1.3723260288327e-06,-5.40582510160083e-07,-1.7310305276844e-06,5.84739431737353e-16,3.25759030168684e-06,4.69717421064625e-06,-7.16603063960583e-07,-2.67169115095196e-06,-8.90266257095118e-07,-4.77475674495634e-07,-3.37086755254375e-05,4.71516941788921e-07,3.78007815363055e-06,2.09221625864505e-07,1.02596102223454e-06,1.48038791054953e-06,1.13766358775763e-16,-5.86501274883444e-07,1.92342582452381e-06,9.3804375443382e-06,-1.25062341015307e-06,-9.97791291630379e-17,-2.39664023405292e-06,2.21562882195617e-07,-5.34278341470969e-07,-3.57857198856123e-07,-1.19711906278862e-06,1.26175870454833e-06,-3.29527485726754e-05,2.25037080977181e-06,-2.69623793135762e-16,7.96821291334583e-06,-1.51973067477953e-06,4.207159168225e-06,9.7176148431224e-06,-1.96648299576236e-06,-6.60843283823678e-09,-1.31838984174237e-16,-5.19709993042466e-17,-6.29366054025031e-09,-7.93006175649419e-07,1.04385553192373e-07,-1.04207976713782e-06,3.135023018442e-15,-4.81644100585282e-07,-5.61557771572682e-09,2.433808236109e-16,-2.75605151055676e-17,1.8783404994028e-16,1.13873623205743e-06,6.61646584707567e-06,-3.55911762240114e-06,2.72673058071765e-06,1.35581555118186e-06,5.39697047207359e-06,-1.17691090547193e-06,-1.12741908720711e-15,-2.44310212329834e-07,6.72242563470769e-07,3.64481906239678e-17,-6.79165746022433e-16,-3.85387483718145e-07,-2.02506976018598e-10,-2.14553562494579e-07,1.13743208508988e-06,1.95779271365241e-07,-7.26179552676073e-08,1.45289662318208e-16,-2.41167238266412e-07,5.01301601438677e-17,-7.91512203757976e-07,-9.45641134841857e-16,-2.00851982514669e-07,-4.02395018530714e-17,7.92913928768074e-07,2.07077153316451e-07,7.63394853497124e-08,9.74539203987627e-07,4.76783818020254e-07,-5.16900920480841e-08,3.10671508480198e-07,1.84923192379522e-07,4.53596353578564e-07,3.9753585422899e-08,8.09011980144862e-08,-1.9389163747028e-07,-2.81570658725147e-07,-1.94920463432141e-08,-6.12282591647878e-08,1.56535273494862e-16,3.99639397943866e-07,-3.87099818497118e-08,-2.84744794390253e-08,-2.99745927863329e-16,-7.68144882856744e-09,-3.24239520291599e-07,-2.66301101135513e-06,-1.42405809853784e-16,3.49319485105758e-07,2.37543372630445e-07,-2.2182489416617e-16,6.91353531725107e-07,-1.30714410072282e-06,-6.93691139981223e-17,6.72513940082999e-16,5.66515129996193e-08,3.08535361702771e-07,1.87791131487728e-09,2.80882592834813e-06,-8.76901612137932e-07,-2.61447251276129e-07,-2.56714325756135e-07,-2.89762778682763e-06,7.60528988900664e-06,9.91828147389739e-16,-1.66212215839274e-08,-1.15527322841142e-08,-3.30065304816555e-08,-3.21973440164776e-06,1.36508184496946e-15,-5.78830921698024e-16,-1.12067208634511e-06,2.95621466259501e-16,3.84867472510226e-16,-7.56783834869478e-06,2.34153820404236e-05,2.20132811624718e-06,1.37347632256136e-07,-6.67992007219883e-05,-3.57060899772085e-05,-4.9256597285386e-07,3.20755664352566e-16,-1.53242898053672e-06,-7.64826236911861e-08,-3.58874057418973e-07,4.04897128493069e-06,-2.00495083283252e-05,-7.43085616309041e-15,-5.87900692703907e-16,-6.72831086124186e-15,2.58493871195266e-06,1.52041464393976e-06,9.005035990024e-06,-1.00035557071684e-14,1.49724440988587e-06,-4.29451003550132e-15,1.20254094789322e-14,-0.828087311213341,-0.000495731684839789,-2.8648958205757e-14,-5.93888377652398e-05,-2.00114460616476e-05,1.63351619225417e-14,2.6950084935232e-05,-1.06064313548657e-16,6.54241728985565e-06,1.23613120648724e-14,6.35689552434632e-06,0.000106666265188772,1.90765916008126e-06,1.74268970175767e-06,1.12309438046486e-05,-4.592273795927e-06,1.02572316341552e-05,-3.21792647186026e-16,5.53934923707258e-05,-3.07116329158513e-06,7.26005402185687e-16,-3.95390069148492e-07,-1.53159268504681e-05,1.73882178076424e-06,2.58776140334065e-16,9.9497317743034e-06,6.53001623707599e-06,1.11629530756154e-15,-1.59353007740931e-05,-3.48530969307517e-06,-1.74418278889938e-07,-9.95648400741922e-16,3.74036814443782e-16,5.66950634031216e-06,8.50164180051312e-07,6.83500320195706e-08,-9.77386366810131e-07,4.37889197970736e-07,-1.69455129231236e-16,4.14104191090924e-16,1.58106921038456e-06,1.08831779922906e-08,-2.33134067555394e-16,3.74779846083249e-06,6.08681694633693e-17,1.90713084892774e-06,-6.90146961677757e-07,-4.02638601113373e-07,-2.65371894168432e-06,-3.84448749047479e-15,7.30718900644223e-17,3.02429332436231e-17,-9.93926550730783e-16,-2.03013899683061e-07,-7.0154115018734e-07,-2.15924234147726e-15,9.25541003026554e-16,1.5733851838877e-15,9.7437855531998e-07,8.70724897681054e-09,-4.72361783292858e-07,-9.73425119581255e-17,-4.08473168483914e-16,1.85181731060524e-16,-3.82388356513735e-05,5.9034750972782e-07,7.02426158509175e-17,1.02004795367143e-07,-2.65140160374096e-06,-1.2298850742242e-16,5.65498163568035e-17,-1.80558931336092e-06,-3.6523991810149e-08,-8.86097662466797e-07,7.09127994937219e-17,1.9444552778256e-06,1.42254199927747e-06,1.51166185142414e-06,-1.36050770972816e-06,-3.65032410961935e-06,5.90552742072383e-08,6.08794878751531e-17,-8.57494727410769e-17,-1.76637747991097e-15,1.08670759953548e-06,-9.83459135822179e-07,-3.69241180799157e-07,-5.63334013727914e-07,-7.70826530273546e-16,-9.09488822631819e-18,-1.13511932768613e-16,3.88736305143512e-17,3.45891958612358e-16,1.33603652156498e-06,9.42858582899626e-17,1.43784804985911e-16,-2.14818937110452e-07,-1.45990197351769e-16,-1.9223031316891e-07,3.40567240034885e-16,-2.38178245492463e-07,9.79658399205008e-17,-2.85196923569908e-07,-3.55991376624824e-08,-3.23465802575918e-06,8.58147886042538e-16,1.13286665755925e-06,8.58865248016574e-17,1.59138026057881e-06,-2.76435231437985e-06,3.02041633741173e-08,-3.88885504821979e-16,2.21934516619854e-06,-1.96071141981873e-16,-5.41469098969036e-07,-6.03437291785631e-06,4.69008199313306e-17,-8.52273669859925e-17,-2.70097618178336e-16,-1.00673468942991e-16,-1.01945253606826e-08,-1.32548761970385e-07,-2.95450440198796e-08,1.12656256655455e-16,1.94192122292164e-17,-3.09763923391468e-07,2.52589497139015e-06,7.00739404334568e-16,1.55498176801502e-17,-1.32189896125496e-07,-1.56223459839442e-16,-9.34906575203977e-07,1.17144035299526e-16,1.73320755475611e-05,2.89545406586597e-16,-1.43904681151944e-17,-4.12757013676119e-17,-5.01892056282617e-16,1.54653827956108e-16,-1.57914747901369e-16,1.66724281177876e-07,-1.16583669778807e-06,1.34481412069354e-16,-1.5225349837001e-06,2.92823032768166e-06,2.11181331979708e-16,1.20624932596122e-16,3.59217867858533e-16,1.4039388136365e-16,2.86833572612769e-07,4.58043854565659e-08,-1.36734057255751e-16,-5.26194244309907e-17,-5.19318868653026e-07,-3.6572116324399e-06,-2.80180014729905e-08,-5.80534822056296e-17,-1.48126065306355e-15,1.5367757289513e-17,2.32674276037807e-16,-1.48004333737254e-16,-2.47244291427876e-16,1.08130453896566e-06,-1.02169803089101e-06,-1.96262029364591e-07,-1.34677271227978e-16,1.13287882690053e-16,2.5076659285407e-16,-3.65999282615903e-17,-1.25743372317155e-16,-3.66141281864536e-17,-2.11534904741622e-17,2.16376952252622e-17,-3.41670657881638e-17,6.33094692967746e-18,-1.2796431331016e-16,5.44204175148582e-18,-1.5725487316216e-16,1.31715462294411e-16,1.05928046536173e-07,1.27548926085744e-16,-4.14403558232483e-17,-3.53645384696226e-17,1.49630414177501e-06,-1.80133471109908e-08,2.08920616209118e-17,-3.85874634679211e-08,1.36293562189644e-06,-1.82692345747099e-16,1.07351932228216e-15,-5.17213661856967e-06,-4.21711502067309e-16,3.33286735377357e-08,-4.80307538005801e-17,7.41494882041722e-17,-6.52905923807734e-17,-5.1998323784539e-16,3.24292807295767e-08,-8.78632877042945e-06,4.99017198871324e-17,4.01860197209167e-17,-2.05028974690987e-16,-2.39770709352193e-16,-1.00874170128051e-15,4.26397549730681e-18,1.0450564935767e-16,-4.35464946297099e-17,5.2566566212792e-08,-1.47527882367438e-17,2.90334052047839e-17,-1.21137695777831e-16,1.26833713127775e-16,-7.98156635789719e-17,1.16226640984834e-16,-1.03306196772502e-06,8.36745089208588e-17,-1.16722240173152e-16,1.51906735030585e-06,-1.77087245768523e-17,-5.86605849368794e-17,-6.61150674821138e-17,2.12211423852655e-16,6.36735615348107e-07,-9.16653793909805e-17,-4.69351826337716e-07,1.21087666183442e-17,-1.84163744411875e-16,-2.16483692992888e-16,6.60101246124749e-17,-2.42711125719509e-17,4.21378413646333e-16,1.69122241545725e-08,2.34326356958799e-16,6.54467409659794e-17,9.5208895876814e-08,-2.10656294664364e-06,7.44072906461061e-18,1.47303596373613e-06,2.15624013937159e-07,9.36160465900703e-17,5.74869991611038e-17,5.99984840809277e-17,5.6616389039527e-17,2.83807487850331e-16,-3.59279174184795e-07,-1.43911300140544e-16,-1.19709893945456e-16,1.80054310849793e-16,1.43550379359283e-07,4.77330968503406e-17,-2.38563225784111e-16,-1.31823909997194e-16,6.92714013218093e-17,-6.52328001455294e-08,-2.45021447838772e-17,1.9611223302062e-08,-5.96166384769231e-17,2.01666593299631e-16,-5.37948497170167e-16,1.69894543653136e-16,-6.88899368923308e-17,-6.01817472622798e-17,-1.74141782860428e-17,-3.38826998761505e-07,-3.61230161020577e-17,1.60135013253035e-16,1.42300554700152e-07,1.1204327670776e-16,2.8233809746256e-17,-3.00714646779143e-17,4.13934665711105e-18,-1.18121506842833e-16,5.22743309925985e-18,-2.02873282876607e-06,-1.39664235535828e-16,-7.35046077830247e-17,3.05777819263116e-07,-2.01687212615011e-16,-3.46006658240276e-17,-5.06758455934025e-16,-2.69747226053967e-16,-2.30634417521143e-16,7.87764865083553e-17,-5.75149247548205e-17,-9.09709948043739e-17,-8.20553848156683e-17,3.26025228170249e-17,-5.22526744515819e-17,-1.59620450603312e-07,5.28998529785015e-07,-4.30399765382313e-16,-5.59089157849185e-17,1.3770049943286e-17,-3.93588707141425e-17,1.99926880606327e-16,1.92593666900828e-16,9.92835118976788e-17,1.19931328295523e-16,-4.5702583312606e-08,-1.02730184653273e-16,-2.46738844859196e-17,-7.69169635514013e-17,-9.69779582778632e-17,1.15152127607999e-07,1.88000018036138e-16,-9.23193408410141e-09,3.0021117069568e-17,-1.76633698169915e-17,-4.19560732371107e-17,-7.60670067749245e-17,-2.05868118753322e-17,-3.51066991794072e-16,9.21309613973877e-17,4.90083344928544e-17,-6.49501250996706e-17,-9.58004266874076e-17,-2.17575814664698e-17,1.55162465779985e-17,4.38529130152777e-17,-9.34290082835994e-18,-1.94073626694365e-17,2.61042491876373e-17,3.11807227115132e-17,1.64929524170126e-16,-1.39001429705019e-16,7.76913298062554e-17,7.24247051220317e-17,1.7922216983137e-17,-1.24061939138423e-16,1.17222218995144e-16,1.58934986617375e-16,4.35240489811597e-09,-2.12624442703864e-16,-1.13158203396055e-16,-1.45016166677009e-17,-3.94819270009202e-17,-8.26854697052035e-17,3.83950597499409e-17,-8.79901560243393e-17,-1.04303410286638e-16,3.09361097030368e-17,-1.25880354966037e-16,-1.34441069388203e-16,2.99904833013462e-16,2.32417229634835e-17,-4.0341212996547e-17,-1.99016393183547e-16,-1.1159998698215e-17,2.08346723403695e-17,-5.57026684317825e-08,-9.80255611245562e-17,9.72729362712301e-17,1.46748165011909e-16,9.70703809009028e-17,9.05602785618019e-17,-7.18051466790167e-17,-4.20416009650483e-17,-3.24792854377391e-17,1.05367074673634e-17,1.17382866140063e-08,8.87489853575358e-17,1.7951977822127e-16,-2.94680600769287e-17,2.29188636012156e-17,-6.60602107886558e-17,2.63118569324095e-16,1.01356755907486e-16,-1.28745828149467e-16,5.78291511128297e-17,-1.27210130143796e-17,4.3781707060434e-17,-3.1592969038857e-17,9.30401631700096e-18,5.89197145756207e-08,7.98288988506865e-18,2.80971862807445e-17,1.14459309238141e-17,-1.92554305833426e-16,-3.48862606312431e-07,-1.09323171181438e-17,6.58270647898055e-18,-4.16768890576437e-17,-3.87197203835743e-17,-3.25151731299038e-17,-4.12617762315458e-17,4.62524600049626e-17,6.28503576387064e-17,-7.94629784547417e-17,-1.31358433656181e-17,-2.58735204653515e-17,-3.62333349204684e-17,-1.57603745060003e-16,2.35323749886276e-18,5.34483268982267e-17,1.33142142328659e-16,-2.24008287469813e-16
"t122",-0.00350542133312622,0.0188791786552312,0.0228520363170498,0.00160551480771614,-0.00407273389248131,0.00186844139865356,-0.00062292971640541,-2.87473418161233e-05,-0.000398562657484969,0.00165784183141397,0.000827842298757759,-0.00633972818524063,0.0103965515037319,0.00433383686348762,0.0100543559099343,0.00228329987442109,0.00600150002214162,-0.000934872764929716,0.0012229193627912,-0.00108915267328153,0.00376284572441266,-0.00136237915902978,0.00416344665657562,-0.00725654644984051,0.00115812599030423,-0.00387778594474514,0.00503315213704342,-0.00661495614880928,0.0393955054432279,-0.335900980949093,0.00195160230169552,-0.0430026465379934,-0.0490542145440652,0.00931952092340394,-0.00082436541280933,-0.000624166274182327,-0.00187046362738483,0.000152188136464357,0.00118332364499797,0.000300161805363531,0.0334671119518761,-0.00106008847226365,0.000722069541439148,-0.000879640051951397,0.00294960509613356,-0.00049998919902607,8.65214140850739e-05,-0.00123668071452681,0.0011841335315589,-0.00210415561060818,0.00145581427529801,-0.00286364170489921,1.63480448494166e-06,-0.000398108270273777,0.000179032386527867,-0.00186032161472509,6.42925818908299e-05,-0.00912867326774051,0.0010395917873542,-0.000200728470518316,-0.000241792536159321,0.000448637661008064,-0.0407093105890855,0.293102601649356,0.000150403954813505,-5.63952861413649e-05,-6.64599522062281e-06,0.000283908514869132,-0.00169330016417865,0.0003206889191535,-3.33850616458335e-05,8.32813748907401e-05,-2.70813518805323e-05,-0.000174370638824926,7.27966003685383e-05,6.66312168457899e-07,-0.000609373973410892,0.000175647559306658,-0.000282420617985284,-0.000323568677692648,0.000176822323967751,0.00135167965553818,-0.000155868399839754,-0.000718640684669692,4.2525125129049e-05,0.00118298359473084,-0.000171604455976921,-2.69846888908038e-05,-5.99888806136398e-06,0.000227231979580685,-4.93985264881464e-05,1.13455285179545e-06,7.48671336575824e-05,-0.000647796556453984,-3.13519006283131e-06,-0.000134962736239761,-1.58486639596649e-05,8.2864896711242e-05,-0.00170285450594991,-0.000211524889970674,-4.51207490079918e-05,2.89752344535654e-06,-6.13839118890832e-05,1.93213608175355e-05,-8.3240308971352e-06,1.30238381702999e-05,-0.000434431934402783,1.47892989797328e-05,-6.65403608348418e-05,2.17178913062221e-06,0.000140680169149513,0.000121580336621576,-3.72975286947678e-05,3.23394756087644e-05,-1.16534213999858e-06,3.29462492147365e-05,-6.34896048148438e-05,6.51244976468136e-05,-6.39829057733504e-05,0.000300642456440552,-8.17806492320838e-05,0.000254912355112802,-0.000120223814794661,-0.000329804345260353,1.49649867080799e-05,-0.00015230113737379,1.54811471391042e-05,-3.19593630067672e-05,5.8837764849554e-05,0.00183170391110063,7.81164050111582e-06,0.000158873394992647,-2.08737811245076e-05,-3.75873609497843e-05,1.58610446698437e-06,5.97554882074029e-05,-3.20650731975829e-07,-0.00041336599255982,5.53434859283402e-05,-0.000158579206469028,-9.750707698066e-06,-0.000287161562942573,7.69410770702713e-05,4.82424025442433e-06,1.83663338834998e-06,-9.14921586615439e-07,-8.06367679905838e-05,5.42079357843135e-06,3.46005231784505e-07,-8.01913766921398e-07,-1.69579016953184e-05,-3.66285429473909e-06,-1.05180997679621e-05,2.86906140948497e-05,-1.50630874991424e-05,-6.30187663950987e-07,9.31813811582447e-06,-5.4265724051433e-05,-1.68072715798709e-06,-5.46842220030239e-07,-3.38630235487994e-05,9.78486192304837e-06,-2.11157492114802e-06,-4.13843444498208e-05,2.35053685872235e-05,-1.35979039846873e-05,9.45707363410492e-06,1.58420613414272e-07,7.83533943295144e-06,1.90920693041726e-05,-1.44787635970107e-05,-2.50410534253322e-06,2.26356265728901e-07,5.32233878766099e-07,1.04316313189414e-06,1.56095853086648e-07,8.44404696031369e-08,-1.26895540600567e-06,4.58322562614265e-07,4.26637403355196e-06,-3.85229529601936e-05,-7.80820942965948e-06,4.05881674709626e-06,8.40127892186615e-09,5.76283525095804e-07,8.81802877990237e-08,1.39276223797698e-05,-4.90163842717364e-06,-2.22228388582215e-05,3.08667717663032e-05,8.71611610940147e-07,-1.91019810011141e-06,-8.02416158509283e-06,-1.54110391141454e-08,-3.15823140059556e-06,2.58791684494349e-06,4.92795623803504e-06,3.75204947749541e-06,-3.25226511271536e-06,-1.98323409879834e-06,-2.04410970371705e-06,-0.00418698355891813,3.13101057580782e-08,8.70269745882427e-06,1.31968072539449e-05,6.68562681756643e-05,-9.13479248931847e-06,-4.9573269089994e-05,7.63436382859459e-05,5.19041569880747e-07,0.000363973429603607,-0.000119934686624955,0.00034570896973513,4.49372420586415e-05,3.64052879571337e-06,2.45009975618548e-05,-6.90885729314753e-06,-8.8632161451022e-06,8.69510450375497e-06,4.57306733505018e-05,0.000504243628664137,-0.000313318819632436,-6.98805372327313e-05,-0.000596374882711536,7.95496507618734e-05,3.15086325092491e-05,0.000436296654786732,6.5042735118662e-05,5.3154442935938e-05,4.43438879767056e-05,-0.000135584062566938,-2.84667492459457e-05,-1.61538415041948e-05,-2.71830545008688e-05,1.52118356268959e-06,3.63910170936826e-06,0.000139817513103353,5.99524606172742e-16,1.6628701185459e-05,-0.000240107918453216,0.000105431884186097,0.00014498667171032,0.000175629420342678,-2.9722143059282e-05,3.86369725673273e-05,-0.000204497371274328,3.34180268191702e-06,-2.29336378645803e-07,5.4163876426149e-05,-0.000586020676241472,3.57679725851984e-05,-0.00199316420291276,0.00013267117364905,-1.00228541206025e-05,7.61898507910599e-07,-4.1825940343602e-05,5.84424071300422e-05,-0.000952183419800019,-0.00032205874309365,8.75735618338227e-05,-0.00816440645047247,0.00155444553207717,-0.888119222090032,-0.011069057979123,0.000333019022051691,-0.000105633160431997,7.11837383080531e-06,0.00340722066625964,-0.00105060886100814,4.45743403970994e-05,3.46448377084334e-05,-3.1820319708723e-05,0.000374821848849648,-0.00025375079511338,0.000771026521684223,-0.000714089411564538,0.000514093951999366,-3.54804242176593e-05,0.000519625688303507,-2.58356791593183e-05,9.76479302196852e-05,-4.27006073481898e-16,-0.000223182597746353,-7.57528156728372e-06,-9.63394726939609e-09,-7.82487293387685e-05,9.34855530201803e-06,-5.65382736578677e-06,-1.84438931963031e-05,1.83345424215162e-06,-7.71454725791218e-05,0.000267509559100392,9.45886307186534e-06,-1.53833598089828e-05,9.79244701783123e-05,-0.000117252672237953,0.000361320499454018,-4.9515729744707e-05,7.77656007830392e-05,2.74970139280421e-06,2.08829144429608e-06,0.000103383307810396,-0.000591014962306208,2.57931463614197e-06,-6.90092053365557e-05,0.000181170665065597,-0.000653092363429552,1.95869281765355e-05,1.76292836178604e-05,0.000100585688951552,-3.17447851688297e-05,-1.77141072240593e-05,2.01863529947584e-05,-0.000182587621374794,2.24808225148876e-06,2.06983114535653e-05,-3.93107192693166e-05,3.24253512235589e-17,1.05370530408729e-07,6.27286371082538e-05,-5.60368190358511e-06,2.89192356115042e-05,3.68347938774734e-06,7.52660569300645e-06,1.73737501636496e-05,-0.000500861915597956,9.19934121334394e-05,-7.67861973524648e-16,-6.82393660832774e-05,-6.24617454489988e-07,-2.29617842833906e-06,1.08854944260999e-05,1.68951085040204e-05,-1.12758444355736e-06,-4.24619780524186e-05,1.12017850928575e-05,-5.18669772749445e-05,6.74237104335513e-05,-1.0203680691377e-05,-2.42967538920611e-05,-2.54332980273497e-06,-1.79248077991742e-07,-2.38911941422905e-05,1.42443777153511e-05,-2.56706622510439e-05,4.73725439827012e-16,-7.27589059749262e-05,5.67928922978181e-06,1.6366501307335e-07,1.41227943345999e-06,-4.61318518024238e-05,-9.23939702128557e-05,4.64885924260572e-05,-0.000168554657973981,-8.23238355128112e-06,1.30557785178331e-16,-1.49432714575061e-05,-5.86695911311462e-06,-1.85636672514246e-05,6.16186510839003e-15,3.45099881857609e-05,4.96224043559502e-05,-7.55963283183029e-06,-2.81024057706084e-05,-9.3196428463758e-06,-4.98086410165372e-06,-0.000350688643527327,4.86748664387768e-06,3.89868726440177e-05,2.14686721061505e-06,1.04374586927854e-05,1.50540883274942e-05,9.7782483571924e-17,-5.8729123019967e-06,1.92120959682717e-05,9.31989855965968e-05,-1.23314307590505e-05,1.84796444868008e-17,-2.32908503175915e-05,2.12448750934241e-06,-5.09704945487436e-06,-3.40657755710059e-06,-1.13680538423075e-05,1.19332793044137e-05,-0.000309995715780203,2.10276185169488e-05,2.33507937860242e-16,7.45672186854058e-05,-1.42282976643732e-05,3.94334912149248e-05,9.12602612415002e-05,-1.8470775811067e-05,-6.21114537314083e-08,3.46944695195361e-17,-1.15570899164076e-16,-5.94131698749802e-08,-7.52212093985352e-06,9.90813239631905e-07,-9.94283709828758e-06,2.96472491880923e-14,-4.66072129379269e-06,-5.47487393033945e-08,-2.59582100287154e-16,1.06972355398281e-17,6.62356184767446e-17,1.14253011792611e-05,6.66687471358046e-05,-3.64349646429785e-05,2.83315740327184e-05,1.41131448342459e-05,5.71741304022542e-05,-1.24945139812663e-05,-1.29454539326154e-14,-2.70319937436211e-06,7.56158841233573e-06,-2.51571655795471e-16,2.35034369529588e-16,-4.67557034138233e-06,-2.50962883362427e-09,-2.74156145462742e-06,1.48573278038165e-05,2.67719457417827e-06,-1.00088405051788e-06,-1.85741024617076e-15,-3.36081928322786e-06,-1.65122819890391e-16,-1.14041625437747e-05,2.99022959171502e-16,-2.97067704945474e-06,-8.36482762279199e-17,1.21513453892842e-05,3.19732384331026e-06,1.31693854692823e-06,1.72693047452781e-05,8.54741130600194e-06,-9.77423023757465e-07,6.17873032152811e-06,4.21188555343023e-06,1.03451264243517e-05,9.51307249526024e-07,2.13482378609501e-06,-5.97967533724103e-06,-1.02087647521179e-05,-8.25767916268543e-07,-2.83555353946317e-06,-9.36089273415449e-17,2.64266784694776e-05,-4.53682357689636e-06,2.32087314224153e-06,2.72852031901196e-15,4.05420730185994e-07,1.09360696806104e-05,7.72776686342083e-05,-2.91180040940182e-17,-9.44195616726844e-06,-5.00293671603945e-06,2.52245129914746e-17,-1.30683702772119e-05,1.45769600592624e-05,1.45199585409614e-17,-8.7363977033587e-17,-5.32883906782215e-07,-2.86009269148536e-06,-1.62770057908038e-08,-2.25538533333441e-05,5.97133632034984e-06,1.75596579319693e-06,1.69105248886653e-06,1.55623483270187e-05,-3.48326977241382e-05,-1.97975316695853e-16,7.17657041894334e-08,4.93810433406581e-08,1.36192663389367e-07,1.27359485461669e-05,-1.02986135888305e-16,1.5625923041664e-16,4.18494874556963e-06,2.18729940894379e-17,-5.66017323698785e-16,1.9724460862909e-05,-5.73182269361601e-05,-5.38148616350507e-06,-2.92200696106621e-07,0.000139428027540319,7.42242051006675e-05,9.97162550793239e-07,3.98220947947423e-17,2.31429572703038e-06,1.08114718057168e-07,4.96168313310517e-07,-4.9974699134513e-06,1.97993379823126e-05,5.5766281440216e-17,-1.27415681576285e-17,3.87750290627425e-15,-1.75309906157513e-06,-8.49439477353082e-07,-4.95197528917609e-06,-2.64600163952569e-15,-6.62062016031509e-07,4.27074296701632e-16,-4.31296766767854e-16,0.0307554146218234,1.61955973393166e-05,1.12670289764694e-15,-3.0959793130141e-06,-1.98758208638884e-06,6.61547353618819e-16,5.15316768164492e-06,6.85874771247488e-16,1.92513219163884e-06,-5.06641380412471e-16,1.92697189731754e-06,3.30631012398722e-05,6.05966612105831e-07,5.72081165649018e-07,3.95177225935798e-06,-2.0057069047754e-06,5.60223965338191e-06,6.85810369997743e-17,3.70741437049861e-05,-2.09344911583762e-06,-5.55096632688561e-17,-2.75936246845854e-07,-1.11320982117319e-05,1.30802938345195e-06,7.11161526093284e-17,8.30211737767613e-06,5.54980060205419e-06,-4.40820088557914e-17,-1.3865200647118e-05,-3.06672542356435e-06,-1.59669295849508e-07,6.33308194978542e-17,-5.48831905296347e-17,5.63734240377243e-06,8.7217209081545e-07,7.05518446731338e-08,-1.12997000436723e-06,5.14301083359768e-07,-1.22688565662617e-16,-9.57586103743249e-17,1.87660288194217e-06,1.29344250546197e-08,9.93159329078717e-18,4.53073169693842e-06,-2.21952944000306e-17,2.34212817624805e-06,-8.65137212946379e-07,-5.05443541100099e-07,-3.34965689317377e-06,-5.37508366835045e-15,-2.46086054313248e-17,1.23985264794226e-16,-5.1295284096839e-16,-2.6826320617701e-07,-9.30257112356137e-07,1.70510674864845e-16,-3.31119450571747e-17,7.29878610669324e-17,1.3080322136431e-06,1.17495174772405e-08,-6.4615898785672e-07,5.55071227478964e-17,-1.28098486679162e-16,2.46005472936961e-16,-5.45576097434191e-05,8.43415488048544e-07,-1.71663000226913e-17,1.47899843887702e-07,-3.86645002289269e-06,9.7909217876118e-17,1.3662254502068e-17,-2.66758259393787e-06,-5.40155507507996e-08,-1.32009825187766e-06,5.13683728463219e-17,2.93118060962461e-06,2.15788264907396e-06,2.31253782836721e-06,-2.1044545495234e-06,-5.66264890481629e-06,9.20966887890279e-08,3.57632911604053e-16,-2.91296899067777e-16,1.80329993131209e-16,1.74252532772831e-06,-1.57759507630105e-06,-5.94254165386112e-07,-9.21006100159579e-07,1.34357691600717e-16,1.12301743797565e-17,1.43337424153229e-16,-5.4041622268197e-18,-5.06638892037515e-17,2.21761317913479e-06,-1.07323515151083e-16,1.21237080225462e-16,-3.58561907485306e-07,-1.91123348059582e-17,-3.2095233734582e-07,2.24096636178188e-17,-3.97863613966761e-07,-1.73454762435552e-17,-4.80817120952763e-07,-6.01442917162396e-08,-5.48233602605133e-06,1.51217672419623e-15,1.92743395288364e-06,-3.52352420454924e-17,2.72946677145281e-06,-4.78831799081897e-06,5.23402668813357e-08,-5.98943240503726e-17,3.86045880742054e-06,-2.38746254887092e-17,-9.47321032566191e-07,-1.05602910855773e-05,-1.46104451787698e-16,8.33299689390278e-18,-5.18441875588955e-17,-3.26434274639507e-17,-1.79223103237821e-08,-2.33300034720707e-07,-5.20729772700383e-08,6.85443918496488e-18,-8.77753870960772e-18,-5.49395389551623e-07,4.48112678276893e-06,4.57775293407759e-18,-6.92772644445884e-17,-2.36243859220882e-07,1.21763135563078e-16,-1.67333980623631e-06,9.05318294493887e-17,3.11535501695555e-05,-3.23012744036236e-17,-4.54427141362447e-16,2.41952361204766e-17,-6.66171890066369e-17,-2.86061708102445e-17,1.76790567268077e-17,3.02110704160242e-07,-2.1127542317836e-06,-7.5350068026736e-17,-2.76652319548237e-06,5.32654535969123e-06,8.62303855362697e-18,-4.85546601848972e-17,3.87467652697631e-16,-5.09954152108891e-17,5.24137174172383e-07,8.37853145485755e-08,9.48715651340833e-17,-1.82490534057004e-16,-9.51010391259228e-07,-6.69829975331163e-06,-5.13410295738193e-08,6.96408873316945e-17,6.33958980451483e-16,-5.27825439830038e-17,1.03947461864446e-17,-8.19905578251205e-17,-2.15282631858512e-17,1.99646027110213e-06,-1.88767163513788e-06,-3.62849729962422e-07,6.9656499911475e-17,3.94760175734608e-17,5.6968373531551e-17,2.62627767265876e-17,1.85480695866648e-16,3.63487120168294e-17,-3.90336188987706e-17,-7.58655135357642e-17,5.02276355812741e-17,2.01664384735492e-17,2.13683545313221e-16,-2.45374799345947e-16,-2.59256655969764e-17,1.7689569948321e-18,1.97860700913569e-07,4.79295703719577e-16,1.60770680546732e-16,-9.4532509101688e-17,2.79840264590802e-06,-3.36983162984564e-08,-6.697668470475e-18,-7.21998468850204e-08,2.55394187680072e-06,2.49147013221454e-17,1.59095663298998e-15,-9.7092853365519e-06,5.53917536708978e-17,6.26988167812046e-08,-1.16945591886995e-16,1.84743271260012e-18,-2.68534516512003e-18,1.14509646027574e-16,6.12017122055958e-08,-1.658534880879e-05,-9.61174682347087e-17,-8.71493556773881e-17,2.20652569336898e-17,3.06662487593419e-17,2.87530416143156e-16,5.27741386092831e-17,1.65181965382051e-17,2.97186703851187e-17,1.00192475530194e-07,-1.42140117148307e-17,3.41252032852009e-17,-5.17672013682353e-17,-7.20573042377479e-17,1.51653109975858e-17,-6.46954683325162e-17,-1.97261787248727e-06,1.91101312590893e-18,3.72520062345025e-17,2.90158408450101e-06,5.76004496353903e-17,-1.74818879218751e-16,8.04463614756264e-18,-1.89137715014684e-16,1.22063654728323e-06,-8.08844376074422e-18,-9.00304448714913e-07,-3.40657480733731e-17,8.10170971198973e-17,-1.30098723391878e-16,-4.3184280749866e-16,-1.60078965013281e-17,-7.70697098957195e-18,3.24798330592185e-08,3.12627982002633e-17,1.4372791254694e-16,1.83011009461749e-07,-4.04942463492765e-06,5.75639414277587e-17,2.8337083060629e-06,4.14895207464428e-07,-1.25405164361812e-17,-1.79948414205252e-17,-1.21093057196749e-16,6.62553581998879e-18,-6.64058427765141e-17,-6.93502852603744e-07,-1.48203582802328e-16,1.00662124999061e-16,2.33340268627184e-17,2.77297698449421e-07,-1.34932486798369e-16,2.70991416500413e-17,-5.66172540256396e-17,2.69201898349139e-18,-1.26130930753131e-07,1.73313334767456e-17,3.79301128095282e-08,2.4260458437747e-16,-1.88938172565931e-16,8.06799947041746e-17,-2.61221404360161e-17,-1.64223649943986e-17,-6.37049121205167e-17,4.94074591330381e-18,-6.56271372621929e-07,2.83227940894992e-17,-1.80168162491109e-17,2.75714612278493e-07,-4.52010790704305e-17,-1.59843652864702e-17,4.26611748639061e-17,-3.56621200583488e-17,3.72007624149515e-17,-9.45987263585394e-18,-3.93480466559491e-06,-9.72993194103632e-18,-2.52104220887798e-17,5.93327586474303e-07,8.20772870313174e-18,2.33077694400084e-17,1.7745771966274e-16,-2.24247406976543e-17,-4.22054453460342e-17,1.10298394227072e-16,4.35042541390751e-18,-2.8767028435407e-17,-8.51779892783885e-17,5.97836409773928e-18,3.83849332315403e-17,-3.1019297492952e-07,1.02818592408699e-06,8.55889224006192e-17,1.02696005215344e-17,3.86643375158496e-18,-3.63443455465074e-17,1.17961196366423e-16,2.2790049325281e-17,1.49323580151426e-17,1.72246116392465e-16,-8.89050520933064e-08,-5.97500198072139e-17,-1.02663432490867e-18,1.28150332460689e-17,-2.51533844167725e-17,2.24155510797541e-07,5.418490205344e-17,-1.79835871197968e-08,-6.56969119525813e-17,9.1336716650593e-17,-1.47433308937288e-17,9.78216018988098e-17,-1.35461661331166e-17,1.20412304790808e-16,3.24468763054683e-17,-1.10005395562197e-18,-4.66220871507788e-18,-3.9091719610662e-17,-4.08051361688703e-17,-1.65892856496359e-18,-1.69010480532629e-17,-1.793720597154e-17,-5.48394454817198e-18,6.11088163329022e-17,-5.05620849669361e-18,-2.35756710210151e-16,4.4156146552451e-17,1.06322488873442e-17,1.68051336735253e-16,3.69977576030158e-17,1.36287837540749e-17,2.71561219347481e-18,1.62098461124862e-16,8.49656076835945e-09,7.06823742502265e-17,1.71501538309632e-16,5.92261638613014e-17,-4.95623074533337e-17,2.24292330344989e-17,-1.66763144011517e-17,-3.41384354079941e-18,1.61942039587832e-17,-1.15638611810485e-17,-3.94716724107214e-17,-3.0444397003393e-16,4.7115980322361e-17,3.66296350767814e-17,-3.16568503066903e-17,2.41404115919699e-16,-2.15267288612135e-17,-1.33760162800472e-17,-1.08856633619028e-07,-4.13799637114682e-17,-5.27380407292808e-18,4.21188284300812e-17,6.79499006209112e-17,-1.02481803304105e-16,-1.43033918091674e-17,-2.17188415154144e-17,7.1082120980328e-17,4.47878838614121e-17,2.29581645057488e-08,1.0667955689906e-16,3.10849962202759e-17,-7.52854511940178e-18,-2.37940808782717e-17,1.05065382635681e-17,-1.64213705639013e-16,3.91058404428389e-17,6.10370002384738e-17,-3.00868704412607e-17,-1.57020164287239e-16,-3.92922433742899e-17,1.08203053399849e-17,-1.09810363412969e-18,1.15300042099853e-07,-1.1417267910163e-17,2.93098794115346e-17,2.65603331981635e-17,-5.62050406216485e-16,-6.828029844802e-07,-3.38031416208086e-18,2.19900913040014e-17,8.73818317948106e-18,3.30115600483926e-17,-4.38864172697035e-17,5.17799251903452e-17,1.40637487057257e-16,-9.10248379619789e-17,-3.36550621084253e-17,1.41368316109925e-17,9.98482464424275e-18,5.76644858950919e-17,2.91137746705e-17,-3.97481946793283e-17,-1.83122615509941e-18,8.80820796305116e-17,-1.55463725775515e-16
"t639",-0.00350715040258349,0.0188976960258513,0.0228750883054389,0.00160759504402073,-0.00407894023194254,0.0018716491879441,-0.00062401409966322,-2.88001041438887e-05,-0.000399374743121871,0.00166156105797021,0.000829811608556165,-0.00635401008370368,0.0104194802679119,0.00434327168142744,0.0100752792929612,0.00228766483773921,0.00601246296191517,-0.000936513844448123,0.00122494410141234,-0.00109045933482095,0.00376510813367858,-0.0013599338236067,0.00415159830059606,-0.00723501295506851,0.00115459048462944,-0.00386166286258684,0.00501067459886697,-0.00658380951406647,0.039179910109875,-0.331788296817195,0.00192017920442651,-0.0421712825227019,-0.0478003752950094,0.00903365316087392,-0.000793645937180489,-0.00059276354170535,-0.00177158655331578,0.000143628209695038,0.0011149635506413,0.000281778162124672,0.0311726328224872,-0.000980067552509079,0.000664195949418453,-0.000808786913940415,0.00269462394155602,-0.000444007873865078,7.60395014827304e-05,-0.00108119645573247,0.00101892603504995,-0.0017754269107191,0.00119099377292983,-0.00230401742667849,1.31193859489674e-06,-0.000312054008567562,0.000132681554358576,-0.0013651213114433,3.51297937030199e-05,-0.00426300800098408,0.000474364213768002,-2.95675293404726e-05,7.26777280464262e-05,-0.000305077103786951,0.0466942150020153,-0.381226126839895,-0.000529210822598623,0.00100113549685821,-3.31458711377283e-05,0.00106734333033436,-0.00582830286331919,0.000978054844765522,-7.58274000087451e-05,0.000173834522748344,-5.60487146663085e-05,-0.000355529161856891,0.000148181755268402,1.34906248560375e-06,-0.0012313226581206,0.000351831009864914,-0.000557676991812622,-0.000636379538130834,0.000346065101109244,0.00264336723654752,-0.000303898213858838,-0.00140099817516144,8.31568011032171e-05,0.00231721908374453,-0.000336825594738094,-5.29847453471771e-05,-1.17800125356638e-05,0.00044632368864864,-9.7114705419737e-05,2.25407241410958e-06,0.000148911477642831,-0.00129926436841894,-6.39545819530776e-06,-0.000276084844973471,-3.2424931031734e-05,0.000170799550342025,-0.00351996430195457,-0.000442217911223627,-9.52574567375477e-05,6.12262789838905e-06,-0.000129838833652437,4.29817286453831e-05,-1.8594676711883e-05,2.91890156208672e-05,-0.000979428072866772,3.33982707684211e-05,-0.000150714665087146,4.94160400747192e-06,0.000320577943168166,0.000279564641192544,-8.58564447159758e-05,7.6312697598035e-05,-2.76501929242318e-06,7.91353608893002e-05,-0.000153356005093884,0.000159800848523656,-0.000159472957947633,0.000758468445680329,-0.000207769651906174,0.000663962253356489,-0.000318422282164712,-0.000874080629414982,3.97588998569136e-05,-0.000411892802615099,4.19311571373711e-05,-8.79385157192741e-05,0.000169750069313399,0.0052874621093137,2.26399647565957e-05,0.000476391127446423,-6.30228459739803e-05,-0.000114056144835144,4.91477967454119e-06,0.000185709117629891,-1.04403542637047e-06,-0.00140049717468343,0.000198661655503234,-0.000570204158438737,-3.54256698681113e-05,-0.00104887500685152,0.000283473888021709,1.78332275657401e-05,6.7895799539626e-06,-3.46533280677638e-06,-0.000321268844036547,2.28130806668221e-05,1.4769926455611e-06,-3.53511925121841e-06,-7.49520218264539e-05,-1.63952562797809e-05,-4.74353339356279e-05,0.000130513285774234,-7.44796278299167e-05,-3.16012529113346e-06,4.72008581593041e-05,-0.000357965004560684,-1.19709653977236e-05,-3.943135942354e-06,-0.00026210861345343,7.68946225448436e-05,-1.83463642930525e-05,-0.000364234404326583,0.000230889505960073,-0.000150339682222949,0.000162809504542982,2.78103020156058e-06,0.000138245873246892,0.000364684397355742,-0.00030595431325529,-5.37339383235696e-05,6.15443345900774e-06,1.57782647913769e-05,3.83329974095737e-05,6.09145945827842e-06,3.40293851693952e-06,-0.000125239165477123,-0.000105921948377954,-0.0006336555914364,0.0042795712668053,0.000501975065289988,-0.000225298133551871,-4.12079280661904e-07,-2.55099381424976e-05,-2.96680742053014e-06,-0.000443209076610706,0.000109227252540587,0.000490801650587297,-0.000627563685343776,-1.49825964889388e-05,3.01649904695846e-05,0.000124337747580471,2.34450084938151e-07,4.77665614713929e-05,-4.02146543056047e-05,-7.78147584345509e-05,-6.22048524107633e-05,5.57370513543687e-05,6.42292455637766e-05,7.05816788956935e-05,0.482724862374986,1.81137219562579e-06,7.83622094934862e-05,0.000118235450940195,0.000543299027701403,-5.65342212168267e-05,-0.000258537016647228,0.000265349252081175,1.16239009815903e-06,0.00058975604861513,-0.000176474317430601,0.000333330481011337,3.44076282049493e-05,2.77060385811873e-06,1.55768553590357e-05,-2.75133926297462e-06,-3.21498214021938e-06,1.84774898772857e-06,6.31148445269725e-06,5.87399089878027e-05,-1.43147700209234e-05,-2.26152568004044e-06,-1.1364155528127e-05,-1.1408312164815e-06,-6.28412675571516e-07,-9.27809286043041e-06,-2.97789422222309e-06,-3.02630993659661e-06,-2.95592140848374e-06,9.52696447538548e-06,2.09316447418667e-06,1.2307075607788e-06,2.08963469386423e-06,-1.24673003604982e-07,-3.06074650806846e-07,-1.19792793688341e-05,-6.33362332150831e-17,-1.44243040859401e-06,2.08432120970495e-05,-9.07766679103559e-06,-1.22354856059697e-05,-1.44659711670774e-05,2.44403497706228e-06,-2.98479237919112e-06,1.56014861855902e-05,-2.53439039307601e-07,1.68765709764419e-08,-3.89944150905574e-06,4.04021690823057e-05,-2.4157613782266e-06,0.000133447164822391,-8.44575445154936e-06,4.88914578024216e-07,-3.29381841977176e-08,1.61213200865479e-06,-1.65002707315305e-06,2.61813782860708e-05,6.52300767365253e-06,-1.41874389931811e-06,8.52083794777141e-05,-1.33609642876111e-05,0.00592383017791725,4.43590309052035e-05,-2.7493841145428e-08,-3.84235753237934e-08,7.26774414810431e-08,3.5548847395724e-05,-1.12249914292946e-05,5.93804922570343e-07,4.95410433650888e-07,-5.53601971401163e-07,6.73613471472626e-06,-9.1669266379425e-06,2.9354069813782e-05,-2.82822811316154e-05,2.21589486182181e-05,-1.62762629085877e-06,2.70424017056885e-05,-1.39028951202599e-06,5.3907893396515e-06,7.00599052281761e-18,-1.33793439076952e-05,-4.58808923642429e-07,-6.02818442336782e-10,-5.26325810648875e-06,6.65890658622154e-07,-4.1324672830818e-07,-1.36499540651772e-06,1.56837669709842e-07,-6.65521762040262e-06,2.31299974325628e-05,8.48900414876853e-07,-1.52039474318508e-06,9.8289236085524e-06,-1.18936958865562e-05,3.7907094032945e-05,-5.82866986955934e-06,9.55525326306814e-06,3.38679722362184e-07,2.57398697430371e-07,1.40081128669356e-05,-8.79446494030426e-05,3.88031468312361e-07,-1.05454148242663e-05,2.8199753536679e-05,-0.000102220220863377,3.20419769400686e-06,2.89315403942435e-06,1.66031257113404e-05,-5.26055451385465e-06,-2.97300219147172e-06,3.43466901536447e-06,-3.14534344134445e-05,3.8932623204377e-07,3.61653236027398e-06,-6.99631191460774e-06,-4.47082909122631e-16,2.07081188328822e-08,1.24369794806069e-05,-1.12540684813313e-06,5.81012826790579e-06,7.40336131389885e-07,1.51744136545278e-06,3.52298823196483e-06,-0.000102251846477532,1.90339920369347e-05,-2.38901022003982e-17,-1.45375033322189e-05,-1.33531304791378e-07,-4.94509768677563e-07,2.34636302402489e-06,3.70647552482615e-06,-2.49706038666161e-07,-9.52535324838028e-06,2.53462451722753e-06,-1.19490043292246e-05,1.57803364968916e-05,-2.41151277376244e-06,-5.77315712785475e-06,-6.06316538383175e-07,-4.29797350629457e-08,-5.73220254739837e-06,3.43146844817209e-06,-6.20327316174344e-06,-4.11063534422674e-17,-1.79787701229005e-05,1.4096143160754e-06,4.06238451274456e-08,3.54894365496562e-07,-1.16137145519908e-05,-2.37655090254136e-05,1.20280914968525e-05,-4.3660459930593e-05,-2.14160613145092e-06,-1.01045621830455e-17,-3.90623682707031e-06,-1.53638210293614e-06,-4.89328808558843e-06,1.70010065958906e-15,9.16008317794172e-06,1.31927107878402e-05,-2.01149587681467e-06,-7.49043586823713e-06,-2.49116583795589e-06,-1.33423220435517e-06,-9.40949397235379e-05,1.31235845570762e-06,1.05175174158318e-05,5.81063583886945e-07,2.84105275037725e-06,4.09886472664697e-06,-1.21869773547512e-17,-1.61640983207383e-06,5.29748566045649e-06,2.58014360121531e-05,-3.43427389773459e-06,1.95358142879138e-17,-6.56747745025816e-06,6.07063241503739e-07,-1.46486429075697e-06,-9.81616941818277e-07,-3.28599544990146e-06,3.46907344436676e-06,-9.09288553243504e-05,6.29738930217914e-06,-1.38546126910783e-17,2.27111397342855e-05,-4.33965574820976e-06,1.20623197924323e-05,2.80266446942608e-05,-5.6742111113045e-06,-1.91017203066074e-08,-4.16333634234434e-17,-7.77113113821465e-17,-1.83865767515421e-08,-2.34021814171412e-06,3.08453558811894e-07,-3.10965346211124e-06,9.37985261647457e-15,-1.47192317313205e-06,-1.73627685456427e-08,1.25332771070675e-16,-2.88365458842891e-17,-1.01721382447564e-16,3.66896646946244e-06,2.14420027055892e-05,-1.17793570357654e-05,9.19899334512404e-06,4.58468094772261e-06,1.86561187584813e-05,-4.07907140736261e-06,-4.34316760074085e-15,-8.90195426033831e-07,2.49748374794489e-06,-2.21972821002226e-17,-2.138449219813e-16,-1.5614924087432e-06,-8.40288041573611e-10,-9.21044175253948e-07,5.00249931067451e-06,9.05179577841819e-07,-3.38630479127128e-07,-6.58774466780793e-16,-1.13809471644413e-06,5.44857117667844e-17,-3.8717672816334e-06,2.35380291646603e-16,-1.01043542233797e-06,6.39078650588394e-17,4.14275727346488e-06,1.09057206817404e-06,4.51911395704565e-07,5.93344073262195e-06,2.93827293916438e-06,-3.36753835061333e-07,2.13285112735522e-06,1.46023621962268e-06,3.58673098796385e-06,3.30256018919845e-07,7.42874403801586e-07,-2.08723542193769e-06,-3.57247162798344e-06,-2.89537377115593e-07,-9.9517185347971e-07,1.04131118763475e-16,9.30170289523194e-06,-1.60123300462906e-06,8.25178364776436e-07,8.82960539887683e-16,1.44439095160972e-07,3.90783244325585e-06,2.76483200465935e-05,-6.7589636176265e-18,-3.38027186167376e-06,-1.7954986367742e-06,-2.84613588308893e-17,-4.69565910674429e-06,5.27317007315489e-06,1.83417692000975e-16,9.9646099366064e-18,-1.93242789082201e-07,-1.03739510679238e-06,-5.909775275642e-09,-8.1981160616568e-06,2.17592367491463e-06,6.39997665571121e-07,6.16518637543547e-07,5.6908690785259e-06,-1.27663307585074e-05,6.31005664386564e-17,2.63232689213628e-08,1.8115100806172e-08,4.99842336887005e-08,4.67673147536281e-06,-1.23484132500348e-16,-9.80058922372607e-17,1.53781917794088e-06,-1.19052895898605e-16,-1.00351938337539e-17,7.2729059404258e-06,-2.11428301424628e-05,-1.98506979323729e-06,-1.07845403857033e-07,5.14623959518963e-05,2.7396127708405e-05,3.68069180278349e-07,5.93848547613997e-18,8.53621498519681e-07,3.98570987463923e-08,1.82877348755689e-07,-1.83950852027021e-06,7.25800361015431e-06,-3.26318608208283e-16,-5.123367069586e-17,1.60933574224961e-15,-6.34689297841139e-07,-3.04504293559127e-07,-1.77351371908555e-06,-1.15778269255069e-15,-2.33571961432468e-07,9.41295565420817e-17,-1.9406979084007e-16,0.000518443275932589,-5.46859648487241e-07,3.46944695195361e-16,-2.01776431432438e-06,-1.04716239235958e-06,4.63257844484374e-16,2.37684499421923e-06,2.63108018910079e-16,8.41594523463286e-07,1.09685331747899e-16,8.39952632171947e-07,1.43814146710245e-05,2.62978963295475e-07,2.47540722060908e-07,1.69991456928474e-06,-8.49588855198142e-07,2.34560471828237e-06,-2.43924217618234e-16,1.54156627342948e-05,-8.70078281107816e-07,-3.98186286155478e-18,-1.14623159167128e-07,-4.62051091730502e-06,5.42606213013996e-07,-8.27496293132121e-17,3.44041745590617e-06,2.29969124575028e-06,1.37469189899098e-17,-5.74516418465727e-06,-1.27072846567772e-06,-6.61688907496023e-08,1.36863526052913e-17,6.3139191112131e-18,2.33821917642686e-06,3.6195792712386e-07,2.92832754957818e-08,-4.70623073657728e-07,2.14344390673435e-07,-1.50006420353988e-17,-8.16169538116807e-17,7.8247727213515e-07,5.39352540612859e-09,-2.21018193612047e-16,1.89081804000362e-06,-1.71622960427375e-16,9.78242081367566e-07,-3.61760918110793e-07,-2.11371053024469e-07,-1.40125187954354e-06,-2.25996912976154e-15,9.08182204897264e-17,-1.5370540297823e-16,-3.8239372035876e-16,-1.12567040691238e-07,-3.90450506956884e-07,1.28432609171025e-16,3.87172985863446e-16,6.3892148330771e-17,5.49532327334549e-07,4.93826979977677e-09,-2.71886975127348e-07,-1.40732473991077e-16,-5.21501244965528e-17,-2.72676846380104e-16,-2.30477574563699e-05,3.56348834149811e-07,1.24103084096131e-17,6.2587929764353e-08,-1.63725154158553e-06,-6.71194362254857e-17,-1.4652444871849e-16,-1.13132118040983e-06,-2.29108089675696e-08,-5.60430409025923e-07,-2.70375828285601e-16,1.24629367484224e-06,9.18274812719637e-07,9.85252209348725e-07,-8.98055916061045e-07,-2.41753831812926e-06,3.93508486373662e-08,8.74144588720442e-17,-9.2369040378452e-18,2.93463202102054e-16,7.4805472265431e-07,-6.77300375371295e-07,-2.55281895349355e-07,-3.96860676765077e-07,-2.2634344966923e-16,-2.00354091317543e-16,-1.94415106787158e-18,-6.52059287128165e-17,1.80204630898374e-16,9.5864509130921e-07,-9.94598006738517e-17,1.10069665381727e-16,-1.55197480610079e-07,2.99686042531183e-17,-1.38928178992139e-07,-1.96473384647164e-16,-1.72239727798575e-07,-3.35967008201218e-17,-2.08608916080487e-07,-2.61080667643974e-08,-2.38173628055729e-06,5.56094462776202e-16,8.3817736524263e-07,-1.43503240572412e-16,1.18952675345668e-06,-2.09269276725024e-06,2.28776681270975e-08,6.7798197794685e-16,1.68931746164949e-06,-1.46143847013489e-16,-4.15293893839706e-07,-4.62991293328795e-06,-9.88244424932197e-17,1.43812522528235e-16,1.06022002253837e-15,-1.24947543459093e-16,-7.86936441491385e-09,-1.02478310775086e-07,-2.28838323694134e-08,-3.07600348569876e-16,5.53997634529754e-17,-2.41966025494626e-07,1.97378095414744e-06,-1.51908525914934e-16,3.46172568394393e-16,-1.04342018971846e-07,-1.14738431403172e-16,-7.39496402026413e-07,4.94730685240151e-16,1.37908934171317e-05,3.65184972786318e-16,1.3486612884671e-16,-2.66328142015705e-16,-5.57827191006975e-16,5.25936918497168e-17,-4.61227381636288e-16,1.34195064562358e-07,-9.38509821324987e-07,4.70844448432489e-17,-1.23038695338225e-06,2.37011450256832e-06,-1.75579198953986e-16,2.30838460447437e-16,8.53959836088518e-17,2.58634424415318e-16,2.33722059011467e-07,3.73800280155928e-08,-1.56233870743912e-16,2.99403092055837e-16,-4.24520449281474e-07,-2.99026291003296e-06,-2.29253244702156e-08,-1.64522665843799e-16,-2.40962158926615e-16,1.03063127450759e-16,-2.07520058104148e-16,-6.52069542760213e-16,-4.00311001918978e-16,8.95019417825457e-07,-8.46562339630853e-07,-1.62786676336585e-07,2.51971682323966e-16,5.99089696581968e-17,1.62328469632395e-16,2.60510731633276e-16,3.80257560366351e-16,1.02920311024426e-16,3.57112752934306e-17,4.73154348581428e-16,-9.39148895625498e-16,9.21897555328045e-17,1.88307112083017e-16,2.29039194467011e-16,-1.40976938934128e-17,-5.08725602497337e-16,8.93168095708786e-08,2.19886529906595e-16,-6.76079957292783e-17,-3.79938421447169e-16,1.26426663659767e-06,-1.52271460908094e-08,-3.25436232500408e-16,-3.2628518441326e-08,1.15533405056874e-06,3.9796567438119e-16,5.71034563417451e-16,-4.39770085966344e-06,-6.2926389591938e-16,2.84420206304226e-08,-2.27770849998777e-16,1.07302689248307e-16,-1.80089699851338e-16,2.52967711534185e-16,2.78296017239185e-08,-7.54290537622965e-06,-1.59321708852617e-15,2.98417760300925e-16,3.08154881029472e-16,-6.73138045406495e-17,5.43185288415238e-16,7.11844965758763e-16,-1.83268260101995e-16,-2.49289955683086e-16,4.59498247003874e-08,8.30248261085389e-16,-5.86448435228761e-16,1.10820306658719e-15,-3.03206027101065e-16,-4.22044269891399e-16,4.46568287291674e-16,-9.06300130174835e-07,3.44651405818524e-16,-5.83664191135127e-16,1.3335455195103e-06,-9.08771448262907e-16,1.6115515264466e-16,7.09072625117484e-17,-6.36605060975343e-16,5.63174241227989e-07,4.0202556377827e-16,-4.15668421592984e-07,8.69868032775354e-16,-9.18633640777226e-16,-2.09170182148612e-16,-3.618177467162e-15,-1.7802953337594e-17,-3.88784063812017e-17,1.50170861287661e-08,-8.76901406716194e-16,-3.86047495300822e-16,8.47071614211259e-08,-1.87439013500648e-06,-1.69022581088144e-16,1.31288680429928e-06,1.92281592982592e-07,2.25782702259302e-15,-2.88400208606032e-15,-1.93234516398604e-15,-4.13870738705718e-16,1.72770917074506e-16,-3.22794523667429e-07,-5.66263813386655e-15,1.21967507698587e-14,-5.94211952918311e-15,1.29213319287453e-07,6.96207924038443e-15,-9.97147780711162e-16,6.25551401642164e-15,-5.35722921934342e-15,-5.88601221947418e-08,3.12972105905753e-14,1.77084518880367e-08,0.707106781186546,-4.2867672046714e-13,6.66675511246004e-14,-8.50736519437244e-15,-6.69467655020116e-15,1.20477707032298e-14,6.41770024566857e-16,-3.0712999368083e-07,5.52245231489314e-15,6.40136455640682e-16,1.29109108739137e-07,-3.9199155366431e-15,2.99409617247041e-15,-2.30108308204467e-15,3.55580229500236e-15,4.48795495809868e-15,-2.03577255189993e-15,-1.84599805351833e-06,6.63224730837444e-16,1.87798833578834e-15,2.78590051306723e-07,-3.61652771493147e-15,8.41279395978635e-16,-1.02542752793847e-15,3.25665182628621e-16,-2.96250837148236e-15,2.77599989725452e-15,1.61825050041515e-15,-6.26253706649249e-16,-8.80776155827556e-16,-8.75100755510685e-16,-2.32029493859206e-15,-1.46097114411834e-07,4.84442207512698e-07,5.76412398381011e-16,3.02957730987239e-17,3.92071666939657e-16,3.08964522004825e-17,2.82066037193829e-15,-6.16203167890811e-16,1.29808902303842e-15,2.70505779550705e-16,-4.19695909188642e-08,-2.81093022497041e-17,1.44651741896413e-15,-3.30365889448084e-16,9.97492107834981e-17,1.05990993649343e-07,4.23030100734523e-16,-8.51916333046998e-09,3.48867341220731e-16,-3.44159163351153e-16,3.52681827037914e-16,-6.0131399601449e-16,-7.72672063674307e-17,6.16986769714059e-16,-1.1580034653745e-16,-1.19703974019582e-16,-1.32252108365315e-16,4.70637608220284e-16,-2.85159142835027e-18,3.54002697677242e-16,-8.21291981966084e-17,-4.70754296749493e-17,2.66154264622903e-16,-3.15144574504304e-18,-2.74845587114278e-16,-2.71284512021388e-16,2.17612723112441e-16,-3.4925357709052e-16,1.04972454340047e-15,1.52686815123992e-16,5.51621127995674e-17,-2.47694594509886e-16,1.3995250618656e-16,4.0523266059153e-09,1.88087403151492e-16,-1.03968844396602e-16,2.94842674006651e-16,-1.59452093977702e-16,8.11183279818636e-17,3.55955971764405e-16,-4.62113670868294e-16,-1.42865943250446e-16,-7.95189320466899e-17,7.97223342446388e-16,-3.94649590784724e-16,5.01211492737626e-17,5.29322020812767e-17,3.53851183187106e-17,-1.1185882451951e-16,8.19989424192296e-20,-7.49393296961161e-17,-5.21544377157251e-08,-6.87358093132611e-17,-1.39938306400744e-16,5.03126267683356e-17,5.73559487898987e-17,1.13516442969649e-16,-9.77855761746357e-17,2.45182733206313e-18,-8.77669570898895e-17,-2.1512671852374e-17,1.10509452349302e-08,-1.34116225789451e-16,5.89499048312181e-17,1.89619486284097e-17,-2.84437141364304e-16,4.13639508882617e-17,-1.60988942819859e-16,-1.30412826660943e-17,-1.20592710714029e-16,3.46161052653076e-17,5.29981515284187e-18,1.10751051092822e-16,-4.83170592440579e-17,2.82619166810216e-17,5.57589383302015e-08,5.81339102372912e-17,-5.82731451516728e-17,3.65620412745911e-17,-3.33934269125535e-16,-3.30916588849304e-07,-3.89017052203269e-17,-5.93340628106066e-17,-3.9912082055955e-17,-3.33752972779972e-17,3.70393287829861e-17,3.69069197521448e-17,1.46320347695283e-16,6.02437115535715e-17,-5.21518864559518e-18,5.57127422026311e-17,1.21711586468952e-17,5.34622083971212e-17,-8.98778451672831e-18,-5.68830389862371e-17,-1.80680172870628e-17,5.45411802891336e-17,-1.32378777186227e-16
"t640",-0.00350715040258349,0.0188976960258513,0.022875088305439,0.00160759504402073,-0.00407894023194254,0.00187164918794411,-0.000624014099663217,-2.88001041438906e-05,-0.000399374743121861,0.00166156105797023,0.000829811608556161,-0.00635401008370368,0.0104194802679119,0.00434327168142746,0.0100752792929612,0.0022876648377392,0.00601246296191519,-0.000936513844448115,0.00122494410141235,-0.00109045933482096,0.00376510813367857,-0.0013599338236067,0.00415159830059604,-0.00723501295506851,0.00115459048462943,-0.00386166286258683,0.00501067459886696,-0.00658380951406648,0.0391799101098751,-0.331788296817195,0.00192017920442652,-0.0421712825227019,-0.0478003752950094,0.00903365316087394,-0.000793645937180457,-0.000592763541705303,-0.00177158655331579,0.000143628209695019,0.00111496355064131,0.000281778162124622,0.0311726328224872,-0.000980067552509045,0.000664195949418448,-0.00080878691394046,0.00269462394155604,-0.000444007873865122,7.6039501482686e-05,-0.00108119645573246,0.00101892603504998,-0.00177542691071907,0.0011909937729298,-0.00230401742667843,1.31193859484594e-06,-0.000312054008567524,0.000132681554358599,-0.00136512131144332,3.51297937030694e-05,-0.00426300800098415,0.000474364213767999,-2.95675293404771e-05,7.2677728046434e-05,-0.000305077103786945,0.0466942150020154,-0.381226126839895,-0.000529210822598737,0.00100113549685821,-3.31458711377071e-05,0.00106734333033437,-0.00582830286331921,0.000978054844765472,-7.58274000087367e-05,0.000173834522748323,-5.60487146663368e-05,-0.000355529161856947,0.000148181755268404,1.34906248557394e-06,-0.00123132265812059,0.000351831009864894,-0.000557676991812618,-0.000636379538130848,0.000346065101109252,0.00264336723654748,-0.000303898213858801,-0.00140099817516135,8.31568011032323e-05,0.0023172190837445,-0.000336825594738152,-5.2984745347118e-05,-1.1780012535706e-05,0.000446323688648689,-9.71147054197053e-05,2.25407241404366e-06,0.000148911477642763,-0.00129926436841891,-6.39545819523104e-06,-0.000276084844973437,-3.24249310317521e-05,0.000170799550342056,-0.00351996430195453,-0.000442217911223555,-9.5257456737536e-05,6.12262789834899e-06,-0.000129838833652487,4.29817286454352e-05,-1.85946767118904e-05,2.91890156209407e-05,-0.000979428072866789,3.33982707684892e-05,-0.000150714665087168,4.94160400748341e-06,0.000320577943168204,0.000279564641192529,-8.58564447159652e-05,7.63126975980111e-05,-2.76501929236697e-06,7.91353608892906e-05,-0.000153356005093939,0.000159800848523641,-0.00015947295794764,0.000758468445680327,-0.000207769651906277,0.000663962253356483,-0.000318422282164704,-0.000874080629414962,3.97588998570005e-05,-0.000411892802615127,4.19311571372791e-05,-8.79385157192477e-05,0.000169750069313386,0.00528746210931368,2.26399647565364e-05,0.000476391127446439,-6.3022845974049e-05,-0.000114056144835163,4.91477967465126e-06,0.000185709117629863,-1.04403542639356e-06,-0.00140049717468357,0.00019866165550322,-0.000570204158438662,-3.54256698681023e-05,-0.00104887500685153,0.000283473888021658,1.78332275657519e-05,6.78957995401018e-06,-3.46533280677563e-06,-0.000321268844036601,2.28130806668284e-05,1.47699264557205e-06,-3.53511925121308e-06,-7.4952021826424e-05,-1.63952562797838e-05,-4.74353339357749e-05,0.00013051328577424,-7.44796278299297e-05,-3.16012529115846e-06,4.72008581593461e-05,-0.000357965004560724,-1.1970965397771e-05,-3.94313594236076e-06,-0.000262108613453376,7.68946225448616e-05,-1.83463642930513e-05,-0.000364234404326602,0.000230889505960127,-0.000150339682222797,0.000162809504542992,2.78103020153632e-06,0.00013824587324686,0.000364684397355779,-0.000305954313255228,-5.37339383235287e-05,6.15443345922467e-06,1.57782647913898e-05,3.83329974095428e-05,6.0914594582497e-06,3.40293851699554e-06,-0.000125239165477142,-0.000105921948377973,-0.000633655591436356,0.00427957126680532,0.000501975065289883,-0.000225298133551857,-4.12079280628184e-07,-2.55099381424892e-05,-2.96680742055082e-06,-0.000443209076610635,0.000109227252540639,0.000490801650587287,-0.000627563685343909,-1.49825964889397e-05,3.01649904695753e-05,0.000124337747580449,2.34450084912295e-07,4.77665614714558e-05,-4.02146543055737e-05,-7.78147584345207e-05,-6.22048524106464e-05,5.57370513543762e-05,6.42292455637707e-05,7.05816788957124e-05,0.482724862374986,1.81137219562275e-06,7.83622094934834e-05,0.000118235450940197,0.000543299027701432,-5.65342212168846e-05,-0.000258537016647201,0.000265349252081176,1.1623900981239e-06,0.000589756048615015,-0.000176474317430602,0.000333330481011248,3.44076282049107e-05,2.77060385809595e-06,1.55768553590384e-05,-2.75133926279973e-06,-3.21498214019744e-06,1.84774898769959e-06,6.3114844526964e-06,5.87399089878057e-05,-1.43147700208651e-05,-2.26152567989594e-06,-1.13641555281601e-05,-1.140831216486e-06,-6.28412675425861e-07,-9.27809286047618e-06,-2.97789422224777e-06,-3.0263099365705e-06,-2.95592140847237e-06,9.52696447544006e-06,2.09316447424598e-06,1.23070756074169e-06,2.08963469385321e-06,-1.24673003597048e-07,-3.06074650928402e-07,-1.19792793688481e-05,-6.61840863108836e-17,-1.44243040863802e-06,2.08432120969715e-05,-9.07766679094639e-06,-1.22354856058556e-05,-1.44659711670722e-05,2.44403497702393e-06,-2.98479237915417e-06,1.56014861857076e-05,-2.53439039340041e-07,1.68765710011149e-08,-3.89944150900738e-06,4.04021690824089e-05,-2.41576137824948e-06,0.000133447164822509,-8.44575445157573e-06,4.88914578112024e-07,-3.29381842063912e-08,1.61213200864886e-06,-1.65002707316899e-06,2.61813782859707e-05,6.523007673617e-06,-1.41874389940382e-06,8.52083794777798e-05,-1.33609642876064e-05,0.00592383017791711,4.43590309052244e-05,-2.74938411825717e-08,-3.842357537855e-08,7.26774414599277e-08,3.55488473957072e-05,-1.12249914292104e-05,5.93804922651379e-07,4.95410433725207e-07,-5.53601971317559e-07,6.73613471475873e-06,-9.16692663751294e-06,2.93540698138283e-05,-2.82822811316061e-05,2.21589486181764e-05,-1.62762629087596e-06,2.7042401705697e-05,-1.39028951209957e-06,5.39078933945757e-06,-2.28817729614231e-17,-1.33793439077851e-05,-4.58808923740718e-07,-6.02818397285789e-10,-5.26325810649995e-06,6.65890658655129e-07,-4.13246728249949e-07,-1.36499540668621e-06,1.56837669651587e-07,-6.65521762055732e-06,2.31299974325317e-05,8.48900414928219e-07,-1.52039474316986e-06,9.82892360864314e-06,-1.18936958866095e-05,3.79070940328349e-05,-5.82866986959174e-06,9.55525326313406e-06,3.38679722394316e-07,2.57398697448801e-07,1.40081128669519e-05,-8.79446494029808e-05,3.88031468242709e-07,-1.05454148243275e-05,2.81997535366406e-05,-0.000102220220863328,3.20419769396818e-06,2.89315403926405e-06,1.66031257115391e-05,-5.26055451390491e-06,-2.9730021915436e-06,3.43466901541066e-06,-3.145343441342e-05,3.89326231935665e-07,3.61653236029181e-06,-6.99631191458524e-06,-6.85350255911028e-16,2.07081188271538e-08,1.24369794806281e-05,-1.12540684791846e-06,5.81012826791004e-06,7.4033613138656e-07,1.51744136550189e-06,3.52298823190509e-06,-0.000102251846477654,1.90339920369631e-05,-1.72486068161866e-16,-1.45375033321635e-05,-1.33531304732039e-07,-4.94509768659063e-07,2.34636302401365e-06,3.70647552471453e-06,-2.49706038751937e-07,-9.52535324836837e-06,2.53462451725508e-06,-1.19490043292473e-05,1.57803364968662e-05,-2.41151277394918e-06,-5.77315712793654e-06,-6.06316538418055e-07,-4.2979734237651e-08,-5.73220254743836e-06,3.43146844816195e-06,-6.20327316170637e-06,5.14745219411092e-17,-1.79787701228234e-05,1.40961431608407e-06,4.06238451682373e-08,3.54894365304584e-07,-1.16137145520325e-05,-2.37655090253459e-05,1.20280914968829e-05,-4.36604599306015e-05,-2.14160613153141e-06,-1.00710086115171e-17,-3.90623682717823e-06,-1.53638210290327e-06,-4.89328808552731e-06,1.62446675874891e-15,9.16008317801989e-06,1.31927107879808e-05,-2.01149587689897e-06,-7.49043586829553e-06,-2.49116583795852e-06,-1.33423220422662e-06,-9.4094939723492e-05,1.31235845572803e-06,1.05175174157623e-05,5.81063583953337e-07,2.84105275031387e-06,4.09886472712016e-06,-1.91027873690058e-17,-1.61640983211266e-06,5.29748566040866e-06,2.58014360121729e-05,-3.43427389772978e-06,4.59027093215657e-17,-6.56747745030708e-06,6.07063241470345e-07,-1.46486429069174e-06,-9.81616941862368e-07,-3.28599544999283e-06,3.46907344445639e-06,-9.09288553244526e-05,6.29738930234059e-06,1.69740026227964e-17,2.27111397343009e-05,-4.33965574840795e-06,1.20623197925145e-05,2.80266446942536e-05,-5.67421111131361e-06,-1.91017203098077e-08,-3.81639164714898e-16,1.13601074762854e-16,-1.83865767764725e-08,-2.34021814138417e-06,3.08453558838501e-07,-3.10965346223258e-06,9.36741389340176e-15,-1.47192317294649e-06,-1.73627685924013e-08,2.14649626225674e-17,-6.66690124976061e-18,-1.35303035870602e-16,3.66896646929694e-06,2.14420027055711e-05,-1.17793570356935e-05,9.19899334540005e-06,4.5846809477061e-06,1.86561187584e-05,-4.07907140719012e-06,-4.29169790640272e-15,-8.9019542606841e-07,2.49748374795516e-06,-1.94576778222361e-16,4.07432472919278e-17,-1.56149240862002e-06,-8.40288037310965e-10,-9.21044174866977e-07,5.00249931065872e-06,9.05179577736683e-07,-3.38630479306526e-07,-5.58756816368982e-16,-1.13809471641417e-06,-5.67704679894162e-17,-3.87176728146157e-06,-6.33174068731535e-17,-1.01043542232406e-06,-7.61280866441492e-17,4.14275727307154e-06,1.09057206831013e-06,4.5191139559532e-07,5.93344073272527e-06,2.93827293924263e-06,-3.36753835157814e-07,2.13285112738585e-06,1.46023621962844e-06,3.5867309879484e-06,3.30256019252493e-07,7.428744038948e-07,-2.08723542185322e-06,-3.57247162808948e-06,-2.89537376899525e-07,-9.9517185392563e-07,-7.20391519353193e-17,9.30170289533792e-06,-1.60123300455323e-06,8.251783649419e-07,9.20481627346536e-16,1.44439095306252e-07,3.90783244318708e-06,2.76483200464686e-05,7.35702279717156e-18,-3.38027186151495e-06,-1.79549863680844e-06,-7.5609716957446e-17,-4.69565910685506e-06,5.27317007308284e-06,-1.78787295855891e-16,9.92208769296324e-18,-1.93242789200195e-07,-1.0373951068617e-06,-5.90977514080039e-09,-8.19811606158986e-06,2.17592367506032e-06,6.39997665567789e-07,6.16518637450152e-07,5.69086907895145e-06,-1.27663307584391e-05,1.84314369322536e-17,2.63232687556179e-08,1.81151012025705e-08,4.99842337371489e-08,4.676731475319e-06,-5.48485562208388e-18,3.89034216168979e-17,1.53781917788529e-06,1.7083602782456e-16,-3.60798137094809e-16,7.27290594032321e-06,-2.11428301423405e-05,-1.98506979326994e-06,-1.07845404123678e-07,5.14623959517307e-05,2.73961277085799e-05,3.68069179925492e-07,-2.54960362054989e-18,8.53621498601519e-07,3.98570985928465e-08,1.82877348903613e-07,-1.83950852018375e-06,7.25800361016901e-06,7.46464845701657e-18,-2.0477416717344e-17,1.17489634093793e-15,-6.34689297823299e-07,-3.04504293575855e-07,-1.77351371896136e-06,-9.99940931057667e-16,-2.33571961442199e-07,-4.13143998556652e-17,1.62589205273553e-16,0.000518443275932882,-5.46859648563355e-07,8.84708972748172e-17,-2.0177643144056e-06,-1.04716239231253e-06,4.639829046873e-16,2.37684499463391e-06,5.87759572458615e-17,8.41594523687707e-07,-1.06591288653034e-16,8.39952631894843e-07,1.43814146711044e-05,2.62978963414139e-07,2.47540721826575e-07,1.69991456920343e-06,-8.49588854962653e-07,2.3456047181663e-06,2.63302614070334e-16,1.54156627339944e-05,-8.70078281165838e-07,-2.51192647673399e-17,-1.14623159366561e-07,-4.62051091727372e-06,5.42606213418116e-07,5.72651228230716e-17,3.44041745579795e-06,2.29969124565646e-06,4.36015052383197e-17,-5.74516418471366e-06,-1.2707284655583e-06,-6.6168890937503e-08,1.00798401186905e-16,1.01560012265122e-17,2.33821917644697e-06,3.61957927053158e-07,2.92832749772085e-08,-4.70623073740222e-07,2.14344390208766e-07,-3.96293375449377e-17,-1.26717833611848e-16,7.82477272034045e-07,5.39352545733090e-09,1.18003763088475e-16,1.89081804008624e-06,2.24359323764485e-16,9.78242081611565e-07,-3.61760917882026e-07,-2.11371053244454e-07,-1.40125187963157e-06,-2.2336163567249e-15,-6.70635579073414e-17,2.0028774612841e-16,-1.02284321948384e-16,-1.1256704085148e-07,-3.90450507797586e-07,-2.56856684778095e-16,-1.89553391355154e-16,7.72882937713351e-17,5.49532327359346e-07,4.93827010515583e-09,-2.71886975200445e-07,1.19477214812369e-16,-4.60189612111472e-16,2.84711490494693e-16,-2.30477574567745e-05,3.56348833979432e-07,-1.10435229648489e-17,6.25879299863328e-08,-1.63725154172867e-06,8.89432082629578e-17,1.41881822147727e-16,-1.13132118049311e-06,-2.29108094246899e-08,-5.60430408823531e-07,2.24096364145049e-16,1.2462936749254e-06,9.18274812867975e-07,9.85252209461667e-07,-8.98055916193158e-07,-2.41753831787248e-06,3.93508488683942e-08,-2.23996975190912e-16,-1.34981601897163e-16,-2.69335405064174e-16,7.48054723251543e-07,-6.773003753811e-07,-2.55281895284131e-07,-3.96860676791798e-07,-8.96416493448031e-17,2.07307869855967e-16,-3.23747220614468e-16,1.06926467051836e-16,-2.0246462814618e-16,9.58645091489959e-07,1.19256067192175e-16,-7.74001243137226e-17,-1.55197480784369e-07,8.45957814455333e-18,-1.38928178694984e-07,1.89152169028943e-16,-1.72239727557118e-07,-6.35869090001355e-18,-2.08608916210752e-07,-2.61080668255013e-08,-2.3817362805491e-06,6.83141907625486e-16,8.38177365432057e-07,1.88888679376986e-16,1.18952675341231e-06,-2.09269276732013e-06,2.28776682334072e-08,-7.91331170493174e-16,1.68931746138214e-06,1.69391003984071e-16,-4.15293893937269e-07,-4.62991293356505e-06,2.52275942399489e-16,-1.1820570803038e-16,-1.03953500675239e-15,7.29716044825064e-17,-7.86936432783803e-09,-1.02478310495724e-07,-2.28838323114368e-08,3.02758758792066e-16,-7.15438427984135e-17,-2.41966025502999e-07,1.97378095390111e-06,9.11700610486991e-17,-3.12832948419378e-16,-1.04342019244125e-07,1.04498677706739e-16,-7.39496401837062e-07,-6.46244569258863e-16,1.37908934171898e-05,-2.64391952033348e-16,-4.05800573930928e-16,3.15873298734772e-16,5.78847718238961e-16,-1.0450839820965e-16,4.48689291622141e-16,1.34195062508436e-07,-9.38509822089689e-07,-1.36241105028244e-16,-1.23038695332618e-06,2.37011450272815e-06,1.34485604698797e-16,-2.33677254355754e-16,2.53573993270015e-16,-6.10956995155746e-16,2.33722058332182e-07,3.73800282068728e-08,1.26158921697712e-16,-3.41997127448493e-16,-4.24520449443316e-07,-2.99026290991982e-06,-2.29253249240952e-08,1.65029581690406e-16,2.15856327222093e-16,-1.41285077086696e-16,2.32096243210616e-16,6.91566894092475e-16,4.90400082271963e-16,8.95019418276501e-07,-8.46562340161017e-07,-1.62786676228233e-07,-2.43232936084441e-16,-4.74417328398397e-17,-1.2827487782735e-16,-2.21761208082191e-16,-2.39258158418021e-16,-7.10396533829825e-17,-2.83213593046588e-17,-4.77972224921532e-16,8.81356122319763e-16,-6.17079082849512e-17,-1.33974515592152e-16,-3.82993121901328e-16,2.18482727888698e-17,5.20246372525946e-16,8.93168119276012e-08,2.17675995148469e-16,-6.06691212585668e-17,2.37804853185966e-16,1.26426663690569e-06,-1.52271458420508e-08,3.29426635769633e-16,-3.2628517691056e-08,1.15533405041332e-06,-3.50146947968989e-16,9.86783447235577e-16,-4.39770085919925e-06,5.4143643378045e-16,2.84420208456693e-08,1.44452956624963e-16,-1.37922521466835e-16,1.62860557943696e-16,-2.93326440170817e-16,2.78296018050331e-08,-7.54290537645447e-06,1.88300624116016e-15,-1.94159659918933e-16,-2.93052733692383e-16,-2.0313640378549e-17,-8.90129983610599e-16,-7.6479824269426e-16,9.52929337946159e-17,2.92492888105192e-16,4.59498253247045e-08,-7.74545359872281e-16,5.53462135483192e-16,-1.28813163449693e-15,1.39760926205535e-16,3.29450582696186e-16,-3.14277363513612e-16,-9.06300130416612e-07,-3.00319197312842e-16,6.23134480824328e-16,1.33354551917592e-06,9.26309253013337e-16,-1.03242825071666e-16,-3.39769142061757e-17,7.86908872520948e-16,5.63174241667118e-07,-3.58524424035499e-16,-4.15668420498816e-07,-9.08329947710003e-16,7.5448698227736e-16,2.62972570015294e-16,3.36503743571031e-15,4.21670162688649e-17,1.89562823612078e-16,1.50170858948452e-08,6.77258880279423e-16,3.54612186435404e-16,8.47071595467517e-08,-1.87439013540007e-06,8.23435758207008e-17,1.31288680474407e-06,1.92281593684301e-07,-2.15826748960199e-15,3.07097845774714e-15,2.21866208178626e-15,3.9302701455754e-16,-1.77653874836722e-16,-3.22794521162644e-07,5.70307889809188e-15,-1.26645810276381e-14,5.96376466704428e-15,1.29213318426746e-07,-6.82533896871064e-15,9.50157547032556e-16,-6.27315736510889e-15,5.36822414117237e-15,-5.88601099326232e-08,-3.12917354403115e-14,1.77084611917873e-08,-0.707106781186546,4.28681138277616e-13,-6.65684170214797e-14,8.56286646526165e-15,6.64297849475333e-15,-1.20613855071374e-14,-6.28203646881457e-16,-3.07129998156538e-07,-5.50851898421266e-15,-6.023800739271e-16,1.2910911004702e-07,3.8371635906009e-15,-2.94010870005219e-15,2.25641063746703e-15,-3.54587056240353e-15,-4.43125275601479e-15,1.96643229980132e-15,-1.84599805408846e-06,-7.43488219227077e-16,-1.71031318426886e-15,2.78590053584821e-07,3.57601705720364e-15,-8.49109003996332e-16,1.05054016147667e-15,-3.04448341805811e-16,2.8876466032402e-15,-2.28391194040552e-15,-1.61192487091685e-15,6.01442858282596e-16,8.69110923159355e-16,8.75845463262266e-16,2.31278526595082e-15,-1.46097115143107e-07,4.84442209647979e-07,-5.71551099264086e-16,8.15488973206433e-17,-3.936927475816e-16,-7.39121805407483e-17,-2.09294387376602e-15,5.8391493395168e-16,-1.29686434851999e-15,-2.09290901055786e-16,-4.19695913742495e-08,-2.93662843111661e-18,-1.43498324475951e-15,2.55985503215126e-16,-1.63648155984093e-16,1.05990992944314e-07,-2.71159539593957e-16,-8.51916510715163e-09,-2.73872483021825e-16,1.18923597594595e-16,-2.9864699063973e-16,5.89634904389995e-16,1.38664679232766e-16,-3.17690297366217e-16,1.15998737059769e-16,8.78396600213492e-17,1.39796572361509e-16,-4.20611816856392e-16,2.22819136753366e-17,-3.69001803005862e-16,1.83540170853953e-16,2.93013067986064e-17,-2.92433552111622e-16,4.12100055868008e-17,3.06212193763025e-16,2.63614229203035e-16,-2.27209461722187e-16,3.16161081844184e-16,-4.64905891561784e-16,-1.28581919667173e-16,-4.90839260849143e-17,2.68637601618257e-16,3.16886751871524e-17,4.0523266913062e-09,-8.6636279167009e-17,6.97203436355737e-17,-2.20253307725897e-16,-6.95548776422265e-17,1.81877547165881e-18,-3.71749622957257e-16,6.26811275944886e-16,1.19768664442529e-16,1.10121788127028e-16,-8.17140360951408e-16,-1.57859836313889e-16,-4.35380722074808e-17,-7.95955387828839e-17,1.75468816237528e-17,1.44198439068845e-16,-5.21211643406795e-17,4.15263803853674e-17,-5.21544380134968e-08,1.11207749931006e-16,1.25469792706914e-16,8.11458647190855e-19,-2.01241061139863e-16,8.72322904118955e-18,-1.33512196989864e-17,3.93367700010398e-17,9.24628051907542e-18,3.67922683213624e-17,1.10509451236504e-08,3.34150692507038e-16,2.773125754192e-17,-3.56254314495946e-17,2.89167371186639e-16,-4.5670311240429e-17,1.94284389689857e-16,5.89825109460779e-17,9.21822806967445e-17,1.72992514296284e-18,-3.54345153831594e-17,-9.93128143862571e-17,5.11585687570465e-17,-1.42906484876708e-17,5.57589383749664e-08,-2.04083990072483e-17,2.57192646985739e-17,-1.06350268680121e-16,-4.69676381120721e-16,-3.30916589101393e-07,-3.39529147308171e-17,6.18651944120403e-17,-9.12542659203629e-18,7.05137531733892e-17,2.42305530556074e-17,7.06183122625557e-17,1.13502265508508e-16,-2.53046713432305e-18,-4.81436446901745e-17,3.63216946090819e-18,4.68097583724649e-17,6.06938858360068e-17,-4.94167365319609e-17,-5.01495701591398e-17,5.72304353184324e-18,4.01395199503911e-17,-1.99170577603997e-16
"t7",-0.00350276227980413,0.0188477752104142,0.0228126992123048,0.00160171154926951,-0.00406064306651149,0.0018617892323185,-0.00062066176503357,-2.86329869640837e-05,-0.000396634109717021,0.00164770995641671,0.000821011009517273,-0.00627072893810166,0.0102788535572309,0.00428375048138476,0.00993108159450078,0.00225295567006936,0.00591902013513176,-0.000921690143553765,0.00120509713465861,-0.00107123188026285,0.00369317185164818,-0.00132841826877288,0.0040498283968338,-0.00705661354199172,0.00112600527335245,-0.00376134747333975,0.00487892006467888,-0.00640908327365966,0.0381112566449863,-0.32103326563594,0.00185361854544843,-0.0406398192197818,-0.0459327738436449,0.0086630661203001,-0.000759331649920302,-0.000564961328114269,-0.0016873748273062,0.000136685525825358,0.00106067870105085,0.000267841661766055,0.0295835863415151,-0.00092881381330248,0.000628906988236496,-0.000765759702104948,0.00254859073636937,-0.00041829133772836,7.15474141227406e-05,-0.00101673254752134,0.000956603430240526,-0.00166384021370871,0.0011134305428991,-0.00215150149224225,1.22488754970074e-06,-0.000290928563779925,0.000123345635354844,-0.00126851153911065,3.23811253645526e-05,-0.00392053839520575,0.000436137124840671,-2.70301765769862e-05,6.61471501373431e-05,-0.000277044939334199,0.0423262716756286,-0.345405007056164,-0.000477826232579403,0.000901074727421146,-2.96207295788896e-05,0.000950700443074788,-0.00518339544425556,0.00086740264251453,-6.62265501524167e-05,0.000149965933490615,-4.82586855829126e-05,-0.000304871245082674,0.000127002489021645,1.15418261351622e-06,-0.00105269937004342,0.000299731073294797,-0.000471228711235754,-0.000535920385020435,0.000289732591981015,0.00221023420840864,-0.000251677901263409,-0.00115683374564509,6.77760115216176e-05,0.00188172786512451,-0.000272501145962753,-4.28399193856941e-05,-9.52300773857929e-06,0.000360664786957933,-7.83629919901052e-05,1.79354567932111e-06,0.000118331582976229,-0.00102318185781364,-4.95574576178661e-06,-0.000213398195753865,-2.50597171019908e-05,0.000131153048863678,-0.00269633372591116,-0.000335591036554589,-7.17259777076118e-05,4.60690582144837e-06,-9.76181842914889e-05,3.1115575140378e-05,-1.34206767471477e-05,2.10173519296934e-05,-0.000702241755098879,2.39176839451677e-05,-0.00010770278766925,3.51989886179273e-06,0.000228104564986845,0.000197656253370855,-6.06550606202275e-05,5.29848972488804e-05,-1.9124911823418e-06,5.42736857344939e-05,-0.000104770833192612,0.000107998348679531,-0.000106629035354008,0.00050295677964485,-0.000137119557503833,0.000430821607746387,-0.00020428035022442,-0.000560509662125188,2.54533264453685e-05,-0.000260528131706501,2.64950404097776e-05,-5.49746955463629e-05,0.000102762006556238,0.00319969123782982,1.36632299215856e-05,0.000280922837775578,-3.69902854082283e-05,-6.67147716389864e-05,2.83398692441559e-06,0.00010686854087711,-5.81921283769077e-07,-0.000759499381198132,0.000103496571332872,-0.000296707313999851,-1.83009652745687e-05,-0.000539833767044321,0.000145016727779261,9.10167188668541e-06,3.46513788827845e-06,-1.73866445726527e-06,-0.000155523203559126,1.06199039997136e-05,6.80574203133914e-07,-1.59148935360636e-06,-3.3679109026e-05,-7.29982999788013e-06,-2.10049288511136e-05,5.7430453307595e-05,-3.08250258886245e-05,-1.29429240443116e-06,1.91872446168103e-05,-0.000118847196726475,-3.7392106443602e-06,-1.21954327139781e-06,-7.65396832369723e-05,2.21773934815688e-05,-4.86857410968888e-06,-9.56151536296123e-05,5.51960579469324e-05,-3.24056349188391e-05,2.31608429612005e-05,3.88008873835066e-07,1.91906091023604e-05,4.67185024999355e-05,-3.52935866668187e-05,-6.09876484494898e-06,5.38416650176658e-07,1.24831676883459e-06,2.32659042030198e-06,3.41689442202703e-07,1.82819591657413e-07,-1.06715551044866e-06,4.3690968198277e-06,3.17834518968053e-05,-0.00025143187015825,-4.25287281591171e-05,2.13950363155371e-05,4.33179500642158e-08,2.92910188652002e-06,4.39877338981463e-07,6.94852154203827e-05,-2.55769402574632e-05,-0.000116245725494855,0.00016598289165799,5.17471030495602e-06,-1.26229033257106e-05,-5.53392967933988e-05,-1.13967394043342e-07,-2.47371791039158e-05,2.4883693346518e-05,4.99568661811861e-05,4.31009067851717e-05,-4.00907369058677e-05,-6.07757671556753e-05,-6.76216194729693e-05,-0.516462662526701,-2.15590783649305e-06,-0.000119949209968826,-0.000181192311035309,-0.000852061380529411,9.51676404684254e-05,0.000457211166794317,-0.000535489886831251,-2.7725720804513e-06,-0.00161661264770761,0.00050552562553744,-0.00117476406658809,-0.000137101574402698,-1.10766256995699e-05,-6.88728527182358e-05,1.61230637812126e-05,1.99983420409337e-05,-1.65362499295968e-05,-7.78354351874348e-05,-0.00082687340115934,0.000442982660041946,9.54755881791771e-05,0.000785137477447983,-9.37428513611111e-05,-3.63221157451543e-05,-0.000500250571411513,-6.63241282811796e-05,-5.05360334027142e-05,-3.90300213542031e-05,0.000115256178439766,2.33448040957333e-05,1.28098161701169e-05,2.13520292951213e-05,-1.09458273172041e-06,-2.47933889487992e-06,-8.97728836086389e-05,1.01030938865894e-16,-9.80208580736199e-06,0.000139126908244318,-5.41996780156171e-05,-6.78582227016099e-05,-7.59774345165464e-05,1.27966210912603e-05,-1.43068583476948e-05,7.37778700095591e-05,-1.19118641402576e-06,7.71111798809833e-08,-1.74946933882413e-05,0.000175603113885906,-1.03596425837948e-05,0.000569164938101942,-3.50021994630544e-05,1.82604945321893e-06,-1.19185668581885e-07,5.69118870776698e-06,-5.5463545389698e-06,8.77181775456079e-05,2.11940290708349e-05,-4.53571578514936e-06,0.000266506793070358,-4.15079253001464e-05,0.0182759926838443,0.00013557331292803,-8.29030897370286e-08,-1.15685542232418e-07,2.11945536840435e-07,0.000103597070522258,-3.26865322378447e-05,1.7151374782073e-06,1.42668818828313e-06,-1.57953617421352e-06,1.91869260902821e-05,-2.48234334912379e-05,7.90852860605736e-05,-7.58954367391139e-05,5.89350076462939e-05,-4.29892750963526e-06,7.03545561001507e-05,-3.60171043390234e-06,1.39192850306561e-05,5.0426309682785e-17,-3.41648388293709e-05,-1.16991955773549e-06,-1.53007287535394e-09,-1.32184846474806e-05,1.65775838010654e-06,-1.02462167131561e-06,-3.3777118723708e-06,3.78775041973628e-07,-1.60489236824281e-05,5.57551610709344e-05,2.03267344687467e-06,-3.57556281229453e-06,2.30461007812854e-05,-2.78302069176462e-05,8.8111336870663e-05,-1.32302257946721e-05,2.148910316772e-05,7.61265038394968e-07,5.78475323179826e-07,3.08187167352964e-05,-0.000189240153890444,8.32748781510369e-07,-2.25447288215394e-05,6.00132843878756e-05,-0.000217240226669524,6.73415303543442e-06,6.07549856650922e-06,3.48141829513389e-05,-1.10194615121429e-05,-6.20730086434727e-06,7.14576817568639e-06,-6.52274021749952e-05,8.06252757881661e-07,7.4719671934346e-06,-1.43843852151442e-05,0.707106781186549,4.14390208050764e-08,2.48262485281683e-05,-2.23836930820197e-06,1.15547855048254e-05,1.47216521263022e-06,3.01480919156395e-06,6.98793581486403e-06,-0.000202429615720163,3.75378663277959e-05,-4.89092570328018e-16,-2.84294335374656e-05,-2.60868056215539e-07,-9.64004556763024e-07,4.57287139262306e-06,7.18634530405017e-06,-4.82803625099389e-07,-1.83467407686927e-05,4.86937548496333e-06,-2.28319897367455e-05,3.00089056798257e-05,-4.57230473038918e-06,-1.09281323571136e-05,-1.14655117823213e-06,-8.11309358539304e-08,-1.08183221907937e-05,6.46813261387773e-06,-1.16816572541728e-05,5.43241720606476e-16,-3.36231584672282e-05,2.63254488734339e-06,7.58665996706275e-08,6.6022444371304e-07,-2.1593088794679e-05,-4.38875331120054e-05,2.21707688501232e-05,-8.04477566262177e-05,-3.9406683076877e-06,-4.72390288485145e-17,-7.17658665046138e-06,-2.82105162126096e-06,-8.96598701274004e-06,3.51710798722347e-15,1.67465636883419e-05,2.41064965889879e-05,-3.67453466114327e-06,-1.36757057593947e-05,-4.54406620011366e-06,-2.43206225562996e-06,-0.000171426154172123,2.38715817034228e-06,1.91276540634342e-05,1.05562436426724e-06,5.1518334319107e-06,7.43199588730066e-06,-1.04342151078147e-16,-2.92051849076719e-06,9.56570132720078e-06,4.65286169466585e-05,-6.18100148703098e-06,-9.94390449545776e-19,-1.17717071169679e-05,1.08331800396369e-06,-2.60906005445749e-06,-1.74680769526361e-06,-5.8413706599156e-06,6.15502680375277e-06,-0.000160843985210299,1.10610315067674e-05,1.05536303892293e-16,3.9660741155629e-05,-7.57471452220463e-06,2.1033207657625e-05,4.88033104243248e-05,-9.87957576691097e-06,-3.324595259369e-08,8.32667268468867e-17,-1.09183043866279e-16,-3.19318039408216e-08,-4.05675026783601e-06,5.34580741538991e-07,-5.38065467191185e-06,1.62465734324751e-14,-2.53818480335267e-06,-2.989633791936e-08,-4.48159296170272e-16,3.074308463352e-17,2.24352496756805e-16,6.28952654927443e-06,3.67368656927381e-05,-2.01442828623338e-05,1.57073284643349e-05,7.82697190208437e-06,3.17987637014149e-05,-6.95137924353865e-06,-7.2911557100618e-15,-1.51228957808481e-06,4.23825355351378e-06,-8.38308287735333e-18,-7.55719013735001e-17,-2.63916267104849e-06,-1.41887967885197e-09,-1.55331149372725e-06,8.42964107463819e-06,1.52295302381656e-06,-5.69601314892086e-07,-1.22527348302099e-15,-1.91371796601963e-06,-1.41811974080563e-16,-6.50420405190463e-06,-1.69135538907739e-17,-1.69625782875524e-06,5.53392073143426e-17,6.94854276119852e-06,1.82886896773756e-06,7.5612616150264e-07,9.92296783932745e-06,4.91294047233613e-06,-5.62590556029785e-07,3.56060315729703e-06,2.43368253819286e-06,5.97768863695981e-06,5.50132081157405e-07,1.23633541244363e-06,-3.4695394999306e-06,-5.93251523135051e-06,-4.80441642373511e-07,-1.65071151552388e-06,-9.5797820188841e-18,1.54112200552959e-05,-2.65007069822885e-06,1.36162378432234e-06,1.54701955608564e-15,2.38139014965192e-07,6.43490496992189e-06,4.55038169337712e-05,6.67700464355181e-17,-5.56178947148764e-06,-2.95115388965083e-06,-3.33238915580858e-17,-7.71403299983419e-06,8.63690550806835e-06,2.319347023101e-17,9.37446688681421e-18,-3.16152984829622e-07,-1.69704903237231e-06,-9.66310949538344e-09,-1.33974429246225e-05,3.55156746054909e-06,1.044502105469e-06,1.00603459765907e-06,9.27159944763369e-06,-2.07725614431303e-05,3.07913416985883e-17,4.28112226561907e-08,2.94593588833483e-08,8.12628471204896e-08,7.60069800729606e-06,-4.55809212122594e-17,-1.53095194620987e-17,2.49812840684048e-06,-1.85278653546494e-17,-2.06908369716678e-16,1.17808982940544e-05,-3.42313570371532e-05,-3.21390024326114e-06,-1.74423494388447e-07,8.32209040830037e-05,4.43015164323675e-05,5.95079398534201e-07,-2.75838798736417e-17,1.37730465762497e-06,6.42813541144266e-08,2.94902362152822e-07,-2.96426955751714e-06,1.16811764385439e-05,1.81082975331799e-16,1.30910397564866e-16,1.97004246820906e-15,-1.0196597290258e-06,-4.88828212747898e-07,-2.846900485913e-06,-1.96316918706463e-15,-3.74663200355305e-07,-5.19085866495805e-17,-9.5967265165674e-17,0.000828989977081699,-8.74393509452411e-07,2.16840434497101e-16,-3.22381663590621e-06,-1.67232997047487e-06,4.24619761440655e-16,3.79243367580782e-06,3.6425281446035e-16,1.34138223699965e-06,-1.07160315940122e-16,1.33863634187928e-06,2.29180165526016e-05,4.19044210633483e-07,3.94397867659561e-07,2.70770005203833e-06,-1.35192914642659e-06,3.72740158629729e-06,4.74145264851377e-18,2.44557454548453e-05,-1.38006408240408e-06,-6.03500363910928e-17,-1.81764834390324e-07,-7.32384979211436e-06,8.59735890618701e-07,-4.00095919268842e-17,5.44399016063516e-06,3.637998356357e-06,-1.04421351183522e-16,-9.08542275138787e-06,-2.00919200079857e-06,-1.04555829380581e-07,-1.26060974243168e-16,1.54077199745891e-16,3.68921636144854e-06,5.70733414393083e-07,4.61677639114765e-08,-7.39962083325325e-07,3.36866124616082e-07,2.88694144947578e-17,1.90955898182932e-16,1.2293778424782e-06,8.47363435832952e-09,-8.73136260762432e-17,2.96910309128774e-06,-8.62280669721597e-17,1.53535361311878e-06,-5.67403165482747e-07,-3.31508684038951e-07,-2.19727426805982e-06,-3.56980009939561e-15,1.08425617562046e-16,-2.18866651864498e-17,-4.12948626392e-16,-1.76218135838459e-07,-6.1114713711473e-07,-1.05638566479961e-16,1.51834195835081e-16,2.6462030866315e-17,8.5972177556329e-07,7.72407575181906e-09,-4.25018370234914e-07,2.49485333790433e-17,1.07390225184689e-16,-2.51101223147643e-16,-3.59579473390152e-05,5.5592001501629e-07,-2.30485275792931e-17,9.7565574857594e-08,-2.55145644507677e-06,-2.17600944460605e-17,2.91471611395986e-17,-1.76175263208599e-06,-3.56758488969723e-08,-8.72311416358841e-07,-2.4901013861086e-17,1.93848817248672e-06,1.42773126090949e-06,1.53103824904641e-06,-1.39450943315438e-06,-3.75323325868466e-06,6.1069670727339e-08,6.60007515612295e-17,-5.40144613896918e-17,1.20193056705663e-16,1.15849214539169e-06,-1.04888315329087e-06,-3.9523016240613e-07,-6.13599388415627e-07,-6.0713811065816e-17,1.98605005567689e-16,1.06439944169366e-16,-1.74049530503168e-16,-7.65552359090023e-17,1.48011852749651e-06,-1.04560429739411e-16,-2.22256569975088e-17,-2.39489078815903e-07,5.00421214806537e-18,-2.14377263345293e-07,-1.60452660059978e-17,-2.65766590774658e-07,-5.47229876667477e-18,-3.21579522986865e-07,-4.02376311496997e-08,-3.66945804330207e-06,9.84703058706934e-16,1.29080419980846e-06,-7.23230098154993e-18,1.83019101220923e-06,-3.21591846511945e-06,3.51551232580134e-08,-1.13200614219275e-17,2.59464000136757e-06,4.31414651451013e-17,-6.37364610480363e-07,-7.10540572924934e-06,-8.17071704717488e-17,-3.37169070925158e-17,5.10414893937822e-17,-4.60481535254848e-17,-1.20692723083326e-08,-1.57145109246491e-07,-3.5084353035942e-08,7.57935858689861e-17,3.85688535052202e-17,-3.70626810728242e-07,3.02317677955237e-06,1.50619885928784e-16,-8.69181072283701e-18,-1.59633497130531e-07,5.63102708966406e-19,-1.13108278571937e-06,1.08653091788251e-17,2.1078652891566e-05,3.45897202277212e-17,-1.35738749884466e-16,1.38890648205842e-17,7.06952615797528e-19,-6.95612931764578e-18,1.5279827748931e-16,2.04816128701792e-07,-1.43238018549444e-06,2.66324310188826e-17,-1.87691478395181e-06,3.61477836352614e-06,3.2910110887226e-17,-2.34634428511297e-18,1.71827664348387e-16,3.96488786111805e-17,3.56141706858554e-07,5.69471661067407e-08,2.53951738044186e-17,-4.78774424368249e-17,-6.46591810283651e-07,-4.55436496315803e-06,-3.49131988257593e-08,-1.65624745395181e-17,-1.16522826115646e-16,-1.673560510957e-17,-4.18231285410709e-17,-1.58526391319835e-16,4.06421644841658e-16,1.36078294308067e-06,-1.28691060391471e-06,-2.47423995628839e-07,1.08592818951244e-17,-6.01418692323836e-17,2.59661021865215e-18,-2.41746842668556e-17,-9.32777563450257e-17,2.25667825330627e-17,-4.5309270814467e-17,-4.78782826462119e-17,1.70193692503758e-17,1.39096407126206e-17,-6.24846604526218e-17,-1.43772691295901e-17,1.31740091380051e-17,-1.38664262587212e-17,1.35406746075293e-07,3.12701067292153e-16,-2.15974512727638e-16,-8.93917044139766e-17,1.91601231438631e-06,-2.30751280768429e-08,6.13639031384358e-17,-4.94426639965799e-08,1.74997213977522e-06,-9.79277389485269e-18,1.08968426190309e-15,-6.65769909754675e-06,5.87446974488536e-17,4.30312282520098e-08,-4.58835517191183e-17,-4.90115814537748e-17,1.27277028549784e-17,7.50716370262699e-17,4.20627475109584e-08,-1.13998724585023e-05,-2.05048448957221e-16,-1.55011154408198e-16,9.40849302205928e-18,-2.15505213158338e-16,2.37223435339828e-16,1.38345389158077e-17,1.5796684636061e-16,-3.16811426564239e-17,6.92050488704937e-08,2.83554395341558e-18,1.35468812739345e-18,4.06827078167477e-17,2.01146282213266e-17,7.86418383704307e-18,-9.32968001769241e-17,-1.36396274895844e-06,2.21818721623115e-17,3.12151825696497e-17,2.00668308782203e-06,1.11025720178092e-17,2.21729496139552e-16,-3.56731324090007e-17,-1.81690278036424e-16,8.46088773971843e-07,5.14329795989509e-18,-6.24302903416614e-07,1.49637266896431e-18,6.54821154881034e-17,1.54073847045266e-16,-2.55287259972974e-16,2.89325746145578e-17,-2.37210896705181e-17,2.2541325532688e-08,-2.62008513003284e-16,-8.93212299270611e-19,1.27092146933702e-07,-2.81221639851933e-06,8.00624178177066e-17,1.96901038085383e-06,2.88340563530135e-07,2.52789709098712e-17,5.60168368812543e-17,-1.84522300051593e-16,-1.16989254388319e-17,-9.47048260822626e-17,-4.83187467891121e-07,-1.8684225399556e-16,1.86165035332117e-16,5.52357078734908e-18,1.93328801417236e-07,8.25399891101979e-18,-7.2328780558113e-17,-5.61270676322501e-17,-3.24820243948703e-17,-8.80127811318729e-08,9.50541293920671e-19,2.64742494702732e-08,-3.53518974578074e-16,4.52851578718109e-16,2.14278416792244e-17,-1.66103010101331e-17,1.86458612671833e-20,2.27837038818579e-18,-1.01404283898084e-17,-4.58704648233884e-07,-5.43922075700279e-17,-2.57123548417323e-17,1.92779429883235e-07,-4.0276887144484e-17,-7.77761095226635e-18,4.49162127945146e-17,5.93387492516029e-17,3.61730015131756e-17,-5.76380816634981e-17,-2.75422104497369e-06,1.78674603177127e-17,-1.65264226414773e-16,4.15511096641287e-07,1.42969404409728e-16,8.19321374789466e-17,-4.72309690608872e-20,2.46610583964245e-17,2.1049752798257e-16,-2.77193219800376e-16,-4.40389749332493e-17,-1.84265455676624e-17,6.87422884695821e-17,-2.84456662106456e-16,2.21664545172925e-17,-2.17622324351907e-07,7.215013358825e-07,-2.51208897141018e-17,-7.02239408707988e-17,-7.08649728563369e-18,-7.99392159050027e-17,-3.42607886505419e-17,8.83384218717917e-18,2.27265145884145e-17,3.07072569464038e-17,-6.24571587651411e-08,-5.80469604311479e-17,-1.85863365792332e-17,-1.65534434910966e-18,3.5112770921009e-18,1.5762361580623e-07,-9.98240288828557e-17,-1.26595067743693e-08,-5.00496414321504e-17,-1.8354060570048e-17,5.83672112156414e-17,-4.13843628602956e-17,-1.90341024958395e-17,-1.89108892508424e-16,-1.53358626580974e-17,2.31797490886474e-19,8.11188958508545e-18,-2.60695565262171e-17,6.13303655032319e-17,3.22940911673694e-17,-9.64543012561618e-17,1.76659246852364e-17,-5.29217627507051e-17,-2.70148698847602e-17,5.66778277030716e-18,-8.52199403199958e-17,-2.95055905373349e-17,-1.5436678098041e-17,-1.73472347597681e-17,-8.51515169095381e-18,-1.96100627366026e-16,2.83512248249634e-17,5.93386487753441e-17,6.00485928524126e-09,-5.69226515160375e-17,7.68557619851242e-17,-2.30844832334487e-17,-4.21691842990282e-17,1.00208596829659e-16,-1.5776253857338e-17,-4.09473189575015e-17,1.84169745045332e-16,1.19599541908701e-16,3.89195265717359e-17,-1.29670579829266e-16,7.96182523346064e-17,1.67396175277207e-17,-1.19032194369854e-16,-4.0902358074936e-17,8.81771565831263e-17,-4.2911509541977e-17,-7.71380262287696e-08,1.1282588349603e-18,1.67166853534162e-16,-1.11665771390628e-17,7.79120574494547e-17,-1.21469843746463e-16,-9.63097708691653e-18,-5.18246287575322e-17,-2.89143167998493e-17,3.37554522659678e-18,1.63129950136312e-08,2.20910519224531e-16,-5.96656340944493e-18,6.29244988177401e-17,9.92011757872119e-18,1.91332787110302e-17,1.92982890061994e-17,-9.80523268227827e-17,-1.6956096710382e-16,-2.36961010659074e-17,-3.49628621502173e-17,2.7443730559399e-17,-8.2230267541452e-18,3.91671455194526e-17,8.21497621815082e-08,-6.93708450148752e-17,-1.26424000337523e-17,-3.80230588093269e-17,-6.99093560818653e-16,-4.87101380743632e-07,2.62276267759626e-17,1.46782008595381e-16,-2.41376194664585e-17,-7.0276396819459e-17,-3.48884230725386e-17,4.06558914965869e-17,2.1021874928667e-16,-5.34698418939434e-18,6.35995995265896e-18,-4.55780901581376e-17,2.50404301845911e-17,3.25624417508145e-16,-5.15709104922051e-17,-2.60048653847775e-17,-2.70742108916662e-17,8.50785518097803e-17,-2.84510688058608e-16
"t134",-0.00350276227980413,0.0188477752104142,0.0228126992123048,0.00160171154926951,-0.00406064306651149,0.0018617892323185,-0.000620661765033569,-2.86329869640816e-05,-0.000396634109717008,0.00164770995641671,0.000821011009517257,-0.00627072893810165,0.0102788535572309,0.00428375048138473,0.0099310815945008,0.00225295567006936,0.00591902013513177,-0.000921690143553771,0.00120509713465861,-0.00107123188026283,0.00369317185164819,-0.00132841826877288,0.00404982839683382,-0.00705661354199174,0.00112600527335246,-0.00376134747333975,0.00487892006467888,-0.00640908327365966,0.0381112566449863,-0.32103326563594,0.00185361854544842,-0.0406398192197818,-0.0459327738436449,0.00866306612030011,-0.0007593316499203,-0.000564961328114255,-0.00168737482730617,0.000136685525825345,0.00106067870105082,0.000267841661766047,0.0295835863415151,-0.000928813813302469,0.000628906988236444,-0.000765759702104957,0.00254859073636938,-0.000418291337728345,7.15474141227762e-05,-0.00101673254752132,0.000956603430240552,-0.00166384021370873,0.0011134305428991,-0.00215150149224221,1.22488754971822e-06,-0.000290928563779958,0.000123345635354868,-0.00126851153911069,3.2381125364616e-05,-0.00392053839520573,0.000436137124840631,-2.70301765769927e-05,6.61471501373418e-05,-0.000277044939334111,0.0423262716756285,-0.345405007056165,-0.000477826232579429,0.000901074727421255,-2.96207295788813e-05,0.000950700443074762,-0.00518339544425563,0.000867402642514518,-6.62265501524152e-05,0.0001499659334906,-4.82586855828685e-05,-0.000304871245082555,0.000127002489021605,1.15418261340941e-06,-0.00105269937004343,0.000299731073294852,-0.000471228711235787,-0.000535920385020423,0.000289732591981021,0.00221023420840853,-0.00025167790126343,-0.00115683374564503,6.77760115216233e-05,0.0018817278651246,-0.00027250114596269,-4.28399193855721e-05,-9.52300773868516e-06,0.000360664786957905,-7.83629919901044e-05,1.79354567935233e-06,0.000118331582976172,-0.00102318185781368,-4.95574576176639e-06,-0.000213398195753833,-2.50597171020422e-05,0.000131153048863719,-0.0026963337259111,-0.000335591036554616,-7.17259777075607e-05,4.60690582139629e-06,-9.76181842914592e-05,3.11155751403806e-05,-1.34206767471513e-05,2.10173519295959e-05,-0.000702241755098898,2.39176839452173e-05,-0.000107702787669246,3.5198988617988e-06,0.000228104564986902,0.000197656253370961,-6.06550606201619e-05,5.29848972489605e-05,-1.91249118239047e-06,5.42736857347283e-05,-0.000104770833192753,0.000107998348679594,-0.000106629035354051,0.000502956779644794,-0.00013711955750369,0.00043082160774646,-0.000204280350224434,-0.000560509662125187,2.54533264453433e-05,-0.0002605281317065,2.64950404098106e-05,-5.49746955463486e-05,0.000102762006556213,0.0031996912378297,1.36632299215993e-05,0.000280922837775604,-3.69902854081928e-05,-6.67147716390089e-05,2.83398692426396e-06,0.000106868540877013,-5.81921283763974e-07,-0.000759499381198191,0.000103496571332835,-0.000296707313999852,-1.83009652745266e-05,-0.000539833767044433,0.000145016727779299,9.10167188669075e-06,3.46513788856839e-06,-1.73866445725549e-06,-0.000155523203559006,1.06199039996567e-05,6.80574203026659e-07,-1.59148935358972e-06,-3.36791090259493e-05,-7.29982999794958e-06,-2.10049288511078e-05,5.74304533076596e-05,-3.08250258886302e-05,-1.29429240444161e-06,1.91872446168556e-05,-0.000118847196726315,-3.73921064435383e-06,-1.21954327133129e-06,-7.65396832369005e-05,2.21773934816135e-05,-4.86857410962918e-06,-9.5615153629689e-05,5.51960579467116e-05,-3.2405634918748e-05,2.31608429611519e-05,3.88008873963079e-07,1.91906091024048e-05,4.6718502499879e-05,-3.52935866666842e-05,-6.09876484482618e-06,5.38416650081153e-07,1.24831676874645e-06,2.32659042031851e-06,3.41689442192805e-07,1.82819591656752e-07,-1.06715551050022e-06,4.36909681984075e-06,3.17834518965532e-05,-0.000251431870158273,-4.25287281591543e-05,2.13950363155669e-05,4.33179499838128e-08,2.92910188652451e-06,4.39877339028961e-07,6.94852154202713e-05,-2.55769402572981e-05,-0.000116245725494779,0.000165982891658147,5.17471030495557e-06,-1.26229033259788e-05,-5.53392967936399e-05,-1.13967393980296e-07,-2.47371791039794e-05,2.48836933464269e-05,4.99568661812724e-05,4.31009067851886e-05,-4.00907369058203e-05,-6.07757671557543e-05,-6.76216194730192e-05,-0.516462662526703,-2.15590783642254e-06,-0.000119949209968803,-0.000181192311035266,-0.000852061380529471,9.51676404684949e-05,0.000457211166794473,-0.000535489886831433,-2.77257208041254e-06,-0.00161661264770795,0.000505525625537617,-0.00117476406658789,-0.000137101574402624,-1.10766256997634e-05,-6.88728527184963e-05,1.61230637806943e-05,1.99983420407423e-05,-1.65362499294944e-05,-7.7835435187553e-05,-0.000826873401159263,0.000442982660041814,9.547558817904e-05,0.00078513747744798,-9.37428513611418e-05,-3.6322115745247e-05,-0.000500250571411631,-6.63241282810813e-05,-5.05360334028425e-05,-3.90300213541186e-05,0.000115256178439479,2.33448040957982e-05,1.28098161699208e-05,2.13520292948662e-05,-1.09458273171503e-06,-2.47933889470347e-06,-8.9772883608606e-05,1.45662932498067e-16,-9.80208580791036e-06,0.000139126908244505,-5.41996780155081e-05,-6.78582227013459e-05,-7.59774345166871e-05,1.27966210914376e-05,-1.43068583477844e-05,7.37778700094937e-05,-1.19118641402385e-06,7.71111798559793e-08,-1.74946933881753e-05,0.000175603113886381,-1.03596425838251e-05,0.00056916493810211,-3.50021994630451e-05,1.82604945349789e-06,-1.19185668643251e-07,5.69118870806316e-06,-5.54635453872159e-06,8.77181775459864e-05,2.11940290711928e-05,-4.53571578529428e-06,0.000266506793070367,-4.15079252998729e-05,0.0182759926838443,0.000135573312927936,-8.29030895609073e-08,-1.15685542201198e-07,2.11945536846812e-07,0.000103597070522281,-3.26865322383973e-05,1.71513747833892e-06,1.42668818838967e-06,-1.57953617437574e-06,1.91869260904337e-05,-2.48234334933755e-05,7.90852860605761e-05,-7.58954367388622e-05,5.89350076460749e-05,-4.29892750942729e-06,7.03545561003634e-05,-3.60171043429441e-06,1.39192850291931e-05,1.69570412454721e-17,-3.41648388291577e-05,-1.16991955741987e-06,-1.53007280628671e-09,-1.3218484647289e-05,1.65775838030078e-06,-1.02462167115698e-06,-3.37771187258738e-06,3.78775041825958e-07,-1.60489236828944e-05,5.57551610711785e-05,2.03267344635075e-06,-3.57556281213445e-06,2.30461007808036e-05,-2.7830206917389e-05,8.81113368698636e-05,-1.3230225794772e-05,2.14891031678102e-05,7.6126503819934e-07,5.78475323221878e-07,3.08187167351647e-05,-0.000189240153888711,8.32748780533885e-07,-2.25447288224792e-05,6.00132843876728e-05,-0.000217240226668263,6.73415303536218e-06,6.07549856843498e-06,3.48141829490508e-05,-1.10194615119462e-05,-6.20730086301654e-06,7.14576817595614e-06,-6.52274021694643e-05,8.06252754706295e-07,7.47196719114269e-06,-1.43843852159139e-05,-0.707106781186548,4.14390205266879e-08,2.4826248529617e-05,-2.23836930616193e-06,1.15547855067966e-05,1.47216521151661e-06,3.01480919255207e-06,6.98793581759279e-06,-0.000202429615718261,3.75378663252762e-05,7.59042576889476e-16,-2.84294335368855e-05,-2.60868055416833e-07,-9.64004560548201e-07,4.57287139229146e-06,7.18634530328303e-06,-4.82803627802319e-07,-1.83467407681279e-05,4.86937548575833e-06,-2.28319897354246e-05,3.00089056804153e-05,-4.57230473028194e-06,-1.09281323559867e-05,-1.14655117838292e-06,-8.11309368065104e-08,-1.08183221897767e-05,6.46813261361097e-06,-1.16816572546801e-05,-5.03067790303637e-16,-3.36231584664395e-05,2.63254488779658e-06,7.5866599351896e-08,6.60224445630707e-07,-2.15930887949944e-05,-4.38875331119747e-05,2.2170768849123e-05,-8.04477566263174e-05,-3.94066830834785e-06,5.54780145540233e-17,-7.17658665044116e-06,-2.82105162074283e-06,-8.96598701424529e-06,2.59496245407198e-15,1.67465636880165e-05,2.41064965889906e-05,-3.67453466071207e-06,-1.36757057594971e-05,-4.54406620025322e-06,-2.43206225632131e-06,-0.00017142615417225,2.38715817058635e-06,1.9127654062668e-05,1.05562436527666e-06,5.15183343200476e-06,7.43199588587374e-06,5.94494717657055e-17,-2.920518491346e-06,9.56570132772561e-06,4.65286169465191e-05,-6.18100148713106e-06,-1.07522853967504e-16,-1.17717071168623e-05,1.08331800405649e-06,-2.60906005420224e-06,-1.74680769514474e-06,-5.84137065984833e-06,6.15502680358068e-06,-0.000160843985210571,1.10610315071613e-05,-1.27263060544627e-16,3.9660741155388e-05,-7.5747145228094e-06,2.10332076572985e-05,4.88033104241426e-05,-9.87957576707956e-06,-3.32459523382122e-08,-5.759281940243e-16,7.3796580402572e-17,-3.19318047301101e-08,-4.05675026681322e-06,5.34580741330152e-07,-5.38065467138648e-06,1.61032528457902e-14,-2.53818480337783e-06,-2.98963380491863e-08,3.02325424365612e-16,-1.48449841626514e-18,-1.3459217983757e-17,6.28952654939264e-06,3.67368656923482e-05,-2.01442828617021e-05,1.57073284649575e-05,7.82697190214243e-06,3.17987637012581e-05,-6.95137924346076e-06,-7.28496656952585e-15,-1.51228957802015e-06,4.23825355335458e-06,3.24899736402154e-16,2.16322520448846e-16,-2.63916267102602e-06,-1.41887921902313e-09,-1.55331149414094e-06,8.42964107486795e-06,1.52295302367589e-06,-5.69601314645451e-07,-9.84634810837817e-16,-1.91371796616674e-06,1.73583575956993e-16,-6.50420405210936e-06,2.5804011705155e-17,-1.69625782866956e-06,1.24823206178319e-17,6.9485427607655e-06,1.82886896732536e-06,7.56126161040018e-07,9.92296783905396e-06,4.91294047223411e-06,-5.62590556025223e-07,3.56060315671747e-06,2.43368253810418e-06,5.97768863745366e-06,5.50132081001154e-07,1.23633541225062e-06,-3.4695394998757e-06,-5.93251523084989e-06,-4.80441642316105e-07,-1.65071151511989e-06,1.28706559720289e-17,1.5411220055328e-05,-2.65007069812992e-06,1.36162378390742e-06,1.52712580790764e-15,2.38139015069612e-07,6.43490496969092e-06,4.55038169338711e-05,-8.19505272346571e-17,-5.56178947131416e-06,-2.95115389005504e-06,1.1729092740229e-16,-7.71403299958475e-06,8.63690550725418e-06,9.57893602797041e-18,-3.57291223445973e-17,-3.16152984918023e-07,-1.69704903158341e-06,-9.66310955117022e-09,-1.33974429246983e-05,3.55156746059091e-06,1.04450210554483e-06,1.00603459790642e-06,9.27159944789086e-06,-2.07725614430305e-05,2.27031934918465e-16,4.28112226171339e-08,2.94593589941123e-08,8.12628471505137e-08,7.60069800742367e-06,-9.77895653362098e-17,1.75800032806556e-17,2.49812840670082e-06,3.33584178556181e-17,-3.50158138952395e-16,1.17808982944658e-05,-3.4231357037087e-05,-3.2139002430569e-06,-1.74423494356128e-07,8.32209040827904e-05,4.43015164323267e-05,5.95079398460182e-07,2.90155454297482e-17,1.37730465762324e-06,6.42813536944604e-08,2.94902362158378e-07,-2.96426955741962e-06,1.16811764385218e-05,2.44996712863958e-16,-5.65164204650052e-17,2.11760238285146e-15,-1.01965972872173e-06,-4.88828212695569e-07,-2.84690048601356e-06,-2.13317212821072e-15,-3.74663200203186e-07,-2.74549502769476e-16,6.86656196044623e-17,0.000828989977081695,-8.74393509487652e-07,2.62810606610486e-16,-3.22381663595503e-06,-1.67232997055299e-06,7.97056760216592e-16,3.79243367549761e-06,3.15390906880591e-16,1.34138223690258e-06,8.93507810509755e-17,1.33863634179152e-06,2.29180165527914e-05,4.1904421064577e-07,3.94397867564614e-07,2.70770005215448e-06,-1.35192914613863e-06,3.72740158622182e-06,-2.43747474132318e-17,2.44557454545216e-05,-1.38006408227552e-06,1.23752038798931e-16,-1.81764834398104e-07,-7.32384979203232e-06,8.59735890354736e-07,2.0542413532882e-17,5.44399016068459e-06,3.63799835636e-06,7.61037079056493e-17,-9.08542275116056e-06,-2.00919200079814e-06,-1.04555829392736e-07,5.79330030730417e-17,-1.5551302732363e-16,3.68921636160496e-06,5.70733414199516e-07,4.61677639195432e-08,-7.39962083370685e-07,3.36866124594928e-07,-2.72420897904143e-18,-6.96863178080625e-17,1.22937784245068e-06,8.47363445819073e-09,1.32982100101271e-17,2.96910309140552e-06,4.25117467020608e-17,1.53535361321368e-06,-5.67403165680711e-07,-3.31508684152002e-07,-2.19727426807876e-06,-3.54992920986081e-15,-1.24679069646021e-16,1.9748799471463e-17,-3.63612490039945e-16,-1.7621813588263e-07,-6.11147137164141e-07,-8.9272194796519e-18,-2.09205349881684e-16,-2.19679675115021e-16,8.5972177573107e-07,7.72407592487593e-09,-4.25018370187617e-07,-2.47459033542537e-17,-2.13099937002026e-16,1.39428399381636e-16,-3.59579473389996e-05,5.55920014974048e-07,7.92271636746309e-17,9.75655747364647e-08,-2.5514564451092e-06,5.53451676624952e-18,-2.78784655902551e-17,-1.76175263220945e-06,-3.56758489262281e-08,-8.723114161913e-07,1.32630828731487e-17,1.93848817213521e-06,1.42773126110508e-06,1.53103824887486e-06,-1.39450943311518e-06,-3.75323325860151e-06,6.10696707021769e-08,2.11147737715603e-17,2.71625636838949e-16,-1.12151732068679e-16,1.15849214542672e-06,-1.04888315323185e-06,-3.95230162538746e-07,-6.13599388279837e-07,-6.44525716817916e-18,-2.06774994596677e-16,2.94549012877387e-16,1.85562154737148e-16,4.53090884983146e-17,1.48011852739456e-06,-3.90171276170846e-17,1.27510877154721e-17,-2.39489078888909e-07,-1.99338350660139e-17,-2.14377263233218e-07,3.49840678342295e-17,-2.65766590675648e-07,-1.89589679352264e-17,-3.21579523180815e-07,-4.02376311599379e-08,-3.6694580432033e-06,9.99001237900651e-16,1.29080419972099e-06,-5.04479846777443e-18,1.83019101231493e-06,-3.21591846515897e-06,3.51551232282988e-08,1.28270975767059e-16,2.59464000143738e-06,-5.17388663443976e-17,-6.37364610696562e-07,-7.10540572929967e-06,-1.49959294774842e-16,-8.24664230694338e-18,-2.11691028401687e-17,-3.2559529992304e-17,-1.20692723720074e-08,-1.57145109246018e-07,-3.50843530958085e-08,-1.2947112471316e-17,-1.32662513575829e-17,-3.70626810607667e-07,3.02317677979176e-06,-1.03218971279785e-16,-3.26761321666352e-17,-1.59633497206431e-07,1.1114034894121e-16,-1.13108278567858e-06,6.83720697639151e-17,2.10786528915435e-05,-6.40756569293388e-17,-1.79111787662483e-16,-2.14920216937087e-17,-2.48795441373666e-17,-1.22480460829759e-17,1.26723215241024e-16,2.0481612850056e-07,-1.4323801854396e-06,6.54681425685228e-17,-1.87691478397893e-06,3.61477836347106e-06,-4.46934379784071e-17,5.79516033680482e-17,2.88859206356546e-16,7.73944820020924e-18,3.56141706562892e-07,5.69471662493817e-08,-1.18803710633841e-16,-1.64789516508301e-16,-6.46591810431146e-07,-4.55436496317577e-06,-3.4913198856463e-08,7.34158743047954e-18,-8.35461777536074e-17,3.16386908420772e-18,2.16472831646924e-17,1.30698096423654e-16,-3.63647600060677e-16,1.3607829430727e-06,-1.28691060396513e-06,-2.47423996043413e-07,-5.77225341372348e-18,4.29828722907504e-17,3.88643987931971e-17,6.76110926020608e-17,-2.27390477491642e-17,-3.99617121663466e-18,2.3771676875941e-17,3.78800264674286e-17,-1.0755040870155e-17,2.68588932103298e-17,1.27020957471748e-16,1.00331224942771e-16,8.39312522612788e-18,1.39561020179274e-17,1.35406746084271e-07,3.85000465149936e-16,1.72603545928772e-16,-9.73669583694914e-17,1.91601231447503e-06,-2.30751280413929e-08,-2.31859207039507e-17,-4.94426637563197e-08,1.74997213983342e-06,3.85158859405872e-18,1.11895768941493e-15,-6.65769909764169e-06,5.6601749855913e-17,4.30312283544597e-08,-8.35615683657699e-17,7.01490497603255e-18,-4.83574036718686e-18,-1.0180441435464e-16,4.20627473071311e-08,-1.13998724585215e-05,-1.73823426603717e-16,-5.46518353669082e-17,-1.14644520268301e-17,-1.37117396076933e-16,-9.99634403031635e-17,1.15362073534876e-17,-6.19562757714598e-17,4.88352087558543e-17,6.92050486650915e-08,-1.78273904526078e-17,1.36126895520151e-17,6.62744334858988e-17,3.33961940216763e-17,-8.62303962151733e-18,1.07662795909509e-17,-1.36396274899213e-06,-2.95753128967942e-18,-1.02817019344236e-16,2.00668308782912e-06,-6.99051481924253e-17,-7.73272609893815e-17,1.12505928579481e-17,1.03251842747097e-16,8.46088774084803e-07,-5.73224347986862e-17,-6.24302903376144e-07,2.17166829836708e-18,6.24991931301072e-17,1.16980580556492e-16,-2.52047358949726e-16,-1.90818960611586e-17,1.16357831322177e-16,2.25413254208877e-08,-2.28181717691863e-16,-1.65868964911151e-17,1.27092146912124e-07,-2.81221639844381e-06,4.85561734539102e-17,1.96901038086961e-06,2.88340563506212e-07,3.61008417161198e-18,-6.47632853368413e-17,-7.50177250429526e-17,1.11621401526104e-17,5.79543135929245e-17,-4.83187467757587e-07,1.41454096727291e-16,1.04965068876532e-16,2.80971478824006e-17,1.93328801390999e-07,1.19493123427195e-16,1.56225292952854e-16,8.05026918858135e-17,-3.24425050210435e-17,-8.80127810730719e-08,4.7592827127581e-17,2.64742494741543e-08,-1.12133987814904e-16,1.39733991319131e-16,-8.41785392193684e-17,-1.79023505704979e-18,-1.8778453780818e-18,-1.35841653037247e-17,-2.06058158195715e-17,-4.58704648214843e-07,3.90085057198671e-17,-1.336187375144e-17,1.92779429844783e-07,-3.206497600833e-17,1.93222565778323e-18,-9.98202364659798e-17,-4.93313919356788e-17,4.00336002960887e-17,1.16337073362264e-17,-2.75422104500411e-06,3.82111457432302e-17,-4.10141474450666e-17,4.15511096606552e-07,-7.50637325127702e-17,-8.04444008729282e-17,-3.3915307625677e-17,-1.793216260373e-18,-9.92863226427061e-17,-1.91324745404619e-16,3.3051586964742e-17,-1.50794216010258e-17,-4.40149708745766e-17,3.03512229710125e-16,5.76571854519372e-17,-2.17622324327933e-07,7.21501336054265e-07,1.64583731250795e-17,8.05238544403404e-17,6.55730277151622e-18,9.89673652963453e-17,2.74086309204336e-16,5.4020386609818e-17,-8.40026364514595e-18,2.5453961806805e-17,-6.2457158752147e-08,3.16291221020085e-17,-1.12221038402637e-17,-2.46166298568288e-17,-1.57831299818577e-17,1.5762361585806e-07,-8.07817233340908e-18,-1.26595065356278e-08,-9.29255368698605e-17,1.88855758913929e-16,-1.19967172984878e-16,1.1135999127234e-17,5.00383526562373e-17,1.49063660026366e-17,1.10451557668053e-17,1.05726769666218e-17,-7.0129197897662e-18,-6.17194742521458e-19,-3.43023829996235e-17,-9.31904756890582e-18,1.42117319493731e-16,-1.65508506972795e-18,5.30087034835329e-17,4.67521209777597e-17,-4.94917795501665e-18,3.07895107263692e-17,-5.81120666622096e-18,5.79915560737987e-17,3.59955121265187e-17,-8.1935833481394e-18,3.85749328684612e-17,-4.08652990218404e-17,1.69255897624882e-16,6.00485923730962e-09,-4.34737076492067e-17,-2.15897952765604e-17,2.85179721299004e-17,-1.39467594764083e-16,-4.96679653442658e-17,-7.19188408037476e-17,-7.65728465800719e-17,-2.22592381066879e-16,-1.39581375891735e-16,-2.76539212736505e-17,-2.09034178855205e-16,-7.70662698258334e-17,1.26845714077356e-17,6.04931625543733e-17,-5.36419909504099e-17,-1.21088542511952e-16,3.81052866229202e-17,-7.71380265123999e-08,-4.90357531250176e-17,-1.99293556961506e-16,-2.34273103982382e-17,-1.86137896994049e-16,2.06822532003071e-16,3.51000334353831e-17,4.62528567472968e-17,6.0901818465396e-17,1.02017463169935e-17,1.63129950291609e-08,1.78030323302729e-16,-1.67824747763622e-17,-1.21800383936281e-16,-2.87570635134605e-17,-6.26128867134418e-17,-7.66755406876418e-17,2.05435217804374e-17,1.6604154908711e-16,-5.20801776144441e-18,-8.20812940920398e-17,-1.39903956360807e-17,2.64584654176226e-17,-1.92775233143767e-17,8.21497622116056e-08,7.15705598454682e-17,-4.92317969547532e-17,-7.93533832389019e-17,-4.49293380277993e-16,-4.87101380741889e-07,-7.69341334072785e-18,-1.11304677380588e-16,9.85347996427713e-17,7.35728615243037e-17,-3.04550707977998e-17,-6.22805830422591e-17,1.00650975433309e-16,6.14979365908712e-17,-7.12205570815371e-18,-7.45871610589835e-18,3.48058270828177e-17,-2.3102995540459e-16,-3.62535008175865e-17,-2.83641254014551e-17,6.92484890265416e-17,3.87413981391277e-17,-1.62465138533507e-16
"t893",-0.0354521204659758,-0.0089822593813897,0.00112823593289427,-0.0950232386824642,0.0181230237866172,-0.0036402924815094,0.0193890617049976,0.000305106315414267,9.97697968563009e-05,-0.00029767611331505,-7.21830044621072e-05,-0.0573958983276892,-0.0369262528695378,0.00357607019666094,0.000637047136568321,-0.000751734741254052,-7.91530933300115e-05,0.00071958088707653,-3.12153035452742e-05,1.82058383188244e-05,-9.63910298211861e-06,-0.000897168731877519,0.00624573344865085,-0.168660671397774,-0.0571895649731793,0.000843456510442459,-0.000958838542604807,0.000870372225580656,-0.0146433372519353,0.00538959020557209,-1.44710810791759e-05,2.50487950155409e-05,-0.0116063326338162,-0.000102061186243594,1.64798758109297e-06,-2.6731905683124e-06,-0.000233350069287888,8.42761907629861e-07,7.03902111972746e-06,2.01734228723708e-06,0.000113200975073162,-1.82444506611034e-05,0.0116449465044317,7.93833724836665e-05,9.61853343499196e-05,-6.35075494380269e-06,1.4367766170607e-05,-0.000119161403893739,1.31107907497905e-05,-2.87754389097908e-05,0.00534242456829725,6.26232312266856e-06,-6.04566630216289e-09,-6.42448106407192e-06,6.21775711991816e-07,-6.46476653973912e-06,-1.63152891264612e-08,9.24631417351156e-06,-3.50331634030945e-06,1.46446689273126e-05,2.58577368557926e-05,-5.72311234180917e-06,0.00025779970625627,-0.000149956206480879,2.57731197923153e-05,-0.157279382933109,-2.18398860476754e-06,5.58415804616752e-05,-0.00013611536245526,4.49231400932431e-05,-3.07080161909904e-05,3.65421044333618e-05,-1.59160206010689e-06,-0.00010938170005718,4.51010895249049e-05,4.18179610722326e-08,-0.000230692009133311,4.00222450997216e-06,-1.25704362349958e-05,-1.39314917192589e-05,3.7054095973405e-06,5.43483312156083e-05,-5.79105262097745e-06,-3.47750664120784e-05,1.76409487954561e-06,0.000357640415293647,-2.06844571781491e-05,-3.67515917372759e-07,-1.20059973463786e-07,3.11485049243922e-05,-7.49851494668959e-07,1.44904325885542e-07,1.26753328102871e-06,-0.00010489770818357,-2.12964743203257e-08,-6.06861582263277e-06,-1.3632076282147e-06,2.10411443997649e-06,-2.45956756945446e-06,9.06874417398091e-08,1.52714529703397e-07,-1.32007657751646e-07,2.4291661172459e-07,-3.70689547209356e-07,1.7049431846253e-07,-3.26619912689938e-06,1.03344601295024e-05,-8.93585889499313e-05,1.61557965428809e-06,-4.09640874545966e-07,-1.83519297189387e-06,-4.75155053011991e-06,8.08660308546543e-06,-8.65677149257978e-06,4.55898062145378e-08,-1.87757988537022e-06,2.85398515343544e-06,-3.26760656303395e-06,3.54766298817343e-06,-9.17420010469446e-06,3.52542145878118e-05,-9.31513438133124e-06,9.3366898295503e-06,2.57059592017453e-05,-8.43454970335465e-06,8.50299936758798e-05,-8.67221089409856e-06,2.86732108104426e-06,-6.08645997309052e-06,-0.000200864226487698,6.39449047806489e-06,-2.00396884309723e-05,3.97439531305713e-05,4.8936428618566e-06,-1.82046506470534e-06,-8.44920388902577e-06,5.22611159825814e-08,3.65880101586473e-05,-1.20813242894119e-05,3.48104119103537e-05,2.24786806411276e-06,8.74964580881717e-05,-1.72469790345922e-05,-1.1043954968875e-06,-3.48435151343395e-06,2.2438493547119e-07,1.08497106057185e-05,-1.71466798270618e-06,-1.13064742517267e-07,2.84309979724226e-07,4.42460692343426e-05,1.32836129349712e-06,2.86007920731375e-05,-1.07640698103417e-05,3.32123394269883e-06,2.9210381912305e-07,-4.4127493730925e-06,0.000523017258632627,1.68542619329109e-06,5.71154701450355e-07,0.000522240750962546,-6.49474151716301e-06,1.39669691295747e-05,0.0155629256544519,-1.66779074465947e-05,0.0067196637232428,-2.49047517827006e-05,-4.40335086606827e-07,-2.21003666008267e-05,-3.63637098095545e-05,0.00840099072471052,-0.000171897498133505,-4.83156290434977e-06,-1.92865651678812e-06,-0.00116796666863082,-8.66532489331186e-07,-0.0033209171093443,3.12060468554635e-05,3.12956216911487e-05,0.0011488380080691,-0.000888603418263117,-0.0358590650766937,-8.14146691578472e-05,-1.7234334969457e-06,-2.13401486746028e-06,-4.88780535547302e-07,1.56396873280537e-06,-8.14898764183684e-06,-3.73283920683579e-05,0.000384099770161731,1.50236767758055e-06,-3.26636060478614e-06,-1.36547553548978e-05,-3.02525230318823e-07,-2.63693924375778e-06,4.30297157056845e-06,8.17948407981194e-06,4.42799736865597e-05,-5.36801712021492e-06,-2.97700625634453e-06,-3.00932913674693e-06,-0.000566210201155403,1.05204491208067e-07,0.00029802788116649,4.11307743763732e-05,0.00149056430135015,-3.11138394592204e-05,-0.00128569347346606,0.000364306316913307,4.93180908746728e-05,0.0129263038107684,-0.952381695266968,-0.0274919975276567,-0.000165020622968355,-0.000103550505623647,-9.63147113625826e-05,9.2161830375682e-05,7.49984482421656e-06,-1.03332289626937e-05,-4.39919326191371e-05,-0.000228544033862212,0.00155308387179978,5.77489243755766e-05,0.000179670319885924,-4.10681990826392e-05,-2.05842137857722e-05,-0.000216129984363791,-1.35103686552139e-05,-2.00458186217527e-05,-1.50634018801522e-05,0.000313168626127892,0.0019468171612388,4.67272010935683e-06,7.77565088132734e-06,-3.88451131854848e-07,-6.15165818620092e-06,-3.0792099208812e-05,-3.58372057620837e-16,-4.40755197489718e-06,0.000328153774717919,-8.73376875703661e-06,-0.000150938466730952,-2.34379691748723e-05,2.79642617551215e-05,-4.29050606593801e-06,0.000154410613118585,-3.50674205536632e-07,2.26805674099798e-08,-0.00107473827434144,5.04900939065038e-05,-1.57033228851058e-06,0.000214078143150471,-9.74764711700976e-06,3.40108009000922e-06,-2.16229697791968e-07,1.61346971566235e-05,-1.45309138446334e-05,0.000143125753049048,4.53759458641932e-06,-8.84393568386466e-07,2.04466138616147e-05,-4.16665027553522e-06,0.000514726998068061,-0.0112466054282029,1.4536248440825e-06,-5.12781733290496e-07,1.38481781813301e-06,6.27720484880435e-05,-0.000229762540444364,1.13177104625516e-06,5.09491482696242e-07,-4.27147895978314e-06,0.121891682702036,-4.24593552614016e-05,1.13265618615322e-05,-0.00351409741028631,7.79803578195703e-05,-9.96087971481366e-06,1.50716308991601e-05,-0.000348333642979508,3.00928577557193e-06,-2.29678082144723e-16,-7.47278745052937e-06,-2.56130397562864e-07,-3.82043004862767e-09,-3.30621535382842e-05,3.65200135305956e-07,-2.2574564011449e-07,-5.27147035440372e-06,5.87173808761171e-07,-4.67214017988666e-06,1.22339875810795e-05,4.45422325208505e-07,-3.90868272800951e-07,5.03988112739842e-06,-6.09447165843689e-06,0.000215577225339466,-2.83378598407772e-06,3.23886623191313e-05,1.62083775442043e-07,2.60649842912266e-05,6.55816596066049e-06,-5.37554693939999e-05,2.03058178190479e-06,-4.86140958548701e-06,6.57402873835125e-06,-2.39295099707311e-05,1.78894514418136e-06,1.7280342676358e-06,1.82346703804727e-05,-0.0284744472708605,-1.03314839923949e-06,0.018140527124261,-5.21746030794371e-06,1.3593782101371e-07,1.31858847510193e-06,-2.64485150150687e-06,-1.02795471159804e-16,7.95600505764145e-09,5.3378911556922e-05,-3.01699013006192e-06,2.22609588906585e-06,0.00011249252961186,5.78466541776852e-07,1.34078529098165e-06,-1.9586853284744e-05,7.25622023932213e-06,-2.17558568067884e-16,-5.53321299888389e-06,-6.74427022596739e-08,-1.88620684096973e-07,1.00176938883964e-05,1.42608377414881e-06,-9.70866731779398e-08,-3.81696833002267e-06,1.06418836938109e-06,-0.0168343444813864,4.39913723670315e-06,-9.74315628031535e-07,-1.7991268757991e-06,-9.59626909132316e-08,-9.574324755365e-08,-1.82839797361253e-06,1.22803771711916e-05,-1.99724127988852e-06,4.6502307221373e-16,-4.09860897783361e-05,3.2169510450538e-06,5.20000701163463e-06,8.11340918958239e-07,-3.80448966760847e-06,-8.05609749553913e-06,0.00140350222914907,-0.000127497716041737,-6.47372053796877e-07,3.00746235738996e-17,-1.21568682695642e-06,-5.39962110065605e-06,-1.54042536506595e-06,5.37406062774253e-16,2.89519053019731e-06,2.90998973373196e-05,-4.43523043507528e-06,-2.35544311731858e-06,-7.83131251672048e-07,-4.18098852683073e-07,-1.49246445806738e-05,4.14060624418298e-07,4.39766517004866e-06,2.0466394950433e-06,8.93895142044761e-07,9.01275959145911e-06,7.57779055248788e-18,-3.53537531397814e-06,1.65635880473248e-06,1.06732243072293e-05,-1.0690041164136e-06,1.15440369985381e-17,-1.02394946540498e-06,1.30458976945998e-06,-4.49430146488227e-07,-3.98542549269472e-07,-1.00526047656042e-06,7.38240204874072e-06,-1.39218221928904e-05,1.8971868485708e-06,-2.27290852150834e-17,6.89505888575684e-06,-9.27369927371203e-06,0.000718094865939659,8.08864344212085e-06,-8.23102499714967e-07,-5.54397961634659e-09,2.77555756156289e-17,-1.06927787038246e-16,-5.36788239823929e-09,-4.76291535479533e-06,6.27645916332598e-07,-9.05690863546204e-07,2.64518358836813e-15,-4.26778328227788e-07,-5.02338081465436e-09,1.31239752433311e-16,1.60478016573984e-17,-1.18066770297183e-16,1.05402597153476e-06,3.1043331280005e-06,-4.46643531867754e-06,2.62644641827248e-06,1.30861643685709e-06,2.68095443031832e-06,-1.28997739359e-05,-6.0301395389049e-16,-2.79701949783845e-06,4.91445712973147e-06,2.25518414078527e-16,-4.56849562046761e-16,-4.8617375146489e-06,-2.3548948951453e-10,-1.79273102565736e-06,1.39721211258578e-06,1.75480915680081e-06,-9.43066461514519e-08,-1.14738240468569e-15,-3.16788819124429e-07,3.97860969821741e-16,-1.07612536012789e-06,1.41596803726607e-16,-1.95176876876027e-06,1.52183809370722e-16,1.5214912199438e-06,2.10353182999303e-06,1.25279502220735e-07,1.66129406285666e-06,0.000308677290170277,-6.4341368558557e-07,0.000223271830174247,2.01671432119353e-07,9.81001605109537e-07,9.02806986755387e-08,1.41017104292533e-06,-6.2987331673231e-06,-9.72444745099837e-07,-7.87352365103349e-08,-1.87944478987924e-06,-2.76901449075901e-16,2.79165939800067e-05,-4.79676875311505e-06,2.94328483209013e-07,2.87389925583944e-15,3.88616495029419e-08,1.04934651390026e-06,3.74849184528295e-06,4.2981914774296e-17,-1.00398447202679e-05,-4.80965859979524e-07,2.36276214324273e-17,-6.34759805745975e-07,9.75946713829739e-06,1.02875711305554e-16,-5.06802176968579e-18,-5.68401832562406e-07,-2.76162339455805e-07,-1.57247502444826e-09,-2.18017289748948e-06,5.78044159173479e-07,1.8767553324781e-06,1.63740230437177e-07,1.99894864491701e-06,-3.38684447887986e-06,-3.70797142990043e-16,1.36534509886205e-06,4.80654198823858e-09,1.3264427779552e-08,1.24138385795316e-06,-5.33425494890686e-19,5.17061391448098e-17,4.08399150565915e-07,-3.72775938007316e-16,1.09996417447421e-16,2.59179060249849e-06,-3.06822749025331e-06,-0.000102478861552764,-3.51500688518698e-08,0.000239456567217058,-6.43796284114442e-07,8.30581780687169e-08,-6.69780352921579e-17,2.27426714163836e-07,1.07483429244074e-08,4.95545311271466e-08,-5.74633548970248e-06,0.00655381630154599,-1.70872801252705e-15,9.28482076319654e-17,2.07020632536446e-15,-1.47800902629133e-07,-1.44823514925998e-05,-4.23226855925488e-07,-5.58315130147384e-16,-6.2375519864699e-07,1.68396105916831e-16,4.87008698929197e-17,9.35148173610149e-06,-2.05338416070732e-07,-3.06178693509906e-16,-5.05506800851522e-07,-2.88713701627264e-06,7.12401309879096e-16,7.80701045175766e-07,-3.73026148182257e-18,2.0834569757895e-07,-3.07334948092385e-17,2.07852642707813e-07,1.79911626378989e-06,7.20209832802897e-07,6.12733626175015e-08,4.20590806251014e-07,-1.45682020499522e-06,5.78799533961343e-07,-3.01914463326175e-17,2.63442976987081e-05,-8.11792959058648e-05,4.80570688888326e-17,-1.95383867605647e-07,-5.73159385261287e-07,9.24368346545555e-07,5.34396431288059e-17,4.26253689673647e-07,6.22343624239141e-06,-9.78905587809321e-17,-1.40638926929937e-06,-3.11004209796515e-07,-1.7873205100316e-07,-1.26382583214458e-16,-7.42384334862071e-17,2.88465250534615e-07,8.82247817335908e-08,7.13614164012387e-09,-7.9157417067749e-07,5.19669213927062e-08,3.30350471759192e-17,-1.23181952227556e-16,1.89616636562599e-07,1.30692677313494e-09,1.14273157591931e-16,4.57833476654083e-07,-4.87890168791562e-17,4.64984672802813e-05,-8.7383371408734e-08,-5.105311865667e-08,-3.38351612416974e-07,-5.78287716599926e-15,-2.37183480795489e-18,3.07351509326323e-17,-5.99980860372148e-16,-2.98956184345315e-07,-6.51353321670928e-07,4.38680274466486e-17,3.36671563824836e-16,-6.81190833354335e-17,4.94723255375891e-05,8.22327337326582e-09,-1.15531467942562e-06,-5.0403544569143e-18,5.40474782984024e-16,9.75781955236954e-18,-2.79116298265365e-06,1.67630676385776e-05,1.39256117155047e-18,1.03620486634271e-07,-4.31097943945939e-06,-3.02215854944861e-17,7.49465107017838e-18,-2.69848117657379e-07,-2.76444225221224e-09,-1.33559885520311e-07,3.887709834551e-17,1.50080770732674e-07,2.18402950258561e-07,2.34100700183104e-07,-2.13095007887932e-07,-7.58747999938394e-07,6.4586879682037e-08,1.23093033813358e-16,5.77368651290821e-17,-3.20070944526312e-17,1.22656521640667e-06,-5.9586272778817e-05,-6.02154772668745e-08,-4.72722817972647e-08,-1.76551503774578e-17,-6.61870375785487e-17,-3.20632148132889e-16,5.01949464073438e-17,-3.84319105176011e-18,2.47798518192546e-06,-2.57317962850424e-17,2.90602178664173e-17,-3.63954936057897e-08,3.98428519068263e-17,-3.2578406646572e-08,-4.32946347367454e-18,-4.0386229096094e-08,-6.12051523161858e-18,-4.88281928917728e-08,-6.10855123676809e-09,-3.85335814116518e-06,2.09216667123107e-16,1.95806192758687e-07,1.79799888459883e-17,2.7740923358583e-07,-5.3586460352293e-06,2.69302743100019e-09,-1.73044725517969e-16,3.92640107181904e-07,-3.60843148621283e-17,-9.63792265373073e-08,-5.43966611029547e-07,1.7090066354691e-16,-5.8451840029591e-17,-1.09659149876025e-16,-2.0264790253057e-16,-1.82412640161728e-09,-2.37470419830634e-08,-5.30086545248283e-09,2.80723509022307e-17,-5.53234125783738e-17,-6.15429903321312e-07,3.15630961727001e-06,-1.74960966947491e-16,-4.39536943501597e-17,-2.40716117106872e-08,2.01469006978554e-15,-1.70520195017759e-07,-1.94238695976663e-16,1.60806855496196e-06,-2.04400809791627e-17,-6.56427964850732e-17,-5.79895959347149e-17,-1.42671730206309e-17,-5.99008513708022e-17,-2.20104775588595e-17,2.13098412604719e-07,-1.49027392517136e-06,-4.47365402541241e-17,-1.42948983950354e-07,5.43579630440017e-07,-4.98804019376932e-17,-7.79627713526925e-18,9.63101618587954e-17,-1.8191464357868e-16,5.35129456862631e-08,8.55515524579993e-09,-2.84570660720589e-16,-4.80919851181317e-15,-9.7114162096999e-08,-3.46409184291049e-07,-5.76472346730173e-08,-2.22465250804226e-17,-7.32596918706257e-17,-4.40463158680797e-17,8.4117769012204e-18,-3.03929791942764e-16,3.21082650275661e-17,2.0408720264182e-07,-1.92985189748337e-07,-3.70994604489512e-08,-5.0131192527595e-17,3.65548523521466e-17,-3.03187354100771e-17,4.8860121089307e-17,-2.25491515975899e-17,2.446747401122e-16,7.8455391181685e-17,-2.66671851282387e-17,-1.55981560871869e-17,4.15149197159471e-17,-2.05270605656545e-17,9.91507441079055e-18,-2.75563061667835e-17,-7.69763497742858e-17,1.40287786668312e-07,5.80375639209223e-16,1.05574102955715e-17,7.73952940888967e-17,5.58323839032607e-05,-3.4576184936005e-09,1.95333541989139e-17,-5.12629194797844e-08,0.000865825532131702,-1.2586320350123e-17,2.99722881108712e-17,-5.01009116483015e-07,-4.5633667236447e-17,1.24370473378806e-06,-1.00458304021134e-16,4.46848813231226e-17,5.2412061887877e-17,-6.81807579645194e-17,6.26045995857717e-09,-8.59597877773822e-07,8.97530916821522e-17,4.77022134769515e-17,-2.1871263731385e-17,2.96685518085163e-17,5.02202446295286e-16,-2.99560657859817e-17,4.92699427626032e-17,7.31887034663925e-18,7.09485644243263e-08,-3.03391868847293e-17,5.61420163579154e-18,-6.32937775403562e-17,-6.58005742227179e-17,2.4520610234903e-17,1.60646039074446e-16,-2.02335252646183e-07,5.60055618177741e-17,-4.10019403074747e-17,1.50809673414542e-07,-5.09629292408043e-18,-1.58935198233029e-16,1.3201518047622e-18,8.70385458122635e-17,1.37544414032886e-06,1.13491861568769e-17,-9.24340344932514e-08,1.83784647253376e-17,-2.39230328734428e-17,-8.72994974480309e-17,1.23881109634783e-16,2.76879277058735e-17,2.55370791738738e-16,3.33559949427378e-09,-7.96138753333345e-17,-2.54861906783301e-17,1.29774389783327e-07,-4.15954392480388e-07,-5.29692234717733e-17,2.91127491457423e-07,4.26275137294559e-08,2.48232189277462e-17,1.09676012229892e-16,-5.42613453234763e-17,-9.75488531024609e-18,-4.73996085251702e-17,-7.13086737650129e-08,-2.3951554664731e-16,-4.50701196801778e-16,-1.30852444241407e-17,2.85185425317464e-08,6.45387031827716e-18,-3.681006712745e-17,-2.03753297812593e-16,-3.85485761906239e-17,-1.29752924248603e-08,-1.09617218810011e-16,4.28087057971755e-08,3.27089555424099e-17,1.2967959425446e-16,-4.57272058031185e-17,-1.7455823133819e-17,7.69296174382098e-18,-5.23733551651572e-17,6.86587850610076e-17,-4.66140382661679e-07,-1.4149670075542e-16,2.69260040968685e-17,5.48583821426603e-06,6.82411708537057e-17,-5.57224691235171e-17,-5.15241609855376e-17,-2.58513551121191e-17,1.64020959704499e-16,-2.56290504796003e-17,-2.0537401627719e-07,1.84268299789644e-16,-1.74586582870877e-18,2.2401006899768e-05,1.8966819940739e-16,-3.61925755129889e-17,2.42478522393901e-17,-5.36171237915069e-17,7.84569725901933e-17,-4.49092732349184e-16,-3.03362422073821e-17,4.51024691477489e-17,7.351761399773e-18,5.44269144893852e-17,2.40082669442824e-17,-0.000103815766346327,7.30782896722925e-07,-6.10806310449626e-17,5.90396943063105e-17,-5.79261567481799e-17,5.24452815871222e-17,3.17454396103756e-16,1.98795248076676e-17,4.67073374231591e-18,6.45395031070729e-17,-9.16349138024987e-09,-6.30665446052848e-17,6.77058195672708e-17,-9.26502535158572e-17,-1.10351006812436e-16,1.17160334352075e-08,7.99942176440294e-17,-1.27935201745292e-08,2.91163117369201e-17,1.11388736557691e-16,-7.09767597867732e-18,3.52517425376122e-17,-6.10079990194341e-18,7.38262086766273e-17,-9.00339528620967e-18,-6.42943113937166e-17,-3.48671768008303e-17,-2.9416294531006e-17,7.92472822572366e-17,4.46864249828901e-17,-2.17401654037917e-17,7.23317031395262e-18,-3.17795377089955e-17,2.14081693796906e-17,4.27717987283663e-17,-2.82028553935742e-17,7.45775657130823e-17,1.59065301686916e-17,1.50920942409982e-16,-1.89839088756975e-17,3.40521904296107e-16,4.57254683601466e-17,3.10133061318477e-15,8.77261091529864e-10,-2.70813268859028e-17,-1.37262156607807e-17,-1.92591570611717e-17,-7.32169297040477e-17,-4.31585395897097e-17,-3.79941003013645e-17,1.56520129954635e-16,-7.32738289201465e-18,-5.49483447756445e-17,-9.83565809259147e-17,5.39065320159793e-16,3.3695756420064e-17,-4.07270429454102e-18,5.53055882929328e-17,-2.84460450972738e-17,-4.9659706645789e-17,1.96850597934296e-17,-1.1247594759008e-08,5.43820011814066e-18,-2.26800277002303e-17,-2.18376517107456e-17,5.66283806962281e-18,5.81659065945306e-17,-9.57470870363213e-18,2.74624748853423e-17,-1.29556268636089e-17,-2.55694849400933e-19,2.37390520390141e-09,1.68534000489869e-16,3.14040167314305e-17,2.45193906209678e-17,5.8482003058368e-17,1.63678863446771e-17,5.12761030396518e-17,9.26056001195962e-18,-2.64589041073735e-17,4.71244720525869e-18,1.65531432080176e-16,-3.95303452871751e-17,5.25536478272401e-17,3.59644529228319e-17,1.19308412589926e-08,-8.59118073381453e-18,1.38800031069991e-17,-1.74853408226227e-16,3.64291929955129e-16,-3.58477185804846e-08,-8.33011201697211e-17,-4.99246972784913e-17,5.07932508866844e-17,-9.17746525217565e-18,-7.55286678452753e-18,2.60186626047248e-18,1.63275471173432e-16,9.99941087812836e-17,2.82274400860447e-17,7.60212978227235e-17,1.03537012600833e-17,-2.49939492615375e-17,-4.78595007794842e-17,-1.41840256615507e-16,2.38769696931693e-18,2.72452160689156e-17,-1.86762715395863e-16
"t130",-0.0356285331924528,-0.00907718753524256,0.00114055113733934,-0.0964206326990197,0.0184508468662248,-0.00371788584876572,0.0198107028893666,0.000312286245688961,0.000102559181989644,-0.000307851327766035,-7.53535430821328e-05,-0.0605463342786205,-0.0390170140258427,0.00378185432723813,0.000675436194868352,-0.000799944121420174,-8.43614378999531e-05,0.000767867128195414,-3.33630395845637e-05,1.95779158448997e-05,-1.04315813398624e-05,-0.00098833539798502,0.00692129638296846,-0.187023554243704,-0.0634442800267199,0.000940805290910768,-0.00107102541468204,0.000973272188833248,-0.0164288479540461,0.0061901652467027,-1.6795187725455e-05,2.92979478072417e-05,-0.0137539364745619,-0.000122086502194201,1.99265760799361e-06,-3.29132439409631e-06,-0.000288217026686503,1.04511968617577e-06,8.74454815604916e-06,2.51591319573141e-06,0.000142269233416283,-2.30848387480226e-05,0.0147978677910854,0.000100912892475394,0.00012290301365896,-8.27500103213512e-06,1.88367057148815e-05,-0.00015668297280321,1.73827580696002e-05,-3.85023957188371e-05,0.00723821481311543,8.53512080376856e-06,-8.2470571873896e-09,-8.83001882926587e-06,8.67588619429704e-07,-9.04155110457368e-06,-2.38399035904854e-08,1.36825264393848e-05,-5.19206102757965e-06,2.24189260776695e-05,4.06204418457647e-05,-9.11039119547305e-06,0.000414903904396159,-0.000242015032538646,4.24837692308576e-05,-0.264398415935414,-3.84304818259351e-06,0.000100412897609677,-0.00024728751235987,8.31757919720721e-05,-6.34656747694187e-05,8.32304591729081e-05,-3.68434478090758e-06,-0.000262128477160906,0.00010856608928197,1.02245462647235e-07,-0.000567610436070923,1.01650277847758e-05,-3.44885449439824e-05,-3.95264660869626e-05,1.1172667459089e-05,0.000166156218510574,-1.97468923490919e-05,-0.000122930078032003,7.42992704683451e-06,0.00159132470328006,-9.76647983629512e-05,-1.75274906800606e-06,-5.74097995519507e-07,0.00014993937295868,-3.69830820394035e-06,9.36379215679684e-07,8.43556393122791e-06,-0.000876722081361156,-3.25904116826665e-07,-0.000106502707939228,-2.40896087231744e-05,5.99076709829759e-05,-9.08623146665061e-05,-2.41925581806103e-05,-5.20465013927661e-06,4.17219370291704e-06,-7.09629625658734e-06,2.38241341945419e-06,-1.03272169060478e-06,1.89307886146452e-05,-5.56040576387317e-05,0.000471304571341221,-8.23239418370798e-06,1.98502127000738e-06,8.75248142780204e-06,2.07053905371386e-05,-3.48764508720863e-05,3.03581764286083e-05,-1.53635138197816e-07,5.82374597184673e-06,-8.54387652769906e-06,8.91767858003562e-06,-8.91051324466387e-06,2.17155065421877e-05,-8.07768735257412e-05,1.91861834652235e-05,-1.80255790949727e-05,-4.95085046645254e-05,1.6098233521871e-05,-0.000152379825866907,1.54619230781673e-05,-4.85375749201554e-06,8.96600199859903e-06,0.000295456363345611,-9.30524823734546e-06,2.67583663720223e-05,-5.22093272613418e-05,-6.35355957015526e-06,2.25463726635397e-06,1.03971107920042e-05,-5.84646963829105e-08,-3.80418102905763e-05,1.14166214587582e-05,-3.28086541059887e-05,-2.08520948861702e-06,-8.05141173994055e-05,1.56673968560521e-05,9.98340851481565e-07,3.14954408038074e-06,-1.95885421250595e-07,-8.85118520479961e-06,1.30826266455049e-06,8.48624469654397e-08,-2.05885102845568e-07,-3.19505730795363e-05,-9.46339272783948e-07,-2.02146307689569e-05,7.53977865728964e-06,-2.14476687625526e-06,-1.8623233430384e-07,2.78803854633104e-06,-0.000270444065429723,-8.30748806437961e-07,-2.79462150727435e-07,-0.000245356843627968,3.02596650380403e-06,-6.17432217321107e-06,-0.00683572972553294,6.95248565405632e-06,-0.00265903728598076,8.24012974016856e-06,1.44497708566309e-07,7.2366909866374e-06,1.14954813642708e-05,-0.00252505320715753,5.1229127573803e-05,1.18424577031942e-06,4.07196862844551e-07,-0.000134375726423748,-8.29661369147657e-07,-0.338972474945385,-1.15094631904121e-05,-9.85228948848416e-06,-0.000354978771413376,0.000270005248895027,0.010413434755828,2.32624694121452e-05,4.84914589078951e-07,5.92006896268702e-07,1.29571407336914e-07,-4.10102764732761e-07,1.95246716747035e-06,8.91783389868326e-06,-8.91277926136679e-05,-3.22193138319779e-07,6.56689630703679e-07,2.6849333629646e-06,5.75521286004708e-08,4.89434829971429e-07,-7.42088857778364e-07,-1.38827734092213e-06,-7.26506199745638e-06,8.65880273330148e-07,4.20620102404817e-07,4.22513680265687e-07,7.50837633917347e-05,-1.31801046673244e-08,-3.24668649138526e-05,-4.47780608411367e-06,-0.000160151047428578,3.20997750142447e-06,0.000128918155875866,-3.38253298641683e-05,-4.15129095087419e-06,-0.00100286428432871,0.0720140300827227,0.00184475153057538,1.03342714612565e-05,6.47277351897252e-06,5.69626347011631e-06,-4.70423488214122e-06,-3.71671551703828e-07,4.33893481480531e-07,1.63192250315164e-06,8.10536988028656e-06,-4.51454120546318e-05,-1.59504266670393e-06,-4.68326403682661e-06,8.84105398933809e-07,4.25011542617193e-07,4.41628588762876e-06,2.14654200049269e-07,2.6648070107781e-07,1.58914456387299e-07,-2.92916039346004e-06,-1.58583884342053e-05,-3.29120092178967e-08,-5.23789342195466e-08,1.55464884217762e-09,1.47152853055454e-08,2.24021077340626e-08,-5.99022367379751e-17,-6.68139075053294e-09,6.37956488889341e-07,-4.1225976354926e-08,-1.00249079763905e-06,-1.89450803329812e-07,2.28342230418409e-07,-4.4994553141816e-08,1.672822745009e-06,-3.85356312465841e-09,2.65246588069696e-10,-1.30442250038532e-05,6.49869228344814e-07,-2.06750862294482e-08,2.84341934312645e-06,-1.35098116513542e-07,5.15926733313037e-08,-3.28088284014608e-09,2.41587243190783e-07,-2.00877886598821e-07,1.96094408484751e-06,5.51125828048572e-08,-9.69347701345557e-09,1.79381445303407e-07,-3.29996674645559e-08,3.5667074889624e-06,-6.03147336184097e-05,3.65559842262537e-09,-1.09709547174641e-09,-1.59311088277942e-08,-7.55206626098378e-07,2.90499587889449e-06,-2.3664932968001e-08,-1.28543541607007e-08,2.11767839457047e-07,-0.00704683075597417,-8.07273702221065e-07,1.71624061509615e-07,-4.37569187686447e-05,5.45480692679199e-07,-3.05778931180487e-08,-7.85044390880711e-08,2.63788647547025e-06,-2.84364100529159e-08,8.09163533839674e-17,1.19728293445378e-07,4.33056541310121e-09,7.57792123839263e-11,8.95140030709698e-07,-1.23128431432538e-08,8.35863426528834e-09,2.04039266626118e-07,-3.71453374856857e-08,3.03962197205919e-07,-8.01924204609148e-07,-3.30364736627909e-08,4.01377179535371e-08,-5.46012367287626e-07,6.85070326041783e-07,-2.73201451351046e-05,5.60092784659311e-07,-7.71286400703432e-06,-3.90231431579595e-08,-6.29591123843184e-06,-2.57658156080219e-06,4.18103665538453e-05,-1.75704500614123e-06,4.98519645047231e-06,-8.53717755348885e-06,3.3713362657203e-05,-7.58872778673256e-06,-8.69992431504768e-06,-0.000145954168218762,0.435154088255736,-1.31740077640006e-07,-0.750196010994578,-4.15106458369044e-05,7.63322857423198e-07,5.08147124905745e-06,-6.38003439309601e-06,-7.63038641545025e-17,7.22586075804328e-09,4.62882966588252e-05,-2.45878663118846e-06,1.81110558374692e-06,9.1356124503161e-05,4.63266025777491e-07,1.04701803032002e-06,-1.48687994796333e-05,5.22743342784675e-06,-4.05266501050164e-15,-3.6087614509066e-06,-4.35170756440743e-08,-1.1906528051696e-07,6.30762265953263e-06,8.55362225233619e-07,-5.68525813117433e-08,-2.1670122523082e-06,5.92485013193858e-07,-0.00902306726313551,2.28692929149334e-06,-4.97649499871369e-07,-9.10372261568393e-07,-4.82855790142513e-08,-4.77126398418671e-08,-9.10218542534875e-07,6.07356326596428e-06,-9.8291424374023e-07,3.6473227680468e-16,-1.95082121495896e-05,1.52166553656161e-06,2.45953244015509e-06,3.77449933954655e-07,-1.76573330579161e-06,-3.64178945031535e-06,0.000630212341827457,-5.7176380023142e-05,-2.88932168094449e-07,-3.00378954875493e-17,-5.39741146929467e-07,-2.39277289640983e-06,-6.77950015498603e-07,2.27619042960516e-16,1.26527082599598e-06,1.26970727210627e-05,-1.93362466190669e-06,-1.02518109339624e-06,-3.39910925010958e-07,-1.81104366723465e-07,-6.45469688477171e-06,1.78271364623463e-07,1.89240171621351e-06,8.78093170575583e-07,3.81591486946244e-07,3.84645864747431e-06,-6.81676251896322e-17,-1.49506169765127e-06,6.99396520160833e-07,4.49220353709455e-06,-4.4782040959702e-07,3.10906923402315e-17,-4.24970218495868e-07,5.3643868819014e-07,-1.84098621526855e-07,-1.62975010867298e-07,-4.1026070482791e-07,3.00221689876929e-06,-5.6314726272059e-06,7.58781048413899e-07,-2.3840138986571e-16,2.73526327526804e-06,-3.67650732941479e-06,0.000284312916840836,3.1969345686582e-06,-3.25278477636674e-07,-2.18985964014642e-09,-2.28983498828939e-16,7.75908540057828e-17,-2.11474131574666e-09,-1.87241386842205e-06,2.46679219163924e-07,-3.55322902352634e-07,1.28410506111007e-15,-1.66838310197236e-07,-1.96092223084508e-09,5.28891192537363e-17,1.28718125701642e-16,8.50552260565358e-17,4.09782713019052e-07,1.2063317872256e-06,-1.73296048420257e-06,1.01780667911971e-06,5.07048031498881e-07,1.03752765576884e-06,-4.99153216149504e-06,-1.48152057616617e-16,-1.07991875713523e-06,1.89611277700483e-06,8.06782130356766e-17,-1.56676640013019e-16,-1.87115885721167e-06,-9.05860168196213e-11,-6.89152416199901e-07,5.36880739917274e-07,6.73771519187589e-07,-3.62054392227572e-08,-5.58568605520182e-16,-1.21599668972288e-07,-5.14516047985863e-16,-4.12889367355076e-07,1.55691431968918e-16,-7.48624949189019e-07,-1.44620658326863e-17,5.83366179103138e-07,8.06470869572343e-07,4.79869470663005e-08,6.36226721007039e-07,0.000118205662338209,-2.46314556802585e-07,8.54522127157779e-05,7.71430839129671e-08,3.75249696666609e-07,3.45285284470003e-08,5.39184612952361e-07,-2.40753958840126e-06,-3.71597447225227e-07,-3.00811529445668e-08,-7.17986426345562e-07,-3.61983917562621e-17,1.06619561279784e-05,-1.83157873276093e-06,1.12326700508617e-07,1.01957655689028e-15,1.48292525055222e-08,4.00356984632568e-07,1.43007512303619e-06,1.82558370059832e-16,-3.83015697953387e-06,-1.83467226460433e-07,-4.50466029756825e-17,-2.42121983611196e-07,3.72195322525025e-06,6.20815540592357e-17,-3.15943346988894e-16,-2.16762842571699e-07,-1.0531563217015e-07,-5.9966462746657e-10,-8.31405672380872e-07,2.20436739189428e-07,7.15700179881904e-07,6.24424164576824e-08,7.62330593556058e-07,-1.29170080870803e-06,6.88251539093798e-16,5.20739986439311e-07,1.83321527931055e-09,5.05914403343828e-09,4.73483295691472e-07,2.47826816249277e-16,7.23114534921007e-17,1.55775159810474e-07,-9.89542975199636e-16,-3.67390135787792e-16,9.88854007317275e-07,-1.17069727965266e-06,-3.91013613254343e-05,-1.34134983007497e-08,9.13799546595762e-05,-2.45682624137034e-07,3.16971377919067e-08,1.3277365302906e-16,8.68189159913099e-08,4.10341864001708e-09,1.89190023696502e-08,-2.19411724240308e-06,0.0025030384163862,-7.52801951424477e-16,2.80764368406915e-17,5.90645226407296e-16,-5.64694298872311e-08,-5.53414290173417e-06,-1.61729898265783e-07,-1.80793191111455e-16,-2.38400020180078e-07,3.63758257814393e-17,-1.29299189318468e-17,3.57708865724103e-06,-7.85460291583365e-08,4.45823933326039e-16,-1.93408373371013e-07,-1.10476952566291e-06,1.56773641394566e-16,2.98817646597895e-07,-1.4885558549472e-16,7.977222359072e-08,1.34098579763973e-16,7.95858829699077e-08,6.88890302117714e-07,2.75779267731883e-07,2.34633849721472e-08,1.6107042425547e-07,-5.58089538755212e-07,2.21835452228993e-07,7.16296745337776e-17,1.01031106031436e-05,-3.11345649742636e-05,1.14522551001627e-16,-7.49419666997532e-08,-2.19878707432327e-07,3.54664580260005e-07,2.58607001219754e-17,1.63631551318881e-07,2.38932236376056e-06,-2.03003594083962e-17,-5.40021547468624e-07,-1.19426881199396e-07,-6.86517632418284e-08,3.70494153562743e-16,1.34911891588454e-16,1.1087083128624e-07,3.39182936933486e-08,2.7436682425435e-09,-3.04719300695875e-07,2.00090214442486e-08,9.00874949337033e-17,-2.59417759491611e-16,7.30193822445361e-08,5.03293060410251e-10,2.62595373127801e-16,1.76353508595978e-07,1.02410551838658e-16,1.79151041969761e-05,-3.36785775244603e-08,-1.96769384167313e-08,-1.30419971103796e-07,-2.51577238519046e-15,-3.03544889151229e-17,-6.56542006998023e-17,-3.28780486301709e-16,-1.15333172910387e-07,-2.51300998492251e-07,-3.73398648405729e-16,1.53048068869546e-17,3.15898742316567e-17,1.90920312868225e-05,3.1738281999998e-09,-4.46038779418103e-07,-9.18549000829971e-18,-1.78134416939368e-16,-2.18358317538581e-16,-1.07874920218026e-06,6.47895504286094e-06,2.71446164630749e-17,4.00665131740163e-08,-1.6671968490326e-06,-9.94115181566978e-17,3.9638847236471e-17,-1.04401931430044e-07,-1.06957455511953e-09,-5.16874673639661e-08,-2.45665247134059e-16,5.81048535834303e-08,8.457554545804e-08,9.06834075882021e-08,-8.25828069515547e-08,-2.94080052321724e-07,2.50385631756647e-08,-2.99591423417588e-16,9.22995252194094e-16,-2.18736319066101e-16,4.76121315621581e-07,-2.31303354878793e-05,-2.33784947779342e-08,-1.83690168014164e-08,3.29624269932904e-17,4.65267918831274e-17,-3.43345947448101e-18,5.27081029619365e-17,2.13778541351862e-16,9.63768988764149e-07,3.90126193967957e-18,1.71327664983593e-16,-1.41604920371996e-08,7.78001893229026e-17,-1.26756124383192e-08,3.25056541689065e-17,-1.57139920814218e-08,9.78257063886022e-17,-1.90107028694325e-08,-2.37865514382278e-09,-1.50083687433654e-06,5.10982482140825e-17,7.6286070732649e-08,-2.7182584628302e-17,1.08147178465758e-07,-2.09080002942325e-06,1.05078565793724e-09,2.513428535183e-16,1.53255609466293e-07,2.20070220416827e-16,-3.76393031869572e-08,-2.12442806489677e-07,-8.87777051557898e-17,8.79392616639697e-17,-1.65535169536948e-16,-1.2029904053127e-16,-7.12723913649764e-10,-9.27957500762259e-09,-2.07169635730977e-09,1.11114739773108e-16,7.25295073868889e-17,-2.40685587236323e-07,1.23442337165644e-06,1.29259584594896e-16,-2.17953367379442e-17,-9.42231645724993e-09,6.7536741687296e-16,-6.67586279944277e-08,2.28965607721735e-16,6.29892028865358e-07,7.00299821362591e-17,4.42435880288585e-17,8.00407742620178e-18,-9.57722695590013e-18,-4.18241625173386e-17,1.4462627574006e-16,8.35628100208757e-08,-5.84393165375135e-07,3.66453514862857e-17,-5.60771510832118e-08,2.13273846512949e-07,9.24363248068866e-17,-4.8736579074711e-17,5.65585680854291e-17,-1.84612909494174e-16,2.10104032159534e-08,3.35949502754451e-09,-1.13299573866652e-16,-1.79740551055758e-15,-3.81423477776132e-08,-1.36058135288796e-07,-2.26437447028979e-08,-3.95348642507022e-17,-5.38805105554743e-17,-3.0538827807677e-17,-1.01858680374936e-16,-1.99790963691043e-16,-4.77774629546294e-18,8.02698748211099e-08,-7.59126640461252e-08,-1.45952312150827e-08,2.22391607219143e-17,9.0444271449048e-18,-5.27113460849211e-17,3.9152197979863e-17,6.37454809512596e-17,3.72747849295754e-17,2.02546615256709e-17,6.56534822459141e-17,5.71886645206402e-17,-6.7471806857709e-17,1.51167914153675e-16,-1.37010049033241e-16,-8.44418451750092e-17,7.56269400776137e-17,5.53055205460707e-08,2.77185669574705e-16,-1.69654321232758e-16,-8.26409319933194e-17,2.20169065670525e-05,-1.36356281953855e-09,3.16470359046675e-17,-2.02171057355901e-08,0.000341582728930171,2.05853390518733e-17,1.38885554361664e-16,-1.97741797697043e-07,-1.76519666658743e-16,4.91134602750194e-07,-1.45635458041671e-16,-2.50942450337848e-17,-5.74075097471599e-17,-1.15429433298042e-17,2.47431351057678e-09,-3.39757235253362e-07,7.57309678684687e-17,2.18817696272753e-17,-2.69048066515275e-18,-3.21788302087782e-16,7.63278329429795e-17,-1.8195195013534e-17,-7.08712940076758e-17,1.11514380904689e-17,2.81267173123038e-08,3.39175790479433e-18,-9.18973598867748e-18,8.5986521620384e-18,-5.66477708530266e-17,-3.1518806059729e-17,-3.37708096051824e-16,-8.02660913848944e-08,-3.71600097809877e-17,9.433946416927e-17,5.98332298695023e-08,1.49532877453601e-16,-3.87661950222159e-17,-1.47755119987542e-17,-1.78945539220375e-17,5.46485886180117e-07,-1.96992961520408e-17,-3.67350204331627e-08,-2.25588195739037e-17,-2.10536743622969e-17,2.16810937621141e-16,-2.02186764509601e-16,5.54805950922471e-17,-2.23926306634405e-16,1.32633231753753e-09,-2.77785192576787e-16,7.43838683340719e-17,5.16231756420788e-08,-1.65466621229953e-07,6.0853569884721e-17,1.15851351960813e-07,1.69650852868525e-08,-3.18317764656679e-17,-1.70125379870092e-16,-1.05784315792285e-16,6.29833442786888e-17,-9.60139255825522e-17,-2.84266693014626e-08,-6.93682849495844e-17,4.46860249551364e-16,5.7219626577403e-17,1.13735838897646e-08,-1.65464812432883e-16,-1.8826377996025e-16,-1.59286788427597e-16,1.67315782845555e-17,-5.17767361654584e-09,7.6078744571518e-17,1.70854435131858e-08,-2.1108203016933e-17,7.93323351681922e-18,-4.34296865402721e-17,-8.30922118022111e-17,-6.01059599124091e-17,-5.1544516191047e-17,3.0781767087288e-17,-1.86216610952409e-07,1.35253207915837e-16,-1.51721069173994e-16,2.19202872837561e-06,5.71462124573824e-17,2.03173260267934e-17,-1.9394681375891e-16,-7.20573582005456e-17,8.46332119462168e-17,-3.48049006366878e-17,-8.2123786664384e-08,4.47930799514301e-17,1.21125824603646e-16,8.96055773866261e-06,7.93213762473894e-17,9.33771526966111e-17,5.8394042526571e-17,-1.85807735473447e-16,-1.26324422716454e-16,-3.65290869231534e-16,1.23485677142744e-17,-3.76149062965295e-17,1.04029469357066e-16,2.81055714674364e-17,-3.31360619565714e-17,-4.15781977501689e-05,2.92721955004757e-07,2.16708966305236e-16,-2.88124321944989e-17,2.80419571424677e-18,3.18675318199971e-17,1.43114686768087e-16,-1.27774006759832e-16,3.57334525973341e-17,3.51659919700841e-16,-3.67338229862567e-09,4.46749399203655e-17,8.99946107146291e-18,-1.53276146132146e-17,9.25721094944673e-17,4.69974874957541e-09,-6.44449909847147e-17,-5.13583898653728e-09,-2.78552021923987e-17,3.37743571077628e-17,2.09476715780721e-17,-6.88805795722105e-17,-8.36605070741263e-18,1.14677651189239e-16,-4.65673279225413e-17,1.14971564026182e-16,-5.87261320025127e-17,-4.12960960797394e-17,-2.53147109262041e-17,1.2747795443292e-17,2.40480751823976e-16,-6.81081657116989e-17,-5.3327522259502e-19,-3.12599107325019e-16,4.00050174087394e-17,1.31856692626039e-18,-3.51912805591884e-17,-7.51545616361371e-18,-1.64798730217797e-17,6.29159104337067e-17,-1.49211238610198e-16,5.61511691790326e-17,1.33123260186877e-15,3.53158645614858e-10,9.38594798970765e-18,2.91207331873166e-16,8.62100601371921e-17,-7.79596854756385e-17,1.27813562397758e-16,-4.61879099101462e-17,7.08256577832515e-17,-9.84992205631099e-17,-4.11036931177088e-17,1.39538577591844e-17,6.058521739849e-16,5.94335585223647e-17,-3.41456002447207e-18,-1.13948406147682e-17,2.66606695389227e-17,-4.74704689310614e-17,1.19108457620017e-17,-4.53664925807265e-09,1.7004245645548e-17,-2.41695472891219e-17,-4.03047712202893e-17,2.43407115306352e-16,-8.481577069934e-17,1.14954023974895e-17,2.10700572762375e-18,1.21209986913457e-16,2.96197892244e-17,9.59419156378092e-10,3.05826598094964e-16,1.43112079124081e-17,-2.8158324457769e-18,-2.84629053219013e-17,2.05022886622363e-17,-2.44389109685784e-16,4.96973566050702e-18,1.16984304009286e-16,-1.37870465117469e-17,8.71643921675644e-17,-6.81956788029865e-17,6.90636466925916e-17,3.6286717871307e-17,4.8316715110863e-09,-9.04672814064767e-18,-3.90696210448849e-17,-1.40142151479395e-17,-8.68229099726392e-16,-1.45311875385491e-08,2.55339411962532e-17,4.8235111573866e-17,-6.18730713837085e-17,1.77639503393609e-16,6.69526221937496e-17,-5.40129849049844e-17,1.06194234326152e-16,-3.33177926069805e-17,-1.96175090307011e-18,4.85023555719198e-17,-4.92829890905901e-17,6.29236195415457e-17,-1.47189604695461e-16,-4.68645153709042e-17,1.08767785889586e-16,1.48726071169446e-16,-1.15070016796206e-16
"t112",-0.0356546365484668,-0.00909121873049949,0.00114237130961926,-0.0966270172315724,0.0184992330261165,-0.00372933160387664,0.0198728939609167,0.000313344917412531,0.000102970138199201,-0.000309348731496106,-7.5819314506778e-05,-0.0610082681951565,-0.0393234815319806,0.00381201375174663,0.000681059831849719,-0.000807001714315245,-8.51236970278498e-05,0.000774932441042976,-3.367721005384e-05,1.97784049864591e-05,-1.05472494850424e-05,-0.00100160094503109,0.00701949740994307,-0.189692524938671,-0.0643533089424843,0.000954940482796963,-0.00108731122710064,0.000988207107479593,-0.0166878537194992,0.00630584981219336,-1.71304619840402e-05,2.99101741294813e-05,-0.0140627342164632,-0.000124961719127778,2.04206404128271e-06,-3.37969095671441e-06,-0.000296056995796498,1.07401762335472e-06,8.98804533777712e-06,2.58705356968311e-06,0.000146412329794162,-2.37740718728573e-05,0.0152465449919297,0.000103976500486519,0.000126702123613768,-8.54787636819648e-06,1.94699085487465e-05,-0.00016199728099179,1.79871345240515e-05,-3.98768369247074e-05,0.00750565416091378,8.85549689824875e-06,-8.55733248145906e-09,-9.16873907826077e-06,9.02134880572046e-07,-9.40358365274026e-06,-2.48914596471679e-08,1.43015595104024e-05,-5.42766798813639e-06,2.34995461291229e-05,4.26666122618553e-05,-9.57921219783686e-06,0.00043662283094866,-0.000254737995758295,4.47881986493764e-05,-0.279140966993354,-4.07036704022251e-06,0.00010650754704253,-0.000262474772673018,8.83925659936328e-05,-6.78921008347479e-05,8.94939052736056e-05,-3.96477884021222e-06,-0.000282549121395961,0.000117048191077204,1.10313366703033e-07,-0.000612575377532569,1.09858619438217e-05,-3.73944737168602e-05,-4.2913514859176e-05,1.21576391013016e-05,0.000180893882199051,-2.15768919398953e-05,-0.000134471324265253,8.16660000118227e-06,0.00175142276268043,-0.000107635334766344,-1.93210859391754e-06,-6.32881837139047e-07,0.00016531591651793,-4.07967864477428e-06,1.03802704693248e-06,9.35553430539239e-06,-0.000975337456043042,-3.64518654786326e-07,-0.000119219258077121,-2.69669700264792e-05,6.72036625245884e-05,-0.000102007748421437,-2.72407316631324e-05,-5.87471828653303e-06,4.71036472228892e-06,-8.01361311220839e-06,2.7207997521426e-06,-1.18041921479183e-06,2.16527703770285e-05,-6.36754268241583e-05,0.000539899285873456,-9.43617114056412e-06,2.27733667112996e-06,1.00443393001385e-05,2.38032887709649e-05,-4.01030335647639e-05,3.50709707453654e-05,-1.77663681779138e-07,6.74947821755369e-06,-9.91186390870119e-06,1.03740214726862e-05,-1.03933766061255e-05,2.53807479546134e-05,-9.45200387172933e-05,2.25409889761418e-05,-2.12331562555227e-05,-5.8324227384318e-05,1.89719635412164e-05,-0.000180071338852584,1.82759277026316e-05,-5.75068936935714e-06,1.06957753462912e-05,0.000352484702027061,-1.11075704654506e-05,3.2090803720464e-05,-6.26714997725222e-05,-7.63185604017194e-06,2.71573775352585e-06,1.25282600620519e-05,-7.08660397734123e-08,-4.6334435003459e-05,1.39987917279051e-05,-4.02368879101857e-05,-2.56029330453707e-06,-9.89167089280449e-05,1.92668070850084e-05,1.22814799022597e-06,3.8745536625906e-06,-2.41612775564426e-07,-1.09754774752808e-05,1.63115492357555e-06,1.05953286999449e-07,-2.57840858895465e-07,-4.00231821526542e-05,-1.18683315305704e-06,-2.53693543896235e-05,9.46989468931638e-06,-2.71361959139884e-06,-2.35905919470827e-07,3.53466525907259e-06,-0.000349672070703226,-1.07944051092522e-06,-3.63399070757104e-07,-0.000320408640031187,3.95504252070068e-06,-8.11487526259768e-06,-0.00899026010440195,9.19420865286793e-06,-0.00353539622933944,1.11331452590456e-05,1.95342201850895e-07,9.78452487736556e-06,1.55776966674884e-05,-0.00343081185106647,6.96321326686592e-05,1.61821796271616e-06,5.57351162476804e-07,-0.000184600098639805,-1.14078612843557e-06,-0.466304023812219,-1.59706738071049e-05,-1.37969600058011e-05,-0.000497901402134046,0.000379295970619176,0.0146954013312543,3.28861418566483e-05,6.8671953195445e-07,8.39765729480529e-07,1.84829052339781e-07,-5.85816651513205e-07,2.8235545680626e-06,1.29018368621599e-05,-0.000129489079142917,-4.73664032826499e-07,9.75202111884797e-07,4.00134635402541e-06,8.62282084863863e-08,7.36258251990317e-07,-1.13003738573402e-06,-2.11974227625934e-06,-1.11569978900424e-05,1.33361579509551e-06,6.6298774108244e-07,6.66717933684614e-07,0.000119694829372522,-2.12276454473247e-08,-5.36463712760149e-05,-7.39976542544961e-06,-0.000265301713055981,5.35773668455746e-06,0.000216319020281255,-5.75784491393791e-05,-7.19765861196073e-06,-0.00176565055476298,0.127402276292802,0.00333754578099822,1.89394516795453e-05,1.18666340650799e-05,1.05509784055041e-05,-8.95249700980503e-06,-7.11123114064748e-07,8.55115312137174e-07,3.28608096904269e-06,1.64464098208086e-05,-9.46485261670278e-05,-3.37118506223968e-06,-9.98769164148188e-06,1.93972708816971e-06,9.38000994369842e-07,9.76096955854193e-06,4.90447285639486e-07,6.21867253573572e-07,3.80027935154248e-07,-7.08539782620878e-06,-3.88266307513697e-05,-8.15158054225801e-08,-1.30161548934698e-07,3.98694802425885e-09,3.85193409793353e-08,6.00060450449521e-08,7.04838733275062e-18,-1.85264717596453e-08,1.78164525047389e-06,-1.21245995619125e-07,-3.07751131051963e-06,-6.03843008487167e-07,7.29495068049426e-07,-1.55107762734076e-07,5.84594545936926e-06,-1.35531220783798e-08,9.62590529059901e-10,-4.83915717191646e-05,2.51442633745073e-06,-8.15667305372773e-08,1.13099643495249e-05,-5.62934956332916e-07,2.71594953538105e-07,-1.91489941559625e-08,1.55435538307967e-06,-1.68013428147357e-06,1.67690477156749e-05,6.07761919560277e-07,-1.28310534802594e-07,3.35855999826089e-06,-7.14685393196749e-07,9.26032451483273e-05,-0.00217226998814105,3.16150076401168e-07,-1.13191331922621e-07,4.80519352381244e-07,2.21053191384928e-05,-8.22951422926835e-05,4.99528270547379e-07,2.47595813029446e-07,-3.18238204862701e-06,0.101694790701761,4.92945576221885e-06,-9.8153169550783e-07,0.000238136901787512,-2.66714197765328e-06,1.38047488763973e-07,3.00673907432316e-07,-9.66451071389719e-06,1.00683559671752e-07,-2.72849584659766e-16,-3.7909464131034e-07,-1.35196790620477e-08,-2.26147191745638e-10,-2.41270328617793e-06,3.05539841885296e-08,-1.99708120347823e-08,-4.78593275102893e-07,6.97405001768501e-08,-5.63022317831398e-07,1.47999157281508e-06,5.73903729419449e-08,-5.92029172439499e-08,7.83702791043265e-07,-9.64986239819619e-07,3.6200810583966e-05,-5.93660779201102e-07,7.4708987829724e-06,3.76027227364094e-08,6.05735625285959e-06,1.99494649601425e-06,-2.52801989779906e-05,1.02929084959465e-06,-2.78783759910353e-06,4.51123909449524e-06,-1.7506361268803e-05,3.39929436965692e-06,3.8532920308871e-06,6.33155436480362e-05,-0.186098686248574,5.3742988471574e-08,0.290284561953108,1.52853166727009e-05,-2.74993933671401e-07,-1.76336071619316e-06,2.04093444284644e-06,1.08613738505095e-17,-1.31272385028514e-09,-7.86856806953985e-06,3.76469728321192e-07,-2.7641651724146e-07,-1.38959473708937e-05,-6.86030980778699e-08,-1.47221302878916e-07,1.96118863552013e-06,-6.00054976165852e-07,1.62885344968193e-15,2.82309320795005e-07,3.21716147297468e-09,7.72554163596166e-09,-4.02560562540004e-07,-3.63153579043178e-08,1.77413728300892e-09,3.44922406472318e-08,-3.43170792389868e-09,-0.000136058466741488,7.57681369393037e-08,-2.19602472583331e-08,-4.56569195218767e-08,-2.59945513893318e-09,-2.8757680488236e-09,-5.54995142232575e-08,3.97471330174377e-07,-6.7690300476143e-08,-1.10505844389247e-16,-1.81847945404226e-06,1.49145311653838e-07,2.41184855900826e-07,4.1993017208177e-08,-1.99869903575061e-07,-4.94620494151475e-07,8.94382542956745e-05,-8.18221639135626e-06,-4.26321256327154e-08,8.76247960104977e-17,-8.23267725861719e-08,-3.69346970650007e-07,-1.09203336617425e-07,-1.26058553682189e-16,2.12754496140479e-07,2.15580132530677e-06,-3.29938065516336e-07,-1.76708013948491e-07,-5.95693086873734e-08,-3.21264078203418e-08,-1.15574016169944e-06,3.27860915115446e-08,3.49111309748443e-07,1.64866537800369e-07,7.38019642535448e-08,7.45022303465281e-07,-1.55109385477763e-16,-3.05524281773917e-07,1.44186784828195e-07,9.43722737707e-07,-9.66832324453813e-08,3.10412126339219e-17,-9.68587866273278e-08,1.29087268445262e-07,-4.53075915368737e-08,-4.05159233605742e-08,-1.03202709289781e-07,7.71309558212252e-07,-1.49402061766485e-06,2.15877477676425e-07,1.7298587079621e-17,8.20180227866575e-07,-1.10709518703423e-06,8.63606974845391e-05,9.82498925565584e-07,-1.00054459024051e-07,-6.75768394300552e-10,-8.60422844084496e-16,-1.05182731777675e-17,-6.64440759697968e-10,-5.97138423298886e-07,7.88119028251373e-08,-1.14978711564746e-07,4.20410398857068e-16,-5.54231047532407e-08,-6.5860855258215e-10,3.65489552264388e-16,-2.88970373868515e-16,-1.55829389174475e-16,1.42113088614789e-07,4.19969478449087e-07,-6.11140869662084e-07,3.62724122258451e-07,1.8091863072825e-07,3.74191841771843e-07,-1.80241415808046e-06,-1.28199850781585e-16,-3.98004270746759e-07,7.03612729210912e-07,1.77922649127806e-16,3.14609577401155e-16,-7.12082826942324e-07,-3.46711972139912e-11,-2.65744500690241e-07,2.08040233472801e-07,2.63469036820259e-07,-1.4177985618114e-08,-5.486121265965e-16,-4.77111562928374e-08,-1.51761488827e-17,-1.62900063485126e-07,2.4156024402977e-15,-2.96540718929377e-07,2.07765553337898e-16,2.32232418236277e-07,3.21367326862113e-07,1.93676139093545e-08,2.57458016746271e-07,4.78856895724193e-05,-1.00251092485265e-07,3.49182291599572e-05,3.18073004050589e-08,1.5473340062712e-07,1.42760873292479e-08,2.240112633021e-07,-1.00657696331381e-06,-1.56167582636899e-07,-1.26923452581072e-08,-3.03530774500771e-07,2.73058217652663e-15,4.53392573365583e-06,-7.83165251022361e-07,4.87478030825317e-08,2.77880502062626e-16,6.46209275160328e-09,1.75518778323757e-07,6.28536809574764e-07,4.35224497540148e-16,-1.68557083312334e-06,-8.11466094248834e-08,-9.03314750626266e-16,-1.07349560714103e-07,1.67347865268765e-06,-5.63134194211754e-16,1.38164142049668e-15,-9.79721554678003e-08,-4.76224169313305e-08,-2.71742930189168e-10,-3.77702965453215e-07,1.00699034844355e-07,3.27097407913558e-07,2.8557115983302e-08,3.51124702062389e-07,-5.98297714409886e-07,-1.44285625114371e-15,2.41702001943697e-07,8.51201594150013e-10,2.35196181474024e-09,2.20446358213379e-07,-4.38987925606264e-15,5.4169344458806e-15,7.26728605997512e-08,-0.707106781186547,7.38457887092829e-14,4.67005185709661e-07,-5.54014625188778e-07,-1.85049121562688e-05,-6.37596550164647e-09,4.34620367328375e-05,-1.16865975601463e-07,1.50898550003213e-08,4.62143865342555e-16,4.1680755589256e-08,1.97346377128335e-09,9.10399870834233e-09,-1.05884199871968e-06,0.00121411178510284,-3.66745689740427e-15,-4.11085904041449e-15,4.52149945630938e-15,-2.75879087401826e-08,-2.71190133876293e-06,-7.92708384969186e-08,-7.4431777396227e-16,-1.1718852816563e-07,7.8326062071986e-16,3.76272486849912e-15,1.78017068573144e-06,-3.90950423972642e-08,1.17961196366423e-16,-9.65486120444416e-08,-5.52430165840745e-07,2.16635869248146e-15,1.49934319854136e-07,-3.85604200990312e-16,4.0189757024517e-08,-1.52115051374719e-16,4.01104317721248e-08,3.47290886617036e-07,1.39072936717253e-07,1.18375861860097e-08,8.13426362604405e-08,-2.82883824395067e-07,1.13015346738944e-07,-1.36858757191739e-16,5.17905126629781e-06,-1.59706096657668e-05,1.36744804440661e-15,-3.84751524794017e-08,-1.13063277556249e-07,1.82628618688023e-07,-8.61510568826699e-16,8.46613845728244e-08,1.2373671062193e-06,-7.62376072053745e-16,-2.8000899289917e-07,-6.19622316125437e-08,-3.56987139700868e-08,-1.92469744044472e-16,-1.33346437445058e-15,5.79559976352897e-08,1.77694936841001e-08,1.43803221405964e-09,-1.61226348739098e-07,1.06027098425111e-08,1.5592671699246e-16,-1.86419452383555e-16,3.8732826420183e-08,2.67005109939665e-10,-3.4473259814737e-16,9.37210701050349e-08,2.88300242823374e-16,9.53669764349333e-06,-1.79688781668564e-08,-1.05001306394175e-08,-6.96395258480644e-08,-1.19902072649322e-15,1.79502554766869e-16,1.33811018635249e-16,1.36474062191002e-16,-6.19313387782902e-08,-1.35004754000678e-07,4.95572667995486e-16,-4.67966011360875e-16,7.18010951049863e-17,1.02736041845392e-05,1.70908227479485e-09,-2.40651103353869e-07,2.25366859756719e-16,1.13624387676481e-16,-3.88361218184308e-16,-5.85784025224036e-07,3.51898516928799e-06,2.52399321368241e-16,2.18157910970051e-08,-9.08674778074459e-07,5.25563296631844e-16,6.49664535339447e-16,-5.7035363099793e-08,-5.84423226669422e-10,-2.82809726028558e-08,-1.42207127822712e-16,3.1864459394949e-08,4.64385920898639e-08,4.98782903304745e-08,-4.55292817536359e-08,-1.62232751233866e-07,1.38289772447091e-08,7.0180188727315e-16,1.35912941898657e-16,3.97140294368998e-16,2.64701367806212e-07,-1.286067806715e-05,-1.30094360513533e-08,-1.02643851213453e-08,-3.45856338023674e-16,-3.05732777437277e-16,6.9338144297976e-17,-2.00519588565638e-17,7.95549912610772e-17,5.4086192156333e-07,8.98806390422169e-17,-3.04941925609663e-17,-7.96006363964801e-09,-7.23957305470774e-17,-7.12599815248401e-09,-4.3040488372495e-17,-8.83544032648943e-09,3.11182659264029e-16,-1.07198510762609e-08,-1.34220207537517e-09,-8.47756178473928e-07,-1.6070389042642e-16,4.31455744264528e-08,-1.84725184133079e-16,6.13355832395956e-08,-1.19005504091257e-06,5.98185600115206e-10,1.51893348304583e-17,8.73702575533299e-08,-1.78254367343786e-17,-2.15066678783343e-08,-1.21400844619105e-07,-5.55229797293999e-17,1.57108724287655e-16,-1.62323419205555e-16,1.58125610473026e-16,-4.08044691331225e-10,-5.31529599350756e-09,-1.18733142471055e-09,-2.0411132868514e-16,-7.01541928095043e-18,-1.38315280586931e-07,7.09473478735165e-07,4.93133617358154e-16,1.32030514526096e-16,-5.43349213496089e-09,6.48672540203755e-16,-3.85244279480248e-08,-2.42051859325098e-17,3.64234799331679e-07,2.42512035039869e-16,2.01914167712237e-16,-2.63176268872638e-17,-2.18637680396658e-16,3.21080688888191e-16,-7.34884850746886e-17,4.85188380457159e-08,-3.39332650132206e-07,4.47432812780453e-18,-3.26078898817496e-08,1.24088408721204e-07,1.41959400344249e-16,1.328555249785e-16,1.86978615188454e-16,2.97421310776441e-16,1.22554476480865e-08,1.96075980990812e-09,1.45242975093839e-16,-1.01929024545958e-15,-2.22762460799838e-08,-7.9468688634044e-08,-1.32295305593354e-08,-8.88426748714703e-17,-1.31448902841293e-17,1.402164419297e-16,1.22869015245376e-17,1.40714389573786e-16,-1.70309727841815e-16,4.71148105022705e-08,-4.4576452659433e-08,-8.57407225232567e-09,1.27471512339783e-16,3.0267190095167e-16,-1.01990362471584e-16,6.02786273995062e-17,1.15731056154004e-16,-1.25878752803956e-16,1.93613949881926e-16,2.66377843452166e-16,-1.49443607897649e-16,1.26498054403126e-16,1.71263779944714e-16,2.42829785995694e-16,1.28122322921898e-16,2.43413331610268e-16,3.27207812954307e-08,1.72551077582622e-16,4.04002642167764e-16,-2.127866251902e-16,1.30381203654884e-05,-8.07657164364014e-10,1.35520250053538e-16,-1.19764536901571e-08,0.000202581044847893,3.18984227613835e-17,7.7568491988519e-17,-1.174393841868e-07,-2.35055511789933e-16,2.9218776777441e-07,-5.01909117651475e-17,1.51923745005517e-16,4.22920056975569e-17,1.61383540915999e-18,1.47599182818313e-09,-2.02710759001739e-07,2.84798733043331e-16,-6.6302994076094e-17,-4.70790446496318e-17,-2.44742424609796e-16,-4.77048955893622e-18,-1.41195942664531e-17,5.44834139312983e-17,-1.19587261346964e-16,1.69372334776339e-08,-8.03540558997167e-17,-4.412636175789e-17,3.50205608340712e-16,-1.21332963836896e-16,-1.74369232187333e-16,3.01642264378744e-16,-4.84291495613326e-08,5.62987936260784e-17,6.02382494729989e-17,3.61138209507746e-08,-1.57820830659701e-16,3.08138780282536e-17,-8.37605722325458e-17,1.75570095961071e-17,3.31232494345307e-07,-1.56571463615993e-17,-2.22822294400902e-08,-1.97115285318284e-17,-3.38030955037502e-17,-2.83603507845487e-16,-4.97631856511901e-17,3.66610235727033e-17,1.82150748163661e-16,8.05731806341359e-10,-2.90158135668163e-16,3.57742520025255e-17,3.13969463580496e-08,-1.00641826696932e-07,-7.68877159852782e-18,7.05346379860971e-08,1.03322057086373e-08,1.46413129670593e-17,6.3825748352506e-17,9.76334946891257e-17,7.04178930162234e-17,6.71290783924591e-17,-1.73922898213184e-08,-1.28222812832393e-17,-1.49913030208135e-16,-5.7488362803415e-18,6.96686986513217e-09,5.71560056889043e-17,1.38091094982242e-16,1.70216494108573e-16,1.20606155286282e-16,-3.17648313916559e-09,1.34793086805311e-16,1.04868477841576e-08,-2.07528861884071e-16,-1.34604722424442e-16,5.23961200588866e-17,1.16910815720589e-16,1.25617186661891e-16,-3.75109528798243e-17,-1.48252875824502e-16,-1.14584897641281e-07,1.3154289829795e-16,1.64492042732386e-16,1.34966055416218e-06,-2.10454879995555e-16,1.969670762155e-16,-7.59979988180095e-17,1.25447092498468e-16,2.09539622686046e-16,-2.87592969766821e-17,-5.06629593135773e-08,-3.75094910202099e-17,7.53832440637455e-17,5.53264727878674e-06,1.04221307560424e-16,-3.16646471680468e-17,8.74374354867774e-17,2.52473394675715e-17,2.34173472867849e-16,1.43504513282647e-16,-9.3662964271447e-17,-1.27230946120204e-17,4.31859159051823e-17,1.29040634931682e-16,1.19056036544217e-16,-2.57540509749734e-05,1.81384598888185e-07,1.13546634309337e-17,1.29746770462954e-16,-3.60661474317935e-17,-4.96739595845732e-17,-3.90312782094782e-17,1.06143274177084e-16,3.66031043705964e-18,-1.08280451948165e-16,-2.28071473380182e-09,-5.64206394378539e-17,-9.20861940644957e-18,-1.54288999267059e-16,6.90459646604321e-17,2.922849161851e-09,-7.55179504501041e-17,-3.20006648218488e-09,6.32613509739396e-18,8.12085433173529e-17,4.6116162704808e-17,1.60446184694027e-16,7.49331972006629e-17,-2.7090021073405e-17,-3.01695242162313e-16,4.11457384451096e-17,-4.74327878734741e-17,-1.60384962922673e-18,1.3390510859784e-16,4.40496147747411e-17,4.21262391828004e-16,-2.5406325405555e-17,2.72526566493424e-17,1.88788684583501e-16,6.29298336899934e-18,5.27046806907696e-17,-9.66739144212672e-17,-7.68543262679948e-17,-8.5868812060852e-17,-2.84337968408855e-17,3.30549005718173e-16,-1.77804254170442e-16,6.27862784964981e-16,2.21556621607521e-10,-7.88175151739558e-17,-4.29749441968409e-17,-1.35774854166572e-16,-2.58868914520966e-16,5.04845896474842e-17,-9.33766893810879e-17,-2.18180200617428e-16,1.4634733819926e-16,3.20443762981401e-17,-1.1723991704983e-17,-1.31361935218344e-15,-1.36015564773507e-16,1.2490156382167e-17,-3.21344032614233e-17,-4.5073468480216e-16,6.7052218599834e-17,-6.66557311208592e-17,-2.85903966512179e-09,-7.51699066105897e-17,7.90111470351537e-18,4.92163521041183e-17,7.7118271661619e-17,1.37373779103278e-16,-9.98635318907446e-18,-6.10892576193616e-17,6.13029298626748e-17,-2.88592186956157e-17,6.07428183080241e-10,2.67213651106355e-16,1.04013620819938e-17,-7.99478973427644e-17,2.76338951246365e-16,-2.02192997817205e-18,5.77878695992959e-17,-3.12783549163742e-17,1.22934125208691e-16,-4.40891211943084e-17,-1.49506635709717e-17,4.06763095591735e-17,-6.77866864897993e-17,3.76115488163633e-17,3.0730103707311e-09,1.17168794381696e-17,2.73086843069361e-18,9.69896371011978e-17,2.08166817117217e-16,-9.26146673688003e-09,-6.83053114222029e-17,-4.71673572772778e-17,3.52775482412302e-17,1.47140745399824e-17,1.56104545773962e-17,6.53665920403884e-17,2.26906241825739e-16,3.54211991508416e-17,7.74735881449814e-19,2.80406389945342e-18,-4.13426186646913e-17,1.11459731041717e-16,-2.43064461307756e-17,-5.36341373786864e-17,-5.24100103849987e-17,5.83945733240987e-17,-2.052037772781e-16
"t344",-0.0356546365484668,-0.00909121873049948,0.00114237130961927,-0.0966270172315724,0.0184992330261165,-0.00372933160387664,0.0198728939609167,0.000313344917412529,0.000102970138199219,-0.000309348731496111,-7.58193145067667e-05,-0.0610082681951565,-0.0393234815319806,0.00381201375174662,0.000681059831849712,-0.000807001714315251,-8.51236970278607e-05,0.000774932441042986,-3.36772100538426e-05,1.9778404986473e-05,-1.05472494850411e-05,-0.00100160094503108,0.00701949740994309,-0.189692524938671,-0.0643533089424843,0.000954940482796921,-0.00108731122710062,0.000988207107479594,-0.0166878537194992,0.00630584981219336,-1.71304619840466e-05,2.99101741294751e-05,-0.0140627342164632,-0.000124961719127792,2.04206404130623e-06,-3.3796909566955e-06,-0.000296056995796437,1.07401762336333e-06,8.98804533778604e-06,2.58705356969294e-06,0.000146412329794206,-2.3774071872843e-05,0.0152465449919297,0.000103976500486505,0.000126702123613763,-8.5478763682018e-06,1.94699085487873e-05,-0.000161997280991844,1.79871345240346e-05,-3.98768369246904e-05,0.00750565416091381,8.85549689824946e-06,-8.55733249361785e-09,-9.16873907823648e-06,9.02134880603908e-07,-9.40358365274406e-06,-2.48914596097756e-08,1.43015595103839e-05,-5.42766798812071e-06,2.34995461290905e-05,4.26666122618526e-05,-9.57921219782864e-06,0.000436622830948726,-0.000254737995758224,4.47881986493573e-05,-0.279140966993354,-4.07036704020551e-06,0.000106507547042509,-0.000262474772673022,8.8392565993621e-05,-6.7892100834706e-05,8.94939052735726e-05,-3.96477884020358e-06,-0.000282549121395984,0.000117048191077218,1.10313366720248e-07,-0.000612575377532563,1.09858619438371e-05,-3.73944737168494e-05,-4.29135148591698e-05,1.21576391012793e-05,0.000180893882199032,-2.15768919399381e-05,-0.000134471324265274,8.16660000117312e-06,0.00175142276268037,-0.000107635334766351,-1.93210859393857e-06,-6.32881837160029e-07,0.000165315916518083,-4.07967864475777e-06,1.03802704690473e-06,9.35553430540709e-06,-0.000975337456043008,-3.64518654772211e-07,-0.000119219258077136,-2.69669700264691e-05,6.72036625245508e-05,-0.000102007748421454,-2.72407316630832e-05,-5.87471828651829e-06,4.71036472225526e-06,-8.01361311223094e-06,2.7207997521061e-06,-1.18041921476869e-06,2.16527703770271e-05,-6.36754268241651e-05,0.000539899285873435,-9.43617114053721e-06,2.27733667114731e-06,1.0044339300178e-05,2.38032887709897e-05,-4.01030335647299e-05,3.50709707453413e-05,-1.77663681767745e-07,6.74947821746161e-06,-9.91186390875269e-06,1.0374021472642e-05,-1.03933766061139e-05,2.53807479546269e-05,-9.45200387172593e-05,2.25409889761203e-05,-2.12331562555058e-05,-5.83242273843208e-05,1.89719635412032e-05,-0.000180071338852577,1.82759277026663e-05,-5.75068936936618e-06,1.06957753462816e-05,0.000352484702027011,-1.11075704653875e-05,3.2090803720513e-05,-6.26714997724323e-05,-7.63185604012802e-06,2.71573775361006e-06,1.252826006209e-05,-7.08660397660751e-08,-4.63344350034752e-05,1.39987917278898e-05,-4.02368879101397e-05,-2.56029330454407e-06,-9.89167089281661e-05,1.92668070850213e-05,1.22814799017831e-06,3.87455366257887e-06,-2.41612775544257e-07,-1.09754774752916e-05,1.63115492359068e-06,1.05953286997748e-07,-2.57840858887694e-07,-4.00231821528888e-05,-1.18683315307595e-06,-2.53693543896173e-05,9.46989468931049e-06,-2.71361959149998e-06,-2.35905919467878e-07,3.53466525907864e-06,-0.000349672070703199,-1.0794405109217e-06,-3.63399070729251e-07,-0.000320408640031245,3.9550425207016e-06,-8.114875262569e-06,-0.00899026010440201,9.19420865289861e-06,-0.00353539622933937,1.11331452588802e-05,1.95342201828516e-07,9.78452487747883e-06,1.55776966674138e-05,-0.00343081185106649,6.96321326686831e-05,1.61821796274203e-06,5.5735116263862e-07,-0.000184600098639905,-1.14078612837309e-06,-0.466304023812218,-1.59706738070414e-05,-1.37969600058061e-05,-0.000497901402134066,0.000379295970619239,0.0146954013312543,3.28861418566291e-05,6.86719531925124e-07,8.39765729435948e-07,1.84829052187065e-07,-5.85816651479047e-07,2.82355456796118e-06,1.29018368621685e-05,-0.000129489079142885,-4.73664032882391e-07,9.75202111919831e-07,4.00134635393239e-06,8.62282084627146e-08,7.36258251980584e-07,-1.13003738565927e-06,-2.11974227636514e-06,-1.11569978901931e-05,1.33361579509281e-06,6.62987741054381e-07,6.66717933667655e-07,0.00011969482937252,-2.12276454137049e-08,-5.36463712759781e-05,-7.39976542544734e-06,-0.000265301713055956,5.35773668445086e-06,0.000216319020280957,-5.75784491392699e-05,-7.19765861197734e-06,-0.00176565055476274,0.127402276292801,0.00333754578099832,1.89394516794492e-05,1.18666340651489e-05,1.05509784055115e-05,-8.95249700990436e-06,-7.11123114068704e-07,8.5511531227179e-07,3.2860809691265e-06,1.64464098206769e-05,-9.46485261670972e-05,-3.37118506240389e-06,-9.98769164141634e-06,1.93972708814937e-06,9.38000994340637e-07,9.76096955862346e-06,4.90447285760658e-07,6.2186725366801e-07,3.80027935325411e-07,-7.08539782608492e-06,-3.88266307515928e-05,-8.15158054277584e-08,-1.3016154891535e-07,3.98694810601628e-09,3.8519340882422e-08,6.00060451678625e-08,7.3070107136336e-17,-1.85264717805916e-08,1.7816452507341e-06,-1.21245995579989e-07,-3.07751131041243e-06,-6.03843008507042e-07,7.29495068089321e-07,-1.55107762755045e-07,5.84594545940938e-06,-1.35531221491085e-08,9.62590618367983e-10,-4.83915717192045e-05,2.51442633738304e-06,-8.1566730562843e-08,1.13099643495121e-05,-5.62934956343758e-07,2.71594953623743e-07,-1.91489944335183e-08,1.55435538310975e-06,-1.68013428166574e-06,1.67690477155708e-05,6.07761919522906e-07,-1.28310534817442e-07,3.35855999828766e-06,-7.14685393228854e-07,9.26032451484136e-05,-0.00217226998814081,3.16150076313238e-07,-1.13191331831269e-07,4.80519352410697e-07,2.21053191384112e-05,-8.22951422928637e-05,4.9952827041673e-07,2.47595813102855e-07,-3.1823820486968e-06,0.101694790701761,4.92945576241119e-06,-9.81531695425617e-07,0.000238136901787605,-2.66714197779278e-06,1.38047488633275e-07,3.00673907424659e-07,-9.66451071382104e-06,1.00683559422491e-07,-1.01417336396168e-16,-3.79094641307478e-07,-1.35196792273266e-08,-2.26147103008465e-10,-2.41270328613035e-06,3.05539841635796e-08,-1.99708122504585e-08,-4.78593275169797e-07,6.97405002457515e-08,-5.63022317884303e-07,1.47999157271673e-06,5.73903729761962e-08,-5.92029172349133e-08,7.8370279155219e-07,-9.64986240015614e-07,3.62008105838079e-05,-5.93660779172677e-07,7.47089878315888e-06,3.76027226772577e-08,6.05735625289315e-06,1.9949464960299e-06,-2.52801989776683e-05,1.0292908497196e-06,-2.78783759905548e-06,4.51123909453681e-06,-1.75063612687924e-05,3.39929436958521e-06,3.85329203099655e-06,6.33155436479411e-05,-0.186098686248573,5.37429885617628e-08,0.290284561953107,1.52853166727909e-05,-2.74993933448015e-07,-1.7633607161257e-06,2.0409344428907e-06,6.14064803494494e-17,-1.31272361896317e-09,-7.86856806977572e-06,3.76469728268283e-07,-2.76416517144536e-07,-1.38959473709576e-05,-6.86030979794275e-08,-1.47221302777754e-07,1.96118863560459e-06,-6.00054976228641e-07,1.66788588774092e-15,2.82309321041694e-07,3.21716143705645e-09,7.72554135999654e-09,-4.02560562638213e-07,-3.63153577873358e-08,1.77413738401458e-09,3.44922403263728e-08,-3.43170785206123e-09,-0.000136058466742202,7.57681369342497e-08,-2.19602478255434e-08,-4.56569195047367e-08,-2.59945522751191e-09,-2.8757674809185e-09,-5.54995145902106e-08,3.9747133039711e-07,-6.76903003843727e-08,-3.423453481692e-16,-1.81847945369427e-06,1.49145310911376e-07,2.41184855377268e-07,4.19930172531919e-08,-1.9986990392347e-07,-4.94620494375851e-07,8.94382542955541e-05,-8.18221639142874e-06,-4.26321258375421e-08,6.91840248837377e-17,-8.23267729293853e-08,-3.69346970100097e-07,-1.0920333666112e-07,1.34022792078278e-16,2.12754496221867e-07,2.15580132504482e-06,-3.29938065735933e-07,-1.76708014054433e-07,-5.95693083865935e-08,-3.21264078384382e-08,-1.15574016163834e-06,3.27860914940975e-08,3.49111309781855e-07,1.64866537857318e-07,7.38019643442114e-08,7.45022304305293e-07,5.95157680879164e-17,-3.05524281589933e-07,1.4418678485452e-07,9.43722737593046e-07,-9.66832328498006e-08,-2.08145925504452e-16,-9.68587865292217e-08,1.29087269434489e-07,-4.53075913801532e-08,-4.05159230916977e-08,-1.03202709329594e-07,7.71309557848609e-07,-1.49402061834444e-06,2.1587747761832e-07,2.07554203800406e-16,8.2018022803768e-07,-1.10709518739136e-06,8.63606974843229e-05,9.82498925106102e-07,-1.00054458896849e-07,-6.75768505551394e-10,8.04911692853238e-16,-8.89457718993169e-17,-6.64441231245366e-10,-5.97138423241586e-07,7.88119025031437e-08,-1.14978712064043e-07,1.37585207679255e-16,-5.54231042951044e-08,-6.58609286396703e-10,-4.0285721496564e-16,1.37692481566539e-16,3.83575802451159e-17,1.42113088770303e-07,4.19969477996383e-07,-6.11140869470781e-07,3.62724122730267e-07,1.80918630638392e-07,3.74191841999619e-07,-1.8024141579107e-06,-3.40416341203263e-17,-3.98004271097393e-07,7.03612729534766e-07,-2.04155033094394e-16,-2.56694533237753e-16,-7.12082826322833e-07,-3.46711134432138e-11,-2.65744499099602e-07,2.08040233902138e-07,2.63469036751981e-07,-1.41779861550777e-08,9.67592165754603e-17,-4.77111559308692e-08,3.00766754251624e-16,-1.62900063664591e-07,-2.5506940309894e-15,-2.96540716577058e-07,-2.67345867768191e-16,2.32232418610492e-07,3.21367326107505e-07,1.93676136866416e-08,2.57458015591071e-07,4.78856895731163e-05,-1.00251092834025e-07,3.49182291596826e-05,3.18073006714557e-08,1.54733400829532e-07,1.42760872764268e-08,2.2401126444046e-07,-1.00657696274534e-06,-1.56167583378595e-07,-1.26923449426163e-08,-3.03530773688602e-07,-3.8038786158252e-15,4.53392573322804e-06,-7.83165251015017e-07,4.87478029997914e-08,6.24509755985744e-16,6.46209283242929e-09,1.75518776479078e-07,6.28536810525395e-07,-5.03502513009941e-16,-1.68557083116306e-06,-8.11466068734993e-08,9.67126364804297e-16,-1.07349560792441e-07,1.67347865526478e-06,5.00092775102602e-16,-1.11980075546651e-15,-9.7972154341699e-08,-4.76224165306138e-08,-2.71746479719549e-10,-3.77702959402989e-07,1.00699036396889e-07,3.27097416443089e-07,2.85571192984947e-08,3.51124701473015e-07,-5.98297716175862e-07,1.57773100140091e-15,2.41701998843981e-07,8.51180569554381e-10,2.35196364739642e-09,2.20446360249592e-07,4.28944434576958e-15,-5.52876224524266e-15,7.26728527115973e-08,0.707106781186548,-7.36513665836785e-14,4.67005169076445e-07,-5.54014615685576e-07,-1.85049121299554e-05,-6.37596206869706e-09,4.34620367352681e-05,-1.16865987729285e-07,1.50898575836186e-08,-4.96652859254769e-16,4.16807536485162e-08,1.97346507040299e-09,9.10399510255572e-09,-1.05884200077891e-06,0.00121411178509792,3.09483463543141e-15,4.05670875388823e-15,-3.21528588450039e-15,-2.7587906336107e-08,-2.71190133797465e-06,-7.9270836940909e-08,4.12187271511982e-16,-1.17188525596135e-07,-6.37640536431023e-16,-3.75777505844927e-15,1.78017068627474e-06,-3.90950409819098e-08,9.54097911787244e-17,-9.6548612295461e-08,-5.52430165173345e-07,-2.04961227720519e-15,1.49934319162092e-07,5.53785488666944e-16,4.01897563632284e-08,1.40889987752502e-17,4.01104352986287e-08,3.47290887061174e-07,1.39072935815475e-07,1.1837590628795e-08,8.13426351720256e-08,-2.8288382552177e-07,1.13015345915309e-07,8.74796823723873e-17,5.17905126641163e-06,-1.59706096661048e-05,-1.50282689448957e-15,-3.84751554469908e-08,-1.13063277474468e-07,1.82628618175113e-07,9.03600853441814e-16,8.46613841500071e-08,1.23736710562348e-06,7.84908947185479e-16,-2.80008993250766e-07,-6.19622303420822e-08,-3.56987131207098e-08,7.22469741834426e-17,1.20847474349964e-15,5.7955998201559e-08,1.77694931307593e-08,1.43803219764741e-09,-1.6122634898433e-07,1.06027103173471e-08,-2.30913864061357e-16,5.19450630298522e-16,3.87328269724745e-08,2.67004300905651e-10,1.47954193161095e-16,9.37210696326035e-08,-2.96085447140934e-16,9.53669764320673e-06,-1.79688785145389e-08,-1.05001309947091e-08,-6.96395257186601e-08,-1.3029673272093e-15,-2.00751179091322e-16,-6.70766888390789e-17,-3.88656298266738e-16,-6.19313388897539e-08,-1.35004754733589e-07,-2.86351037756858e-16,3.55258838234139e-16,-1.98742693626981e-16,1.02736041851843e-05,1.70908144312311e-09,-2.40651103499151e-07,-1.95424404200154e-16,-1.11672823766007e-16,7.84095011141517e-16,-5.85784025896088e-07,3.51898516931057e-06,-3.21511714543941e-16,2.18157909957362e-08,-9.08674778132257e-07,-3.96287508778368e-16,-6.85268024205088e-16,-5.70353630213576e-08,-5.84423893473269e-10,-2.82809724837413e-08,1.23205118311002e-16,3.18644595196805e-08,4.64385922107036e-08,4.98782907033306e-08,-4.55292817510857e-08,-1.62232751634756e-07,1.38289774897951e-08,-4.55692398185143e-16,-7.44419144193104e-16,-2.65955559052289e-16,2.64701368637136e-07,-1.28606780680346e-05,-1.30094360890869e-08,-1.02643849056056e-08,1.75262895082639e-16,2.50962679840366e-16,7.62484086969354e-17,1.83499551823793e-17,-4.82915554793738e-16,5.40861921687435e-07,-1.97271500595615e-16,-1.18057939862102e-16,-7.96006362818329e-09,3.63582112142015e-17,-7.12599828129113e-09,1.08630557048085e-16,-8.83544033442644e-09,-3.83567091703091e-16,-1.07198513055032e-08,-1.3422019860257e-09,-8.47756178581046e-07,1.50538320705957e-16,4.31455741462887e-08,2.25163343906501e-16,6.13355836106691e-08,-1.19005504086068e-06,5.98185666026538e-10,-8.13048579561373e-17,8.73702570614346e-08,1.60530920263553e-16,-2.15066677293554e-08,-1.2140084452317e-07,1.38145077860336e-17,-2.62856699604383e-16,-1.53187463136153e-16,-2.2711086252425e-16,-4.0804526899083e-10,-5.31529624410684e-09,-1.18733157346981e-09,1.54937220026833e-16,-2.62654840980452e-17,-1.38315280286998e-07,7.09473479692732e-07,-4.67469642455853e-16,-2.08432364218338e-16,-5.43349200378398e-09,2.362318055716e-16,-3.85244277850003e-08,1.37555676770804e-16,3.6423479952666e-07,-2.74102599326368e-16,-3.00281695728424e-16,1.61152160712144e-17,2.25943268943381e-16,-3.4219563734209e-16,-1.50499879776767e-17,4.85188383683904e-08,-3.39332649907701e-07,-4.2270585878591e-17,-3.26078899237951e-08,1.24088408558439e-07,-1.16730296432708e-16,-7.44960383588917e-17,-3.03554217768755e-16,-1.42998246959163e-16,1.22554473499591e-08,1.96075968314957e-09,8.04085052708002e-17,-1.24923810222911e-15,-2.22762461942209e-08,-7.94686886097185e-08,-1.32295303377806e-08,9.37177890696035e-17,4.7044587380441e-17,-6.69880878804755e-17,8.691805111099e-17,5.62961278283538e-17,1.51658895078048e-16,4.71148101874706e-08,-4.45764532056699e-08,-8.57407226373303e-09,-4.51174079998502e-17,-2.9534405401944e-16,2.82217998923038e-16,-5.6726933919517e-17,-1.59671626698363e-16,-1.87976401982916e-16,-2.71309430616571e-16,-3.4441150622222e-16,7.79954822465888e-17,-6.00638253192504e-17,-1.93208680143707e-16,-1.17994779498263e-16,-1.12211267444204e-16,-1.35826705193649e-16,3.27207813046239e-08,3.67480133906611e-17,-3.69684030268685e-16,1.24872959003283e-16,1.3038120365409e-05,-8.0765698626392e-10,-8.45837176227683e-17,-1.19764533978598e-08,0.000202581044848085,-7.5135020436876e-17,-1.17371319620036e-16,-1.17439384357054e-07,2.64864164249897e-16,2.92187767506141e-07,-3.10119522687847e-17,-1.36423746449341e-16,3.03163907162093e-17,-4.93845355822727e-17,1.47599194591304e-09,-2.02710759020524e-07,-1.51972099565533e-16,-2.6627774809887e-17,9.31864292058379e-17,-5.82596509054336e-17,-2.05131051034257e-16,-3.64360527232433e-17,1.35369782475952e-17,6.81566574196762e-17,1.6937233549385e-08,6.5427866087142e-17,7.08555224199984e-17,-3.07542479928507e-16,1.12609874444329e-16,1.7775163745957e-18,-1.02761757826553e-16,-4.84291497238311e-08,-9.71047123252539e-18,-4.56700011635274e-17,3.61138209944241e-08,9.81117441279999e-17,5.30323832447027e-17,8.08005954332151e-17,-1.86736368628761e-16,3.31232494308357e-07,3.30008827820316e-17,-2.22822294521572e-08,4.84120240275648e-17,3.17416689010087e-17,-1.96413345116177e-16,-2.90667826179786e-17,-1.00830275522962e-16,-2.67305280876845e-16,8.05731948271473e-10,-1.16256592679547e-16,-3.23139273667588e-17,3.13969462543816e-08,-1.00641826690502e-07,1.20741740625187e-17,7.05346377688368e-08,1.03322057259592e-08,-3.13435650056952e-17,-3.94444963363755e-17,1.46614690479388e-16,-4.18301437081304e-17,-7.53869683333703e-17,-1.73922898358578e-08,2.40065909237244e-16,-4.01849940890252e-17,-2.43408600022818e-17,6.966869780744e-09,1.09361382066921e-16,7.7811524949803e-17,-1.16162642850548e-16,-1.66570616443035e-16,-3.17648310422571e-09,1.61753904646697e-17,1.04868476217831e-08,2.09400729969833e-16,2.64137730657749e-16,8.45888282980032e-17,-6.70267682308874e-17,-7.88562951363684e-17,7.58351065754252e-17,3.48275469629983e-17,-1.14584897374256e-07,-2.49947291159295e-16,4.40934240556914e-17,1.3496605542332e-06,1.9130013597369e-17,-1.59376937760348e-16,1.22527224385296e-16,-8.69820377371007e-17,-8.69129430337362e-17,-1.16169252416947e-18,-5.06629594380439e-08,-1.02181140430549e-16,-6.90371485001997e-17,5.53264727910296e-06,-2.0672727175912e-16,1.14179737276669e-17,-7.69819249594885e-17,1.17615709063119e-16,-2.45270830046118e-16,2.92692023732495e-16,7.0776011503365e-17,3.49652651873559e-17,-9.74253685358725e-17,-1.43406319913367e-16,-7.68607020823728e-17,-2.57540509753177e-05,1.81384598714496e-07,-1.04520344354165e-16,-8.63720548266169e-17,3.24695019719441e-17,-9.77211016750921e-17,-1.96023752785379e-16,-9.54497871291865e-18,4.98748380383751e-17,4.09223842798552e-18,-2.28071476183279e-09,1.70354018703288e-17,-1.93519478694584e-17,3.59580280892454e-17,-2.79490269201251e-17,2.92284904366598e-09,3.75720099869055e-17,-3.20006654761732e-09,-1.26674929579931e-17,-1.37845222993927e-16,2.13782018275883e-17,-2.53322610894408e-16,-6.5497158835526e-18,7.2362497512944e-17,3.04414357046532e-16,-2.16088272373589e-16,1.17654856012186e-16,4.18052930902995e-17,-1.26863484909113e-16,-3.73449742864289e-17,-6.42748014177187e-17,-1.53290119418446e-17,-4.17956311260942e-18,-6.24850594812015e-17,-8.40454439342149e-18,6.28386227601627e-17,1.39812202391714e-17,9.76709273198728e-17,2.9620403352304e-16,-3.05140500426092e-17,1.54785647744835e-18,8.13901965898297e-17,9.3067312842648e-16,2.215566658622e-10,1.23834414299046e-16,1.37436297304751e-16,1.38516669335478e-16,5.58453827798487e-17,-1.66499329390742e-16,1.57490473506258e-16,4.75692373332994e-17,-4.09468803455337e-17,4.21762764721802e-17,3.154665497873e-17,5.62917767954474e-16,1.25112402975474e-16,-4.64808529627627e-18,-1.31833955523814e-17,3.58441824692793e-16,-1.01207253992931e-16,8.73229793119827e-17,-2.8590395320021e-09,3.47094126061328e-17,-4.39896204974724e-17,-2.86782637330334e-19,1.90420246680639e-16,7.54509496724971e-17,-9.51175741199872e-17,9.36236828918689e-17,5.8045278242437e-17,4.25170222083683e-17,6.07428343290119e-10,1.22093190319172e-16,9.76694852174406e-17,2.92347098133541e-17,-1.85765085718027e-16,1.15256547174812e-17,-1.36364931619465e-18,-6.25547906627424e-18,-9.77729918132701e-19,3.39295128098484e-17,4.41769867811449e-17,5.14435946725199e-18,-4.14913811928362e-17,-1.29129474712832e-17,3.07301039484836e-09,4.30741402910221e-17,-1.02195095710597e-16,-1.655090648276e-16,-3.2612801348364e-16,-9.26146667214005e-09,3.92667045018267e-17,9.35202186125226e-17,-1.86502994491129e-17,-1.9975731037734e-17,8.2202525100579e-19,1.3770076800973e-17,6.37392412264224e-17,2.18408634328283e-17,-8.49194422787454e-17,-4.41498591558062e-17,-4.17671894915665e-17,-2.10842460818381e-17,3.71378085132458e-17,1.55994757394435e-16,-3.16277355413727e-17,6.18567104826431e-17,-1.91056025084584e-16
"t295",-0.0356370469691464,-0.00908176449049974,0.00114114487960723,-0.0964879614369007,0.0184666330868749,-0.00372162035766274,0.0198309947262882,0.000312631685453388,0.000102693288629205,-0.000308340041837214,-7.55055921976566e-05,-0.0606971675040653,-0.0391170873327449,0.0037917027289624,0.000677272674199987,-0.000802249076108019,-8.46103949099924e-05,0.000770174754788115,-3.3465655727029e-05,1.96434101272999e-05,-1.04693725554596e-05,-0.000992671334486683,0.00695339852603978,-0.18789606003792,-0.0637414512380263,0.000945426823380499,-0.00107635027441206,0.000978155481117197,-0.0165135420093379,0.00622801446257011,-1.69049081820341e-05,2.94983386692229e-05,-0.0138550414176606,-0.000123028096192853,2.00884157840007e-06,-3.32028260414491e-06,-0.000290786415405044,1.05459127283464e-06,8.8243600251488e-06,2.53923320532599e-06,0.000143627592991004,-2.33108465531532e-05,0.0149450089599202,0.000101917593788215,0.000124149068088138,-8.36454036878382e-06,1.90445095073224e-05,-0.000158427132834853,1.75811523697079e-05,-3.8953667469287e-05,0.00732604831668391,8.64035413242621e-06,-8.34897472429094e-09,-8.9412987019713e-06,8.78941962373188e-07,-9.16053630316971e-06,-2.41858432567544e-08,1.38862318484803e-05,-5.26959488105736e-06,2.27747892917208e-05,4.12946493763937e-05,-9.26491014513099e-06,0.000422063924507852,-0.000246209625864745,4.32438477993538e-05,-0.269263001992506,-3.9181268665377e-06,0.000102426715218526,-0.000252306780111252,8.49005445741955e-05,-6.49322213649222e-05,8.53092906499871e-05,-3.77744689862541e-06,-0.000268912021217917,0.000111383976154752,1.04926451209054e-07,-0.000582553994366108,1.04379652659759e-05,-3.54559899479634e-05,-4.06546654724738e-05,1.15010496035516e-05,0.000171070624822922,-2.03580402800824e-05,-0.000126786210978868,7.67658063474159e-06,0.00164496111488727,-0.000101007220645776,-1.81288185862454e-06,-5.93806624693836e-07,0.000155095056240256,-3.8262107527855e-06,9.70550360128442e-07,8.7449020932039e-06,-0.000909933211148939,-3.38945862934052e-07,-0.000110799564625098,-2.50618749561922e-05,6.23759023150227e-05,-9.46344940305011e-05,-2.52260047419665e-05,-5.43216327712697e-06,4.35494725385333e-06,-7.40784818119106e-06,2.49819656306699e-06,-1.08328911482969e-06,1.9863166332604e-05,-5.83711982614373e-05,0.000494826953283412,-8.64537221912983e-06,2.0853728338638e-06,9.19607276441211e-06,2.17705488948143e-05,-3.6673810617642e-05,3.19848499622987e-05,-1.61935692729925e-07,6.14412855627407e-06,-9.01772064428314e-06,9.42334484700982e-06,-9.42663616716261e-06,2.29936480371905e-05,-8.55746886144898e-05,2.03620398539673e-05,-1.91528950484235e-05,-5.26071561490775e-05,1.71087311573451e-05,-0.000162145798749201,1.64545880395398e-05,-5.17099932125498e-06,9.58286171394992e-06,0.000315795388957418,-9.94850025692068e-06,2.86732692278363e-05,-5.59711038342501e-05,-6.81361147666624e-06,2.42123840004907e-06,1.11675525958677e-05,-6.29887465351534e-08,-4.1091459159362e-05,1.2377960451143e-05,-3.55752029728056e-05,-2.26255185697173e-06,-8.73916799929987e-05,1.70151971142127e-05,1.08445656024344e-06,3.42122990308783e-06,-2.13115921511538e-07,-9.66125591236314e-06,1.43308074306128e-06,9.30452251674316e-08,-2.26214143319591e-07,-3.51113996719613e-05,-1.04082572265944e-06,-2.22439941088736e-05,8.30144832278886e-06,-2.37468846467481e-06,-2.06394910427677e-07,3.09202979366905e-06,-0.000305831122380861,-9.45424243975329e-07,-3.18374543420459e-07,-0.000281288421355804,3.47398446060391e-06,-7.15880731919906e-06,-0.00793636626182944,8.17226868145285e-06,-0.0031742159935444,1.08211971499399e-05,1.91014628726073e-07,9.58324689879404e-06,1.57011670165615e-05,-0.00362903904570262,7.43117373385777e-05,2.19103216943381e-06,9.17910377430638e-07,0.000877665770255727,1.30214139513475e-06,0.306077743286284,-8.55431412139821e-06,-8.96494247340309e-06,-0.000328219541679482,0.000252946221607559,0.010053654536779,2.26645053666297e-05,4.76223400832265e-07,5.85343037229932e-07,1.30533752653259e-07,-4.14764102757232e-07,2.0267427872144e-06,9.2634738526075e-06,-9.3189916393152e-05,-3.41935868897962e-07,7.03968701222295e-07,2.88726835309747e-06,6.21629618179607e-08,5.30300949558717e-07,-8.11021045742846e-07,-1.51991242370962e-06,-7.98287811154481e-06,9.53120838800665e-07,4.690129446179e-07,4.71398802726274e-07,8.4205287252006e-05,-1.48552050103266e-08,-3.7026295761691e-05,-5.10691469975397e-06,-0.000182848666116193,3.67703281556808e-06,0.00014801510373828,-3.90741427789631e-05,-4.8322938402353e-06,-0.00117469973452294,0.0845180121309441,0.00218453679695053,1.23002405307366e-05,7.70518469280786e-06,6.80826259151291e-06,-5.6821726196865e-06,-4.49870661456095e-07,5.3121559534255e-07,2.0145200548079e-06,1.00349841593578e-05,-5.65963659073382e-05,-2.00580092487151e-06,-5.90956607557092e-06,1.12775141960085e-06,5.43362208797204e-07,5.64920805832705e-06,2.78083113536563e-07,3.48023859435816e-07,2.09493274365565e-07,-3.87840372440504e-06,-2.10950762046841e-05,-4.3974504589521e-08,-7.00737540500199e-08,2.10518128596605e-09,2.00841760926656e-08,3.08482664644876e-08,1.68663555434218e-16,-9.32433949665136e-09,8.92781450333863e-07,-5.88645607047496e-08,-1.45556100447645e-06,-2.791477059453e-07,3.36759299327973e-07,-6.83760459115488e-08,2.55587363116778e-06,-5.90267849144294e-09,4.11371530323285e-10,-2.04080752192075e-05,1.03392298922582e-06,-3.31503273738462e-08,4.57408057132696e-06,-2.21416766919726e-07,9.29810038276391e-08,-6.17022968439282e-09,4.73199444692586e-07,-4.40080011430228e-07,4.33771166737772e-06,1.36568341695034e-07,-2.61576069270065e-08,5.75458434890169e-07,-1.14424681994834e-07,1.36911417308039e-05,-0.000282263854007526,3.19911985777998e-08,-1.10609473920765e-08,3.37342171053882e-09,1.00910703087914e-07,-1.46725749741752e-07,-1.46356493051894e-08,-1.03421624444528e-08,2.71652812260236e-07,-0.0095815280268784,-3.56257517400839e-06,8.94439382042479e-07,-0.000266311393389776,5.46271885261186e-06,-6.62260703747926e-07,9.07320622428388e-07,-2.04259776836313e-05,1.72897046347451e-07,3.56013493503166e-16,-4.00525867181962e-07,-1.36018491146128e-08,-1.96792394284472e-10,-1.57813196644513e-06,1.62122913264131e-08,-9.65135263511644e-09,-2.21010387207577e-07,1.75612003433891e-08,-1.35607250534275e-07,3.5213557507929e-07,1.09244039577786e-08,-3.97621775284413e-09,3.6678567008948e-08,-3.15778005284353e-08,-4.88125130462942e-07,1.15049550675092e-07,-2.05534284223978e-06,-1.05294202264899e-08,-1.70503451190049e-06,-1.025502902455e-06,2.262149504953e-05,-9.89390558807909e-07,2.98869100938036e-06,-5.5871994837291e-06,2.27570842786914e-05,-8.25204675938657e-06,-1.02172009814202e-05,-0.000206517939563276,0.739321792518373,-1.26543939438688e-05,0.470946681090434,3.07614036077446e-06,2.36379632109539e-08,7.44854118529506e-07,-1.78604865124004e-06,1.97595180262233e-16,3.64682927911866e-09,2.38236893282277e-05,-1.29882335558711e-06,9.57380158316537e-07,4.83287830744837e-05,2.46503278844886e-07,5.62990023993692e-07,-8.08947497140994e-06,2.90648299013851e-06,-1.50488687749465e-15,-2.09174662603547e-06,-2.53384875237583e-08,-6.99773613819956e-08,3.71113490644885e-06,5.13903485727525e-07,-3.4517687465556e-08,-1.33391143073904e-06,3.67933573087983e-07,-0.00570215191666807,1.46627246961569e-06,-3.21803112837503e-07,-5.91397131945809e-07,-3.14546207625065e-08,-3.12311872049595e-08,-5.96110202397548e-07,3.9907676142497e-06,-6.47466495318638e-07,3.43924558049557e-18,-1.30756331238431e-05,1.02332128693299e-06,1.65409101813833e-06,2.5614384449385e-07,-1.19982546673596e-06,-2.51192093969502e-06,0.000436405028093939,-3.96233091880583e-05,-2.00800603688072e-07,-4.10005345602777e-16,-3.76294515968907e-07,-1.67011241550541e-06,-4.7519673987007e-07,-5.89839725524189e-17,8.90772507410995e-07,8.94799963194927e-06,-1.36339130939359e-06,-7.2362317631973e-07,-2.40350000213006e-07,-1.28225958038447e-07,-4.57469932171674e-06,1.26720489440845e-07,1.34563694887953e-06,6.25621293096523e-07,2.72796024448493e-07,2.75026235416605e-06,-4.01379231536893e-18,-1.07575060111278e-06,5.03773343752525e-07,3.24314181511982e-06,-3.2439680796324e-07,3.26273148728655e-16,-3.0997429252672e-07,3.94098720037268e-07,-1.35662668184333e-07,-1.20263242370096e-07,-3.03236278466342e-07,2.22558690869393e-06,-4.19384433353635e-06,5.70933655567547e-07,-1.27084016305173e-16,2.07479785528648e-06,-2.79061655545656e-06,0.000216099759752894,2.43442061588443e-06,-2.4772968958133e-07,-1.66863724500217e-09,-1.30451205393456e-15,1.00408570228473e-16,-1.61605517147134e-09,-1.43433278676866e-06,1.8902041647375e-07,-2.72838354552365e-07,6.81796826704399e-16,-1.28667234686739e-07,-1.51507194126919e-09,5.49081196900941e-16,-2.69287185507236e-17,-3.63793579829251e-16,3.18341308209334e-07,9.37763958237207e-07,-1.35015707779832e-06,7.94429236759895e-07,3.95849861832537e-07,8.1151994666304e-07,-3.90504542311128e-06,-2.60917795715599e-16,-8.47925992536803e-07,1.4906062931027e-06,-3.05710632852849e-16,4.41257695282576e-16,-1.47770720901206e-06,-7.16131381374361e-11,-5.45557808287761e-07,4.25395888850687e-07,5.34757881653035e-07,-2.87431227515679e-08,-6.83324269681366e-16,-9.65716385721961e-08,7.50819409548899e-16,-3.28244232100831e-07,2.12503625807159e-16,-5.9559457908085e-07,-6.72660146586931e-17,4.64549326033875e-07,6.42332779955979e-07,3.83121557904693e-08,5.08207539246533e-07,9.44402136223818e-05,-1.96967150825645e-07,6.83841986522527e-05,6.18405948091498e-08,3.00817776934447e-07,2.76939393411118e-08,4.32859924592276e-07,-1.93513440239288e-06,-2.98981359147014e-07,-2.42214925982005e-08,-5.78343051270869e-07,-6.52023116278917e-16,8.59809970663189e-06,-1.47862416986247e-06,9.09454359339977e-08,8.71818613619356e-16,1.20162547155459e-08,3.2480058129368e-07,1.16076919062289e-06,-1.40683148362151e-16,-3.10967259461037e-06,-1.49104649014483e-07,-4.48191744336112e-17,-1.96869026740893e-07,3.03483179410941e-06,-1.85324109409717e-17,1.27824741190553e-16,-1.76931970020103e-07,-8.59715770694441e-08,-4.89733106904524e-10,-6.79334556580915e-07,1.80319539560561e-07,5.85506288162812e-07,5.10903492778339e-08,6.2464219227628e-07,-1.05961674548274e-06,1.89518539750466e-15,4.27359389237857e-07,1.5045872809899e-09,4.15328667969063e-09,3.88823131721287e-07,-2.39342250894841e-17,-8.87527739979791e-18,1.2797520842482e-07,7.32454126179764e-17,-2.5972635065511e-17,8.14438271522762e-07,-9.64616473146943e-07,-3.22185351351169e-05,-1.10624869209149e-08,7.53728264072285e-05,-2.02651424486301e-07,2.6149804884488e-08,1.23211543621024e-17,7.17507370053392e-08,3.39248189787656e-09,1.56430844516128e-08,-1.81528007302988e-06,0.00207309005563305,-5.63889039291404e-16,-2.64496740097153e-17,8.32767668408652e-16,-4.68404782791496e-08,-4.59343225554124e-06,-1.34245076897727e-07,-1.05178111054288e-16,-1.98007039396704e-07,-2.50454507101749e-16,-1.46540022467684e-16,2.97882010873836e-06,-6.54113044165711e-08,-1.21430643318376e-16,-1.61167060495709e-07,-9.2093748909347e-07,2.4259293267533e-16,2.49278147648315e-07,-5.07620814397161e-17,6.66054868368104e-08,1.57035564554012e-16,6.64550954751242e-08,5.75265845589039e-07,2.30308405484354e-07,1.95965718699539e-08,1.34554392920013e-07,-4.66585909733455e-07,1.85667169018713e-07,-1.4089448807955e-17,8.46725805257284e-06,-2.60970945830834e-05,-2.61205823893596e-16,-6.28284538171635e-08,-1.84400960061594e-07,2.97530371573987e-07,4.00049173564177e-17,1.374142500031e-07,2.00691105794809e-06,-3.37316421560339e-18,-4.53713768171941e-07,-1.00353092175463e-07,-5.77157234436034e-08,-5.44187020601307e-17,1.30227750678622e-16,9.33169018489365e-08,2.85619717880698e-08,2.31062205261366e-09,-2.57159313378774e-07,1.68916934772319e-08,5.78734957444231e-17,-4.20758911626118e-17,6.16574033682165e-08,4.24991864635053e-10,2.50579617069453e-16,1.48974283012836e-07,-1.24778048845209e-16,1.51393638348239e-05,-2.84748705865594e-08,-1.66372332173341e-08,-1.10288124136937e-07,-2.04092347847667e-15,-3.47210875635328e-17,7.56799683966589e-17,-1.25568931615421e-16,-9.76525752393741e-08,-2.12798231567066e-07,-3.66711011461859e-17,-3.76728203721914e-17,1.24606043165013e-16,1.61728234711726e-05,2.68897103596378e-09,-3.78061376230852e-07,2.68681053339103e-17,-3.5225728584054e-16,1.34007388519208e-16,-9.15668812434987e-07,5.49976762933025e-06,4.08874195099659e-18,3.40300861101888e-08,-1.41633384047018e-06,-1.87880167961345e-17,-5.81780885482003e-17,-8.8739240793487e-08,-9.09151889740882e-10,-4.39485224740749e-08,-1.88334298466306e-17,4.94303635679272e-08,7.19694594802905e-08,7.7197060263483e-08,-7.03384718474078e-08,-2.50513102732187e-07,2.13348394629569e-08,-2.22517782858269e-16,3.55271918426718e-16,3.59781507086126e-16,4.06300104098493e-07,-1.97388166690835e-05,-1.99543549123019e-08,-1.56934575781939e-08,-1.53264896777677e-16,-8.20543017036433e-17,-1.11916168223612e-16,7.5003427383788e-17,1.12928216438748e-16,8.24199296741664e-07,1.27732088226089e-17,-8.04850277267481e-18,-1.21144457665737e-08,-5.66591416554224e-17,-1.08443366793006e-08,-6.70413619103658e-17,-1.34442146522547e-08,1.98410252510134e-18,-1.62754645204719e-08,-2.03673530668996e-09,-1.28540549994123e-06,-2.95704399535033e-17,6.53550388428511e-08,-5.09551427360644e-17,9.27099754312438e-08,-1.79383529858061e-06,9.01570496382085e-10,1.21640132290802e-16,1.31536498089823e-07,-2.15440138875967e-17,-3.23220451069342e-08,-1.82435945405395e-07,2.31038572699273e-16,2.61331122184923e-17,6.04829358562657e-17,2.82456416943252e-17,-6.12317030494741e-10,-7.97319388919685e-09,-1.78027606096749e-09,-3.47447065172582e-17,4.08847581149718e-18,-2.06958580211641e-07,1.06147442199833e-06,-4.47907446602971e-17,-1.53317977003851e-17,-8.1084805128272e-09,6.34382485930046e-16,-5.74593393684801e-08,2.26429802418556e-16,5.42407250720113e-07,2.20385207482742e-17,2.87420428019043e-16,3.53079389906432e-17,4.94103066969902e-17,5.495302730726e-18,1.28666601433384e-16,7.20257032205968e-08,-5.03715136836793e-07,-5.62133551194011e-19,-4.83514588321399e-08,1.83916714959559e-07,-1.09485624688926e-16,-3.14116288416915e-17,-5.75666185157708e-17,-1.17064117441481e-16,1.81290586939031e-08,2.89917633097152e-09,1.17592983632447e-17,-1.62419334399357e-15,-3.29211151538829e-08,-1.17435736065749e-07,-1.9545787887884e-08,-1.24729929182633e-16,1.92556622014619e-17,-1.75404025823144e-17,-2.53972392641275e-16,5.06669326769196e-17,-1.68017890998861e-17,6.93630458184166e-08,-6.56044864852334e-08,-1.2614605770737e-08,-1.22834366013786e-17,-8.11812495823152e-17,-5.98866682092211e-17,-1.01469002000041e-16,-2.85631761621338e-17,-1.67370747273334e-16,3.7283103364238e-17,3.127044927137e-17,-3.50601402225884e-17,-3.39460377072545e-18,3.04750325084009e-17,-1.07579812714138e-16,-3.72958357480728e-17,-3.76266802529088e-17,4.78801281813666e-08,3.85109969079726e-17,1.26558635348679e-16,-5.22951878415355e-17,1.90650621270339e-05,-1.18080778435448e-09,-5.9478139346673e-17,-1.75079944710962e-08,0.000295889648956778,-1.06762290004625e-17,2.47258780025451e-16,-1.71347155148278e-07,-3.4713164877504e-16,4.25750577427928e-07,-6.72344586811008e-17,4.10150129779177e-17,1.70185798937058e-17,4.98702507188904e-17,2.14627653053897e-09,-2.94725902907984e-07,5.60037759911281e-17,-3.05528235083176e-17,-2.43430941155845e-18,-3.59025504421799e-16,-2.97071395261028e-16,-1.90571619414744e-17,-3.31753923228659e-17,3.0172647058471e-17,2.4452409196244e-08,1.49182593767233e-17,-1.63190893029538e-17,1.35677978767779e-17,-1.34743546397566e-16,8.81238783999569e-17,-7.32766633701112e-17,-6.98131760727213e-08,7.07566302169806e-17,-5.4705416712575e-17,5.20457118907002e-08,-8.85691837749876e-17,-3.56254124669633e-17,1.55082831461827e-17,1.03347597357928e-16,4.7583490234571e-07,1.26112498898686e-19,-3.19915370530253e-08,-9.93344666630086e-17,-2.77430585929888e-17,-7.53553220821561e-17,-2.43665967936645e-16,2.00379945629753e-17,-7.45981450651361e-17,1.15548638759306e-09,-3.0367479609209e-16,5.52208368595732e-17,4.49860547204008e-08,-1.44194823847926e-07,-4.05518446856461e-17,1.00982022033057e-07,1.47887504893991e-08,6.79268933380773e-18,-1.86664355323289e-16,1.92867260793634e-18,-3.08612075592422e-17,-2.37133239355256e-16,-2.48072945243113e-08,5.37832939003545e-17,-1.00849572109933e-17,-1.16011352385455e-16,9.92825947617407e-09,-1.65006890755248e-16,-8.29197418854166e-17,6.63791694944272e-17,-4.43567690285592e-17,-4.52138843971125e-09,-5.52484200351396e-18,1.49215227525956e-08,7.71978806613591e-17,1.432398983316e-16,-5.87331527889627e-17,5.33211194976205e-17,-1.47988739956918e-17,-2.02833284754707e-17,-6.39573609342411e-17,-1.62730007075882e-07,6.35648785108498e-18,1.17771345097516e-16,1.91584485392711e-06,-2.03412635922263e-17,8.39909186646003e-17,1.05110857646672e-16,3.77052826490891e-17,6.0729121253416e-17,-4.95708675307056e-17,-7.18102264280867e-08,2.82095224169867e-17,7.64610122244743e-17,7.83687909568209e-06,-2.42336217238785e-17,4.43701320439271e-18,-1.5539098361714e-16,-1.28462130944266e-16,1.86278930411075e-17,-3.99367797437375e-18,-7.72335209319729e-18,1.11979681254638e-17,-1.21368185096292e-16,-5.31770315343358e-17,3.01861505457614e-17,-3.63921280628061e-05,2.5623415663479e-07,1.63682581595605e-16,8.68159738410697e-17,8.22135706245461e-18,5.5139721531223e-17,4.77048955893622e-18,1.1838662179517e-17,5.44158157954678e-17,-4.18148201100693e-16,-3.21703484144815e-09,-5.15387668617094e-18,-5.41156739691044e-18,1.04446306958975e-16,-3.44118444043169e-17,4.11756315130276e-09,-1.10730388674051e-16,-4.50168120341613e-09,2.06281800269027e-17,1.80983984530646e-17,-5.18535831172208e-17,-3.29572296062415e-18,5.70281371782759e-18,1.57531080789107e-17,-5.1106213053315e-18,4.10898028212595e-18,4.25966064165379e-17,9.3993951687335e-18,1.42167130001782e-16,-1.79357340841987e-17,-1.38165358713393e-16,3.01016946382821e-17,-2.35110513318212e-17,2.47825786979043e-16,4.14033885173751e-17,-9.51906378837553e-17,-1.28404772456681e-17,-3.5604793661276e-17,1.91686944095437e-16,3.85707050398686e-17,-1.87236521666571e-16,5.86595683498113e-17,1.0635518417027e-15,3.10065776309247e-10,-1.11724643306554e-16,7.45945390069235e-17,2.43747072177618e-17,-7.99316393156807e-17,-5.55274998831307e-17,1.10038716659391e-17,8.66568929834381e-17,-1.15362232044572e-16,5.32397229938984e-18,3.94838035232884e-18,3.85542292535845e-16,-2.01594775541487e-17,-3.50624760508286e-17,-1.05010233219944e-16,-2.76811538297315e-17,-1.50127720091151e-16,4.79088724064108e-17,-3.98748802872458e-09,1.80647571719592e-18,3.90690998059941e-18,3.19142080335684e-17,5.1033987760528e-18,1.1535309727013e-16,3.03888181720693e-17,2.36380581626487e-17,-1.97408897867309e-16,-1.68727650174837e-17,8.44231397611497e-10,6.8830084467808e-17,-3.60880705635338e-17,6.26299674408927e-17,-1.99994568373707e-17,-6.12881037232722e-17,7.78344401265985e-17,-1.03120984005208e-16,-1.85409796201451e-16,-1.45866100986486e-17,-3.09670131854569e-16,1.6379174021964e-17,-6.56711732827172e-17,-2.03544646306986e-17,4.25633165013962e-09,2.77229795392996e-17,-1.859583987643e-17,1.69057799562552e-16,-1.01481323344643e-16,-1.28074576632797e-08,6.10669769381718e-20,5.12315416920605e-17,5.72725715017237e-17,-1.06426948728476e-16,4.26482920810523e-18,4.11304624418519e-17,2.83290336584024e-16,-1.32936818591543e-17,-1.55991432337376e-16,5.71630768809216e-18,6.29768015816381e-17,7.13402901844596e-17,9.72940652500195e-17,-1.39367294891498e-16,-9.78347423189894e-17,2.0061729939979e-18,-1.8704259894619e-16
"t316",-0.0356607271831365,-0.00909449620312835,0.00114279650288501,-0.0966752643587027,0.0185105517939852,-0.00373201071669403,0.0198874522499413,0.000313592825854713,0.000103066452105159,-0.000309700079503223,-7.59287979149335e-05,-0.0611170635655744,-0.0393956833434171,0.00381912028259754,0.000682385575010699,-0.000808666630308749,-8.53035693402552e-05,0.000776600037656881,-3.37513841789398e-05,1.9825792661507e-05,-1.05746204566357e-05,-0.00100475003559356,0.00704283364319054,-0.190326843670321,-0.0645693694558096,0.000958303376713886,-0.00109118673461722,0.000991761822315241,-0.01674953610158,0.00633351076770875,-1.72107686848113e-05,3.00570062799342e-05,-0.0141369527962292,-0.000125653815888617,2.05397713892656e-06,-3.40105884920619e-06,-0.000297953703161217,1.08101318389423e-06,9.04700663051616e-06,2.60429003228556e-06,0.00014741732913008,-2.3941431066425e-05,0.0153555626878085,0.000104720922877219,0.000127625973216016,-8.61442365855022e-06,1.96244680497255e-05,-0.000163295005379955,1.81348951205984e-05,-4.02133021892979e-05,0.0075712382354001,8.9341272827341e-06,-8.63349299607917e-09,-9.25196764261366e-06,9.10640783550905e-07,-9.49275030372911e-06,-2.51519390195076e-08,1.44551448928249e-05,-5.48613453329143e-06,2.3768779038163e-05,4.31779841429368e-05,-9.69655984257328e-06,0.000442066038391356,-0.000257927650523713,4.53673022749118e-05,-0.282853828771648,-4.1278964016871e-06,0.000108053411542098,-0.000266330923116329,8.97196459156131e-05,-6.90297239341812e-05,9.11167886069666e-05,-4.03753325982419e-06,-0.000287861062359089,0.000119255347430809,1.12415183820824e-07,-0.000624294896619262,1.12002927955317e-05,-3.81576195588885e-05,-4.38049398484647e-05,1.24178434622594e-05,0.000184790391952466,-2.20636812587008e-05,-0.000137547090038787,8.36453548231684e-06,0.00179453745806362,-0.000110326677242866,-1.98054140311025e-06,-6.48756929024682e-07,0.000169469522671162,-4.18278913284603e-06,1.0657477112902e-06,9.60662477084189e-06,-0.00100240165616684,-3.75220444332388e-07,-0.000122748906877954,-2.7765676770927e-05,6.92367872436663e-05,-0.000105118104731103,-2.80961539960728e-05,-6.06363958249619e-06,4.86216198656603e-06,-8.27247491686846e-06,2.81843934165966e-06,-1.22311146039299e-06,2.24406488500435e-05,-6.60174653954178e-05,0.000559816978417381,-9.78614111601114e-06,2.36248065491095e-06,1.04208564479406e-05,2.47095261464254e-05,-4.16326617465794e-05,3.64641051425709e-05,-1.84782248270968e-07,7.02506808518235e-06,-1.03200157119447e-05,1.08112327888448e-05,-1.0841276359935e-05,2.64930658135561e-05,-9.8702128527177e-05,2.35717380972617e-05,-2.2225028641934e-05,-6.10509755235055e-05,1.98616589941246e-05,-0.000188703223140654,1.9153603167104e-05,-6.03213369896748e-06,1.12484920313788e-05,0.000370710871382906,-1.16844760827333e-05,3.38201141919687e-05,-6.60733685940787e-05,-8.04830984864369e-06,2.86717767382628e-06,1.3228996541247e-05,-7.50181268699616e-08,-4.91545150858401e-05,1.48973244786569e-05,-4.28234933347047e-05,-2.72641385399132e-06,-0.000105365311435551,2.05325235225712e-05,1.30906769154347e-06,4.12984869601439e-06,-2.5787443061264e-07,-1.17468697845271e-05,1.75114793022277e-06,1.13838945464885e-07,-2.77539388340754e-07,-4.30873302797114e-05,-1.2786253183295e-06,-2.73433493402844e-05,1.02118591671842e-05,-2.94071427585158e-06,-2.55866606076296e-07,3.83611016319107e-06,-0.000386272246063586,-1.1994734170048e-06,-4.04207288149246e-07,-0.000358506087576234,4.4311780473854e-06,-9.17742111934935e-06,-0.0101805191090128,1.05356795241037e-05,-0.00411230092928075,1.42254286417272e-05,2.51237989645929e-07,1.26063722511572e-05,2.06965372286802e-05,-0.00479516910656113,9.82247797142645e-05,2.91009477026611e-06,1.22101829139045e-06,0.00117137109113965,1.73932343031568e-06,0.409013032822006,-1.15216409292189e-05,-1.21757435259273e-05,-0.000446420768885048,0.000344518960726739,0.0137502719623236,3.10480035495152e-05,6.53411511434349e-07,8.04338589194412e-07,1.80285695170354e-07,-5.73578124409259e-07,2.83432711666122e-06,1.29595125370176e-05,-0.000130871782816455,-4.85389789974579e-07,1.00851487037093e-06,4.1496801863169e-06,8.9776819759486e-08,7.68676247445457e-07,-1.18870067702311e-06,-2.23317291478111e-06,-1.17906192920387e-05,1.41147971537088e-06,7.09311353415657e-07,7.136446074925e-07,0.000128663495442086,-2.29107698389129e-08,-5.84473917611638e-05,-8.06234330732889e-06,-0.000289304026146439,5.85770229265965e-06,0.000236932262801685,-6.33675276440807e-05,-7.96851570578164e-06,-0.0019641919430176,0.141940852437319,0.00374397176894883,2.13283108675769e-05,1.33647661434928e-05,1.19194751880895e-05,-1.01945581300323e-05,-8.11052373308057e-07,9.83672928270905e-07,3.80349005370806e-06,1.90775698104023e-05,-0.000110815651241305,-3.9560597233163e-06,-1.17502929988218e-05,2.30034753669791e-06,1.11423518682745e-06,1.15996343208072e-05,5.88277950751498e-07,7.50328762809235e-07,4.61667141008259e-07,-8.6349553290048e-06,-4.74771360264766e-05,-9.99975717682897e-08,-1.5981939742597e-07,4.93830517305499e-09,4.79818442056393e-08,7.52230655074082e-08,-1.52167184916563e-16,-2.3446710480348e-08,2.25924336264005e-06,-1.55941189683738e-07,-4.00465905174519e-06,-7.93797390144927e-07,9.59578644806586e-07,-2.08242534655731e-07,7.87722144544808e-06,-1.82934610263129e-08,1.31012211428482e-09,-6.62467785196633e-05,3.48037422588586e-06,-1.13475927367685e-07,1.57679697221453e-05,-7.94303902696274e-07,4.06155873870049e-07,-2.93403026587966e-08,2.43473142714764e-06,-2.78017769696794e-06,2.7868522158528e-05,1.05753120401201e-06,-2.2981607239862e-07,6.29872906828118e-06,-1.36210171203519e-06,0.000179636773402385,-0.00432476391277983,6.56402083589806e-07,-2.36209325925519e-07,1.14496414075138e-06,5.2859604349611e-05,-0.000197583966765356,1.2542194058074e-06,6.32826793647974e-07,-8.64820687857334e-06,0.279771921286738,2.69345922392253e-05,-6.2179430216501e-06,0.00173891173795744,-3.12315585023133e-05,3.43592918975534e-06,-3.86964818747859e-06,8.26960217399694e-05,-6.72631922073064e-07,-3.13526325268443e-16,1.36934213834901e-06,4.57556156263702e-08,6.28705572155201e-10,4.49091067703772e-06,-4.20302707170064e-08,2.39798509856997e-08,5.37900581679391e-07,-3.33658901952596e-08,2.53823651723766e-07,-6.56464912796906e-07,-1.90487273044004e-08,5.78988773891225e-09,-5.18310519312832e-08,4.37103816463298e-08,6.31755968301727e-07,-1.16482314812503e-07,1.88413074756009e-06,9.59698925916293e-09,1.55138949489405e-06,7.33251665505582e-07,-1.22466146285414e-05,5.16685468520807e-07,-1.48013252866641e-06,2.59274000877658e-06,-1.03497959281003e-05,3.15946007482828e-06,3.86019347032681e-06,7.61351302937599e-05,-0.267997649826845,4.33676481379705e-06,-0.151486772938715,-9.31873392946446e-07,-6.97253781954968e-09,-2.09860329548489e-07,4.54899366527828e-07,-3.06584906894404e-17,-4.2912329051711e-10,-2.52898824497141e-06,1.16284028389875e-07,-8.52537887507421e-08,-4.27910414930671e-06,-2.08501655860539e-08,-4.34796654269211e-08,5.55475093317117e-07,-1.50732634566118e-07,1.21756128144183e-15,3.35103075062581e-08,2.992733051189e-10,2.0732371946353e-10,-7.13446027823718e-09,9.74173867832301e-09,-1.03337379517731e-09,-5.98213904440358e-08,2.01299693568027e-08,-0.000427786743998824,1.3572563135165e-07,-3.3223242442253e-08,-6.45127746618486e-08,-3.54359806987967e-09,-3.71335191523721e-09,-7.12819237142546e-08,4.94493118418661e-07,-8.23749268752308e-08,3.51235558786806e-16,-1.9717088868529e-06,1.59056724314925e-07,2.5717317004749e-07,4.30896362358381e-08,-2.04086685288855e-07,-4.82101492531817e-07,8.63228667544611e-05,-7.88299476075519e-06,-4.08089959094883e-08,1.45298414483621e-16,-7.82794044990383e-08,-3.50369954649215e-07,-1.02764061858037e-07,-1.63746173690116e-16,1.98694071254179e-07,2.01001966849762e-06,-3.0737066894231e-07,-1.64345451517495e-07,-5.52530161381999e-08,-2.97413146263193e-08,-1.06838616729951e-06,3.01860199596636e-08,3.21279542054859e-07,1.513390441352e-07,6.74700974345691e-08,6.80968803166671e-07,-9.38664745580495e-17,-2.77367930160733e-07,1.30762635998259e-07,8.54007349192577e-07,-8.72316929251126e-08,-8.05340616760762e-17,-8.69237576292518e-08,1.15312320922781e-07,-4.04041459912867e-08,-3.61049708300784e-08,-9.18923473438741e-08,6.8584093691706e-07,-1.32598139016515e-06,1.90981054022624e-07,1.45964289223391e-17,7.24392343377042e-07,-9.77696138338259e-07,7.62513038522472e-05,8.67275367295153e-07,-8.83189570479597e-08,-5.96470224153456e-10,-2.63677968348475e-16,-1.00349912073844e-16,-5.86298039152277e-10,-5.26810872700841e-07,6.95285338776722e-08,-1.0142344765468e-07,3.39989511125741e-16,-4.88831422235603e-08,-5.80890391751375e-10,5.27620552573207e-16,-5.49670756352245e-17,1.29567905450419e-16,1.25361271884411e-07,3.70477083289271e-07,-5.39192053469062e-07,3.20065004646424e-07,1.59643988256256e-07,3.30245447143134e-07,-1.59076520983313e-06,2.97627893033486e-16,-3.51408232468088e-07,6.21333443914678e-07,-1.48475445450652e-16,-9.16949354456782e-16,-6.29225814537114e-07,-3.06412969022803e-11,-2.34916539119355e-07,1.83935256650099e-07,2.33013171395159e-07,-1.25397034838133e-08,-9.61302547722228e-16,-4.22009727098782e-08,-2.41726099688747e-15,-1.44115398186419e-07,1.19392343234104e-15,-2.62384254715728e-07,1.13386493701253e-15,2.0552214508285e-07,2.84416124971659e-07,1.71495031095297e-08,2.27997254130227e-07,4.24081125917735e-05,-8.88013423314972e-08,3.09355940023848e-05,2.81909404697765e-08,1.37141341850378e-07,1.26545747494376e-08,1.98613122913327e-07,-8.92725764393207e-07,-1.38539510272545e-07,-1.12618762503301e-08,-2.69349340323155e-07,0.707106781186548,4.02458508770219e-06,-6.95388922305323e-07,4.33198995668549e-08,2.22214602721078e-15,5.7439193516427e-09,1.56067469832719e-07,5.58965198754454e-07,1.05217109838889e-15,-1.49911361316346e-06,-7.21921808900089e-08,-1.34376887286755e-15,-9.55179019542335e-08,1.49035151928989e-06,2.10325065256604e-16,1.27629459474114e-15,-8.72808547453091e-08,-4.242686849827e-08,-2.42133260159643e-10,-3.36599702896568e-07,8.9773992086173e-08,2.91619288561418e-07,2.54608665183939e-08,3.13207836044087e-07,-5.33899783660916e-07,1.8097502663128e-15,2.15718228403265e-07,7.59705110698527e-10,2.099358652001e-09,1.96791053134571e-07,-1.82251612876598e-15,1.08037460017275e-15,6.48840246043608e-08,3.25697084164677e-15,-6.10871858271988e-16,4.17328752768089e-07,-4.951586988e-07,-1.65390899754058e-05,-5.70052736742452e-09,3.88596291739624e-05,-1.04491472874965e-07,1.34928810963022e-08,2.35850459216413e-16,3.72939169867127e-08,1.76600291781568e-09,8.14730545074101e-09,-9.47787133326043e-07,0.0010872151850056,-5.27330885488198e-16,-2.32283818869739e-16,-7.23863746721611e-17,-2.47188409508111e-08,-2.43047679253747e-06,-7.10459379260868e-08,5.83092296655433e-16,-1.05054545480765e-07,-3.98220774868218e-17,-3.10130683586652e-16,1.59750736093027e-06,-3.50839522230058e-08,6.07153216591882e-17,-8.66647069553296e-08,-4.95949118489569e-07,9.00741196210671e-17,1.34644996455059e-07,-4.06907413353755e-17,3.6104359181074e-08,3.42152988069821e-18,3.60342527984836e-08,3.12005541321746e-07,1.24946385175537e-07,1.06355807155038e-08,7.30893792257798e-08,-2.54265030597391e-07,1.01628099027988e-07,8.73553821628076e-17,4.65984234922364e-06,-1.43703884872239e-05,-9.72614918799531e-17,-3.46227825476083e-08,-1.01757416096818e-07,1.64387930303276e-07,-7.39216900175906e-17,7.62392705184857e-08,1.11437120067216e-06,1.73593419687024e-16,-2.52204987492082e-07,-5.5812767182e-08,-3.21625946157621e-08,-2.26196402653205e-16,-3.35434849881107e-17,5.22412534845929e-08,1.60207260541121e-08,1.29656564768665e-09,-1.45498922188017e-07,9.56984539636442e-09,-2.61445652513593e-17,-1.77879294955886e-16,3.49632269587163e-08,2.41021964767054e-10,4.92832988220355e-17,8.46154563540144e-08,4.37311341620058e-17,8.61157003378577e-06,-1.62294421150068e-08,-9.48384195965696e-09,-6.29032071880365e-08,-1.15634683424154e-15,1.76931173651652e-16,2.62996612298528e-17,-1.77193028838534e-16,-5.59722622228841e-08,-1.22020139311904e-07,2.83383964921987e-16,-1.06479817028455e-16,5.58373042934791e-17,9.28704895094531e-06,1.54507337050553e-09,-2.17600100568628e-07,5.1387336018974e-17,-7.19368141444132e-16,-3.04010289164935e-16,-5.30024653221032e-07,3.18409364895497e-06,6.33799190502524e-17,1.97447116168643e-08,-8.22494842704227e-07,1.39095582823553e-17,-1.32724517865904e-16,-5.16386102010515e-08,-5.2913497927289e-10,-2.56091450016993e-08,3.02572516551265e-17,2.88609518219226e-08,4.20668504141502e-08,4.51909673095087e-08,-4.1260900135552e-08,-1.47033168217378e-07,1.25349002381413e-08,1.66353591113561e-16,3.31323979848924e-17,-2.27126604562449e-16,2.40100699605707e-07,-1.166556521234e-05,-1.18015556109892e-08,-9.31557151446162e-09,-1.26029313237963e-16,-2.65651036014379e-17,-3.96473831244749e-17,-2.73650065838624e-16,-3.21912385445765e-16,4.91096673099077e-07,-1.77448430169731e-17,3.04436751060119e-16,-7.2289759227613e-09,4.27498783361825e-17,-6.47157750054829e-09,1.79824971324141e-17,-8.02416461524433e-09,7.04967674130565e-17,-9.73863854562125e-09,-1.21943905943392e-09,-7.70305925565672e-07,-1.76935852759359e-17,3.92093866329113e-08,9.02044666679872e-17,5.57571858898864e-08,-1.08225615920244e-06,5.44009619054373e-10,-3.9027807788445e-17,7.94702688489411e-08,-3.56461655539774e-16,-1.95670558095928e-08,-1.1045350863901e-07,-1.03697692072435e-16,-2.11799086608611e-17,9.19982830183438e-17,-2.8655669628882e-18,-3.71327584192536e-10,-4.83727816332178e-09,-1.08062166341519e-09,-4.00207673082474e-18,-6.66155769636585e-17,-1.25923222060222e-07,6.45918579511573e-07,-4.99155004773045e-17,2.47540086296176e-16,-4.94865273951386e-09,3.53159437964864e-16,-3.50896904083264e-08,-9.59135476652408e-17,3.31838761412947e-07,-7.52873019942105e-17,4.33910901847823e-17,1.1918013947404e-16,1.06057653089326e-16,-5.69822010448421e-17,-2.12624821818714e-16,4.42244915994942e-08,-3.0930062731238e-07,2.81244664142998e-17,-2.97269049127256e-08,1.13132714731791e-07,1.28080436570407e-16,-1.37209082635544e-17,-7.30360369970681e-18,-3.51573249420528e-17,1.11767390474259e-08,1.78829960048737e-09,5.51529077855511e-17,-1.05175381752246e-15,-2.03184859050238e-08,-7.24852643744993e-08,-1.20673739178863e-08,8.59204668967596e-17,-3.87223862201038e-17,-2.00670975811405e-17,1.84180986041123e-16,3.31793985872395e-16,-2.00223895732109e-17,4.29994637620536e-08,-4.06848959123779e-08,-7.825944871346e-09,-1.92192542210779e-17,5.469254200373e-17,9.19754422129666e-17,-4.85959569664854e-17,3.54820357744611e-17,1.5132568261863e-16,2.16968271469776e-16,4.59780506600742e-16,7.02334469474687e-17,-1.65314811893319e-17,8.91818249718172e-17,-6.4910043388316e-17,1.95779551203284e-17,2.49659717143862e-16,2.98910400657385e-08,1.72855457825348e-16,-3.84190759482763e-17,-2.53904538307633e-17,1.19118947640984e-05,-7.37910967277506e-10,5.53841228342043e-17,-1.09423901607773e-08,0.000185115277117206,1.69674787268909e-16,-6.52225596089553e-17,-1.07332477214281e-07,-4.26681116354172e-17,2.67097445038788e-07,8.68621218715151e-18,-3.44752152084899e-17,3.65675183382598e-17,1.93818690047336e-16,1.34968829156242e-09,-1.85368502424691e-07,-5.34259155211646e-17,-3.01188232143188e-17,5.1416180999079e-20,-5.20979850810103e-17,2.90999863095109e-16,3.0923614862843e-17,3.66178740036844e-18,-1.88126433142115e-16,1.55057992087026e-08,2.41292470730995e-17,4.05977576436861e-17,-1.02438292834706e-16,3.92535749669748e-17,-1.3905974904017e-16,1.38691014413151e-16,-4.43469626790913e-08,2.65954771839758e-18,2.48652049516876e-17,3.30711922169719e-08,-5.74165456192444e-17,-1.69250102838149e-17,-7.10071916247117e-17,-3.09969133075446e-17,3.03484260690021e-07,-2.88835555999954e-17,-2.04174921462204e-08,-4.73725224374315e-17,-7.92064623442679e-17,1.30414247068457e-16,-2.59376735042317e-16,-9.07854105057991e-17,-1.78804381677262e-17,7.38442949906431e-10,2.18088805530655e-16,-7.42892043609329e-17,2.87790854185342e-08,-9.2251041694481e-08,-9.5418887902922e-18,6.4662073203491e-08,9.47234016098014e-09,7.73514050919001e-18,3.51879891621072e-17,-8.35494285256023e-17,2.85691883948345e-17,-1.04642093210371e-16,-1.59541127252006e-08,6.77494452785301e-17,-1.85493509165152e-16,4.02637580016554e-17,6.39172667499225e-09,-4.36238185642632e-17,9.27624482321004e-17,-2.48715575005782e-16,1.0711618241484e-16,-2.91482419701621e-09,-4.2830719288692e-16,9.62358917378987e-09,-2.73848170374051e-17,-9.17316621261885e-17,-4.43939719391171e-17,4.48524397225744e-17,6.33694234551335e-17,-3.98015613955678e-17,-4.89695432363194e-17,-1.05186143219382e-07,-1.58962050639669e-17,-1.91904732350041e-16,1.23905372482788e-06,5.03726218041763e-17,-2.3328820380834e-17,-1.58714942433003e-16,-2.1072331221799e-17,8.90431540311553e-17,1.08989682034992e-16,-4.65226178772681e-08,-9.35595820292609e-17,-6.28799951870764e-17,5.08106647089284e-06,-5.89042510085481e-17,8.14091184856476e-17,5.40893052492794e-17,1.18604743878841e-16,1.68732175010349e-17,1.69706221292124e-16,7.39476338419629e-17,-4.40068674561785e-17,-7.87514110181916e-17,2.61395438502624e-16,7.03540599835926e-18,-2.36616682359356e-05,1.6665622758605e-07,-1.56658914184964e-16,1.46679504276654e-16,-1.12481578710851e-16,-3.18836851107099e-17,9.80118763926896e-17,-3.12630768516004e-17,5.07303416002107e-17,1.92841163035806e-16,-2.09605796847275e-09,-3.10272706836939e-17,-3.7683321049219e-17,-1.78537589363903e-16,-1.67606231391243e-17,2.68678556206693e-09,5.55738859851823e-17,-2.94233190918194e-09,5.05666647842445e-17,-2.56049445921308e-17,-3.30679216685237e-17,-1.31835271494991e-16,2.12592265941091e-17,-2.85091846123201e-17,8.43209388145365e-17,5.87890996400282e-17,-3.33478922147327e-17,-7.75555596055763e-18,8.22049515652211e-18,3.24727293395515e-18,1.58666755254222e-16,-3.12556425774581e-17,1.74140192828552e-16,-1.11766038862739e-16,-9.90866996019826e-19,-1.05115862504735e-16,-6.49367914383392e-18,2.35276977398146e-17,1.10588621593521e-16,-1.33428734624157e-16,-4.96902081847386e-18,3.3198428968495e-17,6.19110639487831e-16,2.0389470292569e-10,4.9299293942379e-18,-1.98359919385054e-16,-1.5621400727529e-17,-2.39026943100768e-17,1.31841938145676e-16,1.45902077533134e-16,-1.45705932349266e-17,1.82060993780657e-16,-6.44296778276366e-18,-7.48405517230254e-18,-2.03396327558281e-16,-1.15992741244696e-16,-2.66034310417821e-17,3.30752576523224e-17,8.07052386871595e-17,1.89574220888732e-17,5.85689134034249e-17,-2.63269837296969e-09,-5.46970028904308e-18,7.55205291752497e-19,-4.8100273614721e-19,-2.90397034891013e-16,-2.49420107017463e-18,-1.04071642846966e-16,-3.75970411083487e-17,8.61236671370218e-19,-1.49533827596021e-17,5.59682663114125e-10,9.71527923189798e-17,-1.34271868791915e-16,-5.52462253870834e-18,1.93607958279393e-16,1.61513304162765e-18,1.25345943929382e-16,3.24204147684796e-17,-7.10381210820698e-18,1.54461060214344e-17,7.72954256784928e-17,-5.13764679821582e-17,5.65831219517171e-17,-3.64656204697694e-17,2.83318961721315e-09,8.29054581357634e-18,-9.03673530535458e-17,-1.8248060728959e-16,-2.58473797920544e-16,-8.54110254161324e-09,3.3936118235368e-17,-4.53729257121842e-17,-8.03696095370802e-18,-4.00199502813362e-17,-8.584443281117e-18,5.40749329026881e-17,7.0693564320152e-19,-4.9374910429436e-17,7.74849779605909e-17,2.02641896783492e-17,-2.29128970363574e-17,8.87492046473622e-18,-1.52807279129306e-16,3.83559227752646e-17,1.28726275085786e-16,4.81234427492996e-17,-1.86705173143226e-16
"t82",-0.0356607271831365,-0.00909449620312835,0.00114279650288502,-0.0966752643587027,0.0185105517939852,-0.00373201071669403,0.0198874522499413,0.000313592825854705,0.000103066452105149,-0.000309700079503234,-7.59287979149576e-05,-0.0611170635655744,-0.0393956833434171,0.00381912028259754,0.000682385575010727,-0.000808666630308749,-8.53035693402777e-05,0.000776600037656883,-3.37513841789277e-05,1.98257926615347e-05,-1.05746204566357e-05,-0.00100475003559355,0.00704283364319059,-0.190326843670321,-0.0645693694558095,0.000958303376713915,-0.00109118673461723,0.000991761822315248,-0.01674953610158,0.00633351076770877,-1.72107686848175e-05,3.00570062799152e-05,-0.0141369527962292,-0.000125653815888645,2.05397713894059e-06,-3.40105884927942e-06,-0.000297953703161226,1.08101318390462e-06,9.04700663052299e-06,2.60429003231219e-06,0.000147417329130079,-2.39414310664047e-05,0.0153555626878085,0.000104720922877197,0.000127625973215983,-8.61442365856277e-06,1.9624468049707e-05,-0.000163295005379986,1.81348951205495e-05,-4.02133021893258e-05,0.00757123823540007,8.93412728274857e-06,-8.63349298122950e-09,-9.25196764259978e-06,9.10640783532189e-07,-9.49275030372293e-06,-2.51519390195983e-08,1.4455144892812e-05,-5.48613453330894e-06,2.37687790381723e-05,4.31779841429644e-05,-9.69655984254668e-06,0.000442066038391461,-0.000257927650523719,4.53673022749074e-05,-0.282853828771648,-4.12789640166098e-06,0.000108053411542065,-0.000266330923116387,8.97196459155685e-05,-6.90297239341073e-05,9.11167886070048e-05,-4.03753325982589e-06,-0.000287861062359154,0.000119255347430795,1.12415183825408e-07,-0.000624294896619282,1.12002927955334e-05,-3.81576195588712e-05,-4.38049398484571e-05,1.24178434622909e-05,0.000184790391952464,-2.206368125872e-05,-0.000137547090038838,8.36453548232677e-06,0.00179453745806365,-0.000110326677242883,-1.98054140310539e-06,-6.48756929065343e-07,0.000169469522671176,-4.18278913285037e-06,1.06574771131102e-06,9.60662477080984e-06,-0.00100240165616684,-3.75220444323842e-07,-0.000122748906877941,-2.77656767709706e-05,6.92367872436287e-05,-0.00010511810473112,-2.80961539960497e-05,-6.06363958255123e-06,4.86216198658865e-06,-8.27247491685912e-06,2.81843934169615e-06,-1.22311146035916e-06,2.24406488500149e-05,-6.6017465395433e-05,0.000559816978417408,-9.78614111605016e-06,2.36248065492136e-06,1.04208564479433e-05,2.4709526146371e-05,-4.16326617465655e-05,3.64641051425811e-05,-1.84782248249065e-07,7.02506808520127e-06,-1.03200157119722e-05,1.08112327888715e-05,-1.08412763598793e-05,2.64930658135239e-05,-9.8702128527168e-05,2.35717380971974e-05,-2.22250286419177e-05,-6.10509755234811e-05,1.98616589941483e-05,-0.000188703223140631,1.91536031671005e-05,-6.03213369896283e-06,1.12484920313964e-05,0.000370710871382938,-1.16844760827199e-05,3.38201141920009e-05,-6.60733685940897e-05,-8.04830984861298e-06,2.86717767369725e-06,1.32289965412582e-05,-7.50181268492312e-08,-4.91545150858116e-05,1.48973244786829e-05,-4.28234933346517e-05,-2.7264138539522e-06,-0.000105365311435558,2.05325235225527e-05,1.30906769156706e-06,4.12984869593331e-06,-2.57874430565832e-07,-1.17468697845573e-05,1.75114793032178e-06,1.13838945437346e-07,-2.77539388340131e-07,-4.30873302797326e-05,-1.27862531836115e-06,-2.73433493403063e-05,1.02118591671634e-05,-2.94071427588962e-06,-2.55866606058057e-07,3.83611016324234e-06,-0.000386272246063599,-1.1994734170521e-06,-4.04207288082151e-07,-0.00035850608757618,4.43117804731513e-06,-9.17742111923989e-06,-0.0101805191090128,1.05356795241124e-05,-0.00411230092928072,1.42254286417031e-05,2.51237989698955e-07,1.26063722511641e-05,2.06965372286823e-05,-0.00479516910656122,9.82247797142222e-05,2.91009477051897e-06,1.2210182913837e-06,0.00117137109113975,1.73932343029274e-06,0.409013032822007,-1.15216409291906e-05,-1.21757435256328e-05,-0.000446420768885203,0.000344518960726655,0.0137502719623237,3.10480035496273e-05,6.53411511439015e-07,8.04338589330394e-07,1.80285695397188e-07,-5.73578124392845e-07,2.83432711692001e-06,1.29595125369372e-05,-0.000130871782816377,-4.85389789903226e-07,1.00851487048012e-06,4.14968018633908e-06,8.97768197950529e-08,7.68676247480775e-07,-1.1887006771388e-06,-2.23317291474992e-06,-1.17906192921371e-05,1.41147971527877e-06,7.09311353309958e-07,7.13644607495901e-07,0.000128663495442098,-2.29107697985321e-08,-5.84473917611409e-05,-8.06234330747229e-06,-0.000289304026146456,5.85770229250632e-06,0.00023693226280171,-6.33675276441737e-05,-7.9685157056759e-06,-0.00196419194301729,0.141940852437319,0.00374397176894889,2.13283108675206e-05,1.33647661435108e-05,1.19194751882081e-05,-1.01945581301297e-05,-8.11052373226299e-07,9.8367292827877e-07,3.80349005378042e-06,1.90775698103214e-05,-0.000110815651241264,-3.95605972332979e-06,-1.17502929988667e-05,2.30034753666404e-06,1.1142351869215e-06,1.15996343207764e-05,5.88277950715633e-07,7.50328762852858e-07,4.61667141014744e-07,-8.6349553290482e-06,-4.74771360264986e-05,-9.99975716888485e-08,-1.59819397397609e-07,4.93830516309033e-09,4.79818442671694e-08,7.52230653912223e-08,-1.0107121657323e-16,-2.344671053869e-08,2.25924336269209e-06,-1.55941189644533e-07,-4.00465905182187e-06,-7.93797390216196e-07,9.59578644755518e-07,-2.08242534562071e-07,7.87722144552744e-06,-1.82934608501244e-08,1.31012226802437e-09,-6.62467785194913e-05,3.4803742258908e-06,-1.1347592741273e-07,1.57679697219885e-05,-7.94303902740908e-07,4.06155873951257e-07,-2.9340302632342e-08,2.4347314271834e-06,-2.78017769684091e-06,2.78685221585516e-05,1.0575312040072e-06,-2.29816072657368e-07,6.29872906822965e-06,-1.36210171205849e-06,0.00017963677340255,-0.00432476391277961,6.56402083587482e-07,-2.36209325831523e-07,1.14496414088185e-06,5.28596043494804e-05,-0.00019758396676526,1.25421940601854e-06,6.32826793720727e-07,-8.6482068784937e-06,0.279771921286738,2.69345922394675e-05,-6.21794302167225e-06,0.00173891173795753,-3.12315585022653e-05,3.435929189775e-06,-3.8696481873758e-06,8.26960217400577e-05,-6.72631922400393e-07,-2.89375794874215e-16,1.36934213868742e-06,4.5755615756326e-08,6.28705617697001e-10,4.49091067728496e-06,-4.20302708651564e-08,2.39798509540253e-08,5.3790058155138e-07,-3.33658903160448e-08,2.53823651867727e-07,-6.56464912764176e-07,-1.9048727394283e-08,5.78988798014848e-09,-5.1831052277298e-08,4.37103817001036e-08,6.31755968156627e-07,-1.16482314699476e-07,1.88413074801719e-06,9.59698937185193e-09,1.55138949481586e-06,7.33251665335703e-07,-1.22466146288197e-05,5.1668546838486e-07,-1.48013252858779e-06,2.59274000858768e-06,-1.03497959275822e-05,3.1594600748607e-06,3.86019347039345e-06,7.61351302935758e-05,-0.267997649826846,4.33676481368239e-06,-0.151486772938715,-9.31873392788172e-07,-6.97253773124377e-09,-2.09860329328551e-07,4.54899366454688e-07,-4.70114904464834e-17,-4.29122832920412e-10,-2.52898824490777e-06,1.1628402823028e-07,-8.52537886412259e-08,-4.27910414946691e-06,-2.08501657983394e-08,-4.34796654080893e-08,5.55475093369557e-07,-1.50732634487494e-07,5.14126431944865e-16,3.35103073249705e-08,2.99273472571547e-10,2.07323153670997e-10,-7.13446001941131e-09,9.74173841197882e-09,-1.03337411192779e-09,-5.98213906030682e-08,2.01299693302659e-08,-0.000427786743999373,1.35725631635604e-07,-3.32232425239129e-08,-6.45127745431507e-08,-3.54359794538736e-09,-3.71335188639743e-09,-7.1281923246278e-08,4.94493118550109e-07,-8.23749269935518e-08,-1.39274064930754e-17,-1.97170888654042e-06,1.59056725136317e-07,2.57173170040868e-07,4.30896352075192e-08,-2.04086685562359e-07,-4.82101492375346e-07,8.63228667547452e-05,-7.88299476053597e-06,-4.0808995501682e-08,2.55453349473848e-16,-7.82794050467344e-08,-3.50369954620987e-07,-1.02764061524333e-07,4.28274985585847e-16,1.98694071117198e-07,2.01001966890163e-06,-3.07370668873177e-07,-1.64345451617685e-07,-5.52530159436807e-08,-2.97413137867684e-08,-1.06838616723299e-06,3.01860198688212e-08,3.21279541769178e-07,1.51339043935326e-07,6.74700978342914e-08,6.80968802589404e-07,-1.89449145137366e-17,-2.77367929972056e-07,1.30762635942257e-07,8.54007349040199e-07,-8.72316929807192e-08,-1.98106261138112e-16,-8.69237581948647e-08,1.15312321201204e-07,-4.04041458879794e-08,-3.61049703608631e-08,-9.18923472590212e-08,6.85840936775408e-07,-1.32598138996643e-06,1.90981054927108e-07,1.3328246917086e-17,7.24392343732017e-07,-9.77696138241549e-07,7.62513038516805e-05,8.67275367165547e-07,-8.83189571077355e-08,-5.96470801220533e-10,1.52655665885959e-15,1.60055583312672e-17,-5.8629716870621e-10,-5.26810873486671e-07,6.95285307373141e-08,-1.01423448807195e-07,3.26598295145539e-16,-4.88831438957944e-08,-5.808899513896e-10,-1.01452085323249e-15,5.37951083186887e-17,1.05440311629806e-16,1.25361270671814e-07,3.70477083014501e-07,-5.39192054255418e-07,3.20065004461866e-07,1.59643988133434e-07,3.30245448178894e-07,-1.59076520946776e-06,-2.91527971393157e-16,-3.51408231942332e-07,6.21333443816648e-07,1.10774315960356e-16,7.93700361887225e-16,-6.29225814337473e-07,-3.06427883375992e-11,-2.34916541740332e-07,1.83935256384773e-07,2.33013172600578e-07,-1.25396997692892e-08,7.53905289149817e-16,-4.22009739224106e-08,2.01864550981111e-15,-1.44115397339715e-07,-2.23952800748606e-15,-2.62384259635884e-07,-1.07618117557032e-15,2.05522146697741e-07,2.84416124571126e-07,1.71494990998166e-08,2.27997250301106e-07,4.24081125932952e-05,-8.8801331988387e-08,3.09355940000109e-05,2.81909410329997e-08,1.37141341914308e-07,1.26545903571204e-08,1.98613113996126e-07,-8.92725762511252e-07,-1.3853950521379e-07,-1.12619586169895e-08,-2.69349813617228e-07,-0.707106781186546,4.0245850616925e-06,-6.95388931468782e-07,4.33199076255349e-08,-1.51106506659716e-15,5.74391651806965e-09,1.56067470186832e-07,5.58965200696991e-07,-8.79001625386259e-16,-1.4991136125118e-06,-7.21921753814373e-08,1.29061450300728e-15,-9.55179012957489e-08,1.49035151902785e-06,-2.82801884513868e-16,-1.33272399458781e-15,-8.72808551642963e-08,-4.24268656779322e-08,-2.42130922459708e-10,-3.36599701408153e-07,8.97739920026716e-08,2.91619286486064e-07,2.54608651973976e-08,3.13207837671396e-07,-5.33899783881895e-07,-1.15012166457262e-15,2.15718228447197e-07,7.59703911125359e-10,2.09935827677105e-09,1.96791051778324e-07,1.76227360109543e-15,-1.16001450106731e-15,6.48840257248918e-08,-3.46217164662523e-15,7.3676501920173e-16,4.17328752101628e-07,-4.95158699759004e-07,-1.65390899769471e-05,-5.70052503099411e-09,3.88596291735852e-05,-1.04491472702003e-07,1.34928811658108e-08,-2.08930999769637e-16,3.72939171262734e-08,1.76600341753761e-09,8.14730462983037e-09,-9.47787132927994e-07,0.00108721518500447,-1.04940636109468e-17,1.58363774961884e-16,5.5964947887988e-16,-2.47188406844041e-08,-2.43047679230861e-06,-7.1045938685187e-08,-8.77824129790768e-16,-1.05054545611413e-07,7.55370336656304e-17,5.29201697123042e-16,1.59750736069771e-06,-3.50839523004958e-08,5.72458747072346e-17,-8.66647079956934e-08,-4.95949118583484e-07,-9.1773689759134e-17,1.34644997238461e-07,5.06472677599571e-17,3.61043596563258e-08,-5.12308978867109e-17,3.60342520623587e-08,3.12005541130625e-07,1.24946385584171e-07,1.06355816658588e-08,7.30893783732955e-08,-2.54265032113322e-07,1.01628099196051e-07,-5.20194616723086e-17,4.65984234906521e-06,-1.43703884865038e-05,2.48110766088157e-16,-3.46227821590469e-08,-1.01757415838308e-07,1.6438793091048e-07,-2.23155598770721e-16,7.62392704977819e-08,1.11437120069913e-06,-1.64744840660255e-16,-2.52204987450588e-07,-5.58127671760214e-08,-3.21625945775024e-08,1.06430008443679e-16,-1.00836211543777e-16,5.22412534437441e-08,1.60207260317965e-08,1.29656587988701e-09,-1.45498921636867e-07,9.569845744522e-09,-3.79626301633061e-17,2.01862558383378e-16,3.49632270644465e-08,2.41022086153969e-10,-6.17445286172153e-17,8.46154563417776e-08,6.2976857001914e-17,8.61157003450172e-06,-1.6229442166456e-08,-9.48384194235317e-09,-6.29032077400765e-08,-1.09555569042449e-15,-1.22939263198536e-16,1.93649746408234e-17,-1.13601636241037e-16,-5.59722623868533e-08,-1.22020139842502e-07,-2.26202895589557e-16,-3.7294283912826e-17,-2.62048127181852e-16,9.28704895105906e-06,1.54507354834914e-09,-2.17600100753591e-07,-1.09969589878672e-16,-3.39355279987963e-17,4.46257614195034e-16,-5.30024652945545e-07,3.1840936487165e-06,4.94578167339448e-19,1.97447119403518e-08,-8.22494842911664e-07,6.47971458976939e-17,1.91232821837354e-16,-5.16386103022323e-08,-5.29135187987071e-10,-2.56091449114542e-08,-2.06856762476316e-17,2.88609518389528e-08,4.20668505429696e-08,4.51909671629633e-08,-4.12608997200727e-08,-1.47033168275127e-07,1.2534900445049e-08,-8.08989081123993e-17,1.95084961692179e-16,1.01818852586277e-16,2.40100699679546e-07,-1.16655652123676e-05,-1.1801555511062e-08,-9.31557170878472e-09,1.87508402517685e-16,1.7347433239879e-17,2.29480096731124e-16,8.56580751598423e-17,-1.49442972876271e-16,4.91096673146856e-07,1.65135781463974e-17,-2.08269088325327e-16,-7.22897552768722e-09,-1.54082434350122e-18,-6.47157821858195e-09,4.1401705388122e-17,-8.02416419668092e-09,-9.60078160954809e-17,-9.73863828538856e-09,-1.21943928452077e-09,-7.70305925725774e-07,1.69689700608757e-17,3.92093865711376e-08,-7.2512013313883e-17,5.57571857708834e-08,-1.0822561593205e-06,5.4400966859015e-10,-1.48099304890719e-16,7.94702689468854e-08,-7.51065964298161e-18,-1.95670558035178e-08,-1.10453508597425e-07,1.31469478015359e-16,-6.58105878435868e-18,1.22787596186974e-16,-5.70991229900678e-18,-3.71327971406789e-10,-4.83727780052982e-09,-1.08062171838573e-09,7.60304483846367e-17,7.06912092546039e-17,-1.25923222085392e-07,6.45918578639007e-07,2.89602721017451e-17,-2.11794541138786e-16,-4.94865274195478e-09,4.09620383624863e-16,-3.50896906297037e-08,1.66012940326928e-17,3.31838761498926e-07,9.17901976166072e-17,4.55514033966269e-17,-7.85661545391395e-17,-9.78813133720061e-17,2.68178607812662e-17,2.33795422702238e-16,4.42244915890997e-08,-3.0930062756326e-07,1.17739421882078e-18,-2.97269048856918e-08,1.13132715078318e-07,-4.23050310642308e-17,6.21808155195363e-17,-1.89045536303763e-17,9.11523961544127e-17,1.11767388281219e-08,1.78829996679134e-09,-5.60327791841471e-17,-1.09915593575472e-15,-2.03184861090179e-08,-7.24852645897045e-08,-1.20673739050215e-08,3.0982436878501e-17,8.96104349701646e-17,-1.92300581067799e-18,1.2869641989473e-17,-7.30346073543775e-17,1.16355718711235e-17,4.29994636001913e-08,-4.06848959750001e-08,-7.82594481713086e-09,7.46719005141535e-17,-3.28871703611217e-17,7.85839035233609e-17,6.43574641527282e-17,-7.11209869075104e-17,2.373301458374e-16,-2.11162243383286e-16,-5.46914093430684e-16,-2.94973776202964e-17,3.4537105772289e-17,8.91652813391677e-17,2.18339028027764e-16,-3.13510866527129e-17,-2.08998150077984e-16,2.98910396488571e-08,9.29533665253263e-17,8.64810053655351e-17,-3.92836009762827e-17,1.19118947639822e-05,-7.37910951875447e-10,2.90221308594466e-17,-1.09423907336728e-08,0.000185115277116924,-1.52829924207786e-16,-1.01761650773283e-17,-1.07332477085061e-07,1.93711403357489e-16,2.67097444980534e-07,5.72327419100378e-17,1.00265194461448e-17,-1.08489138450356e-16,-5.90413578249472e-17,1.349688206954e-09,-1.8536850249442e-07,-5.02003617619411e-17,-2.72698104088346e-17,1.99066217545133e-17,-6.94452197940273e-17,6.50521303491303e-18,1.2508558049203e-17,-2.67712342950197e-17,3.81501150150485e-16,1.55057992145917e-08,-4.02708144259432e-17,-8.67128388971924e-17,1.34558331928512e-16,3.87865882386101e-17,-5.66582275868534e-17,-2.21808710611638e-17,-4.43469625915438e-08,-5.46754029375292e-17,-8.34118525946566e-17,3.30711922182222e-08,1.1158344680372e-16,2.33067459251076e-17,5.30771391455251e-17,7.19592927250211e-17,3.03484260878632e-07,9.27300068298913e-18,-2.04174920474785e-08,1.50253311355479e-16,7.35578373033645e-17,-2.0245623473377e-16,1.48381537634114e-16,9.64350377520974e-17,-8.26073844585697e-17,7.38442826573329e-10,-1.40459168154915e-16,-3.77783776407913e-17,2.87790854313079e-08,-9.22510417082745e-08,1.94120240560583e-17,6.4662073512804e-08,9.47234023943746e-09,1.16125679920973e-16,-7.64847837627241e-17,6.33180220518734e-17,-2.00568985158472e-17,3.49714349367543e-16,-1.59541126156733e-08,-2.02816502658689e-16,1.43412772385483e-16,1.53326079341489e-17,6.39172653060704e-09,1.0393744030758e-16,8.48501427423803e-17,1.77497096608914e-16,-8.80383538233617e-17,-2.91482415927222e-09,3.18020942269353e-16,9.62358915921628e-09,5.50907966852486e-17,8.21472575334956e-17,1.24714898491813e-17,-1.28285194857895e-16,-7.40739806703558e-17,1.46736703659031e-17,-8.54352078160703e-18,-1.0518614339665e-07,3.01565493189589e-17,1.94074283337888e-16,1.23905372453782e-06,-5.59347081061336e-17,1.6347725836154e-17,1.21230883774045e-16,4.57528799987713e-19,5.41897353680499e-17,-8.27279217536762e-17,-4.6522617750647e-08,2.59017870359637e-17,9.41077532389569e-17,5.0810664709615e-06,-5.42958902663438e-17,1.58179022544376e-17,1.10067878916939e-16,9.47496818679296e-17,7.35664304975726e-19,8.27530740758711e-17,-1.04302795232297e-17,-9.10836234660233e-17,9.97621078037571e-17,-2.44784614806374e-16,-3.7959430951312e-17,-2.36616682361103e-05,1.6665622760024e-07,1.81354616705931e-17,-6.63911828133277e-17,6.06478363600386e-17,4.63214879221736e-17,1.97324795392362e-16,9.98830544187306e-17,-4.99302641887869e-17,2.45585863223402e-16,-2.09605813643325e-09,-3.20045290500488e-17,4.60539846831637e-17,1.90291723095225e-17,1.55327022815904e-16,2.68678557157616e-09,9.23278782523523e-17,-2.9423318517741e-09,-1.20094538676334e-16,-1.06136219611154e-16,-6.50418876645152e-17,7.37324402106375e-17,3.92604069630122e-17,5.60262765131123e-17,-9.67944643520274e-17,-5.96929959624025e-17,6.25982631656531e-17,-1.54194469388057e-17,-6.47615662326077e-17,-7.54299036108413e-17,-5.04978271236926e-16,1.17486357002252e-16,-1.73559149191387e-16,1.64642381568081e-16,1.76696939100738e-18,-8.83928254041656e-17,-2.6856274322836e-17,-1.45819590081528e-17,1.40512601554121e-16,2.65900316243864e-17,1.22289209177011e-16,-7.23065711241725e-17,7.06012129438407e-16,2.03894662425922e-10,-3.19301830236181e-17,8.87368158891101e-17,5.80245513781872e-17,-2.49647825820054e-16,-5.32065638976974e-17,-1.51012553047411e-16,-1.64918317527696e-16,-5.99297428393072e-17,2.72800547437507e-17,1.27996479723105e-17,-2.43728648374741e-16,1.55403450872218e-16,5.21402598995074e-17,1.61013871972448e-17,-8.79060888437226e-17,4.19516526134046e-17,-7.69202751703574e-17,-2.63269833782969e-09,-2.20329112548488e-18,-2.3434338298841e-17,3.59485792582519e-17,2.04248987869179e-17,2.22538929023317e-17,8.24997010127919e-18,2.98720076566416e-17,-9.71073923307546e-17,1.16431209425695e-17,5.59682652765977e-10,4.02464124090898e-16,1.82071463521885e-17,-1.15516922852817e-16,-1.23734712818635e-16,5.25356704933024e-17,-4.80030711213631e-17,4.83988163529233e-17,1.14021573310674e-16,-4.21250466275587e-17,-9.00554247960808e-17,-4.35765145953465e-17,1.68359613980817e-17,1.57833366636829e-17,2.83318960814917e-09,-1.24896107317633e-17,-1.38869243126139e-18,-3.49486906322153e-16,-2.67147415300428e-16,-8.54110255525367e-09,-3.19195239383669e-17,5.56829084039863e-17,1.48361966001694e-17,9.08982376300582e-18,9.73387856821898e-18,-8.61044032864872e-19,1.01433068699982e-16,-7.55501707723306e-17,2.61606203512559e-17,-4.49021785913202e-17,1.19706108366247e-16,4.57166738241982e-17,-1.11249907479059e-16,-1.13921569608291e-16,2.38125178414171e-17,8.49348706834754e-17,-2.99862490826827e-16
"t429",-0.0356055107863965,-0.0090648025015821,0.001138944431182,-0.096238354803489,0.0184080921568766,-0.00370776767818637,0.0197557220340355,0.000311350082045496,0.000102195560924647,-0.000306525285603805,-7.49405421111248e-05,-0.0601361564207548,-0.0387448240092651,0.00375506501091389,0.000670439251211602,-0.000793669987354527,-8.3683656184495e-05,0.000761583817082081,-3.30835835193324e-05,1.9399437034967e-05,-1.03285268889889e-05,-0.000976489748597859,0.00683354159175424,-0.184638308232839,-0.0626318405255567,0.000928163559570833,-0.00105645774549078,0.00095991110410406,-0.0161970423684177,0.00608633881859316,-1.64939136964687e-05,2.87473169283433e-05,-0.0134757950091666,-0.000119494020436789,1.94805701152932e-06,-3.21139830918505e-06,-0.000281123541071661,1.01896220447416e-06,8.52410179775027e-06,2.45148125029542e-06,0.000138513839223303,-2.24596710453481e-05,0.0143907187044781,9.81327416221684e-05,0.000119453625898491,-8.02676592794828e-06,1.82603362285227e-05,-0.000151844288720366,1.68320360433289e-05,-3.7248890052225e-05,0.00699402376472983,8.24243528534819e-06,-7.96357675211208e-09,-8.52033855059178e-06,8.3596156471858e-07,-8.71004282823636e-06,-2.28734008725679e-08,1.31129724116227e-05,-4.97525914049884e-06,2.14219941778829e-05,3.87290122156786e-05,-8.67659807415871e-06,0.000394791598548732,-0.000230230846320548,4.03461579224485e-05,-0.25070444208808,-3.63125611109337e-06,9.47267196662801e-05,-0.000233109061165042,7.82999030026558e-05,-5.93028293869642e-05,7.73116852371449e-05,-3.41914544415262e-06,-0.000242787386260476,0.000100530842205393,9.45974716572897e-08,-0.000524974418635435,9.38568416024278e-06,-3.17212303365135e-05,-3.62970527670225e-05,1.02315732791331e-05,0.000152068671996858,-1.79917680797504e-05,-0.000111849832162915,6.7195814364061e-06,0.00143676263408418,-8.8027291958565e-05,-1.57934610693635e-06,-5.17263440096816e-07,0.000135070788489601,-3.32936435938363e-06,8.37607359260167e-07,7.54125776362633e-06,-0.000780592929064981,-2.88082463807088e-07,-9.40382293142223e-05,-2.12691877443129e-05,5.27428353541677e-05,-7.99097047219513e-05,-2.11893040255664e-05,-4.54304681831278e-06,3.64072024527757e-06,-6.19020142762705e-06,2.04490455959607e-06,-8.85298922521715e-07,1.62123135228704e-05,-4.75348586361011e-05,0.000402708746078789,-7.02798922623379e-06,1.69232930743567e-06,7.45863637521702e-06,1.75981175977819e-05,-2.96331218137692e-05,2.56117492555923e-05,-1.29414878072473e-07,4.8889159410107e-06,-7.16130790715163e-06,7.44247967261921e-06,-7.40517655453076e-06,1.79885958365463e-05,-6.67894211301516e-05,1.57607269111008e-05,-1.47436276976173e-05,-4.04876530142121e-05,1.31567562104579e-05,-0.000123974914214742,1.25749110491576e-05,-3.93186718333703e-06,7.1788027885699e-06,0.000236531359508942,-7.4421987634931e-06,2.12271485591104e-05,-4.13498303849625e-05,-5.02607006792378e-06,1.77483937894694e-06,8.17893557687096e-06,-4.55033835236032e-08,-2.93464006627318e-05,8.69730369095773e-06,-2.49849481568601e-05,-1.58447211742063e-06,-6.1110746739793e-05,1.18700274028822e-05,7.55841107109715e-07,2.38448882501213e-06,-1.47556620165941e-07,-6.5992892119561e-06,9.64997115500471e-07,6.24257531981232e-08,-1.50535238998376e-07,-2.33496654321397e-05,-6.89974553031248e-07,-1.4718103450215e-05,5.48099755855651e-06,-1.53636934170918e-06,-1.33086627060668e-07,1.98903226311159e-06,-0.000185573066426176,-5.64819031545552e-07,-1.89741599370036e-07,-0.000165355666858235,2.03633745153564e-06,-4.11978763320375e-06,-0.00455681911858613,4.60478074496021e-06,-0.00175496181024763,5.63573354623373e-06,9.92575673071497e-08,4.97688659468439e-06,8.08246459527126e-06,-0.00184852782503086,3.77941083855811e-05,1.09050132818825e-06,4.53674302062698e-07,0.000427141103218505,6.31279148493795e-07,0.148091364112435,-3.98350187513946e-06,-4.00019281477238e-06,-0.000145327644798151,0.000111166312370583,0.0043194360665329,9.65042265345668e-06,2.00967929527041e-07,2.44908910600498e-07,5.30143605590358e-08,-1.67170383147554e-07,7.61326548599247e-07,3.47111262166662e-06,-3.40338338885008e-05,-1.15642103058351e-07,2.21587478704674e-07,8.84824213711272e-07,1.82673617130052e-08,1.50759752994962e-07,-2.06726517899983e-07,-3.77452101623488e-07,-1.86981787507731e-06,2.16403778265747e-07,7.92307407834053e-08,7.82846723919982e-08,1.17695547200421e-05,-1.6775842747848e-09,-1.63559985829098e-06,-2.23898495702007e-07,-6.79619931626279e-06,6.02777754453848e-08,2.4204204605166e-07,1.52085966612243e-06,4.44971958989952e-07,0.000161410023331873,-0.0128374838803183,-0.000481359015608259,-3.20661180610676e-06,-2.01708586911642e-06,-2.00495988930107e-06,2.17485867739058e-06,1.80232828600701e-07,-2.66451077651327e-07,-1.16317205348763e-06,-6.06972797986116e-06,4.10568638814138e-05,1.51641323275839e-06,4.67100646050285e-06,-1.01665218048408e-06,-5.02673417464057e-07,-5.25926876187766e-06,-2.96778277153369e-07,-4.02625793833086e-07,-2.6469814797792e-07,5.09808835349649e-06,2.88808164036759e-05,6.25311069221826e-08,1.00716285353294e-07,-3.3384549517769e-09,-3.38500374467901e-08,-5.55279589797856e-08,3.71855059052106e-16,1.84430964676462e-08,-1.79947947095277e-06,1.35208760291741e-07,3.70061383813149e-06,7.7231441930268e-07,-9.3647671617638e-07,2.23173613809951e-07,-8.57404619069416e-06,2.00541788902952e-08,-1.4857859069977e-09,7.68618644222412e-05,-4.20865277804959e-06,1.39748511064565e-07,-1.9565109445769e-05,1.02678803098963e-06,-6.22029022180704e-07,4.76969445801535e-08,-4.15973663315876e-06,5.29413409084607e-06,-5.34816993030944e-05,-2.19092600728294e-06,4.97177110410621e-07,-1.45032891147274e-05,3.20024019466554e-06,-0.000431114032608217,0.0106914187099306,-1.69631169467602e-06,6.13544875073997e-07,-3.33884961612937e-06,-0.000154562904370996,0.000579502611424013,-3.79940473042143e-06,-1.94043502209436e-06,2.75737174568957e-05,-0.898583027010004,-0.000111403423551643,2.65037174789873e-05,-0.00759400888891899,0.000144406321464085,-1.66553386349263e-05,2.09926583061276e-05,-0.000464365062137824,3.88399263972962e-06,8.30810358193859e-16,-8.74523351223615e-06,-2.96298246986683e-07,-4.26414677658918e-09,-3.42418137050233e-05,3.57987110389155e-07,-2.16128031344627e-07,-4.99102632848121e-06,4.94461981640419e-07,-3.91031856827728e-06,1.02224292056402e-05,3.626051352767e-07,-2.99622862424608e-07,3.83036229334483e-06,-4.6056578464012e-06,0.000160151946167257,-2.01411482559894e-06,2.28142170825762e-05,1.14130789652009e-07,1.83517726589537e-05,4.65056187483818e-06,-4.19447949665806e-05,1.62625899641864e-06,-4.08870515502701e-06,6.01898615007151e-06,-2.26731777099973e-05,3.63045691331631e-06,4.14044066301796e-06,7.09948991508349e-05,-0.224224436632051,2.25829782763889e-06,-0.0252619740961698,1.56718983258347e-07,2.21374806386891e-09,1.20911953611208e-07,-5.25965191107708e-07,-1.55849796284288e-16,2.98156584171038e-09,2.02981645480079e-05,-1.16826038019761e-06,8.62418673980135e-07,4.36030410042402e-05,2.25081499996314e-07,5.25232148090509e-07,-7.72883107296448e-06,2.89971860334188e-06,3.19890409465669e-16,-2.2588669916319e-06,-2.75905006396459e-08,-7.74868616532573e-08,4.11728741140419e-06,5.91222028729862e-07,-4.04116710433935e-08,-1.59663662747118e-06,4.46473442597785e-07,-0.00710155913466125,1.86348013772801e-06,-4.1366878731699e-07,-7.64771215812162e-07,-4.08205303063814e-08,-4.07759242185193e-08,-7.78792497467456e-07,5.23492282716463e-06,-8.51901356859689e-07,-5.34712896328934e-16,-1.75512811931032e-05,1.37857134378631e-06,2.22839272429445e-06,3.48348157556819e-07,-1.63389157210037e-06,-3.47012405098708e-06,0.00060501123505277,-5.4968790137381e-05,-2.79256392777608e-07,-1.8283746204133e-16,-5.24723733023667e-07,-2.33113150976443e-06,-6.65559933695846e-07,1.3805323751644e-16,1.25192511745623e-06,1.25856022247529e-05,-1.91840619016977e-06,-1.019020059333e-06,-3.38911548570637e-07,-1.80982085194866e-07,-6.46162376522057e-06,1.79364761843574e-07,1.90512223263987e-06,8.86951164976112e-07,3.87628258618765e-07,3.90841098014465e-06,3.21802039685022e-16,-1.53491468697956e-06,7.19264055547617e-07,4.63676032837573e-06,-4.6469988110622e-07,2.71677181762776e-18,-4.45695748210529e-07,5.68639680521062e-07,-1.96013896599681e-07,-1.7386787162254e-07,-4.38697950912763e-07,3.22362660974881e-06,-6.08491771374194e-06,8.31072618421585e-07,6.69260971284291e-17,3.02605581647588e-06,-4.07062187631315e-06,0.000315306085195061,3.55322270278948e-06,-3.6158934923035e-07,-2.4357816762838e-09,-1.20042864537595e-15,1.65645593452622e-17,-2.36011602850285e-09,-2.09542431675933e-06,2.76151258117517e-07,-3.98703222245378e-07,1.25047326743793e-15,-1.88097230418069e-07,-2.21512760177351e-09,-1.8280943418921e-16,5.80488113723319e-17,8.97950142590398e-17,4.65517579523859e-07,1.3713190377052e-06,-1.97434700647435e-06,1.16165100866842e-06,5.7882593580954e-07,1.18654067569325e-06,-5.70958853442504e-06,-3.84021780155542e-16,-1.23945296477503e-06,2.178650802663e-06,6.77829051099134e-17,2.12809717506408e-17,-2.1586667320034e-06,-1.04598917955082e-10,-7.96681505433621e-07,6.21118359054534e-07,7.80570558230394e-07,-4.19534714261088e-08,-8.55988128893676e-16,-1.40946580211412e-07,-4.60362436594287e-16,-4.7897935574355e-07,4.47341816367519e-16,-8.68972602953701e-07,-1.26557718728235e-17,6.77647079237045e-07,9.36946271976603e-07,5.58544513801273e-08,7.40817251577055e-07,0.000137659253016492,-2.87043435906808e-07,9.9638290975844e-05,9.00631121189009e-08,4.38101780267824e-07,4.03268833156261e-08,6.30149254055101e-07,-2.81613054369744e-06,-4.34965032248781e-07,-3.5229525919646e-08,-8.41084840142405e-07,-1.6772115331852e-16,1.24995935695321e-05,-2.14879514374759e-06,1.32029242670671e-07,1.13653039378115e-15,1.74392351549727e-08,4.71169094086684e-07,1.68353052586062e-06,-1.08049806266538e-16,-4.50968348344898e-06,-2.16146800567009e-07,5.89448264811342e-17,-2.85331243989821e-07,4.39328971069736e-06,4.13247544549888e-17,-7.56528730229506e-19,-2.56011210433516e-07,-1.24391119832946e-07,-7.08449089194408e-10,-9.82500832916279e-07,2.60654790783553e-07,8.46320638616935e-07,7.38438924934412e-08,9.02206438179734e-07,-1.52960038269013e-06,6.90853624307763e-16,6.16779198276932e-07,2.17139075612624e-09,5.99316968997945e-09,5.60982811723625e-07,-5.92771928474385e-17,2.47896147831588e-17,1.84599828143364e-07,-2.6385475666055e-16,-1.43079016662202e-16,1.17323854386872e-06,-1.38925924312443e-06,-4.64015322937132e-05,-1.59243594698127e-08,0.000108491227689216,-2.91691111174524e-07,3.76358201576381e-08,-3.82630040948932e-17,1.03163975308071e-07,4.87671395823912e-09,2.24854616776277e-08,-2.60838648223856e-06,0.00297694414044849,-9.08678754308285e-16,-1.88267182802689e-17,1.10634440997728e-15,-6.72011441581196e-08,-6.587503943032e-06,-1.92516904355176e-07,-1.59648581980949e-16,-2.83847651694022e-07,8.68517802974223e-17,-6.30276671290155e-17,4.26303934482602e-06,-9.36092392410972e-08,2.25514051876985e-16,-2.30548901137844e-07,-1.31708123065523e-06,6.1027351341292e-16,3.56330476256281e-07,7.82138832053769e-17,9.51527060768559e-08,6.003942009198e-17,9.49327937294794e-08,8.21747923903891e-07,3.28972452085108e-07,2.79899159167213e-08,1.9215680696173e-07,-6.65963380687027e-07,2.64800819099257e-07,4.02452783241564e-18,1.20645060069548e-05,-3.71804198477703e-05,7.39159055745199e-17,-8.94991847768674e-08,-2.62613825330234e-07,4.2363129293111e-07,1.26968468222271e-16,1.95503692494889e-07,2.85486242163024e-06,-4.63623037586719e-18,-6.45284245588829e-07,-1.42710677145045e-07,-8.20462252180609e-08,-2.20638078721539e-18,8.54554969650271e-18,1.3253868534933e-07,4.05515449478313e-08,3.28030813415178e-09,-3.64481100036266e-07,2.39347944898147e-08,-3.73034509336766e-17,8.81420921080977e-17,8.73497170140517e-08,6.02069810908747e-10,-3.97159884155684e-16,2.10980347855674e-07,-5.60993866144562e-18,2.14342072301066e-05,-4.029785395663e-08,-2.35444472869998e-08,-1.5605797378006e-07,-2.68819708412066e-15,5.68046348053698e-18,-1.13802796587812e-16,-3.17555675821478e-16,-1.3803493102997e-07,-3.00771162120266e-07,-5.06684948400576e-17,8.13431065480411e-17,6.60955467850058e-17,2.28517637391771e-05,3.79893481889021e-09,-5.33924447149557e-07,-3.42462850702947e-17,1.68376597386999e-16,1.63931368479808e-16,-1.29156884909211e-06,7.75719885342525e-06,5.04840522150288e-17,4.79748069136042e-08,-1.99632327864672e-06,-7.36344217517427e-17,-7.38404479423886e-18,-1.25020272694802e-07,-1.2808111594249e-09,-6.18977630361626e-08,1.29013544997729e-16,6.95868316518942e-08,1.01291404465585e-07,1.08610846282217e-07,-9.89139785530071e-08,-3.52240603581015e-07,2.99912007003826e-08,1.91476996624226e-16,-6.40613738537121e-16,-1.63780161956999e-16,5.70368091385258e-07,-2.77089614502979e-05,-2.80066227375236e-08,-2.20067992992123e-08,-1.86938084491478e-18,6.57221072530715e-17,6.65889445603074e-17,8.30955220538022e-17,-1.18299103563509e-17,1.15469378281424e-06,-8.69917648786826e-17,-1.02627935980752e-16,-1.69660130519505e-08,-4.72347567224399e-17,-1.51869577685562e-08,-5.84455910869184e-17,-1.88273415501301e-08,-1.2832185299097e-17,-2.27777993698399e-08,-2.85001658241312e-09,-1.79826075463605e-06,-1.33909672880484e-17,9.14045979977198e-08,-1.09332844284238e-17,1.2958190338564e-07,-2.50522506981902e-06,1.25906596995773e-09,-5.26611329894048e-17,1.83633434513218e-07,-4.56294224567017e-17,-4.51000824060423e-08,-2.54552737985738e-07,-3.08730518986413e-16,4.52870966102082e-17,2.4651910045511e-16,-5.28869307364532e-17,-8.53996746106858e-10,-1.11189208986425e-08,-2.48233327179775e-09,-1.73832941958873e-17,-5.14390369207884e-17,-2.88390136835257e-07,1.47908877621075e-06,8.53872131614402e-17,5.83672697639211e-17,-1.12896434570171e-08,8.77533779184394e-16,-7.99885706602118e-08,3.02064873372697e-17,7.54709882941323e-07,-5.67420012644742e-18,-3.76832502388661e-16,-4.53438393400823e-17,-6.43200313697364e-17,1.02746874913443e-17,3.58834182748695e-17,1.00117509899838e-07,-7.00167391780229e-07,3.48693112851569e-17,-6.71855201595747e-08,2.55519617192116e-07,-1.70533330174828e-16,4.71136393768856e-17,-1.90628971982564e-17,1.48660424413484e-17,2.51713550073755e-08,4.02478405413713e-09,1.94188905168964e-16,-2.27439230477321e-15,-4.56953349513173e-08,-1.63000302460142e-07,-2.71275321830715e-08,-4.61599251378382e-17,-2.35709796542358e-17,-8.47093749688572e-18,-4.53622218305918e-17,7.64852986385575e-18,-8.89245397035535e-18,9.61570595791603e-08,-9.09367420732409e-08,-1.74836733990355e-08,1.74354508507739e-17,4.50654851382281e-17,-7.91156416449119e-17,-2.17232426509918e-17,-3.98999192200005e-17,-3.21210865026966e-17,-2.73796802383272e-17,4.87971273220719e-18,6.49048265829763e-17,2.66311936794806e-17,-1.78352748340257e-16,-1.2674005851416e-16,6.87942866511456e-17,-9.88429787850728e-17,6.62406569167739e-08,2.24544418043904e-16,2.85090016937875e-18,-2.66341124793782e-17,2.63695500466197e-05,-1.63312489932453e-09,-1.04134482243887e-16,-2.42137303440123e-08,0.000409096955332647,-7.04852918968227e-18,9.19164720295366e-17,-2.36817020014359e-07,1.35524202034443e-16,5.88159002688249e-07,2.78169499566884e-17,2.04670094015854e-17,5.91810958429904e-17,-4.3464227511144e-17,2.96288996594522e-09,-4.06843243112147e-07,-4.20651074850554e-17,1.34855928607293e-17,-5.3247397197651e-17,-2.04441508025379e-16,-1.01915004213637e-16,4.76658386191806e-17,5.95948199925397e-17,-3.12230461979515e-17,3.36701023950648e-08,3.40186920491107e-18,1.88557439746181e-17,-4.79150370713403e-17,5.0599962304538e-17,-2.60972708631673e-17,1.31579203463317e-16,-9.60784101431958e-08,-1.91360600727087e-17,9.4827253927095e-18,7.16193188686604e-08,9.56706435239908e-17,1.51693076993139e-16,-3.0161809848279e-17,-1.60203552881532e-17,6.54024702695571e-07,-5.483766817673e-17,-4.39624589453992e-08,4.71672638021473e-17,2.83820966409693e-17,-6.85338804932617e-17,-3.35501280077956e-16,-2.97855876052005e-17,-4.98225865172897e-18,1.58717935384471e-09,-1.91445555515696e-16,2.60804485274544e-17,6.17726770395747e-08,-1.97998083488559e-07,-2.80001990193444e-17,1.38622099721434e-07,2.02993124077895e-08,-7.3132694433213e-17,3.1333917354456e-18,-2.58084210724998e-17,-1.91647066325389e-17,5.86584187699838e-17,-3.40061972341636e-08,1.10503588974612e-16,4.52535329084027e-18,3.63110589021891e-17,1.36051860976096e-08,7.11842452868846e-17,3.25345647351425e-17,3.00485221422497e-16,2.5108720898437e-18,-6.19310220432548e-09,3.24231355430803e-18,2.04356917595101e-08,-1.18545771243791e-17,-5.23707356682502e-17,9.6351166315086e-17,5.46124796520936e-17,3.79575160101549e-17,9.33742230808936e-18,6.72089649604015e-17,-2.22702375854725e-07,1.61407613994922e-17,-3.47904301542318e-17,2.6214305323488e-06,-1.02795066743135e-16,-2.58989155879205e-17,-1.1445890416239e-16,1.98788011523082e-17,8.57771207691618e-17,2.33620151353728e-18,-9.82008839198232e-08,-7.95718656765104e-18,-9.71735680727276e-17,1.07142227163288e-05,-6.57663881766986e-17,-7.42891565080386e-18,-3.57632583088575e-17,1.18073394396764e-17,-7.17681970901716e-17,2.57363530039835e-17,-1.43067695593307e-17,4.84811649770764e-17,3.97218199810016e-17,1.23613077988243e-17,2.31481484416299e-17,-4.97064433145832e-05,3.49939280144329e-07,-3.6434509006978e-17,6.57239907082445e-17,-1.54411676894701e-17,3.70162689846771e-17,8.37004077158809e-17,9.74620509299951e-18,-2.29813920964169e-17,-1.57415233378584e-16,-4.3908903600859e-09,-3.85836367013591e-17,4.80584294750311e-18,3.15727180442928e-17,-1.50183691770929e-16,5.61716193893648e-09,-4.91359500934742e-17,-6.13766346918286e-09,-5.20344583665692e-18,-4.49077088112036e-17,9.04607680109121e-18,1.47555272285306e-16,2.43750835724736e-18,2.39628414180766e-17,3.24030460930879e-17,-2.1804763268952e-17,2.25731388702351e-17,-3.43757355386222e-17,-4.7357410932848e-17,4.19450351796611e-17,1.2311775353518e-16,-1.36466115120461e-17,-1.0335846016746e-17,-8.29280822741032e-17,-1.96605664724132e-17,4.1962725486394e-17,5.34247799008638e-17,5.21935903900667e-18,3.90312782094782e-17,6.15042838619857e-17,2.44069027638649e-16,-2.25206559512111e-17,1.38980751608186e-15,4.21857955220323e-10,1.58063800843286e-16,-1.47546207250929e-16,-5.50776247546536e-18,-9.20160528824981e-17,-1.90791613347155e-17,1.42123466530327e-17,1.37501876102216e-16,5.4477895676082e-17,4.10383219800621e-18,1.49437506422644e-18,-1.20996962449382e-16,-9.14579407559523e-17,4.88838477311967e-17,3.87165636106443e-17,6.7123776232079e-17,3.08192948873399e-17,-5.18365925903661e-17,-5.41743255641447e-09,5.65640115126223e-18,-5.69104734927917e-18,2.25615751055284e-17,-1.48562346034725e-18,8.50729950888847e-19,7.5953764990297e-17,-1.19007391748536e-17,-2.49143128715e-16,-4.09004921413146e-17,1.14529738025418e-09,3.40895231213082e-16,-1.11316627078219e-18,-3.35782483639654e-17,-4.79703000892651e-17,-8.12555584620468e-18,-4.86052783844659e-17,1.28011271994947e-17,-2.66553811075798e-17,-1.70460993585237e-19,-1.50642781555459e-17,2.89793440264837e-17,2.26895550632331e-17,4.49268828295485e-17,5.76571149860479e-09,-4.6210671545047e-18,-2.59900312296791e-17,1.77265508793105e-16,-6.51388665229291e-16,-1.73373575180732e-08,-7.33639249739044e-19,-6.30717283559096e-17,4.8201477581649e-17,6.59164091561017e-17,-8.45575784732028e-17,4.56169464996516e-17,9.39455573827743e-17,1.19638019174567e-16,5.05816058247608e-17,1.02734696996592e-17,2.0753881424237e-16,3.44344765613583e-17,4.74031878070148e-17,4.59092628128732e-17,5.1980501281446e-17,7.62445687815603e-17,-2.59329198504915e-16
"t676",-0.0358641907418692,-0.009206374534845,0.00115733021194228,-0.098348811970073,0.0189083552080433,-0.003827358345752,0.0204064415083546,0.000322492249308777,0.000106584190501208,-0.000322849411965387,-8.01866514723213e-05,-0.0655366879054882,-0.042349117423826,0.00411089291793925,0.000737412603899465,-0.000878855657532069,-9.29378233019505e-05,0.000847750555937737,-3.69379842293498e-05,2.19166196865489e-05,-1.18166186070829e-05,-0.00115965204539296,0.00822297030456008,-0.222502070873348,-0.0755518732075117,0.00113371999392877,-0.00129472627334295,0.00117943949649981,-0.0200588280377506,0.00800346364790915,-2.23353965205379e-05,3.98326438729626e-05,-0.0194591589215927,-0.000178120969400205,3.0190994885584e-06,-5.35122119964881e-06,-0.000474883507483292,1.75237739943761e-06,1.47772189441366e-05,4.3274989434824e-06,0.000253867480610102,-4.26304291244371e-05,0.0279599208419314,0.00019104239282315,0.000239462008191083,-1.82398013082694e-05,4.3404669045075e-05,-0.000369144417288179,4.38055772124098e-05,-0.00010541262931001,0.0226018472247191,2.86390174988421e-05,-2.79845504428835e-08,-3.3239205586573e-05,4.24204924543551e-06,-4.6427042764133e-05,2.49486553371555e-06,-0.00017853877939447,6.10705149637846e-05,-8.03748884239979e-05,-8.85315483016071e-05,1.62249744689617e-05,-0.000635719426938397,0.000357568450647704,-4.86148686511976e-05,0.244244694938854,2.2673360579306e-06,-4.84866795875197e-05,0.000108680957362598,-3.07223238820525e-05,7.25725093763416e-06,4.04262882390191e-07,-7.27276565134406e-08,-1.26341836334189e-05,5.59856230001091e-06,6.42871729469511e-09,-3.81688766190615e-05,8.9140700117848e-07,-4.43127759436725e-06,-5.65719176335071e-06,1.85517074875106e-06,2.83626812386537e-05,-3.98376290656495e-06,-2.58374844159421e-05,1.80055365577237e-06,0.000398032513750191,-2.51608320867339e-05,-4.53620396050305e-07,-1.48755626115744e-07,3.89662609892039e-05,-9.71183015170938e-07,2.67836325843623e-07,2.42940523991402e-06,-0.000263437604922057,-1.04077630608621e-07,-3.42875432431428e-05,-7.75830029070404e-06,1.96713852223544e-05,-3.00398428318412e-05,-8.19319172646298e-06,-1.79438535393322e-06,1.44061428092723e-06,-2.45443408815326e-06,8.78452948003058e-07,-3.82306328049774e-07,7.02932053231351e-06,-2.07554263443911e-05,0.000176177293622459,-3.08506339469387e-06,7.46653276114447e-07,3.29611845104625e-06,7.85137113307103e-06,-1.32355449688121e-05,1.17126253248401e-05,-5.94683628358339e-08,2.26973207002499e-06,-3.33970549375583e-06,3.51285453731714e-06,-3.53447038688516e-06,8.65637060002161e-06,-3.22866777164097e-05,7.7360142391398e-06,-7.30596492599944e-06,-2.00702060551073e-05,6.53074505744264e-06,-6.21243704195187e-05,6.3062399524895e-06,-1.98753210930464e-06,3.70902742746704e-06,0.000122236209201404,-3.85267219323621e-06,1.11437061348079e-05,-2.17661487878578e-05,-2.65081637849426e-06,9.43475566033684e-07,4.35250020657081e-06,-2.46117790630292e-08,-1.60770327410136e-05,4.84687900899725e-06,-1.39304032174715e-05,-8.85984876786619e-07,-3.42214518703945e-05,6.66283135442003e-06,4.24648014705321e-07,1.33967398015921e-06,-8.3437008908447e-08,-3.77944315081597e-06,5.5980707075705e-07,3.63297973053168e-08,-8.822464092443e-08,-1.3692256401839e-05,-4.05686110533519e-07,-8.66747922016958e-06,3.23354163445917e-06,-9.21391512734779e-07,-8.00243725812576e-08,1.19822040679227e-06,-0.000116595554711222,-3.58483310275433e-07,-1.20612328023042e-07,-0.000106001843374907,1.30763662705268e-06,-2.67340651341145e-06,-0.00296067360963306,3.02056409569603e-06,-0.00116067266249803,3.75019169348486e-06,6.59855078710485e-08,3.3076826029824e-06,5.34117321421909e-06,-0.00120708013362186,2.46204390242892e-05,6.6235833278881e-07,2.60757068100672e-07,0.00015303145274484,1.12199824692656e-07,0.000194085916265014,-3.7826247886245e-06,-3.52765173201058e-06,-0.000127878781049484,9.77303954000029e-05,0.00380569544929363,8.52205904354089e-06,1.77972474934087e-07,2.17566218568685e-07,4.77226502650037e-08,-1.51061384952414e-07,7.16239384821151e-07,3.27055415341911e-06,-3.25899609401117e-05,-1.1651293953998e-07,2.3465121989195e-07,9.54929961724625e-07,2.03175503072697e-08,1.71763486080806e-07,-2.55380238740975e-07,-4.7554653346983e-07,-2.46310588967582e-06,2.91980068812024e-07,1.35212378648455e-07,1.35476107998245e-07,2.34989722950517e-05,-4.01764494361181e-09,-9.17394595069768e-06,-1.26476089625167e-06,-4.48713719447036e-05,8.76303377105684e-07,3.452085132424e-05,-8.55538689608393e-06,-9.64440294628075e-07,-0.000214281899210349,0.01494195478654,0.000325998238817229,1.62561248460593e-06,1.01470851738747e-06,7.98909835096038e-07,-4.32613106884039e-07,-3.02751168089562e-08,7.32866494731876e-09,-6.25699880524806e-08,-4.86408310116717e-07,7.5695275378099e-06,3.17005259447069e-07,1.1045028339192e-06,-3.30614733801367e-07,-1.73238449763389e-07,-1.83814107699433e-06,-1.40113812258409e-07,-2.28889330342632e-07,-1.88437280331229e-07,4.06477006040009e-06,2.61840926079195e-05,6.48346976781901e-08,1.08804817110942e-07,-5.83756943996918e-09,-9.6111768635169e-08,-4.99681609037171e-07,1.870753500995e-18,-7.50102517832947e-08,5.63313267801929e-06,-1.58001863740943e-07,-2.82119016631361e-06,-4.47961395688637e-07,5.35120215030585e-07,-8.46879990562605e-08,3.06007713771043e-06,-6.96165804325099e-09,4.53572471284143e-10,-2.1580468373789e-05,1.0195188080796e-06,-3.17639212804071e-08,4.33279377834195e-06,-1.97644886030209e-07,6.77417278930684e-08,-4.23563927898565e-09,3.10290409820677e-07,-2.64228532111178e-07,2.58981655857507e-06,7.76360179494011e-08,-1.45622180318586e-08,3.15311279872542e-07,-6.27153347302674e-08,7.53799216688808e-06,-0.00015793627476895,1.89846680118884e-08,-6.63540188351538e-09,1.32287781246335e-08,5.93124269726933e-07,-2.14364151453375e-06,8.90641973399010e-09,3.66185410426048e-09,-1.64926552606892e-08,0.000346413872301926,-2.58002908330203e-07,5.71174590699903e-08,-1.49413675057691e-05,1.93522564973189e-07,-1.07406531193102e-08,-3.22776461881699e-08,1.08099449931853e-06,-1.16597295221009e-08,3.60099661343699e-17,4.93562591888429e-08,1.78628370802034e-09,3.1304798731186e-11,3.69986150074192e-07,-5.07469955062740e-09,3.4368867069562e-09,8.37801207087589e-08,-1.48058288249616e-08,1.20841593635885e-07,-3.18580167320666e-07,-1.29553696793363e-08,1.50407800457384e-08,-2.02738143023334e-07,2.52694811091576e-07,-9.84611518599239e-06,1.80733388069024e-07,-2.34655814045776e-06,-1.1828441830635e-08,-1.90625814225503e-06,-6.4247113025653e-07,7.1618993293956e-06,-2.80678657936735e-07,7.08128830551032e-07,-1.01710061514128e-06,3.76732863497677e-06,-2.9778610824657e-07,-2.79793612019321e-07,-2.52647077417879e-06,0.00197185014904879,2.60704725965822e-07,-0.001420882843351,1.5236586251351e-06,-3.9118341715471e-08,-3.83137833430577e-07,8.17349625789844e-07,5.26457529541832e-16,-4.33698004547032e-09,-3.10847347213537e-05,1.9468767406541e-06,-1.44098977357746e-06,-7.30585490521687e-05,-3.85588190969482e-07,-9.39522595456105e-07,1.45897099724234e-05,-6.15771018809854e-06,3.67430704046367e-15,6.60932149572423e-06,8.452178149595e-08,2.63433955283775e-07,-1.41807671079629e-05,-2.76081371947766e-06,2.31970785577102e-07,1.32738375730106e-05,-5.26160138661388e-06,0.559223936637882,3.834885348024e-05,-4.84645891942756e-06,-7.26319821237536e-06,-3.47665907610923e-07,-2.94493115164879e-07,-5.53341988128834e-06,3.37217241567576e-05,-5.12309164849195e-06,-4.78464882579944e-17,-7.21326807193656e-05,5.33976705542529e-06,8.62665484195472e-06,1.16676686160614e-06,-5.36759040938594e-06,-9.35127730479467e-06,0.00155693989893946,-0.000140236256515012,-6.9025487495098e-07,3.95197091431951e-17,-1.25368379591452e-06,-5.50257474933389e-06,-1.50510087102377e-06,7.20943266769284e-16,2.7130657960104e-06,2.70160251124109e-05,-4.09804867061846e-06,-2.15539041824449e-06,-7.0539089748815e-07,-3.72287934149391e-07,-1.31730061350121e-05,3.56425065978066e-07,3.77466225345973e-06,1.7283171427651e-06,7.34634373539006e-07,7.39709485110354e-06,1.32051817748238e-17,-2.7652667094259e-06,1.28553079809215e-06,8.14779834526126e-06,-7.96965620487546e-07,-2.0470557713876e-16,-7.29143749235575e-07,8.88657306523117e-07,-3.00725478972872e-07,-2.64572383707326e-07,-6.61249080426818e-07,4.77829366041488e-06,-8.79747484185625e-06,1.1412372970934e-06,-5.29225693201774e-16,4.00942768664615e-06,-5.37861364209146e-06,0.00041430433040917,4.63456752938556e-06,-4.71372498663647e-07,-3.16897685712402e-09,-4.85722573273506e-16,2.33893448362448e-16,-3.0372608399295e-09,-2.67332830528581e-06,3.51948985726374e-07,-5.04538672811188e-07,1.81706658108283e-15,-2.34772452408552e-07,-2.7499704427466e-09,-3.30406473024586e-16,6.89915848270253e-17,-1.69219206792633e-16,5.69782678768681e-07,1.67588840432693e-06,-2.40116584294572e-06,1.40771232790903e-06,7.01159205316175e-07,1.43262191890409e-06,-6.89134830946519e-06,-1.37293563490408e-16,-1.48855263122594e-06,2.61312987188046e-06,-4.23036363655046e-16,-4.33643477759272e-16,-2.58185350335706e-06,-1.25084568080184e-10,-9.5279589149711e-07,7.43022168080282e-07,9.34642399519458e-07,-5.02446969380259e-08,-1.14220209260267e-15,-1.68853135675328e-07,-1.76525340914223e-16,-5.7440765633946e-07,-1.64018104653607e-15,-1.04304917315498e-06,-2.46955448886136e-16,8.14487591923262e-07,1.12648169516749e-06,6.74706013272205e-08,8.95959198828996e-07,0.000166574599651043,-3.48174118935852e-07,0.000121133495766041,1.10148882820813e-07,5.35837480764967e-07,4.9423931492693e-08,7.75377449320293e-07,-3.4854353235788e-06,-5.412453095664e-07,-4.40372983691156e-08,-1.05382901319491e-06,-3.96238681183882e-16,1.57822653042965e-05,-2.73512378015006e-06,1.72614874272469e-07,1.47147872635534e-15,2.30045562286985e-08,6.30667140004817e-07,2.26849561263192e-06,1.84560170352001e-16,-6.09815538738917e-06,-2.96632866114569e-07,3.5024844830017e-16,-3.94621624580857e-07,6.41309610138598e-06,4.78406803546696e-16,4.89898962699035e-17,-3.83245829071088e-07,-1.86657908850567e-07,-1.07538249441435e-09,-1.51268290747626e-06,4.15620864734599e-07,1.35385584371148e-06,1.18677226027138e-07,1.53288529155278e-06,-2.7416339071941e-06,7.19476561661381e-16,1.13067079252098e-06,3.99655044944246e-09,1.11909024896765e-08,1.06663224845422e-06,4.11288429337973e-16,-4.54285771663677e-16,3.60313613793049e-07,1.02573462307949e-15,-3.05792252683874e-17,2.84189720273985e-06,-3.53686565714554e-06,-0.000118261836287289,-4.61617582566193e-08,0.000320840117266196,-8.66388405281641e-07,1.15076605837007e-07,9.34009196258918e-18,4.89429159661381e-07,2.67733440058497e-08,1.30462760527241e-07,-2.15888614320817e-05,0.224940261858083,-5.89866947780362e-14,-9.95224109217445e-16,-3.75019998022163e-15,3.69379120489574e-07,2.30326490237838e-05,6.53648399995128e-07,-1.97067420995244e-15,6.90454018474456e-07,-1.57485332735236e-15,1.01687479192259e-15,-3.50057087998004e-06,7.59367832733379e-08,9.73179870022989e-16,1.47411901000498e-07,7.31913120616568e-07,1.87808477253208e-15,-1.46978829089149e-07,-2.88107404608619e-16,-2.63466029564554e-08,9.50341040062443e-16,-2.52753624881344e-08,-2.1213411562609e-07,-8.19662541572202e-08,-6.63076671304738e-09,-4.04283472170938e-08,8.15438709544317e-08,-6.29700349605849e-09,-8.59202028024314e-17,8.60262867673822e-07,-2.97662306693528e-06,5.166964838261e-16,-8.17650692585338e-09,-2.91398954705011e-08,5.40654363670818e-08,-3.18780018519629e-16,3.48447262384537e-08,5.34576218187516e-07,-1.40875418460189e-16,-1.28275672429492e-07,-2.91555858524072e-08,-1.83600981471283e-08,8.94218511627353e-17,3.14847440248862e-16,3.505306804166e-08,1.13482460259331e-08,9.27903180986476e-10,-1.23355078256946e-07,8.28480478374981e-09,1.67149707325945e-16,-3.7697995452796e-17,3.06831903057238e-08,2.11873071210464e-10,7.69583566484356e-18,7.59958494877265e-08,-4.28206435371869e-17,7.88471750143666e-06,-1.52251339946701e-08,-8.91157490961271e-09,-5.94837396811765e-08,-1.17305079001141e-15,-7.64075897181116e-17,2.80890114629542e-18,-2.1142827465081e-16,-5.5668980948073e-08,-1.21805500818463e-07,2.43887357407713e-16,-4.48124324336914e-17,1.43708652960964e-17,9.38980425237085e-06,1.57044922120109e-09,-2.24222764284802e-07,1.50937433026732e-16,4.07226335985555e-16,3.95083271653718e-16,-5.68481746923241e-07,3.4193055932482e-06,-6.03879089403871e-17,2.14859957893522e-08,-8.99549046194211e-07,-7.43025887764847e-18,1.87149853949232e-17,-5.71141209961328e-08,-5.85747701299944e-10,-2.85244468015687e-08,-2.80444706788094e-16,3.24601950885618e-08,4.75527463318029e-08,5.1428451869232e-08,-4.73610818474553e-08,-1.69142570838855e-07,1.44775921863946e-08,4.37460296794098e-16,-1.26256751132045e-16,-2.40648164415069e-16,2.8297225062553e-07,-1.37523615988079e-05,-1.39444936357285e-08,-1.11254910705939e-08,-1.2174390766005e-17,3.27666512179077e-16,-1.31871636143091e-16,-1.33466035639298e-16,-4.27956138568761e-16,5.9232497672335e-07,-2.13251568981335e-16,-6.61569288670023e-17,-8.74994821136806e-09,1.79154275514549e-16,-7.83463496065442e-09,-2.22329326814638e-17,-9.71722818530292e-09,-8.45666665901899e-17,-1.18609831916073e-08,-1.48711273701761e-09,-9.41205815144819e-07,1.02125563939192e-16,4.8018710701548e-08,1.00312234885161e-16,6.86113305138032e-08,-1.33942315991154e-06,6.7343853203168e-10,1.29465421897501e-16,9.85923042892357e-08,6.1589575633471e-17,-2.43559184040914e-08,-1.37507875186783e-07,-4.58531600954626e-16,-1.87259519893166e-17,-1.61369421548527e-16,5.5074258754887e-17,-4.63496042275418e-10,-6.04206413615724e-09,-1.35082347386389e-09,-1.76493246745069e-17,-1.12396189485157e-16,-1.57989057428064e-07,8.10529561664011e-07,-4.69913087674775e-16,-1.85072778433092e-16,-6.23765393665637e-09,9.53825421080599e-16,-4.42718792105693e-08,2.86765455595392e-16,4.19841943150203e-07,2.21001145282659e-18,-8.93751761100012e-17,1.92068560060712e-16,-2.1909543201445e-16,-3.08125306555165e-16,6.62717388881233e-16,5.62877932848729e-08,-3.93702492102769e-07,1.48504794226604e-16,-3.79251026719255e-08,1.44477030891213e-07,-2.56970377418821e-17,4.34464871304856e-16,-4.58391042980797e-16,-4.68298480815101e-16,1.43409018122315e-08,2.29739254273677e-09,1.76857794097663e-16,-1.00786736245301e-15,-2.61404010048446e-08,-9.3272754958939e-08,-1.55384226513847e-08,1.00057958475612e-16,-1.47956017696768e-16,1.92460343241435e-16,2.05961573405494e-16,-4.40174138507112e-16,7.47733224017554e-17,5.61792905407592e-08,-5.32575594065272e-08,-1.02654756525246e-08,3.63938165197367e-16,1.51662514935853e-16,8.38215169026986e-16,-3.97900030273655e-16,-3.85236032637687e-16,-2.05679684619446e-16,-6.30373068049399e-16,2.04758957780582e-16,-4.65817641098872e-16,-2.96129590278486e-16,-1.35226543942496e-16,-6.79397111538599e-17,-4.65519397804624e-16,8.90883540624175e-18,4.44690852956879e-08,4.18106029241949e-16,1.01490471107424e-15,7.12635584971235e-17,1.9458551595235e-05,-1.25237982624459e-09,1.43825518421225e-16,-1.91341778701337e-08,0.0165394669145313,-3.73667518843068e-16,7.00281985573533e-16,-9.14421206980581e-08,6.99536579630874e-16,2.86758538013586e-07,4.17175064429654e-17,1.96559601352986e-16,-4.35568763972351e-16,-5.16205628436161e-16,1.56208950961967e-09,-2.15085316458257e-07,-7.6852128538275e-16,-3.18106331153052e-16,2.95834995969302e-16,-9.07363104277284e-16,1.35308431126191e-16,-1.13053404974441e-16,8.59824718334459e-17,1.62680845639244e-16,1.8860742596781e-08,-6.69631612883503e-17,7.41945708258932e-16,-7.12944654327857e-16,-2.01932537068109e-16,7.79927920490582e-16,5.40017864841443e-16,-5.41095329739988e-08,7.51875276656331e-16,-2.84895628452174e-16,4.03707850065288e-08,-3.15373406395238e-16,-1.70262854196208e-17,-3.63806116043198e-16,9.63082927641647e-16,3.71986925454657e-07,-3.57282147341829e-16,-2.50387427879114e-08,-2.01339778973498e-16,-9.02782936581111e-17,-3.10034386773208e-16,-9.34312916205278e-16,-2.1056792783438e-16,1.07946936705012e-15,9.06366095801536e-10,4.0271952988264e-16,4.9572000230138e-16,3.53425712750646e-08,-1.13293019013949e-07,-5.87767483624856e-16,7.94417069629015e-08,1.16386594043783e-08,3.17980177090169e-16,-1.02448550513444e-15,6.68039606976934e-16,2.46326987178336e-16,-1.30864686395947e-15,-1.96223732894774e-08,7.97500418368468e-16,-5.45207594731166e-15,1.99865687743265e-15,7.8622391407742e-09,1.09171103917932e-15,-4.22577936934094e-15,3.65271647601991e-15,3.78867333868124e-17,-3.58572799958286e-09,-4.39463375309788e-15,1.18388096625937e-08,4.36251859585578e-15,2.7800203061135e-15,-8.73900737463157e-16,2.39734778811765e-15,-2.54532404557383e-15,-7.23612699459699e-16,-5.22976284589401e-15,-1.29400680047531e-07,-3.85062567475233e-15,-1.08591902929006e-14,1.5242942974405e-06,2.13892919973996e-15,-4.73805162004676e-15,-9.3562607358699e-15,-5.84204146779708e-15,-0.707106781186548,-2.07631007143692e-14,-5.72377050271088e-08,-1.14943757320833e-14,-2.27283778364974e-14,6.25236162048141e-06,-7.49045569914455e-15,-4.36409917880471e-15,-8.42395032286202e-15,-6.71630371154686e-15,3.04084608880014e-15,-1.09572554629829e-14,-2.45675325172504e-15,-6.21364611670955e-16,7.1633022908787e-15,4.74071934694784e-15,-6.89576393085238e-16,-0.00175794806823622,2.01921787157369e-07,2.79603751900137e-15,-4.28353947180622e-16,-1.33210908969053e-15,1.98622074506068e-15,-2.66366789736239e-15,1.10727697742804e-15,1.08598239027637e-15,2.53889781734811e-15,-2.56609136696456e-09,2.05054045225023e-15,-1.13956049956044e-15,3.87338170751156e-16,-1.26200245991843e-16,3.29029784124797e-09,3.47862969557624e-16,-3.60216284429452e-09,5.58357623502816e-16,-5.32514457959853e-16,1.04020827675516e-16,-1.92102651567081e-15,-6.69125535151496e-16,1.72027736206454e-15,-7.27466746342849e-16,3.97986140247537e-16,-6.04687588725458e-16,3.702421035206e-16,6.69893855646951e-16,2.59698717208521e-16,-4.69992879143537e-16,3.17915441303029e-16,5.73619005589691e-16,2.71250304566557e-16,2.57958221409424e-16,-4.49688655608121e-16,6.91629931949221e-16,-9.66015194841116e-16,-2.59774840527527e-16,1.42725377126394e-16,4.26837120266714e-16,1.27211613787537e-16,-2.59818493477045e-16,2.48990121128858e-10,2.63947194807254e-16,1.57134152280061e-16,-7.0638750432706e-18,2.68125993971581e-16,1.53932403709594e-16,-3.96913966366225e-16,6.0443813230658e-17,9.27509014150068e-17,-5.34746074475105e-16,2.01638510032863e-16,-7.84962372879505e-16,4.58339453335812e-17,-8.78155989104048e-17,-1.1678640643324e-16,-3.87226025908804e-16,1.37451099465609e-18,4.20050013559719e-17,-3.20785466909386e-09,1.09258958382677e-16,-7.72316825487804e-17,-5.28470262161316e-17,2.97857951388201e-19,3.44959667234857e-17,-5.98871413742151e-17,-1.20379289163299e-16,-6.99681810977575e-17,2.03606550579823e-17,6.80224419393479e-10,1.8702551703056e-16,1.11161871899613e-16,-1.49414633663252e-16,-1.86154528805954e-16,-2.36888448225384e-16,-2.15628133771604e-17,5.36882175943734e-17,5.69943871902001e-17,-8.86889800088596e-17,2.4016071495869e-16,4.57154547633128e-17,1.70966059480651e-17,2.54782715031783e-17,3.43393795332119e-09,5.91218309288302e-17,-3.6410246903294e-17,-1.36989308440515e-16,-5.23886489744996e-16,-1.03383292512857e-08,-3.50125718186175e-17,8.11916774450432e-17,6.2299930681897e-17,1.65504750907557e-17,-3.15141112659426e-17,8.74483312665814e-17,6.01030419087029e-16,6.01657442474026e-17,-9.89315573162287e-17,5.70043873406368e-17,4.45458149206161e-17,5.26075068390364e-17,-1.10821655747687e-16,-4.0420776016272e-17,1.22704165434455e-17,3.96152992748317e-17,-2.13683050755119e-16
"t677",-0.0358641907418692,-0.00920637453484499,0.00115733021194226,-0.098348811970073,0.0189083552080433,-0.003827358345752,0.0204064415083546,0.000322492249308782,0.000106584190501204,-0.000322849411965391,-8.01866514723247e-05,-0.0655366879054882,-0.042349117423826,0.00411089291793927,0.000737412603899472,-0.000878855657532085,-9.29378233019678e-05,0.000847750555937722,-3.69379842293342e-05,2.1916619686535e-05,-1.18166186070809e-05,-0.00115965204539297,0.00822297030456004,-0.222502070873348,-0.0755518732075117,0.00113371999392876,-0.00129472627334291,0.00117943949649978,-0.0200588280377506,0.00800346364790919,-2.23353965205194e-05,3.9832643872936e-05,-0.0194591589215927,-0.000178120969400217,3.0190994885681e-06,-5.35122119962457e-06,-0.000474883507483317,1.75237739941442e-06,1.47772189441591e-05,4.32749894354617e-06,0.000253867480610101,-4.26304291244539e-05,0.0279599208419315,0.000191042392823152,0.000239462008191039,-1.82398013082856e-05,4.34046690450747e-05,-0.000369144417288243,4.38055772124215e-05,-0.000105412629309946,0.0226018472247192,2.86390174988152e-05,-2.79845504406838e-08,-3.32392055866319e-05,4.24204924547012e-06,-4.64270427640751e-05,2.49486553372142e-06,-0.000178538779394477,6.10705149637698e-05,-8.03748884240157e-05,-8.85315483015991e-05,1.62249744689719e-05,-0.000635719426938475,0.000357568450647762,-4.86148686511972e-05,0.244244694938854,2.26733605795595e-06,-4.84866795874821e-05,0.000108680957362537,-3.07223238820619e-05,7.25725093757992e-06,4.04262882372844e-07,-7.27276565274509e-08,-1.26341836334144e-05,5.59856230001769e-06,6.42871731263461e-09,-3.81688766190737e-05,8.91407001165337e-07,-4.43127759436158e-06,-5.65719176334231e-06,1.85517074874761e-06,2.83626812386666e-05,-3.98376290653681e-06,-2.5837484415889e-05,1.80055365579268e-06,0.000398032513750059,-2.51608320867417e-05,-4.53620396082798e-07,-1.48755626100681e-07,3.89662609892941e-05,-9.71183015165632e-07,2.67836325774234e-07,2.42940523991752e-06,-0.000263437604922095,-1.04077630651653e-07,-3.428754324314e-05,-7.75830029072863e-06,1.96713852223803e-05,-3.00398428318339e-05,-8.19319172644642e-06,-1.79438535384847e-06,1.44061428094831e-06,-2.4544340881644e-06,8.78452947931842e-07,-3.82306328013244e-07,7.02932053239628e-06,-2.07554263443959e-05,0.00017617729362244,-3.08506339468319e-06,7.46653276126157e-07,3.29611845106482e-06,7.85137113314877e-06,-1.32355449687995e-05,1.1712625324833e-05,-5.94683628596752e-08,2.2697320700737e-06,-3.33970549373914e-06,3.51285453738554e-06,-3.53447038690584e-06,8.65637059997447e-06,-3.2286677716375e-05,7.73601423916992e-06,-7.30596492597921e-06,-2.00702060551082e-05,6.53074505748688e-06,-6.21243704195498e-05,6.30623995242705e-06,-1.98753210932952e-06,3.70902742750947e-06,0.000122236209201375,-3.85267219322339e-06,1.11437061347896e-05,-2.17661487879163e-05,-2.65081637845203e-06,9.43475566032907e-07,4.3525002065251e-06,-2.46117791070353e-08,-1.60770327410026e-05,4.84687900901829e-06,-1.39304032174346e-05,-8.85984876760549e-07,-3.42214518703712e-05,6.66283135444057e-06,4.24648014779635e-07,1.33967398015916e-06,-8.34370089142397e-08,-3.77944315076687e-06,5.59807070701933e-07,3.63297973343678e-08,-8.82246409175548e-08,-1.36922564018139e-05,-4.05686110658574e-07,-8.6674792201677e-06,3.2335416345172e-06,-9.21391512699773e-07,-8.00243725279312e-08,1.19822040678525e-06,-0.000116595554711241,-3.58483310210549e-07,-1.20612327998794e-07,-0.000106001843375002,1.30763662702086e-06,-2.67340651341815e-06,-0.00296067360963297,3.02056409573421e-06,-0.00116067266249811,3.75019169344193e-06,6.59855079178874e-08,3.30768260296036e-06,5.34117321425079e-06,-0.00120708013362184,2.46204390243295e-05,6.62358332804579e-07,2.60757068121285e-07,0.000153031452744922,1.12199824710453e-07,0.000194085916265008,-3.78262478851827e-06,-3.52765173205009e-06,-0.00012787878104939,9.77303954000709e-05,0.00380569544929364,8.52205904354914e-06,1.77972474914001e-07,2.1756621860935e-07,4.7722650305825e-08,-1.51061385014205e-07,7.16239384876275e-07,3.27055415337835e-06,-3.25899609401307e-05,-1.16512939548403e-07,2.34651219869547e-07,9.54929961698688e-07,2.03175503254966e-08,1.7176348606516e-07,-2.55380238740349e-07,-4.75546533479966e-07,-2.46310588949465e-06,2.91980068785685e-07,1.35212378547148e-07,1.35476107939689e-07,2.34989722950278e-05,-4.01764497774942e-09,-9.17394595073769e-06,-1.26476089613761e-06,-4.48713719446681e-05,8.76303377159562e-07,3.45208513240006e-05,-8.55538689607293e-06,-9.64440294567853e-07,-0.000214281899210394,0.0149419547865402,0.000325998238817184,1.62561248458838e-06,1.01470851741581e-06,7.98909834994502e-07,-4.3261310692875e-07,-3.02751167939615e-08,7.32866498855223e-09,-6.25699880306372e-08,-4.86408310170158e-07,7.56952753778952e-06,3.17005259528076e-07,1.10450283393662e-06,-3.30614733813779e-07,-1.73238449460056e-07,-1.83814107704528e-06,-1.40113812303193e-07,-2.28889330322943e-07,-1.88437280361578e-07,4.06477006037448e-06,2.61840926078903e-05,6.48346976507607e-08,1.08804817070676e-07,-5.83756946438964e-09,-9.61117686690562e-08,-4.99681609023613e-07,-6.15199404552663e-17,-7.50102516690622e-08,5.63313267817195e-06,-1.58001863744378e-07,-2.82119016635025e-06,-4.47961395715303e-07,5.35120215115664e-07,-8.468799905264e-08,3.06007713756241e-06,-6.96165807071461e-09,4.53572476783261e-10,-2.15804683737785e-05,1.01951880801075e-06,-3.17639212839749e-08,4.33279377837929e-06,-1.97644886029877e-07,6.77417275951438e-08,-4.23563908382926e-09,3.10290409825439e-07,-2.64228532155234e-07,2.58981655847665e-06,7.763601788771e-08,-1.4562218083e-08,3.1531127989474e-07,-6.27153347552207e-08,7.53799216697126e-06,-0.000157936274769057,1.89846679971423e-08,-6.63540185323644e-09,1.32287781402466e-08,5.93124269765314e-07,-2.14364151459542e-06,8.9064197672742e-09,3.66185416368795e-09,-1.6492655328491e-08,0.000346413872301932,-2.58002908637683e-07,5.71174590932124e-08,-1.49413675059107e-05,1.93522565049985e-07,-1.07406530934275e-08,-3.22776462518593e-08,1.08099449932706e-06,-1.16597297371471e-08,7.4315653183029e-17,4.93562592496527e-08,1.78628379504878e-09,3.13048448945131e-11,3.69986150090087e-07,-5.07469958620646e-09,3.43688670079093e-09,8.37801204969333e-08,-1.4805828744067e-08,1.20841593480404e-07,-3.18580167319916e-07,-1.29553696882277e-08,1.50407800529781e-08,-2.02738143022779e-07,2.52694811206172e-07,-9.84611518603669e-06,1.80733388033686e-07,-2.3465581408021e-06,-1.18284418126749e-08,-1.90625814224641e-06,-6.42471130287691e-07,7.16189932941282e-06,-2.80678657941757e-07,7.08128830495345e-07,-1.017100615109e-06,3.76732863500729e-06,-2.97786108260832e-07,-2.79793612119666e-07,-2.52647077417963e-06,0.00197185014904878,2.60704726099357e-07,-0.00142088284335098,1.5236586250632e-06,-3.91183421188634e-08,-3.83137833430183e-07,8.17349625746426e-07,5.2866748099327e-16,-4.33698000289103e-09,-3.10847347212978e-05,1.94687674063415e-06,-1.44098977358484e-06,-7.30585490522384e-05,-3.85588190947084e-07,-9.39522595469681e-07,1.45897099723929e-05,-6.15771018790123e-06,3.4531288149394e-15,6.60932149577398e-06,8.452178154954e-08,2.63433955327173e-07,-1.41807671077395e-05,-2.76081371961659e-06,2.31970785477674e-07,1.32738375730724e-05,-5.26160138654324e-06,0.559223936637883,3.83488534804173e-05,-4.84645891931221e-06,-7.26319821254244e-06,-3.47665907604687e-07,-2.9449311536589e-07,-5.5334198812098e-06,3.37217241567304e-05,-5.12309164837357e-06,-4.54594399109685e-17,-7.21326807194461e-05,5.33976705521366e-06,8.62665484201738e-06,1.16676686162698e-06,-5.36759040929112e-06,-9.35127730475848e-06,0.00155693989893933,-0.00014023625651501,-6.90254875021254e-07,-7.0227261401646e-17,-1.25368379585236e-06,-5.50257474925836e-06,-1.50510087090212e-06,7.03925321730085e-16,2.71306579605809e-06,2.70160251123317e-05,-4.09804867057023e-06,-2.15539041835316e-06,-7.05390897551577e-07,-3.72287934208472e-07,-1.3173006135032e-05,3.56425065812373e-07,3.77466225358874e-06,1.728317142696e-06,7.34634373557466e-07,7.3970948509659e-06,1.03817434170906e-16,-2.76526670913223e-06,1.28553079813535e-06,8.14779834545246e-06,-7.96965620462555e-07,-1.86914693762586e-16,-7.29143749295222e-07,8.88657307040065e-07,-3.00725478966753e-07,-2.64572383504781e-07,-6.61249080406676e-07,4.77829366034242e-06,-8.79747484183269e-06,1.14123729715201e-06,-4.90091097384784e-16,4.00942768683652e-06,-5.3786136421782e-06,0.000414304330409169,4.6345675294735e-06,-4.7137249862545e-07,-3.16897690598188e-09,-1.38777878078145e-16,3.54656308715753e-16,-3.03726076961403e-09,-2.67332830525735e-06,3.51948986221737e-07,-5.04538672865153e-07,1.84006874924332e-15,-2.34772452277257e-07,-2.74997046574986e-09,-2.21010337111115e-16,1.64974536091836e-16,-2.9072925031614e-16,5.69782678661076e-07,1.67588840434763e-06,-2.40116584311275e-06,1.4077123277555e-06,7.0115920538957e-07,1.43262191887568e-06,-6.89134830951987e-06,-1.37503506318752e-16,-1.4885526312209e-06,2.6131298718145e-06,-3.43896425090651e-16,-4.74296407630923e-16,-2.58185350332779e-06,-1.25084530990608e-10,-9.52795891376313e-07,7.43022168080719e-07,9.34642399449697e-07,-5.02446969647783e-08,-1.88217007532404e-15,-1.68853135640393e-07,-2.73775529603499e-16,-5.74407656360217e-07,-1.68550069734597e-15,-1.04304917359952e-06,6.3171855595507e-16,8.144875919395e-07,1.12648169529347e-06,6.74706010928182e-08,8.95959198963528e-07,0.000166574599651059,-3.48174119535204e-07,0.000121133495766032,1.10148882856897e-07,5.35837480860009e-07,4.94239314538861e-08,7.75377449594174e-07,-3.48543532364539e-06,-5.41245309602744e-07,-4.4037298324864e-08,-1.05382901340483e-06,-4.13264382753215e-16,1.57822653042944e-05,-2.73512378014578e-06,1.72614874197717e-07,1.46138010628998e-15,2.30045561819338e-08,6.3066714000505e-07,2.26849561269127e-06,1.48717010785943e-17,-6.09815538744209e-06,-2.96632865935057e-07,3.61348262173606e-16,-3.94621624614674e-07,6.41309610150197e-06,4.96453455259534e-16,2.58891143769074e-16,-3.83245829228761e-07,-1.86657909127964e-07,-1.07538254033435e-09,-1.51268290747946e-06,4.15620864794825e-07,1.35385584366003e-06,1.18677225976928e-07,1.53288529175461e-06,-2.74163390722622e-06,7.82793968534534e-16,1.1306707925939e-06,3.9965515656563e-09,1.1190902323754e-08,1.06663224843798e-06,3.40037769478637e-16,-2.75717289373123e-16,3.6031361364254e-07,1.16283752252236e-15,8.99247419735534e-17,2.84189720245666e-06,-3.5368656569118e-06,-0.00011826183628724,-4.61617578924301e-08,0.000320840117266073,-8.66388405277354e-07,1.15076605807853e-07,-1.27201592723993e-16,4.89429159998508e-07,2.6773343847262e-08,1.30462760281652e-07,-2.15888614321357e-05,0.224940261858084,-5.90164010271859e-14,-1.39373724480957e-15,-3.8015235140359e-15,3.69379120470426e-07,2.30326490238713e-05,6.5364839993679e-07,-1.82755844035253e-15,6.90454018510888e-07,-8.74404513818105e-16,1.14311464107412e-15,-3.5005708801477e-06,7.5936783038753e-08,6.36643515683488e-16,1.47411901169735e-07,7.31913120469489e-07,1.27673203756305e-15,-1.46978829308232e-07,-4.39101342716824e-16,-2.63466029265868e-08,7.13857031617155e-16,-2.52753622890846e-08,-2.12134115749841e-07,-8.19662542616406e-08,-6.63076650001222e-09,-4.04283473944683e-08,8.15438712816439e-08,-6.2970035568551e-09,-1.83130682374261e-16,8.60262867484741e-07,-2.97662306675286e-06,7.31565175469455e-17,-8.17650664304072e-09,-2.91398953576171e-08,5.40654362514526e-08,-4.0479910210167e-16,3.48447262741113e-08,5.34576218193059e-07,-1.49789432438361e-16,-1.28275672366341e-07,-2.91555854730847e-08,-1.83600983033769e-08,-3.2601760566541e-16,2.95214267490274e-16,3.50530680917442e-08,1.13482458200666e-08,9.27903270229949e-10,-1.23355078399908e-07,8.28480428170471e-09,5.31261690636855e-18,9.00738576713684e-17,3.06831904527654e-08,2.11873085614872e-10,4.23379059448509e-17,7.5995849446405e-08,-1.53469127745257e-16,7.88471750152099e-06,-1.52251342672722e-08,-8.91157439405363e-09,-5.9483739825799e-08,-1.10200909411134e-15,1.28577456879694e-16,-9.43459095966172e-17,1.24120422878863e-17,-5.56689810019405e-08,-1.21805501017388e-07,-5.94447407933549e-17,6.80237903147092e-18,-6.41135241069767e-17,9.38980425243785e-06,1.57044915278753e-09,-2.2422276386785e-07,-2.04218539811448e-16,6.36318255031743e-16,2.80591522239249e-16,-5.68481747064364e-07,3.41930559353797e-06,1.57811380759267e-16,2.14859959272561e-08,-8.99549046644887e-07,4.10859187328864e-16,5.52919605813446e-17,-5.71141210492655e-08,-5.85747209110758e-10,-2.85244467941263e-08,-3.42709209175839e-16,3.24601952930741e-08,4.75527463747119e-08,5.14284518358021e-08,-4.7361082143606e-08,-1.69142570939326e-07,1.44775924711469e-08,3.17114191629031e-16,-3.77302679841966e-16,1.9983807354398e-17,2.82972249661799e-07,-1.37523615986759e-05,-1.39444936478473e-08,-1.11254911309982e-08,5.01034401645902e-16,-3.01308788240456e-16,2.97475184373649e-16,4.35544533088298e-16,-3.00474263501173e-16,5.92324976725e-07,4.90514318005959e-17,-1.72324081339604e-16,-8.74994840170463e-09,-2.41861581892949e-16,-7.83463477455452e-09,-6.89266020312467e-17,-9.71722817149566e-09,1.34762545805029e-16,-1.18609829135163e-08,-1.48711264898993e-09,-9.41205815009246e-07,-1.57934265390439e-16,4.80187106712569e-08,-2.09227910047562e-16,6.86113303946448e-08,-1.339423159307e-06,6.73438409534583e-10,-1.30877692502125e-16,9.85923041811188e-08,1.24955768944098e-16,-2.43559183222708e-08,-1.37507875095476e-07,1.58158563670522e-17,-2.82503944219972e-17,1.86012206258226e-16,1.37024763492496e-17,-4.63496195502348e-10,-6.04206404342669e-09,-1.35082332438268e-09,7.32633057382812e-17,9.37685629946377e-17,-1.57989057347852e-07,8.1052956254872e-07,7.40571790407774e-16,1.18289010041917e-16,-6.23765389743448e-09,-7.97860848047682e-17,-4.42718790739008e-08,-7.42152519504786e-17,4.198419429655e-07,4.60602146128363e-17,-1.76378571094599e-16,-8.32651797240593e-17,9.07519184809092e-17,2.5556323203364e-16,-6.52094585691926e-16,5.62877919560793e-08,-3.9370249113593e-07,-2.24829172512889e-16,-3.79251028008982e-08,1.44477031140705e-07,1.2964701111614e-16,-3.4199098760115e-16,4.76080225955291e-16,3.45539560144175e-16,1.43409019086563e-08,2.29739247565089e-09,-4.18579504784757e-16,-1.55128555690846e-15,-2.61404009557684e-08,-9.3272754619129e-08,-1.55384228209681e-08,-3.34455120657644e-16,2.00587154576596e-16,-2.13343320711014e-16,-1.56782741161162e-16,1.47919902153054e-16,-5.97431571071717e-17,5.6179290589556e-08,-5.32575596185312e-08,-1.026547564795e-08,-3.74105478014153e-16,-1.18961986284099e-16,-6.90191821069551e-16,3.3602318705177e-16,5.6353709331197e-16,-1.57852892359715e-16,5.57253830639602e-16,-1.17810825439101e-16,3.28439762772572e-16,1.84318205884617e-16,4.55229114621964e-16,-3.08399309437722e-16,3.86907759813384e-16,-4.74056345480478e-16,4.44690845429741e-08,2.05647610807285e-17,4.35507075489903e-16,-9.336148586338e-17,1.94585515948012e-05,-1.25237988697707e-09,-2.42422501508809e-16,-1.91341800073139e-08,0.01653946691453,-5.83698890727766e-17,3.1219000559682e-17,-9.14421202323256e-08,-8.09228968727874e-16,2.86758537966244e-07,-2.28965766841465e-16,-1.88662619482681e-17,2.64649114191482e-16,1.24059142767166e-15,1.56208927084833e-09,-2.15085316915744e-07,2.94186547355338e-16,2.87434640368787e-18,-2.02168475245879e-16,9.68252444030171e-16,-7.94937032866372e-16,8.50029181636273e-17,-1.63826276269386e-16,-1.24033194161076e-16,1.88607408551188e-08,1.22707932299748e-16,-7.69006734837577e-16,7.27987531163281e-16,-4.89752784944266e-17,-1.00034131362267e-15,-1.26397257743003e-15,-5.41095326712794e-08,-7.32524022151123e-16,1.63588427318836e-16,4.03707854741114e-08,3.17912027966314e-16,2.93237751266832e-16,4.0697470386657e-16,-7.47487591048646e-16,3.71986927258458e-07,3.87045724589053e-16,-2.50387434157153e-08,2.82741114052449e-16,-2.76616914930875e-16,4.11298923535171e-16,4.15163034701328e-16,2.54131271533592e-16,-1.10218930292568e-15,9.06366545898329e-10,-6.42610408170626e-16,-4.79278357035684e-16,3.53425762016815e-08,-1.13293019809496e-07,7.12021142087527e-16,7.94417074690139e-08,1.16386583400357e-08,-2.87249252856661e-16,9.75162740764303e-16,-4.14292319410496e-16,-2.92117045744319e-16,1.41305983186167e-15,-1.9622374981995e-08,-1.09083538332046e-15,5.3501149002317e-15,-1.79778341475777e-15,7.86224127093333e-09,-1.03161383889717e-15,3.92469004127545e-15,-3.7838071134321e-15,-6.47854323162793e-17,-3.58572695956998e-09,4.37108696558978e-15,1.18388095336253e-08,-4.39143033298495e-15,-2.54886047442224e-15,1.21909488269826e-15,-2.2613571829397e-15,2.65852574888493e-15,8.10899731582397e-16,5.23836120687271e-15,-1.29400695195679e-07,3.68133396441337e-15,1.0638078179707e-14,1.52429430902705e-06,-2.05282300767431e-15,4.68171529475333e-15,9.76356642701315e-15,5.87404440244609e-15,0.707106781186546,2.07039056389267e-14,-5.72376259466899e-08,1.14730265047465e-14,2.26727022472222e-14,6.25236162818996e-06,7.58009874990744e-15,4.33094132255002e-15,8.5119412322764e-15,6.69040206353565e-15,-2.75807118937208e-15,1.16048025459707e-14,2.35047432962501e-15,4.12186009574476e-16,-7.20141128574852e-15,-4.56243774527468e-15,8.35804144609366e-16,-0.00175794806821669,2.01921783389415e-07,-2.6265060611625e-15,4.66472167067186e-16,1.42688389877194e-15,-1.98397479370542e-15,3.21010579229508e-15,-1.09700347592198e-15,-9.89404191257465e-16,-2.37607214660019e-15,-2.56609165727134e-09,-2.06467506029176e-15,1.1343190527037e-15,-4.11197775718704e-16,5.24714071918765e-17,3.29029815844614e-09,9.02219803877068e-17,-3.60216428953622e-09,-5.70052607206873e-16,4.7760618514666e-16,-1.43490324350071e-16,1.93076356197059e-15,7.29730792246154e-16,-1.42134851796249e-15,7.07656416272502e-16,-3.52261207653914e-16,5.93546171813215e-16,-3.4829488682876e-16,-5.93253468830656e-16,-2.64456063757985e-16,5.64130404448417e-16,-3.98721214953837e-16,-5.59452303396978e-16,-2.47192468801318e-16,-2.36998315071134e-16,5.07087498300133e-16,-8.17733697156274e-16,8.23365442105104e-16,5.98479599211998e-16,-1.41295544884497e-16,-5.80495118189568e-16,-5.45905881543343e-17,2.04503529396798e-15,2.48990122737638e-10,-3.87013748269827e-16,-3.99278402639499e-16,4.31672044675881e-17,-4.97746404797762e-16,-1.93003657981503e-16,3.53802684659495e-16,-6.25575283781182e-17,-5.46756394335591e-17,4.82407673563508e-16,1.97285911479102e-16,1.24032728532342e-16,-1.39842566463084e-16,-2.49527073573373e-17,3.12641257796987e-17,1.27464119263012e-16,-8.69500948703115e-17,-2.904491857517e-17,-3.20785460710206e-09,-9.89420074175192e-17,-5.66095470546173e-17,-1.46990595809016e-16,-5.77467031195823e-17,4.08495099890485e-16,-3.62586205042666e-17,1.03841336368205e-16,-1.75601061143649e-17,-2.46260709199399e-17,6.80224939710678e-10,-1.54389747085125e-16,-2.98966913977608e-17,7.52506757703139e-17,1.80598845953286e-16,1.12925801025899e-16,-3.34794597407138e-16,6.93322574276947e-17,-1.65295761954445e-16,1.21375732727916e-16,-3.84627064840896e-16,7.13251608111932e-17,-9.69903378170624e-18,-3.90368486129764e-17,3.43393813716567e-09,-2.62459449514996e-18,-2.82872737520976e-17,-6.27675896498421e-17,-6.50521303491303e-17,-1.03383292934942e-08,-6.3129655830178e-18,-8.12879369137188e-17,1.61251850736628e-17,-2.98118743861574e-17,3.23067684327395e-17,1.05424187749557e-16,-3.00403092717506e-16,-1.52303505333204e-17,-8.6909745183868e-17,3.53876086744938e-17,1.18313808903775e-16,4.13350204675164e-17,3.82905568469657e-18,6.20203377455148e-18,6.26047359589381e-17,4.17585378127021e-17,-1.29337566348045e-16
"t481",-0.0358577209632932,-0.00920288154842262,0.00115687696402535,-0.0982972602622405,0.0188962348179454,-0.00382448332988348,0.0203908141228906,0.000322225810238163,0.000106480354201612,-0.000322468875535173,-8.00671531028912e-05,-0.0654168095155296,-0.0422694351225926,0.00410304344576449,0.000735944551743507,-0.000877005192536302,-9.2737578669377e-05,0.000845891699134847,-3.68551624170092e-05,2.18633486799777e-05,-1.17856207688097e-05,-0.00115600265756821,0.00819569634679922,-0.221760018641127,-0.0752989505392867,0.00112975081227811,-0.00129014192114767,0.00117522736501658,-0.0199853489977818,0.00796909793689001,-2.22334536604047e-05,3.96430155070537e-05,-0.0193602200787299,-0.000177174991274083,3.00229913781053e-06,-5.31922948403075e-06,-0.000472011003534778,1.74162117624928e-06,1.46859431893255e-05,4.30040036451594e-06,0.000252235547224409,-4.23502624200656e-05,0.0277736452001451,0.000189768193400533,0.000237839236807844,-1.8108978916786e-05,4.3088094425523e-05,-0.000366430977430907,4.34765730907284e-05,-0.000104602658659256,0.0224229530748656,2.84092496317545e-05,-2.77595912740404e-08,-3.29675358944383e-05,4.20626026718764e-06,-4.60334993378508e-05,2.47192875729497e-06,-0.000176862468749805,6.0495698924163e-05,-7.95799393664831e-05,-8.76240412882431e-05,1.60557730594986e-05,-0.000628998426158166,0.000353775206801929,-4.80861309881546e-05,0.241529800869585,2.2409448087951e-06,-4.79109725302287e-05,0.000107378821065865,-3.03482822675171e-05,7.16160056685672e-06,3.98633659309464e-07,-7.17067309039793e-08,-1.24538999108405e-05,5.5185114956232e-06,6.33615639393007e-09,-3.76178113041608e-05,8.7836494058088e-07,-4.36453026425619e-06,-5.57100371580731e-06,1.8263663759849e-06,2.79205297523885e-05,-3.91985679524764e-06,-2.54195349264413e-05,1.77040945860673e-06,0.000391308581468255,-2.47319774674465e-05,-4.45877566006408e-07,-1.46215573462298e-07,3.83002752015263e-05,-9.54528592200424e-07,2.63101261482185e-07,2.38634001708956e-06,-0.000258684228723953,-1.021447454626e-07,-3.36481102765729e-05,-7.61358671182357e-06,1.93006338177951e-05,-2.94715312033603e-05,-8.036016242217e-06,-1.75958421420737e-06,1.4126476594336e-06,-2.40673512456988e-06,8.60603717312229e-07,-3.74514462209273e-07,6.88571623436563e-06,-2.03296489617541e-05,0.000172559057612123,-3.02157654545848e-06,7.31241760140028e-07,3.22801782135225e-06,7.68823081048612e-06,-1.29603453875447e-05,1.14656181597547e-05,-5.82106133613809e-08,2.22143111421097e-06,-3.26844369919893e-06,3.43736006406527e-06,-3.45801137622585e-06,8.46822195902572e-06,-3.15830793264512e-05,7.56597415565113e-06,-7.14454069466987e-06,-1.96266720211091e-05,6.38631694816697e-06,-6.0743606692871e-05,6.16602241097428e-06,-1.94316118239573e-06,3.62536616390454e-06,0.000119478745568518,-3.76569590855609e-06,1.08906700928305e-05,-2.12713995666699e-05,-2.59051863691319e-06,9.2195377504168e-07,4.25317784729861e-06,-2.40473578405286e-08,-1.57072088897249e-05,4.73507185715901e-06,-1.36090405850664e-05,-8.65539595021594e-07,-3.34316355609693e-05,6.50902543829726e-06,4.14844706114347e-07,1.30874660436246e-06,-8.15101396335962e-08,-3.69216649323547e-06,5.46893837217095e-07,3.54921346941317e-08,-8.61928842502384e-08,-1.33769673992959e-05,-3.96349673281286e-07,-8.46807654297796e-06,3.15918262063815e-06,-9.00307215672812e-07,-7.81949414785655e-08,1.17084764197384e-06,-0.000113994222538789,-3.50549358484358e-07,-1.1794645887971e-07,-0.000103676925400599,1.27900446113642e-06,-2.61552188333311e-06,-0.00289666199833675,2.95606059122678e-06,-0.0011362124142758,3.67472585663055e-06,6.46601393303807e-08,3.24127727329385e-06,5.23473255763932e-06,-0.00118324021042494,2.41348274173374e-05,6.49540122027141e-07,2.557424533766e-07,0.000150129858626171,1.10080069292869e-07,0.000190425935578509,-3.71387121191894e-06,-3.46624855635833e-06,-0.000125670745223572,9.6056121623081e-05,0.00374206074452807,8.38094984494476e-06,1.75054404211509e-07,2.14032691694788e-07,4.69732008885244e-08,-1.48709794148334e-07,7.05987089116232e-07,3.22388188868381e-06,-3.21395197893761e-05,-1.15055522282544e-07,2.31992775210717e-07,9.44518794094678e-07,2.01093397488113e-08,1.7008981658778e-07,-2.53294985137468e-07,-4.71834007501938e-07,-2.4457937744093e-06,2.9004458850028e-07,1.34764741443369e-07,1.35050211957132e-07,2.34614686366945e-05,-4.01767818375686e-09,-9.21261169204716e-06,-1.27011758363918e-06,-4.50800374276807e-05,8.81516281333964e-07,3.47582479448792e-05,-8.63623845889996e-06,-9.76850269080269e-07,-0.000217670519534882,0.0151923965714647,0.000332931319539779,1.6645334977253e-06,1.03907640187375e-06,8.19834675009784e-07,-4.46497507025695e-07,-3.12830860055843e-08,7.62237969070742e-09,-6.53966569288954e-08,-5.09280417368335e-07,7.98671698170375e-06,3.35125646382732e-07,1.17017683620349e-06,-3.52717857614696e-07,-1.85091665897594e-07,-1.96462248854429e-06,-1.51013188600876e-07,-2.4803535234765e-07,-2.05501424900593e-07,4.44618826875991e-06,2.87326100055427e-05,7.13636125695853e-08,1.19867289102227e-07,-6.48570238551991e-09,-1.07378157300974e-07,-5.61778549110193e-07,1.12591639304319e-17,-8.51404244930515e-08,6.40658585712717e-06,-1.82313119059582e-07,-3.29489450391235e-06,-5.28782098241969e-07,6.32083257229297e-07,-1.02226798287502e-07,3.70825329807094e-06,-8.45165047244604e-09,5.5560298651491e-10,-2.66015364706955e-05,1.27187471442329e-06,-3.98461178111152e-08,5.44789890900399e-06,-2.51802567285431e-07,9.20541944959975e-08,-5.91475171705241e-09,4.44197849855085e-07,-4.0247498593871e-07,3.96420416429779e-06,1.25196857169573e-07,-2.42670859366176e-08,5.53619046657351e-07,-1.1214480962905e-07,1.37518373148484e-05,-0.000296730203982732,3.74018330755873e-08,-1.31476927906211e-08,3.04270161092218e-08,1.3696690590959e-06,-4.97256535304536e-06,2.17189810838036e-08,9.10855738005805e-09,-4.39171512916765e-08,0.000935078594793279,-1.46661172074794e-06,3.80107342630417e-07,-0.000115626280727913,2.4692301206122e-06,-3.07227977058451e-07,4.41260101600018e-07,-1.00545062270449e-05,8.59021934868801e-08,-7.1543652733737e-17,-2.05365373382022e-07,-7.00358709201263e-09,-1.02753907510079e-10,-8.54129665066822e-07,9.0963280372932e-09,-5.52184798544654e-09,-1.27764638750425e-07,1.2441990685765e-08,-9.80249592411063e-08,2.55984456423191e-07,8.88519323984796e-09,-6.63066634582341e-09,8.2719347233331e-08,-9.76548807752516e-08,3.16911267945627e-06,-2.56895667267798e-08,2.07095562087221e-07,1.01013307479699e-09,1.61181245815437e-07,-9.02598793605329e-09,6.44197278004803e-07,-2.73929802459643e-08,7.65620005408286e-08,-1.2195457499652e-07,4.64588962813899e-07,-4.42384073452069e-08,-4.20364927644848e-08,-3.87197413030605e-07,0.000306160579616862,4.21245815236347e-08,-0.000238814068786964,2.6459125117707e-07,-6.88363887507211e-09,-6.88626861671249e-08,1.52935731821021e-07,1.35094304636671e-16,-9.40150678251592e-10,-6.7942833470602e-06,4.30143940979844e-07,-3.18465808252569e-07,-1.61512403404847e-05,-8.5442869172061e-08,-2.09053690943459e-07,3.26091479341455e-06,-1.38686870273634e-06,8.40646122859889e-16,1.50511912791744e-06,1.92631927248079e-08,6.01172447490537e-08,-3.23652786263486e-06,-6.30657997494719e-07,5.29475335312623e-08,3.02197654453117e-06,-1.1946254035248e-06,0.12590733908915,8.54265986416173e-06,-1.07077134835923e-06,-1.59654703446165e-06,-7.61662262016089e-08,-6.41135386365323e-08,-1.20380645726923e-06,7.30158289027251e-06,-1.1050455873576e-06,-4.7088338762412e-16,-1.50609755723817e-05,1.1064297028773e-06,1.7873542744346e-06,2.36139387883004e-07,-1.08224851500387e-06,-1.7916318940858e-06,0.000293474811758091,-2.63463061162064e-05,-1.28023363165081e-07,2.54667550558413e-16,-2.29005720827193e-07,-9.9928090750469e-07,-2.67211787426899e-07,2.12705313648488e-16,4.69309276635846e-07,4.64359872035632e-06,-7.02038552940792e-07,-3.66674412215852e-07,-1.18576580619283e-07,-6.20102588673342e-08,-2.17819644835385e-06,5.76355974725288e-08,6.08725993415371e-07,2.74285945933227e-07,1.13201126065849e-07,1.13806663242327e-06,-2.63289350285021e-16,-3.99464219265283e-07,1.83544494045513e-07,1.13275491614497e-06,-1.06161539313014e-07,5.51360599152518e-17,-8.76061683572042e-08,9.2997945436938e-08,-2.92890348868273e-08,-2.48574368613222e-08,-5.93652561643542e-08,3.91272585996536e-07,-6.04210765069591e-07,3.87061609112963e-08,1.64500488039426e-17,2.81682251912922e-09,1.23976678935954e-08,-3.5809812391515e-06,-8.14306007155145e-08,8.60816525780097e-09,6.59659144154349e-11,7.49400541621981e-16,1.25439626571683e-16,1.08645323966744e-10,1.31338647437948e-07,-1.78844791540304e-08,3.18415241784897e-08,-4.70415618703197e-16,2.13603744595861e-08,2.85427833909895e-10,3.82172994277689e-16,-4.63790577956179e-17,-2.15117254297847e-16,-8.30122720244106e-08,-2.53451249115118e-07,4.09950120792518e-07,-2.6423758840818e-07,-1.33026316694016e-07,-2.98487161843014e-07,1.45083875184973e-06,-1.8675475516233e-16,3.72025028301378e-07,-6.90700868299546e-07,8.55630171051926e-17,2.49407578392675e-15,8.35177795359943e-07,4.23327391639983e-11,3.41962487450779e-07,-2.77086290933413e-07,-3.74265099342241e-07,2.03473815346634e-08,2.11844630576359e-15,6.94318382095927e-08,2.60085037968535e-16,2.46645097732404e-07,8.11200065453654e-16,4.62109556848924e-07,-1.29309462845861e-16,-3.75236774766527e-07,-5.23044853026974e-07,-3.46495774195901e-08,-4.69834117429079e-07,-8.81111236939464e-05,1.91179551289338e-07,-6.86735723017917e-05,-6.71535493513193e-08,-3.26887317296335e-07,-3.08197418048465e-08,-5.03103623337662e-07,2.38303541977363e-06,3.86445228113097e-07,3.25202860643836e-08,7.91143095374485e-07,7.04352734397845e-16,-1.24623038228025e-05,2.26603941028399e-06,-1.63413943906456e-07,-7.41170995505215e-16,-2.26222045772393e-08,-6.56544770200248e-07,-2.41941162146017e-06,-3.9948889254765e-17,6.58517670268164e-06,3.36466012779692e-07,-9.86220828342132e-16,4.58549633756636e-07,-8.61281491425537e-06,-2.12925742517184e-15,-6.20684922220605e-16,5.44726353761427e-07,2.66662001336154e-07,1.573465847697e-09,2.27644137630869e-06,-6.66738993297663e-07,-2.18393033215863e-06,-1.92949263852899e-07,-2.71629496864369e-06,5.21703074643696e-06,5.25014060004381e-15,-2.2109178174499e-06,-7.85164671923713e-09,-2.23519727435858e-08,-2.1733814658896e-06,-1.4608117351465e-15,1.5211542683329e-15,-7.54663790956441e-07,-3.13008551539894e-15,-1.27205557901936e-15,-7.11504627078728e-06,9.14261982402298e-06,0.000305907426989082,1.28231696175158e-07,-0.000900045940266158,2.43558285619332e-06,-3.27945330884594e-07,-4.20768307968326e-17,-1.62134769556085e-06,-9.17238520685199e-08,-4.52002172173272e-07,7.91779530640511e-05,-0.919803391773528,2.41247263064343e-13,4.83334190919113e-15,2.02006188227343e-14,-1.79095201341748e-06,-0.000120957721435262,-3.45421817237182e-06,6.72514076603445e-15,-3.95954071823248e-06,5.31283253422344e-15,-4.23233118283808e-15,3.0913692694935e-05,-6.74933484741331e-07,-3.38618022510673e-15,-1.49687300250044e-06,-8.0903876253755e-06,-6.40661408075988e-15,1.97500619395762e-06,2.56132612254581e-15,4.73192698516093e-07,-3.46879715112537e-15,4.6784654597206e-07,4.02172169706994e-06,1.59756975498277e-06,1.34480239811955e-07,9.01766979761132e-07,-2.87789430948094e-06,1.03349907338955e-06,4.6726670706432e-16,4.21928677942312e-05,-0.000128636055664492,-6.85308987478605e-16,-3.05312059891237e-07,-8.73764424572322e-07,1.37914049522865e-06,1.17794374760411e-15,5.93755425404046e-07,8.5587883505978e-06,9.16639497001401e-16,-1.90223517963842e-06,-4.17281525179905e-07,-2.32944196190473e-07,2.50606646203102e-16,-8.8190488048749e-16,3.52703531183249e-07,1.05171131083793e-07,8.46382926909985e-09,-8.50534219182524e-07,5.50278564750097e-08,-2.65516729490928e-16,-1.3509023794993e-16,1.98814179978872e-07,1.36862464253515e-09,2.04370062519872e-16,4.71730591691643e-07,3.57031554856548e-16,4.71851010203535e-05,-8.68964489666752e-08,-5.06970801419441e-08,-3.34146505095036e-07,-5.55135622434979e-15,-2.45448605695311e-16,3.71097237986715e-16,-3.4218967622154e-16,-2.81636067318921e-07,-6.1135572366384e-07,3.87492743207705e-17,5.16756989082746e-16,-1.04068020774026e-16,4.58283055741096e-05,7.57512375508371e-09,-1.04852430009195e-06,1.3107826350662e-16,-2.82174457411077e-15,-4.09394740330526e-16,-2.41552829833636e-06,1.44845007140966e-05,-1.39072887514527e-16,8.79978515006395e-08,-3.63614651290262e-06,1.02263083671854e-17,-1.83032454704311e-16,-2.24059904308166e-07,-2.29252965173321e-09,-1.09770981259094e-07,-6.17840775758996e-16,1.21558606976148e-07,1.7551047933527e-07,1.86115383827111e-07,-1.67015767614579e-07,-5.9245162614009e-07,5.00825358577174e-08,-6.60226483234793e-16,-1.90825841908336e-16,5.92581830702349e-16,9.16128841347811e-07,-4.44809287466429e-05,-4.47474145852636e-08,-3.43605806596285e-08,-5.52126406560719e-16,-1.81413756223171e-17,-1.564722435945e-16,-8.28684319601502e-16,1.17951287272179e-15,1.76225708749207e-06,5.84679209338658e-17,-1.41562521121958e-16,-2.56718299379041e-08,1.86941685902103e-16,-2.29694933802593e-08,1.05663241021781e-16,-2.84537481649839e-08,1.58237114790612e-17,-3.3932354000683e-08,-4.23154018709349e-09,-2.65651486861438e-06,-5.50863550479989e-17,1.34206523349139e-07,3.81732839257273e-16,1.87802871521962e-07,-3.57269822938622e-06,1.79433028821859e-09,-1.74627787553474e-16,2.60069880188651e-07,-6.20049591641013e-16,-6.32636787590857e-08,-3.56907023525016e-07,4.36468517337037e-16,-5.57018917660838e-18,-2.36485728299668e-16,-2.36080562202648e-16,-1.18832728112438e-09,-1.54415503415764e-08,-3.43961651763518e-09,1.49997221491359e-17,4.77219602327415e-17,-3.95471044309407e-07,2.02737673805908e-06,-5.56480590952477e-16,9.80604089803479e-17,-1.52906024673557e-08,1.23680570944651e-15,-1.08075921737795e-07,-4.0015506678952e-16,1.01298845741717e-06,8.2368268651885e-17,2.76312976219144e-16,-1.98333370577427e-16,-6.97013851709713e-16,6.99170540799427e-17,5.39136951317347e-16,1.32823237087741e-07,-9.28769269599669e-07,1.29812070432318e-16,-8.88229865194248e-08,3.37381947389306e-07,-1.01595971571767e-17,-1.20075909366923e-16,1.53889374373883e-16,-2.47063319948717e-16,3.30892523326683e-08,5.2869232046503e-09,-7.82045273521972e-16,-2.97080030580021e-15,-5.99851798107958e-08,-2.13958053825517e-07,-3.56002558632773e-08,9.74014617988746e-17,1.9475682060047e-16,1.20620252409068e-17,-1.81871430518819e-16,-4.42212306121302e-16,3.28577992109149e-17,1.26632187017206e-07,-1.19917996738948e-07,-2.30923812360041e-08,6.70368259832516e-17,2.24343938791461e-16,2.07855677772887e-16,-3.16553086801186e-17,4.89553485746166e-17,-6.51258815712868e-16,-1.14153275946334e-15,2.09454517244475e-17,-7.91151835142714e-17,-1.11666422428794e-17,-2.07772196053063e-16,-1.21833459618045e-15,1.41457111360464e-16,-4.05682753168153e-16,1.03981674463101e-07,2.53751881789269e-16,3.32481298205755e-15,1.69057573682096e-16,4.74880373405888e-05,-3.10724504027065e-09,-1.95988303462918e-16,-4.80654356540077e-08,0.0586501550378536,-7.47490235912128e-16,9.93452152793592e-16,-1.24694594751345e-07,-7.12191866930897e-16,5.15820022340914e-07,-1.00921943902811e-16,-2.16115507076005e-16,-7.8346448523036e-18,-3.41720965333882e-16,2.96657079082789e-09,-4.08987343089015e-07,-1.18738845599436e-16,-2.20703237659496e-16,-1.28551238522297e-16,-8.03044673361358e-16,1.37693675905659e-15,-1.0349169996522e-16,-9.04474212461621e-17,-3.96011716270414e-17,3.57641227490298e-08,3.43754774950516e-17,-1.59837285604991e-17,-1.14709905956978e-17,1.43258281879131e-16,-7.64350999682797e-17,-1.63183459252828e-16,-1.02026555696548e-07,5.56747947929483e-17,-1.2839193360874e-16,7.60387056897273e-08,-3.87449496369354e-17,-6.59116365727917e-17,-2.78486455721235e-18,5.61081716919091e-17,6.91315645530541e-07,3.71359677856348e-17,-4.64179562855976e-08,3.97000332692945e-16,1.06531238051796e-17,-3.17114001568454e-16,-8.91078660511524e-18,2.88135650022969e-17,3.93240805683306e-16,1.67174284179465e-09,-1.34841870961143e-15,-3.45280399472665e-16,6.49325614356769e-08,-2.08104551736664e-07,2.04858151036312e-17,1.45431996632406e-07,2.12840470689586e-08,4.47587589995165e-18,-2.54230624993277e-16,1.14047755255123e-16,8.72475473173503e-17,-4.12328838550694e-16,-3.53294568632761e-08,-4.88782369568752e-17,-3.73206690663037e-16,-1.6211248871818e-16,1.40997248975163e-08,-1.84530108732196e-16,-2.97096328908794e-16,4.10003455055099e-16,1.0284288702623e-16,-6.39712447854517e-09,-1.67705359647178e-16,2.1087433656457e-08,-3.91814737786532e-17,3.82858010219778e-16,1.72994340410447e-17,-2.13213976052981e-16,-1.17360074989441e-16,-1.6931619066883e-16,-8.50268908844617e-17,-2.28580670813442e-07,7.92329022769903e-17,9.14293699726552e-17,2.68714528664027e-06,-2.12259225192055e-16,-2.19480692256279e-17,-6.54239622489471e-16,-1.03523593167051e-16,6.27342064888543e-16,-1.76927836998488e-17,-1.00276845874034e-07,-6.2833226265816e-17,-2.63665764175175e-16,1.09245345959806e-05,-5.52985376564938e-16,-1.28213363619417e-16,3.3539326471187e-16,1.68265009672828e-16,-7.88859137164732e-17,-4.20449911589312e-16,-1.56640352356735e-17,9.27715242784571e-17,-1.48651014490299e-16,2.78042567768627e-16,-6.04984498530503e-17,-0.00476596673565387,3.45761037438328e-07,-3.30494035956401e-16,-4.84322540046208e-17,1.20977794691863e-17,2.76354993656535e-17,-8.51749226704612e-16,7.58948655572589e-19,-1.29121686208058e-16,-1.12971678170051e-16,-4.39427113062961e-09,-1.53868621060952e-17,5.08427624316445e-17,4.31027263569232e-18,5.12409797527035e-18,5.60724280685433e-09,-7.27661220710031e-17,-6.10376076473799e-09,-2.45447320581873e-17,-2.32504978042182e-17,-1.74516024828064e-18,1.22713095796667e-16,-6.94422379599401e-17,-7.42890603045651e-17,-3.27120914322108e-18,-9.18065382866051e-17,-7.36173194109786e-18,8.96302840200885e-17,3.4192268419117e-17,-6.80579904892251e-17,-1.41787536493235e-17,1.28319340612422e-16,-2.25913575885032e-17,-8.14202579626394e-17,1.62903663347002e-17,-2.0351625377204e-16,-1.25759599122888e-16,1.68922296600714e-16,1.51788304147971e-16,-1.33522832745553e-16,-1.50626587117277e-16,-1.28795405507484e-16,1.35323653373674e-15,4.13220276118283e-10,1.74457149618469e-17,9.10578473848304e-17,8.67091990764611e-17,-2.71008963829801e-16,1.981524063258e-18,1.05619057150235e-17,6.02318089555219e-17,-1.1578307676815e-16,1.04811633477148e-16,4.80705591165203e-16,-7.16874476447416e-16,2.93724140144339e-16,-1.32657973192997e-17,-4.93248705559158e-18,8.25404223210863e-17,3.59388966128222e-17,-5.48318776416585e-17,-5.25251150549008e-09,-8.00104089237773e-17,6.23319851779336e-17,1.94576881925028e-16,-2.45246275530749e-17,1.15110197632916e-16,1.78681487952888e-17,-3.84143285716068e-17,8.80635730223042e-17,-6.81908786893321e-19,1.09904416390851e-09,1.18966188205726e-16,-1.98571765066676e-16,6.44384972518218e-17,6.92567632057826e-17,2.30891249805331e-17,6.07830296731224e-17,-1.77067118286633e-16,7.85183861223033e-17,-1.50523247716632e-16,-7.64951243075238e-17,-5.77990453759599e-18,-1.09078524080879e-17,2.64624078585871e-18,5.47748528136738e-09,-1.03358375840838e-16,8.66502707671953e-18,-2.38133732865612e-16,-2.8275992658422e-16,-1.63954122558348e-08,1.68096822720454e-17,7.17938511407068e-17,6.58109526952588e-18,2.71004223280869e-17,6.46662880186476e-17,-3.42112940841062e-18,-5.11500230267782e-17,-4.12737495254745e-17,8.46440900497252e-17,-6.24709901500975e-17,-6.25740881438801e-17,-1.82241559215481e-17,-1.5924035514378e-17,-6.20645052012897e-17,-6.64881193254205e-17,7.1556283730504e-17,-1.20069449982122e-16
"t559",-0.0358924882764109,-0.00922169996142938,0.00115931921321323,-0.0985755114018488,0.0189617535099974,-0.00384004687469524,0.0204754271170964,0.000323669551545308,0.000107044094250465,-0.000324540401804943,-8.07203529869181e-05,-0.0660750636491533,-0.042707280551209,0.0041461916392997,0.00074402324381221,-0.000887204148507834,-9.38419760626035e-05,0.000856149058446094,-3.7312489998451e-05,2.21582616652255e-05,-1.19576836931771e-05,-0.00117640833049713,0.00834856611778293,-0.225920276447506,-0.076717195956364,0.00115205634827841,-0.00131591915811216,0.00119892199029197,-0.0203992375881671,0.00816445348339272,-2.28152793324246e-05,4.07284712032283e-05,-0.0199293286335459,-0.000182635182430216,3.09965028526118e-06,-5.50580846214857e-06,-0.000488782350990512,1.80451088843857e-06,1.52199437751486e-05,4.45915286788108e-06,0.000261821398373486,-4.39997479542725e-05,0.0288719468212051,0.000197281923721572,0.0002474250793444,-1.8886793593618e-05,4.49741061142557e-05,-0.000382611840726911,4.5443765077678e-05,-0.000109459849401543,0.0234999719627343,2.9795115504745e-05,-2.91168222997795e-08,-3.46103973898025e-05,4.42368382302141e-06,-4.84260129870611e-05,2.61317297856047e-06,-0.000187222189001248,6.40496270653312e-05,-8.45389503573707e-05,-9.33242441085628e-05,1.71222199331865e-05,-0.000671478886270654,0.00037776764321805,-5.14481858028009e-05,0.25887606151615,2.41139182174481e-06,-5.1647461386829e-05,0.000115849381306936,-3.27915874126742e-05,7.80055266746114e-06,4.36905408997268e-07,-7.86669182906861e-08,-1.36900508878825e-05,6.06779219007793e-06,6.97286457610051e-09,-4.14122634106958e-05,9.68611059938509e-07,-4.83163113935107e-06,-6.1769391296571e-06,2.03048907739854e-06,3.10592903740866e-05,-4.37937594078623e-06,-2.84366161220449e-05,1.99175767023998e-06,0.000440916498073043,-2.7911271419219e-05,-5.03323702304753e-07,-1.65064767096931e-07,4.32449611756994e-05,-1.07841015906048e-06,2.98951930811225e-07,2.71293819589628e-06,-0.000295138917414592,-1.1726347317287e-07,-3.86647728226385e-05,-8.74909547478712e-06,2.22323222727137e-05,-3.39784153901341e-05,-9.29627505399194e-06,-2.04117759727386e-06,1.63912415662405e-06,-2.79336135634666e-06,1.01157824221789e-06,-4.40638315740024e-07,8.10752981504343e-06,-2.39689979647326e-05,0.00020352609825747,-3.56618471333062e-06,8.63908534732508e-07,3.81491708808702e-06,9.10380801365297e-06,-1.53502201372189e-05,1.36501262697976e-05,-6.93779909994882e-08,2.65404093645537e-06,-3.90922352616809e-06,4.1236603351333e-06,-4.16052999462114e-06,1.02111019203651e-05,-3.81312009640477e-05,9.17450848613064e-06,-8.6880544184619e-06,-2.38694324706275e-05,7.77004133823572e-06,-7.41215048170999e-05,7.52583497761264e-06,-2.37769812118338e-06,4.46851675841051e-06,0.000147277928567278,-4.64462914512653e-06,1.34991007081385e-05,-2.63917687480865e-05,-3.21636497387146e-06,1.14800925457709e-06,5.29815539964841e-06,-3.01409724029851e-08,-1.9786317783677e-05,6.00606527750832e-06,-1.72653799175477e-05,-1.0993910538598e-06,-4.24899895633245e-05,8.28075188193699e-06,5.27960979947205e-07,1.66561267947342e-06,-1.04015267627446e-07,-4.7370357862662e-06,7.05550636127093e-07,4.58520618456861e-08,-1.11693832110154e-07,-1.73389036870041e-05,-5.14342109634629e-07,-1.09966064332792e-05,4.10573352251179e-06,-1.17859952526246e-06,-1.02485595095796e-07,1.53583816796766e-06,-0.000152422237001003,-4.70952051665021e-07,-1.5857338127443e-07,-0.000139955491363208,1.72799595581816e-06,-3.55231400018518e-06,-0.00393667464037851,4.038253150915e-06,-0.00156001858810248,5.12083353719689e-06,9.01534864379038e-08,4.51982077884222e-06,7.31462817617939e-06,-0.00165737007155019,3.38175547135449e-05,9.1451943306872e-07,3.60619206179347e-07,0.000212394161693624,1.55860724520557e-07,0.000269733512603857,-5.30148568296192e-06,-4.98825403971122e-06,-0.000181106375040273,0.00013861434323635,0.00542159031559236,1.21612937182691e-05,2.54400496075804e-07,3.11492502833111e-07,6.86938925860972e-08,-2.17736418799057e-07,1.04461129790388e-06,4.77188079665024e-06,-4.77415913021392e-05,-1.72612410794582e-07,3.50969588474694e-07,1.43308163581819e-06,3.06445670962958e-08,2.60050106445588e-07,-3.91097310042917e-07,-7.30103096322299e-07,-3.80196570078518e-06,4.51914675834318e-07,2.13807258664918e-07,2.14445280238713e-07,3.75468609216415e-05,-6.47997112971612e-09,-1.5144545955151e-05,-2.0881230831441e-06,-7.42458019493153e-05,1.45983015756947e-06,5.77825776214569e-05,-1.45055842213588e-05,-1.66214376912967e-06,-0.000374323105935156,0.0262125921698756,0.00058318770376712,2.94074721280586e-06,1.83616260682192e-06,1.45852546862968e-06,-8.0826815421492e-07,-5.68221825475719e-08,1.41018154359448e-08,-1.22569758896334e-07,-9.58873790273758e-07,1.53270438659402e-05,6.46105770771912e-07,2.26756894471443e-06,-6.94362646225382e-07,-3.65551019775145e-07,-3.88315741145306e-06,-3.03833295651276e-07,-5.04561296230122e-07,-4.23273724376087e-07,9.21040925314669e-06,5.98770759462977e-05,1.49559089546305e-07,2.51613658196432e-07,-1.3820113245137e-08,-2.30996616360191e-07,-1.22123605273179e-06,-1.00102024559847e-16,-1.87935428338304e-07,1.41854677900531e-05,-4.12560038344902e-07,-7.58562794781231e-06,-1.23516715490526e-06,1.47776474450518e-06,-2.45722438905526e-07,8.95612022260279e-06,-2.04573946525451e-08,1.35923367792271e-09,-6.55539737643089e-05,3.17682046574493e-06,-1.00130246215036e-07,1.372460835028e-05,-6.43235235540496e-07,2.49992362824239e-07,-1.64350224861678e-08,1.25873956850161e-06,-1.1923964835628e-06,1.17830164240929e-05,3.84545035390676e-07,-7.5967645681942e-08,1.78221134001239e-06,-3.64343495251046e-07,4.51145913674353e-05,-0.000986880372965965,1.26997362122994e-07,-4.47500078386149e-08,1.09456512948132e-07,4.93365560191206e-06,-1.7938076541952e-05,7.95937102588887e-08,3.35792598023056e-08,-1.65044491222923e-07,0.00352686801780992,-6.28113845727789e-06,1.65295653873099e-06,-0.000509046231245166,1.11902778634221e-05,-1.42602271738465e-06,2.16746797123369e-06,-5.02446225340541e-05,4.35264026609274e-07,9.32842153417702e-18,-1.09332275682043e-06,-3.75373379555435e-08,-5.6314353537078e-10,-4.94646456131579e-06,5.53977746981811e-08,-3.44778672089431e-08,-8.07867181028126e-07,9.42706220558935e-08,-7.52453956631252e-07,1.97196292425037e-06,7.28359103403018e-08,-6.66497151296329e-08,8.65763612572179e-07,-1.0523433921218e-06,3.78684348071314e-05,-5.32380296847467e-07,6.26363034146593e-06,3.13987366145653e-08,5.05184967127099e-06,1.36807258122357e-06,-1.22147248942071e-05,4.66178245710149e-07,-1.13208064043892e-06,1.55387615314019e-06,-5.67698617567733e-06,4.01380775476471e-07,3.74056261938865e-07,3.32758631705569e-06,-0.00257085795100573,-3.28842120059515e-07,0.00172872234658564,-1.79369286307476e-06,4.53993471242345e-08,4.34104975365953e-07,-8.80458127229877e-07,-2.1760156017998e-16,3.49025811130855e-09,2.43279203283475e-05,-1.46187483000132e-06,1.08069407453141e-06,5.47209394447287e-05,2.85906268876742e-07,6.83543705947069e-07,-1.03787194956002e-05,4.18613872773794e-06,-1.54882420550692e-15,-4.05374753176324e-06,-5.11865398710763e-08,-1.55264937266371e-07,8.33101194832824e-06,1.51709673847281e-06,-1.22871552145061e-07,-6.67583955531295e-06,2.55363810869738e-06,-0.251293128926436,-1.60517080299554e-05,1.93839987534786e-06,2.83131151738813e-06,1.33374840687894e-07,1.09800538072337e-07,2.05662640748701e-06,-1.22818999153595e-05,1.83667878736994e-06,1.08163250853609e-16,2.2957464627821e-05,-1.65747487556375e-06,-2.6770716926715e-06,-3.3697713094281e-07,1.53333046244642e-06,2.33033111293126e-06,-0.000372811935303552,3.33143454074271e-05,1.59091228415151e-07,6.2587899410144e-17,2.79042773582549e-07,1.20881009406158e-06,3.14665301319119e-07,-3.03580433671856e-16,-5.37035017586297e-07,-5.27824599187187e-06,7.95229237580739e-07,4.12395809379008e-07,1.31784636874161e-07,6.83076312546629e-08,2.38284001773266e-06,-6.1779017767505e-08,-6.50921857333812e-07,-2.89258722368352e-07,-1.16529910070318e-07,-1.17009713429835e-06,-6.41289435119078e-17,3.92049519466612e-07,-1.78706761648944e-07,-1.08380840156954e-06,9.89465318982416e-08,1.66851523288561e-16,7.72518867458287e-08,-7.71873012472314e-08,2.36690531363137e-08,1.98415061525211e-08,4.66945468578404e-08,-2.99554899399631e-07,4.43025054042439e-07,-2.55894500002382e-08,2.76341090851123e-16,-1.70548253112873e-09,-7.4500699238228e-09,2.11850633967095e-06,4.71472293341483e-08,-4.97580996670541e-09,-3.79005123633905e-11,1.94289029309402e-16,-1.12294654991092e-16,-6.02970985205339e-11,-7.07521866630712e-08,9.5988950560992e-09,-1.66439415984523e-08,5.17685032357606e-17,-1.05450839637076e-08,-1.37418707707253e-10,-1.94115228865476e-16,1.29592470053476e-17,1.83463851199808e-16,3.69875510110499e-08,1.11832114612129e-07,-1.74919433489038e-07,1.09607553672433e-07,5.49986619079592e-08,1.19772074721964e-07,-5.80171749961195e-07,-1.01277322520648e-16,-1.40107266950576e-07,2.54722388188249e-07,-2.16322438091956e-16,-4.68794990262716e-17,-2.83883705702462e-07,-1.41112596874181e-11,-1.11054244644227e-07,8.84296853670024e-08,1.15529205999112e-07,-6.24724394376097e-09,2.86458352367153e-16,-2.11617438925254e-08,-2.69512075812634e-16,-7.36039183683906e-08,-6.31005664386564e-16,-1.35779360026069e-07,-1.19869534357554e-16,1.08102115600136e-07,1.50085457607855e-07,9.43315333000223e-09,1.26486425879133e-07,2.36102569760445e-05,-5.01978555725573e-08,1.77163805344137e-05,1.66294696547958e-08,8.09188695113622e-08,7.53384887206027e-09,1.20181504971026e-07,-5.51959633095789e-07,-8.72131223910783e-08,-7.19048614675359e-09,-1.73173320957369e-07,1.9445681722265e-16,2.64391578487415e-06,-4.66460904838062e-07,3.08687466544828e-08,1.61180683980422e-16,4.16761880807251e-09,1.16447894162573e-07,4.2219348720919e-07,9.37606853570279e-17,-1.13952973323512e-06,-5.63107806163476e-08,-1.332764008073e-16,-7.54851673966989e-08,1.28215380676547e-06,1.93357786946788e-16,-1.83734441883947e-16,-7.79110676073898e-08,-3.8002613840651e-08,-2.20466182201186e-10,-3.12641185714105e-07,8.7476989521024e-08,2.85396445376316e-07,2.50728935407439e-08,3.31733801434933e-07,-6.05105154575194e-07,-2.03179487123784e-15,2.51422817586755e-07,8.89842766369551e-10,2.50299738208325e-09,2.39875281482493e-07,-2.15071663871162e-16,-6.51747067444542e-18,8.16439339739706e-08,2.3256046467415e-16,1.0087378801384e-16,6.76336166600626e-07,-8.49249831918057e-07,-2.84016362618889e-05,-1.13105665414352e-08,7.8831478575488e-05,-2.13001812738948e-07,2.84016503001402e-08,-5.27130854062311e-17,1.26212964132513e-07,6.97437694568198e-09,3.41010480138011e-08,-5.74264138214131e-06,0.0619449945042443,-1.62826631990329e-14,-2.20017944987571e-16,-1.35596591026529e-15,1.07798373904095e-07,6.91950531553673e-06,1.96826756172732e-07,6.96844024502116e-17,2.1447598758152e-07,-1.42747247453737e-16,2.45868524406435e-16,-1.31352212765297e-06,2.85838625781218e-08,3.93782229046735e-16,5.93671180579816e-08,3.08444988953665e-07,1.34704247698138e-15,-6.92283824973295e-08,-1.9398541136355e-16,-1.48937094590273e-08,7.07440072167312e-16,-1.45781710389928e-08,-1.24339595082949e-07,-4.89544388557423e-08,-4.06975464403547e-09,-2.65239632047753e-08,7.56740034643568e-08,-2.28785988421675e-08,-1.47872341419286e-16,-7.29341213919204e-07,2.15978249291479e-06,2.20363154034695e-16,4.92653610563429e-09,1.30755572216307e-08,-1.92120421954502e-08,2.61399223070083e-16,-6.27099638128421e-09,-8.49362792079726e-08,-1.60254061016982e-16,1.72941867758232e-08,3.62513362095916e-09,1.68309547059834e-09,7.02551592481167e-16,4.70225471727485e-16,-1.41476000764171e-09,-2.89176460179865e-10,-2.11522953443863e-11,-1.80972115434335e-09,1.51203954546916e-10,1.70473269934402e-16,4.27539716841228e-17,6.26786529637654e-10,4.38323206382077e-12,-1.40317992117473e-15,1.81046884953803e-09,1.15532798316688e-16,2.07555570436986e-07,-4.41468477107757e-10,-2.5981666877598e-10,-1.76915947418921e-09,-9.13748663441731e-17,-5.12858763120425e-17,-1.70993592071892e-16,-1.90485088642814e-16,-1.81282197764968e-09,-3.97286324617942e-09,3.93062386145588e-17,2.27668270021107e-16,-1.55137547187204e-16,3.06082985799111e-07,5.10243172685354e-11,-7.15545082266746e-09,-4.57203897935972e-17,2.57389595748059e-16,-1.6978606021123e-16,-1.5329476426727e-08,9.13518608056793e-08,3.90577427150217e-16,5.05650984031043e-10,-1.98471943275648e-08,-2.31489204649952e-16,9.09676550423617e-17,-1.03771871412094e-09,-1.04442734365994e-11,-4.34469212289666e-10,3.4172849994513e-16,3.37931175849794e-10,3.56377544298582e-10,1.60155590111361e-10,1.64846246511159e-10,9.09042780361672e-10,-1.31268740126632e-10,-5.39612108538248e-17,8.70317793249171e-16,-1.1635456816313e-15,-9.62031527208306e-09,4.73566068806271e-07,5.31911319932863e-10,6.55586654013651e-10,-4.40905992772857e-16,-1.03222885685867e-16,-1.04784619089305e-16,1.87922167770177e-15,1.32647753635515e-15,-5.02343411065007e-08,-4.66319079528156e-16,7.55347142795748e-16,8.42361016905785e-10,3.38241990164537e-16,7.59214543956508e-10,-3.87546767135015e-17,9.52078962888932e-10,2.50912560286882e-16,1.42479665365609e-09,1.87101023187938e-10,1.2692097481688e-07,-2.49405909353518e-16,-7.03767459478465e-09,-1.83795315315094e-16,-1.19886857103896e-08,2.912382790297e-07,-1.47797890149122e-10,9.25685155203476e-16,-2.35805569634016e-08,1.03956937815156e-15,6.66210399457973e-09,3.78595562559081e-08,-1.63641745745328e-15,1.17819513883905e-16,7.63921112424873e-16,1.24705953017967e-16,1.42397551207908e-10,1.91067996479571e-09,4.4173640057181e-10,2.32923798557351e-16,4.00395908554363e-17,6.0661816403397e-08,-3.13446891326077e-07,8.98827243461396e-16,-3.29331768601971e-16,2.95311705865876e-09,-4.34600698472085e-16,2.18981903006135e-08,-2.08258236537503e-15,-2.36175122492388e-07,4.49249265411532e-16,2.24370877003232e-15,-1.58364577562394e-16,1.81641825256001e-15,-1.34431357179391e-16,-5.68064863311891e-15,-4.16040138017643e-08,2.92079647201848e-07,-3.32638349131994e-16,3.11164268884801e-08,-1.23767741191442e-07,6.0110079595178e-16,-1.18764097651808e-16,2.15754630738455e-16,2.38884704991637e-15,-1.49258243215462e-08,-2.50820380534814e-09,1.27278457202212e-15,1.57319638332785e-15,3.01386306029298e-08,1.08316302244582e-07,1.84920413062908e-08,6.22652053133806e-16,-7.95482209782981e-16,-5.88655648191898e-17,-3.84303067668495e-17,4.35690662751406e-15,1.71880806134605e-16,-1.04908056763956e-07,1.0444133697987e-07,2.11673156279958e-08,-1.32844867235891e-15,-2.74268805966229e-15,-3.71965494778501e-15,-2.98034820075748e-16,-3.37213396788296e-15,6.73928317539647e-15,9.51702424790995e-15,-1.86582733899235e-15,1.26143294297894e-15,1.79889856851871e-15,-2.27272107047755e-15,1.23160012306129e-14,-6.70991188531951e-16,8.13838702207462e-15,-3.63129705873229e-07,-5.60638959367301e-16,-4.97231798878249e-14,-3.39697133683626e-15,-0.00023887378740972,1.73452350958373e-08,3.6303437703469e-15,2.87737954167189e-07,-0.884806435561631,1.12686048856633e-14,-6.61061395605386e-15,-2.40195895418291e-06,9.23805499663745e-15,2.76636083312245e-06,1.7351576816592e-15,1.64759484087695e-16,1.72856754062633e-15,-7.66101000878504e-15,7.84851281400641e-09,-1.04831978597961e-06,3.87860210574586e-15,2.6941004130446e-15,-2.08923701574388e-16,-1.62813943689833e-15,-5.13564885062934e-15,9.10508588679303e-16,1.56379946937462e-15,5.48435404879154e-16,3.97101505254691e-08,-2.95142446407137e-16,-1.01505961424827e-16,-4.37177222660311e-16,1.90916497350256e-15,5.06320802365303e-16,5.42896832500793e-15,-1.03503909836887e-07,-6.90937268911449e-16,-4.08861044971646e-16,7.59927322986782e-08,-6.69723507687177e-17,-1.238222832103e-15,3.97501093686085e-16,1.42774775347076e-15,5.96700800480856e-07,-4.57532009935348e-17,-3.920931245089e-08,-5.41816216434242e-16,-3.49992613760182e-16,3.39601075968512e-15,1.59999441538654e-16,-3.64657732231751e-16,9.04272849483149e-16,1.35599333213836e-09,2.11510833404011e-15,9.92909822357963e-16,5.12005466715837e-08,-1.63870372094923e-07,-8.26071998885489e-16,1.11974622898648e-07,1.6277571269935e-08,-3.44052162602558e-16,-5.56564446925008e-16,8.58540918427078e-16,9.40619950114211e-17,-5.60962763327378e-17,-2.48358392250537e-08,1.06444549841111e-15,1.97719601560103e-15,3.6782074209636e-16,9.739367626821e-09,6.7219444514947e-16,1.00540346621163e-15,2.39356292366499e-16,4.0111871690526e-17,-4.32787380290171e-09,8.56349740725161e-16,1.41830410347016e-08,1.15364538706362e-16,-2.88308492858451e-16,-9.5407531246792e-16,1.57967947524614e-16,9.57182108222995e-17,2.29921972819613e-16,-7.31446828588195e-17,-1.49779881652932e-07,-2.2270171236956e-16,9.0975199504259e-17,1.75210188462688e-06,9.47176761640922e-17,2.17565702032285e-16,4.63319176817211e-16,1.73348661553773e-16,8.60572872466953e-17,-1.85273834052699e-16,-6.47909541892154e-08,-3.79960144244442e-16,6.68382916212118e-16,7.06910354840146e-06,1.91142726470406e-15,1.73180255677521e-16,-8.80912086944528e-16,4.51160076267129e-17,-1.09229881565487e-15,-9.44941396518322e-16,9.92145377648319e-17,-8.77804429896094e-17,-3.70394409819603e-16,1.13830272764001e-15,1.41177418740067e-15,-0.0622869870361978,1.14875541433617e-07,-1.31210505202373e-15,-5.81963494796124e-16,3.7495847516806e-16,-1.78762840465533e-16,-2.1918231118967e-15,-1.92699613933755e-16,6.1765325296521e-17,-7.55600252324724e-16,-2.3937730478286e-09,2.40111944758393e-16,1.8635531576013e-16,1.85674181325125e-16,-7.01887850904746e-16,3.11133849200771e-09,-9.8224683841529e-17,-3.38941327158813e-09,1.53787482362356e-16,-2.43575637484206e-16,8.80280558666248e-17,-1.28763405969044e-17,4.03682632122771e-17,-7.1104920914783e-16,4.15776014739682e-17,2.54577435321484e-16,8.86177087794619e-17,-1.24984318658624e-16,4.69480870147461e-17,-6.01719536150804e-17,4.60335003458857e-16,-2.19176205545081e-16,1.26712327796279e-17,1.64127365821158e-16,-1.1533266665478e-16,-4.87885742921255e-16,-7.55289596513506e-17,2.23578083801937e-16,8.51749226704612e-16,5.29633339355761e-17,-1.35974136261036e-16,4.57987252634478e-16,9.6490433017838e-16,2.24450421725116e-10,3.87013315458897e-16,-2.93248810567792e-16,-2.64943403338781e-18,1.25344766250559e-16,4.73413373492703e-16,8.8956283891153e-17,-1.35929613545987e-16,1.70382278453222e-16,1.41935179802219e-16,-6.43221849301683e-16,9.26342336171615e-16,-8.52603988284863e-17,-2.67678975923769e-17,1.58867797441755e-16,6.83345848239818e-17,6.18285113495817e-17,8.03844322895718e-17,-2.81036198772097e-09,-1.66877271272895e-16,2.44102545230111e-16,-7.04799230284469e-17,6.39031580430758e-17,2.14149510668404e-16,3.93572993210773e-16,-5.73914911291413e-17,4.72724710183289e-17,7.98395018931355e-17,5.80613492188291e-10,2.82617383162397e-16,1.98794819789664e-16,2.57830721132813e-16,-1.53130052365071e-17,4.64661187573619e-17,-1.40848745287603e-16,2.65404163477562e-18,2.75146493943554e-16,1.54986066899359e-16,-3.66570388491711e-16,3.80333356182805e-17,-2.55585061339134e-16,3.52534566062209e-17,2.8650678824035e-09,-7.84867774499198e-17,9.20752274280476e-17,-1.77884315499464e-16,2.68882138776405e-17,-8.54363593299713e-09,-8.1142150101285e-18,1.53029180366354e-16,-7.68936884079539e-17,-1.33029572588774e-16,-1.25901507697334e-16,7.25241248546605e-17,2.21319714921026e-16,1.06258572377991e-16,2.02324168548346e-16,1.49578634900066e-16,2.06151003056661e-16,2.17571918744011e-16,1.22412962425379e-17,1.42053299747703e-16,-4.18821642121257e-17,1.37397852298095e-16,-8.37817360219275e-16
"t853",-0.0359008667127058,-0.00922623341862418,0.00115990755210814,-0.098642527252858,0.0189775303549951,-0.00384379386511414,0.0204957975554932,0.0003240170943557,0.000107179765819946,-0.00032503876911406,-8.0877416212329e-05,-0.0662332503404697,-0.0428124908143166,0.00415655926013271,0.0007459641152575,-0.000889653920385228,-9.41072280000507e-05,0.00085861248847509,-3.74223134169873e-05,2.22290594984673e-05,-1.19989759230017e-05,-0.00118130088313939,0.0083852079316468,-0.226917429212901,-0.0770571210396055,0.0011574010988495,-0.00132209534953344,0.00120459888571959,-0.0204983833532412,0.00821119801972598,-2.29544309647147e-05,4.09879814769176e-05,-0.0200653115312203,-0.000183939306945518,3.12289113235754e-06,-5.55031717884675e-06,-0.000492782665277042,1.81950892809977e-06,1.53472840137523e-05,4.49700377723129e-06,0.000264106223167469,-4.4392804511828e-05,0.0291336176671862,0.000199072048374912,0.000249708423783192,-1.90719316817595e-05,4.54229186813663e-05,-0.000386461972745559,4.59117043459748e-05,-0.000110614858192583,0.0237559674496289,3.01244526256306e-05,-2.94393450238476e-08,-3.5000694553193e-05,4.47531128003364e-06,-4.89940741678263e-05,2.64666217023419e-06,-0.000189677546852211,6.48919050417252e-05,-8.57131153587214e-05,-9.46729278999149e-05,1.73744534630804e-05,-0.000681523329488223,0.000383440202058461,-5.22426451266417e-05,0.262972990860512,2.45160491530653e-06,-5.25285666034566e-05,0.000117846376521388,-3.33673765941387e-05,7.95079958634123e-06,4.45889831890423e-07,-8.03004248502569e-08,-1.39800122813168e-05,6.19662722319268e-06,7.12217159028824e-09,-4.2301973899051e-05,9.89762123332568e-07,-4.94099412987819e-06,-6.31874897068154e-06,2.07822707115414e-06,3.17932368871653e-05,-4.48670621260146e-06,-2.91410795258626e-05,2.04336552986181e-06,0.000452478104731078,-2.86519388319347e-05,-5.16705827008412e-07,-1.6945562741707e-07,4.43967609745285e-05,-1.10726232193575e-06,3.07289500640212e-07,2.78888301763792e-06,-0.000303608234899584,-1.20770501041352e-07,-3.98281958228719e-05,-9.0124304351395e-06,2.29118054989681e-05,-3.50227551232891e-05,-9.58806091949605e-06,-2.10633033819938e-06,1.69152125056376e-06,-2.88280426097091e-06,1.04639837011522e-06,-4.55885340048964e-07,8.38920860098261e-06,-2.48077518898795e-05,0.000210662379108092,-3.69166859114226e-06,8.94469163710034e-07,3.95010252596955e-06,9.42971917343458e-06,-1.59004154090117e-05,1.41524316404725e-05,-7.19451503571985e-08,2.75343295383337e-06,-4.05640507236928e-06,4.28118728168004e-06,-4.3216710600794e-06,1.06106741014494e-05,-3.96319884532943e-05,9.54280718213398e-06,-9.0412380559593e-06,-2.48402282511309e-05,8.08662516350975e-06,-7.71802234394385e-05,7.83672500051166e-06,-2.47698848482476e-06,4.66086065718919e-06,0.000153619507561128,-4.84510578373251e-06,1.40934103412373e-05,-2.7558153337985e-05,-3.35890632422366e-06,1.19946244622619e-06,5.53598503557636e-06,-3.15259754683992e-08,-2.07124462745718e-05,6.29420811680763e-06,-1.80942622786599e-05,-1.15239114765589e-06,-4.45427101587967e-05,8.68216089656112e-06,5.53586997654911e-07,1.74645910683054e-06,-1.09110809229206e-07,-4.97334418930017e-06,7.41391272622783e-07,4.81917014947466e-08,-1.1744920540982e-07,-1.82330380370313e-05,-5.40964344079609e-07,-1.15670289453056e-05,4.31923567127482e-06,-1.24127739317299e-06,-1.07955111805294e-07,1.6180091017402e-06,-0.000161040560184675,-4.97929838890831e-07,-1.67675068930799e-07,-0.000148076589450277,1.82848814947048e-06,-3.76177170726138e-06,-0.00416918274695217,4.27995118946097e-06,-0.00165458115379602,5.44260224809869e-06,9.58253704071836e-08,4.80427018325102e-06,7.77718576010175e-06,-0.00176276702209429,3.5969843536412e-05,9.73367408517136e-07,3.8390432224657e-07,0.000226210026804952,1.66017526241223e-07,0.000287327199622349,-5.65319270332556e-06,-5.32493992298256e-06,-0.000193366348058362,0.000148024152908323,0.00579268083933889,1.29963309882653e-05,2.71922543079895e-07,3.33009224559451e-07,7.34852531710694e-08,-2.32959801853954e-07,1.11915793639803e-06,5.11264558530454e-06,-5.11740338847634e-05,-1.85253741204507e-07,3.77064386271282e-07,1.54018502295834e-06,3.29524587326955e-08,2.79746643376401e-07,-4.21220620999631e-07,-7.86540648618199e-07,-4.09810214639176e-06,4.87247966809902e-07,2.31011907078891e-07,2.31724355023544e-07,4.06086321560297e-05,-7.01457068248396e-09,-1.64287868487385e-05,-2.26521578898372e-06,-8.05583307255756e-05,1.58489735926079e-06,6.27590717431313e-05,-1.57723012859834e-05,-1.80977046284849e-06,-0.00040801923880751,0.0285819585463297,0.000636881776809907,3.21425079406092e-06,2.00697983408051e-06,1.59527501430597e-06,-8.85549463338095e-07,-6.22754328723831e-08,1.54820889694773e-08,-1.34729129109709e-07,-1.05443767225288e-06,1.68836396062422e-05,7.12015784192453e-07,2.50001148048693e-06,-7.66592891678385e-07,-4.03689199187701e-07,-4.28858202936489e-06,-3.36061254626622e-07,-5.58592318264678e-07,-4.69078650916141e-07,1.02118557328764e-05,6.64194142765359e-05,1.65975102079657e-07,2.7926710711633e-07,-1.53571287097792e-08,-2.56876395743609e-07,-1.35914454728247e-06,1.10007861101189e-16,-2.09398707961826e-07,1.58091651525291e-05,-4.60515555402526e-07,-8.47779743164278e-06,-1.38184187402583e-06,1.6533485308912e-06,-2.75438742205941e-07,1.00424205528002e-05,-2.29420666660746e-08,1.52539160267866e-09,-7.36024868808756e-05,3.5699607312862e-06,-1.12565043881639e-07,1.54314720143963e-05,-7.23862126124668e-07,2.82361258224659e-07,-1.8587259926952e-08,1.42512939866612e-06,-1.35323068585164e-06,1.33746164302715e-05,4.37216962744226e-07,-8.64541459400393e-08,2.0309485956128e-06,-4.15372615590842e-07,5.14564857780981e-05,-0.00112631568209957,1.45075679571782e-07,-5.11256931053168e-08,1.25348358420094e-07,5.65027481103209e-06,-2.05448619461125e-05,9.12193457860258e-08,3.84931964610815e-08,-1.89342155945013e-07,0.00404666800121034,-7.24051846237388e-06,1.9064129506322e-06,-0.000587341591211467,1.29236061091963e-05,-1.64815279070066e-06,2.50938320054002e-06,-5.81996854313844e-05,5.04377280091735e-07,-7.13484896345863e-18,-1.26865262934915e-06,-4.35648131765487e-08,-6.53952304579383e-10,-5.75208901233147e-06,6.44975717040549e-08,-4.0164186646274e-08,-9.413717207771e-07,1.10251915448032e-07,-8.80222937370362e-07,2.30695604799211e-06,8.53014918646048e-08,-7.82984335838553e-08,1.01762531757909e-06,-1.23739629529599e-06,4.45827512034761e-05,-6.29771436200544e-07,7.42445863504033e-06,3.72222133965465e-08,5.98901958553159e-06,1.63008666406068e-06,-1.46408889830284e-05,5.59202153328093e-07,-1.35951238014584e-06,1.86860747866495e-06,-6.82972191546974e-06,4.84600772037284e-07,4.51732494397249e-07,4.02057637801398e-06,-0.00310730586508118,-3.97903084198676e-07,0.0020943651741698,-2.1755757423524e-06,5.50927119426387e-08,5.27242760545695e-07,-1.07132036475678e-06,-3.3669210527547e-16,4.29536123418493e-09,2.99741781982386e-05,-1.8042783318014e-06,1.33388499603913e-06,6.7544918757188e-05,3.53059110563805e-07,8.44770370608661e-07,-1.28390132828638e-05,5.18857437721582e-06,-1.99597993177321e-15,-5.04717055112315e-06,-6.37663610115858e-08,-1.93657502557325e-07,1.03925331221988e-05,1.89820207360402e-06,-1.53994340242256e-07,-8.38663102853182e-06,3.21330224645482e-06,-0.317335220695604,-2.0337198720504e-05,2.46112251969132e-06,3.59913160288655e-06,1.69671124832437e-07,1.39867174403594e-07,2.62017615496172e-06,-1.56621379209024e-05,2.34389431558737e-06,8.20776334006721e-17,2.94597940101329e-05,-2.12938723664641e-06,-3.43932037669852e-06,-4.3435676631209e-07,1.97742262227406e-06,3.0238549041115e-06,-0.000484622092360311,4.33208613222726e-05,2.07152518232458e-07,-7.71460703248913e-17,3.63895527322003e-07,1.57728840875891e-06,4.11460513764699e-07,-3.00198981123167e-16,-7.03865158378614e-07,-6.92173353643546e-06,1.04313681150726e-06,5.41276235262345e-07,1.73140677003132e-07,8.98104424643896e-08,3.13477096577087e-06,-8.14149731590659e-08,-8.57988689826318e-07,-3.81731942633861e-07,-1.54108439277338e-07,-1.54759691160858e-06,-1.59649906954649e-17,5.20698177418745e-07,-2.37521151857535e-07,-1.44281981628581e-06,1.32045618080705e-07,4.00080003924306e-18,1.03643811005302e-07,-1.04184917408979e-07,3.20354083210716e-08,2.68893841813834e-08,6.33784654759833e-08,-4.07754500090123e-07,6.05881102833953e-07,-3.54100466709041e-08,1.48545152243636e-16,-2.38508206861296e-09,-1.04284554637568e-08,2.97121435176966e-06,6.63034761269628e-08,-6.99897368231031e-09,-5.33514979612511e-11,-4.9960036108132e-16,-1.38798337730069e-16,-8.52573138637409e-11,-1.00428880045412e-07,1.36317277315673e-08,-2.37197130602612e-08,-3.41970622169478e-17,-1.51450339642338e-08,-1.98050175250811e-10,3.46669322821903e-17,-9.53201373207053e-17,8.13408438162785e-17,5.38974210743953e-08,1.63190593669288e-07,-2.5651041129699e-07,1.61411404889516e-07,8.10327723800199e-08,1.77267149049342e-07,-8.59125813560794e-07,-9.06150554889394e-17,-2.09406037362898e-07,3.81970935744439e-07,3.57899118128316e-16,-8.01071580551195e-16,-4.31325433798676e-07,-2.15083120783561e-11,-1.70009725357932e-07,1.35770295504304e-07,1.78379857060903e-07,-9.65472578014327e-09,2.89095132697145e-16,-3.27451816518612e-08,3.01647394076552e-16,-1.14306510445376e-07,1.645818897833e-16,-2.1143139255934e-07,-5.042039384407e-17,1.68911895698295e-07,2.34675108978225e-07,1.48874684170086e-08,2.00021341777279e-07,3.73677380909082e-05,-7.97388361597721e-08,2.82323601709639e-05,2.66994940782209e-08,1.2992822174487e-07,1.21249323814667e-08,1.94248796972832e-07,-8.97301213626515e-07,-1.42476957665492e-07,-1.179268441885e-08,-2.84558961549832e-07,4.49574022023709e-17,4.37068917324546e-06,-7.75638740275383e-07,5.22059210258767e-08,2.54244510567756e-16,7.08376648543247e-09,1.99448587553059e-07,7.25511731199842e-07,-7.82703596895585e-17,-1.96155274817348e-06,-9.75960731997187e-08,3.31345619860744e-17,-1.3127372525471e-07,2.27693594388186e-06,2.07448567190541e-16,3.77953311565334e-16,-1.39533398780069e-07,-6.8112212441515e-08,-3.96569518340611e-10,-5.64774901577508e-07,1.59579520971457e-07,5.2107921834785e-07,4.5833909109263e-08,6.1461864313859e-07,-1.13380115329323e-06,9.06393016197882e-16,4.73141720542668e-07,1.6758098579879e-09,4.72625105173578e-09,4.54389057930593e-07,2.76654016829784e-16,1.78163763642316e-17,1.55339227534543e-07,1.11841566717255e-16,3.35262835963665e-16,1.3243807906636e-06,-1.67158735361718e-06,-5.59093388410714e-05,-2.2522876635628e-08,0.00015722663487425,-4.24968787822658e-07,5.67899200713403e-08,7.13702712445784e-17,2.58515790756112e-07,1.43614461245982e-08,7.03443904355411e-08,-1.19523165526652e-05,0.13111323286251,-3.46198524124402e-14,-7.71123880951538e-16,-2.4745442756891e-15,2.34049923842705e-07,1.51973368609354e-05,4.32675537694291e-07,-1.05565605433012e-15,4.7689464496247e-07,-1.10501376419853e-15,6.56555275156032e-16,-3.08349871153372e-06,6.71494532386305e-08,3.10515502199848e-16,1.41494292160063e-07,7.41515944415476e-07,1.29132757971075e-15,-1.69486896525885e-07,-3.32385215602826e-16,-3.73108015942188e-08,3.29136858350373e-16,-3.65979733361563e-08,-3.12666293979355e-07,-1.23332549906958e-07,-1.02800101649684e-08,-6.73988412742058e-08,1.96790452169048e-07,-6.15763311436386e-08,-1.00004532558052e-16,-2.05668395255166e-06,6.12250685856953e-06,-1.3539292025959e-16,1.40649636177715e-08,3.78251214874268e-08,-5.62583461643364e-08,-6.44560554631465e-16,-1.91882727406093e-08,-2.62286843062552e-07,-2.8048621131861e-16,5.40743836429063e-08,1.14059471835113e-08,5.4236985050832e-09,-5.93811073813039e-16,1.40762711229444e-16,-4.84679723963003e-09,-1.0191562232427e-09,-7.49959880935201e-11,-7.41676653277281e-09,6.36837931728712e-10,1.72254640232561e-16,1.75526072957225e-16,2.69207666295791e-09,1.88732964232194e-11,3.20942062691674e-16,8.07036228786143e-09,6.06428559987725e-18,9.58499086574152e-07,-2.14727495896531e-09,-1.26860389024181e-09,-8.77178665516606e-09,-2.40563047975587e-16,1.1180423121866e-16,-3.22938634934056e-16,4.77307153780182e-17,-1.05099444851691e-08,-2.3370650975087e-08,-5.65096891263472e-17,-9.35347339380786e-17,-8.94084072229932e-17,1.90289781346194e-06,3.25356884404406e-10,-4.91130977815745e-08,-8.2976404666779e-17,4.42896587460329e-16,1.95156391047391e-17,-1.45287670036779e-07,8.7788506248733e-07,-1.36782746862975e-16,5.79494492018943e-09,-2.47183410361529e-07,5.82310696425662e-19,2.35360360539855e-16,-1.63608964371326e-08,-1.68331520848293e-10,-8.38758023028142e-09,2.61688110732655e-16,9.89893943273929e-09,1.47820021857629e-08,1.64037722853072e-08,-1.56224994117133e-08,-5.62829756432962e-08,4.89560124016558e-09,1.78736721367183e-16,1.45321283400595e-16,-7.9107967582967e-17,1.04275462399765e-07,-5.07413237294377e-06,-5.19880183585407e-09,-4.36606810227026e-09,3.74138820924984e-16,1.3926102711361e-16,1.22504706387081e-16,-3.34186095956452e-16,-8.17980480450702e-16,2.44911433687469e-07,1.08427893450224e-16,-3.35999277155975e-16,-3.69193313083336e-09,-2.00479031906411e-16,-3.30930028516453e-09,2.30175143451581e-17,-4.11196569469152e-09,-1.67046683219145e-16,-5.19879056525595e-09,-6.57317030349575e-10,-4.214168005479e-07,2.0090659920488e-16,2.18456979633218e-08,-3.17371285885259e-17,3.2340386458002e-08,-6.62143272179571e-07,3.33620002680717e-10,-7.94311418404468e-16,4.98268760930847e-08,-3.09545419150665e-16,-1.27163548087586e-08,-7.19108379566057e-08,3.58800250215023e-16,3.14945173164713e-16,-1.40694821836615e-16,-1.05536603435775e-17,-2.49271139421691e-10,-3.27421476853382e-09,-7.38576604060898e-10,-1.41095267144158e-16,-8.64196036847606e-17,-9.03117489077314e-08,4.64277508322244e-07,2.56880156877477e-17,3.40961212441563e-16,-3.79670213427756e-09,2.2482184763995e-16,-2.73232841634969e-08,9.94753457546887e-16,2.70305420092532e-07,-3.73292011742387e-16,-9.29178386097386e-16,1.0701042247132e-16,-1.25879048425906e-15,4.95174909960586e-16,2.49463157510194e-15,3.9976860275216e-08,-2.80013339799667e-07,1.63338759994063e-16,-2.80572518050885e-08,1.0876512261906e-07,-2.62425988424568e-19,6.1459876929329e-19,-6.29988989391266e-17,-1.01568191404939e-15,1.17296519317953e-08,1.91986946617858e-09,-4.2087209146027e-16,-1.28806619753367e-15,-2.23988897707062e-08,-8.01908609753888e-08,-1.35133434723471e-08,-1.01573558136621e-16,1.82652690389341e-16,4.46542143307737e-18,-1.48804406538885e-16,-1.47962312466833e-15,-4.93721923457716e-16,6.16978859976417e-08,-6.01469961059141e-08,-1.19368317707993e-08,2.67456335856453e-16,9.36796997468882e-16,4.98370364253591e-16,3.57984539299207e-17,1.13155267582752e-15,-1.2167120142895e-15,-3.11415486339399e-15,5.048561351521e-16,-4.14165239076225e-16,-2.48094788634881e-16,1.1790043499546e-15,-3.55990105530098e-15,9.78415228326072e-16,-2.70007727080499e-15,1.39750210290974e-07,3.48366708222427e-16,1.64255844405838e-14,1.01897789772742e-15,8.69161647636667e-05,-6.22858035392728e-09,-1.50523342434858e-15,-1.02479107570677e-07,0.293198866717343,-3.67098232282748e-15,2.18158097857709e-15,7.24412715944756e-07,-3.25515786292246e-15,-7.37686330668547e-07,-1.83671295773433e-16,-2.2594178777537e-16,-6.15676767204e-16,3.3355376324367e-15,-1.68538142790811e-09,2.21556040654712e-07,-1.51426408727693e-15,-5.74301519202862e-16,-2.44779984844224e-16,-7.28186376002408e-16,1.02348685082632e-15,-6.57735286372194e-16,-4.33602738781826e-16,-2.29203303176461e-16,-2.13706519140446e-09,2.1693987235345e-16,-2.45522687245371e-16,1.67135744410217e-16,-7.30455081789591e-16,-1.88283640087896e-16,-7.71078420175896e-16,2.43124776552831e-09,3.37339561078124e-16,5.15187613655626e-16,-1.36842346065111e-09,-5.929406341481e-16,7.19696487307555e-16,-5.77948396661507e-16,-4.53961694035046e-16,2.65551323530906e-08,-1.96864078654814e-17,-2.17373985444307e-09,-1.22561486591454e-16,1.93833981196249e-16,3.24532629271221e-16,6.92312215042935e-16,3.5001157406657e-16,-1.39166080300776e-15,1.05276546105312e-10,3.98246563516858e-15,-3.73273471042369e-16,4.84601170162415e-09,-1.56507867985185e-08,6.04821157845572e-18,1.23414359515942e-08,1.86951717224532e-09,-6.92613968329504e-16,1.48494303272156e-15,-9.66673125761661e-16,-1.16965252465506e-16,-2.28288082575315e-16,-4.63836136248511e-09,3.95379523137986e-16,9.9811897427207e-18,1.11332541792593e-15,2.01914428356327e-09,-2.07980670620244e-15,-1.44072353777088e-15,3.07395714418288e-16,-6.29397608351006e-16,-1.02625201142359e-09,-9.80447869458118e-16,3.50572319771204e-09,-6.03472401275655e-16,-4.03880419125493e-16,1.01284810671561e-15,3.35211221467447e-16,2.08152129530896e-16,1.94843907378223e-16,-5.82143085789668e-16,-4.67263278968727e-08,1.74620438977587e-15,1.43779777380365e-16,5.83316511983798e-07,-1.41593304659933e-15,9.54832627376223e-17,-2.63553008231502e-15,-2.32822672120365e-16,5.80305302931325e-15,-6.11280870296376e-16,-2.76654050022425e-08,-2.24871182960911e-16,2.02503415022494e-15,3.51575144338316e-06,-2.88578573818342e-15,-1.11657045269032e-15,9.52265365277084e-16,-3.74411158871092e-16,2.02393226766364e-15,-4.82190734643963e-15,-2.97888020847574e-16,-9.25916201000001e-16,-4.23213774254048e-15,6.47902114820217e-15,5.22509139138239e-15,-0.383430144155868,-5.40065885283186e-07,-5.42784485804906e-15,-1.64370358506265e-15,1.47648865654433e-15,-4.73029856422228e-16,-1.2266229698632e-14,-1.64892574120194e-15,3.25373970859287e-15,-3.85693221634118e-16,5.49287908856804e-10,-1.63686384219326e-17,6.46573081018332e-16,4.55937972584596e-16,-4.29082931519337e-15,-4.15729386625064e-11,3.70857879168396e-16,-2.97636705484779e-10,-6.37423142059035e-16,3.66002211161918e-16,4.702270554635e-16,-1.49904475656462e-16,-3.56902059226311e-16,-7.83482462297258e-16,4.70108773173014e-16,-4.09245459788579e-16,-3.83148632803967e-16,5.2243994290515e-16,8.50851322447442e-16,-2.49040826593902e-16,5.24861378276539e-16,5.24535691481163e-16,1.31007883228619e-15,-1.3276655804459e-15,2.22313309843479e-16,-2.72329219554224e-16,5.58003482046448e-16,-6.37388109459192e-16,1.49489795542301e-15,2.60018243793783e-15,-6.92954743462354e-16,-1.20916232844925e-15,5.78121848605571e-15,5.24368793671478e-11,-4.1240279659162e-15,1.49264385055915e-15,1.78179661828983e-16,3.76481539764304e-16,-3.18704422187222e-15,-9.84512969876627e-15,-1.55778733163126e-15,-2.30706087873786e-14,3.5663073145116e-13,0.707106781186547,3.43623133419735e-13,2.87832381908541e-14,-4.69079351684313e-16,1.20890146019269e-15,2.05039090105052e-15,1.37772614046316e-15,-4.28745535288286e-16,-8.00739577648754e-10,-7.95200241976703e-16,7.09364593066841e-16,-6.62153316256826e-16,5.80875690777955e-16,-1.83993335943573e-16,2.22709620417555e-16,-3.53811576852276e-16,-1.02717351779868e-16,5.00793886181817e-16,1.89179921288449e-10,9.13502162694608e-17,-3.74961427922871e-16,5.67949363404372e-16,-8.22260010774989e-17,-3.0707193659988e-16,5.86310614868533e-16,-3.40640333090857e-16,6.56497264336467e-16,7.57587965013903e-17,5.32709347009109e-16,-2.71848678748804e-16,2.21376224630397e-16,-3.16781356022368e-16,1.03178247008862e-09,2.49305520808549e-16,-6.60116172359411e-18,-5.39162774050198e-16,-1.76941794549634e-16,-3.1995114318836e-09,-9.1940978780541e-17,3.52159823869186e-16,2.06407794455305e-16,1.4030172751179e-16,5.41843550500984e-17,5.83919258669862e-17,6.96598190860831e-17,1.66689016799389e-16,-1.06815410139342e-16,-4.73753343195703e-17,1.23419628974175e-16,1.19249896870771e-17,-1.10614260503829e-16,1.14752379204846e-16,3.9184439473212e-17,8.13010444759774e-17,1.4794211381638e-16
"t854",-0.0359008667127058,-0.00922623341862419,0.00115990755210814,-0.0986425272528581,0.0189775303549951,-0.00384379386511414,0.0204957975554932,0.000324017094355707,0.000107179765819941,-0.000325038769114044,-8.08774162123297e-05,-0.0662332503404697,-0.0428124908143167,0.0041565592601327,0.0007459641152575,-0.00088965392038523,-9.41072280000624e-05,0.000858612488475085,-3.74223134170116e-05,2.22290594984464e-05,-1.19989759230104e-05,-0.00118130088313937,0.00838520793164678,-0.226917429212901,-0.0770571210396055,0.00115740109884948,-0.00132209534953343,0.00120459888571958,-0.0204983833532412,0.00821119801972597,-2.29544309647404e-05,4.09879814769181e-05,-0.0200653115312203,-0.000183939306945498,3.12289113236052e-06,-5.55031717881738e-06,-0.000492782665277059,1.81950892809764e-06,1.53472840138168e-05,4.49700377725606e-06,0.000264106223167464,-4.43928045118617e-05,0.0291336176671862,0.000199072048374946,0.000249708423783199,-1.90719316817534e-05,4.54229186813615e-05,-0.000386461972745557,4.59117043459807e-05,-0.000110614858192551,0.0237559674496289,3.01244526255856e-05,-2.94393450299072e-08,-3.50006945532104e-05,4.47531128001312e-06,-4.89940741677845e-05,2.64666217021707e-06,-0.000189677546852256,6.4891905041713e-05,-8.57131153587083e-05,-9.46729278999242e-05,1.73744534630878e-05,-0.000681523329488199,0.000383440202058447,-5.22426451266443e-05,0.262972990860512,2.45160491526979e-06,-5.25285666034333e-05,0.000117846376521351,-3.33673765941626e-05,7.95079958635659e-06,4.45889831886953e-07,-8.03004248705952e-08,-1.39800122813241e-05,6.19662722320825e-06,7.12217157017618e-09,-4.23019738990519e-05,9.89762123316293e-07,-4.94099412986837e-06,-6.31874897067656e-06,2.07822707114048e-06,3.17932368871653e-05,-4.48670621256047e-06,-2.91410795258899e-05,2.04336552986528e-06,0.00045247810473107,-2.86519388319577e-05,-5.1670582698105e-07,-1.6945562745911e-07,4.43967609744522e-05,-1.1072623219807e-06,3.07289500775521e-07,2.7888830176178e-06,-0.00030360823489957,-1.20770501037639e-07,-3.982819582289e-05,-9.0124304351438e-06,2.2911805498991e-05,-3.5022755123309e-05,-9.58806091947935e-06,-2.10633033816555e-06,1.69152125055063e-06,-2.8828042610106e-06,1.04639837008705e-06,-4.55885340057301e-07,8.38920860099404e-06,-2.48077518898643e-05,0.000210662379108111,-3.69166859112551e-06,8.94469163740825e-07,3.95010252595125e-06,9.42971917340567e-06,-1.59004154089707e-05,1.41524316405117e-05,-7.19451502911125e-08,2.75343295387963e-06,-4.05640507242874e-06,4.28118728161295e-06,-4.32167106004362e-06,1.0610674101514e-05,-3.96319884533063e-05,9.54280718215022e-06,-9.04123805594564e-06,-2.48402282511022e-05,8.08662516352092e-06,-7.71802234393783e-05,7.83672500041105e-06,-2.47698848477846e-06,4.66086065722044e-06,0.000153619507561116,-4.84510578377995e-06,1.40934103412439e-05,-2.75581533379808e-05,-3.3589063242424e-06,1.19946244613419e-06,5.53598503560363e-06,-3.15259754923524e-08,-2.07124462744667e-05,6.29420811678129e-06,-1.8094262278622e-05,-1.15239114769533e-06,-4.45427101587832e-05,8.6821608965745e-06,5.53586997651773e-07,1.74645910690343e-06,-1.09110809265827e-07,-4.9733441892665e-06,7.41391272629046e-07,4.81917015625122e-08,-1.17449205394409e-07,-1.82330380370044e-05,-5.40964344044799e-07,-1.15670289453173e-05,4.31923567124305e-06,-1.24127739319534e-06,-1.0795511188566e-07,1.61800910176588e-06,-0.000161040560184688,-4.97929838907696e-07,-1.67675068890157e-07,-0.000148076589450325,1.82848814944258e-06,-3.76177170723861e-06,-0.00416918274695214,4.27995118947931e-06,-0.00165458115379605,5.44260224804278e-06,9.58253703569363e-08,4.80427018324563e-06,7.77718576014077e-06,-0.00176276702209426,3.59698435365143e-05,9.73367408670991e-07,3.83904322166097e-07,0.000226210026804987,1.66017526250081e-07,0.000287327199622322,-5.65319270344005e-06,-5.32493992297639e-06,-0.000193366348058337,0.000148024152908298,0.00579268083933893,1.29963309882891e-05,2.71922543106535e-07,3.33009224570618e-07,7.34852531668518e-08,-2.32959801859982e-07,1.11915793645635e-06,5.11264558536219e-06,-5.11740338848359e-05,-1.85253741146165e-07,3.77064386248656e-07,1.54018502296035e-06,3.29524587210577e-08,2.79746643447576e-07,-4.2122062103262e-07,-7.86540648692888e-07,-4.09810214623913e-06,4.87247966757963e-07,2.31011907096511e-07,2.31724354968421e-07,4.06086321560067e-05,-7.0145706298213e-09,-1.64287868487823e-05,-2.26521578903227e-06,-8.05583307255949e-05,1.58489735925671e-06,6.27590717432874e-05,-1.57723012860546e-05,-1.80977046290231e-06,-0.000408019238807501,0.0285819585463298,0.000636881776809902,3.21425079410778e-06,2.00697983402596e-06,1.59527501433156e-06,-8.85549463369387e-07,-6.22754329022561e-08,1.54820889533856e-08,-1.34729129236479e-07,-1.05443767224866e-06,1.68836396062351e-05,7.12015784029928e-07,2.50001148053006e-06,-7.66592891661218e-07,-4.03689199259645e-07,-4.28858202932732e-06,-3.36061254663163e-07,-5.5859231821025e-07,-4.69078650936776e-07,1.02118557328816e-05,6.64194142765314e-05,1.65975102055939e-07,2.79267107117768e-07,-1.53571286811927e-08,-2.56876395839426e-07,-1.35914454730651e-06,7.38674438406806e-17,-2.09398707929029e-07,1.58091651524112e-05,-4.60515555369034e-07,-8.47779743161129e-06,-1.38184187401411e-06,1.6533485309136e-06,-2.7543874220384e-07,1.00424205528686e-05,-2.29420664767459e-08,1.52539159743859e-09,-7.36024868809317e-05,3.56996073153786e-06,-1.1256504384977e-07,1.54314720145188e-05,-7.23862126036276e-07,2.8236125811581e-07,-1.85872600488163e-08,1.42512939856285e-06,-1.35323068589401e-06,1.33746164303122e-05,4.37216962759462e-07,-8.64541459537793e-08,2.03094859559266e-06,-4.15372615586892e-07,5.14564857781193e-05,-0.00112631568209961,1.45075679527136e-07,-5.11256930934477e-08,1.25348358393853e-07,5.6502748109652e-06,-2.05448619459368e-05,9.12193457391152e-08,3.84931964133762e-08,-1.89342155992676e-07,0.00404666800121031,-7.24051846250724e-06,1.90641295064584e-06,-0.000587341591211525,1.29236061093297e-05,-1.64815279069571e-06,2.50938320048635e-06,-5.81996854314981e-05,5.04377280016345e-07,-5.66847636602278e-17,-1.26865262945846e-06,-4.35648131490372e-08,-6.53952344757206e-10,-5.7520890122849e-06,6.44975717187779e-08,-4.01641866448442e-08,-9.41371720797407e-07,1.10251915412083e-07,-8.80222937187762e-07,2.30695604798676e-06,8.53014918518789e-08,-7.82984335467951e-08,1.01762531753826e-06,-1.23739629528179e-06,4.45827512034634e-05,-6.29771436176618e-07,7.42445863500998e-06,3.72222134584903e-08,5.989019585511e-06,1.63008666402299e-06,-1.46408889830119e-05,5.59202153329218e-07,-1.35951238007383e-06,1.86860747864298e-06,-6.82972191538682e-06,4.84600772036815e-07,4.51732494261208e-07,4.02057637800513e-06,-0.0031073058650812,-3.97903084172591e-07,0.00209436517416978,-2.17557574237801e-06,5.50927119923129e-08,5.27242760498343e-07,-1.07132036472897e-06,-2.90291986923164e-16,4.29536120618004e-09,2.99741781982733e-05,-1.80427833177364e-06,1.33388499601059e-06,6.75449187571481e-05,3.53059110530962e-07,8.44770370749794e-07,-1.2839013282945e-05,5.18857437718389e-06,-2.04611034604824e-15,-5.04717055112383e-06,-6.37663610952972e-08,-1.93657502485355e-07,1.03925331222507e-05,1.89820207366754e-06,-1.53994340190329e-07,-8.38663102855102e-06,3.21330224644845e-06,-0.317335220695603,-2.03371987205781e-05,2.46112251976829e-06,3.59913160302242e-06,1.69671124826779e-07,1.3986717450204e-07,2.62017615499276e-06,-1.56621379208568e-05,2.34389431571365e-06,1.08473525380813e-16,2.94597940101182e-05,-2.12938723669065e-06,-3.43932037674982e-06,-4.34356766259674e-07,1.97742262239703e-06,3.02385490432507e-06,-0.000484622092360346,4.3320861322222e-05,2.07152518263635e-07,-1.347048488303e-16,3.63895527308955e-07,1.57728840883728e-06,4.11460513832672e-07,-2.51201205906385e-16,-7.03865158420514e-07,-6.92173353645734e-06,1.04313681146077e-06,5.41276235190133e-07,1.73140676934537e-07,8.98104425648999e-08,3.13477096577543e-06,-8.14149733025293e-08,-8.57988689868849e-07,-3.81731942585118e-07,-1.54108439433689e-07,-1.54759691151078e-06,6.97352275917164e-17,5.20698177514768e-07,-2.37521151769535e-07,-1.4428198162903e-06,1.32045618045178e-07,3.37907475213413e-17,1.03643811073667e-07,-1.04184917466658e-07,3.20354082300925e-08,2.68893843483194e-08,6.337846552277e-08,-4.07754500180051e-07,6.0588110275277e-07,-3.54100467959719e-08,2.32466828798066e-16,-2.3850820502658e-09,-1.04284555635034e-08,2.97121435165539e-06,6.63034761198215e-08,-6.99897372606428e-09,-5.33515860435342e-11,-3.88578058618805e-16,-2.13642521227103e-16,-8.52571108330636e-11,-1.00428880042431e-07,1.36317277091489e-08,-2.37197131104349e-08,1.38352392675437e-17,-1.51450339360226e-08,-1.98050142175243e-10,2.50971655691868e-16,-1.30348649887475e-17,1.51643520183161e-16,5.389742118255e-08,1.63190593648568e-07,-2.56510411282643e-07,1.61411404872848e-07,8.10327722075802e-08,1.77267148956465e-07,-8.59125813474798e-07,-2.29129149124147e-17,-2.0940603740329e-07,3.81970935769695e-07,1.51581388496e-16,-7.54709321060721e-16,-4.31325433785973e-07,-2.15083917604197e-11,-1.70009725268142e-07,1.35770295485245e-07,1.7837985684012e-07,-9.6547255408302e-09,8.7108267963088e-17,-3.27451814499208e-08,2.55587517077373e-16,-1.14306510445015e-07,4.57533316788883e-17,-2.11431392331456e-07,-3.67890781826143e-17,1.68911895507485e-07,2.34675108958099e-07,1.48874683253408e-08,2.00021341795884e-07,3.7367738090978e-05,-7.9738836253667e-08,2.82323601708433e-05,2.66994941338395e-08,1.29928221701012e-07,1.21249320710953e-08,1.9424879674776e-07,-8.97301213555703e-07,-1.42476957901054e-07,-1.17926844600131e-08,-2.84558961777881e-07,5.2304036237045e-17,4.3706891732473e-06,-7.75638740324387e-07,5.22059211928786e-08,3.90958260881526e-16,7.08376623557103e-09,1.99448587432896e-07,7.25511731155248e-07,-4.63383681352229e-17,-1.9615527480593e-06,-9.75960727832542e-08,8.70667191287266e-17,-1.31273725259516e-07,2.27693594388734e-06,3.46480551463543e-16,5.18747318017127e-16,-1.39533398727488e-07,-6.81122123271644e-08,-3.96569438344784e-10,-5.64774901633476e-07,1.59579520898716e-07,5.210792183283e-07,4.58339091617727e-08,6.14618643006305e-07,-1.13380115323591e-06,1.09244210899639e-15,4.73141720609274e-07,1.67580978220773e-09,4.72625065007996e-09,4.54389057784493e-07,1.52763916134821e-16,-5.66708461901827e-16,1.55339227501808e-07,2.64084580162791e-16,3.24639145128673e-16,1.32438079064963e-06,-1.67158735372091e-06,-5.59093388409089e-05,-2.25228766420124e-08,0.000157226634874498,-4.24968787904003e-07,5.6789919930352e-08,1.10498766584961e-16,2.58515790760237e-07,1.43614461567149e-08,7.03443904889888e-08,-1.19523165528226e-05,0.13111323286251,-3.4211341520477e-14,-6.29488523970582e-16,-2.73670477258822e-15,2.34049923730358e-07,1.51973368608184e-05,4.32675537769913e-07,-1.30624522017014e-15,4.76894644901115e-07,-1.11883734189772e-15,5.38768696866894e-16,-3.08349871139453e-06,6.71494531047598e-08,5.29090660172926e-16,1.4149429180595e-07,7.41515944404e-07,1.62735571428194e-15,-1.69486896419965e-07,-6.77696701568363e-16,-3.73108015460386e-08,6.16506529080777e-16,-3.65979729276645e-08,-3.12666294045949e-07,-1.23332549936274e-07,-1.02800105184817e-08,-6.73988413495408e-08,1.96790452179239e-07,-6.15763310971983e-08,1.09034190809779e-16,-2.05668395225415e-06,6.12250685852257e-06,-5.32683846642745e-17,1.40649638181574e-08,3.78251215393414e-08,-5.62583460599673e-08,-1.32856077213245e-16,-1.9188272984205e-08,-2.62286842853518e-07,2.10273281577484e-17,5.4074383613636e-08,1.14059471561055e-08,5.42369856063944e-09,-3.58863759467832e-16,-2.24417033909502e-16,-4.84679723839585e-09,-1.01915588527992e-09,-7.49959404571533e-11,-7.41676655122477e-09,6.36838006328605e-10,-2.43463250472312e-16,-2.82256253000669e-16,2.69207681912286e-09,1.88733095815588e-11,6.9185131263848e-16,8.07036211073164e-09,-1.41136185382827e-16,9.58499086400971e-07,-2.14727487801777e-09,-1.26860374305418e-09,-8.77178671877997e-09,-1.58680553698683e-16,1.09010899357484e-16,1.11965476220148e-16,-1.4871554082358e-16,-1.05099444374998e-08,-2.33706507745782e-08,-2.01497454705548e-16,-6.05402468021064e-16,6.7937182220752e-17,1.90289781330477e-06,3.25357046387187e-10,-4.91130977707665e-08,-1.70950701200798e-17,3.02383985906207e-16,-4.77048955893622e-18,-1.45287669869745e-07,8.77885062427312e-07,-1.46208934766677e-16,5.79494503103231e-09,-2.47183410370759e-07,-1.09212662956253e-17,-1.08578769161769e-16,-1.63608962266568e-08,-1.68331455650897e-10,-8.38758029038902e-09,3.07141578900816e-16,9.89893947009432e-09,1.47820022630318e-08,1.64037721662229e-08,-1.56224997550556e-08,-5.62829754764004e-08,4.89560122277268e-09,-5.33099863868549e-17,2.81267432792741e-17,-5.96413095601608e-17,1.04275462825808e-07,-5.07413237302033e-06,-5.19880135610097e-09,-4.36606811143845e-09,-3.45851042702433e-16,-3.56711109399875e-17,1.42556863267747e-16,-2.61331553245717e-16,-9.5076803837724e-16,2.44911433790279e-07,1.38196261978501e-16,-2.1276013100059e-16,-3.69193317593131e-09,-1.52371790494182e-16,-3.30930030984221e-09,5.83355658666923e-17,-4.111965937032e-09,-1.54389947870794e-16,-5.19879043122528e-09,-6.57317032007895e-10,-4.21416800429945e-07,1.02666028530588e-16,2.18456979333364e-08,2.30567220818153e-17,3.23403863781866e-08,-6.62143272405364e-07,3.33619932849575e-10,-2.16858077259202e-16,4.98268758829998e-08,-7.12743962918773e-16,-1.27163548170333e-08,-7.19108380286425e-08,9.65027747734785e-16,-2.91739596883908e-16,6.93514541477128e-17,1.01331675993947e-17,-2.4927130158239e-10,-3.27421495676904e-09,-7.38576190011748e-10,1.42219136805062e-16,-3.04985727773989e-17,-9.0311748951775e-08,4.64277509113278e-07,-9.90937866343939e-17,-2.29607847594107e-16,-3.79670188718519e-09,5.40649018512749e-16,-2.73232839518544e-08,7.28709153168613e-16,2.7030542024879e-07,-1.67981166633034e-16,-9.11469584268112e-16,2.2706479046567e-16,-1.23793969638432e-15,-4.27464482377983e-16,2.18151398768814e-15,3.99768602890969e-08,-2.80013339597461e-07,1.6840839483181e-16,-2.80572516312037e-08,1.08765122706159e-07,1.81646315724938e-17,-4.24736129254512e-17,-8.78862421170051e-19,-7.30263006402182e-16,1.17296520339732e-08,1.91986914748982e-09,-4.7658375499421e-16,-1.13703490942865e-15,-2.23988897311346e-08,-8.01908610294991e-08,-1.35133435606963e-08,-2.92749379490966e-16,1.98024244540095e-16,1.67022952505588e-16,-3.31655967745856e-17,-1.1602292116805e-15,-5.89052699124237e-17,6.16978853846423e-08,-6.01469958364255e-08,-1.19368315897084e-08,7.56521239152174e-16,8.72440571977795e-16,7.20995864372054e-16,3.33037595232637e-16,9.35225434949341e-16,-2.36054558295166e-15,-3.10840160478979e-15,6.64947015619994e-16,-3.01447042308656e-16,-9.62585523740624e-16,9.31241999668771e-16,-3.52472724535933e-15,3.38728303668147e-16,-2.64682797848149e-15,1.39750210089285e-07,3.02138569422306e-16,1.63666038620076e-14,1.1160482649104e-15,8.69161647631185e-05,-6.22857985317895e-09,-9.94861301440415e-16,-1.02479107739813e-07,0.293198866717344,-3.57422558383599e-15,1.8172870767964e-15,7.24412715773669e-07,-2.98027534427219e-15,-7.3768633076005e-07,-6.28281420500153e-16,1.36196622575303e-16,-5.0123619807391e-16,2.55223865031106e-15,-1.68538140805768e-09,2.21556040951322e-07,-9.45952528773418e-16,-7.11340636422591e-16,4.24075925849754e-16,-9.1564493161566e-16,2.89698820488127e-16,4.10263572498336e-17,-8.96942503650042e-16,-7.74140705758894e-17,-2.13706561188504e-09,-1.32147501011033e-16,2.20607720382131e-16,-3.76499712270209e-17,-1.27546661888596e-15,-4.94054062810644e-18,-1.26464790667276e-15,2.431248114743e-09,2.75982637372557e-16,-7.37208978374256e-18,-1.36842374351264e-09,-7.62372047699641e-16,7.24537338680385e-16,2.95019108404595e-16,-2.47033502139641e-16,2.65551316437922e-08,-6.88036264557006e-17,-2.17373979365323e-09,-7.98601566489116e-17,2.10769082795099e-16,-1.44508841327448e-15,8.67016148545924e-16,3.28122084688729e-16,-5.40616138274049e-16,1.05276309018091e-10,4.24641493372984e-15,-6.9959036512243e-16,4.84601007391344e-09,-1.56507867956793e-08,2.36490909665451e-16,1.23414360221962e-08,1.86951717020144e-09,-1.07230846341179e-15,9.58508555307787e-16,-5.31003121619872e-18,1.32702674354159e-17,-1.69462158753639e-16,-4.63836084636085e-09,3.0331702672736e-16,9.60216631290484e-16,-5.21753204852034e-16,2.01914466106807e-09,-1.34954121851949e-15,-1.50976988446417e-15,1.25736701166469e-16,-1.00895062396894e-17,-1.02625288234033e-09,3.97608767743166e-16,3.50572352345974e-09,9.14790564062447e-16,-2.1617790969715e-16,5.37541112779508e-16,1.18274424566339e-15,-3.02575749508312e-17,-5.69983269919525e-16,-6.6300284058503e-16,-4.67263271693867e-08,1.61954832868864e-15,5.01728290973068e-16,5.83316511980776e-07,-8.70546861240354e-16,-7.50468541530626e-16,-1.72405120731597e-15,-3.36392130334549e-17,5.4800260845536e-15,2.16438230968874e-16,-2.76654048099796e-08,-6.56937629753146e-16,2.18103462941165e-15,3.5157514436565e-06,-2.05073515612035e-15,-7.06060111820955e-16,2.01617961829341e-15,-7.01121189424621e-16,1.82136060558497e-15,-4.89267837085388e-15,-4.32249075231379e-16,-9.57397365872896e-16,-4.40973665751803e-15,7.3085760782527e-15,6.34425944452231e-15,-0.383430144155865,-5.40065885045393e-07,-5.68307366305637e-15,-1.18851487258808e-15,2.03662144299205e-15,1.4069760452748e-15,-1.29566496420708e-14,1.42327802444608e-15,3.13978953031465e-15,-1.2138652061506e-15,5.49287692680864e-10,-1.01788029319593e-15,3.87728407066305e-16,8.88707374855598e-16,-3.75245142158943e-15,-4.15729554883896e-11,3.54233892290749e-15,-2.97636965801859e-10,3.71963095553531e-16,-4.10656777999839e-16,-5.38969107441988e-16,1.01431480121902e-15,8.18446129702373e-16,-3.18433066700251e-16,-6.91738050591819e-16,-9.99624718595832e-16,-2.46498515210154e-16,-7.60037100674686e-16,2.37048581227179e-16,4.38037765868716e-16,-1.34856239534523e-15,-1.3644020658629e-16,-6.66516970260315e-16,1.37101016729762e-15,-1.25801482519185e-16,-1.59169248395935e-15,-2.33325229113707e-16,8.42045383625336e-16,-9.6710833785707e-16,-2.17074396532326e-15,-5.76999321115029e-16,1.98694643303021e-15,-5.81749278832012e-15,5.24401438361501e-11,7.88081845827617e-15,-1.25407393321562e-15,-4.90330490956856e-16,-8.13982187490709e-16,2.94961695290973e-15,9.90281515472918e-15,2.25823210642322e-15,2.2660972603236e-14,-3.56781841309472e-13,-0.70710678118655,-3.44136611568624e-13,-2.94919513502667e-14,2.75666553123976e-16,-1.01814110601292e-15,-2.13169609037918e-15,-1.1314465832702e-15,3.73184330035601e-16,-8.00740913675941e-10,1.20169062405495e-15,-7.4229152268327e-16,8.32514017020398e-16,-7.05966462230958e-16,2.12955420297136e-16,1.6744739454251e-16,1.99438111909876e-16,2.12821097816954e-16,-4.36843633615903e-16,1.89179073981381e-10,1.34501462734384e-16,2.65635311307202e-16,-6.88644306394641e-16,1.90661774376822e-16,1.49765084657978e-16,-1.0987100731958e-16,3.02429703420945e-16,4.30007571809609e-17,-1.60726683539187e-16,1.08392980673245e-16,-1.40109284608295e-16,-2.99732076320349e-17,1.70895630534674e-16,1.03178274403094e-09,-2.81475362471191e-16,-9.71272558366149e-17,-1.39705380787759e-16,-8.45677694538693e-16,-3.19951122630193e-09,-1.3407517240842e-17,1.28902373906991e-16,1.92847124382152e-17,4.64835041591007e-16,-1.72386496516163e-16,-1.36466102423591e-16,2.02846477577237e-16,2.16657490094163e-16,9.30528207272799e-18,-5.42730733482725e-17,3.08543838519655e-16,-7.21883749405677e-17,-7.42842894996469e-17,-1.31800051232514e-16,-3.35073623524125e-18,-3.72659065611547e-17,7.44120214281984e-17
"t750",-0.035899345461947,-0.00922541035426237,0.00115980073771558,-0.0986303609854002,0.0189746663074977,-0.00384311368492401,0.0204920997906227,0.000323954007775417,0.000107155139903829,-0.000324948317085016,-8.0848913241827e-05,-0.0662045473257613,-0.0427934007809486,0.00415467811241654,0.000745611966160006,-0.000889209457279789,-9.4059104169751e-05,0.000858165562815238,-3.74023891898129e-05,2.22162162773626e-05,-1.19914857992827e-05,-0.00118041359410283,0.00837856320815125,-0.226736604219023,-0.0769954788915706,0.00115643193960186,-0.00132097544377289,0.00120356952812355,-0.0204804065104786,0.00820272459753858,-2.29292096164511e-05,4.0940948815743e-05,-0.0200406697908592,-0.000183703005989724,3.11868044855794e-06,-5.54225465949564e-06,-0.000492058050832079,1.81679229413233e-06,1.53242189202323e-05,4.49014810045347e-06,0.00026369241744921,-4.4321622169862e-05,0.0290862310203655,0.000198747871122565,0.000249294947134906,-1.90384118243785e-05,4.5341663909357e-05,-0.000385764946920836,4.58269946909264e-05,-0.000110405785987327,0.0237096334383397,3.00648469035898e-05,-2.93809730121938e-08,-3.49300604755437e-05,4.46596906995897e-06,-4.88912828521978e-05,2.64060418101093e-06,-0.000189233426395006,6.47395569885287e-05,-8.55007824788503e-05,-9.4429075370371e-05,1.73288513812283e-05,-0.000679707483240126,0.000382414727253851,-5.2099041958753e-05,0.262232529277721,2.44433875990084e-06,-5.23693762194143e-05,0.000117485595422376,-3.3263363025664e-05,7.92367149735716e-06,4.44268240728726e-07,-8.00056114776743e-08,-1.39276866272314e-05,6.17337834637202e-06,7.09522990842688e-09,-4.21414330929546e-05,9.85945975627178e-07,-4.92126698141889e-06,-6.29317134306636e-06,2.06961813207623e-06,3.16608835036228e-05,-4.46735605961989e-06,-2.90140841512304e-05,2.03406505543956e-06,0.000450394721512259,-2.85184836319161e-05,-5.14294639111885e-07,-1.68664486340659e-07,4.41892327183169e-05,-1.10206399179015e-06,3.05787792202056e-07,2.7752047353357e-06,-0.000302083143860562,-1.2013919701512e-07,-3.96187775173836e-05,-8.96502976584223e-06,2.27895134955772e-05,-3.48348060924823e-05,-9.53555803865129e-06,-2.09460873844685e-06,1.68209463828772e-06,-2.86671308218329e-06,1.04013827201759e-06,-4.5314430847012e-07,8.33857182197943e-06,-2.46569814364595e-05,0.000209379619839929,-3.66911341636093e-06,8.88976311956731e-07,3.92580521930125e-06,9.37114804227788e-06,-1.58015382452349e-05,1.40621848352921e-05,-7.14839471878719e-08,2.73557888271631e-06,-4.02996789854225e-06,4.25289614646871e-06,-4.29273508151099e-06,1.0538931151015e-05,-3.93625398315725e-05,9.47669780992283e-06,-8.97785068251491e-06,-2.46659963248643e-05,8.02980795946257e-06,-7.66313548523807e-05,7.78093832822305e-06,-2.45917383745114e-06,4.62636251878037e-06,0.000152482108281895,-4.80915015386199e-06,1.39868456037474e-05,-2.73490203829342e-05,-3.33334949046179e-06,1.19023845107892e-06,5.49335021215504e-06,-3.12777629881323e-08,-2.05465092584864e-05,6.2425971196554e-06,-1.79457975008464e-05,-1.14289858125491e-06,-4.41750684011002e-05,8.61027183488537e-06,5.48997666066023e-07,1.73198042426312e-06,-1.08198366144439e-07,-4.93103941150935e-06,7.34976531438448e-07,4.77729796314698e-08,-1.16419313678426e-07,-1.80730394113331e-05,-5.36200740622553e-07,-1.14649644726641e-05,4.28103550867837e-06,-1.23006650966489e-06,-1.06976855599067e-07,1.6033128578801e-06,-0.000159500426157765,-4.93109733716644e-07,-1.66048925035404e-07,-0.000146625883852624,1.81053742453385e-06,-3.72436469866171e-06,-0.00412766025318137,4.23679652974562e-06,-0.00163770062005742,5.38519628398218e-06,9.48134849438117e-08,4.75352357845453e-06,7.69467071294904e-06,-0.00174396715083301,3.55859405034058e-05,9.62872652550531e-07,3.79751971217295e-07,0.000223746601640923,1.64206582731319e-07,0.000284190319347158,-5.59050308008882e-06,-5.26494577434017e-06,-0.000191181853334623,0.000146347586077811,0.00572657246695192,1.28475806308433e-05,2.68801404456462e-07,3.2917672840018e-07,7.26319788462882e-08,-2.30248847464082e-07,1.10588776073399e-06,5.05198621005747e-06,-5.05631029561721e-05,-1.83004521495152e-07,3.72422777460499e-07,1.52113590930053e-06,3.2542043936988e-08,2.76244373617928e-07,-4.15866105551294e-07,-7.76509404340675e-07,-4.04547458903123e-06,4.80969222831212e-07,2.27956405701093e-07,2.28655719001583e-07,4.00650177128288e-05,-6.91967621616656e-09,-1.62009581841519e-05,-2.23379902953068e-06,-7.94385296401133e-05,1.56271488376024e-06,6.18765186814335e-05,-1.55477237835507e-05,-1.7836073273651e-06,-0.000402049230451486,0.0281622121629466,0.000627373539230858,3.16582952475838e-06,1.97673841452374e-06,1.57106928853681e-06,-8.71876328133546e-07,-6.13106914051428e-08,1.52380173731214e-08,-1.32579704110883e-07,-1.03754663426572e-06,1.66086364314831e-05,7.00372768101222e-07,2.45895541268303e-06,-7.53839633315344e-07,-3.96955871033493e-07,-4.21700527024412e-06,-3.30373772565545e-07,-5.49059433528621e-07,-4.60999321740476e-07,1.00352367913512e-05,6.52657298377339e-05,1.63080627662658e-07,2.74391411257647e-07,-1.5086215970448e-08,-2.52315745254147e-07,-1.33484684430288e-06,8.22707131110838e-17,-2.05618304508955e-07,1.55231949972613e-05,-4.52073048442141e-07,-8.32078310231573e-06,-1.35603526167744e-06,1.62245602280916e-06,-2.70213004169289e-07,9.85140600274573e-06,-2.25051803819705e-08,1.49618093649723e-09,-7.21877315484271e-05,3.50087086732389e-06,-1.10379992320553e-07,1.5131553211619e-05,-7.09698132537047e-07,2.76680343817285e-07,-1.82096591009109e-08,1.3959452761875e-06,-1.32503838911699e-06,1.30956403962397e-05,4.27988600175894e-07,-8.46173082213679e-08,1.98739432070636e-06,-4.06438330461625e-07,5.03462628496352e-05,-0.00110190983978858,1.41912126845789e-07,-5.00100326457463e-08,1.2256918965488e-07,5.52495406625612e-06,-2.00890003758913e-05,8.91866498083343e-08,3.76340673318271e-08,-1.85094902522808e-07,0.00395580982490001,-7.07302323751631e-06,1.86216857990491e-06,-0.000573675461913617,1.2621133289149e-05,-1.60939762222942e-06,2.44975490667109e-06,-5.68125377374721e-05,4.92327003453457e-07,-5.7488120128052e-17,-1.23809342138155e-06,-4.25142990910534e-08,-6.38127729860383e-10,-5.61174861784052e-06,6.29128580371952e-08,-3.9174066039035e-08,-9.18127121204699e-07,1.0747194861544e-07,-8.57998674286256e-07,2.24868794642874e-06,8.31338379403691e-08,-7.62743875942627e-08,9.91241820936568e-07,-1.20524936674963e-06,4.3416716066791e-05,-6.12878068030819e-07,7.22320290581346e-06,3.62126118932811e-08,5.82654621711818e-06,1.58471873833455e-06,-1.42214062964455e-05,5.43121361042488e-07,-1.32020762042756e-06,1.8142337041459e-06,-6.63059278528389e-06,4.70237288411897e-07,4.3832671561972e-07,3.90099070711405e-06,-0.00301474140363275,-3.85989764407172e-07,0.00203130894851893,-2.10973704308707e-06,5.34217242104724e-08,5.11190526089606e-07,-1.03843979751715e-06,-2.60694584961756e-16,4.15703672865166e-09,2.9004360733815e-05,-1.74549007832432e-06,1.29041443470524e-06,6.53431870807137e-05,3.41530882580668e-07,8.17097573827736e-07,-1.24168255894855e-05,5.01663450404402e-06,-1.91573398604477e-15,-4.87695581664504e-06,-6.16111966780519e-08,-1.87081970569761e-07,1.00394662433103e-05,1.83297751221519e-06,-1.48669863334056e-07,-8.09410935783719e-06,3.10055132891008e-06,-0.306056420048041,-1.96058662805093e-05,2.37196136845503e-06,3.46819974205375e-06,1.63482782484097e-07,1.34742505290483e-07,2.52412584590723e-06,-1.50861403375723e-05,2.25747844069473e-06,3.10493122207604e-16,2.83533547081889e-05,-2.04910729661306e-06,-3.30964985708012e-06,-4.17803224698355e-07,1.90193996970896e-06,2.90613836790824e-06,-0.000465651263890901,4.16231880304753e-05,1.9900100043025e-07,-7.10444864831965e-17,3.49508784072986e-07,1.51482094451369e-06,3.9505871874481e-07,-2.22231509004331e-16,-6.75610491109628e-07,-6.64342296629733e-06,1.00115840903582e-06,5.19455624273858e-07,1.66140249399893e-07,8.61712072156224e-08,3.0075269662389e-06,-7.80933771179044e-08,-8.22963073361603e-07,-3.66094063387066e-07,-1.47756565914168e-07,-1.48378987986026e-06,1.57700928713062e-16,4.98972951317414e-07,-2.27590581566788e-07,-1.38222327265416e-06,1.26461866423826e-07,9.24856125979142e-17,9.91966302047146e-08,-9.96415387101088e-08,3.06282690218468e-08,2.57043214747766e-08,6.05740701109269e-08,-3.89578273265507e-07,5.78550199241409e-07,-3.37659596539996e-08,2.86605764374995e-16,-2.27155543112697e-09,-9.93101432773119e-09,2.82885408408929e-06,6.31070866366952e-08,-6.66140526155538e-09,-5.0773801123908e-11,-1.52655665885959e-16,-2.00952660020247e-16,-8.10968971687991e-11,-9.54863582834317e-08,1.29601426101523e-08,-2.25422169310835e-08,7.17915996256358e-17,-1.43807270564902e-08,-1.87982782774866e-10,1.37911694607156e-17,-5.33935490562654e-17,1.95324216505757e-16,5.10957524029125e-08,1.54683749340974e-07,-2.43008883133e-07,1.52845965647689e-07,7.67286075068939e-08,1.67769871763632e-07,-8.13051641994525e-07,-1.04528983046626e-16,-1.97980355361056e-07,3.61003865282354e-07,3.51683371402265e-16,-6.86673603654543e-18,-4.07090854606887e-07,-2.02935004727602e-11,-1.6033292111994e-07,1.28004110077075e-07,1.68079921717468e-07,-9.09640241047361e-09,-2.63959472796937e-16,-3.08476456236222e-08,-2.47247463457009e-16,-1.07643232791006e-07,1.1442669728412e-15,-1.9905269771951e-07,-5.8332702947526e-17,1.5896796536017e-07,2.20844308804516e-07,1.39971489642795e-08,1.88022359028591e-07,3.51232103002839e-05,-7.49223670981777e-08,2.65187656876916e-05,2.50607291755442e-08,1.21952683138801e-07,1.13781058281771e-08,1.82209335035969e-07,-8.4122297272743e-07,-1.33510535759031e-07,-1.10464872656336e-08,-2.66504928588131e-07,-9.54507659823065e-17,4.09108991697964e-06,-7.25626160739274e-07,4.8764168602406e-08,3.96294862155393e-16,6.61377082750027e-09,1.86088130584843e-07,6.76713426611992e-07,-4.4352476702339e-17,-1.82934107403144e-06,-9.09631975811864e-08,2.53109585275723e-16,-1.22315653896154e-07,2.11773139997341e-06,2.82173049689844e-16,-3.69729690622496e-16,-1.29684371563476e-07,-6.33004010724618e-08,-3.6844124787209e-10,-5.24530398538722e-07,1.48088058001403e-07,4.83521769064084e-07,4.25261280638111e-08,5.69638725459117e-07,-1.0498768126272e-06,-2.71007175034477e-15,4.379688821131e-07,1.55114019563645e-09,4.37373566556467e-09,4.20391995318315e-07,4.47445798530566e-16,-1.91277104757171e-16,1.43667180522817e-07,4.55714963662577e-16,4.32610039801656e-16,1.22216333507815e-06,-1.54197235637229e-06,-5.15737026286794e-05,-2.07584719752114e-08,0.000144892820618253,-3.91621843113903e-07,5.23251892800907e-08,5.22973868229794e-17,2.37775964086916e-07,1.32042706932584e-08,6.4668250541139e-08,-1.09809567453687e-05,0.120317184676464,-3.14932963847728e-14,-7.33661997686891e-16,-2.49918906700419e-15,2.14408003515559e-07,1.3911343021668e-05,3.96039540840914e-07,-8.67732867979139e-16,4.36188849531368e-07,-2.42860090645086e-16,5.75555360457517e-16,-2.81071276522584e-06,6.12062849552931e-08,6.92154666914746e-16,1.28858990180269e-07,6.74952927148114e-07,4.42271199975858e-16,-1.54108463057378e-07,-3.59991559771095e-16,-3.38809119780278e-08,9.13855864130344e-17,-3.32296410654948e-08,-2.83863394170031e-07,-1.11959365176922e-07,-9.33066446951788e-09,-6.11543728252266e-08,1.78332299272067e-07,-5.56993861706396e-08,-1.40617974976774e-17,-1.85601721391128e-06,5.52372336628391e-06,-5.76913105345393e-17,1.26850326538075e-08,3.40924439869851e-08,-5.06773556921736e-08,-3.1772620372597e-17,-1.72499127893537e-08,-2.35694872959643e-07,-1.17609424189575e-16,4.85654411474365e-08,1.02411537403598e-08,4.86484524320945e-09,2.55109906301188e-16,-1.19600317310408e-16,-4.33654590293464e-09,-9.10861915069825e-10,-6.70117338414489e-11,-6.59361709083798e-09,5.6566691963227e-10,-2.65997195054451e-17,2.20999118071418e-16,2.3897673290192e-09,1.67526355741358e-11,5.21305009067385e-17,7.15609751939136e-09,-1.26754777051047e-16,8.49046214480253e-07,-1.89935694083595e-09,-1.12201940837817e-09,-7.75507661660614e-09,-1.86267079235939e-16,2.68085071166647e-17,1.71902917699109e-16,-1.96914450914954e-17,-9.25675837766271e-09,-2.05773887662917e-08,6.31079859261396e-17,-2.97830470917045e-17,2.01310759835533e-16,1.67350169848083e-06,2.85987834905155e-10,-4.31090754854602e-08,8.95806681093757e-17,3.40439482160448e-17,5.52292586664116e-16,-1.26882051452145e-07,7.66531948618533e-07,-1.86322827764162e-17,5.04932356491767e-09,-2.15193130096659e-07,-9.57333013485089e-17,-8.16311395475291e-17,-1.42138836293276e-08,-1.46216843466718e-10,-7.27651043652844e-09,1.07954200532872e-16,8.56919808087488e-09,1.27807649452165e-08,1.41584546288556e-08,-1.34513517417634e-08,-4.84286888762393e-08,4.20708996327208e-09,-1.13111836947093e-16,-2.68235250397942e-16,8.85457996946062e-16,8.89270148037352e-08,-4.32672920544257e-06,-4.4284499117637e-09,-3.69890456063327e-09,2.16757645668627e-16,1.026207815399e-16,-4.14914230188453e-17,-7.86271783048871e-16,-5.67802799519398e-17,2.0621908937797e-07,1.58935512677306e-16,6.62206893875064e-17,-3.10080180999825e-09,-2.09839765114271e-17,-2.7790519521176e-09,-2.86801918153584e-17,-3.45230630199027e-09,4.65253244526659e-17,-4.34472335610329e-09,-5.4870928340037e-10,-3.51167053843725e-07,1.74801025673908e-16,1.81636774282062e-08,-8.47684909997955e-17,2.67535767891103e-08,-5.43907056277535e-07,2.73959742277625e-10,1.80025494376124e-16,4.07929345560708e-08,2.77505442943796e-16,-1.03590166437988e-08,-5.85654011201205e-08,2.82006118244481e-16,-1.21120705388447e-16,-4.63827113252014e-16,-1.73804718099812e-18,-2.02134709950696e-10,-2.65195357216963e-09,-5.9738418601418e-10,-2.26274585519044e-16,4.3656661891809e-17,-7.25462650733993e-08,3.72830149888287e-07,-5.60676683494269e-16,1.50275031333374e-16,-3.02072889917873e-09,2.90548038875054e-16,-2.16936457080598e-08,5.98687238694575e-16,2.13271594503217e-07,2.27385896841461e-17,-4.08350574888207e-16,-7.45748956378875e-17,1.41868607403569e-15,-1.93159122831817e-17,2.12911296921317e-16,3.11077211529798e-08,-2.17848554643069e-07,-8.37120258147646e-17,-2.17141939468274e-08,8.3985967343567e-08,-7.25732002275805e-16,2.17921056834018e-16,-1.24583833919645e-16,-3.68929492423634e-16,8.96524114170021e-09,1.46372787622833e-09,5.50489231659979e-16,-8.80394336615388e-16,-1.70285721304312e-08,-6.09415713628975e-08,-1.02564737904334e-08,-8.24642896015899e-17,1.83613537331153e-16,-9.71373896144143e-17,3.36424902945088e-16,-8.86624035222694e-16,4.43193657454112e-16,4.57840669922203e-08,-4.45304656865743e-08,-8.81703603034564e-09,3.3123322149317e-16,7.32764551349183e-16,2.09041312480064e-15,-1.26801530015033e-17,9.68132564271843e-16,-2.31336759048175e-15,-2.03714866680567e-15,5.79308183941729e-16,-3.26444088642257e-16,-3.88183699717322e-16,1.66526195785814e-16,-3.6737317817067e-15,-7.00823407595913e-16,-1.87267949277187e-15,9.86231785121375e-08,1.1961634560487e-16,1.20604259127942e-14,9.1114179841885e-16,6.09013568491588e-05,-4.35693669086278e-09,-7.61982544081492e-16,-7.16091998326137e-08,0.202973124820895,-2.77663883755415e-15,1.11843208124255e-15,4.95329522050676e-07,-2.08983900295056e-15,-4.96224406578259e-07,-7.29160865906309e-16,-2.93402065491678e-17,-4.41390604669283e-16,1.418892788e-15,-1.10138854969658e-09,1.4447886599926e-07,-1.09533331569059e-15,-9.82909369051434e-16,8.83380625604645e-17,2.72196540831234e-15,2.72872002771152e-15,-1.31729903784927e-16,-4.83816981528077e-17,-8.23885295570697e-17,-1.19913754932146e-09,1.00836336074238e-16,1.26260438041436e-16,2.3037360023074e-16,1.87806279936875e-16,-1.19733605384249e-16,-2.5743474618403e-15,1.30005580612364e-09,3.72009505264881e-17,6.17411517981986e-17,-7.24595973365729e-10,1.49556499555849e-15,-1.79636833950629e-16,-1.87457617068074e-16,-9.72629811935679e-16,1.2161010878523e-08,9.32972189944435e-17,-9.62355435679618e-10,4.02249855140344e-16,2.09043822134005e-16,-1.43502035924647e-15,-1.82666382020358e-15,-3.25194191841783e-16,5.30444671287756e-16,4.30342412742567e-11,-9.83609459595627e-15,4.15227852111834e-16,1.84005266257379e-09,-5.91850925900266e-09,4.64004866718424e-16,4.32634305298187e-09,6.38204470137305e-10,2.25686341974586e-15,-1.72380550847743e-15,-2.9815165751568e-16,7.7514173751962e-18,6.88254564561539e-16,-7.71949408937859e-10,-1.45140540530523e-15,-3.15703374323933e-15,-9.37787156771523e-16,2.11874231897471e-10,2.89454388121039e-15,2.65396622825456e-15,-8.6829037283665e-16,5.14581702331274e-16,-8.14935450109784e-12,1.1520467898335e-17,-9.27563436627444e-11,-4.64571676547218e-16,4.45082829250524e-16,-8.82498159254731e-16,-1.6113091960513e-15,-3.30925549735752e-16,2.61626954800172e-16,1.2994276482379e-15,1.20480059174249e-08,-3.13883343721556e-15,-6.25634097057902e-16,-1.93975387072932e-07,2.07533837462421e-15,4.81630540046472e-16,3.99916729758225e-15,2.00322659244621e-16,-1.12866939405276e-14,6.0707077359439e-16,1.76751475355321e-08,1.28256334260008e-15,-4.79824944025412e-15,-2.90933203431755e-06,3.56604632360963e-15,1.79206435509472e-15,-2.45542357075506e-15,9.56338577854416e-16,-2.90851873811999e-15,1.06195901127882e-14,7.3756989789531e-16,1.87109367877939e-15,9.15899775867563e-15,-1.54069445369226e-14,-1.30514222807009e-14,0.837886666482639,1.34926292310626e-06,1.2606151418602e-14,3.48915562750958e-15,-4.01428894363431e-15,-8.72299245755746e-16,2.89594737079568e-14,5.21714517858193e-16,-6.41631872240512e-15,2.42492030466881e-15,-3.40515058580851e-09,7.05212053428944e-16,-1.28306713477418e-15,-1.66135716594851e-15,8.80585315604296e-15,2.99684189671089e-09,-4.13594263159683e-15,-2.62441170207014e-09,7.46264487219029e-17,2.56548959722317e-16,2.54300154268457e-17,-1.01924133104179e-15,-5.09280351936489e-16,1.7929330965786e-15,2.20292181920557e-16,1.1712867154879e-15,5.25757704917098e-16,2.37799439762941e-16,-1.19322767709661e-15,-7.5683925740343e-17,5.39835807853656e-16,-2.38494303224551e-16,-6.73254462946795e-16,3.92005707549133e-17,-1.59192810650992e-17,2.37945529359024e-15,-1.08270907000308e-16,-4.65703703487206e-16,-9.05959335328888e-16,-4.30880748466402e-16,1.3576102875268e-15,-1.18833744074268e-15,6.83518373059272e-16,1.32766023130716e-10,-4.00968691239737e-15,-2.91242816242789e-16,2.86769076325275e-16,1.31410778819443e-16,-1.32405667095782e-16,-9.03917345122088e-17,-5.72534728680553e-16,3.51861308083014e-16,-9.48340016892755e-18,2.03014083991303e-15,-4.38885039422132e-16,6.76123802752817e-16,3.3514337557322e-16,-2.96140296752677e-16,3.18948187016604e-19,-3.41882171653523e-16,-7.18863720458041e-17,-1.59357589938797e-09,-2.2872241111077e-16,-1.82892126452363e-16,-5.25866658344409e-17,-1.86156331199906e-16,-5.17656414976507e-16,-8.43397402673551e-16,2.70634904588367e-16,-1.75914373168318e-16,-1.20747017822534e-16,3.26237263948811e-10,2.41627631811948e-16,9.96255306702702e-18,-1.87254116977766e-16,-1.20055701739438e-16,2.26264946903625e-16,-9.34906607881487e-17,3.78877865115013e-17,-8.80635898609368e-16,-6.3069833351966e-18,-3.12070319545324e-16,2.80438180514889e-16,5.99686913799708e-17,1.19303557789751e-16,1.61997868900114e-09,2.01147551148032e-16,-7.71136781605421e-17,9.05397797900983e-16,-3.12250225675825e-16,-4.85819614886186e-09,6.99875190312639e-17,-6.29095303902905e-16,-1.28881711552401e-16,-4.13581279369684e-16,1.72190470149019e-16,-4.41603110394547e-17,2.82118412043365e-16,-3.43243795637694e-16,-9.28405037016352e-17,9.05586391016159e-17,-5.36671099162354e-16,1.58806797891237e-16,-9.39153740769939e-17,-1.82501823930602e-16,4.17648234539349e-17,5.19659060324512e-17,-3.69584820698746e-16
"t942",-0.0368437227107206,-0.00977962874782497,0.00123210239397524,-0.107363176651513,0.0211465511580082,-0.0043880311490578,0.023476937980892,0.000376521426382436,0.000129444859705958,-0.000417967323860485,-0.000117926443669448,-0.118942778445933,-0.0802794617678678,0.00798909410321021,0.00155335663544385,-0.00212876435087789,-0.000241988553931762,0.00235067178649419,-0.000112377802318177,0.000116307805413499,-0.00278305995597677,0.00120486308935224,-0.00496632883853504,0.126710291437673,0.0412960196266653,-0.000363157984176831,0.00035434219416896,-0.000283593482488222,0.00304184051126067,0.00169553992701531,-6.86956964924512e-06,1.4682201765439e-05,-0.00902760416446534,-9.50579359519996e-05,1.88577951659116e-06,-4.57609321429641e-06,-0.00043549248710032,1.77754476149955e-06,1.57458237869104e-05,5.21842617810968e-06,0.000429965378675828,-0.000122930462594291,0.164889352184498,0.00124166764490127,-0.00263155465576965,1.17691306252001e-05,-1.85599464074654e-05,0.000130999116339935,-9.11997540171092e-06,1.11170432162539e-05,-0.000368853882482,3.94977171533919e-07,-4.96651916968672e-10,-1.57968368625153e-06,3.82501303149415e-07,-4.42060075756949e-06,3.61314078961917e-07,-2.64613541864157e-05,9.0614823963232e-06,-1.13494471539464e-05,-1.08297970238487e-05,1.75790489046099e-06,-6.0090772801266e-05,3.24203694554637e-05,-2.76539270920823e-06,0.00429064307627943,-2.50403486378665e-07,9.4348611263188e-06,-2.62423370493912e-05,1.05202167045353e-05,-1.33672174571577e-05,2.15197535951115e-05,-9.7690483230944e-07,-7.29352291196116e-05,3.0380926920619e-05,2.91674513567679e-08,-0.000163131373815827,3.0254606610269e-06,-1.10198142367693e-05,-1.29623923664338e-05,3.81944677282678e-06,5.72910904800918e-05,-7.22144837990169e-06,-4.57067542926149e-05,2.95150378903884e-06,0.000642927751864794,-4.01222952908371e-05,-7.21979765912097e-07,-2.36642573228814e-07,6.1912600701047e-05,-1.53660959554412e-06,4.11587621351392e-07,3.72637701027331e-06,-0.000400226151722087,-1.5708745887351e-07,-5.17473257695024e-05,-1.17089749526201e-05,2.97111372316602e-05,-4.53988420333556e-05,-1.24285486773664e-05,-2.73452452311863e-06,2.19643938931891e-06,-3.74420297356193e-06,1.38974753568631e-06,-6.06998126102706e-07,1.11927578339348e-05,-3.32236080094959e-05,0.000282436665024258,-4.95923511106479e-06,1.20530567585496e-06,5.32828323716696e-06,1.28008694583471e-05,-2.1601848093908e-05,1.95919695785258e-05,-1.00033878514107e-07,3.86697537007184e-06,-5.72369087700124e-06,6.12310947535625e-06,-6.26745396782066e-06,1.55591689141193e-05,-5.84945257670271e-05,1.4423008670249e-05,-1.38913482322483e-05,-3.81902791987982e-05,1.24630503779424e-05,-0.000121106495377862,1.23158321862129e-05,-3.95670893336605e-06,7.83333633276102e-06,0.000258338627988723,-8.1840588995981e-06,2.47355236840469e-05,-4.87511736850741e-05,-5.97658388220865e-06,2.1872103367004e-06,1.01302109350878e-05,-6.10404039545178e-08,-4.2166603810973e-05,1.38294614021788e-05,-3.98477617103122e-05,-2.57392663457275e-06,-0.000100219712008783,1.9769621042424e-05,1.26638765292285e-06,3.99545485187302e-06,-2.58295479142192e-07,-1.26749291756957e-05,2.05512358881947e-06,1.36635690396675e-07,-3.50886287831864e-07,-5.47083174262687e-05,-1.65774174271405e-06,-3.5898558615965e-05,1.3603172054833e-05,-4.53882563508136e-06,-4.05411278119689e-07,6.19537848445857e-06,-0.0011523966902811,-4.57873812817162e-06,-1.61333924224482e-06,-0.00192493036395308,2.56522291858048e-05,-0.000110109077853336,-0.142505109687381,-0.000149463164871722,-0.133903047096672,-5.72929610861656e-05,-9.81494089431729e-07,-4.88720345464368e-05,-7.19384828521342e-05,0.0148332203429402,-0.000298963352090824,-7.02091350244336e-06,-2.67402365227159e-06,-0.00148045171763189,-1.06992183786703e-06,-0.000237540091554726,3.45923127118112e-05,3.55015088289498e-05,0.00133616563294483,-0.0010670364117693,-0.050434506415086,-0.000126289181603454,-3.03662323726968e-06,-4.42143261151279e-06,-5.11035406782345e-06,-5.42369067267545e-05,4.57960841798072e-06,2.00260434515892e-05,-0.000134857488470824,-2.0825100508099e-07,2.35643807921649e-07,7.9524513820397e-07,1.28819318259554e-08,8.90929549738223e-08,-7.27795953212277e-08,-1.18693858307524e-07,-4.61243492889813e-07,4.71390877174336e-08,5.65201712368203e-09,5.22848994503439e-09,3.7686171752832e-07,-1.03772891767016e-11,7.40222690521762e-08,1.02084094320089e-08,3.61808161376665e-07,-6.48899109203335e-09,-2.24557549570806e-07,2.66221995165864e-08,-1.09016205161599e-09,-5.20691990926093e-07,3.09514184953839e-05,-2.49395537304801e-06,-3.70408007729268e-08,-2.36750046784585e-08,-3.5323840362863e-08,7.79199590947312e-08,7.18548990845289e-09,-1.722605392425e-08,-9.94142774188306e-08,-5.67588495889017e-07,5.43905821067017e-06,2.17526743947794e-07,7.30587579368725e-07,-2.06968408088856e-07,-1.0800440569467e-07,-1.14512657873538e-06,-8.76375653366375e-08,-1.45486419121507e-07,-1.22900598001646e-07,2.68788519042339e-06,1.75834601836227e-05,4.42122570726758e-08,7.45308063294823e-08,-4.17951590021067e-09,-7.08864253294609e-08,-3.81179548953349e-07,-7.27298858810851e-17,-6.02084372644819e-08,4.56926046516794e-06,-1.38187455702204e-07,-2.62310517289859e-06,-4.38952654327813e-07,5.26044710717576e-07,-9.22704005515354e-08,3.39459803293905e-06,-7.78754093989623e-09,5.28422158920179e-10,-2.58583821956107e-05,1.28777830469785e-06,-4.10965786011326e-08,5.66228046971338e-06,-2.73194591232006e-07,1.21877091788757e-07,-8.49093693272573e-09,6.8637290614078e-07,-7.5204992709729e-07,7.52547838590295e-06,2.85638866268917e-07,-6.37409790892376e-08,2.00694608909161e-06,-4.85093699385838e-07,7.9310062031859e-05,-0.00498108329323713,-1.12745133610038e-07,3.08621510523391e-08,3.62030827029179e-08,1.66323055629444e-06,-6.17003901927869e-06,3.14582912843983e-08,1.34795212092971e-08,-3.92004040866048e-08,0.000179857021668718,-9.00780705570764e-06,2.63602945466405e-06,-0.000891970312722175,2.5491213738352e-05,-4.30759704116409e-06,2.81100392947291e-05,-0.466000266007239,-7.02448357839875e-06,8.44002043444991e-15,3.84983608202417e-06,1.19426743715891e-07,1.35700731659792e-09,7.42679718101565e-06,-6.16983400939922e-08,3.40068468992989e-08,7.53083505025146e-07,-4.86011223802061e-08,3.75542024421237e-07,-9.75679100243691e-07,-3.12695027977762e-08,1.97936805564783e-08,-2.42050453734316e-07,2.82229882330861e-07,-8.86946760978929e-06,7.47729208879016e-08,-7.03929736737587e-07,-3.48193827576065e-09,-5.57994832349784e-07,-8.04339352914763e-08,2.25486859187338e-07,-6.69354034626597e-09,9.85536745916987e-09,-3.68689267475426e-09,3.06688739436094e-09,4.92365529062661e-09,4.79076022729536e-09,4.17846798164843e-08,-4.21324932239748e-06,-7.19448829419267e-09,4.05044798903243e-06,-5.29293068155906e-08,1.38467034798177e-09,1.40736220615253e-08,-3.22454816791174e-08,8.67103191483066e-17,2.68509259784725e-10,2.4356467773086e-06,-1.56890085476293e-06,2.21210982035932e-06,0.0276778834814184,-6.17662055334588e-08,-3.29838149068446e-08,9.94208426675985e-08,5.50005260421833e-08,8.57698137705949e-17,-9.41319535319094e-08,-1.19544928679882e-09,-3.60514202919464e-09,1.93021273564301e-07,3.15102130036495e-08,-2.27006644366694e-09,-9.44958392765876e-08,2.66791201002569e-08,-5.43429868477476e-05,1.97894064191462e-07,-4.32409444329004e-08,-8.14233584760361e-08,-4.4165308207418e-09,-4.56818090906891e-09,-8.76214994789366e-08,6.06396142619328e-07,-1.01143512562468e-07,-6.41165511877464e-16,-2.65837453101696e-06,2.23498124323623e-07,2.52509628416682e-06,7.23299664728326e-08,-3.55714288606698e-07,-2.70997214602118e-06,0.0120673470343782,0.000256519492051139,2.16142661714049e-07,-1.66492529927207e-16,1.94530629586024e-07,7.11055099587405e-07,1.14618029012316e-07,3.33112323261092e-17,-1.32723104190629e-07,-1.20109409436527e-06,1.73503958165437e-07,8.25773160933085e-08,2.28882047651782e-08,1.06568491812231e-08,3.41395237462384e-07,-6.78004549863779e-09,-6.90648182697292e-08,-2.48833809531631e-08,-6.28502197524892e-09,-6.12865296993133e-08,6.86025174973593e-17,-1.6742921181207e-09,2.46931343549731e-09,3.78075788510622e-08,-6.67539797690563e-09,-3.67885529677099e-17,-1.11300099739923e-08,1.93092537120222e-08,-7.31589072515837e-09,-6.74288479924205e-09,-1.77446116903865e-08,1.39684932779841e-07,-2.89198045923273e-07,4.65842603891686e-08,-4.13950224352302e-17,1.87977788345808e-07,-2.54826395132651e-07,2.00491240905018e-05,2.30636918448516e-07,-2.35064883790133e-08,-1.59234580316911e-10,7.63278329429795e-17,-5.64987564351262e-18,-1.59079895853137e-10,-1.44762457493264e-07,1.91343513353684e-08,-2.82004357407795e-08,1.58501845315229e-16,-1.38662220155443e-08,-1.66093306866713e-10,1.70733041342227e-16,1.95344604200164e-18,-2.39922512005424e-17,3.66506367754146e-08,1.08594778764264e-07,-1.59424284387426e-07,9.53021897155011e-08,4.75738426411398e-08,9.91279050009325e-08,-4.7788419774432e-07,-8.85507879618971e-17,-1.07082946375668e-07,1.90289192759594e-07,3.00436210555461e-16,6.91458763148843e-17,-1.96753320227305e-07,-9.63508648624256e-12,-7.44668853864835e-08,5.86556700528867e-08,7.53007534879706e-08,-4.06230040841293e-09,-7.77810819233177e-17,-1.37196283813501e-08,-2.95498098320109e-17,-4.73993247636454e-08,-9.42171687889903e-17,-8.71988573981328e-08,4.37684706975397e-18,6.94483656992669e-08,9.64939233893584e-08,6.49066399909259e-09,9.54188652756417e-08,0.000113455673419496,-4.30577554583467e-08,0.00265818056106059,6.46652061704414e-09,3.15563465735454e-08,3.15238020144591e-09,5.32582723210355e-08,-2.51163753745495e-07,-3.99023774866214e-08,-3.2867849981804e-09,-7.90347986491288e-08,-7.97920487650716e-17,1.19707147344315e-06,-2.08920334544722e-07,1.32750687727572e-08,1.63336053483138e-16,1.76782242284187e-09,4.83127493246887e-08,1.73426006565133e-07,-1.71167825995136e-16,-4.65639083632724e-07,-2.25174505580803e-08,-1.01704359102116e-16,-2.98503194735196e-08,4.70498967142651e-07,6.71824866439497e-17,-2.49382949109583e-16,-2.76494412047594e-08,-1.34442818502933e-08,-7.68324554424088e-11,-1.06975059679813e-07,2.86266021368926e-08,9.3015592067906e-08,8.12421562355189e-09,1.00340442374498e-07,-1.71543882692651e-07,1.89778748271863e-15,6.93819660077566e-08,2.44387359462508e-10,6.75733404095117e-10,6.33854624905327e-08,-5.31596047499437e-17,3.88180708520538e-17,2.09172764352037e-08,-1.23228621084665e-16,-1.97187491768363e-16,1.35034659242683e-07,-1.60239870330229e-07,-5.3522697137361e-06,-1.84357387307955e-09,1.25646119526562e-05,-3.37838165934633e-08,4.36080482706628e-09,-4.38475456953538e-17,1.18932920238815e-08,5.58866160861443e-10,2.56954662521329e-09,-2.90350700016761e-07,3.94144695621071e-05,-1.69429585549115e-16,3.96657648723588e-17,2.23232965357824e-16,-9.06766267044058e-09,-8.75391767947854e-07,-2.55677878400348e-08,-1.05523152581697e-16,-3.75545066027479e-08,1.17363842153243e-17,-4.50896385087279e-17,5.74277917433325e-07,-1.26155018124623e-08,-5.5944832100252e-17,-3.13543268356041e-08,-1.8021585498306e-07,-1.71537351516311e-16,4.94764788133233e-08,8.91255072520914e-18,1.35189887808842e-08,2.44786147261888e-16,1.35208314276552e-08,1.1726641089737e-07,4.70520285083258e-08,4.01641969085525e-09,2.77913918329424e-08,-1.00087147302777e-07,4.42053286119833e-08,-7.64652280930437e-17,6.23993497840312e-06,-0.0129080534045215,1.05553745084484e-15,1.42711467032783e-08,-7.51714395363141e-09,2.83109998465524e-08,1.65656727008946e-17,2.0365527582004e-08,3.06225248280443e-07,-9.95919749384498e-17,-7.13714656994127e-08,-1.59847217844797e-08,-9.53718630990487e-09,1.15397520031746e-16,1.43718442122127e-16,1.62831358127502e-08,5.06620414686379e-09,4.11109220696353e-10,-4.83158640617423e-08,3.20062867379925e-09,-1.6361382206058e-17,-9.52188431023013e-18,1.17536371314417e-08,8.10788253950258e-11,-4.01894659007973e-17,2.87330183141653e-08,-3.19326118287897e-17,2.95476260159572e-06,-5.66959783647699e-09,-3.31815430645128e-09,-2.21507861905562e-08,-4.82457451406302e-16,1.13049950541412e-16,6.29092930753172e-17,-1.14299186837867e-16,-2.36029019462106e-08,-5.4570257487805e-08,1.51455633567008e-16,-4.17553509708772e-16,3.68825914899442e-16,0.00743335080082834,9.55583712935062e-11,-5.65933222006922e-08,2.22920190783719e-17,5.46437894932694e-17,-8.84492132313675e-16,-1.66863382709955e-07,1.00432615589767e-06,-1.07422196394683e-16,6.33537841348642e-09,-2.65312567626951e-07,1.90960234317459e-17,-5.05396775600996e-17,-1.68294360949693e-08,-1.72573908448187e-10,-8.39363797336595e-09,1.76289200153958e-16,9.52740297974488e-09,1.39355719020514e-08,1.50378343243227e-08,-1.3806658475404e-08,-4.92692395732808e-08,4.21105769739640e-09,-6.17223246730227e-17,7.24163438184617e-16,6.29035808788349e-17,8.31200787637604e-08,-2.58359409135576e-05,-4.01276583644e-09,-3.19624430416367e-09,6.82865198158495e-16,7.79451781491261e-17,-3.62028819870092e-17,5.59131752977636e-16,-2.68355195943886e-16,1.69754138423419e-07,-1.17959360999055e-16,1.11020041647698e-16,-2.50583942769062e-09,-3.06707548543504e-17,-2.24363151686235e-09,-3.01349026446486e-17,-2.78259694330989e-09,6.67028686586304e-18,-3.39348938662299e-09,-4.25407859027236e-10,-2.69195853848748e-07,5.47239507729718e-17,1.3731899084745e-08,4.71960688838294e-17,1.96199926519467e-08,-3.83213345755367e-07,1.92679789014655e-10,-1.36758184501215e-16,2.82194810627871e-08,-1.29189078693231e-16,-6.97683605394585e-09,-3.93913785787139e-08,-1.18567241054696e-16,2.98916312473209e-18,-5.9426368428169e-19,2.16127247744833e-18,-1.32887295338618e-10,-1.73272354710338e-09,-3.87499977001176e-10,-3.21592996234547e-17,1.54467738480215e-16,-4.53934900449437e-08,2.32899727998885e-07,6.12239877358896e-17,-2.91500339897316e-17,-1.79657969104664e-09,8.95177668530296e-16,-1.27582357018265e-08,3.00159574239184e-16,1.21189546459554e-07,6.88897452421531e-18,-2.16495572930603e-16,2.69218207892894e-17,2.33592152781962e-16,-2.69994426420274e-16,1.73402002997502e-16,1.63048622566779e-08,-1.14048865898753e-07,2.76750616180029e-17,-1.09994475080976e-08,4.19231260596749e-08,-3.50110693822748e-16,7.85876446313374e-17,-8.61250132868522e-17,-3.68542186311942e-18,4.16914128962117e-09,6.68132625918661e-10,2.2288081029776e-16,-2.53401928189755e-15,-7.6049083342989e-09,-2.71365587208798e-08,-4.5213162054248e-09,1.10695991735631e-16,1.20063140617637e-16,-1.61753310690937e-16,5.13115531004043e-16,-9.959196046172e-18,2.011542005837e-16,1.63337916511874e-08,-1.54757031592752e-08,-2.98091261095452e-09,-1.12686499895651e-17,2.34227515219787e-16,-1.56411619798905e-16,6.31575420721959e-17,6.50717790427756e-17,-9.1739670897431e-16,1.87323389977854e-16,1.3587053405378e-16,-1.23036872298355e-17,5.19114067897831e-17,2.95435550406162e-17,-4.82375126572651e-17,2.26424463261237e-16,-1.72475067258163e-17,1.16694767815018e-08,6.24980180332957e-17,-2.72574719499828e-15,1.47656880483066e-16,4.66208429431296e-06,-2.88888942279681e-10,7.04967901416713e-17,-4.28416894294647e-09,8.15731211612507e-06,-7.574851853507e-17,-7.04555396522289e-16,-4.29107402889688e-08,2.74527751170732e-16,1.07481727678647e-07,-3.51992103632906e-18,-1.0277506957927e-16,-2.77310798384534e-16,4.7224338971645e-16,5.50928532197198e-10,-7.57458720779463e-08,2.08151793558464e-16,-4.75781610609376e-16,-7.80132477228044e-17,-2.26521766215502e-16,5.91540705308091e-16,-1.31883870111341e-16,6.75593730372933e-17,7.40955597847917e-17,6.80792425964012e-09,1.06692613391616e-16,4.68719605191906e-17,6.2418586633605e-17,-9.73675321846278e-16,-5.36121731624949e-17,1.30207066895439e-17,-1.98918408441903e-08,2.53778811243466e-17,-2.32640433671222e-16,1.48974490361255e-08,8.58295964884607e-16,5.65422364293513e-16,3.43151579661316e-16,3.71548743210907e-16,1.45118554553949e-07,3.89235858281993e-17,-9.89121484239292e-09,-2.21501800534783e-16,4.11410481950661e-16,2.30806334250832e-15,-2.44748899559709e-16,-1.44261370054449e-16,-1.27324624736633e-15,3.68451996698748e-10,-4.05452471172346e-15,5.3016747966418e-17,1.47347174930102e-08,-4.72974139915625e-08,1.29470393501382e-16,3.39924239509812e-08,5.02171622889273e-09,3.01104825195737e-16,1.16612949460405e-15,-2.91917533501628e-16,7.71270056245689e-17,8.4254329559834e-16,-1.00565525952458e-08,7.15277268557746e-16,1.72427175416307e-15,2.17388421097806e-16,4.31039709158229e-09,-1.6879146442887e-15,7.53394920325646e-16,-1.06197774366961e-16,-1.72214048174667e-15,-2.20622121059236e-09,-5.10246330087385e-16,7.61172263070425e-09,6.23760102150764e-16,-5.7416468399328e-16,1.75996302014007e-15,-4.90545852522078e-16,-8.33832924224453e-16,-2.93852547734634e-15,-1.25077616661027e-15,-1.18491062688537e-07,1.96795143102506e-15,1.12806205407739e-15,1.61287245283138e-06,-5.48465097282269e-16,-3.06982871985408e-16,2.22796223376357e-15,-2.41292960904142e-15,-2.15943615378731e-15,1.90914283359602e-15,-1.61480216723042e-07,1.5494317988103e-14,5.40600625092853e-14,0.399726279001902,4.77385057961393e-13,6.74989731701061e-14,5.96735174932289e-15,-1.61349814519027e-14,-1.03115130746664e-14,-1.53520553937973e-14,1.15722382120953e-16,3.37342770408378e-16,-1.36527324303063e-15,-1.92537962567011e-16,1.41944555257917e-15,1.38773072033312e-06,-7.14492637014347e-08,-3.19160986185663e-15,3.38447801334384e-16,-5.23379571119054e-16,1.34309020646541e-15,-2.08166817117217e-16,-1.96020844081845e-17,1.28721082566253e-15,3.11494834797774e-16,3.26483534812004e-10,-3.53586158514563e-16,-9.04036495827434e-17,-3.4247880576383e-16,-4.38635975640911e-17,-1.12108272812205e-10,1.43291289853032e-16,-1.06990393027211e-10,2.51540851366491e-17,6.23170061213179e-16,-3.38148298545856e-16,2.6204283122814e-16,-2.48011008483032e-16,8.51324124835015e-16,-4.7948133808975e-19,-1.13659362359772e-16,1.62214467281578e-16,1.7909301413787e-16,5.4420831018917e-16,8.34928055914874e-17,1.30428450022191e-16,1.86465404670126e-17,7.91254620041162e-17,-9.5970517475809e-17,-6.74987941258828e-18,-1.02578539540728e-15,2.92786352692376e-16,-8.50696813261915e-18,2.02312125385795e-16,-3.01513895118895e-17,3.82119631256919e-16,1.50139970710246e-16,1.80293197763502e-16,3.37623306431092e-11,-5.7853224063898e-16,8.77691957928507e-16,5.73577258020864e-18,-1.43608657164281e-15,-1.30432040100684e-15,-3.7762558849076e-16,7.93696517860936e-16,3.9932382781351e-17,2.25954357662275e-16,1.7334193492123e-16,1.56884054358652e-15,-5.89752821506642e-16,-1.84283736734677e-16,-2.40107011798096e-16,4.09360460037986e-16,1.17518285182565e-15,6.08179605890576e-17,-5.37254830087218e-10,7.1063558723068e-17,2.641880616437e-16,5.58577741179782e-16,-7.37161628561342e-16,2.52107651375799e-16,-8.8517083139824e-16,3.44562319619119e-17,-4.25949539140517e-18,1.55053456214986e-16,1.28255078488916e-10,-5.6229259418131e-16,-1.05157936439668e-16,6.4843055321728e-16,8.67653009763694e-16,-1.40716388269126e-15,-1.18728234126193e-15,9.57966875569692e-18,1.0950781293982e-15,8.54740013605572e-17,-1.30106994158996e-15,-9.81391227219333e-16,2.88134477900668e-15,-9.91569468378849e-16,6.9837174414353e-10,-9.74685951188308e-15,-0.707106781186549,-1.28115511605744e-15,3.33045223344097e-15,-2.15980508611915e-09,1.04145471942018e-15,3.7271646377789e-16,1.04920998871309e-15,-1.934983071549e-15,-4.4686845524386e-16,2.33580807749965e-16,-8.29221700582368e-16,2.96445829371385e-16,-2.25777630590062e-16,1.91795634866712e-16,-3.2960151586044e-16,-1.30376364822805e-16,-3.21037657835611e-16,-1.51924104109029e-17,-1.3097533593496e-16,-2.01394592550236e-16,-3.28383485054112e-16
"t943",-0.0368437227107206,-0.00977962874782498,0.00123210239397524,-0.107363176651513,0.0211465511580082,-0.00438803114905781,0.023476937980892,0.000376521426382424,0.000129444859705952,-0.000417967323860502,-0.000117926443669435,-0.118942778445933,-0.0802794617678678,0.00798909410321022,0.00155335663544386,-0.00212876435087789,-0.000241988553931756,0.00235067178649418,-0.000112377802318169,0.000116307805413513,-0.00278305995597677,0.00120486308935224,-0.00496632883853503,0.126710291437673,0.0412960196266653,-0.000363157984176824,0.000354342194168962,-0.00028359348248819,0.00304184051126067,0.00169553992701532,-6.86956964924832e-06,1.46822017654441e-05,-0.00902760416446532,-9.50579359520224e-05,1.88577951655755e-06,-4.57609321434155e-06,-0.000435492487100315,1.77754476149303e-06,1.57458237868653e-05,5.21842617809623e-06,0.000429965378675801,-0.000122930462594297,0.164889352184498,0.00124166764490128,-0.00263155465576965,1.1769130625194e-05,-1.85599464074892e-05,0.000130999116339976,-9.11997540168747e-06,1.11170432162373e-05,-0.000368853882482014,3.94977171532421e-07,-4.9665190705382e-10,-1.57968368624459e-06,3.82501303163955e-07,-4.42060075759917e-06,3.61314078956986e-07,-2.6461354186372e-05,9.06148239629223e-06,-1.13494471539238e-05,-1.08297970238079e-05,1.75790489046924e-06,-6.00907728012218e-05,3.24203694554238e-05,-2.76539270919953e-06,0.00429064307627939,-2.50403486386078e-07,9.43486112631144e-06,-2.62423370494155e-05,1.05202167045704e-05,-1.33672174571605e-05,2.15197535950755e-05,-9.76904832338991e-07,-7.29352291195845e-05,3.03809269205862e-05,2.91674513636249e-08,-0.000163131373815832,3.02546066103898e-06,-1.10198142367726e-05,-1.29623923664529e-05,3.81944677284065e-06,5.72910904801048e-05,-7.22144837989919e-06,-4.57067542926106e-05,2.95150378907948e-06,0.000642927751864807,-4.01222952908624e-05,-7.21979765886561e-07,-2.36642573229242e-07,6.19126007010626e-05,-1.53660959558243e-06,4.11587621455475e-07,3.72637701023013e-06,-0.000400226151722062,-1.57087458880815e-07,-5.17473257694841e-05,-1.17089749525638e-05,2.97111372316817e-05,-4.53988420333275e-05,-1.24285486773776e-05,-2.73452452307205e-06,2.19643938927936e-06,-3.74420297354679e-06,1.38974753569875e-06,-6.06998126096878e-07,1.11927578339528e-05,-3.32236080094887e-05,0.000282436665024224,-4.95923511106228e-06,1.20530567581669e-06,5.32828323715596e-06,1.28008694583488e-05,-2.16018480939202e-05,1.95919695785159e-05,-1.00033878530097e-07,3.86697537003591e-06,-5.7236908770258e-06,6.12310947538782e-06,-6.26745396787463e-06,1.5559168914096e-05,-5.84945257670221e-05,1.44230086702457e-05,-1.38913482322419e-05,-3.81902791988019e-05,1.24630503778652e-05,-0.000121106495377825,1.23158321862424e-05,-3.95670893339355e-06,7.83333633278945e-06,0.000258338627988744,-8.18405889962807e-06,2.47355236840685e-05,-4.87511736851031e-05,-5.97658388222914e-06,2.1872103366856e-06,1.01302109351056e-05,-6.10404039102557e-08,-4.21666038109954e-05,1.38294614021458e-05,-3.98477617102998e-05,-2.57392663457627e-06,-0.000100219712008773,1.97696210424324e-05,1.26638765291602e-06,3.99545485192233e-06,-2.58295479169552e-07,-1.26749291756883e-05,2.05512358886436e-06,1.36635690399297e-07,-3.50886287836882e-07,-5.47083174262978e-05,-1.65774174271364e-06,-3.58985586159543e-05,1.3603172054823e-05,-4.5388256350949e-06,-4.0541127811362e-07,6.19537848447455e-06,-0.00115239669028112,-4.57873812813881e-06,-1.61333924224788e-06,-0.00192493036395302,2.56522291857494e-05,-0.000110109077853332,-0.142505109687381,-0.000149463164871738,-0.133903047096672,-5.72929610861647e-05,-9.81494089461833e-07,-4.8872034546439e-05,-7.193848285212e-05,0.0148332203429402,-0.000298963352090824,-7.02091350249705e-06,-2.67402365227075e-06,-0.00148045171763192,-1.06992183792623e-06,-0.000237540091554785,3.45923127118159e-05,3.55015088289529e-05,0.00133616563294491,-0.00106703641176928,-0.0504345064150858,-0.000126289181603465,-3.03662323725251e-06,-4.42143261145404e-06,-5.11035406782593e-06,-5.42369067267306e-05,4.57960841798652e-06,2.00260434515122e-05,-0.000134857488470885,-2.08251005051306e-07,2.35643807960243e-07,7.95245138227211e-07,1.28819318425629e-08,8.90929550187087e-08,-7.2779595331144e-08,-1.18693858341e-07,-4.61243493029431e-07,4.7139087696174e-08,5.65201712337613e-09,5.22848998420235e-09,3.76861717500972e-07,-1.03772469890254e-11,7.40222690738476e-08,1.02084095468549e-08,3.61808161432e-07,-6.4889911086263e-09,-2.24557549548254e-07,2.66221994354728e-08,-1.09016202698333e-09,-5.20691990829795e-07,3.09514184954712e-05,-2.49395537307055e-06,-3.70408007659266e-08,-2.36750047494115e-08,-3.53238402884155e-08,7.79199590532141e-08,7.18548990160349e-09,-1.72260539078844e-08,-9.94142774241473e-08,-5.67588495880665e-07,5.43905821066806e-06,2.17526744030282e-07,7.30587579291016e-07,-2.06968408129119e-07,-1.08004405665366e-07,-1.14512657870301e-06,-8.76375653179304e-08,-1.45486419096842e-07,-1.22900598081372e-07,2.68788519043062e-06,1.75834601836424e-05,4.42122569112664e-08,7.45308063147717e-08,-4.17951618343996e-09,-7.08864253941547e-08,-3.81179548943906e-07,-3.12005709538136e-17,-6.0208437242027e-08,4.56926046526421e-06,-1.38187455686664e-07,-2.62310517283387e-06,-4.38952654472939e-07,5.26044710714518e-07,-9.22704006306005e-08,3.39459803301009e-06,-7.78754102116039e-09,5.28422153315098e-10,-2.58583821956372e-05,1.28777830469865e-06,-4.10965783427629e-08,5.66228046972075e-06,-2.73194591086771e-07,1.21877091800672e-07,-8.49093685032637e-09,6.86372906180657e-07,-7.52049927163734e-07,7.52547838587208e-06,2.85638866440244e-07,-6.37409791052523e-08,2.00694608900494e-06,-4.8509369900169e-07,7.93100620318909e-05,-0.00498108329323718,-1.12745133638424e-07,3.08621510550053e-08,3.62030826525986e-08,1.66323055639495e-06,-6.17003901921056e-06,3.14582911430141e-08,1.34795210563933e-08,-3.92004044085637e-08,0.00017985702166877,-9.00780705558513e-06,2.63602945453627e-06,-0.000891970312722178,2.54912137384105e-05,-4.30759704116604e-06,2.81100392945939e-05,-0.46600026600724,-7.02448357850843e-06,8.52484052794506e-15,3.84983608208707e-06,1.1942674360902e-07,1.35700727336803e-09,7.42679718096211e-06,-6.1698340289403e-08,3.40068469784983e-08,7.53083504854624e-07,-4.86011223536601e-08,3.75542024607247e-07,-9.7567910021833e-07,-3.12695026099043e-08,1.97936805705566e-08,-2.42050454071235e-07,2.822298821716e-07,-8.86946760983976e-06,7.47729208382064e-08,-7.03929736540262e-07,-3.48193824127714e-09,-5.57994832357963e-07,-8.0433935377385e-08,2.25486859239933e-07,-6.69354023231307e-09,9.85536748228005e-09,-3.68689288157539e-09,3.06688727534796e-09,4.92365513899848e-09,4.79076027224470e-09,4.17846795988132e-08,-4.21324932261986e-06,-7.19448839530049e-09,4.05044798903989e-06,-5.29293068153102e-08,1.38467043011187e-09,1.40736220620403e-08,-3.22454816928611e-08,8.49835439245237e-17,2.68509191614575e-10,2.43564677729569e-06,-1.56890085486485e-06,2.21210982047605e-06,0.0276778834814187,-6.17662054417296e-08,-3.2983814949397e-08,9.94208426920597e-08,5.50005260356331e-08,7.96719797256173e-17,-9.41319535750039e-08,-1.19544938762809e-09,-3.60514185417331e-09,1.93021273534597e-07,3.15102132297757e-08,-2.27006641432317e-09,-9.4495839297955e-08,2.66791200982046e-08,-5.43429868477626e-05,1.97894064300776e-07,-4.32409444123557e-08,-8.14233584035781e-08,-4.41653081869778e-09,-4.56818094040235e-09,-8.76214995568939e-08,6.0639614265511e-07,-1.01143512449771e-07,-8.67405281395014e-16,-2.65837453105322e-06,2.23498124425105e-07,2.52509628409867e-06,7.23299665212542e-08,-3.55714288591048e-07,-2.70997214605754e-06,0.0120673470343782,0.000256519492050987,2.16142661651865e-07,-1.0637928179732e-16,1.94530629709555e-07,7.11055099444985e-07,1.14618028955743e-07,-5.61167519898556e-17,-1.32723104053022e-07,-1.20109409439886e-06,1.73503958185251e-07,8.25773156129231e-08,2.28882048348351e-08,1.06568494099632e-08,3.41395237457267e-07,-6.7800455731361e-09,-6.90648183698973e-08,-2.4883380898436e-08,-6.28502194262466e-09,-6.12865295800317e-08,1.87209315811546e-17,-1.67429229263235e-09,2.46931346229605e-09,3.78075789690772e-08,-6.6753979744341e-09,-1.37443097063071e-17,-1.1130009961764e-08,1.93092538494991e-08,-7.31589076579376e-09,-6.74288462306001e-09,-1.77446117586669e-08,1.39684932771071e-07,-2.8919804602306e-07,4.65842606494432e-08,-8.41548414200887e-17,1.8797778825083e-07,-2.54826394959396e-07,2.00491240904986e-05,2.30636918531638e-07,-2.35064882525752e-08,-1.59234389215142e-10,3.19189119579733e-16,8.65546074645094e-17,-1.59079868020584e-10,-1.44762457845033e-07,1.91343513632912e-08,-2.82004356348602e-08,1.66883780211701e-16,-1.38662221936096e-08,-1.66093495169091e-10,-1.36049923753327e-16,-4.89828794060633e-17,6.94924308560778e-17,3.66506367198526e-08,1.08594778680668e-07,-1.59424284420101e-07,9.5302189705943e-08,4.75738424696239e-08,9.91279051038605e-08,-4.77884197684858e-07,-1.60072411664198e-16,-1.07082946446306e-07,1.90289192717086e-07,3.30630829517566e-16,5.90301174239781e-17,-1.96753320306841e-07,-9.63499044833341e-12,-7.44668856411569e-08,5.8655669941982e-08,7.53007534394239e-08,-4.06230026275718e-09,2.2384396246216e-16,-1.37196282502099e-08,8.06509013561178e-17,-4.73993248930821e-08,-2.96420873957537e-16,-8.71988575008952e-08,-4.011397298506e-18,6.94483657446169e-08,9.64939232913988e-08,6.49066378198098e-09,9.54188651543616e-08,0.000113455673419283,-4.30577556721448e-08,0.00265818056106083,6.46652057264666e-09,3.15563464171873e-08,3.15238029790416e-09,5.32582722839382e-08,-2.51163753660516e-07,-3.99023775035671e-08,-3.28678491696867e-09,-7.90347984519796e-08,1.69336674505133e-17,1.19707147358506e-06,-2.0892033447321e-07,1.32750685863017e-08,1.95309724161362e-16,1.76782260032917e-09,4.83127493785489e-08,1.7342600683803e-07,-2.42274134165091e-17,-4.65639083614065e-07,-2.25174504913022e-08,5.62600692614378e-18,-2.98503193552385e-08,4.70498967232711e-07,-1.7055047401629e-17,-1.19242642672744e-16,-2.7649441182228e-08,-1.34442817337936e-08,-7.68320263352234e-11,-1.06975059301814e-07,2.8626602139535e-08,9.30155922094318e-08,8.12421563867584e-09,1.00340442784836e-07,-1.71543882753318e-07,1.88716230142827e-15,6.93819660254034e-08,2.44387278166824e-10,6.7573370869264e-10,6.33854622387172e-08,-9.1977745114702e-17,1.52040691194636e-17,2.09172762141149e-08,-2.45432076059971e-17,5.74299762541949e-17,1.35034659190997e-07,-1.60239870584975e-07,-5.3522697139453e-06,-1.84357401360692e-09,1.25646119527373e-05,-3.37838166568251e-08,4.36080487144216e-09,2.07227033591398e-17,1.18932917843924e-08,5.58866246811456e-10,2.56954669802248e-09,-2.9035070016799e-07,3.94144695621682e-05,-7.98378051898271e-17,5.35434812116336e-17,2.13753811622902e-17,-9.06766252166726e-09,-8.75391767959874e-07,-2.55677879016525e-08,-2.28579655060923e-17,-3.75545068723194e-08,-3.46212963030762e-16,2.29533538016819e-17,5.74277917476285e-07,-1.26155018001257e-08,1.34007388519208e-16,-3.13543269076374e-08,-1.80215854882879e-07,-2.84768748568505e-17,4.94764788313158e-08,3.47598090154585e-17,1.35189890809057e-08,1.13859507926104e-16,1.35208317012925e-08,1.17266410764328e-07,4.70520284140229e-08,4.01641960017951e-09,2.779139212994e-08,-1.00087146968301e-07,4.42053286807573e-08,-1.00252921767917e-17,6.23993497836376e-06,-0.0129080534045219,1.01065449590182e-15,1.42711467898001e-08,-7.51714414145238e-09,2.83109997782467e-08,1.28286234974668e-16,2.03655277045204e-08,3.06225248300147e-07,-1.58917387299108e-16,-7.13714656773185e-08,-1.59847217114205e-08,-9.5371863988577e-09,-3.98107917470296e-17,-8.88955024985484e-17,1.62831358706491e-08,5.0662045403182e-09,4.11109079995259e-10,-4.83158641093793e-08,3.20062885990275e-09,1.37100596056171e-16,3.94616119483543e-17,1.17536373424376e-08,8.10787404847503e-11,-2.79946209718301e-16,2.87330185209886e-08,8.03609571641986e-18,2.95476260138127e-06,-5.66959780432361e-09,-3.31815425932341e-09,-2.2150786398806e-08,-4.16506691762527e-16,1.89555527151047e-17,3.91543112893762e-17,-7.54528903217592e-17,-2.36029018949854e-08,-5.45702575621531e-08,-6.00080254837953e-17,-6.06967991314528e-16,3.64395467479446e-16,0.00743335080082852,9.55581873708749e-11,-5.6593322249737e-08,-3.53483716670443e-17,1.30158470806885e-16,-3.5681093496498e-16,-1.668633824044e-07,1.00432615587468e-06,1.51046290833468e-16,6.33537844701519e-09,-2.65312567648309e-07,1.96439057302094e-17,2.12804059053226e-17,-1.68294365861569e-08,-1.72573950413389e-10,-8.39363792444512e-09,1.26676967286153e-16,9.52740320219941e-09,1.39355720154207e-08,1.50378341779655e-08,-1.38066584034756e-08,-4.92692395784916e-08,4.21105790311518e-09,6.91815964310012e-17,1.03028982281782e-15,3.73644556539602e-17,8.31200785798585e-08,-2.58359409134492e-05,-4.01276592332291e-09,-3.19624417403759e-09,2.71388450843618e-16,3.41068248946579e-17,-2.35060093935164e-16,4.51453062056721e-16,-9.8743757898487e-17,1.69754138467749e-07,-9.57989811434494e-17,1.02277373189707e-16,-2.50583892565652e-09,2.48746885394959e-17,-2.24363095259504e-09,-2.62276427955974e-17,-2.7825972289025e-09,8.61688682508976e-17,-3.39348944475527e-09,-4.25408067926114e-10,-2.69195853903386e-07,8.99030232718632e-18,1.37318996255725e-08,-7.41113995331215e-18,1.96199928714908e-08,-3.83213345589206e-07,1.92679737425071e-10,-1.06193578352934e-16,2.82194808499691e-08,1.64913524070886e-16,-6.97683608313715e-09,-3.93913789322269e-08,2.14699070696084e-17,9.80156787003723e-18,1.08454805504955e-16,2.07390727533802e-18,-1.32887307432225e-10,-1.73272359600557e-09,-3.87499996573759e-10,-2.54654590106251e-18,-1.30701313581246e-15,-4.53934900174442e-08,2.32899728268635e-07,-2.34573974675755e-16,-1.76380649638021e-16,-1.79657962377272e-09,8.68763546938056e-16,-1.27582357629684e-08,4.70151303785736e-17,1.21189546405347e-07,1.06431134278779e-17,-5.63497256817155e-17,-2.82624948542291e-17,1.35845597122781e-16,2.02283393203826e-16,-4.60405167135788e-17,1.63048622844287e-08,-1.14048866203387e-07,3.23608070884808e-17,-1.09994474990767e-08,4.19231259367125e-08,-3.12352827171984e-17,-1.49444428762335e-16,-1.18796759174957e-16,-1.35263959916216e-16,4.1691413467893e-09,6.68132652879346e-10,2.74194853741479e-16,-2.50988381765522e-15,-7.60490828711066e-09,-2.71365587307714e-08,-4.52131620083515e-09,2.13749378278049e-16,1.37719018496272e-16,-3.88111813403304e-17,-8.39887653666437e-16,6.16282632521148e-17,1.05162088525608e-16,1.63337916787955e-08,-1.54757030746277e-08,-2.98091294741145e-09,3.85574904406712e-17,-2.29089528318764e-16,-1.97897273025422e-16,-8.54238963931425e-17,1.1567596576486e-16,-3.22308271742466e-16,2.16117259703475e-16,4.43674027577753e-17,8.9024885960962e-17,2.39997233211633e-17,4.2559775169972e-17,-1.77036583406057e-16,1.64538724313938e-16,8.30925928537594e-17,1.16694768522862e-08,1.05481176535279e-17,-2.56051480927247e-15,7.96576320970383e-17,4.66208429422737e-06,-2.88888739580381e-10,7.77727369015086e-17,-4.28416878074884e-09,8.15731211648844e-06,-1.37466903526539e-16,-5.25168882171466e-16,-4.29107398491349e-08,1.78789610550188e-16,1.07481728191995e-07,1.23151227643271e-16,-1.80746756825643e-16,-2.82027421752117e-16,7.1683934734461e-16,5.50928327551283e-10,-7.57458722064374e-08,-3.89504340494459e-16,-7.62041172266638e-17,-5.27405297524248e-17,3.80902500906173e-16,2.35271871429354e-16,-1.29690730644973e-16,7.92035145700973e-17,1.39345923555911e-17,6.80792376067654e-09,2.32470268881857e-16,1.63821381960326e-16,-4.79778149027074e-17,-7.53775486896007e-16,-6.37514951231408e-16,-1.98466479580912e-16,-1.98918402278077e-08,9.09940332511873e-17,-2.86418890376599e-16,1.48974492299875e-08,6.77222405777287e-16,1.09695707433513e-15,2.21965967864345e-16,2.38522041438409e-16,1.45118554697362e-07,-1.78542396603009e-18,-9.89121450640203e-09,-4.21412766964372e-17,3.64291971266652e-16,2.23533261146397e-15,3.66477274959046e-17,-1.01276834839653e-16,-1.27904017200727e-15,3.68451776653458e-10,-3.9315476663382e-15,3.1334560970475e-16,1.47347171678558e-08,-4.72974138696709e-08,9.29110039684806e-17,3.39924242708885e-08,5.02171569205509e-09,1.83466348039083e-16,1.2395301273602e-15,-2.05430776069201e-16,-2.34837044370808e-17,1.16076451741455e-16,-1.00565524489429e-08,-8.24069060691435e-17,2.37385793328061e-15,6.81625059248589e-16,4.31039655735013e-09,-1.57527920278511e-15,8.4452027942386e-16,-5.47706213260405e-17,-1.63080914828472e-15,-2.20622144271072e-09,-2.58467809434169e-16,7.61172328711751e-09,7.02352810029821e-16,-8.73316402936521e-16,1.85439293649385e-15,-5.51695164518703e-16,-8.9446831131554e-16,-2.7657497644409e-15,-1.24679296776498e-15,-1.18491062540462e-07,1.5775155405204e-15,1.64528147465633e-15,1.61287245298743e-06,3.11047641357945e-17,-2.52112210366401e-16,2.24889857338686e-15,-2.4637890698382e-15,-2.17353802086917e-15,1.95440108718673e-15,-1.61480217015749e-07,1.56457454088675e-14,5.37389154370162e-14,0.399726279001903,4.76946879125728e-13,6.71286814154104e-14,6.00248771774183e-15,-1.64001788064071e-14,-1.10089082379269e-14,-1.55137403241639e-14,1.69330886726665e-16,1.85397181140515e-16,-1.16033987907495e-15,-7.98892613534604e-17,1.45154434007566e-15,1.38773072034666e-06,-7.14492639646251e-08,-1.96725626794621e-15,7.37951286073455e-16,-5.03088559373445e-16,4.29879325800827e-16,-1.09005686421693e-15,9.23031314852889e-17,9.04600065003755e-16,1.53940381717838e-16,3.26483510457693e-10,-7.74493235616986e-16,-1.40473714744029e-16,-5.42593398294302e-16,1.51557197642822e-16,-1.12108459208161e-10,1.19044964389319e-15,-1.06990454718083e-10,3.75149137058639e-16,2.85030496435556e-16,1.70144651859468e-16,1.8298461251592e-16,-2.06466869478175e-16,1.02444214392782e-15,-7.85363408450684e-17,1.57015843662984e-15,-2.7802662547536e-16,1.81892113305961e-16,-3.89604002057599e-16,-1.69035710701661e-17,-9.18043035156532e-16,-3.52263911091452e-18,1.46654323533686e-16,-6.66026817900202e-16,-1.27808948949505e-16,3.16071250259279e-16,5.35230567504701e-16,2.35214126275263e-16,4.20670442924376e-16,2.80817286367529e-16,3.44443605763048e-16,-8.69535102020616e-17,-1.83090384276692e-16,3.37618453199647e-11,-5.00687611836077e-16,1.86605065836629e-15,-6.35013663876994e-17,1.48197512932459e-15,1.31535891567225e-15,-3.83236529854939e-16,-5.65745315134132e-17,-1.13698003232543e-16,2.38000107388053e-16,8.54095688152535e-17,-3.89228579922296e-16,4.71704132346138e-16,-8.35474551342169e-17,1.36955750098742e-16,3.40115193668612e-16,-1.51748450805037e-15,-4.76574772370901e-17,-5.37254922550179e-10,1.37902799607193e-16,-4.74180743601687e-17,-9.98559051680287e-17,4.10721303490278e-16,-3.13514632426779e-16,2.67674063040343e-16,-1.95162785887235e-16,-1.27474478678824e-16,-1.49964192978514e-17,1.28254399169656e-10,4.94370843123062e-16,4.4437497543521e-17,-5.81166776436864e-16,-8.90282677857646e-16,1.36403410498608e-15,9.85106346055361e-16,3.39555069879707e-17,-1.70992992183402e-15,-4.60498851203883e-17,3.738223965924e-16,1.20346602933717e-15,-2.67877245002536e-15,9.55539983376387e-16,6.9836753048284e-10,9.74116568295547e-15,0.707106781186547,1.69746716532956e-15,-3.21465944141952e-15,-2.15980542776564e-09,-1.05439001118405e-15,-2.6528254543772e-16,-1.11163261365118e-15,1.95898967387132e-15,2.92679135279968e-16,-2.4113086487666e-16,1.55310923877333e-15,-3.16403407427362e-16,3.80325445844864e-16,-9.67688695178481e-18,3.63615488290606e-16,1.229550572575e-16,3.85066423316159e-16,1.44567505769003e-17,1.04507542863289e-16,-1.66826356404778e-16,-2.99443255331127e-16
"t753",-0.0368408488690469,-0.00977802279015194,0.00123189353386649,-0.107338801344587,0.0211406765215456,-0.00438660181443892,0.0234691411850515,0.000376386480801967,0.000129390112307039,-0.000417753220522482,-0.000117849942110219,-0.118847896437914,-0.0802135694637213,0.00798243860831699,0.00155200682351885,-0.00212680670106686,-0.000241760769229927,0.00234841950642099,-0.000112267667808987,0.000116184110253058,-0.00277986211202358,0.00120319726494381,-0.00495908473713887,0.12652443039821,0.0412352118710167,-0.000362598237177442,0.000353789701819848,-0.000283147410875887,0.00303693014091615,0.00169231929779835,-6.85567619845066e-06,1.46511910414822e-05,-0.00900719741686033,-9.48331579493682e-05,1.88109936739432e-06,-4.56385780771441e-06,-0.000434313789508678,1.77265973297519e-06,1.57022667340671e-05,5.20378299387198e-06,0.000428725385607659,-0.000122567646729318,0.164395700414402,0.0012379459214694,-0.00262353425573789,1.17310577798973e-05,-1.84988362647958e-05,0.000130564232904779,-9.08900373359891e-06,1.10783680217108e-05,-0.000367529722337549,3.93538707214512e-07,-4.94839326089107e-10,-1.57381602348267e-06,3.81031649229311e-07,-4.40353012181532e-06,3.59791899078895e-07,-2.63473169252014e-05,9.02232666431004e-06,-1.12976994161275e-05,-1.0778455805494e-05,1.74941284815792e-06,-5.97960942912004e-05,3.22607861686893e-05,-2.7514021189505e-06,0.00426840728567481,-2.49037551695506e-07,9.38223631078193e-06,-2.60944728193602e-05,1.04598601566373e-05,-1.32832764238753e-05,2.13757176803957e-05,-9.70303975102233e-07,-7.24328152104159e-05,3.01711466668432e-05,2.89643896832681e-08,-0.000161991968421182,3.00399222430479e-06,-1.0938842097043e-05,-1.28658263313386e-05,3.79032854281363e-06,5.68521609620911e-05,-7.16413117700064e-06,-4.5340177049143e-05,2.92678081461053e-06,0.000637479829972744,-3.97783707892736e-05,-7.15779527331031e-07,-2.34609343482799e-07,6.13800015472274e-05,-1.52333345389146e-06,4.07886010410016e-07,3.69274303758072e-06,-0.000396526379140208,-1.55576329149872e-07,-5.12466070944468e-05,-1.15956453768663e-05,2.94193017856468e-05,-4.49504954112168e-05,-1.23033068021692e-05,-2.70652072474803e-06,2.1739140187888e-06,-3.70574322745179e-06,1.37444776295328e-06,-6.00282136540225e-07,1.10684364244593e-05,-3.28520399326201e-05,0.000279271897962012,-4.90347800760002e-06,1.19168523955455e-06,5.26797201597025e-06,1.26545561020923e-05,-2.13546540962479e-05,1.93620718587538e-05,-9.88538489488801e-08,3.82083432209025e-06,-5.65504690560499e-06,6.04865195425985e-06,-6.19023464586715e-06,1.53655849031444e-05,-5.77627276494763e-05,1.42391493266892e-05,-1.3712139046995e-05,-3.76973711259323e-05,1.23019199508458e-05,-0.000119521717312906,1.21545085076859e-05,-3.90434597957701e-06,7.72665013825932e-06,0.000254819072774702,-8.07230470374826e-06,2.43913745188508e-05,-4.80704278627203e-05,-5.8929101265785e-06,2.15626122832279e-06,9.98665770450095e-06,-6.01561161775432e-08,-4.15450221375453e-05,1.36208107594121e-05,-3.92461730136643e-05,-2.5349151646048e-06,-9.86977164051047e-05,1.94684281171491e-05,1.24707057501151e-06,3.93450845145436e-06,-2.54321145697206e-07,-1.24765515869453e-05,2.02240667177524e-06,1.3445135374369e-07,-3.45225094340433e-07,-5.38250128716161e-05,-1.63088316431875e-06,-3.53157465271188e-05,1.33818132532119e-05,-4.46340183446673e-06,-3.9865202848569e-07,6.09184377702535e-06,-0.00113211954700442,-4.49719019629667e-06,-1.58455236574819e-06,-0.0018902339977331,2.51888990294352e-05,-0.000108094628611729,-0.139893939157894,-0.000146690531293302,-0.131389684183755,-5.61812030327191e-05,-9.62426443050562e-07,-4.79223087664743e-05,-7.05342824312863e-05,0.0145421812915278,-0.000293093101728623,-6.88164840046837e-06,-2.62081421798203e-06,-0.00145079163291381,-1.04845079149147e-06,-0.000232769106021791,3.38866008079678e-05,3.47656697743786e-05,0.00130839591102921,-0.00104480290459158,-0.0493756353450026,-0.000123630042385701,-2.97250291759388e-06,-4.32782208249768e-06,-5.00119160980912e-06,-5.30758074487316e-05,4.47971388768989e-06,1.9588948986882e-05,-0.000131895770388726,-2.03599715464242e-07,2.30307676087437e-07,7.77151784488149e-07,1.25867903052429e-08,8.70411278794016e-08,-7.10777173119751e-08,-1.15909218138275e-07,-4.5034752516557e-07,4.60216894922445e-08,5.51450258623502e-09,5.10112627194907e-09,3.67581736346325e-07,-1.01189775860342e-11,7.2134075524596e-08,9.94797914066759e-09,3.52557148999597e-07,-6.32193437925349e-09,-2.18748986790737e-07,2.5924950714541e-08,-1.06117352754134e-09,-5.06678749816143e-07,3.01153579782693e-05,-2.42547180465325e-06,-3.60144633646626e-08,-2.30188552206073e-08,-3.43380121091514e-08,7.57071267198292e-08,6.98075397641498e-09,-1.67265828610041e-08,-9.64972384538877e-08,-5.50866037188354e-07,5.2761210328001e-06,2.10984723727335e-07,7.08521287609068e-07,-2.00635879288806e-07,-1.04691265227033e-07,-1.10997641992519e-06,-8.49098317636816e-08,-1.40920180670073e-07,-1.19007577622524e-07,2.60238940526342e-06,1.70217710907925e-05,4.27942855836561e-08,7.21377649080768e-08,-4.04392268350666e-09,-6.85719295024957e-08,-3.68647646761946e-07,-5.20342273957842e-17,-5.82094721530004e-08,4.41726151315883e-06,-1.33528667543991e-07,-2.5337654083027e-06,-4.23877576349472e-07,5.07969621554153e-07,-8.90512052462742e-08,3.27586334958706e-06,-7.51483345766076e-09,5.09814351608017e-10,-2.4944381089931e-05,1.24194876879913e-06,-3.96296265386924e-08,5.45991367527615e-06,-2.63364661107658e-07,1.1736818946034e-07,-8.17375792484115e-09,6.60527716330822e-07,-7.23241186358113e-07,7.23685064798129e-06,2.74553308495901e-07,-6.1250900489968e-08,1.92781041750174e-06,-4.65909184001876e-07,7.61637626464701e-05,-0.0047826305988398,-1.08224757424516e-07,2.96238821030763e-08,3.47272753551965e-08,1.59540498140344e-06,-5.91832634430199e-06,3.01694313524171e-08,1.29263831641899e-08,-3.75836905187975e-08,0.000172432386651027,-8.62470254259869e-06,2.52355471967582e-06,-0.000853813906944453,2.43943510650486e-05,-4.12137813290135e-06,2.68820413875923e-05,-0.445581131567746,-6.71594913800649e-06,7.91186211438254e-15,3.6793516217151e-06,1.14132423035776e-07,1.29663935401421e-09,7.09368184631294e-06,-5.89114947879633e-08,3.24656947419877e-08,7.18898694351404e-07,-4.634835270969e-08,3.58111542399214e-07,-9.30377399445189e-07,-2.98087836402336e-08,1.88530999030597e-08,-2.30514574806369e-07,2.68751653806982e-07,-8.44304777311108e-06,7.10860573505306e-08,-6.68855707552669e-07,-3.30834136877784e-09,-5.3017022642058e-07,-7.63192788302196e-08,2.13612648302446e-07,-6.33976375166283e-09,9.33168778450344e-09,-3.48971479814884e-09,2.90254296944947e-09,4.65544382658491e-09,4.52946695473186e-09,3.95005571226764e-08,-3.98258103677556e-06,-6.79860982846363e-09,3.82632744499295e-06,-4.99855451427403e-08,1.30748721137108e-09,1.32861668104707e-08,-3.04267097096055e-08,1.2329943373184e-16,2.52619695150786e-10,2.29083370987456e-06,-1.47496574320265e-06,2.0796363788757e-06,0.0260200164538635,-5.80601675389046e-08,-3.09983756563103e-08,9.34133978556259e-08,5.16514276910191e-08,-7.30143932260393e-17,-8.82987768041938e-08,-1.12120957114487e-09,-3.38021963959071e-09,1.80972195806544e-07,2.95208038254187e-08,-2.12585185921612e-09,-8.84399880550528e-08,2.49591255778907e-08,-5.07943242828918e-05,1.84819618233915e-07,-4.0362895479308e-08,-7.59814187009508e-08,-4.12059165817434e-09,-4.26068175022904e-09,-8.17204461772986e-08,5.65425395496138e-07,-9.42927448970286e-08,-9.31918536579838e-16,-2.47495578701134e-06,2.08018777721804e-07,2.3502031131016e-06,6.7266133815369e-08,-3.3077039052327e-07,-2.51617869463426e-06,0.0111996110621544,0.000238053649827315,2.00519220164154e-07,-2.22350651804913e-16,1.80403386117254e-07,6.59326817055436e-07,1.06225512892603e-07,-7.51594689266448e-17,-1.22936843624359e-07,-1.11238669557693e-06,1.60678844714203e-07,7.64626284176816e-08,2.11883957765843e-08,9.86366657062507e-09,3.15941706687462e-07,-6.27196941336629e-09,-6.38861893958673e-08,-2.30110651363856e-08,-5.80921953325403e-09,-5.6645440041505e-08,1.01346557583559e-17,-1.54598813300521e-09,2.2796960802429e-09,3.48912201060726e-08,-6.15695758774249e-09,-4.17489200410216e-18,-1.02529240042908e-08,1.77628298285437e-08,-6.72574990897114e-09,-6.19714603408846e-09,-1.63027024878885e-08,1.28250334512018e-07,-2.65241957231326e-07,4.26127041472987e-08,6.62468966999797e-17,1.71549380786782e-07,-2.32508163367146e-07,1.82853661424984e-05,2.10222636525498e-07,-2.14248911491186e-08,-1.4510931534426e-10,-1.346145417358e-15,3.63738266610504e-17,-1.44828670955846e-10,-1.31682552864302e-07,1.74036536342258e-08,-2.56303116350009e-08,-7.11803383021633e-17,-1.25815715840128e-08,-1.50594266333673e-10,-6.14831464461182e-17,-4.66973573444813e-18,-1.92987377378403e-16,3.31534042889357e-08,9.82034027732227e-08,-1.44021069752983e-07,8.60192137320092e-08,4.29354850704283e-08,8.93797177649813e-08,-4.30842899663816e-07,-5.44157669727586e-17,-9.63591782585703e-08,1.71118047280031e-07,-3.84592163082471e-16,-1.72487787836516e-16,-1.76464868767426e-07,-8.63611694907886e-12,-6.66882979132338e-08,5.24984336532685e-08,6.73217570380543e-08,-3.63120255011923e-09,2.88366655776161e-17,-1.22606783071367e-08,2.36536317931629e-16,-4.23289911376512e-08,4.78241578283356e-16,-7.78306236907259e-08,4.80155796358748e-17,6.19460749673411e-08,8.60584357643506e-08,5.77842345737411e-09,8.49159374293872e-08,0.000100951337396835,-3.82856654019593e-08,0.00236214973104005,5.73830485578081e-09,2.80023349925451e-08,2.79613534499937e-09,4.7202108071958e-08,-2.22365719155212e-07,-3.52954337998819e-08,-2.90524208848703e-09,-6.98356409956835e-08,-1.02695940458948e-16,1.05658915824326e-06,-1.84208546857026e-07,1.16697296209447e-08,1.27780931688038e-16,1.5526789010014e-09,4.23766999919351e-08,1.52030942667682e-07,-3.23060938565423e-17,-4.08074544652204e-07,-1.97106504596816e-08,2.90710371898091e-16,-2.611436088933e-08,4.10167956892688e-07,-3.11414439298493e-16,2.18077122305739e-16,-2.40704275967063e-08,-1.17025485088091e-08,-6.68392136796209e-11,-9.29965800560143e-08,2.4846559598843e-08,8.07220992472814e-08,7.04909642471054e-09,8.68759370406748e-08,-1.48262523426624e-07,-1.14209856849623e-15,5.99253134266672e-08,2.11053161624166e-10,5.83326460901857e-10,5.46905200849859e-08,-2.20468386578766e-17,-1.23516608113472e-16,1.80357201242199e-08,2.02366254238142e-16,-1.8051589425693e-17,1.15928820578284e-07,-1.37462840938756e-07,-4.59140644605181e-06,-1.57883592075467e-09,1.07578553389329e-05,-2.89243737804941e-08,3.73236146749870e-09,1.7250611495232e-16,1.01444196532183e-08,4.76330766645609e-10,2.18952593859612e-09,-2.47102836532707e-07,3.34665808706982e-05,2.02236068635027e-16,6.23181289347724e-17,-4.41902115507094e-16,-7.67314856496507e-09,-7.39651146742759e-07,-2.16006840133301e-08,2.43074767163619e-16,-3.16807662449156e-08,-9.39247909130527e-17,7.94094722440953e-18,4.81199918030705e-07,-1.05698777130122e-08,1.54390389361936e-16,-2.62248678831629e-08,-1.50579687070711e-07,3.11917000984962e-16,4.12527514452424e-08,-7.17271166229015e-17,1.1242549041669e-08,-6.83783078076814e-17,1.12414075559748e-08,9.74789207955617e-08,3.91043105813852e-08,3.33701815318009e-09,2.30750748175062e-08,-8.28928057612774e-08,3.64785706559878e-08,-2.5177993742706e-16,5.12506699127495e-06,-0.0105963535106001,1.07197270159003e-15,1.17072485395467e-08,-6.15882192956744e-09,2.31684651853842e-08,-2.18178313866947e-16,1.65989254435759e-08,2.49384206448323e-07,1.48039394795854e-16,-5.80596622986756e-08,-1.29962283949207e-08,-7.73818589258057e-09,-9.22889206116309e-17,-1.15249423806066e-16,1.31453449627215e-08,4.08087571513265e-09,3.31000105218627e-10,-3.85033941718989e-08,2.54611790583219e-09,-6.73780503642946e-17,1.16464474089711e-16,9.33856052661318e-09,6.44090849466083e-11,2.05995644122097e-16,2.27773386770601e-08,6.16280841519751e-17,2.337445654866e-06,-4.4720473306648e-09,-2.61673481542671e-09,-1.74539141291417e-08,-2.21970899261945e-16,4.77230546926255e-18,-2.14704426658234e-16,-9.35597613889688e-17,-1.84551957020581e-08,-4.2640723877827e-08,-4.56027110976978e-16,-8.44283306702438e-16,3.03660567988219e-16,0.00579442974676981,7.44116166169834e-11,-4.39409011685226e-08,-2.80829553171388e-16,1.11103617625452e-15,7.13405029495462e-16,-1.282139198661e-07,7.71411631017101e-07,-1.64118140151025e-16,4.84513968154732e-09,-2.02542300650422e-07,5.97050575766202e-17,9.51570193882957e-18,-1.27924933222289e-08,-1.31131891129931e-10,-6.361365883021e-09,-2.96973985819586e-16,7.18836796967361e-09,1.04877127720727e-08,1.1276481508473e-08,-1.0300725129642e-08,-3.67069593201257e-08,3.1290403308778e-09,7.98911836107617e-17,-1.71582526040222e-15,1.87498575484813e-17,6.07753856249431e-08,-1.88856801090948e-05,-2.92685887307662e-09,-2.30450490448448e-09,-6.82201814525449e-16,4.18614068339193e-17,4.24684014856232e-16,-3.02211061383315e-16,3.38636154735503e-16,1.20801866724727e-07,8.15289674164515e-17,-1.86083881555556e-16,-1.77356928053089e-09,1.00954762447204e-16,-1.58751737501913e-09,2.12712877020452e-17,-1.96789198108096e-09,-2.05566228974469e-16,-2.37624035701877e-09,-2.97157140109342e-10,-1.87323670758241e-07,-8.56796319414167e-17,9.50965552508927e-09,3.08148502474646e-17,1.34382236227981e-08,-2.58446233612788e-07,1.29855804349369e-10,2.98921873397259e-16,1.8892086632278e-08,-1.05906572677495e-16,-4.61950052003098e-09,-2.60672581695886e-08,1.08764944354005e-16,5.12497800554269e-17,-2.08906883534123e-16,-1.23996904224369e-17,-8.7095594578872e-11,-1.13266923239992e-09,-2.52524574416102e-10,1.34093159950881e-16,-7.896994955395e-16,-2.91279524656005e-08,1.49339674695992e-07,2.64390166641298e-16,8.75663859838362e-18,-1.12800250891484e-09,7.10754178245064e-16,-7.97231814455195e-09,-3.25919199831141e-16,7.46464227499933e-08,-2.49984518796883e-17,-8.45178620491464e-17,5.81236222678017e-18,-4.64320093847973e-16,-1.38989955260507e-16,1.19095365453117e-16,9.72446270522888e-09,-6.79897516294545e-08,-1.4329412164359e-16,-6.47683312451386e-09,2.45541024384387e-08,7.09318726560663e-17,3.07956813536231e-16,2.54822462811631e-16,8.33148950059052e-17,2.3830316141365e-09,3.79602995062919e-10,-6.8250837830557e-16,-1.572807961478e-15,-4.29117593186215e-09,-1.52982923335261e-08,-2.54104994232495e-09,-3.31957650847888e-16,-2.30036789791441e-16,6.22101077557897e-17,3.09477360023772e-16,-2.96700553391986e-17,-3.8564257265763e-16,8.68446715667847e-09,-8.18089764349971e-09,-1.56661966586299e-09,7.86678000771585e-17,-1.59325738527637e-16,5.07695439769225e-16,1.21432769064644e-16,-2.87327054651442e-16,1.15037438146801e-15,-2.73349149791244e-17,-1.20339630920694e-16,5.04804942240857e-17,-9.89944273417942e-17,-1.71513905478998e-16,4.22440077971372e-17,-3.1098120169938e-16,-8.28966333995164e-17,5.4461437705432e-09,6.98307254371197e-17,5.46786513511034e-15,-1.2261032137945e-16,2.13405786623816e-06,-1.31628038691877e-10,-2.97548159974747e-17,-1.9463872770091e-09,3.61158339728627e-06,2.78608714292469e-16,1.2007005985334e-15,-1.83485888568948e-08,-4.62450089153461e-16,4.38387307046571e-08,-7.7419211438184e-17,3.29268748770976e-16,6.94090648066186e-16,-1.25772890567805e-15,2.05940541858593e-10,-2.81280815589496e-08,5.17253777021742e-17,2.18874660519206e-16,1.63993725387317e-16,-1.63950350232815e-16,-9.14199271839777e-16,3.19362263093861e-16,-1.24473916201286e-16,-5.87394185278017e-17,1.43442684797808e-09,-3.80675348604619e-16,-2.35148576687066e-16,-1.30452820173386e-16,1.71633853833661e-15,4.85004112309194e-16,-2.77305727642581e-16,-3.27028238808027e-09,-5.3689282286451e-17,5.7935457536074e-16,2.31305809116582e-09,-1.43492691952853e-15,-1.7630836288849e-15,-6.0071694530785e-16,-5.24532175497926e-16,4.41454987428393e-09,-3.03113392470799e-17,-3.91946959155964e-11,2.39806922671485e-16,-8.76880016346289e-16,-4.75448565693848e-15,1.04553088327861e-16,2.96983957456246e-16,2.56691327994623e-15,-2.02141004891891e-11,7.92476128282034e-15,-3.81952537136949e-16,-1.54768051854043e-09,5.09380421986657e-09,-2.52600258165089e-16,-5.27617182032949e-09,-8.58659641905791e-10,-2.95252249558512e-16,-2.29323736988143e-15,7.06089085072638e-16,-4.74784561798776e-17,-8.97142002540201e-16,4.71358689490958e-09,-5.07147364482342e-16,-4.39071137424897e-15,-9.54035420582438e-16,-2.46592734191059e-09,3.37161554422424e-15,-1.26594441877057e-15,3.00465727098515e-16,3.44615990686554e-15,1.61898894455491e-09,9.01803816190677e-16,-6.01942761443966e-09,-1.3234576591108e-15,1.56538337151138e-15,-3.68290530049634e-15,1.40478476774526e-15,1.71483326412719e-15,5.95999169529832e-15,2.54770573674712e-15,1.38511133154712e-07,-3.57939083958879e-15,-2.66442950028726e-15,-2.07925519512798e-06,6.18240016876928e-16,6.12410778089919e-16,-4.87164171759887e-15,4.98669986405045e-15,4.5020578186566e-15,-4.11081245042064e-15,2.86285371486375e-07,-3.22128175778155e-14,-1.11289001332011e-13,-0.824837625426241,-9.84536074247443e-13,-1.38700973202886e-13,-1.25229333512648e-14,3.350099866075e-14,2.20226207076359e-14,3.20716237901094e-14,-2.76702377562677e-16,-6.70814921488599e-16,2.28762547532308e-15,3.08338961933962e-16,-3.00278727278287e-15,-5.56082087728948e-06,3.15911868499357e-07,5.35953773788965e-15,-1.04542795486496e-15,1.11186004790418e-15,-1.78593349448513e-15,1.23230418924702e-15,1.32767009010534e-16,-2.29320374163602e-15,-6.4406367600203e-16,-2.79407229368069e-09,9.75303166546697e-16,2.05787882549215e-16,8.07236106474826e-16,1.86198341055755e-17,2.95117768667839e-09,-1.30002041613035e-15,-2.76010894387744e-09,-4.33177414715654e-16,-1.13311894363231e-15,2.92748287476073e-16,-4.72560277368363e-16,5.64427041078595e-16,-2.04184699280248e-15,4.88130988214599e-17,-1.64069632971225e-15,3.69224202730952e-17,-4.41466733300946e-16,-3.53703446200019e-17,-2.30048184358939e-17,8.8705825162326e-16,1.30865794279338e-17,-2.56274659710614e-16,7.9855800994321e-16,1.79613142520385e-16,8.07702191778799e-16,-8.71923188704282e-16,-2.24736418704102e-16,1.9147010366094e-16,-1.94775768489149e-16,-9.68914037305473e-16,-1.11018773632456e-16,7.44307224279163e-16,1.37495808114231e-10,1.15826874008212e-15,-3.01818508748049e-15,8.33199082443906e-17,-6.26035903012413e-16,5.16464183920732e-17,8.03050146597265e-16,-7.02413600955495e-16,6.47189551970167e-17,-4.72254099436603e-16,-1.41068909240816e-16,-2.33905776692023e-15,1.61091224865098e-16,2.45651593484516e-16,6.62589610650669e-17,-4.81832367313691e-16,4.42315729742973e-16,1.60215650595766e-18,-1.57143982596986e-09,-1.38143792796654e-16,-3.05030822184895e-16,-2.59283831581512e-16,2.6491730918016e-16,4.95059400237833e-16,3.7198781392495e-16,2.20677652924501e-16,3.05797161169633e-18,-2.72743119780412e-17,3.06217500995697e-10,2.28070858792656e-16,2.06788212860829e-17,7.16570069594099e-17,6.49167000731416e-17,3.81157490509562e-17,1.36895363645572e-16,1.16404498728396e-16,5.49318826097586e-16,-1.11741652501078e-16,8.29699234451033e-16,-6.27830390103156e-18,1.39385566792931e-17,3.07081339339593e-17,1.45437162785566e-09,1.82342974508403e-16,3.47863743771381e-16,-4.2110063538152e-16,-5.43835809718729e-16,-4.27991146217379e-09,-4.5045238365941e-17,-2.91182830576862e-16,-1.88529221934408e-16,-1.98141931870067e-16,-6.10268863494928e-17,-8.35233395320531e-17,-4.7409500091775e-16,6.33470683088125e-18,-2.32300807550019e-16,-2.26282611390136e-16,1.13322309074387e-16,7.69836299179824e-17,-2.23878131504556e-17,2.11700077680653e-17,-9.49513861518357e-18,5.83999017622606e-16,-1.0888705952028e-16
"t480",-0.0368237329828661,-0.00976844026273426,0.00123064715155967,-0.107193159378434,0.0211055370653836,-0.00437804328475782,0.0234224493008385,0.000375577884738541,0.000129061605144535,-0.000416466015679275,-0.00011738864076632,-0.118273899101807,-0.0798147469984522,0.0079421444712204,0.00154382828914271,-0.00211493211742793,-0.000240378431869976,0.00233474624921948,-0.000111598736955173,0.000115431439527611,-0.00276036705017876,0.00119298956941688,-0.00491462044736904,0.125383409645524,0.0408618598951291,-0.000359156232752568,0.000350390965889196,-0.000280402505197111,0.00300668649667876,0.00167235721132905,-6.76932605995092e-06,1.44580688636792e-05,-0.00887969109655585,-9.34254157679908e-05,1.85171145545889e-06,-4.48669657406666e-06,-0.000426874975012711,1.74180121433101e-06,1.54270066956078e-05,5.11116198482564e-06,0.00042086840123793,-0.000120265228622409,0.161259996095436,0.00121430343899499,-0.00257252603829261,1.14878927027674e-05,-1.81080250180091e-05,0.000127781352385453,-8.89046766486997e-06,1.08299822614585e-05,-0.000359003946185314,3.84265976235457e-07,-4.8315320527247e-10,-1.53592870942576e-06,3.71514349093102e-07,-4.29293362787302e-06,3.49850116197843e-07,-2.56008445950722e-05,8.76595028777824e-06,-1.09570016071552e-05,-1.04390090438343e-05,1.69314924104869e-06,-5.78403872936198e-05,3.12012169382716e-05,-2.65821288419139e-06,0.00411987032455932,-2.39854419321559e-07,9.02741685181444e-06,-2.50961692091893e-05,1.00513744650223e-05,-1.27078066220843e-05,2.03784294047949e-05,-9.24530309112925e-07,-6.89377631719497e-05,2.8711225226262e-05,2.7549282188599e-08,-0.000154047266973884,2.85389628559632e-06,-1.03692572606653e-05,-1.21848634397708e-05,3.58411982928361e-06,5.37408951284156e-05,-6.75509519490856e-06,-4.27187997975509e-05,2.74842674206665e-06,0.000598083157977538,-3.72852025682996e-05,-6.70815134989975e-07,-2.19862750160505e-07,5.75161670702123e-05,-1.42692957332688e-06,3.80768708990037e-07,3.44614671034151e-06,-0.000369251455110974,-1.44330107599251e-07,-4.7514783038127e-05,-1.07509507780639e-05,2.72361810480863e-05,-4.15920171828628e-05,-1.13603175275661e-05,-2.49478441496106e-06,2.00353639040133e-06,-3.41471859376069e-06,1.25644928198533e-06,-5.48411006742305e-07,1.01071597184908e-05,-2.99732647560238e-05,0.000254738746492586,-4.4708235718374e-06,1.08583725079664e-06,4.79904869061994e-06,1.15136525499084e-05,-1.94264474137307e-05,1.75550005474063e-05,-8.95632361756106e-08,3.4562498465847e-06,-5.11177955081563e-06,5.456753587353e-06,-5.57374942205656e-06,1.38150864302642e-05,-5.1890643866482e-05,1.27544064660358e-05,-1.22589625155547e-05,-3.36998317664626e-05,1.09943571694488e-05,-0.000106606548773222,1.08393336601242e-05,-3.4758944061194e-06,6.84447553244379e-06,0.000225712891590952,-7.14732154063483e-06,2.1522594898017e-05,-4.23879134823012e-05,-5.19373923288105e-06,1.89657974441498e-06,8.78146730835367e-06,-5.26666132130291e-08,-3.62429579157627e-05,1.18235958926398e-05,-3.40629500796759e-05,-2.19823320361381e-06,-8.55511610041437e-05,1.68632308091256e-05,1.07989777991784e-06,3.40706574319951e-06,-2.19796468003025e-07,-1.07402206674562e-05,1.7338328490756e-06,1.15147657999371e-07,-2.94982022108147e-07,-4.59830307388814e-05,-1.39204460082192e-06,-3.01281547979743e-05,1.14093567092615e-05,-3.78454507703838e-06,-3.37716889729237e-07,5.15740401007577e-06,-0.000944263343203642,-3.73682648999527e-06,-1.31587433139871e-06,-0.00156462431880461,2.08358645316718e-05,-8.90346491440036e-05,-0.115166747495915,-0.000120251910145834,-0.107261775959618,-4.5296808354671e-05,-7.75619040684407e-07,-3.86160944123902e-05,-5.67374965191951e-05,0.011673533275392,-0.000235206070817147,-5.49966597475472e-06,-2.09174793145098e-06,-0.0011546095762788,-8.33816651380384e-07,-0.000185050344701253,2.67568444097776e-05,2.72533344904724e-05,0.00102437514955196,-0.000817011483249465,-0.0384713326247724,-9.61918376379909e-05,-2.30959457742687e-06,-3.3582523148837e-06,-3.86353902026642e-06,-4.09566380104777e-05,3.42303703021801e-06,1.49633421910963e-05,-0.00010041164239717,-1.53534121074902e-07,1.72266943266331e-07,5.7963583505616e-07,9.347351182247e-09,6.4428797338285e-08,-5.20923485248038e-08,-8.47624883937683e-08,-3.27785167750531e-07,3.34170993084944e-08,3.92875954541629e-09,3.63089671487477e-09,2.59441196931288e-07,-7.08188350464353e-12,4.94137127321699e-08,6.8139304844857e-09,2.40993532397207e-07,-4.29417496406362e-09,-1.47924067234878e-07,1.73198687675443e-08,-6.97964098823545e-10,-3.28930032200022e-07,1.94699360342306e-05,-1.53821171091267e-06,-2.25872689872684e-08,-1.44324850405294e-08,-2.13385094076923e-08,4.59505458671372e-08,4.21713622362624e-09,-9.84513021629286e-09,-5.57268310405392e-08,-3.15969906459807e-07,2.93918801537914e-06,1.16683991226821e-07,3.88684578774122e-07,-1.07278056314592e-07,-5.56777922100715e-08,-5.89535037374825e-07,-4.37511289370912e-08,-7.12141571133138e-08,-5.87963075820683e-08,1.27213774455836e-06,8.22770329817373e-06,2.04632748172633e-08,3.43879517418029e-08,-1.87151984798442e-09,-3.11260780157471e-08,-1.63716873317507e-07,3.43475143032651e-17,-2.50098228030967e-08,1.88489253198643e-06,-5.41961734425004e-08,-9.86149431506427e-07,-1.58969980172474e-07,1.90069359067838e-07,-3.08780223749197e-08,1.12030909470879e-06,-2.5534183927213e-09,1.67786017561716e-10,-8.02646640433299e-06,3.82657889362517e-07,-1.1965784700744e-08,1.63455786300953e-06,-7.50900748163251e-08,2.5957721945326e-08,-1.60786553884441e-09,1.15950238064442e-07,-9.17300355569844e-08,8.91694208966439e-07,2.37727122858866e-08,-3.9886965442134e-09,6.40876813066599e-08,-1.05750954187431e-08,8.73569871130731e-07,2.1105089943981e-05,3.09735055368127e-09,-9.31227368323484e-10,-3.37384674689629e-09,-1.57515614452853e-07,5.94832255003403e-07,-3.6051414127518e-09,-1.63765268275173e-09,5.63943847274272e-09,-2.6636511445124e-05,2.70106739564931e-06,-8.3959736138897e-07,0.000297563074247453,-9.4147260922587e-06,1.71897184091635e-06,-1.3217368304376e-05,0.229281456413099,3.58015758929149e-06,-3.42022227417203e-15,-2.20632747355142e-06,-6.94804094857402e-08,-8.28651821955586e-10,-5.06994335964437e-06,4.62144123860237e-08,-2.65985265533116e-08,-6.01668619096546e-07,5.06976734890626e-08,-3.98417317434723e-07,1.03984088201405e-06,3.59865526484152e-08,-2.83341848847412e-08,3.59946484913391e-07,-4.31008516033562e-07,1.47987292415508e-05,-1.78228434457948e-07,1.97817375294142e-06,9.88327045161367e-09,1.58857461483414e-06,3.73843915195968e-07,-2.79270588567337e-06,1.03852079553141e-07,-2.42260580771635e-07,3.15248680986674e-07,-1.13154395325637e-06,6.44101396277344e-08,5.77858260219432e-08,4.39633394507648e-07,-4.06741064519301e-05,-5.39511732298243e-08,2.37716190713933e-05,-2.51542163844601e-07,6.01099761611053e-09,5.23291590360289e-08,-8.38358307143055e-08,1.43577167622678e-16,-1.54682315802873e-09,-2.00774085454845e-05,2.44856578022828e-05,-3.53115698210828e-05,-0.452622149389592,1.23847786229408e-06,1.08024516430654e-06,-9.72831404520266e-06,2.25401126995581e-06,1.85148710298287e-15,-1.13031501415157e-06,-1.33885771513194e-08,-3.55311388499914e-08,1.87657742117399e-06,2.4349452345723e-07,-1.59362803883994e-08,-5.93081452077775e-07,1.56882003334418e-07,-0.000284183743690265,9.48356647980062e-07,-1.97476154497811e-07,-3.62665148761718e-07,-1.93814919888022e-08,-1.9547869214054e-08,-3.73936752937617e-07,2.54449245054987e-06,-4.19060573547383e-07,-9.45882571118378e-17,-1.01269970982718e-05,8.38391563022208e-07,9.4707964220257e-06,2.60476069794104e-07,-1.27362326715141e-06,-9.10085392996338e-06,0.0398706123130003,0.000844896805042223,7.03710094787347e-07,-1.10983951654356e-15,6.25327584987438e-07,2.27518047952297e-06,3.60669449403822e-07,5.67473857601086e-16,-4.10542209129401e-07,-3.70075760970016e-06,5.33520882583909e-07,2.52883204544276e-07,6.96201267853379e-08,3.22544149021729e-08,1.02932015110741e-06,-2.0216669998763e-08,-2.05671736089612e-07,-7.35583859858567e-08,-1.8348515259966e-08,-1.78808580311491e-07,2.24974758085973e-16,-4.77419148956643e-09,7.01450343625662e-09,1.06524834385524e-07,-1.85853387691093e-08,6.19364622264197e-17,-3.02553963264398e-08,5.12310991214373e-08,-1.92151126740644e-08,-1.76296044253784e-08,-4.61472625869983e-08,3.59817169038848e-07,-7.34166188539617e-07,1.14562328308357e-07,-8.14035028142898e-17,4.5144422717678e-07,-6.10825101139819e-07,4.78718517459346e-05,5.47833360786393e-07,-5.58132229085639e-08,-3.77540967345849e-10,-1.97758476261356e-16,2.71543465462075e-16,-3.74183498688184e-10,-3.3828770607577e-07,4.46787594480827e-08,-6.5484835357474e-08,2.92163448740836e-16,-3.18398568672461e-08,-3.79631668181105e-10,-2.79512937576293e-16,1.64245585880632e-16,3.08519132719625e-17,8.26810045114794e-08,2.44606787898446e-07,-3.57287838727963e-07,2.12726132031002e-07,1.06142284993927e-07,2.20282034974756e-07,-1.06148214350004e-06,-7.70473742811771e-18,-2.36130884970687e-07,4.1863542886661e-07,-1.58446888178859e-16,-1.44768266040263e-16,-4.29403397370923e-07,-2.09928043944812e-11,-1.61907393397546e-07,1.27362956060367e-07,1.63128200190689e-07,-8.79732378102337e-09,-2.21350301197587e-16,-2.96974383685742e-08,-1.35733965540735e-16,-1.02470411685036e-07,-5.25187532351978e-16,-1.88347943385503e-07,9.96522078040378e-17,1.49854182472913e-07,2.08171826758638e-07,1.39713120916158e-08,2.05310037292631e-07,0.000244080954269791,-9.2573564260838e-08,0.00571237347420568,1.38850296402682e-08,6.77579768989104e-08,6.76761994466051e-09,1.14309967418582e-07,-5.3901380488013e-07,-8.56381507337707e-08,-7.0551418339995e-09,-1.69668060139054e-07,-6.19608084998528e-17,2.57105167144729e-06,-4.49016739722809e-07,2.86174904500921e-08,4.91598625040179e-16,3.81550421172588e-09,1.04490925308961e-07,3.75458642701866e-07,3.86300718163753e-16,-1.00862543754372e-06,-4.88872890382952e-08,-1.30330583933944e-16,-6.48873520797279e-08,1.03187601252073e-06,7.16836799605628e-16,-1.09928560544803e-17,-6.08954184092405e-08,-2.962166473447e-08,-1.69608819951792e-10,-2.36708370045401e-07,6.37099060718823e-08,2.07120055143706e-07,1.81040472808203e-08,2.25589858715872e-07,-3.88833922311362e-07,3.29228831696948e-15,1.57789399135776e-07,5.56113692838434e-10,1.54086643333393e-09,1.44909398936642e-07,-2.85957445339713e-16,-1.82965424641283e-16,4.7995034232188e-08,-1.16683039422159e-16,-5.67836708067244e-16,3.18179319548161e-07,-3.79576170614937e-07,-1.26798978589324e-05,-4.42219340503103e-09,3.01924172829104e-05,-8.12126946406241e-08,1.05091545681345e-08,4.45054768284271e-17,2.95239643417046e-08,1.3972573922697e-09,6.43987421635545e-09,-7.36918159589147e-07,0.000102626785474071,-7.61997820244362e-16,4.1810339095722e-16,-8.70062705804193e-17,-2.46689398557483e-08,-2.43477419289954e-06,-7.12391615314195e-08,2.95847412533556e-16,-1.07145420255964e-07,3.53439345576017e-16,1.6660113525428e-16,1.88342505715353e-06,-4.14667420522965e-08,4.52329146360952e-16,-1.08011557741431e-07,-6.40080797987497e-07,3.98243158388858e-15,1.88775974644179e-07,2.97670720998393e-16,5.74387398813024e-08,5.76182824197133e-16,5.80885646335386e-08,5.08257816193229e-07,2.06015207894437e-07,1.78431324775967e-08,1.27791103016375e-07,-5.38087264303653e-07,3.32522030865392e-07,-3.52441157649535e-15,0.000135262447227493,-0.36806662505548,3.3053500563062e-14,7.24890177826898e-07,7.20661912710712e-07,-7.04618352808891e-07,1.18083611021301e-15,-1.23060872154932e-07,-1.56325442362753e-06,-2.63407846338014e-16,2.97427902223059e-07,6.06816720152209e-08,2.63178874366612e-08,-1.52298915375758e-16,3.04646547213539e-16,-2.29630680715852e-08,-5.3916865640225e-09,-4.12453793973563e-10,8.00370560327557e-09,-2.57060418398677e-10,-3.19011776268869e-17,1.82354343451322e-16,-3.11156662136235e-10,-1.61370590654124e-12,8.189126477703e-16,1.78615810940145e-09,-2.79416181302681e-16,3.93979697081595e-07,-1.24855379172601e-09,-7.49850478978006e-10,-5.49727170511485e-09,5.0314839471207e-16,-1.07565604782407e-16,-3.82981147768422e-16,5.43735530448101e-16,-1.00966291699673e-08,-2.42218871390672e-08,-9.29722141276431e-16,-5.98945362882804e-16,-8.04313463867542e-17,0.00417324285856331,7.25258006994584e-13,-2.72876562882667e-08,2.3001075091922e-16,3.52474126275037e-15,1.85203415103974e-15,-1.0322740060636e-07,6.24870427499772e-07,2.80434654691687e-16,4.17945639660425e-09,-1.78719874662618e-07,3.99948995990079e-16,3.18678054149159e-16,-1.18492579699174e-08,-1.21904574736351e-10,-6.06669539853517e-09,2.01037656514112e-16,7.1280453146905e-09,1.06075026321424e-08,1.17036287013244e-08,-1.10429324245035e-08,-3.96755875291462e-08,3.43263576045939e-09,-7.30062192631749e-17,-1.14261217480499e-15,-1.51899269018133e-16,7.17904873558119e-08,-2.23312995789982e-05,-3.48986818677077e-09,-2.85828402507402e-09,1.68147142856633e-16,-1.36368803565405e-15,-1.39165113248541e-15,-6.72339151042834e-16,1.13903948181611e-15,1.55521507516238e-07,-1.49031756051509e-15,-5.89854321381736e-16,-2.31486890845213e-09,-2.91358175060614e-15,-2.07352621427006e-09,-1.17227953794751e-15,-2.57346443203343e-09,1.40249983305459e-16,-3.17915063851605e-09,-3.99668448252926e-10,-2.53962911762668e-07,-1.8796804562884e-15,1.30179773745407e-08,3.02952452197329e-16,1.8781194154847e-08,-3.70823791228024e-07,1.86529600705516e-10,1.66862384152118e-16,2.7423285351821e-08,-4.14097509453823e-15,-6.81710093189905e-09,-3.84991555842684e-08,5.96296895074624e-15,-5.39811172117242e-15,6.41129505954143e-15,3.8256624819286e-15,-1.30401579916296e-10,-1.70187192629205e-09,-3.81025823073142e-10,1.083649267142e-13,0.70710678118655,-4.48435542976685e-08,2.30121251275014e-07,4.83138259870418e-14,1.13603056564604e-17,-1.78327194746083e-09,1.65212279219674e-15,-1.26739361964041e-08,1.09344851288498e-14,1.20630442775311e-07,1.11032234439118e-15,4.94763482484198e-15,-9.25985382409248e-16,4.16280385077338e-16,2.85064337736183e-15,-1.49162167579819e-15,1.62719498920087e-08,-1.13821054759121e-07,2.48153552666846e-16,-1.09823394542476e-08,4.18627510996313e-08,1.41353928864285e-15,3.23814623013775e-15,-2.71857783644849e-15,-9.74339758343163e-16,4.16323790708077e-09,6.67117142694927e-10,2.86230840687317e-15,-3.81559384880542e-16,-7.59206456096421e-09,-2.70900342148577e-08,-4.51314240875953e-09,-7.14484509178187e-16,1.20388938621916e-15,-5.22095215019064e-16,1.58222175273329e-15,5.26102462843982e-17,-2.76598769652689e-16,1.62556303226048e-08,-1.53950972569006e-08,-2.96405729755263e-09,5.2835612240156e-16,7.44159968348721e-17,-2.7111457401777e-15,-1.34803190023589e-17,4.7135703853945e-16,-2.56661892569694e-16,4.590866857672e-16,-4.08727664353547e-21,-9.76555591548144e-16,-4.9128345671952e-16,8.31904381254719e-17,-1.35896845442754e-16,9.52180190848664e-16,-9.26089210918097e-16,1.14686514966889e-08,-7.02059763379458e-17,-1.02236213855544e-15,-6.46125146407825e-16,4.57180457069009e-06,-2.83144010243192e-10,3.03523971509368e-16,-4.1975795916321e-09,7.9684225460163e-06,-3.42687261752806e-16,1.38863764437128e-16,-4.17442709215622e-08,-2.0020536417588e-16,1.03967671282208e-07,-4.72333025526745e-17,-3.96754891965313e-16,3.0098375802736e-17,3.71895612677269e-16,5.27351870375113e-10,-7.24474042988243e-08,-3.71328661396548e-17,1.01305894005032e-16,4.96316142247889e-16,-3.95842151199172e-16,-1.45716771982052e-15,6.07254795528965e-16,-2.31029385815669e-16,5.98033012949813e-17,6.14464920652321e-09,-2.31615163353117e-16,2.02351939081261e-16,-1.09881461679782e-16,7.97044456495849e-17,5.85112174879781e-16,1.10220148668808e-15,-1.76229622641754e-08,-3.00055107713998e-16,-4.40709880985754e-17,1.31487649268639e-08,3.6657871674966e-16,5.38685174306882e-17,-4.28314603217768e-16,-3.04659017410231e-16,1.21365906910537e-07,2.44885079086895e-16,-8.17348068978057e-09,-5.51419592107677e-16,-5.50936056830794e-16,6.24933413791088e-17,-7.283551610145e-17,-1.72091404990082e-17,4.87380873764066e-16,2.96226933047795e-10,4.15356197568521e-16,3.53004567330523e-16,1.15631998953293e-08,-3.70687040758622e-08,-1.3848598309256e-19,2.60187594992037e-08,3.81315014537298e-09,-4.03182704866078e-16,-3.92359386017582e-16,1.5487852889021e-16,2.54812882341764e-17,3.39047940242737e-16,-6.46672164149655e-09,9.92917292631892e-17,7.43424836201011e-16,9.28904985054103e-17,2.59608142078016e-09,-2.57857154043913e-16,-1.66484037154546e-17,5.43540089707974e-17,-1.33621059319942e-16,-1.18759690939794e-09,2.33311355219228e-16,3.92535356379731e-09,-1.31825786601237e-16,3.42726517161496e-16,-8.35020617643561e-17,3.63586135424937e-16,3.25633236982534e-17,5.79432148452909e-17,-2.28344408243338e-16,-4.32815750729501e-08,2.35420098780812e-16,2.22094644023161e-16,5.11818602775917e-07,-1.82636824075332e-17,-3.18866251403882e-17,-2.20426518658048e-16,4.60364103575016e-16,-1.98990037078832e-16,-1.70635391391867e-16,-2.00336665160779e-08,-7.35587413664511e-17,6.39769827722497e-16,0.00310164492706686,3.67829249340338e-15,7.45907938029966e-16,4.67737611730476e-16,-1.33030953598614e-16,2.00898365502308e-17,-1.91125950987507e-16,-1.81099826250853e-16,1.09669297301547e-17,2.17239527831185e-17,-8.8555847211035e-17,2.94063057874058e-16,-1.07065805490376e-06,6.70054029668237e-08,2.54014468964655e-16,6.49416606270192e-17,-7.39099824779106e-17,2.43914646426543e-16,3.664603343001e-16,-3.15312239316969e-16,1.47625158438747e-16,-3.2624979531974e-16,-8.48453797800735e-10,1.89889544422448e-16,1.82964550428998e-17,1.21803399361919e-17,-3.62288404385052e-17,1.09143011769371e-09,-9.25394221863989e-17,-1.19880466823816e-09,-1.11232015199527e-17,1.16955447955881e-16,-2.4867745949797e-16,-1.12202443148975e-16,1.04873689455412e-16,4.07278669420001e-16,-2.18090486898311e-16,2.36926103251996e-16,-9.84580966789873e-17,6.60961876609712e-18,-1.15713883439534e-16,1.62969860112984e-16,-3.79209570368714e-17,-1.73827564621737e-16,-2.25408051269963e-17,1.17163157533702e-17,-3.3222876894252e-16,-8.13030714703016e-17,-4.30461667745888e-17,1.88814293962853e-16,-4.25007251614318e-16,-1.31775052110019e-16,-5.39225245847364e-17,9.27157576117947e-17,2.27310803731958e-16,8.37008908388992e-11,1.40605663517778e-16,4.43592518506356e-16,1.28661609283541e-16,-1.14159525196239e-16,-5.9959504131507e-18,-8.73490185776803e-17,9.08878356295231e-17,-2.56698417139077e-16,1.66088985528056e-17,-1.59595197313723e-17,6.55074952615742e-16,7.95819685296269e-18,3.97026684404014e-17,-1.45800388664538e-16,-7.24422049095854e-17,1.2485612473572e-16,5.49375626965209e-18,-1.08487615300465e-09,7.38401846071214e-17,-9.72726539197989e-17,1.09206430073198e-16,-2.95888201958223e-17,1.97241653988252e-17,2.39185328704648e-17,3.82941370246342e-17,2.20308616329448e-16,2.70538348232034e-17,2.31416948652331e-10,-1.07743315941255e-17,6.13535007113998e-17,-2.05717666029209e-17,5.61312865585477e-17,9.51587108025778e-17,1.42581953477625e-16,-4.11394563842892e-17,1.83790091925272e-16,1.31650543493327e-17,-1.04120639273328e-16,-1.35729925169766e-16,1.06004391379151e-16,-6.20094447050199e-17,1.17501222983645e-09,1.67628093504955e-16,9.16238469566821e-16,-6.23170159209061e-17,-8.69963823202369e-16,-3.54687872265143e-09,-1.00862951264249e-16,2.90881848117982e-17,1.65605547024299e-16,2.3503767554786e-16,9.03861015082756e-17,2.33967433422823e-16,2.56004018174886e-16,4.69477363688242e-17,-1.03685430922001e-17,2.19451908852338e-17,-3.09721290876527e-17,-4.0429231303248e-17,-7.61209398056248e-17,-8.08999198616729e-18,-1.64815500216924e-17,8.74454801016924e-17,-1.80963415783469e-16
"t368",-0.0368237329828661,-0.00976844026273427,0.00123064715155967,-0.107193159378434,0.0211055370653836,-0.00437804328475781,0.0234224493008385,0.000375577884738541,0.00012906160514456,-0.000416466015679262,-0.000117388640766312,-0.118273899101807,-0.0798147469984522,0.0079421444712204,0.00154382828914272,-0.00211493211742793,-0.000240378431869968,0.00233474624921945,-0.000111598736955175,0.000115431439527604,-0.00276036705017877,0.00119298956941686,-0.00491462044736904,0.125383409645524,0.0408618598951291,-0.000359156232752588,0.000350390965889193,-0.000280402505197094,0.00300668649667877,0.00167235721132903,-6.76932605997276e-06,1.44580688636749e-05,-0.00887969109655587,-9.34254157679602e-05,1.85171145543013e-06,-4.48669657407689e-06,-0.000426874975012697,1.74180121434137e-06,1.54270066956351e-05,5.11116198482337e-06,0.000420868401237922,-0.000120265228622423,0.161259996095436,0.001214303438995,-0.00257252603829261,1.14878927027677e-05,-1.81080250180011e-05,0.000127781352385483,-8.8904676648618e-06,1.08299822614656e-05,-0.000359003946185308,3.84265976217039e-07,-4.83153201020418e-10,-1.53592870945699e-06,3.71514349088066e-07,-4.29293362785368e-06,3.49850116198662e-07,-2.56008445950982e-05,8.76595028778922e-06,-1.09570016071684e-05,-1.04390090438308e-05,1.69314924104285e-06,-5.78403872936589e-05,3.12012169382821e-05,-2.65821288419988e-06,0.00411987032455933,-2.39854419325261e-07,9.02741685180542e-06,-2.50961692091566e-05,1.00513744650273e-05,-1.27078066220723e-05,2.0378429404823e-05,-9.24530309078227e-07,-6.8937763171964e-05,2.87112252262538e-05,2.75492821779679e-08,-0.000154047266973884,2.85389628561968e-06,-1.03692572606649e-05,-1.21848634397841e-05,3.58411982928783e-06,5.37408951284406e-05,-6.75509519492546e-06,-4.27187997975751e-05,2.74842674208601e-06,0.000598083157977584,-3.72852025683195e-05,-6.70815134985849e-07,-2.19862750155209e-07,5.75161670702228e-05,-1.42692957331855e-06,3.80768708995241e-07,3.44614671033859e-06,-0.000369251455110979,-1.44330107583019e-07,-4.75147830381088e-05,-1.07509507780604e-05,2.72361810480814e-05,-4.15920171828815e-05,-1.13603175275484e-05,-2.4947844149318e-06,2.00353639041229e-06,-3.41471859375725e-06,1.25644928195645e-06,-5.48411006757437e-07,1.01071597184695e-05,-2.99732647560573e-05,0.000254738746492552,-4.47082357183891e-06,1.08583725075945e-06,4.79904869062972e-06,1.1513652549855e-05,-1.94264474137169e-05,1.75550005473951e-05,-8.95632361916911e-08,3.4562498466294e-06,-5.11177955085669e-06,5.45675358734651e-06,-5.57374942205429e-06,1.38150864302736e-05,-5.18906438664523e-05,1.27544064660312e-05,-1.2258962515553e-05,-3.36998317664647e-05,1.09943571693716e-05,-0.000106606548773198,1.08393336601502e-05,-3.47589440610254e-06,6.84447553244226e-06,0.000225712891590949,-7.14732154060425e-06,2.15225948980225e-05,-4.23879134823127e-05,-5.19373923287873e-06,1.89657974444717e-06,8.78146730836391e-06,-5.26666132180534e-08,-3.62429579157541e-05,1.18235958926292e-05,-3.40629500796215e-05,-2.19823320361081e-06,-8.55511610041365e-05,1.68632308091164e-05,1.07989777991718e-06,3.4070657431815e-06,-2.19796467995372e-07,-1.07402206674502e-05,1.7338328491138e-06,1.15147657962741e-07,-2.94982022093905e-07,-4.59830307389922e-05,-1.39204460084189e-06,-3.01281547979763e-05,1.14093567092635e-05,-3.78454507701186e-06,-3.37716889741876e-07,5.15740401011019e-06,-0.00094426334320366,-3.73682648996514e-06,-1.31587433136956e-06,-0.00156462431880464,2.08358645316405e-05,-8.90346491440009e-05,-0.115166747495915,-0.000120251910145866,-0.107261775959618,-4.52968083546787e-05,-7.75619040686842e-07,-3.86160944123939e-05,-5.67374965192076e-05,0.011673533275392,-0.000235206070817167,-5.49966597479114e-06,-2.09174793145049e-06,-0.00115460957627879,-8.33816651381893e-07,-0.00018505034470127,2.67568444097187e-05,2.72533344904868e-05,0.00102437514955206,-0.000817011483249473,-0.0384713326247724,-9.61918376380063e-05,-2.30959457741521e-06,-3.35825231483615e-06,-3.86353902028042e-06,-4.09566380104583e-05,3.42303703022616e-06,1.49633421910919e-05,-0.000100411642397041,-1.53534121084842e-07,1.72266943292413e-07,5.79635835046613e-07,9.34735118588818e-09,6.44287973388311e-08,-5.20923485273616e-08,-8.47624883913005e-08,-3.27785167854682e-07,3.34170992894434e-08,3.92875954175797e-09,3.63089671612075e-09,2.59441196913976e-07,-7.08189223685756e-12,4.94137127538404e-08,6.81393051606881e-09,2.40993532417102e-07,-4.29417499311685e-09,-1.47924067278246e-07,1.73198687667159e-08,-6.97964056482035e-10,-3.28930032204097e-07,1.94699360343151e-05,-1.5382117108902e-06,-2.25872690399266e-08,-1.44324849949044e-08,-2.13385094393795e-08,4.59505458586542e-08,4.21713626751597e-09,-9.8451302311604e-09,-5.57268310687314e-08,-3.15969906481446e-07,2.93918801538869e-06,1.16683991283759e-07,3.8868457879996e-07,-1.07278056304884e-07,-5.56777922179988e-08,-5.89535037377661e-07,-4.3751128963251e-08,-7.12141571249651e-08,-5.87963075976187e-08,1.27213774456872e-06,8.22770329820348e-06,2.04632748399699e-08,3.4387951744524e-08,-1.87151989944109e-09,-3.11260780251513e-08,-1.63716873301377e-07,7.00727317755878e-17,-2.500982283867e-08,1.88489253192137e-06,-5.41961734452303e-08,-9.86149431522959e-07,-1.58969980217363e-07,1.90069359033235e-07,-3.08780224311947e-08,1.12030909457412e-06,-2.55341841860667e-09,1.67786089049196e-10,-8.0264664043742e-06,3.82657889448349e-07,-1.19657846985105e-08,1.63455786302908e-06,-7.50900747802747e-08,2.59577220699075e-08,-1.60786542933999e-09,1.15950238051165e-07,-9.17300355724231e-08,8.91694208922611e-07,2.37727122993975e-08,-3.98869652485178e-09,6.40876812968029e-08,-1.0575095355516e-08,8.73569871160784e-07,2.11050899440485e-05,3.09735050574626e-09,-9.31227418049838e-10,-3.37384670655794e-09,-1.57515614442821e-07,5.94832254997097e-07,-3.6051414903948e-09,-1.63765271504721e-09,5.63943839830656e-09,-2.66365114450734e-05,2.7010673957406e-06,-8.39597361408915e-07,0.000297563074247371,-9.41472609226702e-06,1.71897184086701e-06,-1.32173683046051e-05,0.229281456413101,3.58015758919938e-06,-3.43265104169478e-15,-2.20632747346019e-06,-6.94804093688155e-08,-8.28651846940252e-10,-5.06994335969515e-06,4.62144124242996e-08,-2.65985265183004e-08,-6.01668619126222e-07,5.06976735092328e-08,-3.98417317470585e-07,1.03984088199755e-06,3.59865526715805e-08,-2.83341847525885e-08,3.59946485004232e-07,-4.31008516082728e-07,1.47987292415516e-05,-1.78228434482175e-07,1.97817375275191e-06,9.88327039140434e-09,1.58857461492543e-06,3.73843915217167e-07,-2.79270588574344e-06,1.03852079599772e-07,-2.42260580747189e-07,3.15248681054923e-07,-1.13154395324865e-06,6.44101395873249e-08,5.77858260987146e-08,4.39633394495088e-07,-4.06741064518766e-05,-5.39511732298418e-08,2.37716190712872e-05,-2.51542163813217e-07,6.0109978932762e-09,5.2329159056321e-08,-8.38358307387681e-08,2.09331565692227e-16,-1.54682305769027e-09,-2.00774085454007e-05,2.44856578021859e-05,-3.5311569821158e-05,-0.452622149389593,1.2384778622723e-06,1.08024516420992e-06,-9.72831404518159e-06,2.25401126996261e-06,1.77299086428247e-15,-1.13031501415702e-06,-1.3388577169083e-08,-3.55311388337665e-08,1.87657742121163e-06,2.43494523444349e-07,-1.59362802944966e-08,-5.93081452043166e-07,1.56882003398273e-07,-0.000284183743690256,9.48356647961066e-07,-1.9747615451088e-07,-3.62665148726073e-07,-1.93814919759755e-08,-1.95478689903831e-08,-3.73936752951964e-07,2.54449245049737e-06,-4.19060573506558e-07,-3.06793840153458e-16,-1.01269970982264e-05,8.38391562707572e-07,9.47079642185852e-06,2.60476069871604e-07,-1.27362326718306e-06,-9.100853929764e-06,0.0398706123130008,0.00084489680504224,7.03710094860916e-07,-1.12198221182403e-15,6.25327584858713e-07,2.27518047954021e-06,3.60669449405757e-07,6.18112128255063e-16,-4.10542209211908e-07,-3.70075760963466e-06,5.33520882778866e-07,2.52883204667669e-07,6.96201268907e-08,3.22544149362957e-08,1.02932015127438e-06,-2.02166701677061e-08,-2.05671736090732e-07,-7.35583858557602e-08,-1.83485152121721e-08,-1.78808580291083e-07,2.10209528477025e-16,-4.77419150710763e-09,7.014503386138e-09,1.06524834325384e-07,-1.8585338777095e-08,1.16595918356275e-16,-3.02553962979461e-08,5.12310994239297e-08,-1.92151126264712e-08,-1.76296043430408e-08,-4.61472625030454e-08,3.59817169058593e-07,-7.34166188562194e-07,1.14562328441391e-07,-1.18144436163551e-17,4.51444226975366e-07,-6.10825100712644e-07,4.78718517460639e-05,5.4783336078741e-07,-5.58132229813552e-08,-3.7754088283684e-10,3.78169717762944e-16,8.3652034288854e-17,-3.7418352699999e-10,-3.3828770573121e-07,4.4678759574959e-08,-6.54848352616691e-08,3.13946517501755e-16,-3.18398569664004e-08,-3.79631764752777e-10,-2.06275082240401e-16,2.19870861908008e-16,3.78719135399292e-18,8.26810044608286e-08,2.44606787901506e-07,-3.57287838779321e-07,2.12726132166953e-07,1.06142285121481e-07,2.2028203499003e-07,-1.06148214353229e-06,6.2865664132336e-17,-2.36130885240159e-07,4.18635428793067e-07,-1.89238239306744e-16,-1.21447792280498e-16,-4.2940339730766e-07,-2.09926512775848e-11,-1.61907392602659e-07,1.27362956047901e-07,1.63128200251445e-07,-8.79732358924961e-09,-1.61502341276385e-16,-2.96974384210997e-08,-9.86000267101045e-17,-1.02470411565614e-07,-5.92841747915074e-16,-1.88347943494354e-07,-7.20961496384674e-17,1.49854182323658e-07,2.08171826817203e-07,1.3971312130213e-08,2.05310037265075e-07,0.000244080954269632,-9.25735640241553e-08,0.00571237347420543,1.38850296994565e-08,6.77579768671924e-08,6.7676197356817e-09,1.14309967253345e-07,-5.39013804689453e-07,-8.56381509918938e-08,-7.05514192127417e-09,-1.69668060305013e-07,-1.86617392524729e-16,2.57105167145519e-06,-4.49016740002096e-07,2.86174905436026e-08,5.63843290054765e-16,3.81550393211003e-09,1.04490925484379e-07,3.75458642606425e-07,-2.16461144900217e-16,-1.00862543747493e-06,-4.88872892633851e-08,-1.9310179969481e-16,-6.48873523658954e-08,1.03187601256683e-06,8.70231214844008e-16,-1.08571030830352e-16,-6.08954183494892e-08,-2.96216649649307e-08,-1.69609067707338e-10,-2.36708370189447e-07,6.37099060369124e-08,2.07120055177633e-07,1.81040471108633e-08,2.25589858660245e-07,-3.88833922322666e-07,2.84386229842948e-15,1.57789399239811e-07,5.56113798349111e-10,1.54086634495167e-09,1.44909398905561e-07,1.75261808837e-16,-6.42978263228802e-17,4.7995034194495e-08,-1.49987028828697e-16,-1.00697958544921e-15,3.18179319341047e-07,-3.79576170628322e-07,-1.26798978590491e-05,-4.42219291134637e-09,3.01924172828235e-05,-8.12126945833757e-08,1.05091542551774e-08,2.26051827625505e-16,2.95239640590714e-08,1.39725724618048e-09,6.4398742823504e-09,-7.36918159574049e-07,0.000102626785473978,-4.26545638660484e-16,3.07000492460833e-17,-3.84606213982401e-16,-2.46689396651438e-08,-2.4347741926163e-06,-7.12391615994354e-08,1.03726756908865e-16,-1.07145420263779e-07,3.6601609077685e-16,1.39877155931097e-16,1.88342505711828e-06,-4.14667421442495e-08,4.57099635919889e-16,-1.08011557434062e-07,-6.40080797897779e-07,4.3421292071378e-15,1.88775975173774e-07,7.82901165944129e-17,5.7438739967083e-08,9.06728878224032e-16,5.80885647055851e-08,5.08257815795824e-07,2.06015207627516e-07,1.78431323035268e-08,1.27791103566627e-07,-5.38087264307773e-07,3.325220308751e-07,-3.59719925096504e-15,0.000135262447227724,-0.368066625055483,3.27256431395051e-14,7.24890177494381e-07,7.20661912815506e-07,-7.04618352688409e-07,1.34428017562643e-15,-1.23060872619582e-07,-1.56325442352368e-06,-6.34635466135515e-16,2.97427902256883e-07,6.06816717436376e-08,2.63178872609946e-08,-4.52624269047321e-16,7.16370615266146e-16,-2.2963067745038e-08,-5.39168649517694e-09,-4.12453965878662e-10,8.00370529092043e-09,-2.5705965407554e-10,-9.76650568512321e-17,9.06547184864258e-16,-3.11156499040062e-10,-1.61408178416822e-12,5.43092487112168e-16,1.78615809009581e-09,-1.73809936015393e-16,3.93979697698818e-07,-1.2485537432143e-09,-7.49850974312916e-10,-5.49727187084527e-09,-1.92434584110819e-16,1.71696168630387e-16,-6.57070510215749e-16,-5.3314610544666e-16,-1.00966291581986e-08,-2.42218874468444e-08,1.54913754476451e-16,-3.45946831981609e-16,4.10048443800928e-16,0.00417324285856217,7.26035852587335e-13,-2.7287655501622e-08,-3.64488635681792e-16,1.03693095776514e-15,-1.03150994690271e-15,-1.03227400475565e-07,6.24870427907618e-07,1.53897446977207e-16,4.17945607498234e-09,-1.78719874228341e-07,-4.56034876982487e-16,-2.04310098998648e-16,-1.18492584361362e-08,-1.21904238409333e-10,-6.06669509682286e-09,6.94155348907254e-17,7.12804596012282e-09,1.06075020248901e-08,1.1703628799531e-08,-1.10429315094868e-08,-3.96755877053662e-08,3.43263494456329e-09,2.59627006055232e-16,3.84499075898273e-17,5.43020328021789e-16,7.17904881368205e-08,-2.23312995783952e-05,-3.48986868725521e-09,-2.85828398496658e-09,1.2908622093879e-15,1.28725885476568e-15,1.51062254240161e-15,4.45962507152715e-16,3.99566344655219e-17,1.55521507129103e-07,1.26267309358092e-15,1.20600873387116e-15,-2.31486988880392e-09,2.82432059198275e-15,-2.07352743530712e-09,1.28579592683646e-15,-2.57346425874467e-09,-2.80668431606699e-16,-3.1791495455636e-09,-3.99667864109676e-10,-2.53962911075386e-07,2.16890948026363e-15,1.30179795271635e-08,-2.26842091394715e-16,1.87811925052773e-08,-3.7082379121336e-07,1.86530289457598e-10,-5.76846093137925e-16,2.74232847770794e-08,3.99305073404939e-15,-6.81710696353372e-09,-3.84991562319195e-08,-6.3295985297843e-15,5.38805795104353e-15,-6.38077943876775e-15,-3.96842725567252e-15,-1.30385705589851e-10,-1.70186280541251e-09,-3.81006414942946e-10,-1.08184655898364e-13,-0.707106781186547,-4.48434785954701e-08,2.30121008575924e-07,-4.85312455911439e-14,2.23364500169829e-16,-1.78326978207401e-09,1.97867435567282e-16,-1.26739303467488e-08,-1.0807032046748e-14,1.20630442155015e-07,-1.04498234341543e-15,-4.67991166325623e-15,9.58660979958899e-16,-7.45338424915624e-16,-3.27956957228493e-15,1.07305856321626e-15,1.62719490801555e-08,-1.13821056466395e-07,-2.72670145264641e-16,-1.09823401058916e-08,4.18627518478086e-08,-1.20178345834589e-15,-3.66527947843693e-15,2.53463400789878e-15,9.0988841063238e-16,4.16323709386137e-09,6.6711549887169e-10,-2.94034158765902e-15,-4.61903480151522e-15,-7.59206641382673e-09,-2.70900335201805e-08,-4.51314333427346e-09,6.15240281879114e-16,-1.30247048531232e-15,6.09810194105452e-16,-1.6325614358493e-15,-3.73006892965612e-16,4.96473771752788e-16,1.6255630199143e-08,-1.53950971172892e-08,-2.96405849663004e-09,-6.55118449380463e-16,1.98065168707042e-16,2.40936100178293e-15,1.41624154970555e-16,-5.79348126378336e-16,-1.06174630481578e-16,-1.107625398644e-15,4.44705200272637e-17,9.72533372388582e-16,6.330765565467e-16,-7.71817471261342e-17,1.72097878481535e-16,-9.54631395060481e-16,8.98406438355896e-16,1.1468650827492e-08,3.91221504241703e-16,-1.39387889319523e-16,4.79672360562972e-16,4.57180457180322e-06,-2.83144357489245e-10,-3.16489376800678e-16,-4.19757929933046e-09,7.9684225459362e-06,3.1422992633795e-16,5.24948141461968e-16,-4.17442708344329e-08,4.0345014208392e-16,1.03967671301554e-07,-7.03687156002525e-17,3.78080099657123e-16,-1.70022796930208e-16,-1.79445543942279e-16,5.27353567402445e-10,-7.24474045721379e-08,-1.89883399521456e-16,1.95778499735909e-16,-5.16815084247448e-16,-5.05563411070962e-16,1.02413737212981e-15,-7.30160843710944e-16,-1.0189872071458e-16,4.26644863303203e-16,6.14464905092652e-09,2.79301210124459e-16,-2.90237637811129e-16,3.0974255781025e-16,6.06766747985242e-17,-5.67826826097567e-16,-8.62873822633766e-17,-1.76229621042827e-08,3.13879783715507e-16,5.42169625440514e-17,1.31487651198756e-08,-4.57812218702511e-16,-5.26475902296974e-17,1.52316687939334e-16,2.33954695976602e-18,1.21365907062704e-07,-2.62336075657907e-16,-8.17348057933084e-09,5.54887313321819e-16,2.04884548095295e-16,2.74509075932828e-16,5.72057253455348e-16,1.0041539094414e-16,-3.96460737511098e-16,2.96226757827383e-10,-4.46042142286726e-16,-4.07454825203345e-16,1.15632004188888e-08,-3.70687039987347e-08,-2.40089448299137e-17,2.60187593965296e-08,3.81315013555924e-09,9.11873953919976e-17,3.26900335383608e-16,-2.81810973113259e-16,5.75749122017681e-17,-1.01980291725103e-17,-6.46672155215827e-09,2.30263316524824e-16,-3.63193216200632e-16,1.85630381767717e-16,2.59608135767874e-09,3.57915509625076e-16,8.20510206203822e-17,-8.48121546869661e-17,1.45324708945389e-16,-1.18759698208056e-09,-1.12699257578648e-17,3.92535373847582e-09,1.32345314142462e-16,-2.56877941817701e-16,-1.37927800345967e-17,-4.2421166127948e-16,9.71523178780274e-17,-1.01841148374881e-16,1.90621251133304e-16,-4.328157496331e-08,-1.53558224466145e-16,-2.68583744583855e-16,5.11818602574343e-07,-1.77343342011794e-16,1.99297714702483e-16,6.5157094338434e-17,-4.88176399254128e-16,2.25066909715397e-16,1.36013088805384e-16,-2.00336663776184e-08,3.8971465422007e-16,1.78767069019867e-16,0.00310164492706714,3.77370228509435e-15,6.68911064528835e-17,-2.08525396503366e-16,-1.52980010021467e-16,1.02360481668025e-16,-9.35477408739225e-17,1.81272982259113e-16,-6.38038123483756e-18,1.13704109273369e-17,3.22528803137638e-16,-4.29802087436205e-16,-1.07065805480834e-06,6.7005403206378e-08,-2.00659264151323e-16,-5.47125500059384e-17,1.7010720192779e-16,-2.47373029641466e-16,1.60895602396849e-16,9.82665792740588e-17,-8.29490931525475e-17,1.301978342956e-16,-8.48453713329102e-10,-1.42460463515047e-16,-6.88470279417876e-17,-9.01453146826494e-17,-1.14630889803789e-16,1.09143004493569e-09,-5.76186260736026e-17,-1.19880462508675e-09,-2.33369005735592e-16,7.52265662279394e-17,-2.52201066320042e-17,1.43757380912575e-16,-8.90073945537552e-17,5.55904886472683e-17,1.17962484465229e-16,-5.34200854860605e-17,-6.60217307185179e-18,-6.17990283024589e-17,-9.13285393385383e-17,-1.79454694101988e-16,1.06049341801377e-16,1.68370758935354e-16,-7.30990120946365e-17,1.12631155905426e-17,3.24667468734863e-16,-1.57414127466159e-16,-8.06183913149728e-17,-2.82730466573985e-16,9.10729824887824e-17,-1.23731728587757e-17,1.5245535894788e-16,-1.86473003181798e-17,3.11945980302698e-16,8.37009198365426e-11,6.29355232371727e-17,-2.10965326209324e-17,-2.0533427618982e-17,3.2648660593629e-17,6.8289175871614e-17,3.13690815408533e-17,-1.58235454166922e-16,-6.71197332908703e-17,-2.63479070020345e-17,1.96953781037238e-17,-9.96164956079681e-16,1.90386875307421e-17,-1.74152618451991e-17,-4.82886446347675e-17,9.87939465341193e-17,-1.42422627067106e-16,-2.09286866649741e-18,-1.08487613088862e-09,-1.3806415413931e-16,6.44540217798764e-18,-2.3691752348492e-17,-2.82628671474594e-17,-4.97737402979863e-17,-2.61685180462278e-17,7.83975964832068e-17,6.07701891961633e-17,2.10415305261679e-16,2.31417009346053e-10,2.58758328485771e-16,-1.5870441398812e-17,-1.25147724005746e-17,8.1640308927546e-17,6.87572582604292e-17,8.71510430059444e-17,-4.77157542236868e-17,5.70323891903402e-17,1.43659853784522e-16,6.22774767159253e-17,-3.34381387199308e-17,-4.05851358634757e-17,-3.44163059088829e-17,1.17501227079092e-09,1.47130783561491e-16,-5.38780333287242e-16,1.5896421834001e-18,-2.50017020975157e-16,-3.54687873997324e-09,9.72122178876304e-17,7.5360179852021e-17,-5.28414802564417e-18,-1.19027169951813e-16,-3.31156413798776e-17,3.75443869569822e-17,2.64885288657024e-16,2.03406107842764e-17,-1.08170556624621e-16,1.22600383601153e-16,1.90903154095283e-17,-6.38923444451034e-18,-7.02983926722813e-17,-6.67115830434294e-17,4.301378575618e-17,4.20545191821972e-17,-1.79210093473922e-16
"t210",-0.0368167866605548,-0.00976455923619378,0.00123014241693829,-0.107134260903604,0.0210913436384249,-0.00437459029832832,0.0234036140643294,0.000375251906523075,0.000128929374635381,-0.000415948998080876,-0.000117203961407265,-0.118044926705256,-0.0796557420451328,0.00792608453270316,0.00154057141974543,-0.00211020919974117,-0.000239828919236877,0.00232931301773009,-0.000111333070532006,0.000115133121609091,-0.00275265634303796,0.00118897520976976,-0.00489716670280945,0.124935610260809,0.0407153564331543,-0.000357807876088701,0.000349060145428307,-0.000279328064252816,0.00299486027171061,0.00166460637793996,-6.73590082416625e-06,1.43834806130372e-05,-0.0088306280290935,-9.28851491685649e-05,1.84046618951602e-06,-4.45731414406963e-06,-0.000424044691110079,1.73007273731628e-06,1.53224360342575e-05,5.07601114011297e-06,0.000417892498505276,-0.000119394670570043,0.160075655993165,0.00120537459580115,-0.00255328712474275,1.13966182503664e-05,-1.79615481680617e-05,0.00012673905534254,-8.81625490943937e-06,1.07373351897815e-05,-0.000355833033579727,3.80821926288728e-07,-4.78813651194837e-10,-1.52188336993014e-06,3.67997948445765e-07,-4.2520918329409e-06,3.46212634804059e-07,-2.53284271978138e-05,8.67241708954465e-06,-1.08334942785529e-05,-1.0316552945427e-05,1.67290126353821e-06,-5.71379632161665e-05,3.08208451498836e-05,-2.62488313811516e-06,0.00406692310320044,-2.36605368118559e-07,8.90230345506878e-06,-2.47447086876035e-05,9.90797214493568e-06,-1.25088250323501e-05,2.00376184627512e-05,-9.08916192468178e-07,-6.77500362311438e-05,2.82153339916943e-05,2.70693995672581e-08,-0.000151354867157131,2.80319313877094e-06,-1.01782511329163e-05,-1.19571855137884e-05,3.51552541123382e-06,5.27070941950539e-05,-6.62028566471547e-06,-4.18569830815679e-05,2.69041252688568e-06,0.000585305923679872,-3.64790140374171e-05,-6.56282511788867e-07,-2.15097209406298e-07,5.6267917880496e-05,-1.39582077544455e-06,3.72112237190247e-07,3.36750592619847e-06,-0.00036061180679218,-1.40809228872176e-07,-4.63485278002235e-05,-1.04869920177769e-05,2.65570594894814e-05,-4.05490283120728e-05,-1.10693355983955e-05,-2.42978970821878e-06,1.95126162011346e-06,-3.32547428331292e-06,1.2211218877399e-06,-5.32909657893316e-07,9.82029675300223e-06,-2.91163594902112e-05,0.00024744130721216,-4.34229127642577e-06,1.05445199940558e-06,4.66009352613503e-06,1.11768202107189e-05,-1.88574292904433e-05,1.70269281912611e-05,-8.68539786353313e-08,3.35042207941953e-06,-4.95441276642362e-06,5.28627889037105e-06,-5.39717357282858e-06,1.33728470594422e-05,-5.02197836697639e-05,1.23354222819357e-05,-1.18510928386381e-05,-3.25780565354561e-05,1.06277190781946e-05,-0.000103005299843034,1.04727825032316e-05,-3.35705553733872e-06,6.60316678335064e-06,0.000217752472346518,-6.89463027646137e-06,2.07462492294615e-05,-4.08529745591953e-05,-5.00513636883996e-06,1.82691716823009e-06,8.45841011189817e-06,-5.06825948230038e-08,-3.48518392460336e-05,1.13582647179585e-05,-3.27214264024487e-05,-2.11129212347694e-06,-8.21603001042913e-05,1.61925412474908e-05,1.03689129212594e-06,3.27137835596848e-06,-2.10960626184883e-07,-1.03004331832926e-05,1.66151635849869e-06,1.10323082547244e-07,-2.82498912648092e-07,-4.40355770002065e-05,-1.33286659456299e-06,-2.88445220952146e-05,1.09220296115188e-05,-3.61916940580025e-06,-3.22906214598527e-07,4.9306483003639e-06,-0.000900345599980138,-3.56070718149939e-06,-1.25373077444925e-06,-0.00148990868049102,1.9838634124017e-05,-8.47129980939699e-05,-0.109567175137295,-0.000114325393413228,-0.101906675545992,-4.29509082193957e-05,-7.35398968878199e-07,-3.66129857677009e-05,-5.37799071061507e-05,0.0110615296033204,-0.000222864879502702,-5.20784119277399e-06,-1.9803655075204e-06,-0.00109266342033367,-7.88998828185111e-07,-0.000175094455053104,2.52921728153036e-05,2.57349663178953e-05,0.000967132019743173,-0.000771225179788362,-0.0362971167855191,-9.07379466680143e-05,-2.17823127099368e-06,-3.16667640277056e-06,-3.64094270441846e-06,-3.85911574054884e-05,3.22115413238928e-06,1.40802319171974e-05,-9.44443318746997e-05,-1.44235924699878e-07,1.61671639324699e-07,5.43795852669148e-07,8.7648320070232e-09,6.03901870768084e-08,-4.87704384241598e-08,-7.93372078252275e-08,-3.06641079936864e-07,3.12531194941638e-08,3.66672909703185e-09,3.38840040456633e-09,2.41899995842995e-07,-6.59698978071689e-12,4.59358764195032e-08,6.3342910334968e-09,2.2398608442138e-07,-3.98874398335678e-09,-1.37345659160029e-07,1.60635198827304e-08,-6.4644634326719e-10,-3.04313254057976e-07,1.80066389464458e-05,-1.42039344907128e-06,-2.08391253419893e-08,-1.33151763034173e-08,-1.96732243883677e-08,4.22914015839038e-08,3.88002408607741e-09,-9.04198176833339e-09,-5.11172630241836e-08,-2.89708988136316e-07,2.69010736698919e-06,1.06750153014489e-07,3.55427861633278e-07,-9.79587987652592e-08,-5.08263115602716e-08,-5.38127649650555e-07,-3.98731183919299e-08,-6.48394699370625e-08,-5.34756967122772e-08,1.15645327958863e-06,7.47570426708068e-06,1.85841060578221e-08,3.12258420338517e-08,-1.69729923845843e-09,-2.8206423081195e-08,-1.48233666290625e-07,2.8588761604389e-17,-2.26167691519464e-08,1.70411763153466e-06,-4.89146678387686e-08,-8.88868481140498e-07,-1.43130816299779e-07,1.71120269964155e-07,-2.77426299927686e-08,1.0062026675711e-06,-2.29297973653779e-09,1.50557145368898e-10,-7.19854220829511e-06,3.42860801043931e-07,-1.0716789016641e-08,1.4636860415485e-06,-6.71759874051242e-08,2.31279365165891e-08,-1.43050325274521e-09,1.03034268404414e-07,-8.12945916942519e-08,7.90101628272592e-07,2.10245344489438e-08,-3.5238428474449e-09,5.65323463356008e-08,-9.32380599910535e-09,7.6980790619636e-07,1.85848936285244e-05,2.7245798894294e-09,-8.19052801130403e-10,-2.95932822117401e-09,-1.38154167475017e-07,5.21679893516835e-07,-3.15941477443439e-09,-1.43477827615432e-09,4.936414486126e-09,-2.33120740346507e-05,2.35109485281423e-06,-7.30367128553842e-07,0.000258725307638896,-8.17679341242648e-06,1.49160775428878e-06,-1.14457854081287e-05,0.198431465887059,3.09697948325368e-06,-3.04568076445275e-15,-1.90544531353417e-06,-5.99922348950142e-08,-7.14987492095465e-10,-4.36717440066558e-06,3.97506555701614e-08,-2.28624976538962e-08,-5.16980678979145e-07,4.33671656285992e-08,-3.40709673103557e-07,8.89157883809367e-07,3.07306599699318e-08,-2.41031905423853e-08,3.05991926324881e-07,-3.66230473225338e-07,1.25550614521745e-05,-1.50297809426433e-07,1.66386862032481e-06,8.311692535569e-09,1.33590880198754e-06,3.12336277740252e-07,-2.3150730449898e-06,8.60027862849545e-08,-2.00322175792676e-07,2.60197468684079e-07,-9.33416015523049e-07,5.28783357331317e-08,4.74227013510751e-08,3.60548855889697e-07,-3.33419957912453e-05,-4.41585351386263e-08,1.94239366698716e-05,-2.05212534388705e-07,4.9004826079893e-09,4.26111777751509e-08,-6.8093834694933e-08,2.57787338577503e-16,-1.23633733054204e-09,-1.60206995779989e-05,1.94892697203855e-05,-2.81040168033903e-05,-0.36020764881284,9.85000413074656e-07,8.58146667103654e-07,-7.71735457042223e-06,1.78295995941667e-06,1.46785367418582e-15,-8.88127839682118e-07,-1.05109920386163e-08,-2.78438204213786e-08,1.47025154064547e-06,1.89904992659452e-07,-1.23973322275523e-08,-4.597003668874e-07,1.21292464381503e-07,-0.000218497660447426,7.25365091123957e-07,-1.50533343325345e-07,-2.75924110164189e-07,-1.47282038909808e-08,-1.48227842720872e-08,-2.8348188319594e-07,1.92602823953744e-06,-3.16824557580163e-07,6.02711679590321e-16,-7.58707021558744e-06,6.26909959331508e-07,7.08168389022003e-06,1.93692868331626e-07,-9.46279486320898e-07,-6.6908620571499e-06,0.0292225550433501,0.000618876243197054,5.14262623694468e-07,-5.87040853462472e-16,4.55761493824852e-07,1.65657390812991e-06,2.61616614217354e-07,6.9478513178548e-16,-2.96562615345291e-07,-2.67067924293986e-06,3.84822426326005e-07,1.82208569551788e-07,5.00735674471051e-08,2.31674247200436e-08,7.38549239555421e-07,-1.44599789990569e-08,-1.47051391247385e-07,-5.24776667060149e-08,-1.30392190617229e-08,-1.27043390667854e-07,4.79919322687165e-17,-3.36577452022686e-09,4.93839941023768e-09,7.47684279534201e-08,-1.29839965236897e-08,2.51092009664939e-17,-2.09202197522129e-08,3.50027333907797e-08,-1.30561265241435e-08,-1.19476869662524e-08,-3.11760575760772e-08,2.41651879846248e-07,-4.88253371296179e-07,7.42771381967564e-08,2.96266069683142e-16,2.85774719537769e-07,-3.85833759389428e-07,3.01017808898253e-05,3.42285064486234e-07,-3.4854747548389e-08,-2.35340375680344e-10,8.91647866652079e-16,-4.00119750353769e-16,-2.30771408869904e-10,-2.06656968885859e-07,2.72610974811982e-08,-3.96078194278263e-08,4.21586430024724e-17,-1.88795795241974e-08,-2.23059023045474e-10,-5.56583886745886e-16,-3.42515303674264e-16,1.68163366746404e-16,4.71482026612441e-08,1.38932327150497e-07,-2.00112973554953e-07,1.17697732815715e-07,5.86413457661096e-08,1.20073142167555e-07,-5.77688058348174e-07,1.02835643987204e-16,-1.24874983862293e-07,2.19065971878268e-07,-7.30571547530574e-17,4.69479561479948e-16,-2.15063321375251e-07,-1.03967543245249e-11,-7.89580162291556e-08,6.14548565216816e-08,7.70741281278778e-08,-4.1420752544125e-09,-8.58152003765752e-16,-1.39155970109686e-08,-1.03955349723666e-16,-4.73440951798902e-08,9.94863913472699e-16,-8.61018137159063e-08,1.50682341912621e-16,6.75627262924892e-08,9.35889566622814e-08,6.0397380986681e-09,8.79818852963281e-08,0.000104210559018438,-3.88819184977019e-08,0.0023643797948282,5.54601812597247e-09,2.7055347493474e-08,2.67154540421309e-09,4.41613531196504e-08,-2.02035240298155e-07,-3.12524855333092e-08,-2.51878527887016e-09,-5.99046056055745e-08,4.99763227609373e-16,8.75835408428902e-07,-1.47458357176382e-07,8.357054336961e-09,-8.07140875047534e-16,1.07214618797084e-09,2.75755952215548e-08,9.62813139957048e-08,-3.52444497494131e-16,-2.54730329666478e-07,-1.15791703077103e-08,1.42419924723701e-16,-1.48561873273522e-08,1.845304317724e-07,-1.64805899432086e-15,-1.13017516017055e-16,-9.61504827231245e-09,-4.62025922150597e-09,-2.49156457528262e-11,-3.22033470743636e-08,7.05274168013265e-09,2.24634789235276e-08,1.90573570635101e-09,1.56376932410616e-08,-1.48710628020832e-08,-6.8510735279359e-15,4.11183933763183e-09,1.33126692181065e-11,2.53335474861698e-11,1.05706046493169e-09,3.90016109502186e-16,9.66966540417819e-17,-2.62270975084968e-10,1.51978343137448e-16,1.95090893116398e-15,-2.93936388016507e-08,4.12580853185237e-08,1.38264386328749e-06,6.46628280349784e-10,-4.57185046331285e-06,1.23883232768364e-08,-1.67943804613822e-09,-1.4338549207148e-16,-7.15555143493938e-09,-3.65180899290732e-10,-1.72422574875418e-09,2.21403253739119e-07,-3.73871704028442e-05,1.53733085382314e-15,-4.01282003892669e-16,1.24816004067931e-15,1.15248987436105e-08,1.25708101709012e-06,3.70562936794863e-08,-5.40711298282667e-16,6.11655120908852e-08,-1.17465721094766e-15,-3.199214095007e-16,-1.57857078887555e-06,3.49168608762348e-08,-1.18394877235417e-15,9.95656357617639e-08,6.21785400877316e-07,-9.72870449809214e-15,-2.04087995266099e-07,-6.68164047761004e-16,-7.06609329666226e-08,-1.76825775557386e-15,-7.22983530201133e-08,-6.38334976654772e-07,-2.61399488148337e-07,-2.29652283525468e-08,-1.6985268670383e-07,8.08154120012471e-07,-5.9530804131758e-07,8.26706470469509e-15,-0.000305229228530837,0.852307968800865,-7.60792515339805e-14,-1.73804014234763e-06,-1.84340327063562e-06,1.91364135182456e-06,-2.67235647980894e-15,4.15695808803319e-07,5.53079269500472e-06,1.00129121484723e-15,-1.12121703350911e-06,-2.36227893142624e-07,-1.16109880790757e-07,5.01689470429801e-16,-1.43882680123972e-15,1.42902234179327e-07,4.00297770132431e-08,3.18484335331746e-09,-2.71410533040026e-07,1.72828946183251e-08,1.96700179663882e-16,-1.55530046381087e-15,6.18563078610377e-08,4.25342862334646e-10,-1.49224522155243e-15,1.4475003668095e-07,5.12686561848562e-16,1.43557986263303e-05,-2.63289249301116e-08,-1.53628005029688e-08,-1.01378095112782e-07,-2.25577032664888e-15,-2.76131337193302e-16,9.92266044849886e-16,-4.30288132867794e-16,-1.00650103596873e-07,-2.33131045002531e-07,8.45999964224683e-17,-2.77503123182584e-15,2.73053757547097e-15,0.035783327046939,5.94724242780681e-12,-2.00089161577938e-07,-3.40030147138024e-16,-4.43005007677577e-15,1.0174153186604e-15,-5.67659544090183e-07,3.40847480174264e-06,-1.29670400669225e-16,2.09233242215724e-08,-8.66752087267752e-07,6.93778762617176e-17,-1.95235366459327e-16,-5.36172964104919e-08,-5.48722392040872e-10,-2.63097238756877e-08,-1.18010649593057e-16,2.91790665475581e-08,4.21542070674276e-08,4.4729890452991e-08,-4.01682665916513e-08,-1.42513822049181e-07,1.20514449495377e-08,-7.13452662109888e-19,1.65745426601181e-15,-1.95718210005696e-16,2.24730325639222e-07,-6.97946500196939e-05,-1.07668698675922e-08,-8.29741290542416e-09,-4.26958945557291e-16,-2.08545823349865e-16,-7.49195778514656e-18,-1.07708300888223e-16,-1.13918581675174e-15,4.26602778878876e-07,1.87977413178522e-16,-5.2114000454946e-16,-6.22099869249861e-09,2.07289559815239e-16,-5.5664613240833e-09,-1.85351096301227e-16,-6.89617946235876e-09,9.49649480778731e-17,-8.23965979930199e-09,-1.02801107577948e-09,-6.45844208524749e-07,-2.60531851076684e-16,3.26577068121532e-08,-1.33403683201535e-16,4.57935727149714e-08,-8.73535720760757e-07,4.38771734142641e-10,2.68678472110177e-16,6.36653596386834e-08,9.45837158007954e-17,-1.55135692199261e-08,-8.75282704443314e-08,1.30513522745017e-16,-1.09972366632823e-17,1.16526810360309e-17,6.36906405123204e-17,-2.91826022459975e-10,-3.79342523998073e-09,-8.4532911711501e-10,-7.68353748189164e-17,-1.86488256282299e-15,-9.73695170037067e-08,4.99201489590796e-07,2.92294770782983e-16,5.14780824675316e-17,-3.77220362339277e-09,2.01926123979019e-15,-2.6671441695479e-08,-1.11456600069606e-16,2.50190398176824e-07,-3.78512591550418e-17,-1.42184870104248e-16,1.0715912028405e-17,7.66448364618612e-17,3.91220187052436e-16,1.74851549776578e-16,3.28218233930723e-08,-2.29505835253101e-07,3.3486716615872e-17,-2.19415808415591e-08,8.33220945813877e-08,-1.93499140902582e-16,4.50060224454923e-16,-4.82804418853447e-17,1.79354593621449e-17,8.15635675193455e-09,1.30229659960808e-09,2.75432721544612e-16,-4.74019573770765e-15,-1.47622855672242e-08,-5.26479566628427e-08,-8.75598918614865e-09,-2.37020840966816e-17,9.3353926588943e-17,-7.17163416303021e-17,3.56982891951741e-18,3.50695305832858e-16,-7.27908678269964e-17,3.07067549795363e-08,-2.90118355801973e-08,-5.57258790628202e-09,-6.48803136040561e-17,-7.11327262461328e-17,4.14467925469371e-16,-5.18278512272619e-17,5.54872825308713e-17,2.3722520069521e-16,6.96539319720786e-16,-5.58815137285566e-17,4.83134362794005e-17,-1.09700354970266e-16,2.12978775275793e-16,-1.31376437227276e-16,2.88653108431335e-17,2.46831486845832e-16,2.07738057225746e-08,-1.74123075190254e-16,1.1924271270625e-15,-1.27082421676884e-17,8.24301963803451e-06,-5.09974286614652e-10,-4.22929863882348e-17,-7.55537089432696e-09,1.42633274712265e-05,3.21649487629181e-17,-5.22138999397837e-16,-7.4217693598501e-08,-2.82012046050365e-16,1.83358561474479e-07,5.5050993726179e-17,9.99751146522678e-18,1.16056442161767e-16,1.56964727821005e-16,9.1868821674006e-10,-1.26106055475347e-07,3.55863681308107e-16,-4.70645810300779e-17,-2.04412336413723e-17,6.07682001866645e-16,6.81312645189891e-16,1.51826072754048e-17,3.05047107326038e-16,-5.18299732565192e-16,1.02850320760599e-08,1.68609874845653e-17,1.03814377250268e-16,-1.69266929131245e-16,-7.10362478214313e-17,-1.39665456303924e-16,-4.01947583319666e-16,-2.92697754360979e-08,4.14498718920041e-17,-1.79550083707237e-16,2.18079871576634e-08,1.40807630804751e-16,7.56553915353674e-19,2.61768704352616e-16,5.2231269519769e-17,1.9810583269953e-07,2.80887828673936e-17,-1.33048207678301e-08,4.09988673787552e-17,4.34081283674629e-16,-8.04798749201082e-17,-5.283507768935e-16,-2.38972046732563e-17,-1.22344721868024e-16,4.79534909293727e-10,-8.46349320808586e-16,2.2386785464149e-16,1.86406046927899e-08,-5.97445970068783e-08,2.91469460211341e-17,4.17869444500478e-08,6.11730349668629e-09,2.17819253449326e-16,-1.37484645868156e-16,-2.29013774796771e-17,-6.91271822358147e-17,-2.88766340655528e-16,-1.02122678154985e-08,-2.15593420777413e-16,2.22998631531861e-17,-2.07716699667188e-16,4.08378088460597e-09,-3.57719263516722e-16,-1.79918650491559e-16,1.17170383690695e-16,-6.24353044928034e-17,-1.85871652879229e-09,-2.18529694361044e-16,6.13412351366959e-09,-3.0006551306669e-17,2.35384112373698e-19,1.52178125557495e-16,6.01542417477301e-17,-1.21335597007897e-16,-1.52879974908855e-16,6.83724839878473e-18,-6.70961729257306e-08,-3.65730859526309e-17,-1.66737860200653e-16,7.91890655000134e-07,-1.92806258944444e-16,-1.95973372100256e-16,1.45631200646772e-16,-4.24446297133036e-18,-1.45327610071885e-16,2.84229906684632e-17,-3.08103883164054e-08,1.38940554701083e-16,6.16123692976087e-16,0.00475750883098114,5.79104737904361e-15,8.87428892139849e-16,9.41844621206358e-19,-1.27308014669354e-17,-2.8808305677445e-16,2.02973080951868e-17,2.37468834490946e-17,4.32252543793053e-17,9.05142385550857e-17,-2.45595769983622e-16,3.15192419910395e-16,-1.62668771990892e-06,1.01689888692404e-07,3.26190701467165e-17,-7.58353063676974e-17,-1.4787653452489e-16,4.06789421074853e-17,2.21177243187043e-17,1.3706443695669e-16,-3.76344158765566e-17,2.71501028584201e-16,-1.28026401527854e-09,-2.47055907746042e-16,1.18189701429237e-16,-1.6487271877741e-17,2.57274623312125e-17,1.63905744260985e-09,-1.04200566476966e-16,-1.79085504697491e-09,1.37156136169777e-16,-1.56523128877002e-16,3.38397632574465e-16,7.01765374130784e-17,-1.82339625757556e-17,-5.71915101369433e-17,1.16606230377381e-16,-7.7918969906892e-17,1.42448224417737e-16,-1.82718443175144e-17,-4.96209958580999e-17,-1.64277565998306e-17,-6.1385913441407e-18,2.8939548662164e-17,9.67510162701339e-17,3.45681806820863e-17,5.23659529817888e-17,1.04449201669061e-16,1.9061077841179e-17,2.18899306617276e-17,4.59701721133854e-17,1.09944658925051e-16,-7.89165020594985e-17,1.48694678479252e-17,4.52341413569461e-16,1.22762674549401e-10,-5.31428291882766e-17,-1.28762993612801e-16,3.17470246333781e-17,3.31159789989611e-17,-2.40176282813246e-17,1.12060640468904e-16,9.69671283831599e-17,3.23150732265368e-16,-3.35232661256353e-17,-4.15147096176569e-17,-1.67400815431762e-16,-9.72932365467964e-17,1.00372170774102e-16,4.71264584651056e-17,6.64897613387063e-18,-9.90532014014182e-17,-2.01222547242681e-16,-1.57288956250433e-09,-2.18988634336437e-17,3.07639231777749e-17,1.35223172816275e-16,-2.1389726893254e-16,6.22662535811691e-17,1.64289276348294e-17,2.56029876053912e-17,-1.16674334301569e-18,-2.55364561511549e-16,3.31759827880717e-10,1.37757036375001e-16,-3.40848655025552e-17,1.78454559582704e-17,-1.21922644258266e-16,-1.28425319376438e-16,-5.62346888168844e-17,-2.97508420004519e-18,7.66811095875407e-17,-2.99085352283543e-16,-4.99748306128759e-17,6.80839302212478e-17,-1.14219692575483e-16,-4.45251425543929e-18,1.66659300611505e-09,3.47366822544495e-17,5.67341607817848e-16,-8.95922985830361e-18,-3.53449908230274e-16,-5.00676803586381e-09,-5.80348065704299e-17,-1.03143774286356e-17,1.1055697695725e-17,-3.44962802664605e-18,3.09256582823126e-18,1.76248944626778e-17,2.34145202182617e-16,1.88109194804912e-17,-9.72600309502309e-18,1.69591128117922e-16,4.81554606272317e-17,-1.05687657682066e-17,-4.75700522199041e-17,-2.99580449771148e-17,2.43908189904476e-17,4.60469453947865e-17,-1.96512432568181e-16
"t396",-0.0368269056736288,-0.00977021498056095,0.00123087797354657,-0.107220115592475,0.0211120375127573,-0.00437962575459948,0.0234310820573643,0.00037572734415548,0.000129122285811671,-0.000416703566339973,-0.000117473653626423,-0.118379518171875,-0.0798881152931594,0.00794955613061833,0.00154533208070044,-0.0021171143569293,-0.000240632412318915,0.00233725803298049,-0.000111721591902218,0.000115569553927164,-0.00276394118376709,0.00119485642004602,-0.00492274585004639,0.125591901735841,0.040930076249399,-0.000359784674894046,0.000351011390618889,-0.000280903503174532,0.00301220412243991,0.00167598802272708,-6.7850111707158e-06,1.44931147739886e-05,-0.00890279260653367,-9.36801813122816e-05,1.85702313464946e-06,-4.5006136888355e-06,-0.000428216185922645,1.74736242742453e-06,1.54766032090585e-05,5.12784316892567e-06,0.000422282238593139,-0.00012067923135403,0.161823568234386,0.0012185524758177,-0.00258168811876787,1.15314787612111e-05,-1.81780306505548e-05,0.0001282796950394,-8.92598990339221e-06,1.08743821262199e-05,-0.000360526046534042,3.85920454056267e-07,-4.85238195155594e-10,-1.54268313983484e-06,3.73208590900144e-07,-4.31261732447872e-06,3.51612386456007e-07,-2.57330150921714e-05,8.81133823293833e-06,-1.10171497594395e-05,-1.04988086016981e-05,1.70305051926406e-06,-5.81842544491054e-05,3.13874775952798e-05,-2.67456782925032e-06,0.00414590049070194,-2.41458422301826e-07,9.08930018937037e-06,-2.52701605913729e-05,1.01224789089506e-05,-1.28073071238079e-05,2.05499664255615e-05,-9.32397153435309e-07,-6.95374273787652e-05,2.89616585347491e-05,2.77918509053024e-08,-0.000155408699993231,2.87958038318722e-06,-1.04664050571947e-05,-1.23008531764779e-05,3.61916349276171e-06,5.42693686968551e-05,-6.82431910279893e-06,-4.31619395572585e-05,2.77843243275623e-06,0.000604702337126516,-3.77035252423976e-05,-6.78357952321727e-07,-2.22336363069116e-07,5.81641986945811e-05,-1.44308983645418e-06,3.85292162771722e-07,3.4872629466583e-06,-0.000373785200806821,-1.46189526720573e-07,-4.8131290879733e-05,-1.0890491397634e-05,2.75960778080979e-05,-4.21452485810769e-05,-1.15151976697521e-05,-2.52947703866313e-06,2.03144645714777e-06,-3.46238064285368e-06,1.27556117114051e-06,-5.56805324566933e-07,1.02626205975854e-05,-3.0438281471535e-05,0.000258700349200923,-4.54064755893557e-06,1.10290438285127e-06,4.87463687907682e-06,1.16972435947719e-05,-1.9736665010525e-05,1.78444016445916e-05,-9.10496581279933e-08,3.51445431071892e-06,-5.19842553006911e-06,5.55090207465078e-06,-5.67155347421431e-06,1.40605832570632e-05,-5.28193462194788e-05,1.29883072773069e-05,-1.24873054528161e-05,-3.43279179782821e-05,1.11997231748577e-05,-0.000108629637340568,1.10453028280555e-05,-3.54284015512211e-06,6.98140294806543e-06,0.000230230292200327,-7.29080450749172e-06,2.19655871631168e-05,-4.32646136783448e-05,-5.30153756202535e-06,1.93651072424716e-06,8.96671939863579e-06,-5.3811280278899e-08,-3.70495335448588e-05,1.20952358068319e-05,-3.48462236489185e-05,-2.24905473747365e-06,-8.75344762543221e-05,1.72558941969643e-05,1.1050857003895e-06,3.4865351465351e-06,-2.24985102948791e-07,-1.09998414059836e-05,1.77675468846303e-06,1.18015049213174e-07,-3.02423305617489e-07,-4.71442002953433e-05,-1.42736983021633e-06,-3.08949117623437e-05,1.17006767612487e-05,-3.88410629457779e-06,-3.46643500198255e-07,5.2941831033864e-06,-0.000971248890608381,-3.84553866499558e-06,-1.35426027233348e-06,-0.00161095581093946,2.14547461395018e-05,-9.17301752614239e-05,-0.118661487025509,-0.000123969005089381,-0.110636635680866,-4.67961670226902e-05,-8.01338170707001e-07,-3.9897167179774e-05,-5.86326742246645e-05,0.012066590043401,-0.000243134754223712,-5.68800187845116e-06,-2.16373382156233e-06,-0.00119476904469274,-8.6289402744082e-07,-0.000191512154971587,2.77143996510625e-05,2.82535316122948e-05,0.00106213245275534,-0.000847249736040369,-0.039912570855392,-9.98122896649992e-05,-2.39692022797546e-06,-3.48577471325909e-06,-4.01237587417234e-06,-4.25400595813096e-05,3.55949340423096e-06,1.55604458830223e-05,-0.000104459617184674,-1.59899324433595e-07,1.79575770191182e-07,6.0442470470236e-07,9.75185825436083e-09,6.72416210340046e-08,-5.44267806001092e-08,-8.85824881925652e-08,-3.42734841480205e-07,3.49503087613179e-08,4.11745312362069e-09,3.80565917167201e-09,2.72171490312306e-07,-7.43564631171496e-12,5.1998529882808e-08,7.17043985066474e-09,2.53654822867356e-07,-4.5226569231119e-09,-1.55864141933304e-07,1.82714237824963e-08,-7.3742737730216e-10,-3.47961176070557e-07,2.06044499801929e-05,-1.63075726990725e-06,-2.39705331855196e-08,-1.53167562204175e-08,-2.26640776750978e-08,4.89066379465782e-08,4.49026056552969e-09,-1.05059926320183e-08,-5.95613039281077e-08,-3.37898270836397e-07,3.15049916428571e-06,1.2514375738739e-07,4.17125727308742e-07,-1.15351856696842e-07,-5.98920265413713e-08,-6.34219018907769e-07,-4.71710806951478e-08,-7.68862109876581e-08,-6.35781914707068e-08,1.3765873783862e-06,8.90992661343141e-06,2.21757819588034e-08,3.72733105684131e-08,-2.03240078198908e-09,-3.38425563393657e-08,-1.78241788520386e-07,-3.41974389249377e-17,-2.72817934349991e-08,2.05693543159705e-06,-5.93081522798241e-08,-1.08156386142757e-06,-1.74678354339351e-07,2.08874570718999e-07,-3.40556315699918e-08,1.23636696028764e-06,-2.81875040495512e-09,1.85478915377752e-10,-8.88131359234296e-06,4.24162249362505e-07,-1.3274203448831e-08,1.81389128022737e-06,-8.34813482494088e-08,2.90937415521638e-08,-1.80763995005079e-09,1.30700230985635e-07,-1.0401978803498e-07,1.01160681811782e-06,2.70895026297182e-08,-4.55692616902208e-09,7.34958756200509e-08,-1.21426669685202e-08,1.00438886455514e-06,2.43108733843833e-05,3.5779078416458e-09,-1.07605947680984e-09,-3.92810983538664e-09,-1.83425514375852e-07,6.9281653488466e-07,-4.20803895490412e-09,-1.91307224773451e-09,6.60516584949347e-09,-3.12133144006722e-05,3.22036172311778e-06,-1.00308657348775e-06,0.000356097886229571,-1.13108671149515e-05,2.07183346473962e-06,-1.60518032891302e-05,0.279089011500473,4.36591903443185e-06,-6.05559665885837e-15,-2.70819979715738e-06,-8.53605427717311e-08,-1.02102250257478e-09,-6.29187943383509e-06,5.77247367019585e-08,-3.33288318734737e-08,-7.55114570583797e-07,6.50591355260364e-08,-5.12073686969254e-07,1.33703972947751e-06,4.66107163589612e-08,-3.75409327576416e-08,4.78938095493219e-07,-5.75226036440845e-07,1.99557604042688e-05,-2.51588023923573e-07,2.85689466878944e-06,1.42936547240289e-08,2.29844187939785e-06,5.80122433460055e-07,-4.86802555566313e-06,1.84484860798379e-07,-4.43436230790464e-07,6.00869329158641e-07,-2.18598310055615e-06,1.4276834472448e-07,1.29712014652793e-07,1.01101270670067e-06,-9.51770491545409e-05,-1.34392851246654e-07,6.42035722423846e-05,-7.42656772756618e-07,1.85509042752009e-08,1.75754161258842e-07,-3.56636621460022e-07,-3.85980472545466e-16,2.71024593551814e-09,2.69862237277074e-05,-2.2599974049387e-05,3.22359289166141e-05,0.408430944674794,-1.02020972618012e-06,-7.48172256908674e-07,5.44973974834619e-06,-7.86031743797976e-07,-1.48230982955695e-15,4.03999486191245e-08,9.83183225718771e-11,-1.71032574365413e-09,1.01919479946907e-07,4.02007647028179e-08,-3.42351414421734e-09,-1.62978525324897e-07,4.86975246544937e-08,-0.000106642741848608,4.01769225267073e-07,-8.8905178248368e-08,-1.68250077950441e-07,-9.14894153594298e-09,-9.49574091964811e-09,-1.82192763367927e-07,1.26303730498875e-06,-2.10878583113993e-07,4.30098178064048e-16,-5.54800701519705e-06,4.6605126129075e-07,5.26542748461786e-06,1.50280973031156e-07,-7.3857320789797e-07,-5.57036838778171e-06,0.0247230681638227,0.000525197495477172,4.41403227438498e-07,-5.12174519214635e-16,3.96090227437504e-07,1.44618491075642e-06,2.3213391523542e-07,-2.9191939335767e-16,-2.67560564203068e-07,-2.41866901383467e-06,3.49189992944457e-07,1.65997880832064e-07,4.59194758540123e-08,2.1348662149273e-08,6.83118803155447e-07,-1.35202170790789e-08,-1.37667625338309e-07,-4.94840581586629e-08,-1.24474497640833e-08,-1.21352301082595e-07,-1.12364279155108e-16,-3.28909155709056e-09,4.8443061659628e-09,7.39512798776575e-08,-1.29991986344349e-08,-9.68192033385382e-17,-2.1473518107172e-08,3.68857076093847e-08,-1.39153936578072e-08,-1.28003386771744e-08,-3.36073215462536e-08,2.63442424146197e-07,-5.41836743867228e-07,8.59794777996748e-08,9.85532580558019e-17,3.42874690001147e-07,-4.64357911309572e-07,3.64618834243256e-05,4.1831327850834e-07,-4.26257535500259e-08,-2.88533806094639e-10,3.12250225675825e-16,1.24634322137463e-16,-2.87049743431685e-10,-2.6030671478809e-07,3.43921185969495e-08,-5.05360808192631e-08,1.06992061126155e-16,-2.46955961031929e-08,-2.95046001578029e-10,2.76871702495102e-17,6.91242271899388e-17,-1.49741503564959e-16,6.46178412280416e-08,1.91288990363967e-07,-2.79984307200515e-07,1.66966984133729e-07,8.3325098830479e-08,1.73196424263936e-07,-8.34730293529568e-07,-1.22022982317698e-17,-1.86188680412318e-07,3.30364144436729e-07,2.3279837357522e-16,-5.85981554775466e-16,-3.39752055397992e-07,-1.66180717063569e-11,-1.28243327407576e-07,1.00916181038049e-07,1.29325997817491e-07,-6.97493560651162e-09,2.03303858741266e-16,-2.35478335550558e-08,-5.91623287106717e-17,-8.12710498952416e-08,2.14780450369378e-16,-1.49403370380889e-07,1.52096830064291e-17,1.18885408133193e-07,1.65154820825563e-07,1.10854618723394e-08,1.62898763348726e-07,0.000193658141170722,-7.34429899412158e-08,0.00453136158032265,1.10097152646985e-08,5.37263924157945e-08,5.36523524885921e-09,9.05896629303046e-08,-4.26911405436207e-07,-6.77874387545032e-08,-5.58161940039448e-09,-1.3419432747101e-07,7.86523843466671e-18,2.0315894324645e-06,-3.54439215556828e-07,2.25091474801061e-08,2.45579692247731e-16,2.99741489129658e-09,8.19210816629724e-08,2.94087388631772e-07,-1.01457768077073e-16,-7.89641902518387e-07,-3.81945076649126e-08,-1.08304476546922e-16,-5.06403189308405e-08,7.993358176497e-07,-5.24430075302663e-17,-9.00584766622318e-17,-4.70121097859246e-08,-2.28610274053553e-08,-1.30699171825591e-10,-1.82063967411775e-07,4.87813340611124e-08,1.58522317359407e-07,1.38480620230145e-08,1.71380408061223e-07,-2.93557857569068e-07,3.39290227857614e-15,1.18825234009672e-07,4.18602381595848e-10,1.1580171991219e-09,1.08692036050363e-07,-3.07661657238399e-16,-2.03914116788675e-17,3.59000819801384e-08,1.34654212624458e-16,4.07906581870219e-16,2.33260063858771e-07,-2.77156727108989e-07,-9.25773688042355e-06,-3.19842126544127e-09,2.1807726138294e-05,-5.86421867232616e-08,7.57407798656029e-09,1.6849990790953e-16,2.08031900459509e-08,9.79177086496984e-10,4.50458956165575e-09,-5.1049235455478e-07,6.97016439896311e-05,-3.39280327342087e-16,6.19469563343084e-16,-4.64544434757394e-16,-1.61898573073498e-08,-1.5702515772983e-06,-4.5879589430035e-08,1.33888313304079e-17,-6.77159444776349e-08,-3.181192846421e-16,2.04191099890751e-16,1.062787109654e-06,-2.33558696093102e-08,1.30104260698261e-17,-5.85086743495249e-08,-3.37959934962092e-07,1.7720445896221e-15,9.38152875873379e-08,-3.52445478110265e-16,2.60313854562978e-08,6.488831073095e-17,2.60744387209385e-08,2.2641388047946e-07,9.09706115785967e-08,7.78042935706417e-09,5.40800354351525e-08,-1.98575491826801e-07,9.11117241491853e-08,-1.02904178554918e-15,1.47770023084656e-05,-0.0321989852925498,2.28120190940122e-15,4.12760946459009e-08,-2.70559877848142e-09,4.56825688806529e-08,-1.30115114900694e-16,4.10345801720006e-08,6.2709945710072e-07,4.7665296331837e-16,-1.48987124973077e-07,-3.36640879519122e-08,-2.07193506922497e-08,8.41504549948527e-16,-8.30895048530396e-17,3.80851651305056e-08,1.22707788703276e-08,1.00330742287459e-09,-1.46301114937447e-07,1.0193365321532e-08,5.28089771899977e-16,-9.6461931542991e-16,3.89138381400937e-08,2.6983022841577e-10,5.82625166492677e-16,1.03112945710881e-07,1.03128601532684e-16,1.15651148787277e-05,-2.57946105417874e-08,-1.52863143886272e-08,-1.07496553471104e-07,-2.65210685249533e-15,-8.00459351402497e-16,2.2208218831418e-16,-3.20789012173974e-15,-2.87002427000134e-07,-7.84525078750964e-07,-7.68980079352978e-15,-3.33409677670495e-14,2.08494925590502e-14,0.382382736626203,-2.08027217279374e-08,7.20346243011952e-07,-4.11784939351787e-15,2.03049382863085e-14,4.60644977023916e-15,3.42095509981296e-07,-1.97308734117689e-06,-2.27691261449154e-17,-7.80613904085486e-09,2.71201730592494e-07,-4.84415669526553e-16,-2.97253523941485e-16,1.0820603329029e-08,1.0663082643132e-10,3.79679125786399e-09,2.24789292765043e-15,-2.2107731381975e-09,-1.85559887025519e-09,-2.3039911454557e-10,-1.61048200241462e-09,-7.26699480132441e-09,8.46212953205964e-10,-3.6847389459644e-16,-1.03198467333527e-15,2.38729841965922e-15,3.54840376770736e-08,-1.10988004498301e-05,-1.81065289559446e-09,-1.7396328666117e-09,1.04832688141072e-15,-1.17493559831194e-15,1.31644702129495e-15,-6.31848325991148e-16,-5.79794764246598e-16,1.05146483162526e-07,-1.24176195754034e-16,1.12044064283958e-16,-1.61408756041152e-09,-1.70707536129206e-15,-1.4480094128577e-09,2.56705464673219e-16,-1.80169400866853e-09,-1.23145781798537e-16,-2.32416382483771e-09,-2.94796895422481e-10,-1.89725936717034e-07,-7.24501192199694e-16,9.86606145147791e-09,6.12197634020802e-16,1.46270888254233e-08,-2.97178861419935e-07,1.49649982769925e-10,-6.90610137514091e-16,2.22161460954149e-08,8.24156554817804e-16,-5.59904469360571e-09,-3.16400739531975e-08,-3.12512369671432e-15,-6.09768397950985e-16,3.24953245361064e-15,-7.14031567858678e-16,-1.08234140188939e-10,-1.41613635031756e-09,-3.17923396268834e-10,1.79862382742928e-15,-3.48134452249996e-15,-3.7874344733478e-08,1.94454634927163e-07,-4.07382698818314e-15,-8.69311670873654e-16,-1.52623118441892e-09,5.46525737037164e-15,-1.08737096602752e-08,7.68614041289766e-16,1.04183207517685e-07,4.11576578606671e-15,-7.55965553591539e-15,3.74777122850138e-15,3.26933845370613e-13,0.707106781186548,1.39611847756023e-14,1.42169182517415e-08,-9.94599090816686e-08,1.87799475446185e-15,-9.63059756221075e-09,3.67619053718897e-08,7.30558375812452e-16,-6.15639104925808e-15,9.12281335322955e-15,9.86531497846517e-16,3.67670679269828e-09,5.89882597182489e-10,-7.31106738553808e-15,6.49123497214336e-16,-6.72205791707002e-09,-2.39897743861364e-08,-3.99893416555451e-09,-2.63531300381217e-15,3.69409066599946e-15,-1.3479025567998e-15,-1.5070751203675e-16,2.34556098705935e-15,2.62814208426139e-16,1.45248421532048e-08,-1.37656392767649e-08,-2.65215866477145e-09,3.5329565523714e-15,1.36572130062583e-16,1.6070922134799e-15,-1.47845208804374e-15,-9.5989027900908e-16,-1.95542319649115e-15,-1.3958344100121e-15,-3.32651418665895e-16,-3.54115391350481e-16,-2.33024691066574e-16,-2.54275642884742e-16,-8.01981611851064e-17,1.4818827266186e-15,-1.69434675842089e-15,1.03652843554216e-08,1.93665083467547e-16,-1.93150060504744e-16,5.18762912335067e-16,4.13667293753934e-06,-2.56261231973989e-10,-3.53515989440416e-16,-3.79964601669603e-09,7.2226105033974e-06,4.53256580375124e-16,2.53093957545888e-15,-3.789707877035e-08,-3.88115177041244e-16,9.45589703788857e-08,-3.51285593309895e-16,-1.51497206022041e-16,-1.74861048197125e-15,9.33969790669779e-17,4.80912778928132e-10,-6.60789236512956e-08,-8.13990064731857e-17,-1.35634457813417e-16,-1.37580508628817e-15,2.88275726210966e-17,-1.23338839141951e-15,4.71806148241853e-16,-1.99786304056716e-16,2.60134966513228e-16,5.64758309233531e-09,6.11936620688273e-16,-2.37663830960673e-16,1.45236533058874e-16,-2.83864599414429e-16,-2.03318949151695e-16,2.45548820642353e-16,-1.62197361885229e-08,-7.9829614596039e-17,7.0008072405919e-16,1.21047672975986e-08,4.71848776352448e-17,-2.05393484164401e-16,5.15834155128173e-16,7.69662551812478e-17,1.12031358592991e-07,-2.09454003278383e-17,-7.54823416816593e-09,6.00748495772518e-16,-5.22622905634189e-16,1.99672303978564e-16,-7.32248547956555e-16,3.32813962868376e-17,3.51599534795362e-17,2.7380996782203e-10,-3.01781327835373e-16,6.89913677225928e-17,1.06951898924382e-08,-3.42872021068682e-08,3.88145560329723e-16,2.40796332223712e-08,3.52956182120726e-09,-7.09005310547503e-16,-3.87058238493054e-16,7.06217696612709e-18,9.17834285285019e-17,1.62155645854261e-16,-5.99986996367709e-09,-1.84203294451747e-16,-4.46276554038671e-17,-8.94468935717927e-17,2.41001689863421e-09,3.29028805841429e-18,3.80356896882134e-16,5.24929504235126e-16,1.14844842724364e-16,-1.10327287904315e-09,1.11071289666278e-17,3.64742719824151e-09,-1.15044163067757e-16,-3.38817434938625e-16,-2.9233562270198e-16,-1.67626714694574e-16,1.8333329442578e-16,1.00339972828715e-16,-1.20003048624959e-16,-4.02615884661533e-08,-4.17480545374555e-16,-5.20317514534049e-19,4.76232047002596e-07,-1.18115526568173e-16,1.21781123776759e-16,2.49076723976601e-16,6.24385271469037e-17,-1.91062619591245e-16,2.22653746470206e-16,-1.86557511171356e-08,1.63548197095597e-16,4.83834964148216e-16,0.00288932284593632,3.79874447484164e-15,4.32598728855913e-16,1.49793340168252e-16,1.12512524288103e-16,-5.94043111212958e-16,3.28132181334983e-16,-1.80737547431209e-16,-8.15469392080998e-17,-5.1603174592439e-16,7.90086986749818e-17,5.56772898016138e-16,-9.98596365144181e-07,6.25044332535944e-08,-9.65635710631212e-17,2.91327009204022e-16,-1.26604420284617e-16,-9.27809951661351e-17,4.9439619065339e-17,-4.19012225100107e-16,1.16625531994488e-16,2.69113362548075e-16,-7.92033788977699e-10,2.23225123221269e-16,-4.75848068572119e-17,-8.42161772810387e-18,-1.14619859777797e-16,1.01945606045375e-09,-9.6469771202407e-17,-1.1204704635725e-09,3.70599502292175e-16,-2.22717879304577e-17,-9.02810593772535e-17,-3.24677949163556e-16,-1.63355192976931e-16,8.26159252583014e-17,-4.84449053553271e-18,7.07847637950082e-17,2.78730970308e-18,-6.95110676889362e-17,5.2127440356493e-16,-2.36814117219078e-16,-6.18235894548359e-17,-2.0110604237223e-16,2.52144761587173e-16,-1.37411669983248e-16,-1.19501056782298e-16,-4.80226652440214e-17,2.25112221426229e-16,-9.69892056632307e-17,2.74303149638833e-16,-1.20544472391735e-16,-3.61092614385983e-16,1.53422356314879e-16,6.18651395030426e-16,7.84018192865141e-11,-2.45925028312945e-16,-1.03844487102208e-17,1.2706045157927e-16,-1.79675968281477e-16,-3.47744661786733e-17,-2.60827028495081e-16,3.88131014939476e-16,1.08191479035991e-16,2.49905418535764e-17,-5.91554237928431e-16,7.46147935104524e-16,-5.37386515288304e-17,-1.95761733013541e-17,5.969645992019e-17,-1.04453772495522e-16,3.95389707359797e-17,7.21234805773576e-17,-1.0175305013967e-09,-2.78029470746022e-17,-2.25674298322893e-17,7.85296186020734e-17,2.29217466021299e-16,1.91342957681498e-17,-2.40234707448219e-17,-2.23340205804838e-17,-9.62357833046647e-17,-2.44207255325119e-17,2.17322788952337e-10,1.94690507329739e-16,5.9778780446466e-17,-3.58327711173991e-17,4.7707225536283e-17,5.73806752959423e-17,-4.82716105143765e-17,4.74926069065154e-18,-6.86815252033085e-19,-6.20730735950096e-18,-7.49100337677013e-17,-4.44618290976545e-17,-5.85548617659598e-17,1.41606355020425e-16,1.10473137314035e-09,-1.55046888087178e-16,-1.73445384744616e-16,-8.89737175437701e-17,-6.15826833971767e-16,-3.33643793554455e-09,9.91649603801849e-17,-1.56574924559215e-16,-2.67482083926532e-18,4.35194966212044e-17,-1.10271358269575e-17,-1.00917333044126e-16,4.32449966218964e-17,1.99503285608577e-17,3.40865440192945e-17,-9.33985284361698e-17,-9.23425472788073e-18,7.08409617066528e-17,-5.60219391719402e-17,-8.18186932856217e-17,-1.00195346406699e-16,-8.27097218155389e-18,-1.66095575853682e-16
"t397",-0.0368269056736288,-0.00977021498056096,0.00123087797354657,-0.107220115592475,0.0211120375127573,-0.00437962575459948,0.0234310820573643,0.000375727344155487,0.000129122285811686,-0.000416703566339985,-0.000117473653626411,-0.118379518171875,-0.0798881152931594,0.00794955613061835,0.00154533208070043,-0.00211711435692928,-0.000240632412318915,0.0023372580329805,-0.00011172159190222,0.000115569553927181,-0.0027639411837671,0.00119485642004603,-0.0049227458500464,0.125591901735841,0.040930076249399,-0.000359784674894055,0.000351011390618896,-0.00028090350317451,0.00301220412243989,0.00167598802272709,-6.78501117070726e-06,1.44931147740005e-05,-0.00890279260653365,-9.36801813122736e-05,1.85702313465406e-06,-4.500613688825e-06,-0.000428216185922643,1.74736242742797e-06,1.54766032090029e-05,5.12784316893519e-06,0.000422282238593138,-0.000120679231354033,0.161823568234386,0.0012185524758177,-0.00258168811876789,1.15314787611925e-05,-1.81780306505435e-05,0.000128279695039352,-8.92598990339407e-06,1.08743821262192e-05,-0.000360526046534071,3.85920454074374e-07,-4.85238187505815e-10,-1.54268313977413e-06,3.73208590910525e-07,-4.31261732449668e-06,3.51612386451412e-07,-2.57330150921248e-05,8.8113382329206e-06,-1.10171497594499e-05,-1.04988086016939e-05,1.70305051926674e-06,-5.81842544491308e-05,3.13874775953012e-05,-2.67456782926652e-06,0.00414590049070194,-2.41458422315302e-07,9.0893001893597e-06,-2.5270160591337e-05,1.0122478908922e-05,-1.28073071237961e-05,2.05499664256213e-05,-9.32397153423615e-07,-6.95374273787544e-05,2.8961658534742e-05,2.77918509074786e-08,-0.000155408699993259,2.87958038319045e-06,-1.04664050572193e-05,-1.23008531764488e-05,3.61916349276566e-06,5.42693686968698e-05,-6.82431910280239e-06,-4.31619395572758e-05,2.77843243274504e-06,0.00060470233712659,-3.77035252423936e-05,-6.78357952335103e-07,-2.22336363065777e-07,5.81641986945203e-05,-1.44308983646555e-06,3.85292162945194e-07,3.48726294663621e-06,-0.000373785200806769,-1.46189526712917e-07,-4.81312908797102e-05,-1.08904913976396e-05,2.7596077808112e-05,-4.21452485811131e-05,-1.15151976697498e-05,-2.52947703866889e-06,2.0314464571191e-06,-3.46238064284336e-06,1.27556117113903e-06,-5.56805324552062e-07,1.02626205975861e-05,-3.04382814715221e-05,0.000258700349200984,-4.54064755892968e-06,1.10290438284292e-06,4.87463687904579e-06,1.16972435947528e-05,-1.97366650105253e-05,1.78444016445615e-05,-9.10496581339458e-08,3.51445431071428e-06,-5.19842553011931e-06,5.55090207467798e-06,-5.67155347420906e-06,1.40605832570527e-05,-5.28193462194772e-05,1.29883072772951e-05,-1.24873054528048e-05,-3.4327917978298e-05,1.1199723174791e-05,-0.000108629637340591,1.10453028281231e-05,-3.54284015510908e-06,6.9814029480564e-06,0.000230230292200355,-7.29080450749254e-06,2.19655871630851e-05,-4.32646136783925e-05,-5.30153756202877e-06,1.93651072428088e-06,8.96671939861934e-06,-5.38112802591716e-08,-3.70495335448748e-05,1.20952358068249e-05,-3.4846223648956e-05,-2.24905473746469e-06,-8.75344762543068e-05,1.7255894196962e-05,1.1050857003997e-06,3.48653514654196e-06,-2.24985102966229e-07,-1.09998414059662e-05,1.77675468846714e-06,1.18015049193666e-07,-3.02423305624952e-07,-4.7144200295221e-05,-1.42736983021035e-06,-3.08949117623562e-05,1.17006767612733e-05,-3.88410629458897e-06,-3.46643500202433e-07,5.29418310338668e-06,-0.000971248890608474,-3.84553866495723e-06,-1.35426027233598e-06,-0.00161095581093948,2.14547461395183e-05,-9.17301752614275e-05,-0.118661487025509,-0.000123969005089398,-0.110636635680866,-4.67961670227003e-05,-8.0133817067694e-07,-3.98971671797477e-05,-5.86326742246667e-05,0.012066590043401,-0.000243134754223752,-5.68800187849012e-06,-2.16373382153879e-06,-0.00119476904469275,-8.62894027451558e-07,-0.000191512154971567,2.77143996510679e-05,2.82535316122776e-05,0.00106213245275538,-0.000847249736040359,-0.0399125708553921,-9.98122896650401e-05,-2.39692022797219e-06,-3.48577471325527e-06,-4.01237587419798e-06,-4.25400595813783e-05,3.55949340426725e-06,1.556044588303e-05,-0.00010445961718463,-1.59899324450058e-07,1.79575770195704e-07,6.04424704741785e-07,9.75185825175333e-09,6.72416210267069e-08,-5.44267805903625e-08,-8.85824882183014e-08,-3.42734841619674e-07,3.49503087425707e-08,4.11745312511529e-09,3.80565915982225e-09,2.72171490289376e-07,-7.43564547021378e-12,5.19985298834771e-08,7.17043982604763e-09,2.53654822878862e-07,-4.52265691196664e-09,-1.55864141659218e-07,1.82714237699018e-08,-7.37427353357372e-10,-3.47961176194299e-07,2.06044499802573e-05,-1.63075726988289e-06,-2.39705332309048e-08,-1.53167562025767e-08,-2.26640777003415e-08,4.89066380089013e-08,4.49026054778447e-09,-1.05059926392471e-08,-5.95613039228458e-08,-3.37898270807561e-07,3.15049916437349e-06,1.25143757371023e-07,4.17125727326001e-07,-1.15351856692723e-07,-5.98920265336456e-08,-6.34219018892331e-07,-4.71710806962131e-08,-7.68862110494649e-08,-6.35781914815629e-08,1.3765873783659e-06,8.90992661347999e-06,2.21757819743166e-08,3.72733105412453e-08,-2.03240080032999e-09,-3.38425563678933e-08,-1.78241788516544e-07,2.99582703637124e-17,-2.72817934597407e-08,2.05693543163087e-06,-5.93081522478629e-08,-1.08156386141257e-06,-1.74678354308276e-07,2.08874570656339e-07,-3.40556315576978e-08,1.23636696040425e-06,-2.81875036382417e-09,1.85478930086284e-10,-8.88131359241754e-06,4.24162249385465e-07,-1.32742034088677e-08,1.81389128016417e-06,-8.3481348235802e-08,2.90937414490429e-08,-1.80763993357091e-09,1.30700230968166e-07,-1.04019788037793e-07,1.01160681812204e-06,2.70895024873621e-08,-4.5569260941405e-09,7.34958755689293e-08,-1.21426669352001e-08,1.00438886458108e-06,2.43108733843532e-05,3.57790785958055e-09,-1.07605937146609e-09,-3.9281098622808e-09,-1.83425514354051e-07,6.9281653489873e-07,-4.20803897444926e-09,-1.91307226941957e-09,6.60516588724556e-09,-3.12133144006931e-05,3.22036172312645e-06,-1.00308657354329e-06,0.000356097886229527,-1.13108671149339e-05,2.07183346464803e-06,-1.60518032891116e-05,0.279089011500474,4.36591903426939e-06,-5.98298044707181e-15,-2.70819979715924e-06,-8.53605428809183e-08,-1.02102252432495e-09,-6.2918794338545e-06,5.77247367324388e-08,-3.33288318412963e-08,-7.5511457053666e-07,6.50591355240819e-08,-5.12073687147336e-07,1.3370397294441e-06,4.66107163696475e-08,-3.75409327387748e-08,4.78938095496659e-07,-5.75226036444255e-07,1.99557604043518e-05,-2.51588023824611e-07,2.85689466865673e-06,1.42936547350548e-08,2.29844187941158e-06,5.80122433547756e-07,-4.86802555561151e-06,1.84484860679358e-07,-4.43436230790274e-07,6.00869329105874e-07,-2.18598310063011e-06,1.42768344825988e-07,1.29712014499984e-07,1.01101270644905e-06,-9.51770491545497e-05,-1.34392851252735e-07,6.420357224243e-05,-7.42656772805517e-07,1.85509042079718e-08,1.75754161189521e-07,-3.56636621487585e-07,-3.72638234671755e-16,2.71024599509873e-09,2.69862237277029e-05,-2.25999740493129e-05,3.22359289166661e-05,0.408430944674795,-1.02020972614491e-06,-7.48172256804295e-07,5.44973974840604e-06,-7.86031743745399e-07,-1.54736208897814e-15,4.03999485998722e-08,9.83183422236087e-11,-1.71032580486631e-09,1.01919480012452e-07,4.02007648169053e-08,-3.42351405644107e-09,-1.62978525273309e-07,4.86975246587551e-08,-0.000106642741848606,4.0176922524638e-07,-8.89051780102009e-08,-1.68250078089269e-07,-9.14894148387921e-09,-9.49574091178764e-09,-1.82192763300573e-07,1.2630373050445e-06,-2.10878583030907e-07,6.45311824689492e-16,-5.5480070151766e-06,4.66051261303543e-07,5.26542748474496e-06,1.50280973117437e-07,-7.38573207846616e-07,-5.57036838775099e-06,0.0247230681638226,0.000525197495477102,4.41403227318987e-07,-5.30606507448965e-16,3.96090227589637e-07,1.44618491085343e-06,2.32133915297551e-07,-8.76380955911122e-16,-2.67560564095557e-07,-2.41866901402454e-06,3.49189992979782e-07,1.65997880758681e-07,4.59194760144188e-08,2.13486621493411e-08,6.83118803058578e-07,-1.35202170034926e-08,-1.37667625312863e-07,-4.94840581770842e-08,-1.24474499085561e-08,-1.21352300971999e-07,-2.02273423045596e-16,-3.28909168509969e-09,4.84430599454343e-09,7.39512800703932e-08,-1.29991985594247e-08,-9.54641288163112e-17,-2.14735181829606e-08,3.68857072953997e-08,-1.39153936150033e-08,-1.28003387517715e-08,-3.36073216653872e-08,2.63442424075974e-07,-5.41836743842751e-07,8.59794778500646e-08,-7.51692937870555e-18,3.42874690039721e-07,-4.64357911141955e-07,3.64618834243235e-05,4.18313278561633e-07,-4.26257535081332e-08,-2.88533735030165e-10,-5.89805981832114e-17,-1.14265379281019e-17,-2.87049912544012e-10,-2.60306715061932e-07,3.43921186880108e-08,-5.05360807385603e-08,1.36165035150437e-16,-2.46955961469921e-08,-2.95045907410914e-10,2.40407615420317e-16,-1.30992102425221e-17,-1.69877104960271e-16,6.46178412421268e-08,1.91288990279154e-07,-2.79984307191726e-07,1.669669841812e-07,8.33250987088653e-08,1.73196424286033e-07,-8.3473029353488e-07,4.06760132450473e-18,-1.86188680126166e-07,3.30364144260113e-07,-2.69764098344336e-17,-1.19125691324678e-16,-3.397520554155e-07,-1.66179252641256e-11,-1.2824332726082e-07,1.00916180985669e-07,1.29325997850287e-07,-6.97493540165913e-09,-9.59830554999294e-19,-2.35478335279723e-08,1.9985130578543e-17,-8.12710496940779e-08,1.76833374332386e-16,-1.49403370302379e-07,-1.98861856626335e-17,1.18885408288409e-07,1.65154820551121e-07,1.10854616046497e-08,1.62898763327291e-07,0.000193658141170576,-7.34429900280573e-08,0.00453136158032321,1.10097151764461e-08,5.37263923139421e-08,5.36523539467709e-09,9.05896627268979e-08,-4.26911405473564e-07,-6.77874388329706e-08,-5.58161956692549e-09,-1.3419432699419e-07,-6.50237642456144e-17,2.03158943256086e-06,-3.54439215412187e-07,2.25091474490163e-08,3.09606018249257e-16,2.99741491000417e-09,8.19210818027751e-08,2.94087388536007e-07,1.2677805364089e-16,-7.89641902552146e-07,-3.81945079197233e-08,2.15285938437725e-16,-5.06403189254199e-08,7.9933581755691e-07,1.24203876495337e-16,-7.05430913549235e-17,-4.70121093376536e-08,-2.28610272225493e-08,-1.30699185068986e-10,-1.82063967502822e-07,4.87813340617403e-08,1.58522317168572e-07,1.38480621490469e-08,1.71380408068059e-07,-2.93557857564169e-07,3.03511556165592e-15,1.18825234216765e-07,4.18602524891246e-10,1.15801694455897e-09,1.08692036048638e-07,-2.33034483481063e-16,1.03538454830906e-16,3.59000821962888e-08,-5.43306089908421e-16,6.71449493630225e-16,2.33260064087967e-07,-2.77156727130924e-07,-9.2577368801228e-06,-3.19842128926182e-09,2.18077261382198e-05,-5.86421869537556e-08,7.57407851816662e-09,-3.4924825355226e-17,2.08031900767823e-08,9.7917738209863e-10,4.50458938411261e-09,-5.10492354677562e-07,6.97016439895122e-05,5.1710457305542e-17,3.44484718586921e-16,1.71597652546192e-16,-1.61898575690777e-08,-1.5702515771574e-06,-4.58795894642195e-08,-2.33592853905405e-16,-6.77159445255304e-08,2.55803135363102e-16,-9.69414438803692e-17,1.06278710939871e-06,-2.33558694630784e-08,-5.66820895775422e-16,-5.85086744679494e-08,-3.37959934853719e-07,1.06336939210404e-15,9.38152877037812e-08,-4.46196525134617e-16,2.6031385588778e-08,-2.1559832723518e-16,2.60744388356441e-08,2.2641388065834e-07,9.09706116031107e-08,7.78042864120867e-09,5.40800350923472e-08,-1.98575492218957e-07,9.11117239567239e-08,5.00006684449965e-16,1.4777002308853e-05,-0.0321989852925492,2.88250645152243e-15,4.1276094567631e-08,-2.705598856244e-09,4.56825688511612e-08,-3.08114176156001e-16,4.10345798826134e-08,6.27099457127906e-07,-1.9365899383369e-16,-1.48987125010126e-07,-3.36640879518986e-08,-2.07193508321969e-08,-3.83986291852969e-16,1.00526991653698e-15,3.80851650824042e-08,1.22707789462018e-08,1.00330796847541e-09,-1.46301114619288e-07,1.01933648153067e-08,-4.35488368849994e-16,6.10767077252913e-16,3.89138379843099e-08,2.69829068791348e-10,6.64158637442555e-16,1.03112946107567e-07,-3.48296345765838e-16,1.15651148793518e-05,-2.5794609208663e-08,-1.52863137052029e-08,-1.07496553259299e-07,-2.68718499302684e-15,2.07879825534633e-16,1.13107170441323e-15,-3.20768832402648e-15,-2.87002426853358e-07,-7.84525078244831e-07,-7.66898341044269e-15,-3.33353849461524e-14,2.2755878866384e-14,0.382382736626204,-2.08027216350095e-08,7.20346241492094e-07,-4.44404211045736e-15,1.98523380894045e-14,1.84845628387054e-15,3.42095510113786e-07,-1.97308734164598e-06,-9.95926281209285e-16,-7.80613857067721e-09,2.71201730063865e-07,1.69365445740891e-16,5.84189673897916e-16,1.08206043589839e-08,1.06630831540041e-10,3.79679125879491e-09,2.97127231398293e-15,-2.21077315926324e-09,-1.85559897066507e-09,-2.30400127307348e-10,-1.61048276018972e-09,-7.26699485766547e-09,8.4621216470795e-10,9.95235588306256e-16,-2.23897283091738e-15,-8.76257419852774e-16,3.54840386552097e-08,-1.10988004487041e-05,-1.81065203738744e-09,-1.73963300879062e-09,1.04147099673564e-15,4.46933021970428e-16,-9.33896094108372e-16,1.07475434554757e-15,-1.08925764457572e-16,1.05146483820006e-07,1.73457293907888e-16,2.43610665482796e-16,-1.61408678238602e-09,2.71106587040776e-15,-1.44800793987766e-09,-5.97835668015847e-16,-1.80169460246392e-09,8.64033278787188e-17,-2.32416505610416e-09,-2.94796962461788e-10,-1.89725936955766e-07,8.15617295662763e-16,9.86606098045935e-09,-2.44384914227522e-16,1.46270885493396e-08,-2.97178860837765e-07,1.4964957269585e-10,3.32836188299085e-16,2.22161475830279e-08,-3.9656102669989e-16,-5.59904387471942e-09,-3.16400748232052e-08,2.66615277635249e-15,6.49203614477873e-16,-3.70871741038462e-15,5.13192137546828e-16,-1.08235190234966e-10,-1.41613544662841e-09,-3.17928862531609e-10,-1.29099886117102e-15,3.2741825394754e-15,-3.78743498613225e-08,1.94454625654199e-07,4.2124895250297e-15,3.31712171560781e-16,-1.52622948403616e-09,-4.0283320263002e-15,-1.08737067871786e-08,-1.85083641635521e-16,1.04183204286806e-07,-3.98116183694285e-15,7.39100884403254e-15,-3.66650249145414e-15,-3.26512512084924e-13,-0.707106781186547,-1.45444419029521e-14,1.42169241151037e-08,-9.94599131948962e-08,-1.6487436577472e-15,-9.63059710224388e-09,3.6761908528678e-08,-4.59484852939488e-16,6.78214931228824e-15,-9.03170150179742e-15,-6.82174765045709e-16,3.67670997639845e-09,5.89879064489279e-10,6.97893378831368e-15,-5.084298780709e-15,-6.72206015677503e-09,-2.39897739819034e-08,-3.99893435842178e-09,2.4206224572028e-15,-3.37109699159133e-15,1.38667215771827e-15,1.09399025182862e-16,-2.2579118941338e-15,-3.91454163842324e-16,1.45248413216607e-08,-1.37656385829449e-08,-2.6521598340695e-09,-3.45308166442483e-15,1.32872674790689e-16,-9.31146277311351e-16,1.56544598407522e-15,7.84262499865024e-16,2.22179094389216e-15,5.54381983273454e-16,-8.66466835843226e-18,2.58212517816017e-16,1.9648731022517e-16,4.39143895274392e-17,4.38484386078202e-16,-1.3476400147526e-15,1.65326560091269e-15,1.0365283493223e-08,-8.19154912736378e-19,-1.56531633072638e-15,-6.72188923085929e-16,4.13667293594058e-06,-2.56261430677171e-10,4.57160355798391e-16,-3.79964536270462e-09,7.22261050360267e-06,-5.1170400685087e-16,-2.00373634617444e-15,-3.78970789136949e-08,5.00780926744282e-16,9.455897011643e-08,5.09223876114961e-16,1.779432645869e-16,1.88486003923248e-15,1.62205443928529e-16,4.80912715489916e-10,-6.60789234291694e-08,-5.04043726329277e-17,1.4000004504968e-16,1.46750006850056e-15,-2.04709575350456e-16,1.19500763451352e-15,-4.00997903546117e-16,2.49656697653353e-16,-8.39650400015971e-18,5.64758249601039e-09,-4.89216253881371e-16,2.64840882015001e-16,-1.20153792016188e-16,9.86068953247333e-17,3.78285571304529e-16,-2.49104868027007e-16,-1.62197363172617e-08,5.1225322002429e-17,-8.06333272068108e-16,1.21047671906318e-08,4.16111924282307e-16,-1.00611425161816e-16,-4.9077072791604e-16,2.47562858701448e-16,1.12031358651077e-07,3.3964361341515e-17,-7.54823392485568e-09,-5.03103633043649e-16,4.96414797594532e-16,-2.80873210888896e-16,2.77090311551773e-16,7.8725398586672e-17,-1.80921545700805e-16,2.73809515787544e-10,-2.91423584789568e-16,-3.75856614572485e-16,1.06951897466108e-08,-3.42872013375859e-08,-2.99533448638114e-16,2.40796334497216e-08,3.52956171080836e-09,6.94352093569752e-16,3.62884408334563e-16,-1.29492871934371e-16,1.12144123538254e-16,-2.23009768821945e-16,-5.9998700474266e-09,1.22083248652052e-16,2.5472056441938e-16,2.66313876471891e-17,2.4100167820164e-09,2.01313101852782e-16,2.57422817077993e-16,-6.64442103870646e-16,-2.22134540292189e-16,-1.10327260560398e-09,-9.46494618965954e-17,3.64742753589763e-09,1.25693913285434e-16,5.34819122818478e-16,2.65869579334399e-16,-1.64399770262422e-16,-2.48426508304079e-16,-1.02515912040083e-16,5.70524283952973e-18,-4.02615876660932e-08,3.03123838594807e-16,3.68592713730514e-17,4.76232046819569e-07,2.6351163456037e-17,-1.3353168705005e-16,-1.34408911926843e-16,-1.7059631442313e-16,1.71722622452329e-16,-3.246132784293e-16,-1.86557513601256e-08,3.58566851549206e-17,2.76969283849077e-16,0.00288932284593645,3.04338082229371e-15,2.81737547020627e-16,-1.88938138529941e-17,-3.34173072126579e-16,6.37870533984121e-16,-4.30809180829464e-16,1.99851057873188e-16,-2.55666398662141e-17,4.36647862084369e-16,9.62180642108109e-17,-6.51097149411499e-16,-9.98596365195085e-07,6.25044333268862e-08,-2.1181496142658e-16,-1.87556190472192e-16,1.47602587087094e-16,-5.16516498380351e-17,-1.16876994193937e-16,4.61562953468284e-16,7.38755864984504e-17,-5.27239677701344e-17,-7.92033767958998e-10,-2.93634681329103e-17,1.87979974842254e-17,-7.24124378166595e-18,-7.15032907080935e-17,1.01945605611186e-09,7.87633863547864e-17,-1.12047037011412e-09,-2.89370860077466e-16,-1.75215744073255e-16,-4.46340993293178e-17,2.83297569277814e-16,8.93814591614155e-17,-8.65776566327161e-17,-8.98139848884272e-17,7.23030235176962e-17,6.89535961117063e-17,9.63100739818891e-17,-4.76933840658798e-16,2.11113897072574e-16,4.80813098117631e-17,1.81878645177086e-16,-2.57613727169835e-16,3.84575751262964e-17,1.19726597034394e-16,4.76261597441846e-17,-2.38879360605241e-16,1.08471881360834e-16,4.87890977618477e-17,1.66290778893065e-16,1.73148006106249e-16,-2.20925415385356e-16,-1.30321159670099e-17,7.84017909261568e-11,1.6788753759478e-16,9.84694494073229e-17,-1.86603751502994e-16,-1.00329951692826e-18,-7.65377909497389e-17,2.07977709213706e-16,-4.19377732459447e-16,1.92762159078881e-16,-2.88621521108107e-17,4.57381630622535e-16,-3.43258407808911e-16,8.73872162473149e-18,4.94758077759429e-17,1.89239986335562e-16,-3.64875587943456e-17,-6.64987520820075e-17,-4.77772026653556e-17,-1.01753048087224e-09,2.27416936596034e-17,5.68003125071456e-17,9.23538528822866e-17,1.18784315383623e-16,3.52462407279353e-18,-3.85273297595641e-17,2.53600363734899e-17,1.02128404423974e-17,-9.50712049012555e-17,2.17322867169371e-10,9.33176042023452e-17,-7.49773590169451e-17,2.25649905341725e-17,5.70134988678303e-17,-1.91118719041965e-16,-7.36136428213672e-17,-5.14522262757958e-17,-1.40021705438367e-16,3.63209719031932e-18,-9.28189083393231e-17,7.47730024220771e-18,-9.27125782574505e-17,1.42078155471019e-16,1.10473135890554e-09,-1.82279759649428e-16,3.04390504578855e-16,-2.28549959187831e-16,-3.38921599118969e-16,-3.33643803088402e-09,2.66256805122686e-17,-5.1720924743577e-17,4.60062224838787e-17,1.00702954708943e-16,8.74203025239346e-17,1.33316223769882e-17,1.46777708003663e-16,2.16270743243113e-17,1.004660312857e-17,3.12987606080395e-17,1.42985469103034e-17,1.70558561873742e-16,1.36908713553909e-17,-5.00308741860614e-17,3.37807660231348e-17,9.01481430991276e-17,-1.61104981257344e-16
"t604",-0.0368219090657948,-0.00976742323343594,0.00123051490123935,-0.10717774737109,0.0211018274380144,-0.00437714181104158,0.0234175327023295,0.000375492846237865,0.000129027162017867,-0.000416331626488904,-0.000117340791534784,-0.118214784299047,-0.0797737186969909,0.00793800172121552,0.00154298888592003,-0.00211371634931492,-0.000240237050979296,0.00233334893361041,-0.000111530449185559,0.000115354914083356,-0.00275839319619609,0.00119196782845957,-0.00491018647678671,0.125269673295161,0.0408246548017477,-0.000358814400539244,0.000350053730281195,-0.000280130330808448,0.00300369381642371,0.0016704099460003,-6.76095497621258e-06,1.44394320005104e-05,-0.00886747921052227,-9.32913087135405e-05,1.84892872106961e-06,-4.47946269381455e-06,-0.000426178778696585,1.73891945231808e-06,1.54013255032771e-05,5.10253864889282e-06,0.000420139878156485,-0.000120052499805759,0.16097092648552,0.00121212432759718,-0.00256783719301062,1.14657620259639e-05,-1.80725665580417e-05,0.00012752922848399,-8.87255435385296e-06,1.08076712798899e-05,-0.000358242727157691,3.83440405642347e-07,-4.82113233967021e-10,-1.53256886676646e-06,3.70676253294572e-07,-4.28320486988969e-06,3.48992477814531e-07,-2.55367980209874e-05,8.74396773958472e-06,-1.09281808288131e-05,-1.04105903460978e-05,1.68846318194415e-06,-5.76781884833426e-05,3.11134341464745e-05,-2.65055360998303e-06,0.00410774976866223,-2.39117061605593e-07,8.9991348638584e-06,-2.50168674123932e-05,1.00191258089314e-05,-1.26638601223241e-05,2.03042235201391e-05,-9.2113817740069e-07,-6.86809275317437e-05,2.86040558226743e-05,2.74457823733546e-08,-0.000153467046175214,2.84301312483976e-06,-1.03286324455727e-05,-1.21366201858378e-05,3.56967894736303e-06,5.3523561140007e-05,-6.72704939986198e-06,-4.2540079743465e-05,2.73656252291199e-06,0.000595480242990357,-3.71216164720123e-05,-6.67868170155367e-07,-2.1889654297334e-07,5.72631929135169e-05,-1.42063451077706e-06,3.79042283520439e-07,3.43048399379546e-06,-0.000367546477655887,-1.43646465044507e-07,-4.72888959271371e-05,-1.06998316595419e-05,2.71054951319293e-05,-4.13917889072413e-05,-1.13049621426415e-05,-2.48251277352769e-06,1.99367305448723e-06,-3.39789255330149e-06,1.25001988682367e-06,-5.45597569525105e-07,1.00552067687106e-05,-2.98186674641399e-05,0.000253423605891222,-4.44770378879083e-06,1.08020820584794e-06,4.77415031052246e-06,1.14536396443519e-05,-1.93251353799074e-05,1.74623975726182e-05,-8.9089701897315e-08,3.43788702133286e-06,-5.08456368668257e-06,5.42753914645783e-06,-5.54375839508823e-06,1.37404840750312e-05,-5.16098830640897e-05,1.26849609058728e-05,-1.21919664504296e-05,-3.35156347730789e-05,1.09342334942426e-05,-0.000106021539483352,1.07798359058227e-05,-3.45676314247753e-06,6.80655684281828e-06,0.000224462354216099,-7.10770481470805e-06,2.14029105193024e-05,-4.21520728689399e-05,-5.16483128160817e-06,1.88600937600731e-06,8.73251680774054e-06,-5.23725003386593e-08,-3.60404546445108e-05,1.17575755379038e-05,-3.38727579607211e-05,-2.18596268718775e-06,-8.5073691926434e-05,1.67691422884125e-05,1.07387318802993e-06,3.38805825180813e-06,-2.18571456524478e-07,-1.06805215869101e-05,1.72423150265895e-06,1.14510712454841e-07,-2.93354649953409e-07,-4.57294064500908e-05,-1.38437516337854e-06,-2.99622767588794e-05,1.13465893146411e-05,-3.76389677944782e-06,-3.35877091248316e-07,5.12933850704294e-06,-0.000939286584429413,-3.71732708076908e-06,-1.30901894483447e-06,-0.00155654862974158,2.07285364424479e-05,-8.85820337239048e-05,-0.114582274228673,-0.000119650250972831,-0.106733067878302,-4.50845425030232e-05,-7.71991659635264e-07,-3.84355894893017e-05,-5.64743720077693e-05,0.0116199109829388,-0.000234127169096345,-5.47493880318876e-06,-2.08240482368546e-06,-0.00114952762981147,-8.30160289581293e-07,-0.000184240441784437,2.66440683211574e-05,2.71433612113508e-05,0.00102027459957835,-0.000813766420775269,-0.0383221477617758,-9.58223896885962e-05,-2.3008089310815e-06,-3.34559546130538e-06,-3.84944447622418e-06,-4.08084808091802e-05,3.41160313173934e-06,1.49135033620492e-05,-0.000100087034359515,-1.53081221605359e-07,1.71801867764638e-07,5.78122927587224e-07,9.32423095919272e-09,6.42761664091815e-08,-5.19858067606813e-08,-8.45952964698752e-08,-3.27190124767369e-07,3.33591176996492e-08,3.92451526951127e-09,3.62709245780783e-09,2.59246877324401e-07,-7.0782380197792e-12,4.94305711701545e-08,6.81628164908364e-09,2.41095002101319e-07,-4.29699943944231e-09,-1.48046206092933e-07,1.73421420930902e-08,-6.99280361450355e-10,-3.29717167304727e-07,1.95196671013063e-05,-1.54330267352511e-06,-2.26719582642604e-08,-1.4486768485906e-08,-2.14263045937239e-08,4.61827123875115e-08,4.23923324189008e-09,-9.90695111491339e-09,-5.61191216509711e-08,-3.1827982952754e-07,2.96409286750185e-06,1.17706292222844e-07,3.92214528609239e-07,-1.08360782996152e-07,-5.62514484030885e-08,-5.956397082467e-07,-4.42558111855888e-08,-7.20889597825046e-08,-5.95693012183466e-08,1.28937413508762e-06,8.34266778447932e-06,2.07574655812458e-08,3.48863038254649e-08,-1.90068765989527e-09,-3.16331367538083e-08,-1.66512568926112e-07,4.12819922940845e-17,-2.54661098210038e-08,1.91973222638323e-06,-5.52905760045849e-08,-1.00742963399154e-06,-1.625893738948e-07,1.94410639718861e-07,-3.16552532636381e-08,1.14896495709215e-06,-2.6192143443212e-09,1.72263580374764e-10,-8.24576141804403e-06,3.93567069458694e-07,-1.23133616116662e-08,1.68240459867731e-06,-7.73820485696456e-08,2.68978135814177e-08,-1.66964523218467e-09,1.20628393393581e-07,-9.58400564344672e-08,9.31943891009364e-07,2.49262024040566e-08,-4.19017880348516e-09,6.75151856255725e-08,-1.11510774198578e-08,9.22066206035464e-07,2.23081055082922e-05,3.28093029050004e-09,-9.86666539568262e-10,-3.59554799042656e-09,-1.67889634816171e-07,6.34107526584708e-07,-3.84962803070430e-09,-1.74982142855457e-09,6.03811647748693e-09,-2.85306768226711e-05,2.9334961110086e-06,-9.13383577468362e-07,0.000324154646468434,-1.02890433530777e-05,1.88360580752595e-06,-1.4574892401532e-05,0.253315924639669,3.96156866985345e-06,-5.08478363295386e-15,-2.45487636097135e-06,-7.73655499881177e-08,-9.24985756751963e-10,-5.69411966762116e-06,5.21935057654564e-08,-3.01222888070036e-08,-6.82320196824597e-07,5.862472202321e-08,-4.61345954912131e-07,1.20452944679472e-06,4.19566605152295e-08,-3.37127352127956e-08,4.29921507545027e-07,-5.16206551276583e-07,1.78912198397462e-05,-2.24730549885134e-07,2.54791228283032e-06,1.27465765622215e-08,2.04961311412403e-06,5.15276310696706e-07,-4.30361320276399e-06,1.62995771766492e-07,-3.91432967089797e-07,5.29822818902557e-07,-1.9268624647368e-06,1.25486860334987e-07,1.13986239804207e-07,8.88087841501446e-07,-8.35820566795848e-05,-1.17914224854152e-07,5.62748589949164e-05,-6.5033733180165e-07,1.62382117683085e-08,1.537364124323e-07,-3.11493538146297e-07,-3.40456143660191e-16,2.3450997249113e-09,2.33279740614851e-05,-1.95080543266288e-05,2.78245099566021e-05,0.352522014168963,-8.80242107161997e-07,-6.45091557684061e-07,4.69511091488206e-06,-6.76076417812674e-07,-1.26773298243892e-15,3.46158559521484e-08,8.42015344863541e-11,-1.46324072723554e-09,8.71847357351896e-08,3.43002429833629e-08,-2.91682691953756e-09,-1.38573188620183e-07,4.1346473632599e-08,-9.02638421557057e-05,3.39078849730529e-07,-7.4892529566364e-08,-1.4158125738026e-07,-7.69367375999331e-09,-7.97587318911684e-09,-1.53011371214211e-07,1.05984605820225e-06,-1.76837298325145e-07,1.09328159900144e-15,-4.62935907832872e-06,3.8847547449033e-07,4.38893430796297e-06,1.24889874838094e-07,-6.13505425874767e-07,-4.60097270155941e-06,0.0203871192847293,0.000432947164381371,3.63421822303519e-07,-8.11496393792954e-18,3.25651715127745e-07,1.18837240483485e-06,1.90371056891083e-07,-5.33567776787256e-16,-2.18946416349761e-07,-1.97818808011249e-06,2.85519848291716e-07,1.35654955359034e-07,3.74907348433964e-08,1.74177318251932e-08,5.57027967837499e-07,-1.10065063559262e-08,-1.12050162078834e-07,-4.02300733001018e-08,-1.0099240470092e-08,-9.84490130558831e-08,-4.35581963505314e-17,-2.65764752695295e-09,3.91153337520191e-09,5.9618906935937e-08,-1.04548776527571e-08,-8.62142312821302e-17,-1.71805728017818e-08,2.93350454431268e-08,-1.10365103450264e-08,-1.01390591346684e-08,-2.65787739560643e-08,2.07741574036243e-07,-4.25232294429274e-07,6.6657420844638e-08,-1.79441432387936e-16,2.6285035964196e-07,-3.556244830388e-07,2.78654654161687e-05,3.18752307162569e-07,-3.24732181252592e-08,-2.19628084033926e-10,6.93889390390723e-17,-2.4226298120931e-16,-2.17439430372667e-10,-1.96335979443481e-07,2.59262263581885e-08,-3.79474965912218e-08,-3.84416373445995e-18,-1.83823490632333e-08,-2.18749126218257e-10,4.04417005276152e-16,4.39777622399554e-18,-1.39349726528019e-16,4.72996474329613e-08,1.39788152582934e-07,-2.03413646508555e-07,1.2069522589518e-07,6.01972677276566e-08,1.24440813936777e-07,-5.99367517337562e-07,-1.24636729241569e-16,-1.32172976741436e-07,2.33556138065088e-07,-4.19231818113568e-17,2.75647827577994e-16,-2.36214743530349e-07,-1.15055730056707e-11,-8.82903836617708e-08,6.9209650061357e-08,8.80299585538898e-08,-4.74188605275523e-09,-5.10625622097282e-17,-1.59819141712511e-08,2.70135582128463e-16,-5.48885792571107e-08,-1.76063590789921e-15,-1.00534683668178e-07,-1.68648514605453e-17,7.96224388168252e-08,1.10504627437993e-07,7.32149875053846e-09,1.07283455983117e-07,0.000127389412837986,-4.80590652409546e-08,0.002951562394387,7.09323133609645e-09,3.46108962650977e-08,3.44445683222688e-09,5.77878622655244e-08,-2.69960664774132e-07,-4.2544599146428e-08,-3.48203539244852e-09,-8.34641422784567e-08,-1.13500542538654e-16,1.25164476539462e-06,-2.16327793863535e-07,1.33589620929682e-08,1.28302122162997e-16,1.76383334727176e-09,4.75718387578517e-08,1.69788931497999e-07,4.74326456995201e-16,-4.54516899740582e-07,-2.17171677858115e-08,-2.95328669421213e-16,-2.86164207766068e-08,4.34222006556334e-07,1.49828662269487e-16,5.50541144810192e-16,-2.51173859030817e-08,-1.21954283263923e-08,-6.9220114472009e-11,-9.55908664758228e-08,2.50962282532881e-08,8.14066222223073e-08,7.09318163228918e-09,8.52625595069782e-08,-1.42380031436478e-07,-3.3586414899256e-15,5.70567113496971e-08,2.00650077638851e-10,5.51649507537617e-10,5.13872737588064e-08,4.99528581502731e-16,8.35592401079088e-17,1.67937754306048e-08,3.85934905664369e-16,-1.3358254661648e-15,1.01396575791736e-07,-1.18801713501433e-07,-3.96709213256149e-06,-1.32708884375699e-09,9.00744394263453e-06,-2.41978393155087e-08,3.10549969264494e-09,-3.59209189105482e-16,7.92442740633243e-09,3.66601237586622e-10,1.67668840874186e-09,-1.84368291671675e-07,2.37028887684132e-05,1.60887158765315e-16,-9.26129219249435e-16,1.07651778799094e-15,-4.97680598939857e-09,-4.59076074371987e-07,-1.33596410125036e-08,2.88195931233651e-16,-1.86925606940726e-08,3.87085372577909e-17,-1.70929289218749e-16,2.14331732190516e-07,-4.68625908751414e-09,1.45586667721354e-15,-1.05384317195381e-08,-5.66740763110828e-08,-1.37027071077576e-15,1.32395186135016e-08,1.34761332783258e-15,2.78191929680079e-09,9.85985252661519e-17,2.70289284575688e-09,2.29040455945613e-08,8.9440893505048e-09,7.33933161943283e-10,4.6093460023025e-09,-9.80794874006277e-09,-5.01272771277283e-10,-1.41190991268461e-17,-1.22948786969049e-06,0.00296874152783154,2.5645813554532e-16,-4.30963448502249e-09,3.44580850501513e-10,-6.8006360694876e-09,6.00274524180973e-16,-9.38641304723025e-09,-1.54195728104859e-07,-2.42188788836863e-16,4.01408431270999e-08,9.47179294681186e-09,6.78998575040794e-09,-3.97304321413486e-16,-4.4537413544863e-16,-1.72103715061994e-08,-6.28441051121373e-09,-5.26856688201342e-10,1.26592901055164e-07,-9.5359149167523e-09,-1.61548128168538e-16,4.67584291010807e-16,-3.84119508681652e-08,-2.68168100222605e-10,-1.03058700198714e-15,-1.12191158369375e-07,2.24652414420155e-16,-1.37383348630109e-05,3.46032614586942e-08,2.06858596525924e-08,1.50549630186601e-07,4.23304536134844e-15,7.36686288823081e-16,-1.09194825789644e-15,6.79494720469392e-15,5.53963294546815e-07,1.55666373176421e-06,1.66234822066544e-14,7.30309436260958e-14,-4.84107993134975e-14,-0.840284212519242,4.78381844739846e-08,-1.88252557728017e-06,9.40463870925816e-15,-4.44808577991507e-14,-7.20717973148877e-15,-1.48450361791528e-06,8.73834748570636e-06,1.03512783149209e-15,4.44896433901201e-08,-1.73522307169638e-06,3.22697790077346e-16,-1.62309563227672e-16,-9.53795497040931e-08,-9.68069666767359e-10,-4.38754971817745e-08,-5.57134562943716e-15,4.49367317431964e-08,6.25207890581499e-08,6.33260869929644e-08,-5.385967622435e-08,-1.88609554775112e-07,1.55872947909282e-08,-7.51078159122773e-16,3.20403108980514e-15,-1.94006107218767e-15,2.6251858423019e-07,-8.14280687711709e-05,-1.24343790048828e-08,-9.1648776417381e-09,-3.0677323657262e-15,9.03327616732813e-16,-3.42748563452472e-16,-7.10316347260264e-16,3.91291202607155e-16,4.54120974387081e-07,-8.50647789217094e-17,-5.57191678845184e-16,-6.54109444159426e-09,-1.12243055359295e-15,-5.84919750428547e-09,5.25115177184546e-16,-7.23883262824832e-09,1.52539385784771e-16,-8.48748946082424e-09,-1.05459222772161e-09,-6.58568137860228e-07,-8.31356672998001e-17,3.30686288825199e-08,-3.97199252380835e-16,4.57276357853138e-08,-8.5872607234537e-07,4.31063404558077e-10,3.69960982133252e-16,6.21976156494095e-08,-4.87555721422436e-16,-1.50328516633371e-08,-8.47838934466294e-08,4.15791666948266e-16,-1.20144644081152e-16,4.36445050266718e-16,1.06205749011376e-16,-2.80956167255568e-10,-3.64653674128628e-09,-8.11185962055383e-10,-6.47348843956613e-16,7.72521802995336e-16,-9.27161902513703e-08,4.75190849211216e-07,-2.71681073195846e-16,4.57288615692333e-16,-3.56068095362303e-09,1.96293670593881e-15,-2.51345111499874e-08,-2.61126993025026e-16,2.34717448838497e-07,-1.53576366421273e-16,3.10779905065571e-16,-1.19427900942161e-16,-2.18555728105691e-16,-5.96749844698249e-18,6.50730206156428e-16,3.05469439864698e-08,-2.13578381222005e-07,-1.61357434608935e-16,-2.03685212166441e-08,7.72720528946371e-08,-1.12091862756283e-16,-7.32676332709631e-16,2.6800605214793e-16,-4.54189387336542e-16,7.53403940402037e-09,1.20188757856957e-09,3.1475149925296e-17,-4.27151816382476e-15,-1.36112605579188e-08,-4.85371000158532e-08,-8.06904066753114e-09,3.16055863849849e-16,-2.92589654656422e-16,7.49027088441071e-17,8.50610637336406e-17,9.44088297732284e-17,-2.97588251159068e-17,2.81306813429472e-08,-2.65647815377725e-08,-5.10009277196917e-09,6.45299195244487e-17,-2.95811434368959e-16,-8.86572451869227e-16,-2.45269322523279e-16,3.19954290476751e-16,-3.10703835518289e-16,4.8290694258322e-16,2.96800675673157e-16,3.23144357015849e-17,3.48083283378871e-17,2.98960630091157e-16,-6.26860858656011e-16,-1.46882450476412e-16,-1.09746320305516e-17,1.88810791330678e-08,-7.72095444207675e-17,1.71005911018426e-15,-5.93144300001792e-17,7.48624233969233e-06,-4.63074151869353e-10,-1.25105060402857e-16,-6.85981273954457e-09,1.29387620870916e-05,9.35603462960538e-17,-4.42950941099471e-16,-6.72554259035673e-08,-1.64936766044755e-16,1.65961038034448e-07,-1.72312641771942e-16,1.38815265439911e-17,-2.02138198292307e-16,-2.9155635858335e-16,8.3012014638231e-10,-1.13936477939685e-07,6.3436785004877e-17,-1.13628857735576e-16,-5.71739833859798e-17,5.70957384156116e-17,5.55111512312578e-17,-8.19895149200333e-17,-9.25660312305402e-17,-8.83735032677056e-17,9.25182298487855e-09,-9.376869216912e-17,-6.03849872873172e-17,-1.71959753100532e-17,7.83060968922276e-17,-2.32355547851388e-16,-7.33796293358377e-17,-2.63110553704308e-08,2.72147385087003e-17,1.66088550916059e-16,1.96011825884197e-08,-4.03353772109296e-16,5.32079068977445e-16,-2.57408290015771e-17,-1.67325895915818e-16,1.77839298025897e-07,-1.58954552418799e-17,-1.19414584884576e-08,1.12031372948344e-18,7.62459021633553e-17,1.76492882581143e-16,4.21904569928525e-16,-1.13777421726527e-16,-1.05474088352545e-16,4.30241524232076e-10,4.81828654247363e-16,1.45801742648307e-16,1.67202966141933e-08,-5.3589210426519e-08,-9.83434485972451e-17,3.74742534816423e-08,5.48563077299227e-09,1.71267884730854e-16,-8.17873534324265e-17,1.80055221608069e-16,-9.1699430704048e-17,-1.13362084096616e-16,-9.15112012372685e-09,-1.21099561232633e-16,1.47724419863102e-17,9.04374126092674e-17,3.65891535987088e-09,-1.51693549086354e-16,-4.46431420325347e-16,2.43451314827735e-16,3.18373300989869e-18,-1.66506744423408e-09,5.32738528332962e-17,5.4947961026715e-09,-4.1213103248291e-17,-2.55266576386262e-16,1.00160492694368e-16,3.35866021374222e-17,2.97824349521444e-17,-5.53614491493035e-18,3.51121613225146e-17,-6.00911913194202e-08,1.48234082085531e-16,-9.63459070221997e-17,7.09188050248375e-07,6.05728136323018e-17,3.49529256804252e-17,3.39079079561123e-17,1.15969930706998e-16,3.96195877364385e-17,2.22107892854782e-16,-2.75899667292609e-08,7.6435484155807e-17,5.15378324358714e-16,0.00426010021455066,4.96421547437234e-15,9.70202524757044e-16,1.75693868472052e-17,-2.60572621177282e-16,-2.2733320436282e-16,-1.58513516863199e-16,-5.06238226961568e-17,8.81859481015644e-17,1.08627338347799e-16,-1.7894404921394e-16,9.11048620229356e-17,-1.45652829068516e-06,9.10525259737932e-08,-1.34944238062289e-17,8.80486113619327e-17,-9.63114454896971e-17,1.19970628817704e-16,2.78856798763272e-16,-7.4326173411018e-17,-9.15981347146724e-18,2.15427868234312e-17,-1.14635567860652e-09,-4.85056575486582e-17,-1.33566012946983e-17,-2.53867132231595e-17,2.21380464239438e-16,1.46767311322835e-09,3.0783852999528e-17,-1.60370140462356e-09,-6.53000167681876e-17,1.44607615827039e-16,-2.19086646220773e-18,-4.82540531690828e-17,5.48197378428255e-17,1.50519232460668e-16,1.61370163756746e-16,-1.17360154238099e-16,-1.64360038273945e-18,1.01163668261824e-17,1.4136884357075e-16,2.73934363841288e-17,8.10208624185833e-17,-1.62199653136325e-17,6.83267675352621e-17,1.44794309339999e-16,1.26047117050684e-18,-9.41562912444851e-17,1.30791842263951e-17,-2.21852800355699e-17,4.4799233767101e-16,-8.28944190306609e-17,-1.7643868134958e-16,4.29041021038303e-17,3.61717951725157e-16,1.09981175983535e-10,-1.3421485980448e-16,-1.46018283010954e-16,5.17485950787588e-17,-8.74568960163627e-17,3.29366832328808e-17,1.95632419751266e-17,-3.05969877485148e-17,-2.2656972898543e-16,-1.2595430985843e-17,4.06374208111964e-17,-3.70797142990043e-17,1.22598304246957e-16,-1.66775652988502e-16,-1.14360587034956e-16,6.65972773046052e-17,-1.35686707405604e-16,1.20438303190864e-16,-1.40975339159615e-09,1.56691871734048e-17,5.95645282530919e-17,-1.26281134981513e-17,-5.62210666312719e-17,1.32692885594803e-16,1.64107205124843e-16,-1.55466995337381e-16,-2.98658986577794e-16,4.28975899494493e-17,2.97517006596566e-10,1.62967924539343e-16,-2.11361385540266e-17,-1.70994353175618e-16,-9.51971860442492e-17,5.93142729782026e-17,9.48372786579305e-17,2.0013296661575e-18,-1.02952653766021e-16,1.84390074647942e-16,2.60278287444425e-17,-8.25363409806411e-17,1.36770421082442e-18,-7.61820164528861e-17,1.4955443553202e-09,-2.13728062124509e-17,1.75230859695847e-16,-4.70217658011822e-17,-2.66496893996937e-16,-4.49437664788396e-09,-4.48202738078662e-17,4.29694669216062e-16,8.71149186686833e-17,7.91027224545323e-18,4.79076821818891e-17,1.77295306722949e-16,1.24208011606674e-16,2.14418604733512e-17,3.55264271106313e-18,-1.5257785436923e-16,3.05392339914422e-18,4.34914191932371e-17,-2.04914928311427e-16,1.78915184040313e-17,1.50453052071759e-16,-1.85885785603802e-17,-2.40977599516587e-16
"t876",-0.0367126121378042,-0.00970610556782807,0.00122253840620307,-0.106244389366384,0.0208763574931823,-0.00432216288680241,0.0231175435983269,0.000370294411876855,0.00012691188655155,-0.00040802516212746,-0.000114353976556898,-0.114484566159884,-0.0771804169996685,0.0076759131794776,0.00148974497329643,-0.00203631257114153,-0.000231221475786265,0.00224413461996953,-0.000107163459347321,0.000110430919922834,-0.00263058010537481,0.00112464488838387,-0.00461635677156978,0.117727971540291,0.0383565836312023,-0.000336020281300969,0.000327535732924363,-0.000261937756433488,0.00280303101756248,0.0015369710639464,-6.18185366663059e-06,1.31411724011914e-05,-0.00800690176704376,-8.37632590686787e-05,1.64938697575601e-06,-3.95277617348171e-06,-0.000375356923851731,1.52785160509262e-06,1.35176423992956e-05,4.46800553815602e-06,0.000366195824059114,-0.000104214802864511,0.139375554449666,0.00104928410611825,-0.00221601307165667,9.77962439929326e-06,-1.53581668049893e-05,0.000108185541305642,-7.48950978453199e-06,9.07321693486446e-06,-0.000298515749934859,3.18382070243606e-07,-4.00104025933062e-10,-1.26618224304681e-06,3.03507380984605e-07,-3.50221570148985e-06,2.78044921737324e-07,-2.01940829587155e-05,6.90836361383423e-06,-8.47092771233347e-06,-7.94851174685289e-06,1.27921636450089e-06,-4.34200270815274e-05,2.33840955203505e-05,-1.967791860712e-06,0.00301516670794625,-1.70968509791708e-07,6.3553375239565e-06,-1.75643814192765e-05,6.95928347455531e-06,-8.27290888201094e-06,1.25832897595636e-05,-5.65954008571125e-07,-4.14321071632376e-05,1.72151293464372e-05,1.63836391722936e-08,-9.13107242294172e-05,1.66393283015234e-06,-5.8123288507721e-06,-6.7165323170416e-06,1.91752288550094e-06,2.85600156774105e-05,-3.40999088135942e-06,-2.1212895906403e-05,1.26479022673071e-06,0.000269098597332688,-1.63840262915676e-05,-2.93620891616599e-07,-9.61368943144644e-08,2.50844896118093e-05,-6.16529293568076e-07,1.49495502543145e-07,1.34018827581988e-06,-0.000134179142694938,-4.58265031314588e-08,-1.47474275175063e-05,-3.33323373351379e-06,7.94314591064059e-06,-1.18414111005459e-05,-2.93098708793205e-06,-5.87849556705548e-07,4.6805435481129e-07,-7.89951671641065e-07,1.54103928876617e-07,-6.25036860207252e-08,1.08304069837461e-06,-2.8448157672116e-06,2.3299864817285e-05,-3.81499579859855e-07,8.2490297751499e-08,3.49851001443688e-07,6.27199335627593e-07,-1.01507882849849e-06,3.67026171942302e-08,7.9911614862995e-10,-1.15611480760508e-07,2.28173303824518e-07,-4.14536971692539e-07,5.9616510980885e-07,-1.80874740838913e-06,7.51184367133033e-06,-2.47228135801791e-06,2.77896099360283e-06,7.68234317679775e-06,-2.55914201596216e-06,2.85337462422504e-05,-2.93313441338764e-06,1.04797313508085e-06,-2.69820839537385e-06,-8.92220280311937e-05,2.88132795629841e-06,-1.01089061508753e-05,2.04787083769479e-05,2.56021172299109e-06,-1.01257648791327e-06,-4.73912889852352e-06,3.32201715575712e-08,2.56789959155547e-05,-9.71407989462945e-06,2.80985933677499e-05,1.8578579628922e-06,7.31965355494086e-05,-1.47133182933421e-05,-9.49253301606753e-07,-2.99518160494423e-06,2.03656223678262e-07,1.10134699207892e-05,-1.96323904345218e-06,-1.33573441799588e-07,3.6067060541745e-07,5.6456544177873e-05,1.74330429654741e-06,3.81707522747175e-05,-1.46463792904406e-05,5.46909996694701e-06,4.97202436929569e-07,-7.69329870856862e-06,0.00188092136215104,7.97191388873603e-06,2.83680466549643e-06,0.00357379746617504,-4.8158143940951e-05,0.000221583395755411,0.289205233401902,0.000324564168512993,0.310439056449871,0.000160828733280909,2.77405348170704e-06,0.000138372385620414,0.000209149100005185,-0.0444902742436095,0.000900748909205963,2.25128059903817e-05,8.74513431126404e-06,0.00505401736938834,3.69153005278903e-06,0.000824061205560139,-0.000132922515536213,-0.000152148060830851,-0.00583754067998513,0.00474860894837406,0.237223432538602,0.000607022017435857,1.4911630153384e-05,2.21587278822141e-05,2.74617197064619e-05,0.000296645250901333,-2.93714981728866e-05,-0.000129146372554972,0.000920310248522721,1.67781293319995e-06,-2.21034140508357e-06,-7.89109655184788e-06,-1.39586868988811e-07,-1.03481642766172e-06,1.06454461387918e-06,1.83584039336062e-06,8.10067742160422e-06,-8.86925261415257e-07,-2.22189949859846e-07,-2.16099795468233e-07,-2.84681328933804e-05,3.64463816330479e-09,3.57675181347077e-06,4.90797617517461e-07,1.58138242487347e-05,-2.22604633642503e-07,-6.71758892004104e-06,5.9828945559856e-07,-1.89063125801667e-08,-7.67346633597644e-06,0.000436315178571406,-2.95172247385337e-05,-4.03557452357036e-07,-2.57404248122804e-07,-3.62110957905949e-07,6.99978074804348e-07,6.30825944903884e-08,-1.35164273053501e-07,-7.27904586142895e-07,-4.06305068186294e-06,3.56964161249348e-05,1.40024411306814e-06,4.60649757390977e-06,-1.22878475557885e-06,-6.33800590699891e-07,-6.70091773248983e-06,-4.82778617356965e-07,-7.74028671850201e-07,-6.29901175773367e-07,1.35506711383778e-05,8.71655115248671e-05,2.15791198881753e-07,3.62186209221276e-07,-1.95222091691079e-08,-3.23229492065119e-07,-1.69411227615748e-06,1.47194605572574e-16,-2.58107132628908e-07,1.94488382154389e-05,-5.60275046114687e-07,-1.02502691614947e-05,-1.66436959417734e-06,1.99100033787409e-06,-3.30305759828089e-07,1.20384939497447e-05,-2.74984331279342e-08,1.82768637812751e-09,-8.81912219874578e-05,4.28026996348645e-06,-1.3503344549781e-07,1.85165558588466e-05,-8.70275057778301e-07,3.46279076704117e-07,-2.31075107499056e-08,1.79955768899875e-06,-1.8082653598738e-06,1.79773923857278e-05,6.38318699118065e-07,-1.36856853697511e-07,4.05415755229194e-06,-9.59886432932636e-07,0.000153477045736954,-0.0093347782153886,-2.0092428271276e-07,5.46724368158523e-08,5.53279920600038e-08,2.53229505836918e-06,-9.35407361695232e-06,4.55254307147122e-08,1.91570932564903e-08,-5.24234636079386e-08,0.000237681170582818,-6.88801951754582e-06,1.83765156790198e-06,-0.000573133382471225,1.3091738182286e-05,-1.75094173809182e-06,4.22963159422875e-06,-0.0335400797710901,-5.95177121671291e-08,1.65866923438393e-16,-8.46785749031313e-07,-3.00084979179505e-08,-4.82303445219495e-10,-4.57401350209027e-06,5.28741424116655e-08,-3.32468499963794e-08,-7.82408946127166e-07,9.42733911889114e-08,-7.53346783456746e-07,1.97489569032985e-06,7.3264358858289e-08,-6.7520861770866e-08,8.77639163044414e-07,-1.06716215601572e-06,3.84302078628255e-05,-5.39029890792498e-07,6.32275709238706e-06,3.16884625188071e-08,5.09814157493413e-06,1.36344083332864e-06,-1.18730830158977e-05,4.51139858552078e-07,-1.08759135745165e-06,1.47684734749822e-06,-5.37450559584294e-06,3.49501726700107e-07,3.17258857570417e-07,2.46823330464847e-06,-0.000232024987144396,-3.25720417644672e-07,0.000154273204996016,-1.76625968144553e-06,4.38872368722521e-08,4.11577683769141e-07,-8.12240422743643e-07,-3.4858667113829e-16,2.79062047127525e-09,1.92674360614783e-05,-1.67540147741015e-06,1.64922424516562e-06,0.0108647267867083,1.81060910427386e-07,4.68634936867071e-07,-7.10118256583461e-06,2.75046996555614e-06,1.53403239515278e-16,-2.28171819138047e-06,-2.80979600473495e-08,-8.03255607242597e-08,4.27725509274905e-06,6.42012411328596e-07,-4.48919129623636e-08,-1.81440515195015e-06,5.05289131034151e-07,-0.0010133071694785,3.68813366826315e-06,-8.10478720817995e-07,-1.53404193263173e-06,-8.35344465209442e-08,-8.71193133567894e-08,-1.67271547074621e-06,1.16576720442556e-05,-1.95620234945976e-06,-6.98434593940489e-16,-5.4709844664176e-05,4.67815652805542e-06,5.28633024726412e-05,1.60271658738449e-06,-7.95959196601184e-06,-7.05269032987869e-05,0.332162178458261,0.00714553815730943,6.3166037727746e-06,-6.59565683168832e-15,6.0414857842665e-06,2.26311391298048e-05,4.04047909960151e-06,-1.37551050044881e-16,-5.34917767833937e-06,-5.01840470884492e-05,7.39177977741515e-06,3.66906445937646e-06,1.09797978306464e-06,5.44705706247548e-07,1.84128763775717e-05,-4.40263285215964e-07,-4.59931106554009e-06,-1.95255295441156e-06,-7.35703037282889e-07,-7.36508377817224e-06,3.99361268133309e-16,2.25007627718051e-06,-1.01332312112942e-06,-6.00464033821108e-06,5.33535088410761e-07,-5.45171577315564e-16,4.04043767143283e-07,-4.05653367011516e-07,1.26277660178229e-07,1.06906499213342e-07,2.55226102437147e-07,-1.69474497821019e-06,2.71960476070814e-06,-2.46963191111119e-07,3.541831875055e-16,-6.00520736409946e-07,7.76878803668691e-07,-5.53046388952421e-05,-5.5011353725808e-07,5.54242459296654e-08,3.59640063759155e-10,-5.41233724504764e-16,-1.50210668933756e-16,2.7486233371406e-10,1.90282606570642e-07,-2.42176021014786e-08,2.62173809293488e-08,-1.02468489039277e-16,3.75654063418868e-09,7.00268072833952e-13,-2.11737389388636e-16,-3.40612624520005e-17,-3.76953524726296e-16,2.80760372227588e-08,9.33627931962973e-08,-1.88090026628938e-07,1.38223180725254e-07,7.05138334809837e-08,1.75959811707751e-07,-8.64660503333456e-07,-4.68622540630762e-17,-2.61363422835186e-07,5.10528663794829e-07,2.18724491407853e-17,-2.21714788800125e-15,-7.51524866745963e-07,-4.01183101595468e-11,-3.49474770596331e-07,2.99403461718852e-07,4.57308795800381e-07,-2.54247659947168e-08,-2.89116262011194e-15,-8.95763200904476e-08,9.94407457191328e-16,-3.52547899737429e-07,3.05398067945717e-15,-7.21127734424586e-07,2.0557855288719e-15,6.68154168437614e-07,9.59843191317216e-07,1.16477736091883e-07,2.06670367799146e-06,0.00269047262464703,-1.74482049569841e-06,0.28472157722811,-2.38488834002063e-07,-1.14983050010197e-06,-8.09285954055769e-08,-8.80571513653377e-07,2.77908032211656e-06,3.42070471699579e-07,2.37876524686302e-08,5.30207145586103e-07,-3.84894161957097e-16,-6.49856198418129e-06,9.48293130878486e-07,-3.92643165408302e-08,-3.98806861677625e-16,-4.6817108198948e-09,-1.09034886170243e-07,-3.66250135671209e-07,2.36930230691454e-16,9.50635646001076e-07,4.02607364665026e-08,-3.55416273413876e-16,5.00308888743162e-08,-5.34006429027824e-07,-2.51460281479767e-16,1.24958202136332e-16,2.67956738484702e-08,1.2842008205175e-08,6.85288917067181e-11,8.7873492685533e-08,-1.93374442250571e-08,-6.17336095756897e-08,-5.25780166837783e-09,-4.82865816888302e-08,6.21283341518471e-08,-1.45662561873428e-15,-2.2232952105001e-08,-7.66007453288002e-11,-1.954422123541e-10,-1.65343328645693e-08,1.9824855181372e-16,1.26781463864239e-16,-4.66963930569969e-09,6.98003615082362e-17,4.37723131750961e-16,-2.10483903538897e-09,-2.55750136158459e-09,-8.89058360046639e-08,-1.50730803996829e-10,1.13343133493854e-06,-3.10826175121751e-09,4.51394570257647e-10,1.10268359814967e-16,2.57724645029123e-09,1.3349462039434e-10,6.32224002027294e-10,-8.15290911662692e-08,1.34078469275123e-05,-1.49492827931045e-16,-1.80867877814178e-16,1.68206123709284e-17,-3.78430645515851e-09,-3.92085291678509e-07,-1.15094786740192e-08,-1.74471258581447e-16,-1.79514453080045e-08,6.80634631347367e-17,1.9325846497147e-17,3.34950902490974e-07,-7.37241781867166e-09,9.54097911787244e-18,-1.89898792638386e-08,-1.11215048685851e-07,-3.03554120570092e-17,3.15769117622876e-08,1.48639078197777e-17,8.90202756300326e-09,-2.30111377106517e-16,8.9232381214912e-09,7.75204901664442e-08,3.11605620373765e-08,2.66622368862413e-09,1.85356300196914e-08,-6.72665776342866e-08,2.85390473901592e-08,1.29846544738425e-17,1.6816635384262e-06,-0.00092388399809093,1.61906570619581e-16,-8.30225536089916e-09,-2.83148183943566e-08,4.74521328067418e-08,-2.16448598341849e-17,2.33770910277595e-08,3.44708096055283e-07,-9.10373795410234e-17,-7.8876351342027e-08,-1.75461016935371e-08,-1.02972962398323e-08,-1.1354124798621e-16,4.60712511517706e-17,1.73854739493912e-08,5.41275035129256e-09,4.39379734591789e-10,-5.22965497289027e-08,3.4701672499001e-09,1.43203085003333e-17,2.24082563926414e-16,1.27544680121914e-08,8.79905718167163e-11,-1.34314726430148e-16,3.12004114989698e-08,-9.47477209884242e-18,3.20577866709643e-06,-6.12119876694793e-09,-3.58034408814833e-09,-2.38355731954552e-08,-4.00507971462565e-16,-9.97506967636736e-18,-1.68570170719048e-17,-2.7064023258646e-17,-2.2179117517388e-08,-4.87676238749185e-08,1.06730604141319e-16,-2.79984766617026e-16,2.13708795988032e-16,0.000760249032875682,5.63335519907564e-10,-8.44607883426749e-08,4.98792830020133e-17,-8.45135593452451e-17,-2.3749448588295e-16,-2.14496030263158e-07,1.28993163328979e-06,7.44065563310177e-17,8.09069281147965e-09,-3.38508901865123e-07,-1.2570361757743e-16,3.62903929141543e-17,-2.14649482576799e-08,-2.20119727124484e-10,-1.0713333363502e-08,1.73570311387175e-17,1.21838937460707e-08,1.78454985033155e-08,1.92983379089408e-08,-1.77757273944811e-08,-6.34905588506029e-08,5.43596930946054e-09,4.88655994191665e-16,7.17377377389244e-16,-1.97025411705386e-18,1.08393147009067e-07,-3.36967088028484e-05,-5.24040297146194e-09,-4.20055661281443e-09,5.1330346645735e-17,-1.02209387581621e-16,2.56855254817005e-16,-4.47795943493978e-17,-3.86534092909685e-16,2.24484656056559e-07,6.77960395286101e-17,-2.16503669753123e-17,-3.32136791068852e-09,1.58451446191302e-16,-2.97418134497329e-09,-2.73064567598045e-17,-3.68938494373016e-09,-6.98955123659609e-17,-4.51629941236955e-09,-5.66647386703246e-10,-3.59028733694149e-07,-6.43894284580039e-18,1.83421369173184e-08,-4.9031885024754e-17,2.62887085731201e-08,-5.15314165549758e-07,2.59137518162782e-10,-2.08128083249767e-16,3.80017469713714e-08,-1.90089395403376e-16,-9.41277780232498e-09,-5.31492696422491e-08,-5.36413194154628e-17,1.27071043072551e-16,-6.15789420282288e-18,1.73493720538296e-17,-1.79539897003608e-10,-2.34179201092828e-09,-5.23900387395313e-10,1.15830986417907e-17,-1.50165446005562e-17,-6.14649050719693e-08,3.1537548432492e-07,-1.39565497399015e-16,-4.58814786603718e-17,-2.43598915489223e-09,1.36321340097692e-15,-1.7302358682982e-08,-1.73304043725593e-16,1.64419671924454e-07,-3.94033715040218e-17,1.44389717010365e-16,3.90003744390282e-17,8.08856142823696e-17,-4.44114537266678e-17,-3.88425861285392e-16,2.21207757698676e-08,-1.54728658255542e-07,-3.03088188205438e-17,-1.49185320947489e-08,5.6850893824756e-08,-7.81420576311514e-17,8.00742280802772e-17,2.88693912246743e-16,5.73795991780356e-17,5.64786757030998e-09,9.04822728789751e-10,2.89832583409541e-17,-3.37658811475719e-15,-1.0294999745992e-08,-3.6733642567253e-08,-6.11919061845476e-09,-1.6005416771153e-17,-5.75565778239773e-17,-4.57733837594495e-17,5.02242066389717e-17,2.56704507842542e-16,1.13158052983384e-16,2.20158817492763e-08,-2.08489277348951e-08,-4.01383374072672e-09,5.99292549835407e-17,-2.51254807788881e-16,2.22308821652366e-16,-1.99400931206877e-16,-6.18351552264565e-17,8.69110999317564e-17,-1.01666207840378e-16,5.60760496648448e-18,-4.25731845459667e-17,1.30013317877997e-17,-1.10531577778261e-16,5.42802167679027e-16,1.44485600532981e-16,-7.20024448674797e-17,1.55236306883045e-08,8.42400123642802e-17,-2.21630722294749e-16,1.68292244564613e-16,6.18840765347972e-06,-3.83267892924623e-10,-9.02850979983034e-17,-5.68193021232928e-09,1.07868564033588e-05,3.3130871639799e-18,-9.57004838903944e-17,-5.65151844005557e-08,-1.9325824308362e-16,1.40780313550344e-07,-5.12878192429827e-18,4.58186308570103e-17,-2.59938694286633e-17,-5.28169078390245e-17,7.14334915171847e-10,-9.81377020902308e-08,-1.04895670707061e-16,-6.56134017081187e-17,-6.82840043275684e-17,1.48097463203132e-16,-5.94684891608299e-16,1.50378474133353e-16,6.8577695487415e-17,4.72354295747252e-17,8.33946025799476e-09,-6.64749932538462e-17,4.54867685436821e-17,-1.94556459450221e-16,-3.11786646621222e-16,1.35580179870887e-16,3.29936951104402e-16,-2.39293603999335e-08,-2.69344353716997e-17,-2.02637160037141e-16,1.78556868635189e-08,3.62755604409523e-17,1.51184508020621e-16,-7.30460128986657e-17,2.65744649121225e-16,1.64986701994629e-07,2.60798054215831e-17,-1.11131868794449e-08,-6.38739106726611e-17,-5.23255933685191e-17,2.35577341137654e-16,-4.13266104415952e-16,-5.75467080013898e-17,-1.52520991406603e-16,4.0291266103296e-10,-3.86024212816789e-16,-1.43441448787243e-16,1.57316369127751e-08,-5.04322701787419e-08,3.5701270118781e-17,3.54056287353374e-08,5.18912355986235e-09,1.00945591608519e-16,-1.15403075071078e-16,9.38728916909224e-17,1.04623097905557e-16,-4.84566896832605e-17,-8.80301493449282e-09,1.7670280445632e-16,-9.61274476901381e-17,-4.38311784677146e-17,3.53326190341257e-09,2.08391556156252e-17,3.32465124722415e-17,-1.87971791126242e-16,-4.5629016219669e-17,-1.61523573914784e-09,7.77258461839302e-17,5.33696867099783e-09,4.04554758595961e-17,3.32619986843392e-17,-4.89308531972432e-16,-1.09438683956788e-16,-9.14255625960251e-17,1.85876128604483e-16,1.3756813416292e-17,-5.85879954159979e-08,-5.08731500682274e-16,-3.43528623475197e-16,6.91021003731118e-07,-4.08915217375125e-17,-2.14235888809722e-16,-4.53505759676811e-16,3.8969701694937e-17,-4.14694219156346e-17,-8.47729491731887e-17,-2.61410205259762e-08,2.86108908695772e-16,-3.80983401644658e-16,0.000495656285873414,1.03227033725867e-15,-3.90453227935837e-17,2.75579823327259e-16,-1.73260706562755e-17,-8.44454668330304e-16,1.11798456559873e-17,-6.1297141847172e-18,2.00131580991175e-16,-6.76667640517569e-16,1.46381611899177e-16,1.09420429119951e-16,-1.49496899497643e-06,9.34316651751988e-08,-1.59583614622708e-16,3.89610143677265e-16,-2.72819296205243e-17,5.0341415695528e-17,2.71267383555873e-16,1.26533826420435e-16,1.58723731420196e-16,-1.8332599013289e-16,-1.1787524622805e-09,-4.50199864425371e-16,4.11588787195105e-17,-4.70545215899449e-16,-2.31882857409324e-16,1.51467487842847e-09,2.12973307535838e-16,-1.66309449660707e-09,-2.83948303748837e-16,-3.21747381224682e-16,1.87493607120866e-16,-1.0249206909662e-16,8.39727588789675e-17,-2.04482627421086e-16,-7.41986334824899e-17,4.14753462085166e-16,3.51524621010727e-16,1.20148013114594e-17,3.41085634218705e-16,2.23204775933979e-16,-1.44916882847627e-16,2.48427748417195e-18,-4.94652618800255e-16,5.51241018072903e-16,-9.49057825249801e-17,-4.45160352032633e-17,-2.69351826298211e-16,-1.87525964860207e-16,-9.88683961089531e-16,-2.9736496989017e-16,-4.38085082449157e-16,-3.25633366712429e-16,1.61848357779835e-16,1.16279152641253e-10,-2.42849809757865e-16,-5.36826752854054e-16,3.64031535053184e-16,-3.01603832805284e-16,1.14871614933746e-15,5.64350711562793e-17,1.80993503725244e-15,-1.30100834194256e-16,7.15550933987082e-16,-8.00157902854549e-16,2.31802424477401e-16,-1.76386704264921e-15,1.09857539791922e-15,9.30725652729015e-16,2.83216892648944e-15,-1.08828985990645e-16,-5.04759541503233e-16,-1.50979011301946e-09,2.44260591724586e-16,-2.27052489168325e-15,-0.707106781186548,-1.82568235859853e-14,4.25343698437508e-15,2.73853762261276e-15,-1.68630973120509e-15,4.32585867530313e-16,-3.7858078453736e-16,3.22713445327639e-10,-1.52036472348648e-15,1.44843515849455e-15,1.88260576898628e-16,-4.35199830618229e-16,9.42385519427022e-16,-4.81490313802583e-16,1.55618797146468e-15,-1.81751917616414e-15,1.49298391421062e-16,2.62583380623954e-16,-4.83866812430366e-16,-4.45757630099658e-17,1.24894316914321e-15,1.6420913473894e-09,6.92316913705943e-17,-3.29641129529335e-17,7.52868945391833e-16,-4.10262102068515e-16,-4.96183101243098e-09,-2.0764374020703e-17,-3.2534118005236e-16,-1.09237911083839e-16,2.28349743409994e-16,2.04136338686339e-16,2.20941815987101e-16,2.2073890749066e-16,-6.34501171303693e-17,3.0661275326046e-16,-2.44576263894584e-16,1.29642379004875e-17,-4.75304400833967e-17,1.39321674080691e-16,1.96012365000696e-17,3.03954104584235e-16,1.00931115113074e-16,-3.47535997618157e-16
"t877",-0.0367126121378042,-0.00970610556782806,0.00122253840620307,-0.106244389366384,0.0208763574931823,-0.0043221628868024,0.0231175435983269,0.000370294411876847,0.000126911886551542,-0.000408025162127463,-0.000114353976556904,-0.114484566159884,-0.0771804169996685,0.0076759131794776,0.00148974497329644,-0.00203631257114153,-0.000231221475786264,0.00224413461996956,-0.00010716345934732,0.000110430919922827,-0.0026305801053748,0.00112464488838385,-0.00461635677156979,0.117727971540291,0.0383565836312023,-0.000336020281300954,0.000327535732924367,-0.00026193775643349,0.0028030310175625,0.00153697106394639,-6.18185366663688e-06,1.31411724011894e-05,-0.00800690176704373,-8.37632590686882e-05,1.64938697575962e-06,-3.95277617349886e-06,-0.000375356923851711,1.5278516050828e-06,1.35176423993056e-05,4.46800553816936e-06,0.000366195824059061,-0.000104214802864497,0.139375554449666,0.00104928410611825,-0.0022160130716567,9.77962439929149e-06,-1.53581668050043e-05,0.00010818554130563,-7.48950978452959e-06,9.0732169348614e-06,-0.000298515749934828,3.18382070205924e-07,-4.00104031462056e-10,-1.26618224304334e-06,3.03507380983499e-07,-3.50221570147718e-06,2.78044921738711e-07,-2.01940829587186e-05,6.90836361384674e-06,-8.47092771233673e-06,-7.94851174686285e-06,1.27921636451221e-06,-4.34200270815622e-05,2.33840955203691e-05,-1.96779186072315e-06,0.00301516670794626,-1.70968509804308e-07,6.35533752395488e-06,-1.75643814192665e-05,6.95928347452118e-06,-8.27290888198179e-06,1.2583289759492e-05,-5.65954008562983e-07,-4.14321071632825e-05,1.72151293463917e-05,1.63836391269906e-08,-9.1310724229461e-05,1.66393283018452e-06,-5.81232885076195e-06,-6.71653231703332e-06,1.91752288545777e-06,2.85600156773968e-05,-3.40999088130284e-06,-2.12128959063775e-05,1.26479022674896e-06,0.000269098597332734,-1.63840262915543e-05,-2.93620891681871e-07,-9.61368943543054e-08,2.50844896117989e-05,-6.16529293632793e-07,1.49495502553554e-07,1.34018827588898e-06,-0.000134179142694926,-4.58265031187229e-08,-1.47474275175178e-05,-3.33323373355293e-06,7.94314591066197e-06,-1.18414111005956e-05,-2.93098708789633e-06,-5.87849556761862e-07,4.68054354874149e-07,-7.8995167157192e-07,1.5410392882379e-07,-6.25036859875535e-08,1.08304069829367e-06,-2.84481576729392e-06,2.32998648172813e-05,-3.81499579797668e-07,8.24902977642926e-08,3.49851001427956e-07,6.27199335560929e-07,-1.01507882855851e-06,3.67026171839091e-08,7.99116132318507e-10,-1.15611480968318e-07,2.28173303834957e-07,-4.14536971740273e-07,5.96165109857924e-07,-1.80874740838997e-06,7.51184367128566e-06,-2.47228135804706e-06,2.77896099358206e-06,7.68234317679131e-06,-2.55914201592063e-06,2.8533746242184e-05,-2.93313441337116e-06,1.0479731350931e-06,-2.69820839539217e-06,-8.92220280311715e-05,2.88132795631848e-06,-1.01089061508404e-05,2.0478708376834e-05,2.56021172293854e-06,-1.01257648800125e-06,-4.7391288985411e-06,3.32201715427102e-08,2.56789959155558e-05,-9.71407989463142e-06,2.8098593367752e-05,1.85785796285657e-06,7.3196535549365e-05,-1.47133182933682e-05,-9.49253301589266e-07,-2.99518160500414e-06,2.03656223654864e-07,1.10134699207867e-05,-1.96323904349897e-06,-1.33573441805038e-07,3.60670605369852e-07,5.64565441778361e-05,1.74330429650798e-06,3.81707522746718e-05,-1.46463792905371e-05,5.46909996700465e-06,4.9720243694728e-07,-7.69329870853341e-06,0.00188092136215104,7.97191388876513e-06,2.83680466546365e-06,0.00357379746617518,-4.81581439409973e-05,0.000221583395755401,0.289205233401902,0.00032456416851307,0.310439056449871,0.000160828733280877,2.77405348178916e-06,0.000138372385620411,0.000209149100005188,-0.0444902742436096,0.000900748909205923,2.25128059903702e-05,8.74513431126588e-06,0.00505401736938826,3.6915300528243e-06,0.00082406120556013,-0.000132922515536105,-0.000152148060830821,-0.00583754067998503,0.00474860894837411,0.237223432538602,0.000607022017435917,1.49116301533589e-05,2.21587278822306e-05,2.74617197064556e-05,0.000296645250901514,-2.93714981729023e-05,-0.00012914637255494,0.000920310248522762,1.67781293319719e-06,-2.21034140511468e-06,-7.89109655189961e-06,-1.39586868976391e-07,-1.03481642763095e-06,1.06454461383151e-06,1.83584039331184e-06,8.10067742162009e-06,-8.86925261429689e-07,-2.22189949815034e-07,-2.16099795480584e-07,-2.84681328934465e-05,3.6446381489568e-09,3.57675181346187e-06,4.90797617521783e-07,1.5813824248711e-05,-2.22604633575975e-07,-6.71758891997339e-06,5.98289455458599e-07,-1.89063125927552e-08,-7.67346633590894e-06,0.000436315178571373,-2.9517224738591e-05,-4.03557452331048e-07,-2.57404248064081e-07,-3.62110957846856e-07,6.99978074876633e-07,6.30825944661656e-08,-1.35164273035853e-07,-7.27904586133882e-07,-4.06305068190409e-06,3.5696416124937e-05,1.40024411310337e-06,4.60649757386255e-06,-1.22878475560006e-06,-6.33800590327102e-07,-6.70091773253146e-06,-4.82778617348474e-07,-7.74028671916699e-07,-6.29901175730139e-07,1.35506711384073e-05,8.7165511524868e-05,2.15791198826006e-07,3.62186209255233e-07,-1.95222093201815e-08,-3.23229492114586e-07,-1.69411227614884e-06,8.88913049762131e-17,-2.58107132472396e-07,1.94488382154719e-05,-5.6027504615884e-07,-1.02502691615063e-05,-1.66436959424522e-06,1.99100033789001e-06,-3.30305759672343e-07,1.20384939496744e-05,-2.74984332624367e-08,1.82768644722034e-09,-8.81912219874871e-05,4.28026996355733e-06,-1.35033445529209e-07,1.85165558589529e-05,-8.70275057735895e-07,3.46279076763964e-07,-2.31075106907081e-08,1.79955768904049e-06,-1.80826535990827e-06,1.79773923857962e-05,6.38318698957368e-07,-1.36856853673638e-07,4.0541575522781e-06,-9.59886432790173e-07,0.000153477045737022,-0.0093347782153886,-2.00924282912306e-07,5.46724368898246e-08,5.53279921590539e-08,2.53229505859622e-06,-9.3540736169788e-06,4.55254307664196e-08,1.91570932092765e-08,-5.24234635885052e-08,0.000237681170582829,-6.8880195175971e-06,1.83765156814663e-06,-0.000573133382471145,1.30917381822489e-05,-1.75094173801279e-06,4.22963159428724e-06,-0.0335400797710898,-5.95177123406051e-08,-4.10765600860457e-17,-8.46785748883397e-07,-3.00084977660528e-08,-4.82303606528957e-10,-4.57401350201147e-06,5.28741424030693e-08,-3.32468500105174e-08,-7.82408946196725e-07,9.4273390870438e-08,-7.53346783237251e-07,1.97489569035249e-06,7.32643585982241e-08,-6.75208616709379e-08,8.77639163216624e-07,-1.06716215599571e-06,3.84302078627804e-05,-5.39029890800664e-07,6.3227570921507e-06,3.1688462310574e-08,5.09814157504555e-06,1.3634408333998e-06,-1.1873083015787e-05,4.5113985849215e-07,-1.08759135735815e-06,1.47684734773607e-06,-5.3745055956729e-06,3.49501726635944e-07,3.17258857456555e-07,2.46823330465451e-06,-0.000232024987144375,-3.25720417634277e-07,0.000154273204995946,-1.76625968149412e-06,4.38872369279113e-08,4.11577683464406e-07,-8.12240422805225e-07,-2.82561869729482e-16,2.79062040962252e-09,1.9267436061559e-05,-1.67540147759664e-06,1.64922424506847e-06,0.0108647267867083,1.8106091052582e-07,4.68634936665155e-07,-7.10118256584897e-06,2.75046996553083e-06,1.45129133762237e-16,-2.28171819135308e-06,-2.80979600775771e-08,-8.03255606501649e-08,4.27725509271504e-06,6.42012411035157e-07,-4.4891913047922e-08,-1.81440515210285e-06,5.05289131077422e-07,-0.00101330716947836,3.68813366815711e-06,-8.10478720978896e-07,-1.5340419328341e-06,-8.35344463729385e-08,-8.71193130880157e-08,-1.67271547059165e-06,1.16576720442289e-05,-1.95620234980535e-06,-6.58930141748968e-16,-5.47098446641311e-05,4.67815652799384e-06,5.28633024727209e-05,1.60271658732093e-06,-7.95959196621601e-06,-7.05269032986117e-05,0.332162178458262,0.00714553815730954,6.31660377283092e-06,-6.53020816020064e-15,6.04148578422673e-06,2.26311391299091e-05,4.04047909941971e-06,-9.05172964730259e-17,-5.34917767833096e-06,-5.01840470884454e-05,7.39177977751426e-06,3.66906445946689e-06,1.09797978309042e-06,5.44705706290294e-07,1.84128763776595e-05,-4.40263285488624e-07,-4.59931106570453e-06,-1.9525529543873e-06,-7.3570303692864e-07,-7.36508377813247e-06,4.56158359875159e-16,2.25007627739296e-06,-1.01332312127872e-06,-6.00464033785723e-06,5.33535088499861e-07,-4.14023514579608e-16,4.04043767095913e-07,-4.05653366932369e-07,1.26277660021465e-07,1.06906499358958e-07,2.5522610233992e-07,-1.69474497820343e-06,2.71960476071675e-06,-2.46963191105249e-07,3.4406266928796e-16,-6.00520736673426e-07,7.76878803901036e-07,-5.5304638895087e-05,-5.50113537265146e-07,5.54242460269286e-08,3.59639999821371e-10,-3.60822483003176e-16,-7.56795487777871e-17,2.74862156579075e-10,1.90282607002819e-07,-2.42176022301461e-08,2.62173808585634e-08,-1.1976932243045e-16,3.75654047960673e-09,7.00244897341697e-13,-2.2476277724981e-16,-1.11204930457033e-17,-4.19296254776177e-16,2.80760374728596e-08,9.33627933405617e-08,-1.88090026491884e-07,1.38223181077306e-07,7.05138333923818e-08,1.75959811726823e-07,-8.64660503451561e-07,4.13313182886465e-17,-2.6136342288288e-07,5.10528663841365e-07,1.38052493070289e-16,-2.20670973779592e-15,-7.51524866875706e-07,-4.01183408475022e-11,-3.4947477035457e-07,2.99403461631676e-07,4.57308795872479e-07,-2.54247663427464e-08,-2.56763669184225e-15,-8.9576320243947e-08,1.2029267590815e-15,-3.52547899965109e-07,2.97125605369652e-15,-7.21127734375773e-07,1.84836876287466e-15,6.68154168006098e-07,9.59843191300142e-07,1.16477736082841e-07,2.06670367796396e-06,0.00269047262464708,-1.74482049573949e-06,0.28472157722811,-2.38488833913426e-07,-1.14983049998611e-06,-8.09285953581653e-08,-8.80571513633881e-07,2.77908032209243e-06,3.42070471803028e-07,2.37876525684614e-08,5.30207145823081e-07,-3.45999280534672e-16,-6.49856198421451e-06,9.48293130753375e-07,-3.9264316813397e-08,-3.14599670114792e-16,-4.68171075272213e-09,-1.09034886209994e-07,-3.66250135695333e-07,3.21472232646291e-16,9.50635646037468e-07,4.02607368295069e-08,-6.22928215105804e-16,5.00308890548019e-08,-5.34006429105328e-07,-3.49149719645904e-16,2.28916406088914e-16,2.67956738351314e-08,1.2842008146383e-08,6.8528678348553e-11,8.78734925900719e-08,-1.93374441748678e-08,-6.17336094634763e-08,-5.25780158374272e-09,-4.82865816807489e-08,6.21283342596447e-08,-1.34939802387546e-15,-2.22329521878523e-08,-7.66008393633899e-11,-1.95442294594537e-10,-1.65343329149874e-08,1.64107259384338e-16,1.40366556618647e-16,-4.66963920246083e-09,9.13615734606562e-17,2.13794930595944e-16,-2.10483898771037e-09,-2.55750131920872e-09,-8.89058360456663e-08,-1.5073089141961e-10,1.13343133480885e-06,-3.10826174248243e-09,4.51394345597995e-10,1.54576544980411e-16,2.57724642878109e-09,1.3349468433381e-10,6.32223914888955e-10,-8.15290910745652e-08,1.34078469277195e-05,2.26177890269173e-17,9.3019324133994e-17,1.69634333998355e-16,-3.78430644499344e-09,-3.92085291868008e-07,-1.15094788634737e-08,-3.24217571676038e-16,-1.79514452804081e-08,1.85265717980424e-16,8.81558044793074e-17,3.34950902787203e-07,-7.37241777125533e-09,2.28983498828939e-16,-1.89898792823978e-08,-1.11215048604805e-07,-1.95127037220399e-16,3.15769117930864e-08,-2.30253254151263e-17,8.90202771311648e-09,-4.59115380466786e-17,8.92323849740647e-09,7.75204900827194e-08,3.11605620517632e-08,2.66622372707687e-09,1.85356300167817e-08,-6.72665772646821e-08,2.85390474373431e-08,-2.39771020564615e-17,1.68166353843519e-06,-0.00092388399809107,8.40124565160713e-17,-8.30225560252126e-09,-2.83148184496127e-08,4.74521328340893e-08,-1.3531338177835e-16,2.33770910245118e-08,3.44708095871951e-07,8.77369667081532e-17,-7.88763513404478e-08,-1.75461021493644e-08,-1.02972962503164e-08,-2.18871541473402e-16,-2.25903789574731e-17,1.7385473849282e-08,5.41275028459738e-09,4.3938018891792e-10,-5.22965495515947e-08,3.47016719403445e-09,7.11055200418326e-17,1.25201706099628e-16,1.27544680374952e-08,8.79904669883222e-11,-1.34231285639479e-16,3.12004115247059e-08,-4.14673777343528e-17,3.20577866701283e-06,-6.12119852819663e-09,-3.58034401813384e-09,-2.38355731572048e-08,-4.02825222101298e-16,1.48931451743217e-17,-8.22318981964345e-17,8.36384490356459e-18,-2.21791175142387e-08,-4.87676238541006e-08,-1.05561822209259e-16,4.94317221527582e-19,1.33664564806919e-16,0.000760249032875687,5.63335507154832e-10,-8.44607883300422e-08,7.83352228563051e-19,-2.38876843652869e-16,-4.2300147759522e-16,-2.14496030588838e-07,1.28993163326914e-06,-7.38509172274026e-17,8.09069254743896e-09,-3.38508902120337e-07,-1.16883520760517e-16,-9.29052613979357e-17,-2.14649474490107e-08,-2.20119731217545e-10,-1.07133335803563e-08,5.45707596117874e-17,1.21838937692116e-08,1.7845498685541e-08,1.92983379603184e-08,-1.77757274543671e-08,-6.34905590448206e-08,5.43596916751294e-09,-2.87992229684514e-16,4.33708442256081e-16,2.02004766964533e-16,1.08393146973525e-07,-3.36967088029196e-05,-5.24040266953238e-09,-4.20055631242986e-09,8.17523819793213e-17,1.73932456667131e-16,-2.45604413186158e-16,-2.06153164725504e-16,9.46330099006119e-17,2.24484656215635e-07,4.73720285434805e-17,3.3532932359522e-16,-3.32136794375456e-09,-1.15198339109437e-16,-2.97418184614595e-09,-2.27476166016128e-17,-3.68938503869938e-09,-2.45482880159372e-17,-4.51629934889522e-09,-5.66647219994031e-10,-3.59028733651642e-07,4.17348377799586e-17,1.83421365454688e-08,7.01124310057629e-17,2.62887086177782e-08,-5.15314165766439e-07,2.59137541635077e-10,-3.15752721884072e-17,3.80017463740425e-08,4.39763041426053e-17,-9.4127778830765e-09,-5.31492695341466e-08,2.64656213369375e-16,-8.61200300043678e-17,-1.67570762176652e-17,2.0867108439291e-17,-1.79540243260616e-10,-2.34179250670156e-09,-5.23900421046475e-10,-4.18332621215279e-17,-1.49910590078091e-16,-6.14649053208957e-08,3.15375483828789e-07,1.85522977881422e-16,3.25027851146679e-17,-2.43598918674131e-09,1.21496901644689e-15,-1.73023583957085e-08,3.48009873781512e-16,1.64419671718574e-07,-8.16058211861221e-17,-1.53417968476643e-16,3.30740587672085e-18,6.31913768888656e-17,-2.79616909915674e-17,4.35744943414388e-17,2.21207759468028e-08,-1.54728657940219e-07,4.82805618831803e-18,-1.49185319794334e-08,5.68508940881221e-08,-4.43973356267964e-17,2.72933238280788e-16,-1.05185687255872e-16,-1.8639512449255e-16,5.64786814392194e-09,9.04822027852566e-10,-1.32048433899378e-16,-3.46550746297182e-15,-1.02949998394908e-08,-3.67336426373414e-08,-6.11919064384763e-09,8.95851599737875e-17,-5.18476506646571e-17,-7.71692879138861e-17,7.8195340390136e-17,-6.76801376570043e-17,-3.70280153451436e-17,2.20158820371014e-08,-2.08489278964513e-08,-4.01383440780920e-09,4.32374303988954e-17,1.5255824723388e-16,-1.04595979367219e-16,1.97227307294058e-16,-3.29621322910306e-17,3.43242478891666e-17,3.18198390469573e-16,3.27190596400083e-17,8.62111584973219e-19,-9.31679907184659e-17,8.36348827937408e-17,2.07755368665795e-17,-4.97646723157058e-17,6.93209562742824e-17,1.55236305493228e-08,5.22771562441197e-17,-3.54770773271084e-16,-2.32757321442812e-18,6.1884076537356e-06,-3.83267581489109e-10,9.66717238819809e-17,-5.68193025569632e-09,1.0786856403209e-05,1.65714676180373e-17,1.01145139782118e-17,-5.65151845642531e-08,4.78428517935823e-18,1.4078031277368e-07,-2.60718391489991e-17,-1.09209983149854e-16,7.32406092428092e-17,1.34300291505121e-16,7.14334968288275e-10,-9.81377022183899e-08,-1.31186933920107e-18,1.52295696212001e-16,-3.31501515252312e-18,-1.04128944268961e-17,2.62810606610486e-16,6.3965855110244e-17,-2.20750837795038e-16,-5.37853242157349e-17,8.33946007504901e-09,3.53943963757926e-17,-1.03886098338884e-16,4.75620746627641e-17,2.21494521786528e-16,-3.77134569432806e-16,-3.56017434636444e-16,-2.39293598948071e-08,-1.95140211919795e-17,-6.90243076664433e-17,1.78556872911604e-08,-7.08714228290516e-17,-1.22829973612691e-16,-1.69848515067872e-18,-2.15075846350717e-16,1.6498670146997e-07,-3.99845269815528e-17,-1.11131870181533e-08,1.65225958708382e-16,-1.52347179152656e-16,-3.15556316514333e-16,5.93547326360137e-16,5.41589610780449e-17,9.48570908504438e-18,4.02912631642822e-10,-2.7078944588311e-16,1.67499216125661e-16,1.57316365026185e-08,-5.04322702279307e-08,-3.92500940425658e-17,3.54056290407299e-08,5.18912262197154e-09,-1.60770688392255e-16,8.47272323753465e-17,-5.1507852571198e-17,-9.62748375782825e-18,7.5830471773641e-17,-8.80301459138008e-09,-2.77710394588807e-16,4.43927206952048e-16,1.31803337581104e-16,3.53326149480048e-09,-9.74028620833276e-18,6.6899849312459e-17,8.8772533506359e-17,7.91105298954981e-17,-1.61523514751396e-09,-1.54516684561563e-16,5.3369693946096e-09,6.05149972621972e-18,-2.82918958577961e-17,5.6508755400886e-16,4.66497839642428e-17,1.55161570854793e-16,-2.24585274653381e-16,4.27330129504369e-17,-5.85879958010792e-08,3.69807389453721e-16,5.17645435385501e-16,6.91021004027871e-07,9.16770582376813e-17,1.93581814884096e-16,2.93767494057991e-16,-7.77588295502619e-17,9.93939077464875e-17,-8.76978353966487e-17,-2.61410199534903e-08,-2.75163579368328e-16,4.27798328277039e-16,0.000495656285872838,8.80598373742955e-17,2.11330597155583e-16,-3.58652226864301e-16,-8.00906917697079e-17,7.82407727338406e-16,-5.35838155525262e-16,1.2158135964834e-18,-2.28404459252938e-16,6.39576804640221e-16,-8.01198368562596e-17,-1.41729296605425e-16,-1.4949689948197e-06,9.34316650654773e-08,1.76770900129443e-16,-4.05209355397366e-16,4.02310266777742e-17,-5.13695806592e-17,-1.44198888940572e-16,5.12498417297752e-17,-1.2970223431463e-17,2.29155548955747e-16,-1.1787527732714e-09,5.31024110674583e-16,-1.01395176565548e-17,3.71711193983562e-16,3.1045357586474e-16,1.51467529010977e-09,-1.02399832024011e-16,-1.66309440943698e-09,3.47485935039749e-16,1.47021842794331e-16,-2.34310910349791e-16,6.21035873054345e-17,-1.8877147026006e-17,2.02539590599963e-16,4.43975594876336e-17,-3.77961815096385e-16,-3.6561543012963e-16,-1.92948312844547e-17,-3.16390520919786e-16,-2.40519384255256e-16,2.94172304591052e-16,-1.65781775205882e-17,5.05431813153893e-16,-5.90430436689749e-16,1.36271438680837e-16,-6.50970896486245e-17,1.05374202881512e-16,2.56533362369884e-16,1.50053580671994e-15,2.86477094864114e-16,1.17460110732415e-16,3.42063658716575e-16,5.41486567196906e-16,1.16279743202179e-10,3.1326955871181e-16,4.85142214930781e-16,-2.56210784268002e-16,1.3791057018216e-16,-1.14196613380866e-15,-5.55221566394159e-17,-1.70414904517908e-15,1.6467324432852e-16,-6.50050595743285e-16,7.2595333307056e-16,-4.81385764583564e-17,1.83256442282176e-15,-1.01336000858771e-15,-9.43125837863093e-16,-2.97120908045706e-15,-6.43476110748818e-17,5.17249409494598e-16,-1.50979307655819e-09,-2.79827215621794e-16,2.17377492101922e-15,0.707106781186546,1.80753124763128e-14,-4.56080578421137e-15,-2.78167955197136e-15,1.61986480683816e-15,-5.00408659782035e-16,3.51127611233126e-16,3.22714203563369e-10,1.75013112981604e-15,-1.39862426224996e-15,-1.09607569401096e-17,4.15226412337737e-16,-8.3130845343271e-16,4.475023360156e-16,-1.42979842359432e-15,1.89839239342374e-15,-1.20299110400554e-16,-1.34223014982809e-16,5.08785981934573e-16,1.50205745975093e-17,-1.17013373370032e-15,1.64209078346747e-09,-6.0820199171167e-17,-2.83654852519007e-17,-7.23211024817206e-16,-4.52329146360952e-16,-4.96183133449111e-09,-1.67139486593844e-17,1.36995112391328e-16,1.84360342317608e-16,-1.70771578628943e-16,-1.85124862847623e-16,-1.81742859575058e-16,2.8416706366235e-17,7.48822388443991e-17,-2.56342818086252e-16,2.51532942279701e-16,-1.33218512940845e-17,1.34781507979e-16,-2.26147573402804e-16,-7.61190972851688e-17,-3.6795059718117e-16,2.48071363221064e-16,-8.83009610843143e-17
"t266",-0.0366900971458859,-0.00969356612696466,0.00122090795090167,-0.106054537514197,0.0208306943260696,-0.00431107414442869,0.0230570717976951,0.000369248889423247,0.000126488831956129,-0.00040637677996446,-0.00011376835118579,-0.113762859222704,-0.0766797181584353,0.00762536681298171,0.00147950964759195,-0.00202150118762705,-0.000229499732031419,0.00222712314996927,-0.000106332423679607,0.000109501050216881,-0.00260663384082323,0.00111230588288037,-0.00456289332802537,0.116356805821782,0.0379081046992976,-0.000331905695455765,0.00032347801467472,-0.000258663831363617,0.00276706469133131,0.00151371837706478,-6.08218560520561e-06,1.29197659892759e-05,-0.00786237023639835,-8.21804078673925e-05,1.61664706314771e-06,-3.86812934482004e-06,-0.000367218252029858,1.49420470749724e-06,1.32179554833826e-05,4.36749589585088e-06,0.000357724708581972,-0.000101746442699317,0.136025901341611,0.00102403604777085,-0.00216177429416937,9.52521488761535e-06,-1.49513519928702e-05,0.000105295662117207,-7.28473825697737e-06,8.81893828246643e-06,-0.000289875874265941,3.09030315905419e-07,-3.88326588624564e-10,-1.22823006019034e-06,2.94088507767316e-07,-3.39296610068202e-06,2.68558291590718e-07,-1.94887729730361e-05,6.66641177889252e-06,-8.15734009265939e-06,-7.64216249414243e-06,1.2289437691145e-06,-4.16868889860261e-05,2.24470711626051e-05,-1.88666705825094e-06,0.00288772009675813,-1.63346672763986e-07,6.06537701120384e-06,-1.67545027279193e-05,6.63230575414428e-06,-7.84575913052326e-06,1.18886756134092e-05,-5.34400330723495e-07,-3.90748582590428e-05,1.62332206111995e-05,1.54410546189674e-08,-8.60394439454835e-05,1.56626376624476e-06,-5.45838298896382e-06,-6.30154127552036e-06,1.79612192107438e-06,2.67423864643344e-05,-3.184698510538e-06,-1.9795838628885e-05,1.17631207979875e-06,0.000250041497666993,-1.52094129730598e-05,-2.72528823568947e-07,-8.92274028624828e-08,2.32792986110848e-05,-5.71955391011206e-07,1.38214962855029e-07,1.23867179823698e-06,-0.000123752404389776,-4.21102725085345e-08,-1.35439618934894e-05,-3.06114511547956e-06,7.28442165923936e-06,-1.08536762963493e-05,-2.68114033696519e-06,-5.36861015760826e-07,4.27394259982411e-07,-7.21209839333662e-07,1.39650288250029e-07,-5.66094676225432e-08,9.80476804439682e-07,-2.5733962440311e-06,2.10722480888435e-05,-3.44891927900014e-07,7.45309101166233e-08,3.160336908726e-07,5.65927003017828e-07,-9.15788902843699e-07,3.30129869865018e-08,7.18319658285359e-10,-1.03775421380551e-07,2.04683206650083e-07,-3.71210526926078e-07,5.32954070402482e-07,-1.6149004697561e-06,6.70190640621664e-06,-2.20016563746238e-06,2.46904796994629e-06,6.82517102303767e-06,-2.27306496396158e-06,2.53013455586865e-05,-2.60049341399907e-06,9.27772801954055e-07,-2.37875562821918e-06,-7.86549528873515e-05,2.53920822844831e-06,-8.8834564807505e-06,1.7986181904419e-05,2.24769466387187e-06,-8.87505592140188e-07,-4.15280919658984e-06,2.90080934021556e-08,2.23593338515677e-05,-8.42527361904734e-06,2.4367936324005e-05,1.61010622297759e-06,6.3413754162652e-05,-1.27398271698531e-05,-8.21756690349405e-07,-2.59288385035214e-06,1.76034936736995e-07,9.49089309916379e-06,-1.68658252970276e-06,-1.14661345625404e-07,3.09073472704617e-07,4.83733105054117e-05,1.49272375128914e-06,3.26714879331427e-05,-1.25307511849662e-05,4.6601382036916e-06,4.23382388483929e-07,-6.54803735105552e-06,0.00158400835063146,6.69596227596995e-06,2.38179773737842e-06,0.00299389406466784,-4.03252428579933e-05,0.000185009053038906,0.241384456707236,0.000270130878065863,0.257664989516969,0.000132416949151815,2.28333833687188e-06,0.000113886667126996,0.000171947920308208,-0.0365291631110939,0.000739429335581273,1.84330337467568e-05,7.15449590206977e-06,0.00412744220888731,3.01343212386793e-06,0.000672538915158363,-0.00010803275667551,-0.000123124880958064,-0.00472045831399147,0.00383716203720389,0.191284834090448,0.000489070512424331,1.20044709544951e-05,1.7825134479268e-05,2.20345575679319e-05,0.000237868757999435,-2.34218053711774e-05,-0.000102966594602834,0.000732379705972223,1.32828755934697e-06,-1.74227584459769e-06,-6.21065887504447e-06,-1.09613018618479e-07,-8.11230774202998e-07,8.30304411902101e-07,1.43029828895888e-06,6.29635887166475e-06,-6.88558527328144e-07,-1.70911927775981e-07,-1.66154432583179e-07,-2.18019743664901e-05,2.78026475000321e-09,2.70254656188299e-06,3.7082374587661e-07,1.19375558725976e-05,-1.67581571209475e-07,-5.04751850284417e-06,4.47264033674294e-07,-1.40440054283511e-08,-5.67053681465364e-06,0.00032190904380288,-2.16184003643029e-05,-2.94350802290937e-07,-1.8772763563314e-07,-2.63239504393575e-07,5.04654594680432e-07,4.54068379853847e-08,-9.64522166258725e-08,-5.16280014590419e-07,-2.87569523924647e-06,2.50427480070483e-05,9.80254809829949e-07,3.21729819852702e-06,-8.5206532507142e-07,-4.38847463194056e-07,-4.63808830445747e-06,-3.31492951777259e-07,-5.28865072834665e-07,-4.28013110426559e-07,9.18430842039994e-06,5.89232162041003e-05,1.45511900331656e-07,2.44056702457447e-07,-1.30689487359981e-08,-2.15491187340505e-07,-1.12434826044677e-06,2.97002840065079e-17,-1.70183141493714e-07,1.28067129479582e-05,-3.65550574483527e-07,-6.63975902538811e-06,-1.07165706043642e-06,1.28150331982774e-06,-2.10200139966602e-07,7.64626869216704e-06,-1.74500878151516e-08,1.1548576631534e-09,-5.55627975590556e-05,2.68222947247912e-06,-8.44157657683194e-08,1.15640759003408e-05,-5.40545105231461e-07,2.10078155830437e-07,-1.38987917356866e-08,1.07456985852244e-06,-1.06248104661229e-06,1.05506373658183e-05,3.70299463470797e-07,-7.88700297405148e-08,2.3141443695663e-06,-5.46212924829033e-07,8.70492661385084e-05,-0.00527037394491178,-1.12668001575955e-07,3.06334188409269e-08,3.04543386289378e-08,1.39328060831305e-06,-5.14425892713264e-06,2.49134083651023e-08,1.0464200135643e-08,-2.84662406597121e-08,0.000128919245766596,-3.59981475225532e-06,9.56322437124605e-07,-0.000297251863354074,6.73677943020159e-06,-8.95284145468387e-07,2.13123448836058e-06,-0.0168272131440995,-2.9757490151258e-08,8.67896551579614e-16,-4.18315464084686e-07,-1.48005958208616e-08,-2.36633765514142e-10,-2.21603925969941e-06,2.53351644509184e-08,-1.58460433573136e-08,-3.71923453765871e-07,4.32610484538181e-08,-3.44892338499365e-07,9.03559588480172e-07,3.31589835090731e-08,-2.9601109968677e-08,3.82573284980211e-07,-4.63337139939013e-07,1.64643309830718e-05,-2.18846126897122e-07,2.5061446403496e-06,1.25423903211464e-08,2.01700047794471e-06,5.06068064630747e-07,-4.05761840794435e-06,1.52440860731487e-07,-3.61331069290105e-07,4.80394271773129e-07,-1.73669777101693e-06,1.06575993548722e-07,9.63029321028596e-08,7.42914451870061e-07,-6.94304006617762e-05,-9.5580500598832e-08,4.42732170877939e-05,-4.9622354795271e-07,1.22136274418041e-08,1.12680534028561e-07,-2.14471845180793e-07,2.43118865800332e-16,5.63575713305096e-10,3.76645716196062e-06,-3.11131108933407e-07,3.05789780105022e-07,0.00201113502775293,3.3078195574281e-08,8.34714572018328e-08,-1.22596932493089e-06,4.43979620134364e-07,-2.94330823152976e-16,-3.08262690905411e-07,-3.70258842483991e-09,-1.00088683946695e-08,5.29287101226442e-07,6.78828510808553e-08,-4.29333569141678e-09,-1.47274841936657e-07,3.59160043908095e-08,-4.95234830328036e-05,1.03138623100648e-07,-1.16424064269837e-08,-1.01474365476486e-08,-1.47574145886354e-10,6.02464417709305e-10,1.31767002984469e-08,-1.64219845355823e-07,3.7045331838068e-08,1.06553715687377e-15,3.06124834650324e-06,-2.98543459741974e-07,-3.37765078209478e-06,-1.38783743489038e-07,7.16916817659361e-07,9.42166134154523e-06,-0.0486091709803375,-0.00106381695605038,-1.00145322272423e-06,3.28876833318283e-16,-1.02515670360935e-06,-3.93481685715311e-06,-7.66264700948465e-07,4.29809661521531e-16,1.1072973352574e-06,1.05958298507047e-05,-1.5765916976669e-06,-7.98927577601113e-07,-2.47334071829595e-07,-1.25796219406435e-07,-4.3345673646764e-06,1.09516490236036e-07,1.15141873133708e-06,5.06950293825927e-07,2.03182592151131e-07,2.04031982875745e-06,-2.3987168722512e-16,-6.97995915920577e-07,3.20294085098499e-07,1.97632300703632e-06,-1.86324240143529e-07,2.37685702158754e-16,-1.59102567569324e-07,1.80893611589255e-07,-5.93696512916501e-08,-5.14868437198969e-08,-1.26459698584507e-07,8.84049349727986e-07,-1.53734633628941e-06,1.67911237115955e-07,5.73889595968888e-17,4.74294404945082e-07,-6.21348064800092e-07,4.53993360028098e-05,4.67970990584277e-07,-4.72764566251772e-08,-3.09841999219401e-10,1.55431223447522e-15,-5.35193441697906e-19,-2.5059424265238e-10,-1.82063073582252e-07,2.33097944261834e-08,-2.63298773395522e-08,6.16597444112745e-16,-4.13207912787958e-09,-8.01011651423003e-13,-4.29962110550183e-16,2.36291178141235e-16,1.15193670305966e-15,-3.62808818851494e-08,-1.22499726120162e-07,2.60028117354422e-07,-1.99666052797611e-07,-1.02381681143487e-07,-2.67629514619237e-07,1.32216075263913e-06,-2.77332994515696e-16,4.38688608467538e-07,-8.85335241257512e-07,3.42138722165034e-16,7.63788829587332e-15,1.48032364073112e-06,8.14847215568939e-11,7.39617190517898e-07,-6.51376772120413e-07,-1.04904612265338e-06,5.88255519030044e-08,8.63892560233118e-15,2.09699702884394e-07,-3.01677102133264e-15,8.53735927177865e-07,-1.00590651259946e-14,1.79051562142859e-06,-5.70570187194501e-15,-1.71277902138929e-06,-2.4764733994484e-06,-3.27566854154991e-07,-5.92081124369663e-06,-0.00776785400209623,5.21128615736234e-06,-0.875953771834904,7.86604786705149e-07,3.79483522284684e-06,2.72937871022566e-07,3.09096645133574e-06,-1.02993044142424e-05,-1.32792822471323e-06,-9.58300022861406e-08,-2.17566802523149e-06,1.51263321924122e-15,2.82547321560537e-05,-4.36484357601543e-06,2.14144898189345e-07,2.13301443989198e-15,2.68919124286858e-08,6.79113014064937e-07,2.36398914725681e-06,-9.37562904698527e-16,-6.25139249401528e-06,-2.85659680335088e-07,1.43127141326223e-15,-3.68993355250819e-07,5.08448643200058e-06,8.17806746393964e-16,-1.37405554849696e-15,-2.85761266968473e-07,-1.3841832855218e-07,-7.77279996606255e-10,-1.06091820862325e-06,2.72137542623759e-07,8.8116041665501e-07,7.65858831951729e-08,8.9922104502479e-07,-1.48022229807434e-06,5.96202774649779e-15,5.90596038032157e-07,2.07550246949593e-09,5.6930857843796e-09,5.2900037232919e-07,-5.35520800066689e-16,-1.06203319322367e-16,1.72372358651426e-07,-1.8527243927705e-16,-9.57185611332836e-16,1.0341734965951e-06,-1.21295171590417e-06,-4.05047093277401e-05,-1.36114409738571e-08,9.24648281896105e-05,-2.4844732355674e-07,3.19265210762152e-08,-1.19543344725907e-16,8.31973176936322e-08,3.87323126797704e-09,1.77541507541016e-08,-1.97635153712379e-06,0.000261242310646843,-4.57409979174123e-16,-5.75608772941137e-16,7.24635999843501e-16,-5.79139866470481e-08,-5.50372145288216e-06,-1.60556916289038e-07,-3.03865797565364e-16,-2.32293210534555e-07,-1.11425418525568e-15,-4.97539534216251e-17,3.31951143870939e-06,-7.28568045276612e-08,-4.14598910758457e-16,-1.77882037086281e-07,-1.01143023671366e-06,-7.56653472258403e-16,2.71216839910479e-07,5.18806905998331e-16,7.1747258345758e-08,3.54918774573267e-16,7.15263804319402e-08,6.18776255474622e-07,2.47554456796463e-07,2.10438496649412e-08,1.44192271790808e-07,-4.96726502843565e-07,1.970710359729e-07,-1.72944275774294e-17,1.0765561400014e-05,-0.00586950170509408,2.09990961684648e-16,-5.22182427526607e-08,-1.74927019483037e-07,2.88568077651363e-07,-2.17611285413155e-18,1.35056421235298e-07,1.97221437159669e-06,6.77161213964234e-17,-4.45581535135928e-07,-9.8508676289248e-08,-5.65258468193993e-08,4.315650309381e-16,-1.63552130785476e-16,9.07411052314673e-08,2.76805149921861e-08,2.23775364260784e-09,-2.45428484419233e-07,1.6085056515308e-08,-1.4595209271546e-16,-2.46530786436752e-16,5.86249465202027e-08,4.04014044268481e-10,-6.04262932424357e-17,1.41279103734865e-07,4.31602280716959e-17,1.43263405367407e-05,-2.68774407082654e-08,-1.57014857022422e-08,-1.04027334992193e-07,-1.95028582475883e-15,-5.60814899529606e-17,-4.63639898955857e-17,-2.68586666037844e-16,-9.28367663598312e-08,-2.03456265537059e-07,-2.9162027503867e-16,2.04946166361321e-16,5.21897731720152e-17,0.00313447393473116,2.31091840703415e-09,-3.41826315930204e-07,-4.6609192310727e-18,1.4975542507456e-16,2.52239635428753e-16,-8.30913602395184e-07,4.98967990245035e-06,1.78548880717159e-16,3.07928369317022e-08,-1.28010554050494e-06,1.54203510692816e-16,-5.30842417691095e-17,-7.99733970819215e-08,-8.1915075076745e-10,-3.95287455601536e-08,3.16644403491802e-16,4.4328011239573e-08,6.44349299138103e-08,6.89577719266702e-08,-6.26371120064644e-08,-2.22900962926665e-07,1.895427933851e-08,-1.9514432415145e-16,-1.9625028807824e-15,-1.47047575854673e-16,3.64036295122574e-07,-0.000113106817453636,-1.75092440536454e-08,-1.37200022177601e-08,-2.60582753692933e-16,1.97190528586506e-16,2.69950022640123e-16,4.63640032209883e-16,1.87896320603866e-16,7.16678203625948e-07,-2.45732329579323e-16,-1.41811073579397e-16,-1.0511879628909e-08,-2.03997496406035e-16,-9.40873362634375e-09,-6.45452449629882e-18,-1.1662234015495e-08,1.22401022256125e-16,-1.4067274716674e-08,-1.75890009451759e-09,-1.10862280955431e-06,3.53515596832756e-17,5.62774714485566e-08,-1.07863905733782e-17,7.95595959832196e-08,-1.53266695424846e-06,7.7016414110315e-10,1.90737021913494e-16,1.12169313902991e-07,1.48790204718757e-16,-2.74881320687465e-08,-1.5513125592566e-07,-1.21579966252315e-16,-1.21722731687728e-16,9.87632449284244e-17,-7.6155665912913e-17,-5.19522239458338e-10,-6.76096281591269e-09,-1.50859248222058e-09,-9.22581040238737e-17,5.93387048550763e-17,-1.74818700804363e-07,8.96506077723361e-07,4.49638559928005e-17,-3.32910316241849e-18,-6.82180605146614e-09,3.54322111975775e-15,-4.83020921296524e-08,-2.17986131078351e-16,4.548973098605e-07,1.09024079700091e-16,-1.59510843984493e-16,2.58702641559744e-17,-3.15190850107813e-16,-3.98051322328803e-16,1.28829711116353e-16,6.01244721208307e-08,-4.20458015770205e-07,6.88778797020841e-17,-4.02952017145394e-08,1.53170994649931e-07,8.06427642652824e-17,-4.0826323349754e-17,-2.10879732763992e-16,1.3792557724664e-16,1.50556225742883e-08,2.40609673969524e-09,6.64886505028687e-17,-8.73520104570584e-15,-2.73021169731563e-08,-9.73824981829148e-08,-1.62029851864381e-08,-2.32521178173334e-18,6.40088918785744e-17,8.99062519655927e-17,-2.3764008711924e-17,-6.78062646642938e-17,-5.84428860729767e-17,5.72046733106859e-08,-5.40788843486521e-08,-1.0393452282924e-08,-2.82311108403222e-17,2.44124059050793e-16,-2.87919928039105e-17,-3.64058780455605e-17,1.13603563234062e-16,-1.68473851537721e-16,-3.43614628925387e-16,-5.03636079566035e-17,1.06163357327998e-18,4.05481018897781e-17,-1.66318835119682e-16,-1.06903979329805e-16,-7.112386434149e-17,-3.96678758510194e-17,3.90884273513819e-08,4.33676711130324e-17,6.04438611032221e-16,-1.94789064024637e-16,1.55265358760317e-05,-9.60815314655172e-10,3.8336083435446e-17,-1.42367744401305e-08,2.69101603324369e-05,-3.61389340700636e-17,7.26973428084589e-17,-1.40233440082383e-07,4.87297994313373e-17,3.47060611650449e-07,-7.60403721481416e-17,3.66294351417048e-17,-5.06696805098365e-17,2.33473363140401e-17,1.74339435576656e-09,-2.39351752259982e-07,9.7995229568691e-17,1.31816576390785e-16,1.04690407479792e-16,-2.6008150288976e-16,1.87133294970998e-16,-8.77742475909366e-18,2.04007587060002e-16,1.08511283518987e-17,1.96678207578545e-08,6.29506692066361e-17,3.20892674240877e-17,2.76453804018539e-17,-3.93747110939938e-18,2.99139303984581e-16,-4.45616483091475e-17,-5.60453959967079e-08,4.77124113128352e-17,1.79916421156809e-17,4.17672644664359e-08,8.43374551908858e-17,1.46110595392633e-16,1.79439086200644e-17,1.00148696719206e-16,3.80335859318883e-07,3.34842578447503e-17,-2.55529821878875e-08,-9.53964267122342e-17,2.09396773293476e-17,7.19343768556467e-17,-6.23312487643126e-16,2.78505419803007e-17,-5.19839191411735e-17,9.21630872658497e-10,-2.09217885003899e-16,-7.19402827076112e-17,3.58430445868269e-08,-1.14882357078658e-07,9.5348930178413e-17,8.03807571822721e-08,1.176837063155e-08,4.5457327715059e-17,-7.62689382285652e-17,7.76162510426519e-17,-1.13797170451059e-16,-1.28235491459284e-16,-1.9661015521692e-08,-1.48206864712974e-17,-1.91389036960531e-16,-1.72338729659297e-16,7.86091770945884e-09,9.52064163141315e-17,-2.31871814111601e-16,-1.13414735434339e-16,-3.84734024774593e-17,-3.57549845052101e-09,3.89841396170428e-17,1.17956540924253e-08,1.89812233452892e-18,1.00785777119746e-17,-2.20382090826292e-16,4.90809990056216e-17,1.49926119614047e-17,9.37736392675047e-17,-1.81473043750134e-17,-1.28442591771033e-07,9.87105508295622e-19,4.31681477711194e-17,1.51191146289097e-06,-1.35006849138853e-17,4.68349330583082e-17,1.06527574833101e-16,1.01313729177055e-17,2.19419136605741e-17,1.65318669754785e-16,-5.68412711687648e-08,1.44884712801503e-16,3.36635725407268e-16,0.00107479831312614,1.41353060379e-15,2.62055327910565e-16,1.32747957018177e-16,-1.71680723653327e-17,-5.73662214010184e-17,1.94520733267546e-17,4.57770332782052e-17,-6.51003224133644e-17,4.46094567158909e-17,-8.60010584416078e-17,3.43465653850736e-17,-3.20944129204632e-06,2.00343554405314e-07,9.44904423225706e-17,-1.44573718313814e-17,-2.82897739611553e-17,-1.17563677419278e-16,6.50521303491303e-18,-5.46341102527807e-17,-1.03625406388417e-16,-2.13301589217348e-17,-2.51207547380476e-09,-1.78549946083284e-16,-1.78639282701976e-17,-1.2003820314514e-17,-4.75021184229978e-17,3.21135606975388e-09,1.31402618268515e-16,-3.5058227822727e-09,9.78587513831467e-18,2.56277128525055e-16,1.14238676358949e-16,2.23196344412833e-17,-9.01825157504873e-17,-7.46708324960822e-18,1.0925122975265e-16,-4.03947721806244e-17,1.04372020460634e-16,2.02173981364571e-17,2.81956861991778e-17,4.57844514161373e-17,-2.39783417561891e-17,8.36125191693383e-17,-6.86039323422455e-17,1.31671658032312e-16,-4.83973490122882e-17,1.50718847927818e-16,1.72246617532403e-16,-1.42242813151962e-16,-2.33753988387875e-16,5.26975012644242e-17,2.41905963355853e-17,-5.2612843057141e-17,8.11663853764965e-16,2.40138630228099e-10,2.30382115790108e-17,-9.36221602576336e-17,-5.03250279394493e-17,-1.18420468237744e-16,5.86257814058495e-18,-1.90461952829829e-17,2.90454290152311e-17,5.91822570660697e-19,-2.46116740185644e-17,1.53256574732183e-16,-7.13405029495462e-17,1.04290674440559e-16,-5.52786515434888e-17,-2.94366073409491e-17,-2.5782337723111e-16,1.39071790220981e-16,8.40018551538572e-18,-3.07678646921823e-09,-7.76293855511925e-18,7.27493849275532e-17,4.68680674400017e-16,4.33184625865732e-17,5.26650735738431e-17,4.20952722042367e-17,7.43182805468537e-17,5.37858809172112e-17,-2.44291558137735e-17,6.48985478790479e-10,5.88932376606715e-17,2.09054934152393e-17,-9.42952689002861e-17,-2.58974394051328e-17,-9.32653863112815e-17,1.08906776336837e-16,-9.75970144958644e-17,-3.55052615560358e-17,-1.02524391485384e-16,-2.32815213713272e-17,1.73721563319195e-17,-4.5168209786133e-17,-7.20962995963502e-17,3.2600085991011e-09,-7.52422556450647e-17,1.93879332324762e-16,-1.3046988706263e-16,-3.07696576551386e-16,-9.79309563438526e-09,6.86488896720339e-18,1.37511117979721e-16,-3.76715049298007e-17,-6.5722365025905e-17,-3.38131708414972e-17,4.39061414356045e-17,-7.39499947541246e-17,-1.72973391079669e-17,-1.20136187207861e-16,1.79682059143652e-17,1.20587715174931e-18,-1.26670290902754e-17,-5.67051598351209e-17,-9.12907607115252e-17,-4.99004571469814e-18,3.14768254262213e-17,-1.9812910423535e-16
"t36",-0.0366661421070456,-0.00968022081973079,0.00121917268108181,-0.105852441995092,0.0207820780318909,-0.00429926637094569,0.0229926774254187,0.000368135449580466,0.000126038197822249,-0.00040462040914462,-0.000113144072898344,-0.112993129637728,-0.0761456608655814,0.00757145061056205,0.00146859062184775,-0.00200569771522878,-0.000227662527952188,0.00220896985025927,-0.000105445541927826,0.000108508410833114,-0.00258106366319823,0.00109911958870704,-0.00450574378796247,0.114891062457735,0.0374286821278163,-0.000327506176473303,0.0003191390349209,-0.000255162808494179,0.00272859807074708,0.00148882474745225,-5.97543852997948e-06,1.26825602307764e-05,-0.00770744520828758,-8.04831154420052e-05,1.58152566884622e-06,-3.77726430933742e-06,-0.000358480702507681,1.45807665301057e-06,1.28961489168147e-05,4.25955262160137e-06,0.000348624581124366,-9.90941672971659e-05,0.132426129820217,0.000996902381081163,-0.00210347440941477,9.25157539138885e-06,-1.45136979823748e-05,0.000102186411666228,-7.0643627758368e-06,8.54520243990273e-06,-0.000280571201489703,2.98957120471491e-07,-3.75640358806678e-10,-1.18733945479212e-06,2.83935741471338e-07,-3.27519587644996e-06,2.5831884442129e-07,-1.87272267319201e-05,6.40515757178904e-06,-7.81844241653484e-06,-7.31086893167637e-06,1.17455989185957e-06,-3.98115141835109e-05,2.1433077922344e-05,-1.79883449519326e-06,0.00274967317798377,-1.55082595231005e-07,5.75084064479604e-06,-1.58757968753517e-05,6.27740480721792e-06,-7.38119141150686e-06,1.11320351660238e-05,-5.00020740057616e-07,-3.65052141719934e-05,1.51627718367204e-05,1.4413253572215e-08,-8.02911055476792e-05,1.45971032792319e-06,-5.0718686223802e-06,-5.84818752539912e-06,1.66340958895856e-06,2.47551132511619e-05,-2.93811630936468e-06,-1.82443710066168e-05,1.0793070666313e-06,0.000229139864047912,-1.39206122834402e-05,-2.49384890926443e-07,-8.16456230593908e-08,2.12983825843612e-05,-5.2303527389138e-07,1.25817223618763e-07,1.12708703454806e-06,-0.000112281619219689,-3.80157954830138e-08,-1.2217704077331e-05,-2.76129153174703e-06,6.55805975736649e-06,-9.76428735110824e-06,-2.40535634096313e-06,-4.80541842588721e-07,3.82480671402757e-07,-6.45271796013811e-07,1.23635351860434e-07,-5.00770623230427e-08,8.66787781243009e-07,-2.27244059722714e-06,1.86020016930258e-05,-3.04290648163914e-07,6.57011141776132e-08,2.78515346319297e-07,4.9791760510149e-07,-8.05575708193695e-07,2.89124723817952e-08,6.28502177374928e-10,-9.06103677901257e-08,1.78548875992393e-07,-3.2297297243755e-07,4.62530203218886e-07,-1.3988233560919e-06,5.79882279326902e-06,-1.89644886279073e-06,2.1229178715751e-06,5.86780393496147e-06,-1.95351820086504e-06,2.16883320976525e-05,-2.22866329816721e-06,7.93333238510353e-07,-2.02086276507149e-06,-6.68161090757906e-05,2.15586152723534e-06,-7.50878815494775e-06,1.51895310657588e-05,1.89698980243076e-06,-7.47059466247696e-07,-3.49435186255712e-06,2.42711821977739e-08,1.86218217953104e-05,-6.97199763802961e-06,2.01610109239279e-05,1.33065141122516e-06,5.23776422520798e-05,-1.051301449564e-05,-6.77882341175745e-07,-2.13890792333607e-06,1.44846831060953e-07,7.76964388943144e-06,-1.37344441987007e-06,-9.32488481107966e-08,2.50615174792688e-07,3.9214710886508e-05,1.20873362299644e-06,2.64380674958863e-05,-1.01322705639366e-05,3.74156045606782e-06,3.3953816698614e-07,-5.24702315565656e-06,0.00124531616286141,5.23898839729609e-06,1.86215662911829e-06,0.00233104125450984,-3.13703305519346e-05,0.000143148977495549,0.186645165669836,0.0002077541535575,0.197125356955549,9.97231968049457e-05,1.71860484793537e-06,8.57067821580713e-05,0.00012911592254894,-0.0273584612567086,0.000553585872427373,1.37283812107723e-05,5.31965303812879e-06,0.00305788995870083,2.23056845612182e-06,0.000497591572529012,-7.92495477857149e-05,-8.95063498011803e-05,-0.00342613543075106,0.00278081435094511,0.13800006278684,0.000352214470462207,8.63034110343968e-06,1.2793995915504e-05,1.5727713547727e-05,0.00016954878416156,-1.6491571551068e-05,-7.24701266143546e-05,0.000513307518287192,9.20046345380062e-07,-1.19468679734183e-06,-4.24360247718115e-06,-7.44970309711167e-08,-5.49121902516317e-07,5.55183696662582e-07,9.5378245422815e-07,4.1744064416782e-06,-4.5516836786684e-07,-1.10373604192556e-07,-1.07179874920926e-07,-1.39191710775868e-05,1.7566542549981e-09,1.66365715906143e-06,2.28246689446816e-07,7.32949408323816e-06,-1.02105440618149e-07,-3.05879133493878e-06,2.67088216541419e-07,-8.22974655291363e-09,-3.2709706902927e-06,0.000184767455581822,-1.21248205056355e-05,-1.62901315151843e-07,-1.03856249313814e-07,-1.44087717079594e-07,2.68568826135386e-07,2.40300727131324e-08,-4.94902966090169e-08,-2.59004247270796e-07,-1.4311268402865e-06,1.20409270762663e-05,4.67315011584177e-07,1.5192583247779e-06,-3.9043817041803e-07,-1.99832570317514e-07,-2.10871793866797e-06,-1.45475349111276e-07,-2.26903616645795e-07,-1.78878329849594e-07,3.79142103036437e-06,2.40096522490835e-05,5.85576674644178e-08,9.78637423968719e-08,-5.06471040693938e-09,-8.16710008775637e-08,-4.15567014003667e-07,-1.4444076318785e-16,-6.05639090197879e-08,4.52195582082305e-06,-1.21915886151147e-07,-2.11145761603146e-06,-3.26784551036773e-07,3.8975786673961e-07,-5.86732146086905e-08,2.10143583600308e-06,-4.76111622064242e-09,3.04012492842e-10,-1.42619474821224e-05,6.55871015029126e-07,-2.01807419141946e-08,2.73834963674182e-06,-1.21226602927427e-07,3.55481683399101e-08,-2.06610726021395e-09,1.40843655279883e-07,-9.70572747669116e-08,9.33114156481496e-07,2.19564895536381e-08,-3.34970882588558e-09,4.12777492552885e-08,-5.34057533886256e-09,1.08393284981589e-07,5.65971832420481e-05,3.24637550729953e-09,-9.46606943636889e-10,-2.39885635194166e-09,-1.11321019926291e-07,4.17552163277195e-07,-2.35869624721092e-09,-1.04389173604749e-09,3.30584339702275e-09,-1.53686594709118e-05,8.10533460191237e-07,-2.27233930082234e-07,7.36002786288685e-05,-1.82527825161071e-06,2.59661257456893e-07,-7.13009851679069e-07,0.0058538917738482,1.06697147736639e-08,1.00684809318817e-15,1.65706150623768e-07,5.93767645271622e-09,9.88662314412482e-11,1.01545146573067e-06,-1.2520928134955e-08,8.10867562069528e-09,1.93578730867794e-07,-2.768800471608e-08,2.23550306537986e-07,-5.87662226824587e-07,-2.28253723714292e-08,2.37748087470878e-08,-3.15305701150052e-07,3.88728976347548e-07,-1.46378539094863e-05,2.40630751999548e-07,-3.00283040931227e-06,-1.51029234952209e-08,-2.432362578572e-06,-7.50709007669193e-07,7.61080815928887e-06,-2.94598610159035e-07,7.29516416247385e-07,-1.02291317150916e-06,3.75903876867395e-06,-2.64738190167063e-07,-2.41734358057485e-07,-1.90100572601295e-06,0.000180017427777818,2.58828192320392e-07,-0.000125841478362456,1.47568879846812e-06,-3.70501964383925e-08,-3.53602788323728e-07,7.24104089702833e-07,5.38576966564382e-16,-3.08472063432870e-09,-2.17424620550328e-05,1.94950984531072e-06,-1.92078480462334e-06,-0.012665785492565,-2.12659156513676e-07,-5.58210008345391e-07,8.60048304601893e-06,-3.44496386095693e-06,-8.34157139118152e-16,3.08374674569656e-06,3.83318755025127e-08,1.11797261760378e-07,-5.96729038389951e-06,-9.40842208334372e-07,6.75863466925718e-08,2.83734969850647e-06,-8.10997055749005e-07,0.00172013787027971,-6.5908053930721e-06,1.49656896852486e-06,2.88537785638283e-06,1.5893101336837e-07,1.69164443682797e-07,3.25531293546525e-06,-2.30175932895083e-05,3.90606153951126e-06,7.47622343071566e-16,0.000118825092731871,-1.03401476434252e-05,-0.000116864103083116,-3.7247354986511e-06,1.86390441032878e-05,0.000181344473885936,-0.877424022193236,-0.0189764379585192,-1.71189640405229e-05,1.82134917431547e-14,-1.6759153735221e-05,-6.33282438284864e-05,-1.1682701116616e-05,2.03476829635151e-16,1.60304380682958e-05,0.000151675912475115,-2.24397510062387e-05,-1.12407713822657e-05,-3.41603232916662e-06,-1.71449123508395e-06,-5.84867299814228e-05,1.43702485540177e-06,1.50610052362623e-05,6.51585547456386e-06,2.53899143767278e-06,2.54616542912179e-05,-8.73291804856473e-16,-8.3200490730943e-06,3.79181395133287e-06,2.30716989932853e-05,-2.13539240294051e-06,7.56806828135407e-16,-1.77112683242655e-06,1.98103223808489e-06,-6.48947539982491e-07,-5.62938395808073e-07,-1.38447708400867e-06,9.73007508706992e-06,-1.72088449031459e-05,2.06189701889358e-06,-9.13032735882904e-16,6.86734392225162e-06,-9.1749649410648e-06,0.000700915596301279,7.75565078689444e-06,-7.88171541528917e-07,-5.28312683952862e-09,0,2.72604338701955e-16,-4.9824821379161e-09,-4.32938579056377e-06,5.69100512337914e-07,-8.07260325933008e-07,1.8997465105475e-15,-3.68014455120325e-07,-4.27639195651404e-09,1.16240949950128e-15,-1.76886353168416e-16,-9.89954988774719e-18,8.6795378670175e-07,2.54742331337733e-06,-3.62619952181765e-06,2.1166348691865e-06,1.05379998694221e-06,2.14618840703964e-06,-1.03209174188211e-05,-1.53677782868891e-16,-2.22630097967817e-06,3.91366182075338e-06,-4.40746353558184e-16,-3.08325303401028e-15,-3.94052793555368e-06,-1.9262943757442e-10,-1.49088352143156e-06,1.1788253646276e-06,1.53724482863096e-06,-8.32463370002296e-08,-3.76979347311481e-15,-2.82805863426513e-07,5.50566868483817e-16,-9.98891554429876e-07,2.70974648969302e-15,-1.87927077331106e-06,1.57830980082431e-15,1.5558534488723e-06,2.18260582436739e-06,1.84824380209692e-07,2.99134030797275e-06,0.00373908088239808,-1.99324137765352e-06,0.265203471966382,-1.07530950229242e-07,-5.13582626349363e-07,-2.43185244197704e-08,-2.94061868864465e-08,-9.03534160783771e-07,-2.15417310472786e-07,-2.07642008948729e-08,-5.27009430805616e-07,-5.89633648761516e-16,8.9450105190686e-06,-1.66725852036863e-06,1.15598989473927e-07,1.03957231049147e-15,1.55751497622032e-08,4.30592748674479e-07,1.55068206989139e-06,3.92094324009517e-16,-4.16908883103333e-06,-2.02321555655689e-07,-3.0237885966186e-16,-2.68434257168437e-07,4.21680367660773e-06,-1.88447915918237e-16,1.14569636774746e-15,-2.46813166795266e-07,-1.19961120086784e-07,-6.84171150865923e-10,-9.5012987605718e-07,2.52611154484711e-07,8.20311637246076e-07,7.15868683847929e-08,8.75434348706626e-07,-1.483614712156e-06,-2.8124204354274e-16,5.98000387646295e-07,2.10510926730398e-09,5.80840901348357e-09,5.43450442543315e-07,1.15643455021323e-16,-7.83210647102025e-17,1.78703822920206e-07,-4.78641077059267e-17,3.390782935041e-16,1.12710571220277e-06,-1.33193153440304e-06,-4.44847515715244e-05,-1.51819144813931e-08,0.000103339641000586,-2.77785228446476e-07,3.57937526101849e-08,-1.22152338956646e-16,9.57867190044226e-08,4.482432353137e-09,2.05809663828934e-08,-2.30959072081411e-06,0.000309511406653428,-1.10102533140023e-16,2.55823679617537e-16,1.1754030820347e-15,-6.98437680772123e-08,-6.68422398371981e-06,-1.95096362435146e-07,-2.07862961481819e-17,-2.84081498855706e-07,4.87718476884049e-16,1.32433039429096e-16,4.16142237486811e-06,-9.13606043568632e-08,5.21718085400025e-16,-2.2424874980564e-07,-1.27887096883121e-06,2.16496917532507e-15,3.44937497462296e-07,-5.32814268703525e-16,9.18528806740063e-08,3.77546897600956e-17,9.16223706638383e-08,7.92975706265688e-07,3.17403470227865e-07,2.69999696327876e-08,1.85285154265589e-07,-6.41803670220768e-07,2.56449662489343e-07,-1.80747842538366e-16,1.4122707374424e-05,-0.00770610606086782,9.14383131084446e-16,-6.86308236297099e-08,-2.30345725899793e-07,3.80625170109975e-07,1.62018458943915e-16,1.79106740641715e-07,2.61814218339415e-06,-1.3012025105548e-16,-5.9230224032582e-07,-1.31029996786426e-07,-7.53629054353743e-08,-8.03182761765598e-17,1.01272395443744e-16,1.21607665701872e-07,3.7172921783766e-08,3.00638204476533e-09,-3.32385737147307e-07,2.18098120310231e-08,1.25000723786449e-17,1.51024650974233e-16,7.95530024816315e-08,5.48294512827099e-10,2.85110218676175e-16,1.91981875915176e-07,-2.0546501895044e-17,1.94915277241978e-05,-3.66265407649036e-08,-2.13991785812812e-08,-1.41837958965224e-07,-2.51209321575242e-15,1.33515155465235e-17,1.38466606024431e-16,-3.32270024631204e-16,-1.27045841236e-07,-2.78506048557255e-07,5.59654122345457e-17,-3.97035868689137e-16,-8.07291397254345e-17,0.00429500824148858,3.1678757830822e-09,-4.69111586814678e-07,-1.57690679655253e-16,-1.645818897833e-16,1.25930082334191e-16,-1.14430596537819e-06,6.87238527784115e-06,-1.87890514782539e-16,4.2463740966046e-08,-1.76612518408954e-06,-2.03148107266396e-17,1.0584624323307e-16,-1.10456618280781e-07,-1.13147917339102e-09,-5.46335948774252e-08,-3.8705204149926e-16,6.13264520576913e-08,8.91896503602614e-08,9.55161575934226e-08,-8.68391697500819e-08,-3.09098401932883e-07,2.62952159445038e-08,-6.59010035576518e-17,6.41131086355258e-16,4.00421036583133e-17,5.06131815685947e-07,-0.000157260986398124,-2.43505271749327e-08,-1.91031961654181e-08,1.87409985811346e-16,-3.32854563377531e-16,-2.49750166423577e-16,-2.62022641397555e-16,-1.53389560035219e-16,9.98953741416783e-07,4.05042750797759e-17,-2.30479077534491e-16,-1.46577768799071e-08,8.7802272362599e-17,-1.31198092995187e-08,4.738082869946e-17,-1.62626967480975e-08,-1.69441521922283e-17,-1.96284298615121e-08,-2.45457188194738e-09,-1.54741149764845e-06,-4.65860201522398e-17,7.85704832838836e-08,-1.13795846693295e-17,1.11128399141024e-07,-2.14198091645642e-06,1.07636715461577e-09,-1.08619659148701e-16,1.56795983193045e-07,-2.54326604548964e-17,-3.84349472675152e-08,-2.16913151828512e-07,8.43233401546305e-18,3.77667600603015e-17,-5.40238794398752e-17,1.8593336626811e-17,-7.26571989229751e-10,-9.45592935048371e-09,-2.11004537149805e-09,2.8174595824245e-16,-3.47296695360132e-16,-2.44574537765751e-07,1.2542402396459e-06,-9.41989615235198e-17,-8.52374341407882e-17,-9.54613215632818e-09,4.90855080330798e-15,-6.75945579845185e-08,1.06898919908665e-16,6.36653554727632e-07,1.29066225802018e-18,1.97178064008226e-16,-4.53296142017043e-17,3.02631475405387e-16,1.39230470306763e-16,1.29150147152395e-16,8.41586008192986e-08,-5.88532357346225e-07,-1.77048189370638e-17,-5.64041762939002e-08,2.14406181508748e-07,1.08959388025633e-17,-4.48252882916332e-16,1.80029688223676e-17,2.62079943879148e-17,2.10747466166721e-08,3.36802436545064e-09,1.02579349675274e-16,-1.24648477889549e-14,-3.82169399174012e-08,-1.36313885248303e-07,-2.26805054032655e-08,-6.75757168134036e-17,-1.230348811938e-16,5.72204654243101e-18,-1.79842529140765e-16,-2.4283171764183e-16,7.85784630771436e-17,8.00643735691163e-08,-7.56882504809993e-08,-1.45463214172275e-08,-1.32669003921343e-17,-1.43776140948151e-16,4.13335139957741e-17,-4.82310305287264e-17,-2.03793358259919e-16,1.35585436491516e-17,1.5635034701764e-16,-7.79764977036424e-17,4.62492816909185e-17,7.90831260502502e-17,2.25019275692898e-16,6.67359505300707e-17,5.89645549373195e-17,-6.14012550570386e-17,5.46840368412677e-08,2.45961000626512e-16,-3.4270454909919e-17,-4.02844296370651e-17,2.17197745952361e-05,-1.34404273720104e-09,4.74692249330895e-18,-1.99149894664593e-08,3.76394113229807e-05,3.48835006025366e-17,2.30516709997503e-17,-1.96120233583207e-07,-2.94026848902944e-17,4.85291599260705e-07,1.41020174051703e-17,5.91212365553753e-17,-3.92722615507753e-17,-9.23324313491559e-17,2.43706128366015e-09,-3.34578691745221e-07,-4.77406823177451e-17,-8.68330884975643e-17,9.07369331145033e-19,-3.15787960321502e-18,-1.31730563956989e-16,-1.95069682783631e-16,8.4968595510824e-17,3.98799839724655e-17,2.74581787561312e-08,-5.73087273892907e-17,5.21159466237342e-17,1.44828346073424e-17,1.47738016657324e-17,-6.15862261755662e-17,-1.07462561788457e-16,-7.82202100797932e-08,-3.64972245788891e-17,3.56463552282365e-17,5.82893556493771e-08,-1.17818894944799e-16,-5.55123301959682e-17,5.60654129457553e-17,-1.56563853540681e-16,5.30398281373236e-07,-7.0310292996356e-17,-3.5630054150054e-08,9.32493694658515e-17,2.3025835828428e-17,2.4036029086767e-17,-6.37159358748366e-17,3.94220881301953e-18,5.42926356145975e-17,1.28471515579677e-09,-1.59926366872897e-17,8.96197066822369e-17,4.99524217973968e-08,-1.60103188705947e-07,-5.90659567284508e-17,1.11998548240448e-07,1.63964279025892e-08,-6.564896412116e-17,2.26421882873696e-17,-3.05183779594271e-16,-1.51906510431337e-17,-8.01651505386559e-18,-2.73663702826756e-08,-4.14785078260036e-17,6.49588085725086e-17,1.80061079767524e-16,1.09388347883559e-08,1.066023774868e-16,-1.17205364841398e-16,-2.44793134749041e-17,6.50379728678856e-19,-4.97372180543456e-09,3.76271879310232e-17,1.6406616379964e-08,-9.94420037210008e-18,2.43025972438331e-16,1.51763484715669e-16,-8.04530940462744e-18,-2.70827918464062e-18,-1.02306081867488e-16,-2.92108909761728e-17,-1.78544916604786e-07,-8.05371581473336e-17,4.56740608875305e-18,2.10135463766821e-06,-1.68982191988563e-16,4.80590520444221e-18,-4.30551460680524e-18,-1.8187449970648e-17,-7.22798342151061e-17,3.54745218681144e-18,-7.89637839913298e-08,1.19596337045782e-16,2.33162735995276e-16,0.0014927807566602,1.79079865139731e-15,1.69651781414312e-16,1.06564199946355e-16,-2.38958837207345e-17,-2.28897026202472e-16,-8.54753069353008e-17,-3.00941604037072e-17,-2.56045278257107e-17,-8.06551110757735e-18,-2.42835366809876e-18,-6.00881073691526e-17,-4.45388683137899e-06,2.77997642005617e-07,3.24850452684309e-17,1.97577537007657e-16,1.70015833411315e-17,-5.05694447471278e-17,6.31005664386564e-17,2.0857477159353e-17,7.22250455789136e-18,5.73361362500297e-17,-3.48390152095096e-09,3.8440373579665e-17,-2.56848438860498e-18,1.683444868473e-18,-1.25109598471123e-16,4.45164387482475e-09,-6.82658960412627e-17,-4.85725676770135e-09,2.04801021874616e-17,3.07004445113199e-17,-3.64129599562664e-17,-1.25932940977199e-17,1.74071519064266e-17,1.30742211577993e-16,-4.20166763362307e-17,-2.35809005345498e-17,-1.12615398992593e-16,7.77326270106729e-18,-8.38892268123484e-18,-3.48933734497678e-17,4.61728748405901e-17,-2.89370377318378e-17,-1.13434410014204e-17,-5.10332041063171e-17,7.30737016107041e-17,-7.84268778480189e-17,-2.07984714640121e-17,1.08648637302494e-16,-1.52872506320456e-17,-1.9236002729182e-17,7.07180389265678e-18,3.8701825725144e-17,1.16142078777807e-15,3.32032150242128e-10,-4.10622362880579e-17,5.1144701309345e-17,-4.62393262296197e-17,-7.49661653269399e-17,3.77811914876186e-17,1.33271589952502e-17,-7.70149331483782e-17,-3.48012981973983e-17,3.8010161670291e-17,6.72774078041164e-19,1.42681005899092e-16,-1.785563293148e-16,-2.95553692389853e-17,2.69662905287412e-18,-1.41415542152761e-16,-1.42275932462714e-17,-4.73093190317836e-17,-4.248076201122e-09,1.14914634715406e-17,-5.83711207823338e-17,1.84064588328827e-16,1.07999774092106e-16,1.08500662021099e-16,-2.71054495480527e-17,6.4649505374218e-17,-1.72372568415879e-17,6.03210607655696e-17,8.94680296164008e-10,1.96917501848262e-16,-2.68642374405124e-17,-1.42089978769717e-16,5.30235805683594e-17,-2.17257222190463e-17,-2.89991121645859e-16,-4.78768054536398e-17,6.10261855236817e-18,6.24558065307476e-17,-9.36321015887845e-17,-5.23319312323035e-17,1.09934206286634e-16,1.0207737940761e-21,4.48713216382088e-09,-2.65791462437515e-17,1.33908886087821e-16,-1.84936841216048e-16,-4.0614213381307e-16,-1.34693438096472e-08,-5.34010713886881e-17,3.73462728558309e-17,1.18108883135037e-16,4.55876660692909e-17,-5.89067624369396e-18,-1.23991292656441e-16,1.96155622065802e-16,2.65558356774124e-17,6.86098743751519e-17,3.89805499303846e-17,1.4692611027943e-16,1.34515947735024e-16,3.28505602260911e-17,-6.50490120770063e-18,7.41191564654343e-17,-7.40931901197217e-17,-1.86262192116233e-16
"t3",-0.035783371542491,-0.00918603869643322,0.00115489567313546,-0.0983420495183373,0.0189701297332354,-0.00385797474862175,0.0205851864090162,0.000326444533721943,0.000109101794097111,-0.000338264940085504,-8.93680503666713e-05,-0.0834143907673743,-0.0555945191572341,0.00549514627536662,0.0010471819284873,-0.00139388824370928,-0.000156443049323827,0.00150452575901007,-7.0983385796452e-05,6.97367266201199e-05,-0.00157695628562371,0.000573551791258466,-0.00221666962521341,0.0561507390872838,0.018208509847957,-0.000150331548937637,0.000144196778144569,-0.000113878198708559,0.00117201761898068,0.00046192778581641,-1.53439408023893e-06,2.75185752505793e-06,-0.00115274979927715,-8.13095149197101e-06,7.14806179147291e-08,1.85852431897983e-07,2.35594962055385e-05,-1.26593727928459e-07,-1.23862511391257e-06,-4.96152188906267e-07,-5.47244675759408e-05,1.90843175221375e-05,-0.0285064629344015,-0.000216481425125512,0.000514049558893761,-3.22059748750712e-06,5.52830963259578e-06,-4.05178297240755e-05,3.11430600215131e-06,-4.18623436100153e-06,0.000156292387840684,-1.76107971570264e-07,2.23055749843685e-10,7.53299869102678e-07,-2.03361244308489e-07,2.38712942023603e-06,-2.50088483857211e-07,1.94331825832206e-05,-6.70051620724722e-06,9.58224270060505e-06,1.00135530134853e-05,-1.69592143606665e-06,5.99350781507617e-05,-3.26037312545682e-05,2.95089202649964e-06,-0.00481685962267895,3.12104458756796e-07,-1.22892872287906e-05,3.48662063837911e-05,-1.44739767176727e-05,2.17616706265446e-05,-3.9234641513437e-05,1.81067462896228e-06,0.000139759472255321,-5.84558957128755e-05,-5.69151469329405e-08,0.000320092192629366,-6.09805527466671e-06,2.35495755515119e-05,2.83401203254795e-05,-8.6734253289566e-06,-0.000131152440102478,1.75046644201574e-05,0.000112656445987029,-7.79276170822027e-06,-0.00172841679571743,0.000109816394248324,1.98178820256707e-06,6.50056593985013e-07,-0.000170394557304648,4.25757486137998e-06,-1.21276833765435e-06,-1.10401846960392e-05,0.00122931097705969,5.11936606248574e-07,0.000170101179200262,3.85045766429273e-05,-9.98318293952345e-05,0.000153750212778567,4.33366474823909e-05,9.75758796032266e-06,-7.85342601061993e-06,1.34179733481515e-05,-5.48398511556149e-06,2.41149502425027e-06,-4.46999706222726e-05,0.000133910926446419,-0.00114129407950554,2.01299588955341e-05,-4.92556740586049e-06,-2.18220213945028e-05,-5.31028166893821e-05,8.97483751802666e-05,-8.40797086266866e-05,4.32178377339736e-07,-1.69482070889033e-05,2.52447738040915e-05,-2.74679564515763e-05,2.85613036421976e-05,-7.1724636155069e-05,0.000271375929395808,-6.83492436977041e-05,6.6693828837803e-05,0.000183445110219287,-5.99751220834441e-05,0.000590248473144243,-6.0086718429493e-05,1.95059649215584e-05,-3.96790480483795e-05,-0.00130895694383357,4.15511913080206e-05,-0.000127559948726916,0.000252118498750591,3.09698601494411e-05,-1.142172800788e-05,-5.29541335754233e-05,3.23442264193539e-07,0.000225272105589307,-7.4379223376862e-05,0.000214336720127076,1.38523733157744e-05,0.000539474454276529,-0.000106442842803678,-6.81881007754801e-06,-2.1513368584278e-05,1.39054480431112e-06,6.79967345093345e-05,-1.09316211950046e-05,-7.24616841019194e-07,1.8460447201008e-06,0.000287617978944167,8.68357145760753e-06,0.000187613748355893,-7.08986688201832e-05,2.28960647392506e-05,2.03157260629596e-06,-3.08921554655557e-05,0.00472511417392228,1.72512969131649e-05,5.98809437936376e-06,0.00649748709995122,-8.4669800763589e-05,0.000306449308579902,0.386763618164934,0.000314600447845494,0.189421256440329,-7.51046701128316e-05,-1.40469313596627e-06,-7.14694566704096e-05,-0.000140157053956034,0.0379220509928479,-0.000791619014197348,-2.81140177384476e-05,-1.19588559778031e-05,-0.00823045858045348,-6.25220404354249e-06,-0.00142333194131069,0.000314814301546234,0.000468638772505127,0.0187303945860358,-0.0158264145672849,-0.880283379022134,-0.00234364448569723,-5.98023196770912e-05,-9.2046308147799e-05,-0.000127806380938886,-0.00141875192708142,0.000175733141008074,0.000778219729956876,-0.00595488503961755,-1.31307751276665e-05,2.01828069899652e-05,7.59740786281437e-05,1.45431104778941e-06,1.14380657273715e-05,-1.40656732609596e-05,-2.52327419339912e-05,-0.000121187721449216,1.38539234006683e-05,4.9605506287676e-06,4.91338141820137e-06,0.000768980954604628,-1.18755960312989e-07,-0.000207840729084692,-2.86148798801477e-05,-0.000987528548211571,1.76277979209506e-05,0.000648553070527393,-0.00012938703689846,-9.70176561804391e-06,-0.00111716937429286,0.0523893138831361,-0.00202143964782301,-2.25645341315015e-05,-1.43246144532444e-05,-1.77210689542294e-05,2.65452483621226e-05,2.29713608206682e-06,-4.08902991104548e-06,-1.98250155345105e-05,-0.000107072306498023,0.000833258967816037,3.18492974498635e-05,0.000101955910698279,-2.51838065177071e-05,-1.28027833925464e-05,-0.000134885179409368,-9.0346617774375e-06,-1.3909604600219e-05,-1.08511638118279e-05,0.000229204735485895,0.0014474987588487,3.52393480205639e-06,5.88706841846647e-06,-3.04398931809416e-07,-4.91752028687153e-06,-2.51219997224831e-05,-2.02634021121456e-16,-3.69573814151321e-06,0.000276600047537461,-7.61785317784513e-06,-0.000134897254557508,-2.13481665295562e-05,2.54991852526505e-05,-4.04379090344727e-06,0.000146311662826769,-3.33094755805918e-07,2.1794133004965e-08,-0.00104072971575252,4.95780636616767e-05,-1.55144980920362e-06,0.000212038685259062,-9.78901621268139e-06,3.62920514413617e-06,-2.36520773898535e-07,1.80685384383184e-05,-1.74328078343711e-05,0.000172821856569122,5.96943516871627e-06,-1.26047916992534e-06,3.65414129607939e-05,-8.5922409386617e-06,0.00136392485712065,-0.0821288144976725,-1.74163893010417e-06,4.73101464573535e-07,4.60696802127233e-07,2.10665374409483e-05,-7.7739098447486e-05,3.74289828017413e-07,1.56861514902906e-07,-4.23628789526063e-07,0.00191588390382678,-5.02535079731395e-05,1.3193328392874e-05,-0.00405564054377251,8.8784738482988e-05,-1.12781499178451e-05,1.72291909441571e-05,-0.0065055791355187,3.27064568694494e-06,1.62688483347367e-16,-8.30198974266616e-06,-2.84756287463752e-07,-4.25552192119772e-09,-3.69587362919522e-05,4.09395437452188e-07,-2.53401089081673e-07,-5.92114758471869e-06,6.65040223412308e-07,-5.29446437759165e-06,1.38654740922764e-05,5.05993455446529e-07,-4.467540220216e-07,5.76615640754045e-06,-6.9773970758059e-06,0.000247333172547431,-3.27296239458181e-06,3.74823179622618e-05,1.8759243016297e-07,3.01679405625523e-05,7.60336463655803e-06,-6.17276582230382e-05,2.32407710775274e-06,-5.52761278395083e-06,7.38252040003406e-06,-2.67286281590965e-05,1.66364157095628e-06,1.50508104276965e-06,1.16368248826655e-05,-0.00108925277316187,-1.50761048465784e-06,0.000702790694946517,-7.92668522883239e-06,1.95660826539954e-07,1.81424687103173e-06,-3.49312610853986e-06,2.45075091665979e-17,1.004067055243e-08,6.7304498771465e-05,-3.87698655996782e-06,2.91985976614972e-06,0.00169975896557801,7.22500754493995e-07,1.67928039046348e-06,-2.45256462318181e-05,9.06857368613865e-06,2.79050212670159e-17,-6.86375083170258e-06,-8.35489327894754e-08,-2.32892126736881e-07,1.23634591902961e-05,1.73768536752754e-06,-1.16911341346898e-07,-4.46000491770641e-06,1.19061155480931e-06,-0.00216045584011325,7.08214383784727e-06,-1.44412309019586e-06,-2.6119179630021e-06,-1.38081331477235e-07,-1.36239090076025e-07,-2.59926755910277e-06,1.73688739099528e-05,-2.81648889166859e-06,-1.11775231089873e-16,-5.75970813500731e-05,4.53521775254327e-06,5.12045087155589e-05,1.1627070977242e-06,-5.47504225543472e-06,-1.46637257304796e-05,0.0211643357141287,0.000248801221962851,-4.7968805762778e-07,-4.30007827607953e-16,-1.23855398466606e-06,-5.74440237106605e-06,-1.77811389618826e-06,7.33182191738207e-16,3.47053027511946e-06,3.50869921229609e-05,-5.36239041685655e-06,-2.8624382372805e-06,-9.58622850581878e-07,-5.14143930030799e-07,-1.84115481348549e-05,5.1479292367107e-07,5.47185888602239e-06,2.55718360748368e-06,1.12350182761356e-06,1.1330766163996e-05,8.72932242320363e-17,-4.48091339064936e-06,2.10168638217785e-06,1.3572917546909e-05,-1.36335220588214e-06,-3.72022207085754e-17,-1.31219177084319e-06,1.67848720660397e-06,-5.79085598346547e-07,-5.138418062327e-07,-1.29701681472064e-06,9.53679078628925e-06,-1.80167908183735e-05,2.46407363081213e-06,1.46454965049284e-18,8.97806204857238e-06,-1.20777136088519e-05,0.000935602808068973,1.0544456130812e-05,-1.07305102525268e-06,-7.22859281896295e-09,2.53269627492614e-16,1.56942452164992e-17,-7.00488253066555e-09,-6.21975252784076e-06,8.19693830309766e-07,-1.18352021772743e-06,3.54272856777999e-15,-5.58385012321599e-07,-6.57587789286083e-09,2.59686246219989e-16,-3.78075439266951e-17,-6.95394775681217e-17,1.38191401263423e-06,4.07080682583955e-06,-5.86075693417731e-06,3.44822040174461e-06,1.71816970391009e-06,3.52200386952369e-06,-1.69477043919683e-05,-7.75758575919845e-16,-3.67896211520189e-06,6.46674353628528e-06,-2.10357883677685e-16,-2.68783484837995e-16,-6.40862435301443e-06,-3.10566164154752e-10,-2.36595150820201e-06,1.84494935583364e-06,2.31996796834238e-06,-1.24708203589444e-07,-1.60562637104572e-15,-4.19053282356302e-07,-4.66615335892243e-17,-1.42515070619236e-06,-7.16223955143924e-16,-2.58760579531233e-06,7.64226172799641e-17,2.02096623108765e-06,2.79543941732458e-06,1.70395776892239e-07,2.39727903934381e-06,0.00278124801793221,-8.4799095628412e-07,0.00313565476762919,2.62031491007801e-07,1.27475058328116e-06,1.17656089249595e-07,1.8435124069707e-06,-8.25349158227388e-06,-1.27581330097869e-06,-1.03372990701918e-07,-2.46830578716427e-06,-9.15955253589146e-18,3.66916350860033e-05,-6.30814989897659e-06,3.87483457391345e-07,3.69629962863645e-15,5.11720712649168e-08,1.38209995788174e-06,4.93757926045286e-06,-5.58044630763639e-17,-1.32251760027804e-05,-6.33639975447981e-07,-3.69635972997423e-17,-8.36289349764833e-07,1.28581909157648e-05,-4.97263799303201e-17,-3.33500033835891e-17,-7.48788080423856e-07,-3.63799238180003e-07,-2.07132703849814e-09,-2.87150571988767e-06,7.61096075595382e-07,2.47099267480046e-06,2.15574658068349e-07,2.62994764181606e-06,-4.45240823361313e-06,2.2963402013243e-16,1.79424167364765e-06,6.31599252644905e-09,1.74256313499551e-08,1.63028889111227e-06,-3.70913833976194e-17,-7.4477751537922e-17,5.36078915774792e-07,3.29481185116146e-17,-5.33736963022963e-17,3.38508302189811e-06,-4.00178337073105e-06,-0.000133655412491796,-4.56592483803643e-08,0.000310837001102201,-8.35581221103923e-07,1.07690401971543e-07,-1.95103819443736e-17,2.88908662249495e-07,1.35277456025168e-08,6.21246085061117e-08,-6.97867291008079e-06,0.000937032860461149,-4.44703141630069e-17,1.77373751395896e-16,2.99980240115854e-15,-2.12066556379047e-07,-2.03213861029168e-05,-5.93190275863088e-07,-5.61282929406839e-16,-8.6482209291427e-07,5.20313279458145e-16,-1.05335307063267e-16,1.27348046932251e-05,-2.79598983411565e-07,-1.99818460389078e-16,-6.87064241297363e-07,-3.92065073263516e-06,1.12726980970605e-15,1.05862733932882e-06,1.77678633196353e-17,2.82147181456312e-07,6.85945286395339e-18,2.81451894629961e-07,2.4359913307747e-06,9.75079776658791e-07,8.29478291056944e-08,5.69235382911072e-07,-1.9702996794687e-06,7.82435210253682e-07,-7.30983206912225e-18,3.59117519863752e-05,-0.00111084219707247,5.51126806274008e-17,-2.61599662805465e-07,-7.71115714022831e-07,1.2447202829317e-06,-6.17329462427175e-19,5.7433335038281e-07,8.38561816809424e-06,2.66613254303788e-17,-1.89502802054948e-06,-4.19060801647438e-07,-2.4082929260608e-07,-8.95746548179215e-18,4.32417410993256e-17,3.88667540608807e-07,1.18868539775882e-07,9.61475719101597e-09,-1.06650616751259e-06,7.00171495942789e-08,-2.88784758258484e-17,1.54491995286903e-16,2.55481267871317e-07,1.7608996566682e-09,-6.43368818137806e-17,6.16882768697695e-07,-9.71868202671318e-18,6.2654040130513e-05,-1.17752314921014e-07,-6.87963872917348e-08,-4.55956236089961e-07,-8.14638707268279e-15,2.1553690822174e-17,2.67266787393132e-17,-8.67962966046296e-16,-4.0319484826834e-07,-8.78719819216552e-07,-4.30117435597566e-18,-2.80475005021054e-17,8.03206433253458e-17,0.000667003830870345,1.10459420663913e-08,-1.55538955658302e-06,-2.82415939142583e-17,1.43372184784052e-16,-2.10877322548431e-17,-3.76041163889717e-06,2.25843907065179e-05,1.52232410759613e-17,1.39620244790622e-07,-5.80893217159825e-06,3.31385821566255e-17,1.68000499462208e-17,-3.63646573972852e-07,-3.72538162746708e-09,-1.79995754399418e-07,-8.10817423892453e-18,2.02278797809831e-07,2.94378600072829e-07,3.15561177117122e-07,-2.87280045404382e-07,-1.0229289379418e-06,8.70813682990326e-08,1.17742310013579e-16,1.28943145186736e-16,2.71203273177668e-17,1.68288101297938e-06,-0.000522922974008926,-8.10119839178109e-08,-6.37208451006517e-08,1.04088837314736e-15,2.17311691532248e-17,-6.35863729914672e-16,3.17133255971214e-17,9.0471009607819e-17,3.34123918645611e-06,-2.90719154229444e-17,5.40260158499457e-17,-4.90787680665817e-08,-1.34660857144393e-17,-4.39316743079703e-08,7.04207645808895e-18,-5.44608429578397e-08,4.44981397606165e-17,-6.58534355548455e-08,-8.23870021874049e-09,-5.19731227412548e-06,1.50338376665172e-16,2.64112288753367e-07,3.2090571991664e-17,3.74223628568923e-07,-7.22978543038363e-06,3.63340384630675e-09,3.04487982670439e-17,5.29774621491186e-07,-7.02757880468015e-18,-1.30051864093616e-07,-7.34018770060838e-07,7.34256953167939e-17,-8.0674488289147e-18,4.71342045809885e-17,-3.67216591134074e-18,-2.46161103195257e-09,-3.20465858584077e-08,-7.15365431777799e-09,-3.03096808029853e-17,-1.174585431952e-17,-8.30618682470156e-07,4.25995027902447e-06,-2.09289104818904e-16,-8.32311377429225e-18,-3.24922811605797e-08,1.65078817153293e-14,-2.30176618972845e-07,-2.54667787307716e-16,2.17079648546109e-06,6.65881454480446e-17,-4.73160125738335e-17,2.24518769756434e-17,-9.85478247640154e-18,4.52131659283234e-17,-6.39285422403929e-17,2.87706260111889e-07,-2.01203653470758e-06,-1.3317888951942e-17,-1.93004698112964e-07,7.33933528254539e-07,1.92026748537333e-17,-5.81844641883719e-18,6.6455341387378e-17,8.19893553593526e-18,7.22567217536427e-08,1.15518730836744e-08,7.27832964265297e-17,-4.26076358335191e-14,-1.3113308553889e-07,-4.67756407936642e-07,-7.78414459760904e-08,-9.98696520137688e-19,6.77256186641747e-17,-3.10761494039369e-17,6.48180433100362e-17,5.07822183940176e-17,6.69128243161915e-18,2.75586485087308e-07,-2.60593485370338e-07,-5.00960748188111e-08,1.7578549869916e-17,2.9402448255743e-17,-1.03112871902697e-17,3.24885484648786e-17,-8.06247078092267e-18,-8.30690313209238e-17,1.27175984853579e-17,-5.24640196861663e-18,-6.45628405336906e-17,-6.3022365142974e-18,2.52981418751389e-17,-2.04009546930875e-16,-5.04077143516162e-17,3.74324346110718e-17,1.89155992565289e-07,7.20558948236615e-16,-3.99198072786189e-17,-1.09585435409077e-16,7.51731973000754e-05,-4.65240928426609e-09,-4.01417653822064e-18,-6.89414271878142e-08,0.000130390429140719,-1.02329599730107e-17,2.42690032231716e-17,-6.79985637645868e-07,-5.92587967004315e-17,1.68435927224611e-06,-6.8207037654007e-17,-3.05775433378624e-17,-1.14165433715417e-17,-3.0658662054035e-16,8.47239078753558e-09,-1.16328321059202e-06,1.44684045573153e-16,6.52259703197261e-17,-3.99310612073977e-17,4.74842743448918e-17,2.10118381027691e-16,-3.89155276126362e-17,-1.13017657923437e-16,5.90741038594518e-17,9.59954013089104e-08,2.22138618755987e-17,8.8104092633514e-18,4.72868863691499e-17,-2.33076308478759e-17,2.29534940522639e-17,1.49366758100339e-16,-2.73775917549121e-07,1.60151983531658e-17,2.60152543064036e-17,2.0405931771465e-07,-1.61424229891087e-17,-3.17413820342647e-17,2.40084734711877e-17,1.15992333682646e-16,1.86131004493522e-06,-9.65133476421583e-18,-1.25088497980923e-07,2.92814179888575e-17,-5.24792733277436e-17,1.45665258246835e-16,-3.64990520378377e-16,2.04080356763663e-17,-6.83194048926462e-17,4.51419019246062e-09,-6.41945274427944e-17,-1.39764435292024e-17,1.75635062043562e-07,-5.62948634001824e-07,4.41379173309111e-17,3.94022145719647e-07,5.76941765780801e-08,8.67813988569037e-17,-1.14683072526296e-16,9.10319399778448e-17,2.14301317926296e-17,7.17323326960717e-17,-9.65283817630429e-08,-1.70537134440474e-17,-1.23514545917344e-16,-2.41668433468244e-17,3.86064029447285e-08,-6.95887652369444e-17,-4.89927111834732e-17,-1.00791385120149e-16,1.57618909080449e-17,-1.75661239662393e-08,4.03116957409576e-18,5.79561534795203e-08,7.07274722991283e-17,-8.97901754214297e-17,6.24973839973186e-17,4.3847019943455e-18,-4.2392905751142e-17,-2.58258485507313e-17,-3.08241808815391e-17,-6.3115656301605e-07,-1.63449968162599e-17,2.11694549170603e-17,7.42815044282861e-06,9.76550307247168e-17,-1.12710816449541e-17,-3.84187032170599e-17,1.64534371852364e-17,-2.779988756769e-17,8.17458322247288e-18,-2.78171797345662e-07,3.22140164929219e-17,1.91120044453259e-16,0.000289920793982991,1.8470094214455e-16,1.04729192193499e-16,3.86546191871774e-17,3.04903782173151e-17,-8.19888195282964e-18,6.38705806385875e-17,5.81325420903772e-18,1.38086815548417e-18,-4.39083708164466e-18,-4.3962727425081e-17,1.58526560723439e-18,-1.58570807519157e-05,9.89765999053252e-07,3.52258501408444e-21,7.70026236327334e-17,6.29884867336178e-18,2.58013809925641e-17,7.8387817070702e-17,-5.50089179775035e-18,2.39597808621286e-17,3.87758628948169e-17,-1.24101873494447e-08,-7.81613785889029e-18,-2.00848864883631e-17,-4.87297465418521e-17,2.5122891984063e-17,1.58680583690597e-08,1.9853826335837e-16,-1.73286049908303e-08,1.11388344264109e-17,-1.15129579455655e-16,5.92855125590441e-18,-2.80049478899846e-17,3.01984207791451e-17,-4.50970478457306e-17,-2.46139859123121e-17,4.50519930295636e-17,-4.6357702026163e-19,-9.6139064541037e-18,2.44935263068514e-18,-2.56792698873551e-18,-3.84991248033883e-17,-4.03995952917022e-17,-5.94453641620538e-18,8.40737657252605e-17,-2.15383816220857e-17,-4.08107608710755e-17,5.30603700361347e-17,1.31328284660807e-18,2.88289357663896e-16,3.32678993866147e-17,-3.51286917443505e-17,-5.41733275354553e-18,4.11750763651881e-15,1.18853279723276e-09,7.17485402051021e-17,5.19936945603029e-17,1.60439084397147e-17,-3.82910326501446e-17,4.189268480536e-17,-9.9285466428173e-18,8.4919316911406e-18,2.1807309900991e-17,5.41720543339658e-17,-6.36650294732294e-18,-2.05889992554997e-16,2.61652231314107e-18,7.71106541524418e-17,-2.90270551653298e-17,1.30622129112033e-16,-7.5429385189385e-18,9.03278120622643e-18,-1.52409522580646e-08,-7.47676191781637e-18,6.13610582007882e-18,-7.19834512671825e-17,-3.55742237705523e-18,1.09208890085152e-16,-5.01978336120925e-17,-2.61598531057261e-17,1.33388446043896e-17,-1.86066594695163e-18,3.21725646481911e-09,1.18139217113634e-16,-1.39000393719303e-17,-3.69095749772374e-17,1.51957075815957e-17,1.59749334252694e-17,4.23225899296862e-17,-9.57196914077873e-18,4.56418853679922e-17,-8.78207596289533e-18,-9.26937830248819e-17,1.49486600143151e-17,-6.27317498027874e-18,-2.3348480157042e-17,1.61718939673421e-08,8.25048164976057e-18,6.25871070756368e-17,-4.22369634149518e-17,-2.49908600757909e-16,-4.85939155905999e-08,-2.2854733419332e-17,4.99241453452718e-17,2.357168133048e-17,-3.28371221410619e-20,2.27084376394904e-17,-5.06254439492524e-17,1.27582329758346e-16,8.29791758155219e-18,-4.76015357170463e-17,1.40193861986685e-16,3.74278562032046e-18,6.84377100454074e-17,-1.83983598904298e-18,-1.23203097464669e-16,3.52480809892162e-17,4.71561309043418e-17,-2.46117381189664e-16
"t507",-0.0363462395686064,-0.00949521948949613,0.00119506145998159,-0.102972466023007,0.020073471250763,-0.0041234238865257,0.0220309530808529,0.000351307392783847,0.000119023904695963,-0.00037612566144536,-0.00010233715041088,-0.0986562135704147,-0.0660825192325801,0.00654920773859862,0.00125776533690746,-0.0016925340653483,-0.000190845261992177,0.00184197917830518,-8.73096573236159e-05,8.72904040704232e-05,-0.00200848106934535,0.000761728491201264,-0.00297513946380123,0.0754387736784377,0.0244796842483835,-0.000203501204658495,0.000195457257669472,-0.000154496391703528,0.00159290743414364,0.000595489754876141,-1.77448916027779e-06,2.66076643039281e-06,-0.0002865676332615,8.93641882175721e-06,-4.95315104341001e-07,2.87560454788385e-06,0.00030755457553834,-1.44561997775232e-06,-1.3588735955773e-05,-5.11556879379909e-06,-0.000535936392511546,0.000187723446835456,-0.286025140019353,-0.00217682664413672,0.00537618818458602,-4.45610732584057e-05,8.77310285089657e-05,-0.000693875005726645,6.97344513160896e-05,-0.000146111345454204,0.027115395452733,3.24522358687806e-05,-3.14597275510022e-08,-3.50463293807102e-05,3.9977151235899e-06,-4.30616541171297e-05,1.75978658784246e-06,-0.000116312239188539,3.93950607136261e-05,-4.1052511739104e-05,-3.53873932360709e-05,5.50625577111355e-06,-0.000182442285058572,9.77001887381047e-05,-7.9190148717001e-06,0.0118015894761819,-6.39234544991193e-07,2.34085791126776e-05,-6.43111425263127e-05,2.52454466289227e-05,-2.93011038098248e-05,4.47426167269542e-05,-2.01643122021911e-06,-0.000148397632991717,6.17066504961086e-05,5.88913664797154e-08,-0.000328610052609528,6.02702080922647e-06,-2.14419508158519e-05,-2.49972564335678e-05,7.2587860206092e-06,0.000108547511499682,-1.33923613608735e-05,-8.42448563985401e-05,5.30589922348307e-06,0.00114832487198686,-7.12033690109602e-05,-1.27995066075366e-06,-4.1941571140142e-07,0.000109657618946626,-2.71507060323853e-06,7.11502764624665e-07,6.42920206245811e-06,-0.00068170578192699,-2.61937503749784e-07,-8.60173988817675e-05,-1.94605027968955e-05,4.89938594533767e-05,-7.46468104715103e-05,-2.02159485397706e-05,-4.40943427842027e-06,3.53904950680866e-06,-6.02769806115861e-06,2.15342057825898e-06,-9.37883998012087e-07,1.72559964365585e-05,-5.10205377399596e-05,0.000433254910150057,-7.59266504410297e-06,1.83992722509646e-06,8.12596559880052e-06,1.94114159411151e-05,-3.27351050631989e-05,2.92481637023372e-05,-1.48859724686421e-07,5.71411303009489e-06,-8.43102728952938e-06,8.94109350957372e-06,-9.07498904168867e-06,2.23851147833235e-05,-8.3849597971021e-05,2.04135100367926e-05,-1.94981469585608e-05,-5.35874089931815e-05,1.74667273292914e-05,-0.000168266627704957,1.70993689768868e-05,-5.45233272943267e-06,1.05600052786447e-05,0.000348175883881723,-1.10100639951237e-05,3.27760607245284e-05,-6.44039522617203e-05,-7.87824170755815e-06,2.85718051939632e-06,1.32164956905533e-05,-7.80933923854037e-08,-5.30809351327885e-05,1.70188649302522e-05,-4.90057562718243e-05,-3.15300694576432e-06,-0.000122519460201318,2.40899451756704e-05,1.54121240590946e-06,4.86244607552553e-06,-3.11534090479084e-07,-1.50136743249455e-05,2.38978041875897e-06,1.5815778153739e-07,-4.02093547224321e-07,-6.26425137615904e-05,-1.89097651124396e-06,-4.08585758064358e-05,1.54438919103183e-05,-5.04121042589031e-06,-4.48829437481941e-07,6.84360860913424e-06,-0.00125444511473149,-5.10501185323826e-06,-1.8095698964266e-06,-0.00227191275810881,3.0751691719704e-05,-0.000157450905202017,-0.211470106334334,-0.000463206795000159,0.190985129715216,-1.17553827575949e-05,-2.05783317762637e-07,-1.0298475741278e-05,-1.60238828537562e-05,0.00339938060028657,-6.86269673535357e-05,-1.57325624251779e-06,-5.8578282072594e-07,-0.000302191177904813,-2.13658996049409e-07,-4.68723485802604e-05,4.93160817045048e-06,2.42018035895499e-06,7.18730184893827e-05,-4.23341827050661e-05,0.000217567786874554,2.79712337228664e-06,1.21720366106925e-07,2.53919277710143e-07,6.06396533072495e-07,7.29833483366041e-06,-1.30015694875154e-06,-5.79177968567586e-06,4.64237833570488e-05,1.05794766420562e-07,-1.54658353917655e-07,-5.64215247711072e-07,-1.0171269507469e-08,-7.56621280888211e-08,7.38207686485196e-08,1.23925824960617e-07,5.03790778925528e-07,-5.20954952098645e-08,-1.75531139646013e-09,-8.88257867637537e-10,1.09053318229744e-06,-3.62789012535849e-10,-1.49474444954238e-06,-2.06353715506723e-07,-7.51069434393053e-06,1.55514520075381e-07,6.27558439675584e-06,-1.54982693940761e-06,-1.44464993254885e-07,-1.93037122380419e-05,0.000944292354265769,-4.33272644826215e-05,-5.27096845862381e-07,-3.35348240588459e-07,-4.41742485067797e-07,7.6566638289463e-07,6.80131623661765e-08,-1.38019272597061e-07,-7.27515790036071e-07,-4.03992040690317e-06,3.50700396083878e-05,1.3742829254191e-06,4.51917300180053e-06,-1.20861523122593e-06,-6.24118569757918e-07,-6.60062119253316e-06,-4.8017766913159e-07,-7.76209251755814e-07,-6.38658604196117e-07,1.38161377795024e-05,8.94237501240683e-05,2.22743405813113e-07,3.74527053016392e-07,-2.05505017513464e-08,-3.44437901386758e-07,-1.831084598939e-06,5.56803550072635e-17,-2.8521615831131e-07,2.15922479362995e-05,-6.43977634391894e-07,-1.2136865780351e-05,-2.02379804415969e-06,2.42498740425304e-06,-4.25147826438969e-07,1.56520670656059e-05,-3.59218803413333e-08,2.44391960315948e-09,-0.000119889624657179,6.00677498560599e-06,-1.92333218304116e-07,2.65394093072027e-05,-1.29276354861221e-06,6.1868816977691e-07,-4.48864540648713e-08,3.78651656166731e-06,-4.73598480154507e-06,4.79732366244984e-05,2.11407178277192e-06,-5.2984203117297e-07,2.11040514573512e-05,-5.65216469434512e-06,0.00105196081425251,-0.0835968766719611,-3.42858992829201e-06,1.04417330115165e-06,-5.65232090427829e-07,-2.49226924527021e-05,8.84129932046396e-05,-3.01309158662129e-07,-1.13710325238659e-07,2.3217503616127e-07,-0.00100368107113174,1.01624486866353e-05,-2.47806642276181e-06,0.000720066219141333,-1.39413118709486e-05,1.61361185073459e-06,-2.01243034371701e-06,0.000398015216134249,-3.55532473140023e-07,-4.14881193339953e-16,7.76415308489515e-07,2.61479450533377e-08,3.68447611159284e-10,2.79324131276415e-06,-2.75904053746462e-08,1.61785780225719e-08,3.68072284053467e-07,-2.91698506271446e-08,2.26916859173968e-07,-5.90552483124e-07,-1.93583365295134e-08,1.23202967975274e-08,-1.49528887325422e-07,1.73171318269113e-07,-5.27105185916005e-06,3.22143472176023e-08,-2.15283265529438e-07,-1.03460833507272e-09,-1.6433682583067e-07,2.53089884204363e-08,-7.25946072018897e-07,2.95964459570461e-08,-7.807867039578e-08,1.1634673992917e-07,-4.34355992583454e-07,3.35468412634557e-08,3.07744501472941e-08,2.43914927367771e-07,-2.32105967149364e-05,-3.38241745554728e-08,1.662308453178e-05,-1.9621300531406e-07,4.93584893289137e-09,4.7205229437562e-08,-9.66517496839601e-08,1.79360947835723e-16,3.6903272158367e-10,2.5293572296079e-06,-1.49153836085107e-07,1.11485023037288e-07,4.05842597228142e-05,2.83919598983604e-08,6.68268856210863e-08,-9.91817325216497e-07,3.78643823264307e-07,1.06368370535837e-16,-3.06911875496944e-07,-3.76625597812342e-09,-1.06792657289127e-08,5.68069571300093e-07,8.31680360252459e-08,-5.71924018019106e-09,-2.24908549843083e-07,6.12955934119769e-08,-0.000116348178533232,3.98353082461577e-07,-8.37403313180973e-08,-1.54340985168282e-07,-8.26311510877701e-09,-8.35859921934686e-09,-1.5994958747613e-07,1.09128469084397e-06,-1.80267110897083e-07,-3.39145176633948e-15,-6.1853619021126e-06,2.34720306172666e-05,0.508756804410914,4.79593152954025e-08,-2.39182445648578e-07,-7.48160169547629e-07,0.000782768393195346,4.60710165848078e-06,-3.83259960131203e-08,-8.05893261720055e-16,-8.55161555910788e-08,-3.91062835901516e-07,-1.19182309984482e-07,-9.2489975173278e-16,2.33668638251397e-07,2.36755093800192e-06,-3.62280910198375e-07,-1.93909853388782e-07,-6.52614603635083e-08,-3.51405150060583e-08,-1.26240882937905e-06,3.56455776118429e-08,3.79336545624739e-07,1.78516242252042e-07,7.94124849212925e-08,8.01403658682435e-07,-2.643057214194e-16,-3.2479190170736e-07,1.52986349504084e-07,9.97273515465765e-07,-1.01594417373883e-07,-6.78651597143499e-17,-1.00764744595579e-07,1.33258240488598e-07,-4.66637527080697e-08,-4.16938186467542e-08,-1.06117703291332e-07,7.92356094106855e-07,-1.53477162048465e-06,2.23458935740488e-07,-1.41130830233143e-16,8.62254379787576e-07,-1.16592140772748e-06,9.13006672434831e-05,1.04476160675792e-06,-1.06445073622946e-07,-7.2019595434362e-10,-2.18575157973078e-16,-1.63479799590559e-16,-7.15967939893514e-10,-6.50479443739683e-07,8.59757710754229e-08,-1.26813228112324e-07,3.7910103322653e-16,-6.28569563622175e-08,-7.57678380538181e-10,1.14524833870311e-16,-3.45795809467457e-17,1.24236911269714e-16,1.72464228255876e-07,5.13704929611789e-07,-7.69905063620364e-07,4.6990553511424e-07,2.35193003706696e-07,5.03106540044896e-07,-2.43342861361075e-06,-9.37918870162504e-17,-5.83838399111316e-07,1.06859265510867e-06,2.28372795473621e-16,1.02083057839249e-15,-1.28917247672475e-06,-6.63404600338123e-11,-5.53867866482849e-07,4.63348427625822e-07,6.84862573813837e-07,-3.79484476456365e-08,-4.7088909538377e-16,-1.33232514942095e-07,2.23535905955853e-16,-5.23596863225097e-07,-3.55279499396344e-15,-1.08180716279959e-06,2.218851037107e-15,1.03756802243023e-06,1.50746060092421e-06,3.5099718135792e-07,1.53061301849226e-05,0.189061750750402,1.32790754733262e-06,-0.00161052029144031,-9.17425976105596e-08,-4.43840705701054e-07,-3.41784616560748e-08,-4.01633187285643e-07,1.2932776818901e-06,1.55970120861578e-07,1.05083229809633e-08,2.29640085026541e-07,1.74947211113344e-16,-2.60532438051855e-06,3.44766005372934e-07,-9.04672791420884e-09,-4.71678309292185e-17,-8.63485318506759e-10,-1.17780760163448e-08,-2.65705250774915e-08,-1.73181308797325e-16,5.09171739108578e-08,-1.09280264997342e-09,-1.48090848025886e-16,-3.52052538246762e-09,2.11424252845641e-07,-1.54579711866551e-17,-6.36971023814331e-16,-1.51771150366727e-08,-7.4912656836379e-09,-4.56993866678089e-11,-6.80798097696535e-08,2.06568364365829e-08,6.77554057092391e-08,5.99540473424439e-09,8.35466543423109e-08,-1.54230895678613e-07,3.59955121265187e-16,6.39724642775629e-08,2.26270364823848e-10,6.34570675166411e-10,6.05008418415331e-08,2.52442720500425e-16,-1.35875716308482e-16,2.03894863616479e-08,2.26830571843976e-16,1.35255496954402e-16,1.4629119005404e-07,-1.76149500293115e-07,-5.88542468605121e-06,-2.08679508387157e-09,1.42741563488142e-05,-3.84100619618682e-08,4.98237671451365e-09,5.00429320255672e-18,1.42245786053714e-08,6.74053343338967e-10,3.1074702100854e-09,-3.55618523991275e-07,4.927590721748e-05,9.06542889744053e-17,-1.15255078529823e-16,1.90434727573065e-16,-1.16144001471116e-08,-1.13102647511457e-06,-3.30545739557824e-08,-2.8526904951675e-16,-4.8907358941584e-08,-6.03308482853416e-16,-3.4049107585807e-16,7.63000827414409e-07,-1.67631330272251e-08,1.97975316695853e-16,-4.17164086604127e-08,-2.39752962008479e-07,-8.22030726087535e-16,6.56550624955294e-08,-3.13866243956276e-16,1.77834534444085e-08,-2.20569428517091e-16,1.77646631754428e-08,1.53922144586935e-07,6.1687534543307e-08,5.25653661343219e-09,3.62101725103533e-08,-1.27077330090459e-07,5.13917640606783e-08,1.28801805586974e-16,2.40142970263058e-06,-4.87192702494377e-05,9.61411276292207e-19,-1.77042328578917e-08,-5.23595690892843e-08,8.48783505038549e-08,-2.52332330036003e-16,3.9754752422185e-08,5.8214163531889e-07,2.98943525029418e-17,-1.32062824988456e-07,-2.92590224344933e-08,-1.69313217380001e-08,-6.1020405326129e-17,-3.89297725235374e-16,2.7759895206609e-08,8.54539810616558e-09,6.92111775449122e-10,-7.88602152641731e-08,5.19886363753673e-09,2.04048208313746e-16,-3.94446804628335e-16,1.9023839616239e-08,1.31168510351351e-10,-4.28392453630835e-16,4.61694303273156e-08,-4.52566422170006e-17,4.71042881065278e-06,-8.90684833418023e-09,-5.20602287748699e-09,-3.45614064177425e-08,-8.88057190841606e-16,9.34060084353545e-18,-1.9651176770336e-16,-5.01265551279646e-17,-3.10090275989702e-08,-6.76538545507675e-08,5.56449289873193e-17,-5.10099401240721e-17,-4.31500632024092e-16,3.37820013396702e-05,8.57079649628102e-10,-1.21180648160072e-07,1.97082556332823e-16,3.3133218391157e-16,1.06251812903579e-16,-2.9775039411467e-07,1.78922705699933e-06,-2.16824546651394e-16,1.1130512176935e-08,-4.64249419739337e-07,-4.35452020204789e-16,-3.1090243492517e-16,-2.92344631707097e-08,-2.99634216263601e-10,-1.45274260427773e-08,6.53987678074129e-16,1.64213280529902e-08,2.39759578494229e-08,2.58201387123812e-08,-2.36620675216359e-08,-8.44128697622422e-08,7.21279652432002e-09,1.08656402710555e-16,4.58236088497736e-16,6.8199004616936e-17,2.04696250793499e-07,-0.0010162380451112,-6.39624676508607e-09,-5.33068695177044e-09,-1.06833802519267e-15,-2.61876067173782e-16,2.2901204254423e-16,-2.26590981939969e-16,4.66524841761962e-16,2.83407875104269e-07,-1.08004783895836e-15,-3.39788368432756e-16,-4.18133068767893e-09,6.68719098383818e-16,-3.74367011570519e-09,-8.73402748248918e-17,-4.64269412828197e-09,1.51328431766661e-16,-5.65386020976597e-09,-7.08485643724041e-10,-4.48036922506664e-07,-2.36838702939033e-16,2.28354351680624e-08,-2.98702200824871e-16,3.25610479170371e-08,-6.34096323771775e-07,3.18780765272697e-10,-5.51869916771883e-16,4.66270910003522e-08,-2.98205964294459e-16,-1.15027125063169e-08,-6.49373809752969e-08,3.6992361460565e-16,-8.43288284579774e-16,-1.38240594728733e-16,3.1965795580203e-16,-2.18646559882299e-10,-2.84944745724635e-09,-6.36844976760092e-10,-9.4057995452057e-16,4.06998442116858e-16,-7.43708950944457e-08,3.81518645974077e-07,4.18235851626999e-16,-6.05372981656826e-16,-2.93050537723299e-09,3.54084699683435e-14,-2.07905940417375e-08,-1.86807670443774e-15,1.96912804722585e-07,-1.37128578626808e-15,2.18041257068324e-15,1.96525969933336e-16,-6.11914628690194e-16,3.53044064930793e-15,9.53314428757664e-16,2.63204955029921e-08,-1.84089214691838e-07,-7.20065176857094e-16,-1.77104041966563e-08,6.74287020623688e-08,-4.40462057526297e-16,2.6265727413615e-15,4.11792927421338e-16,3.5156149005377e-16,6.67299228412473e-09,1.06811088892578e-09,-1.48416852366221e-15,-1.22489434415169e-12,-1.21410372928245e-08,-4.33150303208932e-08,-7.21246262937631e-09,1.00129661238834e-14,-1.44789597400422e-14,-3.42395266701875e-15,-4.00922344043226e-15,-1.31332781297854e-14,6.4759680298878e-15,2.57753498802346e-08,-2.43942229960002e-08,-4.69351148982558e-09,-0.707106781186548,-3.14001945949308e-14,1.24688963468969e-14,-1.70054133453199e-14,-2.05802074864672e-14,-5.52376630280432e-16,7.26482437534916e-15,1.03594994480584e-16,4.51687788163685e-15,3.19722495444843e-15,1.44372027026593e-15,-4.43664272497314e-15,2.78507973180908e-15,-5.34601187477307e-16,1.79761736019876e-08,-5.48533739149508e-15,-3.55749527924166e-16,5.62079087649913e-15,7.15724244353501e-06,-4.43146040712465e-10,-3.0815273537687e-15,-6.56845813896779e-09,1.24512410650455e-05,1.43364296484198e-15,8.8975268239578e-16,-6.51156386084934e-08,4.1967747439205e-17,1.61846219292517e-07,8.56503697014983e-17,-6.81781559274502e-16,-5.44241473271309e-16,8.84301274792714e-16,8.18441751507845e-10,-1.12414748887824e-07,3.26009622110638e-16,-5.34989816010831e-17,-1.58646619128272e-16,-1.81810258518536e-16,1.62088224786583e-16,-1.10854561314513e-16,2.34187925790749e-17,-6.13747130265161e-18,9.44709281628955e-09,7.98631923913271e-17,1.7462124241469e-16,3.43175214682303e-16,2.25010556507485e-16,1.4023415175377e-15,-8.07262291425983e-16,-2.704656901742e-08,-1.22352243072728e-16,5.7099156764815e-17,2.01734189638242e-08,1.75336774933773e-16,1.63041283702473e-16,-5.98784347154542e-16,-2.23814917939053e-16,1.85527232681219e-07,8.34372921561903e-16,-1.24864741429793e-08,-1.2192127764954e-16,-7.20347350281945e-16,-1.00017921043572e-15,3.93303231915063e-16,6.08210588609284e-17,1.08372933676599e-16,4.51949700026827e-10,4.58143944463245e-16,6.7616559909008e-16,1.76240331047422e-08,-5.64953087791678e-08,-1.0395224493968e-16,3.96194626232918e-08,5.8047595934156e-09,-7.27522228136223e-18,-8.57580403337774e-16,-7.07388337835985e-17,-8.2457982226839e-17,-5.18112581506111e-16,-9.79911497243221e-09,8.20481397234384e-16,-5.86845297408318e-16,3.28884246817154e-16,3.92808842227593e-09,2.20573364282975e-16,-2.93333402783987e-16,-1.4209147499191e-16,8.19686244744953e-16,-1.79267483170524e-09,-7.38277064952543e-16,5.92006310319307e-09,4.31514328708068e-16,1.10439375226016e-16,-5.92351619872313e-16,-1.94415722201536e-16,-2.32448825040702e-17,1.78181160949641e-16,1.39181325307777e-16,-6.47851352722893e-08,2.46254836707288e-16,-6.2561248302897e-16,7.63376431299316e-07,-2.77325356463126e-16,2.35777841990594e-16,2.59990276617042e-17,2.92082682027079e-16,-2.3376504886866e-16,9.32340409538284e-18,-2.8692563673609e-08,-6.50133160029346e-17,3.33696254037469e-16,1.99120484291937e-05,4.302003130686e-16,-5.50037878647338e-16,-2.13494797498897e-16,-8.33022786165896e-17,4.25048461124596e-16,-2.10886397325518e-16,-1.143305025757e-16,-4.71165642578598e-17,1.31228370428287e-16,-9.18766522215172e-17,4.97657827446451e-16,-1.64877230390349e-06,1.02988503376812e-07,-2.9785458382269e-16,6.8108953978469e-16,-1.87456737786375e-17,-5.33945002641299e-17,3.58654078658205e-16,2.35197016264529e-16,1.03542876989388e-16,1.90966345472376e-16,-1.29627367939411e-09,1.4500238096768e-16,-4.76927937916629e-17,3.57695673065688e-17,-1.29500887250202e-16,1.66283625199121e-09,6.24292520163801e-16,-1.82250833835352e-09,3.07293721316634e-17,-6.30675846782688e-17,-2.23242641492468e-17,7.8674995973322e-17,-5.24755149870235e-17,2.39683516272522e-16,5.65837578195991e-17,-1.70897039111397e-16,8.11640834926783e-17,-1.30167507574302e-16,-7.12594716822226e-18,-2.55749972232243e-16,-4.1841330136635e-18,8.40206179946706e-17,4.41843048697621e-17,-1.07405481440714e-17,5.00371847272268e-17,5.87873243199618e-17,4.84128714788747e-17,-1.60691060957516e-17,3.50739402799061e-16,-1.07542844541649e-16,-2.16432410345432e-16,1.76106014647534e-16,5.0461130036749e-16,1.26668513883722e-10,6.72680667866423e-17,-1.23920250635468e-16,1.16218775610485e-16,-2.33820419794017e-16,9.66640223264779e-17,-1.60841728449053e-16,3.60337054390875e-17,-4.93507270917891e-17,7.78397202655919e-17,-3.34871464001385e-16,-4.23272528138341e-16,3.02713369069365e-18,-1.27031404857465e-16,4.35832928182574e-17,-3.3831496196144e-16,-6.20690442084484e-18,4.97075689359593e-17,-1.63867014637801e-09,-1.50087136585237e-17,-7.55757637202157e-17,-6.19169374117306e-17,-9.33415113659344e-18,2.44287630865851e-16,2.71313015955562e-18,3.01356979453498e-17,-1.72295724899804e-16,-3.23942790873429e-17,3.49022198489628e-10,6.76056816415156e-16,-4.89300630680651e-17,-9.10555574845676e-17,-4.55169161123044e-17,-2.20200642813545e-17,-8.49455382727213e-17,1.03664707030897e-16,-8.73659717122646e-17,-1.83352496220362e-16,2.81180193852325e-17,-1.06362512080938e-17,-7.81960774540189e-18,1.94147175686909e-17,1.77002652996788e-09,2.12200135226401e-17,5.60400298767997e-17,-7.08627035417168e-17,-1.32272665043232e-16,-5.34044235009156e-09,3.40420903515218e-18,5.41494825773474e-17,-7.64875399347891e-17,1.84386559486072e-17,-5.95730499018201e-17,8.76879100796893e-17,2.88452913582974e-16,-3.8220868420325e-18,-1.83896449569076e-17,2.28045482925326e-17,-1.6327135794378e-17,5.29866420320164e-16,-1.50469392377639e-17,5.21518897633356e-18,7.68879593250124e-18,7.37743429765529e-17,-2.25022705008709e-16
"t439",-0.0363462395686064,-0.00949521948949613,0.0011950614599816,-0.102972466023007,0.020073471250763,-0.0041234238865257,0.0220309530808529,0.000351307392783839,0.000119023904695953,-0.000376125661445364,-0.000102337150410881,-0.0986562135704147,-0.0660825192325801,0.00654920773859861,0.00125776533690746,-0.0016925340653483,-0.000190845261992187,0.00184197917830517,-8.73096573236131e-05,8.72904040704059e-05,-0.00200848106934535,0.00076172849120125,-0.00297513946380123,0.0754387736784377,0.0244796842483836,-0.000203501204658493,0.000195457257669479,-0.000154496391703527,0.00159290743414363,0.000595489754876158,-1.77448916028571e-06,2.6607664304051e-06,-0.000286567633261491,8.93641882174348e-06,-4.95315104339686e-07,2.87560454790124e-06,0.000307554575538335,-1.44561997773498e-06,-1.35887359557764e-05,-5.11556879380863e-06,-0.00053593639251157,0.000187723446835402,-0.286025140019353,-0.00217682664413671,0.00537618818458603,-4.45610732584153e-05,8.77310285089618e-05,-0.000693875005726643,6.97344513160984e-05,-0.000146111345454232,0.0271153954527329,3.24522358687907e-05,-3.14597275553963e-08,-3.50463293807141e-05,3.99771512358622e-06,-4.30616541171089e-05,1.75978658783408e-06,-0.000116312239188532,3.93950607136374e-05,-4.10525117390919e-05,-3.53873932360737e-05,5.50625577110871e-06,-0.000182442285058535,9.77001887380965e-05,-7.9190148716892e-06,0.0118015894761819,-6.39234544999839e-07,2.34085791127045e-05,-6.43111425263101e-05,2.52454466289175e-05,-2.9301103809812e-05,4.47426167269982e-05,-2.01643122023171e-06,-0.000148397632991726,6.170665049617e-05,5.88913664494384e-08,-0.000328610052609516,6.02702080922912e-06,-2.14419508158731e-05,-2.49972564335477e-05,7.25878602062042e-06,0.000108547511499696,-1.33923613609006e-05,-8.42448563985557e-05,5.3058992234854e-06,0.00114832487198689,-7.12033690109218e-05,-1.27995066075352e-06,-4.19415711392676e-07,0.000109657618946552,-2.71507060321745e-06,7.11502764601246e-07,6.42920206246007e-06,-0.000681705781927037,-2.61937503711815e-07,-8.6017398881748e-05,-1.94605027968718e-05,4.89938594534573e-05,-7.46468104715401e-05,-2.02159485397714e-05,-4.40943427833882e-06,3.53904950683373e-06,-6.02769806117378e-06,2.15342057822525e-06,-9.3788399806732e-07,1.7255996436524e-05,-5.10205377399403e-05,0.000433254910150087,-7.59266504413693e-06,1.839927225162e-06,8.12596559876226e-06,1.94114159411122e-05,-3.27351050631926e-05,2.92481637023337e-05,-1.48859724699425e-07,5.71411303007259e-06,-8.4310272895418e-06,8.94109350959072e-06,-9.07498904170515e-06,2.23851147832793e-05,-8.3849597970988e-05,2.04135100367856e-05,-1.94981469585807e-05,-5.35874089931736e-05,1.74667273293982e-05,-0.000168266627704962,1.70993689767949e-05,-5.45233272942804e-06,1.05600052786169e-05,0.00034817588388168,-1.10100639951138e-05,3.27760607244786e-05,-6.44039522616685e-05,-7.87824170757326e-06,2.85718051943026e-06,1.32164956905755e-05,-7.80933923842175e-08,-5.30809351327234e-05,1.70188649302692e-05,-4.90057562718059e-05,-3.15300694579911e-06,-0.000122519460201271,2.40899451756469e-05,1.54121240592114e-06,4.86244607558883e-06,-3.11534090416712e-07,-1.50136743249198e-05,2.3897804187715e-06,1.58157781507459e-07,-4.02093547200457e-07,-6.26425137616075e-05,-1.89097651125876e-06,-4.08585758064303e-05,1.54438919103049e-05,-5.04121042589888e-06,-4.48829437491969e-07,6.84360860910682e-06,-0.00125444511473144,-5.10501185328754e-06,-1.80956989642304e-06,-0.00227191275810888,3.07516917197061e-05,-0.000157450905202016,-0.211470106334334,-0.000463206795000174,0.190985129715216,-1.17553827575532e-05,-2.05783317738483e-07,-1.02984757412861e-05,-1.6023882853754e-05,0.00339938060028653,-6.8626967353537e-05,-1.57325624264014e-06,-5.8578282076233e-07,-0.000302191177904787,-2.13658996035734e-07,-4.68723485802238e-05,4.93160817045602e-06,2.42018035895864e-06,7.18730184893571e-05,-4.23341827050066e-05,0.000217567786874569,2.79712337230286e-06,1.21720366101133e-07,2.53919277690621e-07,6.06396533085363e-07,7.29833483360889e-06,-1.30015694880715e-06,-5.79177968565456e-06,4.64237833570058e-05,1.05794766487025e-07,-1.54658353859462e-07,-5.64215247770427e-07,-1.01712695026966e-08,-7.56621281268701e-08,7.38207686132281e-08,1.23925825093316e-07,5.03790779052413e-07,-5.20954951915974e-08,-1.75531142509097e-09,-8.88257846399254e-10,1.09053318228776e-06,-3.62789015373915e-10,-1.49474444955781e-06,-2.06353715515806e-07,-7.51069434395277e-06,1.55514520041386e-07,6.27558439669426e-06,-1.54982693930406e-06,-1.44464993232641e-07,-1.93037122380343e-05,0.00094429235426566,-4.33272644825572e-05,-5.27096845870125e-07,-3.35348240568311e-07,-4.41742485142267e-07,7.6566638286623e-07,6.80131623285303e-08,-1.38019272629907e-07,-7.27515790047871e-07,-4.03992040691851e-06,3.5070039608351e-05,1.37428292540702e-06,4.51917300183621e-06,-1.20861523123116e-06,-6.24118569967759e-07,-6.60062119254021e-06,-4.80177669118769e-07,-7.76209251783245e-07,-6.38658604193765e-07,1.38161377794443e-05,8.94237501240482e-05,2.22743405759978e-07,3.74527052987696e-07,-2.05505017563177e-08,-3.44437901446944e-07,-1.83108459895099e-06,1.64540413328644e-17,-2.85216158325639e-07,2.15922479363381e-05,-6.43977634384957e-07,-1.21368657803623e-05,-2.02379804413491e-06,2.42498740443614e-06,-4.25147826443805e-07,1.56520670659815e-05,-3.59218803268419e-08,2.44391961215369e-09,-0.000119889624657233,6.00677498559103e-06,-1.92333218295698e-07,2.6539409307184e-05,-1.29276354861967e-06,6.18688169744382e-07,-4.48864542087991e-08,3.78651656164292e-06,-4.73598480152415e-06,4.79732366244497e-05,2.11407178277117e-06,-5.2984203115971e-07,2.11040514573654e-05,-5.6521646944302e-06,0.00105196081425258,-0.0835968766719614,-3.42858992828718e-06,1.04417330109157e-06,-5.65232090395308e-07,-2.49226924526843e-05,8.84129932046452e-05,-3.01309158705493e-07,-1.13710325250885e-07,2.32175036184042e-07,-0.00100368107113177,1.01624486864895e-05,-2.47806642273386e-06,0.00072006621914126,-1.39413118708369e-05,1.61361185078794e-06,-2.01243034372618e-06,0.000398015216134322,-3.55532473088873e-07,-3.77844207601881e-16,7.76415308526516e-07,2.61479450309908e-08,3.68447675175275e-10,2.79324131279401e-06,-2.75904054116327e-08,1.61785780709278e-08,3.68072284333458e-07,-2.91698507105785e-08,2.26916859254835e-07,-5.90552483119622e-07,-1.93583365873144e-08,1.23202967878946e-08,-1.49528887368761e-07,1.73171318242812e-07,-5.27105185913286e-06,3.22143472056411e-08,-2.15283265687732e-07,-1.03460829529114e-09,-1.64336825789572e-07,2.53089884451875e-08,-7.25946072079034e-07,2.95964458671242e-08,-7.80786704048084e-08,1.1634673995873e-07,-4.34355992670276e-07,3.35468412690405e-08,3.07744502354922e-08,2.43914927401889e-07,-2.32105967148698e-05,-3.38241745573277e-08,1.66230845317832e-05,-1.96213005385245e-07,4.93584876100296e-09,4.72052293773756e-08,-9.66517496596583e-08,1.47159741265303e-16,3.69032664712896e-10,2.52935722957439e-06,-1.49153835989806e-07,1.11485023040899e-07,4.05842597225982e-05,2.83919598583413e-08,6.68268856746562e-08,-9.91817325140458e-07,3.78643823242054e-07,1.45400115916966e-16,-3.06911875576655e-07,-3.76625594733404e-09,-1.06792657767737e-08,5.68069571282553e-07,8.31680360054645e-08,-5.71924027239163e-09,-2.24908549785846e-07,6.12955933784523e-08,-0.000116348178533117,3.98353082486257e-07,-8.37403310783446e-08,-1.54340985218981e-07,-8.26311516565028e-09,-8.3585993402083e-09,-1.59949587510909e-07,1.09128469095759e-06,-1.80267110891755e-07,-3.32434815333304e-15,-6.18536190223498e-06,2.34720306172614e-05,0.508756804410912,4.79593151416157e-08,-2.39182445657657e-07,-7.48160169606592e-07,0.000782768393195286,4.60710165848626e-06,-3.83259961931654e-08,-8.59778104391945e-16,-8.55161556362979e-08,-3.91062835922271e-07,-1.19182310003794e-07,-1.46200515807612e-15,2.3366863830232e-07,2.367550938055e-06,-3.62280910273762e-07,-1.93909853349773e-07,-6.52614603700082e-08,-3.5140515019732e-08,-1.26240882932281e-06,3.56455776357972e-08,3.79336545683262e-07,1.785162421037e-07,7.94124848188922e-08,8.01403658460136e-07,-2.82705101349767e-16,-3.24791901764148e-07,1.52986349460861e-07,9.97273515446306e-07,-1.0159441731778e-07,-5.30397072229579e-17,-1.00764744523707e-07,1.33258240556143e-07,-4.66637524900197e-08,-4.16938189410579e-08,-1.0611770338935e-07,7.92356094126871e-07,-1.53477162046782e-06,2.23458935583729e-07,-2.26092723542701e-16,8.62254379789665e-07,-1.16592140789049e-06,9.13006672435248e-05,1.0447616067565e-06,-1.06445073729992e-07,-7.20195902026567e-10,-2.77555756156289e-16,-9.86000409826208e-17,-7.15967900723988e-10,-6.50479444203179e-07,8.59757713073296e-08,-1.26813228212936e-07,3.13310017371462e-16,-6.28569563819528e-08,-7.57678414715186e-10,2.57422726799637e-16,-1.37630142431659e-17,1.28175090696633e-16,1.7246422819935e-07,5.13704929613483e-07,-7.69905063708835e-07,4.69905535136322e-07,2.35193003661968e-07,5.03106540049039e-07,-2.43342861356893e-06,8.77657264556224e-17,-5.8383839909089e-07,1.06859265520094e-06,1.76028452965295e-17,9.28863622265141e-16,-1.28917247662078e-06,-6.63402626976811e-11,-5.53867867452468e-07,4.6334842771669e-07,6.84862574404184e-07,-3.79484477544939e-08,-2.46892926548256e-16,-1.33232514852901e-07,-1.30376359108025e-17,-5.23596863400202e-07,-3.63993774357696e-15,-1.08180716228393e-06,2.19586147096576e-15,1.03756802238044e-06,1.50746060080523e-06,3.50997181451632e-07,1.5306130184899e-05,0.189061750750403,1.32790754739138e-06,-0.00161052029144037,-9.17425976947712e-08,-4.4384070568521e-07,-3.41784615423555e-08,-4.01633187614384e-07,1.29327768172227e-06,1.55970120864628e-07,1.05083229346195e-08,2.29640085451668e-07,2.67490970309311e-16,-2.60532438051182e-06,3.44766005410017e-07,-9.04672786729023e-09,2.65003421332716e-17,-8.63485247429818e-10,-1.1778076139052e-08,-2.65705250411845e-08,-1.71449937945498e-16,5.09171739717328e-08,-1.09280292470428e-09,-3.65768376486983e-16,-3.52052542431567e-09,2.11424252741523e-07,-4.46875922496702e-17,-4.28803327365903e-16,-1.51771149297914e-08,-7.49126570712675e-09,-4.56992274544453e-11,-6.80798097245876e-08,2.06568364135364e-08,6.77554056023964e-08,5.99540491834880e-09,8.35466542782673e-08,-1.54230895576108e-07,4.20236762055382e-16,6.39724643238255e-08,2.26270254555212e-10,6.34570686960763e-10,6.05008416487089e-08,-7.82108013980308e-17,2.04792003967966e-17,2.03894863108247e-08,-5.78467488855348e-17,-2.11679280938893e-16,1.4629119001395e-07,-1.76149500211834e-07,-5.88542468592751e-06,-2.08679498486896e-09,1.4274156348887e-05,-3.84100619295185e-08,4.98237648113605e-09,1.35010000048762e-16,1.42245786082769e-08,6.7405337113684e-10,3.10747024202828e-09,-3.55618524000579e-07,4.92759072174592e-05,-3.17804579764868e-17,3.7741995086614e-17,-9.37109305327272e-17,-1.16144002818091e-08,-1.13102647504202e-06,-3.3054573924698e-08,-3.41212680098264e-16,-4.89073590541453e-08,2.45513397985488e-16,9.64187703471075e-17,7.63000827190574e-07,-1.67631328972327e-08,6.56159154788227e-16,-4.17164087941049e-08,-2.3975296193951e-07,-9.07411647170712e-16,6.56550624351612e-08,-8.21355119711273e-17,1.77834534463913e-08,-1.35011632197965e-16,1.77646632436696e-08,1.5392214461986e-07,6.16875349886616e-08,5.25653640383643e-09,3.6210172368892e-08,-1.27077329579149e-07,5.13917641891832e-08,-1.56050835212483e-16,2.40142970263307e-06,-4.87192702494286e-05,3.32159996475906e-17,-1.77042326555852e-08,-5.23595692752503e-08,8.48783501864542e-08,-2.53365517881036e-16,3.97547523637448e-08,5.82141635861288e-07,-1.56846964974845e-16,-1.32062825001954e-07,-2.92590223225765e-08,-1.69313218244678e-08,1.4539924795858e-16,5.28501342470049e-17,2.77598949593923e-08,8.54539835033933e-09,6.92111781716583e-10,-7.88602152800835e-08,5.19886355621097e-09,-9.12524478348189e-17,3.94527036783156e-16,1.90238398579e-08,1.31168573099406e-10,2.82873029606142e-16,4.61694302394104e-08,2.55333984682198e-17,4.71042881050886e-06,-8.90684806209418e-09,-5.2060227726063e-09,-3.45614068902107e-08,-4.0393626596752e-16,3.7659861912124e-17,2.70829800081728e-16,1.35334001985682e-16,-3.10090274879454e-08,-6.76538543455004e-08,-5.92850100028301e-17,1.00237879963268e-16,3.42568924831696e-16,3.37820013397363e-05,8.57079674877728e-10,-1.2118064790132e-07,-1.73647397357543e-16,-2.44270749460984e-16,5.89589141397617e-16,-2.9775039392534e-07,1.78922705740408e-06,6.30908175910746e-16,1.11305125068644e-08,-4.64249419183262e-07,4.1065648058705e-16,2.2164633754549e-16,-2.92344633535722e-08,-2.99634441395296e-10,-1.4527426019727e-08,-9.36316806478157e-16,1.64213277630796e-08,2.3975958104356e-08,2.58201387123727e-08,-2.36620672692285e-08,-8.44128700474077e-08,7.21279640234724e-09,-2.6691123859453e-16,-1.54907406611404e-16,-2.26919039822026e-16,2.04696250679988e-07,-0.00101623804510462,-6.3962471712155e-09,-5.33068745009517e-09,-1.9826440231838e-15,1.88694821556383e-16,-1.85721609237938e-16,4.0722388048801e-16,-2.72846833334395e-16,2.83407874777952e-07,1.04721827403725e-15,5.19410344487994e-16,-4.18133069796043e-09,-5.10689491185749e-16,-3.74366985089866e-09,1.10223545750328e-16,-4.64269542214703e-09,-7.29573025725364e-17,-5.65386022615415e-09,-7.08485147577801e-10,-4.48036922763291e-07,3.10299573719052e-16,2.28354349737293e-08,3.1454289639233e-16,3.25610481210272e-08,-6.34096324264687e-07,3.18780091045979e-10,5.9760133884059e-16,4.66270926097708e-08,3.64628308283503e-16,-1.15027124381045e-08,-6.49373810205243e-08,-5.27634891011269e-16,8.25739064381804e-16,1.68730933277024e-16,-3.58864066368536e-16,-2.18646978854619e-10,-2.84944665865286e-09,-6.36845299500055e-10,9.53040222281109e-16,-5.59924242473581e-16,-7.43708955272859e-08,3.81518646083365e-07,-6.85806834520189e-16,4.71396635207957e-16,-2.93050350473214e-09,3.11555191239385e-14,-2.07905944120645e-08,1.79835051751849e-15,1.96912804566554e-07,1.30280679467219e-15,-2.28671269745357e-15,-2.0411634829808e-16,8.05953471649941e-16,-3.55128633750583e-15,-1.24317075248073e-15,2.63204958985066e-08,-1.84089215351831e-07,6.85676911861453e-16,-1.771040430107e-08,6.74287015966667e-08,3.74626013794344e-16,-2.67874449205556e-15,-4.53654425285722e-16,-2.51350402665134e-16,6.67299483845167e-09,1.0681119391173e-09,1.58260214473847e-15,-1.22610852482274e-12,-1.21410417261704e-08,-4.3315028403956e-08,-7.21246434312534e-09,-9.84237826904109e-15,1.44649295760205e-14,3.47954516901687e-15,4.08185761073795e-15,1.29342880145794e-14,-6.76308938728191e-15,2.57753561729745e-08,-2.43941993787175e-08,-4.69355898768937e-09,0.707106781186548,3.13496270576947e-14,-1.24125544860282e-14,1.70865988799807e-14,2.07174623381254e-14,5.6399925128895e-16,-7.36633983707228e-15,-7.41821599284701e-17,-4.51079452150659e-15,-3.09981602965944e-15,-1.09451616361216e-15,4.4618399439062e-15,-2.70235444646697e-15,5.30038981503384e-16,1.79761711897054e-08,5.62772774455767e-15,3.02578030527526e-16,-5.46593879655084e-15,7.15724243932218e-06,-4.43144259142878e-10,3.06524152515867e-15,-6.56845530616398e-09,1.24512410628356e-05,-1.39313212447494e-15,-8.87252263240025e-16,-6.51156385106779e-08,-1.04041980739096e-16,1.61846220840541e-07,-4.28276592578554e-17,6.79049211011021e-16,5.6344029515174e-16,-9.95832858172809e-16,8.18441608784699e-10,-1.12414748618657e-07,-1.62477662706576e-16,6.79088881511428e-17,1.49828443073405e-16,-1.96989088937372e-16,-4.48480228648629e-16,1.05598917164855e-16,2.16602796709043e-17,9.73912636342861e-19,9.44709256047195e-09,-6.85035812256386e-17,-2.46874790366401e-16,-3.41638874776133e-16,-3.13920988495045e-16,-1.41592138286089e-15,3.86457853007713e-16,-2.70465687655734e-08,1.70967638304073e-16,-7.54383191241334e-17,2.01734185072903e-08,-3.41407345300834e-16,-1.12835511657672e-16,6.07849731713956e-16,-2.68331192013361e-17,1.85527232181401e-07,-7.65413088061772e-16,-1.24864737514671e-08,1.06776381047843e-16,7.42221174560183e-16,6.92079956196994e-16,-9.93324007574591e-17,-3.85644039658067e-17,-2.07509375142897e-16,4.51949564694573e-10,1.25506501683083e-16,-6.79494397591687e-16,1.7624032015118e-08,-5.64953090147243e-08,1.93939091257809e-16,3.96194625619124e-08,5.8047596615018e-09,4.17058234014695e-17,8.12917650342083e-16,1.57104279163089e-16,1.48612378922929e-17,5.47951935320835e-16,-9.79911489161848e-09,-7.01084459094341e-16,5.59806920212352e-16,-2.56528912892128e-16,3.92808815316001e-09,7.84353370360531e-17,3.41217572675687e-16,4.41536468197106e-17,-8.06831652001659e-16,-1.79267478665918e-09,7.15735915957162e-16,5.92006306178163e-09,-3.36093331636883e-16,1.72691388719802e-17,6.0091269993822e-16,2.40928050743622e-16,2.59084231188748e-17,-1.22174243089493e-16,-1.77125613759478e-16,-6.47851348650629e-08,-9.4326786253939e-17,6.11403256429594e-16,7.63376430991375e-07,9.86017874271749e-17,-2.78878487616076e-16,-8.19898114975989e-17,-2.82757801077628e-16,2.25838694270063e-16,6.2594563767477e-17,-2.86925637905673e-08,-5.84733405112137e-19,-4.25248144805431e-16,1.99120484292375e-05,-6.36871174907964e-16,4.13900585394007e-16,1.5587224640208e-16,1.85345801660123e-16,-3.29406300069066e-16,8.01131389543883e-17,1.33042687689509e-16,-1.5323698971977e-17,-2.00498525427602e-16,5.0836662122022e-16,-6.27000205389253e-16,-1.6487723038474e-06,1.02988503505669e-07,3.32056062707454e-17,-4.4929192087526e-16,7.10346689102813e-17,1.29555749766549e-16,2.84494650060196e-16,-1.62646447890199e-16,-2.31794354519378e-16,-7.87043792278348e-17,-1.29627380534537e-09,-3.52774079246691e-17,7.91895568705536e-17,-5.8512510442983e-17,5.96041268316097e-17,1.66283633781004e-09,-5.03421929104777e-16,-1.82250819241983e-09,-8.2805918004041e-17,2.08686195650981e-17,-2.89127694244426e-16,-5.19987778938938e-17,1.02655877703329e-17,-1.23515383785171e-17,-7.50787097695732e-17,1.00916383430268e-18,-7.8840313447837e-17,1.51178848022583e-16,-2.09501945853804e-17,2.31299766761453e-16,3.44744887572068e-17,-8.67025826142128e-17,-6.43892929955584e-17,-5.78864445178706e-17,-4.26124202906281e-17,-5.89784531099029e-17,1.64664120097395e-17,1.49908455171846e-16,-4.22838847269347e-18,5.77387931936498e-17,-5.09831588241442e-17,-1.80130602112431e-16,5.36887827375517e-16,1.266685750683e-10,-1.10798754235334e-17,-1.11343505434637e-16,-6.76031457293313e-17,-1.9349598108743e-16,5.75939082484103e-17,1.77279334436798e-16,-2.20031759272591e-16,-2.17156524947474e-16,-1.71144322730591e-17,3.70014378140841e-16,3.34910051080772e-16,6.60328289873275e-17,-2.44759901369851e-17,3.40213828380327e-17,1.22253141983862e-16,4.06816274269456e-17,4.48220055715394e-17,-1.63867026683669e-09,-2.20528375739973e-17,-6.35644066140709e-17,-2.60638279420696e-17,-5.64621642087601e-17,1.89853441334022e-16,3.92126075355722e-18,-1.19614346298947e-17,-1.06770903683594e-16,2.75299255056984e-17,3.49022179965758e-10,-8.83369594393788e-18,-6.55405196843102e-17,-5.07244663504434e-17,4.36381705106406e-17,-1.62500869041094e-17,-1.5587076447486e-16,5.6336402625568e-17,9.04053486007644e-17,9.31369808449214e-17,-9.95875399072524e-17,-4.95510643845942e-17,-1.92632870011055e-17,-3.26373416629681e-17,1.77002660744895e-09,1.1586256629882e-16,1.33548674601764e-17,-6.79258668070875e-17,-4.07768437071798e-16,-5.34044249088113e-09,-3.31910609443331e-17,1.38750043433637e-16,-1.3856672739521e-17,4.143545727975e-17,-1.68278760149303e-17,8.23157630456106e-17,1.8260216613712e-16,1.72440839662519e-17,-5.6983010831088e-18,1.25748684417414e-17,-4.46570886223374e-18,3.9779148548888e-16,-3.98541841222251e-17,-5.33682758451728e-17,5.43834430719401e-17,6.33201169323361e-17,-2.52142050774276e-16
"t416",-0.0363465782178284,-0.00949540579310064,0.00119508566527858,-0.102975259870464,0.0200741377768565,-0.00412358444675681,0.0220318277264088,0.000351322445491659,0.000119029924123951,-0.000376148706212099,-0.000102345094187448,-0.0986656345567148,-0.0660890126383563,0.00654986093386178,0.00125789620056928,-0.00169272045718966,-0.000190866775975856,0.00184219054974391,-8.73199059164441e-05,8.73015258819609e-05,-0.00200875762082388,0.000761854778393003,-0.00297565996188656,0.0754520459134874,0.0244840077601064,-0.000203538834211623,0.000195493820797914,-0.000154525547968981,0.00159321598371216,0.000595625591094099,-1.77492029503743e-06,2.66144172894997e-06,-0.0002866455043904,8.93895980909393e-06,-4.95462968956476e-07,2.87652987499878e-06,0.000307654765767589,-1.44609820170761e-06,-1.35932610136449e-05,-5.117296973266e-06,-0.000536122510988494,0.000187790175860987,-0.286128285785732,-0.00217761257763861,0.00537816215257355,-4.45784482888147e-05,8.77658506241495e-05,-0.000694152709841778,6.97630076437392e-05,-0.000146172651858881,0.0271271392067142,3.24664963891384e-05,-3.14735811255167e-08,-3.50620396284925e-05,3.99956943555e-06,-4.30817297661762e-05,1.76068244780145e-06,-0.000116372824149695,3.94156364384697e-05,-4.10751493934189e-05,-3.54076916929328e-05,5.50947489093091e-06,-0.000182550579763707,9.7758402445758e-05,-7.92386612496076e-06,0.0118089974952711,-6.39657175224216e-07,2.34244085255053e-05,-6.43550803623345e-05,2.52630128016699e-05,-2.93234468108301e-05,4.47790140047867e-05,-2.01808738838916e-06,-0.000148521925506166,6.17584593888005e-05,5.89412252796068e-08,-0.000328889180140619,6.0322230802869e-06,-2.14611256031335e-05,-2.50199250728061e-05,7.26552466356698e-06,0.000108648786842907,-1.340531303822e-05,-8.43271953682105e-05,5.31131900033489e-06,0.00114951166586863,-7.12778244687309e-05,-1.28129159542556e-06,-4.19855326399418e-07,0.000109772699668819,-2.71793254490142e-06,7.12283931254311e-07,6.43628659353224e-06,-0.000682475422819884,-2.62245427253131e-07,-8.6119121045004e-05,-1.94835227077506e-05,4.90526871776557e-05,-7.47369338213771e-05,-2.02408606833512e-05,-4.4149577168066e-06,3.54348906735253e-06,-6.0352717832405e-06,2.15632339878414e-06,-9.39154701679343e-07,1.72794681332763e-05,-5.10904209917886e-05,0.000433849492396369,-7.60312060690125e-06,1.84247400803644e-06,8.13723220027666e-06,1.94385969356152e-05,-3.27809964342341e-05,2.92902234894798e-05,-1.49074935352232e-07,5.7224703633243e-06,-8.44342200875333e-06,8.95442348897822e-06,-9.08869942985221e-06,2.24192701878157e-05,-8.39782511958653e-05,2.04454311989431e-05,-1.95290067776712e-05,-5.36722609766416e-05,1.74944323363688e-05,-0.000168536801647867,1.71268519045123e-05,-5.4611871897331e-06,1.05776583516879e-05,0.000348758111654133,-1.10285179059537e-05,3.28320422113876e-05,-6.45143562976645e-05,-7.89178254218728e-06,2.86214419615063e-06,1.3239490123107e-05,-7.82323079069797e-08,-5.31770208100938e-05,1.70503976414064e-05,-4.90966135185156e-05,-3.15887562557496e-06,-0.000122747959993831,2.4135016910373e-05,1.54409949254567e-06,4.87155483404029e-06,-3.12122768115368e-07,-1.50425315928044e-05,2.39445238019331e-06,1.58468271424762e-07,-4.028901761229e-07,-6.27667111521282e-05,-1.89473862665168e-06,-4.09400294654895e-05,1.5474751095407e-05,-5.0514957236616e-06,-4.49748173437601e-07,6.85764974802937e-06,-0.0012571535164788,-5.11616612583261e-06,-1.81353093134497e-06,-0.00227693560932871,3.08198169669442e-05,-0.000157804125446807,-0.21194523079089,-0.000464260143295742,0.19142445153668,-1.17833122073458e-05,-2.06272781985096e-07,-1.03229780860761e-05,-1.60621715688673e-05,0.00340754410462044,-6.87918912665893e-05,-1.57707431724013e-06,-5.87208777317866e-07,-0.000302931626954388,-2.14183356089607e-07,-4.69874765525095e-05,4.94390383109838e-06,2.42630652704947e-06,7.20554191192947e-05,-4.24418825599495e-05,0.000218125282512526,2.804310468992e-06,1.2203396229168e-07,2.54575119225969e-07,6.07975994481372e-07,7.31738393069568e-06,-1.30361075111592e-06,-5.80717411698647e-06,4.65478935658448e-05,1.0608207359925e-07,-1.55083751891834e-07,-5.65773917124432e-07,-1.01995489955363e-08,-7.58734944577597e-08,7.40298795733915e-08,1.24277912408335e-07,5.05231072893868e-07,-5.22448941453258e-08,-1.76046418415493e-09,-8.90868114546312e-10,1.09376867633727e-06,-3.63875449593218e-10,-1.49931746710062e-06,-2.06985094400678e-07,-7.53371920056673e-06,1.55994067638393e-07,6.29501389233858e-06,-1.5546759207443e-06,-1.44922734041751e-07,-1.93654839448389e-05,0.000947323159787947,-4.34681810248455e-05,-5.28823446530412e-07,-3.36446938706894e-07,-4.43197677211718e-07,7.68222745497101e-07,6.82408120158019e-08,-1.38487302630816e-07,-7.30004268240889e-07,-4.0537794626966e-06,3.51917601367732e-05,1.37906559411789e-06,4.53494598260149e-06,-1.21286997640311e-06,-6.26319392794322e-07,-6.62390646507637e-06,-4.81886626602784e-07,-7.78985970579111e-07,-6.40955825124803e-07,1.38659537251902e-05,8.97469699322675e-05,2.23550317396925e-07,3.75884669696028e-07,-2.06254156098479e-08,-3.45697714707166e-07,-1.83780538096538e-06,-5.33351817616695e-17,-2.8626799268284e-07,2.16719495236555e-05,-6.46368887184446e-07,-1.21821210068044e-05,-2.0313680158503e-06,2.43405965092626e-06,-4.26746491542183e-07,1.57109677783563e-05,-3.60571061919149e-08,2.45313394426378e-09,-0.000120342081285425,6.02948083298264e-06,-1.93060715858148e-07,2.66398197540613e-05,-1.29766081671939e-06,6.21038314052138e-07,-4.50569460465149e-08,3.80089134921947e-06,-4.7539167860207e-06,4.81548299568582e-05,2.1220481052583e-06,-5.31836438626819e-07,2.11831728045416e-05,-5.67332439440976e-06,0.00105589260325712,-0.0839085743733437,-3.4413235761238e-06,1.04804947333796e-06,-5.67304963148012e-07,-2.50140624594684e-05,8.87370118166038e-05,-3.02409114037121e-07,-1.14124807468478e-07,2.33017068181459e-07,-0.00100731756948657,1.01978465559237e-05,-2.48665198177873e-06,0.000722550021451892,-1.39888913076633e-05,1.61906889331304e-06,-2.01908379661955e-06,0.000399321737663972,-3.56692721262121e-07,3.95937154324128e-16,7.78895069181901e-07,2.62312064549641e-08,3.69608702956617e-10,2.80182299781689e-06,-2.76731308434367e-08,1.62264905115262e-08,3.69155447639224e-07,-2.92478762288356e-08,2.27519493749171e-07,-5.92117769796356e-07,-1.94078951283412e-08,1.23483138025759e-08,-1.49860819538659e-07,1.7354906470116e-07,-5.28185276461318e-06,3.22615213271559e-08,-2.15536512747881e-07,-1.03580746156454e-09,-1.64526374570969e-07,2.53166839897031e-08,-7.25244311135316e-07,2.95622344161267e-08,-7.79658051792815e-08,1.16135177861838e-07,-4.33514296422259e-07,3.34450199829114e-08,3.06782604915325e-08,2.43111322808639e-07,-2.31313906891545e-05,-3.36951760482919e-08,1.65518767211389e-05,-1.95282060669302e-07,4.91139598368063e-09,4.69540123086158e-08,-9.60563805452918e-08,-1.74307265027574e-16,3.64075400383044e-10,2.49281803945272e-06,-1.4675474314268e-07,1.09686125783604e-07,3.99272062867712e-05,2.7920076629122e-08,6.56599151433783e-08,-9.73449661765682e-07,3.70742200374633e-07,7.31462372025948e-16,-2.98459690984046e-07,-3.65882938264532e-09,-1.03506973413797e-08,5.50431681079966e-07,8.00375350974175e-08,-5.47892708948397e-09,-2.13801743635998e-07,5.78955643962199e-08,-0.000107891305706631,3.5999497114332e-07,-7.38535152287779e-08,-1.33663517805365e-07,-7.05933135463413e-09,-6.92792369484533e-09,-1.32050271502237e-07,8.75021582892526e-07,-1.40478338623379e-07,3.18368961147216e-15,-7.16991716951052e-07,-2.20929010965289e-05,-0.490335693155034,9.17719378882315e-08,-4.2045554920077e-07,-9.48248489253054e-07,0.000963618102085026,5.64477029586415e-06,-4.62302168546567e-08,1.09698822066845e-15,-1.01681144168966e-07,-4.6284426078806e-07,-1.39021979089254e-07,1.45054255710186e-15,2.6927976503915e-07,2.721702973819e-06,-4.15967602738604e-07,-2.22111545457261e-07,-7.44748170802218e-08,-3.9998302351936e-08,-1.43420110770074e-06,4.02915565541237e-08,4.28541866606456e-07,2.01064323881468e-07,8.90284111506019e-08,8.98249450956325e-07,2.09367316807746e-16,-3.61461738358307e-07,1.7008383727997e-07,1.1064157882458e-06,-1.12403502145641e-07,2.19115641187047e-17,-1.10978309722094e-07,1.46257794264473e-07,-5.11583800386392e-08,-4.56893633057131e-08,-1.16231779059848e-07,8.67247972554455e-07,-1.67851617579838e-06,2.44320773347548e-07,-5.33686876495323e-16,9.4400444325219e-07,-1.27668620965527e-06,0.000100013994477366,1.1451715005266e-06,-1.16681143741868e-07,-7.8960083586738e-10,1.78676518025611e-16,-8.06125935955101e-17,-7.85905543189771e-10,-7.1487528620729e-07,9.45021870826051e-08,-1.39558464183837e-07,4.97041595909623e-16,-6.93861712099844e-08,-8.37671705819601e-10,-2.56600675149064e-16,-1.24773772186704e-16,-1.79405285144879e-16,1.9174264507504e-07,5.71586404266158e-07,-8.59171956350018e-07,5.258063820619e-07,2.6325873717675e-07,5.64910314143901e-07,-2.73339325487987e-06,1.10080516002461e-16,-6.60558204406929e-07,1.2124395628886e-06,5.20456798122427e-16,1.14982432488503e-15,-1.48156658915269e-06,-7.65128854527576e-11,-6.42061933687654e-07,5.39094072339988e-07,8.02880597597205e-07,-4.45457865981339e-08,-1.14389015651664e-15,-1.56679301414799e-07,-2.72854566963978e-16,-6.19126496026584e-07,-3.60223461302878e-15,-1.28468824814766e-06,2.76323259822042e-15,1.23933056426681e-06,1.80280329688563e-06,4.27397323179335e-07,1.87187066902724e-05,0.231646497579413,1.64099789954536e-06,-0.00200633238718874,-1.16753277478968e-07,-5.64957118419639e-07,-4.38298422179444e-08,-5.22771261422119e-07,1.72247580558804e-06,2.12498960705223e-07,1.46143935411533e-08,3.22955770679721e-07,2.40743870000766e-16,-3.81338402854526e-06,5.29719826043153e-07,-1.77602871162739e-08,7.24624409380138e-17,-1.94280140455913e-09,-3.84576339240288e-08,-1.18584869556622e-07,2.95278342826687e-16,2.93079688307604e-07,9.764098029544e-09,-6.35478000510645e-17,1.0372738093094e-08,3.03296274553407e-08,1.05739788812155e-16,-4.8727879670763e-16,-5.21200146081788e-09,-2.67337389415118e-09,-1.8879593793555e-11,-3.18451343968991e-08,1.15701942243463e-08,3.83902744255738e-08,3.45007935547385e-09,5.45186143404971e-08,-1.07535265639909e-07,2.59449579875781e-16,4.54997269132177e-08,1.61447071995435e-10,4.57665121817874e-10,4.41626033480844e-08,-1.53959188752156e-16,2.08940349377204e-16,1.51095716014829e-08,-1.77132375931855e-16,-4.87958168413888e-16,1.16160477773024e-07,-1.41103347931742e-07,-4.71531446312581e-06,-1.700562683427e-09,1.16566814715953e-05,-3.1380660065245e-08,4.08203738425034e-09,-1.61584549160534e-16,1.19572232125773e-08,5.69244979995323e-10,2.6281698147084e-09,-3.02875513686607e-07,4.24466384971665e-05,4.33069306396748e-16,4.29935235354706e-17,5.6934217261762e-17,-1.01436111939915e-08,-9.92953629270556e-07,-2.90303775412149e-08,-1.00212204385795e-17,-4.31526623316385e-08,-4.21703470204373e-16,1.09692785182808e-16,6.84770496915584e-07,-1.50471864732676e-08,-2.10335221462188e-17,-3.7576901797324e-08,-2.16379607687729e-07,-5.43859981937137e-16,5.94764150969472e-08,1.36962789007364e-16,1.61771628237604e-08,-1.15462659504079e-16,1.61658522433719e-08,1.40107807239695e-07,5.61685194508708e-08,4.78829567356644e-09,3.30159490085019e-08,-1.16262448217493e-07,4.72238937780431e-08,-2.94979127456353e-17,2.21750229972554e-06,-4.50099021325446e-05,1.04496821962098e-16,-1.63668179334533e-08,-4.84598455861486e-08,7.8635882652553e-08,3.67311183405962e-16,3.69511487977281e-08,5.4142003609647e-07,6.64946656713599e-17,-1.22923347236912e-07,-2.72447383663631e-08,-1.57879784261386e-08,-2.91373847023092e-16,1.35424172159124e-16,2.59666649349107e-08,8.00344755774468e-09,6.48381794318182e-10,-7.42454566034264e-08,4.89826842680711e-09,1.93085141418845e-16,-2.97323373172491e-16,1.793289202778e-08,1.23654413295042e-10,-2.55252735958563e-16,4.3560552258155e-08,-2.70373083032467e-16,4.44772227971547e-06,-8.41883045973837e-09,-4.92113458596457e-09,-3.26793465686812e-08,-7.61857680164698e-16,-1.24065960109936e-16,2.58842028241633e-16,9.65742839319122e-18,-2.93917392437689e-08,-6.41375717006844e-08,-3.94232230254453e-16,7.15057473516298e-16,-1.95829676193973e-17,3.20479596170539e-05,8.13320642990524e-10,-1.15082420352413e-07,-1.19968247453514e-16,-2.29551349716778e-15,-1.24303779075463e-16,-2.83466473150136e-07,1.70353120070886e-06,-5.00074137310608e-16,1.06069936717937e-08,-4.425712119081e-07,-6.35239443783542e-16,-2.42912545387787e-16,-2.78922526933728e-08,-2.85896023809682e-10,-1.38678544349847e-08,3.91161057383748e-16,1.5687794320185e-08,2.2914422384332e-08,2.46908879016556e-08,-2.26441982798331e-08,-8.07976592531369e-08,6.90641580135064e-09,1.90746841804502e-18,6.88089310973456e-16,2.90535904187472e-17,1.96390514536065e-07,-0.00097503168481199,-6.13837035789596e-09,-5.12180846769216e-09,-5.20324602745474e-15,2.67637556470258e-16,-1.18453508039942e-15,2.76460118306592e-17,1.27430726179735e-16,2.72622086071966e-07,-5.92525396145268e-16,8.82200875214823e-16,-4.02398074938439e-09,-1.27003606144515e-15,-3.60287428466383e-09,5.07206462069096e-16,-4.46826286597802e-09,-4.95092973677355e-16,-5.4454961208429e-09,-6.82494221753082e-10,-4.3171367894345e-07,-3.31300091605119e-16,2.20105025255935e-08,4.48177130606561e-16,3.14062275827255e-08,-6.12131976950569e-07,3.07749103084587e-10,6.64999695265291e-17,4.50287703583822e-08,2.4468719044394e-16,-1.11142023250561e-08,-6.27456692232194e-08,-1.02636197559986e-15,-8.18116953151897e-16,-3.64092186372185e-16,2.02867406760994e-15,-2.11355746223911e-10,-2.75473085189675e-09,-6.15754683679935e-10,-5.78109401493775e-16,-2.00590704422754e-15,-7.1950497125435e-08,3.69111696649823e-07,5.29810851568088e-16,9.48488455736656e-16,-2.83722804124134e-09,3.63158245480472e-14,-2.0131813167545e-08,-1.63255913970407e-15,1.90754123501632e-07,-4.52647355195953e-15,-2.14133566251593e-16,7.48754816795272e-17,1.67504436745366e-15,-3.00558004859994e-15,3.20497629749813e-15,2.55184616386374e-08,-1.78481605996351e-07,-1.09834436467477e-15,-1.71757374039103e-08,6.54006546046747e-08,7.27996896195726e-15,-1.82329636626313e-15,2.36388054426195e-14,5.76524083689731e-15,6.47547124086223e-09,1.03660501948243e-09,-4.08466916688521e-15,0.70710678118962,-1.17773894816246e-08,-4.20435168962178e-08,-7.00114476547625e-09,-3.79376115732123e-14,-2.72591986630126e-14,-6.40417080319955e-15,-1.09753695160274e-15,-6.2158459354216e-15,-1.59827023342052e-15,2.50415771864058e-08,-2.37016046180343e-08,-4.560629250547e-09,3.94183282095158e-17,1.21586817471284e-15,-6.44162858863458e-16,1.65070032013359e-16,-3.48843067399522e-15,-9.72772690341851e-16,5.39244465367579e-16,-2.22978794516607e-16,2.38057713025812e-16,-2.63222162034396e-15,-5.19594430118917e-16,4.52974611113757e-16,-1.11946196475036e-15,8.42642053259759e-16,1.74889659319267e-08,-1.05010720899185e-15,-4.51370603381399e-16,1.98569711496291e-15,6.96436488566088e-06,-4.31218569595243e-10,1.53166395861362e-15,-6.39182304328088e-09,1.21187383216832e-05,-1.1351439058718e-15,5.33014203559597e-16,-6.33917179553852e-08,-3.07878750379993e-17,1.57606142860649e-07,-1.43440605184638e-16,-1.93538196501163e-16,-7.46936572828102e-16,-2.68671670652545e-16,7.9734779732365e-10,-1.09520748762362e-07,3.32864968323155e-16,4.61557132260667e-16,-2.35437834568399e-16,1.78590691940666e-16,-1.26586024648545e-15,-7.14289291955179e-16,-5.85579036069317e-16,-1.52126626915678e-16,9.21711190987047e-09,2.71714420911977e-16,1.17293637054385e-15,-4.48355883550759e-16,-1.41520233977947e-16,2.95917333392137e-16,3.55687329700815e-16,-2.63958532514736e-08,1.73421888707918e-16,-1.2074332567378e-16,1.96891114160743e-08,3.33319175353598e-16,-4.01400774851052e-16,-3.90290919215833e-17,-3.06925514380319e-16,1.81183722942274e-07,3.90684756640126e-16,-1.21954442903998e-08,-1.46519077875093e-16,1.9273572866844e-16,3.02060793588546e-16,2.61289970711928e-16,1.08740684690483e-17,-4.27003043881113e-16,4.4151089383258e-10,-2.50279367912511e-16,4.41392965844382e-16,1.72197667912432e-08,-5.51998516771266e-08,1.23554399194492e-16,3.87163460736296e-08,5.6726866821049e-09,-1.47928193891587e-16,7.93244775591087e-17,-4.6124959567056e-17,-5.68728995366077e-17,6.90334846193413e-17,-9.58214449987746e-09,-9.30978565215148e-17,3.62714788388468e-16,-7.81469373165276e-18,3.84171406870464e-09,-2.09479065225627e-16,1.14101727527443e-16,3.02497076692994e-16,-8.1331485491577e-17,-1.75361392618894e-09,-1.02555859045506e-16,5.79143189025513e-09,-1.23143718880451e-16,4.21509450929472e-16,4.86717334328632e-16,-3.93697403025522e-16,-1.35544112179232e-16,-2.09207919579246e-16,-8.2558832594714e-17,-6.33981353776115e-08,9.41295578674978e-17,1.05371403103813e-16,7.47092615707216e-07,-5.45155734443161e-19,-1.73715236597457e-16,-4.44120663620454e-17,5.05686883181201e-16,6.11723888368731e-16,2.00794958505554e-16,-2.80874535472221e-08,-2.42060867904146e-16,-1.15843801694042e-16,1.94942434271102e-05,-7.0728532041573e-16,6.8484571207706e-16,6.73334112337298e-17,-1.92202489892368e-16,3.86299115235237e-16,-2.59506550209023e-16,-1.85890788392857e-16,2.41389683761863e-16,-2.74933841797769e-16,5.11810910120334e-17,-2.81471210537872e-16,-1.61481550338682e-06,1.00872146962507e-07,1.37983948346235e-16,-3.38127788893461e-17,-3.41532522835299e-17,-5.0381757497768e-17,-1.17093834628434e-17,-4.03777175968118e-16,-9.92024951432611e-17,2.13470296328114e-16,-1.26994229777655e-09,5.57547581275094e-17,8.85768015383579e-17,3.7089496801345e-17,6.58942663216464e-17,1.62938696321157e-09,8.02979075189222e-18,-1.78624566426693e-09,-4.95413647619406e-17,1.32091169198969e-16,2.65798096792698e-16,-7.82945460544586e-17,2.37887316558458e-16,-1.69136622809677e-16,-4.97191372213763e-17,-1.60313618558319e-16,-1.66808191000358e-16,2.4617750436924e-17,-1.60648331874579e-16,6.95095482091668e-17,1.17894900496294e-16,8.29555246028852e-17,-1.44266450001078e-16,1.01937813949068e-16,2.11812124976722e-17,-2.48788939339137e-16,5.83844460391426e-17,-4.49245876189075e-17,8.42425088021237e-17,2.10738667793247e-16,6.43084317268109e-17,-3.92400751710339e-18,4.03343472350859e-16,1.2424625870252e-10,-5.50688972205106e-17,1.48234993954709e-17,-6.03244153783081e-18,-9.18482324483313e-17,-1.39926628425654e-16,-2.8117906578396e-17,3.12798220441735e-17,1.37537173165998e-16,-1.97275886173079e-16,6.21244007119218e-17,-5.49582081232902e-16,1.22340242457896e-17,-4.5537180942314e-17,-1.10313506739819e-16,-4.93477175652001e-16,-1.17117508219954e-17,-3.38811278019674e-17,-1.60814473440483e-09,-1.22215396509365e-16,-1.46811882430636e-16,2.33370453457366e-17,5.23633424416541e-17,-1.69136105027695e-16,2.918660575226e-17,-4.56972884577845e-17,8.72638512206417e-17,9.26100610362598e-18,3.42691072280686e-10,1.40673448113511e-16,7.67334093731692e-17,6.02256028846421e-18,-7.63222333176031e-19,3.24305588728511e-18,2.45727949415669e-17,-2.877886595839e-17,3.55321626034148e-16,-2.31113668921786e-17,-1.3263735998328e-16,-6.95092413627456e-17,3.00571462951184e-17,1.23300596300988e-16,1.73874952290397e-09,1.16307687630007e-17,-1.20192396638366e-17,3.43657867648587e-17,-2.96529294174785e-16,-5.24720538306829e-09,-5.47164915303665e-17,-2.00894524147651e-16,8.35734336199918e-17,5.81945329232489e-17,1.57409481960351e-17,8.42679160899056e-17,1.69340944270242e-16,2.54483784000878e-17,-1.1622337286666e-17,5.82374754833158e-17,5.66353741423932e-17,-5.32401501649089e-16,-7.1295221122926e-17,-5.6926867963563e-17,3.92028019487768e-17,1.87582024323304e-17,-2.50626360725613e-16
"t971",-0.0363465782178288,-0.00949540579310089,0.00119508566527858,-0.102975259870468,0.0200741377768573,-0.00412358444675704,0.0220318277264099,0.000351322445491698,0.000119029924123938,-0.000376148706212161,-0.000102345094187433,-0.0986656345567264,-0.0660890126383642,0.0065498609338626,0.00125789620056943,-0.0016927204571899,-0.000190866775975852,0.00184219054974416,-8.73199059164562e-05,8.73015258819332e-05,-0.00200875762082422,0.000761854778393171,-0.00297565996188722,0.0754520459135035,0.0244840077601117,-0.000203538834211707,0.000195493820797929,-0.00015452554796903,0.00159321598371256,0.000595625591094249,-1.77492029504703e-06,2.66144172899644e-06,-0.000286645504390496,8.93895980915429e-06,-4.9546296874964e-07,2.87652987493973e-06,0.000307654765767684,-1.44609820172227e-06,-1.35932610136778e-05,-5.11729697327927e-06,-0.00053612251098876,0.000187790175861082,-0.286128285785858,-0.00217761257763952,0.00537816215257598,-4.45784482888039e-05,8.77658506241975e-05,-0.000694152709842149,6.9763007643765e-05,-0.000146172651858988,0.0271271392067284,3.24664963891957e-05,-3.14735811382673e-08,-3.50620396285381e-05,3.99956943556338e-06,-4.30817297662046e-05,1.7606824477958e-06,-0.000116372824149745,3.94156364385617e-05,-4.10751493934089e-05,-3.54076916929523e-05,5.50947489095256e-06,-0.000182550579763868,9.77584024458156e-05,-7.92386612496156e-06,0.01180899749528,-6.39657175228305e-07,2.34244085255475e-05,-6.43550803623705e-05,2.52630128017344e-05,-2.93234468109229e-05,4.47790140047743e-05,-2.01808738840664e-06,-0.000148521925506328,6.17584593888686e-05,5.89412252446005e-08,-0.00032888918014087,6.03222308028889e-06,-2.14611256031118e-05,-2.50199250728181e-05,7.2655246635573e-06,0.000108648786843061,-1.34053130381945e-05,-8.43271953683768e-05,5.31131900039669e-06,0.00114951166587015,-7.12778244688184e-05,-1.28129159539956e-06,-4.19855326382332e-07,0.000109772699668705,-2.71793254488726e-06,7.12283931259515e-07,6.43628659354832e-06,-0.000682475422820819,-2.62245427263264e-07,-8.6119121045218e-05,-1.94835227077905e-05,4.90526871777221e-05,-7.47369338214899e-05,-2.02408606832947e-05,-4.41495771676113e-06,3.54348906738463e-06,-6.03527178326558e-06,2.15632339881392e-06,-9.39154701689834e-07,1.72794681332948e-05,-5.10904209918889e-05,0.000433849492397046,-7.60312060689957e-06,1.84247400807292e-06,8.13723220026684e-06,1.94385969356477e-05,-3.27809964342948e-05,2.92902234895393e-05,-1.49074935349295e-07,5.72247036328846e-06,-8.44342200874098e-06,8.95442348898793e-06,-9.08869942982539e-06,2.24192701878546e-05,-8.39782511960268e-05,2.04454311989272e-05,-1.95290067777259e-05,-5.36722609767858e-05,1.7494432336327e-05,-0.000168536801648213,1.71268519044069e-05,-5.46118718977657e-06,1.05776583516777e-05,0.000348758111654897,-1.10285179059539e-05,3.28320422114481e-05,-6.45143562978594e-05,-7.89178254218871e-06,2.86214419610858e-06,1.32394901230961e-05,-7.82323079227332e-08,-5.31770208102788e-05,1.70503976414515e-05,-4.90966135186932e-05,-3.15887562557084e-06,-0.000122747959994164,2.41350169104173e-05,1.5440994925785e-06,4.87155483423987e-06,-3.1212276814681e-07,-1.50425315928307e-05,2.39445238018567e-06,1.5846827144982e-07,-4.0289017607374e-07,-6.27667111523514e-05,-1.89473862664703e-06,-4.09400294657049e-05,1.54747510954763e-05,-5.05149572367142e-06,-4.49748173462426e-07,6.85764974803555e-06,-0.0012571535164822,-5.11616612583825e-06,-1.8135309313387e-06,-0.00227693560933493,3.0819816967034e-05,-0.00015780412544722,-0.211945230791479,-0.000464260143297072,0.191424451537226,-1.17833122073836e-05,-2.06272781925365e-07,-1.03229780860595e-05,-1.60621715689144e-05,0.00340754410463062,-6.87918912668184e-05,-1.57707431730993e-06,-5.87208777315098e-07,-0.000302931626955288,-2.14183356044626e-07,-4.69874765527433e-05,4.94390383114856e-06,2.42630652709414e-06,7.20554191196511e-05,-4.24418825600489e-05,0.000218125282512815,2.80431046898273e-06,1.22033962346862e-07,2.54575119203369e-07,6.07975994470641e-07,7.3173839307498e-06,-1.30361075111392e-06,-5.80717411705253e-06,4.65478935661446e-05,1.06082073621038e-07,-1.55083751892924e-07,-5.65773917094269e-07,-1.01995489876979e-08,-7.58734944988386e-08,7.40298796067887e-08,1.24277912445551e-07,5.05231072710387e-07,-5.22448941194117e-08,-1.76046408848892e-09,-8.90868129724772e-10,1.09376867640566e-06,-3.63875496451776e-10,-1.49931746708431e-06,-2.06985094341885e-07,-7.53371920062584e-06,1.55994067661932e-07,6.29501389241924e-06,-1.55467592090668e-06,-1.44922734054657e-07,-1.93654839451687e-05,0.000947323159791766,-4.34681810249442e-05,-5.28823446514283e-07,-3.36446938779702e-07,-4.43197677174349e-07,7.68222745476248e-07,6.82408120306978e-08,-1.38487302642143e-07,-7.30004268245667e-07,-4.05377946270874e-06,3.51917601368411e-05,1.37906559414124e-06,4.53494598264808e-06,-1.21286997643422e-06,-6.26319392859737e-07,-6.62390646513413e-06,-4.81886626604612e-07,-7.78985970581386e-07,-6.4095582511082e-07,1.38659537252143e-05,8.97469699327019e-05,2.23550317427274e-07,3.75884669696384e-07,-2.06254156257359e-08,-3.45697714578105e-07,-1.8378053809087e-06,-2.10607249021491e-17,-2.86267992673948e-07,2.16719495235102e-05,-6.46368887161806e-07,-1.21821210068864e-05,-2.03136801590017e-06,2.43405965101311e-06,-4.26746491540442e-07,1.57109677782504e-05,-3.60571062327321e-08,2.45313386620651e-09,-0.000120342081286161,6.02948083306253e-06,-1.93060715817407e-07,2.66398197542347e-05,-1.29766081666928e-06,6.21038314112849e-07,-4.50569458908235e-08,3.80089134920908e-06,-4.7539167860325e-06,4.81548299571419e-05,2.12204810534861e-06,-5.31836438657215e-07,2.11831728046829e-05,-5.67332439443079e-06,0.00105589260326395,-0.083908574373879,-3.44132357614102e-06,1.048049473313e-06,-5.6730496309598e-07,-2.50140624596811e-05,8.87370118171866e-05,-3.0240911401751e-07,-1.14124807404032e-07,2.33017068219208e-07,-0.00100731756949332,1.01978465561105e-05,-2.48665198173878e-06,0.000722550021456867,-1.39888913077898e-05,1.61906889328081e-06,-2.01908379662502e-06,0.000399321737667014,-3.56692721286231e-07,4.68495811643129e-16,7.78895069399755e-07,2.62312064410886e-08,3.69608787656021e-10,2.80182299785994e-06,-2.76731308414231e-08,1.62264905384857e-08,3.69155447596582e-07,-2.92478762779022e-08,2.2751949375068e-07,-5.92117769848533e-07,-1.94078950390345e-08,1.23483137560907e-08,-1.49860819490882e-07,1.73549064739657e-07,-5.28185276461731e-06,3.22615212995044e-08,-2.15536512896634e-07,-1.03580748597182e-09,-1.64526374595135e-07,2.53166839896941e-08,-7.25244311264681e-07,2.95622343688899e-08,-7.79658051875816e-08,1.16135177872531e-07,-4.33514296389751e-07,3.3445019989701e-08,3.06782605067705e-08,2.43111322699443e-07,-2.3131390689222e-05,-3.36951760178108e-08,1.65518767211836e-05,-1.95282060615216e-07,4.91139599682662e-09,4.69540123055971e-08,-9.60563805332762e-08,-5.39559177674431e-17,3.64075360135945e-10,2.49281803956022e-06,-1.46754742939067e-07,1.09686125861973e-07,3.99272062872204e-05,2.79200766339775e-08,6.56599151489827e-08,-9.73449661821585e-07,3.70742200333452e-07,5.01177725248138e-16,-2.98459691030408e-07,-3.65882939475613e-09,-1.03506972915653e-08,5.50431681201724e-07,8.00375351018869e-08,-5.47892728343205e-09,-2.13801743706564e-07,5.78955644923446e-08,-0.000107891305707692,3.59994971098636e-07,-7.38535150071704e-08,-1.33663517691736e-07,-7.05933143255489e-09,-6.92792385140412e-09,-1.32050271491336e-07,8.75021582782227e-07,-1.40478338767667e-07,3.17074357664662e-15,-7.16991717044593e-07,-2.20929010966308e-05,-0.490335693160906,9.17719377547584e-08,-4.204555491847e-07,-9.4824848946082e-07,0.000963618102096987,5.64477029580629e-06,-4.6230216585203e-08,1.10945663663889e-15,-1.01681144360949e-07,-4.62844260739181e-07,-1.39021979197693e-07,1.15312078914806e-15,2.69279765108652e-07,2.72170297380225e-06,-4.15967602767138e-07,-2.22111545354876e-07,-7.4474817005738e-08,-3.99983022056976e-08,-1.43420110766271e-06,4.02915566065811e-08,4.28541866524494e-07,2.01064323906649e-07,8.90284111488308e-08,8.98249450856097e-07,2.15386966230246e-16,-3.61461738521726e-07,1.70083837292453e-07,1.10641578822578e-06,-1.1240350207248e-07,3.61143036729718e-17,-1.10978309704983e-07,1.4625779409588e-07,-5.11583800480177e-08,-4.56893630725464e-08,-1.16231779001171e-07,8.67247972533808e-07,-1.67851617572446e-06,2.44320773381931e-07,-6.86751782453947e-16,9.44004443466824e-07,-1.27668620872757e-06,0.000100013994478902,1.14517150061987e-06,-1.16681143638063e-07,-7.89600772781538e-10,-3.24393290007663e-16,-1.44884420777756e-16,-7.85905393014065e-10,-7.14875285975007e-07,9.45021873168613e-08,-1.39558464284589e-07,2.98611453897706e-16,-6.93861713822073e-08,-8.37671705700804e-10,-3.68436136902272e-16,-1.02058978437367e-16,-2.24821373193325e-16,1.91742644984516e-07,5.71586404343359e-07,-8.59171956437505e-07,5.2580638204875e-07,2.63258737187857e-07,5.64910314110347e-07,-2.73339325506779e-06,-4.74452623928826e-17,-6.60558204457027e-07,1.2124395627946e-06,5.45176881923329e-16,1.55149813113703e-15,-1.4815665891718e-06,-7.651273295717e-11,-6.42061934089621e-07,5.3909407249657e-07,8.02880597812824e-07,-4.45457867492835e-08,-2.00951717102858e-15,-1.56679301573609e-07,-4.99451980854581e-16,-6.19126496001753e-07,-3.16039512268662e-15,-1.2846882484496e-06,2.70946267521126e-15,1.23933056439472e-06,1.80280329689429e-06,4.27397323298611e-07,1.87187066907481e-05,0.231646497584386,1.64099789939317e-06,-0.0020063323872325,-1.16753277581292e-07,-5.64957118379471e-07,-4.38298420272284e-08,-5.22771261596119e-07,1.72247580560477e-06,2.1249896056457e-07,1.46143935468201e-08,3.22955769906455e-07,2.93839670908241e-16,-3.81338402859935e-06,5.29719825933582e-07,-1.77602869681885e-08,4.01075858928635e-17,-1.94280147238689e-09,-3.84576335593702e-08,-1.185848696339e-07,1.60833443299503e-16,2.93079688273876e-07,9.76409764522842e-09,-2.67685240544093e-16,1.03727380665223e-08,3.03296275541075e-08,3.93243828233586e-17,-1.17782862058971e-16,-5.21200142251947e-09,-2.67337357066743e-09,-1.88794622102439e-11,-3.18451345940194e-08,1.15701943367237e-08,3.83902743478387e-08,3.45007937026073e-09,5.45186143596172e-08,-1.07535265687474e-07,3.82885997213256e-16,4.54997269048801e-08,1.61447094867772e-10,4.57665017069605e-10,4.41626033211123e-08,6.68024662408004e-17,-1.43879588698723e-16,1.51095715191646e-08,-4.30460534052286e-16,-5.38474475114172e-16,1.16160477788305e-07,-1.41103347914319e-07,-4.71531446328431e-06,-1.70056259474303e-09,1.16566814719331e-05,-3.13806601674733e-08,4.08203779636446e-09,1.39866766328275e-16,1.19572232077878e-08,5.69244881163414e-10,2.62816986819301e-09,-3.02875513788228e-07,4.24466384984974e-05,-4.87174096343466e-16,2.65211648401031e-16,-1.24845837540448e-16,-1.01436117048651e-08,-9.92953629335185e-07,-2.90303775303603e-08,-3.2270540353424e-16,-4.3152662532938e-08,-8.64654267773323e-16,-2.09919456240744e-16,6.84770496950851e-07,-1.50471865832986e-08,1.17527515497429e-16,-3.75769018610266e-08,-2.1637960754665e-07,-9.39268514241904e-16,5.94764152110854e-08,-5.00523537156849e-17,1.61771628191106e-08,2.5988171193517e-16,1.61658521904192e-08,1.40107807024245e-07,5.61685194350486e-08,4.7882957308479e-09,3.30159493094548e-08,-1.16262446667355e-07,4.7223893649585e-08,-1.04938314929544e-16,2.21750229977906e-06,-4.50099021343996e-05,-7.34206999416471e-17,-1.63668179637993e-08,-4.84598456688587e-08,7.8635883220019e-08,-1.61568065120176e-16,3.69511484974122e-08,5.41420035869135e-07,-1.55532827727285e-16,-1.2292334744974e-07,-2.7244738216059e-08,-1.57879784484464e-08,1.72874476002458e-16,-1.78582402391232e-16,2.59666650858048e-08,8.00344764781815e-09,6.48381660782263e-10,-7.42454564904879e-08,4.89826819550587e-09,-3.00957503492145e-17,5.21195086084142e-16,1.79328921167818e-08,1.23654593959036e-10,-7.48494351090957e-17,4.35605519311471e-08,2.72873906957204e-16,4.44772227996708e-06,-8.41883102334898e-09,-4.92113470356996e-09,-3.26793460364582e-08,-4.14344234414776e-16,1.68061008205878e-16,6.13216821259024e-17,-1.44691290705167e-16,-2.93917395919679e-08,-6.41375714268979e-08,2.47048282942225e-17,-5.73246038953849e-16,-9.24479642983478e-17,3.2047959618936e-05,8.13320868578789e-10,-1.15082420407752e-07,4.12315894324832e-17,4.78648154098038e-16,-7.38965095711808e-16,-2.83466473499424e-07,1.70353120067028e-06,6.04727462890072e-16,1.06069933993838e-08,-4.42571212100898e-07,5.71663368495615e-16,2.42252750875083e-16,-2.78922522199105e-08,-2.85895920392729e-10,-1.38678547369614e-08,-5.27375730338997e-16,1.56877939945069e-08,2.29144228766908e-08,2.46908877919347e-08,-2.26441984345883e-08,-8.07976595787966e-08,6.90641542340197e-09,-2.21618211394257e-17,-7.03457029672403e-16,3.40328088801905e-16,1.96390515305113e-07,-0.000975031684913749,-6.13837101382905e-09,-5.12180751592375e-09,5.32750802994346e-15,-3.01261517410552e-16,8.40076763930922e-16,1.24600751271753e-16,2.34095893151486e-16,2.72622086028197e-07,5.34174373956756e-16,-1.00346482917198e-15,-4.02398026617964e-09,1.23663659960985e-15,-3.60287405044093e-09,-4.44383666755281e-16,-4.46826310705545e-09,5.5307500669935e-16,-5.44549588312708e-09,-6.82493596690909e-10,-4.31713680124097e-07,3.84905604009955e-16,2.2010501721754e-08,-4.46932212217979e-16,3.14062286369429e-08,-6.12131976886372e-07,3.07749832765836e-10,9.13823459022566e-17,4.50287713221604e-08,-2.94854424913106e-16,-1.11142024566681e-08,-6.27456686431622e-08,9.77271390680004e-16,6.92971369024509e-16,2.92653759232459e-16,-2.07270628180397e-15,-2.11355731350971e-10,-2.75473068932028e-09,-6.15753032794843e-10,6.14551310193647e-16,2.08684241219189e-15,-7.19504978692739e-08,3.6911170625065e-07,-6.0109349076888e-16,-9.17080565441263e-16,-2.83722278755809e-09,2.77748425524418e-14,-2.01318146146505e-08,1.90703833677869e-15,1.90754123868846e-07,4.77469957474978e-15,1.51468402302902e-16,-1.01802909057037e-17,-2.06182482351367e-15,2.80102849334211e-15,-2.87707262949382e-15,2.5518470326057e-08,-1.78481596666535e-07,1.09689712795572e-15,-1.7175737908177e-08,6.54006521446305e-08,-7.08485815100998e-15,1.8134722231505e-15,-2.3623494653374e-14,-5.9733073574145e-15,6.47546527915182e-09,1.03661741631048e-09,4.09715540194115e-15,-0.707106781183474,-1.17915080363966e-08,-4.2043513928829e-08,-7.00109917191638e-09,3.79947259562755e-14,2.72362136119647e-14,6.36048657125889e-15,1.05822666234968e-15,6.38271959277017e-15,1.85885321588742e-15,2.50415750088659e-08,-2.3701603615114e-08,-4.56062560830766e-09,-1.16180000422999e-15,-1.1866554206311e-15,4.02909379518652e-16,-1.91503906867553e-16,3.61342899559075e-15,9.64899874371483e-16,-5.11819115877787e-16,1.79882598534353e-16,-2.26759574454138e-16,2.59871368431974e-15,3.75481366155061e-16,-1.92234651580072e-16,1.24617811768076e-15,-9.38267392474023e-16,1.74889651087945e-08,1.11690690882515e-15,4.94053691409743e-16,-2.17426840141495e-15,6.96436488388481e-06,-4.31218886449602e-10,-1.5300281142226e-15,-6.39182190528414e-09,1.21187383180565e-05,1.14227620603675e-15,-3.40961612701429e-16,-6.3391718052947e-08,1.27905675752258e-16,1.57606142370281e-07,1.15341859323429e-16,3.40417017911806e-16,7.64811309290761e-16,5.8236865712851e-16,7.97349298140848e-10,-1.09520749610637e-07,-3.83680861592614e-16,-2.88066382438692e-16,1.58032007118472e-16,-2.72003730361499e-16,1.52281616136452e-15,7.05635421370117e-16,4.33090344475407e-16,2.49878562702673e-16,9.21711236946077e-09,-2.24896037678506e-16,-1.2041083744745e-15,4.80240802717279e-16,4.09246698362021e-17,-3.47225538222902e-16,-3.17507351722535e-16,-2.6395853499416e-08,-1.95031903564506e-16,2.0986471949464e-16,1.96891113922718e-08,-2.06357840847762e-16,1.00056971158245e-16,-4.95331316052738e-18,2.32195847478316e-16,1.81183722531139e-07,-4.37393787512924e-16,-1.21954441761989e-08,-2.83716471737629e-17,-2.18468715716774e-16,-2.22308350339951e-18,-5.30250671794191e-16,5.38236864716821e-18,5.10425262808281e-16,4.41510832811037e-10,-1.20090407858469e-15,-4.21401286640501e-16,1.72197663792005e-08,-5.51998516899857e-08,-1.31639663952779e-16,3.87163459556803e-08,5.67268668852348e-09,2.80776825347033e-16,-2.22110580887721e-17,-4.11162897996135e-18,4.32958926603604e-17,4.38052371811392e-18,-9.58214429342803e-09,1.42374196560857e-17,-3.74488478793115e-16,9.75353937845274e-17,3.84171417194255e-09,2.37049377976386e-16,4.5552335305326e-16,-1.44936277699723e-16,1.21494623071458e-16,-1.75361401538187e-09,1.9248027224388e-16,5.79143174640676e-09,1.75183294053875e-16,-4.04913490489962e-16,-4.12894186872827e-16,4.15887230004042e-16,9.81081297607122e-17,3.29348660909948e-16,7.49015507781091e-18,-6.33981351498445e-08,-1.85155110365957e-16,-4.98537565746187e-18,7.47092616029298e-07,8.94124992794668e-17,2.96559341789282e-16,2.68718367258151e-17,-5.19870508318361e-16,-5.2236797349516e-16,-1.64218491307693e-16,-2.80874534865599e-08,2.10184909695608e-16,9.05683436929648e-18,1.94942434258348e-05,7.61374900554755e-16,-6.01378367579283e-16,-2.70441349788362e-16,2.24790211547839e-16,-2.85938072930963e-16,-3.26912151855751e-17,1.68274013771427e-16,-2.17190940935187e-16,4.03839574740604e-16,-5.21436153907522e-16,2.91565173614525e-16,-1.61481550321862e-06,1.00872146698824e-07,-5.86627616849118e-17,-2.93382139819928e-17,7.76547385969493e-17,1.59420621013288e-17,-1.38777878078145e-17,4.47072851916834e-16,1.99576933083628e-16,-2.34604005623036e-16,-1.26994225578145e-09,-1.04436138718908e-16,-8.749465310033e-17,-2.33240618033283e-17,2.58400674302657e-17,1.62938688532005e-09,-8.71904204121625e-17,-1.78624565970894e-09,1.02059790531682e-16,-4.599078499827e-16,-1.91654914615709e-17,8.58396405341112e-17,-1.81238860094867e-16,2.6415677184249e-16,-6.88896399960998e-17,2.47910659336734e-16,1.33979139517328e-16,-6.76312509465441e-17,-5.01010733954741e-17,-9.52727944672044e-17,-8.6988255797339e-17,-1.09565655500407e-16,9.6970245920361e-17,-3.6808690395224e-17,3.30833875093129e-17,1.05919105396668e-16,-8.63785168782668e-17,1.24214475756801e-18,2.80374681804751e-16,-1.91950785002451e-16,-7.20842015719478e-17,-5.32478659583689e-17,3.28702560486457e-16,1.24246169604761e-10,-6.89872234180049e-17,1.54902420080555e-16,-3.37410087647898e-18,-1.73426291232874e-16,1.15670964714416e-16,3.09312403875511e-17,1.04845431093403e-16,-4.55130386962095e-17,5.73599627728371e-17,-1.11371286073444e-16,-1.07769695945059e-16,-5.20376506830903e-17,1.55323105227211e-17,-1.20780882825076e-16,1.83959473787969e-16,-1.31927416117801e-16,3.09618176865086e-17,-1.60814480156051e-09,6.33447439254297e-17,-3.56184311798397e-17,-4.20988676232389e-17,3.47112308397917e-17,8.03375832993068e-17,-8.17830782522285e-18,6.00732012876891e-18,5.55577227760398e-17,3.12128238408535e-17,3.4269101352941e-10,2.67416682077061e-16,4.90284001539729e-17,2.00632301218387e-17,6.82635012498746e-17,1.53702593251415e-17,1.38542912774892e-17,-9.82771546740282e-17,-9.09168619846367e-17,1.31027295927022e-16,-3.31921379103265e-17,1.40599915073272e-16,2.55678755000868e-17,7.3403755005133e-19,1.7387495690329e-09,2.32777298401332e-17,-1.18311411665865e-18,-1.46263655267006e-16,-2.47957036847435e-16,-5.24720542077717e-09,4.97450636674611e-17,-4.25533524300883e-17,6.38919970409668e-18,3.29971351424629e-17,-5.27315072214606e-18,2.20278105720332e-17,2.85426143022603e-16,6.46231585111925e-18,1.6683896109675e-17,4.86043077250636e-18,1.05656728954797e-17,-1.02812853993876e-16,-6.94041086018104e-18,-3.01503467112295e-17,4.52832880687345e-17,2.72451232258903e-17,-2.34400418752202e-16
"t87",-0.0363293093236522,-0.00948590148525209,0.00119385079587247,-0.102832686991029,0.0200401157099788,-0.00411538688141068,0.0219871703972356,0.000350553789390848,0.000118722447372499,-0.00037497103768238,-0.000101938861462507,-0.0981834978074012,-0.0657566615984806,0.00651642645932629,0.00125119659218311,-0.001683175615573,-0.000189764956492583,0.00183136442447286,-8.6794930098873e-05,8.6731578037973e-05,-0.00199457928798072,0.000755372478576927,-0.00294893239594683,0.0747704881201691,0.0242619796385309,-0.000201605730431534,0.000193615327299635,-0.000153027488160946,0.00157735918793461,0.000588634373948993,-1.75271629958758e-06,2.62664652214802e-06,-0.000282629985702483,8.80785804727238e-06,-4.87829140158558e-07,2.82870857758714e-06,0.000302475975206793,-1.4213734496282e-06,-1.33592872356478e-05,-5.02792004307476e-06,-0.00052649288016305,0.000184336398879685,-0.280788407111658,-0.00213692384817919,0.00527593929904554,-4.36777501417956e-05,8.59601463085782e-05,-0.000679750177085763,6.8281370033558e-05,-0.000142990323537856,0.0265171611123609,3.17255811274774e-05,-3.07537785554822e-08,-3.42454715865142e-05,3.90311915323399e-06,-4.20374000093852e-05,1.71398723834399e-06,-0.000113213190232248,3.83424979936705e-05,-3.98928509938504e-05,-3.43464491597786e-05,5.3410848514945e-06,-0.00017688333587637,9.47116529651796e-05,-7.66976061971236e-06,0.0114206883205073,-6.17468122630139e-07,2.25927172590768e-05,-6.20457597092809e-05,2.43391849548854e-05,-2.81445088063288e-05,4.28535607791831e-05,-1.93043943076713e-06,-0.000141938657286812,5.90140678642789e-05,5.62991855210731e-08,-0.000314095959626099,5.75631810092387e-06,-2.04425445850196e-05,-2.3814959182298e-05,6.90692491781084e-06,0.000103258057324588,-1.2714673396568e-05,-7.99341239428741e-05,5.02147107238889e-06,0.00108600100775933,-6.72907475415229e-05,-1.20947707724581e-06,-3.96310833686167e-07,0.000103608879534222,-2.56460582123329e-06,6.70332707950957e-07,6.0557394541344e-06,-0.000641071819569683,-2.4563698323798e-07,-8.06303594242051e-05,-1.82413828682841e-05,4.58751621923531e-05,-6.98671654872451e-05,-1.88928150212167e-05,-4.11572169974369e-06,3.30294762117961e-06,-5.62486865193622e-06,1.99817462701673e-06,-8.69896948592533e-07,1.59997683434875e-05,-4.72781363481341e-05,0.000401408532440624,-7.03249333927978e-06,1.70341978307536e-06,7.52198984195002e-06,1.79530641783569e-05,-3.02726274203926e-05,2.69861799108943e-05,-1.37280035272771e-07,5.26395628934549e-06,-7.76308151740217e-06,8.22179510109953e-06,-8.33421472625944e-06,2.0537898094832e-05,-7.68878268939976e-05,1.86828439666175e-05,-1.78229256886258e-05,-4.89810084419935e-05,1.59624201932456e-05,-0.000153577880878553,1.56050226931019e-05,-4.97034317084015e-06,9.59594846629191e-06,0.000316378525619995,-1.00019681396268e-05,2.9711174150701e-05,-5.83569028933851e-05,-7.13634950290257e-06,2.58487196059826e-06,1.19547878664802e-05,-7.04499643534716e-08,-4.7782185699214e-05,1.52745423931312e-05,-4.39792817349309e-05,-2.82816088552071e-06,-0.000109867957499277,2.15933247304203e-05,1.38126342187912e-06,4.35780586997621e-06,-2.78880700387156e-07,-1.34090770160542e-05,2.1293448678904e-06,1.40838802774833e-07,-3.57595892986793e-07,-5.57043934058046e-05,-1.68069852386498e-06,-3.63044050973559e-05,1.37178979614121e-05,-4.46402414552593e-06,-3.97244511929317e-07,6.05493047052486e-06,-0.0011009691203603,-4.47154642750926e-06,-1.58454135051929e-06,-0.00198602417580022,2.68726622607759e-05,-0.000137289449364239,-0.184342375766667,-0.000402919414193457,0.165781643671134,-1.01418950903146e-05,-1.7749988107139e-07,-8.88252811616912e-06,-1.38091004015615e-05,0.00292663041696783,-5.90746180969332e-05,-1.35161106800616e-06,-5.02944357971302e-07,-0.000259108953492753,-1.83137923737858e-07,-4.01698503025389e-05,4.21314377799465e-06,2.06082853360779e-06,6.11664795773258e-05,-3.60083615686491e-05,0.000184760319706162,2.37386443202019e-06,1.0323878187711e-07,2.15241100585588e-07,5.13031212319617e-07,6.17164881034335e-06,-1.09483804543217e-06,-4.87646831215443e-06,3.90317920446322e-05,8.86001873825364e-08,-1.2909553388453e-07,-4.70418922367272e-07,-8.46585308820317e-09,-6.28950265922158e-08,6.1128598839837e-08,1.02532813742007e-07,4.16079430574379e-07,-4.29869677803494e-08,-1.438329752607e-09,-7.27610832118249e-10,8.90629094660966e-07,-2.95407788896219e-10,-1.20836354180209e-06,-1.66812415100664e-07,-6.06741654014175e-06,1.25371112368738e-07,5.05190269508866e-06,-1.24283033414933e-06,-1.15291917103403e-07,-1.53453151279326e-05,0.000749743711457424,-3.42107138882661e-05,-4.14897731981426e-07,-2.63943471961814e-07,-3.46836512380072e-07,5.97418366747878e-07,5.30035855777874e-08,-1.06859905078166e-07,-5.6069587389208e-07,-3.10859436205229e-06,2.68064222796449e-05,1.04877920749225e-06,3.44272660373446e-06,-9.15755773013135e-07,-4.72367295707314e-07,-4.99436091735299e-06,-3.61143053928639e-07,-5.81630865143871e-07,-4.76573805427592e-07,1.02901525176743e-05,6.64703837516223e-05,1.65261143216074e-07,2.77727683893912e-07,-1.51641954075002e-08,-2.53373500583052e-07,-1.34241629854679e-06,-4.22988193853385e-17,-2.08075010300927e-07,1.57367159422262e-05,-4.66110278926322e-07,-8.73733578149777e-06,-1.45038594669821e-06,1.73743200680595e-06,-3.02027391578599e-07,1.11032455633453e-05,-2.54652076889606e-08,1.72695750671947e-09,-8.45333487599196e-05,4.21835474441693e-06,-1.34827019543839e-07,1.85905175432203e-05,-9.01872155237121e-07,4.24103976984311e-07,-3.05728834943167e-08,2.56514633969445e-06,-3.17007586431361e-06,3.20834918109185e-05,1.40172336382844e-06,-3.4959050295371e-07,1.38260589130003e-05,-3.69444267703922e-06,0.000685933021256201,-0.0543254399804939,-2.21682753707016e-06,6.74740319617755e-07,-3.60483248675479e-07,-1.58898718164349e-05,5.63497841495245e-05,-1.91340686203682e-07,-7.21112276732026e-08,1.46596057034007e-07,-0.000633209923164671,6.23855666515428e-06,-1.51651118536241e-06,0.000439567558841133,-8.4616593124157e-06,9.74824115426565e-07,-1.20281274226114e-06,0.000237139360199544,-2.11295348267166e-07,1.92234030075469e-16,4.57403121028607e-07,1.53863637936908e-08,2.15980492577261e-10,1.62242744595812e-06,-1.58975469510405e-08,9.28617870055581e-09,2.10860793086448e-07,-1.6290275813361e-08,1.26510390750198e-07,-3.29093292044591e-07,-1.07038746480624e-08,6.65826903437221e-09,-8.04815919214182e-08,9.29413293760183e-08,-2.80215149137246e-06,1.64840762941178e-08,-1.08310500349356e-07,-5.19995365884e-10,-8.25711369910547e-08,1.21611790601843e-08,-3.29512766851538e-07,1.33305812346631e-08,-3.47645901364448e-08,5.10665249556121e-08,-1.89794456458641e-07,1.40992699207529e-08,1.28947684418286e-08,1.01629241142784e-07,-9.63344803136695e-06,-1.3858072757184e-08,6.71146210142282e-06,-7.81249943980564e-08,1.95316423213993e-09,1.84818192150946e-08,-3.69674549656707e-08,5.84095717480751e-17,1.19588316748309e-10,8.04070679299552e-07,-4.60217041775915e-08,3.43678472761144e-08,1.24990902773204e-05,8.67840385140283e-09,2.01332491520863e-08,-2.93590289505958e-07,1.07982965359435e-07,-9.22868237337564e-17,-7.96662424136394e-08,-9.65339296692826e-10,-2.66197810218281e-09,1.41119665446159e-07,1.91773020509579e-08,-1.26108269899898e-09,-4.63127841317022e-08,1.19923433758421e-08,-2.00896553950749e-05,5.99027303398969e-08,-1.13341432708764e-08,-1.95258173111691e-08,-9.98576677932818e-10,-9.22499789366782e-10,-1.74618400386638e-08,1.10506820552266e-07,-1.70877877157178e-08,4.32907210614624e-16,-6.16508784045008e-08,-1.73152689475042e-06,-0.0383931103069772,5.16234225043037e-09,-2.222737781189e-08,-9.71599877518553e-09,-2.23616909207397e-06,-2.72352115339849e-08,6.64717394786004e-10,-6.63007156781699e-16,2.58468424215836e-09,1.36860907289454e-08,6.29308075812736e-09,-1.55999758195829e-17,-1.68561556393577e-08,-1.81638760945712e-07,2.86564955886947e-08,1.62938649776151e-08,6.0252417682512e-09,3.46439528081347e-09,1.30667571369607e-07,-4.21303430896406e-09,-4.54997934693571e-08,-2.32366339173032e-08,-1.17825736497257e-08,-1.19657120182178e-07,2.0623486365626e-16,6.03896478045652e-08,-2.94398009081428e-08,-2.06339660971211e-07,2.32912185555516e-08,1.01788758334625e-16,2.81314961595705e-08,-4.50871163234362e-08,1.70837795356754e-08,1.58143980238285e-08,4.19523962274749e-08,-3.37350701627252e-07,7.32122606885929e-07,-1.37414764068446e-07,1.51623056575308e-15,-6.48332118945365e-07,8.91463040182791e-07,-7.22671638547687e-05,-8.67013818585897e-07,8.86536925535848e-08,6.07795396478997e-10,8.29197821516914e-16,4.09600987412921e-16,6.5124610410269e-10,6.30669928250291e-07,-8.40157841478927e-08,1.31081653614853e-07,-4.27460294192312e-16,7.32907946887888e-08,9.31164910779358e-10,1.37516760011571e-16,3.57196523220774e-16,2.75752126008937e-16,-2.49292179737201e-07,-7.57924502823856e-07,1.21899152831276e-06,-7.89779775855503e-07,-3.98067494196277e-07,-9.07511676069793e-07,4.42185184454632e-06,-4.62035985480028e-16,1.20778927650112e-06,-2.31480666423717e-06,-1.13958759825809e-15,-5.71535281553845e-15,3.35574080525454e-06,1.80689343088187e-10,1.6042425480362e-06,-1.39935093876575e-06,-2.24412459997386e-06,1.26021863530876e-07,2.83471191403182e-15,4.50656320285627e-07,5.06598000737397e-16,1.86855632058501e-06,1.38997971119159e-14,4.01880160024062e-06,-1.07682518759886e-14,-4.0601068205629e-06,-5.96194909349971e-06,-1.6057262998588e-06,-7.2321247669327e-05,-0.905589560055272,-6.75712680437813e-06,0.0086505103212061,5.62322094799707e-07,2.72376466115093e-06,2.18895822795718e-07,2.78967580168885e-06,-1.00825628472564e-05,-1.34975918001277e-06,-9.92797756286998e-08,-2.27003440570538e-06,-9.67440865553234e-16,2.99365651547802e-05,-4.66343305531336e-06,2.30215872461036e-07,1.41172881457544e-15,2.88869367086678e-08,7.27767111439687e-07,2.53000700469871e-06,-6.29828064712878e-17,-6.68548941203954e-06,-3.04513833780767e-07,8.62625455711709e-16,-3.92670519264684e-07,5.34951100531557e-06,-2.27523370357731e-16,1.78196853223136e-15,-2.99261013505914e-07,-1.44896770800809e-07,-8.12070143145426e-10,-1.10586029115805e-06,2.82210580148818e-07,9.1337370121009e-07,7.93363360958632e-08,9.25326153379829e-07,-1.51518363472185e-06,1.23349681163676e-15,6.03367194116135e-07,2.11967794188243e-09,5.80750468124759e-09,5.3888459291424e-07,-2.80428238349992e-17,6.45551293746458e-17,1.75263605453033e-07,4.13450696213325e-16,9.19121187101794e-16,1.03975613023849e-06,-1.21724785982483e-06,-4.06466073752942e-05,-1.36053678802173e-08,9.23751425239926e-05,-2.48178587808011e-07,3.18690406437079e-08,-9.13502934684117e-17,8.2435609097386e-08,3.83193853423783e-09,1.75561255393896e-08,-1.94952537389048e-06,0.000256577253374177,1.10623195267617e-16,-2.86659051707193e-16,1.65403014744685e-15,-5.6537990222059e-08,-5.35936679730348e-06,-1.56315858892942e-07,7.68478206194413e-16,-2.25613287793784e-07,2.0966708506848e-15,3.32801591576723e-16,3.19067114438598e-06,-7.00198167146002e-08,-3.79470760369927e-17,-1.70512961590578e-07,-9.68039017197864e-07,3.59249853880392e-15,2.58735958235648e-07,3.42093730815615e-16,6.8153095762223e-08,3.19477939141483e-16,6.79151618025325e-08,5.87344553494287e-07,2.34892112260197e-07,1.99569314788524e-08,1.36576554182144e-07,-4.67953347245041e-07,1.83321202238507e-07,9.31772847206961e-17,8.25374268126477e-06,-0.000166810652705932,-2.61235315065748e-17,-6.03130017208521e-08,-1.76764449538417e-07,2.84253505772203e-07,3.0476312921446e-16,1.29653314081787e-07,1.8889079866918e-06,2.69338136648123e-16,-4.25652334502248e-07,-9.39969889610239e-08,-5.37462750412341e-08,9.83639556746438e-18,4.02152363612434e-16,8.57520995082916e-08,2.61038163991931e-08,2.10943202534664e-09,-2.29591783539802e-07,1.50293241014359e-08,-2.56244615017945e-16,-2.07313189927059e-16,5.47316799826077e-08,3.77142777242803e-10,4.14063078965678e-16,1.31691259586991e-07,8.18768277685386e-17,1.33339827643321e-05,-2.49561655050616e-08,-1.4576312362443e-08,-9.64962909384085e-08,-1.7291869400525e-15,-1.23210917615367e-16,-3.0924058683089e-16,-3.86820535058596e-16,-8.44747838299525e-08,-1.83941382332759e-07,3.45690169296359e-16,-2.11488054910553e-16,1.66160078800973e-16,9.12054182072254e-05,2.30700944384936e-09,-3.23556817924992e-07,5.87442675784385e-17,1.04569944283511e-15,6.12032126368067e-16,-7.74251363375938e-07,4.64848286805219e-06,-4.92033705860947e-16,2.86326893951132e-08,-1.1895700256507e-06,3.11146379840055e-17,1.33340181700827e-16,-7.4227077424395e-08,-7.60228016153286e-10,-3.66645990557502e-08,5.02432281515767e-16,4.10856395165185e-08,5.97044797266836e-08,6.38802220917609e-08,-5.80323227468586e-08,-2.06548148022492e-07,1.75731151688467e-08,1.22176036960826e-16,7.33433375810818e-16,-1.68333223926943e-16,4.87028413555232e-07,-0.00241705334812001,-1.51685491867173e-08,-1.2459628834706e-08,1.46931340788725e-15,1.18085852152032e-16,1.19444344477014e-16,-2.89559593890456e-16,-4.51674835240507e-16,6.52771655569214e-07,-1.46036165404674e-16,-2.85750334543385e-16,-9.57692835628724e-09,-1.31734904729728e-16,-8.57196029798227e-09,-5.53802350155802e-17,-1.06251605789605e-08,-1.78578521911439e-16,-1.2816274367608e-08,-1.60241000763176e-09,-1.0098978212941e-06,-1.47709265715983e-16,5.12587685484434e-08,-1.64943231118145e-17,7.24373847827103e-08,-1.39466089155494e-06,7.00797687501226e-10,-2.24708719575265e-16,1.02041435158734e-07,-1.46815299629547e-16,-2.499629735478e-08,-1.41065650261191e-07,1.52140380510399e-16,1.54755198279734e-16,4.07707392420786e-17,6.59609628158147e-17,-4.72262693301224e-10,-6.14539942902131e-09,-1.37110219178855e-09,2.04540338217449e-17,1.23089803066129e-16,-1.5881034083777e-07,8.1439485713963e-07,2.96436871682257e-16,6.10697609060383e-17,-6.19341222021364e-09,7.06173644594832e-14,-4.38474358936227e-08,2.28764439279246e-18,4.12802704249698e-07,-7.66959701861767e-17,-1.45334760815804e-17,-7.07318390475875e-17,-3.73996017234037e-17,4.88035166330873e-17,1.76791639774157e-16,5.45244218963241e-08,-3.81292942706482e-07,6.57853397621946e-17,-3.6533645551924e-08,1.38859812246008e-07,-1.57694867506965e-16,4.7140162283735e-17,-2.86315533693901e-17,3.21828160099449e-17,1.36437186809677e-08,2.18026616493075e-09,7.32532416223961e-17,-2.83629311164841e-12,-2.47372474911235e-08,-8.82329129029664e-08,-1.46800236514278e-08,-2.25644497005902e-16,1.31951135571583e-17,5.58916334965905e-18,-5.43908037792787e-17,1.28328645647368e-16,1.50022736275815e-16,5.17947045276034e-08,-4.89617526255136e-08,-9.40946327301252e-09,5.99075988129155e-16,1.19599913863156e-17,1.70438234733208e-16,-5.03841759720793e-17,-2.30405534038554e-16,2.86749510675861e-16,1.57299016246734e-16,1.36483301387448e-17,-8.91269493897134e-17,2.34187569393718e-17,-2.19618438484089e-16,2.32768399960241e-16,-1.9036925048653e-16,5.66344848605579e-17,3.53572938227864e-08,1.34633738748167e-16,4.49767946670081e-17,-3.37413543452514e-17,1.40430181227267e-05,-8.68991709122252e-10,3.01722546230367e-17,-1.28759998174796e-08,2.43350590449556e-05,-8.6316871813042e-17,2.94441508239167e-16,-1.26795438053935e-07,7.06183968410177e-17,3.13748906538256e-07,-1.46270051320068e-17,-3.45275560355394e-17,7.52299336240918e-18,-7.58161792942204e-17,1.57565606271882e-09,-2.16319207917929e-07,-7.76807444101644e-17,-2.33920529275078e-16,9.07895351218645e-17,-1.9725139595795e-16,4.96564594998361e-17,4.71351775134429e-17,2.20058782323825e-16,-2.73489202709297e-17,1.7761961459253e-08,-5.84323439878661e-17,3.31461903987146e-17,-2.02687075433165e-17,2.35812759785627e-16,3.47304049682014e-17,8.72402845382028e-17,-5.06076584770525e-08,-1.50991745064539e-17,-1.0218900444351e-16,3.77139439865743e-08,9.5851002906058e-17,1.17711108401927e-16,-8.71375460317725e-18,2.88142486768802e-16,3.43335325914492e-07,-2.08335290477321e-17,-2.30660563099173e-08,2.71866910868453e-16,-4.01080787924589e-17,-1.71702958561498e-17,-1.81562571035143e-16,-1.32283787534806e-17,2.01992640584969e-17,8.31858442681391e-10,2.52053519964761e-16,1.2339383006155e-16,3.23494995350755e-08,-1.03684657690915e-07,-2.80327682187755e-17,7.25416199712167e-08,1.06204578799787e-08,-8.92496543793145e-17,-7.42667198017105e-17,-7.72360188472556e-17,-2.49541575680561e-17,-7.93108062944773e-17,-1.77375049495795e-08,5.93297341503326e-17,-4.55305091366479e-18,-1.08790413904927e-16,7.09105515961947e-09,-2.06970737552558e-17,-1.15495322158503e-16,3.70806394304078e-17,-2.18488661786899e-17,-3.22470119044671e-09,5.32900746461868e-17,1.06375433198983e-08,-5.30256866803611e-17,-9.43069831820219e-17,-7.58937097891379e-17,-1.31611562640024e-16,1.56839335383628e-17,-2.05265742309026e-16,-1.50407562205664e-17,-1.15747399183163e-07,-1.00342788885054e-16,9.49258518200714e-17,1.36196458531899e-06,-2.92913174048236e-17,-1.26466353643558e-16,5.06392521616211e-18,2.44665885020824e-17,3.26684640019566e-17,-1.70476988750112e-16,-5.09682437355706e-08,-3.82423892327262e-17,7.16183916190482e-17,3.5302400672824e-05,1.53919336055167e-16,-3.40500064654283e-17,5.6781025733207e-17,-2.24894155383323e-16,-2.08231154994705e-17,2.62784640293507e-16,3.84761499229506e-17,-3.81717606835329e-17,-1.02088008142294e-16,1.19790695732228e-16,3.77696803537897e-17,-2.90255657063291e-06,1.81152518315617e-07,1.56836503223982e-16,7.18558251092684e-17,-1.50983830441124e-16,4.03033397422753e-17,3.85108611666851e-16,-4.65851183259345e-17,-1.47029113789176e-17,9.2097662862265e-17,-2.27020257866208e-09,-1.69140216847727e-16,-1.15260774236376e-17,-7.17980327526284e-17,9.6062593035691e-18,2.90156362499811e-09,-2.72371563652598e-16,-3.16726766747923e-09,-3.51499767319075e-17,2.24729930419763e-16,6.76068460756672e-17,-7.15780316258143e-18,6.71347741605806e-17,-6.83496139140871e-17,1.43727464395385e-16,1.2638982909764e-16,4.05033734936061e-17,-4.31351825159109e-17,2.4605381654246e-16,1.32842745699062e-17,5.24728113994508e-17,4.65511820549302e-17,3.12054510017485e-17,1.29567552952009e-16,-1.83486551405836e-17,-1.99670682291647e-18,4.27791380139131e-18,-8.63283659395168e-17,-6.95515693649451e-17,5.73155640935968e-17,1.15201478516908e-16,7.44853594715232e-17,7.81557719469587e-16,2.16948984274165e-10,9.78143355675662e-17,-1.1527602629554e-16,1.53396331320228e-17,1.15017583235413e-16,-9.77123680652935e-17,4.51714132613313e-17,5.22458144738378e-17,1.17567261478907e-16,1.9634730752023e-17,-2.27407811935745e-17,4.34006129645947e-16,-5.37765828964406e-17,1.33066154363034e-16,1.09504741820541e-16,-3.4947947708904e-18,3.96359467645776e-17,-9.37722499180296e-17,-2.78014456082503e-09,3.75126078448646e-17,2.8174815311516e-16,1.20153998469163e-16,-3.95225474953896e-17,-9.41057894923906e-17,-1.18724304943236e-16,2.37885113775979e-17,1.92327800346248e-16,-6.15238580727868e-18,5.86567150944722e-10,1.14877238240005e-16,-6.18833201259937e-18,5.92460262586587e-17,-3.72915672545538e-18,3.18205082572769e-17,1.04470709782941e-16,-8.41166056025818e-17,-2.02172636884704e-16,-6.12027831104688e-17,-1.96759011855945e-17,-5.61546505589824e-17,-2.01085731559138e-17,-1.36750216993824e-16,2.94743371978196e-09,-1.55100308843241e-16,-7.13467006244685e-17,6.13717371079389e-17,-2.80374681804751e-16,-8.85564882619184e-09,-2.58929234972095e-17,6.37557796557904e-17,8.85230588532866e-17,-1.14962556980344e-16,9.92541769133083e-17,-1.36082006012326e-16,2.18247489423696e-16,2.71054978683435e-18,1.62738896696222e-17,-2.59012552390162e-18,3.77851588682927e-17,-3.40388634738026e-18,-7.81134116916818e-18,-5.25626349408354e-17,-1.54374587218524e-16,1.06423864191979e-16,-1.66137040256473e-16
"t325",-0.0362956642468973,-0.00946730110418466,0.00119143343122739,-0.102552750323976,0.0199731372265615,-0.00409920797287225,0.0218990042068081,0.000349034150296237,0.000118112497799228,-0.00037262383525122,-0.000101123322430667,-0.0972078498409678,-0.0650832867651807,0.00644864038957646,0.00123758740619477,-0.00166373389255244,-0.000187518055596822,0.00180926703779752,-8.57221259978589e-05,8.55615993444287e-05,-0.00196533872279976,0.000741831768911096,-0.0028928672309727,0.0733401702653264,0.0237958852710993,-0.000197532147663851,0.000189652895879624,-0.000149865122551392,0.00154380885655875,0.000573603805303513,-1.7046459604758e-06,2.55093163076991e-06,-0.000273817644361746,8.51841456737779e-06,-4.70860576684646e-07,2.72121297655851e-06,0.000290812324025062,-1.36555201512237e-06,-1.28304784800314e-05,-4.82544263024519e-06,-0.000504576812986635,0.000176444389568183,-0.268555690478784,-0.00204369358768987,0.00504100914342072,-4.15843294739896e-05,8.17486409531373e-05,-0.000646103296804636,6.48039102901674e-05,-0.000135483383430499,0.0250684175446523,2.99602061574895e-05,-2.90379018521469e-08,-3.22910868447443e-05,3.67043211492693e-06,-3.95148940442752e-05,1.5986705958598e-06,-0.000105361942785505,3.56739267908552e-05,-3.69072543361032e-05,-3.16346356040487e-05,4.90823652861442e-06,-0.000162245004908847,8.68323620314754e-05,-7.00659133401924e-06,0.0103988526874884,-5.57986300597429e-07,2.03443161612517e-05,-5.57781268793981e-05,2.18139181056216e-05,-2.47955453543009e-05,3.72160822465523e-05,-1.6726002962733e-06,-0.000122380826528938,5.08508064481211e-05,4.84066050350822e-08,-0.000269828391886743,4.92369079867622e-06,-1.73085968620987e-05,-2.00780690288875e-05,5.77952416440081e-06,8.62595127886936e-05,-1.04883128901311e-05,-6.56767869700597e-05,4.05277843205256e-06,0.000872007484031436,-5.37446949424654e-05,-9.65158301352699e-07,-3.16182300940462e-07,8.26130449911927e-05,-2.04066173613784e-06,5.22531738391362e-07,4.71119194093847e-06,-0.000491928159857967,-1.83735923758669e-07,-6.00660803270371e-05,-1.35864236994469e-05,3.38068250549493e-05,-5.12787097033756e-05,-1.36477892419618e-05,-2.93286435793997e-06,2.35075520910248e-06,-3.99767096107935e-06,1.32268428692633e-06,-5.72363819469544e-07,1.04771768423628e-05,-3.06921759020171e-05,0.000259947584993808,-4.53416243545102e-06,1.09085716857449e-06,4.8062680636364e-06,1.13165848256507e-05,-1.90505469796877e-05,1.63406087104734e-05,-8.24006496663352e-08,3.09732149801933e-06,-4.52563055385708e-06,4.66695406855424e-06,-4.6028885777376e-06,1.10966921527148e-05,-4.10070033950919e-05,9.49720781871434e-06,-8.75734771942281e-06,-2.4034453580997e-05,7.79263901436555e-06,-7.21636195093159e-05,7.30824302084317e-06,-2.2461050638276e-06,3.85252494049907e-06,0.000126829955636685,-3.96610875750115e-06,1.06702201187481e-05,-2.05105151303771e-05,-2.46806232814132e-06,8.32740296704985e-07,3.81104807235114e-06,-1.86457793498754e-08,-1.03670096733911e-05,2.21508699449437e-06,-6.28284190155963e-06,-3.66572584746717e-07,-1.34870146899735e-05,2.40912582937194e-06,1.48129513997497e-07,4.67086693868322e-07,-2.10057660020701e-08,-9.36727557717833e-08,-1.49033784143229e-07,-1.27458144802057e-08,4.92614156755472e-08,7.89018096083527e-06,2.69827545712518e-07,6.24002425944208e-06,-2.53748030407792e-06,1.41007052957633e-06,1.3457955687275e-07,-2.15177064163726e-06,0.00092064442132732,4.44521746160849e-06,1.61666677919933e-06,0.00233430251309391,-3.25044266712523e-05,0.000198440995404471,0.272259723035734,0.000707798022227256,-0.345130567288843,3.58692658859508e-05,6.40743911895355e-07,3.2234140770732e-05,5.43405198274689e-05,-0.012710854903736,0.000260343491846405,7.3653509887676e-06,2.945351357006e-06,0.00179310326532549,1.32414790125085e-06,0.000297184134903381,-5.17464516365039e-05,-6.21002809632936e-05,-0.00239652029370213,0.00195923391152196,0.0990431357996584,0.000254320084870454,6.26523351887976e-06,9.33058968062291e-06,1.16097125879828e-05,0.000125434783075734,-1.22805839102879e-05,-5.39555463658262e-05,0.000380875456678923,6.65692300719464e-07,-8.28280995741141e-07,-2.88206468113873e-06,-4.87239752653227e-08,-3.46940466436083e-07,3.02311750619948e-07,4.96614473677548e-07,1.93362930759152e-06,-1.95932204870294e-07,-5.77820466067035e-09,-2.90818496717458e-09,3.4097683749888e-06,-1.0888299933402e-09,-4.12375687168938e-06,-5.69097600944632e-07,-2.05706051134572e-05,4.17318977530777e-07,1.66137133276291e-05,-3.96699645472728e-06,-3.56102824267747e-07,-4.62909239238309e-05,0.00224627465781654,-9.96186025029287e-05,-1.19099266189333e-06,-7.57392531462275e-07,-9.84914811984761e-07,1.6560594222693e-06,1.46300468331512e-07,-2.88804029513526e-07,-1.49575650519957e-06,-8.25768963813207e-06,7.00702373878841e-05,2.73175304085267e-06,8.93364386524265e-06,-2.35102039908816e-06,-1.21024739619594e-06,-1.27897107044675e-05,-9.15402990601304e-07,-1.46594425237987e-06,-1.19414108759045e-06,2.57191930070393e-05,0.000165720324718715,4.11088967467451e-07,6.90418310710701e-07,-3.74910242361936e-08,-6.24445624593771e-07,-3.29779414855729e-06,-3.99453883262943e-17,-5.08993729286378e-07,3.8464482537008e-05,-1.13351635303687e-06,-2.11755100729043e-05,-3.50629762487636e-06,4.19963280869972e-06,-7.27177081327208e-07,2.67173327108034e-05,-6.12601885361438e-08,4.14960368605221e-09,-0.000202972944021225,1.0116572261359e-05,-3.23190926496817e-07,4.45545248044249e-05,-2.15942160223273e-06,1.01311662418177e-06,-7.30170522419537e-08,6.12653052812723e-06,-7.57700283481882e-06,7.66915506275539e-05,3.35432173172735e-06,-8.37238268505045e-07,3.31573848709823e-05,-8.86430328937221e-06,0.00164669717751319,-0.130522035521343,-5.33301237800605e-06,1.62347108922139e-06,-8.70688503735962e-07,-3.83831186447233e-05,0.00013613181858332,-4.62795367513713e-07,-1.74494665739669e-07,3.5526495359687e-07,-0.00153497934508524,1.52863178767517e-05,-3.72093141494037e-06,0.00107971125310291,-2.08384255081697e-05,2.40587160327732e-06,-2.98382587366931e-06,0.00058919245361295,-5.25641339769316e-07,3.11371244356948e-16,1.14298520561882e-06,3.84716368263131e-08,5.41114160375217e-10,4.08480408589781e-06,-4.02023259870297e-08,2.35339337989096e-08,5.349622722501e-07,-4.19476880746401e-08,3.26097542498745e-07,-8.48516328345821e-07,-2.77294092119197e-08,1.74974074789534e-08,-2.12051370559212e-07,2.45329960115012e-07,-7.44256334503524e-06,4.49186369015475e-08,-2.98630610707671e-07,-1.43472663000929e-09,-2.2787099979094e-07,3.46507619480966e-08,-9.79535331706904e-07,3.98611005870632e-08,-1.04872556456638e-07,1.55757712153088e-07,-5.80898602402882e-07,4.44848268946784e-08,4.07822520498299e-08,3.22854181320354e-07,-3.06975150862221e-05,-4.46157142848445e-08,2.1861923074279e-05,-2.57342468984458e-07,6.46580879331333e-09,6.17109042131369e-08,-1.25798080535761e-07,-1.32981876194522e-16,4.67089686881213e-10,3.19201967429808e-06,-1.87388795788983e-07,1.40044961225254e-07,5.09738057519502e-05,3.56205521383537e-08,8.36634746780134e-08,-1.23853395273283e-06,4.70333472192264e-07,-2.18693576600906e-16,-3.76350280892348e-07,-4.61057220249606e-09,-1.30251146769474e-08,6.92543069895864e-07,1.00410151316856e-07,-6.86513075244717e-09,-2.67598192873479e-07,7.24475664921623e-08,-0.000135252298498377,4.54095649212503e-07,-9.39184713118573e-08,-1.71167356133837e-07,-9.09071828371828e-09,-9.04092662342456e-09,-1.72636838008923e-07,1.15984113049854e-06,-1.88843998156075e-07,3.60983407657895e-16,-3.96622927524225e-06,3.22192965035526e-07,0.000192126470012474,8.11122336256721e-08,-3.82214035868527e-07,-9.66507976838801e-07,0.000990653782153272,5.8104851932205e-06,-4.77690050273305e-08,-3.8820089218135e-16,-1.05363787732379e-07,-4.79956620694984e-07,-1.44377958318559e-07,1.80843932636286e-16,2.79639067328615e-07,2.82581272608517e-06,-4.31820789060479e-07,-2.30500177941317e-07,-7.72332285512382e-08,-4.14532553797306e-08,-1.48553646751099e-06,4.16525634785906e-08,4.42903806355583e-07,2.07472967982721e-07,9.15758486303304e-08,9.23791800964031e-07,-4.43256731637216e-17,-3.69007396829303e-07,1.73388907355171e-07,1.12426715956897e-06,-1.13622866092274e-07,-8.27116105806537e-17,-1.10805959312793e-07,1.43788990682224e-07,-4.99203299389702e-08,-4.44238855457579e-08,-1.12517043084153e-07,8.32501078962015e-07,-1.58828511729262e-06,2.22226005948082e-07,2.19615939688451e-16,8.24783955440847e-07,-1.11125163115405e-06,8.6358402071246e-05,9.7752959607774e-07,-9.95107532687402e-08,-6.71168215182466e-10,2.74086309204336e-16,-6.65285283445369e-17,-6.54896921173509e-10,-5.84908792008105e-07,7.71400212033063e-08,-1.11953040852358e-07,-1.92767054675131e-17,-5.34028957918675e-08,-6.31921624504836e-10,3.79909140784631e-16,-3.18813030276593e-17,1.6698664066803e-16,1.34776619890925e-07,3.97769102428665e-07,-5.76417643947003e-07,3.41044135559624e-07,1.700471094257e-07,3.50709857437326e-07,-1.68880795504708e-06,-9.54867798493322e-17,-3.71462932234616e-07,6.5622513578199e-07,3.26759505146732e-17,-3.22586734711364e-16,-6.65592394312452e-07,-3.24809312772106e-11,-2.50130540228065e-07,1.96712242016313e-07,2.52503479164037e-07,-1.36284915764461e-08,-3.29949381474474e-16,-4.60716814738977e-08,-6.63345765040162e-17,-1.60023576018579e-07,-9.14172166785465e-16,-2.96630376533193e-07,2.25211489751406e-17,2.40454943976788e-07,3.35867322106371e-07,3.1973606797831e-08,9.08396069618411e-07,0.00863018458675014,-2.28859312159843e-08,0.000123322879831549,2.15549217790956e-08,1.04970110601533e-07,9.9871748085432e-09,1.62486925485911e-07,-7.50636468666222e-07,-1.18100006394466e-07,-9.67125762839583e-09,-2.31961219980087e-07,4.96414039853562e-18,3.48805200256881e-06,-6.0489108171485e-07,3.77894831912581e-08,5.22489967168253e-16,5.00828803306448e-09,1.358878957761e-07,4.86293698513047e-07,7.91056541075725e-17,-1.30360830770039e-06,-6.26457260456244e-08,4.8073294378474e-16,-8.27900285690186e-08,1.28075007962729e-06,2.17927576421943e-17,-5.55279020157896e-16,-7.47104429165958e-08,-3.63030544397334e-08,-2.06819118121607e-10,-2.86898349459869e-07,7.61315523552739e-08,2.47191282387799e-07,2.1567960852505e-08,2.6336478970989e-07,-4.46012245699965e-07,5.74475363113169e-15,1.79739913600269e-07,6.32710652033649e-10,1.74560451815906e-09,1.63306656436035e-07,-1.09916419894917e-16,8.26601002313529e-17,5.36938473697984e-08,5.39820477707565e-16,-2.12185979904197e-16,3.38451259243722e-07,-3.99908690427754e-07,-1.33563850586636e-05,-4.55679913924163e-09,3.1015362154252e-05,-8.33707891391014e-08,1.07418143283772e-08,7.0403673706721e-17,2.87114900878919e-08,1.34310410668615e-09,6.16604528475574e-09,-6.91467249861818e-07,9.25149330297059e-05,7.43239172113186e-16,-1.35670937725174e-16,9.36723265822878e-16,-2.08095643797773e-08,-1.98799480453389e-06,-5.80163274280889e-08,2.42281318624463e-16,-8.43108134946378e-08,-1.98382278214954e-16,1.64210632087942e-16,1.22001141813461e-06,-2.6779075318562e-08,-3.50847823016309e-16,-6.54609669877339e-08,-3.7233538827714e-07,7.50695587158111e-16,9.98227634866622e-08,7.17409221085417e-16,2.63534595489625e-08,-7.3609887368296e-16,2.62646893330654e-08,2.271621221161e-07,9.08551374250552e-08,7.72005505911702e-09,5.28412382131235e-08,-1.80989130674572e-07,7.06806723325236e-08,1.69073973974538e-16,3.15448434298525e-06,-6.36708639294601e-05,3.72262891586837e-16,-2.29790482171857e-08,-6.70989414984167e-08,1.07500400584552e-07,-3.7936936427267e-16,4.82628683138313e-08,7.00495108283807e-07,3.40740940486428e-16,-1.57008020682312e-07,-3.45752695123491e-08,-1.9546710416806e-08,-3.00934624267053e-16,-1.61863046552483e-16,3.01541295949473e-08,9.0171610364712e-09,7.25799085213082e-10,-7.03899187078758e-08,4.4882473309121e-09,2.86483834286044e-16,9.03331485137094e-16,1.60240953497877e-08,1.10130713860721e-10,-2.15376601477142e-16,3.70472093224735e-08,-1.31128861201283e-16,3.60041436496595e-06,-6.30836078250615e-09,-3.66549496649447e-09,-2.37586001111556e-08,-8.69431337858684e-17,2.39502141101184e-16,-1.49677327127038e-16,-2.00694048783526e-16,-1.599127008759e-08,-3.37947176633719e-08,9.2078595221295e-16,-7.57317710016971e-17,9.33750058807921e-16,1.47898376804323e-05,3.50865229765809e-10,-3.9525682935559e-08,-2.38906667094542e-16,-3.04961676571291e-15,-7.57261007372501e-16,1.34366773225126e-08,-1.09509772704343e-07,4.45146459603209e-16,-2.95147296679182e-09,1.67509944666215e-07,1.8991892531263e-16,-6.68395026028559e-16,1.83158594006212e-08,1.94982696095954e-10,1.22703615727054e-08,-5.89228046285723e-16,-2.05316084884148e-08,-3.67782436601145e-08,-5.2521224615255e-08,7.18073897327302e-08,2.87171003673157e-07,-3.08009946599259e-08,-8.86825904109927e-15,-1.00219271586815e-13,-1.5638218632005e-14,-5.39311885760452e-05,0.820443415000154,-3.32756007688214e-07,-5.08158883173568e-08,1.85265887671269e-14,-1.50421944282139e-15,-1.20790626745046e-15,-1.05964784223147e-15,-1.61326563433959e-14,1.64753132123216e-06,2.7566393481096e-16,2.30947587268501e-15,-2.15663205240306e-08,-3.71140341533502e-15,-1.91991597190037e-08,6.20525024316397e-16,-2.35854279678416e-08,-6.13179728664974e-16,-2.45948410295817e-08,-2.98892184361149e-09,-1.81014744183171e-06,-3.10737517365468e-16,8.79289753958072e-08,7.21860685403834e-16,1.14647976426953e-07,-2.03538411538119e-06,1.01963213419517e-09,2.02560962585286e-15,1.44530790687776e-07,-1.86491448858515e-17,-3.41040296337089e-08,-1.9213896512579e-07,-5.13569461319257e-16,2.34755895927106e-16,-2.87185670558938e-16,-4.60783630630506e-16,-6.26266523518574e-10,-8.09610010028024e-09,-1.79305262895407e-09,-1.04445883704337e-15,3.06027014045173e-16,-2.01146498836657e-07,1.03015295894256e-06,7.31054579545444e-16,4.61681126869023e-16,-7.57837602375219e-09,1.08000236083499e-11,-5.33145400445671e-08,-1.03302593763995e-17,4.9347523639402e-07,-8.68550745197775e-16,7.56200633443573e-18,2.5051845932162e-16,2.60294689228214e-16,6.14168989303653e-16,3.42941481230197e-16,6.32942247643146e-08,-4.42468299301312e-07,3.94354466952934e-17,-4.20213986931801e-08,1.59156738375438e-07,5.36523706816138e-16,5.1035054065663e-16,2.60174624861945e-16,-2.08352761081421e-16,1.54198112771201e-08,2.45661723683446e-09,-2.5003597724403e-17,-2.00462682214013e-13,-2.7781388660921e-08,-9.90491919312428e-08,-1.64564950275726e-08,1.86753470618708e-16,1.77710187892308e-16,-2.12115762245369e-16,-1.47164493848374e-16,-4.71962349554307e-16,-3.78509110252186e-16,5.68938358934173e-08,-5.36913233293051e-08,-1.03014545265577e-08,-3.86976899153395e-15,-3.87703469765978e-16,2.47163030517587e-17,-4.739613484273e-17,-2.95881998458278e-17,1.88348942605195e-16,-5.80808826075701e-17,-1.95742444903041e-16,-1.17016316192714e-17,-1.24298266256104e-16,4.31655585552157e-17,-2.59260862170499e-16,1.45301415784952e-16,1.73971721495483e-16,3.78138177499124e-08,1.79667206138408e-16,8.03110912509164e-16,-4.89393160100642e-16,1.49799820996271e-05,-9.26433620003301e-10,1.9665822897485e-16,-1.37222291136573e-08,2.58572165104937e-05,7.06720476474222e-16,-2.56640476577463e-16,-1.34254941706274e-07,3.8693987659346e-16,3.30879799266731e-07,-8.26433833409445e-17,2.28874573591138e-16,-4.65759920227581e-18,2.87234343462131e-16,1.65221337209861e-09,-2.26747377446914e-07,-5.86496072582403e-16,-6.07323901222704e-17,2.63004513335283e-16,-1.42136478816273e-16,6.4439556121676e-16,-2.98117910495271e-16,1.39530129523562e-16,-4.5042373921134e-17,1.83360198021166e-08,-5.42047351805874e-17,3.12366930595532e-18,1.18762494716705e-16,-2.78108588606731e-16,1.26545605470295e-16,-5.48188247924471e-16,-5.2111158302574e-08,-4.43053600817405e-17,2.79774951296582e-16,3.88172382898742e-08,4.34018192469639e-16,1.13084019696163e-16,-1.21462101111463e-16,7.49973764973154e-18,3.51736153562625e-07,-8.33415460082975e-17,-2.36129574852823e-08,-1.55364524515829e-16,-1.65240648611643e-16,-9.26287335206276e-17,-7.60194494227079e-16,-5.02580925982355e-17,1.28239851986524e-16,8.50367208808853e-10,1.76952526545475e-16,8.34733387192497e-17,3.30353419932471e-08,-1.05877565748053e-07,-3.21187420811545e-17,7.40141253831971e-08,1.08333000002675e-08,-5.39017205726558e-17,-8.60314146951654e-17,-3.01768514006182e-16,-2.30305726737492e-16,1.62017092882249e-16,-1.80334699696578e-08,1.0147996276298e-16,-8.24684050213883e-17,-1.19968330983349e-16,7.20416220969696e-09,-1.98701895534047e-16,-7.29878840025943e-16,2.80441113808344e-16,-7.67921175818283e-20,-3.27323874178597e-09,1.36232176143172e-16,1.07948773311537e-08,-5.97600788221013e-17,-9.86461991614404e-17,1.71993419444471e-16,9.84773648575461e-18,1.9561333974268e-17,8.85919753868796e-17,-2.28661846172109e-18,-1.17313097469394e-07,3.90671437027571e-17,-2.78531293273377e-16,1.3800012855242e-06,-4.19935929914303e-17,-2.97852228996419e-16,-2.59933227149906e-16,9.02615404660476e-17,-1.19643979799554e-16,-5.06391965442597e-17,-5.16014694644228e-08,-3.52973181053876e-17,3.58993822661825e-16,3.57292361557546e-05,4.99494694408626e-16,-8.54790965481968e-18,-2.60483799885379e-16,-1.85861173284285e-16,2.30603135124545e-16,6.80005714759319e-17,3.26945103022114e-17,3.29294400845752e-17,5.07489874547266e-17,4.90383950089342e-17,-3.98396771012203e-17,-2.93456965413483e-06,1.83130444562632e-07,-5.35399178781793e-17,-1.79745586165033e-16,1.22056418064542e-17,4.47435088020737e-17,1.21094540644906e-15,6.30170592300793e-17,-4.17344164616013e-17,2.32215363633864e-16,-2.29380204645048e-09,-7.79858125726763e-17,2.534657699073e-19,-5.7661206051754e-17,-6.72632970620875e-17,2.93063431796563e-09,5.10043322289797e-17,-3.19787882263495e-09,-4.64172884050193e-17,-7.61438951156005e-17,5.30377813370857e-18,5.38828713248874e-18,1.22729285306429e-16,-3.43822414794598e-16,2.770930535449e-16,9.32656770924296e-17,3.73299358725309e-17,-5.29681484678958e-17,1.06192247555681e-16,6.16244699333762e-17,1.29243984349228e-16,1.58783465299829e-16,-1.8774640590264e-16,4.05676687830275e-17,1.60660447266083e-17,-1.78327536956734e-16,-8.99088426659252e-17,1.02725991157493e-17,-2.16298333410858e-17,-8.27808731767091e-17,-1.927751840629e-16,-9.11713403169416e-17,7.44113973341747e-16,2.18885572691425e-10,-1.48534576766047e-16,4.92242063868796e-17,2.22294941919578e-17,1.44717487498647e-17,-3.06951554024853e-16,-8.12670852385264e-17,-5.6955469179189e-17,3.31213462357873e-16,1.00719892248667e-16,-3.00172542166358e-17,-3.05419751989167e-16,1.00020244169278e-16,-9.9574551691171e-17,6.82912461505067e-17,4.36199712337682e-16,2.37477471741706e-16,1.01380337948742e-16,-2.8047520290311e-09,9.21356776560911e-17,-1.89597581513736e-16,2.37600113768889e-17,-1.56720151411032e-17,1.94221537425741e-16,-4.53364361834725e-17,5.22029423130105e-17,5.65675643792003e-17,-1.07999915974872e-17,5.91885245391795e-10,3.33121668911883e-16,1.2277053070576e-16,-2.79741574442898e-16,8.70045633498652e-17,-4.50448651859933e-18,-5.37856767516425e-17,3.97631040419371e-17,-1.57494229267449e-17,-2.69425512262236e-17,-3.2228483867739e-17,-1.00121041806331e-16,-1.22916157063315e-18,-3.77675600833228e-17,2.97552752880598e-09,-2.13491052220381e-16,-1.64940334662873e-17,9.15706558278215e-17,-2.1391308863139e-16,-8.94262637948861e-09,-2.01067881844719e-16,1.01407350516688e-16,3.95060849869974e-17,3.44712410270925e-17,-6.50497611528058e-17,-5.61789329120894e-17,-4.60907568068868e-17,2.40599277135976e-17,4.11769167669368e-17,1.16290844340713e-16,-3.0946220010374e-17,1.33891958286032e-16,-8.01471547389393e-17,-2.98119822312531e-17,3.45598180500011e-17,1.96446416411901e-17,-2.35859856253827e-16
"t537",-0.036298266855239,-0.00946873083727896,0.00119161917125939,-0.102574168250322,0.0199782424969078,-0.00410043678498016,0.0219056973851685,0.000349149288585066,0.000118158489457389,-0.000372799637598742,-0.00010118377862484,-0.0972793585199297,-0.0651325536297653,0.00645359522671129,0.00123857943472419,-0.00166514556249192,-0.000187680931065067,0.00181086677169307,-8.57996599407116e-05,8.56456104256689e-05,-0.00196742440271271,0.000742780000437092,-0.0028967696958436,0.0734396639055029,0.0238282923817599,-0.000197813825083191,0.000189926495070309,-0.000150083238207513,0.00154611521930705,0.00057461338775545,-1.70784224389292e-06,2.55592875653866e-06,-0.000274392085179019,8.53711728693086e-06,-4.71946163213398e-07,2.72797777326985e-06,0.000291544247539166,-1.36904233475261e-06,-1.28634911581521e-05,-4.83803924198929e-06,-0.000505931010610287,0.000176929155567744,-0.269304275107409,-0.00204939706461401,0.00505531725883695,-4.17097125972326e-05,8.19995784190816e-05,-0.000648103189513855,6.50091767750837e-05,-0.000135923161409571,0.0251524272512597,3.00620858511185e-05,-2.91368550821984e-08,-3.2403116283484e-05,3.68361159465023e-06,-3.96575090553003e-05,1.60497507014548e-06,-0.000105787161779829,3.58182922566591e-05,-3.70650162145893e-05,-3.17753473738525e-05,4.93049201081758e-06,-0.000162992050852784,8.72337106658526e-05,-7.03989714088203e-06,0.0104495151964763,-5.60851198367816e-07,2.04511800266324e-05,-5.60741781495569e-05,2.19318615402392e-05,-2.49426394829737e-05,3.74518331057562e-05,-1.68329953488017e-06,-0.000123179382683774,5.11834362992068e-05,4.87259383490744e-08,-0.000271614396708489,4.95681687398427e-06,-1.74293178886873e-05,-2.02201117161233e-05,5.82139896142816e-06,8.68876929557888e-05,-1.05675398061033e-05,-6.61782806545253e-05,4.08515073941325e-06,0.000879056722450839,-5.41843967864266e-05,-9.73069793150396e-07,-3.18775379848794e-07,8.32914281597369e-05,-2.05749458361452e-06,5.27025511842805e-07,4.75186021258122e-06,-0.000496281599065392,-1.85430855500001e-07,-6.06235793426662e-05,-1.37125610372507e-05,3.41255524084543e-05,-5.17649009933017e-05,-1.37799456324293e-05,-2.96174763011315e-06,2.37394026354101e-06,-4.03716525770797e-06,1.33673634308704e-06,-5.78476597907702e-07,1.05895291402756e-05,-3.10236880912737e-05,0.000262760968574668,-4.58340945451355e-06,1.10276883343328e-06,4.8588415181351e-06,1.14416473127058e-05,-1.92613359279277e-05,1.65262586878339e-05,-8.3342039595163e-08,3.13313648124532e-06,-4.57824300873894e-06,4.72200759899659e-06,-4.65794392798789e-06,1.12307992258024e-05,-4.15054812941152e-05,9.61497101546774e-06,-8.86731851897993e-06,-2.43364125631156e-05,7.89071941904228e-06,-7.30835970563124e-05,7.40151072797443e-06,-2.27508341250149e-06,3.90376749293672e-06,0.000128517490333207,-4.01900864492337e-06,1.08154013425828e-05,-2.07906641647772e-05,-2.50186712270531e-06,8.44276243488918e-07,3.86392504898653e-06,-1.8910640665941e-08,-1.05170319097385e-05,2.24794751954154e-06,-6.37611164867315e-06,-3.72037259756756e-07,-1.36885007835024e-05,2.44523958946624e-06,1.50352928908443e-07,4.74097758924566e-07,-2.13240085409607e-08,-9.51180830343989e-08,-1.51375678799723e-07,-1.29470045142075e-08,5.00467056477767e-08,8.01605881738002e-06,2.74148417865459e-07,6.34016798064347e-06,-2.57830484720571e-06,1.43327472826604e-06,1.36802121148279e-07,-2.18739654154742e-06,0.000936759986178678,4.52405738205502e-06,1.6453972330075e-06,0.00237624459186905,-3.3089766184262e-05,0.000202064597587725,0.277239638601774,0.000720919000743917,-0.351610879484915,3.6567629250657e-05,6.53234698855436e-07,3.28627223035055e-05,5.54053422966052e-05,-0.0129613414780342,0.000265478123321732,7.51223630375997e-06,3.0042935437161e-06,0.00182925498916835,1.3508934810578e-06,0.000303192363092673,-5.28106670749538e-05,-6.33998653655608e-05,-0.00244682207634676,0.00200047373562626,0.10114531144876,0.000259735243108852,6.39905358959011e-06,9.53046845823138e-06,1.18608616342052e-05,0.000128154836319957,-1.25524519536554e-05,-5.51508270037115e-05,0.000389370919591599,6.80819969758759e-07,-8.47393011705655e-07,-2.94891498729016e-06,-4.98629298598393e-08,-3.55097180466671e-07,3.09540728479107e-07,5.08533038635924e-07,1.9803934221235e-06,-2.0068891785307e-07,-5.92262446101982e-09,-2.98097009792561e-09,3.49614537107765e-06,-1.1167391009954e-09,-4.23243737624863e-06,-5.84097913971033e-07,-2.11141810345997e-05,4.28431937127715e-07,1.70584887421079e-05,-4.07469886011416e-06,-3.65937949301316e-07,-4.75869362752648e-05,0.00230942666230105,-0.000102471989401771,-1.22545719487637e-06,-7.79315583098155e-07,-1.01364996412187e-06,1.70534370918409e-06,1.50670837225192e-07,-2.97605232176863e-07,-1.54196440848871e-06,-8.51398802175361e-06,7.22869991377672e-05,2.81856592238142e-06,9.21894813168805e-06,-2.4272290074152e-06,-1.24959509079471e-06,-1.32058354110581e-05,-9.45668406304892e-07,-1.5148820008869e-06,-1.23443237675132e-06,2.65911627378855e-05,0.000171366770876634,4.25160696394957e-07,7.14082553025059e-07,-3.8791604768814e-08,-6.46269993906513e-07,-3.41398182173614e-06,-3.62543935558599e-17,-5.27133057490007e-07,3.98383913876857e-05,-1.17464283794945e-06,-2.19530342327881e-05,-3.63630562967651e-06,4.35543956113854e-06,-7.54644130022267e-07,2.77295323716252e-05,-6.35842627449454e-08,4.30806830556251e-09,-0.000210758439663077,1.05077532911492e-05,-3.35732381521388e-07,4.62860015684745e-05,-2.24401409924123e-06,1.05413616246391e-06,-7.60076781624176e-08,6.37986641738177e-06,-7.89682359787556e-06,7.99333631905206e-05,3.49813944357026e-06,-8.73420059054474e-07,3.46064629087286e-05,-9.25308938039222e-06,0.00171919173390885,-0.136297997325316,-5.5708230193981e-06,1.69592818431749e-06,-9.10303486267801e-07,-4.01302578934194e-05,0.000142331378616505,-4.83981065254354e-07,-1.82498034545885e-07,3.71659538047974e-07,-0.00160589528674394,1.60187504269794e-05,-3.89992658878966e-06,0.00113181420262352,-2.18512759702339e-05,2.52348199204701e-06,-3.13158322465599e-06,0.000618478138306841,-5.51845451762305e-07,-1.08255096133379e-19,1.20054421011717e-06,4.04115854449012e-08,5.68518186713413e-10,4.29379276648072e-06,-4.22771780255601e-08,2.47535449994366e-08,5.62742427987984e-07,-4.41835883629484e-08,3.43508326525465e-07,-8.93840210234336e-07,-2.92219030465208e-08,1.8459626294647e-08,-2.23755734380981e-07,2.58905995182647e-07,-7.85791640462218e-06,4.7507018654656e-08,-3.16069641700923e-07,-1.51857481432961e-09,-2.41191297125429e-07,3.67436286180529e-08,-1.04095267858762e-06,4.23722976673084e-08,-1.11525358823389e-07,1.65721853872535e-07,-6.18155710415041e-07,4.73997932000575e-08,4.34589056835963e-08,3.44106641334823e-07,-3.27223146740338e-05,-4.75781043892674e-08,2.33241612074109e-05,-2.74671489301774e-07,6.90249018829683e-09,6.58995258921977e-08,-1.34427770529551e-07,9.59052760269537e-17,5.01250417028138e-10,3.42694949330023e-06,-2.01311217472061e-07,1.50452780469087e-07,5.47631771861884e-05,3.82746891357555e-08,8.99245249264978e-08,-1.33170088923919e-06,5.06085641560497e-07,-4.25903603265253e-16,-4.05649416902049e-07,-4.97057029187494e-09,-1.40485750973235e-08,7.47001272299168e-07,1.08429852785436e-07,-7.41815985959854e-09,-2.89416582903007e-07,7.84036048235017e-08,-0.000146571623648743,4.92724275210397e-07,-1.01991204862519e-07,-1.8596608851147e-07,-9.87953211848003e-09,-9.83047975306101e-09,-1.87724066610741e-07,1.26166525443797e-06,-2.05481514641139e-07,8.37821587606939e-17,-4.32495922776233e-06,3.51492659253884e-07,0.000209599063609312,8.86032203372335e-08,-4.17594796172766e-07,-1.05854125144978e-06,0.00108574609161872,6.36911365459767e-06,-5.23891649797697e-08,7.05947652151882e-17,-1.15624221771891e-07,-5.26814107801371e-07,-1.58607601699442e-07,-1.20797489107882e-16,3.07483455586881e-07,3.10786571197674e-06,-4.74976040881961e-07,-2.53595412787744e-07,-8.50052448105059e-08,-4.56382788719673e-08,-1.63589395932352e-06,4.59001912348314e-08,4.88110309934268e-07,2.28758977488205e-07,1.0105679575556e-07,1.0194772157482e-06,3.86349466841914e-17,-4.07912202368149e-07,1.91725770806179e-07,1.24397237329121e-06,-1.25845431192295e-07,4.30964471605401e-18,-1.22991028941796e-07,1.59995518176151e-07,-5.56093457479914e-08,-4.95125937831865e-08,-1.2548529052512e-07,9.29551265205188e-07,-1.77688685575051e-06,2.49836391597255e-07,-6.18889320608632e-17,9.3139910498183e-07,-1.25539118783828e-06,9.76404264470875e-05,1.10650939928593e-06,-1.12650658412842e-07,-7.6004163959186e-10,-1.76941794549634e-16,1.17002968865262e-16,-7.43021137705871e-10,-6.64723221974725e-07,8.76845526629986e-08,-1.27448645816704e-07,5.36281095244196e-16,-6.09988419120357e-08,-7.22897683541612e-10,-2.06849264356594e-16,-6.44734916621618e-18,-8.09658801585297e-17,1.54925900314479e-07,4.57522147774704e-07,-6.64452231402887e-07,3.93865802264792e-07,1.96427621086724e-07,4.0593592006761e-07,-1.95520145168283e-06,-5.28577795625605e-17,-4.31853601596253e-07,7.64050991795796e-07,-1.77851649719149e-16,4.6662000097827e-16,-7.79605529555212e-07,-3.81009795513588e-11,-2.93994612966509e-07,2.3152094306707e-07,2.97962978103384e-07,-1.60889544740588e-08,-1.64676989915345e-16,-5.44211692999731e-08,1.30231990536544e-16,-1.89344722202094e-07,-3.28187997611362e-16,-3.51423752766306e-07,2.49513355644027e-16,2.85331440688226e-07,3.98681475877586e-07,3.81205686002798e-08,1.08406695766209e-06,0.0103032487214335,-2.73703941788828e-08,0.000147713643112477,2.59112901685108e-08,1.26189227081669e-07,1.20195199629643e-08,1.95958692654663e-07,-9.07819599357221e-07,-1.43174093153725e-07,-1.17470780242534e-08,-2.82016963687293e-07,4.48486368709382e-17,4.25339837546677e-06,-7.3976960358263e-07,4.66116858115722e-08,3.83215441903655e-16,6.19327255292831e-09,1.68699183899605e-07,6.04739935524851e-07,-1.76618665826383e-18,-1.62255569961933e-06,-7.82493191800917e-08,-3.94311701566157e-16,-1.03594129909447e-07,1.6203584218835e-06,-6.6570974734896e-17,1.0574729998272e-16,-9.49483214973151e-08,-4.61559317767028e-08,-2.63461384757087e-10,-3.6631398964437e-07,9.77240252785465e-08,3.1744820540186e-07,2.7716412953867e-08,3.40954860882472e-07,-5.81045273776504e-07,-1.62061119732271e-15,2.34727057266335e-07,8.26620848015865e-10,2.28398059158038e-09,2.14059139826142e-07,-4.03409905704533e-17,3.60397919493853e-17,7.0557066020976e-08,-1.35273967009872e-16,1.11575853704092e-16,4.52181530151168e-07,-5.35910027252457e-07,-1.78997847143892e-05,-6.1485310335539e-09,4.18886873599557e-05,-1.12621536394051e-07,1.45295926962572e-08,-3.33185741932765e-16,3.94040222883266e-08,1.84930315044183e-09,8.49918947511568e-09,-9.58378830771103e-07,0.000129581078310178,1.00921562735951e-18,8.77934435534061e-17,-4.98683466983072e-17,-2.96244257221812e-08,-2.85134419377791e-06,-8.32600955521454e-08,-3.84675720711098e-16,-1.21909360645333e-07,-1.66134090956826e-16,-3.42802496690199e-17,1.83035351134522e-06,-4.01963689715203e-08,3.75133951679985e-17,-9.92631012351261e-08,-5.68080308728043e-07,-9.58393100674125e-16,1.54316780218972e-07,-4.548754325404e-16,4.1435738882267e-08,2.18137612373638e-16,4.13616651458259e-08,3.58177454096204e-07,1.43456940938264e-07,1.22137232173293e-08,8.39755352401628e-08,-2.92764933548892e-07,1.17472098965695e-07,4.14276913185934e-16,5.44772514582803e-06,-0.000110447518102191,2.31153596430157e-16,-4.01018584154711e-08,-1.18431684357872e-07,1.91767231025132e-07,-2.67987262235761e-17,8.95609394573193e-08,1.3109709369527e-06,-9.04243934317648e-16,-2.97281836088553e-07,-6.58534860127531e-08,-3.80944684697877e-08,-4.18016377463867e-16,-1.58375082324056e-16,6.25095438552247e-08,1.92635189121646e-08,1.56063821296697e-09,-1.79839474836696e-07,1.18905979208466e-08,4.59808747112526e-16,-4.79708285628825e-16,4.36071104364319e-08,3.00757184754811e-10,3.80087393609996e-16,1.0630625536921e-07,4.56247750221703e-16,1.08954554976645e-05,-2.07500189844847e-08,-1.21350043321929e-08,-8.07405023932987e-08,-1.62213794056488e-15,-7.11930707531202e-17,-2.21984852667943e-17,-3.60738754383511e-16,-7.42548602383775e-08,-1.62404298286037e-07,4.18635772672943e-16,-4.64894947709193e-17,-4.54655632328631e-18,8.18714882671264e-05,2.08644559577636e-09,-2.98937106312148e-07,4.17600265102205e-17,-7.2199733171241e-16,1.44394045331619e-15,-7.80729459275497e-07,4.70403385514973e-06,-1.16288637869716e-16,3.02655624625042e-08,-1.28230813623766e-06,-7.6801631500326e-16,8.17698978074339e-16,-8.42899412978331e-08,-8.67258239775062e-10,-4.3352445677382e-08,-4.59408169983699e-16,5.21274249533155e-08,7.93293704710681e-08,9.1592959528063e-08,-9.53323914722215e-08,-3.55085766972003e-07,3.33780098811868e-08,4.21227001404412e-15,4.86546141390936e-14,7.29080388228458e-15,2.6920288814058e-05,-0.404257333204738,1.468589114113e-07,1.15641006715158e-08,-8.93057882051825e-15,1.88321394655262e-15,2.59135386453695e-15,9.10103509318379e-17,5.67846909859614e-15,-1.02509928772228e-07,1.8286403403283e-16,-2.08670758395484e-16,1.91758299110826e-10,8.00095947351505e-16,1.18934521844648e-10,1.58342952601536e-15,3.97753267948778e-11,-1.02960453886264e-15,-1.92350791441363e-09,-2.85163404490956e-10,-2.18132908639617e-07,2.06819324821436e-16,1.3152605150728e-08,-5.64857671421343e-17,2.37465742455333e-08,-5.5260486628215e-07,2.79447320030284e-10,3.66757539091255e-16,4.29434398307298e-08,-3.03584524985587e-15,-1.12818821220837e-08,-6.38629679606474e-08,3.03301231849878e-15,-6.43851135572443e-16,-2.61598647469823e-15,-3.65508254312012e-16,-2.24052695172033e-10,-2.94822191355613e-09,-6.6598631164743e-10,-5.07670421586367e-15,-6.66485774957982e-16,-8.12791459181018e-08,4.17678729515035e-07,7.21511524818654e-15,-7.85737121594776e-15,-3.35829880378751e-09,0.707106781180961,-2.39253293499339e-08,-2.6922951843793e-15,2.31200913240102e-07,1.58974720691993e-14,1.24684879020475e-14,2.9756905548078e-15,1.20819793403031e-14,-4.64494779228366e-15,8.50825027349809e-16,3.19395407089158e-08,-2.23473300123929e-07,-3.84980749098836e-15,-2.17052452831936e-08,8.29477815256303e-08,-4.81739671261944e-15,2.26638027187038e-15,-2.71024327690105e-15,-2.20153906197155e-15,8.32991861742588e-09,1.3374759553208e-09,-9.48039255560676e-16,-1.13452444782205e-13,-1.52536787711415e-08,-5.44429888947577e-08,-9.07827570825214e-09,-9.11281132375231e-16,9.56318981372316e-16,1.01028648848265e-15,-2.30349627723672e-15,-1.61387438399045e-15,-1.29538726381856e-15,3.31019401147319e-08,-3.13793295609755e-08,-6.04705706400325e-09,4.26106966028097e-15,-6.80683623205035e-16,1.91542194774309e-15,6.47772685734647e-16,8.70130320274922e-16,5.17975845355769e-16,-9.44832936773023e-17,-4.29208357911488e-17,-3.95931715318762e-16,8.99823826451225e-16,5.77286949069156e-16,4.98512725300107e-16,-4.99451909830636e-16,4.00532078405599e-16,2.36749468731707e-08,-8.46082619590194e-16,-1.18427112765895e-15,9.42914344662997e-16,9.44852773819526e-06,-5.85321424934018e-10,-1.97567320427437e-15,-8.67867739088656e-09,1.64960618133291e-05,-7.40971873948987e-16,-1.82619011311143e-16,-8.65426024131638e-08,6.10115901458799e-16,2.15878240965455e-07,-1.10063276575889e-16,2.07058716456566e-16,7.32350670738328e-16,-8.15872222375353e-16,1.09725062143642e-09,-1.50758217337914e-07,-3.33053567133073e-16,-6.87013872242584e-16,-1.42808005888065e-16,4.09288026381134e-16,-2.18358317538581e-16,2.41720451941511e-16,-1.44431161394223e-16,2.9863717099808e-16,1.28400157130955e-08,7.31282979271632e-17,1.06878146969313e-16,-3.51544871622823e-16,-1.58611525719239e-16,-3.85860529723949e-16,5.53664472001101e-16,-3.6841070777519e-08,-3.90953566448951e-16,-7.17002092105366e-16,2.74894172476724e-08,1.02077241274567e-16,3.02926784666222e-16,2.5535607716864e-18,7.05629475322927e-18,2.53829977725832e-07,-4.51654279939775e-17,-1.70943552275613e-08,-4.81075981765946e-16,1.13699992518921e-15,7.18995979239891e-16,2.93958125663395e-16,1.98894397570772e-16,4.41516855953632e-16,6.19496452452104e-10,-5.63539599575607e-16,5.44646914617927e-16,2.41790537171181e-08,-7.75113402319673e-08,-1.16015724904785e-16,5.43969814481183e-08,7.97160135349259e-09,2.63208731605996e-16,1.11919499865943e-16,-4.02415013464692e-16,2.23950193310127e-16,-1.57750413572322e-16,-1.34955926632531e-08,3.13484977421625e-16,1.89351915903693e-17,2.02901220892649e-16,5.41328924414965e-09,-1.34894480660219e-16,2.98390124473324e-16,-4.25710843694866e-16,-3.28468898728206e-16,-2.47240308635846e-09,1.08731080845569e-16,8.16662658581897e-09,-4.68717618964214e-17,6.71324979934611e-16,6.06674405608363e-17,-4.02350450213078e-16,-1.26060103357223e-16,-2.90530238343308e-16,-1.84205013058834e-16,-8.94688293198904e-08,3.62213216335134e-16,-1.50312588891033e-16,1.054493262782e-06,-1.97764349674288e-16,1.83822346970596e-16,2.6153400857719e-16,7.37937174536343e-16,3.43638920268651e-16,1.75458862795069e-16,-3.96634668678691e-08,1.42324956757399e-16,-5.67116690677859e-16,2.75338605437649e-05,-5.75852563122263e-18,2.3175184581987e-16,1.37894408731059e-16,2.08497986209245e-16,2.46418214948445e-16,3.51721755186008e-16,4.09179803913931e-17,-2.81181660842775e-16,1.68443912048656e-16,-3.04580678002498e-17,-1.64274082999916e-16,-2.28208945052359e-06,1.42562539850403e-07,6.99494939707209e-16,2.10057304211208e-17,-1.76007653140986e-16,1.24166490665615e-16,-4.7791631763161e-16,3.23681770007854e-16,1.275824853927e-17,-2.84087541181689e-16,-1.79526154908068e-09,3.86609917860844e-17,2.60671822834371e-16,-2.30732199292014e-16,-1.40735586808686e-16,2.30376863821476e-09,-2.69766655865979e-16,-2.52588130680265e-09,-2.89673801273056e-16,-1.21047580996767e-16,-5.91747940949348e-17,-1.45886857370543e-16,5.75043124428607e-18,9.31679032464224e-17,-2.3691619305732e-16,-1.59687927234684e-16,-5.74355485167796e-17,-1.82728637293917e-17,3.74726643632369e-18,6.74722058119406e-17,-1.21977365548132e-16,1.17143440367521e-16,1.38213427833581e-16,6.57174167087136e-17,7.67664653445615e-17,-3.03237854988508e-18,-8.83010126060133e-17,-3.93475074905391e-17,3.55889363118367e-16,2.103475634863e-17,2.22825040095345e-16,-9.86823204805274e-17,5.47620094404716e-16,1.75704543252546e-10,1.61428161609059e-16,-3.86346694820682e-17,6.66120933849547e-17,-1.60019339621464e-17,2.42927854086369e-16,1.39992944692032e-16,-9.38185420001852e-17,-2.09678411003771e-16,5.65679274719951e-17,6.81431710725081e-17,-2.16840434497101e-18,4.09141675562595e-17,7.21776357684502e-17,-5.35128178924352e-17,-1.69681895708605e-16,-2.15863029703603e-16,-1.74915775050832e-16,-2.27356690369336e-09,-7.39674529626144e-17,1.11860955354373e-16,9.28672575860768e-17,8.60607582850247e-17,-1.58607225683253e-16,4.41310014827061e-18,3.61328407369215e-17,-8.9458591767223e-17,5.29003464569506e-17,4.84252004018765e-10,2.11332555456356e-16,-2.92538242723459e-17,8.15520741658617e-17,7.00078671229638e-18,2.51694433646356e-17,-6.20440708338862e-18,-1.30418591486894e-17,3.22990339058791e-17,-1.68349585249041e-17,-4.04006966996738e-17,1.79208206520741e-17,-3.03569052867829e-17,9.18136108096893e-17,2.45533832480232e-09,9.79903856579763e-17,1.11667847242432e-17,-1.58559470146896e-16,-4.88541498921968e-16,-7.40699403949404e-09,6.74364347722434e-17,4.15219055989889e-17,-6.58668434693721e-17,-1.58392342881595e-17,-3.45790279801955e-17,6.81000762734297e-17,-5.68644259885046e-17,-1.26612509863573e-17,-9.62816182464376e-17,-8.28455375922052e-17,4.76260429063642e-17,-9.68828307864374e-18,-9.26441255443802e-17,4.53260248254016e-17,-9.25790224358478e-18,1.02010925330572e-16,-2.34341329576351e-16
"t380",-0.0362982668552388,-0.00946873083727887,0.00119161917125937,-0.102574168250321,0.0199782424969075,-0.0041004367849801,0.0219056973851681,0.000349149288585024,0.000118158489457382,-0.000372799637598772,-0.000101183778624787,-0.097279358519926,-0.0651325536297627,0.00645359522671103,0.00123857943472413,-0.00166514556249186,-0.00018768093106503,0.00181086677169295,-8.57996599407187e-05,8.56456104256498e-05,-0.00196742440271262,0.000742780000437056,-0.00289676969584339,0.0734396639054977,0.0238282923817581,-0.000197813825083195,0.000189926495070288,-0.000150083238207499,0.00154611521930696,0.000574613387755419,-1.70784224388619e-06,2.55592875652711e-06,-0.000274392085178978,8.53711728696414e-06,-4.71946163185196e-07,2.7279777733057e-06,0.00029154424753907,-1.36904233478848e-06,-1.28634911581894e-05,-4.83803924198829e-06,-0.00050593101061021,0.000176929155567713,-0.269304275107369,-0.00204939706461369,0.00505531725883622,-4.17097125972609e-05,8.1999578419083e-05,-0.000648103189513775,6.50091767750931e-05,-0.000135923161409528,0.0251524272512552,3.0062085851136e-05,-2.91368550794883e-08,-3.24031162834588e-05,3.68361159467659e-06,-3.96575090553535e-05,1.6049750701284e-06,-0.000105787161779734,3.58182922566314e-05,-3.7065016214616e-05,-3.17753473738267e-05,4.93049201078416e-06,-0.000162992050852682,8.72337106657914e-05,-7.03989714088504e-06,0.0104495151964736,-5.60851198356187e-07,2.04511800266725e-05,-5.6074178149566e-05,2.1931861540256e-05,-2.49426394829987e-05,3.74518331058078e-05,-1.68329953492103e-06,-0.000123179382683761,5.11834362991851e-05,4.87259383842932e-08,-0.000271614396708337,4.95681687400329e-06,-1.7429317888692e-05,-2.02201117160902e-05,5.82139896142373e-06,8.68876929557406e-05,-1.05675398061517e-05,-6.61782806545245e-05,4.08515073947695e-06,0.000879056722450479,-5.41843967864042e-05,-9.73069793100982e-07,-3.18775379765602e-07,8.32914281596693e-05,-2.05749458357842e-06,5.27025511785559e-07,4.75186021254351e-06,-0.000496281599065201,-1.85430855509049e-07,-6.06235793426785e-05,-1.37125610372399e-05,3.41255524084782e-05,-5.17649009932782e-05,-1.3779945632292e-05,-2.96174763011944e-06,2.37394026356111e-06,-4.03716525771698e-06,1.33673634307395e-06,-5.78476597903484e-07,1.05895291403639e-05,-3.10236880912479e-05,0.000262760968574491,-4.58340945453351e-06,1.10276883341485e-06,4.85884151811091e-06,1.14416473125427e-05,-1.92613359278858e-05,1.65262586878539e-05,-8.33420396359169e-08,3.13313648133818e-06,-4.57824300878711e-06,4.72200759901746e-06,-4.65794392795795e-06,1.12307992258005e-05,-4.15054812940845e-05,9.61497101544722e-06,-8.86731851897801e-06,-2.43364125631297e-05,7.89071941906922e-06,-7.30835970562935e-05,7.40151072808675e-06,-2.27508341250235e-06,3.90376749287182e-06,0.000128517490333069,-4.01900864495628e-06,1.08154013425754e-05,-2.07906641647875e-05,-2.50186712274586e-06,8.44276243431253e-07,3.86392504897667e-06,-1.89106406085897e-08,-1.05170319097153e-05,2.24794751948316e-06,-6.3761116486157e-06,-3.72037259714622e-07,-1.36885007833767e-05,2.44523958947211e-06,1.50352928891687e-07,4.74097758920129e-07,-2.13240085443498e-08,-9.51180830269213e-08,-1.51375678796138e-07,-1.29470045058604e-08,5.00467056555835e-08,8.01605881731778e-06,2.74148417909405e-07,6.34016798069711e-06,-2.57830484729562e-06,1.43327472841076e-06,1.36802121151866e-07,-2.18739654162207e-06,0.000936759986177793,4.52405738198488e-06,1.64539723302582e-06,0.00237624459186694,-3.30897661842261e-05,0.00020206459758755,0.277239638601517,0.000720919000743046,-0.35161087948458,3.65676292506677e-05,6.53234698914013e-07,3.28627223035026e-05,5.54053422965877e-05,-0.0129613414780213,0.000265478123321402,7.51223630378722e-06,3.00429354368576e-06,0.00182925498916644,1.35089348102256e-06,0.00030319236309236,-5.28106670748785e-05,-6.33998653655237e-05,-0.00244682207634434,0.00200047373562411,0.101145311448651,0.000259735243108548,6.39905358955488e-06,9.53046845826639e-06,1.18608616342113e-05,0.000128154836319836,-1.25524519536827e-05,-5.51508270036328e-05,0.000389370919591183,6.80819969730651e-07,-8.47393011763478e-07,-2.94891498725851e-06,-4.98629298383536e-08,-3.55097180444566e-07,3.09540728436264e-07,5.08533038641356e-07,1.98039342223505e-06,-2.00688917835703e-07,-5.92262442402899e-09,-2.98097012704205e-09,3.49614537101029e-06,-1.11673910668162e-09,-4.23243737625659e-06,-5.84097914089292e-07,-2.11141810345626e-05,4.28431937116695e-07,1.70584887420272e-05,-4.07469886032945e-06,-3.65937949312951e-07,-4.75869362751596e-05,0.00230942666229764,-0.000102471989401575,-1.22545719484067e-06,-7.79315583049252e-07,-1.01364996390224e-06,1.70534370929416e-06,1.50670837196556e-07,-2.97605232161589e-07,-1.54196440852797e-06,-8.51398802181155e-06,7.22869991376666e-05,2.81856592239629e-06,9.21894813172561e-06,-2.42722900747375e-06,-1.24959509083161e-06,-1.32058354111133e-05,-9.4566840633576e-07,-1.51488200088054e-06,-1.23443237674849e-06,2.65911627378052e-05,0.000171366770876381,4.25160696368291e-07,7.14082553023034e-07,-3.8791604750701e-08,-6.46269993675882e-07,-3.41398182170204e-06,-2.22142792522215e-17,-5.27133057495142e-07,3.98383913873777e-05,-1.17464283795422e-06,-2.19530342327686e-05,-3.63630562966302e-06,4.35543956121865e-06,-7.54644129974996e-07,2.77295323719058e-05,-6.35842628050212e-08,4.3080682574718e-09,-0.000210758439662754,1.05077532911163e-05,-3.3573238154904e-07,4.62860015681895e-05,-2.24401409927284e-06,1.05413616240021e-06,-7.60076780802351e-08,6.37986641736797e-06,-7.8968235978182e-06,7.99333631903199e-05,3.49813944354505e-06,-8.73420059089404e-07,3.46064629086766e-05,-9.25308938038543e-06,0.00171919173390505,-0.136297997325023,-5.57082301934079e-06,1.69592818433499e-06,-9.10303486233802e-07,-4.01302578933548e-05,0.00014233137861621,-4.83981065215974e-07,-1.82498034591288e-07,3.71659538067826e-07,-0.00160589528674033,1.6018750426851e-05,-3.89992658877912e-06,0.0011318142026209,-2.18512759700956e-05,2.52348199201619e-06,-3.13158322458001e-06,0.000618478138305353,-5.51845451630065e-07,-8.72102349194555e-17,1.20054421006145e-06,4.04115853558487e-08,5.6851818388077e-10,4.29379276646334e-06,-4.22771779524608e-08,2.47535449856051e-08,5.62742427991888e-07,-4.41835884134558e-08,3.43508326462477e-07,-8.9384021025417e-07,-2.92219030133305e-08,1.84596263100248e-08,-2.23755734270399e-07,2.58905995183272e-07,-7.8579164046462e-06,4.75070187231039e-08,-3.16069641248594e-07,-1.51857475429557e-09,-2.41191297173846e-07,3.67436287005389e-08,-1.04095267872163e-06,4.23722977198841e-08,-1.11525358793723e-07,1.65721853870055e-07,-6.1815571049075e-07,4.73997932275565e-08,4.34589057505718e-08,3.44106641281484e-07,-3.27223146739816e-05,-4.75781045310621e-08,2.33241612074302e-05,-2.746714893544e-07,6.90249043763943e-09,6.58995259552288e-08,-1.34427770541394e-07,-7.54118217249323e-18,5.012504574018e-10,3.42694949326753e-06,-2.01311217509249e-07,1.50452780484305e-07,5.47631771859243e-05,3.82746891688336e-08,8.99245248735931e-08,-1.33170088927555e-06,5.06085641577617e-07,-4.31107672903724e-16,-4.05649417040951e-07,-4.97057032840465e-09,-1.40485751182535e-08,7.47001272327693e-07,1.08429852687874e-07,-7.41815999289576e-09,-2.8941658288644e-07,7.84036049908951e-08,-0.000146571623648286,4.92724275224969e-07,-1.0199120486296e-07,-1.85966088091882e-07,-9.87953214382581e-09,-9.83048008848606e-09,-1.87724066778611e-07,1.26166525439826e-06,-2.05481514748191e-07,1.86945672739428e-16,-4.32495922774133e-06,3.51492658636973e-07,0.000209599063608689,8.86032206423456e-08,-4.17594796112154e-07,-1.05854125150889e-06,0.00108574609161405,6.36911365438864e-06,-5.23891648808034e-08,2.58321094009441e-16,-1.15624221639063e-07,-5.26814107856565e-07,-1.58607601722177e-07,7.53453983022262e-17,3.07483455484985e-07,3.10786571187038e-06,-4.74976040894244e-07,-2.53595412804382e-07,-8.50052447263731e-08,-4.56382788815488e-08,-1.63589395937838e-06,4.59001915406659e-08,4.88110309826071e-07,2.28758977410529e-07,1.01056795928024e-07,1.01947721570097e-06,4.17774740135161e-17,-4.07912202352503e-07,1.91725770653809e-07,1.24397237350824e-06,-1.25845431099799e-07,2.4109663737e-17,-1.22991028897782e-07,1.59995518211821e-07,-5.5609345810822e-08,-4.95125937731075e-08,-1.25485290525344e-07,9.29551265300047e-07,-1.77688685573808e-06,2.49836391745327e-07,-1.63652880584048e-16,9.31399104914112e-07,-1.255391188362e-06,9.76404264464764e-05,1.10650939920225e-06,-1.12650658379126e-07,-7.60041493696649e-10,-3.41740524767431e-16,6.56083647152671e-17,-7.43021396900077e-10,-6.64723222490107e-07,8.76845528555052e-08,-1.27448645617356e-07,4.48962185729788e-16,-6.099884205672e-08,-7.228976438747e-10,-7.01313496408154e-17,3.84379194871273e-17,-1.33782763440074e-16,1.54925900411589e-07,4.5752214761054e-07,-6.64452231145969e-07,3.93865802198128e-07,1.9642762116874e-07,4.05935920000588e-07,-1.95520145168833e-06,-2.59059478927592e-17,-4.31853601507889e-07,7.64050991784889e-07,-1.94331572182793e-16,3.88758945782267e-17,-7.79605529518892e-07,-3.8100954998118e-11,-2.93994614610933e-07,2.31520943092059e-07,2.97962978318887e-07,-1.60889545671622e-08,-7.28570539825275e-16,-5.44211693315753e-08,-1.46673829621432e-16,-1.8934472209274e-07,3.46809169923801e-16,-3.51423752811322e-07,1.74484976589704e-16,2.85331440692476e-07,3.98681475846746e-07,3.81205686387602e-08,1.08406695774717e-06,0.0103032487213552,-2.73703938316182e-08,0.000147713643111345,2.59112904407231e-08,1.26189226925721e-07,1.20195205000329e-08,1.95958692826645e-07,-9.07819599421059e-07,-1.43174093383978e-07,-1.17470781385062e-08,-2.8201696391933e-07,1.30928912926109e-17,4.2533983755493e-06,-7.39769603697214e-07,4.66116858611293e-08,3.38389140598479e-16,6.19327257276654e-09,1.68699183915198e-07,6.04739935650901e-07,3.63971453365796e-17,-1.62255569952032e-06,-7.82493188501417e-08,-7.48452502211324e-17,-1.03594130026807e-07,1.62035842175259e-06,8.74557539806494e-17,3.88073526111773e-16,-9.49483214518399e-08,-4.61559319555833e-08,-2.63461303234723e-10,-3.66313989609328e-07,9.77240254666091e-08,3.17448205215413e-07,2.77164127698697e-08,3.40954860685307e-07,-5.81045273879168e-07,-2.02886752537212e-15,2.34727057259478e-07,8.26620940837296e-10,2.2839805732275e-09,2.14059139963662e-07,6.15366116099937e-17,-1.17915469401916e-16,7.05570659212725e-08,-2.35590082382958e-16,1.32751445802926e-16,4.52181530186357e-07,-5.35910027235591e-07,-1.7899784714416e-05,-6.14853110044266e-09,4.18886873588481e-05,-1.12621536372497e-07,1.45295927261916e-08,2.63250754313989e-16,3.9404022476377e-08,1.84930337296161e-09,8.49918942622823e-09,-9.58378830661298e-07,0.000129581078308546,-9.12594192909319e-16,6.53441278126125e-17,2.77562394539432e-16,-2.96244260507063e-08,-2.8513441936494e-06,-8.32600953941198e-08,-3.49547094772564e-16,-1.21909360649865e-07,1.79455351522918e-16,-1.53121575651592e-16,1.83035351156729e-06,-4.0196369134357e-08,5.43618969284232e-16,-9.92631009690017e-08,-5.68080308871237e-07,1.47845480966853e-16,1.54316780266689e-07,-3.04998208305853e-16,4.14357387895518e-08,4.92281409843838e-16,4.13616648437289e-08,3.58177454058317e-07,1.43456940634399e-07,1.22137234477161e-08,8.39755351085491e-08,-2.92764933509644e-07,1.17472099088581e-07,-5.04109551500776e-16,5.44772514532578e-06,-0.000110447518100216,-6.40740892185223e-16,-4.01018591256384e-08,-1.18431684253173e-07,1.91767231182356e-07,4.1467868961955e-16,8.95609393503636e-08,1.31097093677542e-06,5.37787843315594e-16,-2.97281835849103e-07,-6.58534863017953e-08,-3.80944685869728e-08,8.41421049605008e-16,2.39858470747024e-16,6.25095438706956e-08,1.92635193201187e-08,1.56063838858577e-09,-1.79839475007691e-07,1.1890598228329e-08,-8.01918865058638e-16,-3.80246296107583e-16,4.36071104299424e-08,3.00756687632249e-10,-2.35749424290151e-16,1.0630625550521e-07,-3.04609173661589e-16,1.08954554970923e-05,-2.07500179195896e-08,-1.21350049473621e-08,-8.07405024605658e-08,-1.60927618149579e-15,-1.53032310917355e-16,2.86623889595392e-16,3.0231412488586e-16,-7.42548598789015e-08,-1.62404297340327e-07,-1.31608866353723e-15,3.89463743501537e-17,-9.85804174050371e-16,8.18714882647325e-05,2.08644533526899e-09,-2.98937106173391e-07,1.42963339901058e-16,3.07544788247238e-15,-6.10568453435212e-16,-7.80729458806411e-07,4.70403385442145e-06,-3.09816203948688e-16,3.02655619377727e-08,-1.28230813575796e-06,5.75888481557915e-16,-1.96937955338089e-16,-8.42899412952842e-08,-8.67258445878105e-10,-4.33524459019452e-08,9.00615176075702e-16,5.21274255403732e-08,7.93293704951042e-08,9.15929594155251e-08,-9.53323910502337e-08,-3.55085767797364e-07,3.33780096621623e-08,4.62816998033485e-15,5.0346511659403e-14,8.1977902696514e-15,2.69202888126288e-05,-0.404257333185819,1.46858910467876e-07,1.15640994405484e-08,-8.81435404169375e-15,-3.59181110606643e-16,-9.18858811518936e-16,1.01846589635163e-15,9.86487396189973e-15,-1.02509928887312e-07,-4.90693302272127e-16,-2.07472473686393e-15,1.91759600809367e-10,2.90242307140588e-15,1.18933562413735e-10,-2.21237120461896e-15,3.97735961434082e-11,1.65370976550184e-15,-1.92350608727221e-09,-2.8516479328103e-10,-2.18132908037849e-07,1.07545054359817e-16,1.31526055406652e-08,-7.04643489818998e-16,2.37465751305936e-08,-5.52604864769967e-07,2.79445631968893e-10,-2.52176041333705e-15,4.29434384242688e-08,3.08183906844827e-15,-1.12818858926578e-08,-6.38629673239066e-08,-2.77244198885295e-15,3.79488922078001e-16,2.93589926139134e-15,7.12704361393285e-16,-2.24050413490838e-10,-2.94822088938036e-09,-6.65986854142332e-10,6.09497333242869e-15,2.22692095411595e-16,-8.12791379532268e-08,4.17678750453581e-07,-7.76470966364315e-15,7.26964785174221e-15,-3.3348587527893e-09,-0.707106781192135,-2.39253123636555e-08,2.98453365338724e-15,2.31200911889988e-07,-1.50540471017441e-14,-1.26624746080871e-14,-3.15759193692779e-15,-1.22430394918225e-14,3.93536568439645e-15,-1.06582757317002e-15,3.1939549556048e-08,-2.23473296151276e-07,3.76413276303012e-15,-2.17052462421861e-08,8.2947783035714e-08,4.29960593912913e-15,-2.72131239958708e-15,2.3900437140977e-15,2.35728909150323e-15,8.32991863083629e-09,1.33747593414537e-09,6.19282983755178e-16,-1.04299032345736e-13,-1.5253680896464e-08,-5.4442990512407e-08,-9.0782759225393e-09,6.86853417040545e-16,-1.09929975390818e-15,-8.20686837285722e-16,2.44812102674656e-15,2.15553466531532e-15,1.64770033072227e-15,3.31019408066297e-08,-3.13793306612651e-08,-6.04705848709029e-09,-6.30795233535152e-16,1.06066325159799e-15,-1.89650001692469e-15,-5.83997268925793e-16,-1.03701826630375e-15,-7.33460283234962e-16,1.38072031206255e-16,2.00247107483355e-16,4.95008615678684e-16,-7.17640396070564e-16,-5.98599220337771e-16,-5.08927844952099e-16,4.17921634328319e-16,-6.29846813230445e-16,2.3674947341129e-08,9.25132888891748e-16,2.97399561694646e-16,-5.7043720280621e-16,9.44852773958082e-06,-5.85322044089332e-10,1.80562927551241e-15,-8.6786752242266e-09,1.64960618145505e-05,7.02942173499948e-17,3.16981679509497e-16,-8.65426016579982e-08,-8.72482454254033e-16,2.15878241425201e-07,1.1048962228452e-16,-4.6045151617081e-16,-6.96987993043891e-16,3.93271433363692e-16,1.09725031742181e-09,-1.50758218041699e-07,6.48521243899415e-16,6.83613505377983e-16,-9.6767036576698e-17,-2.86878188755518e-16,-1.6864764793012e-16,6.40412374297154e-17,3.64686439472424e-17,-1.84482522011192e-16,1.28400152920878e-08,-6.15188796743815e-18,-6.24268131847227e-17,1.95414920084498e-16,3.8094895586243e-16,1.33136635584192e-16,-1.49725239926047e-16,-3.68410706162106e-08,4.29171623223214e-16,4.32884110446636e-16,2.74894171440536e-08,-4.97323479110018e-16,3.13210121562161e-17,1.81507798733942e-16,7.734079127788e-17,2.53829977313974e-07,1.25348415651336e-16,-1.70943551843358e-08,6.55741016657362e-16,-1.02468857953185e-15,-6.72187022821929e-16,1.6557736525456e-16,-1.24167683399774e-16,-7.5498832911634e-16,6.19496173379216e-10,1.48775747639065e-16,-6.7388817496195e-16,2.41790530724754e-08,-7.75113401187371e-08,1.05814893148202e-16,5.43969814372364e-08,7.97160151066476e-09,-2.20814439409964e-16,-2.96084414817051e-16,5.24902728337592e-16,4.59523065837639e-17,1.13229640820221e-17,-1.34955926701549e-08,-4.71910385917173e-16,2.85303808168831e-17,-7.57328841026988e-17,5.41328927306574e-09,-9.69619892542046e-18,-1.98370903984167e-17,1.49287816760224e-16,2.79829455208388e-16,-2.47240281600464e-09,-2.43454821136698e-16,8.16662663178922e-09,-4.99136223490176e-17,-4.82374551625722e-16,-2.61111470375639e-16,3.56870688046278e-16,7.92242881805945e-17,1.93959696852823e-16,1.94556278598803e-16,-8.94688295970413e-08,-2.94020081508871e-16,3.17853478311246e-16,1.05449326278171e-06,8.2668232547886e-17,1.13465731959158e-16,-5.47927752260273e-17,-8.54260097068021e-16,-3.44010666986221e-16,-1.507429290726e-16,-3.96634670350401e-08,-4.39640109900773e-17,2.22182485382543e-16,2.75338605441304e-05,-1.5386056519623e-16,-1.59400664304857e-16,1.66322470272878e-16,-5.61622921531708e-17,-5.92002723574931e-16,-2.42421357367961e-16,-7.58502500976638e-17,2.14108018648433e-16,-2.24580991160375e-16,-5.69494474087414e-17,3.18646784391249e-16,-2.28208945058775e-06,1.42562539238103e-07,-5.79903990823008e-16,2.09140070175906e-16,1.47733128011045e-16,-2.1955401053959e-16,-3.01733464602716e-16,-3.84244885168246e-16,2.15388553919123e-17,2.06481040910262e-16,-1.79526163484915e-09,2.04780770385453e-17,-2.91300440654625e-16,2.5291285901943e-16,1.81961141286769e-16,2.30376859195324e-09,2.35448692189118e-16,-2.52588125801582e-09,2.82107559502693e-16,2.38734473385557e-16,-5.0275852215655e-17,1.92855944453823e-16,-6.28979956458449e-17,1.09614270409787e-16,-3.56655910520882e-17,2.34308007268751e-17,6.3104527692926e-17,5.62718353135151e-17,-5.94367167399328e-17,-6.90964433202483e-17,6.55252435447222e-17,-3.01385430489061e-16,3.57500067272153e-17,-1.31537714173552e-17,-3.36350658781077e-17,8.35413653864583e-17,-2.73090868699547e-17,4.86972019367699e-17,-6.7166324585477e-17,4.83070109701242e-17,-3.57277332292994e-16,1.25270754180985e-16,6.24263337708399e-16,1.75704599955952e-10,1.66416692164963e-17,1.49582827661433e-16,-5.09942245339898e-17,-1.85962879921572e-16,5.57436364273667e-17,-8.37899553292928e-17,1.68074820000829e-16,-2.97064007291578e-17,-4.98934468128792e-17,2.36621248510669e-17,-1.9895109865109e-16,-1.14314865102078e-17,-1.52811049503454e-17,-1.36107030613979e-17,9.38333639905468e-17,-7.25025491407071e-17,5.1442610566315e-17,-2.273566828274e-09,1.45673955028172e-17,1.38396845635148e-17,-6.19588922443169e-17,-6.88205886904861e-17,1.22636812140067e-17,1.89900559665053e-18,-5.14227636672958e-17,3.29248773081061e-17,5.81064848768805e-18,4.84251828383419e-10,1.3131843512693e-16,-8.81401319466673e-17,1.41326980838315e-16,-9.75820304540265e-17,-1.8896648136091e-17,1.17044312790654e-16,7.39970798595591e-18,5.55483265489129e-17,5.70663287788186e-17,-9.69256107345212e-18,6.08686991309605e-17,1.81606680035944e-17,-5.20180428161106e-17,2.45533836689099e-09,1.54240764931097e-16,-1.06054984777271e-17,-4.41694051960996e-17,-3.78278137980192e-16,-7.40699402535461e-09,1.28740181523839e-16,-8.11682806263437e-17,4.49725534611673e-17,2.71526002472962e-17,5.05439641209692e-17,3.22924381316994e-17,8.64150041101527e-17,9.54597512977387e-18,-2.39425294968339e-17,-3.63175597690014e-17,2.65161151203974e-17,4.28555365594586e-17,2.61139156496475e-17,3.47038755221047e-17,-1.1232431158884e-17,1.08781097392063e-16,-1.87636215437714e-16
"t460",-0.0361591287212512,-0.00939216196707396,0.00118167085454211,-0.101425670133522,0.0197041975570587,-0.00403441086359301,0.0215460159152814,0.000342958590843222,0.000115682351661088,-0.000363317195390651,-9.79136489781578e-05,-0.0933993444902439,-0.0624580729315293,0.00618454966336972,0.00118467209317909,-0.00158835288786142,-0.000178816705138607,0.00172377298361079,-8.15765527476928e-05,8.10616129698878e-05,-0.00185341384230668,0.00069068629578303,-0.00268202462839418,0.0679637532034999,0.0220444576328391,-0.000182285848021618,0.000174837983534309,-0.000138050954332973,0.00141877074857047,0.000518519471199703,-1.52976616281936e-06,2.27696329707409e-06,-0.000242216688522414,7.48707348392044e-06,-4.10834203934349e-07,2.34547733712957e-06,0.00025012783575923,-1.17134961126866e-06,-1.09928588146927e-05,-4.12360331737306e-06,-0.000428985937616832,0.000149341335541449,-0.226660121352249,-0.00172446370954428,0.00423919848621996,-3.45261366476036e-05,6.76027879673299e-05,-0.000533290515156444,5.32032954420109e-05,-0.000110578622925948,0.0202978259335326,2.41673592520358e-05,-2.34103827888555e-08,-2.59095684818239e-05,2.91727495487981e-06,-3.1360994007201e-05,1.23496330901095e-06,-8.07692385148667e-05,2.73219822229792e-05,-2.77228925316719e-05,-2.34031421346113e-05,3.60314944287051e-06,-0.000118350403773065,6.32382633198461e-05,-5.04129157139411e-06,0.00739916972453971,-3.87054741622319e-07,1.39460026923389e-05,-3.8023497172861e-05,1.471963616382e-05,-1.58038373807759e-05,2.26183099698214e-05,-1.00875490882409e-06,-7.26235592855903e-05,3.01138779646658e-05,2.84617345149663e-08,-0.000158195822327236,2.84558367611685e-06,-9.67113373173379e-06,-1.10603417804046e-05,3.10494843556217e-06,4.60839185799511e-05,-5.37101298994367e-06,-3.31863189282419e-05,1.92711125696466e-06,0.000407380532313235,-2.46507869502605e-05,-4.41344676674395e-07,-1.4446819477346e-07,3.76717107119359e-05,-9.23854112732861e-07,2.20015708454063e-07,1.9696844656671e-06,-0.000195674437361514,-6.64099495832386e-08,-2.13718966736902e-05,-4.83054596210704e-06,1.15288350954754e-05,-1.72066058361436e-05,-4.2921374329487e-06,-8.70589208440297e-07,6.94051274729829e-07,-1.17310723760472e-06,2.73592440350897e-07,-1.14376959308233e-07,2.03580932533196e-06,-5.6582052322114e-06,4.71916867127161e-05,-8.00418941318135e-07,1.84199524363093e-07,7.99452126073223e-07,1.71015915609888e-06,-2.84378810924021e-06,1.7495458709695e-06,-8.04497962245113e-09,2.36538472502107e-07,-3.01164368562484e-07,1.80034262139662e-07,-4.67686887081478e-08,-1.37537076347869e-07,1.05276032947642e-06,-7.07342990138866e-07,9.53426368124722e-07,2.64952427795847e-06,-8.99344114149603e-07,1.11186882897438e-05,-1.15059485677549e-06,4.35057077861123e-07,-1.21713179437687e-06,-4.02670864076694e-05,1.30482896855287e-06,-4.65303339944188e-06,9.43680277422742e-06,1.18032150054579e-06,-4.66417261144776e-07,-2.18199084379127e-06,1.50701042305151e-08,1.14061659586461e-05,-4.14909343047215e-06,1.1986385888524e-05,7.86360488355833e-07,3.08546601514958e-05,-6.16043797586172e-06,-3.9640777453127e-07,-1.25074232528506e-06,8.33913373421486e-08,4.31939460768675e-06,-7.33049562565164e-07,-4.92272960816085e-08,1.29000378658165e-07,2.01432930178931e-05,6.14651519326298e-07,1.33629923167772e-05,-5.08574093991642e-06,1.75360719153797e-06,1.57282454421987e-07,-2.41016807301607e-06,0.000464135333167021,1.8654791141512e-06,6.59207731886733e-07,0.000808028644606672,-1.08660110403272e-05,5.25750129496042e-05,0.0699756855927497,0.000139204249376834,-0.0493501154531579,1.80339037918302e-07,3.28046546788402e-10,-2.0778908650341e-08,-9.74154206489241e-07,0.000480880008141413,-1.05888884429037e-05,-5.82386414785e-07,-2.677477685843e-07,-0.000208286562416317,-1.61951358149728e-07,-3.72808547562454e-05,9.44484590721562e-06,1.49032968643806e-05,0.000598573968308581,-0.000507571367568312,-0.0283676678770312,-7.55095738346228e-05,-1.92441122970539e-06,-2.95599704448052e-06,-4.05278310387126e-06,-4.47888316962906e-05,5.22923358444813e-06,2.30975452301659e-05,-0.000171794970742129,-3.42412079139555e-07,4.69783384059517e-07,1.68742174272216e-06,2.98603631645048e-08,2.19730393333079e-07,-2.10034529202272e-07,-3.51690720798902e-07,-1.42450705803448e-06,1.471546350994e-07,4.98838768508509e-09,2.52626600419349e-09,-3.12775409475573e-06,1.05153242125202e-09,4.47406743830405e-06,6.1776040629139e-07,2.25603815265187e-05,-4.72109032507365e-07,-1.9197355971546e-05,4.84266940070066e-06,4.64159232134406e-07,6.34941088932528e-05,-0.00312906415621948,0.000148569503536525,1.843009440864e-06,1.17316305008608e-06,1.56936303806554e-06,-2.83065873947862e-06,-2.53401509726468e-07,5.36223408249991e-07,2.91089464167746e-06,1.63309047621375e-05,-0.000147943750149916,-5.85710687511973e-06,-1.94784330190046e-05,5.39249642330988e-06,2.80425484616169e-06,2.9708687055945e-05,2.24551477466213e-06,3.7158844708682e-06,3.1386147536617e-06,-6.87143616517536e-05,-0.000450305468403782,-1.13482172701571e-06,-1.91445065325338e-06,1.08325676691234e-07,1.85094718203884e-06,1.00488405046727e-05,3.66398578196104e-16,1.61347625034432e-06,-0.000122895035708954,3.82414393951815e-06,7.4493586425733e-05,1.27675080734024e-05,-1.53238298125339e-05,2.82889019636026e-06,-0.000105063423724519,2.42099938846387e-07,-1.67937845909963e-08,0.000834776222640321,-4.28502995497772e-05,1.38695112596402e-06,-0.000192238291132761,9.59723766785146e-06,-5.10377829056672e-06,3.84782703258951e-07,-3.35308105521856e-05,4.50794506436138e-05,-0.000459027659797504,-2.13087194327065e-05,5.50169199686941e-06,-0.000228807237873567,6.21466935127418e-05,-0.0117392786358743,0.952456292635197,4.02997848362837e-05,-1.23173735995968e-05,7.23577346109428e-06,0.000319658735568313,-0.00113643514519106,3.96270313807836e-06,1.5084028217671e-06,-3.16632481665774e-06,0.0137592147004087,-0.000166475615180404,4.14523048128703e-05,-0.0122489728154031,0.000246653365115884,-2.94824149490016e-05,3.96499010982178e-05,-0.00802198995669209,7.29757741032032e-06,-5.65315058864076e-16,-1.69995017339861e-05,-5.77527463220275e-07,-8.37602143596114e-09,-6.81618266490392e-05,7.17809973531001e-07,-4.34403181613962e-07,-1.00413170853499e-05,9.96943649157139e-07,-7.88093235665658e-06,2.06000837953088e-05,7.28863037758292e-07,-5.94810142628372e-07,7.58224292606839e-06,-9.09771928714005e-06,0.000313945579652755,-3.79695631275459e-06,4.20799678957699e-05,2.10216692370986e-07,3.37878773241857e-05,7.93270560664682e-06,-6.01539515763036e-05,2.24713658834094e-06,-5.28527686030235e-06,6.96715421454737e-06,-2.51262055018635e-05,1.51616710469742e-06,1.36862266860193e-06,1.05392269478738e-05,-0.00098382805901429,-1.34977350848986e-06,0.000623298407051072,-6.97069705961271e-06,1.71439616893514e-07,1.58004991590738e-06,-3.00434363924007e-06,-6.58129996720424e-17,8.08116968736752e-09,5.38461273191734e-05,-3.04889544346272e-06,2.27622423491394e-06,0.000827596759016596,5.73413088344547e-07,1.32570413010874e-06,-1.9269847384869e-05,7.06194519658025e-06,-4.13820151170361e-16,-5.24431302666488e-06,-6.36923474474651e-08,-1.76697229924847e-07,9.3749830385951e-06,1.30271768849757e-06,-8.71150005802374e-08,-3.29558632097033e-06,8.74827587131848e-07,-0.00156872287034852,5.08799380986886e-06,-1.03054468367127e-06,-1.85685506100087e-06,-9.79330311612866e-08,-9.62198967123236e-08,-1.83489482639238e-06,1.22241807186115e-05,-1.977547139798e-06,-7.84319711410263e-16,-3.96789029835661e-05,3.14536552847367e-06,0.000814673109324322,7.84890076265363e-07,-3.68524884071518e-06,-8.93784316525345e-06,0.0090590819265858,5.30186752493204e-05,-4.32338390004564e-07,-1.31119241595991e-16,-9.4495455862449e-07,-4.29011513694453e-06,-1.27479068032188e-06,3.87519200908916e-16,2.43747084833428e-06,2.45578408662078e-05,-3.7469930610851e-06,-1.99379037649278e-06,-6.64564534483198e-07,-3.55305482496125e-07,-1.26945064491022e-05,3.52815940437519e-07,3.74772470932076e-06,1.7451934742048e-06,7.62470665512806e-07,7.68763443633266e-06,-1.09894358171955e-16,-3.01226392164219e-06,1.41080858666764e-06,9.08343255396695e-06,-9.08455009939689e-07,-1.0997793971252e-16,-8.67033214239703e-07,1.0998260315155e-06,-3.78130456148715e-07,-3.35003318296219e-07,-8.44051781746261e-07,6.18582491305691e-06,-1.1627314492363e-05,1.57252820375754e-06,5.73325128276941e-17,5.68077603925436e-06,-7.63674510868026e-06,0.000590740525915052,6.64501806672146e-06,-6.76128994763383e-07,-4.55232433251731e-09,2.23779328401008e-16,-7.35533036506796e-17,-4.39845192559574e-09,-3.89597812213155e-06,5.13295392276259e-07,-7.39598724589693e-07,2.41396511043815e-15,-3.47490741287065e-07,-4.08531351384021e-09,-1.39259413439399e-16,-4.41585836895646e-17,-1.91265142501589e-16,8.54516497438553e-07,2.5158978333601e-06,-3.61613044630739e-06,2.12497162911903e-06,1.05868557547874e-06,2.16782583097842e-06,-1.04303354576105e-05,-5.65479676288482e-16,-2.26124464672493e-06,3.97419884209365e-06,2.14210358415787e-16,7.41693638980326e-16,-3.94619128932637e-06,-1.91492264795899e-10,-1.46268514712119e-06,1.14343766456129e-06,1.44825032504329e-06,-7.79729784029919e-08,-1.13065947995566e-15,-2.62644052354503e-07,1.72433627573102e-16,-9.01355291740365e-07,3.43421038134784e-17,-1.65232784761426e-06,3.72255744199424e-16,1.31441575492895e-06,1.82724917257426e-06,1.45368689830708e-07,3.42122474857399e-06,0.0267351476136895,-3.11080230503368e-07,0.000945703613899156,1.39759392755432e-07,6.80202450954968e-07,6.35781307340065e-08,1.01176635548536e-06,-4.58640380883313e-06,-7.13615219318347e-07,-5.80331543184378e-08,-1.38772189554197e-06,1.33490200703069e-16,2.0700491571539e-05,-3.56698137582162e-06,2.1980027793081e-07,2.14513008063794e-15,2.90381804409329e-08,7.84503411369359e-07,2.80274637436889e-06,-6.21533092114147e-17,-7.50708617433691e-06,-3.59643356157389e-07,-1.2726031016296e-16,-4.74619003465523e-07,7.2897854003577e-06,8.09879977944788e-17,4.96660259866393e-17,-4.2427528293812e-07,-2.06123329883579e-07,-1.17327965490528e-09,-1.62601853597677e-06,4.30653607971205e-07,1.39807614753374e-06,1.21959455629649e-07,1.48626587615228e-06,-2.51388732565286e-06,-3.05745012640912e-17,1.01269397392027e-06,3.56461298900854e-09,9.83254468276182e-09,9.196638228864e-07,1.07340413029178e-16,-2.99265092582157e-17,3.02299725651648e-07,-1.59451873030203e-16,1.45557875151997e-16,1.90451538240499e-06,-2.25058422489615e-06,-7.51665470737691e-05,-2.56558773059012e-08,0.000174638233914472,-4.69444521533195e-07,6.04924887336302e-08,3.28858468506426e-17,1.62005042558178e-07,7.58284428138669e-09,3.48190705407926e-08,-3.90896290222672e-06,0.000524277613982886,-3.8818719553463e-16,-6.55497009275326e-17,1.56487904495379e-15,-1.18464306413247e-07,-1.1344130697992e-05,-3.31122982188849e-07,-9.93218520989548e-17,-4.82431815868925e-07,3.86184160288486e-16,4.04370333334095e-17,7.08359815377072e-06,-1.55518360615123e-07,3.10081821330854e-16,-3.81891355373348e-07,-2.17833229648306e-06,4.96741566845381e-16,5.87690024211917e-07,1.18026399275006e-16,1.56475356138917e-07,-4.33598086907364e-17,1.56075678705405e-07,1.35075449166902e-06,5.40637905057101e-07,4.59857725673657e-08,3.15502216103358e-07,-1.09102029500859e-06,4.32655869779828e-07,-4.51088006538037e-18,1.97579287689256e-05,-0.000399893959658965,3.47619706922877e-17,-1.44865107718331e-07,-4.26030363985011e-07,6.87183515311613e-07,-5.43270632256252e-17,3.16584563252173e-07,4.62111517327324e-06,-7.55639657604601e-17,-1.04394977302702e-06,-2.30817841764167e-07,-1.32568658869234e-07,-2.93578217517917e-17,-2.85638456479655e-17,2.13655284772748e-07,6.53061386281237e-08,5.281713421539e-09,-5.84448395783283e-07,3.83547413093138e-08,-2.93309666320475e-17,-1.64658407083744e-18,1.39913006526383e-07,9.64315182581648e-10,2.00862152444891e-16,3.3767020289023e-07,-2.29920860539237e-17,3.42808770807872e-05,-6.43895290679003e-08,-3.76177746576391e-08,-2.49274831906239e-07,-4.34577664726333e-15,7.56131197362601e-18,-2.52902161330536e-16,-4.32533516601567e-16,-2.20059321654336e-07,-4.79489548290878e-07,-9.09459900675352e-17,4.96624034197238e-17,7.41574784692116e-18,0.000238310612556464,6.03403622028231e-09,-8.48539269134134e-07,2.93267704785123e-17,1.34170018845081e-17,1.02809471005938e-16,-2.04795766852788e-06,1.2299057105662e-05,9.14806000800066e-17,7.59924706375756e-08,-3.16101376067993e-06,5.8213660758885e-17,1.57287979084281e-17,-1.97790922803509e-07,-2.0261999837926e-09,-9.78738463416183e-08,1.3568716381303e-16,1.09951461315158e-07,1.59989098462645e-07,1.71477191052141e-07,-1.56112717317375e-07,-5.55917072508931e-07,4.73371522937869e-08,1.47134278769955e-16,1.2761706779574e-16,4.93728696758318e-17,1.14205367859127e-06,-0.00380370509821013,-4.23971377813303e-08,-3.42139109038463e-08,-1.81592513066412e-16,-1.41463249162527e-17,-2.29113174920437e-17,-8.58480321302715e-17,-7.92280717485407e-17,1.79626862385085e-06,3.86670110375637e-18,1.55530164174505e-16,-2.63842133970439e-08,3.13504589914763e-17,-2.36170671313762e-08,3.78761350800408e-17,-2.92771240816303e-08,-1.74705414965767e-17,-3.53904089868106e-08,-4.42712222406357e-09,-2.79233666722683e-06,1.14372568255606e-16,1.41866050244915e-07,2.98367893140581e-17,2.00900478957164e-07,-3.87821713161936e-06,1.94896895505017e-09,7.4094525141746e-17,2.84077640391777e-07,-7.52213878553404e-17,-6.96991705711826e-08,-3.93374810197506e-07,1.83713490190649e-16,6.53246096533352e-18,-8.28735661432064e-17,-4.58775115089705e-17,-1.31862568213195e-09,-1.71645062995712e-08,-3.83103654709087e-09,3.42136352775677e-17,1.96002974474728e-17,-4.44523928140221e-07,2.27973732159332e-06,-3.76252629148065e-17,1.06802534889083e-16,-1.73735944386209e-08,1.15846950509308e-13,-1.23052733930651e-07,-1.79854743638901e-16,1.15989563412243e-06,1.68597128592277e-17,4.07323828734858e-16,-5.04917469221288e-17,5.67094046882193e-17,-6.31607036222779e-17,4.77526831385123e-17,1.53561202809479e-07,-1.07389530075835e-06,-2.465436194574e-17,-1.02974811452734e-07,3.91518031742832e-07,-1.05148385043692e-16,8.19360240389318e-17,-2.91532276968192e-17,-7.37372077210057e-18,3.85194825418863e-08,6.15724468302324e-09,9.44637811937303e-17,-2.95387720868066e-13,-6.98828150778959e-08,-2.49268835044878e-07,-4.14787648831479e-08,-3.03019273957479e-17,-4.00288646168332e-17,-6.41858178249572e-17,-4.12848364815026e-17,-1.53615131996897e-16,3.60786808888408e-17,1.46667497735389e-07,-1.38672176215027e-07,-2.66550605531774e-08,1.42668414604046e-16,2.87690640649474e-17,-9.19928509068528e-17,-8.36805197731889e-17,1.2621379642581e-16,-1.48498078055294e-16,-4.95137907165266e-17,-3.59346471276807e-17,-6.9751840005494e-18,3.28529987084171e-17,1.26960226417137e-16,-3.10075607913606e-16,4.24657957340037e-17,9.20423854548043e-17,1.00453135977688e-07,4.06007848128114e-16,-5.56030710743132e-17,-9.78786085571709e-17,3.9911397624241e-05,-2.46994116807387e-09,-2.60251361326371e-17,-3.6599344916285e-08,6.91997771036857e-05,-4.13776241753016e-17,1.09162773259666e-16,-3.60738323578338e-07,-9.25282753614167e-17,8.93149768067609e-07,-1.17770572440605e-16,-5.92437067283969e-17,-3.77197346138704e-17,-1.37268245557305e-17,4.48928890079861e-09,-6.16361569781921e-07,4.98309376083597e-17,-9.16429552733088e-17,-1.09589343811244e-17,4.95659519253267e-17,-7.05273513201821e-17,9.58708185878123e-18,-8.33754006152398e-17,-3.81127486536306e-17,5.07346871952757e-08,-1.17241870493644e-17,4.14822966178869e-18,-2.47388410296853e-17,3.41569452590297e-17,-3.35200357350577e-17,-4.79703634533642e-17,-1.44616317724704e-07,7.23990845584369e-17,-8.0450122665041e-17,1.07779410347971e-07,-1.10050329928453e-16,-1.7341225580977e-16,-2.01654886354984e-17,-6.44668713323857e-17,9.81974219143852e-07,9.12889543815186e-18,-6.59796674154681e-08,5.33152092939228e-18,3.86239963788599e-17,3.28987860419576e-17,-1.73096476727337e-16,-1.95346476208409e-17,3.02451901051835e-17,2.3800843192886e-09,-5.76134084321978e-16,-6.55005025404392e-17,9.25733202960094e-08,-2.96712912772135e-07,2.31971257594658e-17,2.07620356501758e-07,3.03979439044491e-08,5.76261056370729e-17,5.59579195348047e-17,2.13175839204951e-16,9.17546695679574e-19,-1.59079994569826e-16,-5.07951383241674e-08,-2.02306601524016e-18,1.17494033824388e-16,1.70965373058006e-17,2.03089248462498e-08,-2.24749280165691e-17,-8.0558985307132e-18,-3.2253487681135e-17,-1.35407457936183e-17,-9.23675276783833e-09,-5.83782441015505e-17,3.04709547817618e-08,1.50592217742112e-17,2.66699339465045e-16,1.26223669445431e-16,3.49414683111415e-17,-4.06696767776275e-17,2.22178634223136e-17,6.25014445896465e-17,-3.31605128852488e-07,-1.9166548105547e-16,-5.39732720479184e-18,3.90201147913717e-06,-4.38991168170016e-17,-2.82023532207508e-17,-7.7344492215703e-17,1.69209422073417e-17,8.59013579760107e-17,-1.25794379241942e-17,-1.46033868142776e-07,2.86125070931787e-17,4.75788646522152e-18,0.00010115045767111,9.16349280823427e-17,4.34193199975365e-17,2.49868720608298e-16,1.18637899589271e-16,-1.13013973190361e-16,1.11050548660848e-16,2.81590090245985e-17,-6.52498003970968e-17,2.42303456580383e-17,1.31768513414696e-17,9.61564064452327e-18,-8.316825927321e-06,5.19063568532984e-07,-1.16320205243988e-17,-4.12307237699166e-18,2.48770287645276e-17,3.08736542682225e-17,4.8463837110102e-17,1.8454088502095e-17,1.02316734974989e-16,-2.39516792968833e-16,-6.5047240037927e-09,-3.82319269676955e-17,8.2800262506424e-18,-7.81063997755901e-17,-9.51203072262976e-18,8.31334572148021e-09,1.65650218357044e-16,-9.07390097639222e-09,-1.14791396264017e-17,-1.46318915460705e-17,6.68484653991152e-18,-1.47831482544264e-16,3.60339257733982e-17,1.8088977305105e-16,8.90383587542933e-18,-1.0174334732617e-16,6.40773921153221e-17,5.38859720590059e-17,2.49025672730823e-17,3.19989150406082e-17,1.68319935592237e-16,-2.31323009790356e-17,-1.51130594359231e-17,-1.3821473107817e-16,-7.86149925544902e-18,1.60287030482089e-16,3.18321957904785e-17,-5.09679727631819e-17,1.0397498834136e-16,-9.18808008448867e-18,-1.40163522635861e-17,7.70235733293319e-17,2.07380208387566e-15,6.21213339000528e-10,-1.11063542778043e-16,4.60907211431073e-17,1.97221494383744e-17,-1.1949857243389e-16,-8.23230302970755e-18,1.42889548677719e-17,-1.78864157012088e-18,2.46520395042122e-17,-4.01654295340003e-17,-3.17810997465728e-17,-2.36030812950094e-16,-6.8720790187497e-17,3.5674196979929e-17,2.7289033765598e-18,-1.88814605350278e-17,-3.52221100697705e-17,-1.39906764172875e-17,-7.95634449072944e-09,-2.95190567095675e-17,-1.87082775228383e-17,-2.0804227711869e-17,-1.2356896430208e-16,3.86850802031677e-17,9.75116482292375e-18,-1.35495545862995e-17,-2.26767664906768e-16,-3.13319807571605e-17,1.67746336569043e-09,1.22684422761577e-16,2.23359269674609e-17,1.74152358316652e-17,-5.54128744219443e-18,-4.64619716928084e-17,-5.0597031321498e-17,2.9170305834328e-17,-1.02674112375658e-16,-3.70814900909868e-17,1.35583393939692e-16,-1.74863054374659e-18,3.36129590213066e-17,7.64131779296851e-17,8.42175737930679e-09,8.65740739332518e-18,3.99433873095664e-17,-2.05543248553327e-16,-1.04300248993106e-16,-2.52919679405681e-08,-7.79607025661574e-18,-2.91300748434738e-17,-4.19104076812357e-17,1.02483178749254e-18,3.29407078724726e-17,3.45483086409365e-17,1.90570083074256e-16,1.00598439285925e-16,-3.51269547683578e-17,1.9828525415654e-17,1.15527978328308e-16,2.6012516183752e-17,-5.25564514929721e-17,-3.21054611362078e-17,-1.45852511608264e-17,4.22849003341186e-17,-1.24356584998188e-16
"t868",-0.0375903977297801,-0.0102660940934261,0.00129601648469196,-0.115749386176546,0.0234141007406213,-0.00501070667017712,0.0269322551291175,0.000440902996499844,0.000161521179422421,-0.000599352743194192,-0.00030424499218639,0.14087292004422,0.0576654413346441,-0.00441421633642418,-0.000362287197077729,-2.49502621227644e-05,-1.92902709051393e-05,0.000289220021513825,-1.90865204454597e-05,3.30126614371094e-05,-0.000942017481668064,0.000361016149180922,-0.00103162538383186,0.0244915915765449,0.00753987264919466,5.63473213890457e-06,-3.5463263569476e-05,5.13800850954478e-05,-0.00175820637085752,0.00227447994708178,-7.59417063646798e-06,1.4958915810064e-05,-0.00833973879218396,-8.25359959310676e-05,1.51417899699185e-06,-3.01471605092657e-06,-0.0002723791213993,1.02668151152495e-06,8.73130750406931e-06,2.59857037307426e-06,0.000153910075124576,-2.36525051286663e-05,0.00956047742957841,5.65073801526196e-05,0.000421973118078455,-2.11476703412925e-05,5.46416931099473e-05,-0.000487572878318926,6.86557590240931e-05,-0.000217004174182035,0.0937571332677083,0.000265798461843626,-3.21472757780742e-07,0.000323496513158259,-7.56000274195899e-06,7.22201123653775e-05,-7.89761779366458e-07,3.96111669270944e-05,-1.29840607255292e-05,6.5875737982368e-06,2.72505741799927e-06,-2.43311390489705e-07,3.8039020208491e-06,-1.50505808669659e-06,-1.51138343685806e-07,0.00028434409005416,-7.66492666873124e-08,3.22527995835446e-06,-9.38362956821158e-06,4.03950877584243e-06,-6.51213980483876e-06,1.1612420627055e-05,-5.33864312263568e-07,-4.0837844609595e-05,1.70601102112761e-05,1.65388896719612e-08,-9.28508704396142e-05,1.75301948073006e-06,-6.6244910183665e-06,-7.90074574809684e-06,2.38138101720979e-06,3.5892055631523e-05,-4.68233317663889e-06,-2.99422669595523e-05,2.02275574406032e-06,0.000446351791997114,-2.82332464742485e-05,-5.09177670563173e-07,-1.66990319589397e-07,4.37540034122923e-05,-1.09174204599723e-06,3.09080576640886e-07,2.81415154889804e-06,-0.000315004153754528,-1.35261560322453e-07,-4.52930730223869e-05,-1.02566287142693e-05,2.7256511951821e-05,-4.24497883294297e-05,-1.26379006108248e-05,-3.03248165610877e-06,2.45717664108397e-06,-4.23114547571775e-06,5.03388894775326e-06,-2.94937207338095e-06,7.59454567936539e-05,-0.000960724366513574,0.325695509571647,8.06815749448223e-05,-7.4074143705238e-06,-2.69596504578606e-05,-2.99397433928594e-05,4.71798258018666e-05,-1.45591889530529e-05,6.20767887018168e-08,-1.64815702149938e-06,2.06758629749519e-06,-1.38709095057467e-06,8.55281019658701e-07,-1.31993243346379e-06,3.51532355616776e-06,9.80523426990782e-08,-5.40108470644254e-07,-1.52665301859255e-06,5.48442771195272e-07,-8.41730107839187e-06,8.79217318899492e-07,-3.52525954982088e-07,9.82812596241113e-07,3.24930248480814e-05,-1.04750836980056e-06,3.53995222454701e-06,-7.09266308892698e-06,-8.79157196520757e-07,3.34292803923437e-07,1.55531688030373e-06,-9.85031557306274e-09,-6.93683462175175e-06,2.28308390225421e-06,-6.57686986066775e-06,-4.24071984446699e-07,-1.64930134732212e-05,3.24640599356341e-06,2.07761398472071e-07,6.55479036938527e-07,-4.20205010644981e-08,-2.01034194334884e-06,3.13948711047943e-07,2.06393862758679e-08,-5.15589148310041e-08,-8.01977259404099e-06,-2.4018027073461e-07,-5.16392184054476e-06,1.94035591782511e-06,-5.90717678984634e-07,-5.18570988584571e-08,7.82404274459818e-07,-9.13319407041191e-05,-2.92900969024008e-07,-9.91016336869024e-08,-8.88221577349055e-05,1.09521404960143e-06,-1.88523343017058e-06,-0.001892463992503,6.24571539244306e-06,-0.00102195057478107,1.8264828277296e-05,3.48346460072371e-07,1.7850438714414e-05,4.40338939783532e-05,-0.0278183383869881,0.000767180387096774,-6.20190411285449e-06,-2.02696355742082e-06,-0.0570975116698141,8.07311494958547e-07,5.29789556158008e-05,1.48775120389919e-06,8.76649525242031e-07,2.79843359136196e-05,-1.86817314064944e-05,-0.0004261334124421,-6.92006174656462e-07,-8.76883834259471e-09,-3.30639779094478e-09,2.06166419127492e-08,2.48859192930423e-07,1.81259911668362e-08,9.47942731084898e-08,-1.99765531100125e-06,-1.45155833736599e-08,3.79721515944479e-08,1.64776389474085e-07,3.79709070915616e-09,3.37410082650108e-08,-5.61563901617109e-08,-1.06569401986127e-07,-5.7158949356997e-07,6.87859416535055e-08,3.42117579713174e-08,3.43332889430207e-08,6.00033835119459e-06,-1.02075657625425e-09,-2.16559716924831e-06,-2.98381572009504e-07,-1.04543844389485e-05,1.94904838388728e-07,7.37111955451448e-06,-1.56183300414166e-06,-1.20221460289277e-07,-1.17957048797631e-05,0.000415155626282144,-4.79589268825749e-05,-4.90898218372424e-07,-3.11417672399252e-07,-3.82899955942786e-07,5.96485587659671e-07,5.21933512184279e-08,-9.93177017129921e-08,-5.06688914293502e-07,-2.78737767973626e-06,2.35276463355413e-05,9.184388942082e-07,3.01206658908269e-06,-8.09288575693919e-07,-4.19628270364059e-07,-4.44336716629492e-06,-3.43059030484925e-07,-6.10972839544948e-07,-6.77918607674871e-07,2.19172897423892e-05,0.0152981313093309,-1.51235500853435e-07,-1.57463997824266e-07,-3.69244511596154e-09,-8.97129655011212e-08,-5.56370658782045e-07,9.86714726487852e-17,-9.55177825755363e-08,7.31612338172318e-06,-2.29502375204707e-07,-4.43653642692458e-06,-7.59705779744309e-07,9.1219884418852e-07,-1.86143231813311e-07,7.33474645773914e-06,-1.7559429315013e-08,1.87581551620638e-09,-0.0114987002335658,7.1880278685429e-08,-1.71569513815714e-08,2.86891457677646e-06,-2.07246135205026e-07,1.08527614556875e-07,-7.33261707638709e-09,5.70272037019135e-07,-5.50866907813694e-07,5.44800709061555e-06,1.7843795721057e-07,-3.51377031130631e-08,8.05652798523582e-07,-1.61245213582159e-07,1.90079662701351e-05,-0.000245368134256949,7.17752145925434e-08,-2.48270467219802e-08,5.34764536769831e-08,2.40321944736401e-06,-8.70680986162236e-06,3.64063446390926e-08,1.47161124527782e-08,-3.49802930969086e-08,8.48707083122111e-05,-6.92996148181486e-06,2.7482573133643e-06,-0.00250647323627941,-3.76763363669965e-06,-8.48108026360997e-08,5.93982267849862e-07,-7.46386436961385e-06,1.37135111314124e-07,9.09305906285166e-18,-3.82986324472285e-07,-1.32737948606623e-08,-2.04424931892773e-10,-1.8746353286899e-06,2.15051342400564e-08,-1.3501227462305e-08,-3.17562386833045e-07,3.81838125227354e-08,-3.05109094343101e-07,7.99827003366634e-07,2.96608947933147e-08,-2.72894598214988e-08,3.54569252711569e-07,-4.31011195748197e-07,1.55049764592908e-05,-2.16451512574792e-07,2.58142543555651e-06,1.38446699279301e-08,0.000612972548274998,5.39436299579648e-07,-4.6329357040665e-06,1.75667429221809e-07,-4.22125535129652e-07,5.70798012894098e-07,-2.07439378296045e-06,1.32879867959923e-07,1.2033779391065e-07,9.26996293445059e-07,-4.53444949462511e-05,-1.23765135789473e-07,2.98986277538038e-05,-6.65150343168388e-07,1.64806780463607e-08,1.5388992949728e-07,-3.00988106763729e-07,-1.37592080708468e-16,9.55854278132495e-10,6.469955774094e-06,-3.70291477678905e-07,2.73075172066399e-07,7.13425798488888e-06,7.13813711728528e-08,1.66464392226368e-07,-2.44991982936093e-06,9.21354951988171e-07,-1.37155273821703e-16,-7.25958530882106e-07,-8.88149090265532e-09,-2.50272125982542e-08,1.3303336381249e-06,1.92075072188562e-07,-1.31146494723352e-08,-5.10528909147376e-07,1.38018749546207e-07,-0.000135050679827289,8.92029246268926e-07,-1.84858371323713e-07,-3.37764980189295e-07,-1.7972405479934e-08,-1.79410221019432e-08,-3.42735173449973e-07,2.3093937860053e-06,-3.76912484433665e-07,-5.70897151005199e-16,-8.06836514569731e-06,6.40216893963599e-07,5.3589733153189e-07,1.66980852197335e-07,-7.87139785525633e-07,-1.7684411603376e-06,0.000166289466955608,-3.26156183634964e-05,-1.54267200512886e-07,2.90089692636322e-16,-2.92840823280454e-07,-1.30873842057301e-06,-3.83371147939528e-07,8.91089586300675e-17,7.43799146581839e-07,7.53467324448056e-06,-1.15310075160118e-06,-6.176411922139e-07,-2.08370843317164e-07,-1.12495136353115e-07,-4.05143915407319e-06,1.15465689408621e-07,1.2303378249503e-06,5.83653093214128e-07,2.6394534462244e-07,2.66608551721926e-06,-8.3360401219705e-17,-1.12478321819027e-06,5.34030235809155e-07,3.54612132011564e-06,-3.72488490574407e-07,2.10790076456993e-16,-3.99096289521651e-07,5.87718775285584e-07,-2.17882454355242e-07,-2.00351183492581e-07,-5.28850679533548e-07,4.2523186717657e-06,-9.49298053029479e-06,2.40853656822526e-06,1.50869322523086e-15,4.00434627930109e-05,-7.87421603724896e-05,0.192169966991629,-5.20348741166733e-05,4.90780772764037e-06,2.60367019521342e-08,-4.13547234651146e-15,-9.04520914213752e-16,1.12956866648621e-08,6.74497958100336e-06,-8.53842716220092e-07,9.58662042806471e-07,-1.96030825592928e-15,3.0226346082522e-07,3.0946927970181e-09,2.33371205286665e-17,1.3985897673682e-17,-2.33933461742803e-16,-4.58030135397242e-07,-1.29912763669905e-06,1.65546765556033e-06,-8.86148270743847e-07,-4.36888133392595e-07,-8.16346175710585e-07,3.88814532873871e-06,-6.87988457039421e-18,7.13587582979157e-07,-1.18789268367333e-06,2.4866113946225e-16,9.67711518738413e-16,9.68728657309301e-07,4.4951770080267e-11,3.23692655898985e-07,-2.43310940081668e-07,-2.85745756469139e-07,1.5194793299233e-08,5.26085993585225e-16,5.03133952176795e-08,1.14968364204661e-17,1.64097599935093e-07,3.05936442086992e-16,2.89005271412913e-07,5.79880055254588e-17,-2.17170978855565e-07,-2.98053060475075e-07,-1.61283710057846e-08,-2.08679432757232e-07,-2.02050900873893e-05,7.80707443022006e-08,-1.37041680864424e-05,-2.22079708069416e-08,-1.07963087967842e-07,-9.73388794169405e-09,-1.46513402230646e-07,6.23332619279557e-07,9.24379431248333e-08,7.25376071049884e-09,1.70524142406841e-07,-3.55355203844665e-17,-2.4168576749729e-06,3.97164748869392e-07,-2.1528417647024e-08,7.57384350151062e-17,-2.743599345258e-09,-7.02471902059643e-08,-2.45326378560996e-07,3.26418861485831e-17,6.4947903137338e-07,2.97126925742358e-08,-6.31856047609161e-17,3.83346787674035e-08,-5.14042630417361e-07,1.47012640825745e-16,-2.52996871105338e-16,2.83629407131524e-08,1.37133230232255e-08,7.63165268260544e-11,1.02988412867733e-07,-2.56712018112628e-08,-8.290036309482e-08,-7.17783126326736e-09,-8.05616197268394e-08,1.27266935600411e-07,-7.3530252524788e-16,-4.68289229401649e-07,-1.75044700633584e-10,-4.75336973821613e-10,-4.36321512144765e-08,9.89999276550294e-17,-4.748077888294e-16,-1.39813847303864e-08,4.58882954865616e-17,1.65318712623813e-16,-8.65119560619053e-08,1.0043035620865e-06,0.000568852481581835,7.05780446214479e-10,-4.81135781688257e-06,1.2930217077466e-08,-1.6575612236597e-09,7.64993330221957e-17,-3.51770208379804e-09,-1.51316365286056e-10,-6.73075930517018e-10,6.18110305165031e-08,-1.78350981893237e-06,2.73668259370908e-16,-4.78974633543956e-16,9.69578351759422e-17,-5.51277220319019e-09,-0.0454128788832809,3.16661228510792e-07,-5.92957812943275e-16,4.32801944959186e-08,-4.55571766219153e-16,-2.1803673407384e-16,-2.06770612120257e-07,4.50792999410815e-09,-2.30216778800141e-16,9.72595437160043e-09,5.16873915916038e-08,-4.37960253423188e-16,-1.21278889988905e-08,-7.96423813286494e-18,-2.73431539061669e-09,-2.13375776416577e-16,-2.68640674298813e-09,-2.29778552400209e-08,-9.07517783087762e-09,-7.57668217379537e-10,-4.98287585229539e-09,1.46015370723915e-08,-4.47044398782243e-09,-5.20911086724432e-17,-1.35501034546513e-07,2.07619026701162e-07,3.79430873439819e-17,8.8787660381651e-10,2.25162594060682e-09,-3.12914652673516e-09,4.17528193031948e-16,-6.83094048458417e-10,-7.84799551415533e-09,6.92657710289273e-17,1.14256849889017e-09,1.84525273729394e-10,-3.72430789279245e-11,-6.17147379600085e-18,-3.05106273224843e-16,5.87803316980666e-10,2.46326613135222e-10,2.10161913763508e-11,-4.83264358558625e-09,3.4414678357108e-10,8.07330361482874e-17,1.53194495150853e-16,1.32613183494387e-09,9.20416798270368e-12,-1.98948026644651e-16,3.5683163610275e-09,8.98476888495896e-17,7.50759474382595e-05,-7.27947046986656e-10,-4.28825526849321e-10,-2.92701357023834e-09,-3.01251190666204e-18,-7.70698168504146e-17,-2.05521031714506e-16,2.26122875109084e-17,-3.14075718621643e-09,-6.93512697268092e-09,1.27248602072704e-16,-3.776080993743e-16,2.23094022566454e-16,2.89365048625825e-07,9.35226216035051e-11,-1.38115282644501e-08,-3.30786932211139e-17,-1.06901571877418e-15,-8.2015997996971e-16,-4.04178772467384e-08,4.68606516810041e-05,1.19400995709263e-16,1.50783975200211e-09,-6.40303905630452e-08,-1.16488365102725e-16,2.73026290021404e-16,-4.19163835147709e-09,-4.30890039862571e-11,-2.13376705383428e-09,3.57235535035169e-18,2.49376647333176e-09,3.70498152896336e-09,4.08350603084731e-09,-3.85456504693892e-09,-1.3854551530499e-08,1.19992572712721e-09,-3.23181933937093e-16,3.18063112643152e-16,-2.18627519995154e-16,2.49165060934036e-08,-6.37211974327521e-07,-1.24009011982164e-09,-1.02471470144656e-09,1.24975580442258e-17,-5.22450009680142e-16,4.14792404173773e-16,-5.06330509441084e-16,5.4678601715034e-16,5.64411275513122e-08,-2.3924666596226e-16,-1.15374489696399e-16,-8.44293057033798e-10,2.84484454872388e-17,-7.56470285861917e-10,-3.14517849896041e-17,-9.39282592100605e-10,1.56865746935786e-16,-1.17052016077052e-09,-1.47458244769511e-10,-9.39972102442551e-08,-3.66347147299773e-16,4.83694735056255e-09,7.7718941627931e-17,7.0368799314293e-09,-1.40398479838807e-07,7.06537802840622e-11,-6.57544630724615e-16,1.04292443294226e-08,4.25294541676552e-16,-2.60840622511353e-09,-1.47350544384082e-08,2.10516443548518e-16,1.37452198659459e-16,1.60646920510345e-16,1.144430792747e-16,-5.01407526583673e-11,-6.55210945231465e-10,-1.468871444664e-10,3.76055927694468e-16,-5.52294757839481e-18,-1.73912278218586e-08,8.92674523356743e-08,-4.09937115213877e-16,5.76767373248555e-16,-6.9591876421865e-10,-2.67835340704142e-16,-4.95111336789845e-09,-1.26983579642831e-16,4.72397820180094e-08,-3.38201163544635e-16,9.94236951810147e-16,-5.48860781572199e-17,-1.91220129165594e-17,1.48742818587467e-16,-1.79132171668001e-16,6.38277789818803e-09,-4.46463938892476e-08,1.14675981236636e-16,-4.30431930806784e-09,1.63973628933696e-08,-2.14703281273389e-16,-4.43939011269577e-16,-1.368568573616e-15,2.32561937786398e-16,1.62289224512649e-09,2.59601300542699e-10,-1.43652810788106e-16,5.84187995378378e-17,-2.94771359032738e-09,-1.05146615642277e-08,-1.74973674504364e-09,-5.85868150816095e-17,-2.35307168797205e-16,-2.06993031307631e-16,-7.819387615627e-16,1.39990228544024e-15,-7.32948921076985e-16,6.09721795050403e-09,-5.74500212467133e-09,-1.09995246134452e-09,6.00181864773517e-16,-7.77030042492674e-15,-1.8185099655479e-15,4.93146372026495e-16,1.28612690781809e-16,-1.39347936271303e-15,1.0511615228051e-15,1.0179725918745e-15,-5.73237841063854e-16,-1.14602142529317e-16,-2.1010222169568e-15,-1.88643632714142e-15,6.90836234620384e-16,1.96819618314474e-15,3.26448055727138e-09,5.69315758253495e-16,-1.02339148669443e-15,1.62885499520406e-16,0.000188376025875014,-3.55032285924674e-11,8.31445056614578e-16,-6.32682252891724e-10,3.97870719437997e-07,-7.59029729416997e-15,2.39021521436289e-14,8.42868085689626e-09,4.54236405596965e-16,-0.539358319339384,-9.22444939299093e-15,-5.99788645909554e-16,-3.57184182844662e-15,1.33865266161981e-14,4.87249836454454e-10,-6.49844969533512e-08,1.0262035841203e-15,-2.3819608330996e-15,1.53119183373768e-15,-2.03691910045235e-15,-3.56462635017069e-15,-4.4786117761856e-16,4.32452282138073e-16,-4.37195367541706e-16,3.76267274383994e-09,3.38721758619754e-16,-2.61764854581143e-16,-7.92852588896056e-16,5.83310719124225e-16,8.34654668890641e-16,-1.97920722229908e-15,-1.06664545973402e-08,2.97108861075001e-17,-3.76384560004923e-16,7.94734602424587e-09,3.22226424990826e-16,9.39233286695705e-16,-2.08191849604189e-16,3.64702744921809e-16,7.31425077461986e-08,-5.42443007520441e-17,-4.93472346614436e-09,-4.22995013062375e-16,-1.59886487916421e-16,2.25754937792482e-16,7.1363911499137e-16,-6.76313613104006e-17,2.83237619893165e-16,1.79896646494025e-10,-2.24055499531369e-15,-1.70592737035597e-16,7.0689978331495e-09,-2.26702486779972e-08,-2.14067159324669e-16,1.60328481656804e-08,2.35612959541681e-09,7.32285347943292e-16,-1.35331241508797e-16,9.03779415976012e-17,2.08370184336557e-17,3.62585531350771e-16,-4.30760760832015e-09,-3.68274336965187e-16,-8.87789260048279e-17,2.29661376916283e-16,1.79924579326444e-09,-8.48322481714665e-16,3.10175304737269e-15,-3.5655334893748e-16,6.85527196568315e-16,-8.97318202928838e-10,1.33313198429302e-15,3.09040649093402e-09,-7.63469032697439e-17,6.63864697081926e-17,-3.19111716292867e-16,-4.04597884919666e-16,-1.27191257149455e-15,2.7381006847724e-16,-4.67411376754217e-16,-7.62123178871807e-08,1.57344912351841e-15,4.20244720574018e-15,0.0973203737556734,6.1470932340037e-15,-3.8000828002125e-16,3.80545322502993e-15,9.16916952538541e-17,-8.18326208454122e-16,3.42081208162575e-17,-2.94416468286135e-09,4.30084803469903e-16,-1.0592420600496e-16,3.0298336947585e-07,-1.8326834790821e-16,-1.93809892931743e-16,-1.06434367897282e-16,7.42528381381002e-16,1.07005144083473e-15,-1.51129264283203e-15,-1.43015949878822e-17,-7.5051352080042e-17,-3.31709049258183e-16,5.69501511957864e-17,-1.75452228086406e-16,-2.44098350866514e-07,2.94684233795229e-08,2.77600897398537e-16,5.60880643896289e-16,-4.4355006815503e-16,6.97809065027906e-16,-5.02893625180245e-16,8.90861349332758e-16,-4.86540619376365e-16,4.80297369173262e-16,-3.96891201894648e-10,-5.21556805355447e-17,-6.46610129741768e-17,3.00159658009549e-17,-8.29764035194258e-16,5.27747282586112e-10,-1.0092125435138e-15,-5.9523118368518e-10,5.64186124928624e-16,2.83957166140991e-16,-6.06243402445292e-16,1.48784976097176e-16,7.70590960495448e-16,3.49871948928642e-17,8.70584780776094e-16,-7.68973633890033e-16,2.18195333260781e-16,2.4340591630241e-16,5.35926593686734e-16,2.23107031964851e-16,-2.78177577741443e-16,3.73549870267009e-16,2.72164873916711e-16,1.01924160570595e-15,-1.4882604153676e-16,-1.87808120470541e-15,-3.77491696362069e-16,-2.75444302137544e-17,-4.37424415807887e-15,4.06861456460891e-16,1.722249833563e-15,-7.02273248769118e-16,2.64779706479219e-14,4.39446904298895e-11,-7.80866775332467e-16,4.37423396696094e-16,-9.92820628071636e-16,3.97397047422484e-16,-1.58253275319845e-15,3.6603477592405e-15,4.48378660565373e-15,-3.89547471479101e-15,5.27162524519651e-16,-4.32482233948453e-16,3.6768209462322e-15,4.61241000000443e-15,6.69872496245024e-15,4.65174322257024e-16,1.27484197150804e-14,-1.01520478604561e-13,-0.707106781186548,-5.82630981639116e-10,-1.26029968092226e-14,-2.20537444065298e-16,1.24910149029383e-16,7.6026824745403e-16,1.80768071774158e-15,8.03097984308501e-17,3.73346330097394e-17,-1.90427926369324e-15,1.65217625917111e-15,1.26556515163913e-10,-5.71303077803207e-16,1.14622586763734e-15,-1.23583889838097e-15,-4.95662916782861e-17,-4.77947742870934e-16,-1.26315761729819e-16,-1.30030629691902e-17,-8.88192129459646e-17,2.35291569547829e-16,-1.97616186845983e-16,-5.31200270323208e-17,1.61584121199262e-16,-7.95764013363409e-18,6.52434614042079e-10,2.05301910990412e-16,1.86663287961421e-16,-4.12083668399504e-16,-2.96746134609283e-16,-1.98205753112715e-09,-2.17980185127514e-16,1.09764972929768e-16,-5.65748908155991e-17,-3.75809889783461e-16,3.39271706050386e-16,1.61037227921938e-16,2.04415688730521e-16,-9.43119519359159e-17,-1.33991656407658e-16,-8.41221654815017e-17,3.00308137586154e-17,1.59608189175506e-17,-8.08133216701836e-17,1.28961418548126e-18,1.16047092170682e-16,7.02447647799579e-17,-2.9127211900539e-16
"t869",-0.0375903977297801,-0.0102660940934261,0.00129601648469197,-0.115749386176546,0.0234141007406213,-0.00501070667017712,0.0269322551291175,0.000440902996499849,0.000161521179422416,-0.000599352743194197,-0.000304244992186393,0.14087292004422,0.0576654413346441,-0.00441421633642419,-0.000362287197077723,-2.49502621227502e-05,-1.9290270905149e-05,0.000289220021513835,-1.90865204454798e-05,3.30126614371149e-05,-0.000942017481668067,0.000361016149180911,-0.00103162538383184,0.0244915915765449,0.00753987264919467,5.63473213889615e-06,-3.5463263569468e-05,5.13800850954479e-05,-0.00175820637085753,0.00227447994708178,-7.59417063646766e-06,1.4958915810054e-05,-0.00833973879218394,-8.25359959310834e-05,1.51417899699078e-06,-3.01471605092315e-06,-0.000272379121399286,1.02668151152504e-06,8.73130750408283e-06,2.59857037306376e-06,0.000153910075124564,-2.36525051286698e-05,0.00956047742957843,5.65073801526122e-05,0.000421973118078443,-2.11476703413097e-05,5.46416931099397e-05,-0.000487572878318884,6.86557590240972e-05,-0.000217004174182038,0.0937571332677083,0.000265798461843633,-3.21472757770313e-07,0.000323496513158278,-7.56000274194485e-06,7.22201123653761e-05,-7.89761779372561e-07,3.96111669270744e-05,-1.29840607255346e-05,6.58757379822969e-06,2.72505741801054e-06,-2.43311390520167e-07,3.80390202085497e-06,-1.50505808671963e-06,-1.51138343686496e-07,0.0002843440900542,-7.66492666807025e-08,3.22527995835958e-06,-9.38362956823704e-06,4.03950877584938e-06,-6.51213980479727e-06,1.16124206270525e-05,-5.33864312251079e-07,-4.08378446095975e-05,1.70601102112798e-05,1.65388896732672e-08,-9.28508704396409e-05,1.75301948075612e-06,-6.62449101834422e-06,-7.90074574811077e-06,2.38138101721136e-06,3.58920556315113e-05,-4.6823331766398e-06,-2.99422669595661e-05,2.02275574406202e-06,0.000446351791997159,-2.82332464742497e-05,-5.09177670583356e-07,-1.66990319573878e-07,4.37540034122919e-05,-1.09174204599944e-06,3.09080576747789e-07,2.81415154890582e-06,-0.000315004153754533,-1.35261560321777e-07,-4.52930730223753e-05,-1.02566287142722e-05,2.72565119518272e-05,-4.24497883294498e-05,-1.26379006108355e-05,-3.03248165612665e-06,2.45717664108442e-06,-4.23114547571974e-06,5.03388894777035e-06,-2.94937207339256e-06,7.59454567936594e-05,-0.000960724366513592,0.325695509571647,8.06815749447326e-05,-7.40741437050588e-06,-2.6959650457936e-05,-2.99397433928275e-05,4.71798258018866e-05,-1.4559188953067e-05,6.20767886826094e-08,-1.64815702156058e-06,2.06758629744923e-06,-1.38709095056441e-06,8.55281019675846e-07,-1.31993243344706e-06,3.5153235561631e-06,9.805234269587e-08,-5.40108470649227e-07,-1.52665301861205e-06,5.48442771218213e-07,-8.41730107838509e-06,8.79217318860867e-07,-3.52525954964925e-07,9.82812596222601e-07,3.24930248480685e-05,-1.04750836980641e-06,3.53995222455704e-06,-7.09266308895602e-06,-8.79157196523225e-07,3.3429280396114e-07,1.55531688032204e-06,-9.85031559608194e-09,-6.93683462174601e-06,2.28308390226515e-06,-6.57686986068273e-06,-4.24071984440194e-07,-1.64930134732304e-05,3.24640599355541e-06,2.07761398448866e-07,6.5547903691801e-07,-4.20205010586208e-08,-2.0103419433488e-06,3.13948711029965e-07,2.06393862655666e-08,-5.15589148259228e-08,-8.01977259400653e-06,-2.40180270740179e-07,-5.16392184057762e-06,1.94035591781065e-06,-5.90717678980472e-07,-5.18570988540684e-08,7.82404274477589e-07,-9.13319407041058e-05,-2.92900969027465e-07,-9.9101633686482e-08,-8.88221577348788e-05,1.0952140496137e-06,-1.88523343016364e-06,-0.00189246399250299,6.2457153924843e-06,-0.00102195057478108,1.82648282772547e-05,3.48346460049831e-07,1.78504387143978e-05,4.40338939783123e-05,-0.0278183383869881,0.000767180387096819,-6.20190411289089e-06,-2.02696355739281e-06,-0.0570975116698142,8.07311494948476e-07,5.2978955615822e-05,1.48775120391509e-06,8.76649525261439e-07,2.79843359136528e-05,-1.86817314064983e-05,-0.000426133412442077,-6.92006174618622e-07,-8.76883837065137e-09,-3.30639781758192e-09,2.06166418897465e-08,2.48859192938262e-07,1.81259911755502e-08,9.47942731348314e-08,-1.99765531099072e-06,-1.45155833420802e-08,3.79721515209922e-08,1.64776389417403e-07,3.79709072490025e-09,3.37410082550826e-08,-5.61563901934727e-08,-1.06569401982646e-07,-5.71589493643556e-07,6.8785941648451e-08,3.4211757945265e-08,3.43332889412179e-08,6.00033835121633e-06,-1.02075657522508e-09,-2.16559716930808e-06,-2.983815719078e-07,-1.04543844390143e-05,1.94904838425744e-07,7.37111955449716e-06,-1.56183300413512e-06,-1.20221460311241e-07,-1.17957048797797e-05,0.000415155626282167,-4.79589268825848e-05,-4.90898218364374e-07,-3.11417672372604e-07,-3.8289995591542e-07,5.96485587655506e-07,5.2193351262607e-08,-9.93177016877081e-08,-5.06688914304963e-07,-2.78737767971277e-06,2.35276463355559e-05,9.18438894148675e-07,3.01206658907779e-06,-8.09288575736026e-07,-4.19628270312761e-07,-4.44336716631854e-06,-3.43059030590861e-07,-6.10972839550286e-07,-6.77918607648784e-07,2.19172897424438e-05,0.0152981313093309,-1.5123550084341e-07,-1.5746399783807e-07,-3.6924451113606e-09,-8.9712965463833e-08,-5.56370658712965e-07,9.7612852372815e-18,-9.55177825299255e-08,7.31612338176243e-06,-2.2950237525057e-07,-4.43653642686404e-06,-7.59705779729801e-07,9.12198844258797e-07,-1.86143231836457e-07,7.3347464577273e-06,-1.75594292668817e-08,1.87581560541546e-09,-0.0114987002335659,7.18802785849974e-08,-1.71569514175835e-08,2.86891457668118e-06,-2.0724613528992e-07,1.08527614662134e-07,-7.33261707649551e-09,5.70272036945919e-07,-5.50866907805149e-07,5.44800709047834e-06,1.78437957124863e-07,-3.51377030890793e-08,8.05652798490011e-07,-1.61245213473859e-07,1.90079662701113e-05,-0.000245368134256938,7.17752145611784e-08,-2.48270466902449e-08,5.34764537276754e-08,2.40321944731425e-06,-8.706809861518e-06,3.64063447656164e-08,1.4716112466696e-08,-3.49802933087905e-08,8.48707083121529e-05,-6.92996148189896e-06,2.74825731337161e-06,-0.00250647323627937,-3.76763363679208e-06,-8.48108026175934e-08,5.93982267938047e-07,-7.46386436955603e-06,1.37135111218385e-07,1.07881771037682e-16,-3.82986324465976e-07,-1.32737949374675e-08,-2.04424963258355e-10,-1.87463532875559e-06,2.15051342778522e-08,-1.35012273846168e-08,-3.17562386796587e-07,3.81838126256349e-08,-3.05109094320501e-07,7.99827003445531e-07,2.96608947405724e-08,-2.7289459815925e-08,3.54569252845566e-07,-4.31011195798928e-07,1.55049764592602e-05,-2.16451512521362e-07,2.58142543533091e-06,1.38446699397388e-08,0.000612972548275038,5.39436299568087e-07,-4.63293570410646e-06,1.75667429220516e-07,-4.2212553508159e-07,5.70798012899454e-07,-2.07439378299725e-06,1.32879867870589e-07,1.20337793838437e-07,9.26996293283918e-07,-4.5344494946325e-05,-1.23765135700469e-07,2.98986277537797e-05,-6.6515034324251e-07,1.64806780263529e-08,1.53889929536324e-07,-3.00988106795373e-07,-2.37527464314937e-17,9.55854306626623e-10,6.46995577414858e-06,-3.70291477727207e-07,2.73075172002704e-07,7.13425798482929e-06,7.13813712086935e-08,1.66464392301949e-07,-2.4499198293385e-06,9.21354951840416e-07,-9.87534567087865e-17,-7.25958530842974e-07,-8.88149093587088e-09,-2.50272125820518e-08,1.33033363807002e-06,1.92075072206482e-07,-1.31146497348423e-08,-5.1052890909885e-07,1.38018749635403e-07,-0.000135050679827311,8.92029246238673e-07,-1.84858371314233e-07,-3.37764980365815e-07,-1.79724055971174e-08,-1.79410219608817e-08,-3.42735173343281e-07,2.30939378601631e-06,-3.76912484482745e-07,-4.30015629516968e-16,-8.06836514570744e-06,6.40216893885096e-07,5.35897331436768e-07,1.669808523672e-07,-7.87139785502437e-07,-1.76844116041422e-06,0.000166289466955485,-3.26156183634824e-05,-1.5426720040871e-07,1.09273696566057e-16,-2.92840823363221e-07,-1.30873842063364e-06,-3.83371147971544e-07,1.25792935775104e-16,7.43799146591417e-07,7.5346732444492e-06,-1.15310075169202e-06,-6.17641192248304e-07,-2.08370843423624e-07,-1.12495136256391e-07,-4.05143915416281e-06,1.15465689457904e-07,1.23033782498374e-06,5.83653093272485e-07,2.63945344715824e-07,2.66608551724072e-06,-7.60527871746397e-17,-1.12478321820998e-06,5.34030236024472e-07,3.54612132017934e-06,-3.72488490440273e-07,1.93167461965483e-16,-3.99096289520732e-07,5.87718775169659e-07,-2.17882454568008e-07,-2.00351183499266e-07,-5.28850679420044e-07,4.25231867167491e-06,-9.49298053023686e-06,2.40853656827455e-06,1.57564410780721e-15,4.00434627932104e-05,-7.87421603723257e-05,0.19216996699163,-5.20348741167391e-05,4.90780772754464e-06,2.60367018952705e-08,-4.39535560725623e-15,-8.92393210586778e-16,1.1295686619385e-08,6.74497958104235e-06,-8.53842716259533e-07,9.58662042883177e-07,-1.9602867474191e-15,3.02263460968458e-07,3.09469283645083e-09,6.33070438400114e-17,6.19427286326888e-17,-1.01621581375345e-16,-4.58030135225112e-07,-1.29912763681731e-06,1.65546765556102e-06,-8.86148270952229e-07,-4.36888133397761e-07,-8.16346175891714e-07,3.88814532871718e-06,2.41138892420552e-17,7.13587582878119e-07,-1.18789268355211e-06,4.83966893424858e-17,1.01720372505239e-15,9.68728657322963e-07,4.49518196784156e-11,3.23692655902743e-07,-2.43310940007056e-07,-2.85745756532771e-07,1.51947933617425e-08,7.01925325822226e-17,5.03133950867775e-08,3.32235260135736e-17,1.64097599828231e-07,-3.55509892357997e-16,2.89005271289294e-07,1.39055407222599e-16,-2.17170978768264e-07,-2.98053060361699e-07,-1.61283711161192e-08,-2.08679432656347e-07,-2.02050900876154e-05,7.80707444059158e-08,-1.37041680864733e-05,-2.22079709842616e-08,-1.07963088015767e-07,-9.73388772947395e-09,-1.46513402560482e-07,6.23332619302936e-07,9.24379431036725e-08,7.25376076458846e-09,1.7052414251353e-07,-1.01677924936429e-16,-2.41685767485447e-06,3.97164748924891e-07,-2.15284174529027e-08,-1.47792586790566e-16,-2.74359934949914e-09,-7.02471901885131e-08,-2.45326378617881e-07,2.26475490516393e-16,6.4947903145024e-07,2.97126927564195e-08,-1.03179788333384e-16,3.83346788641796e-08,-5.14042630504838e-07,-5.59497302530847e-17,-5.60454543065411e-17,2.83629406770472e-08,1.37133229872379e-08,7.63168026021412e-11,1.02988412926426e-07,-2.56712018176932e-08,-8.29003631664835e-08,-7.17783126360552e-09,-8.05616197525326e-08,1.27266935549037e-07,-6.58422426823291e-16,-4.68289228913893e-07,-1.75044757317563e-10,-4.75337036091345e-10,-4.36321514380286e-08,-2.25725830795112e-17,2.41261623733064e-16,-1.39813849060063e-08,-1.58283631141468e-16,1.08287185149179e-16,-8.65119560693848e-08,1.00430356228818e-06,0.000568852481582072,7.05780444272987e-10,-4.81135781688187e-06,1.29302168363352e-08,-1.65756122543346e-09,-3.78058521108917e-17,-3.51770206790748e-09,-1.51316370036693e-10,-6.73076061032863e-10,6.18110304298825e-08,-1.78350981899456e-06,3.74966544512136e-16,-2.06636828905072e-16,2.75471558195936e-16,-5.51277219257381e-09,-0.0454128788832816,3.16661228412583e-07,-6.69463833689951e-16,4.3280194440827e-08,-5.55186228948047e-16,-2.03659144457555e-16,-2.06770612080987e-07,4.50792982025782e-09,-4.79759461324836e-18,9.72595428768515e-09,5.16873915504239e-08,-2.11742317166989e-16,-1.21278890047115e-08,6.62220103896556e-18,-2.73431518647453e-09,-1.00437639441487e-16,-2.68640687657145e-09,-2.29778554320974e-08,-9.07517745234881e-09,-7.576680887813e-10,-4.9828756536891e-09,1.46015373958615e-08,-4.47044415440782e-09,-1.3501530101991e-16,-1.35501034511334e-07,2.076190267068e-07,2.28806809575986e-16,8.87876905911089e-10,2.25162599696168e-09,-3.12914620531609e-09,-2.01478641629491e-17,-6.83094317259941e-10,-7.84799552984454e-09,7.9077289668274e-17,1.14256873526263e-09,1.84525039154861e-10,-3.72430433611547e-11,6.45200526998277e-17,-3.26257743461855e-16,5.8780335623553e-10,2.46326637131782e-10,2.10160721123027e-11,-4.83264357580695e-09,3.44146750840753e-10,3.42870224384387e-16,5.77160200835702e-17,1.3261317706103e-09,9.20407664392957e-12,-3.38839755145612e-16,3.56831640558287e-09,-7.72687520473834e-17,7.50759474375738e-05,-7.27947205973479e-10,-4.28825384840124e-10,-2.92701355222749e-09,-7.20706277289206e-17,-4.93341175398247e-17,2.66470998597227e-17,8.95653934220838e-17,-3.14075719633136e-09,-6.93512708237235e-09,8.61852394532779e-18,-1.01195639935189e-16,4.40476238920756e-17,2.89365048681609e-07,9.35223924196251e-11,-1.38115283579783e-08,-1.49845225941026e-17,-1.82492994376055e-15,-7.4671375311329e-16,-4.04178772212897e-08,4.68606516799743e-05,5.92616436215608e-17,1.50783978590258e-09,-6.40303907003251e-08,1.21107000379269e-16,1.00472590792477e-16,-4.1916382780436e-09,-4.3088751532393e-11,-2.13376729727501e-09,1.43834575942254e-16,2.49376629406774e-09,3.7049815500597e-09,4.08350590681054e-09,-3.85456526955425e-09,-1.385455167836e-08,1.19992549046004e-09,-1.62303020606509e-16,1.17186951504799e-16,1.4050904841975e-16,2.4916506057275e-08,-6.37211974541364e-07,-1.24009019360533e-09,-1.02471466296978e-09,-3.19766785625799e-16,-2.35046240447899e-16,-1.6242234292474e-16,-5.12772308508419e-16,3.73747391700254e-16,5.64411275154622e-08,-1.1059091092252e-16,4.92353929610552e-16,-8.44293113136363e-10,1.24941962865964e-16,-7.56469830428114e-10,-6.87423477970437e-17,-9.39283091287149e-10,-2.33089809925634e-16,-1.17051983935342e-09,-1.47458290407318e-10,-9.39972102570116e-08,2.95766298272013e-16,4.83694723501749e-09,-1.55600832003682e-16,7.03688004253831e-09,-1.40398479680356e-07,7.06538948970937e-11,-4.31431275275458e-16,1.04292444571757e-08,1.27061324975089e-16,-2.60840595696596e-09,-1.47350545456972e-08,3.09352511235149e-16,-3.66861190390615e-16,9.43622705074576e-17,-8.31089251255177e-17,-5.0141370702645e-11,-6.55210917903371e-10,-1.46887848945179e-10,2.09941523405525e-16,-2.18685617279334e-17,-1.73912281689434e-08,8.92674517526988e-08,8.42712329116789e-17,2.93189831571412e-16,-6.9591872343518e-10,-7.07666475642574e-17,-4.95111346101147e-09,-7.08376043031589e-16,4.72397820611188e-08,-3.42978366171814e-16,6.83063686055585e-16,3.62567716297281e-17,5.84707880854362e-16,2.70815753376176e-17,2.17211485011236e-16,6.38277779193752e-09,-4.46463938394952e-08,7.75276076019548e-17,-4.30431934123553e-09,1.63973629057025e-08,-1.69880688131744e-16,-3.22968478837908e-16,-1.68708405139259e-15,7.1064776334974e-16,1.62289196498697e-09,2.59601207287618e-10,8.99607064117013e-17,9.75339872812854e-17,-2.94771342855148e-09,-1.05146617630666e-08,-1.74973665826877e-09,-3.06594323999639e-16,-3.75733068289502e-16,5.59526220979243e-18,-6.06956287146158e-16,1.63718130981532e-15,-3.90738783664235e-16,6.09721749962492e-09,-5.74500237171984e-09,-1.0999523609839e-09,6.09227274143897e-16,-6.60922330826566e-15,-1.2259040198095e-15,4.46259258091179e-16,-9.56302613110752e-18,-1.5689440425345e-15,9.42812540858822e-16,9.29235518655955e-16,-6.15156135424667e-16,-4.84613392888994e-16,-2.80687744815827e-15,-1.70304016401217e-15,6.54240702292302e-16,1.75606135069138e-15,3.26448068161005e-09,6.73545076575774e-16,-6.40017590656981e-16,2.96810104149223e-16,0.000188376025874504,-3.55033260842924e-11,5.05614263295491e-16,-6.32682116770597e-10,3.97870719529741e-07,-7.90220432024942e-15,2.36749810844621e-14,8.42868085213501e-09,4.75236574743811e-16,-0.539358319339383,-8.59443630302071e-15,-5.05542787749556e-16,-3.47591339388476e-15,1.47440204673481e-14,4.87249834834359e-10,-6.49844972689448e-08,6.52560364299049e-16,-2.56107299201948e-15,1.08099708928562e-15,-1.97737607238883e-15,-2.83298639538673e-15,-1.7090375907147e-16,8.41121499151557e-16,-7.24643550638195e-16,3.76267265740033e-09,4.35143267506052e-16,-2.32714174684374e-16,-4.58522244089117e-16,2.36952261262717e-16,6.19718917786949e-16,-1.60983309466043e-15,-1.06664543683574e-08,-4.42175846256416e-17,-3.08319010403589e-16,7.94734604754226e-09,5.93372270389111e-16,7.85493772231054e-16,3.61320745655579e-16,3.20858505720079e-16,7.3142508052674e-08,-3.0287372680502e-16,-4.93472372293597e-09,-6.24741599634536e-16,8.19962959498062e-17,1.50640388804934e-17,8.62571859315909e-16,6.3127114954302e-17,7.17081187028095e-16,1.79896009353308e-10,-2.54842725244964e-15,-1.37433724677885e-16,7.06899797544544e-09,-2.26702490077845e-08,-5.38961518345691e-18,1.60328482955788e-08,2.35612958866607e-09,6.72115279545217e-16,-1.88457193011779e-16,-3.05801155521274e-16,-7.47485194139823e-17,-2.77408021613217e-16,-4.30760730986937e-09,-3.21474267570905e-16,-7.26661650890149e-16,-2.72127271878554e-16,1.79924598112735e-09,-1.09440193789267e-16,2.20760087877877e-15,5.55394482180854e-16,-5.04729786254229e-17,-8.97317644212806e-10,1.23477275547945e-15,3.0904072334205e-09,1.26816909100922e-16,-6.29508691372992e-16,-3.25907185534187e-16,-7.07633614230494e-16,5.77694923536587e-17,-6.53338617577255e-16,-4.00968589914596e-16,-7.62123183059149e-08,9.08162378927332e-16,4.27384640045104e-15,0.0973203737556737,6.8079188248365e-15,-4.28289365977854e-16,4.59029643940409e-15,-1.10734582816376e-16,-7.92029320114439e-16,-3.44921230725992e-16,-2.94416488518833e-09,-7.74723456492383e-16,-1.71610540114774e-15,3.02983369461276e-07,-1.44143096514037e-16,4.45249978060172e-17,-2.41805556070029e-16,4.98113511216512e-16,8.12943926480189e-16,-9.81340349094545e-17,-5.37229855181205e-17,-4.40649403246848e-16,-6.29476315473086e-16,1.69570763941696e-16,4.42038884834424e-16,-2.44098350800138e-07,2.94684232938981e-08,7.38011272755684e-17,2.53094740402189e-16,1.37390743523207e-16,-1.75291661151929e-16,2.47482698396972e-16,-5.84327463195954e-16,8.15064365664461e-17,2.4641145826571e-16,-3.96891307839703e-10,-1.69318849637816e-16,-6.92938453901053e-17,-8.98940983824439e-16,3.92578595569691e-16,5.27747207699561e-10,4.45376760028331e-17,-5.95229815706734e-10,-2.69000800825771e-16,9.82789302258268e-17,4.984268959261e-16,-2.82499727422681e-16,-7.95452633481977e-16,7.82210881364053e-16,-6.33712274014638e-16,4.81036442541077e-16,3.12521006101351e-16,-1.04869631153064e-16,1.00176929448668e-17,-3.96059517332945e-16,5.40908267392102e-16,-4.85300523975989e-16,-6.03762884144804e-16,-7.38060044479909e-16,1.62491239719288e-16,1.83932855857934e-15,3.68978536504774e-16,-1.42521202586068e-16,2.60791618877411e-15,-5.48226929465633e-16,-1.7133903393998e-15,4.63341749782391e-16,2.73310639014134e-14,4.39473979729323e-11,1.23225779979986e-15,-9.88980086480147e-16,1.04006767843211e-15,-1.41198382489845e-15,1.518986192283e-15,-3.77058366918117e-15,-4.0043435183096e-15,4.22228180335431e-15,-1.06231672494021e-15,4.55010376834075e-16,-5.40584558453988e-15,-4.33849700209895e-15,-6.58522648284955e-15,1.97300620571936e-16,-1.28618506659736e-14,1.01682967523578e-13,0.707106781186549,-5.8261929100637e-10,1.25701796196662e-14,4.61018632177494e-16,-6.52354365230768e-16,-9.47750121549173e-16,-1.49036427285937e-15,-2.03869645318983e-16,2.63374908687525e-16,2.15875900255001e-15,-1.65914713313652e-15,1.26555811149475e-10,1.18226518718411e-15,-8.21316810048907e-16,1.1396874862343e-15,1.91964733656057e-16,3.75750368238353e-16,6.14856454741422e-16,4.70879161080835e-17,1.89305453244697e-16,-3.47399637277737e-16,2.68685152504308e-16,-1.574747932084e-16,1.95813587256814e-16,-2.37756598267164e-16,6.52434424504535e-10,-2.32535696947056e-16,3.15764089865847e-16,-2.0610738491296e-16,-1.05612133621813e-15,-1.98205740346876e-09,1.60244261158946e-16,3.83854269215063e-17,1.45316908606049e-16,2.39775057882824e-16,-1.37006082368715e-16,-6.18214012336246e-17,3.047936569736e-16,-6.17031656808224e-18,-9.5595543508804e-17,-1.77143453527539e-16,3.60084499757337e-17,2.02275831350519e-16,-9.64521785842099e-17,-1.45263585946076e-17,2.5416649998348e-17,-1.51669702893277e-17,-1.89999695672991e-16
"t710",-0.037589048776441,-0.0102653184845441,0.00129591540932029,-0.115737295712137,0.023411108121139,-0.00500995574164063,0.0269281400022722,0.00044083029399369,0.000161489749062194,-0.000599211486151305,-0.000304154181463137,0.140821214542564,0.0576436637012664,-0.00441252433010792,-0.000362142345660946,-2.49397048143304e-05,-1.92819160289772e-05,0.000289092515192399,-1.90779136018963e-05,3.29965065625836e-05,-0.000941519425943476,0.000360786472853552,-0.00103093295738486,0.0244750606748668,0.00753476385757846,5.63073566563783e-06,-3.54378192630715e-05,5.13428962676412e-05,-0.00175690032198267,0.0022724918233321,-7.58710263240359e-06,1.4944375892162e-05,-0.00833106311105216,-8.24461776382561e-05,1.51244954350534e-06,-3.01100630577752e-06,-0.000272039830981959,1.02538295525602e-06,8.72019141721193e-06,2.59521444730991e-06,0.00015370578881247,-2.36203763438237e-05,0.00954730394846719,5.6429426405351e-05,0.000421381196101851,-2.11161826746432e-05,5.45588853394168e-05,-0.000486827878802196,6.85484430649933e-05,-0.000216656691990222,0.0936022094453948,0.000265352897602375,-3.2093273771311e-07,0.000322943418312909,-7.54663227543621e-06,7.20917404171138e-05,-7.88230193995157e-07,3.95325851252672e-05,-1.29582335485602e-05,6.57374685123007e-06,2.71911016847514e-06,-2.42770288490604e-07,3.79531437547147e-06,-1.50164750952162e-06,-1.50786324022e-07,0.000283665676362662,-7.64567655753702e-08,3.21699738064129e-06,-9.35928636194844e-06,4.02883838112354e-06,-6.49331023376744e-06,1.15766304881454e-05,-5.32203235417981e-07,-4.07083041551819e-05,1.70058645929244e-05,1.64858674469088e-08,-9.25522286683853e-05,1.74729117998227e-06,-6.6020750043258e-06,-7.87364023304468e-06,2.37302010525515e-06,3.57654163524019e-05,-4.66521722448292e-06,-2.98316676047516e-05,2.01495198573702e-06,0.000444609766565009,-2.81217779533219e-05,-5.07163632349399e-07,-1.66329473804319e-07,4.35806409680934e-05,-1.08739748095737e-06,3.07800199115529e-07,2.80245174495194e-06,-0.000313662816820632,-1.34662172722172e-07,-4.50911833929085e-05,-1.02108982601435e-05,2.71331805696069e-05,-4.22566661277862e-05,-1.257923239097e-05,-3.01817489536675e-06,2.4455675578096e-06,-4.21112314017293e-06,5.00835584390046e-06,-2.93433697581018e-06,7.55567993377969e-05,-0.000955773843848384,0.324014019597712,8.02636254395618e-05,-7.368846328989e-06,-2.68190478919781e-05,-2.97820669165556e-05,4.69310670262242e-05,-1.4480468974695e-05,6.17393695176688e-08,-1.63909517285173e-06,2.05616026589692e-06,-1.37931853011414e-06,8.50425146589915e-07,-1.31236471195678e-06,3.4950572074207e-06,9.7476325881151e-08,-5.36897380516555e-07,-1.51757252616822e-06,5.45175074847917e-07,-8.36653896587743e-06,8.73909732141049e-07,-3.50375872765086e-07,9.76643418941542e-07,3.22889996110739e-05,-1.04091587772953e-06,3.51725179116976e-06,-7.04701494353561e-06,-8.73484119600428e-07,3.32112541926516e-07,1.54515817023748e-06,-9.78453934039396e-09,-6.88969922569161e-06,2.26720533319989e-06,-6.53109884525187e-06,-4.21109101346846e-07,-1.63775510499635e-05,3.2236061278188e-06,2.06300487707449e-07,6.50869845890487e-07,-4.17224439563606e-08,-1.99583678321836e-06,3.11644548219226e-07,2.04872698866474e-08,-5.11754044751067e-08,-7.9600757539717e-06,-2.38386203590746e-07,-5.12527017819561e-06,1.92579874646031e-06,-5.86191805605419e-07,-5.14584675363124e-08,7.76375737905983e-07,-9.05909082488995e-05,-2.90495448170988e-07,-9.82862301812413e-08,-8.80838747200147e-05,1.08609186154582e-06,-1.86932800577384e-06,-0.00187647280025376,6.19228345250245e-06,-0.00101310417269513,1.8101361280786e-05,3.45225218027247e-07,1.76904484140537e-05,4.36374640682517e-05,-0.0275665916689463,0.000760232484195579,-6.14516248260025e-06,-2.00835979794925e-06,-0.0565698764135549,7.99838709439051e-07,5.24881430204657e-05,1.47375095434933e-06,8.68267738034128e-07,2.77160463531598e-05,-1.85021645506751e-05,-0.00042200627017478,-6.852845133827e-07,-8.68342188976185e-09,-3.27410445255848e-09,2.04134774949882e-08,2.46401440750845e-07,1.7943582220295e-08,9.38397338038889e-08,-1.97741450639042e-06,-1.43660018195322e-08,3.75754083465642e-08,1.63046604077619e-07,3.75694988964185e-09,3.33824586823881e-08,-5.55504504237106e-08,-1.05415712964983e-07,-5.65358698583591e-07,6.80335319993104e-08,3.38276273314913e-08,3.39473255614348e-08,5.93214920868618e-06,-1.00903361622975e-09,-2.14010066233992e-06,-2.94868200896331e-07,-1.03310082665324e-05,1.92588828505274e-07,7.28311375252513e-06,-1.54295172673256e-06,-1.18745792085025e-07,-1.1649160035523e-05,0.00040997881999433,-4.73509555121487e-05,-4.84618655406092e-07,-3.07433077007256e-07,-3.77966437632453e-07,5.88664593997006e-07,5.15067263187952e-08,-9.7988035756505e-08,-4.99823875561349e-07,-2.74945698160443e-06,2.3202174907709e-05,9.0568352363553e-07,2.97005477408437e-06,-7.97853336634309e-07,-4.13683492147333e-07,-4.38037892698853e-06,-3.38127581433937e-07,-6.02116290309612e-07,-6.68000459377539e-07,2.15952959809726e-05,0.0150724149022034,-1.48995141399118e-07,-1.55128730715122e-07,-3.63711219427374e-09,-8.83599116879826e-08,-5.47921201425827e-07,-4.95349508810252e-17,-9.40528267683058e-08,7.20369624009396e-06,-2.25927935314972e-07,-4.36672834413663e-06,-7.47651726394482e-07,8.97717999950096e-07,-1.83142665129682e-07,7.21621065960933e-06,-1.72753206818962e-08,1.84529464878266e-09,-0.0113109042440094,7.06982793075408e-08,-1.68739696315225e-08,2.82153668385069e-06,-2.038003666597e-07,1.06672133872371e-07,-7.20602916220455e-09,5.60347757991846e-07,-5.41113624169692e-07,5.35143085642947e-06,1.75237024964825e-07,-3.45032081846816e-08,7.90968233587476e-07,-1.58297442085162e-07,1.86593925878259e-05,-0.00024084909559567,7.04448917593358e-08,-2.43665554811994e-08,5.24686361753452e-08,2.35791192630498e-06,-8.54259487116071e-06,3.57167530471546e-08,1.44369227956266e-08,-3.43132990154671e-08,8.32509015559604e-05,-6.79367882752919e-06,2.69403480696961e-06,-0.00245689371972878,-3.69266781662635e-06,-8.31153667760196e-08,5.81982566941672e-07,-7.31261928271545e-06,1.34349575714662e-07,-8.13782870518575e-17,-3.75142789246477e-07,-1.30016549427986e-08,-2.00219020611785e-10,-1.83574695814057e-06,2.10558671451965e-08,-1.32182304273232e-08,-3.10895064059473e-07,3.73651183849691e-08,-2.98558502193481e-07,7.8264875720219e-07,2.90199554582327e-08,-2.66895524261476e-08,3.4675169288371e-07,-4.21488769007185e-07,1.51601082347174e-05,-2.11513356279155e-07,2.52191023562937e-06,1.35252839956775e-08,0.000598829162723112,5.26666077884156e-07,-4.52001809298615e-06,1.71370149941228e-07,-4.11743692145089e-07,5.56668299691398e-07,-2.02294144400578e-06,1.29529141747526e-07,1.17299578847716e-07,9.03539017834385e-07,-4.41952948719391e-05,-1.20612517960129e-07,2.91327635376054e-05,-6.48024236324026e-07,1.60553843286721e-08,1.49903584678774e-07,-2.93128156811085e-07,-7.2329345401166e-18,9.29660132210969e-10,6.29181469599708e-06,-3.60024090530172e-07,2.65501813147287e-07,6.93635594648686e-06,6.93978723938439e-08,1.61823815714415e-07,-2.38136044128133e-06,8.95370912429983e-07,3.38485646658132e-16,-7.05121553747901e-07,-8.62601395677926e-09,-2.43039575221989e-08,1.29186744024443e-06,1.86457646859736e-07,-1.27286964878922e-08,-4.95372117011835e-07,1.33896535902341e-07,-0.000130964840279066,8.64723310106056e-07,-1.79157452290236e-07,-3.27305006990248e-07,-1.74143928565697e-08,-1.73814267167798e-08,-3.32039589231635e-07,2.23709199704009e-06,-3.6508260130496e-07,1.66770043418706e-16,-7.81038295493705e-06,6.19667913187501e-07,5.18696042604746e-07,1.61562912147741e-07,-7.61558369372379e-07,-1.7098254060986e-06,0.00016074702468048,-3.15273470031553e-05,-1.49098505203739e-07,-1.98329178943079e-17,-2.8298298785013e-07,-1.26460560074846e-06,-3.70358799939772e-07,1.77774437355231e-17,7.18375557185219e-07,7.27670785864316e-06,-1.11358820943925e-06,-5.96439568370327e-07,-2.01197023789309e-07,-1.08613567167737e-07,-3.91140535463204e-06,1.11454318799097e-07,1.1875690811597e-06,5.63293196336062e-07,2.54681378035891e-07,2.57248189738062e-06,-8.9621613980358e-17,-1.084819430308e-06,5.15016857163155e-07,3.41929329303909e-06,-3.59074830526487e-07,1.87122915593355e-16,-3.84512687098519e-07,5.65891298318271e-07,-2.09731753659413e-07,-1.92831130129649e-07,-5.08920899746989e-07,4.09087964087276e-06,-9.12826354087917e-06,2.31328802706177e-06,1.17111783930479e-15,3.84199867008687e-05,-7.55428854962798e-05,0.18432727396868,-4.989816290875e-05,4.70618323858338e-06,2.49651983554596e-08,-4.00525966559595e-15,-9.30877923671617e-16,1.0826196521061e-08,6.4622262491148e-06,-8.18011182392799e-07,9.18124686403531e-07,-1.79468658644848e-15,2.89269899752107e-07,2.96069268334997e-09,-8.27919414871802e-17,4.48776587173469e-17,3.01250345442465e-17,-4.37748955228018e-07,-1.24144092220632e-06,1.58124274101697e-06,-8.46091786454533e-07,-4.17120738650033e-07,-7.79090228148413e-07,3.71052463616668e-06,5.91499995165915e-17,6.80421992358155e-07,-1.13234950936434e-06,2.57911973331177e-16,1.43106062896538e-15,9.2236577606221e-07,4.27884570109779e-11,3.07999059616456e-07,-2.31456166090576e-07,-2.7169203921051e-07,1.4446344661991e-08,4.02311317802014e-16,4.78299957731087e-08,-2.24200659737561e-16,1.55949897362294e-07,-8.14879576576527e-17,2.74593286962405e-07,3.61598642864353e-17,-2.06281483437439e-07,-2.83091356764442e-07,-1.5306867814701e-08,-1.98017441959314e-07,-1.91714289175369e-05,7.40544043547681e-08,-1.29957471482512e-05,-2.10470920284343e-08,-1.02318970092979e-07,-9.22328124495942e-09,-1.38779874719694e-07,5.90157252162637e-07,8.74839649797205e-08,6.86289777236412e-09,1.61311077181496e-07,1.00479385718996e-16,-2.28520202721051e-06,3.75358619868393e-07,-2.03200037285357e-08,-5.97702800867747e-17,-2.58861803324623e-09,-6.62410410110811e-08,-2.31278764797692e-07,8.93570652267589e-17,6.12211739569823e-07,2.79936625326688e-08,-1.50560493830717e-16,3.61078346828928e-08,-4.83451492616152e-07,1.5208371763687e-16,-3.21513577142529e-16,2.66591016100905e-08,1.28888323622303e-08,7.1710026771285e-11,9.67431546708061e-08,-2.40981661559824e-08,-7.78159627721239e-08,-6.73704316312093e-09,-7.55454188455461e-08,1.19252835110152e-07,7.87533964907369e-16,-4.38674991556096e-07,-1.63966803689422e-10,-4.45177896018134e-10,-4.08552349335333e-08,-1.6099217900877e-16,-7.37282452237641e-18,-1.30877912754718e-08,1.16863304717833e-16,-3.85183849510826e-16,-8.08340968848128e-08,9.38087450352989e-07,0.000531343081212598,6.58773765138995e-10,-4.49047270923408e-06,1.20676082345165e-08,-1.54677310757932e-09,-1.73349804616385e-17,-3.2778415191498e-09,-1.40954274835825e-10,-6.26919079552555e-10,5.75423413871018e-08,-1.65874058566341e-06,3.92038969111967e-16,-2.29924654762911e-16,-5.95235828330845e-17,-5.11983473160204e-09,-0.0421495082247977,2.93891823908792e-07,-8.92809523086474e-16,4.01435077316138e-08,-3.9732879489438e-16,-3.24966417881305e-17,-1.91250077838869e-07,4.16940708097069e-09,5.41220171977608e-16,8.98918800695008e-09,4.77519175366337e-08,-5.5459201636814e-16,-1.11947367376817e-08,-1.76871175214054e-16,-2.52123362755765e-09,-6.43172161912551e-17,-2.4768172167964e-09,-2.11835559750002e-08,-8.36579879856603e-09,-6.98359975782379e-10,-4.5915943821281e-09,1.34411377852057e-08,-4.10911758625064e-09,7.05840824709633e-17,-1.24312594293248e-07,1.90436237775138e-07,-3.03703700000026e-16,8.14169691491438e-10,2.06365346810409e-09,-2.86658542977618e-09,-3.26302557434438e-16,-6.24765492891347e-10,-7.17551948881772e-09,-7.24921332709144e-17,1.04420719460942e-09,1.68603260819301e-10,-3.40016604513587e-11,-4.4845280466823e-17,-1.86721581807823e-16,5.35581985442001e-10,2.24247084362074e-10,1.91288956243855e-11,-4.38116734427629e-09,3.11784070534744e-10,-1.00816305438605e-16,-3.25452881491397e-16,1.20085837483137e-09,8.33408082158602e-12,1.49443132480803e-16,3.228428702923e-09,2.1489909020159e-17,6.78710702327636e-05,-6.57361118287859e-10,-3.87212969463085e-10,-2.64215624240267e-09,-3.75173893338902e-17,-1.31677302690666e-17,5.75562112863785e-16,-1.42777571514481e-16,-2.82690749217415e-09,-6.24059055628729e-09,-5.53741803055938e-17,-4.97062284551482e-16,-4.31810359460197e-17,2.60154048723152e-07,8.40491216127852e-11,-1.23991321966172e-08,2.80122542882726e-17,2.00424343056249e-15,9.71597612477518e-16,-3.61474616013978e-08,4.19038774177071e-05,-3.72753562122575e-16,1.34626505457366e-09,-5.71329104889832e-08,2.24127086305355e-18,-9.98135750273096e-17,-3.73443397796603e-09,-3.83843613143363e-11,-1.89906301086397e-09,3.88271366141787e-17,2.21603088583946e-09,3.28949442450168e-09,3.62112545183919e-09,-3.41227332699879e-09,-1.22591117075269e-08,1.06081448616625e-09,6.88248366477212e-17,9.24476958585466e-16,-2.22192132813099e-16,2.19140924841323e-08,-5.60382789264837e-07,-1.08982822945974e-09,-8.97393730599277e-10,-2.48194151139364e-16,1.79703851924831e-16,-5.00097628564991e-16,-2.06257449090683e-16,-7.28335963157194e-16,4.92416683395394e-08,6.22291342646221e-17,-2.10192051514173e-16,-7.35489223153977e-10,-2.98945717517233e-16,-6.5893202150567e-10,4.32696507985569e-17,-8.18059468317826e-10,-6.73816154288481e-17,-1.0167698256504e-09,-1.28009043994689e-10,-8.15205466507383e-08,-1.53047354230631e-16,4.18995125617411e-09,1.15878993066339e-16,6.07991739545699e-09,-1.20909141202827e-07,6.08376588420055e-11,5.41621601529147e-16,8.96889096136824e-09,3.68531613302251e-16,-2.23888245511182e-09,-1.26464541892667e-08,7.72621971396956e-17,2.65528238302219e-16,-9.12911264774604e-17,-6.35253475631756e-17,-4.29721521392663e-11,-5.61322852719532e-10,-1.25788623323219e-10,-1.841773772119e-16,1.37877083383517e-16,-1.48683821677238e-08,7.63131678833398e-08,6.13242563181109e-16,-2.19512155243154e-16,-5.94210051994691e-10,7.15500007784492e-17,-4.22713807525595e-09,-2.83137472926694e-16,4.03393158920309e-08,1.73095935590407e-16,-4.16314111436234e-16,-1.43695523093778e-16,1.7794561777585e-16,8.19496623436147e-17,-4.49454903793659e-16,5.46809437406137e-09,-3.8251292916805e-08,-9.37047855858266e-17,-3.69696801387699e-09,1.41022709255857e-08,6.57166636733906e-16,3.26733160765272e-16,7.29576619591871e-16,-2.82775288733905e-16,1.40715275155887e-09,2.25679848098782e-10,1.5592482041978e-16,-3.96658399596279e-16,-2.57101898173804e-09,-9.17522478017005e-09,-1.52932482317576e-09,6.74509394197752e-17,-2.86289785990364e-16,4.12927894006431e-17,2.29161070451652e-16,-5.76271048789312e-16,7.91616066797673e-16,5.5768091026873e-09,-5.29142772039821e-09,-1.02085802715715e-09,-4.28633787777255e-16,2.91444125593815e-15,-7.59544110004322e-16,-1.81274488336246e-16,3.10300795139786e-16,9.3303808397182e-16,-1.90445546257053e-15,-4.23227242087814e-16,4.56653134683216e-16,3.75028775775551e-16,9.95432249263665e-16,4.86138095203641e-16,-1.83213824428378e-16,-5.94589308243597e-16,4.65387975881685e-09,-6.11860939690423e-16,9.69471137978014e-17,1.36709241641012e-18,0.000330993586140348,-6.67360834035285e-11,-7.28988610909718e-16,-1.24664550784461e-09,1.6936482872927e-06,3.06033279902608e-15,-7.53086375250311e-15,-2.20408207292773e-08,-3.8887247662273e-16,0.208452133526302,3.42849582996314e-15,1.61550815752217e-16,7.85915557941026e-16,-5.92121515211899e-15,4.47590354530284e-11,-6.85385378675182e-09,-1.71111375988622e-16,4.58626229928608e-16,-6.06778270256169e-16,-9.68370944767091e-17,9.45092257492036e-16,1.94123394191425e-16,-2.49319517071167e-17,6.04883775083884e-16,8.57352924105609e-10,-4.25014750558118e-16,4.99901549777775e-17,3.34638515399445e-16,5.5221045629251e-16,-1.37176311640488e-15,1.63703576481939e-15,-2.07699828140006e-09,2.52868515916247e-16,7.64699537549343e-16,1.48689531961399e-09,1.46964933045998e-15,-1.85361328987107e-15,-2.2687627102901e-16,8.23055579105919e-16,4.16407067597863e-09,-2.05528750978396e-16,-1.18942307004143e-10,1.87681779006216e-16,5.62987354775497e-17,-5.21620277295404e-16,-9.95574415296768e-16,3.38300977244325e-16,2.18749699976777e-15,-9.86495160339698e-12,-8.04479057916965e-15,3.10155807583562e-16,-9.0996735396482e-10,3.01096106552795e-09,2.61372496070663e-16,-3.34843231574688e-09,-5.54584945237227e-10,3.95487967065854e-16,9.8097920646594e-16,-2.51293811110089e-15,-4.3319824425422e-16,-1.32537883628131e-15,3.81751599545168e-09,-1.2062815763003e-15,1.76026380340899e-15,-6.2694802881652e-16,-2.16419680799483e-09,4.38444060098978e-15,-1.03551952862158e-14,-2.4198402926835e-15,-1.23972532737672e-15,1.65949324240913e-09,-8.06287666623524e-15,-6.60754500864689e-09,-7.63444472956019e-16,5.90421501960035e-16,5.22256913636876e-15,1.43434953618245e-15,5.32300965720649e-15,-3.28527218212463e-15,4.72982047343887e-15,4.51601669750223e-07,-1.71306891822925e-14,-3.96583283574489e-14,-0.872578621416097,-5.4504286458697e-14,5.81597195483444e-15,-3.69013894695402e-14,-1.13014614872564e-17,7.18875087874061e-15,4.66516364986922e-17,-7.66294695999365e-08,-1.09559251210291e-16,7.08751602877747e-15,3.22513625479656e-06,-8.73336826212516e-16,-1.81914488980512e-15,3.18012717061907e-15,-4.88547514088869e-15,-6.49272906593093e-15,7.94328300520771e-15,5.17174402907432e-16,1.81226047962155e-16,2.3420897924826e-15,-6.01595493269281e-16,-2.83622247920055e-16,-9.55342847088857e-07,1.08602328230997e-07,3.66783801662719e-16,-2.87025092796769e-15,5.34743287967875e-16,-2.32626600257904e-15,2.00809827750545e-15,-2.47174959923472e-16,2.70320353286653e-16,-1.5069935460866e-15,-1.15133150657618e-09,-9.88968948435789e-16,-2.71551601694997e-16,1.44513208592035e-17,3.44919663217391e-16,1.32942867538328e-09,1.14670649479544e-15,-1.33093381117148e-09,-1.4227629522952e-17,-5.41983046068554e-16,-2.99625295464038e-16,4.37305962052162e-16,5.38577628535707e-16,-9.48718188266659e-16,7.8839372780477e-16,4.28449241384596e-16,-5.77488035581475e-16,1.13500901592296e-16,4.97124430880762e-16,1.45658597156224e-16,-2.14492299611541e-16,5.06209095000374e-16,-3.75743841335604e-16,1.01528556348908e-15,3.92608436080158e-16,-2.61193153882862e-16,-1.10800460575791e-16,-4.55196511439109e-18,2.49647714610154e-16,1.72784421007048e-16,-9.56792617004785e-16,-5.52245241206038e-17,4.68290258910002e-14,7.58527782110797e-11,-1.67962878848531e-15,-9.16325451537039e-16,2.53202284015745e-16,8.01103223434264e-16,5.00602630818339e-16,-6.39785245144559e-17,-5.48553782390333e-16,-3.28421507616725e-17,-5.21308623421963e-16,-3.4588872301309e-17,5.75501289418884e-16,-3.03496931384945e-16,-1.45235470907908e-16,-6.49262376422505e-17,-4.41431894655478e-16,5.77822882789446e-16,-3.34009898034259e-17,-9.11668018528868e-10,3.68011645789451e-16,1.75568630608643e-17,2.08244024664734e-16,-4.38825984156828e-17,5.36543151446554e-16,5.00897098510014e-16,-5.59139560448643e-17,-1.02173834588375e-15,-8.50232815264764e-17,1.84537172699091e-10,4.79307137977264e-17,-4.67382504553841e-17,8.41062495670112e-17,2.64481566309303e-17,1.19051849236291e-16,-2.38049272419572e-16,2.39204208925691e-16,-5.26747013319128e-16,-7.98559699225065e-17,-4.11894340228409e-16,3.19011782174726e-16,-2.72483040861241e-16,-7.31971690098872e-17,9.03157711186161e-10,1.78952686088423e-17,-1.74806140007666e-17,7.35706647687351e-16,-4.98299318474338e-16,-2.69009828470334e-09,1.14053816929315e-16,9.49303767412108e-17,-3.41479691151742e-16,1.24135432048804e-16,3.99685280093257e-17,-3.90367971134451e-18,-7.46609040520864e-18,2.22153158092662e-16,-1.38371635307405e-18,7.19139598570534e-17,-1.34490185182622e-16,4.19534025974694e-17,-5.02690288673529e-17,-4.06051407951187e-17,-2.9002400279582e-16,5.86758556132836e-16,-3.95716745030019e-16
"t851",-0.0375912686741846,-0.0102665949038402,0.00129608174937049,-0.115757193471364,0.0234160332914932,-0.00501119162207718,0.0269349127071414,0.000440949949515782,0.00016154147919824,-0.000599443984279041,-0.000304303656802015,0.140906327240876,0.0576795123002951,-0.00441530958896362,-0.000362380792957251,-2.49570840805095e-05,-1.92956698040217e-05,0.000289302417136275,-1.90920823786561e-05,3.30231019407405e-05,-0.000942339390339869,0.00036116463047676,-0.00103207305796022,0.024502279379104,0.00754317567916479,5.63731618932048e-06,-3.54797157093828e-05,5.14041315023245e-05,-0.00175905090067955,0.00227576589156617,-7.59874287394046e-06,1.49683224111653e-05,-0.00834535235455565,-8.25941185072367e-05,1.51529827934963e-06,-3.01711741521246e-06,-0.000272598755502413,1.0275221456089e-06,8.73850374973424e-06,2.60074299239576e-06,0.000154042339941484,-2.3673308255504e-05,0.00956900751311521,5.65578568876524e-05,0.000422356419648106,-2.11680641269426e-05,5.46953287507379e-05,-0.000488055437036672,6.87252761185833e-05,-0.000217229284736004,0.093857509235846,0.000266087160296074,-3.21822660589912e-07,0.000323854910912482,-7.56866772619205e-06,7.23033078565548e-05,-7.90754720918223e-07,3.96621172113545e-05,-1.30008065524282e-05,6.59654105945013e-06,2.72891512022152e-06,-2.4366240962737e-07,3.80947333707634e-06,-1.50727077185115e-06,-1.51366755454166e-07,0.000284784340581837,-7.67742229961033e-08,3.23065700185764e-06,-9.3994340648775e-06,4.04643710096789e-06,-6.52437259936049e-06,1.16356817124063e-05,-5.34943965572133e-07,-4.09220534558924e-05,1.70953736134747e-05,1.6573359788728e-08,-9.30450238595829e-05,1.75674399122415e-06,-6.63906950711826e-06,-7.91837592031331e-06,2.3868201424086e-06,3.5974442963549e-05,-4.69347136204534e-06,-3.00142454249711e-05,2.02783629515699e-06,0.000447486030449702,-2.83058312403563e-05,-5.10489169462751e-07,-1.67420650218795e-07,4.38668950407413e-05,-1.09457128438977e-06,3.0991467546204e-07,2.82177360806507e-06,-0.000315878187323059,-1.35652278964708e-07,-4.54246849982086e-05,-1.02864405062081e-05,2.73369237455321e-05,-4.25757104329827e-05,-1.26761620987723e-05,-3.04181361770412e-06,2.46474908406593e-06,-4.24420598458585e-06,5.05055667523063e-06,-2.95918737360596e-06,7.61991936115237e-05,-0.000963956591542843,0.326793388185602,8.09544731645256e-05,-7.43259867584069e-06,-2.70514634090206e-05,-3.00427172461858e-05,4.7342285021067e-05,-1.46106146967061e-05,6.22972299151292e-08,-1.65407809686049e-06,2.07505261324325e-06,-1.39217069384191e-06,8.58455148183751e-07,-1.32487982625062e-06,3.52857360461289e-06,9.8429031650931e-08,-5.42208710399114e-07,-1.53259222478483e-06,5.50580096099726e-07,-8.45050878293669e-06,8.8268949816891e-07,-3.53932716764069e-07,9.8685058804544e-07,3.26265687356908e-05,-1.05182359806599e-06,3.55481514099474e-06,-7.12255238555993e-06,-8.82871929926059e-07,3.35720661511131e-07,1.56196998094257e-06,-9.8934076067914e-09,-6.96772256509702e-06,2.29349290366126e-06,-6.60687479239968e-06,-4.26014405107335e-07,-1.65687112345606e-05,3.26135445609443e-06,2.08719245770393e-07,6.58501057247735e-07,-4.22159500337948e-08,-2.01985618810704e-06,3.15460482422382e-07,2.07391973599869e-08,-5.18105938678242e-08,-8.0589491623211e-06,-2.4135771158256e-07,-5.18928968490033e-06,1.94991044922567e-06,-5.93689281615429e-07,-5.21188475653967e-08,7.8636288554509e-07,-9.18189854358299e-05,-2.94482356259582e-07,-9.96376974500939e-08,-8.93076131900446e-05,1.10121254678183e-06,-1.89569494703754e-06,-0.00190298223372193,6.28086873650541e-06,-0.00102777203979046,1.83724711184612e-05,3.50401842850783e-07,1.79557952681618e-05,4.42949741155797e-05,-0.0279841509750208,0.000771756682869426,-6.23928535473087e-06,-2.03922047785497e-06,-0.0574451891673054,8.12235750416155e-07,5.33023865590646e-05,1.49698002447159e-06,8.82176614534488e-07,2.81612609763354e-05,-1.88001544757913e-05,-0.000428855688520313,-6.96440089063904e-07,-8.82518651483952e-09,-3.32770277027053e-09,2.07507017142875e-08,2.50481041738016e-07,1.8246412757614e-08,9.54244441814598e-08,-2.01101987263537e-06,-1.46143882709576e-08,3.82343022497577e-08,1.65919486717919e-07,3.82362167739486e-09,3.39780189363584e-08,-5.65570836771113e-08,-1.07332371171605e-07,-5.75710818030501e-07,6.92836618732863e-08,3.44660311207082e-08,3.45887827173802e-08,6.04548988534214e-06,-1.02852106820194e-09,-2.18249569426734e-06,-3.00710164583544e-07,-1.05361607488598e-05,1.96440227899252e-07,7.42947027543962e-06,-1.57435625942675e-06,-1.21200638011932e-07,-1.18929781699405e-05,0.000418592245377752,-4.8362723007025e-05,-4.95070031636605e-07,-3.14064847717991e-07,-3.86178234832515e-07,6.01685323944539e-07,5.26498958845167e-08,-1.00202292031074e-07,-5.11257756265661e-07,-2.81261806718189e-06,2.37443996893859e-05,9.26934641689587e-07,3.04005259060673e-06,-8.1690937434193e-07,-4.23590397607307e-07,-4.48534900435063e-06,-3.46347395486352e-07,-6.16880202240859e-07,-6.84536159084088e-07,2.2132160189682e-05,0.0154487771392952,-1.52730952477376e-07,-1.5902286256502e-07,-3.72939508680985e-09,-9.06167087015043e-08,-5.62015690921919e-07,-3.44284236572861e-17,-9.64968588895097e-08,7.39126736148347e-06,-2.3189263386648e-07,-4.48323543324809e-06,-7.67772020605968e-07,9.21889209081669e-07,-1.88152336832859e-07,7.41412288364208e-06,-1.7749688610865e-08,1.89625868920568e-09,-0.0116245074011058,7.26723286962968e-08,-1.73465980913826e-08,2.90066749897403e-06,-2.09556127235771e-07,1.0977290214536e-07,-7.41760921223083e-09,5.76937507884346e-07,-5.57422299923651e-07,5.51292142483004e-06,1.80590581894701e-07,-3.55645226161512e-08,8.15535027596562e-07,-1.63229226886166e-07,1.92426080120679e-05,-0.000248410698508516,7.26711443309878e-08,-2.51371823448951e-08,5.41556984956166e-08,2.43375613365589e-06,-8.81749071469749e-06,3.68712204943257e-08,1.49043366549561e-08,-3.54300731376778e-08,8.59630540038088e-05,-7.02199596039832e-06,2.78488060812291e-06,-0.00253996468564411,-3.81828821442133e-06,-8.59566739896938e-08,6.02096536899807e-07,-7.56615259521683e-06,1.39019215280083e-07,1.56572695919888e-16,-3.88293779320979e-07,-1.34579523147761e-08,-2.07271561406324e-10,-1.90096686298117e-06,2.18094451170607e-08,-1.36929480601452e-08,-3.22079652628549e-07,3.87391061670282e-08,-3.09552463115524e-07,8.11479499393485e-07,3.00958030570354e-08,-2.76969029560703e-08,3.59879615534511e-07,-4.37480375601246e-07,1.57393537092151e-05,-2.19812325416116e-07,2.6219546686375e-06,1.40621762739812e-08,0.000622604486084023,5.48146137938311e-07,-4.71008579255626e-06,1.78604176101126e-07,-4.2922280809553e-07,5.80461321179041e-07,-2.10958640325707e-06,1.35174107270502e-07,1.22418220939287e-07,9.43061064877125e-07,-4.61316054735844e-05,-1.2592513367684e-07,3.04235453660188e-05,-6.76892397222691e-07,1.67723120164673e-08,1.56624145803918e-07,-3.0638209389546e-07,1.28235424098694e-18,9.73889686113317e-10,6.59265266338552e-06,-3.77366808111635e-07,2.78294105879309e-07,7.27063787139622e-06,7.27484247287562e-08,1.69663479357414e-07,-2.49719587574866e-06,9.39282677373271e-07,1.43815683724621e-16,-7.4035369850649e-07,-9.05801464319548e-09,-2.55271257693152e-08,1.35692254054368e-06,1.95961341797684e-07,-1.33817887441218e-08,-5.21026857332602e-07,1.40875226389888e-07,-0.000137884824410866,9.10987797677116e-07,-1.88818909168581e-07,-3.45034193482571e-07,-1.83602815591601e-08,-1.83301446213753e-08,-3.50172805780571e-07,2.35968537369026e-06,-3.85142810906811e-07,-2.81582921954681e-16,-8.24812962321562e-06,6.54540278442479e-07,5.47887294384613e-07,1.70760872158451e-07,-8.04990085297612e-07,-1.80941303796543e-06,0.000170165502995093,-3.33767615577647e-05,-1.57883558446658e-07,-2.15352215717892e-17,-2.99740942647142e-07,-1.33963464835002e-06,-3.92486159025864e-07,6.58794806264704e-17,7.61619581134367e-07,7.7155192932178e-06,-1.18080311856392e-06,-6.32508145570891e-07,-2.13402632790508e-07,-1.15218268768654e-07,-4.14969639119932e-06,1.18281689572552e-07,1.26036338268451e-06,5.97951370093549e-07,2.70455004506256e-07,2.73186142863966e-06,-1.63988548296926e-16,-1.15289829162754e-06,5.47409087250799e-07,3.63540387766509e-06,-3.81937593194349e-07,1.79469831079038e-16,-4.09384513559903e-07,6.03142686975026e-07,-2.23646260893397e-07,-2.05670874642572e-07,-5.42954911625673e-07,4.36665728938977e-06,-9.75161724808195e-06,2.47629493831186e-06,1.47804152100672e-15,4.12016341421948e-05,-8.10250531316723e-05,0.197769127388699,-5.35614363799389e-05,5.05186522772541e-06,2.68024290458616e-08,-4.57381528484735e-15,-1.08354234193114e-15,1.16315891997229e-08,6.94748656793998e-06,-8.79508411365266e-07,9.87725169831461e-07,-2.24389018210031e-15,3.11598022782153e-07,3.19104467899745e-09,2.4004767914307e-16,1.43060077875522e-16,-1.16620976562073e-16,-4.72654878943129e-07,-1.34074068098376e-06,1.70907850497425e-06,-9.15111269756976e-07,-4.51182833533279e-07,-8.43318746729685e-07,4.01675636378633e-06,1.40996893712818e-16,7.37658613848712e-07,-1.22823864470222e-06,3.52835509729146e-16,1.2728400160095e-15,1.00251735587987e-06,4.65298606728122e-11,3.35151465135998e-07,-2.51973078783597e-07,-2.96028968077391e-07,1.57425627295535e-08,3.85875083096203e-16,5.21314903802291e-08,-1.48433246562289e-17,1.70067854302575e-07,2.45988532278016e-16,2.99572664170946e-07,-8.4447632637682e-17,-2.25162273586012e-07,-3.09034631113738e-07,-1.67327049429241e-08,-2.16526669754265e-07,-2.09660204422375e-05,8.10299962820414e-08,-1.42265378727662e-05,-2.30655143550031e-08,-1.12132476257256e-07,-1.01112901428717e-08,-1.52235301264315e-07,6.47912306652768e-07,9.61126329050749e-08,7.54395628577276e-09,1.77367485973436e-07,-1.8812886925333e-16,-2.51478820504103e-06,4.13407242831753e-07,-2.2432063903127e-08,-7.03291991288453e-17,-2.85962747076844e-09,-7.32516960997043e-08,-2.55869660290769e-07,-1.43886799154162e-16,6.77460469654143e-07,3.10053975488185e-08,-1.7679168883133e-16,4.0010546140941e-08,-5.37173092285216e-07,-1.10778742441023e-16,9.26860724915228e-17,2.96536560271026e-08,1.43380079200082e-08,7.98093775638308e-11,1.07728410819668e-07,-2.68676573703597e-08,-8.6768293753445e-08,-7.51324532609385e-09,-8.438978671727e-08,1.33397758958932e-07,1.41841088028595e-15,-4.9096516295923e-07,-1.83528258461752e-10,-4.98446988310218e-10,-4.57614327073274e-08,3.43210530955382e-16,-4.06950753325788e-17,-1.46672118993885e-08,1.5394928579835e-16,-4.76847952685815e-16,-9.08958938865795e-08,1.05548412702749e-06,0.000597845354607404,7.42200533953966e-10,-5.06004994494193e-06,1.35988015934229e-08,-1.74346826934507e-09,-2.63004712834401e-17,-3.70459558901214e-09,-1.59398617554123e-10,-7.09091185351063e-10,6.51476496033165e-08,-1.88135607435873e-06,3.01298728041375e-16,-1.53541845666808e-16,1.38224787808179e-16,-5.82243069687468e-09,-0.047990203890405,3.3464691531151e-07,-9.34064690479911e-16,4.57631902194439e-08,-4.05519850891779e-16,2.15412876428786e-16,-2.19178750010688e-07,4.77860256847061e-09,-7.9015299078028e-16,1.03165592965166e-08,5.48469186212536e-08,1.11217427345387e-17,-1.28794260517209e-08,1.28074537470898e-16,-2.90660097537653e-09,5.29760144712478e-18,-2.85592911655223e-09,-2.44295384279181e-08,-9.64928415970267e-09,-8.05687704582396e-10,-5.30000003204077e-09,1.55456158713929e-08,-4.76604941136097e-09,4.79335740604668e-18,-1.44721298816919e-07,2.21790536943862e-07,2.37273611718059e-16,9.48733119008393e-10,2.40713186753551e-09,-3.34675354167975e-09,-1.55315156512624e-16,-7.31745978313083e-10,-8.40964113393013e-09,-3.55714488444023e-16,1.22486312436898e-09,1.9785822301961e-10,-3.99660683752076e-11,-1.80367406822622e-16,8.94070795645777e-17,6.32036155654423e-10,2.65096237578518e-10,2.2621626745641e-11,-5.22336123230263e-09,3.72237771236072e-10,4.78327076689255e-17,-3.17255979440102e-16,1.43509896252239e-09,9.9606012941676e-12,9.56691481580893e-17,3.86510869868741e-09,-2.10198254175844e-17,8.13898245915204e-05,-7.90116660054732e-10,-4.65489367927115e-10,-3.17835770880858e-09,-5.50687326410061e-18,-4.15392560908451e-17,-4.17421280523577e-16,-4.47264309678695e-17,-3.42147241982069e-09,-7.55706334044499e-09,3.40267458549223e-18,2.76804100724401e-16,-3.26626122481495e-16,3.15635280419866e-07,1.02058198168601e-10,-1.50908673800753e-08,6.88699612141213e-17,3.56456875193027e-16,8.61117411101245e-16,-4.43611465884764e-08,5.14409157181646e-05,7.92800451529634e-17,1.65836556884853e-09,-7.04780670560158e-08,1.27046873500372e-16,-4.73824957695719e-17,-4.62258301316175e-09,-4.7526579831028e-11,-2.35626740290033e-09,-1.24153491284717e-16,2.75938694616999e-09,4.10434771955426e-09,4.53117555281245e-09,-4.28723440865794e-09,-1.54197613567285e-08,1.33715039954983e-09,3.86410870106366e-16,-8.96154471327807e-16,-1.13443269944116e-16,2.7981578320932e-08,-7.15689283395886e-07,-1.39431379431219e-09,-1.15882729477913e-09,1.00990071985722e-16,1.67410592646796e-16,3.35867950810606e-16,5.56962642420325e-16,-1.32057092664274e-16,6.42605014377926e-08,5.38359952769204e-17,-1.49726737280564e-16,-9.64025576300913e-10,-4.27931133536107e-17,-8.63886003488203e-10,1.36429274062389e-16,-1.07293954089655e-09,3.84863489038407e-16,-1.34427699032186e-09,-1.69576396779324e-10,-1.08325589598678e-07,1.18011158864863e-16,5.58937794863115e-09,-9.16684151675039e-17,8.18336331337688e-09,-1.64793524633589e-07,8.29658199115384e-11,5.20064280805542e-16,1.22975691318287e-08,-5.11386402086624e-16,-3.0975142519642e-09,-1.7504437941359e-08,-4.59552868553791e-16,3.64572871865654e-17,-2.31523879467437e-16,-1.21213371658754e-17,-5.99476435543716e-11,-7.84746533626275e-10,-1.76300327295059e-10,1.32942781927906e-17,-4.45120661339099e-17,-2.11038930607202e-08,1.08380730142013e-07,-1.30889950197949e-16,-1.97210191773838e-16,-8.58583362353374e-10,2.01740335920349e-16,-6.13179421766082e-09,8.48050004311801e-16,5.92114070431972e-08,2.3643838921468e-16,-5.26425252664744e-16,8.3323968077461e-17,-1.69834081756638e-16,-1.79522416116128e-16,3.35090499752582e-16,8.24229060327952e-09,-5.76792891880426e-08,-1.21700187936511e-16,-5.63184301099735e-09,2.15781840000062e-08,1.85572226439367e-16,3.61245329709862e-16,1.20539311143217e-15,-5.51618774359132e-16,2.19706780473467e-09,3.54134485680938e-10,-5.36552294755559e-16,-3.06329163929684e-16,-4.05752910930816e-09,-1.44910802135552e-08,-2.42157740505955e-09,2.20023465001291e-16,3.72369428266519e-16,6.59421514990426e-18,5.50618024319097e-16,-1.21647358033701e-15,9.8381129991802e-17,9.24890409275815e-09,-8.81811222370192e-09,-1.70959458620507e-09,-4.44373395331502e-16,5.45899963297688e-15,2.18751128898774e-15,-2.00187105213217e-16,-3.73732731993321e-16,1.09381260424474e-15,-3.84261450040353e-17,-7.60415179348116e-16,3.42961789389678e-16,1.84428948533999e-16,2.02697138979268e-15,1.38684033384076e-15,-3.20384284187787e-16,-1.72913472753114e-15,8.61463202789238e-09,-3.56678643158903e-16,9.16224912197601e-16,-1.58185517904519e-16,0.000622847417176479,-1.26072570256828e-10,-2.65896001421573e-16,-2.36090520405228e-09,3.2786986331503e-06,6.20714178475423e-15,-1.96070187193484e-14,-4.39543810562335e-08,-4.05005297886815e-16,0.432853168673018,6.98400563487524e-15,4.12875027313787e-16,3.11924673634747e-15,-1.09655703932072e-14,1.00182415799766e-10,-1.5428390346132e-08,-7.99783006349385e-16,2.17198724790733e-15,-9.35206810313281e-16,1.52085738938927e-15,2.26880146614317e-15,1.92467193649407e-16,-8.81164896251594e-16,2.80427641722962e-16,3.16404649471921e-09,-6.8324645226068e-17,3.47781173934439e-16,5.29687663960524e-16,-3.92542200063445e-16,-3.35028509170001e-16,7.15908574412697e-16,-9.52249323090241e-09,-2.04484583071317e-16,1.62286750242181e-16,7.16508273378417e-09,-9.77868956328404e-16,1.75468664983132e-16,1.70663458011302e-16,-7.40808894279767e-16,7.2967029386692e-08,1.4888789347851e-16,-5.00686733023515e-09,4.95348619776741e-16,-2.75688572073519e-17,-1.42295251495502e-17,-8.26238063406081e-16,-3.64420836852934e-17,-1.87837106023125e-15,1.89003320787669e-10,5.9377063918376e-15,-4.07086832551695e-17,7.63651491506372e-09,-2.4525643522374e-08,-1.20304497935618e-17,1.77914223896105e-08,2.6364219245807e-09,-4.36223121647134e-16,-3.71594462649372e-16,1.58337700619318e-15,7.97635194832213e-17,2.88647312136351e-16,-5.66817587296599e-09,1.19629768829379e-15,-6.57420884795285e-16,2.55192291111652e-16,2.5243670876693e-09,-1.49636649563175e-15,2.93388697714447e-15,1.49932904781046e-15,1.9874454695485e-16,-1.4138212395609e-09,2.71646155039843e-15,5.10361134075539e-09,3.5383222810896e-16,-5.19246782230672e-16,-2.50435327530057e-15,-3.68506528952508e-16,-2.32798317290547e-15,1.94551900467672e-15,-1.88717285895713e-15,-2.00244693880599e-07,6.69805782521667e-15,1.53777544551406e-14,0.331340104360073,2.01006661865222e-14,-2.25712236194184e-15,1.37618160117739e-14,-4.66874227532011e-16,-2.28443675338047e-15,-1.06612667628994e-16,1.62052775744672e-08,-3.32316194158651e-16,-2.81502186524297e-15,-4.79236263413344e-07,3.75230479111226e-16,8.50550906127337e-16,-1.17349201439457e-15,1.38339350300059e-15,2.63403754166944e-15,-2.87303472314508e-15,1.26269034258844e-16,1.71784121221686e-16,-4.76224983195457e-17,5.62272336310582e-16,-1.87220082361845e-16,-3.49696762831791e-08,5.96882251326072e-09,6.37061409606627e-16,1.75014926392558e-15,1.81045589265045e-16,1.1530088216746e-15,-1.11563048296043e-15,-2.79859786907995e-16,1.160658680635e-16,-2.84057927670703e-16,-1.61874455839271e-10,9.5396031442337e-16,3.06349566996038e-16,8.129691888319e-16,1.15743515735017e-15,2.68815519655192e-10,1.2328108789508e-15,-3.48736277237933e-10,-1.97160160108861e-16,2.00832824993296e-16,-4.64242046448886e-16,7.13330507222171e-16,6.09257719323698e-16,-2.94948577093342e-16,-4.11745037810073e-16,4.1161856140604e-16,-7.69383980594349e-16,-2.88318513487034e-16,-4.95420207480938e-16,-2.70875272449151e-16,6.80699470234349e-16,-3.38003243589894e-16,-5.34664960953113e-16,-2.59244716963784e-16,-8.81320943191461e-16,6.81399653558506e-16,1.52537466547692e-15,-1.57358312315057e-15,2.29418873763827e-15,5.75617429941077e-16,-4.81806723469553e-16,1.95901458949166e-15,1.98693172153421e-14,3.20485900983944e-11,-8.10193611646478e-16,5.10616140537337e-16,-7.0122495146041e-16,4.88830156004856e-16,3.6737686503933e-15,1.60253806478505e-16,1.32903315571817e-14,-3.45633928971009e-14,-0.707106781186547,3.57199605074503e-13,4.21196701106373e-13,1.91548044996787e-14,-1.0116359728282e-14,7.02852787183098e-16,3.15186891038601e-15,-6.4842607787971e-16,-1.03811035138368e-15,-4.53079528055046e-10,2.54492361735586e-15,-2.00807859795536e-15,-5.64243337452625e-16,-1.60678108937235e-16,-1.19145754216908e-15,1.51332640509512e-16,3.37567701642687e-16,1.02606059979868e-15,-1.29594999146069e-15,1.02655199134429e-10,-5.56439060610125e-16,-3.53704789256188e-16,-3.8265608523657e-16,3.76914701068506e-16,2.93176611159871e-16,-6.05867360847353e-16,-1.66405965462905e-16,4.0000291522454e-16,2.121506405084e-17,5.71152825488474e-17,1.57416585746317e-16,6.23184541153219e-17,-1.31424948774706e-16,5.4504178766816e-10,-2.02972025044671e-16,-2.97465796568735e-16,-8.38568047670443e-16,-3.9397196442692e-17,-1.67396978934918e-09,-4.54782006715928e-16,5.06474496759094e-17,1.10666707808468e-16,-1.39451559193859e-16,8.14430068940218e-17,9.76099009951085e-18,-5.40637737185033e-17,8.16358052642127e-17,-1.15882774503851e-16,-2.52338516011807e-17,1.62222146262114e-17,-3.69763901596359e-17,-7.8389365146999e-18,-4.67524884858838e-17,1.9444795364612e-16,-1.59170715536389e-16,-1.48991879025191e-16
"t852",-0.0375912686741846,-0.0102665949038402,0.00129608174937048,-0.115757193471364,0.0234160332914932,-0.00501119162207718,0.0269349127071414,0.000440949949515778,0.000161541479198231,-0.000599443984279023,-0.000304303656802032,0.140906327240876,0.0576795123002951,-0.00441530958896363,-0.000362380792957256,-2.49570840805307e-05,-1.92956698040208e-05,0.000289302417136283,-1.90920823786589e-05,3.3023101940733e-05,-0.000942339390339884,0.000361164630476764,-0.00103207305796022,0.024502279379104,0.00754317567916478,5.63731618933129e-06,-3.54797157093742e-05,5.14041315023258e-05,-0.00175905090067956,0.00227576589156618,-7.59874287394665e-06,1.49683224111849e-05,-0.00834535235455566,-8.25941185072485e-05,1.51529827935745e-06,-3.01711741523726e-06,-0.000272598755502416,1.02752214561974e-06,8.73850374973105e-06,2.60074299239889e-06,0.00015404233994148,-2.36733082554974e-05,0.00956900751311521,5.65578568876598e-05,0.000422356419648162,-2.11680641269351e-05,5.4695328750741e-05,-0.000488055437036691,6.87252761185823e-05,-0.000217229284736002,0.093857509235846,0.000266087160296077,-3.21822660590723e-07,0.000323854910912458,-7.56866772618694e-06,7.23033078565461e-05,-7.90754720921405e-07,3.96621172113117e-05,-1.30008065524239e-05,6.59654105946608e-06,2.72891512021333e-06,-2.43662409645447e-07,3.8094733370989e-06,-1.50727077185486e-06,-1.51366755455243e-07,0.000284784340581834,-7.67742229907626e-08,3.2306570018824e-06,-9.39943406485751e-06,4.0464371009615e-06,-6.52437259933908e-06,1.16356817124197e-05,-5.34943965583657e-07,-4.09220534558925e-05,1.70953736134954e-05,1.65733598063733e-08,-9.30450238596014e-05,1.75674399119176e-06,-6.63906950712166e-06,-7.91837592031919e-06,2.38682014243892e-06,3.59744429635256e-05,-4.69347136203033e-06,-3.00142454249782e-05,2.02783629515394e-06,0.000447486030449707,-2.83058312403585e-05,-5.10489169459789e-07,-1.67420650160637e-07,4.38668950407636e-05,-1.09457128436444e-06,3.09914675463883e-07,2.82177360807081e-06,-0.00031587818732302,-1.35652278978855e-07,-4.54246849981986e-05,-1.02864405062213e-05,2.73369237455489e-05,-4.25757104329948e-05,-1.26761620988168e-05,-3.04181361773453e-06,2.46474908403277e-06,-4.24420598461411e-06,5.05055667515603e-06,-2.95918737363161e-06,7.6199193611525e-05,-0.000963956591542801,0.326793388185601,8.09544731646741e-05,-7.43259867575059e-06,-2.70514634088824e-05,-3.00427172460968e-05,4.73422850211443e-05,-1.46106146966856e-05,6.2297229870532e-08,-1.65407809684022e-06,2.07505261327082e-06,-1.39217069386478e-06,8.58455148233203e-07,-1.32487982619783e-06,3.52857360461263e-06,9.84290316899914e-08,-5.42208710355108e-07,-1.53259222470908e-06,5.50580096144005e-07,-8.45050878298743e-06,8.82689497990206e-07,-3.53932716819661e-07,9.8685058805346e-07,3.26265687357079e-05,-1.05182359810333e-06,3.55481514096031e-06,-7.12255238556579e-06,-8.82871929919519e-07,3.35720661547175e-07,1.5619699809406e-06,-9.89340761019625e-09,-6.96772256514033e-06,2.29349290367507e-06,-6.60687479246169e-06,-4.26014405119065e-07,-1.6568711234484e-05,3.26135445609685e-06,2.0871924576911e-07,6.58501057205054e-07,-4.22159500106614e-08,-2.01985618809693e-06,3.15460482366502e-07,2.07391973543145e-08,-5.18105938212515e-08,-8.05894916232354e-06,-2.4135771164768e-07,-5.18928968488871e-06,1.94991044933886e-06,-5.93689281617692e-07,-5.21188475701195e-08,7.86362885479932e-07,-9.1818985435818e-05,-2.94482356237977e-07,-9.96376974831788e-08,-8.93076131901342e-05,1.10121254676738e-06,-1.89569494702083e-06,-0.00190298223372204,6.28086873656566e-06,-0.00102777203979044,1.83724711183891e-05,3.50401842881959e-07,1.79557952681061e-05,4.42949741155248e-05,-0.0279841509750208,0.000771756682869404,-6.23928535471124e-06,-2.03922047789256e-06,-0.0574451891673054,8.12235750439569e-07,5.33023865590842e-05,1.49698002444638e-06,8.82176614546525e-07,2.81612609762852e-05,-1.88001544758159e-05,-0.000428855688520287,-6.96440089063586e-07,-8.82518650346191e-09,-3.32770275781192e-09,2.07507017241836e-08,2.50481041694663e-07,1.82464127554096e-08,9.54244440922296e-08,-2.01101987268437e-06,-1.46143882723829e-08,3.82343022423739e-08,1.65919486635959e-07,3.82362164275999e-09,3.39780188914376e-08,-5.65570836376375e-08,-1.07332371100106e-07,-5.75710818066441e-07,6.92836618913476e-08,3.44660311194985e-08,3.45887827554985e-08,6.04548988530811e-06,-1.02852103052136e-09,-2.18249569426937e-06,-3.00710164578618e-07,-1.05361607488647e-05,1.96440227883692e-07,7.42947027542311e-06,-1.57435625917078e-06,-1.21200638013833e-07,-1.18929781699598e-05,0.000418592245377677,-4.83627230070698e-05,-4.95070031646432e-07,-3.14064847677485e-07,-3.86178234841667e-07,6.01685323869477e-07,5.26498958546387e-08,-1.00202292056453e-07,-5.1125775627961e-07,-2.81261806716232e-06,2.37443996894028e-05,9.26934641781305e-07,3.040052590643e-06,-8.16909374296698e-07,-4.2359039767854e-07,-4.48534900433929e-06,-3.46347395441097e-07,-6.16880202234873e-07,-6.84536159050575e-07,2.21321601896522e-05,0.0154487771392952,-1.52730952463955e-07,-1.59022862519904e-07,-3.72939508932025e-09,-9.06167087686705e-08,-5.62015690988797e-07,-2.84120280561296e-17,-9.64968588709161e-08,7.39126736161607e-06,-2.31892633886337e-07,-4.48323543324742e-06,-7.67772020627387e-07,9.21889209051246e-07,-1.8815233685945e-07,7.41412288363755e-06,-1.77496885953908e-08,1.89625870904384e-09,-0.0116245074011058,7.26723285963226e-08,-1.73465980952862e-08,2.90066749906143e-06,-2.09556127232036e-07,1.09772902138771e-07,-7.41760945813127e-09,5.76937507854086e-07,-5.57422299932623e-07,5.51292142495384e-06,1.80590581854848e-07,-3.55645226160896e-08,8.15535027620628e-07,-1.63229226861081e-07,1.9242608012029e-05,-0.000248410698508446,7.26711443494638e-08,-2.51371823540984e-08,5.41556984608569e-08,2.4337561336993e-06,-8.81749071466063e-06,3.68712204933598e-08,1.49043366782587e-08,-3.5430073227136e-08,8.59630540038093e-05,-7.02199596048371e-06,2.78488060807694e-06,-0.0025399646856441,-3.81828821446198e-06,-8.59566739438003e-08,6.02096536887607e-07,-7.56615259514933e-06,1.39019215276368e-07,2.18277620716056e-16,-3.88293779362043e-07,-1.34579523487729e-08,-2.07271503902092e-10,-1.90096686298154e-06,2.18094450914061e-08,-1.36929480490766e-08,-3.22079652665738e-07,3.87391061945064e-08,-3.09552463180213e-07,8.11479499332363e-07,3.00958030185352e-08,-2.76969029211579e-08,3.59879615432292e-07,-4.37480375646993e-07,1.57393537092777e-05,-2.19812325458211e-07,2.62195466862256e-06,1.4062176271091e-08,0.000622604486083998,5.48146137968005e-07,-4.71008579261885e-06,1.78604176073768e-07,-4.29222808024706e-07,5.80461321165455e-07,-2.10958640325091e-06,1.35174107277724e-07,1.22418220968884e-07,9.43061064812626e-07,-4.61316054735411e-05,-1.25925133641918e-07,3.04235453659353e-05,-6.76892397181218e-07,1.67723119077386e-08,1.56624145757572e-07,-3.06382093834853e-07,-3.41667251754742e-17,9.73889746809134e-10,6.59265266331087e-06,-3.77366808131978e-07,2.78294105868493e-07,7.27063787142888e-06,7.27484245492893e-08,1.69663479419066e-07,-2.49719587575029e-06,9.39282677475556e-07,-1.51498250450915e-16,-7.40353698547038e-07,-9.05801468370623e-09,-2.55271258933804e-08,1.35692254055404e-06,1.95961341797382e-07,-1.33817886619525e-08,-5.21026857379318e-07,1.40875226430688e-07,-0.000137884824410872,9.10987797743421e-07,-1.88818909201602e-07,-3.45034193596383e-07,-1.8360281513699e-08,-1.83301446108958e-08,-3.50172805587987e-07,2.35968537363773e-06,-3.85142810866217e-07,-1.82337371277716e-16,-8.24812962321402e-06,6.54540278109033e-07,5.47887294387819e-07,1.70760872118907e-07,-8.04990085270907e-07,-1.80941303786374e-06,0.000170165502995207,-3.33767615578308e-05,-1.57883558448268e-07,-6.38394615512787e-18,-2.99740942759353e-07,-1.3396346482626e-06,-3.92486159033371e-07,1.05383636491323e-17,7.61619581183374e-07,7.71551929323226e-06,-1.18080311872837e-06,-6.32508145582623e-07,-2.13402632899079e-07,-1.15218268634787e-07,-4.14969639118864e-06,1.18281689402079e-07,1.260363382834e-06,5.97951370107074e-07,2.7045500466829e-07,2.73186142866502e-06,-1.53858396317428e-16,-1.15289829170662e-06,5.47409087033238e-07,3.63540387774922e-06,-3.81937593196468e-07,1.26054927380667e-16,-4.09384513626615e-07,6.03142686918458e-07,-2.23646260818893e-07,-2.05670874732697e-07,-5.42954911614632e-07,4.36665728929019e-06,-9.75161724802751e-06,2.47629493829776e-06,1.35141946497901e-15,4.1201634142253e-05,-8.10250531313155e-05,0.197769127388699,-5.35614363799193e-05,5.05186522778865e-06,2.68024289702214e-08,-4.76159910112184e-15,-1.01644848171638e-15,1.16315890414033e-08,6.94748656801034e-06,-8.79508411417787e-07,9.87725169714701e-07,-2.36090872450197e-15,3.11598022720411e-07,3.19104468645242e-09,1.51479870945538e-16,7.25390676590499e-17,-1.42646358206732e-16,-4.72654878943129e-07,-1.34074068111863e-06,1.70907850490994e-06,-9.15111270016383e-07,-4.51182833404514e-07,-8.43318746852042e-07,4.01675636396142e-06,-8.06544105948525e-17,7.37658613932611e-07,-1.22823864482719e-06,1.92440933726043e-16,9.61765976854609e-16,1.00251735593112e-06,4.652980378552e-11,3.35151465248419e-07,-2.51973078803157e-07,-2.96028968109495e-07,1.57425627275399e-08,2.52253941600967e-16,5.21314903682949e-08,3.20253355693622e-17,1.70067854253114e-07,1.95601930377647e-16,2.99572664072686e-07,2.91028994101745e-17,-2.25162273716417e-07,-3.09034631100201e-07,-1.67327048942277e-08,-2.16526669886091e-07,-2.0966020442157e-05,8.10299961025025e-08,-1.42265378728253e-05,-2.30655146321831e-08,-1.12132476378101e-07,-1.01112902852656e-08,-1.52235301468658e-07,6.47912306619594e-07,9.61126329995293e-08,7.5439562823945e-09,1.77367486016401e-07,-1.24380750695584e-16,-2.51478820508869e-06,4.13407242850304e-07,-2.24320638796414e-08,-1.55111389546178e-16,-2.85962764958304e-09,-7.32516960343417e-08,-2.55869660211777e-07,1.06792484532771e-16,6.77460469583329e-07,3.10053975800322e-08,2.10431010240033e-16,4.00105460815644e-08,-5.37173092142355e-07,-1.54416204386102e-16,-4.97287733461272e-16,2.9653656004032e-08,1.43380080133471e-08,7.98093170283998e-11,1.07728410900905e-07,-2.68676573114299e-08,-8.6768293582714e-08,-7.51324544913024e-09,-8.43897866631413e-08,1.33397759055952e-07,1.46545847830824e-15,-4.90965162898391e-07,-1.8352830622647e-10,-4.98446855798969e-10,-4.57614328458806e-08,4.06338635205184e-17,4.13149601939929e-17,-1.46672118462184e-08,7.51450245022234e-17,-3.66083790393382e-16,-9.08958940464599e-08,1.05548412708359e-06,0.000597845354607442,7.42200482524322e-10,-5.06004994502076e-06,1.35988014223457e-08,-1.74346777830476e-09,1.99150749436994e-17,-3.70459556914247e-09,-1.59398597158582e-10,-7.09091048677132e-10,6.51476496766536e-08,-1.88135607419605e-06,3.01182899372081e-16,-1.99330839220632e-16,5.0436766525595e-16,-5.82243060182926e-09,-0.0479902038904043,3.34646915214502e-07,-1.12257874219987e-15,4.57631902868528e-08,-4.96535235140142e-16,-1.93363126920068e-18,-2.19178749966622e-07,4.77860263971196e-09,-1.11842230355458e-15,1.03165591594524e-08,5.48469183576911e-08,9.3179753565887e-17,-1.28794257856331e-08,1.16501827096895e-16,-2.90660096406713e-09,-1.57803346035763e-16,-2.85592930879101e-09,-2.44295383715966e-08,-9.6492842525919e-09,-8.05687466753638e-10,-5.29999988986023e-09,1.55456159620728e-08,-4.76604929870202e-09,-9.31656610020034e-17,-1.44721298703322e-07,2.21790536865393e-07,2.96552371834619e-16,9.4873298452169e-10,2.40713194305061e-09,-3.34675353295778e-09,-1.78215542841364e-16,-7.31746112198598e-10,-8.40964113519444e-09,-1.76862391857233e-17,1.2248630109753e-09,1.97858247176099e-10,-3.99662102369593e-11,3.51229441176741e-17,2.68020975363583e-16,6.32036188987663e-10,2.65096396130876e-10,2.2621820277753e-11,-5.22336109239251e-09,3.72237900850821e-10,-2.21598207212496e-16,-4.95404788536888e-17,1.4350990265164e-09,9.96070471729366e-12,-3.42026806421079e-16,3.86510877193325e-09,3.99751711764268e-17,8.13898245914914e-05,-7.90116668963213e-10,-4.65489494463059e-10,-3.17835761631076e-09,-2.6423148874998e-18,-4.11532220827744e-17,1.11024206834183e-16,-8.54110490166544e-17,-3.42147246457355e-09,-7.55706305484994e-09,-1.88679029814316e-16,-7.4294635008418e-17,-1.11540398695888e-16,3.15635280547067e-07,1.02058276757368e-10,-1.50908674554499e-08,-7.2043787772845e-17,1.11262012786589e-16,7.51497795199382e-16,-4.43611467021074e-08,5.14409157175544e-05,2.6974756574548e-16,1.6583659836606e-09,-7.04780673167349e-08,-8.84030183913151e-17,-1.40367782895241e-17,-4.62258309890832e-09,-4.75263568204355e-11,-2.35626720617577e-09,-3.03972495744905e-17,2.75938707570403e-09,4.10434743453377e-09,4.53117579490544e-09,-4.28723438630445e-09,-1.54197614698132e-08,1.33715050516153e-09,1.16295804702568e-16,-6.43290025209397e-16,3.93203454291508e-16,2.79815779259716e-08,-7.1568928353263e-07,-1.39431384619091e-09,-1.15882719590209e-09,1.46876849349956e-17,3.62033748533517e-16,1.23799192288644e-16,2.31134583341589e-16,-2.21463549381842e-17,6.4260501336166e-08,-5.34315169397395e-17,-4.26436720802885e-17,-9.64025501917743e-10,2.07938068706013e-16,-8.63885663697751e-10,2.8000537959823e-18,-1.072938702354e-09,-3.41156790129753e-16,-1.34427660849665e-09,-1.69576385888152e-10,-1.08325589775097e-07,-7.51647913427657e-17,5.58937808947266e-09,-8.80307555222677e-17,8.18336317792255e-09,-1.6479352482151e-07,8.2965636079848e-11,4.10595943971333e-16,1.22975688092071e-08,-6.50644698377413e-16,-3.09751442313509e-09,-1.75044380810399e-08,-1.78682434389334e-16,1.35964912839972e-16,-4.0048336606405e-17,-6.08681255769554e-18,-5.99475257101721e-11,-7.84746022503946e-10,-1.76300479877404e-10,-1.55946370474017e-16,-2.12998777985032e-17,-2.11038932215334e-08,1.08380730093251e-07,-3.06199960557787e-17,-3.07816986783918e-16,-8.58583460324214e-10,7.48143042524743e-17,-6.13179422373844e-09,6.75217328029489e-16,5.92114070227334e-08,1.76128039863106e-16,-2.60489541623041e-16,1.73337218084705e-16,-1.23379987702184e-16,-6.21798996829159e-17,-2.94250469006495e-17,8.24229078129594e-09,-5.76792892508832e-08,-1.28977239383128e-16,-5.63184316551124e-09,2.1578184109564e-08,-2.14657243799491e-16,2.32419875650298e-16,9.50953893751262e-16,-1.6417979795348e-16,2.19706792620053e-09,3.54134653367838e-10,-1.0901271072069e-16,-5.17954162602063e-17,-4.05752920989405e-09,-1.44910802453179e-08,-2.42157715150701e-09,2.95518651027554e-16,4.2815970051333e-16,6.48127088079356e-17,6.51887603562987e-16,-1.00056726083705e-15,7.06181608287608e-17,9.24890425752632e-09,-8.81811221780756e-09,-1.7095950829408e-09,-3.63173289080224e-16,6.06917729170979e-15,1.4450722832002e-15,-5.57534533199576e-16,-5.92657396468682e-17,9.15692430582462e-16,7.3599960935302e-17,-6.1569518468355e-16,3.20477431210922e-16,1.4326346998716e-16,2.04556955531223e-15,1.57704286350684e-15,-6.55064861185921e-16,-1.45675097680671e-15,8.61463203989672e-09,-3.86281195166185e-16,1.07495206130119e-15,-1.49633922571074e-16,0.00062284741717667,-1.26072870544553e-10,-4.76510527261151e-16,-2.36090529252129e-09,3.27869863334237e-06,6.07841934022281e-15,-2.01365051347418e-14,-4.39543811239716e-08,-5.67174210586117e-16,0.432853168673015,7.27245766812286e-15,6.52731871133122e-16,2.93413560000282e-15,-1.06167819594319e-14,1.00182459048325e-10,-1.54283903287173e-08,-9.31682689154436e-16,2.38092429997973e-15,-8.75804375902773e-16,1.790715310105e-15,2.63927334848146e-15,3.05926975280395e-16,-5.22924786421124e-16,4.87599981298071e-16,3.16404708623082e-09,-3.55126846680835e-16,9.78718357713445e-17,2.57769604000842e-16,-1.12046565109174e-15,-2.97957712506994e-16,1.10671348264983e-15,-9.52249357606464e-09,-7.35862150305825e-17,-1.93407745801303e-16,7.16508267296438e-09,-1.28911020597734e-15,1.16811893503061e-16,-7.81350926990866e-17,-5.18897186628704e-16,7.29670297530621e-08,3.3778322524599e-16,-5.00686745039233e-09,5.27926885027576e-16,7.52701272056585e-18,1.65644220990823e-16,-4.72612845825504e-16,-1.37728370054211e-16,-1.12978409324467e-15,1.89002942106984e-10,5.85556667918596e-15,6.35021013780018e-17,7.63651467402746e-09,-2.45256440942582e-08,-1.51213025484739e-16,1.77914223817084e-08,2.63642189806192e-09,-1.26461854912679e-15,-4.43015999749583e-16,1.11363147041878e-15,1.78673354134205e-16,8.77374093725518e-16,-5.66817579202073e-09,7.07191224862304e-16,-2.76063782051822e-16,2.19565521076529e-16,2.5243667843849e-09,-1.76566447916931e-15,2.19304734005753e-15,7.34051155083182e-16,6.0017732648004e-16,-1.4138213254256e-09,2.36929010360701e-15,5.10361119682304e-09,4.39430906879508e-16,3.71052587206711e-16,-1.9619317472448e-15,6.22564986357568e-17,-1.63016654881227e-15,1.55004170310231e-15,-1.9281843000584e-15,-2.00244694231584e-07,7.20666369646516e-15,1.50172558594452e-14,0.331340104360071,2.05715085710443e-14,-2.5956730581362e-15,1.40561685142383e-14,4.55878749530697e-16,-3.10137976529346e-15,2.4917029183986e-16,1.62052774098608e-08,3.01383076961768e-16,-2.54389059252522e-15,-4.7923626423253e-07,4.70753083240455e-16,1.11283109686354e-15,-1.47670117698505e-15,2.27486238104939e-15,1.86826677246863e-15,-3.31183419071677e-15,-5.61923993738391e-16,1.58929125736226e-17,-1.40187306691044e-15,-1.53231091435112e-16,2.77678411883523e-16,-3.49696763756216e-08,5.96882311661205e-09,-1.27659460276915e-15,4.67500723160298e-16,-4.75445761153287e-16,4.35178223487458e-16,1.80106309640576e-16,2.24583701409139e-16,3.55350003096342e-17,1.18781016439701e-15,-1.61874298167287e-10,2.94216064775187e-16,5.28763932101367e-17,-3.22723162688772e-16,-1.39296994696662e-15,2.6881561175157e-10,-1.73935764369197e-15,-3.4873697183845e-10,-1.76414017186069e-16,-1.14399306450343e-16,6.33391944666741e-16,-9.46263177644048e-16,-1.11981346502321e-15,5.46951123424816e-16,-5.34565413532782e-16,-7.2593429906345e-16,8.26439164275981e-16,-6.27240592176047e-18,-5.09710865809303e-16,2.49779777516989e-16,-6.53178511529505e-16,2.46403396647744e-18,1.20701610654833e-15,-7.10754375136047e-16,4.8865492991501e-16,-6.68040674121364e-16,-1.45816757611807e-15,1.77973658565801e-15,-1.1435893464834e-15,-6.1004559730102e-16,1.36172660491154e-15,-1.70816402202683e-15,1.97940228467446e-14,3.20502694838708e-11,2.10952175434908e-15,1.10727970111042e-15,5.80991914536964e-16,-6.97664803556205e-16,-4.14679197895289e-15,6.65550328676066e-17,-1.30800975475374e-14,3.43731881216942e-14,0.707106781186547,-3.57306405842437e-13,-4.21107782975702e-13,-1.91068785567726e-14,1.01285795058263e-14,-1.34589543622876e-15,-2.75126106109453e-15,-1.0559393936361e-16,3.1918856307451e-16,-4.53077455650552e-10,-2.82457555076996e-15,1.85067165884421e-15,8.15431297735391e-16,2.24996839599369e-16,6.21026323492279e-16,-8.96565626523859e-16,-6.08333923808616e-16,-2.64446584961856e-16,1.40390666568791e-15,1.02655873353539e-10,8.13924722775772e-16,1.36693476306566e-17,5.07981487414873e-16,-4.47485757006072e-16,-3.17465934887312e-16,2.64540696670313e-16,-2.1880422188224e-16,-2.33636841932507e-16,1.79829641684686e-16,1.04554688208214e-16,-8.59748164824294e-17,-2.22393133587451e-16,2.60266117762539e-16,5.45042137473613e-10,1.73659321372668e-16,-2.90827902191434e-16,-6.76266660224675e-17,-6.40018094945349e-16,-1.6739696943171e-09,3.87704576522332e-16,-2.17020076922265e-16,8.79858711301127e-17,1.24931297489874e-16,-2.01328315496473e-16,6.87690593254843e-17,7.25681921391612e-16,-1.64173401486448e-16,2.39347437735841e-16,1.1535532955064e-16,7.64080431625358e-17,1.52569621150406e-16,-3.22886289750121e-17,8.42979902923487e-17,2.44861839980654e-16,-1.78789813228333e-16,-1.63225966278455e-16
"t194",-0.0375282073754128,-0.0102303203810308,0.00129135441689993,-0.11519155026677,0.0232759891968619,-0.00497604211109599,0.0267422852562087,0.000437546312327769,0.000160069546685937,-0.000592825646574896,-0.000300045886976304,0.138480184281792,0.0566575328582545,-0.00433590217286235,-0.000355581519729645,-2.44613978896225e-05,-1.89033480521571e-05,0.000283314552836341,-1.86878478758886e-05,3.22640336540983e-05,-0.000918926896641502,0.000350354969560395,-0.000999471303633277,0.0237239161630369,0.0073026193833901,5.44906802080853e-06,-3.42810866870451e-05,4.96521173043904e-05,-0.00169750801114792,0.00218194358199849,-7.2649802848076e-06,1.42814030819326e-05,-0.00793516400772882,-7.83451787256076e-05,1.43343477430729e-06,-2.84134074779379e-06,-0.000256519598649627,9.6596946384597e-07,8.21154189980929e-06,2.44162107041728e-06,0.000144352112461495,-2.21487557104804e-05,0.00894376974182527,5.28579596377382e-05,0.000394254766960181,-1.967171092116e-05,5.07589580174964e-05,-0.000452635906701905,6.36211073152568e-05,-0.000200695117723647,0.0864815019138229,0.000244867808955833,-2.96103956154086e-07,0.000297504516494356,-6.93124718314359e-06,6.61827083151693e-05,-7.17595502855549e-07,3.59065857391929e-05,-1.17664153514874e-05,5.93485947959607e-06,2.44403954931736e-06,-2.17731061021302e-07,3.39776631973241e-06,-1.34374566807586e-06,-1.34476411528925e-07,0.00025221192766658,-6.7518352249601e-08,2.83215298830089e-06,-8.22784230416635e-06,3.53261099524634e-06,-5.61502087587032e-06,9.90341396529859e-06,-4.5451925545087e-07,-3.46456439766071e-05,1.44668678963625e-05,1.40033487099027e-08,-7.8567973429158e-05,1.47889126509856e-06,-5.55030314813907e-06,-6.60111542888226e-06,1.98012026817001e-06,2.9813077439043e-05,-3.8594933520933e-06,-2.46228547961992e-05,1.64669382004842e-06,0.000362359231384896,-2.28558501801659e-05,-4.12009208026504e-07,-1.35106699610089e-07,3.53893611011648e-05,-8.82076209138397e-07,2.4717057416654e-07,2.24833117544776e-06,-0.000250057278764434,-1.06179523504675e-07,-3.54944227021e-05,-8.03708308308397e-06,2.12658384906957e-05,-3.30663531711876e-05,-9.78415897944951e-06,-2.33594159932822e-06,1.89193040748728e-06,-3.25616961219121e-06,3.78548273783833e-06,-2.21402607333428e-06,5.69322101078278e-05,-0.000718440216893952,0.243391725587833,6.02199222357938e-05,-5.51862794572514e-06,-2.00732289408298e-05,-2.22123125610182e-05,3.49877231526178e-05,-1.0694724840765e-05,4.5506724898835e-08,-1.20280825979635e-06,1.50585781349846e-06,-1.00462503570429e-06,6.16118141573126e-07,-9.4695211118435e-07,2.51609817754196e-06,6.96142767023942e-08,-3.81439982942887e-07,-1.07794702097348e-06,3.86951949809439e-07,-5.90640204785873e-06,6.16663365106765e-07,-2.46085588315338e-07,6.76742134089408e-07,2.23705061718057e-05,-7.20370391495699e-07,2.41185133316176e-06,-4.82352523943211e-06,-5.97094153510499e-07,2.25799253399719e-07,1.0497427814582e-06,-6.57093182159606e-09,-4.58342890149204e-06,1.48872712033055e-06,-4.28695710451516e-06,-2.75789710445659e-07,-1.07135169492083e-05,2.10483835043671e-06,1.34607263262373e-07,4.24676527604363e-07,-2.70841532283872e-08,-1.28235790180614e-06,1.98130036982992e-07,1.29903381243093e-08,-3.2258138113033e-08,-5.01523004050438e-06,-1.4985579558025e-07,-3.21758865207995e-06,1.20716074611596e-06,-3.62313505393227e-07,-3.17332798610588e-08,4.78001703815248e-07,-5.37235108107773e-05,-1.70665975649725e-07,-5.76595415215301e-08,-5.12601592438037e-05,6.30999733808044e-07,-1.07473633307192e-06,-0.00107746252917512,3.51892627756923e-06,-0.000569916379716121,9.88101174582572e-06,1.8824478009459e-07,9.64358554409995e-06,2.36883605576956e-05,-0.0148905654932266,0.000410359143374457,-3.28442213671911e-06,-1.07006241512945e-06,-0.0299364983726129,4.22560538912872e-07,2.77059755963164e-05,7.65510474460275e-07,4.4342185430326e-07,1.41127217583952e-05,-9.39449641347666e-06,-0.000212477449620116,-3.43910641289725e-07,-4.34380491048701e-09,-1.63286638179049e-09,1.00763582605701e-08,1.21314317099518e-07,8.63716393465569e-09,4.51356277159203e-08,-9.43807199264138e-07,-6.71024258729941e-09,1.72314148274039e-08,7.42898236195059e-08,1.69528535640761e-09,1.49538003645149e-08,-2.43391861740711e-08,-4.5962664519648e-08,-2.43948482053546e-07,2.92018381652715e-08,1.3926515365119e-08,1.39476715500115e-08,2.39300090904415e-06,-3.99610084143953e-10,-8.09544567877328e-07,-1.11516782631877e-07,-3.89011542967257e-06,7.15490444304377e-08,2.68025628857887e-06,-5.53440942610107e-07,-4.12175459371469e-08,-3.93456320362813e-06,0.000137285880563156,-1.52356822485909e-05,-1.52392018909305e-07,-9.66153685812726e-08,-1.16625714254867e-07,1.73086493198802e-07,1.5000411894666e-08,-2.70680791698997e-08,-1.32859604677571e-07,-7.2089732230559e-07,5.73633517626374e-06,2.20676285924782e-07,7.12021261344122e-07,-1.81692455483924e-07,-9.32005236990934e-08,-9.84260563439323e-07,-7.15072107936426e-08,-1.22481606169595e-07,-1.29870602552418e-07,4.11003244889841e-06,0.00280453412671229,-2.71292913453484e-08,-2.80706558511657e-08,-6.20027635490317e-10,-1.44836287963032e-08,-8.59075742741787e-08,1.27109767968121e-16,-1.37806960204438e-08,1.04066360204105e-06,-2.94115288355266e-08,-5.2013816147079e-07,-8.22068157087642e-08,9.82124762088835e-08,-1.69020883944181e-08,6.45126076075079e-07,-1.52138852005008e-09,1.50734150028159e-10,-0.000875021098696436,4.9093092046652e-09,-1.11231343662367e-09,1.81888822984045e-07,-1.15124940189931e-08,2.42851558106478e-09,-7.70541875951317e-11,3.24839118375891e-10,1.16755733065945e-08,-1.23955131581609e-07,-6.79884632299696e-09,1.64273938527339e-09,-4.76554036143918e-08,1.01812614601203e-08,-1.27981742907777e-06,1.79497688305088e-05,-5.87183607956418e-09,2.0556374109878e-09,-5.61236489253123e-09,-2.53445311032317e-07,9.23219175789251e-07,-4.08078042585105e-09,-1.68276704143323e-09,4.25194927235441e-09,-1.04302184483699e-05,1.15642777167675e-06,-4.72084688545994e-07,0.000440314518530466,6.95660783553551e-07,1.62706890483004e-08,-1.23672962148217e-07,1.58975126900373e-06,-2.97289084097676e-08,-2.04078605854003e-16,8.8040256659441e-08,3.07432494471109e-09,4.85009231500075e-11,4.69934775821607e-07,-5.64043211274578e-09,3.61580731735751e-09,8.59179769773742e-08,-1.16930514727097e-08,9.41423820003437e-08,-2.47291242833748e-07,-9.48582586570381e-09,9.55954188100532e-09,-1.26094878739057e-07,1.54879682854165e-07,-5.7622063066929e-06,9.07531243163629e-08,-1.13483140817675e-06,-6.10282588993751e-09,-0.000270420290848716,-2.65656333266477e-07,2.56450221695194e-06,-9.8632558341484e-08,2.4194058111945e-07,-3.35295891556384e-07,1.22766485579101e-06,-8.35798222813079e-08,-7.60313854389079e-08,-5.9050990518352e-07,2.90466378175474e-05,8.07356823685682e-08,-1.98949327202778e-05,4.50702812972844e-07,-1.12552838713664e-08,-1.0649718864408e-07,2.14172636662189e-07,1.94765332628391e-16,-7.97730424962303e-10,-5.48152843414884e-06,3.20780749835582e-07,-2.36717687535183e-07,-6.18866504894229e-06,-6.22557004195585e-08,-1.46662191495528e-07,2.18448072641066e-06,-8.4151688146525e-07,4.14609447080083e-16,6.99726311216041e-07,8.61696923326548e-09,2.4623747694256e-08,-1.31106194628259e-06,-1.95851396887879e-07,1.36222762471231e-08,5.44159568844774e-07,-1.49713935735685e-07,0.000152068165141145,-1.03882506235367e-06,2.19886733432585e-07,4.0654601135788e-07,2.17909398939884e-08,2.20359150798641e-08,4.21559785699838e-07,-2.86650179215441e-06,4.71142559969532e-07,1.08379117570056e-15,1.0621456509319e-05,-8.51762940939323e-07,-7.13047109411133e-07,-2.28889960203643e-07,1.08379934329019e-06,2.56945357178016e-06,-0.000245279813486657,4.82514031183751e-05,2.30790023760964e-07,-5.62283452848963e-16,4.4370161449646e-07,1.99231749220605e-06,5.93930770182094e-07,3.05315584720056e-16,-1.17420867545817e-06,-1.19473649363959e-05,1.83260051362048e-06,9.86245532794959e-07,3.35359707250091e-07,1.82126347052356e-07,6.58947730654118e-06,-1.90372854082421e-07,-2.03177324917571e-06,-9.7285666952353e-07,-4.47182348739456e-07,-4.52069033583759e-06,1.09052259237652e-16,1.96846548407691e-06,-9.39710621532766e-07,-6.31515487441171e-06,6.75444199178493e-07,-4.09082171002452e-16,7.52109273393178e-07,-1.15577687264575e-06,4.36669563492328e-07,4.0507636532049e-07,1.08052498390957e-06,-8.85800820063248e-06,2.04001905968344e-05,-5.58203459750734e-06,-3.20552346980775e-15,-9.90502876860615e-05,0.000195870072081749,-0.483637158703193,0.000133087387829695,-1.25680077429948e-05,-6.69789339514236e-08,1.06090266779879e-14,2.14442141789275e-15,-2.98248682682681e-08,-1.82147284445244e-05,2.31224131335797e-06,-2.64868973470456e-06,5.63911642379655e-15,-8.72317920080673e-07,-9.10438424318314e-09,3.46215462779409e-18,-3.46045117599618e-17,3.61790516599557e-16,1.43034610118997e-06,4.08772529700556e-06,-5.34625417579016e-06,2.92534277249875e-06,1.44595973942883e-06,2.76564836370995e-06,-1.32078488725355e-05,-1.41758526216813e-16,-2.54077274614243e-06,4.29999523582962e-06,-8.50121307995171e-16,-1.9177527032962e-15,-3.74022140545751e-06,-1.76269009789876e-10,-1.29590541376653e-06,9.87731663379289e-07,1.19128359407146e-06,-6.36203611755824e-08,-1.00536287817294e-15,-2.11902366351448e-07,-1.00021833611903e-16,-7.02906338792523e-07,-1.03517929363021e-15,-1.25345562891537e-06,7.0535236612078e-17,9.56936305797928e-07,1.31754500625468e-06,7.4382641520878e-08,9.71151353638634e-07,9.43862318695193e-05,-3.70747361430924e-07,6.60158298190364e-05,1.10596042678738e-07,5.37816663610059e-07,4.89881640060929e-08,7.51339216571217e-07,-3.27808834587121e-06,-4.96570900402009e-07,-3.96259030697325e-08,-9.39276332949893e-07,3.36009572209032e-16,1.36588262187641e-05,-2.30102695091092e-06,1.33913985344382e-07,5.02886195491054e-16,1.7424786093249e-08,4.60468319881125e-07,1.63008127881025e-06,-2.84125737594545e-16,-4.34582852239092e-06,-2.04448449315033e-07,9.35209498316288e-16,-2.67452569809503e-07,3.90334139777388e-06,-3.44593161320944e-16,1.65681677524219e-15,-2.2279549581435e-07,-1.08051058025854e-07,-6.10046201579647e-10,-8.37398094543679e-07,2.1703636201915e-07,7.03268387958011e-07,6.11861772939746e-08,7.24314240323794e-07,-1.19635920493782e-06,6.85339101007959e-15,4.47808675980331e-06,1.67884768565887e-09,4.60666901282278e-09,4.28219969828475e-07,8.40636614494655e-16,7.79852061418635e-16,1.39628244498988e-07,-4.12768794336249e-16,3.9743064790775e-15,9.68016647471582e-07,-1.14699352797416e-05,-0.00649955328043842,-8.44117144513731e-09,5.79073679513625e-05,-1.55832557273426e-07,2.01521032310706e-08,-1.21719851718292e-16,4.709393433339e-08,2.06968383074137e-09,9.27233704652544e-09,-8.82901367143507e-07,2.72879242562538e-05,-7.50376843461071e-15,4.77744031291365e-15,-5.25138275687823e-15,9.37696729680203e-08,0.811023389853027,-5.67667698340598e-06,1.61330214824294e-14,-8.14917397355459e-07,7.24161916707671e-15,2.04993803341927e-15,4.96822292123047e-06,-1.08684942203612e-07,9.92794442575967e-15,-2.51185103454238e-07,-1.39224988946786e-06,6.09810320146529e-15,3.57924382223476e-07,-1.44957506884393e-15,9.10885332425924e-08,1.06312298842242e-15,9.05340495568943e-08,7.81412487563581e-07,3.11822169366671e-07,2.64146695885484e-08,1.79626741834283e-07,-6.02973771535678e-07,2.31056757411168e-07,6.35274887762481e-16,1.01353546426284e-05,-1.63013986772969e-05,-2.55983271688784e-15,-7.46416404111401e-08,-2.17179330050991e-07,3.47856293800519e-07,5.33635251072717e-16,1.57005861003249e-07,2.2833516013593e-06,8.13864597268065e-16,-5.13386575768924e-07,-1.13251506974077e-07,-6.4517881828442e-08,-1.07566644872894e-15,7.99580077863516e-16,1.02189672275157e-07,3.10290282613341e-08,2.50625031568016e-09,-2.71846943905175e-07,1.78450840925717e-08,-8.96854446075191e-16,9.38818661688761e-16,6.52542157788619e-08,4.49988019312074e-10,6.96490751514674e-16,1.60757327685218e-07,4.5992137289245e-17,0.00314466940672132,-2.78236647850948e-08,-1.62896661641245e-08,-1.08562864955356e-07,-2.16220675189551e-15,3.88094428310714e-16,5.89552223948954e-16,-3.34255319490259e-16,-9.62160925159738e-08,-2.09486120563189e-07,3.73629190924576e-16,1.00353339535457e-15,-1.40971258361412e-16,8.32125945255166e-06,2.63484306075399e-09,-3.68835535219293e-07,1.6725864952103e-16,1.56338311030737e-15,-8.82862440923157e-16,-9.18456916470268e-07,0.0010594730096356,3.90788317900109e-18,3.22476591481361e-08,-1.34029280915722e-06,3.5658263599437e-17,-4.30910408365312e-16,-8.35696416185233e-08,-8.55824630197809e-10,-4.12388671938389e-08,2.63942724494021e-16,4.61293151018608e-08,6.69589118046317e-08,7.15181267770528e-08,-6.47887828297952e-08,-2.30392130292331e-07,1.95648684935495e-08,-3.8766360102787e-16,-2.79087084818177e-16,-8.33401018969804e-17,3.66114641505151e-07,-9.34897231755699e-06,-1.79712035119749e-08,-1.39917857408357e-08,5.91436962758654e-16,2.34521328201304e-16,-3.65809168730347e-17,8.75770003767659e-16,5.61538306729835e-16,7.27408571368016e-07,4.60820350603856e-16,-2.98007896290527e-17,-1.0650179473637e-08,1.30076989629044e-16,-9.53161714614567e-09,-1.40953288128727e-16,-1.18126667851366e-08,-2.24294971665975e-17,-1.42054637124508e-08,-1.77491097998824e-09,-1.11750156772495e-06,3.57453396942363e-17,5.66531201618129e-08,2.27577937002216e-17,7.98618539098242e-08,-1.53289531027361e-06,7.70158646871194e-10,-9.83682693778609e-17,1.12006493994067e-07,3.78023929456717e-17,-2.73864206430544e-08,-1.5454031213643e-07,1.50850454493917e-16,-7.7413292868604e-17,1.17052017679887e-16,4.02245369950487e-17,-5.16598958733953e-10,-6.71970146055706e-09,-1.49855824474948e-09,6.03442311624699e-17,1.25998649989142e-16,-1.73204643059773e-07,8.88127688544304e-07,-2.76383491319987e-16,-2.6553286234381e-16,-6.73693738116098e-09,3.17507067600308e-16,-4.76701799145552e-08,-1.10614752857521e-16,4.48119750526444e-07,2.22208986575246e-16,-2.16407183888203e-16,1.66219418263756e-16,-6.93309385849556e-17,7.43390462567354e-17,-2.66951713735424e-16,5.90209584340598e-08,-4.12723046230617e-07,1.38823536558173e-16,-3.95091816404083e-08,1.50114823874683e-07,-3.52707237352855e-16,-7.60059793152423e-17,1.38061139426209e-16,5.32275517133537e-17,1.47285488097888e-08,2.35293405580827e-09,3.6586258341401e-16,-7.19400920843454e-16,-2.6688237571415e-08,-9.51881378571593e-08,-1.58352690069327e-08,-2.51172375092195e-16,-6.27059099670918e-17,1.25441024111963e-16,-9.16923560137353e-17,-2.08388326506191e-16,1.594987016561e-16,5.58233836421516e-08,-5.2775329798871e-08,-1.01438667399849e-08,-2.84418606922258e-17,-2.10427892180246e-17,-2.34393622253168e-16,-7.8063662173819e-17,-5.55630233454672e-17,-3.66832579585975e-16,1.83139600641438e-16,-2.816240217319e-16,1.67757354106147e-17,-7.18167453108915e-17,-1.28963339628436e-17,-1.81501029344842e-16,1.45828481297259e-16,2.65111080799844e-16,4.08909531721055e-08,1.81929569098233e-16,-9.27375712345066e-16,5.32980247302376e-17,0.00279056399191157,-5.56028118749682e-10,-3.77081184145143e-17,-1.03055277035198e-08,1.27759534912501e-05,1.2776827915932e-16,-3.23897285263298e-16,-1.30184967485549e-07,2.63750969068706e-16,0.00265174287460474,2.65597885001877e-17,5.8385182049527e-17,2.02136986578518e-17,4.35287432999963e-16,1.63740077133568e-09,-2.24832000410563e-07,1.71507850055717e-16,1.66786793498931e-17,-1.41576839336592e-16,9.0892031520306e-16,8.39565504791306e-16,-7.59985755366512e-17,1.77652016884163e-16,-2.63259022637141e-16,1.84295232311586e-08,-4.39384318300333e-17,-7.69495091332523e-17,1.38070526488755e-16,-6.60308453959275e-17,2.17656858339588e-16,-7.54715589189323e-18,-5.24451315180937e-08,1.4490403010203e-16,-2.03728560159301e-16,3.90740041852387e-08,1.8572650697885e-16,9.54354985810358e-18,7.18649390724128e-17,-1.93259625953709e-16,3.54678751128009e-07,3.78368645736764e-17,-2.38153504010751e-08,1.45494819092784e-16,-1.26870070755308e-16,2.69492507799398e-16,5.3169747024255e-16,-5.63239363753663e-17,-1.9993074927678e-16,8.57944293103206e-10,9.34729488808179e-16,9.33227935493281e-17,3.33363971162929e-08,-1.06843401309513e-07,5.05677685567914e-17,7.4699778069769e-08,1.09340935177812e-08,-8.15728402063117e-17,8.58319082681936e-18,2.96715026503669e-17,9.9391938041113e-17,1.38928919241868e-16,-1.8214690100638e-08,3.98779315251316e-16,1.177713613779e-17,2.95957995570972e-16,7.28009584824237e-09,-9.6891163114819e-17,-2.47569224169633e-16,7.86127291081732e-17,-1.79610641028769e-16,-3.31234343940554e-09,2.68822599053532e-16,1.09325307849912e-08,-8.35868476251967e-18,1.22808437740199e-16,1.96269622915445e-16,4.63078847181936e-17,-2.36812411233968e-16,7.52402121280563e-17,4.52980956457361e-18,-1.22253579901958e-07,3.93611246161453e-17,5.35943595018683e-16,0.00821697754168163,2.3430863452356e-16,-1.71009969283482e-16,2.70944933247476e-16,-1.74841625260428e-17,-1.09319978951405e-16,2.20825089343539e-16,-5.11049443706943e-08,-3.19136104377008e-16,-3.06124082658129e-17,2.94593493171369e-06,1.50290238036589e-16,1.16025897697515e-16,-1.04939516638489e-16,-6.83794731143401e-17,-1.04527969854902e-16,-2.37701960064123e-16,2.68770270619682e-17,-6.18155717344813e-17,-6.94363845447049e-17,-2.25089687830186e-16,-2.08370560590626e-17,-1.54120600370097e-06,1.82454091236765e-07,-2.43116108873085e-16,-5.70389892088658e-17,-3.30332161993555e-18,2.31791352962722e-16,-1.31662801321208e-16,9.16398293775512e-17,1.00221167074001e-17,-9.85470666837741e-17,-2.28399240626803e-09,-1.554100861291e-16,-4.19054152085682e-18,4.04967798585101e-17,3.59528622443444e-16,2.91568942588255e-09,-1.28465108331452e-16,-3.17787785995779e-09,1.17142114663936e-18,-3.76914783991892e-17,2.38019382406679e-16,-1.53747200110898e-16,3.62918095921755e-17,2.15448207709044e-16,9.3384757102712e-18,1.75684653298965e-16,-1.20242718536008e-17,-6.84650891581073e-18,9.81111587574182e-17,9.44140624131731e-17,1.511276900548e-17,-1.28967655685954e-16,-5.49560496959279e-17,-2.11531868876753e-16,2.61201684027472e-17,2.66545454731282e-16,4.63045347679557e-17,-1.24679584524928e-16,-6.34468335074939e-16,7.26163899823814e-18,-1.38452270153199e-16,8.83382757894203e-17,1.33643020736894e-13,2.16326986809073e-10,1.04690915088077e-16,-1.78538462313585e-16,-6.3175411965117e-17,-8.76192032154402e-17,-4.01412491384413e-17,-4.6948364315065e-17,-1.21598894645482e-16,-2.14474029252069e-16,-3.6240331539379e-16,-3.37939235494358e-17,-1.32774108548006e-16,-8.65303134362291e-18,-5.42786932572213e-17,1.97754429287634e-17,-6.86776251989214e-17,-3.25717008515395e-18,5.08369642976733e-16,-2.75989556733849e-09,-1.06995818410702e-16,-5.36652679970103e-17,1.51802901072286e-17,1.76351608720263e-16,-5.78290601786051e-17,1.4082618337892e-16,2.9817730054279e-17,-1.0092305054379e-16,9.45104472128971e-18,5.79593754460207e-10,1.37963396844848e-16,2.22555542178658e-16,-1.42262424120807e-16,-4.77382374922802e-17,-7.60395227380219e-17,-9.60007997142571e-18,5.49449660400751e-17,1.51006327654922e-16,-1.83932585019143e-16,-1.02448890685155e-16,-3.14220552957232e-17,-7.6644642493321e-18,2.38935381175957e-16,2.89873401030501e-09,3.1397529229056e-17,9.98246531331973e-17,2.28570854499955e-16,-5.74979517123375e-16,-8.69024511443773e-09,2.54489917501718e-19,-7.83348818022084e-17,-4.83292097795651e-17,2.25908763727554e-16,-4.16663545185831e-17,2.2883133483398e-17,1.32681641423842e-16,2.08654107612535e-17,1.00926875242327e-17,2.65095926720023e-16,4.30379080807108e-17,-2.1277563852732e-17,9.1679521455901e-17,-3.79455038147709e-17,-1.8825945960848e-16,4.07283263339726e-17,-4.61197061459439e-17
"t373",-0.0375065691563282,-0.0102178725899915,0.00128973220084432,-0.114997436437315,0.0232279276699522,-0.00496397870725614,0.0266761746521438,0.00043637814249302,0.000159564333542865,-0.000590553852686971,-0.000298584204375316,0.137647188235725,0.0563066377286692,-0.00430863746554353,-0.000353246902443894,-2.4291190275889e-05,-1.87686309690627e-05,0.000281258385101644,-1.85490355049162e-05,3.20033541221367e-05,-0.000910885974621585,0.000346641686576588,-0.000988271366291576,0.0234565170224369,0.007219978192653,5.38439300337942e-06,-3.38692762721374e-05,4.9050174351412e-05,-0.00167636284013077,0.00214969970327479,-7.15026390458139e-06,1.40452859241992e-05,-0.00779415024197567,-7.68843529800654e-05,1.40528643143159e-06,-2.78089064901576e-06,-0.000250989770831384,9.44799933172756e-07,8.03030344907522e-06,2.38689220884515e-06,0.000141018998188628,-2.1624329379924e-05,0.00872868798201341,5.15851912209119e-05,0.000384587339028099,-1.91568556561678e-05,4.94044885775663e-05,-0.000440448074222582,6.18646479539677e-05,-0.000195004919814009,0.0839428142715768,0.000237564156127663,-2.8725157606717e-07,0.000288434183932918,-6.71180928445597e-06,6.40755990205906e-05,-6.92401414622995e-07,3.46131684436614e-05,-1.13412825892444e-05,5.7069229801413e-06,2.34588939601239e-06,-2.08796027661611e-07,3.25589714597888e-06,-1.28739599008089e-06,-1.28655388863903e-07,0.000240985043668822,-6.43272984105498e-08,2.69474938783298e-06,-7.82385823297907e-06,3.35541872302384e-06,-5.30127620700836e-06,9.30551883035045e-06,-4.26758896229033e-07,-3.24789392410255e-05,1.35594569205182e-05,1.31160843185678e-08,-7.35698471406692e-05,1.38295414735795e-06,-5.17428530323923e-06,-6.14614135469484e-06,1.83962569195863e-06,2.76845570900762e-05,-3.57131087326978e-06,-2.27597054937296e-05,1.51493496373751e-06,0.000332928664883997,-2.09714737972385e-05,-3.77958427586573e-07,-1.23933669656417e-07,3.24580984310466e-05,-8.08599539827771e-07,2.25467605019069e-07,2.04997329216966e-06,-0.000227284617424046,-9.59789048720475e-08,-3.20573396347602e-05,-7.25852883600603e-06,1.91642069889643e-05,-2.97743242406868e-05,-8.78278723149657e-06,-2.09149095267466e-06,1.69355469216374e-06,-2.91399234693246e-06,3.34704813851235e-06,-1.95576283137025e-06,5.02542430413301e-05,-0.000633337489899187,0.21448181211092,5.30323406056651e-05,-4.85511745184803e-06,-1.76540611174999e-05,-1.94974252205539e-05,3.07042052471721e-05,-9.33663699310454e-06,3.96831768621414e-08,-1.04627078404062e-06,1.30840240536357e-06,-8.7016206228988e-07,5.32023438152868e-07,-8.15789569072092e-07,2.16468727730016e-06,5.96108649769589e-08,-3.25618529835253e-07,-9.20086068499579e-07,3.30136079214405e-07,-5.02288437306262e-06,5.24276571433843e-07,-2.08626865457137e-07,5.68989888332165e-07,1.88068543455649e-05,-6.05197429839838e-07,2.01459211578277e-06,-4.02441294739792e-06,-4.97757790900799e-07,1.87584766800008e-07,8.71661801881207e-07,-5.41546780211386e-09,-3.75402325950405e-06,1.20868014033709e-06,-3.47965082984939e-06,-2.23509958579118e-07,-8.67578535456061e-06,1.70232615065561e-06,1.08812943253806e-07,3.43295000707659e-07,-2.18168815303481e-08,-1.0255698306287e-06,1.57265608366947e-07,1.02913394508996e-08,-2.54467941596738e-08,-3.95489925592759e-06,-1.17977696534506e-07,-2.53064951225171e-06,9.48377162157182e-07,-2.81670121869519e-07,-2.46277125381832e-08,3.70515326760216e-07,-4.04320618677216e-05,-1.27456789902985e-07,-4.30095775483053e-08,-3.79793986089285e-05,4.66861754144613e-07,-7.88091463189311e-07,-0.000789216367955451,2.55430535354766e-06,-0.000409970431718946,6.91259043797866e-06,1.31556974925265e-07,6.73773697111e-06,1.64838574328636e-05,-0.0103122686451912,0.000283991040876102,-2.25098340809444e-06,-7.31084149671492e-07,-0.0203134689875315,2.86240225833567e-07,1.87513996881378e-05,5.09526318298673e-07,2.89820460881822e-07,9.19423509136692e-06,-6.10131774948321e-06,-0.000136704186034535,-2.20450362294668e-07,-2.77426403671805e-09,-1.03923645629595e-09,6.33679683711336e-09,7.60607410633159e-08,5.26903453702472e-09,2.75086724355655e-08,-5.69676728674517e-07,-3.93813552539913e-09,9.86278549654316e-09,4.21386627533355e-08,9.48355583884146e-10,8.27643343384941e-09,-1.30263475596213e-08,-2.44116997762726e-08,-1.27423006268217e-07,1.51225091884451e-08,6.70647644246717e-09,6.69167127170217e-09,1.10863951571669e-06,-1.7839254004449e-10,-3.26257954911298e-07,-4.49194092139306e-08,-1.55050247391933e-06,2.75743314724412e-08,1.00779555856914e-06,-1.93781489978764e-07,-1.30266907735326e-08,-1.1284519764648e-06,3.8086277967433e-05,-3.54745181769982e-06,-3.14481583460333e-08,-1.98687178708133e-08,-2.14673105643456e-08,2.16898030027964e-08,1.69970050036633e-09,-1.21533848547235e-09,9.60981222615867e-10,1.89512253261395e-08,-6.37135661064532e-07,-2.93220166576637e-08,-1.12179606181205e-07,4.33077739660846e-08,2.38387265569524e-08,2.56016337060387e-07,2.59097162430942e-08,5.28164119883515e-08,6.68698105384292e-08,-2.28352324309689e-06,-0.0016819488255315,1.7444611235043e-08,1.84042524834852e-08,4.83967563215138e-10,1.25551511413666e-08,8.3233152620244e-08,7.22348547129472e-19,1.56173684740357e-08,-1.21659138614072e-06,4.26010896837672e-08,8.89992094688349e-07,1.61820925674133e-07,-1.94982964999492e-07,4.40995865006603e-08,-1.76637379552709e-06,4.26037271798289e-09,-4.71320625419418e-10,0.00295647994890679,-1.92518444171085e-08,4.67693205438996e-09,-7.87703242159595e-07,5.91389139568801e-08,-3.59202817788465e-08,2.54668694688937e-09,-2.05861531925939e-07,2.15363785567587e-07,-2.14160744832405e-06,-7.39166295065323e-08,1.49742939690651e-08,-3.57105094238203e-07,7.23587194071635e-08,-8.63958624455278e-06,0.000113496001868514,-3.40564579390246e-08,1.18140124851863e-08,-2.70810325485462e-08,-1.21870829872356e-06,4.42224162441848e-06,-1.87952351740626e-08,-7.64325396456062e-09,1.85158855991163e-08,-4.50813470275238e-05,4.101950508015e-06,-1.64535397049257e-06,0.00151409245675342,2.322640989041e-06,5.3128359242084e-08,-3.85531349125549e-07,4.89389417673931e-06,-9.06359894863084e-08,-3.96600345904856e-16,2.60063265092748e-07,9.04522983608755e-09,1.4089981750194e-10,1.32693299115517e-06,-1.55675999817385e-08,9.87697098743205e-09,2.33522118113331e-07,-2.99665658253592e-08,2.40431373447287e-07,-6.30973965919336e-07,-2.38362596466547e-08,2.30849517875104e-08,-3.02561896837468e-07,3.70012305821239e-07,-1.35753159354054e-05,2.0384034837526e-07,-2.50402475246833e-06,-1.34525215806644e-08,-0.000595913078520555,-5.629448739918e-07,5.22915326721558e-06,-2.00218945629416e-07,4.87998844292766e-07,-6.71238596039203e-07,2.45216471977014e-06,-1.63977623972787e-07,-1.48976012756926e-07,-1.15433915588258e-06,5.6690893980017e-05,1.56768077208529e-07,-3.84183813093869e-05,8.66024050168577e-07,-2.15810095766214e-08,-2.0347394535349e-07,4.06197788661782e-07,1.36696553735616e-16,-1.45488805215109e-09,-9.9628445744684e-06,5.80121412558546e-07,-4.2803388338514e-07,-1.11886526174714e-05,-1.12418992683275e-07,-2.64246326525184e-07,3.92558665278058e-06,-1.50444680220617e-06,-5.54652383539906e-16,1.2370557111642e-06,1.52138583255074e-08,4.33534250100694e-08,-2.30753973846263e-06,-3.42420752390627e-07,2.37328082947011e-08,9.43472978137901e-07,-2.58743845149343e-07,0.000261067248452353,-1.7731108734324e-06,3.73980963329682e-07,6.9010104781451e-07,3.69453712300075e-08,3.72826587812837e-08,7.13076172678891e-07,-4.84169431839429e-06,7.9490104788536e-07,7.55198000385861e-16,1.77782539407786e-05,-1.42344548526849e-06,-1.19160870316346e-06,-3.80857083318976e-07,1.802219098698e-06,4.24101965513754e-06,-0.000404036576701534,7.94510068378769e-05,3.79465415559248e-07,8.42381261582567e-17,7.28343266101282e-07,3.26845803529146e-06,9.72216868937772e-07,-4.83186546548649e-16,-1.91763972584649e-06,-1.95011930175631e-05,2.99045249531591e-06,1.608450726406e-06,5.46417699498054e-07,2.9653986504506e-07,1.07232348983835e-05,-3.09309222865093e-07,-3.30052204672646e-06,-1.57867968219369e-06,-7.24325823178579e-07,-7.32173543746906e-06,6.66665245435229e-16,3.17718424039855e-06,-1.51585300811902e-06,-1.01742157782135e-05,1.08617475076815e-06,-7.89654419541729e-16,1.20486547207004e-06,-1.84420545173145e-06,6.95597161317089e-07,6.44778366208636e-07,1.71837777164137e-06,-1.4064300992333e-05,3.23098533917525e-05,-8.79245797888486e-06,-6.15509138598163e-15,-0.000155378867116884,0.000307158576790558,-0.757923431084361,0.000208380429787843,-1.96769412082968e-05,-1.0483925813841e-07,1.73500536854165e-14,3.992152349201e-15,-4.66212212931087e-08,-2.84419301688756e-05,3.6100522104235e-06,-4.13164484238406e-06,9.50074762345579e-15,-1.35833645925811e-06,-1.41672461555742e-08,-4.40807776155708e-16,-3.30912388500835e-16,3.0949381026721e-16,2.22176692607896e-06,6.34828848630168e-06,-8.29791532614954e-06,4.53852377677525e-06,2.24323564730123e-06,4.28905536833173e-06,-2.04824256545743e-05,-5.20877518340987e-16,-3.93844778193905e-06,6.66494865467767e-06,-6.7675655141911e-16,-5.88712277187395e-15,-5.79821873967377e-06,-2.73297529580994e-10,-2.00976414003287e-06,1.53216204782401e-06,1.84885896055607e-06,-9.87475070919041e-08,-2.20920838146715e-15,-3.28946184126706e-07,2.97445667974764e-16,-1.09162267932337e-06,-1.0722962773789e-15,-1.94731665147824e-06,-3.79173072017007e-16,1.48738714105382e-06,2.04810523987932e-06,1.15811684945947e-07,1.51264612745846e-06,0.000147038905967157,-5.78011491303212e-07,0.000102995708721078,1.72869724547264e-07,8.40661797011603e-07,7.66215846237061e-08,1.17659374275173e-06,-5.14264139152403e-06,-7.80296088293341e-07,-6.23532827516675e-08,-1.47905252512643e-06,2.25726294375125e-16,2.15587979928595e-05,-3.64088866564547e-06,2.1365129239602e-07,1.92017932841558e-15,2.78778488634315e-08,7.40095851181448e-07,2.62552191558917e-06,-4.70331270174957e-17,-7.00757753839116e-06,-3.31234603489566e-07,-6.66507789642046e-16,-4.3439416931812e-07,6.45363498835948e-06,3.46245081540975e-16,-3.5126810249706e-16,-3.71515073345374e-07,-1.80324021663003e-07,-1.02211654835082e-09,-1.40993606811814e-06,3.69946875051028e-07,1.20012631970675e-06,1.04586632949523e-07,1.26326357327838e-06,-2.1286240435364e-06,-4.65713622180286e-15,8.03625652266225e-06,3.01745418205448e-09,8.32586867022426e-09,7.79404962024116e-07,-1.38393862905523e-15,-5.12447377334782e-16,2.56769846750352e-07,4.75336296991746e-16,-3.30518424887004e-15,1.94746924749489e-06,-2.35865875433793e-05,-0.0133721058609536,-1.84159684060153e-08,0.000127521530830457,-3.43873085466363e-07,4.50826612911721e-08,2.06537660997189e-16,1.31449882791691e-07,6.24541139263594e-09,2.88289910459812e-08,-3.33431349692353e-06,0.000258434340391914,5.73640453424731e-15,-3.51357780495791e-15,6.2676443379735e-15,-1.85816466052069e-07,-0.57595640640725,3.70027179718699e-06,-1.23880622465956e-14,9.91863967907141e-08,-5.02217633881202e-15,-1.52172272006282e-15,3.34847562773099e-06,-7.37490159443389e-08,-7.65094368068708e-15,-1.90182633393096e-07,-1.10682742843495e-06,-4.22308643313076e-15,3.07497556652309e-07,1.582733673217e-15,8.3712343889681e-08,-4.52498585839814e-16,8.36253994753873e-08,7.2455490258128e-07,2.9036075198708e-07,2.4738294275042e-08,1.7030497177992e-07,-5.94683229036072e-07,2.37658613791372e-07,-3.47619842679277e-16,1.0832844440758e-05,-1.74831214830348e-05,2.06694391847414e-15,-8.04060047255958e-08,-2.35730499269388e-07,3.79983510672872e-07,-2.98975977130552e-16,1.7479216199085e-07,2.5504783192365e-06,-4.69505232903855e-16,-5.75873442580264e-07,-1.27290910319588e-07,-7.30277710532424e-08,1.36815151444934e-15,-2.6953035707825e-16,1.17346394325038e-07,3.58217765458013e-08,2.89638229704115e-09,-3.20092427501388e-07,2.10650862272708e-08,7.14813786970181e-16,-1.2087298806172e-16,7.71572783005069e-08,5.32181262652132e-10,5.59415949781501e-16,1.90629877411398e-07,-5.88575392193578e-17,0.00373815999961475,-3.31792164291369e-08,-1.94293179940434e-08,-1.2959547063658e-07,-2.31276943057684e-15,-1.32793431113721e-16,-8.58027718115746e-16,-2.02812929781434e-17,-1.15644346966381e-07,-2.51914765069189e-07,-3.81788503109609e-16,-3.2372671894259e-16,3.28349742677016e-16,1.00245292140172e-05,3.17653578728878e-09,-4.45533170287699e-07,-2.61531798878201e-16,-5.09585185463554e-16,-4.95609141833858e-16,-1.11597075364733e-06,0.0012875476004924,-3.8576423805563e-17,3.92677906420044e-08,-1.63331367591312e-06,-9.66559920335654e-17,1.79573944035292e-16,-1.02014953455714e-07,-1.04485802963603e-09,-5.03956009490602e-08,-2.43042681298443e-16,5.64570435218405e-08,8.20148979739366e-08,8.76917610741732e-08,-7.95486170624247e-08,-2.82977637458516e-07,2.404573953978e-08,3.09923959831325e-16,7.00934427523633e-16,8.6370030546865e-17,4.51426203433024e-07,-1.15279764440548e-05,-2.21680011788766e-08,-1.72891538875496e-08,-5.11733121667166e-17,-1.56331016626629e-16,-1.44169313263526e-16,-4.2216391679426e-16,-9.97930653733834e-16,9.00265442955136e-07,-4.02148317381782e-16,-9.16972479167823e-17,-1.31885158333777e-08,-2.20456736556264e-16,-1.18037055192477e-08,1.34868855700797e-16,-1.46292215651573e-08,1.58277133449237e-16,-1.76085849127304e-08,-2.20056550528125e-09,-1.38592057151829e-06,-2.14479600813453e-17,7.02863112049836e-08,8.12449403667076e-17,9.91533441717999e-08,-1.90482624583162e-06,9.57058056041716e-10,-5.39276288827953e-16,1.39232038878467e-07,1.57423345777137e-16,-3.40592434118427e-08,-1.92198967996035e-07,-8.07399016617458e-17,-3.20815126248496e-17,-8.61655094330431e-18,2.82710480444575e-17,-6.42713548838402e-10,-8.36089881223455e-09,-1.86475066428926e-09,-2.68932093044304e-16,-1.81893475222303e-16,-2.15628273608665e-07,1.10568115137274e-06,4.60234383694762e-16,3.24928389530082e-17,-8.39138031413956e-09,3.54008164830957e-16,-5.93826638321459e-08,-3.49520456667664e-16,5.58368601366265e-07,-6.25249181838923e-18,-4.63461931322828e-16,-4.85042485223171e-16,-4.47733003114657e-16,-4.83749128163149e-17,2.69503424603263e-16,7.35750560902454e-08,-5.14499979698482e-07,-5.16787667068666e-17,-4.92587297993671e-08,1.87168057562719e-07,-1.18056436998773e-16,-1.35574247054837e-16,3.0356495413954e-17,1.75880184935058e-16,1.83678060073748e-08,2.93444180460819e-09,-1.92212618769483e-17,-8.42389552063778e-16,-3.32855275086897e-08,-1.18719174161042e-07,-1.97502100597229e-08,-5.96523729576662e-17,1.40520848488819e-16,1.01918297216897e-17,-9.45347143329029e-17,1.77691269247444e-16,3.28429003511009e-16,6.96416619381484e-08,-6.58402160697729e-08,-1.26552478093267e-08,6.12562317967177e-17,-2.01948326198207e-17,8.53606281045524e-17,4.85832232172613e-17,6.782011070694e-18,2.93901925912251e-16,-2.16563520233884e-16,8.7060629071198e-17,2.02958079246019e-17,7.27986518751704e-17,-6.80621885891995e-17,1.60565783023938e-16,-1.93287200004637e-16,-2.85694858337864e-17,5.10185631535981e-08,1.35488739248604e-16,4.21655179372202e-17,4.99207577405e-17,0.00348160560795063,-6.93713493458238e-10,-2.11524711625728e-16,-1.28573229897394e-08,1.59380636195758e-05,-2.82268237136563e-17,3.24020263882599e-17,-1.62360566179769e-07,2.16190080984225e-16,0.00140028976505424,1.50974448192817e-16,-5.82831884085918e-17,-9.46544120634026e-17,-2.19769860307105e-16,2.04400708222758e-09,-2.80654900953397e-07,-4.95824570575782e-17,-2.97214160278482e-16,9.86562905560521e-18,-4.25677504731693e-16,-2.3121966580969e-16,-5.88759178977319e-17,-9.59966602706016e-17,1.59679485352022e-16,2.29887479641906e-08,1.40998025237692e-16,1.03826866099509e-16,-1.06619699087419e-16,1.1049881205933e-16,8.43139300191269e-17,1.9951501711278e-16,-6.54088586830483e-08,-7.9375923172277e-17,2.34845332025573e-17,4.87310288311241e-08,-1.62891047614885e-16,-8.78015845791844e-17,-1.04564433009248e-16,-1.24804684222984e-16,4.42146378851765e-07,1.21804384494641e-17,-2.96857716762502e-08,-1.60553061161393e-16,6.16655049939765e-17,-1.3677357127368e-16,-6.99688720578108e-16,-2.55717060860172e-17,-2.23930935901898e-17,1.06920842397453e-09,-1.03858946969088e-15,-2.11014067359418e-16,4.15380217308287e-08,-1.33128424741604e-07,-1.8426541804849e-19,9.30613352043449e-08,1.36209750692001e-08,1.05073370399102e-16,3.70633614524103e-17,4.4178171833933e-17,-6.39527337034728e-17,-1.58981953408143e-16,-2.26630415385374e-08,-1.80588003714432e-16,1.52498839351155e-16,-4.57640025866641e-17,9.05301760927429e-09,1.31270196425341e-16,2.49535732928304e-16,7.86564554017883e-18,7.39990921829178e-17,-4.11417900138904e-09,2.64774890265274e-16,1.35713771126936e-08,-1.32612206868722e-17,3.60251671262491e-16,-2.13949048345751e-16,-1.7449756074253e-17,5.81602488066696e-17,5.89058076325866e-18,-4.714677916415e-17,-1.49397814171652e-07,-5.35272635165247e-17,2.53089863328552e-16,0.00486251871639929,3.64705872919745e-16,4.54864399015395e-17,1.56155555281524e-16,-1.22754652576486e-17,8.47955922827177e-18,-2.01304092996234e-16,-6.40645201744081e-08,7.39911167362302e-17,9.17837821447974e-17,3.68527100278084e-06,-1.03648804698333e-16,-1.86472161785723e-16,8.99029187722642e-17,4.89519188189753e-17,2.38916055975266e-16,1.02739954071551e-16,-5.55533740867076e-17,2.92470100459174e-18,2.30006982148981e-16,1.4873553362579e-16,-2.57774854796795e-17,-1.92272772737581e-06,2.27581228126069e-07,2.41380486555974e-16,1.86202898156133e-16,-2.08612881973866e-17,-3.47018217438807e-17,-1.42199891185052e-16,5.80781015457371e-17,1.40319053396131e-16,1.1084021549046e-16,-2.84687166330996e-09,-1.06790715485348e-16,6.95103512370355e-18,1.93851361810725e-16,-2.17966049549478e-17,3.63254932180265e-09,-6.86455285014058e-17,-3.95742359723607e-09,5.5780421203486e-17,2.5760732068011e-17,1.01711835509796e-16,2.81960462602542e-17,6.45531285412948e-17,3.0110274997225e-17,-1.87002021651058e-17,3.64868598079622e-17,-2.19276923845239e-17,-1.48401569711798e-17,-4.22881984779072e-17,-7.04581830588623e-17,6.41439159176801e-17,3.46037323359765e-17,1.49254398363032e-17,-1.19410810871857e-16,2.62511054049221e-17,-1.26188687100799e-16,4.0737416257224e-17,-9.43667022267711e-17,6.29148968166182e-16,3.04259328527494e-17,8.29872319904108e-17,3.84636076922027e-17,1.65929539525546e-13,2.69024231796746e-10,-1.08927636803852e-16,-1.57324384788305e-16,-5.3922296783361e-17,-1.60332329378712e-16,-1.57171192908931e-17,7.35357663403061e-17,-6.13472677142829e-18,1.03151914289314e-16,2.82829297697126e-16,1.24378081733243e-16,-8.1349044254303e-17,-3.84141162163781e-17,5.13065703761028e-17,-6.13127990707669e-17,2.97640137042622e-18,-1.70239482147447e-16,-1.8778801513217e-16,-3.42932811131965e-09,-5.34198469463118e-17,-3.11726942979703e-17,3.94232928777162e-18,7.91505381004307e-18,1.75677105169141e-17,1.72250343499891e-16,5.32384681498639e-17,-5.91639091931822e-17,-4.36347045812433e-17,7.19564135164619e-10,2.22866465790665e-16,-1.09306276181445e-16,-9.05950086577483e-17,1.35601099309908e-17,7.96946440167124e-17,4.35362126015397e-17,9.50259546155938e-17,2.6957356626871e-16,1.41511336408949e-16,-2.7710685847185e-17,-6.61545134409806e-17,9.14642900623945e-17,6.53316302746165e-18,3.59567531968402e-09,8.00897128320909e-17,-2.91945441128385e-17,3.27981358790168e-16,-2.14597491252771e-16,-1.07752810152536e-08,-5.72828246441922e-17,1.02371694557532e-16,1.51131543901954e-16,-9.2391358178896e-17,2.4312861185375e-17,-6.78270174778491e-17,5.99359004455315e-17,5.21432646045353e-17,1.83482552442851e-17,1.40536635665175e-16,1.47970251981169e-16,1.28225026582742e-16,-5.83271010171481e-17,-2.63483075189735e-16,-9.96228036316615e-17,7.0739254016097e-17,-2.38194745911211e-16
"t459",-0.0375465980242269,-0.0102407383558995,0.00129271079881241,-0.115352150111226,0.0233153767736629,-0.00498583846017327,0.0267959060135463,0.000438488973725501,0.000160472079937098,-0.000594603215696578,-0.000301156961769853,0.139092538192514,0.0569141025779607,-0.00435578042973786,-0.000357269247076779,-2.45829492458272e-05,-1.89990446289142e-05,0.000284769093012905,-1.87855100843491e-05,3.24435734911305e-05,-0.000924340942579049,0.000352693871902633,-0.00100636260990841,0.0238880240778749,0.00735324725163515,5.48782155088262e-06,-3.45263982415929e-05,5.00090604361061e-05,-0.00170987342671402,0.00219891550607664,-7.32235066291074e-06,1.43948676367337e-05,-0.00799824910566593,-7.89637696828597e-05,1.44457906589835e-06,-2.8624544013931e-06,-0.000258405848221953,9.72969460947301e-07,8.27064353800903e-06,2.45891445449268e-06,0.000145338465829858,-2.22946888166962e-05,0.00900120227225808,5.31966287099416e-05,0.000396696562382863,-1.97752261484271e-05,5.10092007833164e-05,-0.000454793041893645,6.38932308371958e-05,-0.000201437719068094,0.0867278525205653,0.000245459917051495,-2.96800749088222e-07,0.000298034554150577,-6.93511124630915e-06,6.62065212415042e-05,-7.14865368861344e-07,3.57213774640088e-05,-1.17037473493623e-05,5.88075838119601e-06,2.41365119623829e-06,-2.14632086434397e-07,3.34417690664627e-06,-1.32201584993747e-06,-1.31883318989658e-07,0.000246583370851883,-6.55011591444648e-08,2.7367210095126e-06,-7.93526755621721e-06,3.39456069292947e-06,-5.26987571535348e-06,9.07469563489303e-06,-4.14715345789552e-07,-3.131758815974e-05,1.30611472642422e-05,1.25880336836667e-08,-7.05024014719749e-05,1.31510188104011e-06,-4.8230987944324e-06,-5.67658677852507e-06,1.66975538001372e-06,2.50257239105749e-05,-3.12117371700461e-06,-1.96597781710219e-05,1.23217057693721e-06,0.000265465652093934,-1.63598277876047e-05,-2.93746103142812e-07,-9.62254596977372e-08,2.51386830560949e-05,-6.20568525636516e-07,1.55839687405329e-07,1.40051834010374e-06,-0.000141864302353688,-4.77029872085648e-08,-1.52087880592765e-05,-3.43578357309895e-06,7.87612681797193e-06,-1.14891560815169e-05,-2.45991460872607e-06,-3.74014522677769e-07,2.86315703625168e-07,-4.60139843829993e-07,-2.00676253576757e-06,1.34271300723615e-06,-3.81312256246697e-05,0.000568713729389254,-0.201507645129252,-5.38942477995564e-05,5.53832515492874e-06,2.08953134266959e-05,2.85689180753062e-05,-4.61275217945483e-05,2.41016726405788e-05,-1.15182643503237e-07,3.96249609600646e-06,-5.61797205722205e-06,5.4485960486606e-06,-5.17566109746492e-06,1.22511048337925e-05,-4.4943438830115e-05,1.02920485346395e-05,-9.51194865402126e-06,-2.61111563421976e-05,8.47362013544868e-06,-7.92676200700341e-05,8.03669221676695e-06,-2.50487878448405e-06,4.58179557424376e-06,0.000150978201504224,-4.75390742530301e-06,1.36804153703531e-05,-2.67094227067088e-05,-3.25217652941635e-06,1.15758635161604e-06,5.34088305785373e-06,-3.03474951249952e-08,-1.99775868145573e-05,6.11746672051808e-06,-1.75913809865328e-05,-1.12247920473357e-06,-4.34309525452109e-05,8.4801402389428e-06,5.41079221770104e-07,1.70701547048168e-06,-1.07224588519544e-07,-4.95226010881509e-06,7.50769799577741e-07,4.90337057835524e-08,-1.2085843454687e-07,-1.87800893911254e-05,-5.59791069050875e-07,-1.2003343087914e-05,4.49687721628277e-06,-1.3369304983403e-06,-1.16985767969141e-07,1.76116181921478e-06,-0.000198988794848236,-6.36026274244762e-07,-2.15118570405464e-07,-0.00019255979521453,2.3740850992955e-06,-4.0887529301263e-06,-0.00410528887027459,1.35874046740715e-05,-0.00223406468262441,4.10704350573035e-05,7.84440147280482e-07,4.02126739088779e-05,9.98006038805059e-05,-0.0635483035319093,0.0017546755380142,-1.44544209940083e-05,-4.7565545219183e-06,-0.136226688848822,1.93480261652039e-06,0.00012727077619661,3.77283190001087e-06,2.42533164164629e-06,7.89896967388903e-05,-5.38536284023009e-05,-0.00132593754914472,-2.2340971347451e-06,-2.95100502391741e-08,-1.1642666521172e-08,9.05296602435448e-08,1.18558499659046e-06,-1.76956649982952e-07,-7.70798248863214e-07,4.54959736056307e-06,-3.9846096502838e-09,3.10803412864556e-08,1.53518180956706e-07,4.04038248718225e-09,3.85717188747581e-08,-7.40053115054451e-08,-1.43620423647293e-07,-8.02789461688824e-07,9.83826746571912e-08,5.4459162780424e-08,5.48768492679389e-08,9.92847955700055e-06,-1.74239052719261e-09,-3.95931508910885e-06,-5.45692050441615e-07,-1.92370802393158e-05,3.65424381122826e-07,1.40011570438832e-05,-3.07217384482299e-06,-2.47319014398559e-07,-2.52060722537984e-05,0.000898017108594494,-0.000109965231065511,-1.16584025126363e-06,-7.40298331526917e-07,-9.37075927740075e-07,1.58390416961208e-06,1.40995278290486e-07,-2.97075274578543e-07,-1.64661940170082e-06,-9.349393995325e-06,9.17636983662433e-05,3.73523521761084e-06,1.28665911438748e-05,-4.12266505242162e-06,-2.22838283309038e-06,-2.3846466736579e-05,-2.43955486383513e-06,-5.51039376670882e-06,-8.93597454491022e-06,0.000369757502723648,0.367627777511453,-6.14503398531668e-06,-7.98734131279432e-06,1.35320285340969e-07,1.54088092938284e-06,5.9698214696144e-06,4.19002087903539e-16,6.54392812296348e-07,-4.66405541963723e-05,9.77306545233105e-07,1.49631383326893e-05,2.19817774077742e-06,-2.61814534987144e-06,4.52180338820408e-07,-1.77600056874731e-05,4.26372662634185e-08,-4.90812856406728e-09,0.0356383546491228,2.3754206715534e-06,-3.22434780629898e-08,3.00803459352563e-06,3.9172450913239e-08,-4.81734733840091e-08,2.88717253402892e-09,-1.98896295795063e-07,1.40319148614654e-07,-1.35342582247619e-06,-3.38807814467124e-08,5.61045857843227e-09,-9.64261992045553e-08,1.73508783248075e-08,-1.81168370278446e-06,1.93496132710039e-05,-3.99888530887639e-09,1.31985965361664e-09,-3.6677051565896e-11,1.0234479135831e-09,-1.45366969161577e-08,5.27702889706693e-10,2.81632327646367e-10,-1.17031379845246e-09,3.0591907181978e-06,-7.54607682153322e-07,3.18145022128909e-07,-0.000303454367532447,-5.0031781375616e-07,-1.20209581056337e-08,9.53990292307655e-08,-1.23731084123538e-06,2.32803018971184e-08,2.11887352498644e-16,-7.00271413875827e-08,-2.44898839661326e-09,-3.87945561665944e-11,-3.77987394530108e-07,4.54087288215999e-09,-2.90910530243631e-09,-6.90885544733335e-08,9.23948416153125e-09,-7.42636092406516e-08,1.94983862457513e-07,7.41700718363716e-09,-7.26462233506838e-09,9.52996774232252e-08,-1.16600506048237e-07,4.28127572404336e-06,-6.42696295224099e-08,9.3889462663001e-07,7.81846268115496e-09,0.00208930622993908,1.6675849633039e-07,-1.48450817444418e-06,5.64785090498719e-08,-1.36336280697583e-07,1.85268729292286e-07,-6.74246338804658e-07,4.36088123073403e-08,3.9515900432189e-08,3.04715227786591e-07,-1.49152514113885e-05,-4.07916024289125e-08,9.87262962135823e-06,-2.19945615320032e-07,5.45254318458079e-09,5.09528314364543e-08,-9.97701102665349e-08,7.54946720367204e-18,3.14793062817909e-10,2.12692447352193e-06,-1.21357105478551e-07,8.94873242481211e-08,2.33767101535156e-06,2.33701974946027e-08,5.44120697837557e-08,-7.99167912688301e-07,2.99186548846774e-07,2.4826483097779e-17,-2.32845194760999e-07,-2.84377354771364e-09,-7.98295038402494e-09,4.24139148678698e-07,6.0610490693708e-08,-4.11297591765358e-09,-1.58628484940691e-07,4.25938250291119e-08,-4.10235657679937e-05,2.66684815234888e-07,-5.46683983703746e-08,-9.9253302521666e-08,-5.25990690878048e-09,-5.21215686070069e-09,-9.9487865680882e-08,6.66766198645823e-07,-1.08359751183242e-07,-5.61046944130432e-16,-2.24205026491765e-06,1.76563814909487e-07,1.47782666465387e-07,4.50230501970457e-08,-2.11487912590168e-07,-4.53706301615858e-07,4.20608809767972e-05,-8.22613086085954e-06,-3.84819084091151e-08,1.45385125800781e-16,-7.21104212243528e-08,-3.20689525651328e-07,-9.21853400487001e-08,8.14945032887826e-17,1.75082427255531e-07,1.76443965589328e-06,-2.69300225733488e-07,-1.43437147121495e-07,-4.79292673517654e-08,-2.56873060244896e-08,-9.19759333310046e-07,2.57561188899343e-08,2.7385999188285e-07,1.28301076738989e-07,5.67177197011457e-08,5.72220777278005e-07,-4.67394233215846e-17,-2.3020175018682e-07,1.08350951191741e-07,7.05512728526138e-07,-7.18430285039107e-08,1.1858349362425e-16,-7.15756931043121e-08,9.60645678051164e-08,-3.40037503006449e-08,-3.05675150931071e-08,-7.84477867914989e-08,5.96840688045376e-07,-1.20615363986654e-06,2.22268702431792e-07,1.51937698107251e-16,2.37317384159034e-06,-4.43169523316201e-06,0.00960753158284404,-2.14103121149415e-06,1.98573153542529e-07,9.87564102627541e-10,-4.24465150528075e-16,-7.96430874129426e-17,2.61097440698994e-10,6.66805423866376e-08,-7.01515094117302e-09,-3.79705456234141e-09,-5.4272314755291e-16,-9.54674622657363e-09,-1.37074155697951e-10,-4.77293897381642e-16,6.47248846065857e-17,4.60351895940753e-16,3.93732732617611e-08,1.18856005087794e-07,-1.83692395057132e-07,1.13394475632904e-07,5.67891854874173e-08,1.21391473852069e-07,-5.8670397867452e-07,1.98636752821769e-17,-1.36089683298798e-07,2.4392831767463e-07,3.21522188090186e-16,-1.03170986538004e-15,-2.57712125417224e-07,-1.26550773217657e-11,-9.80296327771945e-08,7.72569421463185e-08,9.90223381810433e-08,-5.33856653118998e-09,2.82425316405443e-16,-1.8010209661818e-08,-1.80305454349491e-16,-6.19258722907908e-08,-4.65529307810963e-17,-1.13295593908063e-07,-3.72430832618337e-17,8.92777933733696e-08,1.23696114715463e-07,7.5640809284013e-09,1.00382065831371e-07,9.82220014452264e-06,-3.97142308301784e-08,7.24771123916702e-06,1.283520706009e-08,6.244642140042e-08,5.78366658293369e-09,9.14175942500649e-08,-4.14978546685728e-07,-6.49609324075064e-08,-5.31837601164223e-09,-1.27657099060857e-07,2.488025050705e-16,1.92967954619036e-06,-3.3740984486591e-07,2.18470920221034e-08,-8.41236177035099e-17,2.93430679083924e-09,8.14375171138749e-08,2.94544543224679e-07,-1.09291878466291e-16,-7.94094951776571e-07,-3.90971199992365e-08,-5.80697407852326e-16,-5.23434698043714e-08,8.90937289429681e-07,-1.06776032790207e-16,6.70993916647821e-17,-5.4518420434927e-08,-2.66151400536795e-08,-1.55111102891479e-10,-2.21438336675356e-07,6.33102108307167e-08,2.07040858957558e-07,1.82529832281947e-08,2.54610838119513e-07,-4.99201275853705e-07,-4.62045969518675e-15,2.01941736097722e-06,7.67940420334838e-10,2.2203541859394e-09,2.20992864605328e-07,-1.34025815882092e-16,1.70667397023499e-16,8.00450433349452e-08,1.68867879822793e-15,-1.91543625104129e-15,2.72841333441777e-06,-0.000142546065706399,-0.0871356046022869,1.50385512333649e-08,-8.89706942839515e-05,2.32547069764301e-07,-2.53422841786026e-08,-1.31012849456071e-16,-2.2076791983767e-08,-8.7008242648534e-10,-3.78384682117841e-09,3.28215511336679e-07,-1.50450380612694e-05,-2.17321192553681e-16,-3.04413540155003e-16,-7.29501146122529e-17,3.58750576560266e-09,5.68288832821096e-05,7.06651896157567e-09,-3.11614965788005e-16,8.1514577713903e-09,1.18054565001322e-15,-1.26085776757998e-15,-1.61496198491342e-08,3.36793051373716e-10,-3.86016630986308e-16,7.17447515781058e-11,-1.64454973101748e-09,3.95880612527366e-15,1.32513293921186e-09,-1.88454729238981e-17,5.27470097884115e-10,3.87429676572141e-16,5.36413291232948e-10,4.70630101070059e-09,1.9104781216744e-09,1.65357856139715e-10,1.16943216064026e-09,-4.11399641199941e-09,1.27641788334402e-09,6.61711758986598e-16,8.18851753270799e-09,-1.32228479018057e-09,7.11547841028959e-16,7.15617862062974e-11,6.67190040562981e-10,-1.81977483450291e-09,-7.34204412423278e-16,-2.29434078273939e-09,-3.85505261856814e-08,7.73935266074911e-16,1.03383275722244e-08,2.47419706175089e-09,1.86122249343183e-09,-6.36642935214524e-16,8.64162029430078e-17,-5.14128940041930e-09,-1.92710173504918e-09,-1.62318846072554e-10,4.17285497129263e-08,-3.20334333371417e-09,-8.94240750691396e-17,8.03759861097645e-16,-1.32326477447378e-08,-9.27996105220039e-11,-6.24352280109485e-16,-4.45356623738249e-08,5.62463693426813e-16,-0.00650939127574432,5.49685652952172e-09,3.36464840008789e-09,2.57871033247723e-08,1.77204980102219e-16,-1.76852392358864e-15,3.14466402119508e-15,1.54882329406307e-15,4.89317740530122e-08,1.13057835987836e-07,3.16100172081064e-15,2.7541164759329e-15,4.92717305485862e-15,-5.62741484570333e-06,-1.97876450625407e-09,3.80811097016148e-07,2.9521822944905e-16,-1.9783195636953e-14,1.5639655301619e-13,3.33781849180559e-05,-0.86283768328318,-1.17675179526735e-14,1.17358599095476e-07,-3.56698591065531e-06,-3.37591580376021e-16,7.1204766274003e-15,-1.40848592388577e-07,-1.40384907227199e-09,-5.69355401417888e-08,1.05292456594323e-14,5.13240920370027e-08,6.78655066749782e-08,6.5000159364616e-08,-5.22250950111754e-08,-1.80622020227478e-07,1.46195751767262e-08,2.2178613165828e-15,-8.0279841335403e-15,3.35446814840375e-16,2.23797473183712e-07,-5.70128255255062e-06,-1.07523424167196e-08,-7.7149493058787e-09,6.52814543435555e-16,-4.19752379460467e-16,-7.34833060306836e-17,4.61688329721269e-16,1.26104970916165e-15,3.75705107920443e-07,1.20910864943783e-15,9.07554125225295e-17,-5.38454233676683e-09,-7.19297806421571e-16,-4.81380426898145e-09,6.77364212802698e-16,-5.9550291595393e-09,-3.3876181244143e-17,-6.93507436981205e-09,-8.60544643013533e-10,-5.36385582866215e-07,-2.71560099053652e-17,2.68786601298046e-08,-2.16230705136138e-16,3.70356437852348e-08,-6.93310691622796e-07,3.47990748461308e-10,1.40223114714969e-15,5.01680710189365e-08,2.8159019421191e-16,-1.2113428977447e-08,-6.83160544477033e-08,-8.57582943373141e-16,4.34659484988584e-16,4.09696650748282e-16,-4.5784544190137e-16,-2.26273879530617e-10,-2.93654898306922e-09,-6.53191846130303e-10,4.83138388273625e-16,-2.15963072072414e-16,-7.46487328894137e-08,3.82592859260081e-07,-1.55780246985691e-16,7.43144081306398e-16,-2.86806607843189e-09,4.99210375867888e-16,-2.0248724387932e-08,-2.41586860305073e-18,1.89206236848817e-07,-8.96799691485058e-16,-7.64563900435383e-18,5.56935106855344e-16,4.02254231480446e-17,2.65557320706274e-16,7.72522463239221e-16,2.46683775011752e-08,-1.7248152168574e-07,-8.31093177211539e-17,-1.64626208364694e-08,6.24774224598346e-08,-1.04720081695539e-15,-3.30405059814915e-16,-3.38974443045939e-16,3.48253246256408e-16,6.10269567046232e-09,9.74022732367906e-10,-5.61969996249781e-16,-1.92094346677671e-16,-1.10370280921728e-08,-3.93605450034069e-08,-6.54522058377332e-09,2.64729618419608e-16,-5.55365512109834e-17,-1.14969194369223e-16,-3.60215484052937e-17,-3.24979057157736e-16,-6.06791685222222e-16,2.2949659229765e-08,-2.16884227891264e-08,-4.16724123162167e-09,2.8237574739419e-16,2.70664697807354e-16,-5.43747835784844e-16,-3.09779373981008e-16,2.2351904234912e-16,-2.11249167275719e-16,-1.03316810207222e-15,7.91669472020877e-17,1.85060224851987e-16,-1.48943346577675e-16,-7.43116901663782e-16,1.27212181474271e-16,-8.66361348778697e-17,1.90356042486076e-18,1.68890018999127e-08,3.85219498170061e-16,2.48875154624434e-15,-5.86417665831391e-17,0.00130170702035553,-2.05375196056879e-10,-3.67998199839024e-16,-4.0075760928301e-09,5.16292606565863e-06,8.50518537406188e-17,-5.64130984636174e-16,-5.27992026800436e-08,9.00214599365825e-17,2.51525588451125e-05,-7.51480457754023e-17,-1.03803410125382e-16,-8.87462223108568e-16,1.63369718768963e-16,6.66774728578605e-10,-9.15557791095048e-08,-5.9569841927371e-16,2.54186835151131e-16,1.30934860472373e-15,5.51083889072096e-16,-4.19877620085746e-16,-4.62842494259602e-17,-3.94026128442218e-16,2.58418788586326e-16,7.52630118451058e-09,-2.30077633295418e-17,-1.50745316562653e-16,-5.42075638576067e-16,2.92423194088893e-16,-1.43188824295354e-16,3.5978815078617e-16,-2.1439053491812e-08,-6.12036024556811e-18,-1.9935302142831e-16,1.59761904330846e-08,-9.50666533640958e-17,-2.34025852431094e-16,-2.36880853090251e-16,-2.76390797740687e-16,1.45385003494267e-07,3.20968012769453e-17,-9.76685961556077e-09,-2.53951371381931e-17,-1.38136744579972e-16,-2.23067294072541e-16,3.36915361878727e-16,-7.24420187140886e-17,-1.20983603080352e-16,3.52211505069229e-10,2.25882846827848e-16,6.16958721208692e-17,1.36965741074787e-08,-4.38994105011337e-08,-3.31923460872737e-17,3.07136925958086e-08,4.49665774086204e-09,-7.67743762310051e-17,2.15443298456215e-16,-2.21264222244395e-16,-2.19833294576881e-16,-4.4264057612893e-17,-7.51207635077211e-09,4.82114451584959e-17,7.51037318880248e-16,1.34562693690294e-16,3.00358842207829e-09,1.3794212343619e-16,4.21638902969607e-16,3.62867522725428e-17,2.68486189606214e-16,-1.36624010994264e-09,-1.31132431959797e-17,4.50734249617048e-09,1.26899832164294e-16,2.94165641044601e-16,3.00434784299082e-16,-9.08860654135943e-17,1.09790241868201e-16,-8.64353903188767e-18,-2.37305397765749e-17,-4.91094897875874e-08,1.1998858333519e-16,-5.25910435997206e-17,0.000104960235764367,2.21893837521542e-16,8.69400343543715e-17,-1.01606333857478e-17,1.02107719545419e-16,1.73836082861596e-16,-1.34717365636966e-16,-2.15997881846677e-08,-3.90009005148103e-17,2.80138319722541e-16,1.24185701313404e-06,-1.27371714322112e-16,7.03000222193875e-17,-1.61170218438234e-16,-3.08463324630547e-16,3.33932483138059e-17,-5.65856779417925e-17,-8.63855200430514e-19,-1.14311503447486e-17,1.45959863718571e-16,7.78218618017797e-17,1.34915666059765e-16,-6.49438806611824e-07,7.69028559368355e-08,1.90115136661979e-16,1.12274898863195e-17,-7.88840582453728e-17,-1.25110095952996e-16,2.60933581599371e-16,-6.79451644325238e-18,8.04423452087571e-17,-1.77803452484063e-16,-9.64332874656381e-10,-2.95433127995912e-17,-6.59751009319083e-17,-1.6347252995482e-16,-2.0401260269668e-16,1.23321660911263e-09,4.47816025886132e-16,-1.347054609647e-09,1.6926284501562e-16,3.3663564476305e-16,-3.97006836127252e-17,-1.20596278584089e-16,-2.40207266011064e-17,1.23387333149282e-17,7.59533079814863e-17,-9.92260277849923e-18,-9.93687994628453e-17,-1.24577780249304e-16,-2.15640979965091e-16,-6.23989217341736e-18,8.25935938135884e-17,4.45903262924082e-17,1.25161850597602e-16,-1.97870091572363e-16,-1.36085319043999e-16,3.24392904704843e-17,-7.90327128324172e-17,-2.08754704014342e-16,3.10274944842828e-16,-9.89001296015653e-17,-6.21323902137629e-17,-9.73421130667226e-17,6.48388617846711e-14,9.25285999227734e-11,-4.52825569036214e-17,-1.5055764525124e-16,5.12401860679827e-17,-5.45027755338504e-16,1.96576222426279e-16,1.08328217832542e-16,-7.59898465094679e-17,1.15487805385481e-16,-4.4205652726847e-16,-2.39407184790307e-17,3.16776769745952e-16,-1.20706821235303e-16,2.10531425794834e-16,9.48520770291829e-17,8.46433423942348e-17,-7.11906542182753e-17,-7.37164777356614e-16,-1.1882690548729e-09,-5.99530726664946e-17,-1.00710344592809e-17,-2.21777783264413e-17,-2.58535008132883e-17,3.14347604424021e-16,7.37803760410988e-17,-1.37013168824275e-16,1.88383017596644e-16,2.70872520218047e-16,2.51300843755075e-10,2.87871831473968e-16,-9.54124575294638e-17,-9.43648262777151e-17,1.35310290502503e-16,5.0008733053834e-17,-9.97952473019772e-17,1.08462644703165e-16,-1.42263881371731e-16,-2.84378312655694e-17,-6.0550173688769e-17,2.6481264501827e-17,-2.50112865181065e-17,-4.22688402091932e-17,1.26594124224417e-09,1.72531773941623e-17,-4.02900240550638e-17,-1.26479559402773e-16,-1.22121822203336e-16,-3.8081722092352e-09,9.90797839781147e-17,2.00284913615583e-17,2.69411532443771e-16,3.16586352914611e-17,1.01340855432509e-16,-7.54664047828582e-18,-6.46217105955078e-17,-2.08941153913985e-17,-8.98407533435726e-17,6.22121601144423e-17,1.19959028536669e-16,7.86635661241136e-17,2.0882056913277e-17,-8.46455389011856e-17,2.94707269313582e-17,6.24802946641108e-17,-1.96800389370196e-16
"t520",-0.037553919689073,-0.0102449447671571,0.00129325894056218,-0.115417682496499,0.0233315894339654,-0.00498990476710422,0.0268181882010718,0.000438882534860594,0.000160642113358448,-0.000595366703362314,-0.000301647089060059,0.139371152488395,0.0570314207836845,-0.00436489417370254,-0.000358049151585829,-2.46397586442728e-05,-1.9043991360862e-05,0.000285454904572216,-1.88317914154055e-05,3.2530356613692e-05,-0.000927013690467391,0.00035392273850997,-0.00101006363756054,0.023976372209009,0.00738054870579789,5.50915869412266e-06,-3.46622116485977e-05,5.02075244381136e-05,-0.00171683932650688,0.00220947495530068,-7.35981872887253e-06,1.44718337212371e-05,-0.0080440597059246,-7.94371860495939e-05,1.45367559022569e-06,-2.88189657084553e-06,-0.000260182879868181,9.79765080747003e-07,8.32879551059597e-06,2.47645644266849e-06,0.000146404610051127,-2.24621290896009e-05,0.0090697945166209,5.36024910575133e-05,0.000399775027451267,-1.99383024054212e-05,5.1437492139441e-05,-0.000458643798243923,6.44469123844235e-05,-0.000203226852833708,0.0875232871279803,0.000247744507410984,-2.99569098082237e-07,0.00030086502800447,-7.00329485091814e-06,6.68608050875115e-05,-7.22589640822535e-07,3.61164514081077e-05,-1.18335453331939e-05,5.94967861260891e-06,2.44309621332897e-06,-2.17301702759586e-07,3.38642111656178e-06,-1.33878047174045e-06,-1.33603725577606e-07,0.00024988093555639,-6.64247614276516e-08,2.77620935718966e-06,-8.05097511211635e-06,3.44499252945187e-06,-5.35586582794244e-06,9.23293790175723e-06,-4.22018850667624e-07,-3.18803308950989e-05,1.32964288255832e-05,1.28167451066078e-08,-7.17877120894378e-05,1.33947663560383e-06,-4.91581559790979e-06,-5.78729511835499e-06,1.70311759102798e-06,2.55283403981478e-05,-3.18622991948306e-06,-2.0074069225127e-05,1.25935151833753e-06,0.00027139333729923,-1.67296041593421e-05,-3.00398576282192e-07,-9.84057929101051e-08,2.57090212820068e-05,-6.34712500787862e-07,1.59545394301617e-07,1.43394828905824e-06,-0.000145337354875087,-4.89212223808602e-08,-1.55996155863859e-05,-3.52410016202405e-06,8.08177667516606e-06,-1.17908764378148e-05,-2.52591778157377e-06,-3.84223978318298e-07,2.9414311437625e-07,-4.72740800935653e-07,-2.06594632318013e-06,1.38252562020581e-06,-3.92665678931713e-05,0.000585772211252804,-0.207564234126112,-5.55199897488159e-05,5.7063057820211e-06,2.15302053994033e-05,2.94461096316062e-05,-4.75456027092347e-05,2.48629246159394e-05,-1.18841410543351e-07,4.08992707016423e-06,-5.79963656772356e-06,5.62743576679105e-06,-5.34796845275809e-06,1.26633057662426e-05,-4.64646529189771e-05,1.06475660517334e-05,-9.84480384825295e-06,-2.7025324412332e-05,8.77083630046505e-06,-8.20847044831765e-05,8.32261737702662e-06,-2.594995841241e-06,4.7518708678602e-06,0.000156584409167103,-4.93087466094302e-06,1.42001949549881e-05,-2.77282608601105e-05,-3.37658708386369e-06,1.2023878376717e-06,5.54792068044123e-06,-3.15526961150223e-08,-2.07862603287693e-05,6.37150383697017e-06,-1.83224111951319e-05,-1.16932678579268e-06,-4.52475577191641e-05,8.83609298206662e-06,5.63821435713617e-07,1.77876468306522e-06,-1.11774766577206e-07,-5.16640694744804e-06,7.83851699841414e-07,5.12043864440701e-08,-1.26263460464966e-07,-1.96206489344213e-05,-5.84942992990227e-07,-1.2543886008262e-05,4.69990468947566e-06,-1.39871473552913e-06,-1.22412049255706e-07,1.843064715046e-06,-0.000208791233113046,-6.67786294563939e-07,-2.25882807386308e-07,-0.000202305477101452,2.4945194554993e-06,-4.29918308509911e-06,-0.00431693823353724,1.4297705739563e-05,-0.00235241375418792,4.33296017815781e-05,8.27646388646611e-07,4.24282941306891e-05,0.000105327179099841,-0.0670881138261401,0.00185249824293965,-1.52696091641235e-05,-5.02577877252898e-06,-0.143997188332958,2.04537516094433e-06,0.00013455127367841,3.99253305199517e-06,2.56914968895892e-06,8.368818862694e-05,-5.70664247027708e-05,-0.0014057295049119,-2.36898822456703e-06,-3.12976189477958e-08,-1.23500805419265e-08,9.60867700670352e-08,1.2585451805349e-06,-1.88084118172533e-07,-8.19302298337057e-07,4.83794318351362e-06,-4.24211634815633e-09,3.31212593044378e-08,1.6365441441994e-07,4.30932630609081e-09,4.11547107410002e-08,-7.90499672619796e-08,-1.53447952565842e-07,-8.58166193602104e-07,1.05196444180478e-07,5.834784452394e-08,5.88009254466059e-08,1.06475184212586e-05,-1.8701497533807e-09,-4.25825037166136e-06,-5.86898259055337e-07,-2.06935879291717e-05,3.93317706801498e-07,1.50759005113183e-05,-3.31151119484307e-06,-2.66938079099706e-07,-2.72345484747285e-05,0.000970604974293947,-0.000119030900465758,-1.2630003729532e-06,-8.02011714457328e-07,-1.01585054800617e-06,1.71988505269623e-06,1.53148556731399e-07,-3.23230455196116e-07,-1.79370613017691e-06,-1.01887087015058e-05,0.000100170767157877,4.07909117314252e-06,1.40572819351666e-05,-4.51028830392481e-06,-2.43856981229961e-06,-2.60974847333043e-05,-2.67382029880077e-06,-6.04503163471732e-06,-9.81291200456797e-06,0.000406231058965782,0.404084371924276,-6.75744964631023e-06,-8.78447867081222e-06,1.49000607908544e-07,1.69790740592002e-06,6.58345360561518e-06,3.75837072176189e-16,7.22488962227999e-07,-5.15058602733139e-05,1.08098308913877e-06,1.65710110229055e-05,2.43688097059443e-06,-2.90263236016516e-06,5.02274194250893e-07,-1.97338807208017e-05,4.73830913493341e-08,-5.45832605598168e-09,0.039652527983908,2.64531642445805e-06,-3.59210956061399e-08,3.3516678105324e-06,4.3686280781327e-08,-5.39265907240146e-08,3.23631504273275e-09,-2.23199157679924e-07,1.57852210214204e-07,-1.52280595961716e-06,-3.81870473469415e-08,6.32972584348573e-09,-1.08940407608273e-07,1.96115003951591e-08,-2.04869279323503e-06,2.1895348072945e-05,-4.52941442365501e-09,1.49513120181521e-09,-4.1651383101961e-11,1.16232010192834e-09,-1.65102534507959e-08,5.99754647274399e-10,3.20167110075613e-10,-1.33152318126568e-09,3.48111701667648e-06,-8.62939308853432e-07,3.64018349469687e-07,-0.000347361339002581,-5.73286095326121e-07,-1.37852844342174e-08,1.09601831803823e-07,-1.4222817057919e-06,2.67719548315473e-08,3.8717892927913e-17,-8.06482996075302e-08,-2.82097855920896e-09,-4.47155468593963e-11,-4.3633309035372e-07,5.24860974643495e-09,-3.36459806192302e-09,-7.99306021094181e-08,1.07321641969905e-08,-8.62836196137057e-08,2.26559060677718e-07,8.62833769879663e-09,-8.47988386608267e-09,1.11308001379207e-07,-1.36243322061582e-07,5.0093744416885e-06,-7.55998690475615e-08,1.10691656494484e-06,9.21885504751497e-09,0.00246362672004856,1.97759341943993e-07,-1.77244668655869e-06,6.74925188371457e-08,-1.63134342516091e-07,2.22035290522509e-07,-8.08444245794714e-07,5.25038178828226e-08,4.75909380820254e-08,3.67194345445822e-07,-1.79805655457565e-05,-4.92387837500501e-08,1.19342941313671e-05,-2.66233751786824e-07,6.60393701406645e-09,6.17743109124297e-08,-1.21220257269312e-07,-2.05878978997341e-17,3.8768286894413e-10,2.62304914201929e-06,-1.49978112366188e-07,1.10598994615627e-07,2.8893592838075e-06,2.89004305488458e-08,6.735352049924e-08,-9.90394451337664e-07,3.71658694799418e-07,-1.12887321350333e-16,-2.90850804129702e-07,-3.55467205255222e-09,-9.99347377344588e-09,5.31054361249236e-07,7.61724586877847e-08,-5.1797516101269e-09,-2.00364381405365e-07,5.39111522811355e-08,-5.21575022884687e-05,3.40488525847633e-07,-6.99868535717622e-08,-1.27260092930777e-07,-6.75058763968349e-09,-6.70076504416048e-09,-1.27926116101911e-07,8.58405508484993e-07,-1.39636788252366e-07,4.04596864918972e-16,-2.91005811328165e-06,2.29517393261095e-07,1.9210730168973e-07,5.8781679374357e-08,-2.76299494487809e-07,-5.9763204476827e-07,5.55354380722421e-05,-1.08665649508947e-05,-5.09250796237423e-08,1.34704048155195e-16,-9.56240240348359e-08,-4.25586790314957e-07,-1.22693687588929e-07,1.44324267848965e-16,2.33763407196988e-07,2.35758165731921e-06,-3.59969677918289e-07,-1.91885082829515e-07,-6.42051432883339e-08,-3.44454568104345e-08,-1.23434417655751e-06,3.46481907184455e-08,3.68512623249923e-07,1.72931114497591e-07,7.66717971511384e-08,7.73652364746126e-07,1.21733132493817e-16,-3.13055808661847e-07,1.47499470353568e-07,9.62602302576227e-07,-9.83632193349105e-08,-1.12939131926542e-16,-9.87443590126566e-08,1.33691079978447e-07,-4.75118925005511e-08,-4.27909009428218e-08,-1.10066595669262e-07,8.40957721744467e-07,-1.711396519532e-06,3.21046203160469e-07,-6.33303919488132e-17,3.48460127574125e-06,-6.51671731367662e-06,0.0141711406525261,-3.17163488037359e-06,2.9425567024949e-07,1.4652139697381e-09,-4.63279588303056e-16,-1.05053772494614e-17,3.90150037812115e-10,1.0026769043152e-07,-1.05570426646203e-08,-5.74703917940887e-09,6.88888465095584e-17,-1.46363459568161e-08,-2.11381763850696e-10,2.83786054918754e-16,2.52582397532e-16,3.41820115458599e-16,6.18706412721902e-08,1.87228818936697e-07,-2.91863159886786e-07,1.81513011807243e-07,9.09836376511315e-08,1.96063977678297e-07,-9.48501421373176e-07,2.57170057965352e-17,-2.23759224279475e-07,4.0352673459362e-07,4.62552404450296e-16,1.07657909847229e-15,-4.3703513645175e-07,-2.15936394408575e-11,-1.68690646596705e-07,1.3371042083486e-07,1.73312196900133e-07,-9.36091319934168e-09,-2.06248029021551e-16,-3.16597810093148e-08,4.40098728815519e-16,-1.09660352008585e-07,8.93280946174385e-18,-2.01730606030786e-07,5.23264747607104e-18,1.60092865586934e-07,2.22131889434243e-07,1.38511462399851e-08,1.8460270581117e-07,1.80954552305332e-05,-7.37446177408504e-08,1.35520179519295e-05,2.44000770204607e-08,1.18730076416098e-07,1.10539343691403e-08,1.7641992015566e-07,-8.11534285508057e-07,-1.28500859038106e-07,-1.06177059701551e-08,-2.5603060589589e-07,2.74627778089915e-16,3.92674620279131e-06,-6.96549846727246e-07,4.70899118004716e-08,8.96320702288732e-17,6.40884462233113e-09,1.81573256072284e-07,6.62692289201294e-07,-1.76128401251612e-16,-1.79508495783232e-06,-9.0092106094034e-08,-1.12145053378885e-16,-1.21792585618655e-07,2.20673563760697e-06,4.08889614869558e-16,-6.74861821957553e-16,-1.38675424633435e-07,-6.78657298499697e-08,-4.00151440041339e-10,-5.79309526757167e-07,1.71191550156906e-07,5.61495152090056e-07,4.97105158050676e-08,7.27444337543121e-07,-1.48792874071223e-06,9.78024898481283e-16,6.12137093951057e-06,2.33468911138249e-09,6.82124347205566e-09,6.87685429324721e-07,3.20694303740345e-17,2.3344376480452e-17,2.53617242489325e-07,6.07582347426593e-15,-5.1544707194381e-15,9.82248164879714e-06,-0.00052617501923502,-0.321812891578275,5.88823304254696e-08,-0.000351273435346579,9.19791861131325e-07,-1.01418365872677e-07,5.29579052952516e-16,-1.0157925130249e-07,-4.14153964648752e-09,-1.822059112038e-08,1.67941032302863e-06,-8.73467865994563e-05,-8.87791788187437e-16,-5.22182681950667e-16,8.63731602744571e-16,2.62412501977965e-08,0.00047163345808246,5.92643441727827e-08,1.26427837169396e-15,7.91321803567021e-08,-3.27060258525432e-16,6.14079128614927e-16,-6.54738533134264e-07,1.42692338272496e-08,-6.90067577732711e-16,3.02705640752364e-08,1.58132349838937e-07,-2.67278604476948e-15,-3.53216435272431e-08,-2.23603777857667e-17,-7.3176382435306e-09,6.41460845295632e-16,-7.12404630279619e-09,-6.04928934966886e-08,-2.36911440858795e-08,-1.9540419164589e-09,-1.24819358869908e-08,3.18645943714491e-08,-6.99533219815776e-09,-1.65159502118835e-16,-3.19600107626053e-08,4.99695177787042e-09,6.32740680994364e-17,-2.59279709426911e-10,-2.24479801978103e-09,5.74135944325833e-09,8.52683375040056e-16,5.89824812089963e-09,9.53781906891094e-08,-8.40856054274226e-16,-2.43307430843816e-08,-5.68319904607528e-09,-3.91419411757613e-09,6.15410938929717e-17,-2.17244845245936e-16,8.86405263386156e-09,3.06289613050707e-09,2.53768936665456e-10,-4.64326868926443e-08,3.3763327266045e-09,-8.63895474973124e-17,-3.86889277608784e-16,1.3435814004597e-08,9.37801087373021e-11,6.08935972318306e-16,4.22581395840469e-08,-2.66900461741182e-16,0.00581122799493148,-4.51207500556833e-09,-2.74536925558393e-09,-2.05507769578321e-08,-5.54959364722389e-16,7.80012684989707e-16,-1.84097114591649e-15,-7.86574885290811e-16,-3.14287214031557e-08,-7.13144109242255e-08,-1.91675038684373e-15,-3.73215167609937e-16,-1.8824566398419e-15,3.32262181476652e-06,1.13497516621085e-09,-2.01640753369717e-07,5.17773537123694e-17,8.07183519921069e-15,-6.33297362847337e-14,-1.32351524509598e-05,0.338535367326097,4.83929073005073e-15,-4.06957547690695e-08,1.17423904109129e-06,9.35798435556507e-17,-2.87198665301551e-15,4.07762009217951e-08,4.02092794261787e-10,1.50461655208406e-08,-4.45361177690254e-15,-1.17458335530961e-08,-1.42625949100537e-08,-1.20258311154483e-08,7.95278750114070e-09,2.59725508710118e-08,-1.87467755398679e-09,-1.34587539458548e-15,2.06834015787914e-15,-2.15243429397948e-16,-1.05063302470755e-08,2.61054873703844e-07,3.89978465708855e-10,-7.21021727747398e-11,2.27098521917713e-16,5.46621107577027e-16,3.46666206524418e-16,-1.94510656681993e-16,-6.79528894004858e-16,1.99470909337382e-08,3.41897535430893e-16,-4.0613816595454e-16,-3.72730006409675e-10,-5.4402875334037e-17,-3.37292986445978e-10,-2.11135452937644e-16,-4.25715092032889e-10,5.49356835886768e-16,-6.80578341374819e-10,-8.97238100043199e-11,-6.08673515389406e-08,1.69207961798764e-16,3.3483487783148e-09,3.90039900453403e-17,5.48064431009348e-09,-1.22530686235274e-07,6.19223790216124e-11,-3.8654268010617e-16,9.48278044871596e-09,-1.36154509389864e-16,-2.49512406634012e-09,-1.41273901735533e-08,7.57198706869392e-16,-5.73280243108966e-17,-4.24976940408362e-16,1.79999653804892e-16,-4.98380188719603e-11,-6.57035266778956e-10,-1.48768286102476e-10,5.25318908046928e-16,5.94686730282322e-16,-1.83944142667773e-08,9.45853351781841e-08,-1.06396168873375e-15,-8.38650010985516e-16,-7.72216376226746e-10,-4.31394433254706e-17,-5.54383869796352e-09,-5.92603278537013e-17,5.42332676152177e-08,9.23797664846139e-16,-6.25454689781577e-16,-1.22690566492586e-15,-7.48391840342234e-16,-1.64528607043328e-15,-1.1510911893183e-16,7.68194942553791e-09,-5.3766264986087e-08,-4.44720596264144e-16,-5.26756646688566e-09,2.0202981505938e-08,4.80931240694111e-16,8.5445570793732e-16,5.66220719555624e-16,5.36538487673452e-16,2.06038081960153e-09,3.32005748667723e-10,4.14187881742903e-16,-3.27064613219626e-16,-3.80155526918034e-09,-1.35754217368093e-08,-2.2676346889854e-09,-8.76060419656871e-16,1.44489783006102e-16,7.81884720764148e-16,-5.57458420261867e-16,-1.149581171113e-15,-1.22321751858238e-16,8.50948633885865e-09,-8.08928047550546e-09,-1.56327853797921e-09,3.13500213115794e-17,1.14304566860225e-15,1.37514445359962e-15,-6.84518552160035e-16,-7.58038692981106e-16,1.1671323250835e-16,3.12948987386438e-16,5.03335074377636e-16,-5.26426880386515e-16,-1.36680423219563e-15,4.39929045660592e-16,1.10189466985215e-15,-7.05095602129457e-16,8.12318836185885e-16,6.91572189294599e-09,-7.13003628116025e-16,-2.03861737050888e-15,-1.18739629999728e-15,0.000538606901729301,-8.51795586147767e-11,-1.11077543132373e-15,-1.66457912726498e-09,2.17111758732591e-06,2.20442609593314e-15,-2.67278812074719e-15,-2.25363310841035e-08,1.10848070468966e-15,1.09258267530696e-05,-8.23764166876034e-16,1.41152258122102e-16,-3.85303128335851e-15,-3.57198354020275e-16,2.97319039834759e-10,-4.08953451100471e-08,2.31151942544919e-15,2.77807372092922e-14,-0.707106781186548,-1.59594592700353e-15,5.83211322117971e-15,1.20741067264381e-14,2.79276833903374e-16,2.26164228105766e-15,3.64037569338644e-09,-5.82823847351871e-16,2.16092273444773e-15,-1.20630780388137e-15,-3.63765296654348e-15,-1.35492402431494e-15,8.46919220744754e-16,-1.05280486669179e-08,5.82165802781832e-16,2.26918266694124e-16,7.86678886212081e-09,5.39588972234448e-16,-7.70461684048627e-16,3.02422578604801e-15,-8.85412321870609e-16,7.3804969027498e-08,-5.40068814731094e-16,-4.98398208326674e-09,3.44537873595506e-16,-1.82545036897612e-16,-1.88620450288555e-15,-7.62878503408911e-16,1.06643637432532e-15,-5.72883047597719e-16,1.81603269205952e-10,1.31327793075596e-16,-1.51871068264637e-15,7.11699164511299e-09,-2.28197491361216e-08,3.14246962370876e-16,1.60700579403966e-08,2.35750580342007e-09,6.84782356485063e-16,-3.67932517146219e-16,5.53840370610275e-16,3.05820429345243e-16,3.84223673233519e-16,-4.05244529180641e-09,5.79020301202955e-16,1.92854107025519e-16,-2.44509921091479e-16,1.63162951399631e-09,-1.57469767952533e-16,4.28198441403858e-16,7.55607393549137e-16,-3.24406268105143e-16,-7.48874528550345e-10,9.74844952028821e-16,2.47733783824416e-09,3.34361146527849e-16,-5.74609430828574e-16,-2.8027766712398e-16,-2.53395525850215e-16,3.0259718338103e-16,-6.24526582359269e-16,-1.99487293262854e-16,-2.73731006313779e-08,4.97122458629477e-16,-4.95886071780458e-17,5.87020735579974e-05,4.82820483978377e-16,1.52409885506119e-16,-4.88155540395985e-16,6.22581937969947e-17,-4.02206285969412e-16,-2.02888545910927e-16,-1.22065614454508e-08,2.46285595503654e-16,-4.34083216026896e-16,7.04999841601018e-07,1.12235957476967e-16,6.09311283911877e-16,4.90126931036005e-16,-2.03017799437629e-16,-8.35840487677606e-17,-2.70713474968983e-16,4.63360061961208e-16,-9.48692756153662e-17,2.67752840364775e-17,3.87190643667859e-18,-1.19493298671469e-17,-3.74707530418535e-07,4.44545858800174e-08,4.7949632779951e-16,-1.77091804072707e-16,2.30428431902889e-16,-1.06678878126667e-16,1.41423331379009e-15,-2.49767676946708e-17,-4.61925921114377e-16,-7.91080901840951e-16,-5.62855477821248e-10,-5.34120023218962e-16,3.41231856269764e-16,-3.12688122559976e-17,1.14766993990842e-16,7.25549512277904e-10,-3.73175476203766e-17,-7.9946465466118e-10,-4.32040784481815e-16,-1.70063600390051e-16,-2.62407640216623e-16,-1.85957584416893e-16,6.61312324461171e-17,-5.57910156042383e-17,-1.37668859568503e-16,-9.25364744148784e-17,2.4526424799499e-18,-2.12191545036121e-16,9.78303642858014e-17,1.60085911556537e-18,1.24194970772396e-16,5.06507434657912e-18,-2.13580432492105e-17,-1.85364163457656e-17,-6.99991642785133e-17,-8.48530575942021e-17,9.84198562073274e-18,4.05378693761262e-16,-5.65031962190821e-16,-3.4731384835691e-17,1.18001623253751e-16,7.70022872780791e-18,3.95771277465683e-14,5.65827326935332e-11,1.82849696767113e-16,2.29476237701938e-16,-1.19888474116339e-16,1.70149295012276e-16,-2.41251900732872e-16,3.11385334206926e-16,-1.5857111457029e-16,-6.36184218952972e-17,2.66840766989254e-16,-2.52790527808713e-16,-1.22657147026001e-16,2.75850566526519e-16,-1.0334391816188e-16,-1.14405394949223e-16,-3.45935796978831e-16,3.24779179997769e-16,4.52823362441915e-17,-7.40157780807971e-10,-4.47002161941399e-17,1.14660274559092e-17,3.45410652462608e-17,1.14499427129085e-17,-1.17063809903993e-16,-9.98454609466833e-17,3.07153063112881e-17,-4.68563578005048e-17,-3.1548095157816e-17,1.59324547260199e-10,1.16861207610857e-16,4.99365924683534e-17,-5.40137031981978e-17,-1.08371366579063e-16,-8.25618584887711e-17,-2.16672124580924e-17,-2.74228904790109e-17,1.12639834198188e-16,8.48689897861296e-18,-1.3612538181984e-16,-3.17103087966885e-18,-4.91032090885584e-17,2.24718428433086e-17,8.15990806266783e-10,-6.71042786255021e-17,-4.37157767288516e-17,-5.20989605227085e-17,-2.27404629415257e-16,-2.47268090944115e-09,-4.45082086493709e-17,4.64758124190584e-17,2.20153119515614e-17,1.32285921004435e-16,-1.09336625492122e-16,4.10392432355318e-17,2.27848823339808e-16,-7.26635547115782e-18,4.40513114971109e-17,-9.53063361128704e-17,3.82742499424039e-17,-2.67383729565127e-18,2.24790334838764e-17,-5.18069603625848e-17,5.65403485072554e-17,1.42430731449782e-17,-2.1389483142144e-16
"t521",-0.037553919689073,-0.0102449447671571,0.00129325894056218,-0.115417682496499,0.0233315894339654,-0.00498990476710422,0.0268181882010718,0.000438882534860591,0.000160642113358447,-0.000595366703362306,-0.000301647089060061,0.139371152488395,0.0570314207836845,-0.00436489417370254,-0.000358049151585828,-2.46397586442717e-05,-1.90439913608645e-05,0.00028545490457218,-1.88317914153937e-05,3.2530356613689e-05,-0.000927013690467394,0.000353922738509969,-0.00101006363756055,0.023976372209009,0.00738054870579789,5.50915869412978e-06,-3.46622116485961e-05,5.02075244381005e-05,-0.00171683932650689,0.00220947495530066,-7.35981872887889e-06,1.44718337212478e-05,-0.0080440597059246,-7.94371860495997e-05,1.45367559023667e-06,-2.88189657084011e-06,-0.000260182879868191,9.79765080746701e-07,8.32879551058987e-06,2.47645644265776e-06,0.000146404610051123,-2.24621290895985e-05,0.00906979451662088,5.36024910575243e-05,0.000399775027451284,-1.99383024054206e-05,5.14374921394252e-05,-0.0004586437982439,6.44469123844185e-05,-0.000203226852833681,0.0875232871279803,0.000247744507410986,-2.99569098090403e-07,0.000300865028004444,-7.00329485091455e-06,6.68608050875138e-05,-7.22589640820689e-07,3.61164514081006e-05,-1.18335453331751e-05,5.94967861261258e-06,2.44309621332803e-06,-2.17301702746764e-07,3.38642111657014e-06,-1.33878047172659e-06,-1.33603725571801e-07,0.000249880935556389,-6.64247614233991e-08,2.77620935719132e-06,-8.05097511213211e-06,3.44499252945329e-06,-5.35586582794125e-06,9.23293790180754e-06,-4.22018850666654e-07,-3.18803308951121e-05,1.32964288255783e-05,1.28167451091122e-08,-7.17877120894084e-05,1.33947663563005e-06,-4.91581559793402e-06,-5.78729511835073e-06,1.70311759102113e-06,2.55283403981523e-05,-3.18622991949742e-06,-2.00740692251314e-05,1.25935151833327e-06,0.00027139333729921,-1.67296041593296e-05,-3.00398576285559e-07,-9.84057929280139e-08,2.57090212819741e-05,-6.34712500774228e-07,1.59545394272343e-07,1.43394828905804e-06,-0.000145337354875094,-4.89212223885965e-08,-1.55996155864075e-05,-3.52410016203558e-06,8.0817766751574e-06,-1.17908764378267e-05,-2.52591778157001e-06,-3.84223978338596e-07,2.94143114393136e-07,-4.72740800921631e-07,-2.06594632319206e-06,1.38252562025143e-06,-3.92665678932097e-05,0.000585772211252765,-0.207564234126112,-5.55199897488279e-05,5.70630578208781e-06,2.15302053994621e-05,2.94461096316243e-05,-4.75456027092211e-05,2.48629246159442e-05,-1.18841410512436e-07,4.08992707011336e-06,-5.79963656771548e-06,5.62743576678123e-06,-5.34796845274324e-06,1.26633057662314e-05,-4.64646529189604e-05,1.06475660517202e-05,-9.84480384826663e-06,-2.70253244123413e-05,8.77083630043861e-06,-8.20847044831974e-05,8.32261737697168e-06,-2.59499584123733e-06,4.75187086789458e-06,0.000156584409167107,-4.93087466091493e-06,1.42001949549441e-05,-2.77282608601513e-05,-3.37658708385144e-06,1.20238783764067e-06,5.54792068045898e-06,-3.15526961024484e-08,-2.07862603287677e-05,6.37150383697764e-06,-1.8322411195151e-05,-1.16932678580405e-06,-4.52475577192079e-05,8.83609298206959e-06,5.63821435678972e-07,1.77876468311842e-06,-1.11774766599244e-07,-5.1664069474369e-06,7.83851699800749e-07,5.12043864359337e-08,-1.26263460445744e-07,-1.96206489342776e-05,-5.84942992980575e-07,-1.25438860082814e-05,4.69990468946397e-06,-1.39871473558116e-06,-1.22412049235886e-07,1.84306471501579e-06,-0.000208791233113086,-6.67786294544369e-07,-2.25882807421497e-07,-0.000202305477101455,2.49451945554954e-06,-4.29918308512256e-06,-0.00431693823353722,1.42977057395709e-05,-0.0023524137541879,4.33296017815559e-05,8.2764638862536e-07,4.24282941307006e-05,0.000105327179099882,-0.0670881138261402,0.00185249824293965,-1.52696091641171e-05,-5.02577877252183e-06,-0.143997188332958,2.04537516093498e-06,0.000134551273678437,3.9925330519924e-06,2.56914968899918e-06,8.36881886269213e-05,-5.70664247027183e-05,-0.00140572950491194,-2.36898822463516e-06,-3.12976190191635e-08,-1.23500806073003e-08,9.60867700390399e-08,1.25854518054924e-06,-1.88084118199152e-07,-8.19302298348994e-07,4.83794318354761e-06,-4.24211629741397e-09,3.31212593273386e-08,1.63654414430052e-07,4.30932628434341e-09,4.11547107222387e-08,-7.90499672853976e-08,-1.53447952603267e-07,-8.58166193574343e-07,1.05196444150012e-07,5.83478445363159e-08,5.88009254525318e-08,1.06475184212434e-05,-1.87014980986107e-09,-4.25825037171314e-06,-5.86898259026859e-07,-2.06935879291596e-05,3.93317706817828e-07,1.5075900511234e-05,-3.3115111948387e-06,-2.66938079087581e-07,-2.72345484747526e-05,0.000970604974293921,-0.000119030900465757,-1.26300037296924e-06,-8.02011714523849e-07,-1.01585054789746e-06,1.71988505262052e-06,1.53148556734425e-07,-3.23230455184769e-07,-1.79370613008321e-06,-1.01887087015044e-05,0.00010017076715786,4.07909117326317e-06,1.4057281935111e-05,-4.51028830388247e-06,-2.43856981222786e-06,-2.60974847332749e-05,-2.6738202987891e-06,-6.04503163456803e-06,-9.81291200469937e-06,0.000406231058965618,0.404084371924276,-6.7574496463739e-06,-8.78447867091222e-06,1.4900060788992e-07,1.69790740600972e-06,6.58345360557431e-06,4.32022770227018e-16,7.22488962135527e-07,-5.1505860273285e-05,1.08098308912624e-06,1.65710110229112e-05,2.43688097055002e-06,-2.90263236019921e-06,5.02274194254771e-07,-1.97338807208052e-05,4.73830913041857e-08,-5.45832621212875e-09,0.0396525279839081,2.64531642446127e-06,-3.5921095570734e-08,3.35166781050583e-06,4.36862807685765e-08,-5.39265905977818e-08,3.23631500797391e-09,-2.23199157709397e-07,1.57852210194484e-07,-1.52280595969981e-06,-3.81870473797148e-08,6.32972588786323e-09,-1.08940407607411e-07,1.96115004115337e-08,-2.04869279320457e-06,2.18953480729401e-05,-4.52941439950057e-09,1.49513123580717e-09,-4.16514286790225e-11,1.16232010881049e-09,-1.65102533872839e-08,5.99754649149328e-10,3.20167071736588e-10,-1.3315231721135e-09,3.48111701659489e-06,-8.62939308777887e-07,3.64018349476049e-07,-0.000347361339002771,-5.73286095309004e-07,-1.37852844318261e-08,1.09601831777229e-07,-1.42228170581795e-06,2.67719547965872e-08,8.42424982400741e-17,-8.06482997829108e-08,-2.82097870456473e-09,-4.47155310479315e-11,-4.36333090302321e-07,5.24860973870255e-09,-3.36459811717141e-09,-7.9930602112141e-08,1.0732164205524e-08,-8.62836195918674e-08,2.26559060729655e-07,8.62833774703827e-09,-8.47988382936319e-09,1.11308001293888e-07,-1.36243322018549e-07,5.00937444161314e-06,-7.55998692555908e-08,1.10691656491191e-06,9.21885511212385e-09,0.0024636267200488,1.97759341941256e-07,-1.77244668653302e-06,6.74925188518429e-08,-1.63134342526535e-07,2.22035290522564e-07,-8.08444245805667e-07,5.25038178375667e-08,4.75909381066967e-08,3.67194345392808e-07,-1.79805655457237e-05,-4.92387837390405e-08,1.19342941313587e-05,-2.66233751791718e-07,6.60393694563957e-09,6.1774310946478e-08,-1.21220257222658e-07,-3.80820374037875e-17,3.87682839275718e-10,2.62304914205754e-06,-1.49978112587148e-07,1.10598994630151e-07,2.88935928374599e-06,2.89004305666751e-08,6.73535205697437e-08,-9.9039445143071e-07,3.71658694767256e-07,1.2879008722297e-17,-2.90850804234765e-07,-3.5546721580395e-09,-9.99347396961188e-09,5.31054361252714e-07,7.61724587738029e-08,-5.17975163235022e-09,-2.00364381357846e-07,5.39111522046161e-08,-5.21575022884891e-05,3.40488525886289e-07,-6.99868539489943e-08,-1.27260092980731e-07,-6.75058765652662e-09,-6.70076492420198e-09,-1.27926116217158e-07,8.58405508575559e-07,-1.39636788227192e-07,4.50942681242916e-16,-2.91005811317305e-06,2.29517393446521e-07,1.92107301646943e-07,5.87816794849086e-08,-2.76299494427954e-07,-5.97632044744877e-07,5.5535438072249e-05,-1.08665649509506e-05,-5.09250794655049e-08,2.28288139882226e-16,-9.56240241057211e-08,-4.25586790372459e-07,-1.22693687493092e-07,1.33212947262455e-16,2.33763407263445e-07,2.35758165719487e-06,-3.59969678013007e-07,-1.91885082908157e-07,-6.42051433163331e-08,-3.44454569296873e-08,-1.23434417656052e-06,3.46481907670586e-08,3.6851262300482e-07,1.72931114589594e-07,7.66717971080966e-08,7.7365236477288e-07,1.30913080039553e-16,-3.13055808512479e-07,1.47499470357689e-07,9.62602302607078e-07,-9.8363219291977e-08,-1.1467666796503e-17,-9.87443589214473e-08,1.33691079875394e-07,-4.75118925411697e-08,-4.27909009180857e-08,-1.10066595270737e-07,8.40957721748021e-07,-1.71139651962625e-06,3.21046203265911e-07,4.65993258718429e-17,3.48460127585506e-06,-6.5167173137045e-06,0.0141711406525259,-3.1716348805495e-06,2.94255670201633e-07,1.46521411646153e-09,-3.54425690185511e-16,-1.79067152978558e-17,3.9015011554157e-10,1.00267689966176e-07,-1.05570427489859e-08,-5.74703928165457e-09,2.49739061675286e-16,-1.46363462297139e-08,-2.11381823542879e-10,2.49227175961811e-16,1.95247571003673e-16,3.8025851790139e-16,6.18706409991094e-08,1.87228818953035e-07,-2.91863160178346e-07,1.81513011701331e-07,9.09836377354612e-08,1.96063977568991e-07,-9.48501421364041e-07,4.59781096893833e-17,-2.23759224271359e-07,4.03526734557474e-07,4.45639915792501e-16,9.76223432834212e-16,-4.37035136525922e-07,-2.15939111874111e-11,-1.68690646537007e-07,1.33710420693538e-07,1.73312196949133e-07,-9.360913029657e-09,2.15292948905103e-17,-3.1659781125608e-08,2.34318578025484e-16,-1.0966035188888e-07,1.45643927148588e-16,-2.01730605709541e-07,1.09637052288016e-17,1.60092865415108e-07,2.22131889412389e-07,1.38511461975538e-08,1.846027057375e-07,1.80954552306831e-05,-7.37446177340252e-08,1.35520179520806e-05,2.44000770014646e-08,1.18730076433885e-07,1.10539343195451e-08,1.76419920334291e-07,-8.1153428543941e-07,-1.28500859095303e-07,-1.06177058550016e-08,-2.56030605986322e-07,3.01794465009528e-16,3.92674620277708e-06,-6.96549846767923e-07,4.70899114653355e-08,1.05739296413908e-16,6.40884481909151e-09,1.8157325606267e-07,6.62692289281253e-07,-7.90631870144009e-17,-1.79508495787252e-06,-9.00921059723842e-08,-3.7096575394424e-16,-1.21792585582033e-07,2.20673563753589e-06,4.76140755272993e-16,-6.33225222186844e-16,-1.3867542465478e-07,-6.78657300827667e-08,-4.00151214532311e-10,-5.79309526664118e-07,1.71191550127921e-07,5.61495152068392e-07,4.97105156433073e-08,7.27444337536416e-07,-1.48792874071392e-06,1.0785880381111e-15,6.12137093979195e-06,2.33468892967374e-09,6.82124327561728e-09,6.87685429282677e-07,-2.00629210406448e-16,9.34210958449614e-17,2.53617242619314e-07,6.0098611061106e-15,-5.1997908044551e-15,9.8224816485397e-06,-0.00052617501923512,-0.321812891578275,5.88823302840915e-08,-0.000351273435346554,9.19791861156706e-07,-1.01418366025969e-07,8.00422980365769e-16,-1.01579251006221e-07,-4.14153958753136e-09,-1.82205910775687e-08,1.67941032276487e-06,-8.73467865996887e-05,-1.22850378348539e-15,-3.86554622010474e-16,1.15211584685539e-15,2.62412503750952e-08,0.00047163345808265,5.92643441611592e-08,9.91603050316608e-16,7.91321802589808e-08,-1.21299014978416e-16,4.95928528207502e-17,-6.54738533446431e-07,1.42692337989586e-08,-7.91101667681204e-16,3.02705642881308e-08,1.58132349672321e-07,-3.10074774730379e-15,-3.53216433776879e-08,-1.87560262555075e-16,-7.31763822858437e-09,-2.01393497388253e-16,-7.12404625073949e-09,-6.04928935096197e-08,-2.36911441946372e-08,-1.95404182986742e-09,-1.24819358455783e-08,3.18645940041553e-08,-6.99533213540738e-09,-5.71621928045295e-16,-3.19600107433963e-08,4.99695183278309e-09,2.83407899437986e-17,-2.59279639333152e-10,-2.24479806757409e-09,5.74135940847584e-09,7.52603761368562e-16,5.89824797816157e-09,9.53781902942234e-08,-3.52468589421157e-16,-2.43307429304004e-08,-5.68319912059961e-09,-3.91419421672708e-09,7.65187339257673e-16,4.56218210520856e-16,8.86405273792785e-09,3.06289587987336e-09,2.53769027840091e-10,-4.64326867345606e-08,3.37633281190171e-09,6.96501018932257e-16,-3.82227366815906e-16,1.34358139819326e-08,9.37800521847401e-11,4.45886552117793e-16,4.22581398813371e-08,1.79839142919474e-16,0.00581122799493187,-4.51207519585358e-09,-2.74536977930873e-09,-2.05507774002449e-08,-2.27644761511611e-17,5.80969391952372e-16,-1.09507583449708e-15,-4.1494545999406e-16,-3.14287213302465e-08,-7.13144110082534e-08,-1.23033464371259e-15,-1.46967922075776e-15,-2.06757315055528e-15,3.32262181465113e-06,1.13497590235793e-09,-2.01640753168038e-07,-2.59128070337307e-16,8.6004523679661e-15,-6.13150616434258e-14,-1.32351524503708e-05,0.338535367326098,4.39479442020046e-15,-4.06957547224905e-08,1.17423904130083e-06,1.30171088897187e-16,-2.6704505644282e-15,4.07762011684394e-08,4.02093242520011e-10,1.50461656747243e-08,-4.44526712537668e-15,-1.17458332431782e-08,-1.42625950185772e-08,-1.20258309970958e-08,7.95278771090888e-09,2.59725508353239e-08,-1.87467788790572e-09,-3.54752017585493e-16,2.96070629596757e-15,-9.90157280776152e-17,-1.05063299949571e-08,2.6105487323034e-07,3.89978242821307e-10,-7.21025298308814e-11,-5.22730406617342e-16,-1.44900000023595e-16,-2.16019600013663e-16,-1.63323550688977e-16,-2.24889046437615e-16,1.99470909273826e-08,-1.46850873258342e-15,1.54585523958569e-16,-3.72730223330901e-10,3.80285467267184e-16,-3.37293195212342e-10,-3.43522455035582e-16,-4.25714826555086e-10,-6.06229457490485e-16,-6.80579161369445e-10,-8.97240746973038e-11,-6.08673516846652e-08,-8.35888179726322e-17,3.34834842514321e-09,1.19258593665162e-16,5.48064485083948e-09,-1.22530685359194e-07,6.19219430365329e-11,-1.08921403757991e-15,9.48277960098295e-09,-1.67268195363446e-16,-2.4951238013978e-09,-1.41273904473147e-08,1.58110332310474e-16,-2.98440392632205e-17,9.82704884867488e-17,2.6359006957914e-16,-4.98381464686725e-11,-6.57035144631576e-10,-1.48767893041026e-10,-8.10437425212721e-16,-3.19676191281536e-16,-1.83944139249798e-08,9.45853352745697e-08,1.13387855603435e-15,9.10858800607694e-17,-7.72215215513623e-10,-7.25094914320188e-17,-5.54383838626099e-09,1.66294494286829e-16,5.42332678123875e-08,-1.8863738607883e-16,4.55673503562343e-17,5.71821179214384e-16,2.38224116254443e-16,1.27676169400876e-15,-3.22571204636939e-16,7.68194986311736e-09,-5.37662646903323e-08,4.41684573542104e-16,-5.26756607815497e-09,2.02029817722444e-08,2.88737284081488e-16,-7.95919261015217e-16,-3.49970644980589e-16,-8.95537500440962e-16,2.06038079452327e-09,3.32005437396701e-10,-3.48863301538953e-17,2.00926413322759e-17,-3.80155511256937e-09,-1.35754212298983e-08,-2.26763371708899e-09,8.14644974008068e-16,-1.19914455031514e-16,-9.92737663932788e-16,7.41580674962908e-16,1.27260569145754e-15,5.49511037670504e-16,8.50948702224371e-09,-8.08928008345132e-09,-1.56327841892038e-09,-1.40116414505819e-16,-1.48036915494601e-15,-9.39081211136614e-16,1.03465026607717e-15,6.15212217796677e-16,5.19128433891417e-16,7.009952868629e-16,-4.13683629467796e-16,4.8446503054212e-16,1.44093862007863e-15,1.91163302109294e-16,-9.07277563231795e-16,8.5169184586419e-16,-9.08434437900347e-16,6.91572254765978e-09,5.48422761456963e-16,-1.14957158995956e-15,1.32850112963904e-15,0.000538606901726465,-8.51785246522415e-11,1.26709720924853e-15,-1.66457876351417e-09,2.17111758697304e-06,-2.12145013961178e-15,3.16776186869953e-15,-2.25363319396379e-08,-1.23364803476813e-15,1.09258267563596e-05,9.19930775659612e-16,-7.27021641836113e-17,3.80835340564303e-15,-1.54793305799344e-16,2.97318064843322e-10,-4.08953457276846e-08,-1.77619381014728e-15,-2.79457626903539e-14,0.707106781186546,1.25350001261678e-15,-5.22709452761491e-15,-1.17322413641346e-14,1.06320212795193e-16,-2.37070796376677e-15,3.64037391457983e-09,5.4935984706736e-16,-2.06943437985303e-15,1.67627207044841e-15,3.30825789273008e-15,1.27904971462078e-15,-1.35935935542978e-15,-1.05280474911573e-08,-4.99101321369507e-16,6.56053245253662e-17,7.86678870207475e-09,-3.70262921700708e-16,8.92708238267111e-16,-2.86750802605975e-15,1.35855245246412e-15,7.38049686382285e-08,5.14707666491828e-16,-4.98398241043975e-09,-2.04047262530862e-16,3.46138620642883e-16,2.57371872324795e-15,-2.57281294644818e-16,-9.4392906958134e-16,5.2377388968158e-16,1.81604031071773e-10,-1.62051678588551e-15,1.64341991071986e-15,7.11699103525381e-09,-2.28197481567515e-08,-3.12040387841259e-16,1.60700579859855e-08,2.35750661757076e-09,-5.44306762728781e-16,1.26802491775712e-16,-5.05509651406961e-16,-2.35760292514546e-16,-6.71380829421784e-17,-4.05244495989802e-09,-4.06428221122673e-16,-8.00820572189234e-16,1.31808310985699e-16,1.63162949337772e-09,2.46270574019928e-17,-4.27331092314741e-16,-7.49343254426977e-16,4.97241610584297e-17,-7.48874527137385e-10,-6.38703430487113e-16,2.4773380670502e-09,-3.84393605948979e-16,4.46969901424475e-16,1.02728213892217e-16,7.96932153353105e-17,-4.04673634747275e-16,6.41046843074142e-16,2.47573551613358e-16,-2.73731020657874e-08,-6.12052092748051e-16,1.35069394863823e-16,5.87020735577419e-05,-5.93688795629823e-16,-2.16221761947332e-16,5.62466045586796e-16,-1.79220560959692e-17,3.19676422114764e-16,3.21901952631667e-16,-1.22065614448951e-08,-2.86460711992975e-17,1.93140017942333e-16,7.04999841863979e-07,9.2719047271121e-17,-5.45258430700011e-16,-4.9660383533272e-16,2.26322541871258e-16,-1.03079862320254e-16,4.19273651844838e-16,-4.405337275471e-16,-8.2192201976012e-17,-9.512495367925e-17,-1.56456733463042e-16,7.91641793580434e-17,-3.74707530449036e-07,4.44545861615505e-08,-3.92230121554705e-16,3.51181017394196e-16,-8.31873897836162e-17,-1.44043136587057e-16,-1.43758431808e-15,2.11309101308016e-16,4.3846636012748e-16,6.34024639734864e-16,-5.62855477014288e-10,5.09506878617471e-16,-3.61151176457837e-16,8.91126007568038e-17,6.66404504982867e-17,7.25549437644081e-10,8.35369912290371e-17,-7.99464354702885e-10,1.8606592519436e-16,8.23404130813144e-17,3.75457984882978e-16,3.08248744973462e-16,-2.47787609571157e-17,-1.56679346822799e-16,1.99433446849549e-16,3.83818714654224e-16,-9.82515290187017e-17,2.54436340051203e-16,8.48913460206998e-17,8.97656197412908e-17,-2.0131442645025e-16,-6.03980859154107e-17,-1.20194354789125e-16,2.88551143251538e-16,1.60573851361343e-16,1.66276523803231e-16,-6.53150807436382e-17,-2.72899189335156e-16,2.85260367844514e-16,2.15413265291955e-16,-1.64527910368816e-16,1.20103533645556e-16,3.97814251049001e-14,5.6582280036929e-11,2.02648204647918e-16,-5.33378989909072e-17,1.2536674407066e-16,-2.24918517028466e-18,8.54834228504035e-17,-4.5661077428514e-16,3.52272198750375e-16,-1.54618626034118e-16,2.51676564027267e-16,1.30927491124828e-16,1.39313202900809e-16,-1.60288306861819e-16,-4.95618951009163e-17,-7.99445573398574e-17,2.86423990150374e-16,-2.34299797759258e-16,4.08117234044444e-16,-7.40157648533874e-10,4.48505215858878e-17,2.14606074425534e-17,-6.8910804102679e-20,-4.29707043162489e-17,-2.80229553109717e-16,-5.85080410546043e-17,6.61578124958432e-17,-5.87406098549649e-17,1.80705282626459e-17,1.59324647546259e-10,5.67557496736918e-17,1.39359234322898e-16,7.51615956331413e-17,-4.40152633316727e-17,-3.52441609445072e-17,-3.62878339026923e-18,-3.61870734364754e-17,2.47408267677246e-17,-7.23745184684696e-18,-1.51581310854702e-16,2.02492684070752e-17,-4.33585285371501e-17,-2.79312049132754e-17,8.15990795667989e-10,-4.03180184895508e-17,-7.22459426846381e-17,-2.38509890895396e-16,-4.37821166040381e-16,-2.4726808864587e-09,-7.69486801788938e-17,4.31479183552173e-17,-2.38663365295803e-17,-1.24456146009472e-17,3.32130262411547e-17,-2.64013774654e-17,-9.62350573053536e-17,-5.03434454995682e-17,5.31164336656263e-17,-1.2911785305173e-17,1.45257389599957e-16,3.54226915566508e-17,5.01998631777136e-18,-3.30950132324255e-18,4.58973084363118e-17,2.71337763603457e-17,-2.16728152584528e-16
"t177",-0.037533338053088,-0.010233119065874,0.00129171791149352,-0.115233433956393,0.0232860036979437,-0.00497847072000718,0.0267555324434468,0.000437775836771604,0.000160163940280716,-0.000593219368573888,-0.000300268361744732,0.138587269310022,0.0567013359870358,-0.00433925149391128,-0.000355854695266458,-2.44799013647639e-05,-1.89175113802084e-05,0.000283524993229968,-1.87015497457529e-05,3.22861128543054e-05,-0.000919490684513134,0.000350462852415252,-0.000999642389844536,0.0237276015861059,0.0073036727529181,5.44907210607113e-06,-3.42797451454925e-05,4.96486171252725e-05,-0.00169722121339834,0.00217972591109667,-7.25424433431235e-06,1.42549412018006e-05,-0.00791494062186244,-7.81026710750004e-05,1.42802966184505e-06,-2.82707005523143e-06,-0.000255171484006005,9.60599809364782e-07,8.164789386831e-06,2.42698030148906e-06,0.00014339732317768,-2.19897886428663e-05,0.00887628911703132,5.24575088567746e-05,0.000391089796453097,-1.94781106040926e-05,5.02287920030529e-05,-0.000447776039696851,6.28841417650514e-05,-0.000198176486821228,0.0852776237183273,0.000241294255288072,-2.91752940215483e-07,0.000292872818470451,-6.81073885282224e-06,6.50130099080328e-05,-7.0076553546633e-07,3.5000076564257e-05,-1.1466765117812e-05,5.75486692814769e-06,2.35984714471427e-06,-2.09753112859548e-07,3.26696062196668e-06,-1.29137144953221e-06,-1.28737709024562e-07,0.000240552611189083,-6.38111221169325e-08,2.66444650559151e-06,-7.72346727586641e-06,3.30222758353793e-06,-5.11227178784022e-06,8.7844285235195e-06,-4.01316673761211e-07,-3.02849356103531e-05,1.26293831800943e-05,1.2168278770403e-08,-6.81433594115177e-05,1.27035483108795e-06,-4.65280394279344e-06,-5.47320499888214e-06,1.60844441561075e-06,2.41019770886745e-05,-3.00154214410669e-06,-1.88978124933308e-05,1.18214330951579e-06,0.000254553438202268,-1.56789747520858e-05,-2.81496800460127e-07,-9.22107441746007e-08,2.40884792653351e-05,-5.94522254201872e-07,1.49010686613827e-07,1.33890844332266e-06,-0.000135460774108855,-4.54551111302963e-08,-1.44875531744338e-05,-3.2728028589803e-06,7.49650586426481e-06,-1.0932132111916e-05,-2.33801181547585e-06,-3.55152079384668e-07,2.71853765017483e-07,-4.36857504848679e-07,-1.89724389978644e-06,1.26903196495162e-06,-3.6029864394898e-05,0.000537135819111305,-0.190295456078204,-5.08843751465893e-05,5.22729141112918e-06,1.97196986695226e-05,2.69442675551766e-05,-4.35010151551243e-05,2.26908583781309e-05,-1.08401039012294e-07,3.72623284747557e-06,-5.28111421703133e-06,5.1168599001685e-06,-4.85593419228099e-06,1.14860457009585e-05,-4.21196042831522e-05,9.63177012460866e-06,-8.89355934232473e-06,-2.44127638287576e-05,7.92140962678825e-06,-7.4031897681615e-05,7.50526823964037e-06,-2.33733814590483e-06,4.2653417421786e-06,0.000140546809049551,-4.42460499803421e-06,1.27126716053857e-05,-2.48123094793312e-05,-3.02050149195791e-06,1.07413111068679e-06,4.95520069427977e-06,-2.8100850003474e-08,-1.84692938983031e-05,5.64329661221773e-06,-1.62268559829451e-05,-1.03502333524691e-06,-4.0039461301299e-05,7.81552831550858e-06,4.98614726923273e-07,1.57304453405087e-06,-9.87259991747902e-08,-4.55205798069135e-06,6.88909503206902e-07,4.49741284660822e-08,-1.10746775355557e-07,-1.72075402204514e-05,-5.12730161875e-07,-1.0991878547681e-05,4.11694072010795e-06,-1.22122284191876e-06,-1.06822362225125e-07,1.60774483373981e-06,-0.000180591429626429,-5.76390201832608e-07,-1.9490498889699e-07,-0.000174251504772189,2.14781770228878e-06,-3.69319939087353e-06,-0.00370741838404361,1.22514616998291e-05,-0.00201136281616929,3.68131981756334e-05,7.03016985132746e-07,3.60372321346509e-05,8.9383472403174e-05,-0.0568745284615401,0.00157023958328546,-1.2916758569419e-05,-4.24865327283548e-06,-0.121562837844052,1.72612332024034e-06,0.000113530039786226,3.35788382992819e-06,2.15350093549848e-06,7.01079279943255e-05,-4.77795911300415e-05,-0.00117502997323983,-1.9789468767494e-06,-2.61283500311815e-08,-1.03042159934901e-08,8.00108516865371e-08,1.04746695088123e-06,-1.55871960935984e-07,-6.78888345129776e-07,4.00304173791409e-06,-3.49608572088402e-09,2.72056546396474e-08,1.34269711051367e-07,3.52947402518501e-09,3.36634814988578e-08,-6.44114143223031e-08,-1.24927111509992e-07,-6.97414980593221e-07,8.54145000640754e-08,4.70471221398627e-08,4.73968219720181e-08,8.55699179343006e-06,-1.49855199483911e-09,-3.38791997261882e-06,-4.66928549510423e-07,-1.64526569217007e-05,3.12077768707902e-07,1.19450802487156e-05,-2.61394194035227e-06,-2.09720069406827e-07,-2.13155481823218e-05,0.000758763126380505,-9.25543706471698e-05,-9.79127517102612e-07,-6.21701727177053e-07,-7.85619935009379e-07,1.3221428960908e-06,1.17594916790238e-07,-2.46652097961893e-07,-1.36281224077923e-06,-7.72942941990118e-06,7.55169631817746e-05,3.07053294300896e-06,1.05641356110488e-05,-3.3723646485122e-06,-1.82145363801695e-06,-1.94882029341873e-05,-1.98548899802984e-06,-4.47343749591557e-06,-7.23384342604411e-06,0.000298938518148897,0.296816839256552,-4.95512492067551e-06,-6.43837757892583e-06,1.08714236613214e-07,1.23532410462184e-06,4.7750561747105e-06,3.64914100427479e-16,5.21694727750511e-07,-3.71579873002639e-05,7.75001412194546e-07,1.18228226182598e-05,1.73161846959323e-06,-2.06207386953285e-06,3.54126965450874e-07,-1.38954405804583e-05,3.33446051541098e-08,-3.83023938261439e-09,0.0277714210871277,1.84613881245728e-06,-2.50293698153455e-08,2.33387472115026e-06,3.0311177080139e-08,-3.68481770691359e-08,2.1991942002047e-09,-1.5096840380211e-07,1.05679725568578e-07,-1.01874464179843e-06,-2.5361155796181e-08,4.18642546199304e-09,-7.16247192891341e-08,1.28691551570472e-08,-1.34164656498338e-06,1.42984799377093e-05,-2.94548227358464e-09,9.71817525182066e-10,-2.67812654162893e-11,7.47170218922309e-10,-1.06102384614152e-08,3.84282142846505e-10,2.0491293404247e-10,-8.49172317210016e-10,2.2185892336559e-06,-5.37998733124135e-07,2.26384502221787e-07,-0.00021559912056912,-3.54205297081193e-07,-8.48596600778144e-09,6.69042758749277e-08,-8.66062929692212e-07,1.62701669302522e-08,1.69060316127864e-16,-4.86803916286308e-08,-1.70124497318377e-09,-2.68872507792101e-11,-2.60523053207831e-07,3.11467420484628e-09,-1.99080388839743e-09,-4.72254341658196e-08,6.22072410201878e-09,-4.99500394420129e-08,1.31111623577187e-07,4.96453632838492e-09,-4.79809582396748e-09,6.27947225356831e-08,-7.67037043003591e-08,2.80094998540962e-06,-4.11447374663084e-08,5.95400218734567e-07,4.95530426110613e-09,0.0013239713303448,1.03111700686094e-07,-8.90445217870799e-07,3.37403969234036e-08,-8.09606760455396e-08,1.09207369902835e-07,-3.96524661870173e-07,2.51459021313678e-08,2.27511720471116e-08,1.74947406985465e-07,-8.54684824033601e-06,-2.32255397081224e-08,5.58088974099896e-06,-1.23494685110766e-07,3.05235498220247e-09,2.83781118592557e-08,-5.49533639137883e-08,5.04590175201708e-17,1.61010709438032e-10,1.07915749550437e-06,-6.08214284041132e-08,4.48324904964977e-08,1.17069993193673e-06,1.16679168944854e-08,2.70080754912735e-08,-3.93900426801256e-07,1.45333731670931e-07,2.3667139818999e-17,-1.0921460948134e-07,-1.3278417011467e-09,-3.69108792003877e-09,1.95878139627335e-07,2.72972872712667e-08,-1.82595123463261e-09,-6.8962514260769e-08,1.82437746157712e-08,-1.69910867887667e-05,1.06902988242319e-07,-2.14405137300955e-08,-3.84360847586425e-08,-2.02065682137367e-09,-1.97346448148109e-09,-3.76078008632274e-08,2.49407226981455e-07,-4.01973735036759e-08,-2.7358290761384e-18,-7.78785257614437e-07,6.04446316716329e-08,5.05844155952238e-08,1.47589198555174e-08,-6.88583145108267e-08,-1.35123197020674e-07,1.21843540758283e-05,-2.36966057897491e-06,-1.08479799844917e-08,-5.06117821306233e-16,-1.98150735698514e-08,-8.72660536342128e-08,-2.41573543398457e-08,-1.73982341233688e-16,4.39419930818476e-08,4.3818140277353e-07,-6.65086485329794e-08,-3.50166156320024e-08,-1.14709510037446e-08,-6.05468834717974e-09,-2.14174064517232e-07,5.77836342780692e-09,6.11619337176e-08,2.78938788224869e-08,1.17328309141658e-08,1.18061087891135e-07,-2.34497066931614e-16,-4.2626461632268e-08,1.96578684908506e-08,1.22133921261391e-07,-1.15175782671965e-08,2.13012269327079e-17,-9.44503747284847e-09,9.49075954200592e-09,-2.83625815576807e-09,-2.32732823912309e-09,-5.28197078256788e-09,3.02818448757781e-08,-2.78435355406139e-08,-1.09665068768089e-08,-2.82069876166352e-16,-2.81134679478478e-07,5.52780177183359e-07,-0.00132541577943721,3.35290547879062e-07,-3.13841597707203e-08,-1.61357811982358e-10,2.6031694161377e-16,-1.61169926859157e-16,-5.08418863902289e-11,-1.48569765530188e-08,1.58795296019125e-09,9.58039383417169e-10,1.77073762823259e-16,2.97390050611372e-09,4.64541595312081e-11,-3.47537347927638e-16,-6.86200318146511e-16,-1.33828361211472e-15,-1.69073719582245e-08,-5.24746948930352e-08,8.89485463344937e-08,-5.91602183638372e-08,-2.98819980833231e-08,-6.89119136621299e-08,3.35924386877868e-07,-2.5801570474385e-16,9.00288436388488e-08,-1.69397489111455e-07,-1.35493907924763e-15,-1.25905871635465e-15,2.14435679297151e-07,1.09776684178271e-11,8.98290095789499e-08,-7.34002835133101e-08,-1.00704973831699e-07,5.48853074522018e-09,-7.3901410624185e-16,1.87918313240245e-08,-8.86523885440775e-16,6.73978485578703e-08,-8.83580724862429e-16,1.27157580107294e-07,-2.55848384914822e-17,-1.04159262182594e-07,-1.45442519218483e-07,-9.84553833222313e-09,-1.33481000389595e-07,-1.31776150430784e-05,5.53748445207013e-08,-1.04472905787762e-05,-1.99726030782593e-08,-9.72372167029855e-08,-9.21871520394049e-09,-1.52053795079738e-07,7.30521104510141e-07,1.19921000320441e-07,1.019115331211e-08,2.4914446432783e-07,-9.97523524109817e-16,-3.98587606065147e-06,7.36035279489712e-07,-5.56490520385582e-08,9.29155307772912e-16,-7.81959740915671e-09,-2.32416295271592e-07,-8.6570334359875e-07,6.63443261393843e-16,2.3696544221286e-06,1.23955415410538e-07,1.32237433240249e-15,1.71013056312059e-07,-3.5004994834457e-06,-8.96349450009625e-16,1.45632245161954e-15,2.30740837509125e-07,1.13407125167752e-07,6.82272182237708e-10,1.01141564169067e-06,-3.15399849487035e-07,-1.0393249554325e-06,-9.26237475850631e-08,-1.45718819478524e-06,3.16436341544568e-06,5.68374693013865e-15,-1.33189976832524e-05,-5.09990394211993e-09,-1.51082036389193e-08,-1.54883815883249e-06,2.25646529746343e-16,-2.81085229124077e-16,-5.84529228374616e-07,-1.64448364004041e-14,1.45849785251834e-14,-2.62771954474021e-05,0.00144559088591407,0.884632013525581,-1.71741832063641e-07,0.00103293542175039,-2.70941645305543e-06,3.0214474130704e-07,-1.50738627506919e-15,3.4270419040583e-07,1.43642590784409e-08,6.37807789922882e-08,-6.15977770473467e-06,0.000350142275358583,2.75407042911062e-15,1.45080494100049e-15,-1.65278511544809e-15,-1.2074673885596e-07,-0.00231376876039193,-2.92200283510483e-07,-2.55116139201496e-15,-4.16417838755131e-07,-1.13930055279146e-15,8.15364391037737e-16,4.81800347652608e-06,-1.0551531863763e-07,2.88462830011493e-15,-2.4731605120167e-07,-1.37526744682297e-06,2.80071965132136e-15,3.53426311965508e-07,2.59736592124415e-16,8.92349722974171e-08,-1.0925365368898e-15,8.86068924461613e-08,7.64196059397974e-07,3.04683168209539e-07,2.5777367048556e-08,1.74773519403853e-07,-5.79532982465863e-07,2.18034308384031e-07,6.12685630458753e-16,9.35363406319568e-06,-1.50103228112129e-05,-1.00954094338428e-15,-6.8528084575477e-08,-1.98357487310807e-07,3.16286389554721e-07,-7.57146837651285e-16,1.40819451934608e-07,2.04312238515307e-06,4.34049815196504e-16,-4.58026603496588e-07,-1.00902053540042e-07,-5.72254845989696e-08,-7.20699294992745e-16,-2.18913316531014e-16,9.00745596398448e-08,2.73457616806321e-08,2.20920916815582e-09,-2.51659020195915e-07,1.70411630586508e-08,-6.90267497204782e-16,8.39913708009537e-16,6.45718804674931e-08,4.47915293120609e-10,1.24062170449796e-15,1.85776535186475e-07,-6.13051404089329e-16,0.0235569944355917,-1.63126770745158e-08,-9.84312471926032e-09,-7.12871165261032e-08,-1.48974770077217e-15,2.74418009117526e-16,-8.28152050769646e-16,-6.76854439362156e-16,-7.82051343627572e-08,-1.71964640423394e-07,3.51937482142983e-16,-1.20137142478062e-15,-8.21900578910797e-16,7.09307676361792e-06,2.28748628337301e-09,-3.40810028903532e-07,2.06892272486287e-17,3.00782331306244e-15,-2.80087842567493e-14,-6.89021852009607e-06,0.16145204241709,2.36796724784103e-15,1.81295425193972e-09,-3.18915592063044e-07,7.00952437073316e-17,-1.41719860376841e-15,-3.4980803958239e-08,-3.65330228358697e-10,-1.95675437229439e-08,-1.48371119465147e-15,2.41282150117682e-08,3.62065826258363e-08,3.99867040620884e-08,-3.73646610209116e-08,-1.33723624487213e-07,1.14745008081942e-08,-6.19651938149921e-16,2.98256222213311e-15,-1.79439549396779e-16,2.22418536862379e-07,-5.68152668988814e-06,-1.09505443617094e-08,-8.61239819033437e-09,-1.70479581417619e-16,-3.30932777870578e-18,3.86240929032532e-17,-1.00525045599413e-16,-9.55973367187905e-16,4.50678281040715e-07,-2.89722291604221e-16,-2.54262619107461e-17,-6.61049442680463e-09,3.5431300189539e-16,-5.91672834913716e-09,-1.23071998060002e-16,-7.33375280661324e-09,2.27503830459873e-16,-8.84031173861441e-09,-1.10506698285744e-09,-6.96204566448447e-07,-2.9471081552587e-17,3.53191036427152e-08,7.2702640480062e-17,4.98466288253748e-08,-9.57747122590488e-07,4.81208712740141e-10,-3.069986494276e-16,7.00031833183927e-08,-1.85167235826942e-16,-1.71219736358942e-08,-9.66197849165376e-08,-2.96241029431207e-16,5.41958096556886e-17,1.34231444005653e-16,-7.90767950332153e-17,-3.23041691346011e-10,-4.20215234020012e-09,-9.37157764947375e-10,-1.75724390527931e-16,7.17503294647284e-18,-1.08331618379826e-07,5.55485511083496e-07,-1.19819530116704e-16,2.27796692033632e-17,-4.21388501201588e-09,-2.33741828994007e-17,-2.9817231237324e-08,5.38040926480069e-17,2.80291494901842e-07,1.03266338930753e-16,1.04156555015536e-15,-8.98017531662944e-16,3.61309496694741e-16,1.27803743636595e-16,-2.8685965495672e-16,3.69147611391976e-08,-2.58138176023829e-07,1.06725365406331e-16,-2.4710673334687e-08,9.38875257909326e-08,-2.18824201009202e-16,9.22070531499567e-17,7.07820937653615e-17,-2.32753878206419e-16,9.21175598319185e-09,1.47161509532076e-09,4.18699156924246e-16,-4.70594247235359e-16,-1.66919944954566e-08,-5.95349230168719e-08,-9.90413898049625e-09,-1.92918274079565e-16,-3.24629417793886e-17,3.55997936494937e-16,-2.1106181985901e-16,3.20286553108772e-16,1.73487234159231e-16,3.49238581786347e-08,-3.30186568036038e-08,-6.34683810910458e-09,-1.18207088823819e-16,6.53713673280002e-17,1.8004744264189e-16,-1.49505485027398e-17,-9.75966450214481e-17,-1.54458291442086e-16,-9.82668717119787e-17,-1.46068997814329e-16,-1.47586662881505e-16,1.13688232729665e-16,1.82873375314075e-16,-2.20232649213744e-18,1.38933770721243e-16,-5.60329576843534e-17,2.58462356319871e-08,-7.77244970877389e-18,9.91557700687897e-16,-4.57092047607389e-17,0.00199283271069793,-3.14441162316513e-10,1.35795681863596e-16,-6.13613388822441e-09,7.90805290485091e-06,-2.77180892636817e-16,1.17799707977491e-16,-8.09014326008497e-08,1.49449674928671e-16,3.85511816617458e-05,-2.93623268470018e-17,5.63426391618394e-17,1.5648563410364e-16,-2.83585946987628e-16,1.02212715162928e-09,-1.40349508512577e-07,9.08503820423122e-17,1.91123858192128e-16,3.59334686099894e-16,-5.27446729845947e-16,-3.18721557392848e-17,-3.71719783821267e-16,5.27699399121061e-17,9.44796278862684e-17,1.15161615655429e-08,6.47652874646064e-17,8.59175837463186e-17,3.22674544620671e-17,1.43805414031441e-16,4.35947400606676e-19,1.01624172532394e-16,-3.27788133067373e-08,-3.53956686290059e-17,-2.00179835941265e-16,2.44226694463563e-08,-8.5048904221937e-17,2.03547390812356e-16,9.40504034591878e-17,-3.53828697068374e-17,2.217845543298e-07,-4.91497850450481e-17,-1.48930476152206e-08,-1.64986128687365e-16,-7.68604005890955e-17,-2.33214616610438e-16,3.94230759462086e-16,-1.03689808349333e-16,1.07265349540187e-16,5.36588591442848e-10,3.31241648772313e-16,-1.02055457103568e-16,2.08513827039822e-08,-6.68290618032655e-08,6.83777496462267e-18,4.67258371677267e-08,6.8395062777996e-09,5.73658286228468e-17,4.83383002429709e-17,-4.10485337020419e-18,4.32286565518093e-17,-2.0336983209526e-16,-1.13885774130423e-08,-1.12205479243568e-16,-1.56921142698917e-16,3.9384694504506e-17,4.54943506274243e-09,-2.85682186379153e-16,-2.46646002326649e-16,1.50714959316492e-16,-2.95832429045231e-17,-2.06685885064192e-09,-6.61529979225818e-17,6.81611144666558e-09,-3.56146458920504e-17,-3.67973842277322e-17,-2.45379013123746e-16,3.10051980646476e-16,-4.22178594643448e-17,-8.98894392484312e-17,-3.45433097872268e-17,-7.41090487073866e-08,2.57884214272299e-16,-1.32241301358821e-16,0.000158306686667433,-1.32518111730153e-16,-7.16350481814946e-17,-1.70103851534622e-16,-1.45105536010135e-16,-4.32009323021674e-17,-7.97565258903049e-17,-3.25225105970793e-08,4.62500008151893e-17,-1.69272470996805e-16,1.86839478277304e-06,-2.02146895364751e-16,-1.42058941959432e-16,2.26379511862197e-16,1.04034302892661e-16,1.64895869761615e-16,2.69866571406351e-17,-9.6733155050219e-17,7.00018241447527e-17,1.56609047302102e-16,1.31430728336453e-16,-1.16576030529208e-16,-9.74226482154207e-07,1.15320920333263e-07,-1.4749216763956e-16,-1.7332226773138e-16,-7.19723629597889e-17,3.05128535644446e-16,2.69492002498428e-17,-9.43057123600355e-17,-4.43662121600989e-17,-1.76353773252984e-16,-1.4433407734782e-09,1.28346059271732e-17,1.22960035026483e-16,-1.30097279752672e-16,-8.06008852252956e-18,1.84276717220238e-09,1.34395961784654e-16,-2.00911185502272e-09,7.73911110519189e-17,-3.29311478673865e-16,9.88089427481134e-17,-1.73766911951913e-17,1.34724420849385e-16,-6.72117130838672e-17,-1.62008779530014e-16,-2.56100267245102e-16,2.34429915362181e-16,1.66499783710335e-16,-1.29643401233538e-16,-9.00608173435298e-17,3.01817590821671e-17,-3.39950253468691e-17,2.98259106672879e-17,-1.23264527065679e-16,1.25341009289297e-16,-3.54031117191389e-16,-1.31750878916322e-17,6.15554332246394e-17,2.0229518472685e-16,-5.0688413798932e-17,-3.57932312698682e-17,-7.11806114120205e-17,9.62901214319699e-14,1.37033403874517e-10,-3.10162803903165e-17,2.23318514332255e-18,-1.68323177604189e-17,-1.33022824879417e-16,-5.67066634853484e-17,5.92370204638002e-17,6.93002852227743e-17,1.12661309954852e-16,-5.9393225236075e-17,7.83253287768797e-17,-1.05776119200401e-15,8.2389312249846e-17,1.20594113494599e-17,1.04182460968244e-16,-4.73321150559876e-17,-2.35386355924016e-16,-3.87439681052805e-17,-1.75122766957913e-09,1.10690462554939e-16,-6.3464533441137e-17,-1.42198398899346e-16,6.15134866045497e-17,1.05307370529975e-16,4.79808152552824e-17,8.53256759218894e-18,1.86486490377766e-16,-1.39454173538232e-16,3.68477602139376e-10,1.50509195824293e-16,-1.87935189926159e-16,8.29900536425222e-18,5.20328718265337e-17,3.82027004094756e-17,1.37554114339076e-16,-7.79078983894335e-17,5.64267309915487e-17,3.503176520594e-17,6.5154186381267e-17,-5.96609052461275e-17,1.31104190609965e-16,1.12448000120582e-17,1.84671352791869e-09,1.1995493907703e-16,1.86510340985703e-17,4.32656765109575e-17,-2.07800898884003e-16,-5.54194486338153e-09,-1.83289537115462e-18,1.92144916505526e-17,6.08442422019106e-17,-9.31583118397191e-17,-5.46566069200924e-17,-1.07686884140226e-17,2.61689903596418e-16,4.83852012419005e-17,-2.60939252951719e-18,8.64164474837565e-17,-6.77124767619486e-17,2.17233501070585e-17,-1.06239469061479e-16,-1.10699952701533e-16,-1.3231487689154e-16,3.57731901242132e-17,-1.43288539638503e-16
"t276",-0.0375260047102536,-0.0102288904755396,0.00129116675528606,-0.115167379644726,0.023269626525878,-0.00497435474816715,0.0267329719768104,0.000437376913099942,0.00015999111434106,-0.000592440372464422,-0.000299765345935559,0.138299492785441,0.0565800394325039,-0.00432982371323543,-0.000355046669714104,-2.4420915010602e-05,-1.88707986264334e-05,0.000282811717383784,-1.86533695304786e-05,3.21954428796153e-05,-0.000916687883315792,0.000349161073230091,-0.000995708780091578,0.0236336680173708,0.00727463812080624,5.42631227644765e-06,-3.41347632720196e-05,4.94366284811335e-05,-0.00168976717893875,0.00216828464305408,-7.213427458005e-06,1.41707646178627e-05,-0.00786450946075908,-7.75790999499972e-05,1.41791708667237e-06,-2.80527117257861e-06,-0.00025317613365479,9.52955152804854e-07,8.09931925833105e-06,2.4071956545954e-06,0.000142190688903351,-2.17997117021204e-05,0.00879827564671374,5.19958280246323e-05,0.000387580028779246,-1.92906173763625e-05,4.97350952133449e-05,-0.000443331790021853,6.22429226762553e-05,-0.00019609671806077,0.0843483178717369,0.000238618875799663,-2.8850993287153e-07,0.000289547246285639,-6.73016196840472e-06,6.42391181379302e-05,-6.91481308058629e-07,3.45231025034991e-05,-1.13099764276097e-05,5.67069537608852e-06,2.32358325090028e-06,-2.06451494231613e-07,3.2145376038281e-06,-1.27054951307538e-06,-1.26587256425806e-07,0.000236406944414352,-6.263502204411e-08,2.61387070743561e-06,-7.57487282964118e-06,3.23714639126726e-06,-4.9983961261971e-06,8.57065110319354e-06,-3.9141948944507e-07,-2.95174574223674e-05,1.23082443665993e-05,1.18552410138018e-08,-6.63822077780568e-05,1.23677414513854e-06,-4.52348182185998e-06,-5.31801185668082e-06,1.56127291377282e-06,2.33899887228918e-05,-2.90811395117333e-06,-1.83003679516601e-05,1.14223855564795e-06,0.000245808082711859,-1.51307070926731e-05,-2.71625207868159e-07,-8.89746693814713e-08,2.32415281634451e-05,-5.73478511748748e-07,1.43396896599003e-07,1.28818102926788e-06,-0.000130131175778913,-4.35489147460067e-08,-1.38742116977965e-05,-3.13418495606008e-06,7.17129467779663e-06,-1.04536614516116e-05,-2.23222948050137e-06,-3.38647129614742e-07,2.5918993044234e-07,-4.16452883354846e-07,-1.7975454115647e-06,1.20176420181741e-06,-3.41070920641664e-05,0.000508125708534959,-0.179983464054655,-4.81106573288446e-05,4.93979756236174e-06,1.86319906593684e-05,2.54322964368677e-05,-4.10549653426311e-05,2.13565421731688e-05,-1.0196591296651e-07,3.50040700320564e-06,-4.9580847357699e-06,4.79586718889498e-06,-4.54386172688877e-06,1.07343707144378e-05,-3.93347530354004e-05,8.97209253994268e-06,-8.2704935904419e-06,-2.2700973066657e-05,7.36416473830492e-06,-6.87021717376805e-05,6.96390961823151e-06,-2.1653747268639e-06,3.93341060426713e-06,0.000129602568751767,-4.07849926994514e-06,1.16804842870989e-05,-2.27830003764741e-05,-2.77216210818905e-06,9.83898491212336e-07,4.53769696412485e-06,-2.56237784272336e-08,-1.67813133679774e-05,5.10161936438477e-06,-1.46671544353926e-05,-9.34703345022552e-07,-3.61420639841633e-05,7.0495485447491e-06,4.49618905550063e-07,1.41846565458664e-06,-8.88413185154796e-08,-4.07905096334261e-06,6.14581114444622e-07,4.00761396954439e-08,-9.84347272492687e-08,-1.52913925231727e-05,-4.55185390546722e-07,-9.75253240454267e-06,3.65030906732147e-06,-1.07599088300066e-06,-9.40208985555312e-08,1.4140256117384e-06,-0.000155988948772992,-4.95494311869488e-07,-1.67425020083531e-07,-0.000149056039846036,1.83564943970764e-06,-3.13876710676792e-06,-0.00314865819693609,1.0345743550425e-05,-0.00168879841563221,3.03628917062629e-05,5.79450376537351e-07,2.96980148494396e-05,7.34687038241515e-05,-0.0466033290571688,0.00128608339946231,-1.05126618304197e-05,-3.45086837854286e-06,-0.0982963354043788,1.39419623731489e-06,9.16459937510862e-05,2.68111867256772e-06,1.69893910467356e-06,5.519090581457e-05,-3.75356778252401e-05,-0.000917356836642298,-1.54118718507007e-06,-2.02989994011401e-08,-7.98669848146655e-09,6.15211185826973e-08,8.03770957274889e-07,-1.17424345148706e-07,-5.11106898547369e-07,2.99405464913107e-06,-2.56549768116881e-09,1.96257060982189e-08,9.62620426357878e-08,2.50642770836338e-09,2.37310783635503e-08,-4.4368431060586e-08,-8.55994449808015e-08,-4.72382172888188e-07,5.75102614485506e-08,3.01169441858188e-08,3.02621126400536e-08,5.33194172341946e-06,-9.09909435506074e-10,-1.91547826704431e-06,-2.63898376337725e-07,-9.23060527623779e-06,1.71038667283601e-07,6.43555465476667e-06,-1.34051213679182e-06,-1.00250552408148e-07,-9.54064781451703e-06,0.00033212370209827,-3.61018352259773e-05,-3.53651434347346e-07,-2.24063619936601e-07,-2.64400471740211e-07,3.57193747047997e-07,3.01448639411849e-08,-4.33869371691156e-08,-1.53548843418814e-07,-6.88973253230935e-07,-1.38566938266294e-06,-1.43498269811332e-07,-8.37030070279108e-07,6.35582021375467e-07,3.87228634462619e-07,4.26058146393943e-06,7.24190454425601e-07,2.0910005596244e-06,4.31829962463398e-06,-0.000197878291646871,-0.217831435334586,3.99408295225815e-06,5.32703712618136e-06,-1.13724969919012e-07,-1.48929074718728e-06,-6.70265323588433e-06,-6.09162402914378e-16,-9.11202629208681e-07,6.78289797830621e-05,-1.93692354773334e-06,-3.83542347983292e-05,-7.11287345456604e-06,8.59816979659462e-06,-2.52402767576078e-06,0.00011058257774218,-2.80004278032186e-07,4.2982290524645e-08,-0.396129389611794,-4.88925649646561e-05,1.02953665143204e-06,-0.000123400616357957,3.30353911074606e-06,-3.50849849905458e-07,1.66160527249545e-08,-9.86436217489767e-07,5.4897298660538e-07,-5.22277398618278e-06,-1.16038491807229e-07,1.81559417115893e-08,-2.90605186412307e-07,5.12168241157156e-08,-5.2376226105121e-06,5.44284682098787e-05,-1.08318793725894e-08,3.56048126048164e-09,-9.11072679243571e-11,2.5379489021994e-09,-3.59792616113223e-08,1.2807060683313e-09,6.78692421807679e-10,-2.75979997258886e-09,7.18600036666351e-06,-1.59068449546005e-06,6.63876615607189e-07,-0.000628286560525108,-1.01811447429891e-06,-2.41406358985771e-08,1.86291824177864e-07,-2.39764329018732e-06,4.48441284158803e-08,1.80730880289001e-16,-1.32265218758148e-07,-4.61404315722669e-09,-7.25096067925404e-11,-6.93803947151639e-07,8.21315566137322e-09,-5.22645873982056e-09,-1.23718096965439e-07,1.59108622800765e-08,-1.27586486934082e-07,3.34775768622308e-07,1.26026706992778e-08,-1.20083754174376e-08,1.56823686699092e-07,-1.91286165880656e-07,6.95429504221681e-06,-1.00838577736004e-07,1.45371876471021e-06,1.20964580394512e-08,0.00323178066901769,2.50323207081574e-07,-2.16093223570284e-06,8.19120721271735e-08,-1.96690647042039e-07,2.65615655207178e-07,-9.64823267661505e-07,6.14553087305974e-08,5.562525753189e-08,4.28065458675437e-07,-2.09240573012496e-05,-5.69683953473153e-08,1.37206430555688e-05,-3.04318170725554e-07,7.52972868415739e-09,7.01374104611252e-08,-1.36412485821563e-07,-6.18178002767065e-17,4.14408012364053e-10,2.79014003953477e-06,-1.58374092285972e-07,1.16765436267129e-07,3.04976489455245e-06,3.04508208930479e-08,7.07306419704755e-08,-1.03595824451933e-06,3.85678332754408e-07,3.38513297680074e-17,-2.9644658038467e-07,-3.615066288608e-09,-1.01154342905681e-08,5.37233756361746e-07,7.61719746733888e-08,-5.14698700548714e-09,-1.97331370216987e-07,5.27723729542935e-08,-5.03910118616863e-05,3.25040475149583e-07,-6.630460637427e-08,-1.20049314298508e-07,-6.35118189974141e-09,-6.27460965238303e-09,-1.19727959745849e-07,8.00712640077627e-07,-1.29914282142145e-07,2.72823712003349e-16,-2.65554565487185e-06,2.08605005976031e-07,1.74596634654775e-07,5.28176197888085e-08,-2.47837834703312e-07,-5.24859468937481e-07,4.84792895736562e-05,-9.47457789203646e-06,-4.42012089752268e-08,1.20662987150181e-16,-8.25701036236153e-08,-3.6678042891202e-07,-1.04979175842972e-07,-1.27033089763515e-16,1.98449762317543e-07,1.99772376176988e-06,-3.04731153678196e-07,-1.62116940492476e-07,-5.40638284522335e-08,-2.8931970954624e-08,-1.03473173691032e-06,2.88758539299809e-08,3.06905849146824e-07,1.43441641632833e-07,6.31462035467533e-08,6.36941153789607e-07,1.72630343313096e-16,-2.54142524276218e-07,1.19448305270099e-07,7.75320609468652e-07,-7.85736062578034e-08,2.20340737750454e-18,-7.74715113419602e-08,1.0275927223314e-07,-3.61795628673254e-08,-3.24421989019077e-08,-8.30088666218386e-08,6.28009722716044e-07,-1.25753967938422e-06,2.26419306664918e-07,-1.98392418887303e-16,2.36672510556021e-06,-4.41132452296023e-06,0.00952558870981328,-2.11104458252512e-06,1.95708314628916e-07,9.71782261312213e-10,-1.99059518868339e-16,-6.41271070865402e-17,2.54579237444962e-10,6.44902239295867e-08,-6.77780030109054e-09,-3.64150452244881e-09,8.37132124913386e-18,-9.00458498522155e-09,-1.28313228741364e-10,4.00794050710547e-16,1.14251247106546e-16,-5.98773142095229e-17,3.59603423193663e-08,1.0820223037836e-07,-1.6533543923021e-07,1.01058607801798e-07,5.05519070558406e-08,1.06894605957901e-07,-5.15983994475057e-07,-8.35359595962582e-18,-1.16975924711202e-07,2.07919610623624e-07,-6.23634189269788e-16,-7.66194756593046e-17,-2.12209370129354e-07,-1.03294033099598e-11,-7.90574202440222e-08,6.17914795844027e-08,7.79176256265541e-08,-4.18944379663334e-09,1.13185552355153e-16,-1.40811378682901e-08,6.6300132561342e-16,-4.78925573386055e-08,5.43127690174824e-16,-8.69064508682781e-08,-9.45202757386642e-17,6.77577503790635e-08,9.36748267918941e-08,5.559060402322e-09,7.32837787638959e-08,7.15053860076709e-06,-2.85540963328313e-08,5.15351072194096e-06,8.88450849220664e-09,4.32146891942105e-08,3.96820805100239e-09,6.17162053974047e-08,-2.73903332437641e-07,-4.20344047242962e-08,-3.38599762963073e-09,-8.06115839870102e-08,-4.74041068927249e-16,1.18695187804184e-06,-2.02080119432182e-07,1.20294430781042e-08,1.19594912925003e-16,1.5725425779372e-09,4.17837626590522e-08,1.4818042894187e-07,-1.95019519791931e-16,-3.95364619333202e-07,-1.86429075499799e-08,-1.16973086111299e-17,-2.44042209205898e-08,3.55390854441881e-07,1.57285828554828e-16,-1.22207391258103e-15,-2.021563385427e-08,-9.80055336563154e-09,-5.52317999341990e-11,-7.56365153979571e-08,1.9488571152946e-08,6.3116463743716e-08,5.4872711923943e-09,6.45118912128476e-08,-1.06462577640829e-07,1.45452836515687e-15,3.99400841871659e-07,1.49827164637403e-10,4.12257773364602e-10,3.85104677624813e-08,-8.44760183573468e-16,-1.06077565369036e-16,1.26891650117103e-08,-1.73025243331671e-16,1.58871483291246e-15,1.61052506492605e-07,-6.03662187366482e-06,-0.00365990634523159,1.09521756525432e-10,-2.52470422234268e-07,4.41066719057853e-10,1.03654675468489e-10,2.37790317611013e-16,1.16668103220465e-09,5.02229075484923e-11,2.22081082689585e-10,-1.89434935643493e-08,2.95535652434504e-07,-1.52619252789001e-16,3.38293494300071e-16,2.50998316355869e-16,7.24269043685016e-10,2.40642374532885e-05,3.14800941797564e-09,1.1544336877548e-15,6.66012456998943e-09,-1.16688886960018e-15,3.62968381038964e-16,-2.46619552833249e-07,5.46295416303399e-09,-1.96565853871622e-15,1.58523366011176e-08,9.9098084492577e-08,7.36477818844223e-15,-3.19231559550454e-08,-1.41362743196071e-16,-1.03801649083681e-08,9.70538448536129e-16,-1.05351816863311e-08,-9.2407594920848e-08,-3.75486126334609e-08,-3.2613843871929e-09,-2.34458034775358e-08,9.62422525967842e-08,-4.81482660112135e-08,-7.55004368407283e-16,-2.91031465882793e-06,4.84280803130343e-06,4.64721047545499e-16,2.32026058710032e-08,7.33379687368653e-08,-1.26620676028771e-07,-1.81644579576926e-15,-7.42395767666816e-08,-1.13883000366466e-06,-4.86075562519381e-18,2.75161885303667e-07,6.29247749955545e-08,4.1114802216475e-08,1.11229932392653e-15,-1.77094519397897e-15,-9.27961344352224e-08,-3.33845722452806e-08,-2.79718349115477e-09,9.01555413083124e-07,-8.02479438808538e-08,2.01378643342162e-15,-1.99186221315647e-14,-3.83560168286023e-07,-2.74986783168595e-09,-4.26694939205292e-14,-2.00950208418128e-06,1.15241281950863e-15,-0.838855518030025,-2.95697815679213e-07,-1.61657202235355e-07,-8.57252726583021e-07,-5.01463893698225e-15,2.98865695267468e-15,1.2010024772332e-14,-1.67164298268429e-16,-2.85853003248455e-07,-5.94909542386272e-07,-2.33857066489496e-15,6.08980492575056e-15,-2.81169061696595e-15,2.04796745003184e-05,6.14449701058376e-09,-7.57413292907904e-07,-7.65066320670504e-16,3.1518104437662e-15,8.43964993919345e-15,-1.85334202740098e-06,0.0140008640419819,-2.6040028764992e-15,4.21690587650057e-08,-1.71581787504042e-06,-2.99166371039242e-16,1.68095012582877e-16,-1.01079959728061e-07,-1.03048470005204e-09,-4.80777496352374e-08,5.17438857422103e-15,5.11420797750803e-08,7.23529796385227e-08,7.47323644308236e-08,-6.49266863760463e-08,-2.28467340862589e-07,1.90372832748184e-08,1.66767349157096e-15,-3.27384927318202e-15,3.49055312860616e-15,3.24940305034335e-07,-8.28737900276862e-06,-1.57717451575461e-08,-1.17275377649344e-08,-1.42403682268265e-16,2.53176520717745e-18,-7.1715612876338e-16,6.71100918102218e-16,-1.27281435989036e-15,5.8517050887288e-07,3.38029022100762e-16,-7.53998948987615e-16,-8.44506992784321e-09,2.04715685260326e-16,-7.55247724460633e-09,1.03791475039131e-16,-9.34821251331298e-09,1.37238461146844e-16,-1.09875794902456e-08,-1.36584729877081e-09,-8.5345292717639e-07,-1.18756665739521e-16,4.28803643359588e-08,3.09171727130222e-16,5.93478330286267e-08,-1.11495551904324e-06,5.59686535855321e-10,-1.1004079408535e-15,8.07534915565118e-08,1.69008435963243e-16,-1.95130663915071e-08,-1.10050055243379e-07,-7.79011053762871e-16,2.81867828721853e-16,4.74301132282367e-16,2.1235454313974e-16,-3.64557202787859e-10,-4.73109573726853e-09,-1.05230942475346e-09,2.25738280409641e-16,-3.45929177873514e-16,-1.20185280868449e-07,6.15953103053925e-07,4.98184240593971e-16,-1.57220660047349e-16,-4.61019570522932e-09,3.93219726078577e-16,-3.25344683833999e-08,4.25465056511026e-16,3.03586181600694e-07,2.35686863933702e-16,4.53513339530808e-16,-1.47827333278473e-16,-1.61052893734577e-15,-3.80567173579509e-16,4.46735081991664e-16,3.94474531467478e-08,-2.75803560693251e-07,1.11159567692084e-16,-2.62892693200473e-08,9.97132315535019e-08,-2.75661543771277e-16,3.9860861268956e-16,-1.44401617344201e-17,-7.36528913813143e-16,9.71462275682555e-09,1.54953133424557e-09,2.66981789680383e-16,-4.53784524737892e-16,-1.75458965510707e-08,-6.25668292581737e-08,-1.04008895310108e-08,-1.05286457217523e-16,-4.96448356533344e-18,4.27961683497255e-18,-4.30266404569642e-16,2.59824421041523e-16,-2.84933076987987e-16,3.62749664966297e-08,-3.42637293677609e-08,-6.58008790090445e-09,-9.50230713417515e-17,-1.56246475566076e-16,4.31553973663451e-16,-4.42621509849428e-16,2.22239281557415e-16,-5.62401493851097e-16,-4.57399636321381e-16,3.52561038082163e-17,5.54156592482135e-17,2.94510950033017e-17,4.2850031600557e-16,-3.08554484274382e-16,-5.01009661724059e-17,3.95063715918215e-16,2.6430214319523e-08,1.66681797511292e-16,1.58858986312918e-17,6.07014160106123e-17,0.00203461677171614,-3.20918597778373e-10,-6.90157214937013e-17,-6.26114113474887e-09,8.05409688237205e-06,-6.86980335353468e-17,-1.63225606784185e-16,-8.2212002946367e-08,-4.02273966736496e-16,3.907435810812e-05,-4.35927283622918e-17,-2.42149427199976e-17,3.42547822660245e-15,9.24861492662332e-17,1.03208025132966e-09,-1.41681541305965e-07,1.14425729396638e-16,7.77847876640628e-17,3.24077846751071e-16,-6.4593457997795e-16,3.55150750388361e-16,1.55691765117559e-16,-2.85420338818186e-16,1.86391150647581e-16,1.15006549795084e-08,8.61830797625033e-17,9.50612399947659e-17,-1.76911021360028e-16,-6.98260020883876e-17,-3.51078683394905e-16,2.08078792758538e-16,-3.26722466469641e-08,-4.63492145985456e-17,-2.17788141352758e-17,2.43350568802491e-08,-9.78259429555864e-17,4.21694322407247e-16,3.51231554624943e-17,-1.28605057706358e-16,2.20182589256192e-07,7.50021573226858e-17,-1.47766254495277e-08,-3.65497108490583e-16,-1.94114532470267e-16,-3.20982950418969e-16,-6.74011604996363e-16,6.28069929638363e-17,-1.18237699563843e-16,5.31769639325106e-10,-6.40898052790018e-17,3.85565638064123e-16,2.06464662663053e-08,-6.61695063169284e-08,-1.17196858295961e-16,4.62319971547289e-08,6.76575623972418e-09,-1.42546145435366e-16,-2.04866026843315e-16,-1.49260512626784e-16,9.52750858380626e-17,-6.77361200481213e-16,-1.12329466141524e-08,3.50924559368403e-18,8.71621242492209e-18,-2.68350784621673e-16,4.48425341574964e-09,-3.98713123954458e-16,-1.58147606700224e-16,3.28920582036615e-16,-7.85828779879983e-17,-2.03553358702529e-09,-1.7515802273299e-16,6.71113303243764e-09,-1.84985945126724e-16,5.48850385102161e-17,-2.1930672052369e-16,-2.07089638303937e-16,-6.82944114666973e-17,5.70686230960592e-17,-6.79586927117955e-17,-7.28771401714261e-08,-6.17834384599851e-16,2.8720262366243e-16,0.000155630288297646,-1.04035338856914e-16,2.83729709161408e-17,3.34189339763275e-16,-1.18028926332796e-17,4.71300714637025e-17,-7.8197837885399e-17,-3.19452616417348e-08,-1.21733987963493e-16,7.18651810618493e-18,1.83456917318133e-06,-6.07171184913284e-17,1.69776679649685e-17,1.03742256882674e-16,2.08953927933491e-16,1.1323941409052e-16,-4.47443260506349e-16,-2.73265816865411e-17,1.88502986832608e-17,1.20207086266454e-17,-1.32991078316365e-16,-5.64545692953539e-20,-9.55423666857227e-07,1.13079955425246e-07,-4.9036230554325e-17,1.27866353450529e-17,-1.65356091037613e-17,1.11845246547234e-16,9.27907653058141e-16,-8.47138345484215e-17,-7.02018352119553e-17,2.56369607778799e-17,-1.41435201920547e-09,1.12310614498369e-16,1.19744639609692e-16,6.10319289489577e-17,-9.5103094118863e-17,1.80482341113506e-09,5.97736521527931e-17,-1.96669535398097e-09,1.96519254863416e-17,9.51759939907181e-17,1.40807810061255e-18,-2.31190248338211e-16,-5.02302147146796e-17,-7.72218004385609e-17,-3.54841074752134e-17,2.0599811786727e-16,-1.58236657288821e-16,-8.63254613488888e-17,1.4430387620017e-16,-3.81981238489844e-17,-2.42006100862811e-16,-2.66706935147453e-17,4.62095080116004e-17,-4.503939806843e-16,-9.85997888536038e-17,1.29074919641892e-16,1.67389274372772e-16,7.266364326394e-17,1.91890232002778e-16,-7.23615791731257e-17,-1.42456652662245e-17,-1.16496896906004e-16,9.40571911398178e-14,1.33933357871252e-10,-3.92227318694118e-16,9.23074964145175e-17,1.16797668647574e-16,3.36573448439117e-17,9.69084671085168e-17,-1.49608641999169e-16,-2.91070104005384e-16,-1.24920037897934e-16,9.21439387506814e-18,9.45815567888984e-17,2.84162613144873e-16,1.39147044026429e-16,2.45812781387375e-17,-1.88793074030757e-16,1.79892743915271e-17,6.22264609724837e-17,-4.81685014582284e-16,-1.71037827940533e-09,-5.30305396355332e-17,-9.56245494343024e-17,-4.20984767344886e-17,-1.76416184698317e-18,1.62511742309991e-16,-8.42460394773604e-17,-9.25434655990106e-18,1.62164805583473e-16,5.10393260394693e-17,3.59697996357266e-10,2.48849009942111e-16,-1.25543983739722e-16,-1.56857240117431e-16,5.11102519860419e-17,1.06133780304399e-16,3.02454271776905e-16,-5.96889486404736e-17,-7.0103249994586e-17,8.87179611512815e-17,-8.19125544652093e-17,1.11361854688295e-17,1.31083379663699e-16,-3.94538160247971e-17,1.80214968157089e-09,-1.29700051998555e-16,-7.59560159936689e-17,-2.75972541834116e-16,-3.80521081224522e-16,-5.40775351591566e-09,1.25515784277969e-18,-5.99757829018281e-17,-9.1025253718182e-17,2.10963494293462e-17,2.03378655015534e-19,5.5590366024885e-17,9.22659408544596e-17,5.75067431305728e-18,-1.54917784120065e-16,-1.9893810778939e-17,-1.59576909149706e-17,1.78590775701283e-17,-2.21397457989951e-17,-2.80841758949822e-16,-3.32408730776267e-17,1.19264721913363e-16,8.12617911673077e-18
"t498",-0.0375337731045945,-0.0102333510149592,0.00129174799246201,-0.115236842368092,0.0232868057811623,-0.00497866211845369,0.0267565741236902,0.00043779371528986,0.000160171111370889,-0.000593248116108169,-0.000300283407443055,0.138593688712569,0.0567038992175512,-0.00433944482601606,-0.000355869790082327,-2.44808515063653e-05,-1.89182124088009e-05,0.000283535088238086,-1.87021781588916e-05,3.22869122690216e-05,-0.000919503288319143,0.000350453415830996,-0.000999598890862368,0.0237265244230355,0.00730333157641841,5.44872636752404e-06,-3.42774134350332e-05,4.96450626600771e-05,-0.0016970808650226,0.00217934854720302,-7.25265030687802e-06,1.42512823742654e-05,-0.00791238155395771,-7.80734369316972e-05,1.42740726033919e-06,-2.82552528177998e-06,-0.000255026914932247,9.6003055568624e-07,8.15985704924102e-06,2.42545178058654e-06,0.000143299572314979,-2.19737736241178e-05,0.00886955703139706,5.24175905761838e-05,0.000390777844296154,-1.94597680987327e-05,5.01791384041441e-05,-0.000447323313742287,6.28164974558475e-05,-0.000197948909968365,0.0851710550644519,0.000240980893578582,-2.91371928433676e-07,0.000292471931047247,-6.80054179627548e-06,6.49143696623916e-05,-6.9942997855813e-07,3.49293239932091e-05,-1.14434238650039e-05,5.7414101137101e-06,2.35374784354493e-06,-2.09184212796008e-07,3.25775275228878e-06,-1.28769668480464e-06,-1.28344802228047e-07,0.000239772011532129,-6.35752224721907e-08,2.6540237378145e-06,-7.69246665857352e-06,3.28835188072775e-06,-5.08525993060953e-06,8.72985795828153e-06,-3.98762873597901e-07,-3.00825300567533e-05,1.25444609211601e-05,1.20847297516267e-08,-6.76715921607599e-05,1.2611985627119e-06,-4.61614732331397e-06,-5.42854171028437e-06,1.59452046164416e-06,2.38906776009274e-05,-2.97272937082118e-06,-1.87114804990909e-05,1.16910500969325e-06,0.000251660783757323,-1.54953996053204e-05,-2.78185031064376e-07,-9.11245349677148e-08,2.38038296524167e-05,-5.87417221053185e-07,1.47033889251632e-07,1.32097857785758e-06,-0.000133529700720544,-4.47355733179311e-08,-1.42546425324732e-05,-3.22014935201031e-06,7.37110878217764e-06,-1.07466231993704e-05,-2.29615280134916e-06,-3.48513963400786e-07,2.66753224344295e-07,-4.28626049235555e-07,-1.85415557104562e-06,1.23981627522568e-06,-3.51915759607884e-05,0.000524402523205402,-0.185760780201624,-4.96606047001919e-05,5.0998162752022e-06,1.92366291286799e-05,2.62663610862198e-05,-4.24030693582753e-05,2.20771558761872e-05,-1.05426172927829e-07,3.62067917216114e-06,-5.12938591748143e-06,4.96407451042354e-06,-4.70552165951787e-06,1.11203646867062e-05,-4.07576985110331e-05,9.30337729447901e-06,-8.57988277756669e-06,-2.35506107852547e-05,7.64030005788017e-06,-7.13125894578738e-05,7.22880051444612e-06,-2.24867128947208e-06,4.08956290725244e-06,0.000134749439327644,-4.24087659072658e-06,1.21551969204804e-05,-2.3712640377501e-05,-2.88560426419336e-06,1.02463663134055e-06,4.72588369876051e-06,-2.67126582674535e-08,-1.75082947678763e-05,5.32839289032435e-06,-1.53195974517416e-05,-9.76463269180149e-07,-3.77603645879009e-05,7.3663218391575e-06,4.69849997532547e-07,1.48229221555712e-06,-9.28776544038607e-08,-4.26792668685182e-06,6.43584155366713e-07,4.19762802950854e-08,-1.03150006382315e-07,-1.60244858372114e-05,-4.77092752598781e-07,-1.02229795030749e-05,3.82685144935764e-06,-1.12926867417883e-06,-9.86937003537637e-08,1.48448705759133e-06,-0.000164227197809882,-5.22024418481669e-07,-1.76408185398707e-07,-0.000157146067829877,1.93551321615914e-06,-3.31202972828447e-06,-0.00332277284221864,1.09259297486604e-05,-0.00178478440656354,3.21555651831887e-05,6.1370729711059e-07,3.14543476019805e-05,7.78358400078759e-05,-0.0493900471595414,0.00136305245839992,-1.11492093602947e-05,-3.66058309990647e-06,-0.104316959363373,1.47975440667611e-06,9.72755953215767e-05,2.84880701731667e-06,1.8071660881359e-06,5.87177574698738e-05,-3.99414778821692e-05,-0.000976672174874516,-1.64117495360904e-06,-2.16202797391276e-08,-8.5081720214402e-09,6.55797620118802e-08,8.56932519277581e-07,-1.25362466443712e-07,-5.45683560274141e-07,3.19807528367697e-06,-2.74379999029637e-09,2.10119504013543e-08,1.03099240424086e-07,2.68592083100388e-09,2.54409376657357e-08,-4.76233268046789e-08,-9.19034474144572e-08,-5.07456158138857e-07,6.1797765203674e-08,3.24328535539888e-08,3.2592540619303e-08,5.74787500005741e-06,-9.8178707920876e-10,-2.07135240779443e-06,-2.85376303895291e-07,-9.9838952435096e-06,1.85112418071604e-07,6.96812561919901e-06,-1.45312468849836e-06,-1.08828516161107e-07,-1.03690103994494e-05,0.000361089699772881,-3.93142002710574e-05,-3.85468104938071e-07,-2.44227602444811e-07,-2.88398082564648e-07,3.90314844876429e-07,3.29514897188513e-08,-4.75145165468036e-08,-1.68373525954274e-07,-7.55829450768097e-07,-1.52294523184184e-06,-1.57784085079154e-07,-9.20805964572088e-07,7.0023324833287e-07,4.26745582623046e-07,4.69572269495725e-06,7.99456844468233e-07,2.31061956703699e-06,4.77715573203441e-06,-0.000219015181625262,-0.241226089003235,4.42521568339396e-06,5.90287593527137e-06,-1.2618124575057e-07,-1.65374837979731e-06,-7.44934665930551e-06,-6.38088423866944e-16,-1.01399487730837e-06,7.54998685278191e-05,-2.15976850390729e-06,-4.28252325045803e-05,-7.95098802997472e-06,9.61194947919575e-06,-2.8275733213091e-06,0.000123925537628157,-3.13841181381449e-07,4.82142708707379e-08,-0.444584215491163,-5.4926590239193e-05,1.15709653200429e-06,-0.000138714780005534,3.71715336727327e-06,-3.96415826363768e-07,1.88018724385993e-08,-1.11758656230875e-06,6.23653470550458e-07,-5.9344169879005e-06,-1.32102578199923e-07,2.06917423058615e-08,-3.31706593112814e-07,5.84897524347195e-08,-5.98450913471216e-06,6.22352295597951e-05,-1.23989058633469e-08,4.07607280990218e-09,-1.04589446146803e-10,2.91370293844185e-09,-4.13091000465145e-08,1.47153788498189e-09,7.80041071425447e-10,-3.17477384932912e-09,8.26790148990292e-06,-1.84025400922979e-06,7.68505634212776e-07,-0.000727660435172218,-1.18046815038343e-06,-2.80154307819476e-08,2.1663578820803e-07,-2.78984781686912e-06,5.22044239501774e-08,-1.41064979320451e-16,-1.54226080192655e-07,-5.38130641690023e-09,-8.46268436907428e-11,-8.11106326795062e-07,9.61569614679982e-09,-6.1231983833443e-09,-1.44994934043035e-07,1.87305145649541e-08,-1.50240404817107e-07,3.94248596772531e-07,1.48612610929231e-08,-1.42145381880488e-08,1.85758786887028e-07,-2.26685015811876e-07,8.25391492462685e-06,-1.20398424145082e-07,1.74011977636749e-06,1.44817732930412e-08,0.00386923143728797,3.01627857233732e-07,-2.62379771996785e-06,9.95562481268682e-08,-2.39408204908216e-07,3.23880428097705e-07,-1.17711307943657e-06,7.53270766305874e-08,6.82052146912799e-08,5.25216609207301e-07,-2.56843125559876e-05,-7.0031806400363e-08,1.68945854198512e-05,-3.75287202913516e-07,9.29192855785861e-09,8.66505384366575e-08,-1.68942330134991e-07,-7.82005574621387e-18,5.21207099925435e-10,3.51477735617275e-06,-1.99983801870287e-07,1.474537624274e-07,3.8515942049207e-06,3.84794843742638e-08,8.94792143079315e-08,-1.31230632095903e-06,4.89892548653963e-07,-2.95979244690146e-16,-3.78945781967174e-07,-4.62480426125471e-09,-1.29630442711657e-08,6.88612584884094e-07,9.80551318844156e-08,-6.64152534973224e-09,-2.55501981098502e-07,6.84912214159159e-08,-6.57409817059418e-05,4.26116110779324e-07,-8.71960913730213e-08,-1.58156409591048e-07,-8.37654079158703e-09,-8.29201120901503e-09,-1.58257484767893e-07,1.0598901977768e-06,-1.72155542384746e-07,-3.11442274740507e-16,-3.5485824761763e-06,2.79249622628342e-07,2.33728295222767e-07,7.106514425761e-08,-3.33719289706208e-07,-7.13557372601483e-07,6.60926891073107e-05,-1.29240139630695e-05,-6.04206834997805e-08,-2.2049455202488e-17,-1.13142179744201e-07,-5.0303819346562e-07,-1.44469682741546e-07,1.6690753983121e-16,2.74120814180468e-07,2.76191994929998e-06,-4.21494655509465e-07,-2.24448547815585e-07,-7.49705346763704e-08,-4.01685669580564e-08,-1.43796322718098e-06,4.02421646935955e-08,4.27856170673115e-07,2.00363321372156e-07,8.8511199939813e-08,8.92951139226146e-07,9.47093589322148e-18,-3.58762303745984e-07,1.68825230957238e-07,1.09877359113769e-06,-1.11813711959742e-07,-3.34647777688741e-17,-1.11248178693504e-07,1.49110424479397e-07,-5.27512105791306e-08,-4.74087845942231e-08,-1.2163396215644e-07,9.24936050975008e-07,-1.86777191808249e-06,3.43636294926102e-07,4.08258851294571e-16,3.66473885213219e-06,-6.8429428840153e-06,0.0148320772645267,-3.30446688203745e-06,3.06471786956437e-07,1.52406818293742e-09,-1.16768573976689e-16,-1.64715437691269e-17,4.02780486746627e-10,1.02829580782503e-07,-1.08177749221755e-08,-5.85354334154156e-09,9.44266935331364e-17,-1.47077332501418e-08,-2.11115025030954e-10,-1.16074459514857e-16,-1.37031333094283e-17,-1.59798318270944e-17,6.05813587835034e-08,1.82852184538632e-07,-2.82460876881971e-07,1.74287013567047e-07,8.72800656088953e-08,1.86470949644225e-07,-9.01186349303434e-07,6.94840406830677e-17,-2.08779290721201e-07,3.74033008506637e-07,2.71707552298437e-16,1.5399851582256e-16,-3.94251607453951e-07,-1.9346955479916e-11,-1.49720916758964e-07,1.179113759443e-07,1.50905789465004e-07,-8.13365219708780e-09,-2.52974844464416e-17,-2.74298353643889e-08,-1.32249460003538e-16,-9.42110622740726e-08,-1.46797586022748e-16,-1.72214232653217e-07,2.93589374881063e-17,1.35547817243855e-07,1.87757872050375e-07,1.14400223618114e-08,1.51688096510188e-07,1.48368871336645e-05,-5.98887853357054e-08,1.09123243772718e-05,1.92466734034342e-08,9.36361426271374e-08,8.66048210976718e-09,1.36521983120019e-07,-6.17275236805414e-07,-9.62729684287224e-08,-7.857088481039e-09,-1.88285088939784e-07,2.58525493593813e-16,2.83061652745115e-06,-4.92039197383838e-07,3.12089791411983e-08,2.36300977774624e-16,4.16127397700927e-09,1.14071150263047e-07,4.10173745918895e-07,-2.61634271720543e-16,-1.10235926304481e-06,-5.3545667919593e-08,-8.54606311567347e-17,-7.11644290310243e-08,1.14557851723977e-06,9.12657132271883e-18,5.38980755626292e-16,-6.81014136120804e-08,-3.3151698146794e-08,-1.90532248740343e-10,-2.67220426811199e-07,7.29212450241309e-08,2.37398487826471e-07,2.07932051489817e-08,2.66639194082739e-07,-4.76733659446614e-07,5.25136710375143e-16,1.84824065577394e-06,6.97368885319842e-10,1.95908500479759e-09,1.87786366809063e-07,3.75260250546846e-16,3.14538835748385e-16,6.42016404002131e-08,5.13179353592315e-16,-1.07139152192758e-15,1.08550852465797e-06,-4.33142580311199e-05,-0.026296691929736,9.20651441484364e-10,-2.17338153501235e-06,3.81662211699046e-09,9.28200539021191e-10,-1.15982577827636e-16,1.70409639380845e-08,8.54386965189355e-10,3.99827467442063e-09,-4.84014204681119e-07,3.75598604507509e-05,-1.94447190277301e-16,-5.82102279185037e-17,2.08440317519481e-16,-1.78896444275679e-08,-0.000383580072183617,-4.88333204275979e-08,-4.24484394738678e-16,-7.66867156005977e-08,5.02015057690304e-16,-1.46068571015294e-16,1.25471656304573e-06,-2.75821307291782e-08,9.84848595904364e-16,-6.94432247498424e-08,-4.01939441311135e-07,-3.13304788186105e-15,1.11776007102648e-07,1.90982369144519e-16,3.09049053300644e-08,-3.91200814905641e-16,3.09332614174394e-08,2.68436132839865e-07,1.07771228950518e-07,9.20629050619448e-09,6.37825173144475e-08,-2.29114792255868e-07,9.62449648739008e-08,3.50057325447338e-16,4.74400106368329e-06,-7.72925083550996e-06,-1.73214801824057e-16,-3.60119168671018e-08,-1.08226501099355e-07,1.78630043212611e-07,9.72179876178456e-16,9.00430771261948e-08,1.34097129122008e-06,-2.04802218833854e-16,-3.11538996694127e-07,-6.98813288988996e-08,-4.25080908049338e-08,2.80027101994108e-16,9.40118738482686e-16,8.10125231364233e-08,2.71069024849126e-08,2.23755201378868e-09,-5.20535843552206e-07,4.38378558589301e-08,-7.30219441926319e-16,9.18824728660589e-15,2.01573641442636e-07,1.43802750942806e-09,1.94945099033435e-14,9.83250327196603e-07,-6.82927330552135e-16,0.384345986370523,1.23470614195354e-07,6.70484071480048e-08,3.46209790625197e-07,1.26263999389824e-15,-1.40931585436088e-15,-5.73739393317069e-15,1.01680102393085e-17,8.94372460519489e-08,1.82001941416859e-07,1.27178474000763e-15,-2.56144417401767e-15,1.08229023816097e-15,-5.7632212411035e-06,-1.66563483200428e-09,1.84660651368119e-07,3.57110519354056e-16,-1.35282257808121e-15,-5.02522285936169e-15,2.95129091284759e-07,-0.00219159933937355,1.6794307925719e-15,-5.34246620307669e-09,1.97451310380641e-07,2.15583542436064e-16,-6.96246763107561e-17,8.95533253896168e-09,8.91649310813174e-11,3.44167016296169e-09,-2.48607192734808e-15,-2.42848506329872e-09,-2.50700181989272e-09,-1.29011492181563e-09,-3.62338003698174e-10,-2.63678133722167e-09,4.28697719815662e-10,-8.21892905743973e-16,1.67686200875889e-15,-1.10736060333516e-15,2.62443349753011e-08,-6.76307728548963e-07,-1.39632890654901e-09,-1.43110619404508e-09,-9.77554440878297e-17,6.73893683697083e-17,4.42546763372349e-17,-1.82009011260685e-16,2.63071616971144e-16,9.04880750116075e-08,-2.9769058259963e-16,6.80399199555936e-16,-1.4084580620996e-09,7.73146059339564e-16,-1.26441448199266e-09,-2.34971460016974e-17,-1.57508016508277e-09,4.69515084580045e-16,-2.0734882491576e-09,-2.64138389630707e-10,-1.71063605667338e-07,-1.23728984510404e-15,8.96009091030813e-09,-5.18005642010147e-16,1.34739633570825e-08,-2.7810778681996e-07,1.40134228939058e-10,-5.72464588900941e-17,2.09212297180127e-08,1.95909972951706e-16,-5.31632755181977e-09,-3.00540022655785e-08,-1.48853441676834e-17,2.54870913048405e-16,-5.75207813324158e-16,-4.56096658081861e-18,-1.03450393903472e-10,-1.35565923449232e-09,-3.04892466842673e-10,2.13152830820786e-16,2.58657173542373e-16,-3.66147247002485e-08,1.88051236378264e-07,1.85782278121566e-16,-1.43896359044992e-16,-1.48926994262085e-09,7.10247157271851e-16,-1.06294077866316e-08,5.98642354547418e-16,1.02350822698052e-07,-3.27178566541878e-16,8.50400237053992e-17,-2.23449471039818e-16,7.61152622036173e-16,-1.75949759511922e-15,5.80908449275991e-16,1.40975773800339e-08,-9.86364588841741e-08,-4.4750040516894e-16,-9.5801190012058e-09,3.66152720088857e-08,-2.63686760609642e-16,-7.30214477650467e-16,6.62781900754438e-16,-7.71985105126524e-16,3.68163542314329e-09,5.91402296435806e-10,-1.25185710072196e-15,-1.02740988242749e-15,-6.74870412013363e-09,-2.40892034283775e-08,-4.01795525489015e-09,-1.28280593435139e-16,-1.80163121321988e-16,-3.69658758944137e-17,8.98369184288385e-17,-5.31932259457307e-16,-2.58896339422075e-15,1.47496743367824e-08,-1.39947143125169e-08,-2.69948948184951e-09,5.62283530230926e-16,3.49515100348981e-15,1.41293861103264e-15,1.00990664925767e-15,4.6812112808324e-16,7.79622035987775e-16,1.94823785312129e-16,5.94290434639212e-16,1.18228309276099e-15,1.23558832176383e-15,-1.54080611566987e-15,3.89005944944496e-15,-2.08545040012544e-15,5.35727517952365e-16,1.16094157504121e-08,2.20122541481472e-15,-1.83932569030214e-15,1.01455515387899e-15,0.000901119337602919,-1.42400430707644e-10,9.12824221770902e-16,-2.78148546946694e-09,3.61342413379417e-06,-6.86317846986849e-15,5.54887474211811e-16,-3.73268448194338e-08,-1.56493373377994e-16,1.79935354631474e-05,4.38154415997987e-15,-1.58070495340325e-15,-0.707106781186548,-5.09915929458063e-14,4.85481553700346e-10,-6.67391169789512e-08,-8.89189688768297e-16,-3.39046058923674e-15,3.98208669111122e-15,1.0565651730708e-15,-1.1700879252053e-15,-1.30043010433077e-15,-8.01114542938102e-17,-1.24002241137338e-15,5.78630360010165e-09,1.49177671107794e-16,4.37274317179954e-16,-6.96084534090044e-16,-1.2939370473652e-15,-2.54352168829092e-15,4.02691993273433e-16,-1.66490100768625e-08,-9.98851080040991e-16,1.50846526176995e-15,1.24290707244378e-08,-5.08082730778719e-16,-8.53750809132884e-16,-7.75507845030668e-16,3.43393784854919e-17,1.15403491686379e-07,-1.63446290471362e-16,-7.77920916040076e-09,1.64499946957471e-15,-1.85611012998733e-16,-1.29676741928559e-15,1.3808056746874e-15,-2.61299066496592e-17,-8.38241561491062e-17,2.8244502592531e-10,-2.25452437835278e-15,-1.16382835743103e-15,1.10392542544224e-08,-3.53912550380701e-08,-2.93903906458368e-16,2.48666526678238e-08,3.64541380613532e-09,3.73612569369033e-16,2.25654245631151e-16,-9.60360805866534e-17,4.95156565017401e-17,-1.90314041632363e-16,-6.20371814168275e-09,-7.22429977041105e-16,-8.21937466987934e-16,4.58900933003259e-16,2.49161697006751e-09,4.658101249558e-16,1.39205747258127e-16,-4.14741286665616e-16,3.62588879709553e-17,-1.13992058573884e-09,-2.22914025687082e-15,3.7672666822028e-09,-1.63449333912649e-16,3.90936421398983e-16,-3.31601162002012e-16,7.24651333397608e-16,2.52682441901352e-16,-4.06562474547776e-16,1.80083605108323e-16,-4.14157830456342e-08,3.71192210252692e-16,2.00059134023592e-16,8.87077398271757e-05,3.54803969980076e-16,-4.78246477371306e-16,-1.63031029620813e-17,-3.95343266701189e-16,3.34053834300247e-16,-4.32097401727152e-17,-1.83761116112503e-08,1.2652410312098e-16,1.65436613165835e-16,1.05955874956669e-06,1.47223883120673e-17,-3.42660604460511e-16,2.90010646733807e-17,-4.05480957514593e-17,-6.90592545696938e-17,1.01020132261622e-15,-6.40234970495201e-16,-3.59808780303637e-17,3.58352516980026e-16,2.91211810385381e-17,4.18004046629012e-16,-5.59790212199746e-07,6.63657417943768e-08,4.4099610714038e-16,1.24690801777343e-16,-1.44386981447035e-17,-7.52880662782664e-17,9.98821251402271e-17,-4.00140496291578e-17,-1.72249854705105e-16,2.60734091567164e-16,-8.37246758723705e-10,-3.58809702109942e-16,-1.03817493491928e-16,-4.09921001205989e-17,8.42359702278497e-17,1.07601799790936e-09,4.33409792095251e-16,-1.18171700782028e-09,-1.48728603386056e-16,-1.40975122652926e-16,2.29406751069353e-16,2.12202674046382e-16,-6.488271502594e-16,4.28520297848858e-16,2.03212222997953e-16,-8.27016650394704e-16,-1.70136470465053e-16,3.41174687366117e-17,2.3471900426318e-16,9.75064497326315e-17,-4.73945060830318e-16,-1.82633625078999e-16,-9.42144230725649e-17,-5.83315474084375e-17,-4.0521166641603e-17,3.52125674513741e-18,-1.24750390611102e-16,-3.15375166336782e-16,-1.82738888040643e-16,-8.77700218778547e-18,3.10472173309456e-16,-1.16330951230755e-16,5.8079860481142e-14,8.26749742696135e-11,4.7987782894935e-16,-1.76660864034645e-16,1.37301271462039e-16,-2.16459980026354e-16,-1.52334313766295e-16,-1.21484821857045e-17,3.54981196552604e-16,-1.7110579390333e-17,-7.47461260793679e-17,-4.23171604420034e-18,4.1552048260507e-17,-9.47805518569351e-17,-9.35322358513506e-17,2.72785108117354e-17,-7.0019644725943e-17,-1.02783230776766e-16,1.64055162748636e-16,-1.0736155637128e-09,1.23637579080689e-18,1.03908752823674e-16,6.49008950942824e-17,6.2027457198584e-17,2.17646369247555e-17,-9.70845989813104e-17,6.56503543410779e-17,-4.48227320640904e-17,-3.18165066175267e-17,2.29461942595664e-10,2.23780007085151e-16,-6.6622455333305e-17,6.92524724473001e-18,-1.17447574772643e-16,-3.49995503035088e-17,2.37963915313575e-17,-4.2758611555037e-17,2.49128367945373e-17,-8.31483502612354e-17,1.38942896878647e-16,-5.55181028491364e-17,-5.33017562028351e-17,-1.96847471641998e-18,1.16724492578842e-09,-8.16620907319281e-18,3.97880950302305e-17,1.5307272088842e-16,-3.42587557714685e-16,-3.52630822165985e-09,-3.38916988872463e-18,1.24585955749909e-16,-6.6435617559941e-17,-4.13308638007659e-17,-8.03719198146744e-17,6.91255277217203e-19,2.87466163904993e-16,-5.50425307436007e-17,4.23387218009881e-17,8.29065495993649e-17,-5.34390772376099e-17,3.93332374859329e-17,-4.94915079383663e-17,5.22788441214058e-17,9.31188049641118e-17,1.67048897344657e-16,-3.50152792639354e-16
"t499",-0.0375337731045945,-0.0102333510149592,0.00129174799246201,-0.115236842368092,0.0232868057811623,-0.00497866211845369,0.0267565741236902,0.00043779371528986,0.000160171111370889,-0.000593248116108171,-0.000300283407443063,0.138593688712569,0.0567038992175512,-0.00433944482601607,-0.000355869790082332,-2.44808515063653e-05,-1.89182124087982e-05,0.000283535088238084,-1.87021781588874e-05,3.22869122690081e-05,-0.000919503288319143,0.000350453415830996,-0.000999598890862345,0.0237265244230355,0.0073033315764184,5.44872636752487e-06,-3.42774134350309e-05,4.96450626600713e-05,-0.0016970808650226,0.00217934854720301,-7.25265030687879e-06,1.42512823742684e-05,-0.00791238155395772,-7.80734369316943e-05,1.42740726033132e-06,-2.82552528179474e-06,-0.000255026914932238,9.60030555685648e-07,8.1598570492415e-06,2.42545178059973e-06,0.000143299572314982,-2.19737736241214e-05,0.00886955703139707,5.24175905761855e-05,0.000390777844296156,-1.9459768098733e-05,5.01791384041478e-05,-0.000447323313742292,6.28164974558564e-05,-0.000197948909968368,0.0851710550644519,0.000240980893578576,-2.91371928437918e-07,0.00029247193104723,-6.80054179627502e-06,6.49143696623926e-05,-6.99429978555879e-07,3.49293239932248e-05,-1.14434238649908e-05,5.74141011371102e-06,2.35374784354738e-06,-2.09184212796134e-07,3.25775275230215e-06,-1.28769668481779e-06,-1.28344802239428e-07,0.00023977201153215,-6.35752224832101e-08,2.65402373782784e-06,-7.69246665858469e-06,3.28835188074487e-06,-5.08525993062178e-06,8.72985795826119e-06,-3.98762873571282e-07,-3.00825300567598e-05,1.2544460921156e-05,1.2084729740592e-08,-6.76715921607348e-05,1.26119856273555e-06,-4.61614732330187e-06,-5.42854171028256e-06,1.59452046165883e-06,2.38906776009535e-05,-2.97272937082493e-06,-1.87114804991061e-05,1.1691050096878e-06,0.000251660783757315,-1.54953996053262e-05,-2.78185031050462e-07,-9.11245350245122e-08,2.38038296524373e-05,-5.87417221056449e-07,1.47033889220406e-07,1.32097857784338e-06,-0.000133529700720542,-4.47355733225035e-08,-1.42546425325028e-05,-3.22014935199651e-06,7.3711087821875e-06,-1.07466231993801e-05,-2.29615280134161e-06,-3.4851396340083e-07,2.66753224360459e-07,-4.28626049232757e-07,-1.85415557106096e-06,1.23981627521968e-06,-3.51915759607951e-05,0.000524402523205399,-0.185760780201624,-4.96606047002163e-05,5.09981627520649e-06,1.92366291286694e-05,2.62663610861488e-05,-4.24030693583244e-05,2.20771558761697e-05,-1.05426172907979e-07,3.62067917212662e-06,-5.12938591744778e-06,4.96407451041611e-06,-4.70552165956505e-06,1.11203646866761e-05,-4.07576985110421e-05,9.30337729443484e-06,-8.579882777577e-06,-2.35506107852346e-05,7.64030005787984e-06,-7.13125894578334e-05,7.22880051441663e-06,-2.24867128946778e-06,4.08956290725995e-06,0.000134749439327601,-4.24087659075073e-06,1.21551969204863e-05,-2.37126403775317e-05,-2.88560426419689e-06,1.02463663132502e-06,4.72588369874354e-06,-2.67126582791224e-08,-1.75082947678568e-05,5.32839289032242e-06,-1.5319597451761e-05,-9.76463269209977e-07,-3.77603645878352e-05,7.36632183912266e-06,4.69849997496946e-07,1.48229221564186e-06,-9.28776543349458e-08,-4.26792668688196e-06,6.43584155393043e-07,4.19762802922124e-08,-1.03150006399909e-07,-1.60244858371991e-05,-4.77092752565588e-07,-1.02229795030527e-05,3.82685144937489e-06,-1.12926867418839e-06,-9.86937003678206e-08,1.48448705757718e-06,-0.000164227197809862,-5.22024418507992e-07,-1.76408185435831e-07,-0.000157146067829863,1.93551321619396e-06,-3.31202972828379e-06,-0.00332277284221863,1.09259297486367e-05,-0.00178478440656353,3.21555651831826e-05,6.13707297086311e-07,3.14543476020312e-05,7.7835840007881e-05,-0.0493900471595415,0.00136305245839993,-1.11492093603367e-05,-3.66058309992177e-06,-0.104316959363373,1.47975440670431e-06,9.72755953216092e-05,2.84880701732013e-06,1.80716608806263e-06,5.87177574698619e-05,-3.99414778821928e-05,-0.000976672174874516,-1.64117495362624e-06,-2.16202797057948e-08,-8.50817207216274e-09,6.5579762067547e-08,8.56932519295764e-07,-1.25362466454579e-07,-5.45683560322464e-07,3.1980752836692e-06,-2.74380000610375e-09,2.10119503201857e-08,1.03099240415054e-07,2.68592077255317e-09,2.54409376625454e-08,-4.76233267835234e-08,-9.19034474959398e-08,-5.07456158138066e-07,6.17977652237334e-08,3.24328534940338e-08,3.25925406772688e-08,5.74787500007417e-06,-9.81787134122585e-10,-2.0713524077695e-06,-2.85376303878774e-07,-9.98389524350894e-06,1.85112418031831e-07,6.96812561918649e-06,-1.45312468846237e-06,-1.08828516140078e-07,-1.03690103994852e-05,0.000361089699772922,-3.93142002710544e-05,-3.85468104839092e-07,-2.44227602495133e-07,-2.88398082408325e-07,3.90314844904388e-07,3.29514898226455e-08,-4.75145165606579e-08,-1.68373525887698e-07,-7.55829450750169e-07,-1.52294523180957e-06,-1.5778408498776e-07,-9.20805964624667e-07,7.00233248341223e-07,4.26745582544572e-07,4.6957226949834e-06,7.99456844481364e-07,2.31061956710406e-06,4.77715573206508e-06,-0.000219015181625316,-0.241226089003235,4.42521568338452e-06,5.90287593519357e-06,-1.26181245794994e-07,-1.65374837981693e-06,-7.44934665937654e-06,-6.35962734487336e-16,-1.01399487736001e-06,7.54998685278412e-05,-2.15976850376542e-06,-4.28252325045518e-05,-7.95098803000879e-06,9.61194947913935e-06,-2.82757332136603e-06,0.000123925537628199,-3.13841181409706e-07,4.82142709092487e-08,-0.444584215491163,-5.49265902390339e-05,1.15709653203069e-06,-0.000138714780005553,3.71715336740648e-06,-3.96415826393815e-07,1.88018723986363e-08,-1.11758656234494e-06,6.23653470519889e-07,-5.93441698791896e-06,-1.32102578116208e-07,2.0691742296267e-08,-3.3170659303762e-07,5.84897524914363e-08,-5.98450913472826e-06,6.22352295598241e-05,-1.23989059338829e-08,4.07607286411524e-09,-1.04589456349218e-10,2.91370296691026e-09,-4.13091000855637e-08,1.47153786856515e-09,7.80041032394347e-10,-3.17477395078219e-09,8.26790148995389e-06,-1.84025400931365e-06,7.68505634228649e-07,-0.000727660435172257,-1.1804681504118e-06,-2.80154307385798e-08,2.1663578821384e-07,-2.78984781677335e-06,5.22044238522491e-08,-1.06794669864561e-16,-1.54226080155851e-07,-5.3813064269657e-09,-8.46268330795864e-11,-8.11106326769355e-07,9.61569617417792e-09,-6.12319839399306e-09,-1.44994934042537e-07,1.87305145400111e-08,-1.50240404768152e-07,3.94248596794333e-07,1.48612611316098e-08,-1.42145381635437e-08,1.85758787101238e-07,-2.26685015828209e-07,8.25391492459378e-06,-1.20398424201628e-07,1.74011977632815e-06,1.44817733513646e-08,0.0038692314372882,3.01627857142351e-07,-2.62379771993789e-06,9.95562481395142e-08,-2.39408204765435e-07,3.23880428085557e-07,-1.17711307943697e-06,7.53270767121739e-08,6.82052145549e-08,5.25216609274597e-07,-2.56843125559643e-05,-7.00318063041041e-08,1.68945854197341e-05,-3.75287202870495e-07,9.29192863222971e-09,8.66505383900177e-08,-1.68942329979602e-07,-2.96365156870979e-17,5.21207276091164e-10,3.51477735623213e-06,-1.99983801709771e-07,1.47453762452491e-07,3.85159420488432e-06,3.84794845366981e-08,8.94792143062573e-08,-1.31230632100536e-06,4.89892548695486e-07,-5.44187904552887e-17,-3.78945782082315e-07,-4.62480428621673e-09,-1.29630443240942e-08,6.88612584833439e-07,9.8055131804164e-08,-6.64152552442414e-09,-2.55501981000414e-07,6.84912214892512e-08,-6.57409817058924e-05,4.26116110815796e-07,-8.71960914283907e-08,-1.58156409602143e-07,-8.37654068030876e-09,-8.29201126827346e-09,-1.58257484893898e-07,1.05989019757048e-06,-1.72155542430946e-07,-1.14685132297059e-16,-3.54858247620354e-06,2.79249622650494e-07,2.33728295208972e-07,7.10651443297172e-08,-3.33719289774043e-07,-7.13557372579065e-07,6.60926891072199e-05,-1.29240139630342e-05,-6.04206834653701e-08,-1.0553662955158e-16,-1.13142179795609e-07,-5.03038193543935e-07,-1.44469682841509e-07,1.37182233394345e-16,2.74120814095948e-07,2.76191994934246e-06,-4.21494655392023e-07,-2.24448547720074e-07,-7.49705348793502e-08,-4.01685669903717e-08,-1.43796322715101e-06,4.02421647621644e-08,4.27856170758233e-07,2.00363321408889e-07,8.85112000154374e-08,8.92951139214522e-07,-1.65006955688404e-17,-3.58762303704894e-07,1.68825230915323e-07,1.09877359111503e-06,-1.11813712042678e-07,-1.63826565867768e-17,-1.11248178776501e-07,1.4911042450596e-07,-5.2751210520356e-08,-4.74087848708419e-08,-1.21633962381165e-07,9.24936050943764e-07,-1.86777191795887e-06,3.43636294585985e-07,2.0338514012531e-16,3.66473885212184e-06,-6.84294288399402e-06,0.0148320772645266,-3.30446688194084e-06,3.0647178705485e-07,1.52406824276516e-09,-3.40114221508703e-16,-5.92394942272611e-17,4.027805370597e-10,1.02829580630172e-07,-1.08177751103929e-08,-5.85354321750358e-09,9.5095241399277e-17,-1.47077332181055e-08,-2.11114876669956e-10,-2.49051947685268e-16,-2.69846411579361e-17,8.33104592268942e-17,6.05813588833401e-08,1.82852184578308e-07,-2.8246087696207e-07,1.74287013762946e-07,8.7280065743519e-08,1.86470949589712e-07,-9.01186349328412e-07,8.16407338927525e-17,-2.08779290569602e-07,3.74033008390898e-07,2.50457556910621e-16,-1.57987278166577e-16,-3.94251607507693e-07,-1.93465976947952e-11,-1.49720916885031e-07,1.17911375731796e-07,1.50905789510857e-07,-8.13365254954341e-09,-8.80405889750506e-18,-2.74298353288387e-08,-1.61956624546162e-16,-9.42110623566846e-08,-2.44291078251718e-16,-1.7221423276581e-07,1.6088638841585e-16,1.35547817198413e-07,1.87757872035785e-07,1.14400225284243e-08,1.51688096589699e-07,1.48368871336513e-05,-5.98887854896211e-08,1.09123243771533e-05,1.92466734330405e-08,9.36361429729269e-08,8.66048221429595e-09,1.36521983166314e-07,-6.17275236760115e-07,-9.62729680795956e-08,-7.85708868123717e-09,-1.88285089026139e-07,1.13157187991897e-16,2.83061652746577e-06,-4.92039197524983e-07,3.1208978888926e-08,1.80538411459702e-16,4.16127421303812e-09,1.14071150455255e-07,4.10173745731676e-07,2.20181034139165e-16,-1.1023592630853e-06,-5.35456678392924e-08,-3.61864147728498e-17,-7.11644289259392e-08,1.14557851722857e-06,3.52840973707957e-17,3.44692106556863e-16,-6.81014135239979e-08,-3.31516979484679e-08,-1.90532315403174e-10,-2.67220426728974e-07,7.29212450455303e-08,2.37398487594031e-07,2.07932052619173e-08,2.66639193770106e-07,-4.76733659202035e-07,5.77808607167205e-16,1.84824065574531e-06,6.97368839615624e-10,1.95908497619047e-09,1.87786367058761e-07,2.41906426089923e-16,-1.9113269379717e-16,6.42016403108336e-08,5.20314659093866e-16,-1.11145884870833e-15,1.08550852490864e-06,-4.33142580314093e-05,-0.0262966919297365,9.20651390150604e-10,-2.17338153497592e-06,3.81662206551764e-09,9.2820039445655e-10,5.48410280234024e-18,1.70409640624135e-08,8.5438732129081e-10,3.99827447711621e-09,-4.84014204706081e-07,3.75598604509214e-05,4.74404137219757e-17,-4.20768028206322e-16,3.55600415245588e-16,-1.78896442853672e-08,-0.000383580072183715,-4.88333202343519e-08,-6.20130834359413e-16,-7.6686715761298e-08,4.37220425357139e-16,-3.18051002003861e-16,1.25471656290741e-06,-2.75821307625487e-08,8.5210159241067e-16,-6.94432243262243e-08,-4.01939441556153e-07,-3.756499706424e-15,1.11776006819361e-07,-4.73047213493552e-17,3.09049054157243e-08,-3.29292745894496e-16,3.09332614719103e-08,2.68436132779998e-07,1.07771228857053e-07,9.20629031160862e-09,6.37825178076007e-08,-2.29114792215268e-07,9.62449646447805e-08,3.60865769858445e-16,4.74400106357974e-06,-7.7292508356901e-06,-2.08491211770761e-16,-3.60119164390411e-08,-1.08226501010862e-07,1.78630043230941e-07,9.18403606734619e-16,9.00430772205612e-08,1.34097129114435e-06,9.80771868300878e-17,-3.11538996547012e-07,-6.98813291758755e-08,-4.25080905155387e-08,-8.24558656246533e-16,5.3378223932088e-16,8.10125229841099e-08,2.71069021117017e-08,2.2375521959552e-09,-5.20535843821976e-07,4.38378560905866e-08,-1.12395296862658e-15,8.83504147581345e-15,2.01573641535542e-07,1.43802742617962e-09,1.97720693934774e-14,9.83250327553835e-07,-3.45154240088231e-16,0.384345986370529,1.23470614068138e-07,6.70484070708452e-08,3.46209790214006e-07,1.68000824597705e-15,-1.39016327475057e-15,-5.40172990610117e-15,-5.65993415591979e-17,8.94372458056705e-08,1.82001941827277e-07,7.70882074244607e-16,-2.83028935718015e-15,1.42567476348745e-15,-5.76322124144041e-06,-1.66563522637125e-09,1.84660651614774e-07,2.66093573764679e-16,-1.36604645645374e-15,-4.17856430067007e-15,2.95129091507361e-07,-0.0021915993393747,7.83692123370345e-16,-5.34246602372422e-09,1.97451310178705e-07,7.89672515109966e-17,-1.57245651652356e-16,8.95533287471981e-09,8.91647309204819e-11,3.44167013227818e-09,-2.45745021045105e-15,-2.42848515878178e-09,-2.50700185519196e-09,-1.29011489687654e-09,-3.62338024872204e-10,-2.63678138238845e-09,4.28697502423822e-10,-7.08918987792344e-16,1.33916014972585e-15,-1.98101003073587e-15,2.62443345803424e-08,-6.76307728518156e-07,-1.39632890488647e-09,-1.43110618248493e-09,2.56558437748644e-16,-1.62124518587015e-17,5.31351132284228e-16,-3.13050514081088e-16,9.63615302775727e-16,9.04880753542596e-08,1.27801640952944e-17,-1.64941264349882e-17,-1.40845822908082e-09,-1.04029405875371e-15,-1.26441475083699e-09,-4.91666109818866e-17,-1.57508058845284e-09,-6.85073509944535e-16,-2.07348793083142e-09,-2.64139480718246e-10,-1.71063605753627e-07,1.4244286243002e-15,8.96009117417367e-09,1.99375808168353e-16,1.34739636364577e-08,-2.78107786681384e-07,1.40134200385487e-10,7.84921032084406e-16,2.09212300275971e-08,-3.0010572203855e-16,-5.31632773272227e-09,-3.00540021208532e-08,7.94789708372188e-16,-1.30575524040496e-16,6.23062558545066e-17,-2.61445621567597e-16,-1.03450678313012e-10,-1.35565895184648e-09,-3.0489198378563e-10,-3.68680123401487e-16,1.2834537487401e-16,-3.66147246812058e-08,1.880512368706e-07,-6.34036928482312e-16,3.55654943555554e-16,-1.48927132317982e-09,-7.20594727226358e-16,-1.06294085153189e-08,-1.01352562503996e-15,1.02350823572353e-07,1.04694808173253e-16,-5.382128846862e-16,-2.81640139576844e-16,7.92380089191549e-16,2.08123700453475e-15,-9.53820383458705e-16,1.40975781927521e-08,-9.86364589429191e-08,3.33931471014414e-16,-9.58011843462531e-09,3.66152709714114e-08,7.00912313169617e-16,7.03052751757101e-16,-6.13315849764957e-16,1.26068810675537e-15,3.68163629608171e-09,5.91401936122626e-10,9.78347753880614e-16,6.84666503445574e-16,-6.74870411407544e-09,-2.4089203751406e-08,-4.0179540243442e-09,2.38802861949071e-16,3.21972541727634e-16,-3.34573290150236e-18,2.94966868543355e-16,3.31426868345667e-16,2.75368658751194e-15,1.47496731952607e-08,-1.39947128603338e-08,-2.69948960119521e-09,-4.93878803330366e-16,-3.3290795109331e-15,-1.57403676957816e-15,-6.16260801213458e-16,-7.44933818856628e-16,-4.73736016491615e-16,3.22945549364901e-16,-6.7414825393144e-16,-1.31272332188391e-15,-1.28101503006003e-15,1.23664965604134e-15,-3.82370382428163e-15,2.21300327229307e-15,-7.37925321205103e-16,1.16094224925149e-08,-2.07827906048659e-15,1.56940594086391e-15,-1.0950270942702e-15,0.000901119337597824,-1.42400575379852e-10,-1.22321660539238e-15,-2.78148330214687e-09,3.61342413654541e-06,6.96550124659937e-15,-4.57005797533438e-16,-3.73268479655615e-08,5.00636807307888e-16,1.79935354538439e-05,-4.42675021963525e-15,1.6062578828842e-15,0.707106781186546,5.0549130836052e-14,4.85481207360009e-10,-6.67391294861008e-08,7.27460777378315e-16,3.18886347794911e-15,-3.91866393061911e-15,-8.59721509209924e-16,9.58841296291868e-16,1.23020787374505e-15,3.22178337047533e-16,1.03968951512748e-15,5.78630231839006e-09,-1.96355913052785e-16,-5.88501251079413e-16,8.12635649543877e-16,1.29856951663612e-15,2.85388235268858e-15,-4.60348182618077e-16,-1.6649011533043e-08,1.15517711614134e-15,-1.55176833942368e-15,1.24290705536785e-08,9.30339757515776e-16,4.37579037572557e-16,6.83410994174588e-16,1.30861233454427e-16,1.15403490386611e-07,1.01999050226042e-16,-7.77920973413408e-09,-1.26090125098337e-15,3.30450502596635e-16,1.57948627453405e-15,-8.70921221895672e-16,6.31776431260262e-17,1.09407783553416e-16,2.82444117358331e-10,1.84354500795495e-15,8.49222586121442e-16,1.1039254590532e-08,-3.53912550180988e-08,4.61573527071322e-16,2.48666526043361e-08,3.64541355929901e-09,-2.43698986434106e-16,-9.35281026739617e-17,6.21396670205654e-17,-6.12967622635361e-17,7.62946169326853e-16,-6.20371797380188e-09,5.0460600584614e-16,9.71952954420481e-16,-2.35123734079518e-16,2.49161660772799e-09,-1.59601727635365e-16,7.18806453476039e-18,1.44675401458412e-16,-1.25934671554578e-17,-1.13992004639124e-09,1.98765026219009e-15,3.7672658828414e-09,2.21810884422574e-16,-2.93154491489285e-16,6.54107661942959e-16,-5.39627958674969e-16,-2.15607523569937e-16,4.12147959375261e-16,-1.45835170208018e-16,-4.14157825848076e-08,1.51707823214065e-16,-3.77484380774012e-16,8.87077398262895e-05,-2.37660751683825e-16,5.30324291648327e-16,-4.42459830092149e-16,3.64631101937045e-16,-3.56473468799252e-16,7.68565456208602e-17,-1.83761117798692e-08,2.41267522572141e-16,-1.24262722710977e-16,1.05955875066451e-06,3.96589585598144e-17,2.92108437259312e-16,-1.18142074836085e-16,-4.53162814459923e-17,-3.78660764214652e-17,-6.25644745935328e-16,6.34102999541535e-16,-8.39779757461639e-18,-9.01500628097868e-16,1.31790174130645e-17,-4.11228069249037e-16,-5.59790212112596e-07,6.63657415305396e-08,-4.16227224709104e-16,-6.35851693779151e-17,1.66595722507117e-17,-1.65639173982862e-16,-6.93401499413104e-16,1.34530147267157e-16,3.19030187982484e-16,-2.41655981184009e-16,-8.37246761574448e-10,2.77597101317495e-16,5.33938769372527e-17,1.3476340567503e-17,-1.20650727173727e-16,1.0760179492831e-09,-4.19640204058215e-16,-1.18171745558225e-09,9.15835383921068e-17,-9.56950829741684e-18,-2.80989977870783e-16,3.49023512551379e-17,5.96776828154441e-16,-7.10400419881428e-17,-1.62403428209836e-16,5.02615966802024e-16,3.00759667527431e-16,6.2376787466251e-17,-3.31230667477081e-16,-4.7494331491319e-17,5.42201542621697e-16,2.59776587616929e-16,3.5225809309167e-17,3.66200174819e-16,8.7857940022774e-17,-9.61265465089528e-17,-3.44103044557769e-17,2.48887898151024e-16,2.24788991674135e-16,3.263262247869e-17,-9.11366401699091e-17,2.38344736108648e-16,5.81173285791047e-14,8.26748526846051e-11,-2.31041217887773e-16,-3.12151425957147e-17,-1.98240272772691e-16,-2.75158393335339e-17,-9.49348195191076e-17,1.07640115103101e-16,-5.3515120135956e-17,1.73430340484122e-16,1.74226542258315e-16,-7.5398692877329e-17,-4.30733194337757e-16,1.12615371925043e-16,6.95141304535445e-17,-3.57772152253989e-17,-1.28235223242734e-16,1.92538214129172e-17,6.23782489017527e-17,-1.07361558046373e-09,2.59043849711327e-17,-9.20759879606471e-17,-5.06586813227034e-17,-1.49706652590508e-16,2.56052267207099e-17,-1.3960337129293e-16,-4.74331084968548e-17,-2.27969044117557e-16,-4.28183570520613e-17,2.29462069059238e-10,1.51016488784217e-16,1.46364992882964e-16,6.0311182480518e-17,1.07621101449559e-16,-1.13069861648179e-16,-5.30889159695225e-16,2.91837263752954e-17,1.76081489955299e-16,-6.19192609835646e-17,7.11287191634103e-17,1.24072302698219e-17,-1.33315200872578e-16,1.29506302141681e-16,1.16724498524296e-09,1.05265364265007e-17,5.34773088469554e-17,1.65241832107704e-16,-3.35743531500871e-16,-3.52630826555188e-09,2.55568927836535e-17,-1.13838935336641e-16,-8.52154978379813e-17,2.30544419813475e-17,-3.88298337180458e-17,-2.92868405552627e-17,8.99446785390761e-17,2.17197363053043e-17,5.2612944464171e-17,3.21491401818257e-17,1.28659851217903e-16,9.80968785620717e-17,-7.67044292331901e-17,3.90968201863492e-17,-3.01626167194405e-17,-4.26472326824527e-17,-3.6677492299193e-16
"t390",-0.0374963048949643,-0.0102117984133817,0.00128893923800274,-0.114900768742693,0.0232036009065929,-0.004957779095468,0.0266421307211237,0.000435771584613633,0.000159296662410401,-0.000589316589827012,-0.000297754547984709,0.137153040887996,0.0560970713236432,-0.00429229560157936,-0.000351832908421513,-2.41865819813092e-05,-1.86853171953883e-05,0.000279980625651336,-1.84622320058213e-05,3.18364347136234e-05,-0.00090561208157181,0.000344044587902123,-0.000980275470764406,0.0232651946077449,0.00716075889452242,5.33718670250318e-06,-3.35672624066831e-05,4.86071085680979e-05,-0.00166062730091327,0.00212385417117029,-7.05537678236544e-06,1.38455014486171e-05,-0.00767031846239316,-7.55679659813271e-05,1.37917999156709e-06,-2.72214678685162e-06,-0.000245573295591477,9.23855603240158e-07,7.85021259553981e-06,2.3319882874119e-06,0.000137612387962939,-2.10796637634016e-05,0.00850304410521704,5.0248805229225e-05,0.000374314842277299,-1.85851458586815e-05,4.78800455151677e-05,-0.000426643523922929,5.98395278034372e-05,-0.0001883168957917,0.0808813178043355,0.00022865020844628,-2.76428458656226e-07,0.000277177571831472,-6.43137478031853e-06,6.13707953756662e-05,-6.57362811129271e-07,3.27744031337483e-05,-1.07353140102905e-05,5.36398376113775e-06,2.19202892747012e-06,-1.94500774556517e-07,3.02512651333285e-06,-1.19535142638891e-06,-1.18847189082035e-07,0.000221531110758773,-5.84434053868333e-08,2.43417172183196e-06,-7.04765984238219e-06,3.00683293642385e-06,-4.60089982153765e-06,7.83229266512839e-06,-3.57291962587629e-07,-2.68800047976485e-05,1.12051157761936e-05,1.07815223273152e-08,-6.03450084711663e-05,1.12199211083704e-06,-4.08433940364592e-06,-4.79242185839271e-06,1.40224662379038e-06,2.09920917865784e-05,-2.59574539027301e-06,-1.63072772174865e-05,1.01037783727778e-06,0.000216985592830406,-1.33285440221049e-05,-2.39191122533763e-07,-7.83434242522977e-08,2.04598868859973e-05,-5.0443461642594e-07,1.25154734316089e-07,1.12348725428084e-06,-0.000112931412884601,-3.74609647540434e-08,-1.19184334137697e-05,-2.69220299959594e-06,6.13852574899614e-06,-8.93646398759006e-06,-1.89870132229204e-06,-2.86849263189986e-07,2.19463222718466e-07,-3.52473102232901e-07,-1.49152064268245e-06,9.95619370399035e-07,-2.82221125816193e-05,0.000419534825481833,-0.148512586902309,-3.96550704015965e-05,4.06486456621565e-06,1.53235854136359e-05,2.08485349953754e-05,-3.36423236307948e-05,1.73479900834212e-05,-8.26695582833641e-08,2.82601803673792e-06,-3.99519367706209e-06,3.84390654168866e-06,-3.62290241381482e-06,8.52436755735758e-06,-3.11644074056535e-05,7.050941276118e-06,-6.46467452626506e-06,-1.77406404357441e-05,5.75053220756419e-06,-5.3345330099538e-05,5.40470985768422e-06,-1.67222128191109e-06,2.99327152375461e-06,9.86091847455887e-05,-3.09934902325525e-06,8.78498345831668e-06,-1.70998585002419e-05,-2.0775218496099e-06,7.327589594862e-07,3.37648698507937e-06,-1.88071893398099e-08,-1.21763452332598e-05,3.64151502496901e-06,-1.04643788410079e-05,-6.64941739932155e-07,-2.5673032774474e-05,4.99552059087851e-06,3.18319170328328e-07,1.00422649165549e-06,-6.24768343792695e-08,-2.82933762005814e-06,4.20109125536478e-07,2.72925294069011e-08,-6.64751595278992e-08,-1.03196277646322e-05,-3.06187635393851e-07,-6.5475104873283e-06,2.44526723724309e-06,-7.05798071109153e-07,-6.1459007113141e-08,9.22017612545956e-07,-9.56499976094095e-05,-2.98830420634277e-07,-1.00710063847782e-07,-8.83488269071555e-05,1.08467148810593e-06,-1.81809920283171e-06,-0.00181929402700158,5.85612050567473e-06,-0.000936174808479693,1.57409491545677e-05,2.99634634884896e-07,1.53467555849757e-05,3.75855606143188e-05,-0.0235554931080563,0.000648899409600521,-5.17336690938107e-06,-1.68445483741682e-06,-0.0471223086731634,6.65332849586779e-07,4.36324415313767e-05,1.21964859399941e-06,7.33729950816712e-07,2.3609871301369e-05,-1.59095297879511e-05,-0.000377963152977399,-6.27830177510175e-07,-8.17588001179727e-09,-3.18185754597214e-09,2.35863154825352e-08,3.05100376777911e-07,-4.05587480461683e-08,-1.75937358049845e-07,9.94562305783769e-07,-7.62841153422673e-10,5.22828977201665e-09,2.45706669157835e-08,5.96947769589886e-10,5.3403087544092e-09,-8.15670876079532e-09,-1.49338467834055e-08,-7.2766521572989e-08,8.25367695096134e-09,1.64854729637247e-09,1.51877348924656e-09,3.99874999459044e-08,3.44061882823235e-11,3.12668752725811e-07,4.32463218185891e-08,1.63266780779337e-06,-3.73551558411339e-08,-1.60200368202166e-06,4.52757872286368e-07,4.68237795344611e-08,5.64563844836648e-06,-0.000210889251636895,3.13117619110457e-05,3.64969154859517e-07,2.32308898448518e-07,3.14981444151685e-07,-6.23527157517832e-07,-5.70793479697114e-08,1.38060434375582e-07,8.33394248699297e-07,4.86488181233527e-06,-5.30135282670021e-05,-2.20725233005765e-06,-7.78580237337352e-06,2.66303012134101e-06,1.45651989556823e-06,1.56305857139119e-05,1.68778555575461e-06,3.90447153927204e-06,6.43751890296049e-06,-0.000267254056082625,-0.265736278235807,4.42648157613239e-06,5.7438835890362e-06,-9.40864625537203e-08,-1.02626977946247e-06,-3.6866820082669e-06,1.11102656496071e-16,-3.31429712005235e-07,2.22331300997744e-05,-1.65927133196683e-07,3.78492215879679e-06,1.79923294641932e-06,-2.25565593001192e-06,1.42381626606264e-06,-6.8297425587486e-05,1.79930478841804e-07,-3.28929352532663e-08,0.337322234116302,4.97352362066635e-05,-1.12683248072139e-06,0.000139088809822555,-4.34153435907566e-06,8.13553103832293e-07,-4.66086570550369e-08,3.24716382178934e-06,-2.60545488423367e-06,2.54814747803948e-05,7.55827181702663e-07,-1.41780553158822e-07,3.05411320202185e-06,-6.00034362270189e-07,6.94208970253842e-05,-0.000874098129400831,2.46956125580609e-07,-8.50966611962622e-08,1.6952177737324e-07,7.60570219237059e-06,-2.75044398903903e-05,1.12835999212164e-07,4.52967798557331e-08,-1.05401758803525e-07,0.000254746302125218,-1.86424512003016e-05,7.31606483771719e-06,-0.00661850150404421,-9.77127492868094e-06,-2.16944459615475e-07,1.47566804070529e-06,-1.83950118327637e-05,3.35890608701699e-07,-2.82175206115589e-16,-9.19242382853149e-07,-3.17784661398384e-08,-4.85445812432982e-10,-4.37185042039907e-06,4.94444450222015e-08,-3.0847036232658e-08,-7.23376470308997e-07,8.43059050647055e-08,-6.72670944206458e-07,1.7627029102381e-06,6.50140657179178e-08,-5.96860036540437e-08,7.77427349960453e-07,-9.47339053916637e-07,3.45334188067417e-05,-6.410956264061e-07,4.79949850453139e-05,9.75121676565934e-07,0.493476790517218,5.90105585616502e-07,-5.9560592464027e-06,2.26653562029471e-07,-5.46217297052383e-07,7.39037074770328e-07,-2.68494861395669e-06,1.70434788700287e-07,1.54188042691557e-07,1.18538116893631e-06,-5.79002842917892e-05,-1.57235279781484e-07,3.77505684443993e-05,-8.34684436547809e-07,2.06234570481144e-08,1.91633092719151e-07,-3.70718080631358e-07,-1.17583694120922e-17,1.08976533573276e-09,7.31467608878636e-06,-4.13333499100566e-07,3.04700981810068e-07,7.95730239998189e-06,7.93650804624312e-08,1.83976792338422e-07,-2.68827367988352e-06,9.96167576804219e-07,2.54574643808702e-16,-7.58045756986519e-07,-9.23318425481952e-09,-2.57715050353536e-08,1.36833232297452e-06,1.92876624456181e-07,-1.29928793720753e-08,-4.96079504249166e-07,1.32306848899608e-07,-0.00012564148257988,8.06668312454344e-07,-1.64095831912556e-07,-2.96663892576225e-07,-1.56807508244859e-08,-1.54675070548472e-08,-2.95090957212964e-07,1.97139124603745e-06,-3.19595762802567e-07,6.63075267331706e-16,-6.49676376732464e-06,5.09822257244828e-07,4.26702905249352e-07,1.28730292480098e-07,-6.03811267072695e-07,-1.27335138943731e-06,0.000117494120614861,-2.29580864653436e-05,-1.07029376190669e-07,-2.12143616230362e-16,-1.99785125472563e-07,-8.87217315717407e-07,-2.53699522620321e-07,8.99759156299051e-17,4.79153975798993e-07,4.82252863456668e-06,-7.35551687590524e-07,-3.91235417656515e-07,-1.30430291480963e-07,-6.97833429413028e-08,-2.49533196795386e-06,6.96043206988746e-08,7.39749419722499e-07,3.45648736893366e-07,1.52098830131199e-07,1.5341566168654e-06,-1.09489407153332e-16,-6.11792429108008e-07,2.87527042570991e-07,1.86609168884642e-06,-1.89101654119274e-07,-6.5814721134135e-17,-1.86485081133971e-07,2.47549781890755e-07,-8.72047950774389e-08,-7.82193855104721e-08,-2.00214398892217e-07,1.51595989730687e-06,-3.04035663320452e-06,5.50284181268218e-07,2.04383706742986e-16,5.78766684532809e-06,-1.07941407295681e-05,0.0233386630883706,-5.1820260763545e-06,4.80480638025983e-07,2.38712407797339e-09,-4.48100757888259e-16,-1.36081990741315e-16,6.27434017112701e-10,1.59432278764523e-07,-1.67626733196985e-08,-9.03257651332295e-09,2.87416631531796e-16,-2.24913523696505e-08,-3.21561513530676e-10,-8.35689299748996e-17,6.55559423013283e-17,2.96767880407721e-17,9.11471422149224e-08,2.74680976529178e-07,-4.22048297169177e-07,2.59242476841613e-07,1.2975577490412e-07,2.75890595575506e-07,-1.33260084122445e-06,-1.05312434901429e-16,-3.05747043036978e-07,5.45887665033868e-07,7.38779773607568e-17,6.70681435715767e-16,-5.67750164797039e-07,-2.77708694488609e-11,-2.13981598427298e-07,1.68028382923718e-07,2.13843984201893e-07,-1.15154827411048e-08,-2.4333947399533e-16,-3.8786423009261e-08,1.73751288789456e-16,-1.32739315785448e-07,6.657001339061e-17,-2.41999453784033e-07,6.27689783047454e-17,1.89830809169134e-07,2.62768971355708e-07,1.58645266745898e-08,2.09940731154162e-07,2.0517758687847e-05,-8.25216943891427e-08,1.49889993868883e-05,2.62421856299434e-08,1.27661255696213e-07,1.17803802329064e-08,1.84916883994537e-07,-8.31290130323078e-07,-1.290159389671e-07,-1.0488123884566e-08,-2.50845556913073e-07,-6.3944123811685e-17,3.74815245138524e-06,-6.47628221639819e-07,4.03519690584073e-08,4.73439713223275e-16,5.35125743198147e-09,1.45456623470217e-07,5.21087450461185e-07,6.83253710760051e-17,-1.39772799601019e-06,-6.73581087614644e-08,-1.97482443459937e-16,-8.91623173630782e-08,1.39775098414922e-06,-5.56656748097489e-17,1.39094991925522e-17,-8.21180347217294e-08,-3.99306438155491e-08,-2.28274465657671e-10,-3.18066437905964e-07,8.54032155786038e-08,2.77615947676808e-07,2.42632357160998e-08,3.02959433304698e-07,-5.26825372960651e-07,1.12917623385292e-15,2.01665908269384e-06,7.59134963769537e-10,2.1142385737995e-09,2.00359779547801e-07,1.85068740796247e-16,-1.25660114603453e-16,6.72893055652358e-08,2.19447769535929e-16,-4.11028162798531e-16,8.3060726279551e-07,-2.62438487983193e-05,-0.0158125760036522,-1.82275784886818e-09,1.4851534957122e-05,-4.11304587747978e-08,6.14563369426889e-09,-1.00576224851303e-16,2.49522830096024e-08,1.1990463394047e-09,5.54613623804077e-09,-6.40731852225045e-07,4.69239191282321e-05,-1.36628574029694e-16,-2.7953477800412e-16,1.14868990338698e-16,-2.11046867749549e-08,-0.000443285470914699,-5.6349255746237e-08,8.97953741645709e-17,-8.68560649476993e-08,9.60530077585562e-17,-3.45669563789125e-17,1.31490425398362e-06,-2.88768397085757e-08,6.00553135866877e-16,-7.13027072038071e-08,-4.07951594257106e-07,9.14648879279697e-16,1.10708648966865e-07,2.89428037627813e-16,2.96710322776678e-08,-2.05175971686179e-16,2.96120512942592e-08,2.5638919328722e-07,1.02669975415266e-07,8.73889091386824e-09,6.00472902728909e-08,-2.08790973240758e-07,8.33946600778547e-08,-3.01558153928108e-16,3.81923161792297e-06,-6.16850011067092e-06,2.43293386140378e-16,-2.83995341477053e-08,-8.34359706584674e-08,1.34772608716151e-07,1.83715734200458e-16,6.25022568463463e-08,9.13640405226763e-07,-1.98085694970809e-16,-2.06802857061349e-07,-4.57692609301682e-08,-2.63871744866004e-08,-2.83467240813303e-16,6.64088465750391e-16,4.29634789703811e-08,1.32008304624497e-08,1.0688763930425e-09,-1.24023505389813e-07,8.31581168487098e-09,-9.56782633748415e-17,3.35862766217809e-16,3.10751451951355e-08,2.15034780974203e-10,1.28005061757532e-16,8.36064669830056e-08,-2.13632724871957e-16,0.00656966374542969,-1.06846381289595e-08,-6.33029793138683e-09,-4.36555054899222e-08,-1.41282990837265e-15,1.74724748959192e-16,8.91342559315079e-17,-6.94264375369106e-17,-4.24921606977462e-08,-9.28441575512106e-08,6.99576619825509e-16,-5.36792383821189e-16,2.97848764460655e-16,3.7305324231681e-06,1.1865698821166e-09,-1.6802014970848e-07,6.29649356952606e-17,1.13472260559154e-15,-4.75009300556634e-16,-4.98612319611629e-07,0.00231504355071151,-3.61340511259827e-16,1.49387040782781e-08,-6.25918266247752e-07,5.86518336223152e-16,-3.99965635534567e-16,-3.95223266320157e-08,-4.05083384311459e-10,-1.96327990899077e-08,-4.20170686320612e-16,2.21527524195205e-08,3.22994656121056e-08,3.47044086006921e-08,-3.16830859240556e-08,-1.12893794071756e-07,9.62258315669552e-09,-4.36370903712733e-16,-7.62204674104074e-16,1.17214490210526e-15,1.83695024532503e-07,-4.69214375966418e-06,-9.04139718918826e-09,-7.12354379115285e-09,7.80911947275336e-17,-7.18404452017311e-16,4.03888045833051e-16,-3.34366639306441e-16,-1.27241134442944e-15,3.7478446440971e-07,9.66292268896242e-16,-1.58386955208404e-15,-5.51230786245688e-09,-4.26210217423069e-16,-4.93454989186718e-09,2.36154283741983e-16,-6.11793070153378e-09,-1.7967387246108e-16,-7.41417749876175e-09,-9.28047210793158e-10,-5.85914553686841e-07,1.14736848325189e-15,2.98033292714023e-08,6.40913642843026e-16,4.2317347938489e-08,-8.19749609145144e-07,4.1202157184971e-10,-1.38552837976093e-16,6.01403256542669e-08,-1.11950091114551e-15,-1.47886780463087e-08,-8.34749330233287e-08,-1.3440289975665e-15,-5.28047428847582e-16,-7.05379267397209e-16,9.6146371729785e-16,-2.80335018888545e-10,-3.65089232325141e-09,-8.15326990098921e-10,-4.43312129516192e-15,9.36557915671873e-16,-9.4863918881742e-08,4.86568330818803e-07,-6.15849346289739e-15,-4.87494567159441e-16,-3.72090958076422e-09,-2.97689467234317e-15,-2.63738991280477e-08,1.48864350976111e-14,2.49143165571463e-07,9.33820658864696e-15,5.63113519209593e-14,0.707106781186549,-5.31565419042935e-16,-4.09357705671058e-15,-6.78358965043633e-15,3.31358843830196e-08,-2.31742493911859e-07,3.45817374002168e-16,-2.22586963513864e-08,8.46896706103787e-08,3.619823437521e-16,4.11632148051186e-15,-2.20892106953279e-15,-3.83462114233633e-15,8.35900550396254e-09,1.33722205877289e-09,1.40860395358808e-15,-5.47147116991872e-16,-1.51908109490002e-08,-5.41914228669183e-08,-9.0212257210606e-09,-1.88223824496066e-15,-4.60338077744494e-17,-4.20935685038895e-16,1.30279410753267e-15,-2.55691229809592e-15,6.28299347630844e-16,3.21511816479427e-08,-3.04269567023277e-08,-5.85432272518362e-09,1.68405923432786e-16,-8.33361534000954e-17,-1.62056762999114e-15,6.86738509232354e-16,2.82654790646495e-16,1.78517778417842e-16,-3.55699400732123e-16,-4.4141027328269e-16,7.70701098525917e-16,2.85138279272849e-16,1.37266335518884e-16,3.0730216757884e-16,-3.0111950624445e-16,-1.56954846120644e-16,2.42204428997785e-08,-3.72188200716134e-16,-1.19757307354104e-16,-1.78057490531843e-16,0.00187127009488529,-2.95397300404483e-10,-4.80790246642943e-16,-5.7661773380429e-09,7.44958664501476e-06,3.48858988025582e-16,1.79313335406574e-16,-7.64426993600825e-08,-1.0286496784339e-16,3.65601739825222e-05,6.8238288344595e-17,-7.54515934449378e-17,-1.58894367316108e-16,-4.500124612131e-16,9.74839373724251e-10,-1.33907086005089e-07,-3.65059039901951e-16,-1.3805088684353e-16,-9.48589876452205e-16,4.48532209511848e-16,-1.63528858423273e-15,3.87112515088572e-17,-4.83580526377755e-16,3.0996599739384e-16,1.11954664815382e-08,1.55399726551012e-17,2.14442357061188e-16,-1.59004016022117e-16,-7.78085729308086e-18,4.68104225060273e-16,-5.52041522698999e-16,-3.19885028154951e-08,-5.31073513136921e-17,2.82656822177123e-16,2.38504956176266e-08,5.54494406161731e-16,-3.400507368001e-16,-4.38308257231689e-16,-2.34893393058208e-17,2.18335949349143e-07,3.51541881634623e-16,-1.46821097803576e-08,2.41498771222808e-16,3.36142227650793e-16,-2.03779892086488e-16,1.28335497085716e-16,7.62491826368927e-17,3.80035865831856e-16,5.30492891228462e-10,4.44666442094733e-17,8.67786196766632e-17,2.06589355362238e-08,-6.62194163240625e-08,-3.36392798172891e-16,4.63845823923355e-08,6.79343832777918e-09,3.10146059956254e-16,5.55384119531953e-16,-2.44575655315917e-16,-1.18839781844213e-16,-5.49312681265772e-16,-1.14057670754647e-08,-5.78799040347838e-17,-3.20727094556558e-16,3.95652996623174e-16,4.56575066766607e-09,5.99947513093839e-17,1.57401827852745e-16,-5.89537713483773e-17,-2.24271613928584e-16,-2.07988933377753e-09,5.54000179869852e-17,6.8647582294765e-09,4.99299013842136e-16,3.74763703515513e-16,-7.12032423499377e-17,3.81395167401499e-17,-2.47176713741763e-18,-5.50783682999413e-17,-1.97702305830787e-16,-7.4960788725721e-08,-9.21027225192454e-18,-1.17490273815801e-17,0.000160295086552007,-5.64853203923122e-17,1.84270778241523e-16,1.08117431917591e-16,4.77056951084459e-17,9.86218001296485e-17,-2.61386755845273e-16,-3.30389521318958e-08,9.2065910569964e-17,-3.16362568544001e-16,1.90081095086382e-06,2.94112284546957e-16,-3.71418732934056e-16,2.4959320635683e-16,3.36701229705229e-16,-2.29581004893948e-16,1.47703542333184e-16,-1.1207877316381e-16,1.47769999829361e-16,8.71734152317888e-17,-1.80637214151221e-17,4.30152119572401e-16,-9.96331430942752e-07,1.18010435409378e-07,1.68448983024028e-16,1.41393318918604e-16,-1.93472016378355e-17,-1.0089265670736e-17,4.7740132159968e-16,3.79980037884103e-17,-9.39108725263285e-17,-1.5286514126658e-16,-1.4817203985562e-09,-1.91335672553921e-16,-3.31356839906367e-16,2.42726436407288e-16,-1.4240239483531e-16,1.89680937665277e-09,-3.8737657703146e-17,-2.07413990633774e-09,-2.16608360775947e-16,-2.31288921976097e-16,1.09909890092648e-17,-1.3212629738621e-16,4.26066627680113e-17,1.50275170428597e-16,1.09321597981352e-16,1.20751773981828e-16,1.61455473551737e-16,-1.41986902884328e-16,4.44373272735425e-17,2.77744568053229e-16,3.23704491213559e-17,-1.65500555364377e-16,-7.29035896041062e-17,5.27586226017304e-16,-6.93923109173604e-17,-2.26109438143371e-16,2.59941483896557e-16,2.04345660246517e-16,2.04751580273888e-16,-9.08720881178017e-17,-5.37116341038747e-17,3.35073495633656e-16,9.99474271661997e-14,1.42946693492301e-10,2.33040986141061e-17,9.99468704093462e-17,7.37037786546901e-18,-2.59595027437825e-16,1.33330554961091e-16,6.79145899850091e-17,7.59013582853001e-17,-6.36031833812884e-17,2.63138956410588e-18,-2.25900625057768e-17,7.25534541300143e-17,-2.41195902282486e-16,1.461670430421e-17,1.17492164098492e-17,1.77408568249558e-16,9.47071815982448e-17,-7.1208809873023e-17,-1.83892744024752e-09,6.17776251910109e-17,-7.61115653600782e-18,7.31028469476735e-17,-3.56794423896417e-17,-4.90704971315442e-17,-1.4613121830026e-17,-5.29879341155469e-17,-1.47502856042167e-16,1.31161005433847e-16,3.89453487231796e-10,1.8430014324064e-16,2.0372800033348e-18,-1.93086482684455e-16,2.69339902150529e-17,5.42540198214766e-17,6.0359526093322e-17,3.59043592435891e-18,4.08725864392595e-17,-2.11739594443463e-17,6.52520703425499e-17,-2.91744100681911e-17,2.20682670814935e-16,4.38610892242656e-17,1.96399726161904e-09,4.69104111283365e-17,6.51767985887017e-17,-2.92909465572756e-17,-2.74445451173971e-16,-5.91036971220702e-09,-7.82491600278074e-18,-7.57507809637158e-17,-1.76208699301325e-17,-2.93655263463389e-17,2.1308288461408e-19,8.99331864133018e-17,1.23135100052847e-16,4.9343528948127e-17,7.80824382378463e-17,2.53743525279015e-18,-4.71102942607964e-17,3.15911031091144e-17,5.89070025441062e-18,3.25027954836426e-17,-1.55500026172315e-16,1.06650640572014e-16,-3.15484165597266e-16
"t391",-0.0374963048949643,-0.0102117984133817,0.00128893923800273,-0.114900768742693,0.0232036009065929,-0.004957779095468,0.0266421307211237,0.000435771584613651,0.000159296662410427,-0.000589316589827027,-0.000297754547984739,0.137153040887996,0.0560970713236431,-0.00429229560157936,-0.000351832908421515,-2.41865819812964e-05,-1.86853171953856e-05,0.000279980625651364,-1.84622320058197e-05,3.18364347136249e-05,-0.000905612081571809,0.000344044587902106,-0.000980275470764402,0.0232651946077449,0.00716075889452244,5.33718670250866e-06,-3.35672624066726e-05,4.86071085680776e-05,-0.00166062730091327,0.00212385417117026,-7.05537678236223e-06,1.38455014486088e-05,-0.00767031846239317,-7.55679659813171e-05,1.37917999156369e-06,-2.72214678684897e-06,-0.000245573295591471,9.23855603239924e-07,7.8502125955525e-06,2.33198828741495e-06,0.000137612387962947,-2.10796637633963e-05,0.00850304410521705,5.02488052292297e-05,0.000374314842277272,-1.85851458586797e-05,4.78800455151664e-05,-0.000426643523922905,5.98395278034496e-05,-0.000188316895791696,0.0808813178043355,0.000228650208446288,-2.76428458658896e-07,0.0002771775718315,-6.43137478031416e-06,6.13707953756683e-05,-6.57362811138765e-07,3.27744031337361e-05,-1.07353140102788e-05,5.36398376110435e-06,2.19202892745868e-06,-1.9450077456606e-07,3.02512651334057e-06,-1.19535142639375e-06,-1.1884718907298e-07,0.000221531110758789,-5.84434053958961e-08,2.43417172182234e-06,-7.04765984237698e-06,3.00683293642747e-06,-4.60089982154278e-06,7.83229266502469e-06,-3.5729196257432e-07,-2.68800047976537e-05,1.12051157761655e-05,1.07815223349839e-08,-6.03450084712015e-05,1.12199211083296e-06,-4.08433940363634e-06,-4.79242185839287e-06,1.40224662377699e-06,2.09920917866043e-05,-2.59574539028737e-06,-1.63072772174927e-05,1.01037783727865e-06,0.000216985592830407,-1.33285440221466e-05,-2.39191122539541e-07,-7.8343424252037e-08,2.04598868859799e-05,-5.04434616445361e-07,1.2515473435989e-07,1.123487254287e-06,-0.000112931412884611,-3.74609647581472e-08,-1.19184334137863e-05,-2.69220299962176e-06,6.13852574901655e-06,-8.93646398755375e-06,-1.89870132230311e-06,-2.86849263195198e-07,2.19463222749732e-07,-3.52473102229737e-07,-1.49152064268661e-06,9.95619370393865e-07,-2.82221125816274e-05,0.000419534825481819,-0.148512586902309,-3.96550704016395e-05,4.06486456622263e-06,1.53235854136329e-05,2.08485349953756e-05,-3.36423236307875e-05,1.73479900833987e-05,-8.26695582778084e-08,2.82601803672699e-06,-3.99519367709916e-06,3.84390654168753e-06,-3.62290241384256e-06,8.5243675573705e-06,-3.11644074056788e-05,7.05094127610978e-06,-6.46467452626368e-06,-1.77406404357053e-05,5.75053220752631e-06,-5.33453300995286e-05,5.40470985752436e-06,-1.67222128192841e-06,2.99327152373691e-06,9.86091847455792e-05,-3.09934902323185e-06,8.78498345829478e-06,-1.70998585002432e-05,-2.07752184961574e-06,7.32758959489355e-07,3.37648698504225e-06,-1.88071893148378e-08,-1.21763452332482e-05,3.64151502493051e-06,-1.04643788409924e-05,-6.64941739922288e-07,-2.56730327745251e-05,4.99552059089557e-06,3.18319170348581e-07,1.00422649167594e-06,-6.24768343734211e-08,-2.82933762006843e-06,4.20109125547056e-07,2.72925294125716e-08,-6.64751595448352e-08,-1.03196277645864e-05,-3.06187635398198e-07,-6.54751048730639e-06,2.44526723728329e-06,-7.0579807114691e-07,-6.1459007110896e-08,9.22017612508703e-07,-9.5649997609424e-05,-2.98830420668605e-07,-1.00710063806958e-07,-8.83488269071221e-05,1.08467148816878e-06,-1.81809920281291e-06,-0.00181929402700154,5.85612050567997e-06,-0.000936174808479703,1.5740949154519e-05,2.99634634874693e-07,1.53467555850144e-05,3.75855606142961e-05,-0.0235554931080563,0.000648899409600595,-5.17336690935331e-06,-1.68445483745744e-06,-0.0471223086731632,6.65332849576311e-07,4.36324415313945e-05,1.21964859398014e-06,7.33729950829458e-07,2.36098713013132e-05,-1.59095297878845e-05,-0.000377963152977405,-6.27830177486261e-07,-8.17587999869549e-09,-3.1818575272104e-09,2.35863153989014e-08,3.05100376759904e-07,-4.05587479699805e-08,-1.75937358056982e-07,9.9456230576288e-07,-7.62841174756819e-10,5.22828971284500e-09,2.4570666942225e-08,5.96947759959278e-10,5.34030875315995e-09,-8.15670877960937e-09,-1.49338467561272e-08,-7.27665215403206e-08,8.25367701117507e-09,1.64854724143544e-09,1.51877349346891e-09,3.99874999815182e-08,3.44061962903071e-11,3.1266875269279e-07,4.32463218228357e-08,1.63266780778977e-06,-3.7355155847138e-08,-1.60200368205121e-06,4.52757872319937e-07,4.68237794821973e-08,5.64563844837961e-06,-0.000210889251636787,3.13117619110702e-05,3.64969154792574e-07,2.32308898471858e-07,3.14981444097508e-07,-6.23527157514911e-07,-5.70793479248442e-08,1.38060434409342e-07,8.33394248713442e-07,4.86488181228247e-06,-5.30135282669643e-05,-2.20725233014132e-06,-7.78580237337572e-06,2.66303012132335e-06,1.45651989564282e-06,1.56305857138604e-05,1.68778555572497e-06,3.90447153918062e-06,6.43751890295589e-06,-0.000267254056082635,-0.265736278235808,4.42648157608182e-06,5.74388358911528e-06,-9.40864625365582e-08,-1.0262697794316e-06,-3.6866820083855e-06,1.04568711351269e-16,-3.31429712014545e-07,2.22331300998908e-05,-1.65927133182028e-07,3.78492215873614e-06,1.79923294643063e-06,-2.25565593003639e-06,1.42381626603745e-06,-6.82974255874896e-05,1.79930478987734e-07,-3.28929354520837e-08,0.337322234116303,4.97352362066679e-05,-1.12683248075304e-06,0.000139088809822608,-4.34153435908313e-06,8.13553103826198e-07,-4.66086569614228e-08,3.24716382182575e-06,-2.60545488429015e-06,2.54814747802714e-05,7.55827181726002e-07,-1.41780553303427e-07,3.05411320206122e-06,-6.00034362335933e-07,6.94208970253662e-05,-0.000874098129400909,2.46956125434623e-07,-8.5096661119354e-08,1.69521777369489e-07,7.6057021924121e-06,-2.75044398904414e-05,1.12835999198866e-07,4.52967798867858e-08,-1.05401758863603e-07,0.000254746302125324,-1.86424512003889e-05,7.31606483770867e-06,-0.00661850150404427,-9.771274928611e-06,-2.16944459632705e-07,1.47566804052179e-06,-1.83950118327183e-05,3.35890608804231e-07,-2.68786522566954e-16,-9.19242382882972e-07,-3.1778465838008e-08,-4.85445778169749e-10,-4.37185042040614e-06,4.94444450875941e-08,-3.08470362304588e-08,-7.23376470295477e-07,8.43059050662347e-08,-6.726709442017e-07,1.76270291024488e-06,6.50140656721541e-08,-5.96860037525717e-08,7.77427350059812e-07,-9.47339053872962e-07,3.45334188066986e-05,-6.41095626456962e-07,4.7994985045253e-05,9.75121676526114e-07,0.493476790517221,5.90105585670647e-07,-5.95605924641479e-06,2.26653562079725e-07,-5.46217297019925e-07,7.39037074855853e-07,-2.68494861392162e-06,1.7043478876365e-07,1.5418804262358e-07,1.18538116893198e-06,-5.79002842916895e-05,-1.57235279903657e-07,3.77505684444231e-05,-8.34684436503074e-07,2.06234570614502e-08,1.91633092801234e-07,-3.70718080696664e-07,1.70884482311785e-17,1.08976531479109e-09,7.31467608884228e-06,-4.13333499116585e-07,3.04700981776047e-07,7.95730239990375e-06,7.93650804077195e-08,1.83976792422813e-07,-2.68827367990102e-06,9.96167576776622e-07,3.09252039390059e-16,-7.58045757015864e-07,-9.23318425188327e-09,-2.57715050590361e-08,1.36833232288641e-06,1.9287662459936e-07,-1.29928794481762e-08,-4.96079504216494e-07,1.32306848921256e-07,-0.000125641482579892,8.06668312275494e-07,-1.64095832055464e-07,-2.96663892375842e-07,-1.56807507475445e-08,-1.54675067839457e-08,-2.95090957388235e-07,1.9713912461307e-06,-3.19595762937355e-07,5.57418140723457e-16,-6.49676376725374e-06,5.09822257352652e-07,4.2670290520706e-07,1.28730292603791e-07,-6.03811267117588e-07,-1.27335138953999e-06,0.000117494120614906,-2.29580864653513e-05,-1.07029376243622e-07,-2.83485173902661e-16,-1.99785125502528e-07,-8.87217315718337e-07,-2.53699522677886e-07,3.42206637079262e-17,4.79153975883275e-07,4.82252863448502e-06,-7.35551687777672e-07,-3.91235417819035e-07,-1.30430291417354e-07,-6.97833432161285e-08,-2.49533196793637e-06,6.96043208822826e-08,7.39749419905065e-07,3.45648736907133e-07,1.52098830143989e-07,1.53415661684883e-06,-1.41117645566306e-16,-6.11792429199219e-07,2.87527042486843e-07,1.86609168897297e-06,-1.8910165416776e-07,3.18155351851434e-17,-1.86485081004244e-07,2.4754978173938e-07,-8.72047950416675e-08,-7.82193854734257e-08,-2.00214399014474e-07,1.51595989724078e-06,-3.04035663321997e-06,5.50284181227306e-07,3.78906342694109e-16,5.78766684528416e-06,-1.07941407289784e-05,0.0233386630883711,-5.1820260765326e-06,4.80480637947148e-07,2.38712410851736e-09,-3.81205483845903e-16,-7.11432179514785e-17,6.27434043135894e-10,1.59432278816344e-07,-1.67626736009707e-08,-9.03257662314425e-09,3.46205519109766e-16,-2.24913521362477e-08,-3.21561665215265e-10,-3.14866142239915e-17,1.10264711945771e-17,-3.30684117656075e-17,9.11471421967028e-08,2.74680976536793e-07,-4.22048297165142e-07,2.59242476824451e-07,1.29755774943113e-07,2.7589059567729e-07,-1.33260084113979e-06,-5.1069185123134e-17,-3.05747043049802e-07,5.45887665020525e-07,7.42880935331528e-17,6.02395020299344e-16,-5.6775016478354e-07,-2.77707044113951e-11,-2.13981598418787e-07,1.6802838278578e-07,2.13843983986899e-07,-1.15154825995727e-08,1.19190627429558e-16,-3.87864228617475e-08,5.38266639813905e-17,-1.32739315842541e-07,2.42014253689499e-16,-2.41999453744519e-07,-1.38587051974136e-16,1.89830809455032e-07,2.62768971241023e-07,1.5864526373722e-08,2.09940730937836e-07,2.05177586879447e-05,-8.25216942043015e-08,1.49889993868117e-05,2.6242185661166e-08,1.27661255387817e-07,1.17803803567075e-08,1.84916884045763e-07,-8.31290130148028e-07,-1.29015938779101e-07,-1.04881236810511e-08,-2.50845556962009e-07,1.24242756272479e-16,3.74815245146923e-06,-6.47628221710084e-07,4.03519690083417e-08,3.89927726698576e-16,5.35125702638771e-09,1.45456623704253e-07,5.21087450474333e-07,-6.31827925721491e-17,-1.39772799624943e-06,-6.73581088007123e-08,-1.18566437371292e-16,-8.91623172726375e-08,1.39775098408008e-06,-1.27539315490195e-16,1.0439637404939e-17,-8.21180346064619e-08,-3.99306440400979e-08,-2.28274203771506e-10,-3.18066437861821e-07,8.54032155430742e-08,2.77615947461944e-07,2.42632361489878e-08,3.02959432877522e-07,-5.26825372667429e-07,1.2871919242291e-15,2.01665908261459e-06,7.591350277599e-10,2.1142390163007e-09,2.00359779536025e-07,1.68605780690822e-17,4.85818123434585e-17,6.72893053997229e-08,2.77413313078054e-16,-6.3706794863465e-16,8.30607262874216e-07,-2.62438487983527e-05,-0.0158125760036532,-1.82275770922759e-09,1.48515349568599e-05,-4.11304588515095e-08,6.14563370618414e-09,1.63337459240053e-16,2.49522829313253e-08,1.19904645688302e-09,5.54613639608563e-09,-6.40731852148031e-07,4.69239191285642e-05,-1.40293644725347e-16,1.72982890893747e-16,5.26391504757315e-16,-2.11046865466327e-08,-0.000443285470914115,-5.63492558401385e-08,-4.16380203815267e-17,-8.68560647701663e-08,-6.99044635310742e-17,-1.71497065335309e-18,1.31490425406973e-06,-2.88768395580994e-08,-4.78390656082073e-16,-7.13027070271004e-08,-4.07951594432587e-07,-4.27934764534934e-16,1.10708648901362e-07,-2.03567641364328e-16,2.96710313608027e-08,8.73330358433965e-17,2.96120516729176e-08,2.56389193776135e-07,1.02669975584489e-07,8.73889056830078e-09,6.00472904760793e-08,-2.08790972991107e-07,8.33946600296394e-08,3.28590095899599e-16,3.8192316181597e-06,-6.16850011072552e-06,-3.31872872287245e-16,-2.83995337582671e-08,-8.34359708698831e-08,1.34772609124266e-07,-1.69079031676401e-16,6.25022570960997e-08,9.136404054512e-07,8.14456634809817e-17,-2.06802857236516e-07,-4.57692607954476e-08,-2.63871744128679e-08,1.94712566647444e-16,-6.65555269502759e-16,4.29634788915022e-08,1.32008300882381e-08,1.06887614359029e-09,-1.24023505422161e-07,8.31581173815851e-09,5.85653681507597e-17,-4.16632366825092e-17,3.10751450911161e-08,2.15035016052408e-10,2.80667859304089e-16,8.36064675569382e-08,3.09392133828642e-16,0.00656966374542958,-1.06846382937951e-08,-6.33029838159057e-09,-4.36555051978346e-08,-2.39956722924506e-16,-2.39526306531822e-16,-1.10003366417184e-18,-8.72378700240567e-17,-4.24921606729582e-08,-9.28441575228297e-08,-6.04188187630448e-16,4.25543704682606e-16,-2.40212710032658e-16,3.7305324233556e-06,1.18657004415163e-09,-1.6802014951867e-07,-9.79141730614757e-17,-4.55408958157169e-16,-1.0329939486263e-15,-4.9861231979198e-07,0.00231504355071033,5.18125579139277e-16,1.49387041188754e-08,-6.2591826637221e-07,-4.73940369827626e-16,3.06098110512495e-16,-3.95223255699345e-08,-4.05083678366551e-10,-1.96327983295623e-08,1.3191797978556e-16,2.21527522679221e-08,3.22994658046486e-08,3.47044086939457e-08,-3.16830860443699e-08,-1.12893794907366e-07,9.62258344679545e-09,4.38397266361121e-16,7.55464757186877e-16,-1.36163203425709e-15,1.83695024285307e-07,-4.6921437592693e-06,-9.04139711741474e-09,-7.12354364385232e-09,-2.0783218815644e-16,8.68622968754239e-16,-3.52851656123079e-16,2.01509678198862e-16,1.45897174815327e-15,3.74784464766559e-07,-1.01589438239732e-15,1.57775875734187e-15,-5.51230683267792e-09,4.62597653263666e-16,-4.93454927658418e-09,-2.44767915179633e-16,-6.11793172480549e-09,2.77119683578079e-16,-7.41417719408171e-09,-9.28046087815036e-10,-5.85914553048953e-07,-1.0327083763211e-15,2.98033310645704e-08,-7.13221605156775e-16,4.23173478418698e-08,-8.19749608593582e-07,4.12021548165862e-10,3.02978572439534e-16,6.0140325998128e-08,1.08998156950769e-15,-1.47886777176508e-08,-8.34749344359947e-08,1.33904622093646e-15,5.29836899308962e-16,6.58375877648419e-16,-1.01646166378039e-15,-2.80333265256048e-10,-3.65089069760844e-09,-8.15326903446496e-10,4.48610541963426e-15,-8.60557048969281e-16,-9.48639165749808e-08,4.865683269572e-07,5.98085712487839e-15,4.72567566825973e-16,-3.72090896408714e-09,3.18437116397049e-15,-2.63739030816951e-08,-1.47317085720129e-14,2.49143178288808e-07,-9.3145218976692e-15,-5.64948700385747e-14,-0.707106781186547,8.63703134538291e-16,4.02285912011215e-15,6.99302854215803e-15,3.31358661445534e-08,-2.31742498391395e-07,-3.40433379526919e-16,-2.22587021833301e-08,8.46896711423788e-08,-2.12751962886593e-16,-4.0859452476731e-15,2.28969941100673e-15,3.83576989088549e-15,8.35900638010257e-09,1.33722535427645e-09,-1.50188260700016e-15,-2.93206973597125e-16,-1.51908104689909e-08,-5.41914236517939e-08,-9.02122654327556e-09,1.8344995876205e-15,4.74432158461089e-17,3.27504605837366e-16,-1.57401721707635e-15,2.47955775046768e-15,-7.43405912522292e-16,3.21511818197815e-08,-3.04269606374601e-08,-5.85432219093027e-09,-1.62164918687416e-16,1.33219910741811e-16,1.49392591929651e-15,-8.03162623296892e-16,-3.13678459972661e-16,-3.83512280493561e-16,4.98573819597038e-16,3.66189498244092e-16,-7.16269968690216e-16,-3.2638915814474e-16,-5.48871627402572e-17,-1.57725460704316e-16,3.71160117359638e-16,3.36020490236396e-16,2.42204433148547e-08,5.88451791849411e-16,-6.65327841858648e-16,2.00759051603648e-16,0.00187127009488491,-2.95397958575503e-10,3.32643806437488e-16,-5.76617768227366e-09,7.4495866453188e-06,-3.28567330596676e-16,-7.16717642678029e-17,-7.64427005726401e-08,-5.5997645336025e-17,3.65601739826401e-05,-8.94453446142168e-17,7.65224049136233e-17,-7.73812966372055e-17,1.33914156371336e-16,9.74838563854948e-10,-1.33907085878409e-07,1.19159210515543e-16,-1.56085190165878e-16,8.25446576843627e-16,-4.46144646977286e-16,1.43666952249696e-15,-3.67780994996687e-17,5.63761719346668e-16,-3.5951437048222e-16,1.11954665209991e-08,-4.61898517175651e-17,-2.2122808286725e-16,1.66809657517809e-16,3.57173775905396e-17,-4.62293524297997e-16,4.69672488168711e-16,-3.19885030830468e-08,6.09928301793581e-17,-2.57728573190315e-16,2.38504958387008e-08,-5.42995370387588e-16,3.51498271913239e-16,4.04281839929851e-16,7.6217195911055e-17,2.1833594898009e-07,-3.77375405630851e-16,-1.4682109579986e-08,-1.59931358514361e-16,-3.4018311107316e-16,1.72348463678278e-16,-5.85331411174235e-16,-3.92583552255888e-17,-3.08418972387034e-16,5.30493092078631e-10,3.55860022940945e-17,-8.09876441712591e-17,2.06589359353105e-08,-6.6219416144718e-08,3.85074847997851e-16,4.63845819193394e-08,6.79343913975095e-09,-2.55907577168052e-16,-6.94036904064999e-16,2.89387754496616e-16,1.77297802069134e-16,1.57286218608153e-16,-1.14057671230209e-08,3.93716419046752e-17,1.91629582710414e-16,-7.88513217426876e-16,4.5657506904327e-09,-1.12742324203923e-16,-1.36392874761545e-16,-8.33252882012254e-18,1.98377327940455e-16,-2.07988911585844e-09,7.08289645203589e-17,6.86475768791558e-09,-4.65169909984174e-16,-2.59711408373742e-16,-5.65079122079778e-17,-4.50304369221475e-17,1.10983458458584e-17,3.3161123677497e-16,1.74078359178602e-16,-7.49607889170787e-08,2.41134881552274e-16,2.95136912828863e-16,0.000160295086552292,-5.22261208932066e-17,-1.61321600889907e-16,-1.01951077447259e-16,-5.79498824988819e-17,-1.06556454102849e-16,3.17576037063895e-16,-3.30389522582763e-08,-5.80048962176537e-17,3.14392570877338e-16,1.90081095085431e-06,-2.77555320334992e-16,2.89317735634328e-16,-2.43098718300224e-16,-2.46585049808431e-16,-2.37785271534755e-17,-2.22462923763653e-16,1.38516534140881e-16,-1.23467623314286e-16,8.34585356499936e-18,4.20088414123572e-17,-3.82539416659574e-16,-9.96331431192354e-07,1.18010435285422e-07,-5.68020075446341e-17,-2.03699485413196e-17,4.33691550023996e-19,1.61173386113776e-17,1.59309956719589e-17,-1.71234479414298e-16,7.55243173037197e-17,3.98358357293279e-16,-1.48172062626655e-09,1.3361720947695e-16,3.22912198112468e-16,-4.03023294973643e-16,2.666755227807e-16,1.89680936995686e-09,1.8339835140918e-16,-2.07413995673885e-09,1.14240799593075e-16,-9.42423421235997e-17,4.16195056338798e-17,1.54660114584682e-16,-4.75074800191005e-18,-1.31174071033294e-16,-1.49304571386237e-16,-1.65257094581676e-16,-1.33497277151824e-16,7.30124216522369e-17,4.22175117146545e-17,-3.14714314345819e-16,5.24121203191291e-16,1.64820715005747e-16,1.36339888951489e-16,-2.10195150920078e-16,1.39879201297181e-16,2.00711871672171e-16,-2.78943460357075e-16,-1.5790077760652e-16,-1.38764325550988e-16,1.03239344073838e-16,-1.92374315701194e-16,-3.18503642200206e-16,1.00501512760895e-13,1.42946741450651e-10,-2.01687498706105e-16,-5.14348579239462e-17,-1.63114969102344e-17,-1.62201791698709e-17,9.3978709171602e-17,-4.40270633959842e-17,-8.49798814621377e-17,6.41529277120068e-17,3.21583020141327e-17,-5.9921456005626e-17,-1.83236943413628e-16,-1.39910695661523e-18,-6.92213137621538e-17,4.89575576526832e-17,-2.18182408770071e-16,-2.93495171492231e-17,2.4224990439455e-17,-1.83892740196315e-09,-9.55370140754704e-17,-4.56671721257616e-17,5.14200980454581e-17,-1.28631515423345e-16,-1.62243565762013e-16,8.020650123327e-17,1.80415976549466e-17,-1.20631463459523e-16,-9.79901343501368e-17,3.89453456651668e-10,1.25577043073392e-16,4.08867305125377e-17,3.62481219213714e-17,7.82651776391987e-19,3.69550658672027e-17,-1.03363294882647e-16,3.08036500295275e-18,2.01300331289591e-17,-6.82710101901299e-18,9.70657867630354e-18,2.19201989342457e-17,-4.29563644624654e-18,1.30198458607391e-17,1.9639972448255e-09,4.63703581213738e-17,9.57673738713297e-18,-2.55510652669521e-17,-3.17013938971183e-16,-5.91036971237307e-09,-7.04109194594891e-17,4.6353633842249e-17,-1.97953062151515e-16,2.58783675216336e-17,-9.57345904119502e-17,1.57237998217758e-16,2.04222223589161e-16,4.14113639207819e-17,-4.1879595730208e-17,3.77741251616662e-17,-1.46110161796999e-16,3.96850778334461e-17,-1.60159952805514e-16,2.83682926684655e-17,-9.10827031151547e-18,1.80531867880729e-17,-2.04224597057473e-16
"t357",-0.0374953467986877,-0.0102112481356648,0.00128886753207538,-0.114892197762501,0.0232014808352283,-0.00495724745063565,0.0266392175280426,0.000435720134986164,0.000159274439463353,-0.000589216837077569,-0.000297690544238816,0.137116679113414,0.0560817616164138,-0.0042911063415774,-0.000351731152818221,-2.41791714859366e-05,-1.86794546475072e-05,0.000279891179251292,-1.84561963503063e-05,3.18251210885879e-05,-0.000905263771606737,0.000343884608152532,-0.000979793820118494,0.0232536974398506,0.00715720611737594,5.33441095562411e-06,-3.35495959295792e-05,4.8581294223188e-05,-0.00165972141837623,0.00212248287137776,-7.05051403722577e-06,1.3835517140324e-05,-0.00766438042140524,-7.55066357055858e-05,1.37800231786185e-06,-2.7196324795059e-06,-0.000245343529631454,9.2297716035195e-07,7.84269632219066e-06,2.32972148143169e-06,0.000137474683339845,-2.10580458231643e-05,0.008494190581807,5.01964198066187e-05,0.000373917623169363,-1.85641288262377e-05,4.78248685464853e-05,-0.00042614751723394,5.97682452654462e-05,-0.00018808668525999,0.0807790453368339,0.000228356574161074,-2.76072666528175e-07,0.000276813960402888,-6.42262365482378e-06,6.12868320756436e-05,-6.56374154603218e-07,3.27238740594097e-05,-1.07187146348437e-05,5.35518657184703e-06,2.18827611066474e-06,-1.94160787185759e-07,3.01974990356689e-06,-1.19321805836186e-06,-1.18628522976853e-07,0.000221112448743585,-5.83264400903329e-08,2.42917679168334e-06,-7.03303195323062e-06,3.0004637373945e-06,-4.59010105365036e-06,7.81251282038075e-06,-3.56379726547728e-07,-2.68098261689392e-05,1.11757800783364e-05,1.0753025650914e-08,-6.01849065925942e-05,1.11896009462916e-06,-4.07284311317729e-06,-4.77871302471955e-06,1.39812504905329e-06,2.09300303349418e-05,-2.58774335638697e-06,-1.62563795643644e-05,1.00705622180933e-06,0.000216262295717972,-1.32834935131829e-05,-2.38380844763902e-07,-7.8077875046011e-08,2.03904352632728e-05,-5.02713296710203e-07,1.24706372530727e-07,1.11944471964794e-06,-0.000112513021066304,-3.73152071535258e-08,-1.18717221672917e-05,-2.68164803344351e-06,6.11401558424138e-06,-8.90054112683789e-06,-1.89087440600791e-06,-2.85642649905046e-07,2.18538414084705e-07,-3.50984808850308e-07,-1.48464405195065e-06,9.90999579481981e-07,-2.80905047698716e-05,0.000417561073104545,-0.147812173408867,-3.94672356784332e-05,4.04548384992935e-06,1.52503688619549e-05,2.07476570605554e-05,-3.34792975357868e-05,1.72611344168382e-05,-8.2252800831945e-08,2.81155637289882e-06,-3.97461196294506e-06,3.82374019438404e-06,-3.60356299635268e-06,8.47826920457027e-06,-3.09946358083462e-05,7.01155520319869e-06,-6.42797974241447e-06,-1.76398794739181e-05,5.71779609425176e-06,-5.30366596099793e-05,5.37339452486133e-06,-1.66239667502323e-06,2.97498278982387e-06,9.80064270089924e-05,-3.08034420691796e-06,8.7297075052077e-06,-1.69917235517451e-05,-2.06433644900663e-06,7.28039119148502e-07,3.35469394071227e-06,-1.86819969075144e-08,-1.20932797653241e-05,3.61583919220569e-06,-1.03905275932253e-05,-6.60222627648731e-07,-2.54903104993933e-05,4.9598029590189e-06,3.16039232668819e-07,9.97033624552794e-07,-6.20237224770883e-08,-2.80830586811404e-06,4.16907859981937e-07,2.70832768622476e-08,-6.59585718479085e-08,-1.02393466511339e-05,-3.03793427525128e-07,-6.49615846963606e-06,2.42602334359738e-06,-7.00067689417911e-07,-6.09575450871265e-08,9.14468219907571e-07,-9.48030854507081e-05,-2.96134536781405e-07,-9.97989108081979e-08,-8.75368199644063e-05,1.0746702078352e-06,-1.8009952467634e-06,-0.00180213715090108,5.79980870186161e-06,-0.000927002739496045,1.55782345125667e-05,2.96531483165367e-07,1.51877410321844e-05,3.71932843569186e-05,-0.0233075544759759,0.000642060938159078,-5.11792792202911e-06,-1.66630910815386e-06,-0.0466089236459932,6.58064122339301e-07,4.31550826820427e-05,1.20595191378548e-06,7.25265996986328e-07,2.33362611051417e-05,-1.57243460351479e-05,-0.000373506350755815,-6.20390034192314e-07,-8.07851737319331e-09,-3.14379196277314e-09,2.32997618237739e-08,3.01379498725097e-07,-4.00475805043268e-08,-1.73717587540999e-07,9.81875717485837e-07,-7.52813479510342e-10,5.15782300032249e-09,2.42366467151491e-08,5.88728162430392e-10,5.2660727399581e-09,-8.04006445831348e-09,-1.47189734502215e-08,-7.17058639555166e-08,8.13258684854773e-09,1.62312295786087e-09,1.49529635102992e-09,3.93562056838059e-08,3.38519432912065e-11,3.07372767990122e-07,4.25136479421876e-08,1.60488045474586e-06,-3.6710424764849e-08,-1.57408390973827e-06,4.44660982334913e-07,4.59592258608186e-08,5.53868257548432e-06,-0.000206862121522563,3.06919891753077e-05,3.57599452864444e-07,2.27615489451953e-07,3.08517919269699e-07,-6.10215307154925e-07,-5.58514180553484e-08,1.34966704973447e-07,8.14182032817029e-07,4.75162336812026e-06,-5.17280569638431e-05,-2.15320754510463e-06,-7.5931188903708e-06,2.59493348429451e-06,1.41902715994521e-06,1.52275784189352e-05,1.64266928313243e-06,3.79777247597476e-06,6.25720119447487e-06,-0.00025968343597895,-0.258120138459641,4.29821496867208e-06,5.57692284625047e-06,-9.12713063697601e-08,-9.95000076152761e-07,-3.57210550774052e-06,8.82568312798561e-18,-3.20830323469076e-07,2.15179940878018e-05,-1.60371797769353e-07,3.65417676419793e-06,1.73544197448125e-06,-2.17555704710679e-06,1.37071532696301e-06,-6.57289690672006e-05,1.73137752347003e-07,-3.16279979795508e-08,0.324185929200302,4.77530645349051e-05,-1.08145670680847e-06,0.000133463919061918,-4.16177618749722e-06,7.76273446131244e-07,-4.43921091181357e-08,3.08780228638824e-06,-2.46827973072362e-06,2.41330319406405e-05,7.13742620843276e-07,-1.33652660991524e-07,2.87143603326836e-06,-5.6364418497215e-07,6.51487317796942e-05,-0.000819192329681086,2.30958136412083e-07,-7.95644121502304e-08,1.57568161022688e-07,7.06836893357635e-06,-2.55571031564316e-05,1.04662418304822e-07,4.19872574070067e-08,-9.74846199809222e-08,0.000235511443702863,-1.69581024723379e-05,6.64087734603203e-06,-0.00599718085276624,-8.81656002755835e-06,-1.9503950389065e-07,1.31469582659194e-06,-1.6340995506093e-05,2.97673651665084e-07,7.4215509424425e-17,-8.07437521127266e-07,-2.78782118190335e-08,-4.24055618894422e-10,-3.77664202698671e-06,4.2245833867093e-08,-2.62045984979575e-08,-6.12670998516163e-07,6.79058972210378e-08,-5.39534879679645e-07,1.41217793852132e-06,5.0972033462033e-08,-4.27330003082885e-08,5.44106697227452e-07,-6.5142668856331e-07,2.20838852917616e-05,-1.01108244942114e-07,-4.05720066955291e-05,-9.57240679284109e-07,-0.506406811805732,1.15047609686284e-06,-8.11350322865677e-06,3.02895609490134e-07,-7.12697209895405e-07,9.41434365500175e-07,-3.39819890276155e-06,2.06745555115882e-07,1.86561626893307e-07,1.42784299791247e-06,-6.95386480745995e-05,-1.87150293128212e-07,4.45349514945642e-05,-9.77437314714343e-07,2.407811067303e-08,2.22657289004688e-07,-4.26767246626807e-07,-4.56218765277217e-17,1.20880943325628e-09,8.09312818355261e-06,-4.55704867593744e-07,3.35902561459488e-07,8.77120779500436e-06,8.74111443504094e-08,2.02324083782187e-07,-2.95129249143253e-06,1.09006156745073e-06,1.36586966901065e-16,-8.24070133902995e-07,-1.00299909013236e-08,-2.79528678397913e-08,1.48388807997751e-06,2.08439338245002e-07,-1.40164664576776e-08,-5.3391418037606e-07,1.4218360457581e-07,-0.00013461609898801,8.62136186340633e-07,-1.75120790999547e-07,-3.16344133908094e-07,-1.67129447651584e-08,-1.64719419563344e-08,-3.14225419764311e-07,2.09802285277458e-06,-3.39977227753303e-07,-7.75493709417058e-16,-6.8903335387056e-06,5.40395526622513e-07,4.52289103746295e-07,1.3623694911813e-07,-6.38877143103956e-07,-1.34383665688793e-06,0.000123914121034866,-2.42093759956278e-05,-1.12807879651801e-07,3.76571020181734e-16,-2.10457665109743e-07,-9.34428031668224e-07,-2.67007172924587e-07,-9.6186120241157e-17,5.03910583544794e-07,5.07082376555628e-06,-7.7335423932126e-07,-4.11267746298535e-07,-1.37067550785551e-07,-7.33181590882956e-08,-2.62128076004531e-06,7.30810482576361e-08,7.76654615342088e-07,3.62771689559016e-07,1.5954243673064e-07,1.6091910486467e-06,5.06265802112228e-17,-6.41033273505257e-07,3.01215965300051e-07,1.95418305878333e-06,-1.97916436647683e-07,9.92797925539397e-17,-1.94953225682114e-07,2.58482157708497e-07,-9.10099615738784e-08,-8.1613761899032e-08,-2.08846465115828e-07,1.58055001354749e-06,-3.16751139723211e-06,5.7233263710533e-07,-1.06866923324156e-18,6.01168134005386e-06,-1.12107312190214e-05,0.0242340543864479,-5.37922869692089e-06,4.98754124016504e-07,2.47770552954971e-09,-7.52219467270443e-16,-1.16808736468416e-16,6.50940515235523e-10,1.65341178800796e-07,-1.73831117621452e-08,-9.36377217075719e-09,7.95325605345627e-18,-2.32998477471475e-08,-3.33023254082949e-10,1.32094658126183e-16,-1.04426852322712e-16,1.07231014964955e-16,9.43143490388646e-08,2.84195923240024e-07,-4.36514219370764e-07,2.68050861268575e-07,1.3416008846413e-07,2.85170660583874e-07,-1.37737901082787e-06,-2.30233615445703e-16,-3.15841117228855e-07,5.63801795049989e-07,2.20786240915676e-16,3.19312612613232e-16,-5.85965037772471e-07,-2.86572790164881e-11,-2.20763859847324e-07,1.73329976500342e-07,2.20533753085647e-07,-1.18752369911057e-08,-1.08897252714692e-16,-3.99959070990452e-08,-4.366290483258e-16,-1.36856801608536e-07,-1.32503058004885e-16,-2.49477439772362e-07,3.37051142098682e-17,1.95668626025599e-07,2.70842059392271e-07,1.63458900659508e-08,2.16294247259278e-07,2.11380255954831e-05,-8.50048006470596e-08,1.54382289157669e-05,2.70215775494941e-08,1.31452488477632e-07,1.21292734145042e-08,1.90366405019816e-07,-8.55629344275542e-07,-1.32773127540852e-07,-1.07922876480884e-08,-2.58105517859685e-07,6.56548105092566e-17,3.85595998883626e-06,-6.66146944360696e-07,4.14874599256991e-08,2.55829755112889e-16,5.5011643086616e-09,1.49504296522961e-07,5.3554735783415e-07,4.69883375424291e-17,-1.43645870271466e-06,-6.92141243530532e-08,1.50483002373551e-17,-9.16124363564659e-08,1.43555241976109e-06,-9.25627276769632e-18,-6.10159992985706e-18,-8.43255142721472e-08,-4.10034756850697e-08,-2.34392027954994e-10,-3.26565919756518e-07,8.76706163036759e-08,2.84982381503998e-07,2.49065471326729e-08,3.10924662544234e-07,-5.40583537298499e-07,-2.60994567971573e-16,2.06919266992255e-06,7.78901469025139e-10,2.16920775240094e-09,2.05559682961667e-07,2.32589332346085e-16,-3.28731001094707e-16,6.90313816188489e-08,-1.54901488842226e-17,3.41638570423047e-19,8.51790376955956e-07,-2.69114548275016e-05,-0.0162148040064688,-1.86886994485599e-09,1.52269740297269e-05,-4.21700516623438e-08,6.30081087814405e-09,-6.06309436394483e-16,2.55756590499834e-08,1.2289350830383e-09,5.68428304371294e-09,-6.56633522348629e-07,4.80808377461417e-05,2.09086399824476e-16,-1.13964976637244e-17,2.38608441363452e-16,-2.1620198314538e-08,-0.00045407035558302,-5.77197879582844e-08,-5.50135091284459e-16,-8.89605548195619e-08,4.05591747071659e-16,-1.65983774835472e-16,1.34624437382476e-06,-2.95649657043535e-08,9.49625577825741e-17,-7.29951121330702e-08,-4.17612332222132e-07,-1.11202786120698e-15,1.13318138028635e-07,-4.3637891329381e-16,3.03665094749257e-08,-8.28921785450095e-17,3.03058005166547e-08,2.62393536672079e-07,1.0507334027677e-07,8.94333164557218e-09,6.14501460758548e-08,-2.13644011351266e-07,8.53193864316205e-08,3.46225730233496e-16,3.90661353390792e-06,-6.30950156336861e-06,5.51555791926952e-16,-2.90479017108536e-08,-8.5336580301705e-08,1.3783646690795e-07,-2.1001111184061e-16,6.39135031721686e-08,9.34241908802537e-07,4.37728593311389e-17,-2.11457710513983e-07,-4.67985609567453e-08,-2.69786662464294e-08,-5.8149583139388e-17,9.67188368600888e-17,4.39192062120574e-08,1.34935342044501e-08,1.0925605744801e-09,-1.26733497549953e-07,8.49710842889321e-09,-7.88298035968899e-16,-3.61929596024666e-17,3.1751574584603e-08,2.1971514848473e-10,1.69107290838583e-16,8.54212641637526e-08,-2.11080561925428e-16,0.00671190875465813,-1.09151840438562e-08,-6.46685604447266e-09,-4.45963413750132e-08,-6.00872774568911e-16,-1.32067749127162e-15,-1.39988425245548e-16,3.97962117829301e-16,-4.34000918180938e-08,-9.48265685149283e-08,-1.00896010138406e-16,7.4619420193113e-16,4.06517834283164e-16,3.80998526480364e-06,1.21181392402523e-09,-1.71584115542459e-07,-1.8752620805215e-16,-1.81739389162883e-16,2.79419228640249e-16,-5.09083013895416e-07,0.0023636419802032,4.71449042709573e-16,1.52510861062267e-08,-6.389863022973e-07,7.36710749776392e-17,5.06176999635918e-16,-4.03444439627953e-08,-4.1350771049162e-10,-2.00401850703142e-08,-5.3843852825609e-16,2.26107737831771e-08,3.29659523697264e-08,3.54185465352509e-08,-3.23326040237811e-08,-1.152058387353e-07,9.81928201527423e-09,3.63186410419991e-16,7.13268634210966e-16,-7.06181142074705e-16,1.87410053943607e-07,-4.78702171773097e-06,-9.22397185750381e-09,-7.2664108927014e-09,-1.11029735904185e-15,3.85791028492534e-15,7.05572321057142e-17,-2.35292743340678e-17,1.40694094695848e-15,3.82247705858944e-07,1.0948874161023e-15,3.24578408904799e-16,-5.62177267966544e-09,4.09764730069937e-15,-5.03252483709251e-09,-2.53657025822949e-16,-6.23937410346416e-09,-4.40106267136936e-15,-7.56064475685435e-09,-9.46358794777427e-10,-5.97455814792309e-07,1.63376793324918e-15,3.03891306882909e-08,-2.36683893295545e-15,4.31452204324256e-08,-8.35689023154169e-07,4.2003117433327e-10,2.29925900017469e-15,6.13065264564131e-08,1.21368550414039e-14,-1.50743363530797e-08,-8.50870276769653e-08,-1.41196696376165e-14,-0.707106781186548,1.12997386987922e-13,1.60926654409451e-14,-2.85716300085115e-10,-3.72113858515291e-09,-8.30986463564553e-10,-4.09145334099954e-15,-5.49579680655236e-15,-9.66782062719277e-08,4.95872082734085e-07,-4.29914625255718e-15,7.51541870934496e-16,-3.79164612177784e-09,-3.5616084987953e-16,-2.68746444819216e-08,-6.52322562699683e-16,2.53856546472533e-07,3.06893618692889e-15,-9.50894372313887e-16,-8.21275129650318e-16,-1.05997488627613e-15,-4.39470969302205e-16,-1.05440294770419e-15,3.37582139883605e-08,-2.3609453897914e-07,4.05238221902696e-16,-2.26756558582473e-08,8.62744291592174e-08,1.07713685842216e-15,-2.77634084849385e-15,2.21526438258141e-15,5.78264025957148e-16,8.5147176711174e-09,1.36210659035624e-09,9.2784395881117e-18,-1.21349097866334e-15,-1.5473152264557e-08,-5.51984883146752e-08,-9.18878571483093e-09,1.37184327537792e-15,-6.88290223229812e-16,-1.28944800635196e-15,1.96672274352926e-15,-1.82787792724383e-17,-1.56154004196752e-15,3.27433803327172e-08,-3.09869629493031e-08,-5.96198675133482e-09,9.70815273698351e-16,-1.10269468259746e-15,-1.11574088824351e-16,1.79453933669688e-16,6.22946297116648e-16,-2.8989417750619e-16,4.23356577577771e-16,-3.47350191662254e-16,-6.84415001991797e-16,-4.38611597176661e-17,1.82497530457257e-15,7.9852437513387e-17,4.10057159862875e-16,9.9225066054361e-18,2.46601216370493e-08,-1.55257580259925e-16,8.48023259213628e-17,1.35068085521499e-16,0.00190518137136343,-3.00748599730905e-10,-4.64965906573528e-16,-5.87060592418522e-09,7.58421810048489e-06,4.6708770733973e-17,-2.09597417117975e-16,-7.78205842080484e-08,-6.65167230652801e-16,3.7217066132965e-05,2.0627772233912e-17,4.11759186467547e-16,-1.51376083922635e-16,-1.08665299810248e-15,9.92266526751359e-10,-1.36300152949082e-07,5.23478769102128e-16,1.7415588809377e-16,3.38632727634865e-16,-4.50278645195003e-18,-2.37358960611389e-16,-2.20125694579041e-16,-2.10333812487816e-17,-1.29843773815069e-16,1.139206412253e-08,-2.21008010561424e-17,-2.33897237089423e-16,3.49445865678829e-16,-1.04864849352634e-16,-3.92236681215459e-16,-3.94387327568175e-16,-3.25481267365859e-08,-1.16217074087695e-16,3.3627897052544e-16,2.42674600249485e-08,-4.06984414696874e-17,6.92749252237605e-17,-7.50631767214505e-16,-4.97877440814945e-17,2.22122141421318e-07,3.56184324941391e-16,-1.49363448434612e-08,2.1229920471848e-16,-2.55923610723795e-17,1.53419601263751e-16,-7.05066360706658e-16,-2.69314250979305e-16,-5.19722187314444e-16,5.39652006577036e-10,-2.13168674445232e-16,-4.66015179722708e-16,2.10147997122257e-08,-6.73599594135826e-08,-1.44010395518904e-16,4.71819368167654e-08,6.91014666552817e-09,5.79689546649773e-16,5.47909946247038e-16,1.71880769251999e-17,2.56707662496023e-17,2.76879288800162e-16,-1.15999475038079e-08,-7.84335154847662e-17,1.2458335534614e-16,-4.93702502562825e-16,4.64330083361084e-09,-1.23735297249832e-16,-2.13903993019918e-16,3.42267271530977e-18,5.73433178977988e-17,-2.11510779401886e-09,-3.70596810494728e-17,6.98088844204151e-09,1.67072921278745e-16,8.37321677911773e-17,-2.23006746000608e-17,-1.44299822263485e-16,-1.58668965677548e-16,1.87757069481823e-16,-9.17859654800156e-17,-7.62225410112886e-08,-5.69385253505638e-16,-8.94924866116537e-17,0.00016298984189886,-1.62661255353441e-16,4.91452664104801e-17,-8.24782134244382e-17,1.63342690957095e-16,5.94659655635459e-17,-1.98990949251615e-16,-3.35922102223694e-08,2.04473916717791e-16,2.43134738257045e-17,1.93258556352296e-06,3.02734777456411e-17,3.95692688109449e-16,-6.27861275539328e-17,3.19115708511511e-16,3.06238153334299e-16,-2.36949800243503e-16,-6.57397225022565e-17,-2.50797795551974e-17,-2.01839971908528e-16,3.62272104716076e-17,1.52250037755094e-17,-1.01287928967631e-06,1.19968927689213e-07,2.79619980076732e-16,3.07668714887138e-16,-2.18906528272895e-16,3.99635118802372e-16,4.22296746183104e-17,1.61486190288044e-16,-1.34223892097372e-17,-1.63001246180924e-16,-1.50621191815848e-09,1.73978573971647e-16,4.61827380343123e-16,-1.40384437466572e-16,-9.35359794658379e-17,1.92805433331689e-09,3.7982135047041e-16,-2.10817396474982e-09,2.58332389061984e-16,2.37327338139108e-16,-9.93572024855136e-17,1.6264098174156e-16,2.66356685963331e-16,-4.17244039985464e-17,3.35574835414212e-16,-2.37507972832545e-16,7.7877342875372e-17,-7.01565980809631e-17,5.82741331787341e-17,-3.5009052978981e-16,7.37204585296804e-17,-5.8562796330554e-17,-1.70486471487019e-16,1.59832402399449e-17,-1.86281266864274e-16,3.02374585508568e-17,7.03511646889478e-17,2.78688123937877e-17,2.02291796595061e-16,-4.32942294034319e-17,1.07983270328788e-17,2.70466561095767e-16,1.02039393712746e-13,1.45259224946383e-10,1.4134063345847e-17,-6.08761207510207e-17,2.53855902472905e-17,2.41446649631676e-17,1.58477302526837e-16,8.59978872671757e-18,2.78173805510596e-17,1.41745133077129e-17,1.15250478043981e-16,1.28563263081979e-16,-2.99422758722606e-16,4.44924238299251e-17,-2.55727908282313e-17,1.02780837281545e-16,1.05258020970466e-16,5.29081099602496e-17,-2.36198508166845e-16,-1.86839364640117e-09,-4.27910654534371e-17,-3.64904580171114e-17,-1.54629203451547e-16,3.19809188307938e-17,7.36738414505832e-17,8.62030776138302e-17,1.76945834445269e-16,-1.00375238750148e-16,-3.14120800198162e-17,3.95633009931248e-10,1.72541497111266e-16,4.30619948562376e-17,1.07085254613569e-16,-1.06169810587159e-16,2.95309426347292e-17,9.66990512967768e-17,2.86390721639692e-17,-8.71663159418427e-17,-1.95986567948629e-17,6.1836440886573e-17,8.34623539615227e-18,-1.5721281472508e-17,2.18674253849397e-17,1.99485636618704e-09,6.67699075378469e-17,-1.03836465805014e-16,-2.57559685492385e-17,-4.65624175501056e-16,-6.00281405663778e-09,1.30097080363191e-16,-9.14754143143513e-17,1.76782325762023e-16,8.20513871166304e-17,5.08851182223377e-17,-1.63478703045253e-17,1.07785792955561e-16,5.93086798127923e-17,-8.22608630479462e-17,3.20156775647504e-17,1.39349761776161e-17,2.58236422554234e-17,-6.43407492882944e-17,-5.86307078925694e-18,6.23014877049857e-17,1.1012722969907e-16,-1.7619168615821e-16
"t358",-0.0374953467986877,-0.0102112481356648,0.00128886753207538,-0.114892197762501,0.0232014808352283,-0.00495724745063565,0.0266392175280426,0.000435720134986164,0.000159274439463334,-0.000589216837077587,-0.000297690544238818,0.137116679113414,0.0560817616164138,-0.00429110634157741,-0.000351731152818219,-2.41791714859343e-05,-1.86794546475179e-05,0.000279891179251293,-1.84561963503083e-05,3.18251210885927e-05,-0.000905263771606728,0.000343884608152536,-0.00097979382011847,0.0232536974398506,0.00715720611737592,5.33441095561436e-06,-3.35495959295774e-05,4.85812942231883e-05,-0.00165972141837624,0.00212248287137776,-7.05051403721971e-06,1.38355171402987e-05,-0.00766438042140525,-7.55066357055904e-05,1.37800231785551e-06,-2.71963247951056e-06,-0.000245343529631454,9.22977160352597e-07,7.8426963221835e-06,2.32972148141674e-06,0.00013747468333984,-2.10580458231676e-05,0.00849419058180701,5.01964198066132e-05,0.000373917623169357,-1.85641288262383e-05,4.78248685464953e-05,-0.000426147517233935,5.97682452654342e-05,-0.000188086685259976,0.0807790453368339,0.00022835657416107,-2.76072666532672e-07,0.000276813960402888,-6.42262365481526e-06,6.12868320756391e-05,-6.56374154603924e-07,3.27238740594129e-05,-1.07187146348521e-05,5.35518657185119e-06,2.18827611065918e-06,-1.94160787167797e-07,3.01974990356377e-06,-1.19321805835462e-06,-1.18628522992211e-07,0.000221112448743589,-5.83264400909352e-08,2.42917679168225e-06,-7.03303195322821e-06,3.00046373740646e-06,-4.59010105362744e-06,7.81251282030479e-06,-3.56379726552359e-07,-2.68098261689275e-05,1.1175780078358e-05,1.07530256273027e-08,-6.01849065926134e-05,1.11896009460426e-06,-4.07284311316503e-06,-4.77871302471966e-06,1.39812504904668e-06,2.09300303349291e-05,-2.58774335633096e-06,-1.62563795643657e-05,1.00705622181548e-06,0.000216262295717961,-1.32834935131639e-05,-2.38380844759794e-07,-7.80778750636706e-08,2.03904352633113e-05,-5.02713296714983e-07,1.24706372580546e-07,1.11944471966347e-06,-0.000112513021066286,-3.73152071427053e-08,-1.18717221672894e-05,-2.68164803345074e-06,6.11401558422428e-06,-8.90054112681713e-06,-1.89087440600856e-06,-2.85642649908924e-07,2.18538414085373e-07,-3.50984808856934e-07,-1.48464405195906e-06,9.90999579473412e-07,-2.80905047698535e-05,0.000417561073104559,-0.147812173408867,-3.94672356784415e-05,4.04548384991476e-06,1.52503688619819e-05,2.0747657060515e-05,-3.34792975357529e-05,1.72611344168374e-05,-8.2252800831125e-08,2.81155637294369e-06,-3.97461196293185e-06,3.82374019437429e-06,-3.60356299634197e-06,8.47826920456837e-06,-3.09946358083253e-05,7.01155520317915e-06,-6.42797974241122e-06,-1.76398794739149e-05,5.7177960942748e-06,-5.30366596099333e-05,5.37339452486648e-06,-1.66239667498302e-06,2.97498278980679e-06,9.80064270090213e-05,-3.08034420693594e-06,8.72970750520383e-06,-1.69917235517578e-05,-2.06433644898905e-06,7.28039119175002e-07,3.35469394065814e-06,-1.86819969191379e-08,-1.20932797652894e-05,3.61583919220798e-06,-1.03905275932231e-05,-6.60222627677081e-07,-2.54903104993342e-05,4.95980295904007e-06,3.16039232700164e-07,9.97033624718737e-07,-6.20237224898647e-08,-2.80830586810053e-06,4.16907860020008e-07,2.7083276861636e-08,-6.5958571853665e-08,-1.02393466511843e-05,-3.03793427534633e-07,-6.49615846962266e-06,2.42602334358227e-06,-7.00067689434523e-07,-6.09575450690769e-08,9.14468219878059e-07,-9.48030854507193e-05,-2.9613453677105e-07,-9.979891080778e-08,-8.75368199643972e-05,1.07467020783095e-06,-1.80099524673655e-06,-0.00180213715090105,5.79980870185043e-06,-0.000927002739496037,1.55782345125955e-05,2.96531483140498e-07,1.51877410321799e-05,3.71932843569067e-05,-0.0233075544759758,0.000642060938159113,-5.11792792206238e-06,-1.6663091081766e-06,-0.0466089236459929,6.58064122280367e-07,4.31550826820027e-05,1.20595191372489e-06,7.25265997033467e-07,2.33362611051672e-05,-1.5724346035162e-05,-0.000373506350755808,-6.20390034192308e-07,-8.07851739998586e-09,-3.14379189209811e-09,2.3299761837125e-08,3.01379498680873e-07,-4.00475805409632e-08,-1.73717587577933e-07,9.81875717490027e-07,-7.52813494085528e-10,5.15782299452023e-09,2.42366467122357e-08,5.88728185084921e-10,5.26607272604174e-09,-8.04006453594275e-09,-1.47189734055399e-08,-7.17058639853406e-08,8.13258686771921e-09,1.62312287292459e-09,1.49529644301836e-09,3.93562056308949e-08,3.38520058789009e-11,3.07372767944958e-07,4.25136478641527e-08,1.60488045475822e-06,-3.67104247802806e-08,-1.5740839096917e-06,4.44660982383015e-07,4.59592258559917e-08,5.53868257548892e-06,-0.00020686212152261,3.06919891752777e-05,3.57599452942545e-07,2.27615489506559e-07,3.08517919298955e-07,-6.1021530722831e-07,-5.58514179854133e-08,1.34966704866213e-07,8.14182032783591e-07,4.75162336807199e-06,-5.17280569638947e-05,-2.15320754518117e-06,-7.59311889030828e-06,2.59493348428073e-06,1.41902715993339e-06,1.5227578418933e-05,1.64266928316772e-06,3.79777247587627e-06,6.25720119448001e-06,-0.000259683435978933,-0.258120138459641,4.29821496875252e-06,5.57692284619187e-06,-9.12713064419274e-08,-9.95000076175162e-07,-3.57210550782319e-06,1.5900224508533e-17,-3.2083032351626e-07,2.15179940878341e-05,-1.6037179782034e-07,3.65417676424888e-06,1.73544197451303e-06,-2.17555704700928e-06,1.37071532695873e-06,-6.57289690672133e-05,1.73137752305987e-07,-3.16279981071255e-08,0.324185929200303,4.77530645345465e-05,-1.08145670673314e-06,0.000133463919061957,-4.16177618763813e-06,7.76273446198178e-07,-4.43921092642184e-08,3.0878022863077e-06,-2.46827973072812e-06,2.41330319406618e-05,7.13742620848379e-07,-1.33652660693534e-07,2.87143603323988e-06,-5.63644184971787e-07,6.51487317797285e-05,-0.000819192329681084,2.30958136302237e-07,-7.95644122011244e-08,1.57568160957682e-07,7.06836893352558e-06,-2.5557103156422e-05,1.04662418084017e-07,4.19872573494483e-08,-9.74846198724889e-08,0.000235511443702962,-1.69581024725195e-05,6.64087734599605e-06,-0.00599718085276611,-8.81656002761774e-06,-1.9503950391493e-07,1.31469582655784e-06,-1.6340995506021e-05,2.97673651555334e-07,1.24668514788629e-16,-8.0743752108584e-07,-2.78782112325866e-08,-4.24055649233813e-10,-3.77664202705002e-06,4.22458338872485e-08,-2.62045985671044e-08,-6.12670998471086e-07,6.79058971587593e-08,-5.39534879648301e-07,1.41217793860388e-06,5.09720332579719e-08,-4.27330003601471e-08,5.44106697207698e-07,-6.51426688377449e-07,2.20838852917538e-05,-1.01108245024248e-07,-4.05720066955567e-05,-9.57240679198354e-07,-0.506406811805731,1.15047609688657e-06,-8.11350322858e-06,3.02895609635885e-07,-7.12697209861449e-07,9.4143436540794e-07,-3.39819890273083e-06,2.06745555032815e-07,1.86561626857677e-07,1.42784299809474e-06,-6.95386480746956e-05,-1.87150293056097e-07,4.45349514946869e-05,-9.77437314606089e-07,2.40781105342589e-08,2.22657288997275e-07,-4.26767246770525e-07,-2.47601710136216e-17,1.20880941719471e-09,8.09312818352472e-06,-4.5570486771508e-07,3.35902561379983e-07,8.77120779502839e-06,8.74111444423114e-08,2.02324083854261e-07,-2.95129249141882e-06,1.09006156723659e-06,3.25714038366194e-17,-8.24070133858583e-07,-1.00299908606309e-08,-2.79528680546558e-08,1.48388808013201e-06,2.08439338319658e-07,-1.4016466573494e-08,-5.33914180361518e-07,1.42183604476618e-07,-0.000134616098987973,8.62136186441984e-07,-1.75120790978221e-07,-3.16344133757096e-07,-1.67129447335116e-08,-1.64719416333133e-08,-3.14225419661504e-07,2.09802285294311e-06,-3.39977227919675e-07,-7.36891711666503e-16,-6.89033353868442e-06,5.40395526578874e-07,4.5228910367763e-07,1.36236949043993e-07,-6.38877143195301e-07,-1.34383665685699e-06,0.000123914121034907,-2.42093759957561e-05,-1.12807879662165e-07,3.01324012519111e-16,-2.10457664963729e-07,-9.34428031624762e-07,-2.67007172980065e-07,-3.57569394884647e-17,5.0391058337046e-07,5.07082376548288e-06,-7.73354239247694e-07,-4.11267746498354e-07,-1.37067551030863e-07,-7.3318159074684e-08,-2.62128076002169e-06,7.30810486107122e-08,7.76654615294202e-07,3.62771689500692e-07,1.5954243670471e-07,1.60919104831834e-06,-4.26148176588294e-17,-6.41033273608177e-07,3.01215965411151e-07,1.95418305891264e-06,-1.97916436666529e-07,-1.02020171442284e-17,-1.94953225465111e-07,2.58482157796148e-07,-9.10099616244826e-08,-8.16137618516182e-08,-2.08846465281233e-07,1.58055001360686e-06,-3.16751139722466e-06,5.72332636822645e-07,1.72923973738902e-16,6.01168134006329e-06,-1.12107312191665e-05,0.0242340543864478,-5.37922869684645e-06,4.98754123918412e-07,2.47770522963428e-09,-7.04514571681081e-16,-7.16545740186266e-17,6.50940502076836e-10,1.65341178494902e-07,-1.73831120835348e-08,-9.36377212522475e-09,1.72922122530171e-17,-2.32998480088451e-08,-3.33023214855481e-10,-5.25042444848632e-17,1.11452507458299e-16,-2.1880672863187e-16,9.43143490022073e-08,2.84195923254309e-07,-4.36514219444982e-07,2.68050861200392e-07,1.34160088372517e-07,2.85170660560332e-07,-1.37737901089777e-06,-1.9626554893385e-16,-3.15841117196504e-07,5.63801795263556e-07,-1.05405820295983e-16,2.98638926642948e-17,-5.85965037878386e-07,-2.86572336187027e-11,-2.20763859899412e-07,1.73329976526172e-07,2.20533753206639e-07,-1.18752369984984e-08,-3.64010023900497e-16,-3.99959072494119e-08,1.98880330673686e-17,-1.36856801459711e-07,-1.93496206470772e-16,-2.49477439756854e-07,6.58470234534354e-17,1.95668626060312e-07,2.70842059393541e-07,1.63458899487735e-08,2.16294247326437e-07,2.11380255957437e-05,-8.50048007265392e-08,1.54382289155734e-05,2.70215774486483e-08,1.31452488578766e-07,1.21292733921598e-08,1.90366404992207e-07,-8.55629344341378e-07,-1.32773127840439e-07,-1.07922875514606e-08,-2.58105517882673e-07,8.41115482529386e-17,3.85595998862408e-06,-6.66146944329119e-07,4.14874599858444e-08,3.71886002303967e-16,5.50116457476954e-09,1.49504296426733e-07,5.35547357572043e-07,4.1099101706643e-17,-1.43645870278019e-06,-6.92141249066904e-08,2.45488966329624e-16,-9.16124363680576e-08,1.43555241973092e-06,-7.71179791477257e-17,-8.76350120053598e-17,-8.4325514351446e-08,-4.10034756734118e-08,-2.34392176247679e-10,-3.26565919692469e-07,8.76706165363435e-08,2.84982381672094e-07,2.49065465226169e-08,3.109246627594e-07,-5.40583537210259e-07,-5.21257299476718e-16,2.06919266990677e-06,7.78902197226824e-10,2.1692080310202e-09,2.05559682946142e-07,-3.58778201808211e-17,3.21689724095677e-16,6.90313816881667e-08,5.72925097812749e-16,-1.62347962918721e-16,8.51790376882978e-07,-2.69114548275463e-05,-0.0162148040064688,-1.86887005127065e-09,1.52269740296696e-05,-4.21700516112269e-08,6.30081067162065e-09,7.08537372144067e-16,2.55756589300566e-08,1.22893515776245e-09,5.68428296797409e-09,-6.56633522477993e-07,4.80808377461499e-05,-1.30080849818545e-16,-5.22929161985003e-17,3.17382486100182e-16,-2.16201986485326e-08,-0.000454070355582929,-5.77197879605037e-08,4.73001147641379e-16,-8.89605549344509e-08,-4.27224599195918e-16,4.86223284737586e-17,1.34624437369312e-06,-2.95649654172929e-08,1.58361279818664e-16,-7.29951116189383e-08,-4.17612332355741e-07,3.52630170966186e-16,1.13318138175712e-07,3.37070299078397e-16,3.03665089160339e-08,-1.76254540672598e-17,3.03057995340177e-08,2.62393537096694e-07,1.05073340372635e-07,8.94333206647161e-09,6.14501462251328e-08,-2.13644010050396e-07,8.53193862239574e-08,-3.72266614122483e-16,3.90661353405849e-06,-6.30950156335745e-06,-6.14336242816402e-16,-2.90479012617168e-08,-8.53365802567909e-08,1.37836466996828e-07,-1.26321956956868e-16,6.3913502893987e-08,9.34241908511032e-07,4.17228287127577e-17,-2.11457710239231e-07,-4.67985612077653e-08,-2.69786663012359e-08,-6.54459314907645e-17,-5.89320794358957e-17,4.39192062264758e-08,1.34935340546055e-08,1.09256013107497e-09,-1.26733497902448e-07,8.4971071950467e-09,7.67532805440545e-16,4.48885823391087e-16,3.17515740561975e-08,2.19714449137114e-10,1.96805476968236e-16,8.5421264039885e-08,1.03242831485429e-16,0.00671190875465839,-1.09151843931169e-08,-6.46685544373545e-09,-4.45963413680041e-08,-1.11377931932872e-15,1.36718055075467e-15,2.9381177677327e-16,-6.77574166030517e-16,-4.34000915046789e-08,-9.48265686915653e-08,2.32503204895869e-18,-6.70055947568118e-16,-5.0689167031903e-16,3.80998526462617e-06,1.21181380706476e-09,-1.7158411539734e-07,2.15800835770608e-16,5.78247370233882e-16,-1.79143063772959e-15,-5.09083013690009e-07,0.00236364198020377,-2.59433302555574e-16,1.52510867435642e-08,-6.38986302751214e-07,3.51333328390798e-17,-4.30943273256311e-16,-4.0344443042839e-08,-4.13506920020489e-10,-2.00401843855375e-08,2.79854050497406e-16,2.26107733441324e-08,3.29659526312661e-08,3.54185465758638e-08,-3.23326039586605e-08,-1.15205839450576e-07,9.81927934979039e-09,-3.01998649920455e-16,-4.87573318475038e-16,6.97414239966249e-16,1.87410054557052e-07,-4.78702171815738e-06,-9.2239721381408e-09,-7.26641212668457e-09,1.17446729002527e-15,-4.0503375583901e-15,1.04300643897287e-16,4.20415330006736e-17,-1.51316786434982e-15,3.82247706342239e-07,-1.21646293552911e-15,-2.63762884743482e-16,-5.62176996013532e-09,-4.02062022069355e-15,-5.03252763293981e-09,2.7073437871011e-16,-6.23937335972409e-09,4.27305533887753e-15,-7.56064238600019e-09,-9.46359908443968e-10,-5.97455814742187e-07,-1.57464704733159e-15,3.03891321396799e-08,2.35945249281207e-15,4.31452141591518e-08,-8.35689023518966e-07,4.20030556212698e-10,-2.04326902648117e-15,6.13065156359873e-08,-1.21563181638137e-14,-1.50743315931224e-08,-8.50870052782552e-08,1.42770051723019e-14,0.707106781186547,-1.13004964846521e-13,-1.61778621699724e-14,-2.85745090444582e-10,-3.72108826447202e-09,-8.3100061259122e-10,4.07125253593421e-15,5.44428568080622e-15,-9.66782034387612e-08,4.95872087437246e-07,4.06883507093216e-15,-8.71002256994437e-16,-3.79164143123476e-09,6.32434567990874e-16,-2.68746481629253e-08,7.00779741975523e-16,2.53856543094925e-07,-3.05036047190535e-15,8.54926188216246e-16,3.63311016491309e-16,1.04474269708327e-15,3.55794988812077e-16,1.101777017772e-15,3.37582147112931e-08,-2.36094539266914e-07,-3.6336750684704e-16,-2.26756552794441e-08,8.62744289261059e-08,-9.22080721292436e-16,2.74361667053879e-15,-2.29103839070299e-15,-5.67613477649068e-16,8.5147144970375e-09,1.36210742790457e-09,4.29576572038435e-18,3.95820188981755e-16,-1.54731513766492e-08,-5.51984870140541e-08,-9.18878473022139e-09,-1.30475832314986e-15,6.53702221812845e-16,1.25629940370011e-15,-1.6026534168592e-15,4.61485765690441e-17,1.51942466282579e-15,3.2743382042025e-08,-3.09869615816905e-08,-5.96198757909259e-09,-8.9692836512287e-16,9.61750128995571e-16,2.04092859639277e-16,-1.77054503986219e-16,-6.28408844196046e-16,1.36732588724224e-16,-3.67936833666904e-16,3.60924542237876e-16,6.81187971936274e-16,1.52793397509529e-16,-1.84990234550661e-15,9.30024652462481e-19,-4.71765512682865e-16,1.36953592243289e-16,2.46601216837842e-08,3.26783123832325e-16,-3.76200436937046e-16,-1.44953616856716e-16,0.0019051813713634,-3.00748851947465e-10,3.47224925658295e-16,-5.87060526531266e-09,7.5842181006503e-06,-2.57826467676819e-17,5.7499133478802e-16,-7.78205840211526e-08,5.09349311374635e-16,3.72170661325987e-05,-2.47242940199331e-17,-3.7420301033309e-16,2.41283404059537e-16,9.91982268498719e-16,9.92266141734062e-10,-1.36300152733242e-07,-3.74074616464622e-16,-3.35675897905099e-16,-1.13145606511001e-16,-3.07950645767686e-16,3.74808691028239e-16,2.44339481644315e-16,-6.30354870432034e-17,5.79516539249525e-17,1.13920638402346e-08,4.91505972005416e-18,2.2449985560396e-16,-3.08918422835078e-16,-5.89481183085133e-17,4.77765468616325e-16,2.59897343307773e-16,-3.25481265327031e-08,1.34891113612376e-16,-2.7431839638947e-16,2.42674599630429e-08,-6.56942373767395e-17,1.24292899399964e-16,7.56494791377128e-16,-2.77700763592146e-17,2.22122141390746e-07,-3.25241055670856e-16,-1.49363446178763e-08,-1.07108230619867e-16,-2.76664666043992e-17,-1.60618702284503e-16,5.1623240886603e-16,2.66762550838939e-16,3.29980615467806e-16,5.39651743330872e-10,2.56495593597668e-16,6.06273593047536e-16,2.10147996242424e-08,-6.73599591919679e-08,1.58102487757924e-16,4.71819368121217e-08,6.91014676466011e-09,-6.7507390407075e-16,-6.05030649076363e-16,9.76141296680847e-17,-9.17295370281764e-17,-1.1242652712292e-16,-1.15999474819161e-08,9.35232974778602e-17,-2.58530842180126e-17,9.56486604807881e-16,4.64330065146941e-09,6.18737756863536e-17,2.59898702530406e-16,-5.49708254489195e-17,-1.07109706364257e-16,-2.11510777399901e-09,-4.13723844162994e-17,6.98088864092397e-09,-1.99077803663149e-16,-8.26352670686433e-17,2.38469934318684e-16,1.02803554516362e-16,1.49542398344507e-16,-5.7120247850715e-16,3.03908313046196e-17,-7.62225408332926e-08,5.65570055590804e-16,2.96457774434018e-17,0.000162989841899156,7.03578924709696e-17,-8.28525210996534e-17,1.01284707661958e-16,-1.09262057791825e-17,-7.97363044394144e-17,1.09051942814315e-16,-3.35922100570419e-08,-1.07525853925352e-16,-7.90913263282551e-17,1.93258556358242e-06,1.61464617514721e-17,-2.34940805845317e-16,5.62070660400719e-17,-2.85008442270426e-16,-1.75242631210587e-16,3.79180687658621e-16,7.38142915257335e-17,-1.12141495542941e-16,3.53887413547251e-16,-6.7914258403964e-17,-6.20085176118663e-17,-1.01287928949895e-06,1.19968927708538e-07,-3.31730627701336e-16,-2.61565250585092e-16,2.16904823718229e-16,-2.27816985438e-16,5.21840058144429e-17,-1.53267567694881e-16,-7.60194268827595e-17,6.55132587073592e-16,-1.50621179517861e-09,-1.94717532784842e-16,-4.73201757812355e-16,1.92873791931305e-16,5.42473585780174e-17,1.92805430442009e-09,-1.92328487536526e-16,-2.10817411645619e-09,-2.15813367290232e-16,9.25925870165182e-17,-1.15218049117911e-17,-1.28530057520319e-16,-2.58914350888261e-16,1.11355811078401e-16,-2.25784486996292e-16,2.71613300087102e-16,-7.73162069468433e-17,9.83655581420176e-18,5.59796367524821e-17,4.42899204442862e-16,-9.88632971225386e-17,2.6396568593041e-17,3.99848239884002e-17,2.84281770657659e-17,1.48836531678059e-16,-3.2925656964356e-17,-1.32347303039132e-16,3.63505262020904e-17,8.99345702076726e-17,2.20649406933689e-17,4.00921144807209e-17,-2.2473884007463e-16,1.01928066034541e-13,1.45259242856745e-10,3.91386957494395e-17,6.394265435637e-17,3.72178894309124e-17,-8.77286046246674e-17,-6.53604178501714e-17,-2.20970451914316e-17,-3.65861898424152e-17,5.92985302612597e-17,-6.54665097005549e-17,-1.79811264663415e-16,-2.09901540593194e-16,4.64837869969253e-17,1.41795041239903e-17,-3.62779130958168e-18,-1.31016619350183e-16,-1.95924181075079e-17,2.482642391765e-16,-1.86839363535792e-09,6.07534715986761e-17,5.2479606489878e-17,7.34944928744251e-17,1.42462403018753e-16,9.24657639011093e-17,8.83621915737847e-17,-2.71982631017811e-17,-7.97471080768782e-17,-4.80140192732481e-17,3.95633015085211e-10,1.11067233931337e-16,2.06921844856429e-17,8.50771967253512e-17,1.45650300375082e-16,-5.69752879462562e-17,-4.45827619390675e-17,-1.31955767556745e-17,-1.47144466468491e-16,5.71777919586613e-17,-7.51194051063781e-17,-9.10145342349663e-17,-8.37446968755244e-17,1.69304770763956e-17,1.99485634979548e-09,3.5149297144719e-17,-1.02438138848724e-16,-1.70947276599447e-16,-4.11522487094029e-16,-6.00281404966229e-09,-1.53598224714517e-16,1.50876877564857e-16,1.59803739743484e-16,5.59108606114982e-17,6.79383019220705e-17,-1.43587515583918e-16,3.23747241587018e-17,6.04395010351594e-17,-5.88545423753825e-17,6.60704302358564e-17,1.07830255393686e-17,4.14864743094391e-17,-3.70150401995269e-17,6.75617558459847e-17,1.86325824293741e-16,6.85476762761774e-17,-2.31711075540774e-16
"t636",-0.0374390682786576,-0.0101788102120657,0.00128463966796212,-0.114385641164691,0.0230759177597341,-0.00492569748111804,0.0264662908837885,0.000432662740858642,0.000157950267929418,-0.000583250604049853,-0.000293840230807146,0.134915221982559,0.05515394010145,-0.00421899478336862,-0.000345551543762288,-2.37281419860493e-05,-1.83223018423419e-05,0.000274438005853451,-1.80878757930412e-05,3.11321870349075e-05,-0.000883849975781062,0.00033394618462187,-0.000949769367126484,0.0225367380744871,0.00693559932508956,5.16072977475754e-06,-3.24432868530022e-05,4.69637379083033e-05,-0.00160285040811743,0.00203524969129669,-6.73938537854207e-06,1.3193981871458e-05,-0.00728012123748082,-7.15178729524648e-05,1.30097161178856e-06,-2.55361219430606e-06,-0.000230147287007767,8.64758286812356e-07,7.34410516205262e-06,2.17905353742638e-06,0.000128285968920683,-1.96106044959047e-05,0.00790011960093172,4.66807310345965e-05,0.00034719089700386,-1.71363279132628e-05,4.40651701584269e-05,-0.000392302310166244,5.48848085131554e-05,-0.000172246428902896,0.0737003528062767,0.000207976501887252,-2.51368382382117e-07,0.000251478600220602,-5.80864379606664e-06,5.53897414040355e-05,-5.8557668923085e-07,2.908577686864e-05,-9.52277921268602e-06,4.71269653832714e-06,1.91129591690727e-06,-1.68934709961187e-07,2.61909377594932e-06,-1.03406910631864e-06,-1.02182215555039e-07,0.0001893889660403,-4.93140556817428e-08,2.04134775976814e-06,-5.89318613127911e-06,2.50092155918916e-06,-3.71268469037189e-06,6.15957801350158e-06,-2.79809463313038e-07,-2.08647394235564e-05,8.68775437231443e-06,8.3263986662554e-09,-4.65296020891907e-05,8.58291509361421e-07,-3.0662401635968e-06,-3.56932825824597e-06,1.02976365661416e-06,1.53675408580099e-05,-1.85522314099591e-06,-1.15668456396769e-05,6.92214865811602e-07,0.000147159874151799,-8.94457363743984e-06,-1.60238407846007e-07,-5.24597539124017e-08,1.36844893964782e-05,-3.35993183823021e-07,7.9962091138904e-08,7.14891079095495e-07,-6.98374571498383e-05,-2.19373379514362e-08,-6.91783977030755e-06,-1.56198614183605e-06,3.47906232873289e-06,-5.01928692280836e-06,-1.02886490522436e-06,-1.50622543957245e-07,1.14904355343109e-07,-1.8393778229392e-07,-6.52332557787587e-07,4.28529095707687e-07,-1.19926300665027e-05,0.000174128962642081,-0.0612257336412632,-1.61505478154109e-05,1.62448770301514e-06,6.08546523293583e-06,7.96368784766133e-06,-1.27888519465883e-05,5.86614536905799e-06,-2.71806653025541e-08,8.69744795771122e-07,-1.19093375559776e-06,1.0406410367511e-06,-8.81259162146215e-07,1.89000026137736e-06,-6.51880499025608e-06,1.1565271690297e-06,-8.61179798262072e-07,-2.34188953282802e-06,7.32950933417441e-07,-5.02093045596986e-06,4.93347400260425e-07,-1.02442913467228e-07,-9.40839720053514e-08,-3.20752245021155e-06,1.25694384575932e-07,-9.64820324018969e-07,2.12152657961184e-06,2.79475613596144e-07,-1.30908158677383e-07,-6.24453681155588e-07,5.38412625377954e-09,4.57910878727223e-06,-1.86501627153059e-06,5.40222101501243e-06,3.59984431413386e-07,1.42330931848359e-05,-2.87567682253635e-06,-1.85857606327952e-07,-5.86450533498557e-07,4.02716832190686e-08,2.19227149651756e-06,-3.872764771697e-07,-2.62293469547892e-08,6.98908519500608e-08,1.09265527149869e-05,3.35258044797942e-07,7.31101652707986e-06,-2.79160919631184e-06,9.82120870597706e-07,8.8202668422657e-08,-1.35235520414055e-06,0.000226674006776275,7.94687147679042e-07,2.72610688812004e-07,0.000263838161995805,-3.3053878104651e-06,6.29442876730017e-06,0.00639784399786154,-2.3380099528429e-05,0.00423634110011615,-0.000104637872579512,-2.02058042973392e-06,-0.000103873330002231,-0.000269088454391458,0.180337900088606,-0.0050167382654667,4.59098374291751e-05,1.56323203308426e-05,0.482990402411268,-6.99226447134277e-06,-0.00046451484735787,-1.6708344262129e-05,-1.3496163495007e-05,-0.000458974018266733,0.000326513679899247,0.00919384499609176,1.63770068387387e-05,2.2899557662632e-07,9.55674567908343e-08,-9.16841083873795e-07,-1.27291187644734e-05,3.7971460452322e-06,1.70853085989691e-05,-0.000150441481487334,-4.31482259899951e-07,7.65559796421145e-07,2.99996455774226e-06,6.0570171420709e-08,4.93609918923678e-07,-6.63674767689338e-07,-1.21066612064666e-06,-6.00921887620091e-06,6.97580716448203e-07,2.75544522642784e-07,2.73989648700677e-07,4.43041072012493e-05,-7.03747866091126e-09,-1.29811242356794e-05,-1.78753990812427e-06,-6.19166860025615e-05,1.11602352735384e-06,4.12731605763365e-05,-8.27233027731303e-06,-5.98412106007957e-07,-5.61102746628538e-05,0.00194879981215007,-0.000212864426464102,-2.11737947251913e-06,-1.34224693948348e-06,-1.61581953315768e-06,2.39524115533525e-06,2.0772591084292e-07,-3.78087547900304e-07,-1.87604243147617e-06,-1.02274809761532e-05,8.3435265595989e-05,3.23335729813419e-06,1.05238187234854e-05,-2.77144264871567e-06,-1.43221102940988e-06,-1.51535697446444e-05,-1.15651961427747e-06,-2.06332813322301e-06,-2.33790306944909e-06,7.75120106539145e-05,0.0570490157334262,-6.36527622118265e-07,-7.0977702060493e-07,-6.7108225336088e-09,-2.13025715866876e-07,-1.41190554284645e-06,-1.01738878553634e-16,-2.4962633744954e-07,1.91685936728117e-05,-6.05085960830929e-07,-1.16944531424183e-05,-2.00374480382411e-06,2.40624750701588e-06,-4.99839655037778e-07,1.98670617116231e-05,-4.7809081870355e-08,5.33648574198161e-09,-0.0352013046676736,-7.90435940367038e-07,-2.02163685038917e-08,4.32816887645059e-06,-4.18877379127537e-07,2.37703995903756e-07,-1.59953590215834e-08,1.23697624308845e-06,-1.17617978218092e-06,1.16179571861934e-05,3.75782058565397e-07,-7.34619691263418e-08,1.66665847934206e-06,-3.32429421120282e-07,3.90468104417894e-05,-0.000501525589701159,1.4561856070864e-07,-5.03266264314292e-08,1.06364026905549e-07,4.77789500175952e-06,-1.73017495553952e-05,7.19732254529574e-08,2.90371863526668e-08,-6.86021318048796e-08,0.00016625700283988,-1.30886465456684e-05,5.16994604420947e-06,-0.00470021485169826,-7.01414462831364e-06,-1.56979856702999e-07,1.08520187999454e-06,-1.35850377273162e-05,2.48856911961736e-07,1.18515564500839e-16,-6.87920115370122e-07,-2.38103321344567e-08,-3.65091939896542e-10,-3.31355232254784e-06,3.76765969790565e-08,-2.3554809854899e-08,-5.52884155123223e-07,6.47291940463357e-08,-5.1633407405933e-07,1.35291479982617e-06,4.97808803268536e-08,-4.47964095934674e-08,5.79807002828363e-07,-7.02931239302344e-07,2.50654415113057e-05,-3.38395690296714e-07,3.99376377100136e-06,2.1664852022895e-08,0.00112411410627438,8.01402408780778e-07,-6.60379328198133e-06,2.49061463493958e-07,-5.93807996739828e-07,7.9529095989211e-07,-2.88172394528148e-06,1.80059725854479e-07,1.62756632495314e-07,1.24941513401453e-06,-6.09705520976738e-05,-1.65115118495603e-07,3.95411357512801e-05,-8.72547992925016e-07,2.15425649288694e-08,1.9993943746709e-07,-3.85995220729662e-07,3.93641662739076e-17,1.1289030227372e-09,7.57633807129446e-06,-4.28058725654497e-07,3.15555113523298e-07,8.24073214690485e-06,8.21900100150109e-08,1.90518458570256e-07,-2.78378135934068e-06,1.0315400289252e-06,-2.09352659862392e-16,-7.85038293782791e-07,-9.56215898510562e-09,-2.66910278542602e-08,1.41716284069665e-06,1.99786842537348e-07,-1.3459434731111e-08,-5.1394891896634e-07,1.37082380028832e-07,-0.000130193642679139,8.35968923413434e-07,-1.70062473936268e-07,-3.07454784521344e-07,-1.62512086134844e-08,-1.6030264839491e-08,-3.05827317952163e-07,2.04311185292477e-06,-3.3122139890853e-07,-1.80285587316808e-16,-6.73236597195641e-06,5.28290045279304e-07,4.42159596625931e-07,1.33374184826725e-07,-6.25577298866012e-07,-1.31871708160573e-06,0.0001216623251432,-2.37718216326058e-05,-1.10809687781428e-07,1.20050004507553e-16,-2.06811436010862e-07,-9.18368014471011e-07,-2.62548230920789e-07,9.31520782670532e-17,4.95735664558432e-07,4.98909233934602e-06,-7.6093056342443e-07,-4.04705196804863e-07,-1.34904182655222e-07,-7.21701022488002e-08,-2.5804820357318e-06,7.19627060994663e-08,7.6479243583063e-07,3.57290134375694e-07,1.57173029091944e-07,1.58531226392019e-06,1.78936931087694e-17,-6.3177956453255e-07,2.96884904154285e-07,1.92630421136578e-06,-1.95119896974303e-07,3.376959999222e-17,-1.92229728821023e-07,2.54864526744079e-07,-8.97291015274686e-08,-8.04610641010195e-08,-2.05881929675837e-07,1.55785673125369e-06,-3.12093016112463e-06,5.63187101943672e-07,-1.97217263371023e-16,5.90618897741928e-06,-1.10122697104628e-05,0.0237969860673867,-5.27962432878659e-06,4.89500062633681e-07,2.43138496892904e-09,3.2309224740068e-17,-1.18412435687212e-16,6.38221169100621e-10,1.61981295444518e-07,-1.70281273285638e-08,-9.16560592290368e-09,1.55558153393914e-16,-2.27662100048031e-08,-3.25122119674078e-10,-2.50448573871693e-16,7.67743860597054e-17,-4.46834183807167e-17,9.18158920006507e-08,2.76561397947583e-07,-4.24210953247859e-07,2.60184291757428e-07,1.30204257244146e-07,2.76395562048117e-07,-1.33478714510884e-06,-9.63965166128722e-17,-3.05207972421568e-07,5.44252415654235e-07,6.66207674333932e-16,2.18740466567136e-17,-5.63210548859749e-07,-2.7513994394648e-11,-2.1164057813482e-07,1.6599606867194e-07,2.10776074641586e-07,-1.13460323194471e-08,-1.22179840196027e-16,-3.81960524691503e-08,-9.27453600083514e-17,-1.30523541458843e-07,1.94356791945183e-16,-2.37694111966837e-07,7.68060103408382e-17,1.86185133954005e-07,2.57646758880592e-07,1.54934725472914e-08,2.04851972980073e-07,2.00130975370856e-05,-8.03624341667727e-08,1.45760668524509e-05,2.5432940287345e-08,1.23720704129682e-07,1.14045736342504e-08,1.78662336134728e-07,-8.00982118905499e-07,-1.2401863454675e-07,-1.00626757429372e-08,-2.40440684307651e-07,4.13449468916326e-17,3.58184092470638e-06,-6.17028691118857e-07,3.80934608212868e-08,4.43966565293316e-16,5.03724122443699e-09,1.36298686512889e-07,4.87288097433711e-07,-6.72096872151546e-17,-1.30567066115382e-06,-6.26451722522367e-08,-1.71299754175216e-16,-8.27353646673613e-08,1.27693045239527e-06,-2.00275409667787e-16,-2.10548882528584e-16,-7.44737839507784e-08,-3.61882260230029e-08,-2.06179930270919e-10,-2.8606732561971e-07,7.59835114442151e-08,2.46740416816503e-07,2.15325560093889e-08,2.63744539333762e-07,-4.48768415664965e-07,2.09493609525796e-15,1.69985893377484e-06,6.38612812183096e-10,1.76539727806807e-09,1.65622452719901e-07,4.74717919195725e-16,1.51954457636821e-16,5.47183046078497e-08,6.960071794982e-17,3.53168801080113e-16,4.28496844523662e-07,-5.77476815507369e-06,-0.00330791377399325,-3.80863642550355e-09,2.64278067988973e-05,-7.12883230390815e-08,9.3590440916812e-09,-7.11616939779189e-17,2.67157840716467e-08,1.2553679409309e-09,5.77015784561882e-09,-6.49638564994787e-07,4.60614312780764e-05,-1.61172938535099e-16,-5.49142181877253e-17,3.07137537599681e-16,-2.0088610370773e-08,-0.000417579396368229,-5.30420811612491e-08,3.44415023392192e-16,-8.10274848688208e-08,4.33755388053584e-16,-8.27536376007478e-17,1.18648318031772e-06,-2.60466356928089e-08,7.97796616096302e-16,-6.38429621441952e-08,-3.63733722876413e-07,3.59132519566729e-16,9.78697194838647e-08,1.30522735259704e-16,2.59633852343242e-08,-4.28516848014543e-16,2.58879830356091e-08,2.23985644677225e-07,8.96219429256567e-08,7.61973526863616e-09,5.22250565106987e-08,-1.79862258454862e-07,7.08648291027841e-08,4.63485419659302e-17,3.18819966101803e-06,-5.13921348802171e-06,1.38134216732682e-16,-2.35984570301994e-08,-6.89938208635456e-08,1.10946974952443e-07,1.98036226727171e-16,5.06389162015549e-08,7.37784491570753e-07,-5.75183176996579e-17,-1.6625197774565e-07,-3.67120714266417e-08,-2.09846112482873e-08,-4.90261659346451e-16,2.40502380669989e-16,3.34168814719105e-08,1.01596837423068e-08,8.20764458550369e-10,-8.89242522731706e-08,5.83271612688614e-09,3.38267977510533e-16,4.19610145103915e-16,2.13199772628945e-08,1.47016400169394e-10,5.86253952603765e-16,5.25881362834429e-08,1.48938094497395e-17,0.00117438061302221,-8.91881119785782e-09,-5.22195572290219e-09,-3.47945832100771e-08,-6.19292755754771e-16,-3.11658382196376e-17,5.9577224995006e-16,-1.43289649354758e-16,-3.04550144396933e-08,-6.62135882747744e-08,-2.31587663621092e-16,-8.62788203340812e-17,-8.63390920617892e-17,2.61562475819284e-06,8.26075436324692e-10,-1.14765395743421e-07,9.9315074155335e-17,1.66974080232935e-15,-1.40225965604771e-15,-2.78472643535118e-07,0.00036706742990895,3.75121008693481e-17,9.53922531173583e-09,-3.93791531099568e-07,-5.30932814689149e-17,-4.00695383376409e-16,-2.41246438825506e-08,-2.46685133995753e-10,-1.17511053529649e-08,6.90798045338585e-16,1.28716754472845e-08,1.84499623155274e-08,1.93373908174777e-08,-1.70244416351386e-08,-6.00416281823285e-08,5.01673964503007e-09,-1.22442276871896e-16,2.11629443046367e-15,-6.87041769975852e-16,8.37150563713498e-08,-2.13320756500469e-06,-4.02721875717927e-09,-2.81676114462553e-09,-1.7216839515681e-15,-1.20791130702443e-16,5.24713790966287e-16,-1.10592981984645e-16,-5.6048046584737e-16,1.25866266477747e-07,-3.19205709944553e-16,7.01231752782895e-17,-1.70943006950397e-09,4.9525016036396e-16,-1.52328125919766e-09,-1.52569371690554e-16,-1.87395629333049e-09,-2.79599442324121e-16,-1.90915673039985e-09,-2.27465766362388e-10,-1.32133281056823e-07,7.1688781259546e-18,5.9692281197408e-09,3.56669376563091e-16,5.93315982702563e-09,-4.12388086441267e-08,1.8974761142305e-11,4.85571977960019e-16,2.95440468013166e-10,-7.87883019179056e-16,9.83618414994844e-10,5.86286968730267e-09,7.41774078337653e-16,-9.5776980579453e-17,2.47026489797267e-16,6.9459992002547e-17,3.82094619627875e-11,5.65599335607713e-10,1.44486898428064e-10,1.87747476355327e-16,-6.46382123994496e-16,2.79715260526219e-08,-1.46240094096698e-07,-6.29940656276333e-16,7.23340597612361e-16,1.78593266200598e-09,-5.96121138402732e-16,1.38186927584465e-08,-1.41511486713003e-15,-1.65765040776259e-07,-1.81894026594836e-16,-4.27932654579899e-16,2.50510186652589e-16,-1.71075990441196e-15,9.69532007833652e-16,-3.9763861146515e-15,-3.43820785905895e-08,2.41815051280137e-07,-7.18666976456185e-16,2.69722155251315e-08,-1.09237170951267e-07,-1.35583567988387e-16,-1.08437838501074e-15,1.08153591087844e-15,2.42369270174137e-15,-1.41553967168666e-08,-2.41651670294849e-09,-9.49641399741344e-16,5.34583925604589e-16,2.95425160781842e-08,1.0641079511031e-07,1.83034615106845e-08,-1.39200615735888e-15,-7.07021970522304e-16,4.52387423255566e-16,4.62695792171849e-16,4.81723383697647e-15,2.63271502954293e-15,-1.17608044033459e-07,1.18622502483219e-07,2.43679757708081e-08,-2.4283686018354e-15,1.60210747740355e-15,2.30775490278325e-15,1.47697073772998e-15,-1.58269000286851e-16,9.15118142165317e-15,-3.91756818921721e-15,1.25316610349607e-15,1.8528029011983e-15,-8.1639401321457e-16,1.56395825370548e-15,-4.40597652176352e-15,-9.41823569818714e-15,-1.52083433611209e-14,-9.86360033022884e-07,-5.05881882040966e-15,5.96240938167103e-14,-1.86533088924214e-14,-0.825133753676983,-1.08930809329429e-07,4.19436354371626e-14,-9.99088166038665e-07,0.000239252893599818,4.6182661166127e-15,-4.90803630641747e-15,-1.26059351171175e-06,-1.11567054064292e-15,0.000389154689248905,-8.91781119558606e-16,-1.43877953206058e-15,-2.97397324664017e-15,2.87340771554659e-15,6.91412983699721e-09,-9.30110827486339e-07,2.43424738564664e-15,2.86705826375163e-15,-1.69047461367999e-15,3.11181019749979e-16,-1.37589999072915e-15,1.42985437875537e-16,-6.62207032111458e-16,-3.27609709109944e-16,4.15578455096583e-08,-5.01845896202065e-16,-5.52237687649359e-16,-5.56866609880784e-16,6.90508625061851e-16,-7.77922750711354e-17,2.05234061460131e-16,-1.10028799351563e-07,-1.9515093240583e-17,-3.35971112318563e-16,8.09904600732871e-08,-1.464138825626e-15,2.98092984829203e-16,-2.9264850199829e-16,1.37907234847922e-15,6.51648611383682e-07,-1.57518559581577e-16,-4.29685388073554e-08,3.86561104996183e-16,-1.61374778383629e-16,2.03404500565428e-15,1.00793048194506e-15,4.70388211072947e-16,2.65519036789813e-16,1.49550504854638e-09,-9.14851856198137e-15,-2.80295922640834e-16,5.67123929389193e-08,-1.81548601860882e-07,-2.26029015566422e-16,1.24467209687973e-07,1.81112334136078e-08,3.15789071988632e-16,-1.55989348907471e-15,3.82226075372207e-16,-1.21229408017749e-17,5.20658611224208e-16,-2.79323926961125e-08,1.29733665280406e-15,-6.2891744388032e-16,1.77802410099788e-16,1.09714300316626e-08,1.59350306302817e-15,7.04880827909537e-16,1.09771213454769e-16,1.82533343893543e-16,-4.88161538912748e-09,2.65369909373283e-16,1.60004173201853e-08,-1.94791111515901e-16,-9.04373027016998e-17,4.7432840916245e-16,1.6630506185753e-16,5.69093619699253e-16,-1.68039079138325e-17,4.32326873982913e-16,-1.68798299170214e-07,1.37502563139123e-16,-3.76431016502684e-17,0.000358079827038009,1.35154469688161e-16,-1.31234168903162e-16,-5.33893008154186e-18,8.40106825718701e-17,-2.65454673905254e-16,-1.41115870911106e-16,-7.20655429240443e-08,-4.07382905953566e-16,-1.36255805083592e-15,4.10444851751111e-06,8.83461892957952e-16,5.26309266258135e-16,-6.27285083222351e-16,-6.10867607105207e-16,-1.27741134668158e-15,3.01559736010858e-16,1.02284488135259e-16,6.16140899218536e-17,8.40840910609454e-17,1.7975218615288e-17,9.01195340261035e-16,-2.07844599513582e-06,2.45229719277186e-07,-9.60326742495639e-16,1.64774179476797e-16,-2.49942041023757e-16,1.43345401469906e-16,1.00419482841965e-15,-1.75589270405205e-16,2.98124981663574e-17,-3.63540380463331e-17,-3.01998805012005e-09,-3.73381765627404e-16,1.38781243133768e-16,1.06505769433699e-16,2.00136931229794e-16,3.80683418035748e-09,-7.45339968053957e-16,-4.09519136863596e-09,1.18691255216189e-16,2.87067456111441e-16,5.64181915731336e-18,7.20086407000978e-17,8.07154437127256e-17,-4.28877395881519e-16,-7.23956930957287e-17,-2.70531547536966e-16,6.52654546493882e-17,5.79736850204037e-17,-3.71203800476156e-16,6.50923796753965e-17,2.58927706454439e-16,2.02997399506461e-17,1.09633242820209e-16,1.33981347990268e-16,-1.18025802789642e-16,1.42217029939309e-16,4.58083064048742e-17,-1.3185608483291e-16,-3.86694257344111e-16,4.97949654637526e-17,1.01124037370533e-16,-2.30064736519706e-16,1.60529307578132e-11,2.67858997238536e-10,-7.70155894634115e-18,6.57808545296108e-16,-1.32888193194688e-17,1.72576156006025e-16,-3.53443848906998e-17,-3.35981522336226e-17,-2.13445539673724e-16,4.38376394365376e-16,1.1360913246676e-16,1.65329280390054e-16,3.7669926856651e-16,1.43987458171098e-16,1.52484529452554e-16,3.85202059201031e-16,-1.51135648226651e-16,3.78774886528125e-16,-3.03898464440178e-16,-3.34551648575033e-09,1.37194591000792e-16,4.33216351984031e-17,1.10697518342183e-16,8.65185121301534e-17,3.46409473377447e-16,-8.78913112996576e-17,-7.5181209834612e-17,5.74525660805821e-16,-1.16271125889187e-17,6.89880562861052e-10,6.9534976089535e-17,-1.15622593543154e-17,-5.19817372493191e-17,-4.05063666086633e-17,-3.79314563614014e-16,-1.2350518879689e-16,4.62638251598591e-17,-1.57347158852695e-16,-1.0341422937279e-16,-6.38363577332164e-17,1.06170773718212e-16,-3.91503400745371e-17,-1.29513833733098e-16,3.39796256599576e-09,-7.24840198973852e-17,-7.38163736029322e-17,2.08398159696796e-16,9.79170087025971e-17,-1.01234515469828e-08,-2.2761567309122e-16,2.76077146397639e-16,2.46239679421858e-16,3.11892631388909e-17,1.89849233238721e-16,1.90295900927523e-16,-1.3892082922784e-16,6.07540294116281e-17,4.61920051208501e-17,1.85753051315019e-16,-4.79620653275578e-17,1.8657505911085e-16,5.72992110654554e-19,-1.23912425083603e-16,3.02990529118775e-16,4.31058306260146e-17,-9.40976927887924e-17
"t969",-0.0374441684285134,-0.0101817301959631,0.00128502009265382,-0.11443101656045,0.0230871204224462,-0.00492850172453171,0.0264816533138119,0.00043293378818472,0.000158067059224584,-0.000583773078500091,-0.000294173717449729,0.13510359154198,0.0552331794894597,-0.00422514715118006,-0.000346077213060886,-2.37663483291902e-05,-1.83525015411474e-05,0.000274898463468691,-1.81189195492537e-05,3.11901842499758e-05,-0.000885629399980309,0.000334755731113045,-0.000952199003064814,0.0225947146151917,0.00695351062112312,5.17468350315165e-06,-3.25320299884943e-05,4.70933351041945e-05,-0.00160739034607593,0.00204203868888003,-6.76333057733386e-06,1.3242952144635e-05,-0.00730905278987313,-7.18152787710747e-05,1.30665177601587e-06,-2.56563086877024e-06,-0.000231243889116126,8.68942538731193e-07,7.37987627157209e-06,2.18982108901879e-06,0.000128937628912213,-1.97125723173436e-05,0.00794179342429335,4.69272683355965e-05,0.000349055665730198,-1.72340763122772e-05,4.4321046005682e-05,-0.000394599297596405,5.52136279132747e-05,-0.000173303824908288,0.0741673853675018,0.00020931371840264,-2.5298801176747e-07,0.000253128101537412,-5.848069828084e-06,5.57676176921678e-05,-5.89939669821091e-07,2.9307526188101e-05,-9.59557765167469e-06,4.75073871512229e-06,1.92734662355508e-06,-1.70380735230878e-07,2.64185676537174e-06,-1.04309065549569e-06,-1.03098855901108e-07,0.000191129944663927,-4.97916203779173e-08,2.06156900085012e-06,-5.95216852570194e-06,2.52641617011487e-06,-3.75417958934628e-06,6.23304821057714e-06,-2.83179406074475e-07,-2.11210258358296e-05,8.79472918766897e-06,8.42978759640551e-09,-4.71092805838529e-05,8.69158518421475e-07,-3.10647217070745e-06,-3.61682530099667e-06,1.04379426352963e-06,1.55779851282942e-05,-1.88156535334738e-06,-1.17328453043316e-05,7.02601733453742e-07,0.000149394347989979,-9.0820052074424e-06,-1.62705134003827e-07,-5.32677259964074e-08,1.38955176759035e-05,-3.41197694514599e-07,8.1252805787834e-08,7.26473320999208e-07,-7.09970722273833e-05,-2.23168339374227e-08,-7.03823677024184e-06,-1.58917834643313e-06,3.54055422411793e-06,-5.10849827519901e-06,-1.04753595102671e-06,-1.5340179680033e-07,1.1702765802529e-07,-1.87342356979675e-07,-6.65303223062163e-07,4.37093991885532e-07,-1.22332883255037e-05,0.000177648163446149,-0.0624655721589308,-1.64787448272204e-05,1.65767332356264e-06,6.20999399361967e-06,8.12830475141279e-06,-1.3053526537677e-05,5.99075132293338e-06,-2.77611885917602e-08,8.88542568501149e-07,-1.21680963963838e-06,1.06357855394091e-06,-9.00950089220072e-07,1.93266191580135e-06,-6.66679435567693e-06,1.18330007503312e-06,-8.81364787500884e-07,-2.39680647220411e-06,7.50169023998155e-07,-5.14037235915505e-06,5.05095741188831e-07,-1.04908645151123e-07,-9.64173125461189e-08,-3.28709715908254e-06,1.28820181315303e-07,-9.89287003342404e-07,2.17552991201186e-06,2.86609110063798e-07,-1.34286875463141e-07,-6.40595432866886e-07,5.52654966410163e-09,4.70246152214985e-06,-1.91649301638164e-06,5.55143018312777e-06,3.69968067026407e-07,1.4628650922655e-05,-2.95586375518208e-06,-1.91046773993553e-07,-6.02824585893436e-07,4.14063619359835e-08,2.25515416985717e-06,-3.98585238192761e-07,-2.69986448728952e-08,7.19605970760598e-08,1.12503784446719e-05,3.4523031272715e-07,7.52894978090975e-06,-2.87502672410174e-06,1.01212299675498e-06,9.09065189151336e-08,-1.39391382322395e-06,0.000234028991837554,8.20804908642094e-07,2.81587662403807e-07,0.000272619826245782,-3.41564573198753e-06,6.50725979427251e-06,0.00661452616844799,-2.41823410196707e-05,0.00438352528456521,-0.000108403931257155,-2.09339292008945e-06,-0.000107617626310728,-0.000278834128357431,0.186905293832861,-0.00519957804541017,4.76012306105493e-05,1.62101831474299e-05,0.500974315408434,-7.25307983610193e-06,-0.000481857232887923,-1.73425945444017e-05,-1.40172165692038e-05,-0.000476745087175284,0.000339190761635515,0.00955369648728059,1.70199990360393e-05,2.38013608519626e-07,9.93417057628125e-08,-9.53395533289576e-07,-1.32378195369329e-05,3.95196661462315e-06,1.7782384067661e-05,-0.000156620271909031,-4.49526604484017e-07,7.98051888344445e-07,3.12793596132762e-06,6.31733944026554e-08,5.14942930947448e-07,-6.92831852810481e-07,-1.26404181860071e-06,-6.27612663125672e-06,7.28679520711009e-07,2.88178607527365e-07,2.86568847751254e-07,4.63620510606707e-05,-7.36810713987793e-09,-1.36075587606891e-05,-1.87381235303798e-06,-6.4912285197556e-05,1.17042060915555e-06,4.32952367623654e-05,-8.68312177408625e-06,-6.28622391194796e-07,-5.89802622239348e-05,0.00204887953272956,-0.000223993591915381,-2.22917536797943e-06,-1.41313476045667e-06,-1.70180598996767e-06,2.52515523350458e-06,2.19033511942285e-07,-3.99066347268348e-07,-1.98150519822755e-06,-1.08050063811459e-05,8.82336472404385e-05,3.42011192001003e-06,1.11345285891754e-05,-2.93457923409426e-06,-1.51675692054646e-06,-1.60487365990747e-05,-1.22589440487047e-06,-2.1882444961362e-06,-2.48088950194681e-06,8.22744522439324e-05,0.0605708133779083,-6.75996261577571e-07,-7.53842549136659e-07,-7.13226369859382e-09,-2.26499113267468e-07,-1.50189127591855e-06,3.38293858905426e-17,-2.65710231604702e-07,2.04063420380868e-05,-6.44743221139149e-07,-1.2469655080245e-05,-2.13780701139435e-06,2.56732881130052e-06,-5.33875518985249e-07,2.12237319530135e-05,-5.10781114952507e-08,5.70365876291313e-09,-0.0376334916897002,-8.4546840006544e-07,-2.16286419187114e-08,4.63094563295865e-06,-4.48402500485034e-07,2.54990482153808e-07,-1.71713274704432e-08,1.32874128052227e-06,-1.26514374318258e-06,1.24979222806429e-05,4.04628056621268e-07,-7.91432545941761e-08,1.79692013572915e-06,-3.58498913692708e-07,4.211970920164e-05,-0.000541187284979294,1.57217417843321e-07,-5.43385378565759e-08,1.14997850353505e-07,5.16588806347508e-06,-1.87074030610421e-05,7.78491190368875e-08,3.14120736712478e-08,-7.42452560404657e-08,0.000179947673718174,-1.42038824847843e-05,5.61209873366005e-06,-0.00510337828028938,-7.61985039013522e-06,-1.70608778900268e-07,1.18056111093848e-06,-1.47829590467851e-05,2.70861528772882e-07,-5.60573507230517e-17,-7.49324807867633e-07,-2.59383098617729e-08,-3.97852824365856e-10,-3.61372514141682e-06,4.11175193663614e-08,-2.57142963505964e-08,-6.03668375781829e-07,7.08208562822543e-08,-5.65001838229964e-07,1.48048911799562e-06,5.45083144972661e-08,-4.91361303257759e-08,6.36169660259251e-07,-7.71425607397459e-07,2.75270551340246e-05,-3.72627859025738e-07,4.40277538107165e-06,2.38851930492812e-08,0.00123934445137368,8.86066665096619e-07,-7.3258529255374e-06,2.76412704876937e-07,-6.59434376881194e-07,8.83864069378667e-07,-3.20342535391669e-06,2.00559116173899e-07,1.81313407995039e-07,1.39225269385907e-06,-6.79537842175317e-05,-1.84141249224441e-07,4.41279614020306e-05,-9.74390422332928e-07,2.40637431202466e-08,2.23445567108679e-07,-4.31816485536473e-07,-5.77097789155861e-17,1.27093715865488e-09,8.5350347493347e-06,-4.82688872529996e-07,3.55837362718923e-07,9.29298444592469e-06,9.27067068421783e-08,2.14992404156472e-07,-3.1430569305701e-06,1.16593362368114e-06,1.72271714117808e-17,-8.89540005135844e-07,-1.08384289679991e-08,-3.02738088666152e-08,1.60751977626551e-06,2.27000835151384e-07,-1.53069539821031e-08,-5.85263543432314e-07,1.56245145450819e-07,-0.000148685846831588,9.564484153069e-07,-1.94799567339e-07,-3.52409749851743e-07,-1.86350728519927e-08,-1.8395205087523e-08,-3.50974349941584e-07,2.34594370920665e-06,-3.80469544355123e-07,1.17958655804016e-16,-7.7569660197066e-06,6.09077889092291e-07,5.09779280937004e-07,1.54050591635005e-07,-7.22756780696836e-07,-1.52874284370958e-06,0.000141176159359078,-2.7589973845912e-05,-1.28701484797947e-07,-1.246797767607e-16,-2.4040481142965e-07,-1.06787576961162e-06,-3.05647159747953e-07,1.8077509913697e-16,5.77847015790636e-07,5.81720902116907e-06,-8.87372184450694e-07,-4.72105938753693e-07,-1.57456653383956e-07,-8.42693521056358e-08,-3.01405817647089e-06,8.41335769717072e-08,8.9424042163807e-07,4.18037608506553e-07,1.84108096261786e-07,1.85710000083886e-06,-3.66959465402578e-17,-7.41775792477561e-07,3.48712481672607e-07,2.2645642058089e-06,-2.29689157659309e-07,-4.97579577036947e-19,-2.26942646535167e-07,3.01876856997259e-07,-1.06438589281364e-07,-9.551097463786e-08,-2.44595366128245e-07,1.8536694545295e-06,-3.72297316815893e-06,6.76101799654272e-07,5.48459633281978e-16,7.13072171179852e-06,-1.33020780294344e-05,0.0287751383336119,-6.39335006168223e-06,5.92825202100303e-07,2.94581910925928e-09,-7.88865500700453e-16,-1.70548595434979e-16,7.75095298981843e-10,1.97128737145186e-07,-2.07283417297566e-08,-1.11781979687976e-08,1.3269046519926e-16,-2.78801143019572e-08,-3.98889591502247e-10,2.56724094133734e-16,3.56616402190819e-17,-4.12324654428292e-17,1.13308055026293e-07,3.41554982910805e-07,-5.25268752275429e-07,3.22883011556504e-07,1.61622805594791e-07,3.43909184775657e-07,-1.66128650128637e-06,-5.68425290786349e-17,-3.81721296462415e-07,6.81873149182654e-07,-1.02921206361936e-16,1.9640656811294e-16,-7.10488305048939e-07,-3.47673404648451e-11,-2.68035277673491e-07,2.10547810147215e-07,2.68130324298995e-07,-1.4440258239144e-08,-1.84806769304908e-16,-4.86442917071458e-08,5.78898881020592e-17,-1.66539876324757e-07,-7.04460361572457e-17,-3.03704636791358e-07,5.98593212447324e-18,2.38313630556145e-07,3.29901929599468e-07,1.99338488467912e-08,2.63833367849615e-07,2.57864203589383e-05,-1.03740130051242e-07,1.88471934030633e-05,3.30118776115066e-08,1.60594587861273e-07,1.48212127195241e-08,2.32695221603096e-07,-1.04630404216253e-06,-1.62408025534396e-07,-1.32036472822509e-08,-3.1580089128093e-07,-7.98900040045895e-17,4.71884359428077e-06,-8.15306050939991e-07,5.07658490438568e-08,4.98727143040517e-16,6.72984843662143e-09,1.82796265193634e-07,6.54602092243749e-07,7.55286361467084e-17,-1.75547699578098e-06,-8.45136204854457e-08,-3.45964800925273e-17,-1.11805641963878e-07,1.74356964881442e-06,6.29238055157747e-17,7.20345678345718e-17,-1.02112729649017e-07,-4.96371699527262e-08,-2.8330455387478e-10,-3.93897399397036e-07,1.05126435982588e-07,3.41518398241159e-07,2.98212775889029e-08,3.67660928633325e-07,-6.28998159829882e-07,2.92917545687693e-16,2.38751331062459e-06,8.97278257402664e-10,2.48360324038688e-09,2.33359045509353e-07,-1.16690485757203e-16,1.06494929734674e-16,7.72602725658803e-08,3.34396862060012e-16,-3.66301245955189e-16,6.13366422181134e-07,-8.28642953280994e-06,-0.00474689303900426,-5.49514547096012e-09,3.8158690846017e-05,-1.02948469029788e-07,1.35294652227542e-08,1.90037129032229e-17,3.9056661950277e-08,1.83979325241821e-09,8.46333292639186e-09,-9.5678944515161e-07,6.83648958777695e-05,2.51374007688085e-16,9.34182118497003e-17,5.46783159317299e-16,-3.01628724646222e-08,-0.000630252228222205,-8.00883431699984e-08,-1.45859022293054e-16,-1.22972229885611e-07,-1.19443388792417e-16,1.1082327074005e-19,1.84432155275578e-06,-4.05008365051235e-08,-1.58849170796282e-16,-9.98957997050691e-08,-5.71263001510027e-07,-1.09647359046568e-16,1.54914404685589e-07,1.41559610301218e-16,4.14992126030487e-08,2.5679682586189e-16,4.14157644266487e-08,3.58583244045719e-07,1.43590861471362e-07,1.22216971497493e-08,8.39762732381675e-08,-2.92011648602709e-07,1.16685191978224e-07,-4.03134775708207e-16,5.34891295945461e-06,-8.64014170051151e-06,2.37940464289927e-17,-3.97853283969912e-08,-1.16922169403533e-07,1.88914943474554e-07,-1.01348766266206e-16,8.76927874667414e-08,1.28208324621271e-06,6.60981023584341e-17,-2.90259965350977e-07,-6.42458473722227e-08,-3.7049830708864e-08,4.07246910447971e-16,-2.31867328812271e-16,6.03213089383271e-08,1.85234425049122e-08,1.49957424654402e-09,-1.70503403298158e-07,1.1280450625658e-08,-5.41482240415753e-18,1.08503652056203e-17,4.14844000093109e-08,2.8628850730609e-10,-3.55858755685869e-16,1.03492429562341e-07,-6.08111200708126e-18,0.00233563076599409,-1.80061821046713e-08,-1.05541272111804e-08,-7.06285426979844e-08,-1.15568939289793e-15,-3.75443788598134e-17,-4.0550980373805e-16,-1.39113544266957e-16,-6.44449367355332e-08,-1.40623728678903e-07,-1.44189412175406e-16,-2.2790435878748e-16,-1.58244931648018e-17,5.63045646820638e-06,1.78892917014165e-09,-2.52747908310307e-07,-2.31374336118299e-17,-6.161249895692e-16,1.57798849941687e-16,-6.53449412864913e-07,0.000863392450094006,1.80556847436037e-16,2.30742882149609e-08,-9.63897305940266e-07,-1.5791035217319e-16,1.71314397717762e-16,-6.0810958555987e-08,-6.23340852151272e-10,-3.02440171983275e-08,-5.05723607206899e-16,3.42241358970054e-08,4.99976945462181e-08,5.38850469963975e-08,-4.94258037747534e-08,-1.76353748833364e-07,1.5071324159209e-08,1.52840384968353e-16,-8.20239809254125e-16,9.11567973741959e-16,2.92758849629178e-07,-7.48020359397952e-06,-1.44500776313967e-08,-1.15429781982292e-08,7.97101705531296e-16,1.09502563774116e-16,-3.98943529704432e-16,1.13629970927392e-16,3.03618094057594e-16,6.17431181335645e-07,1.49852284403174e-16,2.53979397601058e-17,-9.14622384951192e-09,-3.24762851607512e-16,-8.19079953227192e-09,5.77752785239377e-17,-1.01618180167317e-08,8.97789572296252e-17,-1.24822365362939e-08,-1.5677725090285e-09,-9.95143526687856e-07,8.68611909414181e-17,5.09703198968804e-08,-1.57292839114149e-16,7.35636841248198e-08,-1.45975684650401e-06,7.34528786140581e-10,9.05924505961905e-17,1.0838457052071e-07,5.47306613030098e-16,-2.71525135712104e-08,-1.53410243513992e-07,-3.26391113794114e-16,-1.47241230817907e-16,-3.78833921841486e-16,-4.5883638323865e-17,-5.23991420074884e-10,-6.85643889369171e-09,-1.53984070402792e-09,-1.35944853478112e-16,2.67928440836823e-16,-1.84475023649726e-07,9.47514792956936e-07,6.87825159988307e-16,-6.49197394669602e-16,-7.56437290346882e-09,3.64289886461172e-16,-5.41704442596731e-08,6.70366658247071e-16,5.28559769024485e-07,2.53249867576396e-16,1.49654245165711e-16,-2.75799424021165e-16,9.71019286800151e-16,-2.8108603855405e-16,2.04379157985709e-15,7.6200642587485e-08,-5.33574469640616e-07,3.05004544604784e-16,-5.30435193353617e-08,2.04987698117975e-07,-7.16147746387685e-17,3.48256821073753e-16,-3.53249946165245e-16,-1.32750874674347e-15,2.184934403621e-08,3.56820559345133e-09,4.69791455764709e-16,-8.92042783411676e-16,-4.15372096501945e-08,-1.48668817025139e-07,-2.50314113349794e-08,8.34063089005969e-16,1.85814138475379e-16,-8.62370324535048e-18,-3.13639309221323e-16,-2.08454677211565e-15,-1.39365847259432e-15,1.14334998515598e-07,-1.11716451095746e-07,-2.22359213430704e-08,1.17650326722018e-15,-6.55155183953556e-16,-1.22282310623177e-15,-7.557719558283e-16,-1.218083157935e-16,-4.35868297075202e-15,1.71114404320158e-15,-6.12685551580635e-16,-8.37128355053195e-16,4.89167819810121e-16,-1.14109240138876e-15,1.91511441365056e-15,4.63645427862661e-15,7.27459333360892e-15,5.17049507346657e-07,2.80068142570882e-15,-2.92877706735533e-14,9.05988725536022e-15,0.399441264017547,5.17565502395215e-08,-2.00600603296989e-14,4.6919864012484e-07,-0.000101440286432784,-2.33962631585522e-15,2.3752094198184e-15,4.6756697641021e-07,2.00147354600219e-16,-0.00012102658253056,1.21282681983945e-16,5.60743835782508e-16,1.36646364561277e-15,-1.21616406256429e-15,-1.56533458619444e-09,2.05595586982193e-07,-1.37822227981269e-15,-1.01711446434383e-15,7.02739152853913e-16,-4.68148389831055e-16,8.19284147902249e-16,-1.55973743012456e-17,3.81799087209294e-16,2.54076071402912e-16,1.81861425772817e-10,1.54571969602677e-16,3.57798292549613e-16,2.61740435774705e-16,-2.3214660798342e-16,9.00498366859311e-17,1.09429166959508e-16,-4.69759215091558e-09,-3.79325376028775e-17,5.11466799473424e-16,4.00425453138252e-09,5.99013133182065e-17,-5.36097606748213e-16,-3.93069995180261e-16,-7.24195712523525e-16,7.96818505227375e-08,1.57839271265327e-16,-5.76642275735089e-09,-4.04360526317163e-16,-9.008790273213e-18,-1.33563412775017e-15,-9.12749998467025e-16,-4.78366322359621e-16,9.59744213318508e-17,2.35673719274842e-10,4.29749458225766e-15,-2.07366992677855e-16,9.90916035936922e-09,-3.18751535572054e-08,2.17377901516195e-17,2.36213767048622e-08,3.51611733262753e-09,2.42987336735323e-17,7.9577601441816e-16,-1.81200414028847e-16,-7.16877866479787e-17,-7.43890276358228e-17,-7.08815488311306e-09,-3.06398037527258e-16,2.02678248520091e-16,-1.34846120352823e-16,2.93785143077196e-09,-1.07494857767596e-15,-5.41360318517403e-16,-2.60257998853318e-17,-3.26333076093108e-16,-1.39395260170305e-09,-5.89640690583556e-16,4.6541422099266e-09,-2.04998883128404e-17,1.67543533229214e-16,-1.1840294899859e-15,6.68524435662331e-16,-2.48548428933221e-16,1.89301018534559e-16,-3.26805238212688e-16,-5.36522084233248e-08,-3.98636484458282e-17,1.87766315412564e-16,0.000116103675459544,2.2994681768082e-16,3.1082886903372e-16,-1.67723421662091e-17,-2.78904676151873e-16,1.17914728287048e-15,2.68280294711814e-16,-2.4761648240083e-08,4.87486211284393e-16,7.46042671097329e-16,1.44449562383531e-06,1.39484978805723e-16,-2.69989292109558e-16,5.3437568424746e-16,-5.77272920791885e-16,-4.93560716575767e-16,-1.00790378064592e-16,-4.50836935837823e-16,-1.99912329903056e-16,7.82901315773823e-16,-4.77068812679402e-16,-3.56899843217557e-16,-7.91977744449145e-07,9.42599979579821e-08,-1.08868365853593e-15,-1.79427698734759e-16,2.71773998369822e-16,-1.61014338448763e-16,2.94111523330143e-15,1.22696982998769e-15,-5.04490764414705e-17,-5.70595192773049e-16,-1.21170189513749e-09,4.01289044253751e-16,-5.39991046590016e-16,-3.8963234880275e-16,1.33688830222817e-15,1.57936779455331e-09,1.14058543476824e-15,-1.75921816822782e-09,-5.8484158532325e-16,1.82620360084763e-16,1.54435742179457e-15,-4.21407352367142e-16,4.00844712560526e-16,-5.73508096919555e-16,1.67093535570866e-15,3.9986340138725e-16,-1.56569293901142e-17,4.31704464119286e-16,-2.36930324570771e-16,-1.1274773862696e-15,-1.10229186483081e-16,-1.66310568172773e-15,-4.65770607949765e-16,1.48357635032711e-15,-1.06991886127325e-15,-4.44180740355273e-15,8.16399806856621e-16,-3.72776185235321e-15,-7.82945756838682e-15,-6.74569110002071e-15,-2.58323455605053e-15,1.40313289650423e-15,-0.707106781195285,1.28208388498994e-10,3.79208396301982e-14,1.15976023992965e-14,-1.01533299000744e-14,4.01180448193653e-15,-2.59914183882887e-15,1.19780223576434e-15,-2.60831998230303e-15,1.73570148503577e-15,2.41781855983176e-17,5.78264641560647e-15,-1.54924155643978e-14,4.88089212874929e-18,-6.57863502226019e-16,-1.05125612897921e-15,-2.28170191883119e-15,3.56567551164219e-17,4.70002540322165e-16,-1.69547171237388e-09,3.08057382944609e-16,-5.91888878212951e-16,1.82135680582461e-16,2.84028026427215e-16,2.76601439469337e-16,1.33025454655353e-16,-5.09551913351141e-18,5.87687730511921e-17,-2.73947701408192e-16,3.67919826697647e-10,3.55458155493664e-16,-1.40185957125105e-16,-1.33112689476444e-16,2.89315595541894e-16,2.44349221667039e-16,1.7230054038847e-15,1.38378143321441e-16,3.0138591428182e-17,6.41202984190214e-17,-2.94412180798465e-16,2.34868221808854e-16,-1.2013745482475e-17,7.50074179863217e-19,1.89381609058947e-09,-8.67340263511871e-17,-1.3855299624624e-16,-5.34291684695095e-16,-2.2418590421569e-16,-5.74753845055419e-09,2.37435985695718e-16,-2.44333547001063e-16,-3.8216053167573e-16,-1.08111199179231e-16,-1.0088864478645e-16,1.66194358687589e-18,2.2605726010803e-16,3.42397119670257e-17,-1.80670572476002e-16,-2.85531348397961e-17,1.63558683205927e-16,9.62205803650358e-18,-2.87964596299975e-17,-1.88640217458313e-18,-2.68614093319967e-16,1.05992252460333e-16,-1.68173295505389e-16
"t827",-0.0374441684285139,-0.0101817301959633,0.00128502009265387,-0.114431016560454,0.0230871204224472,-0.00492850172453194,0.0264816533138133,0.000432933788184698,0.000158067059224618,-0.000583773078500163,-0.000294173717449837,0.135103591541997,0.0552331794894668,-0.00422514715118061,-0.000346077213060911,-2.37663483292057e-05,-1.83525015411736e-05,0.000274898463468716,-1.81189195492461e-05,3.11901842499977e-05,-0.000885629399980457,0.000334755731113128,-0.000952199003065034,0.0225947146151968,0.00695351062112473,5.17468350312335e-06,-3.25320299884894e-05,4.70933351041398e-05,-0.0016073903460763,0.00204203868888064,-6.76333057734345e-06,1.32429521446701e-05,-0.00730905278987568,-7.18152787711003e-05,1.30665177601638e-06,-2.56563086873572e-06,-0.000231243889116219,8.6894253872149e-07,7.37987627158075e-06,2.18982108899807e-06,0.000128937628912255,-1.97125723173647e-05,0.00794179342429703,4.69272683355962e-05,0.000349055665730325,-1.72340763122863e-05,4.43210460057131e-05,-0.000394599297596616,5.5213627913322e-05,-0.00017330382490839,0.0741673853675432,0.000209313718402744,-2.52988011753827e-07,0.000253128101537577,-5.84806982807841e-06,5.57676176921809e-05,-5.89939669818973e-07,2.93075261881178e-05,-9.59557765168404e-06,4.75073871501916e-06,1.92734662356893e-06,-1.70380735240928e-07,2.64185676536931e-06,-1.04309065546654e-06,-1.03098855868197e-07,0.000191129944664083,-4.97916203898143e-08,2.06156900082564e-06,-5.95216852575669e-06,2.52641617012241e-06,-3.75417958933037e-06,6.23304821060461e-06,-2.83179406117913e-07,-2.11210258358925e-05,8.79472918764444e-06,8.42978761603287e-09,-4.71092805838181e-05,8.69158518441098e-07,-3.10647217072621e-06,-3.61682530100312e-06,1.04379426346799e-06,1.55779851282874e-05,-1.88156535338475e-06,-1.1732845304353e-05,7.02601733427466e-07,0.000149394347990191,-9.0820052074641e-06,-1.62705134003059e-07,-5.326772600893e-08,1.38955176758281e-05,-3.41197694482743e-07,8.12528057889182e-08,7.26473321014631e-07,-7.09970722274779e-05,-2.23168339612246e-08,-7.03823677023188e-06,-1.58917834641376e-06,3.54055422409249e-06,-5.10849827519578e-06,-1.04753595110607e-06,-1.53401796730147e-07,1.17027658062489e-07,-1.87342356978462e-07,-6.65303223024859e-07,4.3709399190273e-07,-1.22332883255446e-05,0.000177648163446439,-0.0624655721590391,-1.64787448272644e-05,1.65767332377629e-06,6.20999399356267e-06,8.12830475139851e-06,-1.30535265376498e-05,5.99075132302194e-06,-2.77611885840655e-08,8.88542568432749e-07,-1.21680963962749e-06,1.06357855398946e-06,-9.00950089194992e-07,1.93266191576328e-06,-6.66679435571335e-06,1.18330007498686e-06,-8.81364787511107e-07,-2.39680647221891e-06,7.50169024006574e-07,-5.14037235914167e-06,5.05095741043602e-07,-1.04908645231829e-07,-9.64173125284774e-08,-3.28709715909544e-06,1.28820181263277e-07,-9.89287003297709e-07,2.17552991201856e-06,2.86609110023557e-07,-1.34286875511931e-07,-6.40595432845851e-07,5.52654972122764e-09,4.70246152209671e-06,-1.91649301651825e-06,5.55143018308365e-06,3.69968067005066e-07,1.46286509227058e-05,-2.95586375514188e-06,-1.91046774021165e-07,-6.02824585934205e-07,4.14063620641423e-08,2.25515416991214e-06,-3.98585238170847e-07,-2.69986448810902e-08,7.19605970853609e-08,1.12503784447328e-05,3.45230312847542e-07,7.52894978092745e-06,-2.87502672414731e-06,1.01212299684365e-06,9.09065189449081e-08,-1.39391382316327e-06,0.000234028991838195,8.20804908638387e-07,2.81587662432522e-07,0.000272619826246588,-3.41564573205129e-06,6.50725979423908e-06,0.00661452616846675,-2.41823410197399e-05,0.00438352528457788,-0.0001084039312575,-2.09339292015659e-06,-0.000107617626311028,-0.000278834128358198,0.186905293833427,-0.005199578045426,4.76012306107996e-05,1.62101831474707e-05,0.500974315409981,-7.25307983611591e-06,-0.000481857232889296,-1.73425945443284e-05,-1.40172165692639e-05,-0.000476745087176852,0.00033919076163664,0.0095536964873116,1.70199990361381e-05,2.38013608497932e-07,9.9341705709427e-08,-9.53395533291678e-07,-1.32378195369211e-05,3.95196661463055e-06,1.77823840678282e-05,-0.000156620271909529,-4.49526604458814e-07,7.98051888285657e-07,3.12793596138325e-06,6.31733943872819e-08,5.14942930970779e-07,-6.92831852789108e-07,-1.2640418186419e-06,-6.27612663119909e-06,7.28679520677448e-07,2.8817860744423e-07,2.86568847729872e-07,4.63620510608458e-05,-7.36810720027634e-09,-1.36075587607462e-05,-1.87381235306396e-06,-6.49122851978101e-05,1.17042060895167e-06,4.32952367624325e-05,-8.68312177423968e-06,-6.28622391146805e-07,-5.89802622241225e-05,0.00204887953273817,-0.000223993591916294,-2.22917536798076e-06,-1.41313476040673e-06,-1.70180598981178e-06,2.52515523342188e-06,2.19033511982245e-07,-3.99066347221793e-07,-1.98150519824033e-06,-1.08050063811401e-05,8.82336472408723e-05,3.42011192003628e-06,1.11345285892046e-05,-2.93457923408843e-06,-1.51675692051928e-06,-1.6048736599203e-05,-1.22589440487535e-06,-2.18824449608853e-06,-2.48088950200852e-06,8.2274452244371e-05,0.0605708133782056,-6.7599626159298e-07,-7.53842549116775e-07,-7.13226366224835e-09,-2.26499113226237e-07,-1.501891275834e-06,1.27971958141135e-16,-2.65710231579455e-07,2.04063420378383e-05,-6.44743221116078e-07,-1.24696550803755e-05,-2.13780701139824e-06,2.56732881133342e-06,-5.3387551899864e-07,2.12237319530774e-05,-5.10781114776579e-08,5.70365891555278e-09,-0.0376334916899041,-8.45468400087309e-07,-2.16286418825889e-08,4.63094563284674e-06,-4.48402500538632e-07,2.54990482186007e-07,-1.71713276990337e-08,1.32874128051675e-06,-1.26514374319171e-06,1.24979222807143e-05,4.04628056613002e-07,-7.91432545837817e-08,1.79692013573773e-06,-3.58498913657595e-07,4.21197092019265e-05,-0.000541187284982508,1.57217417855868e-07,-5.43385378546207e-08,1.14997850354359e-07,5.16588806339786e-06,-1.87074030611012e-05,7.7849118996923e-08,3.14120736714797e-08,-7.42452559478327e-08,0.000179947673719255,-1.4203882484859e-05,5.61209873366828e-06,-0.00510337828032277,-7.61985039023607e-06,-1.70608778934449e-07,1.18056111096967e-06,-1.47829590468731e-05,2.70861528677401e-07,-2.19970741562378e-17,-7.49324807876507e-07,-2.59383096547021e-08,-3.97852832410619e-10,-3.61372514140168e-06,4.11175194513905e-08,-2.57142962951213e-08,-6.03668375721043e-07,7.08208563254073e-08,-5.65001838254052e-07,1.4804891181619e-06,5.45083143126085e-08,-4.91361302893636e-08,6.36169660185272e-07,-7.71425607426516e-07,2.75270551343402e-05,-3.72627859094513e-07,4.40277538120773e-06,2.38851931254613e-08,0.0012393444513833,8.86066665113011e-07,-7.32585292558844e-06,2.76412704873998e-07,-6.59434376827661e-07,8.83864069348113e-07,-3.20342535396673e-06,2.00559116178244e-07,1.81313408053705e-07,1.39225269385875e-06,-6.79537842182036e-05,-1.84141249182381e-07,4.41279614024828e-05,-9.74390422219696e-07,2.40637431915494e-08,2.2344556720708e-07,-4.31816485508036e-07,5.54593716036182e-17,1.27093715204467e-09,8.53503474941996e-06,-4.82688872289412e-07,3.55837362732165e-07,9.2929844459719e-06,9.27067068094363e-08,2.14992404147327e-07,-3.14305693054741e-06,1.16593362355973e-06,-5.12121511616457e-17,-8.89540004998445e-07,-1.08384289357037e-08,-3.0273808846282e-08,1.60751977619347e-06,2.27000835105336e-07,-1.5306954154448e-08,-5.85263543537793e-07,1.56245145490397e-07,-0.000148685846833115,9.5644841527801e-07,-1.9479956748498e-07,-3.52409749886611e-07,-1.86350728982599e-08,-1.83952048207958e-08,-3.50974349978069e-07,2.34594370920223e-06,-3.80469544411865e-07,-4.18972219120916e-17,-7.75696601971679e-06,6.09077889345981e-07,5.0977928073338e-07,1.54050591650077e-07,-7.22756780586196e-07,-1.52874284382294e-06,0.000141176159360677,-2.7589973846274e-05,-1.28701484706653e-07,8.30001709783576e-18,-2.40404811503449e-07,-1.06787576977716e-06,-3.05647159757386e-07,6.9254672521681e-17,5.7784701586535e-07,5.81720902115062e-06,-8.87372184349433e-07,-4.72105938784044e-07,-1.57456653274599e-07,-8.42693521905888e-08,-3.01405817647373e-06,8.41335771363584e-08,8.9424042184568e-07,4.18037608550113e-07,1.84108096185338e-07,1.85710000090268e-06,-3.2906371610008e-17,-7.41775792607132e-07,3.48712481664162e-07,2.26456420586302e-06,-2.2968915760945e-07,-3.23772746891218e-17,-2.26942646509561e-07,3.01876857132066e-07,-1.06438589291534e-07,-9.55109746206203e-08,-2.44595366217485e-07,1.85366945456302e-06,-3.72297316831595e-06,6.76101799581821e-07,5.03404912173634e-16,7.13072171199387e-06,-1.33020780298728e-05,0.0287751383339941,-6.39335006152403e-06,5.92825202157435e-07,2.94581914986844e-09,-5.75060832286312e-16,-1.71153028887195e-16,7.75095392206936e-10,1.97128736785778e-07,-2.07283418464836e-08,-1.11781979996752e-08,5.38747602509856e-17,-2.78801143473337e-08,-3.98889597270268e-10,2.52541036471921e-16,-4.41579198586983e-17,-5.91084367349029e-17,1.13308054977665e-07,3.41554982842566e-07,-5.25268752370181e-07,3.22883011366041e-07,1.61622805481724e-07,3.43909184621513e-07,-1.66128650137394e-06,-3.62436048193045e-17,-3.81721296326922e-07,6.81873149170139e-07,-2.57573737898636e-16,1.06436148068743e-16,-7.10488305199348e-07,-3.47672664598129e-11,-2.68035277680538e-07,2.10547810125794e-07,2.68130324183525e-07,-1.44402581634442e-08,-1.92121745837696e-16,-4.86442917459429e-08,1.07403887572006e-16,-1.66539876484237e-07,-2.85853290907592e-16,-3.03704637126962e-07,7.75167325479386e-18,2.38313630238706e-07,3.29901929627646e-07,1.99338489360451e-08,2.63833367979077e-07,2.57864203594072e-05,-1.03740130203877e-07,1.88471934034019e-05,3.30118774215339e-08,1.60594587690148e-07,1.48212124692905e-08,2.32695221551524e-07,-1.04630404232745e-06,-1.62408025645019e-07,-1.32036473191515e-08,-3.15800891223903e-07,5.09169984538267e-19,4.71884359435054e-06,-8.15306050969715e-07,5.07658491534681e-08,4.19178396802457e-16,6.72984859677663e-09,1.82796265277698e-07,6.54602092135305e-07,2.15200702530003e-17,-1.75547699586807e-06,-8.45136204845923e-08,1.68962991915787e-16,-1.11805641926467e-07,1.74356964876933e-06,2.06326200068431e-16,4.15917948542895e-17,-1.02112729507243e-07,-4.96371697320913e-08,-2.83304656011499e-10,-3.93897399429118e-07,1.0512643596405e-07,3.41518398275205e-07,2.98212776457599e-08,3.67660928470926e-07,-6.2899816005938e-07,9.62771529167128e-17,2.38751331094031e-06,8.97278195342943e-10,2.48360306757385e-09,2.33359045490771e-07,-5.00127925194887e-17,-2.27227182881457e-16,7.72602726015948e-08,-7.29416096278976e-18,-2.37223537855149e-16,6.13366422288217e-07,-8.28642953298598e-06,-0.00474689303910459,-5.49514553626939e-09,3.81586908467798e-05,-1.02948469033004e-07,1.35294651487374e-08,7.92179232133747e-17,3.90566619161866e-08,1.83979291774543e-09,8.4633330526138e-09,-9.56789445158417e-07,6.83648958791992e-05,-2.59172704078153e-16,-4.73363948430873e-17,3.49729778718781e-16,-3.01628724362378e-08,-0.000630252228236934,-8.0088343131635e-08,-4.3814799141697e-16,-1.22972229953016e-07,-2.91777324108965e-16,-1.20370801798215e-16,1.84432155294324e-06,-4.05008365018175e-08,-7.79541362017078e-17,-9.98957996446203e-08,-5.71263001524214e-07,3.9366131227647e-16,1.549144045783e-07,-2.89073408433839e-16,4.14992127090769e-08,5.46528237314905e-16,4.14157645320666e-08,3.58583243981796e-07,1.43590861741132e-07,1.22216972591828e-08,8.39762732715694e-08,-2.92011649804903e-07,1.16685192086844e-07,-2.05591994559674e-16,5.3489129596803e-06,-8.64014170072936e-06,-1.03758257832736e-16,-3.97853284373908e-08,-1.16922169539182e-07,1.88914943623809e-07,-4.52351675153231e-17,8.76927874104318e-08,1.28208324599525e-06,8.1332325067032e-17,-2.90259965382538e-07,-6.42458473654135e-08,-3.70498305887015e-08,1.76086600826818e-16,-1.54167671340436e-17,6.03213089671716e-08,1.85234424780269e-08,1.49957437136288e-09,-1.70503403234653e-07,1.12804505603865e-08,-2.3575680754709e-16,-3.07447466271295e-16,4.14844001205455e-08,2.86288492926961e-10,-2.99109819822362e-17,1.03492429486835e-07,-5.02848854450498e-17,0.00233563076606499,-1.80061821384299e-08,-1.05541273818771e-08,-7.06285427109352e-08,-1.35633614155978e-15,-3.44896480758809e-18,-2.52877702621762e-16,-6.25146942758975e-18,-6.44449367583273e-08,-1.40623728582138e-07,3.35215375354701e-16,1.29933421588255e-16,-6.1363866533255e-17,5.63045646832879e-06,1.78892883892674e-09,-2.52747908309314e-07,-1.22542272603236e-17,-5.90180370394801e-16,3.60951232011159e-16,-6.53449412852384e-07,0.000863392450122809,-1.13235660185376e-16,2.30742883399773e-08,-9.63897306033753e-07,1.20404711226885e-16,2.53596873617876e-16,-6.08109585624079e-08,-6.23340742450465e-10,-3.02440174023673e-08,-3.05806153365148e-16,3.42241359826232e-08,4.99976946790469e-08,5.38850468831586e-08,-4.94258036119902e-08,-1.76353749101179e-07,1.50713240913124e-08,1.63258308864284e-16,-9.76251192016772e-16,-2.65044792648581e-16,2.92758849705992e-07,-7.48020359426201e-06,-1.44500778641222e-08,-1.15429781655288e-08,9.06280017267459e-16,4.06047042874729e-17,-2.16181537045614e-16,1.60140734638878e-17,1.33432143023534e-16,6.17431181092289e-07,2.0690109026833e-16,1.54907683390532e-16,-9.14622404703736e-09,-1.12747194773378e-16,-8.1907998426676e-09,2.12073196539363e-17,-1.01618177933737e-08,1.77021119762538e-16,-1.24822365654098e-08,-1.56777271358828e-09,-9.9514352663281e-07,-7.18532466373044e-17,5.09703198273887e-08,-1.20398774423568e-16,7.35636840697321e-08,-1.4597568465739e-06,7.34529101981007e-10,-2.53661490459061e-16,1.08384570688525e-07,2.1736204113459e-16,-2.71525135723474e-08,-1.53410243453498e-07,-5.44873381455122e-16,-1.08734881238984e-17,-1.05757195514238e-16,2.71689415566348e-17,-5.23991429769446e-10,-6.8564385821778e-09,-1.53984051406513e-09,3.29911856735729e-17,3.90943998702301e-16,-1.8447502391291e-07,9.47514792591886e-07,9.9004406707655e-17,-9.21351608057167e-17,-7.5643728423226e-09,6.63319501223941e-16,-5.41704445377987e-08,9.00782198508368e-16,5.2855976896214e-07,-1.12394588629225e-17,2.89217340500163e-16,9.48174544231584e-17,5.65650885310642e-16,-6.24993965351759e-16,1.66737013809724e-15,7.62006424388067e-08,-5.33574469428408e-07,4.20996339898253e-16,-5.30435194616232e-08,2.04987698174679e-07,1.55133003195883e-16,7.01030235032465e-16,-6.91394639057228e-16,-1.21064552418317e-15,2.18493444590582e-08,3.56820582170437e-09,3.20379643325979e-16,-1.0419896134532e-15,-4.15372096601489e-08,-1.48668817047231e-07,-2.50314111760176e-08,5.39811434085847e-16,3.62029780641985e-16,-4.31873389341664e-16,-1.54930240436224e-16,-2.84584234621107e-15,-1.12680564634315e-15,1.14334999002915e-07,-1.11716451094731e-07,-2.2235920727182e-08,1.2024886584063e-15,-8.60227838256815e-16,-9.31817845238396e-16,-7.01420657988961e-16,1.75200675336337e-16,-4.53731858640684e-15,2.03235571822228e-15,-6.07424851506903e-16,-9.23871289947152e-16,3.41546631488875e-16,-5.12262380211139e-16,2.12086181653463e-15,4.5405194482917e-15,7.34796951541471e-15,5.17049507474081e-07,2.49971653683552e-15,-2.86303104935052e-14,8.93026501677428e-15,0.399441264046147,5.17565498865406e-08,-2.05558429132683e-14,4.69198639314715e-07,-0.000101440286439935,-2.13077585510771e-15,2.40085590203586e-15,4.67566976370475e-07,8.90892143309726e-16,-0.00012102658254032,6.78979495867845e-16,8.09708046401459e-16,1.51963841244979e-15,-1.05201869627673e-15,-1.56533417725555e-09,2.05595586814205e-07,-9.1426496318198e-16,-1.58365105639374e-15,8.10403289003101e-16,-3.52129091995944e-17,5.23520571511782e-16,-8.51154487377518e-17,4.35324165362306e-16,1.86880096783453e-16,1.81861063035385e-10,3.17363437065597e-16,1.90168385577919e-16,2.75784875657302e-16,-4.46614194878816e-16,-1.4763555253931e-16,-3.55469948338652e-16,-4.69759234125634e-09,1.07981330316615e-17,-2.23880469020646e-16,4.004254353162e-09,1.17933717902413e-15,2.10523066067961e-16,6.91191344682159e-16,-6.4902011918468e-16,7.96818505182092e-08,-5.32863814320722e-18,-5.7664226898257e-09,9.90469375709268e-17,1.94856903218833e-16,-7.37083546617781e-16,-5.87608751897157e-16,8.16434276328808e-17,-6.4475265281319e-16,2.3567362168087e-10,4.25684807145349e-15,2.4942102451812e-16,9.90916122781286e-09,-3.18751533734626e-08,2.21167696572936e-16,2.36213769111719e-08,3.51611722156157e-09,-1.79963884845005e-16,5.48306968131479e-16,-3.66340048430049e-17,9.08979945218639e-17,-2.7500104744403e-16,-7.08815514530376e-09,-1.15004103052198e-15,2.84525348147433e-16,-4.96752770117725e-17,2.93785114925388e-09,-2.41655049556326e-16,-2.58449429342331e-16,-2.27110457847471e-16,1.28492364881728e-16,-1.39395266151474e-09,4.35444357168457e-16,4.6541426649025e-09,1.80680553228393e-16,-1.07399688667497e-17,7.16903906154185e-16,-8.08546304750379e-16,-2.58907889566827e-16,-4.25306176185505e-17,-1.31768872812116e-16,-5.36522083945759e-08,-9.250146951833e-18,-2.52826324319502e-16,0.000116103675483217,-4.73546956571031e-16,-1.94902423249091e-16,-3.7114078272311e-18,2.34842071894307e-16,-1.01124970995556e-15,-1.67467500285653e-16,-2.47616485980425e-08,-3.78852078709896e-17,6.88864768026705e-16,1.44449562460832e-06,-5.51323760794806e-16,-1.45229748287769e-16,-7.6951280701408e-17,1.26407299746318e-15,1.7440634858235e-15,-8.51434593314886e-17,3.56435000474904e-16,1.89507446330321e-16,-9.265366364877e-16,4.8480102946965e-16,-5.84171952902032e-16,-7.91977745161453e-07,9.42599974612854e-08,1.92675345451638e-15,1.24541549153895e-16,-1.88799100150961e-17,-2.70108553855322e-17,-3.98061439496264e-15,-8.79155590080067e-16,8.06983543921656e-17,5.92394687633281e-16,-1.21170155540368e-09,-1.4941856963075e-16,3.06245485609059e-16,1.94739479383929e-16,-1.45439739218414e-15,1.57936882268086e-09,-9.93464169325202e-16,-1.75921856091401e-09,4.75324299577209e-16,-5.39633019350842e-16,-1.61239133997864e-15,2.5443161079059e-16,-4.86629605557513e-16,1.20316034492751e-15,-1.63136993290785e-15,-2.43103312117308e-16,-1.25443869689385e-17,-4.94212856043163e-16,6.29315387048259e-16,1.0739287065953e-15,-4.69418989860798e-17,1.71651667004866e-15,3.79038827586496e-16,-1.48197936366529e-15,1.21234233792002e-15,4.41673199451328e-15,-9.06792570127678e-16,3.87651837805299e-15,8.48978412527554e-15,6.69438548059274e-15,2.2165826716515e-15,-1.25889635422875e-15,0.707106781177809,1.27967220804674e-10,-3.79477455432534e-14,-1.21945908596488e-14,1.01997716521824e-14,-4.47613010431053e-15,2.55607814157781e-15,-1.17021059063819e-15,2.75396233530321e-15,-2.14774423271827e-15,-2.12222374681789e-16,-5.94520297613066e-15,1.45120189736642e-14,-8.15425853016287e-17,5.30264693376307e-16,6.74242347812468e-16,2.51771354749491e-15,-4.20903626065722e-16,-2.26691719250035e-16,-1.69547080040776e-09,-3.8395783460032e-16,4.54880021913108e-16,-1.76789657216801e-16,-4.25668060654337e-16,-2.20564912225135e-16,-1.82021600867111e-16,9.36938785093296e-17,-5.61483687491869e-16,2.83171326569545e-16,3.67919938516258e-10,-1.06689796791831e-16,1.3982987038918e-16,1.43828204038789e-16,-3.09945211870092e-16,1.24944175018204e-16,-1.49396225712933e-15,-1.34475681124596e-16,1.20344304173602e-16,-3.69053996098273e-17,3.04267782784121e-16,-3.57029900891681e-16,9.70408010888053e-17,6.50973690073074e-17,1.89381628914089e-09,1.58820884230275e-16,2.09633917706077e-16,-1.04719976314996e-17,-2.46547574023204e-16,-5.74753840815471e-09,-6.48689500468253e-17,-7.53904407770965e-17,1.68131707734782e-16,3.29477144839819e-17,-9.20631037193286e-17,-9.62165862423415e-18,1.69152270374561e-16,1.51925569895106e-17,1.11072093144306e-16,-6.13341925560355e-17,1.17697754641135e-16,-8.50275430514603e-17,-9.71857316589344e-17,-2.2302917065276e-17,-1.31470076867292e-17,3.12677068067637e-18,-2.31360288808698e-16
"t975",-0.0363979381227975,-0.00956855309660778,0.00120501749488875,-0.104736393269561,0.0206596114008943,-0.00431262349346561,0.0231016347587871,0.000372853158224562,0.00013169789147845,-0.000462718338332433,-0.000213720676414682,0.0875490339259566,0.0350852187382575,-0.00265480775507993,-0.000210389110605396,-1.37453174223081e-05,-1.03766473518467e-05,0.00015263358061839,-9.8177676099647e-06,1.52555113541663e-05,-0.000382701797213466,8.68462384044704e-05,-0.000187727754108065,0.00429895446674753,0.00128965064127469,6.50301053748014e-07,-3.56790235792791e-06,4.58021163933091e-06,-9.50139025897926e-05,-0.000484734022094093,2.61137894519517e-06,-6.67321863196724e-06,0.00525189717557076,6.36248213273398e-05,-1.42851204648976e-06,3.80843968081134e-06,0.000360434348003044,-1.43923913906383e-06,-1.2545699266773e-05,-3.93946650388694e-06,-0.000258489626723138,4.33090424567024e-05,-0.0184673208873921,-0.000109633841631292,-0.000871686726447999,5.48684821470857e-05,-0.000151935682175375,0.00140066391810616,-0.000216144189562186,0.000754955128909005,-0.373456023726996,-0.00112903741062568,1.37854496029663e-06,-0.00150527220971753,4.15176908270977e-05,-0.00040700914722873,7.50011390641936e-06,-0.000446317134102338,0.000149492279673798,-0.000129257619818509,-9.99048716673684e-05,1.47696971396173e-05,-0.000468419033148267,0.000247887742637151,-1.7793847066599e-05,0.0137341093780092,-1.69890341268886e-06,5.85201279549899e-05,-0.000157546549934584,6.00096676701842e-05,-6.29155033726086e-05,9.13586916154888e-05,-4.0901631981556e-06,-0.000297152594635168,0.000123370189471877,1.17125047560601e-07,-0.0006522144262646,1.18466431158251e-05,-4.13071502175157e-05,-4.77971897594192e-05,1.37132684755488e-05,0.000204555640919543,-2.48076050627194e-05,-0.000155298808238492,9.59462301667672e-06,0.00206641459783975,-0.000127519678476605,-2.29054766490634e-06,-7.50420584419745e-07,0.000196102470762107,-4.84682435146685e-06,1.2502368516487e-06,1.12817489972519e-05,-0.00118558008830367,-4.49092187483514e-07,-0.00014717751778258,-3.32941805199061e-05,8.34019603991005e-05,-0.000126840759470768,-3.41262004377403e-05,-7.40648193438205e-06,5.94198547520459e-06,-1.01155839228257e-05,3.60316075478058e-06,-1.58338724013414e-06,2.95766169968978e-05,-0.000103684417954508,0.00797398677976104,-1.04090868418841e-05,2.78806806564958e-06,1.24338124267436e-05,3.03565523628629e-05,-5.12435604753732e-05,4.59458411604161e-05,-2.33616713484672e-07,8.94226649791865e-06,-1.31745046279852e-05,1.39083473048015e-05,-1.40488732293429e-05,3.45209031054242e-05,-0.000129015622008889,3.11537546398708e-05,-2.95912909152619e-05,-8.13089967061791e-05,2.64807431196186e-05,-0.000253572714005693,2.57550375148002e-05,-8.16800639991954e-06,1.55581990535678e-05,0.000512871125852878,-1.61946661129179e-05,4.76111177537624e-05,-9.33130856901199e-05,-1.139290115146e-05,4.09869400681869e-06,1.89375273120835e-05,-1.09813106740262e-07,-7.33754536148269e-05,2.29004376827639e-05,-6.58868687204328e-05,-4.21740791748223e-06,-0.000163440857230096,3.19945587864939e-05,2.04341868654859e-06,6.44673215454486e-06,-4.07767245841819e-07,-1.90929915877994e-05,2.93514012001883e-06,1.92368885577213e-07,-4.77844582768134e-07,-7.42979889776174e-05,-2.22127300788915e-06,-4.77138199946552e-05,1.79113140072307e-05,-5.42649512530159e-06,-4.76306596612398e-07,7.1863820954157e-06,-0.00085663460183611,-2.77667344251039e-06,-9.41177505845537e-07,-0.00085270643725572,1.0539171573058e-05,-1.84320589264573e-05,-0.018540514541902,6.22323804833931e-05,-0.0103504196391947,0.000187293386671006,3.56228564405624e-06,0.000182400503016281,0.000442510754021717,-0.269528960702475,0.00737749498960934,-4.69388210419619e-05,-1.23932087270405e-05,0.0980702700565666,-5.14781990262492e-06,-0.000522460135293368,5.60961697618457e-05,2.9096498788338e-05,0.000949711329181547,-0.000652088156224745,-0.0167757445651248,-2.8978720041067e-05,-3.93815060643992e-07,-1.60180667300408e-07,1.4185143084418e-06,1.93290579324209e-05,-4.96011139957718e-06,-2.22123397995583e-05,0.000186512454654462,4.70816926222978e-07,-7.52243185050918e-07,-2.84279306345508e-06,-5.43651272644265e-08,-4.25336761527373e-07,5.05423194391088e-07,8.97134197675013e-07,4.19942394501382e-06,-4.73181199503913e-07,-1.46675632832958e-07,-1.44095882370674e-07,-2.08268719857139e-05,2.9418092781518e-09,3.9346217872922e-06,5.40916410499699e-07,1.81203116127296e-05,-2.93356551791632e-07,-1.00171613988492e-05,1.58179807893973e-06,7.85478470822637e-08,4.81638927502239e-06,-0.000140877794835632,2.93725199083173e-06,-3.57505029430181e-08,-2.37264102687777e-08,-6.57537364665828e-08,2.29421371218924e-07,2.19817701551784e-08,-5.91064826464837e-08,-3.52801669862996e-07,-2.02861511653025e-06,1.97226992149424e-05,7.8957517825287e-07,2.65286566640077e-06,-7.49807628120085e-07,-3.90926239761202e-07,-4.14384968119948e-06,-3.15272260517626e-07,-5.22146703125181e-07,-4.44144020629802e-07,9.94832574288279e-06,0.000636168978688626,1.43211721340555e-07,2.44823898030716e-07,-1.40569686542865e-08,-2.37854960894267e-07,-1.27242787567068e-06,-1.03351396771312e-16,-1.99105614493432e-07,1.50796066604484e-05,-4.49359558774965e-07,-8.42968551483504e-06,-1.39710343501631e-06,1.6733544864448e-06,-2.89318764423786e-07,1.06372503937924e-05,-2.4409028145662e-08,1.68548466520533e-09,-0.000780443739599182,3.77143061616195e-06,-1.20697056947804e-07,1.6627841006827e-05,-7.97664956286635e-07,3.38100196393986e-07,-2.297322051574e-08,1.81145141436271e-06,-1.83857488298529e-06,1.82633700097409e-05,6.28226053215388e-07,-1.27766596126906e-07,3.08778072362888e-06,-6.29645746231147e-07,7.57692584378486e-05,-0.00100833323895547,3.09950506023053e-07,-1.0786016080671e-07,2.72305278773082e-07,1.22900290996164e-05,-4.47437086483206e-05,1.97506125395582e-07,8.15803044027457e-08,-2.08985925375941e-07,0.00051473812033494,-0.000103068112159388,5.08226416674056e-05,-0.0579895783834241,-0.000224360317536354,1.40974316966935e-05,-9.30364561494534e-06,9.04177221070345e-05,-1.39891524943305e-06,2.26452086631637e-16,2.44871983037325e-06,8.05715281649501e-08,1.05862178106171e-09,6.98504495119649e-06,-6.25059024526346e-08,3.51339908241686e-08,7.83431061650724e-07,-4.93383097405625e-08,3.78455197572337e-07,-9.81197663198184e-07,-3.01444811891175e-08,1.55595620202669e-08,-1.8065808969836e-07,2.02394410838388e-07,-5.41717446092541e-06,2.29007669417766e-09,2.33451948309434e-07,1.24192545419153e-09,2.11610918738735e-06,1.56080298178592e-07,-2.02058650650664e-06,7.92122937673903e-08,-1.98927321275419e-07,2.81965723556784e-07,-1.03837104222452e-06,7.29482067730077e-08,6.64494053896169e-08,5.17205041742166e-07,-2.54727280825941e-05,-7.1009267967612e-08,1.75207694163087e-05,-3.96750464535144e-07,9.90171332266486e-09,9.35362234564266e-08,-1.87040451230804e-07,-3.45414198074941e-17,6.42810106971833e-10,4.36809198667285e-06,-2.51201164179574e-07,1.85273771829745e-07,4.8410198047237e-06,4.84839009233579e-08,1.13253939017815e-07,-1.66956964019632e-06,6.29379596302721e-07,3.3956605940288e-18,-4.96316870916228e-07,-6.07010207768986e-09,-1.70883804803019e-08,9.08211998125662e-07,1.30582067221801e-07,-8.88682251704558e-09,-3.4396093460988e-07,9.25511833858683e-08,-8.94626633596927e-05,5.82930357367351e-07,-1.1961742955846e-07,-2.17261673260765e-07,-1.15160615723365e-08,-1.14144373575777e-08,-2.17879263523249e-07,1.46035755909743e-06,-2.37336777458537e-07,-5.00661426905826e-16,-4.90563764663232e-06,3.8613774177112e-07,3.23192878444877e-07,9.82779327019415e-08,-4.61481728835769e-07,-9.843637147812e-07,9.10603135653548e-05,-1.78012549012893e-05,-8.31252642266885e-08,3.1254876390576e-16,-1.55421914111652e-07,-6.90589604614708e-07,-1.9782363077162e-07,-1.10154427250971e-17,3.74131012369571e-07,3.7663854680513e-06,-5.74526233392158e-07,-3.05645951810266e-07,-1.01920254259712e-07,-5.4535255345391e-08,-1.95015003943427e-06,5.43891179907698e-08,5.78019046791167e-07,2.6998529918541e-07,1.18676438996031e-07,1.19695403549599e-06,-1.011826773569e-17,-4.75413381667791e-07,2.23216215730474e-07,1.44517467004039e-06,-1.45780351825422e-07,9.81635367766265e-17,-1.41771969560018e-07,1.83698917941854e-07,-6.37655013245582e-08,-5.67463544305439e-08,-1.4374631520788e-07,1.06413812585047e-06,-2.03400948701378e-06,2.89034272483891e-07,-1.51686363541714e-16,1.22060783936005e-06,-1.76368713647888e-06,0.00103256488682308,9.66757627510326e-07,-1.00284138979087e-07,-7.10300396952014e-10,5.32126426255886e-16,-7.18909789672156e-18,-7.6049446666754e-10,-6.94926644635556e-07,9.18150599585019e-08,-1.34532925860922e-07,1.26336689761488e-16,-6.48435131069537e-08,-7.69173548519566e-10,-2.82861838545068e-18,-1.39648158695366e-16,2.45672941204178e-16,1.64660548095237e-07,4.86055790335242e-07,-7.04534615251888e-07,4.16754277580635e-07,2.07786092636339e-07,4.28236742244421e-07,-2.0618990070662e-06,-5.31365480231049e-17,-4.5211953043633e-07,7.97361872560502e-07,2.78643924321682e-16,-8.2502004394845e-16,-7.99698825732699e-07,-3.88554030408974e-11,-2.97000513458971e-07,2.3208775202967e-07,2.92920816724506e-07,-1.57542650711211e-08,-5.25965388667441e-16,-5.29761610600582e-08,1.95254294829843e-17,-1.80491331925719e-07,-2.44391366952673e-15,-3.28049584104051e-07,-5.68493616336695e-17,2.56393911423538e-07,3.54657052536216e-07,2.12315131823544e-08,2.80507676401701e-07,2.73961915664935e-05,-1.09880669743391e-07,1.99127870262169e-05,3.46908380432047e-08,1.68754648166563e-07,1.55501936602999e-08,2.43475674586944e-07,-1.0910038754069e-06,-1.68879750063431e-07,-1.37010592922424e-08,-3.27367087333697e-07,4.87823886518422e-17,4.87674670387133e-06,-8.40176709995457e-07,5.18971903376785e-08,2.15091521149735e-15,6.86351770640192e-09,1.85735358800958e-07,6.64025537294371e-07,-1.4661486203474e-15,-1.77919219299607e-06,-8.53437715306697e-08,2.2891684295868e-15,-1.12687256370093e-07,1.73187983902843e-06,-1.15223496830277e-15,3.32171802206092e-15,-1.005973140819e-07,-4.88587181047163e-08,-2.77652222438983e-10,-3.83748595240043e-07,1.00497437723301e-07,3.25771003322491e-07,2.83528783110754e-08,3.26372860366162e-07,-3.52690648470431e-07,1.06089860204064e-14,-0.500073337987979,3.1980054524039e-09,3.88498883301635e-09,3.00040039571828e-07,-1.62750050419614e-14,3.44799175619864e-15,8.98630797017457e-08,-1.08321807703577e-15,1.16459605650281e-15,5.14812720362189e-07,-8.73726761144221e-07,-0.00018735787289101,-6.7784978244122e-09,4.61476389207827e-05,-1.24051790872111e-07,1.59863138300672e-08,-4.01548340397954e-16,4.27995987241583e-08,2.00306976962445e-09,9.1970998119189e-09,-1.03149249718492e-06,7.29194940332256e-05,-3.0205048910134e-16,4.38021192991648e-16,1.52749672371094e-16,-3.17685375391082e-08,-2.85616983075577e-05,-8.86852368267785e-08,-7.77496158715228e-16,-1.29623360277318e-07,-3.07538172210126e-15,-2.9685902182225e-19,1.91930745550844e-06,-4.21426868637013e-08,-1.12323345069498e-16,-1.0372145388826e-07,-5.9243055914552e-07,-1.72384516173021e-15,1.60277807748325e-07,8.13545387114762e-16,4.28203454973717e-08,-6.95112557061021e-16,4.27241081955756e-08,3.69843274311187e-07,1.48069231227631e-07,1.25992564998411e-08,8.65149096511683e-08,-3.00122767843879e-07,1.19531865662227e-07,1.36538621389161e-16,5.4567552784389e-06,-8.81037788996969e-06,5.80494555196417e-16,-4.05448064707682e-08,-1.19022308097168e-07,1.92113793385269e-07,3.80359460355671e-16,8.88594622107749e-08,1.2981837917906e-06,-1.13868030833808e-16,-2.93612230775764e-07,-6.49553582988736e-08,-3.73875161034852e-08,1.32458758568622e-16,2.85217845770055e-16,6.05692750448221e-08,1.85549866001817e-08,1.50134452049348e-09,-1.67790063003751e-07,1.10304761092552e-08,-2.63432588302261e-16,-2.32071333915761e-16,4.02896018193634e-08,2.77734114757737e-10,8.24287268953912e-17,9.75299626505496e-08,4.98447270106384e-17,9.17941372030579e-05,-1.86074837039919e-08,-1.08737955922231e-08,-7.21233769173237e-08,-1.18218208120722e-15,-1.39572027323354e-16,1.2131991969799e-16,-1.69511064171399e-16,-6.40660759312568e-08,-1.39638519473874e-07,-3.87711008046502e-16,3.509752112937e-16,-1.60881688342313e-16,5.56988955563275e-06,1.76696713690002e-09,-2.48635354947295e-07,5.39040682160172e-17,3.99731788468249e-17,4.23923049441832e-17,-6.05171514956913e-07,3.35736218606859e-05,3.3665208585405e-16,2.24727061675028e-08,-9.35809687252327e-07,-2.11293664644088e-16,1.5555356142267e-16,-5.87015153081543e-08,-6.01464941791479e-10,-2.90945386515787e-08,-2.29055582226137e-16,3.27602252057478e-08,4.77273749593424e-08,5.1237717203817e-08,-4.67395493290718e-08,-1.66516174755568e-07,1.41894781366906e-08,1.81075715222204e-16,4.59205267564664e-16,1.27366162108839e-18,2.70709035250931e-07,-6.91474410603439e-06,-1.33241316746145e-08,-1.04994590141125e-08,2.69488034996033e-16,-2.90180826460325e-16,1.51937241953781e-16,-2.38862376352687e-17,4.34795238248308e-17,5.52619154005086e-07,-3.92705323045577e-17,3.33603140115188e-17,-8.12956749360833e-09,2.60446909203249e-16,-7.27757428396857e-09,-1.89358200981797e-17,-9.02302823730704e-09,6.89952259486805e-17,-1.09393492373315e-08,-1.36944625007566e-09,-8.6473550393716e-07,-5.64399001724045e-17,4.39955037999579e-08,-3.25365946413204e-17,6.25001612071069e-08,-1.21157006037218e-06,6.08976957771483e-10,5.87073898346998e-17,8.89148813426008e-08,7.47969234459891e-17,-2.18747493156162e-08,-1.23475255537145e-07,2.66838684912229e-16,3.53496335181113e-17,2.22492477478769e-16,-1.17943579689251e-16,-4.14830170884451e-10,-5.40303976607736e-09,-1.20676611521753e-09,1.91714637923203e-16,-8.69311444767878e-17,-1.40487957843387e-07,7.20597369447426e-07,4.74876407686082e-17,6.37303023991811e-17,-5.51430217047526e-09,2.25741585518141e-16,-3.90908375410067e-08,-1.66224749864851e-17,3.6941221165981e-07,7.35705308846791e-17,6.91195164243574e-17,2.1850301567016e-17,-1.64172373916584e-16,-1.14342939007622e-16,1.76857875010068e-16,4.91613094910249e-08,-3.43821720964345e-07,-6.95213687894285e-17,-3.30283708947187e-08,1.25671296275266e-07,9.74139112278731e-17,2.34522289940084e-16,-1.19442448716031e-16,-2.74770769059588e-17,1.24045009326658e-08,1.98433733617905e-09,6.55281456194374e-17,-5.54258038345169e-16,-2.25407085961458e-08,-8.04105597554555e-08,-1.33854423104752e-08,-2.35352709757581e-17,2.2793117990615e-16,-2.9196977552238e-17,9.60479387618242e-17,6.06342727399319e-16,2.96641561619963e-17,4.76193309956659e-08,-4.50493507178565e-08,-8.66418570853062e-09,1.14653640709514e-17,2.30090424932319e-16,7.46895198289357e-17,6.89521252718606e-17,1.27981086070874e-16,5.43581894517606e-17,-4.1604340156539e-16,-5.65968938021446e-17,-6.50165321924956e-17,4.51534958355039e-18,6.06480390071443e-18,-4.43329347991723e-17,1.66982775886264e-17,-3.40839952470651e-17,3.30679119808676e-08,1.67136303879685e-16,-8.13924547187837e-17,3.48367883974699e-17,0.00011980864269542,-7.96968179484555e-10,-3.16989204336473e-17,-1.18906612662336e-08,1.19469983149146e-05,2.18033747280205e-16,-1.52013088596622e-16,-1.18773422288522e-07,5.24470976604388e-17,2.69749098198823e-06,5.08664115899779e-17,1.19989900129364e-17,-4.20619917665289e-17,-6.81267093559752e-17,1.48767485689139e-09,-2.04303667798531e-07,-1.98797719622489e-16,-1.03821022052896e-16,1.57227035086882e-16,-9.1951962695678e-17,1.95454546644824e-16,-1.16830120614491e-16,-5.61775783240243e-17,-1.03797142331437e-16,1.70322395199726e-08,-4.09454252470749e-17,-3.36336251035458e-17,-1.04497347140856e-16,-2.15180483580793e-16,-2.25959600287867e-16,1.34575860677912e-16,-4.86805359354206e-08,-7.66728978525701e-18,2.31636174892634e-17,3.62985387351938e-08,-2.64622247867018e-16,1.66158450396275e-16,-7.91311799065215e-17,-1.77790417011502e-16,3.32638633704942e-07,4.61962871747969e-18,-2.23734323848016e-08,-5.54328274463677e-17,2.3851435646047e-17,6.44319340703256e-17,1.79170020596505e-16,-1.81851911027293e-17,4.48991495780657e-18,8.08781996485263e-10,5.58838321050379e-17,8.90350574367466e-17,3.15084914308353e-08,-1.00998201173472e-07,-2.85974649445594e-18,7.0770370362089e-08,1.03660954476541e-08,6.97652701876967e-17,-1.34658834908387e-16,1.05645505912017e-16,2.77996540207781e-17,-2.29951095074578e-16,-1.74336652033851e-08,1.06174070813137e-16,-2.59850905439952e-16,2.22805720155089e-16,6.98186277245728e-09,1.36167868036209e-16,8.88780325020425e-17,3.4909014967233e-17,-5.96479342098386e-17,-3.18237799622706e-09,1.53206059238455e-16,1.05053590387576e-08,8.76956300419745e-17,-5.64572733725433e-16,-3.27944979020827e-16,5.29729979193964e-17,-7.85531187182551e-17,8.87973044498554e-17,-5.1076774619247e-17,-1.14736590493678e-07,-7.92008764767487e-17,-1.6090204827347e-16,1.22855551756052e-05,1.7264663083702e-16,1.59759661261505e-17,-2.25533230944278e-16,-5.617278260119e-17,1.25706029968281e-17,-7.99736091268195e-19,-5.0701050681786e-08,-2.49242186399906e-17,9.21598884632639e-17,2.91777193335182e-06,1.15073306083241e-16,-2.50080142570304e-16,-1.82864935944505e-16,2.70795675048969e-16,2.34621278525476e-16,2.76195715184827e-17,3.94175027390298e-17,1.2322271595692e-17,-1.59424607267626e-16,-8.44231925637623e-17,3.27030883370374e-16,-1.53141359625913e-06,1.81419063469045e-07,7.95669368743057e-16,2.67598601360375e-16,-4.81448180962693e-17,6.40882278849668e-18,-4.74067399919287e-16,-9.49008888539045e-17,1.01775924530121e-16,1.40147672543054e-16,-2.27992840440234e-09,2.11653387513042e-17,3.90467635524046e-17,-1.6553922383833e-16,-1.1636409308027e-16,2.9209125996925e-09,-2.31012376257652e-16,-3.19684246043376e-09,1.89891960401359e-16,-1.28753789360075e-16,-1.15355197116755e-19,4.68229301707347e-17,-1.98743353069521e-16,-7.39808255599678e-17,-2.40647077507982e-17,-2.9099158970807e-16,-4.46643434771071e-17,-7.90522477096048e-17,1.9987551470211e-16,2.35236679072212e-17,-1.85650813430607e-16,8.39907513980258e-17,-1.26779435949353e-16,-1.29071990772043e-16,3.68420676315558e-18,-5.25347372721339e-17,-2.07694798122786e-17,-1.65029459106379e-16,1.94004426239125e-16,-1.60559760333019e-16,-1.10124059993201e-17,7.26058508213271e-17,6.86803087939408e-15,2.21063704084519e-10,-1.57864808054109e-17,1.99998927556161e-16,9.12418997226127e-17,2.21005119661484e-16,1.5498982997773e-17,-5.68632300314423e-17,-2.07878366594935e-16,2.23276924505567e-16,-1.06230288738189e-17,-3.44975845857009e-17,4.29709978537474e-16,8.09678898136032e-17,-1.03822074957604e-16,-3.88098552630747e-16,1.90248846091609e-16,-2.36574431872935e-16,8.06631207093743e-17,-2.85043088446394e-09,-2.0707715036046e-16,4.45526247977169e-17,3.01582332001933e-16,5.11114498668752e-16,-1.54678914244948e-16,-1.05857209016876e-16,2.03444237191746e-16,-2.01231458908616e-16,2.27058781164348e-17,6.05122999894452e-10,5.68953987612607e-16,1.19308195887984e-16,-1.80034135619454e-16,8.027574588167e-17,-1.17959175129373e-16,2.79113441951581e-16,3.75893679280551e-16,-5.92322770954796e-16,-1.21243606309038e-18,-1.59351314924042e-16,-7.08616486926268e-16,2.29060577935237e-16,1.30602498536254e-16,3.05901137341291e-09,3.50579222540384e-16,4.62454901318056e-17,9.71908607350675e-16,9.96110745971057e-17,-9.21607777630352e-09,2.35399196853268e-16,-9.85576958841121e-16,1.5973885964841e-16,-8.2561795566822e-16,8.50755199310675e-16,-4.46152292353343e-16,-1.9673529714234e-15,-9.24939220517008e-16,3.7772866274199e-15,-0.707106781186549,-3.47768458485476e-15,2.23524841648115e-15,-2.33020627171615e-16,1.94339671896094e-16,-6.22332800959307e-16,-2.69666966476349e-16,-2.51021418809203e-16
"t976",-0.0363979381227975,-0.00956855309660777,0.00120501749488875,-0.104736393269561,0.0206596114008943,-0.00431262349346561,0.0231016347587872,0.000372853158224562,0.000131697891478446,-0.000462718338332423,-0.000213720676414665,0.0875490339259566,0.0350852187382575,-0.00265480775507994,-0.000210389110605391,-1.37453174223058e-05,-1.03766473518453e-05,0.000152633580618392,-9.81776760996392e-06,1.5255511354162e-05,-0.000382701797213467,8.68462384044721e-05,-0.000187727754108039,0.00429895446674754,0.00128965064127471,6.50301053765524e-07,-3.56790235789312e-06,4.5802116393382e-06,-9.50139025897943e-05,-0.000484734022094079,2.61137894521636e-06,-6.67321863197851e-06,0.00525189717557078,6.36248213273513e-05,-1.42851204649173e-06,3.80843968080609e-06,0.00036043434800305,-1.43923913906035e-06,-1.25456992667781e-05,-3.93946650384203e-06,-0.000258489626723154,4.33090424567386e-05,-0.0184673208873921,-0.000109633841631298,-0.00087168672644799,5.48684821470544e-05,-0.000151935682175372,0.00140066391810617,-0.000216144189562188,0.000754955128909037,-0.373456023726997,-0.00112903741062568,1.37854496030414e-06,-0.00150527220971751,4.1517690827062e-05,-0.000407009147228725,7.50011390641096e-06,-0.000446317134102386,0.000149492279673808,-0.000129257619818505,-9.99048716673801e-05,1.47696971396236e-05,-0.000468419033148276,0.000247887742637123,-1.77938470665981e-05,0.0137341093780092,-1.69890341271961e-06,5.85201279549832e-05,-0.000157546549934587,6.0009667670188e-05,-6.29155033725551e-05,9.1358691615463e-05,-4.09016319806751e-06,-0.000297152594635195,0.000123370189471892,1.17125047555485e-07,-0.000652214426264597,1.1846643115776e-05,-4.13071502174983e-05,-4.77971897594027e-05,1.37132684755185e-05,0.000204555640919551,-2.48076050627121e-05,-0.000155298808238524,9.5946230166603e-06,0.00206641459783972,-0.000127519678476525,-2.29054766488324e-06,-7.50420584463188e-07,0.000196102470762127,-4.84682435145974e-06,1.25023685165044e-06,1.12817489972621e-05,-0.00118558008830364,-4.4909218745335e-07,-0.000147177517782587,-3.3294180519899e-05,8.34019603991219e-05,-0.000126840759470831,-3.41262004377927e-05,-7.40648193440331e-06,5.94198547523826e-06,-1.01155839228968e-05,3.60316075482511e-06,-1.58338724013422e-06,2.95766169968613e-05,-0.000103684417954445,0.00797398677976104,-1.04090868418881e-05,2.78806806559658e-06,1.24338124267428e-05,3.03565523627915e-05,-5.124356047536e-05,4.59458411605115e-05,-2.336167135134e-07,8.94226649796906e-06,-1.31745046280184e-05,1.39083473047928e-05,-1.40488732293433e-05,3.45209031054219e-05,-0.000129015622008835,3.11537546398305e-05,-2.95912909152404e-05,-8.13089967061436e-05,2.64807431197253e-05,-0.000253572714005671,2.57550375147297e-05,-8.16800639990727e-06,1.55581990535957e-05,0.000512871125852909,-1.61946661129454e-05,4.76111177537393e-05,-9.3313085690086e-05,-1.13929011514537e-05,4.09869400685502e-06,1.89375273121141e-05,-1.09813106736222e-07,-7.33754536148238e-05,2.2900437682769e-05,-6.5886868720422e-05,-4.21740791746784e-06,-0.000163440857230028,3.19945587864959e-05,2.04341868657861e-06,6.44673215462365e-06,-4.07767245839936e-07,-1.90929915878691e-05,2.93514012004881e-06,1.92368885599377e-07,-4.7784458276337e-07,-7.42979889776296e-05,-2.22127300790791e-06,-4.7713819994623e-05,1.79113140072762e-05,-5.42649512529686e-06,-4.76306596682961e-07,7.18638209544084e-06,-0.000856634601836078,-2.77667344248124e-06,-9.41177505838263e-07,-0.000852706437255731,1.0539171573083e-05,-1.84320589264766e-05,-0.018540514541902,6.22323804833234e-05,-0.0103504196391948,0.000187293386671028,3.56228564407332e-06,0.000182400503016329,0.000442510754021724,-0.269528960702475,0.00737749498960928,-4.69388210419492e-05,-1.23932087270663e-05,0.0980702700565669,-5.14781990263455e-06,-0.000522460135293415,5.60961697618892e-05,2.90964987883626e-05,0.000949711329181476,-0.000652088156224776,-0.0167757445651247,-2.89787200411249e-05,-3.93815060639529e-07,-1.60180667308839e-07,1.41851430840227e-06,1.93290579323964e-05,-4.96011139956798e-06,-2.22123397995729e-05,0.000186512454654552,4.70816926235025e-07,-7.52243185040909e-07,-2.84279306343155e-06,-5.43651272355575e-08,-4.25336761491838e-07,5.0542319439653e-07,8.97134197730317e-07,4.19942394503413e-06,-4.73181199501768e-07,-1.46675632857188e-07,-1.44095882386234e-07,-2.08268719857596e-05,2.94180930241733e-09,3.93462178727714e-06,5.40916410542476e-07,1.81203116126902e-05,-2.93356551875016e-07,-1.00171613989213e-05,1.58179807891936e-06,7.85478470530167e-08,4.81638927490751e-06,-0.000140877794835532,2.93725199072811e-06,-3.57505029924736e-08,-2.37264102744636e-08,-6.57537365111262e-08,2.29421371198518e-07,2.19817702166576e-08,-5.91064826678121e-08,-3.5280166988684e-07,-2.02861511654075e-06,1.97226992149851e-05,7.89575178257322e-07,2.65286566644213e-06,-7.49807628126585e-07,-3.90926239755745e-07,-4.14384968121858e-06,-3.15272260513371e-07,-5.22146703092465e-07,-4.44144020610384e-07,9.9483257429274e-06,0.000636168978688685,1.43211721334416e-07,2.44823898098057e-07,-1.40569685003744e-08,-2.37854960891613e-07,-1.27242787568893e-06,-1.40695847635826e-16,-1.99105614240162e-07,1.50796066604277e-05,-4.49359558862744e-07,-8.4296855148483e-06,-1.39710343499016e-06,1.67335448638935e-06,-2.89318764437555e-07,1.06372503939462e-05,-2.44090281568585e-08,1.6854847858704e-09,-0.000780443739599198,3.77143061619305e-06,-1.20697056892494e-07,1.66278410067836e-05,-7.9766495625816e-07,3.38100196429278e-07,-2.29732201849364e-08,1.81145141442612e-06,-1.83857488287544e-06,1.8263370009825e-05,6.28226053177824e-07,-1.27766596009335e-07,3.08778072374632e-06,-6.29645746037701e-07,7.57692584378242e-05,-0.00100833323895545,3.09950506001147e-07,-1.07860160807006e-07,2.72305278950385e-07,1.22900290994479e-05,-4.47437086483452e-05,1.97506125405042e-07,8.15803042854652e-08,-2.08985925309588e-07,0.000514738120334959,-0.000103068112159515,5.08226416672965e-05,-0.0579895783834242,-0.000224360317536257,1.4097431696716e-05,-9.30364561491803e-06,9.04177221072046e-05,-1.39891524937631e-06,-4.41764329097124e-17,2.44871983031314e-06,8.05715282055133e-08,1.05862188200068e-09,6.98504495117062e-06,-6.25059023856418e-08,3.51339906803705e-08,7.83431061647768e-07,-4.93383098709561e-08,3.78455197746542e-07,-9.81197663255801e-07,-3.01444813787537e-08,1.55595620266631e-08,-1.80658089681987e-07,2.0239441084964e-07,-5.41717446085689e-06,2.29007667172275e-09,2.33451948253083e-07,1.2419253166256e-09,2.11610918748042e-06,1.56080298220314e-07,-2.02058650646387e-06,7.92122936543015e-08,-1.98927321308077e-07,2.81965723481106e-07,-1.03837104227505e-06,7.29482067522472e-08,6.64494052636842e-08,5.17205041623452e-07,-2.54727280826706e-05,-7.10092680320501e-08,1.75207694162288e-05,-3.96750464513673e-07,9.90171356159803e-09,9.35362235349532e-08,-1.87040451197401e-07,2.8860837302921e-18,6.42810219919076e-10,4.36809198662732e-06,-2.5120116397981e-07,1.8527377191163e-07,4.84101980476093e-06,4.84839011116642e-08,1.13253938758262e-07,-1.66956964018259e-06,6.29379596373198e-07,1.02570040263934e-16,-4.96316870905759e-07,-6.07010215063048e-09,-1.70883806599435e-08,9.08211998140721e-07,1.3058206717404e-07,-8.88682263410451e-09,-3.43960934630264e-07,9.25511840905048e-08,-8.94626633596779e-05,5.82930357422908e-07,-1.19617429519026e-07,-2.17261673241268e-07,-1.1516061610432e-08,-1.14144374260518e-08,-2.17879263664573e-07,1.46035755917223e-06,-2.37336777409552e-07,-5.74659799514126e-16,-4.90563764665396e-06,3.86137741756538e-07,3.23192878429159e-07,9.82779328798327e-08,-4.61481728597187e-07,-9.84363714809168e-07,9.10603135653008e-05,-1.78012549012415e-05,-8.31252641774026e-08,1.63512259459309e-16,-1.55421914242132e-07,-6.90589604416467e-07,-1.97823630923277e-07,5.51928304842913e-17,3.74131012437226e-07,3.76638546790632e-06,-5.74526233286085e-07,-3.05645951841117e-07,-1.01920254100041e-07,-5.45352551137337e-08,-1.95015003958306e-06,5.43891177319966e-08,5.78019046804655e-07,2.69985299076697e-07,1.18676438557427e-07,1.19695403533374e-06,-8.72834114253735e-17,-4.75413381568873e-07,2.23216215776473e-07,1.44517467016226e-06,-1.45780351748592e-07,7.45783393772867e-17,-1.41771969463326e-07,1.83698917897849e-07,-6.37655011322507e-08,-5.6746354344872e-08,-1.43746315243633e-07,1.06413812592132e-06,-2.03400948701912e-06,2.89034272502988e-07,-1.53894653735612e-17,1.22060783946028e-06,-1.76368713661423e-06,0.00103256488682338,9.66757627417355e-07,-1.00284138966156e-07,-7.10300395965472e-10,4.75747913286639e-16,5.25805313477998e-17,-7.60494546004407e-10,-6.94926644791724e-07,9.18150599076758e-08,-1.34532926141556e-07,1.17759683043982e-16,-6.48435131592163e-08,-7.69173638687069e-10,-1.43317535108217e-16,-2.45757663172952e-16,1.62152290623389e-16,1.64660548032115e-07,4.86055790452874e-07,-7.04534615123335e-07,4.16754277825488e-07,2.07786092756772e-07,4.2823674223544e-07,-2.06189900707037e-06,-5.45812059215072e-17,-4.52119530487349e-07,7.97361872370551e-07,3.50135799552674e-16,-8.10035864929755e-16,-7.99698825646174e-07,-3.88554044889913e-11,-2.97000513219568e-07,2.32087751868207e-07,2.92920816681477e-07,-1.57542651761842e-08,1.42038674855185e-16,-5.29761611953006e-08,-3.25686899718269e-17,-1.80491331998611e-07,-2.62944776629331e-15,-3.28049583654769e-07,-9.02555207960802e-17,2.56393910948265e-07,3.54657052567634e-07,2.12315133813271e-08,2.8050767651543e-07,2.73961915665788e-05,-1.09880669473537e-07,1.99127870263063e-05,3.4690838003135e-08,1.68754648084731e-07,1.55501937185381e-08,2.43475674857025e-07,-1.09100387541159e-06,-1.68879750124944e-07,-1.37010592085056e-08,-3.27367087580362e-07,-1.67170786566409e-17,4.87674670381976e-06,-8.40176709815303e-07,5.18971904954285e-08,2.0639125202008e-15,6.8635173745139e-09,1.85735358901911e-07,6.64025537343559e-07,-1.59068818059786e-15,-1.77919219287997e-06,-8.53437714753159e-08,1.91392843546396e-15,-1.12687256155836e-07,1.73187983924471e-06,-1.13969529117492e-15,3.27218114390825e-15,-1.00597313994736e-07,-4.88587179189912e-08,-2.77652237606042e-10,-3.8374859503903e-07,1.00497437778513e-07,3.25771003617478e-07,2.83528784574413e-08,3.2637286050109e-07,-3.52690648332606e-07,1.05391091903898e-14,-0.50007333798798,3.1980054339813e-09,3.88498877074208e-09,3.00040039778991e-07,-1.61253573147485e-14,3.4417200915507e-15,8.98630798675193e-08,-1.04226355962724e-15,1.08268907205063e-15,5.14812720368475e-07,-8.73726761190292e-07,-0.000187357872891132,-6.77849771076583e-09,4.61476389205339e-05,-1.24051790857157e-07,1.59863139545254e-08,-4.25441288562954e-16,4.27995985067909e-08,2.00307014343067e-09,9.19709971528555e-09,-1.03149249703685e-06,7.2919494033101e-05,-3.25681355069529e-16,4.57225570972907e-16,4.2453881815265e-16,-3.17685377874437e-08,-2.85616983076415e-05,-8.86852367317808e-08,-9.53655813926129e-16,-1.29623359998979e-07,-2.9890521241171e-15,-8.91717775042215e-18,1.91930745545133e-06,-4.2142686959336e-08,-4.01805325123128e-16,-1.03721454021209e-07,-5.92430559387239e-07,-1.8006710500462e-15,1.60277807786797e-07,8.60574628635361e-16,4.28203457633114e-08,-6.45697779113406e-16,4.27241083348021e-08,3.69843274431547e-07,1.48069231207566e-07,1.25992567313126e-08,8.65149096210161e-08,-3.00122767841426e-07,1.19531865781424e-07,-1.25699770704909e-16,5.45675527850902e-06,-8.81037789011324e-06,4.66734420537199e-16,-4.05448059901239e-08,-1.19022308067533e-07,1.92113792986385e-07,4.16932632427336e-16,8.88594621423596e-08,1.29818379195518e-06,-9.05482240524898e-17,-2.93612230977315e-07,-6.49553584653414e-08,-3.73875161801637e-08,3.15480917928187e-16,4.30565410999341e-16,6.05692749105326e-08,1.85549863560421e-08,1.50134467149369e-09,-1.67790062825498e-07,1.10304758879385e-08,-3.35487550497365e-16,-4.52437504346625e-16,4.02896017288588e-08,2.77734166690526e-10,3.71252992674184e-16,9.75299626825852e-08,6.17088193727814e-17,9.1794137202949e-05,-1.86074832364119e-08,-1.08737957600326e-08,-7.2123376856954e-08,-1.15829883743467e-15,-5.24758175166154e-17,2.82423041353022e-18,-1.13268212297198e-16,-6.40660759189258e-08,-1.39638519493295e-07,-1.55545282548163e-16,2.64132143712021e-16,6.68515217184502e-17,5.56988955537779e-06,1.76696703310789e-09,-2.48635354751623e-07,3.93331111762881e-17,-1.19587499625151e-16,9.4745717348077e-17,-6.05171515057121e-07,3.3573621860812e-05,3.72097985760485e-16,2.24727061416556e-08,-9.35809687153312e-07,-2.2432247267992e-16,6.59920969236829e-17,-5.87015156946575e-08,-6.01464972714207e-10,-2.9094538925406e-08,-2.00360287545881e-16,3.2760225347841e-08,4.77273750567283e-08,5.12377172343055e-08,-4.673954918707e-08,-1.66516174400787e-07,1.41894781122808e-08,1.81059610957626e-16,6.44767726045571e-16,1.43579222538368e-16,2.70709035030596e-07,-6.91474410573894e-06,-1.33241316379789e-08,-1.04994585207751e-08,-3.91190040565796e-16,1.30831114228983e-16,1.0420614403476e-16,-1.13778875200825e-16,3.80801927267443e-16,5.52619153902952e-07,2.52894506410214e-17,4.82326235101311e-17,-8.12956787539112e-09,2.15542953215789e-16,-7.27757408561658e-09,-4.04997702304133e-18,-9.02302849594415e-09,2.12257407358291e-16,-1.09393490237022e-08,-1.36944631493767e-09,-8.64735503989772e-07,-5.99846465174697e-17,4.39955033151296e-08,-1.82679581180381e-18,6.25001617438363e-08,-1.21157006032269e-06,6.08977077183882e-10,4.20776873998093e-16,8.89148818841614e-08,-2.03023237463279e-16,-2.18747492620624e-08,-1.23475255160574e-07,1.82676385036476e-17,-2.87798983633195e-19,1.44357711438708e-16,-1.30987827603034e-16,-4.14830242771873e-10,-5.40303945370778e-09,-1.2067659397586e-09,2.34911959018617e-16,9.88745563953465e-18,-1.40487957569042e-07,7.205973695237e-07,-1.88361428625489e-16,-1.146823270655e-16,-5.51430216600317e-09,2.70650935610407e-16,-3.90908377514587e-08,-2.43744410820715e-16,3.69412211669494e-07,1.38834637062516e-16,1.67442267004762e-16,6.020311439839e-17,-8.63659009300671e-17,2.97648080456027e-18,6.67567778277008e-16,4.91613100964449e-08,-3.43821720725967e-07,3.62702784500894e-17,-3.30283708267186e-08,1.25671296447914e-07,-1.2918601936184e-16,1.67304875009359e-16,3.98182061937178e-17,2.96008408988791e-16,1.24045010660318e-08,1.9843374443836e-09,-2.51816819252975e-16,-6.11251415101842e-16,-2.25407086780491e-08,-8.0410559822026e-08,-1.33854423629558e-08,1.62465478966288e-16,1.99511329151905e-16,2.04481884133564e-17,1.23122883446349e-16,9.47233603092639e-17,8.35301374828952e-17,4.76193308322729e-08,-4.50493512361323e-08,-8.66418596598746e-09,9.7780197619877e-18,-4.89259136241079e-16,3.19920871094092e-17,2.44831800205216e-17,-1.05260864502837e-16,-8.01777544122653e-17,-2.13795597333853e-17,-1.11421070837903e-17,-7.01561576946229e-17,-1.19215477421746e-16,-3.87240894814098e-17,2.51346311755258e-17,-6.63827380398081e-18,-8.4387201407986e-17,3.30679117979594e-08,1.96905507411237e-16,-5.88410490503203e-17,1.1201763745721e-16,0.000119808642695301,-7.96968044080185e-10,-7.15701907051553e-18,-1.18906615038911e-08,1.19469983151076e-05,3.40665974202444e-16,-7.20643498669318e-17,-1.18773422088198e-07,1.21439325523882e-16,2.6974909819334e-06,9.2217344395193e-17,-4.27696244461413e-18,1.81522231845994e-17,4.19821504122278e-16,1.48767507147406e-09,-2.04303667843183e-07,-1.43381438908873e-16,-4.78609012199571e-17,8.79253145877202e-17,1.57712692567571e-16,6.45642393715118e-17,-3.85317107945481e-16,-1.01937560913034e-16,-4.32641908040019e-17,1.70322398507153e-08,4.73508001804426e-17,1.83190140125694e-17,-6.43172153379301e-17,-5.57147676947746e-17,5.62485156272216e-17,-7.34927006174257e-17,-4.86805361844771e-08,2.73819500783761e-18,-1.45321815629707e-16,3.62985386579351e-08,-5.97536794642898e-17,9.98899028390009e-17,-7.57480931749601e-17,3.18896299208796e-16,3.32638633870208e-07,-2.86922772925527e-17,-2.23734325846565e-08,7.5768840838966e-17,2.45186467162612e-17,1.2648896060191e-16,5.63093739049266e-17,-4.52120042688121e-18,2.07127305152998e-16,8.08782358997576e-10,2.22924736747198e-16,-1.40040685993645e-16,3.15084911935042e-08,-1.00998201273422e-07,2.26230229057596e-18,7.07703704212424e-08,1.0366095247557e-08,-3.32665131481382e-17,2.43727720526817e-16,1.83801093621617e-16,-5.77760359285201e-18,1.57794316685985e-16,-1.74336649043698e-08,-1.96707021706301e-16,8.24974683294732e-16,-2.46838554096587e-16,6.98186313329502e-09,-3.5741447479396e-16,-5.64706667451008e-16,1.10097266143202e-16,8.69057998894662e-17,-3.18237710294876e-09,-4.77909984998574e-17,1.05053592566558e-08,2.69932606881716e-17,1.66409923695541e-16,2.39501288459448e-16,-6.28357496657987e-17,-1.38992008448392e-16,-2.92111611068153e-16,2.57767901040037e-17,-1.14736590214652e-07,3.77020678268489e-16,-1.27429145292708e-16,1.22855551755919e-05,-6.06286577599162e-17,-2.07792690135727e-17,3.31293855216546e-16,6.8307740156054e-17,1.44147052097402e-17,-4.19838764865037e-17,-5.07010506234796e-08,8.93845680990357e-18,-3.71614290255629e-16,2.91777193293216e-06,-8.4825657321134e-17,2.39433975384613e-16,1.98470078548839e-16,-8.84935480552057e-17,-2.30439834854879e-16,2.83946220099471e-17,4.42498905585513e-17,9.77547122909651e-18,-1.24175636630979e-17,1.20098032401699e-16,1.98782669205814e-16,-1.5314135964284e-06,1.81419063413521e-07,-9.5337447783273e-16,-1.32172516904485e-16,1.7599532672848e-16,-3.8108886381409e-17,2.26733779321031e-17,-6.62463671274658e-17,9.96544475665635e-17,-1.96350778033077e-16,-2.27992830804398e-09,2.90231215372649e-17,6.53446612780844e-18,-5.46707365072183e-17,2.07320621088241e-16,2.92091248143272e-09,2.43191130525335e-16,-3.19684303853044e-09,-2.06007144861198e-16,-2.34199279537662e-17,-5.50617225124539e-17,1.45836462975388e-16,1.47546122250374e-16,-4.62938458996089e-17,2.83720880390199e-17,2.98858104840332e-16,-9.37961832556854e-17,6.72358328402982e-18,-8.33067807106548e-17,-1.53123642308133e-17,2.40274548445158e-16,-1.87546129874648e-17,-6.06565217354547e-17,2.95464139993028e-16,-8.58308958685593e-18,-2.51896243339238e-16,1.41927221728975e-17,-1.05925031041604e-16,3.62665626696401e-16,7.04871471364502e-18,-3.8285309358038e-16,-3.90240790250608e-17,6.90274610567363e-15,2.21063661827488e-10,3.28533667221879e-17,2.26778721216553e-16,-5.30919299910314e-17,-7.12655676068271e-18,-2.14984704339324e-16,-8.89943203070692e-17,4.28548492119754e-16,-1.36459682238873e-16,-1.11425964103634e-16,-2.44886988171512e-17,-1.25123706968405e-15,-1.4830791330628e-16,1.94125595411786e-16,3.67447376324511e-16,-3.65928126525857e-16,2.09339830107801e-16,3.13258994639972e-16,-2.85043014841306e-09,6.72816822190813e-17,-7.20295287028616e-17,-3.71930462736476e-16,-4.11149666010815e-16,2.41179303962238e-16,8.23175615788174e-17,-2.34908136990164e-16,9.61995651512614e-17,3.416430204584e-17,6.05123236438381e-10,-4.64100947385893e-16,-1.60869812796661e-16,1.70672126867012e-16,-8.93838818192143e-17,1.22650063146876e-16,-2.87597186973282e-16,-3.72809900655507e-16,5.72016023014519e-16,4.00737974334956e-17,3.41129847954971e-17,7.04282866744643e-16,-2.41133654330367e-16,-3.3523259048953e-17,3.0590112287707e-09,-3.21385108747735e-16,-6.57372050026504e-17,-1.04352390351332e-15,-6.10568453435212e-16,-9.21607599328626e-09,-2.27719289140143e-16,9.54074773519794e-16,-1.79509646631574e-16,8.8075875392092e-16,-8.44094545671036e-16,4.25234268476548e-16,2.25240326127456e-15,9.88228048498539e-16,-4.04058160965004e-15,0.707106781186547,3.51824191337712e-15,-2.1756605943296e-15,8.91307620352943e-17,-6.90068494116015e-16,5.92600901328923e-16,3.95417387088323e-16,-1.92652607647777e-16
"t989",-0.0363980168169331,-0.00956859667786174,0.0012050231606819,-0.104737053103906,0.0206597707202487,-0.00431266250239599,0.0231018478159275,0.000372856869896839,0.000131699439321738,-0.000462724929363699,-0.000213724535627447,0.0875509800405269,0.0350860213394378,-0.00265486940048628,-0.000210394207732452,-1.37456699758724e-05,-1.03769198222045e-05,0.000152637660684804,-9.81803609044883e-06,1.52559643522272e-05,-0.000382714082806211,8.68495988434158e-05,-0.000187735422007,0.0042991310561117,0.00128970382348339,6.50329138906602e-07,-3.56805825564205e-06,4.58041355131067e-06,-9.50182025686728e-05,-0.000484759889919683,2.61152746090838e-06,-6.67361524666647e-06,0.00525223161047052,6.3629062875e-05,-1.4286120845925e-06,3.80872742607636e-06,0.000360461921547544,-1.43935096940137e-06,-1.25466806239184e-05,-3.9397791854526e-06,-0.000258510725225847,4.33126619528631e-05,-0.0184688869651224,-0.000109643150056066,-0.000871762010245688,5.4873519044079e-05,-0.00015194988432073,0.00140079595183923,-0.000216165044583547,0.000755029796468488,-0.373494170437956,-0.0011291544514362,1.37868817329791e-06,-0.00150543144893056,4.15222383495726e-05,-0.000407053959377264,7.50101719778186e-06,-0.000446372161101029,0.000149510761737503,-0.00012927451236329,-9.99184658734899e-05,1.47717464494264e-05,-0.000468485047220571,0.000247922813531469,-1.77964372167662e-05,0.0137361591960492,-1.69917086636251e-06,5.85295568085674e-05,-0.000157572204072152,6.00196251802299e-05,-6.29269778369243e-05,9.13765076567376e-05,-4.09096881864868e-06,-0.000297212323999098,0.000123395050173411,1.17148854943223e-07,-0.000652347452863255,1.18491000093181e-05,-4.13160385050292e-05,-4.78076253475283e-05,1.3716336570253e-05,0.000204601646445684,-2.48133976153179e-05,-0.000155335473904732,9.59699549168183e-06,0.00206693188700271,-0.000127551995884875,-2.29112931106738e-06,-7.50611239616017e-07,0.000196152358118587,-4.84806308897728e-06,1.25057038675167e-06,1.12847703357287e-05,-0.00118590583427211,-4.49220971649291e-07,-0.000147219990316699,-3.33037913879446e-05,8.34264205205749e-05,-0.000126878176989607,-3.41364890617559e-05,-7.40875416651629e-06,5.94381122068581e-06,-1.01186974350636e-05,3.60435638926943e-06,-1.58391552409876e-06,2.95865267896933e-05,-0.000103719418799936,0.00797668417114426,-1.04126209321799e-05,2.78901993270046e-06,1.24380650719212e-05,3.03670460288489e-05,-5.1261296762843e-05,4.59621865397409e-05,-2.33700304260391e-07,8.94550651628128e-06,-1.31793048067197e-05,1.39134924126437e-05,-1.40541457965286e-05,3.45339990364438e-05,-0.000129064863491318,3.11658937642803e-05,-2.96029742455119e-05,-8.13411155007107e-05,2.64912232955602e-05,-0.000253674419289183,2.57653789937526e-05,-8.17132358479821e-06,1.55647220916344e-05,0.000513086231125385,-1.62014757273706e-05,4.76315589393943e-05,-9.3353310524493e-05,-1.13978266767446e-05,4.10048716401629e-06,1.89458259541746e-05,-1.09862429576969e-07,-7.34090588294264e-05,2.29112029848073e-05,-6.59178641514801e-05,-4.21940068917518e-06,-0.000163518257975459,3.20097650079371e-05,2.04439120441208e-06,6.4498003843216e-06,-4.07963222214971e-07,-1.91023460331258e-05,2.93660610649941e-06,1.92465423720368e-07,-4.78086892289339e-07,-7.43356957010798e-05,-2.2224047730002e-06,-4.77381870925527e-05,1.79204852567171e-05,-5.42934077320968e-06,-4.76557315069975e-07,7.19017496339787e-06,-0.000857114190614176,-2.77824977508197e-06,-9.41712953553444e-07,-0.000853197247229945,1.05452522773449e-05,-1.84428520643571e-05,-0.0185513906045865,6.22694109429384e-05,-0.0103566630060674,0.000187410818214187,3.56452217428127e-06,0.000182515060073791,0.000442790119113698,-0.269700151122341,0.00738218485340499,-4.69690165127228e-05,-1.24012108129628e-05,0.0981340993164707,-5.15117692157076e-06,-0.000522801185003734,5.61334654833582e-05,2.91162085473012e-05,0.000950356714358359,-0.000652532637012337,-0.016787282076821,-2.89987186335293e-05,-3.94087749880942e-07,-1.60291931242883e-07,1.419510069594e-06,1.93426617823005e-05,-4.96368099072703e-06,-2.22283368205979e-05,0.000186647773041229,4.71165457057731e-07,-7.52809316449153e-07,-2.84494466513951e-06,-5.44066207130471e-08,-4.25663422216531e-07,5.05818563031854e-07,8.97838765254019e-07,4.20274959213165e-06,-4.73557486397901e-07,-1.46796023618614e-07,-1.44214330025801e-07,-2.08442190380386e-05,2.94429091220788e-09,3.93804381486288e-06,5.41386922899233e-07,1.81361171865125e-05,-2.93614603978319e-07,-1.00260246276458e-05,1.58321935788995e-06,7.86197651954745e-08,4.82086567212484e-06,-0.000141009330744232,2.94005142918886e-06,-3.57849636660621e-08,-2.37492870396858e-08,-6.58176927440925e-08,2.29649477294554e-07,2.20037175775762e-08,-5.91668186237825e-08,-3.53167307887765e-07,-2.03072851929039e-06,1.97436885617679e-05,7.90419700006142e-07,2.65571878102499e-06,-7.50627575629069e-07,-3.91355166492633e-07,-4.14840006474955e-06,-3.15624747328471e-07,-5.22736842990073e-07,-4.44652050021667e-07,9.95976675592676e-06,0.000636904699589197,1.43378210358495e-07,2.45108935263988e-07,-1.40735581671424e-08,-2.38138043009294e-07,-1.27395606557562e-06,-6.04299537782248e-17,-1.99347859195503e-07,1.50980008949087e-05,-4.49917505395157e-07,-8.44029519812048e-06,-1.39888149198115e-06,1.67548553741551e-06,-2.89694837445598e-07,1.06511246860158e-05,-2.44409147780111e-08,1.68770364053224e-09,-0.00078147618531679,3.77646601866125e-06,-1.20858862800071e-07,1.66501696566179e-05,-7.98745958341142e-07,3.38576129971648e-07,-2.30059920347726e-08,1.81406416597573e-06,-1.84129069263324e-06,1.82903928982977e-05,6.29171062987789e-07,-1.27960567007628e-07,3.09253021099048e-06,-6.30618297098976e-07,7.58868046463567e-05,-0.00100990703951642,3.10438621788075e-07,-1.0803019412642e-07,2.72744356645025e-07,1.23098563451675e-05,-4.48159345590729e-05,1.9782689367774e-07,8.17130992901733e-08,-2.09328569467979e-07,0.00051558319314162,-0.00010324477584271,5.09101658248243e-05,-0.058089818656905,-0.000224751478230088,1.41221783822664e-05,-9.32023048936779e-06,9.05796236447978e-05,-1.40142899302641e-06,-2.03733303187736e-16,2.4531735873902e-06,8.0718306128823e-08,1.06056044476837e-09,6.99799321265651e-06,-6.26229912806117e-08,3.52001330291405e-08,7.84909554623248e-07,-4.94344052212816e-08,3.79193804847171e-07,-9.83113653890385e-07,-3.02038909254194e-08,1.55910398530168e-08,-1.81025223424835e-07,2.0280700989176e-07,-5.42833268526376e-06,2.29498333679537e-09,2.33960408976206e-07,1.24463272971532e-09,2.1207238322986e-06,1.56434781636634e-07,-2.02539580209626e-06,7.94019613003668e-08,-1.99407823002251e-07,2.82654073606103e-07,-1.04091425143574e-06,7.31318080613854e-08,6.66169935547944e-08,5.18514373750465e-07,-2.55373798646518e-05,-7.11910258868466e-08,1.75660380235851e-05,-3.97784471127238e-07,9.92761715055522e-09,9.37824957307087e-08,-1.8753969826611e-07,-4.87137089156911e-17,6.44675146578815e-10,4.3808718257275e-06,-2.51945327114407e-07,1.85822833169431e-07,4.85537181809641e-06,4.86280793087288e-08,1.1359267271389e-07,-1.67459752528059e-06,6.31301522982067e-07,6.13491054098321e-17,-4.97881650594849e-07,-6.08931588012443e-09,-1.7142933270897e-08,9.11114287836907e-07,1.31008234878604e-07,-8.91616510890665e-09,-3.45115438502537e-07,9.28653692825087e-08,-8.97738956108726e-05,5.85004609035226e-07,-1.20049253945377e-07,-2.18052406888888e-07,-1.15581877549898e-08,-1.14565695115242e-08,-2.18684273952478e-07,1.46578780197057e-06,-2.3822368988644e-07,9.43883584632712e-16,-4.92466356084252e-06,3.87646945269865e-07,3.24456164747204e-07,9.86706280537038e-08,-4.63331854583774e-07,-9.88474784404191e-07,9.14450885387202e-05,-1.78766480939876e-05,-8.34804209278009e-08,-2.23109938187075e-16,-1.56092646094155e-07,-6.93581031753256e-07,-1.98692608668825e-07,1.00436867393698e-16,3.75799584571381e-07,3.78324336155678e-06,-5.77102531146948e-07,-3.07021812968054e-07,-1.02382017243459e-07,-5.47835359981112e-08,-1.95906221928805e-06,5.46404954484141e-08,5.80694123518584e-07,2.71244542901494e-07,1.19237599037776e-07,1.20261778775097e-06,1.09384425823257e-16,-4.77724465385788e-07,2.24306437700673e-07,1.45230683674597e-06,-1.46511265784919e-07,-6.86729643300357e-17,-1.42507570725328e-07,1.84689805763166e-07,-6.41155601935738e-08,-5.70604527360517e-08,-1.44549868272582e-07,1.07019719745304e-06,-2.04594407783899e-06,2.90862852569799e-07,-3.80859086348853e-17,1.22887213788432e-06,-1.77570001892258e-06,0.00103968649354635,9.73542688139049e-07,-1.00988915806658e-07,-7.1531711193185e-10,-5.40583203201273e-16,-5.44438997352606e-17,-7.66020164711821e-10,-7.0010606486321e-07,9.25015341697303e-08,-1.35561966838719e-07,7.67547917983422e-16,-6.53652328843994e-08,-7.75504995582707e-10,-5.60175633606185e-17,2.90011339152146e-16,-2.85912025615499e-16,1.66118264459167e-07,4.90399621871155e-07,-7.11041743587833e-07,4.20713980139386e-07,2.09766936065535e-07,4.32446289855272e-07,-2.08223979496257e-06,-9.90079010490605e-17,-4.56872996036649e-07,8.05939667243817e-07,-3.70144661967549e-16,7.2065203933321e-16,-8.09137508351711e-07,-3.93255678177056e-11,-3.00702278660127e-07,2.35042971228674e-07,2.9680958591512e-07,-1.5964853068751e-08,2.21084434132504e-17,-5.36909757829237e-08,6.94169682971691e-17,-1.82994270228688e-07,2.48787806762102e-15,-3.32692740178006e-07,1.01877201024654e-16,2.60119911781269e-07,3.59838894445169e-07,2.15652570583281e-08,2.84988336999713e-07,2.78367668188209e-05,-1.11701076690476e-07,2.02514796032248e-05,3.53192582604614e-08,1.71813375427963e-07,1.5837721326379e-08,2.48148675267174e-07,-1.11305086006712e-06,-1.72449227906284e-07,-1.40013948236138e-08,-3.3467577333467e-07,1.39081171763795e-16,4.99216939488215e-06,-8.61267009312275e-07,5.34622108922607e-08,-1.08739656391453e-15,7.0830110731362e-09,1.922634781587e-07,6.88383656405703e-07,1.53224016984215e-15,-1.84595110267629e-06,-8.88631784300197e-08,-2.01285670205706e-15,-1.17570202433704e-07,1.83898844618984e-06,1.12257399228918e-15,-3.26832908783789e-15,-1.08033882286069e-07,-5.25345719221048e-08,-3.00429635652702e-10,-4.18932961825139e-07,1.13015803364608e-07,3.67638796821671e-07,3.21678876435064e-08,4.1542935441556e-07,-9.07891230657282e-07,-9.22066513853875e-15,0.499926639230288,-1.40596626857247e-09,1.06208973899094e-09,1.63269010408746e-07,1.6338205188608e-14,-3.45031156944398e-15,6.27081315650691e-08,1.21296069924698e-15,-1.19292616210897e-15,4.644147196012e-07,-7.97019915017979e-07,-0.000170944708816397,-6.29319690056082e-09,4.29230964647565e-05,-1.1542802901444e-07,1.49104571592954e-08,4.58458875731679e-16,4.06444404274407e-08,1.9073025911511e-09,8.76460500800962e-09,-9.86637802650956e-07,7.01296219237595e-05,1.38317774697136e-16,-4.73242691078576e-16,5.1181441739085e-16,-3.07311103293895e-08,-2.76842062702192e-05,-8.59727812920517e-08,6.54831194905501e-16,-1.25871404709063e-07,3.00555783030122e-15,2.96882448385903e-17,1.87428064495424e-06,-4.11563519890832e-08,3.9790219730218e-16,-1.01400686224586e-07,-5.79505406080816e-07,1.39957884329892e-15,1.5695038330434e-07,-8.3398493921893e-16,4.19802661509389e-08,9.49349695172612e-16,4.18900325033333e-08,3.62650417945681e-07,1.45201795193645e-07,1.23567045199234e-08,8.48712049337822e-08,-2.94687848691689e-07,1.17499914382527e-07,-4.38645183562073e-16,5.3705563825738e-06,-8.67224434771506e-06,-4.69721791532013e-16,-3.99153941181125e-08,-1.17207223462025e-07,1.89229910758711e-07,-3.99447735350281e-16,8.75930841332395e-08,1.27986625598875e-06,1.67352064011567e-16,-2.89523225905598e-07,-6.40565198779105e-08,-3.68821159496081e-08,7.71010903464734e-17,-3.3889713641492e-16,5.97929414534229e-08,1.8322299571374e-08,1.48260024963416e-09,-1.65874683923611e-07,1.09062912024515e-08,2.45886269662583e-16,5.13743213983858e-16,3.98402643237391e-08,2.74639820754402e-10,-6.71831752500276e-16,9.64604556035234e-08,-5.92107912882103e-17,9.08024512256083e-05,-1.84104662192522e-08,-1.07588254981824e-08,-7.13650191386454e-08,-1.31114919207387e-15,1.29480550481936e-16,-2.61217412764785e-16,-1.2054856815186e-16,-6.34243325562109e-08,-1.38245189257787e-07,3.81735047239495e-16,-1.22538492413802e-16,6.63962074607091e-18,5.51507984312498e-06,1.74968309517289e-09,-2.46241907653258e-07,-4.60336096571522e-17,1.47187221178485e-16,-3.95767674275099e-16,-5.99644708366245e-07,3.32675471593208e-05,-4.04613633057542e-16,2.22718486711893e-08,-9.27511224731229e-07,2.83943757324732e-16,-1.2825660226855e-16,-5.81904362477296e-08,-5.96236014834752e-10,-2.88442720064425e-08,2.91213418570709e-16,3.24833241813238e-08,4.73277962898143e-08,5.08143561777294e-08,-4.63601340456743e-08,-1.6517079623045e-07,1.4075832008537e-08,-4.80868413757191e-17,-4.40282585625919e-16,-1.89947255692612e-16,2.6864356765197e-07,-6.86202402011901e-06,-1.32231550174169e-08,-1.0422233980948e-08,-1.43435019736968e-16,2.0782652084067e-18,3.50499197449233e-17,1.4796417669414e-16,-4.13380939644615e-16,5.48676563989139e-07,-1.64090608768092e-16,-6.78046849908332e-17,-8.07224386080828e-09,-2.38383808177397e-16,-7.22628948216151e-09,2.1625546232875e-17,-8.95950962250025e-09,-9.84380628901399e-17,-1.08638656680328e-08,-1.36004167292036e-09,-8.58839111765443e-07,1.21961652790023e-16,4.36981253463839e-08,3.04846578743729e-17,6.20856374986152e-08,-1.20372680406601e-06,6.05038675102858e-10,-8.18533621289509e-17,8.83453997617914e-08,-1.63521816019895e-16,-2.17367456571483e-08,-1.22696847036461e-07,-2.41654428730221e-16,5.55536839625285e-17,-3.6127243515338e-16,8.54621855235605e-17,-4.12246741347415e-10,-5.36950322134784e-09,-1.19930416855522e-09,-1.67144818409663e-16,7.81257811665357e-17,-1.39634466289751e-07,7.16223019786393e-07,7.55504026947059e-17,8.09179390461435e-19,-5.48154618599772e-09,2.49976623942727e-16,-3.88596892700843e-08,-6.92654902777335e-17,3.67256354798457e-07,-1.32395170365819e-16,-2.46960167351892e-16,-5.02649742323682e-18,8.21024870821623e-17,3.78929636627322e-17,-6.79050283370907e-16,4.88818288601957e-08,-3.41867761151984e-07,1.00411399791555e-16,-3.2842349150305e-08,1.24966135348885e-07,1.3810031780106e-16,-1.09228062998966e-16,5.42264877163296e-17,-1.01283722702373e-16,1.23360007624879e-08,1.97341958736213e-09,1.79814139115773e-16,-5.91086024219968e-16,-2.24171990069016e-08,-7.99701918021564e-08,-1.33122686241839e-08,-6.85285393632671e-17,-2.04117720178155e-16,-2.25003671863537e-17,-2.46924060504368e-16,-2.76040037829904e-17,-4.14294684736562e-17,4.73663925556978e-08,-4.48106967077779e-08,-8.61840699572973e-09,-4.15328502460532e-17,1.65040681568631e-16,-1.03264426463112e-16,1.45022767140783e-17,-7.78665747691687e-17,4.65946604814205e-18,1.51877978651109e-16,2.2432500547308e-17,8.85405383503904e-18,-1.2318594994557e-17,7.4004962218674e-18,3.46439744511529e-17,-6.49689552266651e-18,1.19685749406998e-16,3.29006128783214e-08,8.25041330133966e-17,3.11274055021557e-17,-1.03758976431952e-16,0.000119205907061358,-7.92963714159751e-10,-7.12321804984305e-17,-1.18309673657911e-08,1.18874323052523e-05,-2.46183046196586e-16,1.98167851742e-16,-1.18186252019237e-07,-9.42657099742463e-17,2.68429270986473e-06,-7.92446322079743e-17,-9.63222066132367e-17,6.6178345558083e-18,-3.00613214639733e-16,1.48051243307071e-09,-2.03321079395846e-07,1.20940160457273e-16,1.12264830129408e-16,-9.4619033206701e-17,-1.26507308083331e-16,4.12945502445417e-17,2.31838291753133e-16,5.81510871590036e-17,1.25506248210563e-16,1.69546828904315e-08,1.07580507687334e-17,-4.61622708462642e-17,7.50608067987235e-17,-7.15093632016913e-18,1.18152390731426e-16,-5.05046296667229e-16,-4.84613972138568e-08,1.54284195647905e-17,8.94343544554022e-18,3.61354811942822e-08,-7.24776503018618e-16,-8.26346335302956e-17,5.17277300018017e-17,-5.96234090564189e-17,3.31180425951777e-07,3.98881254944436e-17,-2.22757762126547e-08,2.97743748850673e-17,-5.39476612875897e-17,1.5517104741668e-16,-1.0532335891427e-16,-4.26806139395412e-18,-8.31423177302862e-17,8.05283055296564e-10,-3.16317785843536e-16,-1.07905818707055e-16,3.13730751873982e-08,-1.00564279773017e-07,-6.28522142363824e-17,7.04680586619804e-08,1.0321893631836e-08,-3.44425684443534e-17,1.64348184384226e-16,1.11156603461966e-18,-9.02352947672605e-18,5.58654683727793e-16,-1.73612562462935e-08,-1.38848780849619e-16,-2.24989810688327e-16,-3.58552799183101e-16,6.95305797665736e-09,-1.4131764691742e-16,2.84053705367095e-16,-2.33251630869972e-16,1.4532807745891e-17,-3.16936305434796e-09,2.9503264505539e-16,1.04625127960399e-08,-6.49113324965586e-17,1.83945543578431e-16,4.32527187533502e-16,-9.3345575103691e-17,6.06920809193037e-17,9.11115978872275e-17,3.46144133589489e-17,-1.14275249062618e-07,1.75515159532522e-16,1.3774763431668e-16,1.22363294943864e-05,7.06625737812663e-17,-2.68762650423501e-17,-1.21018507281379e-16,-6.64963218883365e-19,-1.56976272963025e-17,-1.52797825426307e-17,-5.05001166122813e-08,-3.89550773104003e-17,1.12619732667317e-16,2.90626479830451e-06,-2.18119204832965e-16,1.00463012708117e-16,-4.11077733432798e-17,-2.89079206593716e-16,2.43332758449706e-16,-3.24968067967092e-16,-4.74050179759131e-17,-4.22860201230995e-17,2.61858474435822e-17,3.33820333886482e-17,-2.05730555938221e-16,-1.5254810095412e-06,1.8071775589688e-07,6.60602482179986e-16,-1.09958424522664e-16,-5.94385768668838e-17,-1.04906284502149e-16,-6.32903018188413e-17,3.44217771849443e-17,-1.04639864086261e-16,-1.9281555440772e-16,-2.2712116800343e-09,-1.32363113690737e-16,2.09289652226651e-17,1.21913740153633e-16,7.19280892806187e-17,2.90984935620053e-09,-3.96534539246661e-16,-3.18486096081617e-09,-2.06382306910596e-16,8.75617227529746e-17,-1.84919204762555e-17,-1.41940560222123e-16,5.63508712425477e-17,1.49106495580246e-16,-7.28285627086779e-19,7.26731846794152e-17,1.06410769617901e-16,3.96881786362888e-17,-3.55426694470802e-17,-6.43470464720293e-17,-2.87655864764245e-16,-2.0636694307046e-17,1.48419532964575e-16,-4.24649926780618e-16,2.50776067805543e-17,5.66337303458501e-16,-7.15500339449837e-17,8.45713442552432e-17,-5.52943107967607e-17,4.89501228040901e-17,-3.60044710126976e-16,1.08291873416819e-17,6.92015746011045e-15,2.20265849220196e-10,-3.37676862630651e-16,-7.82180559638691e-16,3.92671056201381e-17,-2.45751889522788e-16,2.99825961184124e-17,6.54045545757805e-17,-4.09812433062277e-16,-4.65257462474555e-17,2.1044514544088e-16,1.2365484257357e-16,-9.21571846612679e-17,-1.95550664729323e-17,-1.08670256084366e-16,-5.42461222437256e-17,3.03333444070991e-16,-1.01966114089737e-17,-1.72964222972022e-16,-2.84039735662071e-09,8.86993804373778e-17,7.57166883730815e-17,8.32864059063018e-17,2.15921111261986e-16,4.48468251017421e-18,1.41135813855423e-16,-1.16340217022759e-17,-8.66836731662244e-17,2.65958128881686e-17,6.03046272010642e-10,-8.30043534683308e-16,-1.35625957974855e-17,2.05496733541852e-16,-3.11982146708731e-17,-1.60114300153786e-16,-7.9044031671653e-16,-7.23977058616427e-17,4.0319863879156e-17,-2.46107359536651e-17,5.68320009122251e-16,4.08649268645e-18,-3.88005938458849e-17,1.16696037904566e-16,3.04877052052522e-09,-1.57924233227514e-17,4.61685510008052e-18,5.95050665858634e-16,-5.404205728754e-16,-9.18557215680027e-09,-2.3837992512804e-16,2.07260815587009e-17,-5.42330847625794e-17,-1.15278991164608e-15,-1.21254950890203e-16,1.4243896679902e-16,2.57493019920011e-15,-4.66694949327989e-16,5.558838775582e-16,-2.92071808321964e-16,7.23883746773145e-16,1.78086763429282e-16,2.47610166628926e-15,-0.707106781186547,-1.96126383665761e-15,6.09103552213535e-16,4.43163176052552e-16
"t990",-0.0363980168169331,-0.00956859667786174,0.0012050231606819,-0.104737053103906,0.0206597707202487,-0.004312662502396,0.0231018478159275,0.000372856869896842,0.000131699439321731,-0.000462724929363689,-0.00021372453562744,0.0875509800405269,0.0350860213394378,-0.00265486940048628,-0.000210394207732448,-1.37456699758692e-05,-1.03769198222051e-05,0.000152637660684788,-9.81803609044357e-06,1.52559643522318e-05,-0.000382714082806215,8.68495988434238e-05,-0.000187735422006989,0.00429913105611171,0.0012897038234834,6.50329138904068e-07,-3.56805825567759e-06,4.5804135512929e-06,-9.50182025686792e-05,-0.000484759889919668,2.61152746089537e-06,-6.67361524669616e-06,0.0052522316104705,6.36290628749827e-05,-1.42861208460044e-06,3.80872742605379e-06,0.000360461921547512,-1.43935096939258e-06,-1.25466806238914e-05,-3.93977918545834e-06,-0.000258510725225951,4.33126619528536e-05,-0.0184688869651224,-0.000109643150056069,-0.000871762010245686,5.4873519044074e-05,-0.000151949884320733,0.00140079595183925,-0.000216165044583559,0.000755029796468578,-0.373494170437956,-0.00112915445143619,1.37868817328696e-06,-0.00150543144893056,4.15222383496128e-05,-0.000407053959377341,7.50101719775987e-06,-0.000446372161101096,0.000149510761737533,-0.000129274512363292,-9.99184658734592e-05,1.47717464494024e-05,-0.000468485047220501,0.000247922813531403,-1.77964372167702e-05,0.0137361591960492,-1.69917086637002e-06,5.85295568085719e-05,-0.000157572204072175,6.00196251801897e-05,-6.29269778368936e-05,9.13765076567547e-05,-4.0909688186726e-06,-0.000297212323999095,0.000123395050173449,1.17148854913024e-07,-0.000652347452863258,1.18491000092581e-05,-4.13160385050016e-05,-4.78076253475026e-05,1.37163365702303e-05,0.000204601646445632,-2.48133976152688e-05,-0.00015533547390475,9.5969954916556e-06,0.00206693188700274,-0.000127551995884924,-2.29112931107028e-06,-7.50611239658286e-07,0.000196152358118587,-4.84806308898609e-06,1.25057038672944e-06,1.12847703357443e-05,-0.00118590583427218,-4.49220971636714e-07,-0.000147219990316819,-3.33037913879431e-05,8.34264205206091e-05,-0.000126878176989654,-3.41364890617627e-05,-7.40875416652998e-06,5.94381122065756e-06,-1.0118697435073e-05,3.60435638925276e-06,-1.5839155241289e-06,2.95865267896989e-05,-0.000103719418799979,0.00797668417114425,-1.04126209321778e-05,2.78901993269409e-06,1.2438065071907e-05,3.03670460289028e-05,-5.12612967628739e-05,4.59621865397278e-05,-2.33700304239707e-07,8.94550651629501e-06,-1.31793048067583e-05,1.39134924125935e-05,-1.40541457964964e-05,3.45339990364185e-05,-0.000129064863491214,3.11658937642533e-05,-2.96029742453846e-05,-8.13411155007193e-05,2.64912232954689e-05,-0.000253674419289176,2.57653789938829e-05,-8.17132358479633e-06,1.55647220914576e-05,0.000513086231125458,-1.62014757272791e-05,4.76315589393861e-05,-9.33533105246156e-05,-1.13978266766795e-05,4.10048716405934e-06,1.89458259541856e-05,-1.09862429541572e-07,-7.34090588293965e-05,2.29112029851261e-05,-6.59178641513689e-05,-4.21940068919126e-06,-0.000163518257975388,3.2009765007997e-05,2.04439120424592e-06,6.44980038428063e-06,-4.07963221956969e-07,-1.91023460331238e-05,2.93660610644112e-06,1.92465423673456e-07,-4.78086892285268e-07,-7.43356957009632e-05,-2.22240477312839e-06,-4.7738187092636e-05,1.79204852566292e-05,-5.42934077327499e-06,-4.76557315022631e-07,7.1901749633988e-06,-0.000857114190614185,-2.77824977502084e-06,-9.41712953666207e-07,-0.000853197247229902,1.05452522773277e-05,-1.844285206444e-05,-0.0185513906045865,6.22694109429958e-05,-0.0103566630060674,0.000187410818214401,3.56452217409728e-06,0.000182515060073529,0.000442790119113678,-0.269700151122341,0.007382184853405,-4.69690165128569e-05,-1.2401210812943e-05,0.0981340993164705,-5.15117692156098e-06,-0.000522801185003837,5.61334654833702e-05,2.91162085474704e-05,0.000950356714358506,-0.000652532637012031,-0.0167872820768211,-2.89987186337071e-05,-3.94087749878736e-07,-1.60291931214799e-07,1.41951006948805e-06,1.93426617822582e-05,-4.96368099076622e-06,-2.22283368207362e-05,0.000186647773041212,4.71165457167541e-07,-7.52809316224463e-07,-2.84494466524215e-06,-5.44066207608026e-08,-4.25663422210337e-07,5.05818562876733e-07,8.97838764811965e-07,4.20274959203464e-06,-4.73557486369418e-07,-1.46796023611234e-07,-1.44214330148395e-07,-2.08442190380155e-05,2.9442909326306e-09,3.93804381486842e-06,5.41386922968584e-07,1.8136117186504e-05,-2.93614604765346e-07,-1.00260246275929e-05,1.58321935792319e-06,7.86197653372143e-08,4.8208656721279e-06,-0.000141009330744145,2.9400514292817e-06,-3.57849633024646e-08,-2.37492872937526e-08,-6.58176928185945e-08,2.29649477161924e-07,2.20037176039764e-08,-5.9166818616538e-08,-3.53167307834387e-07,-2.03072851936357e-06,1.97436885617207e-05,7.90419699926424e-07,2.65571878092121e-06,-7.50627575651822e-07,-3.91355166461729e-07,-4.14840006480384e-06,-3.15624747307452e-07,-5.22736842862416e-07,-4.44652049951308e-07,9.95976675589726e-06,0.000636904699589141,1.43378210412531e-07,2.45108935241514e-07,-1.40735582081816e-08,-2.38138043145617e-07,-1.273956065466e-06,-1.64308285423551e-17,-1.99347859268909e-07,1.50980008950617e-05,-4.49917505478051e-07,-8.44029519798664e-06,-1.39888149200912e-06,1.67548553763371e-06,-2.89694837504106e-07,1.06511246858795e-05,-2.4440914890651e-08,1.68770284526551e-09,-0.000781476185316764,3.77646601853809e-06,-1.20858862835171e-07,1.66501696566901e-05,-7.98745958258247e-07,3.3857612978684e-07,-2.30059921602419e-08,1.81406416604921e-06,-1.84129069266034e-06,1.82903928982512e-05,6.2917106299987e-07,-1.27960567084878e-07,3.09253021095718e-06,-6.30618297184195e-07,7.58868046464263e-05,-0.00100990703951615,3.10438621801548e-07,-1.08030194065584e-07,2.72744356680533e-07,1.23098563452972e-05,-4.48159345592005e-05,1.97826893463438e-07,8.17130992382888e-08,-2.09328569454509e-07,0.000515583193141466,-0.000103244775842481,5.09101658247825e-05,-0.0580898186569048,-0.00022475147823025,1.41221783822181e-05,-9.32023048941974e-06,9.05796236447758e-05,-1.40142899300008e-06,-1.92836450394953e-16,2.45317358745925e-06,8.07183061884364e-08,1.06056044394776e-09,6.9979932129264e-06,-6.26229912744061e-08,3.52001330021293e-08,7.84909554790476e-07,-4.94344052265638e-08,3.79193804972701e-07,-9.83113653597323e-07,-3.02038908854105e-08,1.55910397836139e-08,-1.81025223613509e-07,2.02807010025139e-07,-5.42833268524064e-06,2.29498337855892e-09,2.33960408894159e-07,1.24463269145036e-09,2.12072383229913e-06,1.56434781607362e-07,-2.02539580209369e-06,7.9401961275043e-08,-1.99407823083484e-07,2.82654073683525e-07,-1.04091425166211e-06,7.31318080955852e-08,6.6616993481731e-08,5.18514373895508e-07,-2.55373798647522e-05,-7.11910258599286e-08,1.75660380235663e-05,-3.97784470880225e-07,9.92761668489233e-09,9.37824957054139e-08,-1.87539698511422e-07,-4.33536886661702e-17,6.44675386169205e-10,4.3808718257738e-06,-2.51945327056402e-07,1.85822832904152e-07,4.85537181810129e-06,4.86280795222854e-08,1.13592672467875e-07,-1.67459752540618e-06,6.31301522995632e-07,1.67403970686677e-17,-4.97881650461337e-07,-6.08931580074868e-09,-1.71429330634624e-08,9.11114287606111e-07,1.31008234998222e-07,-8.91616512839498e-09,-3.45115438671302e-07,9.28653692482904e-08,-8.97738956109455e-05,5.85004609048118e-07,-1.20049253904855e-07,-2.18052406978999e-07,-1.1558187823098e-08,-1.14565694032598e-08,-2.18684274103424e-07,1.46578780242478e-06,-2.38223689978707e-07,5.14457905966344e-16,-4.9246635609331e-06,3.87646945321772e-07,3.24456164712275e-07,9.86706278728565e-08,-4.63331854463349e-07,-9.88474784286445e-07,9.14450885387193e-05,-1.7876648094113e-05,-8.34804209916574e-08,-2.57445475781339e-16,-1.56092646166477e-07,-6.93581031811685e-07,-1.9869260868204e-07,6.07966132380756e-17,3.75799584754234e-07,3.7832433618112e-06,-5.77102531119415e-07,-3.07021813026246e-07,-1.02382017288021e-07,-5.47835362092622e-08,-1.95906221925449e-06,5.46404954179827e-08,5.80694123646963e-07,2.71244542923703e-07,1.19237599021416e-07,1.20261778799787e-06,3.66293775126318e-17,-4.77724465010104e-07,2.24306437692591e-07,1.452306836475e-06,-1.46511265767197e-07,-1.63734467727702e-16,-1.42507570719102e-07,1.84689805727713e-07,-6.41155602132947e-08,-5.70604528437458e-08,-1.44549868338284e-07,1.07019719734043e-06,-2.04594407768129e-06,2.90862852433154e-07,1.38176399095145e-17,1.22887213775942e-06,-1.77570001907372e-06,0.00103968649354627,9.73542688260219e-07,-1.00988915824532e-07,-7.15317077743977e-10,-3.47378376064356e-16,-6.41752536723731e-17,-7.66020134193527e-10,-7.00106065275522e-07,9.25015340209493e-08,-1.35561966473714e-07,7.44950808574005e-16,-6.53652329653462e-08,-7.75504854087581e-10,8.93471062432944e-17,1.98835209283316e-16,-2.79912741492604e-16,1.66118264039654e-07,4.90399622060806e-07,-7.110417439882e-07,4.20713980208358e-07,2.09766936119152e-07,4.32446289819755e-07,-2.08223979499447e-06,-8.17323781271393e-17,-4.56872995973885e-07,8.05939667122957e-07,-3.54348911172702e-16,7.11673019727978e-16,-8.09137508271283e-07,-3.93255721126903e-11,-3.00702278954048e-07,2.35042971204728e-07,2.96809585955458e-07,-1.59648530230911e-08,-6.68528340460012e-16,-5.36909757835613e-08,-1.06742867276443e-16,-1.82994270384884e-07,2.4723672002909e-15,-3.32692740053641e-07,1.32844836286358e-16,2.60119911749509e-07,3.59838894359436e-07,2.15652570965766e-08,2.84988336989407e-07,2.78367668187603e-05,-1.11701076808326e-07,2.02514796032215e-05,3.53192581158116e-08,1.7181337477991e-07,1.58377212998685e-08,2.48148674996552e-07,-1.1130508600324e-06,-1.72449227814987e-07,-1.40013948257398e-08,-3.34675772979023e-07,-7.80868301407196e-18,4.99216939497512e-06,-8.61267009400686e-07,5.34622108657524e-08,-1.0893255899594e-15,7.08301020571596e-09,1.92263478213534e-07,6.88383656351775e-07,1.54180802787565e-15,-1.84595110268976e-06,-8.88631782840937e-08,-2.18558989523121e-15,-1.17570202416172e-07,1.83898844646198e-06,1.14036241061736e-15,-3.30730115938045e-15,-1.08033882301885e-07,-5.25345719816405e-08,-3.00429863235944e-10,-4.18932961745912e-07,1.13015803356643e-07,3.67638796931447e-07,3.21678875173218e-08,4.15429354790557e-07,-9.07891230705327e-07,-9.17717507889493e-15,0.499926639230286,-1.40596597005782e-09,1.06208990057305e-09,1.63269010311725e-07,1.61765219281434e-14,-3.4795171389925e-15,6.27081315558402e-08,9.92307230819658e-16,-1.16818809416323e-15,4.64414719576136e-07,-7.97019915146675e-07,-0.000170944708816403,-6.29319686641814e-09,4.29230964647401e-05,-1.15428029048154e-07,1.49104572645165e-08,4.10497735772004e-16,4.06444404424585e-08,1.90730255723112e-09,8.76460501605138e-09,-9.86637802515817e-07,7.01296219238315e-05,3.11703306167865e-16,-4.59449275553885e-16,8.40978248477045e-16,-3.07311101228532e-08,-2.76842062704589e-05,-8.59727813547486e-08,7.18419635317135e-16,-1.25871404843321e-07,3.41420718163816e-15,1.82000832333449e-17,1.8742806452434e-06,-4.11563520381168e-08,2.71213173447249e-16,-1.0140068631563e-07,-5.79505405894182e-07,1.89152541466885e-15,1.56950383380345e-07,-8.43214713789797e-16,4.19802660407912e-08,6.5220401438767e-16,4.18900322640444e-08,3.62650417747003e-07,1.45201795140145e-07,1.2356704428436e-08,8.4871204931639e-08,-2.94687848604085e-07,1.1749991443346e-07,-4.31531194029266e-16,5.37055638263519e-06,-8.67224434773166e-06,-5.62600028723148e-16,-3.99153945976426e-08,-1.17207223439673e-07,1.89229910175023e-07,-4.71856960324366e-16,8.75930841469423e-08,1.27986625597315e-06,7.95751876117966e-17,-2.89523226112977e-07,-6.4056519841599e-08,-3.68821159909836e-08,-4.1676836912723e-16,-3.59371985058884e-16,5.97929414608627e-08,1.83222995606309e-08,1.48260029923544e-09,-1.6587468417845e-07,1.09062912246789e-08,2.78864145282149e-16,3.37625785302383e-16,3.98402642118679e-08,2.7463989244246e-10,3.25330384735873e-16,9.64604556712339e-08,-6.90338898519629e-17,9.08024512254055e-05,-1.84104662302774e-08,-1.07588250231427e-08,-7.13650179492193e-08,-1.32190907823732e-15,9.24872415815106e-17,3.55712359683717e-17,-1.52998109713418e-16,-6.34243326107278e-08,-1.38245189474512e-07,4.53743579319964e-16,-5.09645562647908e-16,1.61311856095341e-17,5.5150798432665e-06,1.74968319882886e-09,-2.46241907761084e-07,-2.77478785580473e-17,1.79303322406579e-16,3.67612299108366e-17,-5.99644708438571e-07,3.32675471592867e-05,-2.42687903300638e-16,2.22718481980943e-08,-9.27511224802393e-07,1.74530985744447e-16,-1.45614556812172e-16,-5.81904362694352e-08,-5.96236068288295e-10,-2.88442720268939e-08,2.34273049066537e-17,3.24833242645313e-08,4.73277964651989e-08,5.08143562629129e-08,-4.63601340260086e-08,-1.6517079654337e-07,1.40758324331664e-08,-9.80006847519156e-17,-5.3169906712224e-16,8.84961443281692e-17,2.68643567995468e-07,-6.86202402005223e-06,-1.32231541905599e-08,-1.0422234008797e-08,1.40381580448951e-16,1.36372133024348e-16,-2.18264783501175e-16,2.71934297537078e-17,-2.56029336034661e-16,5.48676564204826e-07,-1.25100959027882e-16,7.08544762428585e-17,-8.07224389539321e-09,-2.12011084517921e-16,-7.22628943375991e-09,2.48203580489606e-17,-8.95950985709561e-09,-2.06381255129454e-16,-1.08638657308783e-08,-1.36004170296881e-09,-8.58839111848031e-07,7.43839381794199e-17,4.36981254158626e-08,-6.74853993912728e-18,6.20856375384649e-08,-1.20372680400891e-06,6.05038700786739e-10,-8.22147435296703e-16,8.83453999415688e-08,3.19110441642602e-17,-2.17367456585993e-08,-1.2269684691001e-07,-1.79628176194605e-16,-1.14393094939305e-17,-1.18728552591356e-16,8.15476432917478e-17,-4.12246751592021e-10,-5.36950286285121e-09,-1.19930385561117e-09,-1.78350883335433e-16,2.36343992880705e-17,-1.3963446630754e-07,7.16223019297255e-07,2.80115770713808e-16,9.33342583934847e-17,-5.48154612751087e-09,2.44702180102634e-16,-3.88596894824163e-08,3.89187934804723e-16,3.67256354768801e-07,-1.32969188468911e-16,-2.54404600738371e-17,-1.08104447868779e-17,9.8190596165742e-17,7.24379926252899e-17,6.66097607560006e-17,4.88818280847737e-08,-3.41867761059472e-07,-2.19776562069035e-17,-3.28423492210641e-08,1.2496613581664e-07,-2.07444190842069e-16,-1.80092146265338e-16,6.36838813348334e-17,-6.33081013574781e-17,1.233600012375e-08,1.97341973167328e-09,6.50167628073492e-17,-5.63222262611937e-16,-2.24171992786116e-08,-7.9970192483591e-08,-1.33122687431853e-08,5.85111020962437e-17,-2.06521005103013e-16,-5.45944225101259e-17,-1.34861085986687e-17,-1.29881399178953e-16,-1.99144022234234e-16,4.73663921367429e-08,-4.48106966770294e-08,-8.61840690019108e-09,2.47698710857676e-18,9.81329599953021e-17,1.6469025156564e-17,4.65792361121704e-17,4.79369867978576e-17,-8.5813182591186e-18,2.38584776537223e-16,2.5786736554727e-17,7.18972522871784e-17,3.26071075943398e-17,2.07324931083635e-17,1.05407924499746e-16,-1.23313246307352e-17,-1.41319216162193e-18,3.29006123828478e-08,3.22088571168925e-17,4.15357438979066e-17,-1.4617352133241e-16,0.00011920590706127,-7.92963949596794e-10,8.85917787809493e-17,-1.18309670231831e-08,1.18874323052985e-05,-2.57905986340512e-16,2.41111589150277e-17,-1.18186251934529e-07,-1.50517742705709e-16,2.68429270986221e-06,-1.77618525059127e-16,6.77204066065264e-17,-2.21586333679535e-17,1.6191250677162e-16,1.48051240591486e-09,-2.03321079353942e-07,3.18996806784799e-16,8.10269894882294e-17,-1.31738638573934e-16,-1.72558795353803e-16,-1.4696360448041e-16,2.35769991447959e-16,9.04686810765807e-18,8.05816012697935e-17,1.69546831322899e-08,6.85900797627488e-18,1.37711560786579e-17,4.57946062996673e-17,1.14119760572443e-16,-7.62645672749474e-18,2.90571750688737e-16,-4.8461397681978e-08,-3.17887422227158e-18,3.4223206114807e-17,3.61354817495309e-08,1.02321276224256e-15,2.80941589995385e-17,1.1222395943864e-16,3.02152384061534e-16,3.31180425647245e-07,3.91266295884787e-17,-2.22757762360108e-08,1.58517928163345e-17,-6.5016006001529e-17,-6.70870337806035e-17,-4.0672028673913e-16,2.6726836523126e-17,-4.0207932975994e-17,8.05282910587443e-10,-6.84225542619502e-16,6.85554978212678e-17,3.13730741444768e-08,-1.00564279768168e-07,-9.19945212762227e-18,7.04680588156863e-08,1.03218936466036e-08,4.60024385605296e-17,-3.83390739020584e-16,-2.57190662540282e-16,-1.12674167836921e-17,-5.16365756479959e-16,-1.73612564035485e-08,3.07270074062691e-16,-1.16298542896654e-16,4.40552104758245e-16,6.95305781341506e-09,-1.12952168771296e-16,3.04190805594275e-16,2.19859453547639e-16,-3.43500619756265e-17,-3.16936305563121e-09,-5.23054018984806e-16,1.04625129452574e-08,-6.05319996708912e-17,2.50542660978953e-16,-2.76757058060374e-16,8.33954538303026e-17,4.97160074747196e-17,7.76356053607599e-17,-3.54046710619064e-17,-1.14275248986724e-07,-2.59525738219757e-16,1.90430333469554e-16,1.22363294942498e-05,1.09141587741448e-18,6.35368680223267e-17,-1.04664613894735e-16,4.07826553061372e-18,-5.89254345593178e-17,2.40859535464839e-17,-5.05001169478724e-08,-5.0697648492833e-18,8.83034073463673e-17,2.90626479818516e-06,3.52036100152969e-17,-3.12553067320336e-17,-1.88090280183965e-17,1.0819763725915e-16,-2.79861959195348e-16,3.37801703703209e-16,-6.37295087846408e-17,-4.55101375932229e-17,9.70135611848227e-17,-1.16794583139432e-17,-2.21689435498974e-16,-1.52548100949522e-06,1.80717755684431e-07,-4.19285939576427e-16,-1.19912884069227e-17,-7.54480930532985e-17,6.70998532076603e-17,7.5085066202768e-16,1.08602730607701e-16,-4.0760350347547e-17,3.61049157270127e-16,-2.27121219218102e-09,2.89831774030376e-17,9.18968741103299e-18,2.29041451724965e-17,-2.64704513662382e-16,2.90984962507929e-09,2.48708121871672e-16,-3.18486036022235e-09,1.82533181618181e-16,2.16157375402871e-17,7.83591693264956e-17,-1.34498078680729e-16,5.20014589334338e-17,-6.0180852852588e-17,3.49195986801695e-17,-4.15361534734026e-17,6.26432316937732e-17,-2.98490334325948e-17,7.19683179733321e-18,1.07405643835791e-16,3.2315776700942e-16,2.88758700604883e-17,4.50423145223464e-17,2.78516790822454e-16,-4.39445018271951e-18,-3.9194402210388e-16,-1.91733940794584e-17,1.43618542054281e-16,1.85290151277773e-16,1.30417972753731e-16,3.1797467096399e-16,-9.75936357150951e-18,6.93435230876127e-15,2.20265917058085e-10,3.92250861863416e-16,2.80879670483346e-16,-3.57979111212875e-17,-3.74370289517642e-16,1.99751007755744e-16,8.2083535959988e-17,2.5319092701955e-16,2.15802599682067e-17,6.6554230293981e-17,-9.00415916404401e-17,3.96858652711163e-16,1.22182728549881e-16,-3.07789184012015e-18,3.21202635477539e-17,-1.13224304699567e-16,-3.6314238482673e-17,-1.67578799202495e-16,-2.84039714182184e-09,1.06625993895491e-17,-7.67551395750436e-17,-1.4867466285091e-17,-2.98822425438597e-16,4.0780341579287e-17,-2.30449536072686e-16,-1.71496830173016e-17,5.10257008002951e-18,-6.2873864733724e-18,6.03046213968927e-10,1.25918694664195e-15,4.56611112135626e-17,-1.67595316736255e-16,6.63516965134414e-18,1.96642627574724e-16,7.5787270913574e-16,9.59233642438329e-17,-6.18984748924257e-17,-5.15109159801216e-17,-8.18252132780818e-16,-6.90863056507271e-18,-1.32931066343121e-17,-4.83509755097286e-18,3.04876937485959e-09,4.7451866790046e-17,-6.79462164533074e-17,-6.24140659867852e-16,9.31329666165048e-17,-9.18557192379082e-09,1.58474743188279e-16,-7.87833149702016e-17,3.84475335415111e-17,1.09916629037201e-15,9.82110305854303e-17,-1.52676955319335e-16,-2.28699746666969e-15,4.02820271062941e-16,-3.77977375804967e-16,7.0408684921438e-16,-6.6988202511979e-16,-1.00022616649494e-16,-2.53504457511225e-15,0.707106781186547,2.00864256080228e-15,-5.20428281441209e-16,-8.13130543507247e-16
"t175",-0.0362817499548588,-0.00950404100250682,0.00119662924713393,-0.103757812936153,0.0204229679076356,-0.00425459801721443,0.0227846528989797,0.000367326615791569,0.000129388696210123,-0.000452858562656882,-0.000207923393139733,0.0846121613498434,0.0338731534218683,-0.00256167726602527,-0.00020268009392269,-1.32112689729244e-05,-9.96363082455425e-06,0.000146445690675928,-9.41030860197433e-06,1.456622784885e-05,-0.000363957881566886,8.16813855711671e-05,-0.000175914023281993,0.00402681709440922,0.00120767811625248,6.06916874555582e-07,-3.32694358601943e-06,4.26799573249802e-06,-8.83560473222389e-05,-0.000444311684712552,2.37837000833473e-06,-6.04913536551085e-06,0.0047230814429141,5.68948417093989e-05,-1.26916368603885e-06,3.34714019853898e-06,0.000316180895800387,-1.25950775541456e-06,-1.09675196531736e-05,-3.43594704718971e-06,-0.000224424240620553,3.74516108782242e-05,-0.0159292621214455,-9.45463573940257e-05,-0.000749452882879991,4.66375142436759e-05,-0.000128681133599114,0.00118426849224778,-0.000181873253075106,0.000631898776924623,-0.310342774328428,-0.000935040179156545,1.1411031274092e-06,-0.00124065291490715,3.39263890159242e-05,-0.00033215131592268,5.9719998415537e-06,-0.000352899116619459,0.000118102516442614,-0.000100315409108422,-7.64566501563092e-05,1.12230002835859e-05,-0.000353856164807971,0.00018698245141998,-1.32724105677804e-05,0.010139097772893,-1.2249040945504e-06,4.17298992017591e-05,-0.000111762119847624,4.21671636796149e-05,-4.19058245011388e-05,5.81815051049939e-05,-2.58596595625074e-06,-0.000185017483307919,7.66648225542553e-05,7.22918813424452e-08,-0.000401464421828985,7.19371086745602e-06,-2.42927096035554e-05,-2.77331296527176e-05,7.7697165154425e-06,0.000115286428022152,-1.34305086312335e-05,-8.30174075230156e-05,4.84194338521474e-06,0.00102554048165633,-6.2197286142068e-05,-1.11401708265059e-06,-3.64696898737019e-07,9.51243138976004e-05,-2.33512375202377e-06,5.62677266256273e-07,5.04390600674418e-06,-0.000506010571150133,-1.75479388906785e-07,-5.6689429633212e-05,-1.28154789789249e-05,3.09105994168163e-05,-4.63291556673229e-05,-1.17629936541931e-05,-2.42624676997698e-06,1.93736641750757e-06,-3.28061535663759e-06,8.74825622431503e-07,-3.74292480495357e-07,6.84299129363911e-06,-2.30559003464189e-05,0.00175298975492902,-2.24153930844331e-06,5.8131265059732e-07,2.56459584508023e-06,5.8541669261159e-06,-9.79949221289616e-06,7.12395403662284e-06,-3.43806623144618e-08,1.1596644141734e-06,-1.60391293022413e-06,1.38553278877087e-06,-1.09430937578974e-06,2.11264250762946e-06,-6.65743445549076e-06,5.54724362881821e-07,1.36473220806378e-07,4.45514180578432e-07,-2.3154143925305e-07,8.20163169634262e-06,-8.84153717728583e-07,4.49819679384388e-07,-1.81278426620075e-06,-6.0119024017141e-05,1.98164595841389e-06,-7.88825404421168e-06,1.62698618027628e-05,2.05848399281634e-06,-8.48161289837364e-07,-3.98865265180931e-06,2.94537020633215e-08,2.32317309095012e-05,-8.83448749353079e-06,2.55500574915487e-05,1.68707459006732e-06,6.64076997042425e-05,-1.33251691313229e-05,-8.59031689077627e-07,-2.71047611041733e-06,1.82998446090603e-07,9.68199753372231e-06,-1.67027787262257e-06,-1.12526706057017e-07,2.96567039488427e-07,4.63257790984494e-05,1.41582267297254e-06,3.0805157770664e-05,-1.17327440049294e-05,4.04003418866235e-06,3.61671795144725e-07,-5.53292061122269e-06,0.000884313405063023,3.06331724516061e-06,1.0488415314681e-06,0.00100398850346316,-1.25482878251263e-05,2.35153155148376e-05,0.0238509622596833,-8.55247002097322e-05,0.0151472804718613,-0.000327516218832974,-6.2680244829595e-06,-0.000321454031715006,-0.000798753357015594,0.500302255882883,-0.0137493462488944,9.24353211517262e-05,2.48304458297126e-05,-0.203944035824983,1.08036039400078e-05,0.0011016239047509,-0.000128968430882971,-7.31601807937958e-05,-0.00242516797142563,0.00168992423839268,0.0454194619240706,7.97961253492738e-05,1.1025494233765e-06,4.55537252608764e-07,-4.25308229109954e-06,-5.87221262462216e-05,1.69069717826837e-05,7.60050884363847e-05,-0.000663687877148162,-1.86983133870384e-06,3.28149657780903e-06,1.28180910320611e-05,2.57689143605816e-07,2.09390798113508e-06,-2.7945444111675e-06,-5.0906427837853e-06,-2.51981746145124e-05,2.92137667860093e-06,1.14451242577216e-06,1.1376836371571e-06,0.000183460409196315,-2.90718280328677e-08,-5.33615577992677e-05,-7.34789519474147e-06,-0.000254411181512771,4.58002677749491e-06,0.000169239081368539,-3.38469543356466e-05,-2.44184851282882e-06,-0.000228433627984157,0.00792789120782956,-0.000862683695480287,-8.55998594740103e-06,-5.42595805830917e-06,-6.51757558652959e-06,9.59462012407628e-06,8.30734980601622e-07,-1.49553105005427e-06,-7.34131061313665e-06,-3.98397211412091e-05,0.000316796730663548,1.21753123253759e-05,3.92155554572729e-05,-9.87827796401652e-06,-5.04269145802229e-06,-5.31823834656901e-05,-3.64941371389058e-06,-5.71783035506159e-06,-4.59673471532266e-06,0.000100521755621336,0.00627652773808354,1.38287884265844e-06,2.35004065091556e-06,-1.28064724855626e-07,-2.1023916208246e-06,-1.09037897550455e-05,2.15043387522039e-16,-1.6368350444479e-06,0.000122991844901294,-3.48112180973289e-06,-6.29803544105952e-05,-1.0151524887602e-05,1.21391542270786e-05,-2.0019806457244e-06,7.30600852526251e-05,-1.67082864133357e-07,1.13565916638863e-08,-0.00520450650775804,2.46975180449001e-05,-7.84267830788997e-07,0.000107703566115778,-5.08051197875182e-06,2.0230855085109e-06,-1.34833439761957e-07,1.04724220055721e-05,-1.03166580686464e-05,0.000102277575953002,3.45403028069166e-06,-6.95806597791594e-07,1.66043654107474e-05,-3.37295827538796e-06,0.000404314245614172,-0.00535273259457235,1.63347139513406e-06,-5.67982226706982e-07,1.41121225726003e-06,6.36718139194338e-05,-0.000231722285655736,1.0190720729819e-06,4.20375832882457e-07,-1.07263481467812e-06,0.00264009204212807,-0.00052061405887487,0.000256520840142407,-0.292563573535567,-0.00113133197105543,7.10947102875131e-05,-4.70231731708216e-05,0.000457542115295606,-7.08699843497962e-06,-7.47639704325467e-17,1.2471313569555e-05,4.10707792352116e-07,5.41322102223121e-09,3.60569861991012e-05,-3.26139135459713e-07,1.84437084236229e-07,4.12609743104391e-06,-2.76506906558181e-07,2.13302110047756e-06,-5.53886157312094e-06,-1.75299317941226e-07,1.03228916543018e-07,-1.23984088347015e-06,1.42620403219819e-06,-4.25835761644896e-05,2.56927883818694e-07,-1.83522224766051e-06,-8.90622283571268e-09,-1.47741981993265e-05,7.66228301965402e-08,-3.56356387987386e-06,1.46004370409898e-07,-3.8663461568755e-07,5.76594499317546e-07,-2.15180202068461e-06,1.64163972203027e-07,1.50237755816229e-07,1.17890807601949e-06,-5.8368353000152e-05,-1.65296834702933e-07,4.14051781700983e-05,-9.49032545929664e-07,2.37992006752567e-08,2.26524855784607e-07,-4.59331509658701e-07,-2.1108940563371e-17,1.65272550271925e-09,1.12571110944698e-05,-6.49344164493616e-07,4.78963939298462e-07,1.25159292686424e-05,1.25432409213794e-07,2.93340186555269e-07,-4.32983419338362e-06,1.63580435841892e-06,3.63912606059082e-17,-1.29443768567906e-06,-1.58361405548383e-08,-4.46066916078808e-08,2.37089634167157e-06,3.41207641910812e-07,-2.32278840794151e-08,-8.99189558043705e-07,2.41945373682019e-07,-0.000233785416904924,1.52229446370128e-06,-3.12196537448302e-07,-5.66837512411716e-07,-3.00382820401196e-08,-2.97597511393093e-08,-5.68026023966305e-07,3.80595409611213e-06,-6.18372633631491e-07,3.7489881756565e-16,-1.27523711198748e-05,1.00325959933234e-06,8.39712509874502e-07,2.54951768837289e-07,-1.19688493272914e-06,-2.54520678271105e-06,0.00023523478303704,-4.59773913543734e-05,-2.14549185097646e-07,-8.27985069556293e-17,-4.00830229818964e-07,-1.78048654786958e-06,-5.09458749346779e-07,1.14434933925422e-16,9.6232330694172e-07,9.68490794554747e-06,-1.47711698710442e-06,-7.85575135066305e-07,-2.61818944059778e-07,-1.4003798575602e-07,-5.00612474777472e-06,1.39490634066841e-07,1.48227085499252e-06,6.919092148597e-07,3.03798762703677e-07,3.06389619741356e-06,4.22051047540243e-17,-1.21425583915649e-06,5.69899007560279e-07,3.68659492563199e-06,-3.71404905627208e-07,-4.18887524543352e-17,-3.60200285673967e-07,4.65296544639352e-07,-1.61293217569679e-07,-1.43447610756048e-07,-3.63097794359504e-07,2.68422649364474e-06,-5.11920027431531e-06,7.23536676094525e-07,5.9208253185416e-17,3.04164576507706e-06,-4.39324687599898e-06,0.00256999277222101,2.40354364308015e-06,-2.49304449461544e-07,-1.76524633526438e-09,-2.21177243187043e-16,7.44351619343294e-17,-1.88665558906654e-09,-1.72139749203871e-06,2.27392098190756e-07,-3.32746562016146e-07,9.18785172863195e-16,-1.59926454772237e-07,-1.89471996631252e-09,3.10967077616954e-16,-3.8945463173653e-17,3.27373963690543e-17,4.04105618545485e-07,1.19231611245067e-06,-1.72554919147114e-06,1.01939101907418e-06,5.08173322833997e-07,1.04590348345489e-06,-5.03510030520292e-06,-1.8055534151721e-16,-1.10115063474085e-06,1.94024920923687e-06,-3.95981476901817e-16,3.68230031544781e-18,-1.9393666593833e-06,-9.41566791366449e-11,-7.189669327254e-07,5.61452530375529e-07,7.07731135851952e-07,-3.80566361424029e-08,-8.09529751474202e-16,-1.27937008157131e-07,2.20631552567169e-16,-4.35553978540891e-07,-5.38638415554377e-16,-7.91201717656745e-07,-1.58945616212059e-16,6.1795862351947e-07,8.54675665970914e-07,5.10767346433109e-08,6.74581253568992e-07,6.5874409418639e-05,-2.64045844087368e-07,4.78260400722508e-05,8.32245109446059e-08,4.048442739637e-07,3.72927151505354e-08,5.83567111406355e-07,-2.61303920203552e-06,-4.04253526109272e-07,-3.27834107136106e-08,-7.83165537920005e-07,-1.05999110733596e-16,1.16605836507533e-05,-2.00806609796893e-06,1.23959641341976e-07,1.09418868641776e-15,1.63942168016529e-08,4.43757389443222e-07,1.58680277880378e-06,-1.98063505561008e-17,-4.25223223917487e-06,-2.04114205316835e-07,-2.38613767297677e-16,-2.69640750452699e-07,4.16829062515304e-06,-2.86029170713876e-17,4.15138168685066e-17,-2.43239642448258e-07,-1.18199923550148e-07,-6.73561996726915e-10,-9.34705197753612e-07,2.48303185969765e-07,8.06303030204341e-07,7.03628302069452e-08,8.60956187839672e-07,-1.46112990539544e-06,4.75449757689206e-16,5.808873354874e-05,2.07464483241651e-09,5.72770565273493e-09,5.3624599183144e-07,-6.3656245761484e-16,-2.52944396710582e-16,1.76504068740419e-07,-4.64319546495138e-17,-9.17792853184073e-16,1.1293042688195e-06,-1.92577990902141e-06,-0.000412991522355511,-1.50494674102533e-08,0.000102531352606755,-2.75661506933838e-07,3.5557163845045e-08,3.49335909758588e-16,9.58138948756918e-08,4.48791112219133e-09,2.06113034246077e-08,-2.31402769011236e-06,0.000163791463927802,-5.31830925247524e-16,-4.49554646911179e-18,1.94063087165186e-15,-7.14184211352642e-08,-6.42168839390778e-05,-1.99396919684603e-07,-1.28980203314226e-15,-2.9144224634016e-07,-1.8895834715798e-15,-1.96859831963441e-16,4.31180730118887e-06,-9.46737881147992e-08,2.14764187336791e-15,-2.32929085556571e-07,-1.33013369539105e-06,-3.6285321929133e-15,3.59678977805803e-07,-1.30927553593975e-14,9.60295633852671e-08,-5.12485733663198e-16,9.58077760867603e-08,8.29324334119612e-07,3.32007239158065e-07,2.82484147655166e-08,1.93938265213369e-07,-6.72314297112339e-07,2.67493488770287e-07,0.707106781186548,1.21948538515692e-05,-1.96866597377e-05,-3.57640484077626e-14,-9.05787067501281e-08,-2.65803160650689e-07,4.28889406818305e-07,7.06907405545106e-15,1.98146275578243e-07,2.89412180990404e-06,1.90940209353164e-15,-6.54363266442704e-07,-1.44741287050121e-07,-8.3263042993656e-08,-2.83227651185641e-15,7.43367247583855e-16,1.34701448689621e-07,4.12399847104329e-08,3.33644636538078e-09,-3.71881182703189e-07,2.44365405315801e-08,-9.25184186821751e-16,-8.25155480446053e-16,8.92288240053288e-08,6.15069023171779e-10,2.62981574812084e-15,2.1587773488821e-07,-8.71734186157341e-16,0.000203079496158822,-4.11374842920675e-08,-2.4038634220569e-08,-1.59411766620925e-07,-1.3722629173445e-15,4.54974905400449e-16,-2.51180092950153e-15,1.04588028151369e-16,-1.41354549337685e-07,-3.08051980320337e-07,-6.83889614925215e-16,3.35423237023972e-16,2.52853354419092e-17,1.2281107783971e-05,3.89511843696549e-09,-5.47754467683701e-07,-6.69743570955128e-17,1.86963888381547e-16,1.46529923611416e-16,-1.33039980542292e-06,7.38023368732476e-05,-1.89530190388671e-16,4.93590310646577e-08,-2.05472161301615e-06,-3.23572268638801e-16,-5.64973890830992e-16,-1.28786474797886e-07,-1.3194826960698e-09,-6.37972271752449e-08,6.05998587767452e-16,7.17789724275539e-08,1.04527408470257e-07,1.12147697615126e-07,-1.0221780000304e-07,-3.64084412005785e-07,3.10121227781414e-08,-7.97183300864709e-16,-7.02574396695934e-16,-1.68520185639739e-16,5.90250172221732e-07,-1.50762603450594e-05,-2.90418722249348e-08,-2.28499654231308e-08,-1.35527011008352e-16,-2.18073136028241e-16,-1.43968381381249e-16,3.06979891925595e-16,7.05512837153735e-16,1.20072680275836e-06,1.39075679622843e-16,2.28317935915058e-17,-1.76526890426208e-08,1.03591199513702e-16,-1.58021206863378e-08,2.27711919609778e-16,-1.95909882323147e-08,4.70687582466557e-17,-2.37256228912267e-08,-2.96932204366459e-09,-1.87422331093479e-06,-6.69956015750422e-18,9.53085156745836e-08,7.90143617409458e-16,1.35248833016186e-07,-2.61809971777493e-06,1.31586619735625e-09,9.81016946471735e-17,1.92015480875725e-07,-6.79680620968415e-16,-4.71965547079328e-08,-2.66396048070368e-07,5.33948097609817e-16,3.07658574137321e-16,-3.99231243044853e-16,-2.09634953059237e-16,-8.94318134991061e-10,-1.16459227076818e-08,-2.60051157918546e-09,-1.39959737492236e-16,3.96862005174454e-18,-3.0240940005651e-07,1.55105624250531e-06,4.92708731548829e-18,2.54135702040736e-17,-1.18529772269577e-08,7.40453861684816e-17,-8.40009422542961e-08,1.65732034105499e-16,7.93141235049178e-07,1.34222757218296e-16,1.44401434998574e-16,2.49498766109348e-16,4.47088906849776e-16,7.66846611080961e-16,-7.93121858532079e-16,1.0536871143501e-07,-7.36905342522867e-07,-6.43476765612978e-17,-7.07462523651715e-08,2.69118016938431e-07,-2.06691019611412e-16,6.19907040268334e-17,2.15480421987206e-16,1.58749183287137e-17,2.65346702191406e-08,4.24365133337424e-09,1.65745198026126e-16,-1.31662779192608e-15,-4.81913425203114e-08,-1.71908980723212e-07,-2.86130580715545e-08,8.42470306644256e-17,3.46264692635503e-17,-2.53973883995299e-16,-2.98514108880601e-16,-5.53645533983373e-16,-2.62792314831562e-16,1.01587148730691e-07,-9.60864292730135e-08,-1.84765072171121e-08,1.07751509404042e-16,-2.41699362252062e-16,1.95181245838924e-16,-1.20850428196948e-17,1.10280148783306e-16,-2.66561599709099e-17,1.96814003096011e-16,1.52672327669364e-16,-2.70811526068458e-16,1.58918742987997e-16,1.67880797041297e-17,-8.99660046926211e-17,-9.6406414615885e-17,-1.00026245812459e-16,7.02953926312853e-08,4.72157539113776e-16,4.65733438133403e-17,1.51080764083145e-16,0.000254581082089777,-1.69331153581185e-09,-2.20662934129542e-17,-2.52624746821957e-08,2.53690920130126e-05,-1.23595142481817e-18,4.1392731397789e-16,-2.52049986956741e-07,-6.37160369075749e-17,5.71986932696294e-06,-6.28024287772438e-17,-4.81956096343533e-17,1.30383143728555e-16,8.58778863432092e-17,3.15062253562779e-09,-4.32641277803214e-07,-3.2841468257302e-16,3.42244866976535e-17,1.32996921805193e-16,4.88774993594171e-17,-2.93330897765953e-16,-9.68583179146255e-17,1.58551300807343e-17,-1.43191617031127e-16,3.59118646686383e-08,1.331718823606e-16,-7.45065029136979e-17,-2.62902262808923e-17,2.97548898537296e-16,1.83781670582968e-16,-6.94395655617742e-18,-1.02545050041011e-07,3.86797178106668e-17,1.38996827461519e-16,7.64493044114087e-08,-1.16233966381187e-16,-1.59607912048572e-16,-8.0930621311524e-17,1.38812127960149e-16,6.99159738868871e-07,-3.22046659609922e-17,-4.70087196290843e-08,2.05841407363414e-16,1.29556162702609e-17,4.15947144126517e-17,-4.06864388219282e-16,-3.57320942396867e-18,-3.34247220765025e-16,1.69806790375609e-09,2.95998108243958e-17,3.5864191881966e-16,6.61155351782104e-08,-2.11922493740627e-07,7.66607104307384e-17,1.48423128119125e-07,2.17369385101455e-08,2.53122473074772e-16,-9.10606190441015e-17,1.31836557999622e-17,-1.86711682788161e-17,-1.25196466370984e-16,-3.64737668765993e-08,-2.50010190022653e-16,-1.34463960420974e-16,4.53244137231457e-18,1.45984788041366e-08,3.44300319012584e-17,1.28745754426451e-16,7.10131389593762e-17,1.06820454873697e-16,-6.64889818288082e-09,-4.70305242069973e-18,2.19434221748642e-08,1.63547214002202e-16,-1.58781413626216e-16,1.53842261052722e-16,-2.94179344969691e-17,1.61390817746252e-17,-1.64744042286543e-16,-1.35791681323346e-16,-2.39354616430802e-07,-2.59234314094242e-16,1.22275115643674e-16,2.56210676248619e-05,-2.85586386769881e-16,-5.99433890475814e-17,1.17993596593285e-17,-8.36452671149782e-17,4.30261447642115e-17,2.41199230033259e-16,-1.05630029738891e-07,3.16420402515604e-17,1.6874930884398e-16,6.07614516726604e-06,6.46615041576507e-17,-3.1476999963575e-17,1.98205989314164e-16,5.56771338947293e-17,4.16829941706221e-17,1.65497450456392e-16,2.7453606484953e-17,1.10816870580724e-17,9.97730012196998e-17,-6.5020118908689e-18,-1.88068275247586e-16,-3.18385833933974e-06,3.77101388305571e-07,5.81419188315491e-17,7.88924085237439e-17,-1.1917502501648e-17,-1.27487106748292e-17,2.4180418951858e-16,2.5257730726077e-16,9.25581286023899e-17,-3.3110951299626e-17,-4.73420533684317e-09,1.86037977945519e-16,1.5210185631219e-16,1.37658584129916e-17,1.4984366862228e-16,6.05985726951347e-09,6.63688954482923e-17,-6.6257329448892e-09,-1.33341179162181e-16,-1.48229848865815e-17,5.31183887518377e-17,-1.6934808166447e-16,6.9941323295593e-17,-5.28870892707985e-17,9.63797874505046e-18,1.5140675030628e-16,-3.27049968651229e-17,-1.67084774375387e-16,2.21829332819257e-17,6.56401415811301e-17,-4.60909750378998e-18,-2.97038692966308e-17,-1.69267197316159e-17,-1.20887321219975e-16,-1.42138743514344e-17,1.24651170562167e-16,-1.64389121834289e-16,-1.48122168618079e-16,5.82216566624716e-17,-1.5727745768065e-17,2.35828446781072e-17,-2.62248723476375e-16,1.42657262505971e-14,4.56499557382996e-10,1.54002110368844e-17,-4.27101545932689e-17,1.05191319120744e-16,-6.80247741788007e-17,-3.7129402169641e-17,3.79709909518531e-17,1.80225246191344e-16,1.34253360481111e-17,1.41673295361447e-16,-2.05420313891468e-17,-2.44867060655851e-16,-6.63113605662674e-17,3.43785263516548e-17,-7.50210612593105e-18,-4.14815163471814e-18,-8.09866822020476e-20,1.14146593684005e-17,-5.87163405532999e-09,6.05041790649959e-17,-9.24151475501256e-18,7.36387089350586e-17,-7.82461650597598e-17,7.97943080760506e-18,-9.72251742764222e-17,-3.02581221183503e-17,-5.71207875302076e-17,-4.01533592539994e-18,1.24332548601308e-09,1.51475533741986e-16,-6.85520621334289e-18,1.93033052568189e-18,-1.70011637923535e-17,7.24154069913168e-18,-1.18746411467939e-16,-2.4073402749268e-17,6.66418846755033e-17,9.42441982686145e-19,3.9488580248237e-16,-5.80316865024751e-17,-9.93270673266329e-18,-9.03226171256056e-17,6.26918364067036e-09,2.08896277441866e-17,-7.59006548592771e-18,-1.78854035808884e-16,-6.87140231867001e-16,-1.88650845373564e-08,6.88287162715363e-17,1.09649201647209e-17,2.05249580378571e-17,-1.30199586070299e-17,8.10572678393102e-17,8.0137446424449e-17,1.15279937295905e-16,2.44762549300788e-17,4.45188606977112e-17,2.19317465186752e-16,-3.83544151776759e-18,5.14665676807334e-17,-7.87742566519422e-17,-2.94209529462905e-17,-2.87074464774646e-17,6.34895612289797e-17,-1.55264098291622e-16
"t176",-0.0362817499548588,-0.00950404100250682,0.00119662924713393,-0.103757812936153,0.0204229679076356,-0.00425459801721443,0.0227846528989797,0.00036732661579157,0.000129388696210117,-0.000452858562656879,-0.000207923393139734,0.0846121613498434,0.0338731534218683,-0.00256167726602526,-0.000202680093922698,-1.3211268972934e-05,-9.96363082455691e-06,0.000146445690675938,-9.41030860196886e-06,1.45662278488528e-05,-0.000363957881566869,8.16813855711784e-05,-0.000175914023281989,0.00402681709440923,0.00120767811625248,6.06916874552573e-07,-3.32694358603627e-06,4.26799573253889e-06,-8.83560473222472e-05,-0.000444311684712535,2.37837000833666e-06,-6.04913536550058e-06,0.00472308144291408,5.68948417093865e-05,-1.26916368602866e-06,3.34714019848347e-06,0.000316180895800371,-1.25950775541554e-06,-1.09675196531657e-05,-3.43594704717346e-06,-0.000224424240620571,3.74516108782237e-05,-0.0159292621214455,-9.45463573940339e-05,-0.000749452882879975,4.66375142436901e-05,-0.00012868113359914,0.00118426849224777,-0.0001818732530751,0.000631898776924609,-0.310342774328428,-0.000935040179156506,1.14110312737588e-06,-0.00124065291490713,3.39263890159554e-05,-0.000332151315922657,5.97199984157862e-06,-0.000352899116619425,0.000118102516442616,-0.000100315409108416,-7.64566501563229e-05,1.12230002835878e-05,-0.000353856164807971,0.000186982451419966,-1.32724105678494e-05,0.0101390977728931,-1.22490409462169e-06,4.17298992017134e-05,-0.000111762119847626,4.21671636796017e-05,-4.19058245011238e-05,5.81815051050315e-05,-2.58596595638141e-06,-0.000185017483307931,7.66648225542681e-05,7.22918813840816e-08,-0.000401464421828991,7.19371086757854e-06,-2.42927096034988e-05,-2.77331296526675e-05,7.7697165154276e-06,0.000115286428022115,-1.34305086312765e-05,-8.30174075230979e-05,4.8419433852607e-06,0.00102554048165634,-6.21972861420847e-05,-1.1140170826626e-06,-3.64696898708512e-07,9.5124313897613e-05,-2.3351237520142e-06,5.62677266279692e-07,5.0439060067239e-06,-0.0005060105711501,-1.75479388933406e-07,-5.66894296332192e-05,-1.28154789789051e-05,3.09105994167899e-05,-4.63291556673536e-05,-1.17629936541971e-05,-2.42624676995792e-06,1.93736641748309e-06,-3.28061535663061e-06,8.74825622482609e-07,-3.74292480464554e-07,6.84299129362573e-06,-2.30559003464315e-05,0.00175298975492895,-2.24153930847362e-06,5.81312650694383e-07,2.56459584507897e-06,5.85416692607404e-06,-9.79949221293086e-06,7.12395403660507e-06,-3.43806623722063e-08,1.15966441416851e-06,-1.60391293023204e-06,1.38553278875071e-06,-1.09430937579624e-06,2.11264250760388e-06,-6.65743445544071e-06,5.54724362902425e-07,1.36473220812499e-07,4.45514180536326e-07,-2.31541439297021e-07,8.20163169631763e-06,-8.84153717716656e-07,4.49819679340035e-07,-1.81278426625145e-06,-6.01190240171881e-05,1.98164595838483e-06,-7.88825404420583e-06,1.62698618027643e-05,2.0584839927598e-06,-8.48161289886969e-07,-3.98865265185983e-06,2.94537021007024e-08,2.32317309094735e-05,-8.83448749357985e-06,2.55500574916308e-05,1.68707459011047e-06,6.64076997043316e-05,-1.33251691313998e-05,-8.5903168908099e-07,-2.71047611034696e-06,1.82998446126736e-07,9.68199753381666e-06,-1.67027787265046e-06,-1.12526706083001e-07,2.96567039502401e-07,4.63257790985128e-05,1.41582267300836e-06,3.08051577707726e-05,-1.17327440049989e-05,4.04003418861549e-06,3.61671795166877e-07,-5.53292061112833e-06,0.000884313405062997,3.06331724507965e-06,1.04884153149588e-06,0.00100398850346317,-1.25482878250669e-05,2.35153155148113e-05,0.0238509622596834,-8.55247002096246e-05,0.0151472804718614,-0.000327516218832815,-6.26802448299393e-06,-0.000321454031714858,-0.000798753357015524,0.500302255882884,-0.0137493462488945,9.24353211519615e-05,2.48304458296897e-05,-0.203944035824984,1.08036039400393e-05,0.0011016239047509,-0.000128968430882968,-7.31601807938786e-05,-0.0024251679714258,0.00168992423839265,0.0454194619240707,7.97961253492792e-05,1.10254942332864e-06,4.55537252604098e-07,-4.25308229114427e-06,-5.8722126246309e-05,1.69069717825904e-05,7.60050884363445e-05,-0.000663687877148027,-1.86983133863527e-06,3.28149657786661e-06,1.28180910320023e-05,2.57689143600784e-07,2.09390798119662e-06,-2.79454441119782e-06,-5.09064278358732e-06,-2.51981746146583e-05,2.92137667853557e-06,1.14451242574943e-06,1.13768363723776e-06,0.00018346040919635,-2.9071827984583e-08,-5.33615577993443e-05,-7.34789519469164e-06,-0.00025441118151284,4.58002677746174e-06,0.000169239081368615,-3.38469543354606e-05,-2.44184851278769e-06,-0.000228433627984111,0.00792789120782961,-0.000862683695480338,-8.55998594747486e-06,-5.42595805820148e-06,-6.51757558652468e-06,9.59462012388146e-06,8.30734980639422e-07,-1.49553105011369e-06,-7.34131061305223e-06,-3.98397211411459e-05,0.000316796730663661,1.21753123251994e-05,3.92155554573051e-05,-9.87827796397348e-06,-5.04269145802729e-06,-5.31823834656764e-05,-3.64941371395976e-06,-5.71783035512427e-06,-4.5967347152822e-06,0.000100521755621339,0.00627652773808366,1.38287884277275e-06,2.35004065099481e-06,-1.28064724868224e-07,-2.10239162088625e-06,-1.09037897550941e-05,2.48668284949312e-16,-1.63683504460494e-06,0.000122991844901257,-3.48112180966231e-06,-6.29803544107826e-05,-1.01515248876448e-05,1.21391542272285e-05,-2.00198064577213e-06,7.30600852524558e-05,-1.6708286417107e-07,1.13565913830883e-08,-0.00520450650775804,2.46975180450005e-05,-7.84267830811317e-07,0.000107703566115746,-5.08051197866248e-06,2.02308550858624e-06,-1.34833439819853e-07,1.04724220056268e-05,-1.03166580686487e-05,0.000102277575952869,3.45403028062858e-06,-6.95806597764586e-07,1.66043654107039e-05,-3.37295827531694e-06,0.000404314245614077,-0.0053527325945724,1.63347139510054e-06,-5.67982226758263e-07,1.41121225725886e-06,6.36718139194633e-05,-0.000231722285655868,1.01907207259875e-06,4.20375832868336e-07,-1.07263481464407e-06,0.00264009204212805,-0.000520614058874669,0.000256520840142367,-0.292563573535568,-0.00113133197105556,7.10947102874317e-05,-4.7023173170816e-05,0.00045754211529562,-7.08699843519379e-06,-9.94141974576998e-17,1.24713135695516e-05,4.10707792108421e-07,5.41322111603125e-09,3.60569861990729e-05,-3.26139135354177e-07,1.84437084355668e-07,4.12609743102715e-06,-2.76506906858893e-07,2.13302110064567e-06,-5.53886157310193e-06,-1.75299318024956e-07,1.03228916519304e-07,-1.23984088344826e-06,1.4262040323444e-06,-4.25835761646181e-05,2.56927883909603e-07,-1.83522224795517e-06,-8.90622287812228e-09,-1.47741981993037e-05,7.66228304551948e-08,-3.56356388007078e-06,1.4600437046681e-07,-3.86634615623614e-07,5.76594499367578e-07,-2.15180202049818e-06,1.641639722389e-07,1.5023775580946e-07,1.17890807608594e-06,-5.83683530001407e-05,-1.65296834684296e-07,4.14051781699856e-05,-9.4903254589298e-07,2.37992008523922e-08,2.2652485573206e-07,-4.59331509665188e-07,1.15235092327058e-17,1.65272547921739e-09,1.12571110943833e-05,-6.49344164633966e-07,4.78963939162355e-07,1.25159292686517e-05,1.25432409118094e-07,2.93340186417201e-07,-4.32983419339902e-06,1.63580435847193e-06,-4.72316663598116e-16,-1.29443768562813e-06,-1.5836140688324e-08,-4.46066916455703e-08,2.37089634179598e-06,3.41207641855421e-07,-2.32278840338175e-08,-8.9918955803566e-07,2.41945373640096e-07,-0.000233785416905007,1.52229446388818e-06,-3.12196537209848e-07,-5.66837512318154e-07,-3.00382821119693e-08,-2.9759751551279e-08,-5.68026024004976e-07,3.80595409620226e-06,-6.1837263368301e-07,-8.0452469309601e-17,-1.27523711195233e-05,1.00325959943393e-06,8.39712509931274e-07,2.54951769000112e-07,-1.19688493286361e-06,-2.54520678284181e-06,0.000235234783037181,-4.59773913543815e-05,-2.14549185294106e-07,2.07984548951297e-16,-4.00830229715025e-07,-1.78048654800208e-06,-5.09458749319665e-07,2.29777744648592e-16,9.62323307061052e-07,9.68490794565019e-06,-1.47711698701234e-06,-7.85575135156406e-07,-2.61818944056173e-07,-1.40037986083883e-07,-5.00612474792127e-06,1.39490634021703e-07,1.4822708554047e-06,6.91909215001733e-07,3.03798762713245e-07,3.06389619733815e-06,7.99120349899557e-17,-1.21425583909601e-06,5.69899007525007e-07,3.68659492563671e-06,-3.71404905543657e-07,-2.91047491856062e-17,-3.60200285580615e-07,4.65296544616923e-07,-1.6129321762138e-07,-1.4344761103791e-07,-3.63097794066262e-07,2.68422649345537e-06,-5.11920027429631e-06,7.23536675515512e-07,1.3401633345061e-16,3.04164576536335e-06,-4.39324687625042e-06,0.00256999277222087,2.40354364315749e-06,-2.49304449518449e-07,-1.76524645600208e-09,-2.81892564846231e-17,-2.94578766866135e-17,-1.88665523105358e-09,-1.72139749253222e-06,2.27392098081525e-07,-3.32746561944495e-07,1.12127815140468e-15,-1.5992645468513e-07,-1.89471956773208e-09,-2.37097110359486e-16,2.84599070350863e-17,1.65423467739214e-16,4.04105618802577e-07,1.1923161124365e-06,-1.72554919157519e-06,1.01939101900884e-06,5.08173322784043e-07,1.04590348339735e-06,-5.03510030518854e-06,-3.17549198743471e-16,-1.10115063508911e-06,1.940249209216e-06,4.48612858109607e-16,-1.70251920690229e-16,-1.93936665923322e-06,-9.41561597325062e-11,-7.18966932989799e-07,5.61452530848583e-07,7.07731136180105e-07,-3.8056635926445e-08,-1.28569471990363e-16,-1.2793700859837e-07,-3.69716666802657e-16,-4.35553978656045e-07,-5.15504251698967e-16,-7.91201717873627e-07,1.04407539747593e-16,6.17958622631428e-07,8.54675665969287e-07,5.10767346684611e-08,6.74581253848839e-07,6.58744094185041e-05,-2.64045844002281e-07,4.78260400721864e-05,8.3224510914187e-08,4.04844274164021e-07,3.72927145342138e-08,5.83567111311261e-07,-2.61303920215444e-06,-4.04253526338905e-07,-3.27834103824526e-08,-7.83165537203069e-07,3.2114138507615e-17,1.16605836504385e-05,-2.00806609831149e-06,1.23959641298133e-07,1.21232657953999e-15,1.63942170298387e-08,4.4375738930534e-07,1.58680277855744e-06,-1.01554833587301e-16,-4.25223223905916e-06,-2.04114205751532e-07,1.68398981070749e-16,-2.69640750246031e-07,4.16829062516486e-06,6.38600005864594e-17,-9.03259569412156e-17,-2.43239642599545e-07,-1.18199923933046e-07,-6.73561811689465e-10,-9.34705198079607e-07,2.48303185865886e-07,8.06303030455572e-07,7.03628312802373e-08,8.60956186684912e-07,-1.46112990524238e-06,1.86970664645125e-16,5.80887335481356e-05,2.07464572195348e-09,5.72770655232704e-09,5.36245992774715e-07,5.34813157281098e-16,2.59715862896427e-16,1.7650406817247e-07,1.29374448684995e-16,7.74237725946957e-16,1.12930426774438e-06,-1.9257799101509e-06,-0.000412991522354547,-1.50494669828867e-08,0.000102531352607196,-2.75661506584583e-07,3.55571626285472e-08,-2.95571937853658e-16,9.58138947372447e-08,4.48791120597946e-09,2.06113027887182e-08,-2.31402768941406e-06,0.000163791463927108,4.92360618958043e-16,9.31581442235198e-17,3.79891324600029e-16,-7.14184209162495e-08,-6.42168839380644e-05,-1.99396920322694e-07,9.4885898029347e-16,-2.91442247230354e-07,1.94346423144398e-15,1.44841704745606e-16,4.31180730170257e-06,-9.46737895997331e-08,-1.90207008129994e-15,-2.32929085526228e-07,-1.33013369382156e-06,3.96311579333416e-15,3.59678974754542e-07,1.30697861984154e-14,9.60295604649928e-08,5.50793795338724e-16,9.5807777057745e-08,8.29324334093132e-07,3.32007242716448e-07,2.82484095169482e-08,1.93938266922919e-07,-6.72314298997977e-07,2.67493490771395e-07,-0.707106781186547,1.21948539420365e-05,-1.96866597240047e-05,3.57883980785081e-14,-9.05787270164983e-08,-2.65803167677513e-07,4.28889395122879e-07,-7.23713217729597e-15,1.98146272134679e-07,2.89412180332616e-06,-1.93468769721528e-15,-6.54363261923534e-07,-1.44741282293233e-07,-8.32630411061481e-08,2.65540901734566e-15,-7.78574206366699e-16,1.34701449793463e-07,4.12399846280148e-08,3.33644813252835e-09,-3.71881182949377e-07,2.44365386161494e-08,9.1015323135995e-16,6.86818357526251e-16,8.9228823794988e-08,6.15069757361708e-10,-2.5604737646487e-15,2.1587773491407e-07,1.00605084877215e-15,0.000203079496160127,-4.11374835061821e-08,-2.40386351832785e-08,-1.59411767340297e-07,-4.26970358243686e-15,-4.97404485010902e-16,2.358432284398e-15,-7.14204901000808e-16,-1.41354549483255e-07,-3.0805198407112e-07,3.75590102529444e-16,-2.62407411858423e-16,-7.83067541975864e-17,1.22811077841057e-05,3.89511833588395e-09,-5.47754468130888e-07,4.77939936856468e-17,1.27549609329342e-16,-1.50399170114474e-16,-1.33039980434239e-06,7.38023368721811e-05,2.15419626298754e-16,4.93590316219663e-08,-2.05472161339594e-06,3.08388678988984e-16,6.54752520498831e-16,-1.28786475518897e-07,-1.3194821577809e-09,-6.37972264997659e-08,-5.81419061739884e-16,7.17789720363384e-08,1.04527408478061e-07,1.12147697752848e-07,-1.02217799708695e-07,-3.64084410959538e-07,3.10121222749351e-08,5.52214741433511e-16,5.29621386642271e-16,1.92637376862924e-17,5.90250172110523e-07,-1.50762603448362e-05,-2.90418728692842e-08,-2.28499656012213e-08,9.7865294311046e-17,1.57289473603267e-16,1.27027464295747e-16,-3.48314482088345e-16,-4.70351846196097e-16,1.20072680245616e-06,-4.63766810948792e-17,-1.19850379731771e-16,-1.76526889455649e-08,-7.92402923253354e-17,-1.58021207639316e-08,-1.49810584688464e-16,-1.95909883179161e-08,-7.7892181610358e-17,-2.37256232107899e-08,-2.96932206055611e-09,-1.87422331169266e-06,1.80390883113751e-17,9.53085157791091e-08,-7.76393968713949e-16,1.35248832947962e-07,-2.61809971671709e-06,1.3158662918179e-09,1.11816878338692e-16,1.92015480278595e-07,4.00747307730105e-16,-4.71965546623792e-08,-2.66396047999289e-07,-7.56904782762877e-16,-2.10283231766398e-16,4.47584279293832e-16,1.9255269977509e-16,-8.9431853131361e-10,-1.16459230611773e-08,-2.60051128872989e-09,1.36322855890512e-16,3.92998756417963e-17,-3.02409400118626e-07,1.55105624213901e-06,-1.37753907021469e-16,6.53978706488156e-17,-1.18529769004181e-08,9.26664086066104e-16,-8.40009421602725e-08,-7.45951509457165e-17,7.93141235040154e-07,-9.51949975981872e-17,-6.38217584562679e-17,-2.68432155628593e-16,-3.75820529270476e-16,-7.1679812114691e-16,6.57025652221588e-16,1.05368711372557e-07,-7.36905342430364e-07,6.57249252644353e-17,-7.07462523010175e-08,2.69118016917555e-07,1.28584378265941e-16,-1.34154947792555e-16,-1.8350812021716e-16,-3.29633458099656e-16,2.65346700776764e-08,4.24365161824638e-09,-2.23266838232436e-16,-1.23982022967358e-15,-4.81913422791782e-08,-1.71908980622151e-07,-2.86130579668669e-08,9.83163111871501e-18,-1.28399940820245e-17,2.35740350795332e-16,3.63687975694816e-16,-1.80435015792523e-17,3.47865282887852e-16,1.01587148613182e-07,-9.60864291488668e-08,-1.84765072455139e-08,-1.33442462217188e-16,2.87617619790231e-16,-1.99965393648827e-16,5.22531789613293e-17,-1.61384119790806e-16,-1.53324872335735e-16,-1.57086892260036e-16,-1.38318884686283e-16,2.6042094449372e-16,5.1222506522753e-19,9.66136334726946e-17,-1.28509666666129e-16,1.57273148054617e-16,1.52601478147698e-16,7.02953926381359e-08,1.1972131322515e-16,1.39381051007432e-16,-2.53975145810792e-16,0.000254581082089383,-1.69331187856303e-09,-5.89378086130329e-17,-2.5262475095493e-08,2.53690920132459e-05,-2.53388290141816e-17,-2.07862547724238e-16,-2.5204998695875e-07,-5.40112138135008e-17,5.71986932706172e-06,1.59469677988831e-18,1.4938026255131e-16,-7.39291172802168e-17,-2.77087881089432e-16,3.15062238266976e-09,-4.3264127792952e-07,2.25117953126795e-16,-5.97879872820502e-17,-1.97700677527258e-16,-3.32680350200338e-16,3.47256403319951e-16,1.21017531256658e-16,1.37855515454859e-16,1.06500775541622e-16,3.59118646220242e-08,-1.50787110494656e-16,6.00032852507921e-17,2.995076575539e-17,-3.68737187813966e-17,-3.11806762421135e-16,-1.71898540836271e-16,-1.02545050008909e-07,-1.56340615029775e-18,-1.62542720613747e-16,7.64493042616684e-08,1.67388226984759e-16,1.32048873494495e-16,3.08440089201263e-17,-3.07988475995681e-16,6.99159738827746e-07,-3.73953815897111e-17,-4.70087197554709e-08,-2.05854043137782e-16,-2.3835730045074e-17,-6.57124896596622e-17,3.36964529494338e-17,6.90335561171763e-17,1.89286913836193e-16,1.69806771686777e-09,-5.43509709830484e-16,-2.70140984809278e-16,6.61155350615486e-08,-2.11922493793567e-07,9.85889760803731e-20,1.48423128113277e-07,2.17369385595991e-08,-3.18658188042737e-16,2.7063200634571e-17,-1.20932065129334e-16,-1.45165374412679e-17,4.27420819523157e-17,-3.6473766974767e-08,1.12546982097757e-16,-7.88172839181558e-17,-4.44161726726635e-17,1.45984788379777e-08,2.1413590671539e-16,-2.39057150106486e-16,-7.6251861260973e-17,-1.31625896658496e-16,-6.64889812357718e-09,1.21656964387257e-16,2.1943422142638e-08,-1.383107817365e-16,2.05917092661482e-16,-8.78181212055866e-17,-7.77784149061155e-18,-6.20900931755589e-17,1.13061296670003e-16,1.42435463627347e-16,-2.39354616563617e-07,-3.77317883408465e-17,-8.70564300881865e-17,2.56210676247121e-05,-1.11538941381389e-16,-7.76781793285673e-18,3.44283491760143e-18,6.66239837814692e-17,-6.89883410336786e-17,-2.45166111414037e-16,-1.05630029744787e-07,-7.96304517466141e-18,-1.22684451676528e-16,6.07614516752187e-06,9.15497523860234e-17,-5.74561765596297e-17,-1.36161962969551e-16,-1.19096696263295e-16,-6.28955277334894e-17,-1.31573794091359e-16,-3.04519551482354e-17,-6.43486934415382e-17,-2.20445544033009e-16,1.5369498526352e-17,6.51953056403694e-17,-3.18385833935409e-06,3.77101388069852e-07,3.12261890960453e-17,-6.66535433009418e-17,-4.39499357162524e-17,4.04452367463698e-17,9.28890211276956e-17,-7.45309486574333e-17,-7.39636592339452e-17,8.67144677525305e-17,-4.73420540628865e-09,-2.62509479537934e-16,-2.41331622457571e-16,-1.01849173293895e-16,-5.08123012898054e-17,6.05985719877234e-09,1.27924710687163e-16,-6.62573329492372e-09,1.25165734363646e-16,-3.66966056859028e-17,-7.2184693868293e-17,1.99864272046276e-16,-2.93070271003196e-17,3.91382992855046e-16,-2.14858115284023e-17,-6.34503197140073e-17,1.01882240201924e-17,1.65912546270127e-16,4.37383421506791e-17,-6.80265756719467e-17,-5.18642510878196e-17,-4.00164597602542e-17,-1.04573242718674e-17,5.46967356792792e-17,5.60364371812174e-17,-1.43856256807803e-16,1.39885866051164e-16,1.45528218805982e-16,1.70734737112155e-16,-1.57612191625373e-18,-2.68195295035425e-18,2.1740350119303e-16,1.43973754484636e-14,4.56499500197233e-10,2.97542544428543e-17,-3.60965213411078e-17,-1.00386530252266e-16,-4.81364983067955e-17,6.78309594307726e-17,-4.0627635468582e-17,-2.74475057036049e-17,-2.1141996810005e-17,-7.95128514907626e-17,4.5004649452689e-17,-2.75116301268197e-16,9.99530849849618e-17,-6.49560676083661e-17,-4.83502288353822e-17,-4.98478258345819e-17,-4.80640524526414e-17,-7.7677653136792e-17,-5.8716340945168e-09,-3.035011745761e-17,-5.69557107175729e-18,1.47192280982722e-17,-1.42804438734618e-16,6.60840577108122e-17,-6.98928573506303e-17,3.51807167974527e-17,-3.00315472074322e-19,-5.84763643849789e-17,1.24332556134387e-09,2.3040545189893e-16,-1.91181315012426e-17,-1.29365316071606e-17,4.62097629254231e-17,-2.22580873594605e-17,1.39939054752765e-17,-3.75938792076251e-17,-2.1550365507546e-18,-1.22591027343889e-17,-5.24693526048984e-17,-2.75000498103962e-17,5.38684731534526e-17,6.62694783305503e-18,6.26918357969764e-09,-5.37639536251291e-17,4.84456176757724e-17,7.43409922057145e-18,-3.89743575954227e-16,-1.8865084315166e-08,-1.76180797047985e-17,3.01064948626915e-17,6.00200185718277e-18,1.01920278109718e-16,-2.9039486913336e-17,1.04009888089917e-17,6.96901953553553e-17,3.68539918052138e-17,4.79861164727753e-17,-3.80939752020003e-17,-7.69844018748491e-18,4.8334059822345e-17,-7.06497557804578e-17,-3.29480852396346e-17,2.67518156969624e-17,8.83332421700661e-17,-2.37549419273683e-16
"t383",-0.0362385815728514,-0.00948019389656008,0.00119352947802424,-0.103397425747141,0.020336081969846,-0.00423335464962644,0.0226686490354049,0.000365307307529681,0.000128548247405683,-0.000449289541653618,-0.000205842518786891,0.083567797847609,0.0334427664967799,-0.00252863369306402,-0.000199951088269292,-1.30228245983431e-05,-9.81809594935768e-06,0.000144267614087956,-9.26708870277058e-06,1.43252514607068e-05,-0.000357441366725104,7.99133625529234e-05,-0.000171890648602677,0.00393418719885757,0.00117978708564086,5.92224452601711e-07,-3.24544048132714e-06,4.16248942310513e-06,-8.61125556604949e-05,-0.000430959525989733,2.30207736790146e-06,-5.84611752682549e-06,0.00455291666824254,5.47459605771623e-05,-1.21873120686668e-06,3.20327798127288e-06,0.000302415067946107,-1.203780519015e-06,-1.04788845516417e-05,-3.28053495047367e-06,-0.000213974587858213,3.56644889238714e-05,-0.0151575321852264,-8.9960114295379e-05,-0.000712448008530803,4.4183710735147e-05,-0.000121781752185927,0.00112021228075356,-0.000171793654016668,0.000595960873843098,-0.292086679873238,-0.000879178399300201,1.07277699477158e-06,-0.00116493997106833,3.17789427417865e-05,-0.000311012244800259,5.554228807108e-06,-0.000327593138708851,0.000109608742721505,-9.26637022637895e-05,-7.03691743415919e-05,1.03106745132151e-05,-0.000324609151344195,0.000171463641528377,-1.21368457371104e-05,0.00924808994880759,-1.11092091507786e-06,3.77485848366571e-05,-0.000100977007862797,3.80144746556777e-05,-3.73337709871153e-05,5.13523535414669e-05,-2.27910216159793e-06,-0.00016256788769093,6.73367034417516e-05,6.34118263159731e-08,-0.000351964024958589,6.29030000735874e-06,-2.11153514965697e-05,-2.40468876913143e-05,6.70861241990314e-06,9.94501583408659e-05,-1.15069810636786e-05,-7.09797850745437e-05,4.10253095742893e-06,0.000866749693624419,-5.24325609078499e-05,-9.38730007647332e-07,-3.07279563582684e-07,8.01261666500042e-05,-1.96501640423565e-06,4.69061943214567e-07,4.20104943557617e-06,-0.00041895538179575,-1.43777532662568e-07,-4.63736569953255e-05,-1.04826610221733e-05,2.51804862785605e-05,-3.76829710730608e-05,-9.51195090148291e-06,-1.95249155781438e-06,1.55839704650669e-06,-2.63760590489503e-06,6.87654176992813e-07,-2.93698108363719e-07,5.36219515870263e-06,-1.80226268632618e-05,0.00136936141889742,-1.74886836835828e-06,4.52707936807309e-07,1.99602064828451e-06,4.53989181127099e-06,-7.59619585992199e-06,5.46926495388326e-06,-2.63400875284352e-08,8.84377065128708e-07,-1.22062599562857e-06,1.04836956916378e-06,-8.23373682751682e-07,1.58277644500807e-06,-4.97546897800753e-06,4.11032486652129e-07,1.00553298736938e-07,3.28182930805754e-07,-1.70422930381309e-07,6.00127172362464e-06,-6.46631263138964e-07,3.27294321007884e-07,-1.29936279143814e-06,-4.3084622726008e-05,1.41839418727954e-06,-5.58783037351732e-06,1.15013938199736e-05,1.45299079696352e-06,-5.9498198808716e-07,-2.79560339223983e-06,2.03690498077605e-08,1.58891963694184e-05,-5.94905538373606e-06,1.71974662420847e-05,1.13247034610103e-06,4.45150453238617e-05,-8.91221129315659e-06,-5.74047673763727e-07,-1.81125395795524e-06,1.21529435678582e-07,6.34911934127491e-06,-1.08095678621537e-06,-7.2580890705308e-08,1.89867496781066e-07,2.96408474929475e-05,9.03288821083339e-07,1.96201411845806e-05,-7.45820343183213e-06,2.521826729299e-06,2.25088619166651e-07,-3.43616384577215e-06,0.00052209882674198,1.78505256812402e-06,6.09934458172624e-07,0.000577226557409109,-7.19734511175977e-06,1.32857288457936e-05,0.0134502725592785,-4.75020591051955e-05,0.00828690410447794,-0.000171072570531181,-3.26841417004054e-06,-0.00016754619655163,-0.00041355804518995,0.256996035238441,-0.00705468926412922,4.66751661873606e-05,1.2474129305774e-05,-0.101313213408812,5.35194710038884e-06,0.000544945615946941,-6.20868623414286e-05,-3.41968467641544e-05,-0.00112766704827854,0.000781845331132203,0.0206977841624882,3.61481542692006e-05,4.96538952409593e-07,2.0400996105573e-07,-1.86858545489947e-06,-2.56747615876726e-05,7.07714251633301e-06,3.1767665279822e-05,-0.00027318048953282,-7.36325951396745e-07,1.24250458401178e-06,4.78536833605132e-06,9.41457649454923e-08,7.52404194302128e-07,-9.53278062935349e-07,-1.71611656851889e-06,-8.27890852628163e-06,9.47194754384979e-07,3.31960877286807e-07,3.28105878489069e-07,5.01602084482883e-05,-7.51182979079296e-09,-1.1798895343271e-05,-1.62341767914927e-06,-5.53108177181485e-05,9.4585244563783e-07,3.36561841134688e-05,-6.03176085231674e-06,-3.70902019924674e-07,-2.97222642443763e-05,0.000977300200656827,-7.91158273604958e-05,-6.30601016311625e-07,-3.97112793398115e-07,-3.83647390040374e-07,2.05722899494176e-07,1.16880403315491e-08,3.93497639971249e-08,4.06186001303009e-07,2.61273920532968e-06,-3.45507135211508e-05,-1.4575457231923e-06,-5.15765250434708e-06,1.66397175317063e-06,8.87908672032667e-07,9.46423874560632e-06,8.04380238598128e-07,1.41285577940656e-06,1.27618716379215e-06,-2.93311169719047e-05,-0.00192476288728522,-4.43611473041578e-07,-7.63350764779014e-07,4.64708428788468e-08,8.142377557533e-07,4.5185344487408e-06,-2.99699014398821e-17,7.43955519293625e-07,-5.69088664070545e-05,1.81386332971968e-06,3.57819721182032e-05,6.17645046036868e-06,-7.41565944993693e-06,1.38066860539135e-06,-5.1390956327736e-05,1.18594635351521e-07,-8.4129982317962e-09,0.00396693338124872,-1.98140855813618e-05,6.43447853384985e-07,-8.91804041233995e-05,4.42134405494829e-06,-2.15107782148101e-06,1.53526286021948e-07,-1.26151143573756e-05,1.40203531688095e-05,-0.000140182799330799,-5.14439739342585e-06,1.08546626804426e-06,-2.76677584141325e-05,5.7402140334504e-06,-0.000703458590619471,0.00960318145720589,-3.06685959466919e-06,1.07194283452033e-06,-2.99098495145701e-06,-0.000135310018841461,0.000493917451401679,-2.24215740307811e-06,-9.35923051010006e-07,2.48009628677749e-06,-0.00614749944222805,0.0015314268024266,-0.000774868880743224,0.902658637463036,0.0036662994011225,-0.00023976251081091,0.000173862026852073,-0.00173857727727784,2.75236046511561e-05,4.55750311715838e-16,-5.22867778306737e-05,-1.73967672539295e-06,-2.37161136331586e-08,-0.000171460017811894,1.668323961897e-06,-9.77655830280196e-07,-2.22654403661435e-05,1.9108204342648e-06,-1.49967503888099e-05,3.91253715379801e-05,1.3431390182798e-06,-1.02341607701248e-06,1.29178740679134e-05,-1.53983951206098e-05,0.000520785058720906,-5.93196020490696e-06,6.45243113316372e-05,3.22732846250105e-07,0.000540292967247809,1.16925599900405e-05,-8.59237666226917e-05,3.19900758557077e-06,-7.48852871276015e-06,9.8174481952237e-06,-3.53472445197144e-05,2.10049178835343e-06,1.89186843940712e-06,1.44292176756804e-05,-0.00070105564904688,-1.87191849876488e-06,0.000441547012406152,-9.61221439964886e-06,2.35945774428267e-07,2.16876080756891e-06,-4.10420226628312e-06,1.78809144698042e-16,1.08054952114206e-08,7.18538188996318e-05,-4.00562081570168e-06,2.95169944304663e-06,7.70519828975249e-05,7.66019564533477e-07,1.76502758032589e-06,-2.56092577217459e-05,9.3583661190059e-06,2.60183328102602e-16,-6.90915669784031e-06,-8.385219620149e-08,-2.32268618819771e-07,1.23211485882053e-05,1.70531052841135e-06,-1.13758433734573e-07,-4.28522731832593e-06,1.13257290722344e-06,-0.00105516482342388,6.66008692183696e-06,-1.34045246534556e-06,-2.40900475189297e-06,-1.26866006966428e-07,-1.24331056678457e-07,-2.37031252801993e-06,1.57629250724598e-05,-2.5464117269271e-06,-8.11759214597428e-16,-5.04281321363493e-05,3.93601338321978e-06,3.29412757211356e-06,9.78724186276093e-07,-4.58012822584873e-06,-9.38826805735412e-06,0.000859194931041019,-0.000167611759247341,-7.76574408738249e-07,-1.2600532874218e-16,-1.43928923349919e-06,-6.37461763071463e-06,-1.80451710140868e-06,6.36438069316522e-16,3.37040028118852e-06,3.3831802343401e-05,-5.15301852671573e-06,-2.73298690882528e-06,-9.0670360738683e-07,-4.83321596636727e-07,-1.72325277094181e-05,4.76494291672099e-07,5.05882613902659e-06,2.34924109595184e-06,1.02235157368214e-06,1.03060874520453e-05,-2.16111098833412e-16,-4.01663393384704e-06,1.87985485541922e-06,1.2086196796449e-05,-1.20661924523957e-06,8.42594665993981e-17,-1.14854854053562e-06,1.45474660340626e-06,-5.00047494620237e-07,-4.43014765143447e-07,-1.11628700228797e-06,8.18455684994482e-06,-1.5409762932347e-05,2.11507190541809e-06,1.61407236533652e-16,8.68671395823535e-06,-1.2522632086044e-05,0.00729653178752386,6.78719668036973e-06,-7.03704951006385e-07,-4.97523840537559e-09,4.33680868994202e-17,-7.3022049235451e-17,-5.27262668223287e-09,-4.77668206736499e-06,6.30438295575489e-07,-9.16857305035918e-07,2.67431975786029e-15,-4.35001514586765e-07,-5.12535040901138e-09,5.43103418026115e-17,-7.87848481270491e-17,-8.37051449374902e-17,1.07537714436612e-06,3.16657064212981e-06,-4.55188700005409e-06,2.67418734700259e-06,1.33224626472969e-06,2.72627839980965e-06,-1.31160672046307e-05,-6.75754857374134e-16,-2.83673084863246e-06,4.97957994861459e-06,4.73922199555796e-17,4.63802147243399e-16,-4.90770323641311e-06,-2.37498264842916e-10,-1.80580025659826e-06,1.40623530817722e-06,1.7633365316511e-06,-9.47404738342439e-08,-1.28356620561862e-15,-3.18133559669117e-07,1.89161612819119e-16,-1.07958398213677e-06,3.15258886704473e-16,-1.95653408988668e-06,-1.97642783528004e-17,1.52366281693359e-06,2.10608782105615e-06,1.24914096635042e-07,1.6471777988515e-06,0.000160745877873607,-6.42514754717272e-07,0.000116098267686997,2.00931269222581e-07,9.77380417618217e-07,8.98851520234112e-08,1.40239146985025e-06,-6.25516289020289e-06,-9.64625428722558e-07,-7.80342544286516e-08,-1.86192527583652e-06,-1.36383521600101e-17,2.76207038393783e-05,-4.74013462257962e-06,2.89871382284906e-07,2.78374436513127e-15,3.82362543215412e-08,1.03096533757733e-06,3.68056086756654e-06,9.29062804036049e-17,-9.85477583393237e-06,-4.71506691567301e-07,6.70626109917826e-17,-6.21890452245789e-07,9.52566486735294e-06,-1.60773280898601e-17,4.24780939287624e-17,-5.53948940287504e-07,-2.69103469871153e-07,-1.53129403259971e-09,-2.12145257464266e-06,5.61479004015667e-07,1.82268780827461e-06,1.5898772707098e-07,1.93608740953957e-06,-3.27326694914042e-06,6.00187217633663e-16,0.000129948080690239,4.63998607506971e-09,1.279929015075e-08,1.19709695051082e-06,-2.83946778101381e-17,9.09844909841993e-18,3.93479014460307e-07,-5.38038480473666e-17,6.42761842788448e-17,2.49643890633371e-06,-4.25110822247069e-06,-0.000911640889671937,-3.31190301662877e-08,0.000225546102547932,-6.06340770660368e-07,7.81668877915672e-08,-6.9896728868228e-17,2.09394116248845e-07,9.79589036080876e-09,4.49706109697542e-08,-5.03870458320903e-06,0.000355360848804954,-1.53820145007368e-16,-6.85490789317758e-17,2.09217214026829e-15,-1.5415943592183e-07,-0.000138313786107749,-4.29401209375395e-07,-4.31079051065025e-16,-6.26319108907382e-07,3.35290693485197e-16,-2.89057859455722e-17,9.18396599741715e-06,-2.01629007174622e-07,3.26290643809513e-16,-4.95015703758366e-07,-2.82327853092609e-06,6.59492329019163e-16,7.61523109449194e-07,1.16985449945997e-16,2.02708997117779e-07,-2.73310445525691e-16,2.0218677256742e-07,1.74979232750637e-06,7.00338793365672e-07,5.95680596501829e-08,4.08663450519195e-07,-1.41283123340386e-06,5.60010172218487e-07,-4.62691235346294e-16,2.5412765892659e-05,-4.1004822062973e-05,-1.00853342104888e-16,-1.88541409443639e-07,-5.52621816435837e-07,8.90743634082198e-07,2.0610704222726e-16,4.10048084790867e-07,5.98493073045125e-06,-1.79942210567095e-17,-1.35193178773458e-06,-2.98901621616453e-07,-1.71651602778948e-07,-1.37146998153245e-17,-4.9296806411459e-17,2.7658708175166e-07,8.45365682532691e-08,6.83691931286535e-09,-7.56534972498287e-07,4.96544576308692e-08,1.64702207580486e-17,2.69438340402938e-17,1.81165479862493e-07,1.24867756848823e-09,-1.58306483881199e-16,4.37671983801563e-07,-1.19300371063341e-16,0.000411191082074236,-8.31469586782054e-08,-4.85807221266879e-08,-3.22003546264335e-07,-5.73644239928995e-15,2.79037616593051e-17,2.05831663384641e-16,-6.11614119793799e-16,-2.84275636901666e-07,-6.19295843144681e-07,-5.65611713358375e-17,-2.11560220306249e-17,2.20994968995609e-17,2.46575541926154e-05,7.8161085676127e-09,-1.0974844790168e-06,-2.13031204252859e-17,-2.32852745331996e-16,6.27482007325986e-18,-2.65204918820825e-06,0.000147093637259072,-4.30604034230816e-17,9.81828901338415e-08,-4.08393320239495e-06,2.35651681117678e-17,-2.72998516528425e-18,-2.55498567908658e-07,-2.61732246424469e-09,-1.26410398855226e-07,6.0637656562928e-17,1.41968149950192e-07,2.06533946780483e-07,2.21284328094346e-07,-2.01311863028115e-07,-7.16681537299133e-07,6.09883303549224e-08,2.07540072094044e-17,1.22915384552947e-16,1.18311164624029e-16,1.15462474074312e-06,-2.94892129483021e-05,-5.67677945081241e-08,-4.45137736262231e-08,1.40807335567301e-17,2.77977376503586e-17,-1.39679455756712e-17,-1.71259624176236e-17,-1.35285702861496e-16,2.33092446532157e-06,2.14594403399513e-17,-1.65822914763333e-17,-3.42216540257515e-08,4.13289842675089e-17,-3.06318953775904e-08,-4.2383406113475e-17,-3.79718357035824e-08,1.22309334096496e-17,-4.58772004757108e-08,-5.73843072435107e-09,-3.61897545124451e-06,1.2100480886899e-16,1.83839805547414e-07,1.44222273769077e-17,2.60282285820717e-07,-5.02350006907233e-06,2.524503914181e-09,1.31860964691661e-16,3.67943204516547e-07,2.77034771328515e-16,-9.0268284108991e-08,-5.09462879963736e-07,2.70199839194251e-16,-4.53167981944184e-17,8.73854240528721e-17,-1.54128693078619e-17,-1.70766775048425e-09,-2.22283637264062e-08,-4.96119387107994e-09,4.2033599024162e-17,-6.41426272581106e-17,-5.75624946181373e-07,2.95208121514574e-06,4.46223781350864e-17,-1.75070061675123e-16,-2.24962833619897e-08,9.5590792422378e-16,-1.59334093612319e-07,8.90633597084041e-17,1.50185446484135e-06,-1.8633293551654e-18,-2.33771114188116e-16,-2.1588887407737e-17,-1.04242403488787e-16,-4.01989448008909e-17,1.16918373535178e-16,1.98830169402995e-07,-1.39047343168669e-06,-4.24387664426614e-17,-1.33331240545259e-07,5.06936125463609e-07,6.43516551180106e-17,1.56696324211873e-17,1.15972932427653e-17,6.04528136304243e-18,4.9875589068531e-08,7.97253470554541e-09,-3.18473745009145e-17,-2.41726507382896e-15,-9.04864602717864e-08,-3.22761444580164e-07,-5.37082629228098e-08,-2.90783629253906e-16,-2.31627395117189e-17,1.71026386343793e-17,-4.29525115291122e-17,-7.08364848461804e-17,6.37288187779334e-17,1.8993236183873e-07,-1.79581887776638e-07,-3.45192919268299e-08,5.40966075208398e-17,9.00506911276252e-18,-6.90060716565502e-19,-1.53321171027913e-16,-5.08482553773664e-17,-8.40100692048878e-17,2.7879309100627e-17,1.45627370760091e-18,2.07343088683462e-17,1.07096630166806e-17,1.0098276653204e-16,2.65284444672151e-17,-6.23462895477853e-17,2.75738377243061e-17,1.30532757296488e-07,3.97798874933179e-16,-1.3451954334462e-16,-1.13438560710559e-16,0.000472356790391207,-3.14123641473705e-09,1.11189981938558e-16,-4.68586487732271e-08,4.70101558695501e-05,2.15064221462289e-17,2.28347966666886e-16,-4.66490639375202e-07,8.82177940480369e-17,1.05704842012899e-05,-1.29059176219147e-16,-1.68553755316393e-17,4.21795368152094e-17,-9.55134005643355e-17,5.80884282812736e-09,-7.97540112892262e-07,2.67971861477262e-17,-1.0724212278801e-16,1.26904564674484e-16,-2.44244851838742e-16,-9.37834879199961e-18,4.17519819396644e-17,5.51193207701623e-18,1.28368689652773e-16,6.56672109562799e-08,-2.15160176536052e-17,1.15307101107692e-17,1.29543848781614e-18,-1.20291862087637e-16,5.13271798037277e-17,-1.22149304558538e-17,-1.87187148522626e-07,-1.91893175246181e-18,-5.22795349407305e-18,1.39507372932336e-07,5.35021619948835e-17,-1.06078130481712e-16,-1.44333737291781e-17,-3.01845331875887e-16,1.27112955630409e-06,-2.34366960761146e-17,-8.54091866240554e-08,-2.25406009176367e-17,-1.55818316740056e-18,-1.17710944669197e-16,-1.87675607815478e-16,-6.3539207110662e-17,-1.66934919624546e-16,3.08103211998149e-09,9.30608315099894e-17,1.537078953249e-17,1.19838621514796e-07,-3.84103057129635e-07,2.6695666522444e-18,2.68773983284573e-07,3.93516875103272e-08,1.41846910612547e-16,-1.39060068943372e-17,6.87417972817445e-17,-1.66743735508138e-17,4.33905510889488e-17,-6.57609048653382e-08,-4.30147874642148e-17,-1.91797622639791e-16,5.50723876487732e-17,2.62929331591649e-08,2.20723213857638e-16,3.59768623095925e-17,-1.0746160556034e-16,-1.96513660788845e-17,-1.19585827389156e-08,9.0511155989212e-17,3.9450178817631e-08,1.46679500747861e-17,3.64933334416929e-17,-1.06445075169981e-16,-1.47314492035321e-17,5.28621707660711e-17,6.56459754255029e-17,-2.98091861171303e-17,-4.29346027830174e-07,-4.51257543851558e-17,-6.95693981194233e-17,4.59325564929484e-05,-8.76791570208776e-17,3.59211243657896e-17,-7.9962770105525e-17,1.89154728242472e-17,1.0230757246298e-16,6.75361492483996e-18,-1.89038983737826e-07,8.28973988338449e-18,1.03125729817641e-17,1.08655744377258e-05,5.0906181202346e-17,6.08027050599933e-17,3.92046531175393e-17,9.48831102490346e-17,7.64549880014161e-17,-3.32738965101897e-17,-5.57698686902396e-18,5.24144529340983e-18,1.67394875033424e-16,-3.42746113016761e-18,-1.54211343368816e-17,-5.67713633176657e-06,6.72177730015613e-07,-1.40010279477963e-16,8.89052357757303e-17,5.1200090931183e-17,3.8820060251441e-17,8.44593492366208e-17,-5.02083952495494e-17,4.34502732114577e-17,-2.68526015713295e-17,-8.42352143228251e-09,3.25954575671226e-17,-1.69497610239083e-17,-3.66907058232201e-17,-6.57147513762092e-18,1.07658593574464e-08,5.47784154957052e-17,-1.17510838181864e-08,-1.37936747079144e-17,8.20439169826505e-18,-1.45540660329335e-17,8.65227491167037e-18,-9.91324119413568e-18,-2.83942304256395e-17,-5.53145419067212e-17,-1.91177454852923e-16,3.56704670366793e-17,-2.9715689031114e-18,-4.17201502259367e-17,-4.796410347437e-17,2.33883427760857e-16,1.36292545676906e-17,2.41102923805417e-17,1.86623535577677e-16,2.73749090003485e-17,2.89588555580131e-17,5.17234333264168e-19,4.30203631678185e-17,5.20417042793042e-17,-2.18000643353512e-18,-2.24561560112239e-16,-3.26878393148357e-18,2.51757674054988e-14,8.04584708371389e-10,-7.60553980094386e-17,-1.09138770842212e-17,1.22773822700845e-17,-1.97061046674522e-16,1.49599850421416e-17,2.86597521111259e-17,-2.05504033937895e-16,-9.81125281537064e-18,1.68436433540444e-17,-4.23051620454647e-17,-6.47539747516968e-17,-7.11528722152116e-18,3.18863405785504e-17,8.47263569687417e-17,-7.24682710874416e-17,-8.80952507393775e-18,-4.4763492533482e-17,-1.03057366024834e-08,8.03222557739776e-18,-2.54067046647079e-17,-2.3614515806699e-17,4.52100119818802e-17,4.68014207459517e-17,1.98496276087026e-16,-1.58048187213411e-17,3.45981303586581e-17,-1.22327635033408e-17,2.17297887970175e-09,-4.92777671783087e-17,3.67150237904767e-17,-3.89830171656959e-17,6.24073444399594e-17,-2.33836123702002e-17,1.30402155040818e-16,5.27570618380353e-19,7.52343382493124e-17,6.42399743561198e-18,-1.26290657092691e-16,4.2878886222897e-18,3.53419768226593e-17,-1.02014314858958e-16,1.09104706708104e-08,4.01022541924454e-18,-8.67933291104132e-17,-1.51352241112078e-16,-2.4624941842577e-16,-3.27673694894501e-08,-1.90212656449218e-17,9.12767574417066e-17,6.56027099137125e-17,-6.5855771661749e-17,-7.47373982605256e-17,9.89957666416214e-17,2.05821235169522e-16,-2.38690139908327e-18,-7.37843197189162e-17,2.41375307259786e-17,9.44267342164502e-17,4.79897035734327e-17,1.02585662663678e-16,1.02997830003071e-16,5.49554467696023e-17,5.14107864556217e-17,-3.44669265511012e-16
"t255",-0.0272991060451424,-0.00428624025406392,0.000516295925823974,-0.0219791407931378,0.000128103568944668,0.000840662553749216,-0.00513481167380614,-0.000125476589981722,-8.22761791213653e-05,0.00047552518386805,0.000321210142408947,-0.0220861723586269,0.0271242740888025,-0.00431415085798712,-0.0015167140866212,0.00297541582311066,0.000373127920254188,-0.00386459353716099,0.000198492394268356,-0.000249796543345081,0.00671223919370691,-0.00218454658896722,0.00203288308797297,-0.0216078790093195,0.000375196615242019,-0.00130936006142523,0.00185906887801964,-0.00194485301146214,0.0458219781155527,-0.0590656130058345,0.000240496773734742,-0.000570587836065984,0.485943309094,0.00771354995854364,-0.000468220700737761,-0.000299029050872694,-0.021594145319501,6.41486130648686e-05,0.000497299778474041,0.000122553274311093,0.00513992314928603,-0.000532562809920941,0.012851033171416,-0.000328026813600212,0.0133305899223549,-0.000286864408547753,0.000596173602670594,-0.00476277185967653,0.000467777125946834,-0.000841870766067952,0.0159662524551561,-0.00040912407031574,5.75542000838357e-07,-0.00127767980796821,6.35457882614947e-05,-0.000658658079398669,2.04713025332437e-05,-0.00130467805000844,0.000440107556161566,-0.000424125097781498,-0.000343011990111747,5.12897070325724e-05,-0.00162955468721913,0.000861470277312057,-5.87541373731283e-05,0.00367152944091179,-7.34132240092828e-06,0.000248924825676641,-0.000667951699832963,0.000253604543890174,-0.000264864525946114,0.000382910410391955,-1.71259238256998e-05,-0.00124131821371218,0.000515200937753374,4.88568492125978e-07,-0.00271933836206627,4.92732947041301e-05,-0.000170727063842689,-0.000196990108985436,5.62231882703502e-05,0.000837662801036562,-0.000100649043084641,-0.000628192241546323,3.82794950998211e-05,0.00821126547776754,-0.000504612070240938,-9.05777940659676e-06,-2.96694243216059e-06,0.000774980923954102,-1.91230299053288e-05,4.85367495232404e-06,4.37301508974982e-05,-0.00454638186729833,-1.68840185540042e-06,-0.000551596581253626,-0.000124762611806191,0.000309993605969922,-0.000469989944034257,-0.000124927096224628,-2.68321018398843e-05,2.15059860739071e-05,-3.65720090572218e-05,1.21372769628155e-05,-5.25155758637043e-06,9.60530159395917e-05,-0.000276796627422016,0.000199298761114833,-4.24465213100466e-05,1.01437348452522e-05,4.46737741109487e-05,0.00010525234172447,-0.000177225209466435,0.000153260156752974,-7.74599501379204e-07,2.92780562080556e-05,-4.28972532095947e-05,4.4611328261915e-05,-4.44148738482327e-05,0.000107939035835083,-0.000400858026053918,9.46623816555478e-05,-8.85894468344571e-05,-0.000243280053141375,7.90598403030387e-05,-0.000745231027947376,7.5591545104791e-05,-2.36412638108884e-05,4.31802147668835e-05,0.00142272857651356,-4.47649095662539e-05,0.000127670260144564,-0.000248685174485716,-3.02263461017213e-05,1.06710894352594e-05,4.91731104467443e-05,-2.73309956025622e-07,-0.000176043150122075,5.20375050351668e-05,-0.000149475720319355,-9.47385085708685e-06,-0.000365279315974352,7.09141286646647e-05,4.51462455799232e-06,1.42424664829478e-05,-8.79924708522757e-07,-3.91951278950616e-05,5.70005089065858e-06,3.68134252041927e-07,-8.84133957195432e-07,-0.000137090580377326,-4.04388243775994e-06,-8.61680603397574e-05,3.20476689422384e-05,-8.85126964095535e-06,-7.64446307042528e-07,1.13993384520298e-05,-0.000952857666096898,-2.69524107764152e-06,-8.91111793025851e-07,-0.00067816703115041,7.98265478061314e-06,-4.985785404954e-06,-0.0014792489318499,6.29627530384458e-05,-0.000584075985746141,3.21477538655657e-05,5.49350480146424e-07,2.73132262262035e-05,3.65493056989634e-05,-0.00107443348336908,-5.4521253891413e-05,7.98140814086785e-06,2.85644436636331e-06,0.000126691093415178,1.08678665012068e-06,1.11475527805138e-05,-2.85907160930597e-05,-1.76155718827133e-05,-0.000555580223632152,0.000353766487543909,0.00173245475892387,-1.28047049728693e-05,-7.50028885610643e-07,-1.7536828775364e-06,-5.0941675537795e-06,-6.35534496087281e-05,1.48389777232909e-05,6.66717117347691e-05,-0.000582835846372841,-1.69852326179048e-06,3.09704720844995e-06,1.22612737967775e-05,2.51403333804553e-07,2.07233113045693e-06,-2.87897223486184e-06,-5.2872958768843e-06,-2.66079436580685e-05,3.10935178257476e-06,1.28451784971038e-06,1.27960026133926e-06,0.000210076150215798,-3.37947004427147e-08,-6.35513044746727e-05,-8.75158528404349e-06,-0.000303366068503426,5.47257707570824e-06,0.000202180488289582,-4.00111935582512e-05,-2.70563215233125e-06,-0.00017242533765023,0.000919789120512268,-0.00144197112753164,-1.32869044504018e-05,-8.41267644575087e-06,-9.85777520380286e-06,1.4121368460194e-05,1.21932988947388e-06,-2.17418021342772e-06,-1.0626328246481e-05,-5.75879310169423e-05,0.000455314539303696,1.74729202255661e-05,5.61817011175167e-05,-1.40656798755845e-05,-7.16993108139752e-06,-7.5589392215673e-05,-5.13525994446511e-06,-7.96993980548016e-06,-6.26463528429862e-06,0.000132475141919698,7.0732622408242e-05,2.07758086691107e-06,3.46955443904475e-06,-1.8045819857562e-07,-2.92962740428454e-06,-1.50454062070131e-05,3.83087809744517e-17,-2.22920679718311e-06,0.000167066620410985,-4.64093395391423e-06,-8.26444191932825e-05,-1.31295092095569e-05,1.5685716762533e-05,-2.49924659872069e-06,9.04559803177494e-05,-2.05945335567528e-07,1.3451585990886e-08,-5.54707418261605e-05,3.08369275327005e-05,-9.64059587327998e-07,0.000131716933975917,-6.06973321801452e-06,2.20676800626283e-06,-1.41701563783681e-07,1.06362293953756e-05,-9.60292697525332e-06,9.45325937016937e-05,2.9539911799908e-06,-5.64411861552652e-07,1.21629054309498e-05,-2.34856828923945e-06,0.000257473954186204,-0.00033140879086281,1.23908898809744e-06,-4.21600003631819e-07,7.8063416052588e-07,3.4993018010832e-05,-0.000126418496252871,5.12175775506538e-07,2.04303012619136e-07,-4.41206235577949e-07,9.85912233739146e-05,-4.30383422302325e-05,9.69435264959961e-06,-0.000333789576270286,9.82596122419461e-05,-1.14764915087079e-05,1.62277981430953e-05,-1.53156331499816e-05,3.19679420235041e-06,3.67876484706639e-16,-7.80146788470028e-06,-2.66960745325315e-07,-3.96350291172561e-09,-3.40277922981497e-05,3.74182732460567e-07,-2.30931896655698e-07,-5.38892327975129e-06,5.97617752245736e-07,-4.75480900829873e-06,1.24501837712595e-05,4.5319865087923e-07,-3.97908079219441e-07,5.13167164279412e-06,-6.20639030682081e-06,0.00021965247179078,-2.89283081056891e-06,3.30736594773161e-05,1.65476811670959e-07,2.30490613579839e-06,6.68473567560409e-06,-5.40356349812726e-05,2.03317154810547e-06,-4.83085404172121e-06,6.44292336495382e-06,-2.33153682223896e-05,1.43739516700822e-06,1.29651066295446e-06,9.85989895708647e-06,-4.2632586355082e-05,-1.3194915824867e-06,2.74948585227169e-05,-6.93073998349049e-06,1.70761906071934e-07,1.58019391078339e-06,-3.03359939160103e-06,1.73278660730525e-16,8.587988193175e-09,5.7441574382802e-05,-3.22600323033706e-06,2.37561247898921e-06,5.46620871595448e-06,6.19180796654261e-07,1.43161602952215e-06,-2.08573310921652e-05,7.6827789200316e-06,-2.09654726773046e-16,-5.76410047645852e-06,-7.00804352488827e-08,-1.94833863580932e-07,1.03397108047121e-05,1.44252862540826e-06,-9.65824035365265e-08,-3.65225745447884e-06,9.66128261279143e-07,-8.07475647455266e-05,5.85271783230236e-06,-1.17684488779494e-06,-2.11564522439866e-06,-1.11449945189294e-07,-1.09288809477671e-07,-2.0836811830854e-06,1.38627786031171e-05,-2.24017128975809e-06,-5.89289433492635e-17,-4.44251481619281e-05,3.46726959132891e-06,2.56836554790387e-07,8.61405672997915e-07,-4.02998720023716e-06,-8.13242804096146e-06,7.01809172959467e-05,-0.000162377046027001,-6.96289981180874e-07,1.21871552836225e-16,-1.27721132687197e-06,-5.64542648473304e-06,-1.58991344855606e-06,5.63760890071247e-16,2.95732070699501e-06,2.96582309486325e-05,-4.51520477374051e-06,-2.39239217610841e-06,-7.92416316383944e-07,-4.21879747715809e-07,-1.50271890371597e-05,4.14284256175752e-07,4.39677154626332e-06,2.03744317401208e-06,8.83171991776702e-07,8.9011951976101e-06,-4.30129625472094e-17,-3.43950436900232e-06,1.60716008615904e-06,1.029502545142e-05,-1.02171160756425e-06,-4.75300205971498e-17,-9.58650279797619e-07,1.19135460880304e-06,-4.05574926279072e-07,-3.57611510614059e-07,-8.95760368342945e-07,6.49112138218824e-06,-1.19640114993684e-05,1.52807792408996e-06,1.25000497940856e-16,5.12019341132567e-06,-6.77985660781652e-06,4.74672504010881e-05,6.02328648772795e-06,-6.1104561272948e-07,-4.07535016962054e-09,-5.79397640976254e-16,7.82280019651189e-17,-3.78173980124202e-09,-3.24376414663336e-06,4.25634517220448e-07,-5.95156965819779e-07,1.83797682406538e-15,-2.60130414882061e-07,-2.95088057992295e-09,-9.57206186207627e-16,-1.81676751072336e-16,-2.78382114701688e-17,5.41487162213653e-07,1.5639604628604e-06,-2.09251822181491e-06,1.14850315118816e-06,5.67346727265336e-07,1.06894569105521e-06,-5.09032032367611e-06,-2.07115808655091e-16,-8.92090741791041e-07,1.42836189632445e-06,-1.00776566298857e-15,2.31534043702843e-16,-8.29167288971954e-07,-3.27805201147993e-11,-1.71395043819101e-07,9.12493271611294e-08,8.27271091563329e-09,5.09233982556736e-10,-2.66011306835456e-16,6.13944895197828e-09,-2.23077397610634e-16,6.52596812533832e-08,-4.70218482206963e-16,1.79617398387341e-07,2.21694144735412e-16,-2.02676767653003e-07,-2.9809428923396e-07,-3.25141388034609e-08,-4.70796151221369e-07,-4.30885379809138e-06,2.25507653653647e-07,-4.12709471000007e-06,-1.02838336585558e-07,-5.01265444150057e-07,-4.94415868357396e-08,-8.70783757115797e-07,4.51477587640602e-06,7.83587145529773e-07,6.92644883295964e-08,1.72423667908166e-06,2.27263924885195e-16,-2.90380594170719e-05,5.60106285168509e-06,-4.67610033517917e-07,-4.46228467868739e-15,-6.72543855279956e-08,-2.06256345108116e-06,-7.7760721101178e-06,2.18906055090166e-16,2.14119434167977e-05,1.14469745264529e-06,-1.87735291151041e-16,1.5946601369641e-06,-3.41452395036256e-05,-3.73841450404468e-16,-2.92232196538856e-15,2.27656090831679e-06,1.11985398856859e-06,6.76099623571774e-09,1.0055188559403e-05,-3.14580144558311e-06,-1.0366075405394e-05,-9.23713100977275e-07,-1.43993207477316e-05,3.05690776749998e-05,3.79384024196128e-15,-1.22251126358369e-06,-4.84470506567716e-08,-1.41963059852289e-07,-1.43272078249093e-05,2.35045507726115e-16,-2.957943980025e-16,-5.26211011861232e-06,7.80766638719344e-16,3.6670521245212e-15,-9.59989193707624e-05,0.000152320197915329,0.000498250206235588,1.31875524037153e-05,-0.450546329251992,0.00835496195410634,2.92418751783902e-05,1.32080016575568e-14,6.99942488580514e-06,2.77446174405848e-07,1.21348068486262e-06,-0.000110476483800684,0.000530235694540939,2.84758775148398e-15,-2.35594033940619e-15,3.14410592728694e-14,-1.96188684899313e-06,-1.52549205882197e-05,-4.95504243267673e-06,-4.83522796845963e-15,-6.66933587320817e-06,-6.04957143914424e-16,-2.38156003264997e-16,7.54177442288935e-05,-1.65142338321301e-06,4.83120488059541e-16,-3.86103731424482e-06,-2.1444485959754e-05,3.13571389312377e-15,5.49984976645911e-06,4.55182201466688e-16,1.38604319447957e-06,-7.62734772882324e-17,1.37608634308458e-06,1.18668267773031e-05,4.73068955456664e-06,4.0016669180942e-07,2.71217468925286e-06,-8.98177700875522e-06,3.37327881223286e-06,1.25561315309562e-16,0.000144277228413527,-2.07705801251923e-05,-6.30808551207926e-17,-1.05719159379386e-06,-3.0565740581682e-06,4.86919752276472e-06,-9.70128411443771e-16,2.15947156206031e-06,3.13015613969845e-05,1.42756448018321e-16,-7.00748559771939e-06,-1.54259552681554e-06,-8.72164762884844e-07,-1.53596118464366e-15,-2.59144419448218e-16,1.35856224307895e-06,4.09792695780887e-07,3.30555545882866e-08,-3.48540218107046e-06,2.27287561565121e-07,-7.2517581140951e-16,1.81851051317888e-16,8.25748537639547e-07,5.68843698802269e-09,-4.53007960331389e-15,1.97956168805145e-06,7.22206391851722e-16,1.80234674992855e-05,-3.73995945138242e-07,-2.18446159182943e-07,-1.4465057371473e-06,-2.13163661480209e-14,1.72657485839073e-15,4.10680867528452e-16,-8.79498998506944e-16,-1.30485587627107e-06,-2.86315092716139e-06,9.7055686024332e-16,-1.06763427889111e-14,-1.21015796752754e-15,1.08140845209644e-05,3.99612165625636e-08,-0.741424816271821,-4.46337651040498e-14,-4.45002650180382e-15,1.55624753535311e-14,-9.84217097127506e-06,5.34154967467922e-06,-3.2545837803769e-15,3.69543724532205e-07,-1.5391944343776e-05,5.81244838481263e-16,-3.31484958926606e-15,-9.63108676038798e-07,-9.86493127984172e-09,-4.75859110788538e-07,-3.27660513131268e-15,5.32698202505313e-07,7.73266099509302e-07,8.25700071887289e-07,-7.47426824170733e-07,-2.65717499432625e-06,2.25522235943272e-07,-4.59794027939631e-16,-5.23914372951116e-16,-2.43391092177418e-16,4.19761369604985e-06,-9.69674130843477e-06,-2.06276727121524e-07,-1.60140191637256e-07,4.48951470930831e-16,-9.53507099066526e-16,8.57160735619821e-16,2.00899165662781e-15,1.8333804007148e-15,8.30211352542345e-06,2.11132642753465e-16,-6.10555840789093e-16,-1.21424455341829e-07,2.51076210772198e-16,-1.08665453749926e-07,-5.40043186122435e-17,-1.34657949767539e-07,1.73390117637518e-16,-1.61646677700206e-07,-2.01887217964981e-08,-1.27031304335893e-05,3.96093384810758e-16,6.43518061741202e-07,5.43707590979935e-17,9.05706406388378e-07,-1.73505915022216e-05,8.71658597800408e-09,-7.85215203915206e-16,1.26672949787328e-06,-3.44236955318242e-16,-3.0937007482818e-07,-1.74566507258567e-06,-1.52468796947968e-16,4.76526547059377e-17,-1.06037737455319e-16,-3.79688076998806e-16,-5.83012679505716e-09,-7.58179889509776e-08,-1.69035563582496e-08,-2.15598238219243e-16,-3.88444192904255e-16,-1.95126285232218e-06,1.00047857197164e-05,-7.72523147169561e-16,-3.16499864211488e-16,-7.57773192917041e-08,4.1565478790406e-16,-5.36026330491325e-07,1.1015978155004e-15,5.03428710012046e-06,3.02754323208061e-18,-4.84356302210048e-16,-1.92717342667834e-17,5.04213708940351e-16,8.91520778533012e-16,-2.25676539899827e-16,6.61815953423796e-07,-4.62784443180244e-06,7.57638577813361e-17,-4.42711299974221e-07,1.68158133776685e-06,-1.42380938416118e-16,2.88848619703894e-16,2.97537255250292e-16,-7.03010328273679e-20,1.64763708104482e-07,2.63123813713013e-08,1.24541074338787e-16,-6.65385414872811e-16,-2.98328150042128e-07,-1.06398026004205e-06,-1.76968208910676e-07,3.62197289468008e-16,2.64155522136161e-16,1.02246038836122e-16,-4.69290823141185e-16,-5.1765735291165e-16,-1.44723219012554e-17,6.21330370778842e-07,-5.8708281647368e-07,-1.1277541810467e-07,1.65277145775104e-16,3.08592557219352e-16,-8.52672857563327e-17,-3.20594498776907e-16,4.12379311966129e-16,3.49484586126e-16,9.09016470398869e-17,-1.30704148901759e-17,-1.18660462663204e-16,-5.85997927565206e-17,3.09224961170275e-16,-5.27006539221176e-17,-5.67744841444958e-18,-2.12729924408815e-16,4.20516821025818e-07,1.35168794584515e-15,2.59476792971932e-16,-3.41981745707531e-16,1.51388335926086e-05,-1.03456123129567e-08,7.03816858906077e-17,-1.53150406566152e-07,1.37864905000302e-05,9.10537281384566e-17,5.798114681311e-16,-1.50451078503156e-06,4.61970864723909e-16,3.36960306095352e-07,-1.46514251343795e-16,5.19767741092855e-17,1.47776505244042e-16,-6.32499466566529e-16,1.86107582766697e-08,-2.55459978941574e-06,2.24442473635693e-16,-1.85739401125898e-16,1.15507719367869e-16,-5.07381491703238e-16,-8.62482828212219e-16,1.9879889205445e-16,2.04605610636267e-16,-1.17579268269116e-16,2.0800715864348e-07,-8.48694056793026e-17,-1.44868948194716e-16,-5.91991234499148e-17,4.89755391241203e-16,-2.01407445745091e-16,6.83291046781634e-16,-5.91647401235384e-07,-4.44682186437285e-17,1.11571020957763e-16,4.40771691119102e-07,-1.35101740938359e-16,7.97880303493607e-17,1.1625075568927e-17,2.69166584512985e-16,3.99831175090248e-06,4.58789718146894e-17,-2.68447243811843e-07,-1.12468691569333e-17,-2.01429214257112e-17,4.1480180908146e-16,-6.3522388846389e-16,7.25912573030428e-17,1.0366783670257e-17,9.66905680284868e-09,-6.10939825529693e-16,1.88874563142358e-16,3.75650399347402e-07,-1.20395368241943e-06,-1.91287742756318e-16,8.41638217311044e-07,1.23188448951351e-07,-2.28647398086852e-16,2.44426271557143e-16,9.17565452050527e-18,-2.23846861916582e-17,1.61789721528894e-17,-2.04974812716099e-07,-1.88447745793027e-16,8.7259291561392e-17,2.54011235647637e-16,8.18672705150831e-08,-1.93217292852077e-16,2.23007661614678e-16,5.02373800467867e-17,-1.18008140839838e-16,-3.7183743329067e-08,-6.51861424070746e-17,1.22614103187836e-07,7.53049704309608e-17,9.24263008012733e-18,-1.21174325752326e-17,2.25074716022643e-18,6.91867683695372e-17,1.86405895304113e-16,1.88018224796773e-16,-1.33150113954702e-06,2.28885522428801e-17,1.95596970532068e-16,1.42374114577903e-06,3.7304218150497e-16,1.95022454429847e-17,-2.98697989555895e-16,2.81838403569047e-17,2.04319885666743e-16,1.65182174636758e-16,-5.85044276932033e-07,1.60354943490084e-16,-3.03130471421466e-17,3.05579869558334e-06,-4.04985871918522e-16,3.82096897611214e-16,3.1689978991691e-16,-1.14594092577262e-17,-2.69322622843538e-16,-2.78173246204893e-16,-1.5708520953956e-16,9.29930011396897e-17,2.86431220199614e-17,-2.24127280394175e-16,-1.05145395690464e-16,-1.59298330288502e-06,2.07305341999871e-06,-2.56879184402336e-16,-5.35069312119431e-17,-8.50850350035151e-17,2.89369556061998e-16,-1.93421667571414e-16,1.30298921968823e-16,8.55190894156506e-17,2.93166414137098e-16,-2.59396689448688e-08,-5.1938866915211e-17,1.27326183843706e-16,-1.86565558839822e-17,1.85527070904992e-16,3.31118176978444e-08,1.33775456705683e-16,-3.6093247125384e-08,7.90809870946218e-17,-4.29018856188287e-17,3.86565218000613e-16,-1.13289624706141e-16,-4.47353027495137e-17,-1.46475302664176e-16,7.49469702794971e-17,1.24139462594624e-17,-2.61387493255651e-17,7.77027504784036e-17,2.55754315824939e-17,-4.77826807036448e-19,-8.44814014043675e-17,-5.88605163292892e-17,-1.46657407745994e-16,-6.51082789912323e-17,-1.23923593865611e-16,7.00303065533416e-17,-7.87993940377352e-17,-3.29943437753292e-16,-2.206351421008e-16,2.11100193121413e-17,-2.12614207689457e-16,8.97201623445854e-17,7.53974500397097e-16,2.45991881087951e-09,-3.6382448638877e-17,-2.16847932696799e-16,8.26821521675048e-17,1.60296609907129e-17,1.30214172332652e-16,-6.04351072179763e-17,9.8713754956212e-17,-1.29691885238601e-16,-9.88412990289055e-17,-1.09155497911455e-16,-6.66567495644088e-16,-1.44098011356109e-16,9.40033193438901e-17,1.37900585386846e-16,1.06918640142878e-16,1.86425626356383e-16,-5.1377013326808e-17,-3.14204713128049e-08,1.48517725682994e-17,1.06798386613522e-16,-5.18429586045143e-17,2.49169977344951e-16,2.19977752538162e-16,1.47558341011544e-17,5.34824138266891e-17,-6.91826404434406e-17,-2.64299360876446e-17,6.60757260153543e-09,1.91966537359148e-17,-1.10336900853726e-16,7.06564600030783e-17,3.6833983543864e-17,1.79723123908106e-17,-6.42790126015359e-17,-7.27189190458604e-17,5.80522070179018e-17,5.55325096397057e-17,-2.22899419981019e-16,2.0557277832337e-15,-5.21268472948026e-17,-1.44692459593765e-16,3.30963116681199e-08,8.16277751994665e-17,5.11256628491763e-17,-2.05947694230421e-16,-9.43255890062389e-16,-9.92936397394775e-08,-1.19495303625313e-17,2.05927178361711e-16,-4.36533050562265e-17,1.32158339384083e-16,1.31884015359985e-16,4.23913858662748e-17,1.27340657307244e-16,-1.56265990892721e-17,1.17339268390849e-16,-1.21528534420985e-16,-6.16002053984386e-17,9.08520041367401e-17,6.04145026711115e-17,-4.62897563838345e-17,-4.95571140506823e-17,9.81174358699431e-17,-2.35876537911971e-16
"t926",-0.0273101866141274,-0.00428990594672752,0.000516751749578451,-0.0220051442471348,0.000128289108580921,0.000842090845076731,-0.00514370688542544,-0.000125711227138168,-8.24578491216025e-05,0.000476797961265369,0.000322300347468719,-0.0221784806066023,0.027240943730905,-0.00433298727773773,-0.00152362402558564,0.00298976849376346,0.000374970620585119,-0.00388402345901062,0.000199513366872698,-0.000251191956557487,0.00675278338668636,-0.00220045942008536,0.00204851714957037,-0.0217750007431402,0.000378109863837399,-0.00132000906968566,0.00187436661068607,-0.00196099958407235,0.0462125570440061,-0.0596596484339424,0.000243075160160023,-0.000576981884651035,0.491779641270176,0.00781055827127272,-0.000474407980274268,-0.000303294090306219,-0.021906021198453,6.50897065521005e-05,0.000504644685288586,0.000124390079965058,0.0052191573136665,-0.000540970017373586,0.0130569060634421,-0.000333288148622099,0.0135481070473185,-0.000291841758459053,0.000606707845117697,-0.00484764555100621,0.00047631090450923,-0.000857616791483735,0.0162747429875373,-0.000417147409653798,5.86853414749191e-07,-0.00130325376561891,6.48631118092379e-05,-0.000672383774849015,2.09383147127771e-05,-0.00133515365082325,0.000450416600315983,-0.000434632445514264,-0.000351863431312597,5.26395772832009e-05,-0.00167312277645261,0.000884593468803959,-6.03772322620057e-05,0.00377555348221804,-7.56085325962706e-06,0.000256545359824809,-0.000688620426595956,0.00026160305103941,-0.000274057676055542,0.000397135080172639,-1.77686000469049e-05,-0.00128887073722276,0.000534987879192193,5.07498148649986e-07,-0.00282506667070957,5.12217758011448e-05,-0.000177735912900606,-0.000205197687473819,5.86246651854421e-05,0.000873632916536055,-0.000105139122327442,-0.000656534176793652,4.00898200455107e-05,0.00860449334126349,-0.000529082310064071,-9.49790772263456e-06,-3.11118566687386e-06,0.000812707878172008,-2.00583738517685e-05,5.10169399558884e-06,4.59735336080215e-05,-0.00478579326350371,-1.781284237326e-06,-0.000582137319874989,-0.00013167252891746,0.000327443107579069,-0.000496603927532436,-0.000132160583496623,-2.84136924003155e-05,2.27756313562606e-05,-3.87349296697715e-05,1.29125796632813e-05,-5.58889485115252e-06,0.000102249854410384,-0.00029479167890492,0.000212283219289036,-4.52223942168002e-05,1.0810889222025e-05,4.76174073984595e-05,0.000112263749440716,-0.000189046427142765,0.000163775272735034,-8.28060486377777e-07,3.13249645198306e-05,-4.59135693951625e-05,4.77975451793532e-05,-4.76344634443171e-05,0.000115850566024283,-0.000430423484273835,0.000101794649269079,-9.53554423912068e-05,-0.000261870112563225,8.51128725553206e-05,-0.00080307918469689,8.14659814162427e-05,-2.55001424364283e-05,4.6688901291517e-05,0.00153837680911819,-4.84132758974947e-05,0.000138301790885556,-0.000269480633396718,-3.27615517513157e-05,1.15771661374753e-05,5.33554466205863e-05,-2.97156495670616e-07,-0.000191716069933756,5.67972390080612e-05,-0.000163158200334528,-1.03450231701235e-05,-0.000398946824147868,7.74746293601513e-05,4.93288125772692e-06,1.55619826985051e-05,-9.62277185327759e-07,-4.29373658599447e-05,6.25526114557814e-06,4.0416957913571e-07,-9.71619841434244e-07,-0.000150667450937365,-4.44601683592798e-06,-9.47574891507046e-05,3.52509970747237e-05,-9.75823497333014e-06,-8.4308523075295e-07,1.25752520137354e-05,-0.00105738501681193,-2.99523781141698e-06,-9.9051830081478e-07,-0.000754746983332606,8.88631690644078e-06,-5.55899316121942e-06,-0.0016496339880098,7.03240474297159e-05,-0.000653344648060476,3.61181418321609e-05,6.17293425435424e-07,3.06925132035544e-05,4.10959970860187e-05,-0.00120894289270739,-6.13530540729613e-05,8.99407672164425e-06,3.22028002219324e-06,0.000142964023419552,1.22666663883098e-06,1.25838597707098e-05,-3.23462211555737e-05,-1.99754275600433e-05,-0.000630258914801765,0.000401470726673703,0.00196828328229595,-1.45540487360244e-05,-8.52858611065434e-07,-1.9949159338635e-06,-5.80274631698605e-06,-7.24177953239796e-05,1.69579911678108e-05,7.61998323298708e-05,-0.000666781834119884,-1.94842818706473e-06,3.56075698017928e-06,1.41081561156759e-05,2.89609870085021e-07,2.38935763477367e-06,-3.32807981622082e-06,-6.1155656559811e-06,-3.08132617985038e-05,3.60295395105938e-06,1.49541892056407e-06,1.49002392513426e-06,0.000245111210966036,-3.95085639984676e-08,-7.46510136531417e-05,-1.0280341548569e-05,-0.000356516486420106,6.44009221593476e-06,0.000238148766108334,-4.7247589338929e-05,-3.20495699738066e-06,-0.000204762510179387,0.00109314317865041,-0.00171982138616583,-1.5878490287938e-05,-1.00540784636421e-05,-1.17993523684924e-05,1.69694614236202e-05,1.46636766285403e-06,-2.62535646541097e-06,-1.28679592328821e-05,-6.98049636449929e-05,0.000554167537652902,2.12872556112285e-05,6.85196753119945e-05,-1.72111309891754e-05,-8.77916682801878e-06,-9.25699954654722e-05,-6.31171880005998e-06,-9.81754306319456e-06,-7.73605783992452e-06,0.000163775327379892,8.75472944676657e-05,2.5742979570763e-06,4.30041268211704e-06,-2.24321005742391e-07,-3.6483218514917e-06,-1.87733441638889e-05,7.97289103069853e-17,-2.78948515402306e-06,0.00020917577693027,-5.83377832281352e-06,-0.000104206704665106,-1.65973774776906e-05,1.98317980383612e-05,-3.17499166141317e-06,0.000115006343253503,-2.61937924848141e-07,1.7139408836918e-08,-7.07640376518142e-05,3.94261599360041e-05,-1.23380506808202e-06,0.000168640415480503,-7.78866471291708e-06,2.858769277674e-06,-1.84196175343084e-07,1.38655952093298e-05,-1.25976269806365e-05,0.000124068860416804,3.8942713229562e-06,-7.45944412933677e-07,1.61331145793136e-05,-3.11881974495189e-06,0.000342335733581159,-0.000441390589251479,1.6544852348819e-06,-5.63101991159741e-07,1.04945086128025e-06,4.70501790998211e-05,-0.000170005854120625,6.89997801650761e-07,2.75418376894007e-07,-5.96051613198495e-07,0.000133245593074207,-5.89306779607494e-05,1.32935200364802e-05,-0.000458246461976027,0.000135259054624143,-1.58320710328135e-05,2.24968499611956e-05,-2.12628793190548e-05,4.44321961093415e-06,3.13208852129187e-17,-1.08861583059722e-05,-3.72711458549022e-07,-5.54301280979269e-09,-4.77822661908081e-05,5.2728695886868e-07,-3.25970208549995e-07,-7.6130471642504e-06,8.53525955113823e-07,-6.79572685610292e-06,1.77976351831241e-05,6.49970990546932e-07,-5.7607152026325e-07,7.4416527844985e-06,-9.01051624681106e-06,0.000320114911673487,-4.27920615749531e-06,4.92385144054187e-05,2.46446919802885e-07,3.43311398095618e-06,1.01203835397117e-05,-8.3430179634539e-05,3.14727120006327e-06,-7.50639407434927e-06,1.00579500839389e-05,-3.64496328357336e-05,2.27469809137159e-06,2.05366036923903e-06,1.56447946179774e-05,-6.77251747027701e-05,-2.10428244029131e-06,4.40387039075866e-05,-1.1146120328168e-05,2.75111701472594e-07,2.55357405307003e-06,-4.93446459052758e-06,-1.28106874881559e-16,1.45679436906685e-08,9.7867805248833e-05,-5.53302064808703e-06,4.07529455006338e-06,9.37908285688169e-06,1.06415477424474e-06,2.46811248321478e-06,-3.60922988777188e-05,1.33965936926129e-05,1.75321602482897e-16,-1.02332262995005e-05,-1.24699986926272e-07,-3.48390503404072e-07,1.84997516107927e-05,2.6130492201152e-06,-1.76171411109217e-07,-6.72861100837356e-06,1.79234562400255e-06,-0.000152119973076125,1.11870471412002e-05,-2.27084380485426e-06,-4.10447104037278e-06,-2.16951951690928e-07,-2.14039383203196e-07,-4.08358315945697e-06,2.72864601818534e-05,-4.42439020388144e-06,5.00142085070538e-16,-9.00537344274196e-05,7.06757598465421e-06,5.23556444488658e-07,1.7844010188155e-06,-8.36873652174847e-06,-1.74201279789365e-05,0.000151712409602382,-0.000351655907099743,-1.51845383421046e-06,1.04321609767343e-17,-2.80777228571945e-06,-1.24482039406932e-05,-3.54601989389344e-06,1.22977413748825e-15,6.67942840996078e-06,6.71882884535799e-05,-1.02448605016081e-05,-5.44592884849593e-06,-1.81374243631667e-06,-9.69648741268857e-07,-3.46515892406139e-05,9.64703828905254e-07,1.02503339672132e-05,4.78252839921337e-06,2.09854789743368e-06,2.11638835900788e-05,-3.76867207252722e-17,-8.38199757882801e-06,3.93382273958834e-06,2.5446270785167e-05,-2.56379835254044e-06,-4.70887091740062e-17,-2.48820638085815e-06,3.21870649611761e-06,-1.11658293298048e-06,-9.9339320529929e-07,-2.51554450976762e-06,1.86095810118836e-05,-3.55175576313102e-05,4.98467274812842e-06,-1.37397711087953e-16,1.83561972477745e-05,-2.45212422347008e-05,0.000174922855689727,2.2798209921823e-05,-2.31765645330595e-06,-1.5577756132e-08,4.82253126321552e-16,5.3309562971824e-17,-1.51384983908869e-08,-1.35486175108127e-05,1.78752176959286e-06,-2.60254914013688e-06,7.89379467522624e-15,-1.25250282866121e-06,-1.4887625048146e-08,6.87707860721264e-16,1.43440836953966e-17,5.54404756033045e-18,3.22518908380486e-06,9.5388866778912e-06,-1.39279914582386e-05,8.29542221907068e-06,4.13941329484167e-06,8.59929673594663e-06,-4.14439728463887e-05,-2.2796060729333e-15,-9.25251803898727e-06,1.64303193192814e-05,6.91814896330478e-16,1.82945255662294e-16,-1.69727380636871e-05,-8.31093353921699e-10,-6.42148485423551e-06,5.05569481604353e-06,6.47675776240818e-06,-3.49207259278093e-07,-4.42629632076556e-15,-1.17829251268791e-06,1.97964156955636e-17,-4.05511522894437e-06,-2.56847494661816e-16,-7.42667205953722e-06,-2.25297302873292e-16,5.86233856634101e-06,8.12560478542897e-06,4.99660310860829e-07,6.60986034372536e-06,5.83790758347649e-05,-2.64931217957762e-06,4.34236814927415e-05,8.68073880289369e-07,4.22376048469858e-06,3.92424949946835e-07,6.24130411693459e-06,-2.85895838060638e-05,-4.51242291989356e-06,-3.71972502110324e-07,-8.95964027041854e-06,-1.53106405271826e-16,0.000136969382547957,-2.42265389353055e-05,1.62601250326579e-06,1.5624571827734e-14,2.20869033996198e-07,6.23958008255053e-06,2.27445927563712e-05,6.65594132435941e-17,-6.15704246051044e-05,-3.08202025789339e-06,1.58218181449123e-16,-4.16085018286989e-06,7.46423333843118e-05,8.67887708386579e-17,3.45484773345549e-15,-4.66531703725425e-06,-2.28187900787922e-06,-1.34173588218479e-08,-1.93539323694275e-05,5.65995111411279e-06,1.85442148319705e-05,1.63916962895848e-06,2.34449432718663e-05,-4.65032066385919e-05,-5.38100380226281e-15,1.81344808056278e-06,7.15564910607848e-08,2.06545104956396e-07,2.04729022223107e-05,-5.2840325861733e-16,2.5091518775733e-16,7.33742938505312e-06,-8.91801663896524e-16,-2.95296128976817e-15,0.00011525099466661,-0.000178310747836374,-0.000582959187962941,-1.46093845355454e-05,0.495469536736453,-0.00917360689970693,-3.17835702252207e-05,-1.41522587907865e-14,-6.83856263011914e-06,-2.65027059177013e-07,-1.1505804435113e-06,0.00010095143780554,-0.000453032143988734,-3.25678741669256e-15,1.52822722244578e-15,-2.47236033685905e-14,1.5218640154952e-06,1.13485413449951e-05,3.67445777299024e-06,3.62439420210009e-15,4.74942715956269e-06,-1.72127911817545e-16,1.74810416503289e-16,-4.48462109008362e-05,9.79747491483827e-07,-4.26741975090295e-16,2.1896733438019e-06,1.18440214169377e-05,-1.92026048214015e-15,-2.87600845896369e-06,-5.28488907018807e-16,-6.77858005507669e-07,1.07237410056532e-16,-6.68908671469817e-07,-5.74124571741079e-06,-2.27654658216686e-06,-1.91141646173095e-07,-1.27385219463102e-06,3.95647120473783e-06,-1.35511825975061e-06,1.29442397240294e-16,-5.1415137131822e-05,7.30503209218374e-06,-2.68741455445346e-16,3.65306465872708e-07,1.02235253706877e-06,-1.58083201203585e-06,1.61429752229207e-16,-6.31145450613561e-07,-8.9536509608283e-06,-7.08362089094321e-17,1.9471409940753e-06,4.22472098697832e-07,2.2611391280385e-07,5.94459958787752e-16,1.33758920200315e-16,-3.07032335660265e-07,-8.70223120756683e-08,-6.92837090125884e-09,5.36019911712003e-07,-3.30014061644492e-08,3.43132189107601e-17,4.66649630698977e-16,-1.15061991937239e-07,-7.8844669640022e-10,2.06893601270552e-16,-2.5512404235585e-07,1.58864796610764e-17,-2.15631007228327e-06,4.00964759379294e-08,2.32292455549372e-08,1.48879187099007e-07,2.1639993415724e-15,-7.90729600710367e-17,3.11092190631096e-16,1.66785404927251e-18,9.54099005917582e-08,2.0255166700339e-07,-7.08937925191613e-16,3.95379563188424e-16,1.18539018098418e-16,-6.73096453105328e-07,-2.34184504030713e-09,0.0362053456443975,2.17444193103713e-15,8.85251073834414e-16,1.29236898960272e-15,1.66549601984054e-07,-8.47033128173133e-08,6.54216514206667e-17,-1.45703516659431e-09,-1.21295989357544e-08,-3.47949608336306e-17,2.64832877580044e-17,-1.13423567763144e-08,-1.24770372222439e-10,-9.03592743751801e-09,-6.52183608578673e-16,1.56706741165574e-08,2.71228757245703e-08,3.53882828765162e-08,-3.98356143743003e-08,-1.48964776834225e-07,1.38014039782195e-08,2.72909352816915e-16,-1.14619662249861e-16,2.23574931031923e-16,3.75542269676223e-07,-8.71605599050686e-07,-1.92599588534498e-08,-1.77095275517912e-08,-1.00344530283053e-16,7.57356421073414e-17,-4.57870793805735e-16,-3.84168801661984e-16,-5.05782122407603e-16,1.06241449750684e-06,-2.22391160169159e-16,7.02742035508264e-17,-1.63444596421893e-08,-2.80441061292038e-16,-1.46652128885714e-08,7.89540387628736e-17,-1.82526982408018e-08,-6.74477882094139e-17,-2.37340709149464e-08,-3.01764847455202e-09,-1.94975615918591e-06,6.93246301242048e-17,1.01921119294926e-07,5.53202218480754e-17,1.53001473781538e-07,-3.16327611899688e-06,1.59416013498818e-09,5.43017230000792e-16,2.38380672427674e-07,-8.2299025784716e-17,-6.07733802796673e-08,-3.43622725568147e-07,-2.92848573696396e-16,6.46098788937038e-17,2.7444165853642e-17,1.0698995936586e-16,-1.18663483613402e-09,-1.55644332518806e-08,-3.50432238640095e-09,-3.11633175674778e-17,3.95505104206866e-17,-4.2318295999168e-07,2.17400482664708e-06,2.71487823966232e-16,4.16787798274907e-17,-1.73460643114107e-08,-1.51240280584749e-16,-1.24007334298158e-07,-8.64456153802343e-17,1.19978866690675e-06,-1.70149959187941e-16,1.27766316594948e-16,-5.5119845900012e-17,-2.43304840292588e-16,-2.12144406924264e-17,-1.33093309705431e-16,1.66862763927244e-07,-1.16763366451456e-06,1.41286029562376e-17,-1.13781827000009e-07,4.35466492597128e-07,2.20773856658211e-17,-5.41419609414662e-17,2.00026854407064e-16,5.03204272384572e-17,4.40348888387549e-08,7.08255129785051e-09,-3.88592594892417e-16,-1.04812842841622e-16,-8.09333926939627e-08,-2.88939441646472e-07,-4.82222409594314e-08,1.6114363939039e-17,-1.84951006677813e-16,3.10597711460287e-17,2.28323707495955e-16,2.27790788138127e-16,-2.54510492290237e-16,1.7846839366242e-07,-1.69424487958092e-07,-3.26963238557943e-08,-6.38554793448563e-18,-1.33293804145761e-16,1.95965056054506e-16,-1.08841601558498e-17,4.52516786916756e-17,-1.54244645629646e-16,-1.9247923408954e-16,4.79134303087093e-17,-3.1582137265207e-17,-3.74854651166491e-17,7.28304064938227e-17,2.13064062974073e-16,1.92232227000312e-17,1.99126184781192e-17,1.31109898313803e-07,5.93092168814324e-16,6.20844759627277e-16,-4.16586061892233e-17,4.76254269787678e-06,-3.26131144591978e-09,-9.59733152942535e-18,-4.83397493525086e-08,4.3985579707555e-06,-1.18684965604042e-16,1.42923738703252e-17,-4.86341629652655e-07,-4.10767016383014e-16,1.10638723308154e-07,-1.17738467327771e-16,3.47156318148412e-17,-3.74744946462466e-17,1.79346078430689e-16,6.25732515297349e-09,-8.60259500318104e-07,-2.87833649352326e-16,6.14362274144678e-18,-2.44156801310413e-17,3.49597035804979e-16,1.31405303305243e-16,-1.44806364478116e-17,2.29479721334373e-16,6.37829511107923e-17,7.55175130986237e-08,-2.97153919400118e-17,1.0882912688194e-16,-3.93399521964714e-17,-8.39849570899725e-16,2.32115835667928e-16,-2.08509480218626e-16,-2.18011757602207e-07,5.93163493556462e-17,-1.0742303335363e-17,1.62853641088561e-07,-1.36103596784156e-17,-2.92035563802261e-16,-4.67066591399039e-17,-2.0290313310012e-16,1.52302300420196e-06,-6.65395780257553e-19,-1.02796299031905e-07,-3.84203447858757e-16,1.36036625500871e-16,1.82253833203163e-16,-1.74678946031044e-16,-4.89872381004431e-17,-4.54270449072587e-16,3.74194405429367e-09,7.872931259746e-17,7.34752484076614e-17,1.46540015172394e-07,-4.69845658072506e-07,1.02281818749172e-16,3.30676198574184e-07,4.8501911055316e-08,-1.94414977761434e-16,3.64496385316932e-17,-5.5192929226219e-16,-1.10967213003034e-16,-3.17419302541905e-16,-8.31615522023111e-08,-1.6318921042931e-16,-6.14631662077344e-16,-3.45265578606102e-16,3.34625506343441e-08,4.76011901679192e-16,2.32178110141332e-16,6.14105642674925e-16,-2.59038846987646e-17,-1.53458814336512e-08,-1.46352030507493e-16,5.07522856922894e-08,-1.6644403329113e-16,1.76213078251238e-16,1.79919254454741e-16,2.78712855590435e-17,-2.6591103206612e-17,7.34214589934734e-16,2.56467122397161e-17,-5.59603402122868e-07,-4.84919979484935e-17,-2.47554029210199e-16,6.00591785692721e-07,-1.52492374915671e-16,7.42042222379335e-17,2.82467190949709e-16,-2.63382324749105e-17,2.19288188053333e-17,9.79278036837987e-17,-2.49637324187104e-07,-5.31264151859386e-17,-1.25701964196955e-16,1.31048701277867e-06,-5.91525386024962e-16,4.52933634384156e-16,-6.19324734683129e-17,-5.97589803822878e-17,2.0728657802976e-17,4.55476053209644e-16,-4.3295887391585e-17,-4.70917390606584e-17,-3.20196746755361e-17,-5.98662249084777e-17,2.89334378896742e-16,-6.95643572429552e-07,9.07214262873572e-07,-5.88187231346799e-17,7.81675304500195e-18,-2.35857299110398e-16,1.59652591744877e-16,-5.04804531509251e-16,-1.47161300382611e-17,-9.1314679943347e-17,1.30457330945764e-16,-1.14766426328178e-08,-8.90840256539227e-17,-8.94527872553325e-17,-2.06260898967982e-16,-7.19098601277963e-16,1.47835485134979e-08,-5.47934906490253e-16,-1.62769431242132e-08,1.72986728466431e-16,7.85530015921032e-16,4.25417843169272e-17,-2.44792263073649e-17,1.56260742688324e-16,-2.76838042862175e-17,1.05825613208985e-16,8.50708507334142e-17,-3.98848222707433e-16,-6.21148088703427e-17,-5.73852524597022e-16,-5.28530933528436e-17,-1.6049792063344e-16,-3.81333847479033e-17,-1.465889173991e-17,-2.9305216778271e-16,2.54460950311185e-16,-4.83117817205002e-16,-3.97965766261535e-18,-1.11502157122811e-15,5.19549681055054e-16,1.81929787800307e-17,7.40685038862052e-16,-6.72307798629487e-18,6.70002327654591e-16,1.14882045824093e-09,1.18672177999522e-16,-4.25880482743413e-16,1.46374253920877e-16,4.23741144241028e-16,-1.65543506731893e-16,8.44423156716193e-17,-1.23491199309707e-15,4.46469863261157e-16,1.22475734735599e-16,1.50652859972116e-16,-1.28261117005035e-15,-5.78051404358308e-17,-4.90072313027813e-16,-3.3439642174779e-17,-9.90334494925783e-17,5.15315188095499e-16,1.43758983327134e-16,-1.5000409109766e-08,-3.03074125318189e-16,-1.05911799607657e-15,-5.47605643928168e-16,-4.59632491424915e-16,5.70608772305398e-16,-9.34584756485661e-16,2.45704460000596e-16,1.20523943668777e-15,-2.1718263912282e-16,3.22294542776748e-09,5.97500638803175e-17,2.65013918591765e-16,1.16241635944833e-15,-1.59302214065402e-16,3.90265740981119e-16,-6.3867079161277e-16,1.35006264636579e-15,4.20663686514207e-15,1.47732254477803e-15,-8.56697099973926e-15,0.707106781186545,-7.55493373043209e-15,6.57265986249491e-15,1.64757504013459e-08,9.03175014526064e-16,-1.17214771050159e-15,4.8243037198514e-16,4.70110061989715e-16,-4.98827268602658e-08,3.28144378516203e-16,-9.72742306648653e-16,1.85158241582002e-16,-9.21380831058161e-16,-2.63928826078022e-16,8.18977792146379e-17,-9.06675618520819e-16,-1.33601113559439e-18,-4.52092252685175e-16,-9.83851478000809e-16,-7.26240061119783e-17,3.3117466500611e-16,2.23826995590639e-17,-3.82070110240246e-17,-6.52981787045547e-18,-8.16081506653028e-17,-2.57096844284509e-16
"t927",-0.0273101866141274,-0.00428990594672752,0.000516751749578453,-0.0220051442471348,0.000128289108580921,0.000842090845076749,-0.00514370688542544,-0.000125711227138169,-8.24578491216258e-05,0.000476797961265365,0.000322300347468725,-0.0221784806066023,0.0272409437309049,-0.00433298727773775,-0.00152362402558564,0.00298976849376346,0.000374970620585122,-0.00388402345901062,0.000199513366872702,-0.00025119195655748,0.00675278338668634,-0.00220045942008537,0.00204851714957036,-0.0217750007431402,0.000378109863837398,-0.00132000906968567,0.00187436661068607,-0.00196099958407234,0.0462125570440062,-0.0596596484339424,0.000243075160160026,-0.000576981884651046,0.491779641270176,0.00781055827127274,-0.000474407980274295,-0.000303294090306227,-0.021906021198453,6.50897065520713e-05,0.000504644685288587,0.000124390079965066,0.00521915731366652,-0.000540970017373619,0.0130569060634421,-0.00033328814862209,0.0135481070473184,-0.000291841758459078,0.000606707845117681,-0.00484764555100621,0.000476310904509225,-0.000857616791483734,0.0162747429875373,-0.000417147409653806,5.86853414739404e-07,-0.00130325376561886,6.48631118092396e-05,-0.000672383774849005,2.09383147127768e-05,-0.00133515365082323,0.000450416600316005,-0.000434632445514261,-0.000351863431312621,5.26395772831819e-05,-0.00167312277645262,0.000884593468803973,-6.03772322619834e-05,0.00377555348221807,-7.56085325960714e-06,0.00025654535982475,-0.000688620426595974,0.000261603051039386,-0.000274057676055539,0.000397135080172697,-1.77686000469349e-05,-0.00128887073722275,0.000534987879192174,5.07498148664245e-07,-0.00282506667070953,5.12217758011199e-05,-0.000177735912900608,-0.000205197687473807,5.86246651854144e-05,0.000873632916536062,-0.000105139122327464,-0.000656534176793654,4.00898200455225e-05,0.0086044933412635,-0.000529082310064096,-9.49790772265813e-06,-3.11118566686396e-06,0.000812707878171942,-2.00583738517525e-05,5.10169399551078e-06,4.59735336079784e-05,-0.00478579326350374,-1.78128423732077e-06,-0.000582137319875015,-0.00013167252891746,0.000327443107579127,-0.000496603927532434,-0.000132160583496619,-2.84136924003419e-05,2.27756313562875e-05,-3.87349296697406e-05,1.29125796631977e-05,-5.58889485116394e-06,0.000102249854410417,-0.000294791678904847,0.000212283219289111,-4.5222394216865e-05,1.08108892219371e-05,4.76174073985067e-05,0.00011226374944068,-0.000189046427142781,0.000163775272735032,-8.28060486366231e-07,3.1324964519845e-05,-4.59135693951857e-05,4.77975451793649e-05,-4.76344634442982e-05,0.00011585056602426,-0.000430423484273858,0.000101794649269052,-9.5355442391215e-05,-0.000261870112563221,8.51128725553378e-05,-0.000803079184696888,8.14659814164015e-05,-2.55001424364487e-05,4.668890129154e-05,0.00153837680911819,-4.84132758974945e-05,0.000138301790885528,-0.000269480633396709,-3.27615517512883e-05,1.15771661374638e-05,5.33554466205378e-05,-2.9715649570322e-07,-0.000191716069933742,5.67972390080284e-05,-0.000163158200334529,-1.03450231701084e-05,-0.000398946824147852,7.74746293601514e-05,4.93288125777744e-06,1.55619826984818e-05,-9.62277185252887e-07,-4.2937365859956e-05,6.25526114556477e-06,4.04169579162844e-07,-9.71619841424501e-07,-0.000150667450937592,-4.44601683590141e-06,-9.47574891506409e-05,3.52509970747773e-05,-9.75823497332541e-06,-8.43085230752084e-07,1.25752520137631e-05,-0.00105738501681198,-2.99523781143363e-06,-9.90518300819356e-07,-0.000754746983332678,8.8863169064413e-06,-5.55899316118299e-06,-0.00164963398800978,7.03240474297551e-05,-0.000653344648060446,3.61181418320932e-05,6.17293425475697e-07,3.06925132035699e-05,4.1095997086013e-05,-0.00120894289270743,-6.13530540729313e-05,8.99407672171279e-06,3.22028002224102e-06,0.000142964023419556,1.22666663884785e-06,1.25838597706821e-05,-3.23462211555396e-05,-1.9975427559979e-05,-0.000630258914801795,0.000401470726673651,0.0019682832822959,-1.45540487359664e-05,-8.52858611077197e-07,-1.99491593382653e-06,-5.80274631696765e-06,-7.2417795324014e-05,1.69579911677599e-05,7.61998323298527e-05,-0.000666781834119827,-1.94842818709811e-06,3.56075698027839e-06,1.41081561156922e-05,2.89609870108288e-07,2.38935763474223e-06,-3.32807981620482e-06,-6.11556565607497e-06,-3.08132617985528e-05,3.60295395105674e-06,1.49541892057427e-06,1.49002392513192e-06,0.000245111210966048,-3.95085640536321e-08,-7.46510136531561e-05,-1.02803415485389e-05,-0.000356516486420017,6.4400922159069e-06,0.000238148766108417,-4.72475893389075e-05,-3.20495699739695e-06,-0.000204762510179453,0.00109314317865043,-0.00171982138616586,-1.58784902880223e-05,-1.00540784636487e-05,-1.17993523685557e-05,1.69694614236391e-05,1.46636766288289e-06,-2.62535646538064e-06,-1.28679592328549e-05,-6.98049636449817e-05,0.000554167537652943,2.12872556111985e-05,6.85196753120077e-05,-1.7211130989193e-05,-8.77916682789437e-06,-9.25699954655378e-05,-6.31171880003336e-06,-9.81754306321972e-06,-7.73605783993041e-06,0.000163775327380012,8.7547294467706e-05,2.57429795708894e-06,4.3004126820868e-06,-2.24321005680228e-07,-3.64832185149476e-06,-1.87733441639078e-05,4.09748006961926e-18,-2.78948515397608e-06,0.000209175776930251,-5.83377832280906e-06,-0.000104206704665048,-1.65973774777209e-05,1.98317980384232e-05,-3.17499166136818e-06,0.000115006343253555,-2.61937924840597e-07,1.7139408964928e-08,-7.07640376518584e-05,3.94261599359542e-05,-1.23380506809874e-06,0.00016864041548061,-7.78866471287948e-06,2.85876927771925e-06,-1.8419617530015e-07,1.38655952092943e-05,-1.25976269805831e-05,0.000124068860416792,3.89427132287646e-06,-7.45944412804509e-07,1.61331145792676e-05,-3.11881974487784e-06,0.00034233573358123,-0.000441390589251467,1.65448523492977e-06,-5.63101991083686e-07,1.04945086129604e-06,4.70501790998225e-05,-0.000170005854120557,6.89997801717246e-07,2.75418376726782e-07,-5.96051613268823e-07,0.000133245593074159,-5.89306779609009e-05,1.32935200364095e-05,-0.000458246461975998,0.000135259054624062,-1.58320710328781e-05,2.2496849961214e-05,-2.12628793192397e-05,4.44321961084524e-06,-3.44008564585335e-17,-1.08861583059036e-05,-3.72711458736847e-07,-5.54301270111242e-09,-4.77822661908565e-05,5.27286958927353e-07,-3.25970208508654e-07,-7.6130471641009e-06,8.53525955087247e-07,-6.79572685623488e-06,1.77976351831605e-05,6.49970990460388e-07,-5.76071520316743e-07,7.44165278434835e-06,-9.01051624676079e-06,0.00032011491167348,-4.27920615759136e-06,4.92385144056293e-05,2.46446920213504e-07,3.43311398081163e-06,1.01203835397892e-05,-8.34301796347074e-05,3.14727120020822e-06,-7.50639407426327e-06,1.00579500841347e-05,-3.64496328357057e-05,2.27469809136856e-06,2.05366036917636e-06,1.5644794618145e-05,-6.77251747026541e-05,-2.10428244014734e-06,4.40387039077428e-05,-1.11461203280091e-05,2.75111701434035e-07,2.55357405313706e-06,-4.93446459056894e-06,-6.11530059167407e-17,1.45679432979654e-08,9.78678052489225e-05,-5.5330206481072e-06,4.07529454993849e-06,9.37908285684626e-06,1.06415477424382e-06,2.46811248315713e-06,-3.6092298877815e-05,1.33965936925987e-05,2.4120111120718e-16,-1.02332262994365e-05,-1.24699987442296e-07,-3.48390503355712e-07,1.8499751610933e-05,2.61304921999676e-06,-1.76171411110806e-07,-6.72861100835707e-06,1.79234562393071e-06,-0.000152119973075964,1.11870471412311e-05,-2.27084380471199e-06,-4.10447104009983e-06,-2.16951951713612e-07,-2.14039383313513e-07,-4.08358315955218e-06,2.72864601817332e-05,-4.42439020394947e-06,7.20112325501429e-16,-9.00537344273526e-05,7.06757598440202e-06,5.23556444256134e-07,1.7844010188297e-06,-8.36873652185248e-06,-1.74201279788133e-05,0.000151712409602424,-0.00035165590709967,-1.51845383442644e-06,2.50167136274222e-16,-2.80777228565797e-06,-1.24482039406908e-05,-3.54601989375319e-06,1.32605107040701e-15,6.67942841004108e-06,6.71882884535899e-05,-1.0244860501713e-05,-5.4459288483288e-06,-1.81374243648996e-06,-9.69648741155229e-07,-3.4651589240635e-05,9.64703828960708e-07,1.02503339671737e-05,4.78252839924398e-06,2.09854789781639e-06,2.11638835899778e-05,-2.16355681350482e-17,-8.38199757888507e-06,3.93382273970409e-06,2.5446270785037e-05,-2.56379835289202e-06,-1.44958344807581e-17,-2.48820638104317e-06,3.21870649601938e-06,-1.11658293293608e-06,-9.93393205371991e-07,-2.51554450998602e-06,1.86095810118167e-05,-3.55175576311879e-05,4.98467274818903e-06,-2.89594254734736e-16,1.83561972477052e-05,-2.45212422345683e-05,0.000174922855689836,2.27982099216862e-05,-2.31765645315889e-06,-1.55777563046023e-08,7.42461647718073e-16,-2.00204982121974e-17,-1.51384982496547e-08,-1.35486175105899e-05,1.78752176988248e-06,-2.6025491401223e-06,7.90039148526029e-15,-1.25250282851838e-06,-1.48876251856617e-08,9.96981383497082e-16,4.32046678584046e-17,-8.76684759919717e-17,3.22518908368303e-06,9.5388866781095e-06,-1.39279914579734e-05,8.29542221906982e-06,4.13941329519794e-06,8.59929673609939e-06,-4.14439728463115e-05,-2.17079054003223e-15,-9.25251803897831e-06,1.64303193193261e-05,5.88109883655725e-16,2.54633294070201e-17,-1.69727380637196e-05,-8.3109346219733e-10,-6.42148485428938e-06,5.0556948158043e-06,6.4767577623782e-06,-3.49207258969581e-07,-4.43160891141076e-15,-1.17829251273917e-06,1.26514472663525e-16,-4.05511522893682e-06,-1.20183810820018e-16,-7.42667205970227e-06,-2.80771161317634e-16,5.86233856625578e-06,8.12560478543182e-06,4.99660311137024e-07,6.60986034377869e-06,5.83790758349035e-05,-2.64931217953323e-06,4.34236814927391e-05,8.68073880370424e-07,4.22376048475561e-06,3.92424949990035e-07,6.24130411669316e-06,-2.85895838061221e-05,-4.51242291968462e-06,-3.71972502109394e-07,-8.95964027054768e-06,-1.12238844321965e-16,0.000136969382547848,-2.42265389354366e-05,1.62601250348577e-06,1.56130716786923e-14,2.20869033942186e-07,6.23958008249398e-06,2.274459275633e-05,2.2896727798663e-16,-6.15704246049712e-05,-3.08202025798834e-06,7.20570332527649e-16,-4.16085018281466e-06,7.46423333844204e-05,9.27398003288884e-17,3.23017356107407e-15,-4.66531703736215e-06,-2.28187900801943e-06,-1.34173587893417e-08,-1.9353932369374e-05,5.65995111413427e-06,1.85442148320378e-05,1.63916962874238e-06,2.34449432717377e-05,-4.65032066385969e-05,-5.32375792755557e-15,1.81344808056816e-06,7.15564909713108e-08,2.06545105017867e-07,2.04729022226449e-05,-4.43849321898776e-16,2.291797336823e-16,7.3374293848236e-06,-9.49999873478936e-16,-3.21849267127021e-15,0.000115250994666809,-0.000178310747836241,-0.000582959187963008,-1.46093845353196e-05,0.49546953673645,-0.00917360689970683,-3.17835702252692e-05,-1.41932611677528e-14,-6.83856263005919e-06,-2.65027059220526e-07,-1.15058044339287e-06,0.00010095143780572,-0.000453032143988598,-3.2443869316676e-15,1.63668322003325e-15,-2.42234069113891e-14,1.52186401536175e-06,1.13485413451517e-05,3.67445777313426e-06,3.62431909506025e-15,4.7494271594571e-06,-1.59320773655061e-16,9.43501536454054e-17,-4.48462109007537e-05,9.79747491402145e-07,-5.66387214906428e-16,2.18967334378681e-06,1.18440214169189e-05,-2.16016731785684e-15,-2.87600845861849e-06,-4.8288980258353e-16,-6.77858005462298e-07,2.7120469128945e-16,-6.68908671523828e-07,-5.74124571741869e-06,-2.27654658219061e-06,-1.9114164596742e-07,-1.27385219465804e-06,3.95647120535832e-06,-1.35511825994194e-06,9.01634626187205e-17,-5.14151371316903e-05,7.30503209228041e-06,-2.19531426046973e-16,3.65306465738169e-07,1.02235253694562e-06,-1.58083201224659e-06,-1.15523901166377e-16,-6.31145450599227e-07,-8.95365096068666e-06,-2.00467796594299e-16,1.94714099410255e-06,4.22472098628336e-07,2.26113912939628e-07,3.9846029693618e-16,1.046187685121e-17,-3.07032335779828e-07,-8.70223123657914e-08,-6.92837077478305e-09,5.36019911748177e-07,-3.30014065101378e-08,-1.35739745340949e-16,6.44644696151598e-16,-1.15061991958969e-07,-7.88446900772343e-10,6.38166977115246e-16,-2.55124042466976e-07,-3.12764696362539e-18,-2.15631007246047e-06,4.00964763592124e-08,2.32292451181196e-08,1.48879186998672e-07,2.0912630675549e-15,-2.58242862782904e-17,5.13059438720506e-17,8.80453157905132e-17,9.54099004459543e-08,2.0255166706473e-07,-7.03672176408811e-16,2.09091155535524e-16,-2.47215990774769e-19,-6.73096453195672e-07,-2.3418447355176e-09,0.0362053456443951,2.20823585024905e-15,1.39959658446154e-15,5.14453930844372e-16,1.66549602034831e-07,-8.47033129248533e-08,9.07576651096565e-17,-1.45703528397842e-09,-1.21295990417496e-08,-5.54923441496949e-17,2.26893006410607e-16,-1.13423567851027e-08,-1.24770366616131e-10,-9.03592737276101e-09,-7.12889192134559e-16,1.56706741178675e-08,2.71228759855323e-08,3.53882829432371e-08,-3.98356138023319e-08,-1.48964777012527e-07,1.38014039809907e-08,2.80768031460585e-16,-1.61490693186781e-16,-8.61787912556242e-17,3.75542269546587e-07,-8.71605599080956e-07,-1.92599589541588e-08,-1.7709527972788e-08,-1.60142515260364e-16,-2.7569624007141e-16,-3.6063962561401e-16,-1.93119574536509e-16,-7.83446244823594e-16,1.06241449753555e-06,-9.03268108845858e-17,2.02710497298074e-16,-1.63444598661826e-08,1.70782651705824e-16,-1.46652131843009e-08,5.37372317924444e-17,-1.82526982532815e-08,-7.923458154395e-17,-2.3734070652707e-08,-3.01764833123194e-09,-1.94975615897972e-06,7.88788304330398e-17,1.0192111873459e-07,-7.19010588438926e-17,1.53001473941178e-07,-3.163276118733e-06,1.5941602166973e-09,6.63367751639139e-16,2.38380672674029e-07,4.44419617325505e-17,-6.07733803402966e-08,-3.43622725645737e-07,-2.32556480799177e-16,-2.80095688277012e-17,-2.63122092588169e-17,1.4423303376849e-16,-1.18663494308742e-09,-1.55644332462905e-08,-3.50432259217918e-09,1.7344994217556e-17,-5.0123511453827e-17,-4.23182960150338e-07,2.17400482667831e-06,5.17308670885622e-16,-1.35295451485003e-16,-1.73460645320698e-08,-1.82396379300647e-16,-1.24007334507966e-07,2.51649201373358e-16,1.19978866705118e-06,-2.67250290181706e-17,-2.69885540771611e-16,-1.11769876534145e-16,-2.5032964795179e-16,-9.80192322246056e-17,-2.36309356526043e-16,1.6686276371301e-07,-1.16763366386659e-06,-3.08988456836443e-17,-1.13781826968389e-07,4.35466492605309e-07,1.56880685061527e-16,-1.61472691081613e-16,-1.16236289531991e-16,-2.09293907528364e-17,4.40348885512317e-08,7.0825511862375e-09,2.08954368815525e-16,-3.17993269802282e-16,-8.09333926811973e-08,-2.8893944155092e-07,-4.82222408987322e-08,-1.51627694123128e-16,-1.55419490301426e-16,-8.58664059901809e-18,6.9086926323981e-17,2.00278403718445e-16,2.7877463899712e-16,1.78468393739811e-07,-1.69424488405447e-07,-3.26963229139501e-08,-5.10651598803591e-17,2.56589571030896e-16,3.19989552312489e-16,2.00685810978797e-16,-2.72078793359412e-16,-2.14201170558939e-16,-2.3758634623798e-16,-4.11404054852199e-17,4.82764307700368e-17,8.10474326358345e-17,-1.06052010636214e-16,4.5443626144833e-16,-5.85600663273968e-17,3.00323782753727e-19,1.31109898480588e-07,4.70204381026868e-16,6.52069792453919e-16,-1.46861563377108e-16,4.76254269776673e-06,-3.26131080495608e-09,-1.51533015125841e-16,-4.83397495114537e-08,4.39855797062513e-06,1.22449979145614e-16,2.04223323858194e-16,-4.86341629284665e-07,-2.78699833695797e-17,1.10638723751412e-07,-1.85806726161654e-16,-5.55698865601894e-18,2.00977460846923e-18,-3.12408530713015e-17,6.25732477778753e-09,-8.60259500303832e-07,9.06612687379024e-17,-3.91222302057287e-16,-4.78864943032239e-18,4.29706023839345e-16,3.9790219730218e-17,2.14460751542303e-17,-8.40962643613213e-17,2.08124775921766e-17,7.55175128645988e-08,1.69618077711009e-16,1.09953133897941e-16,-3.00177606822363e-17,-6.27446480275875e-18,-5.47197557189301e-17,-3.71382057514362e-16,-2.18011757253771e-07,5.19057402358927e-17,9.94186427575549e-18,1.62853640935509e-07,8.60372678086771e-17,1.00970568366266e-16,-7.43826675108978e-18,-2.20791841327435e-16,1.52302300414091e-06,-2.93825062619461e-17,-1.02796299142237e-07,2.82276401618293e-16,-6.90513712660445e-17,-1.73113657702489e-16,2.50752669089848e-16,-5.80167299608981e-17,1.74241639013366e-16,3.74194383242746e-09,3.14487281901948e-16,-1.5860805411019e-16,1.46540015307028e-07,-4.69845658427394e-07,6.66435738700684e-17,3.30676198861167e-07,4.85019108440037e-08,3.64646885804733e-16,-9.90756919535819e-17,3.87391389314682e-16,1.48679441386915e-16,2.3683492269685e-16,-8.31615521922874e-08,-2.16791361603981e-16,3.76772968838768e-16,1.79907003935148e-16,3.34625507730324e-08,-2.59094191439884e-16,-2.33657729425592e-16,-4.88152828683111e-16,1.08800350906479e-16,-1.53458816522635e-08,3.82936941111722e-16,5.07522855026648e-08,5.9378036973264e-17,-2.06645809553972e-16,-5.54883667102711e-17,6.81340254228632e-17,1.00340024377212e-16,-7.86140263828454e-16,-6.48485742435247e-17,-5.5960340214031e-07,-1.67691932479043e-16,-1.63489100079581e-17,6.00591785284675e-07,-1.32238266234568e-16,-8.6768848891386e-17,-2.79118406409996e-16,-6.80353216851671e-19,2.31584375372765e-17,-1.88922989601433e-16,-2.49637324346985e-07,-1.8454808859831e-16,1.46412693828939e-16,1.31048701291567e-06,7.77632477148735e-16,-5.10386535166262e-16,3.03237394816846e-17,9.12069365240735e-17,-8.65950015910191e-17,4.12766868798355e-16,6.2292631004154e-17,-7.42612647515325e-17,-1.06791573323632e-17,8.07227971093256e-17,1.30582454489939e-17,-6.95643571876351e-07,9.07214263237851e-07,3.96107416655339e-16,2.47424537601345e-16,2.30589993720576e-16,-2.43345832232019e-16,9.13765590970783e-16,-3.2065938596203e-17,1.31175643922114e-16,-2.32379503178903e-16,-1.14766424185915e-08,9.88999836411397e-17,-5.7586114359691e-17,2.09696621936351e-16,6.01594641696353e-16,1.4783548497779e-08,5.22758278591583e-16,-1.6276943563478e-08,-1.68922247805239e-16,-9.11798494252868e-16,-1.7932751222357e-16,5.75290601342424e-17,-2.1340331846588e-17,3.42919608264963e-17,-3.39635063810278e-17,-1.83261857517511e-16,4.07854091146242e-16,-8.02245033223967e-17,5.63246138241132e-16,8.49432985551858e-17,2.74713449637857e-16,-3.21001259249637e-17,2.55162179123828e-17,3.25241548821906e-16,-1.62704072769196e-16,3.07171944604379e-16,1.19450742044108e-16,9.93442860185759e-16,1.25333771139324e-16,-5.48662164938777e-17,-5.8080833159906e-16,-6.43904113291004e-17,7.40304076670248e-17,1.14882074713378e-09,-3.02431411854824e-16,5.5000989271079e-16,-2.01890541813295e-16,-7.04400417453014e-16,-5.72395651043488e-17,-7.77591255473216e-17,1.24402463251141e-15,-4.28286387040136e-16,-5.20021649662829e-17,1.05424266206476e-17,1.60461921527855e-17,1.78606186004729e-16,3.81987833528226e-16,-8.20817906096193e-17,-3.36845290824229e-16,-6.34865453604729e-16,-1.60458498539267e-16,-1.50004095280776e-08,3.41302937523302e-16,9.62877873928375e-16,5.98533350563085e-16,3.41580646947797e-16,-8.36091936934733e-16,8.7934462267743e-16,-2.32529247518672e-16,-1.35189229927429e-15,1.53220822736317e-16,3.22294394091536e-09,1.72981428269272e-16,-1.35542702432714e-16,-1.19485463553832e-15,9.86234535278084e-17,-3.9410298619443e-16,5.88835338716611e-16,-1.3247898369358e-15,-4.19552801450416e-15,-1.49654685756437e-15,8.72340460892646e-15,-0.707106781186548,7.55107922863977e-15,-6.51932710836299e-15,1.64757506934894e-08,-9.05470553667757e-16,1.06762591440294e-15,-4.31005202812443e-16,-1.36999786515268e-15,-4.98827269304608e-08,-3.60564671195638e-16,1.07511234558274e-15,-1.13704820159691e-16,9.04901894125522e-16,3.1920026413883e-16,-8.1510686040297e-17,1.02104450316666e-15,3.37122489801386e-17,1.57907373295671e-16,1.17421682218971e-15,6.35916700903378e-17,-2.45798701475057e-16,-1.20525865726071e-16,-7.93226569537308e-18,3.02004728077168e-17,2.07579233291694e-16,-2.05030950911303e-16
"t241",-0.0272978146575843,-0.00428581304163579,0.00051624280260662,-0.0219761102953229,0.000128081945957895,0.0008404961005887,-0.00513377502647361,-0.000125449245513129,-8.22550076577949e-05,0.000475376859280501,0.000321083097219458,-0.0220754156629001,0.0271106786122621,-0.00431195586080623,-0.00151590888061254,0.00297374334074981,0.00037291319563515,-0.00386232943061364,0.000198373424071877,-0.000249633943408373,0.00670751487174251,-0.00218269246008794,0.00203106146583781,-0.0215884066414846,0.000374857175310099,-0.00130811929759486,0.00185728647619073,-0.00194297171248175,0.0457764706112394,-0.0589964037735225,0.000240196380630409,-0.000569842914096318,0.485263380837606,0.00770224877910819,-0.000467499916557082,-0.000298532214611953,-0.0215578149841845,6.40389861803896e-05,0.000496444181669691,0.000122339309232082,0.00513069348382082,-0.000531583500669441,0.012827052360285,-0.000327413954867408,0.0133052530007675,-0.000286284654763652,0.000594946603934933,-0.00475288606193712,0.000466783154554508,-0.00084003677669236,0.0159303223246852,-0.000408189594771491,5.74224566250476e-07,-0.00127470125801572,6.33923657383131e-05,-0.000657059517480188,2.04169155491285e-05,-0.00130112900724347,0.000438907016747323,-0.000422901519304155,-0.000341981276501773,5.11325228882149e-05,-0.00162448151880764,0.000858777769056752,-5.85651459734591e-05,0.0036594172749255,-7.31576236724284e-06,0.000248037585458496,-0.000665545316139255,0.000252673325200912,-0.000263794331885766,0.000381254616602896,-1.70511153134981e-05,-0.00123578316480748,0.000512897771997605,4.86365136835004e-07,-0.00270703195674363,4.90465031424602e-05,-0.000169911314999198,-0.000196034860565841,5.5943698960721e-05,0.000833476548047267,-0.00010012650901638,-0.000624893994738078,3.80688359568311e-05,0.00816550823036698,-0.000501764689359137,-9.00656580596474e-06,-2.95015821460098e-06,0.000770591004880946,-1.90141938093161e-05,4.82481757787569e-06,4.34691317207035e-05,-0.00451852736537128,-1.67759617632512e-06,-0.000548043595652274,-0.000123958740504621,0.000307963659919944,-0.000466893902265005,-0.000124085647827426,-2.66481264093104e-05,2.13582974918373e-05,-3.63204130793692e-05,1.20471050811288e-05,-5.21232387426815e-06,9.5332304288843e-05,-0.000274703778599419,0.000197788657482248,-4.21236873368781e-05,1.00661456864493e-05,4.43314347814769e-05,0.000104436945439991,-0.000175850456783506,0.000152037368621334,-7.68382675213024e-07,2.90400335151138e-05,-4.2546508162367e-05,4.42408391258095e-05,-4.40405162473636e-05,0.000107019145493724,-0.000397420435256456,9.38331488977898e-05,-8.78028229933011e-05,-0.000241118750119758,7.83561105074875e-05,-0.000738505774196651,7.49086025078833e-05,-2.34251626221327e-05,4.27723495229211e-05,0.00140928512607972,-4.4340810394811e-05,0.000126434477893333,-0.000246267987841343,-2.99316654454641e-05,1.05657744649728e-05,4.86869918451293e-05,-2.70538419613961e-07,-0.00017422167842733,5.14843788527568e-05,-0.000147885689717072,-9.37261382231501e-06,-0.000361366912655307,7.01517595831515e-05,4.46602083573281e-06,1.40891314701425e-05,-8.70355162708347e-07,-3.87602951110199e-05,5.63554132244218e-06,3.63947385924404e-07,-8.73969474948826e-07,-0.000135513165648687,-3.99716141432508e-06,-8.51701249752581e-05,3.16755034115575e-05,-8.74590519479022e-06,-7.55310730656848e-07,1.12627323073009e-05,-0.000940716960127419,-2.6603984579234e-06,-8.79566470578125e-07,-0.000669273185372701,7.87770606019868e-06,-4.91921800465865e-06,-0.00145946200161151,6.21079224398847e-05,-0.000576032536809621,3.16867768365746e-05,5.41462085811378e-07,2.69208806287579e-05,3.60214307082517e-05,-0.00105881716021353,-5.37280955246411e-05,7.86384442925351e-06,2.81420617612537e-06,0.000124802001769873,1.07054838156294e-06,1.09808166213591e-05,-2.81547817483923e-05,-1.73416622386941e-05,-0.000546912336359856,0.000348229564952068,0.00170508362538227,-1.26016723538265e-05,-7.38094401415561e-07,-1.72568555915198e-06,-5.0119338711583e-06,-6.25247138863285e-05,1.4593081346245e-05,6.55660446553213e-05,-0.000573094834279141,-1.6695269282034e-06,3.04324691773711e-06,1.20470008929711e-05,2.46970818231378e-07,2.03555240670955e-06,-2.82687471010452e-06,-5.19121630696281e-06,-2.61201431318626e-05,3.05209689919873e-06,1.26005804730805e-06,1.2551959900351e-06,0.000206013138500676,-3.31321035009371e-08,-6.22643320270746e-05,-8.57433146022602e-06,-0.000297203548748946,5.36040315676366e-06,0.000198010435152838,-3.91722903181075e-05,-2.64775161773151e-06,-0.000168677170261714,0.000899696299339311,-0.0014097699048975,-1.2986572249263e-05,-8.22245888993846e-06,-9.63278138837998e-06,1.37913639054923e-05,1.19070660405428e-06,-2.12191043169378e-06,-1.03666517148407e-05,-5.61727177897672e-05,0.000443864826566081,1.70311348338135e-05,5.47527319068474e-05,-1.37014120612648e-05,-6.98357258388008e-06,-7.36229526654016e-05,-4.99903426012898e-06,-7.75601388076702e-06,-6.09427774271364e-06,0.000128851403117363,6.87859903198746e-05,2.02007780427777e-06,3.37336997029065e-06,-1.75380829204838e-07,-2.84643871355614e-06,-1.46139224748038e-05,-8.314813188541e-17,-2.1643635581609e-06,0.000162193238972669,-4.50289896687271e-06,-8.01494644410517e-05,-1.27282736123447e-05,1.52060133466417e-05,-2.42107301613019e-06,8.76159348708224e-05,-1.99468044832674e-07,1.30249952109842e-08,-5.37017418522833e-05,2.98434583901852e-05,-9.32860467774267e-07,0.000127446363391945,-5.87093386310549e-06,2.13138186556487e-06,-1.36788680710122e-07,1.0262905358317e-05,-9.25679004500286e-06,9.11187399081271e-05,2.84532500052553e-06,-5.43433949220659e-07,1.17041522842108e-05,-2.25956938422416e-06,0.000247668898523706,-0.000318701908648394,1.19109891231342e-06,-4.05252626955454e-07,7.495837893672e-07,3.36003298449841e-05,-0.00012138386778384,4.91637122130175e-07,1.96089248640925e-07,-4.23322728960037e-07,9.45889393091318e-05,-4.12035396317166e-05,9.27883721677491e-06,-0.000319421754339592,9.39885390388176e-05,-1.09737282159399e-05,1.55042548608551e-05,-1.46292564729442e-05,3.05294741321716e-06,-3.71831404048362e-16,-7.44550758718419e-06,-2.54757721419299e-07,-3.78124448578485e-09,-3.24408384763127e-05,3.56519561736936e-07,-2.19968081025775e-07,-5.1323491791258e-06,5.68104370575395e-07,-4.51943822942348e-06,1.18334868545993e-05,4.30507654633911e-07,-3.77367784560834e-07,4.86536695243792e-06,-5.88312762915225e-06,0.000208072141249331,-2.7330810404516e-06,3.12112978345567e-05,1.56148286530473e-07,2.17492623220604e-06,6.28907159616343e-06,-5.06519943970615e-05,1.90493390268772e-06,-4.52291501207778e-06,6.02689960077497e-06,-2.18039035444138e-05,1.34106694164037e-06,1.20940558115455e-06,9.19441079971657e-06,-3.97460391726413e-05,-1.22922045255e-06,2.55920772967532e-05,-6.44595453391726e-06,1.58761745539268e-07,1.46826341746517e-06,-2.81504782251255e-06,-1.84325105524535e-17,7.90107204469832e-09,5.27982573867782e-05,-2.96105879873856e-06,2.18041697865327e-06,5.01684699972483e-06,5.68080932823045e-07,1.31259478535439e-06,-1.91080313462381e-05,7.02681571390986e-06,-2.19914458941224e-16,-5.25122166650125e-06,-6.38125637885883e-08,-1.77214221210485e-07,9.40340951436267e-06,1.30825401452025e-06,-8.74537328757699e-08,-3.29947683090471e-06,8.71394847504615e-07,-7.25665143874689e-05,5.24144192831209e-06,-1.05150302955934e-06,-1.88780434861447e-06,-9.93643523981449e-08,-9.72906604170226e-08,-1.85461492074357e-06,1.23253714387291e-05,-1.99002962902733e-06,-1.06977928502717e-15,-3.92021495729602e-05,3.05519212355108e-06,2.26308834016043e-07,7.55793534392573e-07,-3.53355503563704e-06,-7.07032016557794e-06,6.08587279976774e-05,-0.000140735854164941,-6.02298977474419e-07,-4.05051739995606e-16,-1.10225895031088e-06,-4.86786715721304e-06,-1.366372382174e-06,3.87023343794475e-16,2.53205164860234e-06,2.53704485063433e-05,-3.86061236929333e-06,-2.04355509168367e-06,-6.75750025017439e-07,-3.59312168723711e-07,-1.27857573495125e-05,3.51427032785499e-07,3.72831451441276e-06,1.72399759425732e-06,7.4442171020951e-07,7.50127047807466e-06,1.51651876935649e-16,-2.8754767955919e-06,1.34166360295588e-06,8.56636482226008e-06,-8.45808916682485e-07,9.23048253202709e-17,-7.84262723520005e-07,9.6034267469498e-07,-3.24578104766955e-07,-2.85193092861077e-07,-7.11286456940584e-07,5.11135014082865e-06,-9.2834745574298e-06,1.13514291985454e-06,2.54036819813351e-16,3.61712860027993e-06,-4.76535184385711e-06,3.29976784162204e-05,4.11940517415013e-06,-4.17356696132312e-07,-2.77000449075693e-09,9.36750677027476e-17,-1.42308336708864e-16,-2.49349777756185e-09,-2.07530394314939e-06,2.71218684324483e-07,-3.67632789050912e-07,9.95921979926554e-16,-1.47741481929442e-07,-1.59949882449504e-09,-7.75911480724162e-16,1.36040699195747e-16,5.54841800335072e-17,2.38011553177902e-07,6.62283915998079e-07,-7.55055982881505e-07,3.41234026874515e-07,1.63891049284625e-07,2.1882884805618e-07,-9.86515591063491e-07,3.27154752486866e-16,5.07211910456609e-08,-2.62800999420561e-07,-3.14945033421415e-16,-4.84465227201173e-16,9.8800527127644e-07,5.70473984626719e-11,5.31528903952034e-07,-4.668949807104e-07,-7.18492078821837e-07,3.97973278182672e-08,4.22108863518988e-16,1.39182199100559e-07,4.45071619166098e-17,5.27888577827785e-07,1.92613936952912e-15,1.03336811249817e-06,3.02338847602258e-16,-8.83153138871236e-07,-1.24312938139913e-06,-9.21508625155088e-08,-1.26407858172815e-06,-1.13313896962395e-05,5.47411785481866e-07,-9.44943927644034e-06,-2.11411342795259e-07,-1.02964069196486e-06,-9.88388830167465e-08,-1.66543271756608e-06,8.21088456840429e-06,1.37451598418223e-06,1.18472958788904e-07,2.91544640576368e-06,6.6957643216303e-17,-4.75326910885915e-05,8.92154222320728e-06,-7.00145693559404e-07,-7.09389079790562e-15,-9.92338231436934e-08,-2.98305692355687e-06,-1.11584590164362e-05,-4.81084421222386e-16,3.06060726040503e-05,1.61254742839632e-06,-6.49988505860239e-16,2.23141998220541e-06,-4.61440423698941e-05,1.29750812786584e-16,-3.75955298733396e-15,3.04124702659966e-06,1.49453006099936e-06,8.98227634931086e-09,1.32904886846338e-05,-4.11304752323235e-06,-1.3541227287712e-05,-1.20513491701215e-06,-1.85459738077947e-05,3.89984788830159e-05,6.71197038920601e-15,-1.55431597419238e-06,-6.15607874843417e-08,-1.80030526431671e-07,-1.81263766702018e-05,6.45125662873765e-16,-1.58847133730425e-16,-6.63658984511577e-06,1.11723292154634e-15,2.39340240274964e-15,-0.000118928443652975,0.000188174102652636,0.000615495160122951,1.61954461235299e-05,-0.552884120792518,0.0102510417038238,3.58403364430178e-05,1.54999847201885e-14,8.488774651389e-06,3.35769890879581e-07,1.46756178657476e-06,-0.000133159180138917,0.000635357814528254,3.60180250656594e-15,-8.77879251907258e-16,3.58835414759509e-14,-2.33229369529997e-06,-1.80762049130839e-05,-5.87001160553947e-06,-5.61639292703347e-15,-7.87685360500234e-06,9.11763166308341e-16,-4.89490068586015e-17,8.79653179810138e-05,-1.92589039317882e-06,1.38083988687754e-15,-4.48976621628894e-06,-2.48952661923166e-05,6.71567691937559e-15,6.36362674965696e-06,9.63219510843336e-16,1.59743046165376e-06,-3.14649504557212e-16,1.58540027491964e-06,1.36681666426096e-05,5.44712597817479e-06,4.6057390783724e-07,3.11861584628589e-06,-1.02910947986248e-05,3.84602342198202e-06,-3.68430334723831e-16,0.000163488148034097,-2.35206512315712e-05,5.24075356633931e-16,-1.19610686629728e-06,-3.45260138196437e-06,5.4919638105332e-06,9.07245497343524e-16,2.42310145542676e-06,3.50857726123695e-05,1.20424121546774e-16,-7.84346166416752e-06,-1.72539224667909e-06,-9.72871671833903e-07,5.24576289767889e-16,1.40093621527323e-16,1.50491356155535e-06,4.52445829585037e-07,3.64703721198213e-08,-3.77246235068578e-06,2.44938811362076e-07,8.31409555208622e-16,-1.25403745125404e-15,8.86905368809775e-07,6.10700501270124e-09,3.66702138066824e-15,2.11137920094401e-06,-6.87428309513686e-16,1.90776752785644e-05,-3.90528884972526e-07,-2.27839810332212e-07,-1.50141440313831e-06,-2.98039342673357e-14,-1.61739509565503e-15,-7.79713825117127e-16,-4.20400145567595e-15,-1.23063003744153e-06,-2.65088186846878e-06,4.49369135448392e-16,1.01170780535815e-14,1.04872646704983e-15,8.88851316903482e-06,2.9293095349901e-08,0.669079657194884,4.02964825536537e-14,6.86733656052319e-16,-1.59625459551782e-14,-1.24506459994648e-05,6.72783547287577e-06,3.16140754772916e-15,4.49477511848868e-07,-1.85471243313734e-05,-4.73791575941021e-16,3.06623295742924e-15,-1.14172411027256e-06,-1.16820473507894e-08,-5.59597614772587e-07,4.63732612207422e-15,6.20684750007794e-07,8.97252080463385e-07,9.53323031356906e-07,-8.58056982393716e-07,-3.04635457176369e-06,2.57941233128933e-07,-4.23738918550414e-17,8.85026656994268e-16,9.02633472484864e-17,4.75046796473729e-06,-1.0972398794706e-05,-2.33159763279659e-07,-1.8012411620879e-07,-1.92692063992286e-16,1.11468736436174e-15,-2.36381211668083e-17,-1.33588553485202e-15,-7.50810695579729e-16,9.29773088509209e-06,1.37516955202347e-17,3.35965591514634e-16,-1.35778354638761e-07,-1.2902961261878e-16,-1.21501443742686e-07,-6.08289281189583e-17,-1.50544260735001e-07,3.73189577208246e-17,-1.80274140527233e-07,-2.25027065257461e-08,-1.41474251882489e-05,1.2641063758749e-16,7.1597630438807e-07,-4.29524137108762e-17,1.00561803483959e-06,-1.92168542133044e-05,9.6531605534344e-09,-3.47349003742313e-16,1.4015094044383e-06,3.03999187807384e-16,-3.41794163380798e-07,-1.92848955088242e-06,6.54111112110608e-16,-9.7841327351919e-17,7.2416671255797e-17,-3.22199934667935e-16,-6.43338981721929e-09,-8.36385111891051e-08,-1.86408271844237e-08,2.6527084871412e-16,4.02283449417071e-16,-2.14842498171994e-06,1.10149526301039e-05,-4.72531326759259e-17,3.25777559384092e-16,-8.32739116452636e-08,6.46538090790251e-16,-5.88829756585954e-07,-9.79695741485365e-16,5.52422297511087e-06,2.0224116745381e-16,4.70108083173388e-16,1.89839290746354e-16,-2.76811215176082e-17,-7.49689946099892e-16,6.48945280605025e-16,7.24703584586974e-07,-5.06746074295733e-06,-3.9622321690565e-17,-4.84426515415837e-07,1.83949988793463e-06,-1.00217972964807e-16,-4.06488011692706e-17,-1.05161089347754e-16,-1.0703706240582e-16,1.80017610157242e-07,2.87404126737338e-08,3.7768585991932e-19,-7.97508268271812e-16,-3.25757068252375e-07,-1.16175869488538e-06,-1.9320551914985e-07,-2.37564809305715e-16,3.80917048414426e-17,-1.27093709676425e-16,1.48013056032166e-16,1.38073843954568e-16,2.86517957545513e-17,6.7691428860474e-07,-6.39481245116935e-07,-1.22817780220147e-07,-1.01051047377926e-16,-4.1441656638885e-16,-4.1758068036401e-16,9.72006526351579e-17,-1.91962655461547e-16,8.44853287504868e-17,3.53125874104803e-16,-2.77383189274987e-17,1.30493597429117e-16,3.18787930000194e-17,-1.82421294658905e-16,-6.64833817406486e-16,7.64109362978757e-17,1.72195115311608e-16,4.5657955583088e-07,1.77645767466402e-15,-1.55079282394805e-15,-3.24538929276385e-16,1.64308245881969e-05,-1.12275514582764e-08,1.27953127176654e-16,-1.66197098156604e-07,1.4954024972582e-05,-6.18489922829495e-17,5.28300006745597e-16,-1.6309966596993e-06,-1.84208358673644e-17,3.65039463654054e-07,-2.72397546613058e-16,-7.56883122381773e-17,-1.00587422793286e-16,4.34530195266139e-16,2.0140439526289e-08,-2.76437697118511e-06,-1.35847554055584e-16,5.36855680871574e-16,-8.09818190723013e-17,-5.73785163245271e-16,1.82254385194813e-16,-1.86642503303131e-16,-3.41649299545226e-16,1.35148987265044e-16,2.24313259422177e-07,-6.45807091495365e-17,-9.91554555146821e-17,8.34648561043932e-17,3.61773089463314e-16,-8.87051644793675e-17,-1.46700879910628e-16,-6.37580000191343e-07,-2.72073928775054e-17,-1.45048148369323e-16,4.749303145702e-07,7.80607850555498e-17,1.37851896018665e-16,3.79254533742756e-17,1.46879278790404e-16,4.30184726826404e-06,-2.55911889247924e-17,-2.88752429379301e-07,1.5592823853898e-16,-8.64961791959502e-17,-4.02158076953069e-16,-1.49356345501461e-15,8.47318098957161e-17,1.48646990358638e-16,1.03950218524224e-08,-3.02177597514837e-16,-1.08311853021634e-16,4.0369585517214e-07,-1.29381338925749e-06,2.89885023689904e-17,9.0415245258328e-07,1.32324660070637e-07,1.18314507471049e-16,-3.01251111277882e-16,1.59534524769976e-16,2.48086942121897e-17,1.20968356443599e-17,-2.19843676428732e-07,5.43330746797275e-16,8.36187007370324e-17,-3.33004512313013e-17,8.77725604763046e-08,-2.36395796020972e-17,-1.84379104839402e-16,-2.25151243328542e-16,3.68975101807003e-17,-3.98461059023087e-08,-1.1720899024445e-16,1.31373320823008e-07,2.68542619381715e-17,1.55150154105537e-16,-6.78428243302242e-17,-8.78662428263159e-17,-1.31632160931465e-16,-1.31661175882892e-16,-1.64409538475162e-16,-1.42548719634546e-06,1.79659923607688e-16,7.48980379876668e-17,1.52394177881426e-06,-1.70959877742079e-16,9.69758985007436e-19,2.11840663801175e-16,3.17985329223047e-17,-2.2462588953081e-16,-1.00107813960445e-16,-6.25840529352599e-07,6.2054922759865e-17,-9.90053187629372e-18,3.26801120242056e-06,2.51978852009349e-16,-3.04232583073428e-16,-3.13228321720994e-16,-1.87216395069951e-17,3.46641178263801e-16,-5.81540335509842e-16,1.65916687645233e-16,-8.1301614142651e-17,1.59156273030987e-17,2.02228334509932e-16,-2.19462801363335e-16,-1.70195634389763e-06,2.21461270651887e-06,-4.92891237946165e-17,-6.74474247519545e-17,5.62340035005896e-17,-2.38682150184684e-16,5.3256010712488e-16,-4.53046677405673e-18,-7.26616993177613e-17,-1.26534273289595e-16,-2.76945159914261e-08,-2.92729095534615e-17,5.57163719720733e-17,-9.16329863519884e-17,-7.53712698690818e-17,3.53342992302198e-08,-1.27057122991307e-16,-3.84945714411109e-08,-1.01155445205088e-16,1.42365104457554e-16,-2.78187633796241e-16,9.70538244138745e-17,-2.33646187047075e-17,2.51306071325424e-16,-1.5723655587624e-16,6.26709201135985e-17,5.04299446276909e-17,4.78351918854119e-17,3.83349403787016e-17,-4.48688869546722e-17,1.02981927205018e-16,-3.2268905745459e-18,8.68171808419891e-17,7.45990514065804e-17,9.76697602304374e-17,3.19322291357014e-17,-9.70301444937672e-17,4.10711375752258e-16,9.05308814025396e-16,6.28429019324952e-18,-5.80701829011336e-17,-6.35161392586255e-18,7.93785797205416e-16,2.61843462915373e-09,2.24424204629868e-16,4.08261026070279e-17,6.17327781915203e-17,-1.22730074817996e-16,1.21505845284451e-16,6.25104897111486e-17,-7.97780916351991e-17,1.16065986130367e-16,6.24615197329141e-17,-8.96818398972002e-17,-6.26668855696622e-16,3.94715563439366e-17,1.54531751862786e-17,-4.94845351666602e-17,2.75258268699335e-16,-1.42530127389414e-16,3.80622709377078e-17,-3.34029255297942e-08,-8.39267751512032e-17,-7.23706806801785e-17,-5.39054012143027e-17,-1.69456398866375e-16,2.12184225780884e-16,-5.18792475982097e-17,-5.67410761570438e-17,1.43688736121567e-16,6.49210126317437e-17,7.01566107759868e-09,3.72428931598605e-16,-4.9473612092582e-17,-7.39066502599987e-17,8.42996216977396e-17,1.04506220471154e-17,9.89964478663783e-17,6.2469320534168e-17,-5.14357647201985e-17,-1.16335933624063e-17,-4.17927768637273e-17,3.27746295899505e-16,5.86851119193249e-17,8.87913848902626e-17,3.50977493193484e-08,-6.53563232269339e-17,-2.32120884756592e-17,-3.928433493226e-17,-4.62520646782316e-16,-1.05240356735965e-07,1.70311035139416e-17,-3.12298810636954e-16,4.58072966620561e-17,-1.0423621560683e-16,-1.40502056523941e-16,3.69847392280784e-17,3.1058000957279e-16,3.00167584335746e-17,1.48954701082335e-16,-3.35036611524655e-17,1.71189052094492e-16,1.48451985923602e-17,-1.09616651447533e-16,9.29983502470082e-18,6.41520695280787e-17,4.53021362519096e-18,-1.64312975703112e-16
"t773",-0.0314918831687292,-0.0175019438114206,0.00536665644506202,-0.00601383408018189,-0.00164730925767745,0.00131525573180204,-0.00784577630561244,-0.000184103997730317,-0.000125422057236648,0.000840181356940134,0.000817830295301266,-0.119004908425822,0.224526939043053,-0.0421058603001513,-0.0384348618293919,-0.0423248403739016,-0.00208515114642085,-0.136173830316517,-0.00163039359999196,0.000772177946116493,-0.012657893516967,0.00175052893777316,-0.00126674464668873,0.0117705688947778,-0.00735928109580334,0.000681830369571102,-0.000923137906392103,0.000931485788700069,-0.0197094742595988,0.0119632933481393,-3.34213757854788e-05,5.72201300861755e-05,-0.0226628509837614,-0.000114303056943604,-7.82222233242871e-06,-1.97300377137073e-05,-0.00495977342489228,4.33590523016547e-06,3.62499584935334e-05,1.00412914474905e-05,0.000496720333397846,-5.73225860500934e-05,0.000731822649181219,-4.38050356839828e-05,0.00166710119157579,-4.34126139127065e-05,0.000263154030517623,-0.000772515044955419,8.01968437360194e-05,-0.000151608319480553,0.001719348386183,-8.72412903552697e-05,1.22430631170442e-07,-0.000275237898325295,1.44517409522603e-05,-0.000151075939575429,5.41861466628331e-06,-0.000357815728962852,0.000121202743682841,-0.000126722961363406,-0.000108587748027483,1.66916370790905e-05,-0.000542061276459126,0.000288124120985415,-2.04213926631339e-05,0.000785207280140609,-2.88531089664163e-06,0.000101326896230585,-0.000276403432697333,0.000108133792047704,-0.000317026120085383,0.000222846887487476,-1.02292783673223e-05,-0.00176813507373925,0.00073504402974328,3.09174959340422e-07,-0.00174326029008888,3.33126439700979e-05,-0.000130175168369928,-0.000158412199610053,4.99692290766662e-05,0.000762213138926067,-0.000111943559841255,-0.000752882542752414,7.99791802611202e-05,0.0296993869491144,0.000633846149625356,3.95443007942685e-06,8.54975298775038e-07,1.18480555703626e-05,-1.2904738173211e-05,1.75749700133798e-05,0.000180925658520631,-0.191240544519815,4.8647890931118e-06,0.001389286888796,0.000986983857678629,-0.000553902027355266,0.000761321165654912,0.000148023378434781,2.57957442203294e-05,-5.36898310034825e-05,3.39018306764088e-05,-5.63526318705277e-06,2.33474778678054e-06,-0.000104557856311594,0.000112015383236534,-4.787245129945e-05,1.64489603966357e-05,-3.7653015265228e-06,-1.63543183689734e-05,-3.55202868868291e-05,5.92372529693324e-05,-4.16085083377061e-05,2.01294437033309e-07,-6.9150087325337e-06,9.70651605920176e-06,-8.96881171550787e-06,7.95842208249152e-06,-1.77050514343903e-05,6.2485679713158e-05,-1.23051296751676e-05,1.01756546684829e-05,2.78084594376075e-05,-8.87280813505279e-06,7.30352503516195e-05,-7.32229479689667e-06,2.02104765476792e-06,-2.43336196835264e-06,-7.97525156342424e-05,6.74925560690383e-06,-4.72240340589907e-06,2.06676372701076e-05,9.4034475941534e-07,-2.38847716124926e-07,-1.04154404130189e-06,1.02504632255351e-09,-1.61652124863849e-06,1.32706932494378e-06,-3.87792739199325e-06,-2.70923718216489e-07,-1.09349786856387e-05,2.27427837619307e-06,1.48443063787738e-07,4.68453367377531e-07,-3.39635577182674e-08,-1.94081349279384e-06,3.42472206305658e-07,2.30610575080165e-08,-6.02952673461099e-08,-9.40904760378218e-06,-2.85975160805267e-07,-6.19867687537256e-06,2.34966425807361e-06,-7.58729281776286e-07,-6.70175905206732e-08,1.0150497604024e-06,-0.000266512736472961,-3.26747816060931e-07,-1.09697217914266e-07,-0.000208312916561238,9.14733257302796e-07,-6.17379514370782e-07,-0.000124300316105282,9.2245059897981e-06,-5.47487440513619e-05,5.51821373693152e-06,9.45839811841314e-08,4.70611923415753e-06,6.34285009576354e-06,-0.000119458780374313,-1.18699005577979e-05,1.50520222470459e-06,5.43320519864608e-07,1.51677820757057e-05,2.12332789362047e-07,1.34674940991534e-06,-5.87714773403243e-06,-3.77840561771886e-06,-0.000119627533612182,7.61958234159903e-05,0.000243078440677184,-3.37524930453562e-06,-4.71412354841199e-07,-4.3020032600455e-07,-3.08087847404781e-06,-1.58644400359119e-05,3.93858351446719e-06,1.77349314345306e-05,-0.000158562774612493,-4.92882796164955e-07,9.50739248913089e-07,3.84021341516681e-06,1.94490247395562e-07,6.84912959673654e-07,-1.02293529866337e-06,-1.90965504083419e-06,-9.95813592678005e-06,1.18517876963624e-06,5.71454858177799e-07,5.73825098190504e-07,0.00010157323890673,-1.77218446690864e-08,-9.75133276648487e-05,-5.66960023250106e-06,-0.000206462029926981,4.05235010913258e-06,0.000159531322581294,-3.84338036400834e-05,-8.18911494797352e-06,-0.000340980828246418,0.0014135576565363,-0.0468643085688268,6.80445224886425e-05,4.1769658972731e-05,2.54696922630442e-05,-1.56926061331465e-05,-1.21178134007535e-06,1.3373092018028e-06,5.02131962406455e-06,2.50364310079141e-05,-0.000144370450056404,-5.16375828326044e-06,-1.53931087488078e-05,3.07895359849898e-06,1.50097971530843e-06,1.5652255408322e-05,8.35438881814599e-07,1.1173755113231e-06,7.40503425926965e-07,-1.4453035341448e-05,-4.35816217750804e-06,-1.91791362147612e-07,-3.12737574267522e-07,1.28800819492292e-08,1.77984879602789e-07,7.52811569215364e-07,-4.70407106387905e-17,8.00444413549189e-08,-5.55327116155691e-06,7.44347454625545e-08,3.3570564080355e-07,-6.70472849635555e-08,8.84476195838767e-08,-5.29965289110605e-08,2.14076753253771e-06,-5.10468400534717e-09,4.0391248667851e-10,-1.14712279777464e-06,1.22046492914052e-06,-4.06894074529959e-08,5.70046391768715e-06,-2.97534244883867e-07,1.57009620372705e-07,-1.1108542935772e-08,2.14068695880596e-06,-2.20175207126398e-06,9.19913982246553e-06,3.11710311306892e-07,-6.20953096439116e-08,1.41415419330634e-06,-2.77552078523804e-07,3.08951766287899e-05,-2.52266694823661e-05,1.59359988084694e-07,-5.44101408893244e-08,2.59790529835051e-07,5.16364598340047e-06,-4.23788983263842e-05,7.28096581668901e-08,2.93098551343711e-08,-6.48268765262128e-08,9.02147149277061e-06,-7.30501367331442e-06,1.65991437012819e-06,-3.62137240170403e-05,1.77912634995325e-05,-5.07465355115535e-06,3.14607014390193e-06,-1.86236775629637e-06,6.36386725676999e-07,3.11096946698507e-16,-1.61881342988128e-06,-5.57064785374091e-08,-2.00809106474907e-09,-1.80379689091853e-05,8.68348250505153e-08,-5.47550683554931e-08,-1.29184323509933e-06,1.7101562233823e-07,-1.38127576209833e-06,3.63194282710193e-06,1.43193727855962e-07,-1.98002698360697e-07,3.05573750887381e-06,-4.42073323881714e-06,0.0111501515405842,-2.96465997815976e-07,4.95656641286602e-06,2.51407180108665e-08,2.17598625403452e-07,1.41724873676902e-06,-1.38763959575854e-05,1.26724975641727e-06,-1.30207933022045e-06,1.79512778401969e-06,-6.56109508686225e-06,4.38198579723145e-07,3.97559187148421e-07,3.05516142473683e-06,-8.25794418957849e-06,-4.22077610203808e-07,5.60081703487778e-06,-2.33179933301684e-06,5.80595093253742e-08,5.46956041167898e-07,-1.09086923175403e-06,-2.54929396240006e-17,3.93903860257455e-09,6.39623878862716e-05,-1.57334785085787e-06,1.15997109781895e-06,1.65874566605644e-06,3.05785729278559e-07,7.20448467162393e-07,-1.07357324985611e-05,4.14361083408027e-06,2.87445563648964e-16,-3.48174936859737e-06,-4.2962241804254e-08,-1.23423208981815e-07,1.55686831830788e-05,9.96942349832993e-07,-7.00929193161368e-08,-2.85052118255632e-06,7.94930585638984e-07,-4.67311976323712e-05,6.19448361007941e-06,-1.3626996370229e-06,-2.58626190656832e-06,-1.41116501186329e-07,-1.47765082251334e-07,-2.83849662789531e-06,4.68866281221966e-05,-3.33535987629499e-06,2.3666510509312e-16,-9.4872679800237e-05,8.13094540702661e-06,3.74575260213559e-07,2.79908446433407e-06,-1.38989786920338e-05,-0.000109863420276292,0.00345151695214847,-0.159565256079229,1.57134891484543e-05,1.00159669644924e-14,1.33189541692935e-05,0.000117573242860696,8.52700401453387e-06,-2.61785103499216e-15,-1.12328539412346e-05,-0.000105424610641832,1.55340014674849e-05,7.71868617450242e-06,2.31561628002883e-06,1.15150720951814e-06,3.90070490035788e-05,-9.39526351802062e-07,-9.8243821412226e-06,-9.95651690975503e-06,-1.59898578391014e-06,-1.60173074565317e-05,8.25568444094125e-17,5.02244114738716e-06,-2.2730346675218e-06,-1.36217154752148e-05,1.23242863522814e-06,-4.84638353297289e-16,9.74472400424553e-07,-1.03450675416361e-06,3.3116411340466e-07,2.84229292983959e-07,6.90208251382877e-07,-4.73885494407718e-06,8.07453741811049e-06,-8.85050000593921e-07,1.54335566427094e-16,-2.70510406880979e-06,3.55902377584423e-06,-1.53347907289726e-05,-3.08807578099754e-06,3.12961434587741e-07,2.07997549118913e-09,-3.98986399474666e-16,2.96177337724638e-16,1.90111480209779e-09,1.62041809744566e-06,-2.12558681231558e-07,2.97538168915357e-07,1.44523500945743e-16,1.33462391719587e-07,1.55113737384696e-09,-9.4423517969201e-16,-4.2592509392668e-16,3.71482608880174e-16,-3.31259022477787e-07,-9.86868253157265e-07,1.51655408753106e-06,-9.88967149815563e-07,-5.00854564064886e-07,-1.27176319808612e-06,1.49452370101421e-05,-7.30617041261639e-16,0.331893919421255,4.01078909804378e-06,-6.97180279528764e-15,-4.40262358560741e-15,-9.33145653178006e-07,-1.29275982687926e-11,-5.77446866078264e-08,3.06931358677067e-08,1.58814835840484e-08,-7.12343238766918e-10,1.51581693622771e-15,-1.80930186552654e-09,-1.55832848919351e-15,-1.63644062555287e-09,-8.30189866504738e-15,1.38754095676015e-09,1.36146623762327e-16,-4.17006945562514e-09,-6.43407556564706e-09,-6.38223143646696e-10,-8.44024801104406e-09,-4.61440865509768e-08,3.14906587429187e-09,-2.88770772397215e-08,-5.7243786833846e-10,-2.76744070424587e-09,-1.9771628226922e-10,-1.28675295786329e-09,-1.4811591576861e-08,-2.66485873497344e-09,-3.29165795040803e-10,-9.22454955854333e-09,1.18359490938619e-16,4.7463069617297e-07,-1.07423982046238e-07,4.75952300905905e-09,6.502326169743e-17,7.04498487488136e-10,2.21262255450302e-08,8.37902442416904e-08,-3.17032171782625e-16,-5.43969721432604e-07,-1.22862167981747e-08,-6.65169915989865e-16,-1.70120723528327e-08,3.34229885585657e-07,3.65695145730686e-16,1.56902454896183e-16,-4.96730667516157e-08,-1.03166440067274e-08,-6.06121679081169e-11,-8.70626418222746e-08,2.48784686836806e-08,1.9133154065928e-07,7.15165443602294e-09,9.53796566559077e-08,-1.72503506764048e-07,1.73732556119077e-15,4.01353321899095e-09,2.51549866614279e-10,7.03676197629495e-10,6.69153050810181e-08,3.28088358724747e-17,1.37010856184523e-16,2.24872168867034e-08,4.20548836422673e-17,-5.31345827132437e-17,1.60167955807689e-07,-1.82867115769851e-07,-3.74249279457512e-07,-2.14550195631827e-09,9.89561138432333e-06,6.83218289926973e-08,5.9396510286355e-09,-1.04146444900165e-16,1.61318793220261e-08,7.65582664586135e-10,3.53114887560905e-09,-9.56494198785248e-07,1.66343471223933e-06,-3.7761653789473e-18,3.0569848600476e-17,1.68004940675888e-16,-1.38778192782296e-08,-7.54795518755523e-08,-3.97605274025978e-08,6.12820327041313e-17,-1.3975368294804e-07,8.87511596104499e-17,2.06337129493293e-16,9.58208144403379e-07,-2.10620263801688e-08,1.9298798670242e-16,-5.29186360134645e-08,-7.21033245678875e-07,-1.22930034332033e-15,8.47408887740114e-08,-1.91224778582483e-16,2.32861268138533e-08,-5.44584326838901e-16,2.32920104956532e-08,2.02019708311236e-07,1.91031352957951e-07,6.91800298850241e-09,4.78283141873103e-08,-1.70173406138048e-07,7.01754103363298e-08,-1.78806182400855e-16,3.34168695263997e-06,-3.02450498144097e-07,2.09517769951763e-16,-2.51171466290307e-08,-7.45263995329583e-08,1.21480601921722e-07,9.47140148190863e-17,5.81201445210959e-08,2.01325951941339e-06,-4.00957820119315e-16,-1.94984856711135e-07,-4.33282770242154e-08,-5.97185798527255e-08,-1.22695326770424e-16,-1.27624574543751e-16,4.27121114949434e-08,1.33082084464798e-08,1.08058403441667e-09,-1.30407844385116e-07,8.68490612311428e-09,2.62355083881775e-16,5.35808314958741e-16,3.20082409187035e-08,2.20898223975147e-10,1.45698979296638e-15,7.87172104224933e-08,-1.36420442518365e-16,4.56636025829107e-07,-1.56570323675171e-08,-9.16320560023551e-09,-6.11422130441451e-08,-2.51881701910338e-15,1.14943978741755e-16,1.31581498697265e-16,-3.24861853933006e-16,-1.35626955018622e-07,-1.2624069537881e-07,-1.53817310625775e-15,2.24094622280259e-16,-1.64968829992205e-16,2.88433808043139e-07,1.64284843203457e-09,-1.47546268572861e-07,-1.38441080602972e-16,-8.29089401299665e-16,-1.15277795989521e-15,-6.30413827688117e-07,2.1367653365938e-07,5.6626385186668e-16,2.45505231696197e-08,-2.44894684858629e-06,1.06684286410595e-16,-3.50884862466375e-16,-6.83005165370665e-08,-7.02506160741395e-10,-3.4986460003914e-08,2.12623435371926e-15,4.15474262693543e-08,6.25069360346625e-08,7.04609498378137e-08,-6.93371360273747e-08,-2.52642935508543e-07,2.25203987228604e-08,2.94286635347558e-15,-2.90295931208847e-15,-2.29700490239846e-15,6.207753763956e-07,-9.01493518298388e-07,-3.31136619093828e-08,-4.53226146004156e-08,-4.9644350464165e-15,4.83174252469317e-15,3.12369017896967e-15,-4.53305339614208e-14,-5.61842024359455e-15,0.481974693780254,-2.16687511524592e-14,-6.6914319088324e-14,7.32307401574534e-08,2.61041647442007e-15,6.20308611534091e-08,-2.39868809879897e-15,7.04719129039512e-08,-3.64429177371415e-15,3.03862676752207e-08,3.23982676465137e-09,1.65013765015286e-06,1.94954214543357e-15,-6.70123354448626e-08,4.49226032691327e-16,-6.70631748353114e-08,0.0116886471654525,2.86340471288177e-09,-1.44552547127426e-15,1.41822843241631e-08,1.32986868484505e-15,3.2651385227714e-11,1.96879174325875e-10,1.67061234232044e-15,2.42182240373354e-17,5.80467780715534e-16,-1.11141491403699e-16,-8.43857410885433e-12,-1.61560472881675e-10,-5.03854424203935e-11,8.09543214819331e-16,-2.5720739014545e-16,-3.3421130033935e-08,7.48001226700233e-08,7.80197397239102e-16,2.31907005114667e-16,-9.47267907294215e-10,-6.72515561504201e-17,-7.23088537374001e-09,8.93232627638016e-17,8.15045537172957e-08,1.82164853890277e-16,9.09106336651676e-16,9.28229238376994e-17,-8.7629137841809e-16,4.37006068792397e-16,1.43875311213847e-16,1.38989837291212e-08,-9.7457865677774e-08,-1.93438383305684e-16,-9.98546020599713e-09,3.89406453569215e-08,5.66554646309615e-16,-7.54269212302022e-17,4.05580006596373e-16,5.5670533485321e-17,4.21904568755264e-09,6.87996274680206e-10,-5.12066512158555e-16,-2.30185566635796e-16,-7.97638986327888e-09,-2.85282665518343e-08,-1.1256863544701e-08,-6.22044962406433e-16,1.43490353739733e-16,4.0265946809027e-16,-3.88869307241779e-16,4.54731565618373e-16,-6.70587703894943e-16,1.91958669861586e-08,-1.83327593036473e-08,-3.55837728543075e-09,6.61605699500858e-17,1.90355473558617e-16,-8.4100186072639e-16,1.86513170161367e-16,4.23062544884872e-16,1.93744774181382e-16,-1.2564564651018e-15,-1.62064041176616e-16,-3.34353279079038e-16,-2.18637851073195e-16,2.41108217956649e-16,-9.19286443257073e-16,5.44019213178591e-17,-3.60833876557212e-16,1.53679467770099e-08,-1.11450894450179e-16,-2.09556817175104e-15,-1.91977068326462e-16,3.50842384058061e-07,-3.85773923583071e-10,-2.19261254584453e-16,-5.72359582514726e-09,3.27604897486693e-07,1.47017774949231e-17,-6.75353740706925e-17,-5.86213783880977e-08,-5.09470513068098e-16,8.4088292192465e-09,-6.26483503135255e-16,1.44185520941948e-17,-8.5588453448077e-16,-2.442729536674e-16,7.73623186907206e-10,-1.06456137239386e-07,2.37011840139016e-18,3.60642803855996e-16,7.88052215901891e-17,-8.79561661543793e-16,-4.600269817856e-16,8.60201693456852e-17,1.37001427058978e-16,-4.95616137359597e-16,9.7035284690281e-09,3.42680224054368e-17,1.51833504907351e-16,2.26865731288821e-16,2.34812956813231e-16,-7.80055190954088e-16,4.59975551262334e-16,-2.81864658104341e-08,-9.04715816088778e-17,-5.71361024855757e-16,2.10778934344494e-08,-7.02130920186059e-16,1.18628228781064e-17,-2.21464021379888e-16,3.44304549179844e-16,4.68269737762205e-07,-3.80273841648775e-17,-1.34845547231511e-08,3.07617179586328e-16,-1.62544079436446e-16,6.51747023346325e-16,-2.05732698536692e-15,1.18356093999867e-15,-4.1454296770275e-17,4.92666521339976e-10,-4.51915647981207e-16,8.28789071664199e-16,1.93454335731104e-08,-6.2034750473985e-08,-4.47523489067847e-16,4.37570492640186e-08,6.42243925590011e-09,4.49524309221044e-16,-4.73260918216837e-16,-4.20206774620985e-16,-8.7902578404663e-17,6.26567477638866e-18,-1.11151317236186e-08,1.51288562597989e-16,-1.06615778214547e-18,9.08929685188651e-16,4.48235635582711e-09,2.41392378114126e-16,1.19694700881344e-16,-2.76787425570939e-16,-8.68500762252002e-17,-2.06136603149907e-09,2.12483391585968e-16,1.60177905355498e-08,1.50416501244695e-16,-2.210833755335e-16,4.03723815502502e-16,1.14388945922941e-15,-9.80129209520111e-17,8.4141575327457e-16,-1.31539217207022e-16,-7.5556072259153e-08,1.09641983142114e-16,-6.3448584245726e-16,5.0663654673822e-08,-3.93269085799744e-16,-2.64146756404454e-16,-1.18578945651149e-16,-3.05022323121388e-16,-5.90762742348123e-16,4.13914972338237e-16,-3.38450519987881e-08,-4.47608752379676e-16,9.59200065018441e-16,1.1104679202382e-07,9.26265157942742e-16,1.81951678750772e-15,-2.74178306208213e-16,-9.34106419275029e-16,-3.58187679585798e-16,5.98178450917972e-17,-1.74628566572107e-15,-6.60990961323702e-16,-1.81736334360126e-16,-6.89488763295333e-16,-3.90988846403721e-17,-5.92319457154729e-08,1.23822931734664e-07,-1.77546590316997e-16,-7.52340647958263e-16,5.61170499315925e-16,7.54970191334082e-16,-5.19766521489551e-16,9.80154890455397e-16,-1.55376412301979e-15,1.18332635953924e-15,-1.57085244843093e-09,-2.28608802476082e-16,8.95395177901559e-17,-1.52474688898802e-16,1.51318334697428e-15,2.02819733257985e-09,-9.48491201278631e-16,-2.2387778976154e-09,1.42656953501505e-17,5.04079117924925e-15,3.12550582941492e-15,-3.21984033877633e-14,0.707106781186547,-2.70049782695987e-12,-7.31572588359393e-15,6.11981164567779e-15,1.17464576105978e-14,-6.32655569390655e-15,-3.70527288822881e-15,-1.31884187176852e-15,-6.97895433890699e-16,6.13612976165213e-16,2.81168209314001e-15,-1.2536093722632e-15,-6.11417798745586e-16,-4.01675976798795e-16,-8.92003532326538e-17,-1.87279828149079e-15,-1.56081744751013e-15,-1.99628944124911e-15,8.04186529141701e-16,-2.89717870330473e-16,5.94079711685885e-16,1.59411440712483e-10,-8.65155840453397e-17,-1.62077568720806e-16,7.94211525945932e-16,1.14623575299722e-15,3.94125011719956e-16,3.61444876393874e-16,-3.04791176383927e-16,3.97194422863695e-16,9.93602036815915e-16,6.03128828030671e-16,1.99059518868339e-16,-4.48597506586787e-16,-6.52754077983866e-16,-4.57273467201582e-16,5.09166180171469e-16,6.00443443991648e-16,8.14431331698007e-16,-2.09305493776132e-09,3.14471663598418e-17,-4.11272463741832e-16,-3.47307170713407e-18,2.05527015367195e-16,5.2547375312225e-16,-2.61403474563479e-16,4.75627039616372e-16,5.88267186316484e-16,1.02041241721017e-17,4.52172910424901e-10,-6.19623853596422e-16,-1.53008135639685e-16,-2.80741542832202e-16,-3.92227043444826e-16,-3.53730248798596e-16,1.89669255704609e-16,-3.78629973436799e-16,-3.10212358345163e-17,-1.4867373378947e-16,-2.6287968501049e-16,5.30258548417204e-18,5.27140464187164e-18,-3.86560617470122e-16,2.32376485143439e-09,4.56092672247155e-16,-4.16721621985848e-17,1.17948857536806e-16,1.0842021724855e-16,-7.05247285312093e-09,-1.06836897223728e-17,-1.81271068239457e-17,4.88735979912558e-17,-2.88518276071647e-16,-2.66015859619301e-16,-9.5479819787742e-17,4.60094139771687e-16,-1.42167166603409e-16,-6.22869767876699e-17,1.42321199021911e-17,-8.0541187726698e-17,-4.82964693029532e-17,-4.95922491098682e-17,-1.73662798385164e-16,-6.28141860782547e-17,1.67664228240096e-16,-2.52932974570305e-16
"t774",-0.0314918831687292,-0.0175019438114207,0.00536665644506203,-0.00601383408018187,-0.00164730925767744,0.00131525573180204,-0.00784577630561246,-0.000184103997730315,-0.000125422057236659,0.000840181356940147,0.000817830295301269,-0.119004908425822,0.224526939043052,-0.0421058603001512,-0.0384348618293918,-0.0423248403739015,-0.00208515114642087,-0.136173830316517,-0.00163039359999195,0.00077217794611649,-0.0126578935169669,0.00175052893777316,-0.00126674464668873,0.0117705688947778,-0.00735928109580331,0.000681830369571107,-0.000923137906392095,0.000931485788700057,-0.0197094742595987,0.0119632933481392,-3.34213757854787e-05,5.7220130086175e-05,-0.0226628509837613,-0.000114303056943605,-7.82222233245872e-06,-1.97300377137275e-05,-0.00495977342489224,4.3359052301705e-06,3.62499584935807e-05,1.0041291447432e-05,0.000496720333397858,-5.73225860501098e-05,0.000731822649181167,-4.38050356839662e-05,0.00166710119157577,-4.34126139126946e-05,0.000263154030517616,-0.000772515044955432,8.01968437360135e-05,-0.000151608319480524,0.00171934838618298,-8.72412903552667e-05,1.22430631166218e-07,-0.00027523789832526,1.44517409522574e-05,-0.000151075939575441,5.41861466627074e-06,-0.000357815728962812,0.000121202743682852,-0.000126722961363381,-0.000108587748027463,1.66916370791065e-05,-0.000542061276459105,0.000288124120985397,-2.04213926631245e-05,0.000785207280140567,-2.88531089661903e-06,0.000101326896230533,-0.000276403432697335,0.000108133792047661,-0.000317026120085347,0.000222846887487491,-1.02292783673277e-05,-0.0017681350737392,0.00073504402974327,3.09174959342317e-07,-0.00174326029008888,3.33126439701049e-05,-0.000130175168369922,-0.000158412199610034,4.99692290766579e-05,0.000762213138926075,-0.000111943559841279,-0.000752882542752479,7.99791802611418e-05,0.0296993869491143,0.000633846149625382,3.95443007941923e-06,8.54975298746711e-07,1.18480555703678e-05,-1.29047381732135e-05,1.75749700133798e-05,0.000180925658520631,-0.191240544519814,4.86478909315924e-06,0.00138928688879595,0.000986983857678649,-0.000553902027355268,0.000761321165654911,0.00014802337843479,2.57957442203221e-05,-5.36898310034853e-05,3.39018306764235e-05,-5.6352631870364e-06,2.3347477867832e-06,-0.000104557856311602,0.000112015383236532,-4.78724512994453e-05,1.64489603965905e-05,-3.76530152650404e-06,-1.63543183689635e-05,-3.55202868868476e-05,5.92372529693272e-05,-4.16085083377501e-05,2.01294437024418e-07,-6.91500873254189e-06,9.70651605922454e-06,-8.96881171551404e-06,7.95842208252726e-06,-1.77050514344142e-05,6.24856797131935e-05,-1.23051296751606e-05,1.01756546684793e-05,2.78084594376509e-05,-8.87280813511953e-06,7.30352503515973e-05,-7.32229479680387e-06,2.02104765473871e-06,-2.43336196837282e-06,-7.9752515634293e-05,6.74925560690889e-06,-4.7224034058846e-06,2.06676372700982e-05,9.40344759456443e-07,-2.38847716135025e-07,-1.04154404130073e-06,1.02504633457997e-09,-1.61652124858762e-06,1.32706932490103e-06,-3.87792739196513e-06,-2.70923718254089e-07,-1.09349786855968e-05,2.27427837621528e-06,1.48443063817033e-07,4.68453367288552e-07,-3.3963557718366e-08,-1.940813492798e-06,3.42472206305595e-07,2.30610575612251e-08,-6.0295267294663e-08,-9.40904760380278e-06,-2.85975160772325e-07,-6.1986768753518e-06,2.34966425805925e-06,-7.58729281790089e-07,-6.70175904606622e-08,1.0150497604368e-06,-0.000266512736472928,-3.26747816040491e-07,-1.09697217903766e-07,-0.000208312916561237,9.14733257279408e-07,-6.1737951436468e-07,-0.000124300316105278,9.22450598977931e-06,-5.47487440513914e-05,5.51821373694508e-06,9.45839811991928e-08,4.7061192342224e-06,6.34285009574625e-06,-0.000119458780374321,-1.18699005578369e-05,1.50520222473091e-06,5.43320519869182e-07,1.51677820756836e-05,2.12332789368344e-07,1.34674940991472e-06,-5.87714773399499e-06,-3.77840561774085e-06,-0.000119627533612147,7.61958234159774e-05,0.000243078440677145,-3.37524930454066e-06,-4.71412354860863e-07,-4.30200326029496e-07,-3.08087847401867e-06,-1.5864440035879e-05,3.93858351442121e-06,1.77349314345258e-05,-0.000158562774612416,-4.92882796134579e-07,9.50739248830037e-07,3.84021341517653e-06,1.94490247461413e-07,6.84912959683112e-07,-1.02293529866845e-06,-1.90965504079851e-06,-9.95813592679581e-06,1.18517876963891e-06,5.71454858219071e-07,5.73825098187989e-07,0.000101573238906756,-1.77218446922141e-08,-9.75133276648293e-05,-5.66960023251439e-06,-0.000206462029926995,4.05235010916298e-06,0.000159531322581258,-3.84338036400465e-05,-8.18911494798434e-06,-0.000340980828246376,0.00141355765653635,-0.0468643085688267,6.80445224886351e-05,4.17696589726833e-05,2.54696922630178e-05,-1.56926061332965e-05,-1.2117813400841e-06,1.33730920184247e-06,5.02131962407336e-06,2.503643100793e-05,-0.000144370450056369,-5.16375828330228e-06,-1.53931087487924e-05,3.07895359860924e-06,1.50097971528344e-06,1.5652255408286e-05,8.35438881777214e-07,1.11737551123592e-06,7.4050342592234e-07,-1.44530353415001e-05,-4.35816217742267e-06,-1.91791362139689e-07,-3.12737574261829e-07,1.2880081902928e-08,1.77984879505203e-07,7.52811569291615e-07,-2.13392349205695e-17,8.00444412327734e-08,-5.55327116159767e-06,7.44347454580428e-08,3.35705640829741e-07,-6.70472849420851e-08,8.84476196647598e-08,-5.29965289298674e-08,2.14076753243636e-06,-5.10468405257415e-09,4.03912604625563e-10,-1.14712279768847e-06,1.22046492923813e-06,-4.0689407421042e-08,5.70046391761451e-06,-2.97534244866448e-07,1.57009620309132e-07,-1.11085432226519e-08,2.14068695885269e-06,-2.20175207142085e-06,9.19913982248158e-06,3.11710311295544e-07,-6.20953096115394e-08,1.41415419331225e-06,-2.77552078552539e-07,3.08951766288297e-05,-2.52266694823293e-05,1.59359988075736e-07,-5.44101409927042e-08,2.59790529988579e-07,5.16364598340357e-06,-4.23788983263446e-05,7.28096582351641e-08,2.93098550922577e-08,-6.48268764558309e-08,9.02147149279822e-06,-7.30501367307888e-06,1.65991436997204e-06,-3.62137240170781e-05,1.77912634995198e-05,-5.07465355116084e-06,3.14607014388209e-06,-1.86236775638462e-06,6.3638672564478e-07,1.08071284982862e-16,-1.61881342993536e-06,-5.57064787746081e-08,-2.00809092773293e-09,-1.80379689092305e-05,8.68348251464008e-08,-5.47550681704908e-08,-1.29184323509652e-06,1.71015622447292e-07,-1.38127576209688e-06,3.63194282705894e-06,1.43193727773819e-07,-1.98002698395625e-07,3.05573750887944e-06,-4.42073323870154e-06,0.0111501515405842,-2.96465997766725e-07,4.95656641296945e-06,2.51407180967565e-08,2.17598625353206e-07,1.41724873676469e-06,-1.38763959575551e-05,1.26724975627313e-06,-1.30207933028019e-06,1.7951277839594e-06,-6.56109508681246e-06,4.38198579833307e-07,3.97559187347787e-07,3.05516142470389e-06,-8.25794418961267e-06,-4.22077610051194e-07,5.60081703492472e-06,-2.33179933300843e-06,5.8059509274284e-08,5.46956041176735e-07,-1.09086923164754e-06,2.82514537208185e-17,3.93903866190946e-09,6.39623878863699e-05,-1.5733478507308e-06,1.15997109806608e-06,1.65874566617572e-06,3.05785729310154e-07,7.2044846731879e-07,-1.07357324985349e-05,4.14361083410542e-06,3.93641397694662e-16,-3.48174936861505e-06,-4.2962241561848e-08,-1.23423208946497e-07,1.55686831830813e-05,9.96942349868285e-07,-7.00929194765608e-08,-2.8505211826076e-06,7.94930585248538e-07,-4.67311976323523e-05,6.19448360999358e-06,-1.36269963707889e-06,-2.58626190659653e-06,-1.41116501246111e-07,-1.47765082148281e-07,-2.83849662779775e-06,4.68866281222301e-05,-3.33535987637294e-06,2.68021881805024e-16,-9.48726798002645e-05,8.1309454073072e-06,3.74575260187783e-07,2.7990844642564e-06,-1.38989786921815e-05,-0.000109863420276365,0.00345151695214829,-0.159565256079228,1.5713489148512e-05,9.96127125400303e-15,1.33189541695449e-05,0.00011757324286063,8.5270040145431e-06,-2.48323916132616e-15,-1.12328539411469e-05,-0.000105424610641772,1.55340014677174e-05,7.71868617451833e-06,2.31561628025343e-06,1.15150720968482e-06,3.90070490035542e-05,-9.39526351763344e-07,-9.82438214112765e-06,-9.95651690975435e-06,-1.59898578394607e-06,-1.60173074564712e-05,6.36961680385855e-17,5.02244114738784e-06,-2.27303466753126e-06,-1.36217154749603e-05,1.23242863561025e-06,-2.53978828546213e-16,9.74472400292078e-07,-1.03450675433925e-06,3.31164113662473e-07,2.8422929292927e-07,6.90208251213245e-07,-4.73885494414136e-06,8.07453741809101e-06,-8.85050000670496e-07,2.94108443411784e-16,-2.70510406873077e-06,3.55902377621687e-06,-1.53347907291081e-05,-3.08807578077082e-06,3.12961434413324e-07,2.07997535196154e-09,-9.36750677027476e-17,2.2844024113472e-16,1.90111468466119e-09,1.62041809729072e-06,-2.12558681100749e-07,2.97538168726306e-07,7.25130178075665e-17,1.33462391993634e-07,1.55113727414692e-09,-1.04272245291096e-15,-3.90861067902191e-16,3.36560601186908e-16,-3.31259022629552e-07,-9.8686825299864e-07,1.51655408751341e-06,-9.88967149688744e-07,-5.00854564077749e-07,-1.27176319801168e-06,1.49452370103017e-05,-9.01680845475472e-16,0.331893919421255,4.01078909822817e-06,-7.24711809437181e-15,-4.26256562779022e-15,-9.3314565306486e-07,-1.29275544910711e-11,-5.77446864183854e-08,3.06931360339795e-08,1.58814834237485e-08,-7.12342954730521e-10,1.82622401821039e-15,-1.80930192665234e-09,-1.29577571600431e-15,-1.6364406096894e-09,-8.68126100520006e-15,1.38754091289379e-09,1.36694318133914e-16,-4.17006939934309e-09,-6.4340758530109e-09,-6.38223096461797e-10,-8.4402481814231e-09,-4.61440865525682e-08,3.1490657567058e-09,-2.8877077166925e-08,-5.72437906689571e-10,-2.76744080709026e-09,-1.97716273581514e-10,-1.28675283090661e-09,-1.48115915539226e-08,-2.6648587834413e-09,-3.29166006737388e-10,-9.22454970281062e-09,1.03501803314674e-16,4.74630696169454e-07,-1.07423982213849e-07,4.75952290806593e-09,9.09461760144456e-17,7.04498245953658e-10,2.21262254912161e-08,8.37902440976296e-08,-5.99093666291223e-16,-5.43969721430083e-07,-1.22862170385703e-08,-2.17796549900906e-16,-1.70120722725895e-08,3.34229885672199e-07,1.91060159153346e-16,-2.46485666819476e-18,-4.96730668691046e-08,-1.03166439780187e-08,-6.06121420981191e-11,-8.7062641818541e-08,2.48784686265587e-08,1.91331540420167e-07,7.15165461263999e-09,9.53796566579609e-08,-1.72503506728298e-07,1.51018520605506e-15,4.0135332861253e-09,2.51550137358873e-10,7.0367614883659e-10,6.69153050739486e-08,7.43523043563779e-17,2.6314847450655e-16,2.24872167493701e-08,3.68768375253049e-17,-1.28308730092128e-16,1.60167955916913e-07,-1.82867115767468e-07,-3.74249279420314e-07,-2.14550156444217e-09,9.89561138446893e-06,6.83218291713094e-08,5.93965146709547e-09,-7.09053443353809e-17,1.61318791668649e-08,7.65582404132039e-10,3.53114882106232e-09,-9.56494198742109e-07,1.66343471233575e-06,4.63353993480085e-16,1.34974774050089e-16,-3.04379985094076e-16,-1.38778195712537e-08,-7.54795520140678e-08,-3.97605272277721e-08,-6.10565416054157e-17,-1.39753683073647e-07,-3.91984083669608e-16,3.55787372877271e-16,9.58208144465205e-07,-2.1062026418432e-08,-6.08020578329871e-16,-5.29186357739482e-08,-7.21033245468094e-07,-1.06011059430385e-15,8.47408885041318e-08,1.370443185796e-16,2.32861269295318e-08,-8.07926130739342e-16,2.32920105176634e-08,2.02019708325175e-07,1.91031352965448e-07,6.91800295143041e-09,4.78283143529865e-08,-1.70173406240288e-07,7.01754101881206e-08,-1.98120557478745e-16,3.34168695287683e-06,-3.02450498186135e-07,7.69888752758126e-18,-2.51171466558556e-08,-7.45263995360831e-08,1.21480601643533e-07,-1.31242262793467e-16,5.81201444804038e-08,2.01325951930445e-06,-3.35365801168014e-16,-1.9498485665937e-07,-4.33282773323299e-08,-5.97185797865979e-08,2.94584889169337e-16,-1.97714763954529e-16,4.27121115231415e-08,1.33082084973533e-08,1.08058389435156e-09,-1.30407844494392e-07,8.68490636475089e-09,-1.21932956154849e-16,3.23767588355732e-16,3.20082410238674e-08,2.20897882955471e-10,1.02668584300464e-15,7.87172110223461e-08,-6.86080685642022e-17,4.56636025803883e-07,-1.56570325387573e-08,-9.16320507312809e-09,-6.1142213168699e-08,-2.25543909961335e-15,-7.42856059096574e-17,-7.21566474864174e-17,-5.23494626678085e-16,-1.35626955052262e-07,-1.26240695335081e-07,-1.22332091438753e-15,-3.27452885544881e-18,-1.15354557516527e-16,2.88433807641824e-07,1.64284780161283e-09,-1.47546268734582e-07,-1.65382215984468e-16,-8.03095654214325e-16,-3.61744054849789e-16,-6.30413827593204e-07,2.1367653373342e-07,7.34907693747543e-16,2.45505229922497e-08,-2.44894684869523e-06,1.9620580876751e-16,-4.88573378944601e-17,-6.83005163834261e-08,-7.02506252557856e-10,-3.49864598563861e-08,1.95398720012969e-15,4.15474261353179e-08,6.2506935958452e-08,7.04609496993776e-08,-6.93371362364229e-08,-2.52642935441728e-07,2.25203984025879e-08,2.54214008767488e-15,-2.61603445583184e-15,-2.33814372083556e-15,6.2077537640562e-07,-9.01493518117521e-07,-3.31136616989557e-08,-4.53226148714155e-08,-4.79458799983306e-15,4.89832932048835e-15,2.80527980794502e-15,-4.5026921921581e-14,-5.96189598278608e-15,0.481974693780253,-2.18971169227383e-14,-6.64330595514633e-14,7.32307406697655e-08,3.22624895895038e-15,6.20308612848141e-08,-2.48883767808999e-15,7.04719129869033e-08,-3.72682188679085e-15,3.03862675428346e-08,3.23982675379075e-09,1.6501376501772e-06,1.8509776835626e-15,-6.70123355480882e-08,-3.03148623777055e-17,-6.70631749100455e-08,0.0116886471654529,2.8634051711518e-09,-1.60200382611618e-15,1.41822840732511e-08,1.00019049504787e-15,3.2651269186015e-11,1.96879080184755e-10,1.53200719377173e-15,-4.00052014796947e-16,6.29659496609602e-16,-7.16616336470444e-17,-8.4384960856703e-12,-1.615604141991e-10,-5.03859930476726e-11,6.79179053992471e-16,-1.15545978177427e-16,-3.34211306168783e-08,7.48001226535434e-08,6.67617392999327e-16,2.65736513918745e-16,-9.47268029470532e-10,7.27067215272534e-17,-7.23088537984739e-09,-1.15105733458186e-16,8.15045538188232e-08,-3.00061417728517e-16,7.04264960418661e-16,1.51944808729015e-16,-1.27619991518139e-15,1.48908736333785e-16,9.83589893803787e-16,1.38989838470525e-08,-9.74578657947133e-08,-2.45042823506917e-16,-9.98546002754048e-09,3.89406456779389e-08,-8.83952627117977e-18,-3.59109351270884e-16,9.9280046433384e-17,1.31513910063414e-16,4.21904552926196e-09,6.87996151198771e-10,-6.74162890644627e-16,1.71401421678049e-16,-7.97638997518694e-09,-2.85282665902955e-08,-1.12568635146334e-08,-3.59839363735177e-16,-2.17617216943737e-16,2.22109538374237e-16,-3.07934240010864e-16,2.0183035998568e-16,-9.98137376647422e-16,1.91958671981485e-08,-1.83327593053918e-08,-3.55837737430792e-09,1.50105946240323e-16,-3.80880934973114e-16,-8.16963604705631e-16,-3.9051516899972e-17,4.516581161827e-16,-1.52439662903365e-16,-1.18707217453676e-15,1.28031686999691e-16,-4.76403103501655e-16,1.836386179415e-16,-3.38908965547945e-18,-3.5264083773171e-16,7.5447576969665e-17,-4.15436559094555e-16,1.53679469570528e-08,-7.69425109993886e-18,-1.67229573691835e-15,1.90402435617344e-16,3.50842384050305e-07,-3.85774562271157e-10,1.91603286439018e-16,-5.72359627703606e-09,3.27604897562799e-07,1.58896186340176e-16,-6.58590326106346e-17,-5.86213783384265e-08,-2.78033622444127e-16,8.40882914141255e-09,3.81208249969245e-16,-3.83429747107279e-17,6.11932541826589e-16,-4.0871920137051e-17,7.73622635518495e-10,-1.06456137264972e-07,-1.66168560945989e-16,-5.96488110162858e-16,-1.20467650314779e-16,-1.6756609494279e-16,5.15538133016857e-16,-2.34070775775979e-17,2.61853904681587e-16,3.63123299634466e-17,9.70352815703419e-09,-2.30364047762561e-16,-3.03466507733219e-16,-3.25046087431885e-16,-2.55395534273203e-16,3.96037529333911e-16,-1.82888574385806e-16,-2.81864657396658e-08,1.38652777954224e-16,2.01758708758716e-16,2.10778935579769e-08,-1.87185676079804e-16,-1.17928606451643e-17,2.1719863440495e-16,1.82660003231646e-16,4.68269737794513e-07,-1.5260383772647e-16,-1.34845543887457e-08,-4.8127296129581e-16,8.9191975282687e-17,-5.84881329907866e-16,-9.7562737172408e-16,2.7948888632334e-15,-1.78931938284035e-16,4.9266679459788e-10,-6.59076160667348e-16,-2.46547675755773e-16,1.93454340904755e-08,-6.20347506398398e-08,3.46963694325271e-16,4.37570495678249e-08,6.42244027261399e-09,-1.50695031235504e-16,2.19544805459737e-16,4.25462469952007e-16,1.39162930298224e-16,-5.72503643544312e-17,-1.11151316433299e-08,-1.38917036640849e-16,-4.15963224138035e-16,-1.22018783150347e-16,4.48235621743626e-09,-4.04939214331481e-16,1.17766086794883e-15,2.28339605267051e-16,1.14910593439784e-17,-2.06136707211925e-09,-2.75806828013595e-16,1.60177901079463e-08,-4.9863348283296e-17,1.37787503997213e-16,-1.03145148617839e-15,-1.19731525272978e-15,1.28789435735647e-16,-1.04489360705942e-17,2.15410718461837e-16,-7.55560726504674e-08,-1.94020781816904e-16,2.95428701609687e-16,5.06636537531849e-08,9.31257447665872e-17,2.69806848991545e-16,2.85957448552232e-16,2.0378110981643e-16,5.39016781443288e-16,-3.47724355646933e-16,-3.3845052402016e-08,2.93684516979711e-16,-8.10740781518307e-16,1.11046791119757e-07,-7.17941032318159e-16,-1.77410798063658e-15,2.61477989349259e-16,9.52689593199511e-17,2.80552465206235e-16,-4.22608107518155e-16,1.28340975816164e-15,6.21387224023565e-16,2.20857559782086e-16,8.2731684793479e-16,8.42950673444153e-17,-5.92319465928698e-08,1.23822934336964e-07,2.28453474680277e-16,6.41434818253448e-16,-6.87793388898601e-16,-7.54460761782735e-16,1.88889702490425e-15,-8.13981526381294e-16,1.96721628770136e-15,-1.20065887095192e-15,-1.57085227807903e-09,9.52958301363338e-17,-1.12433923345388e-16,2.58967019838218e-17,-1.56075881547737e-15,2.02819898887525e-09,9.65147369666912e-16,-2.23878772720764e-09,-2.93341154780741e-17,-5.24071643528231e-15,-3.12042485520347e-15,3.21564096496026e-14,-0.707106781186548,2.70031423620993e-12,7.17936049612266e-15,-6.3502251480197e-15,-1.16835013881322e-14,6.26855344439793e-15,3.97107329238884e-15,1.42122228228578e-15,7.55535267819941e-16,-6.36789110422969e-16,-2.84171550161286e-15,1.5568435031174e-15,5.26641707361041e-16,4.82955596201088e-16,-5.53396127829508e-17,1.76498217387375e-15,1.36945576406644e-15,2.02153346054076e-15,-1.06947745523912e-15,6.83919905950008e-16,-4.2415835864906e-16,1.59411785613869e-10,1.81135616194992e-16,-8.09792462188966e-17,-7.65533875923702e-16,-9.29521634851625e-16,-4.128277440498e-16,-4.44184036654436e-16,4.68615944882947e-16,-3.42944381381277e-16,-9.47047691952393e-16,-5.80104720527982e-16,-1.43765208071578e-16,4.73554467541339e-16,6.88871467208332e-16,4.37455511017309e-16,-4.55267199087372e-16,-6.16979842619326e-16,-8.03076080011894e-16,-2.09305495532326e-09,7.46637788898935e-17,2.89023969514453e-16,9.86166119880494e-18,-1.29391465006632e-16,-3.23210626715464e-16,-8.59240655050989e-18,-3.53622652576114e-16,-8.20670259238423e-17,1.4037414790407e-17,4.52172925384452e-10,9.33495758489061e-16,3.6904027691429e-16,2.49910873049013e-16,2.79843131567669e-16,2.47826491622328e-16,5.95534415950008e-17,2.09371024159347e-16,-4.97595563182581e-16,1.981165845879e-16,-2.30014318650554e-16,1.36917545352118e-16,9.64235125196701e-17,1.52699302776556e-16,2.32376487838675e-09,-4.38395465022628e-16,-1.44705319311647e-17,-2.39632979623683e-16,2.97938756999017e-16,-7.05247281838575e-09,9.91691555662064e-17,9.167101004399e-17,9.68184541511108e-17,7.37826796229911e-17,-3.93381298686827e-17,2.34100784485015e-16,3.35633564288838e-16,-1.49490075805999e-16,-5.69822956468334e-17,4.92896960677541e-17,-2.65245405968032e-17,1.65564014306013e-16,-1.41694245155425e-17,-1.76649305177365e-16,-3.42665844656938e-17,1.53900077339926e-16,-1.98415453998245e-16
"t583",-0.0314892323740691,-0.0174988414926654,0.00536567445366967,-0.00601236002083939,-0.00164681511729843,0.00131479306374884,-0.00784296237176595,-0.000184032733909773,-0.000125364754925496,0.000839716319364559,0.000817256798512023,-0.11890224628926,0.224327629583486,-0.0420679226588886,-0.0383987359537652,-0.0422827329507185,-0.00208302765263402,-0.136032664556133,-0.0016286647044906,0.000771289150905723,-0.0126421483841791,0.00174790707014149,-0.00126474254680302,0.0117518606932125,-0.00734753883927837,0.000680691362708629,-0.000921577826765244,0.000929897684543247,-0.0196749836887303,0.0119386387696927,-3.33480127604208e-05,5.70889230185874e-05,-0.0226072100465919,-0.000114009402898767,-7.80112329893904e-06,-1.9672670676586e-05,-0.0049451739637347,4.322944387547e-06,3.61408820918676e-05,1.00106388661754e-05,0.000495161572012389,-5.71384573605929e-05,0.000729437818099799,-4.3662116343115e-05,0.00166156974290681,-4.32596384467636e-05,0.00026221006553647,-0.000769720855839074,7.99000388299282e-05,-0.000151033387866145,0.00171261794642408,-8.68947851627347e-05,1.21943332740872e-07,-0.00027412268586601,1.43911480277899e-05,-0.000150439278396134,5.39367626469031e-06,-0.000356130656372833,0.00012063041176142,-0.000126091102244585,-0.000108024486690918,1.66033868685226e-05,-0.000539151336981115,0.000286571491359122,-2.03082409855128e-05,0.000780748963583128,-2.86805281069869e-06,0.000100706955963931,-0.00027469480271912,0.000107452962207469,-0.000314837794705577,0.000221205304726506,-1.01531933915674e-05,-0.00175472234061238,0.000729454490307361,3.06804092909837e-07,-0.0017298479055074,3.30521687709817e-05,-0.000129120375882371,-0.000157110416818504,4.9548787809528e-05,0.000755767415828589,-0.000110962019570787,-0.000746210335553726,7.92381119211758e-05,0.0294209238864877,0.000627832452694262,3.91684041129409e-06,8.46844113717165e-07,1.17352348431524e-05,-1.27813063714186e-05,1.73998011976408e-05,0.000179115703100319,-0.189279837388992,4.81282764055039e-06,0.00137435793839386,0.000976374981726278,-0.000547857314711185,0.000752966459750548,0.000146364866157986,2.55018720646021e-05,-5.30772842722521e-05,3.35144068845655e-05,-5.56608764341862e-06,2.30593899867683e-06,-0.00010326251354964,0.000110617761356464,-4.72739638857305e-05,1.62426017328923e-05,-3.71781524872506e-06,-1.61477125633825e-05,-3.50670065054772e-05,5.84804106810243e-05,-4.10628917493783e-05,1.98640390314988e-07,-6.82274740676407e-06,9.57632498548906e-06,-8.84677664660339e-06,7.84865097628313e-06,-1.74583525123701e-05,6.16100211658935e-05,-1.21292931203199e-05,1.00284319400286e-05,2.74059329601051e-05,-8.74414682010526e-06,7.19628024316061e-05,-7.21466274665027e-06,1.99102104244439e-06,-2.39611240242965e-06,-7.85312740043998e-05,6.64565758957804e-06,-4.64848831651566e-06,2.03429221383132e-05,9.25530364161502e-07,-2.35042852811375e-07,-1.02492675092252e-06,1.00831129085531e-09,-1.58964548858191e-06,1.30446346607341e-06,-3.81182435192463e-06,-2.66286596986647e-07,-1.0747425742487e-05,2.23514018659853e-06,1.45885242527788e-07,4.6038131358241e-07,-3.33729835058544e-08,-1.90645778426147e-06,3.36300746689894e-07,2.26436573838265e-08,-5.91933716544841e-08,-9.23696607687662e-06,-2.80725860740439e-07,-6.08465140560605e-06,2.30633669502115e-06,-7.44426613594287e-07,-6.57498486158154e-08,9.95801240488496e-07,-0.000261176866950213,-3.20121812228389e-07,-1.07468368416861e-07,-0.000204034858003472,8.95906662172467e-07,-6.0449962468507e-07,-0.000121702897069139,9.02921882150809e-06,-5.35751765755553e-05,5.39568534251756e-06,9.24812367310821e-08,4.60146228357758e-06,6.20112817625585e-06,-0.000116774943573756,-1.16030133473311e-05,1.47099186710565e-06,5.30930300439639e-07,1.48193771588495e-05,2.0744685472666e-07,1.31573163490246e-06,-5.73952295776489e-06,-3.6884204945091e-06,-0.000116770305000926,7.43709386238981e-05,0.000237209591011122,-3.29350544423569e-06,-4.59960878052317e-07,-4.19720236226826e-07,-3.00511020766334e-06,-1.54733708147726e-05,3.83953204478348e-06,1.7288622598373e-05,-0.00015454596764444,-4.80169694740437e-07,9.25851943323176e-07,3.73917977613241e-06,1.89334897376139e-07,6.6665690630914e-07,-9.95219547598236e-07,-1.85773191222293e-06,-9.68536269382225e-06,1.15259431137949e-06,5.55296868936463e-07,5.57578942394114e-07,9.86637891314171e-05,-1.72084347352201e-08,-9.46117434153425e-05,-5.50087636715849e-06,-0.000200302867160515,3.93056116345651e-06,0.000154712181193792,-3.72570426640441e-05,-7.93422241692171e-06,-0.000330228050140706,0.00136880265294084,-0.0453537646031955,6.58296832565502e-05,4.04097126889312e-05,2.4634137543354e-05,-1.51679235005874e-05,-1.17111875481416e-06,1.29156973304209e-06,4.847326693095e-06,2.41650114751173e-05,-0.00013925296970096,-4.9799303082421e-06,-1.48425409612614e-05,2.96725293427854e-06,1.44637070942117e-06,1.50823941383292e-05,8.04553763284573e-07,1.07568611747398e-06,7.12593473660951e-07,-1.39057950089815e-05,-4.19236677266026e-06,-1.84462920390976e-07,-3.00772832366397e-07,1.23816423031607e-08,1.71048187799898e-07,7.23247152139276e-07,-1.22261725901919e-16,7.68665883417998e-08,-5.33232312051758e-06,7.14289308424983e-08,3.21994920490456e-07,-6.428352580162e-08,8.47996998782032e-08,-5.07732903040931e-08,2.0507060558098e-06,-4.88965114984012e-09,3.86791662711071e-10,-1.09829560376215e-06,1.16811920823377e-06,-3.89383669009937e-08,5.45480875346756e-06,-2.84615240093187e-07,1.49976605484203e-07,-1.06055198276873e-08,2.04287624292239e-06,-2.0991871784464e-06,8.77002763566408e-06,2.96974659445894e-07,-5.91379736758719e-08,1.34609151432645e-06,-2.64148680453229e-07,2.93979572164811e-05,-2.39982041391737e-05,1.51543857795342e-07,-5.17393115263364e-08,2.46806275704709e-07,4.90546247757909e-06,-4.02589665371148e-05,6.91497654046381e-08,2.783389094928e-08,-6.15436418705798e-08,8.56408294730069e-06,-6.9218342977038e-06,1.57252169665839e-06,-3.43015169123498e-05,1.68455030394184e-05,-4.80344550290677e-06,2.97590159112039e-06,-1.76128297212812e-06,6.01750263462455e-07,6.62016795199419e-17,-1.52987431398093e-06,-5.26421330724927e-08,-1.89718394157562e-09,-1.703225945298e-05,8.19540299597279e-08,-5.1665612114766e-08,-1.21881547876505e-06,1.61111585182688e-07,-1.30115794663661e-06,3.42119205923267e-06,1.34825922875783e-07,-1.86200082159284e-07,2.87296689297133e-06,-4.15569149636293e-06,0.0104764170629045,-2.7801617472991e-07,4.64430504354277e-06,2.35557360230056e-08,2.03877337342597e-07,1.3251574445253e-06,-1.29433359663257e-05,1.18166882755944e-06,-1.21358796343098e-06,1.67218978390315e-06,-6.1107070112908e-06,4.07525066219464e-07,3.6968959219594e-07,2.84041346670988e-06,-7.67642569027883e-06,-3.92175758856474e-07,5.20138578592109e-06,-2.1644805764387e-06,5.38822881405182e-08,5.07425467395441e-07,-1.01126534094997e-06,8.28149846987807e-17,3.63448098716762e-09,5.89887368449927e-05,-1.44996293590478e-06,1.06898116226851e-06,1.52859663376598e-06,2.81743233458532e-07,6.63581198861239e-07,-9.88438778131984e-06,3.81192299037465e-06,5.56335815158509e-16,-3.19701836226499e-06,-3.94395736926079e-08,-1.1324584086118e-07,1.42840391878042e-05,9.13527820937303e-07,-6.41832551256914e-08,-2.6075911267789e-06,7.26683413957781e-07,-4.26551208858262e-05,5.64630085114493e-06,-1.24099353676363e-06,-2.35408091761697e-06,-1.28407173837441e-07,-1.34381132163098e-07,-2.58123645285455e-06,4.26200628581701e-05,-3.03090327250083e-06,3.021633980967e-16,-8.60098377907912e-05,7.36773196175042e-06,3.39414001864647e-07,2.53276000648512e-06,-1.25738371792737e-05,-9.91263460362855e-05,0.00311182350996596,-0.14383935442154,1.41567374696331e-05,9.13520652922405e-15,1.19915553593485e-05,0.00010582965369714,7.66824039889613e-06,-2.29497189527384e-15,-1.00914612638657e-05,-9.46897270382684e-05,1.39505298229017e-05,6.93010913771909e-06,2.07815201113015e-06,1.03308809583893e-06,3.49867843904592e-05,-8.42061207733333e-07,-8.80442794595589e-06,-8.91821426008314e-06,-1.43092415585564e-06,-1.43331326169023e-05,3.08829799397793e-16,4.48620072597142e-06,-2.02970080100164e-06,-1.21549458817749e-05,1.09854573435169e-06,-2.56757630602975e-16,8.66589971594111e-07,-9.17537067113674e-07,2.93365354770851e-07,2.51645178482832e-07,6.10666717991331e-07,-4.18741488804885e-06,7.12011668907542e-06,-7.76356982770418e-07,1.81088074087178e-16,-2.36166115850656e-06,3.10586605874782e-06,-1.33705414989274e-05,-2.68923210530939e-06,2.72514923717705e-07,1.8105352960612e-09,-9.57567358739198e-16,1.20010320550839e-16,1.65152476309906e-09,1.40519839867596e-06,-1.84286519597309e-07,2.57551567276042e-07,3.08298762275404e-16,1.15117998066189e-07,1.33580543591213e-09,-9.17547698231176e-16,-3.26701253531398e-16,1.27382756672583e-16,-2.83830999694787e-07,-8.45019428597128e-07,1.29561474270883e-06,-8.43241836371544e-07,-4.26954975919313e-07,-1.08183893538627e-06,1.27102215631015e-05,-5.98094553599509e-16,0.281038910913563,3.39096869723643e-06,-5.98215357711184e-15,-2.88768700129384e-15,-7.84070108841634e-07,-1.08456157981744e-11,-4.83463967155275e-08,2.56619606900539e-08,1.32425590501085e-08,-5.93717490769897e-10,1.5008087603049e-15,-1.5070977730252e-09,-3.30331594661142e-16,-1.36074454046206e-09,-5.56374607843524e-15,1.15229294345943e-09,1.15739206922831e-16,-3.4573515548602e-09,-5.33262279138035e-09,-5.26597618181324e-10,-6.95730190286033e-09,-3.80211601224459e-08,2.5901200626449e-09,-2.37146359226038e-08,-4.68386704879777e-10,-2.26433301766759e-09,-1.61588069613891e-10,-1.04942703557487e-09,-1.20454974193184e-08,-2.16194998895808e-09,-2.66531765395799e-10,-7.46217885807333e-09,7.39050644895892e-17,3.82807186386779e-07,-8.63891615268075e-08,3.79518470392601e-09,1.13568115816002e-16,5.60339650563009e-10,1.75305900896409e-08,6.6275728148706e-08,-4.96987216955124e-16,-4.2989130558418e-07,-9.67586066575463e-09,-1.92263136513443e-16,-1.33743979077514e-08,2.59944212563541e-07,1.9372443474186e-16,7.67163901796673e-16,-3.8463760756111e-08,-7.98539034366082e-09,-4.68278023092425e-11,-6.71130209515679e-08,1.90795717732381e-08,1.46668229545619e-07,5.47871489313542e-09,7.25515873280546e-08,-1.30433441590741e-07,2.87161787404511e-15,3.02770626442042e-09,1.89686959360289e-10,5.29874858979294e-10,5.03017235664356e-08,-1.82177565204856e-16,-5.23415280592001e-18,1.6864153252912e-08,1.4668855038175e-16,-2.32533505147193e-16,1.18258800563167e-07,-1.34637649572386e-07,-2.75528117566786e-07,-1.56959555186441e-09,7.23307187718197e-06,4.99296351800002e-08,4.33544240882631e-09,2.25441641517224e-17,1.16184024248955e-08,5.49742687178375e-10,2.53310030622002e-09,-6.82709988226002e-07,1.17604674396285e-06,5.27486949165333e-17,1.63450291150914e-17,3.52359591891914e-16,-9.66960497205575e-09,-5.22430533559426e-08,-2.75060142054177e-08,-2.89834385635546e-16,-9.60395602166026e-08,-1.71139632381224e-16,-3.13833376850465e-16,6.37692600322072e-07,-1.40107929357991e-08,3.56919355182228e-15,-3.48977310287703e-08,-4.73014492965724e-07,2.13133641851269e-15,5.49786541640417e-08,-1.41786821654469e-16,1.48956010684946e-08,4.54130530095767e-16,1.48797912988141e-08,1.28925547654587e-07,1.21771354117715e-07,4.40264582880671e-09,3.03254916646889e-08,-1.06346656445345e-07,4.29081580616132e-08,-9.29615881550272e-17,1.98252211842597e-06,-1.788184178963e-07,2.21409262643429e-16,-1.47811303172981e-08,-4.34783054677026e-08,7.03004423032976e-08,9.64930352649209e-18,3.26555418425901e-08,1.12414443928228e-06,6.10706025685164e-17,-1.07951791050256e-07,-2.38857027101674e-08,-3.23825990509246e-08,5.92233838992196e-17,6.27778083287469e-17,2.21852185366679e-08,6.77354188471521e-09,5.47617291289837e-10,-5.9331586952115e-08,3.86909408246589e-09,3.55169213599888e-16,-5.59640885984818e-16,1.40441543934382e-08,9.6731088899155e-11,-1.22744914940094e-15,3.35444314870726e-08,3.11440638922168e-17,1.891823829923e-07,-6.21956064762606e-09,-3.62851647630369e-09,-2.39081883112978e-08,-1.28163285290181e-15,-1.77226399928473e-16,1.78723469947859e-16,-2.13798401967638e-16,-4.64420471035558e-08,-4.26806235575284e-08,1.14766149561494e-15,4.93055371850472e-16,2.27835372068778e-16,9.28525563185702e-08,5.16957723772897e-10,-4.34012184821026e-08,-2.81107504226963e-18,3.05582382315039e-16,6.83209998991741e-16,-1.3501696705458e-07,4.51055746358977e-08,-9.7572734475116e-16,4.2821051674007e-09,-3.88481441292474e-07,-1.57315127238764e-16,4.76868657214579e-16,-8.11881635588907e-09,-8.11504571704035e-11,-3.15313483155725e-09,-1.93967065833912e-15,1.8370762631435e-09,1.05352481675864e-09,-1.69354795706022e-09,5.94691250701569e-09,2.618223989937e-08,-3.1244801406074e-09,-2.24567234518873e-15,4.48436983396859e-15,2.85656621076831e-15,-2.42875745574837e-07,3.56990404889517e-07,1.44642441490236e-08,3.1097026379917e-08,5.03465653924774e-15,-5.04354536474335e-15,-3.46010441980745e-15,4.76245852543882e-14,4.74317867183461e-15,-0.51165587671714,2.36331200874377e-14,7.05377224418594e-14,-9.21961408158057e-08,-3.25215205284547e-15,-7.88156518529374e-08,2.5185746095812e-15,-9.09371382248132e-08,3.8847356677972e-15,-5.33449649793802e-08,-6.1419016539441e-09,-3.53145347175016e-06,-1.87937480113201e-15,1.67831964955022e-07,-3.47616822777175e-16,2.48298096811211e-07,-0.0875982897082632,-2.23442041690248e-08,2.06026629424755e-14,-1.74661624256655e-07,-1.21645447813766e-15,-2.28301643152249e-09,-1.75326314659282e-08,-9.48591701794935e-16,2.89518108799846e-16,3.69383147277419e-16,4.10728077548712e-16,-2.23119254006128e-10,-3.23004674021882e-09,-7.89718857307369e-10,-3.58953594996833e-16,8.22954829577042e-17,-2.68113918045869e-07,5.88161648957392e-07,-7.10113520545407e-16,-4.74585860952957e-16,-4.92010926630125e-09,4.19765703882577e-17,-3.52299764243352e-08,1.15981487578503e-16,3.396778049903e-07,-9.75491197684176e-17,-1.00143763829362e-15,-2.4237808394287e-19,1.03995994736712e-15,-1.17735557111203e-16,5.60721233276141e-16,4.60351986570716e-08,-3.21998518608494e-07,-3.48443560915558e-16,-3.10139668267612e-08,1.18099023215899e-07,9.89053229335489e-17,-1.34396542189114e-16,-8.72138224669889e-16,3.02246219746882e-16,1.16785717604061e-08,1.86851683111526e-09,3.51642417833695e-16,-1.52798276530184e-16,-2.12271257806977e-08,-7.57250510632279e-08,-2.96240786466873e-08,1.55534635790131e-16,-1.45897952736211e-16,-1.33300549072584e-16,4.32264332614327e-16,-2.40032643139446e-16,1.21997871920406e-15,4.47928557262565e-08,-4.23672390720891e-08,-8.14671209370356e-09,-3.19393785470854e-16,6.28338065024024e-19,6.48071997220005e-16,3.46495582555729e-16,-7.45293890889417e-16,6.84281456469741e-17,5.10054503145869e-16,1.66197160780066e-16,-2.91497331651341e-17,-8.5654273885035e-16,5.40437371906518e-16,5.79407618625375e-16,3.07799214812492e-16,8.96526179034206e-18,3.08737944299649e-08,7.67057251298376e-16,1.82374808469053e-15,-3.93237806763829e-16,6.94872720822303e-07,-7.61612512095453e-10,8.77976513618169e-17,-1.12776024410405e-08,6.34975972636582e-07,-1.6888163142727e-16,4.5490746988783e-16,-1.11441484485443e-07,5.30772472042562e-16,1.56342819085844e-08,-9.3113249519091e-17,-5.33244164667596e-17,1.29824313889779e-16,2.35230397386265e-16,1.39304795551313e-09,-1.91300576104194e-07,-1.12137200469955e-15,3.98373938892811e-16,-1.14738031516247e-15,7.4354221353297e-16,3.79470760369927e-17,-7.43345281414449e-16,-9.78405603282929e-16,3.73304314787432e-17,1.59445179064901e-08,-3.65348607514421e-16,7.07281308375881e-17,8.25796296266993e-16,1.95848266542702e-15,-3.58002113025229e-15,-3.4417789326129e-15,-4.55869188124389e-08,-6.15077806043013e-16,-1.38230471594435e-15,3.39943080001734e-08,-2.68550659291737e-15,-1.54182191108779e-15,1.13730034776454e-15,-2.70232822613109e-15,7.32358693022041e-07,-1.82394140345024e-15,-2.0982013927647e-08,7.66107998705628e-15,8.37704194142701e-15,7.38910340369775e-14,-5.06937224945166e-14,-0.70710678118655,-1.26132700114681e-14,7.58912675789009e-10,-1.13458471402725e-14,9.81883305472521e-15,2.9579302091234e-08,-9.48166371705765e-08,2.34881938906477e-15,6.64671205206225e-08,9.73712015841395e-09,1.01482248480532e-15,2.31366376419651e-15,7.44287120294114e-17,-8.40388190640841e-16,-7.9927830791971e-16,-1.64130325044478e-08,-1.18671728788455e-15,1.45926099404053e-15,-1.8932448662646e-15,6.57737937199778e-09,1.02421578567742e-16,3.92275898308217e-16,-1.21378945555681e-15,-8.50807116236407e-16,-3.00068869557287e-09,1.09355339845254e-15,2.3260630729784e-08,-1.3926604495225e-16,-1.71948144915827e-15,-1.63666672240257e-16,1.48442869914522e-16,3.76221544412467e-16,-1.67545264589902e-15,3.35479502210384e-16,-1.08381261781314e-07,-3.16814178271505e-16,5.38075627159611e-16,7.24618737281327e-08,1.89365286773844e-16,-2.68160274152605e-16,-7.82076534544578e-16,-2.21493085680551e-16,2.61954900263843e-16,1.10864050749189e-15,-4.79775208891627e-08,-2.29524194327558e-17,3.87436677239188e-16,1.56809956037035e-07,-4.27749132586779e-16,3.51574238803636e-16,-4.8960890397208e-16,3.96030858080159e-16,-2.96603745391455e-16,1.00349234912617e-16,-5.87790414928995e-16,5.49230122804965e-16,4.41976962158641e-16,-4.14628193711817e-16,3.91644035143576e-16,-8.2514973509639e-08,1.72226346689883e-07,-1.25549338301793e-16,8.15813832478274e-16,-8.27101597563175e-18,8.61816319240395e-16,-4.92661467177413e-16,3.32847609608338e-17,1.51518440976668e-16,2.91397475626355e-16,-2.16765022195562e-09,1.20584586492429e-17,-5.28351434309454e-16,6.87506403234977e-16,6.57375923956034e-17,2.78072487558073e-09,1.9712696025778e-16,-3.04803391014955e-09,2.44712614830463e-16,-8.82642359434759e-17,-4.78450937866171e-17,-5.14496028777178e-16,-9.57233164730804e-16,-2.92243083141123e-16,1.25125972938479e-16,3.23353472385323e-16,-2.34726802012017e-16,-4.72731224329934e-16,1.46214243809565e-16,-3.04212809402586e-16,-1.98023597315286e-16,1.86566552799249e-16,4.87652146029602e-16,1.0338932032066e-16,-1.25924734184154e-16,-5.55823657009805e-16,1.77679992723196e-16,1.047384144627e-16,3.66677174734598e-16,-5.98601357110252e-17,-1.16734216474987e-16,-4.901450662937e-16,2.75334575176806e-17,2.12008771413685e-10,-3.65269603684625e-16,8.86319014608055e-16,7.96713259449388e-17,-4.44580719790901e-16,2.02195563392044e-16,2.64173984301347e-16,1.56078500209016e-16,-5.13383562349841e-18,-2.04278235520729e-17,-7.31053499745663e-18,4.34114549863196e-16,3.48213382088337e-16,-1.57462788725037e-16,-2.07997693613864e-16,-2.18823796081555e-16,1.00421937041721e-17,3.10031780214406e-17,-2.74497166209343e-09,2.70997667898915e-17,1.13845975262313e-16,1.13255605257816e-16,-6.04250972083868e-17,-6.1861979255063e-17,2.39073718729731e-17,6.41046269883909e-17,-6.51918391452582e-17,-3.19040465527294e-17,5.85279145116068e-10,2.33267924390021e-17,-1.11802185846795e-16,1.34579385613335e-16,-1.71010114758216e-16,1.13944898523351e-16,2.09539211122432e-18,-9.23800612046063e-17,3.30845318146015e-16,-9.20040582285135e-17,8.84704206570376e-17,2.01193646731888e-18,4.13823226575858e-17,-7.49817275039194e-17,2.97189712547626e-09,-1.07146675913852e-16,4.54246271801854e-17,-1.34300034935144e-16,6.50521303491303e-19,-8.97238053152735e-09,-1.70769455491711e-16,-4.79454184130979e-17,1.89359822431174e-17,5.86343415352449e-17,-8.56061619038756e-17,8.78692877816283e-17,-3.17392378465604e-16,7.65918699111818e-17,-8.74058459740733e-17,-5.93316465812229e-17,7.04731458421827e-17,-9.07922075689954e-18,-5.85438643851802e-17,6.96625210477996e-17,7.0571181556617e-17,-4.77182441167368e-17,-1.57491293906531e-16
"t584",-0.0314892323740691,-0.0174988414926654,0.00536567445366967,-0.00601236002083939,-0.00164681511729845,0.00131479306374886,-0.00784296237176595,-0.000184032733909768,-0.000125364754925503,0.000839716319364568,0.000817256798512018,-0.11890224628926,0.224327629583486,-0.0420679226588886,-0.0383987359537652,-0.0422827329507185,-0.00208302765263404,-0.136032664556133,-0.00162866470449061,0.000771289150905701,-0.0126421483841791,0.00174790707014149,-0.00126474254680304,0.0117518606932125,-0.00734753883927839,0.000680691362708629,-0.000921577826765241,0.000929897684543232,-0.0196749836887303,0.0119386387696928,-3.33480127604022e-05,5.70889230185785e-05,-0.0226072100465919,-0.000114009402898779,-7.80112329894581e-06,-1.96726706766038e-05,-0.0049451739637347,4.32294438753671e-06,3.61408820918824e-05,1.00106388662039e-05,0.000495161572012383,-5.71384573606064e-05,0.000729437818099785,-4.36621163431168e-05,0.00166156974290687,-4.32596384467947e-05,0.000262210065536445,-0.000769720855839055,7.99000388299416e-05,-0.000151033387866138,0.00171261794642405,-8.68947851627308e-05,1.21943332729199e-07,-0.000274122685865984,1.43911480277163e-05,-0.000150439278396106,5.39367626468631e-06,-0.000356130656372828,0.000120630411761425,-0.000126091102244539,-0.000108024486690918,1.66033868685384e-05,-0.000539151336981113,0.000286571491359116,-2.03082409854807e-05,0.000780748963583109,-2.86805281071072e-06,0.000100706955964003,-0.000274694802719131,0.000107452962207465,-0.000314837794705542,0.00022120530472641,-1.01531933915695e-05,-0.0017547223406124,0.00072945449030736,3.06804092913317e-07,-0.00172984790550744,3.30521687709685e-05,-0.000129120375882349,-0.000157110416818544,4.95487878095311e-05,0.000755767415828594,-0.00011096201957081,-0.000746210335553702,7.92381119211883e-05,0.0294209238864877,0.000627832452694258,3.91684041131737e-06,8.46844113673363e-07,1.17352348431143e-05,-1.27813063714124e-05,1.73998011977275e-05,0.000179115703100313,-0.189279837388992,4.81282764054781e-06,0.00137435793839389,0.000976374981726272,-0.000547857314711142,0.000752966459750531,0.000146364866157984,2.55018720646224e-05,-5.30772842722702e-05,3.35144068845547e-05,-5.56608764342917e-06,2.30593899867681e-06,-0.000103262513549624,0.000110617761356474,-4.72739638857524e-05,1.62426017329241e-05,-3.71781524861165e-06,-1.6147712563383e-05,-3.50670065055141e-05,5.84804106809846e-05,-4.10628917493597e-05,1.98640390276985e-07,-6.82274740676033e-06,9.57632498547603e-06,-8.84677664659702e-06,7.84865097626652e-06,-1.74583525123632e-05,6.16100211659091e-05,-1.2129293120321e-05,1.00284319400465e-05,2.74059329601101e-05,-8.7441468200697e-06,7.19628024316327e-05,-7.21466274668323e-06,1.99102104238506e-06,-2.39611240243536e-06,-7.85312740043657e-05,6.64565758955415e-06,-4.64848831650541e-06,2.03429221383269e-05,9.25530364176041e-07,-2.35042852829294e-07,-1.02492675094406e-06,1.00831128492407e-09,-1.58964548858141e-06,1.30446346606364e-06,-3.81182435189108e-06,-2.66286596973112e-07,-1.0747425742509e-05,2.23514018659856e-06,1.45885242546232e-07,4.60381313616349e-07,-3.33729835615093e-08,-1.90645778427559e-06,3.36300746683123e-07,2.26436574155737e-08,-5.91933716171881e-08,-9.2369660768892e-06,-2.80725860745414e-07,-6.08465140561525e-06,2.30633669501243e-06,-7.44426613603821e-07,-6.57498486018752e-08,9.95801240502239e-07,-0.000261176866950166,-3.20121812290169e-07,-1.07468368423547e-07,-0.000204034858003472,8.9590666212646e-07,-6.04499624682992e-07,-0.000121702897069138,9.02921882152069e-06,-5.35751765755524e-05,5.3956853424884e-06,9.24812366026689e-08,4.60146228359199e-06,6.20112817628253e-06,-0.000116774943573789,-1.16030133473064e-05,1.47099186705883e-06,5.30930300380029e-07,1.48193771588416e-05,2.0744685476478e-07,1.31573163487473e-06,-5.73952295783614e-06,-3.68842049447432e-06,-0.000116770305000924,7.43709386238746e-05,0.000237209591011142,-3.29350544422005e-06,-4.5996087803405e-07,-4.19720236205733e-07,-3.0051102075929e-06,-1.54733708147604e-05,3.83953204467042e-06,1.72886225984498e-05,-0.000154545967644391,-4.80169694760551e-07,9.25851943316367e-07,3.73917977614841e-06,1.89334897394776e-07,6.66656906303845e-07,-9.95219547605893e-07,-1.85773191223909e-06,-9.68536269384973e-06,1.1525943114594e-06,5.55296868946584e-07,5.57578942387828e-07,9.86637891314097e-05,-1.72084347146423e-08,-9.46117434153117e-05,-5.50087636716468e-06,-0.000200302867160518,3.93056116335882e-06,0.00015471218119381,-3.72570426640759e-05,-7.93422241693122e-06,-0.000330228050140685,0.00136880265294086,-0.0453537646031955,6.58296832565305e-05,4.0409712689034e-05,2.46341375433294e-05,-1.51679235003308e-05,-1.17111875480312e-06,1.29156973305176e-06,4.84732669309956e-06,2.41650114751179e-05,-0.000139252969700942,-4.9799303082566e-06,-1.48425409612828e-05,2.96725293432337e-06,1.44637070941833e-06,1.50823941383469e-05,8.04553763239981e-07,1.07568611744208e-06,7.1259347362951e-07,-1.39057950089089e-05,-4.19236677261992e-06,-1.84462920391102e-07,-3.00772832332604e-07,1.23816422820557e-08,1.71048187727675e-07,7.23247152123736e-07,2.53898147394986e-17,7.68665883577535e-08,-5.33232312023828e-06,7.14289309134377e-08,3.21994920473607e-07,-6.42835257901684e-08,8.479969981355e-08,-5.07732902980675e-08,2.05070605581587e-06,-4.88965115346246e-09,3.86791715349086e-10,-1.09829560371103e-06,1.16811920840769e-06,-3.89383668699516e-08,5.45480875341112e-06,-2.84615240143939e-07,1.49976605362024e-07,-1.0605519580164e-08,2.04287624302504e-06,-2.09918717832493e-06,8.77002763566543e-06,2.96974659402169e-07,-5.91379737044954e-08,1.34609151434431e-06,-2.64148680487974e-07,2.93979572164616e-05,-2.39982041391313e-05,1.51543857785106e-07,-5.17393114967478e-08,2.46806275683904e-07,4.90546247761296e-06,-4.02589665371894e-05,6.91497652523894e-08,2.78338909394065e-08,-6.15436419213799e-08,8.56408294724503e-06,-6.9218342975648e-06,1.57252169664399e-06,-3.43015169122476e-05,1.68455030394769e-05,-4.80344550291312e-06,2.97590159116803e-06,-1.76128297211431e-06,6.01750263522708e-07,1.74518006447452e-16,-1.52987431399323e-06,-5.26421331425049e-08,-1.89718393545631e-09,-1.70322594529928e-05,8.19540300141162e-08,-5.16656120101038e-08,-1.21881547870828e-06,1.61111585248802e-07,-1.30115794660005e-06,3.42119205915821e-06,1.34825922788471e-07,-1.86200082135747e-07,2.87296689299981e-06,-4.15569149635089e-06,0.0104764170629048,-2.78016174831041e-07,4.64430504352803e-06,2.35557359870972e-08,2.03877337311206e-07,1.32515744453896e-06,-1.29433359663253e-05,1.181668827612e-06,-1.21358796338278e-06,1.67218978396662e-06,-6.11070701133647e-06,4.07525066298328e-07,3.69689592133637e-07,2.84041346667105e-06,-7.67642569036417e-06,-3.92175758903876e-07,5.20138578600165e-06,-2.16448057642741e-06,5.38822883254879e-08,5.07425467338724e-07,-1.01126534087933e-06,3.55245190419576e-17,3.63448103108605e-09,5.89887368450039e-05,-1.44996293585144e-06,1.06898116229154e-06,1.528596633797e-06,2.81743233395056e-07,6.63581198829236e-07,-9.88438778124438e-06,3.81192299031107e-06,4.66135686712206e-16,-3.19701836230397e-06,-3.94395735146895e-08,-1.13245840622903e-07,1.42840391878057e-05,9.13527820907222e-07,-6.41832551478567e-08,-2.60759112675125e-06,7.26683413824287e-07,-4.26551208858115e-05,5.64630085116853e-06,-1.24099353677909e-06,-2.35408091750328e-06,-1.28407173784061e-07,-1.34381131954985e-07,-2.58123645278454e-06,4.26200628581725e-05,-3.03090327256626e-06,2.17915187506247e-16,-8.60098377909654e-05,7.36773196161208e-06,3.39414001866099e-07,2.53276000649475e-06,-1.25738371793685e-05,-9.9126346036222e-05,0.00311182350996608,-0.14383935442154,1.41567374696204e-05,9.15469306482421e-15,1.19915553592956e-05,0.000105829653697122,7.66824039887411e-06,-2.41735647642134e-15,-1.00914612638781e-05,-9.4689727038297e-05,1.39505298227396e-05,6.93010913758131e-06,2.07815201110834e-06,1.03308809583736e-06,3.49867843904805e-05,-8.42061207833889e-07,-8.80442794591547e-06,-8.91821426011745e-06,-1.4309241559054e-06,-1.4333132616963e-05,2.62894225033477e-16,4.4862007257963e-06,-2.02970080097089e-06,-1.21549458816667e-05,1.09854573437617e-06,-1.60010335571964e-16,8.66589971531907e-07,-9.1753706748317e-07,2.93365354762198e-07,2.51645178538368e-07,6.10666717914334e-07,-4.18741488778435e-06,7.12011668911889e-06,-7.76356982731357e-07,3.27081287244226e-16,-2.36166115845764e-06,3.10586605835632e-06,-1.33705414990203e-05,-2.68923210536355e-06,2.72514923762236e-07,1.81053530828845e-09,-1.38083988687754e-15,1.59087072281084e-16,1.65152493616624e-09,1.40519839864559e-06,-1.84286519791234e-07,2.57551567267705e-07,3.707262689244e-16,1.1511799790536e-07,1.33580549321263e-09,-7.88825066946621e-16,-3.34860675250108e-16,1.84758511395379e-16,-2.83830999728946e-07,-8.45019428509114e-07,1.29561474267073e-06,-8.43241836165472e-07,-4.26954975987812e-07,-1.08183893538443e-06,1.27102215632301e-05,-6.58119249336118e-16,0.281038910913563,3.39096869724839e-06,-6.00817494822206e-15,-2.81687619743326e-15,-7.8407010890789e-07,-1.08455529595372e-11,-4.83463966034684e-08,2.56619605957846e-08,1.32425587215447e-08,-5.93717514575364e-10,1.36658453135117e-15,-1.50709781177833e-09,-3.75219871831785e-16,-1.36074439250184e-09,-6.09608934512562e-15,1.1522931138437e-09,1.95246070708822e-16,-3.45735189681877e-09,-5.33262264764139e-09,-5.26597695981155e-10,-6.95730186839234e-09,-3.80211601706641e-08,2.59011992341545e-09,-2.37146358595256e-08,-4.68386736006053e-10,-2.26433306124541e-09,-1.61588044265025e-10,-1.0494271027558e-09,-1.20454973529666e-08,-2.16195014650739e-09,-2.66531852336031e-10,-7.46217885143175e-09,8.18205180852736e-17,3.82807186369139e-07,-8.63891614804522e-08,3.79518476196482e-09,1.19724387813352e-16,5.60339326831477e-10,1.75305900633671e-08,6.62757281273113e-08,-3.87766109966677e-16,-4.29891305541475e-07,-9.67586072859683e-09,-4.62875512916736e-17,-1.33743978783719e-08,2.59944212278074e-07,-3.73282378207941e-17,1.09325089556807e-15,-3.84637608586386e-08,-7.98539065138165e-09,-4.68283339058879e-11,-6.71130209574802e-08,1.90795719963492e-08,1.46668229656595e-07,5.47871492737966e-09,7.25515874157183e-08,-1.30433441655833e-07,2.93070689244557e-15,3.02770624559435e-09,1.89686946756831e-10,5.29875027437603e-10,5.03017235047501e-08,-6.21755549215711e-16,-2.43154132379479e-17,1.68641530886604e-08,1.09800031440026e-16,-5.78422146975278e-17,1.18258800756194e-07,-1.34637649626403e-07,-2.75528117334301e-07,-1.56959561585394e-09,7.23307187736719e-06,4.99296351977567e-08,4.33544270585090e-09,-8.59207406696875e-17,1.16184024039822e-08,5.49742970937316e-10,2.53310008722423e-09,-6.8270998825192e-07,1.17604674395018e-06,-2.52641525693008e-16,3.0017439889709e-17,-1.57107333547226e-16,-9.66960510163536e-09,-5.22430533036708e-08,-2.75060141838067e-08,-5.41435054748458e-17,-9.60395602340704e-08,1.17637616260284e-16,-2.95033003602054e-16,6.37692600247335e-07,-1.40107928904804e-08,3.98119037736677e-15,-3.48977312714574e-08,-4.73014492870786e-07,1.90908852568027e-15,5.49786541998497e-08,-1.63560697336733e-16,1.48956010659604e-08,3.83747873675532e-16,1.48797914938224e-08,1.28925547613504e-07,1.21771354206948e-07,4.40264571706596e-09,3.03254915823678e-08,-1.06346656007111e-07,4.29081579008619e-08,6.50130831617389e-17,1.98252211831692e-06,-1.78818417810276e-07,-3.32982556880071e-16,-1.47811306022537e-08,-4.34783054421479e-08,7.03004418706506e-08,-1.80789089344944e-16,3.26555419209443e-08,1.12414443936348e-06,1.50475387372437e-16,-1.07951790739368e-07,-2.38857027041088e-08,-3.23825988062901e-08,8.52574240686172e-17,-4.31743232401736e-17,2.21852185948101e-08,6.77354190967267e-09,5.47617320312234e-10,-5.9331587338505e-08,3.86909420857558e-09,-1.40696749495157e-17,-5.79886672265047e-16,1.4044154482586e-08,9.67309748015083e-11,-1.27949943162219e-15,3.35444315201546e-08,1.3283092098848e-16,1.89182382958847e-07,-6.21956034937057e-09,-3.62851683279448e-09,-2.39081884668641e-08,-1.22220700653204e-15,-7.6598155094267e-18,-1.95946276570669e-16,-1.70167246493745e-17,-4.64420472416536e-08,-4.26806237048476e-08,2.06790679645129e-15,-2.67678066369839e-16,2.79498074601666e-16,9.28525561424726e-08,5.16957114199539e-10,-4.34012184643169e-08,2.31490363964886e-16,7.98514900035574e-17,5.65140382408069e-16,-1.35016966521656e-07,4.51055745191634e-08,-4.47348187593463e-16,4.28210527070534e-09,-3.88481441276403e-07,-2.76025515514696e-16,2.08043276958349e-16,-8.11881673624772e-09,-8.11508273710784e-11,-3.15313515674261e-09,-1.94659874457403e-15,1.83707614071854e-09,1.05352502962664e-09,-1.69354772635962e-09,5.94691258100726e-09,2.61822399439878e-08,-3.12448049491586e-09,-2.65896985550996e-15,4.55975087340657e-15,2.73600428288243e-15,-2.42875746131116e-07,3.5699040501296e-07,1.44642437428958e-08,3.10970263429872e-08,5.18298217270733e-15,-5.68669517292646e-15,-3.05026195953278e-15,4.85612809938191e-14,5.8140452386098e-15,-0.511655876717145,2.28386515888968e-14,7.07614444065392e-14,-9.21961405605241e-08,-2.96575611461556e-15,-7.88156515933656e-08,2.47317619409766e-15,-9.09371380862282e-08,3.73756358605873e-15,-5.33449648748057e-08,-6.14190173607363e-09,-3.53145347164306e-06,-1.80582556294005e-15,1.67831965092728e-07,-7.26214521260476e-17,2.48298096993872e-07,-0.0875982897082632,-2.2344204303389e-08,2.1187129438477e-14,-1.7466162457593e-07,-1.84436771158917e-15,-2.28301586421702e-09,-1.75326311268314e-08,-2.1143979854685e-15,-3.42673571993942e-17,-1.8134034142605e-16,1.03426107267253e-18,-2.23118553947461e-10,-3.23004714391834e-09,-7.89718041696461e-10,-7.87892767714417e-16,9.86825507717636e-17,-2.68113917898418e-07,5.88161649273979e-07,-1.33092839119332e-15,-2.47695160179445e-16,-4.92010989173374e-09,-2.43656156403452e-17,-3.52299755844239e-08,-9.16009944243856e-17,3.39677805353286e-07,1.12890305676338e-16,-6.88214000374981e-16,-3.34969090129774e-16,1.15062659697517e-15,-3.25692671613928e-16,-1.0377180296192e-15,4.60351992468909e-08,-3.21998517537289e-07,3.23344947396778e-16,-3.10139667979309e-08,1.18099023141544e-07,-2.07754098259384e-16,6.2858707297888e-16,4.38785815866583e-16,-6.17412403672278e-16,1.16785719459508e-08,1.86851893477173e-09,7.24589195936258e-16,1.35458868601675e-16,-2.12271261224579e-08,-7.57250511592818e-08,-2.96240779272847e-08,5.19976322685462e-16,4.45441008684865e-16,-4.49885760726473e-16,1.97723786233961e-16,-6.21916834578071e-16,4.86831271068893e-16,4.4792855491659e-08,-4.23672388769736e-08,-8.14671281512029e-09,2.74828568117055e-17,1.96593426470354e-16,9.93444828941242e-16,-5.12744973528978e-16,-5.88251521379568e-16,3.09554491607152e-16,1.73889216071648e-15,2.45546938952779e-19,4.61216025893675e-16,8.53097688357777e-16,-4.92538946239789e-16,1.987586503041e-16,-1.36665123424864e-16,7.88014550192343e-16,3.08737933571615e-08,4.69110190580999e-17,3.08662679059853e-15,2.19186237899537e-16,6.94872721587914e-07,-7.61612373224035e-10,8.33838467496299e-17,-1.12776026700269e-08,6.34975972007069e-07,-9.31226863999337e-17,-6.61740247281854e-17,-1.11441484852595e-07,6.0858193729101e-16,1.56342819281551e-08,1.33761767444682e-16,4.07150304804879e-17,9.83186189055971e-18,1.63451456828454e-16,1.39304818555214e-09,-1.91300575571784e-07,1.32979217644422e-15,-5.50947359624021e-16,1.23997909737984e-15,1.02727792209474e-15,-4.95263552391378e-16,5.70169856820309e-16,3.68885700585813e-16,4.46915264042299e-16,1.59445161177061e-08,5.85736494371887e-16,4.21749394673268e-17,-7.3950236496313e-16,-1.95742563705421e-15,3.92536536455503e-15,3.1782646648935e-15,-4.55869181056748e-08,6.50877307249384e-16,1.45233014786684e-15,3.39943075072274e-08,3.65453401914028e-15,1.51565265927028e-15,-1.2008874362574e-15,1.88037022370822e-15,7.3235869484632e-07,2.05232913480628e-15,-2.09820582508991e-08,-7.69411549961843e-15,-8.48770068118425e-15,-7.37805678650361e-14,5.23564557932733e-14,0.707106781186545,1.26373650376827e-14,7.58908018660837e-10,1.08159416191178e-14,-1.02086280200692e-14,2.95793077430784e-08,-9.48166254001392e-08,-2.33382323943256e-15,6.64671315387461e-08,9.7371167693691e-09,-1.07761282485408e-15,-1.98801686358962e-15,6.53635564124081e-16,8.59237059490281e-16,1.00722142688952e-15,-1.64130319602732e-08,1.11879791420603e-15,-1.01780215690994e-15,1.26759346639635e-15,6.57738022350901e-09,-2.82834413534823e-16,-1.76257980123103e-15,1.33217549782269e-15,8.93750580603917e-16,-3.00069012834139e-09,-8.42148749964929e-16,2.32606303164684e-08,3.25221164989095e-18,1.47154239141991e-15,8.3102221327506e-16,4.19582146024658e-17,-4.22314913408038e-16,8.90360854599023e-16,-4.17761531533981e-16,-1.08381261486547e-07,2.70384079538551e-16,-7.32328844760038e-16,7.24618742155495e-08,-8.52573279666459e-17,3.00276881206284e-16,4.90183777548966e-16,2.82236649530986e-16,-2.134107795188e-16,-1.1102196226286e-15,-4.79775219745577e-08,-1.12827713576424e-16,-3.18778597436334e-16,1.56809956513868e-07,1.58392872596235e-16,-4.96539471577041e-16,6.49585586223475e-16,4.12564829562915e-16,7.61972509079045e-16,5.08042643651139e-16,-4.98247874642734e-16,-5.96970355680731e-16,-4.64412127940412e-16,3.74123876279923e-16,-4.56449496719562e-16,-8.25149727854463e-08,1.72226349633872e-07,-4.21632803631199e-17,-6.5903827865148e-16,1.63093527816291e-18,-7.28473363396526e-16,2.2659825404947e-16,1.09935853394295e-17,-5.42756317891918e-16,-3.95249593746098e-17,-2.1676493391042e-09,8.10732849676495e-17,5.63832160092635e-16,-6.93432158690775e-16,2.75046739760044e-16,2.78072490628992e-09,-7.51053859018053e-16,-3.04803464892554e-09,-2.41241903627944e-16,3.86743395177113e-17,2.8138214834542e-16,5.28274721307624e-16,7.83903758206919e-16,6.96025243917137e-16,-7.17716579923828e-17,-3.01295601674342e-16,1.06891621865264e-16,4.24422159350745e-16,-4.32566286393089e-16,2.55192039376078e-16,2.15840188489725e-16,-1.11446296848566e-16,-4.8145168708472e-16,-1.35123312345959e-16,1.44597681070979e-16,4.87898839649032e-16,2.59766873167115e-17,-1.0296500651877e-16,-2.36789754470834e-16,1.97410236057825e-17,8.23648537830315e-16,1.84280444386447e-16,-2.14290199122174e-16,2.12008485958818e-10,2.2916255961184e-16,-7.26973818050373e-16,-7.28957506738156e-17,-1.64395334537781e-16,-3.83562125289284e-16,-2.1197153865019e-16,-1.36815476602652e-16,-1.80542580642543e-16,-9.69854487126048e-17,-5.80313602923172e-17,-3.19839640883224e-16,-3.08337230660307e-16,-9.55443544338372e-18,1.35077452447264e-16,1.9228121779358e-16,-8.35714541216832e-17,-3.08218181689994e-17,-2.7449717316035e-09,-4.2353204087879e-17,4.99713542949975e-17,3.48904285023476e-18,-4.23685260878027e-17,-1.42020681661723e-17,2.39938294923666e-17,5.87014746542327e-17,3.9377691219028e-17,1.00702762783483e-16,5.85279042555944e-10,3.55201077436816e-16,-1.31087426175964e-16,-1.06561590475454e-17,2.6548386469759e-16,3.91932525307568e-17,-1.03277131433658e-16,-2.31658846355397e-17,2.43087620665297e-16,7.68845066226376e-18,1.25169110959903e-16,7.91872074627871e-19,-1.23450466608383e-17,6.09280885246212e-17,2.97189716441353e-09,1.06484094932925e-16,-3.54451137373892e-17,-1.05095283871584e-16,-4.20670442924376e-17,-8.97238049744954e-09,4.24933053482121e-17,2.68041490817402e-17,-7.65948675882583e-17,2.80075847849167e-16,9.53801595290541e-17,-3.12870662828185e-18,1.88535553634964e-16,1.80304813092296e-16,-4.29413567580163e-17,-7.43616594764187e-17,1.516922935655e-16,5.46946437154389e-17,-2.70632928680894e-17,2.12311422675247e-17,-3.09551432272322e-17,3.85888274847221e-17,-1.93554954594369e-16
"t703",-0.0314845134777666,-0.0174933142755784,0.00536392480977578,-0.00600973220787178,-0.00164593378529372,0.00131396748830815,-0.0078379409411987,-0.000183905532659218,-0.00012526241118307,0.000838885040522928,0.000816230308228401,-0.118718231877478,0.223970303119273,-0.0419998992216243,-0.038333938851775,-0.0422071704802323,-0.00207921621752469,-0.135779246914043,-0.00162556037960811,0.000769691996055349,-0.012613831381601,0.00174318117490191,-0.00126113114233897,0.0117181120340616,-0.00732635524382016,0.000678635180277056,-0.000918761022603778,0.00092702990256003,-0.0196126762155454,0.0118939776747967,-3.32149599923568e-05,5.68507570987564e-05,-0.0225060663073134,-0.000113475062721524,-7.76268742758431e-06,-1.95679712875362e-05,-0.00491852031025035,4.29927274504853e-06,3.59416303642994e-05,9.95462364773331e-06,0.000492310901812076,-5.68015012392761e-05,0.00072507176870783,-4.34004566101684e-05,0.00165143768521689,-4.29789195550526e-05,0.00026047686256559,-0.00076458912021277,7.93545291224255e-05,-0.0001499758432369,0.00170022437094186,-8.62563991712646e-05,1.21045488563359e-07,-0.000272066609751208,1.42792953975928e-05,-0.000149263798867636,5.34747321742989e-06,-0.000353005779621061,0.000119568932581438,-0.000124916470401362,-0.0001069755077125,1.64388897900596e-05,-0.000533723338409709,0.000283674797290237,-2.00968517682424e-05,0.000772409811581872,-2.83568480782606e-06,9.95428244870858e-05,-0.000271484504355771,0.000106172464726878,-0.000310699718692071,0.000218088242274983,-1.00086298147207e-05,-0.00172920412311188,0.000718818424924938,3.02290106964187e-07,-0.00170430572627647,3.25555717691442e-05,-0.000127104305609069,-0.000154619708711368,4.87429421887996e-05,0.000743408409800128,-0.000109074764739278,-0.000733370558698687,7.78068617500786e-05,0.0288825871491486,0.000616194885585437,3.84408596579845e-06,8.31105616307116e-07,1.15168389280031e-05,-1.25422786318306e-05,1.70593584233915e-05,0.000175596866945097,-0.18545939800386,4.71119023567211e-06,0.00134513971429001,0.000955611236364748,-0.000536009099858992,0.000736581453961827,0.000143105491841313,2.49233656093935e-05,-5.18712647396774e-05,3.27514939394405e-05,-5.42882319614111e-06,2.24874112944383e-06,-0.000100689548090555,0.000107839424755039,-4.60839643185456e-05,1.58321277060558e-05,-3.6233025009271e-06,-1.57364214942257e-05,-3.41636155190496e-05,5.69718104443825e-05,-3.99720119535448e-05,1.93330571611051e-07,-6.63790217874467e-06,9.31532117566821e-06,-8.60169447169438e-06,7.62782615977021e-06,-1.69614395013419e-05,5.98449500165751e-05,-1.17739710920945e-05,9.73044985091925e-06,2.65911599265557e-05,-8.48365671745417e-06,6.97878915244403e-05,-6.99635611460352e-06,1.93003182291004e-06,-2.32014177019632e-06,-7.60404332196569e-05,6.43428901392382e-06,-4.497266029521e-06,1.96782319337742e-05,8.95193532672261e-07,-2.27238803431388e-07,-9.90835922663345e-07,9.73862325536943e-10,-1.53417113004095e-06,1.25762840686704e-06,-3.674856940082e-06,-2.5667220934935e-07,-1.03584357324342e-05,2.15392395871564e-06,1.40576407797616e-07,4.43627478702741e-07,-3.21454658464574e-08,-1.83484429597607e-06,3.23398992748182e-07,2.17704266763789e-08,-5.68844282094274e-08,-8.87633564762981e-06,-2.69718195377157e-07,-5.8454564098757e-06,2.21540977918155e-06,-7.14297942325833e-07,-6.30777316605987e-08,9.55212334169341e-07,-0.000249815431286429,-3.05979889265469e-07,-1.02709589924466e-07,-0.000194882461062589,8.55612780264689e-07,-5.76861905083106e-07,-0.000116127591615831,8.60897828869794e-06,-5.10435819635925e-05,5.12948564730581e-06,8.79117607192036e-08,4.37401751575022e-06,5.89283275193229e-06,-0.000110929994793688,-1.10216821297927e-05,1.39630685659008e-06,5.03861890728886e-07,1.4057063394317e-05,1.96752345501437e-07,1.2478256926551e-06,-5.43714793860162e-06,-3.48998117966752e-06,-0.000110465388159356,7.03415940059452e-05,0.000224227792356885,-3.11256360876348e-06,-4.3459550866356e-07,-3.96491588740277e-07,-2.83681002472715e-06,-1.46042426148164e-05,3.61837130013441e-06,1.62919569339112e-05,-0.000145561923618464,-4.51612804318174e-07,8.69747902094093e-07,3.51113453237712e-06,1.77677099633251e-07,6.25317377312403e-07,-9.32199944846158e-07,-1.7395642045135e-06,-9.06340056314616e-06,1.07822636910715e-06,5.18147144860641e-07,5.20213549005926e-07,9.19512415728514e-05,-1.60202653822835e-08,-8.78466939738239e-05,-5.10748286145116e-06,-0.000185932416844687,3.64580780614598e-06,0.00014342813485191,-3.44909288681057e-05,-7.33217230005038e-06,-0.000304731286863252,0.00126255281612094,-0.0417481251095039,6.05268648373554e-05,3.71534379756407e-05,2.26287376888518e-05,-1.39010428271769e-05,-1.07282244105706e-06,1.18031322799472e-06,4.42228100971277e-06,2.20330494846823e-05,-0.000126655368638473,-4.52673752223308e-06,-1.34830260161529e-05,2.69006460903613e-06,1.31072129799601e-06,1.36665046684228e-05,7.27397946352346e-07,9.71194236964716e-07,6.42380055978962e-07,-1.25267810963863e-05,-3.77384340513343e-06,-1.65933203129156e-07,-2.70506364228333e-07,1.11153481697929e-08,1.53378061745923e-07,6.47716580386418e-07,1.05057903796598e-16,6.87137311351746e-08,-4.76499879575702e-06,6.36658209021756e-08,2.86424067802162e-07,-5.708645694298e-08,7.52980658178328e-08,-4.49419936187928e-08,1.81420736050205e-06,-4.32467567163516e-09,3.41692044774977e-10,-9.69447638134248e-07,1.02954103829518e-06,-3.42960896797915e-08,4.80315443243625e-06,-2.50233592359372e-07,1.31001815923712e-07,-9.24173163799509e-09,1.77660682317875e-06,-1.81746411649606e-06,7.59059621618799e-06,2.56216740170987e-07,-5.09290321522125e-08,1.15619889706831e-06,-2.26692303984977e-07,2.52067077757629e-05,-2.05510586221829e-05,1.29533270951754e-07,-4.42150749779406e-08,2.09893102120807e-07,4.17131411426949e-06,-3.42294929763186e-05,5.87144687430235e-08,2.36216364566769e-08,-5.21458926270539e-08,7.25415805590975e-06,-5.80447728280701e-06,1.31717096208294e-06,-2.87053590752906e-05,1.40675052565424e-05,-4.00446733439074e-06,2.47121541947154e-06,-1.46089791758799e-06,4.98664118531555e-07,-3.11372061405466e-16,-1.26374851157554e-06,-4.34664278863271e-08,-1.56432213145644e-09,-1.39972243445232e-05,6.71546559398163e-08,-4.22766547667888e-08,-9.96632739529466e-07,1.30536212761408e-07,-1.0535861932621e-06,2.76978472501915e-06,1.08849306839813e-07,-1.49100923961015e-07,2.29721152956682e-06,-3.31950144389763e-06,0.00834011472843659,-2.1836413152102e-07,3.62626982427106e-06,1.83858532985798e-08,1.59114839918686e-07,1.01836041981106e-06,-9.75624252209568e-06,8.88395028658913e-07,-9.08887321928898e-07,1.246398881536e-06,-4.54799000718231e-06,2.99463295277653e-07,2.71392014406408e-07,2.0813697798255e-06,-5.61799758806326e-06,-2.85819369429039e-07,3.77302301758314e-06,-1.56315133166043e-06,3.88367509621692e-08,3.64511334537705e-07,-7.21157139565718e-07,-6.81109895233407e-17,2.46689959188985e-09,3.98214044229078e-05,-9.70706608092228e-07,7.15471896840428e-07,1.0228234963654e-06,1.88129922528312e-07,4.41344555321699e-07,-6.54271030793454e-06,2.49824914731531e-06,1.36693252099569e-16,-2.04545337451685e-06,-2.51548902512194e-08,-7.17409634862459e-08,9.04150254175248e-06,5.68249408993036e-07,-3.95264553257938e-08,-1.58246452638813e-06,4.36412615608389e-07,-2.50165162110188e-05,3.23542072545548e-06,-7.00094495443388e-07,-1.31602880586891e-06,-7.13733914590456e-08,-7.39187156435566e-08,-1.41819870971526e-06,2.32396102708262e-05,-1.64280082699531e-06,7.55586823000275e-16,-4.44468757984791e-05,3.76719954361905e-06,1.73527659236633e-07,1.25454430568823e-06,-6.19717975490435e-06,-4.57442006384524e-05,0.00140679790357908,-0.064756829315644,6.27159274262876e-06,4.32177092153884e-15,5.21219153343086e-06,4.56656971133007e-05,3.21692646082829e-06,-1.02306136340586e-15,-4.09877706584435e-06,-3.81557946173482e-05,5.59813546271215e-06,2.75688396847088e-06,8.14492442200851e-07,4.00284572855139e-07,1.34327875202816e-05,-3.14372890849651e-07,-3.27581124256539e-06,-3.25169392940727e-06,-5.02564029158308e-07,-5.02408504849351e-06,-1.22927905173505e-16,1.44961715963819e-06,-6.45869129087191e-07,-3.73402379757411e-06,3.18626757397351e-07,1.74386898637242e-16,2.17580093133145e-07,-1.86976749056204e-07,5.31530624265663e-08,4.28685415445171e-08,9.59411596521585e-08,-5.51727400301102e-07,6.28989912547122e-07,2.54617778930604e-08,-2.43602669552408e-16,3.76545068128793e-07,-5.32680488781996e-07,2.63787700820601e-06,6.30451825055888e-07,-6.46829047346085e-08,-4.49358948661917e-10,1.11369247157711e-15,-4.41424954355244e-16,-5.1754617047407e-10,-5.25882421169215e-07,7.04179642908547e-08,-1.13534886531094e-07,-1.30657823831347e-15,-6.71425347985182e-08,-8.72910859472442e-10,1.41606149786283e-15,5.59655995547553e-16,-5.53123618433823e-16,2.57593409210824e-07,7.97959634258582e-07,-1.39951132766425e-06,1.01835714783706e-06,5.22345683699132e-07,1.48816825070483e-06,-1.77209320194661e-05,1.33646086449267e-15,-0.496048854573666,-6.50708424751989e-06,1.03316676038068e-14,5.81799718302694e-15,2.10826895824978e-06,3.17577803748311e-11,1.59224164298296e-07,-9.16961370978765e-08,-5.57420908925963e-08,2.56898131088036e-09,-2.64021545192188e-15,6.77536107590532e-09,1.40169542243327e-15,6.85728569081174e-09,1.05062443120363e-14,-6.34424350797956e-09,-3.09126005490669e-16,2.14426554521617e-08,3.39133611256762e-08,4.87260446763359e-09,7.06961552220326e-08,4.02538699093042e-07,-3.33147628686178e-08,3.71180331750471e-07,1.38433705959658e-08,6.74299460289287e-08,6.48934941057399e-09,1.09040066303692e-07,-1.24787094316184e-06,-8.68023911153005e-08,-7.33407782242106e-09,-1.78550289951122e-07,-9.70696487947842e-17,6.60174266451957e-06,-1.18911797388528e-06,3.45526586865039e-08,8.71751663180125e-16,4.68751146633152e-09,1.31440454230278e-07,4.76804572978772e-07,7.93439795700581e-16,-3.03094944511398e-06,-6.3372752170049e-08,5.03132742367622e-16,-8.4755798359188e-08,1.39925219054332e-06,-3.09599842369528e-16,-4.37956352036318e-16,-1.96707969722393e-07,-4.0662087836598e-08,-2.33804642772412e-10,-3.27790816485472e-07,8.90200117544985e-08,6.81776395924286e-07,2.53354734951984e-08,3.18416104651116e-07,-5.51378655406059e-07,-2.4196139883359e-15,1.26321433891248e-08,7.89670527587785e-10,2.18917975330774e-09,2.05981485959471e-07,1.15974765866362e-16,-8.94541886599198e-17,6.82497315395196e-08,-7.06237956845402e-17,1.16893486209774e-16,4.48868899051041e-07,-5.06174183376948e-07,-1.03565254265536e-06,-5.78572870566181e-09,2.65952703768175e-05,1.83488533449355e-07,1.58783888189248e-08,8.25548783410415e-18,4.11824461578913e-08,1.93653702405866e-09,8.90534777903602e-09,-2.37732026873135e-06,4.03102871975672e-06,-3.86302314670793e-16,-4.70749861001997e-17,1.76533162057753e-16,-3.25103752851546e-08,-1.74395522467066e-07,-9.17720411147689e-08,-3.7243496257118e-17,-3.18448225871241e-07,3.14776531544537e-17,1.47347245406393e-16,2.07253980752802e-06,-4.55278230689889e-08,-1.88304233317282e-15,-1.13046012057671e-07,-1.52995810217741e-06,-1.25344970458508e-15,1.77409895413022e-07,2.6925981297219e-16,4.7992995133308e-08,-2.99159444014532e-17,4.79388603049555e-08,4.15346832341545e-07,3.92282877224953e-07,1.41824045263382e-08,9.76857559443789e-08,-3.42808253739075e-07,1.38756565292903e-07,-4.66000066878558e-17,6.46146815120446e-06,-5.83451865100492e-07,-1.52977191459114e-18,-4.83031694980855e-08,-1.42521493186536e-07,2.31152375548718e-07,-1.9409413026238e-16,1.08739452903436e-07,3.75425445831731e-06,3.95410587924801e-16,-3.62010895859909e-07,-8.02704999835252e-08,-1.09756249775798e-07,2.64346424369739e-16,9.54023918799598e-17,7.70403344084767e-08,2.38130256751708e-08,1.93037142609571e-09,-2.24856974300624e-07,1.48865545328971e-08,-3.54603267859908e-16,2.77975477173931e-16,5.46383445753908e-08,3.7687508830389e-10,-2.98230922295981e-17,1.33355438115165e-07,1.51744562469874e-16,7.68238920959243e-07,-2.60856781482966e-08,-1.5255781069832e-08,-1.01512676471534e-07,-4.19601530480949e-15,1.7781738082038e-16,8.3315414911202e-17,-3.31909104067812e-16,-2.1931649333242e-07,-2.03670713918786e-07,-4.04434919400816e-17,4.55679727265837e-17,9.77928203911914e-17,4.61409293099672e-07,2.61815308604063e-09,-2.3265035237526e-07,3.59184080200964e-16,-3.95679582848585e-16,1.72659195968317e-16,-9.53859490607626e-07,3.22790994812981e-07,-7.0401406836966e-17,3.63824930022242e-08,-3.59895620375016e-06,9.78576370869459e-17,4.08645135148297e-16,-9.82433324043411e-08,-1.00862832043598e-09,-4.95299235322974e-08,1.10291499296075e-16,5.72934249593214e-08,8.48092317384483e-08,9.32272686977055e-08,-8.81177681936149e-08,-3.17167500501523e-07,2.75770260159515e-08,1.758728430677e-15,9.50084275550335e-16,5.31261099846844e-16,6.0918840690536e-07,-8.80190401218993e-07,-3.08987587844925e-08,-2.91672617253357e-08,-7.50227083431094e-16,4.23401300305911e-16,1.30346898445291e-16,-6.46737855196483e-15,-3.88483038106874e-15,0.0581062284535141,-2.40064401065843e-15,-9.02423573401521e-15,-1.45284781464938e-08,5.00218081750656e-16,-1.35298191391558e-08,-6.80764407532371e-16,-1.77613054912653e-08,-7.51096367315625e-16,-3.46593270967495e-08,-4.67777193349366e-09,-3.32088253388663e-06,4.75259173280298e-16,1.98173048533507e-07,-4.51041937548522e-16,4.63924399243101e-07,-0.34297262835336,-9.14184290307159e-08,8.62967277846833e-14,-1.21982968911661e-06,-1.10480864829223e-15,1.11233269185762e-07,6.06891601279566e-07,1.40920607343525e-15,-9.48599085280676e-17,3.92903953149884e-15,2.7844287299002e-16,1.25466728156433e-09,1.4645712984007e-08,2.89880574224301e-09,5.12082906391436e-16,-5.30857490906027e-17,4.72418303026179e-07,-1.008823260418e-06,-1.05236797828395e-15,-3.92830427001654e-16,4.24488113681678e-09,-4.1465404605876e-16,2.63817576905362e-08,2.21712207560857e-16,-1.65502766380137e-07,-1.9178600189827e-17,1.54173255153049e-15,-1.21359559440363e-16,-2.09622180039625e-16,-3.21245620354499e-16,1.57191699548238e-15,-6.4020112353337e-09,4.36427470632442e-08,2.57076522121364e-16,1.49460580310938e-09,-1.78849921271147e-09,-4.7991730963386e-16,-1.7658450715395e-16,3.95776971186489e-16,6.88165144295941e-17,1.26891959534663e-09,2.5019745266872e-10,-9.75534145028572e-16,-3.56800505237052e-16,-3.41058510180855e-09,-1.24231387329406e-08,-5.19367974537844e-09,2.02259357724234e-16,-8.53654376074763e-17,1.23700009578414e-16,1.28916248080094e-16,6.6929065664632e-16,-4.1001505852528e-16,1.47508061223587e-08,-1.44654230697148e-08,-2.87698147037169e-09,-1.05608497029321e-16,2.11804858457847e-16,2.74996097792853e-17,-1.96214840941061e-17,-1.29362390568946e-16,6.45508705999748e-16,4.21440018754317e-16,9.85781735492973e-17,-7.17074977521365e-16,2.07809283125765e-16,-4.97501961151915e-16,-6.64551662229672e-16,5.40035827531478e-16,-1.33315411762922e-16,1.58377319547068e-08,4.88287415767871e-16,8.64931356141737e-17,-1.07911903746051e-16,3.68286846078644e-07,-4.06566027069063e-10,5.08606141392586e-16,-6.04672992924549e-09,3.52864038461294e-07,-2.18702679779222e-16,-6.74039039611511e-16,-6.44812306081845e-08,6.96942028965391e-16,9.45377720533984e-09,-2.97972846478599e-16,4.29322066227524e-16,6.10678582926244e-16,-4.70329913095729e-16,8.94207598769111e-10,-1.23250873622035e-07,-3.98857169479567e-16,-3.56014310308754e-16,-2.21397126146002e-16,1.11365237726361e-15,-3.21032263272958e-16,-3.66729810061513e-16,1.60345407534168e-16,7.6987980527992e-16,1.18908651308852e-08,2.42766860628567e-16,-2.31215232801163e-16,5.91972241760381e-16,-2.6120938509615e-16,-7.99088880994492e-17,-5.84036482170524e-16,-3.47963557318709e-08,-2.02490150499244e-16,-2.00367119959972e-16,2.60529175735577e-08,4.69604764679801e-16,-1.25733170217074e-15,-2.12164385769545e-16,4.09088393165216e-16,5.85809460104164e-07,-5.99620531297224e-16,-1.68987985283369e-08,4.92238135855443e-16,6.24347370395632e-16,-2.49955571287261e-16,-6.96978943065833e-16,4.15608079018636e-16,7.87882472003734e-16,6.19413805416345e-10,1.38513681989587e-15,8.87451761234644e-16,2.43763960472795e-08,-7.81757755577731e-08,-2.76661560407462e-16,5.52379447512953e-08,8.11170946269295e-09,-2.30723049538555e-16,4.33941908772949e-16,4.91297064235264e-16,2.40906409055654e-16,-1.93431544002123e-17,-1.41249365850413e-08,3.02087685765147e-16,-7.15205081506455e-16,6.4461160632798e-16,5.7029089460447e-09,6.06243990043629e-16,1.70023687003204e-15,1.80698935178619e-15,1.22486036913481e-15,-2.62628900576828e-09,7.4793611487288e-16,2.04152866014735e-08,1.68636852725769e-15,-2.58225601661213e-15,1.2776319302577e-15,-1.52303631245921e-15,2.36033889670074e-15,2.5599342529342e-15,-3.6877785517742e-16,-9.64640074894854e-08,5.05042820954663e-16,1.30267573805377e-16,6.47060234490467e-08,-5.49945595687828e-15,1.06472045213755e-15,-1.16852433868993e-15,7.28750561437873e-17,2.49528414032647e-15,7.1833775616152e-15,-4.32660946267061e-08,-5.82757942053649e-15,-6.82690473684295e-16,1.42005715196386e-07,1.82165716016544e-15,3.82487586253732e-15,-5.49786077074612e-14,-2.6783002892186e-15,-3.6620303541428e-15,2.07464893883648e-13,-0.707106781186548,-2.80368942764766e-15,7.5110527893771e-15,-9.1211587160854e-15,-2.2108762523483e-15,-7.58123918015508e-08,1.58495197301717e-07,1.7779220721174e-15,-1.79701446361135e-15,-3.97233960942071e-15,4.49565576424769e-16,-1.71520783687207e-16,-1.35658725201029e-15,1.622275870352e-15,1.95781778260121e-15,-2.0112389154266e-09,-5.53870960630745e-15,-1.45733434402151e-15,6.65792099645991e-16,-5.85826850780717e-16,2.59703269701219e-09,-2.10365979990713e-15,-2.8665908206401e-09,2.09748540556748e-16,2.70872334574367e-17,2.34783572312273e-16,1.25648840211981e-15,-1.86807969117082e-15,4.66265613938324e-16,-5.97879962394628e-16,-1.14818541671353e-15,1.11781264414578e-15,-1.15584482985493e-16,-4.83903352830988e-16,-4.49672197758648e-16,-1.47777724688448e-16,-2.51949148976769e-16,9.41398141557265e-16,2.65271462289923e-16,3.42787856474351e-16,-4.71567051458683e-16,-2.57440696401276e-16,1.29771630550854e-16,1.48535697630514e-16,-1.20845855691581e-16,8.66280542258002e-16,6.94063867535744e-16,4.7773085122169e-16,2.03893241170555e-10,-3.69537023089725e-16,-1.21646893695699e-16,5.01603428761119e-16,-6.02904219595755e-16,5.35625011657725e-16,7.22906788869589e-16,5.52381402743757e-16,-1.82333415232979e-16,-3.58093713759476e-16,9.05011545579516e-17,7.4419637119405e-16,-5.05245702805662e-16,3.54738894626739e-16,-2.56059129807596e-17,9.80636916283162e-17,-1.57116953664458e-17,9.71816015892254e-17,-2.6733757829999e-09,-5.11707502143578e-16,2.01476882499675e-16,-1.05307774872047e-16,-2.22839757734438e-16,5.66836874514324e-16,7.88450552867033e-17,-2.59592674888831e-16,-3.6094150754961e-16,3.17175122700224e-16,5.76484268470789e-10,-5.12668567153615e-17,1.78817654652839e-16,-2.0566967864028e-16,2.23561913559775e-16,5.69467372455707e-16,-3.35020834549522e-16,1.20323290457956e-16,-1.85458999108073e-17,-3.18510965795611e-16,-1.63540748178926e-16,-2.27782007343394e-16,-3.10120209787607e-17,6.57518246792874e-17,2.95625868288623e-09,-1.91831329663637e-16,6.80025731146058e-17,1.01598110425673e-16,-1.17310675062932e-16,-8.96234567298836e-09,7.09061684863563e-17,-1.01828233776778e-16,1.51126802712472e-17,-3.83415138375197e-17,6.7710750514173e-17,-1.78109442425803e-17,1.58475497388181e-16,1.07442697147418e-17,7.84928801901211e-17,8.43969410798036e-17,-6.99576425684819e-18,5.50086548653466e-17,-3.99535994524213e-17,-8.08001181788095e-17,-1.38503177130642e-17,4.19488135337782e-17,-1.46352973467534e-16
"t704",-0.0314845134777666,-0.0174933142755784,0.00536392480977578,-0.00600973220787178,-0.00164593378529372,0.00131396748830817,-0.00783794094119869,-0.000183905532659217,-0.000125262411183066,0.000838885040522924,0.000816230308228391,-0.118718231877478,0.223970303119273,-0.0419998992216244,-0.038333938851775,-0.0422071704802323,-0.00207921621752468,-0.135779246914043,-0.0016255603796081,0.000769691996055352,-0.012613831381601,0.00174318117490192,-0.00126113114233898,0.0117181120340616,-0.00732635524382015,0.000678635180277059,-0.000918761022603785,0.000927029902560022,-0.0196126762155454,0.0118939776747968,-3.32149599923603e-05,5.68507570987698e-05,-0.0225060663073134,-0.000113475062721501,-7.76268742754088e-06,-1.95679712875257e-05,-0.00491852031025036,4.29927274506455e-06,3.59416303642714e-05,9.95462364775622e-06,0.00049231090181208,-5.68015012392743e-05,0.000725071768707854,-4.34004566101807e-05,0.00165143768521689,-4.29789195550405e-05,0.000260476862565607,-0.000764589120212765,7.93545291224392e-05,-0.000149975843236904,0.00170022437094184,-8.62563991712801e-05,1.21045488544454e-07,-0.000272066609751211,1.42792953976219e-05,-0.000149263798867624,5.34747321743378e-06,-0.000353005779621067,0.000119568932581468,-0.000124916470401341,-0.000106975507712481,1.64388897900831e-05,-0.00053372333840973,0.000283674797290214,-2.00968517682654e-05,0.000772409811581882,-2.83568480786809e-06,9.95428244870638e-05,-0.000271484504355788,0.000106172464726879,-0.000310699718692069,0.00021808824227497,-1.0008629814748e-05,-0.00172920412311189,0.000718818424924951,3.02290106973401e-07,-0.00170430572627651,3.255557176915e-05,-0.000127104305609072,-0.000154619708711415,4.87429421888086e-05,0.000743408409800097,-0.000109074764739233,-0.000733370558698691,7.78068617500609e-05,0.0288825871491486,0.000616194885585444,3.84408596581206e-06,8.31105616332549e-07,1.15168389280152e-05,-1.25422786318106e-05,1.7059358423414e-05,0.000175596866945099,-0.18545939800386,4.71119023565275e-06,0.00134513971428994,0.000955611236364769,-0.000536009099859032,0.000736581453961828,0.000143105491841264,2.49233656093836e-05,-5.18712647396654e-05,3.27514939394409e-05,-5.42882319619208e-06,2.24874112944329e-06,-0.000100689548090602,0.000107839424755021,-4.60839643185609e-05,1.58321277060888e-05,-3.62330250091062e-06,-1.5736421494213e-05,-3.41636155190443e-05,5.69718104443816e-05,-3.99720119535454e-05,1.93330571627978e-07,-6.63790217875092e-06,9.31532117565638e-06,-8.6016944717031e-06,7.62782615977619e-06,-1.69614395013349e-05,5.98449500165836e-05,-1.17739710920781e-05,9.73044985094522e-06,2.65911599265981e-05,-8.48365671750383e-06,6.97878915244406e-05,-6.9963561145454e-06,1.93003182290488e-06,-2.3201417702119e-06,-7.60404332197271e-05,6.43428901395856e-06,-4.49726602948943e-06,1.9678231933805e-05,8.95193532652552e-07,-2.27238803392561e-07,-9.9083592269722e-07,9.73862319251707e-10,-1.5341711300297e-06,1.25762840682721e-06,-3.67485694011401e-06,-2.56672209342006e-07,-1.03584357324351e-05,2.15392395870552e-06,1.40576407775011e-07,4.43627478735653e-07,-3.21454658544222e-08,-1.83484429600655e-06,3.23398992755495e-07,2.17704266614758e-08,-5.68844281712533e-08,-8.87633564765691e-06,-2.69718195402762e-07,-5.84545640987461e-06,2.21540977921317e-06,-7.14297942320151e-07,-6.30777316860837e-08,9.55212334190482e-07,-0.000249815431286397,-3.05979889282505e-07,-1.02709589912124e-07,-0.000194882461062574,8.55612780265862e-07,-5.76861905088586e-07,-0.000116127591615838,8.60897828871713e-06,-5.10435819636083e-05,5.1294856473565e-06,8.79117607511903e-08,4.37401751569744e-06,5.89283275194857e-06,-0.000110929994793702,-1.10216821298429e-05,1.39630685653349e-06,5.03861890717768e-07,1.40570633943033e-05,1.96752345526414e-07,1.2478256926181e-06,-5.43714793862085e-06,-3.48998117965899e-06,-0.000110465388159404,7.03415940059323e-05,0.00022422779235689,-3.11256360874249e-06,-4.34595508680093e-07,-3.96491588726992e-07,-2.83681002476053e-06,-1.46042426148047e-05,3.61837130016738e-06,1.62919569338869e-05,-0.000145561923618486,-4.51612804333743e-07,8.69747902017138e-07,3.51113453229129e-06,1.77677099628376e-07,6.25317377396293e-07,-9.32199944842662e-07,-1.73956420452936e-06,-9.06340056322799e-06,1.07822636908881e-06,5.18147144852531e-07,5.20213549012324e-07,9.19512415728448e-05,-1.6020265384177e-08,-8.7846693973835e-05,-5.1074828613877e-06,-0.000185932416844678,3.64580780615356e-06,0.00014342813485194,-3.44909288681108e-05,-7.33217230005877e-06,-0.000304731286863267,0.0012625528161209,-0.0417481251095038,6.05268648373296e-05,3.71534379756107e-05,2.26287376888499e-05,-1.39010428273151e-05,-1.0728224410132e-06,1.18031322799283e-06,4.4222810097282e-06,2.2033049484704e-05,-0.000126655368638583,-4.52673752224914e-06,-1.34830260161548e-05,2.69006460902359e-06,1.31072129800556e-06,1.36665046684563e-05,7.27397946303085e-07,9.71194237019473e-07,6.42380055987445e-07,-1.25267810963707e-05,-3.77384340510058e-06,-1.65933203100718e-07,-2.70506364211038e-07,1.11153481706186e-08,1.53378061556965e-07,6.4771658037855e-07,1.10933130214275e-16,6.87137310797067e-08,-4.76499879575702e-06,6.36658209110348e-08,2.86424067788809e-07,-5.70864569959025e-08,7.5298065685458e-08,-4.49419935769491e-08,1.81420736035966e-06,-4.32467569594393e-09,3.41692053447179e-10,-9.6944763815511e-07,1.02954103831057e-06,-3.42960896794667e-08,4.80315443238962e-06,-2.50233592346742e-07,1.31001815923708e-07,-9.24173163029725e-09,1.77660682319144e-06,-1.8174641166102e-06,7.59059621634358e-06,2.56216740151052e-07,-5.09290321716092e-08,1.15619889706417e-06,-2.26692304045926e-07,2.52067077757359e-05,-2.05510586222068e-05,1.29533270964653e-07,-4.42150750325015e-08,2.09893102166445e-07,4.17131411431013e-06,-3.4229492976272e-05,5.87144687599086e-08,2.36216365391053e-08,-5.21458926329468e-08,7.25415805586979e-06,-5.80447728259738e-06,1.31717096205461e-06,-2.87053590752842e-05,1.40675052563621e-05,-4.00446733438091e-06,2.47121541948754e-06,-1.46089791755936e-06,4.9866411856324e-07,-3.1838897147128e-16,-1.26374851154702e-06,-4.34664278884775e-08,-1.56432204552525e-09,-1.39972243445308e-05,6.71546559809191e-08,-4.22766548422515e-08,-9.96632739601454e-07,1.30536212639991e-07,-1.05358619321602e-06,2.76978472505306e-06,1.08849306791259e-07,-1.49100923904374e-07,2.29721152954224e-06,-3.31950144393143e-06,0.00834011472843636,-2.18364131568938e-07,3.62626982449484e-06,1.83858532756281e-08,1.59114839906734e-07,1.01836041978611e-06,-9.75624252201117e-06,8.88395028679099e-07,-9.08887321860322e-07,1.24639888154162e-06,-4.547990007159e-06,2.99463295310393e-07,2.71392014371151e-07,2.08136977983602e-06,-5.61799758804312e-06,-2.85819369467896e-07,3.77302301762858e-06,-1.56315133167673e-06,3.88367509958887e-08,3.64511334523473e-07,-7.21157139577768e-07,2.37339445033292e-18,2.46689950663901e-09,3.982140442277e-05,-9.7070660792461e-07,7.15471896935554e-07,1.02282349638915e-06,1.88129922487771e-07,4.41344555325917e-07,-6.54271030795769e-06,2.49824914732719e-06,-3.85134211018188e-17,-2.04545337444404e-06,-2.51548903883811e-08,-7.17409634623601e-08,9.0415025418189e-06,5.68249409006075e-07,-3.95264550429899e-08,-1.5824645263826e-06,4.36412615576509e-07,-2.50165162109174e-05,3.23542072546132e-06,-7.00094495571599e-07,-1.31602880593523e-06,-7.13733915107424e-08,-7.3918715564952e-08,-1.41819870972251e-06,2.32396102708141e-05,-1.64280082707914e-06,6.57083010499777e-16,-4.44468757984859e-05,3.76719954355356e-06,1.73527659226596e-07,1.25454430575625e-06,-6.19717975483959e-06,-4.57442006384483e-05,0.00140679790357907,-0.0647568293156442,6.27159274268876e-06,4.37167990706904e-15,5.21219153346365e-06,4.56656971133192e-05,3.21692646071438e-06,-9.66167140463515e-16,-4.09877706592207e-06,-3.81557946173523e-05,5.59813546275193e-06,2.75688396858376e-06,8.14492442181595e-07,4.00284572940649e-07,1.34327875202545e-05,-3.14372890759038e-07,-3.27581124250742e-06,-3.25169392947876e-06,-5.02564029177555e-07,-5.02408504848311e-06,1.38697325614763e-17,1.4496171595411e-06,-6.45869129013043e-07,-3.73402379754899e-06,3.18626757332087e-07,4.04364864749906e-17,2.17580093167634e-07,-1.86976749022051e-07,5.31530625139697e-08,4.28685414214346e-08,9.59411596521708e-08,-5.51727400211061e-07,6.2898991255955e-07,2.54617777703747e-08,-2.76155142730469e-16,3.7654506816131e-07,-5.32680488726594e-07,2.637877008176e-06,6.3045182504803e-07,-6.4682904695727e-08,-4.49358919380211e-10,1.15532583500055e-15,-3.42143188053775e-16,-5.17546310805568e-10,-5.25882421108581e-07,7.0417964224206e-08,-1.13534886533261e-07,-1.39083136556172e-15,-6.71425348441142e-08,-8.72910866491801e-10,1.62748073821187e-15,5.3248331718268e-16,-5.75983636077103e-16,2.57593409142243e-07,7.9795963423889e-07,-1.39951132764162e-06,1.01835714786023e-06,5.22345683692119e-07,1.4881682506132e-06,-1.77209320196535e-05,1.32045038652205e-15,-0.496048854573664,-6.50708424729265e-06,1.02219587360147e-14,5.68854061725043e-15,2.10826895843518e-06,3.17581224909682e-11,1.59224164122836e-07,-9.16961373089309e-08,-5.57420907469216e-08,2.56898138111253e-09,-2.3381567266674e-15,6.77536115058931e-09,1.21185332060289e-15,6.85728555794373e-09,1.0881269843499e-14,-6.34424339194854e-09,-2.03257287491536e-16,2.14426556157253e-08,3.39133609716666e-08,4.87260438842647e-09,7.06961553271153e-08,4.02538699094722e-07,-3.33147629309524e-08,3.7118033179497e-07,1.38433705877878e-08,6.74299461934021e-08,6.48934966126365e-09,1.0904006610375e-07,-1.24787094324066e-06,-8.68023910988806e-08,-7.33407784815576e-09,-1.7855029010465e-07,-2.31837909554771e-16,6.60174266456759e-06,-1.18911797395913e-06,3.45526586624305e-08,8.10528689508475e-16,4.68751131865124e-09,1.31440454256456e-07,4.76804572953674e-07,7.30614520847478e-16,-3.03094944522272e-06,-6.33727521361189e-08,4.44410507771825e-16,-8.47557982324909e-08,1.39925219038344e-06,-9.74110366152448e-17,-6.94718975213163e-16,-1.96707969599716e-07,-4.06620880320148e-08,-2.33804760780508e-10,-3.27790816560371e-07,8.90200121257903e-08,6.81776395710283e-07,2.53354736880922e-08,3.1841610480134e-07,-5.51378655485228e-07,-2.46037999002136e-15,1.26321434795433e-08,7.89670388723991e-10,2.18917987790585e-09,2.05981486022989e-07,8.21278866208415e-17,5.04867718853321e-17,6.82497315572182e-08,-1.32215574213664e-16,3.7046373266832e-16,4.488688990715e-07,-5.06174183517705e-07,-1.03565254249836e-06,-5.78572870099489e-09,2.65952703768283e-05,1.83488533527731e-07,1.5878388839892e-08,-9.61299940164584e-18,4.11824463480771e-08,1.93653680290117e-09,8.90534802826667e-09,-2.37732026874194e-06,4.03102871977912e-06,-3.29250886504854e-16,9.52292371492799e-17,1.03349845028223e-16,-3.25103753572135e-08,-1.74395522414892e-07,-9.17720414624335e-08,-5.26940416221661e-17,-3.18448225754443e-07,4.21736225140614e-16,-6.9092240455388e-17,2.07253980743349e-06,-4.55278229829972e-08,-2.18228213277882e-15,-1.13046011862997e-07,-1.52995810229988e-06,-1.0209154436412e-15,1.77409895551703e-07,2.52663660304905e-16,4.79929952307621e-08,2.1249639550291e-16,4.79388602837355e-08,4.15346832329333e-07,3.92282877254609e-07,1.41824044189183e-08,9.76857555217433e-08,-3.42808254263287e-07,1.38756565353445e-07,-2.54406827331409e-16,6.46146815105244e-06,-5.83451864903177e-07,-5.19792938697632e-17,-4.83031695473798e-08,-1.42521493102734e-07,2.31152375761464e-07,1.15636379747528e-16,1.08739453089637e-07,3.75425445818012e-06,1.21557231516875e-16,-3.62010895945967e-07,-8.02704999723298e-08,-1.09756249873621e-07,-2.1495752910339e-16,5.2339691850641e-16,7.7040334451157e-08,2.38130256396932e-08,1.93037105155364e-09,-2.24856974228138e-07,1.48865542336844e-08,-1.30773255984879e-16,2.55293958795646e-16,5.46383447671234e-08,3.76875193540732e-10,1.64031879224154e-16,1.33355438291702e-07,-1.47591439086618e-17,7.68238920938696e-07,-2.60856782156586e-08,-1.52557809898686e-08,-1.01512676356159e-07,-4.29802064306967e-15,1.25942738411842e-16,-1.55874979604512e-16,-4.48767703321285e-16,-2.19316493344752e-07,-2.03670713446235e-07,-1.47624036130907e-16,1.93820502191333e-16,-4.17952962937034e-16,4.61409293051337e-07,2.61815338646584e-09,-2.32650352731606e-07,-9.86127043672223e-17,5.18438373828256e-16,-3.08834988832496e-16,-9.53859490726738e-07,3.22790995073169e-07,2.4176175438998e-16,3.63824925474587e-08,-3.59895620373322e-06,2.31708055291894e-16,1.05303106780479e-16,-9.8243332466542e-08,-1.00862853418346e-09,-4.95299233245507e-08,3.74906221151243e-16,5.72934247659226e-08,8.48092318075399e-08,9.32272686608095e-08,-8.81177686100993e-08,-3.17167500618386e-07,2.75770260894315e-08,1.59349518741069e-15,8.8188525664359e-16,-1.50484869983447e-16,6.09188407230898e-07,-8.80190401378608e-07,-3.0898758603543e-08,-2.91672618161531e-08,-8.265839484335e-17,2.33042023869629e-17,2.31768602219519e-16,-6.27221594108409e-15,-4.33808118171793e-15,0.0581062284535138,-2.47249278146262e-15,-8.98243532832047e-15,-1.45284777040399e-08,2.29121951505209e-16,-1.35298197285104e-08,-5.51939598332182e-16,-1.7761305545684e-08,-4.26906106683374e-16,-3.46593272663148e-08,-4.67777178241951e-09,-3.32088253440357e-06,1.79276834590436e-16,1.98173048617023e-07,1.32392529016137e-16,4.63924399308376e-07,-0.342972628353361,-9.14184293753497e-08,8.60230720619527e-14,-1.21982968911044e-06,-1.20764278058017e-15,1.11233268926621e-07,6.068916013522e-07,1.71774796678046e-15,-1.17191085851423e-16,3.60128591073921e-15,6.72615633432622e-16,1.25466747906163e-09,1.46457131483305e-08,2.89880586436848e-09,7.09300326928129e-16,2.12289434991616e-16,4.72418303037563e-07,-1.00882326038677e-06,-1.21673455006094e-15,-5.58960746029611e-16,4.24488052068228e-09,-3.53199171823587e-16,2.63817577293664e-08,3.30808476612943e-16,-1.65502766887869e-07,1.00574275674917e-16,7.59688033303498e-16,-1.19623041017637e-16,-5.29201126228718e-16,-1.28982248013599e-16,1.79005847258644e-15,-6.40201099941681e-09,4.36427471425383e-08,2.61419985676328e-16,1.49460567006556e-09,-1.78849913064779e-09,5.82965529634528e-17,-1.55594030196743e-17,-1.961984680186e-16,7.46004226994129e-16,1.26891928770699e-09,2.50197321267436e-10,-2.80345420101391e-16,2.80347198247877e-16,-3.41058547787631e-09,-1.24231384931403e-08,-5.19368007714069e-09,-1.45663160212101e-16,7.48219103005554e-16,-4.73446765218875e-17,-7.32390856983879e-16,5.28996180274703e-16,-6.45910254602287e-17,1.47508060489903e-08,-1.44654230149642e-08,-2.87698189118273e-09,-1.0646945021346e-16,2.64061311099325e-16,-2.7928929573289e-16,4.16980902858289e-17,1.93491044306048e-16,1.69902817804128e-15,1.96967235020755e-16,1.4418012738211e-16,4.88826747338538e-16,8.28780837332391e-17,7.2838698217156e-16,7.63518598027822e-16,-7.16941226182802e-17,-4.34347782615571e-16,1.58377323252459e-08,-1.58001006553942e-16,-6.21274058250693e-16,1.35591449878117e-16,3.68286846263473e-07,-4.06566302468695e-10,-2.667776136255e-16,-6.04672992664225e-09,3.52864038692933e-07,3.26050896151956e-16,4.61667212995671e-16,-6.44812307978858e-08,8.2255429605744e-16,9.45377726733501e-09,1.84124277505907e-16,-4.13075871636816e-16,-4.53300997289234e-16,3.2294548847563e-16,8.94207762667443e-10,-1.23250873799953e-07,8.05771232389001e-17,3.85454039797074e-16,6.31617163754483e-16,4.37543902485795e-16,6.28403579172598e-16,3.20080779395197e-16,-2.54565869072776e-16,-8.53261710743135e-16,1.18908664798629e-08,-4.90569367289599e-16,4.20836853489938e-16,-6.13100371593152e-16,7.67646938414571e-16,-5.6472323482479e-17,3.96502410098208e-16,-3.47963551835016e-08,2.32841752069521e-16,2.51038914706818e-16,2.60529176317149e-08,-1.15237906161384e-15,4.58648195045763e-16,1.92405007771597e-16,-4.21838449132856e-16,5.85809460206811e-07,6.02553044878922e-16,-1.68987987102863e-08,-5.29266449264059e-16,-6.57160166159364e-16,4.62188920836631e-16,3.76972013175526e-18,3.53917611213127e-16,-3.40988965265525e-16,6.19413434162544e-10,5.37574070232666e-16,-1.17718769415484e-15,2.4376396048361e-08,-7.81757763301722e-08,2.69057744950676e-16,5.52379441183989e-08,8.11170880437384e-09,3.95543558569347e-16,-2.56477944802622e-16,-2.96342407301247e-16,-2.7277473566892e-16,9.24274945875345e-17,-1.41249373915725e-08,-4.19129076679449e-16,6.96412594542517e-16,-4.53868030284808e-16,5.70290864442388e-09,-1.02001492736477e-15,-9.14437647885896e-16,-1.87137442940803e-15,-1.26692367556521e-15,-2.62628918408946e-09,-4.68467619880161e-16,2.04152854988e-08,-1.61565423967384e-15,2.17527731972352e-15,-1.61855725839365e-15,1.36310030032618e-15,-2.23233217893624e-15,-3.13206666967439e-15,3.87245238999247e-16,-9.64640060441082e-08,3.17301439400168e-16,7.03580232175614e-17,6.47060243029439e-08,5.77551991115796e-15,-9.78383681417495e-16,1.12039801946192e-15,1.25458102187913e-16,-2.20153814116376e-15,-7.2141759394871e-15,-4.32660954071012e-08,5.8504994947312e-15,7.25113314350227e-16,1.42005714712913e-07,-2.00844505553001e-15,-3.61802175271506e-15,5.46369074117901e-14,2.84891667533461e-15,4.08878173577227e-15,-2.07245834458577e-13,0.707106781186548,2.74242455233385e-15,-7.65000285866543e-15,9.11816384356937e-15,2.18401003790424e-15,-7.58123930371617e-08,1.58495195088047e-07,-1.4689138613783e-15,1.83506093661107e-15,4.06070701096827e-15,-5.5811692342195e-16,1.11564403548758e-15,1.32654374490332e-15,-1.99946079625806e-15,-2.01659628077939e-15,-2.01123912093881e-09,5.42911572288348e-15,1.44130160160008e-15,-9.03834677941718e-16,4.51279631477361e-16,2.59703223350517e-09,1.49160816130562e-15,-2.86658985049574e-09,-2.85640046589134e-16,2.351060985947e-17,-2.52561043940217e-16,-1.37585097261502e-15,1.364389170483e-15,-4.63515347612426e-17,6.76672201517559e-16,1.24843966356655e-15,-8.54411067831686e-16,1.10114264446938e-16,8.70857806085441e-16,3.98534515500932e-16,2.73799920965835e-17,2.01581425427461e-16,-1.00824933292255e-15,-2.8820635107778e-16,-2.83565760816489e-16,3.2714145869553e-16,3.86922271101429e-16,-1.04434580433361e-16,-4.03323208164608e-17,1.40810174649344e-16,-1.06251512259371e-15,-5.96138455993132e-16,-2.93814235952917e-16,2.03892696381833e-10,7.99891208288143e-16,6.21248434891367e-16,-3.88049941113751e-16,9.53104130155504e-16,-4.91007634167145e-16,-6.60761273041675e-16,-6.91160983255316e-16,2.82929784526492e-16,2.71208991388867e-16,3.38245046491937e-17,-4.27609336828283e-16,4.72867737635138e-16,-1.79978409478586e-16,8.32590318632042e-17,-1.9874439265194e-16,-3.39018522714099e-18,-4.31441537598067e-17,-2.67337577082846e-09,4.45957799458497e-16,-3.1098596605118e-16,-5.43684159365245e-17,3.40629364144672e-16,-2.92444075477655e-16,-1.59366618045617e-16,1.16425390882622e-16,2.13349462426074e-16,-3.75052396860865e-16,5.7648413069548e-10,1.53430513449902e-16,-1.9408607043326e-16,9.12284333384869e-17,-7.2844890666714e-17,-4.87462925512564e-16,3.60168455367275e-16,3.35939218222032e-17,-2.2436448630761e-16,9.99323812318989e-17,-5.32241056302823e-17,-4.68333700598914e-17,-3.96998860576122e-18,1.54307992227598e-16,2.9562585627507e-09,1.63693269851399e-16,7.0967723880625e-18,2.3159129459692e-16,-3.10298661765351e-16,-8.96234556852887e-09,-8.48940004427622e-17,4.5987786882057e-17,1.54955595691301e-17,-1.49568093082209e-16,1.21956598889121e-16,-4.78000818978993e-17,8.90718639045699e-17,-1.536056664692e-18,2.78705133920049e-18,7.26712058249953e-17,6.79421053312299e-17,7.35173834149261e-17,-1.67263163455534e-17,-6.55274015398599e-17,4.46384588993092e-17,6.66407515316575e-18,-1.73247595258233e-16
"t570",-0.0314787459303726,-0.0174865663738897,0.00536178890522995,-0.00600652667359424,-0.00164485940649088,0.00131296170934684,-0.00783182396105369,-0.000183750632584629,-0.000125137886690663,0.000837874782588158,0.000814985039017942,-0.118495434264426,0.223537797102918,-0.0419175773195382,-0.0382555584612284,-0.0421158288901389,-0.00207461018507292,-0.135473065352298,-0.00162181078642562,0.00076776497536632,-0.01257970448106,0.0017375031952292,-0.00125679654466541,0.0116776095013072,-0.00730093423645133,0.000676169943052708,-0.000915384646110302,0.000923593046254357,-0.019538045550502,0.01184068572644,-3.30564541893541e-05,5.65673687948732e-05,-0.0223859556357598,-0.00011284140319328,-7.71717876357987e-06,-1.94443240889709e-05,-0.00488705691163538,4.27134507310322e-06,3.57066113254407e-05,9.88858854712518e-06,0.000488953826060434,-5.64050466645578e-05,0.0007199377127375,-4.30927844132812e-05,0.00163953200825081,-4.26498924234473e-05,0.000258446976600054,-0.000758581159039235,7.87165338345369e-05,-0.000148740389071,0.00168576759505402,-8.55122633145917e-05,1.19999022942133e-07,-0.000269672298959247,1.4149268299612e-05,-0.000147897680712088,5.29403332831751e-06,-0.00034939621842911,0.000118343005868352,-0.000123564279282526,-0.000105770961805615,1.62502307861822e-05,-0.000527504311787693,0.000280356806166102,-1.98551738647776e-05,0.000762891981239797,-2.7988807387176e-06,9.82213970972063e-05,-0.000267843307656981,0.000104722161689927,-0.000306048185419567,0.000214604656408241,-9.84721213064715e-06,-0.00170076352715262,0.000706967058051608,2.97264373760542e-07,-0.001675876929885,3.20037196524173e-05,-0.000124871875519385,-0.000151865678873501,4.7854097551951e-05,0.000729783773988147,-0.000107002390757699,-0.000719288042158446,7.62450580006616e-05,0.0282959634395436,0.000603531347514422,3.76493557513588e-06,8.13984548169396e-07,1.12792933767963e-05,-1.22824321055196e-05,1.66911441775077e-05,0.000171792764593465,-0.181342258594113,4.60225477266319e-06,0.00131384923991042,0.000933375714268007,-0.00052334757055656,0.000719085317229581,0.000139635303643679,2.43089180286217e-05,-5.05905919256065e-05,3.19415511370143e-05,-5.28467103549767e-06,2.18872225912628e-06,-9.79914045445156e-05,0.000104929222617321,-4.48378799828495e-05,1.54025493847876e-05,-3.52447507012655e-06,-1.53064734847708e-05,-3.32208004073313e-05,5.53976845901177e-05,-3.88386784301906e-05,1.87819219611398e-07,-6.4464304374158e-06,9.04520703484077e-06,-8.34869268225323e-06,7.40041515792386e-06,-1.64506381671284e-05,5.80324258005401e-05,-1.14104007562002e-05,9.42625668793476e-06,2.5759477817681e-05,-8.21784935725058e-06,6.75738729794624e-05,-6.77416816014399e-06,1.86808565495985e-06,-2.24343176342513e-06,-7.35255159435448e-05,6.22097954048541e-06,-4.34525768533841e-06,1.90106050381458e-05,8.6473979831474e-07,-2.19422716669828e-07,-9.56703433212147e-07,9.39539204608902e-10,-1.47911670987965e-06,1.21139767569134e-06,-3.5396774736911e-06,-2.47192091354648e-07,-9.97505887695374e-06,2.07394036953071e-06,1.35349661612698e-07,4.27132766159795e-07,-3.09394424738706e-08,-1.76477598281603e-06,3.10828856738025e-07,2.09205383157263e-08,-5.46424330196206e-08,-8.52622667679606e-06,-2.59041179871323e-07,-5.6135678186828e-06,2.12731280917206e-06,-6.85266430713564e-07,-6.05051804441492e-08,9.16160108502722e-07,-0.000239038011358123,-2.92611324052765e-07,-9.82134426465525e-08,-0.000186260605794793,8.1767757936338e-07,-5.5094045691271e-07,-0.000110900918404499,8.21647488909179e-06,-4.86875601359466e-05,4.88432479362876e-06,8.37049865304663e-08,4.16464608596956e-06,5.60944187004414e-06,-0.00010556622948256,-1.04883380209872e-05,1.32801479345171e-06,4.79136419980434e-07,1.33623087863579e-05,1.87011057011833e-07,1.18599000431358e-06,-5.16325561267032e-06,-3.31121789075915e-06,-0.000104791008046109,6.67184901686663e-05,0.000212586031923166,-2.95046691634847e-06,-4.11894942578797e-07,-3.75723126996005e-07,-2.68681760245001e-06,-1.38302766699175e-05,3.4227838343341e-06,1.54107402592762e-05,-0.00013763699864954,-4.26583836330484e-07,8.20838035694545e-07,3.3127004295468e-06,1.67561127286564e-07,5.89519586625773e-07,-8.77965208908899e-07,-1.6380057908679e-06,-8.53038355492007e-06,1.01458477021581e-06,4.86706205270334e-07,4.88606653229394e-07,8.62999564282722e-05,-1.50246003575038e-08,-8.22411640847883e-05,-4.78153340354802e-06,-0.000174038076931885,3.41087107208424e-06,0.000134138870915476,-3.22272471022133e-05,-6.84309245959483e-06,-0.000284141718122627,0.00117691016953952,-0.0388659622580789,5.63077657213663e-05,3.45629561265718e-05,2.10391688688081e-05,-1.29061360700885e-05,-9.9576650309597e-07,1.09393068100744e-06,4.0944622376675e-06,2.03925726988927e-05,-0.000117054615284184,-4.1821478596985e-06,-1.24519104994888e-05,2.4814514682125e-06,1.20879081716898e-06,1.26029776531118e-05,6.69935270930945e-07,8.93776776311315e-07,5.90661145634798e-07,-1.15136935535904e-05,-3.46722145184273e-06,-1.52392838581836e-07,-2.48405712370612e-07,1.0196957443452e-08,1.40617069840606e-07,5.93422016290607e-07,5.99580118411693e-17,6.28921218202701e-08,-4.36043903178241e-06,5.81812231797152e-08,2.61474371514041e-07,-5.20685177224324e-08,6.86757256569289e-08,-4.09230761715835e-08,1.65152170456926e-06,-3.93637314414582e-09,3.10824866729816e-10,-8.81512252229168e-07,9.35456580244921e-07,-3.11516220267685e-08,4.36217611773607e-06,-2.2708933116098e-07,1.18510552312658e-07,-8.35110705187016e-09,1.60388479967038e-06,-1.63739886552073e-06,6.83755325906739e-06,2.30464621779069e-07,-4.57729501148632e-08,1.03793545724176e-06,-2.03428616324447e-07,2.26110571219513e-05,-1.84247684367376e-05,1.16037273151797e-07,-3.96046667400155e-08,1.87618736558235e-07,3.72846675088767e-06,-3.0593885896566e-05,5.24486586514583e-08,2.10963795310537e-08,-4.65400723511565e-08,6.47350906005878e-06,-5.15877300606878e-06,1.17011597412112e-06,-2.5491400262151e-05,1.24821308175657e-05,-3.55081719079544e-06,2.18796856887086e-06,-1.29288449720254e-06,4.41160821764529e-07,-2.05779168078983e-16,-1.11667983726538e-06,-3.84019445855565e-08,-1.38134202761529e-09,-1.23448126353447e-05,5.91642550835493e-08,-3.72276165902471e-08,-8.77387496602168e-07,1.14546406347062e-07,-9.24334701394757e-07,2.42985601456331e-06,9.53988087664674e-08,-1.30317898831532e-07,2.0068585098804e-06,-2.89897053492819e-06,0.00727551556970914,-1.89681198185162e-07,3.14425447566088e-06,1.59402590911831e-08,1.37945828497303e-07,8.78877556542214e-07,-8.37494639711109e-06,7.62087025453172e-07,-7.78872339366862e-07,1.06677753471673e-06,-3.89107925781899e-06,2.55384645291363e-07,2.31388649830047e-07,1.77377768309131e-06,-4.78627765892327e-06,-2.43258332621179e-07,3.20757086915472e-06,-1.3274954623743e-06,3.2966717260238e-08,3.09175457156084e-07,-6.10657703333406e-07,-3.8694191596511e-17,2.06724087287702e-09,3.33345516600881e-05,-8.11282658944295e-07,5.97938057568985e-07,8.54756803883217e-07,1.57155304224564e-07,3.68405749393583e-07,-5.45659428963019e-06,2.07976896770681e-06,-4.0932875737502e-16,-1.69570617627298e-06,-2.0842783722609e-08,-5.93760469551721e-08,7.48214652792974e-06,4.68927876719789e-07,-3.25669940780425e-08,-1.30095041672489e-06,3.5822630130568e-07,-2.0466060622659e-05,2.63868900894755e-06,-5.69829707713063e-07,-1.06994579859427e-06,-5.79863894053657e-08,-5.9978725120975e-08,-1.15058702204682e-06,1.88374461640081e-05,-1.33068440890171e-06,3.53171428295034e-16,-3.58135429368407e-05,3.03211674974684e-06,1.3966619125508e-07,1.00655788060613e-06,-4.96979672391229e-06,-3.64677823474114e-05,0.00111960217710603,-0.051519397402427,4.98316924779921e-06,3.53117713487906e-15,4.13532126707524e-06,3.62109810537981e-05,2.54563189700717e-06,-6.89984551599506e-16,-3.23618025708203e-06,-3.01097886771598e-05,4.41642249646541e-06,2.17368923254619e-06,6.41577039849507e-07,3.15076806106418e-07,1.05673823431368e-05,-2.4689605364961e-07,-2.57217690400672e-06,-2.55026623070479e-06,-3.93343930946869e-07,-3.93180709357189e-06,1.05121871714242e-16,1.12984396968701e-06,-5.03036771671281e-07,-2.90366909150445e-06,2.47176242955523e-07,7.19260014120449e-17,1.67905668220974e-07,-1.43428086997032e-07,4.06622794301275e-08,3.27527480843055e-08,7.31891808170328e-08,-4.19683203385359e-07,4.76212489051466e-07,1.90500973062551e-08,2.13177875093559e-16,2.78711429548505e-07,-3.93905453873237e-07,1.94677326744459e-06,4.63988217601657e-07,-4.75939433582512e-08,-3.30380007623484e-10,1.32532873564628e-15,-2.78590476583824e-16,-3.78779079866719e-10,-3.83338101736386e-07,5.1304870161272e-08,-8.24186540377381e-08,-8.34931481413101e-16,-4.83491036140714e-08,-6.26299186743578e-10,1.48237716637042e-15,3.83123341691098e-16,-3.34956425253241e-16,1.82689576473516e-07,5.65077737026372e-07,-9.85906942669548e-07,7.14191830546731e-07,3.66136992039907e-07,1.03809763051425e-06,-1.23546097994927e-05,7.41641968931811e-16,-0.342400322935634,-4.47553433903722e-06,7.90823765248917e-15,3.56560569004547e-15,1.42947594424738e-06,2.14569922323383e-11,1.07069012399519e-07,-6.14620229071708e-08,-3.71303605768636e-08,1.70948473505456e-09,-2.1856470507389e-15,4.50227385025179e-09,1.28050204162012e-15,4.53835629931435e-09,6.47301223039021e-15,-4.18624313273881e-09,-8.02466960527422e-17,1.40946552206059e-08,2.22744789933897e-08,3.16702718002889e-09,4.584619841076e-08,2.60797227705728e-07,-2.14945313846974e-08,2.38613991574524e-07,8.82329892263489e-09,4.29742810853446e-08,4.12475032596512e-09,6.89669076377548e-08,-7.84003919292079e-07,-5.42251275957618e-08,-4.56078003529029e-09,-1.10783353750831e-07,-2.06299303511961e-16,4.06728963675225e-06,-7.2756097025168e-07,2.07180448410896e-08,5.43467796556905e-16,2.79375590308202e-09,7.76153962861275e-08,2.80422765516224e-07,6.16339511652293e-16,-1.77887939763739e-06,-3.68837515364383e-08,3.05014173962087e-16,-4.91230608639408e-08,7.90110918112452e-07,-2.90924625067936e-16,-9.16829682256359e-16,-1.09896439318477e-07,-2.26949804962758e-08,-1.29898879650565e-10,-1.81128418209152e-07,4.85754661510736e-08,3.71613558926443e-07,1.37878874779712e-08,1.70285421663456e-07,-2.90534000457397e-07,-1.44849410244063e-16,6.61805603932595e-09,4.13303054363768e-10,1.1417695798309e-09,1.06973058105759e-07,3.86112141268247e-16,-1.29398812099038e-16,3.52355149194523e-08,-9.28049197291807e-17,4.20193707754531e-16,2.22830800772107e-07,-2.49486029790385e-07,-5.10380951511286e-07,-2.80575820900261e-09,1.28685489676433e-05,8.87414632230172e-08,7.65558322934314e-09,1.78520304715953e-16,1.91836244757408e-08,8.95138702665144e-10,4.10576077798751e-09,-1.08179048062353e-06,1.78902964374807e-06,6.31384462914082e-16,-1.85052113119824e-16,1.31037014236132e-15,-1.38802761851774e-08,-7.31389773536165e-08,-3.84344207909352e-08,2.15719059648174e-17,-1.30985681653589e-07,3.72373514366599e-16,4.82457581337251e-17,7.79973863034959e-07,-1.7112763556974e-08,-1.89778748271863e-15,-4.14546739645853e-08,-5.52701417017098e-07,9.54644977780217e-16,6.20616312672449e-08,-6.54844228271605e-17,1.61032473909151e-08,2.18804664222408e-16,1.60221588291819e-08,1.38393694243912e-07,1.30255112236197e-07,4.68624085696569e-09,3.1919810122585e-08,-1.07174003857822e-07,4.05080492230224e-08,7.37650911977369e-16,1.70853626510882e-06,-1.52490544835562e-07,-3.93960213520943e-17,-1.24258235975811e-08,-3.55789311168176e-08,5.60891590120966e-08,9.01957058918746e-17,2.36864292029444e-08,7.98607281626164e-07,-1.36668671277085e-17,-7.45125547790799e-08,-1.62457061664307e-08,-2.07813821458234e-08,-3.60006085628541e-16,-1.7044962351592e-16,1.20744647785267e-08,3.38203497198738e-09,2.68218187046241e-10,-1.52614634737005e-08,8.21558304973821e-10,8.44423151174304e-17,-1.90424213802484e-16,2.52617607023033e-09,1.69924830968901e-11,-2.24609052299084e-16,3.94189040740734e-09,-7.92968155701105e-17,1.08087541579604e-08,2.08536022811944e-10,1.46445771057133e-10,1.61983085445638e-09,4.24154829052232e-16,-1.30775009069214e-16,1.52485609977639e-16,1.46140297790358e-16,1.68815045077655e-08,1.67637679771635e-08,-6.09528415903003e-16,-4.75205328925427e-16,-2.54868801716013e-17,-4.70877834013228e-08,-2.90160341571151e-10,3.15022843872533e-08,-2.37103392657308e-16,2.70887912795503e-15,2.05131051034257e-16,2.17256573441785e-07,-7.46343201001762e-08,-7.22213872288089e-17,-9.88600858243633e-09,1.03952970950217e-06,-3.20840484271172e-16,-7.66002155264307e-16,3.25305319267449e-08,3.375217602251e-10,1.78786429209375e-08,-3.93405817336768e-16,-2.33429018854785e-08,-3.68443745425826e-08,-4.41797113798183e-08,4.68325730107858e-08,1.73717202980388e-07,-1.59693981407266e-08,-4.09806205139785e-15,-5.87082129846445e-15,-1.30793768347147e-15,-4.78559444169061e-07,6.94612118348907e-07,2.53244357681815e-08,2.89016562368468e-08,4.30386194441007e-16,5.19444930439728e-16,1.12567485210736e-16,8.21702938244706e-15,9.4010036341543e-15,-0.070260450495092,2.32746418123414e-15,1.20742974649951e-14,1.90104668679548e-08,-3.47067036518118e-16,1.77788691038762e-08,1.34135442445215e-15,2.35064432143809e-08,1.02209641949551e-15,5.27478000180086e-08,7.36421917927257e-09,5.50871888143017e-06,-6.19236673583549e-16,-3.50945727193611e-07,3.57362714879461e-16,-9.52672922781301e-07,0.86521265683147,2.32788976800393e-07,-2.16898569626168e-13,3.39568872311878e-06,2.95910033092624e-15,-3.59574754297088e-07,-1.97690112617934e-06,-3.69635458794401e-15,2.48089694486285e-16,-9.20388175870438e-15,-1.36030855791191e-15,-4.67144388720897e-09,-5.65919396792908e-08,-1.17071211921326e-08,-1.4796010970605e-15,1.04895481799678e-16,-2.40204194054368e-06,5.18663511435771e-06,2.96502854712418e-15,1.05899499049798e-15,-3.1062738102694e-08,9.42965289606552e-16,-2.11036235628828e-07,-7.11335047427392e-16,1.7878920875425e-06,-4.9464349907402e-17,-2.37793711887369e-15,3.13749466944428e-16,5.22146832118373e-16,2.46274541209432e-16,-4.30855169921795e-15,1.99739931829144e-07,-1.39418131303834e-06,-1.56627196474438e-17,-1.27386021358988e-07,4.75270818364398e-07,-1.21265839525665e-16,-1.26872077811321e-16,-1.62638583821022e-16,-7.48554287312316e-16,4.34324089175999e-08,6.83474363513284e-09,1.31637029993788e-15,5.47398915359746e-18,-7.62785587838758e-08,-2.71499803819857e-07,-1.05414263153899e-07,1.12207828795165e-16,-8.55200976016724e-16,-1.644487604404e-16,6.29354761064648e-16,-8.3621940685994e-16,4.6858250501267e-16,1.43249563346433e-07,-1.34317331440275e-07,-2.56098396578884e-08,2.94635803275519e-16,-5.76526864041477e-16,2.01648780874486e-16,-1.63739980681246e-17,3.2643244256186e-16,-2.85953279719249e-15,-5.73643399966223e-16,-4.37421021229721e-16,4.41838361265448e-16,-3.10224690494248e-16,-2.39918369826386e-16,-3.51299637004074e-17,-7.12989965257676e-16,5.19436472204609e-16,8.60372570635472e-08,7.23172106335419e-16,-9.37761283142057e-16,-2.35906510905577e-16,1.91056149133777e-06,-2.08772739245081e-09,-2.81014977202569e-16,-3.08562143053175e-08,1.71032878674624e-06,-9.8287705917107e-17,9.67818272692698e-17,-2.94638646190136e-07,-1.94628634302269e-15,4.04549043159714e-08,1.35109144316219e-16,-1.10082276877377e-18,-1.38549323521805e-17,2.47493460982901e-16,3.49306409613133e-09,-4.78711582884875e-07,3.74965017459324e-16,3.24237335577983e-16,-5.32729307785457e-16,-2.377010936222e-15,-1.15684371804203e-16,1.47606386836061e-16,1.85406423037379e-16,2.06853348747568e-16,3.64274341787211e-08,2.2980091222255e-16,-1.3961786287143e-16,-2.30957420341496e-17,-3.40484819564809e-16,-1.45266106803694e-17,9.40117359022074e-17,-1.02426015728929e-07,-4.71445226722198e-17,-3.60421842554401e-17,7.6152121982036e-08,6.12881782148186e-16,1.22285636455113e-15,5.09572843959694e-17,5.01983010402043e-16,1.5872908483958e-06,1.98117512546252e-17,-4.52234744994265e-08,2.67112093072861e-16,1.09144050616442e-17,-8.2214737438337e-17,-2.12073333069954e-16,-1.02688007801202e-16,-5.31154946796568e-16,1.61773589479494e-09,-8.89269194936494e-16,9.76698825933414e-17,6.2536923167905e-08,-2.00380519502675e-07,1.01509557561696e-16,1.39502964260363e-07,2.03930182951441e-08,-2.71516968168608e-16,-5.42149456762484e-17,-5.03718282108804e-16,7.11486137440772e-17,-2.4755488590445e-16,-3.3363072471433e-08,1.3070846374366e-16,-1.40618638421534e-16,-6.97383550484881e-17,1.32736393166231e-08,3.58141478285873e-16,-4.78487211317045e-16,-1.50693416992245e-16,1.74095619565654e-17,-5.9995764386606e-09,-2.41981773677536e-16,4.63766999449485e-08,-4.28470868402599e-17,4.07468111944865e-16,4.80707805318057e-16,3.00794371973356e-17,-5.81096540104367e-17,5.18165689008681e-16,-5.9285679264601e-17,-2.12990053181817e-07,-8.16783503264516e-16,3.719205889361e-16,1.41907709773598e-07,-4.65247257741464e-16,-1.16196179921086e-16,-1.88720746778092e-16,-1.69012125036037e-16,-3.75543886414659e-16,-7.57884669130266e-17,-9.29631417966989e-08,-2.13625978296041e-17,-2.05869087938361e-16,3.02433843846198e-07,2.75314889078538e-16,1.3582133077642e-16,4.53193876945886e-17,-1.29708998405928e-16,-4.6498187369392e-16,-2.84580835756977e-16,9.2693332143331e-16,5.62056540792795e-17,1.62101635824481e-16,-1.2202736781173e-16,3.98705490529209e-17,-1.56538622084298e-07,3.26103212405654e-07,9.02508153990833e-17,1.04082752283907e-16,1.17102250919861e-16,7.87581856951174e-17,-2.17924636669586e-16,-8.7065434030135e-17,3.17914522466609e-16,-2.05002012262393e-17,-4.06430410005099e-09,-4.15855081771171e-17,-2.91669386252975e-17,-1.40035383497258e-17,-1.93948436206531e-17,5.17192474862316e-09,9.39832376332006e-16,-5.61933101196491e-09,7.04695018502644e-17,1.7268581944264e-16,-1.50449502804392e-17,6.57034834354762e-17,7.7460345546353e-17,-3.88095342494236e-16,5.45365425134171e-17,3.80585295796028e-17,-6.8386588096973e-17,2.18565414668495e-17,-2.09649562578649e-16,3.90956363803005e-17,2.81762095443505e-16,-1.13318567814492e-16,5.51418024821399e-17,-1.99025959125917e-16,2.72044968382982e-17,3.26605335184317e-17,-3.16228896001985e-16,7.47322999314719e-17,2.21502503838789e-16,3.2007282553016e-18,-2.08980316490034e-16,-2.01788091310756e-16,8.433407184519e-17,3.79242249242193e-10,-4.05833758008729e-16,-3.86648299671144e-16,-1.2704236285582e-16,-6.60296882011737e-16,1.32489384571354e-16,2.45817997436941e-18,-5.96324233400586e-17,1.56853348051182e-16,1.04715239888242e-16,-1.3385243299998e-16,-2.77772596590786e-16,2.11631346552467e-17,-7.6462011691431e-19,-2.92393438504746e-17,3.03135828441988e-16,8.52345475485289e-17,-9.02491364757218e-17,-4.81992886009151e-09,-5.3861880699916e-17,-8.80895488843334e-17,1.03690753719819e-16,-8.6357000220312e-17,2.76712193897279e-17,1.61716260832983e-16,-3.31737977918476e-17,-1.18084425627537e-16,3.75182831264041e-18,1.00957153415624e-09,2.55093089773825e-16,1.32973827219495e-16,-6.28836521637518e-17,-1.10702728128935e-16,-7.37504281696975e-17,-2.11005049350237e-16,1.19741758858523e-16,3.13888022361593e-16,2.89486583547164e-16,9.18854165705203e-17,9.54136079332084e-17,-1.47895310024588e-17,1.04802371810017e-16,5.04165939233993e-09,-3.63392621865045e-18,-1.35254737566535e-16,-3.11955515195235e-16,1.18394877235417e-16,-1.51091987308547e-08,-7.19657955438468e-18,7.8279843161168e-17,-7.20616426122135e-17,1.32777843747583e-16,-3.33472304762775e-17,-1.70242844171213e-17,2.83190466939789e-16,1.22275914194936e-16,4.86886827711105e-17,2.21755109449669e-17,8.27309127416068e-18,1.16993054343181e-17,-7.58035365372522e-17,8.96032177934506e-17,1.168263501598e-16,8.81472139845304e-17,-2.66368300133021e-16
"t64",-0.0313835786244816,-0.0173751421530617,0.00532651837139126,-0.00595356758337499,-0.00162710186135495,0.00129633129015777,-0.00773067509776027,-0.000181188676268101,-0.000123077204461118,0.000821144022924675,0.00079433849547587,-0.114796791508656,0.216356399977705,-0.0405505492812673,-0.0369535864619575,-0.0405979068493704,-0.00199805266531538,-0.130383250257084,-0.00155946775729721,0.000735702404869263,-0.0120114734426015,0.00164277326010706,-0.00118443220042128,0.0110013889016412,-0.00687649060167797,0.000634984669626505,-0.000858968865837743,0.000866159959120932,-0.0182904551479356,0.0109476260790464,-3.03974176228713e-05,5.18096677972694e-05,-0.0203668742990194,-0.000102179862388868,-6.95070107030641e-06,-1.73583230357832e-05,-0.00435609912168186,3.79988324847429e-06,3.1738505371051e-05,8.7732524195605e-06,0.000432214092260722,-4.97004053188427e-05,0.000633080895417846,-3.78874942231392e-05,0.00143801931246867,-3.70717102350291e-05,0.00022401576305396,-0.000656648944063026,6.7884920492549e-05,-0.000127750060593681,0.00143990687330794,-7.28512304805693e-05,1.02192829327006e-07,-0.000228908386757506,1.19330109854681e-05,-0.000124608770309021,4.38016935248652e-06,-0.000287616689459488,9.73584688566891e-05,-0.000100369085780543,-8.50748483836506e-05,1.30061312421017e-05,-0.00042049425768973,0.000223255059215657,-1.56908302712752e-05,0.000598708066987311,-2.16243697519226e-06,7.53447906186724e-05,-0.000204774155573224,7.95779898308752e-05,-0.000225002564554839,0.000153676949370207,-7.022362752e-06,-0.00120243919023777,0.000499280542430328,2.09145562934433e-07,-0.00117731510022358,2.23157553449286e-05,-8.55886478489449e-05,-0.000103357927571931,3.21730268111788e-05,0.000489331794319338,-7.03335611996233e-05,-0.000469915028488513,4.84953274615008e-05,0.0178633613850555,0.000378110614450158,2.35578417958805e-06,5.09158111219286e-07,7.04957100518266e-06,-7.65396966140258e-06,1.0110220557167e-05,0.000103782678154076,-0.107581313436627,2.64353495780788e-06,0.000750921339368348,0.000533339730880669,-0.00029523878192239,0.000403713654719213,7.69618949532144e-05,1.31939249651733e-05,-2.74206813377839e-05,1.72857309666424e-05,-2.65728922832747e-06,1.09419374572983e-06,-4.87659991393088e-05,5.17947063353361e-05,-2.20820319910736e-05,7.5546934920255e-06,-1.71799471406224e-06,-7.44593639083472e-06,-1.59647421231821e-05,2.65831431797108e-05,-1.80325508044154e-05,8.65771183141679e-08,-2.92435554132574e-06,4.07348787823046e-06,-3.68411100688952e-06,3.2008552472385e-06,-7.00620627877216e-06,2.44965398092489e-05,-4.6673079789905e-06,3.77562448245869e-06,1.03093922952037e-05,-3.27886118572072e-06,2.63689550862578e-05,-2.63849407280883e-06,7.13461387870394e-07,-8.07944540348312e-07,-2.64613621109667e-05,2.22781769446604e-06,-1.49205303693491e-06,6.47264803482552e-06,2.9260505491584e-07,-7.23531197087057e-08,-3.14318527329843e-07,2.91431551674951e-10,-4.36777714839056e-07,3.32917301488144e-07,-9.7072016669152e-07,-6.69186055266751e-08,-2.68245357821962e-06,5.51708027199339e-07,3.58556847844658e-08,1.1314605341795e-07,-7.94969425538752e-09,-4.25339199876791e-07,6.98454390709695e-08,4.61554778752093e-09,-1.15619171149484e-08,-1.79794407679829e-06,-5.37295708556591e-08,-1.15292287563909e-06,4.31978783031268e-07,-1.24498435590922e-07,-1.0784486113807e-08,1.61062686875895e-07,-2.86246583871362e-05,-3.09904389658841e-08,-1.01924326241108e-08,-1.713016576429e-05,7.3214459782396e-08,-4.09202024437074e-08,-8.03043308977664e-06,4.71620957044195e-07,-2.0839610312297e-06,-7.59596398314734e-11,-1.28965418936964e-10,-8.04838822561252e-09,-4.40059890974608e-08,1.56089570536473e-06,1.65585956329312e-07,-3.9300573765163e-08,-1.62640707347439e-08,-5.79575666247573e-07,-8.5459346161993e-09,-5.56100138281161e-08,3.56337723428165e-07,3.04972897378588e-07,1.00708422147128e-05,-6.66689303345008e-06,-2.36527709799677e-05,3.41208630063385e-07,4.94053328873211e-08,4.65938817711248e-08,3.70001175448886e-07,1.95173410098605e-06,-5.84629931558002e-07,-2.64748507503884e-06,2.50257681072885e-05,8.94451516754043e-08,-1.9131745124237e-07,-7.99066874281001e-07,-4.24575849801934e-08,-1.54755707584269e-07,2.54510428931814e-07,4.84628153199441e-07,2.63221909263554e-06,-3.19549489152722e-07,-1.77525423312563e-07,-1.79375968620807e-07,-3.35305559937955e-05,6.15668649436176e-09,3.79540298590313e-05,2.20781333444034e-06,8.11997556998972e-05,-1.64191883530708e-06,-6.59582111133573e-05,1.67376141894164e-05,3.79105975530784e-06,0.00016542525686623,-0.000695506246611661,0.0245200769090253,-3.67873068574993e-05,-2.26014068207882e-05,-1.41285376349031e-05,9.2506144393573e-06,7.22465940710577e-07,-8.45453230911472e-07,-3.30051957000881e-06,-1.6674733049446e-05,0.000101370097081517,3.67041107195026e-06,1.10876781075026e-05,-2.30741067349651e-06,-1.13371988961611e-06,-1.18451446767708e-05,-6.59091047744123e-07,-9.0346882440523e-07,-6.1501684785747e-07,1.21485248989768e-05,3.70857571338938e-06,1.65077930554486e-07,2.70044765323973e-07,-1.14527710554189e-08,-1.61128137555018e-07,-6.94714294323665e-07,3.07551396957969e-17,-7.58923601263138e-08,5.29341342246376e-06,-7.35787714144149e-08,-3.41050110821971e-07,6.96394923962253e-08,-9.19883202750707e-08,5.7375863406231e-08,-2.33309949639921e-06,5.58027477389315e-09,-4.47981613614389e-10,1.28468387594479e-06,-1.39101994430505e-06,4.67346853717531e-08,-6.56817867967252e-06,3.48780204176456e-07,-1.97398156181629e-07,1.43056942151706e-08,-2.81174681892557e-06,3.01618514991132e-06,-1.26391687777976e-05,-4.40738229579806e-07,8.92018278709068e-08,-2.07739984358738e-06,4.10631561101622e-07,-4.60486114665766e-05,3.79861803249377e-05,-2.43596537429967e-07,8.33129643457312e-08,-4.13012055278895e-07,-8.2160973342221e-06,6.74953235963553e-05,-1.17131635458775e-07,-4.73277759696095e-08,1.05920813260312e-07,-1.47724618404757e-05,1.28219486097681e-05,-2.93544095150056e-06,6.44216906457997e-05,-3.20803704061636e-05,9.24930941568214e-06,-5.87385976436524e-06,3.50136013909326e-06,-1.20301644032583e-06,7.23596741621289e-17,3.11801658930899e-06,1.07560427587223e-07,3.90832893795831e-09,3.5771282463389e-05,-1.74974451963344e-07,1.11167596105471e-07,2.63256321158041e-06,-3.65415716000323e-07,2.96036070689532e-06,-7.79035958162621e-06,-3.11390418979544e-07,4.4750828825634e-07,-6.95215157558768e-06,1.01039388247344e-05,-0.0258718671841136,7.28089326526528e-07,-1.24620786616325e-05,-6.3296482288814e-08,-5.48067897324583e-07,-3.78023582475276e-06,3.95008637094973e-05,-3.63716413349904e-06,3.78225650784671e-06,-5.29072685624794e-06,1.94235393376448e-05,-1.34611142116779e-06,-1.22466053672541e-06,-9.45919068458084e-06,2.56565834207049e-05,1.32636580579808e-06,-1.78228510489571e-05,7.50673029399741e-06,-1.87856856728175e-07,-1.78493719808808e-06,3.62530531397548e-06,-3.29311764295206e-17,-1.46031631411749e-08,-0.00023969549671157,5.99156806421817e-06,-4.41945912341405e-06,-6.32294608600111e-06,-1.17021023411487e-06,-2.77756913441108e-06,4.17552452460638e-05,-1.64054705187052e-05,-1.90622495475394e-15,1.43562244200998e-05,1.78037350154703e-07,5.16996678865122e-07,-6.52978398531683e-05,-4.29357161353315e-06,3.06299723015033e-07,1.27147252953516e-05,-3.59603624053073e-06,0.000217906572060955,-2.96978131191822e-05,6.64952823633641e-06,1.27460717644873e-05,6.99775495743027e-07,7.40809841835027e-07,1.42477719343567e-05,-0.000237177011551323,1.6973724439096e-05,-3.49792538957665e-15,0.000504898190341733,-4.36737709860072e-05,-2.01213997485669e-06,-1.54356579706298e-05,7.69502644883608e-05,0.000638284301061463,-0.0203287487574988,0.942345958805154,-9.37511883975572e-05,-6.02602253450789e-14,-8.03942702629254e-05,-0.000712758542255912,-5.25342948753406e-05,1.59452814920632e-14,7.0422042004659e-05,0.000663656759742405,-9.79960689153637e-05,-4.89076017665832e-05,-1.47807057348073e-05,-7.39082441104664e-06,-0.000251445456878032,6.13415570849688e-06,6.42403537981489e-05,6.56773455976709e-05,1.07110695119514e-05,0.000107378726509162,-8.14497568449481e-16,-3.46951368421894e-05,1.57839325563311e-05,9.56752570539985e-05,-8.80691088087499e-06,8.74053312544668e-16,-7.22515183923135e-06,7.98971662550104e-06,-2.60434300171408e-06,-2.25402016120682e-06,-5.52841596749866e-06,3.86590950113713e-05,-6.78202707848247e-05,7.95673739041946e-06,-7.70223804262154e-16,2.56329674381739e-05,-3.38635787744854e-05,0.000147122917570546,2.99477477382345e-05,-3.03744914867473e-06,-2.02447947410235e-08,-8.39606162372775e-16,2.84039121052198e-16,-1.87778986533801e-08,-1.61661622803636e-05,2.12278697867333e-06,-2.98873377437053e-06,9.19395641345656e-15,-1.34047476817996e-06,-1.54584868284574e-08,-1.04214163955011e-15,2.67439290004712e-17,3.99053455642408e-16,3.05355726530595e-06,8.92621647590055e-06,-1.25110787750636e-05,7.18561044980998e-06,3.56968447885135e-06,7.09893350018055e-06,-8.0193683342843e-05,-1.95408093920192e-15,0.111168092319325,1.44615428008585e-05,-2.32390986576617e-15,-1.01955258779926e-15,-2.96678071251998e-05,-6.00999202885973e-10,-4.50551168608064e-06,3.47840867398948e-06,4.29577712599589e-06,-2.30266124376487e-07,-2.19236630767385e-15,-7.70800459042543e-07,-4.5516387645196e-16,-2.59294194474894e-06,-1.26081870638339e-15,-4.67015460715557e-06,1.00181239460252e-17,3.60920783411211e-06,4.98126589664248e-06,2.89440378224101e-07,3.78216953815827e-06,2.0701948712493e-05,-1.47581022643074e-06,1.47761284237969e-05,4.53395536277458e-07,2.20518131949851e-06,2.0202423249764e-07,3.13088603588068e-06,-3.26374255129226e-05,-2.12038369077482e-06,-1.70664086395648e-07,-4.06263704910448e-06,1.85337257654939e-16,0.000140850899881688,-2.39961625608148e-05,6.10445891522345e-07,1.34958869167059e-14,8.01062098102893e-08,2.1437065603206e-06,7.63144357351349e-06,-3.92207747872504e-16,-4.80556424458636e-05,-9.69265675739889e-07,-5.18637015705742e-17,-1.27457860230061e-06,1.9186033586562e-05,2.3088177317254e-17,3.47062282523134e-17,-2.61097326749767e-06,-5.38196423026104e-07,-3.05436842933204e-09,-4.21841003905442e-06,1.10884820441907e-06,8.46909604702176e-06,3.1350941186699e-07,3.78387819575082e-06,-6.35102070463402e-06,-4.94829871522384e-16,1.43852190785259e-07,8.97517196628273e-09,2.47138670873253e-08,2.30671400940805e-06,1.56376085348114e-16,-2.24126582159075e-16,7.56046679780082e-07,6.6516511189215e-17,-6.83783883964052e-16,4.66145690338066e-06,-5.20125385041554e-06,-1.063962664421e-05,-5.81109018884539e-08,0.000266316471801435,1.83621630088772e-06,1.58243945061077e-07,1.2800680158091e-16,3.93293321058342e-07,1.8331593000329e-08,8.40561394311184e-08,-2.21213627054097e-05,3.65658294883738e-05,-2.6102801990408e-16,-8.75460486387635e-17,4.20844587027647e-15,-2.84597101561739e-07,-1.50389609726373e-06,-7.90496337436752e-07,-6.90725149691495e-16,-2.70404563457981e-06,-4.64335467606068e-16,-5.953931438917e-17,1.65546174367208e-05,-3.63384746026563e-07,1.73342243336982e-15,-8.891767385299e-07,-1.19325269799122e-05,1.48343690408704e-15,1.36002072652068e-06,-1.30482180521817e-16,3.60407543270367e-07,2.43321408827852e-16,3.59337315928107e-07,3.10888646155296e-06,2.93151643393509e-06,1.05746699037944e-07,7.24693248620587e-07,-2.49545928387995e-06,9.83788930484243e-07,-6.42897710719361e-17,4.43323449965741e-05,-3.98905170031125e-06,-3.68333208111588e-17,-3.28706715537925e-07,-9.61628574805013e-07,1.54766945531136e-06,1.57348731898834e-16,7.09071543857427e-07,2.43522719104933e-05,7.0518961899981e-18,-2.33178462407062e-06,-5.15246586151746e-07,-6.95448814672971e-07,-1.45298207269847e-16,-9.09954508262665e-17,4.73223506424079e-07,1.4431763031877e-07,1.16664719466436e-08,-1.27870046020992e-06,8.3788430677289e-08,-9.1773110923228e-17,1.54106255396881e-16,3.05329113420635e-07,2.10412344452867e-09,8.76841936312482e-17,7.35445708077709e-07,4.14957972451669e-17,4.18598927801204e-06,-1.39756518527823e-07,-8.16350277811642e-08,-5.40603293882342e-07,-2.27339315980782e-14,-6.40580794726883e-18,-8.43398621484341e-17,-2.32740638125599e-15,-1.11670163452769e-06,-1.03306661581149e-06,4.01426109522363e-16,-2.80848687023071e-16,-2.1774948244665e-17,2.30762602622913e-06,1.30129434439295e-08,-1.13654897080862e-06,3.22480990896612e-17,-4.94884081631008e-16,1.86211723124385e-16,-4.37362957274401e-06,1.47660804042334e-06,1.54857235944859e-16,1.61950211744565e-07,-1.58371490942082e-05,1.94048164157341e-16,-9.48086733907428e-17,-4.20251401476369e-07,-4.30444074035268e-09,-2.07682571567904e-07,-3.55068795706572e-16,2.3286372627365e-07,3.38480474189896e-07,3.62248640221482e-07,-3.29096370332686e-07,-1.17120356520305e-06,9.96082301378559e-08,1.51823244061409e-16,7.49865796603563e-16,1.31753074889992e-17,1.8797160252707e-06,-2.70773105411557e-06,-9.25986601742939e-08,-7.29383042725382e-08,-3.31153767431815e-16,8.36888721471943e-17,1.94008066774364e-16,-9.80387157439471e-16,-8.07251394259418e-16,0.0112691539744457,-4.09146551065044e-16,-1.77729551442601e-15,-5.35778612927749e-08,-1.04736308818752e-17,-4.80425551527012e-08,-1.57039697527286e-16,-5.97102867415812e-08,-3.32027364052017e-17,-7.36632604842103e-08,-9.23960889837012e-09,-5.85221661537603e-06,2.2289725674891e-17,2.99166915367113e-07,-2.61404907184036e-17,4.3520188461461e-07,-0.0228309422694471,-2.172111012412e-09,5.52969022357292e-15,4.88258837804204e-07,-1.19628816381942e-16,-1.3204120353789e-07,-7.46542288016886e-07,4.12721172817679e-16,6.68464753055782e-17,1.99163625720127e-16,-8.57931610709008e-17,-2.55010788486119e-09,-3.32922058677776e-08,-7.45147992838116e-09,2.62573671667621e-17,-2.6199382223634e-17,-2.04850168292426e-06,4.4704227113012e-06,-2.92323758337266e-17,1.17010829792783e-17,-3.41954043316857e-08,-5.14452172274494e-17,-2.42288043547901e-07,1.84862498774087e-16,2.28514657201433e-06,8.02786119616065e-17,-6.195753570854e-17,-1.32720359429853e-17,1.12747452486889e-16,-4.64598302417279e-17,4.59544467665297e-16,3.02453149308018e-07,-2.11511119814717e-06,-7.72892270447901e-17,-2.02737313580826e-07,7.7067379568663e-07,-6.3638349750427e-17,2.08252875842808e-16,-4.83255382724289e-17,-1.02987700743865e-16,7.57471236537044e-08,1.21047843950966e-08,-3.7367432870274e-17,-2.93773213520645e-16,-1.37343352814801e-07,-4.8987750537538e-07,-1.91542379612321e-07,1.15221522620187e-16,-6.77703815846035e-17,-6.02050726639252e-18,-1.21596554646892e-16,9.52200065090651e-17,-7.73949466745968e-17,2.87474575194744e-07,-2.71733890799954e-07,-5.22182793433292e-08,-2.58836988479606e-17,8.67139992457322e-17,9.96939297784992e-17,-1.36429158993781e-17,-9.83228135876398e-17,-2.40775179691845e-16,7.44151225533098e-17,-1.48211330172207e-17,3.96602403833368e-16,1.27435211456871e-16,-5.6078968629066e-17,5.33332223829437e-16,-1.64434633114831e-17,6.62352115874654e-17,1.95787548140532e-07,1.73575645685127e-15,-1.08499972256687e-16,-3.17581316034421e-16,4.39999560079232e-06,-4.82093160198385e-09,2.99316838491287e-17,-7.13704867343353e-08,4.0109061361898e-06,4.5568001853573e-17,2.4442418032968e-16,-7.02247532391526e-07,-5.32357202175289e-17,9.82216187639725e-08,-3.87422529725656e-16,7.51957599182098e-17,-2.23635832120429e-17,-3.36783189378023e-16,8.70840039951677e-09,-1.19546929058416e-06,-1.83691927502354e-16,-1.40125709656443e-17,7.826847221336e-17,-4.24171246009138e-16,-1.8247122562931e-16,1.69652512284836e-17,2.10962041289697e-16,-6.72466113509831e-18,9.77418455039883e-08,-4.51408901611107e-18,-4.6229885786517e-17,-4.30900516522721e-17,-1.43783798333188e-16,4.25428093014133e-18,-2.88143943403822e-17,-2.78208806522258e-07,1.75924718710353e-18,2.1958064748185e-16,2.07288468272901e-07,-3.01011692158226e-17,-1.6320073183593e-16,2.58715385331427e-17,-9.31023804477842e-17,4.42126077879893e-06,-6.8399688585117e-17,-1.26436672329012e-07,1.28026425595543e-17,1.97941065430957e-16,5.49429396277562e-17,-3.88855885425504e-17,1.47619935107358e-16,7.92302128150833e-17,4.55590124891307e-09,-6.06627483323679e-16,1.46392060776331e-17,1.77051094979585e-07,-5.67453940717826e-07,1.81309160723711e-17,3.96777410534222e-07,5.80793690220935e-08,-3.8266652281454e-17,-9.1644202382263e-17,-4.69588567778084e-16,-2.42682122681034e-17,-6.81753975954586e-17,-9.6725372820478e-08,-1.93373557334697e-16,1.90367673900178e-17,-2.05682241609545e-17,3.86395647405964e-08,9.68276677091222e-17,-1.69317350547269e-16,1.68289940762168e-16,-3.9623818996963e-18,-1.75538653253441e-08,7.27616266469807e-18,1.35895827973498e-07,-3.19401117638286e-17,1.41518423977022e-16,-1.5594279283115e-16,-2.22640252240739e-18,-5.72271973109436e-17,-2.60693241193832e-17,-4.55975698057838e-17,-6.28807141096702e-07,-4.24471499032636e-17,-2.65770797533703e-17,4.19680187968357e-07,3.24991714028137e-17,-3.47321154408435e-17,2.34516162964937e-16,3.41511117273469e-17,7.56271851563032e-17,-1.05445932486487e-17,-2.76353941248272e-07,2.87108992634358e-16,-1.66920229978471e-16,9.01010140372742e-07,2.10737583452369e-16,-1.41256643633037e-17,1.78606404560476e-16,1.94165730383023e-17,-1.52382894514951e-16,-8.58707255303048e-17,-3.12876739356264e-17,-9.43651647673125e-17,-2.03124678770123e-17,7.47377889901827e-17,-9.83251976922122e-18,-4.69794000111612e-07,9.79475766390522e-07,-2.27100652403095e-18,-3.22706777483399e-17,-9.15927850737631e-17,-5.27559791037055e-17,-2.90566182226115e-17,-1.96772366424113e-18,1.5023304722888e-16,6.43229732468949e-17,-1.22565244517661e-08,-3.4117864280221e-17,2.96246390217474e-17,1.29053469853294e-17,1.02867718773385e-16,1.5645518134998e-08,3.27695664947556e-16,-1.70539016290062e-08,-4.19500646861478e-17,-8.9422548801961e-17,-7.20226519677909e-17,5.9788123755229e-17,3.5860986415702e-16,6.07747563251609e-17,-1.14870323224625e-17,3.19840399578257e-17,-6.49878683129609e-17,6.03486873987967e-17,1.40149787645836e-17,2.28325844256756e-18,-3.18974215055153e-17,-6.76687125653605e-18,-1.14670955067229e-17,2.81258976078741e-17,-1.50727713209147e-17,-2.68126564990035e-17,1.8126964108473e-16,2.65647751661612e-17,3.1192496502408e-16,-2.03953425220668e-17,3.64794798885477e-17,8.86497912755059e-17,2.72716548124877e-16,1.1618985970385e-09,2.47645780735187e-16,-8.66087111783914e-17,9.75059568445125e-17,-8.62647679356884e-17,1.25561084634901e-16,-3.07788014011205e-18,2.46571804417986e-17,-1.12680104295414e-16,6.33650136793185e-17,-3.98001791966332e-17,-6.33174068731535e-17,-2.27205521492075e-17,4.91011246253863e-18,1.89552114035497e-17,-3.51679900203746e-16,-1.49734785453858e-16,-2.88059833132294e-17,-1.48341631932369e-08,-5.32423788093121e-17,7.45614583489246e-18,-4.97480336915466e-17,-1.93625271090851e-17,-8.34426742854745e-17,4.23903390757792e-17,1.66885246292887e-18,8.51778361551429e-17,-5.51433834545614e-19,3.11757729559777e-09,1.488757166703e-16,-9.44195498420222e-17,-1.90457863110774e-17,4.81717600893639e-17,-4.78582936229072e-17,-4.26200210249736e-17,8.23554826789742e-18,-7.77826561700683e-17,-9.14290753642144e-17,-1.14708634969379e-16,4.32254203071093e-17,-4.17491885713766e-17,-8.76419852357389e-18,1.56031290025856e-08,9.51041359869009e-17,5.47794230003935e-17,1.82050132651493e-17,-5.1456235106162e-16,-4.67921026285702e-08,-3.11202698529951e-17,-5.28431322779764e-17,1.28924250316376e-17,2.38928605106126e-18,1.14742946539952e-16,2.32337030437408e-17,-2.62576238109222e-16,9.56055508175058e-18,9.86015618299037e-18,-2.6464495012574e-17,7.02520088569066e-18,3.83451261896885e-17,-5.47313085278804e-17,6.17546861534987e-17,-2.39761630236527e-17,9.18343608250996e-17,-2.30745707474062e-16
"t187",-0.0310928114379664,-0.0170331042406275,0.00521821739483932,-0.00579043965387639,-0.00157225106215502,0.00124482596049208,-0.00741730106449318,-0.000173239789587139,-0.000116660620478228,0.000768786586654584,0.000729227159508704,-0.103032972404264,0.193485063680029,-0.0361937505700798,-0.0327955165445384,-0.0357359123419587,-0.00175252507433357,-0.114043694195322,-0.00135907562004821,0.000632136979130716,-0.0101667434990833,0.00133091175973932,-0.00094509978840995,0.00876379478571101,-0.00547153454662771,0.000498082324881747,-0.000671233777918238,0.00067487850997672,-0.01412475562207,0.00791212161313653,-2.12883915976837e-05,3.54171521790417e-05,-0.0133428605455435,-6.48356746397514e-05,-4.24499862742863e-06,-9.89882160772788e-06,-0.00245315705369363,2.10536388875539e-06,1.7458741581522e-05,4.74857603093295e-06,0.000226364578936806,-2.52617754333085e-05,0.000315543391339933,-1.8852912617478e-05,0.000698515304287284,-1.63266311801413e-05,9.5434802167275e-05,-0.000275241605978649,2.71300387065578e-05,-4.8290816972387e-05,0.000501515229341819,-2.43392516871258e-05,3.39277321462064e-08,-7.18634706002048e-05,3.31152667704869e-06,-3.38778056812084e-05,7.20863527340979e-07,-3.83178628881666e-05,1.26009345475581e-05,-4.84250910509566e-06,1.46008515033799e-06,-6.62186538492638e-07,3.32024700857985e-05,-1.92270202233451e-05,2.20461698430425e-06,-0.000114555587239649,6.71434463079713e-07,-2.76819829220006e-05,8.07802893355248e-05,-3.53766345852202e-05,0.000165894771423712,-0.000153259017621196,7.30738163465894e-06,0.00136239848958025,-0.000571635349815634,-2.48139926787471e-07,0.00141655171862668,-2.87309849372105e-05,0.000127592872316398,0.000163126761466378,-5.5834842960785e-05,-0.000866547696529344,0.000143876567205045,0.00100293943577484,-0.000123607159739676,-0.0477431548024786,-0.0010598589467217,-6.65429735687169e-06,-1.44108743612656e-06,-2.00533961691798e-05,2.21688118777971e-05,-3.46586529346316e-05,-0.000361274735441083,0.415118271291288,-1.21730760684099e-05,-0.00355139880962095,-0.00252551798674125,0.00149628969004129,-0.00209845838088989,-0.000440338910457528,-8.16869198078169e-05,0.000170970293895901,-0.000108638402083887,2.41559199745744e-05,-1.0237936401823e-05,0.000466729007909225,-0.000516250074944646,0.000222622596494617,-7.77255663249457e-05,1.82311095857516e-05,7.98208264024896e-05,0.000181884497298821,-0.000305089827617417,0.000244324797416905,-1.21677198639277e-06,4.46056978866413e-05,-6.4510250588894e-05,6.48667880463396e-05,-6.26845041160576e-05,0.000149172196069414,-0.000547705219785271,0.000124676261061589,-0.000114164709175907,-0.000313261213249306,0.000101496215880445,-0.000937129888353425,9.48989156322362e-05,-2.91895217024813e-05,5.11002980645224e-05,0.00168303725437584,-0.0001477135942645,0.000147428449353938,-0.000702521633780292,-3.41451587421057e-05,1.19739622694647e-05,5.50870766479235e-05,-2.98659554958004e-07,-0.000188816294003986,5.45337853100321e-05,-0.000156549274506544,-9.88543815134484e-06,-0.000380438836299263,7.36387565933782e-05,4.68283898951841e-06,1.47729185033357e-05,-9.05581502107186e-07,-3.97526718278857e-05,5.70317305482836e-06,3.67164025276135e-07,-8.75877341461488e-07,-0.000135739778177138,-3.99421462051445e-06,-8.49891510862073e-05,3.15590592120675e-05,-8.60211300779737e-06,-7.41560484173539e-07,1.10442472649113e-05,-0.00211585603513282,-2.43693151223494e-06,-8.10622074486588e-07,-0.00146515716111328,6.37085668078871e-06,-4.052328074069e-06,-0.000810212541747182,5.69524600654818e-05,-0.000321602472192713,2.83925718142827e-05,4.8451916260853e-07,2.40805382676977e-05,3.1912245016209e-05,-0.000589434015877853,-5.84059050527211e-05,7.13304157260199e-06,2.54509532921944e-06,6.93170806563921e-05,9.64553963225229e-07,6.0990701189582e-06,-2.51769735742504e-05,-1.53122091218014e-05,-0.000480265696292786,0.000303187163796251,0.000942282675403147,-1.29540645280661e-05,-1.79174094407327e-06,-1.62022214668356e-06,-1.12552897852801e-05,-5.75242479710142e-05,1.33954320516102e-05,6.01913439100187e-05,-0.000526873855621891,-1.54560400963119e-06,2.8421485222444e-06,1.12921479361444e-05,5.58016969284451e-07,1.92936200944646e-06,-2.72783052690279e-06,-5.03195756112798e-06,-2.55823177553138e-05,3.0061160651486e-06,1.31163918126571e-06,1.31078893485562e-06,0.000222144551370963,-3.71036809497356e-08,-0.000183068359956979,-1.06384010633154e-05,-0.00038338524578974,7.28550754025468e-06,0.000280328425303499,-6.34408908914391e-05,-1.24568738773031e-05,-0.000483709990743901,0.00196083211343859,-0.0584183941504032,7.95535071181812e-05,4.87494956563593e-05,2.81967843364683e-05,-1.49935529885011e-05,-1.12259526829725e-06,1.03172090760575e-06,3.33496541675088e-06,1.56967791425145e-05,-6.82779007210348e-05,-2.25174718716428e-06,-6.08889918204733e-06,8.34986844899035e-07,3.69094736319114e-07,3.75173781554106e-06,8.47953094635276e-08,1.84388496780508e-08,-5.86249849637741e-08,1.77775124135895e-06,7.35198914889154e-07,4.06192971726774e-08,7.00675978013482e-08,-4.35938716193097e-09,-7.31329533741605e-08,-3.69218430963707e-07,-2.23332892596405e-16,-4.85590948021583e-08,3.49961150269452e-06,-5.92442459663567e-08,-3.1137202663003e-07,6.96449155805705e-08,-9.24723259625897e-08,6.67631501314509e-08,-2.77616514851257e-06,6.70744337541686e-09,-5.64270776575238e-10,1.6679895208611e-06,-1.90423650898967e-06,6.54369172254196e-08,-9.28119451359848e-06,5.17403511668133e-07,-3.51448356095284e-07,2.70058775728339e-08,-5.56367797270785e-06,6.5837661972872e-06,-2.77776243584023e-05,-1.03475815000674e-06,2.17206180523897e-07,-5.32650418950273e-06,1.07038031228416e-06,-0.000122124718816576,0.000103185076768693,-6.85638996887618e-07,2.35451368989224e-07,-1.27872652284294e-06,-2.54917476897706e-05,0.000209913532775365,-3.73576732745219e-07,-1.52376792055932e-07,3.51498305485314e-07,-4.9301150635817e-05,5.19374352879149e-05,-1.21657196149771e-05,0.000271954424453952,-0.000141418957622266,4.22575381265448e-05,-2.92143412866861e-05,1.78719146558073e-05,-6.27058337041651e-06,-2.57664640405174e-16,1.75240753292519e-05,6.10797340005775e-07,2.29706168142755e-08,0.000229202004763448,-1.2153044611592e-06,8.04229520550986e-07,1.94453246621481e-05,-3.71281878075373e-06,3.08332880486029e-05,-8.16935077871191e-05,-3.69273114630525e-06,8.53245939572387e-06,-0.000148445363174236,0.000235465290255708,-0.866640980459509,-3.32315728567736e-05,0.00027870635568036,1.37401813444914e-06,1.17940225047802e-05,3.5480176663524e-05,-0.000214934878175996,1.87131742444471e-05,-1.79946166083654e-05,2.30074271433479e-05,-8.22483470500532e-05,4.63353131825131e-06,4.15409478481953e-06,3.1243403419005e-05,-8.32321751309114e-05,-4.06043872655852e-06,5.12658874106584e-05,-2.04142934047715e-05,4.98717223642845e-07,4.55142289921689e-06,-8.50067115927022e-06,4.52815813178275e-16,2.13880310202932e-08,0.000335703926482296,-7.85073083246096e-06,5.77942585321987e-06,8.25150839029155e-06,1.50247842033178e-06,3.45852332489217e-06,-5.0131660441981e-05,1.82919286070218e-05,1.23340853550412e-15,-1.34942713773088e-05,-1.63801751206306e-07,-4.54226746332411e-07,5.70540038016761e-05,3.3414431200269e-06,-2.23347096828341e-07,-8.43993549756734e-06,2.23415342135131e-06,-0.000116701010505666,1.37612753537224e-05,-2.79453012832666e-06,-5.05899161432388e-06,-2.67816453621085e-07,-2.65269693369144e-07,-5.06379483782744e-06,8.0270564102124e-05,-5.52505592015433e-06,-1.90437259337973e-16,-0.000118706449571106,9.50401006254847e-06,4.37527251550758e-07,2.62189761348559e-06,-1.25374071254597e-05,-5.31137494522606e-05,0.00126187293410333,-0.0546331669629194,4.00121897820717e-06,3.26483057932117e-15,2.06098889132914e-06,1.38264215603741e-05,-1.78944422466853e-07,1.07250323050031e-18,1.91717991654996e-06,2.17120131074287e-05,-3.48316144357787e-06,-2.02221596887979e-06,-7.53244525515122e-07,-4.29310215233342e-07,-1.59935363906549e-05,4.88751548554861e-07,5.23917087194885e-06,6.0645540855636e-06,1.18742473974054e-06,1.20038821021208e-05,1.30267450771547e-17,-5.08109294099173e-06,2.40347121934033e-06,1.57769850184162e-05,-1.61647258255783e-06,4.50401719119921e-16,-1.60215369246305e-06,2.09087765032454e-06,-7.25904212041625e-07,-6.45731018452167e-07,-1.63431696957977e-06,1.2067778263551e-05,-2.29154055688394e-05,3.15230119737865e-06,3.35784017354578e-16,1.13355579162168e-05,-1.51040638764247e-05,6.67734547992558e-05,1.39111067182804e-05,-1.41338570715776e-06,-9.48022932021880e-09,9.0205620750794e-17,4.79890966905666e-17,-9.10662293839202e-09,-8.06711577910472e-06,1.06294973289985e-06,-1.53306772320511e-06,4.45409444472474e-15,-7.22176361719393e-07,-8.50005315448624e-09,3.28033268750522e-16,4.0020980568248e-17,7.28729091259348e-17,1.78341122033791e-06,5.25248482655711e-06,-7.55694966612895e-06,4.44386556328851e-06,2.21415855015353e-06,4.54173251209518e-06,-5.15311659939648e-05,-9.81881605664451e-16,-0.00074982110888289,8.29548533536748e-06,-5.82150350538864e-16,5.16225044327686e-17,-1.93769492839424e-05,-3.97588419558378e-10,-3.0261800593733e-06,2.35816267251999e-06,2.96065566008627e-06,-1.59100810560692e-07,-1.9090515618582e-15,-5.34392159351144e-07,1.55826294362578e-16,-1.81478412089664e-06,-3.83265467973626e-16,-3.29062710935863e-06,7.10892987895328e-17,2.56414284698846e-06,3.54469343916754e-06,2.10249784654337e-07,2.75883954007564e-06,1.51266692421317e-05,-1.08630481613055e-06,1.09439881215869e-05,3.40486995647721e-07,1.65622540216969e-06,1.52356156636095e-07,2.37855213850992e-06,-2.50316353719719e-05,-1.63886251707176e-06,-1.32690518296118e-07,-3.16773059628931e-06,7.59318406573837e-17,0.000110779615712356,-1.90257774011317e-05,4.94517933538377e-07,1.09249792735247e-14,6.52765214448828e-08,1.76197081965867e-06,6.29502406981738e-06,-1.68797526099123e-17,-3.97125286558688e-05,-8.06699200862603e-07,-1.71310762658574e-16,-1.06444036965758e-06,1.63399346652066e-05,-1.78925624751986e-16,1.77206946113529e-16,-2.2398242473421e-06,-4.61987348602175e-07,-2.62967347815231e-09,-3.64438974924959e-06,9.65276644159518e-07,7.37729708605272e-06,2.73341971130957e-07,3.33121914252553e-06,-5.63403882293855e-06,-1.44740990026815e-16,1.27972425733248e-07,7.9882465985802e-09,2.20332606117893e-08,2.06064067724257e-06,3.65286241122061e-17,-2.08364993006035e-16,6.77232077866938e-07,-1.02554268608287e-16,-1.72261262960554e-17,4.24455729843517e-06,-4.74897893052547e-06,-9.71500978195373e-06,-5.33715140108831e-08,0.000244787019072957,1.68805445438959e-06,1.4563143769617e-07,1.67296749839348e-18,3.65989439095443e-07,1.70983296656425e-08,7.84605761559346e-08,-2.07260110718556e-05,3.44888524364123e-05,4.85669838019078e-16,2.50642248372237e-17,3.31504275226583e-15,-2.70944380628664e-07,-1.43738362893979e-06,-7.55759135840176e-07,-9.66486034279944e-16,-2.59488069573812e-06,2.5109035527277e-16,4.76881717530974e-17,1.61391838387062e-05,-3.54333791530067e-07,-8.45677694538693e-16,-8.70269893563735e-07,-1.17039189468217e-05,1.29518837553844e-15,1.33977008265931e-06,1.88625885919806e-16,3.56870533363776e-07,-1.23662516728819e-17,3.55973462190166e-07,3.08087251138763e-06,2.90626000613285e-06,1.0489382082449e-07,7.19743310620986e-07,-2.48990372785372e-06,9.87831890777297e-07,1.06443142268767e-16,4.48577536211385e-05,-4.0395869469438e-06,1.35739391101439e-16,-3.33227524827898e-07,-9.76746624674312e-07,1.57473240879357e-06,-1.0941534483241e-16,7.25693502032912e-07,2.49515773187647e-05,3.11989409314615e-17,-2.39277615311184e-06,-5.29115470207811e-07,-7.16122102804331e-07,6.20683542060364e-17,-1.03550448233421e-16,4.9039443263127e-07,1.49952157601836e-07,1.21285240799467e-08,-1.34434451545969e-06,8.82461931863242e-08,1.23134466536438e-16,3.82134166429234e-16,3.21964317400876e-07,2.21910254181942e-09,8.33261287289249e-18,7.77211127528476e-07,2.38194465660222e-17,4.43231365246982e-06,-1.48370745458373e-07,-8.66828947715918e-08,-5.74449337736065e-07,-2.39618349134861e-14,9.77229070930694e-18,1.85314673573553e-17,-2.53294243210385e-15,-1.19425538555736e-06,-1.10538195416124e-06,6.23279352903395e-17,2.72805590793645e-16,-1.15756443973501e-16,2.47373559111328e-06,1.39607380942061e-08,-1.22193774226063e-06,-4.89874067888603e-17,1.92527200779113e-16,1.0879968800892e-16,-4.73524944555499e-06,1.59906953019918e-06,7.98305151760643e-17,1.75838338410962e-07,-1.7212951515751e-05,-7.96738373962965e-17,8.34813409326161e-17,-4.57842456764766e-07,-4.69034252060526e-09,-2.26607089697213e-07,-6.87011112670571e-17,2.54637274521112e-07,3.7055789556923e-07,3.97194114985467e-07,-3.61559749556607e-07,-1.28738005717476e-06,1.09586897655286e-07,-1.49284714059943e-16,2.90787995692166e-16,-4.78347196147563e-17,2.07519879561603e-06,-2.9893784240667e-06,-1.02238836859093e-07,-8.02700384301873e-08,1.41781704584947e-17,-2.83123249131595e-17,1.52966084336093e-16,-1.24108256905012e-16,2.3390129139441e-16,0.000550897483430874,-1.26246945420506e-16,-2.34519675697036e-16,-6.16971248582699e-08,7.6642712297733e-17,-5.52308382194175e-08,1.27274661561617e-17,-6.84757227329943e-08,-1.10126400969203e-17,-8.28767771717162e-08,-1.03698043946744e-08,-6.54306844858547e-06,4.23727572967069e-17,3.32602159194543e-07,-3.77290039303177e-19,4.71888408074084e-07,-0.00118126376028163,4.25367070939619e-09,-4.99028000784503e-16,6.61592141388871e-07,-3.67606397221982e-17,-1.63051263345728e-07,-9.20339572533097e-07,9.13184498436913e-17,-3.62346074856152e-17,3.26437392994601e-17,-7.61059185175953e-17,-3.08908237506903e-09,-4.02209786272555e-08,-8.97962945354737e-09,1.29232299577354e-17,1.24319515897508e-17,-2.4517995507804e-06,5.34960124420631e-06,-1.16224174610869e-16,2.23709793713597e-17,-4.08151742997156e-08,1.07931162823829e-16,-2.89148366147491e-07,1.96498726478021e-17,2.72723286449034e-06,3.37888619946565e-18,6.18537873298157e-18,2.27686004216626e-17,5.94075319528031e-17,-3.46529432063811e-17,-1.14559735639813e-16,3.61506240461796e-07,-2.52815113673976e-06,-8.72640655954793e-18,-2.42522654285769e-07,9.222483313286e-07,2.75240156968697e-17,5.50102104837476e-17,1.1288875446928e-16,-1.1001520928253e-16,9.08020454668849e-08,1.45169490124597e-08,-6.64535852486148e-17,-2.81735886135491e-16,-1.64793929904264e-07,-5.87826880156113e-07,-2.29891651910088e-07,1.94616270033884e-17,4.05861836632728e-17,1.14173496825504e-18,3.59391097855459e-17,-7.11933599321589e-17,-1.44594889235729e-17,3.46357396623976e-07,-3.27515944315313e-07,-6.29614467223089e-08,3.14926507338942e-17,-6.04289250588668e-17,-2.65324027608043e-17,5.26360085312377e-17,7.27563050754404e-17,2.32554208975393e-16,-1.53291526353264e-16,8.04946246464298e-17,-1.33808623736009e-17,-7.52028173306023e-18,-8.53792468937561e-17,-3.87495908948595e-16,-1.5892120561622e-17,-1.41258482972865e-17,2.37630250424485e-07,2.08961752004414e-15,-6.39086378542033e-18,-3.55368360778861e-16,5.34514670377615e-06,-5.8577217062557e-09,1.39333098152289e-17,-8.67306397799962e-08,4.87954387701361e-06,2.12035302674393e-17,3.78248609113979e-16,-8.55521376547402e-07,5.14086550958075e-17,1.19864399176462e-07,-2.82563625680001e-16,-3.03945290817806e-18,-3.08578493068791e-17,-6.62867122329512e-17,1.06560403541494e-08,-1.46310570092244e-06,3.3719561501088e-16,-1.37631609106707e-17,-5.04421186278221e-17,-1.43478572899345e-16,-9.24824453130135e-17,2.99177613029143e-17,-2.33881244559246e-16,-4.90184985564303e-17,1.20764933593657e-07,8.4793644892816e-19,-3.24712183083218e-17,6.739850219298e-18,1.39813584482015e-16,7.2918060412965e-18,8.71642472814359e-17,-3.44442454092342e-07,7.06778567963898e-18,4.55329316919237e-17,2.56734243552193e-07,7.60397730288589e-17,-5.38590401653564e-16,2.8915338281139e-17,2.87106379114357e-16,5.49997468837994e-06,-2.41870488988149e-17,-1.5740834341745e-07,6.91367941002653e-17,8.15309058579054e-17,1.6183853336602e-17,-4.48275670191867e-16,3.00082198937763e-16,6.7494387376461e-17,5.68095871313936e-09,-1.17289466058648e-16,-6.83440866666146e-17,2.21042705848791e-07,-7.08491941243408e-07,7.31797984531408e-18,4.95914668106738e-07,7.26147221695275e-08,-2.20051878290177e-17,-9.8408827609259e-17,-2.65734574638638e-16,3.68648054165101e-17,-4.97609501922089e-17,-1.2151907952133e-07,5.63659350232365e-16,-1.86819897107605e-16,-1.65548918082865e-17,4.86042255452183e-08,3.09292070536324e-17,2.20164916979915e-16,1.86516805369444e-17,1.63219755223987e-17,-2.2116861887553e-08,-1.47293813662042e-16,1.71307058613263e-07,9.48135425158595e-17,3.90164339971515e-17,-2.90898057795504e-17,-1.67066009171203e-17,3.44422016799651e-17,-7.71789534843449e-17,3.17406053397699e-17,-7.94764127084735e-07,7.57846105306801e-17,-7.20367687632516e-17,5.3079134492036e-07,-2.08461421663424e-16,4.14812768651337e-18,-8.42490069068728e-17,1.19058395364756e-16,-1.21715495308228e-18,-9.58963193223443e-18,-3.50237006332889e-07,4.45008238553892e-17,8.38682202167278e-17,1.1429407343124e-06,-4.86687334595675e-16,-3.14484430681779e-17,-4.0109874591249e-17,-2.38325077559191e-17,-2.27183156571606e-16,-5.15341035455638e-16,-1.17468958189829e-16,3.71006688436606e-17,-2.00894330046898e-18,-3.95735331150486e-17,-2.42421111728717e-17,-5.97945408258066e-07,1.24716033448916e-06,-6.80654319406206e-16,-2.53960401111e-17,-2.65861720205214e-17,-4.70408484345886e-17,1.46367293285543e-16,-2.17905912756532e-17,-4.24000110995887e-17,-5.06410355236075e-17,-1.56388178445681e-08,2.89673926976465e-17,8.82659066271589e-18,-2.04211150877251e-17,-5.68047274981982e-17,1.99983414695047e-08,7.26833974620651e-17,-2.18418097078375e-08,-3.0041413449756e-17,7.61101965362915e-17,-5.6226362929742e-18,3.99754873534582e-18,6.54275720297243e-17,9.07472899642425e-17,3.42186957551539e-18,8.45917903622141e-17,8.55636012306541e-18,-1.0001221678752e-16,6.08623435930954e-18,1.83210477806336e-17,6.28043715658345e-17,8.00099402771996e-17,-1.00431085512138e-17,3.3051888415603e-17,-4.05841438270755e-17,-5.80086035749655e-17,-8.18148038838546e-17,-1.11437338398701e-17,1.10480201376273e-16,-3.25109405901016e-17,-1.9129116316427e-16,-5.52253875167577e-17,3.53037872295324e-16,1.4988550765035e-09,-5.27243075971435e-17,-2.7865117238801e-16,4.97493044988739e-17,-7.52003774878285e-17,-8.27426560500912e-17,3.64895553889489e-17,1.45329144797443e-16,6.57932872762913e-17,2.22648173928888e-17,7.33357387651032e-18,-1.06685493772574e-16,1.53175062841311e-17,-3.25149768606543e-17,-1.27830643955947e-17,3.64219919473385e-16,4.06545699247609e-18,-1.91104751588961e-17,-1.92276003061972e-08,5.7395211479479e-17,-4.10810462891433e-17,-3.89485478168308e-17,-2.81737812371945e-17,-5.10301669681675e-20,9.68475789668126e-17,-1.73757077837884e-17,-1.11877137189528e-16,-4.0268642931234e-17,4.06048470868517e-09,2.36335059302416e-16,2.04674316497336e-17,-1.07434571115748e-17,2.17197238159524e-18,-5.04660661923537e-17,9.18702532982987e-18,1.44212698522674e-17,3.19880515228061e-18,-6.56680136016432e-17,-1.10360694961428e-16,-6.76562522310012e-18,-9.43737260066251e-17,-2.29802425775717e-17,2.04193711837579e-08,-7.71623756610087e-17,-3.77852216864446e-17,-4.94846523962333e-17,1.70653421949218e-16,-6.13697868509931e-08,-2.51863888322013e-17,3.08089893174222e-17,-1.95233003642623e-17,-1.87996069181929e-17,4.7061767819097e-18,1.39796120514918e-16,3.31686132784797e-16,-9.8387955489923e-17,-4.51343874364957e-17,3.48353871427495e-17,-3.62980342198411e-19,3.66788657672218e-17,-1.47422975371935e-17,-4.54070591350771e-18,3.69625623423733e-17,1.95867636008576e-17,-1.59999847151453e-16
"t463",-0.0311300458107658,-0.0170761654181127,0.00523183763786186,-0.00581071928105819,-0.00157899982394131,0.00125110079331191,-0.00745542861067124,-0.00017420162813038,-0.000117426554487476,0.000774917536092199,0.000736624636345324,-0.104324460681243,0.195982378799255,-0.0366680868934789,-0.0332443613288745,-0.0362543686752001,-0.0017785687685701,-0.11576973151507,-0.00138013022569671,0.000642793308593959,-0.0103524357460893,0.00136038852376734,-0.000967239207849455,0.00897029791873319,-0.00560098393800376,0.000510445681929263,-0.00068809837772211,0.00069199175094935,-0.0144928497026738,0.00815708376474883,-2.19930992019019e-05,3.66452863604177e-05,-0.0138405568278285,-6.73745819728415e-05,-4.42017181276208e-06,-1.03418352422515e-05,-0.00256442061373543,2.20246159258101e-06,1.82697305146464e-05,4.97263971751579e-06,0.000237372095911751,-2.6521898513554e-05,0.000331533710972751,-1.98095358880273e-05,0.000734619193599071,-1.7228275386145e-05,0.000100810057000524,-0.000290887256378571,2.87119286015642e-05,-5.1183816185612e-05,0.000532642345093788,-2.58746252945516e-05,3.60730326493161e-08,-7.64992015782227e-05,3.53351578069237e-06,-3.61618798365825e-05,7.74570281087251e-07,-4.12485930081927e-05,1.35677052529421e-05,-5.23800921533294e-06,1.58491605057898e-06,-7.20071057809731e-07,3.61568851630157e-05,-2.09454966514071e-05,2.40819082571746e-06,-0.000125442121253068,7.39302978860508e-07,-3.0556629007922e-05,8.92731558198687e-05,-3.9178838283582e-05,0.000185831311007638,-0.000173218187018054,8.27057293429515e-06,0.00154645572422633,-0.000649099219238446,-2.82122130549397e-07,0.0016113571443577,-3.27634372272561e-05,0.000146330574354478,0.000187517952157531,-6.44408100334908e-05,-0.00100098457821047,0.000167272176630048,0.00116831918414957,-0.000145223424732276,-0.0562250756696555,-0.0012511535778453,-7.85840551266796e-06,-1.70202878305531e-06,-2.36905947918111e-05,2.62138388549786e-05,-4.13451713680135e-05,-0.000431326127966097,0.498367491975949,-1.47571800638999e-05,-0.0043116934933002,-0.00306640205624339,0.00182365969312288,-0.00256120820306729,-0.000540353932825262,-0.000100688145338006,0.000210823756634659,-0.000134022378487624,3.04234921272544e-05,-1.2914871221141e-05,0.00058949972318043,-0.000653499749038825,0.000281984528211443,-9.85599641191545e-05,2.31568654667161e-05,0.000101442828942884,0.000231912069921402,-0.000389157948165906,0.000314381618628511,-1.56861628439343e-06,5.77432582538522e-05,-8.36669631698556e-05,8.45671465596966e-05,-8.21355840280839e-05,0.000196213570207655,-0.000722008915566563,0.000165618581165149,-0.000152418973839456,-0.000418309546494613,0.000135630339857417,-0.00125885901770172,0.000127534730725957,-3.94066041451355e-05,6.99061206810546e-05,0.00230276987526459,-0.000202326034925588,0.000203783360663878,-0.00097281695104609,-4.7344569996582e-05,1.66927591936242e-05,7.68542511195181e-05,-4.21554966849901e-07,-0.00026907904441753,7.87623952683366e-05,-0.000226188658730874,-1.43161887509156e-05,-0.000551612258574823,0.000106977068486941,6.80790364947049e-06,2.14770567487859e-05,-1.32355586252912e-06,-5.87285697521829e-05,8.52019871377719e-06,5.5007158711849e-07,-1.32047231797291e-06,-0.000204744180256144,-6.03928960278905e-06,-0.000128688032893862,4.78637257776061e-05,-1.32461209938136e-05,-1.14473221073683e-06,1.70787943761871e-05,-0.0034108580757708,-3.97039515553036e-06,-1.32289379730466e-06,-0.00241316201090449,1.05130316403507e-05,-6.76837506670977e-06,-0.00135526707004018,9.64254443810279e-05,-0.000551043840009426,5.04385996083131e-05,8.61869913791393e-07,4.28493447261701e-05,5.70774651920477e-05,-0.00106066521556315,-0.0001051918176063,1.30049806056245e-05,4.6583230660884e-06,0.000127955318496038,1.78427023049073e-06,1.12945374111348e-05,-4.75846637996224e-05,-2.95797287754526e-05,-0.000931343018517298,0.000590123909466281,0.00185445580572197,-2.56045046570574e-05,-3.55660006711015e-06,-3.22917372386883e-06,-2.27436755860143e-05,-0.000116643779309621,2.80130915221237e-05,0.000126006704679193,-0.00111484637966039,-3.37167741243219e-06,6.3666346646284e-06,2.55348389010023e-05,1.28001717024819e-06,4.47415159635133e-06,-6.54157986619411e-06,-1.21580298533943e-05,-6.2819656725369e-05,7.44297748592612e-06,3.47365555179269e-06,3.48301603156025e-06,0.00060874846317336,-1.04949990665167e-07,-0.000562327449264462,-3.2690932375477e-05,-0.00118770961511132,2.31506820015498e-05,0.000907114871297219,-0.000215929234249685,-4.53687564685829e-05,-0.00186917770644249,0.00772438825243591,-0.252633651377747,0.000364213773799809,0.000223534488031089,0.000135580530855362,-8.24806649814774e-05,-6.35442917705746e-06,6.93124121079662e-06,2.58322750037632e-05,0.000128484093299016,-0.000733877471203762,-2.61933224881985e-05,-7.79057869908374e-05,1.54820507723389e-05,7.53811337860041e-06,7.85840862717906e-05,4.16829557623515e-06,5.55577381201213e-06,3.66891076514129e-06,-7.15019868405394e-05,-2.1528719141023e-05,-9.46167445205148e-07,-1.54227141043771e-06,6.33197765016008e-08,8.73473175517344e-07,3.68821929507075e-06,1.25166084721047e-16,3.91340713659517e-07,-2.71401840085863e-05,3.630200939139e-07,1.6355040652231e-06,-3.26477487926309e-07,4.30674936125079e-07,-2.58054856372084e-07,1.04252410128941e-05,-2.48607670972159e-08,1.96796338442188e-09,-5.59122586514342e-06,5.95414218575678e-06,-1.98604741567606e-07,2.78300422374168e-05,-1.45457511318037e-06,7.74553107502788e-07,-5.5051997884404e-08,1.06559139419028e-05,-1.10885417361152e-05,4.63728230895052e-05,1.58735006950072e-06,-3.18247295373435e-07,7.32148970602041e-06,-1.44201027211808e-06,0.000161127441217583,-0.000132294236507517,8.43055584349435e-07,-2.88143372328458e-07,1.41153250407572e-06,2.80740529476166e-05,-0.000230576687547938,3.99295094887825e-07,1.61229614101975e-07,-3.60229310758792e-07,5.0228275084025e-05,-4.39209514178552e-05,1.00840944747077e-05,-0.000221885859645016,0.000111290519304568,-3.2313236234236e-05,2.09467663667221e-05,-1.25779512421508e-05,4.34876036706284e-06,1.44721079665353e-16,-1.15566687879839e-05,-4.00151440694361e-07,-1.47286123996597e-08,-0.000139689765774913,7.09162859918441e-07,-4.59713068383206e-07,-1.10025608303796e-05,1.84190956899529e-06,-1.51667470434262e-05,4.00924633193618e-05,1.74325053592967e-06,-3.60468669024515e-06,6.15099779588288e-05,-9.62590506625369e-05,0.338779487296392,1.0910099625838e-05,-8.48451038183567e-05,-4.1642561733135e-07,-3.5696882625822e-06,-8.83208497170974e-06,4.18094183572825e-05,-3.51980152001438e-06,3.21877026117864e-06,-3.86480525693658e-06,1.35461992585042e-05,-6.41194088437248e-07,-5.66930147898954e-07,-4.15554302045556e-06,1.08744721722458e-05,4.99551473358243e-07,-5.88463487274714e-06,2.1911231605155e-06,-5.19308426543779e-08,-4.4950814341449e-07,7.44677002513287e-07,-2.17941795947545e-16,-5.77613735623335e-10,-7.24475169325518e-06,1.07166040560483e-07,-7.75549254244592e-08,-1.08714348102305e-07,-1.69301006849801e-08,-2.66547290384294e-08,1.76987564995643e-07,8.70628119449092e-08,-4.78263129012907e-16,-3.08567180644406e-07,-4.10031958891006e-09,-1.34506258752673e-08,1.72035211405604e-06,1.37401192292063e-07,-1.04916497153843e-08,-4.64366372970255e-07,1.34955793803024e-07,-8.3622493466249e-06,1.12222291223799e-06,-2.44948293492871e-07,-4.60474194202438e-07,-2.49307662616018e-08,-2.56568172925719e-08,-4.91777725839972e-07,7.99900478334242e-06,-5.61339354991244e-07,2.53305674184639e-16,-1.37253881887628e-05,1.12550781697102e-06,5.18259136002003e-08,3.30916405799013e-07,-1.59677649514733e-06,-7.4841889489052e-06,0.00018247806899683,-0.00793991857207132,5.92357605130573e-07,5.85369464424666e-16,3.11406783740816e-07,2.10466238198147e-06,-2.79810161769359e-08,2.59848501652858e-17,3.0820254417765e-07,3.51256010165195e-06,-5.65340898653741e-07,-3.30413161509214e-07,-1.24433573934887e-07,-7.14979351294797e-08,-2.68030731487773e-06,8.34057450321782e-08,8.95954113445786e-07,1.04968401818915e-06,2.09793625658432e-07,2.12302046809942e-06,-2.41861835341748e-18,-9.33391941576492e-07,4.44310285629766e-07,2.95656696405907e-06,-3.09031007907296e-07,-2.65106397763132e-16,-3.18910199394304e-07,4.33815756533057e-07,-1.53263976127316e-07,-1.37418600025084e-07,-3.51046264098914e-07,2.63580838334694e-06,-5.13576360885559e-06,7.4820876427169e-07,-1.85497304453033e-16,2.81244302550536e-06,-3.76101850317514e-06,1.67511365725152e-05,3.52509878085016e-06,-3.58426833653982e-07,-2.41083824632048e-09,2.39391839684799e-16,-5.93598754229329e-17,-2.35227238556697e-09,-2.11108433832262e-06,2.78605307952115e-07,-4.06356779811901e-07,1.31789574287136e-15,-1.95932115060642e-07,-2.32891200613305e-09,-2.3842358480725e-16,-4.58942917869319e-17,-8.31189793249545e-17,5.02976093061386e-07,1.48655542685318e-06,-2.16411375611614e-06,1.28493188681017e-06,6.40928248419778e-07,1.32777273178628e-06,-1.5082002183556e-05,-4.16750064690152e-16,-0.000223665816650559,2.4903739148907e-06,3.16091421017125e-16,-1.27376778553098e-16,-5.95694410109738e-06,-1.22893647867819e-10,-9.42053647693478e-07,7.37525729879559e-07,9.34045458030018e-07,-5.02632664324187e-08,-6.55683672034442e-16,-1.6914185119744e-07,-4.34076257922348e-17,-5.77461528406002e-07,5.88721779659629e-17,-1.05110395356452e-06,-1.3232249541011e-16,8.22991969079921e-07,1.13880415954775e-06,6.83874846497593e-08,8.99659024350762e-07,4.93804744954529e-06,-3.56241127773304e-07,3.60294395566988e-06,1.13084589509444e-07,5.50117696963027e-07,5.07390889662474e-08,7.95907215365262e-07,-8.42834560897594e-06,-5.54644806978294e-07,-4.50843232139794e-08,-1.07836640060161e-06,-7.52554368305688e-18,3.79326482201163e-05,-6.55054258203132e-06,1.72809234988316e-07,3.85728233378821e-15,2.29051432932325e-08,6.22037495221865e-07,2.22803116427552e-06,-3.90735578140142e-18,-1.40739409399474e-05,-2.87347119593826e-07,6.4425833102269e-17,-3.80088646617445e-07,5.91836650231247e-06,1.33350552838744e-16,-2.35108079195529e-16,-8.15611236382928e-07,-1.68307986949432e-07,-9.60136134588144e-10,-1.33403461237211e-06,3.55354533920354e-07,2.71717560727747e-06,1.00745023469153e-07,1.23679162653833e-06,-2.10392924706835e-06,6.59737021957429e-16,4.78920177527486e-08,2.99059830851875e-09,8.25932235009194e-09,7.73635342521696e-07,1.11341327264891e-16,1.74348788905998e-16,2.54788603377566e-07,1.76170154058908e-16,-7.84480509320547e-17,1.61736064038768e-06,-1.81343078584652e-06,-3.70990974752888e-06,-2.04750770952892e-08,9.3966216693321e-05,6.48077452787231e-07,5.59581847186463e-08,3.50250629374199e-17,1.41877797379863e-07,6.64051149449124e-09,3.04903830514683e-08,-8.07849993231227e-06,1.35156384734794e-05,-4.55891741761979e-16,1.27874665878764e-16,2.4672663149092e-15,-1.0698776694367e-07,-5.69410103673204e-07,-2.99461950365177e-07,-1.67622269641171e-16,-1.03135892971094e-06,2.80701315377959e-16,1.33883748327086e-16,6.49953358137847e-06,-1.42719478397279e-07,-5.21284404531031e-16,-3.51631174612398e-07,-4.73753161893247e-06,6.80339872086099e-16,5.44312659743006e-07,8.35409038515584e-16,1.45622887736645e-07,4.11876536581631e-16,1.45313560316013e-07,1.25803725843421e-06,1.18714127084541e-06,4.28670895092796e-08,2.94452008509665e-07,-1.02269422458043e-06,4.07966698474042e-07,-4.61717576430597e-16,1.86505094946013e-05,-1.68072917037758e-06,1.14495565785843e-16,-1.38774687902309e-07,-4.07467481493423e-07,6.57935593601243e-07,-1.48088860361173e-16,3.04774886026721e-07,1.04897648173024e-05,4.92638405943661e-17,-1.00729175022505e-06,-2.22890544354714e-07,-3.0240801187093e-07,-1.32432759484911e-16,7.35008578056478e-17,2.08278604292347e-07,6.38415221471121e-08,5.16622416486897e-09,-5.78600540661281e-07,3.80439556598303e-08,-7.73890299661948e-17,-1.77574563864824e-16,1.38961142973459e-07,9.57912398221073e-10,-1.52565143520309e-16,3.36140079023521e-07,-7.09673474150106e-17,1.92049266644611e-06,-6.44499651256386e-08,-3.76604191563754e-08,-2.49750883937592e-07,-9.82782249228615e-15,-1.91096712635609e-16,-8.75975814053689e-18,-1.19346711019285e-15,-5.22467948217838e-07,-4.8383257231893e-07,1.92654691544624e-16,-3.10446332487711e-16,-5.00225421794834e-16,1.08475169262879e-06,6.12672315760957e-09,-5.3739978964321e-07,1.74089271883369e-16,-2.04995525762697e-16,-7.8008346310332e-17,-2.09754065594169e-06,7.08502338356275e-07,1.12549362352506e-16,7.81248443752187e-08,-7.6562054056122e-06,-2.35808703796543e-16,-2.19399064219837e-17,-2.04177412745793e-07,-2.09212087485558e-09,-1.01232156505606e-07,-3.67310255226656e-16,1.14043360984675e-07,1.66191727955163e-07,1.78482948477139e-07,-1.62898184564878e-07,-5.80427953240994e-07,4.94732935389164e-08,-5.91166988556715e-16,-6.85394896681162e-17,-2.16105488817178e-16,9.43822415608122e-07,-1.3597541799615e-06,-4.65480586134734e-08,-3.67179365200616e-08,3.52149843842645e-16,5.69116572693322e-17,-3.23992165166565e-16,-3.58253371416921e-16,6.36823555757655e-17,0.000253226072236878,-5.07209421554787e-16,-3.249939836531e-16,-2.84134637620758e-08,-4.0319297772209e-16,-2.54380975581347e-08,2.4626084666288e-16,-3.15437451182627e-08,-4.540279430979e-16,-3.83025001550286e-08,-4.79624034048014e-09,-3.02987360823923e-06,4.53844181163629e-17,1.54240216056287e-07,-3.47945007822511e-16,2.19525577615032e-07,-0.000551782974767011,1.98729388986402e-09,-1.39230313870965e-15,3.09601164859927e-07,9.61767875460128e-16,-7.64999758340735e-08,-4.31857289942669e-07,-5.22044585548858e-17,7.08741006047844e-16,2.28498418377295e-16,-4.44481605063886e-17,-1.45259633476851e-09,-1.89239382342153e-08,-4.22765676345149e-09,6.00293578184393e-16,-9.80866970227061e-16,-1.1579016872317e-06,2.52678166264312e-06,-3.42186879453425e-16,-8.55988365058294e-18,-1.93522499774286e-08,-5.75596103357545e-16,-1.37209374181973e-07,6.88145784704593e-16,1.29719284575404e-06,-5.22623766037718e-16,-3.84594143192723e-16,7.2342618665141e-16,-7.81830440651725e-16,-7.68282741783516e-16,-7.68396872375593e-16,1.72762784355928e-07,-1.20827036311607e-06,8.0553923063174e-16,-1.16097809234135e-07,4.41790063142325e-07,3.86403949033933e-16,-1.98999110577766e-15,-1.14153112761687e-16,-2.59498455411926e-15,4.36249757647041e-08,6.97927343976865e-09,1.47868509430637e-15,2.6418174293648e-16,-7.92874883175737e-08,-2.8284962415892e-07,-1.10655621915766e-07,2.48513883890159e-15,-3.69672888245789e-15,-1.74238100503241e-16,-2.02479490989719e-15,1.77552709209758e-15,-7.73829133463432e-15,1.67610127927391e-07,-1.58571206623726e-07,-3.0498674272574e-08,-4.59054812215952e-15,9.0169427800435e-15,-2.43742768073749e-15,1.96723774389878e-15,-4.08425321868007e-15,4.60204975612794e-15,-5.19611749348143e-15,-4.44204686818278e-14,-0.707106781186548,1.06216843226818e-13,-5.06058530033774e-14,-8.65890541659726e-14,5.271824081668e-14,4.88592386492538e-14,1.16060605521735e-07,-9.3271587903689e-15,6.80733025794938e-15,-9.54796225281266e-15,2.61343955844066e-06,-2.86476737617143e-09,1.2673072511778e-14,-4.24229381623451e-08,2.38991490008785e-06,-2.44490425330299e-15,1.21542421956581e-14,-4.19708633643168e-07,-2.88522613558527e-15,5.89220405193182e-08,-6.37095190828772e-16,2.05601608580951e-15,-1.4023203932646e-15,-1.14687311380279e-15,5.2546903114089e-09,-7.21637740469745e-07,7.7664544153098e-17,3.01367610452969e-16,5.46360421688373e-16,-7.4895299598393e-17,1.98311419369324e-15,7.63442451005577e-16,2.342482705611e-16,4.11653250610808e-17,6.02128011577634e-08,-1.00952817039488e-15,3.28733358792878e-16,-1.00901983208199e-15,-9.95181850802664e-16,1.20762849979283e-15,-9.23669515096027e-16,-1.7213331910362e-07,-2.54379319129078e-16,-2.89723409357467e-16,1.28355887100248e-07,6.0717259030683e-18,-5.05782254456349e-16,-5.81662099651011e-16,1.01492764844198e-16,2.76336682508608e-06,-8.2633113270521e-16,-7.91567416247313e-08,1.47760011179091e-15,-1.09073405660468e-15,-1.53757082549201e-16,-2.64078996097352e-15,2.18883855316376e-16,6.69814362605013e-16,2.86193642016891e-09,-4.51197134960566e-16,-1.21605014495529e-16,1.11508988987737e-07,-3.57436264701748e-07,-1.48262156670908e-16,2.5048528433353e-07,3.66910548785504e-08,-5.89298313402025e-16,-1.09113991177203e-15,3.80047972903671e-16,7.30965333788352e-17,1.62923674354798e-16,-6.17359501805428e-08,-3.14208099560342e-16,3.67836232584264e-16,3.24413167092077e-16,2.47269924246167e-08,2.07815890630935e-17,-1.53002263530514e-16,-2.99361626135908e-16,-2.05348364363927e-16,-1.12724099673467e-08,1.18831009382188e-16,8.73602367558996e-08,-8.13256063565539e-16,6.61093086569596e-16,3.902765409002e-16,-4.37114795688558e-16,-1.96787313984032e-16,3.02614881301748e-16,-2.26651515071127e-16,-4.06509668973269e-07,1.05262427053021e-16,8.6115502440771e-17,2.71691729595606e-07,1.89886452651077e-16,1.60563595606604e-16,1.72923396131214e-16,3.60674625667047e-16,3.47780808689882e-16,3.26981054020213e-16,-1.79687150200209e-07,3.49131645784087e-16,-7.76916615774757e-16,5.86984185270809e-07,1.03821841406113e-16,-7.64375251799748e-16,-8.1892447490863e-17,8.55380291819004e-16,1.72603807540403e-16,-3.34215177104215e-16,7.17936482616245e-16,5.21576574839708e-17,-2.08761132201742e-16,-3.89595892120781e-17,-4.44399049673225e-16,-3.08254846062539e-07,6.43231946660891e-07,-1.30150791306403e-16,2.94806601416619e-16,-1.63550956276539e-16,1.0668515650297e-16,-4.11129463806503e-16,-1.21121091821296e-16,6.01207391034898e-17,9.12710105928816e-17,-8.08490026092788e-09,9.07387459848195e-18,9.77231373910089e-17,-2.15465830586461e-16,-4.43011135922331e-17,1.03593520992636e-08,-1.57706107239097e-16,-1.133971362773e-08,1.69160529465602e-16,7.35093387177647e-18,-1.10395565285154e-16,6.51137878285667e-17,2.05801844080272e-16,-1.16090993570406e-16,1.18223071263225e-16,1.93374580940653e-17,3.9008656733722e-17,-1.92766890647155e-16,4.86581433648319e-18,6.04257624863472e-17,4.75065974425955e-17,2.07733417018345e-18,3.55212922084454e-17,-8.70371587381658e-17,-8.32560521942317e-17,-1.26935618418085e-16,2.22000134315144e-16,-2.66620229373825e-16,-1.3314002678122e-16,-3.80612506208855e-17,4.37943866591038e-16,-7.18598277005958e-17,8.21266468430225e-17,7.84562222390003e-10,-8.66983828311386e-17,6.21158112073685e-17,-1.25349771929078e-16,-1.44670119678408e-16,-6.60994896017252e-17,7.72306667312739e-18,-8.14166495698121e-17,-3.60608540295953e-17,-4.45872630950803e-17,-7.75646079843009e-17,4.21971485531358e-16,1.40877167685203e-16,-3.12327405547218e-17,-7.30249116077761e-17,-1.4874042750448e-16,4.98612665067483e-17,-3.45074029770753e-17,-1.01195072107699e-08,2.56786344976308e-17,3.43100906014262e-17,3.25502435896638e-17,5.52097522262215e-17,5.95487672266753e-17,-8.53126027149885e-17,3.37390211868226e-19,-1.31933833642997e-16,6.56235831037169e-17,2.14893241015258e-09,1.21040030749721e-16,-5.2711012253935e-17,-1.72346706440693e-17,2.14715845618496e-17,-3.97116857429269e-17,7.7887940822015e-17,-5.31025542520283e-17,-3.57508249360835e-17,3.56924482096159e-17,9.85813089968938e-17,-5.00122707334158e-17,6.99884502879411e-17,3.31169085016558e-17,1.08661960060581e-08,5.00350950537911e-17,3.43472113594556e-17,-1.28938257695376e-16,-2.14888870586627e-16,-3.27410625544709e-08,5.44807218262439e-17,1.56477275826985e-17,1.71627495434032e-17,-2.85116740598844e-17,6.38860141813277e-18,-6.54214740362715e-17,2.53538534047321e-17,1.64237161065669e-17,-2.92911372105118e-17,-5.63322347863888e-17,5.68859378432289e-17,3.72473472978843e-17,-2.45335760331141e-17,3.46445695960234e-17,1.70472995461709e-17,6.62990403618433e-17,-2.15363986487705e-16
"t603",-0.0311300458107658,-0.0170761654181127,0.00523183763786186,-0.00581071928105819,-0.00157899982394131,0.00125110079331186,-0.00745542861067125,-0.000174201628130369,-0.000117426554487456,0.000774917536092194,0.000736624636345312,-0.104324460681243,0.195982378799255,-0.0366680868934789,-0.0332443613288745,-0.0362543686752001,-0.00177856876857011,-0.11576973151507,-0.00138013022569674,0.00064279330859396,-0.0103524357460893,0.00136038852376735,-0.000967239207849452,0.00897029791873319,-0.00560098393800378,0.000510445681929251,-0.000688098377722121,0.000691991750949328,-0.0144928497026738,0.00815708376474886,-2.19930992018752e-05,3.66452863604271e-05,-0.0138405568278285,-6.73745819728343e-05,-4.42017181269264e-06,-1.03418352422375e-05,-0.00256442061373544,2.2024615925515e-06,1.82697305146324e-05,4.97263971745506e-06,0.000237372095911743,-2.65218985135984e-05,0.000331533710972714,-1.9809535888063e-05,0.000734619193599107,-1.72282753861086e-05,0.000100810057000465,-0.000290887256378561,2.87119286015089e-05,-5.11838161856749e-05,0.00053264234509376,-2.58746252946135e-05,3.60730326977092e-08,-7.64992015782279e-05,3.53351578061672e-06,-3.6161879836555e-05,7.74570280985473e-07,-4.12485930082059e-05,1.35677052529555e-05,-5.23800921531798e-06,1.5849160506046e-06,-7.20071057792815e-07,3.61568851629444e-05,-2.09454966514903e-05,2.40819082572276e-06,-0.000125442121253062,7.39302978901826e-07,-3.05566290079184e-05,8.92731558198823e-05,-3.9178838283575e-05,0.00018583131100756,-0.000173218187018148,8.270572934301e-06,0.00154645572422629,-0.00064909921923843,-2.82122130509217e-07,0.00161135714435764,-3.27634372271762e-05,0.00014633057435461,0.000187517952157658,-6.44408100334365e-05,-0.00100098457821047,0.000167272176630183,0.00116831918414954,-0.000145223424732247,-0.0562250756696557,-0.00125115357784528,-7.85840551257992e-06,-1.7020287829426e-06,-2.36905947918111e-05,2.62138388549988e-05,-4.13451713680985e-05,-0.000431326127966096,0.498367491975949,-1.47571800639159e-05,-0.00431169349330033,-0.00306640205624341,0.00182365969312281,-0.00256120820306729,-0.000540353932825225,-0.000100688145337997,0.00021082375663467,-0.000134022378487633,3.04234921272599e-05,-1.29148712211492e-05,0.000589499723180524,-0.00065349974903884,0.000281984528211459,-9.85599641191823e-05,2.31568654667129e-05,0.000101442828942885,0.000231912069921457,-0.000389157948165897,0.000314381618628534,-1.56861628443439e-06,5.77432582538819e-05,-8.3666963169832e-05,8.45671465597419e-05,-8.21355840280865e-05,0.000196213570207663,-0.000722008915566535,0.000165618581165132,-0.000152418973839447,-0.000418309546494612,0.000135630339857408,-0.00125885901770174,0.000127534730725908,-3.94066041451091e-05,6.99061206810226e-05,0.00230276987526463,-0.000202326034925669,0.000203783360663929,-0.000972816951046172,-4.73445699966968e-05,1.6692759193364e-05,7.68542511195195e-05,-4.21554966851075e-07,-0.000269079044417528,7.87623952683378e-05,-0.000226188658730934,-1.43161887509243e-05,-0.000551612258574876,0.000106977068486946,6.80790364943589e-06,2.14770567487649e-05,-1.3235558625015e-06,-5.87285697521422e-05,8.52019871379703e-06,5.50071587110621e-07,-1.3204723179607e-06,-0.000204744180256268,-6.03928960273717e-06,-0.000128688032893892,4.78637257776113e-05,-1.32461209938724e-05,-1.1447322107836e-06,1.70787943761416e-05,-0.00341085807577082,-3.97039515556041e-06,-1.32289379736551e-06,-0.00241316201090444,1.05130316403671e-05,-6.76837506669461e-06,-0.00135526707004017,9.64254443811795e-05,-0.000551043840009319,5.04385996083334e-05,8.61869913858198e-07,4.2849344726109e-05,5.70774651920548e-05,-0.00106066521556317,-0.000105191817606313,1.30049806056833e-05,4.65832306614986e-06,0.000127955318495992,1.78427023049546e-06,1.12945374110921e-05,-4.75846637996619e-05,-2.95797287754577e-05,-0.000931343018517351,0.000590123909466246,0.00185445580572191,-2.56045046570607e-05,-3.5566000671105e-06,-3.22917372389656e-06,-2.2743675586042e-05,-0.000116643779309625,2.80130915220921e-05,0.000126006704679161,-0.00111484637966036,-3.37167741244674e-06,6.36663466459878e-06,2.55348389009635e-05,1.28001717021879e-06,4.47415159637122e-06,-6.54157986616921e-06,-1.21580298533267e-05,-6.28196567251214e-05,7.44297748596076e-06,3.47365555182379e-06,3.48301603156587e-06,0.000608748463173379,-1.04949990660686e-07,-0.000562327449264451,-3.26909323754848e-05,-0.00118770961511136,2.3150682001608e-05,0.000907114871297313,-0.000215929234249593,-4.53687564685798e-05,-0.00186917770644243,0.00772438825243589,-0.252633651377747,0.000364213773799782,0.000223534488031368,0.000135580530855731,-8.24806649812428e-05,-6.35442917705589e-06,6.93124121082543e-06,2.5832275003793e-05,0.00012848409329904,-0.000733877471203674,-2.61933224881427e-05,-7.79057869907533e-05,1.54820507723663e-05,7.53811337839662e-06,7.85840862718872e-05,4.16829557620824e-06,5.55577381203499e-06,3.66891076507872e-06,-7.15019868405229e-05,-2.1528719141048e-05,-9.46167445190736e-07,-1.54227141045779e-06,6.33197765125439e-08,8.73473176236692e-07,3.68821929506746e-06,4.41276768321225e-17,3.91340713606919e-07,-2.7140184008431e-05,3.63020093932708e-07,1.63550406518249e-06,-3.26477488021808e-07,4.30674936018428e-07,-2.58054856412895e-07,1.04252410129905e-05,-2.48607670431406e-08,1.96796325692872e-09,-5.59122586521856e-06,5.9541421857149e-06,-1.9860474158481e-07,2.78300422374274e-05,-1.45457511319514e-06,7.74553107352281e-07,-5.505199772134e-08,1.06559139418771e-05,-1.10885417359878e-05,4.63728230895774e-05,1.58735006940341e-06,-3.18247295443448e-07,7.32148970602443e-06,-1.44201027219636e-06,0.00016112744121763,-0.000132294236507511,8.4305558435882e-07,-2.88143372441365e-07,1.41153250408389e-06,2.80740529476438e-05,-0.000230576687547945,3.99295094853186e-07,1.61229614110564e-07,-3.60229310802018e-07,5.0228275084109e-05,-4.39209514177826e-05,1.00840944747558e-05,-0.000221885859645051,0.000111290519304473,-3.23132362343097e-05,2.09467663666925e-05,-1.25779512420758e-05,4.34876036710655e-06,1.46796738477763e-16,-1.15566687879756e-05,-4.00151440744251e-07,-1.47286124380351e-08,-0.00013968976577503,7.09162859965702e-07,-4.59713068328161e-07,-1.10025608303886e-05,1.84190956923525e-06,-1.51667470433578e-05,4.0092463319465e-05,1.74325053603733e-06,-3.60468669029612e-06,6.15099779587686e-05,-9.62590506626051e-05,0.338779487296392,1.09100996258601e-05,-8.48451038184268e-05,-4.16425617319867e-07,-3.56968826261968e-06,-8.83208497160607e-06,4.18094183573688e-05,-3.51980152006516e-06,3.21877026121505e-06,-3.86480525700567e-06,1.35461992586706e-05,-6.41194088357365e-07,-5.66930148109829e-07,-4.15554302061599e-06,1.08744721722463e-05,4.99551473400694e-07,-5.88463487261636e-06,2.19112316043819e-06,-5.19308427180031e-08,-4.49508143341966e-07,7.44677002501606e-07,-2.50510135907221e-16,-5.7761369910362e-10,-7.24475169316377e-06,1.0716604080226e-07,-7.75549254941822e-08,-1.0871434804435e-07,-1.69301005958897e-08,-2.66547289386444e-08,1.76987565048171e-07,8.70628117963133e-08,-5.16858703092753e-16,-3.08567180637935e-07,-4.10031989291295e-09,-1.34506259992981e-08,1.72035211393383e-06,1.37401192265491e-07,-1.04916497335138e-08,-4.64366372925954e-07,1.34955793660082e-07,-8.36224934650084e-06,1.12222291231103e-06,-2.44948293281035e-07,-4.60474194080104e-07,-2.49307663074574e-08,-2.56568173757844e-08,-4.91777725860909e-07,7.99900478331781e-06,-5.61339354960906e-07,1.26360792513156e-16,-1.3725388188641e-05,1.12550781724034e-06,5.18259135947779e-08,3.30916405813403e-07,-1.59677649515355e-06,-7.48418894886604e-06,0.000182478068996937,-0.00793991857207194,5.92357605083094e-07,5.54578500078208e-16,3.11406783913612e-07,2.10466238195937e-06,-2.79810163834187e-08,9.00524431244478e-18,3.08202544110122e-07,3.51256010173905e-06,-5.65340898550441e-07,-3.30413161618304e-07,-1.24433573948442e-07,-7.14979349720661e-08,-2.68030731486748e-06,8.34057449913866e-08,8.95954113384934e-07,1.04968401828594e-06,2.09793625637908e-07,2.12302046781183e-06,2.05605710957172e-17,-9.33391942013139e-07,4.44310285553814e-07,2.95656696436449e-06,-3.09031007889649e-07,-1.25883978616226e-16,-3.18910199431741e-07,4.33815757004902e-07,-1.5326397616627e-07,-1.3741859984708e-07,-3.51046264111518e-07,2.63580838384967e-06,-5.13576360890168e-06,7.48208764365294e-07,-1.66472578475488e-16,2.81244302537656e-06,-3.76101850302867e-06,1.67511365725839e-05,3.52509878080873e-06,-3.58426833650114e-07,-2.41083826486378e-09,-1.2490009027033e-16,-2.80807479781728e-17,-2.35227234727098e-09,-2.11108433819223e-06,2.78605308195593e-07,-4.06356779845668e-07,1.22564055163683e-15,-1.95932115004623e-07,-2.32891179695778e-09,1.37350109361371e-17,-3.3528536198764e-17,-1.14372608520285e-16,5.02976093219571e-07,1.48655542683662e-06,-2.16411375633008e-06,1.28493188713212e-06,6.40928248523306e-07,1.32777273169167e-06,-1.50820021835768e-05,-2.62880147408747e-16,-0.000223665816650354,2.49037391495554e-06,1.95523101909484e-16,-8.68984293389439e-17,-5.95694410116674e-06,-1.22893566775215e-10,-9.42053647712371e-07,7.37525729769473e-07,9.34045457073099e-07,-5.02632666773063e-08,-9.53188748164446e-16,-1.69141851273396e-07,-5.34893768181806e-17,-5.77461528406026e-07,-1.12269134960874e-16,-1.05110395362998e-06,4.48819861794342e-17,8.22991968559382e-07,1.13880415952601e-06,6.83874845894751e-08,8.99659024357891e-07,4.93804744940297e-06,-3.56241127871088e-07,3.60294395567745e-06,1.13084589540912e-07,5.50117696988687e-07,5.07390890330464e-08,7.95907215635854e-07,-8.42834560893596e-06,-5.5464480700167e-07,-4.50843232571333e-08,-1.07836640108345e-06,-7.9903002539478e-17,3.79326482200933e-05,-6.55054258200601e-06,1.72809235079643e-07,3.88331656426676e-15,2.29051433334572e-08,6.22037495075222e-07,2.22803116440561e-06,1.06132205327684e-16,-1.40739409398296e-05,-2.87347119559131e-07,3.88653969480623e-17,-3.80088646499756e-07,5.91836650232606e-06,-2.7046811702894e-18,9.7959900348148e-17,-8.15611236409046e-07,-1.68307986991829e-07,-9.60136177904394e-10,-1.33403461223593e-06,3.55354533725852e-07,2.71717560763118e-06,1.00745023544813e-07,1.23679162681883e-06,-2.1039292471275e-06,6.52798128053522e-16,4.78920176079202e-08,2.99059805235497e-09,8.2593225767576e-09,7.73635342481012e-07,-1.93181137026275e-16,3.6088425507982e-18,2.54788603320938e-07,-9.59632528164281e-17,-2.32323986929412e-17,1.61736064049662e-06,-1.81343078578758e-06,-3.70990974736219e-06,-2.04750773375665e-08,9.39662166933311e-05,6.48077452911995e-07,5.59581846382329e-08,-1.58614024796622e-17,1.41877797466316e-07,6.64051154682981e-09,3.04903830805702e-08,-8.07849993265316e-06,1.35156384735176e-05,-1.92843911838424e-16,-1.50327911492605e-16,1.44193637997018e-15,-1.06987766877397e-07,-5.69410103663036e-07,-2.99461950163465e-07,-9.95818147284674e-17,-1.03135892958717e-06,-3.3848654532851e-16,-2.05129047111736e-16,6.49953358130427e-06,-1.42719478401749e-07,9.87491338699797e-16,-3.51631174504861e-07,-4.73753161872817e-06,3.28163901408461e-16,5.44312659917172e-07,-7.72036427457702e-16,1.45622887847805e-07,-3.8949393506293e-16,1.45313560279122e-07,1.25803725837341e-06,1.18714127071049e-06,4.28670895540658e-08,2.9445200862936e-07,-1.02269422471677e-06,4.07966698399279e-07,4.23815199420337e-16,1.86505094937086e-05,-1.6807291704483e-06,-1.47919026821444e-16,-1.38774687799998e-07,-4.07467481670063e-07,6.57935592992299e-07,1.86601604934408e-16,3.04774885995513e-07,1.04897648172495e-05,-1.13563813353526e-16,-1.00729175030056e-06,-2.22890544248835e-07,-3.02408011942491e-07,8.01456333946257e-17,-6.7866781603524e-17,2.08278604292106e-07,6.38415223234457e-08,5.16622376480705e-09,-5.78600540926273e-07,3.8043955618421e-08,-9.66029669177484e-17,-2.3872397538313e-16,1.38961143273395e-07,9.5791205659634e-10,1.0682228167907e-16,3.36140079013462e-07,7.82763212530482e-17,1.92049266656338e-06,-6.44499652499576e-08,-3.76604191846896e-08,-2.49750883937914e-07,-1.10039145378122e-14,1.86935863135243e-16,2.78238531544766e-17,-1.01633594320398e-15,-5.22467948338223e-07,-4.8383257255355e-07,-1.28286641572725e-16,6.31255489096795e-17,6.00148774321924e-16,1.08475169273338e-06,6.12672189363141e-09,-5.37399789896981e-07,-1.66021421304908e-16,3.56241728824425e-16,4.31512464649231e-17,-2.09754065618081e-06,7.08502338629649e-07,-1.44636271163019e-16,7.81248429969061e-08,-7.65620540579459e-06,2.77925919787526e-16,7.18158055726385e-17,-2.04177412423971e-07,-2.09212085969922e-09,-1.01232156406766e-07,3.78420163738681e-16,1.14043361194058e-07,1.66191728266634e-07,1.78482948734276e-07,-1.62898184721808e-07,-5.80427953331917e-07,4.94732938632959e-08,7.67121385347041e-16,-4.71049705313551e-16,2.39777687735657e-16,9.43822414109619e-07,-1.35975417990103e-06,-4.6548058205286e-08,-3.67179361168599e-08,-1.65383898797942e-16,-1.04041959973004e-16,1.15866448148944e-16,3.38506931391688e-16,-4.92947054588581e-16,0.000253226072237797,4.19340955362504e-16,3.67648259076408e-16,-2.84134637743663e-08,3.46032868006818e-16,-2.54380977912472e-08,-2.45647613053576e-16,-3.15437445369666e-08,4.88954919410522e-16,-3.83025008934333e-08,-4.79623988634379e-09,-3.02987360922975e-06,1.42245221169812e-16,1.54240215953991e-07,3.18552910680109e-16,2.1952557781825e-07,-0.000551782974767583,1.98729428051708e-09,2.0334441095908e-15,3.09601165611237e-07,-9.18476699040643e-16,-7.64999755100029e-08,-4.31857290473941e-07,-5.5213887598719e-17,-7.24648920596633e-16,-1.47741059781525e-16,-1.74820719892631e-16,-1.45259654597309e-09,-1.8923938227634e-08,-4.22765534173273e-09,-6.29613639480682e-16,9.71129194675597e-16,-1.15790168734987e-06,2.52678166187551e-06,3.71544141646673e-16,-4.28860536350507e-17,-1.93522498234415e-08,5.94658733664565e-16,-1.37209373705139e-07,-1.59059935557549e-16,1.2971928452769e-06,4.87924533911699e-16,4.8351088945667e-16,-7.61365455085258e-16,7.35141158402034e-16,8.04621092700002e-16,8.87613525878746e-16,1.72762780817086e-07,-1.20827036279563e-06,-7.98983610313416e-16,-1.16097809558858e-07,4.41790063373097e-07,-4.46679420591919e-16,2.10056787035403e-15,1.28394565731718e-16,2.71006992963031e-15,4.36249744153247e-08,6.97927560341256e-09,-1.60208972446418e-15,-5.13227835448944e-16,-7.92874874990848e-08,-2.82849623051254e-07,-1.10655623341841e-07,-2.51769569469868e-15,3.60745909619352e-15,1.40287216745553e-16,2.09874110303392e-15,-1.61980959844439e-15,7.84612373712302e-15,1.67610127279787e-07,-1.58571207456136e-07,-3.04986727658396e-08,4.63614835902869e-15,-8.99355627370932e-15,2.45954940410594e-15,-1.98296917009935e-15,3.86081081271986e-15,-4.75092866521724e-15,5.38657498981635e-15,4.42895273113765e-14,0.707106781186547,-1.06086655669807e-13,5.05575809889791e-14,8.67047214748563e-14,-5.26480941869863e-14,-4.88575081427405e-14,1.1606061308998e-07,1.12781689621271e-14,-6.92474078070565e-15,9.13490911588588e-15,2.61343956168226e-06,-2.86477305091366e-09,-1.27272158922201e-14,-4.24229315339653e-08,2.38991490202711e-06,2.48582339666577e-15,-1.20347252809243e-14,-4.19708636177463e-07,2.83137740281749e-15,5.89220391122253e-08,2.47494398202246e-16,-2.00113475880012e-15,1.43221936238976e-15,1.28690953569429e-15,5.25469217458725e-09,-7.21637740861981e-07,-2.79742685450766e-16,-3.94337577520364e-16,-4.99881899183552e-16,-1.51873653858874e-16,-1.95351547438438e-15,-7.20018832883531e-16,-5.63629559474352e-17,2.47518327944901e-17,6.02128000753499e-08,1.02588910016356e-15,-3.03311103265854e-16,9.96790744596774e-16,6.29486817054439e-16,-1.33397712060467e-15,7.59445937470468e-16,-1.7213331939754e-07,2.48389052971794e-16,2.01133127470764e-16,1.28355886664751e-07,-1.26081686326415e-16,1.03508015620512e-15,5.26246557388718e-16,-5.69950128172516e-16,2.76336682520003e-06,7.85264984399182e-16,-7.91567424351521e-08,-1.30062588585426e-15,8.96244959876057e-16,-6.45814812136587e-17,1.91225141732594e-15,-2.95410396219197e-16,-1.16118629059481e-15,2.86193577782592e-09,2.08919772385607e-16,1.02498229262792e-16,1.11508990389824e-07,-3.57436264974317e-07,1.3967651645072e-16,2.5048528434101e-07,3.66910543892703e-08,7.16201153945055e-16,7.04298902008178e-16,-6.54758771278734e-17,-9.02932011148968e-17,-1.24624482915444e-16,-6.17359499532499e-08,-1.05937462894585e-16,-8.50079098086177e-17,-4.35209130691751e-16,2.4726992606949e-08,-9.74921784856715e-17,-1.49548450002299e-17,3.30043684530156e-16,1.50142459332019e-16,-1.12724099365494e-08,-3.27540882917579e-17,8.73602365087235e-08,8.14295595930895e-16,-1.75856781673449e-16,-3.42540195588758e-16,4.31474605345022e-16,8.22545125902948e-18,-2.9779106527776e-16,1.84135733363397e-16,-4.0650966897007e-07,5.20692890607472e-18,-3.61284212337341e-18,2.71691730002833e-07,-8.74341491958263e-17,-1.19510241627183e-16,-2.51042593762146e-16,-4.67538538951028e-16,-3.51936300466915e-16,-2.85112245766071e-16,-1.79687150190451e-07,-4.21824839503716e-16,6.3990262311018e-16,5.869841852884e-07,2.00751395745371e-16,5.80422067722957e-16,1.03377832353454e-17,-8.40708955751901e-16,-7.05371603218743e-17,6.29208452988549e-16,-5.62838333791223e-16,-6.40103797927082e-17,1.83649340329914e-16,7.15122473196361e-17,3.97826401966984e-16,-3.08254845952506e-07,6.43231946417704e-07,4.73112188352765e-16,-1.22117070572226e-16,1.5118281880409e-16,-2.12869465760878e-16,5.42317926677249e-16,1.78234744384833e-16,-2.20280923461377e-17,1.1749749574701e-16,-8.08490022409635e-09,1.50846097411672e-17,-1.68445973805826e-16,3.57287674648575e-16,-5.99808961381464e-17,1.03593521399322e-08,1.01873211189589e-16,-1.13397134460174e-08,-1.70064814955934e-16,-9.29377067678146e-17,9.81480079336238e-18,-6.55296239700407e-17,-1.69998709823733e-17,2.62314712269286e-16,-7.89044539444444e-17,-1.63583192846929e-16,-6.6067247583776e-17,2.14158832945204e-16,-4.75590369268813e-17,-7.42855683528281e-17,1.41459051280138e-17,-3.43779557456224e-18,-4.6974143533804e-17,1.08160289909461e-16,1.63140860208997e-16,1.48509818890658e-17,-2.82811139192546e-16,2.34378525076029e-16,2.65412691824451e-16,5.21897862037114e-17,-5.24610822141593e-16,2.76351536208189e-17,1.75511425193573e-16,7.84562227035767e-10,-2.32074371198415e-17,8.46672163950653e-17,1.1466243903326e-16,-1.05547025971294e-16,6.08039598177138e-17,-8.62959022159705e-18,1.8054323877713e-17,-4.11645438836065e-17,-3.55106939102628e-17,6.41644329309573e-17,-4.21971485531358e-16,-1.27368553852966e-16,2.5890290229302e-17,2.92904685618009e-17,-2.34469571812073e-16,-6.5429740251555e-17,4.2057883155338e-17,-1.01195069049122e-08,-1.09754335451441e-16,-6.24237752937616e-17,-1.2663525094408e-17,-6.86459234359936e-17,2.10727666548435e-17,-8.48964193643006e-17,-7.99429214390154e-17,-2.03167759645154e-16,-8.08787961448014e-17,2.14893244317585e-09,2.45289599716559e-16,5.22624846494498e-17,-3.73029541669546e-18,3.88649071855049e-17,5.26819837572344e-17,-8.99512322890596e-17,4.04259625536453e-17,1.00122515664613e-16,-7.72293197065054e-17,-3.09766748321009e-17,2.02141826741622e-17,-1.73817196636556e-17,-7.28298283268784e-18,1.08661959907717e-08,3.96573942353485e-17,-6.92953299743232e-17,-1.82564055568953e-16,-2.90349341791618e-16,-3.27410622608097e-08,6.68143630423458e-17,1.82365183062849e-16,3.96259348824157e-18,8.21820647039934e-17,1.64045764884888e-17,-3.41624540181937e-18,2.54376598600068e-16,3.38111046743131e-19,-4.41161529256817e-17,-2.74169100654391e-17,3.88910509493757e-17,1.31072441861752e-16,-6.73085510450468e-17,-3.81589943527997e-17,-1.46446340449873e-17,3.00407833871581e-17,-2.57783372329988e-16
"t595",-0.0310211430349681,-0.0169500980650452,0.00519196015670013,-0.00575130540984669,-0.00155921619972549,0.00123269622577693,-0.00734358927293531,-0.000171379403826717,-0.000115177441312009,0.000756895177086333,0.00071484293467316,-0.100514572618039,0.18861312740678,-0.0352681612558629,-0.0319190555245493,-0.0347225091172464,-0.00170159670032074,-0.110667298577436,-0.00131787148475815,0.000611247070478322,-0.00980208117971941,0.00127273356888596,-0.000901328676717585,0.00835544851885613,-0.00521552396148058,0.000473592718912666,-0.000637814103902326,0.000640955227015127,-0.0133943766946083,0.00742259886734867,-1.98754850413041e-05,3.29486236701777e-05,-0.0123381267086975,-5.96935397930116e-05,-3.8888416088619e-06,-8.99186311517671e-06,-0.00222508530682091,1.90600321403454e-06,1.57924118435827e-05,4.28744317024058e-06,0.00020363506877482,-2.26518026941191e-05,0.00028235784905869,-1.68672467836583e-05,0.000623388541378156,-1.44311317407618e-05,8.4094374426966e-05,-0.000242175381092366,2.37693195722676e-05,-4.21062103414579e-05,0.000434337407654155,-2.10090584724273e-05,2.92710546910865e-08,-6.17310305194192e-05,2.81841958594847e-06,-2.878986761237e-05,5.90861077938755e-07,-3.08962315773283e-05,1.01361910924883e-05,-3.44000035674662e-06,1.76715070433275e-06,-6.34255287467842e-07,3.02013928091916e-05,-1.73426805705098e-05,1.91087702788103e-06,-9.72373976390511e-05,5.52506150016346e-07,-2.25238304970659e-05,6.54041650438879e-05,-2.83971530076995e-05,0.000127572678946645,-0.000114063661733449,5.41061603031932e-06,0.000997965405837312,-0.000418156260626079,-1.806611057478e-07,0.00102938831563797,-2.06834759586919e-05,8.98706534273991e-05,0.000113859913293784,-3.83570551213926e-05,-0.00059320730250252,9.59210808901143e-05,0.000663150090287425,-7.8759003617653e-05,-0.0300998480657114,-0.000660916090131059,-4.14209772043993e-06,-8.96611487316851e-07,-1.24620076909446e-05,1.37179871836538e-05,-2.05621344794172e-05,-0.000213471308353561,0.238503163478118,-6.63954514506383e-06,-0.00192105265315548,-0.00136559189224821,0.000791760042942188,-0.00110127395875313,-0.000223748389670356,-4.03725075182391e-05,8.42858255434761e-05,-5.34039941530121e-05,1.02680516884475e-05,-4.29817349369139e-06,0.000194025759073569,-0.000210804572506559,9.044386388156e-05,-3.12906875804404e-05,7.23706484806593e-06,3.15390609279883e-05,6.98627865653575e-05,-0.000116782051360144,8.62457503957154e-05,-4.21606376562238e-07,1.48120880192813e-05,-2.09986442556905e-05,1.99279425298328e-05,-1.81296730644006e-05,4.10787284945186e-05,-0.000146463489157851,2.98383860651857e-05,-2.51921424721511e-05,-6.88994158572691e-05,2.20472781016533e-05,-0.000185126045526196,1.85897080778345e-05,-5.21248025180315e-06,6.49845175982775e-06,0.000213039784166548,-1.80610456054927e-05,1.26695907449947e-05,-5.52543079735511e-05,-2.50420848784126e-06,6.13970880833715e-07,2.65381827690548e-06,9.19063881602306e-11,7.76299302868889e-06,-5.42690586746333e-06,1.58446588598836e-05,1.10278184572638e-06,4.44610720538186e-05,-9.2392664059974e-06,-6.03013646420507e-07,-1.90297738435486e-06,1.38357520284519e-07,8.0352478456135e-06,-1.45201757319814e-06,-9.84205419009363e-08,2.61255594778665e-07,4.08192257812341e-05,1.24808420917226e-06,2.71493530040855e-05,-1.03332784329236e-05,3.46827131246349e-06,3.0829613671813e-07,-4.69056728805967e-06,0.00136779623385879,1.72093798818558e-06,5.80066039105221e-07,0.00112605702990221,-4.96708349364012e-06,3.44871951395294e-06,0.000696745077043877,-5.31576400961303e-05,0.000324056831204715,-3.53002665599085e-05,-6.06720620973556e-07,-3.02092643396344e-05,-4.11504515571481e-05,0.000784713904331182,7.81122282788452e-05,-1.01524747750164e-05,-3.69314891837636e-06,-0.000104842193730902,-1.47373717780271e-06,-9.36713379263116e-06,4.25062425110924e-05,2.8457045389744e-05,0.000907300440238541,-0.000581769434726147,-0.00189301139257434,2.64866753789467e-05,3.72710750021755e-06,3.42539134719664e-06,2.51210677635447e-05,0.000130123236448201,-3.40059254743537e-05,-0.000153385862970126,0.00139529811251994,4.55021975032984e-06,-9.13735839021715e-06,-3.74273611378556e-05,-1.93561800393604e-06,-6.92424997330162e-06,1.0840566655723e-05,2.04472246527261e-05,0.000108988192257663,-1.31152683178185e-05,-6.89471694440021e-06,-6.95199631526038e-06,-0.00127759385308884,2.31401935137127e-07,0.0013963088317878,8.12191279957009e-05,0.00298349890740956,-6.01516676018627e-05,-0.00241305484672141,0.000611677398770768,0.00013906021402969,0.00611043633209184,-0.0257641978858147,0.924034467290135,-0.00140383360889096,-0.000862799346037259,-0.000545511831847779,0.000369927830360175,2.91177056132423e-05,-3.57484751606257e-05,-0.000145229706052214,-0.000744937281915537,0.00486121401707092,0.000179395782025246,0.000553919757180192,-0.000124153665798543,-6.20150817307426e-05,-0.000650612609162394,-4.00175812061531e-05,-5.88718325669615e-05,-4.38213103905919e-05,0.000905385289218874,0.000290516884464387,1.3596691372997e-05,2.25753774255446e-05,-1.11635955748245e-06,-1.76019332465865e-05,-8.77339677894671e-05,4.37644218524884e-17,-1.24890964228302e-05,0.00092887653484712,-2.45538114547781e-05,-0.000422251455075316,-6.53074162527596e-05,7.79008583949242e-05,-1.18602838713935e-05,0.000426196332025848,-9.67182183026474e-07,6.2214783337417e-08,-0.000156945221076009,0.000138806288616786,-4.30708386093119e-06,0.000586676454106828,-2.6601091924549e-05,9.1084222984818e-06,-5.74120710148947e-07,0.00010147129831615,-8.85477608490067e-05,0.000366033869786216,1.12358996282335e-05,-2.1266313835234e-06,4.52235400889585e-05,-8.69171930814531e-06,0.000946931639405685,-0.000751066963761906,4.55191469967044e-06,-1.54699403086762e-06,6.69979039743308e-06,0.000132883337295797,-0.00108799965538385,1.82348804240453e-06,7.27423239856886e-07,-1.56394143229666e-06,0.000216516508837887,-0.000150095634051646,3.35711833140055e-05,-0.00072340186096943,0.00034561601015286,-9.64508543065759e-05,5.70001982389913e-05,-3.32873338733689e-05,1.12542461259722e-05,3.84585418935193e-17,-2.76187153309728e-05,-9.46000768972722e-07,-3.35919292806235e-08,-0.000291375019696438,1.36206785944084e-06,-8.47140798239951e-07,-1.98519953089804e-05,2.41345009277633e-06,-1.93881955211951e-05,5.09052994972093e-05,1.95829522196774e-06,-2.52273788679159e-06,3.84339188299681e-05,-5.50909945201057e-05,0.134379003207869,-3.47558717623955e-06,5.49137594106355e-05,2.77775135767363e-07,2.40226957539144e-06,1.41284345928218e-05,-0.0001241086902535,1.11802022343998e-05,-1.12600590554978e-05,1.5151563232439e-05,-5.49666600021196e-05,3.44857186994868e-06,3.11396862417051e-06,2.37230853752928e-05,-6.3741619650508e-05,-3.19463320104064e-06,4.1476511455183e-05,-1.69207268887047e-05,4.17571617157827e-07,3.87451614769116e-06,-7.47929883845145e-06,4.5621981134341e-17,2.18833925671285e-08,0.000347463354216084,-8.25970832945958e-06,6.08334807542258e-06,8.68971693135615e-06,1.58835293693459e-06,3.68216606519804e-06,-5.38105624203281e-05,1.99458798041659e-05,2.76560246476027e-16,-1.51993419586099e-05,-1.85183801202721e-07,-5.174984351748e-07,6.50599620449333e-05,3.8787718689979e-06,-2.6164564087149e-07,-1.00083251279582e-05,2.67034290033718e-06,-0.00014171628204112,1.69338704126961e-05,-3.46584689736957e-06,-6.30077287356319e-06,-3.34404986920555e-07,-3.3268335486046e-07,-6.35368076807099e-06,0.000101020183582483,-6.96907298376075e-06,5.93938785510719e-16,-0.000152047974527621,1.22077485798639e-05,5.62011901132034e-07,3.3921488085556e-06,-1.62362534313618e-05,-6.92891824253921e-05,0.00164417651871248,-0.0711378447646666,5.18454697320694e-06,4.56359008194977e-15,2.6269120953501e-06,1.73627888098244e-05,-3.25668508067152e-07,2.77799675694996e-16,2.70281398013579e-06,3.04208832748606e-05,-4.86891029055401e-06,-2.81659509296361e-06,-1.04529181680086e-06,-5.94813610819866e-07,-2.21414211669244e-05,6.75974541351145e-07,7.24597936671891e-06,8.38888825752457e-06,1.64422377503878e-06,1.66229096113328e-05,6.16662146737252e-17,-7.06013632628573e-06,3.34185611287587e-06,2.19703790167733e-05,-2.2564239294459e-06,-1.78093969939959e-16,-2.24812790817672e-06,2.95064465944881e-06,-1.02691907198737e-06,-9.14526477586748e-07,-2.31769749895228e-06,1.71549722655959e-05,-3.26970691553449e-05,4.53561599622216e-06,8.40430357175635e-19,1.6415250795838e-05,-2.18839467659281e-05,9.68505426087737e-05,2.02064230894611e-05,-2.05322222419292e-06,-1.37774224292628e-08,6.24500451351651e-17,-6.53149309785387e-18,-1.32641153961485e-08,-1.1771870469399e-05,1.55145025517249e-06,-2.24117764660779e-06,6.76005802361104e-15,-1.05920191270118e-06,-1.24839197622997e-08,8.87363452951124e-17,1.02348290525178e-16,-4.0682999573138e-18,2.62970099269349e-06,7.74864995935734e-06,-1.11660104588024e-05,6.57463755497478e-06,3.27629992448139e-06,6.72922848570926e-06,-7.63620647375808e-05,-1.53287064337309e-15,-0.00109145931551719,1.23338970938091e-05,8.86712582928451e-17,2.74261176255994e-16,-2.88963030106646e-05,-5.93313023206685e-10,-4.51986808373281e-06,3.52413533512125e-06,4.42920096379499e-06,-2.3805758746113e-07,-3.03933166582441e-15,-7.99774417136057e-07,3.39741707951527e-17,-2.7177443712611e-06,-2.42807076528129e-16,-4.9301573315742e-06,5.70143083391911e-17,3.84388905019086e-06,5.31442598284978e-06,3.15673747247442e-07,4.14340191581909e-06,2.27209627710936e-05,-1.63252987060144e-06,1.64541883885428e-05,5.12423985223735e-07,2.4925969548313e-06,2.29361075132127e-07,3.58261333474627e-06,-3.77286226579841e-05,-2.47151522236705e-06,-2.00190513115875e-07,-4.78013475815817e-06,5.45482236382782e-17,0.000167270155803581,-2.87440852386959e-05,7.48243571105592e-07,1.67583154763791e-14,9.88088190638787e-08,2.66867856723425e-06,9.53678785161713e-06,7.23185336798244e-18,-6.01709230653069e-05,-1.22287407309174e-06,-4.04322269690353e-17,-1.61395912646805e-06,2.48080898242851e-05,-1.63472758138478e-17,-6.45214600890727e-17,-3.40224024858871e-06,-7.01777415973879e-07,-3.99535924001262e-09,-5.53830063809014e-06,1.46763333918707e-06,1.12171132878159e-05,4.15638331193019e-07,5.06851740682443e-06,-8.57641026241439e-06,-6.06936376157385e-16,1.94840064224962e-07,1.21625966553227e-08,3.35504806449139e-08,3.13816619833289e-06,-1.53136535744703e-17,2.19723866551281e-17,1.03153430545715e-06,-6.22570384665371e-17,-2.10556749923371e-17,6.47153332904817e-06,-7.24176832299334e-06,-1.48145708097663e-05,-8.14147545573452e-08,0.000373423412633244,2.57515742903501e-06,2.22177102368331e-07,-2.8648205235758e-17,5.58709862919095e-07,2.61052116866813e-08,1.19796254711683e-07,-3.16516794947019e-05,5.26886254076055e-05,5.24690651670182e-17,-5.45627284194677e-18,6.09747779252385e-15,-4.14125365443937e-07,-2.19741615615561e-06,-1.1553926747665e-06,-1.07209031815397e-15,-3.9677643198365e-06,-1.75260096522165e-16,6.75551827805585e-18,2.46970501012028e-05,-5.42225607778056e-07,3.3957212042246e-16,-1.33197838872226e-06,-1.79150309643149e-05,1.93430097930311e-15,2.05117239836589e-06,2.29683675194046e-16,5.46489115975119e-07,-9.22699722448388e-18,5.45126278559046e-07,4.71802149773765e-06,4.45069864405026e-06,1.60640142607795e-07,1.10231352757066e-06,-3.81412868506249e-06,1.51359206234136e-06,-1.60919693087449e-18,6.87534464612148e-05,-6.19166285675702e-06,-2.11701156389591e-16,-5.10774083507111e-07,-1.49727483154069e-06,2.41409467319691e-06,4.52477216980398e-17,1.11273557890179e-06,3.82608029698146e-05,4.04818107622676e-17,-3.66927974778129e-06,-8.11409787941111e-07,-1.09828978041641e-06,1.75244900387794e-16,-4.03103289867973e-17,7.52254495610639e-07,2.30042355461952e-07,1.86067371082058e-08,-2.06306285864093e-06,1.35431056517368e-07,2.09430822886317e-17,-7.69427806761305e-17,4.94132862684588e-07,3.40576837636539e-09,2.89388066251996e-17,1.19288644380291e-06,-1.54692970074212e-17,6.8031712526858e-06,-2.27749005350963e-07,-1.33058769114079e-07,-8.81798100098315e-07,-3.67517272775887e-14,-1.30474330165757e-17,6.59221542839249e-18,-3.86603230139331e-15,-1.83347750572167e-06,-1.69705279955085e-06,-2.79238781109303e-16,1.23354715829804e-16,-5.89451733910133e-17,3.79797784506604e-06,2.14345442389404e-08,-1.87617196775128e-06,4.68827849272501e-17,-1.05682606763025e-16,-2.50775962495897e-16,-7.27140977257915e-06,2.45552687177421e-06,-4.63235449940517e-17,2.7002744872853e-07,-2.64335836846044e-05,1.006488008551e-18,-4.66248104778014e-17,-7.03121903480872e-07,-7.20311191852734e-09,-3.48013778106363e-07,-3.34966893227997e-17,3.9107133302604e-07,5.6910909671319e-07,6.1002705961702e-07,-5.55308453642964e-07,-1.9772556644756e-06,1.68313060220977e-07,8.11513475084754e-17,3.53103018425132e-16,-4.88440729735524e-17,3.1873422173279e-06,-4.59145069157908e-06,-1.57030903484341e-07,-1.23287600647375e-07,7.22007654625444e-17,4.84057355482786e-17,9.8425683650345e-18,-1.51891316116697e-16,3.73744627571284e-16,0.000831929826535797,-4.47343569935994e-17,-7.54252106742961e-17,-9.47618626819986e-08,1.05718576054202e-17,-8.48300050938719e-08,-2.57470081987657e-17,-1.05172750829233e-07,-1.10610421221376e-16,-1.27286730132859e-07,-1.5926386719778e-08,-1.00489891167382e-05,2.03708867978137e-16,5.10808438561769e-07,1.40840604485143e-17,7.24683967885512e-07,-0.00178386963398273,6.54049154333881e-09,-2.73622502746085e-16,1.01610296635171e-06,1.5216940246858e-17,-2.50395043825675e-07,-1.41334510863775e-06,-5.22458157493442e-17,5.88038554245376e-18,-7.31355869053195e-17,-2.62111373070794e-16,-4.74360073531381e-09,-6.17626679712026e-08,-1.37887803319004e-08,6.64488585444151e-17,2.05282805893365e-17,-3.76464537300916e-06,8.21408614697832e-06,-7.70140261956651e-18,6.74169320777969e-17,-6.26646863483163e-08,1.71343175569392e-16,-4.43929314290595e-07,-4.68699662655641e-17,4.18688497142865e-06,1.13570371461317e-16,-9.01651403597727e-17,1.46012325815212e-18,-2.26572626748084e-17,3.01821383489257e-17,-1.1397729808714e-16,5.54921868577029e-07,-3.88077399975072e-06,1.01198003367861e-17,-3.72261443190227e-07,1.41558274208155e-06,2.42277651768032e-17,-3.65213253429377e-17,4.70995246083745e-17,-4.43422458634554e-17,1.3936245210442e-07,2.22800689997465e-08,2.17969514593874e-16,-3.09850899998978e-16,-2.52913654944066e-07,-9.02150890946448e-07,-3.52816143673385e-07,5.92333148049622e-18,2.83933251816029e-17,1.54300673613396e-17,-2.62236285683255e-17,-2.94635247911826e-16,4.16408087793478e-17,5.31463178551828e-07,-5.02543500205602e-07,-9.66069574426533e-08,-2.81926327214701e-17,9.98894555530234e-17,4.05000804884891e-17,-6.30304416593425e-17,1.31290295668386e-16,1.07484657163107e-16,1.11374027363118e-16,3.34074757881992e-17,7.24604436411962e-17,-4.92770085539751e-17,7.09207125923926e-17,4.02319677059739e-17,-1.82269177755463e-17,2.85420681057353e-18,3.64502364660226e-07,3.10984142773689e-15,7.09905946892106e-16,-5.70139508177972e-16,8.19858912403238e-06,-8.98470402167303e-09,-2.57427451267259e-17,-1.33028537524066e-07,7.48389143641724e-06,8.07960386113342e-18,5.26606522964765e-16,-1.31204466095117e-06,-1.65647263189381e-17,1.83810255513495e-07,-4.4901823838979e-16,-4.06030858159277e-17,-1.6194789244167e-18,9.5672385157923e-17,1.63385377104959e-08,-2.24330713149282e-06,-1.3610885461791e-16,5.54576924460852e-18,2.24280711679652e-18,-1.39876387167742e-16,-4.83554168928535e-17,-7.31015909851866e-17,-1.54819536020026e-17,4.10668964830672e-17,1.85061811055681e-07,2.49021208279394e-17,4.20391928594118e-17,2.57967990144936e-17,1.88836594802735e-16,-4.25038730700763e-18,3.48537315600753e-17,-5.27761589418888e-07,1.66929426626121e-17,-4.18415732046538e-17,3.93364040533187e-07,1.58812481951764e-16,-1.85452477953765e-17,2.51734660549016e-18,1.04755509202342e-16,8.42457275445685e-06,3.63299721319084e-17,-2.41097183684776e-07,-7.73426177268529e-17,-2.39039404503192e-18,-2.80282958279662e-17,-5.92419078474394e-16,5.47045892840778e-17,3.15387083713466e-16,8.70039293335755e-09,-1.97699059570122e-16,6.90996923214042e-17,3.3849846039284e-07,-1.08495957603538e-06,-2.96795980389967e-17,7.59370197907657e-07,1.11188826790095e-07,-5.09895098821882e-18,-2.63787589741331e-18,-4.46313087891482e-17,7.67525098093577e-18,-6.92868580615359e-18,-1.86006040945624e-07,1.05886755279532e-16,-1.13861638756044e-16,-9.06645680154267e-17,7.43902021380707e-08,3.81879630553016e-16,6.95656443019421e-18,-6.29485390156278e-17,5.76089017886538e-19,-3.38462374231338e-08,-1.28731172869348e-16,2.62147091544831e-07,-7.65523144951284e-17,1.96513854814055e-16,6.39502538629674e-17,1.562741163293e-17,1.18476604038264e-16,6.07173392407692e-17,-5.16917436696762e-18,-1.21595113185424e-06,-1.87470973463366e-16,5.59504934265472e-17,8.12042079914653e-07,1.028590398673e-16,-2.20157715894993e-17,1.77238507668641e-17,-1.15963816617269e-17,4.75767965138005e-17,-7.92688410556942e-17,-5.35726395998453e-07,7.292053948828e-18,1.10736928114877e-16,1.74812007539284e-06,-6.95377157754083e-17,-5.97806760837799e-18,1.68374481914877e-16,6.14909923616253e-17,-1.3492123197272e-16,2.25585038178501e-16,-1.53468418380958e-17,-5.61848875412864e-17,-1.99664986705672e-17,-2.00442159630369e-17,1.19550846258078e-16,-9.14288220268075e-07,1.9069025208373e-06,7.07645912719774e-17,3.78497111165578e-17,3.84863622751844e-17,4.74671098826177e-17,2.35705552298349e-16,5.65833048487351e-17,3.54302568327516e-17,-1.63532390700774e-16,-2.39072115216713e-08,-4.63791124860705e-17,9.02989552387968e-17,-1.60866337119257e-17,-1.25064072886869e-16,3.05667196964001e-08,-9.88636459948893e-17,-3.33782152202101e-08,-1.65928241776143e-17,-3.18376364890838e-17,-2.2450772634061e-17,-4.20553655837968e-17,8.63916406154035e-17,-1.77879028338743e-16,-1.93338694201173e-18,1.090022369129e-17,1.40452462047786e-17,3.47998979228783e-17,-2.85787240759459e-17,-5.15723426954185e-17,4.7761219974267e-17,-4.54401568467885e-17,2.54487168899219e-17,6.49589527148891e-17,-1.54364075182491e-17,8.78505552025531e-17,-3.61776509060807e-17,-7.22239564675984e-19,8.89045781438114e-17,3.06848793839617e-17,-1.32758446335411e-16,-1.26060370821443e-17,4.13035723832921e-16,2.28890023460682e-09,-2.83165046539228e-17,9.21158601041695e-17,1.59964050606392e-17,-4.5045207569206e-17,2.53426870944469e-18,-2.19883926158792e-17,-6.6859545472491e-18,7.47951689260453e-17,5.8772186081503e-18,-1.07061172512827e-17,4.95480392825876e-17,1.97365952365268e-17,-1.51309564173921e-17,4.04485864360515e-17,-1.00551519008651e-16,-1.98282065570027e-17,1.35660235028221e-17,-2.93477701147329e-08,2.06796805110524e-17,1.03694812930004e-16,2.56169176718964e-17,-5.65404060401954e-17,4.626036866975e-17,-2.0040554958447e-17,7.44523490836624e-17,-1.83691601761113e-16,5.59656868138238e-17,6.19435587389451e-09,1.70672750821231e-16,-2.60442621802519e-17,-1.47138056590816e-18,-1.53181729537861e-17,1.40840446671535e-18,2.89649659177536e-18,-2.10892600817544e-17,3.17608185746708e-17,1.19994025116741e-16,2.89337264832745e-16,-1.74252021549466e-17,4.07779373062255e-17,4.53814750962009e-17,3.11329425133734e-08,7.38830520883889e-18,-6.22824319394448e-18,1.5855903130203e-19,-3.25260651745651e-17,-9.35444056938778e-08,-1.1146424638103e-16,-1.35983338755538e-16,8.97234484649142e-17,3.50915832852698e-17,4.52639310028738e-17,8.78644570797672e-18,7.78675231419769e-17,1.70987219518134e-16,9.0014619871446e-17,8.89989222787773e-17,5.67981691690018e-17,4.24517920526539e-18,-2.68913651335484e-17,-5.13154556328072e-17,8.81140092958244e-18,4.83022908889808e-17,-2.82918184332191e-16
"t165",-0.0413410413462269,-0.0564058212076982,0.0196825481887516,0.0241217638497823,0.00170087268614771,-0.000639759852800305,0.00349118935288588,5.72946646430011e-05,1.56939533276411e-05,-5.86534260458479e-06,5.30932296513884e-05,-0.0109629002713392,0.0214152915036663,-0.0041009775450468,-0.00408272258624782,-0.00659806392158805,-0.000715437203875172,0.0445091566906761,5.13400061539296e-05,2.03455599785197e-05,-0.000257336079606168,-9.34360559108312e-05,0.000374770640387683,-0.00713746468637857,0.0206046161940799,1.04988788733527e-05,1.99424304319906e-06,-1.16616545088579e-05,0.000709374868243302,-0.00169919412789237,6.26013678816736e-06,-1.27548691920421e-05,0.00657815769950734,3.99388524729315e-05,3.48194122693382e-06,2.70979915878611e-05,0.0397538553950739,3.08213390865807e-06,1.26217325384457e-05,3.08840654039119e-07,-9.19805104113829e-05,1.56966023496596e-05,-0.000229869805905648,1.38917516293013e-05,-0.000594432491607974,2.04982582347141e-05,-0.0025895309717088,0.000390402635028689,-4.39730943478601e-05,8.9307165714194e-05,-0.00110399914138312,5.81657502906049e-05,-8.20687805068774e-08,0.000192964370287349,-1.10106343220991e-05,0.000116506756201166,-5.11634971565609e-06,0.000355618993529739,-0.000121185248395382,0.000142861006764731,0.000133511012016781,-2.14017703658647e-05,0.000718752254824658,-0.000385263084866354,2.90428976402332e-05,-0.00117935371793016,4.87879906554695e-06,-0.000180617746418178,0.000504861876350705,-0.00020640126918094,0.00692782365719197,-0.00067251552327508,3.26851545839124e-05,0.0440845422374347,-0.0183137297149363,-8.11887930769588e-07,0.00489122311294023,-0.000107641040198234,0.000500972671713086,0.000652005477528971,-0.000232569750919281,-0.00365109582181841,0.000688478167350586,0.0050996779205656,-0.00112659687732269,-0.678427781675263,-0.0563738534076384,-0.000738862654218315,-0.000226172735965776,0.050760075876923,-0.00083629262535361,5.81111866294976e-05,0.000500750761742693,-0.0866906126702237,-6.97806738146043e-06,0.000289819468548537,0.0622159897789708,0.00125902340060595,-0.00185148499960499,-0.00044596335428146,-8.69865453972455e-05,-0.0439562489989088,-0.000123932048096006,3.2451693149679e-05,-1.42561373427473e-05,0.0338903886827796,-0.000671693353616145,0.000292282099504281,-0.000103138919757701,2.44558870507288e-05,0.000107382099248982,0.000248098997955655,-0.000416746961377166,0.000342211196303334,-1.71167855231511e-06,6.32972960083883e-05,-9.18730128263467e-05,9.32267788667917e-05,-9.08058754945102e-05,0.000217296630273612,-0.000800254252218403,0.000183999012652178,-0.000169558277775098,-0.000465371644088869,0.000150918692679807,-0.00140291525117451,0.000142150078834027,-4.4004746434193e-05,8.00822810548291e-05,0.0026437356317523,-0.00551607135642591,0.000268497014068615,-0.0236430343279093,-3.65910621626686e-05,1.71765361968389e-05,7.9549429347254e-05,-4.49676596516756e-07,-0.000288656493204843,8.48507026410162e-05,-0.000243701029969501,-1.54356726070009e-05,-0.000594973895545555,0.000115460669443866,7.34967603244136e-06,2.31862797457317e-05,-1.43183273014613e-06,-6.38991596105135e-05,9.35771589163085e-06,6.06036605791301e-07,-1.46707521678152e-06,-0.000227650421021302,-6.74133475843714e-06,-0.000144007637603987,5.37247589943423e-05,-1.54904348063039e-05,-1.35165202111597e-06,2.03189476557923e-05,-0.0568276788258461,-1.64320234126057e-06,-8.13267562795172e-07,-0.0385263356631036,-2.85221974629456e-05,-1.39734946120219e-06,-0.000340790533934058,4.31929325753093e-05,-0.000291628828304363,3.08997816972367e-05,5.29024343221389e-07,2.63139512217635e-05,3.5274866495996e-05,-0.00065920258017126,-6.54202361030811e-05,8.13755104565165e-06,2.91746485434236e-06,8.01839596480293e-05,1.11799446983454e-06,7.07629432723659e-06,-2.96441041459489e-05,-1.82036450844309e-05,-0.0005716434480744,0.00036124785180318,0.00112551546145343,-1.54844338045141e-05,-4.39920501804635e-05,-1.93877965114326e-06,-0.00026670459462232,-6.88773115319564e-05,1.60112434360472e-05,7.19354237790968e-05,-0.000628637174706973,-1.83129348489365e-06,3.33858589470547e-06,1.32167953060806e-05,1.20441559349413e-05,2.23349033007266e-06,-3.1023071719625e-06,-5.69728117961777e-06,-2.8669825941488e-05,3.35026093623045e-06,1.38460558234903e-06,1.37937764145292e-06,0.000226618433922447,-3.6505867303899e-08,-0.00270339464668419,-2.65668738944653e-06,-0.000316609417617433,5.8679559958317e-06,0.000217707756749788,-4.3413586188349e-05,-0.000108441681102741,-0.00019066681496059,0.000672023582911974,-0.00366376146821857,-1.07516972417069e-05,-6.86727959469655e-06,-9.10939570185612e-06,1.39638828596644e-05,1.21175994240556e-06,-2.19388992272457e-06,-1.07787382226283e-05,-5.84901835980734e-05,0.000464197939934042,1.78251193525683e-05,5.73492467971673e-05,-1.43789346540006e-05,-7.33133966033963e-06,-7.72953269654085e-05,-5.25649254439657e-06,-8.16187509524713e-06,-6.41801437894079e-06,0.000135729167940739,4.45741884979698e-05,2.13021644439385e-06,3.55743232565949e-06,-1.85075168124364e-07,-3.00516968979653e-06,-1.54366582959048e-05,0.707106781186547,-2.28788220943347e-06,0.00017147469326975,-4.76550563912588e-06,-8.48939714215035e-05,-1.34912778224344e-05,1.61182450116515e-05,-2.56987239285884e-06,9.30229526853567e-05,-2.11800816539178e-07,1.38368040414591e-08,-3.52609075583539e-05,3.17479923583774e-05,-9.92708048693991e-07,0.000135641332312416,-6.25341587826058e-06,2.27940814703499e-06,-1.46573233235918e-07,0.000428980245681641,-0.000383181447014257,9.78484795922088e-05,3.07419026179163e-06,-5.88635936486477e-07,1.27296064827878e-05,-2.46040271074068e-06,0.000269713426878671,-0.000215923428745034,1.33079863011711e-06,-4.53329236900836e-07,3.12401527488877e-05,9.13346582483101e-05,-0.0050884816277915,4.49275894083781e-07,1.87909045233299e-07,-4.28302978720465e-07,5.96279467255794e-05,-4.38201488741677e-05,9.8248235650711e-06,-0.000212071437608975,0.00010168681798099,-0.000462606957526474,1.67914257403111e-05,-9.80522290921578e-06,3.3141605490677e-06,1.22940917698346e-16,-8.11588922975806e-06,-2.77888256592238e-07,-1.58260176795243e-07,-0.00124982415945007,3.86874287679633e-07,-2.39494215960611e-07,-5.59458553976611e-06,6.25423674599276e-07,-4.97825101425677e-06,1.30368234260946e-05,4.75548852695471e-07,-4.21229058174954e-07,5.45044106345336e-06,-6.61576914394607e-06,0.000550680498574516,-3.05554489862621e-06,3.50687107276075e-05,1.75493617287088e-07,1.5130066716499e-06,7.14862244002161e-06,-5.83400052190367e-05,8.25904386287201e-05,-5.23129013526163e-06,6.99313966414152e-06,-2.53245389911829e-05,1.57073483197617e-06,1.41739093114003e-06,1.07855861279284e-05,-2.89580969510733e-05,-1.44808367990257e-06,1.87607676069181e-05,-7.64077953061773e-06,1.88436552717416e-07,1.74667857705417e-06,-3.36583246348121e-06,-2.76729961578225e-17,1.01609352804793e-08,0.00221879104299114,-3.54161864977378e-06,2.61074237309841e-06,3.73256895975371e-06,6.85897916842551e-07,1.59911589833947e-06,-2.34479975302485e-05,8.71306672032307e-06,-2.81325562518086e-16,-6.63332682931705e-06,-8.08120786516021e-08,-2.2867289319642e-07,0.000442114775653686,1.67800519679364e-06,-1.12854550765224e-07,-4.29385563070279e-06,1.14059258945931e-06,-5.98101057358624e-05,7.04254499042105e-06,-1.42460144293073e-06,-2.5705555618175e-06,-1.35761528411524e-07,-1.33976531203933e-07,-2.55733790846442e-06,0.000572024290006686,-2.72739681477019e-06,-8.91404346125268e-17,-5.53370916817926e-05,4.33522774186427e-06,1.99529846791011e-07,1.08923046240277e-06,-5.1050263740098e-06,-1.06457558854576e-05,6.43901910798384e-05,-0.000500802627257656,-8.77506862755782e-07,-7.75052457364601e-17,-1.64859132565585e-06,-0.000275271894464507,-2.07917928104125e-06,5.25313616445885e-16,3.90825927462227e-06,3.92849184530112e-05,-5.98780848200741e-06,-3.18028257020417e-06,-1.05757922506726e-06,-5.64720554925578e-07,-2.0161619710331e-05,5.59668511203615e-07,5.94466363291471e-06,0.000101546498167276,1.20936645404983e-06,1.21940591728954e-05,2.18212402146485e-17,-4.79130936908619e-06,2.2454524969854e-06,1.44789824179397e-05,-1.45170052924301e-06,1.20407505267016e-17,-1.39375337411797e-06,1.7804514298947e-06,-6.14087499824371e-07,-5.44852410202678e-07,-1.37519129280575e-06,1.01109504022402e-05,-1.91018831719111e-05,2.61152392874339e-06,-7.92960922275145e-17,9.3810424038452e-06,-1.25001368831904e-05,5.52678436602506e-05,1.15170009486853e-05,-1.17016923436222e-06,-7.84958640999126e-09,1.20780122014885e-16,8.22638121479377e-17,-7.54529708741577e-09,-6.68903657401202e-06,8.81460315009259e-07,-1.27232374960459e-06,3.80772198638708e-15,-6.00570382623275e-07,-7.07591420084119e-09,1.21818245537701e-16,8.70391449657489e-17,-1.04594867892299e-17,1.48998559772088e-06,4.39060323779908e-06,-6.33004815285622e-06,3.73215803764089e-06,1.86040047612215e-06,3.93625831471371e-06,-0.000655182654126299,-9.16333430316174e-16,-9.37300120032411e-06,6.98535959346313e-06,-9.66925793204904e-18,-5.24835475951783e-17,-0.000229124542792133,-3.36037953182729e-10,-2.56236530554272e-06,1.99872713455049e-06,2.51393668392113e-06,-1.35133693124725e-07,-1.99945616225608e-15,-4.54068640678097e-07,3.34634701840407e-17,-1.54374240673571e-06,-2.46537409627837e-16,-2.80148513605399e-06,-6.57345497441113e-17,2.18530217983466e-06,3.02163047604245e-06,1.79747122382341e-07,2.36011151769314e-06,1.29439794510091e-05,-9.30689764703628e-07,9.38665797356873e-06,2.92886974351121e-07,1.42472680309644e-06,1.31200148540545e-07,2.0532570961597e-06,-0.000323867571560574,-1.42209607262864e-06,-1.15947962406529e-07,-2.78440263755887e-06,-1.27753997152062e-17,0.00132956577938668,-0.000247600101689211,4.25260961224862e-07,1.43904133453019e-13,5.62763865159107e-08,1.52683802321575e-06,5.50697899919485e-06,-1.51374737703677e-16,-0.000518236751885084,-6.95670609801743e-07,-3.00368585284651e-17,-9.19623961358884e-07,1.4193956448035e-05,-3.27843545459287e-17,8.39668893081497e-18,-2.93456433651757e-05,-4.01945586140596e-07,-2.28954280733926e-09,-3.17533651028146e-06,8.43200067367065e-07,9.68111440945347e-05,2.38381395949759e-07,2.91279613524259e-06,-4.93377016129424e-06,3.88700031363209e-16,1.12127960399961e-07,6.99986439788623e-09,1.9313400663615e-08,1.80697192494043e-06,-7.79691542190646e-17,-2.87369536000166e-17,5.94177251053694e-07,-3.10812066151259e-17,-1.01685281150932e-16,3.73598334125819e-06,-4.18223005275044e-06,-8.55570588323235e-06,-4.70581529419459e-08,0.000215865576009773,1.48866294750673e-06,1.28458133729455e-07,-1.26064073458616e-17,3.2366589779758e-07,1.51331202509252e-08,6.94672859616381e-08,-0.000254806516543685,3.0540396101876e-05,1.47242483381777e-18,-2.38629817685769e-17,3.29758696386726e-15,-2.40471201151644e-07,-1.27682046485758e-06,-6.71380686827501e-07,-5.85685778723034e-16,-3.45563408169875e-05,2.04431939825632e-16,-4.49472900381429e-17,1.43984269796973e-05,-3.16130901343485e-07,2.16460963736731e-16,-7.77377036046626e-07,-0.000156281431958325,1.13584053465372e-15,1.19724401759387e-06,8.55010251270295e-17,3.19330987010554e-07,2.43396639745067e-17,3.18574333874875e-07,2.75766817773227e-06,3.5958791916672e-05,9.38787108088481e-08,6.44406176788979e-07,-2.23167622660615e-06,8.86665781070415e-07,2.00985717737864e-17,4.03380948070676e-05,-3.63333038481868e-06,-1.41162616366293e-17,-2.99799950772773e-07,-8.79242131195762e-07,1.41830338240648e-06,-9.44084062223671e-18,6.57171899093559e-07,0.000335235549705824,1.26997148228634e-17,-2.14923567490451e-06,-4.75932144613654e-07,-9.62812930864382e-06,1.06881911950589e-17,-4.34370287450298e-17,4.42897529022041e-07,1.35522976720489e-07,1.09629662858602e-08,-1.21849530532113e-06,8.00193473954743e-08,-2.00127171357464e-17,8.71961081262338e-18,2.92034439363427e-07,2.01288883058902e-09,3.07418206406096e-17,7.05333700325839e-07,4.34497878820828e-17,4.02430299160801e-06,-1.34799123496577e-07,-7.8757499196051e-08,-5.22020619579744e-07,-3.24148381761576e-13,6.36989723683046e-17,4.36243457917791e-17,-3.35943998622825e-14,-1.6147387683101e-05,-1.00620360706389e-06,-1.06263478053474e-17,-4.98617780389034e-17,-1.90458305449553e-17,2.25288261137288e-06,1.27169482910931e-08,-1.11369629110093e-06,-6.38793115462303e-17,5.37493227009689e-17,1.58879663982384e-16,-4.32478861752232e-06,1.46059179037669e-06,1.580754700278e-16,1.60926586863576e-07,-0.000216015769036316,8.78943054185483e-18,-6.51152428874736e-17,-4.18320071825526e-07,-4.2859186965143e-09,-2.07196453276163e-07,-1.40093812172976e-16,2.33008251268994e-07,3.3921278256322e-07,3.63780913075573e-07,-3.31364065531346e-07,-1.18006913983801e-06,1.00484352864122e-07,-5.06710446185218e-17,9.34068949658138e-18,-6.27815830430542e-17,1.90607785706995e-06,-2.7458215931264e-06,-9.39275476041067e-08,-7.38051071366893e-08,2.0246217270235e-16,-2.78154995152008e-17,3.08365788742202e-17,1.05361054319178e-16,-2.30004385652145e-16,9.11026481568702e-06,-6.38899822964957e-17,-4.5566983565827e-18,-5.69214175366217e-08,2.43936563094233e-17,-5.09529999596026e-08,7.94969267570626e-18,-6.3167410481752e-08,-3.83408541832889e-17,-7.64379519142005e-08,-9.56459285463033e-09,-6.03538687904835e-06,1.13289323101428e-16,3.06804511580514e-07,-2.53795622619222e-17,4.35041887324576e-07,-1.9780355023958e-05,4.22498992474282e-09,-7.55580648627694e-17,6.166757908868e-07,-6.27071725772415e-17,-1.51485612817241e-07,-8.55018783127965e-07,-1.05993524671233e-16,-1.09263459147992e-17,7.5982708530456e-17,-2.64746444360809e-15,-2.86890817495471e-09,-3.73541931876377e-08,-8.33980402419603e-09,-7.24519351560634e-18,-6.11278239756339e-19,-3.36009817799934e-05,4.96869234672639e-06,-2.14885759972846e-17,-6.95180859802312e-18,-3.79449867158637e-08,7.80536482096338e-17,-2.68858538778724e-07,2.20543880403768e-16,2.53709452163506e-06,-2.81107534745662e-17,1.15568975474001e-16,-2.26784404067998e-18,5.78065852567871e-18,-1.34789351262151e-17,2.98262725291556e-17,3.3665241274354e-07,-2.35437155532516e-06,1.49295110459848e-18,-2.25936329731257e-07,8.59309656010786e-07,4.10311935703788e-17,-5.24560181822594e-18,8.15037134330127e-17,-2.64658619740559e-17,8.46628047354105e-08,1.35375979524195e-08,1.24948654591631e-16,-2.63886275003517e-16,-1.53703896088515e-07,-5.48281081917083e-07,-3.15749498927441e-06,2.78923937422101e-17,-3.16838087767748e-17,-3.47825812454555e-17,2.1352947012437e-17,5.51187841250744e-17,4.44311469196699e-17,3.23492786204733e-07,-3.05931605272586e-07,-5.88190491743703e-08,4.51898731098405e-17,3.06886741676157e-17,4.69682857769515e-17,1.3813567322513e-17,-4.30266947396487e-17,1.24116583035312e-16,-2.33656525487529e-17,-7.21385704943491e-17,-8.3074122025343e-18,5.5213881105113e-17,2.14648696780157e-17,6.85669313665763e-17,3.50623816242316e-18,3.63875850626945e-18,2.22437909795237e-07,2.817399574808e-14,-7.25657491527114e-17,-5.26797613039995e-15,5.00473157693081e-06,-5.48499458564835e-09,-1.0784448411027e-17,-8.12150138204296e-08,4.57070157994308e-06,7.00992605894771e-18,3.31705755710915e-16,-8.01693447808756e-07,-4.20989278588479e-17,1.12377649843733e-07,-4.29679523036676e-15,1.95777415579294e-17,-4.35642896041236e-18,8.72838371957118e-17,9.99812739994789e-09,-1.37284357539664e-06,1.1926233176665e-16,-7.83087597905862e-17,-3.1285569361339e-17,-5.70021777928953e-17,1.30897083536891e-16,1.15751423392291e-17,-5.17699190735782e-19,2.09814512266076e-17,1.13616393245072e-07,-1.07791788950159e-17,3.49744735142143e-20,5.98171427651866e-18,6.76980312116336e-18,-2.13240115718653e-19,-1.49016667777211e-16,-3.24239047291611e-07,1.83333082992198e-17,-1.29045494463574e-17,2.41701014886603e-07,4.2742375159741e-18,-1.56615368055996e-16,-5.82757452065141e-17,-5.0940416639839e-17,7.03955489117201e-05,-2.99625393190957e-17,-1.48370506397867e-07,-1.72842874100922e-17,4.33641200359889e-17,-7.64303907489126e-17,-4.43378734495773e-16,-6.33716131820894e-17,8.80419480936363e-17,5.3577761270903e-09,-5.44900922647943e-17,3.24995234303915e-17,2.08541948077609e-07,-6.684359079906e-07,-5.14063479130496e-17,4.68015838454877e-07,6.8535924875987e-08,4.11652390515017e-17,-8.75745873419533e-17,-3.50644114200414e-17,4.45857995908991e-16,1.33839282656066e-17,-1.14847032027397e-07,2.47361414904619e-16,-2.46700241835186e-16,-6.23305507604814e-17,4.59512445155644e-08,8.39332609266581e-17,-4.06275482796719e-18,-2.48353377783893e-17,-1.04405167022756e-17,-2.0919035416261e-08,2.17708145695668e-17,2.37110055303436e-06,3.65273661986171e-17,1.88872082878227e-16,1.26113136348825e-17,5.15287244434093e-17,2.62213847233937e-17,-2.97600161195126e-19,6.02361597053358e-18,-7.52371362008703e-07,-1.05485283324088e-16,-7.76734392783334e-17,5.02569227998958e-07,-3.57184705525502e-19,-1.52228873983797e-17,1.58863055678394e-17,2.42539343406651e-17,-2.87466416171435e-17,2.5632454589469e-17,-3.31801576349204e-07,7.09841146742705e-18,9.24801308895662e-17,1.0830516427706e-06,-4.1965754104906e-17,-4.76222601670205e-17,3.0303497222171e-17,-4.07074270392588e-17,-9.6109570359189e-17,6.2747510267188e-17,1.67689418408882e-17,-2.6743400524459e-17,2.03318477271892e-17,-3.3970511541535e-17,1.08176063004753e-17,-5.67136166303885e-07,1.18303054841649e-06,-2.46201312241764e-17,4.07400196613198e-17,-3.1617289351582e-17,6.23222784033586e-17,-3.10759447688658e-17,8.34722509572064e-17,4.17355378981348e-17,2.2500489171706e-17,-1.4843168906723e-08,-1.47129202331255e-16,9.98828093662817e-19,-5.81068845074376e-17,-4.66190560458802e-17,1.89900997421329e-08,6.72796047248894e-17,-2.07519139088293e-08,-1.29515570414903e-18,-4.03443981900871e-17,3.10167509849857e-17,1.31381682589168e-17,4.26364166696722e-17,1.75201064877319e-16,-3.89697530423811e-17,-5.8186631300663e-17,6.69980450281658e-17,3.33504831427205e-17,2.84920330728168e-17,3.12085906054376e-17,7.57637607657275e-17,1.6655824014308e-16,-1.24476928182101e-17,5.66345159016532e-17,7.15529331171445e-17,-2.25742273936207e-18,-1.68569613036326e-17,-8.89138646499e-17,-1.73384256171166e-16,-3.24361150721437e-17,-5.59232949945571e-16,7.11323152234254e-18,2.49133680655595e-16,1.42688287640837e-09,-2.81353062766294e-17,-1.93162804194973e-17,3.60007175482499e-17,-1.18914382221588e-16,3.66468148183096e-17,4.44309537079082e-17,8.2987426906935e-17,1.2207376477951e-17,-6.21330301468611e-18,-3.74942896378101e-17,-1.66953582035612e-16,-3.28126119658663e-17,-3.75573417433155e-17,5.05835972648355e-17,-8.69698634875032e-17,1.93946808758568e-18,4.67454967273058e-17,-1.83283643069765e-08,6.82434622947938e-18,-5.60732125021747e-18,-2.13279385892045e-17,6.93599010461215e-17,6.62949335573463e-17,-7.18424825534926e-18,4.12397036137949e-17,1.93864715861451e-17,-1.51371134936862e-17,3.87574511297518e-09,1.34143283263479e-16,-2.50257757446789e-17,-1.02152438318841e-16,1.7307992783793e-17,-4.45319881856443e-17,-8.72961788796338e-17,3.87772755739539e-17,-2.95694887574628e-19,-2.03939816321447e-17,1.66205572709996e-17,3.68544373558337e-17,-1.55007209164144e-16,5.32304515649062e-18,1.95160330561759e-08,4.0870831708604e-18,2.54537451042561e-17,-9.64348669049128e-17,-4.32271406169971e-16,-5.86903865862345e-08,4.07484202720963e-18,2.24028029999543e-17,-4.74642269654517e-17,9.79811617502915e-17,-1.07990112182017e-17,1.4674616350846e-16,8.85646669702916e-17,8.95637695265938e-17,6.7939272636306e-17,6.82319377815737e-17,-9.75578873758842e-18,1.13262678599417e-16,-4.24140449849898e-17,-3.63712675730819e-17,-3.2766453605626e-17,1.32154601961347e-16,-2.23110901245692e-16
"t61",-0.0413410413462269,-0.0564058212076982,0.0196825481887516,0.0241217638497823,0.00170087268614771,-0.0006397598528003,0.00349118935288584,5.72946646429925e-05,1.56939533276406e-05,-5.86534260458579e-06,5.30932296513928e-05,-0.0109629002713392,0.0214152915036663,-0.0041009775450468,-0.00408272258624782,-0.00659806392158804,-0.000715437203875179,0.044509156690676,5.13400061539387e-05,2.03455599785234e-05,-0.000257336079606175,-9.34360559108147e-05,0.000374770640387684,-0.00713746468637855,0.0206046161940799,1.04988788733449e-05,1.99424304319095e-06,-1.16616545088708e-05,0.000709374868243288,-0.00169919412789239,6.2601367881467e-06,-1.27548691920395e-05,0.00657815769950736,3.99388524729206e-05,3.48194122695084e-06,2.70979915879022e-05,0.0397538553950739,3.08213390863563e-06,1.26217325383355e-05,3.08840653973382e-07,-9.1980510411398e-05,1.56966023496159e-05,-0.000229869805905647,1.38917516293168e-05,-0.000594432491607984,2.04982582347352e-05,-0.00258953097170887,0.000390402635028704,-4.39730943478399e-05,8.93071657141395e-05,-0.00110399914138312,5.81657502906399e-05,-8.20687805100745e-08,0.000192964370287402,-1.10106343221113e-05,0.000116506756201138,-5.1163497156583e-06,0.00035561899352979,-0.000121185248395418,0.000142861006764778,0.000133511012016784,-2.14017703658613e-05,0.00071875225482468,-0.000385263084866487,2.90428976402927e-05,-0.00117935371793015,4.87879906569523e-06,-0.000180617746418327,0.000504861876350672,-0.000206401269180819,0.00692782365719207,-0.00067251552327509,3.26851545839336e-05,0.0440845422374347,-0.0183137297149363,-8.11887930738144e-07,0.00489122311294026,-0.000107641040198191,0.000500972671713057,0.00065200547752886,-0.000232569750919291,-0.00365109582181843,0.000688478167350538,0.00509967792056555,-0.00112659687732269,-0.678427781675262,-0.0563738534076382,-0.000738862654218232,-0.000226172735965813,0.0507600758769229,-0.00083629262535362,5.81111866295208e-05,0.000500750761742591,-0.0866906126702235,-6.97806738146446e-06,0.000289819468548515,0.0622159897789709,0.00125902340060587,-0.00185148499960496,-0.000445963354281404,-8.69865453971814e-05,-0.0439562489989087,-0.000123932048095952,3.2451693149724e-05,-1.42561373427178e-05,0.0338903886827795,-0.000671693353616092,0.000292282099504302,-0.000103138919757667,2.4455887050832e-05,0.000107382099248901,0.000248098997955605,-0.000416746961377377,0.000342211196303127,-1.71167855229841e-06,6.32972960082738e-05,-9.18730128263534e-05,9.32267788668493e-05,-9.08058754945967e-05,0.000217296630273678,-0.000800254252217906,0.000183999012652244,-0.000169558277775081,-0.000465371644088843,0.000150918692679937,-0.0014029152511747,0.000142150078833971,-4.40047464341522e-05,8.00822810548479e-05,0.00264373563175229,-0.00551607135642586,0.000268497014068644,-0.0236430343279092,-3.65910621626902e-05,1.71765361966991e-05,7.95494293472932e-05,-4.49676596450354e-07,-0.000288656493204742,8.48507026409936e-05,-0.000243701029969393,-1.54356726068907e-05,-0.000594973895545418,0.00011546066944381,7.34967603243528e-06,2.31862797456691e-05,-1.43183273023439e-06,-6.38991596106752e-05,9.35771589167142e-06,6.06036605796457e-07,-1.46707521689461e-06,-0.000227650421021133,-6.7413347584787e-06,-0.000144007637604248,5.37247589943653e-05,-1.54904348063375e-05,-1.35165202119761e-06,2.03189476558494e-05,-0.0568276788258463,-1.64320234131201e-06,-8.13267562915673e-07,-0.0385263356631037,-2.85221974627474e-05,-1.3973494612452e-06,-0.00034079053393405,4.31929325753873e-05,-0.000291628828304319,3.08997816972674e-05,5.29024343230712e-07,2.63139512218123e-05,3.52748664961676e-05,-0.000659202580170815,-6.54202361026959e-05,8.1375510454772e-06,2.91746485443526e-06,8.01839596478389e-05,1.11799446981166e-06,7.07629432721549e-06,-2.96441041462218e-05,-1.82036450845588e-05,-0.000571643448074984,0.00036124785180319,0.00112551546145373,-1.54844338044918e-05,-4.39920501803082e-05,-1.93877965114935e-06,-0.000266704594622876,-6.88773115317917e-05,1.60112434359371e-05,7.19354237789476e-05,-0.000628637174706867,-1.83129348506244e-06,3.33858589462642e-06,1.32167953063516e-05,1.20441559354249e-05,2.23349033021951e-06,-3.10230717224915e-06,-5.69728117964117e-06,-2.86698259420765e-05,3.35026093636391e-06,1.38460558259136e-06,1.37937764178504e-06,0.000226618433922165,-3.65058672417735e-08,-0.00270339464668289,-2.65668739001007e-06,-0.000316609417617071,5.86795599575472e-06,0.000217707756749151,-4.34135861879509e-05,-0.000108441681102326,-0.00019066681496035,0.000672023582912422,-0.00366376146821847,-1.075169724183e-05,-6.86727959492266e-06,-9.10939570194516e-06,1.39638828585605e-05,1.21175994219323e-06,-2.19388992265665e-06,-1.07787382224646e-05,-5.8490183598449e-05,0.000464197939930513,1.78251193542516e-05,5.73492467970514e-05,-1.43789346540035e-05,-7.33133966082117e-06,-7.72953269653492e-05,-5.25649254343348e-06,-8.16187509523963e-06,-6.41801438017637e-06,0.000135729167939239,4.45741884993453e-05,2.13021644376154e-06,3.55743232624761e-06,-1.85075168434842e-07,-3.00516968300608e-06,-1.54366582928608e-05,-0.707106781186548,-2.28788178724596e-06,0.000171474693228447,-4.76550563451613e-06,-8.48939714061464e-05,-1.3491277822923e-05,1.6118245031479e-05,-2.56987239196657e-06,9.30229526797903e-05,-2.11800815045121e-07,1.38368020674849e-08,-3.52609075570319e-05,3.1747992358451e-05,-9.9270804851748e-07,0.000135641332312333,-6.25341587877824e-06,2.27940814341724e-06,-1.46573236421162e-07,0.000428980245682112,-0.000383181447013836,9.784847959287e-05,3.07419026158409e-06,-5.8863593699307e-07,1.27296064823718e-05,-2.46040271118918e-06,0.000269713426877729,-0.000215923428744503,1.33079862971801e-06,-4.53329238511932e-07,3.12401527499935e-05,9.13346582486288e-05,-0.00508848162779198,4.4927589489363e-07,1.87909045312038e-07,-4.28302978179743e-07,5.9627946724959e-05,-4.38201488743549e-05,9.82482356504881e-06,-0.000212071437609187,0.000101686817981812,-0.000462606957525998,1.67914257405486e-05,-9.80522290907102e-06,3.31416054948646e-06,-6.49648298710041e-17,-8.11588922924447e-06,-2.77888257011416e-07,-1.58260177039028e-07,-0.00124982415945109,3.86874286791192e-07,-2.39494215428336e-07,-5.59458554054982e-06,6.25423675259329e-07,-4.97825101436102e-06,1.30368234262965e-05,4.75548852548933e-07,-4.21229057885233e-07,5.4504410634473e-06,-6.61576914391582e-06,0.000550680498574857,-3.05554489837536e-06,3.50687107275871e-05,1.75493617243969e-07,1.51300667173676e-06,7.1486224399459e-06,-5.83400052189964e-05,8.25904386286467e-05,-5.23129013515279e-06,6.99313966461856e-06,-2.53245389913023e-05,1.57073483178383e-06,1.41739093138323e-06,1.07855861276657e-05,-2.89580969508261e-05,-1.44808367981179e-06,1.8760767607187e-05,-7.6407795308315e-06,1.88436552376787e-07,1.74667857728138e-06,-3.36583246357766e-06,-7.26584222429811e-17,1.01609355976748e-08,0.00221879104299056,-3.54161864915935e-06,2.6107423733372e-06,3.73256895966589e-06,6.85897917072562e-07,1.59911589807342e-06,-2.34479975302457e-05,8.71306672054216e-06,3.54450538905944e-16,-6.63332682913187e-06,-8.08120787642966e-08,-2.28672893203698e-07,0.000442114775653704,1.67800519690354e-06,-1.12854551208527e-07,-4.29385563073157e-06,1.140592589613e-06,-5.98101057360145e-05,7.04254499045954e-06,-1.42460144290021e-06,-2.5705555617857e-06,-1.35761528481948e-07,-1.3397653139872e-07,-2.55733790851071e-06,0.000572024290007427,-2.72739681503966e-06,6.36516855753331e-17,-5.53370916817485e-05,4.33522774114474e-06,1.99529846895784e-07,1.08923046225546e-06,-5.10502637395447e-06,-1.06457558853598e-05,6.43901910800689e-05,-0.000500802627257538,-8.77506862967235e-07,5.23167109630641e-17,-1.64859132576853e-06,-0.000275271894464364,-2.07917928062738e-06,7.56337144559072e-16,3.90825927456241e-06,3.92849184524532e-05,-5.98780848195076e-06,-3.1802825703825e-06,-1.05757922533223e-06,-5.64720554849654e-07,-2.01616197103673e-05,5.59668510967968e-07,5.94466363233921e-06,0.000101546498167209,1.20936645404806e-06,1.2194059172633e-05,3.24060889887353e-18,-4.79130936909332e-06,2.24545249702472e-06,1.44789824181895e-05,-1.45170052926495e-06,-3.57848270375049e-17,-1.39375337389405e-06,1.78045143016755e-06,-6.14087499925337e-07,-5.44852410203496e-07,-1.37519129218418e-06,1.0110950401618e-05,-1.91018831720637e-05,2.61152392862377e-06,4.91252780145847e-17,9.38104240410272e-06,-1.25001368834939e-05,5.52678436601057e-05,1.15170009488937e-05,-1.1701692344402e-06,-7.84958627896108e-09,2.90566182226115e-16,-5.32196771429132e-17,-7.54529713820518e-09,-6.68903657383446e-06,8.81460315762191e-07,-1.27232374959842e-06,3.86932866292873e-15,-6.00570382552792e-07,-7.07591413600146e-09,-5.86946404902201e-17,-3.73797379000804e-17,-4.6584590145466e-17,1.48998559780218e-06,4.39060323804456e-06,-6.33004815314261e-06,3.73215803748909e-06,1.86040047602372e-06,3.93625831463929e-06,-0.000655182654125902,-8.21350503819968e-16,-9.37300120060039e-06,6.98535959385727e-06,2.264008872082e-17,-1.01395069344622e-16,-0.000229124542792602,-3.36037797544272e-10,-2.56236530491297e-06,1.99872713459942e-06,2.51393668400646e-06,-1.35133692991686e-07,-1.86848453981987e-15,-4.54068640624014e-07,-2.46311671073567e-17,-1.54374240700842e-06,-2.34611185730496e-16,-2.80148513609916e-06,1.07091985380043e-16,2.18530217962411e-06,3.02163047544236e-06,1.79747122264089e-07,2.36011151759686e-06,1.29439794508725e-05,-9.30689764499821e-07,9.38665797365268e-06,2.92886974358086e-07,1.42472680309448e-06,1.31200148594637e-07,2.05325709626557e-06,-0.000323867571560667,-1.42209607254662e-06,-1.15947962183253e-07,-2.78440263756415e-06,-6.34647843004034e-17,0.00132956577938705,-0.000247600101689331,4.25260961294378e-07,1.43887042117532e-13,5.62763866485033e-08,1.52683802321535e-06,5.50697899927442e-06,-5.16271956826042e-17,-0.000518236751884933,-6.95670609920958e-07,5.12154033997418e-17,-9.19623961518064e-07,1.41939564480593e-05,-9.46476595701845e-18,-1.06854635412172e-17,-2.93456433652962e-05,-4.01945585967138e-07,-2.28954277469325e-09,-3.17533651030815e-06,8.43200067349204e-07,9.68111440948372e-05,2.38381396200252e-07,2.91279613517814e-06,-4.93377016121446e-06,6.12913040633212e-17,1.12127960524673e-07,6.99986420512457e-09,1.93134007270541e-08,1.8069719249131e-06,5.60663866095629e-17,3.39689625344145e-17,5.94177251126702e-07,3.72949029300968e-17,-2.76657458377267e-17,3.73598334125181e-06,-4.18223005278361e-06,-8.55570588311958e-06,-4.70581529321245e-08,0.000215865576009884,1.48866294754757e-06,1.28458133714241e-07,2.05351011617795e-18,3.23665897918877e-07,1.51331201807171e-08,6.94672859372156e-08,-0.000254806516543501,3.05403961018612e-05,-9.75707122187034e-17,2.46512650864627e-19,3.64922083328698e-15,-2.40471201404422e-07,-1.27682046480932e-06,-6.71380686976159e-07,-6.5782249001242e-16,-3.45563408167466e-05,2.41294813690129e-16,4.37977796795873e-17,1.43984269797242e-05,-3.16130901367314e-07,1.28261117005035e-16,-7.77377035902516e-07,-0.000156281431958463,1.22745561822869e-15,1.19724401749316e-06,7.41163333263929e-17,3.19330987052824e-07,-1.34038713347401e-17,3.1857433399529e-07,2.75766817760241e-06,3.59587919167726e-05,9.38787108123565e-08,6.44406176689219e-07,-2.23167622682464e-06,8.86665780955449e-07,-1.28392191281065e-17,4.03380948075369e-05,-3.63333038485447e-06,-3.85609677543099e-18,-2.997999509803e-07,-8.79242131279896e-07,1.41830338222814e-06,-2.78859252639612e-17,6.57171899082853e-07,0.000335235549705961,-5.078810073188e-18,-2.14923567481997e-06,-4.75932144768262e-07,-9.6281293087845e-06,-1.88783447668771e-17,-5.1021126275551e-17,4.42897528918865e-07,1.35522976657825e-07,1.09629662213815e-08,-1.2184953056848e-06,8.0019347434509e-08,7.04565026547234e-17,-8.84249046962702e-17,2.92034439330454e-07,2.01288878741041e-09,9.05784241775766e-18,7.05333700181383e-07,1.15047229837226e-17,4.02430299159484e-06,-1.34799123496195e-07,-7.87574992232544e-08,-5.22020619991674e-07,-3.23929835036407e-13,-2.04842086156958e-17,-3.79062105912391e-17,-3.36726082605896e-14,-1.61473876833318e-05,-1.0062036072892e-06,4.29333051952143e-17,-2.80150831667802e-17,-2.90324866069521e-17,2.25288261112436e-06,1.27169479153494e-08,-1.11369629116e-06,2.7501038818962e-17,3.12741504785233e-17,1.44974771120257e-16,-4.32478861746963e-06,1.46059179032017e-06,-1.39624116080656e-16,1.60926586969097e-07,-0.000216015769036454,2.09554152425783e-17,4.13593104159072e-17,-4.18320071806763e-07,-4.28591865314537e-09,-2.07196453462971e-07,7.1108614076138e-17,2.33008251285691e-07,3.39212782502098e-07,3.63780912866735e-07,-3.31364065532695e-07,-1.18006913987501e-06,1.00484353111388e-07,3.88840565044927e-17,-7.56662663875116e-17,1.80185795419545e-17,1.90607785741383e-06,-2.74582159312307e-06,-9.39275475406233e-08,-7.38051073608516e-08,1.82833286513687e-17,-1.48053631109114e-16,-3.53111761067291e-17,-1.21020648515882e-16,-8.71065392803865e-17,9.11026481576156e-06,-2.6444414694809e-17,5.34814199847317e-18,-5.69214175292551e-08,-3.90931615540522e-19,-5.09530001519935e-08,2.18040008807582e-17,-6.31674105407267e-08,3.76544656996138e-17,-7.64379520063179e-08,-9.56459293189107e-09,-6.03538687912167e-06,1.50005767069256e-16,3.06804511532423e-07,2.66410655190758e-17,4.35041887265528e-07,-1.97803550239785e-05,4.22498986978391e-09,-1.19468253349918e-16,6.16675790690191e-07,-6.27479665478563e-17,-1.51485612794449e-07,-8.55018783134887e-07,2.25870548271969e-17,-3.78043012264525e-18,-2.96184487708545e-17,-2.66051862541495e-15,-2.86890820296339e-09,-3.73541930505786e-08,-8.33980407058481e-09,2.20220786790025e-17,-3.63777425045409e-17,-3.36009817802644e-05,4.96869234671205e-06,7.14004424865688e-17,8.64403821145106e-18,-3.7944986689956e-08,6.63210611489424e-17,-2.68858538805765e-07,2.50023168015737e-16,2.53709452159946e-06,-1.92028346645722e-17,-1.58085399817262e-16,5.12077588646627e-18,-8.47618523220278e-18,-6.78813962253958e-17,-1.22829393356732e-16,3.36652412466005e-07,-2.35437155530232e-06,1.5007209890282e-17,-2.25936329732782e-07,8.59309655928686e-07,-8.20393105107973e-17,-6.44141214144237e-17,3.75807970943765e-17,1.27890325160737e-17,8.46628045953333e-08,1.35375979725272e-08,-8.41939048034139e-17,-2.9644964685046e-16,-1.53703896155834e-07,-5.48281081995838e-07,-3.1574949893153e-06,-3.98061265475987e-17,-1.11883404058496e-17,5.63957737155762e-17,-1.81519280459535e-17,-8.74072601636955e-18,8.47143997707939e-17,3.23492786333645e-07,-3.05931605095875e-07,-5.88190491861035e-08,7.91246225971148e-18,1.39967002316583e-18,-1.30099298025544e-16,1.77749050423348e-17,-3.80796417059755e-18,-8.92544046043525e-17,1.10955628591295e-16,6.81359808658365e-18,-8.76581546613193e-17,3.50049911833041e-17,-1.92054600041609e-17,-5.45060900811264e-17,-4.98153258970217e-17,1.7516382987508e-17,2.22437909667357e-07,2.82487780070684e-14,-5.52185143861275e-17,-5.22232499077599e-15,5.00473157681675e-06,-5.48499453822658e-09,1.38435632873202e-17,-8.12150138343117e-08,4.57070158008978e-06,-1.4891897162354e-17,3.897105773036e-16,-8.01693447852721e-07,-1.57124552189002e-17,1.12377649782262e-07,-4.11621375812594e-15,2.57423827675271e-17,2.63480615709201e-18,-1.42757766376131e-16,9.99812743640844e-09,-1.37284357540499e-06,-6.20975866743389e-17,1.01033364799935e-17,2.33107562451904e-17,5.4478674198337e-18,8.17827251232972e-17,-1.63345601615352e-17,7.21479554424114e-18,9.10957064785125e-18,1.13616393190429e-07,6.71390793060401e-18,-1.70356580737471e-18,-1.94227401570402e-17,3.33327502175237e-17,-8.20168853405931e-17,-1.83703059926909e-17,-3.24239047364849e-07,1.11023336320866e-17,-2.70325622648128e-17,2.41701014904628e-07,-4.98217293739344e-17,9.04675252477981e-17,2.71461070257393e-18,5.82658320449077e-17,7.03955489116984e-05,-3.19732490239862e-17,-1.48370506493317e-07,1.98890872865836e-17,2.18679247701535e-17,-4.80282147409147e-16,-4.18841089986323e-16,8.62858427347181e-17,-1.08523905722451e-16,5.35777611549358e-09,-2.26281796380986e-16,2.56419534271217e-17,2.0854194807415e-07,-6.68435908531726e-07,1.33779223278749e-17,4.68015838536518e-07,6.85359247481664e-08,2.99768477149185e-17,-7.38052197883451e-17,2.76837717321404e-17,4.8500834385797e-16,-4.43215291014868e-17,-1.14847032030161e-07,1.07883903605548e-16,1.13398752163651e-17,-2.8741042130075e-17,4.59512445592782e-08,-2.82274544640131e-17,3.32529746141188e-17,1.62820310070713e-18,3.14137969290272e-17,-2.09190353057808e-08,-7.38354824378374e-18,2.37110055301322e-06,4.16494428412888e-17,9.674200327401e-17,-1.68002031004256e-17,-7.44960496478186e-18,-4.27955199413266e-17,6.94947139117912e-18,3.70433276668837e-17,-7.5237136265749e-07,-2.25605713493563e-18,6.87715231825722e-17,5.02569228040862e-07,-2.00082879803126e-17,4.45166094490317e-18,-4.93935881749537e-17,-1.63910006041816e-17,-9.45714121456919e-17,-2.65935987368456e-17,-3.3180157636563e-07,-1.63226652890321e-17,-5.97419775473485e-17,1.08305164275065e-06,-1.21501745248707e-17,1.61789880526374e-17,1.36896333383648e-17,3.03079614839455e-17,-2.43492950513216e-17,-1.02051132812705e-16,2.52857988629668e-17,-4.83588374816923e-17,1.16893152963527e-18,-3.37466746793268e-17,-1.55263349724802e-17,-5.67136166322425e-07,1.18303054858432e-06,-8.90488517550726e-17,-1.67141196082674e-17,-1.51166050439717e-17,3.14820770455097e-17,1.07105622114412e-16,-1.28946595433218e-16,6.2534768550585e-17,7.64275169819881e-17,-1.48431688561585e-08,5.5350146884795e-17,-4.54020172545024e-18,-9.58703254843409e-17,2.39037192481465e-17,1.89900997007773e-08,-1.28487176556193e-16,-2.07519139062282e-08,8.61723818145209e-19,1.09962899135875e-17,3.18983675927106e-17,-1.67786817863841e-17,-1.34750234822248e-17,-5.86514694862315e-17,3.02322589366909e-17,2.48648249906705e-17,-3.49177638342971e-17,8.35969740014425e-18,2.83193500531483e-18,-2.49326855605108e-17,5.74131138797025e-17,-4.18114078082518e-17,-1.66458512221504e-17,3.38109717178754e-17,9.02507146163546e-18,-8.07796506801887e-18,-7.88182603066775e-17,8.88701120549973e-17,7.50267903359969e-17,-1.60176233035705e-17,-4.47776966614061e-16,1.93775381648947e-17,3.40564624279558e-16,1.42688284718488e-09,-1.50824770846624e-17,-8.52357725066107e-17,2.887844224528e-17,-8.44344726665466e-17,5.34193356558161e-17,1.49480111178852e-17,-1.36637688138759e-17,-6.78331432345687e-18,1.07625483829322e-17,-2.49569889229254e-18,-2.96800344717907e-17,5.49642002311443e-17,-5.89360298809714e-17,-4.75841415065849e-17,2.64580797832752e-17,-7.08406192202047e-17,-1.5942072779834e-17,-1.83283643794995e-08,3.34022937584143e-17,8.29965702043936e-18,7.92245850074604e-17,-2.19876759403441e-17,-4.15481813182469e-17,-2.13642130921991e-18,-2.02019133579429e-17,3.21352609177431e-17,1.64469118836219e-17,3.87574508048639e-09,1.13326601551758e-16,3.21330340724322e-17,6.51300015774759e-17,1.99968194234572e-17,5.22639286405629e-17,7.91068174435261e-17,-4.20781529462604e-17,5.48936650186935e-17,-1.93446090596833e-17,-5.32015764721609e-17,-6.33402485947684e-17,1.48898113958111e-16,-1.33590542167158e-17,1.95160330588119e-08,2.10280699072662e-17,-4.28575202449269e-17,-3.68995730987232e-17,-4.0055849262477e-16,-5.86903865566799e-08,-1.54292358602667e-17,-3.61016264161214e-18,2.19813588347914e-17,-1.05620018042511e-16,3.85765613322144e-18,-6.49019015804527e-17,1.67891989895198e-16,9.95910441092262e-17,-8.81800527813578e-17,-5.13421306544935e-17,3.91388538789505e-17,7.97190484036661e-17,-2.57056622167078e-17,-6.70821214906059e-18,1.69796916131167e-17,1.08695271101551e-16,-1.96061405760869e-16
"t462",-0.0487995841459167,-0.0831240589079457,0.0294546516916369,0.0433636301236169,0.00371410363553169,-0.00174933676023068,0.00987582977127365,0.000188933026586161,8.66939495001662e-05,-0.000385384570926085,-0.000233414178870259,0.0233351438824718,-0.0424553385572445,0.0078492970762126,0.00711871193280622,0.0102953465872893,0.00107129540701627,-0.0647042875419011,-7.20296850414713e-05,-2.56517210866338e-05,0.000304354453672578,0.000130651967103963,-0.000732265175915337,0.014811065806015,-0.0447847971329506,-9.84641030175594e-05,0.000105501153003879,-9.14197055284811e-05,0.0013235367047957,7.33907331036112e-06,-5.32227860124233e-07,1.52723033971518e-06,-0.00106105091356621,-7.57125593130825e-06,-8.10116508480199e-07,-1.19129106949487e-05,-0.0218128383549851,-2.60648818430466e-06,-1.43826015924821e-05,-2.22927146859344e-06,-5.56229447258154e-05,4.18053575513382e-06,-4.178798556368e-05,2.45146763830086e-06,-6.93730244934014e-05,-8.87486275551947e-07,0.0345265439121682,9.32533435276229e-05,-3.36644121127105e-06,3.98108102099003e-06,-2.86471705656679e-05,1.19751981356659e-06,-1.6339607146846e-09,2.88956018235087e-06,-9.22741067745422e-08,8.89293699520992e-07,-1.81137997239061e-09,-1.36784209779986e-07,5.45900813978533e-08,-1.44703825537813e-07,-9.51181773801478e-08,8.68485833836252e-09,-6.94567313415209e-08,4.30833466130748e-09,2.05066982521178e-08,-1.72029627369936e-06,1.66326223234063e-08,-7.95238373914841e-07,2.46774729579351e-06,-1.19856389492391e-06,8.57636974537214e-05,-1.99746532106154e-05,1.33335323233532e-06,0.0337404585301801,0.0451780085542525,2.93254163107541e-08,-0.000139396391048905,9.88648207822033e-07,1.21363208288207e-06,2.93681266849018e-06,-1.6306646203456e-06,-2.71919079553599e-05,6.86335795634715e-06,5.38905667722922e-05,-1.4183741669969e-05,-0.00883033231756424,-0.00075523789585779,-9.94068255806873e-06,-3.04625820392569e-06,0.000685527473890727,-1.13999794009548e-05,8.39662419509744e-07,7.25448987270351e-06,-0.00126125756137079,-9.49419118829981e-08,3.85571655655326e-06,0.000826754464720314,1.54253596733722e-05,-2.17611222900152e-05,-4.09098968391546e-06,-8.56385859209475e-07,0.00655132624509171,-3.2763801698364e-08,-7.11857595230246e-06,7.63165522979694e-06,-0.379347109180353,-0.000264631441230601,9.21861336382877e-05,-2.45585824758043e-05,4.39464700836969e-06,1.79997766052447e-05,3.10816377677458e-05,-5.09037738423549e-05,3.01083632063521e-05,-1.4502043553457e-07,5.03900682507408e-06,-7.16193240030348e-06,6.96968781289862e-06,-6.62613406892624e-06,1.56834701323474e-05,-5.75232746948227e-05,1.31439199837817e-05,-1.20886781036815e-05,-3.31743893285907e-05,1.07522209902847e-05,-9.88373433936743e-05,9.99557316481861e-06,-2.97073376819348e-06,-2.78365244466172e-05,-0.00109927592591381,0.201811586940973,0.000197452868763822,-0.0819057488069584,4.84107536333294e-05,-1.8236855215351e-06,-6.78290623853812e-06,-8.9148737892857e-09,-1.19037787762267e-05,4.81644682000739e-06,-1.39188914020172e-05,-9.1358327672011e-07,-3.58244690874312e-05,7.1385127949698e-06,4.58867031349168e-07,1.44779169272755e-06,-9.54898264891644e-08,-4.79739459813239e-06,7.89121366428631e-07,5.26415561215191e-08,-1.36316392857225e-07,-2.12697286037163e-05,-6.47000418261506e-07,-1.4045977725333e-05,5.33896000855737e-06,-1.86809209432662e-06,-1.6896151567668e-07,2.60820614962429e-06,-0.0300253500462256,1.6596126791526e-06,4.48086770332315e-07,-0.00389350897164187,-5.92189727483647e-06,1.07572912130314e-06,0.000201705663667002,-9.36814385362546e-06,3.86009815526497e-05,-1.5922799229796e-06,-2.64822668158192e-08,-1.30749225302936e-06,-1.56772108614321e-06,2.5710997666896e-05,2.50385117121923e-06,-2.38924429774192e-07,-7.85420585949371e-08,-1.77236963900532e-06,-2.34795884920645e-08,-1.44694172485204e-07,3.33893254907953e-07,4.98418299578035e-08,6.84761291662987e-07,1.25441567367571e-07,6.6027341413491e-06,-1.37658294384862e-07,-0.00350962003518783,-3.2340214314072e-08,-0.078212349279338,5.0019120157817e-06,-2.47581579166375e-08,-8.5619229458707e-08,-1.13789592755819e-06,-1.3344639656512e-08,3.51714550562744e-08,1.52208706861817e-07,0.00117693511661142,3.07470342912034e-08,-5.06640805647494e-08,-9.59545313814388e-08,-5.12702059214411e-07,6.15951483261713e-08,3.03683087395499e-08,3.04690334447564e-08,5.31826894865707e-06,-9.05655110884473e-10,-0.000351360360987201,6.4306683912192e-07,-7.55807409392693e-06,1.60721626769326e-07,6.14778685092401e-06,-1.30431071584017e-06,-0.00605812293262376,-6.05929558877962e-06,2.17169006736147e-05,-0.00012555668322027,-3.79057857666796e-07,-2.42286304987459e-07,-3.28241874761775e-07,5.29552557798636e-07,4.63939546032969e-08,-8.82959392965738e-08,-4.48787120621729e-07,-2.46396862517242e-06,2.05213965975035e-05,7.97165971221907e-07,2.59751061345898e-06,-6.77267519540607e-07,-3.48092891736807e-07,-3.67722699755723e-06,-2.61377127927632e-07,-4.17225322769479e-07,-3.38632605739276e-07,7.26764676557439e-06,2.424029637334e-06,1.17570829528692e-07,1.97175096145159e-07,-1.06792693815476e-08,-1.78009250920433e-07,-9.41767411471459e-07,-1.01624217739189e-16,-1.45953523028086e-07,1.10411718462575e-05,-3.28459191024617e-07,-6.19953033335451e-06,-1.03776153080623e-06,1.24387700892687e-06,-2.21427021254431e-07,8.1817683163927e-06,-1.88105837379589e-08,1.29009634572838e-09,-3.40507754386231e-06,3.28668640146299e-06,-1.06261945698292e-07,1.47285843999585e-05,-7.38784484513105e-07,4.68341602528997e-07,-4.59288387813376e-08,0.0884193547044849,-0.515802084240681,-0.000368067734073143,-1.0673355239988e-06,1.33030981771725e-07,-1.87715847355502e-06,3.24742527691968e-07,-3.20005785396332e-05,2.24122646967699e-05,-1.16531749911136e-07,3.90214455218639e-08,-0.000263270636672867,-1.28639474058558e-05,0.000992458177987352,-9.04766154086306e-09,-4.96316850246987e-09,1.29771471401251e-08,-1.80077112408239e-06,7.16372007518849e-07,-1.47202286426416e-07,2.95800505886905e-06,-1.193207088591e-06,1.88591936667937e-05,-1.12192798308242e-07,5.69000249490932e-08,-1.70098606278711e-08,5.89711039899378e-16,2.41983228588971e-08,7.54472342223909e-10,1.17998174839493e-09,1.82718024934188e-08,5.57419439143584e-10,-5.00887345167517e-10,-1.34516353968716e-08,3.74242996935298e-09,-3.08121770573301e-08,8.14071677853493e-08,3.39791541170106e-09,-3.97782219196961e-09,5.34529076871832e-08,-6.6519187461549e-08,5.97058480142845e-06,-4.12394801326293e-08,5.0760818647369e-07,2.54986089245642e-09,2.20081619021886e-08,1.19425605527433e-07,-1.13422177390384e-06,0.000853193499620446,-9.84911993074532e-08,1.36469585718287e-07,-4.98204603684065e-07,3.26611033171469e-08,2.95827338736946e-08,2.26631854852232e-07,-6.11251181411041e-07,-3.10149829032401e-08,4.08123829120857e-07,-1.68559087883581e-07,4.18199448524787e-09,3.91552821816398e-08,-7.70477216831203e-08,-6.91626338882639e-17,2.64506991659406e-10,5.86513631700655e-05,-9.60437775156231e-08,7.08577554285891e-08,1.01393261493415e-07,1.87629330053309e-08,4.43683227822095e-08,-6.6300581743722e-07,2.58820374654358e-07,2.4305518259488e-16,-2.77704110980603e-07,-3.94115374449636e-09,-5.49910086278418e-08,0.00575417273856903,2.61282945937224e-08,-2.20433990069927e-09,-9.48917311883338e-08,2.63995677189921e-08,-1.47329336967747e-06,1.80100572067657e-07,-3.7137493122054e-08,-6.76698195595102e-08,-3.59467356615234e-09,-3.58251028540239e-09,-6.84549480332956e-08,1.5414230785018e-05,-7.38656484838767e-08,1.88131494355881e-16,-1.55260376246377e-06,1.22503353614022e-07,5.63863945701382e-09,3.14192418544888e-08,-1.47726095590691e-07,-3.21801294586421e-07,1.97668339811777e-06,-1.54252479092522e-05,-2.74060721002036e-08,1.8641946443797e-16,-5.26486122580042e-08,-3.27204568029313e-05,-6.85373023440716e-08,-4.56561413915801e-16,1.35984551142933e-07,1.39057189422654e-06,-2.14062206314059e-07,-1.16359700224525e-07,-4.06805043563468e-08,-2.28775215836339e-08,-8.62409083288551e-07,3.38034538126971e-08,3.91547429874662e-07,0.02116619095084,9.58314474642981e-09,1.0919724933172e-07,-6.19853055487121e-17,-1.06673780500415e-07,5.16877187399759e-08,3.51308953286552e-07,-3.70455968453539e-08,-3.0500620072704e-18,-3.77547319263472e-08,5.00583937641363e-08,-1.74774534517298e-08,-1.55859976476618e-08,-3.95627947894805e-08,2.93675382610807e-07,-5.62322113425984e-07,7.89215537640744e-08,5.15337655107988e-17,2.88725381575615e-07,-3.85279792238495e-07,1.70850851298884e-06,3.57443695397404e-07,-3.63284325588544e-08,-2.43960402326206e-10,-1.64798730217797e-16,2.13516010392701e-16,-2.35937426596988e-10,-2.10223483115216e-07,2.77196571829224e-08,-4.01857442344158e-08,1.87817351081755e-16,-1.91420101431443e-08,-2.26411644804902e-10,-1.85158047425738e-16,8.8040164371362e-18,-5.85678246545876e-17,4.82576366986978e-08,1.42433292521428e-07,-2.0662056987079e-07,1.2274196635662e-07,6.12635438052978e-08,1.40741186275981e-07,-7.80961301996479e-05,4.69454476225376e-17,-3.07524168560765e-07,2.30095891291169e-07,-1.8153887347166e-17,-4.43295470942596e-16,-7.63598742256185e-06,-1.12271153147077e-11,-8.58896994301269e-08,6.71419783398715e-08,8.47985194381171e-08,-4.56129138883877e-09,1.50961650685445e-16,-1.53406381179654e-08,1.83343208741666e-16,-5.22939474295734e-08,1.77944681559183e-16,-9.50887972883842e-08,2.85282252151079e-16,7.43666818632765e-08,1.0288227689332e-07,6.16714632086191e-09,8.11252346165623e-08,4.45287706469235e-07,-3.21389065554689e-08,3.25401811843223e-07,1.02913385447078e-08,5.00701022938422e-08,4.6438763727346e-09,7.45463990164864e-08,-0.000517771655450966,-4.57537962402426e-08,-3.85812827700749e-09,-9.33985952158253e-08,9.69710834799732e-17,4.52832975816807e-05,-3.1155389784919e-05,1.47735267001695e-08,1.80392158314082e-14,1.96391721588702e-09,5.39184399660108e-08,1.99422133470996e-07,-7.19746653617824e-17,-6.56112869310857e-05,-2.41902012708927e-08,1.01340382820223e-16,-3.21359736038942e-08,5.04920785299243e-07,-3.97613897299358e-17,-1.15867500497038e-16,-4.89735470032743e-05,-1.43645616297862e-08,-8.27122366841916e-11,-1.16153058073441e-07,4.41049709454961e-08,0.00134903622341292,5.56361842572969e-09,1.00423967717412e-07,-1.72720821404418e-07,7.05896929451e-16,3.93847737605076e-09,2.45994094506753e-10,6.79856923479483e-10,6.37225403364621e-08,-8.16149173826687e-17,1.03084290971921e-17,2.09996558758588e-08,-1.87313483044938e-16,-3.4528694625575e-16,1.33386892179594e-07,-1.49531920591169e-07,-3.05910616814795e-07,-1.68751873793812e-09,7.74396721945122e-06,5.34086909553049e-08,4.61110190292285e-09,-1.57779748270853e-17,1.16805263579935e-08,5.4673581813722e-10,2.51066543415166e-09,-9.22607638132326e-06,1.1096628157633e-06,2.47912389254822e-17,1.71509993233457e-16,-1.99192604407527e-16,-8.7927421341833e-09,-4.6945750416909e-08,-2.47031449058773e-08,1.22033276692707e-16,-0.000478162902110312,-2.80882335052443e-16,4.75427413963882e-17,5.33174946797994e-07,-1.17116878490043e-08,6.00864843991467e-16,-2.94150376808636e-08,-0.000258975078211201,1.2522977252614e-16,4.33935993096367e-08,3.1452720244588e-17,1.16989721073501e-08,-1.48291699818674e-16,1.16774360035473e-08,1.01122554354841e-07,1.31914968613816e-06,3.44586221608316e-09,2.36804116547549e-08,-8.2297493783138e-08,3.28263336468247e-08,1.28936301454424e-16,1.50006725695931e-06,-1.35179663583547e-07,2.72825742489616e-17,-1.11615759337058e-08,-3.27760459984043e-08,5.29392695859873e-08,-1.79209276989395e-16,2.48799100198884e-08,4.46651964049172e-05,1.95250159287871e-16,-7.9554239012898e-08,-1.76864401505749e-08,-0.000133883526975404,3.57625607701125e-17,2.90144635593334e-16,1.66047352683926e-08,5.08890205996245e-09,4.11785209646336e-10,-4.60353436493638e-08,3.02587635410751e-09,1.40700884930353e-16,2.71863327453204e-18,1.10498787937216e-08,7.61687122355916e-11,1.81398515910207e-16,2.67179559637086e-08,1.42618435644576e-16,1.52594651560275e-07,-5.11868315810328e-09,-2.99094784004782e-09,-1.98329776468859e-08,-4.39295549866017e-14,1.69078917575021e-17,1.35268749154907e-16,-4.62451935021811e-15,-0.00022294436909006,-3.80160928564385e-08,3.57624241305182e-17,-2.11082511286989e-16,2.64277073284316e-16,8.57516356057871e-08,4.84457541341435e-10,-4.24954209301162e-08,4.6160148777835e-16,-2.66781497067214e-16,4.53494663696374e-16,-1.65692442810125e-07,5.59658129555966e-08,4.7458402841055e-16,6.17518217686095e-09,-8.29387281956624e-06,-2.15541707920065e-16,2.03973601723912e-16,-1.60829022834098e-08,-1.64795852005925e-10,-7.97304870485001e-09,-4.84897212040163e-17,8.977961488382e-09,1.30794025471565e-08,1.40405750549451e-08,-1.28065972778107e-08,-4.56238391313579e-08,3.88753697018419e-09,-4.95345486463484e-16,7.41600714275808e-16,-4.80976190358416e-16,7.40231592728985e-08,-1.0664107159431e-07,-3.64967783135228e-09,-2.87477692789258e-09,4.16802353605234e-16,2.12758221192101e-16,4.76434827033839e-17,-5.76341833714476e-16,-4.46584989663869e-16,3.55758238354777e-07,1.27466219415103e-16,2.02520756363062e-16,-2.22502252691828e-09,-4.34128146152501e-16,-1.99182773660179e-09,4.20084717314433e-17,-2.46952881360054e-09,-2.73611835711012e-16,-2.99357237602326e-09,-3.74739269282602e-10,-2.36617753347666e-07,2.2755730806897e-16,1.20379006790835e-08,3.03584030816673e-16,1.70999540608485e-08,-7.79407825087328e-07,1.66496553528257e-10,-4.66359106912298e-16,2.43281290403228e-08,-5.48706819678717e-16,-5.98790775635978e-09,-3.38007812860503e-08,5.63470249396109e-16,3.65581446171519e-16,2.46841809714253e-16,-3.59613527947073e-14,-1.13665494655386e-10,-1.48113981885319e-09,-3.31063005707306e-10,-5.66698887667255e-16,-2.69545223599205e-17,-0.000460051292338126,1.75736018666957e-07,6.20280037817186e-16,-7.9217407421912e-16,-1.4992163806705e-09,-2.35784274640263e-16,-1.06338410945703e-08,5.00369668732922e-16,1.00570943992868e-07,1.52289276763415e-16,-1.40927000008865e-15,-2.77202996268625e-16,3.50838649726734e-16,-9.11075941364227e-17,4.70413412713862e-16,1.33890296785457e-08,-9.36395403818588e-08,9.21799653260146e-16,-8.99518124379348e-09,3.42257617074275e-08,-3.12646835219374e-17,-1.83943330335593e-15,1.1934847327634e-15,-2.64164536022076e-15,3.37799334239027e-09,5.40374498273433e-10,-1.2527244053186e-15,-2.09343814955197e-16,-6.13908473515675e-09,-2.19019491666771e-08,-4.31197422701616e-05,8.27979213756111e-17,2.44181339936724e-15,-1.77409214379561e-16,3.23932661168362e-15,1.72045821415148e-15,-4.4047073961291e-15,1.29587413730749e-08,-1.22586719798087e-08,-2.35752926261963e-09,-8.79451962078309e-17,2.07046739647977e-15,-4.68750172930102e-16,2.32536326321627e-15,1.08138981819683e-15,4.12163525535366e-15,-3.66239194207903e-15,-0.707106781186547,4.41542640735064e-14,-2.48807018180513e-15,6.0066430245654e-14,-9.85672996983107e-15,5.75127629906855e-15,3.49856493317589e-15,8.95623165200566e-09,6.10646670970593e-15,1.05237620572608e-14,-6.12618037744704e-14,2.01630615036186e-07,-2.21010283463612e-10,-2.83590347142766e-15,-3.27271459883649e-09,1.84319604637525e-07,-7.36994671937789e-16,9.13457672819151e-17,-3.2358606771026e-08,-2.41803629054661e-15,4.54088486036537e-09,-1.01396178944797e-15,-1.29011491685634e-15,-6.07965047864933e-16,3.9359268127008e-17,4.04695717254912e-10,-5.55755584327999e-08,7.5797243162468e-16,5.17115655615964e-16,-4.38565326361292e-16,2.21901195777969e-15,1.41217332966237e-17,1.37090631691705e-15,5.03836322957561e-17,-4.72272114663841e-17,4.62707910423215e-09,-5.15682504241139e-16,4.25084676498639e-16,4.37890350359529e-16,-5.82698234106769e-16,6.09868724104818e-16,-4.25125347033561e-16,-1.32217118172462e-08,-3.36318994445999e-16,-3.73671127466987e-17,9.8583262243927e-09,7.41152006532021e-16,-2.37382251477065e-16,-2.59904643176635e-16,4.78635810429321e-17,2.8791781898504e-06,-1.9061959073687e-16,-6.07134837649603e-09,2.37741541263311e-16,1.77472774641865e-16,2.15979665311144e-16,5.05046359415692e-16,-3.1928969672088e-17,-1.54277001065917e-16,2.19461836329795e-10,4.0196880777191e-16,1.50087971269855e-16,8.54874554890796e-09,-2.74022142434923e-08,4.06796946918053e-16,1.91988203335439e-08,2.81204725708589e-09,7.87910875517189e-16,-3.70326741050502e-16,1.72944832649179e-16,6.4040944593499e-15,3.07216968839918e-16,-4.72672495525035e-09,4.44767094449157e-16,5.62202206385682e-17,-7.88458375588232e-17,1.89270991805612e-09,-9.26573962337725e-17,2.05894907845284e-16,4.14784853395556e-16,-1.93199376171848e-16,-8.62610053039581e-10,-1.22817779199623e-16,3.20770216630252e-05,4.08205467609612e-16,-2.81617729236704e-16,2.08525232153156e-16,4.03980499237675e-16,-6.51492346421733e-17,-3.65482837728207e-17,3.26398889878185e-16,-3.10835424107161e-08,2.69209489358337e-16,1.93071924599403e-16,2.07720198217127e-08,3.33914435570471e-16,-1.18478716589857e-16,3.7030889588119e-16,-2.28605385245194e-16,-3.84326793662003e-16,-7.8832087034471e-17,-1.37321345289854e-08,9.78100100854728e-17,2.77219464635223e-16,4.48504053562636e-08,2.88185257133839e-16,-1.41059092181213e-16,2.42771340886372e-16,3.34810129985581e-16,-9.32921723225052e-18,-2.56989759496571e-17,-1.21935532801767e-16,2.96823503435135e-17,3.03350937923123e-16,-3.82025279823385e-16,-3.97182913822576e-16,-2.35371247058547e-08,4.91106695248954e-08,1.9679240590622e-16,-8.19905011938101e-17,-9.59837825651158e-18,4.34586174540071e-16,1.38832088186769e-16,-4.26452631153022e-16,-1.65827799530553e-16,-2.96184210301865e-17,-6.17021074014261e-10,8.65477085462752e-17,4.56615889343642e-17,9.28047847083439e-17,5.27478787594684e-17,7.90322523008258e-10,1.6174626799064e-16,-8.6477427475652e-10,-6.63090296148878e-17,-1.86060807353351e-16,5.57032320528624e-17,-7.61160872065687e-17,-9.04074147957583e-17,2.73659386255651e-16,-9.63800874412738e-17,-1.53756666066064e-16,4.36121390787745e-17,2.20373360064463e-17,-3.31406033174233e-16,-1.40551850248229e-16,1.80132305988433e-16,1.4185447405267e-16,6.60900586874025e-17,-5.07223831144101e-17,2.63634312704771e-16,1.50806206200194e-16,5.1818838662364e-17,-6.46427056179824e-17,9.99200722162641e-16,-2.27521715888013e-16,-1.24139621504047e-16,2.93935158622833e-16,1.61874568166415e-16,5.97469010723795e-11,-1.61090220929e-17,1.18949786684608e-16,2.52281001064416e-16,1.45595961977765e-16,8.51586152838268e-17,9.77649768975675e-18,4.60910973247356e-17,-2.09126831093357e-16,1.65865496559026e-16,-9.23865373592925e-17,2.80970992999618e-16,9.90524517399206e-17,6.10360292769563e-17,-5.10334610242961e-17,-2.0125756223615e-16,-3.03284614664545e-17,-1.32195178126732e-16,-7.69930514588449e-10,1.10724867934414e-16,-5.55962538216913e-17,2.03903001311187e-17,8.62972866296465e-17,-4.83349400914889e-17,-8.00594050879516e-18,8.42444193559399e-17,-1.33028274926792e-17,1.21827107832663e-16,1.633504065649e-10,2.49432578436933e-16,-1.43215547619406e-17,-2.62110875386427e-17,-2.68735264241413e-16,2.67028541066361e-17,-6.81740529514974e-18,1.00862108066116e-17,4.42318004504867e-17,2.96840342302407e-17,-7.38280299930913e-17,7.38986137620636e-18,4.83921203556295e-16,4.96966903706094e-17,8.25264729287255e-10,3.76882815093454e-17,-3.99851218134432e-17,-6.38862027660657e-17,-5.53430998945226e-16,-2.48562535717386e-09,2.68538832541124e-17,5.34127371259006e-17,-2.16229919162395e-17,2.14173528632394e-17,-3.06626816639108e-17,9.11184519162178e-17,1.02512363137444e-16,-9.07978702616646e-17,-9.58965485314202e-17,6.96804490444838e-17,6.70889099840143e-17,4.45205128837073e-17,1.07050948372655e-18,-2.9389352445683e-17,2.33315599093593e-16,4.39734655303958e-17,-2.19475994649004e-16
"t511",-0.0487995841459167,-0.0831240589079457,0.0294546516916369,0.0433636301236169,0.00371410363553169,-0.00174933676023068,0.00987582977127364,0.000188933026586164,8.66939495001621e-05,-0.000385384570926085,-0.000233414178870262,0.0233351438824718,-0.0424553385572445,0.0078492970762126,0.00711871193280622,0.0102953465872892,0.00107129540701627,-0.064704287541901,-7.20296850414608e-05,-2.56517210866238e-05,0.000304354453672564,0.000130651967103955,-0.00073226517591533,0.014811065806015,-0.0447847971329506,-9.84641030175686e-05,0.000105501153003872,-9.14197055284815e-05,0.0013235367047957,7.33907331035896e-06,-5.32227860127703e-07,1.52723033971879e-06,-0.00106105091356621,-7.57125593131842e-06,-8.10116508490741e-07,-1.19129106949435e-05,-0.0218128383549852,-2.6064881843131e-06,-1.43826015924785e-05,-2.22927146859859e-06,-5.56229447258194e-05,4.18053575514099e-06,-4.17879855636851e-05,2.4514676382845e-06,-6.93730244933737e-05,-8.87486275555752e-07,0.0345265439121682,9.32533435276316e-05,-3.36644121127026e-06,3.98108102097881e-06,-2.86471705656556e-05,1.1975198135722e-06,-1.63396069742711e-09,2.88956018232788e-06,-9.22741067845616e-08,8.89293699509882e-07,-1.81137997127009e-09,-1.36784209792444e-07,5.45900814094915e-08,-1.44703825564525e-07,-9.51181773718478e-08,8.68485833848052e-09,-6.94567313410093e-08,4.30833466455755e-09,2.05066982359401e-08,-1.72029627373621e-06,1.6632622337877e-08,-7.95238373923422e-07,2.46774729579969e-06,-1.19856389493642e-06,8.57636974537218e-05,-1.9974653210595e-05,1.33335323235671e-06,0.0337404585301801,0.0451780085542525,2.93254162984769e-08,-0.000139396391048868,9.88648207844166e-07,1.21363208288441e-06,2.93681266850667e-06,-1.63066462031525e-06,-2.71919079553547e-05,6.86335795636979e-06,5.38905667723022e-05,-1.41837416699734e-05,-0.00883033231756429,-0.000755237895857787,-9.94068255808077e-06,-3.04625820387414e-06,0.000685527473890666,-1.13999794009195e-05,8.3966241956634e-07,7.25448987270741e-06,-0.00126125756137078,-9.49419118978166e-08,3.8557165565601e-06,0.000826754464720341,1.5425359673348e-05,-2.17611222900204e-05,-4.09098968392483e-06,-8.56385859195845e-07,0.00655132624509172,-3.27638016805059e-08,-7.11857595247324e-06,7.63165522972628e-06,-0.379347109180353,-0.00026463144123053,9.21861336382567e-05,-2.4558582475842e-05,4.39464700832321e-06,1.79997766052461e-05,3.10816377678227e-05,-5.09037738422568e-05,3.01083632064351e-05,-1.45020435531139e-07,5.03900682512378e-06,-7.16193240025552e-06,6.96968781282336e-06,-6.62613406888089e-06,1.56834701323887e-05,-5.75232746947909e-05,1.31439199837224e-05,-1.20886781036816e-05,-3.31743893285639e-05,1.07522209902546e-05,-9.88373433937801e-05,9.99557316476093e-06,-2.97073376813603e-06,-2.78365244465877e-05,-0.00109927592591385,0.201811586940973,0.000197452868763956,-0.0819057488069583,4.84107536333587e-05,-1.8236855215523e-06,-6.78290623851465e-06,-8.91487381178237e-09,-1.19037787762447e-05,4.81644681996493e-06,-1.39188914020091e-05,-9.1358327672732e-07,-3.58244690874069e-05,7.13851279493507e-06,4.58867031410534e-07,1.44779169278834e-06,-9.54898264864734e-08,-4.79739459806379e-06,7.89121366448473e-07,5.26415560839945e-08,-1.36316392888369e-07,-2.12697286036964e-05,-6.47000418277463e-07,-1.40459777253046e-05,5.33896000852424e-06,-1.86809209428857e-06,-1.68961515678246e-07,2.60820614969239e-06,-0.0300253500462257,1.6596126791693e-06,4.48086770359239e-07,-0.00389350897164184,-5.92189727484366e-06,1.07572912131619e-06,0.000201705663667066,-9.36814385365755e-06,3.86009815526573e-05,-1.59227992300482e-06,-2.64822668964442e-08,-1.30749225303959e-06,-1.56772108615354e-06,2.57109976668775e-05,2.50385117126006e-06,-2.38924429716104e-07,-7.85420585805646e-08,-1.77236963898923e-06,-2.34795885098528e-08,-1.44694172469956e-07,3.33893254934255e-07,4.98418299456617e-08,6.84761291661881e-07,1.25441567385568e-07,6.60273414135766e-06,-1.37658294368247e-07,-0.00350962003518791,-3.23402143368033e-08,-0.0782123492793381,5.00191201580601e-06,-2.47581578733756e-08,-8.56192294473915e-08,-1.13789592755863e-06,-1.33446396442151e-08,3.51714550730425e-08,1.52208706883836e-07,0.0011769351166116,3.07470343062114e-08,-5.06640805547417e-08,-9.59545313950391e-08,-5.12702059233598e-07,6.15951483003027e-08,3.03683087298469e-08,3.0469033436422e-08,5.31826894865506e-06,-9.05655119024819e-10,-0.000351360360987169,6.43066839048417e-07,-7.55807409389758e-06,1.60721626746268e-07,6.14778685093745e-06,-1.3043107158054e-06,-0.00605812293262373,-6.05929558872568e-06,2.17169006735986e-05,-0.000125556683220363,-3.79057857695339e-07,-2.4228630498348e-07,-3.28241874751887e-07,5.29552557606954e-07,4.63939544978755e-08,-8.82959393389815e-08,-4.48787120627726e-07,-2.46396862523143e-06,2.05213965975225e-05,7.9716597109632e-07,2.597510613489e-06,-6.7726751956175e-07,-3.48092891630003e-07,-3.67722699759714e-06,-2.61377127878215e-07,-4.17225322845221e-07,-3.3863260564925e-07,7.26764676567417e-06,2.42402963726486e-06,1.17570829589928e-07,1.97175096121973e-07,-1.06792692953337e-08,-1.78009250790769e-07,-9.41767411372737e-07,-2.00306629425697e-17,-1.4595352311146e-07,1.10411718463874e-05,-3.28459191046963e-07,-6.19953033325717e-06,-1.03776153077195e-06,1.24387700892055e-06,-2.21427021291543e-07,8.1817683163861e-06,-1.88105837648091e-08,1.2900964216649e-09,-3.40507754384003e-06,3.2866864013043e-06,-1.06261945697969e-07,1.47285843998848e-05,-7.387844845599e-07,4.68341602437944e-07,-4.59288387907159e-08,0.0884193547044849,-0.515802084240681,-0.000368067734073108,-1.06733552392294e-06,1.33030981827962e-07,-1.87715847350659e-06,3.24742527748159e-07,-3.20005785397388e-05,2.24122646968294e-05,-1.16531749846247e-07,3.90214454333151e-08,-0.0002632706366728,-1.28639474059317e-05,0.000992458177987408,-9.04766163862044e-09,-4.96316850793808e-09,1.29771468393864e-08,-1.80077112402581e-06,7.16372007389301e-07,-1.47202286411435e-07,2.95800505886994e-06,-1.19320708866013e-06,1.8859193666754e-05,-1.12192798334617e-07,5.69000250695706e-08,-1.70098607999668e-08,5.76563496486042e-16,2.41983227196719e-08,7.54472423199521e-10,1.17998167492677e-09,1.82718025000684e-08,5.57419395078665e-10,-5.00887434731631e-10,-1.34516352966539e-08,3.74243003794641e-09,-3.08121771748931e-08,8.14071678445036e-08,3.39791542564941e-09,-3.97782226460471e-09,5.3452907654938e-08,-6.65191875646164e-08,5.9705848016023e-06,-4.12394801109898e-08,5.07608186630737e-07,2.54986094576451e-09,2.20081619636567e-08,1.19425605507786e-07,-1.13422177388757e-06,0.000853193499620514,-9.84911993519568e-08,1.36469585718643e-07,-4.98204603718758e-07,3.26611033525547e-08,2.95827338038381e-08,2.26631854852854e-07,-6.11251181509923e-07,-3.1014982873001e-08,4.08123829184158e-07,-1.68559087769676e-07,4.18199454872461e-09,3.91552821655218e-08,-7.70477217233913e-08,1.05055869691892e-17,2.6450709949442e-10,5.86513631700141e-05,-9.60437775034801e-08,7.08577554955511e-08,1.01393261535389e-07,1.87629329588687e-08,4.43683227155969e-08,-6.63005817267133e-07,2.58820374752264e-07,2.05556222135565e-16,-2.77704110767756e-07,-3.94115381609665e-09,-5.49910086647361e-08,0.00575417273856875,2.61282946132103e-08,-2.20434004218212e-09,-9.48917310330672e-08,2.63995677448908e-08,-1.47329336963008e-06,1.8010057195631e-07,-3.71374930298214e-08,-6.7669819616551e-08,-3.59467355017164e-09,-3.58251009620911e-09,-6.8454947891329e-08,1.54142307851954e-05,-7.38656485148567e-08,1.67594969405947e-16,-1.55260376256026e-06,1.22503353538236e-07,5.63863938888978e-09,3.1419241979982e-08,-1.47726095740715e-07,-3.21801294315486e-07,1.97668339798048e-06,-1.54252479092079e-05,-2.74060722220331e-08,1.7319492445468e-16,-5.26486123383745e-08,-3.27204568030217e-05,-6.85373023240523e-08,-3.6660173969178e-16,1.35984551119876e-07,1.39057189410801e-06,-2.14062206412919e-07,-1.16359699979897e-07,-4.0680504507355e-08,-2.28775212910458e-08,-8.62409083236582e-07,3.38034539611594e-08,3.91547429923568e-07,0.0211661909508412,9.58314466435466e-09,1.0919724923729e-07,-8.48951531932545e-17,-1.06673780587935e-07,5.16877187610271e-08,3.51308953140166e-07,-3.70455967963187e-08,1.15899353147264e-16,-3.77547319147193e-08,5.0058393848704e-08,-1.7477453475905e-08,-1.558599765019e-08,-3.95627948300241e-08,2.93675382666163e-07,-5.6232211354507e-07,7.89215535542408e-08,2.54538591547299e-16,2.8872538174822e-07,-3.85279792000729e-07,1.70850851284409e-06,3.57443695341017e-07,-3.63284324330651e-08,-2.43960468341056e-10,-2.20309881449055e-16,9.48197967661964e-16,-2.35937596019198e-10,-2.10223483167305e-07,2.77196569545163e-08,-4.0185744343044e-08,-6.90893080254838e-17,-1.91420100469202e-08,-2.26411807029519e-10,1.9724198291393e-16,1.73800847610189e-17,7.34658030862542e-20,4.82576366395617e-08,1.42433292516639e-07,-2.06620570162048e-07,1.22741966278093e-07,6.12635437924606e-08,1.40741186251669e-07,-7.80961301997712e-05,-7.3132572234352e-18,-3.07524168664545e-07,2.30095891560543e-07,-1.67050486594867e-16,-2.99859826814297e-16,-7.6359874223411e-06,-1.12269223249754e-11,-8.58896994015219e-08,6.71419784019085e-08,8.4798519324598e-08,-4.56129139351813e-09,-3.35980650032032e-16,-1.53406379822441e-08,-2.91509465665221e-17,-5.22939473463146e-08,7.13540554767023e-17,-9.50887970864826e-08,-1.98118362525803e-16,7.43666821288418e-08,1.02882276656568e-07,6.16714667467427e-09,8.11252347688224e-08,4.45287706514811e-07,-3.2138906453509e-08,3.25401811788797e-07,1.02913385015596e-08,5.00701020554685e-08,4.64387639435668e-09,7.45463987701643e-08,-0.000517771655450912,-4.57537960716323e-08,-3.85812825452156e-09,-9.33985951850901e-08,-2.02759362709887e-16,4.52832975816848e-05,-3.11553897850152e-05,1.47735267117154e-08,1.8209813604221e-14,1.96391747324892e-09,5.39184401824236e-08,1.9942213347178e-07,-2.34688703399837e-17,-6.56112869309605e-05,-2.41902015118653e-08,-9.92265057775754e-17,-3.2135973778279e-08,5.04920785385094e-07,6.60672605402006e-17,2.29351244016568e-16,-4.89735470033145e-05,-1.43645614877133e-08,-8.27120150741866e-11,-1.1615305808066e-07,4.41049708118362e-08,0.00134903622341341,5.56361822873119e-09,1.00423967825909e-07,-1.72720821263162e-07,-3.90854883181024e-17,3.93847724129691e-09,2.45994039526368e-10,6.79856613161863e-10,6.37225403863297e-08,9.74372463685268e-17,-1.50208700618732e-16,2.09996560433387e-08,1.91169304334627e-18,1.95290901049702e-16,1.33386892142537e-07,-1.49531921012519e-07,-3.05910616556268e-07,-1.68751887061104e-09,7.74396721940808e-06,5.34086909970134e-08,4.61110197108337e-09,-5.60593723593478e-17,1.16805260941809e-08,5.46735555259202e-10,2.51066552377412e-09,-9.22607638129043e-06,1.10966281560889e-06,-3.46324010583369e-16,-8.08366747251913e-17,3.26947413105614e-16,-8.7927420321773e-09,-4.69457500205144e-08,-2.47031451024178e-08,-7.48104874679178e-17,-0.000478162902109929,1.58070467005484e-16,-6.80959968067915e-17,5.33174946813817e-07,-1.17116881149879e-08,-1.01915004213637e-16,-2.94150367756078e-08,-0.000258975078211221,-3.30239502190352e-18,4.33935992735125e-08,5.19712364013297e-17,1.16989719973528e-08,-1.52990996196472e-17,1.1677436163439e-08,1.01122554921908e-07,1.31914968526093e-06,3.44586321988344e-09,2.3680412019623e-08,-8.22974933878515e-08,3.282633398939e-08,-1.02237099520884e-16,1.50006725725276e-06,-1.35179663545186e-07,-4.32922230136603e-17,-1.11615759339048e-08,-3.27760458892655e-08,5.29392694659226e-08,-1.3348160831501e-16,2.4879910084187e-08,4.46651964052885e-05,-1.94947599054356e-16,-7.95542390969572e-08,-1.7686439891227e-08,-0.000133883526976407,2.53672678756188e-17,-2.63691841856703e-16,1.66047352597486e-08,5.0889016645324e-09,4.11785131074053e-10,-4.60353435885029e-08,3.02587638724076e-09,-1.96069108276706e-16,-9.24229697126034e-17,1.10498790844588e-08,7.61688622128529e-11,-1.93811359862146e-16,2.67179561239656e-08,-1.25651217914371e-16,1.52594651661925e-07,-5.11868266664806e-09,-2.99094832763579e-09,-1.98329771563161e-08,-4.3736558853761e-14,-1.23578215901967e-17,-1.90511544058238e-16,-4.61006987550161e-15,-0.000222944369090028,-3.80160925125489e-08,-2.3595540205354e-16,8.36192949562275e-17,-3.23840366957268e-16,8.57516361508462e-08,4.84457755438653e-10,-4.2495420933252e-08,-2.69734043189818e-16,8.12609528277886e-17,-8.21405118402174e-16,-1.6569244248237e-07,5.59658130639515e-08,-4.03739109235354e-16,6.17518174633652e-09,-8.29387281977117e-06,2.72294578534898e-16,-2.08677965609571e-16,-1.60829019644578e-08,-1.64795791176216e-10,-7.97304863125024e-09,2.00774193021129e-16,8.97796102328951e-09,1.30794023464623e-08,1.40405745309735e-08,-1.28065973139901e-08,-4.56238392561924e-08,3.8875365928988e-09,3.45777819874974e-16,-6.82906565388028e-16,7.21890412311898e-16,7.40231596499575e-08,-1.06641071298858e-07,-3.64967799382696e-09,-2.87477667116825e-09,-3.45362127498914e-16,-2.30710072995779e-16,-2.24996205635945e-17,1.19208600261928e-16,5.30047282225736e-16,3.557582384358e-07,-2.101725707174e-16,-1.54946898068009e-16,-2.22502264990153e-09,4.70488054894121e-16,-1.99182711218278e-09,-3.39641220734411e-17,-2.46952929568742e-09,3.08969954383572e-16,-2.99357074245693e-09,-3.74739179371012e-10,-2.36617752947034e-07,-3.19904396686661e-16,1.20379007527765e-08,-2.55398866700959e-16,1.70999551934773e-08,-7.79407824411442e-07,1.66496586662758e-10,5.92800973301148e-16,2.43281294490984e-08,5.26936920681741e-16,-5.98790866653462e-09,-3.3800780876973e-08,-5.49012033746994e-16,-3.58734571318506e-16,-1.55127751939122e-16,-3.65782187361192e-14,-1.1366552643379e-10,-1.48113988634214e-09,-3.3106439908164e-10,6.16352742617371e-16,2.87064381186052e-17,-0.000460051292340085,1.75736017796993e-07,-6.26330106595301e-16,8.26984148130693e-16,-1.49921519135695e-09,1.23367788799704e-16,-1.06338409503292e-08,-4.96117218517216e-16,1.00570944528732e-07,-1.12105081560862e-16,1.41398274242608e-15,3.53739848360945e-16,-3.7421771449402e-16,8.68212255067091e-17,-2.00843257326323e-16,1.33890336059271e-08,-9.36395377535808e-08,-1.03652762953559e-15,-8.99518089755905e-09,3.42257610454122e-08,4.6290020616574e-17,1.69002383644976e-15,-1.2279066784463e-15,2.61996233694506e-15,3.37799649321568e-09,5.40372837450079e-10,1.400270414573e-15,1.83844898905266e-16,-6.13908412337276e-09,-2.19019481043305e-08,-4.31197422679093e-05,-8.65929429629062e-17,-2.43457966929737e-15,2.18875356192817e-16,-3.21214888881684e-15,-1.91777922358697e-15,4.42151850640896e-15,1.29587404631721e-08,-1.22586754012331e-08,-2.35752623265521e-09,9.16361755444758e-17,-2.10390428806843e-15,4.90983680511815e-16,-2.42578900781045e-15,-1.12760634522615e-15,-4.19533353912612e-15,3.81695577814221e-15,0.707106781186549,-4.40045942150863e-14,2.48481523364246e-15,-6.00085808214747e-14,9.55505607445046e-15,-5.819826362643e-15,-3.4184587657224e-15,8.95625579921161e-09,1.86698883483017e-15,-1.05184337262397e-14,-8.36748148431418e-14,2.01630617208692e-07,-2.21009440077133e-10,2.84127504864176e-15,-3.27272028091632e-09,1.84319601664937e-07,8.06915399514668e-16,-3.51470872519769e-18,-3.23586075625754e-08,2.42761703057874e-15,4.5408873018632e-09,7.62124584665379e-16,1.38054537936195e-15,6.07353261947776e-16,-1.79242296848754e-16,4.04699448477646e-10,-5.55755581025465e-08,-7.15858003596973e-16,-5.01138357589851e-16,3.82518872054995e-16,-2.41210341195582e-15,-1.95454546644824e-16,-1.51430214461105e-15,-1.51461624849242e-16,8.38086453864371e-17,4.62707805868055e-09,5.64354037307268e-16,-4.05946800534188e-16,-5.26871534551021e-16,6.61324960464992e-16,-6.20186148364925e-16,3.48808656872677e-16,-1.32217113878899e-08,2.35758127248782e-16,-4.89087386939637e-17,9.85832593493748e-09,-7.55395803818068e-16,1.22524284964752e-16,2.1306827124929e-16,3.86553165760008e-17,2.87917819076526e-06,1.79090445604016e-16,-6.07134786887998e-09,-1.43110901670053e-16,-2.75143817780161e-16,7.44673709772393e-18,-2.70879230707794e-16,1.55226645092753e-16,1.58840414957213e-16,2.1946163495726e-10,-2.40311432597059e-16,-2.44382085377895e-16,8.54874660913238e-09,-2.74022136610817e-08,-4.55710895434632e-16,1.9198820182463e-08,2.81204726208286e-09,-6.76771651554788e-16,1.87305655145887e-16,-1.45186970142031e-16,5.77233361075554e-15,-4.1473337280446e-16,-4.7267249332824e-09,-4.91393542821339e-16,6.45279197852383e-17,1.17034642400923e-16,1.89270977501803e-09,1.43671843788802e-17,-2.13599173335951e-16,-4.56142206410592e-16,1.5181021860502e-16,-8.62609703954405e-10,6.48530546273764e-17,3.20770216644797e-05,-4.43593290483128e-16,5.19234973322524e-16,-1.85421379146294e-16,-4.32557270935843e-16,7.46682916091959e-17,6.62726823463837e-17,-3.02735286002269e-16,-3.10835416850922e-08,-3.02709840971327e-16,-8.6507557627481e-17,2.07720196697343e-08,-4.17977123026404e-16,6.03215430211751e-17,-3.70816175620556e-16,1.53494616266864e-16,3.88222752061553e-16,5.4337955165388e-17,-1.37321345260169e-08,1.49420066930399e-17,-2.4493769686209e-16,4.48504051110839e-08,-4.83265635390153e-16,-4.70907473681728e-17,-1.04092258163777e-16,-2.0450303041831e-16,-1.16193782883558e-16,-2.10164390877932e-19,4.78169303101059e-18,-1.61770279324281e-16,-3.84594133046063e-16,3.43684472279732e-16,4.03008645263833e-16,-2.35371249236331e-08,4.91106657052357e-08,2.31153254643979e-17,1.23389844586466e-16,4.149719496516e-17,-3.89649315822146e-16,-3.51281503885303e-16,3.59284422886269e-16,3.85952010869723e-16,3.20410003206143e-17,-6.17021259459189e-10,-4.81739523729079e-17,-7.77470768865963e-17,-8.68903495733055e-17,-1.50371728744677e-16,7.9032265453064e-10,-3.41218984386531e-16,-8.64774250685702e-10,7.85559786304145e-17,1.22814277523972e-16,-6.65329223781401e-17,4.73023085650607e-17,2.19841514980927e-16,-2.06726574218388e-16,8.43019797502718e-17,-6.35131773996123e-17,-3.70352829519175e-17,-3.76996993882159e-18,4.46427792454169e-16,1.0990404431387e-16,-1.35788590069175e-16,-1.628638844738e-17,-3.06457561163309e-18,1.5820132395654e-16,-1.53239573475548e-16,-3.55667572119699e-16,4.41115719710472e-17,4.54520164230731e-17,-4.14815751192954e-16,1.73519038793678e-16,-6.15811561516339e-17,-2.02358608823803e-16,-1.31617152136531e-16,5.97469547709050e-11,1.33931841137725e-16,-6.08109335134957e-17,-7.72598165192875e-17,-6.56682081952643e-16,1.87737130230639e-17,1.39428096634482e-16,-9.60379143425795e-17,1.82457610747054e-16,-1.35845381286434e-16,8.05580382979105e-17,-2.13858878522766e-17,-1.391638103365e-16,-5.23335460398503e-17,-1.13998848270024e-16,6.45242723240209e-17,-1.43257469557513e-16,1.35145387301767e-16,-7.69930300371151e-10,-6.89708944368417e-17,-2.15894914521429e-18,-2.10597756190545e-18,5.11873358121048e-17,6.50747560746091e-17,-1.13100273777532e-16,-6.70740581076199e-17,-3.00324736226306e-17,-1.04503827557301e-16,1.63350540632e-10,4.37865313707435e-17,8.10254640616492e-17,-3.83561336890299e-17,2.8800683056537e-16,1.19312953831677e-17,2.1983855977158e-17,-2.87463375443745e-17,7.5694986338335e-17,-2.25586900445007e-17,-1.54209223948223e-17,-7.15620210737032e-17,-5.55950019586144e-16,7.59599999955286e-17,8.25264733663222e-10,3.91994878245347e-18,4.1334005548802e-17,-1.16514896037808e-16,-7.70867744637194e-16,-2.48562523699021e-09,3.26255056461038e-18,-1.14772152941959e-18,8.84077240299326e-19,1.15514149083283e-17,-4.32348039009021e-18,2.06385825278903e-17,2.01864059003444e-17,7.36175925580594e-17,1.17170710742373e-18,7.26163625696143e-18,2.2240465912545e-17,1.78859648356175e-17,1.71541634602178e-17,-3.17870562935275e-17,1.0453325192645e-16,3.71373200809234e-17,-2.1415451971623e-16
"t40",-0.0487762743322849,-0.0830402958251148,0.0294240086689692,0.0433031260278094,0.003707754917683,-0.00174582661196933,0.00985562275186845,0.000188515577128357,8.64675552108375e-05,-0.000384163042701063,-0.00023247415409191,0.0232191674103198,-0.0422381092791323,0.00780852166103945,0.00708010499330972,0.0102361845762215,0.00106499074593911,-0.064316527064911,-7.15879263301334e-05,-2.54806520174748e-05,0.000302156951836594,0.000129510405435423,-0.000725502494602187,0.0146734870478371,-0.0443671299330078,-9.75012558034015e-05,0.000104457070782297,-9.05067097010419e-05,0.00130995743737486,7.24984637047595e-06,-5.25317096849797e-07,1.50647441792061e-06,-0.00104556054008532,-7.45532753849469e-06,-7.97059323676589e-07,-1.17050491254577e-05,-0.0214272476194685,-2.55965521845573e-06,-1.41223589913575e-05,-2.18831295558788e-06,-5.45705412546624e-05,4.09944991891146e-06,-4.09649199285338e-05,2.403121837999e-06,-6.79801066776216e-05,-8.6848166129729e-07,0.033772916542085,9.11996378855642e-05,-3.29045035443029e-06,3.88882620095132e-06,-2.79601728960681e-05,1.16834689443837e-06,-1.59406450514884e-09,2.81762989625995e-06,-8.98902205783156e-08,8.66191367301989e-07,-1.7595700508312e-09,-1.32771898122086e-07,5.29840077387206e-08,-1.40183389743545e-07,-9.20137750050243e-08,8.39533246632036e-09,-6.710163515314e-08,4.16162932553629e-09,1.97863710303336e-08,-1.65819182636457e-06,1.59959322510878e-08,-7.64008248780715e-07,2.36969611343084e-06,-1.14993835903387e-06,8.18982533971477e-05,-1.90040054442102e-05,1.26782700057195e-06,0.0320437873085503,0.0428996911973828,2.78319633124825e-08,-0.000132269714402633,9.37136320501425e-07,1.14768398967259e-06,2.77454681319497e-06,-1.5380035202505e-06,-2.56374300940017e-05,6.45364818176008e-06,5.06320523879429e-05,-1.32787064186108e-05,-0.00825872520875403,-0.000705639848423379,-9.28633857402153e-06,-2.84561710530198e-06,0.000640306573858022,-1.06438718528815e-05,7.81083180308824e-07,6.74606440397435e-06,-0.00117013421598901,-8.77228897410881e-08,3.56031398235577e-06,0.000763390993338005,1.42203677835491e-05,-2.00491965140967e-05,-3.76057361407466e-06,-7.85738905967531e-07,0.00600986721363786,-3.00502105146515e-08,-6.47200795034121e-06,6.93379392379916e-06,-0.344476227967862,-0.000240078646000235,8.3610861810209e-05,-2.22636431673537e-05,3.98113343565577e-06,1.63022859092193e-05,2.81112712899124e-05,-4.60313863148042e-05,2.71254763682638e-05,-1.30548216522299e-07,4.52811956427239e-06,-6.43066408014511e-06,6.24420199516557e-06,-5.92362474341852e-06,1.39976641240397e-05,-5.12918956423659e-05,1.16816660080728e-05,-1.07207151591224e-05,-2.94179140961552e-05,9.53172955732144e-06,-8.74220176499448e-05,8.83946481140905e-06,-2.62200955921468e-06,-2.44294682759479e-05,-0.000964667695997871,0.177016166868869,0.000172514912550586,-0.0715055413528908,4.22397772113079e-05,-1.58751049369772e-06,-5.90256783384211e-06,-7.71890359315878e-09,-1.02642064200327e-05,4.12905133659162e-06,-1.19304275195849e-05,-7.82277765673941e-07,-3.06597232596348e-05,6.10427480968678e-06,3.92260383668836e-07,1.23763280989968e-06,-8.14408598536006e-08,-4.07252453959112e-06,6.66643691291222e-07,4.44166107594528e-08,-1.14703864019993e-07,-1.78935629370843e-05,-5.43728707826173e-07,-1.17966744015687e-05,4.48080477904644e-06,-1.55747282849174e-06,-1.40715401663187e-07,2.17051378205636e-06,-0.0245368344635732,1.34995110609786e-06,3.64216682696139e-07,-0.00315201855757214,-4.79011285478157e-06,8.65539761371577e-07,0.000162188081256033,-7.49291363541213e-06,3.07128162375127e-05,-1.24695911381608e-06,-2.07270057069262e-08,-1.02318899442483e-06,-1.22407066507763e-06,2.00216099573205e-05,1.94904009191624e-06,-1.84986780114443e-07,-6.0707153015144e-08,-1.36480330610991e-06,-1.80635840969704e-08,-1.11264786443412e-07,2.54462619827276e-07,3.76220899494194e-08,5.16005646629841e-07,9.43740763868141e-08,4.94342459807158e-06,-1.02868895643125e-07,-0.00261776536867085,-2.40792582208304e-08,-0.0578830448545278,3.69617027906828e-06,-1.80497582874441e-08,-6.23914759832773e-08,-8.25323542826882e-07,-9.55100930014867e-09,2.48838540105188e-08,1.07247455264795e-07,0.000824142416366779,2.14290077622904e-08,-3.48013464833802e-08,-6.56982768624592e-08,-3.48597558715601e-07,4.17314302796607e-08,1.99907932857478e-08,2.00286174257612e-08,3.45053289895704e-06,-5.79791631834292e-10,-0.000217333520667779,3.97701976135792e-07,-4.65862352185146e-06,9.80356968492649e-08,3.72220130032152e-06,-7.73677023652785e-07,-0.00349766869277544,-3.41811854734291e-06,1.21598553069287e-05,-6.78552921184919e-05,-2.00584653067355e-07,-1.2813665918721e-07,-1.70635556208251e-07,2.62658610089908e-07,2.27912152943415e-08,-4.10539057564418e-08,-2.00047536366223e-07,-1.08144174580961e-06,8.40317279612128e-06,3.20608017843732e-07,1.02354929979722e-06,-2.49446325697457e-07,-1.26336053253416e-07,-1.32972429947572e-06,-8.65989204825426e-08,-1.30158284352629e-07,-9.80361818553082e-08,2.0275237865562e-06,6.49265703348131e-07,3.02385308562873e-08,5.01096425240273e-08,-2.40316814855653e-09,-3.66807767155342e-08,-1.73978106536817e-07,6.62060834643004e-17,-2.22810659576843e-08,1.61229116215928e-06,-3.21921217334284e-08,-3.60995625886605e-07,-2.4328555479332e-08,2.64874237428101e-08,1.08294674198107e-08,-5.02862368830798e-07,1.26636891941382e-09,-1.23908466144903e-10,3.95494127107438e-07,-5.07381550830641e-07,1.827539040168e-08,-2.64190203561133e-06,1.63365641217874e-07,-1.98824322525153e-07,2.34254008942892e-08,-0.0519849242689237,0.40355283344703,0.000293619685529581,1.02592676599851e-06,-1.41579566186227e-07,2.30585485318356e-06,-4.17565989708861e-07,4.31647403991773e-05,-3.23069704789285e-05,1.85400013542627e-07,-6.27880718888855e-08,0.000547200787415216,2.6898352785157e-05,-0.00208927249649962,2.04648382519926e-08,1.15340914409502e-08,-3.291490257297e-08,4.64351331192379e-06,-3.37617949233123e-06,7.50492184011527e-07,-1.60932321521537e-05,7.61527619111817e-06,-0.000138547306596867,1.20598412133199e-06,-6.99914393792261e-07,2.35439232986427e-07,-6.65288972849997e-16,-5.67581720257239e-07,-1.93959223251507e-08,-4.37346398580116e-08,-8.55154163929924e-05,2.61900604667786e-08,-1.61364890016694e-08,-3.76096525390999e-07,4.10011241602267e-08,-3.25908979257423e-07,8.53160395761032e-07,3.09358520757354e-08,-2.70120306346249e-08,3.48776302592609e-07,-4.2274495065699e-07,3.50349064006481e-05,-1.9197274748535e-07,2.19560025982029e-06,1.09854969961976e-08,9.47059255488689e-08,4.45701595546273e-07,-3.75532220113763e-06,0.00278900333475207,-3.16262221695271e-07,4.29364144007178e-07,-1.55808351702639e-06,9.75725032317203e-08,8.80974809182288e-08,6.71079075046097e-07,-1.80307110879118e-06,-9.0382431895897e-08,1.17424610281505e-06,-4.79569301191285e-07,1.18422193262936e-08,1.10018301829738e-07,-2.13132771473095e-07,5.50177170603597e-16,6.81393513045329e-10,0.000150319253386271,-2.44422936398353e-07,1.80291078776435e-07,2.57932190020708e-07,4.76539255502982e-08,1.12358087690423e-07,-1.67350808861958e-06,6.49392457045658e-07,2.25697143259418e-16,-6.89520840098161e-07,-9.77604123394963e-09,-1.36152218561275e-07,0.0142439133882076,6.44809070082408e-08,-5.43576101380316e-09,-2.34009038334471e-07,6.5158846704295e-08,-3.65212227111178e-06,4.4971855770915e-07,-9.3343481568437e-08,-1.70837801376844e-07,-9.10254074577385e-09,-9.12587754907238e-09,-1.74500698346248e-07,3.9479980819059e-05,-1.89943647187622e-07,-1.24846477349091e-15,-4.15178418034869e-06,3.31082247381168e-07,1.52408693115714e-08,8.80715487083791e-08,-4.16760217449881e-07,-1.00962638587199e-06,6.47627551909683e-06,-5.1021193855127e-05,-9.42910206774896e-08,1.472201944699e-16,-1.9093181509076e-07,-0.000121317499285596,-2.80383963632717e-07,-1.48262174763532e-14,6.43735107999041e-07,6.87267555554115e-06,-1.08369359873252e-06,-6.21643555480593e-07,-2.41532151956187e-07,-1.49472656009031e-07,-6.15270202006667e-06,3.49189531805707e-07,4.2991359202309e-06,0.385290030596802,-4.05722752916237e-07,-3.8635487740024e-06,-1.26941909049145e-15,3.78995089145102e-07,-1.48488096777328e-07,-6.53653829785758e-07,3.59642605522382e-08,2.7775914670893e-15,1.86342230041438e-09,2.11821031505168e-08,-9.71715190377372e-09,-9.47191290993499e-09,-2.6229405069591e-08,2.20166668936941e-07,-4.82555377889504e-07,8.09757695125334e-08,5.34628498076484e-15,3.20979335064415e-07,-4.30557694653934e-07,1.92887597476986e-06,4.08748756001664e-07,-4.15811699456716e-08,-2.80172462788395e-10,1.2414548555828e-14,0.707106781186546,-2.75687021766677e-10,-2.48815507079368e-07,3.28567185410636e-08,-4.81066790260801e-08,4.19377447194223e-14,-2.33298900366241e-08,-2.77783081678872e-10,4.06422062167756e-15,-8.94722473235831e-16,-5.70944369157073e-16,6.02109542506209e-08,1.78031581591849e-07,-2.59727670082709e-07,1.54947258480699e-07,7.73742161160029e-08,1.78464820104804e-07,-9.90715188403592e-05,-4.82863150295041e-16,-3.92763229173122e-07,2.94473834899363e-07,7.98378211727137e-16,7.19668394261779e-16,-9.83752131680794e-06,-1.4490782263298e-11,-1.10980355481472e-07,8.68436454727084e-08,1.09874912147867e-07,-5.91171253548052e-09,-1.37247277418101e-15,-1.98894504094952e-08,-3.66369497757316e-16,-6.78658231117101e-08,-5.23057075083044e-15,-1.2348617231025e-07,-5.89982309626065e-16,9.66522399240593e-08,1.33733659848645e-07,8.03115022739569e-09,1.05681546056411e-07,5.80155575274129e-07,-4.18972952993499e-08,4.24401820792851e-07,1.34353081844621e-08,6.53668715029605e-08,6.06422843552142e-09,9.73905475702616e-08,-0.000676802817990231,-5.98307535706721e-08,-5.04657135303217e-09,-1.22184667498364e-07,4.16757724577271e-17,5.9261419888309e-05,-4.07846733723483e-05,1.93514646516553e-08,2.39507311570014e-14,2.57279392062492e-09,7.06448074365857e-08,2.6129798441004e-07,4.72719186516223e-16,-8.59706222969709e-05,-3.16983937483985e-08,2.04842374441437e-16,-4.21111706085229e-08,6.61634385844381e-07,7.35831596804214e-17,-1.32466652575973e-16,-6.41693443615336e-05,-1.88215430386222e-08,-1.08371291493498e-10,-1.52179390478252e-07,5.77769373629572e-08,0.00176719698569782,7.28803712982647e-09,1.31519832284862e-07,-2.26153664623245e-07,-2.05919808114741e-15,5.1564219487389e-09,3.22060994954181e-10,8.90033380774122e-10,8.34165180942868e-08,-1.57632854334797e-16,4.72381292443015e-17,2.74870977424811e-08,7.32389210121826e-17,3.91676221780968e-16,1.7447560823511e-07,-1.95568929636284e-07,-4.00091490812151e-07,-2.20641658059829e-09,1.01247653970608e-05,6.982800727089e-08,6.02834567829684e-09,-1.09339994130677e-17,1.52611179709449e-08,7.14235542219496e-10,3.2796912376402e-09,-1.20492607285233e-05,1.44858950095329e-06,3.09466501620221e-17,8.63263699022704e-17,1.86403946951645e-17,-1.14708442663561e-08,-6.12267441516226e-08,-3.22171747045339e-08,-3.30080630655398e-17,-0.000623429257511503,-1.82914226772764e-16,-2.27733473183756e-16,6.94249529348467e-07,-1.52495864199415e-08,-7.22729168178837e-16,-3.82881617226079e-08,-0.000337030156100235,7.59467037893476e-17,5.64497744166876e-08,2.23817461150253e-16,1.52114764235154e-08,6.86498157193203e-18,1.51828002634636e-08,1.31473269422293e-07,1.71500975133631e-06,4.47967880395567e-09,3.07811576800388e-08,-1.06925356449888e-07,4.26217130586821e-08,-4.12291090457501e-18,1.9460657722469e-06,-1.75355404179096e-07,3.16008319273998e-16,-1.44770904863598e-08,-4.25027725363098e-08,6.86361007921305e-08,3.90929699073062e-17,3.22350017298461e-08,5.78614276685291e-05,-9.74671214468097e-17,-1.03039703046876e-07,-2.29056611815776e-08,-0.000173334397539049,-3.48805706291255e-17,-9.71619074176132e-17,2.14804848625237e-08,6.58093791865571e-09,5.32480972522812e-10,-5.94387241132221e-08,3.90590445427697e-09,1.14390726970194e-16,-2.11996827196015e-16,1.4261118359805e-08,9.83022225295487e-11,-6.8509946637837e-17,3.44718071892512e-08,1.07260054463953e-16,1.96824092372945e-07,-6.59978118608824e-09,-3.8562774100581e-09,-2.55682128638993e-08,-5.62982560119705e-14,6.74360916156125e-17,9.70166978398893e-17,-5.82877144353416e-15,-0.000287134273014414,-4.89577070946019e-08,-1.05180263478009e-16,2.49955962029427e-16,1.21309631254039e-16,1.10400109537227e-07,6.23631326970573e-10,-5.46845948288601e-08,2.74819692925195e-16,-3.28689441116137e-16,1.1576568696714e-16,-2.12968544998066e-07,7.19313070593855e-08,3.03492646964922e-17,7.93313466473034e-09,-1.0652990544377e-05,8.94635683288526e-17,3.02239737508753e-16,-2.06484502742938e-08,-2.11570137532177e-10,-1.02333896555392e-08,-1.19986209868712e-16,1.15181879703811e-08,1.67760674628516e-08,1.80028685438068e-08,-1.6413134526692e-08,-5.84650214911008e-08,4.98056403872004e-09,-6.67011329772666e-17,3.94618859728933e-16,-6.50591103360071e-18,9.47105994642468e-08,-1.36441554369926e-07,-4.66878062827e-09,-3.67436516628706e-09,3.13302436257839e-17,1.70957709572108e-16,-1.02280605476471e-16,1.21497124719058e-16,6.86426474550489e-17,4.54301023253883e-07,3.19705170959019e-17,-1.07208645234627e-17,-2.84033961132e-09,1.76170232379954e-16,-2.54260792759342e-09,2.24487208380729e-17,-3.15230434238052e-09,-3.34552377515828e-17,-3.81889531500767e-09,-4.77984429238908e-10,-3.01741590067189e-07,4.04500957170011e-17,1.53468472391953e-08,-8.4451154032964e-17,2.17871916691176e-08,-9.92267844286081e-07,2.11960310394631e-10,-1.05861168656199e-16,3.09613090731397e-08,9.65985149452475e-18,-7.61668696895546e-09,-4.29939082446999e-08,-4.20634567499467e-17,6.00835078199007e-18,-2.17144101253309e-16,-4.6173458035116e-14,-1.44519708779595e-10,-1.88298502150346e-09,-4.20829883223768e-10,-9.10785092193714e-17,-8.27999275264287e-17,-0.000584432613345731,2.23242617797639e-07,5.2217781459611e-17,-8.90393759116972e-17,-1.90303863277269e-09,-7.05012874365393e-17,-1.34959226484464e-08,-2.12784750273375e-16,1.27578970615148e-07,-1.74530025434314e-16,-3.79924557583252e-17,3.15777307789208e-17,2.82637981199794e-16,-8.06350423789981e-17,2.97695929757633e-17,1.69682811744205e-08,-1.18670422412954e-07,4.18641378829693e-17,-1.13958660622751e-08,4.33540406307704e-08,-1.2910048221062e-16,8.59666844700736e-17,3.13011744986387e-17,9.78763342257507e-17,4.27634573146576e-09,6.83985078987029e-10,5.16732118584369e-17,-3.10858404652357e-17,-7.7694078406944e-09,-2.77177638020145e-08,-5.45659360891984e-05,-1.05637730670031e-16,7.97864879431351e-17,9.62842597009775e-18,2.89332308656735e-16,1.32104802836063e-16,3.15710741164878e-17,1.6380283828411e-08,-1.54937509285146e-08,-2.97937206207796e-09,-1.54453539549681e-17,7.16004047538394e-17,-3.32235161358201e-17,1.91817108648366e-18,-5.64212699097922e-17,-6.7590429896794e-17,-1.86951712609857e-16,-1.08299278269103e-15,-5.54759030818616e-17,-1.614834103431e-16,-1.88187111283716e-17,-1.87460259969988e-16,1.21037806284027e-17,-1.03403818294466e-16,1.12987978846961e-08,4.86404901549298e-15,-5.13724620924561e-17,-9.16308812101306e-14,2.54309051878978e-07,-2.78736440234198e-10,4.88283628766619e-17,-4.1273956136376e-09,2.32388726894003e-07,-1.67516255462065e-17,8.32984453112008e-17,-4.07829730060241e-08,-7.95759738510141e-17,5.72058702523605e-09,-2.57379934794386e-16,-1.00682998892915e-16,2.50392676299323e-17,-1.55267359336452e-16,5.09486593893281e-10,-6.99625845236088e-08,1.42103014468962e-16,1.6297764180157e-16,-3.85121535905986e-17,-1.43675401452136e-16,-7.25060202849681e-17,-9.57765742170456e-18,4.23671710605569e-17,4.14118829752707e-17,5.81094642177016e-09,-2.37655074631925e-17,1.5560317636863e-17,3.19243464378179e-17,-1.65057739914974e-16,-5.70004433439543e-17,-1.70420477450304e-16,-1.65959942479256e-08,3.40088627901183e-18,-6.85649068151044e-18,1.23730696839752e-08,-1.06026837380082e-16,-1.29217537510215e-16,-6.58258972106549e-17,1.40687157894243e-16,3.60958869108484e-06,-1.55081150186014e-17,-7.61004835677694e-09,-6.91958751740199e-17,-9.49671815493883e-17,-1.47233140386129e-16,-3.483576520305e-16,-2.3071160620505e-17,-3.59431725227508e-17,2.74969010074451e-10,-9.9981080110732e-16,-1.32698077551119e-16,1.07075798944212e-08,-3.43216127315261e-08,-3.54334637613645e-17,2.4040272093169e-08,3.52087563556358e-09,-6.18023071362451e-17,-2.76395885384493e-17,1.65682862959429e-17,7.37407167315649e-15,6.97700464270362e-17,-5.91077675268272e-09,4.20250970278895e-17,-8.90028151914899e-17,-3.92869191339269e-17,2.36607325073221e-09,4.97505356791155e-17,-7.67717003066539e-17,-1.07870338644076e-17,1.2368366790972e-16,-1.07788732056421e-09,4.69514617980033e-17,4.00770514072243e-05,7.40637168476844e-17,1.13607367457331e-16,-8.06903682697033e-17,1.50938046069142e-16,-1.40352472814543e-17,-2.16082338870649e-17,8.24963444610864e-17,-3.88087368713036e-08,-5.62201683536317e-17,-1.01659988862859e-16,2.59300074760576e-08,8.04934906408609e-17,-2.83583345965469e-18,-4.33207322844763e-17,3.85365208872852e-17,-2.01538020728355e-17,1.27067260029534e-16,-1.71327110076527e-08,-1.31028435753157e-17,2.5996694471098e-17,5.59433877893606e-08,-2.2314007629573e-17,1.15888024548363e-16,4.97025674559852e-17,-3.93243684190722e-17,-1.7197335885958e-16,-7.61645437334174e-17,-3.03903713795915e-17,-8.1114851121999e-17,2.30391953306545e-17,4.53718980970896e-17,5.02062801495763e-18,-2.93322812560553e-08,6.11957732480194e-08,2.9752927134624e-17,4.67171336877284e-17,1.1866409539059e-16,3.4467930228456e-17,3.88632268727429e-16,8.13345207773186e-17,-9.4675650293956e-17,-7.78139682359137e-17,-7.68424524661746e-10,9.43921181260383e-17,2.97733299459607e-17,-9.46165501153832e-17,1.42156523909814e-17,9.83779879532325e-10,-2.39521908525451e-17,-1.07587579914726e-09,9.71495017116406e-17,-3.81649866108718e-17,4.55306272291922e-17,1.38867041799163e-16,-3.55480292712923e-17,1.35749707729073e-16,1.03106339268573e-16,3.35744723870093e-17,3.40988098326327e-17,7.31988020597753e-17,-1.11339057394121e-16,4.96827764775223e-18,5.25388425708629e-17,-2.59623477408955e-19,1.55609273040316e-16,7.59794759008015e-17,-5.39129439414451e-17,-6.21587979865956e-18,-1.60395770136722e-16,-9.0835316216822e-17,1.72035779719137e-16,-2.58113478681209e-17,-1.45170682559633e-16,3.24875851843003e-17,3.53727554630397e-17,7.41847538408836e-11,-4.59021741041094e-18,5.74471772655206e-17,-2.66011595513103e-17,8.54323183799463e-17,-6.74756892183879e-17,7.20810447884468e-17,-3.44237728777541e-18,1.09184927075938e-16,-6.0766207559688e-17,-3.60872567603047e-17,-1.43602577745705e-16,-1.39477325029881e-16,1.90148397479244e-17,-7.26560736349667e-17,-9.9427504984228e-17,-1.02773888656485e-16,-3.9663107933275e-17,-9.54708700400158e-10,-2.73587715446562e-17,-6.27507315930109e-19,-8.45986975856138e-17,-5.03907920011361e-17,2.07637903275436e-16,-7.69127806807414e-20,-9.15990869646508e-17,1.02644988020459e-16,9.81311169750741e-17,2.02276123839622e-10,1.74853385191779e-16,3.515176673308e-17,3.60411400992393e-18,-1.29705981931023e-16,1.01676784305963e-16,-2.33100275069951e-17,4.04046810143905e-17,-4.95978693914399e-17,-2.1403614344411e-17,-7.86278761407868e-17,-5.41488681944443e-17,3.89566325438062e-16,-1.12818614302305e-16,1.0205215177183e-09,-3.79692907848596e-17,-7.30012404365609e-17,7.94644214063366e-18,-1.89139068990096e-16,-3.07176608227879e-09,-2.47958916101414e-18,-2.87665787470525e-17,7.70977691378551e-17,1.82028450796307e-17,7.59704538429436e-18,1.31418216014517e-17,5.98364546646762e-17,-3.45784787248821e-17,-4.01723622233119e-17,-1.55000538951598e-17,7.82909133298039e-17,1.24171525981568e-17,-2.75620049059852e-17,-6.03521742401675e-17,6.95248315393655e-17,6.90831825643084e-17,-1.86984359740532e-16
"t32",-0.0487762743322849,-0.0830402958251148,0.0294240086689692,0.0433031260278094,0.00370775491768299,-0.00174582661196933,0.00985562275186843,0.00018851557712837,8.64675552108362e-05,-0.000384163042701045,-0.000232474154091918,0.0232191674103197,-0.0422381092791323,0.00780852166103947,0.00708010499330973,0.0102361845762215,0.0010649907459391,-0.064316527064911,-7.15879263301244e-05,-2.54806520174691e-05,0.000302156951836607,0.000129510405435411,-0.000725502494602184,0.0146734870478371,-0.0443671299330078,-9.75012558034162e-05,0.000104457070782307,-9.05067097010236e-05,0.00130995743737487,7.2498463704997e-06,-5.25317096846374e-07,1.50647441793225e-06,-0.00104556054008534,-7.45532753849634e-06,-7.97059323673317e-07,-1.17050491254686e-05,-0.0214272476194685,-2.55965521845819e-06,-1.41223589913572e-05,-2.18831295559948e-06,-5.4570541254659e-05,4.09944991892035e-06,-4.09649199285287e-05,2.40312183798747e-06,-6.79801066776152e-05,-8.68481661293168e-07,0.0337729165420851,9.1199637885544e-05,-3.29045035443867e-06,3.88882620095736e-06,-2.79601728960679e-05,1.16834689442088e-06,-1.59406451656238e-09,2.81762989627729e-06,-8.98902205669148e-08,8.66191367308171e-07,-1.75957004453229e-09,-1.3277189813e-07,5.2984007737766e-08,-1.4018338973687e-07,-9.2013775020763e-08,8.39533246124549e-09,-6.71016351494182e-08,4.16162930710316e-09,1.97863710269991e-08,-1.65819182634355e-06,1.5995932240796e-08,-7.64008248787517e-07,2.36969611342838e-06,-1.14993835903142e-06,8.18982533971643e-05,-1.9004005444202e-05,1.2678270006016e-06,0.0320437873085503,0.0428996911973827,2.78319633304694e-08,-0.000132269714402638,9.37136320509714e-07,1.14768398970241e-06,2.77454681319359e-06,-1.53800352023467e-06,-2.56374300939846e-05,6.45364818175415e-06,5.06320523879592e-05,-1.32787064186063e-05,-0.00825872520875404,-0.000705639848423406,-9.28633857397865e-06,-2.84561710528638e-06,0.000640306573858126,-1.06438718528602e-05,7.81083180235531e-07,6.74606440394072e-06,-0.00117013421598903,-8.77228898188536e-08,3.56031398234221e-06,0.000763390993337899,1.42203677835776e-05,-2.0049196514068e-05,-3.76057361408718e-06,-7.85738905904264e-07,0.00600986721363786,-3.00502104966908e-08,-6.47200795039924e-06,6.93379392371391e-06,-0.344476227967861,-0.000240078646000217,8.36108618101657e-05,-2.22636431673243e-05,3.98113343562032e-06,1.63022859092537e-05,2.811127128997e-05,-4.60313863147913e-05,2.71254763681943e-05,-1.30548216533177e-07,4.52811956424416e-06,-6.43066408024397e-06,6.24420199505359e-06,-5.92362474339105e-06,1.39976641240276e-05,-5.12918956424242e-05,1.168166600812e-05,-1.07207151590847e-05,-2.94179140961657e-05,9.53172955734537e-06,-8.74220176500597e-05,8.83946481144895e-06,-2.62200955922258e-06,-2.44294682759568e-05,-0.000964667695997872,0.177016166868869,0.000172514912550643,-0.0715055413528904,4.22397772113443e-05,-1.5875104936902e-06,-5.90256783380354e-06,-7.71890360037718e-09,-1.02642064201145e-05,4.1290513366188e-06,-1.19304275194924e-05,-7.82277765658981e-07,-3.06597232595335e-05,6.1042748097061e-06,3.92260383707196e-07,1.23763280998007e-06,-8.14408598085095e-08,-4.07252453951082e-06,6.66643691325705e-07,4.44166107724508e-08,-1.14703864031741e-07,-1.78935629368743e-05,-5.43728707808514e-07,-1.17966744015801e-05,4.4808047790259e-06,-1.55747282850917e-06,-1.40715401666713e-07,2.1705137821155e-06,-0.0245368344635731,1.34995110608959e-06,3.64216682711609e-07,-0.00315201855757233,-4.79011285479461e-06,8.65539761372115e-07,0.000162188081256108,-7.4929136354738e-06,3.07128162373968e-05,-1.2469591138424e-06,-2.07270057219906e-08,-1.02318899440975e-06,-1.22407066507263e-06,2.00216099573592e-05,1.94904009182682e-06,-1.8498678006763e-07,-6.07071530080983e-08,-1.36480330616534e-06,-1.8063584080641e-08,-1.11264786417579e-07,2.54462619966229e-07,3.76220899480954e-08,5.16005646601415e-07,9.43740763768594e-08,4.94342459803423e-06,-1.0286889565888e-07,-0.00261776536867092,-2.40792582312788e-08,-0.0578830448545278,3.69617027904438e-06,-1.80497582950705e-08,-6.23914759494764e-08,-8.25323542863128e-07,-9.55100935482319e-09,2.48838540039858e-08,1.07247455150701e-07,0.000824142416366545,2.14290077868494e-08,-3.48013464676036e-08,-6.56982768009813e-08,-3.48597558742741e-07,4.17314302910403e-08,1.99907932878122e-08,2.00286174339981e-08,3.45053289900519e-06,-5.79791654218031e-10,-0.000217333520667792,3.97701976239094e-07,-4.65862352176163e-06,9.80356968464545e-08,3.72220130042517e-06,-7.73677023601143e-07,-0.00349766869277526,-3.41811854743377e-06,1.21598553070346e-05,-6.78552921184552e-05,-2.00584653103866e-07,-1.28136659233219e-07,-1.70635556136511e-07,2.62658610167163e-07,2.27912153399789e-08,-4.10539057215304e-08,-2.00047536382666e-07,-1.08144174590212e-06,8.40317279595141e-06,3.20608018032789e-07,1.02354929978034e-06,-2.49446325678036e-07,-1.2633605338595e-07,-1.32972429953605e-06,-8.65989205065384e-08,-1.3015828434715e-07,-9.80361818632284e-08,2.02752378678999e-06,6.49265703275222e-07,3.02385308232744e-08,5.01096425739031e-08,-2.40316835824447e-09,-3.66807766120987e-08,-1.73978106472099e-07,2.05996900782511e-16,-2.22810658343116e-08,1.61229116144956e-06,-3.21921217280165e-08,-3.60995625698942e-07,-2.43285555374632e-08,2.64874236601089e-08,1.08294673347046e-08,-5.02862368866392e-07,1.26636886847786e-09,-1.23908386200475e-10,3.95494127094087e-07,-5.07381550088451e-07,1.82753903431645e-08,-2.64190203556511e-06,1.63365641212636e-07,-1.98824322529704e-07,2.3425400703036e-08,-0.0519849242689236,0.40355283344703,0.000293619685529501,1.0259267658844e-06,-1.41579566026173e-07,2.30585485321585e-06,-4.17565989692051e-07,4.31647403993487e-05,-3.23069704790162e-05,1.85400013490791e-07,-6.27880720887282e-08,0.000547200787414982,2.68983527850844e-05,-0.00208927249649961,2.04648383409495e-08,1.15340915695955e-08,-3.29149026419957e-08,4.64351331183341e-06,-3.37617949220745e-06,7.50492183944211e-07,-1.60932321522438e-05,7.61527619131512e-06,-0.000138547306596894,1.20598412124184e-06,-6.99914393925443e-07,2.35439232974395e-07,-6.85509797477275e-16,-5.67581720501533e-07,-1.93959223075304e-08,-4.3734639833636e-08,-8.55154163928324e-05,2.61900606912746e-08,-1.61364890290891e-08,-3.76096525314948e-07,4.10011241276503e-08,-3.25908979337847e-07,8.53160395727822e-07,3.09358521803898e-08,-2.70120307045845e-08,3.48776302686037e-07,-4.22744950514245e-07,3.50349064005486e-05,-1.91972747425252e-07,2.19560026014945e-06,1.09854968572337e-08,9.47059255444298e-08,4.45701595600099e-07,-3.75532220072858e-06,0.00278900333475167,-3.16262221746721e-07,4.29364143753486e-07,-1.55808351706919e-06,9.75725032333184e-08,8.80974812448503e-08,6.710790749934e-07,-1.80307110859847e-06,-9.03824318894712e-08,1.17424610277041e-06,-4.79569300987593e-07,1.18422190445794e-08,1.10018302054487e-07,-2.1313277152294e-07,3.60662304855078e-16,6.81394056566434e-10,0.000150319253386182,-2.44422937038954e-07,1.80291078935104e-07,2.5793218996834e-07,4.76539255060443e-08,1.12358087137692e-07,-1.67350808832292e-06,6.49392456821239e-07,-5.72759546873641e-17,-6.89520840000954e-07,-9.77604173721752e-09,-1.3615221822925e-07,0.0142439133882059,6.44809069316868e-08,-5.43576120717496e-09,-2.34009038116084e-07,6.51588464308254e-08,-3.65212227033785e-06,4.49718557105832e-07,-9.33434806808901e-08,-1.70837801103168e-07,-9.102541234839e-09,-9.12587783412269e-09,-1.74500698933904e-07,3.94799808190143e-05,-1.89943646736035e-07,-1.56483762445924e-15,-4.15178418027528e-06,3.31082245006332e-07,1.52408692596709e-08,8.80715489926834e-08,-4.16760217230222e-07,-1.00962638560336e-06,6.47627551864742e-06,-5.10211938548352e-05,-9.42910203065023e-08,-6.78509107943724e-16,-1.90931816305005e-07,-0.000121317499285893,-2.80383964276321e-07,1.85345101352703e-15,6.4373510831367e-07,6.8726755579444e-06,-1.08369359978612e-06,-6.21643555787245e-07,-2.41532152326277e-07,-1.49472654767513e-07,-6.15270202013889e-06,3.49189531330482e-07,4.29913591932834e-06,0.385290030596799,-4.05722752316784e-07,-3.86354877502924e-06,-1.06687226186344e-15,3.78995087257749e-07,-1.48488095986853e-07,-6.53653832048803e-07,3.59642607147891e-08,1.64419280795656e-15,1.86342191555156e-09,2.11821040100452e-08,-9.71715180264347e-09,-9.47191004002742e-09,-2.62294040398087e-08,2.20166671368886e-07,-4.82555378671355e-07,8.09757669876767e-08,-4.78917240454555e-15,3.20979335880145e-07,-4.30557717295219e-07,1.92887596766975e-06,4.0874875925521e-07,-4.15811710508839e-08,-2.80162076925925e-10,-1.03693095776514e-14,-0.70710678118655,-2.75684479269799e-10,-2.48815460904275e-07,3.28567224068727e-08,-4.81066803220304e-08,-4.17319279800559e-14,-2.33298869727733e-08,-2.77784816264061e-10,-4.26196325209293e-15,8.56010763803531e-16,1.33690075120425e-15,6.02109524805824e-08,1.78031578941591e-07,-2.59727676455304e-07,1.54947258841547e-07,7.73742157491652e-08,1.78464819618109e-07,-9.90715188379003e-05,2.95931235836776e-16,-3.92763228078582e-07,2.94473836170449e-07,-8.76158201329787e-16,1.87804416513304e-16,-9.83752131568759e-06,-1.44755508712015e-11,-1.10980355405902e-07,8.68436461972987e-08,1.09874913035653e-07,-5.91171193204372e-09,1.62968304143142e-15,-1.98894476486236e-08,-3.94821017171408e-16,-6.78658257035115e-08,3.23452744623032e-15,-1.23486172330715e-07,8.13658099245305e-16,9.6652245757327e-08,1.33733655779721e-07,8.0311581284928e-09,1.05681547339154e-07,5.80155574668757e-07,-4.1897294763111e-08,4.24401820793624e-07,1.34353103760334e-08,6.53668721727173e-08,6.06421277860845e-09,9.73905466080344e-08,-0.000676802817991073,-5.98307545794862e-08,-5.04657998568961e-09,-1.22184667854747e-07,-6.93532976819684e-17,5.92614198876807e-05,-4.0784673372843e-05,1.93514631269699e-08,2.36843304602937e-14,2.5727969552001e-09,7.06448066567665e-08,2.61297985525148e-07,-7.45103288041537e-16,-8.59706222966263e-05,-3.1698394534669e-08,-1.10612799614196e-16,-4.21111699999566e-08,6.61634385572191e-07,-4.56968731747461e-17,7.9159366347025e-17,-6.41693443597822e-05,-1.8821544436971e-08,-1.08371051179012e-10,-1.52179390198216e-07,5.77769360339947e-08,0.00176719698570145,7.28803737500843e-09,1.31519832820174e-07,-2.26153665022349e-07,-4.45281832239797e-16,5.15642181758549e-09,3.22060664773699e-10,8.90033658021097e-10,8.34165183607805e-08,1.71452836329974e-16,-1.481299041584e-16,2.74870965927106e-08,-2.8844210498932e-17,-1.66757890650159e-16,1.74475607457758e-07,-1.95568929457255e-07,-4.00091491034488e-07,-2.20641627504609e-09,1.0124765397134e-05,6.98280072149259e-08,6.02834565044956e-09,1.60190202390567e-17,1.52611185864802e-08,7.14235760777575e-10,3.279690622757e-09,-1.20492607284674e-05,1.44858950086631e-06,-2.0399965104465e-16,4.41767329657777e-17,3.46618090014749e-16,-1.14708443410595e-08,-6.12267445708531e-08,-3.22171738665112e-08,-1.95420948853539e-16,-0.000623429257509769,1.93642740258618e-16,3.63213158485508e-16,6.9424952944504e-07,-1.52495862215805e-08,4.39318720291126e-16,-3.82881617478088e-08,-0.000337030156100355,-2.5165313190481e-17,5.64497742802213e-08,-9.97238821359247e-17,1.52114764609158e-08,1.41469002117731e-16,1.51828005639514e-08,1.31473269477867e-07,1.71500975165142e-06,4.47967897188522e-09,3.07811573905135e-08,-1.0692535615672e-07,4.26217132634278e-08,8.740539891782e-17,1.94606577210819e-06,-1.75355404444446e-07,-2.25184098063534e-17,-1.44770903158389e-08,-4.25027722451941e-08,6.86361007780964e-08,2.55462751164957e-16,3.22350012177342e-08,5.78614276683498e-05,-1.40366864386941e-17,-1.03039703136994e-07,-2.29056612732331e-08,-0.000173334397539362,-2.15483359665657e-16,-4.25862086007503e-17,2.14804851622173e-08,6.58093803427838e-09,5.32480910954705e-10,-5.94387249826704e-08,3.90590476915648e-09,-3.39231244380715e-17,1.67311442599813e-16,1.42611181686358e-08,9.83024970953352e-11,9.02054365818854e-17,3.44718072295122e-08,-1.07511890665055e-16,1.9682409241015e-07,-6.59978107882307e-09,-3.85627716902364e-09,-2.5568213138931e-08,-5.64936708958257e-14,-4.15960740034413e-19,-2.81101806333454e-16,-5.88475629681816e-15,-0.000287134273013816,-4.89577075139671e-08,-9.17340379510164e-17,-2.40641495289302e-16,-1.89237250576241e-16,1.10400109851512e-07,6.23631341729029e-10,-5.46845950425511e-08,-1.39888405313054e-16,-1.33079040409018e-16,9.84455572616838e-17,-2.12968545033682e-07,7.19313074563825e-08,5.61450583022374e-17,7.93313478713153e-09,-1.06529905443114e-05,-5.50369232338554e-17,-3.03408158141463e-16,-2.06484504201929e-08,-2.11569707585949e-10,-1.02333894045614e-08,1.47051790627883e-16,1.15181881187081e-08,1.67760675497181e-08,1.80028684574203e-08,-1.64131345778629e-08,-5.84650212423441e-08,4.98056419331507e-09,1.1511955393977e-16,-3.38034271615988e-17,-5.38595050013822e-17,9.47105994652702e-08,-1.3644155453119e-07,-4.66878043402687e-09,-3.67436513652897e-09,-1.39230851732174e-16,-4.71494937115854e-17,-4.6144842873124e-17,2.08663240545158e-16,-2.22319889015498e-16,4.54301023371966e-07,-1.98776868080385e-16,-1.55952133047172e-17,-2.84034001340142e-09,4.73532293117855e-17,-2.5426082613717e-09,-2.12873843851322e-17,-3.15230393166955e-09,1.26820136739843e-18,-3.81889544536618e-09,-4.77984644071979e-10,-3.01741590351422e-07,3.32222393123841e-18,1.53468475288185e-08,4.46465534251431e-17,2.17871916219278e-08,-9.92267844278086e-07,2.11960297587652e-10,9.0271059860838e-17,3.09613093412521e-08,1.49566625469818e-17,-7.61668680494232e-09,-4.29939082831584e-08,1.80156808208763e-17,4.53853683315743e-17,3.09113298140666e-17,-4.58910950526444e-14,-1.44519759044437e-10,-1.88298499967133e-09,-4.20829912960853e-10,-3.47141163106086e-17,1.03507045491614e-16,-0.000584432613345323,2.23242617711011e-07,1.86469079783612e-16,5.22907788455045e-17,-1.90303855311282e-09,-2.00481363695331e-17,-1.34959226319013e-08,1.74477998884916e-16,1.27578970638367e-07,1.52121489057428e-16,7.73600372064394e-17,-3.48028676891168e-17,-4.84519922328033e-17,6.02269462431075e-17,-2.7640910053427e-16,1.69682813842835e-08,-1.18670422454275e-07,-7.5667997146481e-17,-1.13958660531465e-08,4.33540406241531e-08,-1.04257735898096e-16,1.31235033718489e-16,-5.94500069225537e-17,-1.5796813855402e-16,4.27634579149967e-09,6.83985101034368e-10,1.60528112752897e-16,4.79384886956472e-17,-7.76940780229616e-09,-2.77177638973206e-08,-5.45659360886382e-05,4.15049338771937e-17,2.41495689380153e-17,-1.07991853668452e-16,-1.72199710198552e-16,-5.31035675916719e-17,-5.76936793533286e-17,1.63802836933014e-08,-1.5493751102126e-08,-2.9793721989266e-09,5.90177978482803e-17,-7.81729228051424e-17,6.45687117567288e-17,2.32021075408193e-17,-2.81484364186885e-17,2.67756681855212e-17,-5.71543194040796e-17,-3.45019993370544e-16,-1.98818419999737e-17,9.43187570618862e-17,-6.51963149929332e-17,-2.40367560685546e-16,7.39197961450718e-17,8.44422367031811e-17,1.12987979005017e-08,5.05068597183535e-15,1.32508236941979e-16,-9.1444898158958e-14,2.54309051901434e-07,-2.78736326233346e-10,-6.85203968830179e-17,-4.12739569689546e-09,2.32388726861247e-07,-2.82271570627219e-17,-1.49099854488828e-16,-4.07829730139388e-08,1.7319869720972e-16,5.72058684874113e-09,-1.62338290016026e-16,7.14733798299391e-17,-2.74582425174037e-17,-3.43871956938395e-16,5.09486641000548e-10,-6.99625845082374e-08,-1.31095665791744e-16,-1.41591839043375e-17,-3.81067433692106e-17,-1.46087751438122e-16,1.41217332966237e-16,1.629530798274e-16,-1.90643277223349e-16,4.42116181148791e-17,5.81094646662731e-09,-4.67438181862942e-17,-6.41044090877266e-18,-9.44377568512061e-17,1.46339454392853e-16,-7.95672537599328e-17,3.13969806942567e-17,-1.6595994297207e-08,1.6003226498426e-17,-8.4575820120736e-17,1.23730696575201e-08,1.13190820066446e-16,2.51720965972241e-16,6.14654857602317e-17,-8.20197359190239e-17,3.60958869127097e-06,-4.35910864772909e-17,-7.61004832255058e-09,-2.69522138124239e-17,-9.19347086041339e-17,-4.20417117587027e-17,9.20266357082723e-17,1.45849590351868e-17,-1.06676193564158e-17,2.74969077867543e-10,-8.44333720759307e-16,-5.50827154963463e-17,1.07075797376776e-08,-3.43216125562635e-08,9.21065614485821e-17,2.40402721033019e-08,3.52087572249275e-09,1.13590742223392e-17,5.27539428231341e-17,-6.40969498852588e-17,7.46732843844439e-15,5.55130748149559e-18,-5.91077672447631e-09,-8.19001795920421e-17,-1.01074728755762e-16,6.83445446708079e-17,2.3660732338677e-09,-4.9263790306027e-17,8.25715796409811e-17,5.30563145727898e-17,-5.33290300280964e-17,-1.07788734233799e-09,1.84837077786416e-17,4.00770514079211e-05,-9.91506850556092e-17,-4.64750789041381e-17,1.76877771823726e-17,-1.15533204191682e-16,5.17474245484218e-17,-2.47273239724379e-17,-7.16589910885056e-17,-3.88087369871217e-08,-1.17593291345905e-16,1.77335638142518e-17,2.59300074508121e-08,-1.15294837403835e-16,9.46575234669137e-17,1.1216757962542e-16,-2.74178255860004e-18,1.14717230143873e-16,-2.55044360325005e-16,-1.71327110237321e-08,5.84682318681002e-17,1.26715789980208e-16,5.59433877902131e-08,-2.33353514548824e-16,-5.34553079121727e-17,7.2310797038339e-18,-1.69155256353162e-16,4.10884536695028e-17,7.88775485922386e-17,9.57510308311775e-17,-5.52934746478863e-17,4.70105790144903e-17,9.85366603237342e-17,4.09537482164659e-17,-2.9332281299023e-08,6.11957736838523e-08,-3.43645118288389e-18,-3.52928374862411e-18,-4.29625354141865e-17,1.08015494163291e-16,-5.51316804708879e-17,-6.47793612006002e-17,-1.46566417775176e-16,1.34311410916478e-16,-7.68424506220542e-10,-7.94415579436668e-17,-3.03726043021954e-17,-8.08803201281376e-17,1.67452127265277e-16,9.83779875037512e-10,-7.37217850654712e-17,-1.07587596681711e-09,-8.12838050782613e-17,-3.32827176013331e-17,-1.59419848925756e-16,-1.400171606983e-16,3.78906181793657e-18,6.97709303899033e-17,-9.91164112682242e-17,2.71217531362249e-17,-3.02291762255895e-17,-2.87915085172995e-18,1.42753365255042e-16,1.69313681503803e-17,6.38592647516279e-17,3.61929015522558e-18,-1.13110071488877e-16,-3.79919768007618e-17,7.97258982325141e-19,4.28432294551187e-18,1.43248895708854e-16,1.41102272301429e-16,-7.62465177800431e-17,-1.73873529503064e-18,-1.88511664404739e-16,-2.73030915195024e-17,-1.16090142884527e-18,7.41847168478556e-11,-3.42869810541436e-17,5.06167035788527e-17,1.20801460561505e-17,3.00113441955568e-18,1.38160197556494e-16,-3.78876238692267e-17,-4.5670447340624e-17,-1.32786114927235e-17,9.49200184379567e-17,3.41794214863979e-17,3.84620720689233e-16,9.56191329705707e-17,-2.63927518842467e-17,-1.35688502217745e-16,-1.14868006206742e-16,3.2562191381651e-17,-1.1027422888335e-17,-9.54708729206132e-10,-9.96311930001293e-18,9.15927389878751e-17,-5.85569547787402e-18,-2.0416528000945e-18,1.6278869461237e-16,3.67078100397435e-18,1.34902743824195e-16,-4.40161113538185e-17,4.02688289436682e-17,2.02276068312425e-10,9.61945175779564e-17,-3.50688558429249e-17,-6.80000250814349e-17,8.17950118650605e-17,-3.99665099475094e-17,-2.62988809590134e-17,-6.07157567563712e-17,-2.08682278133439e-17,-4.47955872445807e-17,-8.16530479129732e-17,1.62381986020053e-17,-1.96286260908557e-16,9.712136217597e-19,1.02052153551783e-09,-3.31532074948384e-17,1.91925364048502e-17,-7.83640591375638e-17,-7.81167665275806e-17,-3.07176607729583e-09,6.22747055942947e-17,4.13114286484727e-17,3.99901376754234e-17,-5.31225013155417e-17,-6.50388141449131e-17,3.71361155744753e-17,4.22506715691874e-17,-7.09485432529165e-19,-2.49657033724921e-17,4.6673277092062e-17,5.41485345341466e-17,-2.00923142294966e-17,-7.50869175399514e-17,-6.4823077645309e-17,-1.45953462074633e-16,7.70912282280647e-17,-2.2938202676293e-16
"t259",-0.048768824244844,-0.0830135639577815,0.0294142302540959,0.0432838379337123,0.00370573279201226,-0.00174470952800076,0.00984919269983905,0.000188382801827041,8.6395628541219e-05,-0.000383775562701901,-0.000232176684133051,0.0231825633350911,-0.0421695762310809,0.00779566034783733,0.00706793542503145,0.0102175525142184,0.00106300596881883,-0.0641944924639069,-7.14489519704858e-05,-2.54269152043861e-05,0.000301467724882634,0.00012915387419411,-0.000723393304671413,0.0146305844700834,-0.044236898003061,-9.72014099290386e-05,0.000104132033419999,-9.02225527977733e-05,0.0013057342886176,7.22224259859321e-06,-5.2318403579998e-07,1.50007868312071e-06,-0.00104080063499791,-7.41977500084105e-06,-7.93063896164308e-07,-1.16416777907867e-05,-0.0213097656540285,-2.54539755648718e-06,-1.40431592615057e-05,-2.17585760888623e-06,-5.4250991006996e-05,4.07486136400398e-06,-4.07155387682273e-05,2.38847451972413e-06,-6.75585095336428e-05,-8.6275057595198e-07,0.0335459085307522,9.05813514876769e-05,-3.26760715720588e-06,3.86113961767669e-06,-2.77544543871021e-05,1.15962027550778e-06,-1.58213200911569e-09,2.79614441973572e-06,-8.91799902339039e-08,8.59311198117158e-07,-1.74425070433132e-09,-1.31587880662281e-07,5.25101747495113e-08,-1.3885633777849e-07,-9.11058843519989e-08,8.31082073389942e-09,-6.64152543892959e-08,4.11888945971772e-09,1.95771289494257e-08,-1.64019922717615e-06,1.58125586921092e-08,-7.55037737977802e-07,2.34156711426754e-06,-1.13602012815708e-06,8.08051797000471e-05,-1.87321109023271e-05,1.24949907590425e-06,0.031570672881722,0.042264630340998,2.74162306189629e-08,-0.00013028691333083,9.2284203403821e-07,1.12949280593852e-06,2.72989622953073e-06,-1.51261272016221e-06,-2.52118644203032e-05,6.34223559457672e-06,4.97477762033681e-05,-1.30352740169631e-05,-0.00810535323123865,-0.000692364947863231,-9.11127449118056e-06,-2.79194298751769e-06,0.00062821260662001,-1.04418497716997e-05,7.65573324446088e-07,6.61156345252637e-06,-0.0011461653452837,-8.58428686491561e-08,3.48350033282381e-06,0.000746915735992817,1.39082690509681e-05,-1.9606441237677e-05,-3.67558734276116e-06,-7.67649919225415e-07,0.00587128399225888,-2.935599959385e-08,-6.31002273038794e-06,6.75923807783236e-06,-0.335764897782667,-0.000233958635241661,8.14747326713319e-05,-2.16926001753941e-05,3.87841327956551e-06,1.58808472037931e-05,2.73762275020576e-05,-4.48261437114552e-05,2.63940249948971e-05,-1.27006046201395e-07,4.40359178511054e-06,-6.25275040204346e-06,6.06860101558005e-06,-5.75443185017694e-06,1.35931915202041e-05,-4.98000471506332e-05,1.13342192271774e-05,-1.0397270656984e-05,-2.85298921796176e-05,9.24341370564355e-06,-8.47391372039605e-05,8.56786715685794e-06,-2.54044857949199e-06,-2.3642801339391e-05,-0.000933592048568104,0.171297953771711,0.000166814246648004,-0.0691322518289994,4.08333614914107e-05,-1.53396370620051e-06,-5.70311785285605e-06,-7.45095188365647e-09,-9.90021041794812e-06,3.97837089259804e-06,-1.14947045865371e-05,-7.53568694823412e-07,-2.95317568149298e-05,5.87880974861072e-06,3.77750147183323e-07,1.19185019218447e-06,-7.83956010556272e-08,-3.91697926878589e-06,6.40634803334231e-07,4.267457962173e-08,-1.10153004372048e-07,-1.71829896432846e-05,-5.22042058745911e-07,-1.13249544455697e-05,4.30110543076203e-06,-1.49333453087322e-06,-1.34896235860253e-07,2.08048744782081e-06,-0.0234498334820762,1.28920561570173e-06,3.47788423696456e-07,-0.00300796801715041,-4.57061304487766e-06,8.25211458227022e-07,0.000154615980337775,-7.137418168377e-06,2.92330566326658e-05,-1.1841855254645e-06,-1.96819841095369e-08,-9.71581274815583e-07,-1.16196547995192e-06,1.89987649168428e-05,1.84937079812652e-06,-1.75398023294656e-07,-5.75470675645022e-08,-1.29310897633719e-06,-1.71125675670752e-08,-1.05400189756296e-07,2.40765803814881e-07,3.55531173882422e-08,4.87524270411718e-07,8.91467808983899e-08,4.66677865751056e-06,-9.70892970108719e-08,-0.00247011902669298,-2.271619637558e-08,-0.0545663240497258,3.48374038257119e-06,-1.69852625304609e-08,-5.87087743768349e-08,-7.7618904144433e-07,-8.96892630048428e-09,2.33378050367257e-08,1.00539856463687e-07,0.000772089163102015,2.00656210440932e-08,-3.25388216712552e-08,-6.14071258566918e-08,-3.25603671699787e-07,3.89652440843654e-08,1.86151113585391e-08,1.86479204419575e-08,3.20890737387053e-06,-5.38564953037495e-10,-0.000201307173502019,3.68370235200599e-07,-4.31388990101092e-06,9.07071038688306e-08,3.4419882568098e-06,-7.14342068211627e-07,-0.00322323870292007,-3.14500472397156e-06,1.11828100756441e-05,-6.22644831689562e-05,-1.83827374942385e-07,-1.17427942751681e-07,-1.56221076910487e-07,2.39861218291125e-07,2.0802790512787e-08,-3.73723518281466e-08,-1.81766102893512e-07,-9.81968462861753e-07,7.6093144766737e-06,2.90127502120008e-07,9.25563573120542e-07,-2.25058828979264e-07,-1.13932191190569e-07,-1.19903442940383e-06,-7.78908999335238e-08,-1.16887979758421e-07,-8.78865043957895e-08,1.81615272450016e-06,5.81091685959758e-07,2.70420417411617e-08,4.48025203144024e-08,-2.14414792066223e-09,-3.26838948691161e-08,-1.54795942397302e-07,1.76281350452226e-16,-1.97826282099092e-08,1.43089039919618e-06,-2.84849791635642e-08,-3.1867548259327e-07,-2.14342895214941e-08,2.33335507138186e-08,9.50445127814884e-09,-4.41054345362127e-07,1.11038888010868e-09,-1.08492608282389e-10,3.45954298547038e-07,-4.43035138474898e-07,1.59449493371299e-08,-2.30424915317537e-06,1.42226542256507e-07,-1.71731786242561e-07,2.01744587499534e-08,-0.044659801250637,0.344774392195679,0.000250752353470922,8.72638552470025e-07,-1.20149287044111e-07,1.95030344215323e-06,-3.52795780338829e-07,3.64274804090948e-05,-2.72206664884046e-05,1.55835153873206e-07,-5.27609138548258e-08,0.000456920282533762,2.24571798245918e-05,-0.00174402404234269,1.70529730209769e-08,9.60479238718402e-09,-2.73511044026173e-08,3.8570569168486e-06,-2.76682048273104e-06,6.14080710438754e-07,-1.31516980661235e-05,6.205358553636e-06,-0.000112630767335972,9.75073629010126e-07,-5.64987423119608e-07,1.89807099695605e-07,1.74467356664151e-17,-4.55514895649749e-07,-1.55568870311039e-08,-3.50088753876548e-08,-6.81274503705667e-05,2.07771220009025e-08,-1.27753934082498e-08,-2.97456595317201e-07,3.19889052908106e-08,-2.54040143938202e-07,6.64858141594253e-07,2.40059756125288e-08,-2.06988323108972e-08,2.66655580123075e-07,-3.2269365084197e-07,2.66004805037674e-05,-1.42603669593457e-07,1.61484967104607e-06,8.07496300490252e-09,6.96018881275106e-08,3.18863978955103e-07,-2.59212407043423e-06,0.00191552400738797,-2.15588513328778e-07,2.89938591733606e-07,-1.04901155981236e-06,6.39875516115559e-08,5.76530022017676e-08,4.37466495146954e-07,-1.17223729033021e-06,-5.82319833192198e-08,7.48747271162917e-07,-3.02764517551945e-07,7.44302699621896e-09,6.86156461332234e-08,-1.3065639201462e-07,-7.59324802706905e-16,3.65855557491225e-10,7.93799677881442e-05,-1.2571521419252e-07,9.26549406199685e-08,1.32442649638496e-07,2.43037425295436e-08,5.65551609431493e-08,-8.28791872396516e-07,3.10490808807727e-07,-4.49330702635449e-16,-3.00050366018741e-07,-4.19804898216261e-09,-5.67498616377255e-08,0.00591517741051672,2.46259543510695e-08,-1.96849516578080e-09,-7.77738792343834e-08,2.0231468733531e-08,-9.45545067742273e-07,9.23760232790392e-08,-1.56534997270878e-08,-2.47840598662142e-08,-1.18764806675357e-09,-9.43840255802323e-10,-1.75117067175618e-08,3.16463778201183e-06,-1.21415394748057e-08,2.76407103798184e-15,3.12073368602e-07,-3.59815866413505e-08,-1.66151376003024e-09,-1.89639444387365e-08,9.71020859326893e-08,4.9826503958734e-07,-3.80119789898443e-06,3.09530248991582e-05,6.4651791699597e-08,1.83797665515587e-16,1.49891507009231e-07,0.000100074757282058,2.77498543341092e-07,1.43964403205377e-14,-7.74083447180391e-07,-8.65294701484288e-06,1.39735716057959e-06,8.42182498187278e-07,3.55675218672663e-07,2.34473182274095e-07,1.01454354009962e-05,-6.69545225342227e-07,-8.39511720523939e-06,-0.837940595747004,1.07693202225742e-06,1.03643238872477e-05,2.56373326309644e-15,-1.59616744904425e-06,6.8478259134553e-07,3.75601385167044e-06,-3.12446063032964e-07,-4.72219656457245e-15,-2.29267036252142e-07,2.42069033167951e-07,-7.83102798698097e-08,-6.76575498088681e-08,-1.65790712623784e-07,1.16056352409984e-06,-2.05070472994927e-06,2.48689717744477e-07,-7.54916616065387e-16,8.30755093741071e-07,-1.10109118289643e-06,4.81655105202565e-06,9.89793176047173e-07,-1.00462987249439e-07,-6.71392540625877e-10,-1.8474805019153e-15,2.68846594855341e-15,-6.32440146715874e-10,-5.51810963781431e-07,7.2579084934324e-08,-1.03413016742118e-07,5.37823716385365e-16,-4.76031478001309e-08,-5.55346966654235e-10,-6.4900924253782e-17,-1.87339686404404e-17,-6.15209983927232e-16,1.13894951932965e-07,3.34663586187327e-07,-4.78363069876028e-07,2.80844056515207e-07,1.39988908177369e-07,3.17827239579102e-07,-0.00017612745159095,-4.62069765908244e-17,-6.7856044428971e-07,5.04090616276894e-07,-1.69633452747893e-16,-1.55523536682979e-16,-1.63037189414316e-05,-2.38342824670247e-11,-1.80999091230921e-07,1.40815825809132e-07,1.76284554051656e-07,-9.46918658012341e-09,-2.28860431683671e-16,-3.17873295526988e-08,7.12639695130535e-16,-1.07786859686231e-07,8.19250266584359e-16,-1.95252458965304e-07,-2.9261274284508e-16,1.51985538073509e-07,2.10067156402065e-07,1.24431417763911e-08,1.63284969672868e-07,8.95353676789315e-07,-6.43453688607374e-08,6.49118640690576e-07,2.03627064158824e-08,9.90630036653595e-08,9.16561050145518e-09,1.46494567892638e-07,-0.00101178515048334,-8.89995740368618e-08,-7.47846706314208e-09,-1.80733530390433e-07,1.34878398977896e-16,8.71773008634323e-05,-5.96923544370357e-05,2.79460533818994e-08,3.39827521514467e-14,3.70202652418415e-09,1.01117840797839e-07,3.73196509920768e-07,2.94751213650013e-16,-0.00012265109523123,-4.50294872872641e-08,-1.62782472073183e-16,-5.96987335706373e-08,9.2711634531061e-07,-6.1516682127316e-17,1.69841106250461e-16,-8.95365900836407e-05,-2.62522240254847e-08,-1.50895356397643e-10,-2.11468730151071e-07,7.99349955589113e-08,0.00244402738110857,1.00740561691225e-08,1.8079151561881e-07,-3.09538141553034e-07,3.50546956913445e-15,7.04642793450796e-09,4.39988287839146e-10,1.21478428476608e-09,1.13725101852861e-07,-2.90466831847383e-17,-8.75291034224646e-17,3.74172722346738e-08,6.99646937085295e-17,9.14819758800455e-17,2.35356986193842e-07,-2.63416492070132e-07,-5.38876052640024e-07,-2.96230539626802e-09,1.35875989379487e-05,9.37018149817508e-08,8.08468046510631e-09,-1.03226579698365e-16,2.03440906472284e-08,9.50943362576762e-10,4.36485097109295e-09,-1.60039541267274e-05,1.9171909656963e-06,1.30457452857035e-16,-1.76379747296166e-16,2.00161060982814e-16,-1.51068194837019e-08,-8.0467705119494e-08,-4.2335073456181e-08,1.08743999899986e-16,-0.000817619065807501,-2.48129782836493e-16,-1.98945732867926e-17,9.03058973760115e-07,-1.98342386063463e-08,3.57678296702968e-16,-4.97036003317816e-08,-0.000437031672112882,1.38184059540812e-17,7.3036591928608e-08,-5.33589373041513e-18,1.962958199911e-08,-2.99765016300153e-17,1.95880209336827e-08,1.69589127397135e-07,2.21176515661207e-06,5.77559622691707e-09,3.96606982065844e-08,-1.37447880400413e-07,5.4613604934712e-08,-8.66513865517542e-17,2.48400589713427e-06,-2.23737515432711e-07,-2.90043563420775e-16,-1.84615565184122e-08,-5.41481114381489e-08,8.73659598281231e-08,-9.08486709540686e-17,4.09123954777711e-08,7.33956168352129e-05,1.40311570719244e-16,-1.30605103743069e-07,-2.90227575577654e-08,-0.000219326949198585,1.2068878413518e-16,4.48723880027093e-17,2.70948144985745e-08,8.29009206077414e-09,6.70593340199235e-10,-7.44420702283512e-08,4.88753808912298e-09,-5.53239910105286e-17,1.6608336147616e-16,1.78345176471823e-08,1.22924354726427e-10,-9.12350462903317e-17,4.30628342173193e-08,5.21537755942469e-17,2.45639977772557e-07,-8.22589721766196e-09,-4.80598019026915e-09,-3.18534963758325e-08,-7.02814497702753e-14,-5.47606259014719e-17,4.7980988980082e-17,-7.34232596553655e-15,-0.000356576184778232,-6.07821607909595e-08,-2.63797121353803e-16,4.67358315335736e-17,-4.24492861227979e-17,1.36937023975097e-07,7.73224815076939e-10,-6.77288313762282e-08,-2.14371679194484e-16,3.49187638439691e-16,-1.13339784606203e-16,-2.62823450050693e-07,8.87592866709469e-08,-1.03159606860746e-16,9.77566671112877e-09,-1.31200482276525e-05,-2.81415299982204e-17,1.44711168422233e-17,-2.53977576153679e-08,-2.60205962677337e-10,-1.25764935846454e-08,7.25178896344202e-17,1.41380041243786e-08,2.05779033589994e-08,2.2062119728345e-08,-2.00885590203526e-08,-7.15331427817253e-08,6.09000115965734e-09,9.15508435619958e-17,-1.28366913512213e-16,1.38714439867557e-16,1.15402538962427e-07,-1.66241894867459e-07,-5.68600087711996e-09,-4.4651461156166e-09,5.50485142728865e-17,-1.76058592008659e-16,1.49690729471283e-16,2.12635187477992e-16,-4.74712377446402e-17,5.50836127457056e-07,1.34440804894861e-16,8.55215255329947e-17,-3.4409046452925e-09,-2.10857508191276e-16,-3.08007838322531e-09,2.6599235294962e-17,-3.81835958118635e-09,4.87340228638424e-17,-4.61892490898402e-09,-5.77915923750886e-10,-3.64631228642929e-07,4.42641323078802e-18,1.85333422101945e-08,5.53900146009542e-17,2.62735614552983e-08,-1.19441414198533e-06,2.55121111580227e-10,9.41765448407824e-17,3.72387304935696e-08,-5.06855696046726e-17,-9.15051169502457e-09,-5.16490089779441e-08,-2.75460958749616e-18,-7.39245861669884e-17,1.11263702859862e-16,-5.51017990909087e-14,-1.73451205430228e-10,-2.25938386099907e-09,-5.04808286911823e-10,1.28171023857077e-17,-9.4464174391494e-17,-0.000700113133054906,2.67414544273125e-07,-4.13729425199688e-17,-2.53767406455231e-17,-2.27581161115716e-09,2.43330093520506e-17,-1.61338957605882e-08,-5.54473985014515e-17,1.5236265606253e-07,6.22612649616813e-17,-2.19419224659852e-17,-3.46141717293792e-17,-1.83117883893143e-16,2.01545033593764e-17,9.86965934490847e-17,2.02238249535901e-08,-1.41434909060076e-07,6.82449963764214e-17,-1.35725287665821e-08,5.16199891618779e-08,1.73693646497221e-16,3.43220702804267e-17,-2.48971238961027e-18,-1.17672599514532e-16,5.08541397971234e-09,8.13160634341478e-10,3.49115011400886e-17,-1.91292197862121e-17,-9.23379352784685e-09,-3.29406794251628e-08,-6.48389145152808e-05,-3.52410898378099e-17,-7.37697657584462e-18,-3.66943580157023e-17,-1.25207205834588e-16,-3.11275519845813e-17,2.60081097198795e-17,1.94208869934136e-08,-1.83660148346784e-08,-3.53097480230994e-09,-9.9958484422648e-17,6.00902941584964e-17,1.66848853753417e-17,-4.16367753837442e-17,4.83576431546108e-17,1.01040833705006e-16,6.39372862137545e-17,3.8776151481412e-16,4.95692745766566e-17,1.01687268243091e-16,5.82223853692912e-17,8.58938292433418e-17,-2.07268270820596e-17,1.8866549153765e-17,1.33456089576177e-08,5.98279409244885e-15,-2.24864885572899e-17,-1.08019311548643e-13,3.00246207155662e-07,-3.29052513965947e-10,3.23522197962645e-17,-4.87215211412909e-09,2.74174694991834e-07,3.77970749612544e-17,8.51859435272204e-18,-4.80843258603785e-08,-1.06118490098426e-16,6.73931392001332e-09,-2.84027726535388e-16,-3.02319676275127e-17,2.6604920423979e-17,-1.31744921800585e-18,5.99464022728197e-10,-8.23112858342563e-08,-1.33718455073924e-16,-9.72887134797644e-17,4.9612523449252e-17,8.66709794905782e-18,3.14960731107039e-17,7.18770612114291e-17,4.14282089939785e-17,2.46978965827746e-17,6.80749322697015e-09,2.087257034046e-17,-4.02575253363139e-17,1.17976700847931e-17,2.85244297587998e-17,-5.1132409979934e-17,-1.39292797745967e-16,-1.94247127263654e-08,3.40204682862842e-18,-3.0872000129315e-17,1.44796320420255e-08,1.37539779889482e-16,8.68014080678613e-17,7.12791413345921e-17,3.18046923437433e-17,4.21608910161703e-06,-2.651256548935e-17,-8.8857234330301e-09,1.36813942921229e-16,3.62284991761458e-17,4.41428641920194e-17,4.03412146624069e-17,-3.0443004298072e-17,9.43143837000652e-17,3.20842194241308e-10,7.47884920839597e-16,1.11479171534054e-16,1.24873917075573e-08,-4.00254913093201e-08,-3.83667253088211e-17,2.80229396425816e-08,4.10359131392104e-09,1.35685164936409e-17,-1.93245005717797e-17,9.10195753675963e-17,8.74603399039218e-15,-4.50699433986224e-17,-6.87490826987521e-09,-1.96261503064786e-16,1.35612488232099e-16,-7.01583797023062e-17,2.75057798241109e-09,1.24885477071358e-16,2.01891553686428e-17,-3.75234590352761e-18,-4.1127490847027e-17,-1.25219292607734e-09,6.26936632772944e-17,4.65481102832411e-05,-7.58609979317064e-17,-2.96093988780774e-17,9.38604397551342e-17,9.38534605562251e-18,-6.03737057090506e-17,7.42267683756969e-17,-3.70824425555498e-17,-4.50250557384486e-08,6.40009515692052e-17,1.02877404768848e-16,3.00752153076526e-08,6.7168711642168e-17,-7.68171956869864e-17,-1.48477054661491e-16,1.02640509166931e-16,-2.12844703566106e-17,1.06325320220193e-16,-1.98546202460977e-08,6.9193840308462e-18,5.46968351336118e-17,6.48066033260271e-08,-7.09859687840114e-17,2.48329288508796e-16,8.55714285626345e-17,1.07994006429036e-16,-6.53941358054542e-17,-3.01723616887224e-17,-1.87215751971579e-17,9.98560916852071e-17,-7.47093973646387e-18,-1.9737119880304e-16,-1.71430899523469e-17,-3.39322454949055e-08,7.07809245526876e-08,1.14270678045302e-16,1.94482771381918e-17,3.56985533721436e-18,-1.36144222882641e-16,4.39969241594618e-16,7.59474528578825e-17,9.67042515114123e-17,-8.72843174091573e-17,-8.88019156176247e-10,-1.37249051987895e-16,-9.95396790019836e-17,-5.29786634305097e-17,-4.95783498059674e-17,1.1360674700432e-09,2.8159798175023e-17,-1.24141215894829e-09,-4.72829211750638e-17,-4.61102404777896e-17,1.24156129633936e-16,2.12651835219225e-17,-4.80344337300445e-17,1.02940061739727e-16,-3.81892000718646e-17,6.60710494415675e-17,-1.05799553677937e-17,-4.31547367880194e-17,-1.1006390113458e-16,1.2139351438828e-17,-5.21397152323816e-17,-6.89603585727432e-17,-7.743531118762e-17,-4.70345890395784e-17,1.94857052443727e-17,-1.89375662262678e-17,-5.39702733360961e-17,-2.59272669486953e-17,1.39536819598884e-16,-2.01098414055596e-17,2.45144423403527e-16,-3.59828480763836e-17,3.73620675495625e-17,8.53485117519967e-11,-4.32681342531085e-17,7.59518729458992e-17,3.28730456636389e-17,-5.36297514984727e-17,-1.84470816428275e-17,6.02100330373822e-17,-6.04848173893487e-17,-6.53921365383743e-17,1.79901696626666e-17,-7.53443925689123e-17,-1.87675396057241e-16,4.81089013950536e-17,2.30735652471597e-17,2.73975306503637e-17,1.39397579475115e-16,1.016109507211e-16,2.97549371152187e-17,-1.09626693588452e-09,1.45314985326586e-17,-5.97732486337152e-17,-5.41530187736607e-17,-1.12249594802788e-16,6.01868970427294e-17,-5.43375831663774e-18,-2.44409510106858e-17,-3.69480274771694e-17,2.48107291128159e-17,2.31817876305247e-10,1.89163758983284e-16,4.14965503340446e-17,1.69743458385923e-17,6.48453723604705e-17,-2.03273942900521e-16,-5.97563771913722e-17,6.78831790707092e-17,-8.12843986147514e-18,-1.43493273325619e-17,-4.74805243591537e-17,6.45331547035218e-17,-1.39150813071802e-16,2.34393557681129e-17,1.16733937856168e-09,4.95273360184782e-17,2.54614390032596e-17,-1.69213851016347e-16,-6.36209834814494e-16,-3.51062260633996e-09,-7.58313479254896e-17,1.3210060176765e-18,8.04912178489364e-17,3.29179989920483e-17,5.31398226619151e-17,9.02031473106798e-17,8.68933010169541e-17,-1.23440826298231e-17,-6.46383062859039e-17,-9.7453316713498e-17,4.89977686766559e-17,2.5622107450111e-18,-6.83823843884347e-17,-4.050034333914e-17,-2.16099309480766e-17,7.67766616229798e-17,-1.90392317497555e-16
"t239",-0.0490781419556122,-0.0841398635312334,0.0298266025692722,0.0441054054590447,0.00379263574916287,-0.00179312791598049,0.0101282115870746,0.000194171571213245,8.95684417077619e-05,-0.000401152488034391,-0.000245867539558925,0.024917427725868,-0.0454328607846291,0.0084095920830739,0.0076531091063362,0.0111228742566929,0.00115988127622287,-0.0701719119013747,-7.82875083470562e-05,-2.81186620730194e-05,0.000336642815101399,0.0001483478423753,-0.000839029073321,0.0169873757123284,-0.0514008608494358,-0.000113977352631182,0.000122398614686129,-0.000106246708360311,0.00154638796964887,8.91963727072537e-06,-6.59051371315505e-07,1.91848355267195e-06,-0.00136692238631046,-9.9401831432561e-06,-1.08792613722526e-06,-1.66600465402468e-05,-0.030731947898191,-3.70775565626681e-06,-2.05466933747884e-05,-3.2152555432989e-06,-8.17982862046397e-05,6.25742040090273e-06,-6.32746421921178e-05,3.71558613918852e-06,-0.000106650708605469,-1.44537600856297e-06,0.0573384480727065,0.0001563483497152,-5.8041140958198e-06,7.09094297668663e-06,-5.35184200409876e-05,2.29191973674958e-06,-3.13865695857261e-09,5.73292739411576e-06,-1.96495447391001e-07,1.91598642141128e-06,-5.13681968345819e-09,-4.31733108195606e-07,1.74758898672589e-07,-6.88154444408249e-07,-8.1812965002948e-07,1.39010900143826e-07,-4.80232121244705e-06,2.5866766675949e-06,-1.97353979708797e-07,7.84810430867743e-06,-2.80284246809954e-08,9.19281066820368e-07,-2.39002428706044e-06,8.26221186849443e-07,2.07557278490595e-05,-1.91353517616262e-05,1.50222220828634e-06,0.0546854163883628,0.0770379214810195,6.04627151167949e-08,-0.000312499124646073,3.762673026044e-06,-8.8785452665188e-06,-9.64139542308803e-06,2.64384365622604e-06,3.93830766211559e-05,-5.15108786742864e-06,-3.41743076119985e-05,4.47830270461517e-06,0.00227510660508025,0.000155848019420951,1.97465319642216e-06,5.99061018380128e-07,-0.000131416792366451,1.98877706921003e-06,-3.53669241930782e-08,-2.32968260888341e-07,-3.61509088294814e-05,-1.07529660593664e-08,4.79631193685975e-07,0.000103266976270138,2.33985438119175e-06,-3.50700736332726e-06,-7.97622541736325e-07,-1.88942806491808e-07,0.00145991065189016,-7.38242656451497e-09,-2.33911790317583e-06,2.56486187304204e-06,-0.129711566694691,-9.32558422289757e-05,3.27572180988365e-05,-8.85500911230152e-06,1.6196395145082e-06,6.6809399449622e-06,1.20275742893513e-05,-1.97956972161279e-05,1.30542661565542e-05,-6.43787813098721e-08,2.35853403092709e-06,-3.4353025907787e-06,3.58820378421648e-06,-3.67657244414411e-06,9.26746374963383e-06,-3.53436896592729e-05,9.49206354104945e-06,-1.00347698604299e-05,-2.77075932590172e-05,9.19600174172349e-06,-0.000104128055098118,1.07583747963828e-05,-4.24148569862267e-06,8.80723465707846e-05,0.00330547208877209,-0.440454808051187,-9.4817094588394e-05,0.0312490662556452,-1.56375804641857e-05,2.80366225294712e-07,9.24577513473259e-07,-3.50054002453846e-10,-1.40066184754569e-06,9.01422297626063e-07,-2.626952353445e-06,-1.80850087438519e-07,-7.25263097753936e-06,1.49481809972996e-06,9.72679458969839e-08,3.06943839307889e-07,-2.18883244893091e-08,-1.23969520849395e-06,2.23376771654181e-07,1.51937469816478e-08,-4.0922564141309e-08,-6.40405563019853e-06,-1.97505013452716e-07,-4.32151399032032e-06,1.65702377619503e-06,-6.22622292645385e-07,-5.6890621950793e-08,8.84420933346541e-07,-0.0116546929184244,6.62858015695104e-07,1.79741464948111e-07,-0.0015990866303462,-2.44386999019827e-06,4.57458889915209e-07,8.60902948448226e-05,-4.11851736906156e-06,1.74754888554067e-05,-7.92116954626083e-07,-1.32232811074009e-08,-6.53491952442095e-07,-7.95214399831687e-07,1.32795274169057e-05,1.29668915641681e-06,-1.286612941718e-07,-4.28586961831679e-08,-9.97121858850086e-07,-1.33149081565713e-08,-8.23950767568784e-08,2.07581158813448e-07,3.50482760653484e-08,4.94314125490565e-07,9.30159103615236e-08,5.36831191014339e-06,-1.16705853459523e-07,-0.00311346030988217,-3.00841856235327e-08,-0.089403827109873,6.11379923684421e-06,-1.6965037248145e-07,-7.3952326786285e-07,4.86990966875394e-06,6.75499414163118e-09,-5.01601281806496e-09,-1.01675059964544e-08,0.0234425930010652,-6.56562754086417e-10,-4.57890400291757e-09,-1.00650259697572e-08,-6.71071572707255e-08,8.74771704881206e-09,6.13888762889813e-09,6.22210901183707e-09,1.1740045740924e-06,-2.12041313980378e-10,-9.08564298227191e-05,1.66348657775525e-07,-1.96940422188178e-06,4.27756167435192e-08,1.65953995723365e-06,-3.66762924991832e-07,-0.0051844605788602,-1.6388844000786e-06,5.96386160180245e-06,-3.56397774976425e-05,-1.08665754564798e-07,-6.94722442669593e-08,-9.46592647793739e-08,1.54154949132279e-07,1.35206795506829e-08,-2.58088893476345e-08,-1.31099733602082e-07,-7.19285195943057e-07,5.95946051320895e-06,2.31082252466668e-07,7.51298103830758e-07,-1.94265450992472e-07,-9.96492153088188e-08,-1.05216214987849e-06,-7.3856155854876e-08,-1.16829174525195e-07,-9.37429531626075e-08,2.00048462577849e-06,6.63097718326595e-07,3.19646539138568e-08,5.35108343442169e-08,-2.84693191589314e-09,-4.68734501763373e-08,-2.44425229903079e-07,9.0372409821273e-17,-3.70218952814069e-08,2.78692845322235e-06,-7.98757745584606e-08,-1.45859795681167e-06,-2.36822770608761e-07,2.83311045725831e-07,-4.71984676771397e-08,1.72234016182411e-06,-3.93651816708635e-09,2.6212656599489e-10,-6.7729984502774e-07,6.2699123008891e-07,-1.98730185472442e-08,2.7313971154451e-06,-1.3048035500062e-07,6.48050978847004e-08,-6.17174586553504e-09,0.0201812383443435,-0.00245832590368487,-1.03666749195758e-06,3.08104434964233e-08,-7.02181592238046e-09,1.74386202556698e-07,-3.48359360103875e-08,3.94149514642388e-06,-3.28826722240226e-06,2.15687296861675e-08,-7.4044933029069e-09,0.000375816763375185,4.01648386141442e-06,-0.000315095233791045,3.25551053652217e-09,1.86710766696375e-09,-5.60962467800285e-09,7.98522898314448e-07,-7.24467331604908e-07,1.64031945345448e-07,-3.56691766427649e-06,1.73961080094191e-06,-3.23682308350371e-05,2.9498729476002e-07,-1.73311589466041e-07,5.88483602623446e-08,-1.66592930022012e-17,-1.46230737179535e-07,-5.01605011661782e-09,-1.14468735602565e-08,-2.29862616306044e-05,7.18980818208727e-09,-4.47208974284373e-09,-1.04710214153989e-07,1.20367209820749e-08,-9.59724064526553e-08,2.51442841110814e-07,9.2417737699642e-09,-8.35611207379746e-09,1.08495149478782e-07,-1.32004648687558e-07,1.10730497200431e-05,-6.32244023916099e-08,7.34280293566145e-07,3.67709218841481e-09,3.1708356646854e-08,1.54497529915933e-07,-1.39234411825433e-06,0.00210945666151939,-1.1029353995055e-07,1.53247659864937e-07,-5.58252221960432e-07,3.57198876082996e-08,3.22936760846273e-08,2.46577609442979e-07,-6.6355989067505e-07,-3.34306034443411e-08,4.36673042590651e-07,-1.7920642821973e-07,4.43447339756776e-09,4.13428268363485e-08,-8.06888810988617e-08,3.70565746274791e-18,2.72097333335463e-10,6.0498760276298e-05,-9.97523377600025e-08,7.36133367175365e-08,1.0536632245423e-07,1.95449165030432e-08,4.64671335106219e-08,-7.00076028458543e-07,2.80243870297013e-07,2.43215887483512e-16,-3.61504364373665e-07,-5.4627758451307e-09,-9.92952497220173e-08,0.0109999244646549,5.4210109465877e-09,-1.18535455954448e-09,-6.43547353721841e-08,1.90473140344774e-08,-1.13204482000403e-06,1.41995353668565e-07,-2.95589753261699e-08,-5.40691728157536e-08,-2.87789093147894e-09,-2.87634016448845e-09,-5.49760640211417e-08,1.23979226889388e-05,-5.94680539518333e-08,-7.0897424978548e-17,-1.2526435087078e-06,9.87850560112721e-08,4.54689312425281e-09,2.52545821982138e-08,-1.18655264283693e-07,-2.54472449332516e-07,1.55109724915268e-06,-1.20826258640758e-05,-2.13029053914497e-08,-1.51017773566699e-16,-4.04741144066776e-08,-2.50307963162272e-05,-5.11947190924812e-08,-1.26944408782894e-16,9.73962758711564e-08,9.82006485951587e-07,-1.49926528543711e-07,-7.99213761719596e-08,-2.67666491778975e-08,-1.43884150351488e-08,-5.17112020869888e-07,1.49784847341891e-08,1.61012058918657e-07,0.00119316225915639,2.9089942969358e-08,2.94111065613553e-07,-1.1040137965752e-16,-1.20485279927235e-07,5.66684857568105e-08,3.67941538992597e-07,-3.72233520523139e-08,1.71014080054703e-17,-3.63328832997607e-08,4.7191001011429e-08,-1.63931514439347e-08,-1.45927702050405e-08,-3.69759277930102e-08,2.73820272907571e-07,-5.23296564312763e-07,7.35848851524943e-08,-1.00630268790903e-16,2.71014270976812e-07,-3.61917755806998e-07,1.60755503572668e-06,3.37148074522436e-07,-3.42724200183054e-08,-2.30321897866163e-10,1.43114686768087e-16,9.99082887515918e-16,-2.23749124725526e-10,-2.00218430454766e-07,2.64151140434017e-08,-3.84542719115018e-08,1.48490717176843e-16,-1.85021455944563e-08,-2.19911068081151e-10,-1.53171421047189e-16,2.53362371218393e-18,3.32299824022324e-17,4.76698448789069e-08,1.41027207312922e-07,-2.0630350450775e-07,1.23478380968217e-07,6.16869564341799e-08,1.42922927485804e-07,-7.93868404150698e-05,2.5233092936225e-17,-3.18527396077887e-07,2.40027461671798e-07,-1.74928454423243e-16,-8.09329695004256e-16,-8.21276834616179e-06,-1.2174389794227e-11,-9.41837371400877e-08,7.42085446575189e-08,9.52222773384209e-08,-5.13562703353483e-09,5.85943883081605e-16,-1.73359807776359e-08,1.06474991792946e-16,-5.97438605272291e-08,-3.3168997062849e-15,-1.09544493114394e-07,3.00954035410361e-16,8.66185665773137e-08,1.20105125756543e-07,7.43352472755835e-09,9.84997724958531e-08,5.42334202766059e-07,-3.96903353014987e-08,4.06945491450412e-07,1.32793226733497e-08,6.46262788446839e-08,6.05575111957618e-09,9.91392867722959e-08,-0.000708261861129085,-6.42063996226743e-08,-5.53141800821927e-09,-1.35388649795268e-07,-3.9987602128513e-16,6.80639198607333e-05,-4.86569431898019e-05,2.63260369351341e-08,3.25666285874604e-14,3.6665763037283e-09,1.09042533484641e-07,4.19069759044779e-07,-1.70789740607371e-15,-0.000140785979047979,-5.68951595078324e-08,-8.54825008361028e-16,-7.95659872086192e-08,1.96900369038397e-06,1.80743893207867e-15,2.20617879203097e-15,-0.000261024446101545,-7.9329759361416e-08,-5.53152620105087e-10,-1.05101412262142e-06,3.28598180163415e-06,0.307236475885365,-6.48797815860251e-07,-6.0507952321998e-07,5.37446809483175e-07,-2.76803048798041e-14,-1.0148055700301e-08,-6.14872789427144e-10,-1.53344302876896e-09,-1.27913741629751e-07,-4.33745498715629e-16,-6.45397695249246e-16,-3.6292355048335e-08,-1.82232996728582e-15,2.98118613232629e-15,-1.03171721993452e-07,1.01603404952997e-07,2.072939727163e-07,8.58452850533826e-10,-3.78602024957799e-06,-2.588951454516e-08,-2.11450964006847e-09,4.21581476714305e-16,-2.75926047680613e-09,-1.08709010070207e-10,-4.69692933481485e-10,1.22199690551892e-06,-5.18093902545155e-08,2.60828937711796e-16,1.41381433100416e-17,-8.65882526024174e-16,-4.72595762166131e-10,-4.28635463312911e-09,-2.32395933287319e-09,3.21707916720628e-16,-0.000119072339831045,2.13207883541582e-16,4.97966625902338e-17,1.3289508463582e-07,-2.9356208935208e-09,1.25247034965525e-15,-8.16938880333971e-09,-7.59404131246201e-05,4.66248048259636e-16,1.40922699489438e-08,1.13696003868475e-15,4.2497528482353e-09,1.97206059474359e-15,4.28321610195237e-09,3.73694598813883e-08,4.91606821217627e-07,1.29925281674489e-09,9.16483007250836e-09,-3.51109935387776e-08,1.61396143530301e-08,-5.35629495321035e-16,9.13236205296884e-07,-8.46033668853427e-08,1.65106255749594e-15,-7.26366254277516e-09,-2.30874859765764e-08,4.05216221146117e-08,-9.44343567246014e-15,2.99144652192021e-08,6.265134526517e-05,1.01265894130158e-15,-1.48486948922747e-07,-4.03245667772472e-08,-0.38342501871639,2.92968519235241e-15,-8.29071789413887e-15,-7.6371401374233e-09,-1.060572552693e-09,-7.16264592664425e-11,-6.8442864772828e-09,5.21073917672651e-10,-3.12077710456906e-15,-1.29999553746625e-15,2.06157538143303e-09,1.43439900158983e-11,-4.79130961386735e-15,5.59790668760402e-09,1.95911908854577e-15,3.47004564390068e-08,-1.27290522388903e-09,-7.47947180475899e-10,-5.06539265559752e-09,-1.38012433697503e-14,6.76133801123423e-15,1.73730830850669e-15,-1.01257839730933e-14,-0.000127899523849221,-1.1236008742338e-08,8.2263035341105e-15,-2.62309870842067e-14,-1.29798319440969e-14,2.63178148206357e-08,1.50638444697695e-10,-1.36447370616765e-08,-0.707106781186549,1.8941730237261e-14,-1.52112209547001e-15,-5.79832306056317e-08,1.96338425094635e-08,1.14290650603326e-14,2.22474070542061e-09,-3.01790247125014e-06,4.06669842939845e-15,1.01632665085599e-14,-5.981662074742e-09,-6.13934859914686e-11,-3.00582967351069e-09,-1.29785372958162e-16,3.44807602059685e-09,5.07173863724406e-09,5.51412790881441e-09,-5.11184781127407e-09,-1.82868984005282e-08,1.57003319398731e-09,-1.92671009324267e-15,7.2164487294854e-16,-3.22673053937586e-15,3.1067835889057e-08,-4.47817232811843e-08,-1.53936959775448e-09,-1.23807634647165e-09,-1.32247241545034e-16,4.50328660514145e-18,1.67179059523111e-15,-9.32143445613746e-16,-3.33353237705821e-16,1.56257645440063e-07,5.93970252873555e-16,-2.35639692365255e-15,-9.84337464014376e-10,-3.79565640346842e-16,-8.81504515220571e-10,5.60267934557845e-17,-1.09360504707955e-09,-5.59857955626208e-16,-1.34144280878228e-09,-1.68380330160551e-10,-1.06753140985227e-07,2.90434710946387e-16,5.45781424208244e-09,-3.43130855757658e-17,7.83398504615327e-09,-3.61743427235975e-07,7.73188534219279e-11,9.29156783275404e-16,1.13564737698287e-08,5.22104317708016e-21,-2.81889825721847e-09,-1.59191122659777e-08,-5.67640588552322e-16,1.34038749628536e-18,-3.57431013417154e-16,-3.22210440075766e-14,-5.39587054298281e-11,-7.04872018688313e-10,-1.58077016376554e-10,2.52804854649941e-16,2.39332809974811e-16,-0.00066446415002119,6.3500666623085e-08,-1.10235761621265e-15,-3.07229117495073e-16,-7.1609984352427e-10,1.71386906076771e-17,-5.09545658513363e-09,-2.00338255018172e-16,4.85499330814837e-08,2.85074477575368e-16,8.20296842427861e-16,5.0940100159558e-17,-1.06382539750286e-15,2.0668463705178e-16,-2.28585507812804e-16,6.54131840746286e-09,-4.57548880767948e-08,2.61280329590979e-16,-4.41171364692589e-09,1.6811571567889e-08,-1.37927542650258e-16,-7.45296144842682e-16,3.24395555823753e-16,3.66127433814909e-16,1.66973771815268e-09,2.67491325049061e-10,-2.4422482267191e-16,-6.67298873018661e-17,-3.04412586637945e-09,-1.08633016385687e-08,-4.0957667736407e-05,1.44427960274509e-16,-2.965305469494e-16,-1.56944779490455e-18,1.54882055219202e-16,-5.63887487280631e-16,1.94475338322997e-16,6.49668944721964e-09,-6.15143076304449e-09,-1.18409587364764e-09,-1.79135915108896e-16,4.0205073656874e-16,5.60703100074006e-17,2.89336819660461e-17,4.25941735929481e-16,1.5293859768076e-16,-1.1595460229627e-16,-8.81906149963957e-16,-3.27767516714742e-16,1.11246653151108e-16,-5.22637908361282e-16,-1.03931418160361e-16,1.14314722498248e-16,9.3359594438281e-18,4.56385909985432e-09,2.46421624909416e-15,1.00972720563079e-16,-7.02567301554431e-14,1.02930019822705e-07,-1.12868840348662e-10,8.07529626824072e-17,-1.67179284171844e-09,9.43587606496797e-08,1.76467734471773e-16,-4.95735490384749e-16,-1.66090281386879e-08,5.09916388582945e-19,2.33809495288919e-09,-6.2733411154941e-17,2.70598663061961e-16,6.47993765869854e-17,-3.03001109268992e-17,2.09380120462384e-10,-2.87625408000341e-08,-3.21074410457872e-16,2.45086537484101e-18,-1.771908167252e-16,1.90440644983657e-16,2.60100101179273e-16,-2.38767685323072e-16,1.37626521665055e-16,7.07651340354354e-17,2.43180554226889e-09,-5.50357385165062e-17,-4.14032781989023e-17,3.86280807446936e-17,-1.73511921469094e-16,1.27196487230706e-16,3.04714416758911e-17,-6.97012149783114e-09,-3.98525603573184e-17,1.79853957722137e-17,5.19992517250205e-09,7.83771846905142e-17,-7.10147974184729e-17,-1.8470706277187e-16,-1.02021789763946e-16,1.52830732779745e-06,-1.18292622684244e-16,-3.22629409121846e-09,-5.55024147071083e-16,-1.20315555016206e-16,-2.89729398517904e-16,-3.00910677973577e-16,-3.22661923430328e-17,8.36875645876585e-18,1.16879027903547e-10,-1.59281487914854e-16,2.72707293787899e-16,4.56039924723143e-09,-1.46191573183397e-08,9.52870014406126e-17,1.02571157813523e-08,1.50301868371069e-09,8.81131380936022e-17,1.26938920146974e-16,-5.85286692924205e-17,5.59371491519353e-15,9.23644839817187e-17,-2.5424235318493e-09,2.75404784022086e-16,-1.8750805196845e-16,2.79027623835143e-16,1.01966963585848e-09,-3.28915699280555e-16,-2.62138517706237e-16,9.82949058206441e-17,-2.1832081084952e-16,-4.65737419132411e-10,2.39980531673896e-17,5.11888797155012e-05,-2.80542827233479e-17,1.72271297098821e-16,2.53768070526898e-17,2.66916171805639e-16,1.63385430116072e-16,-8.03106043207357e-17,-1.43471700697831e-16,-1.68433351202132e-08,3.40146340808298e-16,-6.04543205655408e-17,1.12647427551487e-08,2.04701818834582e-16,-2.24451502199725e-16,1.21968659726385e-15,1.10459260977801e-16,-1.3307396497628e-16,-1.75658058974989e-16,-7.46522530383071e-09,1.05813778412004e-17,2.48594343771829e-16,2.44083413049973e-08,-3.98711286982084e-16,-1.26806426458896e-16,-6.2687600887734e-16,-1.08638365891961e-16,-1.33475663023811e-16,-1.81021720175775e-17,-1.69822749835574e-17,-5.36682019135754e-17,-4.27873375488148e-17,1.62774868353606e-16,-2.7733523732428e-16,-1.28590026307924e-08,2.68427816312963e-08,-3.16684899359326e-16,1.10153211512797e-16,4.23140288340853e-16,7.19799162788425e-17,2.63894808782972e-16,3.61972364750335e-18,1.15174447917086e-17,-2.33107172764479e-16,-3.3804164593759e-10,6.80229839136791e-17,-3.44332688259552e-16,-7.93529841477216e-17,-4.23297403338907e-17,4.3383238904184e-10,2.36759032173893e-16,-4.75725161414826e-10,1.7438871531182e-17,3.37650166935657e-17,-2.95892178424242e-17,-1.13942519023623e-17,-4.93474203684004e-17,1.28683906864207e-16,-3.5018795568385e-17,-4.03559421779392e-17,-6.36447899201846e-17,7.09104765541458e-17,-2.62519215996903e-17,1.5390589386295e-16,-5.66445492453708e-17,-8.47112102609957e-17,-5.48151322088863e-17,6.49993053850663e-18,-3.29958052098201e-16,2.18480580062121e-16,-3.90153360773866e-17,3.32534613410198e-17,7.72819308547668e-16,-5.91560059221152e-17,-1.68503224065388e-16,-4.87053598824335e-17,5.24869459106022e-17,3.31170084167367e-11,-3.81193041922332e-17,-3.4157387929178e-17,2.00506796028262e-17,-1.16615698323529e-16,-1.69314403809642e-16,7.87833677604814e-17,-3.61927393759527e-17,-1.63645923625072e-16,-1.53982010555659e-16,-6.79082875456539e-17,-4.66152724060143e-16,1.96758148985467e-16,-7.03855795514778e-17,5.63648922508193e-17,-1.76019968586197e-16,1.23797648096105e-17,4.95953302898372e-17,-4.28809382256954e-10,-4.29831253187041e-17,1.23504157525344e-16,1.40709544862501e-17,3.26108025557057e-17,7.28561830699918e-18,-9.07131838734482e-18,3.39722900171483e-19,-4.67406130369442e-17,-4.20318372152845e-17,9.14047786796166e-11,1.2199137687885e-16,-1.13295637076983e-16,-1.29608121970435e-16,-9.26666308474381e-17,2.25986110375877e-16,-9.25819507112159e-17,7.09405107902628e-17,5.73591837571402e-17,-1.07077977882522e-16,7.80553087984976e-17,-6.57871738500872e-17,3.65017052443947e-16,1.33373624803732e-16,4.63857445639756e-10,-5.65484132650218e-17,-7.8156048015873e-17,-2.04721795581771e-16,-3.49655200626575e-17,-1.39990751094998e-09,9.21321327541002e-17,-4.97401403019054e-17,-1.72844810637283e-17,-8.88601232278978e-17,1.67121727705387e-18,-9.93286418186438e-17,-4.85020615426026e-17,5.82607959565951e-17,-2.34422844750666e-17,-8.93477330070425e-17,6.57951177674491e-17,7.28290899823743e-17,-2.37893552198263e-17,-2.52126798086734e-17,1.30126131546807e-16,5.8693887522679e-17,-2.14386058380413e-16
"t240",-0.0490781419556122,-0.0841398635312334,0.0298266025692722,0.0441054054590447,0.00379263574916287,-0.00179312791598049,0.0101282115870746,0.000194171571213262,8.95684417077571e-05,-0.000401152488034382,-0.000245867539558932,0.024917427725868,-0.0454328607846291,0.00840959208307391,0.00765310910633619,0.0111228742566929,0.00115988127622289,-0.0701719119013747,-7.82875083470441e-05,-2.81186620730229e-05,0.000336642815101383,0.000148347842375301,-0.000839029073320997,0.0169873757123284,-0.0514008608494358,-0.000113977352631183,0.000122398614686133,-0.000106246708360309,0.00154638796964886,8.91963727075139e-06,-6.59051371323555e-07,1.91848355266502e-06,-0.00136692238631049,-9.94018314325273e-06,-1.08792613722588e-06,-1.66600465402495e-05,-0.0307319478981909,-3.70775565626997e-06,-2.05466933747881e-05,-3.21525554330002e-06,-8.179828620464e-05,6.25742040090384e-06,-6.32746421921134e-05,3.71558613918318e-06,-0.000106650708605472,-1.44537600857417e-06,0.0573384480727065,0.000156348349715182,-5.80411409581357e-06,7.09094297667758e-06,-5.35184200409841e-05,2.29191973674247e-06,-3.1386569621898e-09,5.73292739409993e-06,-1.96495447388521e-07,1.91598642142427e-06,-5.13681969435018e-09,-4.31733108195786e-07,1.74758898679242e-07,-6.88154444436377e-07,-8.18129650005869e-07,1.39010900145508e-07,-4.80232121244466e-06,2.58667666756412e-06,-1.97353979701343e-07,7.84810430865443e-06,-2.80284246960307e-08,9.19281066816893e-07,-2.39002428705115e-06,8.2622118683446e-07,2.07557278490454e-05,-1.91353517615625e-05,1.50222220829632e-06,0.0546854163883628,0.0770379214810195,6.04627151138454e-08,-0.000312499124646076,3.76267302604957e-06,-8.87854526654902e-06,-9.64139542306904e-06,2.64384365623145e-06,3.93830766211571e-05,-5.15108786744228e-06,-3.41743076120056e-05,4.47830270460683e-06,0.00227510660508023,0.000155848019420929,1.97465319643188e-06,5.99061018386067e-07,-0.000131416792366456,1.98877706920519e-06,-3.53669242143285e-08,-2.32968260895446e-07,-3.61509088294838e-05,-1.07529660367011e-08,4.79631193700598e-07,0.000103266976270142,2.3398543811866e-06,-3.50700736332551e-06,-7.97622541746273e-07,-1.88942806488234e-07,0.00145991065189017,-7.38242655766192e-09,-2.33911790320385e-06,2.56486187304415e-06,-0.12971156669469,-9.32558422289772e-05,3.27572180988692e-05,-8.85500911223144e-06,1.61963951448739e-06,6.68093994494108e-06,1.20275742893584e-05,-1.97956972161143e-05,1.30542661566152e-05,-6.43787813312306e-08,2.35853403094755e-06,-3.43530259074022e-06,3.58820378422931e-06,-3.67657244406295e-06,9.26746374971044e-06,-3.53436896592839e-05,9.49206354111321e-06,-1.00347698603944e-05,-2.7707593258936e-05,9.19600174173881e-06,-0.000104128055098077,1.07583747964131e-05,-4.2414856987053e-06,8.80723465708975e-05,0.00330547208877211,-0.440454808051187,-9.48170945883676e-05,0.0312490662556452,-1.56375804641724e-05,2.80366225308775e-07,9.2457751338579e-07,-3.50054025682956e-10,-1.40066184753394e-06,9.01422297652519e-07,-2.62695235343436e-06,-1.8085008743017e-07,-7.25263097753102e-06,1.494818099717e-06,9.72679458707746e-08,3.06943839284394e-07,-2.18883245050382e-08,-1.23969520852241e-06,2.23376771531549e-07,1.51937469934997e-08,-4.09225641994513e-08,-6.40405563005731e-06,-1.97505013450263e-07,-4.32151399034954e-06,1.65702377616274e-06,-6.22622292575332e-07,-5.68906219127611e-08,8.8442093337227e-07,-0.0116546929184243,6.6285801571357e-07,1.79741464990045e-07,-0.00159908663034619,-2.44386999019017e-06,4.57458889917763e-07,8.60902948448201e-05,-4.11851736904523e-06,1.74754888553746e-05,-7.92116954636007e-07,-1.32232811038202e-08,-6.534919524608e-07,-7.95214399819382e-07,1.32795274169244e-05,1.29668915654511e-06,-1.28661294122926e-07,-4.28586962210837e-08,-9.97121858902622e-07,-1.33149081721245e-08,-8.23950767175883e-08,2.07581158777068e-07,3.50482760557759e-08,4.94314125501048e-07,9.30159102928495e-08,5.36831191011159e-06,-1.16705853482206e-07,-0.0031134603098822,-3.00841856208876e-08,-0.0894038271098731,6.1137992367334e-06,-1.69650372513753e-07,-7.39523267990483e-07,4.86990966874721e-06,6.75499413559013e-09,-5.01601268050421e-09,-1.01675059549417e-08,0.023442593001065,-6.56562779298217e-10,-4.57890394578952e-09,-1.00650258727358e-08,-6.71071572563158e-08,8.74771705893378e-09,6.13888765915927e-09,6.22210904957882e-09,1.17400457410794e-06,-2.12041317421068e-10,-9.0856429822748e-05,1.66348657839349e-07,-1.96940422189606e-06,4.27756167279892e-08,1.65953995723625e-06,-3.66762925051961e-07,-0.00518446057886013,-1.63888440009482e-06,5.96386160181317e-06,-3.56397774977064e-05,-1.08665754494256e-07,-6.94722441838881e-08,-9.46592647280629e-08,1.54154949022789e-07,1.35206795603268e-08,-2.58088893655027e-08,-1.31099733630602e-07,-7.19285196071074e-07,5.95946051324429e-06,2.3108225244749e-07,7.51298103817489e-07,-1.94265451037527e-07,-9.96492153653791e-08,-1.05216214990058e-06,-7.38561558632802e-08,-1.16829174464882e-07,-9.37429531495835e-08,2.00048462568179e-06,6.63097718250507e-07,3.196465390698e-08,5.3510834313835e-08,-2.84693193705716e-09,-4.68734501843047e-08,-2.44425229896521e-07,1.79677605423726e-16,-3.70218952987544e-08,2.78692845331408e-06,-7.98757745514869e-08,-1.45859795694775e-06,-2.36822770603454e-07,2.83311045653669e-07,-4.71984676674443e-08,1.72234016180699e-06,-3.936518104044e-09,2.62126507426991e-10,-6.7729984506961e-07,6.2699123011262e-07,-1.98730185274683e-08,2.73139711553492e-06,-1.30480355014348e-07,6.48050978502841e-08,-6.17174589779006e-09,0.0201812383443433,-0.00245832590368474,-1.03666749181207e-06,3.08104433658686e-08,-7.02181590845303e-09,1.74386202565726e-07,-3.48359359200684e-08,3.94149514649865e-06,-3.28826722245671e-06,2.15687296787863e-08,-7.40449329888372e-09,0.000375816763375353,4.01648386147358e-06,-0.000315095233790976,3.25551041762897e-09,1.86710763084991e-09,-5.60962458742453e-09,7.98522898291314e-07,-7.24467331563979e-07,1.64031945352256e-07,-3.56691766425048e-06,1.73961080097521e-06,-3.23682308350798e-05,2.94987294724917e-07,-1.73311589488567e-07,5.8848360223182e-08,-1.36202448072506e-16,-1.46230737164287e-07,-5.01605004942765e-09,-1.1446873507758e-08,-2.29862616307226e-05,7.18980827154799e-09,-4.47208984593394e-09,-1.04710214145825e-07,1.20367211080223e-08,-9.5972406446208e-08,2.51442841119247e-07,9.24177387456602e-09,-8.35611204799534e-09,1.08495149406084e-07,-1.32004648640668e-07,1.10730497199692e-05,-6.32244024309123e-08,7.34280293606478e-07,3.67709217078422e-09,3.17083566888601e-08,1.54497529826683e-07,-1.39234411813132e-06,0.00210945666151922,-1.10293539981373e-07,1.53247659768556e-07,-5.58252222142982e-07,3.57198876765801e-08,3.22936763082949e-08,2.46577609235974e-07,-6.63559890729142e-07,-3.34306035188487e-08,4.36673042544827e-07,-1.79206428149026e-07,4.43447346880725e-09,4.13428268190112e-08,-8.06888809987574e-08,-4.60074408923123e-17,2.72097205808899e-10,6.04987602762055e-05,-9.97523376821026e-08,7.36133366423309e-08,1.05366322466821e-07,1.95449165245874e-08,4.6467133634414e-08,-7.00076028453727e-07,2.80243870144272e-07,3.84272066532683e-16,-3.61504364387615e-07,-5.46277593845452e-09,-9.92952497425176e-08,0.0109999244646553,5.4210108584253e-09,-1.18535458626355e-09,-6.43547352516127e-08,1.90473140553585e-08,-1.13204482000477e-06,1.41995353668008e-07,-2.95589753664285e-08,-5.40691727282364e-08,-2.87789089033233e-09,-2.8763402256239e-09,-5.49760638913411e-08,1.23979226891411e-05,-5.94680540059495e-08,1.87035335607175e-16,-1.25264350870719e-06,9.87850560839137e-08,4.54689306266277e-09,2.52545824402116e-08,-1.1865526435894e-07,-2.54472449237724e-07,1.55109724901674e-06,-1.20826258641266e-05,-2.13029054310711e-08,-2.15053006834298e-17,-4.04741144663305e-08,-2.50307963160943e-05,-5.11947191374408e-08,-1.62090550802261e-16,9.73962760024013e-08,9.8200648591151e-07,-1.49926528724813e-07,-7.99213763042486e-08,-2.67666493025423e-08,-1.43884150962194e-08,-5.17112020977603e-07,1.49784846369486e-08,1.61012058687119e-07,0.00119316225915604,2.9089942988075e-08,2.94111065357319e-07,-2.826826437511e-17,-1.20485279792835e-07,5.6668485892183e-08,3.67941538954532e-07,-3.7223352117485e-08,-9.30721306420726e-17,-3.63328833552772e-08,4.71910013796783e-08,-1.63931514909167e-08,-1.45927700747394e-08,-3.69759278090653e-08,2.73820272735251e-07,-5.23296564188533e-07,7.35848849970913e-08,1.46791659645785e-16,2.71014270834426e-07,-3.61917756079377e-07,1.60755503556758e-06,3.37148074525614e-07,-3.42724200301607e-08,-2.30321948404251e-10,9.54097911787244e-18,5.63588829230323e-16,-2.23749196509433e-10,-2.00218430430588e-07,2.64151135746109e-08,-3.84542718741351e-08,3.21770569834588e-16,-1.85021455475099e-08,-2.19911113591282e-10,2.85089687020361e-16,6.41872484121902e-17,-5.17307571354051e-17,4.76698447958247e-08,1.41027207069529e-07,-2.0630350406392e-07,1.23478381349454e-07,6.1686956517109e-08,1.42922927379414e-07,-7.93868404145319e-05,1.47365100369979e-17,-3.18527395956911e-07,2.4002746189516e-07,-1.27876615111258e-16,-7.36868389100767e-16,-8.21276834597222e-06,-1.21729129049857e-11,-9.41837373520606e-08,7.42085446616374e-08,9.52222773743175e-08,-5.13562706132069e-09,2.72541692597543e-16,-1.73359805839082e-08,-1.45871136761403e-16,-5.97438605808331e-08,-2.88171450677638e-15,-1.09544493071084e-07,1.42172313816171e-16,8.66185671921972e-08,1.20105125555578e-07,7.43352469747353e-09,9.84997723334753e-08,5.42334202915849e-07,-3.96903350009406e-08,4.06945491531952e-07,1.32793226945367e-08,6.46262786817904e-08,6.05575115439643e-09,9.91392868603486e-08,-0.000708261861129141,-6.42063995505131e-08,-5.53141817685268e-09,-1.35388649465176e-07,-5.51501862935714e-16,6.80639198605279e-05,-4.86569431895321e-05,2.63260368257933e-08,3.29090042850168e-14,3.66657658052115e-09,1.09042533275115e-07,4.190697589112e-07,-1.22888655284748e-15,-0.000140785979048516,-5.689515941624e-08,-8.77542590393864e-16,-7.95659870271866e-08,1.96900369043135e-06,1.98804094577786e-15,9.91845782068104e-16,-0.000261024446100775,-7.932975854566e-08,-5.53152806705592e-10,-1.05101412294695e-06,3.28598180178815e-06,0.307236475885362,-6.48797816477553e-07,-6.05079522725266e-07,5.3744680945178e-07,-2.8340692423065e-14,-1.01480555820024e-08,-6.148728448626e-10,-1.53344205046026e-09,-1.27913741860186e-07,4.15814274779518e-16,-6.80235509711523e-16,-3.62923545745842e-08,-1.38668070137216e-15,3.25812565274251e-15,-1.03171722310058e-07,1.01603405016815e-07,2.07293972613522e-07,8.58453438700501e-10,-3.78602024957148e-06,-2.58895143751925e-08,-2.11450927008755e-09,2.1167779207686e-15,-2.75926050658601e-09,-1.08707372707171e-10,-4.69692123564711e-10,1.22199690489744e-06,-5.18093900575763e-08,-9.21649313954756e-17,-1.49985390334034e-16,-1.45171774915185e-15,-4.72596013270929e-10,-4.28635504560011e-09,-2.32395914103228e-09,3.3935872301299e-16,-0.00011907233983089,-1.15264717140053e-16,-2.80034910757602e-16,1.32895084480781e-07,-2.93562022824862e-09,4.53521768750687e-16,-8.16938842617134e-09,-7.59404131245398e-05,3.81046698161209e-16,1.40922701076833e-08,-4.44602297232388e-16,4.24975248081262e-09,6.67928709238025e-16,4.28321550951476e-09,3.73694593403086e-08,4.9160682104205e-07,1.29925238898433e-09,9.16483010507422e-09,-3.51109934047702e-08,1.61396146975413e-08,-3.42112507816546e-16,9.13236205016624e-07,-8.46033669607405e-08,3.1111020369172e-15,-7.26366281084e-09,-2.3087485921239e-08,4.05216217634786e-08,-1.01101175171994e-14,2.99144647762311e-08,6.26513452653492e-05,-5.98846425809559e-16,-1.48486948246287e-07,-4.03245647801184e-08,-0.383425018716397,3.51719761253988e-15,-7.49960919407489e-15,-7.63714117157723e-09,-1.06057218556727e-09,-7.16275571082982e-11,-6.84428634477657e-09,5.21072622788682e-10,4.55166814996129e-15,2.76175371397532e-16,2.06157528533935e-09,1.43427019133707e-11,3.66677483537728e-15,5.59790741151324e-09,-2.21307813999823e-15,3.47004551981008e-08,-1.27290197182064e-09,-7.47943218508109e-10,-5.06539605825443e-09,-8.81377946352485e-15,-6.72507582204803e-15,-3.07829956726229e-15,6.81223726986187e-15,-0.000127899523863116,-1.12360105042143e-08,-7.49996938239247e-15,2.7449483121117e-14,1.35512116583302e-14,2.63178306480852e-08,1.50631033762561e-10,-1.36448222270867e-08,0.707106781186546,-1.40346040995373e-14,-5.52207205743033e-15,-5.79832301322502e-08,1.96338429689679e-08,-1.17789935314349e-14,2.22474581386394e-09,-3.01790246645103e-06,-3.7318040488258e-15,-9.77166561975998e-15,-5.98165714997876e-09,-6.13961776530586e-11,-3.00582882819364e-09,-2.16484346073071e-16,3.44807428746093e-09,5.07173904597034e-09,5.51412911301579e-09,-5.11184733127242e-09,-1.82869001577162e-08,1.5700317406504e-09,7.28282660591529e-16,1.00097350524163e-15,3.39466141101841e-15,3.10678349352768e-08,-4.47817228816847e-08,-1.53937010740686e-09,-1.23807575472048e-09,-2.15577495862963e-16,-5.95974948947604e-17,-1.47608630935758e-15,5.17471290378185e-16,8.63538230733695e-16,1.5625764575891e-07,-2.29569086768312e-16,2.71258715437033e-15,-9.84337051612407e-10,1.07323406715837e-16,-8.81504459836506e-10,-4.0777558404256e-17,-1.09360982903216e-09,5.25084397086437e-16,-1.34144330486708e-09,-1.683802299991e-10,-1.0675314269631e-07,-4.27132958801173e-16,5.45781386884614e-09,1.4096574808795e-16,7.83398535425265e-09,-3.61743426796517e-07,7.73183516364577e-11,-6.92335809703415e-16,1.13564742515855e-08,-1.13952617535377e-17,-2.8188983982483e-09,-1.59191120515028e-08,8.07341606481811e-16,-1.23797789963474e-16,4.71946601751123e-16,-3.34506699766365e-14,-5.39590435096886e-11,-7.04872261141142e-10,-1.58076810944652e-10,-5.84263831960358e-16,-2.15663799920187e-16,-0.0006644641500209,6.35006659239915e-08,2.93227743907164e-16,4.11513138135001e-16,-7.16100579638181e-10,-6.18277412292137e-17,-5.09545688486823e-09,2.76622161465254e-17,4.85499330125828e-08,-5.74176644936538e-16,-4.92533802242944e-16,-1.71021599967117e-16,7.84943736760079e-16,-2.18166386147357e-16,-7.28727969980401e-16,6.54131831204088e-09,-4.5754888194382e-08,-1.8508111037124e-16,-4.4117133005312e-09,1.68115718360912e-08,4.43740893556159e-17,6.29723235448941e-16,-2.47377101475021e-16,-4.09710105799932e-16,1.66973786347277e-09,2.67491278147104e-10,2.99383047692459e-16,2.06534150262326e-17,-3.04412573644376e-09,-1.08633020611569e-08,-4.09576677353989e-05,1.73768654109694e-16,4.68990909883562e-16,1.59500192170345e-16,-5.11293133698189e-16,-6.00257548826258e-18,1.42710431698546e-16,6.49668936351396e-09,-6.15143093542907e-09,-1.18409602025726e-09,1.67766809326657e-16,-1.89915513768354e-16,-4.52468401242724e-16,6.71252246691901e-17,9.54098585491104e-17,-2.45668417270204e-16,4.74947444206412e-16,-1.54174562719799e-16,1.18965565399878e-16,-4.61644627353308e-16,7.31348804012778e-16,4.75230041941508e-17,-1.78146429793553e-16,5.97388345437934e-17,4.5638596466809e-09,1.85453295987393e-15,-2.26890010270904e-16,-7.09815640055449e-14,1.02930019906942e-07,-1.12868445808024e-10,-3.34987976026632e-17,-1.6717931903952e-09,9.43587605938383e-08,-1.48546408486531e-17,1.29307477155876e-16,-1.66090280507061e-08,-1.58301832314786e-16,2.33809490053394e-09,-5.77479697479335e-17,-2.12220652201383e-16,1.91084025577409e-16,4.30310650212862e-16,2.09380189451703e-10,-2.87625412343309e-08,2.03625195003842e-16,1.11927650005613e-16,1.38715823956789e-16,-8.31577732676472e-17,4.41595544853346e-16,2.4532661685205e-16,-3.55973074946444e-17,-3.36293794110361e-17,2.43180568610818e-09,1.18359168664287e-16,3.69322968852482e-16,-1.28646573330737e-17,3.87938266817977e-16,-8.00086690280827e-17,9.70380669347065e-17,-6.97012132944166e-09,1.93477421471568e-18,9.14415099676589e-17,5.19992523748967e-09,-3.54106406033597e-18,-1.30121724771904e-16,-1.51334582831593e-16,1.06958827425464e-16,1.52830732791363e-06,2.22640406436344e-16,-3.22629411743066e-09,4.5525800310736e-16,-8.87343615487307e-17,2.70013749300091e-16,1.16449030797337e-16,1.39818421468573e-16,-6.81216540845223e-17,1.16878983078137e-10,-1.49013939125348e-16,1.67862803158652e-16,4.5603995666986e-09,-1.46191573396574e-08,1.44448032700844e-17,1.02571156349696e-08,1.50301863932528e-09,-2.38393963604308e-16,-3.823931584649e-17,1.93153537214552e-16,5.78900323011653e-15,-8.72484223669381e-18,-2.54242349762529e-09,4.15824332605912e-17,3.12905460742235e-16,-4.13497388870612e-16,1.01966962544672e-09,1.55309060238347e-16,1.69938116939359e-17,3.53741588388187e-17,7.51806576149854e-17,-4.6573739726868e-10,-1.29014336921297e-16,5.11888797150013e-05,1.28295129608394e-16,7.64875231971883e-18,1.72428373035157e-16,-2.52892936735127e-16,7.97113404695844e-17,1.47846894345607e-16,4.15065527024372e-17,-1.68433349106161e-08,-6.79991367561226e-17,4.64232713891636e-17,1.12647428021165e-08,1.16444427334734e-18,1.15912602512999e-16,9.76206056216332e-17,7.67797106973034e-17,1.06596346927276e-16,-1.99605585223922e-16,-7.46522529632584e-09,-1.0277522081243e-16,1.08091519539325e-16,2.44083409580625e-08,2.86285645256925e-16,1.01679027371941e-16,1.58829422809764e-16,1.00684267837568e-16,-2.34543742173114e-16,3.24383609540841e-18,1.46570203125733e-16,-1.90761795878931e-16,6.84370703642409e-17,5.45072126104908e-17,-4.66528026336067e-17,-1.28590027931024e-08,2.68427815034004e-08,4.21510843059692e-16,-4.70256414000663e-17,-3.9158395894322e-17,7.55572600219562e-17,2.27899296656453e-16,2.11693178048053e-17,6.85425169800683e-17,5.56477964586665e-17,-3.38041577381489e-10,-1.4912308142831e-16,1.35720131262282e-16,3.64532272948357e-18,-6.36171916015751e-18,4.33832257679091e-10,5.32643323093638e-17,-4.75725287290104e-10,-2.37112724487106e-17,-7.54190379219044e-19,-7.84359944245519e-18,6.93242573153742e-17,6.33478933628201e-18,1.14081852973638e-16,2.19913678832448e-17,-6.83498022754615e-17,1.77395773428495e-18,9.1944868450346e-17,7.8837312683346e-17,-1.88934388063453e-16,-1.69640834860155e-17,-4.73177899150851e-17,-1.03007480072666e-16,9.99445878233326e-17,4.11964935292656e-16,1.67885675388596e-17,2.42691134604565e-17,2.19407591252782e-16,-2.27275880407274e-16,1.60582642985652e-18,1.15557745125813e-16,-7.22150027811791e-18,-3.81831511684703e-17,3.31169379080393e-11,1.05765611538458e-16,8.28912712362679e-18,-7.83093700389351e-17,-1.73059013845107e-16,-2.20454634743295e-16,5.14814595535881e-17,-7.36713455981019e-17,-8.39720199891894e-17,-1.51589591693234e-17,2.22821158541508e-17,-1.13299127024735e-16,-9.17458999386543e-17,8.69366388257192e-18,1.12231351238303e-17,-2.17513930566643e-17,4.33283034654334e-18,3.07424130126871e-17,-4.28809439917761e-10,3.73033719587948e-17,1.60993493151034e-16,5.40687774223743e-17,-2.38905588890022e-17,-2.88194355035155e-18,-5.93397078555832e-17,-4.70814463804622e-17,3.42020289857259e-17,1.75202444162092e-18,9.14047743305244e-11,7.73222473724463e-17,-1.09169343543428e-16,-9.59874456162106e-17,-2.25095966736445e-17,7.10477346683578e-18,-6.8923766164861e-17,-4.39530660175056e-17,1.39225732006119e-16,-2.83691507294023e-17,-7.7925117487157e-17,-3.70775275403331e-17,-2.09639495538408e-18,5.1488116934022e-17,4.63857388594674e-10,-4.00662113792857e-17,-1.61683121243986e-17,-1.82059842699514e-16,-2.47252305435319e-16,-1.39990756764103e-09,1.35490745040466e-16,-5.48556647406337e-17,6.06230665041735e-17,4.10565518584502e-17,-2.83043359980719e-17,1.67096383096545e-17,6.50172576360214e-17,-3.20492247470403e-18,4.93693234279402e-18,-7.57762224008151e-17,4.46685902580483e-17,2.5598715460815e-17,7.23939053284276e-18,-4.5064485439725e-17,5.10318243432758e-17,-5.04826413951771e-18,-2.42234763651927e-16
"t196",-0.0490751709771703,-0.0841291356223949,0.0298226767917529,0.0440976282059632,0.00379181722045063,-0.00179267404516589,0.0101255977515011,0.000194117485412147,8.95389904127487e-05,-0.000400992658169435,-0.000245743394833813,0.0249019450703794,-0.0454038106816902,0.00840413409983362,0.00764792715156396,0.0111149018426784,0.00115903022338575,-0.0701194982839601,-7.82276900407774e-05,-2.80953370773033e-05,0.000336340975623651,0.00014818760602534,-0.000838072578497551,0.016967900714301,-0.0513417035459009,-0.000113839994514164,0.000122249383683303,-0.000106116021068345,0.00154443544119281,8.9063659829676e-06,-6.58006636932315e-07,1.91530606503287e-06,-0.00136449756508873,-9.92172763971765e-06,-1.08580487264874e-06,-1.66250154532312e-05,-0.0306665236474619,-3.69973929512406e-06,-2.05019740848773e-05,-3.20815551636025e-06,-8.16125690308278e-05,6.24287604268091e-06,-6.31254229192182e-05,3.70681328205674e-06,-0.000106394593705958,-1.44168829581529e-06,0.0571895063192156,0.000155938813393056,-5.78855544436559e-06,7.07146259030136e-06,-5.33666143329588e-05,2.28532281348978e-06,-3.12960369155945e-09,5.71609101125345e-06,-1.95898139778727e-07,1.91013221926898e-06,-5.1196655264001e-09,-4.30257531813211e-07,1.74159973137913e-07,-6.85662859155542e-07,-8.15046824981984e-07,1.38476890411715e-07,-4.7835867988083e-06,2.57654685707921e-06,-1.96559060021991e-07,7.81570237448667e-06,-2.79064473050306e-08,9.15187781822004e-07,-2.37927053346074e-06,8.22433925377675e-07,2.06512968745408e-05,-1.90325105282103e-05,1.49406907644444e-06,0.0543826292685386,0.0766103120482946,6.01242407213876e-08,-0.000310743830503157,3.74118882066116e-06,-8.82598089756665e-06,-9.58349258860292e-06,2.62757999757248e-06,3.91395639939975e-05,-5.11804374612022e-06,-3.39526872417995e-05,4.44791401885351e-06,0.00225948108101917,0.000154764670382799,1.96090009868534e-06,5.94886556233241e-07,-0.000130499870852784,1.97483778905707e-06,-3.51084097688012e-08,-2.31258947804362e-07,-3.58789363382036e-05,-1.06686149695285e-08,4.75845494277944e-07,0.000102451662492699,2.32109242013985e-06,-3.47872604433678e-06,-7.91052231039676e-07,-1.87359721258712e-07,0.001447660215336,-7.32037443316613e-09,-2.3179624066671e-06,2.54154140704406e-06,-0.128527330784163,-9.23982189882018e-05,3.24553575628892e-05,-8.77311713993699e-06,1.60457994675023e-06,6.61871103230613e-06,1.19143799259059e-05,-1.96091662593861e-05,1.2927931835045e-05,-6.37522457648751e-08,2.33529956785666e-06,-3.40127681693913e-06,3.55213583757031e-06,-3.63909570607367e-06,9.17200590826981e-06,-3.49774910045062e-05,9.3917231895898e-06,-9.92732933427323e-06,-2.74107887358206e-05,9.09731413870329e-06,-0.000102996049254829,1.06412923871503e-05,-4.194815833089e-06,8.70729494453955e-05,0.00326795067948428,-0.435442733643832,-9.37162079150517e-05,0.0308848270289354,-1.54547948400897e-05,2.77051300115214e-07,9.13628439865377e-07,-3.45808826854456e-10,-1.38335356691258e-06,8.8999991846964e-07,-2.59364155910444e-06,-1.78547093376279e-07,-7.16007476479072e-06,1.4756755383422e-06,9.6020694654711e-08,3.03007878659808e-07,-2.16049983181959e-08,-1.22334894280851e-06,2.20376435156798e-07,1.49887357449818e-08,-4.03648466793661e-08,-6.31670822264765e-06,-1.94800952257245e-07,-4.26221615515245e-06,1.63422945092859e-06,-6.13859202839127e-07,-5.60870159620221e-08,8.71896138657087e-07,-0.0114800602931534,6.52792756896558e-07,1.77006612784257e-07,-0.00157448314560487,-2.40618319182416e-06,4.50304135930258e-07,8.47415277515868e-05,-4.0531098432094e-06,1.71943280656654e-05,-7.78894797509855e-07,-1.30022738271306e-08,-6.42566221009812e-07,-7.81853508849286e-07,1.3055124366863e-05,1.27475906473708e-06,-1.26460641396135e-07,-4.21230469531314e-08,-9.79876717474848e-07,-1.30842009207074e-08,-8.09660635499052e-08,2.03917858507627e-07,3.44187133438739e-08,4.85408008147473e-07,9.13352049614843e-08,5.27048744979192e-06,-1.14572258966088e-07,-0.0030563599008316,-2.95307977973818e-08,-0.0877428127772401,5.99993271877574e-06,-1.66423533269758e-07,-7.25447430702501e-07,4.77656993011473e-06,6.62304363604545e-09,-4.91649580580116e-09,-9.96470680172041e-09,0.0229713071332653,-6.43285864948061e-10,-4.48469649904207e-09,-9.85717485757567e-09,-6.57104486721315e-08,8.56493835914673e-09,6.00675716498104e-09,6.0880024094018e-09,1.14838679654488e-06,-2.07358808857054e-10,-8.87921419289122e-05,1.62568673188277e-07,-1.9245370644807e-06,4.17933939435344e-08,1.62122541599256e-06,-3.58173122326676e-07,-0.00506089244764994,-1.59927552084119e-06,5.81910987010965e-06,-3.47580944385549e-05,-1.05949211775041e-07,-6.77350252437526e-08,-9.22729825322045e-08,1.50189074741401e-07,1.31714915537988e-08,-2.51285778490328e-08,-1.27595414833503e-07,-6.99966147216881e-07,5.79623051255291e-06,2.247235700258e-07,7.30520052396963e-07,-1.88810076981878e-07,-9.68422669068388e-08,-1.02250228040175e-06,-7.17395990067966e-08,-1.13447751222098e-07,-9.09998524480125e-08,1.94165661665153e-06,6.4349839018167e-07,3.10153581051129e-08,5.191951344757e-08,-2.76121440825145e-09,-4.54512936906083e-08,-2.36947750168646e-07,4.44524864676755e-18,-3.58758993540437e-08,2.70045791589228e-06,-7.73572173907889e-08,-1.41203803153414e-06,-2.29186723828098e-07,2.74170546525666e-07,-4.56472654853791e-08,1.66555946544755e-06,-3.80655731583458e-09,2.53413935256369e-10,-6.54684437281554e-07,6.05881108114965e-07,-1.92014564894178e-08,2.63895639170104e-06,-1.26027861036773e-07,6.25170278533113e-08,-5.95122868945531e-09,0.0194530161135008,-0.0023677136621479,-9.98399133918912e-07,2.96562466868937e-08,-6.75660882306335e-09,1.67722870826072e-07,-3.34999033172358e-08,3.78974314262975e-06,-3.16098420032484e-06,2.07272055110781e-08,-7.11533949708637e-09,0.000360844823013321,3.85640069491045e-06,-0.000302530207375837,3.12499057913459e-09,1.79210161246224e-09,-5.38283796337534e-09,7.66202008476229e-07,-6.94013072517302e-07,1.57108050363607e-07,-3.41586302227661e-06,1.6653870354075e-06,-3.09789106740314e-05,2.82154676732892e-07,-1.65742768546785e-07,5.62704423420269e-08,-3.7903147767867e-17,-1.39757121998245e-07,-4.79368271855677e-09,-1.09371320018059e-08,-2.19517334392728e-05,6.86326874756064e-09,-4.2681059582953e-09,-9.99239485827978e-08,1.147134228519e-08,-9.14565929613063e-08,2.39606060251704e-07,8.80324235615077e-09,-7.95060722694533e-09,1.03209702796847e-07,-1.25556618418028e-07,1.05273597477054e-05,-6.0002432344847e-08,6.96334606773721e-07,3.48691514852289e-09,3.00680228601706e-08,1.46226064957505e-07,-1.31481259481463e-06,0.00199140545834585,-1.04075992003718e-07,1.44531935864278e-07,-5.26416253456028e-07,3.36362971406156e-08,3.04067393855687e-08,2.32125030287316e-07,-6.24584013546744e-07,-3.14532066560448e-08,4.10644034604306e-07,-1.68447932378469e-07,4.1674244582609e-09,3.88399526733243e-08,-7.57488828821466e-08,2.20468838861765e-17,2.54270233044702e-10,5.65082778329844e-05,-9.31064267503884e-08,6.87074611450683e-08,9.83421099486728e-08,1.8238761596317e-08,4.33474287329206e-08,-6.52815712756272e-07,2.61113724191878e-07,-9.04436325274136e-17,-3.36192076457253e-07,-5.07907032991823e-09,-9.22736175020277e-08,0.0102214436936796,5.03093112767157e-09,-1.09927680812998e-09,-5.96208058650488e-08,1.76337436479523e-08,-1.04641374744312e-06,1.31065026346843e-07,-2.72581579786278e-08,-4.9834095990106e-08,-2.6515963884677e-09,-2.64860139259659e-09,-5.06199267039551e-08,1.14107350150306e-05,-5.4714899485198e-08,-6.23497205788294e-16,-1.14965374111537e-06,9.06155322295777e-08,4.17084334364952e-09,2.3130977499363e-08,-1.08652784420321e-07,-2.32355642287165e-07,1.41511290030564e-06,-1.10215297333818e-05,-1.94199224482663e-08,2.28820864188796e-16,-3.68700364021271e-08,-2.27957526898494e-05,-4.65762526492284e-08,-1.26090592537588e-16,8.85116613053406e-08,8.92191767175479e-07,-1.36195570944239e-07,-7.25812693808648e-08,-2.42967834547402e-08,-1.3056047212084e-08,-4.69095182794678e-07,1.3576239106309e-08,1.45923936892192e-07,0.00108072395001297,2.63214444421935e-08,2.66106334282328e-07,2.2028732587769e-16,-1.0878915538276e-07,5.11489001517897e-08,3.3183781032038e-07,-3.35297308633365e-08,3.11690021667593e-16,-3.26396825260751e-08,4.22627628451845e-08,-1.4660301168412e-08,-1.30414949646013e-08,-3.30185424918459e-08,2.44144539499206e-07,-4.6541924878226e-07,6.50284491791825e-08,-8.69357306416513e-17,2.38083025267073e-07,-3.17772129359748e-07,1.40989841570801e-06,2.95232696447008e-07,-3.0007938311811e-08,-2.01572994916991e-10,-4.57966997657877e-16,1.69665971594948e-16,-1.95312807299323e-10,-1.74372823863651e-07,2.29986219987221e-08,-3.34104716519412e-08,2.18167883304262e-16,-1.59997619375192e-08,-1.89760842324967e-10,2.96065425197826e-16,2.11394765615554e-16,-1.69407404507672e-16,4.08493654631716e-08,1.20739290371032e-07,-1.76061997567196e-07,1.05087041058229e-07,5.24818781344135e-08,1.21229421744897e-07,-6.73134382688453e-05,1.3895402482001e-16,-2.68381592676472e-07,2.01776043077579e-07,5.26933753963598e-18,9.05972683685684e-16,-6.83964398896173e-06,-1.01145772184841e-11,-7.80026941884806e-08,6.13251481143216e-08,7.83550019497544e-08,-4.22295956410615e-09,-4.55855716823651e-16,-1.42414134754618e-08,1.5765026657551e-16,-4.89415446980074e-08,5.55702402496583e-15,-8.95492651903646e-08,1.87207468073758e-16,7.06160960686815e-08,9.78618650325308e-08,6.01146553537466e-09,7.95251907268107e-08,4.37557570838867e-07,-3.19247151969328e-08,3.26442845716468e-07,1.05840317487131e-08,5.15061486695478e-08,4.81655218467378e-09,7.85545104908415e-08,-0.000558291835366773,-5.03839625802186e-08,-4.32490388046834e-09,-1.05666057323602e-07,-2.86109321127575e-16,5.2817869271976e-05,-3.75433831993744e-05,1.99667102992259e-08,2.44969557229717e-14,2.76619323253934e-09,8.15869319460666e-08,3.12411234639273e-07,-4.48550788073243e-16,-0.000104754439523555,-4.20071482919259e-08,-7.03948287251881e-17,-5.85151156337565e-08,1.4116876692622e-06,1.48964401990975e-15,2.24310122719121e-15,-0.000185115861621278,-5.62032749929803e-08,-3.90028123178912e-10,-7.36818042999709e-07,2.27250656271308e-06,0.212218880501374,-4.47370704793684e-07,-4.09037946034353e-07,3.56992847115366e-07,-2.33890055760522e-14,-6.69370823625026e-09,-4.05077312902912e-10,-1.00584664520339e-09,-8.34573266278329e-08,-6.94669893594103e-16,-2.77580864543129e-16,-2.35018718882819e-08,-1.77628889519519e-15,3.49117506405237e-15,-6.33502404573773e-08,6.17414102495315e-08,1.25938399915225e-07,5.0904161439492e-10,-2.2372776159915e-06,-1.52875375795141e-08,-1.2425513870149e-09,-5.79070619874766e-16,-1.53099772936801e-09,-5.94894642037961e-11,-2.55831379557979e-10,6.49484798351205e-07,-2.61902084478548e-08,-9.58288211993414e-16,-1.48479015061712e-16,1.36341701619613e-15,-2.18801117496444e-10,-1.89618006867897e-09,-1.0242774659566e-09,7.38809474681749e-17,-4.992228560172e-05,-6.51332004775018e-16,2.41571567453064e-16,4.0188161227538e-08,-8.82597370579635e-10,6.3274038786254e-16,-2.16112112861857e-09,-1.83611945367296e-05,2.26071452652701e-15,2.68677111950015e-09,-1.14164442608793e-15,5.07037468472909e-10,-1.99049681778201e-15,4.80960056269152e-10,3.99002167941611e-09,4.93856546950722e-08,1.18895402630336e-10,6.48229179160988e-10,5.80707072760176e-10,-2.73705955959284e-09,1.15358546431505e-15,-4.00592101393068e-07,4.01712470084421e-08,-4.62602339379297e-15,3.8198021354691e-09,1.45114693148099e-08,-2.97280895858901e-08,2.17554824412748e-14,-3.65632878024968e-08,-8.48013034546156e-05,-1.03669652801005e-15,2.30758815057242e-07,6.71838537355385e-08,0.837615656932433,-6.88084114212252e-15,1.69448784947324e-14,3.73873350323417e-08,8.7498508279187e-09,6.78443197845523e-10,-4.6513721293634e-08,2.93205838108248e-09,-1.5445379494657e-15,1.59524569434865e-15,1.04352522754487e-08,7.17069801039414e-11,1.55929642816403e-15,2.4212440914421e-08,1.60744521114462e-16,1.33921645492823e-07,-4.3259757889896e-09,-2.52158947870015e-09,-1.65656493872685e-08,-3.65616570447094e-14,-3.76822764994851e-16,7.21817662592177e-16,-2.76629211411439e-15,-0.000337830376316014,-2.92684604951811e-08,-1.33740394759487e-15,-1.33951958097233e-15,-7.11092322847025e-16,6.54113938053985e-08,3.67408334249754e-10,-3.17441607291822e-08,5.55087045715893e-15,-3.87794722549184e-15,7.89207024384786e-15,-1.18735855412395e-07,4.00576206558496e-08,9.93334482189599e-18,4.36468642655831e-09,-5.83511114197972e-06,-1.93337687280498e-16,-1.2735612752546e-15,-1.12020315688881e-08,-1.14695498783646e-10,-5.5197104060117e-09,2.38622418005917e-16,6.16500280340418e-09,8.94446973772129e-09,9.55057269493508e-09,-8.65362138818293e-09,-3.07776486574826e-08,2.61471153539772e-09,1.24093579992494e-15,-1.56720102296449e-15,-2.78362309178905e-16,4.90829722285782e-08,-7.06979111704083e-08,-2.41588256552811e-09,-1.88991296639298e-09,3.45484721801091e-16,3.97787486530784e-16,-1.13752876613134e-16,5.30507277790455e-16,-5.97856312199837e-16,2.32496783164325e-07,-4.34062189802086e-16,-5.74874067965944e-16,-1.45117346735327e-09,1.27942111392009e-16,-1.29894827629819e-09,5.11560163395488e-17,-1.61019786354507e-09,3.30988158654732e-16,-1.94584438539758e-09,-2.43418523112388e-10,-1.53548644692282e-07,1.79700143730745e-16,7.80292150532336e-09,-1.13726568706909e-16,1.10599506067607e-08,-5.03025444965111e-07,1.07448047605476e-10,-4.65973943634562e-16,1.56914781979953e-08,4.27248519578239e-17,-3.86117951939547e-09,-2.17961108258542e-08,-1.47645150349815e-16,7.29956131499794e-18,1.13142279222645e-16,-4.46093908705395e-14,-7.33774073459881e-11,-9.56847531290165e-10,-2.14153340007241e-10,5.32958474502136e-16,-1.27157052185734e-16,-0.000891848981335688,8.519699120366e-08,4.30976385491105e-16,-1.495940523882e-16,-9.50443841934394e-10,-8.40755909702477e-17,-6.74804701084774e-09,6.03849030033681e-17,6.38982809824855e-08,3.79750950601385e-16,1.22029995883631e-16,9.56855974989392e-19,1.00036028965717e-16,-1.15491215391547e-16,5.28510336664546e-16,8.50825037691177e-09,-5.95042924589924e-08,3.90218474336746e-17,-5.71520161627205e-09,2.17441153849638e-08,1.56073920043922e-16,2.27644845651645e-16,5.05122832457056e-17,1.35056718564214e-17,2.14534763782634e-09,3.43167519817587e-10,-1.43049528848502e-17,-3.49145991716823e-17,-3.89890282795196e-09,-1.39106997720455e-08,-5.24095660675049e-05,-1.15962414935101e-16,-4.84333800567135e-17,-3.31359497441122e-16,2.30044897630004e-16,5.21180942741443e-16,-3.44386701937073e-16,8.22127967507149e-09,-7.77666487511905e-09,-1.49547964570228e-09,6.82288784678803e-17,-2.1219802804573e-17,2.77763480942209e-17,4.93857669467401e-17,1.05900483371637e-16,-3.63964283580541e-16,-3.59247286544609e-16,3.61712882948291e-16,-1.65569105159812e-17,4.57298951327104e-16,1.35497103537143e-16,-2.07812331515388e-16,4.61126559126161e-17,-5.56171269146629e-17,5.67631682287297e-09,2.47433837797766e-15,5.63674040694065e-17,-8.78472212230032e-14,1.27777886706905e-07,-1.40056198516027e-10,-2.07693232433572e-16,-2.07392370436682e-09,1.16790841025893e-07,-2.92016466678766e-16,5.71148429952491e-17,-2.05009043777037e-08,4.19332460801485e-17,2.87649867404553e-09,-2.37354504627344e-16,2.04155831412406e-17,-1.32559133032984e-16,4.88298657273608e-17,2.56314949932381e-10,-3.51983864096372e-08,-1.31497744137231e-16,-2.12664057461682e-17,8.55304010119028e-17,1.59577896653967e-16,-1.00288700954909e-16,1.07416393975133e-16,-1.55567724344749e-17,1.56683032570774e-17,2.92946941568224e-09,-4.20833415354111e-17,-3.91114529597782e-16,1.79781760808923e-17,-2.0151690829662e-16,-1.08480766120147e-17,-1.64265625594115e-16,-8.37060693029627e-09,3.96549501605844e-17,-1.91662434753194e-16,6.24123896768814e-09,-1.00185615613197e-16,1.73531884712056e-16,5.27335862865666e-16,1.81965616748866e-16,1.82277297989569e-06,2.94717557244934e-17,-3.84371709165602e-09,1.3260639017898e-16,4.2302767094223e-17,-2.33614595954627e-16,-2.40030396647911e-16,-1.39203982425173e-16,1.84397010112149e-16,1.38941742542343e-10,-1.24573646021058e-15,-2.62262690269884e-16,5.41232168836411e-09,-1.73487136482771e-08,-2.49436177958669e-17,1.21552666089028e-08,1.78039150027643e-09,2.17142574514236e-16,5.11955204265132e-18,2.25710252566179e-17,7.73146722890133e-15,3.3115425931779e-17,-2.99305521579447e-09,6.78186867146163e-17,3.83130676255338e-17,1.98264258021054e-17,1.19857092330376e-09,-6.57526219830967e-17,2.82561268089814e-16,-8.02334674893485e-17,1.14094593556443e-16,-5.46369001051165e-10,1.14142899308504e-16,6.00149002176186e-05,-1.10814117694081e-16,-9.40141155174576e-18,-5.13933742518814e-17,9.4891578061076e-17,2.85013122791801e-17,3.35222654899117e-17,-9.91281131068081e-17,-1.96859662274838e-08,-5.41419830649289e-17,-6.06519654150227e-17,1.31559205721936e-08,-1.85563500183337e-16,7.67073509919465e-17,-9.91603757682805e-16,-1.45556747843951e-16,1.07654500599334e-16,1.65464820443603e-16,-8.69818902147515e-09,3.4595010485583e-17,-2.25196687136142e-16,2.84104961475545e-08,7.41967979502196e-17,-1.11399738127043e-16,3.73455305386583e-17,-1.08903070084163e-16,2.14143349069994e-16,4.70387061365636e-17,2.9769557518354e-18,1.49991170820282e-16,-5.82144787387162e-17,1.03886370396146e-16,-9.69786037591564e-17,-1.49124583172703e-08,3.11158823986334e-08,-3.84464357509021e-17,7.6848906980649e-17,4.60818428621765e-17,-1.1527822763984e-16,3.96546944586573e-16,5.04978799565556e-17,7.85189603210696e-17,1.09271864620124e-16,-3.90987140698507e-10,3.37003534117351e-17,-7.22686154374239e-17,-4.16235231466297e-17,-1.73014101934461e-16,5.00860224788522e-10,5.57452864316623e-17,-5.48116898344464e-10,-1.26852660178344e-16,-6.32067851732259e-17,-8.78346033520786e-17,-8.81497227845545e-17,-1.01331361727575e-16,1.4558677170654e-16,3.98505988261262e-17,4.07408833742568e-17,1.12269973342508e-17,-9.0714714138299e-17,1.21539633924293e-16,1.78130563367933e-17,5.60225685946561e-17,1.09376547634995e-16,-1.74809275760982e-17,5.2382734647236e-19,-2.41097290401491e-17,-2.19613491944769e-16,-7.25190532116918e-17,-1.357389852595e-16,1.30104260698261e-17,2.8001774574579e-17,4.25854602450079e-17,-2.19117578047582e-17,-5.93008621601211e-17,3.78896148089401e-11,-2.91131388788017e-17,-2.65721860483228e-17,4.4680655063608e-17,3.78937766914513e-17,1.71563007296524e-16,1.35694833107979e-17,9.55984816779658e-17,-1.22489341682131e-16,8.48500809149419e-17,5.45672981161205e-17,2.45626002176591e-16,-6.97604212044521e-17,1.79484413303664e-18,-1.01960308181581e-16,3.22474706503896e-17,4.2401173597849e-17,-8.68795576451152e-17,-4.88455691790157e-10,-3.87780328541619e-17,-3.2434103528283e-16,3.64597310230152e-17,1.10849292182095e-16,1.97052413591985e-16,-1.06648048800246e-17,2.39657605622601e-17,3.22849177433316e-17,6.47798571911444e-18,1.0367629004225e-10,3.09280533180587e-16,9.50683338996028e-17,-9.35042847666704e-18,2.07938250676723e-16,-1.30681982653036e-16,1.08516407450586e-16,-1.49162665257121e-16,-6.28662791112832e-17,9.85019312256593e-17,-2.30907810787936e-17,-6.40065336167905e-17,-6.83065051919684e-17,-1.55281391230147e-16,5.24018021705135e-10,1.28543036212137e-16,4.27128784618614e-17,1.78096489825989e-16,-6.12086336476692e-16,-1.5786331896544e-09,-2.60246181377166e-16,4.03739165233382e-17,4.53839613208527e-18,1.59391819311663e-17,-9.94959181544136e-17,-3.00570760645754e-17,1.32584717285233e-16,2.91707316475055e-17,-1.45745053426828e-17,-3.31225493562712e-17,4.40626678002937e-17,-5.38350358785463e-18,-1.25974112526582e-18,1.41461081656285e-17,5.28194102678206e-17,5.33867116067545e-17,-2.4373453349734e-16
"t170",-0.0490614791694502,-0.0840796895651427,0.029804582329594,0.0440617787015231,0.00378804390199745,-0.0017905816071224,0.0101135473168906,0.000193868126654713,8.94031943167763e-05,-0.000400255605811156,-0.000245170787782973,0.0248305168030925,-0.045269785235472,0.0083789527080437,0.00762401798865947,0.0110781149264083,0.00115510310397768,-0.0698776335082055,-7.79516470103592e-05,-2.79876860050455e-05,0.000334947727954197,0.000147447719430501,-0.00083365548820995,0.0168779641273321,-0.0510685096179742,-0.000113205596395476,0.000121560131303596,-0.0001055124039776,0.00153541656289792,8.84503856126719e-06,-6.53177960001263e-07,1.9006179870268e-06,-0.00135328620439164,-9.83638362818864e-06,-1.07599373825521e-06,-1.6462944669924e-05,-0.0303638242381015,-3.6626475208794e-06,-2.02950518354482e-05,-3.17530073150184e-06,-8.0753076152535e-05,6.1755583070234e-06,-6.24347252193471e-05,3.66620576043337e-06,-0.000105209005857672,-1.42461252166375e-06,0.056499777884119,0.000154042228951921,-5.71649407008011e-06,6.98122583969078e-06,-5.2663302178685e-05,2.25475698380655e-06,-3.08765576160099e-09,5.63807350145566e-06,-1.93129751800894e-07,1.8829984842644e-06,-5.04011412020667e-09,-4.23413615261208e-07,1.713820273965e-07,-6.74102070294688e-07,-8.00738683151824e-07,1.35998072698866e-07,-4.69661366612543e-06,2.52951860485561e-06,-1.92867807531136e-07,7.66521317865361e-06,-2.73396864898163e-08,8.96164902166259e-07,-2.32928972269825e-06,8.04828811745402e-07,2.01654314075723e-05,-1.85537259513049e-05,1.45610773470963e-06,0.0529725422699305,0.074618871868528,5.85477721894179e-08,-0.000302568124401012,3.64110307673844e-06,-8.58100673651841e-06,-9.31359444088668e-06,2.55175013681877e-06,3.80041089109307e-05,-4.96389623352821e-06,-3.29187110104768e-05,4.30605254352828e-06,0.00218652591939149,0.000149705730035955,1.8966752646881e-06,5.75392332260011e-07,-0.000126217887311483,1.90973797034361e-06,-3.39003852429035e-08,-2.23270986834676e-07,-3.46074979679387e-05,-1.0274038975443e-08,4.58135170815653e-07,9.86374310733164e-05,2.2332986130993e-06,-3.34637610482203e-06,-7.60294427860539e-07,-1.79946749890531e-07,0.00139029479726696,-7.02979339961976e-09,-2.21877179756792e-06,2.43218984583676e-06,-0.122973949343719,-8.83759425491963e-05,3.10395723160937e-05,-8.38900313187725e-06,1.53393625600362e-06,6.32678904730973e-06,1.13832743254108e-05,-1.87339472735973e-05,1.23348676909124e-05,-6.08107255372911e-08,2.22619092453983e-06,-3.24147577905577e-06,3.3826954579651e-06,-3.46298871643178e-06,8.72334672802168e-06,-3.32561262050951e-05,8.91986792292896e-06,-9.42195180735035e-06,-2.60146688766145e-05,8.63308618779769e-06,-9.76696311144311e-05,1.00903730080616e-05,-3.9751641758652e-06,8.23661381255033e-05,0.00309123662819257,-0.411836151056109,-8.85287603666664e-05,0.0291683572073857,-1.45933662565574e-05,2.61424687315804e-07,8.62012443684786e-07,-3.25784936761911e-10,-1.30167716112087e-06,8.36065570979596e-07,-2.43635146266613e-06,-1.67671453160478e-07,-6.72296461983812e-06,1.38526421723478e-06,9.01296677793227e-08,2.84417508560388e-07,-2.02664741219246e-08,-1.14608742102549e-06,2.06188363907736e-07,1.40191568868354e-08,-3.77264829222083e-08,-5.90348982230991e-06,-1.82007431963751e-07,-3.98164810847029e-06,1.52637066515498e-06,-5.72367964924252e-07,-5.22817446010514e-08,8.12583978591141e-07,-0.0106517408219578,6.0503231333876e-07,1.64028739590632e-07,-0.0014576915753132,-2.22727347529826e-06,4.16323912261771e-07,7.8335464381926e-05,-3.74232143029441e-06,1.58578283394691e-05,-7.15968602975428e-07,-1.19504219737813e-08,-5.90566311079801e-07,-7.18253367842636e-07,1.19867237666246e-05,1.17034530334257e-06,-1.15978915817181e-07,-3.86187277548032e-08,-8.97707131380141e-07,-1.19848583371643e-08,-7.4156455850733e-08,1.86450848111684e-07,3.14150248578819e-08,4.42911730345548e-07,8.33147588805102e-08,4.80352068494716e-06,-1.04386318209339e-07,-0.00278372701373238,-2.68882941615241e-08,-0.0798083551038997,5.45595749092318e-06,-1.50995868625997e-07,-6.58148467047893e-07,4.33017951034853e-06,5.99154121236911e-09,-4.43992855989492e-09,-8.99333807762728e-09,0.0207132331093589,-5.79656969446874e-10,-4.03289812566834e-09,-8.86021664376347e-09,-5.90089763932242e-08,7.68781576030231e-09,5.37189398867928e-09,5.44360714932225e-09,1.02522529414146e-06,-1.84833335535952e-10,-7.88499737085289e-05,1.44363139187949e-07,-1.70841812365562e-06,3.70604635054247e-08,1.43655720080812e-06,-3.16744528463155e-07,-0.00446443145058622,-1.40795669721223e-06,5.11978571389801e-06,-3.04945288217209e-05,-9.28059485474832e-08,-5.93298414503624e-08,-8.07227397673395e-08,1.30973279529747e-07,1.14792377275434e-08,-2.18280863776037e-08,-1.10581761391941e-07,-6.06146925465748e-07,5.00268836803959e-06,1.93802961965812e-07,6.29453516582548e-07,-1.62251826305826e-07,-8.31749011736167e-08,-8.78078692454567e-07,-6.14236571110958e-08,-9.69574475226426e-08,-7.76138725391167e-08,1.65449943195095e-06,5.47799117845937e-07,2.63788304319429e-08,4.41465946061912e-08,-2.34220799654695e-09,-3.84962060354669e-08,-2.00360325230161e-07,-6.23866161552878e-17,-3.02644044837917e-08,2.27698309215462e-06,-6.50104028369976e-08,-1.18360479216219e-06,-1.91698029487245e-07,2.29294067492824e-07,-3.8022099831394e-08,1.38638771841558e-06,-3.16752390253158e-09,2.10552931274584e-10,-5.43396122043749e-07,5.01941218318491e-07,-1.58940528078546e-08,2.18364380454036e-06,-1.04084769712441e-07,5.12135138437456e-08,-4.86089208042383e-09,0.0158497269318752,-0.00191864528379615,-8.08722050236397e-07,2.39290471726327e-08,-5.43980028649552e-09,1.34608011660346e-07,-2.68582620018853e-08,3.03512703870771e-06,-2.5277747050643e-06,1.65381214737702e-08,-5.67583556448996e-09,0.000286188312478946,3.05812751541082e-06,-0.000239870616378921,2.47382003729084e-09,1.41783169420598e-09,-4.25060239104558e-09,6.04823698325119e-07,-5.41462249176823e-07,1.22412502002173e-07,-2.65871299714067e-06,1.29310003246611e-06,-2.40067419982256e-05,2.17677662158315e-07,-1.2770008248843e-07,4.33095885869392e-08,1.80716211158156e-16,-1.07178609506608e-07,-3.67447525595219e-09,-8.37045560281471e-09,-1.67374530954174e-05,5.21601572586173e-09,-3.23867249287715e-09,-7.57644788863205e-08,8.6099460379292e-09,-6.85980095334693e-08,1.79686703287922e-07,6.58158706981219e-09,-5.89161110332927e-09,7.63616266974621e-08,-9.27940149478438e-08,7.75215833336498e-06,-4.35582785925918e-08,5.02374853288319e-07,2.51473706484081e-09,2.16824711481255e-08,1.03778949977114e-07,-9.1511344247841e-07,0.00138245171429277,-7.19753128487314e-08,9.94850568894463e-08,-3.61818759145694e-07,2.28335571430508e-08,2.06214995874963e-08,1.57147720170698e-07,-4.22329991436785e-07,-2.11829681576452e-08,2.75320450038454e-07,-1.12463483568671e-07,2.77720878876234e-09,2.58014050691199e-08,-4.99762184587919e-08,5.09733846198464e-17,1.60388318398713e-10,3.54734973224531e-05,-5.80232235865112e-08,4.28086335604485e-08,6.12585764071797e-08,1.13405880376002e-08,2.68601882544156e-08,-4.02848250227199e-07,1.59763121318846e-07,-1.26387584421948e-16,-2.01568140929137e-07,-3.0373284788475e-09,-5.48714374353118e-08,0.00607418314571149,2.94735917723976e-09,-6.38824914538693e-10,-3.42447014929294e-08,1.00452864230377e-08,-5.85249935716264e-07,7.20236962764172e-08,-1.48059499331662e-08,-2.6888273012018e-08,-1.42468068763987e-09,-1.41233232242219e-09,-2.69696948241418e-08,6.04641744013838e-06,-2.88688690462057e-08,5.65215090274452e-16,-5.86714293651041e-07,4.59121297910806e-08,2.11308795996469e-09,1.14738277771391e-08,-5.37195136066983e-08,-1.10160869255782e-07,6.62491979915926e-07,-5.14673861328182e-06,-8.98099168661971e-09,1.182525106731e-17,-1.68593759578964e-08,-1.03792431684511e-05,-2.08640952690127e-08,2.87558223043968e-16,3.8932976987114e-08,3.90721398861491e-07,-5.95081711415131e-08,-3.15622498284301e-08,-1.04804256614514e-08,-5.59716072478161e-09,-2.00125831806477e-07,5.70748982468921e-09,6.12384718718225e-08,0.000448859414817738,1.07293222492938e-08,1.08366517873962e-07,-1.23663900711271e-16,-4.26210572505505e-08,1.98990980964244e-08,1.27083303954657e-07,-1.25272991573464e-08,-2.1981765371995e-16,-1.15184732074714e-08,1.38901727474595e-08,-4.65341756058939e-09,-4.07024445082899e-09,-1.00924907860357e-08,7.16631403054534e-08,-1.27199881177373e-07,1.43246827720664e-08,-8.1536260680479e-17,4.03793782295002e-08,-5.24326438512245e-08,2.1894911631968e-07,4.18049290481953e-08,-4.21724560669841e-09,-2.75372921936008e-11,2.86229373536173e-16,-2.38624619693475e-15,-2.21834939809032e-11,-1.62016698128594e-08,2.07674752002127e-09,-2.37829496012772e-09,-4.08232819542367e-16,-4.40204935862706e-10,-1.37994881350451e-12,-2.84968810994256e-16,-3.06266751955009e-16,5.83407741365547e-17,-2.44160423716681e-09,-8.29996574152181e-09,1.76945387526868e-08,-1.34956625706283e-08,-6.91483736258944e-09,-1.97265511778655e-08,1.11986570989529e-05,-1.37879837698609e-16,6.25343900908539e-08,-5.2005120230574e-08,1.59314270905036e-16,6.3522843627606e-16,2.47342565228428e-06,3.93051924610366e-12,3.32028832765908e-08,-2.76814447306223e-08,-3.93791348708329e-08,2.15828800258353e-09,-5.87635576075132e-16,7.4458765588341e-09,-2.50099674887338e-16,2.72804942875399e-08,4.55757935731438e-16,5.22622096208861e-08,-6.46484723636586e-16,-4.36324899878158e-08,-6.11581202865103e-08,-4.3451527927468e-09,-5.9229990085501e-08,-3.29963576571078e-07,2.53954877174016e-08,-2.71797015172046e-07,-9.77343438240239e-09,-4.76045203948695e-08,-4.59288376208471e-09,-7.92652846198161e-08,0.000606975258690139,5.82758713609335e-08,5.24979204088167e-09,1.31330360608695e-07,1.25817953822148e-15,-7.06009831674931e-05,5.37994454544073e-05,-3.48034386754518e-08,-4.36630934090187e-14,-5.1032406911804e-09,-1.64031415592796e-07,-6.51708453647131e-07,3.56025638143431e-15,0.000222724550840036,9.63652487094224e-08,1.90485610124026e-15,1.39394771367399e-07,-4.24478929132635e-06,-5.54912620538913e-15,-6.16233814186826e-15,0.000612013785483433,1.87427701971562e-07,1.35484481047784e-09,2.68699931963847e-06,-9.27925398723218e-06,-0.875249508553718,1.87147267932742e-06,2.00830806659088e-06,-2.01505815158707e-06,8.68591494302545e-14,3.99263044089126e-08,2.43956983610492e-09,6.26832959627697e-09,5.4235768537715e-07,9.88310415414283e-16,1.67446013674787e-15,1.61999600398123e-07,5.32891751251687e-15,-1.02405938950639e-14,6.66303164231413e-07,-7.07109138438873e-07,-1.44499513696903e-06,-7.16545891886324e-09,3.24496921680916e-05,2.23174086315119e-07,1.89281421440017e-08,-2.23301510319398e-15,4.06822884312877e-08,1.84762103798653e-09,8.40300122952836e-09,-2.94939319075659e-05,3.28942402133998e-06,7.73004094397643e-16,2.07566672984504e-16,1.20615368944634e-15,-2.37616666631633e-08,-1.22763619340346e-07,-6.44626920998204e-08,-7.8079415677083e-16,-0.00236339893204588,6.81063011442528e-16,3.1020972244662e-17,1.17907955924691e-06,-2.58649075011278e-08,-2.19507571841415e-15,-6.33267496687184e-08,-0.000549659650917382,-3.5161072620086e-15,8.95796502404668e-08,4.63210343588542e-16,2.34120088261621e-08,-4.11063381318782e-16,2.33066398911169e-08,2.01413387589052e-07,2.62139801352041e-06,6.82579057638799e-09,4.65776696968121e-08,-1.57848618662489e-07,6.1015623401469e-08,-2.19171875123209e-16,2.70199625690394e-06,-2.42847446547441e-07,-2.96140189300207e-16,-1.9986645795178e-08,-5.84051638550005e-08,9.40600365870221e-08,-2.20486069333286e-15,4.48224497914983e-08,8.15839387021128e-05,6.93037579480131e-16,-1.50677248262829e-07,-3.46502533840169e-08,-0.0661022719926944,3.56949989821102e-16,-1.11734598907349e-15,2.35699091929504e-08,7.34767444117695e-09,5.95448787897555e-10,-6.57381089910823e-08,4.30032658653036e-09,5.15917487371094e-17,-3.91342925810751e-16,1.56502721804475e-08,1.07833259521089e-10,-4.29761438758059e-16,3.76009652913088e-08,1.00852905345008e-16,2.13500337085533e-07,-7.10423690952496e-09,-4.148777402294e-09,-2.74490711186346e-08,-6.03215044164705e-14,3.51731087181112e-16,4.73942381512096e-16,-6.49437785562418e-15,-0.000587156009261487,-5.10166086674369e-08,3.94680208701876e-16,2.233961953406e-16,-2.07518666343545e-17,1.15098488175998e-07,6.48851614777896e-10,-5.65488775723439e-08,-2.09096932160504e-15,-1.11033822110598e-15,-9.69696870543879e-16,-2.15566116847306e-07,7.27559112677631e-08,4.04799051595797e-16,7.95913798880624e-09,-1.06534196349371e-05,-1.77300750606331e-16,8.7925642352673e-16,-2.04947259591685e-08,-2.09869829314477e-10,-1.01072377613477e-08,-2.38765296465617e-17,1.12954035850999e-08,1.6388146538785e-08,1.74934635805145e-08,-1.58357582350235e-08,-5.63024450990387e-08,4.77963464482647e-09,2.54396399035194e-16,1.78282720071067e-16,-3.949664542023e-16,8.91702718083618e-08,-1.28423746332885e-07,-4.38415892752126e-09,-3.41088537617105e-09,1.16899511948303e-17,-3.43287968269235e-16,2.22239617317903e-16,-1.06507157110238e-16,-2.06509182797108e-16,4.16899476822666e-07,3.45018201530092e-17,2.24187113739354e-17,-2.59517010940233e-09,1.62450868566798e-16,-2.32260346185242e-09,-9.61047833222222e-17,-2.87843083272577e-09,-3.15314812069339e-16,-3.46161659316494e-09,-4.32527507323958e-10,-2.72341855251232e-07,5.35927876469727e-17,1.38083396360799e-08,-4.00931584814731e-17,1.94735097825921e-08,-8.79765894048824e-07,1.87866246001291e-10,3.07803517309014e-16,2.73602582439062e-08,-8.66549910261852e-18,-6.70313130690881e-09,-3.7830611634098e-08,-1.86109271999447e-16,7.58619315196556e-17,-1.53563513837613e-16,-7.73559254749978e-14,-1.26896694340811e-10,-1.6531674256078e-09,-3.69585837874649e-10,-3.72703260824913e-16,-1.07242205975999e-16,-0.00153095353781152,1.46214982728148e-07,-5.03284791371815e-16,-1.55327154051456e-17,-1.62034357784856e-09,8.69730644849559e-17,-1.14879739133181e-08,1.91283538356677e-17,1.08337154655483e-07,-3.86536435076464e-17,-4.535474973334e-16,1.12499394303989e-16,2.77301754558703e-16,1.28824207270244e-16,1.91166945054324e-16,1.43068949373125e-08,-1.00047623918197e-07,-4.94709853421117e-17,-9.58185060359652e-09,3.64118200014202e-08,-8.45320936038253e-17,-5.31562477102257e-17,-1.08874149455651e-16,-2.62266731982562e-16,3.57422303397093e-09,5.71053713401051e-10,-3.01209696418892e-17,2.7110306725261e-17,-6.4794889929998e-09,-2.31138897861104e-08,-8.70330204105252e-05,-2.38133942893474e-16,-1.41821930264329e-16,1.41941608098005e-16,8.08512653606609e-17,1.68307835697415e-16,-3.89865065191771e-17,1.35264456571396e-08,-1.27839408529036e-08,-2.4563046491664e-09,-5.24632956846048e-17,-2.10339112174416e-16,2.82705856946464e-16,-2.5008623131994e-16,-5.97720076995939e-16,3.82152746992266e-16,3.20884723347408e-18,1.27005602440748e-16,2.05335963792189e-16,-4.63248489858786e-17,-1.35169066449375e-16,3.04941237562499e-17,-3.70413457130249e-17,-7.08646825451371e-17,9.19284696569441e-09,4.18868928147864e-15,1.49530246319236e-16,-1.41796893277529e-13,2.0655858934544e-07,-2.2631131179452e-10,1.83222927880004e-16,-3.35030061247171e-09,1.88247398919545e-07,1.72280250829601e-16,2.76415448414309e-16,-3.29528015614546e-08,1.22269107192686e-16,4.60813881412934e-09,-1.13583636787746e-16,-1.08495203559254e-16,-1.34280569214725e-16,1.39468786394535e-17,4.08476460477457e-10,-5.60740754408625e-08,1.01257152876277e-16,-1.59175144656855e-16,-2.8578457935694e-17,-1.40423854387017e-16,-5.33779834568926e-16,-1.03001320667777e-16,-5.51354801805812e-17,2.44618220620464e-17,4.58515463765841e-09,-2.06866101308334e-17,7.36861710031703e-17,-4.96894870800434e-17,-5.19541965325609e-17,-1.55457077256358e-16,-3.24730673101924e-16,-1.30533377165817e-08,4.26514676594051e-17,-3.08486324152676e-17,9.72618926025486e-09,-1.66203346385745e-17,9.06761563051464e-17,-2.13221519868188e-16,-6.40138760086039e-17,2.81847465074414e-06,-1.20501239587409e-16,-5.93518836864939e-09,1.47937256793482e-18,9.89955948162392e-17,1.848066375996e-16,8.36504327719929e-17,5.78502370603376e-17,-1.97877056255425e-16,2.13944875607945e-10,8.59083806761251e-16,-2.55562467098735e-18,8.316309866439e-09,-2.66543389426108e-08,-2.38148732165014e-17,1.86412660737833e-08,2.72884970217726e-09,3.96500397943686e-17,-1.67424786795267e-16,3.40657389656703e-17,1.09799871394695e-14,-1.06266959538618e-16,-4.54970013092392e-09,-1.10986613522924e-16,-1.26829265192746e-17,1.65936497749721e-16,1.81811720647213e-09,4.7346010787543e-17,3.69022767085035e-17,1.48090194667907e-16,-9.0455448491917e-18,-8.26514347943385e-10,3.63947026396049e-18,9.07105112476087e-05,4.07872280298785e-17,1.15384691324347e-16,-1.20750709302793e-16,-1.59677662848555e-16,-3.16383504312858e-16,-2.66696043971625e-16,5.5694294267108e-17,-2.96234018221877e-08,-8.73810123225452e-17,1.04401155817116e-16,1.97755090525556e-08,2.69607435838365e-17,2.22848859169872e-17,-5.2773454175227e-16,-7.50730053740825e-17,-3.44709885532142e-17,1.6174373219617e-16,-1.30306228374157e-08,-1.1853291095803e-16,-4.4836286538829e-17,4.24974014280502e-08,-2.71662722970307e-16,1.58502638090405e-17,-1.82370818215077e-16,7.29169698259448e-19,-3.74370204119938e-17,-8.89221517996688e-17,-1.28806954312571e-16,5.00224820816835e-17,-6.15584598784766e-18,-3.33729871370955e-16,3.34074745470289e-16,-2.2184702515501e-08,4.62598155591376e-08,8.80599372840013e-17,2.25070383363022e-17,-1.78183262149975e-17,-6.42144652983647e-18,-1.67129764888641e-16,-7.35036878672009e-17,-1.56165815560861e-16,6.8321022560392e-17,-5.79322465404819e-10,1.87605794656331e-17,-5.24342171819658e-17,5.10502196457451e-17,2.3157741708702e-16,7.40022348101868e-10,2.05428797067523e-16,-8.07292405259974e-10,9.6513571557104e-17,-3.136445197549e-17,7.1943413121605e-17,5.56915558341635e-18,1.99673413728473e-16,-1.42279873131917e-16,-3.21855185857362e-17,1.24205733264606e-17,9.17031508641717e-17,-7.02614947129323e-17,-8.74824761333164e-17,7.50145869071269e-17,1.16843126097491e-16,1.15588867874194e-17,1.60680141065999e-16,1.31681397123038e-17,-1.29439477476276e-17,-1.35506390112217e-17,-1.27169479513554e-17,-1.39642329596703e-16,-3.2498960120253e-17,-3.16845737564253e-17,6.04454778017613e-17,3.6533139860825e-17,4.649274922474e-17,5.51788789945668e-11,2.43635450650026e-17,3.67476965428008e-17,1.39043123949065e-16,-1.18540180441659e-16,1.13267286274345e-16,-2.94422136240418e-17,-8.98906458709851e-18,3.58096576504386e-16,7.58482432330063e-17,5.14376269785823e-19,3.58328818006459e-17,-4.7979646839198e-17,6.97947862611666e-17,3.57465458347106e-18,4.1754016944939e-17,-1.26947302642971e-16,-1.23796003793169e-17,-7.06142428864365e-10,-7.53131376062095e-18,-1.07199448542001e-17,-9.19396185881808e-17,-1.40012656574527e-16,4.33586713428391e-17,7.11782494131676e-17,-8.76676220712613e-18,-4.14991711157972e-17,9.99892667419268e-17,1.48787171206219e-10,1.48822519176631e-16,-7.15303589824837e-17,1.29935237063309e-16,-5.58832018078976e-17,-1.0359215347394e-16,8.73558005679655e-18,6.36260392941102e-18,-1.20177033574671e-16,-1.95612653476255e-17,-1.3559129484125e-16,1.63365326153306e-16,1.9167058904986e-16,4.81308696080513e-17,7.46691400884451e-10,-3.6010957702721e-17,-2.73925905346704e-17,-9.09901827907606e-17,-2.61997454981122e-16,-2.24217998573757e-09,2.81407611225199e-17,1.42766725900453e-16,6.52868951578178e-17,1.1911943341426e-16,1.61599329434645e-16,2.13439327890947e-16,1.46010550571554e-16,1.1574857128708e-16,-6.50023464044698e-18,1.91261552599506e-16,-4.84153335873457e-18,8.81199746787848e-17,-3.20900272324089e-17,9.80890728138891e-17,-1.26611650481086e-16,8.30279000325118e-17,-2.44572494536515e-16
"t350",-0.0491471846659868,-0.0843926204751218,0.0299191750756605,0.0442904980877753,0.00381227604446144,-0.00180410309973662,0.0101914827798105,0.000195486383694608,9.02919586187513e-05,-0.000405136829625664,-0.000249032925488714,0.0253221618834032,-0.0461952223947536,0.00855312322516299,0.00779021117113777,0.0113356268318404,0.00118267657986214,-0.071579840185764,-7.99003633033245e-05,-2.87566410719512e-05,0.000345021677001688,0.000152981986886947,-0.000867068676854954,0.0175591193173126,-0.0531393515501922,-0.000118064170590976,0.000126853014289413,-0.000110157270221657,0.00160525249712986,9.34128957238468e-06,-6.93020097532284e-07,2.02357150140019e-06,-0.0014494390695594,-1.05811122228528e-05,-1.16331835908947e-06,-1.79540666666335e-05,-0.0331648736740036,-4.00840720455463e-06,-2.22301128419669e-05,-3.48473012223502e-06,-8.89618384156312e-05,6.82641012334852e-06,-6.9164717970655e-05,4.06213177425719e-06,-0.000116876567612073,-1.59867377004922e-06,0.0636085147659909,0.000173692187552956,-6.47426081383071e-06,7.94574227988422e-06,-6.03498262803997e-05,2.5923548746775e-06,-3.5516887736837e-09,6.51269944179915e-06,-2.25004283268909e-07,2.19669361655461e-06,-6.03329789799363e-09,-5.10764269186773e-07,2.06932114400828e-07,-8.30623006048942e-07,-1.00331327753339e-06,1.71904566722037e-07,-5.98047677914635e-06,3.22707807524848e-06,-2.49646282261408e-07,1.00594189206772e-05,-3.70903622886802e-08,1.23578652029208e-06,-3.23742508562055e-06,1.13523789956562e-06,3.11719616571205e-05,-3.13804153604962e-05,2.50218646406882e-06,0.0942566029717359,0.133382275528319,1.06361212067172e-07,-0.000553306037396729,6.88840889010311e-06,-1.77154362874913e-05,-2.00170282665038e-05,5.92219046681962e-06,8.98211220074811e-05,-1.36881925769146e-05,-9.59574921723464e-05,1.71508339272293e-05,0.00978454343899374,0.000770261589361678,1.00076482850768e-05,3.05645830101205e-06,-0.000682044442975638,1.1008517792186e-05,-6.27149639872981e-07,-5.30198948765052e-06,0.000801217263155478,4.83109981448199e-08,-1.90060157650436e-06,-0.000406932047811496,-7.01513701359807e-06,9.61515579585323e-06,1.62473308211301e-06,3.12526110657679e-07,-0.00237310656993854,1.17693910460757e-08,1.78314409967972e-06,-1.86262378843047e-06,0.0907380942939046,6.1082355595765e-05,-2.10687955667467e-05,5.51547098956889e-06,-9.61308349934947e-07,-3.90385876341513e-06,-6.40993094349714e-06,1.04353792899905e-05,-5.42890684701893e-06,2.54657935902492e-08,-8.36197175949371e-07,1.15957731647035e-06,-1.05787500875624e-06,9.50515124288311e-07,-2.16719464490846e-06,7.80252411917178e-06,-1.710027038543e-06,1.57769257793761e-06,4.33322684042505e-06,-1.40972490625692e-06,1.37952338381907e-05,-1.40772596453126e-06,4.86734998388791e-07,-6.69159064947793e-06,-0.000249891904411696,0.032096666242498,4.97182119617082e-06,-0.00152609120756756,7.24131254365736e-07,-1.02612577036622e-08,-3.26678391178197e-08,6.38861908594968e-12,1.01553510778492e-08,3.85814556131786e-09,-1.19577805554955e-08,-1.11032935240204e-09,-5.011183478494e-08,1.20978629140406e-08,8.29478108584281e-10,2.61931070239926e-09,-2.48788930610136e-10,-1.93418607914257e-08,4.04161728823572e-09,2.80197948176836e-10,-7.70836803583375e-10,-1.20691411104089e-07,-3.7225796911776e-09,-8.13099663456702e-08,3.10646780719309e-08,-1.03539461948433e-08,-9.12727657627953e-10,1.37858192889577e-08,4.65346009559163e-05,-7.64205317188417e-09,-2.2985278235297e-09,3.2382893064809e-05,5.34967409241501e-08,-1.51120078122751e-08,-2.96981560718792e-06,1.94110914258099e-07,-1.0652198303382e-06,8.85262463830275e-08,1.50607527424847e-09,7.47913633167195e-08,9.78135455447074e-08,-1.77369830653396e-06,-1.75233965255905e-07,2.03502352390131e-08,7.11388602763236e-09,1.83408928799858e-07,2.51105728825402e-09,1.57384585575014e-08,-5.00361056633402e-08,-1.07247548630431e-08,-1.57656056124095e-07,-3.08668427396792e-08,-2.00584156051278e-06,4.56781478818259e-08,0.00127585408599716,1.28800599481046e-08,0.0445266918496006,-3.16513622444231e-06,1.26447071091212e-07,5.58560764971941e-07,-4.23222616318323e-06,-9.40117284105808e-09,1.25776606616355e-08,3.44984887169583e-08,-0.162112129227985,1.83188405216755e-08,-1.66095571430566e-08,-2.94713997960701e-08,-1.398758585908e-07,1.5944560294691e-08,5.64595876673632e-09,5.58724864065348e-09,8.64485370707404e-07,-1.3117281367954e-10,-3.8373574411775e-05,7.01367095737382e-08,-8.02062326878508e-07,1.56505230656576e-08,5.62694612119517e-07,-1.00420161939013e-07,-0.00104417344482589,-2.41662046812286e-07,7.83141484537713e-07,-2.14990958095076e-06,-2.34588081441132e-09,-1.4289426248709e-09,9.04674071040521e-10,-1.33841667079169e-08,-1.37811203942413e-09,4.7698390991791e-09,3.21408230432188e-08,1.91873053631717e-07,-2.14817160871595e-06,-8.8746007622801e-08,-3.08423861920121e-07,9.63272711107235e-08,5.1220913967888e-08,5.45561979950376e-07,4.60546650582303e-08,8.09889400903665e-08,7.28214468128297e-08,-1.63464768145608e-06,-5.70651137662192e-07,-2.8863836043063e-08,-4.89793616910903e-08,2.95047370954361e-09,5.24561587595384e-08,2.97235286537729e-07,-3.18657963170357e-16,5.07399786762302e-08,-3.91252110494523e-06,1.32690867449371e-07,2.76914285309122e-06,5.03738559352929e-07,-6.06825982973651e-07,1.26503256523935e-07,-4.80357549298109e-06,1.11845554316749e-08,-8.15745133246858e-10,2.24694997045062e-06,-2.35146636264836e-06,7.89184603466272e-08,-1.11120048958518e-05,6.09899060935358e-07,-6.69837183241906e-07,1.01956282528659e-07,-0.628036818490891,-0.099555724868793,-3.63691561011228e-05,4.78167840830459e-07,-8.41239238674585e-08,1.59413996913034e-06,-2.96684417769821e-07,3.13589762004219e-05,-2.40115703595998e-05,1.40777383052128e-07,-4.77576414046006e-08,-0.0309396580766818,2.50206296057915e-05,-0.00177734045148387,1.61918452781794e-08,9.0953149022424e-09,-2.58086379292804e-08,3.63810987590858e-06,-2.57311186954086e-06,5.69974248795956e-07,-1.21879049342841e-05,5.72963406753413e-06,-0.0001036909438031,8.91820646018174e-07,-5.15788945028344e-07,1.73027856152266e-07,9.5997428746447e-16,-4.13247669223748e-07,-1.41046847726053e-08,-3.16784845096297e-08,-6.137440530134e-05,1.86518792119581e-08,-1.14505887510495e-08,-2.66409096455676e-07,2.84131122452525e-08,-2.25543284342586e-07,5.90208660747524e-07,2.12711473432279e-08,-1.8268746790747e-08,2.35236946434888e-07,-2.84587658347909e-07,2.34411659749083e-05,-1.25675244141625e-07,1.42533800078323e-06,7.12816956308163e-09,6.14432528624938e-08,2.83935871024902e-07,-2.42624413649891e-06,0.00365286697666355,-1.89281240881901e-07,2.60217325294742e-07,-9.4489214610241e-07,5.89256456273396e-08,5.31744215380752e-08,4.04637521399719e-07,-1.08640922040936e-06,-5.43273665663993e-08,7.03922936820208e-07,-2.86779453567601e-07,7.07409292339343e-09,6.56053397412899e-08,-1.26643422125389e-07,-1.3135757580165e-16,4.02055754234615e-10,8.89050092211057e-05,-1.45414612654328e-07,1.07285068443864e-07,1.53524172235078e-07,2.84227153175039e-08,6.73286954876527e-08,-1.01005420220921e-06,4.00901289399465e-07,-2.59312295903658e-16,-5.0751933442685e-07,-7.65186933920616e-09,-1.38418177979349e-07,0.0153252289096068,7.46538140641336e-09,-1.62219201405322e-09,-8.73109445755561e-08,2.56909403272355e-08,-1.50813527250866e-06,1.87091547827244e-07,-3.8678727156908e-08,-7.04798613546944e-08,-3.74249163747352e-09,-3.72487043768762e-09,-7.11615550101785e-08,1.60009273581259e-05,-7.6576407668223e-08,-4.34762754300584e-16,-1.58646350125684e-06,1.24688976620982e-07,5.7390127579858e-09,3.15753475858172e-08,-1.48142393913821e-07,-3.12339353338785e-07,1.8947503980034e-06,-1.47457477144586e-05,-2.59063478625098e-08,8.18406394643406e-17,-4.90228650563466e-08,-3.02724946367838e-05,-6.15727878633903e-08,-9.50622437370475e-18,1.16443749279427e-07,1.1724113573962e-06,-1.78866611619516e-07,-9.5205933246714e-08,-3.18059269835527e-08,-1.70652423559133e-08,-6.12417964520823e-07,1.76624823103805e-08,1.89766639951087e-07,0.00140208193390224,3.40063028989175e-08,3.43726434711672e-07,3.80276780095134e-17,-1.39392539679566e-07,6.54464261107652e-08,4.23300579203938e-07,-4.25747396611594e-08,-2.96089642969817e-16,-4.10390428621042e-08,5.25614939600027e-08,-1.81440747735825e-08,-1.61040357715778e-08,-4.06617975441172e-08,2.9915276946686e-07,-5.65660783676865e-07,7.74594237629506e-08,-1.44139893969258e-17,2.78551905885275e-07,-3.71200177960756e-07,1.64151648028324e-06,3.42153538470344e-07,-3.47647122270023e-08,-2.33219938926535e-10,-1.12757025938492e-17,1.93062810838522e-16,-2.24271575530065e-10,-1.98893083534996e-07,2.62107223643578e-08,-3.78462459889654e-08,1.06355749817933e-16,-1.78794708297903e-08,-2.10748144936604e-10,9.45269702613873e-18,1.17362422812227e-16,2.47913273430218e-17,4.44673133507883e-08,1.31086364705181e-07,-1.89383932066546e-07,1.12127807567433e-07,5.59443005324865e-08,1.28082319331379e-07,-7.10443495729823e-05,8.04834630633657e-17,-2.77932131701413e-07,2.07498128039782e-07,-1.49579749515292e-16,7.440273390204e-17,-6.83040078784617e-06,-1.00241326579507e-11,-7.65023017306796e-08,5.97095342421163e-08,7.51909366719525e-08,-4.04263137180983e-09,-9.57133887600851e-17,-1.35877354872534e-08,2.17547811607667e-16,-4.62363016841985e-08,3.15001388688507e-16,-8.39662121481062e-08,-6.60535298648361e-17,6.5563270386325e-08,9.06743924582634e-08,5.41330639298988e-09,7.1149654865358e-08,3.90398402656007e-07,-2.81357402840672e-08,2.84515069778808e-07,8.97321724075788e-09,4.36560452084603e-08,4.04565807152246e-09,6.48482077017867e-08,-0.000449565164559641,-3.96668318540206e-08,-3.34106158435128e-09,-8.08375792576149e-08,-2.55475014824022e-16,3.91305976786346e-05,-2.68839777838792e-05,1.27063899848578e-08,1.57977298997304e-14,1.68796972723542e-09,4.63090256448112e-08,1.71249210277851e-07,-9.5465067248975e-16,-5.6339505941958e-05,-2.07744090791418e-08,-3.85585597771594e-16,-2.76062075687251e-08,4.37388036427895e-07,-7.16440494766431e-16,-8.76394499025167e-16,-4.2913876741497e-05,-1.26076559578895e-08,-7.33249457568861e-11,-1.05115020888979e-07,6.33694929280519e-08,0.0036232385836783,-6.75875254344680e-10,7.81053229470438e-08,-1.38131419824549e-07,2.88370672826832e-15,3.16434503650841e-09,1.97770394602569e-10,5.47668237315829e-10,5.14313780362444e-08,1.34052220308031e-15,9.76549485773746e-16,1.69835935574661e-08,4.88962127264241e-16,1.04932165249359e-15,1.08404548213604e-07,-1.21545434362377e-07,-2.48656755872987e-07,-1.371702538965e-09,6.29462248211646e-06,4.34126019033847e-08,3.74793421754747e-09,0.707106781186548,9.48560536984872e-09,4.43883684896233e-10,2.03819347496615e-09,-7.48662017129257e-06,8.99791995935229e-07,-3.75355879265091e-15,4.20954393654268e-15,2.24963587005629e-15,-7.1301301955952e-09,-3.81689473380857e-08,-2.00946090107494e-08,4.66126901938111e-15,-0.000760615838335199,3.23936577608362e-15,5.63566175645817e-16,4.27592166321856e-07,-9.39221151490299e-09,1.41813644161104e-16,-2.3574912600015e-08,-0.000207471428201093,-2.02638245099907e-15,3.47315026507824e-08,3.47108433298327e-16,9.35244447715911e-09,8.47453570242053e-16,9.33419790353859e-09,8.08239797348776e-08,1.05425105856865e-06,2.75352372847211e-09,1.89167602519333e-08,-6.56653460578104e-08,2.61489656711585e-08,-4.43398794836419e-16,1.19248806481023e-06,-1.07438817037874e-07,-5.63685630202183e-16,-8.86853070728027e-09,-2.60291692658086e-08,4.20228566489866e-08,4.06220395977882e-16,1.97226103672327e-08,3.54001423951971e-05,3.42179161866534e-16,-6.30459378227111e-08,-1.4017586811194e-08,-0.000331409627633361,4.35612150575257e-16,-4.57141042417951e-16,1.30982489124842e-08,4.01183054355839e-09,3.2458603888313e-10,-3.61744549391642e-08,2.37652764184673e-09,-1.18707513023359e-16,9.90111438964677e-18,8.67561200020103e-09,5.97998040148332e-11,-1.21853288338905e-16,2.09643356531016e-08,-1.18231685777796e-16,1.19670919013177e-07,-4.01162314809499e-09,-2.34397053120646e-09,-1.55403830026556e-08,-3.44580572603543e-14,-5.07327265767017e-16,-5.48046716456803e-16,-3.53462916814253e-15,-0.000338671880955955,-2.94709861723835e-08,-3.1228032214016e-17,-1.60781461124198e-16,-5.69307711857096e-16,6.68524497475357e-08,3.77754666276218e-10,-3.31306790257626e-08,-9.91500767248399e-16,-7.56014174874142e-16,2.14807555423691e-17,-1.28950546013946e-07,4.35525870654785e-08,-2.37941357796092e-16,4.80183487795453e-09,-6.44733862149479e-06,1.76027853845854e-16,1.49337209255833e-16,-1.24931999067932e-08,-1.28006343167447e-10,-6.1905247390845e-09,2.85575016719059e-17,6.96600975872175e-09,1.01445954885188e-08,1.08846605752379e-08,-9.9215495717867e-09,-3.53397860231433e-08,3.01031492750308e-09,-5.11256469738074e-16,4.27328409963681e-16,-1.00595864893702e-16,5.72319880967532e-08,-8.24493292977404e-08,-2.82129216632656e-09,-2.22086287753773e-09,1.27430566328052e-16,1.37609990212573e-17,-5.06248652319705e-16,-1.86725616037486e-17,1.29226668460067e-16,2.74764619357137e-07,-3.52450350891573e-18,4.35083880121395e-17,-1.71856785337377e-09,-2.98527130937673e-16,-1.53846211344323e-09,3.35570351699557e-17,-1.90745512261411e-09,-1.56338212919896e-16,-2.31326910512062e-09,-2.89630813001989e-10,-1.82943041219143e-07,-9.48459958333237e-17,9.31251328259607e-09,4.65464955445323e-17,1.32547311933446e-08,-6.07311253874938e-07,1.29777427234837e-10,-4.4236281701377e-16,1.9036964926467e-08,6.07339579229202e-17,-4.73570718007549e-09,-2.67524931887196e-08,9.32193298467329e-17,-8.21858203615684e-16,-1.57546821346991e-17,-5.57854888919303e-14,-9.17319988388782e-11,-1.2059134199828e-09,-2.73379640276736e-10,-3.71405252627047e-16,-2.49938788006694e-16,-0.00701754129962532,-1.71036270686957e-07,-1.41664755085241e-16,5.28896410455454e-16,-1.05243434379767e-09,3.2396227838767e-16,-7.55971688209452e-09,2.12144058257991e-16,7.29059142398118e-08,2.26315732858406e-17,1.61403258503719e-16,1.59225127874852e-16,3.55366657076014e-16,-6.99576430881969e-17,-4.23921432060647e-16,9.84729436573693e-09,-6.88765474931839e-08,9.56752595978311e-17,-6.63161683282853e-09,2.52517889024559e-08,8.0871973280791e-17,-2.6804399152575e-16,1.34009370263693e-16,-1.91685384292406e-16,2.49816488555893e-09,3.99792313707455e-10,-3.42323982462842e-17,1.17630151989922e-16,-4.54437047312712e-09,-1.62145567202811e-08,-6.11009055292708e-05,1.399495906656e-16,8.66198525767935e-18,1.86290155260653e-16,-2.94572788520068e-16,-1.06704376258186e-16,-2.52877801485966e-17,9.60364666906503e-09,-9.0852521874013e-09,-1.7472946867794e-09,-1.9976306586677e-17,-1.80186672096331e-17,1.94367602269822e-16,1.07630459475775e-16,-1.38468766258318e-16,7.33592476179132e-17,-6.98937044615737e-17,1.72749237644046e-16,7.9500191766313e-18,1.41950508132282e-16,-1.88248938903802e-16,2.6021364084769e-16,-2.22104886323528e-17,-1.35066196657534e-16,6.63550953573578e-09,2.95342655205802e-15,-1.83225742239725e-16,-1.02406366180051e-13,1.49362424701736e-07,-1.63711996000411e-10,-1.2368709857141e-16,-2.42419655215439e-09,1.36502575475211e-07,-6.06238460675913e-19,-8.13979352179707e-17,-2.39571419992329e-08,1.67645854068308e-16,3.36061084325528e-09,-1.90687762230844e-16,-3.46550208741929e-17,-8.16640780867227e-17,7.14218300398895e-18,2.99306202247337e-10,-4.11005851618232e-08,-8.38698270378205e-17,-5.83445376822848e-17,-2.1887872859969e-16,-1.75380739972517e-16,8.89587882524356e-17,3.97940269280531e-16,2.07671681924107e-16,-2.16981368160234e-17,3.41241067915914e-09,-9.72775682520903e-17,-8.33737083180806e-17,-1.21446391697365e-17,-3.50737543311841e-18,-3.91767323146725e-16,1.75054664947573e-16,-9.74446718482738e-09,5.03369626997341e-17,-1.00097697312062e-16,7.26475050625882e-09,6.9614525601994e-17,-2.93165477817452e-17,1.07353533662485e-16,9.11937015313112e-17,2.11862546772122e-06,4.01721897145013e-17,-4.46638327736356e-09,9.19086763448679e-17,1.23364329839807e-16,-3.60361505339905e-17,1.33027583157472e-16,1.78966023141169e-16,-5.15347944748009e-17,1.61359564116718e-10,4.08217203775616e-18,7.14574665181213e-17,6.28286029993977e-09,-2.01387037412064e-08,6.11272784473971e-17,1.41047330686327e-08,2.06568600395465e-09,2.0616936036123e-16,-1.09431502255571e-16,-1.82090894155994e-16,8.27742367670381e-15,-1.86123891656562e-16,-3.46669622780149e-09,2.22237912522797e-16,-3.56014970773533e-17,7.92704219739474e-17,1.3877476974559e-09,2.97128219867529e-18,-7.52498910946058e-17,2.22469792800042e-16,2.04423139795821e-16,-6.32955517969775e-10,-2.6238637617997e-17,0.000436747648138879,4.58972422777654e-17,3.30969437475859e-18,1.48991706772084e-16,-1.14753864186989e-17,-2.35855856814292e-17,-6.54901797862446e-17,5.62340631866925e-17,-2.27331160855027e-08,1.09109640449402e-16,-7.45883586460844e-18,1.51890312282656e-08,3.10560852864205e-16,-1.75628657424193e-17,6.85556043913832e-17,-3.51387964670489e-17,8.46431612162596e-17,-6.94383947638133e-17,-1.00346014591679e-08,-1.28581310466749e-16,-1.7407587171513e-16,3.27634056619227e-08,-1.00288956236349e-16,7.57314089094109e-17,1.17329478409884e-16,-3.54854956810332e-16,1.14920606018638e-16,8.76977022264929e-19,5.80878645629451e-17,-5.54006065815242e-17,1.93539053411945e-16,-3.05525683187746e-17,7.73959152276464e-17,-1.71728751392265e-08,3.5826167592479e-08,-9.2541336511934e-19,5.00443073132329e-18,4.32140687411893e-16,-2.45497332382057e-16,5.24157540288117e-16,2.37260249281864e-17,2.75122261358308e-16,-4.65853591110901e-17,-4.49762099921913e-10,9.94698290071733e-18,2.11624485045933e-16,5.08193310275919e-17,-5.48556584420307e-17,5.7569896443795e-10,-1.22098474414461e-16,-6.29453517184911e-10,-1.57171572517224e-16,4.22694118165748e-17,-1.29082901656666e-16,4.41807100277928e-17,-9.73921277840138e-18,1.10628373674517e-16,4.82318137205768e-18,-4.58124975416094e-18,-6.75232003106846e-18,-4.5366111088111e-17,1.11505622822742e-16,2.88284224147793e-17,7.20034550727123e-18,-4.70327279591322e-17,1.06872161705476e-16,-2.71062965621604e-17,4.08344117936792e-17,-1.5533894428995e-16,2.41544273258908e-17,4.98554910092883e-17,8.59718112672381e-16,-4.54816314864057e-17,-2.86680517936066e-16,3.10273045151242e-17,-3.9156488842392e-17,4.33670178810972e-11,6.15868374826716e-17,-1.5044909256199e-16,2.38881825542459e-17,-1.69220438868148e-16,-6.03939853277743e-17,-1.35791847427091e-16,-2.33241131854189e-17,9.11033177273445e-17,3.14378535799053e-17,3.51124376486891e-17,2.09251019289702e-17,1.70001303657962e-16,-1.48251386842146e-17,-4.97282921002751e-17,-5.37248397410285e-17,-5.17517564099923e-17,-2.74444141446273e-17,-5.57795729326348e-10,-6.80640577905082e-17,-9.13995859474387e-18,2.40156661086973e-17,-8.30072738776945e-17,-8.48659962809664e-17,3.31846138231217e-17,1.9263859490127e-17,-1.67865004699413e-17,-4.79388054314262e-17,1.18114887723566e-10,1.59349645173866e-16,-9.8093540209984e-17,-4.4767096553622e-17,6.93013231619663e-18,7.01300802946884e-18,7.46679933138783e-17,2.73577978422103e-17,-3.67126355901914e-17,1.45342399334406e-17,7.1685813217692e-17,-2.53300579041889e-17,-1.85367587013174e-16,1.62422201988016e-17,5.95584316757144e-10,-1.14455574002823e-18,-4.41515820831776e-17,-5.81622576309124e-18,-7.67344087576616e-16,-1.79225328203427e-09,1.53463177235686e-17,-8.64344430913255e-18,1.13183412067538e-16,-8.66206665991895e-17,-3.96828490178948e-17,2.07463767463705e-17,2.32432034726033e-16,-3.03053186940617e-17,-1.83237814098022e-17,6.01138847358917e-17,-1.83888086599917e-17,4.5465329093207e-17,-1.75557684667927e-16,9.0998744834934e-18,-1.11609746285455e-16,1.43457174287894e-16,-2.64748356450798e-16
"t116",-0.0491471846659868,-0.0843926204751218,0.0299191750756605,0.0442904980877753,0.00381227604446144,-0.00180410309973662,0.0101914827798105,0.000195486383694615,9.02919586187531e-05,-0.000405136829625663,-0.000249032925488702,0.0253221618834032,-0.0461952223947536,0.00855312322516298,0.00779021117113777,0.0113356268318404,0.00118267657986214,-0.071579840185764,-7.99003633033318e-05,-2.87566410719538e-05,0.00034502167700168,0.000152981986886941,-0.000867068676854941,0.0175591193173126,-0.0531393515501922,-0.00011806417059097,0.000126853014289418,-0.000110157270221626,0.00160525249712988,9.34128957239292e-06,-6.93020097536977e-07,2.02357150140389e-06,-0.00144943906955942,-1.05811122228542e-05,-1.16331835908874e-06,-1.79540666666211e-05,-0.0331648736740036,-4.00840720456132e-06,-2.2230112841971e-05,-3.48473012222726e-06,-8.89618384156378e-05,6.82641012333556e-06,-6.91647179706553e-05,4.06213177425291e-06,-0.000116876567612074,-1.59867377005035e-06,0.0636085147659909,0.000173692187552957,-6.47426081385179e-06,7.94574227988259e-06,-6.03498262804044e-05,2.59235487466994e-06,-3.55168876667597e-09,6.51269944178614e-06,-2.25004283263838e-07,2.19669361655167e-06,-6.03329787623367e-09,-5.1076426918107e-07,2.06932114419515e-07,-8.30623006066099e-07,-1.0033132775341e-06,1.71904566747607e-07,-5.98047677913654e-06,3.22707807524776e-06,-2.49646282273123e-07,1.00594189206664e-05,-3.70903622935523e-08,1.23578652028214e-06,-3.23742508561101e-06,1.13523789957465e-06,3.11719616571356e-05,-3.1380415360497e-05,2.50218646405292e-06,0.0942566029717359,0.133382275528319,1.06361212070684e-07,-0.000553306037396692,6.88840889008957e-06,-1.7715436287514e-05,-2.0017028266509e-05,5.92219046681998e-06,8.98211220074783e-05,-1.36881925768677e-05,-9.59574921723508e-05,1.71508339272441e-05,0.00978454343899376,0.000770261589361641,1.00076482850832e-05,3.05645830104116e-06,-0.000682044442975704,1.10085177921835e-05,-6.27149639835685e-07,-5.30198948765635e-06,0.000801217263155493,4.83109981588864e-08,-1.90060157650764e-06,-0.000406932047811465,-7.01513701361401e-06,9.615155795816e-06,1.62473308212404e-06,3.12526110664476e-07,-0.00237310656993856,1.17693910407402e-08,1.78314409967424e-06,-1.86262378840487e-06,0.0907380942939047,6.10823555957208e-05,-2.10687955667282e-05,5.51547098957855e-06,-9.61308349967582e-07,-3.90385876340114e-06,-6.40993094349103e-06,1.04353792899056e-05,-5.42890684703818e-06,2.54657935861608e-08,-8.36197175947238e-07,1.15957731651173e-06,-1.05787500877342e-06,9.50515124305195e-07,-2.16719464491773e-06,7.8025241192203e-06,-1.71002703854186e-06,1.57769257794305e-06,4.33322684040241e-06,-1.40972490624977e-06,1.37952338382168e-05,-1.40772596457506e-06,4.86734998376475e-07,-6.69159064946435e-06,-0.000249891904411683,0.0320966662424981,4.97182119618772e-06,-0.00152609120756745,7.24131254375765e-07,-1.02612577453549e-08,-3.26678391309876e-08,6.38860686300234e-12,1.01553511359244e-08,3.85814556435715e-09,-1.19577805656448e-08,-1.11032934794582e-09,-5.01118347487222e-08,1.20978629065047e-08,8.29478121003756e-10,2.61931077500692e-09,-2.48788939360469e-10,-1.93418608380258e-08,4.04161729085772e-09,2.80197956084569e-10,-7.70836811061646e-10,-1.20691411332585e-07,-3.72257969492183e-09,-8.13099663443565e-08,3.10646780758004e-08,-1.03539461868611e-08,-9.1272766082057e-10,1.37858192755617e-08,4.65346009559491e-05,-7.64205320146585e-09,-2.29852781905006e-09,3.23828930646854e-05,5.3496740926598e-08,-1.51120078354082e-08,-2.96981560718624e-06,1.94110914272752e-07,-1.06521983030738e-06,8.85262463730224e-08,1.50607527209399e-09,7.47913633018009e-08,9.78135455352991e-08,-1.77369830653231e-06,-1.75233965309383e-07,2.03502352926243e-08,7.1138860321751e-09,1.83408928802205e-07,2.51105735127376e-09,1.573845853195e-08,-5.00361057273847e-08,-1.07247548572877e-08,-1.57656056115089e-07,-3.0866842758427e-08,-2.00584156046721e-06,4.5678147912112e-08,0.00127585408599696,1.2880060013745e-08,0.0445266918496005,-3.16513622438067e-06,1.26447071148234e-07,5.58560764927652e-07,-4.23222616316804e-06,-9.40117283601676e-09,1.25776606897113e-08,3.4498488703697e-08,-0.162112129227984,1.83188404726421e-08,-1.66095571727112e-08,-2.94713998377928e-08,-1.39875858557058e-07,1.59445602506951e-08,5.64595878019559e-09,5.58724862273819e-09,8.64485370698864e-07,-1.31172930583451e-10,-3.83735744117424e-05,7.013670943008e-08,-8.02062326699564e-07,1.56505230394872e-08,5.62694612129926e-07,-1.00420161915002e-07,-0.00104417344482589,-2.41662046769918e-07,7.83141484637581e-07,-2.14990958097251e-06,-2.34588072679743e-09,-1.42894265139148e-09,9.0467409935277e-10,-1.33841666558085e-08,-1.37811205134401e-09,4.76983914161123e-09,3.2140823016734e-08,1.91873053638982e-07,-2.14817160856242e-06,-8.87460076184559e-08,-3.08423861920749e-07,9.63272712242577e-08,5.12209139678025e-08,5.45561979927e-07,4.60546649948998e-08,8.09889401636619e-08,7.28214466279021e-08,-1.63464768146653e-06,-5.70651137687774e-07,-2.88638360180947e-08,-4.89793617196333e-08,2.95047362438061e-09,5.24561586681697e-08,2.97235286605213e-07,-3.30414029955053e-16,5.07399786856037e-08,-3.9125211050517e-06,1.32690867447534e-07,2.76914285301618e-06,5.03738559388954e-07,-6.06825982922682e-07,1.26503256467978e-07,-4.80357549292355e-06,1.11845553344396e-08,-8.15745201872421e-10,2.24694997043863e-06,-2.35146636288592e-06,7.89184603627076e-08,-1.111200489584e-05,6.09899060955193e-07,-6.69837183232073e-07,1.01956282651445e-07,-0.628036818490891,-0.0995557248687928,-3.63691561010025e-05,4.78167840760442e-07,-8.41239238334986e-08,1.59413996918794e-06,-2.96684417758851e-07,3.13589762003253e-05,-2.40115703595567e-05,1.40777383132894e-07,-4.77576412437814e-08,-0.0309396580766811,2.50206296057367e-05,-0.00177734045148381,1.61918453632917e-08,9.09531490887136e-09,-2.58086380751058e-08,3.63810987594813e-06,-2.57311186962624e-06,5.69974248818696e-07,-1.21879049344106e-05,5.72963406754988e-06,-0.000103690943802992,8.91820646080005e-07,-5.15788945164523e-07,1.73027856096029e-07,9.09627639234036e-16,-4.13247669122348e-07,-1.4104684966658e-08,-3.16784845749967e-08,-6.13744053012367e-05,1.86518792159251e-08,-1.14505888129626e-08,-2.66409096451164e-07,2.84131121737146e-08,-2.25543284670051e-07,5.90208660706965e-07,2.12711474677754e-08,-1.82687467762464e-08,2.35236946515413e-07,-2.84587658194871e-07,2.34411659748983e-05,-1.25675244204389e-07,1.42533800106989e-06,7.12816947990848e-09,6.14432528394772e-08,2.83935871068824e-07,-2.42624413659402e-06,0.00365286697666342,-1.89281240676856e-07,2.60217325224888e-07,-9.44892146135308e-07,5.89256456096321e-08,5.31744215323817e-08,4.04637521487802e-07,-1.08640922029826e-06,-5.43273665272162e-08,7.03922936622264e-07,-2.86779453698955e-07,7.07409278978806e-09,6.56053398324374e-08,-1.26643422075195e-07,-1.85263551912722e-16,4.0205575591223e-10,8.89050092211e-05,-1.45414612083604e-07,1.07285068265795e-07,1.5352417204269e-07,2.84227151223361e-08,6.73286954695335e-08,-1.01005420206608e-06,4.00901289637606e-07,-2.0944104518601e-16,-5.07519334638824e-07,-7.65186929907347e-09,-1.38418177885909e-07,0.0153252289096066,7.46538153082356e-09,-1.62219199126407e-09,-8.73109447142996e-08,2.56909402727487e-08,-1.50813527267923e-06,1.87091547729923e-07,-3.867872704385e-08,-7.04798611695175e-08,-3.74249165995198e-09,-3.72487045536011e-09,-7.11615549611863e-08,1.60009273584475e-05,-7.65764076550448e-08,-5.73884539223475e-16,-1.58646350122763e-06,1.24688976605261e-07,5.73901287598279e-09,3.15753469222892e-08,-1.48142394123656e-07,-3.12339353447976e-07,1.89475039828366e-06,-1.47457477142386e-05,-2.59063477671309e-08,3.78222454876343e-18,-4.90228654175037e-08,-3.02724946364706e-05,-6.15727875410179e-08,-1.25199846073008e-16,1.16443749260959e-07,1.1724113570378e-06,-1.78866611349926e-07,-9.5205933464508e-08,-3.18059264168488e-08,-1.70652421719916e-08,-6.12417964347039e-07,1.76624821439424e-08,1.89766639971877e-07,0.00140208193390236,3.40063027101751e-08,3.43726434113777e-07,1.15272949598667e-17,-1.39392540318732e-07,6.54464259901422e-08,4.23300579458086e-07,-4.25747395736684e-08,1.04284830288248e-16,-4.10390430541646e-08,5.2561493804257e-08,-1.81440747052742e-08,-1.610403548796e-08,-4.06617975355237e-08,2.99152769468147e-07,-5.65660783652651e-07,7.74594236758473e-08,-4.96524284578794e-17,2.78551905557587e-07,-3.71200176972885e-07,1.64151648017104e-06,3.42153538446621e-07,-3.47647121970524e-08,-2.332210430708e-10,1.36175792864179e-16,1.69318098051388e-16,-2.24271662527153e-10,-1.98893083282763e-07,2.62107226172956e-08,-3.78462458298861e-08,8.52890756107869e-17,-1.78794705633052e-08,-2.10749199280509e-10,1.04658780037632e-16,-1.33006105244047e-16,-9.36737816047347e-17,4.44673134124337e-08,1.31086364601705e-07,-1.89383932166221e-07,1.121278081392e-07,5.59443005007708e-08,1.28082319382664e-07,-7.10443495726426e-05,1.87739840675059e-16,-2.77932131889648e-07,2.07498128736231e-07,3.99035226180116e-16,2.37548051878298e-17,-6.83040078847573e-06,-1.00242182905442e-11,-7.65023022653886e-08,5.97095343692243e-08,7.51909358101883e-08,-4.04263141847165e-09,-1.70103210319725e-16,-1.35877360535782e-08,-2.44402656676138e-16,-4.62363019491998e-08,-2.19415414656754e-17,-8.39662124192783e-08,1.77728804634135e-17,6.55632710821334e-08,9.06743913580777e-08,5.4133072111804e-09,7.11496553499213e-08,3.90398402787386e-07,-2.81357393832572e-08,2.845150699894e-07,8.97321759096199e-09,4.36560451194664e-08,4.04565733662717e-09,6.48482072254646e-08,-0.000449565164558738,-3.96668322231061e-08,-3.34106151192173e-09,-8.08375785633743e-08,1.94914191942526e-16,3.91305976787201e-05,-2.68839777829794e-05,1.27063909834346e-08,1.51736518462426e-14,1.68797000765147e-09,4.63090260599844e-08,1.71249210441219e-07,1.02769993885491e-15,-5.63395059426126e-05,-2.07744090516632e-08,3.30586556851562e-16,-2.76062073161644e-08,4.37388036880077e-07,5.44696109843257e-16,1.02746142317206e-15,-4.29138767389771e-05,-1.26076578260606e-08,-7.33254401821404e-11,-1.05115023967673e-07,6.3369491747828e-08,0.00362323858368195,-6.75875339474645e-10,7.81053206378253e-08,-1.3813142066652e-07,-2.00615348985855e-15,3.16434624093065e-09,1.97768756518633e-10,5.47660321858967e-10,5.14313854938997e-08,-1.30427816599098e-15,-9.269945875067e-16,1.69835904224465e-08,-5.14444036840095e-16,-1.22378458557559e-15,1.08404557990163e-07,-1.21545436732768e-07,-2.48656758294419e-07,-1.37173416581123e-09,6.29462244103536e-06,4.34125665047929e-08,3.74790085859942e-09,-0.707106781186548,9.48561510227725e-09,4.43887571367456e-10,2.03819428791986e-09,-7.48662016782117e-06,8.9979199602475e-07,3.76162602926683e-15,-4.11028125593249e-15,-1.90901144244398e-15,-7.1301343571946e-09,-3.81689476865331e-08,-2.00946096113406e-08,-4.7960759529369e-15,-0.000760615838324939,-3.20618903428839e-15,-5.31652681403587e-16,4.27592165758295e-07,-9.3922096030951e-09,4.79325780455842e-16,-2.35749152383256e-08,-0.000207471428200413,2.35269657114265e-15,3.47315000657354e-08,-2.96810970055229e-16,9.35244573055157e-09,-8.53098512803672e-16,9.33419684066577e-09,8.08239801183011e-08,1.05425105758025e-06,2.75352505151569e-09,1.8916759253813e-08,-6.56653465744869e-08,2.61489648921409e-08,3.91148559523151e-16,1.19248806437222e-06,-1.07438817336836e-07,6.38112198471067e-16,-8.8685320042137e-09,-2.60291695235577e-08,4.20228562234308e-08,-9.77217193119957e-16,1.97226104234869e-08,3.54001423946696e-05,-2.96557685489591e-16,-6.30459376969683e-08,-1.40175880871819e-08,-0.000331409627635191,-4.54280740467638e-16,3.57084240618429e-16,1.30982490244469e-08,4.01183032644119e-09,3.24586571226026e-10,-3.61744582099275e-08,2.37652771224552e-09,9.9073136160256e-17,-3.46063185408121e-17,8.67561190818911e-09,5.97999813710048e-11,8.24303670666769e-17,2.09643350257084e-08,1.6066678951092e-16,1.19670918607066e-07,-4.01162292146381e-09,-2.34397079387063e-09,-1.5540382913372e-08,-3.40129304563641e-14,3.61369500065974e-16,6.33820965095244e-16,-3.62121184590064e-15,-0.000338671880953338,-2.94709857879564e-08,1.30968356737526e-16,1.7870715274183e-16,5.87011684893419e-16,6.68524502649638e-08,3.77754893139714e-10,-3.31306796630847e-08,7.01213507758205e-16,2.95072397505508e-16,2.95309566730739e-16,-1.28950545385029e-07,4.35525875238e-08,1.18802343686441e-16,4.8018349275063e-09,-6.44733862173586e-06,-2.80069968145267e-16,-1.51014597321675e-16,-1.24931996962706e-08,-1.28005867150345e-10,-6.19052496504094e-09,-2.7384309916068e-17,6.9660097525182e-09,1.01445954228975e-08,1.08846603159125e-08,-9.92154939739444e-09,-3.53397855939906e-08,3.01031477549041e-09,3.11978290844455e-16,-3.92621260931889e-16,1.51089287420194e-16,5.72319879970867e-08,-8.24493291862744e-08,-2.82129245697081e-09,-2.22086281217736e-09,-1.51321200349757e-16,-1.39756081324054e-17,5.04212419784871e-16,-9.00939266094506e-17,-1.40631216794561e-16,2.74764619266966e-07,-8.2642050641559e-17,-2.82204685370527e-17,-1.71856835718684e-09,3.0044645314025e-16,-1.53846198753644e-09,-2.7146345313204e-17,-1.90745496202795e-09,1.07234052092039e-16,-2.31326930761141e-09,-2.89631343583381e-10,-1.82943041878929e-07,2.93087421928657e-17,9.31251362818915e-09,-1.04997945448491e-16,1.325473120981e-08,-6.07311253658883e-07,1.29777588368453e-10,3.68187311968049e-16,1.90369650677267e-08,-9.97661041118066e-17,-4.73570675465024e-09,-2.67524929684595e-08,-1.29197445665391e-16,7.70605022990629e-16,-1.04484568789908e-16,-5.57894636327732e-14,-9.17319961029982e-11,-1.20591309942222e-09,-2.73379860027929e-10,-3.99344327426059e-16,-4.86509077728397e-16,-0.00701754129962618,-1.71036270780415e-07,-4.71492553209727e-16,-5.9972478299987e-16,-1.05243437342941e-09,-3.97007532753374e-16,-7.55971705575206e-09,-1.0890350148671e-16,7.29059141070451e-08,2.34648680441205e-17,-2.29737418818429e-17,-2.29891650663205e-16,1.62827818116061e-16,1.20659745793873e-16,4.00492347370139e-16,9.84729437353212e-09,-6.88765482953431e-08,-2.94527814511209e-17,-6.63161684254237e-09,2.52517887020743e-08,-1.42506892513634e-16,7.78933497792081e-17,-9.29805386835792e-17,8.34230755366948e-17,2.49816455643843e-09,3.99792407628253e-10,5.5644520499807e-17,-1.12136287836822e-16,-4.54437029182846e-09,-1.62145566456509e-08,-6.11009055291987e-05,-1.90832363119366e-16,-8.90236606909792e-17,-1.74004495612479e-16,1.29361089012557e-16,2.00068908049499e-16,-4.63307577387676e-17,9.60364673257325e-09,-9.085251169089e-09,-1.74729463909885e-09,-1.2126336958258e-18,-9.59011270576447e-20,-1.75887318128104e-16,-2.6044063338571e-16,4.38709649915449e-17,-1.39578152461899e-16,1.22574579250911e-16,-1.93974042184078e-17,-1.04513127448433e-17,-1.29328502097513e-16,2.27800193006915e-16,-9.79724604813888e-17,1.68161349159332e-16,7.32417089807537e-17,6.63550949787584e-09,3.02137575780287e-15,1.46371724836162e-16,-1.02730913229152e-13,1.49362424832797e-07,-1.63712200634151e-10,1.34409001210646e-16,-2.42419695580039e-09,1.36502575621203e-07,-1.21709242542833e-18,1.46664419531158e-16,-2.39571420206225e-08,-1.98352792329815e-16,3.36061080757672e-09,-1.47593521748806e-16,7.23177263799468e-17,-3.30974181234942e-18,6.71394956570515e-17,2.99306237631868e-10,-4.11005850021753e-08,-6.15353011227512e-17,1.74878867134215e-18,2.03351314423184e-16,-4.00316513023759e-17,7.48099499014998e-17,-4.12915508108038e-16,-1.29265717379259e-16,8.87265809178374e-17,3.41241045082061e-09,1.0130491975893e-16,3.33964593222482e-17,-4.17753799985797e-17,-1.85756821053094e-17,-4.09310621629511e-17,-1.23189023912464e-16,-9.74446711295815e-09,4.46026400997795e-17,8.74208247470962e-17,7.26475034835057e-09,-2.56725979074757e-17,-6.3317729270958e-17,-1.58480710690146e-16,-1.12521375650471e-16,2.11862546728492e-06,-1.48418703388388e-17,-4.46638323100622e-09,-9.5112358311788e-17,-6.61158301634797e-17,2.4794431633751e-17,5.79296420539057e-18,-6.26793041374151e-17,1.21079299906098e-17,1.6135960823125e-10,1.1982167483808e-16,3.93918116869e-18,6.28286016775588e-09,-2.01387036689185e-08,-6.73720332405368e-17,1.41047332522862e-08,2.06568567641057e-09,-1.25317597869823e-16,-1.11003633209805e-16,5.92848234916989e-17,8.38736933083332e-15,2.08969345537611e-16,-3.46669634013875e-09,-2.37375697387087e-16,-4.57879153010338e-17,-8.96485774877566e-17,1.38774770285317e-09,2.78355157545892e-16,-1.05414179334237e-17,-2.01096956941549e-16,-1.66005996058907e-16,-6.32955426251924e-10,-1.12993631068704e-16,0.000436747648138327,-2.60019368604476e-17,2.29528480454913e-16,-2.44683106662443e-17,-1.34832446825723e-18,-2.51643505219505e-18,2.90228725871059e-17,-7.33119804661123e-17,-2.27331164537277e-08,-9.73100620787104e-17,-6.07668036512976e-17,1.51890312683631e-08,-2.22686065121125e-16,-1.03762145508143e-17,-9.54577548951709e-17,-8.80107245717662e-18,-8.81152141909176e-17,1.9277869285406e-17,-1.00346014763794e-08,1.38267649007548e-16,1.03494261629002e-16,3.27634054493407e-08,1.33137757165602e-16,1.46596763650508e-17,-5.65366766664608e-17,9.12677661484913e-17,1.75642060713713e-16,2.2771764173465e-17,-6.19345390107267e-17,-2.41869697855272e-18,1.32842400628734e-16,3.26235248114804e-17,-9.40752840562505e-17,-1.71728751646111e-08,3.58261680103705e-08,1.68483348804291e-16,5.819176885464e-17,4.53278762408899e-16,-9.643244706465e-17,3.43908929112402e-16,-9.65698793717584e-17,-1.66757871214422e-16,2.01442422175355e-16,-4.49762080192655e-10,-2.43089323496108e-17,-5.78208350402203e-17,-3.99640787963652e-17,-8.23220837383418e-17,5.75699025173645e-10,1.2611554982815e-16,-6.29453469045772e-10,1.26571581426e-16,2.17756316100176e-18,-5.22603966688804e-18,-4.01300501369798e-17,-2.29042410124783e-18,-8.12580746983693e-17,-3.69987606318217e-17,7.19613999608962e-17,4.61304333354744e-18,-4.14241264821383e-17,7.52934030293195e-17,-1.66488204679787e-17,-6.70394288874096e-17,1.5268174648019e-17,-9.8357741752799e-17,-5.07239167217238e-17,2.08046634945933e-17,2.48536184894112e-17,3.97482388147015e-17,-4.03719533357527e-17,-6.69223790966678e-17,5.70956091773241e-17,1.62016551147059e-16,1.24695741606369e-17,5.92047190246568e-17,4.33669436851264e-11,-1.35134896231249e-17,-6.47971209356382e-17,3.44232472487922e-17,-1.16119539314273e-16,5.46395082390293e-17,3.09938641256356e-17,1.19380858115455e-17,-6.07599623716824e-17,-5.2290964509203e-17,5.65791177610679e-17,9.62229428080885e-17,-1.28183724559247e-16,4.38950671497288e-17,8.29478257015221e-17,8.10067525413851e-17,-4.37265096103489e-17,-3.1480732497282e-17,-5.57795890677064e-10,-1.40225907245058e-17,-1.1575776608862e-17,6.44474346466119e-17,-2.35788702691068e-17,-1.88414934762538e-16,1.62901135647615e-16,-1.3322205038997e-17,3.63540278558641e-17,8.10595020827593e-17,1.18115023097337e-10,2.60925836208601e-16,6.78342254367056e-18,-1.04185839866639e-16,3.62637042133994e-17,-3.25460850529575e-18,-5.72723963321885e-17,-1.69216566166382e-17,4.34882718073388e-17,3.52824310818898e-17,-2.26338715924114e-16,3.06171265947505e-17,9.0752566311502e-17,7.30939633809641e-18,5.95584141794224e-10,-2.60232260139552e-17,1.70152239137813e-17,-1.34329331662284e-16,-1.90006430728085e-16,-1.79225317710635e-09,5.92197707758436e-17,4.72613194164247e-17,-1.05053990244206e-16,-1.0671070617948e-16,8.39971845076905e-17,4.40272318533834e-17,7.15710211951959e-17,-1.50207833025178e-17,5.34733924108326e-17,2.98441358029232e-17,4.4361134998804e-17,1.23432750792073e-17,-1.76482884254801e-16,-2.94328717077005e-17,-1.1602093252007e-16,4.37908079489361e-17,-2.22869475699645e-16
"t742",-0.0492906342869352,-0.0849137983595483,0.0301099677808149,0.0446700419678799,0.00385236910742792,-0.00182641246925841,0.0103200220957458,0.000198151275094043,9.17500035909524e-05,-0.000413102429853822,-0.00025528434176716,0.02611082700991,-0.0476776653216453,0.0088319153382011,0.00805565160224232,0.0117456447224748,0.0012265213691115,-0.0742837263493152,-8.2991642410283e-05,-2.99701540298954e-05,0.000360835085427538,0.000161541911435481,-0.00091849794005736,0.0186069956172609,-0.0563239340013263,-0.000125502636827087,0.000134947022675229,-0.000117253991750865,0.00171166556859746,1.00833543561774e-05,-7.52107280061922e-07,2.20480963656333e-06,-0.00158973749364818,-1.16599374967214e-05,-1.28878397540933e-06,-2.00674449962371e-05,-0.0371254782793804,-4.49583835812816e-06,-2.49544857217768e-05,-3.91912178615581e-06,-0.000100420495688915,7.73045428048512e-06,-7.84835855765484e-05,4.61021885644987e-06,-0.000132967961201662,-1.83538854468844e-06,0.0732339294620014,0.000200243800648439,-7.49222125310343e-06,9.23319239383907e-06,-7.05216529906744e-05,3.03729198832265e-06,-4.16289461267485e-09,7.65883026566634e-06,-2.66350204663307e-07,2.60296893184538e-06,-7.28315233965587e-09,-6.19803097042507e-07,2.51265794142436e-07,-1.02188820808981e-06,-1.24697365171241e-06,2.14750876398199e-07,-7.50251300790222e-06,4.05267811617414e-06,-3.16019892049199e-07,1.28267568427435e-05,-4.80761142476033e-08,1.61394560806172e-06,-4.24304839440676e-06,1.49746030750711e-06,4.25906911668869e-05,-4.41069694447967e-05,3.53277316745467e-06,0.134331115192947,0.190317084840207,1.52386486674262e-07,-0.00079403925669948,9.96617610721218e-06,-2.61177029341426e-05,-2.97412391280208e-05,8.91886567131881e-06,0.000135673439809757,-2.11386050749672e-05,-0.000149202287192192,2.7483287559645e-05,0.015812684473449,0.0012556701431665,1.63374886197303e-05,4.99151985029821e-06,-0.00111489030119593,1.80553313407828e-05,-1.06264160847774e-06,-9.01128804025623e-06,0.00139069857262624,8.70860180284449e-08,-3.44626400283251e-06,-0.000738072810601341,-1.29182490984565e-05,1.78077279824004e-05,3.07613807292945e-06,6.02751002976037e-07,-0.00458451349952268,2.27796833146642e-08,3.77725229574753e-06,-3.97430887032314e-06,0.194715357417561,0.000132426632663007,-4.58091915465677e-05,1.20539154395034e-05,-2.11747647660811e-06,-8.62122491061917e-06,-1.43765869637207e-05,2.34489360998199e-05,-1.27274456514615e-05,6.02627262773551e-08,-2.02058174027503e-06,2.82891818753137e-06,-2.65114638109633e-06,2.44671824086429e-06,-5.69595627133219e-06,2.07562086296737e-05,-4.74959161112292e-06,4.51183584976762e-06,1.24061474260681e-05,-4.05344511123828e-06,4.0929107256374e-05,-4.18771737970849e-06,1.48914521933924e-06,-2.23092050449392e-05,-0.000833960972999189,0.10791125840626,1.78145333533615e-05,-0.00554002592006183,2.65406738847907e-06,-3.91611496693789e-08,-1.25394394327955e-07,2.69100921652973e-11,4.64718121910014e-08,2.00514721975697e-08,-6.23879343428835e-08,-5.93274973591459e-09,-2.71100804260388e-07,6.67917624477813e-08,4.6157639872477e-09,1.45771211771291e-08,-1.46815767856893e-09,-1.29911029638031e-07,3.16472774187023e-08,2.28944019175522e-09,-6.96978014633455e-09,-1.10064261280257e-06,-3.54077665403492e-08,-7.9351006016588e-07,3.12425812502973e-07,-1.45205470198175e-07,-1.36703892941372e-08,2.16947346490991e-07,-0.0041898296836152,2.57321268964694e-07,7.05783491641182e-08,-0.0006679183188165,-1.03351201518687e-06,2.08726159645577e-07,3.96382487312895e-05,-2.03733398386898e-06,9.25381924848885e-06,-5.10340925065837e-07,-8.57936321093002e-09,-4.24755373492327e-07,-5.31161165376136e-07,9.16052044502831e-06,8.98675379398093e-07,-9.51691589509538e-08,-3.23699646902968e-08,-7.88427700604803e-07,-1.06494067055207e-08,-6.62903567442695e-08,1.87033866157312e-07,3.58909082479545e-08,5.18230633726771e-07,9.97712670689379e-08,6.17877742307566e-06,-1.38201864738381e-07,-0.00379401873252668,-3.76921236170114e-08,-0.123696368634559,8.68368734531938e-06,-3.13387575976471e-07,-1.37994368659761e-06,1.01309863153267e-05,2.07449382113289e-08,-2.60901065024159e-08,-7.01303205969535e-08,0.320132366688626,-3.54305690750693e-08,3.03233527307044e-08,5.31800528321217e-08,2.46484185908324e-07,-2.7779599277768e-08,-9.12392651766145e-09,-9.00233163654094e-09,-1.3597794933578e-06,2.02520598434473e-10,5.81363058366901e-05,-1.06259561352078e-07,1.21586386838319e-06,-2.38407908374969e-08,-8.62714647130881e-07,1.59047937134465e-07,0.00180065009607639,4.7487200167842e-07,-1.63213122003554e-06,7.44941654015009e-06,1.93143094350905e-08,1.22933459806805e-08,1.46241297038746e-08,-1.59442998248004e-08,-1.27698192266818e-09,1.2932945312693e-09,2.93336226735028e-09,9.52295918988545e-09,1.33344254127687e-07,7.0340689252273e-09,2.93927160915869e-08,-1.25804658700046e-08,-6.95614875155001e-09,-7.47434828816317e-08,-7.22052958262498e-09,-1.32800041830655e-08,-1.23019060470482e-08,2.78443632020695e-07,9.77695708587454e-08,4.96106549583978e-09,8.42310660776942e-09,-5.067248533314e-10,-8.95693170789337e-09,-5.02581760340323e-08,1.98672041137711e-16,-8.41432270901657e-09,6.45876918033703e-07,-2.11163733997645e-08,-4.26100323830733e-07,-7.51629754599708e-08,9.0370181704232e-08,-1.76724577186228e-08,6.63370443084941e-07,-1.53629173726601e-09,1.09136180262265e-10,-2.95136369880755e-07,2.98311758897383e-07,-9.85379728127042e-09,1.37825686040478e-06,-7.28793438238599e-08,6.73002292780503e-08,-9.5641566678125e-09,0.0554574615658183,0.00761941164776234,2.75343126346324e-06,-3.23643080437914e-08,5.321707705444e-09,-9.09379836160584e-08,1.63406712597911e-08,-1.66294937167186e-06,1.20568550020728e-06,-6.48958522262682e-09,2.17936147429018e-09,0.000234586361077423,-7.65603816343275e-07,5.77275192983163e-05,-5.12515047491273e-10,-2.79525979892881e-10,7.14158306250607e-10,-9.85747178611106e-08,2.26287136518265e-08,-3.90177135427153e-09,6.47256663977593e-08,-1.04307972781543e-08,-9.72930879829105e-08,6.29482310177718e-09,-4.54421367758741e-09,1.76271476493628e-09,-2.82631183874297e-16,-6.14239767968208e-09,-2.18238363948866e-10,-5.52656796867374e-10,-1.35336589714286e-06,4.83738762701325e-10,-3.17823404331591e-10,-7.6330460600367e-09,1.13338251856653e-09,-9.15596450090843e-09,2.40718778768447e-08,9.35343047209319e-10,-9.64167581209057e-10,1.27652234243695e-08,-1.57360532153098e-08,1.37491121039641e-06,-8.92338582475989e-09,1.08288344481287e-07,5.43594252192792e-10,4.69089279619949e-09,2.50226728475779e-08,-2.44900743033161e-07,0.000374473954568227,-1.98367537341233e-08,2.79834811489476e-08,-1.02399962977458e-07,6.78789832471408e-09,6.15219588533646e-09,4.71886059209028e-08,-1.27377948391064e-07,-6.48090439648234e-09,8.55492170098985e-08,-3.54401076839766e-08,8.80488870492274e-10,8.26377087096143e-09,-1.63508413968213e-08,-3.99235272680148e-18,5.9166393816884e-11,1.32344685400536e-05,-2.20119030450313e-08,1.6248018992066e-08,2.32627537010238e-08,4.32407505837611e-09,1.03199841553826e-08,-1.56181458738105e-07,6.30746944310671e-08,2.63357888855941e-16,-8.2914483480681e-08,-1.25572399646317e-09,-2.29316808935234e-08,0.00254176508890579,1.26650837721058e-09,-2.78541316644176e-10,-1.52415947822379e-08,4.53455960811228e-09,-2.72387228775907e-07,3.44800161635059e-08,-7.2174773575333e-09,-1.3242072673838e-08,-7.06121431319815e-10,-7.08005800092049e-10,-1.35369706701867e-08,3.05955843636292e-06,-1.47003769211121e-08,-3.17710156517931e-17,-3.13354730535376e-07,2.47686822680095e-08,1.14008219727376e-09,6.37219200902539e-09,-2.99662560808285e-08,-6.49420500669846e-08,3.96931789714169e-07,-3.0936295203264e-06,-5.46514994145552e-09,-5.93874151577521e-18,-1.04061202370482e-08,-6.44067678075507e-06,-1.32110046494164e-08,6.77990243907126e-17,2.52084256289564e-08,2.54339022987378e-07,-3.88444301908958e-08,-2.07216062756481e-08,-6.94808800338667e-09,-3.73818142157516e-09,-1.34437933385077e-07,3.90158061995007e-09,4.19496086393469e-08,0.000311258428061384,7.60496637921975e-09,7.68974817519751e-08,-5.95076218381606e-17,-3.16240679287242e-08,1.48833038739199e-08,9.6765605002017e-08,-9.80831532062827e-09,1.87022960294981e-17,-9.609054055925e-09,1.25232649674065e-08,-4.3558850265538e-09,-3.87960709999068e-09,-9.83632812797063e-09,7.29145776424859e-08,-1.39524813827093e-07,1.96457331799369e-08,-2.22828504885842e-16,7.22833341557398e-08,-9.65107972686525e-08,4.28492092452889e-07,8.98019555632912e-08,-9.12816659516646e-09,-6.13301981175431e-11,1.04083408558608e-17,7.40383573121475e-17,-5.94890657795405e-11,-5.31458709418796e-08,7.01005557406072e-09,-1.01873858927791e-08,8.86784377258254e-17,-4.87916755584644e-09,-5.78532294684884e-11,9.05237736589156e-17,2.53868350719335e-17,8.59630422269453e-17,1.24274583170188e-08,3.67166636767724e-08,-5.34480739225333e-08,3.18443531169046e-08,1.58998000983062e-08,3.66419995872408e-08,-2.03397405301776e-05,-8.09792063706064e-17,-8.06066001168568e-08,6.04475376597398e-08,7.62945216935828e-17,-5.37832509522982e-18,-2.02380635206005e-06,-2.98178708407824e-12,-2.28774454326267e-08,1.79180527878819e-08,2.27130754721685e-08,-1.22245372930708e-09,-9.52582627426586e-17,-4.11471346213161e-09,-5.34545293234436e-17,-1.40591750895216e-08,-5.95416728074727e-16,-2.56084793645257e-08,6.12127924468597e-17,2.00716168173753e-08,2.77802781749587e-08,1.67504624796550e-09,2.20618834636193e-08,1.21158762513156e-07,-8.76469031721336e-09,8.89177077458491e-08,2.82522824489814e-09,1.37460551582383e-08,1.27674003419983e-09,2.05491092269797e-08,-0.000143234670978424,-1.26954337907005e-08,-1.07309523087314e-09,-2.60086315775448e-08,2.80967554943446e-17,1.26569581201782e-05,-8.73991379451496e-06,4.18949672759221e-09,5.26068395253965e-15,5.58793348552669e-10,1.54229273568151e-08,5.71792580469459e-08,-2.98817448830411e-17,-1.88361429516781e-05,-6.981597674108e-09,7.46219534590344e-17,-9.30108202356076e-09,1.49603898837982e-07,1.78001832504275e-17,7.14009567210859e-18,-1.47641515114552e-05,-4.33982301125088e-09,-2.5301793481753e-11,-3.63754123198936e-08,2.20712853510349e-08,0.00126265914117995,-2.35721598481665e-10,2.74742983388877e-08,-4.89283235394426e-08,1.62917639448534e-15,1.12380932090619e-09,7.02691854136811e-11,1.9489780526987e-10,1.83378211852835e-08,-1.12491739774696e-16,4.52897316538503e-17,6.07130328471387e-09,9.87774125371243e-17,2.03195499665701e-16,3.93937654368906e-08,-4.42948308766554e-08,-9.06234500687624e-08,-5.03047163006502e-10,2.31036330462971e-06,1.59369313475249e-08,1.37748237318844e-09,1.52699383455443e-16,3.53003522031781e-09,1.6563355278618e-10,7.61217136612676e-10,-2.80848398482258e-06,3.40303458119577e-07,-3.92284289065494e-18,-1.84412935627657e-16,-9.38653304713455e-17,-2.72891738174654e-09,-1.46848156917462e-08,-7.73412310623583e-09,5.83624311953541e-17,-0.000294242059976041,1.30188703046014e-16,1.1831835929226e-16,1.69254876910482e-07,-3.7188392677063e-09,1.63172426959068e-16,-9.38885671426692e-09,-8.29097746259459e-05,-1.76355985497421e-16,1.39780604623414e-08,-3.56647411508744e-17,3.79687691235766e-09,4.65155509383367e-16,3.792467670448e-09,3.28588115195236e-08,4.28901437119157e-07,1.12130499240249e-09,7.72029072076858e-09,-2.70241038109254e-08,1.08912918325662e-08,-9.70227661299715e-17,5.04459100814956e-07,-4.5527289256805e-08,-6.28495344456564e-17,-3.76661812356332e-09,-1.11014539287769e-08,1.7991418103926e-08,-3.43552274634939e-16,8.55770551468925e-09,1.54020492605185e-05,9.66227513075462e-17,-2.75306045974804e-08,-6.13225866898757e-09,-0.000145975915070369,1.02442791873672e-16,-7.06739770015336e-17,5.86711885464405e-09,1.8104614747146e-09,1.46706706114415e-10,-1.69324979869274e-08,1.11921064453825e-09,-6.995582263308e-17,1.89062993646348e-16,4.10326165390938e-09,2.82989272173889e-11,1.2536987839606e-16,9.9943223303038e-09,1.37827175402237e-16,5.74692186156378e-08,-1.94648527152194e-09,-1.1381715644685e-09,-7.56834214701144e-09,-1.68083997496433e-14,1.31206594738526e-17,-9.02655093037846e-17,-1.9993055145465e-15,-0.000169620108593145,-1.47959651846213e-08,-1.04516709973027e-16,-9.80304972108687e-17,-3.20247285344801e-16,3.38639341214896e-08,1.92107090755551e-10,-1.70347685112842e-08,1.0981102204805e-16,-4.9287830761191e-16,3.54872923581662e-16,-6.90528596550768e-08,2.33573816711686e-08,-2.51662318229812e-16,2.62080232302261e-09,-3.54492937674935e-06,7.77608190177288e-17,-1.88462476856883e-17,-6.99458603724354e-09,-7.17741966577394e-11,-3.5101966337662e-09,5.46809308017079e-17,4.02833848196472e-09,5.93356999336391e-09,6.4726592005464e-09,-6.04343469980704e-09,-2.16721130461326e-08,1.87027269392208e-09,-1.74841578614217e-16,-2.32661850503363e-16,6.50466358886387e-17,3.8718350911392e-08,-5.58606844229437e-08,-1.93551669261354e-09,-1.63465415649317e-09,1.24205626337669e-16,2.10407385954394e-16,3.81471905993404e-17,6.30307307153644e-16,2.89488298086252e-16,2.21296225937391e-07,-4.97685548713307e-17,4.3195638246736e-16,-1.44249892420205e-09,-2.6409014582013e-17,-1.2943210365901e-09,4.49661526499449e-17,-1.61107617091211e-09,-4.04721296505885e-16,-2.12404804066607e-09,-2.71941743404884e-10,-1.78110730181393e-07,4.33085730202866e-16,9.51846283097371e-09,-1.21963977541726e-16,1.53677783481366e-08,-8.80706463598412e-07,1.90457405842103e-10,4.14487692690687e-16,3.16057387847854e-08,8.91061706053814e-17,-1.01844046065437e-08,-5.8432963985097e-08,2.85969691185671e-16,7.35886391526104e-16,-1.8743851221632e-15,-1.65526381428964e-13,-2.77456806786353e-10,-4.09195924769299e-09,-1.08620433977051e-09,-1.7766199706464e-14,-1.56986255697834e-14,-0.293750913770682,-1.33347719209463e-05,-1.58442967862483e-14,-2.59212395948596e-15,3.11468354550572e-09,-1.95669888272094e-15,1.78048530114755e-08,-1.31023727612643e-15,-1.03340680117538e-07,8.52247127509553e-18,2.24342271041748e-15,-4.78940082773194e-16,3.93202510385344e-15,1.26513363927129e-15,3.35526935180284e-16,-6.7269300305195e-09,4.6663325647874e-08,-6.46697716075357e-17,3.62517019168620e-09,-1.26534903404784e-08,-5.39941266178452e-16,3.77564343774543e-16,-4.46328030141739e-16,-1.4588956658728e-18,-8.67055498660855e-10,-1.27359887071651e-10,1.25376309927932e-15,3.13246984478249e-17,1.31469037113803e-09,4.63200413894537e-09,1.67229148626361e-05,-8.98490971471643e-16,-8.48635121718859e-17,5.3365137226619e-17,-3.50211201059333e-16,-4.87449850682451e-16,3.62914608917904e-16,-1.2017583820929e-09,1.0404747901382e-09,1.82409964767871e-10,-1.8026727019117e-16,-2.06443685393833e-16,-1.02995279359652e-16,-7.65152463852775e-16,2.22784723967253e-16,-2.99505752915716e-16,-3.29062144588615e-16,-8.25387195366387e-16,2.78044941172725e-16,-8.8561786928217e-17,2.56443524130397e-17,2.25626072382244e-16,6.55661967542967e-16,-3.79270878836887e-16,1.48638355101556e-10,-2.75150050324071e-16,1.64737681016293e-15,-3.86256440453063e-15,5.20801402078566e-09,-6.16323885308073e-12,-2.74354390619996e-16,-9.53832512686824e-11,7.29157235008913e-09,-3.1999319659526e-16,-4.49745367873416e-16,-1.66983107172921e-09,1.40079436357023e-16,2.95852521490033e-10,-2.65605999384308e-16,-2.86893642987843e-17,1.25494963118891e-16,-6.43439343620523e-16,3.41282383706092e-11,-4.75448006792443e-09,9.12734995019355e-16,-6.41406045259583e-16,3.44246708859631e-16,5.23040399093588e-16,-1.15692503320497e-15,3.88597075516181e-16,2.18315869437743e-16,4.13568670255268e-16,6.48688552215698e-10,-3.54518001065067e-16,-1.83911949830166e-16,3.70598711432442e-17,-1.94189352513906e-15,2.25951240567634e-16,2.66388421601746e-16,-1.99778115167362e-09,1.09836818645154e-16,3.60643433615828e-16,1.50960461455406e-09,-4.49403241805818e-16,7.35998049274842e-16,4.84647863198235e-16,-3.52453831447195e-16,5.14671276462023e-07,-1.78819072064566e-16,-1.11702765541067e-09,3.72369829267256e-16,5.88803718683868e-16,3.61187343380896e-16,-1.60247156324078e-15,-2.86197034447674e-16,-1.3329581276588e-16,4.2967066241089e-11,-9.48674112058895e-15,1.25370698556942e-15,1.76361942297555e-09,-5.66891686831534e-09,6.03345002498019e-16,4.17743840570315e-09,6.22441748839597e-10,3.59187894435255e-16,8.22324125406223e-16,-1.12899364957592e-16,3.48578246244545e-15,-9.75947449515531e-16,-1.61760294080964e-09,5.3518762349528e-15,8.46738306583373e-16,-4.70956554136287e-16,8.57120066028851e-10,9.86668494789939e-16,-6.27943930039651e-15,-5.24678124137653e-15,2.41593604332199e-15,-1.21758635650406e-09,-1.02043411759905e-13,0.394733124192671,9.97694374820516e-16,2.56832713290438e-14,-1.61853434764367e-15,-3.05979648657011e-15,-1.86272514738139e-15,2.23791793532591e-16,-8.11181203582021e-16,2.15021347565034e-09,-5.57809565817916e-17,-2.17138005299366e-15,-4.36801818665046e-10,6.76977806800386e-16,6.64414167967797e-16,1.5363618909874e-15,-5.35456922090385e-16,-1.1940251828831e-15,2.7284642970294e-15,-7.5975682194083e-10,7.27405891134003e-16,-1.2200566229089e-15,3.31854746659165e-09,-4.52277785921462e-15,-1.13614474782909e-15,1.06659740404268e-15,1.24709044606531e-17,-6.34693458030683e-16,-2.93435391069117e-16,-1.25223892219398e-15,-1.10652198862627e-15,1.21256756057055e-15,-6.03685934741503e-16,-5.38376783636479e-17,-2.69152694683146e-09,5.77462593338493e-09,-1.24196079292794e-15,-4.4390290586276e-15,4.24987937633265e-15,1.72251677280322e-15,-7.51032265891571e-15,-2.31063578388188e-15,9.81157226504267e-16,4.61635233561163e-15,-8.11522804440436e-11,2.93890352408419e-15,0.707106781186547,-7.56688447907395e-14,-9.26435683209422e-15,1.11167163545407e-10,1.31165538672043e-14,-1.28904465024027e-10,1.3402422802602e-16,4.35243159730952e-17,1.94769204909983e-15,-2.4833905078222e-15,-5.43767023238195e-18,-1.42920189034903e-15,-2.61247761229626e-16,-7.14844822882561e-16,2.04810988160395e-15,1.49575865390994e-15,-1.51822398211204e-15,-6.508651199391e-16,-6.59850592118768e-16,3.39019452999058e-16,1.00369209484763e-15,-7.74761050655083e-16,-3.96470320062024e-16,1.03321644409896e-15,3.8896204363299e-16,-9.07593477402753e-16,-4.99491940864072e-16,-5.71780832001418e-16,-1.42907826497376e-15,5.24727272898354e-16,-6.22618615896581e-16,1.01924522107285e-11,-1.04373842764886e-15,-2.4796745930105e-17,1.71520881333091e-17,7.32154829412169e-16,-6.52950470199819e-16,2.51519273526823e-16,-4.79585353856081e-16,1.11042307936189e-16,1.19959754050639e-16,-1.04297439062748e-16,7.16115534926676e-17,-7.4985432799006e-16,-2.9964465812968e-16,-3.62593429052299e-16,9.35148724380419e-17,5.95721967025072e-16,-2.94421910201625e-16,-1.39139852279039e-10,2.49802710332894e-17,-3.44914334328072e-16,-1.45756271525547e-16,1.95784102026211e-17,2.77214961660283e-16,2.33515858546669e-16,7.99234529085553e-17,-2.98845508880145e-16,8.87346456291229e-17,3.09038856967496e-11,2.68258397899136e-16,1.17759414659558e-16,2.28553465582059e-16,-1.2879521363503e-17,-1.23973285340196e-16,-2.94207447682777e-16,2.47266162914589e-17,-3.19801123628448e-16,-2.04582779993e-16,1.25940168600381e-16,5.70179050617305e-17,1.67500445130877e-16,-3.27750872067071e-16,1.62042373724174e-10,3.44061712517803e-17,-1.76872193505355e-16,1.97222617181601e-16,-8.61940727125976e-17,-4.95497796072955e-10,-1.42902801247484e-16,1.63862235181175e-16,1.55600377497282e-16,-1.76773587121726e-16,1.54299476023822e-16,-1.68739565476221e-17,2.61604583283919e-16,1.11935645095591e-16,9.18984231721838e-17,1.40983383819053e-16,2.95017668673779e-17,8.53325427570841e-17,2.32520676648492e-16,-5.65788978930312e-17,-1.02668818775944e-16,-2.72852174457393e-16,-2.88785234332295e-16
"t825",-0.0492906342869352,-0.0849137983595483,0.0301099677808149,0.0446700419678799,0.00385236910742791,-0.0018264124692584,0.0103200220957458,0.000198151275094053,9.17500035909609e-05,-0.00041310242985383,-0.000255284341767161,0.0261108270099099,-0.0476776653216453,0.00883191533820111,0.00805565160224231,0.0117456447224748,0.00122652136911149,-0.0742837263493152,-8.29916424102891e-05,-2.99701540298902e-05,0.000360835085427537,0.000161541911435484,-0.000918497940057354,0.0186069956172609,-0.0563239340013263,-0.000125502636827082,0.000134947022675231,-0.000117253991750854,0.00171166556859746,1.00833543561735e-05,-7.52107280067681e-07,2.20480963656377e-06,-0.00158973749364815,-1.16599374967103e-05,-1.28878397541252e-06,-2.00674449962368e-05,-0.0371254782793804,-4.495838358127e-06,-2.49544857217749e-05,-3.91912178615293e-06,-0.000100420495688914,7.73045428050242e-06,-7.84835855765454e-05,4.61021885643887e-06,-0.000132967961201661,-1.83538854468059e-06,0.0732339294620015,0.000200243800648437,-7.49222125308571e-06,9.23319239383603e-06,-7.05216529906728e-05,3.03729198834086e-06,-4.16289459660643e-09,7.65883026566114e-06,-2.66350204660662e-07,2.6029689318361e-06,-7.28315232316191e-09,-6.19803097044194e-07,2.51265794143105e-07,-1.02188820809867e-06,-1.24697365170173e-06,2.14750876405738e-07,-7.50251300787922e-06,4.05267811618901e-06,-3.16019892061905e-07,1.2826756842725e-05,-4.80761142743468e-08,1.61394560806473e-06,-4.24304839439699e-06,1.49746030750443e-06,4.25906911668952e-05,-4.41069694447736e-05,3.53277316747468e-06,0.134331115192947,0.190317084840207,1.52386486680652e-07,-0.000794039256699405,9.96617610713491e-06,-2.61177029341513e-05,-2.97412391279945e-05,8.91886567133269e-06,0.000135673439809746,-2.11386050749385e-05,-0.00014920228719218,2.74832875596382e-05,0.015812684473449,0.00125567014316646,1.63374886197672e-05,4.99151985022455e-06,-0.00111489030119597,1.80553313408085e-05,-1.06264160844392e-06,-9.01128804024234e-06,0.00139069857262623,8.70860180503081e-08,-3.44626400284272e-06,-0.00073807281060132,-1.29182490984501e-05,1.78077279824002e-05,3.07613807298151e-06,6.0275100297935e-07,-0.00458451349952264,2.27796833890165e-08,3.77725229578702e-06,-3.97430887031022e-06,0.194715357417561,0.000132426632662945,-4.58091915465989e-05,1.20539154394694e-05,-2.11747647669259e-06,-8.62122491062714e-06,-1.43765869637442e-05,2.34489360997868e-05,-1.27274456515082e-05,6.02627262990051e-08,-2.0205817403345e-06,2.8289181875441e-06,-2.65114638107773e-06,2.44671824088052e-06,-5.69595627138976e-06,2.07562086297342e-05,-4.74959161110989e-06,4.51183584975129e-06,1.24061474260554e-05,-4.05344511115611e-06,4.09291072563916e-05,-4.18771737983664e-06,1.48914521936255e-06,-2.23092050449392e-05,-0.00083396097299921,0.10791125840626,1.78145333534038e-05,-0.00554002592006193,2.65406738848723e-06,-3.91611495477201e-08,-1.25394394373124e-07,2.69101130810209e-11,4.6471812230796e-08,2.00514722192184e-08,-6.23879343618146e-08,-5.9327497328798e-09,-2.71100804208759e-07,6.67917624825245e-08,4.61576399288526e-09,1.45771211952031e-08,-1.46815766812886e-09,-1.29911029711647e-07,3.16472774487086e-08,2.28944021128675e-09,-6.96978017169744e-09,-1.10064261279357e-06,-3.54077665553671e-08,-7.93510060161416e-07,3.12425812540006e-07,-1.45205470218626e-07,-1.36703892964557e-08,2.16947346457233e-07,-0.00418982968361515,2.57321268949442e-07,7.05783491666398e-08,-0.000667918318816387,-1.03351201521334e-06,2.08726159635045e-07,3.96382487312432e-05,-2.03733398385022e-06,9.2538192485046e-06,-5.10340925048364e-07,-8.57936322198449e-09,-4.24755373501179e-07,-5.31161165365291e-07,9.16052044489656e-06,8.9867537939384e-07,-9.51691589466666e-08,-3.23699646930774e-08,-7.88427700647443e-07,-1.06494066872713e-08,-6.62903567259505e-08,1.87033866093526e-07,3.58909082592736e-08,5.1823063374605e-07,9.97712670812119e-08,6.17877742309245e-06,-1.38201864755668e-07,-0.00379401873252662,-3.76921235358841e-08,-0.123696368634559,8.68368734531824e-06,-3.13387575966563e-07,-1.3799436866114e-06,1.01309863152883e-05,2.0744938192089e-08,-2.60901064715288e-08,-7.01303205772806e-08,0.320132366688627,-3.54305690812892e-08,3.032335271016e-08,5.31800527767618e-08,2.46484185884475e-07,-2.77795992776098e-08,-9.12392648449909e-09,-9.00233167059338e-09,-1.35977949331911e-06,2.02520583440445e-10,5.81363058366427e-05,-1.06259561394707e-07,1.21586386840407e-06,-2.38407908659943e-08,-8.62714647042843e-07,1.5904793709127e-07,0.00180065009607631,4.74872001661121e-07,-1.63213122012666e-06,7.44941654028747e-06,1.931430940311e-08,1.22933460215669e-08,1.46241297285959e-08,-1.59442997398793e-08,-1.27698203524977e-09,1.29329454231019e-09,2.93336224511321e-09,9.52295908128322e-09,1.3334425422873e-07,7.03406900555363e-09,2.93927160761601e-08,-1.25804658015488e-08,-6.95614856883224e-09,-7.47434829380637e-08,-7.22052953660875e-09,-1.32800042091581e-08,-1.23019060139597e-08,2.78443632044287e-07,9.77695708518602e-08,4.96106550635783e-09,8.4231065973195e-09,-5.06724869498539e-10,-8.95693177845693e-09,-5.02581760537827e-08,2.06415392325224e-16,-8.41432277853934e-09,6.45876917941979e-07,-2.11163734332002e-08,-4.2610032388321e-07,-7.51629754619038e-08,9.03701818172915e-08,-1.76724577145638e-08,6.63370443177561e-07,-1.53629176554596e-09,1.09136114767872e-10,-2.95136369925147e-07,2.98311759000248e-07,-9.85379729745654e-09,1.37825686042605e-06,-7.28793438585285e-08,6.73002292669704e-08,-9.56415657543848e-09,0.0554574615658183,0.00761941164776233,2.75343126349437e-06,-3.23643080036644e-08,5.32170769549112e-09,-9.09379836106137e-08,1.63406712939832e-08,-1.66294937166875e-06,1.20568550022414e-06,-6.48958520927976e-09,2.17936142991113e-09,0.00023458636107687,-7.65603816427222e-07,5.77275192982077e-05,-5.12514996830422e-10,-2.79526055975151e-10,7.14158281035875e-10,-9.85747178618341e-08,2.262871377735e-08,-3.90177132900258e-09,6.47256663962114e-08,-1.04307972449257e-08,-9.72930880402349e-08,6.29482307205525e-09,-4.54421366864066e-09,1.76271481040068e-09,-3.12473318814316e-16,-6.14239763061298e-09,-2.18238447981675e-10,-5.52656828754422e-10,-1.35336589711091e-06,4.83738715999317e-10,-3.17823386444307e-10,-7.63304625432399e-09,1.13338262003933e-09,-9.15596479314335e-09,2.40718778602843e-08,9.35343125032315e-10,-9.64167591937091e-10,1.27652233522136e-08,-1.57360531978548e-08,1.37491121037333e-06,-8.92338582792515e-09,1.08288344564662e-07,5.43594266085518e-10,4.69089281010031e-09,2.50226728834667e-08,-2.44900743028179e-07,0.00037447395456828,-1.98367537244464e-08,2.79834811518367e-08,-1.02399963062031e-07,6.78789835147368e-09,6.15219588587097e-09,4.718860582126e-08,-1.27377948356595e-07,-6.48090440445573e-09,8.5549216943998e-08,-3.54401077046172e-08,8.80488890063272e-10,8.26377079492162e-09,-1.63508413514554e-08,-3.76839841985131e-18,5.91663320794043e-11,1.32344685400305e-05,-2.20119030595054e-08,1.62480189544154e-08,2.32627536382211e-08,4.32407501116002e-09,1.03199840585102e-08,-1.56181458671551e-07,6.30746944374347e-08,1.82272520093111e-16,-8.29144834345588e-08,-1.25572392060954e-09,-2.2931680868593e-08,0.00254176508890573,1.26650834553734e-09,-2.78541317743158e-10,-1.52415948025485e-08,4.53455963178979e-09,-2.72387228735148e-07,3.44800161767034e-08,-7.21747744486545e-09,-1.32420726789167e-08,-7.06121379062552e-10,-7.08006030227513e-10,-1.35369706068605e-08,3.0595584364054e-06,-1.47003769284555e-08,-1.98171681295577e-16,-3.13354730796857e-07,2.47686825043656e-08,1.14008222497879e-09,6.37219203649504e-09,-2.99662561858704e-08,-6.49420502151462e-08,3.96931789746401e-07,-3.09362952028601e-06,-5.46514994667733e-09,3.65995333117606e-17,-1.04061202950735e-08,-6.44067678079717e-06,-1.32110046482556e-08,1.32240295506629e-16,2.5208425638571e-08,2.54339023004878e-07,-3.88444303253937e-08,-2.07216063180443e-08,-6.94808804984471e-09,-3.73818138788394e-09,-1.34437933347471e-07,3.90158055719112e-09,4.19496086217261e-08,0.00031125842806148,7.60496651426272e-09,7.68974817494704e-08,-2.5905262085205e-17,-3.16240680673874e-08,1.48833039496738e-08,9.67656052842462e-08,-9.80831530929329e-09,3.17961130564982e-18,-9.60905409510165e-09,1.25232649008907e-08,-4.35588505696381e-09,-3.87960718129252e-09,-9.83632817728707e-09,7.29145774896006e-08,-1.39524813828683e-07,1.96457331355507e-08,-2.56770433480681e-16,7.2283334293759e-08,-9.65107972257181e-08,4.2849209245046e-07,8.98019556431095e-08,-9.12816653909978e-09,-6.13302060735723e-11,8.67361737988404e-17,1.95120592205665e-16,-5.94889934246406e-11,-5.3145870857217e-08,7.01005557035964e-09,-1.01873858660131e-08,1.47769619266182e-16,-4.87916753658012e-09,-5.78531629422454e-11,7.66302229592759e-18,-2.62887285973301e-17,2.18912540903438e-17,1.2427458423984e-08,3.67166636103506e-08,-5.34480741701506e-08,3.18443532867857e-08,1.58997999647494e-08,3.66419996375851e-08,-2.03397405301872e-05,6.95081979066614e-17,-8.06066000683142e-08,6.04475376879052e-08,-6.25233071735379e-17,-2.40197130215556e-16,-2.02380635204526e-06,-2.98179615203973e-12,-2.28774452901316e-08,1.79180527613774e-08,2.27130753237074e-08,-1.22245382717682e-09,-1.55795674603196e-17,-4.11471333465053e-09,-4.13958560113784e-17,-1.40591750725347e-08,-5.64625386376139e-16,-2.56084792346956e-08,-1.74480710479122e-17,2.00716165385159e-08,2.7780278215953e-08,1.67504610098231e-09,2.2061883593177e-08,1.21158762547992e-07,-8.76469013117904e-09,8.8917707746762e-08,2.82522833050469e-09,1.37460551075019e-08,1.27674020715402e-09,2.05491091984248e-08,-0.000143234670978468,-1.26954338222693e-08,-1.07309525483086e-09,-2.6008631473939e-08,-4.4047440735521e-17,1.2656958120089e-05,-8.73991379451313e-06,4.189496737713e-09,5.14093598825902e-15,5.5879327896645e-10,1.54229274257937e-08,5.7179258016017e-08,7.83084397004428e-17,-1.88361429517914e-05,-6.98159782872568e-09,8.80253444631081e-17,-9.30108205242814e-09,1.49603898939479e-07,3.442939920099e-16,1.11189288794665e-16,-1.47641515113656e-05,-4.33982305140346e-09,-2.53016870801538e-11,-3.63754122460149e-08,2.20712854777357e-08,0.00126265914117992,-2.35721392084894e-10,2.74742982226187e-08,-4.89283236336194e-08,1.78194048058855e-15,1.1238093374569e-09,7.02693346570492e-11,1.9489772192113e-10,1.83378212034368e-08,-2.92158384250117e-17,5.28302955471391e-17,6.07130325810197e-09,8.65786260704386e-17,1.40406354930593e-16,3.93937653465074e-08,-4.42948308877146e-08,-9.0623449927748e-08,-5.03047021367169e-10,2.31036330439315e-06,1.59369313204357e-08,1.37748240744993e-09,4.719762977713e-16,3.53003507302047e-09,1.6563375762077e-10,7.61217067180188e-10,-2.80848398481772e-06,3.40303458040605e-07,7.21214553603137e-17,-2.07290807616219e-16,1.85696420922927e-16,-2.72891733748254e-09,-1.46848157490871e-08,-7.7341231581719e-09,-3.79454736984432e-16,-0.00029424205997607,-2.54180256281746e-17,6.74736121807207e-17,1.69254876967767e-07,-3.71883920925912e-09,1.68593437821496e-16,-9.38885683141746e-09,-8.29097746258194e-05,2.59434842568411e-16,1.39780605191885e-08,1.03662896040371e-16,3.79687702509917e-09,-3.81752050191142e-16,3.7924675834657e-09,3.28588113268609e-08,4.28901437372259e-07,1.12130497463421e-09,7.72029070264571e-09,-2.70241037987823e-08,1.08912917753742e-08,8.94093640561102e-17,5.04459100964642e-07,-4.55272891175751e-08,-2.5026237182093e-16,-3.76661815648306e-09,-1.11014542633278e-08,1.79914182060227e-08,-2.15972455061536e-16,8.55770568983425e-09,1.5402049260465e-05,4.21967649502379e-17,-2.75306045969084e-08,-6.13225891531841e-09,-0.000145975915070338,2.79528765528962e-16,-1.98521769429869e-17,5.86711861510816e-09,1.81046159134087e-09,1.46706685787117e-10,-1.69324981528561e-08,1.11921087738948e-09,-6.5395629241114e-17,2.02621845997377e-16,4.10326159796433e-09,2.8298802101467e-11,-2.41607734971625e-16,9.99432226692608e-09,-7.53649962507971e-17,5.7469218449302e-08,-1.94648521781491e-09,-1.13817122289322e-09,-7.56834209533352e-09,-1.67136161467202e-14,-1.18133339867991e-16,2.71474885057398e-16,-1.64327089597173e-15,-0.000169620108593157,-1.47959654938898e-08,3.02711272136211e-17,2.79698664027764e-16,-2.58345418828732e-17,3.38639341781312e-08,1.92106687913566e-10,-1.70347685320969e-08,2.40222478430532e-16,-3.44512016570847e-16,1.78906910987264e-16,-6.90528595202881e-08,2.335738174766e-08,-4.71718794956811e-16,2.62080236965401e-09,-3.54492937695417e-06,-2.96497018419669e-17,4.58907908357204e-17,-6.99458609478884e-09,-7.17744512690735e-11,-3.51019690511308e-09,2.78760035348502e-17,4.02833867665548e-09,5.93356983519853e-09,6.47265924604897e-09,-6.04343488197965e-09,-2.16721129187241e-08,1.87027288538447e-09,2.23276799926039e-16,-1.05014061209842e-18,-2.31341346368016e-16,3.87183509126711e-08,-5.58606843497073e-08,-1.93551630284583e-09,-1.63465413585951e-09,-1.54194092271438e-16,-5.68996341618269e-16,2.63974304200837e-16,-2.97452160659716e-16,-6.67591225037089e-16,2.21296225890268e-07,-1.05561878423355e-16,2.70394262301284e-16,-1.44249925383135e-09,-6.72509167717438e-16,-1.29432058586964e-09,6.64444568994911e-17,-1.61107614387626e-09,-2.53295921278952e-17,-2.12404776167084e-09,-2.71941361320645e-10,-1.78110729844033e-07,4.78312593230576e-16,9.51846304376918e-09,-4.31957158968618e-17,1.5367778311845e-08,-8.80706463642319e-07,1.90457447535499e-10,1.14144258641298e-15,3.16057385660173e-08,-4.21626411750129e-16,-1.01844044495445e-08,-5.84329641845056e-08,5.35887506982644e-16,3.02271300762575e-16,-1.71727486011432e-15,-1.65359078558254e-13,-2.77456817685905e-10,-4.09195947620581e-09,-1.08620419127271e-09,-1.79343882320213e-14,-1.56423244995447e-14,-0.293750913770681,-1.3334771921041e-05,-1.63928468708609e-14,-2.25429948710741e-15,3.11468317128109e-09,-1.32218523683562e-15,1.78048532108762e-08,-1.05605107874155e-15,-1.03340680300831e-07,-7.89219291275607e-16,1.4069784979882e-15,-7.88961081879288e-16,3.7296384969895e-15,1.00737780465193e-15,7.17050903414331e-16,-6.72692981412123e-09,4.66633256618496e-08,5.81608515907923e-16,3.62517028269366e-09,-1.26534903081002e-08,-5.62487008275193e-17,-2.55966498999099e-16,5.93201258241653e-16,8.65863974523579e-17,-8.67055442218004e-10,-1.2735960083106e-10,7.37022963952652e-16,2.20531466796437e-16,1.31469031254091e-09,4.63200417017433e-09,1.67229148622638e-05,-1.57112181794731e-16,-2.87370153017593e-16,3.42076747955774e-16,-3.30849516182906e-16,-1.70929951052966e-16,-6.50555177933076e-16,-1.20175847138116e-09,1.04047494095021e-09,1.82409746217578e-10,2.52251875404352e-17,-6.75960776260496e-16,2.26837963450432e-16,-6.52391233406414e-16,-1.18565727664463e-16,-9.46456039756503e-17,-1.00199067494702e-15,-9.13505856323995e-16,-1.75515608180619e-16,-9.87136989101884e-18,-3.18830496400793e-17,-9.45175926482937e-16,9.36019883727351e-16,3.1600834959678e-16,1.48637843109318e-10,1.55402024796948e-16,1.38716827824548e-15,-3.06584340367158e-15,5.20801374103747e-09,-6.16314753886054e-12,4.09223851179693e-16,-9.53829074664563e-11,7.29157218746452e-09,-9.59991057808262e-17,8.17126575055834e-17,-1.66983095113387e-09,-1.6924641682902e-16,2.95852751612552e-10,-4.54724896377043e-17,-6.18802222509207e-17,3.68531008658164e-16,-6.06156803982372e-16,3.41285523790665e-11,-4.75448001537486e-09,-5.21149421322516e-16,1.62464070986869e-17,-3.0850910519024e-16,-5.47029875713298e-16,-8.09655077357863e-16,-2.61319064898201e-16,-2.89219403705644e-17,-8.90029501213916e-16,6.48688006578377e-10,8.0800689496235e-17,6.02669931778071e-17,4.18796162488648e-17,-6.38926844156333e-16,1.12098412236906e-15,9.12093026153461e-17,-1.99778082546925e-09,5.2616168088586e-17,-3.50355896729433e-16,1.50960451660521e-09,-3.85615706265922e-16,1.46871838327244e-16,2.60370788737454e-16,-1.37674761542395e-15,5.14671275713488e-07,-6.12485734831757e-17,-1.11702793686294e-09,8.66957071258224e-16,-4.56176880471731e-16,-4.82850597712462e-16,-2.23885027524914e-15,5.85144550193486e-16,-4.85112937464735e-17,4.29667641281319e-11,-8.9815543887209e-15,9.22636682278372e-16,1.76361982214413e-09,-5.6689161701736e-09,-5.56621624477354e-16,4.17743890606315e-09,6.22441991412392e-10,8.7300654106906e-17,2.47920194576266e-15,6.7170598900133e-17,3.95553725447214e-15,-6.95868267223501e-16,-1.6176031079507e-09,2.55674201513315e-15,-3.22795659074424e-16,9.75480713480275e-17,8.57120229316989e-10,7.86013991952791e-16,-7.0337259097654e-15,-5.60327517873005e-15,1.8175283886241e-15,-1.21758549677125e-09,-1.03837564737862e-13,0.394733124192666,4.19776013304066e-15,2.23711421078579e-14,-2.93335213505274e-15,-3.50102362999533e-15,-6.30353352103962e-16,-6.3894848377693e-16,-2.94909537877444e-16,2.15021183660209e-09,-3.69495560400945e-16,-1.17159771187523e-15,-4.36801306562579e-10,-1.14380693083943e-17,9.05115824969963e-16,-3.83659799890185e-15,9.26213813566721e-16,1.26840517636899e-15,-1.23047152557432e-15,-7.59755190050015e-10,-1.63385923402707e-15,1.2052662925558e-15,3.31854708240016e-09,3.55093245382144e-15,2.01899892728294e-15,-2.42758877031627e-15,-1.7228974464659e-15,-7.12766672184572e-17,-1.2158270846786e-15,1.88683644154379e-15,-1.33523546958695e-15,-3.70562832617246e-16,2.2980421088117e-16,6.90916039261581e-16,-2.6915290447778e-09,5.77463416387147e-09,1.26084671720973e-15,3.40649184158585e-15,-4.92997771748178e-15,-3.09885736673435e-15,1.13228653883524e-14,1.01876904360018e-15,-1.72682534138834e-15,-5.35118844777296e-15,-8.1147834517468e-11,-1.57827809961771e-15,-0.70710678118655,7.53154898815424e-14,8.07498954591279e-15,1.11167671836426e-10,-1.32036275478248e-14,-1.28906400507485e-10,-4.24840562051843e-16,5.35456547588865e-16,-1.94843212160974e-15,2.60447611756329e-15,2.39190423561185e-16,1.10186141266324e-15,5.2392775735697e-17,-1.22274933550155e-16,-2.37350506808112e-15,-1.4459271383783e-15,1.35295052177441e-15,6.87943923007825e-16,3.69471248516976e-16,-4.71190363650337e-17,-8.18405640936033e-16,4.84883063762028e-16,4.38789170564188e-16,-1.02886297750328e-15,-2.69499688987777e-16,1.04007512402184e-15,6.51605505663788e-16,5.47863444829094e-16,9.72226259174288e-16,-1.59307144885864e-16,2.87645232377991e-16,1.01920272086232e-11,-1.14566223105981e-16,-5.09638404938468e-16,-3.73406812818973e-16,-1.02468550856515e-17,5.12224119426174e-16,7.96737636286936e-17,-1.80482686804954e-16,7.97977045069536e-17,-3.70015097177263e-17,2.31884150797066e-16,-6.64290671081869e-16,-2.05846941267357e-16,1.28574910452302e-16,6.2924419147683e-16,1.85259557615611e-16,-2.07801803860462e-16,-2.2740748449203e-16,-1.39139911574597e-10,-2.75037101443643e-16,2.3021731434807e-16,-2.07456453950851e-16,-3.25440785155605e-16,3.25229890800501e-16,3.70390733214987e-16,2.11941306688084e-16,-3.20998871920656e-16,-2.13226797559962e-16,3.09038022316308e-11,1.92689506476896e-16,1.35403409098866e-16,-1.12035072857965e-16,-4.31197840217713e-17,-4.47071056758101e-16,-1.16592457163525e-17,-6.04401727455173e-17,-2.1638671276479e-16,1.36468029979279e-16,-1.0227167790378e-16,1.82217536869639e-17,1.27991159676766e-16,-2.9356479639795e-16,1.62042500543769e-10,-8.71064273553997e-17,-2.13055876887074e-16,-2.1246379312464e-16,-4.08961059461532e-16,-4.95497778144353e-10,1.41652919893666e-16,1.96644957084465e-16,4.02255334473624e-16,-1.78712532281807e-16,-2.07081309095186e-18,1.54771646242647e-16,1.32891922917757e-16,3.01571728035294e-17,4.18538664353335e-17,9.69729388088361e-17,5.26245803164056e-17,-7.53938519723761e-18,2.25719428167592e-16,-6.57488034847555e-17,-1.82436322082164e-16,-3.47541429047458e-16,-3.02347919164241e-16
"t666",-0.049289010699169,-0.0849079096812005,0.030107812281944,0.0446657589443692,0.00385191712868665,-0.00182616121089259,0.0103185746111143,0.000198121281446164,9.17336143042984e-05,-0.000413013051877427,-0.000255214389796875,0.026102028473611,-0.0476611345369337,0.00882880728663634,0.00805269454424524,0.0117410817205416,0.0012260336439065,-0.0742536588353078,-8.29572822880018e-05,-2.99566884334737e-05,0.000360659918576952,0.000161447542720876,-0.000917931840924244,0.0185954632229765,-0.0562888901720319,-0.000125420897801952,0.000134858112716155,-0.000117176058606379,0.0017104979781523,1.00752599707496e-05,-7.51464401331111e-07,2.20284140150811e-06,-0.00158821855899265,-1.16482830100175e-05,-1.28743189667539e-06,-2.00447618197894e-05,-0.0370829979324861,-4.4906148875499e-06,-2.49253015786373e-05,-3.91447238237085e-06,-0.000100298052408781,7.72080775366189e-06,-7.83842387674916e-05,4.6043762327504e-06,-0.000132796609844521,-1.83287787123177e-06,0.073131964546165,0.000199962694455202,-7.4814614985629e-06,9.21960828476994e-06,-7.04145836612658e-05,3.03261377914595e-06,-4.15646928599546e-09,7.64679829466262e-06,-2.659173540836e-07,2.59871741682963e-06,-7.27017237295107e-09,-6.18673100644242e-07,2.50806468961891e-07,-1.01991689965806e-06,-1.24447232191143e-06,2.14311905276449e-07,-7.48694456316616e-06,4.04423675009865e-06,-3.15343310780121e-07,1.27986251402717e-05,-4.79651157036315e-08,1.61013525182067e-06,-4.23292862384423e-06,1.49382362027786e-06,4.24774514905044e-05,-4.39819529288531e-05,3.52266430653422e-06,0.133939225802579,0.189760531259544,1.51937170624113e-07,-0.000791690364932954,9.93622325406322e-06,-2.60364117623257e-05,-2.96473826851465e-05,8.89006040279671e-06,0.000135233080414121,-2.10675177049364e-05,-0.000148695259899964,2.73857296844352e-05,0.015755900148449,0.00125110845951611,1.62780260267922e-05,4.97334368161206e-06,-0.00111082557375064,1.79892165601423e-05,-1.05859058185899e-06,-8.97681067657644e-06,0.0013852485468381,8.67308172614406e-08,-3.4321246368835e-06,-0.000735043808395793,-1.28644438244752e-05,1.77331535629981e-05,3.06299235726039e-06,6.00133106151089e-07,-0.00456457336302854,2.26804449564238e-08,3.75961036900676e-06,-3.95565300302068e-06,0.193797768662803,0.000131798255929733,-4.55914053255599e-05,1.19964141323389e-05,-2.1073236487764e-06,-8.57981942640578e-06,-1.43068603142558e-05,2.33350761224534e-05,-1.26640656290267e-05,5.99610365997393e-08,-2.01034919932539e-06,2.81451863975525e-06,-2.63746268891704e-06,2.43392202879148e-06,-5.66587233267157e-06,2.06459730671287e-05,-4.7238860287857e-06,4.48712209543639e-06,1.2338161239241e-05,-4.03119397412553e-06,4.07016829021342e-05,-4.16442478883851e-06,1.4807765176976e-06,-2.21801581271125e-05,-0.00082913542050956,0.107285408049881,1.77092508249286e-05,-0.00550716518529849,2.63828326395136e-06,-3.89257460301693e-08,-1.24639517127913e-07,2.67444114910769e-11,4.61807217167172e-08,1.99229042289386e-08,-6.1987647772796e-08,-5.89453456363856e-09,-2.69351029159803e-07,6.63592791114426e-08,4.58583986198745e-09,1.44826157809328e-08,-1.45855593439544e-09,-1.29046718692481e-07,3.1433088366068e-08,2.27387974177773e-09,-6.92196921324491e-09,-1.09308696600734e-06,-3.51638490453194e-08,-7.88032481061968e-07,3.10264113746129e-07,-1.44179338329319e-07,-1.35734614682425e-08,2.154054858764e-07,-0.00415846527598401,2.55371341823825e-07,7.00425254454038e-08,-0.000662795517036999,-1.02556867635868e-06,2.07101077533643e-07,3.93291553840226e-05,-2.02124854427598e-06,9.17988618536234e-06,-5.06124545547062e-07,-8.50839926553845e-09,-4.2124096562842e-07,-5.26746623827298e-07,9.08398789737264e-06,8.91161669656905e-07,-9.43652721464974e-08,-3.20956639158046e-08,-7.81700618608411e-07,-1.05583904740057e-08,-6.5723311382687e-08,1.85408607238382e-07,3.55739986811786e-08,5.13642252648355e-07,9.88856027144755e-08,6.12350834701244e-06,-1.36962028137013e-07,-0.00375988443954582,-3.73520997460698e-08,-0.122570438778718,8.60447016795227e-06,-3.10474104190414e-07,-1.36710680076354e-06,1.00361524128082e-05,2.05474184858706e-08,-2.58382133890999e-08,-6.94500004404128e-08,0.317004862825068,-3.50826192874406e-08,3.00209382867335e-08,5.26479319058735e-08,2.44000621520437e-07,-2.74987207565153e-08,-9.0292137889506e-09,-8.90876701158931e-09,-1.34549154643521e-06,2.00369855463845e-10,5.75032651238788e-05,-1.05102379157463e-07,1.20259276162039e-06,-2.35787604622708e-08,-8.53187240683773e-07,1.57269254914485e-07,0.00178020147961074,4.69413232102143e-07,-1.61329945147541e-06,7.36202248352214e-06,1.9085645864775e-08,1.21477694495819e-08,1.44497289876021e-08,-1.57507729048693e-08,-1.261430365985e-09,1.27726338102765e-09,2.89656025171667e-09,9.40298936971237e-09,1.31635828190455e-07,6.94358889269178e-09,2.90129918515782e-08,-1.24157962030825e-08,-6.86485809424066e-09,-7.37619390214002e-08,-7.1243633627976e-09,-1.31016326184146e-08,-1.21351237940706e-08,2.74652747920416e-07,9.6432698471702e-08,4.89295413549066e-09,8.30733233242643e-09,-4.99686677065861e-10,-8.83171034692856e-09,-4.95506180514145e-08,2.79158206590932e-16,-8.29467780108803e-09,6.3667486536979e-07,-2.08114101168674e-08,-4.19882638441968e-07,-7.40568956659099e-08,8.9039645163473e-08,-1.74082021061682e-08,6.53425459043786e-07,-1.51323333079636e-09,1.07488930662798e-10,-2.90664434820967e-07,2.93760337697708e-07,-9.70299556813699e-09,1.35713760599325e-06,-7.17549242555021e-08,6.62321593782812e-08,-9.41087207050354e-09,0.0545614021270865,0.00749413278166022,2.7081033610874e-06,-3.1825071520715e-08,5.23244581144218e-09,-8.93981627449612e-08,1.60631439357163e-08,-1.63461694205176e-06,1.18505394114385e-06,-6.37782021699473e-09,2.14180077080162e-09,0.000230477476845861,-7.52188994454958e-07,5.67156068094781e-05,-5.03491792248094e-10,-2.74596945775697e-10,7.01500107648372e-10,-9.68258916206565e-08,2.22148810288987e-08,-3.83018030177591e-09,6.35349553146374e-08,-1.02377608754518e-08,-9.54839653757195e-08,6.17651842567504e-09,-4.45854629966822e-09,1.72940290127671e-09,-1.72490903456727e-16,-6.02534681381197e-09,-2.14074951421971e-10,-5.42076128253995e-10,-1.3272377408088e-06,4.74332542163738e-10,-3.11622395984297e-10,-7.48387347225437e-09,1.11075587315463e-09,-8.97292419742832e-09,2.35904702644566e-08,9.16521126062632e-10,-9.44424056670662e-10,1.25030441375555e-08,-1.54121845762071e-08,1.34641953757315e-06,-8.73363855007087e-09,1.0596095651144e-07,5.31903678689918e-10,4.58999255907031e-09,2.44702039767689e-08,-2.39330992990203e-07,0.000365925394964982,-1.93814355691629e-08,2.73369112066075e-08,-1.00029176232628e-07,6.62807980867436e-09,6.00716227545822e-09,4.60735993026141e-08,-1.2436342499843e-07,-6.32673305813516e-09,8.35024994122386e-08,-3.45877572835116e-08,8.59264101766454e-10,8.06379463565819e-09,-1.59518954358402e-08,2.71939048365966e-18,5.76502484600315e-11,1.28936383073237e-05,-2.14409420846626e-08,1.58264763003588e-08,2.26590841365138e-08,4.21166807686803e-09,1.00508238481811e-08,-1.52092033896386e-07,6.1410038031315e-08,-3.88501732539727e-17,-8.06865135116239e-08,-1.22190673212408e-09,-2.23111889358709e-08,0.00247295046543983,1.23181771075006e-09,-2.70862926883283e-10,-1.48176565703502e-08,4.40765586979069e-09,-2.64663146849642e-07,3.34904577367335e-08,-7.00875711248442e-09,-1.28574908304133e-08,-6.85559681189481e-10,-6.87292146616227e-10,-1.31407241343723e-08,2.96970347592457e-06,-1.42675367748845e-08,1.28928954580337e-16,-3.03951002797088e-07,2.4022461237404e-08,1.10573286135661e-09,6.17806845362027e-09,-2.90518381429937e-08,-6.29199081342897e-08,3.84501591048891e-07,-2.99664146490457e-06,-5.29308371609243e-09,-5.49114564407459e-17,-1.0076905078432e-08,-6.23654918501057e-06,-1.27894926756677e-08,-6.11658633223762e-17,2.43983082847017e-08,2.46151535366003e-07,-3.75928828396983e-08,-2.00527571655752e-08,-6.7231380226009e-09,-3.61687967696423e-09,-1.30067745288627e-07,3.77408421784253e-09,4.05779248118654e-08,0.000301044131429192,7.35382277146435e-09,7.43572325729968e-08,-1.06313858268712e-16,-3.05664974118302e-08,1.43845200241335e-08,9.35075431501123e-08,-9.47573806486073e-09,-1.51464510747577e-17,-9.27828910854515e-09,1.20849202157425e-08,-4.20227819727331e-09,-3.74232218621024e-09,-9.48681578318585e-09,7.03038710785099e-08,-1.34467384879384e-07,1.8912051384093e-08,2.97361985473264e-16,6.95135113694378e-08,-9.28044021540023e-08,4.11960258793833e-07,8.63151422923889e-08,-8.77356717064487e-09,-5.89430660209799e-11,-4.10262102068515e-16,-4.59025186861084e-16,-5.71493661512968e-11,-5.10376954079184e-08,6.73167712573302e-09,-9.7796312889861e-09,4.65494931089629e-17,-4.68051299540839e-09,-5.54795532975853e-11,-7.75299389777798e-17,4.09370329145719e-17,-2.21117833041008e-16,1.1905686356415e-08,3.51705761267999e-08,-5.11746879565741e-08,3.0478350586908e-08,1.52170839586451e-08,3.50544748319412e-08,-1.9457607671442e-05,1.88416778004151e-17,-7.70473663192097e-08,5.77616567902861e-08,7.91020804879687e-17,3.19974203652111e-19,-1.93167151221697e-06,-2.84536254436656e-12,-2.18217701094216e-08,1.70869574169899e-08,2.16491807559288e-08,-1.1651031061153e-09,1.14825123815493e-17,-3.92125653877364e-09,1.91233316668539e-16,-1.33940676302452e-08,-1.72388145425195e-16,-2.43914880988994e-08,3.11777118747025e-17,1.911224980249e-08,2.64509174410355e-08,1.59365722456999e-09,2.09864533202071e-08,1.15244780468808e-07,-8.33435862730331e-09,8.45298439697565e-08,2.68417070523237e-09,1.30596748772679e-08,1.21276050253957e-09,1.95126128845775e-08,-0.00013594680466841,-1.20447626866922e-08,-1.0177807737769e-09,-2.46642331634839e-08,-1.23406675929588e-17,1.19970291955784e-05,-8.28042390252223e-06,3.9640482775123e-09,4.88832635425407e-15,5.28520683093643e-10,1.45789450300019e-08,5.40368289880332e-08,2.50084179576302e-17,-1.77986742139378e-05,-6.59369515907532e-09,1.79157963892826e-16,-8.78209060201759e-09,1.41039564483902e-07,-2.38720194476244e-16,-2.82893537439527e-16,-1.39104819244941e-05,-4.08866792385672e-09,-2.38318540987256e-11,-3.4251054017173e-08,2.07679261551804e-08,0.00118802483193076,-2.21768206753716e-10,2.582398413224e-08,-4.59538072172519e-08,-9.38648030829325e-16,1.05517830708587e-09,6.59739649642814e-11,1.82953480285147e-10,1.72102822045255e-08,1.31812694660682e-16,-5.29815640667584e-18,5.69630915552355e-09,-6.15204147087246e-17,6.16309525381769e-17,3.68905670863894e-08,-4.14663433311743e-08,-8.48360092274076e-08,-4.70574565344596e-10,2.16100539050408e-06,1.49063362693497e-08,1.28822512198094e-09,7.5516370114149e-16,3.29633091175778e-09,1.54617741498717e-10,7.1051016703075e-10,-2.61998101391114e-06,3.17142271336352e-07,-1.46563288037571e-16,-1.77970139161321e-16,1.27060214010042e-17,-2.53939059773309e-09,-1.36559046180588e-08,-7.19185675386187e-09,-2.56842109306394e-17,-0.000273434410242174,-8.4144733559247e-17,1.66847809755634e-17,1.5681984973927e-07,-3.44548615336389e-09,-2.2735719557021e-16,-8.69212377396036e-09,-7.67227464535324e-05,-3.32192297718775e-16,1.29229153193394e-08,-1.24813687466813e-16,3.50623203200867e-09,-5.65245035765968e-17,3.50179357217307e-09,3.03378705274334e-08,3.9595946607316e-07,1.03504956054084e-09,7.12434012896801e-09,-2.49103438353332e-08,1.00233465251226e-08,1.94069251311164e-17,4.63294188710691e-07,-4.18026496197268e-08,-2.45102276181512e-16,-3.45741219870287e-09,-1.01844098112511e-08,1.64967797415774e-08,4.58426772698659e-16,7.83274067046505e-09,1.40921491020276e-05,-5.67075513033565e-17,-2.5176937843041e-08,-5.60663728121646e-09,-0.000133342218954831,1.51556079194327e-16,1.45458311755918e-16,5.34740867116684e-09,1.64846932768724e-09,1.33552807121712e-10,-1.53441778954276e-08,1.01343018156807e-09,4.93599819977278e-17,3.31962326239871e-16,3.71341433824409e-09,2.56084912309658e-11,1.3369346119946e-16,9.03564491775566e-09,5.20011039016571e-17,5.19086314119766e-08,-1.75587100469299e-09,-1.02661735910277e-09,-6.82404292171595e-09,-1.5057115608837e-14,-2.74819553582911e-17,-4.09112938719631e-16,-1.66571503692973e-15,-0.000152414339609914,-1.32912212983726e-08,-2.37978473078129e-16,-7.83902554648953e-17,-3.05220897178144e-16,3.03874414295172e-08,1.72303567695988e-10,-1.52589469201559e-08,-2.72119589635205e-16,-8.73744978278912e-16,8.65193333643433e-17,-6.15668072901443e-08,2.08217088933231e-08,-3.7266815544109e-16,2.33177416077323e-09,-3.1514672093957e-06,1.11985767096991e-16,-1.26543225357249e-17,-6.20624600982582e-09,-6.36747927436196e-11,-3.11044477856021e-09,-3.20074642314702e-16,3.56242302978822e-09,5.24134015516007e-09,5.70828349629806e-09,-5.31758824233466e-09,-1.90572207001731e-08,1.642650954437e-09,1.1503341864897e-17,1.63024826781462e-16,8.37918877693297e-16,3.37604169699964e-08,-4.87019207183195e-08,-1.68580923454513e-09,-1.41635679501894e-09,2.98450827272705e-16,-2.30088190771102e-16,2.60887148029989e-16,-3.48569508662518e-16,-3.00275190765208e-16,1.90612807627057e-07,-1.38822782684619e-16,2.35895553394413e-16,-1.23944406320381e-09,-4.58094571345398e-16,-1.11197491442111e-09,1.06336387620027e-16,-1.38379389446638e-09,-5.37767879903171e-17,-1.81622048269063e-09,-2.3227255527102e-10,-1.51866188063692e-07,8.67844817599463e-17,8.09821618769968e-09,-1.1865816610003e-16,1.30094012189288e-08,-7.40326074931684e-07,1.60048203016719e-10,7.73844520132416e-16,2.64789402506314e-08,-3.77941356858466e-18,-8.4895336501501e-09,-4.86962525397165e-08,3.3058485898286e-16,5.92758085994119e-16,-1.21381108844084e-15,-1.37232374144623e-13,-2.3020971355775e-10,-3.39109068214616e-09,-8.98888880948718e-10,-1.4338836435142e-14,-1.30123432977884e-14,-0.241380484239714,-1.09538434237802e-05,-1.33773867019919e-14,-1.83634239192325e-15,2.53399129212968e-09,-1.37863410259032e-15,1.44537336915522e-08,-8.21140432871438e-16,-8.33380112490603e-08,-4.956554011581e-16,1.24375727668337e-15,-7.3026813655649e-17,2.74666470807348e-15,6.88449005559484e-16,5.77182712650264e-16,-5.34503781179464e-09,3.70697257887138e-08,4.65753451304924e-16,2.86353337682551e-09,-9.97043289282909e-09,1.82360877989928e-16,-2.99685620315163e-16,1.3525603261986e-16,-4.38630956977839e-16,-6.75563696131747e-10,-9.8956142251947e-11,1.99540479312062e-16,2.02201351844806e-16,1.01825273975721e-09,3.58607142858037e-09,1.29283454520558e-05,6.34308521887926e-17,-8.09563222376834e-17,2.29742122401812e-17,-1.41546691596421e-15,8.35094456641332e-16,-2.60767834407705e-16,-9.05534699762088e-10,7.819149650747e-10,1.36709310778334e-10,-1.08975867312113e-16,2.18489240739281e-16,-2.9720996924305e-16,-6.55020626231728e-16,1.78617110093722e-16,-7.19368329964992e-16,-1.1680017024558e-16,4.54877467751572e-16,-1.66159743933088e-16,-4.13676058991614e-17,2.17376910579533e-16,5.77554603806005e-16,-3.89264842052096e-16,-1.30302906899732e-16,1.05437990777503e-10,1.52204401015792e-16,-1.92548277878848e-15,-2.29120425391436e-15,3.66141634396296e-09,-4.32270892904093e-12,1.34182272387055e-16,-6.68253946111868e-11,5.0478758456229e-09,3.03798892876345e-16,2.0275098572963e-16,-1.13759359354158e-09,5.34154011434863e-17,1.97220138903e-10,-1.27993779875297e-16,-1.34262000531414e-16,-4.2991457983424e-16,7.87289697559581e-16,2.18602806286022e-11,-3.03632018763057e-09,-9.39902413940337e-17,1.13226124343913e-15,2.02905463369345e-16,-3.74621062801043e-16,3.22859143933596e-15,-4.11626266015913e-16,8.19117973743265e-17,8.67867359357653e-16,3.24424441414681e-10,4.38740871077939e-16,5.2531382899638e-17,-3.02201620209299e-18,2.27189016526862e-15,-1.73519133859444e-15,-2.70150870189054e-18,-9.08634094236735e-10,-2.1306737003285e-16,-3.2521843961753e-16,6.72613710491436e-10,5.96056975852869e-16,-5.32460733539882e-16,-7.86031300330549e-16,1.68957433153526e-15,1.57913896085463e-07,-4.27139211437149e-17,-3.06271901262611e-10,-6.66050735319626e-16,-2.5722925078791e-16,2.20118015178621e-17,4.5991332055199e-15,-1.89213832759111e-16,2.87763890916366e-16,8.45720266415492e-12,1.86330995163149e-14,-2.3915007084371e-15,2.20973314027751e-10,-6.87860721725609e-10,-6.42054652225368e-17,1.99516370881751e-10,1.37294546251359e-11,-5.93935273401269e-16,-3.63637432814897e-15,5.74823299127544e-16,-2.24365401663094e-15,1.22250453484235e-15,1.02293624166224e-09,-8.04446645482903e-15,-2.40299237321847e-17,5.04013478628445e-16,-8.34868793066515e-10,-2.24737279411381e-15,1.40810140524371e-14,1.13145432894599e-14,-4.63063906568825e-15,2.10866832022778e-09,2.16585886132929e-13,-0.828885991249715,-5.43921542687434e-15,-5.03156233538063e-14,4.93640184856155e-15,6.9156909482335e-15,2.51825654476312e-15,4.36524645601976e-16,1.13891080553121e-15,-2.12100805908284e-08,-2.34912981733251e-18,4.1880413424864e-15,1.21460476338457e-08,-3.58161336663165e-16,-1.58419200242015e-15,2.66856709917355e-15,-3.56696749585616e-16,-7.75232140818059e-17,-1.47378797191824e-15,-5.97254568335808e-09,1.04569565771273e-15,2.27977116173297e-16,1.79527030123452e-08,1.78028061938682e-15,-1.11571393990927e-15,1.66834603276314e-15,1.83979076151282e-15,9.36064682215901e-16,1.45674639492089e-15,-6.37427766840355e-16,2.04531835197092e-15,-1.02629680729783e-15,4.77397786496539e-17,-6.30168289691795e-16,-7.80047377386158e-09,1.60320150141639e-08,5.51410074831513e-16,1.59483564472793e-15,1.00026263446454e-15,1.29866017068767e-15,-2.73294841618421e-15,1.42425796998906e-15,5.54327327911947e-16,7.75852102155649e-16,-1.8906239414228e-10,-1.45677691153384e-15,2.45387525094414e-15,2.56925388239538e-16,1.13306283589426e-15,2.32913786591705e-10,-1.45284670052511e-16,-2.46597286106359e-10,3.25054150335411e-16,-5.27931948786955e-16,-1.00269054789494e-16,-1.60753889776538e-16,2.0067037740415e-16,1.7257763014909e-16,3.49721490127658e-16,1.07083060176835e-15,1.18709160446611e-16,-1.84774494612033e-16,4.43282200077105e-16,-1.02476006417719e-16,4.68845636290247e-16,-3.01052908287076e-16,-2.00116424364301e-16,4.24096290693488e-16,-2.19332917184402e-17,-2.57376514983669e-16,-1.0122522849259e-16,-1.44370047049764e-16,2.96149823414416e-16,6.74196094752461e-17,4.17627374125966e-16,-4.4951502986371e-16,2.52421814588575e-16,1.59484305178751e-11,1.41402107900518e-15,6.17275892902692e-16,3.38828639682808e-16,-8.49366970597994e-16,2.31807537866821e-16,-2.05136168291868e-16,6.90535458748144e-16,9.7833578361308e-17,-1.15431094767431e-16,-1.86255910344105e-16,4.54118079945554e-16,9.96059789839699e-16,2.56085297223411e-17,-2.0956426895108e-16,-3.70524338028173e-16,-8.68330326431845e-17,3.18807451257731e-16,-2.01534680701195e-10,1.24904905718525e-16,5.37698437949073e-17,1.72348070184509e-16,6.38249961438158e-17,-6.35871446391089e-16,-2.94940318577629e-16,-2.73540603767497e-16,6.46605667916036e-16,1.01875163485161e-16,4.2322756267109e-11,5.57166661754767e-16,-2.48117124837255e-16,-8.86946942162675e-17,2.57080560040053e-17,4.89698593258694e-16,1.11091851583964e-16,7.45974162724979e-18,6.14304304169259e-16,1.9359126579517e-17,-5.27897515974539e-18,-2.50495481454127e-17,-3.83159111933678e-16,-1.81985413532593e-18,2.12881448856155e-10,-4.44667611356825e-17,3.14512430053991e-16,-3.01586382732178e-16,-5.28982239955678e-16,-6.40710116916067e-10,9.30481715146278e-17,-1.36992251455009e-16,-6.69998607142095e-16,3.96584021055924e-16,-1.15136467055389e-16,-9.23496378409629e-17,3.52311195906966e-16,5.01799502562445e-17,-9.43743481632474e-17,-1.72084139439599e-17,-4.7936528696968e-17,5.51684497188046e-17,-3.46913052797135e-16,8.36051099399146e-18,4.6420981876559e-16,8.52866188735395e-16,-6.32780629211369e-19
"t461",-0.0492762878050409,-0.084861758392564,0.030090918875414,0.0446321884941903,0.00384837423909905,-0.00182419155116231,0.0103072274096619,0.000197886144356724,9.16051170808219e-05,-0.000412312206656848,-0.000254665759148757,0.0260330065264732,-0.0475314508883121,0.00880442424167822,0.00802949481800033,0.0117052797815837,0.00122220676102327,-0.0740177314118287,-8.26876637069022e-05,-2.98510127888282e-05,0.000359285063966788,0.00016070660004198,-0.000913486567387984,0.0185049043943859,-0.0560137040345089,-0.000124778965542502,0.000134159845299187,-0.000116563986644802,0.00170132737919119,1.00116571271683e-05,-7.46411954060435e-07,2.18737077051592e-06,-0.00157627684333266,-1.15566422622965e-05,-1.27679845836924e-06,-1.98663183117454e-05,-0.0367487980216506,-4.44951841426652e-06,-2.46956845339751e-05,-3.87788929174638e-06,-9.93345143746613e-05,7.64488903394504e-06,-7.76023238345996e-05,4.55839127370819e-06,-0.000131447869580494,-1.81311030674938e-06,0.0723290833430957,0.000197749147853453,-7.39672501831697e-06,9.11261578384019e-06,-6.95711328212563e-05,2.99575777294475e-06,-4.10584820900299e-09,7.55199731695662e-06,-2.62506230167584e-07,2.56521192941934e-06,-7.16782589496821e-09,-6.0976177617268e-07,2.47184097834295e-07,-1.00436500393527e-06,-1.2247336284012e-06,2.10847389525295e-07,-7.36405936631334e-06,3.97760531703668e-06,-3.10001652742118e-07,1.25764819977429e-05,-4.70882488506107e-08,1.58002864551831e-06,-4.15296283700954e-06,1.46508228929924e-06,4.1581765234922e-05,-4.29924964211687e-05,3.44264892696546e-06,0.13083665733998,0.185354214493378,1.48379562354366e-07,-0.00077309159826353,9.69901343509978e-06,-2.53923850851407e-05,-2.89036931082148e-05,8.66175602078629e-06,0.000131742686346376,-2.0503826130772e-05,-0.00014467424854616,2.66116217051294e-05,0.0153052578854976,0.00121490137290667,1.58060469063027e-05,4.82907102266962e-06,-0.001078561438527,1.74643946908865e-05,-1.02641604183802e-06,-8.7029669808455e-06,0.00134194616912799,8.3907006135947e-08,-3.31970833217872e-06,-0.000710961355865055,-1.24365646612746e-05,1.71400623158412e-05,2.95841218362433e-06,5.79301326493184e-07,-0.00440589721913413,2.18907228459367e-08,3.61906059108017e-06,-3.80701278853086e-06,0.186486418438223,0.000126790761023393,-4.38558237345539e-05,1.15381482360446e-05,-2.02640194889921e-06,-8.24979335870321e-06,-1.37510034575462e-05,2.24273724954332e-05,-1.21585679228558e-05,5.75546318421127e-08,-1.92871313350577e-06,2.69962711191742e-06,-2.52825483948046e-06,2.33177185952195e-06,-5.42567225042493e-06,1.97657230357017e-05,-4.51854769154318e-06,4.28966007035258e-06,1.17949491093887e-05,-3.85340055139711e-06,3.88840529969684e-05,-3.9782610767136e-06,1.41387659971296e-06,-2.1147936418491e-05,-0.00079053649001144,0.102279075714634,1.68667347236231e-05,-0.0052441789573668,2.51195493919728e-06,-3.70412574558359e-08,-1.18596263142572e-07,2.5417861701334e-11,4.38483112404648e-08,1.88921790129138e-08,-5.87785211932864e-08,-5.58813106072438e-09,-2.55321014847276e-07,6.28912881275921e-08,4.34587757871573e-09,1.37247743463508e-08,-1.38154381250371e-09,-1.22111532855513e-07,2.97137317046071e-08,2.14895811848031e-09,-6.53805032777855e-09,-1.03241438649537e-06,-3.32049955149228e-08,-7.44040898855183e-07,2.92902048093548e-07,-1.35933367407161e-07,-1.27944842247661e-08,2.03013320488913e-07,-0.00390603831569012,2.3967270254062e-07,6.57284488850901e-08,-0.000621538649328362,-9.615926906346e-07,1.94007847130781e-07,3.68386907523259e-05,-1.89159705635685e-06,8.58376866441297e-06,-4.72094441189203e-07,-7.93563248138011e-09,-3.92875178741226e-07,-4.9111078153356e-07,8.46609052369656e-06,8.30497186754458e-07,-8.7872785752086e-08,-2.9880090552721e-08,-7.27353324811263e-07,-9.82304165965746e-09,-6.11418598792057e-08,1.72270801344626e-07,3.30109463102955e-08,4.76529774740651e-07,9.17214268450587e-08,5.67632363859518e-06,-1.26929491851599e-07,-0.00348364996364864,-3.46001866043098e-08,-0.113455252397515,7.96310473375803e-06,-2.86870773069313e-07,-1.2631072878453e-06,9.26768088547554e-06,1.89459073579981e-08,-2.37948435517456e-08,-6.3930274195999e-08,0.291623725921315,-3.22583174156665e-08,2.75648759277828e-08,4.83257820027099e-08,2.23822710938171e-07,-2.52164080139343e-08,-8.25885315341161e-09,-8.14770863752596e-09,-1.2292241395644e-06,1.82861163893756e-10,5.23447097011322e-05,-9.56726310176531e-08,1.09443811107539e-06,-2.14427131957881e-08,-7.75505665779816e-07,1.42759335269079e-07,0.00161328200301757,4.24831167942923e-07,-1.45947507624882e-06,6.64764836071401e-06,1.721576979195e-08,1.09573165785446e-08,1.30231267011952e-08,-1.41664784994276e-08,-1.1340988304505e-09,1.14589899638419e-09,2.59482909205447e-09,8.41919296890918e-09,1.17615000646323e-07,6.20089046018445e-09,2.58954147494212e-08,-1.10629842599284e-08,-6.11478263574721e-09,-6.56969834677804e-08,-6.33365665571214e-09,-1.16343976843186e-08,-1.07625766598915e-08,2.43448764814325e-07,8.54260559984818e-08,4.33207120398093e-09,7.35389668892843e-09,-4.41692186376374e-10,-7.79957085587722e-09,-4.37164310142972e-08,7.36125523499509e-17,-7.30762357051839e-09,5.6075141471987e-07,-1.82934246864552e-08,-3.68516424230155e-07,-6.49150131301946e-08,7.80422987613035e-08,-1.52221655339553e-08,5.71144361109743e-07,-1.32244074482497e-09,9.3854078828535e-11,-2.53643129251771e-07,2.5606618636534e-07,-8.45386236460913e-09,1.18218823083817e-06,-6.2436699003939e-08,5.73662692548729e-08,-8.13773757177261e-09,0.0471153312309855,0.00645197949734685,2.33100690632314e-06,-2.73356479300836e-08,4.48898282665918e-09,-7.65652749068795e-08,1.3749785338448e-08,-1.39840099060235e-06,1.0129942770374e-06,-5.44535435559764e-09,1.82841209897613e-09,0.000196158768758024,-6.40141413748113e-07,4.82633562485933e-05,-4.28103361243213e-10,-2.33409038640842e-10,5.95693910554862e-10,-8.22067069183295e-08,1.87483273185538e-08,-3.23034599982324e-09,5.35566338485798e-08,-8.61941650884735e-09,-8.03118930267713e-08,5.18361549555015e-09,-3.73940008783864e-09,1.44971503215076e-09,1.40919849882043e-16,-5.04199074896604e-09,-1.7909538180808e-10,-4.53157397421621e-10,-1.10752428893154e-06,3.95194539316336e-10,-2.59438396874284e-10,-6.22834115627516e-09,9.20007097108502e-10,-7.42971031167483e-09,1.95316117119219e-08,7.57753757941903e-10,-7.77659868599377e-10,1.02880004444218e-08,-1.26755061360763e-08,1.10553624806279e-06,-7.12609277881965e-09,8.62260331887469e-08,4.32770112009848e-10,3.73435878699716e-09,1.97750494002493e-08,-1.91875618301705e-07,0.00029306606232852,-1.5498894905907e-08,2.18203143750199e-08,-7.97977497656538e-08,5.2621823495004e-09,4.76748287857492e-09,3.65410457401962e-08,-9.85875760628583e-08,-5.00785830158885e-09,6.59844504754972e-08,-2.72888557792262e-08,6.77472941187284e-10,6.35036204768261e-09,-1.25310063224406e-08,7.93884761209861e-17,4.45850491744405e-11,9.95568135795941e-06,-1.65156981638405e-08,1.21900744015266e-08,1.74514613390108e-08,3.24180609893291e-09,7.72768922475563e-09,-1.16782022794112e-07,4.70249488224096e-08,-1.34639113319499e-16,-6.13975263789089e-08,-9.29061771423653e-10,-1.69352439360684e-08,0.00187670469891967,9.3086700540565e-10,-2.04205932919611e-10,-1.11337542702911e-08,3.30416186434513e-09,-1.97399959289518e-07,2.48615202464694e-08,-5.18714717342494e-09,-9.49940711692047e-09,-5.0596357438261e-10,-5.06272471861857e-10,-9.67766334324786e-09,2.1840996927689e-06,-1.04820788952195e-08,5.30933194403509e-16,-2.21525347030982e-07,1.74786265190029e-08,8.04512334927282e-10,4.47347161819869e-09,-2.10207200711787e-08,-4.51159298937001e-08,2.74982196517327e-07,-2.14198410611224e-06,-3.77603329675011e-09,1.05871743972186e-16,-7.17256344108562e-09,-4.43532393040681e-06,-9.06690940154306e-09,-2.32141213227802e-16,1.72371703105182e-08,1.7376142565834e-07,-2.65260111704971e-08,-1.41370451142957e-08,-4.73276297026433e-09,-2.54327442397918e-09,-9.13797000545478e-08,2.64462489930301e-09,2.84255020467597e-08,0.000210507968788007,5.12591807355343e-09,5.18216230234434e-08,1.80944521163551e-17,-2.11689959079648e-08,9.95109533300757e-09,6.45301398230167e-08,-6.51494530196332e-09,1.35853523120736e-16,-6.32752423396567e-09,8.1652628467193e-09,-2.82728256633807e-09,-2.51282209909406e-09,-6.35478690788118e-09,4.68831746962992e-08,-8.90155857438429e-08,1.22888323762054e-08,1.74276909671997e-16,4.44096125627707e-08,-5.92003212631113e-08,2.61965118619684e-07,5.46469164686499e-08,-5.55274468781216e-09,-3.72584729023356e-11,1.21430643318376e-17,3.05166381551165e-16,-3.58623966826749e-11,-3.18244304780859e-08,4.1941650765433e-09,-6.05799708895874e-09,-1.32431599127783e-16,-2.86219743634027e-09,-3.37295292089079e-11,-2.46691912627794e-16,-1.32962957910063e-17,-1.26873024158586e-16,7.10459340187395e-09,2.09369339963582e-08,-3.02082242602057e-08,1.78612660758814e-08,8.91006106312638e-09,2.03649975193607e-08,-1.12936461943395e-05,-1.46691046380881e-18,-4.39987703815879e-08,3.27933191967288e-08,-1.11465163446218e-16,2.25422314659972e-16,-1.07122404791712e-06,-1.56887598345599e-12,-1.19369785024806e-08,9.29715844765225e-09,1.16579958916428e-08,-6.26342796965761e-10,1.05838292363384e-16,-2.10312311736324e-09,1.54862524672764e-17,-7.13554308794145e-09,-3.7938944520699e-16,-1.2929351998153e-08,2.94091227907517e-17,1.00659707583544e-08,1.39128424518123e-08,8.23613471173106e-10,1.08045796464488e-08,5.92370821309933e-08,-4.25394768361509e-09,4.28795574255754e-08,1.3418911966497e-09,6.52803720962e-09,6.03456843059696e-10,9.62768402468691e-09,-6.63110828295392e-05,-5.81758213341954e-09,-4.87735179976835e-10,-1.17733732090817e-08,-2.97633611837912e-17,5.65690798197912e-06,-3.85763555394468e-06,1.7822389906861e-09,2.10785555836128e-15,2.35092191608805e-10,6.3785476748491e-09,2.34724627524948e-08,-1.30987729613263e-17,-7.70251038512018e-06,-2.81077895019677e-09,-3.77940991418174e-16,-3.71544004282404e-09,5.68924572507614e-08,-1.50645888452177e-16,3.21463785796752e-16,-5.50148724562791e-06,-1.61411972605507e-09,-9.32801027933145e-12,-1.32709834971536e-08,7.85844673343197e-09,0.000448601476741585,-8.3491556081318e-11,9.4032882291525e-09,-1.62602500783453e-08,-2.48336507607805e-16,3.69203889510875e-10,2.30392321276052e-11,6.34522045226942e-11,5.91907888731574e-09,-1.17717276929512e-17,7.77086146382936e-17,1.93637552065561e-09,-1.82499149719562e-16,-3.12510102543763e-16,1.15877728544458e-08,-1.28344929351969e-08,-2.62498691887959e-08,-1.40806837573358e-10,6.43606139134762e-07,4.43505174590827e-09,3.80788109288891e-10,-3.04778278657676e-16,9.04887323458774e-10,4.17306001439745e-11,1.9067188885712e-10,-6.82870753400369e-07,7.80847690547565e-08,2.39542229438143e-17,4.11395423772802e-16,-9.61684374670402e-17,-5.70402472293862e-10,-2.93556344254911e-09,-1.54066628027177e-09,5.00391569025613e-16,-5.59707477510876e-05,-3.5387357751341e-17,-2.66886939726757e-16,2.51444089534143e-08,-5.50436743790634e-10,-1.28477957439532e-16,-1.2881261936864e-09,-1.08432230191107e-05,-2.09707091908739e-16,1.64081279860023e-09,6.96347821021454e-17,3.82452100294751e-10,1.63789988257421e-16,3.76222942200249e-10,3.22073347893058e-09,4.14638673391197e-08,1.06297024375625e-10,6.99055328826022e-10,-2.00610542999517e-09,5.4994678343248e-10,-1.22015110611167e-17,9.70574356650603e-09,-7.18672852974757e-10,5.68787124620032e-16,-4.19949487479584e-11,-2.87919010296112e-11,-9.43446802890071e-11,3.62661204947521e-16,-2.8159797874294e-10,-5.93951047443723e-07,-8.31026535206986e-17,1.27134002466488e-09,3.06466917464056e-10,9.3890407808489e-06,-5.13861850702341e-16,-3.25130274111206e-17,-5.85870968244721e-10,-2.09532267406195e-10,-1.74648597577683e-11,3.29259213896876e-09,-2.324592775337e-10,1.09425819703096e-16,-7.31887815010238e-16,-8.90450388205473e-10,-6.17506420258706e-12,-2.15451722226227e-16,-2.34136373570167e-09,-6.86359556001638e-17,-1.43791036673059e-08,5.30898296191724e-10,3.12290561528252e-10,2.12546902776613e-09,4.96743587033549e-15,1.49993641260939e-16,1.35237718227716e-16,6.23376405675742e-16,5.8018526603177e-05,5.13919117741576e-09,6.16277566726039e-16,-3.96656146158684e-18,6.82873241845562e-16,-1.24218767071753e-08,-7.21226839537191e-11,6.80388813274768e-09,-1.68129257283206e-16,1.73798285875784e-15,-9.29933755867973e-16,3.36750381408562e-08,-1.14664100834199e-08,1.1225130082799e-15,-1.38556401492183e-09,1.93014244791719e-06,-9.05769898709251e-17,-3.7943203839818e-19,4.07859760713209e-09,4.20806790283178e-11,2.14135616412533e-09,1.32618882405485e-16,-2.62415344803472e-09,-4.0062664459838e-09,-4.59243076142447e-09,4.58582210174514e-09,1.67426355030193e-08,-1.49409833487232e-09,-2.07495553573406e-16,-3.48593156980613e-17,-5.20392111297512e-16,-3.73885706228271e-08,5.40988984115199e-08,1.92023837948389e-09,1.83266582678201e-09,-4.698280248362e-16,6.20702975372397e-16,-5.14004452573265e-16,2.68694864720832e-17,6.25623124062304e-16,-2.82412581073108e-07,2.50578178276658e-16,-9.65576774180872e-16,1.93800045941627e-09,1.28447668543753e-15,1.74372082585337e-09,-1.05715481779357e-16,2.18056107238043e-09,5.84069054521372e-16,3.1475409350463e-09,4.118809175009e-10,2.78991424810849e-07,-1.00688065217837e-15,-1.55464197681202e-08,2.83191405533577e-16,-2.75601021534864e-08,1.79214786435597e-06,-3.89748619184361e-10,-2.50145810711281e-15,-6.8197975719254e-08,3.3954537104566e-16,2.39574385870861e-08,1.3805094372461e-07,-1.21971131294561e-15,-1.7712058294632e-15,5.17388556976488e-15,4.19526170896028e-13,7.05851181761341e-10,1.06202963707409e-08,2.88612295008357e-09,5.29194450521779e-14,4.69374911377151e-14,0.876893136688859,4.00196978730433e-05,4.83943670575262e-14,7.03483644264997e-15,-1.09345514254314e-08,4.96482690494616e-15,-6.4760190778321e-08,3.63448672943781e-15,4.1840196625683e-07,1.45709967256513e-15,-5.33504667666602e-15,1.41976639373788e-15,-1.12892376822259e-14,-3.15784253362939e-15,-1.68548836600126e-15,3.47646735427689e-08,-2.4199699556508e-07,-1.06314493600199e-15,-2.07011808948675e-08,7.53861449885453e-08,3.54553492178466e-16,1.28924591488562e-16,-2.8642293040512e-16,-5.72731268575273e-17,6.31103100143617e-09,9.76129501339678e-10,-2.60465182235906e-15,-4.86941458548346e-16,-1.07011898497475e-08,-3.80080089140565e-08,-0.000141058276868605,1.16485748227299e-15,4.58641773652489e-16,-4.82756554200531e-16,2.21228942163493e-15,1.58296093759977e-16,7.652970088132e-16,1.79780950255651e-08,-1.67271771289521e-08,-3.16562062801552e-09,2.80582260029914e-16,7.55683354687569e-16,3.21753589525651e-16,2.14130132128639e-15,-3.28240939068346e-16,1.15424941811706e-15,1.6173661403243e-15,1.12316401779127e-15,9.17056106448395e-17,2.00369483052048e-16,-1.99750155269296e-16,2.06447264876572e-16,-1.19616669373522e-15,2.26354891862888e-16,9.62421790074063e-09,4.58097445983271e-15,-1.0354109231912e-15,-1.45693710510224e-13,2.1148673314395e-07,-2.3055422472841e-10,-2.00208315948937e-16,-3.4026386356593e-09,1.86351056153334e-07,1.60243479256305e-16,1.21736704298855e-16,-3.16540868102624e-08,-9.99427107376857e-17,4.27715056152237e-09,2.66645930722216e-16,1.02178531161537e-16,4.40367831980219e-17,4.65661426133893e-16,3.60951766169541e-10,-4.93950688393168e-08,-1.95917132034774e-16,-5.2808719540594e-16,-2.07093844536296e-16,-1.29735058233553e-16,-1.17232070405426e-15,2.91731135858205e-16,-2.2449062176803e-16,-2.4873704966025e-16,3.53021354426189e-09,-2.32564774271519e-16,9.07900446052588e-17,-9.2676734031156e-17,2.80991549785447e-16,4.14065722041695e-16,-4.14830182843539e-16,-9.81923823350103e-09,1.42827264976557e-17,2.5532427609029e-16,7.28655176300526e-09,4.24792676934838e-16,-1.29354037460534e-16,2.95101305918884e-18,3.07106689582783e-16,2.02076728363504e-06,1.61494229259665e-16,-4.22530646251316e-09,-5.37399539860118e-16,1.28321028809249e-16,4.22154989953616e-16,-1.19808384641971e-15,-8.4553096599156e-17,-2.36860596950484e-16,1.5023441508698e-10,-5.59032787202867e-16,9.77148058800693e-17,5.78286685549026e-09,-1.85256491575076e-08,6.22198304524349e-17,1.28550131740573e-08,1.877411699321e-09,2.29750254315867e-16,3.45504473378293e-16,-5.83179973954361e-16,7.26907072654513e-15,4.04859627702994e-16,-3.06210645923947e-09,4.10323048010966e-16,-9.00747395453243e-17,-8.233297764372e-17,1.23183355262014e-09,1.86740829620341e-16,-8.00673956748605e-16,-4.45027364221479e-16,2.93041125597256e-16,-6.29647150942759e-10,-9.6582442754205e-15,0.0363135616756197,2.14281217726614e-16,1.97704157817446e-15,-5.47326014741526e-16,-2.97999015923679e-16,-2.62449883351011e-17,1.03709897018593e-18,3.5334648397351e-18,-1.79511643076466e-08,4.54119093862047e-16,-8.0704053450605e-16,1.202166978614e-08,-1.2464618484168e-16,-3.90419817794196e-17,-4.19626064900377e-16,-7.63760500710671e-18,-5.10450401573493e-17,-1.05033681454979e-16,-7.91148706440147e-09,-1.84267971594604e-16,-3.40409681008364e-16,2.57315802476715e-08,-4.39119502666287e-16,2.47525326498095e-16,-2.46835425382982e-16,-9.85900161289583e-17,-2.28280307927153e-16,1.21346415112635e-16,-5.11949152774109e-18,3.45222337323261e-16,-6.00355831741011e-16,3.31774903222755e-16,-1.14816732706432e-16,-1.32545260154966e-08,2.75905986677615e-08,-2.97724238439923e-16,-4.47518502431815e-16,5.35947578544131e-16,1.96703931068481e-16,-2.01661604082304e-16,-8.83647895862052e-17,2.64056389614528e-16,2.1739302088337e-17,-3.42383839358065e-10,2.3177475445007e-17,5.78108698475505e-16,4.99905347138624e-18,-9.47170913977022e-17,4.34005933642288e-10,1.06290587186341e-16,-4.69460240038107e-10,-3.34050748413529e-17,-5.46696441012439e-17,3.45815604291514e-17,1.69981719579941e-17,-3.43070776753524e-16,-3.8815229851675e-17,-1.22578992815615e-16,-4.85810440993508e-16,2.60013341233592e-16,4.70017073019173e-17,-2.94369383714414e-16,7.3727673597449e-17,-3.65794180901497e-18,1.50922172245476e-18,-2.00484851866728e-18,1.17259629535073e-16,-4.76381929615736e-17,-7.51940321062784e-17,-2.55995245992833e-17,-3.85700715404728e-17,-1.87675396057241e-16,-3.84327963320151e-17,-1.31164307193262e-16,8.99632785845833e-17,1.67914361108151e-16,3.11804784143502e-11,-2.69969787686751e-16,-7.43343033334911e-17,9.15911501811888e-17,-2.49600081495419e-16,-6.80897235312219e-17,1.28327225111959e-17,9.47235456317221e-17,-2.83856631121785e-16,7.05921204737234e-17,8.54121993217945e-18,-4.90601483049691e-17,-8.36694409021699e-18,1.52300570318583e-16,-2.00058084648144e-16,5.77220081714032e-17,3.54078602899622e-17,1.83934776406872e-16,-3.92316813032104e-10,9.51424499557992e-17,-2.05851025237989e-17,2.78888811771069e-16,3.39995668196103e-16,2.42790614198367e-16,1.52997478880807e-18,-3.82898629075064e-17,-5.48857926587684e-17,3.24468790204338e-18,8.13839714833167e-11,-1.94603687469617e-16,2.19898939900202e-17,-4.36674504937428e-18,2.86723035397069e-17,2.04879939645642e-17,1.07678100975906e-16,2.6564393829474e-18,-1.36241479911113e-16,6.48494840841799e-17,-5.44248582717615e-17,-8.89002528816503e-18,3.12743526153214e-16,6.88909521398081e-16,4.02784184772315e-10,2.34154955109127e-16,-1.90690404960628e-17,3.06207476109191e-19,-5.53756259596971e-16,-1.20232779172967e-09,-1.03166620050298e-16,-1.38928999752655e-16,1.50648880956029e-16,7.18939232465556e-17,-3.19001441971207e-17,7.8529419073056e-17,1.52146696716221e-16,3.57424409905719e-17,-5.18837111825075e-17,-2.0539849612759e-16,6.82558253041837e-17,1.08571944433385e-16,8.16192419793998e-17,-4.21839325768174e-17,3.08770114971417e-17,5.01018290512265e-17,-2.19452721005449e-16
"t723",-0.0492057973306304,-0.0846052828519569,0.029997019979979,0.0444452142949086,0.00382860630306747,-0.00181318296170462,0.0102437926593915,0.000196570421556548,9.08844545380803e-05,-0.000408369081540563,-0.000251563947617559,0.0256406829851336,-0.046793711453716,0.00866565352473032,0.00789728782135351,0.0115008839912737,0.00120034169331704,-0.0726689285906536,-8.11450263859417e-05,-2.92445520772592e-05,0.000351370367614554,0.000156404628567632,-0.000887604770309093,0.0179774835278261,-0.054410666930098,-0.000121030034772262,0.000130079223917344,-0.000112985273368955,0.001647625999805,9.63524404295015e-06,-7.16372793657531e-07,2.09508050965371e-06,-0.00150463889796135,-1.10047204152271e-05,-1.21247096950847e-06,-1.87788687661412e-05,-0.0347095902952812,-4.19835652541647e-06,-2.32914000059117e-05,-3.65381263904832e-06,-9.34149495041872e-05,7.17725865915744e-06,-7.27780980174715e-05,4.27463645432618e-06,-0.000123109026843449,-1.68999845131424e-06,0.0673174695120919,0.000183917384115148,-6.86564385087482e-06,8.43985269912948e-06,-6.42442258440453e-05,2.76250942681985e-06,-3.78538910378236e-09,6.95030320776004e-06,-2.40745462228201e-07,2.35130269755881e-06,-6.50510251621443e-09,-5.51831350462767e-07,2.23624851691615e-07,-9.02227455807301e-07,-1.09412701265808e-06,1.87837763199769e-07,-6.54543155218377e-06,3.53338410268391e-06,-2.74185533348228e-07,1.10792754707293e-05,-4.11097853264218e-08,1.37368514048996e-06,-3.60356122136193e-06,1.26674441011075e-06,3.52533029736693e-05,-3.58721136076765e-05,2.86519244636858e-06,0.108313108112337,0.153342091631389,1.22466795474714e-07,-0.000637483640787722,7.96070051743069e-06,-2.06181563092884e-05,-2.33647208378625e-05,6.94758458754108e-06,0.000105489786716431,-1.62088696764947e-05,-0.000113916204599329,2.05886792834004e-05,0.0117825638889198,0.000930518071725867,1.20960878414097e-05,3.6947967017483e-06,-0.000824771367228944,1.3328609604454e-05,-7.68429316639046e-07,-6.50366301389742e-06,0.000990371414645527,6.05411774888045e-08,-2.3868219967517e-06,-0.000511086218635828,-8.85907659584197e-06,1.2167594382838e-05,2.07241306822627e-06,4.01294874526342e-07,-0.00304897866939783,1.5131583697011e-08,2.36759751679339e-06,-2.47950506836664e-06,0.121034274605786,8.177376481359e-05,-2.82346684004736e-05,7.40487340855737e-06,-1.29421700121666e-06,-5.26059858532318e-06,-8.68516414454541e-06,1.41488334865157e-05,-7.47203220627126e-06,3.51656961726245e-08,-1.16325925779124e-06,1.61857880914835e-06,-1.49070168957646e-06,1.35212897012809e-06,-3.10562393132141e-06,1.12289020097305e-05,-2.4987624127527e-06,2.32931642483949e-06,6.40018607584387e-06,-2.08533372321412e-06,2.06345251898448e-05,-2.10762650746299e-06,7.36030515336114e-07,-1.04340379586677e-05,-0.000389791733266659,0.0501988169727929,7.95644408022188e-06,-0.00245380765328369,1.16839427347737e-06,-1.68026171764829e-08,-5.36059752486674e-08,1.08495571433088e-11,1.77934705327687e-08,7.10112981382335e-09,-2.2042564676811e-08,-2.06613387512016e-09,-9.3710611215458e-08,2.28077821823827e-08,1.56874947943268e-09,4.95397937965455e-09,-4.81860964158821e-10,-3.95454787790404e-08,8.83973039586855e-09,6.24839038356584e-10,-1.80242047629579e-09,-2.83363913978606e-07,-8.91939542354159e-09,-1.9728224889924e-07,7.65015139089556e-08,-3.04109988678845e-08,-2.78334153818754e-09,4.32689942217836e-08,-0.000411494561766513,1.83792618085393e-08,4.74510113344812e-09,-2.91603138442279e-05,-4.00351857094053e-08,1.50825023488165e-09,1.31250645794095e-07,5.87167036245842e-08,-5.65291242615255e-07,8.27082664256771e-08,1.42286778951379e-09,7.08584825753438e-08,9.64743922515308e-08,-1.82549039747177e-06,-1.81396818594579e-07,2.26427141532424e-08,8.07761899571992e-09,2.16936095116619e-07,2.99837008752795e-09,1.88828423955126e-08,-6.50693902455678e-08,-1.49885434389309e-08,-2.22905553401862e-07,-4.41194002720787e-08,-2.95819084904302e-06,6.81620406771275e-08,0.00192562597057103,1.96469544418375e-08,0.0703327096898364,-5.04230330539017e-06,2.16512373488527e-07,9.58671257478814e-07,-7.43910668656983e-06,-1.76485720822657e-08,2.49618977672104e-08,6.98186781758578e-08,-0.337929220097852,3.90534502287397e-08,-3.79486487116522e-08,-6.83916899886699e-08,-3.35735136325396e-07,3.89389771003903e-08,1.59400442215537e-08,1.5891818216386e-08,2.63651959310865e-06,-4.31008156967494e-10,-0.000155715308243591,2.84920897273823e-07,-3.3321877817485e-06,6.99119007588687e-08,2.65376968806418e-06,-5.57636266271424e-07,-0.00749709813827496,-2.29415779792949e-06,8.27487708254162e-06,-4.7799509232602e-05,-1.43546852304323e-07,-9.17386606811152e-08,-1.23731721164203e-07,1.97437835107983e-07,1.72634169853898e-08,-3.25416556003446e-08,-1.64456516443825e-07,-9.01274179718495e-07,7.45659439526102e-06,2.89252153109428e-07,9.41143074305027e-07,-2.4442792244638e-07,-1.25538906760407e-07,-1.32595916819047e-06,-9.39377400657963e-08,-1.4970690131921e-07,-1.21331130496142e-07,2.60259488552364e-06,8.67657594560807e-07,4.20683266192996e-08,7.05456321663846e-08,-3.81899905280744e-09,-6.36581047759042e-08,-3.36889500336982e-07,3.46919854850698e-16,-5.22655348029162e-08,3.95502816713544e-06,-1.18031847928062e-07,-2.23674697728908e-06,-3.76160489752757e-07,4.51018354722732e-07,-8.13721597446269e-08,3.01589059347914e-06,-6.94419193780712e-09,4.80133114092212e-10,-1.27552284271337e-06,1.24919600798835e-06,-4.07040037056407e-08,5.66164951157328e-06,-2.90535367969015e-07,2.38018943881793e-07,-3.24246442333126e-08,0.181295825612275,0.0228133222520261,8.18629210442455e-06,-8.8894272657575e-08,1.38039652287307e-08,-2.10336962132136e-07,3.58993045211136e-08,-3.41561997774994e-06,2.17368562161627e-06,-7.94901286711855e-09,2.46742784611243e-09,0.513473581790505,-6.80190950977652e-05,0.00255937852725923,-4.83319101682766e-09,-2.20706245757271e-09,4.12198281578872e-09,-5.48270339726162e-07,8.18190009906983e-08,-1.3841048888672e-08,2.2645182699633e-07,-3.54761264780856e-08,-3.24403747227303e-07,2.02023907779423e-08,-1.44421591908574e-08,5.56090640832535e-09,2.87833701120122e-16,-1.89289618627882e-08,-6.70602477169503e-10,-1.68281330682482e-09,-4.03922010116208e-06,1.42119062403728e-09,-9.2715762775621e-10,-2.21913430137285e-08,3.16668507224596e-09,-2.55223188267414e-08,6.70585868787303e-08,2.57893930092275e-09,-2.58775420490397e-09,3.41118624501862e-08,-4.19253638778139e-08,3.62821878911058e-06,-2.27746320523149e-08,2.72881887249804e-07,1.36884520825474e-09,1.18097764988229e-08,6.12086870873775e-08,-5.81618931546261e-07,0.000886213383690524,-4.67072546174265e-08,6.54939781678418e-08,-2.39226573182743e-07,1.56266764093003e-08,1.41480389254142e-08,1.08306716686842e-07,-2.91968892270364e-07,-1.47913332721042e-08,1.94337434017939e-07,-8.01660358961332e-08,1.98803350848243e-09,1.86012533419322e-08,-3.65689147910616e-08,4.69224651616792e-17,1.2767785998477e-10,2.84656544966742e-05,-4.71170043636984e-08,3.47743636432458e-08,4.97800361279132e-08,9.24232753503423e-09,2.2010005649448e-08,-3.32243285441106e-07,1.33492787312358e-07,-4.87089557827833e-18,-1.7350672042805e-07,-2.62413565030569e-09,-4.77824357984436e-08,0.00529442304675596,2.61968629256089e-09,-5.73975112456807e-10,-3.12439434691381e-08,9.26277667635417e-09,-5.52291169185248e-07,6.94507674351262e-08,-1.4477915250521e-08,-2.65022892849224e-08,-1.41122032733425e-09,-1.41147771956182e-09,-2.69799099587457e-08,6.08725751568279e-06,-2.92084382373846e-08,1.28915627072812e-16,-6.16555677613392e-07,4.86386631965438e-08,2.23875441757197e-09,1.24441198149881e-08,-5.84724160793735e-08,-1.25483591837061e-07,7.6488777256931e-07,-5.95825437251791e-06,-1.05046757788046e-08,1.06816433761867e-16,-1.9956565712749e-08,-1.23414071654464e-05,-2.52360477436705e-08,1.70269626208542e-16,4.79946899169266e-08,4.8386517906443e-07,-7.38697048872806e-08,-3.93734064900884e-08,-1.31840090757522e-08,-7.08592078007624e-09,-2.54630206586109e-07,7.37234216058366e-09,7.92450600423031e-08,0.000587041339437377,1.43031241016467e-08,1.44605278696789e-07,-5.19040682027647e-18,-5.91500440245836e-08,2.78122646862672e-08,1.80460313247233e-07,-1.82364499634963e-08,3.57580208076935e-18,-1.77521459736762e-08,2.29752535152276e-08,-7.96685927885197e-09,-7.08571615609399e-09,-1.79348230501444e-08,1.32536223231933e-07,-2.52364928973071e-07,3.51187047250196e-08,6.84212445722663e-18,1.27939850504135e-07,-1.70677841906567e-07,7.56455230134125e-07,1.58153900192231e-07,-1.60730313233677e-08,-1.07918260973138e-10,9.62771529167128e-17,3.64419039158653e-17,-1.04274691141109e-10,-9.28494784021157e-08,1.22420429996382e-08,-1.77388444075114e-08,-6.98923014691994e-17,-8.44260665238814e-09,-9.98306315604696e-11,-6.47493595820937e-17,-1.92144395465715e-17,2.88758196916585e-18,2.12647095640597e-08,6.27597614683957e-08,-9.10286214845916e-08,5.40704695633867e-08,2.69876959952468e-08,6.19959419850407e-08,-3.44009219220642e-05,-1.60440615386497e-17,-1.35464228214118e-07,1.01360520687926e-07,-1.57354188711892e-16,-9.76831980448475e-17,-3.36464558302197e-06,-4.94741639921917e-12,-3.7854384045479e-08,2.95947426330611e-08,3.73856968833362e-08,-2.01104537369905e-09,1.05582539021509e-16,-6.76396033319275e-09,-9.22962517371185e-17,-2.30611225888395e-08,-1.17988301420735e-16,-4.19386362759972e-08,-1.43741264211858e-16,3.28048941410408e-08,4.53854445471451e-08,2.72199817452049e-09,3.58106813745561e-08,1.96571250010537e-07,-1.41909862632066e-08,1.4371263693762e-07,4.54760185370876e-09,2.21254071046073e-08,2.05244464820406e-09,3.29585371872716e-08,-0.000229032556884934,-2.02481526870411e-08,-1.70806163690311e-09,-4.1357509248131e-08,1.00832381043779e-16,2.00651031545851e-05,-1.38148743792044e-05,6.56766933477428e-09,8.01038150098188e-15,8.73903285798871e-10,2.40334094799709e-08,8.89651455531337e-08,8.40672979115869e-19,-2.92839738133112e-05,-1.08200810350453e-08,1.38682718847382e-16,-1.43925659386182e-08,2.2935282348854e-07,-2.27921637316134e-17,-1.05803089948598e-16,-2.25517903074904e-05,-6.6267669958934e-09,-3.85753934510964e-11,-5.53579425201194e-08,3.34511965024506e-08,0.00191300109015904,-3.56949942849242e-10,4.13749771202688e-08,-7.33497758443854e-08,-2.14834660478003e-16,1.68182686378313e-09,1.05129245436192e-10,2.91281438086995e-10,2.73720169149569e-08,2.49846008536258e-16,-4.74546219785456e-18,9.0466876552222e-09,-8.77116352035815e-17,2.84656363338673e-16,5.80556851295372e-08,-6.51522844543504e-08,-1.3329059187409e-07,-7.36741350932685e-10,3.38169180285577e-06,2.33240722904188e-08,2.01435542996183e-09,2.68009743360286e-16,5.11751038450059e-09,2.3966812451223e-10,1.10077506722933e-09,-4.0485771748803e-06,4.87725215153095e-07,1.96115879489599e-16,-9.05740274807902e-17,8.11061889847912e-17,-3.87765048871823e-09,-2.07871131275189e-08,-1.09448542725111e-08,2.22561273367991e-16,-0.000414841535389707,9.46693220578654e-17,-1.1248045483409e-16,2.34570459572247e-07,-5.15279177488215e-09,2.11311003417425e-16,-1.29518700033952e-08,-0.000114075530285363,-3.72592281002955e-16,1.91281618139072e-08,-2.40948827307081e-16,5.16094609091858e-09,-3.41068301768005e-16,5.15178272577575e-09,4.46149002254606e-08,5.82036908704078e-07,1.52050681176406e-09,1.04509321646673e-08,-3.63433794600091e-08,1.45085476299205e-08,3.48365814968151e-17,6.63671986629442e-07,-5.98138379219857e-08,-4.37616640806383e-18,-4.93946158844865e-09,-1.45087131484055e-08,2.34401487913062e-08,1.21712703697238e-17,1.10275086407299e-08,1.98026160758856e-05,-8.85080626214458e-17,-3.52895435424051e-08,-7.84866537560178e-09,-0.000185773006206292,-5.85465313297409e-17,1.66096178694526e-16,7.361971086656e-09,2.2574396544037e-09,1.82685491359329e-10,-2.04598724039373e-08,1.34520003206567e-09,-2.35456831912162e-16,-1.63768610422646e-17,4.91337910440336e-09,3.38696948497618e-11,-1.30966348133748e-16,1.18847131982147e-08,1.02289417715743e-18,6.7901499237343e-08,-2.27895010188255e-09,-1.33169300626502e-09,-8.832010301487e-09,-1.94352752483131e-14,6.24964615286757e-17,-8.28875167200521e-17,-2.18621737419273e-15,-0.000193056716979082,-1.68037954989379e-08,2.57842079848769e-17,-1.6211176779015e-16,3.27987000701235e-18,3.81519144801657e-08,2.15662904336773e-10,-1.89343282399771e-08,1.06592152649581e-16,-3.23078694873524e-16,3.17766104228345e-16,-7.39568104551516e-08,2.49816825335125e-08,2.05075592468905e-16,2.75811434741158e-09,-3.70532568942304e-06,-1.49587108482066e-16,8.26308769224267e-17,-7.1893157632527e-09,-7.36697958177402e-11,-3.56550284050216e-09,1.10541212130557e-16,4.01731503130217e-09,5.85456593981734e-09,6.28788869260852e-09,-5.73928775283447e-09,-2.04503455828973e-08,1.74319305712495e-09,2.28305195873031e-16,2.94790958275068e-16,-2.12835039111383e-16,3.32719591566182e-08,-4.79350413524586e-08,-1.64109686778603e-09,-1.29519422708508e-09,-2.76080776128492e-17,-2.71402215756391e-17,-4.40302521261416e-17,-2.3802052845981e-17,2.04761888693282e-16,1.6069157654546e-07,-2.53892675321549e-18,3.21786998468925e-16,-1.00622031526799e-09,-6.62137777564779e-17,-9.00823868991701e-10,1.35021144894561e-17,-1.11699783570099e-09,-3.69494672381038e-16,-1.35743414455034e-09,-1.70042857160834e-10,-1.07491849965349e-07,-2.36355322131937e-16,5.47731440540772e-09,6.79804705258195e-17,7.81483976386981e-09,-3.5943789240293e-07,7.68240925285944e-11,2.10445169103566e-16,1.1291947304995e-08,-1.34993484675936e-16,-2.82120386363912e-09,-1.59415925642588e-08,2.40620442240567e-16,-8.10329103201293e-17,2.71461422072419e-16,-3.35736041252168e-14,-5.50046933562601e-11,-7.24939581326393e-10,-1.64982248830113e-10,-5.48035715468564e-16,-4.5267226415624e-17,-0.00522543090522151,-1.50219926191167e-07,-6.00920841983598e-16,-8.5511924041066e-17,-6.10325671614292e-10,1.19333492474048e-16,-4.40274658089775e-09,-2.6349793614219e-16,4.27639720098883e-08,-3.34418879424987e-17,-7.69401687032574e-17,9.02711944462795e-18,3.77147968826952e-16,8.58683565671721e-17,-2.04113306082549e-16,5.81671565222603e-09,-4.06875127199525e-08,-1.66471712171685e-16,-3.92396430302978e-09,1.49510505588271e-08,-1.5600485950298e-16,1.75186885968827e-16,4.21408670010157e-18,-4.94889169975477e-16,1.48273421419917e-09,2.37412699755747e-10,2.62191121295308e-18,7.21511411404276e-17,-2.70015668782462e-09,-9.63500270005297e-09,-3.63161666896735e-05,-6.379929010491e-17,4.11645941746224e-16,-8.42794421199527e-17,-4.79606431083852e-17,7.88323885683782e-17,2.32807452409405e-16,5.72891448962896e-09,-5.42140391417351e-09,-1.04298373813133e-09,6.02250168027603e-17,2.55268585155421e-16,-5.69681942313185e-17,2.12582725907357e-16,2.71100487472749e-16,-3.99527407205253e-16,-6.40856480465743e-17,-7.64087028637313e-17,-1.46762431759045e-16,1.56166185855981e-16,-3.76895630675823e-16,-8.96122492560689e-18,-2.3693843163234e-16,1.32492963705047e-16,3.98063656213005e-09,1.80173674929787e-15,8.28778575782279e-17,-6.17002342159202e-14,8.96588919105258e-08,-9.82863719244131e-11,-4.08877191983733e-16,-1.45553178173516e-09,8.20213151962893e-08,3.3440967140165e-16,3.46997460118706e-17,-1.44088787201277e-08,-4.80530875916125e-16,2.02352570161103e-09,-8.75467380517929e-17,-1.06463626829764e-16,-8.03976605119474e-17,-8.08827721099225e-18,1.80540710772245e-10,-2.47947277350654e-08,1.10615810780616e-17,-2.18646106113359e-16,3.80748643492909e-16,6.37623159198621e-16,-3.20435952078091e-16,-1.65338794366921e-16,1.44580765574341e-16,1.60355860121206e-17,2.07101827135759e-09,-2.12659070290703e-16,-3.28453909003538e-17,-2.58408415905579e-16,6.41461222728896e-16,4.63553005426465e-16,-1.06929180066974e-16,-5.9214932752131e-09,3.1811502736328e-17,7.70402545278917e-16,4.41565220337944e-09,7.84055271940898e-17,4.3968592875703e-16,3.61091599399788e-16,-1.09089562755331e-15,1.29123851575184e-06,-9.25135121782406e-17,-2.72344115523233e-09,-1.04719323023439e-16,5.04460462419735e-16,4.3739133933445e-16,5.44450649759317e-16,-7.56217270168441e-17,-8.54820803119716e-16,9.84879754222167e-11,-3.61651771288297e-18,-7.97880507667343e-17,3.83771721450842e-09,-1.23016564628375e-08,-1.12056948066794e-16,8.62140190080962e-09,1.2628888095471e-09,1.53522796727212e-16,6.682260993709e-16,5.45628893810194e-16,5.55770419103418e-15,-7.26455825234861e-16,-2.12580344489916e-09,1.23908262915921e-15,-1.71935624121817e-15,6.91453306041112e-16,8.51657396602478e-10,-1.38097597749714e-15,-7.23330655708234e-18,6.47043900490487e-16,8.69674316559294e-16,-3.88970249525816e-10,-4.02770835652438e-16,0.000334223929789188,-4.07519545458621e-16,7.70777528568707e-16,4.48861611786371e-16,-3.90891790196801e-16,-2.35829568759092e-15,9.42103171646089e-16,-4.33382971469248e-16,-1.39895756139182e-08,-1.14350165899387e-15,2.07181601052449e-15,9.35100326030114e-09,3.0723732871594e-15,1.74801484272939e-15,-6.47518784244689e-16,-1.66538494764563e-15,-1.31548279725142e-15,9.5688463918287e-16,-6.18569417664917e-09,3.06910497432559e-15,-1.68225977999241e-15,2.02080869216585e-08,3.70654945363684e-16,4.61216452838363e-16,1.47853027024669e-15,-5.11560969725307e-16,-5.81460070685561e-16,-2.73453090839187e-15,-4.57885464782942e-15,6.91617233072306e-16,-5.42120039548486e-16,-1.0514419295901e-15,-3.12855945190515e-15,-1.0614174139506e-08,2.21488964965594e-08,9.28693119862852e-16,1.03696843153294e-13,0.707106781186547,-1.7041521083865e-14,-1.13841228110978e-17,-1.36911417606445e-14,-1.66139830624979e-15,1.94304894910016e-14,-2.78420327958041e-10,8.32795102478275e-15,-4.92430582504078e-15,-2.7530172066976e-15,-3.15799900897596e-15,3.56770028333423e-10,-6.6180808098668e-16,-3.9056428673989e-10,6.77055779794462e-16,1.14404051886585e-15,2.07172539268946e-15,-6.06309287124458e-16,-5.58658193182671e-16,1.22545729438405e-15,-2.04066130735729e-16,3.35956034183918e-15,-5.02221541619397e-16,5.80477065684778e-16,-9.87027220407729e-16,-3.13288521393959e-16,-4.95714205158503e-16,-5.63204922670901e-17,-4.5247010470613e-16,-6.49327989335582e-16,-5.2143896299127e-16,-4.8635201908277e-16,2.56086102084738e-16,2.85494340749009e-16,6.99093560818653e-16,4.39421448299154e-16,4.40993934956303e-16,4.68313263252697e-16,1.21215462394159e-16,2.70304045879708e-11,3.33133372731677e-16,1.04000435507483e-16,1.87479452571342e-16,1.12574547747795e-15,-3.4253713973486e-16,-8.62437941118471e-16,-4.50946727160106e-16,-1.2157768592851e-16,2.75047490312141e-16,2.78615438207316e-16,-8.88449470243247e-16,5.58307429831084e-16,-3.26224471984687e-16,7.77988751473857e-16,-6.81506328054584e-16,-5.99509541570824e-16,-2.7040434223813e-16,-3.48717942104756e-10,1.28969603709243e-15,3.32651724707467e-16,-1.21748889227575e-16,-3.93522847599626e-17,-4.62239851786574e-18,-1.01336740883395e-16,-1.60801091222278e-16,3.97338766813167e-16,-5.70926765400798e-16,7.40698168371923e-11,4.57929915823287e-16,2.44769012868655e-16,4.33322959417518e-17,1.11876108948742e-16,-3.22991622283585e-16,-1.93039915908185e-16,1.54657819230305e-16,3.54652879218461e-17,2.39113963573993e-16,-2.88876971559438e-17,1.18725780806235e-16,8.34081164533907e-18,-6.89142653362355e-17,3.74636275261796e-10,-1.25022243404035e-16,6.03144056734046e-18,-8.8834467029752e-17,-5.0708135607147e-16,-1.12896737137105e-09,-2.67110949222927e-17,-2.5064247666354e-17,1.39485555294459e-16,1.58561419052979e-16,-1.00123596323258e-16,-1.74394051394127e-16,3.29815851212491e-16,7.78371731243549e-17,-5.7758925437027e-17,-2.77285244307318e-17,3.80928216014787e-17,2.43416638050106e-17,-6.04768871012518e-17,-4.91207715840464e-17,-5.20485446250768e-17,-3.07255612435041e-17,-2.16128172432906e-16
"t724",-0.0492057973306304,-0.0846052828519569,0.029997019979979,0.0444452142949086,0.00382860630306747,-0.00181318296170462,0.0102437926593915,0.000196570421556548,9.08844545380819e-05,-0.00040836908154056,-0.000251563947617552,0.0256406829851336,-0.0467937114537159,0.00866565352473032,0.00789728782135351,0.0115008839912737,0.00120034169331704,-0.0726689285906536,-8.11450263859574e-05,-2.92445520772653e-05,0.000351370367614553,0.000156404628567637,-0.000887604770309104,0.0179774835278261,-0.0544106669300981,-0.000121030034772266,0.000130079223917344,-0.000112985273368963,0.001647625999805,9.63524404293909e-06,-7.16372793660251e-07,2.09508050967389e-06,-0.00150463889796136,-1.10047204152235e-05,-1.21247096950619e-06,-1.87788687661409e-05,-0.0347095902952812,-4.19835652540962e-06,-2.32914000059131e-05,-3.65381263905023e-06,-9.34149495041824e-05,7.17725865916033e-06,-7.27780980174674e-05,4.27463645432337e-06,-0.000123109026843434,-1.68999845131295e-06,0.0673174695120918,0.00018391738411515,-6.86564385089836e-06,8.43985269910958e-06,-6.42442258440588e-05,2.76250942681454e-06,-3.78538910729388e-09,6.95030320774399e-06,-2.40745462233254e-07,2.35130269755676e-06,-6.50510251877109e-09,-5.51831350464587e-07,2.23624851704229e-07,-9.02227455794019e-07,-1.09412701261579e-06,1.87837763204647e-07,-6.54543155219604e-06,3.53338410267484e-06,-2.74185533346316e-07,1.10792754707543e-05,-4.11097853405162e-08,1.373685140476e-06,-3.60356122137411e-06,1.26674441011943e-06,3.52533029736588e-05,-3.58721136076753e-05,2.86519244634641e-06,0.108313108112337,0.153342091631389,1.22466795483355e-07,-0.000637483640787729,7.96070051746715e-06,-2.06181563093235e-05,-2.33647208378217e-05,6.94758458754127e-06,0.00010548978671645,-1.62088696765012e-05,-0.000113916204599335,2.05886792833964e-05,0.0117825638889199,0.000930518071725853,1.20960878414169e-05,3.69479670175509e-06,-0.000824771367228941,1.33286096044515e-05,-7.68429316644684e-07,-6.50366301389218e-06,0.000990371414645523,6.05411775040109e-08,-2.38682199676699e-06,-0.000511086218635856,-8.85907659586599e-06,1.21675943828359e-05,2.07241306826175e-06,4.0129487453023e-07,-0.00304897866939778,1.51315837267742e-08,2.36759751674797e-06,-2.47950506837232e-06,0.121034274605786,8.17737648136597e-05,-2.82346684005149e-05,7.40487340857011e-06,-1.29421700121221e-06,-5.26059858532662e-06,-8.68516414454714e-06,1.41488334864791e-05,-7.47203220631333e-06,3.51656961570733e-08,-1.16325925774887e-06,1.61857880914459e-06,-1.49070168954885e-06,1.35212897009924e-06,-3.1056239313163e-06,1.122890200979e-05,-2.49876241275871e-06,2.32931642485118e-06,6.40018607585941e-06,-2.08533372320199e-06,2.0634525189849e-05,-2.10762650753086e-06,7.36030515320154e-07,-1.0434037958663e-05,-0.000389791733266635,0.0501988169727928,7.95644408022515e-06,-0.00245380765328371,1.16839427346908e-06,-1.68026172640089e-08,-5.36059752727334e-08,1.08495603467566e-11,1.7793470496021e-08,7.10112982112229e-09,-2.20425646698893e-08,-2.06613389294197e-09,-9.37106111997032e-08,2.28077821804198e-08,1.56874948303044e-09,4.95397935083341e-09,-4.81860992962496e-10,-3.95454788020709e-08,8.83973038764032e-09,6.2483902328573e-10,-1.80242046058032e-09,-2.83363914008693e-07,-8.91939544928801e-09,-1.9728224891655e-07,7.65015139081882e-08,-3.04109988585036e-08,-2.78334154157151e-09,4.32689942437746e-08,-0.000411494561766548,1.83792618020894e-08,4.74510114651224e-09,-2.9160313844149e-05,-4.00351857270695e-08,1.50825023265798e-09,1.31250645795399e-07,5.87167036441889e-08,-5.65291242617322e-07,8.27082664415258e-08,1.42286777984102e-09,7.08584825776224e-08,9.64743922269998e-08,-1.82549039748528e-06,-1.81396818581566e-07,2.26427141089277e-08,8.07761897376174e-09,2.16936095141601e-07,2.99837008677667e-09,1.88828423686243e-08,-6.50693901801989e-08,-1.49885434543533e-08,-2.22905553421771e-07,-4.41194002662375e-08,-2.95819084905491e-06,6.81620406900167e-08,0.0019256259705711,1.96469544210345e-08,0.0703327096898362,-5.04230330537684e-06,2.16512373470353e-07,9.58671257476239e-07,-7.43910668654647e-06,-1.76485720717601e-08,2.49618977541511e-08,6.98186781663672e-08,-0.337929220097851,3.9053450179506e-08,-3.79486487153348e-08,-6.83916900256675e-08,-3.35735136289454e-07,3.89389770772636e-08,1.59400442208019e-08,1.58918182070554e-08,2.63651959311468e-06,-4.31008103690749e-10,-0.000155715308243568,2.84920897233745e-07,-3.33218778175514e-06,6.991190076923e-08,2.65376968807199e-06,-5.57636266286557e-07,-0.00749709813827506,-2.29415779793928e-06,8.27487708262078e-06,-4.77995092325467e-05,-1.43546852335486e-07,-9.17386606311723e-08,-1.23731721128535e-07,1.97437835156799e-07,1.72634169717643e-08,-3.25416555649573e-08,-1.64456516471883e-07,-9.01274179693019e-07,7.45659439527522e-06,2.89252152918429e-07,9.41143074328234e-07,-2.4442792242281e-07,-1.25538906769639e-07,-1.32595916817586e-06,-9.39377401010087e-08,-1.49706901338175e-07,-1.21331130491863e-07,2.60259488550243e-06,8.67657594580746e-07,4.20683266205228e-08,7.05456321569134e-08,-3.81899906014356e-09,-6.36581047561055e-08,-3.36889500342234e-07,3.28206487188411e-16,-5.22655347615608e-08,3.95502816712134e-06,-1.18031847905796e-07,-2.23674697730311e-06,-3.76160489745383e-07,4.5101835469402e-07,-8.13721597140948e-08,3.01589059341906e-06,-6.94419199216933e-09,4.80133024075194e-10,-1.27552284269844e-06,1.24919600806662e-06,-4.07040037258088e-08,5.66164951159911e-06,-2.90535367967731e-07,2.38018943994532e-07,-3.24246442384626e-08,0.181295825612273,0.022813322252026,8.18629210445941e-06,-8.88942726831614e-08,1.38039652275666e-08,-2.10336962070369e-07,3.58993045495549e-08,-3.41561997775794e-06,2.17368562165605e-06,-7.94901285064086e-09,2.46742786783735e-09,0.513473581790504,-6.80190950977072e-05,0.00255937852725933,-4.83319106761514e-09,-2.20706243177836e-09,4.12198282636147e-09,-5.48270339742793e-07,8.18190010980885e-08,-1.38410488797937e-08,2.26451827082205e-07,-3.54761263678574e-08,-3.24403747190607e-07,2.02023907418442e-08,-1.44421592466106e-08,5.56090637104479e-09,3.10183264718181e-16,-1.89289618820299e-08,-6.7060234198054e-10,-1.68281332248463e-09,-4.03922010119484e-06,1.42119058950224e-09,-9.27157665143552e-10,-2.21913430603091e-08,3.16668503169092e-09,-2.55223188853305e-08,6.70585869265486e-08,2.57893931865484e-09,-2.58775418007653e-09,3.41118624654116e-08,-4.19253637950201e-08,3.62821878914296e-06,-2.27746319856661e-08,2.72881887362344e-07,1.36884528485995e-09,1.18097764814056e-08,6.12086870486493e-08,-5.81618931499571e-07,0.000886213383690528,-4.6707254630035e-08,6.54939782252026e-08,-2.39226573147989e-07,1.56266763571051e-08,1.41480388069922e-08,1.08306716751597e-07,-2.91968892242274e-07,-1.47913332234462e-08,1.94337434028991e-07,-8.01660358668267e-08,1.98803375892647e-09,1.86012532976776e-08,-3.65689148090204e-08,4.73504454080187e-18,1.27677938237876e-10,2.84656544966697e-05,-4.71170041332512e-08,3.47743636102467e-08,4.97800360839505e-08,9.24232763903148e-09,2.20100057049491e-08,-3.32243285523782e-07,1.33492787224518e-07,-1.80967800975062e-16,-1.7350672034075e-07,-2.62413569250516e-09,-4.77824357010352e-08,0.00529442304675591,2.61968635867949e-09,-5.73975126304867e-10,-3.1243943448327e-08,9.26277676233317e-09,-5.52291169076206e-07,6.94507675682795e-08,-1.44779151888093e-08,-2.65022892311371e-08,-1.41122033233611e-09,-1.41147774209967e-09,-2.6979909923705e-08,6.08725751555044e-06,-2.9208438293596e-08,8.87012254203966e-17,-6.16555677584713e-07,4.86386632090664e-08,2.23875441223634e-09,1.2444119806943e-08,-5.84724161207022e-08,-1.25483591837654e-07,7.64887772563951e-07,-5.95825437262457e-06,-1.05046758315529e-08,1.48277074657672e-16,-1.99565657381933e-08,-1.23414071655839e-05,-2.52360477694799e-08,9.98425147622602e-17,4.79946899798591e-08,4.83865179103556e-07,-7.38697048135204e-08,-3.93734064603948e-08,-1.3184009276236e-08,-7.08592087412381e-09,-2.54630206661523e-07,7.3723424097748e-09,7.92450600798151e-08,0.00058704133943738,1.43031240815974e-08,1.44605278644514e-07,2.08847324371964e-17,-5.91500440917557e-08,2.78122646588129e-08,1.80460313358323e-07,-1.82364500911455e-08,-1.33341624819359e-17,-1.77521458185766e-08,2.2975253636062e-08,-7.96685916932887e-09,-7.08571628745739e-09,-1.79348229916722e-08,1.32536223157582e-07,-2.52364928995584e-07,3.51187047089901e-08,-2.40553259202572e-17,1.27939850581313e-07,-1.70677841892391e-07,7.5645523011968e-07,1.58153900089248e-07,-1.60730312341255e-08,-1.07918426586812e-10,1.36175792864179e-16,-5.38277669891234e-17,-1.04275010189127e-10,-9.28494783603366e-08,1.22420428802536e-08,-1.7738844383707e-08,-8.93379651359682e-17,-8.44260679527667e-09,-9.98306415440345e-11,2.16385028981705e-16,-5.75624836084283e-18,-1.29448413457321e-16,2.12647094903272e-08,6.27597614741406e-08,-9.10286213377088e-08,5.4070469671322e-08,2.6987696025278e-08,6.19959418785483e-08,-3.44009219220421e-05,-1.22617899720651e-16,-1.35464228403874e-07,1.01360520609532e-07,-8.12817099576428e-17,-1.1463879112975e-16,-3.36464558314254e-06,-4.94756593434747e-12,-3.785438415621e-08,2.95947426096506e-08,3.73856969550325e-08,-2.01104528780408e-09,-1.66389575946505e-16,-6.76396033130866e-09,3.66687813299346e-17,-2.30611224322113e-08,-5.89562036343305e-16,-4.19386361821499e-08,1.24739542717235e-16,3.28048940268991e-08,4.53854445354109e-08,2.7219979885513e-09,3.58106811109878e-08,1.96571250196733e-07,-1.41909863562732e-08,1.43712636948293e-07,4.547601886677e-09,2.21254069530051e-08,2.05244477497691e-09,3.29585370880467e-08,-0.000229032556884924,-2.0248152499151e-08,-1.70806171220967e-09,-4.1357509147492e-08,2.872157140686e-18,2.00651031545258e-05,-1.38148743790765e-05,6.56766949754599e-09,8.045322394624e-15,8.73903143848933e-10,2.40334095255735e-08,8.8965145785196e-08,7.27530373865735e-17,-2.92839738132173e-05,-1.08200811344893e-08,-3.70713125763883e-17,-1.43925660692478e-08,2.29352823324599e-07,2.7766325448787e-16,1.22947584557171e-17,-2.25517903073629e-05,-6.62676697712073e-09,-3.8575681196717e-11,-5.53579425697324e-08,3.34511966121692e-08,0.00191300109015927,-3.56950335214316e-10,4.13749772814438e-08,-7.33497760236668e-08,-6.03900610074426e-17,1.68182677591542e-09,1.05129410725983e-10,2.91281468968544e-10,2.73720171323105e-08,-5.17590650611252e-17,-2.65665003649331e-17,9.04668756018663e-09,5.31557340641118e-17,-8.92695122580956e-18,5.80556851616888e-08,-6.51522844709504e-08,-1.3329059192022e-07,-7.36741298721225e-10,3.38169180289448e-06,2.33240723717511e-08,2.01435546400118e-09,1.28406993229804e-16,5.11751016098998e-09,2.39667980190568e-10,1.10077503851293e-09,-4.04857717480557e-06,4.87725215172588e-07,-2.66587929131615e-17,9.62440240480197e-17,2.00259301957118e-16,-3.87765031989449e-09,-2.07871130518171e-08,-1.09448542072472e-08,-2.9133047035025e-16,-0.000414841535389875,-7.29618863355547e-17,8.03877132889994e-17,2.34570459548087e-07,-5.15279179578363e-09,1.02240264865383e-16,-1.29518699169685e-08,-0.000114075530285546,2.10584820983898e-16,1.9128162028074e-08,7.5265879371518e-17,5.16094597430285e-09,2.17746863705881e-16,5.15178258521667e-09,4.46149002430206e-08,5.82036908782829e-07,1.52050695720165e-09,1.04509319739463e-08,-3.63433794256941e-08,1.45085474719013e-08,-1.41238572280592e-17,6.63671986563214e-07,-5.98138380532011e-08,-9.66578563757607e-17,-4.93946182650659e-09,-1.45087131964412e-08,2.34401486178593e-08,6.88501574286129e-17,1.10275088083911e-08,1.98026160759055e-05,-3.42384837771272e-17,-3.52895435628472e-08,-7.84866563016403e-09,-0.000185773006206275,1.20301484276568e-16,-8.89591128377372e-17,7.36197083119017e-09,2.25744037897373e-09,1.82686002035616e-10,-2.04598725109478e-08,1.34519997080404e-09,2.34168610200505e-16,-8.58911391408523e-17,4.91337897020931e-09,3.38697494860548e-11,2.32257647034635e-16,1.18847127229821e-08,-4.05445133904697e-17,6.79014992830973e-08,-2.27895027553965e-09,-1.3316926855882e-09,-8.83201029652611e-09,-1.95877069141781e-14,1.09659366540548e-17,2.17506697067136e-17,-1.92704674024518e-15,-0.000193056716978591,-1.68037953497595e-08,5.76401312440308e-17,2.36264807156855e-16,6.00068970282264e-17,3.81519145960141e-08,2.15663336665945e-10,-1.89343280876836e-08,-3.24971895329181e-16,1.9343522009857e-16,-1.04815245025036e-16,-7.3956810238162e-08,2.49816826764371e-08,-3.35195529312455e-17,2.75811428739762e-09,-3.70532568937644e-06,1.94041886873866e-16,-2.40691717929406e-17,-7.18931547682189e-09,-7.36699438546693e-11,-3.56550247922845e-09,-1.37067047150862e-16,4.017315361121e-09,5.85456599949380e-09,6.28788882923179e-09,-5.73928762364947e-09,-2.04503454253577e-08,1.74319299769719e-09,-1.86742698821406e-17,-7.73506753487345e-17,1.16416400607907e-16,3.3271959166902e-08,-4.79350412923076e-08,-1.64109685715392e-09,-1.29519418869596e-09,6.45619939392721e-18,-7.5980130911539e-18,-5.00466457121737e-17,-3.38409970155767e-17,-1.17218874887094e-16,1.60691576457148e-07,-1.04176422354863e-16,-3.61092640547655e-16,-1.00621988303419e-09,-5.25250649775309e-17,-9.00823557814077e-10,5.18811683299386e-17,-1.11699803391981e-09,2.32149348016462e-16,-1.3574342549247e-09,-1.70043361808021e-10,-1.07491850397616e-07,3.03521892173484e-16,5.47731434781694e-09,-1.00902414388981e-16,7.81483960425998e-09,-3.59437892295748e-07,7.68240349463673e-11,1.72018054814183e-16,1.1291947331448e-08,1.62640732102943e-16,-2.82120383372255e-09,-1.5941593199296e-08,-2.52174819738599e-16,1.61272390527594e-16,-3.83334202199149e-16,-3.33753738049513e-14,-5.50049253741926e-11,-7.24939457558173e-10,-1.64982155339292e-10,-8.27713246085328e-17,-4.85458421037045e-16,-0.00522543090522091,-1.50219926040897e-07,-1.02921000735091e-16,1.15385614651411e-17,-6.10325518754528e-10,-1.60607281066238e-16,-4.40274634542283e-09,3.28554968126701e-16,4.27639722460266e-08,4.32391435404014e-17,2.31670191674877e-16,-3.44283881467748e-17,-3.97919160385094e-16,-8.4606728233835e-17,1.54554325102845e-16,5.81671582007157e-09,-4.06875128274202e-08,1.34584882764007e-16,-3.92396436290302e-09,1.4951050841329e-08,1.17603828228301e-16,-1.62958978650791e-16,8.50454692922986e-17,5.15698503966144e-16,1.48273341106124e-09,2.37412490644585e-10,7.53728604739591e-17,-4.90155518309097e-17,-2.70015672248371e-09,-9.63500292730269e-09,-3.63161666899751e-05,-1.38943257440947e-16,-3.92687504344174e-16,6.06594571443002e-17,8.91693305094467e-17,5.81491453106499e-18,-1.89894629297805e-16,5.72891403034087e-09,-5.42140369479796e-09,-1.04298357213477e-09,-8.29025645353214e-17,-2.4485624546225e-16,3.70538690190028e-17,-2.19883592901959e-16,-6.8549936418298e-17,2.04155888930053e-16,9.7439791822011e-17,-1.75925873935074e-17,1.36257671691729e-16,-1.548414487679e-16,3.36751210577506e-16,-6.58303858813155e-17,1.11987749501043e-16,-1.1188021850162e-16,3.9806366011461e-09,1.84549770619129e-15,3.0492249606232e-16,-6.1534153496386e-14,8.96588923464038e-08,-9.82874581621079e-11,3.81254026718907e-16,-1.45553124668377e-09,8.20213150337079e-08,-3.58342757734422e-16,8.10248342173588e-17,-1.44088791974515e-08,4.5265292171271e-16,2.02352590247731e-09,-9.04233107999581e-17,4.3297150999121e-17,8.94818912075318e-17,1.20897165523144e-17,1.80540814091926e-10,-2.47947277467534e-08,1.00562273222914e-16,1.19515330708805e-16,-3.37148079109226e-16,-6.80976746687717e-16,4.78593943989414e-16,1.89394112227069e-16,-8.4480716399267e-17,-5.4421625113156e-17,2.07101826913539e-09,2.01887360013878e-16,-9.27895233167234e-18,2.58055102278705e-16,-4.27941973184767e-16,-4.91752403460286e-16,2.45175639843067e-16,-5.92149329070803e-09,4.88894105459637e-17,-1.12102511402663e-15,4.4156519890239e-09,-2.48549077776337e-16,-4.08286540736215e-16,-3.66965676149853e-16,1.15783360462595e-15,1.29123851566549e-06,8.77251373451986e-18,-2.7234412014732e-09,3.63198822609511e-17,-5.07100660192542e-16,-4.01970551142475e-16,-3.83086955779992e-16,8.12922731224183e-17,8.46075854901311e-16,9.84881689626568e-11,-1.29029932256012e-17,-1.20743395449025e-16,3.83771796360976e-09,-1.23016564908187e-08,1.36252987109703e-16,8.62140207424578e-09,1.26288984822372e-09,-9.18059193163991e-17,-7.2909385305713e-16,-5.0669656722088e-16,4.7382614121077e-15,7.49623532905383e-16,-2.12580317182553e-09,-1.23170646908701e-15,1.72741225060566e-15,-7.64610233876429e-16,8.51657544060665e-10,1.16085905214482e-15,2.15668335107344e-16,-6.27402644477578e-16,-8.66484822037312e-16,-3.8897004497764e-10,1.98426585886915e-16,0.000334223929787678,4.02061471492001e-16,-6.11363386691065e-16,-5.07668653312872e-16,4.00270092351492e-16,2.33287481655713e-15,-9.37779261603744e-16,4.65625573283556e-16,-1.39895739044638e-08,1.07868997915604e-15,-2.02278127649329e-15,9.35100241424581e-09,-3.14994524277019e-15,-1.69512531784603e-15,6.74195587064543e-16,1.7008263426452e-15,1.29390510242742e-15,-9.83811655733735e-16,-6.18569400565116e-09,-3.07565150444462e-15,1.50301493934869e-15,2.02080850419487e-08,-3.30644930421198e-16,-3.88435514951919e-16,-1.46169828097813e-15,6.48371157962101e-16,5.33778986390796e-16,2.81884623839741e-15,4.54939929332516e-15,-7.58580642996095e-16,1.00551139246866e-15,1.05246514701257e-15,3.07929874772042e-15,-1.06141808403957e-08,2.21488944542518e-08,-9.25316662971778e-16,-1.03688911012703e-13,-0.707106781186549,1.7159121079211e-14,2.65792162584821e-16,1.34960224956663e-14,1.58717891054318e-15,-1.9528196738552e-14,-2.78417959302726e-10,-8.55962781436897e-15,4.65220229397107e-15,2.62374162173326e-15,3.27366108098223e-15,3.56770926920298e-10,6.2645950096485e-16,-3.90566350248205e-10,-6.5750854669243e-16,-1.56423066802503e-15,-2.19390128796819e-15,6.0482453325577e-16,5.4632156788386e-16,-1.16202364406087e-15,2.2327233557514e-16,-3.23799754876463e-15,4.76151660529898e-16,-5.15191603903147e-16,9.12462368185999e-16,3.07778535462264e-16,6.21250815516491e-16,7.55690383179078e-17,4.53818696061395e-16,4.37045212765056e-16,4.8812888275674e-16,5.45983454060961e-16,-3.04914547294056e-16,-3.22645414605503e-16,-2.46845729620637e-16,-5.15597046667441e-16,-4.93974584750149e-16,-4.882359427831e-16,-9.43973882321919e-17,2.70299859933646e-11,-4.45912318279698e-16,-2.03425090500779e-16,-1.47346608222214e-16,-1.37249740999617e-15,3.70341073273966e-16,8.71783793191906e-16,4.5300289442573e-16,2.97208227934363e-16,-2.43034787529861e-16,-3.30266444556446e-16,2.77989437025283e-16,-5.41192688235857e-16,3.93319943464735e-16,-1.20154204364994e-15,6.98432213845619e-16,2.6543579698033e-16,2.8970109059846e-16,-3.48717894005732e-10,-1.29223705583207e-15,-4.19189066876226e-16,2.33352229456056e-17,-5.13644865798129e-17,1.32439553893014e-16,-3.01685465052964e-16,1.0758525065277e-16,-5.11440813085116e-16,5.4674982373111e-16,7.40698590981754e-11,-2.46638865966417e-16,-2.45252770542135e-16,1.6112175551459e-17,-1.39605020791979e-16,3.21574908594074e-16,8.47765454339865e-17,-1.2453074547223e-16,-2.58320818694844e-17,-2.16772995658069e-16,-1.17577043184243e-16,-2.26976463950658e-16,-6.86177935188377e-17,-1.73649250071811e-16,3.74636205500036e-10,6.32593597542328e-17,2.90492002303091e-17,4.60053843993545e-17,-3.58166187680586e-16,-1.12896748080862e-09,-1.68641948578705e-17,-2.11738595402236e-16,-1.68889195760155e-16,-2.84609070323535e-16,-1.22094969858943e-17,-4.92099682232012e-16,2.89601939295672e-16,4.32374865679618e-17,-8.9290366878291e-17,2.03591615181325e-16,4.2341539090706e-17,5.99962607752478e-17,-1.70772275345992e-16,-6.55471978595947e-17,-1.41713353297471e-17,1.28248202945327e-16,-2.16136397177148e-16
"t862",-0.0492077000316822,-0.0846121851701203,0.0299995465414618,0.0444502352348546,0.00382913620728791,-0.00181347756721324,0.0102454898852488,0.000196605591914791,9.09036748062451e-05,-0.000408473914471593,-0.000251646013326877,0.0256510073330999,-0.0468131095209661,0.00866930072725562,0.00790075798906774,0.0115062390798222,0.00120091409588708,-0.0727042169725873,-8.11853536592645e-05,-2.92603574523678e-05,0.000351575986198748,0.000156515418170272,-0.00088826939298124,0.01799102304455,-0.0544518099262799,-0.000121126001405525,0.000130183609938152,-0.000113076772051724,0.00164899683267053,9.64474687724479e-06,-7.17127484350183e-07,2.09739091411229e-06,-0.00150642164021245,-1.10183973503884e-05,-1.21405741921638e-06,-1.88054751845082e-05,-0.0347594148195704,-4.20448254132027e-06,-2.33256255003348e-05,-3.65926473407543e-06,-9.35585067953513e-05,7.18856679821753e-06,-7.28945448846704e-05,4.28148467726706e-06,-0.000123309843719583,-1.6929392755968e-06,0.0674368823012025,0.000184246563195696,-6.87824043533984e-06,8.45575111910845e-06,-6.43694839765883e-05,2.76798123595975e-06,-3.79290422181166e-09,6.96437204630342e-06,-2.41251306725174e-07,2.3562707316308e-06,-6.5202432108442e-09,-5.53148739601225e-07,2.24160313110775e-07,-9.04522167255564e-07,-1.09703514401997e-06,1.88347797800106e-07,-6.56351053555112e-06,3.54318534623051e-06,-2.74970273134761e-07,1.11118713500461e-05,-4.1238087955639e-08,1.37808433700925e-06,-3.61523830898358e-06,1.27093636554706e-06,3.53830273527874e-05,-3.60145377622311e-05,2.87669827948127e-06,0.108758278417996,0.153974154269152,1.22976622286653e-07,-0.000640147920469762,7.99461474648278e-06,-2.07098070950574e-05,-2.34703459665287e-05,6.97989694042022e-06,0.000105983402665707,-1.62881130844411e-05,-0.000114480407913337,2.06963661953433e-05,0.0118450967344583,0.000935529288801001,1.21613839131621e-05,3.71475390899962e-06,-0.000829233202704806,1.34011140269036e-05,-7.7282953593388e-07,-6.54107757953377e-06,0.000996247612069606,6.0919545731362e-08,-2.40185443442223e-06,-0.000514306245203376,-8.91598624887647e-06,1.22463191921143e-05,2.08618582073462e-06,4.04019907074615e-07,-0.00306972256619002,1.52347532661686e-08,2.38533351501974e-06,-2.49820779285571e-06,0.121952127724575,8.23998019311309e-05,-2.84513970025492e-05,7.46197925573252e-06,-1.30426858426625e-06,-5.30154904848085e-06,-8.7536967950023e-06,1.4260659137455e-05,-7.53320597487013e-06,3.54557491941643e-08,-1.17301084218438e-06,1.63224584077836e-06,-1.50354003089134e-06,1.36399529427802e-06,-3.13326635192827e-06,1.13296482151963e-05,-2.52180256043383e-06,2.35117346106332e-06,6.46028204662774e-06,-2.10496357359238e-06,2.08322587862352e-05,-2.12785302638563e-06,7.43202467684355e-07,-1.05401795247757e-05,-0.000393758827419881,0.0507114882985594,8.04004561177277e-06,-0.00247973397878849,1.18078876873465e-06,-1.69837985540793e-08,-5.41853123056475e-08,1.09710221767122e-11,1.79979645533055e-08,7.18580287603908e-09,-2.23056703402919e-08,-2.0909506809159e-09,-9.48397876822799e-08,2.30840186964185e-08,1.58778666859958e-09,5.01409873259885e-09,-4.87790950212363e-10,-4.0045802787604e-08,8.95473833686967e-09,6.33024892036931e-10,-1.82639653996982e-09,-2.87137846153999e-07,-9.03887793865654e-09,-1.9993402553988e-07,7.75338046642451e-08,-3.08361445314514e-08,-2.82247271840503e-09,4.38797440690493e-08,-0.000417847771458595,1.86692185616281e-08,4.82020953477518e-09,-2.96303758586354e-05,-4.06829641532079e-08,1.53322976951921e-09,1.33430609484291e-07,5.97143301471208e-08,-5.75108248006836e-07,8.42381860001019e-08,1.4492459056761e-09,7.21728712234141e-08,9.82793836858334e-08,-1.8599895266315e-06,-1.84829922593878e-07,2.30798524730222e-08,8.2345401373114e-09,2.2120758953519e-07,3.05760407807587e-09,1.92565132322659e-08,-6.63980046760632e-08,-1.53046480110662e-08,-2.27632839050606e-07,-4.50600510380651e-08,-3.02226006589922e-06,6.96472791652897e-08,0.00196783465039959,2.00800223162014e-08,0.0719124355472837,-5.15608679493243e-06,2.21599348876326e-07,9.81225468200855e-07,-7.61650815005741e-06,-1.80854594490353e-08,2.5599367324443e-08,7.16210089292471e-08,-0.346794067335916,4.0090322097967e-08,-3.89930057253708e-08,-7.02885982831606e-08,-3.4520251897809e-07,4.00461722911892e-08,1.64234297369205e-08,1.63752131606628e-08,2.71895409201971e-06,-4.44856114500689e-10,-0.000161059271291667,2.94702035873809e-07,-3.44728353518633e-06,7.23725828822604e-08,2.74840791973435e-06,-5.78232097677934e-07,-0.00778641538154158,-2.38590833032249e-06,8.60950979911137e-06,-4.98328304391767e-05,-1.49829517879662e-07,-9.57568511396107e-08,-1.29273931110757e-07,2.06806379817582e-07,1.80918220394124e-08,-3.42010202790373e-08,-1.73210615852309e-07,-9.49976990844398e-07,7.88579946386725e-06,3.06158551946846e-07,9.97089677146859e-07,-2.59740631939311e-07,-1.33488688637653e-07,-1.41014853682879e-06,-1.00267494667912e-07,-1.60175185374074e-07,-1.30180232406079e-07,2.79613905017412e-06,9.33509837344103e-07,4.53234230153022e-08,7.60343538294139e-08,-4.13192373316466e-09,-6.90498338278155e-08,-3.6648965455173e-07,-4.20898682577889e-16,-5.71133681716738e-08,4.32595223453483e-06,-1.30008337749144e-07,-2.47861981527542e-06,-4.19120712443572e-07,5.02700511291195e-07,-9.17565460108797e-08,3.40813035517197e-06,-7.85533741538554e-09,5.45898209956826e-10,-1.45553205250981e-06,1.43570950415866e-06,-4.69401489818962e-08,6.53846513828214e-06,-3.383462666248e-07,2.90479409481624e-07,-4.05079178115216e-08,0.23192798576219,0.0313679446545656,1.13313845992019e-05,-1.33715218127572e-07,2.22097147131988e-08,-3.91209539722816e-07,7.14065553839113e-08,-7.42064401682127e-06,5.59714438751165e-06,-3.3145638167405e-08,1.13026067460581e-08,-0.485154825385831,5.98145015034675e-05,-0.00207559108443359,1.49977802511458e-09,4.16398061754951e-10,3.34487617081835e-10,-6.47879829252104e-08,5.00125651375167e-08,-8.76373907125348e-09,1.46917606328767e-07,-2.41174010624206e-08,-2.2733385491126e-07,1.4926154176866e-08,-1.08032458928319e-08,4.19758116829681e-09,-8.64143810880931e-16,-1.46789654456477e-08,-5.21680284417773e-10,-1.32182114556296e-09,-3.23674696187221e-06,1.15546956863278e-09,-7.58479236896313e-10,-1.82068757936753e-08,2.6788064363041e-09,-2.16251605372289e-08,5.68435039419733e-08,2.20125448758977e-09,-2.24553065555796e-09,2.9673846297993e-08,-3.65313807928179e-08,3.17780185362899e-06,-2.02730459632189e-08,2.4424994419191e-07,1.22558929383127e-09,1.05747873355853e-08,5.54261162080548e-08,-5.31966729027902e-07,0.00081145316414512,-4.2833637293519e-08,6.01704175772733e-08,-2.19898789447832e-07,1.44238575815205e-08,1.30628436581342e-08,1.00052087423882e-07,-2.69812408403019e-07,-1.36844801049512e-08,1.80013362740781e-07,-7.43375109927199e-08,1.84433964621344e-09,1.72699403472117e-08,-3.40046860710105e-08,6.53527208082052e-17,1.196676993938e-10,2.66976446226086e-05,-4.42330138369462e-08,3.26467630581388e-08,4.67357131195493e-08,8.67909264717276e-09,2.06774806885605e-08,-3.12283176369813e-07,1.25594871098441e-07,1.6725595317871e-17,-1.63579904944256e-07,-2.47460378818203e-09,-4.50826777395021e-08,0.00499558293298351,2.47480528680866e-09,-5.42575011979016e-10,-2.95602148555178e-08,8.76860822405273e-09,-5.23440856127074e-07,6.58896469842997e-08,-1.37440366661106e-08,-2.51674070866207e-08,-1.34041597591444e-09,-1.34114434755504e-09,-2.5636526354779e-08,5.78561002980371e-06,-2.77663727547143e-08,4.62852457021884e-17,-5.86914990327831e-07,4.63128046283021e-08,2.1317048876974e-09,1.18578268738859e-08,-5.57235801977792e-08,-1.19735650804486e-07,7.30099437758376e-07,-5.68763983290757e-06,-1.00300557623789e-08,-5.73489736227775e-17,-1.90601815304243e-08,-1.17882728590333e-05,-2.41140085198036e-08,-5.632364713027e-17,4.58788206626865e-08,4.62575921587315e-07,-7.06228814942412e-08,-3.76464490540638e-08,-1.26077672767733e-08,-6.77701819080926e-09,-2.43552466194902e-07,7.05351266966119e-09,7.58203676206596e-08,0.000561773762371925,1.36917853544198e-08,1.38426806963251e-07,6.7090382745341e-17,-5.66563330991622e-08,2.66423932382659e-08,1.7290722580977e-07,-1.74788123746534e-08,-1.45900706359411e-17,-1.70259820613977e-08,2.20509753335132e-08,-7.64867439305021e-09,-6.80366380616397e-09,-1.72237278235779e-08,1.27319080795871e-07,-2.42543367867828e-07,3.37878100511489e-08,4.42598917578905e-17,1.23195680482318e-07,-1.64360437058191e-07,7.28561631395836e-07,1.52352149610262e-07,-1.54836364991841e-08,-1.03966442952498e-10,4.33680868994202e-18,1.19545808419855e-16,-1.00487888596084e-10,-8.95005455676157e-08,1.18008676609645e-08,-1.71034401146623e-08,1.82747186300299e-16,-8.14405346952769e-09,-9.63197082868579e-11,-5.56308246675725e-17,-1.38359391067133e-17,7.08482958099307e-17,2.05292318356133e-08,6.05935593139327e-08,-8.79085513371421e-08,5.22278536354701e-08,2.60686236609128e-08,5.9897331808085e-08,-3.32372230999822e-05,-6.37770741358308e-17,-1.30935448861425e-07,9.79855086383697e-08,6.40983813654199e-17,-3.49825643445824e-17,-3.25430573152496e-06,-4.78563125537646e-12,-3.66231496214815e-08,2.86351233883197e-08,3.61804772433765e-08,-1.94627450822936e-09,-8.41216771747969e-17,-6.54638396185249e-09,-8.20362026614029e-17,-2.23219771413287e-08,-4.07117915768307e-16,-4.05979487573491e-08,-4.91436144405614e-17,3.17596351384799e-08,4.39402860458754e-08,2.63606374623805e-09,3.46821475522461e-08,1.90381127193518e-07,-1.37455364888968e-08,1.39213943127596e-07,4.40613672614717e-09,2.14371750087609e-08,1.98872260297022e-09,3.19387807328239e-08,-0.000221978139280313,-1.96268188999076e-08,-1.65580024942978e-09,-4.009388785749e-08,-2.84684243551371e-17,1.94546942983337e-05,-1.33963273219468e-05,6.3709180769005e-09,7.81516555638432e-15,8.47805957901999e-10,2.33190693214483e-08,8.63260814057034e-08,-9.82152632007675e-17,-2.84161724186273e-05,-1.05007111520314e-08,-1.60099831721994e-16,-1.39685703621022e-08,2.22672360062701e-07,4.26796528277662e-17,1.35554085247476e-16,-2.18977322043909e-05,-6.43464765168936e-09,-3.74591149190967e-11,-5.37592274417481e-08,3.24896155006846e-08,0.0018580322173694,-3.46699468663255e-10,4.01939148939439e-08,-7.12660709504849e-08,1.03199783788033e-15,1.63413596627087e-09,1.02149027480235e-10,2.83033383053929e-10,2.65979215803571e-08,-8.40120807729305e-17,-8.45051505128101e-17,8.79129368086704e-09,2.59341892549984e-17,3.68726175098033e-17,5.6434430321542e-08,-6.33361888746671e-08,-1.29575309290713e-07,-7.16287137560563e-10,3.28785616904888e-06,2.26769467645032e-08,1.95850864946873e-09,-3.92472825028049e-16,4.97672247757682e-09,2.33085340713868e-10,1.07055687887606e-09,-3.93773232748253e-06,4.74435908982631e-07,-3.4357005402691e-17,1.35442486888925e-16,1.55531467389183e-16,-3.77271193382032e-09,-2.02262024746572e-08,-1.06495883006652e-08,-5.26144472774315e-18,-0.000403681331382121,-2.41650866843487e-17,-2.22809717417372e-17,2.28335823482224e-07,-5.01585645358218e-09,2.37331855557077e-16,-1.26086783704801e-08,-0.000111057935591126,6.88752596031253e-18,1.8623914988305e-08,6.8130055985239e-18,5.02545632151667e-09,7.92424643616209e-17,5.01658339620541e-09,4.34443979697838e-08,5.66771709509915e-07,1.48064636851704e-09,1.01772333658221e-08,-3.53951831606454e-08,1.41320036546431e-08,3.65452351170829e-17,6.4655888833395e-07,-5.82725718287e-08,1.52991044040933e-18,-4.81229942394821e-09,-1.41358209750827e-08,2.28386098048678e-08,1.30903335161416e-17,1.0745949382049e-08,1.92975140759498e-05,2.0658051117385e-17,-3.4390618332439e-08,-7.64886894884492e-09,-0.000181055444276567,3.36398569878819e-17,-3.38235084669471e-17,7.17608807275611e-09,2.20058041911046e-09,1.78086558849674e-10,-1.99501836267072e-08,1.31174564554339e-09,-1.79608204248288e-16,-1.95617723805072e-17,4.79133008185777e-09,3.30284265882402e-11,1.07263576984617e-16,1.15901204528455e-08,5.1187225938601e-17,6.62215894944486e-08,-2.22271465223218e-09,-1.29883778702205e-09,-8.61426922558243e-09,-1.89460038930155e-14,-8.71940551064485e-18,-1.37641419726604e-16,-2.02183704423895e-15,-0.000188328021726059,-1.63924252000531e-08,-3.01647924187294e-17,-2.42434542069127e-17,-4.42657232025966e-17,3.7219718342246e-08,2.10398094165085e-10,-1.84731162652374e-08,2.03948291837487e-18,1.34081927418567e-16,5.42101086242752e-18,-7.21690250781809e-08,2.43779492052989e-08,3.4455003614396e-17,2.69165592211033e-09,-3.61615033614282e-06,-2.21863846927108e-17,4.73434018125442e-17,-7.01677739730853e-09,-7.19021931772236e-11,-3.48009332837564e-09,2.4529743887966e-18,3.92134785532091e-09,5.71492132092321e-09,6.1382245793474e-09,-5.60307391277655e-09,-1.99653594300344e-08,1.7019123600008e-09,-1.26197431431989e-18,-5.25856965832124e-17,-9.48551137020441e-17,3.24904748514639e-08,-4.68092945904587e-08,-1.60259625534669e-09,-1.2649675321947e-09,-3.35146582110883e-17,5.33980061940664e-17,7.80411693574457e-17,6.03935510729224e-17,-1.52327119190669e-16,1.56961932606587e-07,4.11248361784739e-17,2.11557208409212e-16,-9.82915449415938e-10,-1.63340098713764e-16,-8.79962757910255e-10,3.16409419749882e-17,-1.09113581492923e-09,1.19409592427265e-16,-1.32612194334411e-09,-1.66123972213956e-10,-1.05017829729862e-07,-3.53016504630104e-17,5.35145847784064e-09,-1.55685595051234e-17,7.63592427599549e-09,-3.51247621601074e-07,7.50738951337875e-11,4.45555111543201e-18,1.10351890287734e-08,1.64382884634868e-16,-2.7572482203141e-09,-1.5580256661251e-08,-1.69070620390273e-16,-6.07711702753576e-17,1.53039282638666e-16,-3.26791383913573e-14,-5.37611738248368e-11,-7.08559552541834e-10,-1.61257122660267e-10,-3.12860967660375e-16,-3.48571095759779e-16,-0.00510788182086012,-1.46841189451775e-07,-2.11241196328607e-16,1.23794616325992e-16,-5.966605656217e-10,-5.30155582140737e-17,-4.30426352517022e-09,-1.46446932680841e-16,4.18100803440394e-08,6.42202609025854e-17,1.82792429005836e-16,-2.51404069210058e-17,2.85616622820481e-16,-3.1944817915992e-17,1.41669926841211e-16,5.68770077235815e-09,-3.97851323396335e-08,4.50056456673839e-17,-3.83710897119975e-09,1.46203874279061e-08,-5.67815733557544e-17,-1.23365024700452e-16,-1.01373116745206e-16,1.17152090087346e-16,1.45005685648702e-09,2.32184618696168e-10,-5.84942444106687e-18,-1.95499940447548e-17,-2.64075437183474e-09,-9.42306141484524e-09,-3.55176418622426e-05,-3.8020356760818e-16,5.07602433284557e-17,3.05505841822268e-17,-4.52401829713012e-17,1.8330548570789e-16,-2.17576648531102e-16,5.60376839380576e-09,-5.30304803654969e-09,-1.02022792623305e-09,1.27570701282786e-17,-1.90705177087392e-17,7.32653071285991e-17,2.00003345114115e-16,-1.46762378405089e-16,-2.27300954981236e-16,-1.0589139453062e-16,-4.14864433754309e-17,4.74129896219468e-17,-6.86079890443142e-17,3.75954241470031e-17,4.4468023932768e-16,2.79522626155065e-17,-1.19187285604076e-16,3.89466895690876e-09,1.71932415181254e-15,-7.70004120330259e-17,-6.02005024930481e-14,8.77251871339887e-08,-9.61676148361783e-11,1.19793832693403e-16,-1.4241555643336e-09,8.02561535060178e-08,7.7274128096368e-17,-1.78159985041077e-16,-1.40994277977167e-08,6.83894363743141e-17,1.98017698069581e-09,-1.29958874699204e-16,-1.05423671937389e-17,-2.58601074670852e-17,1.67778713588343e-16,1.76688495056092e-10,-2.42658144862578e-08,4.28244516990165e-17,-1.2882510763582e-16,1.03135584949078e-17,-1.68910520415523e-17,-2.12720466241656e-16,1.36088587409503e-16,-2.15288320488812e-17,1.25923643847218e-16,2.02744809542785e-09,2.14291466995266e-16,4.40365183805539e-17,9.42533599727484e-18,-1.3066885649306e-16,-3.38647963985438e-17,4.45273077625185e-17,-5.79728749135742e-09,5.74115760747017e-18,1.04299228118443e-16,4.32308261974673e-09,1.11923033694995e-16,-2.01458322719137e-16,5.60467838955468e-17,-1.20439578766403e-16,1.26434280751879e-06,-1.76268095623406e-16,-2.66677859601016e-09,4.03874052186449e-16,-1.12917945577562e-17,-2.56258757746063e-16,2.33997616239329e-16,1.54091139739416e-16,1.10138572305316e-16,9.64436422793055e-11,-6.22259125824941e-16,2.35476767060533e-16,3.75820342929036e-09,-1.20467999610491e-08,-1.14233937785858e-16,8.44306758195754e-09,1.23677952552494e-09,-3.42234580011427e-16,2.8554780703395e-16,-1.72205653320981e-16,4.87006612873129e-15,2.22944672117822e-16,-2.08216802326705e-09,3.48146319504236e-16,-2.26072981388764e-16,5.03728870444467e-16,8.34208359486825e-10,6.69231683849107e-17,-3.63356536843279e-16,-3.56176623962059e-16,1.22395966715689e-16,-3.81020786720996e-10,3.2177620072394e-16,0.00032739815807712,3.30733529871882e-17,1.18917575200882e-16,9.54392519101181e-17,2.00566257372542e-17,-9.65206402783664e-17,6.1291342385055e-16,-1.43381301737865e-17,-1.3705012707269e-08,1.10355012653798e-16,2.00722670722252e-16,9.16098305598579e-09,2.90103307814266e-16,-9.55656256252769e-17,-7.65689478764686e-17,5.62418079101803e-17,8.25668446870475e-17,-1.83665358723163e-16,-6.06038805258966e-09,-2.10603132513336e-16,7.71682639717217e-17,1.97992955819396e-08,-1.69307952520437e-16,-8.53443574392261e-17,5.1473748817936e-16,2.8289442813098e-16,7.46779756443826e-17,2.00297296311439e-16,1.04493236698636e-16,-1.61863991677538e-17,7.30513723385172e-17,5.17072036719418e-17,-1.70660129643603e-16,-1.04005695419055e-08,2.17034302731059e-08,3.18539608944815e-16,1.428690085519e-16,8.34491597221067e-16,2.35066236711797e-16,2.88180937446647e-16,-9.8551383424668e-18,-2.74257183255805e-16,1.77601392345592e-16,-2.72837503233439e-10,2.09651676997658e-16,-2.82784850837226e-16,7.5176063997936e-16,5.22844864727881e-16,3.49637808270688e-10,-3.74915749769339e-16,-3.82781023020383e-10,-7.57366409209223e-17,9.3065348544743e-16,-2.23144937050375e-16,1.80731695843808e-16,-2.07902223781622e-16,9.39265648769022e-16,-1.65569258597242e-16,6.78274890086044e-16,7.40153832062626e-16,5.44480583668284e-16,-2.51317958767324e-16,-1.68410594965611e-16,-9.47293872475781e-16,1.14777909849285e-16,-1.47171313756212e-15,6.39318118098492e-16,3.5711998426135e-16,-6.89536818656781e-16,2.62503085756128e-16,-3.79030211626873e-16,-3.42933147157165e-16,-1.36941715733936e-16,-1.8690181799593e-16,-4.96349433743318e-16,8.52607770505684e-16,2.64977326998499e-11,4.67522691711861e-16,-2.39347510971038e-15,6.46016773347842e-16,-2.74292853893459e-15,-2.51220506528976e-15,4.09396581870276e-15,3.1477924026109e-16,-3.25264694350188e-15,-1.00254830044466e-15,1.08575460366363e-15,2.34670139223625e-15,-1.25713604900371e-15,-2.92040496331769e-15,-0.707106781186547,4.50435276250199e-15,-1.62072600136732e-14,1.19160915432788e-16,-3.41897619297851e-10,2.04740746240701e-15,-1.24937149041473e-17,-1.37315489151222e-15,-1.82416549851679e-16,6.14545980268638e-16,-4.60855968664311e-16,-7.64484707078243e-17,2.81601929181079e-16,-9.24958900415126e-16,7.26330685763555e-11,-5.08338177242507e-16,-1.26600620904542e-16,-5.05788044651284e-16,-1.09987504696584e-16,-4.36961582389659e-16,6.67855977585038e-16,-5.54142103951087e-16,-3.7083622497421e-16,8.92897923702797e-17,-3.07690724441773e-17,-2.20261430224866e-16,-4.98637214419218e-17,-7.86540265809783e-16,3.67426389439086e-10,-3.85589694673209e-16,1.70366506432182e-16,-4.79474630263445e-16,-4.31187203997485e-16,-1.10731996831024e-09,-3.30944125202415e-17,5.34940034228097e-16,2.5768366186685e-17,-8.15456767117079e-17,-2.4437966585303e-16,-1.00183061160568e-16,1.3849802552607e-16,5.06002150665559e-17,-2.40665848525966e-16,9.13713158876879e-17,4.65582539564822e-17,2.4404630215816e-16,-1.59532835407364e-17,2.29949657010581e-17,2.97909774713149e-17,9.96055657223889e-18,-2.13240659337543e-16
"t863",-0.0492077000316822,-0.0846121851701203,0.0299995465414618,0.0444502352348546,0.00382913620728791,-0.00181347756721323,0.0102454898852488,0.000196605591914791,9.090367480625e-05,-0.000408473914471599,-0.000251646013326878,0.0256510073330999,-0.0468131095209661,0.00866930072725563,0.00790075798906775,0.0115062390798222,0.00120091409588709,-0.0727042169725873,-8.11853536592659e-05,-2.92603574523712e-05,0.000351575986198748,0.000156515418170272,-0.000888269392981244,0.01799102304455,-0.0544518099262799,-0.000121126001405527,0.000130183609938142,-0.000113076772051724,0.00164899683267052,9.64474687724717e-06,-7.17127484354379e-07,2.09739091412371e-06,-0.00150642164021245,-1.1018397350388e-05,-1.2140574192198e-06,-1.88054751845128e-05,-0.0347594148195704,-4.20448254130642e-06,-2.33256255003368e-05,-3.65926473407667e-06,-9.35585067953452e-05,7.18856679821117e-06,-7.28945448846646e-05,4.28148467722306e-06,-0.000123309843719593,-1.69293927560787e-06,0.0674368823012026,0.000184246563195706,-6.87824043533853e-06,8.45575111910334e-06,-6.436948397658e-05,2.76798123594016e-06,-3.79290422462008e-09,6.96437204631252e-06,-2.41251306745972e-07,2.35627073162475e-06,-6.52024319852156e-09,-5.53148739593788e-07,2.24160313112333e-07,-9.04522167256371e-07,-1.0970351440193e-06,1.88347797780302e-07,-6.56351053554238e-06,3.54318534624182e-06,-2.74970273117861e-07,1.11118713500422e-05,-4.1238087951343e-08,1.37808433702493e-06,-3.61523830896496e-06,1.27093636555192e-06,3.53830273527765e-05,-3.60145377622358e-05,2.87669827947752e-06,0.108758278417996,0.153974154269152,1.22976622260052e-07,-0.000640147920469766,7.99461474654151e-06,-2.07098070950843e-05,-2.34703459664982e-05,6.97989694041563e-06,0.000105983402665731,-1.62881130844268e-05,-0.000114480407913318,2.0696366195348e-05,0.0118450967344583,0.000935529288801015,1.21613839131595e-05,3.71475390899952e-06,-0.00082923320270479,1.34011140269229e-05,-7.7282953600934e-07,-6.54107757955199e-06,0.000996247612069615,6.09195457148849e-08,-2.40185443445129e-06,-0.000514306245203395,-8.91598624889123e-06,1.22463191921122e-05,2.08618582073354e-06,4.04019907080761e-07,-0.00306972256619002,1.52347532919696e-08,2.38533351512352e-06,-2.49820779283413e-06,0.121952127724575,8.2399801931144e-05,-2.84513970025396e-05,7.46197925572535e-06,-1.30426858427419e-06,-5.30154904846719e-06,-8.75369679500438e-06,1.42606591374568e-05,-7.53320597487546e-06,3.54557491943275e-08,-1.17301084220882e-06,1.63224584080013e-06,-1.50354003087469e-06,1.36399529424032e-06,-3.1332663518952e-06,1.1329648215184e-05,-2.5218025604318e-06,2.35117346106351e-06,6.4602820466459e-06,-2.10496357357479e-06,2.08322587862607e-05,-2.12785302640774e-06,7.43202467676797e-07,-1.05401795247755e-05,-0.00039375882741985,0.0507114882985596,8.0400456117709e-06,-0.00247973397878857,1.18078876873844e-06,-1.69837985720466e-08,-5.41853123221231e-08,1.09710157210325e-11,1.79979645720562e-08,7.18580286673638e-09,-2.23056703543975e-08,-2.09095067798922e-09,-9.48397877385934e-08,2.30840186805075e-08,1.58778663320092e-09,5.01409871565481e-09,-4.87790956426749e-10,-4.00458028196182e-08,8.95473833147047e-09,6.33024899651984e-10,-1.82639651876686e-09,-2.87137846165545e-07,-9.0388779422972e-09,-1.99934025546485e-07,7.75338046242055e-08,-3.08361445562956e-08,-2.8224727091518e-09,4.38797440681048e-08,-0.000417847771458626,1.86692185781547e-08,4.82020952932002e-09,-2.96303758585515e-05,-4.06829641416919e-08,1.53322976612365e-09,1.33430609471559e-07,5.97143301002952e-08,-5.75108247977299e-07,8.42381860099383e-08,1.44924590180523e-09,7.21728712230533e-08,9.82793836749702e-08,-1.85998952665054e-06,-1.8482992258774e-07,2.30798523761174e-08,8.23454013342898e-09,2.21207589513497e-07,3.05760409637769e-09,1.92565132294619e-08,-6.63980047101918e-08,-1.53046479934816e-08,-2.27632839036677e-07,-4.50600510688151e-08,-3.02226006591437e-06,6.96472791627976e-08,0.00196783465039958,2.0080022299385e-08,0.0719124355472835,-5.15608679493435e-06,2.21599348874221e-07,9.81225468186173e-07,-7.61650815011521e-06,-1.80854594537445e-08,2.55993673330614e-08,7.16210089284759e-08,-0.346794067335916,4.00903221121396e-08,-3.89930057500662e-08,-7.02885983089445e-08,-3.45202518946851e-07,4.00461723240208e-08,1.64234297037946e-08,1.63752131687351e-08,2.71895409194003e-06,-4.44856155564106e-10,-0.000161059271291686,2.9470203597304e-07,-3.44728353518878e-06,7.23725828885786e-08,2.74840791973088e-06,-5.7823209767901e-07,-0.00778641538154146,-2.38590833035065e-06,8.60950979919574e-06,-4.98328304392446e-05,-1.49829517816117e-07,-9.57568511725295e-08,-1.29273931145845e-07,2.06806379737078e-07,1.80918221073218e-08,-3.42010202700467e-08,-1.73210615862702e-07,-9.49976990826905e-07,7.8857994638138e-06,3.06158552009651e-07,9.97089677167323e-07,-2.59740631947203e-07,-1.33488688605358e-07,-1.41014853680048e-06,-1.00267494716821e-07,-1.60175185316891e-07,-1.30180232415666e-07,2.79613905017415e-06,9.33509837363619e-07,4.53234229800192e-08,7.60343538013119e-08,-4.13192375140064e-09,-6.90498337994756e-08,-3.66489654515692e-07,-4.28097034477483e-16,-5.71133679733258e-08,4.32595223454893e-06,-1.3000833791097e-07,-2.47861981526099e-06,-4.19120712451986e-07,5.02700511140092e-07,-9.17565459864823e-08,3.40813035515209e-06,-7.85533731312986e-09,5.45898320648028e-10,-1.45553205271039e-06,1.43570950402049e-06,-4.69401489764397e-08,6.53846513823668e-06,-3.38346266777377e-07,2.90479409499641e-07,-4.05079176274512e-08,0.23192798576219,0.0313679446545656,1.13313845991854e-05,-1.33715218102759e-07,2.22097147653792e-08,-3.91209539563463e-07,7.14065556652253e-08,-7.42064401686465e-06,5.59714438749959e-06,-3.31456382027883e-08,1.1302606669881e-08,-0.485154825385831,5.9814501503496e-05,-0.00207559108443359,1.49977777311506e-09,4.16398315394375e-10,3.344874184266e-10,-6.4787982898412e-08,5.00125651841374e-08,-8.76373923821041e-09,1.46917606165428e-07,-2.41174010588754e-08,-2.27333854889715e-07,1.4926154285986e-08,-1.08032457047038e-08,4.19758123377962e-09,-7.04673956767921e-16,-1.46789655285249e-08,-5.21680434481943e-10,-1.32182109370217e-09,-3.23674696180274e-06,1.15546943942155e-09,-7.58479305940221e-10,-1.82068758190872e-08,2.67880639806443e-09,-2.16251606172894e-08,5.68435038527228e-08,2.20125450650561e-09,-2.24553060866666e-09,2.96738463999544e-08,-3.65313808923718e-08,3.17780185362713e-06,-2.02730461068248e-08,2.44249944238856e-07,1.22558945919999e-09,1.05747872779126e-08,5.54261161979816e-08,-5.31966728980422e-07,0.000811453164145126,-4.28336371864799e-08,6.01704176319976e-08,-2.1989878946942e-07,1.44238573459396e-08,1.3062843777654e-08,1.00052087577639e-07,-2.69812408350584e-07,-1.36844799879643e-08,1.80013362751185e-07,-7.43375109977434e-08,1.84433932962539e-09,1.72699404226952e-08,-3.40046859894472e-08,7.05535466597051e-18,1.19667604955723e-10,2.66976446226189e-05,-4.42330138991794e-08,3.26467631874097e-08,4.67357130717668e-08,8.67909261115329e-09,2.06774807051035e-08,-3.12283176331922e-07,1.25594871197618e-07,1.39964776504868e-16,-1.63579904895491e-07,-2.47460371406272e-09,-4.50826777726552e-08,0.0049955829329836,2.47480510996586e-09,-5.42575137793478e-10,-2.95602149285865e-08,8.76860859231007e-09,-5.23440856057402e-07,6.5889646882403e-08,-1.37440369963199e-08,-2.51674072634183e-08,-1.34041598723981e-09,-1.34114435000805e-09,-2.5636526322497e-08,5.785610029692e-06,-2.7766373020065e-08,1.14799009796046e-16,-5.86914990264207e-07,4.63128046183274e-08,2.13170484628686e-09,1.18578266739577e-08,-5.57235800070318e-08,-1.19735650759187e-07,7.30099437709988e-07,-5.687639832981e-06,-1.00300559230236e-08,-3.55548226202228e-16,-1.90601813400933e-08,-1.17882728590513e-05,-2.41140086296505e-08,-7.32938637418842e-17,4.58788206446294e-08,4.62575921493701e-07,-7.06228814273379e-08,-3.76464488318379e-08,-1.26077670311661e-08,-6.77701813389913e-09,-2.43552466120364e-07,7.05351255236202e-09,7.5820367704306e-08,0.000561773762371995,1.36917857542884e-08,1.38426806786324e-07,2.47549211639411e-18,-5.66563330601823e-08,2.66423931881975e-08,1.72907226143305e-07,-1.7478812303369e-08,2.93989626351698e-17,-1.70259819543261e-08,2.20509753761223e-08,-7.64867422394872e-09,-6.80366375763411e-09,-1.72237277360374e-08,1.27319080898212e-07,-2.42543367867001e-07,3.37878100102554e-08,-5.6934261315131e-17,1.23195680576357e-07,-1.64360436996066e-07,7.28561631381522e-07,1.52352149612475e-07,-1.54836364499823e-08,-1.0396660915031e-10,4.59701721133854e-17,1.89980076986238e-16,-1.00487755143505e-10,-8.95005456526206e-08,1.18008677977128e-08,-1.71034397279155e-08,1.07903925348887e-16,-8.14405372752478e-09,-9.63196656850154e-11,1.06432513046204e-16,-9.9033715491577e-19,1.09423588618418e-16,2.05292316659504e-08,6.05935594581186e-08,-8.79085512392044e-08,5.22278537460713e-08,2.6068623458786e-08,5.98973317190871e-08,-3.32372231000553e-05,-4.83283533426486e-17,-1.30935448803548e-07,9.79855087152759e-08,1.20735288824336e-16,4.87525560531599e-17,-3.25430573161911e-06,-4.78561404671635e-12,-3.66231496667059e-08,2.86351233869175e-08,3.61804772911999e-08,-1.94627450923527e-09,-1.38745137877345e-16,-6.54638381623089e-09,-8.98349640343695e-17,-2.23219771718891e-08,-2.80889677836682e-16,-4.05979487367985e-08,-4.15295331665905e-19,3.17596350847959e-08,4.39402860740574e-08,2.63606371244303e-09,3.46821474072447e-08,1.90381127412703e-07,-1.37455363342837e-08,1.39213943203117e-07,4.40613673402068e-09,2.14371749750059e-08,1.98872279533963e-09,3.19387807105606e-08,-0.000221978139280343,-1.96268188165701e-08,-1.65580023917309e-09,-4.00938878877893e-08,-5.39458681162668e-17,1.94546942983731e-05,-1.33963273220203e-05,6.37091821754505e-09,7.83509329681013e-15,8.47806099891138e-10,2.33190692173237e-08,8.63260814417383e-08,2.59187487657858e-18,-2.8416172418516e-05,-1.05007112562641e-08,1.75181059263079e-16,-1.39685704025189e-08,2.22672359965608e-07,-4.75321436296641e-17,1.30950838761534e-17,-2.18977322043045e-05,-6.43464777118909e-09,-3.74591921997973e-11,-5.37592273276192e-08,3.24896155076575e-08,0.00185803221736941,-3.46699482836519e-10,4.01939147830588e-08,-7.12660710682063e-08,1.07449856304176e-15,1.63413603074491e-09,1.0214929338751e-10,2.83033108047149e-10,2.65979216758901e-08,-5.26565976469299e-17,4.8822918666155e-17,8.79129388572508e-09,-2.28193735555388e-17,-9.46746568759122e-17,5.64344304717448e-08,-6.33361887878268e-08,-1.29575309346659e-07,-7.16287268531299e-10,3.28785616916473e-06,2.26769469262185e-08,1.95850854056049e-09,-2.46464597705659e-16,4.97672252388604e-09,2.33085693204812e-10,1.07055669627686e-09,-3.93773232756994e-06,4.74435908975934e-07,2.60381314599948e-17,-1.56301024254198e-16,4.44744733040093e-18,-3.77271208535807e-09,-2.02262026089279e-08,-1.06495882599241e-08,-7.48141399451017e-17,-0.000403681331382271,1.24228309411024e-16,2.51305947875329e-17,2.28335823479385e-07,-5.01585633391855e-09,-1.30104260698261e-17,-1.26086783227801e-08,-0.000111057935591225,6.05656978936806e-17,1.86239150165921e-08,5.87143115899563e-17,5.02545650482137e-09,-1.68737696688608e-16,5.01658347498487e-09,4.34443980120161e-08,5.66771709441634e-07,1.48064607287482e-09,1.017723381102e-08,-3.53951830074748e-08,1.41320034732418e-08,-1.72483520228262e-17,6.4655888834854e-07,-5.82725718734478e-08,3.44986822010276e-17,-4.81229929113157e-09,-1.41358210150831e-08,2.28386097349096e-08,6.2060047624643e-17,1.07459493451203e-08,1.92975140760072e-05,-9.31195979598586e-18,-3.4390618356534e-08,-7.64886905141169e-09,-0.00018105544427657,-1.11652724194839e-16,-2.66583807550144e-18,7.1760881637722e-09,2.20057950786394e-09,1.78086561380044e-10,-1.99501834816019e-08,1.31174599970318e-09,1.71188135541799e-16,-3.77019727869007e-18,4.79133007799513e-09,3.30284682238899e-11,2.80854245805373e-17,1.15901208015724e-08,-8.08369155373051e-17,6.62215894097144e-08,-2.222714614146e-09,-1.29883804697772e-09,-8.61426899153418e-09,-1.900188532907e-14,1.04019442150497e-17,1.02519866634218e-16,-1.95302622091057e-15,-0.000188328021725934,-1.63924253079494e-08,8.47902107344821e-17,9.58549455701416e-17,-2.0072529766457e-16,3.72197182546126e-08,2.10398075224969e-10,-1.84731158500984e-08,3.00488262350689e-17,-1.45635456819115e-16,2.29308759480684e-17,-7.21690249672814e-08,2.43779492082762e-08,-1.97824788841839e-17,2.69165587116575e-09,-3.61615033604974e-06,1.00261515604397e-16,-1.03769192639343e-16,-7.01677747995245e-09,-7.19022430023063e-11,-3.48009371047939e-09,-2.70395724357732e-17,3.92134783114256e-09,5.71492137289287e-09,6.13822468157322e-09,-5.60307371966665e-09,-1.99653596181216e-08,1.70191220114478e-09,1.00938446678764e-16,-1.43750062818697e-16,2.37799543703949e-16,3.24904748170663e-08,-4.68092949980848e-08,-1.60259608068684e-09,-1.26496792005722e-09,8.58848000997711e-17,-6.17196964657461e-17,-1.47892757131723e-16,6.37634524549137e-17,-1.52787792996549e-16,1.5696193249896e-07,-1.23750122512995e-17,-1.46311825323106e-16,-9.82916416698152e-10,1.89952752094125e-16,-8.79962887764942e-10,1.23390387807253e-17,-1.09113609172754e-09,-5.32770116328045e-17,-1.32612185243046e-09,-1.66124493260289e-10,-1.05017829907306e-07,6.52593638673105e-18,5.35145819356135e-09,4.50288832889405e-17,7.63592438480096e-09,-3.51247621523844e-07,7.50738569814033e-11,2.00704197012347e-16,1.10351890210441e-08,-2.42642179011149e-16,-2.75724829489535e-09,-1.55802568194588e-08,1.30818947931413e-16,5.42279897263836e-17,-2.01818690419769e-16,-3.26401133297295e-14,-5.37612084186991e-11,-7.08559502542007e-10,-1.61257456512962e-10,-2.88533626931053e-16,-2.29744347873204e-16,-0.00510788182085968,-1.468411896285e-07,-3.43321252743307e-16,-3.82391785218436e-16,-5.96660398438897e-10,-3.52761885093755e-17,-4.30426402261901e-09,1.70851446872707e-16,4.18100803206693e-08,-5.17562671007496e-17,-1.42023318447316e-16,1.38935782433349e-17,-7.10903243217748e-17,6.77144965929265e-17,-5.29172580656087e-17,5.68770191424547e-09,-3.97851323434569e-08,-2.13682329621049e-17,-3.83710879663935e-09,1.46203874030306e-08,9.63394006406302e-17,1.50266916779589e-16,-3.51028562433467e-17,-3.00619890791309e-16,1.45005764333361e-09,2.3218498200464e-10,-9.54561271645605e-17,-3.43630443301271e-17,-2.64075407037348e-09,-9.42306153656425e-09,-3.5517641862671e-05,3.06974727001092e-16,-7.86840654709678e-17,-2.133526715441e-17,-1.94362248397094e-17,-1.37124100620686e-16,2.68082129341951e-16,5.60376852451764e-09,-5.30304757689718e-09,-1.02022752623478e-09,9.67576713323441e-18,3.26674915766742e-17,-6.58491159964125e-17,-2.23152164410611e-16,-4.26835852106833e-17,7.32937965811595e-17,-1.50710553153492e-17,2.25164218616619e-17,-4.66943320774426e-17,2.60705465962754e-17,9.10964420890328e-17,-3.09219125336424e-16,9.26183698190845e-17,1.25540254647328e-16,3.89466858127719e-09,1.77921433506871e-15,-4.1420047297465e-18,-6.03365420780284e-14,8.77251875688088e-08,-9.61679805373541e-11,-1.425637753378e-16,-1.42415557387575e-09,8.02561535046023e-08,-7.50642752839167e-17,1.68042884549761e-16,-1.40994277479004e-08,-1.73843026337248e-17,1.98017739343794e-09,-2.8649068802254e-17,-2.65282266736517e-17,1.79233938734349e-17,-1.54555525299982e-16,1.76688640440035e-10,-2.42658146094201e-08,2.100354064627e-16,9.08964326553471e-17,-2.66495650550971e-17,-3.49158360313985e-16,1.89193279098721e-16,-1.4420146120044e-16,4.22334511689377e-17,-7.20660053967007e-17,2.02744819933105e-09,-1.90391315740362e-16,-3.68158342323662e-17,-8.80737758573506e-19,4.54251576758841e-17,1.89399285751686e-16,-3.87495834797326e-17,-5.79728751453782e-09,3.34319143387017e-17,2.33404282086883e-16,4.32308298717273e-09,-2.38325224498202e-17,1.82546676847975e-16,6.83815667397967e-17,2.76071778898431e-16,1.26434280765233e-06,1.06560461059073e-16,-2.66677915698275e-09,-2.69829674675031e-16,2.89411411355254e-17,3.16471247340624e-16,-4.49262781212773e-16,-1.86575451353958e-16,-2.3637225783307e-16,9.6443785171515e-11,-4.3004733062233e-16,-2.20520887865103e-16,3.75820342106684e-09,-1.20468006416165e-08,1.18192206393248e-16,8.44306763376727e-09,1.23677884449765e-09,3.54103420140986e-16,-2.70864870246255e-16,1.07798108464361e-16,4.98003122633541e-15,-2.93384033880521e-16,-2.08216807840384e-09,-2.39652539816339e-16,1.10527747454728e-16,-4.40590120784011e-16,8.34208208840756e-10,-6.41523695766357e-17,4.74862402293059e-16,4.17972882218616e-16,-1.19639586837236e-16,-3.81019719922073e-10,-6.29377072610705e-16,0.000327398158077444,-1.16129913967652e-17,1.32903792266593e-16,9.36782224352028e-17,-4.58984066113244e-17,1.40730623004425e-16,-6.29543896358049e-16,-1.50933349411612e-17,-1.37050127935971e-08,-1.50035962456823e-16,-2.22877349425926e-16,9.16098324380017e-09,-1.71880888891318e-16,1.22771803770724e-16,2.97833904210446e-18,-2.92156260505626e-17,-8.48438052447231e-17,1.58595932148078e-16,-6.06038807470322e-09,1.98551711414954e-16,1.28362421000756e-17,1.97992957155388e-08,2.58867552388357e-16,-7.05910467857027e-18,-4.52548813168653e-16,-1.37214271955193e-16,-2.14114398802591e-17,-1.55062693717912e-16,-7.05494898875625e-17,3.97555829690894e-17,1.73220269489743e-16,-3.74024443100237e-17,1.46493297114324e-16,-1.0400569065209e-08,2.17034299966889e-08,-1.86859021107191e-16,5.31795201798491e-18,-1.21973501076388e-15,-1.34676389398064e-16,1.0955862952966e-16,2.61213454040706e-16,2.94064148754795e-16,-1.5759989115711e-16,-2.72837606521063e-10,-7.28060020348617e-17,7.80049938424862e-16,-7.64067224255664e-16,-3.6276577612136e-16,3.49637950647666e-10,3.56335029091808e-16,-3.82781597607138e-10,3.99781886993052e-17,-5.64851618433473e-16,4.12606086374943e-16,-1.92419252400345e-16,2.4077974541192e-16,-8.70308694969564e-16,1.09369832435185e-16,-5.99931089642328e-16,-7.08353438340799e-16,-5.4050952705822e-16,2.44333225202408e-16,1.76262658169277e-16,1.00677651908894e-15,-1.5413705615255e-16,1.45122728284096e-15,-4.63251753390533e-16,-3.74263617161629e-16,6.7870077399987e-16,-2.35889103951399e-16,3.78793894131014e-16,6.27644637651859e-16,1.42198564640637e-16,2.228927218857e-16,4.51240693179679e-16,-8.28604429634275e-16,2.64974416264276e-11,-4.68016535260847e-16,2.50120980808405e-15,-5.35693985308455e-16,2.66785784011375e-15,2.47918294898937e-15,-4.02450990274583e-15,-2.77866275196159e-16,3.14170565169666e-15,9.44411249208652e-16,-1.11240241033103e-15,-2.5035854465949e-15,1.27057332135862e-15,2.88861099723907e-15,0.707106781186548,-4.5215140109612e-15,1.60467440776087e-14,-1.11365567406665e-16,-3.41901381214907e-10,-2.03471726130661e-15,-1.59717039085403e-18,1.46501026421518e-15,2.36385686690013e-16,-6.03776195288074e-16,2.49025937882669e-16,1.65701344474825e-16,-2.72232161590469e-16,8.7720902278428e-16,7.26329410992145e-11,7.30295042186402e-16,2.19903488791017e-16,4.64461766616749e-16,1.24255054934643e-16,4.27204612175446e-16,-5.63785701346983e-16,5.61096861483474e-16,3.45553196311348e-16,-1.29159735814807e-16,3.96241555636277e-17,2.75533295943711e-16,1.27890152100677e-16,1.06413053156366e-15,3.67426125903343e-10,5.20118262549561e-16,-1.90452504949568e-16,2.86149524150768e-16,-3.91776455027637e-16,-1.10731998849001e-09,-5.73061769327471e-18,-3.27489177528936e-16,2.10373590999653e-17,2.77523861173957e-16,2.93839218622064e-16,7.16073615753901e-16,-1.0129477698622e-16,-2.21824084086392e-17,3.95896902413927e-16,-1.91043490591148e-16,4.07951581152105e-17,-1.08908084003938e-16,-1.67816309507319e-16,-9.23413300404407e-17,-4.45191893714026e-17,7.35691801151546e-17,-2.14894062239485e-16
"t933",-0.0490132923382934,-0.0839068317502306,0.0297413530472859,0.0439370962423068,0.00377497722596774,-0.00178336628764333,0.0100720178316628,0.00019301081659791,8.89391470447819e-05,-0.000397759204197194,-0.000243259739634516,0.0245963510063306,-0.0448316989349737,0.00829677367444074,0.00754635936918319,0.0109594505246586,0.00114247372974049,-0.0691016711522862,-7.70688257863799e-05,-2.76476968664278e-05,0.000330607514100518,0.000145239140104328,-0.000820676735925379,0.0166141670558781,-0.0502681730969518,-0.000111375442997204,0.000119579952522251,-0.00010378383371142,0.00150984526386609,8.68452654061895e-06,-6.41058844907665e-07,1.86498966021442e-06,-0.00132778498104567,-9.65214023342685e-06,-1.05619464489882e-06,-1.61777042631253e-05,-0.0298455756570546,-3.6014581925781e-06,-1.9959434932077e-05,-3.12406236484993e-06,-7.95224791469179e-05,6.08705438578408e-06,-6.15797590730407e-05,3.616204392301e-06,-0.000103861818512106,-1.41184846601791e-06,0.0560754729403675,0.000152998140009742,-5.69050862884827e-06,6.96864991231969e-06,-5.27926962101408e-05,2.26536437031862e-06,-3.1032440733829e-09,5.6839882063911e-06,-1.96056611359938e-07,1.91376059674626e-06,-5.26516987509795e-09,-4.46861779934688e-07,1.81110818647511e-07,-7.35961300961636e-07,-9.04120739605454e-07,1.56741243934596e-07,-5.51670487676747e-06,2.98655675605028e-06,-2.3789863791645e-07,9.93580650879124e-06,-4.17809986862391e-08,1.53756095304315e-06,-4.27809639980815e-06,1.73097052830924e-06,-5.56932662013497e-05,7.55493009678193e-06,-4.64269643164241e-07,-0.00990672374391359,-0.0129865827006781,-7.84194363512299e-09,3.62414961718965e-05,-2.2714169439197e-07,-1.2092774150541e-07,-2.80778649615526e-07,1.08559170761287e-07,1.63231033536553e-06,-1.08377074337748e-07,-2.12211525443237e-07,-5.60665257761747e-07,-0.000437569463283793,-4.45479979069548e-05,-6.00916735621014e-07,-1.85303727675411e-07,4.23511682048029e-05,-7.42383337135278e-07,7.76600675741861e-08,6.86672508815318e-07,-0.000136105359118804,-1.19602338299282e-08,4.94445366738256e-07,0.000106105603112909,2.06063984811684e-06,-2.94574755783614e-06,-5.7812130009118e-07,-1.24450027291885e-07,0.000954146931509222,-4.78343509797369e-09,-1.1079817667873e-06,1.1900041439224e-06,-0.0592214435141483,-4.13789992628726e-05,1.44195224403871e-05,-3.84325321035976e-06,6.88051705073617e-07,2.81838388939596e-06,4.86591327625269e-06,-7.96838578618994e-06,4.68759345804679e-06,-2.25362198510535e-08,7.79393823428766e-07,-1.10521095913525e-06,1.06864963250999e-06,-1.01055137321909e-06,2.38617687770376e-06,-8.74993089785279e-06,2.02196475738661e-06,-1.9097219637571e-06,-5.24877013834612e-06,1.71172564603127e-06,-1.6905698899236e-05,1.72518404251056e-06,-5.91678914314737e-07,6.83795618189624e-06,0.000254287501923406,-0.0315956446195352,-2.63654023595573e-06,0.000592564738615475,-1.95573107391474e-07,-4.03757998482126e-09,-1.68220882890537e-08,2.72889977677439e-11,1.8069758595005e-07,-1.83405378368049e-07,5.40240225693032e-07,3.96128917582114e-08,1.63860884780903e-06,-3.54468005554252e-07,-2.34847797338273e-08,-7.41275734810806e-08,5.97519020420156e-09,4.20145661526359e-07,-9.17504705310024e-08,-6.52531562029437e-09,1.93159613786495e-08,3.0449570564687e-06,9.72166244925855e-08,2.17029236420387e-06,-8.51181485485302e-07,3.89206222385663e-07,3.66389685270819e-08,-5.81614670687835e-07,0.0118638637735034,-7.44964451949253e-07,-2.05066635899354e-07,0.00198126677503997,3.07928373976615e-06,-6.39989472814831e-07,-0.000121976712891512,6.45902307157063e-06,-3.02331687477931e-05,1.82992612830068e-06,3.08686185167645e-08,1.52962171212309e-06,1.93854583731746e-06,-3.39659011144991e-05,-3.33981916036234e-06,3.65167453234108e-07,1.25476576902157e-07,3.12505116095388e-06,4.24446668028523e-08,2.64961660529556e-07,-7.88777219068303e-07,-1.60393868980947e-07,-2.33987509087953e-06,-4.54960657940069e-07,-2.90288625082741e-05,6.56968628476381e-07,0.0182470706641725,1.83309302856712e-07,0.625260026062484,-4.43313426440401e-05,1.75705095526877e-06,7.76354212718753e-06,-5.91293835793969e-05,-1.38588823513891e-07,2.30959974639189e-07,9.06606383616176e-07,0.201601537057472,1.28505711626183e-07,-1.78145454512492e-07,-3.2483045104175e-07,-1.61072785757122e-06,1.86928479838045e-07,7.4271233129698e-08,7.3901144833506e-08,1.2044276954471e-05,-1.93679967279e-09,-0.000682827137709623,1.24938028132921e-06,-1.46097142756958e-05,3.07698688301428e-07,1.17742164569361e-05,-2.65436452739217e-06,-0.180067409263775,-4.83821821162483e-06,2.00906183652248e-05,-0.000136451760699787,-4.15941348462116e-07,-2.65865018760324e-07,-3.5908117695035e-07,5.6497411466124e-07,4.91852322498854e-08,-9.01492503988941e-08,-4.45398491626017e-07,-2.42084564280527e-06,1.93210268099233e-05,7.42795011796008e-07,2.39278129821417e-06,-6.02098697905761e-07,-3.07208600164756e-07,-3.23950696684737e-06,-2.21158503444852e-07,-3.44234132356768e-07,-2.71455282347642e-07,5.74853038003954e-06,1.8905773632018e-06,9.04780890549389e-08,1.51158536842706e-07,-7.89526105256487e-09,-1.28545529327974e-07,-6.62379126392954e-07,-3.34363212406831e-16,-9.86627456059452e-08,7.40262719792087e-06,-2.07433876671629e-07,-3.72334523422189e-06,-5.96017043892695e-07,7.12405511690341e-07,-1.15527713743576e-07,4.19610217105049e-06,-9.56962102584953e-09,6.30498770667292e-10,-1.6170810175212e-06,1.47580689028823e-06,-4.64657421905102e-08,6.36829951086611e-06,-2.99234251312491e-07,1.32190393956243e-07,-1.12214233278986e-08,0.0268614620118662,-0.00883266260310852,-3.54182086281565e-06,8.51622249621247e-08,-1.85192522995964e-08,4.40906202429887e-07,-8.71839379142701e-08,9.77079394373418e-06,-8.05670382226725e-06,5.20666567605027e-08,-1.78467197898403e-08,0.000459902313520255,9.45581633477053e-06,-0.000739077684929025,7.56980513534139e-09,4.33112093976234e-09,-1.29209282605332e-08,1.83697598980065e-06,-1.6108631209756e-06,3.63568328330687e-07,-7.88643829635603e-06,3.82529371071067e-06,-7.0877183240306e-05,6.40160615139737e-07,-3.75172159882638e-07,1.2714409494925e-07,-2.410747057602e-16,-3.13911135181667e-07,-1.07590243385029e-08,-2.44878977567528e-08,-4.88783807388585e-05,1.52132287993774e-08,-9.44122283818222e-09,-2.20813735718899e-07,2.50469456022234e-08,-1.9954658936032e-07,5.22689210279403e-07,1.91429947469028e-08,-1.71466475295653e-08,2.22293605062478e-07,-2.70182097450517e-07,2.25892435715781e-05,-1.27584379384972e-07,1.47640782834551e-06,7.39208148192149e-09,6.37399462280341e-08,3.09122607893708e-07,-2.99353058318148e-06,0.0094531119371003,-1.99866054339641e-07,2.90054066610526e-07,-1.06161994411084e-06,6.89337302625266e-08,6.2353460506509e-08,4.76512413104832e-07,-1.28304700348189e-06,-6.47509560506786e-08,8.4731435181646e-07,-3.48335267686362e-07,8.62651214362526e-09,8.05422437902125e-08,-1.57757885205201e-07,6.36125655260848e-18,5.61651837666438e-10,0.000126319601577464,-2.12759824940573e-07,1.57121582796637e-07,2.25068248015788e-07,4.20108025824035e-08,1.01189154622997e-07,-1.55221178807664e-06,6.5185154880555e-07,1.96546747480808e-16,-1.07007907478399e-06,-1.71727086193411e-08,-3.768491220955e-07,0.0430534072410716,-6.79265061676182e-08,1.39328329125448e-09,-2.02927502201557e-08,1.26530559704664e-08,-1.14175722859973e-06,1.63777011827366e-07,-3.57884465182721e-08,-6.68220164024422e-08,-3.59584250662645e-09,-3.65455048270983e-09,-6.99661122794857e-08,1.59354638921734e-05,-7.69634601280955e-08,-1.52545013119311e-16,-1.67967796584467e-06,1.33109075573261e-07,6.12703855016728e-09,3.44008015651578e-08,-1.61839039022586e-07,-3.50920545361057e-07,2.14286000285632e-06,-1.66973601121732e-05,-2.94685993095268e-08,2.44282736206071e-17,-5.60373966134963e-08,-3.46647239160601e-05,-7.0946670720107e-08,4.38815409695564e-17,1.35009707143829e-07,1.36124633665148e-06,-2.0782453812778e-07,-1.1078087363656e-07,-3.70974698377909e-08,-1.99391060023123e-08,-7.16508819299256e-07,2.07437221953565e-08,2.22969949137934e-07,0.00165153800194059,4.02257719413167e-08,4.0667600164529e-07,4.21703027601031e-17,-1.66176174100559e-07,7.81184373927833e-08,5.06605621983911e-07,-5.1149664718313e-08,-7.92591927191341e-18,-4.96813601331192e-08,6.41166262193205e-08,-2.22026683628404e-08,-1.97341972330598e-08,-4.99102493565257e-08,3.68281086763588e-07,-6.99516824234472e-07,9.67338281209975e-08,-4.02250063516273e-17,3.50445806508678e-07,-4.6728514020212e-07,2.06895069197704e-06,4.31958112446791e-07,-4.38948118352829e-08,-2.94604331849872e-10,-1.70002900645727e-16,1.86713628307403e-16,-2.84020017064653e-10,-2.52410273802816e-07,3.32718717229996e-08,-4.81284527541435e-08,1.91513560729681e-16,-2.28213911121697e-08,-2.69417110610717e-10,1.49683998246793e-16,2.66732525300328e-18,-2.61143301707743e-17,5.71033458177418e-08,1.68427586271232e-07,-2.43773378673568e-07,1.44542736245317e-07,7.21293691757813e-08,1.65385812308725e-07,-9.17512964103305e-05,1.47046373999006e-17,-3.5996464469443e-07,2.68997585339098e-07,-7.5460753001862e-17,1.48507444031486e-16,-8.88570583377494e-06,-1.30506385687784e-11,-9.97017212012346e-08,7.78680879097859e-08,9.81778570320785e-08,-5.27953717434605e-09,-2.06099659013314e-16,-1.77497482825716e-08,-1.27890622900219e-16,-6.0443298417481e-08,-7.42827565951287e-16,-1.09824498057166e-07,-2.97388170160962e-17,8.58104043687517e-08,1.18691755586478e-07,7.0976752020779e-09,9.33193807202461e-08,5.12114568007941e-07,-3.69295069959657e-08,3.73624963031019e-07,1.1796531399137e-08,5.73924269851309e-08,5.32032767027563e-09,8.53283078456208e-08,-0.000591968817585622,-5.22610991757621e-08,-4.40369262724592e-09,-1.06569075926503e-07,1.09018296996358e-16,5.16157414445558e-05,-3.54790290586634e-05,1.67853746345005e-08,2.04729014796741e-14,2.23016703021963e-09,6.11875494347777e-08,2.26258066620767e-07,5.05830498782951e-17,-7.44334521588673e-05,-2.74365205328019e-08,-6.93551866596251e-17,-3.64482963063328e-08,5.74376528498902e-07,3.78843710682601e-17,7.86849106058806e-17,-5.59852539414863e-05,-1.64329304998104e-08,-9.50441124256916e-11,-1.34728254387798e-07,6.51033386066589e-08,0.00299417703408758,3.05179139550369e-09,1.08789571323873e-07,-1.89307820364777e-07,3.02519511177768e-16,4.32488719799702e-09,2.70199316522366e-10,7.47348568935456e-10,7.01018720223627e-08,-7.0299977374936e-17,2.50198056408299e-17,2.31199942554113e-08,7.72961066770756e-17,3.22867509142074e-17,1.47085111010904e-07,-1.64887616165204e-07,-3.37324952558876e-07,-1.86059586122568e-09,8.5380165929022e-06,5.88848015579489e-08,5.08371622050581e-09,-7.28789312215165e-17,1.28732003077553e-08,6.02540973238743e-10,2.76691516040171e-09,-1.01681817576352e-05,1.22370886081006e-06,-6.62060369372355e-17,-4.6420796266044e-17,1.73842431913811e-16,-9.74568466935254e-09,-5.26078636091089e-08,-2.77324605387666e-08,-1.83125501521126e-16,-0.00223820357058622,-4.20043353612729e-17,-3.92285892389543e-18,5.77808888085567e-07,-1.26926146525492e-08,1.2793585635329e-16,-3.18936885623214e-08,-0.000280821308233385,1.44005572169978e-16,4.70501514623131e-08,4.35573026647347e-18,1.26799291065404e-08,-2.80622722159144e-17,1.26560251407848e-08,1.09592923855408e-07,1.42958776404071e-06,3.73412919994523e-09,2.56578841163509e-08,-8.91182733525836e-08,3.55142597180992e-08,-3.90098704167627e-17,1.62087801008271e-06,-1.46046732516928e-07,-9.66700135433354e-17,-1.20566636964994e-08,-3.53927695049398e-08,5.71488027793487e-08,-6.83978794017451e-17,2.68328026249246e-08,4.81637874892656e-05,2.57763164550866e-17,-8.57739757134157e-08,-1.90690968523314e-08,-0.000281825896745716,2.21808239045219e-16,-3.13588334714332e-17,1.78544671912381e-08,5.46946611307039e-09,4.42537186453616e-10,-4.93705318630029e-08,3.24409667791195e-09,-4.87903416404823e-17,-6.34090330800639e-17,1.18444029754659e-08,8.16436270885593e-11,1.1452494523553e-16,2.86297167457046e-08,2.94130799656669e-17,1.63475463388934e-07,-5.4829248259376e-09,-3.20379284909461e-09,-2.1245191055024e-08,-4.69299023406415e-14,-3.42833119294769e-18,4.70417671205603e-16,-4.92580275960254e-15,-0.000984310165253647,-3.95057769824913e-08,-1.50002065435819e-17,1.678580964935e-16,3.40339136773005e-17,9.09505914906286e-08,5.14465486583094e-10,-4.51809471762101e-08,-8.17835375535586e-17,3.75540527494667e-17,6.36697725792112e-17,-1.76095827178094e-07,5.94772334590943e-08,6.55254015053031e-17,6.55917866572335e-09,-8.80759785362922e-06,1.95110290181875e-17,3.15337790237384e-18,-1.70694159469916e-08,-1.7489617570943e-10,-8.4587905724032e-09,-2.7685307069538e-17,9.51929719337431e-09,1.38634506869776e-08,1.48753122417884e-08,-1.35592663790131e-08,-4.82968828986487e-08,4.11396600215225e-09,-3.71526808566052e-17,-1.52293203074691e-16,-6.98681667467345e-17,7.81893778303928e-08,-1.12639910035726e-07,-3.85407174567052e-09,-3.03217263453685e-09,3.48353323473488e-17,6.94581704712995e-17,-1.33727813530369e-16,2.45655440066452e-17,-1.91235499665449e-16,3.74776805115351e-07,-4.84769010796925e-17,-2.81881905424749e-17,-2.3428637245513e-09,-1.06722041789187e-16,-2.09726626650969e-09,-3.36922465834102e-17,-2.60014579455929e-09,-3.90339180874583e-17,-3.1493775156115e-09,-3.94169597977161e-10,-2.48816020083211e-07,-2.88335008192917e-17,1.2654168501863e-08,-2.24100703078271e-18,1.79625898220619e-08,-8.18076642154195e-07,1.74751883792588e-10,6.68613375832072e-17,2.55284710388123e-08,3.70862258626992e-17,-6.28246255012083e-09,-3.54636678996009e-08,2.332108858851e-16,-5.4613929147426e-17,-1.58007292355298e-16,-1.51634106313564e-13,-1.19308929690687e-10,-1.55515304618001e-09,-3.47802861648983e-10,-5.90005803683857e-17,1.33482567727908e-17,-0.000922946273587036,1.63507778936593e-07,-5.53397112715345e-17,-1.45906705568583e-17,-1.55982018801629e-09,-1.53852389093999e-17,-1.10676249744788e-08,-2.34716624395059e-16,1.04702250696239e-07,-1.28707837253257e-18,1.76297825656697e-16,8.61777154060732e-17,3.33869865450442e-16,-1.51341557086505e-18,-4.3395710623655e-17,1.3931146708597e-08,-9.74298639158979e-08,-2.55792737407958e-17,-9.35634444076961e-09,3.55950541744685e-08,-3.70769657586406e-17,-1.77177891621965e-16,1.22125689432451e-16,1.09847222191578e-16,3.51118597667295e-09,5.61650210861305e-10,-3.17795263204495e-17,-1.05132774585124e-17,-6.38306502514862e-09,-2.27775429659104e-08,-0.000178744840500572,1.22634705056996e-16,1.14354716187407e-17,-2.76888344426243e-17,4.11743704949461e-16,-1.91088380689039e-16,-1.50869206734489e-17,1.3441319962711e-08,-1.27135689114062e-08,-2.44470019623827e-09,-8.56047967680824e-18,2.085760626714e-16,-2.38279010003777e-16,-2.89832657663712e-17,5.29912087304148e-17,1.20604696721586e-17,-8.05900388721716e-17,-6.20425957287078e-16,-1.85739205395577e-17,-1.65488123209543e-17,1.77897315956272e-18,2.30886754436729e-17,2.8331612924629e-17,-4.23086467884744e-17,9.26673051837839e-09,4.07717273552665e-15,1.094185482292e-16,-2.97389995348978e-13,2.08557690189368e-07,-2.28586698550746e-10,6.29342647490029e-17,-3.3847702958607e-09,1.90559665390296e-07,-1.40569616909007e-17,6.30732979370191e-17,-3.3438595967744e-08,7.75793987168725e-17,4.68977466237345e-09,-1.24153865054119e-16,-5.13948882877204e-17,-4.44037237335083e-17,-3.36175416185283e-16,4.17592412643032e-10,-5.73428680572334e-08,-4.21440741204187e-16,-4.56119724626277e-17,2.41094530436203e-17,5.69768924963678e-17,-4.09828421199521e-16,-7.58513723478091e-17,2.34850347056277e-17,2.46292444107027e-17,4.75924875672844e-09,-4.58007560144043e-18,1.18640275976445e-16,3.1499222323562e-17,-1.44134297593546e-16,-3.38563836152839e-16,2.71022227365842e-16,-1.35902001237757e-08,-1.15664087456082e-17,-5.6646116908756e-18,1.01318179179872e-08,-1.3613325123775e-17,9.96909585396922e-17,1.62216574204319e-17,5.36748685463311e-17,2.95474334116718e-06,-4.17668013050217e-18,-6.22906950220098e-09,-3.25286065863881e-17,-1.57225420453523e-17,2.00643318440839e-16,3.39885734371181e-17,-4.59835867495968e-17,1.43472281080992e-16,2.25043330841864e-10,-2.72921169104092e-17,-1.79840550963961e-16,8.76259533686915e-09,-2.80871110800321e-08,3.32086208367282e-17,1.96717853123424e-08,2.88100531986573e-09,1.9545080235863e-16,1.24348570137342e-16,-9.85993497611063e-17,2.36565873460897e-14,1.88293045087444e-16,-4.83480945988199e-09,-7.77243569604806e-17,3.8317428393755e-16,-1.08716894766316e-16,1.93519733500613e-09,1.00328127416562e-16,-2.74115048094212e-16,1.30181616973432e-16,1.25867064406172e-16,-8.81547902857547e-10,-3.93215575601129e-16,6.20231142468941e-05,-5.26560030691526e-17,1.26531583784701e-16,-2.74566070253558e-16,1.84642071112301e-17,-1.9638272110675e-17,2.50908538162991e-16,-2.25255082281295e-17,-3.17285506253964e-08,-1.63111824512062e-16,6.29070992780377e-16,2.11983996798306e-08,-7.06897431306133e-17,5.84279984909286e-17,3.13614960316448e-16,5.7890485921008e-17,-1.78230647866516e-17,-7.12286938625915e-18,-1.40042787516262e-08,1.05059815002968e-17,-4.82049249165331e-16,4.57249892515122e-08,-1.95841994960953e-16,1.97978935519231e-17,4.34253401478634e-16,1.21640221869403e-16,7.91543154328496e-17,-1.46304450136596e-16,2.80456156728614e-17,2.23022869681803e-17,-6.00716696707535e-17,-3.01495755346363e-17,8.34049879929132e-17,-2.39684861965007e-08,5.00037997000349e-08,2.39423394254495e-17,-2.92978697033464e-16,1.2666871881299e-17,-7.27692908095279e-16,-2.68394247798787e-16,5.5971374586277e-17,1.47000559313754e-16,1.24427163873992e-16,-6.27790038613393e-10,1.07378651291968e-16,6.62618463750218e-17,-6.38174730066858e-17,-4.59944233700428e-16,8.03623952534361e-10,9.12307811491471e-17,-8.78723467360968e-10,2.3794099059852e-16,-4.56493500385238e-17,7.15123410823763e-16,5.92874899589214e-17,-2.21308635589542e-17,4.49947616836914e-17,7.82869502609307e-17,-3.62551808416794e-16,-5.91430717565865e-17,-3.98826025617064e-17,-1.71273648845224e-16,2.21265489222955e-19,9.90710537366648e-16,-1.42913240141771e-17,4.86837583772163e-17,1.90717233245719e-16,-2.95771680606552e-18,-5.98377733626914e-19,1.99607961015665e-16,-1.34841620970236e-16,-1.53433580944717e-15,-6.41297292901821e-17,-2.20738257705133e-16,-3.95823269493254e-16,8.8574852594406e-17,6.05576622160778e-11,-5.64141997921448e-16,-2.11632037169452e-16,1.4629321070438e-16,-7.77263104942986e-16,6.64227252109244e-16,-9.43248248795359e-17,-4.94505389157144e-16,-1.40340747179155e-17,-1.73929307501954e-16,1.07061731426461e-16,-4.38288728227265e-16,1.93355757152108e-17,-5.62149733646293e-17,5.44136509992725e-17,-1.59935825901222e-16,-1.30228432884277e-15,-4.3988805165496e-18,-7.79058785339282e-10,1.20700584186183e-16,-3.51674287387123e-16,-1.24859585604997e-17,-4.72036537653144e-16,-3.54036111971186e-16,1.32760696690527e-15,-5.52301809090888e-17,-1.11599224802809e-15,2.20297804773379e-16,1.65000944458611e-10,9.21834684482181e-16,3.55061664828064e-16,-5.5007428666332e-16,4.25944688970466e-16,8.71428076937983e-16,2.622302368596e-15,2.62208579823212e-16,2.04887161800367e-15,-9.57760741603532e-16,9.76881179822677e-16,-7.70266922404157e-15,-0.707106781186548,3.59298776493494e-15,8.32167137155598e-10,-1.71758577790935e-15,-2.48611837597898e-15,-5.63676945689464e-16,-1.22363057186714e-15,-2.50441316729873e-09,-4.22391600694565e-16,1.59457272066399e-16,-2.26988230288224e-15,1.86143626969091e-15,9.41619487357115e-16,-4.15542648740493e-16,1.14121794058548e-15,-4.41083745744374e-16,-5.33642986114741e-17,7.20797411445977e-17,3.27245025164853e-16,2.67888427538896e-16,1.40243431784326e-16,6.14147348865279e-17,-1.41046000824179e-16,3.25826045314436e-16,9.20361056499699e-18
"t934",-0.0490132923382934,-0.0839068317502307,0.0297413530472859,0.0439370962423068,0.00377497722596773,-0.00178336628764334,0.0100720178316628,0.000193010816597909,8.89391470447879e-05,-0.0003977592041972,-0.000243259739634525,0.0245963510063306,-0.0448316989349737,0.00829677367444074,0.00754635936918319,0.0109594505246586,0.00114247372974049,-0.0691016711522862,-7.7068825786359e-05,-2.76476968664213e-05,0.000330607514100525,0.000145239140104355,-0.000820676735925383,0.0166141670558781,-0.0502681730969518,-0.000111375442997209,0.000119579952522243,-0.000103783833711433,0.0015098452638661,8.68452654060464e-06,-6.41058844904258e-07,1.86498966022196e-06,-0.00132778498104566,-9.65214023343187e-06,-1.0561946449065e-06,-1.61777042631182e-05,-0.0298455756570546,-3.60145819257761e-06,-1.99594349320696e-05,-3.12406236483735e-06,-7.95224791469179e-05,6.08705438577806e-06,-6.15797590730454e-05,3.61620439228322e-06,-0.00010386181851211,-1.41184846601972e-06,0.0560754729403675,0.000152998140009747,-5.69050862886006e-06,6.9686499123194e-06,-5.2792696210156e-05,2.26536437032216e-06,-3.10324407144797e-09,5.68398820639717e-06,-1.96056611379657e-07,1.91376059674095e-06,-5.26516985253257e-09,-4.46861779944815e-07,1.81110818638382e-07,-7.35961300979864e-07,-9.04120739612188e-07,1.56741243948696e-07,-5.51670487675048e-06,2.98655675606697e-06,-2.37898637920114e-07,9.93580650880141e-06,-4.17809986805323e-08,1.53756095306972e-06,-4.27809639982352e-06,1.73097052828108e-06,-5.56932662013584e-05,7.55493009686162e-06,-4.64269643152394e-07,-0.00990672374391379,-0.0129865827006782,-7.84194364058476e-09,3.62414961719051e-05,-2.27141694402345e-07,-1.20927741524799e-07,-2.80778649619257e-07,1.08559170762957e-07,1.63231033535345e-06,-1.08377074374989e-07,-2.12211525449179e-07,-5.60665257749109e-07,-0.000437569463283828,-4.45479979069632e-05,-6.00916735604055e-07,-1.85303727714795e-07,4.23511682047933e-05,-7.42383337141242e-07,7.76600675481652e-08,6.86672508811689e-07,-0.000136105359118785,-1.19602338115381e-08,4.94445366743887e-07,0.000106105603112909,2.06063984810716e-06,-2.94574755784973e-06,-5.78121300106989e-07,-1.24450027299104e-07,0.000954146931509208,-4.78343509410659e-09,-1.10798176673959e-06,1.19000414395226e-06,-0.0592214435141482,-4.13789992628537e-05,1.44195224404095e-05,-3.84325321037196e-06,6.88051705115169e-07,2.81838388940525e-06,4.86591327625379e-06,-7.96838578622006e-06,4.68759345805653e-06,-2.25362198628021e-08,7.7939382341151e-07,-1.10521095912538e-06,1.06864963251351e-06,-1.01055137321129e-06,2.38617687768082e-06,-8.74993089784851e-06,2.02196475741902e-06,-1.90972196375692e-06,-5.24877013838219e-06,1.71172564603698e-06,-1.69056988992151e-05,1.72518404237937e-06,-5.91678914294742e-07,6.83795618191625e-06,0.000254287501923384,-0.031595644619535,-2.63654023592721e-06,0.000592564738615407,-1.95573107397314e-07,-4.03757998069377e-09,-1.6822088288221e-08,2.7288989436649e-11,1.80697585950964e-07,-1.83405378367937e-07,5.40240225682087e-07,3.96128917699484e-08,1.63860884779656e-06,-3.54468005558311e-07,-2.34847797405665e-08,-7.41275734920828e-08,5.97519019185285e-09,4.20145661504355e-07,-9.17504705458892e-08,-6.52531563315633e-09,1.93159613695292e-08,3.04495705652567e-06,9.72166244788933e-08,2.17029236420512e-06,-8.51181485526141e-07,3.89206222406427e-07,3.66389685222936e-08,-5.8161467066818e-07,0.0118638637735035,-7.44964451957292e-07,-2.05066635907308e-07,0.00198126677504001,3.07928373977225e-06,-6.39989472784484e-07,-0.000121976712891502,6.45902307155649e-06,-3.02331687477925e-05,1.82992612829587e-06,3.0868618458412e-08,1.52962171216691e-06,1.93854583727782e-06,-3.39659011145835e-05,-3.33981916029255e-06,3.65167453260399e-07,1.25476576772319e-07,3.12505116094536e-06,4.24446667655417e-08,2.64961660505484e-07,-7.88777219050438e-07,-1.60393869023467e-07,-2.33987509088181e-06,-4.54960657935632e-07,-2.90288625082772e-05,6.56968628448191e-07,0.0182470706641726,1.83309302730893e-07,0.625260026062484,-4.43313426440452e-05,1.75705095517154e-06,7.76354212716837e-06,-5.91293835794231e-05,-1.38588823530789e-07,2.30959974704819e-07,9.06606383629386e-07,0.201601537057472,1.28505711660831e-07,-1.78145454500785e-07,-3.24830451069203e-07,-1.61072785756385e-06,1.86928479833203e-07,7.42712331822306e-08,7.39011447304718e-08,1.20442769544817e-05,-1.93679962983088e-09,-0.000682827137709612,1.24938028113112e-06,-1.46097142756974e-05,3.07698688285678e-07,1.17742164569027e-05,-2.6543645274301e-06,-0.180067409263775,-4.83821821166814e-06,2.00906183652998e-05,-0.000136451760699823,-4.15941348449408e-07,-2.65865018793222e-07,-3.59081177002535e-07,5.64974114635031e-07,4.91852321873901e-08,-9.01492503492221e-08,-4.45398491781451e-07,-2.42084564279464e-06,1.93210268099735e-05,7.42795011613732e-07,2.39278129825859e-06,-6.02098697828448e-07,-3.07208600060235e-07,-3.23950696689342e-06,-2.21158503384959e-07,-3.44234132337672e-07,-2.71455282364753e-07,5.74853038006298e-06,1.89057736322919e-06,9.04780891052709e-08,1.5115853676087e-07,-7.89526132814953e-09,-1.28545529344038e-07,-6.62379126387127e-07,-9.2012792761645e-17,-9.86627455832522e-08,7.40262719769362e-06,-2.07433876814983e-07,-3.72334523418135e-06,-5.96017043775207e-07,7.12405511745938e-07,-1.1552771364672e-07,4.19610217103813e-06,-9.56962127629121e-09,6.30498717514125e-10,-1.61708101748067e-06,1.47580689063281e-06,-4.64657420405145e-08,6.36829951079139e-06,-2.99234251781271e-07,1.32190393986153e-07,-1.12214230478492e-08,0.026861462011866,-0.00883266260310877,-3.54182086286319e-06,8.51622250681119e-08,-1.85192524027516e-08,4.40906202796875e-07,-8.71839376196003e-08,9.77079394369643e-06,-8.05670382234934e-06,5.20666568360962e-08,-1.78467199194084e-08,0.00045990231352037,9.45581633477437e-06,-0.000739077684929062,7.56980526196354e-09,4.33112087300338e-09,-1.29209281315413e-08,1.83697598982017e-06,-1.61086312094241e-06,3.63568328279129e-07,-7.88643829629063e-06,3.82529371072416e-06,-7.08771832403303e-05,6.4016061503215e-07,-3.75172159807352e-07,1.27144094887677e-07,-3.40600950899083e-16,-3.13911135300933e-07,-1.07590242664123e-08,-2.44878977866584e-08,-4.88783807387397e-05,1.5213228715984e-08,-9.44122277754989e-09,-2.20813735840917e-07,2.50469458726577e-08,-1.99546589418527e-07,5.22689210177094e-07,1.91429946310249e-08,-1.71466475196018e-08,2.22293605221217e-07,-2.70182097604973e-07,2.25892435714241e-05,-1.27584379257973e-07,1.47640782788256e-06,7.39208139937775e-09,6.37399459684761e-08,3.09122607899951e-07,-2.9935305831108e-06,0.00945311193710052,-1.99866054563647e-07,2.90054066496387e-07,-1.06161994416899e-06,6.89337303205555e-08,6.23534605233886e-08,4.76512412964036e-07,-1.28304700347305e-06,-6.47509561545933e-08,8.4731435186244e-07,-3.48335267841589e-07,8.62651235344743e-09,8.0542243868396e-08,-1.57757884960131e-07,2.5958258081206e-17,5.61651831764072e-10,0.000126319601577555,-2.12759825119575e-07,1.57121582516905e-07,2.25068248069145e-07,4.20108027249016e-08,1.01189154266829e-07,-1.5522117880577e-06,6.51851548597765e-07,1.72342982625131e-16,-1.07007907487591e-06,-1.71727087752484e-08,-3.76849121995636e-07,0.0430534072410713,-6.79265062006147e-08,1.39328329826105e-09,-2.02927500764557e-08,1.26530559225457e-08,-1.14175722855681e-06,1.63777011746202e-07,-3.57884465294998e-08,-6.68220162796787e-08,-3.59584246680276e-09,-3.65455036514166e-09,-6.99661124368784e-08,1.59354638921763e-05,-7.69634601366829e-08,-1.03548394623856e-16,-1.67967796583442e-06,1.33109075814983e-07,6.12703852634203e-09,3.44008015212517e-08,-1.61839039050717e-07,-3.5092054530804e-07,2.14286000292893e-06,-1.66973601122078e-05,-2.94685993545371e-08,7.87471882617208e-17,-5.60373966137911e-08,-3.46647239160237e-05,-7.09466707987095e-08,-7.27506978817673e-19,1.35009706972026e-07,1.36124633640721e-06,-2.07824538104595e-07,-1.10780874127919e-07,-3.70974699378813e-08,-1.99391060472425e-08,-7.16508819285087e-07,2.07437223942212e-08,2.22969949273445e-07,0.00165153800194033,4.0225772041699e-08,4.06676001669666e-07,2.22747079806345e-18,-1.66176174030513e-07,7.81184373953615e-08,5.06605621984661e-07,-5.11496647716812e-08,2.36421705422745e-17,-4.96813600961457e-08,6.41166262906881e-08,-2.22026681693063e-08,-1.97341971975893e-08,-4.99102496042327e-08,3.68281086776408e-07,-6.99516824089324e-07,9.67338281463107e-08,-3.58812199293804e-17,3.50445806519983e-07,-4.67285140347241e-07,2.06895069198345e-06,4.31958112427308e-07,-4.3894811806104e-08,-2.94604528431195e-10,-3.81639164714898e-17,-3.93057979513726e-16,-2.84020014410627e-10,-2.52410273837172e-07,3.32718716318509e-08,-4.81284527739399e-08,1.80935189555372e-16,-2.28213909129742e-08,-2.69417050549579e-10,-1.06439197615351e-16,-6.61146443897468e-18,4.32354728723951e-17,5.71033456934941e-08,1.68427586337656e-07,-2.43773378809528e-07,1.4454273620096e-07,7.21293690454828e-08,1.65385812370283e-07,-9.17512964104505e-05,-6.99247506110331e-17,-3.59964644698494e-07,2.68997585284574e-07,1.86983020734899e-16,-3.27776465967806e-16,-8.88570583381901e-06,-1.3050865343179e-11,-9.97017211833758e-08,7.78680878177043e-08,9.81778568000072e-08,-5.27953725551186e-09,-1.76148573998402e-16,-1.77497483533806e-08,-6.24810018754237e-17,-6.04432984095017e-08,-1.09451564565127e-15,-1.09824497999475e-07,6.81738888723978e-17,8.58104045634883e-08,1.18691755523737e-07,7.09767537725111e-09,9.33193806704056e-08,5.12114567729389e-07,-3.69295069376585e-08,3.73624963068388e-07,1.17965313865083e-08,5.73924269670412e-08,5.32032807231526e-09,8.53283078941822e-08,-0.000591968817585768,-5.22610990187399e-08,-4.40369183083938e-09,-1.06569075835021e-07,8.17297719313458e-17,5.16157414445123e-05,-3.54790290588592e-05,1.67853745780963e-08,2.05806868799993e-14,2.23016681448907e-09,6.11875493238167e-08,2.26258066780777e-07,-6.21476096085081e-17,-7.4433452158944e-05,-2.74365204580482e-08,6.43774018675197e-17,-3.64482963165681e-08,5.74376528433169e-07,4.30818111962329e-17,-1.874097245376e-17,-5.59852539414435e-05,-1.64329304308936e-08,-9.50441783710393e-11,-1.34728254345954e-07,6.5103338640844e-08,0.00299417703408759,3.05179114838766e-09,1.08789571118897e-07,-1.89307820417627e-07,-3.00405316941421e-16,4.32488721054781e-09,2.70199398718423e-10,7.47348302797071e-10,7.01018721542226e-08,1.12980271223963e-16,-3.090874977841e-17,2.31199941491828e-08,2.87613717451414e-17,1.6076085569886e-16,1.47085110886682e-07,-1.64887616087123e-07,-3.37324952578663e-07,-1.86059607936602e-09,8.53801659293663e-06,5.88848015480731e-08,5.08371614831757e-09,2.1361146294031e-16,1.28732006918055e-08,6.02540688753013e-10,2.76691565665134e-09,-1.01681817577075e-05,1.22370886080758e-06,5.3819570021152e-17,3.59072695870861e-18,3.24360133193159e-17,-9.74568483132309e-09,-5.26078634412075e-08,-2.77324603754442e-08,-5.06496645149127e-17,-0.00223820357058625,3.87145163802709e-17,8.75997118702413e-18,5.77808888067042e-07,-1.26926148605259e-08,3.21140683490206e-16,-3.18936883912545e-08,-0.000280821308233313,1.28172832319702e-16,4.70501515288491e-08,1.64978167209739e-17,1.26799292193657e-08,6.89442398540743e-17,1.26560250724717e-08,1.09592923994305e-07,1.42958776411602e-06,3.73412905359476e-09,2.56578837831459e-08,-8.9118273260562e-08,3.55142595897388e-08,4.66466264050884e-18,1.62087801013059e-06,-1.46046732362607e-07,5.41980804565017e-17,-1.20566636250146e-08,-3.5392769316272e-08,5.71488030478762e-08,5.29686858611076e-18,2.68328025912596e-08,4.81637874890573e-05,-1.1830694271194e-16,-8.57739757213046e-08,-1.90690964848084e-08,-0.000281825896745452,5.7952377630314e-18,-3.28745576219651e-18,1.78544673447309e-08,5.46946604458817e-09,4.42537000109065e-10,-4.93705315869359e-08,3.24409717919291e-09,5.17814860748174e-17,9.28879895087215e-18,1.18444025528008e-08,8.16435906136294e-11,-8.15295466682651e-17,2.86297167740123e-08,-2.58708743559937e-18,1.634754636564e-07,-5.48292473246156e-09,-3.2037930629965e-09,-2.12451908600877e-08,-4.68726065682339e-14,9.31394799859975e-17,1.90943871116949e-16,-4.9916875058706e-15,-0.000984310165253607,-3.95057767565621e-08,5.97245274762204e-17,-4.29472312601054e-17,-1.06450071260291e-17,9.09505916715443e-08,5.1446525784987e-10,-4.51809473174802e-08,2.95684151427505e-16,-1.15298124780255e-16,-3.49817830952448e-16,-1.76095827393321e-07,5.94772334565317e-08,-7.04557556453792e-17,6.55917875671638e-09,-8.80759785339357e-06,-8.21455462058829e-18,1.78341621001072e-17,-1.70694162679695e-08,-1.74896259328565e-10,-8.45879040647743e-09,-1.92611577754174e-17,9.51929692825993e-09,1.38634503338942e-08,1.48753119368285e-08,-1.35592662533248e-08,-4.82968826771653e-08,4.11396650188623e-09,5.08332415373712e-17,6.33429018758075e-17,-3.79694934175352e-17,7.81893777637398e-08,-1.12639909920157e-07,-3.85407178277435e-09,-3.03217244947749e-09,-5.5881472787112e-17,-4.69472231953473e-17,6.79993327383843e-17,-2.01214865400268e-17,2.15661187193149e-17,3.7477680500738e-07,9.43896965122924e-18,-2.29179735675168e-17,-2.34286466806967e-09,1.47716274902396e-16,-2.09726599899444e-09,-6.04309255523097e-17,-2.60014591926486e-09,2.74365146474326e-17,-3.14937759035011e-09,-3.94169247086064e-10,-2.48816020046793e-07,-3.5564947524572e-18,1.26541686534401e-08,8.03469774639531e-17,1.79625900717353e-08,-8.18076642085262e-07,1.74751980150331e-10,-1.42883071537427e-16,2.55284708122075e-08,-1.31177190754355e-16,-6.28246257455888e-09,-3.54636676525235e-08,-1.45291586270294e-16,2.76940570398932e-17,-6.39993621211264e-17,-1.51674957269893e-13,-1.19308913642771e-10,-1.55515318668352e-09,-3.47802236837069e-10,-3.26487493395674e-17,-1.18743265147841e-16,-0.000922946273587423,1.63507779135218e-07,5.82396864423149e-17,-2.12761723497581e-17,-1.55982036268379e-09,1.46290093638286e-17,-1.1067624855905e-08,1.92791304769711e-16,1.04702250517224e-07,4.88504727386438e-18,-7.96577481056249e-17,-1.48536952585653e-16,-3.2511046414358e-16,-3.71985989153247e-17,1.28097968009227e-16,1.39311461448078e-08,-9.74298640821313e-08,3.20679304122191e-17,-9.35634454935959e-09,3.55950541431311e-08,-6.50315696439421e-17,1.91484742770113e-16,-1.20695467301311e-16,-1.03345085815944e-16,3.51118627898052e-09,5.6165034615978e-10,1.77392335373267e-17,-1.50039622095281e-17,-6.38306513138366e-09,-2.27775424760821e-08,-0.000178744840500625,1.04796933058371e-16,6.61680896545809e-18,-4.15203960342171e-18,-5.06836208293227e-16,1.84809241503083e-16,2.24450739693872e-17,1.3441319883496e-08,-1.27135692316946e-08,-2.44469978162955e-09,7.18550169836821e-18,-2.3081427968073e-16,2.62705450070787e-16,1.47722892447561e-16,-4.13742383559562e-17,-9.64948353865886e-17,1.26495337748081e-16,4.25981752268899e-16,7.07333262571758e-17,2.25281662764313e-17,3.25777302509595e-17,-1.22276727994397e-16,1.75978199739414e-19,5.67257725569636e-17,9.26673017635953e-09,4.25344461097786e-15,-1.108913642156e-16,-2.97364531509137e-13,2.08557690183553e-07,-2.28586683966703e-10,-4.25119899136714e-17,-3.38477080283252e-09,1.90559664872907e-07,3.955977787324e-17,-1.52499464811795e-16,-3.34385965653527e-08,-4.27699813930319e-17,4.68977531213769e-09,-2.3988212301973e-16,-1.21475917810221e-17,2.42859572569216e-17,2.40742230392457e-16,4.17592481075906e-10,-5.7342867971005e-08,4.28980520101222e-16,-1.10233202128233e-16,1.95087109115388e-17,-1.39914222057929e-16,2.18520947864453e-16,9.13139068233923e-17,2.82657574281762e-18,-9.9584263390148e-17,4.75924876586597e-09,3.38557804005681e-18,-5.54224746015884e-17,-5.47333490542558e-17,2.03140240178276e-16,2.93164500808159e-16,-1.33022652869835e-16,-1.35902005429875e-08,-3.8411686858691e-17,9.34059383255899e-17,1.01318177032948e-08,1.36770025962097e-18,-1.55585665826051e-16,-5.45782959280049e-17,4.62872976752451e-17,2.95474334099364e-06,-3.47452861577035e-17,-6.22906895503459e-09,1.18963144611703e-16,-3.08734577750635e-17,-2.06715456574939e-16,2.21462058015557e-17,-1.12623723040161e-17,-9.6055351861002e-17,2.25043212549794e-10,-2.76980877388364e-16,6.1169846714165e-17,8.76259544845769e-09,-2.8087111120686e-08,-9.27660309940648e-18,1.96717844624701e-08,2.88100630107418e-09,-1.89910417500332e-16,-9.05130173601865e-17,1.57464703043128e-16,2.36564066364585e-14,-3.33372373028014e-16,-4.83481024541607e-09,-1.64861733694556e-16,-2.12903129836036e-16,7.65525328791965e-17,1.93519601982865e-09,-1.04237522625413e-16,1.65764007873172e-16,-1.82572633180202e-16,-1.45131360874464e-16,-8.81547673441207e-10,3.30571820970722e-16,6.20231142467695e-05,3.78438754860144e-17,9.92562697951323e-18,2.81194685773719e-16,4.62095815641619e-17,2.29585616180184e-17,-2.67510677242675e-16,-3.2564905147284e-17,-3.17285505676285e-08,1.39413486863179e-16,-5.23953436802006e-16,2.1198399771078e-08,1.83633423083673e-16,-2.80865792395597e-17,-3.93303784776729e-16,-5.1781205285668e-17,-1.88855561684361e-17,1.03775952625494e-17,-1.40042787069942e-08,-2.22132436670586e-17,5.43892124951939e-16,4.57249892140122e-08,1.66942744211998e-16,-1.12714453311005e-17,-5.01439621130303e-16,-9.79733329548563e-17,-9.20482646500271e-17,1.55561645666979e-16,-3.76525082312419e-18,-8.23589153778281e-17,-1.73781071384224e-16,1.77112548428643e-17,-7.06025121702749e-17,-2.39684861456312e-08,5.00037995298147e-08,-1.55027076267304e-17,2.81258031082027e-16,-6.17497587970974e-17,5.86638822374533e-16,8.27517308149561e-16,5.48929007344103e-17,-9.53346507831507e-17,1.52227315979023e-16,-6.27789643145881e-10,-1.77308422549671e-16,6.47335952152587e-17,-5.39640504974958e-19,3.35682671317453e-16,8.03624067884467e-10,-4.73181214677704e-17,-8.78723327498594e-10,-2.79928703929826e-16,2.86159591754922e-17,-5.94917160735614e-16,-7.83512519016029e-17,9.80787413958657e-17,-1.32086961926652e-17,-4.31615272587467e-17,3.33673780637487e-16,7.26886328847964e-17,1.46292155620279e-17,1.07784817232459e-16,-4.27603280716433e-17,-7.66681051175671e-16,6.62931868172081e-18,-4.45964523076198e-17,-3.9965040133895e-16,-6.91877533900938e-19,2.45640045493765e-16,-1.39785078219307e-16,1.27263592626548e-16,1.63752475121348e-15,7.22932382541561e-17,3.30443021732186e-16,4.34795693510254e-16,-2.89047441870179e-17,6.05577168548111e-11,5.10846121312405e-16,2.43407614622713e-16,-7.26630284114371e-17,5.87584570317516e-16,-6.63171624016377e-16,2.53413627893069e-16,5.51680298980952e-16,4.98512442559314e-17,1.94145328462071e-16,-1.27609063441048e-16,2.3711501512258e-16,1.91779545601417e-16,9.07768787250842e-17,1.25541552902568e-16,1.04209055340122e-16,1.37930984456696e-15,1.55205421544396e-17,-7.79058934353655e-10,-1.55290681398524e-16,4.00961555171403e-16,2.1721430123266e-17,3.39543584022546e-16,5.06649572863975e-16,-1.53811439664465e-15,1.1573372880422e-16,9.53445101962215e-16,-1.16491890638063e-16,1.65001457888425e-10,-7.49327439132662e-16,-3.77390214323185e-16,5.77239651231852e-16,-4.05676076057837e-16,-8.45184584847246e-16,-2.8240298172616e-15,-2.5949790890145e-16,-1.99845037652155e-15,9.56605125876417e-16,-9.55660192381199e-16,7.66154988218513e-15,0.707106781186548,-3.58555521698927e-15,8.32167438233772e-10,1.74607663499853e-15,2.50854714179985e-15,5.4765363786881e-16,2.75333141702694e-16,-2.50441259413227e-09,3.95246379094011e-16,-1.50510865222763e-16,2.04975561685289e-15,-1.66725800336601e-15,-8.03053461208552e-16,4.34249823342164e-16,-9.75029579359864e-16,4.97191544149219e-16,8.11268975906278e-17,1.56963596459899e-17,-5.85575574906633e-16,-1.80733464848607e-16,-2.83440595074441e-16,-8.72082126638287e-17,3.10649171222107e-16,-1.82707466096192e-16,-3.32925944283226e-16
"t16",-0.0491997753370167,-0.084588342589982,0.0299909311266672,0.0444355556384998,0.00382781847942177,-0.00181286850599531,0.0102420765292205,0.000196543070624634,9.08806921991286e-05,-0.00040843524094542,-0.00025172361258701,0.0256763633246466,-0.0468654321259253,0.00867961015055771,0.00791189016986477,0.0115263467528705,0.00120319925577241,-0.0728516478419284,-8.1363643430027e-05,-2.93451887158911e-05,0.000352885570373808,0.000157544196798567,-0.00089511367661452,0.0181319523056151,-0.0548832232194656,-0.000122223474413908,0.000131403603095742,-0.000114163921306683,0.00166609673853191,9.80509064525659e-06,-7.31434494149281e-07,2.14488552299536e-06,-0.00154807516951172,-1.1366721413905e-05,-1.25844124009406e-06,-1.96689493799248e-05,-0.0364170349218573,-4.4147626473835e-06,-2.45164281175581e-05,-3.85466385331349e-06,-9.90081636014138e-05,7.63957691729611e-06,-7.76846536822929e-05,4.56391214543574e-06,-0.000131900066366515,-1.83687891764262e-06,0.0735278745227657,0.000201367088203402,-7.5701747579149e-06,9.3825465845587e-06,-7.2279139366476e-05,3.12675203470545e-06,-4.28837917159209e-09,7.93683929873647e-06,-2.79661431059399e-07,2.73897686669053e-06,-8.04744160880928e-09,-6.96815953488456e-07,2.83109666867051e-07,-1.21416594937716e-06,-1.56119062738282e-06,2.77325238201739e-07,-9.9648539392705e-06,5.42357183270447e-06,-4.50360749222333e-07,1.95857050668961e-05,-9.11689254712164e-08,3.53536639651097e-06,-1.00947574007944e-05,4.29245761254646e-06,-0.000196409421511998,4.2496066634413e-05,-2.89794566716319e-06,-0.0807131796428822,-0.110125276155624,-7.75530158038087e-08,0.000384169209298116,-3.76839291430259e-06,5.57323978241617e-06,4.93484745329905e-06,-9.04625885703532e-07,-1.21627654031727e-05,4.4400414822899e-07,7.59370024222794e-07,1.26210315844622e-06,0.000887063440612974,8.17658857112386e-05,1.08592912472945e-06,3.33516302490158e-07,-7.54585240543763e-05,1.27626836395758e-06,-9.81939155299261e-08,-8.46002805968963e-07,0.000141860701939304,9.56862245027115e-09,-3.808539131858e-07,-8.15856454359547e-05,-1.44160577132024e-06,1.99091470187672e-06,3.43792551502909e-07,6.68266947001127e-08,-0.000507763420920134,2.51994272148554e-09,3.73094830485956e-07,-3.87505909481523e-07,0.0187864098608285,1.25276931166337e-05,-4.3088985587083e-06,1.12212378215144e-06,-1.93937160273432e-07,-7.85309182213449e-07,-1.26575692600853e-06,2.05576123047693e-06,-1.00532311557563e-06,4.64216730224041e-09,-1.46759543670104e-07,1.99752799767115e-07,-1.72118943945323e-07,1.45054617875266e-07,-3.12939852260859e-07,1.08854115941188e-06,-2.0757080093283e-07,1.71399764529108e-07,4.68577579158475e-07,-1.4976066211316e-07,1.27184601050583e-06,-1.28092631069112e-07,3.80977603560096e-08,-2.67146704940435e-07,-9.86830330588704e-06,0.00116660501461171,5.86606414128527e-08,-1.15831099902546e-05,3.44688851356409e-09,4.05151125309288e-11,1.5168328624449e-10,1.50029410850301e-13,2.87945318543977e-09,-5.24368406399232e-09,1.56256714574427e-08,1.224570049035e-09,5.22877990854877e-08,-1.18703634481923e-08,-8.00423384750528e-10,-2.52705218606843e-09,2.28403315688673e-10,1.92551660194217e-08,-4.84077708228109e-09,-3.54784225663543e-10,1.11574637008565e-09,1.76679879968411e-07,5.76066938943971e-09,1.30146357062873e-07,-5.17212040385167e-08,2.62655376985865e-08,2.50848495323777e-09,-4.02152222008098e-08,0.00096644417488919,-6.23109026750725e-08,-1.72157424281137e-08,0.000169478191047183,2.64330438129348e-07,-5.60269167372726e-08,-1.07009206056966e-05,5.75237370332988e-07,-2.72342002680404e-06,1.67728565852194e-07,2.82998745571474e-09,1.40240584864716e-07,1.77833023685395e-07,-3.11642850258411e-06,-3.06428785993837e-07,3.34600914205895e-08,1.14878563010928e-08,2.85409093167006e-07,3.87356806963509e-09,2.41711031275554e-08,-7.12375183924657e-08,-1.4260902723883e-08,-2.0736726478952e-07,-4.01890510555587e-08,-2.5374189947894e-06,5.71722707796184e-08,0.00158075454852132,1.58094475544781e-08,0.0530506037750749,-3.7448380309534e-06,1.420406499292e-07,6.26571644061204e-07,-4.68947743417505e-06,-1.03917406636875e-08,1.63567638400067e-08,6.27856890429313e-08,0.0134643377550395,8.33192893658887e-09,-1.04077956311322e-08,-1.84825863457676e-08,-8.61692618004668e-08,9.66369733615909e-09,2.60616259008954e-09,2.5244198962429e-09,3.00689535134544e-07,-2.73099670201171e-11,1.75359461908556e-05,-3.24094875951257e-08,4.58128921054965e-07,-1.57800033459947e-08,-8.16004272746057e-07,4.05392326752578e-07,0.136816056437669,-3.20815937456631e-06,8.90381519869818e-06,-2.5798307813889e-05,-6.0329176841179e-08,-3.83240405203662e-08,-4.364835987116e-08,4.71605844144093e-08,3.83133078319607e-09,-4.76839470399222e-09,-1.71354808982901e-08,-8.18578934659466e-08,3.04580267778666e-07,8.66280849879763e-09,1.72940621893148e-08,3.62398100504248e-09,2.65985773913739e-09,3.01399019040557e-08,5.19233885193088e-09,1.10327096169375e-08,1.12938892995243e-08,-2.64181323047718e-07,-9.54317387072615e-08,-4.9518130188566e-09,-8.45531646219149e-09,5.30317206548462e-10,9.54440831162969e-09,5.4316249495548e-08,1.01110784662488e-17,9.2035652958556e-09,-7.07413251994655e-07,2.3140676734697e-08,4.62383659334859e-07,8.03462252382691e-08,-9.6494669480942e-08,1.79928914502932e-08,-6.6815171262587e-07,1.53922613241503e-09,-1.06317873186647e-10,2.81289732459088e-07,-2.71264105951604e-07,8.74653582048615e-09,-1.21044757284324e-06,5.9918498774767e-08,-3.238212770419e-08,2.93669998562007e-09,-0.00741479858298355,0.00272472166136807,1.10101621099799e-06,-2.85068971394732e-08,6.45470899137257e-09,-1.62600828175299e-07,3.27306817685271e-08,-3.73681966747184e-06,3.16085296954634e-06,-2.12037763687601e-08,7.2987214376479e-09,-0.000206307341440754,-4.25063940023221e-06,0.000333013669702766,-3.49568085454157e-09,-2.01836783460003e-09,6.19727708676065e-09,-8.85778849697824e-07,9.19506343720041e-07,-2.11338794300542e-07,4.65065618933303e-06,-2.33109428220704e-06,4.43355259621338e-05,-4.24607415113276e-07,2.53099459488234e-07,-8.69301370096716e-08,8.33839003677413e-16,2.24698412030996e-07,7.74786308062815e-09,1.79833669734974e-08,3.75946848699547e-05,-1.21742605217775e-08,7.69855570434798e-09,1.81736591224171e-07,-2.32381446913041e-08,1.86574981569917e-07,-4.8973484676139e-07,-1.85816626508003e-08,1.84152027159074e-08,-2.42993263059907e-07,2.98999915903823e-07,-2.60407465717968e-05,1.72662218441184e-07,-2.14425920298106e-06,-1.0781161340319e-08,-9.30798603624857e-08,-5.48876658601289e-07,9.64815400024935e-06,-0.0954630550759613,1.87885363071385e-07,-4.98815842661979e-07,1.93952173191952e-06,-1.63262029395685e-07,-1.49751253871923e-07,-1.17328068935278e-06,3.21212577848859e-06,1.70932740139476e-07,-2.36779909004506e-06,1.02535422451178e-06,-2.59746052827039e-08,-2.52034515327156e-07,5.3638223700252e-07,2.9677293219314e-16,-3.43608450291913e-09,-0.00083058185959635,1.56992636047085e-06,-1.16351904561668e-06,-1.67298076113891e-06,-3.21777883119804e-07,-8.21686498580208e-07,1.35598202349072e-05,-6.70005819685312e-06,-2.89315459934908e-15,1.78542314257814e-05,3.09528553199079e-07,8.17992230024963e-06,-0.957605809601951,3.02216671801893e-06,-1.3269010124613e-07,-3.42193844678895e-06,7.4819211329377e-07,-2.8682768161839e-05,2.73435079894599e-06,-4.95218446009966e-07,-8.44900531176018e-07,-4.31808111692072e-08,-4.03292598015183e-08,-7.65327173261415e-07,0.000165062911837696,-7.65974496020226e-07,-2.16388513027623e-16,-1.30444146132009e-05,9.90371639547399e-07,4.55683594836878e-08,2.29238713625693e-07,-1.06212574042327e-06,-1.95445626805526e-06,1.14617564352038e-05,-8.86255962556466e-05,-1.52033152238771e-07,-2.19949051313402e-16,-2.80284533183541e-07,-0.000171457016478853,-3.37105829820843e-07,-7.07861536325178e-17,6.15868463039543e-07,6.15239948207578e-06,-9.34859876332578e-07,-4.93527490925783e-07,-1.62662680769349e-07,-8.64131212837969e-08,-3.07748126634217e-06,8.68230050392014e-08,9.30453173147366e-07,0.00677523797423492,1.60323804991667e-07,1.61852030647877e-06,6.62863641223288e-17,-6.27475256880648e-07,2.92427046907452e-07,1.86141156601504e-06,-1.82910735714816e-07,2.56558883893878e-16,-1.68292787279475e-07,2.05613470118701e-07,-6.95951441682061e-08,-6.12250785282124e-08,-1.52992627622666e-07,1.10483033681717e-06,-2.03041227753042e-06,2.61162557477444e-07,2.06072165043848e-17,8.9550908926504e-07,-1.1887678821579e-06,5.21551298967762e-06,1.07555842482742e-06,-1.0919470812287e-07,-7.30380798134825e-10,1.26114396703514e-15,1.15486131802729e-15,-6.90863552066798e-10,-6.04346541545608e-07,7.95099949424625e-08,-1.13465456980681e-07,4.9401098065876e-16,-5.23179150686477e-08,-6.10424036144895e-10,2.24935029973346e-16,9.79224532946172e-17,1.7177049239949e-16,1.25010944495426e-07,3.67200855470193e-07,-5.24139865557398e-07,3.07286025338581e-07,1.5314201195423e-07,3.47095044321244e-07,-0.000192306476025372,-7.54282663615501e-17,-7.37968755315365e-07,5.4740002593664e-07,-4.61482971219798e-17,1.18190162314916e-16,-1.75938795902111e-05,-2.56799027019915e-11,-1.94599754512528e-07,1.5117905772213e-07,1.88733134490157e-07,-1.0133306436706e-08,4.42107278529223e-16,-3.39957941136909e-08,6.76247490227806e-16,-1.15071236353803e-07,-1.056283966544e-15,-2.08175808662137e-07,-1.78688173930663e-16,1.61776545575522e-07,2.23524944584579e-07,1.31820752704947e-08,1.7282056912093e-07,9.47273269291979e-07,-6.79622533424313e-08,6.84613289499014e-07,2.14049838723794e-08,1.04130570568376e-07,9.62478649575421e-09,1.53553247667826e-07,-0.00105799459819029,-9.28803989521708e-08,-7.79264669056775e-09,-1.8818664131591e-07,-1.30120881336849e-16,9.05679090633056e-05,-6.18837725786517e-05,2.88129355818622e-08,3.51809863055e-14,3.81137114561626e-09,1.03896541359102e-07,3.83153919459895e-07,4.54441964350639e-17,-0.000125875846079033,-4.61515267873538e-08,-7.19011661508473e-17,-6.11531021150906e-08,9.49651157620873e-07,-1.29083841697162e-16,-3.12709905313363e-16,-9.20662813217837e-05,-2.701071179947e-08,-1.55880482520982e-10,-2.20404919887618e-07,1.05912827520015e-07,0.00486876648618003,4.95917334350159e-09,1.75559363604239e-07,-3.03874964745063e-07,-2.94894859399764e-15,6.92892166197017e-09,4.32746354470165e-10,1.19558804004296e-09,1.11997487218098e-07,-8.93508590210896e-16,2.56106795350402e-18,3.68716203996392e-08,-4.6439713659488e-17,-4.92284755997921e-16,2.3228931961255e-07,-2.60045203945329e-07,-5.31982324819226e-07,-2.92668677897936e-09,1.34261422201306e-05,9.25913563718659e-08,7.99062676219001e-09,-1.27687482266761e-16,2.01955466837484e-08,9.45575026963881e-10,4.34297089109926e-09,-1.59868848652793e-05,1.93960551112598e-06,-7.28397522046859e-17,3.06007387144697e-17,1.01035224151892e-15,-1.61998512017272e-08,-9.54790432094235e-08,-5.10131593698419e-08,4.8180835589348e-19,-0.0270312465574773,8.45776282795836e-16,3.8147452822206e-16,7.9650340540301e-07,-1.75067228091913e-08,3.76109733635221e-16,-4.43533475169381e-08,-0.000391660556057908,6.66922045434133e-17,6.58437348790875e-08,2.40177071899835e-16,1.7769029046435e-08,-4.98904093568465e-17,1.77360033391455e-08,1.53584063357282e-07,2.00344098765383e-06,5.2330103427428e-09,3.59542309574675e-08,-1.24772156297019e-07,4.96092171308217e-08,-6.75555510075438e-17,2.25547051847662e-06,-2.03133565181638e-07,-1.85787877071035e-16,-1.67590973349962e-08,-4.91407853205739e-08,7.92642726633302e-08,2.21088848402679e-16,3.70787806487179e-08,6.65050409996895e-05,-2.24470195552868e-16,-1.18319113252045e-07,-2.6291452155148e-08,-0.000387851777468641,-3.58781815845629e-16,-4.48772247605716e-17,2.44655231627932e-08,7.48121581089053e-09,6.05089147468195e-10,-6.70505713280836e-08,4.40245934139469e-09,-2.95645462146657e-17,1.04984791328197e-16,1.60668718739949e-08,1.10744128484362e-10,-2.66893737789715e-16,3.88185831524121e-08,-1.13083758990366e-16,2.21680411862636e-07,-7.44761499941928e-09,-4.35280000150589e-09,-2.88967300962431e-08,-6.40536844854434e-14,-1.28198530261908e-16,-1.34638757469192e-16,-7.31575334198293e-15,-0.00973998238638337,-4.0445647578944e-08,2.24842024141132e-16,2.51025548028534e-16,-1.04563534876058e-16,1.14712692612204e-07,6.56752271615677e-10,-5.84364146848896e-08,2.28334613148663e-16,7.00496247379306e-16,5.66061954254682e-16,-2.29043789856857e-07,7.7355961856518e-08,1.60711325433679e-17,8.52165159597319e-09,-1.14360847555973e-05,8.48760545809996e-17,-3.07524474115734e-17,-2.21280023225371e-08,-2.26695742141143e-10,-1.09524721271833e-08,-1.4236473145585e-16,1.23024019083364e-08,1.78971697242375e-08,1.91735591820064e-08,-1.74390445028281e-08,-6.20792632351067e-08,5.28201111060557e-09,3.32469899409679e-16,3.23720092856678e-16,-8.5155806260452e-17,9.97330914826433e-08,-1.43661245992787e-07,-4.91133373631761e-09,-3.84740928640543e-09,-7.12198739446657e-17,2.18517196713961e-16,-1.15121035668668e-16,2.35301796918798e-16,6.32102763015985e-17,4.73399829338433e-07,-9.05762924207233e-17,-4.27480503981202e-17,-2.95416778833265e-09,-1.26733371782371e-16,-2.64423858797309e-09,-4.96731665343075e-17,-3.27775061631697e-09,-4.7785639262085e-17,-3.95797020915015e-09,-4.95010495913297e-10,-3.12123693946501e-07,8.26247061081448e-17,1.58521406304293e-08,-7.34696369649794e-17,2.24349053830347e-08,-1.01780581809306e-06,2.17380072500374e-10,-1.6459777582091e-16,3.17062066123405e-08,-4.04169268214894e-17,-7.78358464743263e-09,-4.39320068422481e-08,7.77458979160921e-17,1.03481785705656e-16,3.93565053133477e-17,-1.2961040776472e-12,-1.47499915290655e-10,-1.9215887240316e-09,-4.29488537060383e-10,-8.90364998566968e-17,-9.11783074821432e-17,-0.00113635839472511,2.01289299676466e-07,1.41368126551947e-16,-3.93870859963901e-17,-1.91327798070518e-09,-2.83959322239471e-17,-1.35651191254266e-08,1.65738077344792e-17,1.28045324399493e-07,-8.43400664188863e-17,-4.55123385782484e-16,4.26966747192605e-17,-7.49254133259227e-17,-4.39346111654767e-17,-1.4284921945883e-16,1.69625556640183e-08,-1.18623940119003e-07,1.45770373603326e-17,-1.13750933422551e-08,4.32499266908714e-08,-5.99000528309274e-17,1.20730820698399e-18,6.32869218536726e-18,-3.43213722357046e-17,4.25820360676284e-09,6.81284064366931e-10,1.23947186900199e-16,-1.32554330641413e-16,-7.76914025264042e-09,-2.77742049078695e-08,-0.00146204933785666,3.62793359682832e-17,-8.93521424885957e-17,9.9021612411028e-17,1.52801190154526e-16,1.78478151631592e-16,6.00738518600849e-17,1.61555014833458e-08,-1.52741775222586e-08,-2.93579857078573e-09,-2.01728765269153e-17,1.55288519596186e-17,5.55970780613814e-17,-3.26959437623717e-17,-5.20562484163721e-17,-1.86673129755944e-16,7.63411797531754e-17,-2.08366242573478e-16,-8.28286918380179e-17,-2.99032098548526e-17,1.05169996277513e-16,3.860479427454e-17,-6.69201019181739e-17,8.99195593306014e-17,1.10433805337769e-08,4.84658237047293e-15,5.2794809077906e-18,-2.35848485326086e-12,2.4828867902796e-07,-2.7206832547214e-10,4.70428003748471e-17,-4.02803971919217e-09,2.2649039050212e-07,-2.39032689520723e-17,1.20558141543604e-16,-3.96815408713524e-08,-1.44900808024785e-16,5.55474775093378e-09,-6.79253475406517e-17,5.48002849282555e-17,-3.51277101380539e-17,-8.71439464627693e-17,4.93135488896747e-10,-6.77025829855827e-08,-3.74910359532892e-17,-2.85993031193301e-18,7.78839934958947e-19,8.71202075265697e-17,-1.5482407023093e-16,-8.33901361557787e-17,1.44118952810757e-19,5.29294767282088e-17,5.56137907147128e-09,-1.85464855049842e-17,-6.15352752828402e-17,-4.52503951045418e-17,-9.98957490684434e-18,-1.38690765159262e-16,-2.18679252036733e-16,-1.5845931917316e-08,-1.51354268641457e-17,-6.14267834904534e-17,1.18087643579945e-08,-2.97825252489227e-17,7.73447186918319e-17,5.04629876359938e-17,-3.77743482033828e-16,3.42764768328555e-06,4.08562264578095e-17,-7.21998460693933e-09,-9.79830861276477e-18,-2.66005664685788e-17,-1.39209515022595e-16,-1.70682115190307e-16,1.10526056071011e-17,-4.77395377333215e-17,2.60399505776683e-10,6.25434010454495e-16,1.12306689523646e-16,1.01260841550348e-08,-3.24554295714317e-08,8.08961297267471e-18,2.27058938022739e-08,3.32419845869577e-09,-4.80094460867345e-17,-1.91402016084284e-16,1.05915527968544e-16,1.75033941774774e-13,1.61385512012101e-16,-5.54992722316544e-09,8.77993543535781e-18,-8.32174661453287e-17,2.70756800272322e-17,2.21851126151737e-09,-8.47088013297083e-17,-1.67671474502158e-16,-1.2189062216262e-16,8.37259145467695e-17,-1.00885675332481e-09,2.11631262724583e-16,7.09422940028567e-05,-8.34061003433336e-18,-9.79002561567903e-17,2.50132321646125e-16,-1.16823234251778e-17,1.09146724540237e-16,7.53433017190608e-17,7.36336605426617e-18,-3.61892197822816e-08,1.15570954452606e-16,-1.34578184690783e-16,2.41618389917536e-08,-1.90918622094001e-17,6.63617298402377e-17,-3.33354658889693e-16,-3.57254639965659e-17,9.10433221713686e-17,-3.06232268072638e-17,-1.59272906036663e-08,-4.32303464464129e-17,-1.29107566012434e-16,5.19532454833313e-08,1.69096486314262e-16,-7.07671008742097e-17,2.99374926272536e-16,3.79143510648395e-16,-1.29140652137794e-16,1.69735326584946e-16,3.89449568378041e-17,-4.23597935010012e-17,8.80557488638869e-17,2.69145737186983e-17,1.41917345161502e-17,-2.71362474287525e-08,5.65883328576122e-08,-6.60117837449316e-17,4.39599225771266e-17,1.02292268113161e-17,6.95653909284849e-17,3.14743890672542e-16,-3.77152400184311e-17,-5.32135421736912e-17,-1.38049143064105e-16,-7.08881923137464e-10,6.5473838263084e-17,2.21893257963764e-17,5.50444055386978e-17,5.05012238240315e-17,9.05727484596352e-10,-2.92338663454306e-16,-9.88284665571111e-10,1.09287598041873e-17,3.11919635640683e-17,-8.23966521657247e-17,-7.19158524960982e-17,3.61570559741977e-17,9.60970387510642e-17,6.46299412690367e-17,-2.15476200735102e-16,1.05031016545445e-17,-7.61898579280717e-17,5.53661136558963e-17,-4.76459178908663e-17,-8.15953342961087e-17,1.96784700966395e-17,-4.79286523617552e-17,3.28332155556754e-16,2.97023952154372e-17,-6.86097961757561e-17,-6.6568717252211e-17,-3.62348162235647e-18,-8.85793174920657e-17,3.52871510551191e-17,-1.72056806184419e-16,-1.11270716297574e-16,-5.12306518436923e-17,6.7588624842535e-11,1.47072464624179e-16,8.50014154647786e-17,7.4590799003116e-17,-1.26259280050033e-16,-1.94197705121948e-16,3.46805069573057e-17,7.61454453377283e-17,-1.16546420766222e-16,1.42043632576482e-17,-4.24748900090774e-17,3.6987557114343e-16,-4.39706081389184e-17,-4.08040394039213e-17,-5.09454907575635e-18,3.01713493805966e-17,1.52065731622734e-16,-4.59493154340901e-17,-8.65100855695325e-10,-1.36086482805145e-17,-1.36343852574021e-17,-2.72119966662472e-17,5.5387520796384e-17,2.69271429647458e-17,6.11599035141411e-17,-1.91416429118412e-17,-1.49716918460741e-16,8.45112802333184e-17,1.82281445764682e-10,1.27054346160948e-16,1.24904902879965e-16,7.09139143404736e-17,3.40145260856971e-17,1.56194494524314e-16,4.95806222615364e-16,-5.92885828909424e-18,5.08031233130371e-17,2.88882552587777e-18,1.30019702115462e-16,-1.13269183476627e-16,-3.13186081965109e-16,-8.13397279019919e-17,9.14640739390824e-10,-6.44477872587404e-17,1.10753772640421e-17,8.21473742035187e-17,-1.41976274486977e-16,-2.74616094161714e-09,2.97496177331364e-17,1.45842110354326e-16,2.58680175109225e-16,1.01734719068359e-16,7.28449353194774e-17,-1.04567603830146e-17,4.59025453885727e-17,-1.45028502887304e-16,-8.58922560615622e-17,-2.52445204072555e-17,-3.75277861365661e-17,6.78001320371936e-17,-8.71918424388565e-17,-9.96305339442539e-17,-8.54646697041266e-17,-3.4950197097646e-17,-3.08951071142917e-16
"t889",-0.0493334737842749,-0.0850746441532882,0.0301689691605803,0.0447900105864765,0.00386528883612856,-0.00183373351010696,0.0103623056073757,0.000199036688807178,9.22464376628117e-05,-0.000415907849943181,-0.000257602757464545,0.0264202889504414,-0.0482644659657389,0.00894278577206449,0.00816265892504589,0.0119141438880891,0.00124468863881095,-0.0754112837651023,-8.42915210629441e-05,-3.04969081164758e-05,0.000367926970804121,0.000165740937088324,-0.000944479482020146,0.0191380525909297,-0.0579414101542946,-0.00012938315756896,0.000139199042280373,-0.000121002114373665,0.00176878300191851,1.05292142875636e-05,-7.89409866742917e-07,2.32347488764675e-06,-0.00168738195113633,-1.24441610017948e-05,-1.38462826268814e-06,-2.18217023993403e-05,-0.040460889455729,-4.91395626817768e-06,-2.7310309524293e-05,-4.3014892214661e-06,-0.000110867708024894,8.58051389807532e-06,-8.74194299345564e-05,5.13663775449766e-06,-0.000148790783526032,-2.08991455243059e-06,0.0838799283658929,0.000230007977789342,-8.67777863722782e-06,1.07974072362391e-05,-8.36193054460946e-05,3.62635450267803e-06,-4.9754147192431e-09,9.23734302716922e-06,-3.27523042342714e-07,3.21079188728356e-06,-9.60162656404671e-09,-8.35539366358225e-07,3.39674665227545e-07,-1.47511740774333e-06,-1.9153246590042e-06,3.41912620362347e-07,-1.23353335064547e-05,6.72062845339723e-06,-5.62364620881329e-07,2.46289530852301e-05,-1.16484424042109e-07,4.55040102401529e-06,-1.30379180296148e-05,5.57890247389085e-06,-0.00026429397915207,5.88280225758786e-05,-4.02986856765446e-06,-0.113309184915422,-0.154785546082722,-1.09460030584551e-07,0.000543132644902234,-5.37213560954157e-06,8.10041038906606e-06,7.23058201019999e-06,-1.34428347026059e-06,-1.81303451326595e-05,6.77523913294266e-07,1.1672324896669e-06,2.00424242261917e-06,0.0014218301565908,0.000132321212383752,1.76011651946666e-06,5.40798686756645e-07,-0.000122483165548153,2.07935996615796e-06,-1.65965980381509e-07,-1.43493312151399e-06,0.000246542410203906,1.73941927530861e-08,-6.97295531039352e-07,-0.000149423276083471,-2.68995550980664e-06,3.74141924588826e-06,6.64269599732941e-07,1.32235417126001e-07,-0.00100694098564624,5.00958756019511e-09,8.4050829919023e-07,-8.82379796627312e-07,0.043143449577823,2.92188645960818e-05,-1.0094170765385e-05,2.64954972986941e-06,-4.63531738711465e-07,-1.88455151909108e-06,-3.11303344588789e-06,5.07121800611276e-06,-2.66178938549466e-06,1.24933780210118e-08,-4.10067063064591e-07,5.68084386531199e-07,-5.15367659706817e-07,4.58527712889643e-07,-1.03418618617915e-06,3.69496854244498e-06,-7.80629686318833e-07,6.95739078734155e-07,1.90795522320176e-06,-6.17044023145194e-07,5.7404123694299e-06,-5.82882103240118e-07,1.89837515813613e-07,-1.88912548722581e-06,-7.01336186757232e-05,0.00860754244072384,6.48103755751521e-07,-0.000142717856109715,4.64089894583107e-08,9.01028563444502e-10,3.72187706150742e-09,-5.28130434518597e-12,-3.12559606749972e-08,2.69888758372533e-08,-7.91232426076871e-08,-5.63639595060708e-09,-2.29708333041578e-07,4.85049224337751e-08,3.18386498385225e-09,1.00483257024391e-08,-7.56772439637514e-10,-4.6131878442033e-08,8.60432323363919e-09,5.86944749895525e-10,-1.57852437222339e-09,-2.46882529572178e-07,-7.58545181852075e-09,-1.65482714367318e-07,6.31951072827657e-08,-2.20523411971689e-08,-1.9777058336923e-09,3.03017280409241e-08,-0.000162556670542039,4.0794643006055e-09,8.71236683012608e-10,4.69387357241329e-06,1.13711526254446e-08,-7.50616188264523e-09,-1.54622935363474e-06,1.29620356004018e-07,-8.11694984386463e-07,8.15916776177288e-08,1.39413144063106e-09,6.93083392472108e-08,9.20907773394656e-08,-1.69867468563101e-06,-1.68215562602397e-07,2.01242576019997e-08,7.0950271078843e-09,1.86119680924458e-07,2.55854189008711e-09,1.60690504231078e-08,-5.29175164707614e-08,-1.17173216432034e-08,-1.73171639191277e-07,-3.40765229933821e-08,-2.24736285711428e-06,5.146803710217e-08,0.00144553870226362,1.46694404349316e-08,0.0516201882025897,-3.68590181017243e-06,1.53708254308944e-07,6.80093336716123e-07,-5.24627756824603e-06,-1.25998773181542e-08,2.11538047530499e-08,8.29985654975879e-08,0.0183847431859764,1.16530909482915e-08,-1.56259684481203e-08,-2.81775791154163e-08,-1.35698214182727e-07,1.54674931694866e-08,4.73343969159566e-09,4.61273656039452e-09,5.80406078437156e-07,-5.56955091763559e-11,4.10642179975658e-05,-7.59440550945746e-08,1.0878909864037e-06,-3.90541057375195e-08,-2.07973422173624e-06,1.12029686775083e-06,0.420875007676499,-1.08330455414834e-05,3.09894816237366e-05,-0.000104022672580528,-2.66349650282552e-07,-1.69620884490853e-07,-2.08512577582487e-07,2.81293411595062e-07,2.39884116454155e-08,-4.05343546647801e-08,-1.93059541977298e-07,-1.03878349464108e-06,8.03508016027643e-06,3.07216869741543e-07,9.84398285535494e-07,-2.44657993603848e-07,-1.24594970678533e-07,-1.3132752590579e-06,-8.90087670520574e-08,-1.38202100712723e-07,-1.0883704325621e-07,2.3043820915429e-06,7.57908384049869e-07,3.62811893524054e-08,6.06204304998189e-08,-3.1717119249582e-09,-5.172376902232e-08,-2.67110636473062e-07,2.96958328444389e-17,-3.99395525049988e-08,2.99921451797657e-06,-8.46025679510647e-08,-1.52753481364769e-06,-2.45816650795649e-07,2.93915636267159e-07,-4.81791964509823e-08,1.75328408424133e-06,-4.00210897026784e-09,2.64831111199917e-10,-6.81282684128291e-07,6.25294257116723e-07,-1.97380589636697e-08,2.70807258206014e-06,-1.28008817756617e-07,5.80871790195861e-08,-4.98136963145504e-09,0.0120289571298679,-0.00403463439193715,-1.62020944472192e-06,3.95304968322718e-08,-8.66906054403939e-09,2.08959637297977e-07,-4.14867646805074e-08,4.66942313100825e-06,-3.87350655248138e-06,2.52609730726954e-08,-8.66771004356131e-09,0.000228806669189767,4.70705383722965e-06,-0.000368144262084659,3.79636947817763e-09,2.17769522956545e-09,-6.55056185091002e-09,9.32746580922975e-07,-8.63175355413819e-07,1.96064346736164e-07,-4.27486286034541e-06,2.09860360867404e-06,-3.92703634796946e-05,3.63025693848359e-07,-2.1425143956128e-07,7.30189867091217e-08,-4.90638774979135e-16,-1.83917731608536e-07,-6.32069023337461e-09,-1.45152468579697e-08,-2.96161062499797e-05,9.40273205632368e-09,-5.89255791949412e-09,-1.38496473216844e-07,1.68377382235663e-08,-1.34803419223358e-07,3.53572991590737e-07,1.32529355678245e-08,-1.27804708112356e-08,1.68059776027302e-07,-2.06351227405798e-07,1.78732187140759e-05,-1.19558489219951e-07,1.52156599714064e-06,7.66538623427254e-09,6.62192861627005e-08,4.66247581554294e-07,-2.53230684861336e-05,0.489366403790264,1.37306235489648e-06,-7.47226621581459e-07,2.23573203012659e-06,-4.26421863386138e-08,-3.5534700449605e-08,-2.33306421006382e-07,5.65122874745045e-07,1.97008888757115e-08,-1.57886815896861e-07,3.41048547399902e-08,-5.512717184089e-10,-9.05955774320002e-10,-1.34154152071422e-08,-3.44634024092681e-16,2.90129424934812e-10,7.11193329246425e-05,-1.36070027259301e-07,1.00867838570586e-07,1.45066833177963e-07,2.79435859969788e-08,7.14676033141996e-08,-1.17927127768286e-06,5.79283958241807e-07,4.45464966482809e-16,-1.48912375706474e-06,-2.56550337257933e-08,-6.68194099963473e-07,0.0780806078053637,-2.36164249596876e-07,1.00943267659775e-08,2.49684693499922e-07,-5.29170761001929e-08,1.88377532534195e-06,-1.66400946427196e-07,2.85847431857649e-08,4.72660036863207e-08,2.3677688094178e-09,2.13169359310097e-09,4.02860700203763e-08,-8.45695291834004e-06,3.84083567394159e-08,3.30516240938998e-16,5.4780545339039e-07,-3.99231631640945e-08,-1.8361661993111e-09,-8.14549260727573e-09,3.69798366564669e-08,5.11345519936187e-08,-2.72056133146925e-07,2.0613427746944e-06,3.26254806236243e-09,6.98248033727003e-18,5.44284630783515e-09,3.19987110781559e-06,5.34476382534893e-09,2.93046361633124e-16,-7.91310298791327e-09,-7.47197276826289e-08,1.10133309773367e-08,5.44370633983722e-09,1.59034313370164e-09,7.63885452836911e-10,2.49562554504982e-08,-5.17307196176982e-10,-5.30765605242117e-09,-2.87144597367056e-05,-2.69609212990032e-10,-2.51183173618885e-09,1.22057993354343e-16,-2.11323735038778e-09,1.2315425147565e-09,1.12759846216638e-08,-1.61446529706287e-09,-2.18085688764112e-17,-2.46739390245431e-09,4.31802240290864e-09,-1.65488115704901e-09,-1.53418048747208e-09,-4.06639576640557e-09,3.24426154068845e-08,-6.85957088718604e-08,1.15423617166736e-08,-1.83694570131326e-16,4.72904205673593e-08,-6.36399046265363e-08,2.8704939206448e-07,6.14100809585648e-08,-6.25169214407142e-09,-4.22364422394349e-11,-6.67868538251071e-17,-1.3544060823536e-16,-4.22070398505608e-11,-3.86008165070826e-08,5.1056432493026e-09,-7.5624396683317e-09,1.09805643934162e-16,-3.75798214158637e-09,-4.52112714554239e-11,-6.8280490275922e-17,1.09896680188587e-16,1.02146100902207e-16,1.01034325053144e-08,2.99841615727467e-08,-4.42887568499469e-08,2.66898830039921e-08,1.33432882178488e-08,3.10964894785589e-08,-1.72828328311798e-05,-9.63261668294871e-17,-6.98815956426145e-08,5.27411372312969e-08,-2.0343917860895e-17,-1.02176383779264e-15,-1.80537872280806e-06,-2.6727011532476e-12,-2.06285585976721e-08,1.62185773666785e-08,2.07012193432881e-08,-1.1153603642429e-09,1.27513226882074e-18,-3.75963309802551e-09,2.94008440336087e-17,-1.28973860870943e-08,-5.77364761902843e-16,-2.35586739043069e-08,1.94607965647824e-17,1.852870795034e-08,2.56621788111658e-08,1.56038047438955e-09,2.05857900585636e-08,1.13129414394058e-07,-8.20743223235685e-09,8.34635980273864e-08,2.66571409339619e-09,1.2970512055276e-08,1.20650848920885e-09,1.94697205783641e-08,-0.000136158088986013,-1.20993818213589e-08,-1.02467319144103e-09,-2.48575572603145e-08,1.70032185847102e-17,1.21289957720644e-05,-8.39507480026612e-06,4.04673684203024e-09,4.93705336925601e-15,5.40460341612415e-10,1.49422115996857e-08,5.54307000532701e-08,1.12745881084325e-16,-1.82652948619765e-05,-6.77609296828781e-09,-2.7098858130362e-17,-9.02991026940307e-09,1.44926859969422e-07,4.63408724371249e-16,-5.00789157360265e-17,-1.42253371133804e-05,-4.17806516296013e-09,-2.42356274852665e-11,-3.44725420157448e-08,1.67869511139269e-08,0.000772566579190999,7.88176823904068e-10,2.83886023163948e-08,-4.98248063739862e-08,1.43347790235171e-15,1.14203897739752e-09,7.13899652093181e-11,1.97855506769364e-10,1.86042431993331e-08,1.47887928411163e-16,-2.31714106945202e-17,6.15654808801953e-09,2.04787626564305e-17,4.83010827805856e-17,4.00769148373791e-08,-4.51268133713835e-08,-9.23286117459012e-08,-5.1459326336145e-10,2.36495467262728e-06,1.63158744578144e-08,1.41160809527906e-09,-1.96422127824721e-16,3.67276765625957e-09,1.73172610122854e-10,7.97290532561056e-10,-2.97298351130322e-06,3.71534574381306e-07,-3.02185580354428e-17,1.54507968307078e-17,3.93255514572441e-16,-3.37521268859568e-09,-2.20418828091426e-08,-1.19360055574064e-08,1.81704184810359e-16,-0.0113960984785641,2.52688949850498e-16,1.27962328243703e-16,1.36692740432143e-07,-3.0092866149237e-09,7.48099499014998e-18,-7.82405316011448e-09,-6.98993303439524e-05,1.50907636951006e-16,1.19800884313979e-08,-8.91341809956189e-17,3.29310133644566e-09,-7.53826099491285e-18,3.29185621316767e-09,2.85379794929114e-08,3.72737128649921e-07,9.75283664984422e-10,6.72632999641671e-09,-2.36522432266152e-08,9.55926686777128e-09,7.55241516114317e-17,4.42619499654745e-07,-3.99372854744699e-08,1.7604096685005e-17,-3.3029855574832e-09,-9.72744583057026e-09,1.57513757631724e-08,8.10544924216317e-17,7.46342484772658e-09,1.34197443482406e-05,4.04548854286478e-17,-2.39532751163312e-08,-5.33114751903574e-09,-7.91105649726751e-05,-6.03693919652626e-17,3.06815767582548e-17,5.05921312753533e-09,1.55602842877339e-09,1.26002998345611e-10,-1.43287998523609e-08,9.45097904802692e-10,1.31231276043937e-16,-7.51855319166288e-17,3.46041871501975e-09,2.38617240984336e-11,-1.23555223442717e-17,8.41336925178975e-09,-1.22613041575606e-17,4.83499531451833e-08,-1.64162491609232e-09,-9.60310230157148e-10,-6.39923096863212e-09,-1.42361018656304e-14,-3.38967350768333e-17,6.33546580000986e-17,-1.78429109894589e-15,-0.00464516731085569,-5.29031366334003e-09,1.9858790225778e-16,3.55807166008948e-16,4.89159362207959e-17,2.3505616847507e-08,1.37425598297911e-10,-1.25552410755598e-08,-8.51987331219552e-18,-4.0855448364685e-16,6.13929480169917e-17,-5.08199859922641e-08,1.71762963883467e-08,7.98289745043773e-17,1.90690097937854e-09,-2.566496521571e-06,-6.5536650636282e-17,-8.29965058105736e-17,-4.99828205019147e-09,-5.12318330545582e-11,-2.48416375822806e-09,-4.31032288751625e-17,2.80668670268388e-09,4.09587412060162e-09,4.40676690008801e-09,-4.03100688403546e-09,-1.43711312587955e-08,1.2261887273315e-09,-1.02984383168491e-16,4.25064166825384e-17,-6.68485893893707e-18,2.35123401406914e-08,-3.38763405503757e-08,-1.16034579150586e-09,-9.17683264476514e-10,9.51666810379596e-17,-2.75131377057389e-16,-2.95468557035972e-17,-3.37325449354198e-17,-8.97142492620448e-17,1.14021310206431e-07,1.50638861965449e-17,8.10056017055756e-17,-7.14212418239529e-10,1.34518409235253e-16,-6.39410440623563e-10,4.24652005164025e-17,-7.92868291653678e-10,2.65287321634766e-16,-9.6361312821222e-10,-1.20699956348807e-10,-7.6283189176303e-08,-8.90437332935594e-18,3.88531932568143e-09,-2.61924482909118e-17,5.53288764478975e-09,-2.5301866710764e-07,5.40576418363011e-11,1.99984355941684e-18,7.90983893378011e-09,3.8314828490309e-17,-1.95156179814382e-09,-1.10176806478029e-08,1.40300456894007e-17,-6.85896575041422e-17,9.28582049594445e-18,-6.75724355970501e-13,-3.71436815844039e-11,-4.8442234549288e-10,-1.08407774868142e-10,1.3656140585739e-16,-5.37528598334023e-17,-0.000288547273121498,5.1125439839983e-08,-6.37785877654813e-17,-5.93571059281744e-17,-4.89548387674131e-10,3.24055637939827e-17,-3.47632521902111e-09,2.5826838046159e-18,3.29627101765741e-08,5.21027315808829e-17,1.59120048063818e-17,9.105816294845e-17,-2.51939029953018e-16,9.15479640288933e-18,1.73845275361765e-16,4.40686499634412e-09,-3.08221672216263e-08,-2.51538411532799e-17,-2.96519958030733e-09,1.12897307547841e-08,4.65346701579628e-17,-1.39939565988762e-17,-3.07124374163471e-16,1.03573448288953e-16,1.11895094930994e-09,1.79441513560208e-10,1.3446503497797e-16,-5.39480675052435e-17,-2.05946351869172e-09,-7.38074153450284e-09,-0.000784197777896301,-2.48877385144045e-16,5.55472836761333e-17,-6.11081448779935e-17,3.81708799592967e-17,-1.24220743784967e-16,-3.42489890371989e-17,4.29275463776398e-09,-4.06258676965197e-09,-7.81615237831633e-10,6.71456293016375e-17,1.50403407519945e-16,8.43980629312662e-19,6.13025079189225e-18,-1.65050461085931e-16,4.50751390879338e-17,-8.96048592193116e-17,-1.4909487147811e-16,-4.01876302859612e-17,-9.82131163436097e-17,4.02863813724465e-17,3.23437565719444e-17,1.48665305778584e-16,-4.44185174640531e-17,2.98669705603697e-09,1.25585607854316e-15,1.28362993823447e-16,-3.00556238555124e-12,6.72866484769882e-08,-7.37657649783962e-11,1.97018681883917e-16,-1.09243295645711e-09,6.15784920425699e-08,7.25024207494433e-18,2.0431545844473e-17,-1.08219004248093e-08,2.26680681781543e-16,1.52056482658217e-09,-2.01040247282885e-16,-5.99692237004313e-17,-1.31751205818786e-17,1.2028091043812e-16,1.35783498517333e-10,-1.8649079954996e-08,-2.53850473088904e-16,-2.11142162360625e-17,2.49065228654255e-17,-2.27453916969317e-16,-1.1779856604055e-16,-2.82712880772599e-16,1.02267266752545e-16,-1.19328874190474e-16,1.56295913327109e-09,-2.07050802538537e-17,3.26851811133941e-17,-5.82260939786096e-17,9.33412089139462e-17,-2.2433796904227e-17,-2.42983582090851e-16,-4.47226350472968e-09,5.59574013149774e-17,3.5640856321524e-17,3.33543566609274e-09,-1.41050463548325e-16,1.03101400016263e-16,8.09136740207266e-17,1.39392409916735e-16,9.76993240663817e-07,-4.98945595552247e-17,-2.06126479524188e-09,3.86610531292161e-16,-1.75442574932733e-16,-2.55432081811566e-16,-7.66679166713021e-17,4.21451615148634e-17,-2.10459591998906e-16,7.45874901087546e-11,-1.42007098165704e-16,1.92865062627399e-16,2.90776021188393e-09,-9.32093372874791e-09,-6.24072512672406e-18,6.53503537483262e-09,9.5739181147839e-10,3.87805731818037e-18,9.60865681113729e-17,-5.91448120427757e-16,9.9918720934517e-14,6.92526119235424e-17,-1.61436739257606e-09,9.58162321042849e-17,-1.22999816803508e-16,1.24751228517518e-16,6.46961906892507e-10,5.20919735891694e-16,1.07264091806264e-16,7.02091706934643e-17,7.83152486971915e-17,-2.95188006227941e-10,1.13487063361503e-16,2.07788413005739e-05,-2.7974826354769e-17,2.35763199854556e-16,3.15547734952797e-16,1.8702814009017e-16,1.07986774517845e-15,1.37660004467685e-16,-1.81033294927705e-17,-1.06574279215108e-08,2.35488423506682e-16,-2.1226177914647e-17,7.12500973139751e-09,3.17066739088772e-16,-2.07246382589076e-16,-2.42278220394134e-17,4.74724180580191e-17,-5.33476264706504e-17,1.70912786374145e-17,-4.71650483080661e-09,-2.99881585245965e-16,2.22183291065538e-16,1.54136182633509e-08,-1.01216617904125e-17,-2.53964952824595e-16,-5.2819915184853e-16,-2.89717406447141e-16,-1.3816015543939e-16,-5.12162186421936e-16,-4.27958982899211e-16,1.08106408633598e-16,-6.3016949661066e-17,-7.79460698274238e-17,-2.64107301391288e-16,-8.10641553383568e-09,1.6918548247256e-08,-9.22519418381358e-18,-4.26592831800419e-16,-6.6492636111874e-16,-4.05252834190839e-16,-5.36680075380325e-17,8.41615349793078e-18,3.24036285860432e-16,3.10553869925304e-16,-2.12847740060556e-10,-1.75813236011393e-16,1.66278883026736e-16,-1.33317518975423e-16,-8.38115525337584e-16,2.72937520687304e-10,-1.83805938234277e-16,-2.99027662003993e-10,-4.75132085860624e-17,3.49213975314607e-16,-2.86451153116802e-16,1.9754065468241e-16,-5.74015448686152e-18,-4.3813010262427e-16,2.06443276622101e-16,1.85453026639299e-16,-8.67785672875807e-16,-1.54807199055868e-16,7.77457522405386e-16,6.1421163906032e-17,-4.0608668776779e-16,1.0927486552983e-16,-1.37587922411258e-15,-2.92017911815193e-17,3.98590539712941e-17,2.81924548689126e-16,1.61647071499787e-16,4.80008918738092e-16,4.95805653477621e-16,-8.18016073970471e-17,-2.17579085023292e-16,-2.29736077892659e-16,3.17654620921763e-16,2.07547688694865e-11,2.45468441251017e-16,-6.59750070300792e-16,1.34082281006181e-16,4.10150199297107e-16,3.23681498515936e-16,-7.38464721683153e-16,-3.63600058963249e-16,-9.34691799481537e-16,1.37227739688696e-15,4.56826910519458e-16,-3.52907807144032e-17,1.68420744738191e-15,-1.20997837090382e-15,8.77130938584145e-16,-1.65715494692863e-16,5.9193667572465e-16,-1.67099034901828e-15,-2.68269232945793e-10,-2.28040344731425e-15,-9.04443023235782e-17,3.36217080053008e-16,9.39078494296892e-16,-2.18642969946278e-15,-5.46198155512852e-16,-1.48053965377121e-14,1.54018488748733e-14,-0.707106781186548,5.70906278528133e-11,-1.01262416211806e-14,2.52948234454339e-15,5.96375326590389e-16,4.40812291157029e-15,-1.315993367672e-15,9.63648635970346e-16,1.20068785898014e-16,-5.70042766709542e-16,-8.76473346408475e-16,8.02527349756931e-16,-2.09229762853019e-16,-2.72419066475998e-16,-6.26793871617687e-17,2.89313363487536e-10,-3.49439698496406e-16,-1.63480980199883e-16,-6.57428289137016e-18,-8.87636318613882e-16,-8.72605739200534e-10,1.95031916916749e-16,-3.09774597690244e-16,-3.40091921322465e-16,-2.08634001056337e-16,-1.58248671762632e-16,-6.37430541894271e-17,-1.09642012838135e-17,-1.32205715864338e-16,-1.49993524010326e-17,1.20702205892068e-16,1.88559354664036e-16,1.28841274162743e-16,-5.05090009797679e-17,-3.88849425769725e-17,1.05510606599886e-16,1.1866320843712e-16,-1.84885863789741e-16
"t890",-0.0493334737842749,-0.0850746441532882,0.0301689691605802,0.0447900105864765,0.00386528883612856,-0.00183373351010696,0.0103623056073757,0.000199036688807175,9.22464376628166e-05,-0.000415907849943187,-0.000257602757464531,0.0264202889504414,-0.0482644659657389,0.0089427857720645,0.0081626589250459,0.0119141438880891,0.00124468863881094,-0.0754112837651023,-8.42915210629349e-05,-3.04969081164706e-05,0.000367926970804124,0.000165740937088318,-0.000944479482020146,0.0191380525909297,-0.0579414101542946,-0.000129383157568962,0.000139199042280366,-0.000121002114373657,0.00176878300191854,1.0529214287574e-05,-7.89409866748829e-07,2.32347488764502e-06,-0.00168738195113631,-1.24441610017768e-05,-1.38462826269665e-06,-2.18217023993376e-05,-0.040460889455729,-4.91395626815851e-06,-2.73103095243114e-05,-4.30148922147177e-06,-0.000110867708024885,8.58051389809419e-06,-8.74194299345449e-05,5.13663775450425e-06,-0.000148790783526041,-2.08991455242963e-06,0.0838799283658928,0.00023000797778934,-8.67777863721672e-06,1.0797407236236e-05,-8.3619305446094e-05,3.62635450270434e-06,-4.97541473232866e-09,9.23734302717095e-06,-3.2752304234976e-07,3.21079188728527e-06,-9.60162653540916e-09,-8.35539366372028e-07,3.39674665227796e-07,-1.47511740775002e-06,-1.91532465901912e-06,3.41912620367668e-07,-1.23353335064381e-05,6.72062845341614e-06,-5.62364620887514e-07,2.46289530852154e-05,-1.16484424028192e-07,4.55040102402282e-06,-1.30379180296212e-05,5.57890247389139e-06,-0.000264293979152066,5.88280225758612e-05,-4.0298685676947e-06,-0.113309184915422,-0.154785546082722,-1.09460030593519e-07,0.000543132644902234,-5.37213560953635e-06,8.10041038909558e-06,7.23058201017902e-06,-1.34428347026175e-06,-1.81303451326444e-05,6.77523913261942e-07,1.16723248970274e-06,2.00424242262816e-06,0.00142183015659079,0.000132321212383762,1.76011651946453e-06,5.40798686769912e-07,-0.000122483165548123,2.07935996614674e-06,-1.65965980380208e-07,-1.43493312152013e-06,0.00024654241020393,1.73941927511529e-08,-6.97295531043607e-07,-0.000149423276083488,-2.68995550984086e-06,3.74141924588055e-06,6.64269599741938e-07,1.32235417114378e-07,-0.00100694098564631,5.00958757363914e-09,8.40508299175914e-07,-8.82379796631621e-07,0.0431434495778232,2.92188645961139e-05,-1.00941707653665e-05,2.64954972985021e-06,-4.63531738749114e-07,-1.88455151909018e-06,-3.1130334458894e-06,5.07121800610751e-06,-2.66178938549386e-06,1.24933780243997e-08,-4.10067063048086e-07,5.6808438654806e-07,-5.15367659685541e-07,4.58527712862119e-07,-1.03418618617457e-06,3.69496854237983e-06,-7.80629686332905e-07,6.95739078720632e-07,1.90795522321393e-06,-6.17044023164845e-07,5.74041236943691e-06,-5.8288210320152e-07,1.8983751582349e-07,-1.88912548721388e-06,-7.01336186757074e-05,0.00860754244072385,6.48103755737171e-07,-0.000142717856109707,4.64089894678342e-08,9.01028493037111e-10,3.72187707318274e-09,-5.28131261882885e-12,-3.12559606887375e-08,2.69888758399038e-08,-7.91232426190942e-08,-5.63639595643278e-09,-2.29708333049224e-07,4.85049224411592e-08,3.18386498047179e-09,1.004832566761e-08,-7.56772452755236e-10,-4.61318784402995e-08,8.60432322927748e-09,5.86944756152361e-10,-1.57852438341902e-09,-2.46882529632893e-07,-7.58545184017207e-09,-1.65482714377283e-07,6.31951072870676e-08,-2.20523411848854e-08,-1.97770583102483e-09,3.03017280354389e-08,-0.000162556670542044,4.0794642921789e-09,8.71236694707756e-10,4.69387357244954e-06,1.13711526093592e-08,-7.50616188228321e-09,-1.54622935362651e-06,1.29620356018416e-07,-8.11694984359471e-07,8.1591677616086e-08,1.39413146676162e-09,6.93083392536626e-08,9.20907773402525e-08,-1.69867468554812e-06,-1.68215562566169e-07,2.01242574617742e-08,7.09502712346703e-09,1.86119680918855e-07,2.55854180472118e-09,1.60690504593501e-08,-5.29175164038597e-08,-1.17173216692063e-08,-1.73171639236366e-07,-3.40765229894316e-08,-2.24736285710969e-06,5.14680370397556e-08,0.00144553870226363,1.4669440448972e-08,0.0516201882025896,-3.6859018101674e-06,1.53708254247433e-07,6.8009333671916e-07,-5.24627756822839e-06,-1.25998772664671e-08,2.11538047348176e-08,8.29985654785573e-08,0.0183847431859764,1.16530909335775e-08,-1.56259684843851e-08,-2.81775790510091e-08,-1.3569821422968e-07,1.54674931527737e-08,4.73343976272179e-09,4.61273650340558e-09,5.80406078436647e-07,-5.56955313748671e-11,4.10642179975896e-05,-7.59440551297266e-08,1.08789098640708e-06,-3.90541057218978e-08,-2.07973422172323e-06,1.12029686774336e-06,0.420875007676499,-1.08330455414889e-05,3.09894816237255e-05,-0.0001040226725806,-2.66349650289019e-07,-1.69620884454226e-07,-2.08512577479524e-07,2.81293411567834e-07,2.39884116227427e-08,-4.05343545954485e-08,-1.93059541987171e-07,-1.038783494616e-06,8.035080160252e-06,3.07216869704276e-07,9.84398285518072e-07,-2.44657993580335e-07,-1.24594970623928e-07,-1.31327525905209e-06,-8.90087669801305e-08,-1.38202100670637e-07,-1.08837043286289e-07,2.30438209150735e-06,7.57908383932244e-07,3.62811893844624e-08,6.06204305244454e-08,-3.17171190735881e-09,-5.17237690752296e-08,-2.67110636418367e-07,6.06529902580556e-17,-3.99395525267599e-08,2.99921451790567e-06,-8.46025679756518e-08,-1.52753481364161e-06,-2.45816650785539e-07,2.9391563622437e-07,-4.81791964140856e-08,1.75328408416841e-06,-4.0021091085133e-09,2.64831059612492e-10,-6.81282684106605e-07,6.25294257150338e-07,-1.97380589995355e-08,2.70807258205341e-06,-1.28008817752842e-07,5.80871790481547e-08,-4.98136958922537e-09,0.0120289571298679,-0.00403463439193723,-1.62020944472263e-06,3.95304968086491e-08,-8.66906066955606e-09,2.0895963735183e-07,-4.14867646068677e-08,4.66942313108112e-06,-3.87350655243423e-06,2.52609730944614e-08,-8.66771000405885e-09,0.000228806669189747,4.70705383729178e-06,-0.000368144262084706,3.79636942572994e-09,2.17769519328342e-09,-6.55056179196238e-09,9.3274658089167e-07,-8.63175355402706e-07,1.96064346737053e-07,-4.27486286037101e-06,2.09860360867044e-06,-3.92703634797633e-05,3.63025693857785e-07,-2.14251439463169e-07,7.30189866383761e-08,-5.99156932796313e-16,-1.83917731755117e-07,-6.32069007693283e-09,-1.4515246895967e-08,-2.96161062498639e-05,9.4027320377648e-09,-5.89255792202566e-09,-1.38496473200158e-07,1.68377381319657e-08,-1.34803419120287e-07,3.53572991588716e-07,1.32529355281234e-08,-1.27804707146736e-08,1.68059775953189e-07,-2.06351227503626e-07,1.78732187140209e-05,-1.19558489203767e-07,1.52156599714237e-06,7.66538630718132e-09,6.62192860595771e-08,4.66247581528855e-07,-2.53230684862092e-05,0.489366403790264,1.37306235487498e-06,-7.47226621557528e-07,2.23573203004148e-06,-4.26421863100795e-08,-3.55347004115359e-08,-2.33306420847571e-07,5.65122874736644e-07,1.97008889442344e-08,-1.57886815866709e-07,3.41048547251391e-08,-5.51271695859413e-10,-9.05955838547932e-10,-1.34154153047778e-08,-3.45540386185885e-16,2.90129366693174e-10,7.11193329246949e-05,-1.36070027404096e-07,1.00867838653735e-07,1.45066833238309e-07,2.79435859488386e-08,7.14676033421654e-08,-1.17927127768791e-06,5.79283958213857e-07,4.73713549519748e-16,-1.48912375703885e-06,-2.56550337380866e-08,-6.6819409989003e-07,0.0780806078053638,-2.36164249554868e-07,1.00943267902847e-08,2.49684693534976e-07,-5.29170761327436e-08,1.88377532534994e-06,-1.664009463932e-07,2.85847431192605e-08,4.7266003645297e-08,2.36776884541089e-09,2.13169330378162e-09,4.02860700408876e-08,-8.45695291836467e-06,3.84083567015485e-08,3.67686277776533e-16,5.47805453515627e-07,-3.99231631392121e-08,-1.83616617913436e-09,-8.14549253324904e-09,3.69798366960664e-08,5.11345518942312e-08,-2.72056133071462e-07,2.06134277471301e-06,3.26254796051622e-09,-4.10126510271913e-17,5.44284638385217e-09,3.1998711078368e-06,5.34476378737893e-09,2.30735924241532e-16,-7.91310286011452e-09,-7.47197276815423e-08,1.10133308495208e-08,5.44370636581251e-09,1.59034318877154e-09,7.63885262137893e-10,2.49562553614189e-08,-5.17307079447165e-10,-5.30765618328933e-09,-2.87144597367543e-05,-2.69609127396198e-10,-2.5118317168679e-09,1.45675860813388e-16,-2.11323734707768e-09,1.23154255919751e-09,1.12759846148542e-08,-1.61446529482308e-09,-1.44153324408296e-16,-2.46739382765724e-09,4.31802242665267e-09,-1.6548811864254e-09,-1.53418055248578e-09,-4.06639574620834e-09,3.24426153613772e-08,-6.85957087910937e-08,1.15423617113733e-08,1.09552944563563e-17,4.72904206933415e-08,-6.3639904711592e-08,2.8704939197423e-07,6.14100809462438e-08,-6.25169218521925e-09,-4.22364691333908e-11,-1.34441069388203e-16,-1.82672934101444e-16,-4.22070156894836e-11,-3.8600816604715e-08,5.10564332936338e-09,-7.56243961314908e-09,7.72991936968717e-17,-3.75798205392275e-09,-4.52112372908703e-11,-8.79544695393848e-17,1.84260036481478e-17,-1.12858483197406e-16,1.01034325292751e-08,2.99841616548716e-08,-4.42887567166663e-08,2.66898830671689e-08,1.3343288199788e-08,3.10964895728697e-08,-1.72828328312562e-05,2.40863374317799e-16,-6.98815957427156e-08,5.27411371516368e-08,-1.33174187158678e-16,-6.38224075077389e-16,-1.80537872285601e-06,-2.67266292571542e-12,-2.06285587624834e-08,1.62185773882236e-08,2.07012194304139e-08,-1.11536036669453e-09,-3.69158892569817e-17,-3.75963308217826e-09,-3.87062002899943e-17,-1.28973858886683e-08,-4.62195386130571e-16,-2.35586738937907e-08,6.29246961591576e-17,1.85287079791946e-08,2.56621787778731e-08,1.56038049162108e-09,2.0585790137615e-08,1.13129414409726e-07,-8.2074321166723e-09,8.34635980014485e-08,2.66571408712339e-09,1.29705119390292e-08,1.20650850861935e-09,1.94697205637269e-08,-0.000136158088986012,-1.20993816951565e-08,-1.02467307325083e-09,-2.48575572612084e-08,1.91462049899917e-17,1.21289957720807e-05,-8.39507480023152e-06,4.04673678204538e-09,5.04256178577282e-15,5.40460337545982e-10,1.49422114717975e-08,5.54306999701244e-08,-1.52440974671118e-18,-1.82652948621045e-05,-6.77609309029888e-09,4.68286644605989e-17,-9.02991028215039e-09,1.44926859899788e-07,-4.17335150864963e-16,1.85017226720299e-16,-1.42253371133528e-05,-4.17806528862223e-09,-2.42355691797009e-11,-3.4472541920971e-08,1.67869512360941e-08,0.000772566579190909,7.88176839346112e-10,2.83886026906775e-08,-4.98248064403557e-08,1.40377076282561e-15,1.14203902373027e-09,7.13901065636454e-11,1.97855425480486e-10,1.86042430829673e-08,1.14497540497307e-18,-1.2712488653959e-17,6.15654829874616e-09,-5.50336944558673e-17,-4.42331954066064e-17,4.00769148617602e-08,-4.51268134136101e-08,-9.23286116580274e-08,-5.14593465437328e-10,2.36495467269805e-06,1.63158745442738e-08,1.41160798982073e-09,-6.34401403873483e-17,3.67276766327305e-09,1.73172818608442e-10,7.97290608486151e-10,-2.97298351128954e-06,3.71534574379273e-07,-6.73814870371077e-17,-1.67070081469505e-16,-5.00611423171156e-17,-3.37521299303901e-09,-2.20418829380972e-08,-1.1936005575311e-08,2.63864784321853e-16,-0.0113960984785644,1.65885013415877e-16,1.05404366463152e-16,1.36692740464757e-07,-3.00928633261481e-09,-1.047339298621e-16,-7.82405303717017e-09,-6.98993303438058e-05,1.71995369205832e-16,1.19800884870619e-08,8.58512026097692e-17,3.29310118266469e-09,9.75338260886323e-17,3.29185605039226e-09,2.85379796050398e-08,3.72737128558551e-07,9.7528352050754e-10,6.72632998653283e-09,-2.36522432633425e-08,9.55926684882956e-09,1.90070426577876e-17,4.42619499618045e-07,-3.99372852102906e-08,3.1412403962332e-17,-3.3029854876337e-09,-9.72744556651071e-09,1.57513755283206e-08,3.68558372064186e-16,7.46342504090514e-09,1.34197443482574e-05,1.20602079092628e-16,-2.39532751493299e-08,-5.33114728256574e-09,-7.91105649726403e-05,-3.78597349794572e-17,-2.84182854356511e-16,5.0592131577024e-09,1.5560282858911e-09,1.26002670341195e-10,-1.43287998206463e-08,9.45097819484451e-10,-4.36389596101061e-17,2.14574492884691e-16,3.46041846579301e-09,2.38615200405071e-11,-2.33975072915493e-16,8.41336908625959e-09,2.93969800937923e-17,4.83499532545928e-08,-1.64162478509285e-09,-9.60310295325586e-10,-6.3992311522858e-09,-1.41930987978992e-14,1.53288299894108e-16,-1.71065162937546e-17,-1.88227043776188e-15,-0.00464516731085606,-5.29031369788532e-09,-5.9357521254107e-17,1.32230952037795e-16,-1.23981952754059e-16,2.35056169727646e-08,1.3742563545428e-10,-1.25552411877951e-08,-3.57075098018021e-17,-1.06522863446701e-16,1.30998727490561e-16,-5.08199858985042e-08,1.71762966915007e-08,-2.18484110336519e-16,1.90690105679139e-09,-2.56649652147408e-06,-8.99510921649661e-19,1.35182520346728e-16,-4.99828177547115e-09,-5.12318608296983e-11,-2.48416387996172e-09,9.2430234353203e-17,2.80668652104275e-09,4.09587419148895e-09,4.40676672566189e-09,-4.03100711476786e-09,-1.43711314750667e-08,1.2261886398101e-09,-5.4517447847578e-18,1.77308110853185e-16,-4.56515748062325e-17,2.35123401786408e-08,-3.38763404390857e-08,-1.16034556935675e-09,-9.17683208519293e-10,-1.10849095909705e-16,1.13128452712803e-16,9.9485035275964e-17,2.4128691635571e-17,-2.24365397595957e-16,1.14021310235921e-07,-1.0094219320675e-16,-5.61258253440727e-17,-7.14212527156794e-10,5.79753992481894e-17,-6.39410395272333e-10,3.26233006278129e-17,-7.92868434257072e-10,-2.51179524809827e-16,-9.6361325821134e-10,-1.20699873044546e-10,-7.62831894418767e-08,3.29840707508108e-17,3.88531925914021e-09,-6.29815668345859e-18,5.5328876940807e-09,-2.53018667134169e-07,5.40576173082782e-11,-2.02274212182651e-17,7.909838691088e-09,-2.29896569465823e-16,-1.95156183741165e-09,-1.10176806493252e-08,2.10246234286593e-16,-3.92048268762306e-17,8.87488688647948e-17,-6.75507915825842e-13,-3.71437704715586e-11,-4.84422192903804e-10,-1.08407537216632e-10,-1.31801408873353e-16,1.33728503553372e-16,-0.000288547273121515,5.1125439732647e-08,-7.9289587039326e-17,-4.38954043868637e-17,-4.89548061503757e-10,-1.32648147205587e-17,-3.47632539357135e-09,-2.38221138388888e-16,3.29627102388275e-08,-6.63373976699221e-17,1.12193586332384e-16,-1.3680110333369e-16,-2.01268121478402e-16,-7.18953801615212e-17,-1.04442317260955e-16,4.40686468235866e-09,-3.08221670503711e-08,8.01270804403248e-18,-2.96519950812402e-09,1.12897308012692e-08,3.64032386496821e-17,-3.66281930524433e-17,1.58493827528656e-16,3.13813860817263e-17,1.11895088619291e-09,1.7944178819329e-10,5.92313080676674e-17,-2.50398906803669e-17,-2.05946355696395e-09,-7.3807415593429e-09,-0.000784197777895546,-1.6928640670498e-16,-3.29952231561126e-17,-4.33295398082807e-17,9.76276984201803e-17,5.80070545655075e-17,1.54989010621314e-17,4.29275457714309e-09,-4.06258656013455e-09,-7.81615419267995e-10,3.1578142729808e-18,2.21711980788083e-16,4.1868120734819e-17,2.29163445436003e-17,2.14342387457967e-16,5.90837524892256e-18,1.13450350208227e-16,6.83192794719734e-17,9.26577784826939e-17,1.38769714488011e-16,-3.78487585614809e-17,-4.80559510877327e-17,-8.4536702087994e-17,1.02678950284865e-16,2.98669730527127e-09,1.34988592227754e-15,-9.80184226004512e-17,-3.00641532207763e-12,6.72866484424969e-08,-7.37657166885051e-11,-2.53349645189276e-16,-1.09243323401274e-09,6.15784921532532e-08,-2.24224078730366e-17,-7.53331262226421e-17,-1.08219006164013e-08,-3.76087541978044e-16,1.5205647974796e-09,6.69615409346959e-17,1.12428653530252e-16,1.56054110448536e-18,8.5443617871003e-18,1.35783484366747e-10,-1.86490801667136e-08,-6.92785892351889e-17,7.36694572419878e-17,-3.67150085726204e-17,1.16915798058692e-16,3.86572284599707e-16,2.28579156062824e-16,-1.49204361918875e-16,1.02437522720761e-16,1.56295931256083e-09,3.14632271135023e-17,-4.81418587542611e-17,9.6747381436574e-17,-3.59007427321061e-16,-2.65013859516123e-17,2.67048836768851e-16,-4.47226354744215e-09,3.51514900200801e-17,-1.33681050249152e-17,3.3354356581535e-09,2.9843651738224e-16,-1.11977378676621e-17,-9.44958408479624e-17,-1.21433862563628e-16,9.76993240702136e-07,2.33668846417389e-18,-2.0612646387051e-09,-6.11426553431811e-16,1.26367285586388e-16,3.88487419536359e-16,-7.46366257846679e-17,-6.55876255452278e-17,2.06714274637864e-16,7.4587452279813e-11,-1.42767150301163e-16,-1.30096743902762e-16,2.90776021741311e-09,-9.32093381866213e-09,-6.54770863534228e-18,6.53503546017288e-09,9.5739191714109e-10,7.74240139804141e-17,8.03114426328603e-17,5.68162619699151e-16,1.0002304694049e-13,-1.61530233350343e-16,-1.61436752639456e-09,-1.47394794374182e-16,3.81194022914163e-17,-1.67347155098724e-16,6.46961608134879e-10,-3.57125528370584e-16,-1.34669154960591e-16,-7.48123819246435e-18,-1.39607050526112e-16,-2.95187627325751e-10,-2.34661400791807e-16,2.07788413007841e-05,-9.37225108300705e-18,-1.24097054912388e-16,-3.4900151600726e-16,-1.81072401219072e-16,-1.15826823412279e-15,-1.28615645764198e-16,6.46660075217804e-17,-1.06574279786211e-08,-3.185112058635e-16,4.27448477661075e-17,7.12500958838276e-09,-6.44230742480256e-16,1.03570026801744e-16,1.57738479131845e-16,-2.93493902147959e-17,-5.54072852044782e-18,-5.81936633647696e-17,-4.7165046681424e-09,2.89183199425791e-16,-1.89863981281533e-16,1.54136181584475e-08,-7.66213906784411e-17,1.78652658424871e-16,5.21824976992097e-16,2.85598414222089e-16,2.44295790324309e-16,3.15327671421889e-16,4.11446745618808e-16,-1.47959110959027e-16,-1.11417631364916e-16,1.08314379078521e-16,3.4906339636139e-16,-8.10641535314999e-09,1.69185486922803e-08,-4.22490541407882e-17,4.26861749596102e-16,5.37988289512508e-16,4.22728936785959e-16,2.71972114967989e-16,7.49817591986553e-17,-2.72167502837009e-16,-3.44734304410746e-16,-2.128472622462e-10,2.03662326467254e-16,-1.92511729738549e-16,1.75892853086094e-16,8.75251315355988e-16,2.72937667199016e-10,1.95324241426519e-16,-2.99027809238619e-10,-6.59408029077819e-18,-4.10612953236255e-16,3.61176227027677e-16,-1.84069668650017e-16,-2.20974863258106e-17,6.33583580869585e-16,-1.65809064344396e-16,-1.05347345596494e-16,8.5690053819638e-16,1.36771752724936e-16,-5.56270787473911e-16,-4.02037771119458e-17,6.75706504331256e-16,-1.09082412234896e-16,1.3508191223604e-15,1.68416880981616e-16,-1.9619303753752e-17,-1.41698187150472e-16,-2.50877134084391e-16,-6.26359857420961e-16,-7.73036148982165e-17,9.52094148539999e-17,5.25227811971594e-17,3.24207451628107e-16,-3.29881895034887e-16,2.07547491484154e-11,-2.68715804286795e-16,6.03128620210323e-16,-1.78828854288563e-16,-5.90833214469533e-16,-3.36519933950015e-16,8.3606135484981e-16,3.7091875642353e-16,9.78668919793471e-16,-1.34938720316858e-15,-4.70322978824786e-16,-2.3863289816406e-16,-2.11995534037565e-15,1.22994483206663e-15,-9.92513044559851e-16,1.73075280325212e-16,-7.08775941003249e-16,1.68372931194185e-15,-2.68269448900337e-10,2.2725924867322e-15,2.81387416047075e-17,-3.30954867808388e-16,-1.15434024286377e-15,2.24844595045313e-15,6.90165929796789e-16,1.48064062066614e-14,-1.55270977918481e-14,0.707106781186548,5.70935884011264e-11,1.05956808206659e-14,-2.5375565152102e-15,-5.83285460027967e-16,-4.41305614746828e-15,1.3166452528317e-15,-1.20375178078322e-15,-2.94799037643144e-16,7.76639153064244e-16,8.67575070357364e-16,-6.44940722717284e-16,1.59830115838256e-16,1.03237337801868e-16,1.1987190184797e-16,2.89313670564932e-10,3.94345903039442e-16,2.94929754707833e-17,-9.20609414022516e-17,3.4819152769372e-16,-8.72606340762061e-10,-2.27968923809005e-16,2.44250852856795e-16,3.0401882173555e-16,-2.80015001816214e-17,5.74743942184147e-17,2.94709570776445e-16,9.59951432330358e-17,3.07765693440581e-17,1.80464855248772e-16,1.10506351419951e-16,-3.25128685087132e-17,-1.54867993253037e-17,-1.20605955867495e-17,8.7595850099914e-19,-1.26099550189833e-17,1.11113481475288e-16,-1.97508928427283e-16
"t482",-0.0493251449787584,-0.0850443594301671,0.0301578819539984,0.0447679418970836,0.00386295634742449,-0.00183243492538339,0.0103548230397148,0.000198881511985605,9.21614693380754e-05,-0.000415443114889117,-0.000257237325730367,0.0263740773975003,-0.0481775686152549,0.00892644016178954,0.00814708629838499,0.0118900671529265,0.00124211297718114,-0.0752523932643262,-8.41097893316018e-05,-3.04254481089143e-05,0.000366994068122788,0.000165233111725662,-0.000941422169362784,0.0190757454823031,-0.0577520239465965,-0.000128939925561872,0.00013871649552877,-0.000120578851168498,0.00176242835172855,1.0484468585818e-05,-7.85829774416983e-07,2.31245209039388e-06,-0.00167879092490125,-1.23777555139669e-05,-1.37685640817907e-06,-2.16892696693064e-05,-0.0402121711965811,-4.88326127625176e-06,-2.7138535772305e-05,-4.27402440736969e-06,-0.000110139108301473,8.52273222891237e-06,-8.68217981170293e-05,5.10147813352189e-06,-0.000147754211430262,-2.07440578339206e-06,0.0832456982287901,0.000228253598467772,-8.6099700165457e-06,1.07108401242407e-05,-8.29260362094512e-05,3.59582376086349e-06,-4.93343235333696e-09,9.15791306230337e-06,-3.24602733238796e-07,3.18200817174441e-06,-9.50708380349772e-09,-8.2710766137947e-07,3.36236949105188e-07,-1.4592917472828e-06,-1.89388392299424e-06,3.38005589542536e-07,-1.21920396731117e-05,6.64223642538626e-06,-5.5560449251675e-07,2.43249446421704e-05,-1.14962817468026e-07,4.48947458946668e-06,-1.28613711814527e-05,5.50182536428885e-06,-0.000260253715592766,5.78614501344831e-05,-3.96293913179459e-06,-0.111385518975048,-0.152150548649427,-1.07579090396951e-07,0.000533764847335759,-5.27778726862472e-06,7.95233260575538e-06,7.09629189486314e-06,-1.31864182469398e-06,-1.77825343807847e-05,6.63981424854599e-07,1.14361643457012e-06,1.96157379687513e-06,0.00139114665801892,0.000129426573688994,1.72152799579187e-06,5.2893551845421e-07,-0.000119792467134762,2.03344560418917e-06,-1.62122605622868e-07,-1.40156068741586e-06,0.000240642452809149,1.69575222541666e-08,-6.79665955754716e-07,-0.000145644192622947,-2.62069977055893e-06,3.64445782064645e-06,6.46626869662038e-07,1.28653399588759e-07,-0.000979617262551924,4.87338413697776e-09,8.156146515384e-07,-8.56082613065535e-07,0.0418514248215207,2.83363066237535e-05,-9.78854724977336e-06,2.56898958936849e-06,-4.49347944700174e-07,-1.82676594775252e-06,-3.01640434185917e-06,4.91357746498227e-06,-2.57638396428426e-06,1.20898349624162e-08,-3.96627937888389e-07,5.49345683883457e-07,-4.98065249868923e-07,4.42872925553267e-07,-9.98431381263146e-07,3.56631393739412e-06,-7.52782097180318e-07,6.70532419669501e-07,1.83878911323464e-06,-5.94625688919256e-07,5.52854418805694e-06,-5.61340951164922e-07,1.82727091802847e-07,-1.81564388847399e-06,-6.74044834806378e-05,0.00827157628083703,6.22171156924874e-07,-0.000136979654628181,4.45365229913549e-08,8.64154052806631e-10,3.56926129681188e-09,-5.05818700592732e-12,-2.99043026215325e-08,2.57842163499927e-08,-7.55884125787961e-08,-5.3832354001953e-09,-2.19362723002379e-07,4.63107626038065e-08,3.03959918979748e-09,9.59301073781624e-09,-7.2206921278387e-10,-4.39659742219644e-08,8.19066475068807e-09,5.58560802146078e-10,-1.50120087372706e-09,-2.34776710818219e-07,-7.2116796947953e-09,-1.57305137211328e-07,6.00620267520082e-08,-2.09260836444704e-08,-1.87622357423492e-09,2.87416623611974e-08,-0.000153541990083892,3.84919072429894e-09,8.21924680911722e-10,4.42421084616556e-06,1.07158879223457e-08,-7.06532908323969e-09,-1.45521127652094e-06,1.21848799253601e-07,-7.62162974196443e-07,7.63550505762471e-08,1.30449664517654e-09,6.48501976184539e-08,8.61266946178089e-08,-1.58778444391183e-06,-1.57221799726729e-07,1.87882462511898e-08,6.62168541148946e-09,1.7357080173369e-07,2.38558741482748e-09,1.4981358560313e-08,-4.92469920340331e-08,-1.08839428961468e-08,-1.60801972361097e-07,-3.1632446383087e-08,-2.08421603623428e-06,4.7714334675519e-08,0.00133963173236079,1.35900787643103e-08,0.0477672022019825,-3.40980466285881e-06,1.41837766999392e-07,6.27518616262779e-07,-4.83656995674375e-06,-1.158807782204e-08,1.94155364577597e-08,7.61240507358896e-08,0.0168439414212782,1.06678517943218e-08,-1.426998386082e-08,-2.57185937036843e-08,-1.23714452301186e-07,1.40933831429813e-08,4.29329595125911e-09,4.18289825904835e-09,5.25271524489268e-07,-5.03041342613185e-11,3.69061919653051e-05,-6.82526226116861e-08,9.77254939671825e-07,-3.50318412084948e-08,-1.86365101694516e-06,1.00116143819247e-06,0.374814948000622,-9.61986966741768e-06,2.749428186171e-05,-9.19086821342544e-05,-2.34776287808152e-07,-1.49504438059666e-07,-1.83439619021894e-07,2.46262686935104e-07,2.09808614784485e-08,-3.52666327546531e-08,-1.67339088809213e-07,-8.99196340748987e-07,6.91638806689203e-06,2.64081350039669e-07,8.44895217506853e-07,-2.08991758996171e-07,-1.06327316924585e-07,-1.12045739216138e-06,-7.5528437129739e-08,-1.16872391960108e-07,-9.16819334457113e-08,1.93766637192277e-06,6.36092500429609e-07,3.0395274315254e-08,5.07599473042862e-08,-2.6430349760387e-09,-4.29693731195177e-08,-2.21143986222932e-07,1.62719344462028e-16,-3.28999938411139e-08,2.46804555236011e-06,-6.91122101298603e-08,-1.24054011610388e-06,-1.98634810032859e-07,2.37429127866786e-07,-3.85421596136026e-08,1.40020527042463e-06,-3.19364204625479e-09,2.10526956759537e-10,-5.40162003941844e-07,4.93341710102743e-07,-1.55382484215181e-08,2.12988333348395e-06,-1.00160571965416e-07,4.44009438129419e-08,-3.77342635455680e-09,0.00904058437522921,-0.00297735536509097,-1.1939984284823e-06,2.87286286735556e-08,-6.24855618266595e-09,1.48771774826202e-07,-2.94162276787235e-08,3.29639072244095e-06,-2.71755705318249e-06,1.75542903784333e-08,-6.01663937281205e-09,0.000154708319026955,3.18066174907839e-06,-0.000248584953593629,2.54380630688106e-09,1.45492724371776e-09,-4.33487544114353e-09,6.16130892486449e-07,-5.33305523786734e-07,1.20115769083288e-07,-2.60094312454757e-06,1.25599985262429e-06,-2.31795830467499e-05,2.07158645660072e-07,-1.20979159525396e-07,4.08781646977189e-08,6.14205626089892e-16,-9.97838899432679e-08,-3.4143682098721e-09,-7.72752385126227e-09,-1.51926997315675e-05,4.65683844423889e-09,-2.86659610206728e-09,-6.67603303857301e-08,7.04690299243708e-09,-5.58053285467543e-08,1.45933168904943e-07,5.18403829252321e-09,-4.11344992985971e-09,5.18406771885793e-08,-6.16750851649685e-08,4.74658280254153e-06,-1.29528529737085e-08,3.54397627864165e-08,1.37059811313024e-10,1.07662895231451e-09,-1.29604805284822e-07,2.29960153112959e-05,-0.50531728463211,-1.71005349780246e-06,1.17222135196689e-06,-3.7711074259531e-06,1.41512152040519e-07,1.25171028471334e-07,9.21535529792045e-07,-2.42480408990983e-06,-1.14804371907254e-07,1.42381899149584e-06,-5.6383577244459e-07,1.37788631571164e-08,1.26237425816755e-07,-2.40625095034702e-07,3.25197186889855e-16,9.44411820244738e-10,0.000219262269882221,-3.90723137706523e-07,2.89078572291284e-07,4.14901154458243e-07,7.86761316154825e-08,1.95637624995895e-07,-3.12904262687655e-06,1.4521755067129e-06,3.63693103572629e-16,-3.36090667735723e-06,-5.72626892865163e-08,-1.45804834271794e-06,0.169935419327768,-4.89123979735939e-07,2.04052220382823e-08,4.89237565566959e-07,-1.01676325634198e-07,3.48473565405779e-06,-2.98583398642005e-07,5.03971285483493e-08,8.25586378371179e-08,4.1125794630457e-09,3.66700990494346e-09,6.92296046738774e-08,-1.44379412625773e-05,6.52478465297059e-08,-1.33444166484242e-16,8.99838486005996e-07,-6.51659817818063e-08,-2.99696353470265e-09,-1.30725942516486e-08,5.92049916866357e-08,7.96707686301302e-08,-4.20916320020664e-07,3.18493649931775e-06,5.01566708647656e-09,1.98522485499293e-16,8.32130059058893e-09,4.88227544507732e-06,8.09548021917944e-09,-3.63405754566321e-16,-1.18955614866575e-08,-1.12130543235318e-07,1.6512856400513e-08,8.14722439902793e-09,2.3730401271824e-09,1.13731718237241e-09,3.70930449171888e-08,-7.65096162778532e-10,-7.84550039690958e-09,-4.23048825758368e-05,-3.94993631055508e-10,-3.67895698991794e-09,-1.42501232255163e-16,-3.06332331906001e-09,1.78216403729875e-09,1.62570637324908e-08,-2.31503655641778e-09,-5.01429904588587e-17,-3.49950513350956e-09,6.05585391918627e-09,-2.30998402708879e-09,-2.13694030181229e-09,-5.64986664602684e-09,4.48735745631528e-08,-9.42251733725815e-08,1.56138601986611e-08,1.22141242963588e-16,6.32248809207193e-08,-8.5002108698236e-08,3.82653140542321e-07,8.16465451641188e-08,-8.31015014081796e-09,-5.6102258823756e-11,-3.46944695195361e-17,-8.65454258824323e-17,-5.58348485894289e-11,-5.08895093821548e-08,6.72824832097991e-09,-9.93669431895542e-09,-2.37643171937177e-16,-4.90797460871477e-09,-5.88961984023432e-11,-9.67840883995621e-18,-4.73716435616905e-17,3.99588963653205e-18,1.30636704407847e-08,3.87344164900629e-08,-5.70406383190012e-08,3.42898275263244e-08,1.71379279020663e-08,3.98389367538882e-08,-2.21353851334209e-05,-1.01266489020044e-16,-8.90705934766658e-08,6.71143639759218e-08,1.97845144246155e-16,4.23409438238367e-16,-2.28363810947346e-06,-3.37624921995647e-12,-2.60111090293745e-08,2.04265591858684e-08,2.60155138616701e-08,-1.40120567763143e-09,-4.24546641360623e-16,-4.72094731765124e-09,-1.54545869281467e-16,-1.61736903778109e-08,-2.4066577723747e-16,-2.95149454672027e-08,-5.91225788200903e-18,2.31854999286394e-08,3.21041412913462e-08,1.94609331622449e-09,2.56581515696903e-08,1.40967587681602e-07,-1.02155248534532e-08,1.03784550224123e-07,3.30754720994792e-09,1.60931637359302e-08,1.49600206437616e-09,2.41130858762969e-08,-0.000168372934975801,-1.49433394550899e-08,-1.2643004596515e-09,-3.06562875183397e-08,1.1793672709036e-16,1.49370997569395e-05,-1.03248777530153e-05,4.95902846600941e-09,5.99294657374549e-15,6.61638870368995e-10,1.82655459143088e-08,6.77174781187096e-08,-6.50288305054771e-17,-2.23069795783313e-05,-8.26534160763941e-09,-3.81698677274589e-17,-1.10079737461673e-08,1.76070021542593e-07,-2.03236722479062e-16,-3.45408807081502e-17,-1.72601201511387e-05,-5.06882501427653e-09,-2.93870034456605e-11,-4.17744702029649e-08,2.03151661157413e-08,0.000934833579809685,9.53566413761458e-10,3.42858924426415e-08,-6.00923148161269e-08,-1.44713884972503e-15,1.37667779016839e-09,8.60500628124254e-11,2.38412319868682e-10,2.24096277436439e-08,2.33750462217582e-16,-8.65523633755945e-17,7.41216064207287e-09,2.50489010734946e-16,-1.38525167443509e-16,4.81055725298466e-08,-5.41399193280618e-08,-1.10768094395706e-07,-6.16698657023999e-10,2.83379764415024e-06,1.95498286178e-08,1.69106538171773e-09,8.74495388269627e-17,4.39075835258266e-09,2.06936901424778e-10,9.52606237718499e-10,-3.54964046776272e-06,4.43041203441166e-07,7.98790496357111e-17,-1.41910173280234e-16,1.67928416421618e-16,-4.01770751068473e-09,-2.6218073233404e-08,-1.41966713492751e-08,1.71437916023365e-16,-0.0135448427942757,2.14327126016556e-16,-8.65008300964187e-18,1.61972791915758e-07,-3.5656931275083e-09,-3.6201510539291e-16,-9.26398466477286e-09,-8.27289554293284e-05,2.22769246574862e-16,1.41669620947255e-08,3.92238675431765e-17,3.89031513227286e-09,3.8073499720127e-17,3.88849577962604e-09,3.37080652075527e-08,4.40229592539688e-07,1.15175507128276e-09,7.94147518728944e-09,-2.78996952586877e-08,1.1261787056567e-08,2.26610367748702e-16,5.20653044363425e-07,-4.69706175321083e-08,-9.5179536250494e-17,-3.8838394208941e-09,-1.14336378397606e-08,1.85077047953221e-08,-1.27706947765445e-16,8.75912619767551e-09,1.57458648047199e-05,3.56897249343041e-17,-2.80966331572654e-08,-6.25237031683466e-09,-9.2729304429694e-05,1.43035353103304e-16,-2.70083060871833e-16,5.92244598080611e-09,1.82053090026035e-09,1.47405012267895e-10,-1.67234851516101e-08,1.10263441339136e-09,-5.52580680249905e-17,-3.30056848410391e-16,4.0361933220695e-09,2.78311337394406e-11,3.02531900467728e-16,9.80871482157014e-09,8.31402534932394e-18,5.63454031462202e-08,-1.9120155797885e-09,-1.11843755061972e-09,-7.45177958110625e-09,-1.67774221650699e-14,-1.87066320379541e-16,4.71993092241498e-16,-2.23967019690247e-15,-0.00540166843141251,-6.15118473891145e-09,-7.40236635054345e-17,1.00159713139192e-16,-3.31113146823723e-16,2.73194292976501e-08,1.59695029994835e-10,-1.45828163690655e-08,-4.88237447637929e-16,-2.63230734952324e-16,4.73958979702038e-16,-5.89327242173448e-08,1.99171802324277e-08,8.65763082632905e-17,2.20983386896827e-09,-2.97347950264089e-06,9.73773495596389e-18,-9.63521335748744e-17,-5.78753505694462e-09,-5.93191055028447e-11,-2.87532036526936e-09,-9.81552048180391e-17,3.24680111306589e-09,4.73668461340526e-09,5.09403731439422e-09,-4.65696928820315e-09,-1.66002035057978e-08,1.41596929168941e-09,-1.85270685536452e-16,1.31722685123504e-16,3.9498282742792e-16,2.71071480272097e-08,-3.90547363584686e-08,-1.33744312085127e-09,-1.05665458454702e-09,1.95095257101374e-16,1.42313561454984e-16,-1.90689114869586e-16,2.98712361397878e-16,-2.82080614644957e-16,1.31148567940241e-07,-1.65246116150892e-16,2.79719444441274e-16,-8.21155122874352e-10,-4.25190089353596e-16,-7.35136582220961e-10,3.23135201792264e-16,-9.1153457917979e-10,1.03298543066988e-16,-1.1070450710008e-09,-1.38643257989488e-10,-8.76003925994546e-08,-4.239786740849e-16,4.46032646553701e-09,-8.70882168158667e-17,6.34735297324104e-09,-2.90006117642286e-07,6.19577518523038e-11,2.35973663916917e-16,9.06255090368672e-09,-1.81825262262349e-16,-2.23470904583225e-09,-1.26158625466946e-08,-2.38719581513368e-16,-1.45701523056285e-16,-1.36668688862635e-16,-7.74202066343668e-13,-4.25119250045951e-11,-5.54367906221471e-10,-1.24042534476372e-10,-7.03712490381899e-16,-2.51368038091973e-16,-0.000329942707885839,5.84582391140176e-08,4.33342903144978e-18,3.13190523749849e-16,-5.59298916967273e-10,1.10709256415888e-15,-3.97094073923263e-09,3.34041942116048e-16,3.7633627750578e-08,-1.6759435949609e-16,-3.52242097780295e-16,-3.07970432827515e-16,1.40553553077275e-16,8.83704581336727e-16,9.90347677250307e-18,5.02621221066818e-09,-3.51535090651781e-08,-7.35828235895626e-16,-3.38069940430883e-09,1.28698237516806e-08,-2.74556997040624e-15,2.07427220525663e-15,1.17189039125647e-15,-2.0633085575716e-16,1.27475567478618e-09,2.04397494624298e-10,-7.23472133305277e-16,1.93472894021228e-15,-2.34550477785183e-09,-8.40568173698354e-09,-0.000893033224112508,-1.76240803541086e-15,4.32746161026173e-15,-6.14134188566473e-16,-1.44832391536453e-15,1.35472157842262e-15,-7.54931406710393e-16,4.88292573262770e-09,-4.62061904809549e-09,-8.88881982510668e-10,-5.42593227263739e-15,2.8937215640416e-16,-7.71771238581526e-16,-6.87019877516305e-16,-2.40033095368056e-15,-2.04639615677381e-15,3.12886424932033e-15,-1.11481531063527e-14,9.20321887189345e-15,-1.30166131578671e-14,-1.47420348418415e-14,1.59835959877204e-14,2.21228874498463e-14,-1.21439774374923e-14,3.39062765146001e-09,-7.87304917257998e-14,-1.00374901054879e-14,-0.707106781179178,7.6369055195801e-08,-8.37057679980738e-11,-7.14086361740251e-14,-1.23978079758241e-09,6.98646977027193e-08,-5.9500706556288e-15,1.91906342048671e-14,-1.2273839557922e-08,-2.13477492046202e-16,1.72383908044933e-09,1.06773367386761e-15,5.53491682222178e-16,-9.45135692162867e-16,-2.27281270323542e-15,1.5383340043274e-10,-2.1127120342224e-08,2.93485922090157e-15,-7.39971061808984e-18,1.27445164917843e-15,2.80665085821049e-17,1.31177620849021e-15,1.27195061052481e-16,6.24545724069459e-16,-3.62901372720185e-16,1.76658804381493e-09,-4.04126946180244e-16,4.17224940799341e-16,7.40216100916033e-16,-1.47737324873379e-16,-1.3716087790861e-15,-3.44920516913483e-18,-5.05247391718187e-09,1.48107671731232e-16,8.08752485315208e-16,3.76782224744777e-09,-3.61800938935862e-17,5.53433401311981e-16,1.80971495886573e-16,5.98619340269221e-16,1.10249789784122e-06,-1.42433535867028e-16,-2.32562399767125e-09,-2.69296544294442e-16,-1.27684098354549e-15,7.09338685505694e-18,4.00532975757234e-16,1.58614653961847e-16,-4.88221130509568e-16,8.41215053286024e-11,5.54250815074523e-16,-2.42599306057505e-16,3.27850552711248e-09,-1.0509219669896e-08,-5.87605263071945e-16,7.36633826986743e-09,1.07909567965236e-09,1.3873782110121e-16,7.54272721924901e-16,1.28308684000767e-16,1.12371740035072e-13,2.16666633258772e-17,-1.81751738114808e-09,6.69385439377555e-16,-5.24281787869239e-17,2.28355974650839e-17,7.28162794462673e-10,-2.77558658490284e-16,2.84309195410112e-16,3.7913345570319e-16,-4.56813660896803e-17,-3.3211002844767e-10,2.82585217925709e-16,2.33751118167042e-05,-3.26101610559774e-16,-9.74066626379953e-17,-3.34983032384897e-16,6.99618361213357e-17,-2.3977330119498e-16,4.45420618106366e-17,-3.20765519335429e-16,-1.19815976730499e-08,8.58828013512892e-17,-2.49310473968548e-16,8.00905139315664e-09,3.03079387080348e-16,-2.47698270463669e-16,5.1286802952649e-17,-2.90583963557644e-16,-9.31932493055677e-17,-4.09064365170366e-16,-5.29916020090473e-09,7.59175560170179e-17,3.5025004962995e-17,1.73140303233672e-08,8.34775281060902e-17,2.06973347225738e-16,-6.45851472691308e-17,5.04387407284623e-16,3.64220613257839e-16,1.02264016018005e-16,-1.80935105147941e-17,-5.50106814976145e-17,-3.99664706579685e-16,-3.15876920285598e-17,4.94500342086004e-16,-9.09871826827082e-09,1.89877521938488e-08,3.72004368096933e-17,2.90940523249224e-16,-1.72432171181015e-16,6.61757521675407e-17,8.98478340338738e-16,1.71504217634063e-16,5.31363774131938e-17,-2.75065951057277e-16,-2.38762409273196e-10,2.60756107936483e-16,-3.75640788422932e-16,-1.93978899843538e-16,-1.2799922092112e-16,3.06041924021218e-10,2.69206806156598e-16,-3.3514062987083e-10,-6.74508156403082e-17,8.729583630137e-17,-4.78224994373464e-17,1.81292401002569e-16,-1.26733183591903e-16,2.14641409945249e-16,-1.67128784525667e-17,1.81665302100801e-16,-5.29161161827601e-17,3.96046972314832e-17,-2.45695655394228e-16,3.13754976770654e-17,-8.49954768360567e-17,2.15641270848731e-16,-1.55078746067584e-16,2.93476824514258e-17,-1.01560239112022e-16,-3.17159793067616e-17,8.33217163737591e-17,5.17495652089102e-18,4.92661467177413e-16,-4.24871992661626e-17,-1.32585980105922e-16,7.93248253793057e-18,-6.82292786716594e-17,2.32218901064133e-11,-8.6501613978194e-18,1.68093109322327e-16,1.36334097818855e-16,4.51181947342564e-17,-6.39456063188773e-17,3.61122048772149e-17,2.65934305511124e-16,1.78724844770622e-16,-3.18697920317209e-17,-5.91798156643236e-17,-2.86717264513792e-16,1.79440943811773e-16,-2.44772334575037e-17,-1.34078229213521e-16,-6.81415521692123e-17,2.29806615865782e-18,8.01294451155709e-17,-2.99822861657032e-10,-3.6304893648116e-17,-3.42203306202017e-17,-9.95003382784744e-17,1.08233981725957e-16,1.02006571834178e-16,5.29306540851802e-18,3.44073187357617e-17,-3.32827328384231e-17,-5.45400770189082e-16,6.37345297722654e-11,1.19180600643841e-16,-1.21564016707367e-17,3.69217242954531e-17,2.01474634717939e-18,-2.19392980494575e-17,8.39664024157633e-17,1.30314839102972e-16,7.73164937145024e-17,8.39795182753554e-17,4.96820668674117e-18,6.68954781424034e-17,6.75145705404213e-17,-2.20522078695341e-17,3.22609713662991e-10,-8.72010329325852e-17,4.33660006516144e-18,1.26862236463758e-17,-5.45353692760209e-16,-9.72526435965055e-10,-2.91168552821298e-18,-5.65786650407939e-17,6.51037935948889e-17,-4.14970350464379e-17,-6.54668032171888e-17,1.37177095860021e-17,2.57647770778113e-16,6.20772045768212e-17,-1.71206943072059e-16,-3.99453077910371e-17,6.8019136294201e-17,1.21946085018417e-17,-1.18533265374606e-16,-8.60656394085394e-17,-1.35626928688573e-16,3.81735153176005e-17,-1.87270439343221e-16
"t685",-0.0493251449787565,-0.0850443594301602,0.0301578819539959,0.0447679418970786,0.003862956347424,-0.00183243492538309,0.0103548230397131,0.00019888151198557,9.2161469338058e-05,-0.000415443114889005,-0.000257237325730313,0.0263740773974899,-0.0481775686152356,0.00892644016178595,0.0081470862983816,0.011890067152921,0.00124211297718058,-0.075252393264291,-8.41097893315536e-05,-3.04254481089047e-05,0.000366994068122532,0.000165233111725498,-0.000941422169362142,0.0190757454822894,-0.0577520239465547,-0.000128939925561783,0.000138716495528648,-0.000120578851168349,0.00176242835172722,1.04844685857404e-05,-7.85829774417242e-07,2.31245209035441e-06,-0.00167879092489937,-1.23777555138958e-05,-1.37685640819352e-06,-2.16892696692357e-05,-0.0402121711965276,-4.8832612762898e-06,-2.71385357722549e-05,-4.2740244074079e-06,-0.000110139108301347,8.52273222892467e-06,-8.68217981168824e-05,5.10147813349436e-06,-0.000147754211429839,-2.07440578339389e-06,0.0832456982286554,0.000228253598467384,-8.60997001651805e-06,1.07108401242382e-05,-8.29260362093287e-05,3.59582376078624e-06,-4.93343237010929e-09,9.15791306225653e-06,-3.2460273323532e-07,3.18200817173769e-06,-9.50708377885023e-09,-8.27107661370268e-07,3.36236949141704e-07,-1.45929174733076e-06,-1.89388392301295e-06,3.38005589561506e-07,-1.21920396730795e-05,6.64223642532445e-06,-5.55604492481555e-07,2.43249446421193e-05,-1.14962817447466e-07,4.48947458943974e-06,-1.28613711814235e-05,5.50182536425753e-06,-0.000260253715591993,5.78614501341455e-05,-3.96293913176655e-06,-0.111385518974669,-0.152150548648908,-1.07579090355296e-07,0.000533764847333963,-5.27778726859155e-06,7.95233260573098e-06,7.09629189483524e-06,-1.31864182468037e-06,-1.77825343807283e-05,6.63981424831126e-07,1.14361643454982e-06,1.96157379691259e-06,0.00139114665801323,0.00012942657368843,1.72152799580074e-06,5.28935518432047e-07,-0.000119792467134318,2.03344560418366e-06,-1.62122605659731e-07,-1.40156068744111e-06,0.000240642452808057,1.69575222739815e-08,-6.79665955776667e-07,-0.000145644192622253,-2.6206997705781e-06,3.6444578205798e-06,6.46626869569469e-07,1.28653399560682e-07,-0.00097961726254694,4.87338414598458e-09,8.15614651507502e-07,-8.56082613062822e-07,0.041851424821289,2.83363066236748e-05,-9.78854724982627e-06,2.56898958935014e-06,-4.49347944576494e-07,-1.8267659477869e-06,-3.01640434185464e-06,4.91357746491923e-06,-2.57638396426393e-06,1.20898349462827e-08,-3.9662793790758e-07,5.49345683941928e-07,-4.98065249888747e-07,4.42872925584033e-07,-9.98431381249508e-07,3.56631393739927e-06,-7.5278209713765e-07,6.7053241967644e-07,1.8387891131945e-06,-5.94625688862661e-07,5.52854418804081e-06,-5.61340951367451e-07,1.82727091784894e-07,-1.81564388849508e-06,-6.74044834801968e-05,0.00827157628078047,6.22171156989599e-07,-0.000136979654627206,4.453652297653e-08,8.64154156981731e-10,3.56926124646172e-09,-5.05819359320473e-12,-2.9904302678134e-08,2.5784216331287e-08,-7.55884126078709e-08,-5.38323543238012e-09,-2.193627230182e-07,4.63107625872756e-08,3.03959921313284e-09,9.59301069929064e-09,-7.22069175227736e-10,-4.39659742097584e-08,8.19066474240982e-09,5.58560821909164e-10,-1.50120090724135e-09,-2.3477671092626e-07,-7.21167967591823e-09,-1.57305137209231e-07,6.00620267720979e-08,-2.09260836244475e-08,-1.8762235608701e-09,2.87416623631898e-08,-0.000153541990082429,3.84919076545292e-09,8.2192464996683e-10,4.42421084614617e-06,1.07158879225221e-08,-7.06532909267741e-09,-1.45521127654545e-06,1.21848799221512e-07,-7.62162974272265e-07,7.63550505863403e-08,1.30449665254484e-09,6.4850197654752e-08,8.61266946254097e-08,-1.58778444388701e-06,-1.57221799757682e-07,1.87882463188453e-08,6.62168542886512e-09,1.73570801725489e-07,2.38558740636592e-09,1.4981358528172e-08,-4.92469920221029e-08,-1.08839428266333e-08,-1.60801972345695e-07,-3.16324464104123e-08,-2.08421603619809e-06,4.77143347442864e-08,0.00133963173234639,1.35900788009569e-08,0.0477672022014639,-3.40980466278937e-06,1.4183776698727e-07,6.27518616188535e-07,-4.83656995670513e-06,-1.15880778146274e-08,1.94155364842945e-08,7.61240507334366e-08,0.0168439414210814,1.06678517606955e-08,-1.42699838889956e-08,-2.57185937101224e-08,-1.23714452289903e-07,1.40933830966143e-08,4.29329593596954e-09,4.18289823034962e-09,5.25271524477938e-07,-5.03040822911404e-11,3.69061919648013e-05,-6.82526227070659e-08,9.77254939675017e-07,-3.5031841229184e-08,-1.86365101695471e-06,1.00116143817838e-06,0.374814947995504,-9.61986966743344e-06,2.74942818615894e-05,-9.19086821329877e-05,-2.34776287707369e-07,-1.49504438021938e-07,-1.8343961908388e-07,2.46262686856948e-07,2.09808614869712e-08,-3.5266632749493e-08,-1.67339088833918e-07,-8.99196340749264e-07,6.91638806673193e-06,2.6408135001853e-07,8.44895217524013e-07,-2.08991759075875e-07,-1.06327316910443e-07,-1.12045739210334e-06,-7.55284370922702e-08,-1.16872391929709e-07,-9.16819334564342e-08,1.93766637193647e-06,6.36092500354489e-07,3.03952742905275e-08,5.07599472898438e-08,-2.64303504091505e-09,-4.29693730814778e-08,-2.21143986146568e-07,2.17560873124464e-16,-3.28999938458693e-08,2.46804555264785e-06,-6.91122100794564e-08,-1.24054011607043e-06,-1.9863481001158e-07,2.37429127796871e-07,-3.85421596343805e-08,1.40020527039535e-06,-3.19364208858912e-09,2.10527025081575e-10,-5.40162003932533e-07,4.93341710126166e-07,-1.55382484563444e-08,2.12988333342762e-06,-1.00160571938468e-07,4.44009438604549e-08,-3.77342650244197e-09,0.00904058437505062,-0.0029773553650309,-1.19399842842538e-06,2.87286287399903e-08,-6.24855620026056e-09,1.48771774811418e-07,-2.94162275272709e-08,3.29639072238228e-06,-2.71755705310708e-06,1.75542903479645e-08,-6.01663931058838e-09,0.000154708319023657,3.18066174909778e-06,-0.000248584953588307,2.54380629991059e-09,1.45492726264596e-09,-4.33487546043688e-09,6.16130892482656e-07,-5.33305523885288e-07,1.20115769121624e-07,-2.60094312445568e-06,1.2559998526226e-06,-2.31795830462591e-05,2.07158645701057e-07,-1.20979159360988e-07,4.08781646875806e-08,6.43581694207713e-16,-9.97838899934085e-08,-3.4143682803778e-09,-7.72752379903525e-09,-1.51926997312417e-05,4.65683836907651e-09,-2.86659616040108e-09,-6.67603303832965e-08,7.04690297740263e-09,-5.58053288246412e-08,1.45933168982208e-07,5.18403835161594e-09,-4.11344991314133e-09,5.18406771916676e-08,-6.16750851186538e-08,4.74658280247023e-06,-1.29528530255189e-08,3.54397636133374e-08,1.37059678888308e-10,1.07662896082053e-09,-1.29604805279888e-07,2.29960153107136e-05,-0.505317284617659,-1.71005349776731e-06,1.17222135192852e-06,-3.77110742590999e-06,1.41512152025398e-07,1.25171028409803e-07,9.2153552980401e-07,-2.42480408980689e-06,-1.14804372133759e-07,1.42381899141222e-06,-5.63835772512976e-07,1.37788631924955e-08,1.26237425754951e-07,-2.4062509496407e-07,3.1715323371213e-16,9.44411915730756e-10,0.000219262269875027,-3.90723137963316e-07,2.89078572312982e-07,4.1490115446087e-07,7.86761314880028e-08,1.95637625033522e-07,-3.12904262678021e-06,1.45217550681445e-06,3.28377569370898e-16,-3.36090667715645e-06,-5.72626893242943e-08,-1.45804834256469e-06,0.169935419321914,-4.89123979710294e-07,2.04052220845159e-08,4.89237565507201e-07,-1.01676325723401e-07,3.4847356540517e-06,-2.98583398684918e-07,5.03971284403487e-08,8.25586378536387e-08,4.11257942731827e-09,3.66701021051229e-09,6.92296046555062e-08,-1.44379412621027e-05,6.52478463767862e-08,-8.0590046560166e-17,8.99838485877257e-07,-6.51659809967897e-08,-2.99696377026943e-09,-1.3072594281753e-08,5.92049917616629e-08,7.96707686304166e-08,-4.20916320084144e-07,3.18493649920359e-06,5.01566712963146e-09,-1.65833790886631e-17,8.32130068397242e-09,4.88227544481391e-06,8.09548027640935e-09,-3.15995025474373e-16,-1.18955615729529e-08,-1.12130543210043e-07,1.65128564290692e-08,8.14722448204024e-09,2.37304040044762e-09,1.13731706762096e-09,3.70930450220439e-08,-7.65096271855901e-10,-7.84550048115044e-09,-4.23048825739763e-05,-3.94993980188083e-10,-3.67895698815035e-09,-2.31863073305828e-16,-3.06332337938835e-09,1.78216382891382e-09,1.62570629143252e-08,-2.31503661403521e-09,-7.86156082197688e-17,-3.49950515282973e-09,6.05585427572615e-09,-2.30998404035925e-09,-2.13694005041373e-09,-5.64986673032487e-09,4.48735745938984e-08,-9.42251733291895e-08,1.56138602343815e-08,1.1750447335989e-16,6.32248812293449e-08,-8.5002108139384e-08,3.82653140515315e-07,8.16465451160453e-08,-8.31015009016207e-09,-5.61023007169277e-11,-3.53883589099269e-16,9.93988042773487e-17,-5.58349872747616e-11,-5.08895093078937e-08,6.72824822615981e-09,-9.93669412546366e-09,-1.74099898109572e-16,-4.90797458183145e-09,-5.88962869402507e-11,9.5498562550789e-17,9.58912244273264e-18,-8.08812850670086e-17,1.30636703619412e-08,3.87344165610652e-08,-5.70406384195838e-08,3.42898275244199e-08,1.71379279233937e-08,3.98389369709534e-08,-2.21353851320703e-05,-5.84982892313621e-17,-8.90705934423493e-08,6.71143640469676e-08,1.02152143454524e-18,5.33770255921447e-16,-2.28363810922299e-06,-3.37612673602472e-12,-2.6011109031389e-08,2.04265591909268e-08,2.60155137975743e-08,-1.40120593364799e-09,-2.56739250113205e-16,-4.72094707086161e-09,-2.91477235080731e-16,-1.61736902836361e-08,5.21230194422406e-16,-2.95149453769003e-08,8.04320520307305e-17,2.31855002032945e-08,3.21041412985052e-08,1.94609310089026e-09,2.56581515686053e-08,1.40967587637941e-07,-1.02155248106785e-08,1.03784549894534e-07,3.30754720155874e-09,1.60931636997819e-08,1.49600207569187e-09,2.41130858326482e-08,-0.000168372934963813,-1.4943339302109e-08,-1.26430072676815e-09,-3.06562874215096e-08,1.05879871068857e-16,1.49370997557826e-05,-1.03248777522069e-05,4.95902851802279e-09,5.96744196193362e-15,6.61639097162035e-10,1.82655455754981e-08,6.77174781721529e-08,-9.9764404099623e-17,-2.23069795766287e-05,-8.26534149682674e-09,1.00622318096633e-17,-1.1007973807283e-08,1.76070021425234e-07,1.28917072194723e-16,2.63836813597996e-16,-1.72601201495132e-05,-5.06882513369062e-09,-2.93871262946216e-11,-4.17744701379226e-08,2.03151661126782e-08,0.000934833579729917,9.5356633110425e-10,3.42858921283461e-08,-6.00923147397107e-08,1.34527805562001e-15,1.37667806955654e-09,8.60501734649852e-11,2.38412532754374e-10,2.2409627498643e-08,6.21323386498326e-17,1.61618612492169e-16,7.41216030260722e-09,-7.9133366377675e-17,1.80166960822691e-16,4.81055725756371e-08,-5.41399192532981e-08,-1.10768094170381e-07,-6.16698758024561e-10,2.83379764384988e-06,1.95498285558871e-08,1.69106489381548e-09,-2.37390722976333e-16,4.39075836197666e-09,2.0693693391497e-10,9.52606491354436e-10,-3.5496404674277e-06,4.43041203407667e-07,-1.23877465115948e-16,1.58116714915847e-16,1.5680771512822e-16,-4.01770766468236e-09,-2.62180732161485e-08,-1.41966712900714e-08,-2.22481814319153e-17,-0.0135448427928185,1.00811158557234e-16,1.22268134365764e-16,1.61972791942121e-07,-3.56569341481507e-09,5.41992666025504e-16,-9.26398443103142e-09,-8.27289554195861e-05,3.5379846725144e-16,1.41669621593354e-08,-7.95055394447307e-17,3.89031494507103e-09,1.45164108788767e-16,3.88849524790016e-09,3.37080652028044e-08,4.40229592464071e-07,1.15175532429712e-09,7.94147510662958e-09,-2.78996963946334e-08,1.12617870535867e-08,-2.00075741348094e-16,5.206530440345e-07,-4.69706176204367e-08,1.27349346629205e-16,-3.88383912595583e-09,-1.14336378890686e-08,1.85077048564662e-08,1.13839741844972e-16,8.75912601348040e-09,1.57458648025015e-05,-1.668537028202e-17,-2.80966330938236e-08,-6.25237062777516e-09,-9.27293044164222e-05,1.09344179777307e-16,3.56972587573963e-16,5.92244616757968e-09,1.82053057469072e-09,1.47405363860492e-10,-1.67234851699461e-08,1.10263421907428e-09,-8.14130213365919e-17,3.11146499551844e-16,4.03619325161394e-09,2.78310904827136e-11,7.47177110427476e-18,9.80871469993928e-09,3.84722776140294e-17,5.63454032410831e-08,-1.91201577811364e-09,-1.1184378807125e-09,-7.45177938476443e-09,-1.63929252489801e-14,3.01224040201777e-16,-2.08243032838484e-16,-2.34429768976357e-15,-0.00540166843044618,-6.15118448519433e-09,1.42808607538134e-16,1.11429234774079e-16,-2.47180725540512e-17,2.73194293091202e-08,1.59694973518998e-10,-1.45828164208207e-08,1.598695671398e-16,3.47391928591512e-16,-4.06846865225186e-16,-5.89327240931334e-08,1.99171800913756e-08,1.45790790171356e-16,2.20983319908589e-09,-2.97347950195256e-06,-3.14911081601864e-17,-2.34584206320337e-17,-5.78753500726278e-09,-5.93186757726447e-11,-2.87532037466171e-09,1.20635501755192e-16,3.24680124108714e-09,4.73668494484966e-09,5.0940374212322e-09,-4.65696953495252e-09,-1.66002030448448e-08,1.41596954866918e-09,1.79104426445186e-16,-1.61857124291864e-16,-1.48747645508435e-16,2.7107148104314e-08,-3.90547356023741e-08,-1.3374431289157e-09,-1.05665485369324e-09,-2.38726642878537e-16,-3.28793161250884e-17,8.34150223173212e-17,-4.55299162445486e-16,2.93481873197444e-16,1.31148567801525e-07,4.66069299169533e-17,-1.92265089600305e-16,-8.21155163397592e-10,3.60848784170208e-16,-7.35136545158962e-10,-3.54336581264826e-16,-9.11535233523576e-10,-9.18819288624576e-17,-1.10704460414856e-09,-1.38641684337061e-10,-8.76003929206653e-08,3.58602329395005e-16,4.46032680570889e-09,1.13252154961916e-16,6.34735268082076e-09,-2.90006117376866e-07,6.19575484478821e-11,-2.75721290517925e-16,9.06255004978105e-09,2.2297254397526e-16,-2.23470939632322e-09,-1.26158629200747e-08,-2.8283315767901e-17,2.01438131768627e-16,-3.43575491311959e-17,-7.72270333816089e-13,-4.25122332031639e-11,-5.54367841897749e-10,-1.24044002522631e-10,6.66193147333545e-16,1.81995018028499e-16,-0.000329942707714951,5.845823968691e-08,-1.06313630052933e-16,-3.11731058191354e-16,-5.59300148030673e-10,-1.15355911928308e-15,-3.97094099188208e-09,-8.97020584835355e-17,3.76336255909054e-08,1.77338434137857e-16,4.8755786696138e-16,2.36972074864807e-16,-3.2412700453022e-16,-7.91826046409701e-16,2.25524183825443e-16,5.02621553432475e-09,-3.51535077592036e-08,6.88764869508012e-16,-3.38070026165654e-09,1.28698224709248e-08,2.85682414532358e-15,-2.15724446439566e-15,-1.02241096749595e-15,5.37405596332364e-16,1.27475567797268e-09,2.04397813604772e-10,6.80374070695177e-16,-1.94062182321829e-15,-2.34550328603731e-09,-8.4056804355778e-09,-0.000893033223101382,1.45805563047694e-15,-4.36693891158268e-15,6.72173720735786e-16,1.32160435733564e-15,-1.47563853911263e-15,7.0479661189224e-16,4.8829234746621e-09,-4.62062275814198e-09,-8.8888462550206e-10,5.37008143593973e-15,-6.19164621062423e-16,7.36156015741028e-16,7.35108359575035e-16,2.313993192973e-15,1.96004200887475e-15,-3.17525376572903e-15,1.12102828654214e-14,-9.19837929209833e-15,1.31026275251903e-14,1.47125854145645e-14,-1.60865479193649e-14,-2.18701952388422e-14,1.20507778047997e-14,3.39062059340991e-09,8.17999966743539e-14,1.05025032522079e-14,0.707106781193919,7.63690232887295e-08,-8.37307450088489e-11,7.13935811827598e-14,-1.23978674680739e-09,6.9864692307949e-08,5.99199137528299e-15,-1.92223352367733e-14,-1.22738393727291e-08,1.33315949966493e-16,1.72383964258859e-09,-1.19223086322416e-15,-5.17408869126931e-16,9.54830026934537e-16,2.27209545311206e-15,1.53832444456945e-10,-2.11271206521687e-08,-3.02506134457561e-15,-3.53826869459103e-19,-1.26005092883992e-15,7.4124556103553e-18,-1.4772254600115e-15,-2.69360957107639e-17,-6.90172987820869e-16,4.20454936517986e-16,1.76658817077423e-09,4.37769243187139e-16,-3.87818847857563e-16,-7.73710579344868e-16,1.7840563027583e-16,1.43019803893116e-15,-1.27530150620127e-17,-5.0524736883929e-09,-1.97577228928052e-16,-8.14154456772513e-16,3.76782400795641e-09,-4.94974081202684e-17,-5.8441424392479e-16,-2.5604277653517e-16,-7.3325055240562e-16,1.10249789825385e-06,9.63502226991113e-17,-2.32562500207179e-09,6.13943133519283e-16,1.31592389728982e-15,6.5669238913676e-18,-1.44008412406558e-16,-1.19497803218557e-16,5.29492691664096e-16,8.41217926837844e-11,-1.34104903742096e-15,2.47683241417808e-16,3.27850578480851e-09,-1.05092197110647e-08,6.04547255399184e-16,7.36633795165373e-09,1.07909527574084e-09,-1.40266894388526e-16,-8.934437607882e-16,-1.64599059444315e-16,1.12691057209828e-13,-3.6266918284122e-17,-1.81751738010954e-09,-6.56058470954216e-16,4.19245152736163e-17,2.16794738578059e-17,7.28162914394247e-10,3.18708670526765e-16,-1.73943218158515e-16,-2.84127209558772e-16,-2.94590861857003e-17,-3.32110127333034e-10,-4.33876763592411e-16,2.33751118257125e-05,3.69561837307615e-16,3.8701384664082e-17,2.71307725666991e-16,-8.79328840744643e-17,1.77799976703015e-16,-5.86269154358375e-17,2.41279351719183e-16,-1.19815978973503e-08,-1.20669103702192e-16,3.9371223004118e-16,8.0090514800027e-09,-2.56351857946357e-16,2.84002190782319e-16,-8.99185923699894e-17,2.97497547795386e-16,1.60166569373759e-17,4.24923935001837e-16,-5.29916021799086e-09,-9.75756181160582e-17,-7.23059577041842e-17,1.73140300535156e-08,-1.28010192822805e-18,-8.26875293457334e-17,1.30362448826287e-16,-6.88195936251324e-16,-2.97914262152404e-16,6.79081201067146e-17,3.75385699081061e-17,9.09570613617454e-17,2.74320794768479e-16,2.36026837158694e-17,-4.62211509865048e-16,-9.09871849491627e-09,1.89877520566827e-08,-1.91996428682296e-16,-1.73286465232416e-16,4.56807811099312e-17,-2.69757603083677e-16,-4.76561064916003e-16,-2.24951129103302e-18,-8.42889261697247e-18,2.91307120256184e-16,-2.38762550961258e-10,-3.9551900432929e-16,2.58939703503483e-16,5.81151307578952e-17,2.59420334124191e-16,3.0604191465048e-10,-1.32937103437106e-16,-3.35140495482228e-10,1.21914360567014e-16,-4.39788722848064e-17,-1.33567146510212e-17,-1.40879371411125e-16,1.94552539744657e-16,-2.67190273812366e-16,9.00467761353692e-17,-1.55335658235684e-17,8.27769462220922e-18,-8.88421339420874e-17,1.80033907460893e-16,-4.62786499883512e-17,2.53957482727891e-16,-2.41350167887659e-16,1.51702713506252e-16,7.19812079786644e-17,1.65423409577546e-16,-3.44081908166256e-17,-3.94705315938371e-17,7.68970163031261e-17,-1.70219741080224e-16,-6.69756566546191e-18,5.02638063709174e-18,1.34739306792062e-17,6.73710307474638e-17,2.32219335648142e-11,-6.96831613154727e-17,-1.33531935063168e-16,-2.35704444095228e-17,-1.97474438752341e-16,1.95865837850035e-16,9.12898122626069e-20,-1.7961342227187e-16,-1.27610918458623e-16,4.61163362808626e-17,4.36730192760218e-17,2.13045726893402e-17,-4.16952698679234e-18,7.52710854172013e-17,6.65613854297243e-17,-3.82549263915376e-17,-5.4129182206239e-17,-6.3838862237674e-17,-2.99822765519841e-10,3.14657245246881e-17,4.31451822359864e-17,7.07338670781846e-17,6.51936968748208e-17,2.35190275195429e-17,-8.04905387844609e-17,2.67479775627391e-17,-2.37216151692394e-17,3.12215312179322e-16,6.3734498773107e-11,3.97898965637125e-17,4.45937588778628e-17,3.76149838798805e-17,-2.1109720264156e-18,-7.99621633931132e-17,-6.0886869901978e-17,5.5042108302488e-17,-1.19125960445072e-16,-9.95234287924049e-17,9.82174884665884e-17,-3.69112489531475e-17,5.05287252323502e-17,-1.09720175816291e-17,3.22609757490581e-10,5.83705853356898e-17,7.33475057022336e-17,-2.23336872372711e-16,-4.32813507256213e-16,-9.72526476888569e-10,-3.45685158197408e-17,3.46404153306533e-17,-6.90060038835359e-17,-7.75145684905024e-17,-7.76533741181229e-18,-6.2366875177533e-17,2.26764305484785e-16,-2.76388596372466e-17,-7.75437834419994e-17,-1.14355885721681e-16,4.52075071510969e-17,6.85536641503613e-17,-1.56917336341299e-16,-3.80687274153306e-17,-1.31014645344457e-16,5.53544825603196e-17,-1.83759206519484e-16
"t268",-0.0494189561482622,-0.0853866414850928,0.0302832175650497,0.0450179922482268,0.00388943861674035,-0.00184720708676808,0.0104399635013715,0.000200649069008512,9.31318435914115e-05,-0.000420769930636177,-0.000261449461649426,0.0269100356583987,-0.0491863690352587,0.00911629552351862,0.00832823541575876,0.0121707370643977,0.00127216568802234,-0.0771076378190606,-8.62336964751182e-05,-3.12635650197811e-05,0.000377975578469031,0.000171271448142526,-0.000977896281603459,0.0198193430477003,-0.0600127946538405,-0.000134246972792274,0.000144498832412198,-0.000125653867842892,0.00183876142479251,1.10288682919092e-05,-8.29631355877192e-07,2.44786897086014e-06,-0.00178506012031403,-1.32031855639535e-05,-1.47399678144507e-06,-2.33597786893749e-05,-0.0433544699184171,-5.27184083185474e-06,-2.9314988247516e-05,-4.62268884953334e-06,-0.00011942383567336,9.26149840250267e-06,-9.44788002785907e-05,5.55202994987668e-06,-0.000161070502267076,-2.27551041907999e-06,0.0914938006549581,0.000251100536218924,-9.49646084464097e-06,1.18473813170173e-05,-9.20802900579283e-05,4.00005628813169e-06,-5.48950729749064e-09,1.02135749805651e-05,-3.63677244665207e-07,3.56753818611382e-06,-1.07975967351134e-08,-9.4281409600295e-07,3.83442047789355e-07,-1.67951488618276e-06,-2.19533799843826e-06,3.93223732625253e-07,-1.4225830007781e-05,7.75606201883772e-06,-6.52430274925535e-07,2.87112942219308e-05,-1.37282614133529e-07,5.38997766467291e-06,-1.54800214649062e-05,6.6524678251275e-06,-0.000322726892301454,7.3233869655183e-05,-5.03213123606182e-06,-0.142402355130862,-0.194686625817174,-1.38066200773589e-07,0.000685849020469515,-6.8218715324922e-06,1.04211226228504e-05,9.35240022475709e-06,-1.75518304649125e-06,-2.37211741938309e-05,9.0027721503249e-07,1.55843979137656e-06,2.73339486491043e-06,0.00195076282415316,0.000182666904631956,2.43225347034676e-06,7.47510570550892e-07,-0.000169412578401253,2.88292659366225e-06,-2.3550431216485e-07,-2.04062993673719e-06,0.000355935646484327,2.58056847084517e-08,-1.03890525866286e-06,-0.00022267119861072,-4.05289883497389e-06,5.66057223225257e-06,1.02124534249836e-06,2.06058348371666e-07,-0.00157099820520458,7.8265650322041e-09,1.40323794731069e-06,-1.4810595443651e-06,0.0727215496418106,4.96258053866732e-05,-1.71808268911726e-05,4.52690464824005e-06,-7.96599053303745e-07,-3.24488452920156e-06,-5.42219493374569e-06,8.84520644347671e-06,-4.79175456465299e-06,2.26483080854653e-08,-7.55090936143008e-07,1.05357878858365e-06,-9.75276727840646e-07,8.85336480097685e-07,-2.0283548489516e-06,7.31314086923532e-06,-1.59611861394236e-06,1.45424361017946e-06,3.99146688105708e-06,-1.29505690226137e-06,1.23368510892026e-05,-1.25520896553013e-06,4.17574077542856e-07,-4.43455399793549e-06,-0.000164758386817744,0.020334457885731,1.60664624780262e-06,-0.000357308341052288,1.17034583746444e-07,2.34269592088479e-09,9.71916035733639e-09,-1.47916243712921e-11,-9.31473466475345e-08,8.84130527708658e-08,-2.59943382960315e-07,-1.88458495730655e-08,-7.75099207274661e-07,1.66131485376547e-07,1.09681577667604e-08,3.46183635741692e-08,-2.72133814753397e-09,-1.82125472208203e-07,3.78499629849757e-08,2.6591230736918e-09,-7.66266455244553e-09,-1.20536614926623e-06,-3.80931819031062e-08,-8.45322031264701e-07,3.29282641978342e-07,-1.41507915509755e-07,-1.31905924628389e-08,2.07935574568368e-07,-0.00362699378049196,2.19310369619131e-07,6.00210662311325e-08,-0.000561646643428796,-8.67205085943118e-07,1.72984046653928e-07,3.2804998226462e-05,-1.66870057518615e-06,7.51236054995525e-06,-4.05652126639352e-07,-6.81503086585107e-09,-3.3734940650207e-07,-4.20829129663943e-07,7.23766785154996e-06,7.09760525946583e-07,-7.47754903838795e-08,-2.53939305672389e-08,-6.16502261525617e-07,-8.32068923953742e-09,-5.17740188388761e-08,1.4506113537873e-07,2.76561935687109e-08,3.9891524672182e-07,7.67264472763802e-08,4.73894894726578e-06,-1.058965355661e-07,-0.00290460507790132,-2.8833878602044e-08,-0.09442716628579,6.6264707249462e-06,-2.39462782349623e-07,-1.05470838673081e-06,7.77478702116068e-06,1.65630575731877e-08,-2.52986937250406e-08,-9.61604564047197e-08,-0.0203329457218409,-1.24558622362821e-08,1.51303598139674e-08,2.67180591738483e-08,1.23148884178225e-07,-1.37356471209406e-08,-3.57306021955718e-09,-3.45606120532958e-09,-4.06885869224692e-07,3.66111980873045e-11,-2.32053318590582e-05,4.28863774789476e-08,-6.05950657334054e-07,2.08602592782751e-08,1.07914689078618e-06,-5.38510604457e-07,-0.18414962534014,4.39574458770139e-06,-1.22855783394007e-05,3.71262022307438e-05,8.9655069667066e-08,5.70072413524089e-08,6.69413398523576e-08,-8.03191188288079e-08,-6.69562265639289e-09,1.00068480252316e-08,4.37005955537677e-08,2.2809009172263e-07,-1.55214013434251e-06,-5.75209926173076e-08,-1.78048310378356e-07,3.9719832346559e-08,1.97808479811991e-08,2.07352182351189e-07,1.24045463875507e-08,1.77950282619061e-08,1.27881379988363e-08,-2.59388758418362e-07,-8.15233633270204e-08,-3.73621512868643e-09,-6.16499205668746e-09,2.86107078565857e-10,4.31098616506549e-09,2.03435850880293e-08,-1.02401879561234e-16,2.64743477277616e-09,-1.93061030727458e-07,4.368684031747e-09,6.47709323760803e-08,8.63930192114379e-09,-1.02046141404153e-08,1.06324676577527e-09,-3.51316552861015e-08,7.64844272195626e-11,-3.90817848072338e-12,8.09598966534322e-09,-4.23781147763557e-09,9.0207846001935e-11,-9.93786019540596e-09,-1.47980568713916e-10,1.13936750253994e-09,-1.27150289429279e-10,0.000363492118498523,-0.000160302154175136,-6.54145008978007e-08,1.83615735009085e-09,-4.30620988265655e-10,1.12958038849432e-08,-2.29879576502875e-09,2.65229368985776e-07,-2.27319835654089e-07,1.55058405061206e-09,-5.34652353908771e-10,1.55614934390103e-05,3.20778959226103e-07,-2.51449893431157e-05,2.653386278956e-10,1.53467490441346e-10,-4.73421225169587e-10,6.77164892282836e-08,-7.07428096713208e-08,1.62424379023432e-08,-3.57056015396716e-07,1.78430308882449e-07,-3.38333840532027e-06,3.21238063786713e-08,-1.90919758062043e-08,6.54126131394472e-09,-3.17913404297801e-16,-1.67518188161046e-08,-5.76865247535728e-10,-1.3330557237017e-09,-2.75566125408549e-06,8.83066403571137e-10,-5.55512123721156e-10,-1.30791921680838e-08,1.61164264689361e-09,-1.290652087407e-08,3.38544045634409e-08,1.26928483747037e-09,-1.2137882524662e-09,1.59137584226984e-08,-1.94937777377062e-08,1.67245189666661e-06,-1.04556012173004e-08,1.26712138087248e-07,6.36208663126537e-10,5.4904699849745e-09,3.07872432162992e-08,-6.34122359974882e-07,0.00813673766581966,2.91377483545771e-09,1.50300849715895e-08,-6.32072670379635e-08,6.06273826407417e-09,5.56054697568849e-09,4.3509540193475e-08,-1.18926234891872e-07,-6.27571518186208e-09,8.57836782511541e-08,-3.65988694140134e-08,9.20578712164378e-10,8.8195962905825e-09,-1.82254625158973e-08,-2.995121194276e-17,9.36729005993817e-11,2.20875899770008e-05,-4.01914443718364e-08,2.97531097803868e-08,4.27293413677656e-08,8.14083612914251e-09,2.04160115383922e-08,-3.29654391901059e-07,1.55685009021201e-07,-3.14338587360307e-17,-3.72054122888003e-07,-6.36002347782203e-09,-1.6302143552782e-07,0.0190144543350537,-5.54933501050361e-08,2.32973791495937e-09,5.62765525163021e-08,-1.17450734753301e-08,4.05257638327578e-07,-3.48480334927919e-08,5.88818228909064e-09,9.64776124205821e-09,4.80587605217175e-10,4.28397819388776e-10,8.08732206935356e-09,-1.68590835532387e-06,7.61558908661742e-09,6.70342591273303e-16,1.04371221588873e-07,-7.5438816096729e-09,-3.46933839246013e-10,-1.50322313581425e-09,6.8001189723567e-09,8.99386752777019e-09,-4.7233001220492e-08,3.56955105027353e-07,5.59417324038798e-10,1.48636544829188e-16,9.22688192394389e-10,5.40132656928053e-07,8.87668867093091e-10,4.41267974797379e-17,-1.29083219818801e-09,-1.21364163810853e-08,1.7848482284443e-09,8.78128557682414e-10,2.54530362599896e-10,1.21530748410659e-10,3.95178321034762e-09,-8.07649630678512e-11,-8.27261985423849e-10,-4.43131931671887e-06,-4.08718791162028e-11,-3.80436559052625e-10,-4.26964590652821e-18,-3.08607807818296e-10,1.7867414077618e-10,1.61209333590429e-09,-2.25580587387961e-10,2.95414245093051e-16,-3.27144892229798e-10,5.3675823600283e-10,-1.99388068961339e-10,-1.82080608283311e-10,-4.73747882658127e-10,3.64672929167588e-09,-7.24384246472399e-09,1.01471860259315e-09,-6.92740391421582e-18,3.36651246472418e-09,-4.43433074433881e-09,1.90884583465677e-08,3.80890860027761e-09,-3.85589346145581e-10,-2.55114313372373e-12,-1.13624387676481e-16,7.80966873480818e-16,-2.23341619957684e-12,-1.78424305331251e-09,2.31688919175754e-10,-2.96638102796177e-10,5.78946049052929e-17,-9.49468285473591e-11,-8.51745295931386e-13,-2.21365617933198e-16,2.86079398274873e-17,1.398126397011e-16,-2.23696574842546e-11,-1.50114868794764e-10,6.57360720149822e-10,-6.25289869095916e-10,-3.26228935358797e-10,-1.05398054766487e-09,6.04916569465042e-07,1.00098528868207e-16,3.84826129205018e-09,-3.29275714952687e-09,-1.43539954148329e-16,-7.34745085953397e-17,1.67692067281221e-07,2.69036723343586e-13,2.29538929809955e-09,-1.92319570111424e-09,-2.75297594637855e-09,1.50980558058799e-10,-6.90457831045714e-17,5.21235317547328e-10,7.41691680684568e-17,1.91174034027168e-09,3.41141503067133e-15,3.66198026784103e-09,-9.20105191643053e-17,-3.05369043015715e-09,-4.27863802244283e-09,-3.01209931989446e-10,-4.09382087646023e-09,-2.27758819784635e-08,1.7416018142349e-09,-1.85179106781654e-08,-6.53626504954233e-10,-3.18309687517148e-09,-3.05058018728982e-10,-5.19428585003657e-09,3.89629153060723e-05,3.66749312035733e-09,3.24729665491738e-10,8.05014345374921e-09,-1.54850032898328e-16,-4.19682298139475e-06,3.09246687984502e-06,-1.77147243936893e-09,-2.29188694537687e-15,-2.48468889572085e-10,-7.39247376393174e-09,-2.82917326102112e-08,-6.82796824824916e-16,9.47304456994623e-06,3.74436107701585e-09,1.10496295177101e-16,5.14779702061324e-09,-9.97250977664714e-08,1.00305894820898e-15,-1.0834460429545e-16,1.05459947454022e-05,3.11834228221524e-09,1.86688947049495e-11,2.75679766179154e-08,-1.46266467969588e-08,-0.000678211063684699,-6.9930963565852e-10,-2.83433124829741e-08,5.497700937179e-08,8.08608822261414e-15,-1.31006096773239e-09,-8.24469145282704e-11,-2.34008583186321e-10,-2.26510827610074e-08,4.68447902878948e-16,6.97543471994992e-17,-7.80453027901525e-09,-6.96062184193048e-16,1.95622081675743e-15,-6.69303646762901e-08,7.94291015605117e-08,1.62692952471248e-07,1.02413218470306e-09,-4.7887813977604e-06,-3.31612817933743e-08,-2.93964379955089e-09,4.60497851853005e-15,-1.02278393766395e-08,-5.18165005056883e-10,-2.44529988716785e-09,1.03993898657461e-05,-1.73444206452558e-06,1.21393404127656e-15,6.6629269906253e-16,-5.47607203103773e-15,2.96694408752321e-08,3.10647094925818e-07,1.76290553687821e-07,-5.28361200941056e-15,0.429297168902452,-7.74903517411084e-15,-2.64192218995102e-15,8.6946432597832e-07,-1.88556086343774e-08,4.49759587212162e-15,-3.78231413609954e-08,-0.000297314499519838,-4.79189077266101e-15,4.06026820964701e-08,-7.77854014746956e-16,8.83997429791331e-09,-6.21438729395721e-16,8.66636278897059e-09,7.40167238300853e-08,9.50682132838106e-07,2.43067947690651e-09,1.59284807435594e-08,-4.65952441998428e-08,1.46949387053697e-08,-3.44450337934197e-16,4.91351533764393e-07,-4.26873478744112e-08,-2.70014400566517e-16,-3.35195841612415e-09,-8.93499260830083e-09,1.31292660624788e-08,-2.9110299137005e-15,4.09625892710906e-09,6.6047720995944e-06,-3.95715570350654e-16,-9.96557408375382e-09,-2.01546083667395e-09,-1.84633873754619e-05,-4.09151997908658e-16,1.65712011433107e-15,-7.42484181052622e-10,-5.21291795858364e-10,-4.74274164343317e-11,2.40153859655521e-08,-1.91816567403838e-09,1.128144086865e-16,3.8116622616153e-15,-8.02394567770534e-09,-5.62807127959194e-11,-9.27546729143962e-16,-2.50392613816468e-08,2.79559044889046e-15,-1.83092265773371e-07,9.07433299620134e-09,5.47011867056579e-09,4.12491355344214e-08,1.07983759029999e-13,-4.30951854909877e-15,1.35497615872962e-14,7.69588385598134e-14,0.817977938111083,-1.17960819263194e-06,-1.47663368195388e-14,-2.18158531734505e-14,1.37406825252288e-14,5.98884437669138e-07,2.57256188035795e-09,-1.4013297598075e-07,8.00460505166741e-15,-1.72244895213156e-14,-1.87803602964137e-14,-2.63743551163972e-07,8.77210660009761e-08,-1.03269666252977e-15,8.30650077191868e-09,-1.0586348160213e-05,-3.90405004552646e-16,1.55235450702646e-15,-1.84253687873386e-08,-1.87317864755243e-10,-8.58177851876904e-09,8.08637913422975e-16,8.91366520207387e-09,1.24780962953565e-08,1.27289171640238e-08,-1.09076527876883e-08,-3.82604695546057e-08,3.17067303445248e-09,-2.00819000531886e-16,-1.05339039017092e-15,-1.21041211244076e-15,5.28277972249633e-08,-7.59710810662523e-08,-2.56262032496691e-09,-1.88823991272905e-09,-3.82422028393145e-16,1.57923894994061e-16,1.19194823885717e-15,1.40838208284081e-15,-1.3295537599215e-15,2.20019425606467e-07,-3.13802629796788e-16,2.59499035730487e-17,-1.34698911177133e-09,1.95486070332814e-16,-1.20448171935005e-09,5.88674521486765e-16,-1.49057986857103e-09,-1.81993664299074e-16,-1.74601150777942e-09,-2.16886217819306e-10,-1.35379839668244e-07,-1.86135429281604e-16,6.79383502317667e-09,-3.14675721768299e-16,9.38192714606218e-09,-4.13551127404224e-07,8.82210742189682e-11,6.60710164932149e-16,1.27312166631113e-08,-5.77553837710783e-16,-3.07630346805073e-09,-1.73503038420122e-08,2.06505399260034e-17,-1.26581490299003e-16,-2.05472410942472e-16,-5.01337599124155e-11,-5.75528572879712e-11,-7.47489832395893e-10,-1.66487584921353e-10,-4.98821531170655e-16,1.74401858534705e-17,-0.000433690863659321,7.6772093930786e-08,7.59951056427896e-16,3.24800264712793e-17,-7.17701443148293e-10,2.38473708455831e-16,-5.07273418502424e-09,-3.56416805039848e-16,4.75072891191674e-08,-3.29704083566746e-16,3.48079047132728e-17,1.0165705792449e-16,-1.29392743406834e-16,5.17300643905044e-17,-6.73390861436066e-16,6.24483418881989e-09,-4.36730493695219e-08,2.23546507197185e-16,-4.20106701353738e-09,1.60264579259579e-08,2.01520217669113e-16,5.14621233573393e-16,2.08269488125845e-16,1.86397614911194e-16,1.67936736042176e-09,2.85860721455577e-10,1.07986571856388e-15,-1.48148907867288e-15,-4.22538691619673e-09,-1.67081152631548e-08,-0.0383933030245355,-2.66719922521977e-15,-8.09688561102436e-16,4.65545726922981e-17,1.60751158902462e-16,1.04216471704277e-17,-9.94593003358094e-18,5.23233208954508e-09,-4.95910121032719e-09,-9.5489949412826e-10,-6.32209451740079e-17,-4.26521094487429e-16,4.01491315824602e-16,-3.27997995649264e-16,-1.97166001591415e-16,-5.26625595167278e-17,-1.66988375976765e-16,-7.82826118228307e-17,-1.70042212500573e-17,-4.18751887893474e-16,-3.5727633330038e-16,1.30933464416272e-16,2.70842644088741e-16,-4.31067456501831e-16,3.58427249851302e-09,1.57978721827285e-15,9.06183755263366e-16,-1.54348337620469e-12,8.04418629378411e-08,-8.81086271371481e-11,5.8548012142731e-17,-1.30412458837573e-09,7.31576329249544e-08,-1.18219710156493e-17,-2.09290500885736e-16,-1.27788280477315e-08,-6.43785687707326e-16,1.78211472378664e-09,-5.33745702210715e-17,-1.83950886739621e-16,2.42692978624385e-16,-7.31732774905406e-17,1.57276948995937e-10,-2.15839619333759e-08,4.36533840886432e-16,3.93372193164975e-16,-1.89592949083076e-17,-5.20884974866354e-16,-4.2554935270056e-17,-7.07263686315729e-17,3.2254803299087e-16,-3.50627131445242e-16,1.7391862025679e-09,-6.12642312259665e-17,-4.32766162553219e-16,4.38636373873069e-16,2.3521537411356e-16,1.2335671569676e-16,2.79448273399273e-16,-4.936953071937e-09,-5.52082167281989e-18,1.73482654755665e-16,3.67666742203659e-09,-3.32173657614871e-17,2.62422265221777e-17,-1.62536358700604e-16,4.98878575768001e-16,1.05924883573021e-06,-4.03403341794144e-17,-2.22838082274879e-09,-7.00089316150491e-17,-1.28159519413151e-16,-7.66475755150608e-17,-2.5295421359888e-16,8.16857179729785e-17,-2.96100312692455e-16,8.01687614019338e-11,-4.85361433117246e-16,-1.75256121308008e-16,3.11170130359869e-09,-9.97249007698318e-09,-4.0242735661797e-17,6.96592705110026e-09,1.01933972640973e-09,-1.60449138801428e-16,-1.0667505727328e-16,-2.29310152383112e-17,2.68755733578953e-12,-2.2479550147718e-16,-1.69055476254254e-09,1.39785752642468e-16,1.02103567465874e-16,1.49510061045119e-16,6.74708926665302e-10,6.57379351785267e-17,1.62722852647179e-16,-2.87045887182578e-17,2.33557876862439e-16,-3.0620314147878e-10,2.91855480197134e-16,2.15190781078145e-05,-8.4761717504996e-17,1.07015085349549e-16,9.10847266843425e-17,3.66072993809962e-17,1.47551432635248e-17,5.67636883289922e-17,-1.15561287415834e-16,-1.09438537026839e-08,-4.7767078212495e-20,-1.58996392069154e-16,7.30141568808534e-09,1.01659161552262e-16,-2.477892609231e-17,-5.80945825228903e-17,1.58090889533167e-16,1.57179515053452e-17,-1.2341341515401e-16,-4.80254244832745e-09,2.83458717809765e-16,2.66042532321959e-16,1.56507800802478e-08,2.48224342763805e-16,-1.91241630358533e-17,7.14694996281587e-17,-7.22869515377156e-17,6.03028346114877e-17,1.18572778681654e-16,-5.35019597545896e-17,-3.39670511255834e-17,-1.41639801268409e-16,1.11811329827144e-16,-8.33230303825407e-17,-8.14836468035616e-09,1.69859170292154e-08,2.83314066041689e-17,-1.42731032751119e-16,3.20226425250448e-16,1.45523151908916e-16,4.95697233260373e-16,1.55727019588312e-16,3.2273853127453e-17,-7.01002285621969e-17,-2.12393729061087e-10,5.75864895248345e-17,-3.6939552277567e-17,-8.92317447466022e-17,-1.41804131863286e-16,2.70977793685574e-10,-3.54146903951572e-17,-2.95223894687134e-10,-1.35262849670041e-16,-8.73028838537174e-17,-2.63102773333553e-17,9.11646429527013e-17,-1.05450608569169e-16,1.15575078320044e-16,-2.7983545279535e-17,-1.33667282901387e-16,1.43265549618502e-16,6.60397693191317e-17,2.13694613635472e-16,9.77790182530975e-17,-3.80386771623003e-16,1.01868010291486e-16,-1.77324454947196e-17,1.43898688608369e-17,1.58952190371515e-17,-2.48093712581135e-16,-7.25146395397988e-17,-2.90219720976875e-17,2.20851982535297e-16,2.97085329186153e-17,1.69424226317074e-16,-1.81284815104452e-16,9.56779043204271e-17,2.00948645955693e-11,1.50451006053694e-17,-4.87311632509547e-18,2.98459338646958e-17,1.53293049578535e-16,1.36102239695919e-16,-2.15805610420184e-16,-5.52190462291292e-17,1.6328901968236e-16,-3.6324755660923e-17,9.81280828997442e-18,-8.75493254282045e-17,5.1503905431973e-16,1.36183321173959e-16,-9.22134039511977e-17,8.58206263013748e-17,-1.06703717288134e-16,3.44099303060814e-17,-2.56575787394451e-10,4.31846650672456e-17,-6.66048005463748e-17,5.57465876122476e-18,-8.34869574794153e-17,9.2519693812713e-17,4.74583628974151e-17,2.40791255111873e-17,-1.47509446172847e-17,3.70625642462538e-16,5.39567004989334e-11,-1.17532363376549e-17,2.96266345423627e-17,-1.18411964629409e-17,7.15876508955154e-17,-3.05231170788329e-16,8.71121875340703e-17,3.26574413026462e-18,-1.81030719220703e-18,-1.24358599845685e-16,-1.44027130076976e-16,-6.96901845412353e-17,-6.54504413870046e-17,-3.68513315613914e-17,2.70356856519157e-10,1.04330115807107e-16,2.99205660021286e-17,-1.22125652610137e-16,-4.32379826387219e-16,-8.11335500016176e-10,-7.47678758721975e-18,2.30176360245085e-17,3.60775113371816e-17,9.42156718617741e-18,4.72338947616973e-17,5.78178684111751e-17,1.75097684350911e-16,1.77013221077691e-17,5.38325483597171e-18,-4.15048618355904e-17,-1.10907948259428e-16,5.58788729284334e-17,9.4806795057761e-17,4.93675432830556e-17,-3.81310558631417e-17,1.12876000432015e-16,-1.33274629550588e-16
"t473",-0.049442961441311,-0.0854740433508888,0.0303152179106813,0.0450817444517898,0.00389618205669642,-0.00185096423612903,0.0104616147195038,0.000201098267784048,9.33780579124141e-05,-0.000422118530841708,-0.00026251225377909,0.0270447661026029,-0.0494398176072239,0.00916397968912646,0.00837369211745485,0.0122410778122869,0.00127969332746675,-0.0775721455873962,-8.67651787966136e-05,-3.14728543416021e-05,0.000380711911905204,0.000172767191922172,-0.000986913751255696,0.0200031438981397,-0.06057152648246,-0.000135556267921284,0.000145924734897896,-0.00012690490934693,0.00185755839891125,1.1161947775544e-05,-8.40304740127959e-07,2.48079013050082e-06,-0.00181079561135701,-1.34025387167463e-05,-1.49738558996129e-06,-2.37599631915807e-05,-0.0441065809895136,-5.36474518717325e-06,-2.98351007774387e-05,-4.70592219832964e-06,-0.000121635707603182,9.43717645583579e-06,-9.62975687196219e-05,5.65903950014773e-06,-0.000164228965628203,-2.32297107202736e-06,0.0934373335171432,0.000256480108190134,-9.70476553924506e-06,1.21138432223801e-05,-9.42200399756395e-05,4.0944094913641e-06,-5.61927553005075e-09,1.04594928792235e-05,-3.7274791644745e-07,3.65698666169439e-06,-1.10941236830602e-08,-9.69329069595422e-07,3.94255962078129e-07,-1.72962898003068e-06,-2.26358757307103e-06,4.05693364914263e-07,-1.46841583153198e-05,8.0069386402035e-06,-6.74154278794609e-07,2.96919576730069e-05,-1.42233641803408e-07,5.58901895836873e-06,-1.60578734139141e-05,6.90561817556401e-06,-0.000336253170807405,7.65211410321382e-05,-5.26032902659544e-06,-0.148995873239956,-0.203724344666411,-1.44532616606992e-07,0.000718084252011768,-7.1480365725637e-06,1.09385846757362e-05,9.82379251049831e-06,-1.84590083717718e-06,-2.49538293419945e-05,9.48900228066806e-07,1.64357421970911e-06,2.89000370490861e-06,0.00206395840090463,0.000193401838104284,2.57548424579479e-06,7.91553530403346e-07,-0.000179407662673886,3.0538314075584e-06,-2.50098019583585e-07,-2.16758842557613e-06,0.000378675019494314,2.75290037100583e-08,-1.10873921959375e-06,-0.000237643448179603,-4.32993246218775e-06,6.04984673296703e-06,1.09308078533866e-06,2.20817599263527e-07,-0.00168370338966992,8.38906160559644e-09,1.51229908954727e-06,-1.59682461564767e-06,0.0784308441295208,5.35523973611107e-05,-1.85431959853363e-05,4.88724917260767e-06,-8.60376802822087e-07,-3.5051669922793e-06,-5.86198387793936e-06,9.56357962143707e-06,-5.19225099874465e-06,2.45527183450839e-08,-8.19421996117432e-07,1.14386569122203e-06,-1.06019328314418e-06,9.6359547630196e-07,-2.20968502996072e-06,7.97109189445607e-06,-1.74287221177135e-06,1.58981734153026e-06,4.36377275719505e-06,-1.4160931894531e-06,1.35061656282201e-05,-1.37431871918576e-06,4.57675018943213e-07,-4.87495078046746e-06,-0.000181126634247321,0.0223600639086207,1.77024725703614e-06,-0.000393847648904226,1.29039758612465e-07,2.58603641746696e-09,1.07304565864376e-08,-1.63713307921286e-11,-1.03302891288467e-07,9.83226595922674e-08,-2.89101163449413e-07,-2.09696879788046e-08,-8.62657086833721e-07,1.84969995718067e-07,1.22137045179584e-08,3.85497099723205e-08,-3.03360366327118e-09,-2.03455458139248e-07,4.23745543217874e-08,2.97860730625541e-09,-8.59357299724709e-09,-1.35193030722017e-06,-4.27445632408411e-08,-9.48795454909181e-07,3.69702318775985e-07,-1.59326134619557e-07,-1.48582166060117e-08,2.34298864745479e-07,-0.00411682981699302,2.49375184133773e-07,6.82680328118172e-08,-0.000639791676552458,-9.88173378848213e-07,1.97501274912864e-07,3.74634430480554e-05,-1.90933160481448e-06,8.61170273357302e-06,-4.67549043018467e-07,-7.85642421982055e-09,-3.88918468756063e-07,-4.85521660563073e-07,8.35759943952968e-06,8.19689842051973e-07,-8.65069920147243e-08,-2.93940296084471e-08,-7.14458998658549e-07,-9.64557901898805e-09,-6.00268651235166e-08,1.68649405362912e-07,3.22457572825397e-08,4.65346245204356e-07,8.95460106885524e-08,5.5384986899003e-06,-1.238302760792e-07,-0.00339830695577389,-3.37517403709107e-08,-0.110718973665439,7.77301146982938e-06,-2.8191830688875e-07,-1.24185272586459e-06,9.16552203128382e-06,1.95919802904046e-08,-3.0009845792316e-08,-1.14179431743035e-07,-0.0241783787229181,-1.48277800355711e-08,1.80706068711576e-08,3.19328530946768e-08,1.4740748044483e-07,-1.64538451579801e-08,-4.30538265780888e-09,-4.16556324266978e-09,-4.91648972151656e-07,4.43476477326755e-11,-2.82781575299695e-05,5.22630499124005e-08,-7.38846634630555e-07,2.54786993653425e-08,1.31963437128083e-06,-6.60603784359685e-07,-0.226792535744796,5.43094266094085e-06,-1.51938386456937e-05,4.61209544422647e-05,1.11655435548522e-07,7.10008883795893e-08,8.35369375322959e-08,-1.00733546869395e-07,-8.40553617138323e-09,1.26276087171256e-08,5.53451736416643e-08,2.89230313751768e-07,-1.97846317166641e-06,-7.34115657756943e-08,-2.27546554598365e-07,5.09755194360669e-08,2.54079041323788e-08,2.66393283137331e-07,1.60106274285045e-08,2.3033332624397e-08,1.66051304042672e-08,-3.37297892013121e-07,-1.0616864571936e-07,-4.87257261361909e-09,-8.0432703147334e-09,3.74662556093532e-10,5.65846329610069e-09,2.67700732351313e-08,-8.20669533965339e-17,3.49651438276758e-09,-2.55166402436538e-07,5.8035780785745e-09,8.63869315855031e-08,1.15604818365088e-08,-1.36577745207968e-08,1.43184671010731e-09,-4.73603103149904e-08,1.03156674585211e-10,-5.28316117335282e-12,1.09617156918769e-08,-5.75437888734626e-09,1.2264693366156e-10,-1.35187061694333e-08,-2.01886750688785e-10,1.57371389970617e-09,-1.76404932057238e-10,0.000506182537043307,-0.000225069518621029,-9.18982686348566e-08,2.59460975593804e-09,-6.10502418203351e-10,1.60903438706408e-08,-3.27953167991453e-09,3.78992072135289e-07,-3.2554902811161e-07,2.22802292651422e-09,-7.68530776949124e-10,2.25609981444028e-05,4.65156255028973e-07,-3.64704399574331e-05,3.85754101144059e-10,2.23309531297886e-10,-6.90806781686356e-10,9.8862257114865e-08,-1.05077607189907e-07,2.41724315722316e-08,-5.32199821276921e-07,2.66901694143736e-07,-5.07541647274759e-06,4.85050859512845e-08,-2.88829975119068e-08,9.91089152626633e-09,-3.23693719408123e-16,-2.55150832099887e-08,-8.79248920679062e-10,-2.03645144871191e-09,-4.23261148520269e-06,1.36276368521135e-09,-8.59206925980069e-10,-2.02521090870686e-08,2.53225767570019e-09,-2.02985125147725e-08,5.32577309153906e-08,2.00555175046947e-09,-1.9423415083777e-09,2.55224947820917e-08,-3.13127863787796e-08,2.70036278157547e-06,-1.72263204658716e-08,2.10595791460492e-07,1.05792297464621e-09,9.131252399648e-09,5.23562011588777e-08,-1.10792272731828e-06,0.014266930637704,5.13588463155627e-09,2.6663580242025e-08,-1.12354430507188e-07,1.09612196504454e-08,1.00663539293381e-08,7.89547588725226e-08,-2.1616471656709e-07,-1.14691191315221e-08,1.5772851402505e-07,-6.76770807021239e-08,1.7065576507507e-09,1.64196035421918e-08,-3.42447628707016e-08,-4.16040165815183e-17,1.86820501939476e-10,4.43295907676088e-05,-8.14375923360389e-08,6.03041717596184e-08,8.6630706429991e-08,1.65440493644913e-08,4.16765366670685e-08,-6.76573232011567e-07,3.2307851203333e-07,1.69464902795347e-16,-7.92548018853926e-07,-1.35932444602838e-08,-3.50938173333088e-07,0.040967971352182,-1.21755497161235e-07,5.16421869302702e-09,1.26600849480572e-07,-2.66969676343441e-08,9.42564873514213e-07,-8.28413672986277e-08,1.41995802271774e-08,2.34578074869646e-08,1.17455073742434e-09,1.05674157963097e-09,1.99697739247455e-08,-4.19075021634754e-06,1.90293944642247e-08,-1.12832195904819e-16,2.71501315188645e-07,-1.97943888614145e-08,-9.10397676480567e-10,-4.04526100354709e-09,1.83707839251455e-08,2.55259678990691e-08,-1.36039958499115e-07,1.03112379836121e-06,1.63423269460941e-09,-2.14968593530875e-17,2.73085034090078e-09,1.60649473403301e-06,2.68994558012934e-09,-1.28192478065917e-16,-3.99378706905204e-09,-3.77373486382964e-08,5.56430112494971e-09,2.7524000286068e-09,8.05120743729767e-10,3.87097906772214e-10,1.2656297949402e-08,-2.62958280550532e-10,-2.69875310893646e-09,-1.46243109295921e-05,-1.37720334416998e-10,-1.28327527866322e-09,-9.10280453189639e-17,-1.08620060154861e-09,6.3369744028711e-10,5.81617401917516e-09,-8.35867846177883e-10,-5.57597839378369e-16,-1.28817217823802e-09,2.27651895560533e-09,-8.76436309905956e-10,-8.14249106737144e-10,-2.16377139413746e-09,1.73468880344324e-08,-3.69727281732581e-08,6.3503096273858e-09,1.33335526098305e-16,2.65147349158787e-08,-3.57415957822965e-08,1.61783117258133e-07,3.47823177162634e-08,-3.54227035663604e-09,-2.396509937641e-11,-4.3454823073219e-16,-8.91857875902797e-17,-2.4144550654897e-11,-2.22408537891436e-08,2.94440164434104e-09,-4.38982785022152e-09,-1.71292779114916e-16,-2.21347802234837e-09,-2.68061943968951e-11,1.70745258847852e-16,-6.56159543136479e-17,-6.53772300527044e-17,6.11874056825224e-09,1.82089272393245e-08,-2.71564406639213e-08,1.65019092476998e-08,8.25803400443223e-09,1.94196644114574e-08,-1.08044146669721e-05,-8.1694837977714e-18,-4.45148085362347e-08,3.3824743450631e-08,-1.56443912882016e-16,9.64119224167771e-17,-1.19005439461561e-06,-1.77386086623049e-12,-1.38189730922464e-08,1.09337483950831e-08,1.41291542039216e-08,-7.62805744762963e-10,1.54390912148815e-16,-2.57840400769343e-09,-9.64932267824129e-17,-8.91699756750155e-09,-1.36517316548512e-15,-1.63866501107419e-08,6.39302831198291e-17,1.29886838374717e-08,1.80178654369244e-08,1.1193792528914e-09,1.48373519854276e-08,8.17002028175851e-08,-5.97903472434631e-09,6.12707160352156e-08,1.99301068983335e-09,9.69895544482535e-09,9.07401683536392e-10,1.48008128705835e-08,-0.000105042253585755,-9.45392859473209e-09,-8.08887034586422e-10,-1.97236007081051e-08,2.06755192719402e-17,9.78123608574733e-06,-6.88012109733474e-06,3.48200457030282e-09,4.26933723003389e-15,4.72079348960663e-10,1.33627712165911e-08,5.00894703062219e-08,2.49384447601032e-16,-1.65951925212498e-05,-6.29434043353513e-09,1.03786481998289e-16,-8.48289740475619e-09,1.46514375774959e-07,-4.99499795027069e-16,1.25542834858435e-16,-1.48449095353421e-05,-4.37288904212611e-09,-2.57233167960265e-11,-3.72133492246193e-08,1.8867335970245e-08,0.000871465100906263,8.93683013903779e-10,3.41672942423179e-08,-6.32791043069483e-08,-1.6527577917369e-15,1.48222792566556e-09,9.30088836471622e-11,2.61292730209962e-10,2.49838823248969e-08,-6.72233919567769e-17,4.24182811027536e-18,8.46610723961817e-09,4.06815453376442e-16,-1.47221118217792e-15,6.56144922213548e-08,-7.6562963274805e-08,-1.56766968146595e-07,-9.51628717573046e-10,4.42820931053468e-06,3.06326274983967e-08,2.69741390122328e-09,-2.16990965427113e-15,8.75738389510049e-09,4.37349967123292e-10,2.05423966842657e-09,-8.53624046736129e-06,1.36631132524753e-06,-8.05495152556678e-16,-1.04963605439044e-15,3.64523834233088e-15,-2.20903130649811e-08,-2.25985533872078e-07,-1.28023461306884e-07,3.2665572361354e-15,-0.305107328572815,5.35974758757722e-15,1.84490790597888e-15,-5.6857674160814e-07,1.23193890407787e-08,-3.84913455275804e-15,2.43061479843549e-08,0.000189400140792502,2.61935464798719e-15,-2.54687017257086e-08,1.24923486792498e-15,-5.47127670651187e-09,3.04612775956794e-16,-5.35915026981786e-09,-4.57418393988627e-08,-5.87120878709769e-07,-1.49985407045604e-09,-9.81336454106271e-09,2.86847397957147e-08,-9.1979202600246e-09,2.54642237493439e-16,-3.28847880908777e-07,2.89055805090401e-08,-3.02373334041703e-16,2.30960766740489e-09,6.39412234385845e-09,-9.8022573172637e-09,-1.5865236429999e-15,-3.87630928113016e-09,-6.73082910093738e-06,1.09576148519456e-16,1.14739914677533e-08,2.49681922929685e-09,3.41061095810189e-05,-1.29582303410232e-18,-6.00202030211233e-16,-1.80117558011319e-09,-5.11482014005368e-10,-4.07513836528122e-11,3.33762778608991e-09,-2.09906810703029e-10,1.15625530727844e-17,7.64975481388806e-16,-7.4518181619192e-10,-5.11803556782272e-12,-8.83419992469622e-17,-1.723184874304e-09,3.00239479028282e-16,-9.56029335255058e-09,3.17975140511283e-10,1.86089514351364e-10,1.24661895577964e-09,2.94469177353387e-15,6.74895890970646e-17,5.67361609917436e-16,3.96680280932862e-16,0.00645838345711783,-7.98386910773845e-09,-2.72470693898581e-16,-4.76097393613324e-17,2.34755744768052e-16,1.99431278586837e-09,5.45062148174066e-12,6.39321413292834e-11,-5.23560587584352e-16,-4.3968463852434e-16,-1.71938201523614e-15,9.44577273883526e-10,-3.13874796807402e-10,2.45852861855544e-16,-2.64583338779432e-11,3.03615178389615e-08,-6.20866074217381e-17,-4.08682841830441e-16,3.39181571122354e-11,3.26602652178037e-13,8.43331429896725e-12,1.9302554462359e-16,4.06280463620666e-12,1.6354705519992e-11,3.23966404720578e-11,-4.64504253726061e-11,-1.80403299951397e-10,1.76220522945875e-11,5.30646571399279e-16,1.53476574623376e-15,8.61300445699676e-16,5.09932385452945e-10,-7.37010943432247e-10,-2.58351633235865e-11,-2.12980912352609e-11,-1.61078547790913e-16,-4.12672519779769e-16,8.4719707416912e-16,-1.32797897835586e-15,1.26878571391177e-15,2.38059749217319e-09,1.4562371864212e-17,-8.96603959779389e-16,-1.34892957860418e-11,5.46741655800242e-16,-1.19961194235299e-11,2.40230163098134e-16,-1.47033474300389e-11,-6.1333170774285e-16,-1.27208708995452e-11,-1.39629579430497e-12,-6.700390911255e-10,-4.50954487060827e-16,1.87559889374689e-11,-1.47136680745582e-16,-3.40721988656444e-11,6.68367612026969e-09,-1.4849830991895e-12,2.36556433094517e-15,-3.02912035425922e-10,-1.38660191244135e-15,1.15507016051359e-10,6.64911796837649e-10,6.17698453236317e-16,-6.28982016086699e-16,-1.37305200537194e-15,8.060884605102e-12,3.055156088563e-12,4.30230667332251e-11,1.05123090939803e-11,1.04420688362747e-15,-5.4975160545284e-16,4.17749874825394e-05,-7.53114173953316e-09,-3.81490115096801e-17,-1.17234310790572e-15,1.16830040613552e-10,-1.24221869812539e-16,9.20874533448122e-10,4.48965935320499e-16,-1.19319101678966e-08,6.28013941731317e-16,4.81430382559555e-16,-5.12398779336e-16,4.34929114758247e-15,-9.63757739048502e-17,-3.10798878318877e-15,-3.34353907435826e-09,2.36535196684554e-08,4.27955283684715e-16,3.17821047326535e-09,-1.42326965731131e-08,-9.78944438687124e-15,-2.89795211221905e-15,1.45663998809599e-15,-5.3200360787239e-15,-4.07504610169413e-09,-1.05347427881581e-09,-2.95730694251423e-14,2.76129799837969e-14,3.39909610634949e-08,1.57791654880254e-07,0.855641137894618,5.5158794427461e-14,1.52847418500152e-14,-3.23911320914694e-15,-7.44795389270837e-15,-7.97572406863168e-15,2.59821812262452e-15,7.09808760443226e-09,-6.24662329608863e-09,-1.12608081361521e-09,1.02704018368834e-15,4.28011040949885e-15,3.26640722359543e-15,1.77298898741574e-15,-1.40963686754725e-15,-3.14679564266722e-15,-3.88186503921473e-15,-1.25517245000509e-15,8.92921525901983e-16,1.18880521350084e-15,-2.80886345709844e-17,-2.04412664229567e-15,-3.82750786533512e-15,2.56255624252077e-15,2.38810586813119e-09,1.0799215661575e-15,1.47756957110913e-15,-9.97694569563718e-13,5.15684469836579e-08,-5.60175501187238e-11,3.36411016055081e-16,-8.25015435425006e-10,4.44802511033957e-08,4.48777755143696e-16,5.5042732351562e-15,-7.44795028930294e-09,1.85681036776364e-16,9.94913610553053e-10,-1.308433999752e-16,2.94209016681057e-16,-8.13400480971594e-16,9.06346957109645e-16,8.32794707435961e-11,-1.13939735520646e-08,9.88844836091195e-16,1.47398891512312e-16,-5.83406375855736e-16,-6.76827381119794e-16,2.82011827085205e-15,-1.09116271051787e-15,1.01677117993601e-15,-1.9745255870866e-16,8.32410786441501e-10,5.28013090822236e-16,-3.12507568764421e-16,-2.80701798082312e-16,-4.26144128084758e-16,-4.20192934059958e-16,-5.72933841316548e-16,-2.33753469598971e-09,1.99937243124242e-16,-5.63171251061308e-16,1.73781902998987e-09,3.55515667334209e-16,7.42231472041567e-16,8.74942475272248e-16,-9.2225080341258e-16,4.93135487172235e-07,1.51984208220186e-16,-1.03549231785052e-09,-2.86105390821661e-16,-3.57143535273033e-17,-2.5572629820866e-16,6.07365610103406e-16,-4.21767958702735e-16,-9.38557692381193e-16,3.71362276897183e-11,3.71511502986983e-15,6.08859898817107e-16,1.43872560201364e-09,-4.61049666772014e-09,5.32119408276313e-17,3.21648930671723e-09,4.70520982483163e-10,-2.49212156387768e-16,5.52064755012195e-16,-4.05678773294555e-16,2.49096769975465e-11,-4.7606752652959e-16,-7.78825827835977e-10,2.92652506516076e-18,-7.11847778371199e-16,1.76898790101788e-16,3.10911456096149e-10,4.45558426951998e-16,1.56811074730848e-16,-5.19306638354478e-16,-1.58530147724784e-16,-1.41203470482161e-10,-1.14756045028313e-16,9.92639739697556e-06,-2.6344470803668e-16,-3.58214206148259e-17,-5.77282970064905e-16,-2.20459213209675e-17,-3.34642366866132e-17,-3.65833493285403e-16,-1.32746581255337e-16,-5.05934492839528e-09,-3.41445622902789e-16,5.45039992126526e-16,3.37775374299846e-09,-2.28989273936394e-16,-5.74057172949915e-18,-4.56167632526034e-17,-1.86258081355303e-16,1.06740050690314e-16,-5.21263855913286e-16,-2.22720498807435e-09,-3.61891300136243e-16,-2.3227271352046e-16,7.26715558422597e-09,4.45214145809668e-17,2.26868416102094e-17,-6.20090258274304e-17,1.76050026587772e-16,3.41938993906013e-16,-1.75278792013401e-16,2.73360710972609e-16,-1.65328732557729e-16,1.39181684227997e-16,-4.48455142095016e-17,1.40771140829582e-17,-3.80339132953991e-09,7.93393976782797e-09,-1.24098892888162e-16,-3.79465788362204e-17,-2.38567975622469e-16,-2.51438491851031e-16,3.1674966469164e-16,-2.06090532475011e-16,-3.04429286834994e-16,2.05675451368995e-16,-9.95829083666762e-11,-2.33672866863292e-16,-1.65548897491795e-16,1.41387005748499e-16,-1.40581267378929e-16,1.27486698936731e-10,1.01367302282429e-16,-1.39461160333684e-10,-3.09751675900182e-17,2.46689759463265e-16,1.12136922278882e-16,-1.37222483186197e-16,1.95796985566079e-16,-2.85763204796836e-16,-4.01970974567714e-17,1.53792375835087e-16,6.35263521040235e-17,-1.55498300626912e-17,2.10651415343402e-17,1.63562121717322e-16,1.30683911713502e-16,-7.43917827678488e-17,-1.34894408879736e-16,-1.57474832019248e-16,9.01266661410508e-17,4.34298627893955e-16,9.16879988569886e-17,2.41283912804496e-16,-2.48987028911296e-16,-2.06365325340156e-16,-4.16094314523711e-17,5.97204094143278e-16,-9.82390075691453e-17,9.64968613781956e-12,1.6054411674511e-16,2.23057012637395e-16,9.17167501945172e-17,-5.44249471531882e-17,9.26649628164119e-17,-6.62375538451729e-17,-3.71113613118884e-16,-3.86840234285183e-16,-4.1923971245179e-17,-3.56259233001504e-17,-6.47268696973846e-16,-1.01627480825045e-16,1.14083395561385e-16,5.10411973722881e-17,2.04236249090368e-17,-4.7449168593672e-17,-1.85629447445957e-17,-1.24684862370677e-10,-3.13781463161164e-17,-2.88949522962845e-16,5.62364999219124e-18,3.53171868579198e-17,1.34224481624907e-16,-1.04022520326887e-17,5.31021628029426e-17,2.01438462032557e-17,-5.08092060278209e-16,2.6554539576719e-11,7.5405741371135e-17,2.24355254719202e-17,1.00940391702875e-16,2.02018996763588e-16,-6.44005442539603e-17,-1.26092912313701e-16,-2.17676400126791e-17,2.61961604264541e-16,-1.34087847854752e-16,8.81868887495462e-17,2.47163395811661e-17,3.51568633984415e-17,-1.85024173583436e-16,1.34781806022573e-10,-6.98029584219924e-17,-7.50712332721146e-17,1.12068337790238e-16,-2.46222313371458e-16,-4.06922848240306e-10,2.36886658958585e-16,-9.86350030179631e-17,-1.81206492021981e-20,1.8467526780471e-17,-6.41747113410442e-17,-1.506565562237e-16,2.38200120152484e-16,-1.64766512134428e-17,-1.43089848746616e-16,7.2466048938955e-17,8.00242493483527e-17,-3.1804869818986e-17,4.00133333527667e-17,2.78709655125857e-17,4.63313406940282e-17,7.44210740950305e-18,-1.95977824932153e-16
"t613",-0.049448077350664,-0.0854926678852335,0.0303220368408917,0.0450953282951758,0.00389761879888627,-0.00185176467353188,0.0104662273372952,0.000201193962529897,9.34305053811858e-05,-0.000422405768527199,-0.000262738575092923,0.0270734510663782,-0.0494937767064432,0.00917413145804923,0.00838336919250757,0.0122560513023268,0.00128129569435996,-0.077671020500675,-8.68783064890277e-05,-3.15173971388713e-05,0.000381294214212872,0.000173085389989734,-0.000988831888461112,0.02004224037476,-0.0606903740060449,-0.000135834740995247,0.000146228001663079,-0.000127170980948688,0.00186155591365814,1.11902384255223e-05,-8.42573353326037e-07,2.48778661396435e-06,-0.00181626386156388,-1.34448909846001e-05,-1.50235370309144e-06,-2.38449455140417e-05,-0.0442662904455481,-5.38447212921991e-06,-2.99455366513247e-05,-4.72359422481015e-06,-0.000122105279635506,9.47446876408842e-06,-9.66836277161172e-05,5.68175366070185e-06,-0.000164899343567899,-2.33304189810541e-06,0.0938497050162101,0.000257621482629123,-9.74895651538882e-06,1.21703655185984e-05,-9.46738570768783e-05,4.11441931220301e-06,-5.64679567741962e-09,1.05116403179934e-05,-3.74671031674569e-07,3.67595053766281e-06,-1.11569593306366e-08,-9.74946982943364e-07,3.96547145180668e-07,-1.7402433123059e-06,-2.27803941167597e-06,4.08333476501611e-07,-1.47811872046267e-05,8.06004828674665e-06,-6.78752291554685e-07,2.98994851420253e-05,-1.43280976709783e-07,5.63111670588603e-06,-1.61800808701279e-05,6.95914818009533e-06,-0.00033911120176853,7.72153207202463e-05,-5.30851369494443e-06,-0.150387857300651,-0.2056322894445,-1.45897626611219e-07,0.000724888640840326,-7.21687448016313e-06,1.10477575087848e-05,9.92323137861945e-06,-1.86503280116504e-06,-2.52137767910118e-05,9.59150058796279e-07,1.6615186224337e-06,2.92299665282209e-06,0.00208780214735647,0.000195662751335707,2.60564978397397e-06,8.00829272566194e-07,-0.000181512663160683,3.08982266085505e-06,-2.53169801303632e-07,-2.19431027305034e-06,0.000383459650976416,2.78914164033401e-08,-1.12342407412533e-06,-0.000240791837263338,-4.3881756285054e-06,6.13168104604814e-06,1.10817788805069e-06,2.23918711609106e-07,-0.00170738373679074,8.50724429112858e-09,1.53518909758428e-06,-1.6211197366323e-06,0.0796289554400647,5.43763131500024e-05,-1.88290527816179e-05,4.96285374834088e-06,-8.73757034581374e-07,-3.55977140119292e-06,-5.95423209574547e-06,9.71425959464343e-06,-5.27622066636316e-06,2.49519688473651e-08,-8.32906063981056e-07,1.16278855771635e-06,-1.07798631778044e-06,9.79989721270308e-07,-2.24766471863176e-06,8.10888637007879e-06,-1.773596254165e-06,1.61819451022071e-06,4.44170007451474e-06,-1.44142648028424e-06,1.37508513735594e-05,-1.39924264429096e-06,4.66064571488167e-07,-4.96703512618199e-06,-0.0001845491160312,0.0227835842093112,1.80444068347479e-06,-0.000401483986207983,1.3154858268214e-07,2.63687834611352e-09,1.09417434647971e-08,-1.67011985631378e-11,-1.05422896155241e-07,1.00390279866747e-07,-2.95184791005535e-07,-2.14127781145132e-08,-8.80923223530373e-07,1.88899766680794e-07,1.24735223259023e-08,3.93697783663827e-08,-3.09872866962136e-09,-2.07902253629216e-07,4.3317453553087e-08,3.04517952529521e-09,-8.78750828147312e-09,-1.38246332931634e-06,-4.37134838915274e-08,-9.70348765215787e-07,3.78121193494639e-07,-1.63035551019806e-07,-1.5205356318782e-08,2.39786444091095e-07,-0.00421865764630876,2.55623122596096e-07,6.9981798065148e-08,-0.000656026286461653,-1.01330312549015e-06,2.02592686170961e-07,3.84308062587432e-05,-1.95928373839343e-06,8.83983884040597e-06,-4.80381819524747e-07,-8.07232414834551e-09,-3.99609575915318e-07,-4.98931749444024e-07,8.58971460709413e-06,8.42473115210969e-07,-8.89376650291767e-08,-3.022274027607e-08,-7.34748835415354e-07,-9.91999062572938e-09,-6.17361532977327e-08,1.73532585988725e-07,3.3195413409258e-08,4.7909075329797e-07,9.21981531575364e-08,5.70387228311273e-06,-1.27539233711148e-07,-0.00350040252879304,-3.47686486173471e-08,-0.114086814746096,8.01000760430275e-06,-2.90688755053033e-07,-1.28051216238248e-06,9.45275526245234e-06,2.02172027482965e-08,-3.09818551982994e-08,-1.1789652338667e-07,-0.0249714530863557,-1.53168714092189e-08,1.86765639621046e-08,3.30074483654734e-08,1.52405139387206e-07,-1.70137684034465e-08,-4.45609106907569e-09,-4.3115686147346e-09,-5.09084990127339e-07,4.59386452054559e-11,-2.93202465934589e-05,5.41892515702718e-08,-7.6614437261473e-07,2.64271033229411e-08,1.36900963735925e-06,-6.85658704128378e-07,-0.235537976021572,5.64314178881816e-06,-1.57898946974582e-05,4.79631834614325e-05,1.16159638236941e-07,7.38658218924389e-08,8.69335567517639e-08,-1.04908599161605e-07,-8.75518784073787e-09,1.31630979579756e-08,5.7723180773093e-08,3.01713784792962e-07,-2.0654418671795e-06,-7.66529762416447e-08,-2.37641336496335e-07,5.32696209435409e-08,2.65546523041771e-08,2.78425012306853e-07,1.6745001173292e-08,2.40996708388231e-08,1.73817849464688e-08,-3.53147012091671e-07,-1.11181182262009e-07,-5.10364702581234e-09,-8.4251897569534e-09,3.92659457171273e-10,5.93221851031554e-09,2.80752215977817e-08,-7.23389712143701e-17,3.66886480448742e-09,-2.67771573046315e-07,6.09460402127646e-09,9.07687012999017e-08,1.21523656834736e-08,-1.43574284108387e-08,1.50646706026987e-09,-4.98355601486629e-08,1.08555128800666e-10,-5.56134055130873e-12,1.15414378134025e-08,-6.06105484150889e-09,1.29205505853358e-10,-1.42426392507758e-08,-2.12780667501273e-10,1.66134848470057e-09,-1.86336990000251e-10,0.000534941547529558,-0.000238109552858281,-9.72300177237646e-08,2.7471900426809e-09,-6.46674709760534e-10,1.70539058598341e-08,-3.47659350770498e-09,4.01846138524976e-07,-3.45277069668018e-07,2.36402186209446e-09,-8.15480742609552e-10,2.39646452329572e-05,4.94108289684123e-07,-3.87414756327348e-05,4.09894008512951e-10,2.37309239857529e-10,-7.34365965346134e-10,1.05102819937081e-07,-1.11943073539684e-07,2.57577258848367e-08,-5.67206727461544e-07,2.84577619140763e-07,-5.413369043966e-06,5.17744049510297e-08,-3.08366282489157e-08,1.05831271666331e-08,-4.73146273924753e-17,-2.72622977428472e-08,-9.39533073652524e-10,-2.17664708362727e-09,-4.52680715338938e-06,1.45826516274634e-09,-9.1965365441161e-10,-2.16796115677615e-08,2.71517955241897e-09,-2.17671143416358e-08,5.71125735213116e-08,2.15175630171704e-09,-2.08681933898782e-09,2.74275368082845e-08,-3.36556575218145e-08,2.90401480537092e-06,-1.85649743269447e-08,2.27166090616951e-07,1.14122392973022e-09,9.85040135181871e-09,5.66073169651271e-08,-1.20106675107044e-06,0.0154716622340416,5.57237161152662e-09,2.8947388132044e-08,-1.22000911600427e-07,1.19212159789149e-08,1.09492927039744e-08,8.58989804248917e-08,-2.35212351638847e-07,-1.24859477164206e-08,1.71807291579522e-07,-7.37557397409374e-08,1.86025594113193e-09,1.79052437725715e-08,-3.7373747540079e-08,-7.32790667645589e-17,2.04927037758498e-10,4.86509761817995e-05,-8.94454144404573e-08,6.62354453279025e-08,9.51536519114667e-08,1.81751431481636e-08,4.58018795898165e-08,-7.43861339820923e-07,3.55519305671543e-07,1.88327931203546e-16,-8.73884961681255e-07,-1.49920488643804e-08,-3.8726018895957e-07,0.045211061122415,-1.34546233808667e-07,5.71098241744387e-09,1.40152792187532e-07,-2.95763237123478e-08,1.04588317093591e-06,-9.20573058096074e-08,1.57941765104731e-08,2.61060401434772e-08,1.30758476410715e-09,1.17712979177975e-09,2.22462721524591e-08,-4.67045253736877e-06,2.12145883051222e-08,-3.7595996845393e-16,3.03425817931478e-07,-2.21333177052039e-08,-1.01797641305733e-09,-4.52994047684064e-09,2.05764598500592e-08,2.8669488649163e-08,-1.5291409878574e-07,1.1592037709547e-06,1.8383181207235e-09,-6.69755083418756e-16,3.07397011107582e-09,1.8088027703419e-06,3.03157447653188e-09,-3.18592650048607e-17,-4.50566300202395e-09,-4.25844828731576e-08,6.2797990288093e-09,3.1071385555395e-09,9.09288459396668e-10,4.37325660180332e-10,1.43022421560131e-08,-2.97385735939544e-10,-3.05235881970361e-09,-1.65492852823773e-05,-1.55994465267076e-10,-1.45362734967929e-09,2.46417673134064e-17,-1.2326761089074e-09,7.19385836719501e-10,6.60736283282576e-09,-9.50609554540748e-10,8.64063025446268e-17,-1.46847679692334e-09,2.60215069966801e-09,-1.00302374841406e-09,-9.3238607886446e-10,-2.47940600232815e-09,1.99027175999666e-08,-4.25087136107032e-08,7.33940280721962e-09,1.40284734768555e-16,3.07887175824758e-08,-4.15200064320608e-08,1.88101176668173e-07,4.04891485060033e-08,-4.12384140846957e-09,-2.79094453537947e-11,-2.95770352654046e-16,-6.44880617022038e-16,-2.81741637102068e-11,-2.59969805792366e-08,3.44240508791024e-09,-5.14029248319952e-09,1.201034851257e-17,-2.60080277716714e-09,-3.15454699674344e-11,8.15801828429633e-17,2.20097812560995e-17,-1.81199358010523e-16,7.23568304686976e-09,2.1546384766607e-08,-3.22039013067043e-08,1.96054717422171e-08,9.8132919900361e-09,2.31231773023906e-08,-1.28678951250718e-05,-5.19531619488986e-17,-5.32340083765951e-08,4.05090555917075e-08,-3.77259187842681e-16,1.67047058891835e-17,-1.43349954098394e-06,-2.13976585516044e-12,-1.67012133309419e-08,1.32312022224998e-08,1.71404714392283e-08,-9.25753273722231e-10,1.37513860154165e-16,-3.13091813789439e-09,1.53468368552531e-17,-1.08450373342274e-08,-2.28389898139503e-15,-1.99532956098249e-08,-1.95479755071844e-17,1.58395943682924e-08,2.19793573353143e-08,1.37106896208425e-09,1.8189440187979e-08,1.00194868341266e-07,-7.34428563563194e-09,7.53666445726748e-08,2.45957139151306e-09,1.19698173164581e-08,1.12099323538371e-09,1.83190021639611e-08,-0.000130339790710963,-1.17559045194264e-08,-1.00755733054064e-09,-2.45885521229504e-08,-1.56357278599231e-17,1.22258359519303e-05,-8.62160034033768e-06,4.39561087236447e-09,5.4836200219952e-15,5.9724048343399e-10,1.6961776420222e-08,6.3671078532855e-08,5.21144822363918e-16,-2.11105274997566e-05,-8.03064771252632e-09,-1.55468498602341e-16,-1.08388291211215e-08,1.88904281392969e-07,-4.97288862872718e-16,-1.53530210793332e-16,-1.92095660063286e-05,-5.66045580324801e-09,-3.33502521414779e-11,-4.83336853028638e-08,2.46085637232932e-08,0.0011370642696173,1.16666054074792e-09,4.48607852127774e-08,-8.34840247794658e-08,-5.47766042593989e-15,1.9591119547654e-09,1.22972215305234e-10,3.45857216823023e-10,3.31146116413401e-08,6.57503718696683e-17,-1.45478474972818e-17,1.12423616190901e-08,8.69083869032174e-16,-2.30349159854414e-15,8.81995108446714e-08,-1.03141170250838e-07,-2.11197060865384e-07,-1.28826936581096e-09,5.99868919839239e-06,4.1502515790498e-08,3.65795964137277e-09,-3.11679640154178e-15,1.19963380788041e-08,6.00438489246608e-10,2.82235154828359e-09,-1.17718238523416e-05,1.89740655223883e-06,-7.76432480736115e-16,-9.46091904177076e-16,5.27339389779996e-15,-3.10015042912794e-08,-3.18652225795235e-07,-1.8058610130013e-07,5.41544017685047e-15,-0.432397860553508,7.64574517455161e-15,3.52814388793938e-15,-8.23749133534772e-07,1.78534490969438e-08,-4.1284250323903e-15,3.54300765909597e-08,0.000277038214220535,3.85394086507934e-15,-3.75253191701288e-08,1.05930353578031e-15,-8.1351607345254e-09,5.73862579151191e-16,-7.97513146105205e-09,-6.81144144397478e-08,-8.74931958546149e-07,-2.23740956667469e-09,-1.46735126066451e-08,4.32817708673802e-08,-1.4065041806818e-08,2.51654824150909e-16,-5.11920848477795e-07,4.50874400825492e-08,1.72611003267871e-16,3.61224700395413e-09,1.00502979112883e-08,-1.54778781386837e-08,-2.24817978284982e-15,-6.22148104181082e-09,-1.08394865645062e-05,-6.95624974909477e-17,1.85624234990132e-08,4.04853395322106e-09,5.57835256619038e-05,-3.42100507040891e-16,-2.95735838465368e-16,-3.0109261777614e-09,-8.63525344954303e-10,-6.89428980292782e-11,5.92747879924375e-09,-3.76072599482099e-10,-6.27948121178214e-16,-2.06757049366569e-16,-1.34341296036531e-09,-9.23581226721907e-12,3.60929001974712e-17,-3.1429117154763e-09,5.34609972979299e-17,-1.76275034775823e-08,5.95495701712817e-10,3.48900181620722e-10,2.34786668719574e-09,5.50245303700005e-15,2.34213755744248e-16,-7.24600786174435e-16,1.49580073534281e-15,0.0127088066916941,-1.5771734840631e-08,-5.11366532135576e-16,-5.05142813125229e-16,2.75982538145131e-16,3.99691734294847e-09,1.09949554819828e-11,1.31323828026692e-10,3.12520258319057e-16,-1.72930246511438e-17,1.16516496971586e-15,2.08076287519425e-09,-6.93262658568812e-10,-3.58238456551497e-16,-6.03119596411267e-11,7.01526890440169e-08,1.97197393111648e-16,-4.20767929122587e-16,8.10659113843136e-11,7.82879257781297e-13,2.06509778824012e-11,3.68118486792337e-16,1.03395764328163e-11,4.25791244022129e-11,8.72551551449138e-11,-1.31625755795859e-10,-5.18711851601729e-10,5.21404840528763e-11,-2.21363569484471e-16,2.0930498348927e-18,-2.65196440910586e-16,1.84882407274383e-09,-2.6822925012246e-09,-9.71415788914861e-11,-9.7743586734127e-11,1.19502045864496e-17,1.09400688888128e-16,-1.35277960650074e-16,6.61800637719499e-16,-6.92997299517851e-16,1.48621448004466e-08,-2.11297219620393e-16,4.2920128464001e-17,-9.98149918664257e-11,-3.78211023678773e-16,-8.96837240721008e-11,-1.81536080235112e-16,-1.11882277561351e-10,4.95109679327639e-16,-1.51968893822e-10,-1.95198899827898e-11,-1.28095870720009e-08,1.83978946859287e-16,6.82545692362251e-10,-1.22061732250853e-16,1.06927620706396e-09,-5.51405413171799e-08,1.18418640370784e-11,-1.61976670200407e-15,1.81856033284313e-09,3.37439518360591e-16,-4.8480884835479e-10,-2.74758169939405e-09,-9.74840476514884e-17,2.63538914305893e-16,7.4892988144295e-16,-2.63862361844877e-11,-9.89466914914838e-12,-1.31363490275047e-10,-3.00237058037414e-11,-2.1968742939922e-16,2.48321570695752e-16,-8.88827323316285e-05,1.58273673008837e-08,-2.04722617972059e-16,4.33917956000436e-16,-1.76821325862219e-10,-3.28398663532345e-17,-1.3035979773481e-09,-7.46575847506981e-18,1.3967273396339e-08,-2.91914241418026e-16,-5.78646533499038e-16,2.989883617083e-16,-1.84668212550093e-15,7.78051000725299e-17,1.55348507156176e-15,2.67295000256358e-09,-1.88143868729015e-08,-1.69174268039975e-16,-2.20691651173761e-09,9.32833895107517e-09,4.5195143205852e-15,1.3330496678733e-15,-8.65532428309736e-16,2.15713012391764e-15,2.06207274559805e-09,5.00341617447101e-10,1.213639117633e-14,-1.15672735093219e-14,-1.50166647432006e-08,-6.90459029771451e-08,-0.362407549582075,-2.3130087406935e-14,-6.40338670012742e-15,1.23448171815817e-15,3.42996691325399e-15,3.53874400881781e-15,-1.52382644742652e-15,-1.62234368688413e-09,1.33047756401845e-09,2.22862558387082e-10,-5.05691325183422e-16,-1.98642718185622e-15,-1.20915432428612e-15,-9.41102511119789e-16,7.21267250472468e-16,1.62101109598609e-15,2.03429432718086e-15,1.02000619964727e-15,-2.39745090006875e-16,2.12645215652162e-17,-1.36633932651668e-16,9.03952293520833e-16,2.36135681536573e-15,-1.03759875950939e-15,2.4031139605152e-11,-2.7160244097014e-16,-6.25023733804926e-16,-2.64023966367603e-14,1.67195428960556e-09,-2.09820782701335e-12,-1.84981934200811e-16,-3.34370084501642e-11,2.94691860781643e-09,2.36800144776032e-16,-1.59454650904267e-15,-7.18379771920129e-10,1.90263637387056e-16,1.30250871821414e-10,1.05213466263622e-16,1.62932846534174e-16,3.4620633143929e-16,4.59122423131661e-17,1.50129284010586e-11,-2.08989349597151e-09,-6.91728862558627e-16,2.45043029916585e-16,4.67214957601699e-16,-3.1672969973282e-16,-6.54966532398493e-16,7.64014886997812e-16,2.46614739404419e-16,1.14652533381987e-16,2.65661412960939e-10,-5.53369788859582e-16,-1.11003890556723e-16,3.14512698228546e-16,8.97759895610044e-16,8.81059107636935e-16,7.91318266388608e-16,-8.01376699148318e-10,-4.30797671097243e-17,3.47009641449138e-16,6.03056224559352e-10,8.29599093917406e-16,2.52602943307235e-16,3.95646939833638e-16,-1.13315484980969e-15,1.93607336476823e-07,-5.21360428539803e-16,-4.14334097949194e-10,5.67753955070994e-16,-1.79430305093553e-17,9.75127352469308e-17,2.17915425186285e-15,-6.44798541416366e-16,2.84909234984787e-15,1.54077427059203e-11,3.28151548710453e-15,-2.09321029740642e-15,6.1268130578724e-10,-1.9658683014674e-09,-6.23066081451805e-16,1.40064609495193e-09,2.0620372982364e-10,5.37977615342566e-17,-6.74127852640212e-15,-4.16158728181511e-15,0.70710678116942,-1.11365194316987e-14,-3.71205779848055e-10,-4.38428071744595e-16,7.97853668086768e-15,2.82881104489569e-16,1.51013306937996e-10,-1.87943431139698e-15,-2.97044388902167e-15,2.45659431918553e-15,1.54728763792482e-15,-7.02173987543534e-11,6.60747016156385e-16,4.97065144608826e-06,5.02878966332867e-16,-3.19433684318608e-15,1.95077249203898e-16,7.41528372331054e-16,-1.00444358625215e-16,1.65126921569295e-15,-6.24756732998036e-16,-2.62277067613876e-09,-2.63999325913997e-16,8.76905247454335e-16,1.76520797591611e-09,-5.11244480993021e-16,-4.13653154195852e-16,4.71664380023715e-16,-1.91945546343083e-16,2.5398150464447e-16,1.06167510453239e-15,-1.19232329648966e-09,5.31906963855144e-16,3.41604681076053e-16,3.93043047594333e-09,-1.25357051826784e-16,4.21807272503104e-16,-1.04136471985011e-15,-3.70317552864714e-16,8.13392426474697e-16,-9.90348902572408e-16,-5.62299015696608e-18,3.56331326468335e-16,3.82853513329127e-16,-9.70203667612616e-16,6.72826479241847e-16,-2.13044777510262e-09,4.46172914411014e-09,-5.79164681780438e-16,-2.74289024745374e-16,-1.11943464305803e-16,-1.96624516176752e-16,2.59281528539046e-15,1.43926423646538e-15,1.03907173981599e-15,6.33956171508364e-17,-5.71198011107861e-11,9.608372818313e-16,1.9344970815703e-16,-8.06859811540053e-17,-7.87521401242968e-17,7.42891860692629e-11,2.11481202806738e-16,-8.26418166491355e-11,-1.28751615386858e-16,4.29127869405647e-16,1.6405839632277e-16,-2.14292505735487e-16,2.694900675921e-16,-3.55264369220562e-16,4.78485161917046e-16,-2.31806930299287e-16,3.05483712463016e-16,1.06981593704701e-16,-2.95242277944873e-16,-9.64882250966353e-17,-9.68231231458914e-17,3.8085776574314e-16,-5.81743122076e-16,1.5363708125757e-16,1.86595064258011e-17,3.74309854524686e-16,-4.11595834012806e-17,-3.21400758069659e-16,-7.5991730269509e-16,2.11548538661424e-16,-4.24256905499763e-16,-7.59762386927575e-17,-8.58416948647969e-17,6.03484471478819e-12,7.48994452665924e-17,-1.2660755074508e-16,-7.59053660748799e-17,-2.37325448074464e-17,1.45498632072905e-16,4.77667997031418e-17,2.73026722017778e-16,4.02874439946333e-16,1.47251809113956e-16,1.30062551555454e-16,1.56992474575901e-16,8.31749643677469e-18,-3.01750620632746e-16,-2.74209748471243e-16,-8.2515870130331e-19,6.36734739906829e-16,9.47739733158391e-17,-8.04041510378989e-11,6.46318381575345e-17,-5.27106251144552e-17,1.03273283964684e-16,2.00326868599151e-16,7.30802990937216e-17,-1.04578129419896e-16,-2.33623243758484e-17,-3.70033729744418e-17,5.90509259625617e-17,1.7605946205849e-11,2.85533714238174e-16,2.76893345903382e-16,-9.31592325017946e-17,4.95304702332915e-17,2.77164469062571e-16,-1.04423058303e-16,8.1440629108619e-17,-2.31960665675554e-16,1.62059683152539e-16,-1.47827883056466e-16,2.10111796199913e-16,2.84869748250797e-18,6.52819606208785e-17,9.15909587812895e-11,1.73908192006585e-16,-1.91864463782841e-17,-3.93656370991057e-17,-6.18212078751235e-16,-2.79449570433393e-10,-3.00846714728793e-16,1.53048147131614e-17,1.46680722089329e-16,1.23402330259515e-16,2.46377300487024e-17,-1.78568932247466e-17,2.86821245038443e-16,9.75546428442905e-17,2.839428907827e-17,7.1267617050817e-17,9.13869704274367e-17,3.55926509206863e-17,-1.03746136771761e-16,-4.65067575312496e-17,9.08286651670701e-17,5.88482903547177e-17,-2.38429935138867e-16
"t937",-0.0494480773506633,-0.0854926678852307,0.0303220368408906,0.0450953282951738,0.00389761879888607,-0.00185176467353173,0.0104662273372945,0.000201193962529878,9.34305053811926e-05,-0.000422405768527122,-0.000262738575092901,0.0270734510663738,-0.049493776706435,0.0091741314580478,0.00838336919250608,0.0122560513023246,0.00128129569435966,-0.07767102050066,-8.68783064890083e-05,-3.15173971388565e-05,0.00038129421421277,0.00017308538998966,-0.000988831888460811,0.0200422403747541,-0.0606903740060271,-0.000135834740995208,0.000146228001663029,-0.000127170980948625,0.00186155591365757,1.11902384255349e-05,-8.42573353341665e-07,2.48778661394578e-06,-0.00181626386156309,-1.34448909845924e-05,-1.50235370305809e-06,-2.38449455140383e-05,-0.0442662904455242,-5.38447212920377e-06,-2.99455366513398e-05,-4.72359422478811e-06,-0.000122105279635472,9.47446876408394e-06,-9.6683627716002e-05,5.68175366067525e-06,-0.000164899343567698,-2.33304189811573e-06,0.0938497050161483,0.000257621482628947,-9.74895651537954e-06,1.2170365518594e-05,-9.46738570768159e-05,4.11441931217776e-06,-5.6467956818399e-09,1.05116403179202e-05,-3.74671031669712e-07,3.67595053766534e-06,-1.11569593304722e-08,-9.74946982991441e-07,3.96547145161575e-07,-1.74024331230136e-06,-2.27803941166479e-06,4.08333476506252e-07,-1.47811872046184e-05,8.06004828676715e-06,-6.787522915431e-07,2.98994851419928e-05,-1.43280976679587e-07,5.63111670586644e-06,-1.61800808701266e-05,6.95914818011572e-06,-0.000339111201768122,7.72153207200937e-05,-5.3085136949909e-06,-0.150387857300443,-0.205632289444215,-1.45897626600333e-07,0.000724888640839315,-7.21687448014835e-06,1.10477575086757e-05,9.92323137862591e-06,-1.86503280119522e-06,-2.52137767910069e-05,9.59150058828036e-07,1.66151862238787e-06,2.92299665287458e-06,0.00208780214735284,0.000195662751335402,2.6056497839891e-06,8.00829272573675e-07,-0.000181512663160406,3.08982266086037e-06,-2.53169801297561e-07,-2.19431027303322e-06,0.000383459650975634,2.78914163824236e-08,-1.12342407406968e-06,-0.000240791837262869,-4.38817562847878e-06,6.13168104599646e-06,1.10817788794891e-06,2.23918711646517e-07,-0.00170738373678722,8.50724429876215e-09,1.53518909758225e-06,-1.6211197366216e-06,0.0796289554398868,5.43763131499207e-05,-1.88290527816564e-05,4.96285374834666e-06,-8.73757034930081e-07,-3.55977140124292e-06,-5.9542320957387e-06,9.71425959466099e-06,-5.27622066637871e-06,2.49519688969682e-08,-8.32906063970284e-07,1.16278855777871e-06,-1.07798631776725e-06,9.79989721260014e-07,-2.24766471862543e-06,8.10888637003938e-06,-1.77359625415516e-06,1.61819451020405e-06,4.44170007448255e-06,-1.44142648027628e-06,1.37508513735409e-05,-1.39924264452125e-06,4.66064571465519e-07,-4.96703512616596e-06,-0.000184549116030669,0.0227835842092487,1.80444068349489e-06,-0.000401483986206682,1.3154858271093e-07,2.6368783571744e-09,1.09417434944576e-08,-1.6701169807215e-11,-1.05422896179009e-07,1.00390279859391e-07,-2.95184790930903e-07,-2.14127781440245e-08,-8.80923223550068e-07,1.88899766659536e-07,1.24735223429284e-08,3.93697783653756e-08,-3.09872871736701e-09,-2.07902253638892e-07,4.33174535653132e-08,3.04517954874951e-09,-8.78750824603607e-09,-1.38246332917881e-06,-4.37134839045018e-08,-9.70348765225997e-07,3.78121193507514e-07,-1.63035551017153e-07,-1.52053562994605e-08,2.39786444107437e-07,-0.00421865764629354,2.55623122600203e-07,6.99817980866646e-08,-0.00065602628645918,-1.01330312548821e-06,2.02592686168394e-07,3.84308062586187e-05,-1.95928373837265e-06,8.83983884029563e-06,-4.80381819531779e-07,-8.07232408016828e-09,-3.99609575929206e-07,-4.98931749446705e-07,8.58971460703721e-06,8.42473115191285e-07,-8.89376649403505e-08,-3.02227402627668e-08,-7.34748835367522e-07,-9.91999055092504e-09,-6.17361533559224e-08,1.7353258603657e-07,3.3195413369936e-08,4.79090753314467e-07,9.21981531043724e-08,5.70387228307202e-06,-1.27539233738186e-07,-0.0035004025287782,-3.47686485422733e-08,-0.114086814745603,8.01000760428068e-06,-2.90688755064042e-07,-1.28051216238165e-06,9.45275526233004e-06,2.02172026835378e-08,-3.09818550614851e-08,-1.17896523379175e-07,-0.0249714530862398,-1.53168713762514e-08,1.86765640365021e-08,3.30074483030378e-08,1.52405139456384e-07,-1.70137684395994e-08,-4.45609097753061e-09,-4.31156863527465e-09,-5.09084990133341e-07,4.59386762584244e-11,-2.93202465933449e-05,5.41892515708671e-08,-7.66144372643075e-07,2.6427103322886e-08,1.36900963738527e-06,-6.85658704144851e-07,-0.235537976020298,5.64314178889811e-06,-1.57898946973413e-05,4.79631834611264e-05,1.16159638217927e-07,7.38658218948345e-08,8.69335568273175e-08,-1.04908599144369e-07,-8.7551878960892e-09,1.31630980193219e-08,5.77231807274482e-08,3.01713784785072e-07,-2.06544186711812e-06,-7.66529762685101e-08,-2.37641336454431e-07,5.32696209140289e-08,2.65546523180818e-08,2.78425012349757e-07,1.67450012049942e-08,2.40996708217593e-08,1.73817849539902e-08,-3.53147012153098e-07,-1.11181182331873e-07,-5.10364702559422e-09,-8.42518978901426e-09,3.9265945401553e-10,5.9322185517094e-09,2.80752216065165e-08,-1.13401693340261e-16,3.66886486299654e-09,-2.67771572999695e-07,6.09460401146668e-09,9.07687012944953e-08,1.21523657069413e-08,-1.4357428352242e-08,1.50646700343701e-09,-4.98355601446497e-08,1.08555087278605e-10,-5.56129425185527e-12,1.154143775917e-08,-6.06105490050222e-09,1.29205501348175e-10,-1.42426392855126e-08,-2.12780618091948e-10,1.66134856757446e-09,-1.86337252485597e-10,0.000534941547525356,-0.000238109552856611,-9.72300176872669e-08,2.74719002362785e-09,-6.46674744059432e-10,1.70539058756971e-08,-3.47659341922125e-09,4.01846138523201e-07,-3.45277069673806e-07,2.36402190707533e-09,-8.1548079965016e-10,2.39646452329109e-05,4.94108289708713e-07,-3.87414756324727e-05,4.09894036826636e-10,2.37309243192632e-10,-7.34365999395908e-10,1.05102819961877e-07,-1.119430731153e-07,2.57577259191631e-08,-5.67206727479233e-07,2.84577619096809e-07,-5.41336904394518e-06,5.17744049375307e-08,-3.08366281996274e-08,1.0583127120411e-08,-7.36120675102587e-17,-2.72622976648806e-08,-9.39533073466374e-10,-2.17664698221166e-09,-4.52680715337779e-06,1.45826519190107e-09,-9.19653514166297e-10,-2.16796116440134e-08,2.71517948679698e-09,-2.17671144099434e-08,5.71125735345004e-08,2.1517563954181e-09,-2.08681931998066e-09,2.74275369831627e-08,-3.36556575338489e-08,2.90401480530801e-06,-1.8564974314608e-08,2.27166091389336e-07,1.14122380500978e-09,9.85040143781229e-09,5.66073169162866e-08,-1.20106675113682e-06,0.0154716622338719,5.57237158820683e-09,2.89473881640856e-08,-1.22000911606178e-07,1.19212159369209e-08,1.09492926231003e-08,8.5898980571546e-08,-2.35212351638023e-07,-1.2485947806017e-08,1.71807291488029e-07,-7.3755739740749e-08,1.86025587891885e-09,1.7905243837586e-08,-3.73737476190544e-08,-9.19349099665747e-17,2.04926905219704e-10,4.86509761811091e-05,-8.94454145808615e-08,6.62354453091766e-08,9.5153651959804e-08,1.81751432775189e-08,4.58018794406743e-08,-7.43861339799835e-07,3.55519305649288e-07,2.17686312395127e-16,-8.73884961664481e-07,-1.49920490319252e-08,-3.87260188955031e-07,0.0452110611218249,-1.34546233786293e-07,5.71098262261521e-09,1.4015279217422e-07,-2.95763237685071e-08,1.04588317090036e-06,-9.20573056958612e-08,1.57941764704366e-08,2.61060401537777e-08,1.30758479145391e-09,1.17712943662222e-09,2.2246272100569e-08,-4.67045253731362e-06,2.12145883249997e-08,-1.37280190420717e-16,3.0342581785795e-07,-2.21333180771936e-08,-1.01797644803977e-09,-4.52994042250057e-09,2.05764599326392e-08,2.86694886351975e-08,-1.52914098683893e-07,1.15920377085327e-06,1.83831813349903e-09,-2.49326392671472e-16,3.07397014029643e-09,1.80880277031309e-06,3.03157454448786e-09,-2.71196841037055e-17,-4.50566299795276e-09,-4.25844827777241e-08,6.27979908505986e-09,3.10713881803221e-09,9.09288465852432e-10,4.37325755172148e-10,1.43022422040911e-08,-2.97385663287534e-10,-3.05235892046233e-09,-1.65492852820546e-05,-1.559947750405e-10,-1.45362743719328e-09,1.18187697362004e-17,-1.23267627884657e-09,7.19385990420261e-10,6.60736318479752e-09,-9.50609498020841e-10,6.88820305124564e-17,-1.46847671637983e-09,2.60215098990893e-09,-1.00302360833698e-09,-9.32386169336741e-10,-2.47940592199407e-09,1.99027176184786e-08,-4.25087136562356e-08,7.33940280052228e-09,-5.40785577819254e-17,3.07887177515681e-08,-4.15200062626e-08,1.8810117661939e-07,4.04891483910625e-08,-4.12384132499629e-09,-2.79093656947351e-11,-2.03830008427275e-16,-7.55209911071425e-16,-2.81738442172192e-11,-2.59969805913593e-08,3.44240503389855e-09,-5.14029251150703e-09,-1.6836961000363e-16,-2.60080283519142e-09,-3.15454061197984e-11,-7.61817715982422e-17,-8.81188217473655e-17,-1.28178075791446e-16,7.23568309849638e-09,2.15463847086839e-08,-3.22039013599338e-08,1.96054718032171e-08,9.81329169803163e-09,2.31231772513169e-08,-1.28678951248378e-05,-1.04409335547537e-16,-5.32340083677223e-08,4.05090555924057e-08,-5.03074814051893e-16,-4.87932001529481e-17,-1.43349954100325e-06,-2.1395850325002e-12,-1.67012133985519e-08,1.3231202098489e-08,1.7140471342528e-08,-9.25753602745751e-10,-4.48951938680953e-18,-3.13091764973943e-09,-2.64384950633948e-17,-1.08450373978834e-08,-1.96571274882484e-15,-1.99532956835677e-08,-4.26710923618731e-17,1.58395941017358e-08,2.19793574839042e-08,1.37106886678594e-09,1.81894402683917e-08,1.00194868270682e-07,-7.34428555398021e-09,7.53666447074161e-08,2.45957125127558e-09,1.1969817086004e-08,1.12099322626786e-09,1.83190022548088e-08,-0.000130339790707541,-1.17559047409861e-08,-1.00755711200976e-09,-2.45885521474748e-08,2.55645793434835e-17,1.22258359516893e-05,-8.62160034013036e-06,4.39561096722409e-09,5.41105550468184e-15,5.97241108445553e-10,1.69617765012749e-08,6.36710786578854e-08,6.10952171140564e-16,-2.1110527499001e-05,-8.03064773072589e-09,-5.48072566791656e-17,-1.08388290922756e-08,1.88904281240781e-07,-5.0519249602953e-16,1.55768210571858e-16,-1.92095660058339e-05,-5.66045568446697e-09,-3.33500567151629e-11,-4.83336852673988e-08,2.46085639708982e-08,0.00113706426958381,1.16666027828203e-09,4.48607847878049e-08,-8.34840248231306e-08,-3.28952360142964e-15,1.95911195339195e-09,1.22972071173475e-10,3.45857373969676e-10,3.31146118428917e-08,6.90151584603608e-17,-2.00467113508445e-17,1.12423613877846e-08,7.65744244911789e-16,-2.25265836471166e-15,8.81995108852331e-08,-1.03141170268622e-07,-2.11197060789932e-07,-1.28826931109736e-09,5.99868919820506e-06,4.15025154560171e-08,3.6579597158333e-09,-3.19900006584543e-15,1.19963380442724e-08,6.00438227457787e-10,2.82235168761119e-09,-1.17718238519197e-05,1.8974065520473e-06,-5.8367723199827e-16,-8.48101865232747e-16,5.5738643448537e-15,-3.10015042117469e-08,-3.18652225606353e-07,-1.80586101155973e-07,5.45105920975027e-15,-0.432397860538227,7.51162936581511e-15,3.59015536914817e-15,-8.23749133526817e-07,1.78534493138806e-08,-5.27876353739742e-15,3.54300763510585e-08,0.00027703821420988,3.6946546252824e-15,-3.75253191120782e-08,8.94582706640663e-16,-8.13516081376845e-09,2.55513167522231e-16,-7.9751314873517e-09,-6.81144142765529e-08,-8.74931958630026e-07,-2.23740902281623e-09,-1.46735130126544e-08,4.3281770570363e-08,-1.40650419153172e-08,2.55017584936323e-16,-5.11920848685762e-07,4.50874399205665e-08,-4.82152453348829e-16,3.61224705260563e-09,1.00502982005107e-08,-1.54778780956194e-08,-2.74697848106189e-15,-6.22148114087882e-09,-1.0839486564221e-05,-6.06951788160229e-17,1.85624232605854e-08,4.04853382565759e-09,5.57835256600142e-05,-1.81183747136418e-16,-4.59513927052786e-16,-3.01092619487329e-09,-8.63525308285389e-10,-6.89427049337201e-11,5.92747845670769e-09,-3.7607291753002e-10,-2.50306953263901e-16,7.37477444247615e-16,-1.34341308182953e-09,-9.23577558228479e-12,-8.74189008185073e-17,-3.14291166001050e-09,8.06121491206537e-17,-1.76275036299793e-08,5.95495637816434e-10,3.48899786824082e-10,2.34786651581124e-09,5.4130143998966e-15,2.92209290380214e-16,-1.98680167248171e-16,1.47292883202066e-15,0.0127088066910315,-1.57717346142906e-08,-3.58512650015292e-16,-1.63988429764122e-16,3.1386645272939e-16,3.99691755834481e-09,1.09951190803276e-11,1.3132393884693e-10,5.03953132348427e-16,-1.21723377904948e-15,6.93211764032919e-16,2.0807627997457e-09,-6.93262470303794e-10,-4.22414995541612e-17,-6.03122061888769e-11,7.01526890782965e-08,7.14982743941474e-17,-1.02159772113491e-16,8.10662114554858e-11,7.83286203697725e-13,2.06508403729607e-11,2.23208521065235e-16,1.03395488414049e-11,4.25790602460915e-11,8.72551520171499e-11,-1.31625473073899e-10,-5.18712083339722e-10,5.21406235353766e-11,2.90399272644251e-17,-3.42411841201494e-16,-4.67471904821691e-16,1.84882410091238e-09,-2.68229254976849e-09,-9.71414344178383e-11,-9.77435250281071e-11,-2.16966378639661e-16,-7.65166407025989e-17,-2.70617942167701e-16,6.31388526893985e-16,-2.98604549250684e-16,1.48621447959853e-08,4.69671172795122e-17,6.96572210120728e-16,-9.98151821705182e-11,-2.32454349580795e-16,-8.96836061609529e-11,-1.32007706917998e-16,-1.11882209430573e-10,4.48172263413601e-16,-1.51968737919379e-10,-1.95203781814044e-11,-1.28095871979715e-08,2.72247919903041e-16,6.82545513828876e-10,1.07776193459907e-16,1.06927631844013e-09,-5.51405411979187e-08,1.18417345077143e-11,-1.34404559576699e-15,1.81856013650868e-09,1.07398247492976e-15,-4.84808638341312e-10,-2.74758196207017e-09,-6.03197779723353e-16,1.60799248237009e-16,6.47918358918125e-16,-2.638635842209e-11,-9.8945429900232e-12,-1.31363705340392e-10,-3.00231577057104e-11,-5.82791107868747e-16,2.12055595888663e-16,-8.88827323230933e-05,1.58273676094476e-08,3.37710889611549e-16,2.56708055772379e-16,-1.76822364509395e-10,1.57959600262571e-16,-1.303598011882e-09,-4.25201060787661e-18,1.39672734588326e-08,-3.29668990302649e-16,-1.07285512944831e-16,3.32434311365844e-17,-1.16764522124602e-15,5.65424239745835e-17,1.56354104671162e-15,2.67295040676289e-09,-1.88143872297735e-08,-2.70657765499937e-16,-2.20691650990128e-09,9.32833907566629e-09,3.5086286295447e-15,6.64412845047826e-16,-7.28205740799983e-16,2.75674316906451e-15,2.06207288425361e-09,5.00341518137543e-10,1.26820898557906e-14,-1.16659080182042e-14,-1.50166653050129e-08,-6.90459026425888e-08,-0.36240754953488,-2.32130658704044e-14,-6.54793546029404e-15,1.6124770486059e-15,3.23598110050971e-15,3.35766578292802e-15,-6.90165247408954e-16,-1.62234398946847e-09,1.3304772984453e-09,2.22862672518662e-10,-4.05795458737662e-16,-1.66123918444759e-15,-1.68096478193174e-15,-2.47751521725421e-16,4.27299772206369e-16,9.02996444570441e-16,1.65429824186262e-15,3.85396322873181e-16,-3.93260603380888e-16,-8.38075077282127e-16,-1.04741249645275e-16,8.93735120131595e-16,1.41174787120459e-15,-1.21589901351705e-15,2.40312289627117e-11,2.18008012659529e-16,-5.05327689016356e-16,-2.60934093691301e-14,1.67195433537014e-09,-2.09802159363254e-12,3.60075664986972e-17,-3.3437193636898e-11,2.94691844508183e-09,-3.52217053785193e-16,-2.56560827362526e-15,-7.18380248062251e-10,-1.01402431103148e-16,1.3025093861875e-10,-2.70814516281848e-18,-4.32021209293576e-16,2.26986267078802e-16,-6.62397583893093e-16,1.50121622675287e-11,-2.08989414104001e-09,-5.73233075207937e-16,-5.71880602163452e-16,-3.41393377138094e-17,1.00938508192455e-15,-1.63438056491327e-15,-1.58521885310376e-17,-9.26123763356839e-16,1.25602629993721e-16,2.65660861638691e-10,2.54249887681357e-16,3.51187476790781e-16,-1.02417123230662e-16,-9.79389504261954e-16,-6.13952786855372e-16,-7.70437693627156e-16,-8.01377894725671e-10,-3.06365556280302e-17,1.47180690425684e-18,6.03056324722225e-10,-1.23120944021605e-15,-6.49298088596582e-16,-1.42820764006185e-15,1.54856847511153e-15,1.93607338667659e-07,4.61773666212717e-16,-4.14332322551431e-10,-2.28230429933434e-16,1.39316603964414e-16,-5.08523416566201e-17,-3.33860450204182e-15,1.04660458250862e-15,-2.07906623175189e-15,1.54109568695384e-11,-9.70548631182121e-15,1.56684009999956e-15,6.12679967678914e-10,-1.96586827295055e-09,5.91419125174689e-16,1.40064013979606e-09,2.06203063209242e-10,3.13730878678892e-16,6.27010905660191e-15,4.16520973577198e-15,-0.707106781203678,1.12754065900481e-14,-3.71205324410479e-10,1.54913913398617e-16,-7.28369937417962e-15,-6.40905183709111e-16,1.51012171332007e-10,1.42147028793282e-15,2.88960379251649e-15,-1.85882613025119e-15,-1.33049741233422e-15,-7.02172741336049e-11,-7.67970333648956e-16,4.97065145361422e-06,-2.38225627315437e-16,3.4911180795576e-15,2.9433566011844e-16,-7.96764223965572e-16,1.85962374975016e-16,-1.44896927789018e-15,6.61698067213006e-16,-2.62276997867301e-09,4.87206207738478e-16,-1.21920223329396e-15,1.76520861472174e-09,1.85174305603182e-16,4.02897378081712e-16,-4.97690276930941e-16,3.32605446655765e-16,-2.96638845546399e-16,-4.61044732314045e-16,-1.19232192978556e-09,-2.15048890036486e-16,-1.58568091923261e-16,3.93043055876385e-09,8.43368329217979e-17,-5.37377488664673e-16,1.03668366781659e-15,3.41475508653614e-16,-1.10045741304705e-15,1.14322369577735e-15,-1.39159694840408e-16,-2.56795774841682e-16,-1.21105700953406e-16,9.32197618712182e-16,-5.59571418026474e-16,-2.13044770061507e-09,4.4617289930695e-09,4.0323270309612e-16,3.75357187795146e-16,4.94392510519696e-16,5.96055383013656e-16,-2.27953506765077e-15,-1.08239493646613e-15,-5.30472929684509e-16,2.02323670950095e-16,-5.71197672914293e-11,-8.24457909574911e-16,-9.77285217663502e-17,-5.79572968189964e-17,1.6339103711644e-16,7.4289069922015e-11,-4.47614793818569e-16,-8.26418569827459e-11,7.29781836289382e-17,-9.04510527464164e-16,-3.03949863735189e-16,2.79843129857139e-16,-9.22325671415474e-17,7.02305502241929e-16,-2.56873431758865e-16,1.7123475855471e-17,-5.06988173829638e-16,-2.82957300354631e-16,3.09242410311906e-17,-6.92195812602475e-17,1.79390876256267e-16,-2.76645663866375e-16,6.96545340091378e-16,9.06771081426198e-17,-1.72981193545564e-17,-5.45857646828003e-16,-5.33207961128836e-17,6.33117493816107e-17,9.33985961487638e-16,-8.72166390843177e-17,2.05529031442879e-16,-3.18261857750064e-16,1.11219459514598e-16,6.03480650968664e-12,-2.91235572752144e-16,-2.92461956558836e-17,1.74114907095861e-16,-1.12722220399745e-16,-3.77493926541206e-16,-1.70192487748372e-17,-4.99692107638632e-17,-4.2217436165011e-16,-5.18360750995104e-17,-7.33623573893371e-17,4.26741975090295e-16,-9.87575975635989e-17,2.37637381445681e-16,1.30962637363452e-16,-1.19343117723739e-16,-8.83542385895759e-16,-8.55400139442924e-17,-8.04040924395471e-11,-6.86974540545871e-17,3.76812796954297e-16,-8.15582943832478e-17,-1.80836537149222e-16,4.24449754908673e-17,-1.02452738786417e-17,4.03737195764893e-17,7.61526940082112e-17,5.58051008911355e-17,1.7606082642956e-11,2.67779903663777e-16,-2.83345234922575e-16,-2.80987985492452e-18,-1.71879841552347e-16,-1.44913143308222e-16,1.61122111584432e-16,5.22421377905648e-17,-1.79473400519981e-17,-7.73753820197919e-17,1.42289956379505e-16,-8.09721326903522e-17,-1.45185441904258e-17,3.35121351713694e-16,9.15909988624854e-11,-6.20313768975631e-17,-1.15098690884462e-16,-8.70842774682995e-18,-2.43349177614371e-16,-2.79449451962553e-10,1.68648584434558e-16,4.69095870551799e-17,-5.74556731974425e-17,5.16300292258281e-17,-3.67048846885941e-17,-4.93841955165545e-17,2.34893755734898e-16,3.97258493052195e-17,-5.4760316885984e-18,2.93948771227954e-17,6.92167347326603e-17,7.4386919426959e-17,-1.30591745083975e-16,-4.48965826307766e-17,4.60068407560592e-17,7.51851604625559e-17,-2.29590072022084e-16
"t360",-0.0494314898267302,-0.0854322702555021,0.0302999234482876,0.0450512715546319,0.00389295850621543,-0.00184916808050936,0.0104512639613977,0.00020088351132445,9.32603339689299e-05,-0.000421473626374914,-0.000262003914950272,0.0269803088034901,-0.0493185591811981,0.00914116552116966,0.0083519424400332,0.0122074191848543,0.00127609116735728,-0.0773498613507354,-8.65108360029839e-05,-3.13726850436112e-05,0.000379402081845889,0.000172050945039065,-0.000982595158342472,0.0199151179543147,-0.0603039361225146,-0.00013492914635135,0.000145241741896682,-0.000126305660036751,0.00184855405454443,1.10981697783057e-05,-8.35188553228486e-07,2.46500744031955e-06,-0.00179845489272557,-1.33069288216423e-05,-1.48616621646794e-06,-2.35679401939917e-05,-0.0437456720585998,-5.32016103967734e-06,-2.95854952506195e-05,-4.66597542042361e-06,-0.000120574016390974,9.35284250864118e-06,-9.54244129907659e-05,5.60766598578247e-06,-0.000162712517727001,-2.30017735780357e-06,0.0925038358394706,0.000253896135472164,-9.60469823145498e-06,1.1985820853212e-05,-9.31918084298432e-05,4.04906540064697e-06,-5.55691100305695e-09,1.03412963614528e-05,-3.68387349451838e-07,3.6139845310522e-06,-1.09514885679933e-08,-9.56572881100247e-07,3.89053358712357e-07,-1.70550968998366e-06,-2.2307302903233e-06,3.99689256409062e-07,-1.44634478624118e-05,7.88612405811336e-06,-6.63690339220165e-07,2.92195009511703e-05,-1.39847317641287e-07,5.49306477932973e-06,-1.57792757642092e-05,6.78354734095866e-06,-0.000329724933737847,7.49335188058722e-05,-5.1501069913385e-06,-0.145810443853378,-0.199357966205102,-1.41408215570429e-07,0.000702508460537164,-6.99040753351905e-06,1.06884018732266e-05,9.59584527643151e-06,-1.80202059637375e-06,-2.43575562890309e-05,9.25369062439944e-07,1.60236763991985e-06,2.81415743790562e-06,0.0020091284891975,0.000188201178491683,2.50609264283114e-06,7.70215708855304e-07,-0.000174565185392237,2.97102527571811e-06,-2.43022965015337e-07,-2.10603540131869e-06,0.000367646314279677,2.66926598970244e-08,-1.07484489440061e-06,-0.000230376546276241,-4.19543954939072e-06,5.86084675197337e-06,1.05819154261661e-06,2.13647305394969e-07,-0.00162894795873384,8.11577692602586e-09,1.45924649544555e-06,-1.54050563230685e-06,0.0756531052408777,5.16417472053465e-05,-1.78802533643109e-05,4.71189059755699e-06,-8.29336885283574e-07,-3.37848640759361e-06,-5.64789636394098e-06,9.2138705348011e-06,-4.99718984774563e-06,2.36250802464857e-08,-7.88079078279176e-07,1.09987217891416e-06,-1.01880472010974e-06,9.2544133690714e-07,-2.12126154398208e-06,7.65021214334439e-06,-1.6712719959936e-06,1.52365429285574e-06,4.18207723254731e-06,-1.35702190864437e-06,1.293533178296e-05,-1.31617062699031e-06,4.38093612210892e-07,-4.65976041612105e-06,-0.000173128584620501,0.021370234334841,1.69026647383383e-06,-0.00037598285265138,1.23169816538518e-07,2.46702382282887e-09,1.0235835810643e-08,-1.5598197687327e-11,-9.83309179908257e-08,9.34681539549805e-08,-2.74817142248897e-07,-1.99291391219547e-08,-8.19756888886013e-07,1.75739020569203e-07,1.16033597936928e-08,3.66232650210985e-08,-2.88055123729582e-09,-1.92996006173019e-07,4.01548093633669e-08,2.82185110787682e-09,-8.13670076387147e-09,-1.27999787706654e-06,-4.04614785462731e-08,-8.98003576396168e-07,3.49860239998384e-07,-1.50573801577639e-07,-1.403899737882e-08,2.21347019137954e-07,-0.00387580237984747,2.34575892737288e-07,6.42082554776184e-08,-0.000601310283836046,-9.28600310461248e-07,1.85422259568869e-07,3.51682288090138e-05,-1.7907242769537e-06,8.06962124986312e-06,-4.36992835683606e-07,-7.34230609095935e-09,-3.63459440685169e-07,-4.53578715613726e-07,7.80451401485575e-06,7.65399102040744e-07,-8.07110483717655e-08,-2.74175560766838e-08,-6.66045988135651e-07,-8.99074089300912e-09,-5.59476980149195e-08,1.56983608408349e-07,2.9974589975063e-08,4.32469164451662e-07,8.3200911891543e-08,5.14264299870006e-06,-1.14950316737726e-07,-0.0031538217572437,-3.13161226929732e-08,-0.102647491081875,7.20492939779263e-06,-2.60866919507416e-07,-1.14905571668488e-06,8.47574191529647e-06,1.80886475465246e-08,-2.76702295679368e-08,-1.05229200865155e-07,-0.02226774004045,-1.36490089598268e-08,1.66084252745994e-08,2.93391687129826e-08,1.35338293344578e-07,-1.51012750884934e-08,-3.94055001136495e-09,-3.81207997983450e-09,-4.49397704301093e-07,4.04895075812381e-11,-2.57452862442638e-05,4.75812343275458e-08,-6.72483774514412e-07,2.31716624688436e-08,1.19947624419806e-06,-5.9956276759037e-07,-0.205456597770731,4.91267033423348e-06,-1.37375374496948e-05,4.16129538006434e-05,1.00623940065288e-07,6.39840585950512e-08,7.52122769555115e-08,-9.04834749523879e-08,-7.54683116247528e-09,1.13101856192268e-08,4.9487586726238e-08,2.58467579606936e-07,-1.76374837467006e-06,-6.54065132239226e-08,-2.0260487444999e-07,4.52994459188013e-08,2.25698150359679e-08,2.366138724358e-07,1.41902118555892e-08,2.03875560510635e-08,1.46761082389999e-08,-2.97913915793708e-07,-9.37067394700033e-08,-4.29782435024869e-09,-7.09320279343096e-09,3.29839247935311e-10,4.97613460971918e-09,2.35143648553602e-08,7.98262730165075e-17,3.06607972849969e-09,-2.23678375033814e-07,5.07540539801382e-09,7.54095700633851e-08,1.00761345517651e-08,-1.19030487397692e-08,1.24433756755396e-09,-4.11383701804006e-08,8.95842972132336e-11,-4.58321465306007e-12,9.50251597520441e-09,-4.98176815165592e-09,1.06117186689376e-10,-1.16938790649268e-08,-1.74401914500363e-10,1.3517826547526e-09,-1.51219391094368e-10,0.000433172258281181,-0.000191883932695175,-7.83271325547908e-08,2.2055736216929e-09,-5.18184313856936e-10,1.3627767093104e-08,-2.77567729321263e-09,3.20530800916009e-07,-2.75051587616721e-07,1.8795756950227e-09,-6.4822562690104e-10,1.89554606896089e-05,3.90783202094104e-07,-3.06361511402092e-05,3.23698587202606e-10,1.87311677729239e-10,-5.78711315646979e-10,8.28004847587035e-08,-8.73222499846052e-08,2.00703792138986e-08,-4.41578771238363e-07,2.21100061562934e-07,-4.19903297570316e-06,4.00120041102508e-08,-2.38052038261929e-08,8.16292959058411e-09,1.1492175139615e-16,-2.09655208381634e-08,-7.22245449946244e-10,-1.67110678039786e-09,-3.46484188052043e-06,1.11322098852908e-09,-7.0116820623557e-10,-1.65187836100565e-08,2.05204323518278e-09,-1.64421229550291e-08,4.31346567527873e-08,1.62117644381685e-09,-1.5612795985189e-09,2.04951085245455e-08,-2.51275566119179e-08,2.16202216852557e-06,-1.36700178114784e-08,1.66481636301816e-07,8.36128804417755e-10,7.21639626067474e-09,4.09768155167183e-08,-8.57035003759276e-07,0.0110193155582235,3.95784687902065e-09,2.04908967474585e-08,-8.62703021177432e-08,8.3556649133764e-09,7.66926425586747e-09,6.00920798263018e-08,-1.64406930213909e-07,-8.70286355164275e-09,1.19377561721351e-07,-5.10985773011574e-08,1.28714896672376e-09,1.23619636183367e-08,-2.56822188126735e-08,1.81452840623572e-17,1.36672422387417e-10,3.23463229491119e-05,-5.91909497946663e-08,4.38255220611818e-08,6.29503424070548e-08,1.20101300788676e-08,3.01996134016019e-08,-4.89183612019711e-07,2.32547085051067e-07,2.92235188369692e-17,-5.64471587571817e-07,-9.66850906878614e-09,-2.48895117913855e-07,0.0290455994193792,-8.57001279011709e-08,3.62021445324509e-09,8.8234558722832e-08,-1.85310623250726e-08,6.48432891590529e-07,-5.65119366398316e-08,9.63352716562332e-09,1.5864946204901e-08,7.92816946086896e-10,7.1080006862497e-10,1.34271067463678e-08,-2.81068034650203e-06,1.273776635538e-08,3.30535125301022e-17,1.79034519235499e-07,-1.30114053885572e-08,-5.98410888337739e-10,-2.6346329316702e-09,1.19478279264492e-08,1.63106318740115e-08,-8.64776277176883e-08,6.54787021774685e-07,1.03370311826133e-09,2.79691386126884e-16,1.71953114556219e-09,1.00983932284964e-06,1.68006055044817e-09,5.90193628928951e-17,-2.47681314365557e-09,-2.33639860293555e-08,3.44195470569167e-09,1.6994801137576e-09,4.95602196777949e-10,2.37730089780508e-10,7.75852945753212e-09,-1.60321770145532e-10,-1.64431556429637e-09,-8.87662431003587e-06,-8.30288494258634e-11,-7.7339572147456e-10,3.02764434605461e-17,-6.45782498402969e-10,3.75847741852693e-10,3.43116238483306e-09,-4.89053588026224e-10,-1.21212194898943e-17,-7.39995983433837e-10,1.279901891936e-09,-4.87834408286816e-10,-4.51075431411483e-10,-1.19180309993633e-09,9.45143547997499e-09,-1.97820015404335e-08,3.23854256777773e-09,-1.31727255911718e-16,1.29089444768721e-08,-1.73274826190627e-08,7.77324257933207e-08,1.65013377656858e-08,-1.67885863514378e-09,-1.13167753625683e-11,5.62050406216485e-16,4.88439987246036e-16,-1.11593723762415e-11,-1.00823689440848e-08,1.33149588181601e-09,-1.94964403822813e-09,2.68569582607455e-16,-9.42997326891508e-10,-1.11995946383304e-11,-1.21653291980333e-17,-4.47050189332912e-17,3.91467633927615e-19,2.39431690308638e-09,7.06225706828284e-09,-1.0203746563142e-08,6.02792959107788e-09,3.00634405764097e-09,6.84902304585038e-09,-3.79624636140542e-06,-2.79022872324809e-17,-1.4585018702636e-08,1.07925885031218e-08,5.80241468392877e-16,2.31359438302244e-16,-3.38401473051107e-07,-4.89150044336213e-13,-3.64737472602663e-09,2.79832709309015e-09,3.39568436739716e-09,-1.81378760330942e-10,-2.61240741872095e-16,-6.04047723955436e-10,-7.11528096694152e-17,-1.99809315292354e-09,-1.60732972070976e-17,-3.54724434033118e-09,4.81841772637974e-17,2.68448832978239e-09,3.68794449885851e-09,1.98945289703039e-10,2.54981153865136e-09,1.38385117121923e-08,-9.47911344153071e-10,9.12897260568025e-09,2.51796379528679e-10,1.22338162534888e-09,1.08006709446096e-10,1.5664196803202e-09,-9.22275738003569e-06,-6.83467886102603e-10,-4.84236107896047e-11,-1.05863153381392e-09,-4.20236038068523e-18,3.3430465443155e-07,-1.02757273553419e-07,-1.47124145794007e-10,-1.07377626359379e-16,-2.81361003942452e-11,-1.15579176231437e-09,-4.92098058362787e-09,-3.12950403646145e-16,1.73181477995495e-06,8.12335628688968e-10,-5.53373676062751e-17,1.20025253802577e-09,-3.22834546260289e-08,4.00611211417838e-16,-8.79380652632052e-17,3.75957779484414e-06,1.1206518682657e-09,6.96043742223775e-12,1.07019814557421e-08,-6.17668962872898e-09,-0.000288364792569856,-3.00188990001444e-10,-1.3402008777425e-08,2.7897752716688e-08,3.61239900839583e-15,-6.81694726360503e-10,-4.30836446056836e-11,-1.24096314515621e-10,-1.22222876988847e-08,-1.72896716619132e-16,8.14887378787107e-17,-4.31014097634258e-09,-6.10441376814098e-16,2.46043167541569e-15,-4.22655018950971e-08,5.12503980061417e-08,1.05022176034559e-07,6.92125589700264e-10,-3.25613338387531e-06,-2.25773892631544e-08,-2.01825932040142e-09,2.24040830665692e-15,-7.66008949976382e-09,-3.95207003771666e-10,-1.87625002000514e-09,8.22041860701796e-06,-1.44745874189814e-06,2.64719774691393e-16,1.12865941049961e-15,-5.03385760295009e-15,2.6796906983134e-08,2.90548095515546e-07,1.65327815905437e-07,-4.8605554484373e-15,0.416713313111624,-7.39648212438671e-15,-3.3358592545276e-15,9.94444769223185e-07,-2.16142776236472e-08,4.17200995972422e-15,-4.534921124378e-08,-0.00036634512047345,-3.7154634814358e-15,5.30695561201506e-08,-1.36929584664948e-15,1.24884677732044e-08,-4.61853372302766e-16,1.23342311958762e-08,1.05954840427449e-07,1.36991411720761e-06,3.53528592253379e-09,2.3667672558398e-08,-7.55047581663777e-08,2.74634203491811e-08,-2.69968619863259e-17,1.15794257509704e-06,-1.03654509524096e-07,2.05911770425437e-16,-8.48735572650486e-09,-2.45839554250123e-08,3.92846430023851e-08,4.86957047747406e-15,1.80056757845355e-08,3.22323526639321e-05,3.51671076940175e-16,-5.72580692169573e-08,-1.2719577471793e-08,-0.000187952419151365,8.12890981738474e-16,4.46113073222436e-17,1.21251582795641e-08,3.7773909891078e-09,3.06926552166855e-10,-4.09103929247487e-08,2.83367678778839e-09,3.84096217617318e-16,-2.28909512961474e-15,1.07960400893346e-08,7.48501269592232e-11,3.06393993569953e-16,2.86604706397269e-08,-1.5728749050131e-15,1.82412419073219e-07,-7.52405748626774e-09,-4.47774309728351e-09,-3.21107820876424e-08,-7.95566654566687e-14,2.25184846180448e-15,-6.70740977662585e-15,-4.08291831607421e-14,-0.406415831780802,5.64535230564125e-07,7.719800472115e-15,1.04715707045595e-14,-7.94780130246628e-15,-2.49747154820481e-07,-1.0093859461929e-09,4.63326180987574e-08,-3.416882817736e-15,8.70519476815768e-15,8.23416313432135e-15,4.34989114749088e-08,-1.40498605210591e-08,-3.36540308817583e-16,-9.10163401900359e-10,9.60875005658552e-07,-2.07570782474421e-16,7.58355447198823e-17,9.13514820775356e-10,8.70088986042341e-12,2.08341039805707e-10,-1.23411562101578e-15,9.04984006754845e-11,3.47592859301936e-10,6.51480006495177e-10,-8.80855801160316e-10,-3.37776347690676e-09,3.23259726510793e-10,3.19643574970391e-16,-2.40417309909146e-16,1.05575050982021e-15,9.01462482340596e-09,-1.30358301631583e-08,-4.59628982648806e-10,-4.0768153059668e-10,-5.12958038667287e-16,2.81729313612184e-15,-1.43036585330774e-15,-3.86886527431915e-15,1.87802125931227e-15,5.5008160006109e-08,-1.85175166255856e-15,1.35102964558908e-15,-3.53437792629022e-10,1.03666361476284e-16,-3.16822954204251e-10,-1.65393354473089e-16,-3.9369489817757e-10,1.76542349599911e-15,-4.96469758992577e-10,-6.26729216021061e-11,-4.00573979773884e-08,-3.05520967626871e-15,2.06668947642034e-09,2.40293548498153e-15,3.01773409495358e-09,-1.41846433061451e-07,3.03400892132447e-11,4.59053142291321e-15,4.48285087115869e-09,8.76106182748125e-15,-1.12202319224055e-09,-6.33879593971767e-09,-3.68593510606808e-14,1.67089619628899e-14,-4.41930034626616e-14,0.707106781236634,-2.14812154894258e-11,-2.82578916194026e-10,-6.34253064040956e-11,2.99101234855766e-15,-3.99476408280989e-15,-0.00017145264356003,3.0398709643031e-08,1.11073394658923e-14,2.96061815169007e-15,-2.96746325791854e-10,5.26489517043495e-16,-2.11648828856243e-09,1.32399622368331e-15,2.0349560833145e-08,-7.24424307169885e-16,-3.54798655780108e-16,-9.60609283759608e-16,-3.3736883468259e-15,7.60443521693207e-16,-8.21634306115992e-16,2.83624990931015e-09,-1.98528377580248e-08,-7.0196613499838e-16,-1.96077254039979e-09,7.58064910808087e-09,9.44981911095455e-16,-1.92898940156705e-15,8.40929873035399e-16,9.79842288053542e-16,8.87692018071593e-10,1.62416565239153e-10,7.20432621191907e-16,-3.55390867675624e-15,-2.95723192261051e-09,-1.23920529927686e-08,-0.0431314560338795,-1.40477447232372e-15,-7.51415377207951e-16,4.57366121585489e-16,-2.89046116343295e-16,-1.86981826194395e-16,3.46884043539057e-16,2.30039773468436e-09,-2.20210657716586e-09,-4.27741966104416e-10,4.23993341704831e-16,-1.2040871115793e-15,-3.04982295697239e-16,1.48693209617022e-15,-1.91634256798027e-15,6.63175094129226e-16,-2.40335880604591e-16,2.98982471696556e-16,2.02917673557299e-17,-9.62152798783257e-16,1.58007642976629e-15,9.29459578608842e-16,-5.8231629775735e-16,9.92831240941385e-16,1.74619154378247e-09,1.25542949149746e-15,-8.82281151969128e-16,-7.56278273573119e-13,3.94916533998545e-08,-4.33308521880514e-11,1.54560219200986e-16,-6.42017852538409e-10,3.63335757133532e-08,-2.81061717356579e-16,-1.65419826479464e-15,-6.41269868109146e-09,4.76632636238156e-16,9.05055192842544e-10,5.01378366789809e-17,1.05625892323229e-16,8.42640855227905e-17,-4.60786334524089e-16,8.12830347954412e-11,-1.11675949582494e-08,-4.17806791229356e-16,-2.8895301897789e-16,4.43767319835547e-17,-1.33580493247683e-16,-1.25621084715033e-15,3.64821831603324e-16,-1.88471385619963e-16,1.48495595955225e-16,9.47937515760516e-10,-3.45762830183376e-16,4.49572201052445e-16,-2.67845966206301e-16,4.47288019026973e-16,9.48317721545521e-18,-3.88857282117757e-17,-2.71755349190113e-09,-2.40895485659154e-16,3.91923121085103e-16,2.02742213060061e-09,8.24746267840312e-17,-1.59005397539264e-16,3.17112931408878e-16,1.04208841248411e-17,5.95860621561522e-07,1.84112080450949e-17,-1.25781270539208e-09,-2.65860854559928e-16,-3.54425720957801e-16,1.90568419353126e-16,6.18055165897756e-16,2.1217679933369e-16,1.17858528796077e-16,4.55606943609535e-11,1.55921557282164e-15,5.7620048320075e-17,1.7774547931687e-09,-5.69790079841154e-09,2.0281307877452e-16,3.99724912758762e-09,5.85708357198183e-10,4.29402476960085e-16,1.78039593470672e-16,-1.16004490051359e-16,2.93837399565383e-12,1.22309866124638e-16,-9.89986068634577e-10,-5.81773252167945e-17,-4.20301384120204e-16,1.01246129260153e-16,3.96952928520826e-10,6.22288685200713e-17,-2.51484134993507e-17,-1.84615525890511e-16,2.22580574360125e-16,-1.81238358672989e-10,-1.19704261773332e-16,1.27602417255122e-05,-1.49841722733609e-16,1.53057596996683e-16,-1.1484309707345e-16,2.05020846590783e-16,7.28154838134931e-17,-8.51145457952286e-17,3.10712625941563e-16,-6.55116148881663e-09,-4.95741893033173e-16,3.23326951935117e-17,4.38077546496323e-09,-7.81529308210637e-16,8.47654859454225e-17,2.86955035884548e-17,-8.68384921628656e-17,-2.44372290003657e-17,4.6135849163501e-17,-2.90190638173074e-09,-5.0918069352603e-17,-3.20820548750847e-16,9.48623559671629e-09,-5.22048913168017e-17,-1.81770397966538e-17,1.00838614037064e-16,-8.47508181827169e-17,-1.92713960001687e-16,-1.38116563489084e-17,-1.92037298371822e-16,-5.52409353644829e-17,-2.32744105844644e-16,1.49619321326602e-17,-2.70860099461659e-16,-4.99402139046391e-09,1.04239733880571e-08,-3.50806219490193e-16,2.85686671769193e-16,-2.50950936551655e-16,-7.17206356926549e-18,4.21646224879613e-16,-1.35585520310228e-16,5.59739956055949e-17,2.66716752194945e-17,-1.3121476152042e-10,-1.55628746140555e-16,1.43542173067427e-16,4.76412805700966e-17,-1.39955281445062e-16,1.68334083281784e-10,3.42187318376948e-17,-1.84513621007038e-10,-9.64984535241412e-17,1.17858313256311e-16,1.27304125258079e-17,-1.25551006756134e-16,-1.82159109940473e-16,6.30803422300375e-17,-5.95351583760189e-17,2.90279659647425e-17,-1.62543269943427e-17,-4.97739247657083e-18,-6.09340734447977e-17,2.02394299294588e-16,6.70246594888593e-17,-8.90906051379531e-17,4.22450628551227e-17,-1.4401067519134e-16,5.25988512788003e-17,3.30451126800285e-17,-7.22775604617046e-17,7.02097261564752e-17,3.28459048154484e-16,1.35677324352167e-17,-6.12589522856428e-17,-1.0476667518079e-16,-1.68023385247745e-17,1.28265029017748e-11,-1.3723267658024e-16,5.8253326252504e-17,-6.0498394601844e-17,-3.50920563875652e-16,1.28309800399375e-16,1.05338311352598e-16,-3.33041280313705e-17,6.89387004051606e-17,-1.4187265511964e-18,-3.11180226882834e-17,1.34603699714075e-16,1.15505624765328e-16,1.51876353220546e-17,1.81382121210035e-17,2.19369272299813e-18,1.86842299375635e-16,5.50804965491207e-17,-1.65941652445143e-10,-3.38137221535229e-17,-4.55734849896397e-17,-2.33180945100917e-17,3.91052316406715e-17,3.80968388497224e-18,5.53197879091998e-17,-1.5223036314566e-16,-4.60430742384084e-17,-1.1956179292593e-16,3.53452580415749e-11,3.46467702960463e-16,-1.85750386564017e-17,-1.25910711327032e-16,-9.22166669832778e-17,1.8921465855269e-16,-1.27072552179816e-16,-6.19001421309877e-17,-3.43907466457397e-17,5.84696827329097e-17,-1.86079482835256e-16,5.59964649799567e-18,-8.70567007838473e-19,-1.14720528695287e-16,1.79254484650203e-10,-3.71715767980165e-17,5.82246025046568e-17,-4.69242554845094e-17,-2.78368907785653e-16,-5.40847163851267e-10,-1.4047114404112e-16,5.80238164625894e-17,2.72574034376294e-18,2.20989192422614e-18,-5.34806715770917e-18,7.78203092221479e-17,7.07872188402054e-17,3.14188714704605e-17,2.61955125963424e-17,-4.030706883752e-17,1.39979552732846e-17,7.90095949667713e-17,7.61440409912957e-17,-1.66673219639384e-18,-3.61211960075366e-17,3.37422220548644e-17,-1.80969466242731e-16
"t602",-0.0494314898267321,-0.0854322702555089,0.03029992344829,0.0450512715546368,0.00389295850621591,-0.00184916808050963,0.0104512639613993,0.000200883511324438,9.32603339689689e-05,-0.000421473626375036,-0.000262003914950303,0.0269803088035006,-0.0493185591812176,0.00914116552117331,0.00835194244003671,0.0122074191848598,0.00127609116735783,-0.0773498613507713,-8.65108360029753e-05,-3.13726850436893e-05,0.000379402081846121,0.000172050945039158,-0.000982595158343163,0.0199151179543289,-0.0603039361225575,-0.000134929146351452,0.000145241741896796,-0.000126305660036776,0.00184855405454592,1.10981697782908e-05,-8.35188553205326e-07,2.46500744031972e-06,-0.00179845489272758,-1.330692882167e-05,-1.48616621646895e-06,-2.35679401940342e-05,-0.0437456720586572,-5.32016103967993e-06,-2.95854952506444e-05,-4.66597542041071e-06,-0.000120574016391096,9.35284250869657e-06,-9.5424412990913e-05,5.60766598583297e-06,-0.000162712517727285,-2.30017735781982e-06,0.0925038358396185,0.000253896135472606,-9.60469823150124e-06,1.19858208532081e-05,-9.31918084300289e-05,4.04906540070552e-06,-5.55691097862911e-09,1.03412963615131e-05,-3.68387349445944e-07,3.6139845310341e-06,-1.09514885694461e-08,-9.56572881102104e-07,3.89053358714736e-07,-1.70550968988867e-06,-2.23073029032253e-06,3.99689256446182e-07,-1.44634478624418e-05,7.88612405818484e-06,-6.63690339242307e-07,2.92195009513324e-05,-1.39847317623196e-07,5.49306477930947e-06,-1.57792757642437e-05,6.78354734098372e-06,-0.000329724933738852,7.49335188061806e-05,-5.15010699140328e-06,-0.145810443853871,-0.199357966205778,-1.4140821557605e-07,0.000702508460539591,-6.99040753358068e-06,1.06884018733069e-05,9.59584527648628e-06,-1.80202059636343e-06,-2.43575562891248e-05,9.25369062466837e-07,1.60236763994675e-06,2.81415743794766e-06,0.00200912848920594,0.000188201178492478,2.50609264281638e-06,7.70215708859833e-07,-0.000174565185392883,2.97102527568769e-06,-2.43022965087328e-07,-2.1060354013403e-06,0.000367646314281406,2.66926599624711e-08,-1.07484489442378e-06,-0.000230376546277327,-4.1954395493837e-06,5.86084675200271e-06,1.05819154250453e-06,2.13647305471542e-07,-0.00162894795874215,8.11577696228631e-09,1.45924649540706e-06,-1.54050563236384e-06,0.0756531052412958,5.16417472055914e-05,-1.78802533643478e-05,4.71189059758847e-06,-8.29336885521556e-07,-3.37848640760338e-06,-5.64789636394436e-06,9.21387053483374e-06,-4.99718984781932e-06,2.36250802653105e-08,-7.8807907826285e-07,1.09987217888585e-06,-1.0188047200723e-06,9.25441336915317e-07,-2.12126154405918e-06,7.65021214340186e-06,-1.67127199596797e-06,1.52365429285421e-06,4.18207723257006e-06,-1.35702190865571e-06,1.29353317830977e-05,-1.31617062687755e-06,4.38093612251623e-07,-4.65976041615269e-06,-0.000173128584621697,0.0213702343349872,1.69026647388314e-06,-0.000375982852653922,1.23169816535185e-07,2.46702375212777e-09,1.02358358145789e-08,-1.55982124332801e-11,-9.83309178967277e-08,9.3468153958077e-08,-2.74817142251487e-07,-1.99291391247014e-08,-8.19756888876142e-07,1.75739020606459e-07,1.16033598164082e-08,3.66232650211968e-08,-2.88055127372602e-09,-1.92996006203601e-07,4.01548093716306e-08,2.82185110555477e-09,-8.13670075715172e-09,-1.27999787658038e-06,-4.04614785697353e-08,-8.98003576472367e-07,3.49860240022665e-07,-1.5057380159695e-07,-1.40389973602282e-08,2.21347019070343e-07,-0.00387580237988202,2.3457589282575e-07,6.42082554623603e-08,-0.00060131028384167,-9.28600310448005e-07,1.85422259598611e-07,3.51682288093809e-05,-1.79072427697376e-06,8.06962125002855e-06,-4.36992835678714e-07,-7.34230608216992e-09,-3.63459440668573e-07,-4.53578715659172e-07,7.80451401500967e-06,7.65399102092615e-07,-8.07110483882856e-08,-2.74175560223435e-08,-6.66045988085692e-07,-8.99074088409174e-09,-5.59476979111212e-08,1.56983608310556e-07,2.99745900495746e-08,4.32469164396428e-07,8.32009118527226e-08,5.14264299868761e-06,-1.14950316686998e-07,-0.00315382175727798,-3.13161226599448e-08,-0.102647491083,7.20492939784239e-06,-2.60866919523033e-07,-1.14905571675453e-06,8.47574191539963e-06,1.8088647574598e-08,-2.76702295568794e-08,-1.05229200858728e-07,-0.0222677400407129,-1.3649008977515e-08,1.66084252695465e-08,2.93391686221771e-08,1.35338293319045e-07,-1.51012750503838e-08,-3.94055006318621e-09,-3.8120799709573e-09,-4.49397704302716e-07,4.04894578000952e-11,-2.57452862445927e-05,4.75812342460462e-08,-6.7248377444524e-07,2.31716624074591e-08,1.19947624433944e-06,-5.99562767628138e-07,-0.205456597773581,4.91267033435262e-06,-1.37375374497108e-05,4.16129538012978e-05,1.00623940023983e-07,6.39840586076811e-08,7.52122769117032e-08,-9.04834749893183e-08,-7.5468311176647e-09,1.13101856783429e-08,4.9487586709169e-08,2.58467579540641e-07,-1.76374837466754e-06,-6.54065133056735e-08,-2.02604874429459e-07,4.5299445959436e-08,2.25698150905221e-08,2.36613872431962e-07,1.41902118358916e-08,2.03875560162637e-08,1.46761082191745e-08,-2.9791391578703e-07,-9.37067394182217e-08,-4.29782441002038e-09,-7.0932028738817e-09,3.29839222519906e-10,4.9761346171105e-09,2.35143648035123e-08,9.20877971202012e-17,3.06607977748784e-09,-2.23678375511297e-07,5.07540537307153e-09,7.54095701023418e-08,1.00761345083154e-08,-1.19030486194421e-08,1.2443375842905e-09,-4.1138370322753e-08,8.95843564599904e-11,-4.58320162995796e-12,9.5025159566017e-09,-4.98176811170439e-09,1.06117151702541e-10,-1.16938790594986e-08,-1.74401929182966e-10,1.35178269180643e-09,-1.51218906943888e-10,0.000433172258289971,-0.000191883932699031,-7.83271326398475e-08,2.205573759362e-09,-5.18184290447328e-10,1.36277670734933e-08,-2.77567738022094e-09,3.2053080093956e-07,-2.75051587618368e-07,1.87957571620195e-09,-6.4822558346101e-10,1.89554606899497e-05,3.90783202024392e-07,-3.06361511408702e-05,3.23698631454502e-10,1.87311654849516e-10,-5.78711293012861e-10,8.2800484775208e-08,-8.73222501279909e-08,2.00703792808352e-08,-4.41578771225451e-07,2.21100061587462e-07,-4.19903297580872e-06,4.00120040694062e-08,-2.38052038971203e-08,8.16292977126372e-09,1.1752312535988e-16,-2.09655208391969e-08,-7.22245790667183e-10,-1.67110684355281e-09,-3.46484188061054e-06,1.11322098122621e-09,-7.01168189069704e-10,-1.65187835884829e-08,2.05204315723924e-09,-1.64421226946124e-08,4.31346566763223e-08,1.62117650108483e-09,-1.56127957999561e-09,2.04951083776735e-08,-2.51275565261711e-08,2.16202216841934e-06,-1.3670017822956e-08,1.66481635934922e-07,8.36128755051306e-10,7.21639628595369e-09,4.097681558391e-08,-8.57035003765807e-07,0.0110193155585546,3.95784696832834e-09,2.04908967486552e-08,-8.62703022733027e-08,8.35566491541492e-09,7.66926427845776e-09,6.00920796885636e-08,-1.64406930222534e-07,-8.7028636324126e-09,1.19377561841252e-07,-5.10985773464614e-08,1.28714897491642e-09,1.23619636936553e-08,-2.5682218807762e-08,3.38543439260552e-18,1.36672424768498e-10,3.23463229502936e-05,-5.91909503987837e-08,4.38255220168389e-08,6.29503423972535e-08,1.20101301230263e-08,3.01996133235782e-08,-4.89183612119166e-07,2.32547085091976e-07,-2.93240039536718e-17,-5.64471587463458e-07,-9.66850898723341e-09,-2.48895117859173e-07,0.0290455994204452,-8.57001279233653e-08,3.62021457837915e-09,8.82345586844067e-08,-1.85310622060608e-08,6.48432891617853e-07,-5.6511936741507e-08,9.63352717213966e-09,1.58649460923919e-08,7.92816849085088e-10,7.1080001869746e-10,1.34271067736943e-08,-2.81068034652318e-06,1.27377662682745e-08,-7.74077564529258e-18,1.79034519455191e-07,-1.3011408055803e-08,-5.98410894395818e-10,-2.63463298922512e-09,1.19478278985476e-08,1.63106319112778e-08,-8.64776277463492e-08,6.54787021859295e-07,1.03370298791587e-09,5.60504499489828e-16,1.71953116446939e-09,1.0098393227316e-06,1.68006052820041e-09,8.88553148075179e-17,-2.47681322209728e-09,-2.33639860275982e-08,3.44195463984904e-09,1.6994802474219e-09,4.95602467725953e-10,2.3773011852015e-10,7.75852941748769e-09,-1.60321901637705e-10,-1.6443153608916e-09,-8.87662431060094e-06,-8.3028990790662e-11,-7.73395213021858e-10,4.19135920125556e-17,-6.45782418292604e-10,3.75847652968914e-10,3.43116291859853e-09,-4.89053514630178e-10,-1.80889476047632e-18,-7.39995947474794e-10,1.27990156293485e-09,-4.8783439846534e-10,-4.51075484437763e-10,-1.19180308508288e-09,9.45143546687486e-09,-1.97820015127146e-08,3.23854280256724e-09,-1.87221791983563e-16,1.29089442719099e-08,-1.73274829406371e-08,7.77324256970466e-08,1.65013378430306e-08,-1.67885863822957e-09,-1.13166469524062e-11,4.81385764583564e-16,2.04660312587618e-16,-1.11596743265802e-11,-1.00823697154947e-08,1.33149603554513e-09,-1.94964414907864e-09,1.16559072934459e-16,-9.4299715315988e-10,-1.11996829521804e-11,-7.32334063104465e-17,7.58532362349556e-17,9.13707569675844e-17,2.39431688951723e-09,7.06225699334448e-09,-1.02037464327567e-08,6.02792941016819e-09,3.00634383731275e-09,6.84902294245346e-09,-3.79624636175042e-06,8.17876364096461e-17,-1.4585018645211e-08,1.07925883936089e-08,6.74673913620016e-16,6.99785718229331e-17,-3.38401473150754e-07,-4.89252343007333e-13,-3.64737459441089e-09,2.79832722192594e-09,3.39568424802001e-09,-1.81378578792829e-10,-3.96298178174486e-17,-6.04047575141872e-10,6.1502165664837e-18,-1.99809327061964e-09,9.66376501390642e-16,-3.54724439875962e-09,8.488699285145e-17,2.68448836188210e-09,3.68794452469208e-09,1.98945067829562e-10,2.54981145491961e-09,1.38385116020682e-08,-9.47911326549741e-10,9.12897269142073e-09,2.51796388499311e-10,1.2233814484412e-09,1.08006594492763e-10,1.56641949067699e-09,-9.22275738088327e-06,-6.83467991800836e-10,-4.8423618259012e-11,-1.05863171974882e-09,6.92584684365437e-19,3.3430465447783e-07,-1.02757273311743e-07,-1.47123885382592e-10,-1.72016721722867e-16,-2.81362277011536e-11,-1.15579165105792e-09,-4.92098055556374e-09,-4.88826041645089e-16,1.73181478015271e-06,8.12335423402136e-10,1.13651550640369e-16,1.20025280774706e-09,-3.22834546256522e-08,2.36603138975061e-16,4.04393198142047e-17,3.75957779519832e-06,1.12065173239147e-09,6.96050950733125e-12,1.07019815265242e-08,-6.1766893740766e-09,-0.000288364792599568,-3.00189826292962e-10,-1.34020090251411e-08,2.7897752856485e-08,4.69600486968647e-15,-6.81694434197321e-10,-4.30834688767935e-11,-1.24096290312357e-10,-1.22222877058751e-08,-9.87352180681127e-17,-1.02906666682127e-16,-4.3101408356059e-09,-9.74033418702439e-16,2.17249662573083e-15,-4.22655020157365e-08,5.12503980025392e-08,1.05022175808614e-07,6.92125525974869e-10,-3.25613338376367e-06,-2.25773893689557e-08,-2.01825950847497e-09,2.25565049430027e-15,-7.66008948754644e-09,-3.95206742191611e-10,-1.87625025762227e-09,8.22041860795974e-06,-1.44745874174795e-06,6.40710052257583e-16,1.21685374295769e-15,-5.39655022288717e-15,2.6796907397145e-08,2.90548095532976e-07,1.65327815521633e-07,-5.00094211624692e-15,0.416713313169116,-7.1294160242492e-15,-3.73697278748913e-15,9.94444769551033e-07,-2.16142779507047e-08,5.52531111142063e-15,-4.53492112257397e-08,-0.000366345120528611,-3.03556029907002e-15,5.30695560727071e-08,-1.39449426172738e-15,1.24884678310682e-08,-2.50562949525934e-16,1.23342311066999e-08,1.05954840253742e-07,1.36991411738456e-06,3.53528632400553e-09,2.36676727561799e-08,-7.5504760105419e-08,2.74634205625741e-08,-4.28133431420172e-16,1.15794257466924e-06,-1.03654509378524e-07,6.65636279188717e-16,-8.48735577100991e-09,-2.45839555775044e-08,3.92846433215364e-08,4.05005735216707e-15,1.8005675650934e-08,3.2232352670144e-05,1.1419404402514e-16,-5.72580694391664e-08,-1.27195774352005e-08,-0.000187952419189038,2.32486956861484e-16,-1.66359480115571e-16,1.21251585024388e-08,3.77739102747809e-09,3.06926238826405e-10,-4.09103925185159e-08,2.83367659350774e-09,4.64635202836852e-16,-2.84084537158838e-15,1.07960404552462e-08,7.48501490708824e-11,9.26450202416006e-16,2.86604705311501e-08,-1.51690646874729e-15,1.82412418709088e-07,-7.52405745138346e-09,-4.47774316681095e-09,-3.21107823667987e-08,-7.91449922598029e-14,1.29377825908054e-15,-6.63185546251789e-15,-4.04182920994495e-14,-0.406415831897206,5.64535231155303e-07,7.58472129733034e-15,1.1093794110762e-14,-6.15750625973539e-15,-2.49747155161461e-07,-1.00938488736895e-09,4.63326182429613e-08,-4.59724352349506e-15,9.00433970007358e-15,9.41353115249677e-15,4.3498912220666e-08,-1.4049859711048e-08,1.53402594561145e-15,-9.10163562007362e-10,9.60875005390072e-07,3.24919558519174e-16,-5.38720711041745e-16,9.13514587835419e-10,8.700803275404e-12,2.08341247449735e-10,-4.86006169278998e-16,9.04984647324294e-11,3.4759283257631e-10,6.51479470267486e-10,-8.80856147333686e-10,-3.37776346658283e-09,3.23258838541774e-10,-5.12156745066567e-16,-1.5572444960455e-16,-1.33668326085225e-16,9.01462391754207e-09,-1.30358309033611e-08,-4.59627907036181e-10,-4.07681288039422e-10,1.3503687556252e-15,-2.62353571519788e-15,-3.98177534045223e-17,2.53314490111446e-15,-1.24120809055755e-15,5.50081597913465e-08,2.2053122565954e-15,-1.34365341146684e-15,-3.53437314967501e-10,-2.15556385407764e-16,-3.16823163745224e-10,-3.36618617819996e-16,-3.93694085483041e-10,-1.88564328902348e-15,-4.96468486402851e-10,-6.26716365564677e-11,-4.00573997151712e-08,3.22324414596206e-15,2.06668996629969e-09,-1.89615694448569e-15,3.01773422766961e-09,-1.41846435222312e-07,3.03372659789657e-11,-5.24643390713212e-15,4.48285066343551e-09,-8.13970625450242e-15,-1.12204427688841e-09,-6.33879298316222e-09,3.68017199743125e-14,-1.64157241137249e-14,4.43192803401962e-14,-0.707106781136463,-2.17319001020829e-11,-2.82592946691444e-10,-6.34642912081134e-11,-2.75661388473097e-15,4.03565786191467e-15,-0.000171452642835596,3.03987144085333e-08,-1.20004543261029e-14,-2.50538708006943e-15,-2.96744520574826e-10,-7.07871449725229e-16,-2.1164884190939e-09,-1.42352430171211e-15,2.03495622808869e-08,1.04960551095189e-15,6.64312597186277e-16,1.15437129115861e-15,2.6604702453314e-15,-8.98927588924122e-16,1.23162776813766e-15,2.83625079600011e-09,-1.98528382108234e-08,5.18157014411457e-16,-1.96077215015878e-09,7.58064898593785e-09,3.52082957874837e-16,2.61760564984209e-15,-9.12666985030176e-16,-7.46779843476117e-16,8.8769141509827e-10,1.62416394146994e-10,2.57497246468483e-15,8.4962223113641e-16,-2.95723146062029e-09,-1.23920534875916e-08,-0.0431314560004602,-4.15641965218842e-15,-7.54782976373611e-16,-1.6501360910254e-16,7.64047919375472e-16,8.15139321571201e-16,-6.98666783608097e-16,2.30039693723632e-09,-2.20210643849411e-09,-4.2774179955273e-10,-3.66437844760681e-16,1.03001665076927e-15,-4.19433239333009e-16,-1.80587470135105e-15,2.41629182977861e-15,2.66671747133881e-17,5.13505551463377e-16,-3.4506527898476e-16,-2.42086969696018e-16,1.11189268234031e-15,-9.54494841199641e-16,-5.7900158713734e-16,2.54364368379501e-16,-8.62289325236756e-16,1.74619064474427e-09,2.51194374409473e-16,-8.60430815623802e-17,-7.54762939759002e-13,3.94916533012427e-08,-4.33298615053439e-11,-2.89576653391972e-16,-6.42017193823789e-10,3.63335755470233e-08,-6.92922220288693e-17,4.06973958810795e-16,-6.41269900309354e-09,1.76375900203239e-17,9.05055137098695e-10,-2.15993743648549e-16,5.60516974844983e-18,-3.48770466074714e-17,2.95765940445533e-16,8.12830885374179e-11,-1.11675947735648e-08,2.59141970143649e-16,-3.24079428073815e-18,1.25273173677848e-16,6.61566539754638e-17,8.39280901721029e-16,5.92353047053318e-18,-2.71319216192915e-16,2.12750339047691e-16,9.47937551655053e-10,1.78199357187441e-16,2.66446499887305e-17,-1.24371158036492e-16,-3.03147097431897e-16,-3.68995597936782e-17,3.8800532467756e-16,-2.71755367655714e-09,2.44646997651837e-16,-4.09140981513428e-16,2.02742213780843e-09,7.2229491646461e-17,-1.29518938927104e-16,1.1977923306451e-17,-2.77349432326707e-16,5.95860621558823e-07,-3.30849081946908e-17,-1.25781253552766e-09,3.1850494035112e-16,3.71599200259676e-16,-4.97264074315528e-17,-6.6903956130065e-18,-1.91388262331773e-16,2.33678381695542e-16,4.5560361567286e-11,6.73306431558657e-16,1.6013568754141e-16,1.7774548165352e-09,-5.69790073177598e-09,-1.69831082581335e-16,3.99724909806058e-09,5.85708023665134e-10,-2.81231159080331e-16,-4.83920013581947e-16,4.24938944423841e-16,2.93849614901628e-12,3.30892312672155e-16,-9.8998617373875e-10,5.31028106611643e-17,3.21018463184976e-16,7.6895865718333e-17,3.96952930635182e-10,9.61076693234887e-17,8.73183841983152e-18,-5.2105252156149e-18,-5.62609984898917e-16,-1.81238215210022e-10,-2.88277782488633e-17,1.27602417228348e-05,2.57394279185738e-16,1.06125193290563e-16,6.40985632047524e-17,-1.86415845822808e-16,-2.17952116773259e-16,1.71506651330653e-16,-2.0630820237724e-16,-6.55116177325801e-09,3.40312439431874e-16,-9.17510666358896e-17,4.38077555275731e-09,2.17817844860814e-16,-7.5918187760377e-17,5.71288461179393e-17,-3.30049006067326e-17,-2.64858477949963e-17,-5.10515262912231e-17,-2.90190640248225e-09,-1.31435296432951e-16,5.40912961495118e-17,9.48623560164794e-09,6.61418922928301e-18,1.91699719895663e-16,-1.18530306869e-16,-6.40508370180444e-17,2.08330257723073e-16,7.24020987822848e-19,9.94653390625062e-17,-1.33597905380678e-17,1.71715003536207e-16,-3.63375622314023e-17,4.28300008270705e-16,-4.99402140214212e-09,1.04239732335564e-08,1.64837305591545e-16,-9.46028306359828e-17,-1.55906771077431e-16,-2.43888269807411e-16,-9.54097911787244e-18,-9.20389780226725e-17,-2.645554336231e-16,-1.34109323277769e-16,-1.3121467601425e-10,5.25582408170245e-17,-1.5019326412387e-16,-1.48587982383414e-16,2.01928327325962e-16,1.68334164932724e-10,1.73197470921124e-16,-1.84513267675678e-10,1.74293859767095e-16,8.31062240667378e-17,2.32077230136901e-17,8.84425408439198e-17,-8.16909048654678e-17,3.57885849713603e-17,-1.47197492836373e-16,-8.77852992000846e-18,6.91346880247204e-17,5.97171225125191e-17,6.26093055360555e-17,-2.69222608547858e-16,3.24776961661452e-17,-6.44904555503101e-17,-3.50295649981742e-17,-1.59798559157894e-16,-1.13437306518086e-16,-1.0957593303923e-16,-1.90211359409851e-18,1.02319099857967e-17,9.92587088910479e-17,6.82962587705788e-17,-1.02296004514511e-16,6.43825394154652e-17,1.26024652814607e-17,1.28264678690578e-11,2.15497772193306e-16,5.00133897416807e-17,3.99138147294666e-17,-2.24973778987563e-16,-4.75038240936634e-17,1.48124613986303e-16,2.19808807191054e-16,2.28230460729152e-16,-8.46717102790229e-18,-4.51715501881953e-17,8.01767506553031e-17,-1.89673548106498e-16,-1.76472273558768e-16,7.50482761538179e-17,5.04969096873988e-18,8.04669032536868e-17,-1.00215874006342e-16,-1.65941625740961e-10,-2.25321489687431e-17,-1.30807698165537e-17,-2.35522046287368e-17,1.83778226559528e-17,-2.17609260789894e-16,2.02992775422578e-17,-1.39564295716412e-18,-7.40549339056199e-17,8.89892776176621e-17,3.53452674788162e-11,5.153760698998e-17,-1.10297267834595e-16,-9.9948078462429e-17,2.66643475355502e-17,2.88799852807363e-17,1.27281605683301e-17,-3.67675762790721e-17,-4.71331492445107e-17,4.11034111813011e-17,-5.67123723795075e-17,-2.51657908014664e-17,-4.78457995955165e-17,-3.21423693786386e-17,1.79254479861083e-10,-4.09542113661683e-17,4.22960345507324e-17,-2.45173042175497e-16,-3.91342774158643e-16,-5.40847245645536e-10,-1.51482796465955e-16,1.61268837939621e-18,-3.4755487330258e-17,6.85720721163001e-17,6.68677754511365e-17,8.82912286947194e-17,1.23744080772653e-16,1.16751551960314e-17,6.14267747708448e-18,-6.19897510589555e-17,1.13121130715031e-17,1.4817040980817e-16,3.28701967044996e-17,7.86263642812223e-19,1.63816382984348e-17,5.64958290870926e-17,-2.07832361249047e-16
"t841",-0.0477535451215333,-0.0792716807300216,0.0280431770372428,0.0405295205351327,0.00341220318213089,-0.00157998839256797,0.0088990437606019,0.000168591008611316,7.54386694948646e-05,-0.000322904138781627,-0.00018311235689407,0.0167993233724582,-0.0301118339901536,0.00552205231125625,0.00488628322774417,0.00680971069640473,0.000696817186944685,-0.0415257655183969,-4.54029231547156e-05,-1.50017671107569e-05,0.000162786996570823,4.94146589669477e-05,-0.000234109819471172,0.00463834238071695,-0.0138208669971618,-2.47320259235849e-05,2.48600937841733e-05,-2.04345557967302e-05,0.000246199937579985,-8.87233927628834e-07,1.52030959646573e-07,-6.43805184316182e-07,0.000723660341752769,6.7930547594738e-06,9.55221532351915e-07,2.09742024381015e-05,0.0409821968640699,5.3123706025525e-06,3.03600801759735e-05,5.08111806563626e-06,0.00014712981250871,-1.25716970517353e-05,0.00013623836107258,-8.0461820923385e-06,0.000250731980533397,4.62814442461517e-06,-0.202493016443687,-0.000578674833719907,2.45856835561004e-05,-3.50148203378433e-05,0.000329513656318997,-1.57719845700364e-05,2.19655003713768e-08,-4.66079863546427e-05,2.24213626809629e-06,-2.3177940126573e-05,7.13522239082742e-07,-4.56244072506487e-05,1.5397660633217e-05,-1.50103150544196e-05,-1.2257625832665e-05,1.84146604537718e-06,-5.87175087631463e-05,3.10679607095381e-05,-2.12921556939549e-06,7.94554308549418e-05,-2.73349223550374e-07,9.31802534222737e-06,-2.50692843998996e-05,9.56580704834075e-06,-0.000223029381489634,1.75649117705828e-05,-8.72430455573565e-07,-0.00510095854491245,-0.00358825426570273,5.79872747568703e-09,-4.54716197299637e-05,1.2869277656822e-06,-5.22894352762492e-06,-6.14957881360456e-06,1.78635695461762e-06,2.66825743414391e-05,-3.26180567960972e-06,-2.05331430614636e-05,1.52209902520398e-06,0.000494687019891639,8.37115108552822e-06,4.35951727838926e-08,8.10728200703980e-09,1.11466400693253e-06,-1.87855322113517e-07,1.03500912490247e-07,9.46808523960661e-07,-0.000214860371128938,-1.97580765309472e-08,8.13161128362797e-07,0.000174454121108573,3.31565508937128e-06,-4.685819221825e-06,-8.66151890887257e-07,-1.73902591850101e-07,0.00132370706601969,-6.58102427145922e-09,-6.68945301188222e-07,6.21479356900947e-07,-0.0269998131093387,-1.37148420524229e-05,4.25583325391939e-06,-8.80477255782977e-07,8.57989956833565e-08,2.52231328714577e-07,-6.44584333309022e-07,1.27903505495852e-06,-4.10544292101139e-06,2.38050326918956e-08,-1.1639269330221e-06,1.89010393169989e-06,-2.54645208533343e-06,3.18965379171384e-06,-9.16225772140358e-06,3.7379868905874e-05,-1.22430930690263e-05,1.4287424916894e-05,3.95782514629316e-05,-1.32919117084884e-05,0.000160284631687028,-1.66130296824283e-05,6.58581818341337e-06,-3.66407333184881e-05,-0.00125847527167206,0.0412284098236477,-0.000628156925576631,0.316533849201358,-0.000215263115226218,1.56823369833749e-05,6.54634240222077e-05,-1.57930522625065e-07,-7.27070711132004e-05,1.57809839953877e-05,-4.49945744874864e-05,-2.72867213924629e-06,-0.000102922245988528,1.92987477655339e-05,1.21261721937044e-06,3.82482232096127e-06,-2.1544050842906e-07,-7.9424746023759e-06,9.09680852283642e-07,5.44183285604551e-08,-1.05163127357095e-07,-1.59603290939272e-05,-4.19529146111372e-07,-8.25322006220618e-06,2.76250233867445e-06,3.89770860182941e-07,5.84898089831411e-08,-1.17063244133037e-06,0.218693962873269,-3.15555975414157e-05,-1.07461896289397e-05,-0.346477077820459,-0.000284448289302104,1.46531498027173e-05,0.00255070967292939,-7.79299847695897e-05,0.000250445328631763,-6.85076898934841e-06,-1.12777062336243e-07,-5.55358773480896e-06,-6.4114143351078e-06,0.000100885053032541,9.76852421259219e-06,-8.66085038278239e-07,-2.78709993042277e-07,-6.02168997241939e-06,-7.8964623785079e-08,-4.84128096023543e-07,1.02668029651318e-06,1.47270563811626e-07,2.04142104740018e-06,3.81448585670234e-07,2.55969729323627e-05,-7.80295037992241e-07,-0.413797014874485,8.95696225523957e-08,-0.00180505203153856,-1.50341854914303e-07,3.32134537583558e-07,1.52106183509072e-06,-1.56440256618081e-05,-6.06026859483874e-08,1.28131175035311e-07,5.2832878489656e-07,0.000173636497564075,9.75461689227474e-08,-1.47841140902104e-07,-2.75914791564503e-07,-1.43288546867365e-06,1.69902024121039e-07,7.70305404329981e-08,7.70238805653756e-08,1.3059385713428e-05,-2.1660528007079e-09,-0.000793348687605678,1.45163411280702e-06,-1.69749123877137e-05,3.55417389276446e-07,1.34479570302522e-05,-2.76404223397043e-06,-0.00090197038815413,-1.2624878940036e-05,4.47239235257695e-05,-0.000248746116925727,-7.37135779547042e-07,-4.70936868447427e-07,-6.29146532006837e-07,9.80401213629152e-07,8.5326974010288e-08,-1.56754474896609e-07,-7.77261328087081e-07,-4.23057088943475e-06,3.39732522722818e-05,1.30802963583087e-06,4.22033857103364e-06,-1.06696414428294e-06,-5.44887486272684e-07,-5.7470782468645e-06,-3.94119567186348e-07,-6.14926855976286e-07,-4.86057643429289e-07,1.0302815485279e-05,3.39141427940455e-06,1.62426647304698e-07,2.71414399792733e-07,-1.41979081579577e-08,-2.31307089811227e-07,-1.19236063282121e-06,-1.6497766436199e-18,-1.77599356579198e-07,1.33239303424545e-05,-3.72762888216978e-07,-6.67407203188128e-06,-1.06502693977856e-06,1.27271989706018e-06,-2.04490803155397e-07,7.41178234131093e-06,-1.68858952924464e-08,1.10638741297443e-09,-2.82515571338838e-06,2.5533580658567e-06,-7.99780403355358e-08,1.0935972892561e-05,-5.06266670531658e-07,1.89215651215367e-07,-1.24760841558214e-08,0.00232290015717895,-0.00203656553592642,6.58722149691965e-06,2.51649573011385e-07,-4.88915571356071e-08,1.0775191244321e-06,-2.09693082152834e-07,2.31724077012004e-05,-1.88018132666347e-05,1.19255471180245e-07,-4.08019148557145e-08,4.55209926123613e-05,2.10899800158573e-05,-0.00164223599700791,1.66842011663633e-08,9.52633782493798e-09,-2.82542497829713e-08,4.01293694992756e-06,-3.43916557496093e-06,7.7480797007781e-07,-1.67839345954838e-05,8.1169858791151e-06,-0.000150066236528476,1.34928597005207e-06,-7.89798269355689e-07,2.67407631696375e-07,8.26414971608774e-17,-6.5818079016616e-07,-2.25497337707173e-08,-5.12596206938688e-08,-0.000102022831775005,3.16791457669816e-08,-1.96381898557358e-08,-4.59054357064951e-07,5.17140498134287e-08,-4.11818297112293e-07,1.07858117095063e-06,3.94217537069747e-08,-3.51002630140628e-08,4.54558074982303e-07,-5.52063044904866e-07,4.60378507381602e-05,-2.57130322140608e-07,2.95865846801345e-06,1.4808119365253e-08,1.27672780763801e-07,6.0686519619106e-07,-5.00084309337001e-06,0.000403966959549767,-4.46298343959315e-07,5.98283216026564e-07,-2.16784530865776e-06,1.3498658299616e-07,1.21841190744194e-07,9.27599723938986e-07,-2.49132851284239e-06,-1.24716347988417e-07,1.61768139514221e-06,-6.59555743113458e-07,1.62736322647769e-08,1.50966671111489e-07,-2.91411935073651e-07,3.38076079861279e-17,8.90330725373975e-10,0.000194725964375109,-3.11666075907162e-07,2.29768335323757e-07,3.28529846418812e-07,6.0416620131546e-08,1.41075788078963e-07,-2.07298882288656e-06,7.74710612154394e-07,4.8753744562358e-17,-6.18476552252152e-07,-7.73328809703531e-09,-3.74839478189747e-08,0.00208241207169789,1.40751362605344e-07,-9.62540463901862e-09,-3.70149406347382e-07,9.8749132014939e-08,-5.20983829756773e-06,6.15794135366314e-07,-1.24813398713819e-07,-2.25442654416392e-07,-1.19137127570806e-08,-1.17690939177806e-08,-2.24672484507883e-07,5.02892709082392e-05,-2.39902446024096e-07,2.17114835578009e-17,-4.88479744665364e-06,3.82948301831399e-07,1.76254007478256e-08,9.63992048002346e-08,-4.51932926657096e-07,-9.45775898848934e-07,5.72740340872288e-06,-4.45580515266632e-05,-7.81827408863173e-08,3.7781696623846e-17,-1.477235501507e-07,-9.11681318360164e-05,-1.84970263074479e-07,4.52763799343079e-17,3.48491960560623e-07,3.50455007521398e-06,-5.34290032859123e-07,-2.83917857521896e-07,-9.45019885855948e-08,-5.05034288664703e-08,-1.80450853419917e-06,5.03389835118661e-08,5.35428098191715e-07,0.00046154456230088,1.07568985924857e-07,1.0849334501624e-06,-4.60209387905989e-17,-4.28321260342465e-07,2.00822386915292e-07,1.29606050745499e-06,-1.30097253589785e-07,4.65423748651958e-17,-1.25177862899602e-07,1.60266121918114e-07,-5.53299835024243e-08,-4.91135936472779e-08,-1.24026639536106e-07,9.12776271888277e-07,-1.72711611108297e-06,2.37015779996885e-07,-1.00289359619655e-16,8.54243822051336e-07,-1.13860460346246e-06,5.03729962892643e-06,1.05060159486246e-06,-1.06752030519356e-07,-7.16275752342307e-10,1.02348685082632e-16,1.13630403730965e-16,-6.89492604522274e-10,-6.12024161172193e-07,8.06635768633169e-08,-1.16568779702759e-07,3.08537980927287e-16,-5.51733559034594e-08,-6.5089880371045e-10,-2.49921269702719e-16,1.07403276102773e-16,6.34039481529756e-17,1.37727522165327e-07,4.06164492657942e-07,-5.87586728624275e-07,3.4830534750841e-07,1.73806037893801e-07,3.98456566242308e-07,-0.000221050056350166,-9.83786700708668e-18,-8.67363483170999e-07,6.48307275354269e-07,1.19161938841386e-16,-1.6020100767991e-16,-2.14548637819523e-05,-3.15349683663599e-11,-2.41215551007519e-07,1.88584324873297e-07,2.3835826953226e-07,-1.28238267755436e-08,-2.9459774592943e-16,-4.31430780584265e-08,-3.5181679677196e-17,-1.47246157505068e-07,-3.99406527816504e-16,-2.68070949107141e-07,-1.11439604788201e-17,2.10079392794557e-07,2.90775856653683e-07,1.76057286812199e-08,2.32368433337143e-07,1.2774582052032e-06,-9.29825030454082e-08,9.51058274188395e-07,3.14550318018364e-08,1.53134434296796e-07,1.45907221771598e-08,2.58392983828405e-07,-0.00882176761708666,-7.27857212689611e-08,-8.02137523519479e-09,-2.04019783271874e-07,-4.46138084451423e-17,0.000106487186294307,-7.55544101014038e-05,3.70301472978947e-08,4.5320427058319e-14,4.94266664310704e-09,1.36254720221362e-07,5.04552419464283e-07,8.28539323821426e-17,-0.000166086101423795,-6.13217890876596e-08,8.26758513289316e-17,-8.14962994410309e-08,1.2791205990311e-06,1.16830013466624e-16,5.99746516370739e-17,-0.000790412646851031,-3.50023140482298e-08,-2.05704205757218e-10,-2.86907312128363e-07,8.0410962256907e-08,0.000405963322370292,2.07078861029976e-08,2.63469814558273e-07,-4.48031350118321e-07,8.36546679367292e-16,1.01939244959969e-08,6.36499443174661e-10,1.75729070643523e-09,1.6453320801815e-07,1.54502107399895e-17,4.02903730332117e-17,5.4154112516962e-08,-2.34320371089527e-16,9.02736414094527e-18,3.42293509494934e-07,-3.83500163758143e-07,-7.8455081695394e-07,-4.32299970430328e-09,1.98353395071118e-05,1.36796594557763e-07,1.18082875865783e-08,1.59944953252561e-16,2.98616368650966e-08,1.3973384166119e-09,6.41613191726341e-09,-2.35677922847995e-05,2.83282925719869e-06,7.44784822497208e-17,4.12153664733976e-18,2.33718591287436e-16,-2.24224600580341e-08,-1.19440999379924e-07,-6.28239699670977e-08,3.95261222062282e-17,-0.000146591246463861,1.87993065289254e-16,1.2274095654682e-16,1.42087626737186e-06,-3.12642082114138e-08,9.48310982691603e-16,-8.58964898283768e-08,-0.0040525504201642,-6.39625517317607e-17,9.9856560001385e-08,-1.4338998282859e-16,2.82195031765749e-08,-6.05221022774715e-17,2.82154030239097e-08,2.44628878690191e-07,3.19518385394686e-06,8.35954518482183e-09,5.76181246651821e-08,-2.01597809473467e-07,8.07403930618503e-08,-4.78258821120365e-17,3.69606402237625e-06,-3.33098151083507e-07,-1.66466029557564e-16,-2.75054525136213e-08,-8.0775905061813e-08,1.30468496915523e-07,8.17465209066233e-17,6.12944199611867e-08,0.000110021165912979,-8.75648060514122e-17,-1.95906837789266e-07,-4.35451203401935e-08,-3.97866208093021e-05,-3.78351611166619e-17,1.22958828543743e-17,4.08664302875819e-08,1.25178821358809e-08,1.01281811001479e-09,-1.12959712107411e-07,7.42168682046984e-09,8.03716052921075e-17,-2.66158051938133e-17,2.70945199288541e-08,1.86760431738103e-10,-8.02689789661623e-17,6.54770235283426e-08,4.12453933450406e-17,3.73766875744957e-07,-1.25281422172705e-08,-7.32001409390617e-09,-4.85274852503365e-08,-1.07082005832426e-13,6.8505017661464e-17,-5.2173403153453e-17,-1.11437689285197e-14,-6.63636806763557e-05,-9.35910845280583e-08,2.08952363064238e-17,1.21443912363108e-16,-1.14988098965327e-16,2.09801500238076e-07,1.18455662118701e-09,-1.03796056592116e-07,3.17278738537015e-18,6.95083706846351e-17,1.99793049400661e-16,-4.03735595415681e-07,1.36359230535339e-07,-1.92434596430347e-16,1.50330302241482e-08,-2.01840632005604e-05,2.36026948716679e-16,-5.39650203944498e-17,-3.91088175762135e-08,-4.00708973381297e-10,-1.93779610761711e-08,-2.52922255772773e-16,2.18036365931859e-08,3.1750908033101e-08,3.40642047295402e-08,-3.10455294586801e-08,-1.1057672537454e-07,9.41827550181908e-09,-1.33077750313592e-16,3.39295141827594e-16,-2.95995595482752e-16,1.78922646350447e-07,-2.57754840746358e-07,-8.81879185760712e-09,-6.93602468901103e-09,-1.26307879699172e-16,3.16679310960859e-17,3.458838133333e-17,4.84985319686057e-17,-2.59105147719754e-16,8.56990953386504e-07,-1.1003942882373e-16,-5.7264735438177e-17,-5.35654124353595e-09,-3.32215083171159e-17,-4.79498450755275e-09,6.67624057764998e-17,-5.94463460545400e-09,-7.79310367418016e-18,-7.19819255915351e-09,-9.00840628688534e-10,-5.68576549543473e-07,-2.90034357572951e-17,2.89115618562808e-08,6.95853110388928e-17,4.1022055823157e-08,-1.86674497334837e-06,3.98742609143736e-10,8.70376451395504e-17,5.82204445858005e-08,4.425213786373e-17,-1.43100721645093e-08,-8.07716765866293e-08,-2.81491972196556e-17,2.94123173161974e-17,-3.24849990551512e-16,-1.06100598272639e-14,-2.71168114539765e-10,-3.53130539201395e-09,-7.88587337712063e-10,1.32412695452236e-17,9.57627018811187e-17,-0.000136552998185608,4.63771612379025e-07,-1.1178090421344e-16,1.58800200271565e-18,-3.58923372461427e-09,-7.26387004518678e-17,-2.54374148366456e-08,-3.83411078724597e-16,2.40180264259972e-07,-9.41839291960228e-18,1.41677988355134e-16,-2.21210807488253e-17,2.39614958324029e-16,2.30545913233124e-16,-6.16197181328631e-16,3.19025772405811e-08,-2.23112855984161e-07,1.32820416213545e-17,-2.14181746341135e-08,8.14717149730991e-08,1.94702860314399e-16,-2.90037875598775e-17,8.66559296120697e-17,-4.44631798328574e-17,8.03174277606046e-09,1.2844591400496e-09,-5.83348423814725e-17,-4.75407498285268e-17,-1.45861015191347e-08,-5.20320157641909e-08,-1.27875800971739e-05,4.79475453236014e-18,7.52857480526715e-17,7.71150813146571e-17,2.22904350882697e-16,2.2078996119764e-16,-1.01823912895173e-16,3.07330655785137e-08,-2.90675817814986e-08,-5.58914620612569e-09,-2.34021174832961e-16,1.78939870135153e-16,2.8064940906191e-17,-3.38744878650014e-17,-1.66023976370965e-17,4.44567578787555e-16,-1.5707803402392e-16,5.26386196745484e-17,2.1585553282804e-17,-5.6707472831409e-17,-9.64224057284973e-17,-2.66932626806753e-16,1.0555116990026e-16,-1.19003979172238e-16,2.11715014632388e-08,9.53780457128495e-15,-6.18232625428958e-16,-2.14796889940876e-14,4.76450421662299e-07,-5.22197617497944e-10,2.47282029983924e-17,-7.73229473871412e-09,4.35281506159816e-07,6.46810285488538e-17,-2.04241909753912e-16,-7.63728417680154e-08,-1.01065897845314e-17,1.07099029812374e-08,-3.04182644843687e-16,1.75497133930331e-17,-1.05853277489788e-16,-1.91628407063708e-16,9.53452315602271e-10,-1.3092422824039e-07,-3.0969656638646e-16,9.45697457981244e-17,3.48485095570706e-16,-4.87978081249152e-16,2.15146368602592e-18,-9.30787209782568e-17,1.095459021216e-16,1.35039475057415e-16,1.08591375922044e-08,-7.82721951092082e-17,-3.51007246475707e-17,3.49656250981219e-16,3.05593061218196e-16,2.15597558925023e-16,1.37004303350858e-17,-3.10044823215426e-08,-1.56833697270081e-16,4.63121078162332e-17,2.31140118721822e-08,1.24371638005488e-16,-4.52920238323483e-16,-2.28861096110374e-16,3.38170119909386e-16,6.73882177056902e-06,-1.2471712420874e-16,-1.42057907664443e-08,6.02304394195383e-17,-9.00906566044983e-17,1.94627492674102e-17,-4.24402853901782e-16,1.02523708497163e-16,-3.93091848411576e-16,5.13172865865806e-10,-1.70303112261299e-16,1.73636956862146e-16,1.9980034689703e-08,-6.4042579992487e-08,-3.73178530252433e-17,4.4851411109502e-08,6.56851573142866e-09,-3.17447918286149e-16,-6.90097690559453e-16,1.36094192609653e-17,1.86341039415974e-15,3.82114115744998e-16,-1.10195272253055e-08,-1.01420005275256e-16,3.62557967904436e-16,5.0647352308696e-16,4.41029907265288e-09,-2.14731197335108e-16,4.78597140735266e-17,-1.18579671022042e-17,-2.71420264143519e-16,-2.00855913068276e-09,-3.21585658778198e-17,9.49077314021689e-06,-3.68168796922591e-16,2.10258048398161e-15,2.63288526336601e-16,8.05665304722414e-17,-3.79018777878447e-16,-3.01143156638661e-16,4.44167908679633e-17,-7.22928327454599e-08,1.52489020669605e-16,4.05991835327469e-16,4.82977845093926e-08,-6.34353618717559e-16,3.2368936257621e-16,4.35381611847192e-16,-4.76003625812017e-17,-3.85966344501443e-16,1.06634795978956e-16,-3.1902453455752e-08,-5.83157736656394e-16,2.45204263950028e-16,1.04157548495924e-07,-3.61495376201228e-16,-5.32973079805388e-16,3.50436639090126e-16,1.94189562348484e-16,-4.02164201628414e-19,-3.65126751465136e-16,5.40115801849804e-16,-3.1546195285326e-16,-1.09233773516855e-15,3.24394152484274e-16,3.12796664819305e-16,-5.45862226626752e-08,1.13876522050515e-07,2.54863110642139e-16,7.55720335648913e-16,9.0836026522352e-16,5.88473153224116e-18,1.18113662296929e-16,-8.3900785219068e-16,5.02228275626838e-16,1.64012327421406e-16,-1.42950883011687e-09,3.23700554883333e-17,-1.5273011094427e-16,8.09579471182532e-17,6.09674032791878e-16,1.8296849813089e-09,-9.80543784366759e-17,-2.00041434283363e-09,-3.13223877935132e-16,6.57202617264204e-16,-6.09438208032167e-16,-4.14221010988052e-16,-4.36817003851836e-16,5.62580869236053e-16,-2.74940806436027e-16,-2.19508769909933e-15,1.81082618371624e-15,8.79459947228355e-17,-1.9065492006845e-16,-2.15801268141519e-16,-3.79450299599037e-16,3.48019832176734e-16,1.29696313628072e-15,1.39807730307292e-15,-4.90595687283816e-16,-7.21285512489381e-16,-8.6597774292544e-16,1.62417989255682e-15,-4.00426355484998e-16,6.81133021716047e-16,1.5597433515925e-15,-4.92950642526737e-16,1.12924266707336e-15,1.37795138640768e-10,5.54877272068204e-15,-5.92209472473273e-15,1.34163768157151e-15,-6.12313684218169e-15,6.22849060074225e-16,0.707106781186547,-4.0637252683555e-14,-1.55203169369238e-15,3.68775408669453e-16,1.00104448907616e-14,4.35824878790292e-15,3.71246200918795e-15,-5.21686034094969e-15,3.98025872837475e-15,-2.76093051564667e-15,4.92654741144828e-16,3.72769590896525e-15,-1.77214531311847e-09,2.72295586889992e-15,2.76384392631621e-16,1.57021836538084e-16,3.84367275934678e-16,3.14585581218241e-16,2.89144176338035e-16,-7.0257766966368e-16,2.13540080182232e-16,-6.47293288358107e-16,3.75210921137569e-10,-8.36270260284634e-16,3.19388386046673e-17,1.35256013244014e-16,-5.88389033924968e-16,6.34845129922652e-16,2.99803203682228e-16,4.73059077828845e-17,-3.05352968869708e-17,-2.14434503259941e-16,-3.18486409400655e-17,-3.97611997451518e-17,-1.45163106081371e-16,1.38549478953973e-16,1.89173277525598e-09,-2.494485919888e-17,3.51508513570539e-18,1.23362575098379e-17,-8.08326929696568e-16,-5.69233091525861e-09,3.60247038242494e-17,-1.4843429323409e-16,-2.25238375981054e-16,1.73250629849603e-16,7.65425697309748e-17,-1.46132883486486e-18,1.46433058168974e-16,-5.83680167350634e-17,-9.33690949604292e-17,-1.97174346482319e-18,-2.38640637231465e-17,2.85634423986901e-17,-1.21625759794055e-16,-1.08576884225812e-19,1.44078631031882e-16,-8.06613802955975e-18,-2.05001196534543e-16
"t842",-0.0477535451215333,-0.0792716807300215,0.0280431770372428,0.0405295205351326,0.00341220318213089,-0.00157998839256797,0.00889904376060189,0.000168591008611323,7.54386694948658e-05,-0.000322904138781623,-0.000183112356894069,0.0167993233724581,-0.0301118339901536,0.00552205231125625,0.00488628322774417,0.00680971069640474,0.000696817186944697,-0.0415257655183969,-4.54029231547159e-05,-1.50017671107645e-05,0.000162786996570816,4.94146589669415e-05,-0.00023410981947117,0.00463834238071696,-0.0138208669971618,-2.47320259235927e-05,2.48600937841742e-05,-2.04345557967369e-05,0.000246199937579983,-8.87233927614726e-07,1.52030959644385e-07,-6.43805184322353e-07,0.000723660341752766,6.79305475947444e-06,9.55221532351711e-07,2.0974202438098e-05,0.0409821968640699,5.31237060255314e-06,3.03600801759787e-05,5.08111806563734e-06,0.000147129812508714,-1.25716970517279e-05,0.000136238361072576,-8.04618209234286e-06,0.000250731980533389,4.6281444246399e-06,-0.202493016443687,-0.000578674833719897,2.45856835561207e-05,-3.50148203378268e-05,0.000329513656318998,-1.577198457004e-05,2.19655003771313e-08,-4.6607986354635e-05,2.24213626808945e-06,-2.31779401265903e-05,7.13522239124912e-07,-4.56244072506473e-05,1.53976606332406e-05,-1.50103150544291e-05,-1.22576258326616e-05,1.84146604533453e-06,-5.87175087631033e-05,3.10679607096424e-05,-2.12921556942061e-06,7.94554308549459e-05,-2.73349223534616e-07,9.31802534225579e-06,-2.50692843999269e-05,9.56580704827832e-06,-0.000223029381489703,1.75649117706121e-05,-8.72430455556058e-07,-0.00510095854491249,-0.00358825426570266,5.79872744877643e-09,-4.54716197299484e-05,1.2869277656781e-06,-5.22894352760664e-06,-6.14957881361485e-06,1.78635695463998e-06,2.66825743414273e-05,-3.26180567960402e-06,-2.05331430615e-05,1.52209902517385e-06,0.000494687019891583,8.37115108552748e-06,4.35951726984508e-08,8.10728200494794e-09,1.11466400695405e-06,-1.87855322131297e-07,1.03500912569502e-07,9.46808523942293e-07,-0.00021486037112894,-1.97580765226036e-08,8.13161128389615e-07,0.000174454121108568,3.31565508937718e-06,-4.68581922182453e-06,-8.66151890894596e-07,-1.73902591854877e-07,0.00132370706601967,-6.58102426068321e-09,-6.68945301184203e-07,6.21479356970218e-07,-0.0269998131093387,-1.37148420524258e-05,4.25583325396247e-06,-8.80477255775472e-07,8.57989957023537e-08,2.52231328720832e-07,-6.44584333289918e-07,1.27903505500445e-06,-4.10544292102467e-06,2.38050327552968e-08,-1.16392693312334e-06,1.89010393173935e-06,-2.54645208534176e-06,3.1896537917282e-06,-9.16225772142632e-06,3.73798689058158e-05,-1.22430930690477e-05,1.42874249169081e-05,3.95782514629507e-05,-1.32919117084807e-05,0.000160284631687061,-1.66130296824924e-05,6.58581818343416e-06,-3.66407333185021e-05,-0.00125847527167206,0.0412284098236476,-0.000628156925576643,0.316533849201358,-0.00021526311522622,1.56823369831932e-05,6.54634240222085e-05,-1.57930522554738e-07,-7.27070711131617e-05,1.57809839952979e-05,-4.49945744874777e-05,-2.7286721392683e-06,-0.000102922245988592,1.92987477654978e-05,1.21261721936058e-06,3.82482232102101e-06,-2.15440508424186e-07,-7.94247460241821e-06,9.09680852257215e-07,5.44183285366724e-08,-1.05163127322098e-07,-1.59603290938132e-05,-4.19529146189559e-07,-8.25322006214225e-06,2.76250233871377e-06,3.89770860120099e-07,5.84898090533694e-08,-1.17063244131719e-06,0.218693962873269,-3.15555975414109e-05,-1.07461896289112e-05,-0.346477077820459,-0.00028444828930212,1.46531498027342e-05,0.0025507096729293,-7.79299847696906e-05,0.000250445328631809,-6.85076898938082e-06,-1.12777062333396e-07,-5.55358773477289e-06,-6.41141433508446e-06,0.000100885053032552,9.76852421255108e-06,-8.66085038241412e-07,-2.78709993041322e-07,-6.02168997242973e-06,-7.89646237709242e-08,-4.84128096042273e-07,1.02668029648733e-06,1.47270563768704e-07,2.04142104737147e-06,3.81448585656555e-07,2.55969729323388e-05,-7.80295038032459e-07,-0.413797014874485,8.95696225595227e-08,-0.00180505203153847,-1.50341854864712e-07,3.32134537544255e-07,1.52106183510905e-06,-1.5644025661821e-05,-6.06026859913403e-08,1.28131175034694e-07,5.28328784864864e-07,0.000173636497564191,9.75461689156366e-08,-1.47841140901968e-07,-2.75914791546105e-07,-1.43288546866737e-06,1.69902024113421e-07,7.70305404093944e-08,7.70238805260244e-08,1.30593857134771e-05,-2.16605275209487e-09,-0.000793348687605729,1.4516341127588e-06,-1.69749123876271e-05,3.55417389222481e-07,1.3447957030316e-05,-2.7640422339245e-06,-0.000901970388154087,-1.26248789399494e-05,4.47239235258128e-05,-0.000248746116925751,-7.3713577961142e-07,-4.70936868424301e-07,-6.29146531821695e-07,9.80401213576533e-07,8.53269739603813e-08,-1.56754474886264e-07,-7.77261328078625e-07,-4.23057088946992e-06,3.39732522723369e-05,1.30802963585041e-06,4.22033857100677e-06,-1.06696414420843e-06,-5.44887486307344e-07,-5.74707824689576e-06,-3.94119567278537e-07,-6.14926855982757e-07,-4.86057643409173e-07,1.03028154852866e-05,3.39141427941179e-06,1.62426647290626e-07,2.71414399815963e-07,-1.41979081784211e-08,-2.31307089775183e-07,-1.1923606329029e-06,3.5780412434913e-17,-1.77599356550046e-07,1.33239303423992e-05,-3.72762888328476e-07,-6.67407203188862e-06,-1.0650269397415e-06,1.27271989720498e-06,-2.04490803175382e-07,7.41178234124879e-06,-1.68858953533231e-08,1.10638736748314e-09,-2.82515571339521e-06,2.55335806599713e-06,-7.99780402754818e-08,1.0935972892548e-05,-5.06266670516204e-07,1.8921565124789e-07,-1.24760840878148e-08,0.00232290015717908,-0.00203656553592646,6.58722149684824e-06,2.51649573052622e-07,-4.88915571151008e-08,1.07751912454782e-06,-2.09693082213331e-07,2.31724077012461e-05,-1.8801813266605e-05,1.19255471232154e-07,-4.08019147915521e-08,4.55209926123356e-05,2.10899800159353e-05,-0.0016422359970079,1.66842012350737e-08,9.52633781642556e-09,-2.82542497575581e-08,4.0129369499128e-06,-3.43916557493479e-06,7.74807970032892e-07,-1.67839345954546e-05,8.11698587909016e-06,-0.000150066236528441,1.34928597001662e-06,-7.89798269397888e-07,2.67407631539637e-07,5.72552753581896e-17,-6.58180790046899e-07,-2.25497339377772e-08,-5.1259620687847e-08,-0.000102022831775021,3.16791458100162e-08,-1.9638189892549e-08,-4.59054357197784e-07,5.17140498999616e-08,-4.11818297144748e-07,1.0785811709594e-06,3.94217536289867e-08,-3.51002630004289e-08,4.54558075288478e-07,-5.52063044931339e-07,4.60378507381227e-05,-2.57130322130569e-07,2.95865846795986e-06,1.48081193810313e-08,1.27672780783027e-07,6.06865196230434e-07,-5.0008430931759e-06,0.00040396695954982,-4.46298343892883e-07,5.98283216030808e-07,-2.16784530867648e-06,1.34986583034384e-07,1.21841190753218e-07,9.27599724003351e-07,-2.49132851282212e-06,-1.24716347921296e-07,1.61768139520932e-06,-6.59555743076647e-07,1.62736322516446e-08,1.50966671026167e-07,-2.91411935066338e-07,5.30756510296814e-17,8.90330697349569e-10,0.000194725964375104,-3.11666075953708e-07,2.29768335226311e-07,3.28529846366017e-07,6.04166201543009e-08,1.41075787976574e-07,-2.07298882288732e-06,7.74710612200945e-07,-2.48825393529994e-17,-6.18476552240577e-07,-7.73328798349309e-09,-3.74839477833919e-08,0.00208241207169787,1.40751362582692e-07,-9.62540449472839e-09,-3.70149406312088e-07,9.87491319537196e-08,-5.20983829762001e-06,6.15794135282456e-07,-1.24813398629768e-07,-2.25442654550064e-07,-1.1913712760764e-08,-1.17690939037351e-08,-2.24672484540353e-07,5.02892709082534e-05,-2.39902446046527e-07,1.38767777613069e-16,-4.88479744661489e-06,3.82948301868675e-07,1.76254007697415e-08,9.63992047728424e-08,-4.51932926671747e-07,-9.45775898851657e-07,5.72740340868571e-06,-4.45580515266546e-05,-7.81827409072616e-08,-2.17995452591569e-17,-1.47723550047987e-07,-9.11681318361044e-05,-1.84970263030181e-07,1.65041274276268e-17,3.48491960581621e-07,3.50455007516193e-06,-5.34290032816586e-07,-2.839178576026e-07,-9.45019884687135e-08,-5.05034288168654e-08,-1.80450853420916e-06,5.03389835410503e-08,5.35428098032454e-07,0.000461544562300809,1.07568985951338e-07,1.08493345016558e-06,-2.90257682256461e-17,-4.28321260406847e-07,2.00822386853432e-07,1.29606050762333e-06,-1.30097253631263e-07,1.34770528364946e-17,-1.25177862942204e-07,1.6026612183113e-07,-5.53299836003378e-08,-4.91135935756989e-08,-1.24026639517206e-07,9.1277627187825e-07,-1.72711611101689e-06,2.37015780121076e-07,-5.98395093681552e-18,8.54243822113649e-07,-1.13860460346212e-06,5.03729962892137e-06,1.05060159478528e-06,-1.06752030468302e-07,-7.16276376070506e-10,-1.65666091955785e-16,1.47102738004091e-16,-6.89492378191045e-10,-6.12024161014583e-07,8.06635767538846e-08,-1.16568779653731e-07,2.94400530645031e-16,-5.51733558930724e-08,-6.50898759163538e-10,-1.42140392347518e-17,-3.67690080558502e-17,-9.59988358408119e-17,1.37727522053662e-07,4.06164492648259e-07,-5.87586728789581e-07,3.48305347585507e-07,1.73806037833426e-07,3.98456566175748e-07,-0.00022105005635019,-2.35213685696674e-16,-8.67363483246188e-07,6.48307275319392e-07,-1.44754862464404e-16,-1.41432172096978e-16,-2.14548637820065e-05,-3.15350364251364e-11,-2.41215550717468e-07,1.88584324832976e-07,2.38358269595895e-07,-1.2823826648123e-08,8.91014029131937e-17,-4.31430779177225e-08,-9.72021000944347e-17,-1.47246157303629e-07,-7.69033071273441e-16,-2.68070949591664e-07,-1.26087107034894e-16,2.10079392765151e-07,2.90775856739864e-07,1.76057285760855e-08,2.32368433213147e-07,1.27745820517849e-06,-9.29825029441959e-08,9.51058274257955e-07,3.14550317322475e-08,1.53134434323526e-07,1.45907219956008e-08,2.58392983576214e-07,-0.00882176761708668,-7.27857212993462e-08,-8.021375164429e-09,-2.04019783179709e-07,-5.48084564363484e-18,0.000106487186294226,-7.5554410101406e-05,3.70301470917945e-08,4.55386537663482e-14,4.94266670282132e-09,1.36254720202158e-07,5.04552419383165e-07,-9.27325822203558e-17,-0.000166086101423835,-6.13217889424312e-08,-4.30196614675257e-17,-8.14962994297511e-08,1.27912059919051e-06,-6.15389783896513e-17,-7.43653445510448e-17,-0.000790412646850843,-3.50023142822659e-08,-2.05704156332957e-10,-2.86907312146928e-07,8.04109623477912e-08,0.000405963322370336,2.0707885815729e-08,2.63469814847125e-07,-4.48031349993143e-07,8.8078551613649e-16,1.01939246346378e-08,6.36499808390443e-10,1.75729056340776e-09,1.64533208024722e-07,-9.95736226279062e-17,-2.56134007088952e-17,5.41541125358566e-08,1.65615415217093e-16,6.97887227016787e-18,3.42293509587441e-07,-3.83500163886921e-07,-7.84550816974241e-07,-4.32299992189293e-09,1.98353395070838e-05,1.36796594478665e-07,1.18082874965227e-08,5.93414366621504e-17,2.98616369227122e-08,1.39733869153173e-09,6.41613184465664e-09,-2.35677922847657e-05,2.832829257187e-06,1.44842618165472e-17,-1.50795402211933e-17,1.4327069611284e-16,-2.24224601389719e-08,-1.19440999476422e-07,-6.28239700699311e-08,-2.73988319026635e-16,-0.000146591246463828,2.3358376664227e-16,-7.86880538222735e-17,1.4208762673781e-06,-3.1264208402042e-08,6.01000369263027e-16,-8.58964899039402e-08,-0.00405255042016425,-6.44234330709551e-16,9.9856560216129e-08,-7.36430290747656e-17,2.82195034678549e-08,-5.39332839712417e-17,2.8215403213705e-08,2.44628878703018e-07,3.19518385404936e-06,8.35954486943896e-09,5.76181248395007e-08,-2.01597809403898e-07,8.07403930408015e-08,9.32824224005304e-17,3.69606402231125e-06,-3.33098151074487e-07,3.53467059946683e-17,-2.75054525710418e-08,-8.07759051025493e-08,1.30468496757947e-07,3.43121330186559e-17,6.12944201013817e-08,0.000110021165913202,1.38177224149805e-16,-1.95906837919145e-07,-4.35451198833916e-08,-3.97866208092828e-05,5.85340604860692e-18,-8.4295236900147e-17,4.08664303236608e-08,1.25178825398866e-08,1.01281830426213e-09,-1.1295971213096e-07,7.42168664366611e-09,-1.03664631438284e-16,-3.57790264153868e-17,2.70945200461469e-08,1.86760283429102e-10,4.46504494953754e-17,6.54770235354932e-08,-2.07434408938326e-17,3.73766876003959e-07,-1.25281422437128e-08,-7.32001413708685e-09,-4.85274852701468e-08,-1.07039478861748e-13,-3.70145441819819e-17,4.14609717848695e-17,-1.11618675911589e-14,-6.63636806767909e-05,-9.35910844357923e-08,9.78191973222714e-17,-8.13803233954312e-17,1.04751072899292e-16,2.09801500234376e-07,1.18455655502187e-09,-1.03796056442726e-07,-3.80221367678669e-17,-1.56275884702524e-16,-2.53108691232636e-16,-4.03735595346367e-07,1.36359230422278e-07,1.18406986828698e-16,1.5033029601728e-08,-2.01840632006099e-05,-2.07393346165331e-16,3.73699642876123e-17,-3.91088176016922e-08,-4.00709192575735e-10,-1.93779608851605e-08,-6.33313149508168e-18,2.18036366678251e-08,3.17509078789278e-08,3.40642046970231e-08,-3.10455293600232e-08,-1.10576725624708e-07,9.41827596649454e-09,-3.5067120872739e-17,-1.84210885658107e-16,4.36565645458532e-16,1.78922646514664e-07,-2.57754840821392e-07,-8.81879200907566e-09,-6.93602472697906e-09,1.31899102842987e-16,-2.44286081182568e-17,1.70007500746738e-16,-4.85195105091635e-17,2.42899098629633e-16,8.5699095330675e-07,1.35404435778486e-16,4.60868591285626e-17,-5.35654133496675e-09,-6.86951423409818e-18,-4.79498462558779e-09,-2.8880868910753e-17,-5.94463493022389e-09,1.05316532185485e-17,-7.19819290127858e-09,-9.00840734823945e-10,-5.68576549455434e-07,1.49895065273523e-17,2.89115617909165e-08,-2.99793751239026e-17,4.10220558390118e-08,-1.86674497335694e-06,3.98742724340356e-10,-2.59852439424847e-16,5.82204446128094e-08,-1.04182298525898e-16,-1.4310072345392e-08,-8.07716766359093e-08,1.43651341574825e-16,-3.92162757160277e-17,4.3059667364695e-16,-1.06792134967669e-14,-2.71167993768612e-10,-3.53130541575214e-09,-7.88587097403139e-10,-2.88465049922721e-17,-1.04169536322416e-16,-0.000136552998185684,4.63771612445242e-07,1.89255677814091e-16,-4.61380673709701e-17,-3.58923400984364e-09,4.88818918688255e-17,-2.54374150305783e-08,4.11047901569067e-16,2.40180264316058e-07,6.18235256007474e-17,-1.55891356008843e-16,-6.44722165023172e-18,-2.0943683795348e-16,-2.9856711165306e-16,5.27310849991826e-16,3.19025780940632e-08,-2.23112856039038e-07,1.21445657785533e-17,-2.14181747201663e-08,8.14717150608711e-08,-1.74884190632156e-16,1.06720154027304e-16,-3.31955432955048e-17,-6.22260202634573e-17,8.03174311327433e-09,1.28445909463932e-09,3.60228124440341e-18,-6.03507202915077e-17,-1.4586101246507e-08,-5.20320158266663e-08,-1.27875800971287e-05,2.60669130975999e-17,-1.01736602010571e-16,-3.09079401975655e-17,-2.66683725698107e-16,-2.22934851133387e-16,5.30194580152121e-17,3.07330655107443e-08,-2.90675817627707e-08,-5.58914604498794e-09,1.96722497814383e-16,-2.0680448306979e-16,-9.3207705119294e-17,4.59622572386975e-17,-9.15870246656154e-17,-3.95495996836921e-16,1.60811008659476e-16,-2.00130428003407e-17,4.11270305168149e-17,2.7532188870377e-17,8.25326011648322e-17,1.29221230564386e-16,-8.46644033221874e-17,7.406439949579e-17,2.11715012929715e-08,9.48257652392586e-15,2.56718528862395e-16,-2.15705538382244e-14,4.76450421700462e-07,-5.22197506025787e-10,-3.21311398075219e-17,-7.73229404959486e-09,4.35281506044904e-07,-4.33217441292695e-17,3.42779637110754e-16,-7.63728420392726e-08,-1.43697773774018e-16,1.07099031954703e-08,-4.50965043454664e-16,8.73092530739505e-17,1.43102620487786e-16,2.98213333671005e-16,9.5345247831174e-10,-1.30924227926785e-07,3.03573915710271e-16,-9.87697373535142e-18,-3.6497793702072e-16,1.26547710112273e-16,1.16816007821735e-16,7.17125665376122e-17,-2.37165422742183e-17,-8.01701893068344e-17,1.08591377217936e-08,4.98247323011653e-17,8.83076817797576e-17,-3.00991421439064e-16,-4.41354241078021e-16,-3.56553449161446e-16,1.43506535435913e-16,-3.10044822663804e-08,-7.08459862394413e-16,-4.27882527902751e-17,2.31140121261989e-08,-1.04469768351781e-16,4.20705850120033e-16,1.72006262995246e-16,-3.52285329170342e-16,6.73882177019557e-06,2.52133140619577e-16,-1.42057911493879e-08,-9.80731560130569e-17,8.50480233790603e-17,1.55798218506176e-16,1.5593851412661e-16,-1.05725002878864e-16,3.54147074596504e-16,5.13172833115488e-10,-1.42022102697035e-16,-2.76292682800582e-16,1.99800342670802e-08,-6.40425800642747e-08,1.1127749988915e-16,4.48514111400731e-08,6.56851582469715e-09,3.58180755791552e-16,8.77885649395083e-16,-1.8405396202892e-16,1.85308179280751e-15,-4.7365705503773e-16,-1.1019526847627e-08,-2.3798731820679e-16,-6.02592029778582e-16,-4.66451960402561e-16,4.41029879098011e-09,-7.7776861785872e-17,9.40212730956172e-17,-8.87998505378381e-17,1.65550001844044e-16,-2.00855924177875e-09,6.17992610891221e-17,9.49077314061599e-06,2.79773351840427e-16,-2.3966874307132e-15,-2.12148450472299e-16,-9.54450795190519e-17,3.67310005396239e-16,2.74381457363621e-16,-1.88761636323531e-17,-7.2292833686859e-08,-2.3957951521809e-16,-4.53657978506843e-16,4.82977846819468e-08,4.40353015309527e-16,-2.75642317498271e-16,-5.11278293652504e-16,3.84011830359486e-17,3.76722591999896e-16,-1.71964433101234e-16,-3.19024534373816e-08,5.74364494186114e-16,-3.13681405567447e-16,1.04157547175264e-07,4.6361792141996e-16,5.48550558307597e-16,-2.3019267867326e-16,-1.408710163479e-16,-4.85628391233146e-17,4.23847897163826e-16,-5.719029787128e-16,2.37733528789635e-16,6.94678152153751e-16,-2.56109287714828e-16,-3.49035508717793e-16,-5.45862228083547e-08,1.13876522726569e-07,-1.41526456201258e-16,-7.06801233747173e-16,-1.01726317483529e-15,1.63152093367107e-17,1.06549968501013e-16,8.46385717929724e-16,-4.96760138185991e-16,-1.34493521393071e-16,-1.42950940376654e-09,-1.13159103563895e-16,-1.25714210414753e-17,-3.51826729776797e-17,-6.05924886686259e-16,1.82968451036239e-09,8.85900685271247e-17,-2.00041488341676e-09,2.97135868973821e-16,-6.17312327642109e-16,6.86781356645561e-16,3.62688274064904e-16,4.87237296050159e-16,-7.90922408674214e-16,2.7867285886073e-16,2.17820115585007e-15,-1.81592187892067e-15,-1.54558859873983e-16,2.6767300914849e-16,2.46146679226869e-16,3.84798315945094e-16,-3.01768984425508e-16,-1.29033255158768e-15,-1.27973353712698e-15,5.50090941406585e-16,6.6430173116254e-16,8.84012819643023e-16,-1.61871501131203e-15,7.18256834217335e-16,-6.72927500532316e-16,-1.59200525876855e-15,4.58512916728367e-16,-1.0617867044644e-15,1.37795384978727e-10,-5.49509863998346e-15,6.04316045081729e-15,-9.36366688807457e-16,5.93762188555839e-15,-5.89800032990054e-16,-0.707106781186548,4.07062091038825e-14,1.56240490780382e-15,-3.94334748910882e-16,-1.00297408860642e-14,-4.65034301756588e-15,-3.6786447777176e-15,5.13670921761263e-15,-3.93483320263514e-15,2.95533681264982e-15,-3.39786227746465e-16,-3.72386934965639e-15,-1.77214252311603e-09,-2.74287567827517e-15,-2.72495891686046e-16,-1.51598670340009e-17,-4.77083280902873e-16,-3.81042716162029e-16,-2.33521570891538e-16,7.33586131323741e-16,-2.50989187753129e-16,6.75882064611426e-16,3.75211726247521e-10,1.16988322957392e-15,-2.25618599721372e-17,-1.32475028327788e-16,5.96696865643203e-16,-6.33171715742557e-16,-2.79282135508363e-16,-4.53854685158567e-17,7.27881891407552e-17,1.92355299925624e-16,1.67555377390359e-19,7.74084180174039e-17,1.97383207820984e-16,-9.79607814314336e-17,1.89173286528224e-09,4.1293447423168e-18,-4.16057996199906e-18,-3.54814395974708e-17,1.4734307524078e-16,-5.69233056438622e-09,-4.6135779938643e-17,8.42349437857723e-17,2.08979654933486e-16,-1.15982065189782e-16,-1.50513226454914e-16,7.80783513904264e-17,1.31620872882884e-16,3.47868949128397e-17,3.35862088648284e-17,-1.36917328779877e-17,2.20802538649224e-17,2.32305144857547e-19,1.68251598524634e-17,1.54799797688979e-17,-5.25352415905645e-17,5.18068478087489e-18,-2.29198266561677e-16
"t494",-0.0480484155636332,-0.0803128233189817,0.028423621853753,0.0412710374820043,0.00348906232877507,-0.00162196115953002,0.00914025909705573,0.000173538508749284,7.8071963272939e-05,-0.000336707746757009,-0.000193197236212659,0.0179589530729143,-0.0322569312104811,0.00592195600801181,0.00525711960812978,0.00736028765588913,0.000754649357908767,-0.045041640900312,-4.93463099695108e-05,-1.64315032500799e-05,0.000179743065953872,5.58101500985631e-05,-0.000266419907313075,0.00528282432005122,-0.0157501937482071,-2.83814931262333e-05,2.85805047759115e-05,-2.35256567543931e-05,0.000284649548473574,-1.0572796977553e-06,1.83641198534525e-07,-7.85549859822297e-07,0.000898205148502904,8.53591761139037e-06,1.21741446630303e-06,2.73793737989243e-05,0.053722303087797,7.00124187371225e-06,4.01057908553877e-05,6.7471112281207e-06,0.000197391494527692,-1.70198031764514e-05,0.000185509035813641,-1.09613603099619e-05,0.000343948512750672,6.5187998833531e-06,-0.287609503390377,-0.000825196659810128,3.54586686211174e-05,-5.11371950648979e-05,0.000489580586920808,-2.36266143674913e-05,3.29444785890847e-08,-7.06367027239483e-05,3.47024242338995e-06,-3.59901835908911e-05,1.17861086043661e-06,-7.67377306430246e-05,2.59547897023132e-05,-2.65163464956171e-05,-2.2490198426986e-05,3.4456659834851e-06,-0.000111680241587868,5.93385156059891e-05,-4.1982521179298e-06,0.000161423137635848,-5.96128448063026e-07,2.10296780123795e-05,-5.75153485762495e-05,2.2627722781832e-05,-0.000634990276898248,5.97090659574553e-05,-3.05919889381059e-06,-0.0191451153903416,-0.0135883432276552,2.26626187571893e-08,-0.000180016886973246,5.44384734114975e-06,-2.62624535595489e-05,-3.34636670876752e-05,1.13619315857856e-05,0.000176228148221164,-3.01277595815428e-05,-0.00021606516936665,4.10121158835585e-05,0.0235999197683234,0.00186916224095476,2.43034219384769e-05,7.42394412536511e-06,-0.00165738689629331,2.678830473272e-05,-1.52263538290097e-06,-1.28527209343516e-05,0.00191113102087171,1.09213562275068e-07,-4.24790274466418e-06,-0.000908999960848585,-1.51504457365053e-05,2.0468179848802e-05,3.23908548395405e-06,5.81202565970863e-07,-0.00438226138806378,2.15579419366431e-08,1.47478855189108e-06,-1.33653408281407e-06,0.0569729832453353,2.80003978429292e-05,-8.61051151782779e-06,1.75338745019049e-06,-1.6687778226086e-07,-4.86882056285401e-07,1.19069596731208e-06,-2.35056866482317e-06,6.77697868772576e-06,-3.84576845436884e-08,1.79634368831177e-06,-2.85973943467502e-06,3.65550868778253e-06,-4.36451662028358e-06,1.21112774397787e-05,-4.84805539654509e-05,1.49193846784148e-05,-1.67679102523772e-05,-4.6384657443093e-05,1.54965810243403e-05,-0.000180252640916381,1.86286030571862e-05,-7.17339018483285e-06,3.70853108820639e-05,0.00127281031252275,-0.0414781065975299,0.00060752250877314,-0.304061965138784,0.000205807819827697,-1.47341453812332e-05,-6.13720529272491e-05,1.44484169628556e-07,6.61470803052923e-05,-1.46590420982978e-05,4.18459420784497e-05,2.55849806999596e-06,9.69641903517725e-05,-1.83383408599357e-05,-1.15642383911941e-06,-3.64775809569955e-06,2.12053911177007e-07,8.66078735822967e-06,-1.20478589432405e-06,-7.74893072627613e-08,1.86357458965614e-07,2.89178732436726e-05,8.57338609236911e-07,1.83434499980509e-05,-6.86146578314163e-06,2.1264039145013e-06,1.89506534552808e-07,-2.89744518750278e-06,0.0402653211987949,-3.702831880196e-06,-1.17576358619623e-06,-0.0254502075389376,-1.91845230561918e-05,5.50663140692035e-07,8.85171646169354e-05,-1.2481564923423e-06,9.38016012875041e-07,8.59544661736378e-08,1.44000797565845e-09,7.12119025713866e-08,8.6540469363603e-08,-1.41006467552722e-06,-1.36955104072762e-07,1.21320673441212e-08,3.84256175401301e-09,7.81614283138229e-08,1.00397668015494e-09,6.08445624360506e-09,-8.79162750676875e-09,-1.33637057907556e-10,2.15516939905804e-09,1.23378078868751e-09,3.25793354577317e-07,-1.46491171675018e-08,-0.0114365411656313,3.73209021847034e-09,0.000448780142355182,1.57043301654191e-08,-5.1328319154933e-09,-2.25263880548406e-08,1.45727490036721e-07,-7.50988853879566e-11,1.03906626821573e-09,5.44452106445369e-09,2.33816937470325e-06,1.53701309727556e-09,-3.29992370455079e-09,-6.54010613249064e-09,-3.81009634676599e-08,4.76011242273018e-09,2.97670946410967e-09,3.01384378369962e-09,5.67327433271762e-07,-1.03080942024585e-10,-4.53663258628444e-05,8.30717906004495e-08,-9.86012101243806e-07,2.15707461155317e-08,8.40198883389519e-07,-1.85559836799079e-07,-6.55966316810348e-05,-9.7326481579705e-07,3.50704453377802e-06,-2.0959016245613e-05,-6.44343917740462e-08,-4.12042105207519e-08,-5.65634223153718e-08,9.39757656149968e-08,8.27419552562783e-09,-1.61119461254008e-08,-8.29129727454018e-08,-4.56875191192169e-07,3.84944004853455e-06,1.49825920682647e-07,4.89069428828809e-07,-1.27920874557156e-07,-6.57611489852109e-08,-6.94717147524823e-07,-4.93044229470914e-08,-7.8462454603514e-08,-6.33420461963032e-08,1.35517158327069e-06,4.50317042059336e-07,2.17552776201257e-08,3.64414608046802e-08,-1.94848645032872e-09,-3.21644862480802e-08,-1.68118044900254e-07,-1.38887306464237e-17,-2.55259934017827e-08,1.92220198660961e-06,-5.51421432889302e-08,-1.00561590653117e-06,-1.62833541063731e-07,1.94755649484186e-07,-3.2110385389643e-08,1.16873129195838e-06,-2.66777130137686e-09,1.7638457335588e-10,-4.53110903233121e-07,4.13945708048201e-07,-1.3026711576977e-08,1.78465080519631e-06,-8.3475445848742e-08,3.24905507172412e-08,-2.17125053986265e-09,0.00040866933611798,-0.000366472428670707,1.18719228862074e-06,4.60368098563861e-08,-9.01714189045585e-09,2.00982947336849e-07,-3.9251598616786e-08,4.353525759882e-06,-3.55024067654455e-06,2.26841053436783e-08,-7.76753451480203e-09,8.82276325561597e-06,4.08924476286145e-06,-0.000318564725087311,3.25170025890565e-09,1.85987889055709e-09,-5.54646073776068e-09,7.8855481460213e-07,-6.97179861565478e-07,1.57580639934444e-07,-3.4222864132138e-06,1.66472664469944e-06,-3.09186739165569e-05,2.80825503679594e-07,-1.64854971239453e-07,5.59427274579063e-08,9.91757559719163e-17,-1.38754601350354e-07,-4.75857218574552e-09,-1.08520597350043e-08,-2.17619186814999e-05,6.80012646577315e-09,-4.22793953989862e-09,-9.89742514939237e-08,1.13541136789938e-08,-9.05198730771723e-08,2.3715055314067e-07,8.71232136943425e-09,-7.86760131505023e-09,1.02130649766375e-07,-1.24242519486184e-07,1.04166705906105e-05,-5.93361519140244e-08,6.88168969839657e-07,3.44586118745859e-09,2.97135807415984e-08,1.43905704524613e-07,-1.21020363360735e-06,9.80049315075796e-05,-1.08668255215667e-07,1.46309414342031e-07,-5.30845704710751e-07,3.34146730457863e-08,3.01848294427193e-08,2.30139445389166e-07,-6.18720604839163e-07,-3.10742458088005e-08,4.04498538955041e-07,-1.65459234050306e-07,4.08825008418505e-09,3.80161729088714e-08,-7.37519481907134e-08,1.32057969784263e-18,2.31933056678109e-10,5.08654040918337e-05,-8.17418233883225e-08,6.02693579166918e-08,8.61857926939763e-08,1.5865131040419e-08,3.71141826778366e-08,-5.46549430086396e-07,2.05149036765131e-07,1.60866759233715e-16,-1.65387095802309e-07,-2.07043043535321e-09,-1.00610788545966e-08,0.000559109404703191,3.80248309663507e-08,-2.60910199793461e-09,-1.00804713152778e-07,2.69784018338304e-08,-1.43297765228152e-06,1.70407881796568e-07,-3.46714943627313e-08,-6.27584009048889e-08,-3.32088697281751e-09,-3.28820810724288e-09,-6.27880508881451e-08,1.40770841725636e-05,-6.72389636420603e-08,-1.47686033802423e-16,-1.38185222155613e-06,1.08536578951403e-07,4.99554673285529e-09,2.74677781996292e-08,-1.28875153297449e-07,-2.72291427513419e-07,1.65334465447889e-06,-1.28694408349607e-05,-2.26257987813155e-08,8.58521779139306e-18,-4.28466976125289e-08,-2.64650006297565e-05,-5.38607972490802e-08,-3.74481140693649e-17,1.01812736660826e-07,1.02465764819166e-06,-1.56278074063705e-07,-8.31138632521954e-08,-2.77027534368736e-08,-1.4820155480392e-08,-5.29958541737403e-07,1.48191205142877e-08,1.5766721849514e-07,0.000136132203529371,3.18177794192247e-08,3.20958357096837e-07,7.7442329935876e-17,-1.274104474711e-07,5.97941977163221e-08,3.86700484077388e-07,-3.89382272941302e-08,1.3664889703485e-17,-3.77155911297405e-08,4.86416436757902e-08,-1.68473424047714e-08,-1.49769140046478e-08,-3.78887774466397e-08,2.79760586148949e-07,-5.32142220241022e-07,7.39553004413253e-08,4.30918792356063e-16,2.69420927036378e-07,-3.59434815444769e-07,1.59320335111089e-06,3.3315663641484e-07,-3.38589429813042e-08,-2.27351203622298e-10,1.21972744404619e-16,7.56900554052983e-16,-2.19769629801722e-10,-1.95779930175011e-07,2.58148808990904e-08,-3.74244624077513e-08,2.6305903313418e-16,-1.78348105728585e-08,-2.11030279486946e-10,-1.17362290990585e-16,5.22803239490285e-16,5.20298178322786e-16,4.50609093483337e-08,1.33037500405311e-07,-1.93209325267412e-07,1.14900911984118e-07,5.73577187377755e-08,1.31943358380837e-07,-7.32262288770115e-05,-3.67766429811277e-17,-2.89282660527474e-07,2.16735728582503e-07,-5.74681421075083e-16,1.3560197590628e-15,-7.23998286806231e-06,-1.06662626026307e-11,-8.18527065481719e-08,6.41382597310651e-08,8.14469848128104e-08,-4.38546169502798e-09,-6.30195323177873e-16,-1.47708428096966e-08,-5.1340423628487e-16,-5.05912485626354e-08,-6.63704524282369e-16,-9.23725956594957e-08,-7.95157217838649e-16,7.26936952698893e-08,1.00710710923819e-07,6.1990650285311e-09,8.22301173607083e-08,4.53121346035538e-07,-3.33880123679978e-08,3.46476535617631e-07,1.21826697833468e-08,5.93596075513197e-08,5.8567889988553e-09,1.16244015198531e-07,-0.00738879727143682,1.0028241943447e-08,-8.80591016153142e-10,-3.00044098209414e-08,-8.82542858549834e-17,2.06959603807135e-05,-1.55828842790007e-05,6.74321993135725e-09,7.80440166412627e-15,8.06233441208635e-10,1.64943118730294e-08,4.86853211957788e-08,-1.98898376546613e-15,-1.3590663770531e-05,-3.17592319691486e-10,-9.98402184311557e-16,3.90426607800189e-09,-1.78615417187604e-06,-1.13208916215617e-14,5.49027184413308e-14,0.482640855029406,-7.95551827010489e-07,-8.90599165805045e-10,-7.07201606170034e-07,1.17918074863777e-07,0.000579787647795796,2.85687527250117e-08,2.85664894840295e-07,-4.40601992158323e-07,1.76463390341025e-15,9.78261276743796e-09,6.08573518843763e-10,1.66040955948937e-09,1.53578833708178e-07,-1.61633574387329e-15,-7.4464860905459e-17,4.98714403981236e-08,-1.9039855832861e-16,-3.77428059271954e-16,3.07889187817932e-07,-3.46359634201001e-07,-7.08645781025583e-07,-3.96672464921269e-09,1.8252019089369e-05,1.25955621742089e-07,1.09183289975815e-08,7.37082715371028e-16,2.94322276133462e-08,1.40277946688718e-09,6.48284829638906e-09,-2.4667165818713e-05,3.20919378985958e-06,-9.08211099618216e-16,1.15799890818624e-16,-8.21463781125199e-16,-2.97449575859581e-08,-1.73480453891069e-07,-9.19455668892931e-08,-5.89369388011131e-16,-0.000238864642947871,1.09699145641384e-16,-1.00534119582905e-15,6.38513434930114e-06,-1.44361428473144e-07,4.7860315970788e-14,-9.17451698057169e-07,-0.253315973412319,-2.05206873447596e-14,-6.29785167284087e-07,-5.81794686931292e-15,-7.02355781322929e-08,-1.88368158760688e-15,-6.62848223606194e-08,-5.50434975318232e-07,-6.85818356824855e-06,-1.68442811540651e-08,-1.0165337299598e-07,2.33994709453582e-07,-5.88540053832644e-08,-1.51282965717902e-16,-1.64564586946724e-06,1.41075782312923e-07,-1.14326780278242e-16,1.09028816807191e-08,2.83978553243009e-08,-4.11684809691162e-08,-3.46273754093878e-16,-1.3267552055886e-08,-2.20317352734118e-05,-2.81411556230681e-16,3.52828118936906e-08,7.43315529728866e-09,5.51261905423908e-06,-5.2273690099383e-16,5.09154054306219e-16,-3.12277376692658e-09,-6.82687860793501e-10,-5.09751115451462e-11,-2.47920588715953e-09,2.32087512923102e-10,-1.8282152012514e-16,5.78507312988469e-17,1.01320933785859e-09,7.12551247879364e-12,7.4789369661674e-16,3.13694116787584e-09,-1.61902187171257e-16,2.12151531662254e-08,-8.52827332537528e-10,-5.03930769893611e-10,-3.48560606127665e-09,-8.06258991510322e-15,6.47955311267437e-17,-1.35607899127282e-16,-1.07618143852843e-15,-6.3731329997405e-06,-9.15611273375926e-09,-3.44386547156994e-16,2.15952710037937e-17,4.0440045749532e-16,2.18448367306512e-08,1.26447869668611e-10,-1.17918812254861e-08,-1.0636676881326e-17,-8.86201444801234e-16,3.59262248314333e-16,-5.42008119564579e-08,1.83941008409448e-08,2.98142496864944e-16,2.13401047613747e-09,-2.92010836822e-06,-1.53937795855879e-16,1.56310395111629e-16,-5.89820140432283e-09,-6.06241989666425e-11,-2.99812408783069e-09,1.16799693679065e-16,3.49280128256588e-09,5.17806968816901e-09,5.68777468683714e-09,-5.34088382231179e-09,-1.91680434141223e-08,1.65529773712662e-09,1.71532035131695e-16,-4.37560141943879e-17,-3.2248084786978e-17,3.36986386096195e-08,-4.85922898934698e-08,-1.6755515687978e-09,-1.36696995863749e-09,1.28419016774409e-16,-2.74481230364548e-16,5.32193479405665e-16,6.99478677941585e-16,-3.37654157116249e-16,1.74736995906109e-07,1.44722311704183e-17,-1.92501837822049e-16,-1.10566584113146e-09,7.61709882071746e-17,-9.90386002012371e-10,6.50895399875475e-18,-1.22916140349743e-09,1.37366297177551e-16,-1.51836846694171e-09,-1.90886024895547e-10,-1.21302043306713e-07,-2.16186873292232e-16,6.2184778394966e-09,1.33747092164868e-16,8.97445771669766e-09,-4.16872087011589e-07,8.9121677236202e-11,2.37230974291503e-17,1.31149386052274e-08,-6.24894482460405e-16,-3.26212664515509e-09,-1.84232051029541e-08,5.15976933625454e-16,4.15185544027012e-16,-8.95539987453906e-16,-2.54517541959636e-15,-6.24330109693224e-11,-8.15006186927205e-10,-1.82508209199973e-10,1.15656858743321e-16,4.32642232988776e-16,-3.20118756037051e-05,1.0878145709171e-07,-8.9002781111319e-16,6.95285074364079e-17,-8.54628356120549e-10,-3.74879255055409e-16,-6.07556799330436e-09,-4.65981595576712e-16,5.78661741598366e-08,1.85453012829539e-17,4.44719708277557e-16,1.86017283642616e-17,-2.22743580903628e-16,3.07063402599288e-16,-1.11183360078116e-15,7.81520109361626e-09,-5.46675866274039e-08,-3.21726474726613e-16,-5.27692751440768e-09,2.01181590311919e-08,1.81376660890666e-16,1.03598725706318e-16,3.83700968203842e-17,5.44992721611156e-16,2.00220722906006e-09,3.20887404068741e-10,-7.36548372843387e-16,3.14774180992524e-16,-3.65260461669561e-09,-1.30336867144696e-08,-3.20651383331171e-06,8.60843118151565e-16,2.98500114913688e-16,-5.0302198578068e-16,7.53887785964706e-16,-6.22020570609042e-16,-5.30177383655752e-16,7.83127993517064e-09,-7.41757427820915e-09,-1.42828843946975e-09,-7.19307415029424e-16,4.59272619203913e-16,-2.77545909308471e-17,-5.75016936428056e-17,-1.63026286370773e-15,2.82578375725499e-15,-7.44014897003178e-16,-1.34213767515891e-15,2.03658639966273e-15,1.50343634107169e-15,2.4118780917435e-17,-2.62657506506246e-15,-1.91042362395075e-16,6.38000815898021e-16,5.53381071026963e-09,1.7028267002222e-15,-2.26811792122918e-15,-5.1692671744361e-15,1.2488556282356e-07,-1.36964007582979e-10,-1.70133030090767e-15,-2.02887594082211e-09,1.14600772915132e-07,3.83844308439629e-17,-5.54647183531608e-16,-2.01907842532911e-08,-1.8223764923282e-14,2.84544393180294e-09,1.71018415936722e-15,0.707106781186549,-1.65894351690642e-15,2.42985912540677e-14,2.5525474721015e-10,-3.50658963953812e-08,1.59312828917553e-14,-5.84526131653023e-16,5.65985942782596e-18,9.76254635416782e-16,2.16255981763495e-15,1.03839409959226e-15,-8.2732795345981e-16,6.84930631478312e-16,2.98010330273685e-09,-5.38180569600125e-16,-7.7902561310486e-16,4.03065692010972e-16,2.00787990433736e-15,-2.46658212665073e-16,-1.55416104950216e-15,-8.55022226504266e-09,8.46222908732619e-16,3.73854576425025e-16,6.37987885042634e-09,9.96093664028884e-16,-1.65716706181406e-16,-1.1034322919165e-16,-4.7410432153352e-16,1.87892064621826e-06,3.16510569316052e-15,-3.96782842363109e-09,1.84760457824723e-15,4.78125950083825e-16,-2.75019846132217e-16,7.82949954945727e-16,-4.67601721607218e-17,-3.93006852613894e-16,1.43842628841019e-10,-5.82426661420928e-16,6.19840844952331e-16,5.61540295185966e-09,-1.80016226724386e-08,-1.82026959175566e-16,1.26358918562117e-08,1.85184411425138e-09,-6.25993334295663e-16,1.18254143795606e-15,6.75018530142412e-16,1.54083423459709e-16,9.71866055019065e-16,-3.1385159510595e-09,-4.63001450516121e-16,-1.91155152171744e-16,-2.89044428686899e-16,1.25931260937648e-09,3.91112362195971e-16,-2.44596692297169e-16,1.41021779932429e-16,-9.53716204922855e-17,-5.75426013699973e-10,1.23623615639842e-16,2.72173806218692e-06,-1.85503679502483e-16,-1.09937059230306e-15,-4.72762472440605e-16,8.513743711616e-16,8.1352608455695e-17,7.45437894485434e-18,2.89689314244946e-16,-2.08416344370061e-08,-2.55329299992433e-16,-7.94358259302992e-17,1.39419405062372e-08,8.16677495671839e-17,1.87464680356343e-16,3.28067053744887e-16,-9.59592368974929e-17,1.88327146101637e-16,-1.64121370554399e-16,-9.24602409789993e-09,-1.75803708975664e-16,-2.05486244249891e-16,3.02404333997871e-08,-2.31375270005898e-16,-3.70322873746148e-17,-2.75460032950138e-16,3.02596431419534e-16,4.15073673252823e-17,-4.91911228777199e-16,5.4288706766831e-16,1.41572581051732e-16,-3.3154871949611e-16,-4.38441579230365e-16,-3.87037171406093e-16,-1.59497446077544e-08,3.32990878799737e-08,-6.34780536640382e-16,2.54008565808394e-16,1.42341791866749e-16,-8.33285952038714e-18,-2.26693121739563e-16,-1.22463002553144e-16,1.61581519320725e-16,2.86911285399037e-16,-4.19638473771415e-10,6.03646028303028e-16,-7.89653399561685e-17,-2.0614125497675e-16,5.4874313150258e-16,5.38860232184506e-10,-3.71002443581137e-16,-5.91269567035932e-10,-3.79555088731608e-17,3.89179323131388e-17,-1.96402089175909e-16,-1.07670240324419e-17,-3.10883769257471e-17,-1.82930756528197e-16,8.37806398183659e-17,-1.32245242933369e-16,1.2769819093999e-16,2.41050057680599e-16,3.12230997648269e-17,-8.23002099469936e-17,3.17340364962921e-18,-2.22089561483237e-16,-3.86322627357001e-17,2.11917299126314e-18,-2.71387317169061e-17,6.69112163330492e-17,-1.23996963601809e-16,-2.1728109420166e-16,-2.27723113803424e-16,4.68713853943396e-17,2.13194641482574e-16,-2.47707571215919e-17,3.9175492875663e-17,4.1251626729807e-11,-1.04219415783622e-16,9.21085816265385e-17,4.91875560343899e-16,-3.49829373354494e-16,2.33781484806038e-16,1.19775386662017e-16,4.54970934026745e-17,6.14642466089086e-17,-2.98875823294755e-16,-1.79114863015677e-17,6.05418493115906e-16,2.53971148473343e-17,-1.09068549683678e-17,-1.65139856039549e-16,-2.51797370038744e-16,4.42388708827173e-18,-6.5121667056981e-17,-5.34887312694766e-10,-1.53874551038998e-17,3.94529283480987e-18,1.18261069696174e-16,-6.11532429472752e-17,-1.65680239851886e-16,4.77765006272851e-17,4.84631629235187e-17,-1.04985287138333e-16,-7.18326684285865e-17,1.14172922360625e-10,2.07391340949066e-16,1.59335888861178e-16,4.58921630497399e-18,-1.42865953128367e-17,-1.94928811261357e-16,5.41114187630118e-17,1.08821820392763e-16,-9.3578292807499e-17,-3.39939890911419e-17,1.07038188909334e-17,-5.26418213103453e-18,-8.6920127938151e-17,-6.80036497335722e-18,5.80164256269116e-10,-8.04606307986912e-17,-1.96936594977904e-17,5.85538953860162e-17,-1.95820464878038e-16,-1.75195895565482e-09,-1.56001995528231e-16,3.15920394623067e-17,2.99503878016441e-17,3.96078312648603e-17,-1.32886404009963e-17,-5.49001756044059e-17,-2.45003938089613e-16,5.88318268692823e-17,-7.46345486742636e-17,-6.43557132295309e-17,-5.93039996780043e-17,2.18617527922052e-17,2.4700692063893e-17,-1.07358600709826e-16,3.95446402159224e-17,7.12251204392721e-17,-1.42850463583709e-16
"t495",-0.0480484155636332,-0.0803128233189817,0.028423621853753,0.0412710374820043,0.00348906232877507,-0.00162196115953001,0.00914025909705572,0.000173538508749278,7.8071963272935e-05,-0.000336707746757014,-0.00019319723621267,0.0179589530729143,-0.0322569312104811,0.00592195600801181,0.00525711960812978,0.00736028765588913,0.000754649357908768,-0.0450416409003119,-4.93463099695002e-05,-1.64315032500827e-05,0.000179743065953861,5.58101500985528e-05,-0.00026641990731308,0.00528282432005124,-0.0157501937482071,-2.83814931262334e-05,2.85805047759111e-05,-2.35256567543954e-05,0.000284649548473583,-1.05727969774102e-06,1.83641198539941e-07,-7.8554985983266e-07,0.000898205148502892,8.53591761138362e-06,1.21741446630477e-06,2.7379373798916e-05,0.0537223030877969,7.00124187372922e-06,4.01057908553872e-05,6.74711122810726e-06,0.000197391494527718,-1.70198031764313e-05,0.000185509035813649,-1.09613603099475e-05,0.000343948512750684,6.51879988338337e-06,-0.287609503390377,-0.000825196659810128,3.54586686211304e-05,-5.11371950648834e-05,0.000489580586920802,-2.36266143674854e-05,3.29444785948221e-08,-7.06367027239368e-05,3.47024242334243e-06,-3.59901835909145e-05,1.17861086049856e-06,-7.673773064303e-05,2.59547897023109e-05,-2.65163464956356e-05,-2.24901984269634e-05,3.44566598347162e-06,-0.000111680241587827,5.93385156060971e-05,-4.1982521179248e-06,0.000161423137635832,-5.96128448074668e-07,2.10296780124389e-05,-5.75153485762646e-05,2.26277227817971e-05,-0.000634990276898276,5.97090659573996e-05,-3.05919889383661e-06,-0.0191451153903417,-0.0135883432276553,2.2662618787462e-08,-0.000180016886973256,5.44384734116957e-06,-2.62624535595532e-05,-3.34636670876523e-05,1.1361931585763e-05,0.000176228148221185,-3.01277595815937e-05,-0.000216065169366667,4.10121158835513e-05,0.0235999197683234,0.00186916224095477,2.4303421938476e-05,7.42394412537533e-06,-0.00165738689629329,2.67883047327422e-05,-1.52263538301145e-06,-1.28527209343456e-05,0.00191113102087173,1.09213562281365e-07,-4.24790274467636e-06,-0.000908999960848573,-1.51504457365288e-05,2.04681798488363e-05,3.23908548395933e-06,5.81202566016427e-07,-0.00438226138806383,2.15579419448771e-08,1.47478855184258e-06,-1.33653408279269e-06,0.0569729832453352,2.80003978429612e-05,-8.61051151777685e-06,1.75338745019482e-06,-1.6687778229116e-07,-4.86882056261327e-07,1.1906959672532e-06,-2.35056866485361e-06,6.77697868771172e-06,-3.8457684532564e-08,1.79634368827272e-06,-2.85973943471603e-06,3.65550868783421e-06,-4.36451662025027e-06,1.21112774397474e-05,-4.84805539654585e-05,1.49193846783906e-05,-1.67679102524038e-05,-4.63846574430275e-05,1.54965810243514e-05,-0.000180252640916381,1.86286030571359e-05,-7.17339018482098e-06,3.70853108821012e-05,0.00127281031252277,-0.0414781065975299,0.000607522508773296,-0.304061965138783,0.000205807819827647,-1.47341453813803e-05,-6.13720529271789e-05,1.44484169616423e-07,6.61470803051766e-05,-1.46590420982821e-05,4.18459420783399e-05,2.55849806996992e-06,9.69641903516871e-05,-1.83383408599415e-05,-1.15642383912945e-06,-3.6477580957094e-06,2.12053911204563e-07,8.66078735830519e-06,-1.20478589437106e-06,-7.74893072915787e-08,1.86357458903839e-07,2.89178732435801e-05,8.57338609297426e-07,1.83434499981043e-05,-6.86146578313135e-06,2.12640391449564e-06,1.8950653458188e-07,-2.89744518746158e-06,0.0402653211987949,-3.70283188021003e-06,-1.17576358616673e-06,-0.0254502075389377,-1.91845230561795e-05,5.5066314068395e-07,8.85171646168475e-05,-1.24815649218786e-06,9.38016012885501e-07,8.59544661819129e-08,1.44000802485068e-09,7.12119026145735e-08,8.65404693903903e-08,-1.41006467546996e-06,-1.36955104088262e-07,1.21320673707896e-08,3.84256179113449e-09,7.81614282531125e-08,1.00397671369605e-09,6.08445625105819e-09,-8.79162738371966e-09,-1.33637068009326e-10,2.15516944928879e-09,1.23378079353793e-09,3.25793354631173e-07,-1.46491171931457e-08,-0.0114365411656315,3.73209020115092e-09,0.00044878014235516,1.57043302608591e-08,-5.13283192275583e-09,-2.25263880947722e-08,1.45727489922407e-07,-7.50988763240423e-11,1.03906630937319e-09,5.44452114526472e-09,2.33816937467123e-06,1.53701308599274e-09,-3.29992372542124e-09,-6.54010610710014e-09,-3.81009633650512e-08,4.7601124332783e-09,2.97670951641271e-09,3.01384378590779e-09,5.67327433281422e-07,-1.0308096308376e-10,-4.53663258628217e-05,8.30717905758505e-08,-9.86012101210671e-07,2.15707460898508e-08,8.40198883396079e-07,-1.85559836787781e-07,-6.55966316809444e-05,-9.73264815722597e-07,3.50704453371689e-06,-2.0959016245687e-05,-6.44343918179068e-08,-4.12042105249956e-08,-5.6563422240839e-08,9.3975765810268e-08,8.27419552146059e-09,-1.6111946058146e-08,-8.29129727688069e-08,-4.56875191181011e-07,3.84944004863407e-06,1.49825920714136e-07,4.89069428840975e-07,-1.27920874547438e-07,-6.5761149040481e-08,-6.94717147618045e-07,-4.93044229808611e-08,-7.84624546591161e-08,-6.33420462129489e-08,1.35517158325817e-06,4.50317042058671e-07,2.17552776153883e-08,3.64414608236386e-08,-1.94848648153018e-09,-3.21644861632305e-08,-1.68118044935346e-07,-2.01813759095276e-17,-2.55259932816754e-08,1.92220198653884e-06,-5.51421432874847e-08,-1.00561590644481e-06,-1.62833541013252e-07,1.9475564952822e-07,-3.21103854433065e-08,1.16873129188933e-06,-2.66777138312504e-09,1.76384620971837e-10,-4.53110903227626e-07,4.1394570807416e-07,-1.30267115974448e-08,1.78465080504203e-06,-8.347544584715e-08,3.24905507573473e-08,-2.17125064479309e-09,0.00040866933611792,-0.000366472428670812,1.18719228870197e-06,4.60368097848797e-08,-9.01714182497591e-09,2.0098294735847e-07,-3.92515986916105e-08,4.35352575988065e-06,-3.55024067662139e-06,2.26841053254616e-08,-7.76753459970708e-09,8.82276325558895e-06,4.08924476291555e-06,-0.000318564725087376,3.25170009174317e-09,1.8598788015969e-09,-5.54646074344539e-09,7.88554814566179e-07,-6.9717986135171e-07,1.57580639980081e-07,-3.42228641328279e-06,1.66472664464522e-06,-3.09186739165765e-05,2.80825503697503e-07,-1.64854971236628e-07,5.59427274894707e-08,6.44750341174026e-17,-1.38754601384603e-07,-4.75857221688964e-09,-1.08520597311977e-08,-2.17619186816059e-05,6.80012644413716e-09,-4.22793948730948e-09,-9.89742517007791e-08,1.1354113897087e-08,-9.05198732090893e-08,2.37150553200987e-07,8.71232132562491e-09,-7.86760130473485e-09,1.02130649792475e-07,-1.24242519442276e-07,1.04166705906311e-05,-5.93361519991218e-08,6.88168970066459e-07,3.44586125005077e-09,2.9713580711304e-08,1.43905704581818e-07,-1.21020363354216e-06,9.80049315075663e-05,-1.08668255214441e-07,1.46309414266703e-07,-5.30845704615975e-07,3.3414673031756e-08,3.01848294848739e-08,2.30139445307811e-07,-6.1872060479296e-07,-3.10742457440431e-08,4.04498539007189e-07,-1.65459234062331e-07,4.08825001573205e-09,3.80161729201164e-08,-7.37519481803855e-08,-6.1662399787785e-17,2.31933102175209e-10,5.08654040919058e-05,-8.17418232119024e-08,6.02693579015619e-08,8.61857927226675e-08,1.58651310285149e-08,3.71141826420444e-08,-5.46549430059556e-07,2.05149036724551e-07,5.28791704782747e-17,-1.65387095733409e-07,-2.07043029570929e-09,-1.00610789000087e-08,0.000559109404703113,3.80248309861515e-08,-2.60910213568633e-09,-1.00804713145666e-07,2.69784018490849e-08,-1.43297765218422e-06,1.70407881740522e-07,-3.46714941971063e-08,-6.27584009789571e-08,-3.32088693331504e-09,-3.28820805789135e-09,-6.27880508099188e-08,1.40770841725771e-05,-6.72389636301457e-08,-7.40506301088338e-17,-1.38185222163452e-06,1.08536578957874e-07,4.99554662529778e-09,2.74677781539702e-08,-1.28875153315939e-07,-2.72291427485732e-07,1.65334465436329e-06,-1.28694408348606e-05,-2.26257987530864e-08,4.91296233579529e-17,-4.28466975290328e-08,-2.64650006297636e-05,-5.38607972996583e-08,3.4589151182119e-17,1.01812736544794e-07,1.02465764820241e-06,-1.56278074037308e-07,-8.31138631683613e-08,-2.77027533205207e-08,-1.4820155432489e-08,-5.29958541752508e-07,1.48191205455948e-08,1.57667218571277e-07,0.000136132203529411,3.1817779339511e-08,3.20958357219983e-07,6.48267241451049e-17,-1.2741044743556e-07,5.97941977665589e-08,3.8670048420568e-07,-3.89382272063536e-08,5.67574824124956e-17,-3.77155911905573e-08,4.86416436609773e-08,-1.68473424068057e-08,-1.49769142784841e-08,-3.78887773069017e-08,2.79760586045356e-07,-5.3214222028065e-07,7.39553006788001e-08,4.87094990047682e-16,2.69420926918189e-07,-3.59434815473121e-07,1.59320335120274e-06,3.33156636317146e-07,-3.38589429979167e-08,-2.27351154992884e-10,-1.35200010908942e-16,6.18142155232332e-16,-2.19769637887106e-10,-1.95779930050912e-07,2.58148807376402e-08,-3.74244623124966e-08,1.43897421888689e-16,-1.78348104765572e-08,-2.11030135336781e-10,-3.4932675171897e-16,5.24651481500183e-16,4.56846608484971e-16,4.50609093861323e-08,1.33037500299312e-07,-1.9320932516932e-07,1.1490091193181e-07,5.73577188504511e-08,1.31943358449244e-07,-7.32262288769683e-05,1.03889334398169e-16,-2.89282660534517e-07,2.16735728343474e-07,-7.99764618694407e-16,1.40187546587113e-15,-7.23998286811202e-06,-1.06663711969521e-11,-8.18527065134019e-08,6.41382598434094e-08,8.1446984625322e-08,-4.38546175541373e-09,-3.28118386715024e-16,-1.47708427275941e-08,-5.88512652460866e-16,-5.0591248422677e-08,-7.03176259624419e-16,-9.2372595829479e-08,-5.07561471590543e-16,7.26936949201471e-08,1.00710710834e-07,6.19906517764579e-09,8.22301174074025e-08,4.53121346146349e-07,-3.338801244491e-08,3.46476535577649e-07,1.21826697432453e-08,5.93596077578148e-08,5.8567890757255e-09,1.1624401516284e-07,-0.00738879727143678,1.00282419675471e-08,-8.80590814520731e-10,-3.00044098717373e-08,-1.67600885054332e-16,2.06959603805642e-05,-1.55828842790749e-05,6.743219972959e-09,7.87709038498812e-15,8.06233606490647e-10,1.64943117870135e-08,4.86853211700251e-08,-2.00803885630336e-15,-1.35906637702342e-05,-3.17592330293627e-10,-1.05985141339056e-15,3.90426605071567e-09,-1.78615417156866e-06,-1.12818670984105e-14,5.47192684916709e-14,0.482640855029406,-7.95551826867849e-07,-8.90599052762012e-10,-7.07201606100695e-07,1.17918074831293e-07,0.000579787647795969,2.85687528787697e-08,2.8566489501538e-07,-4.40601992185156e-07,1.83266081347014e-15,9.78261280309985e-09,6.08573519847871e-10,1.66040957010078e-09,1.53578833847701e-07,-1.34897817058562e-15,1.52911330674801e-16,4.98714404396504e-08,-2.94563351100003e-16,-6.71502814071516e-16,3.07889188152314e-07,-3.46359634126666e-07,-7.08645781037409e-07,-3.96672471439155e-09,1.82520190894283e-05,1.25955621786108e-07,1.09183292238215e-08,6.87946661322314e-16,2.9432227559136e-08,1.40277906230945e-09,6.48284847955937e-09,-2.46671658187801e-05,3.20919379020049e-06,-6.10855171633994e-16,-6.09905330945012e-19,-2.68066545180758e-16,-2.97449577791832e-08,-1.73480453761023e-07,-9.19455669915462e-08,1.11472887299229e-16,-0.000238864642947851,-7.80994937096768e-17,-5.68410318453768e-16,6.38513434924074e-06,-1.443614284528e-07,4.7867092234366e-14,-9.17451697986048e-07,-0.25331597341232,-2.11519413486183e-14,-6.29785167540274e-07,-6.30893423822454e-15,-7.02355784544771e-08,-1.29387869217306e-15,-6.62848225640532e-08,-5.50434975215784e-07,-6.85818356845993e-06,-1.68442811120733e-08,-1.01653372854103e-07,2.3399471005113e-07,-5.88540053098901e-08,-4.92151224095705e-16,-1.64564586947749e-06,1.4107578236988e-07,9.00460033645174e-17,1.09028814828707e-08,2.83978553483369e-08,-4.11684813226041e-08,-4.36914262340494e-16,-1.32675522289715e-08,-2.20317352736131e-05,-6.58320321951224e-17,3.52828120265757e-08,7.43315536816089e-09,5.51261905425656e-06,-3.34564176450089e-17,-8.57605305146823e-17,-3.12277358995939e-09,-6.82687717449726e-10,-5.09749950046338e-11,-2.47920518940208e-09,2.32087388867586e-10,4.74869327122986e-16,1.24392666150722e-16,1.0132095263238e-09,7.12556377576379e-12,6.10820213402412e-16,3.13694104360055e-09,-1.89716949877492e-16,2.12151531913324e-08,-8.52827479685762e-10,-5.03930440334357e-10,-3.48560585740872e-09,-8.40087978278929e-15,-3.180313716168e-16,3.65760933382719e-16,-9.5561424253191e-16,-6.37313300001529e-06,-9.15611247690334e-09,5.69818695554343e-16,3.72045221568206e-17,7.50708899747716e-16,2.18448367260465e-08,1.26448243817457e-10,-1.17918813346977e-08,-4.46288554111677e-16,-8.72850511486611e-16,-2.2291196666302e-16,-5.42008120090768e-08,1.83941010060797e-08,1.11170500177498e-16,2.13400961118334e-09,-2.92010836846061e-06,-1.14807336448004e-16,-5.82703583499401e-16,-5.89820138220057e-09,-6.06241792017639e-11,-2.99812433045861e-09,1.06400732851798e-16,3.49280138940107e-09,5.17806994514184e-09,5.68777482597741e-09,-5.34088362346781e-09,-1.91680438619835e-08,1.65529772448292e-09,1.16887913445579e-16,-6.97227425007144e-17,-3.96256553904347e-17,3.36986392565069e-08,-4.85922894872032e-08,-1.675551855444e-09,-1.36696974561033e-09,-4.42639942178148e-16,5.22620916191181e-17,-4.17610913762787e-16,-4.64412517136158e-16,3.10952822461365e-16,1.74736995887511e-07,-4.43387760155648e-16,-3.30569759901504e-17,-1.10566588655815e-09,9.362202896605e-17,-9.90385829402536e-10,-2.04950237331057e-17,-1.22916109531415e-09,-1.69991111310271e-17,-1.51836955983812e-09,-1.90886693487086e-10,-1.21302042259753e-07,6.0541610882912e-16,6.21847764117623e-09,1.13686752578264e-16,8.97445791610711e-09,-4.16872087008161e-07,8.91215102211751e-11,-9.70083073390735e-16,1.31149384927954e-08,2.91013649876458e-16,-3.2621264719866e-09,-1.84232048223026e-08,-5.32108889044227e-16,-4.02962467902307e-16,2.41000313009576e-16,-2.50331582957437e-15,-6.24329993854811e-11,-8.15006558976639e-10,-1.82507608853563e-10,2.07129470967836e-16,-4.26115472898508e-16,-3.20118756034717e-05,1.08781456447911e-07,1.13034061799355e-15,-6.21593577532462e-17,-8.5462915290952e-10,4.51296770123247e-16,-6.07556839019824e-09,2.91028733015282e-16,5.78661739920028e-08,1.61378372254422e-16,-5.95450987698588e-16,1.26481117447102e-16,-4.71265494884839e-16,-3.81714836704334e-17,1.31851060093053e-15,7.81519945586599e-09,-5.46675861449418e-08,3.7676601566642e-16,-5.27692698110703e-09,2.01181591084649e-08,-5.47414004020088e-16,4.75601005016268e-17,-1.43188528461403e-16,-6.31595500048219e-16,2.0022070213284e-09,3.20888977850351e-10,1.91087541522828e-16,-3.40521002975464e-16,-3.65260462288011e-09,-1.30336862610537e-08,-3.20651383286491e-06,-1.25785223433109e-15,-3.35030119599229e-16,4.8417375281203e-16,-5.18065705733052e-16,1.11966854728629e-15,2.72791143454343e-16,7.83128071295293e-09,-7.41757396914936e-09,-1.42828846571715e-09,6.89396959577366e-16,-3.47033090036881e-16,8.22114198955642e-17,9.35021945231219e-17,1.65267678905501e-15,-2.65855120924526e-15,7.04602685060695e-16,1.35372368566123e-15,-2.02154945779198e-15,-1.34132565787971e-15,-5.9428174491374e-17,2.71777889923859e-15,-2.05193298258074e-16,-4.05354613971869e-16,5.53381207601864e-09,3.45028513194563e-15,3.04967688877291e-15,-6.21902309330995e-15,1.24885565308063e-07,-1.36965753591093e-10,1.70899217650737e-15,-2.0288749434763e-09,1.14600772640332e-07,5.61117276762128e-17,8.65271242457922e-16,-2.01907855713852e-08,1.82156920583806e-14,2.84544547803317e-09,-2.04369272957797e-15,-0.707106781186547,1.53708253968326e-15,-2.39422811728901e-14,2.55221981855937e-10,-3.50659270241672e-08,-1.55584950371952e-14,3.17836805370028e-16,-5.31287522988273e-17,-1.41010314536437e-15,-2.52242684747363e-15,-1.097235710346e-15,5.37648224785817e-16,-8.45923386671912e-16,2.98010532148148e-09,4.67986040493683e-16,9.41657893051756e-16,-5.62512837444188e-16,-1.58376220121579e-15,3.8348684132439e-16,1.83463883675219e-15,-8.55022174507273e-09,-1.06005119804743e-15,-3.85259090337143e-16,6.37987985393024e-09,-1.08472330984923e-15,5.19610491164531e-16,5.55925811271899e-17,3.58636761223749e-16,1.87892064585376e-06,-2.23070024699991e-15,-3.96782865760768e-09,-1.78815743163982e-15,-2.47839090291095e-16,1.40376915298977e-16,-8.19244999098219e-16,1.31418686115256e-16,2.70931404461866e-16,1.43842370523087e-10,5.20192994118313e-16,-5.00358767959145e-16,5.6154021379218e-09,-1.80016233127737e-08,2.27084755004428e-16,1.26358917786439e-08,1.85184356267665e-09,7.27372361803939e-16,-7.43719872236636e-16,-7.05008219207257e-16,7.42626034809707e-16,-8.43039090586698e-16,-3.13851617595333e-09,6.86424080095968e-16,3.10753585449081e-16,3.73168028457218e-17,1.25931294126994e-09,-3.14356691918512e-16,5.61325967062913e-16,1.6810818391147e-16,8.11789113463248e-17,-5.75426328457403e-10,-9.49447438642841e-17,2.72173806230457e-06,1.05146806274635e-16,4.79993486249881e-16,2.69515083502146e-16,-7.47873417738293e-16,1.54326680241503e-18,-3.30498272170293e-16,-2.25258961081653e-16,-2.08416360774572e-08,2.58806367378159e-16,2.26197263457284e-16,1.39419406555804e-08,-9.49447865984617e-17,-7.25738866420052e-17,-2.36152015371032e-16,1.22556792435381e-16,-1.45012982408475e-16,4.70117658386622e-18,-9.24602382695436e-09,1.94589095479598e-16,8.89835591564479e-17,3.02404328617316e-08,2.62588054926944e-16,-9.18896612768583e-17,3.74222114416959e-16,-2.9416021235808e-16,-2.290624618101e-16,6.90748210730549e-16,-5.06558978104686e-16,1.4102707232645e-19,1.49590583566716e-16,1.75842204803186e-16,4.55786273028069e-16,-1.59497446162125e-08,3.32990875104407e-08,5.35933723319843e-16,-3.65793492828666e-16,1.27882705313806e-16,-1.50174884181617e-16,1.26712740777454e-15,6.40248249366221e-17,-8.31411268759353e-17,-3.95346726875892e-16,-4.19638501885223e-10,-4.77842946162661e-16,5.57422114592477e-17,1.7076788213915e-16,-3.14802175052398e-16,5.38860360604445e-10,2.98340303430136e-16,-5.91269662107363e-10,1.33743239944161e-16,-3.27387782952447e-17,1.25698877169068e-17,8.4871258064785e-18,8.872896825456e-18,3.80861035965235e-16,2.23567984048874e-17,-3.21956658582042e-17,-3.13823536331031e-16,-4.49504944691431e-16,5.25430522514301e-17,7.17681612152304e-17,1.3785513766027e-16,1.74845555280787e-16,3.53651237910686e-17,-1.28426333031137e-16,1.45309491658585e-16,-2.14455654745979e-16,3.37952253578484e-17,2.23504621111649e-16,1.4882707696437e-16,-1.1622945812733e-16,-2.77015287165493e-17,7.86453825009187e-17,-1.55618112526447e-16,4.12516227747752e-11,2.0360630666447e-16,-8.39489105261643e-17,-6.67916154244209e-17,-2.34051100287081e-17,-8.23257837232541e-17,2.28526231134011e-16,1.47465700358665e-16,-2.30230706580682e-16,1.1143638934722e-16,-2.2915408503157e-17,-5.59739700336376e-16,4.97459576325748e-18,1.65488050711455e-17,-1.74078062207928e-16,1.16440645808777e-16,2.82702674822854e-17,7.06083922811918e-17,-5.34887345387152e-10,3.99436795205286e-17,6.25412976632235e-17,-4.87930757587582e-17,-4.97920498401508e-18,4.34374005766483e-17,-7.13759591071014e-17,-5.14289963455998e-17,-7.39637181841013e-17,6.4267822876016e-17,1.14172912776396e-10,-5.85168651495297e-17,-2.19356598845791e-17,-5.8066628184411e-17,2.90476313224738e-17,-3.04722768588241e-17,-8.85120866355737e-17,-3.91217562308212e-17,9.34381181908146e-17,-5.54573171109785e-17,-8.73057893162045e-17,3.09031107499381e-17,-4.7709197167185e-17,8.3730707258548e-17,5.80164222639912e-10,-9.5091931525437e-17,-1.01356702964341e-16,-3.98805640075197e-17,-6.59018738018158e-16,-1.75195903343317e-09,1.26517159278202e-16,-1.13165257295322e-17,-2.8972016221588e-17,9.00952380020264e-18,-1.2670016622505e-16,-7.78601818181453e-17,3.41166852962908e-16,1.51344566493185e-17,-5.10263885648737e-18,-8.05056195645727e-17,-3.0706096143163e-17,6.21214939472325e-17,-4.80274377723482e-17,6.10997096568896e-17,-4.60679714068628e-17,8.48100888453665e-17,-1.82555016904238e-16
"t572",-0.0480506887171194,-0.0803208280642064,0.0284265463932687,0.0412767274542033,0.0034896511688555,-0.00162228224390219,0.00914210398488167,0.000173576317594438,7.80920462380019e-05,-0.000336812725280966,-0.000193273602863191,0.0179676926907545,-0.0322730859446173,0.00592496650080442,0.00525990807439286,0.00736442094074191,0.000755083212458289,-0.0450680025702907,-4.93758562442953e-05,-1.64421868945193e-05,0.000179869418977291,5.58574461819785e-05,-0.000266658251256817,0.005287577232898,-0.0157644194551832,-2.84083410862544e-05,2.86078584834525e-05,-2.35483732531787e-05,0.000284931727981702,-1.05851583644692e-06,1.83870037764978e-07,-7.86572897728179e-07,0.000899458578175239,8.54838881542044e-06,1.21928306535496e-06,2.74247197529367e-05,0.0538123947607259,7.01316741428927e-06,4.01745643303657e-05,6.75885145219128e-06,0.000197744721864672,-1.70509893383976e-05,0.000185853961253745,-1.09817658374773e-05,0.000344599843631926,6.53192284818966e-06,-0.288199078564999,-0.00082690257919638,3.55337034516255e-05,-5.1248124423991e-05,0.000490677506141179,-2.36803397186619e-05,3.30195535600866e-08,-7.0800624435338e-05,3.47858138306065e-06,-3.60771180681714e-05,1.18172584161207e-06,-7.69453635437658e-05,2.60252116039567e-05,-2.65924115708812e-05,-2.25573799322348e-05,3.45616205076035e-06,-0.000112025797761889,5.95228364974173e-05,-4.2116708861599e-06,0.000161952201849651,-5.9818971037947e-07,2.11041064450592e-05,-5.7721081084778e-05,2.27102075179924e-05,-0.000637535454298464,5.99650487667051e-05,-3.07244619325224e-06,-0.0192297286890465,-0.0136485502670786,2.27639088287174e-08,-0.000180824242316773,5.46867504058484e-06,-2.63867474046894e-05,-3.3624377045158e-05,1.14178547236814e-05,0.000177100110601839,-3.02825579695592e-05,-0.000217187751328444,4.12353422638098e-05,0.0237299721410802,0.0018795909563046,2.4439289822823e-05,7.46546914665351e-06,-0.00166666941816662,2.69390398206339e-05,-1.53158099977263e-06,-1.29285252768526e-05,0.00192269714771427,1.09903610354895e-07,-4.27491348003438e-06,-0.000914781642615429,-1.52483614699032e-05,2.06012431224062e-05,3.26060949041877e-06,5.8513313611904e-07,-0.00441194380015402,2.17042151218372e-08,1.48558289493881e-06,-1.34637036931547e-06,0.0573940691761833,2.82089148611919e-05,-8.67476802204326e-06,1.76652080723571e-06,-1.68134750142406e-07,-4.90556045618148e-07,1.19977780204711e-06,-2.36852008892057e-06,6.83018819764064e-06,-3.87613979886355e-08,1.81071058926505e-06,-2.88274033433747e-06,3.68536395353565e-06,-4.40068489001784e-06,1.22127381888569e-05,-4.88891881360643e-05,1.50477922293064e-05,-1.69141613225037e-05,-4.67894331688503e-05,1.56320692737268e-05,-0.000181850013715262,1.87938711853433e-05,-7.23776483942813e-06,3.74290021402809e-05,0.00128461036744094,-0.0418636367226421,0.000613289411650225,-0.306960074456713,0.000207775227524973,-1.48766952254462e-05,-6.19667980970658e-05,1.45919678944234e-07,6.68173545430195e-05,-1.48115534663355e-05,4.22816244389138e-05,2.5852550362531e-06,9.79805488781975e-05,-1.85312595661922e-05,-1.16860625042923e-06,-3.68618631931851e-06,2.14310038742445e-07,8.75474367828674e-06,-1.21811301926468e-06,-7.83506112355039e-08,1.88450785118449e-07,2.92429746912286e-05,8.67015567225774e-07,1.85509820826012e-05,-6.93930112257808e-06,2.15111532438779e-06,1.91717261803546e-07,-2.93133729562854e-06,0.0407653222267658,-3.74946631502525e-06,-1.1906033897916e-06,-0.025775248924025,-1.94301333010482e-05,5.57819618815877e-07,8.96696302672192e-05,-1.26464387945402e-06,9.50579148200372e-07,8.71517875385536e-08,1.46009414248447e-09,7.22055666468767e-08,8.77543989834336e-08,-1.42996589504195e-06,-1.3888975245672e-07,1.23055266788756e-08,3.89770828012588e-09,7.92922879893927e-08,1.0185313699084e-09,6.17275214539242e-09,-8.92160787350352e-09,-1.35650667198938e-10,2.1877491614056e-09,1.25248945135635e-09,3.30778745530317e-07,-1.48740658541324e-08,-0.0116127577753936,3.78977957943601e-09,0.000455792002609337,1.59503493490308e-08,-5.21508478275162e-09,-2.2887638731427e-08,1.4808210294649e-07,-7.63374250849516e-11,1.05649306579989e-09,5.53636279854518e-09,2.37794954687126e-06,1.56332943739967e-09,-3.35749220595187e-09,-6.65466216859276e-09,-3.8774033446062e-08,4.84455900158774e-09,3.0312497730498e-09,3.06914757959018e-09,5.77878860680636e-07,-1.05023501581584e-10,-4.62481532002238e-05,8.4686762333933e-08,-1.0052352009828e-06,2.19949294568841e-08,8.56820001747364e-07,-1.89288816191922e-07,-6.69404685007806e-05,-9.93511160253655e-07,3.58034344080388e-06,-2.14063821821043e-05,-6.58257306948746e-08,-4.20942078711426e-08,-5.77961605874665e-08,9.60704756424652e-08,8.45941914794155e-09,-1.64809051349726e-08,-8.48413837214108e-08,-4.67558229283306e-07,3.94143961738269e-06,1.53425217762616e-07,5.00884904266262e-07,-1.31064628374396e-07,-6.73828404977592e-08,-7.11863515851273e-07,-5.05440116588948e-08,-8.04572130871275e-08,-6.49723537949326e-08,1.39024581329679e-06,4.62039205905303e-07,2.232463588283e-08,3.73966205735782e-08,-2.00027659559462e-09,-3.30268461299361e-08,-1.72667792013939e-07,7.10514143403701e-17,-2.62260796264119e-08,1.97506141189538e-06,-5.66865073951252e-08,-1.03417693853274e-06,-1.67511578153271e-07,2.00354615669048e-07,-3.30532247291127e-08,1.20316952731015e-06,-2.74650873390029e-09,1.81630932835266e-10,-4.66658927012503e-07,4.26441099013332e-07,-1.34215956625312e-08,1.83884360775067e-06,-8.60343874066611e-08,3.3526459257701e-08,-2.24143785807997e-09,0.000422031718143353,-0.000378754661209624,1.22705042614036e-06,4.76091205311123e-08,-9.32806411665074e-09,2.080078601148e-07,-4.06295214642605e-08,4.50705176250326e-06,-3.6762292651168e-06,2.34966227658924e-08,-8.04605321862012e-09,9.14664050895035e-06,4.23943859196565e-06,-0.000330272340122781,3.37196524914984e-09,1.92882955151954e-09,-5.75363150195105e-09,8.18049900875856e-07,-7.24455006531366e-07,1.63775926240648e-07,-3.55735889551726e-06,1.73102042372947e-06,-3.21587528815151e-05,2.92271269381309e-07,-1.71605472142436e-07,5.82419401036967e-08,-2.49206556931924e-17,-1.44529979013417e-07,-4.95696828716834e-09,-1.13069656141241e-08,-2.26859094191575e-05,7.09203991769301e-09,-4.41038204979906e-09,-1.03256149805403e-07,1.18618420621924e-08,-9.45763251759031e-08,2.47784049242795e-07,9.10677539200161e-09,-8.23373264902092e-09,1.06906086191627e-07,-1.30071069256261e-07,1.09106912553919e-05,-6.2269322038064e-08,7.22783136095426e-07,3.61935996386786e-09,3.12101068802396e-08,1.51471526428432e-07,-1.2770691699691e-06,0.000103454309574104,-1.14766934913317e-07,1.54613749677916e-07,-5.61080433882314e-07,3.5373790387348e-08,3.19584508521899e-08,2.43716451837626e-07,-6.5532205325549e-07,-3.29291393882047e-08,4.28886140222241e-07,-1.75527534940644e-07,4.33802902821884e-09,4.03548084531828e-08,-7.83557603116847e-08,7.23258879277944e-17,2.47765781428664e-10,5.43689047818946e-05,-8.74480738656639e-08,6.44783257358865e-08,9.2207184546403e-08,1.69772057344283e-08,3.97319222161164e-08,-5.85384496463365e-07,2.19946399160742e-07,-3.75157732118798e-17,-1.77735434564539e-07,-2.22568105434356e-09,-1.08224899262961e-08,0.000601468728568654,4.09722078156591e-08,-2.81390826545983e-09,-1.08860276988147e-07,2.91610446040103e-08,-1.55204934564012e-06,1.84921304640435e-07,-3.76714412051214e-08,-6.82372083987043e-08,-3.61241291891616e-09,-3.57973236365667e-09,-6.83607383581946e-08,1.53352760440744e-05,-7.32815635634082e-08,4.39465498595674e-16,-1.51122125534742e-06,1.18784830108693e-07,5.46727635749128e-09,3.01254435704545e-08,-1.41390648565358e-07,-2.99961449397684e-07,1.82355659759793e-06,-1.41977654783747e-05,-2.49840418221512e-08,-8.52231657963871e-17,-4.73627028651768e-08,-2.92660442733763e-05,-5.96511745420574e-08,1.01761499555262e-16,1.12945801626109e-07,1.13715358530721e-06,-1.73471469521177e-07,-9.2297394155798e-08,-3.07859706933511e-08,-1.64785993747086e-08,-5.89517077342787e-07,1.65057962155797e-08,1.75639586307734e-07,0.000151786240948806,3.55335463659167e-08,3.58470417728541e-07,1.84569342159634e-17,-1.42762909909155e-07,6.703770374801e-08,4.34100966510884e-07,-4.37976708671173e-08,-3.27106415816963e-16,-4.26100466352034e-08,5.52413541754474e-08,-1.91799421219892e-08,-1.70703017329567e-08,-4.32454394898731e-08,3.20164066362017e-07,-6.11725218566278e-07,8.60364776639881e-08,-7.64817823579596e-16,3.1712573159953e-07,-4.23534414033831e-07,1.88161838974529e-06,3.94744965242954e-07,-4.01283343277911e-08,-2.69699605107668e-10,-1.54390389361936e-16,-7.58470244161407e-16,-2.62147769997274e-10,-2.34706157656918e-07,3.09673127170782e-08,-4.51051452762427e-08,7.63972161837426e-17,-2.17307075184287e-08,-2.58454340060988e-10,4.18884865257717e-16,-5.03335828679908e-16,-6.99907870309632e-16,5.6159569056358e-08,1.66201648740196e-07,-2.43447849740075e-07,1.45890621691837e-07,7.28947977066063e-08,1.69143140327585e-07,-9.39682411654564e-05,-3.40019426772344e-17,-3.784433268039e-07,2.85629901347315e-07,7.2541356732285e-16,-1.49734850578992e-15,-9.85392698898826e-06,-1.46442742380246e-11,-1.13771695576294e-07,8.99295424599442e-08,1.16251733640557e-07,-6.27848201423271e-09,1.17891431157257e-16,-2.12360303311285e-08,2.93248709574636e-16,-7.36578362463369e-08,1.27732568445948e-17,-1.35810123133054e-07,7.70580903676071e-16,1.08284835773285e-07,1.5043054059559e-07,9.63341662895497e-09,1.28985107562716e-07,7.13612200234328e-07,-5.35472399889869e-08,5.65132429069251e-07,2.07589872998974e-08,1.01189850481681e-07,1.01341362927535e-08,2.07144773265058e-07,-0.0137628984177997,1.94900214989026e-08,-1.77687733646462e-09,-6.17662607805371e-08,1.25552779468115e-16,4.5673875171247e-05,-3.72787736526926e-05,2.30661559540349e-08,2.91761314652864e-14,3.27397819821654e-09,9.98427306130791e-08,3.88000692800296e-07,2.16000958616538e-15,-0.00013115175954636,-5.46145453246879e-08,1.44294453460282e-15,-7.79417991398211e-08,3.12856076023515e-06,1.22666918166642e-14,-5.83799381989811e-14,-0.514189999047198,8.11812336255151e-07,7.42880830389099e-10,4.63773450774435e-07,-4.24033641617459e-08,-0.000196573890143522,-8.88602457322515e-09,-1.98854184475253e-08,-3.01196488720234e-08,2.77013655070046e-16,1.08898995768532e-09,7.19841044301082e-11,2.35541835659637e-10,2.58803536816622e-08,1.58704595502608e-15,1.29914523192104e-16,1.00904536235002e-08,5.68610587018592e-16,-6.35943874159195e-16,1.11688390472002e-07,-1.32949926297321e-07,-2.72315864117407e-07,-1.68799036320138e-09,7.86072466564056e-06,5.43830874999502e-08,4.7896304124289e-09,-9.7353179141618e-16,1.47894650067581e-08,7.21273950371285e-10,3.35750180336129e-09,-1.32121488479489e-05,1.81203386467862e-06,9.71852612918178e-16,-6.87951722952476e-16,-8.99185499620477e-16,-1.78561350054163e-08,-1.06499202849137e-07,-5.65365646483896e-08,1.10921909504104e-16,-0.000149780699276149,1.00565208892791e-15,-6.81199155294247e-16,4.29199879192834e-06,-9.71090277559256e-08,2.60833970524774e-14,-6.25731586637329e-07,-0.174085346233031,-1.572366517967e-14,-4.39162539866494e-07,-3.19344524594078e-15,-4.97703117619946e-08,-1.03309603939153e-15,-4.70351951826087e-08,-3.90996655461889e-07,-4.87742148072243e-06,-1.19989660187596e-08,-7.26750562240972e-08,1.69464909075492e-07,-4.3328937872961e-08,-6.87699341943663e-17,-1.23377733716043e-06,1.05959395612632e-07,-1.88926419710168e-16,8.20842833729557e-09,2.14703548308179e-08,-3.12410297280935e-08,-3.38025389487839e-16,-1.0188705079404e-08,-1.69569173296843e-05,-1.22866283151846e-16,2.72348706208248e-08,5.74577087688289e-09,4.2830268272262e-06,-6.51324244328852e-16,-6.7485732892444e-17,-2.45381181403996e-09,-5.38867384606138e-10,-4.0272097587854e-11,-1.99365880018929e-09,1.87124524920528e-10,7.09616785162386e-17,9.34772431054081e-17,8.18372577504217e-10,5.75636195370353e-12,-2.87801682772066e-16,2.54170454857199e-09,-2.01101253593943e-16,1.72369050393855e-08,-6.95444630520757e-10,-4.11039061337245e-10,-2.84591729055457e-09,-6.90209561433671e-15,-1.05850025781013e-16,1.07625215797554e-16,-9.21868980619076e-16,-5.24811848420159e-06,-7.54487696438046e-09,-2.19135871673782e-16,-3.6080273912633e-16,-6.92737953967454e-16,1.80436105938991e-08,1.04551045998161e-10,-9.77619098543447e-09,1.9885574476141e-16,8.04464459457088e-16,-8.42819805374657e-16,-4.53251845560126e-08,1.53863379337882e-08,-1.15494732176668e-16,1.79068812547396e-09,-2.45335548732013e-06,-6.83692312462431e-17,3.36170813792628e-16,-4.96959696634408e-09,-5.10907035577418e-11,-2.53079971523541e-09,-5.69138649842612e-17,2.95622883811019e-09,4.38888497438742e-09,4.83035397584233e-09,-4.54757379072121e-09,-1.63320909103401e-08,1.41218144529535e-09,-2.52767572191218e-16,-3.90082429026045e-17,-1.12917826514003e-16,2.89472350130511e-08,-4.17451320017345e-08,-1.44064785353011e-09,-1.18012519194091e-09,4.6567168699045e-17,-3.71894947185812e-16,-1.88507316386538e-16,-3.7630326719246e-16,1.55551544042706e-16,1.51464635535764e-07,3.70550105922533e-16,1.49948041623805e-16,-9.59872283349714e-10,-1.87520782623894e-16,-8.59862656479523e-10,-4.87638592369657e-17,-1.06731411868393e-09,-2.28551476481263e-16,-1.32183637770112e-09,-1.66278190932761e-10,-1.05760237464421e-07,2.8579942140107e-16,5.42770767106601e-09,-2.08423426671197e-16,7.85169838735626e-09,-3.6579846925637e-07,7.82123878822816e-11,3.20413815420663e-16,1.15229433812032e-08,-2.43047973597528e-16,-2.87129449593712e-09,-1.62173503301357e-08,-1.83748435038144e-16,-2.75891388658645e-16,-1.29163303336615e-16,-2.11706187603167e-15,-5.50372317878914e-11,-7.18732159505784e-10,-1.61018690394518e-10,2.06194924965703e-17,2.18594809245079e-16,-2.83004354265689e-05,9.61779815143401e-08,-1.02791352890369e-16,4.27375974403e-16,-7.57469572677073e-10,-9.83399891426135e-17,-5.38761704097854e-09,6.33151251382969e-16,5.13888378466609e-08,-5.59014192846963e-16,-3.54026752368508e-16,2.07832197465258e-16,7.82707496190972e-16,-1.61804942449236e-16,-5.60465129232339e-16,6.96028960064427e-09,-4.8689238767995e-08,-4.52681479508694e-16,-4.70440160087811e-09,1.79425933335585e-08,5.68833319028131e-16,-2.62743045029685e-16,-4.65902756697502e-16,-3.24530854259805e-16,1.78871598102265e-09,2.86784262853648e-10,-1.72423913303834e-16,3.38761638379068e-16,-3.26580552556128e-09,-1.16541099389238e-08,-2.86765183681757e-06,-4.28256970982799e-16,-3.63285277308331e-16,-1.53102907056656e-16,4.5295919589419e-16,-8.17729579725206e-16,-5.52170165827899e-16,7.02447493128002e-09,-6.65518551260368e-09,-1.28182918265462e-09,-8.61666131537034e-16,-1.44167920059075e-16,-5.11637612792873e-16,-3.22922838746564e-17,-2.47657349697933e-16,-8.61923701900107e-16,-4.08882445712024e-17,1.8527468189615e-16,6.82591919882761e-16,2.11471519258719e-16,-7.09005216436051e-16,-3.76450218737027e-16,-3.37194034102712e-16,4.9554894668491e-16,4.98784497622488e-09,2.39396572684176e-15,-1.06781868501121e-15,-4.75935739077252e-15,1.12626116643135e-07,-1.23535233545811e-10,-8.13660639196002e-16,-1.83008235346951e-09,1.03440688955117e-07,-8.72606751987144e-16,-2.06007488757195e-16,-1.82394432550883e-08,-5.59090452167064e-16,2.57297512509253e-09,-2.38617021641179e-16,2.12851815932387e-15,-8.27792315587336e-17,-9.28165710834299e-16,2.31147794733297e-10,-3.17593733553436e-08,1.82936502546024e-15,2.61034156782532e-16,4.67305195513327e-16,-1.12362779606218e-16,4.85099157024327e-16,-9.52995894343273e-16,4.82198937031299e-16,-8.34723141647389e-16,2.71256913903414e-09,2.30147401467038e-15,-1.39805111680823e-15,4.9031630615705e-16,2.75630723035857e-15,2.13884744352969e-15,-3.62623130638884e-17,-7.79053675842757e-09,-2.73979376374481e-15,2.4954818027397e-15,5.81410253916707e-09,-2.6338641502271e-15,1.91830668686466e-15,-8.29841710031798e-15,-1.96230649602233e-15,1.71593002939864e-06,-0.707106781186548,-3.62497189336734e-09,-8.74940152797782e-16,1.01385960961891e-14,9.48416196778352e-16,1.47439935840579e-14,2.92219140412476e-15,-1.04149286831557e-14,1.31512983099804e-10,-9.12736683558446e-15,-6.2624659015737e-16,5.13693855570498e-09,-1.6468258768827e-08,-2.52658213713203e-15,1.15651622305674e-08,1.69517950533211e-09,-1.729697800911e-15,4.50499124207878e-15,8.52130834292238e-16,4.67476813633346e-18,-1.74541202149528e-15,-2.87926413284532e-09,-2.53585539370867e-16,1.50474106082715e-16,6.58099597729149e-16,1.15591963914065e-09,1.38006506906362e-16,1.46700771888585e-15,-1.30595326287845e-15,-1.5405519387733e-16,-5.28558900221529e-10,8.35736660812113e-16,2.50060364060097e-06,5.0844333086513e-16,4.441277249694e-15,4.41643187928638e-17,5.26769691839103e-17,1.12986344418809e-16,6.00580967404854e-16,-8.2990355510811e-17,-1.9170117842583e-08,6.65997483778084e-16,3.29578876817038e-16,1.28273546459121e-08,-3.59576251819494e-16,1.64964336116812e-16,2.65092725150071e-16,-3.44603595234678e-16,4.42998488385374e-16,-3.22510833640804e-16,-8.51420748564632e-09,2.56870244934947e-16,-1.71011765224526e-16,2.78575681916693e-08,3.40652968598751e-16,4.69048881005011e-16,1.07543938243732e-16,8.76545240379809e-17,1.98809902317977e-16,-1.84582450486846e-16,5.23831681699976e-16,-1.67246378884501e-16,1.00100588689114e-17,1.0248113748415e-16,-5.80181776615865e-18,-1.47133134846637e-08,3.0722757785628e-08,4.48157035826338e-16,2.754177573114e-16,-7.26270906805917e-17,1.94034456712735e-16,2.04243360505535e-16,3.95572791583033e-16,-4.84544210569882e-16,5.30164054219645e-17,-3.87498756606156e-10,8.11683597038892e-17,-1.03903668280165e-16,-6.7387452948595e-17,-3.04644963297822e-16,4.97941240258548e-10,1.91459050757907e-16,-5.4679953831697e-10,2.19585502336398e-16,-1.77173477388292e-16,6.7940166730853e-17,2.52097988841663e-17,5.71915137156241e-17,3.42947982233467e-16,-8.75530842280295e-17,-7.06774723660184e-17,-1.16425088191989e-16,2.47542875357715e-16,2.1412584945402e-16,1.08599095979641e-16,1.15985835352966e-16,-1.26539161163116e-16,1.33546987000519e-16,9.68053105287283e-17,4.34513115022416e-17,-9.95608855309605e-17,-2.76782385316634e-16,7.5869886092865e-17,1.82525435737935e-16,-4.53183385896295e-17,-2.01787409509837e-16,-4.07734528618025e-16,6.99383916371697e-17,3.82550001174055e-11,-3.7808702636548e-16,1.2107850032315e-16,-8.02309366975526e-17,-2.05972527520037e-16,-1.69189253644193e-16,-2.01592432387145e-16,-2.27453604070994e-16,8.7064099140936e-17,9.80804842029093e-17,2.83228415531096e-17,-2.10402984097968e-17,6.27066701658749e-17,-1.451942483652e-16,1.19904706133401e-16,3.58017658588549e-17,-1.94166134824577e-16,-1.96088716749511e-16,-4.96915319405933e-10,-3.45736389554729e-17,-1.31046912525009e-16,-1.21636100543214e-16,-1.11344935762978e-16,8.11730064545294e-17,-6.97673556899995e-17,4.71338449299792e-17,-1.38108789792754e-16,6.50210122928088e-17,1.06254348935439e-10,1.88681675635249e-16,-5.65778114851736e-17,-1.64783001733411e-16,-4.07942579747937e-17,1.14382477780718e-16,-1.37356916388746e-16,-1.77787875754986e-17,2.37408259177228e-17,1.65639432225849e-16,-3.63463073005248e-17,4.83239324431732e-17,-4.93636326724734e-17,-2.63865288199946e-17,5.4083994307507e-10,2.67212625029704e-16,-6.19286331815463e-17,-6.61368377216229e-17,-4.6926302904246e-16,-1.63445640295773e-09,2.82280851386836e-18,-6.15731664183017e-17,-8.63791683623404e-17,-5.83932990786233e-17,3.68294166492849e-17,-6.74858916787801e-18,3.53517325029504e-16,3.81919805640728e-17,-1.89461926826556e-17,2.27416546574587e-17,-3.74203440582273e-17,5.36326587623817e-17,-1.11630249922995e-17,-4.72897122681122e-17,1.63835844619895e-17,5.4480021438751e-17,-2.10092044758678e-16
"t573",-0.0480506887171194,-0.0803208280642064,0.0284265463932687,0.0412767274542033,0.0034896511688555,-0.00162228224390219,0.00914210398488167,0.000173576317594438,7.80920462379983e-05,-0.000336812725280962,-0.000193273602863195,0.0179676926907545,-0.0322730859446173,0.00592496650080442,0.00525990807439286,0.00736442094074191,0.000755083212458295,-0.0450680025702908,-4.93758562442903e-05,-1.64421868945162e-05,0.00017986941897729,5.58574461819779e-05,-0.000266658251256822,0.00528757723289799,-0.0157644194551832,-2.84083410862422e-05,2.86078584834486e-05,-2.35483732531771e-05,0.000284931727981694,-1.05851583644982e-06,1.83870037766759e-07,-7.8657289771801e-07,0.000899458578175242,8.54838881542357e-06,1.21928306535704e-06,2.742471975295e-05,0.0538123947607259,7.01316741427868e-06,4.01745643303509e-05,6.75885145221562e-06,0.000197744721864675,-1.70509893383698e-05,0.000185853961253754,-1.09817658374283e-05,0.000344599843631934,6.53192284816315e-06,-0.288199078564999,-0.000826902579196379,3.55337034516076e-05,-5.12481244240513e-05,0.000490677506141178,-2.36803397186357e-05,3.30195535509212e-08,-7.08006244353497e-05,3.47858138309855e-06,-3.60771180681494e-05,1.18172584155883e-06,-7.69453635437795e-05,2.60252116039389e-05,-2.65924115708806e-05,-2.25573799322356e-05,3.45616205075444e-06,-0.000112025797761918,5.95228364974201e-05,-4.21167088615485e-06,0.000161952201849618,-5.98189710382981e-07,2.11041064450285e-05,-5.77210810847889e-05,2.27102075180169e-05,-0.00063753545429838,5.99650487667065e-05,-3.07244619322112e-06,-0.0192297286890465,-0.0136485502670786,2.27639088433254e-08,-0.000180824242316742,5.46867504064879e-06,-2.63867474046845e-05,-3.36243770451895e-05,1.14178547237122e-05,0.000177100110601876,-3.02825579695636e-05,-0.000217187751328388,4.12353422637962e-05,0.0237299721410801,0.00187959095630465,2.44392898228507e-05,7.46546914666091e-06,-0.00166666941816661,2.69390398206476e-05,-1.53158099979719e-06,-1.2928525276882e-05,0.0019226971477143,1.09903610362536e-07,-4.27491348004456e-06,-0.000914781642615415,-1.5248361469945e-05,2.06012431223865e-05,3.26060949045916e-06,5.85133136062392e-07,-0.00441194380015407,2.17042151050749e-08,1.48558289493717e-06,-1.34637036931381e-06,0.0573940691761833,2.82089148612122e-05,-8.67476802203567e-06,1.76652080720713e-06,-1.68134750126726e-07,-4.90556045634259e-07,1.19977780206946e-06,-2.36852008893724e-06,6.83018819767625e-06,-3.87613980303942e-08,1.81071058923796e-06,-2.88274033431598e-06,3.68536395357932e-06,-4.40068489000164e-06,1.22127381888217e-05,-4.88891881361189e-05,1.50477922292655e-05,-1.69141613224989e-05,-4.67894331688512e-05,1.56320692736739e-05,-0.000181850013715259,1.8793871185336e-05,-7.23776483936063e-06,3.74290021402696e-05,0.00128461036744094,-0.041863636722642,0.000613289411650184,-0.306960074456713,0.000207775227525021,-1.48766952256136e-05,-6.19667980970118e-05,1.4591967899451e-07,6.68173545430703e-05,-1.48115534663168e-05,4.22816244389371e-05,2.58525503623136e-06,9.79805488781878e-05,-1.85312595662044e-05,-1.16860625044476e-06,-3.686186319349e-06,2.14310038729834e-07,8.754743678266e-06,-1.21811301931971e-06,-7.83506112437514e-08,1.88450785147458e-07,2.92429746912701e-05,8.6701556723528e-07,1.85509820825692e-05,-6.93930112253842e-06,2.15111532436317e-06,1.91717261794807e-07,-2.9313372955992e-06,0.0407653222267657,-3.74946631503417e-06,-1.19060338978708e-06,-0.0257752489240251,-1.94301333010843e-05,5.57819618838911e-07,8.96696302672553e-05,-1.26464387933447e-06,9.50579148222782e-07,8.71517874971608e-08,1.46009416022082e-09,7.22055666296225e-08,8.77543989502474e-08,-1.42996589497129e-06,-1.38889752478671e-07,1.23055266334488e-08,3.8977082731689e-09,7.9292287933831e-08,1.01853138027772e-09,6.17275216836454e-09,-8.92160785789855e-09,-1.35650666873069e-10,2.18774921444257e-09,1.25248942865805e-09,3.30778745534854e-07,-1.48740658390074e-08,-0.0116127577753935,3.78977959215924e-09,0.000455792002609372,1.59503493771719e-08,-5.21508482615161e-09,-2.28876387718022e-08,1.48082102909114e-07,-7.63374036681673e-11,1.05649306068595e-09,5.53636284926707e-09,2.37794954687549e-06,1.56332945009447e-09,-3.35749223873356e-09,-6.65466216939905e-09,-3.87740334077961e-08,4.84455895899603e-09,3.03124975868646e-09,3.06914759381144e-09,5.77878860610169e-07,-1.05023499139698e-10,-4.62481532002839e-05,8.46867623056744e-08,-1.00523520094253e-06,2.19949294698824e-08,8.56820001735384e-07,-1.89288816158754e-07,-6.69404685007397e-05,-9.93511160226525e-07,3.58034344082787e-06,-2.14063821821601e-05,-6.58257307085389e-08,-4.20942078496394e-08,-5.77961605521809e-08,9.6070475696863e-08,8.45941914475841e-09,-1.64809051380252e-08,-8.48413836933718e-08,-4.67558229267559e-07,3.94143961742303e-06,1.53425217841094e-07,5.00884904273426e-07,-1.31064628355608e-07,-6.73828404431968e-08,-7.11863515863404e-07,-5.05440116577751e-08,-8.04572130751124e-08,-6.49723538166647e-08,1.39024581327288e-06,4.62039205923383e-07,2.23246358757419e-08,3.73966205752004e-08,-2.00027658702384e-09,-3.30268461315588e-08,-1.72667792041294e-07,6.94663715664877e-17,-2.62260797302598e-08,1.97506141188112e-06,-5.66865073959661e-08,-1.03417693861743e-06,-1.67511578167042e-07,2.00354615334713e-07,-3.30532247093372e-08,1.20316952730813e-06,-2.74650870702736e-09,1.81630960793753e-10,-4.6665892701817e-07,4.26441098847398e-07,-1.34215956902749e-08,1.83884360767743e-06,-8.60343873925908e-08,3.35264592375231e-08,-2.24143797773185e-09,0.000422031718143428,-0.000378754661209571,1.22705042625517e-06,4.76091205159091e-08,-9.32806408395594e-09,2.08007860128725e-07,-4.06295214566074e-08,4.50705176245615e-06,-3.67622926511442e-06,2.34966227675049e-08,-8.04605324134568e-09,9.14664050896799e-06,4.23943859186788e-06,-0.000330272340122899,3.37196524395318e-09,1.92882962475938e-09,-5.75363144201077e-09,8.18049900821021e-07,-7.24455006818632e-07,1.63775926269055e-07,-3.55735889550911e-06,1.73102042372171e-06,-3.21587528815311e-05,2.92271269372714e-07,-1.7160547212518e-07,5.8241940045453e-08,-4.17797565510369e-17,-1.44529979089154e-07,-4.95696820347417e-09,-1.13069656028894e-08,-2.26859094191341e-05,7.09203995229959e-09,-4.41038199931144e-09,-1.03256149706333e-07,1.18618421403078e-08,-9.45763251465265e-08,2.47784049294763e-07,9.10677539289743e-09,-8.23373259057993e-09,1.06906086269967e-07,-1.30071069323792e-07,1.09106912553726e-05,-6.2269322092332e-08,7.22783136107271e-07,3.61935991549534e-09,3.12101069269723e-08,1.51471526423382e-07,-1.27706916989101e-06,0.000103454309574115,-1.14766934964136e-07,1.54613749679354e-07,-5.61080433893284e-07,3.5373790434847e-08,3.19584508638884e-08,2.43716451897561e-07,-6.55322053258901e-07,-3.29291394988379e-08,4.28886140179046e-07,-1.75527534993304e-07,4.3380289791073e-09,4.03548084600686e-08,-7.83557603304713e-08,1.33766801925126e-17,2.4776577197476e-10,5.43689047817997e-05,-8.7448073660194e-08,6.44783256785594e-08,9.22071845415951e-08,1.69772057601223e-08,3.97319222411843e-08,-5.85384496452198e-07,2.19946399092062e-07,4.11439624333974e-18,-1.7773543447729e-07,-2.22568110456125e-09,-1.08224898033461e-08,0.000601468728568728,4.0972207807469e-08,-2.81390824363046e-09,-1.088602770131e-07,2.91610445945872e-08,-1.55204934569179e-06,1.8492130464432e-07,-3.76714411998479e-08,-6.82372085802858e-08,-3.61241290413192e-09,-3.57973236707021e-09,-6.83607382575578e-08,1.53352760440651e-05,-7.32815636869438e-08,5.09623281308664e-16,-1.51122125512495e-06,1.18784830168622e-07,5.46727627841834e-09,3.01254436659355e-08,-1.41390648606962e-07,-2.99961449467028e-07,1.82355659752319e-06,-1.41977654782925e-05,-2.49840419233708e-08,-2.08579529863765e-16,-4.7362702805594e-08,-2.92660442733785e-05,-5.96511744606839e-08,1.50262944017986e-16,1.12945801611114e-07,1.13715358533744e-06,-1.73471469366307e-07,-9.22973941026494e-08,-3.07859706698659e-08,-1.64785993802861e-08,-5.8951707732926e-07,1.65057962053105e-08,1.75639586264263e-07,0.000151786240948819,3.5533546375025e-08,3.58470417951256e-07,-2.31844134122876e-17,-1.42762909979281e-07,6.70377037466504e-08,4.34100966417418e-07,-4.37976708880467e-08,-1.94283879388207e-16,-4.26100466293709e-08,5.52413541571989e-08,-1.91799420872433e-08,-1.70703020310285e-08,-4.3245439876704e-08,3.20164066335903e-07,-6.11725218583751e-07,8.60364776167174e-08,-8.06992216476334e-16,3.17125731621096e-07,-4.23534413982765e-07,1.88161838979272e-06,3.94744965229381e-07,-4.01283342971138e-08,-2.69699459076258e-10,-2.83627288322208e-16,-7.87947892435614e-16,-2.6214767742177e-10,-2.34706157777567e-07,3.09673125909099e-08,-4.51051452109985e-08,1.59086298810241e-16,-2.17307075719106e-08,-2.58454375107145e-10,5.80485041277907e-16,-5.78644777422793e-16,-6.13366231724135e-16,5.61595689991025e-08,1.66201648815936e-07,-2.43447849654336e-07,1.45890621768847e-07,7.28947976103632e-08,1.6914314026154e-07,-9.39682411654709e-05,-4.55421444282582e-18,-3.78443326787818e-07,2.85629901242086e-07,8.78071458490745e-16,-1.60653553951606e-15,-9.85392698892391e-06,-1.46440960260592e-11,-1.1377169557499e-07,8.9929542299809e-08,1.16251733629358e-07,-6.27848188650772e-09,9.28198911932516e-17,-2.12360301996139e-08,2.59462547515667e-16,-7.36578364834247e-08,-6.84815973459735e-16,-1.35810123097644e-07,6.51387264123475e-16,1.08284835787353e-07,1.50430540590955e-07,9.63341692209678e-09,1.28985107454984e-07,7.13612200212774e-07,-5.35472398712055e-08,5.65132429160422e-07,2.07589873311248e-08,1.01189850507724e-07,1.0134136336321e-08,2.07144773264796e-07,-0.0137628984177999,1.94900214461449e-08,-1.77687740791821e-09,-6.1766260832242e-08,1.68093510906455e-16,4.56738751712739e-05,-3.72787736527552e-05,2.30661558152387e-08,2.91723888952604e-14,3.27397828647462e-09,9.98427307364595e-08,3.88000692695669e-07,2.17633514398458e-15,-0.000131151759546357,-5.4614545416701e-08,1.16708280963183e-15,-7.79417989671608e-08,3.1285607602617e-06,1.22638686493091e-14,-5.80780761016686e-14,-0.514189999047199,8.11812336388891e-07,7.42880809522409e-10,4.63773450703319e-07,-4.24033642059376e-08,-0.000196573890143755,-8.88602465963858e-09,-1.98854184362698e-08,-3.01196489186187e-08,2.96468307802583e-16,1.08898987498974e-09,7.19843668727464e-11,2.35541847282219e-10,2.58803537191056e-08,1.54657871378715e-15,7.53963393160132e-17,1.00904536653479e-08,4.92048686016451e-16,-6.20125804521409e-16,1.11688390507414e-07,-1.3294992640667e-07,-2.72315864086804e-07,-1.68799028704128e-09,7.86072466568019e-06,5.43830874557198e-08,4.78963045749429e-09,-1.04096526592452e-15,1.47894649696777e-08,7.21274169286189e-10,3.35750198401207e-09,-1.32121488480091e-05,1.8120338647298e-06,7.4167881051431e-16,-3.24643443009584e-16,-1.11442664062619e-15,-1.78561351637248e-08,-1.06499202886739e-07,-5.65365645746104e-08,-1.52324952524888e-16,-0.000149780699276069,8.81651759405801e-16,-4.74450567774241e-16,4.29199879175431e-06,-9.71090277320941e-08,2.6507387864555e-14,-6.25731586622122e-07,-0.174085346233031,-1.58037973816862e-14,-4.39162539938924e-07,-3.06190232369756e-15,-4.97703118551622e-08,-1.37711290028313e-15,-4.70351952871496e-08,-3.90996655451439e-07,-4.87742148067334e-06,-1.19989657779689e-08,-7.26750561935065e-08,1.69464909065141e-07,-4.33289378300919e-08,-1.7620911754142e-16,-1.23377733750584e-06,1.05959395571162e-07,-3.05576680351089e-17,8.20842831184351e-09,2.14703547174886e-08,-3.12410303975321e-08,-3.31727978859248e-16,-1.01887048790487e-08,-1.69569173296735e-05,-1.2181432265502e-16,2.72348705139733e-08,5.74577088153812e-09,4.28302682726049e-06,-7.38726960616516e-16,-4.21657424301806e-17,-2.45381182957188e-09,-5.3886741044713e-10,-4.02719675746707e-11,-1.9936587034616e-09,1.87124525232429e-10,-5.22764132170948e-21,5.49085540196543e-16,8.18372478913983e-10,5.75624510140531e-12,2.18724458676863e-16,2.54170456303759e-09,-3.81024969457072e-16,1.72369051496897e-08,-6.9544490025315e-10,-4.1103891888305e-10,-2.84591727408065e-09,-6.71550174042237e-15,1.57322288023936e-16,-1.07456639555724e-16,-8.73828629986369e-16,-5.24811848415122e-06,-7.54487629433539e-09,-5.68231224012799e-16,1.10500906950832e-16,-4.62191683143971e-16,1.8043610555171e-08,1.0455122965502e-10,-9.77619094717083e-09,3.08505241135452e-16,3.73055332827422e-16,-5.13571322513333e-16,-4.53251843850005e-08,1.53863379618537e-08,-1.81518450621693e-16,1.79068751307514e-09,-2.45335548728301e-06,1.94496514631259e-17,1.69597998632237e-16,-4.96959701844311e-09,-5.10908931131469e-11,-2.53079967609132e-09,-1.39324476405379e-16,2.95622889753087e-09,4.38888495392608e-09,4.8303536541258e-09,-4.54757377818793e-09,-1.6332090929239e-08,1.41218104325235e-09,1.45785060329138e-16,-6.81113901816947e-16,-4.36939215913333e-17,2.89472346696964e-08,-4.17451318165393e-08,-1.44064794346761e-09,-1.18012529127652e-09,-3.34065918339368e-17,6.54018819653832e-17,-1.67118757238003e-16,2.88503415029546e-16,-3.54108204098004e-16,1.51464635802818e-07,-1.15258926387302e-16,-2.35164744671574e-16,-9.59872234129017e-10,-2.79863948000607e-17,-8.59862390403413e-10,3.66651197108485e-17,-1.06731435609571e-09,1.17085220118781e-16,-1.32183696515536e-09,-1.66278242590425e-10,-1.05760238000407e-07,-2.4357075326461e-16,5.42770770174913e-09,-1.69918551772154e-17,7.85169854202057e-09,-3.65798469261739e-07,7.82124491558683e-11,-2.66122032661635e-17,1.15229435513393e-08,-9.20446586393578e-18,-2.87129496422939e-09,-1.62173501751629e-08,2.0938302959618e-16,1.74272896308431e-16,5.91639662173219e-17,-2.29606517462824e-15,-5.50375474665897e-11,-7.1873219195918e-10,-1.6101838394982e-10,-4.69015702956519e-16,-2.84951025125188e-16,-2.83004354268892e-05,9.61779813916626e-08,-2.19708640060651e-16,-2.14124813536338e-16,-7.5746931633501e-10,7.94807596317934e-17,-5.38761720641912e-09,-3.2060294225618e-16,5.13888377717997e-08,3.09077512029201e-16,9.07344775974125e-16,-2.6689290840975e-16,9.73963513977532e-16,-1.84015065882481e-16,6.34919011426226e-16,6.96029013950191e-09,-4.86892391115371e-08,3.66930330639912e-16,-4.70440142404893e-09,1.79425930353577e-08,2.18360523792724e-16,5.54725734335168e-16,4.46295641001128e-16,1.86115740039364e-16,1.78871593872337e-09,2.86784042828796e-10,4.1652426738728e-16,-4.05363851716076e-16,-3.26580567377099e-09,-1.16541100150414e-08,-2.86765183705535e-06,4.91726501976572e-16,4.48024529748467e-16,1.31693235587995e-16,-7.87062490398615e-16,4.57704944478984e-16,6.20612961966398e-16,7.02447504469666e-09,-6.6551854303226e-09,-1.28182868424231e-09,9.45347452308031e-16,4.20870751375045e-16,6.59491488707477e-16,2.78213216270977e-17,1.14761107185868e-16,1.17130102470585e-15,-3.28801091044185e-16,-2.19419086022046e-16,-7.18893861682012e-16,-3.08338008681604e-16,6.98271862266417e-16,1.25053392954614e-16,5.71662171272453e-16,-7.28121752082008e-16,4.98784493569304e-09,1.86245286357809e-15,-2.26477952544878e-17,-5.22627034048359e-15,1.12626116376347e-07,-1.23534976449259e-10,7.87120272774112e-16,-1.83008280225377e-09,1.0344068887498e-07,8.44179138310469e-16,5.90889049321169e-16,-1.82394432878591e-08,3.73109652695594e-16,2.57297462053513e-09,1.33938155473141e-16,-3.15244774114447e-15,1.0071028083437e-16,8.88147170319747e-16,2.31147223307903e-10,-3.175937408751e-08,-2.1586761278473e-15,-8.37712641449211e-17,-5.43277604695415e-16,-7.73962007561555e-17,-3.22421397306455e-16,9.98352927516044e-16,-3.05895109439388e-16,1.02098157358768e-15,2.71257081641077e-09,-2.41980473055954e-15,1.34229818318602e-15,-5.16198531907289e-16,-2.82027567803871e-15,-2.48663476453551e-15,-3.30535270285867e-16,-7.79053716099571e-09,2.60805302485288e-15,-2.67921141613181e-15,5.81410198251325e-09,2.587026929581e-15,-1.88126469815219e-15,8.51508976643185e-15,1.89096993682748e-15,1.71593006340593e-06,0.707106781186547,-3.62497975330131e-09,9.93218065110063e-16,-1.04706988995067e-14,-6.67272088949555e-16,-1.54317578277441e-14,-2.96035139977613e-15,1.00985422995167e-14,1.31510523520363e-10,8.19754902499032e-15,6.42631532523725e-16,5.1369423913875e-09,-1.64682572247508e-08,2.46336611613356e-15,1.15651643309807e-08,1.69517910017013e-09,1.74247388313195e-15,-5.11386067093597e-15,-7.03437361782312e-16,9.67491845644315e-16,1.4909485863294e-15,-2.87926347920303e-09,1.36082693803514e-16,-4.36610650057447e-16,-7.51332307942362e-16,1.15592045178808e-09,-1.0253025583247e-16,-1.58915777087289e-15,1.12816852557175e-15,1.22085169015997e-16,-5.28558895109701e-10,-8.22628476705622e-16,2.50060364067268e-06,-3.77023659797694e-16,-4.27514578912576e-15,8.03287692161227e-17,-1.34846269172357e-16,-1.97427259924175e-16,-4.81583959388602e-16,-6.57642186450873e-17,-1.9170116367152e-08,-5.36026827782249e-16,-2.69169388215074e-16,1.28273542182429e-08,2.48956444661642e-16,-2.02560016318535e-16,-5.54009849659201e-16,4.32430882276756e-16,-6.0780162613218e-16,4.17878608016346e-16,-8.51420722829866e-09,-3.15344932865963e-16,7.36661127107169e-17,2.78575681235887e-08,-4.76194793269228e-16,-4.53669204879667e-16,-2.79359113606172e-16,7.04055190798158e-17,-2.06644622444356e-16,2.86382004126831e-16,-6.01537415914025e-16,2.36638040446136e-17,7.00857134774107e-17,9.0898181379264e-18,5.48679725927736e-17,-1.47133136400035e-08,3.07227570973064e-08,-6.24955855931771e-16,-4.48872892945939e-16,-5.54481528931105e-17,-2.18757870749086e-16,-1.81414128511137e-16,-3.9440709117733e-16,4.21012338708565e-16,-3.21600832181961e-17,-3.87498774737537e-10,-1.86280948485477e-16,8.73899001520537e-17,2.25157182916907e-17,1.78946458127066e-16,4.97941158263424e-10,-2.21403994975006e-16,-5.46798950339743e-10,-2.25263598837698e-16,-1.02174982383751e-16,3.53661397406149e-16,-4.76462359161059e-17,-7.84878353152863e-17,-1.72648401281278e-16,1.74266130530968e-16,1.95306446510927e-16,2.5727874470542e-16,-1.87535568944717e-16,-2.22896848887208e-16,-5.78539702964843e-17,-1.07054098185075e-16,1.05773208535903e-16,-9.25648857447611e-17,-1.89781780455651e-16,-1.04287962787164e-16,1.40573414776983e-17,2.30598286516557e-16,-1.47629188918788e-17,1.87248491451825e-16,4.30751486584087e-17,-5.31883961665152e-17,2.13068099278636e-16,9.78089971486136e-17,3.82550697659495e-11,1.87970003159472e-16,-1.7086707505757e-16,2.08511922095848e-16,-2.93107809097386e-16,-1.35102488422131e-16,1.24824650162871e-16,4.61929009888131e-17,2.45819854459419e-16,-9.96738642855815e-17,-3.20390968567311e-17,2.25751221102216e-16,-7.45040226882124e-17,1.08997536284559e-16,-1.62671555633018e-16,-4.11321215722703e-17,1.37348128189315e-16,5.56433410915795e-17,-4.96915285433e-10,2.2179842950251e-17,9.04612477710577e-18,-4.51803375798271e-17,-2.04000230083292e-16,-5.89991330581865e-18,6.14120228454127e-18,-5.78182050390687e-17,2.14753713422911e-17,1.41361110046896e-17,1.06254249667354e-10,7.2202151651811e-17,-1.89682585629893e-16,1.21225423621533e-17,2.70340569386716e-17,-3.42531413402127e-17,-4.8431807920055e-17,-1.4066080583761e-16,1.66583276715836e-17,-8.00351343718994e-17,-3.05674572866127e-17,2.81554027157718e-17,-2.03879188633828e-17,7.6805441787664e-18,5.40839828752508e-10,2.4807001035799e-17,-2.6856298579398e-17,-5.48284640822943e-17,-4.22506810354023e-16,-1.6344564572853e-09,-2.81178131797877e-17,-3.67944079557942e-17,2.94484279973657e-18,1.61280532179091e-17,-4.50281340997147e-17,-1.14109566780739e-17,2.63999072243014e-16,1.53740736249344e-17,-6.40998289735267e-17,5.72198754407483e-17,1.17289244788936e-18,5.71628034811622e-17,-2.50252873470139e-17,-4.63828689951488e-17,-4.98809159851831e-18,4.50470972071117e-17,-2.34052943311751e-16
"t200",-0.0480281406993094,-0.0802414444525932,0.028397543928265,0.0412203087287992,0.00348381330846703,-0.00161909935214826,0.00912381601344112,0.000173201552152209,7.78930148162195e-05,-0.000335772579732832,-0.000192517215749379,0.0178811629924195,-0.0321131498188929,0.00589516277859421,0.00523230497423963,0.0073235108268413,0.000750789281620517,-0.0448071081404051,-4.90834612668528e-05,-1.63364826747921e-05,0.000178619557604335,5.538988676368e-05,-0.000264302500071675,0.0052406012513996,-0.0156238200654862,-2.8143037796196e-05,2.83375702000159e-05,-2.33239143629477e-05,0.000282143849425211,-1.04631216681355e-06,1.81611573778106e-07,-7.76478699433762e-07,0.000887095972650826,8.42541890817893e-06,1.20086381805705e-06,2.69779608885542e-05,0.0529248680582479,6.89569745096579e-06,3.94971586022014e-05,6.64322470114433e-06,0.000194266588603318,-1.67439628828739e-05,0.000182458568993557,-1.07808988924596e-05,0.00033818916650638,6.40282559506186e-06,-0.282400022859872,-0.000810124392776729,3.47958660551634e-05,-5.01575690420392e-05,0.000479896820050281,-2.31523926785436e-05,3.22818237434014e-08,-6.91901167489788e-05,3.39668047077967e-06,-3.52233376230693e-05,1.15116275219684e-06,-7.49086769276223e-05,2.53344595375419e-05,-2.58467899459671e-05,-2.18991638249786e-05,3.35335126359489e-06,-0.000108641691572365,5.77178331414324e-05,-4.080313807704e-06,0.000156774911228877,-5.78033811788943e-07,2.03765596964901e-05,-5.57103368519448e-05,2.19042643119453e-05,-0.000612704366625273,5.74705267158576e-05,-2.94337585327017e-06,-0.0184056331227213,-0.0130621878633079,2.17775928702651e-08,-0.000172963083937336,5.2270052258833e-06,-2.51777446239035e-05,-3.20616052277316e-05,1.08743158884692e-05,0.000168626072841552,-2.87793495577606e-05,-0.000206289216828124,3.90703612867983e-05,0.0224689985352876,0.00177850375286599,2.31223608719085e-05,7.06298366861477e-06,-0.00157670033101787,2.5478225540554e-05,-1.44497478394906e-06,-1.21947007294884e-05,0.00181080176665817,1.03235075137069e-07,-4.01392815611953e-06,-0.00085891783602108,-1.43026750179415e-05,1.93162957063903e-05,3.05288156822518e-06,5.47217460565807e-07,-0.00412562894236726,2.02933400013488e-08,1.38169237475942e-06,-1.25171619683973e-06,0.05334249426604,2.62030764286696e-05,-8.0566890559227e-06,1.64020614777332e-06,-1.56047483207833e-07,-4.55228152157769e-07,1.11247864804841e-06,-2.19596879777496e-06,6.31917634810983e-06,-3.58451459041028e-08,1.67281594839402e-06,-2.6620162412363e-06,3.39900707101636e-06,-4.05394465772116e-06,1.12404035438666e-05,-4.49739145059915e-05,1.3818355878625e-05,-1.551453364897e-05,-4.29157848534359e-05,1.43355520761754e-05,-0.000166571712391511,1.72132034197985e-05,-6.6223225126979e-06,3.41470813770686e-05,0.00117193268559358,-0.0381825975780719,0.000558270777366449,-0.279315223910426,0.000189010389858541,-1.35177054943322e-05,-5.62971977320051e-05,1.32248632653766e-07,6.04390596913212e-05,-1.33618337949564e-05,3.81403073262692e-05,2.33096770694093e-06,8.83224055018651e-05,-1.66982916770836e-05,-1.05286491865281e-06,-3.32109190649543e-06,1.92884234685831e-07,7.86321072497721e-06,-1.09176198142391e-06,-7.01865419008395e-08,1.68617999705623e-07,2.6162983343366e-05,7.75353049464893e-07,1.65853942703622e-05,-6.20219166603148e-06,1.9173531548482e-06,1.7080816847673e-07,-2.6108252952206e-06,0.0360503638141055,-3.31001499987983e-06,-1.05077812712403e-06,-0.0227144224216097,-1.71175697449747e-05,4.90488599801647e-07,7.88277773892806e-05,-1.10965410998641e-06,8.32564714051485e-07,7.59281554849058e-08,1.2718203442381e-09,6.28918797146121e-08,7.63794318147822e-08,-1.24354720601509e-06,-1.20768399667841e-07,1.06818670183937e-08,3.38161938219453e-09,6.87139820394697e-08,8.8239934808231e-10,5.34695321331278e-09,-7.70724374130616e-09,-1.16858731543634e-10,1.88376110674203e-09,1.07795736899608e-09,2.84295728539709e-07,-1.27771149249267e-08,-0.00997041774066345,3.25221587910639e-09,0.000390496258966232,1.36597450000109e-08,-4.45032047004222e-09,-1.95289844684953e-08,1.26200813349469e-07,-6.4842754122242e-11,8.94929837333173e-10,4.68522562641714e-09,2.00949487526894e-06,1.31968307929999e-09,-2.82516292463348e-09,-5.59566491964467e-09,-3.25555006773513e-08,4.06457688492849e-09,2.52861556156611e-09,2.5595319249648e-09,4.80741532585579e-07,-8.71576743936927e-11,-3.81559261920344e-05,6.98668734625169e-08,-8.28870251544596e-07,1.81057019038537e-08,7.0449330964663e-07,-1.55154668719466e-07,-5.46575077253321e-05,-8.08676254172001e-07,2.91142349031658e-06,-1.73305928672381e-05,-5.31615908954288e-08,-3.39935399072345e-08,-4.65840926256377e-08,7.70539955397424e-08,6.77850067984454e-09,-1.31390075342095e-08,-6.73978986294258e-08,-3.70969444557859e-07,3.11124007606915e-06,1.20960270717471e-07,3.94365431300883e-07,-1.02766661742384e-07,-5.27900304800512e-08,-5.57583568473465e-07,-3.94093911253241e-08,-6.25578810425094e-08,-5.03602820666566e-08,1.07604971619736e-06,3.57089271111813e-07,1.7229727891375e-08,2.88506126194345e-08,-1.53752709492917e-09,-2.53281018677046e-08,-1.32087210851161e-07,2.06910042330108e-17,-1.9990086520629e-08,1.50434347816672e-06,-4.29592211013842e-08,-7.80672361798214e-07,-1.26039147334073e-07,1.50721377808815e-07,-2.4713773789813e-08,8.98676335170516e-07,-2.05045640216922e-09,1.35290276402537e-10,-3.47058433999299e-07,3.1624673669747e-07,-9.94078643505398e-09,1.36123747435799e-06,-6.35056074682185e-08,2.44463950382007e-08,-1.62719376712553e-09,0.000305245258683573,-0.000271719444275598,8.79773313074692e-07,3.39378885132462e-08,-6.62772039222097e-09,1.47098001679473e-07,-2.86885558524942e-08,3.17735436946191e-06,-2.58588643563128e-06,1.64730123594464e-08,-5.63878636269787e-09,6.35565314156619e-06,2.945243681057e-06,-0.000229397576356414,2.33658678352752e-09,1.33540367861146e-09,-3.97233985726387e-09,5.64491623915163e-07,-4.91369406104633e-07,1.10867913681297e-07,-2.40444256882322e-06,1.16585503335009e-06,-2.15972057585393e-05,1.95006022497047e-07,-1.14277527793487e-07,3.87261861699359e-08,-3.08798947587918e-17,-9.55957936756334e-08,-3.27637658377561e-09,-7.45646873035177e-09,-1.48792160048947e-05,4.62960211282144e-09,-2.87255255279059e-09,-6.71770354482499e-08,7.60461650460829e-09,-6.05744440775169e-08,1.58659932711793e-07,5.80550523205654e-09,-5.18234940894878e-09,6.71362783344145e-08,-8.1555812157488e-08,6.80558161510531e-06,-3.80563777774676e-08,4.37855341060752e-07,2.19143625034431e-09,1.8894052889085e-08,8.96514831751133e-08,-7.35384691862399e-07,5.93577667248444e-05,-6.54975653639301e-08,8.76608657205526e-08,-3.17467872655099e-07,1.96715245342006e-08,1.77486491397474e-08,1.35021401955187e-07,-3.62446131105551e-07,-1.81115744346702e-08,2.34432569199683e-07,-9.53880086486391e-08,2.3514105650479e-09,2.1778667990124e-08,-4.18892687423824e-08,-4.18776082821204e-17,1.24567104290038e-10,2.71573230219818e-05,-4.32509692794764e-08,3.18809498988895e-08,4.55771270909833e-08,8.37113775279777e-09,1.95002162535422e-08,-2.85706311826802e-07,1.06122654646492e-07,-1.71626457347371e-16,-8.34544723971382e-08,-1.04143587973707e-09,-5.02622104222691e-09,0.000279084976602026,1.86540680284783e-08,-1.26746908903776e-09,-4.8280977060106e-08,1.27934697213884e-08,-6.64655897034632e-07,7.7386544337081e-08,-1.55276651246123e-08,-2.78828445962149e-08,-1.46804733260771e-09,-1.44053644543279e-09,-2.7479327274516e-08,6.1209786549791e-06,-2.90882034919524e-08,-9.23169694498393e-16,-5.74666616699476e-07,4.47536931402217e-08,2.05967699354903e-09,1.10465615174202e-08,-5.16297281476396e-08,-1.03855045831233e-07,6.21384019857784e-07,-4.82253773784639e-06,-8.38330847391563e-09,2.63651460185549e-16,-1.56683592903607e-08,-9.62992885995767e-06,-1.92317859252239e-08,-1.67069110803282e-16,3.55951341687211e-08,3.56421170212741e-07,-5.42167699930319e-08,-2.86761028431732e-08,-9.46931945980631e-09,-5.03000019073972e-09,-1.7886427902742e-07,4.91781209466998e-09,5.22166282581664e-08,4.45512510712028e-05,1.01917302865949e-08,1.02693471275141e-07,-2.03724204380802e-16,-3.90036129071136e-08,1.81590098762569e-08,1.15352410130148e-07,-1.1293508768309e-08,1.40796646311085e-16,-1.02545132901221e-08,1.22062189023526e-08,-4.06557930852401e-09,-3.54638882406406e-09,-8.76460874396663e-09,6.18483692924995e-08,-1.08632234242578e-07,1.18762879129991e-08,4.87920585553195e-16,3.23313499778321e-08,-4.18259621899515e-08,1.73209956558718e-07,3.26441455142612e-08,-3.2895474662011e-09,-2.13914367959864e-11,3.20707002621212e-16,-2.2281091239703e-17,-1.67520180267642e-11,-1.18118404536927e-08,1.50581311390768e-09,-1.63802612612353e-09,-1.81774531711231e-16,-1.94351933745126e-10,8.78141429907743e-13,-2.10589388603844e-16,2.30243684580628e-17,8.37342805555884e-17,-2.40244526933289e-09,-7.9577291299606e-09,1.59766761734647e-08,-1.17935369339537e-08,-6.02329733431649e-09,-1.67512362299605e-08,9.48505114114333e-06,-1.64899264104238e-16,5.09813046086213e-08,-4.19216608003823e-08,-3.25592620425551e-16,4.69939853465682e-16,1.91884472756639e-06,3.02288796320004e-12,2.52832649984618e-08,-2.09404104959143e-08,-2.94462994603538e-08,1.61111250183574e-09,5.45721945240952e-16,5.54554686756432e-09,4.20658110327789e-16,2.01968940276068e-08,7.40388111063195e-16,3.85470875166523e-08,-3.01102552278131e-17,-3.20617697780885e-08,-4.49133391575872e-08,-3.19148864342094e-09,-4.36277262294575e-08,-2.43437999621448e-07,1.89394931325525e-08,-2.06011659367155e-07,-8.08314095265366e-09,-3.94233804883374e-08,-4.02439910864963e-09,-8.50715139839204e-08,0.00589577806163633,-8.62887050746614e-09,8.05996445225817e-10,2.83378058899534e-08,-4.67840804477308e-17,-2.16522787024235e-05,1.81690474561434e-05,-1.18562512608848e-08,-1.49590167023803e-14,-1.69340092434173e-09,-5.15541522904549e-08,-1.99172982417087e-07,-3.26729508392922e-16,6.70228059002665e-05,2.7084043924466e-08,-5.71497654965118e-16,3.77396580233261e-08,-9.62360611239288e-07,-2.21838455704258e-15,7.92636915578298e-15,0.0725829994081024,-9.83866326017156e-08,-9.13254149302823e-12,7.31343985663225e-08,-3.64920213105242e-08,-0.000188383792770707,-9.89281249047516e-09,-1.5726105478563e-07,3.05055417494427e-07,-5.62097840061532e-16,-7.2640927020186e-09,-4.57058379009515e-10,-1.29599894239615e-09,-1.25242313343147e-07,-9.04804011111801e-17,-2.65016707550945e-16,-4.30209307037433e-08,-4.46030962191926e-16,2.29665531339197e-15,-3.54222031838531e-07,4.15737709387389e-07,8.51336163539589e-07,5.20368631125039e-09,-2.42205751320556e-05,-1.67553966270962e-07,-1.47544271430833e-08,5.7567969056871e-16,-4.66427615682068e-08,-2.29671679608328e-09,-1.07281047735018e-08,4.30294077264476e-05,-6.15359869119561e-06,-6.81122747572915e-16,7.63043829890055e-16,3.86649911826015e-15,6.52486148754576e-08,4.03330932313043e-07,2.14717257623847e-07,-2.7745675005288e-16,0.000590182853947169,-2.20905339410633e-15,3.05458878468966e-15,-2.03692060454751e-05,4.6205926779661e-07,-1.55857531741743e-13,3.13603992673967e-06,0.900365356647176,7.71541224324308e-14,2.4295336551511e-06,1.92736720958068e-14,3.00322954720319e-07,6.01151805480807e-15,2.86137519446497e-07,2.39375762207583e-06,3.00766104219775e-05,7.47442323513685e-08,4.63288172734826e-07,-1.18340346236048e-06,3.48224628156448e-07,1.00220943319929e-15,1.21428230073961e-05,-1.068058869658e-06,1.75525280487765e-16,-8.54810629967738e-08,-2.37857388807302e-07,3.67061806248112e-07,1.54170137056063e-15,1.50262277247023e-07,0.00026318664781371,5.5191879983753e-16,-4.54171494564266e-07,-9.94497081540342e-08,-8.61704909931734e-05,2.09854665037064e-15,-3.33302627153883e-16,7.9160798506388e-08,2.3237112847071e-08,1.8643656743395e-09,-1.77691931591673e-07,1.14176983214488e-08,-3.23198707771809e-16,-6.71211844843473e-16,4.1066238212239e-08,2.82540748786168e-10,-1.31273415641697e-15,9.66817043766847e-08,9.55357783316203e-16,5.39586883989399e-07,-1.75586727567526e-08,-1.0238297910808e-08,-6.73347429567321e-08,-1.46697653793535e-13,2.75836720570966e-16,-2.36169667571628e-16,-1.45836432206663e-14,-8.60995952711471e-05,-1.20797324527362e-07,6.4983419670598e-16,5.85938661332068e-16,-1.7567941779331e-16,2.65872057213344e-07,1.4895463404504e-09,-1.27868428101566e-07,-9.24117608207977e-17,4.69490033872325e-16,1.33177804450667e-15,-4.66344843261811e-07,1.57177415671156e-07,-9.12886393679392e-17,1.69335728256819e-08,-2.2531931933991e-05,2.76142776617668e-16,-5.12825825003751e-17,-4.27665468344871e-08,-4.37477526037678e-10,-2.09098575143822e-08,4.24749691639983e-16,2.30851171269666e-08,3.32774809495784e-08,3.52125428300341e-08,-3.15122956156687e-08,-1.11704546895014e-07,9.43084102461790e-09,-2.16253801246434e-16,6.89215360116234e-16,3.54165856425173e-17,1.70899839680446e-07,-2.46028254701069e-07,-8.37002291737173e-09,-6.40415554450015e-09,5.4887370113763e-16,5.36746818747865e-16,-1.61494151963485e-16,-2.41337216179879e-16,-1.57463687037617e-17,7.7014022813632e-07,-7.97456929362489e-18,2.13593753567225e-16,-4.76508901201806e-09,1.65739011719015e-16,-4.26325893419355e-09,6.19655078126907e-17,-5.28067572140388e-09,-5.30735923573199e-18,-6.28653124244537e-09,-7.83652718384565e-10,-4.91676785976128e-07,-3.42831608004245e-16,2.48216941602533e-08,-1.06950859673346e-16,3.46822470520203e-08,-1.54832367778176e-06,3.30458760225793e-10,9.48259768250296e-16,4.78914270784654e-08,4.09957397433479e-16,-1.16364718747735e-08,-6.5644311874819e-08,-2.13106456202182e-16,6.99739968767958e-17,6.99433488540718e-16,-8.46729527307488e-15,-2.18357728544873e-10,-2.83676016408097e-09,-6.31734131161941e-10,2.27752571938925e-16,5.02178257482104e-17,-0.000107983441290018,3.66534333661427e-07,2.33022322099743e-16,-2.98549258824178e-16,-2.79310251665852e-09,-9.99692750882021e-17,-1.97315394193682e-08,-1.17922299583691e-16,1.84608866756355e-07,-3.86356723352025e-17,-4.38013036249885e-16,-1.0022820926469e-16,-1.14682042798655e-15,8.31515741167083e-17,-1.07584126743216e-16,2.40879182291284e-08,-1.68422282469068e-07,3.73771738042108e-17,-1.60714434226764e-08,6.09825128891981e-08,-5.44151351890859e-16,-4.40733616569598e-16,9.28992259200386e-17,1.6054510005527e-16,5.94941930115786e-09,9.4918053446821e-10,-1.28098887887808e-16,7.34303131798028e-17,-1.07503493164077e-08,-3.83358997727612e-08,-9.41074158452469e-06,2.18897435624358e-16,-1.63301515494221e-17,3.34854615482702e-17,7.06364852781573e-18,-2.09348940699423e-17,1.89510613482305e-16,2.22116432762494e-08,-2.09735470324132e-08,-4.02629251871912e-09,-3.30601438964252e-17,-3.95707984016011e-16,-3.53889934142863e-17,1.31909255691035e-17,-1.15429220237727e-16,-6.30187990032639e-17,4.58423025055884e-16,2.58683253737556e-18,-1.30475380467962e-16,4.39580312868817e-17,1.88096098362423e-16,-8.8708845358076e-17,2.48382548299552e-16,-9.27871132600555e-18,1.4859811655012e-08,6.61774441201808e-15,-2.4593205843276e-16,-1.52169986000458e-14,3.33314494522297e-07,-3.65043134145422e-10,5.42230293398919e-17,-5.40276730175575e-09,3.02940261113625e-07,-4.17724559012837e-17,-5.22904154229249e-16,-5.28951657866741e-08,1.60687307360091e-16,7.37443982390493e-09,-2.47883144783529e-16,-5.70133719786101e-17,8.86405625528471e-17,-3.08668091741978e-16,6.50665859638152e-10,-8.92935944596972e-08,3.75292792602778e-16,-1.00066508800296e-16,9.9617018108443e-17,-1.07189859949449e-16,2.16660863512283e-16,3.24894908555696e-17,5.95219415447604e-17,3.52601911638107e-17,7.19400176858038e-09,1.68132025872297e-16,-1.3301432643227e-16,-3.36215090592406e-17,-2.84799214897425e-16,2.28542527535876e-16,1.74878066867597e-16,-2.04200660666844e-08,-1.13170523834282e-16,-1.08039682951955e-17,1.52070918091236e-08,6.55080438558582e-17,-5.83614825151841e-17,-2.26067845361177e-16,2.34735401453671e-17,4.38002675555421e-06,-9.66993852241449e-17,-9.21382225234063e-09,2.48689142432415e-17,1.47575344878628e-17,-2.25942518137458e-16,4.96502973351448e-16,-3.12356124693591e-17,-1.06875520162176e-16,3.31428246571143e-10,1.84272094196988e-16,3.08828864501238e-17,1.28624712161433e-08,-4.12218051596684e-08,-7.2078178486311e-17,2.8790345734131e-08,4.21277582439087e-09,-8.47638755012531e-17,-3.84165127290064e-17,1.99046502542134e-17,9.51036167619552e-16,4.04076127877827e-17,-6.98150013364109e-09,-2.17989784607008e-17,-1.29987686857298e-17,4.52733655946684e-16,2.7856716441512e-09,-9.06257897601374e-17,-3.62853386164777e-16,1.61074199463024e-16,-2.92141497155539e-17,-1.26363887408819e-09,3.95645473882269e-17,5.96367335528242e-06,7.19047923265948e-17,3.99863134158282e-16,7.83755204362704e-17,-6.81411318344616e-18,1.19599795608438e-17,2.14650369932692e-16,-8.65420137449889e-18,-4.51409546587372e-08,-1.98054839021546e-17,9.61035856340899e-17,3.01117472200243e-08,6.74922246668398e-17,-5.11779364641376e-17,6.82472202293408e-17,-3.85247816022842e-17,4.93965191037572e-17,6.41647451928419e-17,-1.97956152321943e-08,6.44780273881009e-17,3.55807389642801e-17,6.44949960425542e-08,-2.3021311775806e-16,1.31405450378547e-16,-2.59842569475031e-17,-2.01417139443599e-16,1.07243170406546e-16,3.53997624661852e-17,8.7319873335208e-17,-2.46260172432175e-17,5.11917155840325e-17,6.97703288312781e-17,-7.29530525072292e-17,-3.35457534649985e-08,6.9920196047915e-08,-7.35251088355319e-17,4.67795019954167e-16,-1.19053343468684e-16,2.12740372989456e-16,-5.74715242843832e-16,1.82974418012079e-16,2.31221271652744e-17,2.86448795279484e-16,-8.73709904296722e-10,-1.38971841875275e-16,8.28795885675533e-17,-1.84041196687378e-16,-6.37252639163159e-17,1.11404510918388e-09,2.2203696243377e-16,-1.21288462953951e-09,4.39163673230639e-17,1.82371344917682e-16,-2.27626568659385e-16,-1.17437266371829e-18,1.35135579169947e-16,2.11047878953018e-16,-2.03172638298059e-16,4.58162237477665e-17,5.21986092946856e-17,8.28997795560496e-17,-1.01725459887819e-16,-4.44547519471243e-17,5.36451530650994e-17,4.52694962013799e-17,-5.61995181148877e-17,3.06572369294976e-16,-4.01887882848319e-18,1.0244181401036e-16,-8.5000305092488e-17,-8.30294310834555e-17,1.92462826275122e-16,1.14777528059145e-17,1.6791294527239e-16,1.63172260687603e-16,1.00472625147377e-17,8.23266356485693e-11,1.35345447955974e-16,-4.89475998837293e-17,2.30327345675223e-16,3.27416216843576e-16,1.21871730983465e-16,5.48079320409104e-17,6.16665719508871e-17,5.67273814267903e-18,1.90216676911569e-16,1.22383490428395e-17,-1.85310480068507e-16,-9.30482046440933e-18,1.45001087266604e-16,3.14254883909103e-16,6.20774791767621e-18,-1.78649196523884e-17,5.64076247865187e-17,-1.04898693812245e-09,-2.8958029911697e-17,1.93900672740733e-17,-2.4082804677413e-18,2.30509967008274e-16,1.41478209635675e-16,1.5686891824055e-17,9.40598426653905e-17,2.99158328382449e-16,-8.57718181061705e-17,2.2009599649117e-10,2.96665966004666e-16,9.66129005089387e-17,1.89461473543629e-16,8.62196859741295e-17,1.52495699093019e-16,1.92470259678912e-16,8.65153778735564e-17,7.56175166345529e-17,-1.66051471412254e-18,-1.86581333154173e-17,-1.14193817132011e-16,1.1244018173506e-16,-7.2405840882537e-17,1.10017292484829e-09,-5.70895526558251e-17,1.07839741558958e-16,-8.73024185051413e-17,-3.52108208041824e-16,-3.29778268273175e-09,4.09466467003073e-17,1.41771806198077e-16,1.49850437989726e-16,3.17730034185015e-17,1.1876727634478e-16,1.92902808785287e-16,2.45166062756225e-16,-4.33808207191782e-17,1.64508699697206e-16,1.50546730834774e-16,2.75157016902581e-16,8.66334311956892e-17,-1.33991768999656e-16,-1.32665781966523e-16,1.34506023399947e-17,7.32966765120718e-17,-2.56478284383651e-16
"t833",-0.0479285872328713,-0.0798890860587435,0.0282687691712263,0.0409689101011107,0.0034577181857239,-0.00160482948230971,0.00904179301092808,0.000171517947078941,7.69952761359062e-05,-0.00033105467242912,-0.000189056804087101,0.0174815435662368,-0.0313734334548739,0.005757210543497,0.00510424621747865,0.00713310218069545,0.000730776226810071,-0.0435898257733496,-4.77172881544891e-05,-1.58399393684285e-05,0.000172715881844769,5.31475995750231e-05,-0.000252948531228915,0.00501407046899191,-0.0149455597898153,-2.68573879895816e-05,2.70262188476376e-05,-2.22339260443694e-05,0.000268568673373551,-9.85748248106844e-07,1.70310164250707e-07,-7.25659557264912e-07,0.00082422445883289,7.79555845568823e-06,1.10575366564859e-06,2.46400636421448e-05,0.048269748554483,6.27776232614782e-06,3.59292311438058e-05,6.03250647712044e-06,0.000175794532649373,-1.51055627675719e-05,0.000164284847042159,-9.70549594054269e-06,0.000303744115757296,5.69980060638008e-06,-0.250688451343546,-0.00071819393808357,3.07306813385254e-05,-4.41126200334258e-05,0.000419650929743841,-2.01907396285991e-05,2.81410130143109e-08,-6.01069543624072e-05,2.93035351869593e-06,-3.03550401231415e-05,9.72204213215962e-07,-6.28945008894215e-05,2.12561803482131e-05,-2.13625694567591e-05,-1.7883938285071e-05,2.7217062878269e-06,-8.77293335530427e-05,4.6547267866688e-05,-3.25842367297621e-06,0.000124056832263367,-4.47783494526794e-07,1.56269187943853e-05,-4.25211454449561e-05,1.65720664734866e-05,-0.000440590417991412,3.95331080514031e-05,-2.00990629628214e-06,-0.0123737243090011,-0.00876385918695221,1.450951331901e-08,-0.000114913828362807,3.42395078632202e-06,-1.59416682370966e-05,-2.00066139625865e-05,6.61072353066998e-06,0.000101910696523713,-1.66194010012053e-05,-0.00011739266836297,2.07594614962896e-05,0.0116958540393476,0.000905933128771989,1.1735755252445e-05,3.5814363652288e-06,-0.000797599740113176,1.2777955692136e-05,-6.62851182865959e-07,-5.54412002340223e-06,0.000771891215558852,3.86126840125693e-08,-1.46810204302351e-06,-0.000313816645905505,-4.91775472918922e-06,6.48352396048851e-06,9.27401491288258e-07,1.51375368873386e-07,-0.00113107672863518,5.50696448805436e-09,1.8371615016578e-07,-1.52034183706271e-07,0.00599439236942786,2.5141445609666e-06,-7.35574139753961e-07,1.36131295122213e-07,-1.09634234849259e-08,-3.00733553825097e-08,4.5265757529465e-08,-8.25841051662904e-08,-2.10216416972756e-07,1.76236513515175e-09,-1.42235092511139e-07,2.70441909937453e-07,-5.05439017826416e-07,7.96035793825556e-07,-2.62979179975881e-06,1.15119276272564e-05,-4.64106914233956e-06,6.06612194381413e-06,1.68729701969643e-05,-5.75358724015207e-06,7.69041047389e-05,-8.03610181179787e-06,3.45533361583795e-06,-2.37212125461317e-05,-0.000816547629134326,0.0271852360822445,-0.000471791665154735,0.243801038226263,-0.000168847137829881,1.32545779403923e-05,5.59075573743981e-05,-1.58585619949267e-07,-8.39109568950239e-05,2.25564401258989e-05,-6.47394338303825e-05,-4.09010674897689e-06,-0.000157620070104717,3.06209839519509e-05,1.95087599453688e-06,6.15457827642333e-06,-3.85071477491051e-07,-1.82213671369151e-05,2.95114224059579e-06,1.97264539134887e-07,-5.1702406779545e-07,-8.07857013349653e-05,-2.4762448486673e-06,-5.40377553264555e-05,2.06750056412514e-05,-7.94412895241733e-06,-7.33879708128388e-07,1.15133148480411e-05,-0.319559264797298,3.66802247065579e-05,1.20889605621589e-05,0.328076357391954,0.0002603868618523,-1.09501272205923e-05,-0.00186122704500193,4.71673559751722e-05,-0.000127091374276906,2.06117830434607e-06,3.32688835458526e-08,1.62998166413992e-06,1.74069325557285e-06,-2.49118215274359e-05,-2.37853626055799e-06,1.71730570699447e-07,5.14993595375414e-08,9.41944141041992e-07,1.18125261274229e-08,7.07345754847005e-08,-8.43520753748451e-08,-1.09831153811291e-09,1.73033757148089e-08,9.69484997178478e-09,2.41175601781333e-06,-1.06131276074536e-07,-0.0811838029426317,2.60037008767499e-08,0.00294893356195279,1.01791751610366e-07,-2.99196816746494e-08,-1.30890243663558e-07,8.20736389967545e-07,-3.9145823010394e-10,5.11983355190108e-09,2.63484176686877e-08,1.10295774049237e-05,7.11957057692843e-09,-1.45376756515716e-08,-2.85211306850216e-08,-1.62749422738904e-07,2.01306854340609e-08,1.17412624628215e-08,1.18522347681231e-08,2.1740579925089e-06,-3.85735969896682e-10,-0.000161287949520062,2.95275118132245e-07,-3.4895218295299e-06,7.53567597152418e-08,2.90979156692149e-06,-6.28662516920933e-07,-0.000216711766224134,-3.15555011713568e-06,1.13076475117241e-05,-6.59903404535097e-05,-2.00386121336262e-07,-1.28101295375192e-07,-1.74239646356315e-07,2.83196752719757e-07,2.48347404448097e-08,-4.73884076309294e-08,-2.40700474486449e-07,-1.32058299220498e-06,1.09387408965447e-05,4.24111639321732e-07,1.37867545403944e-06,-3.56250631253313e-07,-1.82707283490056e-07,-1.92905411101444e-06,-1.35232644391475e-07,-2.13686651818151e-07,-1.71204749592557e-07,3.65064109916475e-06,1.20898558127163e-06,5.82255763258284e-08,9.74464470041256e-08,-5.1695807858865e-09,-8.49349147967976e-08,-4.41742309809054e-07,4.29852037440126e-17,-6.66129352855047e-08,5.00950557426447e-06,-1.42430721115654e-07,-2.58058514563078e-06,-4.15708380102348e-07,4.97053435360599e-07,-8.12115499859763e-08,2.95155063067028e-06,-6.7327619276077e-09,4.43746414579059e-10,-1.13755270568129e-06,1.03536034972055e-06,-3.25297388066967e-08,4.45360794176673e-06,-2.07574713067019e-07,7.96869892064226e-08,-5.30141112887512e-09,0.000994244220327462,-0.000885029042073483,2.86561985936101e-06,1.10590795554215e-07,-2.16054700006909e-08,4.79861408322592e-07,-9.36127313515008e-08,1.03710772607423e-05,-8.44434904510959e-06,5.38339548560897e-08,-1.84292895966121e-08,2.0820627575334e-05,9.64896731565617e-06,-0.000751584370620143,7.6610699817297e-09,4.37968646572137e-09,-1.30401910488216e-08,1.85341811029357e-06,-1.62441292426965e-06,3.66836000548021e-07,-7.96135334582461e-06,3.86672771225921e-06,-7.17300073449131e-05,6.49815246347234e-07,-3.81188850399413e-07,1.29281469668285e-07,-1.41070855487511e-16,-3.20052957842746e-07,-1.09735294635564e-08,-2.50060551639946e-08,-5.00566246869908e-05,1.56189606056544e-08,-9.70454246676883e-09,-2.27105640246758e-07,2.59525105148086e-08,-2.06856895858444e-07,5.41905242303148e-07,1.98879657548488e-08,-1.7912210546854e-08,2.32423313006817e-07,-2.82663102592855e-07,2.36772813326722e-05,-1.34469473424968e-07,1.55794347159612e-06,7.80063610863723e-09,6.72635819758621e-08,3.25118557782647e-07,-2.73042945798273e-06,0.000221093179067657,-2.45118633305983e-07,3.2998943313901e-07,-1.19725383681022e-06,7.53616869113697e-08,6.80780902775109e-08,5.19064521600162e-07,-1.39551443418754e-06,-7.00938769831672e-08,9.12548074061349e-07,-3.73335264515363e-07,9.22528919488002e-09,8.57976730879446e-08,-1.66511185826051e-07,-4.87871572187858e-17,5.25726552831738e-10,0.000115361626508761,-1.85553052716795e-07,1.36814512183527e-07,1.95651773673361e-07,3.60239081449847e-08,8.43098813522331e-08,-1.24223427254689e-06,4.66818422546998e-07,-3.03063642522741e-17,-3.774602781489e-07,-4.72719813585134e-09,-2.29916062848982e-08,0.00127781495680262,8.71052132889751e-08,-5.98492143309459e-09,-2.31700121599073e-07,6.21005714341833e-08,-3.30958820668003e-06,3.94880803010475e-07,-8.05234437037139e-08,-1.45944750555276e-07,-7.72911267821358e-09,-7.66453930085949e-09,-1.46378237232542e-07,3.28537655968999e-05,-1.57060349268021e-07,-4.91140892758781e-17,-3.24980092634989e-06,2.5563496509815e-07,1.1766128479716e-08,6.49815684639111e-08,-3.05094770795753e-07,-6.50366248198944e-07,3.95965763161476e-06,-3.08381834035937e-05,-5.43292894575113e-08,-6.61331210414173e-16,-1.03133178504174e-07,-6.37603362993516e-05,-1.3021712781282e-07,-1.47513315198259e-16,2.47112257697427e-07,2.48931404254996e-06,-3.7984998581626e-07,-2.02223095498693e-07,-6.75199223843759e-08,-3.61687494522103e-08,-1.29471522344542e-06,3.63174362883585e-08,3.86542947165632e-07,0.000334484022342657,7.84892164889702e-08,7.9191450680608e-07,-5.71306216641778e-17,-3.16936886729884e-07,1.48957716609331e-07,9.66502479536623e-07,-9.78195739974968e-08,-2.76034198064106e-17,-9.58551073292323e-08,1.25375374485767e-07,-4.37164926091253e-08,-3.89877546503659e-08,-9.90184337799727e-08,7.3660772124498e-07,-1.41907072499918e-06,2.04234243814253e-07,2.85796289356398e-16,7.70976058035896e-07,-1.03199581347356e-06,4.60690287812487e-06,9.7317218555036e-07,-9.89826370309315e-08,-6.66589826171476e-10,-5.84384970969687e-16,1.85822116372106e-16,-6.5573953932542e-10,-5.93635737992779e-07,7.8436397531047e-08,-1.15458989946461e-07,3.64870963639021e-16,-5.70430340782996e-08,-6.86740440196383e-10,3.25007789175769e-16,1.50090547445111e-16,-5.20991834468017e-16,1.55720110508693e-07,4.63614955424098e-07,-6.94036040351308e-07,4.24270977261174e-07,2.12502958500591e-07,5.04572757979124e-07,-0.000281096121424428,-1.03813219516397e-16,-1.19387341850497e-06,9.20180120378273e-07,2.96913542701698e-16,-6.99257363669726e-16,-3.49647561313008e-05,-5.34091583300415e-11,-4.31842683541211e-07,3.51404977426269e-07,4.83119273603363e-07,-2.63747231480337e-08,4.17628495192324e-16,-9.05692759730658e-08,-1.5237587978099e-15,-3.29078102634688e-07,-1.0285521078509e-15,-6.2977420079915e-07,-4.73575868544311e-16,5.28748283354667e-07,7.42732968640782e-07,5.65195588280139e-08,7.91187448115761e-07,4.4638835704142e-06,-3.67700624337337e-07,4.26158712436697e-06,2.08105347056427e-07,1.01756772984183e-06,1.14496500671915e-07,3.07493112837618e-06,-0.376777242841578,2.42929338071755e-06,1.08956976751208e-07,2.13271970035791e-06,-5.17404716580685e-16,-0.000639920594711593,0.000317049404120931,-7.96027990019645e-08,-9.10372918274584e-14,-9.1828014839396e-09,-2.07771151530355e-07,-7.11781812323351e-07,-1.37294592118555e-16,0.000225387757063612,7.18680448071085e-08,2.89891394766847e-16,8.91881629871052e-08,-9.63409205453746e-07,6.28253401773042e-16,1.20621643188062e-15,0.00151618507285489,2.09889395172306e-08,1.23921478593292e-10,1.62868144782451e-07,-3.95668031266257e-08,-0.000197289619607082,-9.8881236097789e-09,-1.03810459344832e-07,1.50590288411312e-07,5.19504957715439e-15,-3.22356178969111e-09,-1.99164590372903e-10,-5.29787377748161e-10,-4.74142833412147e-08,-6.0161846265459e-17,3.72779625991646e-17,-1.46586199752616e-08,3.25341084043339e-16,-4.02599605504567e-16,-6.05659385747775e-08,6.25472733215694e-08,1.27733812353231e-07,5.81548597162689e-10,-2.59614284716317e-06,-1.77988340534797e-08,-1.47799506801466e-09,-2.25668340987452e-16,-2.30177078759152e-09,-9.46924596836391e-11,-4.15483246313824e-10,1.18353055253773e-06,-7.2135756175669e-08,-5.72594608130022e-16,2.25431495611799e-16,-1.11802818877158e-16,-1.51658631842563e-10,-2.34917560702804e-09,-1.29595155932469e-09,1.39606581564337e-16,-4.77568550723993e-06,4.47466705058062e-17,3.44916785004435e-17,1.20895716117992e-07,-2.68643634480472e-09,8.96730064335605e-16,-9.61426792226892e-09,-0.00103892434627821,-3.47729681503114e-16,8.25515776658564e-09,-1.79671202532341e-16,2.96976256109778e-09,3.89734826720349e-17,3.01018769812235e-09,2.63660824917113e-08,3.48241839623351e-07,9.24842578823503e-10,6.57892227593683e-09,-2.54546382896065e-08,1.13999670393043e-08,1.34892585463907e-16,5.83498845958816e-07,-5.31469628543524e-08,-6.7989189984522e-18,-4.44952015918804e-09,-1.33870952910428e-08,2.20787376893463e-08,1.75521958178138e-17,1.10724797001898e-08,2.01140280586951e-05,-5.6717425765521e-17,-3.63740930804122e-08,-8.14552670627547e-09,-7.64395275695732e-06,-1.16004307687669e-16,-4.19176840489422e-17,8.31843545989824e-09,2.60626680089535e-09,2.11822773419074e-10,-2.57509857874071e-08,1.71321892598567e-09,-1.65540681548877e-16,1.46112432906709e-16,6.30742749622926e-09,4.3522234240003e-11,-1.08940992130334e-16,1.54708408438739e-08,2.72830717875095e-16,8.94609068252711e-08,-3.05021374374858e-09,-1.78430989088834e-09,-1.1883772062172e-08,-2.62319641897682e-14,2.05080280203824e-16,5.88878591059705e-17,-2.75870784639192e-15,-1.69035503227479e-05,-2.39116725579913e-08,-5.06097854525417e-17,-5.33001729660206e-16,1.39297870110744e-16,5.41876267408067e-08,3.07360839039991e-10,-2.72642182180083e-08,-6.40040785103373e-17,-4.7864137783446e-16,3.7058199662144e-16,-1.10249769738353e-07,3.72833745551049e-08,1.02825549988141e-18,4.16849394559068e-09,-5.62778245107689e-06,3.64110098755624e-17,2.65104551648072e-17,-1.10436231069998e-08,-1.1326596846572e-10,-5.51718291611090e-09,-2.40658516869528e-16,6.28125276901172e-09,9.20485201727654e-09,9.96095214973908e-09,-9.18257630935111e-09,-3.28044652071161e-08,2.80964594887463e-09,3.71970805172147e-16,6.3264247301062e-18,1.20064065857488e-16,5.49992285147491e-08,-7.9266302642423e-08,-2.72184986746823e-09,-2.17898070149046e-09,2.53456846386492e-16,-7.7302600586214e-17,3.53010357342457e-16,-6.35855290434128e-17,4.661064926425e-16,2.73989612184591e-07,-1.09293364720385e-16,1.81068322968266e-16,-1.72390350376475e-09,1.4079729798015e-16,-1.54371522974659e-09,-4.52025156485156e-18,-1.91496020141175e-09,-1.40276624049591e-16,-2.3446937005511e-09,-2.94194672313786e-10,-1.8641307409936e-07,-2.28710654023155e-17,9.52408251985579e-09,1.36526597532817e-17,1.36516025676265e-08,-6.29197865361969e-07,1.34471567980934e-10,1.34458982402745e-16,1.97325723545527e-08,-1.56658679453458e-16,-4.88777607894371e-09,-2.7598863559362e-08,-1.10190807647401e-16,-1.62433367230081e-16,-1.01986488601297e-16,-3.78798138840918e-15,-9.32341849545326e-11,-1.21612218420028e-09,-2.72085838555363e-10,2.75739547870309e-16,9.53404078235186e-18,-4.75314796614967e-05,1.61492167018526e-07,-5.57012183065346e-17,-1.65267598869959e-16,-1.26312774436242e-09,4.21129752120676e-17,-8.97176270111691e-09,1.6898584241905e-17,8.52467202402637e-08,9.49998533943205e-17,-1.1228449630619e-17,-1.09468002694789e-16,1.18274644109944e-16,2.460785500366e-16,2.05527314298935e-16,1.14638831824603e-08,-8.01861132417228e-08,-1.1855477338967e-17,-7.72986299576007e-09,2.94541680907161e-08,9.95110521944506e-17,8.4490635316754e-17,-1.39606793450516e-16,2.2261572137057e-16,2.92502152118384e-09,4.68563748063503e-10,2.45043539067741e-16,3.82281392582077e-17,-5.33082874916983e-09,-1.90208870728762e-08,-4.67843875619317e-06,-1.50074991329951e-17,-1.36383674077639e-16,-2.17238334045354e-16,-1.0961037989821e-16,1.39932870231818e-17,-3.43449829889784e-17,1.13892736393237e-08,-1.07846761921282e-08,-2.07608929375129e-09,-4.67432262521491e-17,2.43133898231569e-16,2.13813810551271e-16,1.96357127337214e-16,-3.9300845768212e-16,-5.09841758240919e-16,2.04497817601278e-16,-1.92167465619311e-16,1.96105971407422e-16,1.26276081990576e-16,5.98984312558025e-17,-9.60217336260063e-17,3.41642454898302e-17,-1.12055499719373e-17,8.01303243498551e-09,3.6483748583392e-15,-5.83361787699641e-17,-8.23915370506256e-15,1.80759275672641e-07,-1.98223926432862e-10,1.16749532555369e-16,-2.93613986710468e-09,1.65766211164621e-07,-4.41570659885272e-18,3.10988298823306e-17,-2.91884567501996e-08,-1.94201960197762e-16,4.11076097520251e-09,-2.73329662855189e-16,2.11295300439315e-16,-1.26322872404711e-16,-3.00161148554893e-17,3.68392592697955e-10,-5.06085791267165e-08,1.07230178481743e-15,-4.78075914591652e-17,1.5305941946521e-16,3.95371295187026e-16,2.09599996863971e-16,-4.33160656732244e-17,9.9727957158908e-17,-2.57367638040363e-16,4.2904264228406e-09,-1.15761045406254e-16,3.21003171222358e-17,-1.90253833459746e-16,5.68050932456602e-17,7.451384068144e-17,3.50106181192014e-16,-1.23047787063638e-08,-2.38284407468471e-17,-5.61865188023058e-17,9.18076796630046e-09,3.44463581490017e-16,-4.81735303043518e-16,6.377324211102e-17,4.69184055170909e-16,2.70187282945584e-06,1.35143476923807e-16,-5.70507237649618e-09,1.24320821017046e-16,1.24664978897427e-16,-6.86941026328668e-17,4.48331918473521e-16,-1.03954915530814e-16,3.06098229500146e-17,2.06777508258314e-10,-1.87592288367766e-16,-2.31130163150337e-16,8.07108640047044e-09,-2.58737609904345e-08,-1.06122022154014e-16,1.8159400706574e-08,2.66124102896587e-09,2.44858005861724e-16,6.82608802719148e-16,2.02402003785785e-16,5.21359858556411e-16,-1.03557129585097e-16,-4.50822565648437e-09,4.37737797254204e-16,-5.48274473306515e-16,-3.39201423320051e-16,1.80872807040075e-09,-1.29864040627064e-16,-2.61806285292965e-16,4.63027743398706e-16,-3.43683106953937e-16,-8.26379406868406e-10,2.26730680421659e-16,3.90860865663672e-06,3.06771160342755e-16,1.15640674570125e-15,-7.04184948372519e-16,2.25549538749809e-16,1.94218991609968e-17,9.89199748584791e-17,4.4006631130516e-17,-2.99255010590832e-08,-6.11399175487093e-16,-8.22081503493513e-17,2.00179029278983e-08,-2.02941664974091e-18,1.23045903998272e-16,-2.00004098914876e-16,7.69729297738175e-17,-6.1863647056116e-17,5.45547602968473e-16,-1.32742693456047e-08,-6.46283268309655e-16,-3.36103453234096e-16,4.34138403543699e-08,1.08267758491774e-16,7.37118722575574e-16,4.07849148839262e-17,3.95032344391491e-16,-1.10958280923089e-15,2.23006964181834e-16,-3.42007177873889e-16,-2.1070881224737e-16,4.4968653639098e-16,-4.06893330950406e-17,-3.6447658170582e-17,-2.28954255231055e-08,4.77994644831773e-08,1.87572360423028e-15,-2.30872963870026e-16,1.45931278844427e-16,-6.34918456155202e-16,9.56821969745614e-16,7.34534150305088e-16,-1.31551447977421e-17,-4.79504530883287e-16,-6.02347482536195e-10,-1.91414757090861e-16,6.55068647914198e-17,-4.55156308082156e-16,7.97473604559647e-17,7.73458101473658e-10,3.25938334382344e-17,-8.48666018164711e-10,8.69232314723178e-16,-7.2905552291854e-16,2.14453520125121e-16,8.62452549985327e-16,7.18125252685658e-16,-2.02934776800726e-15,-1.40150983806197e-16,-1.72417562939765e-16,-7.35637349881651e-16,-7.79070832148991e-16,6.90564364641255e-16,7.8601364380065e-16,2.80504221252549e-16,-1.13547342911178e-16,-1.40396108262904e-15,-1.1194384154896e-16,1.33920412826785e-16,5.45099966682048e-16,1.47532430946863e-15,-1.10509097711145e-15,1.81717705119433e-15,-2.67835877548746e-15,4.95876718362493e-15,-2.35468986269425e-15,1.02300958572324e-14,5.92097547153983e-11,-1.61566496512747e-14,1.08232018979546e-13,-0.70710678118655,3.65504797594319e-15,4.1761080216514e-15,1.10676379420184e-15,2.01206026581356e-15,6.58831073798964e-18,6.98208180222503e-16,2.46827880374038e-16,5.72933085522809e-16,-1.14855765784593e-15,5.49853730641612e-16,-5.90358885160533e-16,-3.08229787516472e-15,-6.18587861063141e-16,1.00413638598441e-15,-7.67793802525869e-10,-4.74210244161914e-16,-8.95887658310811e-16,-3.99053419448574e-16,4.29814136000185e-16,-1.13374510597104e-15,-4.45151261386887e-18,9.68094360245707e-17,-4.85803829046106e-16,-1.69780705065712e-16,1.63902691655603e-10,4.67886212184581e-18,-5.60987308226153e-17,-8.47893822711603e-17,4.48471830244751e-16,7.70146342732504e-17,5.44880703639079e-17,1.60859322369647e-16,-1.49304555908222e-17,-2.22356398061476e-16,-2.93142830125886e-16,1.65055975939197e-16,-1.53178753472294e-16,5.995495083928e-17,8.32962400633872e-10,-3.13057647042685e-18,-1.98348241288194e-17,-1.81337554697827e-16,1.05987538624036e-16,-2.51549999429866e-09,-1.26085860365955e-16,-1.09016772875926e-16,6.77208474701156e-17,3.10688240242483e-17,2.32500224037017e-18,-1.13775524582768e-17,3.7834319862683e-16,6.77647319382402e-17,1.58580214574868e-17,-4.58367013305317e-17,1.67252581704131e-18,-2.6440953404973e-17,-1.01548055348283e-16,-5.36164081655722e-17,4.18241206694372e-17,5.46208170301493e-17,-2.99639592613701e-16
"t834",-0.0479285872328713,-0.0798890860587435,0.0282687691712263,0.0409689101011107,0.0034577181857239,-0.00160482948230971,0.00904179301092809,0.000171517947078953,7.69952761359111e-05,-0.000331054672429128,-0.000189056804087084,0.0174815435662368,-0.0313734334548739,0.005757210543497,0.00510424621747866,0.00713310218069546,0.000730776226810082,-0.0435898257733496,-4.77172881544951e-05,-1.58399393684362e-05,0.000172715881844762,5.31475995750203e-05,-0.000252948531228919,0.00501407046899192,-0.0149455597898153,-2.68573879895766e-05,2.70262188476408e-05,-2.22339260443808e-05,0.000268568673373559,-9.85748248097059e-07,1.70310164253322e-07,-7.25659557252018e-07,0.000824224458832863,7.79555845567991e-06,1.10575366564338e-06,2.46400636421422e-05,0.048269748554483,6.27776232613395e-06,3.59292311438023e-05,6.03250647711958e-06,0.000175794532649382,-1.51055627675633e-05,0.000164284847042156,-9.70549594063907e-06,0.000303744115757297,5.69980060637606e-06,-0.250688451343546,-0.000718193938083582,3.07306813385092e-05,-4.41126200334054e-05,0.000419650929743832,-2.01907396286042e-05,2.81410129918511e-08,-6.01069543624031e-05,2.93035351868503e-06,-3.03550401231306e-05,9.72204213258784e-07,-6.28945008894242e-05,2.12561803482233e-05,-2.13625694567835e-05,-1.78839382850547e-05,2.72170628784342e-06,-8.77293335530159e-05,4.65472678667214e-05,-3.25842367302481e-06,0.000124056832263385,-4.47783494530209e-07,1.56269187943728e-05,-4.25211454449506e-05,1.65720664735265e-05,-0.000440590417991379,3.95331080513516e-05,-2.00990629629057e-06,-0.0123737243090011,-0.00876385918695221,1.4509513291479e-08,-0.000114913828362823,3.42395078633738e-06,-1.59416682370462e-05,-2.00066139625603e-05,6.6107235306531e-06,0.000101910696523696,-1.66194010011995e-05,-0.000117392668362945,2.07594614963111e-05,0.0116958540393476,0.000905933128772004,1.17357552524609e-05,3.58143636518655e-06,-0.000797599740113134,1.27779556921483e-05,-6.62851182904286e-07,-5.54412002339854e-06,0.00077189121555885,3.86126840003594e-08,-1.46810204300862e-06,-0.000313816645905486,-4.91775472917056e-06,6.48352396047502e-06,9.27401491257458e-07,1.51375368898265e-07,-0.00113107672863518,5.50696449788523e-09,1.83716150218936e-07,-1.52034183698356e-07,0.00599439236942787,2.51414456097036e-06,-7.35574139765273e-07,1.3613129508398e-07,-1.09634235347552e-08,-3.00733553482679e-08,4.52657575749596e-08,-8.25841052156643e-08,-2.10216416953649e-07,1.76236513447662e-09,-1.42235092495973e-07,2.70441909958984e-07,-5.05439017845107e-07,7.960357938096e-07,-2.62979179978409e-06,1.15119276272665e-05,-4.64106914237891e-06,6.06612194381335e-06,1.68729701969812e-05,-5.75358724013769e-06,7.69041047388764e-05,-8.03610181169588e-06,3.45533361585297e-06,-2.37212125461038e-05,-0.000816547629134275,0.0271852360822446,-0.000471791665154782,0.243801038226264,-0.000168847137829907,1.32545779403556e-05,5.59075573743159e-05,-1.58585619951031e-07,-8.39109568949764e-05,2.25564401259258e-05,-6.47394338303768e-05,-4.09010674901187e-06,-0.000157620070104775,3.06209839519853e-05,1.95087599452434e-06,6.15457827641439e-06,-3.85071477469692e-07,-1.82213671369266e-05,2.95114224057516e-06,1.97264539136121e-07,-5.17024067810516e-07,-8.07857013350547e-05,-2.47624484863381e-06,-5.40377553263888e-05,2.06750056411975e-05,-7.94412895234706e-06,-7.33879708164987e-07,1.15133148479938e-05,-0.319559264797299,3.66802247065685e-05,1.20889605621304e-05,0.328076357391955,0.000260386861852288,-1.09501272205938e-05,-0.00186122704500193,4.71673559752629e-05,-0.000127091374276903,2.06117830438626e-06,3.32688835104944e-08,1.62998166416236e-06,1.74069325554707e-06,-2.49118215274062e-05,-2.37853626048106e-06,1.71730570648437e-07,5.14993595238435e-08,9.41944141060403e-07,1.18125261271973e-08,7.07345754973057e-08,-8.43520753087796e-08,-1.09831150746728e-09,1.73033756680175e-08,9.69484990900894e-09,2.41175601781353e-06,-1.06131276070903e-07,-0.0811838029426318,2.60037009086352e-08,0.00294893356195278,1.01791751591102e-07,-2.99196816562844e-08,-1.30890243706464e-07,8.20736390002949e-07,-3.9145823917703e-10,5.11983355970478e-09,2.63484176354884e-08,1.10295774049594e-05,7.11957055878242e-09,-1.45376756328995e-08,-2.85211306689336e-08,-1.62749422899572e-07,2.01306854293616e-08,1.17412624073784e-08,1.18522347325336e-08,2.17405799246315e-06,-3.85735946807197e-10,-0.000161287949520051,2.95275118050485e-07,-3.4895218295515e-06,7.53567596922803e-08,2.9097915668379e-06,-6.28662516932284e-07,-0.000216711766224096,-3.15555011709825e-06,1.13076475116737e-05,-6.59903404535367e-05,-2.00386121375321e-07,-1.28101295476943e-07,-1.74239646278745e-07,2.8319675265129e-07,2.48347404735393e-08,-4.73884076899255e-08,-2.4070047451384e-07,-1.32058299215602e-06,1.09387408966035e-05,4.2411163921296e-07,1.37867545398613e-06,-3.56250631237754e-07,-1.82707283402489e-07,-1.929054111028e-06,-1.35232644446586e-07,-2.13686651811039e-07,-1.7120474959801e-07,3.65064109916114e-06,1.2089855812809e-06,5.82255762844406e-08,9.7446447038828e-08,-5.16958077457299e-09,-8.49349147760418e-08,-4.41742309807065e-07,3.25540693953181e-17,-6.66129352236024e-08,5.00950557434028e-06,-1.42430721119363e-07,-2.58058514574797e-06,-4.15708380141544e-07,4.97053435565077e-07,-8.12115500102758e-08,2.95155063074979e-06,-6.73276191048474e-09,4.43746368648494e-10,-1.13755270569363e-06,1.0353603497374e-06,-3.25297387761399e-08,4.45360794169077e-06,-2.07574713076796e-07,7.96869890635615e-08,-5.30141099194039e-09,0.00099424422032744,-0.000885029042073369,2.86561985937056e-06,1.10590795517859e-07,-2.16054699916929e-08,4.7986140829569e-07,-9.36127313675657e-08,1.03710772608133e-05,-8.44434904511944e-06,5.3833954862786e-08,-1.84292896242636e-08,2.08206275753948e-05,9.64896731564258e-06,-0.000751584370620148,7.66107002302104e-09,4.37968645352937e-09,-1.3040191071014e-08,1.8534181102784e-06,-1.6244129240917e-06,3.66836000613147e-07,-7.96135334582914e-06,3.86672771237829e-06,-7.17300073449055e-05,6.49815246347507e-07,-3.81188850434846e-07,1.29281469585441e-07,-1.65252388294696e-16,-3.20052957827026e-07,-1.09735294444862e-08,-2.50060551186492e-08,-5.00566246870066e-05,1.56189606074012e-08,-9.70454250457796e-09,-2.27105640136692e-07,2.5952510295476e-08,-2.06856895649578e-07,5.41905242276433e-07,1.98879656988515e-08,-1.79122106082389e-08,2.32423313033673e-07,-2.82663102604928e-07,2.36772813327459e-05,-1.34469473462293e-07,1.55794347179339e-06,7.80063605573846e-09,6.72635820169128e-08,3.25118557636476e-07,-2.73042945816399e-06,0.000221093179067777,-2.45118633316213e-07,3.29989433116174e-07,-1.19725383679032e-06,7.53616869004082e-08,6.80780901754546e-08,5.19064521666099e-07,-1.39551443421124e-06,-7.00938770639878e-08,9.12548074175949e-07,-3.73335264558019e-07,9.22528906389915e-09,8.57976731467439e-08,-1.66511185858561e-07,2.13381484223819e-17,5.25726630532374e-10,0.000115361626508683,-1.85553052695497e-07,1.36814512267449e-07,1.95651773738086e-07,3.60239081782058e-08,8.43098813417302e-08,-1.24223427249354e-06,4.66818422540538e-07,-3.06941965059122e-17,-3.7746027821741e-07,-4.72719813915632e-09,-2.29916062742345e-08,0.00127781495680269,8.71052132856769e-08,-5.98492148716856e-09,-2.31700121635227e-07,6.21005714357308e-08,-3.30958820674395e-06,3.94880803011663e-07,-8.052344339172e-08,-1.45944750520283e-07,-7.72911268565796e-09,-7.66453948603106e-09,-1.46378237197583e-07,3.2853765596884e-05,-1.57060349289263e-07,5.69945022741657e-17,-3.24980092658948e-06,2.55634965379345e-07,1.17661284407229e-08,6.49815681437931e-08,-3.05094770738032e-07,-6.50366248217537e-07,3.95965763147537e-06,-3.08381834037049e-05,-5.43292894818148e-08,-4.35973895516327e-16,-1.03133178506829e-07,-6.37603362992554e-05,-1.3021712782104e-07,-1.89908954811285e-16,2.47112257675633e-07,2.48931404251823e-06,-3.79849985726598e-07,-2.02223095547967e-07,-6.75199225355416e-08,-3.61687494003282e-08,-1.29471522345341e-06,3.63174362960735e-08,3.86542946922832e-07,0.000334484022342716,7.84892165883469e-08,7.91914506855094e-07,-6.13833867571119e-17,-3.16936886813401e-07,1.48957716611515e-07,9.66502479446936e-07,-9.78195741980336e-08,-8.53512170728688e-17,-9.58551073164227e-08,1.25375374659236e-07,-4.3716492647891e-08,-3.8987754739265e-08,-9.90184337349402e-08,7.36607721340864e-07,-1.41907072502268e-06,2.04234243790262e-07,3.30319447153826e-16,7.70976058014302e-07,-1.03199581355689e-06,4.60690287801398e-06,9.73172185690043e-07,-9.8982637038422e-08,-6.66589841900971e-10,-4.5775015722338e-16,2.3020631892844e-16,-6.55739401270168e-10,-5.93635738032989e-07,7.84363976109174e-08,-1.15458989819638e-07,3.2234272137792e-16,-5.70430341069123e-08,-6.8674053184249e-10,3.53414926432636e-16,1.82461478620185e-16,-5.02461026373316e-16,1.55720110625131e-07,4.63614955458195e-07,-6.94036040452883e-07,4.24270977412873e-07,2.1250295834284e-07,5.04572758098277e-07,-0.000281096121424476,-1.07179935358555e-16,-1.19387341852769e-06,9.2018012037628e-07,6.35928445163853e-16,-8.89635188279406e-16,-3.49647561312298e-05,-5.34091418601436e-11,-4.31842683813638e-07,3.51404977487317e-07,4.83119273062165e-07,-2.63747231344052e-08,3.85725846266945e-16,-9.05692761455241e-08,-1.50101819115532e-15,-3.2907810261276e-07,-1.32997555839492e-15,-6.29774200450834e-07,-2.58808033114379e-16,5.2874828358527e-07,7.42732968732057e-07,5.65195587868382e-08,7.91187448153671e-07,4.46388357037621e-06,-3.67700624415773e-07,4.26158712429526e-06,2.08105346998119e-07,1.01756772983854e-06,1.14496501004526e-07,3.07493112830776e-06,-0.37677724284158,2.4292933808149e-06,1.0895697685565e-07,2.1327197003964e-06,-4.38401711467386e-16,-0.000639920594711703,0.000317049404120899,-7.96027991291551e-08,-9.10719889306504e-14,-9.18280154058676e-09,-2.07771151677845e-07,-7.1178181233586e-07,-1.3361092504012e-16,0.000225387757063654,7.18680446947988e-08,2.88299017796547e-16,8.91881629368659e-08,-9.63409205551741e-07,6.33575683674235e-16,1.40056124053667e-15,0.00151618507285467,2.09889393059976e-08,1.23921387829206e-10,1.62868144734929e-07,-3.95668031441515e-08,-0.000197289619606916,-9.88812351547668e-09,-1.03810459309026e-07,1.50590288365435e-07,5.26704398953921e-15,-3.22356174784422e-09,-1.99164700419808e-10,-5.29787454882737e-10,-4.74142834683278e-08,5.75936119693586e-17,2.20554708105296e-17,-1.46586198648171e-08,-2.20768719585882e-17,-4.19457602944463e-16,-6.05659385827116e-08,6.25472732577179e-08,1.27733812391557e-07,5.81548552948053e-10,-2.59614284703902e-06,-1.77988340023825e-08,-1.47799512928889e-09,-2.36180206518993e-16,-2.30177085737685e-09,-9.46925097569214e-11,-4.15483253074756e-10,1.18353055249781e-06,-7.21357560740032e-08,-4.54332103648346e-16,8.52395266866296e-17,-1.52297788646372e-16,-1.51658553000871e-10,-2.34917557046663e-09,-1.29595155800621e-09,1.68686473220816e-16,-4.77568550713735e-06,1.02710829152314e-16,1.57901700695355e-16,1.20895716106951e-07,-2.68643632868724e-09,1.24272608263004e-15,-9.61426770515225e-09,-0.00103892434627826,1.48059031315488e-16,8.25515740262173e-09,-2.64726269037913e-16,2.96976246943986e-09,1.66984583696895e-16,3.01018756623502e-09,2.63660825372514e-08,3.48241839619642e-07,9.24842673017993e-10,6.57892205912143e-09,-2.54546388231085e-08,1.13999669527477e-08,-8.59537184262605e-17,5.8349884586785e-07,-5.31469628332256e-08,-1.76758906692315e-16,-4.44952001378247e-09,-1.3387095217201e-08,2.20787377482519e-08,1.99267339933065e-16,1.10724796940518e-08,2.01140280584762e-05,-9.81243246524776e-17,-3.63740930608744e-08,-8.14552684640264e-09,-7.64395275699566e-06,-9.70573542732854e-17,-1.94954267121542e-16,8.31843543769578e-09,2.60626683469979e-09,2.1182285419598e-10,-2.57509858313188e-08,1.71321903819889e-09,-2.13933894793238e-17,1.28980796044178e-16,6.30742766075839e-09,4.35221098390366e-11,-4.6151510922375e-17,1.54708407513194e-08,-1.88616857629059e-16,8.94609069780604e-08,-3.05021387816878e-09,-1.78430977575162e-09,-1.18837719736964e-08,-2.64880409792795e-14,-1.23042834969654e-16,-5.75221961529134e-18,-2.88391475073317e-15,-1.69035503227821e-05,-2.39116726868006e-08,1.78235439067157e-16,2.4590703976244e-16,-3.39196848631296e-17,5.41876268278146e-08,3.07361015861921e-10,-2.7264218209352e-08,2.10847290928619e-17,1.13130567468232e-16,1.8905775382716e-18,-1.10249769961789e-07,3.72833746041895e-08,-1.85812394964579e-17,4.16849433432278e-09,-5.62778245111392e-06,-1.95590269039756e-17,1.80048854534194e-17,-1.10436231112116e-08,-1.13265979493566e-10,-5.51718287816995e-09,-1.74827106990749e-16,6.28125280993292e-09,9.20485207455818e-09,9.96095203153221e-09,-9.18257629068013e-09,-3.28044652077216e-08,2.80964543148651e-09,-3.00519412081517e-17,-1.90726798062555e-16,-9.01840372378342e-17,5.4999228279093e-08,-7.92663026395514e-08,-2.72184975248524e-09,-2.17898075192957e-09,-2.92307657353134e-16,1.65489518617763e-16,-1.7689233199564e-16,-1.6581103234083e-17,-3.06685706183916e-16,2.73989612123724e-07,-3.61019446022223e-17,9.67494950717491e-17,-1.7239034933802e-09,-1.73528873373797e-16,-1.54371513972474e-09,-4.07242470278238e-17,-1.91496000818013e-09,1.05768424065412e-16,-2.34469379944802e-09,-2.94194612667221e-10,-1.86413073510553e-07,-5.38644499027209e-17,9.52408236463465e-09,8.61913619130672e-17,1.36516025546353e-08,-6.29197865136124e-07,1.34471448247616e-10,-1.32904959648009e-16,1.97325722906086e-08,-2.55013524218478e-17,-4.88777611459291e-09,-2.75988638201244e-08,-1.29044680223063e-17,1.07322842768929e-16,4.56265374353328e-17,-3.57184615579594e-15,-9.32341837070466e-11,-1.21612202756083e-09,-2.72085741174081e-10,-2.37759825337171e-16,-1.05529873381407e-16,-4.75314796616401e-05,1.6149216723748e-07,3.50664396438581e-16,1.12419772923822e-16,-1.26312750029686e-09,9.68617095687059e-18,-8.97176285759233e-09,-3.1980305776712e-17,8.52467203467092e-08,-6.96460138877247e-17,1.17980475116441e-17,4.44672937538537e-17,-2.35372984526434e-16,-2.13861080988203e-16,-5.26688622889156e-16,1.14638823411172e-08,-8.01861130670512e-08,1.97946802794403e-17,-7.72986314880746e-09,2.94541679686123e-08,-1.03558084948894e-16,-2.78681103107385e-16,4.94235549501901e-17,-8.20492010893464e-17,2.92502117785062e-09,4.68563931369478e-10,1.1316621263438e-16,-5.92630282334902e-17,-5.33082852400305e-09,-1.90208874102608e-08,-4.67843875624218e-06,-5.23712919014886e-17,1.26774717336085e-16,1.64022419528166e-16,1.82409769624749e-16,-1.19577799822253e-16,-2.00305281602095e-16,1.13892734768352e-08,-1.07846764817871e-08,-2.07608913801295e-09,-2.90355328218187e-17,-2.40850957449632e-17,-2.60499910779704e-16,-1.11441634938777e-16,3.56784982030036e-16,4.94075230854037e-16,-2.13130087226413e-16,1.42360279333656e-16,-2.02241867543978e-16,-8.92731077242228e-18,-1.7239562442171e-16,2.74223484459172e-16,5.38822240150138e-17,9.32326894272699e-17,8.01303289239665e-09,3.56553142222573e-15,-5.44058751156383e-16,-8.06066748785226e-15,1.80759275637662e-07,-1.98223642503871e-10,-1.20269126094167e-16,-2.93613977993429e-09,1.65766211204702e-07,-1.67207995551104e-17,-1.40294381739671e-16,-2.91884567692612e-08,1.78880344358906e-16,4.11076101351402e-09,-7.85716847410572e-17,-2.58695433711558e-16,1.91216735659627e-16,-1.02175697455713e-16,3.68392305670886e-10,-5.06085793394605e-08,-1.02253944796481e-15,-1.04007756265087e-16,-1.26248094052429e-16,-4.60525004828798e-16,-4.80979188768882e-17,-1.74176869778601e-16,-6.37911830258399e-17,2.12483246434408e-16,4.29042642344359e-09,8.55141112446144e-17,-5.43186383538226e-17,3.82691292079611e-16,-3.19368145573102e-16,-2.65239559835509e-18,-3.81967454460932e-16,-1.23047789209274e-08,-1.62677741777411e-16,1.63864144526459e-16,9.18076810386876e-09,-4.38472330917408e-16,3.34078954612261e-16,1.27894965881198e-17,-6.27175887950971e-16,2.70187282931273e-06,-1.0011806968464e-16,-5.70507235306807e-09,1.0267579721852e-16,-2.08243020164664e-16,2.46022691619366e-16,-3.03475414328524e-16,1.79131089568254e-16,-7.27146364226242e-17,2.0677786540777e-10,3.62603895710644e-16,3.4679197129792e-16,8.07108521120767e-09,-2.58737610746532e-08,1.17352602983453e-16,1.81594007647245e-08,2.66124105733554e-09,-1.25211125765541e-17,-8.9219485790827e-16,-2.04976323743242e-16,7.6811095595969e-16,-1.18319758614629e-17,-4.50822570517011e-09,-2.74048703622184e-16,3.40476540665955e-16,2.98871137946561e-16,1.80872819595644e-09,2.36007396955944e-16,1.23660775816139e-16,-5.78623257580038e-16,4.00644442159355e-16,-8.2637981506078e-10,-3.55350083417064e-16,3.90860865723242e-06,-3.1526627936678e-16,-7.96295576677529e-16,5.26957387978599e-16,-2.9278117958959e-16,8.92329558087913e-17,3.58959492385175e-17,-1.40666439237036e-17,-2.99255017007614e-08,4.60440368607281e-16,1.47421756547278e-16,2.0017903286222e-08,-1.02297034163169e-16,-6.3707564108225e-17,-2.60963628052154e-17,-6.72115209584656e-17,9.73920572346324e-17,-5.34598680024048e-16,-1.327426926319e-08,5.56531976988286e-16,5.38101015793596e-16,4.34138404971592e-08,-2.19041179251263e-16,-5.78925529600602e-16,-1.12331077143452e-16,-3.29917069202943e-16,9.67736965329851e-16,-4.28756349526218e-16,3.26652117185245e-16,1.95320289203018e-16,-5.21740244326861e-16,1.48343030225407e-16,1.11392428257066e-16,-2.28954260364955e-08,4.77994682559432e-08,-1.72135777378527e-15,2.64956441141542e-16,-1.22514504719376e-16,8.52588136917246e-16,-1.38039265348139e-16,-6.87032175572178e-16,1.92089544964176e-16,4.78113623197733e-16,-6.02347999144129e-10,8.25068184618702e-17,-5.46127914598117e-17,4.0703150682599e-16,3.37337458155953e-17,7.73458255486797e-10,-7.77397907915463e-17,-8.48670704520049e-10,-9.85401353256161e-16,7.76986167119484e-16,-2.39369376190423e-16,-7.89315093749976e-16,-6.99481352611781e-16,2.11627701908495e-15,1.60787964740884e-16,4.29777553549956e-16,6.67566246185116e-16,8.30089336226759e-16,-7.1549603799549e-16,-8.18887822559191e-16,-5.31807596399991e-17,9.0365154122605e-17,1.34472378298141e-15,1.15346276533102e-16,-9.72978434664578e-17,-5.01683519023219e-16,-1.49636676175963e-15,1.03885193330584e-15,-1.71103027037621e-15,2.64772343105481e-15,-5.13766225973899e-15,2.32801213735763e-15,-1.03205175491433e-14,5.92109656568739e-11,1.6167414583417e-14,-1.08149364317724e-13,0.707106781186547,-3.81413894135127e-15,-4.34952768699036e-15,-1.1619834310034e-15,-2.11287575429402e-15,1.06250924202563e-16,-6.13316090121447e-16,-3.02704882261261e-16,-7.4536866479305e-16,1.14933286790655e-15,-4.44533533901571e-16,5.78014704856135e-16,3.02767817740354e-15,6.00743959914286e-16,-1.00206139706068e-15,-7.67795031536368e-10,4.502438529245e-16,7.97103160136953e-16,2.00028611948399e-16,-6.50926709617091e-16,1.40109901096653e-15,-1.01855445759215e-16,-1.18967536356779e-16,3.50281924916859e-16,1.49964100588506e-16,1.63903227633699e-10,3.30779770551173e-16,-3.0645790377645e-17,-2.14533035008045e-17,-4.63899239951349e-16,-4.85696820344656e-17,-3.3032471237162e-17,-7.41583826042271e-17,6.72806292231076e-17,1.38228573459545e-16,1.91922839109152e-16,-1.97282548040057e-16,7.97676657753846e-17,-1.02008259131741e-16,8.32962551331832e-10,-2.99949447022383e-17,5.60193956597436e-17,1.61197224228468e-16,-7.29708719664213e-16,-2.51550040454276e-09,8.2114587029145e-17,-6.75248208526739e-18,4.9988833805115e-18,3.50594354816588e-17,1.1937033666591e-16,-4.24697026837095e-17,-2.18684206182883e-16,4.60045307741704e-17,2.41478806230795e-17,1.04697918207958e-16,4.82258060440338e-17,9.05607831323358e-17,-9.76591270472981e-18,2.40311939766669e-17,4.93039234153371e-17,-3.46930178712371e-18,-2.32497483009478e-16
"t247",-0.0479019857687218,-0.0797956842186559,0.0282346509093067,0.0409026604223511,0.00345087418767218,-0.00160110378025584,0.0090203906152856,0.000171079732929819,7.67630376975421e-05,-0.000329844558660842,-0.000188180842127715,0.0173818461481775,-0.0311893069026212,0.00572291370503622,0.00507252168675864,0.00708616771764119,0.000725853769020505,-0.0432909219676092,-4.7382556306429e-05,-1.5719293051828e-05,0.000171293788934844,5.26202434920069e-05,-0.00025029925222432,0.00496125795996438,-0.0147875263166485,-2.65599864303078e-05,2.67234416383974e-05,-2.19826226810042e-05,0.000265452472413325,-9.72264546292008e-07,1.67827689261459e-07,-7.14606686272093e-07,0.000810775302786371,7.66240243561229e-06,1.08591497865236e-06,2.41631884033511e-05,0.0473238797608369,6.15282112370451e-06,3.5209372113945e-05,5.90987127569505e-06,0.000172119700230612,-1.47822632437714e-05,0.000160717135421679,-9.49447245102738e-06,0.000297026553422113,5.56583517011587e-06,-0.244689159756345,-0.000700861724987302,2.99716283950756e-05,-4.29958199080432e-05,0.000408679430086432,-1.96550393230569e-05,2.73927763504286e-08,-5.84796337421381e-05,2.84821874889384e-06,-2.94998149351818e-05,9.42251030797312e-07,-6.09109936275241e-05,2.05839758662061e-05,-2.06485888949e-05,-1.72617020407355e-05,2.62515281953702e-06,-8.45684427363642e-05,4.48636574179691e-05,-3.13717809625532e-06,0.000119324322563636,-4.29769959743891e-07,1.49835931377704e-05,-4.07521145937424e-05,1.58695630311948e-05,-0.000420072116394376,3.75652571620142e-05,-1.90886228171857e-06,-0.0117389753780592,-0.00831316160745684,1.37568901753084e-08,-0.000108932801755524,3.24276254159745e-06,-1.50666068715319e-05,-1.88924228721763e-05,6.23351698183676e-06,9.60654106644698e-05,-1.56299870002503e-05,-0.000110326617451128,1.94512096654393e-05,0.0109497313342966,0.000847430112780874,1.09763964839563e-05,3.34958165130994e-06,-0.000745898267223305,1.1945849493838e-05,-6.17809200187825e-07,-5.16594337756981e-06,0.000717883644981282,3.5793951921279e-08,-1.36025782967616e-06,-0.000290757507222351,-4.55067269135983e-06,5.99675901921142e-06,8.56256168100588e-07,1.3956026651737e-07,-0.00104265963649747,5.07574277881394e-09,1.68217838918061e-07,-1.39139202378461e-07,0.00548383760362874,2.29841765962145e-06,-6.72327862520524e-07,1.24383748677386e-07,-1.00121201275892e-08,-2.74592141506496e-08,4.12893559024874e-08,-7.53203702385349e-08,-1.91217328940731e-07,1.60217273845426e-09,-1.29145075100391e-07,2.45415134162449e-07,-4.57957510740495e-07,7.20181251607941e-07,-2.37651683241702e-06,1.03965442808156e-05,-4.18210294091832e-06,5.45835963013315e-06,1.51816355429754e-05,-5.17577731741229e-06,6.90782697683455e-05,-7.2174477106493e-06,3.0993584028456e-06,-2.11992627683883e-05,-0.000729705307021069,0.0242867106744272,-0.00042044302839444,0.217160307846819,-0.00015034359971465,1.17849208124117e-05,4.96985465028771e-05,-1.40539397741699e-07,-7.41769553324004e-05,1.98716138704432e-05,-5.70281525118879e-05,-3.60080241062226e-06,-0.00013872210477404,2.69366269614431e-05,1.7158266894589e-06,5.41303677917692e-06,-3.38226530272878e-07,-1.59622629899078e-05,2.57825140444131e-06,1.72222289433865e-07,-4.50712662916438e-07,-7.04160384404017e-05,-2.15715650158974e-06,-4.7058567006688e-05,1.79978251727673e-05,-6.89099829959418e-06,-6.3622933524419e-07,9.97732239119975e-06,-0.274378889475466,3.14227091197373e-05,1.03525802552106e-05,0.280409717836568,0.000222466289863479,-9.33207475853344e-06,-0.00158571818168119,4.00868558680922e-05,-0.00010775596278756,1.73545148653996e-06,2.80044796904359e-08,1.37196915009168e-06,1.4637495393839e-06,-2.0924767808377e-05,-1.99753475554305e-06,1.4389969382435e-07,4.3122895378637e-08,7.87531886449484e-07,9.87239397255558e-09,5.91054744098953e-08,-7.0232586971878e-08,-9.11068677206722e-10,1.43442053680534e-08,8.03192189100406e-09,1.99443319309045e-06,-8.77048028971569e-08,-0.0670423372292189,2.14600764153717e-08,0.00242832008593415,8.37752838210713e-08,-2.45072795930502e-08,-1.0719552995182e-07,6.7108359746553e-07,-3.18660000784721e-10,4.15221098334349e-09,2.13410610528901e-08,8.91620929452008e-06,5.74706275218149e-09,-1.16842937159344e-08,-2.29014642410976e-08,-1.30419703464536e-07,1.6115507239113e-08,9.32589401779712e-09,9.41052948575315e-09,1.72037389928844e-06,-3.04224931283466e-10,-0.000126180355544645,2.30993814999433e-07,-2.72779834363083e-06,5.87712514433096e-08,2.26571342573862e-06,-4.87407711807649e-07,-0.000167117647139912,-2.4228060593084e-06,8.6701585438221e-06,-5.02872978304127e-05,-1.52175522213005e-07,-9.72726986982529e-08,-1.31949570624033e-07,2.12978430300762e-07,1.86519081691592e-08,-3.53341643761181e-08,-1.78566426173629e-07,-9.77962946777912e-07,8.0415014361906e-06,3.11232142980894e-07,1.00977435996015e-06,-2.59375919143098e-07,-1.32862777552665e-07,-1.40236993939686e-06,-9.76617115839889e-08,-1.53693501080127e-07,-1.22578272470068e-07,2.60832754012874e-06,8.61932186316722e-07,4.14267067530074e-08,6.92916993037408e-08,-3.65622743433404e-09,-5.98679182608558e-08,-3.10221654508777e-07,-7.11089993070182e-17,-4.65305216788137e-08,3.49547833595554e-06,-9.86404022749592e-08,-1.77673600527411e-06,-2.84821326589822e-07,3.40454320149e-07,-5.51159604091968e-08,2.00000375692373e-06,-4.55890241180584e-09,2.99431162051323e-10,-7.65790380523071e-07,6.93981869032022e-07,-2.1761934828676e-08,2.9770186405957e-06,-1.38144484432176e-07,5.20426021326672e-08,-3.43864910332421e-09,0.000641178591633581,-0.000563487298914321,1.8228211657707e-06,6.9705528711279e-08,-1.3547258328413e-08,2.98633161138057e-07,-5.81165770685574e-08,6.42208242751053e-06,-5.21032732548793e-06,3.30396000334489e-08,-1.13037048257648e-08,1.25948822997026e-05,5.83500723825476e-06,-0.000454340342256971,4.61350226750898e-09,2.633676343652e-09,-7.80571256142659e-09,1.10848489226856e-06,-9.44162311410311e-07,2.12526393580984e-07,-4.60049193973953e-06,2.22105958627274e-06,-4.10029406883006e-05,3.67353793761314e-07,-2.14789980975224e-07,7.26573738956465e-08,4.36190540267195e-16,-1.78252622398535e-07,-6.10432966712785e-09,-1.38556519105564e-08,-2.74754933432528e-05,8.50272088349624e-09,-5.26214900537677e-09,-1.22902741273924e-07,1.36839284153812e-08,-1.08881378091525e-07,2.85104837224506e-07,1.0380742623674e-08,-9.13543345661955e-09,1.18052330458727e-07,-1.43157802097692e-07,1.18771052475332e-05,-6.49241395694399e-08,7.39641176691358e-07,3.69969637406697e-09,3.18923802935074e-08,1.47508738227942e-07,-1.17195468869154e-06,9.41910109394507e-05,-1.03272579634128e-07,1.37128741510773e-07,-4.95393662549183e-07,3.00473561244567e-08,2.70650772580131e-08,2.05262017895345e-07,-5.49828332822677e-07,-2.72813516434078e-08,3.50305763966621e-07,-1.41457049464102e-07,3.47531726727313e-09,3.20019872839967e-08,-6.07743916125664e-08,-5.67520159158554e-17,1.65133787053934e-10,3.56267717642763e-05,-5.58251197999512e-08,4.11293025795481e-08,5.87680137376279e-08,1.07496490728604e-08,2.48443895898926e-08,-3.60530297311184e-07,1.31226021725363e-07,-1.07871333809265e-16,-9.80534095979135e-08,-1.21526616136116e-09,-5.77735772960596e-09,0.000320203503875481,2.0560991141648e-08,-1.36402891006069e-09,-5.01098583013277e-08,1.29271407407007e-08,-6.30013791700587e-07,6.85679864492633e-08,-1.31085006317735e-08,-2.28572593858348e-08,-1.18066688787184e-09,-1.1178662371041e-09,-2.12371820023064e-08,4.60444877792164e-06,-2.14069883372376e-08,9.28780521145135e-17,-3.47657321253794e-07,2.57598221222675e-08,1.18492888013238e-09,5.38125569716731e-09,-2.44306398287902e-08,-2.98657368861712e-08,1.42343655497133e-07,-1.04746197789936e-06,-1.43543257035651e-09,1.22043749299834e-15,-1.82877936089458e-09,-9.22935035540557e-07,-2.86200314465258e-10,3.77258765688313e-16,-2.78705925027857e-09,-3.60596675857743e-08,6.13559085075583e-09,3.96480156013138e-09,1.7167104095084e-09,1.07854650436301e-09,4.30787300346045e-08,-1.58261157358864e-09,-1.73197517065531e-08,-1.73827973913088e-05,-5.07843795276532e-09,-5.17571750455576e-08,1.73627492664592e-16,2.87852264014191e-08,-1.41985802187661e-08,-1.01771561368723e-07,1.18002930191535e-08,2.77777885363137e-16,1.48094550657636e-08,-2.43119050650303e-08,9.27365080438082e-09,8.60574235122572e-09,2.28858964852771e-08,-1.8465721437465e-07,4.01847467528353e-07,-7.50975288587216e-08,-4.82401074545327e-16,-3.4514145776915e-07,4.69443660757775e-07,-2.16570872039617e-06,-4.78327924292194e-07,4.88155537353226e-08,3.32827599713865e-10,9.52363188311267e-16,-5.21173747638657e-16,3.50923757711569e-10,3.36709665170395e-07,-4.48064259574331e-08,6.93632793138325e-08,-2.29001676323856e-16,3.80943571537963e-08,4.79841406575574e-10,-7.95658716749769e-16,-3.56439527560739e-16,1.03713779977464e-15,-1.24627810980813e-07,-3.77310019664002e-07,5.97920523954998e-07,-3.83210380678673e-07,-1.9299245762141e-07,-4.81464001379074e-07,0.000269740802058016,1.40276782644506e-16,1.26292525913234e-06,-1.00672007057302e-06,-7.16148828653028e-16,1.85261550520268e-15,4.35224064934344e-05,6.85428559043438e-11,5.77181164705522e-07,-4.82554346687464e-07,-6.98489612652051e-07,3.84493931141612e-08,-1.18037616517129e-15,1.33534057280854e-07,3.47740216300095e-15,5.01192435661312e-07,1.47039329225895e-15,9.82282567097641e-07,7.83807207245318e-16,-8.5000431901861e-07,-1.20130380395793e-06,-9.9070316809171e-08,-1.41073735099478e-06,-8.01638718865821e-06,6.81141387324134e-07,-8.10977816143929e-06,-4.21585659394062e-07,-2.06256241671387e-06,-2.36589777947907e-07,-6.58218010827184e-06,0.845665295405728,-5.67506222493889e-06,-2.62711104410447e-07,-5.22318124695871e-06,1.13085749375101e-15,0.00164519791038511,-0.000854452456174918,2.45799080831883e-07,2.8655775130992e-13,2.95199549625389e-08,7.10406705735185e-07,2.49952492649471e-06,2.60234061871584e-16,-0.000802499634671106,-2.70493769986441e-07,-6.84134321777898e-16,-3.45125562585509e-07,4.43550315144378e-06,-1.15092196648855e-15,-3.23919332587057e-15,-0.00750045967332292,-1.04515677436407e-07,-6.36562218941345e-10,-8.68292976184957e-07,2.30085006204333e-07,0.0011561353300297,5.85839372994983e-08,6.9634738417747e-07,-1.12628130232298e-06,-9.43538121440414e-15,2.51742054999762e-08,1.56715361383832e-09,4.28201227509257e-09,3.96051760541321e-07,-4.54761022659207e-17,-7.82161152956889e-17,1.28251475788034e-07,-3.21513495126325e-16,1.10310081011964e-15,7.3979245324538e-07,-8.17227368220174e-07,-1.67136655775937e-06,-8.94319125838581e-09,4.08778064360916e-05,2.81689218419855e-07,2.41890506052059e-08,5.25475497049089e-16,5.81000335285902e-08,2.69135873273028e-09,1.23174616993079e-08,-4.4534030542202e-05,5.21118083410283e-06,1.60352165442108e-15,-2.28489930808079e-16,9.87138928965015e-16,-3.98818517333215e-08,-2.0982874169296e-07,-1.10269637573556e-07,1.85595540188279e-16,-0.000254696325282364,-4.11364258803627e-16,-5.30886470689665e-16,2.51142824237896e-06,-5.53979352238803e-08,1.37894253307569e-15,-1.73614426126172e-07,-0.0175102721638073,-1.41970241030787e-15,1.22651111913391e-07,2.23398831415729e-16,3.8714889779659e-08,-3.43174831683741e-16,3.88196706641845e-08,3.3721337206904e-07,4.41281642593112e-06,1.15709681301344e-08,8.00400299301395e-08,-2.8093643364771e-07,1.11685078990313e-07,-8.77247216491145e-17,5.03366301994241e-06,-4.52814591446558e-07,2.07916124977846e-16,-3.72987310244421e-08,-1.09036878733731e-07,1.75382155239036e-07,-1.6664674210602e-16,8.12159658428646e-08,0.000145362708429454,1.23980054237795e-16,-2.57854594277598e-07,-5.72073090316559e-08,-5.19086672762426e-05,2.09904792349179e-16,3.21365391960522e-16,5.24626246726476e-08,1.59616027971107e-08,1.28967203377555e-09,-1.39814247125468e-07,9.14533475885597e-09,1.63502104242952e-16,-1.48295323244699e-16,3.32857648318856e-08,2.29348829759178e-10,1.39039701197088e-16,8.00014577669934e-08,-1.16434054250812e-16,4.54474495496618e-07,-1.51341366301485e-08,-8.83859358968573e-09,-5.84893059904596e-08,-1.28836651161082e-13,-1.24058887266526e-16,-3.52162522058345e-17,-1.3347168887382e-14,-7.87312293906067e-05,-1.10892025786396e-07,-1.81808248606196e-16,-2.78444033773716e-16,-1.51061906232074e-16,2.4745667724958e-07,1.39443737233999e-09,-1.21547055983695e-07,3.48791014212088e-17,-2.14314582248389e-16,-4.44322990943505e-16,-4.64694452180923e-07,1.56856956197875e-07,7.4431064943605e-18,1.71810312725577e-08,-2.30086106150911e-05,5.96845771541396e-17,-4.79173106097195e-17,-4.43146528883445e-08,-4.53831432023267e-10,-2.18707820032942e-08,4.06507089652112e-16,2.44679439119501e-08,3.55199446151485e-08,3.79446997780153e-08,-3.43832908245102e-08,-1.22277860370254e-07,1.03853270771811e-08,-2.3077114650194e-16,3.48521802010253e-16,1.14936105546724e-16,1.94218190187825e-07,-2.79723867350891e-07,-9.55186102410311e-09,-7.44062897206586e-09,1.26445602703589e-16,-1.24084147123143e-16,-1.38868158840516e-16,5.02296029774731e-17,2.1170667175482e-16,9.10419177987e-07,2.9387945942789e-18,-2.40089279314057e-16,-5.66929891535206e-09,-4.93347234410647e-17,-5.07395068649712e-09,4.40675967548406e-17,-6.2883951317475e-09,6.59634981467325e-18,-7.56623499353122e-09,-9.4548938899381e-10,-5.9540716075539e-07,6.49016397577214e-17,3.01923205963611e-08,-9.12371683763204e-17,4.25845909282259e-08,-1.92321519000017e-06,4.10671410476361e-10,-2.08438088261581e-16,5.97822551080389e-08,-1.50094897720024e-17,-1.46252311766417e-08,-8.25317496125706e-08,2.45992768228069e-17,4.01518732399327e-17,7.74924737458821e-17,-1.09902373205313e-14,-2.76025085088287e-10,-3.59097772195037e-09,-8.00989185599262e-10,5.23921964901377e-17,1.01375274798874e-16,-0.0001379474319841,4.68395403370673e-07,-4.24132109325936e-16,1.75456085499548e-16,-3.60110166434936e-09,-3.54199153149912e-17,-2.548605679776e-08,2.38740212092657e-16,2.39682907999967e-07,-1.2427311501859e-17,6.52355416606188e-17,1.14484545075692e-16,2.21416557061885e-16,-2.30742572613029e-17,6.59366068691671e-17,3.1586332795477e-08,-2.20878753831675e-07,-9.13163945220182e-18,-2.11467163540418e-08,8.03493722004613e-08,5.0965554957615e-18,9.69753755326113e-17,5.58093437143661e-17,1.33224775150146e-18,7.88356031805182e-09,1.25938229411434e-09,-9.42690148946325e-17,-5.75137743068519e-17,-1.42839940689774e-08,-5.09463072665806e-08,-1.25141099955074e-05,1.0197741093571e-16,-8.51966202733884e-17,2.88297246078138e-17,-6.38492850573003e-17,-5.73282389536856e-17,3.17206233103033e-16,2.98227035896557e-08,-2.81847063371909e-08,-5.41523111962854e-09,1.46865918972781e-16,-1.44425360411198e-16,-6.05672202894492e-17,-6.04997477055938e-17,-3.10362648600797e-17,1.49542365625783e-16,7.12459327496291e-18,-7.22329841917954e-17,-3.61708587628171e-17,-6.09321907206529e-17,1.93245767670206e-16,1.99123286030959e-16,-1.17230277352453e-16,-3.97935832628602e-17,2.02570095672882e-08,8.95324856798014e-15,4.49437235564592e-16,-2.0549103550913e-14,4.55135910897201e-07,-4.98651788997561e-10,3.23059917063186e-17,-7.38195275145404e-09,4.14745816342784e-07,9.79156480236858e-18,3.63234090178725e-19,-7.25941133840187e-08,7.91803531051645e-17,1.01503006409995e-08,-3.46043130577557e-16,-6.91323677562535e-17,-4.18238309406608e-17,1.94251303667051e-17,8.99554249199265e-10,-1.2348566298856e-07,-1.31569470464799e-16,5.35571416706495e-17,-5.0184434430984e-17,-1.63848870919314e-16,-1.85327420727452e-16,2.0633920032894e-16,-7.96487590044286e-17,1.0349923329741e-16,1.00886078395109e-08,3.70047818999269e-18,1.96402214748158e-17,-8.23631978085685e-17,1.48896674322451e-16,-1.70827551238527e-16,-4.97858836934977e-17,-2.87148532873257e-08,-4.45849722566605e-17,-5.54669332547651e-17,2.1394903484958e-08,4.88513945943873e-17,-1.72877120665758e-17,-1.16533398961899e-16,2.88014145544303e-16,6.19680172654695e-06,1.55972969121318e-16,-1.30481133738203e-08,-2.36099056751231e-16,-1.06365731548681e-17,-1.1123041041107e-16,-3.56488877156566e-16,-3.93899713300525e-17,-2.24575987102252e-16,4.70253363531919e-10,-5.1130829692664e-16,-1.28799654125086e-16,1.82765354333549e-08,-5.85770852549948e-08,-1.61686241916739e-17,4.09616167097031e-08,5.99601697625071e-09,-2.44161737249056e-16,-1.60579288491942e-16,5.36036569373876e-17,1.79748061989738e-15,9.12982035756977e-17,-9.99023470854366e-09,-1.37324551085951e-17,8.84565335214512e-17,7.6741729115927e-18,3.99143445819844e-09,1.38212006165576e-16,5.2611862933079e-17,-2.36597849909115e-17,1.29498243438215e-17,-1.8136835046474e-09,1.56978889758022e-16,8.56400398405243e-06,5.82655682683717e-17,-3.00072027236568e-16,1.95980383420568e-16,9.81318590408506e-17,-4.99873432141928e-17,-1.96151795985906e-16,-7.91181591953776e-18,-6.49968121766274e-08,-4.23395019389146e-17,-1.45570041305957e-16,4.33847437978345e-08,4.96683507651183e-18,-6.25539873729923e-17,1.28175632666463e-16,-7.39317230130987e-18,5.85914203412679e-17,-3.03484390367016e-17,-2.85778731579064e-08,2.68243574195029e-18,6.90777275196195e-17,9.31886249661368e-08,8.05619985538805e-17,-1.81035241506614e-16,1.1451272662734e-16,-3.77757635525452e-17,1.83045587411713e-16,-2.39298219193341e-16,1.91546038046303e-17,-5.00635497203882e-17,-3.14055428187061e-17,-5.13421985974559e-17,-4.71696381598787e-17,-4.86199968420515e-08,1.01376227951185e-07,2.84250287571808e-18,-2.22097963423854e-17,1.34702037170725e-17,-2.16661617465873e-16,-1.9271015989572e-16,1.01655259198935e-16,-8.35770651716272e-17,-2.31712732973985e-17,-1.26910977577512e-09,9.22452690882279e-17,-6.24240063112849e-17,-2.12671339766147e-17,-1.48969735054512e-16,1.62065892008546e-09,-9.19935254212251e-17,-1.76736561205342e-09,-7.68376525465421e-17,-2.23352679510346e-16,1.95088800580071e-17,-5.24698800553215e-17,1.29591081941587e-17,-2.0300990876413e-16,-5.19916559742781e-17,-2.28289825941243e-16,9.50255868639897e-17,-4.74478615647077e-17,5.09289567034363e-17,6.55231600439541e-17,-1.34178472989104e-16,-1.61362914198324e-17,2.71882434891515e-17,1.2195221079384e-16,-1.67526440676982e-17,-1.61844437697385e-17,5.02619345814994e-17,2.42378152479325e-18,2.31883739640337e-16,3.75383245850799e-17,-6.08588186933649e-17,3.40066246501839e-17,1.04357746414799e-16,1.2064038476134e-10,-2.01548222739287e-17,-7.79276421666193e-17,3.35552975963506e-16,-1.55216945528958e-16,2.04174086001873e-16,-4.18775734259263e-17,4.49687003412235e-17,-1.3932552103028e-16,-5.83930333622092e-19,1.64474712245995e-17,-4.59430670590733e-17,5.12670063737848e-17,-9.6654069045423e-17,-6.96363395767113e-17,-3.66952384151448e-16,-1.25726455083113e-17,-1.65777173925995e-17,-1.54244570783477e-09,5.72593484052393e-17,6.96239345962258e-17,1.55868975779399e-16,7.79444541473034e-17,-1.9172922488672e-17,-8.75753893602472e-17,8.77921207496091e-17,-4.27794970062443e-17,-1.23527295964773e-17,3.24681090209074e-10,1.53025257691407e-16,5.67319676647484e-17,2.76306265716165e-17,5.2106445035547e-18,1.22081707250322e-17,-9.05670577001124e-17,-8.53295674737822e-17,3.54828301977401e-17,-2.81142575759357e-17,4.91637728861635e-17,1.3929290288992e-17,1.29132678796606e-16,3.97358491409144e-17,1.62778000216427e-09,4.37324027187704e-17,-7.64816283645211e-17,-1.03195333988425e-16,-2.98413095449479e-16,-4.8856087501696e-09,-6.51437655935686e-17,1.01808785090025e-16,1.21035236811767e-17,-4.50093706385106e-18,-1.42983680037221e-16,1.31529885724636e-16,1.4930543335969e-16,8.74501150653126e-18,-4.08891643480448e-17,-1.76307274343223e-17,6.59316749947261e-17,9.99242243593214e-17,-2.80814535063203e-17,2.12730613641744e-18,-7.08173534999242e-17,7.76790480080416e-17,-2.12233353921768e-16
"t600",-0.0477883542060511,-0.0793945944498695,0.0280880912276225,0.0406170656459992,0.00342127768575268,-0.00158494415336043,0.00892752439694655,0.000169175178225501,7.57496067836598e-05,-0.000324534161875925,-0.000184303360045335,0.016936286812278,-0.0303651944375789,0.00556928587400317,0.0049300845902877,0.00687474421365152,0.000703648349131553,-0.0419410666552892,-4.58687289620287e-05,-1.51706607911995e-05,0.000164790105365261,5.01702890657059e-05,-0.00023792742021101,0.0047144915046514,-0.0140488283281148,-2.516324664779e-05,2.52997010123836e-05,-2.07998055634943e-05,0.000250743297800619,-9.07329664537798e-07,1.55766776318905e-07,-6.60557606513733e-07,0.000744290235143827,6.99905363151513e-06,9.86212395966138e-07,2.17313087450733e-05,0.0424881131943274,5.51200078808055e-06,3.15120574066575e-05,5.27804493443507e-06,0.00015307096452955,-1.30974836687944e-05,0.000142062382025096,-8.39076959008645e-06,0.000261750592958596,4.85162528690161e-06,-0.212553951452049,-0.000607814074617129,2.58708688800347e-05,-3.69204483229492e-05,0.000348432637890438,-1.67003410887565e-05,2.32631274929023e-08,-4.94479231923067e-05,2.38727774120913e-06,-2.46921184399231e-05,7.68476493065454e-07,-4.93004622819191e-05,1.66449799841268e-05,-1.63694729871913e-05,-1.34661346951779e-05,2.03090952738359e-06,-6.49714488297719e-05,3.44061257078169e-05,-2.37348220616369e-06,8.91306856953438e-05,-3.11432339122907e-07,1.0699512310242e-05,-2.88961440699606e-05,1.11060751989379e-05,-0.000271543025579843,2.2521361749819e-05,-1.12955059143521e-06,-0.00675144356538862,-0.00476339930200885,7.7800079596807e-09,-6.12774072394037e-05,1.77503357069752e-06,-7.69580619378112e-06,-9.35138779410123e-06,2.90776352665141e-06,4.41922513794039e-05,-6.40207819182141e-06,-4.33754487428528e-05,6.12307664650434e-06,0.00318449120950169,0.000224809580400231,2.86497949947335e-06,8.70526446602672e-07,-0.000191741248932508,2.94794170642574e-06,-8.48528502880527e-08,-6.51003645579906e-07,3.06708695508734e-05,-4.93915425543797e-09,2.32139664151796e-07,5.00762160187044e-05,1.20063956935686e-06,-1.80737661249933e-06,-3.98064750155474e-07,-8.80804104620637e-08,0.000675383959962061,-3.38490675209417e-09,-4.2997632302781e-07,4.03590756122332e-07,-0.0176682292956591,-9.09099000459728e-06,2.83072943884587e-06,-5.89129210661434e-07,5.79061354232156e-08,1.70696688702079e-07,-4.42977922093503e-07,8.80529062476599e-07,-2.92554090121448e-06,1.70743826034744e-08,-8.46127065594641e-07,1.38186489880813e-06,-1.88927507582117e-06,2.39750118167355e-06,-6.95066495351427e-06,2.85004924360895e-05,-9.49014596356819e-06,1.11868830650183e-05,3.10010161657697e-05,-1.0426095629796e-05,0.000126981992636131,-1.3172033237532e-05,5.26548627316726e-06,-2.99934661237894e-05,-0.00103043866454211,0.0338230845801724,-0.000523803769619291,0.264823482407983,-0.000180533925217343,1.32876561921733e-05,5.55486193867676e-05,-1.37299520818657e-07,-6.46957979782766e-05,1.46301641407727e-05,-4.17711134589535e-05,-2.5553882259209e-06,-9.6839364609115e-05,1.83026175203964e-05,1.15366569106003e-06,3.63903400278733e-06,-2.10192753090775e-07,-8.29940629552452e-06,1.06997685512899e-06,6.68888150686566e-08,-1.48226519348045e-07,-2.28204851283775e-05,-6.4928746683776e-07,-1.35202180528785e-05,4.88892731796526e-06,-8.43831218961141e-07,-6.20664644916816e-08,7.95347651905775e-07,0.105083729006223,-1.62712934779218e-05,-5.58541777114015e-06,-0.186400027198464,-0.000153861072831137,8.12088870615258e-06,0.00141642192352032,-4.36907931148424e-05,0.000140362452521359,-3.63295959982967e-06,-5.95794541609346e-08,-2.93099704213086e-06,-3.32855680401625e-06,5.11877490382802e-05,4.93822928206457e-06,-4.11338758002804e-07,-1.29066105818949e-07,-2.60585246503462e-06,-3.34910521805995e-08,-2.03095942644261e-07,3.08065100158021e-07,5.25709648385957e-09,-8.70566103364903e-08,-5.1208399740982e-08,-1.48191560874536e-05,6.93661808952598e-07,0.56491579219078,-1.92389625124636e-07,-0.0273274652957848,-1.00312607383154e-06,5.92189873937543e-07,2.67303412261371e-06,-2.43967480022204e-05,-7.83104866962206e-08,1.5209317776618e-07,6.1371037947663e-07,0.000196272665171438,1.08375646525978e-07,-1.57788831361038e-07,-2.92421807943648e-07,-1.49849749738906e-06,1.76619304727979e-07,7.73035784197318e-08,7.71972543691028e-08,1.29518407524376e-05,-2.12956425159635e-09,-0.000767498804882226,1.40424807487031e-06,-1.64007489232068e-05,3.42191616290321e-07,1.29183491426359e-05,-2.64099698757009e-06,-0.000857028105200341,-1.19503736239646e-05,4.22893291028277e-05,-0.000234198451496943,-6.92596484312059e-07,-4.42459040962092e-07,-5.90236251892096e-07,9.16773952139472e-07,7.97446652827019e-08,-1.46106895439109e-07,-7.23312495803104e-07,-3.93493322479259e-06,3.15395776142055e-05,1.21383710340465e-06,3.91475890774426e-06,-9.8852726061676e-07,-5.04717752963469e-07,-5.32310986281412e-06,-3.64639679307833e-07,-5.68586506721131e-07,-4.49150801642327e-07,9.51800696048289e-06,3.13225604275976e-06,1.49979303529846e-07,2.50598608184052e-07,-1.31015508512846e-08,-2.13375726637169e-07,-1.0995602462034e-06,1.27303830421432e-16,-1.63704730744734e-07,1.22804992270633e-05,-3.43387148146926e-07,-6.14586056788001e-06,-9.80465602761173e-07,1.17164948468625e-06,-1.88166035519743e-07,6.81961379885189e-06,-1.55362975094297e-08,1.01781140775692e-09,-2.59873255529549e-06,2.34833605749356e-06,-7.35511558307954e-08,1.00569004391975e-05,-4.65503543871466e-07,1.73892433282271e-07,-1.14640702854147e-08,0.00213424210187396,-0.00187078093657216,6.05091711784018e-06,2.31134387611043e-07,-4.490319555525e-08,9.89547301074232e-07,-1.92569001348742e-07,2.12796335063789e-05,-1.72655558533558e-05,1.09507193969282e-07,-3.74664989248201e-08,4.17965405348599e-05,1.93644033484971e-05,-0.00150786611717895,1.5318817022588e-08,8.74667959520546e-09,-2.59413999884226e-08,3.68443289618559e-06,-3.15743083724912e-06,7.1133376675121e-07,-1.54089202285469e-05,7.45198164940941e-06,-0.000137771524549997,1.23874321159641e-06,-7.25093783544635e-07,2.45500578658072e-07,-1.50397566137581e-16,-6.0426487729748e-07,-2.07025635961968e-08,-4.70608840381098e-08,-9.36672423041435e-05,2.90850441740881e-08,-1.80302121710784e-08,-4.21468492422358e-07,4.74825878836247e-08,-3.78123186399097e-07,9.90332442578547e-07,3.61970240789928e-08,-3.22310860125363e-08,4.17406415021048e-07,-5.06946441128086e-07,4.22766798345362e-05,-2.36151717935356e-07,2.71741744385727e-06,1.36007495064118e-08,1.17263182529571e-07,5.57466120322642e-07,-4.59460459301464e-06,0.000371160022257893,-4.10068146867834e-07,5.4973895168943e-07,-1.99197479634181e-06,1.24049752188928e-07,1.11970401116997e-07,8.52465283120902e-07,-2.28955923555534e-06,-1.14619921315365e-07,1.4867822321158e-06,-6.06208930867592e-07,1.49576213981239e-08,1.38762276403414e-07,-2.6786999582314e-07,-1.22682884335742e-17,8.1871652765131e-10,0.000179070049765811,-2.8662494100345e-07,2.11307725201705e-07,3.02134849790945e-07,5.55633793777775e-08,1.29746749135677e-07,-1.90657983776096e-06,7.12567713464229e-07,1.25985663235118e-16,-5.68952458878338e-07,-7.11418556346146e-09,-3.44845094523457e-08,0.00191578830749244,1.29502308766413e-07,-8.85662632408677e-09,-3.40612864759648e-07,9.08743286058877e-08,-4.79495128736617e-06,5.66818059551359e-07,-1.14894772166905e-07,-2.07535612977464e-07,-1.09676746204559e-08,-1.08350231896368e-08,-2.06842062801523e-07,4.62996920120554e-05,-2.20875816836649e-07,1.14956536832129e-16,-4.4982205635785e-06,3.52655946693263e-07,1.62311851846347e-08,8.87836353814027e-08,-4.16237095392806e-07,-8.71255327046854e-07,5.27644034347833e-06,-4.10501370040342e-05,-7.20309108436794e-08,-9.5725499458701e-17,-1.36106923688987e-07,-8.40005118956092e-05,-1.70440308982452e-07,6.76678800237348e-17,3.21142324626961e-07,3.22957373295644e-06,-4.92373010246503e-07,-2.61648730737979e-07,-8.7092668355984e-08,-4.65449543914469e-08,-1.66310393285186e-06,4.63970955453952e-08,4.93503907433369e-07,0.000425423043077755,9.91576468825012e-08,1.00010101142497e-06,3.3509051382619e-17,-3.948876087156e-07,1.85151438244205e-07,1.19499147844084e-06,-1.19962438028552e-07,3.08466475409015e-17,-1.15448243783983e-07,1.47841769759911e-07,-5.10458032625135e-08,-4.53129147635386e-08,-1.14435400829877e-07,8.42281046938747e-07,-1.59401651538778e-06,2.18853993167989e-07,-6.09659165840255e-18,7.89146781787329e-07,-1.05188216906197e-06,4.6540440251957e-06,9.7079033289275e-07,-9.8643344617856e-08,-6.61893326247522e-10,-1.73363927380432e-16,4.35266733668041e-17,-6.37279878569031e-10,-5.65788196690783e-07,7.45716244857174e-08,-1.07784932953242e-07,3.53489427830943e-16,-5.10378139947048e-08,-6.0223424819895e-10,-1.94013038509864e-16,-6.13985425392716e-18,5.21458681429702e-18,1.27521249271157e-07,3.76103328451021e-07,-5.4429584730015e-07,3.22751186710759e-07,1.61060941175227e-07,3.69381300730036e-07,-0.000204929715799314,-5.03076625840577e-17,-8.04843343679136e-07,6.01797853621877e-07,-1.1366848180567e-16,-1.61040291962856e-16,-1.99508499073923e-05,-2.93397387005027e-11,-2.24601683251595e-07,1.75699736620117e-07,2.22365624302694e-07,-1.19662714068217e-08,-2.29843103968053e-16,-4.02717198354105e-08,-6.25243511617944e-17,-1.37594759191377e-07,9.95179009729077e-17,-2.50727040861163e-07,-3.50574373894265e-17,1.96747218394119e-07,2.72402543016885e-07,1.65777824841843e-08,2.19130379995099e-07,1.20551251254353e-06,-8.80564291063471e-08,9.04298566106138e-07,3.03933693103512e-08,1.47997854877885e-07,1.4227699132692e-08,2.59501280297722e-07,-0.0108135547564315,-4.94198194236475e-08,-6.58770485021778e-09,-1.72148244259665e-07,9.28356703952515e-18,9.32594808087843e-05,-6.71580349205805e-05,3.34662321929603e-08,4.11072190787304e-14,4.47761373669051e-09,1.2377339036747e-07,4.58769898777984e-07,-4.25617185763115e-17,-0.000151083611489827,-5.5870553634137e-08,5.3141989124474e-17,-7.43019472275266e-08,1.170488258208e-06,6.73476448548675e-17,-2.82494959346817e-17,-0.000965206021478052,-3.16357960573151e-08,-1.87875894925706e-10,-2.62401676768491e-07,7.36362889663787e-08,0.000371790168412401,1.89667914693502e-08,2.415553953299e-07,-4.11035111143351e-07,3.46815946187379e-16,9.35428405418659e-09,5.84095492148407e-10,1.61282231578573e-09,1.5103019939867e-07,5.17691183951485e-17,-7.58132250532607e-18,4.97200265597245e-08,-4.39193712356086e-17,-1.07813764126603e-16,3.14643719292316e-07,-3.52591454676404e-07,-7.21321879827789e-07,-3.97631137081885e-09,1.82456886585729e-05,1.25834972513547e-07,1.08629620163868e-08,-2.68102759475021e-17,2.74957025146363e-08,1.28689147417904e-09,5.90940300536395e-09,-2.17142546229805e-05,2.61195078370763e-06,6.38073943665895e-17,-7.19347720859968e-18,2.43560502932177e-16,-2.0702466517623e-08,-1.10366405879097e-07,-5.80548272718087e-08,1.15979525598255e-16,-0.000135596706656179,1.48138284122852e-16,9.10414299069037e-17,1.33429712496199e-06,-2.93776698371777e-08,9.84672413051335e-16,-8.31914513792375e-08,-0.00492078019912213,-1.01989007748269e-16,8.86888403209384e-08,-6.77537314660688e-17,2.55781320634427e-08,-1.70801312638231e-16,2.55934363444803e-08,2.22013575481061e-07,2.90140119949989e-06,7.59625311637427e-09,5.24274907839679e-08,-1.84037282320487e-07,7.38853996735959e-08,-3.11481525214485e-18,3.38791908537876e-06,-3.05368060808463e-07,1.46318065286905e-16,-2.52198853118017e-08,-7.40846702741334e-08,1.19688433797809e-07,-9.77385629052967e-18,5.62669288419496e-08,0.000101008307297537,-3.48134503061595e-17,-1.79883667213089e-07,-3.99862413622051e-08,-3.65434116205255e-05,-1.20576396209534e-16,-8.48468791407014e-17,3.75529573307908e-08,1.15049475662895e-08,9.30894088495427e-10,-1.03888508225964e-07,6.82629594665545e-09,1.44385991205204e-17,4.74902065908676e-17,2.49223938390529e-08,1.7178933462512e-10,1.50247252715252e-17,6.02341031107742e-08,1.88517537336324e-16,3.43869287592207e-07,-1.1527380024386e-08,-6.73533822886376e-09,-4.4652845779261e-08,-9.86240089881212e-14,8.73549652167647e-17,-1.14209913426475e-16,-1.01129638397718e-14,-6.10814455609622e-05,-8.614348441788e-08,3.78941050068611e-16,-7.70772440308364e-17,2.05360877773692e-16,1.93120740461559e-07,1.09041004912071e-09,-9.55545711237784e-08,-6.62820432287841e-17,9.40680909902736e-17,1.88600356035643e-16,-3.71778328536086e-07,1.25566962308902e-07,5.73207711660385e-17,1.38445812685276e-08,-1.85891120491385e-05,-5.62765393832873e-16,5.64213120542427e-16,-3.60216316484514e-08,-3.69080557434528e-10,-1.78493320546404e-08,3.44814594211445e-17,2.00853344836122e-08,2.92499991399851e-08,3.13830245630422e-08,-2.86043088680202e-08,-1.01883906064674e-07,8.67822384261134e-09,6.78480882287517e-16,4.43859562108262e-17,1.95178574165725e-16,1.64900164105699e-07,-2.37554923826871e-07,-8.12789635351507e-09,-6.39349340323767e-09,-1.03262643070507e-17,1.74982662604521e-16,9.53061051597348e-17,1.46548723537034e-16,1.36500355642711e-16,7.90065320132357e-07,3.67931864710172e-16,-2.58376631161663e-16,-4.93848649575328e-09,-1.83829164414372e-17,-4.42076861578285e-09,9.96636707321019e-17,-5.48072225500728e-09,-1.73184655177603e-16,-6.63704316093891e-09,-8.30631146014753e-10,-5.24279623502446e-07,-2.22201994255512e-16,2.66601390700747e-08,8.9126311361573e-17,3.78307247135608e-08,-1.72170467119833e-06,3.67763120128701e-10,2.31827243236378e-16,5.36994277865785e-08,2.1431898059971e-17,-1.3199725034181e-08,-7.45046816060467e-08,9.79327266991516e-17,-4.23132722849169e-17,-4.32258211416612e-17,-1.00865309160895e-14,-2.50142168529067e-10,-3.25753801077916e-09,-7.2746340643439e-10,-9.74913386251681e-17,-1.60572247399057e-16,-0.00012597854313494,4.27859324585584e-07,-3.63361015814297e-16,1.48181780731783e-16,-3.31161764186052e-09,-2.40886958383028e-16,-2.34703848699045e-08,1.79242091681465e-16,2.21620441979653e-07,1.54593080868264e-16,9.04724784074788e-17,6.45238661927717e-18,-1.05796373366038e-18,-5.22778734582046e-17,-2.66345576258419e-16,2.9440742701602e-08,-2.05896153158761e-07,1.35518015646226e-16,-1.97662127973668e-08,7.51891365288336e-08,5.44493796555751e-18,-3.08908186645539e-16,3.95279140451302e-16,6.81843362966561e-16,7.41291394394366e-09,1.1855139981985e-09,-4.77348221564686e-16,-1.14323589657765e-16,-1.34627415290234e-08,-4.80248436638753e-08,-1.18028575755002e-05,-3.55742780997323e-17,-3.29908718674336e-16,1.22143250874327e-16,4.81838746392904e-16,-1.1141457874606e-16,-4.53832192685608e-16,2.83700901425936e-08,-2.68329810725085e-08,-5.15953565999211e-09,1.06653661767809e-16,-2.62163509442387e-16,5.21819213889238e-16,1.14718962491884e-16,-1.1067688677221e-15,-5.86055146884896e-16,-1.87839306061665e-16,3.35113180924607e-16,2.87265399319459e-16,-1.44316921383914e-15,-1.21111515118602e-17,4.20843645411222e-16,-4.29295203820781e-16,2.89493867218907e-16,1.95479933897465e-08,9.44763775977042e-15,-1.74868851974517e-15,-2.00725075160878e-14,4.39925767972097e-07,-4.8216887346529e-10,-3.12716731329096e-17,-7.13960591181839e-09,4.01929336889186e-07,-1.9412045578687e-16,3.280204914186e-16,-7.05237434353836e-08,-1.48360779362876e-16,9.89014248785505e-09,-4.98131405694718e-16,9.13490699604043e-16,1.01123556286417e-15,1.02650156907645e-15,8.80537409796543e-10,-1.20912563608668e-07,-2.71639779665734e-15,-7.89604436637907e-16,-4.770801089906e-16,1.39912552082542e-15,2.60145163332066e-15,7.44207901979678e-16,2.49221151171754e-15,5.98194615412469e-16,1.00313084177747e-08,-8.7783639149402e-15,1.63930925047065e-14,2.10492071833419e-15,-4.13783013147454e-15,-1.41950865863479e-15,-8.55263112004209e-15,-2.86425225456022e-08,-0.707106781186546,1.32743031381783e-13,2.13533104379531e-08,1.4329725554149e-14,-1.16674578803866e-14,-1.30965749557113e-16,-4.529037714478e-15,6.22622025011124e-06,2.70908965503995e-15,-1.31254726210478e-08,3.90924273313548e-15,5.78792879462272e-16,-1.78339419635334e-15,2.88177734603315e-16,4.15265299140648e-16,2.92969696566129e-15,4.74166705647115e-10,-2.76126195341581e-15,1.38708685364832e-15,1.84619690805743e-08,-5.91767804298743e-08,-1.5609281340724e-15,4.14448584282835e-08,6.0696771740832e-09,-3.61378100278233e-16,1.87101775769147e-15,-6.47874379218214e-17,1.61379744225099e-15,-9.66783465973858e-17,-1.01839626437676e-08,-1.16896700927226e-15,1.31634272210368e-16,-2.50810375069918e-16,4.07601791280253e-09,2.15972073067637e-16,9.64994941007318e-16,-6.11300455723941e-16,-8.50991816849191e-16,-1.85639982561163e-09,-1.40788523291976e-15,8.77191191547263e-06,2.99966824583437e-16,-5.96793700378743e-16,1.02613940429444e-16,1.36646329571927e-16,1.40575624748267e-16,1.25455676126852e-16,-8.74617726343399e-18,-6.68218503517232e-08,3.37573053282074e-16,3.63788913484553e-16,4.46434788106385e-08,-2.19023654706019e-16,-7.81578443838922e-17,-3.65783215707355e-16,-2.29742738607111e-16,-5.31472045853541e-16,4.13078958060075e-16,-2.94902628096846e-08,1.18571141695087e-16,2.28792754583383e-16,9.62843970861967e-08,-4.95010284690631e-16,-1.63821093697065e-16,3.80754256816509e-16,-8.68719973678675e-16,4.74572096256532e-16,1.06192425468906e-15,1.69535975440111e-16,-2.25446603663371e-17,-3.09574069643325e-16,6.27920517687335e-17,1.99944064831791e-16,-5.04646520530682e-08,1.05279331302952e-07,-2.80757170785373e-16,-1.10455986733209e-16,1.72467515858886e-17,1.83799283992875e-16,4.75829228449576e-17,-3.6294588915862e-16,-4.94211114443641e-16,-1.23983866867983e-17,-1.32166156830659e-09,-3.25524274878165e-16,-4.23658048460785e-17,3.52351658818901e-16,-2.03706734649617e-16,1.69172691608715e-09,-1.29902842601954e-16,-1.84968303685915e-09,1.31978723831735e-16,1.96160013930453e-17,3.00772504801212e-16,-1.41089774930918e-17,-1.33463977398566e-16,2.39191066876947e-16,8.77685689823796e-17,-1.1602427530247e-16,1.61825730734007e-17,5.81171442211148e-17,-1.82282203786317e-17,-3.56935965706206e-17,1.21251094411217e-17,-6.17711153078147e-17,-1.48484324238546e-16,-9.48829413307988e-17,8.89258522926222e-17,-5.50243338965899e-17,-1.40175036299282e-17,-2.3046846705303e-17,1.58127498725222e-16,1.01106433712656e-16,-1.89988914335925e-16,7.75776514002961e-17,6.05707958821137e-17,1.27437539551906e-10,3.61377678914977e-18,7.78767563014862e-17,3.52164691268488e-18,-2.34987195091921e-16,1.33395522326397e-16,3.32712067530537e-16,-3.89239676530537e-17,-2.45917480221225e-17,4.72260118416119e-17,5.74448159770817e-17,1.79435459546351e-17,-4.03653302730448e-17,2.11651061123692e-17,5.18920274451072e-18,2.49827510139207e-16,-5.6467814089168e-16,-6.55596138629805e-17,-1.63915055554665e-09,-5.55819295953915e-17,-4.23233973499448e-17,4.87270711409147e-18,7.69648276158074e-17,2.20776115197796e-16,2.55350924907498e-17,-7.47928712048765e-17,3.96072403985931e-17,-1.33699519185373e-17,3.47099997340422e-10,1.83459255123078e-16,8.91471352629545e-17,5.11957088725473e-17,-4.27356802994033e-18,4.62699920473732e-17,2.50691591230669e-17,1.4585697757232e-17,2.97019550711766e-17,-1.14088631696099e-17,-1.54851123307757e-16,-3.66948876402674e-19,-4.21255862274531e-17,3.54327129838732e-17,1.75023748065574e-09,-4.65361954652092e-17,9.24707970737779e-18,6.71453327712493e-17,-3.44166427128367e-16,-5.26689287870336e-09,-4.79909193855054e-18,-5.77073399431305e-18,7.68959084920669e-18,-2.48279462460997e-17,6.4157071727351e-17,-1.87793089974086e-17,-9.73467377385136e-17,-1.3706002046517e-17,-2.73480075384255e-17,2.04125532718229e-17,4.17419871310081e-17,6.48250618152556e-17,-2.71909649428266e-17,6.51456055702631e-18,1.42557834031248e-17,8.76650342914611e-17,-1.76252820196576e-16
"t552",-0.0477883542060511,-0.0793945944498695,0.0280880912276225,0.0406170656459992,0.00342127768575268,-0.00158494415336043,0.00892752439694654,0.000169175178225508,7.57496067836629e-05,-0.000324534161875919,-0.000184303360045339,0.016936286812278,-0.0303651944375789,0.00556928587400319,0.0049300845902877,0.00687474421365152,0.000703648349131554,-0.0419410666552892,-4.58687289620299e-05,-1.51706607911943e-05,0.000164790105365277,5.01702890657096e-05,-0.000237927420211006,0.0047144915046514,-0.0140488283281148,-2.51632466477806e-05,2.5299701012382e-05,-2.07998055635128e-05,0.000250743297800611,-9.07329664541782e-07,1.55766776321427e-07,-6.60557606514259e-07,0.000744290235143821,6.99905363152903e-06,9.86212395966929e-07,2.17313087450701e-05,0.0424881131943274,5.51200078808427e-06,3.15120574066474e-05,5.27804493441779e-06,0.000153070964529537,-1.30974836687813e-05,0.000142062382025099,-8.3907695901305e-06,0.000261750592958572,4.85162528689763e-06,-0.212553951452049,-0.000607814074617124,2.58708688800411e-05,-3.69204483229113e-05,0.00034843263789043,-1.6700341088719e-05,2.32631275084056e-08,-4.94479231922913e-05,2.38727774121536e-06,-2.46921184398997e-05,7.6847649308652e-07,-4.93004622819272e-05,1.66449799841269e-05,-1.63694729871952e-05,-1.34661346951913e-05,2.03090952735621e-06,-6.49714488297546e-05,3.4406125707857e-05,-2.37348220617608e-06,8.91306856953407e-05,-3.11432339101179e-07,1.06995123102653e-05,-2.88961440699488e-05,1.11060751989389e-05,-0.000271543025579907,2.25213617498172e-05,-1.12955059142423e-06,-0.00675144356538867,-0.00476339930200882,7.78000797147256e-09,-6.12774072393774e-05,1.77503357069388e-06,-7.69580619378107e-06,-9.35138779411094e-06,2.90776352665076e-06,4.41922513794023e-05,-6.40207819181086e-06,-4.33754487428951e-05,6.12307664650913e-06,0.00318449120950171,0.000224809580400238,2.86497949939988e-06,8.70526446658868e-07,-0.000191741248932507,2.94794170642913e-06,-8.48528502536564e-08,-6.51003645582327e-07,3.06708695508962e-05,-4.93915419654071e-09,2.32139664178035e-07,5.00762160187152e-05,1.20063956940779e-06,-1.80737661248248e-06,-3.98064750112105e-07,-8.80804104717331e-08,0.00067538395996206,-3.38490674208253e-09,-4.29976323006834e-07,4.03590756095418e-07,-0.0176682292956592,-9.09099000460096e-06,2.83072943888247e-06,-5.89129210682435e-07,5.79061354309778e-08,1.70696688694744e-07,-4.42977922107314e-07,8.80529062431776e-07,-2.92554090116623e-06,1.70743825651493e-08,-8.46127065655182e-07,1.38186489879552e-06,-1.88927507579906e-06,2.39750118172015e-06,-6.95066495353221e-06,2.85004924360347e-05,-9.49014596359446e-06,1.11868830650087e-05,3.10010161657637e-05,-1.0426095629778e-05,0.000126981992636155,-1.31720332375718e-05,5.26548627312774e-06,-2.99934661237542e-05,-0.00103043866454207,0.0338230845801725,-0.000523803769619354,0.264823482407983,-0.000180533925217316,1.32876561921886e-05,5.55486193867489e-05,-1.37299520800678e-07,-6.46957979783164e-05,1.46301641408159e-05,-4.17711134590534e-05,-2.55538822588906e-06,-9.68393646090474e-05,1.83026175204514e-05,1.15366569104943e-06,3.6390340028386e-06,-2.10192753121906e-07,-8.29940629552195e-06,1.06997685510193e-06,6.68888150681737e-08,-1.48226519303947e-07,-2.28204851283359e-05,-6.49287466855839e-07,-1.35202180528016e-05,4.88892731800134e-06,-8.43831218926262e-07,-6.20664644667593e-08,7.95347651899127e-07,0.105083729006223,-1.62712934779174e-05,-5.58541777113612e-06,-0.186400027198464,-0.000153861072831148,8.12088870616887e-06,0.00141642192352031,-4.36907931148837e-05,0.000140362452521359,-3.63295959983734e-06,-5.95794542249953e-08,-2.93099704218365e-06,-3.32855680399903e-06,5.11877490383055e-05,4.93822928204855e-06,-4.11338757980788e-07,-1.29066105744474e-07,-2.60585246497679e-06,-3.34910521990197e-08,-2.03095942631839e-07,3.08065100116176e-07,5.25709647894959e-09,-8.70566103265811e-08,-5.12083997137144e-08,-1.48191560874185e-05,6.93661808912512e-07,0.564915792190782,-1.92389625147344e-07,-0.0273274652957848,-1.00312607381005e-06,5.92189873936771e-07,2.67303412258391e-06,-2.43967480022174e-05,-7.83104866835482e-08,1.52093177858699e-07,6.13710379550075e-07,0.000196272665171552,1.08375646573406e-07,-1.57788831385962e-07,-2.92421807892118e-07,-1.4984974974774e-06,1.76619304659088e-07,7.73035784293758e-08,7.71972543452468e-08,1.29518407524263e-05,-2.12956417352588e-09,-0.000767498804882227,1.40424807488039e-06,-1.6400748923193e-05,3.42191616336106e-07,1.29183491427221e-05,-2.64099698768014e-06,-0.00085702810520034,-1.19503736240162e-05,4.22893291028646e-05,-0.000234198451496971,-6.92596484312854e-07,-4.4245904096038e-07,-5.9023625187491e-07,9.16773952209979e-07,7.97446652481826e-08,-1.4610689540338e-07,-7.23312495746612e-07,-3.9349332247338e-06,3.15395776141886e-05,1.21383710336166e-06,3.91475890772329e-06,-9.88527260614887e-07,-5.04717752825783e-07,-5.32310986288106e-06,-3.64639679349035e-07,-5.68586506750044e-07,-4.4915080165882e-07,9.51800696047623e-06,3.1322560427626e-06,1.4997930350949e-07,2.50598608162494e-07,-1.31015508539174e-08,-2.1337572651339e-07,-1.09956024621485e-06,1.1854533079064e-16,-1.63704730803892e-07,1.22804992271252e-05,-3.43387148104856e-07,-6.14586056789271e-06,-9.80465602747173e-07,1.17164948469594e-06,-1.88166035499689e-07,6.81961379889281e-06,-1.55362975386218e-08,1.01781152371803e-09,-2.59873255525858e-06,2.34833605755819e-06,-7.35511558274087e-08,1.0056900439236e-05,-4.65503543831236e-07,1.73892433318071e-07,-1.14640703405904e-08,0.00213424210187405,-0.00187078093657223,6.05091711783007e-06,2.31134387671737e-07,-4.49031955236058e-08,9.89547301137542e-07,-1.92569001288709e-07,2.12796335064019e-05,-1.7265555853446e-05,1.09507193973339e-07,-3.74664989347294e-08,4.17965405348297e-05,1.93644033484748e-05,-0.00150786611717896,1.53188170784512e-08,8.74667956040268e-09,-2.59413999029395e-08,3.68443289618117e-06,-3.15743083722392e-06,7.11333766715312e-07,-1.54089202285184e-05,7.45198164940284e-06,-0.000137771524550038,1.23874321155494e-06,-7.25093783516242e-07,2.45500578679298e-07,-2.67481274095998e-16,-6.04264877187813e-07,-2.07025636567408e-08,-4.70608840647458e-08,-9.36672423041745e-05,2.90850441238883e-08,-1.80302121829652e-08,-4.21468492384071e-07,4.74825879653463e-08,-3.78123186413995e-07,9.9033244256438e-07,3.6197023955045e-08,-3.22310860392329e-08,4.17406414962017e-07,-5.06946441023925e-07,4.22766798345373e-05,-2.36151717892717e-07,2.71741744393129e-06,1.36007494340571e-08,1.17263182533019e-07,5.57466120278909e-07,-4.59460459300346e-06,0.000371160022257795,-4.10068146787436e-07,5.49738951648244e-07,-1.99197479638739e-06,1.24049752246294e-07,1.11970401260433e-07,8.52465283081166e-07,-2.28955923560499e-06,-1.14619921299373e-07,1.48678223199229e-06,-6.06208930912243e-07,1.49576214377612e-08,1.38762276406462e-07,-2.67869995807028e-07,-3.7602128293362e-17,8.1871652091114e-10,0.000179070049765822,-2.86624941020289e-07,2.11307725203774e-07,3.02134849820545e-07,5.55633793854705e-08,1.29746749092184e-07,-1.90657983779278e-06,7.12567713469715e-07,1.6499766766729e-16,-5.68952458900982e-07,-7.11418550386193e-09,-3.44845096881932e-08,0.00191578830749243,1.29502308751726e-07,-8.85662642451811e-09,-3.40612864717881e-07,9.08743286973872e-08,-4.7949512873484e-06,5.66818059386933e-07,-1.14894772203748e-07,-2.07535613089949e-07,-1.09676745985425e-08,-1.08350233322314e-08,-2.06842062912912e-07,4.62996920121473e-05,-2.20875817002344e-07,4.80014126338807e-17,-4.49822056361142e-06,3.52655947099608e-07,1.62311851340211e-08,8.87836351439505e-08,-4.16237095340615e-07,-8.71255327043602e-07,5.27644034346416e-06,-4.10501370040176e-05,-7.20309108304576e-08,-6.42824978864532e-17,-1.3610692349341e-07,-8.40005118957359e-05,-1.70440309028566e-07,1.06708611179169e-17,3.21142324664427e-07,3.22957373285878e-06,-4.92373010360745e-07,-2.6164873068593e-07,-8.70926683019057e-08,-4.65449544039607e-08,-1.66310393282756e-06,4.63970955859697e-08,4.93503907193174e-07,0.000425423043077739,9.91576469333334e-08,1.00010101104433e-06,3.78058781009844e-17,-3.94887608645795e-07,1.85151438251714e-07,1.19499147840306e-06,-1.19962438010517e-07,2.26755440098573e-17,-1.15448243826281e-07,1.47841769757699e-07,-5.10458032904969e-08,-4.53129147668046e-08,-1.1443540090704e-07,8.4228104693184e-07,-1.59401651542981e-06,2.18853993096255e-07,-9.41007358262522e-18,7.89146781614605e-07,-1.05188216917053e-06,4.65404402522064e-06,9.7079033290424e-07,-9.86433446685443e-08,-6.61893529669597e-10,4.05491612509579e-17,4.10526225877961e-17,-6.37279952600886e-10,-5.65788196526165e-07,7.45716246062025e-08,-1.07784932970667e-07,3.40009143297086e-16,-5.10378139881686e-08,-6.02234053746782e-10,5.00410582717662e-17,2.27710820869358e-17,-3.06608382262562e-17,1.27521249257802e-07,3.76103328338653e-07,-5.44295847482864e-07,3.22751186496956e-07,1.61060941141555e-07,3.69381300738115e-07,-0.00020492971579934,8.89446765124552e-18,-8.04843343712747e-07,6.01797853635711e-07,7.24012467200442e-17,-5.22347542789258e-17,-1.9950849907397e-05,-2.93398259046841e-11,-2.24601683337121e-07,1.75699736526785e-07,2.22365623842872e-07,-1.19662714093586e-08,-1.52810539612919e-16,-4.02717198701666e-08,-6.11998535919474e-17,-1.37594759247117e-07,-1.107495578535e-16,-2.50727040803085e-07,9.87130218294194e-18,1.9674721800547e-07,2.72402543002232e-07,1.65777823072744e-08,2.19130379997625e-07,1.2055125125228e-06,-8.80564290974868e-08,9.04298566189991e-07,3.03933693536285e-08,1.47997854906102e-07,1.42276991292374e-08,2.59501280173526e-07,-0.0108135547564316,-4.9419819673246e-08,-6.58770495801231e-09,-1.72148244514381e-07,-4.49194050849812e-17,9.32594808085372e-05,-6.71580349206617e-05,3.34662323668916e-08,4.11443528084068e-14,4.47761394835786e-09,1.23773390410051e-07,4.58769898691625e-07,-9.55903747724884e-18,-0.000151083611489932,-5.58705534604595e-08,-1.00253523752709e-16,-7.43019471590814e-08,1.17048825825269e-06,-1.83864923919792e-17,-2.16588032693954e-16,-0.000965206021478018,-3.16357958978884e-08,-1.8787610092937e-10,-2.62401676722332e-07,7.36362890462786e-08,0.000371790168412438,1.89667916264999e-08,2.41555395690461e-07,-4.11035111237493e-07,3.45074446447824e-16,9.35428402831745e-09,5.84095554295119e-10,1.6128225318859e-09,1.51030199334811e-07,5.07524909449397e-17,-1.18811197231605e-17,4.97200267138496e-08,2.97270938492318e-17,-3.96548614559274e-17,3.14643718580056e-07,-3.5259145475746e-07,-7.21321879752757e-07,-3.97631141460988e-09,1.82456886584371e-05,1.25834972574682e-07,1.08629619747399e-08,-4.00077496529334e-17,2.74957025220671e-08,1.28689147231098e-09,5.90940311374211e-09,-2.17142546227598e-05,2.61195078370422e-06,-1.36641556929629e-17,3.39726027097387e-17,3.46024654993469e-16,-2.07024666759307e-08,-1.10366406142666e-07,-5.80548273418392e-08,-1.32080346484055e-16,-0.000135596706656145,-9.47760670222165e-18,-3.82783100828364e-17,1.33429712512024e-06,-2.93776698390074e-08,9.17492535938702e-16,-8.3191451460496e-08,-0.0049207801991221,-1.95060987992574e-16,8.8688839827237e-08,-1.83259973083227e-16,2.55781319641815e-08,8.66422572156176e-17,2.55934362807741e-08,2.22013575480318e-07,2.90140119941493e-06,7.59625322607255e-09,5.24274910896176e-08,-1.84037282524617e-07,7.38853996324832e-08,-3.09671563702759e-17,3.38791908521632e-06,-3.05368060845912e-07,-1.2068609783766e-16,-2.52198853596749e-08,-7.40846702765361e-08,1.19688433853972e-07,-2.64086306670319e-16,5.62669287954396e-08,0.000101008307297437,6.45590637302812e-17,-1.79883667150999e-07,-3.99862413133785e-08,-3.65434116205828e-05,4.34294014581119e-18,4.17313026671968e-17,3.75529572934419e-08,1.15049481779723e-08,9.30894015539269e-10,-1.03888508194857e-07,6.82629599793362e-09,-6.79909952443627e-17,-5.9834304658927e-17,2.49223936813048e-08,1.71789276295317e-10,-9.17304235494076e-17,6.02341029124843e-08,-2.0510808642955e-16,3.43869287490572e-07,-1.15273797656646e-08,-6.73533823441158e-09,-4.46528458603946e-08,-9.85134986895764e-14,-7.14668483191792e-17,1.45548809830558e-16,-1.04328432379883e-14,-6.10814455609642e-05,-8.61434848867122e-08,-4.46667807938797e-16,1.1306143539769e-16,-2.49416580772417e-16,1.93120740518278e-07,1.09041039258193e-09,-9.55545711541052e-08,7.23426392998237e-17,1.19844150608169e-16,-3.25701108878224e-17,-3.71778328378719e-07,1.25566962243527e-07,1.25959925056098e-16,1.38445817502685e-08,-1.85891120490079e-05,5.7792144490718e-16,-5.63688924240277e-16,-3.6021631397856e-08,-3.69080157362601e-10,-1.78493322361876e-08,-4.06217321653319e-16,2.00853346581106e-08,2.92499991214925e-08,3.13830244766934e-08,-2.8604309183843e-08,-1.01883905941784e-07,8.67822342243515e-09,-5.82229660328208e-16,5.51730990118222e-17,-2.84808290074521e-16,1.64900164611566e-07,-2.37554923767866e-07,-8.12789598035159e-09,-6.39349343194189e-09,-2.21415268882981e-17,-1.91334822054264e-16,1.15379227452548e-16,-7.41016927337014e-17,-2.06524338531056e-16,7.90065320103189e-07,-4.07199808567845e-16,2.70006846430858e-16,-4.93848611242378e-09,4.21740767705032e-17,-4.42076925482053e-09,-1.04899030944462e-16,-5.48072227337643e-09,1.88003898768297e-16,-6.6370437506854e-09,-8.30630947226002e-10,-5.24279623727233e-07,2.13010926392573e-16,2.66601394994334e-08,-1.11575828154965e-16,3.78307247007889e-08,-1.72170467110877e-06,3.67763397246486e-10,-2.76879947832688e-16,5.3699427841258e-08,-1.20474389436058e-16,-1.31997250375139e-08,-7.45046821945851e-08,9.85654010653263e-18,6.19605894354524e-17,-7.61717012167004e-17,-9.75096142077314e-15,-2.50141818089797e-10,-3.25753799850164e-09,-7.27463308037998e-10,1.41986999460765e-16,1.68973639474234e-16,-0.000125978543134967,4.27859324386755e-07,1.57809174334928e-16,-1.70502553373394e-16,-3.31161814942562e-09,1.92363140083305e-16,-2.34703846881465e-08,-1.47543333084145e-16,2.21620442311831e-07,-1.1442652058686e-16,-9.67767377375817e-17,-3.0721839436716e-18,-1.40391397909303e-16,8.3566628305132e-18,3.59510127808797e-16,2.94407419677988e-08,-2.05896153336571e-07,-1.30710280037561e-16,-1.97662126937747e-08,7.51891366511444e-08,-6.46449477594202e-17,3.75085460333304e-16,-3.72579878986154e-16,-8.99383327060347e-16,7.41291407682537e-09,1.18551354878179e-09,5.18000042274493e-16,9.11496910295536e-17,-1.34627414075832e-08,-4.80248444090944e-08,-1.18028575757907e-05,-1.11560455453828e-17,3.22893742583766e-16,-9.8012523685869e-17,-4.63485557623836e-16,1.20259843553777e-16,4.35137948791094e-16,2.83700898795295e-08,-2.68329806618701e-08,-5.15953576891479e-09,-1.18721972398163e-16,2.6445811915066e-16,-4.78963969556356e-16,-1.76271899871398e-16,1.03382067104342e-15,4.22483447386632e-16,1.15759308729142e-16,-2.23952604309554e-16,-2.51409890001224e-16,1.43562766472531e-15,2.16178345740908e-17,-4.49735347429009e-16,4.19312821337689e-16,-2.52920360088493e-16,1.95479934186664e-08,8.04711524494189e-15,1.43713113106256e-15,-1.96332211609121e-14,4.39925767958624e-07,-4.821686247406e-10,5.56429210742232e-17,-7.13960540180646e-09,4.01929335734109e-07,2.04590658543412e-16,-2.64974466175061e-16,-7.05237437720176e-08,5.4620914434876e-17,9.89014256743798e-09,-2.35782054674878e-16,-1.07884174826263e-15,-1.01639489976571e-15,-9.2519210704649e-16,8.80539196712912e-10,-1.20912563640204e-07,2.91975273339602e-15,9.06993246532811e-16,5.51794556774548e-16,-1.62257303896535e-15,-2.65635969709348e-15,-7.51063813495142e-16,-2.44020566377223e-15,-5.10558556723088e-16,1.00313074540133e-08,8.81525612664014e-15,-1.639847046777e-14,-2.04983602454473e-15,4.11964991682959e-15,1.30172761223873e-15,8.54279768516622e-15,-2.86423850802404e-08,0.707106781186548,-1.32747020060965e-13,2.1353328005811e-08,-1.42854503748258e-14,1.17454623802631e-14,1.85578457145639e-16,4.75437514785234e-15,6.22622024775867e-06,-2.66846630447663e-15,-1.31254707389549e-08,-3.9086530657241e-15,-5.35332860739881e-16,1.88126831444276e-15,-2.93421874398444e-16,-4.27570625397595e-16,-2.99182238776414e-15,4.7416755925764e-10,2.44575027022639e-15,-1.44599096776594e-15,1.84619703929932e-08,-5.91767794190382e-08,1.58517475278053e-15,4.14448578819774e-08,6.06967632216537e-09,3.8509255611007e-16,-1.82905247541488e-15,2.25429227722863e-17,1.61712419698966e-15,2.19659631289255e-16,-1.01839634725808e-08,1.11716764457636e-15,9.39989042979662e-17,2.60127986909092e-16,4.07601840389569e-09,-2.90625186370933e-16,-6.19069176597962e-16,5.09189518560279e-16,8.79887006517718e-16,-1.8563997737821e-09,1.33317809816575e-15,8.77191191512361e-06,-3.12755468682571e-16,4.9094567626692e-16,-9.12209951174593e-17,-1.39134827030259e-16,-1.77210594110653e-16,-1.18916153675413e-16,2.44046038670833e-17,-6.68218500579852e-08,-3.67006893498689e-16,-5.00434299054982e-16,4.46434792453695e-08,1.74373448675399e-16,8.85428845343375e-17,3.67745850896942e-16,1.50065239569251e-16,5.65774709244746e-16,-4.49158593213751e-16,-2.9490262507419e-08,-1.45696344755915e-16,-3.47681852514627e-16,9.62843969422278e-08,7.69349372773401e-16,1.81645286569663e-16,-3.65483675565215e-16,8.8365938315344e-16,-3.40740525737802e-16,-7.6216518874882e-16,-1.6071068218158e-16,-4.7023115108974e-17,8.46700826661702e-16,-4.93581380595404e-17,-2.00296983028724e-16,-5.04646518303322e-08,1.05279331597841e-07,3.08009999772331e-16,1.6788977615004e-16,2.60144114551802e-17,-1.84635701499803e-16,1.49243817174419e-16,3.35929527449183e-16,4.93865613261306e-16,5.49473779228127e-17,-1.32166155869213e-09,2.78364464459849e-16,3.76688472843631e-18,-3.8593489385167e-16,1.43333313056169e-16,1.69172708248888e-09,1.21545784603764e-16,-1.84968330368058e-09,-1.50898855163975e-16,-2.27540409941408e-17,-2.8359188207292e-16,-1.00464211742873e-18,1.50007240297746e-16,-1.57928331367123e-16,-5.84871386670913e-17,-3.39493701354956e-17,2.22288550918901e-17,-3.0021797405015e-17,-3.54233534718512e-17,8.00866590448354e-19,7.63956412550471e-17,6.7043942754126e-18,1.53610164578758e-16,-2.83545729697767e-17,-5.41376775808911e-17,7.13354200660436e-17,5.23990591448997e-18,1.02309445564001e-16,3.96377537997122e-17,-8.47158279787905e-17,1.8896685000207e-16,-1.13157404843579e-16,1.84162351755898e-17,1.27437311313134e-10,5.00340371824159e-17,3.57012917917966e-17,6.23602079120652e-17,5.50688494705802e-17,-1.14974335142455e-16,-1.94576210825097e-16,-1.16497808656181e-18,2.65052061768234e-17,-7.3475369392293e-17,-4.50757470529901e-17,2.31087528669918e-16,-1.09114277890615e-17,-9.04335558678097e-17,1.98392045923888e-17,-7.6814619923946e-17,2.69007061042796e-16,9.52598701375412e-17,-1.63915066773657e-09,7.96655729727123e-18,-7.90474294267134e-18,2.15274001430312e-17,1.55668171027504e-17,-7.24491697365529e-17,-1.34586364613344e-16,8.69309847046826e-17,-3.15716872450037e-17,1.87675694981726e-17,3.47100014465811e-10,2.24225256808531e-16,-2.85638138160796e-17,-7.32865530795507e-17,3.95841932396431e-19,-3.83496208883168e-17,1.69712646728402e-17,-4.40570175971028e-17,-9.82586425843583e-18,-5.20755996566581e-18,1.62185282189261e-16,-7.68437528796773e-19,-9.92058995165744e-18,-1.61262707364613e-17,1.75023748911854e-09,3.64175152373802e-17,-5.39252979987043e-17,-1.09146309013448e-16,-3.69753598399025e-16,-5.26689293522415e-09,-6.18951157729749e-17,-1.65731340227299e-17,3.68052817572433e-17,-5.04896382613716e-18,3.08303634492322e-17,4.2545247236465e-17,1.25002930357677e-16,7.0545828440374e-18,-3.64010059011704e-17,-1.43017104168813e-18,6.32487817425165e-17,2.80987500192232e-17,-4.14595834712014e-17,2.26546583582365e-17,3.23129386399477e-17,1.48300916674869e-16,-2.3029161350389e-16
"t1",-0.0446626800015148,-0.0681749825092398,0.0239839565328338,0.0325214868959074,0.00257268303053595,-0.00111629306580279,0.00623005691933328,0.000113488034578107,4.56070586561811e-05,-0.000162418946366021,-6.03316049566542e-05,0.00178090963135212,-0.0020258492897143,0.000254684485886239,-8.77729136557022e-05,-0.000781802850405472,-0.000110681740219679,0.00806445478250325,1.09796908191598e-05,6.64885682555814e-06,-0.000112551394806918,-8.84832662985349e-05,0.000570193376186374,-0.0116947982450162,0.035701293983621,8.75694752835913e-05,-9.63554171407903e-05,8.5176228448299e-05,-0.00130651723354283,-1.00222751867819e-05,8.10528502848934e-07,-2.4940312144666e-06,0.00191228856221875,1.44376835137077e-05,1.62357885148249e-06,2.49144484003736e-05,0.0456707681645579,5.44739643495946e-06,2.9997279097276e-05,4.61475503666631e-06,0.00011186613227412,-8.03966396900265e-06,7.71497155717956e-05,-4.50823176920512e-06,0.000119307591080703,8.2669462172202e-07,-0.0183898780948815,-2.8834952889235e-05,-1.57777339311299e-06,6.53739779185023e-06,-0.000115227232993358,6.71646845728202e-06,-9.59930388689253e-09,2.48124759903113e-05,-1.61695821169527e-06,1.73842148003304e-05,-9.19764210911406e-07,6.59098156500055e-05,-2.25336589867266e-05,2.80189116730814e-05,2.68986429416868e-05,-4.35567706928425e-06,0.00014729108936527,-7.90740141003529e-05,6.01878405224135e-06,-0.000245890508899782,1.02345392071195e-06,-3.7890630145932e-05,0.000105862054145938,-4.32125060940568e-05,0.00142544666616372,-0.000141120570967627,7.07453820870323e-06,0.0213909934907722,-0.00535732155481415,-9.41201872729842e-08,0.000659426739050303,-1.72442457739973e-05,8.22237236154782e-05,0.000105897254431876,-3.67659461067454e-05,-0.00057317214709709,0.000101723151590677,0.000737535315163472,-0.000146165730306065,-0.0849986999518444,-0.00679981115547072,-8.855130417063e-05,-2.7060632144226e-05,0.00604736751210664,-9.80922710499613e-05,5.73590137656604e-06,4.85181538635106e-05,-0.00729708414618493,-4.19869739182837e-07,1.6319565650392e-05,0.00349203042521152,5.79456827494598e-05,-7.8072889761596e-05,-1.21504142823048e-05,-2.1293062902053e-06,0.0160120862016346,-7.85222609623445e-08,-2.62795814279363e-06,1.70241946736289e-06,-0.0415738837668999,2.42272246682075e-05,-1.36031906726175e-05,6.05729959933404e-06,-1.74179444153679e-06,-8.01060476085798e-06,-2.28006776740667e-05,3.90913062569197e-05,-4.58275185419196e-05,2.4400865540543e-07,-1.0250753244366e-05,1.57007583387466e-05,-1.83131353800169e-05,2.02065966375223e-05,-5.28815721247734e-05,0.000204613794686052,-5.54606072071844e-05,5.66592503718212e-05,0.000156118495709623,-5.13794718561698e-05,0.000530567569659298,-5.42341092463847e-05,1.84092700513349e-05,-4.78816253644452e-05,-0.00160100814341785,0.0187979726793537,-0.000298266934008416,0.0891120689268471,-3.03354095531302e-05,-7.01043209613771e-06,-3.47365648374913e-05,2.99205967132836e-07,0.00023035583953506,-8.41591801311081e-05,0.000243164848454774,1.59692796910201e-05,0.000626989193884025,-0.000125333663610297,-8.06903290619527e-06,-2.54595228193567e-05,1.70558241350061e-06,8.97923867504619e-05,-1.56741065545155e-05,-1.06234832733846e-06,2.85172321807965e-06,0.000446254863018257,1.37658322205433e-05,0.000301331498565147,-0.000115625127411754,4.41202487447804e-05,4.04496703877839e-06,-6.30362973336054e-05,0.760773986072371,-2.16407708981413e-05,-3.13091146146415e-06,0.622684603351208,0.000629602982606018,-7.0372680867232e-05,-0.0130607301452114,0.000604602117324547,-0.00264227301617207,0.000148508272159957,2.5048314554133e-06,0.000124120427496776,0.000157518411076219,-0.00277461169301965,-0.000273130007320138,3.06578061073716e-05,1.06746411823547e-05,0.000276565311693114,3.80358541646383e-06,2.3908702998215e-05,-8.92257211274459e-05,-4.95928196971947e-05,-0.001533377378889,0.000955179666816999,0.00285879754625979,-3.87677904734553e-05,-0.00907623976974713,-4.72438385515294e-06,-0.0303748003770074,-0.000157059367294997,3.41474136351841e-05,0.000153058896162533,-0.00130698673973525,-3.59069849597104e-06,6.26728556939887e-06,2.44643365995382e-05,0.000394022586028291,3.99399746916302e-06,-5.33059505708064e-06,-9.7102940066953e-06,-4.80596886028774e-05,5.57124550427933e-06,2.17808105487521e-06,2.16478624051708e-06,0.00034868668878398,-5.52486771955124e-08,-0.0184081303095863,3.36690888403527e-05,-0.000390643599317634,7.99198382531637e-06,0.000297764118996339,-5.88740267374314e-05,-0.00161303688531687,-0.00025017155139817,0.000877760791069423,-0.00469079744725088,-1.36202856364343e-05,-8.69710016474582e-06,-1.14446162371198e-05,1.72077064753178e-05,1.48795449328948e-06,-2.64550103264395e-06,-1.28452558991249e-05,-6.94300213724277e-05,0.000542530021073689,2.07595219000188e-05,6.65364061963252e-05,-1.64967622756833e-05,-8.39278463982724e-06,-8.84392115558444e-05,-5.94620196615389e-06,-9.17212440337029e-06,-7.16165208732238e-06,0.000150984905552246,4.94275156970827e-05,2.35528737023774e-06,3.93008999639272e-06,-2.02965081199048e-07,-3.28113954226643e-06,-1.6776129618077e-05,-1.60726319964263e-16,-2.47050621382861e-06,0.00018493126931258,-5.09690064239828e-06,-9.02499054047173e-05,-1.42744507419077e-05,1.70491655750779e-05,-2.69599349778854e-06,9.74602253711626e-05,-2.21771355228652e-07,1.44477573242802e-08,-3.67505756489419e-05,3.2983231423352e-05,-1.02992283170973e-06,0.000140648373190434,-6.46536249785922e-06,2.33449511139815e-06,-1.50014416299457e-07,0.00346486022278553,-0.00303177028775314,9.72758077137129e-05,3.11633309006368e-06,-5.9866847311783e-07,1.30466612485017e-05,-2.53123325939172e-06,0.000278872374576305,-0.000225378471280307,1.4216851296984e-06,-4.86119695794725e-07,0.000145888996816066,0.000248115491865948,-0.0193123154630041,1.95566003149827e-07,1.11534394423751e-07,-3.29602226501315e-07,4.67821442913757e-05,-3.92954095090646e-05,8.83452610747967e-06,-0.000191063319337442,9.20624361827075e-05,-0.0016971376781459,1.51627902817972e-05,-8.85944731156136e-06,2.9953585275223e-06,1.36906972883581e-17,-7.33735469575472e-06,-2.51226647945983e-07,-5.69936277668482e-07,-0.00112906213123627,3.492122097665e-07,-2.16083016601889e-07,-5.04651955019215e-06,5.62148926973285e-07,-4.47345551350616e-06,1.17140761740949e-05,4.26789956662687e-07,-3.76702060783498e-07,4.87122052333596e-06,-5.91010918044699e-06,0.000491225746945138,-2.71039247483545e-06,3.10345380946106e-05,1.55284350044e-07,1.33871955783289e-06,6.28927146989666e-06,-5.10220014805653e-05,0.000542479646186751,-4.56273453505479e-06,6.09206388102322e-06,-2.20526269012758e-05,1.36318632166334e-06,1.22979393363648e-06,9.35375358428293e-06,-2.51058832427099e-05,-1.2541592498754e-06,1.62300885808618e-05,-6.60329698797252e-06,1.62777610345614e-07,1.50770460316967e-06,-2.90074844092868e-06,1.06923940488041e-16,8.68009975926522e-09,0.0018939612175188,-3.01980741882184e-06,2.22601413841679e-06,3.18241982467632e-06,5.84653678727914e-07,1.36244484214081e-06,-1.99674798900297e-05,7.41347690919966e-06,-1.83084608364069e-16,-5.65772153289655e-06,-6.91263771392617e-08,-2.13365601328442e-07,0.00272245525569321,1.40814712152029e-06,-9.47780577831086e-08,-3.60478851306612e-06,9.5699915137053e-07,-5.01037908437161e-05,5.89020935654859e-06,-1.19025686985762e-06,-2.14643542943044e-06,-1.13320437682541e-07,-1.1175772943295e-07,-2.13307367771935e-06,0.000476905819824494,-2.27306583657995e-06,1.6729481240932e-17,-4.59989869826813e-05,3.60176421665566e-06,1.65771168385555e-07,9.03624417222602e-07,-4.23421725504693e-06,-8.80904497638002e-06,5.32583071320577e-05,-0.000414205522260491,-7.25891126429419e-07,3.85427968379496e-17,-1.36963818108767e-06,-0.000844837492762955,-1.71071143242787e-06,6.22266558801852e-16,3.21586052532245e-06,3.23216740721977e-05,-4.92616981533952e-06,-2.61606495697171e-06,-8.69744975105834e-07,-4.64340266710629e-07,-1.65757911781581e-05,4.60096829600436e-07,4.88746946696525e-06,0.000588912850921319,9.91481723203845e-07,9.99704806734362e-06,7.9980410160969e-18,-3.92390514775891e-06,1.83852304391386e-06,1.18489694538532e-05,-1.18707088317086e-06,-8.76148477548637e-17,-1.13774886370944e-06,1.45069909272041e-06,-4.9994219442438e-07,-4.43408062889059e-07,-1.11864382245684e-06,8.21791787005146e-06,-1.55051868392027e-05,2.11330181784188e-06,-5.26762327764998e-17,7.57237887086931e-06,-1.00880125918596e-05,4.45837886254423e-05,9.28518570789656e-06,-9.43367024063373e-07,-6.32715562561763e-09,-3.29597460435593e-17,-4.36558742631523e-17,-6.07636643394095e-09,-5.38274743138006e-06,7.09256906532394e-07,-1.02310733553007e-06,3.11241029613868e-15,-4.82326031486073e-07,-5.68005618573305e-09,-1.0724865545374e-16,4.66314366396558e-17,-1.06498386065393e-16,1.19509278137593e-06,3.5217866622238e-06,-5.08175469626396e-06,3.00559390644166e-06,1.49940729692607e-06,3.42899965078454e-06,-0.00190174209377855,-6.87800474732428e-16,-7.42273670128788e-06,5.53709221219703e-06,-1.78065752181801e-19,6.01561930099858e-17,-0.00018165839145827,-2.66369693841278e-10,-2.03048089250089e-06,1.58347240163858e-06,1.99071826208329e-06,-1.07000601293293e-07,-1.41338113690563e-15,-3.59500228117408e-07,-1.0088654891126e-17,-1.22186856343173e-06,-8.18572640226556e-17,-2.21689977114212e-06,3.56506577468144e-17,1.72884900203174e-06,2.39036969498268e-06,1.42114582740016e-07,1.86582723160731e-06,1.02327693274885e-05,-7.35683681513738e-07,7.41991324907619e-06,2.31665282074681e-07,1.1269328252741e-06,1.03838709544432e-07,1.62952135274091e-06,-0.00171414682370438,-1.11031532957105e-06,-9.08661956882078e-08,-2.18400866496235e-06,1.10782920651545e-17,0.00104513823553978,-0.000713686401111133,3.33770969978552e-07,4.08249978792957e-13,4.422585214512e-08,1.20853644063253e-06,4.46114790878959e-06,-1.44918887579112e-16,-0.0014662762704834,-5.38436168481657e-07,-5.13176640005468e-17,-7.13851940985437e-07,1.10513118213228e-05,-3.85714044773108e-17,5.29878091287347e-17,-0.00015431922452703,-3.12723131268385e-07,-1.78228810245902e-09,-2.47205246108831e-06,6.604584435584e-07,0.000507430880294412,1.84484256034852e-07,2.26323501734253e-06,-3.83227301080221e-06,1.30808992110376e-16,8.7080385244794e-08,5.43604855573029e-09,1.49970855045402e-08,1.402952835374e-06,-6.78171610146087e-18,-4.13671788813873e-17,4.61241211510632e-07,2.31080169517298e-17,-8.75384717147495e-17,2.89658441971348e-06,-3.24186535605632e-06,-6.63194506827979e-06,-3.64597215326383e-08,0.000167237575752927,1.15329620291159e-06,9.95101583149292e-08,-4.17521619033561e-17,2.50491666557482e-07,1.17094962631343e-08,5.37479072343201e-08,-0.000197083639270469,2.36081271720168e-05,1.01089183857277e-16,6.02984444995655e-17,2.75573321485752e-15,-1.85740276360825e-07,-9.85937516626997e-07,-5.18419433704629e-07,-2.93579749992494e-16,-0.000177553624265422,5.39110240535038e-16,-5.11841220419864e-17,1.11065954598302e-05,-2.43862177416332e-07,1.99276359302836e-16,-6.00948828693333e-07,-0.000798830475730649,5.50220779225882e-16,9.19451974670494e-07,8.05802614344556e-17,2.45373309667386e-07,1.34087020739098e-17,2.44790926133158e-07,2.11896670929589e-06,2.7630167335636e-05,7.21338078504775e-08,4.95120823870739e-07,-1.7142341907209e-06,6.80794391569962e-07,-3.9541337892731e-17,3.09611418010317e-05,-2.78871545800378e-06,3.3179100170662e-18,-2.3011034875032e-07,-6.74928622648947e-07,1.08899040015116e-06,-2.70608365777719e-17,5.09967121986328e-07,0.000914836068543861,-1.41980193635088e-17,-1.62774224451512e-06,-3.6167066165904e-07,-4.87255067801544e-05,-3.57841579644831e-17,4.63904864851989e-17,3.38069211730957e-07,1.03438130937321e-07,8.36726223258063e-09,-9.29035563432124e-07,6.09978629609406e-08,9.04868484836611e-18,-5.17165779524581e-17,2.22582551316937e-07,1.53415364995795e-09,4.52476653096987e-17,5.37447567420791e-07,2.36013299196931e-17,3.0656771636744e-06,-1.02653982896565e-07,-5.99749848346481e-08,-3.97488484254158e-07,-8.76679948646229e-13,-2.63449926448863e-17,-1.6087351887893e-17,-9.12057255896826e-14,-8.06860450336647e-05,-7.65331134089203e-07,1.14704449568488e-16,-2.55045898487555e-16,3.42163695252459e-18,1.71328763357852e-06,9.67002628992564e-09,-8.46601175790279e-07,-2.94858254560846e-17,-1.39143796311358e-16,1.17120939682747e-16,-3.28407627928365e-06,1.10907547250965e-06,7.41203781835638e-17,1.2214540978144e-07,-0.000163930904616401,5.87122905080154e-18,-9.65019941125438e-18,-3.17328658372647e-07,-3.25110117194972e-09,-1.5713246526204e-07,-2.11734193825357e-17,1.76637338725872e-07,2.57091829435945e-07,2.7562792692932e-07,-2.5096155332669e-07,-8.93635657730853e-07,7.6078184743095e-08,1.26961829195923e-16,2.59805081911225e-17,2.55667812540526e-17,1.44138994300327e-06,-2.07637205753185e-06,-7.10165251699122e-08,-5.57592789995303e-08,-2.40035808042988e-17,9.04194593864439e-18,-8.55613956534185e-17,3.09690653803773e-17,-7.27558611437896e-16,6.8771751889156e-06,9.5854644680644e-18,-4.03865170692564e-18,-4.29553272163376e-08,4.52510721456145e-17,-3.84506543288139e-08,-1.81312130279327e-17,-4.76666546780337e-08,-5.28279073651212e-18,-5.76489653877239e-08,-7.21260322167775e-09,-4.55033811261123e-06,8.83269660527207e-17,2.3125610588981e-07,9.98525748373931e-17,3.27738905232933e-07,-1.48910831475207e-05,3.18056791799385e-09,-1.92580064508057e-16,4.64101759770566e-07,-1.79778291449125e-17,-1.13955479805072e-07,-6.43176438225248e-07,-2.25537307547181e-17,-3.07733643764334e-18,-1.30797991194379e-17,-1.29086093135565e-14,-2.15732912758804e-09,-2.80866316292745e-08,-6.27006291506365e-09,-4.25854934999235e-18,-3.86034717285979e-17,-0.000163588168375723,3.72685284102383e-06,-9.55874729302709e-17,4.73247212516707e-17,-2.84882660909145e-08,5.17356286148359e-17,-2.01825626207295e-07,8.03122920848904e-17,1.90376062310585e-06,-3.25174704348429e-17,-1.1605201322947e-16,1.35563960568285e-17,2.75417200928512e-17,-7.98758151216253e-17,4.0871451922191e-17,2.52400627322074e-07,-1.76513884392692e-06,1.71867738481832e-17,-1.69340584084068e-07,6.43977555902194e-07,1.3437370199967e-17,1.20864656689893e-16,3.62635976418079e-17,1.19830117540252e-16,6.34134256161059e-08,1.01385559720387e-08,-9.17297959064278e-17,-2.15391639889983e-16,-1.15095960213528e-07,-4.10554831812382e-07,-1.52637969162256e-05,-1.15602372667965e-17,-6.97978819585339e-17,9.53363283242401e-17,-2.1981551327963e-17,4.46006378804535e-16,-1.29911780419671e-16,2.41975288939066e-07,-2.28818082492011e-07,-4.39889760641441e-08,-3.87033686754886e-18,-4.97390269953388e-17,-3.3727371404739e-17,3.04816921288192e-17,3.91268410412608e-17,-4.32354731200806e-17,1.53932663623487e-17,4.52876635916743e-17,8.66447387887433e-18,-3.26237710535792e-18,8.58864918114563e-18,2.73284310099825e-16,8.5913950249724e-18,2.07333924004494e-17,1.66095632020993e-07,7.43522912559411e-14,-4.41591112643872e-16,-2.56440665569066e-14,3.73628894677823e-06,-4.09463461361615e-09,-2.69677154791498e-18,-6.06264915809894e-08,3.41113364699537e-06,1.39476043382732e-17,7.9623779956082e-17,-5.98118056005207e-07,1.48181338282381e-16,8.38089588216717e-08,-3.14324680131308e-15,-1.92634627027819e-17,-1.18562127756105e-17,-7.52399883805932e-17,7.45185513651792e-09,-1.0231724380914e-06,-2.08414196310943e-16,-1.45032107483435e-18,2.36869144977113e-17,-1.26341178674311e-16,-1.35525271560688e-18,-2.18387118979849e-17,-3.27654582641869e-17,3.41452615266711e-17,8.4497030389064e-08,3.94116640576692e-17,-1.40436085361456e-17,4.92687793185874e-17,4.55794596813127e-17,7.29238028771497e-18,-6.42996044160108e-19,-2.41027085071093e-07,-4.20594447491787e-17,2.3225529714744e-17,1.79656189520145e-07,9.42956481740895e-17,8.73332226063854e-17,2.21435619708364e-17,-1.78302512461058e-16,5.22728750604327e-05,1.11021130371572e-16,-1.10154244329354e-07,-1.00522869892159e-17,-3.47580791326211e-17,9.24878638855724e-17,-2.58121114577131e-16,-1.10591882857475e-17,3.77752233034358e-17,3.97630761022205e-09,-3.37029908636166e-16,5.16889842033986e-17,1.5472744550922e-07,-4.95938210401249e-07,-6.15316366196436e-17,3.47155201887442e-07,5.08333301942426e-08,4.37629292772515e-17,1.22179587347211e-16,-1.32321412125895e-17,2.27372443549112e-15,-5.15257364725295e-18,-8.50871277638449e-08,-2.40502061667816e-16,-5.65701436607467e-17,1.04356033337149e-18,3.40342410023907e-08,6.96056679093903e-17,-7.17340027719653e-17,6.13404767647957e-18,5.61557035917065e-17,-1.54879921710501e-08,6.3005820972117e-17,1.11987067896521e-05,-2.93177636015773e-17,-2.11289077498351e-17,2.67444323288047e-17,7.31450397629781e-18,-6.57113269992777e-17,-2.88206159232626e-17,-4.00845979271317e-17,-5.56624431404393e-07,1.03696014559955e-16,4.0840707752815e-17,3.71756501359781e-07,-8.35080790259555e-18,-6.83056833997781e-18,-2.26733453160762e-17,-2.4881945693143e-18,4.38888741024453e-17,-5.44032655550369e-17,-2.45318031958454e-07,-5.44741288474094e-17,-3.10840032964727e-18,8.00581078776137e-07,-1.02032325244257e-16,6.23267778608562e-17,1.33270895014626e-18,2.93873418712524e-17,-1.46883219554991e-16,-1.91801185229642e-16,-2.95166771819614e-17,-2.34750679694659e-17,1.57486937019194e-17,4.91655323476145e-17,-4.31205130381987e-17,-4.18883233242235e-07,8.73694210869223e-07,-8.63617625537693e-17,1.00399975433941e-16,3.64204455826772e-17,-1.22481398912684e-17,1.69460799559484e-16,-1.44725022786037e-16,7.21263151472333e-18,9.7423075897129e-17,-1.0956455620141e-08,2.24091722432205e-17,5.91905769636234e-17,-1.02758597829653e-17,-1.64084424983807e-17,1.40114669701703e-08,-1.22566683059758e-17,-1.53039455954239e-08,-4.40714503818693e-17,-7.69453209288805e-17,-1.4003659040139e-17,-3.08930325300643e-19,3.35924524196315e-17,9.2624078242815e-18,5.35924951413781e-17,1.87549841650301e-17,-4.90552083119258e-18,5.86438438370828e-17,3.77673790238798e-17,2.81165774436657e-17,2.79036416335276e-17,8.78989120030064e-17,3.85613700768867e-18,-1.83051684979249e-17,3.99609796761624e-17,-6.26332941003639e-17,-5.22497330447192e-17,8.6165983756996e-17,-5.98479599211998e-17,5.88783416417497e-18,-1.11631018679971e-16,-2.61096586981099e-17,1.77946054716916e-16,1.05040172758208e-09,1.66840018404879e-17,-2.26635427312125e-17,-9.53731108838488e-18,-9.5366987163709e-17,-1.7926617739256e-17,8.6392775990503e-17,-1.53145801090881e-17,3.51001216865019e-17,3.3436441848683e-17,-4.25953017556659e-17,-2.85362011798185e-16,-1.26569743340116e-17,-5.34610363526489e-18,-3.31216148726845e-17,-2.71919295903193e-16,-1.74815702945019e-17,-1.79460766332124e-17,-1.34761276658988e-08,-2.34999232142427e-17,4.21985999771121e-17,-8.63738699007272e-17,9.23270117892885e-17,6.02624869798218e-17,-6.35947691502058e-17,-5.79836159236199e-17,4.99132090351993e-17,-1.88827156509385e-18,2.84613096485702e-09,1.88467458090957e-16,-1.73483748831455e-17,-3.95746341431401e-18,-2.05203349025599e-17,8.06594934367301e-18,-3.56084108417807e-17,-1.67201302496263e-17,-2.65423618856551e-17,4.83410088610758e-17,-2.29093479221025e-16,-6.95836485635523e-17,-4.82540985879686e-17,3.19303628216594e-17,1.43135616875474e-08,1.43677438459315e-17,-4.27266799236002e-19,1.16089135672988e-17,-6.73397969330747e-16,-4.30199769391078e-08,1.07088349756475e-16,-4.06598969457211e-17,5.43415458672307e-19,-2.57943062905965e-18,4.92392318673593e-17,-4.09397309963904e-18,1.4639853943393e-16,-5.61848629928659e-17,2.72391828000206e-17,-5.2025812810031e-18,4.69217260607825e-17,1.07897364107524e-17,-1.16779261048407e-16,-1.59509813387261e-17,-4.78354348813133e-18,3.36916718186069e-17,-2.08037556206799e-16
"t67",-0.0453787751334545,-0.0702977553714042,0.0247497847425158,0.0337935539827484,0.00268225213505814,-0.00116351596897518,0.00649129428019051,0.000117958441327685,4.67145033477879e-05,-0.000157362707337616,-4.0922047199737e-05,-0.0032839342008099,0.00836563593559006,-0.00178942751040416,-0.00229458123951802,-0.00480443100159593,-0.000570882611510559,0.0379378088778582,4.74385535039483e-05,2.48127774173067e-05,-0.00041139855661519,-0.000395069293375345,0.00288577851840197,-0.0601089787724396,0.185517214105296,0.000529141094855153,-0.000609235652631115,0.000558757160506775,-0.00969494195872632,0.00419202959401293,-1.18066361664515e-05,2.08778312115777e-05,-0.00918684260653586,-5.26944247098236e-05,-4.61532279064262e-06,-5.09733562223335e-05,-0.0889347942767036,-9.98538500562396e-06,-5.35986811707638e-05,-7.80483231134986e-06,-0.000170750793058256,1.12854671571394e-05,-0.000103040382260935,5.99718465200101e-06,-0.000150483034001794,-1.8449550873401e-07,0.00202340374640683,-1.38221863007708e-05,2.98000939437444e-06,-7.62850895058852e-06,0.000108485469644614,-5.91292867544991e-06,8.37508068986753e-09,-2.01669942210304e-05,1.16581292192162e-06,-1.23258699054959e-05,4.98183325005225e-07,-3.33829646343561e-05,1.13236494779419e-05,-1.20265651233808e-05,-1.02911710443184e-05,1.57557607623226e-06,-5.09281495258934e-05,2.70330845704004e-05,-1.89248254264534e-06,7.17376608763093e-05,-2.53046025285564e-07,8.69026657628902e-06,-2.34433380940626e-05,8.97820997087602e-06,-0.000207292453518025,1.49645282544403e-05,-7.09914230057462e-07,-0.0017841870566318,0.00073840308022602,7.78674060271832e-09,-5.36150927393912e-05,1.24960293788428e-06,-4.330425699908e-06,-4.74958767910195e-06,1.16291759224582e-06,1.6491921429333e-05,-7.8780144144923e-07,-9.42894450032743e-07,-4.09461515262003e-06,-0.00312091617134062,-0.000312673864993023,-4.20930845121879e-06,-1.29737434200227e-06,0.000296159332711255,-5.17187432891508e-06,5.41544502855734e-07,4.80454777152847e-06,-0.000990679429460759,-1.03079451294002e-07,4.45259780628346e-06,0.000957636301092316,2.1653189905125e-05,-3.34395591473335e-05,-1.09222929863702e-05,-1.26257682341128e-05,0.18602480499138,1.17007589655821e-05,5.60991068831482e-07,-3.02479162079595e-07,0.00489536142401867,-7.39862057175353e-06,3.50881850959544e-06,-1.34464553649409e-06,3.40138269677541e-07,1.51494226714314e-06,3.70199593843023e-06,-6.24820613171859e-06,5.47613461588904e-06,-2.76208505515054e-08,1.03631552545061e-06,-1.51182056799843e-06,1.54994288597207e-06,-1.5181868575709e-06,3.63985246523113e-06,-1.34083661748865e-05,3.07376145685648e-06,-2.81939793448263e-06,-7.73651006396804e-06,2.50687840748151e-06,-2.31513368295397e-05,2.34443881074256e-06,-7.21448039921919e-07,1.35472149762014e-06,4.49771419756294e-05,-0.000352333008817808,5.85670172037805e-06,-0.00135546765951965,1.82102606953095e-07,1.81906808916401e-07,8.60059130768047e-07,-5.02147282620932e-09,-3.00199872583693e-06,7.55301493849254e-07,-2.1576048635168e-06,-1.32068952911047e-07,-4.99800226807025e-06,9.40322338125935e-07,5.91229643703065e-08,1.86486128797357e-07,-1.04482130332576e-08,-3.60662034754188e-07,3.4703548312629e-08,1.92703813122081e-09,-2.84359752306357e-09,-4.17659581434995e-07,-8.94679505442793e-09,-1.46864613261247e-07,3.55615639544665e-08,4.84598524867354e-08,5.19337526727626e-09,-8.88206205997523e-08,0.00217890382266017,-4.93565177457945e-08,-3.816748022214e-09,0.00204116818283419,2.01179252917953e-06,-1.98163412320039e-07,-3.61675099067235e-05,1.41487167545352e-06,-4.8063404688794e-06,-4.87259684083639e-08,-1.05529920225335e-09,-5.52872924692282e-08,-1.28929518229781e-07,3.5457619803622e-06,3.67670157749257e-07,-7.15760270107292e-08,-2.84462369269236e-08,-9.43286060581477e-07,-1.36962019558239e-08,-8.84467533049884e-08,5.03851526918036e-07,3.92678318587834e-07,1.27824627305584e-05,-8.35034233264434e-06,-2.8541402645814e-05,4.06155542316636e-07,8.33490096228233e-06,5.40910609689892e-08,5.4176560435647e-05,2.15552971559997e-06,-6.00426788868944e-07,-2.71274997940926e-06,2.50614557919019e-05,8.43905199282134e-08,-1.72370284989378e-07,-7.09007685325305e-07,-3.7257439685777e-06,-1.32159357087641e-07,2.07737712388082e-07,3.91942935261302e-07,2.08962156302753e-06,-2.51464854878029e-07,-1.33414688555992e-07,-1.34726849950041e-07,-2.53869852541625e-05,4.90261927808949e-09,0.0488910525494826,-0.000125174261668934,-0.000175468781424129,4.02034487373564e-07,2.43447881904425e-06,1.99096181041698e-06,3.78364449186225e-05,1.73645136440307e-05,-6.40462436690672e-05,0.000412639569142783,1.30731822111949e-06,8.36607556544207e-07,1.17219436441596e-06,-2.03922808840473e-06,-1.81046171554312e-07,3.68223775356987e-07,1.95296764885009e-06,1.08758852822417e-05,-9.58304538541419e-05,-3.77104441545194e-06,-1.24606534789738e-05,3.38650173553968e-06,1.75482723038387e-06,1.8574839398596e-05,1.37830649686532e-06,2.25618891233038e-06,1.88155054660774e-06,-4.08688846091645e-05,-1.3798842112315e-05,-6.76841868818002e-07,-1.1386931872474e-06,6.34423368307323e-08,1.07546161883384e-06,5.79024345191107e-06,-1.73130226557201e-16,9.18770733509038e-07,-6.98153587199088e-05,2.13675467955089e-06,4.10769044719441e-05,6.96057406905873e-06,-8.34837720436081e-06,1.50589979403123e-06,-5.56858979455909e-05,1.28050453481928e-07,-8.77596655108766e-09,2.31137840917777e-05,-2.21317916958617e-05,7.11584552382655e-07,-9.83647337590861e-05,4.83825308099484e-06,-2.37939796126746e-06,1.72713841561489e-07,-0.00221510452066135,0.00255831431010157,-0.000169625822226755,-6.75212474751979e-06,1.50171290127163e-06,-4.17816874390615e-05,8.870127970707e-06,-0.00108260798600183,0.00102565151687752,-8.61309454828103e-06,3.05883523497766e-06,-0.00435613966482988,-0.0102053833899457,0.917708916343541,1.49300154346501e-05,4.34559701334043e-06,-5.05661085097386e-06,0.000645641588205322,-0.000127586390102181,2.60328129161425e-05,-0.000517956424495188,0.000180671744300024,0.244627488119156,3.79974304070437e-05,-2.07763349483255e-05,6.72159177382007e-06,-1.8259239885407e-16,-1.45739709308946e-05,-4.92133669480266e-07,0.000750772063554222,-0.00193813600191756,5.60616468348893e-07,-3.36873610108383e-07,-7.75827833549478e-06,7.39546215607806e-07,-5.83381610368347e-06,1.52405278752845e-05,5.34468489863665e-07,-4.28493198659428e-07,5.45808690507421e-06,-6.55472357859812e-06,0.000527420627341882,-2.6126656680052e-06,2.87699634485159e-05,1.43639685728084e-07,1.23752836515578e-06,5.34536008703744e-06,-4.00065298854758e-05,0.000215250063894909,-3.50023028633739e-06,4.60188297723577e-06,-1.658189850346e-05,9.884761357884e-07,8.89442210535652e-07,6.73330230152792e-06,-1.80150671187899e-05,-8.90755389828579e-07,1.14011225663305e-05,-4.59302542348249e-06,1.12745396236491e-07,1.03695885484834e-06,-1.96628276569396e-06,-3.49357265477745e-16,5.45262384075322e-09,0.00118192040068387,-1.86653052933194e-06,1.37550690642258e-06,1.96591480333233e-06,3.60337373129976e-07,8.36125409130174e-07,-1.21926976756827e-05,4.48202559379961e-06,-1.08821389962515e-15,-3.34037476739907e-06,-4.06402080742678e-08,-1.18982499098779e-07,0.00083013204679363,8.20824944195134e-07,-5.48477909614433e-08,-2.06738448440457e-06,5.457261211548e-07,-2.82506589749715e-05,3.29072477654427e-06,-6.61482183834781e-07,-1.18962226147709e-06,-6.27048963904434e-08,-6.16749637751771e-08,-1.17683519883565e-06,0.00026265995964713,-1.25035536662904e-06,5.48330997914933e-16,-2.5155036920688e-05,1.96930565658868e-06,9.06373327207055e-08,4.95441701154106e-07,-2.3238799921335e-06,-5.0563597595486e-06,3.20192194515962e-05,-0.000252742258765785,-4.88382385524136e-07,-1.91032860975346e-16,-1.51969401201731e-06,-0.0555469035787853,-5.81853082052619e-07,-8.40431567115949e-16,1.35945536085553e-06,1.39224010461384e-05,-2.13894976200474e-06,-1.15159387923429e-06,-3.89420290833619e-07,-2.09862510538012e-07,-7.53594113689545e-06,2.11774021911697e-07,2.25195981628424e-06,0.000143293681608162,4.62684552718379e-07,4.66625731243193e-06,7.79245211283227e-17,-1.84093407000659e-06,8.62875826156051e-07,5.56353338433663e-06,-5.57326471542251e-07,-1.01077176614129e-16,-5.33026029444187e-07,6.76837716160564e-07,-2.32746733848471e-07,-2.06209968979381e-07,-5.19562120043897e-07,3.80751923787732e-06,-7.15459735517183e-06,9.65269789119792e-07,1.1759936821354e-16,3.42873338803443e-06,-4.56442035920988e-06,2.01414613318494e-05,4.18593003468464e-06,-4.25218907646084e-07,-2.85026524855927e-09,6.59194920871187e-17,2.05778750535645e-17,-2.72817932648885e-09,-2.40992376310142e-06,3.17432774663401e-07,-4.5676663868599e-07,1.38455938721913e-15,-2.14210636178349e-07,-2.5169788721313e-09,3.30783258666283e-17,1.15988361050884e-16,6.31200261839384e-17,5.26053637209655e-07,1.54895759004869e-06,-2.22902442532824e-06,1.31557472062434e-06,6.56157483842954e-07,1.50242272734188e-06,-0.000858698590101867,-4.37289016970338e-16,-3.22262380990379e-06,2.40044287210802e-06,-1.64878235257117e-16,4.6022784051949e-17,-7.8317195953291e-05,-1.14693798153217e-10,-8.7285992476309e-07,6.79981611146418e-07,8.53210876939561e-07,-4.58460838571637e-08,-1.11788802715545e-15,-1.53971070117513e-07,1.59357204820686e-16,-5.22725670918404e-07,4.67182716124004e-16,-9.47655355385954e-07,1.55407548534215e-16,7.38319703323805e-07,1.0206370245716e-06,6.05459580394667e-08,7.94592737858968e-07,4.3571010663703e-06,-3.1305729008344e-07,3.15597986709828e-06,9.84637541308114e-08,4.78973211272491e-07,4.41256025769736e-08,6.91909216050258e-07,-0.000391893151934345,-4.78860993986437e-07,-3.93607902021103e-08,-9.50354802744204e-07,1.64626562037415e-16,0.000472122460260631,-0.00846362452056091,1.34191449334734e-07,4.75584419970564e-12,1.78805737149832e-08,4.90762428187258e-07,1.81521711344315e-06,-5.93112417822884e-17,-0.000616546870553169,-2.18872247957725e-07,3.33248519883922e-17,-2.90266221380024e-07,4.49053693758076e-06,5.74601511791252e-18,2.6975032863588e-16,-3.35199123576293e-05,-1.27008624647314e-07,-7.23339233136127e-10,-1.00270344810425e-06,2.66658192397338e-07,0.000110099005608892,7.49540805820164e-08,9.15778001259953e-07,-1.54841133763376e-06,4.45390252457045e-16,3.51654854375907e-08,2.19502537435629e-09,6.05372269099296e-09,5.66095626928045e-07,-2.95869652454125e-16,-8.81842708086461e-17,1.86013096159895e-07,1.6620552032129e-16,-2.91704010739597e-16,1.16425835246033e-06,-1.30229103449885e-06,-2.66408913000896e-06,-1.46277014606136e-08,6.7084622573835e-05,4.62609168786415e-07,3.99060900139133e-08,2.20031519828561e-17,1.00205229048505e-07,4.6817410055683e-09,2.1485999823316e-08,-7.87174492525316e-05,9.41461968162531e-06,-1.63834363633575e-17,-6.10686515438912e-17,1.06835495863367e-15,-7.39044061512666e-08,-3.91906313344384e-07,-2.06053601907326e-07,-2.43585795004536e-16,-3.79376109187346e-05,1.12075188214759e-17,-1.45706041392892e-17,4.39114381648231e-06,-9.64071660851826e-08,3.58220397789211e-16,-2.37028838220447e-07,-0.000169958195998269,4.75917957009483e-16,3.63222331888209e-07,1.0214255599998e-17,9.67484104149769e-08,5.64799565091219e-17,9.65051894672003e-08,8.35281246186952e-07,1.08903009786208e-05,2.84265009908642e-08,1.95046185626528e-07,-6.74416504966679e-07,2.67373222604502e-07,-1.09038999862939e-16,1.21342205029721e-05,-1.09270861533536e-06,-1.29405225790658e-16,-9.0138620516206e-08,-2.6424501244773e-07,4.26160871695058e-07,7.02306963557457e-17,1.99351056689336e-07,0.000369526436252333,-5.60728520786099e-17,-6.35101702477344e-07,-1.41108291039105e-07,-1.02345511600827e-05,1.82738846282721e-17,5.95570110810468e-18,1.3159770311862e-07,4.02344401016582e-08,3.25412294376615e-09,-3.6014144603921e-07,2.36335125396865e-08,-8.05442671899833e-18,7.52628895493534e-17,8.62081831104675e-08,5.94164297161563e-10,-3.43918845224144e-17,2.08022806615037e-07,-4.33223957083948e-17,1.18590063999026e-06,-3.96782141633897e-08,-2.31804553205741e-08,-1.53596087993729e-07,-3.50355341203538e-13,1.03766137071714e-16,3.66367664216666e-17,-2.52227590985319e-12,-1.68303147051548e-05,-2.95128028491252e-07,-5.39795735587172e-17,5.08446709965703e-17,-8.33086545125738e-17,6.60261540002944e-07,3.72565762951114e-09,-3.25954835010108e-07,-4.00219413267301e-17,2.7414051931296e-16,-7.00394603425636e-17,-1.2615325355703e-06,4.26002773144533e-07,4.55692104797951e-17,4.68754687775531e-08,-6.28891138543547e-05,-6.06146460044781e-17,-2.05670343821752e-17,-1.21636114207718e-07,-1.24610553364174e-09,-6.01975522235857e-08,4.71077335814246e-16,6.76150506597291e-08,9.8368459860356e-08,1.0539556307051e-07,-9.58829318700729e-08,-3.41347705884115e-07,2.9047863819276e-08,8.02238050319845e-17,-3.19374936658339e-16,-6.04640777314618e-17,5.49042326731601e-07,-7.90885933134278e-07,-2.70419530243522e-08,-2.1200332110132e-08,-1.11622393513132e-16,1.44498670541065e-17,-1.24276065937025e-16,6.43921012249604e-19,-6.7027687871135e-17,2.6107088429116e-06,-7.18948794602326e-17,-1.76067158157903e-16,-1.6296785488702e-08,-3.1331774406523e-17,-1.45872902166928e-08,9.86411899443239e-17,-1.80826445698253e-08,3.13961257198972e-17,-2.18466118665676e-08,-2.73260452653061e-09,-1.72331198802837e-06,5.27835595273184e-18,8.75409828420516e-08,1.46611846475541e-17,1.23938234308317e-07,-5.62383982210834e-06,1.20112057467203e-09,5.96054356254458e-17,1.75172254185032e-07,-3.42833279366102e-17,-4.29758342851721e-08,-2.4255007972441e-07,9.4907509266653e-17,1.24748294896647e-18,4.17772494175784e-17,-2.62873535620652e-15,-8.12994292004651e-10,-1.05825629538904e-08,-2.36194385692825e-09,-9.60140847556684e-18,-1.1182846333653e-17,-3.34803320730392e-05,1.40379344087862e-06,3.7436882430021e-17,-5.87901246792407e-17,-1.07080738737512e-08,2.86470179040565e-17,-7.58413644972802e-08,9.32515486093642e-17,7.14844997996145e-07,-3.0784390470211e-17,7.88565590501939e-17,-3.14163015639312e-17,8.75614647540228e-17,-2.12397995810392e-17,2.32597543310051e-16,9.46301988494147e-08,-6.61773881589246e-07,-1.11855711742015e-16,-6.3454694239683e-08,2.41256142263909e-07,7.18431834279857e-18,4.24026871102027e-16,-3.71429416192682e-17,-1.70336155139424e-16,2.37345618047655e-08,3.79386043697678e-09,1.6891738742926e-16,-6.8502370093915e-17,-4.30585561706102e-08,-1.53587743628744e-07,-3.10943219068911e-06,4.51552019137979e-17,-5.38035913841696e-17,-3.68478140480812e-16,-1.75942144011186e-16,1.5851359927816e-16,9.24664650570608e-17,9.03582411820735e-08,-8.54314951789729e-08,-1.64211283578456e-08,-1.37181018645875e-17,9.5355807034464e-17,-1.9840872415628e-16,3.99864986512011e-17,2.53045903657658e-17,4.18251873904693e-17,2.64083221408722e-17,-2.67869622828145e-17,4.87315661759243e-17,-8.15347544892796e-17,-1.61115111901201e-16,-1.06931963032444e-16,8.41400479410257e-18,2.37268453438977e-18,6.18408412251059e-08,2.85525154662731e-14,2.91961668478219e-16,-5.15234113818387e-15,1.3906180705207e-06,-1.52387025446975e-09,5.50188703095739e-17,-2.25618110223843e-08,1.2688988165091e-06,2.66746359474074e-18,-4.25065460210411e-16,-2.22375930407898e-07,-8.5847184909274e-17,3.11396810638343e-08,-1.11548751879283e-15,-4.02977895894092e-17,1.16227436808349e-17,1.37035582513249e-16,2.76601373778168e-09,-3.79760165057105e-07,-4.8065496715449e-17,1.18825610047989e-16,-4.1532284042092e-17,-1.72493867766522e-17,-6.04984812246911e-17,-3.0072939525052e-18,-3.53256677471775e-17,7.23720358623387e-17,3.12542684055365e-08,-1.69052309851504e-17,3.41141252520931e-17,-1.57479018225746e-17,5.93892796969223e-17,-2.92276698257703e-18,2.86767640799643e-16,-8.90875831706474e-08,1.41811502873955e-17,1.75945572751628e-17,6.63950042318232e-08,5.85916380060089e-17,-1.70257721439372e-16,-1.1315679944949e-17,-1.86182164807556e-16,1.92881998987562e-05,8.26878995002683e-17,-4.06345943295658e-08,5.38389266144992e-17,9.50391263139347e-17,-5.50409241785582e-17,1.05366663473699e-16,6.3300296877364e-17,-9.15258711689789e-17,1.46598436050702e-09,-3.52324472316402e-16,-2.66280548352794e-16,5.7020251312763e-08,-1.8275947136264e-07,-4.08773014773788e-17,1.2788362503058e-07,1.87236015206258e-08,4.75253225946966e-17,2.14522674834814e-17,-3.14251726196112e-17,3.76024507321128e-16,9.72460324558453e-17,-3.12869803423183e-08,-6.59984050469557e-17,1.19718976324428e-16,2.85795628506333e-17,1.25091126172532e-08,-7.94650235585363e-17,6.82613305822755e-17,-1.40149735235578e-16,-1.72656589675769e-17,-5.68926045824943e-09,1.5921104449187e-17,2.25046855457414e-06,4.27259467795344e-17,-1.0669496616072e-16,8.83680648382956e-17,5.41274983207917e-18,1.14211659727136e-17,4.6090305220589e-17,2.23318678221559e-17,-2.04240470670603e-07,-1.83574169544729e-16,1.95151851321477e-17,1.36376053429424e-07,-1.19368629234584e-16,-5.57493402127747e-17,-5.14003050605146e-17,-6.14399366081857e-18,5.32436947599276e-17,2.45022563799287e-17,-8.992823610006e-08,2.51240853516869e-17,1.11411646029428e-16,2.93381219583449e-07,1.25155490761151e-16,1.03533026135463e-18,6.3712659332447e-17,1.11911078347077e-17,-2.39891115240704e-16,6.78186670199177e-17,-3.39485429071645e-17,6.56196707874479e-17,2.31436235549979e-17,-1.51871298621348e-17,2.37757526984852e-17,-1.53323093948405e-07,3.19751673163366e-07,-7.91149824539841e-17,-4.36715466545451e-17,8.97660052376233e-17,-1.61076841860754e-16,-2.48065457064683e-16,1.25242112009103e-16,-4.63681301148188e-18,1.16980293514433e-16,-4.00686715103957e-09,-3.73629658029675e-17,-6.98001713591283e-17,-2.81450434449127e-17,1.28517242962707e-16,5.12093557207881e-09,-1.33997785097979e-16,-5.58942657612423e-09,-2.9498219420385e-17,3.48592111613527e-17,-3.95482925514431e-17,-7.38065326633537e-17,4.10041434956528e-17,1.82384610096385e-16,-1.11027373145984e-17,-5.11296595644772e-18,-1.41414965016461e-17,-7.39038398441268e-17,5.25339531442256e-19,5.7656768718883e-17,-1.307715411911e-16,-9.25508979018412e-17,-3.13403462375621e-17,1.03449364200838e-16,1.00603388584383e-17,1.19557828336305e-16,7.73001318201292e-17,-1.44997073360231e-17,3.68628738645072e-17,3.40707930858142e-16,-6.00829690413206e-17,4.03092606700999e-17,5.38250089521791e-17,3.82668329476298e-10,-1.77788173996041e-17,-2.31559340907463e-16,1.1457661278105e-17,-1.18553891737412e-16,1.3178004063242e-16,1.49762801095216e-17,-5.1443150130123e-17,-1.04886221816499e-17,-2.48543289405152e-17,1.14650354580906e-16,1.01264482910146e-16,-2.55159519371733e-17,2.0343402103769e-16,6.55550997857271e-20,1.25435268887989e-16,8.65256963496995e-17,-7.92061436070608e-17,-4.90125142030433e-09,5.18132385659322e-17,-1.75438231536914e-17,5.5270906719657e-17,-1.16282480746117e-16,1.84354613641457e-17,-3.2047961464595e-17,-1.06205047528337e-17,3.81547136574578e-17,5.7544724250204e-17,1.03338205833369e-09,1.45178521875538e-16,-1.37071631555486e-17,3.3810931180415e-17,-7.55008174895839e-17,3.41961461501704e-17,6.00748741621694e-17,-1.63817721381236e-17,2.82656180354532e-17,-6.36039875316251e-17,-1.85036388717232e-16,4.14528599177526e-17,1.13430137745426e-16,-4.63975809715145e-17,5.18833590325439e-09,-9.97770550078833e-18,5.82771225808293e-17,-3.96879940375601e-18,-5.03069808033274e-17,-1.55817774273192e-08,-4.44007726296392e-17,-3.34939955476516e-17,3.48362955846924e-17,3.58745989898643e-18,5.90525759703284e-17,1.09577536191515e-16,2.2744865309323e-16,-4.406172099143e-18,1.20273325811859e-17,-2.2045172298466e-17,-2.34007902267056e-17,-4.33159889955884e-17,-5.04511679353631e-16,-3.256806418851e-17,-5.43683485955037e-17,-2.2207959600761e-16,-2.58132025296981e-16
"t712",-0.0455201989095235,-0.0707614632051021,0.0249183680116,0.0341029529253444,0.00271239670833994,-0.00117889430739147,0.00657880324672415,0.000119677387765326,4.75211093901427e-05,-0.00016067226961121,-4.20215207924745e-05,-0.00339347443240773,0.00865318453700072,-0.0018519051669869,-0.00237834283752597,-0.00499064849536296,-0.000593563601244542,0.0394737188641606,4.94058022669237e-05,2.59355277163163e-05,-0.000431624658701152,-0.000418807219808233,0.00306965042426028,-0.063962511352299,0.197461069189333,0.000564967499581268,-0.000651014051221902,0.000597447264704689,-0.0103858423674753,0.00455052685395898,-1.28909847693977e-05,2.2892994565458e-05,-0.0101459039567769,-5.84920430236732e-05,-5.15280585656088e-06,-5.74589214097518e-05,-0.100416957817318,-1.12984172853634e-05,-6.07024994891812e-05,-8.85724339230427e-06,-0.000194551663818104,1.2903486318719e-05,-0.000118073827793044,6.87342714991391e-06,-0.000172925029580512,-2.14118979951605e-07,0.00235554331912822,-1.61145949049482e-05,3.48859402583629e-06,-8.97084260882331e-06,0.000128356396243866,-7.01617345067762e-06,9.94193093080572e-09,-2.40269175295002e-05,1.39899281850547e-06,-1.48075368100396e-05,6.10795576529654e-07,-4.11645254216733e-05,1.39728099759311e-05,-1.50557294650712e-05,-1.30285715197748e-05,2.00598661970364e-06,-6.51417821244182e-05,3.46184218754854e-05,-2.44491665108578e-06,9.34265404300371e-05,-3.35599293519685e-07,1.16223737748423e-05,-3.14764205470016e-05,1.2141160373985e-05,-0.000291551831881594,2.17269198546201e-05,-1.03593607859305e-06,-0.00263119012552437,0.00109040034924162,1.15520923226883e-08,-7.96888145461055e-05,1.87445193134054e-06,-6.6357468080662e-06,-7.34256888094432e-06,1.82563969133856e-06,2.59780050075453e-05,-1.27270435616604e-06,-1.53521653977928e-06,-6.90165525439392e-06,-0.00531211129416903,-0.000537567924891903,-7.2487743469523e-06,-2.2351432687379e-06,0.000510780122872603,-8.95451998806811e-06,9.73743457291856e-07,8.66992666444503e-06,-0.00183217285064729,-1.99298763305814e-07,8.66888476455785e-06,0.00186505650652307,4.29352677687094e-05,-6.67576178043405e-05,-2.23844344363092e-05,-2.64538745843439e-05,0.390544512538539,2.46203456376244e-05,1.31693892162608e-06,-7.16421296166777e-07,0.0116761670484486,-1.78710098537939e-05,8.50563142714578e-06,-3.28029348496672e-06,8.37881466528734e-07,3.74378178989943e-06,9.32636084553919e-06,-1.57777071460774e-05,1.45831231695123e-05,-7.44296413508182e-08,2.86760349641233e-06,-4.23469602698018e-06,4.493789873342e-06,-4.55678107627439e-06,1.12255065974806e-05,-4.20119135950748e-05,1.01969961440059e-05,-9.72660412156271e-06,-2.67311159637001e-05,8.7120953881425e-06,-8.39602641967422e-05,8.5333373482082e-06,-2.72940173295023e-06,5.78587709296088e-06,0.000192372307880895,-0.00152313232283049,2.77978079444336e-05,-0.00656043828517779,8.94182087765884e-07,9.50062244364229e-07,4.53210667997211e-06,-3.0682710570283e-08,-2.1096540712021e-05,6.70445404364735e-06,-1.92969134443672e-05,-1.23804786556402e-06,-4.80344259387158e-05,9.42030592688183e-06,6.02074090600507e-07,1.89948677025971e-06,-1.20760892314737e-07,-5.72217930213632e-06,8.95029101409049e-07,5.89900660796598e-08,-1.48730159605978e-07,-2.31568594599167e-05,-6.9712800887412e-07,-1.50408700099711e-05,5.67654907899094e-06,-1.84840041483506e-06,-1.6500705724269e-07,2.5227396556515e-06,-0.017805594756912,3.42056082867414e-07,2.58439605082043e-08,-0.0122563162838561,-1.18039693564292e-05,1.01613505618978e-06,0.000182636760317612,-6.36115438015501e-06,1.95115644314169e-05,1.53436682605497e-07,3.29645135918636e-09,1.72346323927129e-07,3.89788024340539e-07,-1.03519486008035e-05,-1.0681223658289e-06,1.94635842322355e-07,7.58175314479806e-08,2.41003306308876e-06,3.46383265396202e-08,2.22528490619135e-07,-1.15590663039337e-06,-8.24091061473393e-07,-2.64325415663559e-05,1.70285125134363e-05,5.58990208711454e-05,-7.83419887684039e-07,-1.58409969857479e-05,-1.01393934904736e-07,-9.70478640842775e-05,-3.81886436234973e-06,9.70183460580871e-07,4.37040081423718e-06,-3.92003040678506e-05,-1.22031204020726e-07,2.34178451624934e-07,9.43225534152774e-07,4.80626140576285e-06,1.66675975240693e-07,-2.45366221753806e-07,-4.56549431425414e-07,-2.3643561717115e-06,2.80466707344109e-07,1.33685266733746e-07,1.343409983401e-07,2.42369070147232e-05,-4.48870328345844e-09,-0.0406210693520242,0.000103955408425687,0.000144456520898738,-3.22320052579178e-07,-1.91652628063824e-06,-1.49436947927766e-06,-2.6805515022723e-05,-1.17547821055189e-05,4.2757578809761e-05,-0.000258966172320871,-7.9321717014058e-07,-5.071637027761e-07,-6.92343679711724e-07,1.1285356377961e-06,9.89624406865381e-08,-1.88564095492056e-07,-9.56572581180081e-07,-5.24627609113091e-06,4.34282340111315e-05,1.68394150506252e-06,5.47533924004378e-06,-1.41714204989596e-06,-7.27167437856329e-07,-7.67858652824284e-06,-5.40434647532744e-07,-8.56869678946511e-07,-6.89762246725897e-07,1.4744410296843e-05,4.89656642659807e-06,2.36490535616588e-07,3.96123794849395e-07,-2.11959542102193e-08,-3.50389529807187e-07,-1.83583794500976e-06,5.87010045363793e-18,-2.80160268461896e-07,2.11235036409584e-05,-6.12604657978862e-07,-1.1297865569586e-05,-1.85002019458505e-06,2.21432124529001e-06,-3.7477343507069e-07,1.3710619979464e-05,-3.13721820754317e-08,2.09979146964289e-09,-5.44238336473607e-06,5.06047009150445e-06,-1.60597089583121e-07,2.20806506775124e-05,-1.05448111417136e-06,4.57666494052166e-07,-3.1762673642936e-08,0.000392294805624881,-0.000416981946270216,2.74829034960384e-05,1.03122279050552e-06,-2.2179240189886e-07,5.87962481349364e-06,-1.22885508834675e-06,0.000147533344632235,-0.000136596613818228,1.1083804600662e-06,-3.92079545650191e-07,0.000510771350939994,0.00119413413136287,-0.107131289572966,-1.70037761492507e-06,-4.90362427122349e-07,5.5392686364612e-07,-7.03354233774294e-05,1.15326106537789e-05,-2.30315471204562e-06,4.50446945620276e-05,-1.50979540980441e-05,-0.019790121292425,-2.85172347835113e-06,1.52484653174948e-06,-4.84600699636624e-07,-3.08314942651994e-17,9.87050293629935e-07,3.30526715713229e-08,-4.90541483837239e-05,0.000118460935114668,-3.22959230493981e-08,1.88564732688594e-08,4.28064510746188e-07,-3.35270252248769e-08,2.60941509626893e-07,-6.79212457485431e-07,-2.23692399922955e-08,1.47964522574332e-08,-1.81863363987961e-07,2.12945815111343e-07,-1.57150713954788e-05,5.30212320012992e-08,-4.79396788031529e-07,-2.36398700880065e-09,-2.0291450106993e-08,-4.45777277664357e-08,2.44200897507622e-08,5.41163866600699e-08,-5.11294180288465e-09,1.30899008635419e-08,-5.39014312641192e-08,6.21698166816157e-09,5.7744049718885e-09,4.6150941574368e-08,-1.27804789315116e-07,-6.98450647785412e-09,9.79331451676802e-08,-4.22933479372074e-08,1.06603742091293e-09,1.02056768103696e-08,-2.06967222668339e-08,2.40814966269156e-16,5.40929275740804e-11,1.1026450007581e-05,-1.53581009272943e-08,1.12673914672831e-08,1.60269633631518e-08,2.82389122644889e-09,6.01575875172364e-09,-7.74101180515776e-08,1.94448478699482e-08,9.07324707616694e-16,6.5620657101109e-09,1.19270239728512e-10,6.152290328637e-10,-4.52615879516185e-06,-9.91304830409919e-09,9.0207416926098e-10,4.88805594886777e-08,-1.6041306967929e-08,1.25885638439285e-06,-2.06457040330636e-07,5.10367777426279e-08,1.02882106216832e-07,5.81817785600637e-09,6.48105508832802e-09,1.25371845459808e-07,-3.05574285831795e-05,1.55774212079644e-07,-1.17213976454896e-16,5.30639037619184e-06,-4.66537244882877e-07,-2.14972731032139e-08,-1.67510635181564e-07,8.32535740517954e-07,4.43616265182967e-06,-4.14446040905248e-05,0.000358797740536691,1.06586044254741e-06,1.38646853756685e-15,7.65266496413212e-06,0.517818137301856,-2.76378757314838e-06,1.31328458549268e-14,2.62911343938946e-06,2.38280427540195e-05,-3.45879395631145e-06,-1.67527288650886e-06,-4.87556843618005e-07,-2.38783990462402e-07,-8.02005992709894e-06,1.90772400286947e-07,1.99394028648328e-06,0.000115759548483233,3.27009647978251e-07,3.27803580504127e-06,-1.12127090313006e-15,-1.06758160582785e-06,4.87108739654882e-07,2.97500678362847e-06,-2.7758227275384e-07,-2.67480485144628e-16,-2.35627159700798e-07,2.71623024164632e-07,-9.02316271940272e-08,-7.87846289313914e-08,-1.95276183375856e-07,1.39217721566368e-06,-2.51854070067187e-06,3.17460385187564e-07,2.40747235894917e-16,1.08383632781964e-06,-1.43878530006758e-06,6.31358471252856e-06,1.3027627066538e-06,-1.3226914003327e-07,-8.84926869931575e-10,2.08166817117217e-16,-1.41784718282682e-16,-8.38566818441372e-10,-7.3512582229426e-07,9.67446084778357e-08,-1.38382004587119e-07,1.28703309276914e-16,-6.41923374115899e-08,-7.51218961635027e-10,8.82001122335488e-17,-1.44161562288591e-16,3.56231011999347e-16,1.55435062453087e-07,4.57201331590018e-07,-6.5581745671069e-07,3.86163389523458e-07,1.92554944053515e-07,4.399794972818e-07,-0.000251412014222987,1.68282949555431e-17,-9.40528969843773e-07,6.99975712363824e-07,3.74151305732834e-16,1.34826736680779e-16,-2.27863484926364e-05,-3.33598699247872e-11,-2.53802233697424e-07,1.9769294235389e-07,2.48030042924998e-07,-1.33275390843446e-08,-4.68675715720985e-16,-4.47599584971051e-08,-1.84054969696749e-16,-1.51967848010061e-07,2.29525599915181e-15,-2.75527992676792e-07,3.39690382597173e-16,2.14697603455398e-07,2.96804352983567e-07,1.7618678032897e-08,2.31265577862204e-07,1.26823085021025e-06,-9.1155760006804e-08,9.1927666424232e-07,2.87067337730746e-08,1.3964403078003e-07,1.28686985582997e-08,2.01905779496649e-07,-0.000114454484185285,-1.39958993478932e-07,-1.15112626951992e-08,-2.78022571928484e-07,5.02579910040461e-17,0.000138254880211372,-0.00248093171557268,3.94535074847191e-08,1.39810961580972e-12,5.26183593952628e-09,1.4462257961709e-07,5.35251039236647e-07,2.21953997941548e-16,-0.000181857785289368,-6.46405766384847e-08,1.84148775783499e-16,-8.57796569708634e-08,1.33219088199174e-06,-7.29581741936295e-18,-5.15527055818971e-17,-9.95962080098705e-06,-3.77427699791148e-08,-2.15093035230247e-10,-2.98396277881338e-07,7.94950004285611e-08,3.28272569515171e-05,2.23532340339083e-08,2.73755462674205e-07,-4.63770661764975e-07,4.55581752878409e-16,1.05403221599671e-08,6.58008970001827e-10,1.8155511068507e-09,1.69866896441357e-07,1.43015243181559e-16,-3.04991504960731e-16,5.58575863206056e-08,5.79303948071941e-17,1.58305130469754e-16,3.51242583651923e-07,-3.93202268794545e-07,-8.04385198771124e-07,-4.42443436710985e-09,2.02959102446521e-05,1.39965825504206e-07,1.20778734099854e-08,7.02921142255e-17,3.04347899144016e-08,1.42303036370677e-09,6.53236193517419e-09,-2.39620364503927e-05,2.87236197705417e-06,1.52887468363887e-16,2.57540865715754e-16,2.07866152219099e-16,-2.26217895986377e-08,-1.20130753489251e-07,-6.31682715086984e-08,-2.8190199070493e-17,-1.16461771054489e-05,2.63785333178537e-16,-3.62018669251184e-17,1.35616442527924e-06,-2.97767263523831e-08,4.44089209850063e-16,-7.33184674225196e-08,-5.26174691307064e-05,-8.66832726651699e-16,1.1264960161977e-07,1.47827156087334e-16,3.00696899799281e-08,1.15978846661893e-15,2.9999860109092e-08,2.59696416093824e-07,3.38646182222955e-06,8.84161317098255e-09,6.06980482773109e-08,-2.10294225644228e-07,8.36031799421223e-08,-3.99578517489669e-16,3.8073386126714e-06,-3.42984745240861e-07,9.21263685997443e-16,-2.83071096121699e-08,-8.30580483293419e-08,1.34060400018846e-07,-2.36594656052716e-16,6.28850266810957e-08,0.000116630590251789,-9.69901746529616e-16,-2.00598211443528e-07,-4.45853937128239e-08,-3.2380950519032e-06,-1.04223092192993e-15,-8.24620474338846e-16,4.17680945310876e-08,1.27873720231335e-08,1.03451769853145e-09,-1.15170174897194e-07,7.56506785691806e-09,5.3246892055665e-15,-4.58080565933257e-16,2.76134734865275e-08,1.90334019753892e-10,-1.05916258575856e-14,6.67123294214114e-08,1.62722522442866e-14,3.80726599495945e-07,-1.27573730511199e-08,-7.45378906742186e-09,-4.9410045585783e-08,-1.10782121915508e-13,8.48539925986452e-15,-1.98550032230996e-14,0.707106781197175,-5.43433992843996e-06,-9.53230532027887e-08,4.25835547903142e-14,-3.27434184572565e-14,-2.48919769125981e-14,2.1349335410598e-07,1.20526194017362e-09,-1.05584485483601e-07,-8.45012988646259e-15,5.82433407059213e-16,-1.54833828050482e-14,-4.10454962516732e-07,1.38626338970812e-07,1.43030458351806e-15,1.5280237276826e-08,-2.05146020922113e-05,-6.5956485873953e-15,-2.47714125112636e-15,-3.97434281510882e-08,-4.07207792324358e-10,-1.96906278025971e-08,3.35866672044368e-15,2.21527422530843e-08,3.22572873001445e-08,3.46046996732894e-08,-3.1535007332695e-08,-1.12317374258354e-07,9.56611672615066e-09,3.76053360896087e-16,1.5870174682967e-16,8.91260238487872e-16,1.81695496381361e-07,-2.61748772092489e-07,-8.95527052439321e-09,-7.04282471092037e-09,4.86048704977675e-16,-1.49780983542492e-16,-5.1241618047453e-16,5.23074427730604e-16,9.64874635988966e-16,8.70143898694155e-07,6.86602623044883e-17,1.30305764542929e-15,-5.43869065841049e-09,4.85878409211923e-16,-4.86851871374141e-09,7.93651228779277e-17,-6.03579440581249e-09,-2.22802162834469e-18,-7.30850692194597e-09,-9.14645582987790e-10,-5.77289713894502e-07,-1.53648211376668e-16,2.93546644382072e-08,-9.83652542283507e-17,4.16511057678654e-08,-1.8953940985068e-06,4.0486229508802e-10,-1.35574486364769e-16,5.91139737899147e-08,-5.35787560658087e-16,-1.45293774709919e-08,-8.20093285920979e-08,-4.42316006776921e-16,3.65872569313537e-16,4.4781332481399e-16,-8.16188898017419e-16,-2.75300665443996e-10,-3.58496688468043e-09,-8.00508616550841e-10,2.40036705352098e-16,-5.18103516304912e-16,-1.13724380956368e-05,4.7688099394979e-07,-9.57217252765053e-16,-1.53082824995082e-16,-3.64773484419532e-09,3.20071956780308e-16,-2.58508737725601e-08,1.4722287467586e-16,2.44076224836174e-07,-2.12977266834209e-16,-1.99381076021922e-16,9.9738347952212e-17,-1.97718711767707e-16,4.46475216585813e-17,3.71536758806072e-17,3.2423008783885e-08,-2.26752940836473e-07,1.32748539544308e-16,-2.17687491544961e-08,8.28072112687195e-08,2.81286675122066e-16,-2.6369834511617e-16,-1.38274562017495e-16,-3.14341374804891e-17,8.16429449812741e-09,1.30568924443265e-09,4.46704273358681e-16,-1.31437180790197e-16,-1.48273650702574e-08,-5.28923793164795e-08,-1.07108946255004e-06,3.88189061254358e-17,1.08546975722259e-16,3.51555999717947e-16,9.60800443477988e-17,1.55868477766893e-16,8.08507183416915e-17,3.12512214333186e-08,-2.95584224097813e-08,-5.6836733074115e-09,-1.01661261224197e-16,6.69689357501167e-17,8.10633610478587e-17,-1.30974727827388e-16,-1.33883472674909e-16,-4.92691174975525e-17,-2.73707157630966e-16,7.97384402226214e-18,-4.01993225163716e-17,6.00748217225806e-17,1.87342962626074e-16,2.100938823787e-16,-3.46170373165467e-16,-1.03290985570801e-17,2.15398537379598e-08,9.9525692228207e-15,1.35218650204795e-16,-1.84168018348938e-15,4.84773140527143e-07,-5.3132799871775e-10,-2.98382021443508e-16,-7.86756728709288e-09,4.42934696632184e-07,4.31422420154242e-16,-4.98419566859103e-16,-7.77241541589148e-08,-1.88945056722653e-16,1.0900898066394e-08,-5.12686952471778e-16,-5.02152083859998e-17,3.39068758113708e-17,-6.1415060643828e-17,9.70672778455899e-10,-1.33290932459056e-07,2.60134155150402e-16,-3.40657863556657e-16,-1.44806469855156e-16,-2.74842157565014e-16,8.89045781438114e-18,-9.42912138528171e-17,3.21615143670276e-16,1.37673610919111e-16,1.10648363065522e-08,-8.37324032383817e-17,1.68566504593525e-16,4.9083012859487e-17,-3.43068858765663e-16,-1.90019680565432e-16,-1.51007266669717e-16,-3.15979597296915e-08,2.76709750513744e-16,3.38003521374667e-16,2.35573119385642e-08,3.1894373877757e-16,1.00078843751032e-16,6.0977889293386e-17,-1.51580787776486e-17,6.87107721621071e-06,-2.11171771455762e-16,-1.44857594903118e-08,8.54485097139088e-18,1.26016503798552e-16,2.07901414723108e-16,1.15961351577955e-16,-6.95299603137385e-17,-2.09313687427304e-16,5.23373502994744e-10,-3.26817690110662e-16,2.21229406566824e-16,2.03798216472135e-08,-6.5324458086725e-08,5.16799587959901e-16,4.57543042910468e-08,6.70098299836988e-09,1.52869451386182e-16,-3.34274085702607e-17,7.29771490501025e-17,1.49034158716598e-16,-1.34574959781506e-16,-1.12477888755526e-08,-5.57133992257534e-17,-2.49672184785481e-16,-7.15095233420545e-18,4.5022894244372e-09,-7.16367652272356e-17,1.73738740484251e-16,-2.01578871283622e-16,-1.57385365615869e-16,-2.0508249723655e-09,1.88582511200304e-17,8.1161736352069e-07,1.73158799900652e-16,1.17865824664047e-16,-2.11606896875183e-16,-1.40069758657043e-18,3.50135155393709e-18,1.04254881011716e-16,3.74762369130384e-17,-7.38428687637983e-08,-1.08790234754773e-16,1.68918643572173e-16,4.93372446234932e-08,-1.86808841294754e-16,4.38592153064572e-17,-2.30989555939756e-16,-8.00709233904281e-17,-5.81213048367063e-17,8.12241743956801e-17,-3.25972615219233e-08,-3.09964213870576e-17,1.2635178275025e-16,1.06438160776192e-07,-2.94471572095917e-16,-1.52536148350443e-16,-1.87530527462521e-16,-3.81597202459834e-17,3.64843596998984e-17,-1.52232485341465e-16,-7.08146885151089e-17,-1.02403026528183e-17,4.2106885238526e-17,-6.55244472091119e-17,6.38240652253415e-17,-5.58053183272931e-08,1.164258384005e-07,8.03332725102057e-18,-1.89248856192519e-16,1.45989655017468e-16,-1.91351935601778e-17,5.10008701937181e-16,8.32579111796601e-17,-1.25297812157078e-16,-3.04694148418184e-17,-1.46191208398869e-09,2.00731197143915e-17,1.58490810284803e-17,-1.81419797583088e-17,-2.87752220436161e-18,1.87160039863245e-09,2.3117151534115e-16,-2.04679314544465e-09,-1.19866875398634e-16,-2.45468411235955e-17,7.94948611258724e-17,-1.0537893031909e-16,-1.01463729005181e-16,8.03335831362693e-17,9.38981078225072e-17,-1.13206445517053e-16,-3.70672659634832e-17,2.77935806507632e-17,-2.14815943083639e-18,-2.14504995021998e-16,1.95297029136382e-16,1.67663995232636e-16,-4.40920154924661e-17,5.97727497151912e-17,-2.18349720769719e-16,6.99957961890189e-17,7.36809020750395e-17,-1.84286393839476e-16,7.58941520739853e-18,1.02593718847827e-16,1.36975105562392e-16,3.96587132014322e-17,1.29461218836529e-17,1.41133907325656e-10,1.01137319563764e-16,5.16403058132769e-16,-6.42394161667917e-17,-1.91739090713433e-16,-3.15798364527698e-17,-3.08685347479268e-17,1.81396519531995e-17,1.67934998861959e-16,1.66555310634858e-17,-1.32610123053046e-16,6.09538461371351e-16,1.70920426547281e-17,1.12622803686143e-16,-1.56380098288727e-16,-1.46891386796652e-16,-3.67038604021655e-17,-2.75492948943102e-17,-1.81637323150872e-09,5.89149297132717e-17,-1.00827761373414e-16,-2.17850574235266e-17,7.75520875971902e-17,-1.3253454723363e-17,-6.30904637681145e-17,2.24436629741921e-17,3.16415328104833e-17,5.98642615619274e-17,3.84865008739842e-10,5.50948965765106e-16,1.50275945635176e-17,-3.9933803032254e-17,1.79270026519767e-17,-4.45133963307263e-17,2.70377269848645e-17,3.30131667175839e-17,1.38976047818784e-16,-6.47070811928606e-18,4.04044769269956e-18,1.93643523604918e-17,-2.32157660646819e-18,6.62777917632187e-17,1.94190278486907e-09,5.63842019090513e-17,-1.199388141996e-16,-1.67324351681303e-16,-2.22044604925031e-16,-5.84542725708657e-09,3.11181671641469e-17,1.21407613585411e-16,-3.04967706274913e-17,-6.84755918251494e-17,-1.00632236307787e-16,-7.24179747196938e-17,4.41927353087927e-17,4.14693606350311e-17,-9.83677064354784e-17,-6.6523753841093e-17,2.42460164793928e-17,1.80056040713524e-16,-2.81962876274273e-16,1.4833799826106e-17,-3.72785359732395e-17,1.69269237923348e-16,-2.68294144096837e-16
"t292",-0.0455201989095252,-0.0707614632051077,0.024918368011602,0.0341029529253482,0.00271239670834034,-0.00117889430739164,0.0065788032467252,0.000119677387765363,4.75211093901402e-05,-0.000160672269611224,-4.2021520792431e-05,-0.00339347443240908,0.00865318453700407,-0.00185190516698763,-0.00237834283752692,-0.00499064849536511,-0.00059356360124487,0.0394737188641788,4.940580226699e-05,2.5935527716292e-05,-0.00043162465870136,-0.000418807219808446,0.00306965042426248,-0.0639625113523438,0.197461069189472,0.000564967499581703,-0.000651014051222469,0.000597447264705081,-0.0103858423674833,0.00455052685396315,-1.28909847693732e-05,2.28929945655111e-05,-0.010145903956788,-5.84920430237096e-05,-5.15280585659205e-06,-5.74589214098218e-05,-0.100416957817449,-1.12984172853624e-05,-6.07024994893105e-05,-8.85724339231912e-06,-0.000194551663818455,1.29034863187464e-05,-0.000118073827793249,6.87342714993542e-06,-0.0001729250295806,-2.14118979959516e-07,0.00235554331913197,-1.61145949049361e-05,3.48859402587034e-06,-8.97084260885997e-06,0.000128356396244084,-7.01617345071495e-06,9.94193092790901e-09,-2.40269175294985e-05,1.3989928185676e-06,-1.48075368100685e-05,6.10795576486861e-07,-4.11645254217199e-05,1.39728099759524e-05,-1.50557294651331e-05,-1.30285715197941e-05,2.00598661969212e-06,-6.51417821245855e-05,3.46184218755812e-05,-2.44491665110032e-06,9.34265404303055e-05,-3.35599293473207e-07,1.16223737749027e-05,-3.14764205471114e-05,1.2141160374026e-05,-0.000291551831882503,2.17269198545611e-05,-1.03593607866089e-06,-0.00263119012553324,0.00109040034924535,1.15520923221932e-08,-7.96888145464202e-05,1.87445193135271e-06,-6.63574680817833e-06,-7.34256888097099e-06,1.82563969134669e-06,2.59780050076438e-05,-1.27270435618046e-06,-1.53521653980105e-06,-6.90165525436353e-06,-0.00531211129419133,-0.000537567924894199,-7.24877434702303e-06,-2.23514326877789e-06,0.000510780122874806,-8.95451998806563e-06,9.73743457312673e-07,8.66992666449417e-06,-0.00183217285065571,-1.99298763318587e-07,8.66888476457978e-06,0.00186505650653203,4.29352677689533e-05,-6.67576178046535e-05,-2.23844344365854e-05,-2.64538745845981e-05,0.39054451254053,2.46203456377719e-05,1.31693892161118e-06,-7.16421296144593e-07,0.0116761670485134,-1.78710098539117e-05,8.50563142720324e-06,-3.28029348502237e-06,8.37881466378898e-07,3.74378178995725e-06,9.32636084558013e-06,-1.57777071461553e-05,1.45831231696025e-05,-7.44296413756132e-08,2.86760349639141e-06,-4.2346960270248e-06,4.49378987335851e-06,-4.55678107625346e-06,1.1225506597529e-05,-4.20119135953566e-05,1.01969961440846e-05,-9.72660412164056e-06,-2.67311159638465e-05,8.71209538816505e-06,-8.39602641973673e-05,8.5333373483383e-06,-2.72940173291199e-06,5.78587709300889e-06,0.000192372307882188,-0.00152313232284101,2.77978079447069e-05,-0.00656043828522421,8.94182087779167e-07,9.5006224437758e-07,4.53210668006102e-06,-3.06827105493891e-08,-2.10965407122188e-05,6.70445404367311e-06,-1.92969134445e-05,-1.23804786571833e-06,-4.80344259391298e-05,9.42030592689484e-06,6.0207409058685e-07,1.89948677024904e-06,-1.20760892259328e-07,-5.72217930219795e-06,8.95029101362762e-07,5.89900660492577e-08,-1.48730159624719e-07,-2.31568594599499e-05,-6.97128008910111e-07,-1.5040870010104e-05,5.67654907899121e-06,-1.84840041483739e-06,-1.65007057179965e-07,2.52273965574335e-06,-0.0178055947570735,3.42056082903182e-07,2.58439605214432e-08,-0.0122563162839703,-1.18039693565135e-05,1.01613505616656e-06,0.000182636760319356,-6.36115438024534e-06,1.95115644315648e-05,1.53436682592724e-07,3.29645135221018e-09,1.7234632382663e-07,3.89788024259726e-07,-1.03519486008793e-05,-1.06812236588138e-06,1.94635842093026e-07,7.58175313857691e-08,2.4100330631969e-06,3.46383265823666e-08,2.22528490651468e-07,-1.15590663038355e-06,-8.24091061491116e-07,-2.64325415666332e-05,1.70285125136933e-05,5.58990208717989e-05,-7.83419887739228e-07,-1.58409969859251e-05,-1.01393934910405e-07,-9.7047864085324e-05,-3.81886436228329e-06,9.7018346056676e-07,4.37040081432854e-06,-3.92003040683271e-05,-1.220312041317e-07,2.34178451669186e-07,9.43225534221116e-07,4.80626140577354e-06,1.66675975312142e-07,-2.45366221761835e-07,-4.56549431333679e-07,-2.36435617165469e-06,2.80466707352116e-07,1.33685266832609e-07,1.34340998361473e-07,2.4236907015065e-05,-4.48870333485428e-09,-0.0406210693525801,0.000103955408427121,0.00014445652090072,-3.22320052460139e-07,-1.91652628106324e-06,-1.49436947932874e-06,-2.68055150231552e-05,-1.17547821057794e-05,4.27575788103395e-05,-0.000258966172324753,-7.93217170218194e-07,-5.07163702844117e-07,-6.92343679665245e-07,1.12853563784539e-06,9.89624406702624e-08,-1.88564095489488e-07,-9.56572581179034e-07,-5.24627609124902e-06,4.34282340118316e-05,1.68394150500029e-06,5.47533924003089e-06,-1.41714204990906e-06,-7.27167437862711e-07,-7.67858652846225e-06,-5.4043464762289e-07,-8.56869678903943e-07,-6.89762246751316e-07,1.47444102970343e-05,4.89656642664789e-06,2.36490535585504e-07,3.9612379487014e-07,-2.11959542655691e-08,-3.50389529868446e-07,-1.83583794498587e-06,7.85172962240096e-17,-2.80160268471582e-07,2.11235036408908e-05,-6.12604657956482e-07,-1.12978655697881e-05,-1.85002019458893e-06,2.21432124539263e-06,-3.74773435087532e-07,1.37106199798315e-05,-3.13721819720499e-08,2.09979140125045e-09,-5.4423833648635e-06,5.06047009164883e-06,-1.60597089605193e-07,2.20806506778311e-05,-1.05448111420637e-06,4.57666493818732e-07,-3.17626741206355e-08,0.000392294805633298,-0.00041698194627932,2.74829034965313e-05,1.03122279063366e-06,-2.21792401951318e-07,5.87962481357114e-06,-1.22885508823977e-06,0.000147533344635595,-0.000136596613821356,1.10838046012561e-06,-3.92079545454894e-07,0.000510771350952091,0.00119413413139125,-0.107131289575516,-1.70037761478388e-06,-4.90362427015015e-07,5.53926863818394e-07,-7.03354233790928e-05,1.15326106545226e-05,-2.3031547120948e-06,4.50446945631671e-05,-1.50979540984328e-05,-0.0197901212929312,-2.85172347852656e-06,1.52484653179499e-06,-4.84600699535784e-07,-2.76717165902918e-17,9.87050293646062e-07,3.305267154116e-08,-4.90541483846671e-05,0.000118460935117876,-3.22959230177776e-08,1.88564732730505e-08,4.2806451072012e-07,-3.35270252811505e-08,2.60941509583969e-07,-6.79212457550366e-07,-2.2369239737766e-08,1.47964522842482e-08,-1.81863364005397e-07,2.12945815094846e-07,-1.57150713959218e-05,5.30212320376801e-08,-4.79396787667671e-07,-2.36398719022179e-09,-2.02914500243042e-08,-4.45777279014606e-08,2.44200896967944e-08,5.41163868532403e-08,-5.11294178034445e-09,1.3089900813732e-08,-5.39014310802764e-08,6.21698165811601e-09,5.7744047740768e-09,4.61509416851568e-08,-1.2780478925301e-07,-6.98450671213595e-09,9.79331453213377e-08,-4.2293347943051e-08,1.06603726484749e-09,1.02056766944803e-08,-2.06967223731492e-08,1.88624464630148e-16,5.40930664796422e-11,1.10264500079513e-05,-1.53581008128026e-08,1.12673916466543e-08,1.60269632207429e-08,2.82389113345412e-09,6.01575881108964e-09,-7.74101181856588e-08,1.94448478354014e-08,7.22576527002375e-16,6.56206582169306e-09,1.19270178001769e-10,6.15228930971349e-10,-4.52615879556015e-06,-9.91304822753205e-09,9.02073930490932e-10,4.88805594418227e-08,-1.60413067982173e-08,1.25885638461938e-06,-2.06457040464963e-07,5.10367776737878e-08,1.02882105958185e-07,5.81817784126016e-09,6.48105539353093e-09,1.25371845514544e-07,-3.05574285846163e-05,1.55774212035121e-07,1.77204911968629e-16,5.30639037660229e-06,-4.66537247455906e-07,-2.14972729247682e-08,-1.6751063508674e-07,8.32535740722974e-07,4.43616265227588e-06,-4.1444604092308e-05,0.000358797740555014,1.0658604425626e-06,1.55907455906731e-15,7.6526649644124e-06,0.517818137328687,-2.7637875732093e-06,1.32543528777328e-14,2.62911343956786e-06,2.38280427553425e-05,-3.45879395652407e-06,-1.6752728867843e-06,-4.87556843722052e-07,-2.38783990438043e-07,-8.02005992758758e-06,1.90772400188169e-07,1.99394028658635e-06,0.000115759548489602,3.27009648271799e-07,3.27803580537864e-06,-1.04927157332674e-15,-1.067581605275e-06,4.87108739635682e-07,2.97500678385051e-06,-2.7758227268021e-07,-8.833740493191e-17,-2.35627159932811e-07,2.71623023899653e-07,-9.02316270789174e-08,-7.87846288772749e-08,-1.9527618346351e-07,1.3921772156462e-06,-2.51854070079483e-06,3.1746038551818e-07,-4.81068629650942e-17,1.08383632798457e-06,-1.43878530084376e-06,6.3135847127961e-06,1.30276270688188e-06,-1.32269140077742e-07,-8.84926809629725e-10,2.84494650060196e-16,-7.67726772234077e-17,-8.3856707549767e-10,-7.35125821402422e-07,9.67446083826375e-08,-1.38382004853139e-07,-9.17782586605631e-17,-6.41923372873253e-08,-7.51219038745188e-10,2.88093574205584e-16,-2.20586692629562e-16,3.11898591607542e-16,1.55435062581699e-07,4.57201331411862e-07,-6.55817456785066e-07,3.86163389593524e-07,1.92554944031574e-07,4.39979497051138e-07,-0.000251412014244405,2.37173742772809e-16,-9.40528970230754e-07,6.99975712399039e-07,3.72198495977674e-16,1.97538977815789e-16,-2.27863484947181e-05,-3.3359634585619e-11,-2.53802234124855e-07,1.97692942572155e-07,2.48030042874328e-07,-1.33275390238399e-08,-3.73902893318871e-16,-4.47599585018014e-08,-5.04799405880358e-17,-1.51967848022856e-07,1.29616369720642e-15,-2.75527993907398e-07,-9.39625439860546e-17,2.14697603632702e-07,2.96804353271467e-07,1.76186780476012e-08,2.31265577747212e-07,1.26823085064333e-06,-9.11557580728288e-08,9.19276664382296e-07,2.87067340543026e-08,1.39644030933781e-07,1.28686982645645e-08,2.01905780129882e-07,-0.000114454484198554,-1.39958993920535e-07,-1.15112625359152e-08,-2.78022571805884e-07,-8.24644629100136e-18,0.000138254880228151,-0.00248093171587711,3.94535067983749e-08,1.39742608580662e-12,5.26183640928899e-09,1.44622579729811e-07,5.35251039192863e-07,8.79484259299327e-17,-0.00018185778531417,-6.46405764829273e-08,-6.86221371884121e-17,-8.57796567141863e-08,1.33219088219856e-06,-9.42580396677662e-17,-6.52626844915239e-16,-9.95962080243273e-06,-3.77427702332773e-08,-2.15093094258895e-10,-2.98396277483749e-07,7.9495000403021e-08,3.28272569570002e-05,2.23532341309151e-08,2.73755463146124e-07,-4.6377066170383e-07,-8.94033111431547e-16,1.05403221751497e-08,6.58009147600317e-10,1.81555071298319e-09,1.6986689690291e-07,8.10272853116509e-17,2.45717994251281e-16,5.58575863980006e-08,-4.48037576924434e-16,6.22064039158871e-16,3.51242583281244e-07,-3.93202268766166e-07,-8.04385199258177e-07,-4.42443478329384e-09,2.02959102485918e-05,1.39965825585811e-07,1.20778737063496e-08,1.66599869082893e-16,3.04347891335738e-08,1.42303022748584e-09,6.53236239871339e-09,-2.3962036455763e-05,2.87236197738519e-06,2.28028428740354e-16,1.83776867035047e-17,1.42665063642057e-16,-2.26217888344902e-08,-1.20130753853424e-07,-6.3168272710588e-08,-6.38399105577357e-17,-1.16461771080813e-05,-5.05642455448476e-16,-9.59231351365514e-17,1.35616442663444e-06,-2.97767261732517e-08,-4.18068357710411e-16,-7.33184679082502e-08,-5.26174691475642e-05,4.41273288078633e-16,1.12649602703255e-07,2.03399775614644e-17,3.00696896555055e-08,-9.65565887122517e-16,2.99998595077914e-08,2.59696416713078e-07,3.38646182368523e-06,8.84161348736059e-09,6.0698047483778e-08,-2.10294222654757e-07,8.36031808405011e-08,3.33548906823221e-16,3.80733861519577e-06,-3.42984745451035e-07,-8.28519379021071e-16,-2.83071079301426e-08,-8.3058048005425e-08,1.340604003274e-07,2.52518689909802e-16,6.28850289974213e-08,0.000116630590322844,1.13950700215428e-15,-2.00598212256704e-07,-4.45853952778497e-08,-3.23809505270874e-06,1.14721120149506e-15,7.66476238383607e-16,4.17680949121488e-08,1.2787371579452e-08,1.03451669146148e-09,-1.15170175700669e-07,7.56506409978607e-09,-5.29071936571235e-15,6.75333963869921e-16,2.76134760072115e-08,1.90333259352412e-10,1.0752615013e-14,6.67123303848809e-08,-1.61268558904901e-14,3.80726599596742e-07,-1.27573839336392e-08,-7.4537880972382e-09,-4.94100359437828e-08,-1.14658712523829e-13,-8.32459301399078e-15,1.98626282598494e-14,-0.707106781175921,-5.43433979243938e-06,-9.53230610542707e-08,-4.26009921739483e-14,3.29486255003227e-14,2.445607326505e-14,2.13493342540052e-07,1.20525138972038e-09,-1.05584488533361e-07,8.34805686038214e-15,-1.16215630868721e-15,1.51134530237962e-14,-4.10454960350018e-07,1.38626336320555e-07,-1.45730308935447e-15,1.52802371834233e-08,-2.05146020635121e-05,6.56031883839645e-15,2.43383040210465e-15,-3.97434310557648e-08,-4.07205722119421e-10,-1.96906271490414e-08,-2.17415022809416e-15,2.21527431030791e-08,3.22572875432583e-08,3.46046990103566e-08,-3.15350066080715e-08,-1.12317373554781e-07,9.56611561946116e-09,-5.10822717100799e-16,1.34174241189321e-17,-8.55288661365014e-16,1.81695496481893e-07,-2.61748772293987e-07,-8.95526976598537e-09,-7.04282459981931e-09,-4.49824657674617e-16,3.02450372851608e-16,5.35971342115221e-16,-2.71251393763999e-16,-8.43425539522218e-16,8.70143898161296e-07,-3.99878842000052e-17,-1.36675301790975e-15,-5.43868985040539e-09,-1.98000844071862e-16,-4.86851937092495e-09,-8.67366612115928e-17,-6.03579550972675e-09,-8.78941606666617e-17,-7.3085060554469e-09,-9.14645344887896e-10,-5.77289714138403e-07,3.04910968508062e-16,2.93546644739688e-08,-6.69581655169214e-18,4.16511054054254e-08,-1.89539409785165e-06,4.04862341508174e-10,-2.27913416537105e-16,5.91139727207243e-08,4.29022402952884e-16,-1.45293772198188e-08,-8.20093287665576e-08,3.24580124469936e-16,-4.12989450028507e-16,-5.42083139124039e-16,-1.12135523677883e-15,-2.75301051402398e-10,-3.58496708740853e-09,-8.0050843638215e-10,4.10870379382617e-19,5.60324565403298e-16,-1.13724380926009e-05,4.76880996390545e-07,1.02814720787588e-15,1.61603192429825e-16,-3.64773532629202e-09,-3.50018844712468e-16,-2.58508741281655e-08,-1.94967382889516e-16,2.44076224608463e-07,3.14049295563253e-16,-3.39143502205956e-18,-7.87083400768489e-17,-1.08335475820337e-16,-1.03799030854751e-17,4.82875965253129e-16,3.24230088280495e-08,-2.26752940839873e-07,-1.18684773122099e-16,-2.17687494216169e-08,8.28072114380896e-08,-3.70147207065461e-16,3.15785064067474e-16,2.46879053904632e-16,3.26781926323369e-17,8.16429444602527e-09,1.30568879127933e-09,-5.97262289275839e-16,1.41174685301262e-16,-1.48273648579798e-08,-5.28923793572888e-08,-1.07108946277178e-06,2.42730832689631e-16,-9.64677454488698e-18,-1.3784441266562e-16,2.32503020429363e-16,1.07334167071787e-17,-4.06752105232966e-17,3.1251221899016e-08,-2.95584223170871e-08,-5.68367289805454e-09,1.16464480504308e-16,2.67117452116703e-16,1.44003355453306e-16,7.07554712258632e-17,5.19620078976685e-17,-1.51238253612411e-16,1.79319898452668e-17,3.08922869716138e-17,5.09865340221936e-17,1.65890788407177e-17,-1.56741921605389e-16,-2.58259711578272e-16,1.85204332273547e-16,-8.22193261394253e-17,2.15398536303253e-08,9.97148300836097e-15,-1.54480175838027e-16,-1.76955609949686e-15,4.84773140536866e-07,-5.3132782638838e-10,2.73434179900709e-16,-7.86756700627582e-09,4.42934696779009e-07,-2.89217207781371e-16,2.41764898716562e-16,-7.77241543367189e-08,9.28689305414317e-17,1.09008978461565e-08,-2.06227093896545e-16,1.79862944234889e-17,1.6467966274267e-17,-1.16059515406082e-17,9.7067279520844e-10,-1.33290932361479e-07,-9.12015262812944e-17,1.06108385316844e-16,1.8958193032512e-16,-5.2716240239953e-17,-2.35488711863852e-16,-1.03689022719211e-17,-3.08167694933648e-16,8.5912847274609e-18,1.10648362094084e-08,1.64350851551548e-16,-2.48813511839581e-16,-4.00524818166406e-17,1.74052583669096e-16,4.89340208332107e-17,1.26763635854875e-16,-3.15979599414827e-08,-1.72517004927526e-16,-2.34646832026578e-16,2.35573118229326e-08,-2.64696271935689e-16,7.38639407590308e-17,-8.95990269451603e-17,8.55665406985291e-17,6.87107721528898e-06,2.03828760601458e-16,-1.44857593295621e-08,-9.32939116556589e-17,-1.19036686266685e-17,-2.72474740382343e-16,-3.12979521043411e-16,8.72394550496807e-17,1.54652934077351e-16,5.23373550699963e-10,5.95929230744592e-17,-3.92509307899276e-16,2.03798216687031e-08,-6.53244581221809e-08,-3.45879422443563e-16,4.57543040987923e-08,6.70098308651265e-09,-3.47359972953855e-16,-2.17722034730988e-17,-5.19404772507202e-17,1.51019762324041e-16,2.46429054858927e-16,-1.12477888068341e-08,-1.79977401730477e-17,-5.12191415072965e-17,-1.91337029936566e-16,4.50228951134172e-09,2.18521814762907e-16,-3.45627686163182e-17,2.66237678542297e-16,1.36000207127251e-16,-2.05082505247113e-09,7.62990251547127e-17,8.11617363456353e-07,-1.66980861899154e-16,2.90308177854578e-16,2.784295798351e-16,-2.59604909050186e-17,-8.01741980645352e-17,-3.13883205206476e-17,-6.82365832715601e-17,-7.38428689695188e-08,-6.51642070101151e-17,-9.90559185333299e-17,4.93372447498426e-08,8.43504174502477e-17,-3.59491617633034e-17,6.02482810412044e-17,7.39025402804379e-17,-4.94681937508593e-18,-1.66216351611348e-16,-3.25972617466352e-08,5.89179041519972e-18,-1.4124121378981e-16,1.0643816078969e-07,-2.19442569350346e-16,1.26356044365607e-16,1.54160478601775e-16,4.94451527651389e-17,1.19241872412139e-16,1.87568966091999e-16,1.87466664666635e-17,-1.0623795889615e-16,1.20013130479593e-17,7.12184315089231e-17,-1.41401105506996e-16,-5.5805318283565e-08,1.1642583901575e-07,9.07888172163369e-17,3.49752232392657e-16,-1.94965654909319e-16,9.64205196305861e-17,1.17961196366423e-16,-6.97091715142921e-17,-3.83683538113769e-17,9.45021720238067e-17,-1.46191214060537e-09,7.99332122746537e-17,-8.64968594833497e-18,-8.93599415014781e-17,2.70198880767591e-17,1.87160039680788e-09,-1.1257095214662e-16,-2.04679297852981e-09,4.1586265160548e-17,-8.44286082721512e-17,-2.72952338532983e-17,8.9029552128901e-17,9.91014133779655e-17,3.26237756323367e-18,-5.14963008019663e-17,1.41461212927163e-16,-4.98075539597034e-17,-8.76657793071213e-18,7.58971559493645e-17,1.7257337551793e-16,1.46247318043945e-16,2.24089554270395e-17,5.7037181236797e-17,-3.92799445104437e-17,2.21012553740964e-16,-1.31113566936779e-16,-6.65670950926231e-17,1.72099264525705e-17,2.28549817959944e-16,1.01856623945174e-16,-2.26872168631526e-17,-1.6651637182126e-17,1.27511129128189e-16,1.41133916876011e-10,-1.23438916185158e-16,-2.57473347533055e-16,1.83298367944759e-17,-1.01678849220245e-16,-1.03328036816747e-16,9.957586139159e-18,8.79548713322176e-17,4.98933035267535e-17,-7.01868129078543e-17,1.4231713379724e-16,-3.6949610038306e-16,9.97486739184791e-17,-1.72224517851388e-16,-8.47442306698392e-17,-1.75527598175246e-17,5.80640113280228e-17,6.02644016134772e-17,-1.8163732245456e-09,1.66464638716868e-17,1.73028677424532e-17,-1.08247708503298e-17,2.40346251961549e-17,6.95278642902012e-17,-2.56610990528547e-17,1.42366316001247e-17,7.77227884068346e-17,-3.45650415759717e-17,3.84865125571227e-10,2.41842926389432e-16,1.99780872905178e-17,5.5925591160617e-17,5.01426475348855e-17,-7.0245761884539e-18,2.18923470147581e-16,1.883814603458e-17,5.50323701704005e-17,4.8089400058759e-17,-7.21038675804141e-17,-4.91325169115053e-17,-6.78511352727846e-17,-8.69900485031239e-19,1.94190282548815e-09,6.2920913975486e-17,-9.66422929248599e-17,-1.794937039055e-16,-2.78856798763272e-16,-5.84542717526754e-09,-4.63256632374231e-17,7.68667970473455e-17,-7.32277516989128e-17,-9.74421817282362e-17,-1.34231008487504e-16,5.20695428588954e-17,1.00531539202163e-16,-3.20497033319635e-17,-2.73295700254819e-17,3.16623022317883e-19,-4.15771827847442e-17,1.72259677690238e-16,-1.65087044875693e-16,-2.44718941790215e-17,-7.29970347832514e-17,1.21553407939239e-16,-2.12789981877654e-16
"t860",-0.0455371031099974,-0.0708168629741484,0.0249385082748669,0.0341399042419102,0.00271599583240141,-0.00118072991730346,0.00658924823635147,0.000119882529340683,4.76173360076057e-05,-0.000161066895599385,-4.21525187772879e-05,-0.00340651467567197,0.00868741132753435,-0.00185934133542265,-0.00238831020502325,-0.00501280137843932,-0.000596261451774755,0.0396563941388838,4.96397499788505e-05,2.60689826427664e-05,-0.000434027636969591,-0.000421623614729387,0.00309145632552435,-0.0644194911697928,0.19887741132745,0.000569214208428981,-0.000655965766997845,0.000602032577807176,-0.0104677038309906,0.00459293228290578,-1.30191553222989e-05,2.31310610069447e-05,-0.0102591048668763,-5.9175926511544e-05,-5.21616236882183e-06,-5.82225291678626e-05,-0.101768593785169,-1.14529433102665e-05,-6.15384303137074e-05,-8.98105423857876e-06,-0.000197350385991305,1.30936692140643e-05,-0.000119840408088851,6.97639218844741e-06,-0.000175561315777705,-2.17594870270871e-07,0.00239450125408488,-1.63834351213917e-05,3.54820960651266e-06,-9.12810792580045e-06,0.000130682823391083,-7.14529593758278e-06,1.01253045304984e-08,-2.44784727674464e-05,1.42624955400752e-06,-1.50975869288898e-05,6.23928023946891e-07,-4.20714221494215e-05,1.428153172954e-05,-1.5408193339382e-05,-1.33467121230501e-05,2.05597954965258e-06,-6.67919307073378e-05,3.54989443170289e-05,-2.5089867669777e-06,9.59399248319824e-05,-3.45148544226425e-07,1.19612631764573e-05,-3.24045199940212e-05,1.25063382943047e-05,-0.000301244101010544,2.25025640773393e-05,-1.07331402950309e-06,-0.00272820823184984,0.00113071442197716,1.19831632864029e-08,-8.26733503665759e-05,1.94591914752541e-06,-6.89894576702507e-06,-7.63839406814089e-06,1.90115291539927e-06,2.70585928141542e-05,-1.3278304288523e-06,-1.60251356521619e-06,-7.21974119997823e-06,-0.00556023174261078,-0.000563015152880563,-7.59265518664442e-06,-2.34123780334721e-06,0.000535059355464954,-9.38231607260875e-06,1.02249230759036e-06,9.10580526384715e-06,-0.00192690536982865,-2.10099393934768e-07,9.14195479321452e-06,0.00196686752031739,4.5320397745198e-05,-7.0490082641254e-05,-2.36664443347693e-05,-2.79984959341693e-05,0.41338702919128,2.60631268364783e-05,1.4008554638394e-06,-7.62351439290299e-07,0.01242828371533,-1.90318561097821e-05,9.05942141159548e-06,-3.49475133823841e-06,8.93002072278404e-07,3.99056745913267e-06,9.94853597533554e-06,-1.68317571781087e-05,1.55879736875362e-05,-7.95917331361966e-08,3.06932534314082e-06,-4.53447287707634e-06,4.81742995978715e-06,-4.8903740421019e-06,1.20574234904018e-05,-4.51469764046341e-05,1.09761070348055e-05,-1.04810631661583e-05,-2.88057472903049e-05,9.38970982716086e-06,-9.05913424165542e-05,9.20814404648841e-06,-2.94807362344884e-06,6.26675677668783e-06,0.000208367357590393,-0.00165014887552041,3.01724808828841e-05,-0.00712350527734899,9.71187746721052e-07,1.03301609733468e-06,4.9285775872832e-06,-3.34451083450813e-08,-2.3039674350236e-05,7.34118516765488e-06,-2.11311397319706e-05,-1.35633989668503e-06,-5.26361084764154e-05,1.0326599728493e-05,6.60091154525599e-07,2.08252907543805e-06,-1.32532932479759e-07,-6.292835145428e-06,9.86351725811774e-07,6.5043147043072e-08,-1.64182214723062e-07,-2.55650685594294e-05,-7.69968437463235e-07,-1.66167901292166e-05,6.27318631246379e-06,-2.04831377021341e-06,-1.82934463143021e-07,2.79770606034486e-06,-0.0198899601903466,3.82784319148815e-07,2.89291720919869e-08,-0.0137405079737383,-1.32375605306129e-05,1.14180843220186e-06,0.000205274610404836,-7.16360648795925e-06,2.20147721233443e-05,1.7409293095574e-07,3.74097958031762e-09,1.95597344354724e-07,4.42716482855499e-07,-1.17683152318973e-05,-1.21442365331656e-06,2.21696300143849e-07,8.64078721603978e-08,2.75007499998561e-06,3.95376678522372e-08,2.54043323237862e-07,-1.32345477434625e-06,-9.46418984659486e-07,-3.03722184040387e-05,1.957642758037e-05,6.43593155078247e-05,-9.02513098324143e-07,-1.82594833447215e-05,-1.16936888156246e-07,-0.00011212781470744,-4.41425998167301e-06,1.12587106603443e-06,5.07239624380886e-06,-4.55575727557268e-05,-1.42348685941597e-07,2.74022607546626e-07,1.10491180926058e-06,5.63932448365955e-06,1.9580499050426e-07,-2.89308578291983e-07,-5.38745153988499e-07,-2.7948013139377e-06,3.31812613963149e-07,1.59226580855413e-07,1.60058918668822e-07,2.89607215923549e-05,-5.37905593957672e-09,-0.049022908035969,0.000125461102624094,0.000174455921227578,-3.90046600100125e-07,-2.3225186747966e-06,-1.81782068862063e-06,-3.27634231007978e-05,-1.4423542875402e-05,5.25288231571681e-05,-0.000319915259571148,-9.8297233788518e-07,-6.28540620222228e-07,-8.60151260548691e-07,1.41097567225654e-06,1.23882539788598e-07,-2.37626366480913e-07,-1.21114618040573e-06,-6.65340858474703e-06,5.54565669267867e-05,2.15391928298262e-06,7.01631100251638e-06,-1.82628195564927e-06,-9.3818994901091e-07,-9.90971082437626e-06,-7.01903862859144e-07,-1.11725098253375e-06,-9.03347556004055e-07,1.93492102726189e-05,6.43940235530786e-06,3.11625981874288e-07,5.22272460849034e-07,-2.80942390927323e-08,-4.65981249644778e-07,-2.45044414830331e-06,2.4348972007849e-17,-3.75955721218985e-07,2.83768856587496e-05,-8.29209092823557e-07,-1.53839152441538e-05,-2.53172089947083e-06,3.03117667890184e-06,-5.1792070803221e-07,1.8978285669325e-05,-4.34581033607392e-08,2.91925616254434e-09,-7.58502036859296e-06,7.08495069362679e-06,-2.25304507539623e-07,3.1003543427539e-05,-1.48752687087918e-06,6.58854319097965e-07,-4.60694763837043e-08,0.000572635794060785,-0.00061743470510759,4.07369330679289e-05,1.5445035911559e-06,-3.34172832449982e-07,8.93602265084838e-06,-1.87294001411507e-06,0.000225533649489593,-0.000209690926660395,1.71222809490346e-06,-6.06124501232906e-07,0.000802774521550233,0.00187753757846894,-0.168516039807214,-2.68708304576415e-06,-7.76261393843542e-07,8.81799969591908e-07,-0.000112084930376097,1.90455929064663e-05,-3.81935029402536e-06,7.49463674749659e-05,-2.5315118406413e-05,-0.0333920807395819,-4.88247130543383e-06,2.62208112566102e-06,-8.36204171054717e-07,2.31785062208312e-16,1.72407127726655e-06,5.78270191509838e-08,-8.62833625647721e-05,0.000211085763599808,-5.82123111210079e-08,3.41776237312489e-08,7.78031088826068e-07,-6.32681766348676e-08,4.93668518361691e-07,-1.28586869378318e-06,-4.28507257027737e-08,2.93618339914472e-08,-3.6320321442341e-07,4.27197773963085e-07,-3.20086593011303e-05,1.15008638534962e-07,-1.07054093019011e-06,-5.2882672826405e-09,-4.54159192357561e-08,-1.08146555007121e-07,6.62504741696392e-08,1.49191244487036e-07,-1.44431268513056e-08,3.81414440211732e-08,-1.5861562120925e-07,2.00074353613758e-08,1.87194084667978e-08,1.51664479776767e-07,-4.24007725702549e-07,-2.3931430135863e-08,3.48442975377689e-07,-1.5614197262201e-07,4.00239529300878e-09,3.94651161063367e-08,-8.56334915407589e-08,-1.8468041686781e-16,4.29760086091222e-10,9.7619108800002e-05,-1.64943310197296e-07,1.21790517977936e-07,1.74426753173152e-07,3.24910177341707e-08,7.76911190292276e-08,-1.173423637929e-06,4.62432805718231e-07,-4.73387733634619e-16,-4.01673869264025e-07,-4.9786033968445e-09,-1.51649619731405e-08,0.000106304349689812,1.15851800210176e-07,-8.16803732303659e-09,-3.3231715734137e-07,9.2518258167373e-08,-5.39108251935422e-06,7.0433884633922e-07,-1.52998291492352e-07,-2.87980002712534e-07,-1.56274981916659e-08,-1.62138464011256e-08,-3.11251047462616e-07,7.2267173786089e-05,-3.55064745193421e-07,-1.64851021539451e-16,-9.36045260504312e-06,7.83021090615225e-07,3.60628662634949e-08,2.45153451090647e-07,-1.19420393597917e-06,-5.02300354373338e-06,4.39733269900913e-05,-0.000375869593699497,-1.06423769140339e-06,-1.42380016218185e-15,-7.23664381570119e-06,-0.479898872548346,2.37645058121832e-06,-1.23891683513575e-14,-2.08549222875122e-06,-1.85458183218636e-05,2.66570423061369e-06,1.26518081789516e-06,3.55883110688198e-07,1.69895337048326e-07,5.59320728577039e-06,-1.25374881400878e-07,-1.30119873764798e-06,-7.25095010144111e-05,-1.90519807554909e-07,-1.90274563570446e-06,1.06087521036485e-15,5.36582366465217e-07,-2.38689405974622e-07,-1.37782769417117e-06,1.17844565844366e-07,2.33481371536992e-16,8.23013617642606e-08,-7.48779869449469e-08,2.21740048745332e-08,1.83097547083416e-08,4.23520270111874e-08,-2.63657160596496e-07,3.72837886086928e-07,-1.91568480603457e-08,-1.3772303931434e-16,3.77740279012355e-09,-1.23038839387095e-08,1.19320550932763e-07,4.26790556881634e-08,-4.47089592322573e-09,-3.32795176064765e-11,-4.23272528138341e-16,9.67462927584691e-17,-4.92395206967231e-11,-5.5899729492514e-08,7.55908474903945e-09,-1.2843714429204e-08,4.98724468012696e-16,-7.87718955386239e-09,-1.0148424659406e-10,-3.08020531983373e-16,2.17773437518824e-16,-3.73807680223526e-16,2.65381903270188e-08,7.99960514640623e-08,-1.24012575894131e-07,7.74303303745783e-08,3.88608750981762e-08,9.38938021684815e-08,-5.39802413409015e-05,-1.26861927004357e-16,-2.22484916380254e-07,1.70660027646655e-07,-4.74221255280519e-16,-1.26860931698032e-16,-6.15846452089463e-06,-9.21450243816541e-12,-7.20669937375901e-08,5.71300704133237e-08,7.39909667695899e-08,-3.99538454635934e-09,4.61032773823322e-16,-1.35075253568028e-08,-6.89017574619391e-17,-4.67166875640436e-08,-2.23345647532014e-15,-8.58178358865022e-08,-2.00905876723921e-16,6.7954355068793e-08,9.42404274238224e-08,5.82061321789877e-09,7.70115700780334e-08,4.23704257289097e-07,-3.08803986137002e-08,3.15067638492204e-07,1.00946468923084e-08,4.91162399498956e-08,4.56043152748631e-09,7.25150109924882e-08,-4.18164249907431e-05,-5.18426664214261e-08,-4.3086548388735e-09,-1.04586801406302e-07,-1.29277528791859e-17,5.27978380220605e-05,-0.000960653830282777,1.58398353371785e-08,5.63978586081492e-13,2.13315419799846e-09,5.9461628319054e-08,2.21350852852818e-07,-1.21648665971684e-16,-7.54283350558205e-05,-2.71179282381372e-08,6.77772395801107e-17,-3.61827089495095e-08,5.79448566978873e-07,2.00497416775183e-16,1.1265975083874e-16,-4.38055104204565e-06,-1.66166869716703e-08,-9.51278405123470e-11,-1.3266141570179e-07,3.57495059586704e-08,1.47769636302826e-05,1.00758819721293e-08,1.25188165225212e-07,-2.14469978023371e-07,1.13602703633031e-15,4.89442913300573e-09,3.05762162983073e-10,8.45708269628176e-10,7.93565755619141e-08,2.16300609534867e-17,9.75324296624941e-17,2.61976524694841e-08,1.79992886352333e-16,-4.19316096321716e-16,1.68636645293757e-07,-1.89507358880035e-07,-3.87711633172808e-07,-2.15008554836493e-09,9.8736754030907e-06,6.81072129888589e-08,5.88586399833286e-09,-7.9265386978935e-17,1.5061262157048e-08,7.06444984300433e-10,3.24626787639007e-09,-1.19688178781988e-05,1.44776622697643e-06,-3.36453388127511e-16,-1.07535819258811e-16,1.33126250751234e-16,-1.15456843713275e-08,-6.16337252628069e-08,-3.2421581744679e-08,-1.95805738631212e-16,-6.00711282691003e-06,8.85844813856491e-17,6.40530895641138e-17,7.14141036413629e-07,-1.56840048633478e-08,-1.30104260698261e-16,-3.88054334214678e-08,-2.79263487299356e-05,5.90800587610297e-16,6.01230394736066e-08,-2.38198494350854e-16,1.61546746775725e-08,-7.61697214057873e-17,1.61265653919394e-08,1.39664032662192e-07,1.82215712112789e-06,4.7607828203592e-09,3.27348104728967e-08,-1.14080999162299e-07,4.57173305962568e-08,1.92224170630792e-17,2.10215460962269e-06,-1.8956405272442e-07,-1.10690367443278e-16,-1.56659731439601e-08,-4.6078042061281e-08,7.45335314231035e-08,-3.45946030411073e-17,3.52164029208959e-08,6.54068901239921e-05,-1.6773530108257e-16,-1.12706356891997e-07,-2.50733041296844e-08,-1.8271463943144e-06,-9.08926751655622e-17,1.49005944842239e-16,2.3753234482706e-08,7.29586415349908e-09,5.90638064911316e-10,-6.66643936693807e-08,4.38843136841828e-09,9.14847636255515e-17,-2.15184570059473e-16,1.60421858151852e-08,1.10595941363408e-10,-7.25995955789317e-17,3.88606960045559e-08,-9.05845186600524e-17,2.22306360404138e-07,-7.47314251395646e-09,-4.36734921001931e-09,-2.89763986355341e-08,-6.62655306667293e-14,-6.12157419869108e-17,-7.5058869272796e-18,-8.15164406546697e-12,-3.21226165716879e-06,-5.63818573543827e-08,5.12748263691288e-17,7.22255989005075e-17,1.90806983620793e-16,1.26567715323348e-07,7.15232275339596e-10,-6.28240426735469e-08,3.59677634469607e-18,2.82976767018717e-17,2.70183181383388e-16,-2.46399454665259e-07,8.32434659124602e-08,-7.34792226139145e-17,9.20660098439173e-09,-1.2377076144047e-05,-9.41484944530669e-17,-1.76383108723511e-16,-2.4054145348387e-08,-2.4651807109083e-10,-1.19423559058992e-08,-1.60781696972147e-16,1.34765217024322e-08,1.96561833221351e-08,2.11350839222623e-08,-1.93201439131369e-08,-6.88689598983243e-08,5.87464828545264e-09,2.34477130331138e-16,-4.95150938272294e-17,-7.80259786610812e-17,1.12546044391817e-07,-1.62153789128147e-07,-5.55377919969664e-09,-4.39125789613914e-09,5.13729311287122e-18,-2.3336229248949e-17,3.20099854810586e-16,-3.35417774243891e-17,-7.09927119094236e-17,5.45536890291313e-07,-1.10911663181671e-16,7.95741708654134e-17,-3.41704125425849e-09,-2.53787505107967e-17,-3.059157268002e-09,-2.79759974547666e-17,-3.79334139667227e-09,4.72690818481202e-17,-4.60997364172142e-09,-5.77425593294548e-10,-3.6492667901095e-07,-5.35476630483854e-17,1.85859587168561e-08,6.22306242023129e-17,2.64633706945203e-08,-1.209640209615e-06,2.58432757751515e-10,6.10603596865121e-17,3.78011070789246e-08,-1.17524862586818e-16,-9.3169879253781e-09,-5.25957927167705e-08,-1.24167449754486e-16,5.62081127182237e-18,1.41907319043578e-17,-6.28633952773859e-16,-1.76964991476476e-10,-2.30581662211918e-09,-5.15237438133811e-10,-6.9916357945066e-18,-3.16752999987126e-17,-7.34391643167536e-06,3.07997635223302e-07,-2.29342341354974e-16,2.25797891005084e-16,-2.36547469606272e-09,-7.99568941970225e-19,-1.67780585128504e-08,1.0331726093024e-16,1.58803492623043e-07,-4.74581683815657e-17,7.18992143896886e-17,1.29242022599629e-17,3.28332130278017e-17,1.68794989505446e-17,-7.0336247119915e-17,2.11993303732603e-08,-1.48268668765176e-07,1.78406451484957e-17,-1.42581759778628e-08,5.42755228792556e-08,-1.64534793286119e-16,-1.57539760584878e-16,-2.47484748385684e-16,-6.74838188700782e-17,5.36734750969539e-09,8.58979645127426e-10,-2.34227507855754e-17,4.97052155039955e-18,-9.76208366317095e-09,-3.48269325200019e-08,-7.05496442082892e-07,-2.61399974110578e-16,-6.43903426178907e-17,-3.53656817859202e-17,-2.01023162708634e-16,-8.6363654659163e-17,-2.40595816849989e-16,2.06963300004705e-08,-1.95850771253224e-08,-3.76780931120643e-09,-6.85704833170337e-17,-3.25532852197085e-16,-2.07781046085133e-16,8.54840002521053e-17,4.58604421808218e-17,2.01985987271259e-16,4.3430804298831e-17,-1.25072629391755e-17,-6.37884028281852e-17,1.72003786920462e-16,7.6147350330837e-18,-1.45244415059914e-16,2.90000632826869e-16,-1.12116395035048e-16,1.43969316966026e-08,6.70981126449284e-15,7.39186704482484e-18,-1.28289202989516e-15,3.24361808834474e-07,-3.55599014199488e-10,5.09067911072211e-17,-5.26628728635579e-09,2.96872466205949e-07,-6.00623641234985e-17,-4.51617326591219e-16,-5.21779297344487e-08,-1.65654926182153e-16,7.33236924822435e-09,-4.65445758480307e-16,-6.77803879160354e-18,-1.04196518452664e-16,3.58623907539513e-16,6.54909612387573e-10,-8.99494566041215e-08,-3.14432535677873e-16,1.21359244756098e-16,-4.82287379059308e-17,1.26913601040156e-17,3.70797142990043e-17,1.69879906071948e-16,-1.85468865558828e-16,-1.13096252635489e-16,7.54487780370465e-09,5.45004558312954e-17,6.89585168662361e-17,9.00365172563162e-17,2.32095002782813e-16,1.77330381054161e-16,1.83541747054631e-16,-2.15929675412584e-08,1.82237061137797e-17,-3.09234382097669e-16,1.61046877667929e-08,1.13508669205321e-16,3.37309722870247e-16,2.0264446561441e-16,9.15827376899526e-17,4.7191576892045e-06,-1.25535271103532e-16,-9.95720590724586e-09,1.8347174814354e-16,-5.87650142225479e-17,-2.60135992307177e-16,1.51396974926339e-16,-7.24492674085519e-17,2.40145874339971e-16,3.60356066217678e-10,-4.45048653808371e-16,1.02947293066153e-17,1.4049874196139e-08,-4.50376436243644e-08,6.36155230175267e-17,3.15794713262861e-08,4.62657251897323e-09,4.83111924989789e-16,-3.15895817975858e-17,4.44547320519435e-16,3.59799648164562e-16,4.63334153962501e-16,-7.80463729449198e-09,3.89185993139019e-17,-1.64353148355982e-16,4.03421472908212e-17,3.12801866852244e-09,1.98146289432428e-16,-2.07868490572517e-16,-1.83510087639044e-16,1.14686117416156e-16,-1.42720992541128e-09,2.56177508124352e-16,5.65110131104616e-07,-9.12301665250861e-17,1.20206213925505e-16,1.47764246755215e-16,2.08186241655734e-16,-2.7115601962405e-16,-5.31784159834056e-16,-2.71076087603691e-17,-5.15536665269857e-08,5.57907434855258e-16,-2.68457517935597e-16,3.44678286417734e-08,-2.16852163521574e-16,-1.9700753630578e-17,1.54319381094838e-16,8.91575669696518e-17,-1.01471443711795e-17,-5.44282352298626e-16,-2.28202201526419e-08,-5.7848035446938e-16,2.2455758379463e-16,7.45824366885921e-08,9.37572385930774e-17,-4.24136616290504e-17,2.10695475331128e-16,8.11004378429542e-16,6.10767660389013e-16,-9.0869218437283e-17,1.83957273476533e-16,-1.58602111060218e-16,-3.4793654954386e-16,-1.89575460352706e-16,-1.83408973891395e-16,-3.92355756171449e-08,8.18895388625033e-08,-1.26750966518287e-15,3.25797586488458e-16,4.00200810107579e-16,-3.06764317920452e-17,-1.52872506320456e-15,-2.57030270726595e-16,-4.00550588549336e-16,2.28056048958523e-17,-1.03040280917948e-09,6.04103751484504e-16,2.1218639280022e-16,-2.02977915132128e-16,5.19415169410534e-16,1.32148680602386e-09,1.35292300675134e-16,-1.448034068626e-09,3.41274659115164e-16,-7.92654274539039e-17,1.39108919594379e-15,-4.63453821963648e-17,6.71655431910898e-16,-3.10280839915591e-16,-8.51607952764004e-16,1.85132450069773e-16,-3.62228973426608e-16,1.10530683714154e-16,-1.37288848520729e-16,-1.71800425757992e-16,-4.49137705341165e-16,2.19540721173007e-16,-2.07005491615576e-15,2.3617817233267e-16,-2.87598607038573e-16,-1.47678535418149e-16,-4.38021127042409e-16,-2.06995466045322e-17,-1.43418263376383e-15,1.99329364901144e-15,-1.1049445625045e-15,1.97966271851178e-15,-6.87474143017725e-16,1.00557602538345e-10,-1.18784710600226e-16,1.59786325675775e-15,5.5674953733448e-16,-3.52526346498765e-15,-2.39780146960018e-17,5.05348839830897e-15,4.10491236805516e-15,-3.92484084172107e-16,-1.00654333457137e-14,4.44501325208915e-16,-8.56736556698046e-16,8.28945142553054e-15,0.707106781186548,-2.78584851829483e-15,1.18403801683129e-15,-6.59740109266089e-15,6.44564886312476e-15,-1.30023653231587e-09,2.21102872336732e-15,1.73499385634452e-15,1.12290803332032e-15,2.06455417701759e-16,-1.08482949231691e-15,1.04141526406404e-16,-7.90715761790669e-16,-9.66307680578709e-16,-1.21342870106742e-15,2.76801606266518e-10,5.96736772491141e-16,-2.18220980647914e-16,-1.72068843238124e-17,2.33870947015565e-16,-4.10631118174529e-16,3.37432217491068e-16,4.30544692295088e-16,-2.394980422502e-16,1.18103002544441e-17,-4.38322692892177e-17,4.36410622589691e-16,2.52588406698719e-17,1.22165069304699e-16,1.40311149123976e-09,1.02507389259483e-16,5.62918176404554e-17,5.67530050919817e-16,-2.9316826744008e-16,-4.2325191585123e-09,9.43913290267199e-17,-8.81840544659286e-18,3.87483682958973e-17,-5.43048022012382e-17,1.47953996890143e-16,-1.00002682994203e-16,4.08147723014704e-16,6.73248627392713e-17,2.76576696590609e-16,3.37888739920456e-19,1.01156536730842e-16,-1.79785930348667e-16,7.64421621678251e-17,-8.81817883586752e-17,8.99013025435479e-18,1.49591340234908e-17,-1.82546023273595e-16
"t861",-0.0455371031099974,-0.0708168629741484,0.0249385082748669,0.0341399042419102,0.00271599583240141,-0.00118072991730345,0.00658924823635147,0.00011988252934068,4.76173360076092e-05,-0.000161066895599382,-4.2152518777282e-05,-0.00340651467567197,0.00868741132753436,-0.00185934133542262,-0.00238831020502324,-0.00501280137843932,-0.000596261451774758,0.0396563941388838,4.96397499788687e-05,2.60689826427872e-05,-0.000434027636969593,-0.000421623614729384,0.00309145632552436,-0.0644194911697928,0.19887741132745,0.000569214208428983,-0.000655965766997844,0.000602032577807172,-0.0104677038309906,0.00459293228290577,-1.30191553223204e-05,2.31310610069624e-05,-0.0102591048668763,-5.91759265115384e-05,-5.21616236882528e-06,-5.82225291678861e-05,-0.101768593785169,-1.14529433102711e-05,-6.15384303136959e-05,-8.98105423857857e-06,-0.000197350385991299,1.30936692140564e-05,-0.00011984040808884,6.9763921884549e-06,-0.000175561315777709,-2.17594870290572e-07,0.00239450125408489,-1.63834351213847e-05,3.54820960650108e-06,-9.12810792580727e-06,0.000130682823391091,-7.14529593757019e-06,1.01253045249574e-08,-2.44784727674516e-05,1.42624955398848e-06,-1.5097586928896e-05,6.23928023939348e-07,-4.20714221493812e-05,1.42815317295182e-05,-1.54081933393659e-05,-1.33467121230467e-05,2.05597954964542e-06,-6.67919307073104e-05,3.54989443170242e-05,-2.50898676697206e-06,9.5939924831958e-05,-3.45148544238827e-07,1.19612631764329e-05,-3.24045199939967e-05,1.25063382942857e-05,-0.000301244101010541,2.25025640773471e-05,-1.07331402949113e-06,-0.00272820823184985,0.00113071442197717,1.19831632849792e-08,-8.26733503665859e-05,1.94591914755494e-06,-6.8989457670038e-06,-7.63839406813654e-06,1.90115291541503e-06,2.70585928141512e-05,-1.32783042886438e-06,-1.60251356520833e-06,-7.21974119996035e-06,-0.00556023174261072,-0.000563015152880553,-7.59265518662993e-06,-2.34123780336388e-06,0.000535059355464992,-9.38231607260964e-06,1.02249230752791e-06,9.10580526384624e-06,-0.00192690536982868,-2.1009939393726e-07,9.14195479316844e-06,0.00196686752031742,4.5320397745198e-05,-7.04900826412757e-05,-2.36664443347456e-05,-2.79984959340112e-05,0.41338702919128,2.60631268365422e-05,1.40085546383688e-06,-7.62351439259668e-07,0.01242828371533,-1.90318561097793e-05,9.05942141158052e-06,-3.49475133819674e-06,8.93002072310063e-07,3.99056745910372e-06,9.94853597535519e-06,-1.68317571780894e-05,1.5587973687558e-05,-7.95917330927752e-08,3.06932534318305e-06,-4.53447287708916e-06,4.81742995976525e-06,-4.89037404214316e-06,1.20574234904144e-05,-4.51469764046155e-05,1.09761070347944e-05,-1.04810631661766e-05,-2.8805747290354e-05,9.38970982713441e-06,-9.05913424166025e-05,9.20814404646413e-06,-2.94807362343114e-06,6.26675677666855e-06,0.000208367357590348,-0.00165014887552042,3.01724808827647e-05,-0.00712350527734913,9.71187746737734e-07,1.03301609733856e-06,4.92857758728779e-06,-3.34451083024575e-08,-2.30396743502904e-05,7.341185167642e-06,-2.11311397319689e-05,-1.35633989673234e-06,-5.26361084764177e-05,1.03265997285165e-05,6.60091154540461e-07,2.08252907548942e-06,-1.32532932474511e-07,-6.29283514536503e-06,9.8635172578177e-07,6.5043147043054e-08,-1.64182214721849e-07,-2.55650685594118e-05,-7.69968437422866e-07,-1.66167901292332e-05,6.27318631240602e-06,-2.04831377022127e-06,-1.82934463124879e-07,2.79770606031658e-06,-0.0198899601903466,3.8278431913051e-07,2.89291720800936e-08,-0.0137405079737383,-1.32375605305814e-05,1.14180843220957e-06,0.000205274610404903,-7.1636064879051e-06,2.20147721233766e-05,1.74092931028094e-07,3.74097954670505e-09,1.95597344416494e-07,4.42716482876039e-07,-1.17683152318895e-05,-1.21442365328831e-06,2.21696300161779e-07,8.6407872134998e-08,2.75007499998838e-06,3.95376678800813e-08,2.54043323237052e-07,-1.32345477426874e-06,-9.46418984597717e-07,-3.03722184040458e-05,1.95764275803047e-05,6.43593155077386e-05,-9.02513098282458e-07,-1.82594833447337e-05,-1.16936888132211e-07,-0.000112127814707369,-4.41425998177845e-06,1.12587106600065e-06,5.07239624385205e-06,-4.55575727558091e-05,-1.42348685954774e-07,2.7402260753124e-07,1.10491180928455e-06,5.63932448363624e-06,1.95804990496811e-07,-2.89308578407778e-07,-5.38745153918114e-07,-2.79480131391252e-06,3.31812613992356e-07,1.59226580851151e-07,1.60058918701887e-07,2.89607215923045e-05,-5.37905595247611e-09,-0.0490229080359687,0.00012546110262404,0.00017445592122751,-3.90046600176063e-07,-2.3225186747064e-06,-1.81782068849056e-06,-3.27634231007721e-05,-1.44235428753402e-05,5.2528823157189e-05,-0.000319915259571166,-9.82972337854824e-07,-6.28540620178922e-07,-8.60151260465786e-07,1.41097567220724e-06,1.23882539807427e-07,-2.37626366484901e-07,-1.21114618036666e-06,-6.65340858469838e-06,5.54565669268097e-05,2.15391928301659e-06,7.01631100246574e-06,-1.82628195564217e-06,-9.38189949074704e-07,-9.9097108243215e-06,-7.01903862840246e-07,-1.11725098251644e-06,-9.03347555963652e-07,1.93492102725869e-05,6.43940235536637e-06,3.11625981883725e-07,5.22272460897563e-07,-2.80942390847861e-08,-4.65981249648651e-07,-2.45044414829937e-06,5.23963196148782e-17,-3.75955721267705e-07,2.83768856587305e-05,-8.292090928433e-07,-1.53839152441217e-05,-2.53172089942574e-06,3.03117667887664e-06,-5.17920708034251e-07,1.89782856693451e-05,-4.34581034366314e-08,2.91925624306376e-09,-7.58502036861346e-06,7.0849506935646e-06,-2.25304507608991e-07,3.10035434275352e-05,-1.48752687089547e-06,6.58854318939016e-07,-4.60694765274695e-08,0.000572635794060764,-0.000617434705107593,4.0736933067787e-05,1.54450359119454e-06,-3.34172832423704e-07,8.93602265093483e-06,-1.87294001415553e-06,0.000225533649489541,-0.000209690926660351,1.71222809491616e-06,-6.06124501199057e-07,0.000802774521550246,0.00187753757846894,-0.168516039807214,-2.68708304568087e-06,-7.76261393911408e-07,8.8179996961597e-07,-0.000112084930376136,1.90455929064799e-05,-3.81935029401237e-06,7.49463674750271e-05,-2.53151184064956e-05,-0.0333920807395821,-4.88247130542247e-06,2.62208112561373e-06,-8.36204171022444e-07,5.71798782552129e-17,1.72407127738979e-06,5.7827019195368e-08,-8.62833625648851e-05,0.000211085763599874,-5.82123110604047e-08,3.41776236460081e-08,7.78031089042539e-07,-6.32681766426849e-08,4.93668518476696e-07,-1.28586869379072e-06,-4.28507256151743e-08,2.93618340397674e-08,-3.63203214262134e-07,4.27197774020895e-07,-3.20086593010922e-05,1.1500863853819e-07,-1.07054093015455e-06,-5.28826737684304e-09,-4.54159192128513e-08,-1.08146555081508e-07,6.62504741384967e-08,1.49191244493732e-07,-1.44431268746592e-08,3.81414440153296e-08,-1.58615621361953e-07,2.00074354198739e-08,1.87194084892634e-08,1.51664479683526e-07,-4.2400772571031e-07,-2.39314300859015e-08,3.48442975378544e-07,-1.56141972608153e-07,4.00239521450413e-09,3.94651160961035e-08,-8.56334915389829e-08,-1.04721463081948e-16,4.29760124940218e-10,9.76191087999487e-05,-1.64943310490898e-07,1.21790517941602e-07,1.74426753184555e-07,3.24910179820981e-08,7.7691119076846e-08,-1.17342363790336e-06,4.62432805737477e-07,-5.29737052509239e-16,-4.01673869302609e-07,-4.97860323343542e-09,-1.51649618446114e-08,0.000106304349689811,1.15851800283092e-07,-8.16803729954493e-09,-3.32317157385262e-07,9.25182580538163e-08,-5.39108251949996e-06,7.04338846311011e-07,-1.52998291350805e-07,-2.87980002504945e-07,-1.56274982898004e-08,-1.6213846344205e-08,-3.11251047469966e-07,7.22671737860963e-05,-3.55064745149689e-07,-2.08853199450639e-16,-9.36045260504353e-06,7.83021090624333e-07,3.60628662452526e-08,2.45153451028729e-07,-1.19420393605696e-06,-5.02300354383056e-06,4.39733269900199e-05,-0.000375869593699484,-1.06423769129997e-06,-1.27779694669797e-15,-7.23664381580525e-06,-0.479898872548347,2.37645058119141e-06,-1.21367582887329e-14,-2.08549222874051e-06,-1.85458183219544e-05,2.66570423071458e-06,1.26518081817972e-06,3.55883110718421e-07,1.69895337079669e-07,5.59320728557701e-06,-1.25374881352106e-07,-1.30119873775243e-06,-7.25095010144213e-05,-1.90519807491878e-07,-1.90274563571717e-06,9.493261536532e-16,5.36582366278647e-07,-2.38689405885861e-07,-1.37782769428381e-06,1.17844565750291e-07,1.774857260663e-16,8.23013617829475e-08,-7.48779866448397e-08,2.21740045447783e-08,1.83097548725875e-08,4.23520271260043e-08,-2.63657160540979e-07,3.72837886142818e-07,-1.91568482344557e-08,-1.05908185452275e-16,3.77740276282098e-09,-1.23038838541418e-08,1.19320550948201e-07,4.26790557154167e-08,-4.47089599395671e-09,-3.32796510420997e-11,-8.81239525796218e-16,1.07682276909795e-16,-4.92394142912057e-11,-5.58997293499414e-08,7.55908463795616e-09,-1.28437144673331e-08,2.80142971419493e-16,-7.87718964984561e-09,-1.01484305335945e-10,-1.87098919768138e-16,1.23499847840323e-16,-3.63791000354523e-16,2.65381903637111e-08,7.9996051473771e-08,-1.24012575913315e-07,7.74303304739032e-08,3.88608753173709e-08,9.38938023023386e-08,-5.39802413409056e-05,-2.30997863968789e-16,-2.22484916584577e-07,1.70660027665351e-07,-1.93499765790114e-16,-3.48917403757692e-16,-6.15846452081588e-06,-9.21422657978927e-12,-7.2066993761448e-08,5.71300702909811e-08,7.39909668419211e-08,-3.99538440367267e-09,1.67749309902423e-16,-1.35075253452127e-08,1.80445787756548e-16,-4.67166874381571e-08,-2.10432799657712e-15,-8.58178354693923e-08,-4.91669318607025e-17,6.79543550856854e-08,9.42404274811985e-08,5.82061338969676e-09,7.70115700171787e-08,4.23704257117067e-07,-3.08803984079814e-08,3.1506763868045e-07,1.00946469615686e-08,4.91162400806838e-08,4.56043145429725e-09,7.25150110752827e-08,-4.18164249907302e-05,-5.18426664544163e-08,-4.30865503456739e-09,-1.04586801533413e-07,-6.40431549468738e-18,5.27978380220733e-05,-0.000960653830282543,1.58398353306989e-08,5.63799224536331e-13,2.13315418506122e-09,5.94616283655194e-08,2.21350852905024e-07,-2.61037930682819e-16,-7.54283350558061e-05,-2.71179282602218e-08,-2.81084657304014e-16,-3.61827090295583e-08,5.79448566764411e-07,-9.51643780243172e-18,3.85503499740291e-16,-4.38055104217886e-06,-1.66166868188495e-08,-9.51278883491940e-11,-1.32661415642767e-07,3.57495059170651e-08,1.47769636303451e-05,1.00758819165711e-08,1.2518816522838e-07,-2.14469977901477e-07,1.17267306976032e-15,4.89442912297777e-09,3.05762425303562e-10,8.45708203129983e-10,7.93565754839923e-08,-3.80768274585429e-17,1.15723015847047e-16,2.61976525141955e-08,1.93089072729848e-16,-2.54268331189415e-16,1.68636645255315e-07,-1.89507358872299e-07,-3.87711633208756e-07,-2.15008539468235e-09,9.87367540294297e-06,6.81072133181086e-08,5.88586398382189e-09,-1.67916833832486e-16,1.5061262032333e-08,7.0644512147233e-10,3.24626784233939e-09,-1.19688178782682e-05,1.44776622700263e-06,-9.30627363996128e-17,-1.56245115598899e-16,3.92738697654316e-16,-1.15456843177185e-08,-6.16337253445098e-08,-3.24215816757513e-08,-5.08979167745059e-17,-6.00711282688797e-06,-5.69222264254819e-17,5.25185767062355e-17,7.14141036344794e-07,-1.56840050448948e-08,-1.56992474575901e-16,-3.88054335871528e-08,-2.79263487298975e-05,2.55197663578708e-16,6.01230390971657e-08,1.39473616500813e-16,1.61546743804641e-08,-1.07411238040765e-16,1.61265656381869e-08,1.39664032812094e-07,1.82215712105929e-06,4.76078268337711e-09,3.27348106515419e-08,-1.14080999295873e-07,4.5717330451026e-08,1.07852943575068e-16,2.10215460944891e-06,-1.8956405281375e-07,1.28015408017221e-16,-1.56659728529915e-08,-4.60780421101106e-08,7.45335312753154e-08,-6.20994411821646e-17,3.52164031413857e-08,6.5406890123862e-05,-5.48250169918032e-17,-1.12706356750908e-07,-2.50733041489695e-08,-1.82714639437808e-06,-5.67474099962139e-17,-1.07736478525414e-16,2.37532344608648e-08,7.29586420967034e-09,5.9063838177586e-10,-6.66643935584382e-08,4.38843152397732e-09,-1.00619081045306e-16,8.85773725697185e-17,1.60421857758255e-08,1.10596037440079e-10,-1.17638000772765e-16,3.8860695892476e-08,-4.67281295443403e-17,2.22306360314437e-07,-7.47314273406513e-09,-4.36734955867499e-09,-2.8976398642798e-08,-6.62861937686451e-14,-1.00971213835922e-16,1.59400842713686e-17,-8.15140889339751e-12,-3.21226165712701e-06,-5.63818576425933e-08,3.40640642448648e-17,9.68484207332013e-17,1.97632850721824e-16,1.26567715380502e-07,7.152321707519e-10,-6.28240429249566e-08,7.4523911735724e-17,2.91108283312358e-16,2.65304271607203e-16,-2.46399454625138e-07,8.32434659164504e-08,2.01231825722903e-16,9.20660112708446e-09,-1.23770761441055e-05,2.81499645168336e-17,2.51631158176336e-16,-2.40541454316145e-08,-2.46518134581878e-10,-1.19423558073766e-08,-8.66431403114959e-17,1.34765215968842e-08,1.965618327595e-08,2.11350838696635e-08,-1.93201434257661e-08,-6.88689596572704e-08,5.87464811712191e-09,-2.0508556042834e-17,7.96329461087932e-17,3.91592653049704e-17,1.1254604434493e-07,-1.62153789143329e-07,-5.55377907937216e-09,-4.3912580571896e-09,2.56559251062786e-17,-1.54305493810176e-16,-1.95426595153635e-16,-1.60918881033091e-16,3.36462909389575e-17,5.45536890469556e-07,2.50876043546678e-17,7.91099973943037e-17,-3.41704159581295e-09,-2.01193243359327e-16,-3.05915726252151e-09,-1.57104938906101e-18,-3.79334151181778e-09,1.52906878188755e-18,-4.6099734983007e-09,-5.77425885120389e-10,-3.64926678935627e-07,2.65112354405612e-18,1.85859585652006e-08,-1.45490451504219e-17,2.64633707219991e-08,-1.2096402096905e-06,2.58432718400437e-10,1.57126611573897e-16,3.78011070128381e-08,1.84434334449122e-16,-9.31698789357157e-09,-5.25957926049994e-08,8.27120454029568e-17,2.4388491774742e-17,6.21734178329678e-17,-4.43677333401986e-16,-1.76964771921845e-10,-2.30581679092583e-09,-5.15237697221376e-10,-1.51805029983064e-16,3.66743491617506e-17,-7.34391643168878e-06,3.07997634918858e-07,1.08391227375179e-16,-2.15782138493689e-16,-2.36547549113498e-09,4.87402991066344e-17,-1.67780585759114e-08,1.68073309050649e-17,1.5880349267992e-07,2.00169699955333e-17,3.61456540936149e-17,3.24207520694477e-17,2.26427955434075e-16,-7.15888377241516e-17,1.21444331519101e-17,2.11993306260925e-08,-1.48268668737394e-07,-2.96627482816145e-17,-1.42581758750063e-08,5.42755228417607e-08,1.91051951883878e-16,-1.60461122877497e-16,9.98554123353995e-17,-6.528380792727e-17,5.3673474019553e-09,8.58979580662539e-10,-5.56625848930317e-17,-7.16603485685379e-17,-9.76208363782473e-09,-3.4826932519296e-08,-7.05496441962852e-07,-3.56609361659744e-17,-7.14968374819454e-18,1.16272128303579e-16,4.66206581806462e-17,-2.67223241637735e-16,1.54031451514935e-16,2.06963298479931e-08,-1.95850776607192e-08,-3.76780884937947e-09,3.4218215004475e-17,-4.53813064764336e-17,1.16569303178771e-16,-5.28687529597779e-17,-7.53132510246929e-17,-1.53334010571147e-16,1.70474293275252e-16,-5.74216710389316e-17,1.59536103252924e-17,-1.55391844048734e-16,9.87267863815372e-17,1.04019926837497e-16,-1.77647770218156e-16,1.99780104566449e-16,1.43969319195405e-08,6.59721100700426e-15,5.65713229218519e-18,-1.19411002819757e-15,3.24361808594122e-07,-3.55598876124328e-10,-3.55750471339624e-17,-5.26628699025944e-09,2.96872466265825e-07,-1.08152024014916e-16,1.78473586888235e-16,-5.21779298613505e-08,2.30187368520887e-16,7.33236926012918e-09,-1.77374285028518e-16,1.04821195898712e-17,5.09648800914673e-17,-3.78281862805004e-16,6.54909913802525e-10,-8.99494570837918e-08,1.16890259881988e-16,-5.60721945155441e-17,-4.53378456993029e-19,2.13905730786787e-16,3.01191363516473e-16,-5.80454282442175e-17,1.46684304397406e-16,1.56406884227421e-17,7.54487746900368e-09,-1.10811340747329e-16,-2.70345308448971e-17,-1.27755690440654e-16,-1.76303099322587e-16,-1.16766831696169e-16,-3.23878422195742e-16,-2.15929676755788e-08,-8.15010670822095e-17,1.62273018193491e-16,1.61046875697315e-08,-1.70698060483616e-16,-1.31313570286194e-16,-2.05724043708645e-16,-1.99696882428053e-16,4.71915768918574e-06,1.11461351770306e-16,-9.95720585012003e-09,-6.28822462605527e-17,-1.15765801464726e-16,3.07965507511343e-16,-5.15958261358695e-16,8.39532976530091e-17,-3.54376484396962e-16,3.60355820629176e-10,2.52193227796046e-16,3.05495073011646e-16,1.40498747318415e-08,-4.50376435638065e-08,-2.02332746197439e-16,3.15794714071658e-08,4.62657206154028e-09,-2.44050570004801e-16,-2.84453307560807e-17,-5.0290723778379e-16,-1.21470597800866e-16,-6.47525901332112e-16,-7.80463765512747e-09,2.39340520685723e-16,2.50408392728348e-16,1.29745420381325e-16,3.12801882255972e-09,-3.0841928954322e-16,1.14793532326678e-16,2.17927376909977e-16,-1.46714870514957e-16,-1.42721029978975e-09,-3.22434558083639e-16,5.65110130737526e-07,2.30736170104594e-17,-9.18772883232518e-17,-2.30296951398967e-16,-1.94339808549464e-16,3.95019493586855e-16,4.41698433275781e-16,-4.25603276354892e-17,-5.15536667378104e-08,-3.97523744660295e-16,3.12078601136047e-16,3.44678288207509e-08,2.17993140041022e-16,-1.72172973799357e-17,-5.14270125952112e-17,5.07412647482413e-17,3.37390722444644e-17,5.79191397654629e-16,-2.28202196229795e-08,5.67883629537883e-16,-2.49526920709315e-16,7.45824362475538e-08,-3.83151600949337e-17,1.34375002968739e-17,-1.74392960971328e-16,-8.44962158334675e-16,-7.6015980787455e-16,2.59045671367833e-16,-1.41918885233365e-16,1.57305916281573e-16,2.46267438414254e-16,1.40617963843545e-16,2.56290537394745e-16,-3.92355751278571e-08,8.18895388726234e-08,1.16972585269575e-15,-2.64758704657177e-16,-3.38952388600702e-16,3.02655635768194e-17,1.37975568470505e-15,2.68624785888021e-16,6.29802835386893e-16,-8.38851449279109e-17,-1.03040263689671e-09,-8.10147802555543e-16,-1.48818818601911e-16,2.04089282302644e-16,-6.20567586450766e-16,1.32148770293196e-09,-1.38616968694933e-16,-1.44803224703065e-09,-2.9843817206321e-16,1.28074406639647e-16,-1.33203829455448e-15,5.01466698220333e-17,-6.32163710716181e-16,3.05947703323348e-16,8.41718313624505e-16,-2.27756918988621e-16,4.76412655122828e-16,-1.55175957522103e-16,1.29770700100926e-16,1.77814383249998e-16,3.78018433745617e-16,-3.57820818478989e-16,2.01191822000927e-15,-2.64987666735871e-16,3.44351853822993e-16,9.93402827436058e-17,3.53513502258938e-16,1.31522488467918e-16,1.53566395710847e-15,-1.49359930543981e-15,9.76967554156479e-16,-1.99184069062649e-15,6.28333753693695e-16,1.00560597035288e-10,1.23106494795748e-16,-2.03424112612301e-15,-4.68057341283417e-16,3.38929104251576e-15,1.52917274502637e-16,-5.02237229509872e-15,-4.12015116609843e-15,2.12152352437887e-16,1.01665651423412e-14,-5.28888651487331e-16,7.43762690325056e-16,-8.33232953741089e-15,-0.707106781186547,2.97751453657994e-15,-1.22115369961458e-15,6.44141776374889e-15,-6.45248888448649e-15,-1.30023384731293e-09,-2.24796501042347e-15,-1.78055294433881e-15,-1.17656336253177e-15,-2.80248089372525e-16,1.16886012407383e-15,-7.57601600916991e-17,7.53995792690749e-16,7.23777156947283e-16,1.25609819747881e-15,2.76801664401579e-10,-3.32343174166e-16,2.02446041228459e-16,-1.00973158500796e-16,-2.59804983131639e-16,4.07321841047479e-16,-5.96526085124435e-16,-4.40715386019781e-16,8.70049427422968e-17,-4.68982375292916e-17,7.44580268866679e-18,-4.11070607072312e-16,3.43894912243039e-17,-1.63439504076998e-16,1.40311149803876e-09,-1.79419528096567e-16,1.01083679067591e-16,-5.22049416295799e-16,-3.62557206479153e-16,-4.23251917212306e-09,-8.5681174394284e-17,-9.00998023864857e-17,1.55353493242219e-16,2.74186402181503e-16,-1.01209317834811e-17,1.39343376514349e-16,-3.63783828446561e-16,6.94939149511797e-17,-2.43874401546499e-16,8.10856194844287e-17,9.63808358363483e-18,5.98547246912885e-17,-1.56624609201458e-16,2.65428616412172e-17,8.62180212985843e-17,7.90957046146095e-17,-2.29445792880561e-16
"t983",-0.0456852227638243,-0.0713071633382486,0.0251168642457587,0.0344693438395316,0.00274827646731657,-0.00119728747271252,0.00668353557921233,0.000121740174255398,4.84954929933011e-05,-0.00016470750038294,-4.33815621771932e-05,-0.00353117821565547,0.00901558088094249,-0.00193075210781462,-0.00248447046759391,-0.00522792447457788,-0.000622533733039654,0.0414392333944099,5.19295274881947e-05,2.73896165427535e-05,-0.000458079637123076,-0.000450728164932448,0.00331921166889429,-0.0691979989883284,0.213699549854831,0.000614093104837501,-0.0007084290845642,0.000650709553874007,-0.0113419246141036,0.00506532126587017,-1.44741241653253e-05,2.58716537231774e-05,-0.0115934650856957,-6.73754414144881e-05,-5.99075759024894e-06,-6.78709707825388e-05,-0.118945532896677,-1.34311842713668e-05,-7.22744293676376e-05,-1.0582526226465e-05,-0.000234064863278553,1.5619624891916e-05,-0.000143489226046932,8.35566808664177e-06,-0.000211211449483086,-2.66322269171831e-07,0.00294688945716724,-2.02160426302148e-05,4.41126956504792e-06,-1.14439289314107e-05,0.00016574868351431,-9.1132993485911e-06,1.29247603883335e-08,-3.14701121627622e-05,1.86044945985486e-06,-1.97384328815057e-05,8.52349013684299e-07,-5.82350766078989e-05,1.98001740426628e-05,-2.21202597932193e-05,-1.97233810372853e-05,3.08495340610505e-06,-0.000101515450659593,5.41326113576884e-05,-3.92461269616516e-06,0.000153776010107542,-5.87200764693539e-07,2.09652312047361e-05,-5.76274846411263e-05,2.28591757979106e-05,-0.000658137793919831,5.96349370380715e-05,-2.95005137678699e-06,-0.00814727880337373,0.0034147944436575,3.76785145750903e-08,-0.000264347398008719,6.80309975003139e-06,-3.12383337138259e-05,-3.96925880032313e-05,1.35002447910399e-05,0.000209621856631208,-3.63166175316026e-05,-0.00026192640067715,5.14034777614709e-05,0.0299410407999026,0.00240469097000231,3.13426902187815e-05,9.58038836124029e-06,-0.0021423068298033,3.48359972701395e-05,-2.13530092592687e-06,-1.81882740562895e-05,0.00291422435638994,2.08088694730832e-07,-8.52456021319882e-06,-0.00182890407375223,-3.62360626792502e-05,5.33135262067995e-05,1.45165397891521e-05,1.44504425294466e-05,-0.210064679937441,-1.30137314165818e-05,-2.82746126071855e-07,1.4126113364016e-07,-0.00214775015187325,2.88200629641798e-06,-1.31942955548482e-06,4.73787975033733e-07,-1.07837544663023e-07,-4.63071231833669e-07,-8.86111033576697e-07,1.44693264825112e-06,-3.60145372348515e-07,8.69533333615272e-10,4.4325229608283e-08,-1.14606962409969e-07,2.57488475412439e-07,-3.8419800181628e-07,1.16186588070528e-06,-4.78843352763087e-06,1.50931104574402e-06,-1.63838147166693e-06,-4.52298153643513e-06,1.4988474873797e-06,-1.60947234665994e-05,1.64933256195481e-06,-5.71238648632672e-07,1.45472663850579e-06,4.84528294401627e-05,-0.000388521595715986,7.79786822812838e-06,-0.0018717032542842,2.58172450323017e-07,2.87316600621683e-07,1.37902218835907e-06,-1.01719547477344e-08,-7.42870665291068e-06,2.53870700118122e-06,-7.32097346250005e-06,-4.75113045011762e-07,-1.85400050120349e-05,3.6693166148363e-06,2.35324250866807e-07,7.42459890859617e-07,-4.83522444360607e-08,-2.39666078198514e-06,3.91096753895664e-07,2.60382999799336e-08,-6.7088983307078e-08,-1.04632613087937e-05,-3.17538883222979e-07,-6.88326233839266e-06,2.61159144088214e-06,-8.91034951343183e-07,-8.01161077154714e-08,1.23106363988472e-06,-0.00966982472360121,1.90357096440764e-07,1.44358802534634e-08,-0.0069869414078686,-6.75704461003893e-06,5.96879885904577e-07,0.000107616540563386,-3.84305147138022e-06,1.20750058163508e-05,1.01870932152667e-07,2.19411623799953e-09,1.14787755818351e-07,2.6215792501157e-07,-7.04293095662738e-06,-7.27905993304816e-07,1.35736900463729e-07,5.3263282130201e-08,1.72039551411834e-06,2.48247700012893e-08,1.5980833506867e-07,-8.62643795300133e-07,-6.41108355283785e-07,-2.07157372537173e-05,1.34407477035306e-05,4.50763168101498e-05,-6.37083035219608e-07,-1.29899645367133e-05,-8.38101129235221e-08,-8.24492161534246e-05,-3.26713936987245e-06,8.84627115032369e-07,3.99386511807351e-06,-3.66545836507727e-05,-1.22146001791108e-07,2.49667261798121e-07,1.0294707240765e-06,5.44197430585917e-06,1.94266864640866e-07,-3.14629786243832e-07,-5.98945435262296e-07,-3.26504791487379e-06,3.98048929749587e-07,2.46491329798919e-07,2.51505145369258e-07,5.29558266868623e-05,-1.18917290374581e-08,-0.253125882204718,0.000652223549125477,0.00105188254235887,-4.7786694827165e-06,-0.00011520161930767,1.16387968112885e-05,8.0815880838828e-05,2.26769081746542e-05,-7.36084937718046e-05,0.000288601690711464,7.19865797478675e-07,4.57887351601929e-07,5.38798733354691e-07,-6.19438519383289e-07,-5.09467306209729e-08,6.94372007063136e-08,2.79396826689223e-07,1.41250255486422e-06,-8.23476410112928e-06,-2.92185848312729e-07,-8.59140496490662e-07,1.58887314151076e-07,7.56311341665925e-08,7.83698143974757e-07,3.40582034289443e-08,3.64314817691971e-08,1.52360540813118e-08,-1.9988823911054e-07,-2.52866938683226e-08,5.47076035461904e-10,1.72959415140143e-09,-4.67977742239607e-10,-1.12328790247308e-08,-7.71861225063687e-08,-3.16977824969477e-16,-1.5407793518098e-08,1.21259333078598e-06,-4.44446773029624e-08,-9.32909353164706e-07,-1.66239810565177e-07,1.99884639758583e-07,-3.80689611568248e-08,1.4152874202566e-06,-3.26147587652168e-09,2.25251697567248e-10,-5.95003561153943e-07,5.70332287839849e-07,-1.83157752786806e-08,2.5299093454873e-06,-1.23574618076992e-07,5.64033485452383e-08,-3.92303705818407e-09,4.82423290586609e-05,-4.97537089303195e-05,3.2683283083754e-06,1.17558145144151e-07,-2.44791540572967e-08,6.11445694016619e-07,-1.24883555026601e-07,1.46002123903483e-05,-1.29684138986046e-05,9.77794102227187e-08,-3.42633586505001e-08,3.31428613069533e-05,7.67415146975591e-05,-0.00680923390947224,-9.46326702596898e-08,-2.57319134760786e-08,2.29136162378512e-08,-2.75092660366162e-06,-1.41488580166003e-06,4.10120532771637e-07,-1.11197569905002e-05,1.17524368751705e-05,-0.0391255398199617,-6.38718319342106e-07,2.59010394865764e-07,-6.70473958500399e-08,-2.06658641959822e-15,6.53932074512812e-08,1.98192320991792e-09,0.555013220475299,-2.81830927033423e-06,2.05253808833131e-09,-1.56247716368994e-09,-3.96193025316437e-08,7.79965186796175e-09,-6.3415673725822e-08,1.66996653408717e-07,6.62905935580306e-09,-6.98960812398221e-09,9.25990148968834e-08,-1.1415935769287e-07,9.96057908642897e-06,-6.34229771227038e-08,7.61001485466428e-07,3.81748202623633e-09,3.29357554148143e-08,1.70053271856875e-07,-1.50211852187869e-06,8.2352862569492e-06,-1.37538664457426e-07,1.86553832390784e-07,-6.78500327197426e-07,4.35342614908477e-08,3.93789425076698e-08,3.00964863044413e-07,-8.10446950106655e-07,-4.09146624362171e-08,5.3550414036014e-07,-2.20100300463561e-07,5.44936618044019e-09,5.0842433178431e-08,-9.93009205022707e-08,2.48054340194448e-17,3.21981282001232e-10,7.07556695928044e-05,-1.1398979004023e-07,8.40515122623164e-08,1.20202411327825e-07,2.21377159694282e-08,5.18278747951549e-08,-7.63691582104668e-07,2.86577841611298e-07,1.70811955652245e-17,-2.23332578487029e-07,-2.73159735101269e-09,-8.08732429910935e-09,5.64991699877244e-05,5.73741918424873e-08,-3.88831277361916e-09,-1.49418186470083e-07,3.99510675506265e-08,-2.12372978509322e-06,2.53113981174924e-07,-5.15906369875244e-08,-9.34847982459377e-08,-4.95024743679464e-09,-4.90785717643417e-09,-9.37287579285471e-08,2.10340205291038e-05,-1.00545034773684e-07,9.32011516644518e-17,-2.07953061287954e-06,1.63586273907966e-07,7.52940290985528e-09,4.16121305483863e-08,-1.95416295538605e-07,-4.21016654631902e-07,2.59449339470503e-06,-2.02877205975854e-05,-3.67581435880335e-08,-1.87950231910082e-16,-8.34513477935537e-08,-0.00130726077589948,-7.47059458443435e-08,-4.17089227803585e-17,1.47716516339982e-07,1.49336708741427e-06,-2.28214042951525e-07,-1.21792864231829e-07,-4.07743120096222e-08,-2.1866173294117e-08,-7.83044247209517e-07,2.19109613591685e-08,2.32943381964855e-07,1.48150261416007e-05,4.79139625956326e-08,4.83290866672836e-07,-3.98956607181093e-17,-1.9226771753279e-07,9.02853627610949e-08,5.84651575842477e-07,-5.89829678196204e-08,-1.01794077283657e-16,-5.73483702003191e-08,7.42503107301236e-08,-2.57600020916053e-08,-2.29176122723316e-08,-5.80300645923597e-08,4.29195891640383e-07,-8.1858892471977e-07,1.14533907712795e-07,1.5960389030714e-16,4.19901000981056e-07,-5.60515058838605e-07,2.48754532435767e-06,5.21080900127596e-07,-5.29650129436861e-08,-3.55820478175084e-10,2.77555756156289e-16,5.68848598437612e-17,-3.44982053705565e-10,-3.08166143438171e-07,4.06479664699386e-08,-5.90810365338274e-08,2.06766761668787e-16,-2.83286681213711e-08,-3.36193476638067e-10,2.23627522255194e-16,6.1913551789101e-17,-3.21818055990396e-16,7.25398825468155e-08,2.14482915075985e-07,-3.13182764173877e-07,1.87196315016003e-07,9.35067585319462e-08,2.17105371998739e-07,-0.000124287752539415,-9.55710222918992e-19,-4.80548393982029e-07,3.61938548119017e-07,7.24088645442338e-17,-1.61957443172413e-16,-1.2382823778157e-05,-1.83653240001947e-11,-1.42289943588048e-07,1.12262023704138e-07,1.44585203442072e-07,-7.80384862448796e-09,3.80512917359648e-16,-2.63724883570979e-08,-1.20838604316522e-16,-9.12333928133467e-08,8.61290205822485e-16,-1.67859512586282e-07,1.22123197864542e-17,1.33432362313184e-07,1.85240334887727e-07,1.17136066395816e-08,1.5617907597266e-07,8.62320618268061e-07,-6.39817825200665e-08,6.65453320416292e-07,2.26770572629345e-08,1.10411766787456e-07,1.05140171299663e-08,1.76929004378145e-07,-0.000113343052958955,-1.59968160999203e-07,-1.54009077671456e-08,-4.11312599817888e-07,4.08695176138159e-16,0.000341444666829476,-0.0641350789331228,-1.36904873418471e-08,-3.40168228378433e-12,-8.50996679046074e-10,-1.70369001451304e-10,2.40268046357171e-08,-9.48215473560917e-17,-1.18686045430203e-05,-8.40607700324279e-09,-4.46165741290187e-16,-1.32931998538489e-08,3.36510350815595e-07,1.02810581798588e-16,-2.14384291124727e-17,-2.75662251877748e-06,-1.05194166436359e-08,-6.18025530116626e-11,-8.85075232594992e-08,2.50289008670925e-08,1.03823378940997e-05,7.1138798894438e-09,9.23486700491033e-08,-1.62439654003767e-07,1.00071860520412e-15,3.73812373990187e-09,2.33843389389573e-10,6.49770289199288e-10,6.12892945606437e-08,1.30780773350742e-17,-2.48347500091944e-17,2.03673430616889e-08,1.92879990786076e-17,-6.19351086950306e-17,1.35210654796461e-07,-1.52537571028943e-07,-3.12099847227907e-07,-1.74366177461312e-09,8.01451360285888e-06,5.52934868370431e-08,4.78424718683212e-09,-6.88179914236064e-17,1.23718315495007e-08,5.8133585440095e-10,2.67285893854965e-09,-9.88014105357869e-06,1.19980114446551e-06,1.04146208526836e-16,-1.19005075623084e-16,2.08182591030999e-16,-9.6080574455585e-09,-5.13597877878851e-08,-2.70196473411064e-08,-2.81049066037354e-16,-5.01164631338799e-06,1.98945859827206e-16,-1.07125341884028e-17,5.97459641372483e-07,-1.31216804342325e-08,9.10729824887824e-17,-3.24750376057859e-08,-2.33732543452884e-05,1.02559289440109e-16,5.03260307230078e-08,1.34710943041718e-17,1.35214839901005e-08,2.65413559429619e-17,1.34977615662317e-08,1.16895864977772e-07,1.52508472105017e-06,3.9845273543747e-09,2.73957480955749e-08,-9.54453663159615e-08,3.82252320444131e-08,7.58080548338901e-17,1.75579946357277e-06,-1.58310771721373e-07,4.53642351919587e-17,-1.30808435609348e-08,-3.8461706404036e-08,6.21943703605036e-08,5.38133268993569e-17,2.93526903905027e-08,5.45032171652035e-05,1.27446920545431e-16,-9.38870385811129e-08,-2.08832419236721e-08,-1.5208638284587e-06,-9.57061726108417e-17,-2.99325299350272e-17,1.97409275207817e-08,6.05929295369008e-09,4.90461004483216e-10,-5.51816284578733e-08,3.63058147908882e-09,-8.17617238573029e-18,2.17421229450078e-17,1.3266856646027e-08,9.14582525709539e-11,9.75365590310701e-18,3.21157683415222e-08,-6.2753538494218e-17,1.83607615655174e-07,-6.1669455481498e-09,-3.60377946730089e-09,-2.3904528629292e-08,-5.45788014101918e-14,-3.68448688502428e-17,-1.94783914504661e-16,-1.44789125324061e-13,-2.64421602524056e-06,-4.64030792812626e-08,-2.09501993337897e-16,2.53438897003109e-17,1.06688297311436e-16,1.04098728833542e-07,5.88092865307595e-10,-5.16163907883193e-08,3.56958411073949e-18,1.88325917360732e-16,4.08744219027035e-17,-2.01906112360109e-07,6.82056085581061e-08,-5.760477209576e-17,7.53560198791761e-09,-1.01263848596392e-05,1.5405678945698e-17,5.24892357661027e-17,-1.96605767800533e-08,-2.01474735294708e-10,-9.7545893339094e-09,-1.71021655081585e-17,1.09969975464655e-08,1.60310751188397e-08,1.72243583758105e-08,-1.5729210425747e-08,-5.60533390358751e-08,4.77900908668578e-09,3.7866281626863e-17,-1.6533178070962e-16,-5.79996007324971e-17,9.12909368941881e-08,-1.31524095203134e-07,-4.50305519079395e-09,-3.55389936199114e-09,-1.08225008369601e-17,-7.01807775602202e-17,-2.05529612271035e-16,1.30696981200803e-16,-7.92177938397779e-17,4.40662979679227e-07,-6.82469577133938e-17,3.09839366219658e-17,-2.75808834611219e-09,-1.51492174887654e-16,-2.46912106498106e-09,9.31728534928462e-18,-3.06149407910408e-09,-8.34591120194148e-19,-3.71577642943099e-09,-4.65279889648096e-10,-2.93914665508171e-07,2.32787655229825e-17,1.49606955254838e-08,-3.95932006339832e-17,2.12749896924541e-08,-9.70911123976439e-07,2.07415189755282e-10,-1.07532698980768e-16,3.0319075170617e-08,-2.42037088847612e-16,-7.46524189516983e-09,-4.21403078389393e-08,-9.54430633646279e-18,1.54693733704285e-17,-1.19683911271203e-16,-4.86579482938512e-16,-1.41667521705562e-10,-1.84549391626139e-09,-4.12272891012225e-10,1.12177478069838e-16,8.3664802851121e-18,-5.86917276087219e-06,2.46134904386026e-07,1.6193694347505e-16,3.83414652646525e-17,-1.88752847154088e-09,-5.71825948283365e-17,-1.33837869948944e-08,9.89005652739425e-18,1.26561068923932e-07,2.88138692730476e-18,1.40830828498927e-16,1.01624351241665e-16,-3.19112416000375e-16,-4.98271807960455e-17,3.47571283017866e-17,1.68641905762326e-08,-1.17945779440442e-07,-1.10264485436676e-17,-1.13350151482243e-08,4.31367751206733e-08,2.55995083522841e-16,-2.04359304910939e-16,1.50329401396668e-16,-1.06788001790617e-16,4.26101739947971e-09,6.81746516869323e-10,-1.9421485386308e-16,-9.72789112508891e-18,-7.74562348689641e-09,-2.76320234706847e-08,-5.59676383475405e-07,-1.72824946607785e-16,1.34713322093108e-17,-7.6324282579251e-16,-2.07597639633412e-16,7.32888976660883e-17,5.24783078514063e-17,1.6385004673276e-08,-1.55023050045293e-08,-2.98179891560526e-09,-3.33347432285854e-17,1.216499220164e-16,1.2076780086414e-16,2.01522997683741e-17,-4.40560772946151e-17,-1.15389566678619e-16,-5.48766381913866e-17,3.42749323694633e-17,4.27333720992378e-18,4.86308328133401e-18,-1.43200053646345e-16,-1.41293773994017e-16,-2.9879675510487e-17,-5.06255344975916e-18,1.13581727715621e-08,5.2955200886035e-15,-2.02248032737051e-16,-1.01481339794645e-15,2.5579510884605e-07,-2.8040290179197e-10,-4.72998979932046e-17,-4.15242173965931e-09,2.33965568281007e-07,5.10522595338427e-18,-4.66984519859457e-17,-4.10963117828104e-08,-1.04228646292611e-16,5.77081303490928e-09,-2.35700757044658e-16,5.10442670484128e-17,-2.39251178783253e-18,8.18292556382416e-17,5.1483763012127e-10,-7.07054979570351e-08,-7.53813137252657e-17,-1.8586575682086e-16,-1.61063165451204e-17,-6.11361403701863e-17,7.50267903359969e-17,2.56384777315129e-16,-8.42515003364247e-18,1.07913050680973e-16,5.90735422025826e-09,-7.82161673354328e-18,9.62987333467377e-17,-4.37335490664063e-17,-8.2145045803145e-17,1.77925724399022e-16,-2.26907325810016e-16,-1.68924965262909e-08,6.55342299756768e-18,-4.25825002830458e-17,1.25970252879415e-08,4.35816198194532e-17,1.04378641508377e-16,-8.2519804214268e-18,2.92094809393202e-17,3.68482099386876e-06,-4.0776884437291e-17,-7.7723841391797e-09,1.11277230914344e-18,8.13482775478453e-18,-2.84417666598122e-16,1.05879118406788e-18,3.69570858125804e-17,1.02949917705294e-16,2.81108658415596e-10,-4.48693095167088e-16,-8.97427034962339e-17,1.09548371356553e-08,-3.51154822442155e-08,2.54410482651815e-17,2.46121086072933e-08,3.60534980776525e-09,4.81600222108725e-17,-1.13215084813158e-16,-7.04032330544528e-17,1.39801690663613e-16,6.18353454050664e-17,-6.07048049922696e-09,5.64471366256982e-17,-4.51758807078866e-16,5.76830387395829e-17,2.43182447797085e-09,-1.68734180669282e-16,2.55763907721062e-16,1.82533261352198e-16,4.73964249178917e-17,-1.10886455379549e-09,-7.39889518979776e-18,4.38975025566461e-07,5.10009813344992e-17,4.54708795405555e-17,7.61078607176073e-17,1.31665958739261e-17,5.55943211360629e-18,-4.33920157105921e-18,-1.85104483926189e-17,-4.00061559868815e-08,-1.02934098509888e-16,-1.72081664822776e-17,2.67407186919569e-08,2.59948281394621e-16,-5.96990806778713e-17,4.93225851319734e-17,-2.53916872070448e-17,5.53030501573535e-17,2.07450790014593e-17,-1.76905646301357e-08,-4.13857216304336e-17,-4.88357343046848e-17,5.77974241277422e-08,2.36420232176878e-16,5.2614179683357e-16,6.29043089791986e-17,8.09848617957255e-17,-1.87054870363872e-16,1.94395566598631e-16,-2.67380961393992e-17,7.74561117972285e-17,3.23653238058499e-16,7.00679067789983e-19,1.1174884062964e-16,-3.03671815871224e-08,6.33705925725193e-08,2.65350135560432e-16,-4.34407742640722e-16,4.10675138538554e-17,-1.11837929023165e-16,2.94469310047063e-16,2.72343643452266e-17,-8.75089787141185e-17,-4.47092526283734e-16,-7.96762178793411e-10,3.8476913070434e-17,-1.09400643580623e-17,7.88629783632355e-18,1.34655830931038e-16,1.02117620448048e-09,1.45175248690213e-16,-1.11814813689966e-09,-8.76874042695469e-17,2.67016270018975e-17,-3.47782214516271e-16,-5.06829574494287e-17,-5.27886900655114e-17,1.71013137478913e-16,2.00633464250549e-17,5.50356037677457e-17,-1.68791056920888e-17,-6.21221474331438e-17,-1.08539606506425e-16,2.25838103929738e-17,-2.80883539377256e-16,3.56484210183292e-17,-3.41371940025254e-17,-2.43285751398279e-16,-2.78212417073792e-17,1.47511594041122e-16,-5.5104187868479e-17,-6.63828628864567e-17,1.25767452008319e-17,-5.1182169382587e-16,-3.8634175697765e-16,-1.88276806784275e-16,-6.5778218819718e-18,7.74469540900162e-11,4.42241784937764e-16,-1.22609542870219e-16,4.40341059027238e-17,1.43791343784239e-16,-5.16611182353069e-16,-5.05538804067595e-17,-6.36415235573913e-17,-7.06343797782631e-18,-5.22836865242e-17,-2.66664396762011e-17,-5.74193470548323e-16,1.07445977206761e-16,-7.37449867406461e-17,-3.58795195642825e-17,-1.08032500424776e-17,-1.77213736753662e-16,1.23054058441031e-17,-9.99687243457885e-10,-5.36853980575486e-17,3.96039001737468e-17,6.8293549149071e-17,4.40438709915214e-17,-5.03399841933794e-17,5.57770747567801e-16,1.06498538907397e-17,4.28610730173524e-17,2.98568159074664e-17,2.12456225994983e-10,-4.98502223937939e-16,1.04890524163583e-16,1.55014345240045e-16,5.79962595872942e-17,7.16431053370197e-17,2.02378968791966e-16,8.09668293108177e-17,-2.58822754744458e-17,-3.88950771389623e-17,-3.71518914497619e-17,1.08376097221199e-16,-5.98454943375479e-18,2.30515025524789e-16,1.07515671207928e-09,2.09450257223629e-16,3.89550483777753e-16,-2.21366710979043e-17,2.54136989230602e-16,-3.24078732507251e-09,2.23057708055649e-16,-1.83044304894288e-16,2.81503779777255e-16,3.91336912689108e-16,-2.31206028741284e-16,8.8751621324183e-16,-5.09613530934519e-15,3.68110757139281e-16,-2.12415709308491e-16,3.6444568133436e-17,6.21301576064635e-15,-3.84093545834715e-15,-0.707106781186547,-2.62075359786296e-15,-3.22460281603749e-16,1.18869593722021e-15,-6.62967497229967e-16
"t984",-0.0456852227638243,-0.0713071633382486,0.0251168642457587,0.0344693438395316,0.00274827646731657,-0.00119728747271252,0.00668353557921232,0.000121740174255402,4.84954929932923e-05,-0.000164707500382946,-4.33815621772076e-05,-0.00353117821565547,0.00901558088094248,-0.00193075210781463,-0.0024844704675939,-0.00522792447457788,-0.000622533733039648,0.04143923339441,5.19295274881938e-05,2.73896165427501e-05,-0.000458079637123089,-0.000450728164932444,0.00331921166889428,-0.0691979989883284,0.213699549854831,0.000614093104837512,-0.000708429084564187,0.000650709553873999,-0.0113419246141036,0.00506532126587019,-1.44741241653285e-05,2.58716537231567e-05,-0.0115934650856957,-6.73754414144892e-05,-5.99075759024772e-06,-6.78709707825309e-05,-0.118945532896677,-1.34311842713661e-05,-7.22744293676274e-05,-1.05825262264657e-05,-0.000234064863278509,1.56196248919145e-05,-0.000143489226046915,8.35566808664584e-06,-0.000211211449483107,-2.6632226919112e-07,0.00294688945716722,-2.02160426301889e-05,4.41126956504014e-06,-1.14439289314074e-05,0.000165748683514317,-9.11329934858029e-06,1.292476038098e-08,-3.14701121628003e-05,1.86044945984637e-06,-1.97384328815186e-05,8.52349013681837e-07,-5.82350766078724e-05,1.98001740426552e-05,-2.21202597932124e-05,-1.97233810372901e-05,3.08495340612243e-06,-0.000101515450659598,5.41326113576936e-05,-3.92461269620479e-06,0.000153776010107596,-5.87200764709584e-07,2.09652312047467e-05,-5.76274846411231e-05,2.28591757979556e-05,-0.00065813779391985,5.96349370380542e-05,-2.95005137678087e-06,-0.0081472788033737,0.0034147944436575,3.76785145818548e-08,-0.000264347398008738,6.80309975004825e-06,-3.1238333713828e-05,-3.96925880032388e-05,1.35002447910344e-05,0.000209621856631224,-3.63166175316386e-05,-0.000261926400677164,5.14034777614628e-05,0.0299410407999025,0.00240469097000234,3.13426902187858e-05,9.5803883612573e-06,-0.00214230682980323,3.48359972701466e-05,-2.13530092602748e-06,-1.81882740562939e-05,0.00291422435638993,2.08088694724644e-07,-8.52456021319757e-06,-0.00182890407375219,-3.62360626792727e-05,5.33135262068268e-05,1.45165397891819e-05,1.44504425294629e-05,-0.210064679937441,-1.30137314166146e-05,-2.82746126055579e-07,1.41261133633061e-07,-0.00214775015187323,2.8820062964162e-06,-1.3194295554904e-06,4.73787975074807e-07,-1.07837544677985e-07,-4.63071231847804e-07,-8.86111033563455e-07,1.44693264825975e-06,-3.60145372344149e-07,8.69533317932874e-10,4.43252296291505e-08,-1.14606962431314e-07,2.57488475445513e-07,-3.84198001809842e-07,1.16186588068256e-06,-4.78843352766783e-06,1.50931104578368e-06,-1.63838147169165e-06,-4.52298153642683e-06,1.49884748736171e-06,-1.60947234666573e-05,1.64933256194787e-06,-5.71238648618135e-07,1.45472663854893e-06,4.84528294401521e-05,-0.000388521595716014,7.79786822812681e-06,-0.00187170325428418,2.58172450294399e-07,2.87316600608362e-07,1.37902218838618e-06,-1.01719547506392e-08,-7.4287066528926e-06,2.53870700108469e-06,-7.32097346253786e-06,-4.7511304500512e-07,-1.85400050120603e-05,3.66931661477977e-06,2.35324250998913e-07,7.4245989090247e-07,-4.83522444625765e-08,-2.39666078200139e-06,3.91096753926268e-07,2.60382999973878e-08,-6.70889832749891e-08,-1.04632613087477e-05,-3.17538883165563e-07,-6.88326233841281e-06,2.6115914408772e-06,-8.91034951359231e-07,-8.01161077519856e-08,1.23106363991015e-06,-0.00966982472360112,1.90357096399334e-07,1.44358802869307e-08,-0.00698694140786852,-6.75704460995906e-06,5.96879885945512e-07,0.000107616540563378,-3.84305147136104e-06,1.20750058163056e-05,1.018709320448e-07,2.19411616180708e-09,1.14787755863135e-07,2.62157925026091e-07,-7.04293095659396e-06,-7.27905993297863e-07,1.35736900514704e-07,5.32632820846242e-08,1.72039551413318e-06,2.48247701592203e-08,1.59808335076977e-07,-8.62643795284811e-07,-6.41108355332951e-07,-2.07157372536713e-05,1.34407477034904e-05,4.50763168102036e-05,-6.3708303520617e-07,-1.29899645367816e-05,-8.38101129950414e-08,-8.24492161533557e-05,-3.26713936981209e-06,8.84627115087821e-07,3.99386511808368e-06,-3.66545836507181e-05,-1.2214600171129e-07,2.49667261765315e-07,1.02947072412558e-06,5.4419743056969e-06,1.94266864757374e-07,-3.14629786122355e-07,-5.98945435198938e-07,-3.26504791495379e-06,3.9804892972673e-07,2.464913297398e-07,2.5150514538014e-07,5.29558266868439e-05,-1.1891729117329e-08,-0.253125882204718,0.000652223549125609,0.00105188254235888,-4.77866948269569e-06,-0.000115201619307604,1.1638796811326e-05,8.081588083888e-05,2.26769081746284e-05,-7.36084937718077e-05,0.000288601690711436,7.19865797354184e-07,4.57887351639668e-07,5.38798733417825e-07,-6.19438519353212e-07,-5.09467305606359e-08,6.94372008258854e-08,2.79396826524914e-07,1.41250255489803e-06,-8.23476410107865e-06,-2.92185848297258e-07,-8.59140496537709e-07,1.5888731402245e-07,7.56311341055338e-08,7.83698143958618e-07,3.40582035753884e-08,3.64314815667831e-08,1.52360539908506e-08,-1.99888239129471e-07,-2.52866938499272e-08,5.47076137078091e-10,1.72959404524581e-09,-4.67977820036062e-10,-1.12328790096794e-08,-7.71861225518734e-08,-3.39943434480725e-16,-1.54077935448968e-08,1.2125933308467e-06,-4.44446771163746e-08,-9.32909353190596e-07,-1.66239810537089e-07,1.99884639730322e-07,-3.80689609918651e-08,1.41528742020512e-06,-3.26147604293489e-09,2.2525194214406e-10,-5.95003561040743e-07,5.70332287854535e-07,-1.83157753819194e-08,2.52990934547898e-06,-1.23574618044915e-07,5.640334850258e-08,-3.92303708203652e-09,4.82423290586109e-05,-4.9753708930368e-05,3.26832830825735e-06,1.17558145222949e-07,-2.44791540649e-08,6.11445693824248e-07,-1.24883555205968e-07,1.46002123904741e-05,-1.29684138985092e-05,9.77794104385875e-08,-3.42633585159606e-08,3.31428613070103e-05,7.67415146976786e-05,-0.00680923390947164,-9.46326702796403e-08,-2.57319135565266e-08,2.29136163556479e-08,-2.75092660365459e-06,-1.41488580184435e-06,4.10120532767084e-07,-1.11197569905295e-05,1.17524368752817e-05,-0.0391255398199616,-6.38718319011652e-07,2.59010394905542e-07,-6.70473958504015e-08,-1.98776465402325e-15,6.53932075983682e-08,1.98192339471489e-09,0.555013220475297,-2.8183092703764e-06,2.05253802429004e-09,-1.56247710581479e-09,-3.96193025088064e-08,7.79965209795989e-09,-6.34156736007376e-08,1.66996653205643e-07,6.6290593560408e-09,-6.9896080375426e-09,9.25990147769724e-08,-1.14159357586864e-07,9.9605790864605e-06,-6.34229768388437e-08,7.61001485495051e-07,3.81748204492783e-09,3.29357554700379e-08,1.70053271921347e-07,-1.50211852192536e-06,8.23528625701244e-06,-1.37538664545453e-07,1.86553832288613e-07,-6.78500327195268e-07,4.35342616398403e-08,3.9378942443378e-08,3.00964863078379e-07,-8.10446950053753e-07,-4.09146624158976e-08,5.35504140306422e-07,-2.2010030056628e-07,5.44936592984143e-09,5.08424330115609e-08,-9.93009203655418e-08,2.20038806765774e-17,3.21981394548804e-10,7.07556695928684e-05,-1.139897899613e-07,8.40515119420225e-08,1.20202411338389e-07,2.21377160670942e-08,5.18278745692648e-08,-7.63691582295405e-07,2.86577841259549e-07,-8.2673615119724e-17,-2.23332578343674e-07,-2.73159731060892e-09,-8.08732450708734e-09,5.64991699877705e-05,5.73741919501872e-08,-3.88831279571086e-09,-1.49418186510851e-07,3.99510675309333e-08,-2.12372978509115e-06,2.53113980909973e-07,-5.15906370757813e-08,-9.34847980352926e-08,-4.95024748815937e-09,-4.90785730415319e-09,-9.37287579862567e-08,2.10340205292822e-05,-1.0054503473973e-07,-6.0116323990685e-17,-2.0795306128231e-06,1.63586273864598e-07,7.52940289618703e-09,4.16121304782595e-08,-1.95416295539631e-07,-4.21016654539905e-07,2.59449339479568e-06,-2.02877205976353e-05,-3.675814365664e-08,-8.05145828735436e-17,-8.34513479079598e-08,-0.00130726077589937,-7.47059456891443e-08,-9.35423066513623e-17,1.47716516315261e-07,1.49336708739713e-06,-2.28214042931421e-07,-1.21792864061538e-07,-4.07743120510936e-08,-2.18661732866368e-08,-7.83044247195316e-07,2.19109615198317e-08,2.32943381823075e-07,1.48150261415738e-05,4.79139626145445e-08,4.83290866637875e-07,-4.92938397693588e-17,-1.92267717719818e-07,9.0285362798986e-08,5.84651575951673e-07,-5.89829678012528e-08,-3.41104904373655e-18,-5.73483700003473e-08,7.42503106997659e-08,-2.57600020214489e-08,-2.2917612573099e-08,-5.80300644256905e-08,4.29195891723979e-07,-8.18588924804281e-07,1.14533907331991e-07,1.47380122693314e-16,4.19901001036306e-07,-5.60515058801742e-07,2.48754532445168e-06,5.21080900134285e-07,-5.29650129436622e-08,-3.55819955120522e-10,1.52655665885959e-16,1.28109272183667e-17,-3.44981918855823e-10,-3.08166143581367e-07,4.0647966495231e-08,-5.90810363961971e-08,1.78459788512609e-16,-2.83286679120795e-08,-3.36193713840058e-10,-1.50624024032226e-17,3.62093249362287e-17,-2.84788347119528e-16,7.25398824103374e-08,2.14482915189938e-07,-3.13182764053922e-07,1.87196315147243e-07,9.35067585124593e-08,2.17105371971574e-07,-0.000124287752539567,-3.545040545844e-17,-4.80548393922449e-07,3.6193854802923e-07,8.14257203121281e-17,-2.01437289297394e-16,-1.23828237783112e-05,-1.8365429558489e-11,-1.42289943657495e-07,1.1226202368046e-07,1.44585203490706e-07,-7.80384838253688e-09,-9.2687120821646e-17,-2.63724882978998e-08,-3.33388304510949e-16,-9.12333929071218e-08,8.39714582590023e-16,-1.6785951267887e-07,3.35644677824353e-17,1.33432362333455e-07,1.85240334695173e-07,1.17136067828605e-08,1.56179075974719e-07,8.62320618099243e-07,-6.39817828925433e-08,6.65453320466887e-07,2.26770573475783e-08,1.10411766961635e-07,1.05140172040942e-08,1.76929004216597e-07,-0.000113343052958954,-1.59968161130235e-07,-1.54009080468588e-08,-4.11312599862987e-07,4.43086675147125e-16,0.000341444666829616,-0.0641350789331233,-1.3690487345708e-08,-3.40157122562583e-12,-8.5099661521117e-10,-1.7036888340161e-10,2.40268046570716e-08,-1.02505120407573e-16,-1.1868604543001e-05,-8.40607672802379e-09,-2.92475151813324e-16,-1.32931997471199e-08,3.36510350818861e-07,7.7637486428525e-17,4.18951497725061e-17,-2.75662251878063e-06,-1.05194165363348e-08,-6.18027994731862e-11,-8.85075230230673e-08,2.502890098052e-08,1.03823378942017e-05,7.11387939450305e-09,9.23486704664776e-08,-1.62439654100144e-07,1.10133256681078e-15,3.73812371268279e-09,2.33843409895272e-10,6.49770297560758e-10,6.12892946102655e-08,1.08386695246163e-16,-5.10660171155813e-17,2.03673429697526e-08,-6.13871540635657e-17,-4.70887185047863e-17,1.3521065464903e-07,-1.52537570949128e-07,-3.12099847046267e-07,-1.74366182720599e-09,8.01451360288742e-06,5.52934868530981e-08,4.78424725928526e-09,-6.95094982994526e-17,1.23718318925529e-08,5.81335700522857e-10,2.67285953737624e-09,-9.88014105351949e-06,1.19980114444157e-06,8.63481334378392e-17,-2.38344997047179e-17,2.19715760185936e-16,-9.6080577437429e-09,-5.13597879347184e-08,-2.70196474292034e-08,2.52556921863607e-17,-5.01164631362214e-06,1.11559164724875e-16,-1.38195976383867e-17,5.9745964125646e-07,-1.31216803693671e-08,3.52148865623292e-16,-3.2475037716552e-08,-2.337325434505e-05,-3.34674256253115e-17,5.03260304881425e-08,3.25537167281255e-17,1.35214840467308e-08,-1.81714520520711e-16,1.34977613543252e-08,1.16895864766561e-07,1.52508472100357e-06,3.98452689495562e-09,2.73957483695248e-08,-9.5445366356077e-08,3.82252319911644e-08,8.12133589224392e-17,1.75579946363137e-06,-1.58310771750062e-07,4.68318140505278e-17,-1.3080843231032e-08,-3.84617064828897e-08,6.21943703390297e-08,8.08659575887135e-17,2.93526902521666e-08,5.45032171651555e-05,-5.07666049829801e-17,-9.38870385331743e-08,-2.08832422652496e-08,-1.52086382845586e-06,3.679367083418e-17,-2.81768165566253e-17,1.9740927206294e-08,6.05929340869596e-09,4.9046111865885e-10,-5.51816284312358e-08,3.63058191818975e-09,-3.95023283971151e-17,-1.86017183066866e-16,1.32668563731663e-08,9.14583490752887e-11,-1.25334361140799e-16,3.21157687673036e-08,-2.63626039603972e-17,1.83607615457872e-07,-6.16694559672291e-09,-3.60377945373481e-09,-2.39045291244209e-08,-5.46033920159104e-14,-2.91144345086444e-17,8.00792843953577e-18,-1.44676231022561e-13,-2.64421602525752e-06,-4.64030792268018e-08,1.13160455797691e-16,-2.49949141101049e-16,6.99603902992093e-17,1.04098728872257e-07,5.88092780424305e-10,-5.16163908442023e-08,-2.99311058201722e-17,-2.60750622482764e-17,2.86229373536173e-17,-2.01906112336419e-07,6.82056086386446e-08,7.77559745548396e-17,7.53560193527962e-09,-1.01263848598867e-05,-2.00687361744517e-17,3.48425885330982e-17,-1.96605769807514e-08,-2.01474701411802e-10,-9.75458936042471e-09,-4.62883906500677e-16,1.09969976166441e-08,1.60310750971853e-08,1.7224358176585e-08,-1.57292103277635e-08,-5.60533388376931e-08,4.77900940360824e-09,9.88288874765491e-17,7.17818046520333e-17,-3.18199842399297e-17,9.1290936916712e-08,-1.31524095082086e-07,-4.50305558009771e-09,-3.55389923735554e-09,-7.89332671586258e-17,3.88138607412528e-17,1.62902230227364e-16,-4.868822065481e-17,1.42108535043255e-16,4.40662979647853e-07,2.20621823148912e-17,-3.50872460190431e-17,-2.75808745770831e-09,1.20672998792261e-16,-2.46912088985419e-09,-9.69450660350739e-18,-3.06149392082126e-09,-3.30724332416954e-17,-3.71577678089541e-09,-4.65280186313863e-10,-2.93914665576613e-07,2.24174484834569e-17,1.49606954216443e-08,4.05523759541161e-17,2.12749892809568e-08,-9.70911123913111e-07,2.07415083661276e-10,2.38303453200088e-17,3.03190749342698e-08,7.26680098915073e-17,-7.46524199960111e-09,-4.21403083230985e-08,-1.02153948070114e-16,-9.94578045326602e-18,1.16731544697568e-16,-5.3174167058406e-16,-1.41667481883858e-10,-1.84549410474784e-09,-4.12272357236021e-10,5.39332521068281e-17,-5.11270112597086e-18,-5.86917276087425e-06,2.4613490461501e-07,-1.90271246719649e-16,1.32006927087781e-16,-1.88752891073479e-09,5.68398560201762e-17,-1.33837868934383e-08,3.89864738490757e-17,1.26561069434427e-07,-8.81266615117204e-18,-1.20940132342756e-16,-5.89951273250576e-17,-9.23528329166249e-17,2.77599827260943e-17,1.66650322584649e-16,1.68641905970491e-08,-1.17945779374956e-07,8.06724229014384e-17,-1.13350150848755e-08,4.31367753238325e-08,-2.43453878602414e-16,1.36682728335704e-16,1.8324170333692e-17,1.05466952638919e-16,4.26101800985621e-09,6.81746306442741e-10,-4.02853875272641e-17,4.69237122843286e-17,-7.7456237810123e-09,-2.76320238181478e-08,-5.59676383672062e-07,1.70722808931724e-16,-1.70008779587334e-17,-2.06784625101802e-16,1.71111276036236e-16,-7.86947289514929e-17,5.06918268572552e-17,1.63850042240008e-08,-1.55023046896261e-08,-2.98179873533483e-09,-6.8985988853172e-18,-1.00358166651885e-16,-9.18160139022143e-17,-2.03487261959322e-17,-5.45701473376747e-17,2.11361841855653e-16,5.59008650932987e-17,1.76845127093789e-17,4.04744402096289e-17,5.31054906589881e-17,-9.46618002506963e-17,7.10573128720665e-17,1.93931155410679e-17,5.28281211330599e-17,1.1358173708716e-08,5.3077314880582e-15,2.32660206418063e-17,-9.70220683968588e-16,2.55795108858362e-07,-2.80402939666889e-10,1.42001975821124e-17,-4.15242163861159e-09,2.33965568364782e-07,1.97749991972828e-17,2.15111707923947e-16,-4.10963121265432e-08,3.84760990969137e-17,5.77081295818589e-09,-2.1644534210453e-16,-1.77908571981563e-17,1.93879368988936e-18,-1.00376769878997e-16,5.14837372300217e-10,-7.07054978872938e-08,2.54494794828778e-17,1.93905127982038e-16,-3.41239571413453e-18,-1.11172070626606e-16,-8.00141203294302e-17,3.91921893234681e-16,2.0846071415832e-17,-9.04552885040971e-17,5.90735452940497e-09,5.66544741553222e-17,-4.12746349109049e-17,8.76084980001549e-18,5.13476129388752e-17,-2.6823526278166e-16,-2.14205105840243e-18,-1.68924961952839e-08,2.01330684958751e-17,-4.0039888120133e-17,1.25970259878161e-08,-7.84158793930812e-17,-1.71853416668913e-16,7.78192175540753e-17,-3.13591037238421e-17,3.68482099370664e-06,-3.04703676195563e-17,-7.77238315836976e-09,9.63049129029459e-17,-5.6325689552032e-17,3.11778346420855e-16,2.2556487385382e-17,-4.43441441165512e-18,-1.36929799968624e-16,2.81108678485777e-10,1.91331279944489e-16,1.28011285752051e-16,1.09548375866292e-08,-3.51154822756032e-08,1.74715699664412e-17,2.46121082030146e-08,3.60534924961247e-09,3.04048587742254e-17,-9.48378666185562e-17,1.05379659799544e-16,1.16978653198035e-16,4.63541672079079e-17,-6.07048080178119e-09,-2.55679340826164e-16,6.07628688183876e-16,-8.44274198724401e-17,2.43182430760034e-09,-1.45336706513902e-17,-1.52506176381094e-16,-1.32785369808006e-16,7.17416394878677e-19,-1.10886362782224e-09,-3.33683627879962e-17,4.38975024781327e-07,-8.87303336763307e-18,-1.46622639731984e-16,5.80408844082389e-17,-6.4435417062084e-17,-1.56683121961675e-17,-1.68533902126356e-16,1.15258091755601e-17,-4.00061558415984e-08,8.41087295398977e-17,-4.3179342287832e-17,2.67407190165094e-08,-2.68784017700287e-16,2.8278596011943e-17,-6.06436660010807e-17,2.06526762194099e-17,-7.20851266496264e-17,-1.07158012542354e-17,-1.76905641281467e-08,8.93310828889255e-18,-7.78839061546327e-17,5.77974241701074e-08,-8.38172628676587e-17,-5.11093196574746e-16,-1.26055315413713e-16,-1.18712086259803e-16,1.97350070086813e-16,-1.96054625866043e-16,-5.59496357814086e-17,-9.21791281678064e-17,-2.71445744847669e-16,4.68120101992951e-17,-1.18484759898964e-16,-3.03671816958103e-08,6.33705926079726e-08,-2.07751714200883e-16,3.83844847521421e-16,-7.20575272783853e-17,1.22393190470471e-16,-1.92554305833426e-16,-1.91053388848183e-16,-2.59702754412236e-17,4.25594018493271e-16,-7.96762052103115e-10,8.36854488976379e-17,-6.47533628078594e-18,7.78723315543933e-17,-2.83538050143747e-16,1.02117620131067e-09,-4.86269118252547e-17,-1.11814772289708e-09,6.55825534728503e-17,-1.13217795199169e-16,4.72298595968537e-16,2.34889235277993e-17,-3.25060738688947e-17,-5.72621444487987e-18,-2.1104979025971e-17,4.17033517576643e-16,-4.50809969251931e-17,-8.46424808339172e-19,7.48536539840097e-17,-1.74295001575198e-17,3.10059710961568e-16,-3.3843816718735e-17,3.04703386804824e-17,1.67078387095082e-16,6.76228898970621e-18,-2.96031302460701e-16,2.19452438711487e-17,1.28213165578648e-16,3.10081821330854e-16,4.06523692657772e-16,4.15181804086571e-16,1.31567046925464e-16,5.52790317533331e-17,7.74469415003008e-11,-3.53758708323866e-16,-7.20857216323941e-17,-5.55794703740305e-17,-4.24146300525835e-16,4.94343570766832e-16,8.48828817251665e-17,1.36488881490154e-16,1.36325454747721e-17,-2.51901177006968e-17,2.53153700077167e-17,3.96817995129695e-16,-9.6476536214981e-17,-3.38378895154143e-16,5.25728717786818e-18,1.66255859919472e-16,1.56059519114112e-16,5.51171603931196e-18,-9.99687315731396e-10,7.30362091417573e-17,-1.00686555515767e-16,-3.00315453854219e-19,-8.46189057494349e-17,1.32587070386407e-16,-6.14162951279994e-16,9.40375646431983e-18,-8.58842463181115e-17,-2.06087944918e-17,2.1245636643834e-10,7.15587368811328e-16,-2.35334209223557e-18,-2.04006230424661e-16,-3.48465367090532e-17,-7.22771932844468e-17,-3.17130761873332e-16,-7.97445800710806e-17,1.02327785777766e-16,7.99677338637896e-17,-5.13109828759251e-18,-8.82537715211838e-17,5.76843824057575e-18,1.7385613136172e-17,1.0751569799147e-09,-9.41832498874797e-17,-3.62185943490152e-16,-1.48294167595317e-16,-7.34655392076178e-16,-3.24078599442737e-09,-3.3827996296592e-16,2.37309544357996e-16,-2.56519567864469e-16,-1.51042534790503e-16,2.71515335399703e-16,-9.19550056482467e-16,5.42794162286507e-15,-2.76730307463672e-16,2.27527960447226e-16,2.45456742065762e-16,-6.19947690048991e-15,3.94403859004441e-15,0.707106781186548,2.48936280527387e-15,4.17762131049281e-16,-1.15566592110435e-15,1.43333898163234e-16
"t815",-0.0456994478476403,-0.0713539819875104,0.0251338893916455,0.0345006700998678,0.00275133556129512,-0.00119885148901897,0.00669243806229842,0.000121915258070602,4.85778966253094e-05,-0.000165047036627678,-4.34951070385395e-05,-0.00354257510848095,0.0090455334459086,-0.00193726419317547,-0.00249321710240747,-0.00524742101774123,-0.000624911075210619,0.0416003645864206,5.21361486700879e-05,2.75080664898543e-05,-0.000460223448670211,-0.000453277649910031,0.00333904807577354,-0.0696139259846179,0.214989131033132,0.000617977279357809,-0.000712963458285695,0.000654912246493051,-0.0114171634739451,0.0051050779903197,-1.45953740529968e-05,2.60983852359237e-05,-0.0117025187825783,-6.80397650101221e-05,-6.05289649639554e-06,-6.86322892582009e-05,-0.120297016648891,-1.35862657482373e-05,-7.31147257605692e-05,-1.07074321720672e-05,-0.000236908618618083,1.58140942267075e-05,-0.000145302940391446,8.46141603604351e-06,-0.0002139322114631,-2.69977350369114e-07,0.00298810129789364,-2.05012492909282e-05,4.47503147219964e-06,-1.16136642628631e-05,0.000168291216719027,-9.25526758165101e-06,1.312655647201e-08,-3.19708639078403e-05,1.89115102230115e-06,-2.00659345725874e-05,8.6788946523034e-07,-5.93233849210233e-05,2.01712829599296e-05,-2.25598953069919e-05,-2.01325070575451e-05,3.15028377243946e-06,-0.000103701146890469,5.53029560337631e-05,-4.01207375605211e-06,0.000157295584551383,-6.0142952347705e-07,2.14860503078504e-05,-5.90754311881326e-05,2.34452887665256e-05,-0.000676826820733894,6.14564258202086e-05,-3.0411440889813e-06,-0.00840450434612222,0.00352290426880098,3.88827515699623e-08,-0.000272827958707191,7.02538322433536e-06,-3.23012625644792e-05,-4.10650642500529e-05,1.39798455753934e-05,0.000217112024546626,-3.76694912562981e-05,-0.00027180482092979,5.34450401122982e-05,0.0311467291743376,0.0025028740878139,3.26252636884372e-05,9.97265534177329e-06,-0.00223015136965658,3.62719191519549e-05,-2.22768897611449e-06,-1.89786731260289e-05,0.00304460784400344,2.17865008819485e-07,-8.92796530463041e-06,-0.00191548191178532,-3.79829791117196e-05,5.59010564892657e-05,1.52390084461402e-05,1.51842852179262e-05,-0.220751523162162,-1.36771221329403e-05,-2.98482835174436e-07,1.49173835284925e-07,-0.00226865648282475,3.04568539617209e-06,-1.39454882460969e-06,5.00879637472858e-07,-1.14044366910379e-07,-4.89781160198284e-07,-9.37870310735131e-07,1.53157726934361e-06,-3.81913559047294e-07,9.22453891530743e-10,4.70636844749675e-08,-1.21735028445537e-07,2.73798221117392e-07,-4.08960653002482e-07,1.23773269614718e-06,-5.1034134412134e-06,1.61112296223927e-06,-1.750693740391e-06,-4.83322564510295e-06,1.60189484019576e-06,-1.72195284482939e-05,1.7647551783205e-06,-6.1177733439769e-07,1.5621147227341e-06,5.20311813305574e-05,-0.000417305943650025,8.390798117049e-06,-0.00201474417733227,2.77974964847911e-07,3.09685506664614e-07,1.48660672118464e-06,-1.09906323523438e-08,-8.04160084302561e-06,2.75527615896681e-06,-7.94608854661128e-06,-5.15912286618713e-07,-2.0136688933499e-05,3.98679087688284e-06,2.55720889527434e-07,8.06813840309989e-07,-5.25965892714744e-08,-2.61236760518305e-06,4.27194927790918e-07,2.84566927249688e-08,-7.34062111705721e-08,-1.14495760160445e-05,-3.47628103381596e-07,-7.53750623183338e-06,2.86068571246301e-06,-9.78766974302923e-07,-8.80443669395841e-08,1.35332553007049e-06,-0.0107102981894638,2.11237098363944e-07,1.60239977942825e-08,-0.00776815297823056,-7.51506195022481e-06,6.65240191358874e-07,0.000119972786247817,-4.29326586399711e-06,1.35172420896043e-05,1.14735218377694e-07,2.47173149424201e-09,1.29318846181827e-07,2.95596605899693e-07,-7.94924549736305e-06,-8.21695347065299e-07,1.53534450862781e-07,6.02853900969599e-08,1.94990414331676e-06,2.81461309206373e-08,1.81221252058513e-07,-9.81443693894974e-07,-7.31930222484227e-07,-2.36647137499452e-05,1.53629871059426e-05,5.16118523399151e-05,-7.29941175940525e-07,-1.48931233989218e-05,-9.61490912599073e-08,-9.47879036113477e-05,-3.75805918338196e-06,1.02228800831552e-06,4.61608967358465e-06,-4.24325239166525e-05,-1.42032157352393e-07,2.91421143537333e-07,1.20324342126093e-06,6.37336858766674e-06,2.27861062379937e-07,-3.70740577642158e-07,-7.06478008900117e-07,-3.85961513402559e-06,4.71050878093534e-07,2.94252529788797e-07,3.00364574106498e-07,6.34871835622441e-05,-1.43119221609866e-08,-0.307600827751843,0.000792624190348254,0.00127949239911146,-5.82925420468147e-06,-0.000140810361124438,1.43035393562452e-05,0.000100013256035576,2.82271602830778e-05,-9.1792441289621e-05,0.000362971242657988,9.09815904904357e-07,5.78785372988454e-07,6.83730698731622e-07,-7.94212912967372e-07,-6.54552760140376e-08,9.02269500532302e-08,3.66053281066688e-07,1.85603502110203e-06,-1.09574548970684e-05,-3.90005067406559e-07,-1.15075193897318e-06,2.15162620754279e-07,1.0265291697397e-07,1.06430144036347e-06,4.68520615264334e-08,5.05304128246335e-08,2.13347153771145e-08,-2.81151922974971e-07,-3.57352682141642e-08,7.76631832996677e-10,2.4585247693338e-09,-6.73470842075918e-10,-1.62960309488327e-08,-1.12996140357137e-07,-1.4468183298025e-16,-2.2865891382032e-08,1.80463305779303e-06,-6.75123402091037e-08,-1.44142227574537e-06,-2.6071661207774e-07,3.13772041280839e-07,-6.15971853594798e-08,2.30249227218153e-06,-5.31952063611863e-09,3.7200883679724e-10,-9.91321574030081e-07,9.66269416790425e-07,-3.1272377306052e-08,4.33366343763411e-06,-2.15628305134543e-07,1.07906072863531e-07,-7.81020867359102e-09,9.96609271225811e-05,-0.000113086129915389,7.48652294653247e-06,2.93137047724146e-07,-6.45452818517099e-08,1.76975870185547e-06,-3.73978043531403e-07,4.54277252065041e-05,-4.27655342120669e-05,3.56074748601572e-07,-1.26343296585901e-07,0.0001778110551501,0.000416560678014517,-0.0374587166933746,-6.10194732552464e-07,-1.778150601456e-07,2.08337955274254e-07,-2.66516506665795e-05,7.52519577441066e-06,-1.76820294362501e-06,4.1317644323591e-05,-3.23227645515745e-05,0.0869595175576203,9.23270250592732e-07,-3.3287521974003e-07,7.86102149064722e-08,1.45459405863703e-15,-5.60561186402932e-08,-1.62986315752459e-09,-0.398129240674982,1.4398591502478e-06,-7.57715364505015e-10,4.85427620447945e-10,1.12331010452813e-08,-9.09377891804584e-11,-1.3131670511411e-10,9.54790677435647e-10,4.21831547467954e-10,-1.38182445596439e-09,2.01209524574527e-08,-2.63017187968165e-08,2.69801384112495e-06,-2.50468463376944e-08,3.32009328481153e-07,1.67411670751439e-09,1.44656973436192e-08,8.88563394099713e-08,-8.95894591516647e-07,4.97896224230231e-06,-8.47400664855118e-08,1.17431893002685e-07,-4.29797690615089e-07,2.89279681471211e-08,2.62532550255211e-08,2.0184539377355e-07,-5.45712055271614e-07,-2.79030980144776e-08,3.70146898216667e-07,-1.5395299193948e-07,3.83085430280078e-09,3.60401981389009e-08,-7.15905478238855e-08,-2.17678071541191e-17,2.52582515949987e-10,5.59000683630519e-05,-9.09853710316308e-08,6.71089315210782e-08,9.60028715445186e-08,1.77242107108527e-08,4.16845897604741e-08,-6.17502544464773e-07,2.34160179188978e-07,2.06737388383771e-16,-1.86654045038079e-07,-2.28911288551793e-09,-6.81577218071428e-09,4.76477469734622e-05,4.90441634475548e-08,-3.34780270953973e-09,-1.29927479354158e-07,3.49709122335367e-08,-1.88502209943986e-06,2.27448307020984e-07,-4.67157362821433e-08,-8.50117601879393e-08,-4.51338394295404e-09,-4.49544150179799e-09,-8.58960032364672e-08,1.93387914692052e-05,-9.26730393883747e-08,-2.44902470293166e-16,-1.95206405112873e-06,1.54130576613364e-07,7.09444294918323e-09,3.96195179459165e-08,-1.86349678668536e-07,-4.0912393503894e-07,2.53460319952542e-06,-1.98400978260061e-05,-3.60891433546049e-08,6.38924227457358e-18,-8.23008866737851e-08,-0.00129138992721652,-7.42591554425419e-08,7.07301913360925e-17,1.47821283759988e-07,1.49678861835191e-06,-2.28924204792689e-07,-1.22378555057614e-07,-4.10866127727581e-08,-2.20805572088276e-08,-7.92037844634372e-07,2.22720681209232e-08,2.36920794612519e-07,1.51191210144932e-05,4.91898819487806e-08,4.96311734733498e-07,2.97024703406416e-17,-1.99772724896891e-07,9.40011334293591e-08,6.11459258049626e-07,-6.21113863508154e-08,-6.35041101450366e-17,-6.12945071956396e-08,8.07139275658952e-08,-2.82191406511906e-08,-2.51963487379601e-08,-6.4078594559062e-08,4.77807593868218e-07,-9.23609291900417e-07,1.33749031751922e-07,4.95821841607654e-16,5.06368860926383e-07,-6.77898666718874e-07,3.02689032349895e-06,6.39525904090719e-07,-6.5047530157422e-08,-4.38065415950814e-10,2.22044604925031e-16,1.29148872566852e-16,-4.30875241298781e-10,-3.89879650563517e-07,5.15099873066214e-08,-7.57644848271785e-08,1.06761389851482e-16,-3.7328723799897e-08,-4.48624643596896e-10,-2.03834303771418e-16,4.76644727035064e-17,-3.85062350545127e-16,1.00947911498694e-07,3.00169379650415e-07,-4.47187439033496e-07,2.7208445249676e-07,1.36198951650436e-07,3.22572039532685e-07,-0.000185099224594405,1.98373722355051e-16,-7.47413882951193e-07,5.72213776607576e-07,6.39030146142434e-16,3.91639454791243e-16,-2.10037339721093e-05,-3.17386176798247e-11,-2.52438942075058e-07,2.0286888067384e-07,2.7122529173206e-07,-1.47317423897213e-08,1.67002023820367e-15,-5.02224388614394e-08,-5.71684379060343e-16,-1.78331758292433e-07,3.68010743406755e-15,-3.34774035121366e-07,1.40932155075601e-16,2.73328819342588e-07,3.81577561078499e-07,2.61362989523719e-08,3.55043404784744e-07,1.97604020427697e-06,-1.5201213133482e-07,1.6346518072431e-06,6.06908283420357e-08,2.95738096327224e-07,2.89925545168105e-08,5.16552709567545e-07,-0.000360473247891712,-5.52163330824297e-07,-5.71451131566133e-08,-1.58620164836442e-06,2.15148471491633e-15,0.0015069043940709,-0.331702085578058,-1.54599098911911e-07,-4.57425732864573e-11,-1.55231904235938e-08,-3.05707449189209e-07,-1.00346970685662e-06,5.76157306922793e-17,0.000321747296330394,9.27405304342049e-08,-1.42852382650917e-15,1.12075661837972e-07,-1.07850888660064e-06,5.09419675742539e-16,6.99997319453308e-16,6.85633257999513e-06,2.56187755854879e-08,1.36781300163353e-10,1.76037259493048e-07,-3.97701463531014e-08,-1.6194697450456e-05,-1.08118986998015e-08,-1.07099280195923e-07,1.52818501137889e-07,2.14932238673526e-15,-3.25400190105659e-09,-2.0086994561782e-10,-5.32744440003995e-10,-4.75172834890616e-08,8.02080286962685e-16,-1.83654716877226e-17,-1.46262083148631e-08,3.30117316157605e-17,-9.2546019296045e-16,-5.91286697817202e-08,6.08855305785446e-08,1.24332922156025e-07,5.62946487029377e-10,-2.51144542081855e-06,-1.72157871390362e-08,-1.42834422804605e-09,-1.11162832965489e-16,-2.21175269602943e-09,-9.09893517665247e-11,-3.99297538831527e-10,1.14016137872628e-06,-7.09915138009688e-08,2.4977941389479e-16,2.52047758741068e-16,-5.0963396846543e-17,-1.04574133963271e-10,-1.9443524837859e-09,-1.07638861163071e-09,-1.73114837818746e-16,-3.21364236751663e-07,1.58617685653733e-16,1.5421571151491e-16,9.28747744666535e-08,-2.05300949114886e-09,1.90819582357449e-17,-5.70373437703607e-09,-4.35494903851227e-06,4.31393174902675e-16,1.04262824282978e-08,4.83186223129954e-17,3.11862626123442e-09,-3.41363599921925e-16,3.14050939554686e-09,2.7380554981678e-08,3.59897526361953e-07,9.49966622525992e-10,6.67936867893613e-09,-2.51297285157586e-08,1.10300329148182e-08,2.45655276974798e-17,5.57022375482633e-07,-5.06826010888362e-08,-1.21978277052108e-16,-4.23767440570932e-09,-1.27222415347446e-08,2.09458637980734e-08,-1.51833175790966e-16,1.0458789808845e-08,1.96222603680851e-05,1.35591590822717e-17,-3.42563197635434e-08,-7.66886094353049e-09,-5.71542358436251e-07,2.41524069221025e-16,-2.13088186969598e-16,7.79806592107948e-09,2.44060839139519e-09,1.9831809135633e-10,-2.40265200517379e-08,1.59781338825228e-09,1.90281046651409e-16,9.65108092791326e-17,5.88093390361643e-09,4.05782662419344e-11,-1.46934104163313e-16,1.44180571907073e-08,-1.20146994004485e-16,8.33412848865168e-08,-2.84020175381717e-09,-1.66140314251738e-09,-1.10638101812456e-08,-2.53087112100644e-14,8.65625006781306e-17,-8.72564676142536e-17,-6.92657103473041e-14,-1.26535252597639e-06,-2.22630833746714e-08,1.50909811355332e-16,1.04842480024898e-16,-1.69231868005071e-16,5.0404807679972e-08,2.85866339588324e-10,-2.53509625566757e-08,6.58395276958966e-17,5.11472374870037e-16,-3.38271077815477e-16,-1.02458353624653e-07,3.4648106248038e-08,-1.55223707501735e-16,3.87339781066857e-09,-5.22918713958218e-06,2.61242522372938e-16,6.75971946530535e-17,-1.02607905037402e-08,-1.05236740063469e-10,-5.12596446902950e-09,-9.19949410112796e-17,5.83577244249349e-09,8.55205255370826e-09,9.2546916439504e-09,-8.53189925407347e-09,-3.0480449185172e-08,2.61069137008046e-09,6.88003902565037e-17,-1.87700933672773e-16,1.54206018013979e-16,5.11205174675105e-08,-7.36766510604819e-08,-2.53004297959495e-09,-2.02603547667506e-09,2.81643807785601e-17,-5.12429211628658e-17,1.05702338560172e-17,7.1751173058256e-17,-2.25959858730163e-16,2.54853205381171e-07,-5.25378340290974e-17,4.41034584809591e-17,-1.60375919559799e-09,-3.98183438224797e-17,-1.43614192530627e-09,-6.5949262966413e-17,-1.78154310234999e-09,-4.3142683068091e-17,-2.18199372170943e-09,-2.73800911012251e-10,-1.73510929700535e-07,1.6450175824526e-16,8.86619793294179e-09,-5.58372758600329e-17,1.27128430487049e-08,-5.86193614434844e-07,1.2528302926498e-10,-1.03443780314578e-16,1.83875696121149e-08,5.94988627985058e-18,-4.55583632573538e-09,-2.57248722409719e-08,-1.38875480084599e-16,-7.50131441778613e-17,-3.09565488456365e-17,-3.24684785189526e-16,-8.69175054588378e-11,-1.13375228101688e-09,-2.53656227574073e-10,-5.11229023300993e-17,1.7609083864374e-16,-3.63676504686098e-06,1.52561851369908e-07,-4.47303541125492e-17,-6.33362206244028e-17,-1.17993299089974e-09,2.4279718825413e-16,-8.38130505735003e-09,-1.1219014045596e-16,7.96568133012203e-08,1.56626642009955e-16,-8.42584577151814e-17,1.0691249664411e-16,2.42337306177111e-16,1.07393561252424e-16,-2.77033813961551e-16,1.07194896501337e-08,-7.49800490037554e-08,1.18152775727152e-16,-7.22989242854235e-09,2.75521287700011e-08,-1.69498848399532e-17,-4.70730669579026e-17,-1.98957509872011e-16,-7.0030256606103e-17,2.73747296742117e-09,4.38569562608409e-10,1.17915026830633e-16,-2.52753711873091e-16,-4.99014399484017e-09,-1.78054285693382e-08,-3.60874746956714e-07,9.83038245079312e-17,-4.4537317799945e-17,-1.20524843662575e-16,-1.04895401603451e-16,-1.08646451619114e-16,-1.11554516415852e-16,1.06729585268419e-08,-1.0107325116473e-08,-1.9458766638321e-09,-5.70358487916621e-17,1.53129619118994e-16,-6.02009958404798e-17,3.03702331268891e-16,4.44972018054887e-18,-2.01177920596344e-16,-6.07951932936198e-17,-1.55001419841608e-16,-1.94769954065178e-18,1.09634153805561e-16,1.02540764966827e-16,-1.17981195475088e-16,-3.56118694369839e-16,-1.22262346585753e-16,7.52253093064652e-09,3.55118077224037e-15,-9.05732844279352e-17,-6.07553418908173e-16,1.69731626833834e-07,-1.86139934969208e-10,-3.01988557064958e-16,-2.75724037237502e-09,1.55708297397075e-07,-1.20037703009629e-16,-7.95876303640266e-16,-2.74267754183848e-08,2.0947175883947e-16,3.86427905661143e-09,-2.94701786503632e-16,2.60143811394606e-18,-1.84752216663519e-17,-3.17241841784014e-17,3.46535936526595e-10,-4.76081614119507e-08,2.92498822761857e-17,-5.57270599044385e-17,-1.22077101701843e-16,-1.34328162919743e-16,-6.34475111338517e-16,-1.06370150516159e-16,-1.230763946191e-16,-7.99455991097965e-17,4.04583067117966e-09,4.15274716571167e-16,3.35652530611359e-16,2.7805332765543e-16,1.54481565969721e-16,8.73334048117294e-17,-3.0801568711978e-16,-1.16094807009552e-08,4.75337171109312e-17,-1.82741475905021e-16,8.66285146923322e-09,-2.19477344673756e-16,7.28733610779308e-17,1.01472841025325e-16,-1.1177299638039e-16,2.5524340736348e-06,-9.88286620171266e-17,-5.3906678916279e-09,-1.43021818599918e-16,-1.70290641018445e-16,2.64350835421353e-16,1.02625664856384e-16,4.26156519879216e-17,1.74619807252133e-16,1.95466850797837e-10,7.83371451430279e-16,3.73393134722693e-17,7.63214276880179e-09,-2.44670391371697e-08,3.41661956469127e-17,1.717705658928e-08,2.51750793424146e-09,-3.31200176471071e-16,6.7937254301014e-16,4.40898834100686e-16,-6.4129559850347e-17,7.12654509913413e-17,-4.27051095741898e-09,-1.52331220135407e-16,-4.7506268949867e-16,4.84813935558564e-16,1.71395668523067e-09,-2.48731967147095e-16,3.93991916168434e-16,-3.17261467024652e-16,-3.23228152946735e-17,-7.83438833119504e-10,-3.65748388817855e-17,3.10377846689252e-07,-2.20616561775024e-16,2.54970054195531e-16,-3.16666137984197e-16,-4.77464855881994e-16,4.26319813013308e-17,2.37477328552077e-16,5.82828412512343e-18,-2.83968411557665e-08,2.88843281511934e-16,-6.93319596646079e-16,1.89989774788527e-08,1.73803405750673e-16,-8.33330148368842e-17,-2.78621729904966e-17,-2.67668943979836e-16,1.45348577821099e-17,8.94512098101914e-17,-1.26062048138346e-08,5.04829730276447e-18,-3.84559701974708e-17,4.1240112556981e-08,5.4696992927515e-16,1.2246656951976e-16,-1.35040754593736e-16,-7.66457792409763e-16,-2.4957857373553e-16,7.80682400073604e-17,-2.9138034773904e-16,-1.00501910858341e-16,-1.12543909722477e-16,2.61523654078724e-16,2.01981673970197e-16,-2.17709802365409e-08,4.54574550096276e-08,6.03061453831227e-16,5.64622087407814e-16,-5.47558457217569e-16,-1.25154916672647e-16,2.55438031837585e-16,2.31492221649294e-16,3.49974980213645e-16,-3.86939029378968e-16,-5.73199621878034e-10,7.61002029160154e-17,5.86229713135582e-16,-3.79062904357955e-16,3.5249087552468e-16,7.36429957640134e-10,7.0120189564362e-16,-8.08536133470527e-10,5.20974005495939e-16,3.95115051285127e-16,9.11875420499483e-16,6.35057886473389e-16,2.14655755373318e-15,-1.74183421620833e-15,-2.65296680454914e-15,1.85783534051938e-15,1.04314795790778e-16,5.33651739292254e-16,-1.80172481913219e-16,6.5141187509019e-16,8.47542528605887e-16,-6.00509041789759e-16,-2.48692993297943e-15,2.78296947508464e-15,-1.81500242415569e-15,8.84403061421828e-15,-8.12281041887788e-15,-1.5886688180001e-14,-3.34318076694595e-14,0.707106781186547,2.91131370952361e-15,-6.81616457950499e-15,-6.86242946917269e-15,5.65387450454909e-11,-6.30956020773804e-15,-1.50289674661422e-15,-2.59608445415593e-15,3.00674951443233e-15,-8.93235405092579e-16,-5.575418081098e-16,1.09393069909691e-15,1.3373266680373e-15,6.390442415844e-16,-2.23109452369483e-15,6.53123388705268e-16,-5.65173445703112e-16,-2.01684282820592e-15,-1.53284263591421e-16,2.19402118168791e-16,-3.33136752439307e-16,5.34160655759922e-16,-7.34299840262834e-10,-3.74949195953573e-16,-1.47852680467369e-16,-3.33521485680971e-16,-4.01875871419851e-16,1.90555354423892e-16,-9.23779171505636e-17,8.40373821669419e-17,-4.41847495465756e-16,-2.40271815010118e-17,1.57005836416538e-10,5.90562250240627e-16,-2.42619487098809e-16,6.65370678916082e-17,8.48504292275472e-17,-1.38175104315599e-16,-8.000865725679e-17,-9.38861913645846e-17,3.58541670366437e-16,-2.24583658785998e-17,1.62648068093766e-16,-2.08810925618639e-17,-8.13162525053644e-17,-5.8711486051502e-17,7.99209156073144e-10,9.40292315367134e-17,-1.19790285131653e-16,-3.63724090668734e-16,-5.26488574958961e-16,-2.41540139458771e-09,1.0459177500196e-16,-1.39758674451006e-16,7.97725900985811e-18,-1.66707305353677e-16,-2.0954913565411e-17,-5.7683691818269e-17,3.38828971263861e-16,1.18839539730935e-16,-6.08171375001259e-17,-1.86432526931102e-16,-6.81942389215781e-17,-1.48202144925191e-18,-7.9271366686973e-16,-9.55162251301449e-18,-4.45025119132563e-18,1.14151689401347e-16,-2.33931157359564e-16
"t816",-0.0456994478476403,-0.0713539819875104,0.0251338893916455,0.0345006700998678,0.00275133556129512,-0.00119885148901897,0.00669243806229842,0.0001219152580706,4.85778966253113e-05,-0.000165047036627682,-4.34951070385375e-05,-0.00354257510848094,0.00904553344590861,-0.00193726419317547,-0.00249321710240748,-0.00524742101774123,-0.000624911075210621,0.0416003645864206,5.2136148670061e-05,2.75080664898404e-05,-0.000460223448670215,-0.000453277649910027,0.00333904807577354,-0.0696139259846179,0.214989131033132,0.0006179772793578,-0.00071296345828569,0.000654912246493036,-0.0114171634739451,0.00510507799031969,-1.45953740530169e-05,2.60983852359121e-05,-0.0117025187825783,-6.80397650101229e-05,-6.05289649640768e-06,-6.86322892582106e-05,-0.120297016648891,-1.35862657482261e-05,-7.31147257605697e-05,-1.07074321720755e-05,-0.000236908618618084,1.58140942267228e-05,-0.000145302940391453,8.46141603604369e-06,-0.000213932211463086,-2.69977350366014e-07,0.00298810129789364,-2.05012492909545e-05,4.47503147220867e-06,-1.16136642628824e-05,0.000168291216719015,-9.25526758166598e-06,1.31265564772198e-08,-3.19708639078091e-05,1.89115102230863e-06,-2.00659345726082e-05,8.67889465230382e-07,-5.93233849210193e-05,2.01712829599304e-05,-2.25598953070125e-05,-2.0132507057544e-05,3.15028377242963e-06,-0.000103701146890487,5.53029560337634e-05,-4.0120737560479e-06,0.000157295584551372,-6.01429523487208e-07,2.14860503078431e-05,-5.9075431188141e-05,2.3445288766511e-05,-0.000676826820733875,6.14564258201999e-05,-3.04114408896299e-06,-0.00840450434612226,0.00352290426880097,3.88827515677019e-08,-0.000272827958707248,7.02538322434554e-06,-3.23012625644988e-05,-4.10650642500305e-05,1.39798455753888e-05,0.000217112024546583,-3.76694912563004e-05,-0.000271804820929786,5.34450401122938e-05,0.0311467291743376,0.00250287408781389,3.26252636884155e-05,9.97265534173263e-06,-0.00223015136965658,3.62719191519603e-05,-2.2276889760954e-06,-1.89786731260173e-05,0.00304460784400344,2.17865008827747e-07,-8.92796530466234e-06,-0.0019154819117853,-3.79829791117082e-05,5.59010564892818e-05,1.52390084462148e-05,1.51842852179388e-05,-0.220751523162161,-1.36771221329189e-05,-2.98482835137337e-07,1.49173835301633e-07,-0.00226865648282468,3.0456853961887e-06,-1.39454882459656e-06,5.00879637464792e-07,-1.14044366941604e-07,-4.89781160207336e-07,-9.3787031077526e-07,1.53157726937579e-06,-3.81913559040396e-07,9.22453889442986e-10,4.70636844538169e-08,-1.21735028455301e-07,2.73798221143148e-07,-4.08960652995345e-07,1.23773269615784e-06,-5.10341344119373e-06,1.61112296223002e-06,-1.75069374038025e-06,-4.83322564511029e-06,1.60189484016757e-06,-1.72195284483494e-05,1.76475517831703e-06,-6.11777334369749e-07,1.56211472270979e-06,5.20311813305726e-05,-0.000417305943650018,8.39079811708006e-06,-0.00201474417733223,2.7797496484569e-07,3.09685506659414e-07,1.48660672120941e-06,-1.09906323242773e-08,-8.04160084305582e-06,2.75527615900009e-06,-7.94608854660833e-06,-5.15912286632376e-07,-2.01366889335044e-05,3.98679087689825e-06,2.55720889509172e-07,8.06813840266187e-07,-5.25965893067486e-08,-2.61236760521488e-06,4.27194927787342e-07,2.84566927408005e-08,-7.34062111268285e-08,-1.14495760160866e-05,-3.47628103415322e-07,-7.53750623181823e-06,2.86068571248927e-06,-9.78766974334232e-07,-8.80443669271056e-08,1.35332553009674e-06,-0.0107102981894638,2.11237098345439e-07,1.60239978513767e-08,-0.00776815297823057,-7.51506195026799e-06,6.65240191341305e-07,0.000119972786247829,-4.29326586400156e-06,1.35172420896286e-05,1.14735218343681e-07,2.47173159455112e-09,1.29318846182076e-07,2.95596605916054e-07,-7.94924549738238e-06,-8.21695347101114e-07,1.53534450917712e-07,6.02853900766035e-08,1.94990414331687e-06,2.81461309160718e-08,1.81221252034838e-07,-9.81443693904989e-07,-7.31930222491754e-07,-2.36647137499654e-05,1.53629871059415e-05,5.16118523398702e-05,-7.29941175908494e-07,-1.48931233989174e-05,-9.6149091236984e-08,-9.47879036113226e-05,-3.75805918337246e-06,1.02228800829669e-06,4.61608967355413e-06,-4.243252391662e-05,-1.42032157361436e-07,2.91421143462431e-07,1.20324342123259e-06,6.37336858770233e-06,2.27861062512535e-07,-3.70740577570285e-07,-7.06478008932649e-07,-3.85961513404958e-06,4.71050878083807e-07,2.94252529701196e-07,3.00364574064517e-07,6.34871835622622e-05,-1.43119221431985e-08,-0.307600827751842,0.000792624190348289,0.00127949239911142,-5.82925420457846e-06,-0.000140810361124543,1.43035393561679e-05,0.000100013256035561,2.82271602829524e-05,-9.17924412895911e-05,0.00036297124265803,9.0981590502684e-07,5.78785372919729e-07,6.83730698748923e-07,-7.94212913020538e-07,-6.54552759617835e-08,9.02269500785559e-08,3.6605328109979e-07,1.85603502112928e-06,-1.09574548970514e-05,-3.90005067448464e-07,-1.15075193898583e-06,2.15162620739706e-07,1.02652916986806e-07,1.06430144039845e-06,4.68520615132707e-08,5.05304128498272e-08,2.13347153652612e-08,-2.81151922988412e-07,-3.57352681701416e-08,7.76631800651613e-10,2.4585248032491e-09,-6.73470859758605e-10,-1.62960309055557e-08,-1.12996140386186e-07,-1.53139955027436e-16,-2.28658914355518e-08,1.80463305789018e-06,-6.75123402235082e-08,-1.44142227571705e-06,-2.60716612064149e-07,3.13772041270248e-07,-6.15971853342992e-08,2.30249227219934e-06,-5.3195205921503e-09,3.72008792183961e-10,-9.91321574001817e-07,9.66269416733068e-07,-3.12723772594944e-08,4.33366343765383e-06,-2.1562830510771e-07,1.07906072833228e-07,-7.81020878352912e-09,9.96609271225462e-05,-0.000113086129915351,7.48652294655769e-06,2.93137047708415e-07,-6.45452818987111e-08,1.76975870181577e-06,-3.7397804346648e-07,4.54277252064436e-05,-4.27655342120759e-05,3.56074748595832e-07,-1.2634329656611e-07,0.000177811055150054,0.000416560678014464,-0.0374587166933743,-6.10194732533327e-07,-1.77815060140794e-07,2.08337955305381e-07,-2.66516506667067e-05,7.52519577449067e-06,-1.76820294350064e-06,4.13176443235771e-05,-3.23227645515676e-05,0.0869595175576203,9.23270250628678e-07,-3.32875219798765e-07,7.86102148128669e-08,1.4386194961744e-15,-5.6056118663045e-08,-1.62986313290137e-09,-0.398129240674981,1.43985915019849e-06,-7.57715389279041e-10,4.85427610060724e-10,1.12331011198426e-08,-9.09378224286191e-11,-1.3131674635666e-10,9.5479064162709e-10,4.21831555998608e-10,-1.38182453372784e-09,2.01209524411247e-08,-2.63017190015981e-08,2.69801384117407e-06,-2.50468463463785e-08,3.32009328798174e-07,1.67411668483412e-09,1.44656974162015e-08,8.88563394116522e-08,-8.95894591552678e-07,4.97896224229732e-06,-8.47400664800006e-08,1.17431893043316e-07,-4.29797690566302e-07,2.89279681914369e-08,2.62532550522938e-08,2.01845393842385e-07,-5.45712055151238e-07,-2.79030979812076e-08,3.70146898164844e-07,-1.53952992004196e-07,3.83085436256503e-09,3.60401981434779e-08,-7.15905478778031e-08,-5.91973977800381e-18,2.5258264254047e-10,5.59000683629814e-05,-9.09853710320645e-08,6.7108931527893e-08,9.60028715806055e-08,1.77242107426994e-08,4.16845897882525e-08,-6.1750254446563e-07,2.34160179194632e-07,1.83373691927647e-16,-1.86654045085642e-07,-2.2891130133009e-09,-6.81577208730556e-09,4.76477469733869e-05,4.90441634696747e-08,-3.34780266479109e-09,-1.29927479375304e-07,3.4970912280415e-08,-1.88502209946905e-06,2.27448307033844e-07,-4.67157363506872e-08,-8.50117598093564e-08,-4.51338390545775e-09,-4.49544142135019e-09,-8.58960032106158e-08,1.93387914691102e-05,-9.26730393235526e-08,-3.43499096982626e-16,-1.95206405117245e-06,1.54130576654997e-07,7.09444287687552e-09,3.96195179671537e-08,-1.86349678719986e-07,-4.09123934948876e-07,2.53460319955281e-06,-1.98400978260644e-05,-3.60891434470769e-08,-7.37287453022028e-17,-8.23008864989875e-08,-0.00129138992721672,-7.42591552978192e-08,-2.85012982641313e-17,1.47821283786844e-07,1.49678861825674e-06,-2.28924204866913e-07,-1.22378555084062e-07,-4.10866128048301e-08,-2.20805570969878e-08,-7.92037844618422e-07,2.22720682086243e-08,2.36920794756716e-07,1.51191210144854e-05,4.9189882001964e-08,4.96311734699639e-07,1.19489915535744e-16,-1.99772725195307e-07,9.40011335666005e-08,6.11459258158623e-07,-6.21113863273884e-08,-4.61404865016488e-17,-6.12945072373489e-08,8.07139275728341e-08,-2.82191405717473e-08,-2.51963489279785e-08,-6.40785944530575e-08,4.77807593833632e-07,-9.23609291892597e-07,1.33749031737317e-07,4.20706520331786e-16,5.06368860934926e-07,-6.77898666565134e-07,3.02689032344096e-06,6.39525904050934e-07,-6.50475302000759e-08,-4.3806546038138e-10,-6.93889390390723e-18,1.21295033708699e-16,-4.30875438326073e-10,-3.8987965073501e-07,5.1509987261417e-08,-7.57644850068041e-08,1.41977117879925e-16,-3.73287237246847e-08,-4.48624676064417e-10,-1.59715756273497e-16,-4.70701113747864e-17,-3.22143027335972e-16,1.00947911584222e-07,3.00169379655831e-07,-4.4718743905237e-07,2.72084452508419e-07,1.36198951664256e-07,3.22572039539125e-07,-0.00018509922459435,1.41129161046488e-16,-7.47413882991222e-07,5.7221377655201e-07,4.45568164253575e-16,3.42057320766501e-16,-2.10037339722973e-05,-3.17386388610554e-11,-2.5243894200897e-07,2.02868880757874e-07,2.71225291855031e-07,-1.47317424694738e-08,1.31499823682328e-15,-5.02224388119269e-08,-4.93205975195253e-16,-1.78331758308271e-07,3.7284628509604e-15,-3.34774035070206e-07,1.89262092044301e-16,2.73328819394846e-07,3.81577561000424e-07,2.61362991624114e-08,3.55043404785487e-07,1.97604020420038e-06,-1.5201213133206e-07,1.63465180725023e-06,6.0690828312222e-08,2.95738096609056e-07,2.89925546445506e-08,5.1655270982256e-07,-0.000360473247891676,-5.52163330832119e-07,-5.71451131195023e-08,-1.58620164831046e-06,2.0321920100901e-15,0.00150690439407092,-0.331702085578058,-1.54599098833966e-07,-4.57424471128507e-11,-1.55231905257382e-08,-3.05707449127949e-07,-1.00346970700182e-06,6.39012805428147e-17,0.000321747296330391,9.27405303575978e-08,-1.55257080354228e-15,1.12075661740322e-07,-1.07850888653181e-06,6.39246317547038e-16,5.57634241950005e-16,6.85633257998997e-06,2.56187755447059e-08,1.367813250562e-10,1.76037259548383e-07,-3.97701464106643e-08,-1.61946974504367e-05,-1.08118984165225e-08,-1.07099280133818e-07,1.52818501221271e-07,2.36204285297692e-15,-3.25400159451993e-09,-2.00870824491945e-10,-5.32744624253402e-10,-4.75172834101959e-08,6.75218941221674e-16,1.81961504551918e-16,-1.46262081844569e-08,7.25664305751175e-17,-7.16594562230902e-16,-5.91286696330139e-08,6.08855306548717e-08,1.24332922073255e-07,5.62946726319701e-10,-2.51144542085782e-06,-1.72157872350755e-08,-1.4283444863156e-09,-2.63964173686058e-16,-2.21175273850492e-09,-9.09893432035397e-11,-3.99297723946204e-10,1.14016137874335e-06,-7.09915136180621e-08,5.26449967480524e-16,-3.61554956763428e-17,-6.07351619506307e-17,-1.04574204815165e-10,-1.94435252581702e-09,-1.07638861321621e-09,-1.34947055461626e-16,-3.21364236708371e-07,2.34972623651024e-16,-1.4020034997311e-16,9.28747744234699e-08,-2.05300961785231e-09,2.54136989230602e-16,-5.70373453167979e-09,-4.3549490385006e-06,2.0055297985336e-16,1.04262824385115e-08,1.32371545779617e-16,3.11862599452367e-09,1.2071883433102e-16,3.14050953373204e-09,2.73805549813259e-08,3.59897526462683e-07,9.49966256838738e-10,6.67936863351105e-09,-2.51297284530917e-08,1.10300329094457e-08,1.48539832602801e-16,5.57022375512783e-07,-5.06826008818166e-08,-1.08373530013459e-16,-4.23767456197986e-09,-1.27222415414769e-08,2.09458638587157e-08,-1.87475662737933e-17,1.04587899284402e-08,1.96222603680519e-05,-7.07769738153961e-17,-3.42563197835761e-08,-7.66886087409674e-09,-5.71542358355877e-07,1.18312237577476e-16,1.07975473783215e-16,7.79806588861151e-09,2.44060827261821e-09,1.98318266187876e-10,-2.40265200561495e-08,1.59781339557204e-09,-7.09122389468904e-18,-4.44312508293651e-17,5.88093393677951e-09,4.05781549076396e-11,8.43359592541319e-17,1.44180568884031e-08,-8.90941385958348e-17,8.33412849692622e-08,-2.84020168138422e-09,-1.66140358500984e-09,-1.10638101625542e-08,-2.53238115467743e-14,-6.56177168332343e-17,-1.05896930276115e-16,-6.92454467658203e-14,-1.26535252606041e-06,-2.22630834168751e-08,-1.00954929397684e-16,-2.41024510479247e-16,-9.65557874377671e-18,5.04048078233021e-08,2.85866075443974e-10,-2.53509625575787e-08,9.7678113476165e-17,2.69803710623018e-16,4.2782617726278e-16,-1.02458353619287e-07,3.46481064628491e-08,-6.99461690948687e-17,3.87339800735661e-09,-5.22918713948877e-06,-1.2821431691597e-16,-5.02751381237627e-18,-1.02607904437856e-08,-1.05236446149608e-10,-5.1259647147305e-09,-3.22093679276853e-16,5.83577240532488e-09,8.55205272739242e-09,9.25469158218863e-09,-8.53189924269195e-09,-3.04804490424099e-08,2.61069141944059e-09,3.97388274455611e-17,2.42681076919135e-16,-2.64590994513496e-16,5.11205173893379e-08,-7.36766511999987e-08,-2.53004296882007e-09,-2.02603550321527e-09,-1.71893789934592e-16,2.84820465791452e-16,2.58615354078904e-17,1.14409423048315e-16,1.4272336088955e-17,2.54853205439552e-07,4.91457187224563e-17,-1.25091548323881e-16,-1.60375939709326e-09,8.48807925891213e-17,-1.43614156857015e-09,-7.04387843444907e-17,-1.78154345007619e-09,-4.13879363490394e-17,-2.18199365151524e-09,-2.7380063503878e-10,-1.73510929727458e-07,-1.00368843324631e-16,8.86619798705709e-09,2.37270036475081e-17,1.27128428382935e-08,-5.86193614434716e-07,1.25283280116497e-10,-7.08707342617193e-17,1.83875697443453e-08,5.06527892610557e-17,-4.55583628325765e-09,-2.57248722816353e-08,1.27545133469678e-18,4.093496717668e-17,9.12120052176244e-17,-3.37087961308736e-16,-8.69176438602183e-11,-1.13375235971497e-09,-2.53656292171144e-10,-3.31945738820167e-17,-3.80615361596502e-17,-3.63676504690777e-06,1.52561851528635e-07,2.36776260892628e-16,6.24956582563463e-17,-1.17993312946963e-09,-1.97732623272205e-16,-8.38130464424344e-09,1.13112857536475e-16,7.96568133375114e-08,-2.1134434526105e-16,1.61057308867059e-16,-9.82123605856921e-17,1.8479961205513e-16,-1.48813713193775e-16,2.75367192919826e-16,1.07194895876874e-08,-7.49800492993335e-08,-1.2963560564302e-17,-7.22989256266435e-09,2.75521287335662e-08,-1.24276248788614e-16,-3.53682631961178e-17,7.66859728429484e-17,-7.5118316267576e-17,2.73747249675918e-09,4.38570003493759e-10,1.08778350768802e-16,1.96857777670746e-16,-4.99014399292824e-09,-1.78054287629125e-08,-3.60874747271243e-07,7.33245403963474e-18,5.65959282600818e-17,4.51778324163884e-16,2.70808627509316e-17,1.14548829917692e-16,2.81946667133009e-16,1.0672958547109e-08,-1.01073253230839e-08,-1.94587677777562e-09,9.25693094667764e-17,-9.35736696709267e-17,-1.56690209622059e-16,-2.67791016464906e-16,-2.3254305526051e-16,-6.68726405303806e-17,-3.57355124447391e-16,8.54529941235149e-17,9.4990602259394e-18,-1.15890177059654e-16,-1.87296239672094e-16,2.37037370498837e-16,3.05948316843427e-16,1.50525076735604e-16,7.52253057685142e-09,3.38653404635901e-15,3.70863178894077e-16,-6.28886454650907e-16,1.69731626734237e-07,-1.86140014729576e-10,3.44271268229927e-16,-2.75724034592141e-09,1.55708297400111e-07,1.36588568820604e-16,1.08521564280423e-15,-2.74267754247207e-08,-1.26602834615327e-16,3.86427928262927e-09,-3.02588116796734e-17,5.85791307989529e-17,-2.24368350150804e-17,1.45432908439429e-16,3.46535673947813e-10,-4.7608161108144e-08,8.4516978032604e-17,1.19810250872599e-16,1.10228727654488e-16,-1.94880854238922e-16,3.13984949151802e-16,-2.27831528035719e-16,1.92319315789418e-16,9.98186296346267e-17,4.04583060233978e-09,-3.91674340153502e-16,-3.11693579293749e-16,-2.49317866096716e-16,-1.89552175331026e-16,-1.79845323156039e-16,1.85628338276452e-16,-1.16094807277757e-08,-8.96531329005549e-17,7.40242383640863e-17,8.66285158192593e-09,1.02119840412029e-16,-4.6674330029405e-17,-2.94784635291908e-16,9.50944008116784e-17,2.55243407397057e-06,4.99105831503193e-18,-5.39066813873201e-09,3.43911057480607e-16,1.16024125263648e-16,-3.47152560280951e-16,-9.71309621275451e-17,1.0354940022151e-17,-1.69939481484736e-16,1.95466991197308e-10,-7.74798709375239e-16,-4.75796689964858e-17,7.63214281328367e-09,-2.44670386069136e-08,6.94443581212926e-18,1.71770562263773e-08,2.51750783788004e-09,4.20642450878636e-16,-7.77253183129574e-16,-5.91743564820886e-16,1.51846867640814e-16,1.37700384337993e-18,-4.27051101167993e-09,3.74322917185778e-17,4.90710724433528e-16,-4.25931996179317e-16,1.71395663342995e-09,3.94364746954163e-16,-4.1875197359575e-16,3.19683409299097e-16,6.52198090984215e-17,-7.8343944675888e-10,5.46322278003555e-17,3.10377846573936e-07,1.65637890680103e-16,-2.62492529741857e-16,1.98676712749037e-16,3.85113417270449e-16,-7.03325646200344e-17,7.71912402911689e-17,5.9255498689902e-17,-2.83968414173033e-08,-4.16545748014027e-16,5.64626453911098e-16,1.89989772493712e-08,-4.06000010794717e-16,-2.27674347236241e-17,2.98815972962663e-17,2.41334853495622e-16,2.9523994517904e-17,-1.75202186909376e-16,-1.26062046216937e-08,3.45908549866768e-17,-3.67675621405248e-17,4.12401129265857e-08,-3.19393297113039e-16,-1.40217246151316e-16,2.36145950549215e-16,5.1933307470935e-16,3.47799507551371e-16,-3.56975292159792e-17,2.61634475534207e-16,3.43087243793612e-17,-1.49269928086109e-16,-3.29446929813466e-16,-2.56571982137995e-16,-2.17709809826686e-08,4.54574553396048e-08,-4.8419081568102e-16,-3.95476531307265e-16,4.63670979097068e-16,5.23020330561869e-17,-1.91686944095437e-16,-1.48796637140421e-16,-3.63780453922225e-16,5.19956019941207e-16,-5.73199261975855e-10,-8.68508823902628e-17,-5.62990552000943e-16,3.75359559348366e-16,-3.40572321897825e-16,7.36429223170669e-10,-8.55744693655132e-16,-8.08535911371924e-10,-6.039692262152e-16,-4.64176372583031e-16,-9.53803800056508e-16,-7.20743690258828e-16,-1.96922761982032e-15,1.88808795283773e-15,2.71132898776594e-15,-2.193406370108e-15,-9.04432110272506e-18,-5.89923899354041e-16,9.47079782705577e-17,-7.10424436468393e-16,-8.41763776304808e-16,5.34314083260105e-16,2.41510984859926e-15,-2.99190968648608e-15,1.79849915334869e-15,-8.69898076051604e-15,8.0604524707389e-15,1.5844550741395e-14,3.34949082358982e-14,-0.707106781186548,-2.79085788128372e-15,6.69983235739222e-15,6.89616689659082e-15,5.6539919723554e-11,6.16248546908662e-15,1.00128501117555e-15,2.61602922316079e-15,-3.14208543751173e-15,1.01060126017547e-15,6.10578874074065e-16,-1.0610896424876e-15,-1.23802373888315e-15,-6.47493512993354e-16,2.28031724850623e-15,-5.65519853168439e-16,6.4704026150945e-16,1.39782350623136e-15,3.15824214407864e-17,-3.05522444032966e-16,3.11000411665639e-16,-5.14205513164294e-16,-7.34299983729678e-10,3.59365699746549e-16,2.47401855772927e-16,1.72153403539575e-16,3.72021319261504e-16,-1.2208001413032e-16,7.57717998694849e-17,-1.00913147441123e-16,4.1357747310713e-16,3.7983149336381e-17,1.57005790238447e-10,-5.89212343749475e-16,2.84160380658692e-16,-8.47168015327451e-17,-7.39262872946669e-17,1.20296493238895e-16,-1.61219455672285e-16,1.31405049105922e-16,-1.18146017316884e-16,-3.37158532629696e-17,-1.94870461943027e-16,1.2186157892737e-17,1.24561553349967e-17,-8.21256519995134e-17,7.99209454160981e-10,-7.65375030677144e-17,1.24774204959776e-16,6.10406619301746e-17,-4.62303806347819e-16,-2.41540134425109e-09,-4.39889237980065e-17,1.07865890927736e-16,-2.2369335569691e-17,1.6167254428287e-17,-3.00120588478293e-17,5.74911080557908e-17,1.37458710187349e-16,1.93396316331836e-17,9.79080993810941e-17,-1.87637711673062e-17,6.50826850734804e-17,1.21929739413896e-16,1.51990502804631e-16,7.12178803206339e-17,-9.63404559066492e-17,4.36714059486512e-17,-2.36692878799664e-16
"t411",-0.0456743333234272,-0.0712713802776125,0.0251038533617879,0.034445429350496,0.00274594335666742,-0.00119609569344964,0.00667675270004246,0.000121606841872845,4.84328155272946e-05,-0.000164449676732021,-4.32955648190891e-05,-0.0035225707681588,0.00899296931089499,-0.00192583720550103,-0.00247787359960797,-0.0052132340956681,-0.000620743183444723,0.0413179129985206,5.17740218118705e-05,2.73006129321712e-05,-0.000456471434568645,-0.00044882432933328,0.00330442087890571,-0.0688879176626396,0.212738250262138,0.000611201630905517,-0.00070505477833533,0.00064758292025992,-0.0112859957448093,0.00503593576462413,-1.43847262027171e-05,2.57047870865824e-05,-0.0115134474539305,-6.68890365133062e-05,-5.94537038785995e-06,-6.73171037498932e-05,-0.117962987886672,-1.33185362153431e-05,-7.1664285993847e-05,-1.04919070615886e-05,-0.000232005098081806,1.54789689071837e-05,-0.00014217857889725,8.27925698905102e-06,-0.000209247590131864,-2.63694534153617e-07,0.00291729779996906,-2.0011373153251e-05,4.36558811146267e-06,-1.13225422342565e-05,0.000163934772824883,-9.01213040961236e-06,1.27809811438286e-08,-3.11138353845854e-05,1.83866721208454e-06,-1.95061755225553e-05,8.41414164665907e-07,-5.7470972175954e-05,1.95396854897861e-05,-2.18133435104957e-05,-1.94389544336242e-05,3.03963019881661e-06,-0.000100001697016367,5.33224114161592e-05,-3.86425970760293e-06,0.000151354367285532,-5.77474155277843e-07,2.06102583025611e-05,-5.6641972097826e-05,2.24612464847103e-05,-0.000645618626803675,5.84275465655053e-05,-2.88976878969403e-06,-0.0079776335194427,0.0033435245034013,3.68858148560503e-08,-0.000258768297952025,6.65729264469141e-06,-3.05457431658379e-05,-3.88007345240072e-05,1.31900528499009e-05,0.000204782388151071,-3.54490873755678e-05,-0.000255606417217871,5.01103090026514e-05,0.029179438198122,0.00234284510665279,3.05351617302869e-05,9.3334403369581e-06,-0.00208702169638471,3.39332692027885e-05,-2.07781293976896e-06,-1.76969211354159e-05,0.00283369390773929,2.02118457242419e-07,-8.27863290171933e-06,-0.00177612801112116,-3.51758732031133e-05,5.1745764771466e-05,1.40815432267128e-05,1.40108779619299e-05,-0.203666327145303,-1.26167577973397e-05,-2.73552620334098e-07,1.36646994271642e-07,-0.00207734756767623,2.78694267080573e-06,-1.27583228874663e-06,4.58084796144551e-07,-1.04246863073722e-07,-4.47629197983363e-07,-8.56300119250447e-07,1.39820343829906e-06,-3.47739353714819e-07,8.39438641195222e-10,4.27753766811531e-08,-1.10581485956004e-07,2.48332724274493e-07,-3.7037767174283e-07,1.11971079170472e-06,-4.61385845250012e-06,1.45337811706703e-06,-1.5770352131465e-06,-4.35356027676873e-06,1.44262134701495e-06,-1.54846658038497e-05,1.58676251187269e-06,-5.4937722820953e-07,1.39768764711696e-06,4.65525202468957e-05,-0.000373254584816986,7.48664542986001e-06,-0.00179677747005296,2.47815313721319e-07,2.75689332970109e-07,1.32314842843401e-06,-9.752397511865e-09,-7.11802569062638e-06,2.43058793069322e-06,-7.00902984240239e-06,-4.54807414810339e-07,-1.77464185582119e-05,3.51186997490819e-06,2.25217316397931e-07,7.10571604789876e-07,-4.62617774523694e-08,-2.29170863857224e-06,3.7375442780743e-07,2.48801669116417e-08,-6.40852137765168e-08,-9.99454718248654e-06,-3.0327907645209e-07,-6.57370596942739e-06,2.49394952683402e-06,-8.50307644510012e-07,-7.64458948397346e-08,1.17457760199429e-06,-0.00921114214558731,1.81261707714515e-07,1.37453734817447e-08,-0.00665076841521958,-6.43155041962835e-06,5.67921508815579e-07,0.000102390992943021,-3.65521756443629e-06,1.14812879194064e-05,9.67847861681708e-08,2.08451640960989e-09,1.09053222218757e-07,2.49037085717489e-07,-6.68970563229194e-06,-6.91388543172103e-07,1.28901087202612e-07,5.05778463843151e-08,1.63345222577433e-06,2.35695094127808e-08,1.51725383369134e-07,-8.18804560988049e-07,-6.08396762659049e-07,-1.96581190703582e-05,1.2754174763912e-05,4.27704239820186e-05,-6.04476727476936e-07,-1.23248303333038e-05,-7.95170331492848e-08,-7.82211980286852e-05,-3.09956291111446e-06,8.39209476325117e-07,3.78881552459669e-06,-3.47728460624966e-05,-1.15883362887296e-07,2.36895714679538e-07,9.76865060999803e-07,5.16440807565175e-06,1.84374255149966e-07,-2.98702851319127e-07,-5.6867234087947e-07,-3.1005999362018e-06,3.78039142839748e-07,2.34327258731491e-07,2.39106580362886e-07,5.03715740923366e-05,-1.13179734152957e-08,-0.241317692213749,0.000621803085079014,0.00100299866832525,-4.55916274243895e-06,-0.000109955313457163,1.11219598960748e-05,7.7355484625149e-05,2.17385004502146e-05,-7.05973403389753e-05,0.000277467729966054,6.93127505887505e-07,4.40897839176166e-07,5.19451354417602e-07,-5.99271802879761e-07,-4.93237154919443e-08,6.75070789084423e-08,2.72513305969428e-07,1.37934840841796e-06,-8.08452977831822e-06,-2.87250256679792e-07,-8.45944129605257e-07,1.57244249305999e-07,7.49307539321982e-08,7.76651157856337e-07,3.39668508580108e-08,3.64871402205935e-08,1.5336338216798e-08,-2.01689899520082e-07,-2.55807125460393e-08,5.5482759428737e-10,1.75537442478447e-09,-4.78311357866579e-10,-1.15351932811339e-08,-7.96939336806445e-08,-2.2132115202288e-16,-1.60420579270957e-08,1.26473673143362e-06,-4.69658264294217e-08,-9.96968574094208e-07,-1.79460840930531e-07,2.15918174789951e-07,-4.20048954306776e-08,1.56772006159213e-06,-3.61937947139534e-09,2.52250782055781e-10,-6.70634663378183e-07,6.50903677445459e-07,-2.10258050456228e-08,2.91142028978735e-06,-1.44236283132679e-07,7.08524877404372e-08,-5.0938224129167e-09,6.46302268721974e-05,-7.2418633487252e-05,4.78990089588236e-06,1.85868037879197e-07,-4.07169382289195e-08,1.1081874155659e-06,-2.33617705392404e-07,2.8306494756068e-05,-2.65541140522795e-05,2.19936727973774e-07,-7.7991451102836e-08,0.000108278886340813,0.000253586395683634,-0.0227953497118956,-3.69937293996196e-07,-1.07650721143307e-07,1.25562630174368e-07,-1.60490868961129e-05,4.40611639144356e-06,-1.03201535322653e-06,2.40539384953196e-05,-1.87070462244714e-05,0.0500898149466442,5.26053182906414e-07,-1.89054758142962e-07,4.45323453018821e-08,1.11192606243595e-15,-3.14748180349522e-08,-9.14068419444558e-10,-0.222419939399176,7.96982941069234e-07,-4.16030502759811e-10,2.65496393865281e-10,6.13190904792667e-09,-4.83904313388759e-11,-6.9759189107953e-11,5.06979911472986e-10,2.2225238582447e-10,-7.1171397988462e-10,1.03217313432576e-08,-1.34544154534341e-08,1.36723719705566e-06,-1.22266642227869e-08,1.59423163957877e-07,8.03087602444542e-10,6.93729952392416e-09,4.08167984175938e-08,-3.89835567303234e-07,2.15078450231835e-06,-3.62109905652188e-08,4.9511570259859e-08,-1.80454380942105e-07,1.17145877793838e-08,1.0601599263116e-08,8.10874059301458e-08,-2.18446879531163e-07,-1.10374645602842e-08,1.44463697097368e-07,-5.93283105925218e-08,1.46800597140586e-09,1.3678122071006e-08,-2.66034245515707e-08,7.25211100820434e-17,8.11506181117058e-11,1.76681075301035e-05,-2.80403790030997e-08,2.06662708621733e-08,2.95404163552486e-08,5.41932028910633e-09,1.25919030234283e-08,-1.83813933539272e-07,6.7591436246795e-08,-4.92325987773162e-17,-4.99406576430816e-08,-6.0637526028187e-10,-1.76638979597506e-09,1.23157739872929e-05,1.19716620538356e-08,-7.90262636295825e-10,-2.91745290417857e-08,7.57226476175613e-09,-3.74982170805019e-07,4.14862802886073e-08,-8.01972934442006e-09,-1.40750389387668e-08,-7.30038527572322e-10,-6.96442015060521e-10,-1.32422072223403e-08,2.88703721576226e-06,-1.34820148774559e-08,1.34537765806503e-16,-2.27405775687598e-07,1.7009275660694e-08,7.82486384765143e-10,3.6690330002815e-09,-1.67531668754638e-08,-2.29690539966473e-08,1.17313299032827e-07,-8.79424104085088e-07,-1.33052567699457e-09,4.67902708804207e-16,-2.32746641764427e-09,-3.23631778160779e-05,-9.59914203167499e-10,6.55254463988342e-17,-5.80278493930242e-11,-5.33207761603708e-09,1.19263600065139e-09,1.05524162998817e-09,5.90571221561092e-10,4.13281363511302e-10,1.75273054758091e-08,-7.19676508812257e-10,-7.9435012702146e-09,-6.13928874475808e-07,-2.61639223205589e-09,-2.67197291215052e-08,5.09343535786992e-18,1.57824754334767e-08,-7.84395047532155e-09,-5.70530244424661e-08,6.73652447329366e-09,1.5539772995782e-17,8.69894402619315e-09,-1.4598152755195e-08,5.61172597258095e-09,5.22462551050252e-09,1.39453730493101e-08,-1.13216916693162e-07,2.48494034440609e-07,-4.71515322198473e-08,-1.42235826296745e-15,-2.18503651924649e-07,2.97354573882639e-07,-1.37318853706452e-06,-3.03652065227467e-07,3.09916337576528e-08,2.1136330016207e-10,-7.35522753814166e-16,-3.41944816707775e-16,2.23149106097651e-10,2.14253529977646e-07,-2.85124484431425e-08,4.41458953693252e-08,1.62763930882094e-16,2.42214928223813e-08,3.04786335153138e-10,4.21079439994053e-16,-1.08142247988036e-16,1.23027254609658e-15,-7.87052910151352e-08,-2.3803323886217e-07,3.75653869198076e-07,-2.39758680799427e-07,-1.2068485603228e-07,-3.00473341359031e-07,0.000173405010110504,-4.76647995618602e-16,7.72625331307403e-07,-6.11952247141126e-07,-1.23861539940657e-15,-9.511702519459e-16,2.55840966937765e-05,3.98683653823308e-11,3.3033951300056e-07,-2.72804727134645e-07,-3.84130763082985e-07,2.10388198194095e-08,-4.54866579771271e-15,7.25445404422265e-08,1.64600298646666e-15,2.66142191105661e-07,-1.16560407159572e-14,5.11731065874277e-07,-4.62270092831983e-16,-4.306929534846e-07,-6.04960794413217e-07,-4.49248266401557e-08,-6.20839998628993e-07,-3.48022194523385e-06,2.76200736485153e-07,-3.05150848347896e-06,-1.2063681688133e-07,-5.88174397354035e-07,-5.8786056543681e-08,-1.08513370199988e-06,0.000794113257277764,1.26619408994076e-06,1.35262659268722e-07,3.813735252436e-06,-5.60982764011103e-15,-0.00380374984221418,0.877766382932908,4.68809358184667e-07,1.41109341378786e-10,4.90082312981554e-08,1.02655502472097e-06,3.46074016697001e-06,1.01392098360019e-16,-0.00112507807885503,-3.42795664846872e-07,4.03981149188694e-15,-4.25910049617745e-07,4.87523949972893e-06,-1.6114661754772e-15,-1.60168222794474e-15,-3.3296820231687e-05,-1.25232729324462e-07,-6.89690428780811e-10,-9.2114152291693e-07,2.26927968659142e-07,9.31191807932634e-05,6.2850925824711e-08,7.04529313460179e-07,-1.12026453673193e-06,-3.94064121611581e-15,2.49016512349992e-08,1.54877277226399e-09,4.21860187726946e-09,3.88784703233661e-07,-1.89328792799765e-15,-2.26117056607847e-16,1.2530968982943e-07,2.63948345385539e-17,1.68197934928499e-15,7.05256675839354e-07,-7.76257558108079e-07,-1.58745795933373e-06,-8.43090775422018e-09,3.84987293452393e-05,2.6523999833925e-07,2.27462579616613e-08,5.71550668571092e-16,5.39025052695457e-08,2.48993508717499e-09,1.13850825113087e-08,-4.09727948663827e-05,4.75250039073828e-06,-1.11542415475414e-15,-1.25854955463391e-16,5.99756326964365e-16,-3.58376318856693e-08,-1.87008047359259e-07,-9.82062212015148e-08,4.83933576561231e-16,-1.78151615998162e-05,-4.66815207198997e-16,6.62083217224235e-17,1.94492819326412e-06,-4.26720727011403e-08,-9.92261828258734e-16,-1.03575243749435e-07,-7.37309339362818e-05,-5.82778228477412e-17,1.55332598366573e-07,-2.90842192329342e-16,4.07019335133874e-08,3.73022859852205e-16,4.05416176261381e-08,3.50513046624367e-07,4.56428071416547e-06,1.18934762853457e-08,8.12938922186379e-08,-2.77193615291684e-07,1.07889061779094e-07,-2.25655835356654e-16,4.79314209049315e-06,-4.30693528774236e-07,3.30446447377687e-16,-3.54266201741398e-08,-1.03322017957651e-07,1.65876690875656e-07,2.21825389430996e-16,7.64466885664232e-08,0.000141302527687977,4.77584136740526e-17,-2.41951126672718e-07,-5.36595789282778e-08,-3.86619771176118e-06,-4.8464558103235e-16,1.34084302374635e-16,4.89742797159754e-08,1.4882556364237e-08,1.20221281965524e-09,-1.29834521229034e-07,8.48853417605103e-09,-1.56160038046132e-16,7.20039935617199e-17,3.08857611807748e-08,2.12803638233476e-10,-3.36700043499845e-17,7.41945987241757e-08,2.17060458141103e-16,4.21306185878338e-07,-1.40220871386483e-08,-8.18884096085705e-09,-5.41819541015386e-08,-1.2350997641915e-13,-2.9171729950917e-17,4.03472966725397e-16,-3.21805138048361e-13,-5.86350020432314e-06,-1.02718416408757e-07,-1.05676284774496e-16,2.24300101671859e-16,-3.93432682655215e-17,2.28997647902841e-07,1.29023437872946e-09,-1.12431372956153e-07,-1.7802941761032e-16,-1.0486945513366e-15,1.1666015375944e-16,-4.2957839436521e-07,1.45001430524113e-07,3.27749283255674e-16,1.58801750900482e-08,-2.12655429165564e-05,-1.04692625270755e-16,-1.74473255483443e-16,-4.09540858639001e-08,-4.19413526362516e-10,-2.02114790127641e-08,2.19132630745471e-17,2.26109373876574e-08,3.2824013436594e-08,3.50650217316027e-08,-3.17750304804725e-08,-1.13003664355819e-07,9.59795199415972e-09,-1.91652842668145e-16,-9.37562391173185e-17,2.71392312702395e-16,1.79546330618918e-07,-2.58594174823362e-07,-8.83078604069273e-09,-6.88097748118345e-09,9.51146262771715e-17,-3.51065375212808e-16,-2.08140207588179e-17,-3.23398334285421e-16,6.374455598909e-17,8.42258976893982e-07,-1.00328978130068e-16,5.33543341552949e-17,-5.24571758121915e-09,-2.41667504528605e-17,-4.69489304071118e-09,8.78106772767715e-17,-5.81869834502807e-09,1.5707328658729e-16,-7.00324219378699e-09,-8.75203640088316e-10,-5.51211653671081e-07,-1.36937729618985e-16,2.79554313454088e-08,7.48556664775524e-17,3.94430781182548e-08,-1.78216083145378e-06,3.80559331304997e-10,1.07357494107955e-17,5.54090898762581e-08,-6.92642720901628e-17,-1.35591400195148e-08,-7.6516635886457e-08,1.83509423566352e-18,-3.36543163744007e-17,-1.23304394891082e-16,-6.78207265685563e-16,-2.55951318869111e-10,-3.32990272928928e-09,-7.42755608245399e-10,-7.50883379687364e-18,-1.54577537914739e-16,-1.04986360959598e-05,4.40141940047378e-07,-2.52514426626545e-16,-1.71832283488581e-16,-3.34610376594979e-09,-8.44605931467912e-17,-2.36827636303232e-08,-1.12816119283433e-16,2.22783844198405e-07,9.92393877235772e-17,-2.49112575723766e-16,-3.72957528292069e-17,-1.00022024029819e-16,8.96831076162342e-17,2.97982160652828e-16,2.93801942008877e-08,-2.05453591314536e-07,-1.24431013809352e-16,-1.96752586360248e-08,7.47670345296582e-08,2.57849389955958e-17,1.51320148460508e-16,-7.46953175563702e-17,-1.69795448087858e-17,7.33956462126191e-09,1.17261828888815e-09,-4.49827082049538e-17,-8.61234459479062e-17,-1.33014532412169e-08,-4.74422999179735e-08,-9.60257691948642e-07,-5.91227383432335e-17,6.80252426025136e-17,4.02754248540805e-18,7.44294225630863e-17,6.15799454196342e-18,-1.61757917564065e-16,2.78024729516037e-08,-2.62779640866274e-08,-5.04936649415604e-09,4.76356938030137e-19,-8.21720119646066e-17,3.65662475559158e-16,-4.98496621978082e-17,4.04525187289049e-16,1.1098283488529e-16,6.36323096144812e-16,3.9977982806851e-17,-1.04827130281678e-17,-5.79695492905862e-17,2.84480790844149e-16,-1.58301820296396e-16,1.77736795794407e-16,-4.22502303558906e-17,1.8919869691703e-08,8.72021777218304e-15,1.83755549767458e-16,-1.64378878627792e-15,4.25189433370666e-07,-4.65866567695205e-10,-4.52265147999309e-17,-6.89683125197938e-09,3.87598833098508e-07,5.47897838106779e-18,1.48826916543345e-16,-6.78664344825936e-08,-7.1664279277067e-17,9.49339868946274e-09,-3.61996718360956e-16,-4.55734517907269e-17,8.82810098922917e-17,-5.31033140538878e-17,8.41921551632612e-10,-1.15579679890792e-07,-2.15020150003207e-17,-1.0765028356299e-16,1.65449036594106e-17,1.8720885196278e-16,1.25550611573821e-16,-2.95374395743217e-16,1.28330495776599e-18,2.50486736859096e-17,9.46636852489821e-09,4.15721747449834e-17,-2.49271500033457e-17,-1.61558969364215e-17,-2.78389907134291e-17,5.08997698892189e-17,-1.07279457930737e-16,-2.6958679747139e-08,5.86811599242761e-17,1.12555963537317e-16,2.00884638028023e-08,1.47549965833154e-16,-1.00408370775029e-16,1.86228763655912e-16,1.62248012596356e-16,5.82545004852274e-06,2.23353970234179e-17,-1.22688707832403e-08,-2.20615585572561e-16,-4.69438447282026e-17,1.18054886172273e-16,-2.06726861106885e-16,-1.28600983796511e-17,-2.43627131853472e-17,4.42367679891182e-10,-2.87934462939989e-16,6.76787694445773e-18,1.71986891651067e-08,-5.51235042563252e-08,-4.67042734684006e-17,3.85581198063467e-08,5.64471986165823e-09,1.15677733740165e-16,1.20150996163925e-16,1.26169451719069e-16,1.11144768216343e-16,-4.78028643659161e-17,-9.41809097296734e-09,2.11617063605001e-16,-1.95977783301124e-16,6.35501518901803e-17,3.76420915318406e-09,-1.81601542191418e-18,-8.58719205785373e-17,8.79430209889052e-17,-7.50911086907794e-17,-1.71124446766579e-09,1.31298937091519e-16,6.76819034573382e-07,5.30485419658575e-17,-1.44651645042633e-16,1.20096486435064e-16,1.31737283244518e-16,2.3748062012129e-17,-1.66872199511932e-16,1.89418653249392e-17,-6.13845495743617e-08,3.47562917838506e-17,1.09480110496426e-16,4.09816923788547e-08,8.49394031748787e-17,6.62341479276487e-17,-1.52015559424458e-16,-2.50289565041394e-18,-1.76079234043976e-18,1.12421501374643e-17,-2.70118055592433e-08,2.15705193557563e-17,-1.91278791453854e-18,8.81066007091901e-08,-6.39436445095323e-17,7.54323669073696e-17,-1.05370465080633e-16,-3.96599218615299e-17,5.46905458309148e-17,-1.10923527881823e-16,7.30865067418656e-17,7.90233344378889e-17,2.13242166265883e-16,9.63599977989942e-17,4.54566918148018e-17,-4.60163952424684e-08,9.59595812727236e-08,-1.32317791611627e-16,-1.70103716319134e-16,7.80832864655597e-17,4.43015764426159e-17,3.92914867308747e-16,7.28251720042191e-17,1.9695611656591e-16,-1.26867423649643e-16,-1.20208988594557e-09,-1.3191874782589e-16,-3.01115125148457e-18,-2.63503480620163e-16,4.57212389100295e-17,1.53593542819397e-09,1.42636144399046e-16,-1.67603640468747e-09,6.49238098780422e-17,9.45482297921604e-17,-1.53774472779566e-16,3.54914979565068e-17,-4.34945240358063e-17,7.33733037966196e-18,-4.18716597422977e-17,-1.11395585774411e-16,-5.38051309367366e-17,3.58165344636645e-17,9.52498703352183e-17,4.14862823401269e-17,7.81703892923246e-17,5.29238367709293e-17,5.65726014476826e-17,2.08894987273507e-16,3.30001036412063e-17,-2.31524358760121e-16,-3.10214923515975e-17,-9.72074970069191e-17,9.28077059647592e-17,2.72007516761155e-17,-1.07509308979607e-16,4.69908312948916e-17,3.82898040061957e-17,1.14676249887984e-10,-2.07617225691485e-17,2.12557659486589e-17,7.14163565139307e-17,-1.44786419512163e-16,-4.42563830032534e-17,2.40058798992155e-17,1.19241042420125e-16,-8.62401266770152e-17,5.46546227718324e-17,-3.30656260055874e-18,2.49366499671666e-17,-4.20623181513092e-17,4.44865568305203e-17,9.68270662546699e-17,-3.20056189426267e-17,6.89686311547903e-17,-1.12780688271582e-16,-1.46854506513666e-09,-4.31534248551394e-18,-2.7024150847755e-17,1.2458453974793e-16,-1.05564748929881e-17,-5.33683188929399e-17,-4.38588693538719e-17,8.00159924117158e-18,-8.87088813377272e-17,-3.05515781464483e-17,3.09639728704272e-10,4.26989322620414e-16,-4.68093380886411e-17,2.54656833131344e-17,-3.30569934101533e-17,-3.15510344064431e-17,4.36392734385948e-17,3.98426140168691e-17,-1.10562688275635e-16,7.6226474158431e-18,4.61627404692751e-17,-3.65615082308675e-17,1.18255837820024e-16,-6.45716771235037e-17,1.55497484117882e-09,-8.73372277599951e-17,-1.39554679632095e-16,-1.24126997108581e-16,-2.1987620058006e-16,-4.67074601470094e-09,-2.19110794964294e-17,9.41254942043921e-17,-6.80036504262421e-17,3.87424473338828e-17,6.64641408368805e-17,1.1007110377067e-16,2.84267949222982e-16,6.51379672223039e-17,-1.05658664040839e-17,-1.40243480410466e-18,2.56919074035652e-17,8.58128276200247e-18,1.39827218001324e-16,4.57410743221335e-17,8.54908939538417e-17,-1.38339434154305e-17,-2.34928660129967e-16
"t425",-0.0456244973719869,-0.0711069995012715,0.0250440698914793,0.034335267746686,0.00273517194251624,-0.00119058191986938,0.00664536286732255,0.000120989090427378,4.81415918712894e-05,-0.000163246983964173,-4.28919646501329e-05,-0.00348190474477766,0.00888603003358552,-0.0019025798279324,-0.0024466067992167,-0.00514344817072756,-0.000612228955710693,0.0407405854752132,5.10332857917681e-05,2.68750509275217e-05,-0.000448752107456102,-0.000439588134203368,0.00323241464411568,-0.0673777767902351,0.20805536323291,0.000597071371574313,-0.000688551388971586,0.000632281192442152,-0.0110117571054765,0.00488992655426965,-1.39379643873772e-05,2.48673560926407e-05,-0.0111090496393321,-6.44186293608872e-05,-5.71356140716117e-06,-6.4462133716561e-05,-0.112890333405419,-1.27357913581794e-05,-6.85051680130008e-05,-1.00218074026134e-05,-0.000221279351355117,1.47441293772626e-05,-0.000135317089269138,7.87916148002686e-06,-0.000198939293820587,-2.4977428676575e-07,0.00276009210349386,-1.89226067351233e-05,4.12166028754963e-06,-1.06716935462007e-05,0.000154155002398946,-8.46525452410695e-06,1.2003475478267e-08,-2.91809348820487e-05,1.71972967573903e-06,-1.8236738685239e-05,7.80569798576142e-07,-5.31981216916501e-05,1.80821748772403e-05,-2.00747308997656e-05,-1.78124142135447e-05,2.77921296557914e-06,-9.12704053489106e-05,4.86446479362734e-05,-3.51326925884136e-06,0.000137178184963933,-5.1969448296294e-07,1.84874998521495e-05,-5.07302713788281e-05,2.00608006727439e-05,-0.000567793030735474,5.07438210463765e-05,-2.50473297834616e-06,-0.00688584219717015,0.00288441303379226,3.17625059989814e-08,-0.000222662548210871,5.70755891814083e-06,-2.59673248606428e-05,-3.28694657731848e-05,1.11056503358202e-05,0.000172189067531918,-2.95084559109944e-05,-0.000212109449048178,4.10131273080997e-05,0.0237892435414298,0.00190243927967887,2.47789938051049e-05,7.57270395447481e-06,-0.00169258105929978,2.74774498642359e-05,-1.65737006840166e-06,-1.4095906155984e-05,0.00223514482862664,1.56640536143748e-07,-6.39827308369898e-06,-0.00137253169319914,-2.69904366021231e-05,3.95982756403712e-05,1.06650801385136e-05,1.05198526096356e-05,-0.152799933572962,-9.45730618555723e-06,-1.96518541907057e-07,9.78315731147008e-08,-0.00148327472876522,1.98035357993586e-06,-9.05351720190661e-07,3.24277605001285e-07,-7.35235045480447e-08,-3.15321846819159e-07,-5.98811858187761e-07,9.76903876662814e-07,-2.38156302196248e-07,5.72381310793881e-10,2.88816970799081e-08,-7.43293327594283e-08,1.64828269694884e-07,-2.42771944972138e-07,7.26830863927441e-07,-2.97813961618533e-06,9.19479847784435e-07,-9.8431449124297e-07,-2.71586673719303e-06,8.98162437345574e-07,-9.50235145457496e-06,9.72545232515512e-07,-3.32415428899785e-07,8.13359175527658e-07,2.70780809059727e-05,-0.000216388614305831,4.21863825038402e-06,-0.00100662802675305,1.38250063856204e-07,1.51096518638852e-07,7.23355192783098e-07,-5.12254520221205e-09,-3.61122508971548e-06,1.17120493951648e-06,-3.37220877242226e-06,-2.16776728646638e-07,-8.41768348443537e-06,1.65271030840801e-06,1.05666865246586e-07,3.3337048639258e-07,-2.12251865340218e-08,-1.00285182239481e-06,1.55186961777593e-07,1.01882807306223e-08,-2.54221732510799e-08,-3.95447189110261e-06,-1.18490935892154e-07,-2.54901653888627e-06,9.58666939105482e-07,-2.99869504330312e-07,-2.65598147210105e-08,4.03706630594343e-07,-0.00232900644877585,4.14727128636101e-08,3.09320804013694e-09,-0.00135598310097516,-1.2828935876882e-06,9.72362532666651e-08,1.71715670589541e-05,-5.07809710710125e-07,1.26368390753981e-06,1.94079072148751e-09,3.47934404839698e-11,1.72585515455884e-09,6.66892639194905e-10,8.6799258724343e-08,1.05462295494724e-08,-6.08100584260747e-09,-2.90517455843886e-09,-1.30719319127867e-07,-2.01909441674904e-09,-1.34381495188618e-08,1.17838545451217e-07,1.24553666468129e-07,4.23819636964421e-06,-2.88337685080825e-06,-1.10223862689893e-05,1.63312321837011e-07,3.48204915986738e-06,2.34029061733076e-08,2.61961040694432e-05,1.07000333345606e-06,-3.68140957528171e-07,-1.67431454296116e-06,1.65220873794426e-05,6.62792247136626e-08,-1.56059933261277e-07,-6.74259801395309e-07,-3.81425640922733e-06,-1.43046707414569e-07,2.66858837195776e-07,5.23326975761461e-07,3.03511557998756e-06,-3.81497626003649e-07,-2.96517676719766e-07,-3.05711768061704e-07,-7.0619071657436e-05,1.73474566997088e-08,0.456473773604887,-0.0011773274192765,-0.00193600108916081,9.33325539777753e-06,0.000234472502000482,-2.64357334519994e-05,-0.000210518947130809,-6.60660119485476e-05,0.000222078621902881,-0.00102276462744769,-2.79737052360944e-06,-1.78371885917878e-06,-2.25909680692172e-06,3.15641954702609e-06,2.69958109554502e-07,-4.58560640848862e-07,-2.17973614798396e-06,-1.17142030556224e-05,9.00482814927536e-05,3.43749456017162e-06,1.09956485802469e-05,-2.7194381133561e-06,-1.38366476566006e-06,-1.45811989674484e-05,-9.84271653661117e-07,-1.52562148893218e-06,-1.20002783347961e-06,2.54010088919441e-05,8.35354203506758e-06,3.99918024278609e-07,6.68239257114502e-07,-3.5003482183942e-08,-5.71597455975036e-07,-2.95774759669193e-06,5.49312401669534e-16,-4.43978278121301e-07,3.33707938496158e-05,-9.48607294688561e-07,-1.72563098071306e-05,-2.79686466878031e-06,3.34565026759628e-06,-5.56903648530709e-07,2.03224226825072e-05,-4.64484450615486e-08,3.09278699004444e-09,-7.98972928880407e-06,7.38771245119376e-06,-2.33915934747489e-07,3.21319124481601e-05,-1.52732880281194e-06,6.5409432784648e-07,-4.52974742032059e-08,0.000559106862825927,-0.000595971750394441,3.92976519273305e-05,1.48418430610996e-06,-3.20993810175366e-07,8.60230176873974e-06,-1.80570853187629e-06,0.000217886676476107,-0.000203347132630625,1.67351635436187e-06,-5.93066934516978e-07,0.000815951989311132,0.00191076210407049,-0.171745184211903,-2.78546076829784e-06,-8.10530278120291e-07,9.45950761240356e-07,-0.000120936875900554,3.42258387675529e-05,-8.06773605390932e-06,0.000189081715383955,-0.000149160843298655,0.404568533258696,4.38431499939977e-06,-1.58788248745642e-06,3.7554521690998e-07,8.27440528636736e-16,-2.49910197608088e-07,-6.93723276852381e-09,0.0389461177302032,1.03270223697172e-05,-5.7602365328098e-09,3.93100281625462e-09,9.45681138232383e-08,-9.44563924856728e-09,7.32829653791505e-08,-1.90530924548757e-07,-6.03859420250534e-09,2.79943259705997e-09,-3.04310198564592e-08,3.20760596428967e-08,-1.35420611261987e-06,-1.81095211549461e-08,3.17461103311895e-07,1.61940861487498e-09,1.40403288221444e-08,1.14629944900243e-07,-1.30939842088597e-06,7.34636796471071e-06,-1.2656977897605e-07,1.77616393871373e-07,-6.52298981229965e-07,4.48872870987818e-08,4.07890493452609e-08,3.14300469685449e-07,-8.5096742429218e-07,-4.36969439901537e-08,5.8196294385086e-07,-2.42792335238972e-07,6.04850240835202e-09,5.70036347964138e-08,-1.13563635597448e-07,1.27482365995057e-16,4.0107291024633e-10,8.86754007404404e-05,-1.44081584989731e-07,1.06265676161902e-07,1.52009668894295e-07,2.80509981628011e-08,6.59098422701878e-08,-9.75211784340826e-07,3.68835338919141e-07,1.24193109607607e-17,-2.91956116696633e-07,-3.57712068263489e-09,-1.06284752117757e-08,7.42826784589137e-05,7.60398454078051e-08,-5.17394751226104e-09,-1.99855980409456e-07,5.36124567922709e-08,-2.86812046736005e-06,3.4356586238252e-07,-7.02284502834921e-08,-1.27449407860999e-07,-6.7548188009242e-09,-6.70720272768002e-09,-1.28112937094195e-07,2.87796995104788e-05,-1.37675487084797e-07,6.65291974643747e-17,-2.86165022628335e-06,2.25309268633671e-07,1.03704207167344e-08,5.74414657263765e-08,-2.69835516016091e-07,-5.83167741745999e-07,3.59624249836929e-06,-2.81245257347244e-05,-5.09804834382153e-08,-3.01377258757036e-16,-1.15794429118454e-07,-0.00181420563991848,-1.03732086621946e-07,1.75319268917234e-16,2.05206984367328e-07,2.07477518089462e-06,-3.17078838915052e-07,-1.69233653920007e-07,-5.66646232095581e-08,-3.03905262996945e-08,-1.08837847180865e-06,3.04594938991444e-08,3.23830743554187e-07,2.0596867819644e-05,6.66176810462686e-08,6.71949444197877e-07,2.70175939651621e-17,-2.67297588598695e-07,1.25512545645244e-07,8.12667916489075e-07,-8.19652103399609e-08,2.12023683435104e-17,-7.96262249666502e-08,1.02950075092038e-07,-3.56892298692853e-08,-3.17387793146439e-08,-8.03264334524477e-08,5.93512092012783e-07,-1.12993315426478e-06,1.57222274642883e-07,1.67934710555904e-16,5.72852957172382e-07,-7.64229439210572e-07,3.38728118482133e-06,7.08242634982545e-07,-7.19784993854532e-08,-4.83292403654893e-10,-2.42861286636753e-16,4.87503278195078e-17,-4.67051814946222e-10,-4.15947044582623e-07,5.48431466414171e-08,-7.94823355700011e-08,2.32792326461612e-16,-3.78466477013404e-08,-4.47635438254678e-10,1.88185005910202e-17,-6.18102973872645e-18,1.3033895187015e-16,9.5446018644167e-08,2.81739915250934e-07,-4.08899536708028e-07,2.43055700985889e-07,1.21327126355014e-07,2.79895501860236e-07,-0.000160109762507184,3.664459604056e-17,-6.09947575329724e-07,4.56722912321236e-07,-2.78264151392265e-17,4.29834964711878e-16,-1.52116778767951e-05,-2.23896863725937e-11,-1.71563115512327e-07,1.34275782846216e-07,1.70028342218162e-07,-9.1500059657141e-09,-9.85113048157833e-17,-3.07935687409574e-08,-1.22907425762481e-17,-1.05182725918317e-07,2.16948854714349e-16,-1.91571873384397e-07,8.49529176341558e-18,1.50165762391152e-07,2.07848178134962e-07,1.25541734735726e-08,1.65459461607985e-07,9.08946634465162e-07,-6.58572689749141e-08,6.69214970600542e-07,2.13412732117964e-08,1.03836939426458e-07,9.64399886755675e-09,1.53871022828981e-07,-8.98926793606744e-05,-1.14129986664879e-07,-9.81802496567572e-09,-2.44594191399705e-07,7.76174449633846e-17,0.000147249702226923,-0.0133841933032273,2.17183600660159e-08,1.57740359131673e-11,3.08404406086611e-09,8.9346672913575e-08,3.35672765318121e-07,-8.20917111350967e-17,-0.000114809660314134,-4.16873850869506e-08,-4.697220705889e-17,-5.57820444624058e-08,8.96230964631774e-07,2.400841945808e-17,3.35127085427163e-17,-6.76092422665092e-06,-2.56399097580569e-08,-1.46604381388816e-10,-2.04121963418203e-07,5.47809743004089e-08,2.26349608939568e-05,1.54255813432949e-08,1.90461035707023e-07,-3.24537573165407e-07,3.1116602350334e-16,7.39090086174624e-09,4.61554972619098e-10,1.27500511252925e-09,1.19457352001752e-07,2.45239873170181e-16,2.61811918252422e-17,3.93535310087696e-08,-1.21396062276206e-17,-1.62359887864878e-16,2.50013880234349e-07,-2.80324989714318e-07,-5.73487711235863e-07,-3.16486209162678e-09,1.45242415077737e-05,1.00172137639737e-07,8.64912387549405e-09,1.88551043004886e-16,2.19241067866817e-08,1.0263138229707e-09,4.71306924471958e-09,-1.73210711089709e-05,2.08312702292426e-06,1.35467829092342e-16,1.19659097553594e-16,-9.03848348398827e-17,-1.64787143482387e-08,-8.76672807884565e-08,-4.61042779146314e-08,6.31205224994184e-18,-8.51453916636586e-06,-2.88134432573233e-16,4.33597219267749e-17,9.98379824838879e-07,-2.1922797349923e-08,-2.1163626406917e-16,-5.4065289021712e-08,-3.88352921035509e-05,5.21429416860109e-16,8.32932128186404e-08,-4.22882412552476e-16,2.22803959627542e-08,2.91739027142234e-17,2.22327812475632e-08,1.92487631378069e-07,2.51045978535072e-06,6.55595728369694e-09,4.50295311052822e-08,-1.56298291002213e-07,6.22922697082311e-08,-2.39711286296602e-16,2.84528253585186e-06,-2.56397094324641e-07,-2.7961495047506e-16,-2.11695550321394e-08,-6.21611534612067e-08,1.00397780512643e-07,-4.39170150497875e-16,4.71981554783022e-08,8.75740251527157e-05,-9.10348911189579e-17,-1.50707191771933e-07,-3.3505732430906e-08,-2.43587840708837e-06,-3.39100070753573e-17,5.14157120793381e-16,3.14936557527113e-08,9.65117043995198e-09,7.80947346208892e-10,-8.72927351327515e-08,5.73753824509694e-09,-3.17806754150411e-16,2.410424726964e-16,2.09518265084263e-08,1.44424161800679e-10,-1.4053353349536e-16,5.06575752628194e-08,-8.23611671714094e-17,2.89301799741159e-07,-9.70297278833845e-09,-5.66955592681321e-09,-3.75923190107476e-08,-8.61886048735141e-14,-1.43651920227396e-16,-1.08037178186707e-15,-2.26816323204117e-13,-4.14397462500623e-06,-7.27022032267691e-08,5.12990094478163e-16,6.37192805151036e-17,2.32670348916054e-16,1.62936659827311e-07,9.20102724528219e-10,-8.06652982501245e-08,6.3083892029265e-17,-5.28765399521181e-16,-2.46005472936961e-16,-3.14370940595774e-07,1.06184068549991e-07,-2.6614545002456e-16,1.17153788046659e-08,-1.57345375098777e-05,2.83958738876234e-16,3.34169127975154e-16,-3.05098779462129e-08,-3.12623211937091e-10,-1.51247514034858e-08,-3.37586137495897e-16,1.70303978560863e-08,2.48099618089737e-08,2.66324350576599e-08,-2.42908689530032e-08,-8.65359538718868e-08,7.3734489512594e-09,-4.08939297746778e-17,-8.99523743344518e-17,1.53468948936322e-16,1.40381515906856e-07,-2.0223946054112e-07,-6.92130855119175e-09,-5.45123210743473e-09,-2.12251063601713e-16,7.65686432716767e-16,-2.88032087238803e-16,7.10366891757822e-16,-1.59026961957865e-16,6.74512701435568e-07,1.90863916723717e-16,-5.08056653627147e-16,-4.21836283120379e-09,9.8467136151215e-17,-3.77624180791283e-09,-1.41238609254327e-16,-4.6818743275746e-09,2.55106633542258e-16,-5.67469274222224e-09,-7.10341932335286e-10,-4.48499452706748e-07,-9.69754774876788e-18,2.28156515807119e-08,1.10609628720142e-15,3.24032633996665e-08,-1.47632282599412e-06,3.15363866698485e-10,2.66196617870975e-17,4.60682016609546e-08,2.46271654790792e-16,-1.13313598633018e-08,-6.39608268259837e-08,4.0505580839395e-16,1.11746040263752e-15,1.21465071393683e-15,-4.37793759454494e-16,-2.14843475342012e-10,-2.79813849102167e-09,-6.24929299526809e-10,-1.17523478690192e-15,-4.89046055959032e-16,-8.88582261299197e-06,3.72623992903574e-07,5.23172029904131e-17,-7.72299663309466e-16,-2.85330762872045e-09,9.35403927641401e-16,-2.02254645359024e-08,-1.53610499113902e-15,1.91086521743895e-07,4.12992031738347e-16,3.55873344204113e-16,-3.02615017437057e-16,-4.1983521266458e-16,-1.73159928239016e-15,8.19915627822957e-15,2.54166341875847e-08,-1.77756254536455e-07,2.16780763693864e-16,-1.70725154858106e-08,6.4954913211012e-08,4.79560574291798e-15,2.2089716828111e-15,5.77988811171977e-15,-3.10775071824482e-15,6.40919285684877e-09,1.02517786271991e-09,2.69596927238814e-15,-6.36868300019368e-15,-1.16443268197687e-08,-4.15388810480817e-08,-8.41251301454073e-07,-1.06889560240011e-14,1.31213959220656e-14,-0.707106781186547,-1.86713590821823e-14,-4.64907105890939e-15,2.26653644825931e-15,2.45798140721892e-08,-2.32514004896228e-08,-4.47149640118276e-09,3.34160499126621e-15,3.44760914979369e-15,4.75488190831832e-15,-9.22442786251525e-16,2.89894011545372e-15,-1.61196667107287e-15,1.51550321980195e-15,2.39156863488607e-16,3.97045624032982e-16,-3.56119174503449e-16,-1.42194080104889e-15,-7.96040824833239e-16,6.61737838102126e-16,-4.06371918065808e-16,1.69818671154913e-08,8.01882577241132e-15,3.86293764535364e-16,-8.08023334572566e-16,3.82296417995208e-07,-4.19034603873058e-10,-1.86159525660765e-16,-6.20506731309228e-09,3.4945452622032e-07,9.6739099449803e-17,-7.0569254264951e-16,-6.13459830631133e-08,-1.17427954558047e-15,8.60814755034115e-09,-5.94017545328018e-16,-3.81584648346076e-16,-1.87236179904006e-17,8.81681375545407e-16,7.67110917816805e-10,-1.05343701548814e-07,-8.48535285537461e-17,-2.3424577480807e-16,-5.29183857279991e-16,6.32293203241471e-16,-6.93022028652734e-16,5.87151539240295e-16,-3.38774666535587e-16,4.53610202771146e-16,8.76786016509055e-09,-4.73699948610559e-16,-5.62585088120632e-17,5.20982708677406e-16,-8.29550492422257e-17,7.05436967711184e-16,-4.20812148626482e-16,-2.50521766360111e-08,-8.29400515086701e-17,5.90462586349434e-17,1.8679087487459e-08,4.00818543386187e-16,-1.36102704955656e-16,4.23539053858647e-16,-4.27454555302799e-16,5.45454954490025e-06,7.06169085946414e-17,-1.15017621040504e-08,8.93334610915348e-17,-1.15900476564728e-15,2.53030247709378e-16,4.12235688835617e-16,-1.3949622374836e-16,-1.26221552281956e-16,4.15733700584511e-10,-4.64343118510492e-16,5.75889023853243e-16,1.61935293128146e-08,-5.19067525529375e-08,2.69297036173033e-16,3.63661781044105e-08,5.32648868934177e-09,2.75238287189377e-17,-1.52188090851825e-16,-7.82205343417711e-17,-8.04698689862696e-17,6.79469664390562e-17,-8.95171416250633e-09,-7.08413399563429e-17,-2.51325175774801e-16,6.73172679935666e-16,3.58433385658320e-09,2.08364307844997e-16,-1.94148215956459e-16,-4.33533609783926e-17,2.91495156918209e-16,-1.63336062676704e-09,2.46424355558782e-16,6.46486749019466e-07,9.31516226187531e-17,-3.17550590056116e-17,9.0626350083313e-17,-2.69359093002548e-16,1.44569600559839e-16,4.45897381635107e-16,-3.02862600074093e-16,-5.88578627465397e-08,-9.01406338858094e-17,1.35845633731401e-16,3.93315942369255e-08,6.68879829221357e-17,-1.11190077777685e-16,2.45268397762394e-16,1.25205437511222e-16,-3.18565883888643e-17,2.64457533559995e-16,-2.59997028967845e-08,-2.51566515986657e-17,-1.83832137369562e-17,8.49146603191126e-08,-8.26812587329386e-17,1.14198497187077e-16,-2.71874615870887e-17,-6.03458184979216e-17,1.18151975169753e-16,-3.06330082354751e-17,7.14531042387374e-17,4.59261255434211e-17,3.83266168328518e-18,1.31652208104511e-16,-4.55403810135064e-17,-4.45572933945347e-08,9.29683562503608e-08,2.13738861612898e-16,-1.4883630005558e-16,-1.06793376888431e-17,-4.62305534899533e-17,6.72205346941013e-17,1.31301353266538e-16,1.05926789011677e-16,-2.19185622246815e-16,-1.16795928981583e-09,7.1910471116243e-17,-1.84734858022941e-16,2.30009331011454e-16,1.3732201703129e-16,1.49590924389896e-09,5.91266336656151e-17,-1.63671585633044e-09,4.03547934380575e-17,4.16692658023305e-17,2.36815712826328e-17,2.75021689809455e-16,1.28272438239424e-16,9.57927057654754e-17,1.31747052889523e-16,2.09055006789519e-16,1.21009504577017e-16,-2.40841684336149e-17,-1.21705652959576e-16,9.0968894924389e-17,2.9733965212413e-17,-5.33004495785616e-17,5.01592423931308e-17,1.62091638221883e-16,9.43625952100172e-17,-1.56568495682137e-17,-1.89774384425209e-16,3.30862959053576e-16,-1.11022302462516e-16,-1.55796819304917e-16,-1.49271697572121e-16,-6.26230272461939e-17,-1.20832509879096e-16,1.13051175791496e-10,3.57590567088677e-16,-3.76662070088508e-16,1.37510273991841e-16,-1.29854853889339e-16,-5.23634602291777e-17,1.03815949343307e-16,-7.50777135719996e-17,2.93933650471568e-17,1.09898824375679e-16,-1.37187390767105e-16,-1.98842678433842e-16,-9.53333206050082e-17,-1.68504938508606e-16,-3.98849699327122e-17,8.62698949314045e-18,-3.23409801666863e-18,1.1952606934701e-16,-1.45658084947892e-09,1.05481458467144e-16,3.34452633087663e-17,-2.01564318441783e-17,-1.84021189746189e-16,2.05662625135507e-17,3.71496358593014e-17,6.49586534323839e-17,4.29800999602488e-17,9.44986759448138e-18,3.08976394331811e-10,1.96579998467591e-16,1.34482842481087e-17,4.53881694408942e-17,-4.98131433364913e-17,-2.91361392995902e-17,2.72248838514093e-17,-1.27852736856924e-17,-1.60073678581178e-16,-2.55091624295084e-17,2.28619999262626e-17,-8.62804611975504e-18,6.23021651226182e-17,1.21278229066722e-16,1.56070073539794e-09,-3.57644250264765e-17,3.03833652800058e-17,2.22611588111629e-16,-3.22658566531686e-16,-4.70029719050066e-09,-5.78792895935594e-17,-6.80546348636874e-18,3.54567508370065e-17,9.10838167784369e-17,-1.76015802847332e-17,5.41489999141556e-17,1.13725133350299e-16,3.87814674585261e-17,-9.12915816079589e-17,-1.13605111667789e-17,1.24327472107049e-16,5.74891478771348e-17,3.37060690751764e-16,-1.0068792843725e-16,-6.64511328352451e-17,8.26959314587527e-17,-4.31530086548325e-17
"t426",-0.0456244973719869,-0.0711069995012715,0.0250440698914793,0.034335267746686,0.00273517194251624,-0.00119058191986937,0.00664536286732255,0.000120989090427376,4.81415918712927e-05,-0.00016324698396418,-4.28919646501281e-05,-0.00348190474477766,0.00888603003358552,-0.0019025798279324,-0.00244660679921668,-0.00514344817072756,-0.000612228955710657,0.0407405854752132,5.10332857917807e-05,2.68750509275009e-05,-0.000448752107456097,-0.000439588134203365,0.00323241464411571,-0.0673777767902352,0.208055363232911,0.000597071371574334,-0.000688551388971632,0.000632281192442171,-0.0110117571054765,0.00488992655426963,-1.39379643874015e-05,2.48673560926279e-05,-0.0111090496393321,-6.44186293608927e-05,-5.71356140715352e-06,-6.44621337165442e-05,-0.112890333405419,-1.27357913581655e-05,-6.8505168012991e-05,-1.00218074026118e-05,-0.00022127935135508,1.4744129377275e-05,-0.000135317089269155,7.8791614800293e-06,-0.000198939293820581,-2.49774286766875e-07,0.00276009210349388,-1.89226067351014e-05,4.12166028755352e-06,-1.06716935462003e-05,0.000154155002398919,-8.46525452411603e-06,1.20034754843115e-08,-2.91809348820452e-05,1.71972967573252e-06,-1.82367386852311e-05,7.80569798568268e-07,-5.31981216916355e-05,1.80821748772293e-05,-2.00747308997832e-05,-1.7812414213573e-05,2.77921296558254e-06,-9.12704053489288e-05,4.86446479362591e-05,-3.51326925883706e-06,0.000137178184963922,-5.19694482955228e-07,1.84874998521628e-05,-5.07302713788093e-05,2.00608006727392e-05,-0.000567793030735499,5.074382104638e-05,-2.50473297834887e-06,-0.00688584219717015,0.00288441303379229,3.17625060003943e-08,-0.000222662548210876,5.70755891814905e-06,-2.59673248606514e-05,-3.286946577318e-05,1.11056503358405e-05,0.000172189067531911,-2.95084559110029e-05,-0.000212109449048189,4.10131273081042e-05,0.0237892435414298,0.0019024392796789,2.47789938050786e-05,7.57270395445389e-06,-0.00169258105929988,2.74774498642384e-05,-1.65737006845024e-06,-1.40959061559976e-05,0.00223514482862665,1.56640536156661e-07,-6.39827308371028e-06,-0.00137253169319913,-2.69904366021131e-05,3.95982756403689e-05,1.06650801385267e-05,1.05198526096133e-05,-0.152799933572962,-9.4573061855878e-06,-1.96518541900331e-07,9.78315731059111e-08,-0.00148327472876525,1.98035357991109e-06,-9.05351720231165e-07,3.24277605031573e-07,-7.35235045486952e-08,-3.15321846853231e-07,-5.98811858177456e-07,9.76903876645922e-07,-2.38156302213738e-07,5.72381327208638e-10,2.88816970827918e-08,-7.43293327163789e-08,1.64828269661799e-07,-2.42771945013195e-07,7.26830863986777e-07,-2.97813961619006e-06,9.1947984779331e-07,-9.84314491234429e-07,-2.71586673720247e-06,8.98162437295647e-07,-9.50235145456824e-06,9.72545232631739e-07,-3.32415428893041e-07,8.13359175539898e-07,2.70780809059784e-05,-0.000216388614305829,4.2186382503777e-06,-0.00100662802675308,1.3825006387425e-07,1.51096518657314e-07,7.23355192757096e-07,-5.12254520304775e-09,-3.61122508970113e-06,1.17120493944471e-06,-3.37220877242426e-06,-2.16776728579942e-07,-8.41768348448093e-06,1.65271030838098e-06,1.0566686524321e-07,3.3337048640018e-07,-2.12251865549981e-08,-1.00285182239119e-06,1.55186961765089e-07,1.0188280727277e-08,-2.54221732461681e-08,-3.95447189112472e-06,-1.18490935846468e-07,-2.54901653889082e-06,9.58666939073208e-07,-2.99869504312717e-07,-2.65598147068988e-08,4.0370663058096e-07,-0.00232900644877597,4.14727128590217e-08,3.09320794707065e-09,-0.0013559831009752,-1.28289358766912e-06,9.7236253292921e-08,1.71715670589964e-05,-5.07809710691401e-07,1.26368390754658e-06,1.94079072345887e-09,3.4793414277725e-11,1.72585517372614e-09,6.66892670068833e-10,8.67992586965586e-08,1.05462296383706e-08,-6.0810058607272e-09,-2.90517460533259e-09,-1.30719319128347e-07,-2.01909440551342e-09,-1.34381494602431e-08,1.17838545487945e-07,1.24553666428786e-07,4.23819636962889e-06,-2.88337685081262e-06,-1.10223862690204e-05,1.63312321820962e-07,3.48204915987336e-06,2.34029061474951e-08,2.61961040694467e-05,1.07000333344245e-06,-3.6814095756014e-07,-1.67431454287646e-06,1.65220873794692e-05,6.62792247354911e-08,-1.56059933243319e-07,-6.74259801429965e-07,-3.81425640921584e-06,-1.4304670735571e-07,2.66858837112083e-07,5.23326976132012e-07,3.03511557993148e-06,-3.81497625899944e-07,-2.96517676671758e-07,-3.05711768083738e-07,-7.06190716574168e-05,1.73474567137688e-08,0.456473773604886,-0.00117732741927636,-0.00193600108916081,9.33325539779529e-06,0.000234472502000611,-2.64357334519371e-05,-0.000210518947130795,-6.60660119484237e-05,0.000222078621902817,-0.00102276462744772,-2.79737052351358e-06,-1.78371885918233e-06,-2.25909680694551e-06,3.15641954704273e-06,2.69958109478712e-07,-4.58560640838541e-07,-2.17973614798053e-06,-1.17142030556797e-05,9.00482814927873e-05,3.43749456005337e-06,1.09956485803806e-05,-2.71943811338704e-06,-1.38366476573445e-06,-1.45811989674062e-05,-9.84271653684149e-07,-1.52562148890455e-06,-1.20002783340095e-06,2.54010088919547e-05,8.35354203503654e-06,3.99918024288667e-07,6.68239257174078e-07,-3.50034821951049e-08,-5.71597456011918e-07,-2.95774759665076e-06,6.37709962252798e-16,-4.43978278071279e-07,3.33707938494372e-05,-9.48607294606272e-07,-1.72563098072065e-05,-2.79686466878212e-06,3.34565026750438e-06,-5.56903648591626e-07,2.03224226825462e-05,-4.64484450084767e-08,3.09278714495077e-09,-7.98972928875413e-06,7.38771245114657e-06,-2.33915934754429e-07,3.21319124481489e-05,-1.52732880283778e-06,6.54094327887974e-07,-4.52974743493564e-08,0.000559106862825919,-0.000595971750394336,3.92976519274575e-05,1.48418430604908e-06,-3.20993810162046e-07,8.60230176872857e-06,-1.8057085318393e-06,0.000217886676476036,-0.000203347132630576,1.67351635449359e-06,-5.93066934376802e-07,0.000815951989311152,0.00191076210407053,-0.171745184211902,-2.7854607684872e-06,-8.105302781417e-07,9.45950761147159e-07,-0.000120936875900522,3.42258387675841e-05,-8.06773605404534e-06,0.000189081715383947,-0.000149160843298623,0.404568533258695,4.3843149993059e-06,-1.58788248761353e-06,3.75545217038987e-07,8.65684833465065e-16,-2.49910197567625e-07,-6.9372327505615e-09,0.038946117730204,1.03270223696854e-05,-5.76023661087887e-09,3.93100278645437e-09,9.45681138696452e-08,-9.44563906526013e-09,7.32829652745901e-08,-1.90530924562726e-07,-6.03859425529818e-09,2.79943258103398e-09,-3.04310199051836e-08,3.20760596008143e-08,-1.35420611259994e-06,-1.81095210666324e-08,3.1746110357991e-07,1.6194086927638e-09,1.40403288641079e-08,1.14629944971361e-07,-1.30939842088167e-06,7.34636796483137e-06,-1.26569778957405e-07,1.77616393973756e-07,-6.52298981403983e-07,4.48872870251236e-08,4.07890491333441e-08,3.14300469678014e-07,-8.50967424258864e-07,-4.36969439867713e-08,5.8196294377531e-07,-2.42792335263987e-07,6.04850236156955e-09,5.70036348593207e-08,-1.1356363559958e-07,1.47264462053085e-16,4.01072944585476e-10,8.8675400740517e-05,-1.44081584661868e-07,1.06265676205862e-07,1.5200966885726e-07,2.80509984122374e-08,6.59098423491061e-08,-9.75211784321126e-07,3.68835338897508e-07,1.03168698036287e-16,-2.91956116579156e-07,-3.57712063676262e-09,-1.06284751709906e-08,7.42826784589977e-05,7.60398454375441e-08,-5.17394743851921e-09,-1.99855980434355e-07,5.36124569272e-08,-2.86812046733288e-06,3.43565862365269e-07,-7.02284503620388e-08,-1.27449407608909e-07,-6.75481880385135e-09,-6.7072024958776e-09,-1.28112936969604e-07,2.87796995104884e-05,-1.37675487096102e-07,4.08355469261046e-18,-2.86165022628805e-06,2.25309268946788e-07,1.03704206433833e-08,5.74414656985761e-08,-2.69835515937516e-07,-5.83167741801026e-07,3.59624249843385e-06,-2.81245257346784e-05,-5.09804833716044e-08,-1.16848060642475e-16,-1.15794428950668e-07,-0.00181420563991863,-1.03732086640131e-07,1.68478187004293e-16,2.05206984378824e-07,2.07477518100501e-06,-3.17078838862816e-07,-1.69233654046242e-07,-5.66646233338547e-08,-3.03905259842963e-08,-1.08837847176871e-06,3.04594938858421e-08,3.238307435533e-07,2.05968678196377e-05,6.66176809313809e-08,6.71949444170162e-07,1.05154850764516e-16,-2.67297588343852e-07,1.25512545731712e-07,8.12667916447271e-07,-8.19652104404272e-08,8.17536212809376e-17,-7.96262250323257e-08,1.02950074954995e-07,-3.56892298624569e-08,-3.17387791697115e-08,-8.03264333722619e-08,5.93512092028425e-07,-1.12993315409392e-06,1.57222274588719e-07,2.3772756895493e-16,5.72852957118909e-07,-7.64229439099008e-07,3.38728118495247e-06,7.08242634847472e-07,-7.19784993684325e-08,-4.83292528563531e-10,-3.46944695195361e-16,-8.35557430616655e-17,-4.67051901332154e-10,-4.15947044848849e-07,5.48431465128618e-08,-7.94823359314653e-08,1.61551837011949e-16,-3.78466477053227e-08,-4.47635437209324e-10,-1.22263156174515e-16,-1.42887384490463e-16,3.25868882063481e-17,9.54460187509268e-08,2.8173991504756e-07,-4.08899536930575e-07,2.43055700826235e-07,1.21327126305903e-07,2.79895501844824e-07,-0.000160109762507313,-5.76498716539791e-17,-6.09947575408484e-07,4.56722912400565e-07,-2.84536683616978e-17,1.7370073186522e-16,-1.52116778767796e-05,-2.23898740399575e-11,-1.71563115428935e-07,1.34275782918971e-07,1.70028342125057e-07,-9.15000610031074e-09,-3.26762967178255e-16,-3.0793568747919e-08,-1.48475920062217e-16,-1.05182725883787e-07,-1.57859836313889e-16,-1.91571873437776e-07,8.30387028637909e-17,1.50165762739025e-07,2.07848178136742e-07,1.25541737122394e-08,1.65459461727812e-07,9.0894663448568e-07,-6.58572683233925e-08,6.69214970769741e-07,2.13412731953562e-08,1.03836939020871e-07,9.64399933965012e-09,1.53871022862104e-07,-8.98926793607388e-05,-1.14129986668256e-07,-9.81802492922982e-09,-2.44594191773854e-07,9.94296038406571e-17,0.000147249702227072,-0.0133841933032272,2.17183598256597e-08,1.57721641436821e-11,3.08404438653783e-09,8.9346672805712e-08,3.35672765283232e-07,4.02709017698608e-17,-0.000114809660314013,-4.16873849554272e-08,6.15805817733133e-17,-5.57820443937641e-08,8.96230964512619e-07,7.22636653112919e-17,1.09844283484617e-16,-6.7609242266522e-06,-2.56399095394192e-08,-1.4660442759911e-10,-2.04121963338896e-07,5.47809741346286e-08,2.26349608941849e-05,1.54255816338341e-08,1.90461035319273e-07,-3.24537573036047e-07,1.24249568966839e-16,7.39090090964282e-09,4.615547472276e-10,1.27500517920284e-09,1.19457351800111e-07,-1.15751651313867e-16,6.61051181045676e-17,3.93535310660916e-08,3.27601982782526e-17,-2.21221839076042e-16,2.50013880245724e-07,-2.80324989854733e-07,-5.7348771178025e-07,-3.16486230787657e-09,1.45242415077254e-05,1.00172137835017e-07,8.64912394676379e-09,-1.21100066146e-16,2.19241064754298e-08,1.02631388764809e-09,4.71306927902597e-09,-1.73210711089015e-05,2.08312702295191e-06,7.35893612523231e-17,-1.3125862909215e-16,5.22690919782058e-16,-1.64787140030297e-08,-8.7667280922349e-08,-4.61042773575093e-08,-1.54761960898275e-17,-8.51453916621255e-06,2.31523668699076e-16,-1.11493114799573e-17,9.98379824855324e-07,-2.19227974373027e-08,-1.33573707650214e-16,-5.40652890162422e-08,-3.88352921035948e-05,-1.22312234921364e-16,8.32932129597935e-08,4.76789594253486e-16,2.22803961886852e-08,1.28329600303273e-17,2.2232781855754e-08,1.92487631253106e-07,2.51045978543448e-06,6.55595730566759e-09,4.50295312962784e-08,-1.56298291246484e-07,6.22922697276142e-08,2.06278538752751e-16,2.8452825358247e-06,-2.56397094189576e-07,3.09052087797808e-16,-2.11695547149606e-08,-6.21611533647174e-08,1.00397780582386e-07,2.50103310744625e-16,4.71981557845953e-08,8.75740251529267e-05,6.6565104135864e-18,-1.50707191769682e-07,-3.350573218522e-08,-2.43587840660895e-06,1.86869730614095e-16,-5.24763144219137e-16,3.14936552279623e-08,9.65117084506395e-09,7.80947432973726e-10,-8.72927352518096e-08,5.73753826148158e-09,2.69107006633457e-16,-1.64239436930421e-16,2.09518262858625e-08,1.44424321896866e-10,3.00213341602815e-16,5.06575745897599e-08,2.1033378551861e-16,2.89301799742353e-07,-9.70297243683769e-09,-5.66955509684337e-09,-3.75923190706499e-08,-8.54940345505543e-14,1.19140522669908e-16,1.09647173107346e-15,-2.27362704337489e-13,-4.1439746249126e-06,-7.27022033332132e-08,-5.95300316388044e-16,-1.03940866090695e-16,-1.81811330453164e-16,1.62936659887258e-07,9.20103137500773e-10,-8.06652980023034e-08,-1.71618948207079e-18,-6.29379361127835e-17,3.6721927582084e-16,-3.14370940350583e-07,1.06184068425704e-07,2.95204386325725e-16,1.1715378457275e-08,-1.5734537509886e-05,-2.40436585180682e-16,-3.38726086541939e-16,-3.05098778877094e-08,-3.12622570706218e-10,-1.51247508133733e-08,2.53965874963891e-16,1.70303977372226e-08,2.48099617066359e-08,2.6632435127736e-08,-2.42908689585625e-08,-8.65359540050651e-08,7.37344817391902e-09,-1.45085755380989e-16,4.3875837082845e-16,-2.32395299552098e-16,1.40381516013007e-07,-2.02239460183362e-07,-6.92130905114092e-09,-5.45123172478893e-09,2.99283991706424e-16,-8.14347746818614e-16,2.53102803023184e-16,-2.46796900698902e-16,1.62547381660932e-16,6.74512700564446e-07,-2.46631596126629e-16,6.10332538287998e-16,-4.21836281734979e-09,-9.07711871672491e-17,-3.77624152928079e-09,1.75639594594363e-16,-4.68187441912591e-09,-3.20054974119087e-16,-5.67469217175388e-09,-7.10341984197196e-10,-4.48499452082467e-07,1.22597283385833e-16,2.28156532162324e-08,-1.12361613289065e-15,3.24032631707438e-08,-1.47632282584422e-06,3.15363193989518e-10,-2.83080404273425e-17,4.60682013715505e-08,-8.37925124464439e-17,-1.1331359966678e-08,-6.39608258417988e-08,-2.7734740561297e-16,-1.06827425358812e-15,-1.29125008343979e-15,-9.74229691806463e-16,-2.1484378296911e-10,-2.79813696563432e-09,-6.24927082675579e-10,1.09335026243967e-15,5.09114008547278e-16,-8.88582261222126e-06,3.72623990204345e-07,5.39456315962494e-17,7.25537506801048e-16,-2.85330821652864e-09,-9.81689388207183e-16,-2.02254683126926e-08,1.70026054737503e-15,1.91086520186143e-07,-4.00494362411236e-16,-2.18466276797802e-16,2.7874427798031e-16,4.21403869729847e-16,1.6713372494711e-15,-7.80819433172665e-15,2.54166354487115e-08,-1.77756259921501e-07,-1.78694221701834e-16,-1.70725153814483e-08,6.49549148393837e-08,-4.71081943710472e-15,-2.10332627967009e-15,-5.75122139881008e-15,3.28396155494997e-15,6.40918522873795e-09,1.02519500833746e-09,-2.80187409623159e-15,6.3117813354719e-15,-1.16443279274765e-08,-4.15388958554776e-08,-8.41251296026389e-07,1.07073045269158e-14,-1.31849042727744e-14,0.707106781186548,1.86571278808078e-14,4.7433613072926e-15,-2.28333995376849e-15,2.45798195916597e-08,-2.32514118982979e-08,-4.47149649795877e-09,-3.37031606011774e-15,-3.39894809587812e-15,-4.73951531424759e-15,9.47087517021568e-16,-2.94653041650554e-15,1.40992168008555e-15,-1.2186549157531e-15,-2.33489861063219e-16,-3.65547171684335e-16,3.48446378680852e-16,1.6167158804542e-15,9.06780486700632e-16,-5.82989125544602e-16,3.518795551604e-16,1.69818672643746e-08,7.65667324797686e-15,-3.18003970680012e-16,-2.05867836621259e-15,3.82296418766677e-07,-4.19038093829135e-10,2.22671130364113e-16,-6.20506616556902e-09,3.49454526090559e-07,-1.12049856955292e-16,9.15047957339251e-16,-6.13459842090483e-08,1.05981966454906e-15,8.60814735465869e-09,-2.49940122755423e-18,4.20876347398778e-16,-1.97448874589723e-17,-7.0504866589687e-16,7.67110643754204e-10,-1.05343700857868e-07,-7.44451644353907e-17,1.22004760282004e-16,5.78468429771561e-16,-9.44055440423949e-16,8.77553238409767e-16,-4.8654068074432e-16,3.96574229873705e-16,-4.85543052892956e-16,8.7678590670709e-09,4.43269821832613e-16,-5.3427883019359e-17,-5.35944147609335e-16,1.17376204290333e-16,-7.9200089403931e-16,2.75340513799297e-16,-2.50521767589391e-08,1.20690353633087e-16,-1.12754456622718e-16,1.86790878653134e-08,-4.8419884813734e-16,1.43042639877368e-16,-4.57470500876587e-16,5.27052516895025e-16,5.45454954497697e-06,-7.96843531797813e-17,-1.15017619011926e-08,-6.8074689181701e-17,1.11620248332584e-15,-2.31723358267927e-16,-8.11211923914916e-16,1.05926430780414e-16,1.15230237394334e-16,4.15733953042068e-10,1.02218617286113e-16,-4.92379129477996e-16,1.6193528982151e-08,-5.19067523037433e-08,-2.43036329456245e-16,3.63661784494372e-08,5.32648839274127e-09,-1.65276685546003e-16,3.68425805917562e-17,1.01634664445258e-16,3.08399879977722e-16,-2.82210603661096e-16,-8.95171420738713e-09,7.77329484946306e-17,7.12520755939494e-17,-3.81261041271149e-16,3.58433379465743e-09,-1.03367769273834e-16,1.78686401384715e-16,-1.05372446232216e-16,-2.89859993123965e-16,-1.63336066125439e-09,-1.37113242799695e-16,6.46486748850984e-07,-1.22356127092001e-16,2.50666052724435e-16,-2.92457167567618e-16,1.54452304843109e-16,-1.74875770614955e-16,-2.87991098358943e-16,2.13532623360672e-16,-5.88578626643497e-08,1.7885070816902e-16,-1.17592370662615e-16,3.93315942634272e-08,-8.98734409205569e-17,9.70094800707752e-17,-2.1747971266636e-16,-1.11827001223315e-16,4.37566200920305e-17,-2.39172360254772e-16,-2.59997028861421e-08,-4.2536975436824e-17,-5.17313008404814e-17,8.4914660513103e-08,1.67472041943079e-16,-7.51412644406107e-17,-1.43874320123834e-17,2.17316783942353e-16,-3.12226538207696e-17,3.62051448035281e-17,-4.30582545498947e-17,-1.7074818578658e-16,5.92473825256973e-17,-1.60951436069796e-16,5.35303839054129e-17,-4.45572931994932e-08,9.29683561313415e-08,-2.14370255758982e-16,2.15887446797939e-16,1.93096441084347e-17,1.03537479181855e-16,1.37910516340156e-16,-2.59462364546958e-18,-1.6154790575298e-17,3.62414347417771e-16,-1.16795954766165e-09,-9.33225508634854e-17,1.45713567831511e-16,-9.75040638497134e-17,-1.34316048000412e-16,1.49590914141876e-09,1.69296591322896e-17,-1.63671572145489e-09,-1.09891624886611e-16,-9.25711480472945e-17,-8.88282821511036e-17,-2.29153879936067e-16,-8.82843477264136e-17,-1.65715850529389e-16,-8.01287206297694e-17,-1.2374669073122e-16,-4.39877323227344e-17,-5.06379701582082e-19,7.92526028876451e-18,-8.55358732063376e-17,-1.32769900891185e-16,9.75764083344548e-17,-1.07116737151309e-16,-5.16741780609176e-17,-8.68834779269549e-17,1.07874906046479e-17,1.63467135281527e-16,-3.32494793444398e-16,-5.13911829758129e-17,4.7940427325179e-16,5.91119599795916e-17,7.23496663403571e-17,1.89378272726524e-16,1.13051178385176e-10,-1.99676002277487e-16,-2.29953214237406e-17,-1.26794604791145e-16,-1.13172691416158e-16,7.88559851872464e-17,-8.71048466556106e-17,-5.84506574216453e-17,-2.15050929272653e-17,-1.35246294861858e-16,7.79769048484025e-17,5.20417042793042e-17,5.67128625647638e-17,-1.47346117211453e-17,3.23429355676415e-17,-2.23830967168866e-16,2.39098147973823e-18,-7.68793732284945e-17,-1.45658084571787e-09,-5.13516276005335e-17,-4.98879494281303e-17,-2.04937574031191e-17,1.63365328633469e-16,1.30591501167002e-17,-1.79900237611695e-17,-5.33204109470216e-18,-9.57158234434972e-17,-7.97933309624225e-18,3.08976401582464e-10,-1.48169187328489e-16,-6.49483036834331e-17,-1.01012193057248e-16,3.51901598023766e-17,-1.67076704332545e-17,3.23771419438092e-17,-7.70764602891417e-17,-1.01907987553589e-17,7.76201277223377e-18,-4.48393714771496e-17,-3.72386858256159e-17,3.99066277946316e-17,-3.67742512602261e-17,1.5607007445318e-09,2.92170721626336e-17,-1.00680827960692e-16,-7.16000304701848e-17,-3.13984949151802e-16,-4.70029716256443e-09,2.48605033397291e-17,2.6633741369714e-17,1.72793089006071e-18,-3.60778848107619e-17,-7.30704169392751e-19,7.18515274137486e-17,2.08721175152782e-16,-9.18187943051118e-17,-6.35975283176263e-17,-4.73823598308317e-17,2.33136620944941e-17,8.16961545417562e-17,-2.24788108689235e-16,-6.94599093882368e-17,-1.14660790298471e-16,1.25274502122737e-16,-1.36963628351267e-16
"t81",-0.0456038097296542,-0.0710389988781877,0.0250193441042806,0.034289811899271,0.00273073648490727,-0.00118831587532184,0.00663246565400438,0.000120735545330732,4.80223791066764e-05,-0.000162756461635095,-4.27282805489906e-05,-0.00346551429856862,0.00884296977686408,-0.00189321981570688,-0.00243404231489947,-0.00511546460318058,-0.000608817943986661,0.040509458120655,5.07370138675815e-05,2.67054406658911e-05,-0.000445686721016833,-0.000435957081541264,0.00320420003623431,-0.0667862605527781,0.206221547774389,0.000591554590803968,-0.000682113126469163,0.000626315309776106,-0.0109050301675641,0.00483381800204542,-1.37672289320303e-05,2.45486177964149e-05,-0.0109561678698435,-6.34891590149992e-05,-5.6268171675532e-06,-6.34033390102112e-05,-0.111011995554232,-1.25204322888773e-05,-6.73386834784175e-05,-9.8485533880918e-06,-0.000217341039343323,1.44751783688246e-05,-0.00013281090127092,7.73304966980498e-06,-0.000195183920071132,-2.44748972902274e-07,0.00270349962361413,-1.85311844800356e-05,4.03429510687013e-06,-1.04395417373155e-05,0.000150685928771023,-8.27177253257994e-06,1.17285032507059e-08,-2.84995821592787e-05,1.67807506050066e-06,-1.77925931382449e-05,7.59665282909288e-07,-5.17375288858077e-05,1.75842560529345e-05,-1.94882792696632e-05,-1.72691228122806e-05,2.69265660771855e-06,-8.83799908228424e-05,4.70976920685654e-05,-3.39807451467829e-06,0.000132557639947579,-5.01152255445252e-07,1.78111050954078e-05,-4.88528071935008e-05,1.93030351452575e-05,-0.000544015601828408,4.845642338187e-05,-2.39057712488757e-06,-0.00656488738385571,0.00274959245589109,3.02635970185718e-08,-0.000212114878469724,5.43213831396571e-06,-2.46618104589623e-05,-3.118987601252e-05,1.05224363250565e-05,0.000163093403579272,-2.78826230829379e-05,-0.000200276131826948,3.86021791304776e-05,0.0223711247431993,0.00178743304256776,2.32776717515251e-05,7.11361510217735e-06,-0.00158981799915828,2.58003472225966e-05,-1.55112699654243e-06,-1.31883064049522e-05,0.00208692767076985,1.45726881277156e-07,-5.94920940401238e-06,-0.00127616750860487,-2.50602026177088e-05,3.67470809805703e-05,9.87740340974042e-06,9.72687715366161e-06,-0.141261239284345,-8.74168690908624e-06,-1.80266968365234e-07,8.96885383517358e-08,-0.00135919076513012,1.8132016081043e-06,-8.28745417600597e-07,2.96718125860698e-07,-6.72333887545822e-08,-2.88287117403035e-07,-5.46813217150475e-07,8.91944494761373e-07,-2.16748911639584e-07,5.20571488891271e-10,2.62275083985919e-08,-6.74522422325986e-08,1.49294254197233e-07,-2.1948691929732e-07,6.56195954925091e-07,-2.68656165543667e-06,8.27141353100033e-07,-8.83846222377792e-07,-2.43848849777106e-06,8.06217413397837e-07,-8.51338893498787e-06,8.7118852557487e-07,-2.9728012716607e-07,7.23904833426542e-07,2.40986896084343e-05,-0.000192503265419949,3.7406295930879e-06,-0.000891986175095764,1.2244714801835e-07,1.33564106973222e-07,6.3924687356187e-07,-4.50795994347214e-09,-3.16703419820753e-06,1.02222701415365e-06,-2.94285811192842e-06,-1.89019035338766e-07,-7.3366934021917e-06,1.43948096637421e-06,9.20097121152098e-08,2.90282239015391e-07,-1.84468049316491e-08,-8.68245003685165e-07,1.33824747580035e-07,8.77701833572474e-09,-2.18520424164575e-08,-3.39852512566772e-06,-1.01745525244489e-07,-2.18767767945218e-06,8.22295722062515e-07,-2.55836315193226e-07,-2.26400157761206e-08,3.43913077190482e-07,-0.00195538964071871,3.46914049747176e-08,2.58594993718472e-09,-0.00113000683858574,-1.06839314582708e-06,8.06411300307512e-08,1.42336320948815e-05,-4.19180103269779e-07,1.03886918427036e-06,1.57602967885052e-09,2.82411853338771e-11,1.40070505397221e-09,5.40312798164808e-10,7.018054710307e-08,8.52450747151494e-09,-4.8951169195663e-09,-2.33557164731668e-09,-1.04791382349005e-07,-1.61747103345781e-09,-1.07612389423316e-08,9.37268870873537e-08,9.83555789599515e-08,3.34252007472798e-06,-2.27126438375101e-06,-8.65105927647837e-06,1.27997159764668e-07,2.72529338371806e-06,1.82926294783913e-08,2.03845037659531e-05,8.31689398589947e-07,-2.83324881947906e-07,-1.28813725635292e-06,1.26679939116652e-05,5.0330651191725e-08,-1.17528900552364e-07,-5.06301680697277e-07,-2.8514928396564e-06,-1.06582649542949e-07,1.96812572058868e-07,3.85087787433767e-07,2.22254322782216e-06,-2.78673408006935e-07,-2.12356642483486e-07,-2.1872988809212e-07,-5.00818966413689e-05,1.21928604322975e-08,0.313651029520489,-0.000808874373006845,-0.00132722156672346,6.35529760997023e-06,0.000158898034827879,-1.76827099815672e-05,-0.000138450813552129,-4.28330768178593e-05,0.000143330168753521,-0.00064620590784447,-1.74565449994481e-06,-1.11273053513794e-06,-1.39528042988615e-06,1.89818981101114e-06,1.61478803295096e-07,-2.66198680402051e-07,-1.23757018354864e-06,-6.59796446100018e-06,4.89877282174817e-05,1.85380017031582e-06,5.87209571429147e-06,-1.40747706075215e-06,-7.11405842648844e-07,-7.48458916017602e-06,-4.86453814194542e-07,-7.35620975725022e-07,-5.6201311942535e-07,1.1732528827305e-05,3.80180552332776e-06,1.79426944286482e-07,2.98578109804662e-07,-1.50290247835447e-08,-2.38986481267219e-07,-1.19954971953785e-06,1.29166174635112e-16,-1.7178256531912e-07,1.27841215726357e-05,-3.37455576263718e-07,-5.7548471021448e-06,-8.79166084949986e-07,1.04774282218236e-06,-1.53355145070974e-07,5.46114632211072e-06,-1.23382819058786e-08,7.75016783224151e-10,-1.91881388297088e-06,1.62941023826927e-06,-4.95023476133213e-08,6.68006897261537e-06,-2.85636666380635e-07,5.88034691494593e-08,-2.31900066532433e-09,9.47626785003349e-06,3.84908419748202e-05,-2.78209550963288e-06,-2.00346273041595e-07,5.57654622389301e-08,-2.00309093536906e-06,4.56576566970121e-07,-5.97850648390367e-05,6.20790044347023e-05,-5.91416010299622e-07,2.1295520965056e-07,-0.000405255266686121,-0.00095556060858404,0.0865526145070466,1.52023531703939e-06,4.55398217428135e-07,-5.81732177847992e-07,7.56090213627103e-05,-3.52420910770121e-05,8.75455192883336e-06,-0.000213857096495203,0.000185486654385895,-0.542721743053683,-6.98685294176829e-06,2.66188418970055e-06,-6.55458359531274e-07,-7.79226249409834e-16,5.02180379125639e-07,1.42055265518469e-08,-0.0848588612206047,-2.61801121698185e-05,1.67384351863671e-08,-1.22193654728578e-08,-3.04146827876119e-07,5.00944293320524e-08,-4.03574963854615e-07,1.06016395633596e-06,4.04599512539134e-08,-3.87646647043766e-08,5.06081126134414e-07,-6.17757886293446e-07,5.22436943836483e-05,-3.00414539825318e-07,3.47575105182725e-06,1.74004080977616e-08,1.50033650104516e-07,7.16673248473547e-07,-5.87756064910043e-06,3.1949945573349e-05,-5.27162733042048e-07,7.04930638643622e-07,-2.5529457692944e-06,1.58360887388646e-07,1.42898813394579e-07,1.08734879500068e-06,-2.91933397422573e-06,-1.4596888725226e-07,1.89081904379318e-06,-7.69951056822364e-07,1.89869571241717e-08,1.75970512204613e-07,-3.38978722607546e-07,-1.07847348298485e-16,1.02101873730956e-09,0.00022291134850464,-3.55716818683464e-07,2.62218639368414e-07,3.7489027159981e-07,6.88860654091076e-08,1.60586787953476e-07,-2.35447441825955e-06,8.74813220578857e-07,2.33502061088223e-17,-6.67179402786203e-07,-8.13928113125407e-09,-2.39664456032128e-08,0.000167325006625852,1.67710006634676e-07,-1.12868460975999e-08,-4.29583007443185e-07,1.14124701431102e-07,-5.98561476211035e-06,7.04975282171812e-07,-1.42640282498987e-07,-2.57424925184993e-07,-1.3597328254213e-08,-1.34219280982419e-08,-2.56205006190898e-07,5.73199858453982e-05,-2.73350526419174e-07,-2.46104950599517e-16,-5.55794793782582e-06,4.3572095674918e-07,2.00543036752216e-08,1.09780875892094e-07,-5.14816615698621e-07,-1.0906497659709e-06,6.68998041913735e-06,-5.22650379085802e-05,-9.43731016789169e-08,1.02310149411043e-16,-2.13428947227558e-07,-0.00333859202296152,-1.89786744117529e-07,-2.64743703015053e-16,3.73163460860927e-07,3.76761583874535e-06,-5.75370717310256e-07,-3.06633942161801e-07,-1.02417111025193e-07,-5.48280052543451e-08,-1.96077050665354e-06,5.46473310007557e-08,5.80702349641997e-07,3.68320450756984e-05,1.18557727500835e-07,1.19556194948714e-06,4.68353664825078e-17,-4.71318474274533e-07,2.20976798197975e-07,1.42606680760115e-06,-1.43131863562805e-07,-5.20302104746583e-17,-1.37658330997035e-07,1.761123645189e-07,-6.07770259672956e-08,-5.39384870755304e-08,-1.36179581214296e-07,1.00177848993791e-06,-1.89415243935606e-06,2.59476364588299e-07,-2.62648197711198e-16,9.33806471225356e-07,-1.2444975525151e-06,5.50437025038142e-06,1.14761597899407e-06,-1.16606620089411e-07,-7.82322302964359e-10,2.35922392732846e-16,1.39790809397889e-16,-7.5265903091172e-10,-6.67789704254963e-07,8.80084880697846e-08,-1.27133377143682e-07,1.11623884301379e-16,-6.01252830861145e-08,-7.09081571444122e-10,-1.84432822057744e-16,-3.40554412387814e-16,-3.5400715382369e-16,1.49897399776729e-07,4.42007271130868e-07,-6.39234725892727e-07,3.78866577576827e-07,1.89056989361131e-07,4.34836964999541e-07,-0.00024865682616518,-1.05472514833107e-16,-9.41794378759375e-07,7.03822409712362e-07,-1.17272920595621e-17,-4.12020625703335e-16,-2.32703201573019e-05,-3.41940711195803e-11,-2.61430438626279e-07,2.04314227392731e-07,2.58012203966873e-07,-1.38788253680431e-08,9.73748706738851e-15,-4.66805904908823e-08,-2.8198882126557e-15,-1.59182656982084e-07,-2.0719103516198e-16,-2.89572744708769e-07,-7.13912715680043e-16,2.26641238241602e-07,3.13604719646404e-07,1.88679437915634e-08,2.48470920278521e-07,1.36450799632097e-06,-9.87214803784576e-08,1.00192556438105e-06,3.18617896162999e-08,1.550211968706e-07,1.43856516889909e-08,2.29174796431326e-07,-0.000133618423825676,-1.69366567949709e-07,-1.45512333841171e-08,-3.6228746777463e-07,1.9435782661452e-15,0.000217691990594152,-0.0197519114821362,3.18968209539444e-08,-0.70710678122934,4.5233572470658e-09,1.30783257337037e-07,4.90939540005671e-07,-6.18144835237102e-15,-0.000167843907021157,-6.08426870959896e-08,8.54060774798299e-17,-8.13481268311091e-08,1.30087705050868e-06,-5.13807106995412e-16,1.3849398455848e-15,-9.79618323440116e-06,-3.71449195368292e-08,-2.12237036802825e-10,-2.95249040920732e-07,7.90879793042239e-08,3.26731246303697e-05,2.22614746959254e-08,2.74197191830496e-07,-4.66319075913096e-07,-8.04868324766339e-15,1.06121534429586e-08,6.62637617996084e-10,1.82969781930618e-09,1.71338913425643e-07,-3.73710756965763e-16,8.51856451045808e-16,5.64057421372986e-08,1.46283567577229e-16,1.17558986830841e-17,3.56821477372407e-07,-3.99795322404646e-07,-8.17887379043177e-07,-4.50664542495605e-09,2.06776939843163e-05,1.42605532112675e-07,1.23094247643765e-08,2.83085305306932e-16,3.11095927337318e-08,1.4554007772876e-09,6.68215364798141e-09,-2.45327914522909e-05,2.94506784446918e-06,2.1311748404537e-17,2.28629830177599e-16,-4.4479266561251e-18,-2.32372865468719e-08,-1.23487975082962e-07,-6.49370287614771e-08,-3.12806661347465e-16,-1.19800539541766e-05,1.97513385966796e-16,1.03066758230808e-16,1.3984536116432e-06,-3.07060757482338e-08,-1.69569219776733e-15,-7.56451833025583e-08,-5.4302534419263e-05,5.58764778437222e-16,1.16320571769071e-07,-5.86478127660688e-17,3.10683775283409e-08,7.42065517807016e-17,3.09978330938599e-08,2.68346146997059e-07,3.49941134446742e-06,9.13707338060207e-09,6.27349697906842e-08,-2.17457222072759e-07,8.65039841532935e-08,-5.71073585330438e-17,3.94207295086894e-06,-3.55145495172312e-07,-2.32289067866853e-16,-2.93132540787639e-08,-8.60231849108052e-08,1.3886437613102e-07,1.52823259238052e-16,6.51650429805218e-08,0.000120868241085994,-1.44225606769559e-18,-2.07906640770447e-07,-4.62119027483246e-08,-3.35677082580878e-06,-2.24277959023262e-16,-2.48114986692073e-16,4.33136957608423e-08,1.32622554763176e-08,1.07296230515721e-09,-1.1950212819049e-07,7.85004089135655e-09,1.58235501848198e-16,1.49755183540565e-16,2.86546733419962e-08,1.97510747137e-10,-1.48224909523121e-16,6.92318366138529e-08,-9.13112689374165e-17,3.95123946101938e-07,-1.32405480391713e-08,-7.73611953196735e-09,-5.12822800046253e-08,-1.17071878099128e-13,-5.04469708259297e-17,-9.50424027707139e-17,-3.08889850381775e-13,-5.64078409190402e-06,-9.89447892619232e-08,2.38428230130412e-17,8.59170363632918e-18,5.28215410496991e-17,2.21608443845589e-07,1.25107674521381e-09,-1.0959966498197e-07,1.58400589799246e-16,-3.24176449573166e-16,-3.86409654273834e-16,-4.26060839211111e-07,1.43896838108046e-07,-2.74554208556094e-16,1.58608497652039e-08,-2.12938709564839e-05,3.20211438466435e-16,1.97270337869249e-16,-4.12517994193805e-08,-4.22660090757814e-10,-2.04374086567811e-08,-3.73938366787207e-16,2.2991875958086e-08,3.34782457679745e-08,3.59129869951988e-08,-3.27251254214997e-08,-1.16554013193519e-07,9.92659124427554e-09,-1.22272945386237e-16,-1.37445065922637e-17,-1.77526214948893e-16,1.88496633439511e-07,-2.71545296127411e-07,-9.2901157824132e-09,-7.30477094261945e-09,2.62820214677789e-16,1.81429303236348e-16,-4.23289516491926e-17,-3.33142151954934e-16,-1.11445185156774e-16,9.02306729817328e-07,-3.8819442292835e-17,-1.52147427720846e-16,-5.6391923604273e-09,1.68725443036611e-16,-5.04797549179086e-09,-2.26954644496627e-17,-6.25822476710916e-09,8.92575044884375e-17,-7.57654379813124e-09,-9.48149948257676e-10,-5.98397277064721e-07,5.20609159271373e-17,3.04254605853923e-08,1.72873424472559e-17,4.31623788312164e-08,-1.9636626349847e-06,4.19439982494349e-10,7.62885152830754e-17,6.12358174291042e-08,-5.14865592279577e-17,-1.50482495911401e-08,-8.49372958528134e-08,-5.2861149049852e-17,5.87256926248378e-17,-1.70736595776154e-16,-8.98129711743961e-16,-2.85087231089034e-10,-3.71225638192795e-09,-8.28892888248612e-10,1.10126043158446e-16,-9.1447701102166e-18,-1.17729799011099e-05,4.93671817227564e-07,1.80041872593519e-16,8.81757700032568e-17,-3.77505085732152e-09,2.60429910376937e-17,-2.67514050200106e-08,-9.85725054020834e-17,2.5253070029026e-07,9.78064742849534e-17,-3.75905429145917e-16,4.38419979960603e-17,2.84025003378643e-17,8.76223924383254e-18,-1.3334998073529e-16,3.35327285869679e-08,-2.34512607456424e-07,4.08925624713353e-17,-2.25104764401956e-08,8.56235394021049e-08,1.77127217701904e-17,7.40051988485244e-17,-1.0092185355326e-16,1.91820199046635e-17,8.43974333812445e-09,1.34965662523281e-09,-1.58114955916592e-16,6.27757829429254e-18,-1.53255892192696e-08,-5.46691535055771e-08,-1.107035663521e-06,-1.35391019818127e-19,7.58442438233419e-16,-1.1899457712624e-15,-3.11851455102795e-16,-1.58188686487305e-16,-3.52230665855381e-17,3.22835398905522e-08,-3.05333350530829e-08,-5.87084992713131e-09,6.73028415375334e-17,-1.16595098399972e-16,-5.1123891724292e-17,1.39756930293599e-16,1.40852564835094e-18,2.38016808459603e-16,-9.01121515988874e-17,-9.05883583589813e-18,-1.42582503006232e-17,-1.19857627271957e-16,5.32869064644677e-17,6.00441126907434e-17,1.2352806178626e-17,5.8605246331154e-17,2.22305143866109e-08,1.03329944508329e-14,-2.60563257705089e-16,-1.9107842584335e-15,5.00259680253431e-07,-5.48287133278438e-10,-6.44485269405408e-17,-8.11855453777375e-09,4.56999993705602e-07,-6.98070929494439e-17,2.23809825631298e-16,-8.01779507285823e-08,1.70907334472503e-16,1.12425630916525e-08,-3.86560659717605e-16,-3.54384921686573e-18,-1.01154537033895e-18,-2.69744950413411e-16,1.00074370305642e-09,-1.37416881184174e-07,1.11926592236986e-16,-1.9023356109626e-16,-1.78939396276421e-17,1.43991670420301e-17,-5.3776427755281e-17,8.35456849498728e-17,-5.89418159227122e-17,2.24567678580102e-16,1.13927602227525e-08,-6.82346429055585e-17,-8.60572462432928e-17,-1.77848498389637e-17,-1.57619214101126e-17,7.73081345818516e-18,2.17618519041333e-16,-3.25251779100946e-08,2.2946752443735e-17,-3.27367342373861e-17,2.42473072726025e-08,2.4165133583895e-16,-3.10571895759535e-17,-1.24422519073262e-17,-6.17334154123572e-17,7.06791471727999e-06,-3.75506770724572e-18,-1.48990488853197e-08,-3.10286906805847e-16,-2.25831705772537e-17,5.10351110962442e-17,-8.71893364256214e-17,2.21881958856148e-17,-2.48974999627924e-17,5.38180642074081e-10,-3.43181839819763e-16,3.96952820094795e-17,2.09526421780367e-08,-6.71599387693813e-08,-2.8319075190998e-17,4.70325959621734e-08,6.88785926912708e-09,-1.39434537137151e-17,8.82411308310761e-17,-6.51253323443977e-17,1.89760328181607e-16,-2.19552803849587e-16,-1.15530157233086e-08,-2.39453022756122e-16,-5.58424267736265e-17,-8.23387832344267e-17,4.62358461476418e-09,-1.10597410960809e-16,5.53798942932937e-17,1.53207836273774e-16,-1.59237007261212e-17,-2.10554158055237e-09,-2.11941265258281e-16,8.33206076434952e-07,1.8141248229071e-18,7.84906065053708e-17,-4.63363175801928e-17,1.59505914795804e-16,3.28035104238055e-17,1.18887880427523e-17,-3.16897741530269e-17,-7.57753217968169e-08,-2.677918806238e-17,4.14068230910701e-17,5.06230984893851e-08,7.85718286596575e-17,-5.99417003610555e-17,-1.81392885830486e-16,5.46811428894627e-17,3.13285760858662e-17,3.59456752929701e-17,-3.34357930134442e-08,-5.66508687042759e-17,-8.13198472386773e-18,1.09159949147972e-07,-1.30385106599571e-16,3.37773197629074e-17,1.18251121242448e-16,1.87072542930091e-17,3.80009862749383e-17,-5.51148803177163e-17,7.43323198696949e-17,-7.73952813146287e-18,-1.2739631484659e-16,1.31721252305061e-16,6.43860678899527e-17,-5.72007167500305e-08,1.19329063175889e-07,8.12090058504516e-17,1.40153926777107e-16,3.02979787522734e-17,-2.01158182940874e-16,5.8113236445223e-17,-1.03494748644984e-16,-1.03754809816538e-16,7.36320676136564e-17,-1.49784191361298e-09,1.93988558673089e-18,6.93726351607391e-17,-1.26079204429296e-16,1.34578276079023e-16,1.91702472225478e-09,-1.44153314389832e-16,-2.09575743505895e-09,1.32742918633451e-16,-1.53699607813109e-16,1.61389772866668e-16,4.13012367985193e-17,-4.60602147435234e-17,9.48511945822823e-17,1.40159999021069e-17,1.99887606251098e-17,2.50854033333539e-17,4.94154882221591e-17,1.27822156377946e-16,-3.43454212658401e-17,1.49307393702952e-16,9.71726480691665e-18,-1.35702813119756e-16,9.66527636337304e-17,3.711721992058e-17,6.15798957733823e-17,-1.39791315718041e-16,2.84580824981254e-18,1.86916454536501e-16,8.73301796528706e-17,2.18132333979921e-17,1.2866146530901e-16,-4.56643243675694e-17,1.44326969749091e-10,5.44595885522503e-17,1.89365688440801e-17,-8.21378108430083e-20,-1.37013302564271e-16,-6.54662285878668e-17,-1.05527223369125e-16,-2.07360752874829e-16,9.9668790220723e-17,-4.05439473913553e-17,-7.56563113329725e-17,-3.37186875642992e-16,-1.0402037645454e-16,1.67678492330251e-16,-8.16787383822041e-18,2.72682081438323e-17,1.48487719732437e-17,-3.48836084959677e-16,-1.85585540924837e-09,7.76289424325687e-17,-4.61761656310549e-17,9.09675032933389e-17,1.03076105641196e-16,1.25077287039549e-16,1.9700436293758e-17,-1.03486228242846e-17,1.83389596261775e-17,1.30465280798566e-17,3.92875127112886e-10,2.31461914054213e-16,-2.33120323752996e-18,-5.66254704349461e-17,-6.19736640173425e-17,9.62600241220677e-17,1.16224031946956e-16,2.56580169636798e-17,-6.49373479883001e-18,2.22730196825481e-17,-3.74872840407766e-17,5.42586181713332e-18,-1.28585050580214e-17,-3.71429901691095e-17,1.98050076872262e-09,-1.59430163327215e-17,1.46150254205025e-17,3.61412583813061e-18,-2.85795692667179e-16,-5.95905171535935e-09,3.36867414271443e-17,-6.10523447778265e-17,-4.77837448578144e-17,-1.34959271575578e-16,-9.1699638418796e-17,-1.02586511927789e-16,6.53837273003751e-17,-1.11789294415952e-16,-6.80266048681996e-18,2.66421275525319e-17,6.86297117695978e-17,8.04026842892382e-17,1.65959563263226e-18,-6.50210881196521e-17,1.08677923748905e-16,1.06837062294951e-16,-1.84083402436593e-16
"t180",-0.0456038097296623,-0.0710389988782147,0.0250193441042904,0.0342898118992889,0.002730736484909,-0.00118831587532275,0.00663246565400946,0.000120735545330772,4.80223791067987e-05,-0.000162756461635298,-4.27282805490867e-05,-0.00346551429857512,0.00884296977688096,-0.00189321981571054,-0.00243404231490437,-0.00511546460319153,-0.000608817943987975,0.0405094581207455,5.07370138677463e-05,2.67054406659292e-05,-0.000445686721017974,-0.000435957081542628,0.00320420003624522,-0.0667862605530075,0.2062215477751,0.000591554590806005,-0.000682113126471669,0.000626315309778371,-0.0109050301676053,0.00483381800206692,-1.3767228932151e-05,2.45486177965084e-05,-0.0109561678699019,-6.34891590153347e-05,-5.62681716757573e-06,-6.34033390105745e-05,-0.111011995554943,-1.25204322890043e-05,-6.7338683478837e-05,-9.84855338818296e-06,-0.000217341039344756,1.44751783689032e-05,-0.000132810901271888,7.73304966982196e-06,-0.000195183920072492,-2.44748972901229e-07,0.00270349962363528,-1.85311844802616e-05,4.03429510691718e-06,-1.04395417373127e-05,0.00015068592877233,-8.27177253270576e-06,1.17285032480089e-08,-2.84995821595892e-05,1.67807506051051e-06,-1.77925931384237e-05,7.59665282912684e-07,-5.17375288864147e-05,1.75842560531389e-05,-1.94882792698465e-05,-1.72691228124572e-05,2.69265660774103e-06,-8.83799908239002e-05,4.70976920691358e-05,-3.39807451473088e-06,0.000132557639949205,-5.01152255439155e-07,1.78111050956035e-05,-4.8852807194152e-05,1.93030351455248e-05,-0.000544015601836742,4.84564233825995e-05,-2.39057712493579e-06,-0.00656488738396669,0.00274959245593767,3.02635970394438e-08,-0.000212114878473323,5.43213831408116e-06,-2.46618104594168e-05,-3.1189876013094e-05,1.05224363252182e-05,0.000163093403582369,-2.78826230835087e-05,-0.000200276131830907,3.86021791313278e-05,0.0223711247436709,0.00178743304260591,2.32776717520673e-05,7.11361510231365e-06,-0.00158981799919262,2.58003472231228e-05,-1.55112699642274e-06,-1.31883064052606e-05,0.00208692767081827,1.45726881322482e-07,-5.94920940421548e-06,-0.00127616750863597,-2.50602026183128e-05,3.67470809815664e-05,9.87740341014796e-06,9.72687715389294e-06,-0.141261239288007,-8.7416869093441e-06,-1.8026696838533e-07,8.96885382758008e-08,-0.00135919076516854,1.81320160817017e-06,-8.28745417585806e-07,2.96718125928823e-07,-6.72333882634386e-08,-2.88287117351274e-07,-5.46813217173712e-07,8.91944494800261e-07,-2.16748911647292e-07,5.2057147943712e-10,2.62275083917755e-08,-6.7452242311551e-08,1.49294254249432e-07,-2.19486919310881e-07,6.56195954935883e-07,-2.6865616555205e-06,8.27141353159041e-07,-8.83846222358301e-07,-2.43848849781086e-06,8.06217413435134e-07,-8.51338893520493e-06,8.71188525148128e-07,-2.97280127162448e-07,7.23904833457198e-07,2.40986896093336e-05,-0.000192503265426791,3.74062959327769e-06,-0.000891986175128265,1.22447148017307e-07,1.33564106946628e-07,6.39246873574171e-07,-4.50795988927248e-09,-3.16703419836791e-06,1.02222701422612e-06,-2.9428581120484e-06,-1.89019035381178e-07,-7.33669340252707e-06,1.43948096642074e-06,9.20097121443922e-08,2.90282239074237e-07,-1.84468048642859e-08,-8.68245003694929e-07,1.33824747594004e-07,8.77701828667383e-09,-2.1852042464673e-08,-3.3985251256894e-06,-1.01745525239546e-07,-2.18767767950788e-06,8.22295722182975e-07,-2.5583631519062e-07,-2.26400157662954e-08,3.43913077159736e-07,-0.00195538964081169,3.46914049755467e-08,2.58594987603629e-09,-0.00113000683864105,-1.06839314592311e-06,8.06411299269975e-08,1.42336320955021e-05,-4.19180103320402e-07,1.03886918429506e-06,1.57602964712839e-09,2.82412327794267e-11,1.40070511081935e-09,5.40312840839704e-10,7.01805471515779e-08,8.52450742066120e-09,-4.8951164120411e-09,-2.33557166461869e-09,-1.04791382339692e-07,-1.61747100533647e-09,-1.07612388963328e-08,9.37268870891832e-08,9.83555789084578e-08,3.34252007478068e-06,-2.27126438383734e-06,-8.65105927695925e-06,1.27997159845546e-07,2.72529338385925e-06,1.82926294438276e-08,2.0384503767295e-05,8.31689398559034e-07,-2.8332488197881e-07,-1.28813725654009e-06,1.26679939123202e-05,5.03306511071716e-08,-1.17528900736168e-07,-5.06301680690333e-07,-2.85149283989741e-06,-1.06582649467842e-07,1.96812572014955e-07,3.8508778745885e-07,2.2225432278885e-06,-2.78673408157579e-07,-2.12356642651491e-07,-2.18729888051174e-07,-5.00818966449116e-05,1.21928603198458e-08,0.313651029543935,-0.000808874373067343,-0.00132722156682297,6.35529761030551e-06,0.000158898034839997,-1.7682709982894e-05,-0.000138450813562939,-4.28330768211509e-05,0.000143330168765207,-0.000646205907897616,-1.74565450001226e-06,-1.11273053517321e-06,-1.3952804299907e-06,1.89818981118924e-06,1.61478803312378e-07,-2.66198680387306e-07,-1.23757018360892e-06,-6.59796446164461e-06,4.89877282219079e-05,1.85380017043601e-06,5.87209571476334e-06,-1.4074770608786e-06,-7.11405842581397e-07,-7.48458916090066e-06,-4.86453814235877e-07,-7.35620975732214e-07,-5.62013119538144e-07,1.17325288284944e-05,3.80180552353399e-06,1.79426944396848e-07,2.98578109766063e-07,-1.50290248696957e-08,-2.38986481251955e-07,-1.19954971971272e-06,1.17169706505823e-16,-1.71782565407386e-07,1.27841215732845e-05,-3.37455576247786e-07,-5.75484710275396e-06,-8.79166085039631e-07,1.04774282240378e-06,-1.53355144915411e-07,5.46114632272959e-06,-1.23382820485412e-08,7.75016751725431e-10,-1.91881388326801e-06,1.62941023856744e-06,-4.95023475587487e-08,6.68006897333208e-06,-2.85636666432966e-07,5.88034692655651e-08,-2.3190004732037e-09,9.47626785110439e-06,3.84908419798093e-05,-2.78209550996891e-06,-2.00346273162988e-07,5.57654624140511e-08,-2.00309093567474e-06,4.56576567220474e-07,-5.9785064847015e-05,6.20790044431396e-05,-5.91416010326992e-07,2.12955209885785e-07,-0.00040525526674364,-0.000955560608720008,0.0865526145193588,1.5202353169131e-06,4.55398217436058e-07,-5.81732177946614e-07,7.56090213735744e-05,-3.52420910821702e-05,8.75455193014961e-06,-0.000213857096527973,0.000185486654414432,-0.542721743138056,-6.98685294282007e-06,2.66188419024654e-06,-6.55458359868595e-07,-9.06282773675268e-16,5.02180379223193e-07,1.4205526549385e-08,-0.0848588612344019,-2.6180112174021e-05,1.67384353480454e-08,-1.22193654257531e-08,-3.04146828117025e-07,5.00944291855887e-08,-4.03574963618254e-07,1.06016395660345e-06,4.04599514629955e-08,-3.87646646352919e-08,5.06081126133254e-07,-6.17757886397594e-07,5.22436943931152e-05,-3.00414539730864e-07,3.47575105110213e-06,1.7400408135872e-08,1.50033649977326e-07,7.16673248572964e-07,-5.87756065049918e-06,3.19499455801006e-05,-5.27162733057598e-07,7.04930638938568e-07,-2.552945769564e-06,1.58360887361135e-07,1.42898813415657e-07,1.08734879550822e-06,-2.91933397496277e-06,-1.45968887387012e-07,1.89081904415667e-06,-7.69951056896985e-07,1.8986957185253e-08,1.75970512435663e-07,-3.38978722619448e-07,-1.22300857547896e-16,1.02101835866938e-09,0.00022291134856499,-3.55716818137026e-07,2.62218639636825e-07,3.74890271501013e-07,6.88860652386682e-08,1.60586787988923e-07,-2.35447441906403e-06,8.74813220769838e-07,-9.45968569801729e-17,-6.67179403448485e-07,-8.13928129528658e-09,-2.39664452807939e-08,0.000167325006675645,1.67710006620903e-07,-1.12868463983269e-08,-4.29583007633052e-07,1.14124700933925e-07,-5.98561476417615e-06,7.04975282304998e-07,-1.42640282542567e-07,-2.5742492561769e-07,-1.35973280796952e-08,-1.34219282813637e-08,-2.56205006379039e-07,5.73199858655696e-05,-2.73350526765969e-07,5.09422346297242e-16,-5.55794793983867e-06,4.3572095758098e-07,2.00543038522032e-08,1.09780876045511e-07,-5.14816615792134e-07,-1.09064976614256e-06,6.68998042179292e-06,-5.22650379298729e-05,-9.43731020183711e-08,1.77239689785012e-16,-2.13428947764249e-07,-0.00333859202436516,-1.89786744671314e-07,-3.03000134031261e-16,3.73163461175343e-07,3.76761584029836e-06,-5.75370717623116e-07,-3.06633942824349e-07,-1.02417110912812e-07,-5.48280055047675e-08,-1.96077050769057e-06,5.46473310313119e-08,5.80702350209671e-07,3.6832045092242e-05,1.18557727335964e-07,1.19556194980584e-06,-1.8253618315106e-16,-4.71318475356055e-07,2.20976798470134e-07,1.42606680799887e-06,-1.43131863502641e-07,6.30685182594729e-17,-1.37658331105722e-07,1.76112363789883e-07,-6.07770253883493e-08,-5.39384873907577e-08,-1.36179580643429e-07,1.00177849016267e-06,-1.89415244062725e-06,2.59476364160648e-07,-7.33237197117403e-17,9.33806472012346e-07,-1.24449755336024e-06,5.50437025369986e-06,1.14761598088277e-06,-1.16606620678505e-07,-7.823217476955e-10,-5.06539254985228e-16,-1.38090669298979e-16,-7.52659257200329e-10,-6.67789702046471e-07,8.80084886586915e-08,-1.27133377026287e-07,7.41366949307396e-16,-6.0125282792138e-08,-7.09081022286805e-10,1.09207195050967e-16,5.22753525230257e-16,1.47082821191178e-16,1.49897399513264e-07,4.42007271841693e-07,-6.3923472628684e-07,3.78866578474989e-07,1.89056989141172e-07,4.348369655802e-07,-0.000248656826465727,-1.00903540210251e-16,-9.417943798781e-07,7.0382241013533e-07,6.13003381653272e-17,1.9957191578446e-16,-2.32703201940693e-05,-3.41925139416753e-11,-2.61430437645633e-07,2.0431422893227e-07,2.58012202120991e-07,-1.38788255347387e-08,-9.51284776574346e-15,-4.66805894840639e-08,2.68501084044363e-15,-1.59182656694513e-07,-2.92951427005583e-16,-2.89572746130581e-07,5.72425116279212e-16,2.26641238575571e-07,3.13604719932366e-07,1.88679444807616e-08,2.48470920720374e-07,1.36450799905659e-06,-9.87214794635194e-08,1.00192556775934e-06,3.18617917143277e-08,1.55021198812954e-07,1.43856507290049e-08,2.29174798915057e-07,-0.000133618424474823,-1.69366578119628e-07,-1.45512393163365e-08,-3.62287467236862e-07,-1.65770351531475e-15,0.000217691992433941,-0.0197519117025523,3.18968893918622e-08,0.707106781143755,4.5232846928709e-09,1.30783256307043e-07,4.90939532434523e-07,6.02777470050439e-15,-0.00016784390455973,-6.08426918027123e-08,-4.05673877287545e-16,-8.13481237553496e-08,1.30087704402644e-06,5.32550860007529e-16,-1.25923980536448e-15,-9.79618319069438e-06,-3.71449192874439e-08,-2.12229819456011e-10,-2.95249039158085e-07,7.90879792771476e-08,3.26731245205497e-05,2.22614752112141e-08,2.74197192301248e-07,-4.66319075819037e-07,1.05384451165591e-14,1.0612157192695e-08,6.62638167212268e-10,1.82968831054195e-09,1.7133891172657e-07,6.30315861723326e-16,-8.66204007977104e-16,5.64057421991716e-08,-2.08497272500224e-16,5.49055460533785e-16,3.56821477584829e-07,-3.99795320570364e-07,-8.17887379697626e-07,-4.50664450550192e-09,2.06776939471457e-05,1.4260553197191e-07,1.23094219779645e-08,-3.45676816294529e-16,3.11095924553298e-08,1.45539612061766e-09,6.68215576267709e-09,-2.45327914152183e-05,2.94506784155257e-06,-1.97805759854217e-16,-2.42215011468214e-16,8.1501831853983e-16,-2.32372832474664e-08,-1.23487974041794e-07,-6.49370293761223e-08,1.47236733453846e-16,-1.19800539392533e-05,-2.21015757667511e-16,-1.27426636879039e-16,1.39845360975213e-06,-3.07060755640999e-08,1.82666382020358e-15,-7.56451833063925e-08,-5.43025343613184e-05,-4.69360424804821e-16,1.1632057141139e-07,5.55131945987819e-17,3.10683798162673e-08,-5.23236690730746e-17,3.09978335774597e-08,2.68346145296016e-07,3.49941134495694e-06,9.13707432145589e-09,6.27349694301699e-08,-2.17457220756212e-07,8.65039844822671e-08,6.71843144901902e-17,3.94207294737262e-06,-3.55145493582831e-07,-1.03299527863199e-16,-2.9313253644034e-08,-8.6023184286365e-08,1.38864376022737e-07,-1.79771978188801e-16,6.51650424947621e-08,0.000120868240988163,1.00298315865355e-17,-2.0790663975194e-07,-4.6211904441193e-08,-3.35677082282414e-06,2.85585896512287e-16,2.40938117262092e-16,4.33136958409767e-08,1.32622557238501e-08,1.07296297460001e-09,-1.19502127278341e-07,7.85004143233842e-09,-1.71279781274254e-16,-2.0006369770744e-16,2.86546738352615e-08,1.97511644307875e-10,1.92177091962228e-16,6.92318368538582e-08,2.58921697756682e-17,3.95123945876903e-07,-1.32405479682321e-08,-7.73611977843858e-09,-5.12822795808014e-08,-1.16976003753311e-13,9.84798640289827e-17,7.14324428738942e-17,-3.09576916128049e-13,-5.64078408819338e-06,-9.89447893442318e-08,7.96121585600838e-17,-1.55487963548753e-17,-1.73276327815036e-16,2.21608443673236e-07,1.2510765418101e-09,-1.09599664533614e-07,-1.80369633385652e-16,8.52237117682231e-16,3.79904441238921e-16,-4.26060838962259e-07,1.43896837698693e-07,3.04663440219976e-16,1.58608495259737e-08,-2.12938709444147e-05,-1.94815619304836e-16,-1.25860574721825e-16,-4.12517994336121e-08,-4.22660175397944e-10,-2.04374087880509e-08,-1.42895397743738e-16,2.29918760919807e-08,3.34782457341909e-08,3.59129873403306e-08,-3.27251252303533e-08,-1.16554012939329e-07,9.92659140013546e-09,2.36057614200686e-16,1.94412796452171e-16,2.00022307716099e-16,1.88496633286898e-07,-2.71545296260327e-07,-9.29011530127377e-09,-7.30477103559788e-09,-3.8925708833721e-16,5.89414804017154e-17,1.54705576469133e-16,-7.88472581608641e-17,-2.90717803859071e-16,9.02306729470113e-07,5.67107933033202e-17,1.05537484056513e-16,-5.63919269935372e-09,-2.04889846405546e-16,-5.04797585844258e-09,6.69679830790872e-17,-6.25822479439617e-09,-8.51190210861032e-17,-7.57654368986125e-09,-9.48149863244259e-10,-5.98397276763622e-07,-1.59840949912981e-16,3.04254610184544e-08,-6.73071208257328e-17,4.31623790076442e-08,-1.96366263414027e-06,4.19439725220826e-10,1.1587904017917e-16,6.12358174758866e-08,-6.69393040059174e-17,-1.50482498248529e-08,-8.49372959520925e-08,1.37338258052799e-16,-5.88759211860512e-17,2.67232504390435e-16,-9.55646526094086e-16,-2.85087650363102e-10,-3.71225652929781e-09,-8.28893031395107e-10,1.38045899231617e-17,5.42573298226387e-17,-1.17729798959798e-05,4.93671816007187e-07,-1.8804623992274e-16,-5.16777525610032e-17,-3.77505078373208e-09,-1.92963793168908e-17,-2.6751405161789e-08,1.30414510239547e-16,2.5253070013873e-07,-1.01522210027425e-16,3.31473759749401e-16,-4.07460690451349e-17,5.64632136616458e-19,7.35759471324899e-17,2.03240583712565e-16,3.35327284716859e-08,-2.34512607675583e-07,-4.2987300977705e-17,-2.25104764976983e-08,8.56235393425637e-08,-1.21716789538974e-16,-2.26283520862703e-16,3.92075441419755e-17,2.06303869641716e-17,8.43974333975976e-09,1.34965666322884e-09,2.78179659559343e-16,-2.19116750650509e-17,-1.53255892482857e-08,-5.46691533598595e-08,-1.1070356630225e-06,-7.58144291722393e-17,-7.48189372748078e-16,6.80164582833882e-16,3.1661772587208e-16,9.92727738564036e-17,2.33855238372038e-17,3.22835398981897e-08,-3.05333348779681e-08,-5.87085029230187e-09,-9.8434217135344e-18,3.93641418315982e-17,-2.76531917063393e-17,-2.08046047541293e-16,-1.18282167378055e-16,1.30714101504944e-17,-3.69737066065849e-16,-4.69850687975266e-17,-3.71928260969816e-17,1.28084881239559e-16,2.12889014854394e-17,-8.42770198319508e-17,-2.5441794322134e-17,-6.54461094260683e-18,2.22305143756932e-08,1.02889964176612e-14,-1.7035759764635e-16,-1.87431097829222e-15,5.00259680242314e-07,-5.48287103833873e-10,1.31993264416791e-16,-8.11855430822038e-09,4.56999993487315e-07,9.66533537018056e-17,1.99992821006289e-17,-8.01779506954881e-08,-1.59526393715022e-16,1.12425631767788e-08,-4.64822884698869e-16,4.34050992342462e-17,3.84283842538305e-17,3.08126944348351e-17,1.00074370627575e-09,-1.37416881228832e-07,3.69266773194232e-17,1.90641093248902e-16,3.96040770533904e-17,-1.23701099571803e-16,-2.84060969191202e-17,-1.94077231356555e-16,3.69181627083063e-17,-1.33365246823306e-16,1.13927602131069e-08,-2.53259149066439e-18,6.50399568401439e-17,-4.53005442928075e-17,4.03519089819931e-17,-5.75425943782614e-17,-5.67862745528438e-17,-3.25251778282717e-08,-2.21552043287416e-17,-1.30644686709493e-17,2.42473073165775e-08,-8.4773117183628e-17,1.81964120472201e-16,-5.71916642809325e-17,6.92061630217241e-17,7.06791471504422e-06,7.94451991449236e-18,-1.48990489488427e-08,3.55308746295509e-16,1.7130500629953e-17,6.59466572408418e-17,-2.41788095892582e-16,-2.71498101506135e-17,-8.01372641909722e-17,5.38180508231526e-10,-2.97645044354789e-17,-7.24680491272875e-17,2.09526423730651e-08,-6.71599386457259e-08,-1.37630319580038e-18,4.70325960816914e-08,6.88785927429611e-09,1.44969341283733e-17,-8.77793152230564e-17,6.72249403586899e-17,1.09495536184887e-16,1.25986116460375e-16,-1.15530156276121e-08,1.2780561174636e-16,-1.01040104838627e-16,-1.92802619084707e-16,4.62358472551249e-09,5.76347750048366e-17,-5.28792853871849e-17,-4.3480742496185e-17,-1.57372304264304e-17,-2.10554158350348e-09,8.46682185738744e-18,8.33206076160657e-07,1.30427702882914e-17,1.1042037697661e-16,1.63722345972924e-16,-1.04073791515586e-16,-3.2019891818736e-17,-1.78848901707187e-16,8.54009807682718e-19,-7.5775321799551e-08,3.51157029617287e-17,-6.0448055599542e-17,5.0623098505707e-08,-9.17247084523847e-17,8.95258832947844e-17,7.04893555420629e-17,-8.26468877308547e-17,4.90711281604496e-17,-1.24149033793516e-16,-3.34357929920594e-08,3.95947529357714e-17,8.98935481718691e-17,1.09159949083578e-07,1.05428553339143e-16,-8.03620417797112e-17,2.05851585877846e-17,2.41814732451046e-16,-7.91819095108058e-17,7.78242820369045e-17,-5.05119982003234e-17,-9.20468361462347e-18,-3.60879753922789e-17,-1.30974721396762e-16,-4.5686682282281e-17,-5.72007168376618e-08,1.19329063356965e-07,5.21043424699491e-17,7.72568006219502e-17,-4.23182941725538e-17,9.29181462573494e-17,-5.85469173142172e-18,1.01876377286973e-16,-1.56667372933356e-17,-8.21604545996681e-17,-1.49784188188478e-09,-1.09791536898447e-16,-7.67379716113089e-17,-6.33353503403049e-17,-7.13811533114353e-17,1.91702487631578e-09,3.79949925120559e-17,-2.09575733072823e-09,-8.91344538647364e-17,1.40348370636896e-16,4.71551538023707e-20,-2.32369591289525e-17,6.32407079338855e-17,-1.02776565889629e-16,-1.79136784330337e-17,-1.70467398689224e-16,-5.23136473374459e-17,-4.48574462886061e-17,1.07400587247147e-16,3.26238479037148e-17,1.17092991702188e-16,3.24161425708308e-17,1.36267971037712e-16,-6.01817904294995e-17,-1.87734760650416e-17,-5.51240801877145e-19,1.23207042289529e-16,5.8330311795905e-17,-7.80625564189563e-17,2.13963315735023e-16,-1.02791509071658e-17,-6.19885252329767e-17,7.4247408293993e-17,1.44327006637167e-10,-1.32994663283999e-17,7.62908637685412e-17,2.67847445246404e-17,1.3569670402423e-16,-6.6977999340751e-17,7.38490002185715e-17,1.52081183657894e-16,-7.3254090064539e-17,9.50099435522124e-17,7.5975323774187e-17,4.85722573273506e-17,1.4921528408407e-16,-1.15844801480979e-16,-1.18864890564068e-17,4.41179839604225e-17,-2.10676164586014e-16,3.69876737681354e-16,-1.85585540359921e-09,-4.98708318420172e-17,-7.75329583568875e-18,-1.54395210816857e-17,-5.56563009061197e-17,1.23436678901257e-16,-6.18571485309767e-17,-7.89268145387259e-18,2.27813327794003e-17,-7.95169178649514e-17,3.92875108864928e-10,2.0018268137767e-16,-4.11465542478442e-17,3.5835072614076e-17,1.25147186890431e-16,4.64686986119744e-17,2.89652976942552e-17,-5.83071199798274e-17,5.70992561767963e-17,-1.87617781864452e-17,-2.81440987988768e-17,-8.02136871941103e-19,-1.09948841995509e-16,3.36735690613894e-19,1.98050073323237e-09,2.89573386350351e-17,-2.58396202150548e-17,-4.16860857906045e-17,-2.96637714392034e-16,-5.95905169366846e-09,-3.29272755910235e-17,1.62285776430265e-17,4.57155775968073e-17,2.05660881612249e-17,6.69716117193083e-17,3.85928088340242e-17,7.39927030253655e-17,-6.93449233003796e-17,5.48356655702542e-17,1.19554777265466e-16,6.88529542272522e-17,-5.65647259594384e-18,-1.08645025868553e-16,-5.48479922066368e-17,1.23306588747774e-16,1.52672569448645e-16,-2.07485060739663e-16
"t250",-0.0448633594881621,-0.0685370839182825,0.0241080522988787,0.0325825553064057,0.00256129336206126,-0.00110032451576725,0.00613056432382785,0.000110778592317728,4.32333527578408e-05,-0.000142404156583777,-3.55775109669712e-05,-0.00270549310627943,0.00682707825509661,-0.00145277010699072,-0.00183377381104838,-0.00374909226992218,-0.000440679545334962,0.0290316131909339,3.58800512026774e-05,1.78701884422719e-05,-0.000279392650509227,-0.000213822184936203,0.00140316091357796,-0.028850521744647,0.0882297371504466,0.000221939950531749,-0.000246087434829802,0.000218892529904332,-0.00342740595754719,4.631603751314e-05,2.31057435947865e-06,-7.91761190419869e-06,0.00704607500316086,5.94018399520888e-05,7.67724451399896e-06,0.000156428893562945,0.304008375164308,3.92729585693709e-05,0.000224399531999501,3.76549878926293e-05,0.00111265800470738,-9.90758361588911e-05,0.00112249166809324,-6.66000382806941e-05,0.0022679822934453,-4.89682718214237e-05,0.0969296546925183,-0.000487567608277948,6.27011622838401e-05,-0.000116140181643575,0.00125692896228377,-6.24325567679851e-05,8.73501286785557e-08,-0.000191580484948746,9.63909326630215e-06,-0.000100181124799291,3.31475882942847e-06,-0.000215537597715422,7.28865122751227e-05,-7.41304378037614e-05,-6.27167492803564e-05,9.60355419087903e-06,-0.000311279730986134,0.000165404631995613,-1.17225404060595e-05,0.000452292546638142,-1.69771221783711e-06,6.06442382114802e-05,-0.000167058687135597,6.67640888624868e-05,-0.00225600142008909,0.00036114111804942,-2.2565977282375e-05,-0.22432120592346,0.158233209008957,-1.05261926386158e-06,0.00427103881143225,-2.99549384330485e-05,2.68798062619027e-05,1.65739807229698e-05,2.78002496786225e-07,1.78602587752225e-05,-1.40461509091041e-05,-0.000115217419331664,2.90029949500665e-05,0.017317295733588,0.00141046370184984,1.84089346834051e-05,5.62875585259938e-06,-0.00125957554976018,2.05182452643786e-05,-1.20933145249594e-06,-1.02147771971917e-05,0.00151205451178982,8.31040195456336e-08,-3.20319414056825e-06,-0.00068514066844592,-1.11152197054273e-05,1.48448656363215e-05,2.2321683104868e-06,3.86282048726483e-07,-0.00295951573522651,5.7182194052946e-09,3.53726068224487e-07,-2.0329401416632e-07,0.00344702812312461,-5.6267183190587e-06,2.72324560268458e-06,-1.08060268820422e-06,2.8742295278268e-07,1.30047913105127e-06,3.47085375915379e-06,-5.9167596024728e-06,6.30928403152234e-06,-3.30296723941654e-08,1.33883298128096e-06,-2.01876701237028e-06,2.25676274501818e-06,-2.39109800611239e-06,6.0683884844921e-06,-2.30722606958152e-05,5.88126284718915e-06,-5.76813155990819e-06,-1.58682903805512e-05,5.19123835023257e-06,-5.13185082401913e-05,5.22626124953816e-06,-1.70518174725161e-06,3.796080788802e-06,0.000126276094562632,-0.00100334074394472,1.88117280233278e-05,-0.00446133170686756,6.10174570283192e-07,6.57090054514572e-07,3.14014063591093e-06,-2.17983850483628e-08,-1.52530595259961e-05,4.94891702452153e-06,-1.42517430982241e-05,-9.17295055620306e-07,-3.56466493040781e-05,7.00854287897087e-06,4.48358117960596e-07,1.41454533307361e-06,-9.05228223881224e-08,-4.34077314277166e-06,6.86242207796443e-07,4.53403191264606e-08,-1.1490393319893e-07,-1.78972438041565e-05,-5.39788326123344e-07,-1.16586149487174e-05,4.40530602268796e-06,-1.44878810613071e-06,-1.29518832720508e-07,1.98213068585495e-06,-0.0142351889374541,2.74262878694078e-07,2.07302537759218e-08,-0.00985128809965817,-9.49130423992726e-06,8.18749296182202e-07,0.000147191353060764,-5.13422187234715e-06,1.57638745774984e-05,1.24029841444276e-07,2.66455168776412e-09,1.39307385753768e-07,3.14996284280111e-07,-8.36280258430957e-06,-8.62832211055406e-07,1.5707645196686e-07,6.11639100219338e-08,1.94242677249866e-06,2.79105361517114e-08,1.79282799101114e-07,-9.2850989042338e-07,-6.59270592747133e-07,-2.11287368302863e-05,1.36006662190134e-05,4.45316747394213e-05,-6.23440843510957e-07,-1.25924484011792e-05,-8.05149120203121e-08,-7.67659122365599e-05,-3.01764420146172e-06,7.58812852290023e-07,3.41692556830176e-06,-3.0524110585753e-05,-9.37934199737706e-08,1.77609800953617e-07,7.11636531125268e-07,3.595370147627e-06,1.2381295647294e-07,-1.77787877049834e-07,-3.28706556650459e-07,-1.67704206419457e-06,1.97283769826806e-07,8.54938474358213e-08,8.53509756320802e-08,1.42894778499876e-05,-2.34662905353432e-09,-0.000883139799727959,1.64504594232611e-06,-1.78736541424751e-05,3.75608775131904e-07,1.41916294825375e-05,-2.90403775093833e-06,-3.42960795223637e-05,-1.32175586761988e-05,4.67808665640263e-05,-0.000259539649167036,-7.68511793971737e-07,-4.90973872447093e-07,-6.55639082020962e-07,1.0211827901039e-06,8.88748113944995e-08,-1.63310863904878e-07,-8.10113267436181e-07,-4.41019816016972e-06,3.54487281796306e-05,1.36518561801503e-06,4.40603293826298e-06,-1.11497014109116e-06,-5.69518502168806e-07,-6.00716786823045e-06,-4.12423843791031e-07,-6.4394484819126e-07,-5.09403570288023e-07,1.08016280611058e-05,3.55695952486865e-06,1.70415645740714e-07,2.84792553661106e-07,-1.49114397978305e-08,-2.43068704790473e-07,-1.25374173129707e-06,-2.00258811306951e-16,-1.8689744211537e-07,1.40237629655147e-05,-3.92760074918582e-07,-7.03732953134089e-06,-1.12360709137842e-06,1.34276485176192e-06,-2.15915420335554e-07,7.82663090885913e-06,-1.78317514552805e-08,1.16854235357127e-09,-2.98405337387119e-06,2.69698037576503e-06,-8.44722106419161e-08,1.15501075798396e-05,-5.34522455990688e-07,1.98110683724007e-07,-1.28287279701177e-08,0.000148480532333283,-0.000132971739083751,8.64063997648324e-06,2.76770286205784e-07,-5.34460472768412e-08,1.17371896570939e-06,-2.2829019208673e-07,2.52184360330139e-05,-2.04582469256964e-05,1.29820389230209e-07,-4.44218399942229e-08,1.12310083437388e-05,2.35808050535307e-05,-0.00184503471298646,1.6953235754151e-08,9.98764339357463e-09,-3.01973952012404e-08,4.29422547784077e-06,-3.71180075552574e-06,8.36440985362982e-07,-1.81224337989201e-05,8.76830615363877e-06,-0.000168534255370811,1.45811454883923e-06,-8.53615129315817e-07,2.89042327794605e-07,-3.89307424649905e-17,-7.11635647265943e-07,-2.4381965536698e-08,-5.75797566328026e-08,-0.00011034897138959,3.42702295806121e-08,-2.12459540151798e-08,-4.96653625580398e-07,5.59689747931374e-08,-4.45709227877808e-07,1.16734899338555e-06,4.26690164408723e-08,-3.79959622200004e-08,4.92062782170055e-07,-5.97615477664601e-07,4.98368034712942e-05,-2.78309963490027e-07,3.20192919684098e-06,1.60255413783541e-08,1.38168770032042e-07,6.56361808192338e-07,-5.38671944271728e-06,2.92925850631661e-05,-4.83613437924851e-07,6.47239177895749e-07,-2.34465937625505e-06,1.45810896503373e-07,1.31601087744157e-07,1.00176091339599e-06,-2.69024844454148e-06,-1.34631436288681e-07,1.74566405185694e-06,-7.1149349427769e-07,1.75524366469895e-08,1.62786452162491e-07,-3.1403869390404e-07,4.21868822669413e-17,9.53959537906003e-10,0.00020843452554183,-3.32998048792939e-07,2.45479618403393e-07,3.5097116938922e-07,6.45087965706805e-08,1.50460335657147e-07,-2.2073419621935e-06,8.21132620205945e-07,3.15054282133087e-16,-6.27877677191348e-07,-7.66219578459428e-09,-2.25764120600878e-08,0.000157632448226609,1.58240570246486e-07,-1.06582771860518e-08,-4.06110179604785e-07,1.07967804231607e-07,-5.67112707718445e-06,6.68764458933254e-07,-1.35410551163809e-07,-2.44468415372227e-07,-1.29157853137517e-08,-1.27537963822463e-08,-2.43460507652439e-07,5.44812317801277e-05,-2.59855346641991e-07,2.49763647740122e-16,-5.28673616878273e-06,4.14425603995853e-07,1.90741484645448e-08,1.04315191178625e-07,-4.89048026140688e-07,-1.02395100988318e-06,6.20253152030711e-06,-4.82574874318733e-05,-8.46968555214229e-08,-2.449800425249e-16,-1.60118374293435e-07,-0.000102329801686976,-2.00524016290016e-07,-7.46730807750111e-17,3.77999266406298e-07,3.80167098022397e-06,-5.79614750460089e-07,-3.08026824724913e-07,-1.02531000880424e-07,-5.47891020347278e-08,-1.95722151205639e-06,5.44341422117903e-08,5.78344136674886e-07,3.66583963463752e-05,1.17964724800582e-07,1.18959202244727e-06,-1.15834626119456e-17,-4.69682082356393e-07,2.20310693908181e-07,1.4234374879766e-06,-1.43177489711435e-07,-4.50269844859779e-18,-1.38539788264279e-07,1.78843316374399e-07,-6.20194569080063e-08,-5.51756964061851e-08,-1.39734084865014e-07,1.03434221048187e-06,-1.97854007950979e-06,2.81755676285608e-07,-5.13770377789263e-16,1.06751210355554e-06,-1.43058431399684e-06,6.40520219064253e-06,1.36046591356769e-06,-1.38442687105969e-07,-9.34101762066261e-10,3.6949610038306e-16,-6.94437997432371e-17,-9.31949031917393e-10,-8.58602256559623e-07,1.13740318289041e-07,-1.71115735732115e-07,2.56971151202339e-16,-9.09523429730335e-08,-1.14933746180221e-09,-2.00958374377066e-16,-4.38099747412597e-16,-6.60656631413346e-17,3.43154513565441e-07,1.08303620695809e-06,-2.15820749456037e-06,2.07162850145652e-06,1.12316143253261e-06,2.03393813013332e-05,-0.0957621888766932,8.13075589523748e-16,2.31430439851044e-06,-1.17891960476086e-06,9.53073751316717e-17,-1.02270069167569e-15,1.34636683055356e-05,1.59593622071396e-11,9.22123658815525e-08,-5.98150346629074e-08,-5.25849238394582e-08,2.66413797770739e-09,-6.87601323383688e-17,8.24823664721374e-09,-1.39853770432011e-15,2.19867165369925e-08,1.66744873117408e-15,3.30363620302079e-08,-1.37389497757776e-17,-1.99375337561445e-08,-2.60997844398616e-08,-6.44021801233051e-10,-6.56465595068826e-09,-3.19812134805509e-08,1.18216255257509e-09,-3.84770748049665e-09,3.02646418598999e-10,1.48604042533181e-09,1.77033649386208e-10,3.62874688512544e-09,-2.39037164484211e-06,-2.9614762687135e-09,-2.3129609418399e-10,-5.3299823331316e-09,-2.18232573031534e-17,2.02155762000642e-06,-8.88042366341383e-07,-6.91601923725062e-10,-1.07461158853851e-15,-1.48631311712739e-10,-7.04392738472868e-09,-3.58295558589206e-08,2.01790001035853e-16,6.73932145580784e-05,4.47055265115146e-09,9.44156022234548e-16,6.86709694095446e-09,-1.96765950822477e-07,6.31130216647091e-16,-3.79653598798332e-16,1.77104755744419e-06,6.81796441670217e-09,4.17538513969229e-11,6.28128072444506e-08,-1.98654458140904e-08,-8.32030096574065e-06,-5.77919381944714e-09,-8.68748547076933e-08,1.71748901764498e-07,-3.54599162533109e-15,-4.12785269559472e-09,-2.60148951309897e-10,-7.41885502074859e-10,-7.21859972094554e-08,-3.03163844300084e-16,1.97167250954772e-17,-2.50235453983707e-08,-3.77242914904891e-16,-2.90822883966044e-17,-2.15109985213563e-07,2.53499993816758e-07,5.19148412360956e-07,3.18830785433397e-09,-1.48426706362167e-05,-1.0268159983421e-07,-9.04214034707806e-09,3.23714718901795e-16,-2.81669956410716e-08,-1.37710960263735e-09,-6.41522958593929e-09,2.53169226580812e-05,-3.46726981875196e-06,-3.4606636663804e-16,-1.72272056897424e-16,-1.96490832619208e-15,3.31306922599979e-08,1.91516621600382e-07,1.01361759036497e-07,-3.31324022217407e-17,2.03073573995283e-05,-2.76699964756697e-15,-5.31389340060189e-16,-3.48213070977963e-06,7.68516030596296e-08,5.9240806704608e-16,2.09785993872782e-07,0.000160202524173527,-1.3115927675417e-15,-3.91663176526312e-07,8.32597716793983e-17,-1.24213570105158e-07,3.25018926803753e-15,-1.25960361730062e-07,-1.10434968936283e-06,-1.46109464696793e-05,-3.89327685764017e-08,-2.80066792072173e-07,1.1715600371363e-06,-6.34648747056863e-07,4.13623469702651e-15,-4.86630116405045e-05,4.70607227331927e-06,-1.76908949909786e-15,4.29894963035461e-07,1.55793306948665e-06,-3.16810421421865e-06,3.18880712828788e-15,-9.22635477581637e-06,-0.890990190939835,3.19942255187557e-14,-2.33560684804247e-05,-3.47760779715069e-06,-0.000115014738009388,8.82644480804309e-15,-1.14665660614382e-14,6.71664975665213e-07,1.68685775863876e-07,1.3172323506039e-08,-8.71719089922848e-07,5.40002096787492e-08,1.24711366401157e-15,-2.96654261971902e-15,1.89803086423191e-07,1.30221209886902e-09,-5.92011258826618e-15,4.30292845950065e-07,9.20271323201228e-16,2.33017903059346e-06,-7.31112142232275e-08,-4.25282444563662e-08,-2.77133405911749e-07,-3.95244440909405e-12,-8.13435829065299e-16,1.3283277455705e-15,-5.88187111577013e-14,-2.66111981464934e-05,-4.62187929645755e-07,1.3158930111152e-15,5.54400764238018e-17,-2.32493198664336e-15,1.00010622499215e-06,5.56584834654572e-09,-4.69808002769311e-07,1.20874593067834e-16,-5.80040030763451e-15,5.6617037447193e-16,-1.63581773610285e-06,5.50595204038621e-07,-1.22969246549561e-15,5.84748024568584e-08,-7.73940929400952e-05,1.1429347930238e-16,2.15024774971478e-16,-1.45201177684969e-07,-1.48402331462609e-09,-7.04917537810233e-08,8.45222169757646e-16,7.70845467759231e-08,1.10579019247759e-07,1.16269081425371e-07,-1.03230904343271e-07,-3.65205568583226e-07,3.07229764939114e-08,-8.13326192111632e-16,-1.10518933777424e-15,4.07381659107497e-16,5.47233918080356e-07,-7.87621581033512e-07,-2.6745777414904e-08,-2.02929791610914e-08,1.54903392260341e-16,6.41122189671207e-16,8.12793597528213e-16,-1.71988567420537e-16,-2.34624974303853e-15,2.42262685162556e-06,1.11175509722531e-16,-3.56787273241841e-16,-1.49521059789936e-08,4.40139248118138e-16,-1.33757252313511e-08,-2.09717403419912e-16,-1.65642547257102e-08,6.0175500040806e-16,-1.96430640863022e-08,-2.44653772037161e-09,-1.53307828062506e-06,2.48671524452151e-16,7.72824605445794e-08,-1.44803404014412e-15,1.07668206560981e-07,-4.79085033793888e-06,1.02237675903274e-09,-2.3839457047878e-17,1.47992241230483e-07,-6.15735798800257e-16,-3.58962993048096e-08,-2.02483665247564e-07,1.01594834498614e-15,-1.78942725931269e-16,2.11449065425887e-16,-2.1719462146684e-15,-6.72626729319138e-10,-8.73516186663039e-09,-1.94443392007984e-09,7.16789675698138e-17,-4.56558268657416e-17,-2.72247079575562e-05,1.14089524607926e-06,-1.79452796139842e-16,-2.01501519157937e-16,-8.57833357444902e-09,1.05857358324001e-16,-6.05783879481295e-08,-8.47855545544866e-17,5.6626380989642e-07,9.4073569949292e-17,-4.59856818859888e-19,-1.57769944623584e-16,1.4393585477775e-16,-1.99269472519025e-17,-1.11568964991072e-15,7.37839170709517e-08,-5.15887911275455e-07,4.88189426159655e-17,-4.92089136519561e-08,1.86693835365765e-07,8.23715924096859e-17,-1.24639687245448e-16,-4.95527198840885e-16,2.07289711344027e-16,1.82035468636638e-08,2.90388755247880e-09,-5.45155167305473e-16,1.23305921985539e-16,-3.28846709766984e-08,-1.17264352097987e-07,-2.37176427129161e-06,1.00567741808301e-16,1.86576304364875e-16,1.3094672560891e-16,3.68619709328557e-16,1.92799278063813e-16,3.3112312904316e-17,6.79009588308003e-08,-6.41135107129451e-08,-1.23074122914377e-08,3.32115166439263e-16,2.82009139150449e-16,9.75599270643389e-16,7.57317751740332e-17,5.06968499059608e-16,2.7991630899777e-16,3.58948915465553e-16,2.41811474831995e-16,-2.64827735898452e-17,-2.55278875030572e-16,3.48128994702992e-16,-3.30893715182224e-16,1.92504234721296e-16,-2.41873354983415e-16,4.54099152271106e-08,1.30848797228529e-13,-6.47442311141156e-16,-3.85521525583098e-15,1.0185771267234e-06,-1.11554038317115e-09,1.59426709102108e-16,-1.65104100059005e-08,9.25781326271053e-07,-5.28227674769816e-17,3.745097917834e-16,-1.61654280035869e-07,-2.34219478006995e-16,2.25390296269388e-08,-7.84598003230264e-16,1.2280091840399e-16,-2.01070465681462e-17,-2.58531198799948e-16,1.9890298345466e-09,-2.72966642484646e-07,2.98388885689714e-16,1.6070238426389e-16,-2.42125468347158e-16,-1.96616691860276e-16,-3.25965383157767e-16,-7.3985726766738e-17,-1.11064519939463e-16,-3.47167107899847e-17,2.20143359795928e-08,-4.49727172393291e-17,-8.87903502043446e-17,-1.38380032730716e-17,-2.26465817223889e-16,6.13150352303268e-17,4.02466466391144e-16,-6.25051747227535e-08,-7.10746013361896e-17,1.01858316424296e-16,4.65509634506556e-08,-2.04457210198393e-16,-7.12789330595405e-18,-8.49811019316762e-17,2.8813914182131e-16,1.3416998747194e-05,2.15941625250231e-18,-2.82276489012171e-08,-5.98552341119434e-16,-8.69644433084407e-17,-3.12309295866358e-16,1.06994660798321e-16,8.10398739069927e-17,-2.3393617007674e-16,1.01564358453594e-09,3.59125980173823e-16,2.56632576465488e-16,3.94247766679044e-08,-1.26350378183137e-07,3.35374019346337e-17,8.82627773956909e-08,1.2915903726741e-08,2.18626829606558e-17,7.15218567195544e-18,-3.65194558498111e-16,4.17494815381944e-16,4.89064980452055e-16,-2.14239092606241e-08,1.14506705926338e-16,-2.58233133943623e-16,-5.64306455873847e-17,8.5503599618219e-09,-2.77629923707345e-16,6.35816645747456e-17,-1.59388709084499e-16,-1.85980521364669e-16,-3.87984235501797e-09,-2.84599348691879e-17,1.53365932253446e-06,5.87968298978184e-17,-1.59579295460893e-16,5.07407277298306e-16,-1.42580597237338e-16,-5.40682882926298e-17,-3.90445481265891e-16,-7.57390029008409e-17,-1.38690362531205e-07,-1.12114360969648e-16,2.67124667679495e-16,9.25273447787617e-08,-1.65937169298287e-16,9.62125262214925e-17,4.44654899501533e-16,2.98912413491283e-17,1.4706399459359e-18,-9.46368940941372e-17,-6.08539676824884e-08,2.87428499964531e-18,4.49418322428072e-16,1.98303223914603e-07,-1.01202159171706e-16,2.14151073016175e-17,1.02780776751098e-17,4.1865986015331e-16,7.72503614224413e-17,-2.63209093054422e-16,-7.78723070842041e-17,-2.01293994811542e-16,1.86068948413187e-16,-9.21106020153477e-17,-3.81360485300853e-17,-1.03217528302274e-07,2.151573804278e-07,-1.62532034911263e-16,3.1568066462588e-17,-2.33405681870307e-17,7.6163762711448e-17,-2.53920148796105e-16,7.72466075503956e-17,2.67184695790972e-18,-6.06486284376273e-17,-2.68978975092011e-09,-3.75624097350913e-17,4.85124247789543e-17,-4.75816708975078e-17,-2.58217748049242e-16,3.43100983621756e-09,3.52020449785267e-16,-3.73704752784648e-09,9.76086091626216e-17,7.92664193998406e-17,-1.47820034542514e-16,1.98517158114149e-16,3.97433534388164e-17,2.96731701457362e-17,-8.72333620677278e-17,-1.07119664350351e-16,-5.46523403827553e-17,1.24122646974253e-16,-7.53580391439708e-18,9.99716667266229e-18,1.53741680214251e-16,1.77883143583034e-16,-1.99357851536017e-17,3.5249458889794e-16,-2.10693075868005e-16,-6.2573476856943e-17,-4.24675205687346e-17,5.33649702551719e-17,4.03323208164608e-17,2.6481475712337e-17,1.112079843257e-16,-1.33460221675989e-16,-1.33781086505451e-16,2.54065989987168e-10,1.95576229754185e-16,1.27568435023778e-16,-1.18764101396821e-16,-1.63904667355116e-16,-7.91012979849928e-17,-1.25288846526955e-16,-3.32596274930849e-17,-1.7947649313765e-16,1.66877329858296e-17,-1.2655847950731e-16,4.9363724913265e-16,2.52692662098833e-16,5.05201872605429e-17,-7.25095423953262e-18,1.02751010647044e-16,6.63984334874136e-17,8.76325739880674e-18,-3.24071025132791e-09,1.66235000102075e-16,1.07454904957108e-16,-1.08414518984698e-16,-1.40863589296892e-16,1.61250495761473e-16,-1.09646318952117e-16,-8.16412282691789e-18,6.13979555382588e-17,6.49557398728036e-18,6.80692637687601e-10,2.82978851298958e-16,-1.02324298954163e-17,1.3846445781751e-18,2.08560134258494e-16,2.80978777159679e-17,-3.03257628290768e-16,1.05320858491013e-16,1.59837595077013e-16,7.57943278299171e-17,-2.13140775427617e-17,5.95852741721384e-17,-9.12934260443304e-17,-1.07395095721299e-17,3.40610840051817e-09,8.09845232547473e-17,2.49323187292414e-17,1.85735366427475e-16,-5.12827627585644e-16,-1.02147613375513e-08,3.22465565793998e-17,2.30963918716276e-18,6.33178566733668e-17,-4.82045437178095e-17,1.26110798938941e-16,5.97968395047838e-17,-3.55806737013726e-17,-1.73474833097107e-17,-1.39190258072709e-17,9.84746057106888e-17,1.13342625476152e-17,1.29147097087402e-16,-6.7620029114765e-17,1.82510334606903e-16,-1.20490822083064e-16,8.644673258244e-17,-2.71020456056303e-16
"t788",-0.0448797234307749,-0.0685897547105822,0.0241271782910186,0.0326171936525034,0.00256462667392926,-0.00110200427521821,0.00614010682239102,0.000110964721446999,4.33191234723306e-05,-0.000142746604098226,-3.56859931609845e-05,-0.00271565089743455,0.00685345751371661,-0.00145846814466261,-0.00184127852463248,-0.00376533722140186,-0.000442634436324543,0.0291627237135911,3.60458257391461e-05,1.79598533557642e-05,-0.000280908427099793,-0.000215220962159102,0.00141285173134782,-0.029050907231459,0.0888449483275619,0.000223560870407523,-0.000247905850723596,0.000220524430816084,-0.00345363974604702,4.67342612875329e-05,2.33281422042138e-06,-7.99726483731887e-06,0.00712204181749105,6.00724257805509e-05,7.76830480329524e-06,0.00015843133401647,0.307948928077857,3.97900364162917e-05,0.00022737395589285,3.81614710892861e-05,0.00112805035177139,-0.000100479364773594,0.001138628102803,-6.75586078992164e-05,0.00230118972656672,-4.97306086170621e-05,0.0984663409188678,-0.000495363039810281,6.37274124097849e-05,-0.000118088971567219,0.00127871519367102,-6.35308854061703e-05,8.88901360708356e-08,-0.000195020277059229,9.81832651898341e-06,-0.000102053671502481,3.3825743185067e-06,-0.00022005246074998,7.44175178882079e-05,-7.57771294005452e-05,-6.41677378230909e-05,9.83014861836688e-06,-0.000318740598149754,0.000169384694259188,-1.20128296155995e-05,0.000463778891048198,-1.74321090604243e-06,6.23080038753235e-05,-0.000171691130235769,6.86509659866325e-05,-0.00232614748364532,0.000373156811087641,-2.33243877171746e-05,-0.232016793627561,0.163675437814871,-1.08914107717166e-06,0.00441974188670984,-3.10156203315799e-05,2.7867774432538e-05,1.71922045532428e-05,2.88632135150683e-07,1.85467866727944e-05,-1.46069838412053e-05,-0.000119869710880495,3.0230318454138e-05,0.0180593173579998,0.00147165940439775,1.92092493469505e-05,5.87359016374324e-06,-0.00131443556797111,2.14161220188984e-05,-1.26460726747584e-06,-1.06835029370174e-05,0.00158326765996967,8.71919215809554e-08,-3.36177403179394e-06,-0.000719069925844123,-1.16746150182967e-05,1.55964102566597e-05,2.3477063145832e-06,4.06634166022869e-07,-0.00311568865684108,6.02050010566266e-09,3.73913826467791e-07,-2.14960972874328e-07,0.00364570616119114,-5.95351206016393e-06,2.88174470995508e-06,-1.14373251259412e-06,3.04309709185018e-07,1.3770257464893e-06,3.67737882853054e-06,-6.26927674101605e-06,6.69587279430756e-06,-3.50654590100141e-08,1.4224155101419e-06,-2.14551780268205e-06,2.40067227156573e-06,-2.54583738019427e-06,6.46544733549373e-06,-2.45912881804168e-05,6.27675659052283e-06,-6.1612859117754e-06,-1.69504244492823e-05,5.54593642416602e-06,-5.48731970164279e-05,5.58867909236475e-06,-1.8248118335332e-06,4.07123810730344e-06,0.000135432452877859,-0.00107628404688044,2.02088720187551e-05,-0.00479404935163814,6.55816543405472e-07,7.06843491022461e-07,3.37830494498861e-06,-2.34940656055112e-08,-1.64635671889119e-05,5.35233960430987e-06,-1.54143777142682e-05,-9.92466203544167e-07,-3.85745800620285e-05,7.58633897575121e-06,4.85373631614238e-07,1.53132945628642e-06,-9.80718236737381e-08,-4.70999928285886e-06,7.45781873369202e-07,4.92934214049694e-08,-1.25030079680458e-07,-1.94758153549254e-05,-5.87592546650264e-07,-1.26935796914174e-05,4.7974368309898e-06,-1.5809606065902e-06,-1.41380855845992e-07,2.16416449773941e-06,-0.0156246041014874,3.01420371831852e-07,2.27874762620072e-08,-0.0108407787674061,-1.0446987204531e-05,9.02461602030155e-07,0.000162268666940206,-5.66796040099434e-06,1.7425939160597e-05,1.37642196992462e-07,2.95739560181322e-09,1.54623281543326e-07,3.49814896958167e-07,-9.29301810560577e-06,-9.58893805898332e-07,1.74781262914441e-07,6.80845730215037e-08,2.16403978018661e-06,3.11013394018121e-08,1.99800165621294e-07,-1.03681444307184e-06,-7.37679773577691e-07,-2.3650012121866e-05,1.5228763622662e-05,4.99123069611939e-05,-6.99039024940127e-07,-1.41247435225189e-05,-9.03445094051813e-08,-8.62412933265741e-05,-3.39112988931495e-06,8.54937028421295e-07,3.85010223293472e-06,-3.44236809331417e-05,-1.06030401426178e-07,2.01185378135952e-07,8.06658405386061e-07,4.07967552171992e-06,1.40599919355766e-07,-2.02361357754557e-07,-3.7432836275375e-07,-1.91184463581068e-06,2.25026072926632e-07,9.79219471938701e-08,9.77775067239982e-08,1.63989442751523e-05,-2.697757490984e-09,-0.00101957883400903,1.89923133559693e-06,-2.06434885081353e-05,4.34336102794521e-07,1.64242144889727e-05,-3.36836366741041e-06,-3.98897218996874e-05,-1.54076953259306e-05,5.45701371232225e-05,-0.000303704450028716,-9.00860166297931e-07,-5.75552962345046e-07,-7.6963580434534e-07,1.20292189372006e-06,1.04762207544146e-07,-1.93199508176196e-07,-9.60785534053048e-07,-5.23500550124446e-06,4.22305433943365e-05,1.62776808656298e-06,5.25847807724864e-06,-1.33455323614349e-06,-6.82081133287083e-07,-7.19549481503564e-06,-4.95592353151179e-07,-7.75315149455999e-07,-6.14667528005514e-07,1.30466658378696e-05,4.30068589325379e-06,2.06247832672129e-07,3.44768832791336e-07,-1.80978196369129e-08,-2.9548080393765e-07,-1.52673251215818e-06,-3.64727473670186e-17,-2.28163597012905e-07,1.71287575647249e-05,-4.81398524484412e-07,-8.64892205652683e-06,-1.38402433668522e-06,1.65419958660302e-06,-2.67113823293067e-07,9.68938140702861e-06,-2.20829698000723e-08,1.44940469122181e-09,-3.70522174720681e-06,3.3553112205962e-06,-1.05183082903685e-07,1.43871188594544e-05,-6.67126808990193e-07,2.49329387371168e-07,-1.61938471332588e-08,0.000187900169853126,-0.000169204781359035,1.09994492757379e-05,3.53703569463361e-07,-6.84530023379058e-08,1.50804810754384e-06,-2.93616939215604e-07,3.24696168448197e-05,-2.63799906043346e-05,1.67769109422326e-07,-5.74216711234898e-08,1.46005499318432e-05,3.06595764438053e-05,-0.00239925359886512,2.20801205061464e-08,1.30156136477878e-08,-3.94255640347422e-08,5.60846160125817e-06,-4.90332572962492e-06,1.1063565272033e-06,-2.39947682572518e-05,1.16367241951086e-05,-0.000224088534529138,1.94706621772268e-06,-1.1412877745553e-06,3.86835327368544e-07,-1.71434688298721e-17,-9.5568459922071e-07,-3.27584284568158e-08,-7.74763019113787e-08,-0.000149005693639329,4.64174614058219e-08,-2.88187652099866e-08,-6.74167213001991e-07,7.66960018112226e-08,-6.11146790051331e-07,1.60091111042896e-06,5.86826187983777e-08,-5.26837624770676e-08,6.83251556812616e-07,-8.30643897029747e-07,6.949911995673e-05,-3.93144077510908e-07,4.5481748708763e-06,2.27708530154546e-08,1.96344406971202e-07,9.45919059973374e-07,-7.89537344229355e-06,4.30294401880574e-05,-7.12723010887257e-07,9.57678881230681e-07,-3.47352535228922e-06,2.18283210886635e-07,1.971680774317e-07,1.50306912713565e-06,-4.04058952280556e-06,-2.02882284858348e-07,2.6404080423604e-06,-1.07990780687311e-06,2.6681760221055e-08,2.48097766891347e-07,-4.81299375855568e-07,-1.05266771350498e-16,1.51519536427525e-09,0.000332296194338458,-5.33877284480022e-07,3.93629796155799e-07,5.62886510853415e-07,1.03602997087045e-07,2.42280947218768e-07,-3.56562395773863e-06,1.33501636355465e-06,-1.61109258071418e-16,-1.0364193851233e-06,-1.26720479329294e-08,-3.74925078406526e-08,0.000261909002452111,2.65665983541542e-07,-1.79985273504714e-08,-6.91549606746161e-07,1.8492958425584e-07,-9.83920706688833e-06,1.17441604885232e-06,-2.39676090561054e-07,-4.34657286013219e-07,-2.30285495116658e-08,-2.2854601927115e-08,-4.36521136690451e-07,9.80369137275083e-05,-4.68919231103352e-07,-9.0054572235413e-16,-9.74776580381573e-06,7.67632126785203e-07,3.53322545052019e-08,1.95804524544004e-07,-9.19831073461642e-07,-1.97555291914506e-06,1.20565898020808e-05,-9.39434200624618e-05,-1.65818081077295e-07,3.52264834413846e-16,-3.15535414149648e-07,-0.000202151189610132,-3.99826766996835e-07,2.32193568975327e-16,7.61442843541284e-07,7.67680035212572e-06,-1.17191496704072e-06,-6.24435362556778e-07,-2.08776438160628e-07,-1.11938145727311e-07,-4.00931783507488e-06,1.12390711158444e-07,1.19524020387796e-06,7.61784790167602e-05,2.47555485991221e-07,2.49768677316988e-06,-2.53183988302055e-17,-1.00581398520494e-06,4.7344549646766e-07,3.0828725392717e-06,-3.13841709169208e-07,3.06257838305712e-16,-3.11908459563638e-07,4.15538419951556e-07,-1.46236354304494e-07,-1.31010020559738e-07,-3.34607126593537e-07,2.51680276169127e-06,-4.94527649042923e-06,7.56406112653688e-07,-8.56673230191834e-16,3.07358466063899e-06,-4.14556489361007e-06,1.881602166395e-05,4.07469246876236e-06,-4.15271766227472e-07,-2.81760720129935e-09,3.83547360538472e-15,-8.08042073314633e-16,-2.90547745961919e-09,-2.75834549325469e-06,3.66802384129704e-07,-5.67587571644295e-07,2.26031993675681e-15,-3.22165701876694e-07,-4.19985982466419e-09,-2.64982141752668e-15,-1.35908220223703e-15,-1.71687395923839e-15,1.39512268902888e-06,4.46852700695053e-06,-9.39035121347319e-06,9.45706907179456e-06,5.15720953550304e-06,9.86761424531467e-05,-0.467663761976988,4.10670869533726e-15,1.28139147608313e-05,-6.85690270514166e-06,-9.83105523287108e-16,-3.29718053623763e-15,9.82283113568524e-05,1.2425599477354e-10,7.89748528932831e-07,-5.4955863324835e-07,-5.62596304954796e-07,2.928902830541e-08,-5.93260013633954e-16,9.42441231547179e-08,-1.3755359844035e-15,2.83552587791423e-07,3.33094012441859e-15,4.71154290157143e-07,-1.81865264119935e-16,-3.29062058426921e-07,-4.45007437134809e-07,-1.97566069759411e-08,-2.43604225351053e-07,-1.30124129531825e-06,8.33065329410901e-08,-7.57999485917272e-07,-1.84017582410674e-08,-8.93062959437286e-08,-7.57832176670623e-09,-1.01367075562717e-07,4.534448643381e-05,4.40763621082989e-08,2.93729826102285e-09,6.30886925688958e-08,-1.09023887845086e-16,-1.97245259115827e-05,7.39029073994871e-06,4.01790856115397e-09,6.22201016669862e-15,7.91712721389216e-10,3.32603080330328e-08,1.61223144177605e-07,3.0038719201858e-16,-0.000296023880301537,-1.79180335099505e-08,-2.42029618597892e-16,-2.63672718135338e-08,5.9798956410363e-07,-3.1706050398189e-17,-2.0115754580327e-16,-4.95676268211962e-06,-1.89452637386935e-08,-1.12226590426219e-10,-1.62501802739207e-07,4.72828550143734e-08,1.9665072274705e-05,1.35248046476275e-08,1.83165701499235e-07,-3.33885495947516e-07,1.94581763895973e-15,7.78856088099154e-09,4.88363775152032e-10,1.36817236577351e-09,1.30332796758042e-07,4.21066566889379e-16,2.65326561839071e-16,4.39015716325488e-08,1.27816972189624e-16,3.44649864914692e-16,3.17350505988962e-07,-3.63346630484524e-07,-7.43657168125301e-07,-4.29179760263778e-09,1.98140438400823e-05,1.36829845249474e-07,1.19118035765437e-08,-1.93723410857526e-16,3.29108753281177e-08,1.56899169543563e-09,7.24870149075741e-09,-2.7452714638355e-05,3.48976853329276e-06,-2.69288633983967e-16,-8.60064548672519e-17,5.66493698218537e-16,-2.99787144532064e-08,-1.65527481374116e-07,-8.73017252381094e-08,9.01854479557937e-18,-1.67332886064092e-05,5.46882973153134e-16,1.91056774789529e-16,2.35908322167943e-06,-5.19366786171847e-08,-5.09575021068187e-17,-1.35038870451508e-07,-0.000100222265900833,2.09547264408735e-15,2.31022237700923e-07,2.5460054177517e-16,6.81842906399511e-08,-8.86739270763646e-16,6.86936476016415e-08,5.99226768081636e-07,7.88271540382435e-06,2.08373117762955e-08,1.4721451567888e-07,-5.74953262675215e-07,2.82248497679127e-07,-1.46214486600045e-15,1.90451525995019e-05,-1.81612609010632e-06,9.21961179312926e-16,-1.62807142699255e-07,-5.69889384309862e-07,1.12267263696479e-06,-1.1676207767397e-15,2.92305105096516e-06,0.275876435277863,-9.74821284702878e-15,7.01146568751877e-06,1.02797624178915e-06,3.20662908475699e-05,-2.79417507218739e-15,3.46517299611105e-15,-1.61714298972468e-07,-3.79949473184561e-08,-2.92565153811655e-09,1.38669337982502e-07,-8.06947429117129e-09,-2.32750523228795e-16,9.10673014097003e-16,-2.71182278846895e-08,-1.84978990505853e-10,1.81634618492721e-15,-5.64424987388625e-08,-8.53798757162235e-17,-2.81621362608562e-07,7.82408537261802e-09,4.50994161503453e-09,2.83365673146927e-08,3.84194142303409e-13,5.16725279269915e-16,-6.83608987583697e-16,4.44655569191913e-15,1.84214617133122e-06,3.07824929194192e-08,-6.48682460802449e-16,-3.79520104957932e-16,6.20591755539847e-16,-5.72284970896043e-08,-2.96170052607007e-10,1.99483088237506e-08,9.24949685175722e-17,1.9109063290057e-15,1.92527200779113e-16,1.22607422652053e-08,-3.48665566695406e-09,3.72252307107321e-16,3.89593589997479e-10,-9.14316028210416e-07,3.73237293095045e-17,1.89986044799114e-16,-3.44998909151194e-09,-3.66640004419143e-11,-2.22655202126438e-09,1.09610809595882e-17,3.3056083151638e-09,5.41860684830325e-09,6.67474827609189e-09,-7.08794603768069e-09,-2.61623279365796e-08,2.37066796009131e-09,4.23637550798772e-16,4.36270635172014e-16,1.81885161417466e-16,5.88122920471234e-08,-8.50015549623269e-08,-2.98601264351349e-09,-2.63824525912306e-09,2.44300997720793e-16,-4.25786058837546e-16,-1.35612279516159e-16,1.49041535527855e-16,5.80330899079998e-16,3.59716208348234e-07,-1.98255006589678e-16,-2.65556572605341e-18,-2.32533811908413e-09,-2.4083966779137e-16,-2.08516156117153e-09,1.92671577734697e-16,-2.59260106222996e-09,6.31186686302482e-17,-3.30893280949903e-09,-4.18965685538074e-10,-2.69036460435444e-07,-1.57960620416443e-17,1.39612772601895e-08,-7.67572401573279e-17,2.06471959416769e-08,-9.86124050031558e-07,2.1105575032941e-10,-9.3013649385669e-17,3.13734132114831e-08,-3.59065759046918e-17,-7.92026762536258e-09,-4.4761616328427e-08,-3.45429033943394e-17,6.30373166788529e-17,2.32476121296418e-16,-5.26648587696854e-16,-1.53400722382826e-10,-2.00815083837341e-09,-4.51126794328369e-10,1.21065644781403e-16,1.00898732495318e-16,-6.58808699219155e-06,2.76583984660118e-07,-7.57136307649443e-17,1.54202572580229e-16,-2.18334164318467e-09,-1.35764831114305e-16,-1.55718224248257e-08,8.41651108401935e-17,1.49664350436579e-07,-1.27854455267647e-16,6.52984155403164e-16,-4.80698605209994e-17,1.60873071581701e-16,-6.79869743717608e-17,5.54260458015127e-16,2.05572258877254e-08,-1.43828362358981e-07,1.3753729497741e-16,-1.39589325776823e-08,5.33355403159697e-08,4.39113868228973e-17,2.52671765321616e-16,2.40011596260794e-16,1.56964266457641e-16,5.35653420515239e-09,8.60218185243503e-10,-1.36504736909279e-16,6.40095298917103e-18,-9.81328050996986e-09,-3.50266879414643e-08,-7.10708265738977e-07,2.45705019081544e-16,-9.44054818018903e-17,4.95696512280402e-17,-2.4216446325018e-16,-6.84452274000964e-17,-1.31478442678662e-16,2.13777437983586e-08,-2.02743750527903e-08,-3.90884221152545e-09,1.04837272367014e-16,4.16556274805534e-17,-3.80355187318452e-16,-7.47225812033083e-17,6.41891641538664e-18,1.03363736612045e-16,-4.88788187130752e-16,-1.54246893699567e-16,2.06304581315134e-16,4.34601207637361e-16,-2.01805752322265e-16,2.87893746306209e-16,-3.73853951802341e-16,1.50865555652983e-16,1.54401410621586e-08,4.42835177313997e-14,4.01714461003723e-16,-1.35795227490939e-15,3.49259962242368e-07,-3.83244321027623e-10,1.63541237388012e-17,-5.67889352906242e-09,3.2165981027198e-07,-2.37387227405549e-16,8.41009199743781e-17,-5.68609878170755e-08,-1.4615358613065e-16,8.04500751988049e-09,-3.6472260469551e-16,1.21909080554908e-16,-2.54696320519104e-17,-2.09498043099715e-16,7.25927533283135e-10,-9.97703571672938e-08,-2.6432732232794e-16,1.85599671700712e-17,2.77180223111816e-16,-1.26645085301246e-17,1.24249568966839e-16,2.41174133912653e-17,2.66919480398818e-16,1.74382048334786e-16,8.63450247210634e-09,2.85259797293613e-16,4.0101674464232e-17,9.17168013693052e-18,5.29139612395807e-16,9.71768317298298e-18,2.37326716924208e-16,-2.48595928608742e-08,-2.5473417992663e-17,3.47147471813847e-16,1.85609772805247e-08,4.63437813428444e-17,5.29135937041331e-17,2.01635458603546e-16,-1.96612678476061e-16,5.50485902035284e-06,-2.48203366463852e-16,-1.16388717548497e-08,1.72960607403349e-16,-2.0630838118232e-16,-5.17809207388722e-16,-2.74478485458914e-16,4.90668792800203e-16,-4.14562330632174e-17,4.22944791007007e-10,-4.15197469870833e-16,-4.88000820334453e-16,1.65406939411174e-08,-5.30301914026177e-08,-9.18278883765681e-17,3.72796476211464e-08,5.46604219124061e-09,6.10447891748272e-17,1.43534488478278e-16,-4.98930536943158e-17,2.83457220112033e-16,-4.2261614395593e-16,-9.32516717311794e-09,-8.20909934905719e-16,-1.11360536034771e-15,3.62233425000957e-16,3.74769502702816e-09,-2.75525093636531e-16,-4.2710320533523e-16,1.6455645737061e-16,-5.40785716466665e-16,-1.71600119910204e-09,-8.98487770573323e-16,6.80185895528274e-07,3.61698257189347e-16,3.327905143843e-16,-2.93298151634537e-16,4.12384556987158e-16,2.67039412899247e-16,4.42888112495058e-16,1.74788481933502e-16,-6.23944637121059e-08,5.76874704802359e-16,4.56043794760534e-16,4.17711561397237e-08,-7.16122101156035e-16,6.48623088186581e-17,-3.31713324747096e-17,3.83528002648936e-16,-3.49949191416308e-16,-5.31048904405329e-16,-2.77682893396389e-08,9.20802958204898e-17,-7.09038547949458e-16,9.09152542566269e-08,-9.56488901329105e-16,3.4580288702963e-16,2.51234628018396e-16,5.00637468406451e-16,-1.99245010115254e-16,1.13568422786512e-16,-3.61109581424485e-17,1.16157757520344e-16,-8.36616130498132e-16,-9.48937485986425e-16,-3.09294086481617e-16,-4.81305938901653e-08,1.00528260032646e-07,3.5384611447827e-16,-1.09385020859393e-15,6.10779382785628e-16,4.60764681151941e-16,-7.45931094670027e-17,-5.30810646110064e-16,-7.73057690447254e-17,-1.53353627433754e-16,-1.26967877394074e-09,-1.29815370796502e-15,1.52031280617798e-15,-1.56806092580735e-15,-8.23126841059398e-16,1.63337809123935e-09,2.74042449406304e-15,-1.79581318293379e-09,2.02382902688343e-15,1.95402987354377e-15,3.20693201544117e-15,3.19380136851267e-15,-6.07946384790665e-15,8.50938432968765e-15,-5.79373523979075e-15,2.30013502357836e-14,1.35603350926131e-16,-0.707106781186548,-1.24830602731545e-14,-5.08748597130927e-15,1.76092029291176e-15,-4.87514406929643e-15,-1.34066088138484e-15,3.30829472693939e-16,3.40777300591789e-15,-1.38869909283604e-16,-1.09276519372657e-15,-1.16984551601735e-15,7.38558519897126e-16,4.08041430492578e-16,7.010525610518e-16,1.30765426275246e-15,-4.23273213594759e-16,1.26144202929284e-10,9.17305822651608e-16,-2.56895458770258e-15,1.36151755852782e-15,-5.55429810021314e-16,6.37614441984542e-16,2.25303543968892e-16,8.42469629413636e-16,-1.04393152781924e-15,2.38208486393479e-16,5.08138699744512e-16,1.26114396703514e-15,-1.35837005046189e-18,1.1624212781618e-16,-5.86313257546665e-16,-7.00762104552283e-16,3.58893858986952e-16,-1.93850462925428e-16,-1.64243501421593e-09,-3.5807113843922e-16,1.87647239188908e-16,4.27047589486509e-17,-3.48375042273181e-16,-2.82531805713871e-16,2.81491612158895e-17,8.70230081508596e-17,-1.27790728691271e-16,9.72690561292965e-17,3.5196358140749e-10,-4.91814328539441e-16,2.16248171169025e-16,-7.41194959630208e-17,-4.94558664930233e-16,-5.63382018772016e-17,-1.39078446101673e-16,-1.84520025857112e-16,-3.22530209261924e-16,1.00710134836059e-16,2.72825986153795e-16,-4.84043616793287e-17,1.63313843383667e-17,7.67937826422096e-17,1.79500167142579e-09,-2.6950002599022e-16,1.48149374503203e-17,-1.28059838620879e-16,-2.2659825404947e-17,-5.42912499503877e-09,-4.4347908675388e-17,1.75684198766557e-16,-4.06815006586026e-17,6.70435850719675e-18,-7.05301364301144e-17,7.98525995778105e-17,-3.02808032495653e-17,-1.74720861595251e-16,-3.27326620046078e-17,-4.27219256155913e-17,4.4408790409527e-17,2.67536515221223e-17,2.26854123241633e-17,-1.1132983313953e-16,7.58914334275793e-17,1.49805943878593e-18,-2.03840207799928e-16
"t789",-0.0448797234307749,-0.0685897547105822,0.0241271782910186,0.0326171936525034,0.00256462667392926,-0.00110200427521821,0.00614010682239102,0.000110964721446998,4.33191234723264e-05,-0.000142746604098229,-3.56859931609832e-05,-0.00271565089743455,0.00685345751371661,-0.00145846814466261,-0.00184127852463249,-0.00376533722140186,-0.000442634436324521,0.0291627237135911,3.60458257391682e-05,1.79598533557573e-05,-0.000280908427099796,-0.000215220962159105,0.00141285173134779,-0.0290509072314589,0.0888449483275618,0.000223560870407525,-0.000247905850723573,0.000220524430816071,-0.00345363974604703,4.67342612875191e-05,2.332814220449e-06,-7.99726483730171e-06,0.00712204181749104,6.00724257805252e-05,7.76830480330734e-06,0.000158431334016479,0.307948928077857,3.97900364162885e-05,0.000227373955892829,3.81614710893049e-05,0.00112805035177142,-0.000100479364773578,0.00113862810280303,-6.75586078992052e-05,0.00230118972656672,-4.97306086170495e-05,0.0984663409188678,-0.000495363039810253,6.37274124097881e-05,-0.000118088971567213,0.001278715193671,-6.35308854061553e-05,8.88901360666966e-08,-0.000195020277059242,9.81832651893771e-06,-0.000102053671502488,3.3825743184976e-06,-0.00022005246074997,7.44175178881981e-05,-7.57771294005523e-05,-6.41677378230615e-05,9.83014861833581e-06,-0.000318740598149692,0.000169384694259234,-1.20128296155834e-05,0.00046377889104818,-1.74321090603597e-06,6.23080038753396e-05,-0.000171691130235788,6.8650965986561e-05,-0.00232614748364538,0.000373156811087585,-2.33243877172061e-05,-0.232016793627561,0.163675437814871,-1.08914107717422e-06,0.00441974188670983,-3.10156203315926e-05,2.78677744325234e-05,1.71922045532301e-05,2.88632135156916e-07,1.85467866728008e-05,-1.46069838411308e-05,-0.000119869710880493,3.02303184541064e-05,0.0180593173579998,0.00147165940439779,1.92092493469631e-05,5.87359016373735e-06,-0.00131443556797115,2.14161220188906e-05,-1.26460726763023e-06,-1.06835029370043e-05,0.00158326765996968,8.71919216037498e-08,-3.3617740318151e-06,-0.000719069925844171,-1.16746150183004e-05,1.55964102566518e-05,2.34770631454796e-06,4.06634166032333e-07,-0.00311568865684107,6.02050008514122e-09,3.73913826446447e-07,-2.14960972886303e-07,0.0036457061611912,-5.95351206014838e-06,2.88174470998251e-06,-1.14373251262829e-06,3.04309709182036e-07,1.37702574644351e-06,3.67737882855405e-06,-6.26927674101758e-06,6.69587279425496e-06,-3.50654590272012e-08,1.42241551012291e-06,-2.14551780264375e-06,2.40067227151916e-06,-2.54583738020357e-06,6.46544733547226e-06,-2.4591288180359e-05,6.2767565905142e-06,-6.16128591176509e-06,-1.69504244492374e-05,5.54593642407245e-06,-5.48731970164644e-05,5.58867909242634e-06,-1.82481183353897e-06,4.07123810729321e-06,0.00013543245287784,-0.00107628404688043,2.02088720187352e-05,-0.00479404935163812,6.55816543383972e-07,7.06843490962042e-07,3.3783049449342e-06,-2.34940656403335e-08,-1.64635671889276e-05,5.35233960432911e-06,-1.54143777142498e-05,-9.92466203567352e-07,-3.85745800619104e-05,7.58633897571296e-06,4.85373631663054e-07,1.53132945623653e-06,-9.80718236893796e-08,-4.70999928282673e-06,7.45781873370829e-07,4.92934214562072e-08,-1.25030079658069e-07,-1.94758153549313e-05,-5.87592546647364e-07,-1.26935796914227e-05,4.79743683100016e-06,-1.58096060657172e-06,-1.41380855850196e-07,2.1641644977101e-06,-0.0156246041014875,3.01420371835227e-07,2.27874762478663e-08,-0.0108407787674062,-1.04469872045849e-05,9.02461602000814e-07,0.000162268666940181,-5.66796040097036e-06,1.74259391605676e-05,1.37642197040383e-07,2.95739571655356e-09,1.54623281553489e-07,3.49814896983751e-07,-9.29301810563051e-06,-9.58893805898255e-07,1.74781262921078e-07,6.80845730200576e-08,2.16403978019757e-06,3.11013394265667e-08,1.99800165644942e-07,-1.036814443042e-06,-7.37679773550725e-07,-2.36500121218477e-05,1.52287636226332e-05,4.99123069611683e-05,-6.99039024924762e-07,-1.41247435225795e-05,-9.03445093780841e-08,-8.62412933265585e-05,-3.39112988934781e-06,8.54937028406237e-07,3.85010223298822e-06,-3.44236809331501e-05,-1.06030401478943e-07,2.01185378182238e-07,8.06658405441044e-07,4.07967552177969e-06,1.40599919340754e-07,-2.02361357774319e-07,-3.74328362791334e-07,-1.9118446358369e-06,2.25026072956673e-07,9.79219472301352e-08,9.77775067177549e-08,1.63989442751041e-05,-2.69775746319409e-09,-0.00101957883400905,1.89923133549548e-06,-2.06434885081185e-05,4.34336102800496e-07,1.64242144890031e-05,-3.36836366737337e-06,-3.98897218996757e-05,-1.54076953260105e-05,5.45701371231654e-05,-0.000303704450028782,-9.00860166306051e-07,-5.75552962425251e-07,-7.69635804416872e-07,1.20292189372275e-06,1.04762207511743e-07,-1.93199508174183e-07,-9.60785534041336e-07,-5.23500550125967e-06,4.22305433943679e-05,1.62776808652792e-06,5.25847807719704e-06,-1.33455323612104e-06,-6.82081133283271e-07,-7.19549481502849e-06,-4.95592353045052e-07,-7.75315149473963e-07,-6.14667527999291e-07,1.3046665837975e-05,4.30068589318966e-06,2.06247832679248e-07,3.44768832808522e-07,-1.80978196512643e-08,-2.95480804100381e-07,-1.52673251197183e-06,-6.16259502143538e-17,-2.28163596898575e-07,1.71287575647132e-05,-4.81398524500298e-07,-8.64892205651158e-06,-1.38402433667203e-06,1.65419958672603e-06,-2.67113823311776e-07,9.68938140701704e-06,-2.20829698568873e-08,1.44940474088679e-09,-3.70522174714505e-06,3.35531122057693e-06,-1.05183082896433e-07,1.438711885946e-05,-6.67126808942076e-07,2.49329387414048e-07,-1.61938471801505e-08,0.000187900169853027,-0.000169204781359041,1.09994492757343e-05,3.53703569470233e-07,-6.84530024287272e-08,1.50804810762424e-06,-2.93616939149714e-07,3.24696168447838e-05,-2.63799906044102e-05,1.67769109499702e-07,-5.74216710915676e-08,1.46005499318241e-05,3.06595764437639e-05,-0.00239925359886502,2.20801204964213e-08,1.30156136681504e-08,-3.94255639522037e-08,5.60846160120047e-06,-4.90332572937962e-06,1.10635652725591e-06,-2.39947682572757e-05,1.16367241949638e-05,-0.000224088534529095,1.94706621775636e-06,-1.14128777458697e-06,3.86835327407191e-07,-1.26213813673236e-18,-9.55684599122283e-07,-3.27584284000187e-08,-7.74763019302235e-08,-0.000149005693639297,4.64174614197827e-08,-2.88187652334551e-08,-6.74167213106741e-07,7.66960018812602e-08,-6.11146789874877e-07,1.60091111046413e-06,5.86826188452699e-08,-5.26837624242274e-08,6.83251556636014e-07,-8.30643896991053e-07,6.94991199566223e-05,-3.93144077501336e-07,4.54817487076245e-06,2.27708530207658e-08,1.96344406972102e-07,9.45919060030736e-07,-7.89537344221472e-06,4.30294401880401e-05,-7.12723011016668e-07,9.57678881181223e-07,-3.47352535237222e-06,2.18283210896174e-07,1.97168077355094e-07,1.50306912706293e-06,-4.04058952283131e-06,-2.02882284715143e-07,2.64040804230251e-06,-1.07990780690416e-06,2.66817604095473e-08,2.48097766865933e-07,-4.81299375783578e-07,-1.00365851880273e-17,1.51519540252605e-09,0.000332296194338508,-5.33877284327909e-07,3.93629796195248e-07,5.62886510811239e-07,1.03602997017025e-07,2.42280947205073e-07,-3.56562395762876e-06,1.33501636352534e-06,-1.20320160190379e-16,-1.03641938509621e-06,-1.26720482398654e-08,-3.74925077961641e-08,0.000261909002452076,2.65665983613431e-07,-1.79985273812593e-08,-6.91549606804913e-07,1.84929584324865e-07,-9.83920706697936e-06,1.17441604889953e-06,-2.39676090465703e-07,-4.34657286076329e-07,-2.30285496275651e-08,-2.28546018332502e-08,-4.36521136740745e-07,9.80369137274496e-05,-4.68919231096902e-07,-8.51531688481288e-16,-9.74776580376454e-06,7.67632126810356e-07,3.53322544785897e-08,1.95804524667518e-07,-9.19831073450895e-07,-1.97555291925645e-06,1.205658980213e-05,-9.39434200625152e-05,-1.6581808105995e-07,2.33301662090822e-16,-3.1553541404484e-07,-0.00020215118961014,-3.99826766845632e-07,1.26452014763853e-16,7.61442843534896e-07,7.67680035217112e-06,-1.17191496701622e-06,-6.2443536242932e-07,-2.08776438530506e-07,-1.11938145699609e-07,-4.00931783511547e-06,1.12390711147289e-07,1.19524020388308e-06,7.61784790167338e-05,2.47555486042225e-07,2.49768677352544e-06,2.40033587963667e-17,-1.00581398528425e-06,4.7344549652796e-07,3.08287253941585e-06,-3.13841709323845e-07,1.45151028640659e-16,-3.11908459549807e-07,4.15538419949171e-07,-1.46236354304471e-07,-1.3101002061999e-07,-3.3460712651701e-07,2.51680276212432e-06,-4.9452764903975e-06,7.56406112534297e-07,-8.86501072514135e-16,3.07358466051206e-06,-4.14556489361723e-06,1.8816021663939e-05,4.07469246867268e-06,-4.15271766193165e-07,-2.81760735108387e-09,3.72271657944623e-15,-8.91167830075172e-16,-2.90547747507642e-09,-2.75834549336678e-06,3.66802383969047e-07,-5.67587571692449e-07,2.23286418746626e-15,-3.22165701765708e-07,-4.19986000014231e-09,-2.68399918956984e-15,-1.34248971714527e-15,-1.74146709515852e-15,1.39512268901161e-06,4.46852700685548e-06,-9.39035121372159e-06,9.45706907191142e-06,5.1572095353351e-06,9.86761424527304e-05,-0.467663761976988,4.08006683084231e-15,1.28139147608367e-05,-6.85690270533616e-06,-9.74065053043619e-16,-3.24673030945373e-15,9.82283113567468e-05,1.24255893485461e-10,7.89748528876017e-07,-5.49558633342786e-07,-5.62596304893471e-07,2.92890282740778e-08,-7.44750162184491e-16,9.42441231974522e-08,-1.36277650613341e-15,2.83552587837209e-07,3.71648241695444e-15,4.71154290244202e-07,6.64452841585966e-17,-3.29062058620038e-07,-4.45007437115898e-07,-1.97566068384481e-08,-2.43604225326967e-07,-1.30124129537617e-06,8.33065324834483e-08,-7.57999485926272e-07,-1.84017582919708e-08,-8.93062958057926e-08,-7.57832155855389e-09,-1.01367075250032e-07,4.53444864338734e-05,4.40763620356345e-08,2.93729821169946e-09,6.30886924299206e-08,-1.10171391605266e-16,-1.97245259116422e-05,7.39029073988325e-06,4.01790862619223e-09,6.31839072366495e-15,7.91712621112824e-10,3.32603081273058e-08,1.61223144215446e-07,8.28275675594427e-17,-0.000296023880301685,-1.79180335700125e-08,-1.99145523911688e-16,-2.63672718620951e-08,5.97989564144045e-07,1.5361497238024e-17,-1.23092929741734e-16,-4.95676268195503e-06,-1.89452636731011e-08,-1.1222661580858e-10,-1.62501802866033e-07,4.72828550129437e-08,1.96650722746327e-05,1.35248045908744e-08,1.83165701630963e-07,-3.33885495943772e-07,2.00685822127067e-15,7.78856077547806e-09,4.88363957728852e-10,1.36817240863013e-09,1.30332796610576e-07,3.57828650549428e-16,4.97021767287611e-17,4.39015717377592e-08,1.75134937726203e-16,5.25614899163311e-16,3.17350505878651e-07,-3.633466304139e-07,-7.43657168332144e-07,-4.29179762438187e-09,1.98140438402655e-05,1.36829845212301e-07,1.19118034962137e-08,-2.27026108969207e-16,3.29108752643427e-08,1.56899164008667e-09,7.24870154887946e-09,-2.7452714638375e-05,3.48976853340616e-06,-8.25767320024944e-17,-7.82347833965961e-18,2.9224467369956e-16,-2.99787144601321e-08,-1.65527481419882e-07,-8.73017249665468e-08,5.25358583685369e-17,-1.67332886065481e-05,5.85223072477653e-16,1.85182651575287e-16,2.35908322153431e-06,-5.19366785232275e-08,-1.07552855510562e-16,-1.35038870444197e-07,-0.000100222265900987,2.27095076570413e-15,2.31022237787527e-07,9.12549389641679e-17,6.81842904855988e-08,-8.51110830095054e-16,6.86936477249174e-08,5.99226768128013e-07,7.88271540394324e-06,2.08373119397752e-08,1.47214515636058e-07,-5.74953262603279e-07,2.82248497760218e-07,-1.115587410674e-15,1.90451525992863e-05,-1.81612609010863e-06,6.18272392345674e-16,-1.62807142688151e-07,-5.69889384174268e-07,1.12267263651272e-06,-1.09579589772237e-15,2.92305105082018e-06,0.275876435277863,-9.74381323955385e-15,7.01146568765516e-06,1.0279762419707e-06,3.20662908477736e-05,-2.61921942108572e-15,3.34256323307591e-15,-1.61714299053738e-07,-3.79949472517148e-08,-2.9256514608463e-09,1.38669338095524e-07,-8.06947429383039e-09,-2.56537791561958e-16,9.1798739362338e-16,-2.7118227780057e-08,-1.84979029594008e-10,2.05403642099634e-15,-5.64424989730527e-08,-1.78490569648611e-16,-2.81621362812075e-07,7.82408543949804e-09,4.50994146732935e-09,2.83365672432598e-08,3.84344179752313e-13,2.38012761638816e-17,-7.23067914807217e-16,4.39464041190451e-15,1.84214617136846e-06,3.0782492902492e-08,-8.39546441263746e-16,1.16717195220657e-16,8.65628157620504e-16,-5.72284971183322e-08,-2.96170104696779e-10,1.99483088696284e-08,1.84573760928674e-16,2.32081606536816e-15,3.60741167840239e-16,1.22607423285159e-08,-3.48665590076732e-09,6.82995651155848e-16,3.89593798105034e-10,-9.14316028250071e-07,-6.0894432829277e-17,-2.21717330796412e-16,-3.44998874642395e-09,-3.666379990696e-11,-2.22655233790923e-09,-9.22225190298241e-17,3.30560818213198e-09,5.41860725143207e-09,6.67474809051926e-09,-7.08794582136584e-09,-2.6162328119227e-08,2.37066761017355e-09,4.41418516789194e-16,6.08388282746939e-16,-1.13187051354738e-16,5.88122918827233e-08,-8.50015549481527e-08,-2.9860124307727e-09,-2.63824520752292e-09,-4.56561678162465e-17,1.58830004085368e-16,-6.91104118612337e-17,7.58962168056532e-17,4.6060789546575e-16,3.59716208366071e-07,-6.88037246043469e-18,6.72729157741585e-17,-2.3253380255457e-09,-3.78224887177878e-17,-2.08516170567394e-09,1.56951235798698e-16,-2.59260090073413e-09,-2.97476698914836e-16,-3.30893306615854e-09,-4.1896560047438e-10,-2.6903646074092e-07,-3.31590270024838e-17,1.39612773532361e-08,6.37671086233617e-16,2.06471960182316e-08,-9.86124050072285e-07,2.11055743293023e-10,-8.2658257659584e-17,3.13734132912415e-08,-1.02302746981037e-17,-7.92026753559853e-09,-4.47616163054153e-08,-1.82766944109957e-16,-1.65551970185517e-17,-1.98734411628822e-16,-4.68176489280541e-16,-1.53400489580885e-10,-2.00815125436533e-09,-4.51126895252005e-10,-1.82773764106517e-16,-2.89079955716252e-17,-6.58808699232643e-06,2.76583984981042e-07,1.96319730171775e-16,-8.25166417104231e-17,-2.18334210224772e-09,3.59842593728635e-17,-1.55718222748162e-08,-1.18457059449661e-16,1.49664350401083e-07,-1.02890785675401e-16,-3.22154504234673e-16,8.8217164303039e-17,4.20878772020483e-17,9.72451226863073e-17,2.95759555040272e-16,2.05572262312012e-08,-1.43828362854519e-07,-5.75798630061542e-17,-1.39589324264353e-08,5.33355400165478e-08,-2.78002086294388e-16,-5.47858186265586e-17,8.76837185863485e-17,-1.71792768185911e-16,5.35653410640847e-09,8.60218237025751e-10,5.17914078926146e-16,-4.74975553367836e-17,-9.81328082128793e-09,-3.50266878083035e-08,-7.10708265836959e-07,-2.40960592032119e-16,4.44604809392763e-17,-2.24415377310916e-16,-4.30836518370068e-17,-2.82522030692604e-16,-1.92966255143351e-17,2.13777439140065e-08,-2.02743754351186e-08,-3.90884223902712e-09,-3.10175447684552e-16,-8.89200980782265e-17,3.58226794324295e-16,1.5366824630327e-16,-3.07060957695583e-16,-9.41237461827748e-17,3.48110082948315e-16,-5.92744981932812e-17,-1.96198939936837e-16,-2.36126256122115e-16,-2.35850366018605e-16,1.50881584257684e-16,4.09298162980465e-16,-6.84461266563431e-17,1.54401409922717e-08,4.48451629915743e-14,2.55997693066584e-16,-1.25401952530628e-15,3.49259962321576e-07,-3.83243995720318e-10,5.50955110413134e-17,-5.67889364702376e-09,3.21659810107377e-07,1.95145716276913e-16,-4.96179675143757e-16,-5.68609879038354e-08,5.69346678455215e-16,8.04500774389318e-09,-3.72158273994516e-16,-2.3838399339124e-16,2.78746579427765e-17,3.27792155700539e-16,7.25928046885639e-10,-9.97703569531877e-08,-1.63703092535989e-17,-8.23872454252231e-17,-1.09486454837271e-16,-7.74560480183362e-16,-5.68718249577271e-16,-3.84839472223125e-17,-1.98571127436018e-16,1.10878105983228e-16,8.63450248992455e-09,-3.28840018354449e-16,-8.87377352238531e-17,-5.44684981839821e-17,-3.33097546579219e-16,-1.19709683404455e-16,-1.31569684132194e-16,-2.48595927644547e-08,4.24303564051957e-17,-3.61331303848961e-16,1.85609771580201e-08,4.92151650883243e-18,-2.51135653753979e-16,-1.84333392835305e-16,4.53076591318838e-16,5.50485901995114e-06,2.13422186511729e-16,-1.16388715663764e-08,1.8154976334222e-16,3.24844584172903e-16,5.69726926135856e-16,-2.04755180163913e-16,-4.11629256382104e-16,8.96238445349877e-17,4.22944969013654e-10,-4.22727519854911e-16,1.54320990864451e-17,1.65406927256456e-08,-5.30301910284528e-08,7.30176445035122e-17,3.72796475225823e-08,5.46604209931679e-09,-1.52329513822486e-16,-2.5599403529668e-16,1.62097994823565e-16,-5.11276913878823e-17,1.98445190772242e-16,-9.32516737816259e-09,6.96259700099164e-16,1.38944814955632e-15,-2.71349778035379e-16,3.74769503736832e-09,3.39421920948644e-16,3.91344522129185e-16,-3.59154750231429e-16,7.06844018089975e-16,-1.71600136358144e-09,9.03811146786593e-16,6.80185895309505e-07,-4.9939280543569e-16,-1.78031337467089e-16,-3.02407063668689e-17,-3.32440199247181e-16,-2.80281185310497e-16,-2.76065053254112e-16,-2.27305804567386e-16,-6.23944643401504e-08,-1.74625631416727e-16,-4.86782184223754e-16,4.1771156403954e-08,9.47801733462459e-16,-2.77701496525407e-17,-5.95224562962753e-16,-3.09964865709014e-16,3.34094848309592e-16,5.80298867932864e-16,-2.77682899475239e-08,8.53011759661414e-17,3.68621160084082e-16,9.09152535393256e-08,1.24049330979649e-15,-2.89783791521565e-16,-5.95453290671054e-16,-2.72531410095773e-16,1.57484038717395e-16,2.53205531119672e-16,-8.34515390102645e-17,1.50659109005958e-16,8.07542160248325e-16,1.04226090702461e-15,2.57018734198749e-16,-4.81305943160704e-08,1.00528260564677e-07,-2.10562122816999e-16,1.22461497974513e-15,-5.92757238908764e-16,-4.10511474281803e-16,8.34401991944844e-16,6.68285985984961e-16,1.48129102899381e-16,2.47835461585664e-16,-1.26967827021755e-09,1.1797574599324e-15,-1.52907518223467e-15,1.59160397474849e-15,6.47988498120045e-16,1.63337734100448e-09,-2.43412815189338e-15,-1.79581418316453e-09,-2.11869191651434e-15,-2.15644243942349e-15,-3.26793909716435e-15,-3.37762967747178e-15,6.0111054751794e-15,-8.36885792052371e-15,5.76951572512026e-15,-2.29241023055554e-14,3.89669182858673e-19,0.707106781186548,1.24900163872899e-14,5.13461019261535e-15,-1.66607009472713e-15,4.69939482797035e-15,1.28371925983145e-15,-6.22521049777727e-16,-3.29849295460596e-15,3.79730191380229e-16,1.22158707568144e-15,1.20412435197499e-15,-6.02382727032946e-16,-4.66578752594832e-16,-8.84240750502193e-16,-1.42125095544359e-15,5.29294490561478e-16,1.26144350514651e-10,-1.08195588152431e-15,2.29249953350517e-15,-1.21597006451315e-15,1.90012651884473e-16,-8.04745367746072e-16,-4.74095171208068e-17,-8.34839928610424e-16,1.23409842207697e-15,-1.20069640673337e-16,-5.07920659323845e-16,-1.68560911756321e-15,-3.18099360038074e-16,-1.25140471574647e-16,5.53866796774765e-16,5.24731419811656e-16,-4.30529540178356e-16,1.46839809545448e-16,-1.64243462613317e-09,2.50031591078896e-16,-2.85174692827975e-16,9.92031303471935e-17,1.99913694613327e-16,1.75924275134785e-16,1.35272490344619e-16,-6.75051016724152e-17,1.6996948657276e-16,-1.71528296779703e-16,3.51963748707535e-10,4.97357523527709e-16,-1.21856642501287e-16,1.69159095659089e-17,4.56183280253839e-16,7.22873746629869e-17,-1.02754874724515e-16,3.13802534607415e-17,1.6138404181303e-16,-1.92102520823371e-16,-3.57524613406664e-16,-1.09607091195286e-17,-4.20758336962918e-17,-6.31212577429338e-17,1.79500131230076e-09,1.34371895068495e-16,2.91037147996269e-17,-1.45794384127534e-16,-6.14525791364784e-16,-5.42912513314135e-09,4.99122450652082e-17,-2.23036049002076e-16,7.84051800350499e-17,4.66453551986481e-17,5.67006197272481e-17,-2.29607532042665e-18,3.01390131424116e-16,1.00762097635179e-18,-1.17159431110146e-16,-8.68651945823383e-17,1.2916686822359e-16,6.26543158646497e-17,-4.52651941473043e-17,-5.25495707519346e-17,1.1690302448035e-16,-6.00204305601732e-17,-8.68207200770402e-17
"t336",-0.044862379922173,-0.068533917882065,0.0241069023447219,0.0325804669148352,0.00256109190311831,-0.00110022276143564,0.00612998609456637,0.000110767299622818,4.32281328996659e-05,-0.000142383227092938,-3.55708377896105e-05,-0.00270486385024,0.00682544233362727,-0.00145241653632605,-0.00183330734730845,-0.00374808014271311,-0.000440557623649651,0.0290234296967358,3.58696934740993e-05,1.78645641872536e-05,-0.00027929719288541,-0.000213733134922951,0.00140254179645996,-0.0288377148870512,0.0881904080405884,0.00022183599918217,-0.000245970721817792,0.000218787721978082,-0.00342571789975056,4.62887725469338e-05,2.30911635369807e-06,-7.91236871077436e-06,0.00704104079048432,5.93571921195114e-05,7.67114969334123e-06,0.000156293711068254,0.303741963294087,3.92379352577163e-05,0.000224197902778199,3.76205937679236e-05,0.0011116091242892,-9.89799092116192e-05,0.00112138671808199,-6.65343895472058e-05,0.00226570297157734,-4.89155126081704e-05,0.0968230355840542,-0.000487026097223302,6.26296350772225e-05,-0.000116003862703564,0.00125539761017662,-6.23551806679692e-05,8.72416008671526e-08,-0.000191337390387705,9.6263563294064e-06,-0.000100047943538366,3.30986213098193e-06,-0.000215210245566486,7.2775451294633e-05,-7.40097660297905e-05,-6.26095993584446e-05,9.58675733442107e-06,-0.000310724969880421,0.0001651084604331,-1.17008143420606e-05,0.000451428429073486,-1.69425025439185e-06,6.05169972168461e-05,-0.000166703573661492,6.66188302728687e-05,-0.00225047989408836,0.000360179312496352,-2.25051135458363e-05,-0.223700343227068,0.157793851043531,-1.04966406727993e-06,0.00425899542318633,-2.98686505030561e-05,2.67986220353038e-05,1.65229735189469e-05,2.77119423443312e-07,1.78031393574395e-05,-1.39989799719876e-05,-0.000114824842936776,2.88979784838587e-05,0.0172535639854633,0.00140518756688396,1.83398910462611e-05,5.60763044418764e-06,-0.00125484006416991,2.04406285994504e-05,-1.20448756721261e-06,-1.01736510261275e-05,0.00150575378085651,8.27371259512707e-08,-3.18893087237577e-06,-0.000682088638816583,-1.10646264815212e-05,1.47767569464347e-05,2.22161801169917e-06,3.8441213637553e-07,-0.0029451590371934,5.69041415742384e-09,3.51817474063725e-07,-2.02188742675315e-07,0.00342817641532976,-5.59562267101631e-06,2.70815194829908e-06,-1.07458254041811e-06,2.85809211452771e-07,1.29315912246853e-06,3.45102363376812e-06,-5.88289518781679e-06,6.27174926582993e-06,-3.28315662358353e-08,1.33065913903368e-06,-2.0063441569176e-06,2.24257248013554e-06,-2.37575105774906e-06,6.02883616370016e-06,-2.29205706534926e-05,5.84143133318968e-06,-5.72831815725497e-06,-1.57586834043407e-05,5.15528350645845e-06,-5.09561531952017e-05,5.18930019707386e-06,-1.69292256163771e-06,3.76749622273141e-06,0.000125324747073449,-0.000995753544155573,1.86650778373318e-05,-0.00442634622537386,6.05369121349562e-07,6.51824163887096e-07,3.11491506593588e-06,-2.16167918619784e-08,-1.512227456284e-05,4.90480557686422e-06,-1.41245742470326e-05,-9.09056042175835e-07,-3.53254042980017e-05,6.94504254893517e-06,4.44287481996436e-07,1.4017023474212e-06,-8.96888448563296e-08,-4.29961160313376e-06,6.79543592175618e-07,4.48945542322064e-08,-1.13756340772628e-07,-1.77182736213579e-05,-5.34358188192381e-07,-1.15409201995444e-05,4.36065656651998e-06,-1.43356200015811e-06,-1.28149802600927e-07,1.96109400368006e-06,-0.0140698006644981,2.71007089732135e-07,2.04833534741635e-08,-0.00973181649906292,-9.37577242889891e-06,8.08551248094126e-07,0.000145352881948441,-5.0686515250558e-06,1.55582137746353e-05,1.22310239591589e-07,2.62753053307989e-09,1.37370813901786e-07,3.10581366363595e-07,-8.24446550199352e-06,-8.50605987173711e-07,1.54808418362287e-07,6.02755520091158e-08,1.91385489899142e-06,2.74987130901252e-08,1.7663325202657e-07,-9.14381026037822e-07,-6.48934311653744e-07,-2.07957729125129e-05,1.3385288884681e-05,4.3816280176798e-05,-6.13369963980922e-07,-1.23879339351613e-05,-7.92006091189853e-08,-7.5491338729144e-05,-2.9673302811158e-06,7.45696506087661e-07,3.3577926817684e-06,-2.99894998164021e-05,-9.20959819063172e-08,1.74307625235559e-07,6.98282423728018e-07,3.52696765988776e-06,1.21433185759676e-07,-1.7426571253285e-07,-3.22151908913689e-07,-1.64313693946735e-06,1.93267733253707e-07,8.36596497625246e-08,8.3515348607251e-08,1.39753264002923e-05,-2.2939190545031e-09,-0.000862264491482069,1.60615192621372e-06,-1.74490878274079e-05,3.66558710070569e-07,1.38463049388134e-05,-2.83151067122568e-06,-3.34117360455434e-05,-1.28679338421795e-05,4.55337039782319e-05,-0.00025237276654567,-7.46874791991203e-07,-4.77143737742306e-07,-6.36890791315225e-07,9.90854067146456e-07,8.62160940386172e-08,-1.58234144033997e-07,-7.84257315571846e-07,-4.26815644093902e-06,3.42637107136288e-05,1.3191446968718e-06,4.2560001820986e-06,-1.07587577167243e-06,-5.49431427826716e-07,-5.79498749012217e-06,-3.97386518211574e-07,-6.20011411386793e-07,-4.900639582871e-07,1.03875804707305e-05,3.41925252234649e-06,1.63756435590454e-07,2.73634622190123e-07,-1.43128909719192e-08,-2.33163900481946e-07,-1.20181505397902e-06,1.66283491917044e-16,-1.78974464684395e-07,1.34265015340591e-05,-3.75489277442288e-07,-6.72019640100612e-06,-1.07194277433623e-06,1.28094898217953e-06,-2.05598757226855e-07,7.45032846659559e-06,-1.69719420619979e-08,1.11142049524047e-09,-2.83682888111932e-06,2.56165749047452e-06,-8.02020164614346e-08,1.09644340256304e-05,-5.06958937362512e-07,1.87154224189465e-07,-1.21015358436698e-08,0.000139889794130651,-0.000124929198565131,8.1163780705073e-06,2.5945082609089e-07,-5.00433004449011e-08,1.09713165756733e-06,-2.13276121750438e-07,2.35461558473438e-05,-1.90860374565477e-05,1.20964461757346e-07,-4.13856814472934e-08,1.04298006861842e-05,2.18969268003829e-05,-0.00171313781390929,1.57271509957975e-08,9.2621968797906e-09,-2.79737071082861e-08,3.97719744443344e-06,-3.41420230946798e-06,7.68767152246657e-07,-1.6645625045471e-05,8.0418843849614e-06,-0.000154386365750371,1.33201154957765e-06,-7.7914976307256e-07,2.63654420468799e-07,1.72439762660881e-17,-6.47641211425796e-07,-2.21825945171986e-08,-5.2333117954967e-08,-0.000100051102854925,3.1005863176185e-08,-1.92024128449065e-08,-4.48652554070481e-07,5.02133696013869e-08,-3.99690617761834e-07,1.04669212677466e-06,3.81775183797364e-08,-3.37834419460904e-08,4.37016520552863e-07,-5.30342103765541e-07,4.41097728765651e-05,-2.43703053928539e-07,2.79034607497414e-06,1.39615878286559e-08,1.20363538454292e-07,5.64509905395401e-07,-4.55694083500135e-06,2.47243943222273e-05,-4.06819734286636e-07,5.4218115846296e-07,-1.96150187402132e-06,1.20595121437803e-07,1.08745107448639e-07,8.26407434997386e-07,-2.2167959900581e-06,-1.10515204565862e-07,1.42677708593259e-06,-5.79138133830316e-07,1.42611903642452e-08,1.31847477495673e-07,-2.52605194810715e-07,-1.19564584630478e-17,7.30994242450374e-10,0.000158835209917229,-2.51593650283603e-07,1.85421958914544e-07,2.65032104511122e-07,4.86082552652597e-08,1.12907704082631e-07,-1.6481634920983e-06,6.06719495513265e-07,-3.51370015497472e-18,-4.52051772192511e-07,-5.49771717202408e-09,-1.60781993136049e-08,0.000112159120999695,1.10415734728279e-07,-7.35277663743584e-09,-2.75459433084386e-07,7.23422925662015e-08,-3.6938931073099e-06,4.23384797914989e-07,-8.40688500362947e-08,-1.50039925023205e-07,-7.86889998139099e-09,-7.66640542287098e-09,-1.46124593757135e-07,3.23778238411087e-05,-1.53220250310469e-07,8.21666282218958e-16,-2.9225810107723e-06,2.25734816829853e-07,1.03880204990669e-08,5.43020388501604e-08,-2.52736082672051e-07,-4.78985308630657e-07,2.80815838988629e-06,-2.17021097904593e-05,-3.71022723679156e-08,-1.77086041214969e-16,-6.79528687058792e-08,-4.28965138461943e-05,-8.00654663108952e-08,4.27264768247323e-17,1.42422184254071e-07,1.41164814004992e-06,-2.13571830964466e-07,-1.11669418083872e-07,-3.61336844314693e-08,-1.8885332318521e-08,-6.62652087438596e-07,1.74194975617766e-08,1.83778947897702e-07,1.11654050658085e-05,3.31018893601962e-08,3.3232144052627e-07,1.86084370361399e-17,-1.07678337183236e-07,4.84934846240964e-08,2.83962664658372e-07,-2.38958038630851e-08,-2.77290562387422e-16,-1.25876849252217e-08,-9.20111065247017e-10,3.25253367920419e-09,4.16242710409705e-09,1.45107744403026e-08,-1.64555165563628e-07,5.07238689512994e-07,-1.53649141275878e-07,1.22415066545063e-15,-9.3373533117552e-07,1.29826173387313e-06,-6.26725266767443e-06,-1.47295914223155e-06,1.51038118163813e-07,1.0479480820928e-09,-4.14945855453652e-15,8.3042134204636e-16,1.2226749957608e-09,1.28439992893609e-06,-1.72903850657393e-07,2.91631440896389e-07,-1.4605460128352e-15,1.97811235583111e-07,2.78062097432138e-09,2.8598116244504e-15,1.57654785831376e-15,1.84441017457599e-15,-1.15707477570677e-06,-3.8106122498677e-06,8.80481674584821e-06,-9.59949978359183e-06,-5.28348110620937e-06,-0.000109923487874681,0.526007698634699,-4.81027987744341e-15,-1.70589012082197e-05,9.68800855552959e-06,8.08923712347313e-16,3.70111611547787e-15,-0.000175826595498772,-2.35798060772372e-10,-1.62277005794688e-06,1.1922024942361e-06,1.35768897261053e-06,-7.19345372210857e-08,1.6850136045869e-16,-2.37134717630821e-07,1.85296581540612e-15,-7.65903336761019e-07,-4.95675549216923e-15,-1.34264022011021e-06,5.87168452797768e-17,1.00564553186485e-06,1.37972388045795e-06,7.4885174513883e-08,9.6653853601316e-07,5.26426943188684e-06,-3.67757334600986e-07,3.623731577107e-06,1.07722216646312e-07,5.23799150406409e-07,4.75959255168929e-08,7.28491305980847e-07,-0.000399992167319593,-4.76114081196025e-07,-3.82715924324164e-08,-9.12665824087141e-07,2.15915306483367e-16,0.000427236333196614,-0.000296364270546831,1.29150742471252e-07,1.63024499137249e-13,1.7084475246155e-08,4.84991542436053e-07,2.07185236423755e-06,-8.3294554179867e-16,-0.00358758522596407,-1.77770534404393e-07,-4.09440820905704e-16,-2.40592020293859e-07,3.73510735914583e-06,-3.41280857351044e-16,5.14570419658065e-16,-2.77089768032951e-05,-1.04930944940482e-07,-5.9601377318483e-10,-8.2366520886962e-07,2.17601294585757e-07,8.97954246795418e-05,6.10852479164828e-08,7.40704594136257e-07,-1.24594902247975e-06,1.20639175732462e-15,2.8248167899564e-08,1.76275493382564e-09,4.85694588191696e-09,4.53695031609035e-07,-2.17430391318463e-16,-7.23400597842695e-17,1.48877700310002e-07,1.67389316752342e-16,-4.50437600612311e-16,9.26842417367165e-07,-1.03634807377561e-06,-2.12003872386114e-06,-1.16381873065655e-08,5.33762884267342e-05,3.68081463366739e-07,3.17544227431626e-08,1.22666188029683e-16,7.9957121161318e-08,3.73969248940895e-09,1.71693413804098e-08,-6.30435482592194e-05,7.58108042917094e-06,2.50103812592976e-16,3.50434658222801e-16,1.84638970245145e-15,-6.01870480833344e-08,-3.211988341346e-07,-1.68966052579683e-07,-2.10286773740937e-16,-3.1333520073439e-05,4.93913026918185e-16,1.4222016098879e-17,3.79917775022859e-06,-8.34755250358987e-08,-4.35632432904676e-16,-2.08645679014836e-07,-0.000151234838660708,-1.14635657575271e-15,3.31557760358776e-07,2.30204757175736e-16,9.17552268844082e-08,-8.46279811678221e-16,9.18844541108707e-08,7.97759797387565e-07,1.04383547881615e-05,2.73862615023361e-08,1.90185671506768e-07,-6.93704080512549e-07,3.05663958228941e-07,-2.02564348483942e-16,1.74913830146237e-05,-1.63440299658497e-06,1.21153468961785e-16,-1.42458767770882e-07,-4.72211154128362e-07,8.81910939266317e-07,-8.58975322293427e-16,1.83695535458434e-06,0.16418158698109,-6.07512938372491e-15,3.85311684908434e-06,5.41211543109121e-07,1.40178886039534e-05,-1.40206247456668e-15,2.99112593509272e-15,-3.19808267088657e-08,-3.06181927944525e-09,-1.61504788749538e-10,-8.89004136117122e-08,6.41328500144528e-09,1.2110621222127e-16,5.06255295267721e-16,2.46886629766932e-08,1.71232054286742e-10,1.94229308921756e-15,6.45656543197538e-08,-4.60604134555662e-16,3.90151189014485e-07,-1.3923333435394e-08,-8.16710403305109e-09,-5.49496775863624e-08,-8.16804647305736e-13,-4.88694274403275e-16,-1.44102786722432e-15,-1.42043367022857e-14,-6.68962099203522e-06,-1.18094774552081e-07,2.68007046020875e-16,-1.2406730086614e-16,-1.21164771960932e-16,2.70199677208776e-07,1.53833378292391e-09,-1.37609930980863e-07,-1.99646869667293e-16,-1.74502339661542e-16,7.73578250068407e-17,-5.6458362149787e-07,1.90966447583438e-07,5.43273647653107e-16,2.13810243947841e-08,-2.88691615345508e-05,5.52330268652223e-16,-3.99605796950905e-16,-5.6616937401446e-08,-5.80620582368141e-10,-2.82569491125903e-08,-5.82174922834334e-16,3.21012899082746e-08,4.69728646953652e-08,5.0710374296965e-08,-4.65728934512022e-08,-1.66199014010612e-07,1.42044447309544e-08,1.5679881816191e-15,-1.95691300724527e-15,-1.56541362741076e-15,2.74262596032422e-07,-3.95184507456708e-07,-1.35440583802678e-08,-1.07352498130294e-08,6.97200382888851e-16,2.12985906371578e-15,4.70698812310259e-15,1.557979043223e-15,1.30497061327215e-15,1.33528159668788e-06,2.01036268642412e-15,1.43815765296041e-15,-8.36505029829723e-09,4.96883735798193e-15,-7.48896821385334e-09,9.95466282016001e-16,-9.28634298714533e-09,-3.12807107919936e-16,-1.12842094756063e-08,-1.41328055790415e-09,-8.93024566209118e-07,3.11150906664778e-15,4.54694902843321e-08,-0.707106781186546,6.46859935897462e-08,-2.95226975331942e-06,6.30685107249112e-10,-2.89746855636002e-15,9.21822298465564e-08,-2.48314065185417e-15,-2.2690907309506e-08,-1.2808491391404e-07,-5.83989672655202e-16,2.63619505635103e-15,1.74221897208734e-15,6.90199961278153e-16,-4.30445818316319e-10,-5.60679385796304e-09,-1.25235983966748e-09,-3.02039428288019e-16,2.05836162782334e-16,-1.78155451935564e-05,7.47101157801914e-07,-3.35615137318329e-17,-1.20487535264072e-15,-5.72264511436199e-09,2.92210538671801e-16,-4.05660177357992e-08,1.16729931069662e-17,3.83277634261157e-07,8.73208714035261e-16,-5.89973206874846e-16,3.7311635475629e-16,7.70565090772377e-16,3.4096496493557e-16,-5.30606095674831e-16,5.09723250870463e-08,-3.56483599291205e-07,2.78382406525619e-16,-3.42340277277425e-08,1.30240363476534e-07,3.77300055315557e-16,3.91237439627542e-16,1.07969583577678e-16,-1.06912455918522e-15,1.28467699888358e-08,2.05472857604359e-09,3.65749503451147e-16,2.98461839733994e-16,-2.33356461433765e-08,-8.32442206308652e-08,-1.68579085225452e-06,6.920941224152e-16,-1.02234365428639e-15,-1.20239208762212e-15,-1.71764001326981e-16,4.82132005006728e-18,1.40593723657322e-16,4.9209224723558e-08,-4.65449934743457e-08,-8.95018252081146e-09,2.69101433663033e-16,4.79181020895626e-16,-6.91469482448073e-16,-3.91531583332551e-16,-2.16960935811278e-16,1.01982690810051e-16,-4.51378512035051e-16,-2.19519284864215e-16,3.10278602681809e-16,6.29370522343698e-16,-5.30559066880308e-16,7.55413155152401e-16,-2.8646713885166e-16,5.40921783676534e-16,3.3922603920961e-08,9.80663133428721e-14,4.61716592236521e-16,-2.80384790508351e-15,7.63435808863106e-07,-8.36745225498194e-10,3.49841128632715e-17,-1.23899283358641e-08,6.97502553083672e-07,2.1013997086349e-16,1.64161074328649e-16,-1.22384609991047e-07,-1.73794097160533e-16,1.71624365359318e-08,-5.6673845113757e-16,-3.36889683968089e-16,2.40536567886833e-16,-2.99717036886849e-16,1.52785327653507e-09,-2.09797848096783e-07,-1.80286374753617e-16,1.08850622831798e-16,-1.6317615730375e-16,-6.3747916572336e-16,2.54624880208221e-16,-6.18609700430956e-17,3.15306672607136e-16,1.13767012672446e-16,1.73930648912261e-08,-4.46539713067232e-17,-2.58003685550486e-17,-8.14865473899116e-18,1.51132247451619e-16,1.94869356539997e-16,-2.99087660279846e-16,-4.96518751511902e-08,-8.00689672697884e-17,-3.12202510123775e-16,3.70145792238966e-08,3.59391130216136e-16,2.11966544466836e-16,2.92623101135571e-16,-6.12495778742004e-16,1.07870388847678e-05,1.52433353012997e-16,-2.27377897107938e-08,2.17341284091536e-16,1.37321454363776e-17,-2.62422886126271e-16,1.41949592949138e-16,-9.480985272399e-17,-2.65857520384779e-16,8.21242159343955e-10,2.76457017659228e-16,1.80176070145668e-16,3.19700749563724e-08,-1.02473872423894e-07,-6.68759048298934e-17,7.17574265922057e-08,1.05085035821419e-08,1.28391030348045e-16,2.35437466205795e-16,-1.27195486364167e-16,8.44566636925941e-17,-1.56542859089184e-16,-1.76184537163117e-08,-1.09622441495345e-16,-3.65476102867268e-16,-2.21186231358574e-16,7.05016142663139e-09,2.29978276777997e-16,-3.13511986513435e-17,8.91039937922411e-17,-1.46441622303546e-16,-3.21005418511247e-09,1.33841512354761e-16,1.27021784356212e-06,-1.24080856506956e-16,-4.64883401578137e-16,-3.95956207854709e-17,1.5111259526216e-16,1.11275556933551e-16,2.28832394935552e-16,-3.8338931653286e-17,-1.1548587102752e-07,-9.14604582408004e-17,-2.19024712708245e-17,7.71467745894963e-08,1.21191812534283e-16,2.47541532868656e-17,7.70929228720718e-17,6.40088144969973e-17,1.1039081826318e-17,1.93542812080922e-16,-5.09421805262271e-08,-2.69187757044258e-17,-3.35191896300442e-17,1.66296004995256e-07,2.18468588459099e-16,1.59025155041788e-16,4.10975946963131e-16,-2.72991374954942e-16,-9.14583440886371e-17,-7.81649483497464e-17,4.00600171930088e-16,-2.00248436186845e-16,-1.23706323356141e-16,1.34912668834365e-16,-3.12098456477599e-17,-8.71041941391566e-08,1.81702757466987e-07,8.3183474582457e-17,2.0534741941037e-17,1.18172657948961e-17,-1.06011562084133e-16,-1.82579645846559e-16,3.10885303681322e-16,1.5282454168129e-16,-1.09479767261864e-16,-2.28014759100638e-09,-2.1960879488631e-16,1.14809771917415e-17,6.16815445088875e-17,1.2567450423466e-16,2.9175745376697e-09,-2.56177542655512e-16,-3.18872485260006e-09,-7.60930054099189e-17,2.98440734585441e-17,-3.4829611668012e-17,-1.70351461120483e-16,2.18934111659184e-16,2.3390664329574e-17,1.64983883455877e-16,1.03241495607253e-16,-1.50842720373191e-16,3.64384879827148e-16,1.36809065288903e-16,1.0600944887857e-16,-5.14172425555738e-17,7.30735028803938e-18,-6.16029014667022e-18,1.51780421726796e-16,3.26087722839575e-17,-2.62126408307478e-16,1.30915010967883e-16,5.88417001684779e-17,1.47885176327023e-16,-6.13112561813022e-17,-4.39676100104609e-18,2.49276231747895e-16,1.52719614738694e-17,2.19367031155914e-10,-1.99653138404643e-16,-9.52705746145585e-17,9.18445418212839e-18,5.42914610879188e-17,4.12897069192136e-17,1.19237633396023e-16,-1.82717628115095e-16,2.50209230981915e-17,6.5511232543758e-17,-2.9014386823986e-16,-1.4658413372004e-16,1.46819969856301e-16,-6.42614820012725e-18,-7.62893292629473e-18,-7.4516549659162e-17,8.76187064530526e-17,-1.11090096203745e-16,-2.81872064840802e-09,1.07875954940432e-17,-7.3976373765319e-17,3.14936935443353e-17,-4.55573709482563e-17,1.38310832307894e-16,-3.82767147266567e-17,1.09787400714614e-16,-1.64918917290054e-16,2.68388968307369e-17,5.96252549978297e-10,1.68150982226561e-16,3.30857286513342e-17,-9.72913810459865e-18,-9.19118578014461e-17,-1.37437686922278e-16,2.95306706467394e-16,-7.83763358285997e-17,1.30021793734999e-16,5.69980943838783e-18,-1.07504005142436e-16,3.55134539103742e-17,7.88274200737776e-17,9.27731802075548e-17,3.00340511276434e-09,5.97241834102691e-17,-7.33406109630687e-17,2.68652765505268e-17,-2.10552061896685e-16,-9.03355004242251e-09,-1.50838130035385e-16,-1.09233332628283e-17,-6.90571199991695e-18,1.144456260034e-16,-6.8251842089834e-17,-5.39403660557886e-17,3.0843946761444e-16,8.68581034737712e-17,5.66858271094749e-17,4.00380679276065e-17,-1.01677438224014e-18,1.90606356975375e-17,1.54024253163307e-17,-9.06111507776922e-17,2.17143762436187e-17,1.20197440494415e-16,-2.7108765934708e-16
"t337",-0.044862379922173,-0.068533917882065,0.0241069023447219,0.0325804669148352,0.00256109190311831,-0.00110022276143564,0.00612998609456637,0.000110767299622808,4.32281328996681e-05,-0.000142383227092938,-3.55708377896113e-05,-0.00270486385024,0.00682544233362728,-0.00145241653632606,-0.00183330734730846,-0.00374808014271311,-0.000440557623649653,0.0290234296967358,3.58696934740913e-05,1.78645641872501e-05,-0.000279297192885412,-0.000213733134922964,0.00140254179645995,-0.0288377148870512,0.0881904080405884,0.000221835999182168,-0.000245970721817781,0.000218787721978092,-0.00342571789975056,4.62887725469251e-05,2.30911635369461e-06,-7.9123687107593e-06,0.00704104079048432,5.9357192119552e-05,7.67114969331392e-06,0.000156293711068251,0.303741963294087,3.92379352577149e-05,0.000224197902778186,3.76205937679081e-05,0.00111160912428923,-9.89799092116319e-05,0.001121386718082,-6.6534389547215e-05,0.00226570297157734,-4.89155126081501e-05,0.0968230355840543,-0.000487026097223287,6.26296350772522e-05,-0.000116003862703542,0.00125539761017664,-6.23551806679498e-05,8.72416008602151e-08,-0.000191337390387723,9.62635632942775e-06,-0.000100047943538331,3.30986213101016e-06,-0.000215210245566499,7.27754512946584e-05,-7.40097660297736e-05,-6.26095993584918e-05,9.58675733444402e-06,-0.000310724969880414,0.000165108460433157,-1.17008143420618e-05,0.000451428429073478,-1.69425025435439e-06,6.05169972168835e-05,-0.000166703573661505,6.66188302728685e-05,-0.00225047989408837,0.000360179312496299,-2.25051135458468e-05,-0.223700343227068,0.157793851043531,-1.04966406729641e-06,0.00425899542318631,-2.98686505029981e-05,2.67986220353543e-05,1.6522973518965e-05,2.77119423437636e-07,1.78031393574189e-05,-1.39989799719989e-05,-0.0001148248429368,2.88979784838506e-05,0.0172535639854634,0.00140518756688404,1.83398910462832e-05,5.60763044416913e-06,-0.00125484006416991,2.04406285994468e-05,-1.20448756732536e-06,-1.0173651026146e-05,0.00150575378085652,8.27371259742911e-08,-3.18893087242258e-06,-0.000682088638816619,-1.10646264815697e-05,1.47767569464716e-05,2.22161801169538e-06,3.84412136371211e-07,-0.00294515903719337,5.69041411537622e-09,3.51817474064382e-07,-2.0218874272697e-07,0.00342817641532983,-5.59562267099811e-06,2.70815194831036e-06,-1.07458254041842e-06,2.85809211448542e-07,1.29315912247817e-06,3.45102363375579e-06,-5.88289518779723e-06,6.27174926585657e-06,-3.28315661982509e-08,1.33065913899757e-06,-2.00634415696481e-06,2.2425724801381e-06,-2.375751057778e-06,6.02883616368012e-06,-2.29205706534868e-05,5.84143133321629e-06,-5.72831815725012e-06,-1.57586834043037e-05,5.15528350646048e-06,-5.095615319521e-05,5.18930019703569e-06,-1.69292256160503e-06,3.76749622276021e-06,0.000125324747073504,-0.000995753544155628,1.86650778372794e-05,-0.00442634622537391,6.05369121338721e-07,6.51824163800383e-07,3.11491506593063e-06,-2.16167918703147e-08,-1.51222745628326e-05,4.90480557683833e-06,-1.41245742470324e-05,-9.09056042115303e-07,-3.53254042979977e-05,6.94504254901498e-06,4.44287481943744e-07,1.40170234741143e-06,-8.96888448990954e-08,-4.29961160310428e-06,6.79543592190671e-07,4.4894554235008e-08,-1.13756340842566e-07,-1.77182736213298e-05,-5.34358188090396e-07,-1.15409201994627e-05,4.36065656649947e-06,-1.43356200013103e-06,-1.28149802576048e-07,1.96109400365783e-06,-0.0140698006644982,2.71007089722326e-07,2.04833535009161e-08,-0.00973181649906301,-9.37577242889713e-06,8.08551248079397e-07,0.000145352881948439,-5.06865152512354e-06,1.55582137746156e-05,1.22310239561139e-07,2.62753053180532e-09,1.37370813881676e-07,3.10581366393978e-07,-8.24446550203781e-06,-8.50605987175891e-07,1.54808418319084e-07,6.02755520241936e-08,1.91385489893409e-06,2.74987131014514e-08,1.76633252050057e-07,-9.14381026067217e-07,-6.48934311652762e-07,-2.07957729125664e-05,1.33852888847042e-05,4.38162801768452e-05,-6.13369963969982e-07,-1.23879339351224e-05,-7.92006090925924e-08,-7.54913387291737e-05,-2.96733028114117e-06,7.45696506101e-07,3.35779268181665e-06,-2.99894998163989e-05,-9.2095981919885e-08,1.74307625253042e-07,6.98282423613548e-07,3.52696765986564e-06,1.21433185751322e-07,-1.74265712466e-07,-3.22151908954199e-07,-1.64313693947632e-06,1.93267733254158e-07,8.36596497159125e-08,8.3515348550786e-08,1.39753264002539e-05,-2.29391901878171e-09,-0.000862264491482008,1.60615192612384e-06,-1.74490878274293e-05,3.66558710171931e-07,1.38463049389401e-05,-2.83151067115686e-06,-3.34117360454847e-05,-1.28679338422158e-05,4.5533703978234e-05,-0.000252372766545692,-7.46874791979018e-07,-4.77143737658008e-07,-6.36890791313091e-07,9.90854067223704e-07,8.62160939538537e-08,-1.58234143980928e-07,-7.84257315618446e-07,-4.26815644095394e-06,3.42637107136208e-05,1.31914469677495e-06,4.25600018203601e-06,-1.07587577174387e-06,-5.49431427862752e-07,-5.79498749012623e-06,-3.973865181678e-07,-6.20011411380972e-07,-4.90063958375781e-07,1.03875804707443e-05,3.41925252227913e-06,1.6375643562431e-07,2.73634622210568e-07,-1.43128910125439e-08,-2.33163900595424e-07,-1.20181505402852e-06,2.18505337758532e-16,-1.78974464678973e-07,1.34265015341137e-05,-3.75489277484998e-07,-6.72019640096769e-06,-1.07194277435118e-06,1.28094898208068e-06,-2.05598757215846e-07,7.45032846643084e-06,-1.6971942250358e-08,1.11142062587935e-09,-2.83682888110737e-06,2.56165749036356e-06,-8.02020165362736e-08,1.09644340256025e-05,-5.06958937385715e-07,1.87154224249822e-07,-1.21015359513311e-08,0.000139889794130589,-0.000124929198565104,8.11637807058297e-06,2.59450826132217e-07,-5.00433004631043e-08,1.09713165752025e-06,-2.13276121747103e-07,2.35461558473051e-05,-1.90860374565954e-05,1.20964461727024e-07,-4.1385681540606e-08,1.0429800686224e-05,2.18969268004106e-05,-0.00171313781390931,1.57271508904107e-08,9.26219691457179e-09,-2.79737069927352e-08,3.97719744440452e-06,-3.41420230951786e-06,7.68767152168192e-07,-1.66456250454636e-05,8.04188438515999e-06,-0.000154386365750397,1.33201154959912e-06,-7.79149763003307e-07,2.63654420479943e-07,6.98412245125369e-17,-6.47641211340171e-07,-2.21825945226594e-08,-5.23331179541673e-08,-0.000100051102854855,3.10058632252744e-08,-1.92024129858155e-08,-4.48652554280731e-07,5.02133695119956e-08,-3.99690617479742e-07,1.04669212679606e-06,3.81775181676974e-08,-3.37834418806182e-08,4.37016520410205e-07,-5.30342103787522e-07,4.41097728765674e-05,-2.43703053709047e-07,2.79034607474776e-06,1.39615877850319e-08,1.20363538486617e-07,5.645099052699e-07,-4.55694083494398e-06,2.47243943222704e-05,-4.06819734384229e-07,5.42181158503809e-07,-1.96150187419257e-06,1.20595121499983e-07,1.08745107606272e-07,8.26407434783724e-07,-2.2167959900056e-06,-1.10515204700806e-07,1.42677708593687e-06,-5.79138133925312e-07,1.42611902260573e-08,1.31847477422718e-07,-2.52605194740426e-07,-7.46476191792143e-18,7.30994306047995e-10,0.000158835209917284,-2.515936505089e-07,1.85421959045449e-07,2.65032104460372e-07,4.86082552463758e-08,1.12907704042858e-07,-1.64816349194103e-06,6.06719495601052e-07,5.45996799274484e-17,-4.52051772411384e-07,-5.49771714148702e-09,-1.60781992724283e-08,0.000112159120999563,1.10415734752056e-07,-7.35277665519274e-09,-2.75459433080279e-07,7.23422925193054e-08,-3.69389310741027e-06,4.2338479799589e-07,-8.40688501324295e-08,-1.50039924848099e-07,-7.8688999220697e-09,-7.66640539636224e-09,-1.46124593761511e-07,3.23778238411693e-05,-1.53220250363096e-07,7.1053599434943e-16,-2.92258101041769e-06,2.25734816430975e-07,1.03880204956894e-08,5.43020390882672e-08,-2.52736082789233e-07,-4.78985308654433e-07,2.80815838988516e-06,-2.17021097904386e-05,-3.71022724316573e-08,-1.78603979317711e-16,-6.7952868634904e-08,-4.28965138460907e-05,-8.00654663327133e-08,-5.30185645628474e-18,1.4242218426949e-07,1.41164814021541e-06,-2.1357183077437e-07,-1.11669417983738e-07,-3.61336845801557e-08,-1.88853323344041e-08,-6.62652087496623e-07,1.74194974779505e-08,1.83778947779675e-07,1.11654050658941e-05,3.31018893142373e-08,3.32321440395199e-07,4.0362278101534e-17,-1.07678337087111e-07,4.84934846211531e-08,2.83962664496668e-07,-2.38958039413596e-08,-2.8063732381628e-16,-1.25876846926767e-08,-9.201110565734e-10,3.25253372297911e-09,4.1624270596142e-09,1.4510774587233e-08,-1.64555165790045e-07,5.07238689428425e-07,-1.53649141082034e-07,1.02641200011051e-15,-9.33735331318529e-07,1.29826173384418e-06,-6.26725266751107e-06,-1.47295914220551e-06,1.51038118139921e-07,1.04794821470035e-09,-4.0314973581701e-15,9.53398422637117e-16,1.22267487285996e-09,1.28439992898328e-06,-1.72903850808004e-07,2.91631440907735e-07,-1.29504369992856e-15,1.97811235535016e-07,2.78062098815471e-09,2.81381430246203e-15,1.61818824470401e-15,1.72888042578239e-15,-1.15707477582203e-06,-3.81061224976817e-06,8.80481674584137e-06,-9.59949978339975e-06,-5.28348110595794e-06,-0.000109923487874716,0.526007698634699,-4.8692886660969e-15,-1.70589012083201e-05,9.68800855606256e-06,1.02858246730994e-15,3.89477459089188e-15,-0.000175826595498934,-2.35798410842862e-10,-1.62277005822956e-06,1.19220249398273e-06,1.3576889722979e-06,-7.19345371041653e-08,2.18103609849873e-16,-2.37134717501695e-07,2.33538164541482e-15,-7.65903336222126e-07,-4.70511216793534e-15,-1.34264021979877e-06,1.3026268880612e-16,1.00564553201348e-06,1.37972388038213e-06,7.48851743845209e-08,9.66538535963052e-07,5.2642694318524e-06,-3.67757334843051e-07,3.62373157706318e-06,1.077222164908e-07,5.23799150483523e-07,4.75959254485184e-08,7.28491306358077e-07,-0.000399992167319416,-4.76114081471338e-07,-3.82715921183788e-08,-9.12665824423301e-07,6.14449987040429e-17,0.00042723633319651,-0.000296364270546933,1.29150742639431e-07,1.63108782872849e-13,1.70844751735065e-08,4.84991542600398e-07,2.07185236419074e-06,-7.72024284903773e-16,-0.00358758522596428,-1.77770534233856e-07,-1.08255935001565e-16,-2.40592020343412e-07,3.73510735847376e-06,-3.4638491203238e-16,2.64770889420929e-16,-2.77089768035657e-05,-1.04930944664049e-07,-5.96014170865392e-10,-8.23665208954842e-07,2.17601294369741e-07,8.97954246794705e-05,6.10852480787675e-08,7.40704594146248e-07,-1.24594902266036e-06,1.03335309059593e-15,2.82481678458398e-08,1.7627554726703e-09,4.85694565975224e-09,4.53695031715638e-07,-2.59483775264034e-16,-2.56675598469641e-16,1.48877700564316e-07,-1.59967483598605e-16,-4.2243766083458e-16,9.2684241738816e-07,-1.03634807355253e-06,-2.12003872391483e-06,-1.16381874399032e-08,5.33762884267594e-05,3.68081463542527e-07,3.17544224782705e-08,2.56906151664248e-17,7.99571212801321e-08,3.73969269958953e-09,1.71693410297355e-08,-6.3043548259232e-05,7.58108042972668e-06,2.13350520796399e-16,-6.7823118084288e-17,1.77922339123655e-15,-6.01870479902576e-08,-3.2119883408509e-07,-1.68966052540008e-07,-2.51921310146387e-16,-3.13335200735963e-05,1.07379855887205e-15,1.78498902880561e-16,3.79917775039071e-06,-8.34755247142572e-08,3.05961853075409e-16,-2.08645678358019e-07,-0.000151234838660494,-8.46672930882371e-16,3.31557760258277e-07,-6.00766690099034e-16,9.17552267219177e-08,-6.60878801261688e-16,9.18844541459348e-08,7.97759797335579e-07,1.04383547887127e-05,2.73862612709279e-08,1.90185671825279e-07,-6.93704080601996e-07,3.05663958231236e-07,-1.29531287772237e-15,1.74913830148854e-05,-1.63440299636165e-06,-8.66649771651966e-18,-1.42458767874346e-07,-4.72211154143996e-07,8.81910940080928e-07,1.42407529257626e-17,1.83695535458959e-06,0.164181586981088,-6.03678097975607e-15,3.85311684925945e-06,5.41211542276087e-07,1.4017888604183e-05,-1.82913389206582e-15,1.59112810291739e-15,-3.19808267548963e-08,-3.0618190350977e-09,-1.61505566808073e-10,-8.89004129881541e-08,6.41328363998543e-09,-8.56539338071813e-16,6.26330749950359e-16,2.46886623611847e-08,1.71232181100155e-10,7.57429247650786e-17,6.45656543902725e-08,-1.48424805722647e-16,3.90151189516457e-07,-1.3923333140267e-08,-8.16710334410354e-09,-5.49496774738588e-08,-8.16557368181896e-13,6.84213716902417e-16,1.57740627634404e-15,-1.42087027929071e-14,-6.68962099135687e-06,-1.1809477477902e-07,-2.15842068681608e-17,4.86309904419013e-16,7.86131142286146e-16,2.70199676555677e-07,1.53833525715588e-09,-1.37609930864643e-07,-2.50699477697415e-16,1.58242017579691e-15,-1.14581196093699e-15,-5.64583621804894e-07,1.90966447221152e-07,-3.14635270009112e-16,2.13810237741778e-08,-2.88691615351344e-05,-5.59526315588841e-16,2.76158588539567e-16,-5.66169373829715e-08,-5.80621125659724e-10,-2.82569489143654e-08,-2.67752768044504e-16,3.21012896338358e-08,4.69728658230771e-08,5.0710373134273e-08,-4.65728925021689e-08,-1.66199012420258e-07,1.42044427877331e-08,-1.50420715656489e-15,2.08388142011224e-15,1.08221061448332e-15,2.74262595752468e-07,-3.95184508749613e-07,-1.3544058503791e-08,-1.07352493641282e-08,-8.7884841107881e-16,-2.38975928109152e-15,-5.22799085072471e-15,-1.54847996118431e-15,2.97932604691427e-18,1.33528159615038e-06,-2.0341081479986e-15,-1.20930685955143e-15,-8.36505199364481e-09,-5.13929930253601e-15,-7.48896705335964e-09,-1.10974280957054e-15,-9.28633979343721e-09,2.18550227263469e-17,-1.12841999810328e-08,-1.41329373982087e-09,-8.93024547502768e-07,-3.21986684533357e-15,4.54694876193857e-08,0.707106781186547,6.46860166044627e-08,-2.95226975399071e-06,6.30689975519732e-10,2.66931339927149e-15,9.21822256445341e-08,3.14685403100055e-15,-2.26909092336155e-08,-1.28084915867409e-07,-2.09121376446611e-16,-2.52475871635602e-15,-2.15352562859492e-15,-3.60882183476727e-15,-4.30447035187028e-10,-5.60679575894087e-09,-1.25235855174581e-09,3.9324697918244e-16,-1.88855734003586e-16,-1.7815545194028e-05,7.47101154904926e-07,7.94664620845695e-17,1.35461066165458e-15,-5.72264614115666e-09,-3.24509865736157e-16,-4.05660165095347e-08,1.35952449395983e-18,3.83277634274691e-07,-6.67081120519305e-16,3.03950526847031e-16,-2.58728474830403e-16,-1.15020992472185e-15,-3.56824732702183e-16,5.35218849987073e-16,5.09723263638134e-08,-3.5648359960002e-07,-4.53413422317929e-16,-3.42340275835001e-08,1.30240363820962e-07,-2.72330310035956e-16,-4.06939108505432e-16,1.20176309102153e-16,7.40293391067152e-16,1.28467708494694e-08,2.05472889603291e-09,-2.36523699027111e-16,-5.51001397256666e-16,-2.33356463257297e-08,-8.32442197720558e-08,-1.68579085210242e-06,-8.34311161996841e-16,9.80654949997415e-16,1.25841931106918e-15,9.3122285884393e-17,9.97189129375392e-17,8.61727154089682e-17,4.92092243265039e-08,-4.65449930800398e-08,-8.95018234985483e-09,-4.34008571685637e-16,-7.16368645486991e-16,-2.83427341071407e-16,1.6538392931217e-16,8.74381877627884e-17,-6.29474296120657e-16,2.11715788030773e-16,2.33921321706294e-16,-2.73983196624173e-16,-4.65719998299835e-16,5.63204818684918e-16,-9.83105596146728e-16,3.13124501812544e-17,-4.15930218105828e-16,3.39226038866197e-08,9.8002271389174e-14,-2.18295010967341e-16,-2.99860750680301e-15,7.63435809442085e-07,-8.36744919418911e-10,-1.8770626325999e-16,-1.23899277373868e-08,6.97502552812345e-07,-1.73192683578512e-16,2.41903272581383e-17,-1.2238460945972e-07,-1.13845901558124e-16,1.71624365664273e-08,-8.06695021825133e-16,3.25517317302814e-16,-2.22891173652778e-16,5.5311282720259e-16,1.52785309798577e-09,-2.0979784865816e-07,1.81132423093406e-16,-2.07513924233234e-16,2.5676498420396e-16,3.98069434288228e-16,3.21249103707455e-16,4.62317103434585e-17,-2.22601880137063e-16,-3.15703358876829e-16,1.73930651007587e-08,1.245063281141e-16,1.5687749598354e-16,-1.51155164593128e-17,-8.21611991979251e-17,-3.50707716006304e-16,4.71692441623474e-17,-4.96518747000894e-08,1.4599250944923e-16,2.59409021948678e-16,3.70145789353372e-08,-2.06599636619861e-16,2.84719124964354e-17,-1.9674485455083e-16,8.38800808915545e-17,1.07870388850814e-05,-1.51767038522911e-16,-2.27377897654444e-08,1.38059426426108e-16,-1.34531730056749e-16,4.74691937763397e-17,-3.13469317845161e-16,-1.40036491876725e-17,1.50584528701273e-16,8.21242255399055e-10,-3.46090855641596e-16,5.7417403099674e-17,3.19700749814499e-08,-1.02473872795681e-07,1.04246242815977e-16,7.17574263204744e-08,1.05085032997039e-08,-3.563070335667e-17,-1.87184537064843e-16,2.71466547036788e-16,3.34169138733547e-16,-1.46573311654605e-16,-1.76184537599704e-08,1.7346140871326e-16,9.1894583595741e-17,3.15257732632456e-16,7.05016127069222e-09,-2.01203835762738e-17,-1.6412217847922e-17,3.24110167092572e-16,1.64743550711127e-16,-3.21005386460189e-09,-4.66310887509972e-17,1.27021784352205e-06,2.14298148404186e-16,2.6657359382608e-16,-8.25147808224812e-17,-9.43024700793474e-17,-1.84600429657272e-16,-9.62291120992505e-18,9.39745709878102e-17,-1.15485871205337e-07,-2.74249015435809e-16,-1.82179213201023e-16,7.71467748261846e-08,-1.91388039690526e-16,-4.78454657120515e-17,1.5059078215116e-17,-1.63857769887777e-16,5.6255172008038e-17,-1.46053007860704e-16,-5.0942180542497e-08,-1.43216388551385e-16,-1.71539033602096e-16,1.6629600499239e-07,-4.36877273452676e-16,-2.65422151964802e-16,-6.29914434859576e-17,-3.46718026051949e-16,1.07488384660117e-16,3.37252916469665e-17,-2.1013768779872e-16,-1.43257655657288e-17,-7.75253950739277e-17,-1.34842418495245e-16,6.27637295964326e-17,-8.71041940618836e-08,1.81702757599558e-07,2.50963624516987e-16,-2.59823834135103e-17,-3.57774424477777e-18,-1.03066305238898e-16,2.17274115366095e-16,-3.51688000762141e-16,-1.66101263956784e-16,8.18664263697387e-17,-2.28014767613605e-09,2.7339758293992e-16,-4.96716883018952e-17,-1.10802380152796e-16,2.20894559612616e-16,2.91757439503486e-09,-3.87211111128806e-16,-3.18872473344671e-09,8.49396200844708e-17,-3.10291441865764e-17,2.2658292160975e-16,1.36461295831309e-16,-1.11133970849226e-16,-8.07919254202496e-17,4.27813686308004e-17,-9.7078604054082e-17,3.22378011750713e-17,-1.85036092469375e-16,-6.82580757721415e-17,-1.73413996439804e-16,-1.66541152860727e-17,3.26956485192506e-17,1.09867620303366e-16,-1.60567923071614e-16,9.30401853470193e-17,-2.01681385635892e-17,-2.48438168479573e-16,-1.09320775781693e-16,9.64939933512099e-17,9.68494302986478e-17,-1.71621393579778e-16,5.29815392864582e-17,1.77975069856411e-16,2.19367083915969e-10,1.65468324091563e-16,-1.61623747570669e-16,1.17185207887837e-16,2.07673015042057e-17,2.23928853671225e-16,-4.8745928341545e-17,2.28844195202227e-16,-1.15961338752323e-17,-2.06175405165808e-16,3.81954369164058e-16,-2.79832580718509e-16,-5.0324064465264e-17,-3.6423543343206e-17,-2.56663035761275e-17,1.50495617238472e-16,-1.52039718570378e-16,1.12440654990377e-16,-2.81872062127439e-09,4.96469513767387e-18,5.92236294427241e-17,-8.44257877489801e-17,1.87028619896152e-16,1.09026896969386e-16,-1.86150604327299e-16,-1.25000420027498e-16,-9.28871847793385e-17,6.81961478172515e-18,5.96252666515553e-10,2.99095499608499e-16,-1.67104480362082e-16,2.75741107603731e-17,4.11990369853605e-17,9.22394033399098e-17,2.24742309813167e-16,1.04233578600107e-16,6.8021753124419e-17,-9.63749490645526e-17,3.23855045754827e-17,-1.02100938208855e-16,3.15726282016686e-18,-6.66719522271415e-17,3.00340513535842e-09,5.14144448600473e-17,-1.59344837939057e-17,-5.04630844507896e-18,-3.51389924102552e-16,-9.03355020282896e-09,4.36135234492436e-17,3.84043493525344e-17,-2.63146986013058e-17,-4.69333763163953e-17,-1.87688984931947e-18,1.19908581055049e-18,2.1296136432692e-16,1.24418399272847e-16,5.31855538246568e-17,1.36225075902444e-17,-4.42373509438539e-17,2.72336682068437e-17,-7.45932386324517e-17,-4.36127544056703e-17,-6.21847191871901e-17,1.42351936295836e-16,-1.24129183655395e-16
"t514",-0.0447480717775007,-0.0681619531781545,0.0239717419887067,0.0323338735359975,0.00253720578655383,-0.00108811059332489,0.00606112121036564,0.000109419443251884,4.26017236108028e-05,-0.000139852314942031,-3.47541317772799e-05,-0.00262679868441587,0.00662205439222696,-0.00140840790813424,-0.00177505068872622,-0.00362106540730885,-0.000425225462862239,0.0279926495122191,3.45622807563768e-05,1.71487989284857e-05,-0.000267044307255561,-0.000202020847528505,0.00132043810686734,-0.027137821786531,0.0829668873432251,0.000207923872917464,-0.000230319343412468,0.000204711116751149,-0.00319793241916109,4.24835216949887e-05,2.10248646162543e-06,-7.16071232720864e-06,0.00630504513510232,5.2736068615634e-05,6.75225733341766e-06,0.000135329191029364,0.262219748119057,3.37443701697433e-05,0.000192482956072237,3.21769629386624e-05,0.000943538470265799,-8.34400267784028e-05,0.000941134422277099,-5.5818758976002e-05,0.00189051375306331,-3.99455449953579e-05,0.0785078637461626,-0.000393544863996726,5.01069506304427e-05,-9.17609471796395e-05,0.000977108859711136,-4.81470229583498e-05,6.72825642783881e-08,-0.000146033880348147,7.18792008021933e-06,-7.44439846075884e-05,2.2892412761111e-06,-0.000145319137023449,4.89939200061311e-05,-4.64791228910718e-05,-3.68518795073337e-05,5.43665441744399e-06,-0.000170460112208531,8.97800091840058e-05,-5.91762514096804e-06,0.000211195520244714,-6.24459241750365e-07,1.9072377477638e-05,-4.8037373852721e-05,1.56747020436514e-05,0.000404207996564864,-0.000297250903539839,2.20611585136108e-05,0.310211554478797,-0.228545607309716,1.76872941259647e-06,-0.00762871089798318,7.31189679236287e-05,-0.000160108396471245,-0.000173434763574364,4.81340090710927e-05,0.000720558838144004,-0.000100199799281443,-0.000683753445816442,0.00010879979176484,0.0600783950792643,0.00457302546819574,5.90878571963896e-05,1.80200754622177e-05,-0.00400654112238391,6.38236736786e-05,-3.18658176946471e-06,-2.65921073924982e-05,0.0036632555674525,1.8315939005788e-07,-6.97634075567594e-06,-0.00149138076971772,-2.3528462208736e-05,3.1121515383767e-05,4.52602115427664e-06,7.64598552191727e-07,-0.0058461609008903,1.12701808001457e-08,6.42112080394467e-07,-3.6720949566479e-07,0.00620291091312822,-1.00594605709935e-05,4.8599778457735e-06,-1.92249356565524e-06,5.09006832031785e-07,2.2996750855985e-06,6.08576148898781e-06,-1.03641827260089e-05,1.08300304413512e-05,-5.64697857441824e-08,2.26978920672032e-06,-3.41013582157922e-06,3.77607906875129e-06,-3.9666739068915e-06,1.00054614274416e-05,-3.79134039342125e-05,9.55872604929369e-06,-9.31288256974695e-06,-2.56136709161824e-05,8.3716588065246e-06,-8.22307523559584e-05,8.37002325623131e-06,-2.71667462501581e-06,5.96530481425456e-06,0.000198406406162537,-0.00157481316009579,2.92834383817747e-05,-0.0069340403105552,9.473178455833e-07,1.01566674754431e-06,4.85083096156709e-06,-3.33825961894875e-08,-2.32082209301853e-05,7.46872864380474e-06,-2.15034775368205e-05,-1.3822105090557e-06,-5.36776713399229e-05,1.05424216835875e-05,6.74159268674302e-07,2.12692414803844e-06,-1.35725339319671e-07,-6.473341865069e-06,1.01812627193243e-06,6.71849479364152e-08,-1.69811373005872e-07,-2.64440334361313e-05,-7.96774102740274e-07,-1.7199198578804e-05,6.49463178686383e-06,-2.12369509668826e-06,-1.8968737328597e-07,2.90114845041395e-06,-0.0205709875378549,3.95228088485892e-07,2.986095866994e-08,-0.0141582107242845,-1.36346344300246e-05,1.17289795363719e-06,0.000210789078022676,-7.33353989456962e-06,2.24623169033848e-05,1.75586433363668e-07,3.77132874592039e-09,1.97160631820595e-07,4.45440085956628e-07,-1.18145704135876e-05,-1.21880098726608e-06,2.21468354783647e-07,8.61882280839674e-08,2.73381932302523e-06,3.92703991098707e-08,2.52214705852104e-07,-1.3026880744146e-06,-9.2247827202804e-07,-2.95509397152319e-05,1.90140112414126e-05,6.21793248108823e-05,-8.70098811532777e-07,-1.75665197375633e-05,-1.12270787336473e-07,-0.000106892617877964,-4.2004723779589e-06,1.05320602620919e-06,4.7421344577815e-06,-4.23231103614479e-05,-1.29726867457196e-07,2.45169717122617e-07,9.81678504788796e-07,4.95485818924541e-06,1.70507254919079e-07,-2.44331050248402e-07,-4.51538141532955e-07,-2.30161280538938e-06,2.7063454445068e-07,1.16888021581846e-07,1.16674906359734e-07,1.95073809943855e-05,-3.19938141957652e-09,-0.00120050166694287,2.23617396524558e-06,-2.42899158923504e-05,5.1003609376912e-07,1.92601448878111e-05,-3.93560019988433e-06,-4.63993936747751e-05,-1.78583734170426e-05,6.31806256523549e-05,-0.000349902924107509,-1.03508936651195e-06,-6.61263905821677e-07,-8.82394126430104e-07,1.37187244538205e-06,1.1935509141503e-07,-2.18929639633932e-07,-1.08471652526101e-06,-5.90271628239659e-06,4.73675036378283e-05,1.82349618182056e-06,5.88273969270451e-06,-1.48679422146259e-06,-7.59253927619422e-07,-8.00797065672488e-06,-5.49058166019568e-07,-8.5660138181005e-07,-6.77039881519989e-07,1.43506589808133e-05,4.72375102378633e-06,2.2623252351852e-07,3.78031822079119e-07,-1.97742145420363e-08,-3.22143974632295e-07,-1.66054722383904e-06,-6.81885346539817e-18,-2.47316082695725e-07,1.85539067942522e-05,-5.18994551942074e-07,-9.29044852419323e-06,-1.48221666946102e-06,1.7712398834991e-06,-2.84415632500665e-07,1.03072646723196e-05,-2.34809697363915e-08,1.53795853565158e-09,-3.92606428755183e-06,3.54614994879082e-06,-1.1103841861428e-07,1.51808488573679e-05,-7.02112380203434e-07,2.59557737130994e-07,-1.67926443573035e-08,0.000194214141893711,-0.000173647692598455,1.12825108982159e-05,3.60986423200638e-07,-6.9664836774042e-08,1.52852420768078e-06,-2.97214835268709e-07,3.28224059538758e-05,-2.66157664232309e-05,1.68789023450403e-07,-5.77520092093243e-08,1.45781939381368e-05,3.06074994183471e-05,-0.00239472735231807,2.19946710998216e-08,1.29556242148693e-08,-3.9151024747809e-08,5.56694858782332e-06,-4.79698546114384e-06,1.08060978532905e-06,-2.34061943341843e-05,1.13176211347138e-05,-0.000217423637323975,1.87891900465429e-06,-1.09959189920543e-06,3.72232468777925e-07,-1.22063709579891e-16,-9.1560317106664e-07,-3.13664192975693e-08,-7.40443248698612e-08,-0.000141766917438592,4.39909645060286e-08,-2.72615544061621e-08,-6.37151294949018e-07,7.16171681402164e-08,-5.70227319111485e-07,1.49340382119549e-06,5.45446673127293e-08,-4.84620084089479e-08,6.27353784443542e-07,-7.61717145544937e-07,6.34632783985335e-05,-3.53122928359223e-07,4.05622563818251e-06,2.02993687051516e-08,1.75011917012875e-07,8.27986522183352e-07,-6.76079175605936e-06,3.67397474365145e-05,-6.05954065684331e-07,8.09964787018643e-07,-2.93300734655241e-06,1.81794098078611e-07,1.64035366655626e-07,1.24806134727221e-06,-3.35059847840468e-06,-1.67496331341653e-07,2.16914744874882e-06,-8.83079348754687e-07,2.17743573779977e-08,2.01765819577216e-07,-3.88498007091565e-07,1.35223539043765e-16,1.16513833527695e-09,0.000254218135927007,-4.05269103309711e-07,2.9873711530639e-07,4.2708619019604e-07,7.84566051887221e-08,1.82804936544221e-07,-2.67854662530957e-06,9.93867027968837e-07,4.73082132446156e-17,-7.55258751994912e-07,-9.20926848099563e-09,-2.70874775961273e-08,0.000189089671877848,1.88970209410756e-07,-1.26953857845098e-08,-4.81914998371196e-07,1.27778985505795e-07,-6.67129184107672e-06,7.82085293274099e-07,-1.57732415241358e-07,-2.84117645608771e-07,-1.49888614431498e-08,-1.47621950552566e-08,-2.81717011608726e-07,6.29227230775766e-05,-2.99669663697039e-07,8.68174279382454e-17,-6.0251751950006e-06,4.71084570767425e-07,2.16813457318996e-08,1.17664221065214e-07,-5.50966484052745e-07,-1.13565901036462e-06,6.84622612426139e-06,-5.32141009915662e-05,-9.30491581174018e-08,2.11939066649968e-16,-1.75142057916949e-07,-0.000111745790142674,-2.17587041524216e-07,2.71249238310909e-16,4.07227152562393e-07,4.08849600253733e-06,-6.22777684186861e-07,-3.30337726546945e-07,-1.09602856044071e-07,-5.84237107773153e-08,-2.08298140823518e-06,5.75893245135392e-08,6.11428498818233e-07,3.85924690449516e-05,1.23240487191946e-07,1.24229745333004e-06,-7.20724825901649e-17,-4.82692893987074e-07,2.25751768922621e-07,1.44899006565126e-06,-1.44232931970544e-07,-1.68004773248938e-16,-1.36194458032798e-07,1.70458983749411e-07,-5.82145756956554e-08,-5.14062213923993e-08,-1.28993320847154e-07,9.37831342456971e-07,-1.73778795720781e-06,2.24863415873916e-07,5.58928562447919e-17,7.61491756155207e-07,-1.00891834612195e-06,4.40667913456833e-06,9.02181332079388e-07,-9.15370273470979e-08,-6.10860651849784e-10,-1.11022302462516e-16,2.34161486050336e-16,-5.69013906137606e-10,-4.89684265890702e-07,6.42802456535023e-08,-9.01323136314139e-08,3.21104047165715e-16,-3.96054137682194e-08,-4.50167659466871e-10,-1.47441008639731e-16,-4.65382854183481e-16,-9.39179468959219e-17,8.30614692116891e-08,2.40145196692935e-07,-3.23597670691859e-07,1.81794690248975e-07,9.0349297933583e-08,2.90226491370424e-07,-0.000645635525700579,1.04987246106464e-17,-2.64851478051669e-07,1.73885677054142e-07,2.87419219307112e-16,-5.90431632882591e-16,-1.86307011518012e-06,-1.12283399978871e-12,9.16249303574029e-09,-1.71050618475307e-08,-4.76883718930098e-08,2.80640801729899e-09,-4.88848316335831e-16,1.05717767413966e-08,-2.18218107000427e-15,4.77147190707657e-08,-1.65817880259933e-15,1.03435206127555e-07,-4.23609399728763e-16,-9.85723686033282e-08,-1.41534995858707e-07,-1.30664220174561e-08,-1.86473359395512e-07,-1.05812596357098e-06,8.78366138278087e-08,-9.98793523827882e-07,-4.07148039182348e-08,-1.98515239494875e-07,-1.98096721426091e-08,-3.59039943341738e-07,0.000246572877436796,3.5443489377034e-07,3.31203758322924e-08,8.51537102527273e-07,1.99128959970177e-16,-0.000506896991612422,0.000450158817416615,-4.7852487601709e-07,-7.0383028203532e-13,-9.27683698559075e-08,-6.80729527112705e-06,-7.34617469607974e-05,6.70177404981612e-14,0.504159381319177,-2.53478412336329e-06,-5.07043407241599e-16,-2.29639873050428e-06,1.35244396369505e-05,7.70688183632179e-16,-1.00273845384681e-15,-8.40239036084671e-05,-3.13890778689285e-07,-1.67960970712695e-09,-2.1800366505864e-06,5.11321085689305e-07,0.000209096988661386,1.40469145509141e-07,1.51300159171539e-06,-2.35489789403411e-06,1.38333355187426e-15,5.2020408489648e-08,3.23225637341369e-09,8.77536138715779e-09,8.05842383135329e-07,-2.67272310797334e-15,5.35162673516318e-16,2.58608588825441e-07,-7.05408085776252e-16,-6.54218201265757e-16,1.43223952830176e-06,-1.57428140598645e-06,-3.21934697387642e-06,-1.70643061929987e-08,7.79086691823101e-05,5.36739433165226e-07,4.6020093581331e-08,-4.39949676942219e-16,1.09035426443869e-07,5.03840887913843e-09,2.30409385731654e-08,-8.29891397033093e-05,9.6463517591726e-06,-4.59793392619054e-16,-2.09319280884233e-16,-3.53387986588087e-16,-7.30362700104084e-08,-3.81892204891601e-07,-2.00580630637134e-07,9.67356726092484e-16,-3.64626462813789e-05,1.54962418822978e-16,-3.17384094139461e-16,4.02167801007774e-06,-8.82483968221604e-08,-5.33427468862868e-17,-2.14780303987549e-07,-0.00015313874080809,-2.2570135109269e-16,3.23706554986803e-07,-7.1631523501542e-16,8.51740756005253e-08,1.3072601146015e-15,8.48708647730925e-08,7.33989949823344e-07,9.56100911963476e-06,2.49254825218364e-08,1.70550797710401e-07,-5.83930965321507e-07,2.28689080923677e-07,1.53086266388052e-15,1.02570883029203e-05,-9.22843678841866e-07,3.55284788888736e-15,-7.60490858589663e-08,-2.22685409508355e-07,3.59205667401492e-07,3.31280789604265e-15,1.80530913611177e-07,0.00193685164651586,-2.72174032922344e-17,-4.7605034627927e-07,-1.08766515004703e-07,-8.10302153153432e-06,2.69171790422827e-15,-5.79578000441031e-16,1.04607860414627e-07,3.19206524785737e-08,2.5804837259634e-09,-2.82167978294277e-07,1.84791762783763e-08,-9.02309560251254e-15,3.61651218191383e-15,6.73131874588941e-08,4.63852997061598e-10,-1.00139668889145e-14,1.62025132742516e-07,-1.67980727770136e-14,9.21648298860278e-07,-3.07459752087862e-08,-1.79584067265321e-08,-1.1889839203166e-07,-0.707106781084468,-8.02228084229963e-14,-4.69488744677557e-14,-2.62008078242607e-14,-1.29378003701324e-05,-2.26746497280094e-07,-1.00915874594992e-15,3.96085740192481e-16,-8.53167271073966e-15,5.06289029635452e-07,2.85445988829323e-09,-2.49183005468133e-07,2.75317361189751e-15,-8.82586646995531e-15,-9.95587618422833e-15,-9.57637887240654e-07,3.23307325409158e-07,1.09707825928152e-15,3.54848627864097e-08,-4.75597539112514e-05,-4.70138917330927e-16,2.47181877958575e-15,-9.17767422542203e-08,-9.40041638407189e-10,-4.53530440691794e-08,1.27798701776948e-15,5.08342194688023e-08,7.38719465237622e-08,7.90281349403397e-08,-7.17506028561233e-08,-2.55301027907099e-07,2.17044313488013e-08,-4.35121321219364e-15,-3.23849078507803e-16,9.46268219902589e-16,4.08135577070995e-07,-5.87868648821156e-07,-2.0088126082288e-08,-1.57024550656968e-08,1.6054804617406e-16,-1.26361824379397e-16,-2.83644183250993e-16,2.3924643387358e-16,-6.44613368845667e-16,1.92820717165616e-06,-1.77118383073938e-17,-1.96117624380875e-16,-1.20238579873032e-08,-3.50725595957688e-16,-1.07619939370899e-08,1.7144658170593e-16,-1.33395198165227e-08,3.99270172229267e-16,-1.60884861961192e-08,-2.01157640464683e-09,-1.2678460912779e-06,3.81351287847512e-16,6.4358401639781e-08,-5.8862806580059e-17,9.09811837267771e-08,-4.12091630564531e-06,8.80065151184309e-10,-4.62757605837972e-17,1.2826103402592e-07,8.05736826035883e-17,-3.14341275463374e-08,-1.77401364564067e-07,-6.61731239066103e-17,-1.70521262604784e-16,-3.95452720354956e-16,-2.10482537449621e-15,-5.94140701910586e-10,-7.73217427070363e-09,-1.72534564316957e-09,2.16974085892479e-16,4.07520289923158e-16,-2.44297318271736e-05,1.0242635023151e-06,7.09239452577212e-16,2.76860459557911e-16,-7.80319236173852e-09,4.91655444619609e-17,-5.52530942159874e-08,-3.47118585883197e-16,5.2042086537001e-07,-1.32804164619618e-16,-6.22853705514359e-16,-6.23047575756436e-16,1.58147172398709e-16,-2.72575000238462e-17,9.84412135255259e-16,6.88022400643505e-08,-4.81144422751088e-07,1.77028845476796e-16,-4.61155669430858e-08,1.7530266178215e-07,-1.78672633902217e-16,-1.50019578924439e-17,5.83450751265542e-16,4.14037814663224e-16,1.72341605466795e-08,2.75437938905489e-09,4.59774675658039e-16,-2.56283834300816e-16,-3.12557060227371e-08,-1.1148516851092e-07,-2.25689000127664e-06,-8.43584377374312e-17,-2.98237437030433e-16,3.64729744805008e-16,5.90191840468252e-17,2.37308989519656e-16,2.6657530574926e-16,6.5514020048317e-08,-6.19363151019152e-08,-1.19039797410357e-08,2.24240480354417e-16,-1.8961267799429e-17,-1.00510277407349e-16,3.09998499815826e-16,1.56891335188049e-16,2.82883311651389e-16,-5.22267919953364e-17,6.49329376209788e-17,-5.94622705913694e-16,2.31179069253533e-16,2.09474354654506e-16,9.36509147423266e-17,1.72041371179537e-16,-9.99636182123042e-17,4.47734136243934e-08,8.84224911090669e-12,-2.43597180123093e-16,-3.61137182161942e-15,1.00668567678691e-06,-1.1031150595181e-09,-3.47574111149162e-16,-1.63319775757883e-08,9.18385598997086e-07,-2.1497926256515e-16,-3.63170071837284e-17,-1.60919597693958e-07,1.42802379879138e-17,2.25294368052985e-08,-8.09250901123264e-16,-2.19998869972992e-17,2.12579028351561e-16,9.84093238182229e-17,2.00067472298999e-09,-2.74678559696454e-07,6.76136133847995e-18,-1.59181391136125e-16,3.16675376309718e-16,1.04063700820243e-16,-1.38615247752272e-16,7.77264571989587e-17,6.97582125568633e-17,-1.38740568346733e-16,2.25949186870255e-08,6.13615324203019e-17,-2.62778798802626e-17,6.01090114018402e-17,-3.53129738387165e-16,-4.90564071577559e-17,-4.06658507613973e-17,-6.44030965609631e-08,1.22283430966572e-16,-1.4047305248425e-17,4.79980995606422e-08,1.06121114118106e-16,4.30178300352464e-17,4.8391466021762e-17,-2.88904092482492e-16,1.39443312024284e-05,1.07602443844841e-17,-2.93772004135914e-08,8.46433129918504e-19,-5.94631277039705e-18,1.01149398218393e-16,-2.53290168041585e-16,-2.33018861403437e-17,3.97461062508151e-16,1.05990283115321e-09,2.63483081566376e-18,1.95732411450223e-16,4.12275316659995e-08,-1.32141516289928e-07,-9.10870703839029e-17,9.24689709027875e-08,1.3538727887906e-08,1.49134121712274e-16,2.93720461069041e-16,2.92713012180654e-16,4.34712979286889e-16,7.07564639406652e-17,-2.26303997293158e-08,-2.880356331648e-17,1.98908915314213e-16,-1.00963919453844e-16,9.04899438814793e-09,3.27412949668287e-16,2.20019927272936e-16,1.97240507659205e-17,3.57916098879656e-17,-4.11618678812175e-09,-1.56242512080007e-16,1.62829718550467e-06,-6.47668138542445e-18,-4.42496427231426e-17,-3.87001982650472e-17,3.08041660481895e-17,3.26564249781608e-17,7.30796538366829e-17,-5.96486508786694e-17,-1.4781752867046e-07,2.98695746767946e-17,-2.32776788711825e-16,9.87086866577192e-08,-1.71913903327113e-16,-7.71921444280575e-18,5.79996203336205e-17,-1.3001483187758e-16,7.17519218564075e-17,2.24266638869047e-19,-6.51064044162899e-08,-1.67051717685483e-17,4.44634203920755e-17,2.12428343596102e-07,-2.17322899527985e-16,-7.86280743105584e-17,1.27335335565155e-16,-1.73556502087399e-16,1.89922891081303e-17,-1.751083418751e-16,-6.5486846352757e-17,4.28608992061453e-18,-6.90125367294578e-17,-1.54975758827943e-17,-2.26459413827895e-16,-1.11070226036202e-07,2.31648659919614e-07,-1.48613205602551e-16,1.1737354579658e-16,-2.26695759537708e-17,-3.02988267665888e-17,-8.78203759713259e-17,1.32202396704933e-16,-9.36213085288363e-18,-2.222363738044e-18,-2.90380821543532e-09,-1.82017206590191e-16,-2.14170670864649e-17,-2.08799907486212e-17,-5.69452607217875e-17,3.7123052857337e-09,-1.63355994104854e-17,-4.05338356202224e-09,8.38283196814221e-18,4.68023741873049e-17,-4.31199065104214e-17,-6.93549441444487e-17,-1.43642510204117e-16,-6.55023903455351e-18,-1.70562643734594e-16,8.67907280673546e-17,1.11874275907792e-16,1.64493148463798e-16,1.41115734179164e-16,5.77374878539081e-17,1.50621504131841e-16,5.47486676581206e-17,4.59182354695949e-17,-1.24572831102084e-16,-2.89210848334786e-18,1.62900598215762e-16,-3.61045229529549e-16,1.69976697929353e-16,-4.87890977618477e-17,5.8838084568234e-17,-5.41630855132741e-18,2.16614894869633e-16,-2.1113980610804e-17,2.77918101939871e-10,5.20459957193024e-16,-7.89601583047994e-17,-1.66382373558255e-16,-8.30179514368888e-17,-4.57541300539753e-17,-2.06437618262408e-17,-2.34128516095002e-16,1.49939756070684e-17,2.6203580380055e-17,1.48016719515692e-16,-1.02565525517129e-16,-1.28047380123585e-16,1.97181612795672e-17,-1.12398083499837e-16,-8.93489869083791e-17,-6.41509303451998e-17,-7.97713059937008e-17,-3.56362718246157e-09,-2.48639435592372e-17,-6.7494512152776e-17,-4.14792726199688e-17,-1.62796516200029e-17,1.03120118973858e-17,2.55897374191005e-17,4.84805536790955e-18,-3.51502293567293e-17,7.43663129300601e-17,7.52310924158511e-10,1.84957962997471e-16,-8.86717424411076e-18,2.79625149682555e-17,1.0768427301962e-16,6.81241013508966e-17,3.96773151131576e-17,2.95706814395608e-17,1.49001861611641e-16,6.99133490170426e-17,-1.04675077104597e-16,5.33380205654087e-17,7.1175728765721e-17,-5.18930249554291e-17,3.78233380918202e-09,1.83984099362505e-17,-1.5658627304282e-17,4.49920584379234e-17,-1.16876994193937e-16,-1.13668375591357e-08,-5.48384370503897e-18,1.01763821491261e-18,1.14563994364224e-16,7.72517066000705e-17,-5.67825207050524e-17,9.46126190026526e-17,9.49744353207332e-17,7.23873318232344e-18,-7.60773153175047e-17,-8.45722486866506e-18,-3.55414446551334e-17,8.98981539915613e-17,-5.6338501150976e-17,-1.794938519667e-16,1.76087119080862e-17,1.07914106514467e-16,-1.26400280555883e-16
"t219",-0.0447480717774941,-0.0681619531781333,0.023971741988699,0.0323338735359836,0.0025372057865525,-0.00108811059332422,0.00606112121036178,0.000109419443251794,4.26017236108002e-05,-0.000139852314941873,-3.4754131777278e-05,-0.00262679868441192,0.00662205439221657,-0.00140840790813192,-0.00177505068872326,-0.00362106540730251,-0.000425225462861427,0.0279926495121681,3.45622807563291e-05,1.71487989284822e-05,-0.000267044307255003,-0.000202020847527953,0.00132043810686361,-0.0271378217864551,0.0829668873429923,0.000207923872916836,-0.000230319343411755,0.000204711116750523,-0.00319793241915129,4.24835216948369e-05,2.10248646163789e-06,-7.16071232711897e-06,0.00630504513507497,5.27360686153547e-05,6.75225733342593e-06,0.000135329191028625,0.262219748117697,3.37443701694991e-05,0.000192482956071215,3.2176962938461e-05,0.000943538470260615,-8.34400267779175e-05,0.000941134422271654,-5.58187589756646e-05,0.00189051375305225,-3.99455449951621e-05,0.0785078637456655,-0.000393544863994202,5.01069506300705e-05,-9.17609471789848e-05,0.000977108859704435,-4.81470229579194e-05,6.72825642792644e-08,-0.000146033880347043,7.18792008021845e-06,-7.44439846070219e-05,2.28924127611536e-06,-0.000145319137022176,4.89939200056928e-05,-4.64791228906668e-05,-3.68518795069916e-05,5.43665441741594e-06,-0.00017046011220693,8.97800091831227e-05,-5.91762514095513e-06,0.00021119552024253,-6.24459241765048e-07,1.90723774774164e-05,-4.80373738521298e-05,1.56747020435713e-05,0.000404207996559974,-0.000297250903535948,2.20611585132681e-05,0.310211554474617,-0.228545607306629,1.76872941260256e-06,-0.00762871089787879,7.311896792266e-05,-0.000160108396468902,-0.000173434763571807,4.81340090703999e-05,0.000720558838133229,-0.000100199799279889,-0.000683753445805685,0.000108799791763009,0.0600783950782607,0.0045730254681184,5.9087857195375e-05,1.80200754618432e-05,-0.00400654112231605,6.38236736775081e-05,-3.18658176921231e-06,-2.65921073920711e-05,0.00366325556738542,1.83159390097664e-07,-6.97634075558299e-06,-0.00149138076968908,-2.35284622082058e-05,3.1121515383149e-05,4.5260211541733e-06,7.64598552172674e-07,-0.00584616090077101,1.12701807962855e-08,6.42112080348507e-07,-3.67209495684975e-07,0.00620291091299058,-1.00594605707906e-05,4.85997784567573e-06,-1.92249356567204e-06,5.09006832220544e-07,2.29967508562576e-06,6.08576148887508e-06,-1.03641827257965e-05,1.08300304411749e-05,-5.64697857211192e-08,2.26978920668105e-06,-3.41013582150453e-06,3.77607906868257e-06,-3.9666739067501e-06,1.0005461427212e-05,-3.79134039332756e-05,9.55872604912421e-06,-9.31288256948696e-06,-2.56136709155109e-05,8.37165880635365e-06,-8.22307523537907e-05,8.37002325595419e-06,-2.71667462491524e-06,5.96530481411172e-06,0.000198406406157035,-0.00157481316005231,2.9283438381002e-05,-0.00693404031035923,9.4731784552019e-07,1.01566674739346e-06,4.85083096140136e-06,-3.33825961717116e-08,-2.32082209294262e-05,7.46872864366182e-06,-2.15034775361118e-05,-1.38221050904778e-06,-5.3677671338283e-05,1.05424216833363e-05,6.74159268689717e-07,2.12692414808478e-06,-1.3572533927876e-07,-6.47334186492365e-06,1.01812627183132e-06,6.71849480061666e-08,-1.6981137293487e-07,-2.64440334354286e-05,-7.96774102780827e-07,-1.71991985781609e-05,6.4946317867669e-06,-2.12369509664337e-06,-1.89687373287346e-07,2.90114845029391e-06,-0.0205709875371083,3.95228088478947e-07,2.98609587306721e-08,-0.0141582107237569,-1.36346344294263e-05,1.17289795365845e-06,0.000210789078014712,-7.33353989426817e-06,2.24623169025643e-05,1.75586433374718e-07,3.77132867076535e-09,1.9716063180697e-07,4.4544008592809e-07,-1.18145704130826e-05,-1.21880098718197e-06,2.21468354620984e-07,8.61882280675415e-08,2.73381932290984e-06,3.92703990308811e-08,2.52214705758429e-07,-1.30268807447196e-06,-9.22478271951245e-07,-2.9550939714084e-05,1.90140112405153e-05,6.21793248081135e-05,-8.70098811578972e-07,-1.75665197367142e-05,-1.12270787326914e-07,-0.000106892617873134,-4.20047237776382e-06,1.05320602613175e-06,4.74213445759064e-06,-4.23231103595653e-05,-1.29726867316326e-07,2.45169717023927e-07,9.81678504819581e-07,4.95485818898595e-06,1.70507254818371e-07,-2.44331050277722e-07,-4.51538141631687e-07,-2.30161280544321e-06,2.70634544428956e-07,1.16888021690103e-07,1.16674906405652e-07,1.9507380993309e-05,-3.19938135583747e-09,-0.00120050166687697,2.23617396518351e-06,-2.42899158909697e-05,5.10036093835804e-07,1.9260144886961e-05,-3.9356001995329e-06,-4.63993936720841e-05,-1.78583734157802e-05,6.31806256489926e-05,-0.000349902924086673,-1.03508936658168e-06,-6.61263905696132e-07,-8.82394126410479e-07,1.37187244544519e-06,1.19355091381931e-07,-2.18929639588656e-07,-1.08471652522356e-06,-5.90271628194572e-06,4.7367503634764e-05,1.82349618170201e-06,5.88273969225326e-06,-1.48679422127844e-06,-7.59253927519896e-07,-8.00797065610463e-06,-5.49058165998477e-07,-8.56601381924996e-07,-6.77039881413761e-07,1.4350658979758e-05,4.72375102347872e-06,2.26232523398538e-07,3.78031822093078e-07,-1.97742145167853e-08,-3.22143974728718e-07,-1.66054722374916e-06,2.10487046719244e-16,-2.4731608266639e-07,1.85539067928033e-05,-5.18994551834447e-07,-9.2904485234573e-06,-1.48221666934029e-06,1.77123988345641e-06,-2.84415632426905e-07,1.03072646712578e-05,-2.34809696676642e-08,1.5379585754327e-09,-3.9260642872697e-06,3.54614994859373e-06,-1.11038418536315e-07,1.51808488560758e-05,-7.02112380110611e-07,2.59557736980003e-07,-1.67926442649837e-08,0.000194214141876992,-0.000173647692583198,1.12825108970601e-05,3.60986423272721e-07,-6.96648366389991e-08,1.52852420757329e-06,-2.97214835261412e-07,3.28224059508891e-05,-2.6615766420912e-05,1.6878902352177e-07,-5.77520092840384e-08,1.45781939368331e-05,3.06074994154528e-05,-0.0023947273520893,2.19946712256846e-08,1.29556242009617e-08,-3.91510248311748e-08,5.56694858734603e-06,-4.79698546024292e-06,1.08060978523427e-06,-2.34061943317895e-05,1.13176211335735e-05,-0.000217423637301607,1.87891900437951e-06,-1.09959189909728e-06,3.72232468826816e-07,-1.17331925158278e-16,-9.15603170859218e-07,-3.13664193745907e-08,-7.40443248222027e-08,-0.000141766917423264,4.39909646094122e-08,-2.72615544376112e-08,-6.37151294893779e-07,7.16171680259949e-08,-5.70227318668781e-07,1.4934038210888e-06,5.4544667395873e-08,-4.84620083830016e-08,6.27353784507584e-07,-7.61717145319241e-07,6.34632783910484e-05,-3.53122928276272e-07,4.05622563805891e-06,2.02993686750402e-08,1.75011916983564e-07,8.27986522000531e-07,-6.76079175497182e-06,3.67397474315469e-05,-6.05954065668998e-07,8.09964786839507e-07,-2.93300734610826e-06,1.8179409800586e-07,1.64035366433276e-07,1.24806134701673e-06,-3.35059847770389e-06,-1.6749633115617e-07,2.16914744830789e-06,-8.83079348508889e-07,2.17743569728282e-08,2.01765819582889e-07,-3.88498007121698e-07,1.55196155961643e-16,1.16513860084287e-09,0.000254218135887223,-4.05269103180258e-07,2.98737115090471e-07,4.27086190320595e-07,7.84566049454444e-08,1.82804936366703e-07,-2.67854662484649e-06,9.93867027776886e-07,3.125791169022e-17,-7.55258752119567e-07,-9.20926859256495e-09,-2.7087477731605e-08,0.000189089671846056,1.88970209276007e-07,-1.26953859438729e-08,-4.81914998249414e-07,1.27778984955494e-07,-6.67129183988551e-06,7.82085293139414e-07,-1.57732415070765e-07,-2.84117645703301e-07,-1.49888613803571e-08,-1.47621951626198e-08,-2.81717011541252e-07,6.29227230659008e-05,-2.99669663504605e-07,1.83751074123831e-16,-6.02517519404223e-06,4.71084571240354e-07,2.16813457722033e-08,1.17664221601821e-07,-5.50966484162819e-07,-1.13565901000927e-06,6.84622612282984e-06,-5.32141009803493e-05,-9.3049157913654e-08,1.83644558881913e-16,-1.75142057612125e-07,-0.000111745790119437,-2.17587041517581e-07,2.55570943722356e-16,4.07227152446908e-07,4.08849600169128e-06,-6.22777683841659e-07,-3.3033772621101e-07,-1.09602855865977e-07,-5.84237103823398e-08,-2.08298140782289e-06,5.75893244829875e-08,6.11428498602238e-07,3.85924690364088e-05,1.23240487229094e-07,1.24229745283726e-06,-5.75477128084243e-17,-4.82692894382912e-07,2.25751768722198e-07,1.44899006539222e-06,-1.44232931996754e-07,3.25114805691407e-17,-1.36194458032695e-07,1.70458983660615e-07,-5.82145758734267e-08,-5.1406221202305e-08,-1.28993320752836e-07,9.37831342491205e-07,-1.73778795711436e-06,2.24863415540381e-07,8.47057947142983e-17,7.61491756172929e-07,-1.00891834555736e-06,4.40667913314683e-06,9.02181331654899e-07,-9.15370271529581e-08,-6.10860443627438e-10,-6.76542155630955e-16,4.07221280200746e-17,-5.69013636859329e-10,-4.89684265188803e-07,6.42802452935982e-08,-9.01323137444598e-08,2.89947873241249e-16,-3.96054136482899e-08,-4.5016781458498e-10,-2.38205018296162e-16,-1.01811112448857e-16,-2.0384392805053e-16,8.30614692527392e-08,2.40145196777322e-07,-3.23597670544027e-07,1.81794690223107e-07,9.03492978528697e-08,2.90226491453005e-07,-0.00064563552547635,-1.55708215757088e-16,-2.64851477731747e-07,1.7388567686487e-07,4.08872078742813e-16,-7.04176452504919e-16,-1.86307011477709e-06,-1.1231088567116e-12,9.16249353907639e-09,-1.71050616990904e-08,-4.76883724253766e-08,2.80640782447418e-09,-6.30821232041326e-17,1.05717769133971e-08,-2.13430324958491e-15,4.77147188566523e-08,-2.84283230636562e-15,1.03435207086128e-07,-6.57196938511109e-16,-9.85723693550196e-08,-1.41534995977651e-07,-1.30664219742469e-08,-1.86473359407599e-07,-1.05812596312579e-06,8.78366134545433e-08,-9.98793523515856e-07,-4.07148038322786e-08,-1.98515239302993e-07,-1.98096721996979e-08,-3.59039943439628e-07,0.00024657287732093,3.54434894016619e-07,3.31203761203684e-08,8.51537102099698e-07,2.48539660869452e-16,-0.00050689699136156,0.000450158817190096,-4.78524875965125e-07,-7.03932243264568e-13,-9.27683700138607e-08,-6.80729526776835e-06,-7.34617469190003e-05,6.68703990425493e-14,0.504159381037838,-2.53478412139828e-06,-1.28542960237141e-16,-2.29639872956425e-06,1.35244396286372e-05,1.14253944956862e-15,-7.18227941781954e-16,-8.40239035560658e-05,-3.1389077864677e-07,-1.67960950024515e-09,-2.18003664965466e-06,5.11321085677703e-07,0.000209096988523535,1.40469145430183e-07,1.51300159058767e-06,-2.35489789216102e-06,-5.73217688593086e-16,5.20204086720004e-08,3.23225583885519e-09,8.77536127613078e-09,8.05842382423832e-07,-2.18870124386401e-15,-8.03582083303823e-16,2.58608588646042e-07,-6.88360924481554e-16,-1.68094521796929e-15,1.4322395262271e-06,-1.57428140480688e-06,-3.21934697126891e-06,-1.70643058604711e-08,7.7908669117673e-05,5.36739432510698e-07,4.60200940302136e-08,-3.8962497680679e-17,1.09035426162049e-07,5.03840886671894e-09,2.304093816907e-08,-8.29891396258395e-05,9.64635175018715e-06,4.75374705722972e-16,4.14764831000226e-16,-1.00407263510466e-15,-7.30362693984659e-08,-3.81892204206825e-07,-2.00580630777044e-07,-1.99708012561119e-15,-3.64626462402329e-05,-8.15398525551741e-16,-2.07659869634509e-16,4.02167800558502e-06,-8.82483962896148e-08,8.79504802320241e-16,-2.14780303784316e-07,-0.000153138740599308,-4.58586104532636e-15,3.23706552629327e-07,2.86941741449104e-16,8.5174075568324e-08,1.17975391295018e-15,8.48708652769308e-08,7.33989949077759e-07,9.56100910438225e-06,2.49254827614518e-08,1.70550797037741e-07,-5.83930968180277e-07,2.28689081195328e-07,-1.48110178788762e-15,1.02570882804061e-05,-9.22843676081225e-07,-3.04557015112524e-15,-7.60490867358635e-08,-2.22685409178048e-07,3.59205669976171e-07,-2.76572422293935e-15,1.80530912929376e-07,0.00193685164120942,-4.48233535306696e-16,-4.76050346445084e-07,-1.08766511750741e-07,-8.10302150548413e-06,-3.2717709367209e-15,6.15603141533503e-16,1.04607858373691e-07,3.19206555873675e-08,2.58048548578495e-09,-2.82167969447518e-07,1.8479175505057e-08,9.31545730924687e-15,-3.43124425195355e-15,6.73131881408031e-08,4.63857183940287e-10,1.16194126584399e-14,1.62025135538017e-07,1.70444782840656e-14,9.21648291285912e-07,-3.07459612287181e-08,-1.79584499586099e-08,-1.18898285873775e-07,0.707106781288627,7.9830162021418e-14,4.66342125033132e-14,-2.98298607631323e-14,-1.29378005862584e-05,-2.26746536683184e-07,8.88264961082451e-16,-6.70939459916628e-16,8.78383807631496e-15,5.0628903763932e-07,2.85447182582412e-09,-2.49182999775646e-07,-2.36132525140501e-15,9.32709313429536e-15,9.43787149126907e-15,-9.5763789191206e-07,3.23307326365392e-07,-1.17726198647351e-15,3.54848655745817e-08,-4.75597541031304e-05,2.8358273214664e-16,-2.24372599387654e-15,-9.17767422899528e-08,-9.40041457130057e-10,-4.53530437230824e-08,-1.27519633255856e-15,5.08342205328016e-08,7.38719468718358e-08,7.90281342890694e-08,-7.17506022685828e-08,-2.55301027453093e-07,2.17044285581976e-08,4.55029639516644e-15,7.04362330950618e-16,-1.00483989138828e-15,4.08135575955054e-07,-5.87868650518958e-07,-2.00881264408926e-08,-1.57024542626525e-08,-2.03482997632833e-16,2.1343450092203e-16,2.41547532476704e-16,2.57631677654749e-17,3.10135240787659e-16,1.92820717400858e-06,-4.39688041683615e-17,1.8283331884979e-16,-1.20238578089422e-08,1.65171511890139e-16,-1.07619941106336e-08,-2.11578410696119e-16,-1.33395186178748e-08,-5.27777859690096e-16,-1.60884860791278e-08,-2.0115768129307e-09,-1.26784609229601e-06,-3.3619246048865e-16,6.43584015458735e-08,1.63476134153711e-16,9.09811836408009e-08,-4.12091631088598e-06,8.80064864363949e-10,-8.11290638939519e-16,1.2826103419604e-07,3.20336316835733e-16,-3.14341275086412e-08,-1.77401364726147e-07,4.5972231563958e-16,2.12206674551257e-16,3.5025556332352e-16,-1.74313360671244e-15,-5.94140170336061e-10,-7.7321742337492e-09,-1.72534649591733e-09,-3.67035019597792e-16,-3.40245888499269e-16,-2.44297318515466e-05,1.02426350335767e-06,-7.02506248893552e-16,-3.80783024436844e-16,-7.80319210893359e-09,2.57170884575682e-18,-5.52530937411758e-08,2.12688629112789e-16,5.20420865323215e-07,2.05373189070604e-17,-6.52909089777668e-17,4.74281360132943e-16,3.58148693656144e-16,1.78295523675631e-17,-7.21579983150251e-16,6.88022389478233e-08,-4.81144422810987e-07,-8.29849996497838e-17,-4.61155667695589e-08,1.75302662164034e-07,3.81946796317172e-16,-5.36722677112039e-17,-3.84611744708039e-16,-3.83924600190047e-16,1.72341610176014e-08,2.75437934144446e-09,-4.34981183680264e-16,1.20393879018789e-16,-3.12557061875217e-08,-1.11485168626407e-07,-2.25689000311396e-06,1.08786475914068e-19,5.19712932953961e-17,-4.29395616854088e-16,7.61186622882074e-18,1.14674154653808e-16,1.15707632959316e-16,6.55140201385155e-08,-6.19363154055435e-08,-1.19039795767071e-08,-2.53559029532074e-16,-1.88038052788429e-17,1.47906216265616e-16,-2.75996603600642e-16,1.35774286272835e-16,-8.94321799399388e-17,1.27835470827122e-16,-1.43139090080473e-16,5.36211386839792e-16,-2.35751088743486e-16,9.39043287248004e-17,-7.14809243819314e-17,-4.95241357864323e-16,6.92630387940502e-17,4.47734122226799e-08,8.84563854000214e-12,2.00492062808486e-16,-3.92716351791027e-15,1.00668567747036e-06,-1.10311534158696e-09,1.67483610930141e-16,-1.63319778465677e-08,9.18385599513635e-07,-5.22788048249719e-17,3.17894086406807e-16,-1.60919597646353e-07,1.47163492638954e-16,2.25294367823148e-08,-7.4808071668989e-16,1.86146750174473e-16,-1.6668321169395e-16,-9.61359000539316e-17,2.00067464680456e-09,-2.74678559857148e-07,-1.00358007098954e-16,9.67993981016655e-17,-2.73215058771404e-16,-9.56068080352896e-18,5.34457460926729e-16,-2.02927302037524e-16,1.25101964913388e-16,-3.18336804874678e-17,2.25949188920478e-08,7.70048971608876e-17,-1.32866624434341e-16,5.41095060016887e-18,-2.51987411188397e-18,-2.18690005256872e-17,7.12373659673415e-17,-6.44030965623693e-08,-1.81585158807369e-17,-8.62468000621532e-17,4.79980997723098e-08,8.88563521232156e-17,-8.04101879765542e-17,8.89215388478767e-17,1.0542467212266e-16,1.39443312100985e-05,-2.79969732410412e-17,-2.93772002858025e-08,-2.55083810053375e-16,2.64142522774873e-17,2.16834090073272e-16,1.28424382605618e-16,1.21828177169248e-17,3.16515338897582e-17,1.05990307058514e-09,-4.10207542306181e-16,-3.89999881562024e-17,4.12275320850297e-08,-1.32141516311186e-07,1.15957979337615e-16,9.24689710927545e-08,1.35387279680714e-08,-3.62539643612813e-18,-3.58969435602695e-16,-4.66205312756352e-17,3.36322461458193e-16,4.82220324943193e-17,-2.26303997520131e-08,2.86695592804118e-17,-4.76115536547916e-17,1.52044303485721e-16,9.04899445289488e-09,2.51858895555889e-17,-7.3923583724881e-17,1.79336817962207e-16,2.64997962449385e-17,-4.11618670289988e-09,3.34880936307096e-17,1.62829718631451e-06,5.56033160376733e-17,5.93152828420043e-16,-2.10999680964378e-16,-3.25248262117199e-17,7.49671961965111e-17,-4.05396759086379e-17,1.65731955886623e-17,-1.47817528764599e-07,-8.68987114472726e-17,1.61842403166376e-16,9.87086866616729e-08,-1.12189162675116e-16,1.11179763437353e-17,-4.76443303534596e-17,1.53007719326146e-16,-3.46487179276798e-17,-2.12667829983305e-16,-6.51064044915575e-08,9.12066568374664e-17,-4.30618293332533e-17,2.12428343845218e-07,3.83419618643628e-16,1.28385823025361e-16,8.95614227212587e-17,-3.9926324840891e-17,1.02736540588145e-16,3.08168318063575e-17,1.55481443460141e-16,-1.03863503879011e-16,-1.78345235321206e-16,-3.2182230568669e-17,3.10152002166363e-16,-1.11070226062057e-07,2.31648659628445e-07,-1.69259642284117e-16,-7.46238425464552e-17,4.06479159347096e-17,-2.33976823453024e-17,3.00432421995733e-16,-1.42467400316578e-16,9.05159253008441e-17,2.53834537705927e-16,-2.90380824549105e-09,1.51741338116977e-16,-6.52830493782004e-17,-1.59161722975441e-16,-8.71000118934856e-17,3.71230523231361e-09,1.19663390973467e-16,-4.05338340355285e-09,-1.26050523731997e-17,-6.35732985903658e-18,-4.78651549772749e-17,6.39461771835493e-17,1.93706215732544e-16,-1.5021074867798e-16,1.8634106646897e-17,-4.74867046497155e-17,5.43250057671443e-18,-1.99997756075736e-17,1.57395572823683e-16,4.8062529647879e-18,3.40887841006325e-17,5.57642948432235e-17,-7.78772840429885e-17,-1.0165510874351e-16,2.31297482519569e-17,-4.72001914413296e-17,3.87707262817358e-16,-1.93303226053213e-16,-1.1817803680092e-16,-1.25690270762192e-16,-4.01107780717188e-17,-1.71558572258581e-16,1.96475565851191e-16,2.77918189455994e-10,-5.84230310126468e-16,1.25465050527159e-17,2.2391161682923e-16,4.65125302900161e-17,-6.05638781875952e-17,-1.7856722202715e-17,1.56500819775767e-18,-4.62192782548608e-17,4.08761265563529e-17,-7.73658264771618e-17,-9.80118763926896e-17,1.0197502925723e-18,5.24500838421705e-19,-2.65209188917008e-17,-9.62099105852535e-17,-1.48370960110863e-16,5.34346011119196e-19,-3.56362726345626e-09,2.36320321793092e-17,-8.74799337620463e-17,-4.15592824156688e-17,2.94141398963375e-17,1.42943635653685e-16,2.46654317178425e-17,2.5344097743566e-17,-1.31022686439985e-16,3.23290845699917e-17,7.52310775305184e-10,1.87776888645829e-16,3.59242404058926e-17,-2.65143842717547e-18,-1.48768832050437e-17,-2.70175413904783e-17,1.72550560702125e-16,6.4873932281313e-18,3.49859335189993e-18,4.08064736588071e-17,-1.44187822116149e-16,-1.02574737959789e-17,6.39077223761626e-18,-7.09536007104429e-18,3.78233379461193e-09,-1.58809105436837e-17,-6.32450856223715e-17,3.34723644255868e-18,-1.58835618269126e-16,-1.13668377343707e-08,1.33383106401102e-17,5.88172968897292e-17,5.13070507220558e-17,1.2562084681363e-17,-2.98599633124129e-17,1.43037118953539e-17,3.97122334985036e-17,7.06395682783421e-17,-6.93799691200838e-17,-2.79365618283792e-17,-4.72334109428197e-17,2.15990075975488e-17,-2.43653093068518e-17,-1.56333671331603e-16,3.14678067739129e-18,1.04405865251449e-16,-1.7992157747986e-16
"t476",-0.0447586031643905,-0.0681957538915244,0.0239840136274682,0.0323560548488752,0.00253933659447175,-0.00108918256918763,0.00606720959529294,0.000109538087858087,4.26562693370615e-05,-0.000140069375057232,-3.48225335748997e-05,-0.00263316518337496,0.00663857203737508,-0.00141197396365827,-0.00177974034152166,-0.00363119483369416,-0.000426443278008224,0.0280742659635348,3.46653765180168e-05,1.72043541532586e-05,-0.00026797976919259,-0.000202874306070682,0.00132632767728302,-0.0272595531774178,0.0833405078346321,0.000208904642925547,-0.000231418542029862,0.000205696829247088,-0.00321374209004188,4.27313435286303e-05,2.11556090710031e-06,-7.20725680879548e-06,0.00634897027253421,5.31207856141496e-05,6.8040164189168e-06,0.000136448900276945,0.264416686883189,3.40315520332992e-05,0.000194132150910069,3.24567310779894e-05,0.00095197641659522,-8.42041830506597e-05,0.000949881099101632,-5.63381535144412e-05,0.00190840986379683,-4.03476504806572e-05,0.0793126834916794,-0.00039761364860493,5.06373021375719e-05,-9.27567049764511e-05,0.000988062571716412,-4.8694862536968e-05,6.80497965953758e-08,-0.000147729855203822,7.27437892876068e-06,-7.53441163741248e-05,2.31954568916009e-06,-0.000147288888545306,4.96598712736407e-05,-4.71473404390771e-05,-3.74037542548832e-05,5.51969251403884e-06,-0.000173105031482519,9.11785616780758e-05,-6.01250111377601e-06,0.000214668364394,-6.35297579831975e-07,1.94112762077775e-05,-4.89001551940219e-05,1.59616564584283e-05,0.000412352309321548,-0.000303661723584804,2.25417959078816e-05,0.317110950734257,-0.23364172024889,1.80851702478972e-06,-0.00780091774069117,7.47977555827626e-05,-0.00016392486839728,-0.000177630609534484,4.93278415308137e-05,0.000738525767136367,-0.000102795579555035,-0.000701667782144026,0.000111788029373512,0.0617493246427613,0.00470182042580195,6.07553805440145e-05,1.85288899073509e-05,-0.00411981970114261,6.56367552033367e-05,-3.28116038398295e-06,-2.73844840929119e-05,0.00377530843141214,1.89012661439679e-07,-7.20073045303513e-06,-0.00153936454605878,-2.42978669430131e-05,3.21453223994915e-05,4.67827305965245e-06,7.90783003817594e-07,-0.00604668465857318,1.165743512425e-08,6.65946532745408e-07,-3.80916411379555e-07,0.00643545672874984,-1.04394996256779e-05,5.04397742663834e-06,-1.99555519581111e-06,5.28461536000626e-07,2.3877337145047e-06,6.32136055410314e-06,-1.07659349119842e-05,1.126187697914e-05,-5.87349356111208e-08,2.36202003295778e-06,-3.54950267286459e-06,3.93283653156198e-06,-4.13381047607991e-06,1.043175033941e-05,-3.95388726900381e-05,9.97739019365454e-06,-9.72637235721998e-06,-2.67515015812635e-05,8.74427551482711e-06,-8.59416798739371e-05,8.74817888903623e-06,-2.84086346835956e-06,6.24714069843433e-06,0.000207783687634266,-0.00164944038324655,3.07013923453135e-05,-0.00727120662998304,9.93520427075731e-07,1.06581616459247e-06,5.09075181681512e-06,-3.50764794888702e-08,-2.44099114650686e-05,7.86607510448163e-06,-2.26483585517177e-05,-1.4561396163464e-06,-5.65553778797062e-05,1.11097267797001e-05,7.10488635490151e-07,2.24154288214153e-06,-1.43114247556296e-07,-6.83287940632827e-06,1.07581959923604e-06,7.10109624300853e-08,-1.79587233944305e-07,-2.79676979169116e-05,-8.42872261345164e-07,-1.81966814048894e-05,6.87232818508924e-06,-2.25031388881273e-06,-2.01041556733644e-07,3.07528778910982e-06,-0.0218843544554813,4.20832792861657e-07,3.17998038912082e-08,-0.015088812797617,-1.45330632258645e-05,1.25139377504601e-06,0.00022492256730878,-7.83267841782286e-06,2.40132179499681e-05,1.88213683974965e-07,4.04292728011115e-09,2.11364645727223e-07,4.7770678668371e-07,-1.26758652350157e-05,-1.30773432596792e-06,2.37832205793548e-07,9.25814660650984e-08,2.93832197949157e-06,4.22140751648032e-08,2.71140477419397e-07,-1.40235171637132e-06,-9.94462425824889e-07,-3.1864708918633e-05,2.05075596455199e-05,6.71099821433654e-05,-9.39346604159264e-07,-1.89695448076283e-05,-1.21267800959942e-07,-0.000115554883598632,-4.54180696594299e-06,1.14083897108547e-06,5.13701478627238e-06,-4.58751190507681e-05,-1.40849879794414e-07,2.66563781555994e-07,1.06786008562903e-06,5.39375210435794e-06,1.85711192285548e-07,-2.66549488009506e-07,-4.92772992927481e-07,-2.51367951157092e-06,2.95681422155181e-07,1.28078619425751e-07,1.27862746377378e-07,2.14045608407685e-05,-3.51485698984297e-09,-0.00132280871046275,2.46402922909524e-06,-2.67723368401051e-05,5.62637866037471e-07,2.12590406827818e-05,-4.3508852673927e-06,-5.13960169128404e-05,-1.98128821200754e-05,7.01298821181263e-05,-0.000389255549981121,-1.15293864807716e-06,-7.36575846347817e-07,-9.83849328889995e-07,1.53341911190091e-06,1.33474083830418e-07,-2.45460393984406e-07,-1.21835854973711e-06,-6.63410793217614e-06,5.33750503301016e-05,2.05604516372379e-06,6.63749199974807e-06,-1.68106578476919e-06,-8.58826598074601e-07,-9.05912420387328e-06,-6.22568930153514e-07,-9.72663815630596e-07,-7.6999236421185e-07,1.63326899366229e-05,5.38020379237055e-06,2.57853444613383e-07,4.30956193998796e-07,-2.2584478599577e-08,-3.68354818591274e-07,-1.90115792393349e-06,-5.77300190337482e-17,-2.83670587596632e-07,2.12890832845371e-05,-5.97027699565585e-07,-1.07085723666527e-05,-1.71128785986117e-06,2.0451817598058e-06,-3.29421166654582e-07,1.19445267138347e-05,-2.72173911540994e-08,1.7847536386052e-09,-4.55966145777645e-06,4.12438142579506e-06,-1.2922721523832e-07,1.76722597181373e-05,-8.18532242317496e-07,3.04477937867507e-07,-1.9742909073263e-08,0.000228764236626322,-0.000205385837215937,1.33486118250613e-05,4.2834594415386e-07,-8.28014104046503e-08,1.82109476922361e-06,-3.543765668422e-07,3.91666418330595e-05,-3.17961273893097e-05,2.01979959063851e-07,-6.9121738001633e-08,1.7523734597744e-05,3.67954546906902e-05,-0.00287919533076929,2.6475716153607e-08,1.56020264540778e-08,-4.72150497609732e-08,6.71535922213118e-06,-5.83721414932736e-06,1.31622894479709e-06,-2.85319691946869e-05,1.38209245984281e-05,-0.000265899625680824,2.30543566062363e-06,-1.35050787353786e-06,4.57523947757364e-07,9.33744722949466e-17,-1.12840011528161e-06,-3.86699808927384e-08,-9.13905431030532e-08,-0.000175460026980978,5.45761338953954e-08,-3.38598557781393e-08,-7.91813465065132e-07,8.96638185713472e-08,-7.14264501750674e-07,1.87087748963807e-06,6.84838339535277e-08,-6.12396734798809e-08,7.93661558133803e-07,-9.64405079957678e-07,8.05614618670312e-05,-4.52887142764587e-07,5.22531253918527e-06,2.61568876565225e-08,2.25530324553765e-07,1.07915482774678e-06,-8.93377753701875e-06,4.86362530266967e-05,-8.04312104386595e-07,1.07863976992201e-06,-3.90989202747437e-06,2.44447464484756e-07,2.20714578229044e-07,1.68135366260351e-06,-4.51761381670224e-06,-2.26461716394055e-07,2.94187096616662e-06,-1.20113710432775e-06,2.96545833390234e-08,2.75384340548835e-07,-5.32746367370612e-07,-8.62759250326539e-17,1.64706030809885e-09,0.000360522019564606,-5.77538685201241e-07,4.25784430478471e-07,6.08811277789426e-07,1.11974706423071e-07,2.61499323393786e-07,-3.84212294676653e-06,1.43366371541828e-06,6.10197205635799e-18,-1.10406669816412e-06,-1.34852710929375e-08,-3.98098552549971e-08,0.000278022775199936,2.80423724320565e-07,-1.89377168490252e-08,-7.24280741779097e-07,1.93053308287118e-07,-1.01972339758801e-05,1.20872759035323e-06,-2.45550871558706e-07,-4.44139827934652e-07,-2.34919916356247e-08,-2.32450762210456e-08,-4.43831765339029e-07,9.94647277132707e-05,-4.7494646954703e-07,-2.74647902202755e-17,-9.744360765639e-06,7.65184561315785e-07,3.52186068772619e-08,1.93555630462996e-07,-9.08092616311665e-07,-1.91834043131669e-06,1.16492187636678e-05,-9.06785810409732e-05,-1.59443433261813e-07,-1.49788512147819e-16,-3.02053680070815e-07,-0.000193187525067703,-3.7964560479041e-07,-6.77991940696537e-17,7.17817108628917e-07,7.2244073991578e-06,-1.10185504866055e-06,-5.85999328296446e-07,-1.95299661097214e-07,-1.04457647813066e-07,-3.73418880929926e-06,1.04071759836496e-07,1.10599656518521e-06,7.02018932559617e-05,2.26448404919495e-07,2.28384868737401e-06,7.51880524542847e-17,-9.05719450842321e-07,4.25149302964921e-07,2.75118915511888e-06,-2.77347793394621e-07,4.28286340226564e-17,-2.69486131637311e-07,3.49076191183753e-07,-1.21174464433133e-07,-1.07839315654819e-07,-2.73183984060324e-07,2.02248142589742e-06,-3.86512614861406e-06,5.44601756709027e-07,-1.85150198200486e-17,2.01393342748862e-06,-2.69067715868683e-06,1.19634654084903e-05,2.5129158235789e-06,-2.55479435730864e-07,-1.71770225781094e-09,3.20923843055709e-16,-2.3173773854415e-16,-1.67358979073097e-09,-1.50199614458031e-06,1.98238543716646e-07,-2.8946457989462e-07,8.32585084258976e-16,-1.40402147523231e-07,-1.67614176244563e-09,2.05840551465118e-16,2.6114032157646e-16,8.09687339897792e-17,3.70650482121275e-07,1.10069554666851e-06,-1.64033114885316e-06,1.01576124814309e-06,5.1104382208134e-07,1.85348607513712e-06,-0.00418671878177533,-6.78188091273396e-17,-2.3859753224627e-06,1.82925744313086e-06,-3.07760530239634e-16,5.66549815121494e-16,-6.51967878001376e-05,-9.74545553129322e-11,-7.62686300832311e-07,6.05671353999174e-07,7.89527407284581e-07,-4.26947088782962e-08,-2.60613473299051e-16,-1.4465310233265e-07,2.07247021174686e-15,-5.04012917509592e-07,9.48243220055822e-16,-9.32019033149286e-07,4.66313203591163e-16,7.45364533973311e-07,1.03597413605705e-06,6.63460034118936e-08,8.86191808368976e-07,4.89602773169487e-06,-3.63871539072015e-07,3.78338888230768e-06,1.27637227014589e-07,6.21344782062431e-07,5.87548530853106e-08,9.69108098308011e-07,-0.000591032341261226,-7.73094102130256e-07,-6.72738713146203e-08,-1.6714839613445e-06,-2.03665994188572e-16,0.00089784218136087,-0.00072510212732477,5.98328833199092e-07,8.53860755055061e-13,1.08139934563082e-07,7.15233712623409e-06,7.38798260026211e-05,-6.57988980729375e-14,-0.495788689909896,2.28189496706245e-06,3.67313633661311e-16,1.97980824441561e-06,-8.99778939839929e-06,-9.17184542505399e-16,8.05720629889537e-16,5.04642307558332e-05,1.86786196066932e-07,9.56972426785412e-10,1.1798272887584e-06,-2.45857681541953e-07,-9.95024381336969e-05,-6.58680524768035e-08,-6.01937453936252e-07,8.13593029545602e-07,-1.23056946577105e-16,-1.70037230518931e-08,-1.04636899054018e-09,-2.74530417804967e-09,-2.41771264673988e-07,2.3857953325663e-15,2.28791024059537e-16,-7.316764702097e-08,6.31606103307996e-16,1.37298095982801e-15,-2.66905719576288e-07,2.697470370041e-07,5.50623298683865e-07,2.38448004761075e-09,-1.05679547138025e-05,-7.23390458264199e-08,-5.9453653116718e-09,2.0119398963419e-16,-8.01431698345772e-09,-3.14492729703562e-10,-1.35519514692619e-09,3.42587688824178e-06,-1.05171677189217e-07,1.51780990062083e-16,-1.99674167318264e-17,1.83147530148803e-15,-2.15658342252245e-09,-1.75363901974161e-08,-9.45574229366211e-09,1.36631923335546e-16,-2.27347326466979e-06,3.02562355183716e-16,1.59550034079285e-16,4.96105050258297e-07,-1.09488113438007e-08,4.03323208164608e-16,-2.95780858962503e-08,-2.2274033516082e-05,2.53416467308222e-15,5.20597221411726e-08,2.98811528455043e-16,1.52101778541489e-08,-1.20278496178551e-15,1.52881050835695e-08,1.3309822156941e-07,1.74668411878499e-06,4.60037974309444e-09,3.21923927057249e-08,-1.19182452527943e-07,5.13512802730908e-08,1.50714128212956e-16,2.54912520715098e-06,-2.31626419394648e-07,-3.23120986462025e-16,-1.93357132195377e-08,-5.79246174055569e-08,9.5306200735755e-08,-3.05410810407779e-16,5.10048369216523e-08,0.000553622427005992,1.34002280706627e-16,-1.38143840767374e-07,-3.1793929224101e-08,-2.43168901722259e-06,8.70608825300625e-17,-2.35806893299473e-17,3.32480931882821e-08,1.03781239891885e-08,8.42779290445573e-10,-1.00588209495993e-07,6.67273939411251e-09,-5.81894279228034e-16,-3.72975495880543e-16,2.45180344903526e-08,1.69136950517007e-10,-9.09600453032411e-16,5.99265001561877e-08,-1.30183306780169e-16,3.45458012507893e-07,-1.17299497699125e-08,-6.8597844200089e-09,-4.56355092738952e-08,-9.68132093019213e-11,2.66642289669652e-16,1.80750618395938e-16,-1.10461318190148e-14,-5.17355918298002e-06,-9.09617117614382e-08,1.8969891258681e-16,4.48880104681935e-16,9.17064347905544e-17,2.0542575016723e-07,1.16380173757723e-09,-1.02909999288139e-07,-4.44907597252729e-16,2.84006759082578e-16,5.02446391784095e-16,-4.12020858793369e-07,1.39288364020906e-07,4.67226327268462e-16,1.55167088133833e-08,-2.09187127185442e-05,-8.81604090150157e-17,2.23475263285099e-16,-4.09139762917461e-08,-4.19513189653361e-10,-2.03957955361051e-08,1.88470880466042e-16,2.31485408317212e-08,3.38663329284061e-08,3.65643889116256e-08,-3.3604485941675e-08,-1.19954457541526e-07,1.02585904750137e-08,2.06475696312536e-17,2.31983701032307e-16,-2.60500918100636e-16,1.99189585291913e-07,-2.8704275095979e-07,-9.8467240802529e-09,-7.84450517970442e-09,-1.01507228482988e-16,-6.08849264866371e-17,2.98675719771926e-16,5.80541788793666e-16,-4.02488867899712e-16,9.8158769927409e-07,4.3379597641963e-16,-1.58858791389397e-16,-6.16458615644718e-09,1.78065342349205e-16,-5.51970236792975e-09,-1.52860655517145e-16,-6.84599708872326e-09,2.84935488017061e-16,-8.35607087688868e-09,-1.04768890091859e-09,-6.63118582929227e-07,-4.88939463405805e-16,3.38337458330617e-08,-1.11805075385512e-16,4.83554613871184e-08,-2.22046602685158e-06,4.74480722190339e-10,6.78169394954743e-16,6.95238426964835e-08,2.68504582007019e-16,-1.71813331754752e-08,-9.70034944793921e-08,4.84684108643268e-17,2.01382723937554e-16,-5.03391214912279e-16,-5.49606011457096e-16,-3.27061121479937e-10,-4.26383284448796e-09,-9.5334572539271e-10,4.90111299598105e-16,-2.34883673240963e-16,-1.36271659478738e-05,5.71581724483246e-07,-1.35908642505497e-16,-1.05669414144586e-16,-4.40435195709635e-09,-9.52832091243358e-16,-3.12605854856379e-08,1.54368859206777e-16,2.96438146368227e-07,9.83700796399451e-16,-2.10110734586663e-16,-5.6678611309387e-16,-9.60039165751142e-16,4.21638707044055e-16,-1.24893526510626e-16,3.97138840210281e-08,-2.77772238158033e-07,-3.54842845026603e-16,-2.67428568669636e-08,1.01848281280239e-07,2.38551489401393e-15,2.26816668095174e-16,6.6841613147049e-16,-1.63620047602852e-15,1.00916808418093e-08,1.61576627943332e-09,5.81455215514002e-16,-1.06080060894985e-15,-1.83716601373201e-08,-6.55463069483407e-08,-1.32806397615896e-06,6.41026230940365e-16,-2.00767779926904e-15,-2.36852002646044e-16,-8.49826684018686e-17,-5.81435687963138e-16,1.78164998673421e-15,3.90850605065172e-08,-3.69968715629968e-08,-7.11948558182398e-09,5.57321869921563e-15,-2.03706181491043e-15,5.25442831546939e-15,-6.27474724675953e-15,-1.46138684745065e-15,4.32385176333444e-15,-1.53185307890483e-15,-1.97339632544917e-15,1.01990646676004e-14,6.91858832328072e-15,1.11322179321624e-15,2.56533032958077e-15,-1.58029856578614e-14,-2.04412751248184e-14,2.73190265512618e-08,-0.707106781195852,1.17810920541772e-14,7.79437455333823e-14,6.15807333625899e-07,-6.75193056148557e-10,9.19529169073611e-15,-9.99997596834131e-09,5.64058648579029e-07,-2.04206244676417e-15,-1.76896172199323e-15,-9.92092903405982e-08,-2.55971061590442e-15,1.39532183489761e-08,-5.69252114813662e-16,-9.81324428385369e-16,-1.81863265370937e-15,-1.59966585397766e-15,1.24781847114728e-09,-1.71396903046103e-07,-9.90656937928461e-20,6.15391687866988e-16,5.97507801863555e-16,-2.03455824923691e-15,2.8550837909147e-15,3.59767478002656e-16,9.39463790981251e-16,-2.8768844426735e-16,1.44287475343646e-08,1.46933079128101e-16,8.46262648610141e-16,6.48289484527263e-16,4.64539349493095e-16,-6.01275852337415e-16,-4.31221005892415e-16,-4.13209996567242e-08,-6.94713332834827e-16,-6.70933005952132e-16,3.08219925919956e-08,5.50492012478683e-16,1.02375531620785e-15,-7.32924192589896e-17,2.44416753619809e-16,9.04302939545449e-06,-1.80272847055182e-16,-1.90842646620839e-08,-1.03103908542829e-16,4.69731411540128e-16,1.02954243374008e-15,2.10989385007352e-15,-3.99293169158368e-16,-5.31705539439384e-16,6.90943031877194e-10,-1.26727489325561e-15,5.54025494639725e-16,2.69469221029292e-08,-8.63810710757753e-08,-4.21452785488157e-16,6.05830812717103e-08,8.87641231757787e-09,4.44293509796758e-18,-4.49721308652688e-16,-5.37156084561656e-16,-1.34804926273618e-16,1.57396874298271e-16,-1.49882984759073e-08,-8.76685036800379e-16,-2.74023842738334e-16,1.50371144761123e-16,6.00847059844712e-09,8.20789225870579e-17,-4.26877904315148e-16,1.19592800945118e-16,-1.65891988583841e-16,-2.74220647730174e-09,-5.09498132757764e-18,1.0858746529824e-06,-3.59404508288608e-17,-7.44468017233433e-16,7.85861090952818e-17,-1.69677585388799e-16,-2.92988400318278e-17,8.7745506696862e-17,2.39962493716631e-16,-9.91002122835182e-08,5.65055013483778e-16,-1.47611792264022e-17,6.62624022177791e-08,1.82942329187015e-17,-2.99234982595487e-17,-3.30569246246894e-16,1.06232682798325e-16,-1.99060815716833e-16,-6.79131677970676e-17,-4.38817803549527e-08,-1.30306030219973e-16,-4.53099495620564e-17,1.43432145781318e-07,-1.96681695406328e-16,-3.03907577616076e-17,-1.95737038206632e-16,1.66157590365839e-16,-4.66138413067289e-16,2.65815685846131e-16,-4.37376861811679e-16,4.09423358886462e-17,-2.69273547576509e-16,1.33408073935934e-16,1.57837704464872e-17,-7.54806887854695e-08,1.57543142223982e-07,-2.28574493059405e-16,3.24721953474489e-16,-2.07464202257062e-16,-3.43037806374532e-16,6.00756423774218e-16,-5.60141878884699e-16,-8.81066356416304e-19,-1.4024980976298e-16,-1.98266801704042e-09,1.88493387308935e-17,-2.14335206640984e-16,-4.53526095431199e-18,1.88582314393976e-16,2.54306417445017e-09,-2.35268714729179e-16,-2.7868926395452e-09,-1.59438225284729e-18,3.46655111112146e-17,-5.44843657667723e-18,-9.63628256157106e-17,-1.68070578389919e-17,3.10973679965653e-16,-1.48327069273928e-16,1.79128948649805e-16,-2.90796215026554e-17,1.06250396689359e-16,9.58657666554115e-17,2.17874473665596e-19,-1.82902927455368e-17,2.05013410599287e-16,1.38653148148996e-16,6.56216246610448e-17,2.30967423515252e-16,-2.46609926730154e-16,4.67179932796535e-17,-8.21336244852876e-17,-9.68192540029555e-17,6.71638391838242e-17,2.7838470947523e-16,1.21707153821822e-16,-1.16434040862292e-16,1.93574155011995e-10,3.53213317073092e-16,1.86843346398577e-16,-4.54691435568781e-17,-1.57400507140807e-16,1.21011122099923e-16,-1.15726007422765e-18,1.08024714641036e-16,-8.69959188059465e-17,-3.39546165274338e-17,-1.44012931902942e-17,-2.02312125385795e-16,1.16589863363012e-16,3.49070734648444e-17,7.21019213074634e-17,8.83454009039797e-17,-2.60459292902512e-17,8.74390838339088e-17,-2.5028384940945e-09,7.5496705074736e-18,7.72315956453446e-18,3.19157902343851e-17,-9.58626573781259e-17,-1.79678494715661e-16,7.64364439901224e-18,-4.45036826568723e-18,-1.62448697448521e-16,9.36022096323196e-18,5.32730981382517e-10,2.63400200362669e-16,1.16107105387716e-16,-1.990836570111e-17,2.66339223008047e-17,-1.55490441519863e-16,-8.36334835208533e-17,-6.9494487872784e-17,-2.12700362934967e-16,-1.58378808911327e-18,1.3044484309089e-16,8.98685707158207e-18,1.10071065326601e-16,5.26236207516639e-17,2.69965608335174e-09,1.36812215089121e-17,-3.67058076466652e-17,-2.79803143209605e-16,-4.94504610870639e-16,-8.1421976427842e-09,-3.74533115846365e-17,-3.33289682051608e-17,-1.75888525451059e-16,-7.82658110524751e-17,5.24116911108602e-17,-6.11108596415396e-17,1.4813774665134e-16,1.57941278157104e-17,4.64708795489351e-17,6.29840443454797e-17,9.56502344703885e-17,2.36620785232609e-17,-3.44191329797195e-17,1.18636181086983e-16,2.08670966013091e-17,-9.27576068486997e-18,-2.40482123662565e-16
"t996",-0.0447586031643916,-0.068195753891528,0.0239840136274695,0.0323560548488776,0.00253933659447198,-0.00108918256918771,0.00606720959529361,0.000109538087858083,4.2656269337033e-05,-0.000140069375057239,-3.48225335748983e-05,-0.00263316518337564,0.00663857203737688,-0.00141197396365865,-0.00177974034152219,-0.00363119483369528,-0.000426443278008367,0.0280742659635436,3.46653765179717e-05,1.72043541532569e-05,-0.000267979769192651,-0.000202874306070767,0.00132632767728361,-0.0272595531774307,0.0833405078346718,0.000208904642925631,-0.000231418542029979,0.000205696829247212,-0.00321374209004362,4.27313435286728e-05,2.11556090707157e-06,-7.20725680875848e-06,0.00634897027253888,5.31207856141793e-05,6.8040164189042e-06,0.000136448900277099,0.264416686883421,3.40315520333557e-05,0.000194132150910259,3.24567310780361e-05,0.000951976416596129,-8.42041830506889e-05,0.000949881099102525,-5.63381535145632e-05,0.00190840986379873,-4.03476504806828e-05,0.0793126834917641,-0.000397613648605323,5.06373021375861e-05,-9.27567049765753e-05,0.000988062571717562,-4.86948625370007e-05,6.80497965827568e-08,-0.000147729855203899,7.27437892879955e-06,-7.53441163742197e-05,2.31954568921129e-06,-0.000147288888545528,4.96598712736894e-05,-4.71473404390826e-05,-3.74037542549636e-05,5.51969251405439e-06,-0.000173105031482775,9.11785616783277e-05,-6.01250111381013e-06,0.000214668364394295,-6.35297579830382e-07,1.94112762078356e-05,-4.8900155194101e-05,1.59616564584406e-05,0.000412352309322411,-0.000303661723585345,2.25417959079536e-05,0.31711095073497,-0.233641720249417,1.80851702479759e-06,-0.00780091774070906,7.47977555829905e-05,-0.000163924868397788,-0.000177630609534824,4.93278415309335e-05,0.00073852576713809,-0.000102795579555386,-0.000701667782145891,0.000111788029373794,0.0617493246429323,0.00470182042581517,6.07553805441888e-05,1.85288899074119e-05,-0.00411981970115427,6.56367552035455e-05,-3.28116038387453e-06,-2.73844840929975e-05,0.0037753084314236,1.89012661400021e-07,-7.20073045302235e-06,-0.0015393645460637,-2.42978669430156e-05,3.21453223996271e-05,4.67827305972464e-06,7.90783003865765e-07,-0.00604668465859354,1.1657435110285e-08,6.65946532747394e-07,-3.80916411341173e-07,0.00643545672877328,-1.04394996258297e-05,5.04397742679677e-06,-1.99555519584222e-06,5.2846153581062e-07,2.38773371459168e-06,6.32136055413428e-06,-1.07659349120115e-05,1.12618769791405e-05,-5.87349355924373e-08,2.36202003298819e-06,-3.5495026728838e-06,3.93283653159529e-06,-4.1338104760988e-06,1.04317503394292e-05,-3.95388726902078e-05,9.97739019367108e-06,-9.72637235719898e-06,-2.6751501581427e-05,8.74427551490455e-06,-8.59416798743209e-05,8.74817888906962e-06,-2.84086346837568e-06,6.24714069845267e-06,0.000207783687635106,-0.00164944038325381,3.07013923454241e-05,-0.0072712066300167,9.93520427054992e-07,1.06581616467761e-06,5.09075181678764e-06,-3.5076479487101e-08,-2.44099114652124e-05,7.86607510455221e-06,-2.26483585518705e-05,-1.45613961639351e-06,-5.65553778801161e-05,1.11097267797615e-05,7.10488635599047e-07,2.24154288194138e-06,-1.43114247646253e-07,-6.83287940636013e-06,1.07581959920143e-06,7.10109623706639e-08,-1.79587233911328e-07,-2.79676979167519e-05,-8.42872261348456e-07,-1.81966814050112e-05,6.87232818513434e-06,-2.25031388885261e-06,-2.01041556713125e-07,3.07528778915698e-06,-0.0218843544556098,4.20832792796727e-07,3.17998039185634e-08,-0.0150888127977077,-1.45330632258708e-05,1.25139377513425e-06,0.000224922567310168,-7.83267841780944e-06,2.40132179501084e-05,1.88213683944256e-07,4.04292721010759e-09,2.11364645761973e-07,4.77706786683583e-07,-1.26758652351692e-05,-1.30773432590249e-06,2.37832205837982e-07,9.25814660797212e-08,2.93832197946044e-06,4.22140752253206e-08,2.71140477471846e-07,-1.40235171622073e-06,-9.94462425840289e-07,-3.18647089188923e-05,2.05075596456509e-05,6.71099821438853e-05,-9.39346604128234e-07,-1.89695448077264e-05,-1.21267800994742e-07,-0.000115554883599499,-4.5418069659192e-06,1.14083897098259e-06,5.13701478631914e-06,-4.5875119051065e-05,-1.40849879622047e-07,2.66563781543622e-07,1.06786008558814e-06,5.39375210438912e-06,1.8571119236008e-07,-2.6654948791696e-07,-4.92772992868129e-07,-2.51367951153852e-06,2.95681422131441e-07,1.28078619623316e-07,1.27862746435682e-07,2.14045608409819e-05,-3.51485696499753e-09,-0.00132280871047417,2.46402922900993e-06,-2.67723368403046e-05,5.62637866034699e-07,2.12590406828946e-05,-4.35088526736583e-06,-5.13960169132931e-05,-1.9812882120259e-05,7.01298821188755e-05,-0.000389255549984733,-1.1529386479725e-06,-7.36575846243946e-07,-9.83849328873624e-07,1.53341911207759e-06,1.33474083872211e-07,-2.45460393957453e-07,-1.218358549749e-06,-6.63410793228044e-06,5.33750503305372e-05,2.05604516367547e-06,6.63749199972542e-06,-1.68106578477848e-06,-8.58826598020917e-07,-9.05912420402998e-06,-6.22568930172188e-07,-9.72663815613023e-07,-7.69992364165579e-07,1.63326899367833e-05,5.38020379249301e-06,2.57853444660035e-07,4.30956193954976e-07,-2.25844786837973e-08,-3.6835481856054e-07,-1.90115792407014e-06,1.52545913304298e-17,-2.83670587517856e-07,2.12890832839521e-05,-5.97027699607543e-07,-1.07085723666489e-05,-1.71128785990164e-06,2.04518175992195e-06,-3.29421166714991e-07,1.1944526714029e-05,-2.72173911877724e-08,1.78475356834225e-09,-4.55966145779269e-06,4.12438142598716e-06,-1.2922721535869e-07,1.76722597182279e-05,-8.18532242377976e-07,3.04477937906323e-07,-1.97429096597621e-08,0.000228764236629295,-0.000205385837218586,1.33486118253927e-05,4.28345944224239e-07,-8.28014104997123e-08,1.82109476928046e-06,-3.54376566906566e-07,3.91666418336443e-05,-3.17961273897936e-05,2.01979959094133e-07,-6.91217380555698e-08,1.75237345979402e-05,3.67954546912927e-05,-0.00287919533081025,2.64757161739689e-08,1.5602026496907e-08,-4.72150498223341e-08,6.7153592221781e-06,-5.83721414844238e-06,1.31622894476472e-06,-2.85319691949852e-05,1.38209245985303e-05,-0.000265899625684758,2.30543566064242e-06,-1.35050787352742e-06,4.57523947634274e-07,1.64037966315626e-16,-1.12840011541494e-06,-3.86699809734224e-08,-9.13905431951164e-08,-0.000175460026983687,5.45761338382636e-08,-3.38598557742448e-08,-7.91813465071905e-07,8.9663818572572e-08,-7.14264502102151e-07,1.87087748964675e-06,6.84838340737355e-08,-6.12396734976187e-08,7.93661558287624e-07,-9.64405080023231e-07,8.05614618684784e-05,-4.52887142924658e-07,5.22531253884483e-06,2.61568876293565e-08,2.25530324524393e-07,1.07915482786228e-06,-8.93377753710973e-06,4.86362530276823e-05,-8.04312104323018e-07,1.07863977004813e-06,-3.90989202753913e-06,2.44447464525881e-07,2.20714578167985e-07,1.68135366270281e-06,-4.51761381669912e-06,-2.26461716400763e-07,2.94187096641625e-06,-1.20113710426116e-06,2.96545834600089e-08,2.75384340439296e-07,-5.32746367430191e-07,-2.61624961314727e-17,1.64706029519717e-09,0.000360522019572351,-5.77538685788662e-07,4.25784430511353e-07,6.08811277794341e-07,1.11974706456452e-07,2.61499323558431e-07,-3.84212294686907e-06,1.43366371544517e-06,-3.42602191020322e-17,-1.10406669794712e-06,-1.34852709510869e-08,-3.98098554618555e-08,0.000278022775206176,2.80423724326406e-07,-1.89377167772053e-08,-7.24280741715008e-07,1.93053308079415e-07,-1.01972339761727e-05,1.20872759051039e-06,-2.45550871546519e-07,-4.44139828215748e-07,-2.34919917012668e-08,-2.32450763815617e-08,-4.4383176528946e-07,9.94647277158079e-05,-4.74946469584276e-07,-1.41928107623707e-16,-9.74436076598934e-06,7.65184560486153e-07,3.52186068397301e-08,1.93555630584339e-07,-9.08092616417674e-07,-1.9183404314321e-06,1.16492187640519e-05,-9.06785810434893e-05,-1.59443433317725e-07,-1.83833684152332e-16,-3.02053680117026e-07,-0.000193187525072971,-3.79645604816144e-07,-1.15370267608008e-16,7.17817108592901e-07,7.22440739920994e-06,-1.10185504892817e-06,-5.85999328022111e-07,-1.95299661183725e-07,-1.04457647645483e-07,-3.73418880950771e-06,1.04071759599492e-07,1.10599656520201e-06,7.02018932580549e-05,2.26448404836191e-07,2.28384868744257e-06,5.46468877276581e-17,-9.05719450673478e-07,4.25149303036291e-07,2.75118915531036e-06,-2.77347793406371e-07,8.68081121123308e-17,-2.69486131592806e-07,3.49076191258129e-07,-1.2117446455789e-07,-1.07839315780459e-07,-2.73183984131192e-07,2.02248142565807e-06,-3.86512614880488e-06,5.44601756684305e-07,-1.22852895398024e-16,2.01393342761907e-06,-2.69067715948849e-06,1.19634654088708e-05,2.51291582370862e-06,-2.55479435714838e-07,-1.71770225271002e-09,3.24393290007663e-16,-4.04112873056586e-17,-1.67358931401999e-09,-1.5019961453833e-06,1.9823854367704e-07,-2.89464579782143e-07,7.49650835644733e-16,-1.40402147234149e-07,-1.6761416902169e-09,1.25386259709287e-16,3.11000004758085e-16,1.42136338735619e-16,3.70650482087133e-07,1.10069554661255e-06,-1.64033114910241e-06,1.015761248236e-06,5.11043822049122e-07,1.85348607521561e-06,-0.00418671878193825,-1.9509167308045e-16,-2.38597532247245e-06,1.82925744292849e-06,-2.90333676853443e-16,5.50055756818017e-16,-6.5196787802834e-05,-9.74548755663827e-11,-7.62686300561958e-07,6.05671354113565e-07,7.89527407542689e-07,-4.26947088071659e-08,-2.373031265902e-16,-1.44653102329545e-07,2.16037717807922e-15,-5.04012917510242e-07,2.347026652888e-15,-9.32019032976967e-07,5.62931022459248e-16,7.45364534102303e-07,1.0359741361726e-06,6.63460033789866e-08,8.86191808388587e-07,4.8960277319914e-06,-3.63871538985608e-07,3.78338888228038e-06,1.27637227091335e-07,6.21344782386158e-07,5.87548530475556e-08,9.691080979452e-07,-0.000591032341288886,-7.7309410222392e-07,-6.72738711117538e-08,-1.67148396144931e-06,-2.85658292599347e-16,0.000897842181404556,-0.000725102127360137,5.98328833310805e-07,8.53908387153233e-13,1.08139934780067e-07,7.15233712655375e-06,7.38798260066835e-05,-6.5815444446489e-14,-0.495788689935554,2.28189496725961e-06,2.84893355657333e-16,1.97980824433562e-06,-8.99778939887139e-06,-9.69559217084612e-16,8.57762135546007e-16,5.04642307583619e-05,1.86786196012039e-07,9.5697222282486e-10,1.17982728852349e-06,-2.45857681786236e-07,-9.95024381393078e-05,-6.58680524155825e-08,-6.01937454083618e-07,8.13593029649192e-07,1.4810201676152e-15,-1.70037228853532e-08,-1.04636907240708e-09,-2.74530445481249e-09,-2.41771264744742e-07,2.39806420556157e-15,3.59856963918327e-17,-7.31676472051739e-08,7.34672379229019e-16,8.74344028470122e-16,-2.6690571945794e-07,2.69747037229005e-07,5.506232988306e-07,2.38448025102514e-09,-1.05679547146207e-05,-7.23390457816404e-08,-5.94536483528793e-09,2.44412019331996e-16,-8.01431704818753e-09,-3.14493166364004e-10,-1.35519536579527e-09,3.42587688797372e-06,-1.05171677385965e-07,-4.40496792021502e-17,-2.25738703451623e-16,1.2735438763092e-15,-2.15658330354665e-09,-1.75363902919318e-08,-9.45574223793938e-09,4.40474959042073e-16,-2.27347326483984e-06,3.88105906592829e-16,2.55929029122834e-16,4.96105050162157e-07,-1.0948811307399e-08,-8.28113619344428e-16,-2.95780851811992e-08,-2.22740335177604e-05,2.86602540555327e-15,5.20597221949255e-08,1.69193396591075e-16,1.52101783681002e-08,-1.26317618248907e-15,1.5288105099246e-08,1.33098221823317e-07,1.74668411870033e-06,4.60037957987019e-09,3.21923928019551e-08,-1.19182452435731e-07,5.13512803741595e-08,-2.39360297961801e-16,2.54912520738296e-06,-2.31626418970994e-07,-1.62064816685345e-16,-1.93357133632552e-08,-5.79246176491793e-08,9.53062007218609e-08,-2.59235324910585e-16,5.10048370800529e-08,0.000553622427056521,1.16969178219666e-16,-1.3814384058111e-07,-3.17939292396295e-08,-2.43168901726232e-06,3.35202543342155e-16,6.41619973107053e-18,3.32480931435271e-08,1.03781243110361e-08,8.42779323081406e-10,-1.00588209325776e-07,6.67273945418979e-09,2.62584505048635e-16,2.48604669437719e-16,2.45180347895314e-08,1.69137180951308e-10,-7.1561741679415e-16,5.9926500650182e-08,-8.54619081347985e-17,3.45458012608743e-07,-1.17299498235898e-08,-6.85978450792052e-09,-4.56355093906978e-08,-9.6816721974127e-11,1.49242554114981e-16,1.49158322640916e-16,-1.11820736861595e-14,-5.17355918359804e-06,-9.09617110091695e-08,-1.42246656775958e-16,-1.61116098926101e-16,-3.45202442143565e-16,2.05425749978642e-07,1.16380250125592e-09,-1.02909999608861e-07,4.96262117836237e-17,-9.15581629609696e-16,3.17589921375316e-16,-4.12020859105592e-07,1.39288364569615e-07,-3.32953359384443e-16,1.55167092046275e-08,-2.0918712721584e-05,2.06661628374609e-16,-4.6089596075016e-16,-4.09139760187003e-08,-4.19513324075107e-10,-2.03957960658855e-08,-3.24397078631505e-16,2.31485409859329e-08,3.38663329524896e-08,3.65643898914993e-08,-3.36044858282037e-08,-1.19954456208509e-07,1.02585902461125e-08,-2.42377798855123e-16,-4.97026540760297e-16,3.1736406936875e-16,1.99189584257135e-07,-2.87042751148361e-07,-9.84672378206057e-09,-7.84450539976292e-09,2.14012544369143e-16,-8.60797991401051e-17,-2.63501705669198e-16,-8.5679102708377e-16,4.17059799801167e-16,9.81587699921885e-07,-4.71503300302609e-16,1.52522538416021e-16,-6.16458602901108e-09,-3.28768606166966e-17,-5.51970175177007e-09,2.09075493424904e-16,-6.84599772472111e-09,-2.06806267152812e-16,-8.35607101338078e-09,-1.04768926946076e-09,-6.63118582407992e-07,5.4168254934675e-16,3.3833745727599e-08,-1.98981976150179e-17,4.83554609626473e-08,-2.22046602732988e-06,4.74480322119665e-10,6.24982577096246e-16,6.95238423593258e-08,-7.05929509146987e-16,-1.71813328273585e-08,-9.70034948605614e-08,-5.26548439076596e-16,-2.49586065170002e-16,6.97230506120872e-16,-1.61422604513959e-15,-3.27061275308331e-10,-4.26383236206258e-09,-9.53346245722089e-10,-3.64370315513297e-16,2.04239761289788e-16,-1.36271659530679e-05,5.71581725445584e-07,1.29768551469065e-16,5.41209659808613e-17,-4.40435059581954e-09,8.51173649731093e-16,-3.12605864378875e-08,2.37320130222242e-16,2.96438146493744e-07,-8.37740586009914e-16,8.13975864293224e-16,7.40857335784e-16,4.45175246891029e-16,-3.80922338702736e-16,-1.44409165615258e-16,3.97138817658448e-08,-2.77772240679749e-07,2.89926193468681e-16,-2.67428566303819e-08,1.01848282580332e-07,-2.6335453006831e-15,-1.99255874310477e-16,-8.06589577211377e-16,1.56063398613793e-15,1.00916787235606e-08,1.61576456617708e-09,-6.42389951158092e-16,1.02607272820132e-15,-1.83716585678914e-08,-6.55463056947885e-08,-1.32806397728487e-06,-6.12078423537993e-16,2.16880909917631e-15,3.43278640257624e-16,-7.17862962207466e-18,2.27398084309184e-16,-2.21272319825401e-15,3.90850634523989e-08,-3.69968695745576e-08,-7.1194871435595e-09,-5.50059889115483e-15,2.08300293562774e-15,-5.24894378441124e-15,6.23717545740146e-15,1.05263887783382e-15,-4.5220460016754e-15,1.57585314610502e-15,2.0604154684762e-15,-1.00794170110402e-14,-6.85492557741723e-15,-1.16241753073665e-15,-2.66755840259094e-15,1.61489578025105e-14,2.05191420743052e-14,2.7319164665957e-08,0.707106781177242,-1.14364469015187e-14,-8.25585392909149e-14,6.15807324705267e-07,-6.75185185081648e-10,-9.05970632766667e-15,-1.00000264296991e-08,5.64058647547459e-07,2.34997741858883e-15,1.56335565235432e-15,-9.92092895784971e-08,2.38279550030401e-15,1.39532199365012e-08,-5.79319492387684e-16,6.93808190812378e-16,1.77940742173239e-15,1.47748708369049e-15,1.24781537288051e-09,-1.71396904096462e-07,-8.91123384758513e-17,-6.36328050788827e-16,-6.08040888914188e-16,1.44020129245933e-15,-2.92870111842647e-15,-1.18951125978864e-16,-1.0916555064929e-15,5.4278126841335e-16,1.44287485536888e-08,-2.23100848725331e-16,-6.83086469179892e-16,-6.97984309461318e-16,-2.07253579244719e-16,6.65331618183971e-16,2.57016980674072e-16,-4.13209992495175e-08,6.65301787195975e-16,6.13650612308123e-16,3.0821992605656e-08,-6.34652209752131e-16,-8.79245171016146e-16,-9.96039563014803e-17,-7.83018702875314e-17,9.04302939190458e-06,1.45668122180304e-16,-1.90842641840419e-08,3.9085512561521e-16,-5.09436181665839e-16,-6.5709622244219e-16,-2.41694519927734e-15,4.53511480558852e-16,3.07033664133297e-16,6.90943874670834e-10,8.84203774103636e-16,-6.55960374739765e-16,2.69469225107693e-08,-8.63810709547902e-08,4.21924684903598e-16,6.0583081486449e-08,8.87641296412981e-09,-2.12577236613518e-17,3.01630529255077e-16,4.19198154752349e-16,3.33970088531227e-16,-3.07348580102717e-16,-1.49882983396736e-08,7.80385296417633e-16,-5.95415479663719e-17,-2.70476424195638e-16,6.00847104150622e-09,-4.21588445025698e-16,3.23866601083215e-16,-3.32037993259771e-16,1.34700429001815e-16,-2.74220563640295e-09,1.08788984687055e-16,1.0858746529645e-06,-8.86227377336749e-17,9.64234626378365e-16,1.8535393306282e-16,1.80030626497601e-16,3.81170994941542e-17,-1.46935364051934e-16,-1.91358144396463e-16,-9.9100212087275e-08,-5.6241882771898e-16,4.90675188246182e-17,6.62624016481249e-08,-8.97499696504302e-17,1.10014619176458e-16,2.35008350735461e-16,-9.93567917995696e-17,2.21431917333014e-16,1.66115586599931e-16,-4.38817807324575e-08,4.73824414056457e-17,9.54637600371673e-17,1.4343214580666e-07,1.31799941177271e-16,3.17440324511597e-17,1.33598546792762e-18,7.60433869092192e-17,3.21944531702385e-16,-6.68599541787332e-17,3.37426765279079e-16,-2.28543898498722e-17,5.18076557786148e-16,-9.14363257844863e-17,-3.09387411001779e-17,-7.54806886039867e-08,1.57543142191668e-07,2.99661430183978e-16,-2.70334773710072e-16,1.79384625441771e-16,4.23746582119907e-16,-6.33282488948783e-16,5.44245054957547e-16,-3.95898056425941e-17,-7.45516306025343e-18,-1.9826679597458e-09,-6.32245730412869e-17,2.49872627680156e-16,9.63916450916008e-17,2.35448789420647e-17,2.54306406087401e-09,1.649471150463e-16,-2.78689243787983e-09,-2.77114087960081e-17,-4.23872842450003e-17,1.42400924525417e-16,7.05205520386763e-17,8.99697575686648e-17,2.9711591472908e-17,1.99455474813412e-16,-2.31680027169293e-16,-3.41333920933689e-17,-1.79728905500078e-16,-3.32036295615023e-16,-1.50892737695013e-17,-6.75045607492459e-17,-3.46224646304605e-16,-1.04848827046608e-16,2.37277980139751e-16,-2.16911064574799e-16,1.08669018109394e-16,-1.16995332930817e-16,7.24458428962112e-17,4.09936841416769e-16,-4.73667073080262e-17,-2.56126961559974e-16,-1.39991764231204e-16,1.424432865867e-16,1.93574266375171e-10,-2.61602938126135e-16,-1.08493325386415e-16,1.16779997927779e-16,-1.86241478885528e-16,1.78233146178644e-17,7.1681556494213e-18,1.83313782136213e-16,1.20798066882869e-16,-1.26477152049704e-17,-1.10244937524841e-16,1.10913882245267e-16,2.12607543210922e-17,-7.25417559612278e-17,1.51509032427562e-17,-1.14992371448485e-17,1.46585563323931e-16,-3.81335680907981e-17,-2.50283847722409e-09,2.54753338316971e-17,1.00935847415052e-16,5.12840918747902e-17,1.37005370438608e-16,7.51460637898027e-17,1.4784527270543e-17,-4.6947420988543e-17,2.44619348636551e-16,-7.66392883850069e-17,5.32730995007349e-10,7.49658627847099e-17,-1.5091831275459e-16,-4.79178838627363e-17,-4.92233634873283e-17,1.13517015349088e-16,-1.18784775943709e-16,2.9404563658149e-17,-1.10170959453706e-16,-2.74834403206839e-17,1.55941020602441e-16,-9.99070431199881e-17,-8.05841816123109e-17,3.07665204279684e-17,2.69965605397658e-09,1.21566773437668e-17,8.72251876385575e-18,-2.85649521237875e-16,-8.24644172392475e-16,-8.14219766416738e-09,-6.65197396378411e-18,1.02821751938698e-16,1.0883989476854e-16,2.00717558413802e-17,-2.81458119253793e-18,5.49894377419429e-18,2.02780040964298e-16,1.69950759637488e-17,1.64414676271451e-17,3.65846072880329e-17,9.45033230379448e-17,4.53092993617297e-18,-4.64789527943954e-17,1.50681287330256e-16,-3.71224663957893e-18,4.05045592782436e-17,-3.31489853134839e-16
"t281",-0.0435875049625537,-0.0632489420771626,0.0221561768862668,0.0283324258478804,0.00207415287336582,-0.000807014031924623,0.00442254630549169,7.37647983356463e-05,2.05912614162283e-05,3.12844227227878e-06,0.000114474308871496,-0.0295698582208329,0.0605209247442988,-0.0118967651705859,-0.0128570838467128,-0.0237185731806261,-0.00274100518698464,0.179789695456692,0.000223288517127479,0.000126166465409221,-0.00290272699933424,0.000745247492522212,-0.00178025104596193,0.0322019795433515,-0.0896419898680105,-1.0056501249093e-05,-3.94942397432926e-05,6.82566859385059e-05,-0.00257468309262597,0.00288006936213434,-8.70992965804382e-06,1.56565950027558e-05,-0.00672251048550415,-3.6353851804606e-05,-2.8050910938575e-06,-1.7760046899836e-05,-0.0248518402528922,-1.75910557206264e-06,-6.68459075182502e-06,4.62381105329577e-08,6.10644392910186e-05,-9.40527185924177e-06,0.000131856503817688,-7.94212468008525e-06,0.000325137209283357,-9.76381704862446e-06,0.00108479787614131,-0.000176246388896847,1.89071806027816e-05,-3.65251569646983e-05,0.000423470373284337,-2.16726258388568e-05,3.04505086605917e-08,-6.91065834874964e-05,3.68655295062477e-06,-3.86217619943568e-05,1.43048245861516e-06,-9.51726641599079e-05,3.2266122918234e-05,-3.43475109586566e-05,-2.98606847473247e-05,4.62625944045275e-06,-0.000151274328484699,8.05537218635007e-05,-5.79472447291977e-06,0.000226400668170822,-8.74951895185788e-07,3.17981689567174e-05,-8.84801677314343e-05,3.62123617108262e-05,-0.281574544097375,2.74855262264431e-05,-1.47821992372619e-06,-0.00212606083080884,0.000889285750144389,4.21062437551795e-08,-0.000253998249245691,5.60407355096831e-06,-2.51230833377441e-05,-3.18490307479413e-05,1.07616830533714e-05,0.000166769817269458,-2.83145480052446e-05,-0.00020260605096351,3.81502903718764e-05,0.0219368561939676,0.00173842182614692,2.26091835313075e-05,6.90691903845774e-06,-0.0015422739018167,2.49508569419267e-05,-1.46935362384379e-06,-1.2494637331647e-05,0.00203557399345493,3.87825383750875e-07,0.00213325807357524,0.0501262930070837,8.73370513889764e-06,-5.97995319419152e-06,1.1053673561141e-07,-5.76432952487535e-09,2.30248322907189e-05,-2.31539265518299e-08,2.04178877604537e-07,-9.62537820433929e-08,0.000189475349806536,-5.35964867772878e-06,2.3856609831874e-06,-8.76105776288587e-07,2.20198403520658e-07,9.8472709044932e-07,2.51974314846068e-06,-4.28138065139011e-06,4.38231954346181e-06,-2.28218192566197e-08,9.15940190616131e-07,-1.37560364123456e-06,1.5221757067582e-06,-1.59776344385201e-06,4.02632652931852e-06,-1.52454233656256e-05,3.82768622850245e-06,-3.71264126131509e-06,-1.02089497862307e-05,3.3340530350514e-06,-3.25151453352183e-05,3.30720643732744e-06,-1.06360128295583e-06,2.12800488857931e-06,7.03047140329399e-05,-0.000132149828386337,7.5045626356113e-06,-0.000608464427756423,-1.10985731927394e-06,5.16372118493835e-07,2.39919551714706e-06,-1.42954060492625e-08,-9.55292584534616e-06,2.95183261186676e-06,-8.48928969568893e-06,-5.42002416794167e-07,-2.0975510123941e-05,4.09647298339734e-06,2.61389186907319e-07,8.24640049498496e-07,-5.17865861652772e-08,-2.3846186971606e-06,3.59511440084965e-07,2.34424882885729e-08,-5.75744224989062e-08,-8.9439517726625e-06,-2.66252915490239e-07,-5.70499786824208e-06,2.13562817659631e-06,-6.33620291861735e-07,-5.55136708041668e-08,8.36852749228037e-07,-0.00233241235849782,-8.36446422460318e-08,-3.89640432601728e-08,-0.00163064713752496,-1.16234682950639e-06,-8.6093359454826e-08,-1.98747009134459e-05,2.25128109164711e-06,-1.49663539378597e-05,1.59790346727227e-06,2.73745881136979e-08,1.36185146203078e-06,1.83028248042555e-06,-3.43101711149329e-05,-3.40654669480777e-06,4.26459473105289e-07,1.532063026263e-07,4.22942909743044e-06,5.90346004755591e-08,3.73865129552342e-07,-1.58224870808472e-06,-9.81551846757687e-07,-3.08759501920675e-05,1.95433899645515e-05,6.11754213442269e-05,-8.43117253226102e-07,-2.16450146734342e-06,-1.05914913307592e-07,-1.32294000716263e-05,-3.78738715330759e-06,8.89619674170411e-07,3.99820363309676e-06,-3.50542655274424e-05,-1.02983837045925e-07,1.88955538339037e-07,7.49601686397151e-07,6.22041509968529e-07,1.27326058242747e-07,-1.77902629132728e-07,-3.27100822087263e-07,-1.65000767724639e-06,1.93036803044287e-07,8.03933578302093e-08,8.01145035716649e-08,1.31957198602306e-05,-2.13018881536316e-09,-0.000144501045579125,-1.91483007496886e-07,-1.86138609236046e-05,3.44400418678602e-07,1.27787780310764e-05,-2.54904729920164e-06,-5.81558098954042e-06,-1.11846008953593e-05,3.94076161842546e-05,-0.000214362588459354,-6.27973337693592e-07,-4.01076097784924e-07,-5.31162579290183e-07,8.10040458019101e-07,7.02119263046125e-08,-1.26203455727753e-07,-6.16313762344373e-07,-3.33671615534458e-06,2.62003678103353e-05,1.00324017414196e-06,3.21729392302299e-06,-7.97970446009466e-07,-4.05897477120068e-07,-4.27691225300678e-06,-2.86807523808628e-07,-4.41128764040028e-07,-3.42911452477594e-07,7.21167655952682e-06,2.35416282598915e-06,1.1184855205786e-07,1.86467768182018e-07,-9.54066824679228e-09,-1.5317849790651e-07,-7.76605240773595e-07,-3.42828417443202e-16,-1.12771059680623e-07,8.41544569503503e-06,-2.26369834511529e-07,-3.91895755404914e-06,-6.06707424074876e-07,7.23645528996465e-07,-1.09049168236894e-07,3.90572805326577e-06,-8.84848783151259e-09,5.63794904853526e-10,-1.41110564729537e-06,1.22628158308329e-06,-3.77020917093021e-08,5.11462923507253e-06,-2.26131095841177e-07,6.48794814269198e-08,-3.68809601050202e-09,8.73043392399535e-06,-5.10374115499033e-06,1.35743939273424e-06,2.26246537746538e-08,-1.9016091340202e-09,-4.29632924159024e-08,1.40119951727665e-08,-2.22335115104495e-06,2.58947313747515e-06,-2.40232271237128e-08,8.51566075141526e-09,-1.093729920779e-06,-3.34820259179009e-06,0.000183278188266882,-2.07892448657859e-08,-9.14146780025549e-09,2.4502135347478e-08,-3.51412614752486e-06,6.45696514335465e-06,-1.60535544531616e-06,3.76746333532089e-05,-2.20554459446106e-05,0.000109397166973265,-6.70607142351004e-06,4.55228436833945e-06,-1.75231381000215e-06,-2.07855656516959e-15,7.55953044651325e-06,2.85080838766238e-07,2.18856476297269e-07,0.328928063660095,7.78110491782174e-07,-3.34418732667332e-07,-6.81953225847888e-06,3.1886542718487e-07,-2.45956394539875e-06,6.38822301179501e-06,2.05763197947459e-07,-1.41716661879837e-07,1.77360837860874e-06,-2.10624466996487e-06,0.000164199987119187,-7.58346891527949e-07,8.23147891135245e-06,4.10704507800778e-08,3.53775129956942e-07,1.50718034001874e-06,-1.13505791645124e-05,1.46929105774848e-05,-9.98743648084044e-07,1.31917180412591e-06,-4.76084171339369e-06,2.88332468085773e-07,2.59807517407479e-07,1.97201298189379e-06,-5.28602767022096e-06,-2.63077997091841e-07,3.39415593958973e-06,-1.37859117004554e-06,3.39710446867373e-08,3.14633798066154e-07,-6.06952881492918e-07,5.06188333868092e-17,3.34506077597357e-09,0.00844820806918325,-9.30069507464569e-08,7.83158057136713e-08,1.25815996094822e-07,3.87115954507966e-08,1.30578597520381e-07,-2.30143005214651e-06,1.00017988572549e-06,-3.31411796948396e-16,-8.5104394929329e-07,-1.04339097970939e-08,-2.98227655948399e-08,5.33068308700007e-05,2.23298671777244e-07,-1.51128338394131e-08,-5.78780305930308e-07,1.54281646596245e-07,-8.14297204414259e-06,9.66206674108268e-07,-1.9734935133215e-07,-3.60016510596693e-07,-1.92467110870435e-08,-2.01847006347405e-08,-3.91711606112672e-07,0.00195483378627411,-2.99337963603602e-07,-2.00907985687922e-17,-7.25439385141673e-06,5.69925402885683e-07,2.62315316153768e-08,1.43754944182707e-07,-6.739498698691e-07,-1.4065960209543e-06,8.50527867786968e-06,-6.614602315329e-05,-1.15863631055339e-07,7.79804775694695e-17,-2.17556167170425e-07,-3.35337440792704e-05,-2.74214337877429e-07,-3.52907122124174e-17,5.15013041053861e-07,5.17574207636261e-06,-7.88803075693126e-07,-4.18861392760333e-07,-1.39236767417917e-07,-7.43275466612946e-08,-2.65303420899379e-06,7.3595206190729e-08,7.81645044963232e-07,1.23226349736171e-05,1.5880837516282e-07,1.60119660455663e-06,-2.82383216093584e-17,-6.2808102436547e-07,2.94264077834297e-07,1.89622236305475e-06,-1.89933270118057e-07,1.56022674955152e-16,-1.81969167550971e-07,2.31921062837062e-07,-7.99097296693962e-08,-7.08671921668079e-08,-1.78767284697263e-07,1.31303101071313e-06,-2.47661916018126e-06,3.37319908934593e-07,1.95773237272927e-16,1.20801624420031e-06,-1.60926006237264e-06,7.11142632939298e-06,1.48086236800319e-06,-1.5045290240592e-07,-1.00905045414124e-09,4.30211422042248e-16,-8.99513046303081e-17,-9.68858671807895e-10,-8.58114818470464e-07,1.13066938403401e-07,-1.63074343430627e-07,3.33520889929744e-16,-7.68505516384818e-08,-9.04850376315605e-10,-1.90537041197265e-16,-7.69922599768155e-16,1.28112491103601e-16,1.90189185108557e-07,5.60326644980601e-07,-8.07330379870919e-07,4.75766265370263e-07,2.37144872672427e-07,5.00456863239603e-07,-7.720213281569e-05,5.38358717861946e-17,-1.19562586087886e-06,8.916962134351e-07,-7.75260363915122e-17,-5.20166116703825e-16,-0.00066490736482645,-4.18544575256201e-11,-3.22965205790569e-07,2.52623191496143e-07,3.18787550224899e-07,-1.71437693726327e-08,-5.27787358636196e-16,-5.76405514628471e-08,-2.05320934835063e-16,-1.96313826245872e-07,-6.99906712448017e-16,-3.56755635059619e-07,2.7902145357435e-16,2.78838934635399e-07,3.85720249375716e-07,2.3116238365579e-08,3.04164701093769e-07,1.66978732996541e-06,-1.20635131073774e-07,1.22293221224424e-06,3.88172640645445e-08,1.88860843849866e-07,1.75224655116691e-08,2.79210477005883e-07,-4.23789417646352e-05,-2.13879144105985e-07,-1.91867974509315e-08,-5.01482025131156e-07,-3.12615326708249e-16,0.00366093923464532,-1.16125243065724e-05,4.2344653244707e-08,1.60319791855988e-14,5.75479327689329e-09,1.5979717732139e-07,5.79655394125424e-07,7.73377780544182e-17,-5.06220707483175e-05,-7.40989304901203e-08,-6.43801128061087e-16,-9.81899742506601e-08,1.52055257752037e-06,1.55341288287777e-15,1.85885072374768e-15,-2.900076878894e-06,-4.29436168910617e-08,-2.44234325171038e-10,-3.37994534656931e-07,8.91936140728363e-08,9.46560493226955e-06,2.5181768976517e-08,3.04143287413744e-07,-5.08974484537302e-07,-1.07732833071195e-14,1.15063401984007e-08,7.17628988064108e-10,1.97321600686235e-09,1.83810028349776e-07,5.1605727627956e-16,-3.28522966357083e-16,6.00544022694238e-08,-5.64673915128719e-16,2.2374128679575e-15,3.56742165708043e-07,-3.93691784415074e-07,-8.05127456364346e-07,-4.25442954447061e-09,1.93850952160121e-05,1.33485113574594e-07,1.14024262597679e-08,6.62443194470671e-16,2.21912244706595e-08,8.2401257956281e-10,3.21783205285775e-09,0.00886155463575973,3.39372054650429e-06,1.77345353397551e-15,8.82481824248142e-16,3.99613291202437e-17,-2.09027920285838e-08,-1.01505117804521e-07,-5.29881046105338e-08,1.21003139648757e-15,-2.27816751725627e-06,3.92276204937313e-15,-3.92874235746269e-15,1.43602138829187e-07,-2.70387491956239e-09,-1.52438825451462e-15,2.12197630014046e-08,8.55636734995367e-06,6.2988804422861e-15,-2.26386619008264e-07,-1.25271155947937e-14,-4.93543866223134e-07,1.63247495905167e-14,-8.16490074364467e-07,-1.36477777163672e-05,-0.868027315511529,3.55167017566201e-07,8.09608545064373e-07,-9.93235109678032e-07,2.55629495672684e-07,-2.16713485155738e-15,9.21370603578103e-06,-8.16152707158295e-07,1.55026512394623e-15,-6.59655915173512e-08,-1.87046009163599e-07,2.93765371081659e-07,1.23098541104622e-15,1.26627756016993e-07,5.91160753258859e-05,-1.30943610522609e-15,-4.03836067111195e-07,-8.88254187263417e-08,-1.62554964171517e-06,-1.32332293585426e-15,8.18589152921416e-16,7.73897416787685e-08,2.33275449815994e-08,1.8816286197382e-09,-1.99161390049079e-07,1.29980811551886e-08,-5.34824413827678e-17,1.62537362000451e-15,4.72447477186325e-08,3.25477510356468e-10,-7.13972241348541e-17,1.13317876815633e-07,-9.01625590704212e-15,6.42793877507779e-07,-2.13732617453091e-08,-1.24812859494508e-08,-8.25692676276465e-08,-4.75880753016568e-14,-3.43702305939932e-16,3.99457140889607e-16,-4.98313827445498e-15,-2.32836749290137e-06,-1.56569764184794e-07,4.00206493252244e-16,-1.15615289937443e-16,3.07820563912835e-16,3.49239258765824e-07,1.96834289951829e-09,-1.71718033882423e-07,-1.12003823208809e-16,-1.10983000133763e-15,-1.72949220049456e-15,-6.6262664858015e-07,2.23850038223261e-07,2.17865315015914e-16,2.52742368893727e-08,-0.000732086165176544,1.94772757768649e-16,2.24755929985149e-16,-6.15894005974476e-08,-6.3167431291446e-10,-3.06506523084169e-08,-7.81026494555976e-16,3.44868523397974e-08,5.01718093469556e-08,5.37317802414099e-08,-4.88348319457839e-08,-1.73803715359567e-07,1.47820059498977e-08,-1.08601008202934e-16,4.97437235345153e-16,-3.78280416058897e-16,2.78533156155947e-07,-4.01204624439491e-07,-1.37130747593826e-08,-1.0733196435814e-08,2.81754651208753e-16,2.85457306220963e-17,1.54804247385082e-16,3.8802384821147e-17,-1.59520844791578e-15,1.31988670428824e-06,2.4512106396239e-16,1.53577273421331e-16,-8.23528825487035e-09,-2.15134620616241e-16,-7.3712530225796e-09,4.12557218071744e-17,-9.13716947480551e-09,-5.50399196849603e-16,-1.10315419816816e-08,-1.37964294277596e-09,-8.69890216884457e-07,-5.82511329504903e-17,4.41786061525048e-08,3.29449975469521e-16,6.25206818803e-08,-2.83586526138665e-06,6.05666776240338e-10,9.9776768101837e-17,8.83218777380636e-08,5.91233083116886e-17,-2.16661039533843e-08,-1.22280260700259e-07,3.76739671099961e-17,7.23026296765687e-17,-3.13774632139885e-16,-3.44232136821194e-16,-4.09849839247328e-10,-5.33489597660008e-09,-1.19070157073002e-09,-4.05812225470808e-17,1.69997941615962e-16,-4.43622409702551e-06,7.08320959855787e-07,1.93081364229542e-16,-3.43168695162443e-16,-5.39996844740227e-09,1.86860689229931e-16,-3.82481198328848e-08,2.68260883477968e-16,3.60580111436627e-07,-1.20537205411675e-16,-8.43276294792605e-17,-1.21183883492974e-16,-5.08466651302852e-16,-5.22844928309416e-17,2.16659603804527e-16,4.77593357052854e-08,-3.33996413529578e-07,-9.57899665242668e-17,-3.20330547504003e-08,1.21803170641572e-07,-2.85275979850921e-16,4.36293659081249e-17,1.49618933357001e-16,1.82854615483965e-16,1.19888200480891e-08,1.91659728741279e-09,-3.59212673779388e-17,-3.57441830849615e-18,-2.17556005702625e-08,-7.76025855824278e-08,-4.13888578670706e-07,4.99177005552391e-16,1.59742396439049e-16,5.88621072808754e-17,-2.41065031468467e-16,4.57884864724188e-16,1.45372158792329e-16,4.57120693499677e-08,-4.32249574852449e-08,-8.309475232402e-09,2.77425036776018e-16,1.7835418291812e-16,1.40568747500825e-16,-1.65978421963782e-16,-2.66018886799496e-16,-2.93941722185914e-16,6.33685302777315e-17,-4.20773900438945e-16,-5.60327118131326e-17,-3.01854509156899e-16,-1.018238548794e-16,-1.0078426129171e-16,1.34064707468807e-16,-1.54656323288927e-16,3.13696056616348e-08,3.53651263844821e-15,-3.5135259753904e-17,-6.87379844261931e-16,7.05678838540475e-07,-7.73368557575126e-10,4.28846821174243e-16,-1.14508259757061e-08,6.44326398290554e-07,5.81923665692703e-17,-5.63193485829801e-16,-1.12993169873839e-07,-2.97984587454888e-16,1.58364016365456e-08,-1.25327932184798e-14,1.29648197833314e-16,-5.06437362983079e-17,-4.29146459268056e-16,1.4088723909667e-09,-1.93453681848673e-07,3.44821108365505e-16,-1.99435730673407e-16,-5.23438777415438e-17,-6.73665915862817e-17,-1.96457433654373e-16,-1.4963701123878e-17,-2.1996442220974e-17,-2.22704686534587e-17,1.60861241987162e-08,-2.05253176679822e-18,-1.50922199984456e-16,1.10459930022649e-16,2.41349147157932e-16,3.91803603551927e-17,2.78831606791961e-16,-4.61231486903678e-08,-4.14194919659428e-17,-8.18319270676506e-18,3.44296353703074e-08,9.6991731071499e-17,2.75565346440374e-16,3.85851942464414e-17,-1.97252693969899e-16,0.00531465007833185,-8.35186779236809e-17,-1.85300713689631e-08,-2.09983632698793e-16,2.05878864556284e-17,-1.71795866605218e-16,-3.22761269276541e-16,1.43968307186982e-16,1.21169615335656e-16,7.22033838373557e-10,-9.87618785640902e-16,-6.23072682031862e-18,2.8442088365357e-08,-9.12001000781835e-08,-1.88257200880229e-17,6.41733868087611e-08,9.40797880068742e-09,3.9563704449922e-16,-3.02457744560737e-16,-1.97616858539995e-16,1.40771195847258e-16,4.06338825785569e-17,-1.5882416191718e-08,2.72569900906441e-16,5.64545766856007e-17,7.16413912117353e-18,6.35955509135268e-09,-3.09578464179631e-16,-3.42163517152885e-16,1.51214286387176e-16,-1.43478072798981e-16,-2.89728812857524e-09,2.73483965532594e-16,3.04352480427592e-07,-1.5492935878272e-16,-3.0563056959705e-17,-2.27675212181865e-16,-1.63905109573263e-16,2.06263943602393e-16,-1.78671847705203e-17,-1.30996444133814e-16,-1.04296698280386e-07,-7.13159561730323e-17,1.99011229247002e-16,6.96770634595309e-08,-3.98895709356622e-16,1.77474411354703e-16,4.92780102784355e-17,-7.20380682953019e-17,-7.42791731959575e-17,-1.37037874465494e-16,-4.60161035397283e-08,2.75010148286071e-17,3.02483904069786e-18,1.50219958924019e-07,-2.88802407301771e-17,1.43680817243257e-16,-9.7686394132163e-17,-2.20505654769841e-17,2.53902943014865e-17,-8.16416297433074e-17,-1.36156422133486e-17,3.18069204968163e-18,-2.55712905036282e-17,1.67016691701791e-16,3.3515311235243e-17,-7.86840931314849e-08,1.64136780664482e-07,-1.18919534279348e-16,2.78579122998201e-17,-3.28093482930828e-17,-2.99674075553648e-16,-6.29921462214078e-17,2.07427819597956e-16,1.47259626252113e-16,-1.46508593014304e-16,-2.05958802511316e-09,-2.19905701308737e-16,-1.1365358061895e-16,1.99680970812529e-16,-8.49724403195847e-17,2.63516341500519e-09,-1.73920619205687e-17,-2.87978631333298e-09,-3.7964955536697e-18,6.53035884071695e-19,1.14560182237133e-16,-7.15454043537091e-17,-7.94607417216009e-17,-8.49755747608876e-17,-2.08089734738471e-17,-1.04818101408058e-17,-8.10082670369031e-17,2.55434301701418e-17,-1.63498783737938e-17,5.7659854000403e-17,1.20580032408556e-17,-6.37423515385361e-16,5.04427474978834e-17,6.24273702475539e-17,3.49984433648197e-17,2.00531683598189e-16,-8.10164507786364e-17,1.30522098346441e-16,3.48028897367847e-17,-7.57820958019225e-18,-2.11549287592511e-16,9.25024483169793e-17,2.03384760143269e-16,1.98030860577622e-10,-3.11548399671241e-16,8.70541082056042e-17,1.1015041812536e-17,-3.17871781700834e-16,-1.34522894666898e-17,1.24307191444209e-17,-7.75134896972278e-17,9.94460824253069e-17,8.30130102835382e-17,6.65883539642434e-17,2.47198095326695e-17,-3.13649921664712e-17,6.27807292224156e-17,-3.88716184889895e-17,2.50189229137374e-17,-1.86973882934618e-16,2.58594215758535e-16,-2.54383260224931e-09,7.9834345590076e-17,-8.07385787318186e-17,-7.50032954433117e-18,6.60742063455119e-17,-3.00742194217795e-17,-6.49496957112751e-17,-2.24410072262244e-19,3.90404189505776e-17,6.29428253510491e-17,5.3795651643927e-10,2.23678000056375e-16,1.16520322528778e-17,7.20234570826591e-17,3.55771643948521e-17,-1.12324662214543e-16,-1.79632366263123e-16,-4.96599681502291e-17,1.3282662376508e-16,5.22092017833183e-17,-1.00502288770502e-16,6.97812347540621e-18,1.46425162908757e-17,4.1844736646476e-18,2.70908933500817e-09,-6.92423593031701e-18,-7.96788970175603e-17,-1.44498388011476e-16,-4.01696904905879e-16,-8.14746622918021e-09,-1.7553514905275e-17,-7.21101715966529e-17,-2.40337730162885e-17,-5.79811274469285e-17,-1.68101283576889e-17,2.11574803104341e-17,-5.10823121612134e-17,-2.68663343161661e-17,-7.77686692032577e-17,2.29809417703203e-18,8.84256647875539e-17,7.27965336426097e-17,-4.56492301058678e-17,-1.37427820622235e-16,-7.21951961438547e-17,8.46288989779573e-17,-2.02605467971657e-16
"t213",-0.0435912136100405,-0.063260278386503,0.022160276337709,0.0283394496014775,0.00207478226620008,-0.000807301259025359,0.00442415119780255,7.37936914299993e-05,2.06007833885624e-05,3.13019549338014e-06,0.000114555628516204,-0.0295957142299399,0.0605753838057114,-0.0119076314836739,-0.0128693362335447,-0.0237425019981611,-0.0027438361141969,0.179978726837453,0.000223528683652957,0.000126313810933497,-0.00290639173115904,0.000746381413068598,-0.00178311025292418,0.0322539909379002,-0.089787341017639,-1.00735779047145e-05,-3.9562089725708e-05,6.83749919188108e-05,-0.00257926426951588,0.00288611101349393,-8.72940028640824e-06,1.56931686982362e-05,-0.00673933428898108,-3.64490912565174e-05,-2.81281017008086e-06,-1.78127685334546e-05,-0.0249265365880924,-1.76447566128727e-06,-6.70513379768618e-06,4.63822927690363e-08,6.12602435274677e-05,-9.43614973317874e-06,0.000132295747645153,-7.9686134612234e-06,0.000326240239634415,-9.79902067078272e-06,0.00108878036466081,-0.000176898880825362,1.89788240545881e-05,-3.66670177610172e-05,0.000425168887038493,-2.17608432614122e-05,3.05747218578142e-08,-6.93936271020431e-05,3.70240625240679e-06,-3.87887079197379e-05,1.43724477731184e-06,-9.56332072035196e-05,3.2422690177156e-05,-3.45236635554459e-05,-3.00201148178303e-05,4.6514445373652e-06,-0.000152110747662268,8.10008468018716e-05,-5.82781473813818e-06,0.00022772613718627,-8.80353994769317e-07,3.19990870898171e-05,-8.90451586189196e-05,3.64479771362339e-05,-0.283587471239272,2.76955674020723e-05,-1.48962896893248e-06,-0.00214280508303972,0.00089630711168449,4.24415695985886e-08,-0.000256027951078275,5.64960542162525e-06,-2.53348277633119e-05,-3.21213803846244e-05,1.08559745121364e-05,0.000168238639212103,-2.85734084933658e-05,-0.000204478845051887,3.85195322742405e-05,0.0221517878746249,0.00175566411828019,2.28338716904559e-05,6.97559469463623e-06,-0.00155762856327997,2.52004126347402e-05,-1.48469020341954e-06,-1.26255524413886e-05,0.0020574522066409,3.92174741267971e-07,0.00215733244201139,0.0506921463255204,8.83386202482345e-06,-6.04892911289623e-06,1.11839594893598e-07,-5.83345852614478e-09,2.33013809827782e-05,-2.34325038317105e-08,2.06825900887603e-07,-9.75084042502834e-08,0.000191955455116498,-5.43032577328039e-06,2.41718545439618e-06,-8.87725085443575e-07,2.23134887818892e-07,9.97882537363671e-07,2.55376289414328e-06,-4.33925726310883e-06,4.44319704189294e-06,-2.31406715383367e-08,9.28897304562539e-07,-1.39517127996266e-06,1.54415696658706e-06,-1.62116855726783e-06,4.08593969311325e-06,-1.54725067004402e-05,3.885882372999e-06,-3.7698309039928e-06,-1.03662870075422e-05,3.38553244734358e-06,-3.30238886036495e-05,3.35900879676939e-06,-1.08044960010443e-06,2.16279550297069e-06,7.14545205053296e-05,-0.000134316556540063,7.63017319173393e-06,-0.000618689665557104,-1.12856241321785e-06,5.25177761068672e-07,2.44017514219659e-06,-1.45456159223088e-08,-9.7233859273944e-06,3.00588183860464e-06,-8.64484407031137e-06,-5.51977246363923e-07,-2.13623928000671e-05,4.17229953572807e-06,2.66234118587062e-07,8.39925292125422e-07,-5.27558103500855e-08,-2.43010593944463e-06,3.6650100203933e-07,2.39003995445136e-08,-5.8710680662519e-08,-9.12060877628399e-06,-2.71532373896598e-07,-5.81837997196833e-06,2.17818246553713e-06,-6.46547062175695e-07,-5.66504607833401e-08,8.54034740661989e-07,-0.00238317466288291,-8.54902915939654e-08,-3.9825604592633e-08,-0.00166712144729785,-1.18840736793065e-06,-8.80520335159342e-08,-2.03276602708268e-05,2.30331677066568e-06,-1.53169671731442e-05,1.6367935370421e-06,2.80417198009514e-08,1.39505171356575e-06,1.87513132878703e-06,-3.51559279052975e-05,-3.49059113935842e-06,4.37104794708809e-07,1.57044654841508e-07,4.33622731122982e-06,6.05281678858741e-08,3.83333190882914e-07,-1.62304942201726e-06,-1.00733299847776e-06,-3.16894841375768e-05,2.00598717240662e-05,6.28064356755225e-05,-8.65671913874805e-07,-2.22259659474892e-06,-1.08766509897839e-07,-1.35892964123823e-05,-3.89068455340402e-06,9.14421291211536e-07,4.10974945259471e-06,-3.60393715844182e-05,-1.05935809780327e-07,1.94460520288273e-07,7.71562278699905e-07,6.40415994818215e-07,1.31110247565985e-07,-1.83286399434957e-07,-3.37038258543836e-07,-1.7005479992749e-06,1.9897379263172e-07,8.29439957379759e-08,8.2659973319652e-08,1.3620450372092e-05,-2.19962333912211e-09,-0.000149353742173088,-1.97914347260818e-07,-1.92407472709476e-05,3.56095796736961e-07,1.32152195872213e-05,-2.63742983121059e-06,-6.02097932028399e-06,-1.15854647061593e-05,4.08263829665066e-05,-0.00022223712916582,-6.51298386596872e-07,-4.15977748289717e-07,-5.51067141304703e-07,8.4105530592307e-07,7.29112341104839e-08,-1.31161633982336e-07,-6.40888330859415e-07,-3.47044171490422e-06,2.72724841972531e-05,1.04449491603807e-06,3.35030596023709e-06,-8.3150169194205e-07,-4.230093363408e-07,-4.4573628756163e-06,-2.99122814857872e-07,-4.60271804315429e-07,-3.57967196441325e-07,7.52998475721261e-06,2.45863817809972e-06,1.16837597196366e-07,1.94797201937208e-07,-9.97252420322431e-09,-1.60169179916112e-07,-8.12362509400591e-07,-3.03850521273222e-16,-1.18029320499505e-07,8.80882610919311e-06,-2.3713589387442e-07,-4.10781871504936e-06,-6.36263448533216e-07,7.5892105465169e-07,-1.14471843584331e-07,4.10059469281639e-06,-9.29063741021975e-09,5.92173543384483e-10,-1.48248386221104e-06,1.28886863595343e-06,-3.96339634885592e-08,5.37713271963167e-06,-2.3784078306611e-07,6.83652409817143e-08,-3.88881873214899e-09,9.21069135029267e-06,-5.39105053947416e-06,1.43397988258539e-06,2.39209171341504e-08,-2.0115353835707e-09,-4.54784984447744e-08,1.48356241201355e-08,-2.35459428189213e-06,2.74322572278092e-06,-2.54620158823223e-08,9.02617946524046e-09,-1.16074637086658e-06,-3.55346027664939e-06,0.00019452013140791,-2.20719522432235e-08,-9.70673751516074e-09,2.60278202536993e-08,-3.73322459066686e-06,6.87662341490084e-06,-1.71016751816696e-06,4.01432355119307e-05,-2.35125726230681e-05,0.000116672365225974,-7.15869509298755e-06,4.8608610816857e-06,-1.87149819052576e-06,-1.95982499767175e-15,8.07971555334619e-06,3.04727808271307e-07,2.34014733463253e-07,0.351979426489574,8.33192441317886e-07,-3.58205193315201e-07,-7.30573511793838e-06,3.42297608608805e-07,-2.64065945660161e-06,6.85882915051076e-06,2.21056095377138e-07,-1.52516561745769e-07,1.9093564972301e-06,-2.26793690245688e-06,0.00017693064781133,-8.19395561434692e-07,8.90462305757679e-06,4.44321358705312e-08,3.82740106979385e-07,1.63545194612597e-06,-1.23606308006736e-05,1.60078314346868e-05,-1.08887044673536e-06,1.43942000377163e-06,-5.19615776008051e-06,3.15386381779984e-07,2.84232400887721e-07,2.15806683290784e-06,-5.78596652685874e-06,-2.88159286525725e-07,3.72062590345091e-06,-1.51228290155561e-06,3.72772592243538e-08,3.45441689073449e-07,-6.67156987603954e-07,9.15541942793965e-17,3.70399001967298e-09,0.00936183375138925,-1.03183514058979e-07,8.6887870943309e-08,1.39592234493612e-07,4.29624955242343e-08,1.44995072568928e-07,-2.55715638907956e-06,1.11277488703467e-06,-2.60693163850332e-16,-9.49756409170666e-07,-1.16486367667589e-08,-3.33224688180409e-08,5.95683226426094e-05,2.50048133519411e-07,-1.69429635362199e-08,-6.49950823879899e-07,1.73453972429165e-07,-9.17819123916861e-06,1.09164016513085e-06,-2.23314233848216e-07,-4.07741432028113e-07,-2.18100904389762e-08,-2.2895482539785e-08,-4.44366349797328e-07,0.00221916276382101,-3.39999913690267e-07,1.86495091713986e-16,-8.27417844150013e-06,6.506147253695e-07,2.99456187620772e-08,1.64525209655185e-07,-7.7162329630136e-07,-1.61823559612289e-06,9.79876742335512e-06,-7.62268411999418e-05,-1.33663505117609e-07,1.05471489486732e-16,-2.51285959634453e-07,-3.87505498977862e-05,-3.17420970899881e-07,-2.1461975653554e-17,5.97290608641673e-07,6.00531213701315e-06,-9.15446862067965e-07,-4.86345941876658e-07,-1.61801793980153e-07,-8.64264648740152e-08,-3.08638405058687e-06,8.57399979839986e-08,9.10790073603304e-07,1.43730068193597e-05,1.85562753498047e-07,1.87112071213169e-06,1.2362835346002e-16,-7.3657518218009e-07,3.45311459483111e-07,2.22826626418243e-06,-2.2366920108756e-07,-1.39976634743006e-16,-2.15301434944504e-07,2.7590617951472e-07,-9.53048302243727e-08,-8.46206250083488e-08,-2.1376782818546e-07,1.57434645052856e-06,-2.98281271247313e-06,4.10995436533776e-07,-5.20994046614813e-16,1.48797375999703e-06,-1.98414878303799e-06,8.78618490807172e-06,1.83492098614356e-06,-1.86466443048395e-07,-1.25162075564702e-09,2.65412691824451e-16,-6.96025324586687e-17,-1.20760109266759e-09,-1.07419276952592e-06,1.41614856806294e-07,-2.05059975825261e-07,6.96486531346139e-16,-9.75081536212854e-08,-1.15281964945475e-09,1.47149437595062e-16,-2.44642712651812e-16,2.45215379103596e-16,2.456004914924e-07,7.24870806118531e-07,-1.05099886337979e-06,6.22769350041838e-07,3.1062082637586e-07,6.59482383756229e-07,-0.000101805879419564,-2.93115499137105e-16,-1.59698938769556e-06,1.1966436314413e-06,-2.34172658610182e-16,5.34073640114607e-16,-0.00090981245011843,-5.75548507774052e-11,-4.47145235095893e-07,3.51394580656053e-07,4.47533897487501e-07,-2.41041644952468e-08,-8.72415513874832e-17,-8.12128352221408e-08,8.89094126914117e-17,-2.78300839709277e-07,-2.96990080098092e-16,-5.08092389545866e-07,-7.90180344732012e-17,3.99516683489203e-07,5.5333646815702e-07,3.37268707952493e-08,4.45448258848655e-07,2.44927434903144e-06,-1.78193825899219e-07,1.81773408606206e-06,5.8573478942656e-08,2.85021610765018e-07,2.65718112409529e-08,4.27251720878883e-07,-6.56700709268964e-05,-3.35104446381236e-07,-3.03335458415105e-08,-7.96425803801091e-07,-4.63789776329913e-17,0.00589906565985871,-1.89884770777832e-05,7.24889133285447e-08,2.21057846282569e-14,9.99657232920472e-09,2.8414532853267e-07,1.04159635863668e-06,3.03975424836411e-16,-9.1468474975374e-05,-1.3698489992071e-07,-3.08499095101007e-16,-1.83681616929886e-07,3.0833032419184e-06,-1.61817636513302e-15,-8.78521753377808e-16,-6.10151641153943e-06,-9.06650757430466e-08,-5.24339093473668e-10,-7.40714492330494e-07,2.05614404268064e-07,2.19227416418246e-05,5.87134125943166e-08,7.68296000150328e-07,-1.38911549362029e-06,2.37949850795394e-15,3.24482927375663e-08,2.03559658210697e-09,5.71619771011597e-09,5.46780396321917e-07,7.52507226399045e-16,-3.15463248676809e-16,1.85675380983377e-07,-9.03476034097486e-17,-3.8724694117175e-15,1.53569444487565e-06,-1.83724879748615e-06,-3.76409348911192e-06,-2.47831395115752e-08,0.000117040343040802,8.12323563262739e-07,7.31754736502318e-08,-1.00440372728689e-15,4.07852207505602e-07,2.76930520816931e-08,1.50741195921468e-07,-0.390812029436818,-2.9884589058785e-05,-9.93160576884733e-17,-1.66656822202468e-15,6.77662621143488e-15,7.58936694294462e-08,2.81671284035071e-07,1.44270908845855e-07,-1.64096211790321e-16,4.93814572761598e-06,-8.81081899658945e-16,1.9757785316167e-15,-1.32055402079818e-07,2.46109274588887e-09,-2.55654872272082e-16,-1.5783177412132e-08,-5.64513686573114e-06,-5.1677802189214e-15,1.15699233952878e-07,4.6396104790807e-15,1.7976942154676e-07,-4.91839543548907e-15,2.87773429813734e-07,4.68743031505841e-06,0.289434581617886,-1.13558677816764e-07,-2.34716913131233e-07,1.87806336251746e-07,-1.84804810050542e-08,1.42546639895547e-15,4.08262360918336e-07,-4.51019453961504e-08,-1.83407293567024e-15,-4.58164388318281e-09,-1.76259300786776e-08,3.39164429561626e-08,-1.12457775237997e-15,2.29001438577099e-08,1.13891965690078e-05,5.11970546057806e-15,-8.39329440179465e-08,-1.91078309415082e-08,-3.91762574683619e-07,3.40321143813617e-15,1.757108559748e-16,2.29004198448722e-08,7.39392808242559e-09,6.04235043871442e-10,-7.94542804296363e-08,5.32850539765792e-09,2.01481652600834e-14,7.60977604716649e-15,1.97153489076728e-08,1.36120208051679e-10,6.95949147967846e-14,4.87477360455099e-08,0.707106781186551,2.83656076859031e-07,-9.74243770200759e-09,-5.7018062897439e-09,-3.8042796070868e-08,-3.89664216131843e-14,1.15377946477851e-14,3.79871277138369e-15,-1.86532359898969e-14,-1.14914212109111e-06,-7.76673236065575e-08,9.79220921828836e-15,1.86797043885667e-14,3.66464853494378e-15,1.7634827706357e-07,1.0013011668001e-09,-8.90582118319134e-08,1.82664085684614e-15,-7.51243685315206e-16,-2.28178478715868e-15,-3.6415954783005e-07,1.23243938742989e-07,-8.90783474557607e-15,1.41926130302345e-08,-0.00041423377403446,1.45001073837352e-15,5.52744076216065e-16,-3.54512580414945e-08,-3.64078460641383e-10,-1.78356781272655e-08,5.70310117904867e-16,2.03761642318212e-08,2.98826525536849e-08,3.23505101213134e-08,-2.98179578813771e-08,-1.06509075441927e-07,9.11920613826281e-09,-1.35511600992896e-16,4.38228706494164e-16,-8.80985363061774e-16,1.77910433507851e-07,-2.56392375100523e-07,-8.79913636382749e-09,-7.02248395503919e-09,-1.31443723052754e-15,5.09878952715089e-16,1.72479560256986e-16,1.1366582482668e-17,-2.00284995583428e-16,8.79832861570234e-07,-2.2791906774637e-16,-4.36709583440848e-16,-5.52748871463424e-09,2.56338698090127e-16,-4.94933453444293e-09,3.25455008005272e-18,-6.13875217428863e-09,-5.36453921688719e-16,-7.49609187878723e-09,-9.39936898134788e-10,-5.94977613957493e-07,2.46091361987931e-16,3.0359886571611e-08,-3.08198859046752e-16,4.3395048583753e-08,-1.99258242803507e-06,4.25782486756679e-10,2.02419500691595e-16,6.23835239655617e-08,-3.58726675970294e-16,-1.54140435270194e-08,-8.70247179029492e-08,-2.22882957618609e-16,-1.62205004936542e-16,-8.01875128504675e-16,-1.62924777333772e-16,-2.93358779873387e-10,-3.82423169769283e-09,-8.54993244653064e-10,5.74851969352869e-16,2.55097014161747e-17,-3.21085191312867e-06,5.12845278655919e-07,-4.68841486375464e-16,3.20138917375814e-17,-3.94654368367271e-09,-4.21911824113414e-16,-2.80075256944775e-08,6.25454219112873e-16,2.65485298402629e-07,5.48862046046735e-18,4.79210618133514e-16,4.25559947144925e-16,-6.57145979341508e-19,-1.13936505648256e-16,-1.23388964552873e-16,3.55364944682235e-08,-2.48551257999907e-07,9.58978756194894e-17,-2.39219713713415e-08,9.10928468448318e-08,5.26462688208885e-17,-3.07530833287201e-16,6.07947432221735e-17,-1.88999182901262e-16,9.02061916224838e-09,1.4440762658783e-09,-3.99327604661903e-17,2.92410045687278e-16,-1.64169009391377e-08,-5.85708893823681e-08,-3.12591316066643e-07,2.89289598078913e-16,-8.10331557620601e-17,-1.16019054635289e-16,3.00351115872779e-16,-5.47749793375927e-16,5.11765458852374e-17,3.4883680387628e-08,-3.30164538427786e-08,-6.35284777471436e-09,-4.14920353081337e-17,5.15394031560043e-17,-9.72115197758926e-17,1.49200647042641e-16,-1.90157019432417e-16,-2.69810942934969e-16,9.03644786753277e-17,2.61821858022574e-16,-1.06529735966008e-16,3.21751570691275e-16,2.59058451537595e-16,-3.02359702906443e-17,-5.70522147912068e-17,-9.4008720453054e-17,2.43363304660236e-08,2.67360080555753e-15,6.68945309080579e-17,-5.16834261565501e-16,5.48461816590032e-07,-6.01321921295955e-10,-7.83478660317148e-17,-8.90573784707663e-09,5.0222003372844e-07,1.0553746519199e-16,-9.24739821802288e-17,-8.83095461563227e-08,3.13038092456318e-16,1.24167834267459e-08,-9.97635217293574e-15,-6.7254232953954e-17,-1.57282385468471e-16,3.31924661003597e-17,1.1100864125271e-09,-1.52476750752709e-07,-7.73505366569596e-17,1.4067297187157e-16,-2.86702756656567e-16,-2.68805251487369e-16,5.35053772121596e-17,-1.68832009257486e-16,1.51656355936392e-16,-5.586216965058e-17,1.28804386893432e-08,6.02274964977677e-17,1.3054923647975e-16,-1.48615917516307e-16,-2.61645654356606e-16,-1.18907537045958e-16,3.13391413599207e-16,-3.7048046568589e-08,2.94089604367744e-16,1.68317473472196e-16,2.76711168411667e-08,5.51320202873568e-16,-3.74550775992909e-16,-6.38876826198814e-18,-2.55447795866276e-17,0.00429925451960254,6.0701152005456e-17,-1.50067065525138e-08,1.40019066493371e-16,-1.34872891293762e-16,-1.80321789970468e-16,2.07908472068304e-17,-4.06968678456967e-17,2.49139159981518e-16,5.86071608989051e-10,2.54867580706889e-16,-1.36729178268257e-17,2.31258401161751e-08,-7.41597998285671e-08,2.39129101675259e-16,5.22587242251977e-08,7.6647212131845e-09,6.11078507294575e-17,-8.9587245289065e-17,1.53742714831998e-16,4.20987135807331e-17,1.5573125251723e-16,-1.30235826537177e-08,-1.8543752138752e-16,3.58780600721843e-16,-3.15650928139893e-16,5.22323561898415e-09,1.50023014342677e-16,-7.51536482956068e-17,5.55730807701687e-17,6.17826092916252e-17,-2.38458926192448e-09,-7.48534044206594e-17,2.50654766203625e-07,1.1777626676492e-16,2.49271428194638e-16,-2.17259898371416e-16,4.30706604400191e-17,-3.07918570680508e-17,-3.12608681922666e-16,-2.23147080481088e-17,-8.61807701901664e-08,-1.42190242794252e-16,-2.34610192057906e-16,5.76209309370555e-08,2.56762553531802e-16,-1.34176583690595e-16,9.39288924546579e-17,-1.01784177278412e-17,-6.20884774822327e-17,-8.9545295541202e-17,-3.81491412311427e-08,9.96091799768912e-17,-6.65472202105877e-17,1.24675235957341e-07,8.79845603780103e-17,1.44897336915059e-16,-6.79391110634247e-17,1.55489164183968e-16,-9.08229565379429e-17,1.11048972829072e-16,3.94745971339125e-17,-3.01435261524023e-17,-1.85879289280739e-16,-5.6210659199176e-17,-5.23737744354414e-17,-6.55632646609487e-08,1.3683018816198e-07,-1.36245105399865e-16,7.90126567153245e-17,-4.03951304666231e-17,1.42847844839543e-16,-5.28656979303932e-16,-1.69825452677711e-18,6.0828899887358e-17,-9.03700331038349e-17,-1.72106853812339e-09,4.56157905586111e-17,2.38519074452897e-17,-6.80821973271602e-17,-9.84669952394569e-17,2.20643755492268e-09,-1.92530211959531e-16,-2.41657872615578e-09,3.47303268692877e-17,-6.91023538726072e-18,1.14335571233312e-16,-2.75875687605243e-16,1.11932182867257e-17,-9.62115700305116e-17,1.55144787214676e-18,9.19531515073566e-17,-2.28468167739109e-17,7.80814688920302e-17,2.81559700932611e-17,-1.60484676187643e-16,9.96004521010833e-17,2.01328369399437e-16,-1.8652567270372e-17,-6.85799427491874e-17,-1.23628123048586e-16,-3.19199748432184e-16,8.57717403809265e-17,-2.08240824050491e-16,1.40512601554121e-16,1.36019028051287e-17,1.17572472138294e-17,1.57092437806127e-16,-2.52228751062078e-17,1.67463887088259e-10,-8.38604505275174e-17,-1.3688014254639e-16,3.07813017888958e-17,-8.87948338524252e-17,1.45123935292834e-16,-9.87873489858554e-18,1.1274929862077e-16,-5.31282706018499e-17,-3.31621658939886e-17,-6.49115727623835e-17,-6.39137180680205e-17,7.17125423730224e-18,5.52848512857092e-17,-5.9668650124534e-18,7.95039836391551e-17,-1.01894995345209e-16,-5.22901953553677e-18,-2.16167848613618e-09,4.51409369094908e-17,-2.41096871043328e-18,8.25493161279439e-17,-1.22551223720897e-16,-8.60686766605882e-17,6.61585956006829e-17,-2.27191677867372e-18,9.6790280654201e-17,-7.69860410351916e-17,4.59320363668514e-10,1.12119972763042e-16,4.235795667761e-17,1.11096770826715e-17,-1.01384257299463e-16,1.67994082856022e-16,-6.89444435598092e-17,-1.9191040398561e-17,5.46873572066537e-17,-9.9355835342328e-17,-3.62380188797895e-17,-3.85081257654647e-17,-7.65150178836399e-17,-5.6362526209976e-17,2.32358362239582e-09,-4.75264571331136e-17,-3.67999414152805e-18,-6.23745195439336e-17,-1.36934734384919e-16,-7.00226869348192e-09,4.05575858151843e-17,1.28146771731652e-17,-4.70957677374963e-17,1.59102266794128e-16,1.58130381272154e-17,1.96566156571678e-17,1.01962895630202e-16,-2.36277485086599e-17,-4.03147549595974e-17,-6.15391816220775e-18,1.00251439899503e-17,7.92508347380425e-17,1.08057858921657e-17,-5.93173741236248e-17,-1.42501764179443e-17,1.50369242768669e-16,-1.20906834515193e-16
"t214",-0.0435912136100405,-0.063260278386503,0.022160276337709,0.0283394496014775,0.00207478226620008,-0.000807301259025363,0.00442415119780255,7.37936914299883e-05,2.06007833885689e-05,3.1301954933762e-06,0.00011455562851619,-0.02959571422994,0.0605753838057114,-0.0119076314836739,-0.0128693362335447,-0.0237425019981611,-0.00274383611419687,0.179978726837453,0.000223528683652958,0.000126313810933471,-0.00290639173115905,0.000746381413068597,-0.00178311025292418,0.0322539909379001,-0.089787341017639,-1.00735779047084e-05,-3.95620897256959e-05,6.83749919188155e-05,-0.00257926426951591,0.00288611101349393,-8.7294002864193e-06,1.56931686982244e-05,-0.00673933428898105,-3.64490912565079e-05,-2.81281017008026e-06,-1.78127685334839e-05,-0.0249265365880924,-1.76447566129298e-06,-6.7051337976815e-06,4.63822927435468e-08,6.12602435274587e-05,-9.43614973318645e-06,0.000132295747645139,-7.96861346124552e-06,0.000326240239634398,-9.79902067077714e-06,0.00108878036466085,-0.000176898880825377,1.89788240545732e-05,-3.66670177610173e-05,0.000425168887038498,-2.17608432614129e-05,3.05747218657358e-08,-6.93936271020401e-05,3.70240625241367e-06,-3.87887079197114e-05,1.4372447773006e-06,-9.56332072035187e-05,3.24226901771551e-05,-3.45236635554127e-05,-3.00201148178032e-05,4.65144453738457e-06,-0.000152110747662278,8.10008468018578e-05,-5.82781473815591e-06,0.000227726137186266,-8.80353994724628e-07,3.19990870897765e-05,-8.90451586189564e-05,3.6447977136225e-05,-0.283587471239272,2.76955674021109e-05,-1.48962896892266e-06,-0.00214280508303975,0.000896307111684491,4.24415696281084e-08,-0.000256027951078245,5.64960542157201e-06,-2.53348277632993e-05,-3.21213803846368e-05,1.08559745121535e-05,0.00016823863921211,-2.85734084933525e-05,-0.000204478845051849,3.85195322742354e-05,0.0221517878746248,0.00175566411828016,2.28338716904314e-05,6.97559469466519e-06,-0.0015576285632799,2.52004126347164e-05,-1.48469020342734e-06,-1.26255524413969e-05,0.00205745220664089,3.92174741278066e-07,0.0021573324420114,0.0506921463255205,8.83386202480105e-06,-6.04892911288423e-06,1.11839594906981e-07,-5.83345852208683e-09,2.33013809827887e-05,-2.3432503846538e-08,2.06825900897022e-07,-9.75084042515782e-08,0.000191955455116472,-5.43032577328322e-06,2.41718545443459e-06,-8.87725085449278e-07,2.23134887864537e-07,9.97882537346791e-07,2.55376289414455e-06,-4.33925726312228e-06,4.4431970418581e-06,-2.31406715170754e-08,9.28897304558145e-07,-1.39517127994011e-06,1.54415696657517e-06,-1.62116855727928e-06,4.08593969312048e-06,-1.54725067004593e-05,3.88588237303118e-06,-3.76983090398469e-06,-1.03662870075421e-05,3.38553244725864e-06,-3.30238886036411e-05,3.35900879668092e-06,-1.08044960008724e-06,2.1627955029657e-06,7.14545205053222e-05,-0.000134316556540038,7.63017319174582e-06,-0.000618689665557081,-1.12856241318847e-06,5.25177761141389e-07,2.44017514217716e-06,-1.45456159328654e-08,-9.72338592742984e-06,3.00588183859724e-06,-8.64484407031334e-06,-5.51977246383413e-07,-2.13623928000903e-05,4.17229953570219e-06,2.66234118569037e-07,8.39925292084438e-07,-5.27558103887852e-08,-2.43010593941976e-06,3.66501002053767e-07,2.39003995263427e-08,-5.87106806775559e-08,-9.1206087763974e-06,-2.7153237388393e-07,-5.81837997199469e-06,2.17818246553895e-06,-6.46547062164893e-07,-5.66504607687589e-08,8.54034740684131e-07,-0.00238317466288289,-8.5490291559534e-08,-3.98256045543526e-08,-0.00166712144729785,-1.18840736790499e-06,-8.80520335428181e-08,-2.03276602708557e-05,2.30331677073121e-06,-1.53169671731556e-05,1.63679353704847e-06,2.80417197155355e-08,1.39505171360705e-06,1.87513132881127e-06,-3.51559279052489e-05,-3.49059113934739e-06,4.37104794769933e-07,1.57044654943483e-07,4.33622731117945e-06,6.05281678247737e-08,3.83333190836491e-07,-1.62304942206215e-06,-1.00733299853014e-06,-3.16894841376463e-05,2.00598717239766e-05,6.28064356755357e-05,-8.65671913898195e-07,-2.22259659477189e-06,-1.08766509910407e-07,-1.35892964123847e-05,-3.89068455341252e-06,9.14421291148204e-07,4.10974945264896e-06,-3.60393715844001e-05,-1.05935809770013e-07,1.94460520385608e-07,7.7156227867124e-07,6.40415994863315e-07,1.31110247633743e-07,-1.83286399452685e-07,-3.37038258396593e-07,-1.70054799923044e-06,1.98973792656484e-07,8.29439956920217e-08,8.26599733069092e-08,1.362045037215e-05,-2.19962336861941e-09,-0.000149353742172999,-1.97914347214036e-07,-1.92407472708627e-05,3.56095796695813e-07,1.32152195872533e-05,-2.63742983120127e-06,-6.02097932024387e-06,-1.15854647061212e-05,4.08263829665774e-05,-0.00022223712916585,-6.51298386668792e-07,-4.15977748300927e-07,-5.51067141258041e-07,8.41055305852011e-07,7.29112340962066e-08,-1.31161634022273e-07,-6.4088833093251e-07,-3.47044171490572e-06,2.72724841972324e-05,1.04449491599144e-06,3.35030596017114e-06,-8.31501692015213e-07,-4.23009336361705e-07,-4.45736287563369e-06,-2.99122814890885e-07,-4.60271804327456e-07,-3.57967196518363e-07,7.52998475715329e-06,2.45863817809658e-06,1.16837597252583e-07,1.94797201897573e-07,-9.97252419104009e-09,-1.60169180026736e-07,-8.12362509432713e-07,-2.71882440105413e-16,-1.18029320548671e-07,8.80882610905737e-06,-2.37135893883822e-07,-4.10781871511899e-06,-6.36263448552544e-07,7.5892105441671e-07,-1.14471843696983e-07,4.10059469271943e-06,-9.29063732292555e-09,5.92173516064926e-10,-1.48248386220322e-06,1.28886863590262e-06,-3.96339634840151e-08,5.37713271964317e-06,-2.37840783129682e-07,6.83652410616872e-08,-3.88881845085273e-09,9.21069135024805e-06,-5.39105053946543e-06,1.43397988264398e-06,2.392091707037e-08,-2.01153543054834e-09,-4.54784984843065e-08,1.48356240371737e-08,-2.35459428184438e-06,2.74322572271196e-06,-2.54620158754846e-08,9.02617937033672e-09,-1.16074637087246e-06,-3.55346027665208e-06,0.000194520131407887,-2.20719521717033e-08,-9.70673748693615e-09,2.60278202350752e-08,-3.73322459062909e-06,6.87662341478741e-06,-1.71016751815218e-06,4.01432355117808e-05,-2.3512572622972e-05,0.000116672365226063,-7.15869509279597e-06,4.86086108164704e-06,-1.87149819054368e-06,-2.0092156648425e-15,8.07971555315285e-06,3.04727808186736e-07,2.34014733462544e-07,0.351979426489573,8.33192441290909e-07,-3.58205193218208e-07,-7.30573511768526e-06,3.42297608671373e-07,-2.64065945658297e-06,6.85882915053601e-06,2.21056095274899e-07,-1.52516561669893e-07,1.90935649726696e-06,-2.2679369025906e-06,0.000176930647811345,-8.19395561464272e-07,8.90462305739052e-06,4.44321357243992e-08,3.82740107125604e-07,1.63545194617223e-06,-1.23606308007284e-05,1.60078314346759e-05,-1.08887044667228e-06,1.43942000379643e-06,-5.19615776007773e-06,3.15386381901132e-07,2.84232400962435e-07,2.15806683295379e-06,-5.78596652696366e-06,-2.88159286495076e-07,3.72062590322124e-06,-1.51228290162367e-06,3.72772595070774e-08,3.45441689092354e-07,-6.67156987655648e-07,-3.04731712792776e-17,3.70398995605947e-09,0.00936183375138953,-1.03183514167399e-07,8.68878709270399e-08,1.39592234530833e-07,4.29624956275652e-08,1.4499507261954e-07,-2.55715638905425e-06,1.11277488697034e-06,-8.28852741746683e-17,-9.49756409039784e-07,-1.16486366978631e-08,-3.33224686986445e-08,5.9568322642795e-05,2.50048133449936e-07,-1.69429635538726e-08,-6.49950823862191e-07,1.73453972397509e-07,-9.17819123918118e-06,1.091640165204e-06,-2.23314233928268e-07,-4.07741431966392e-07,-2.18100905296164e-08,-2.28954824511244e-08,-4.4436634997165e-07,0.00221916276382131,-3.39999913753478e-07,-2.06103126617446e-16,-8.27417844120614e-06,6.50614725042722e-07,2.99456187486754e-08,1.64525209365543e-07,-7.71623296247651e-07,-1.61823559614236e-06,9.7987674233615e-06,-7.62268411998648e-05,-1.33663505206008e-07,-4.2630584098291e-17,-2.51285959597081e-07,-3.8750549897604e-05,-3.17420970605738e-07,1.12832935933871e-16,5.97290608828346e-07,6.00531213718486e-06,-9.15446862186582e-07,-4.86345942049698e-07,-1.61801794001399e-07,-8.64264652148317e-08,-3.08638405058944e-06,8.57399978505628e-08,9.10790073517887e-07,1.43730068192945e-05,1.85562753395807e-07,1.87112071218731e-06,-4.28146630388146e-17,-7.36575182334436e-07,3.45311459522879e-07,2.22826626413862e-06,-2.23669201007426e-07,7.66520219563813e-17,-2.15301434695764e-07,2.75906179406354e-07,-9.53048301782856e-08,-8.46206251808128e-08,-2.1376782811683e-07,1.5743464507403e-06,-2.9828127127289e-06,4.10995436390398e-07,-4.170051821326e-16,1.48797376005994e-06,-1.98414878298475e-06,8.78618490811696e-06,1.83492098615938e-06,-1.86466442857434e-07,-1.25162054731297e-09,4.64905891561784e-16,1.39774458801233e-16,-1.20760102927136e-09,-1.07419276936212e-06,1.41614856941979e-07,-2.05059975923006e-07,7.99829032997342e-16,-9.75081536036904e-08,-1.15281971458282e-09,3.09700883631164e-17,-1.90918996267626e-16,4.99195817350903e-16,2.45600491305768e-07,7.24870806090139e-07,-1.05099886359724e-06,6.227693499811e-07,3.106208264025e-07,6.59482383832077e-07,-0.000101805879419984,-1.10543533627316e-16,-1.59698938775826e-06,1.19664363127668e-06,-1.58273534455794e-16,4.36040619217606e-16,-0.000909812450118666,-5.75548318919177e-11,-4.47145235206929e-07,3.51394580429606e-07,4.47533897283277e-07,-2.41041645335521e-08,-2.48462414436071e-16,-8.1212834900717e-08,4.71654577765757e-17,-2.78300839704588e-07,-1.15470241875137e-15,-5.08092389506604e-07,-2.03905742730172e-16,3.99516683352111e-07,5.53336467567961e-07,3.37268705846736e-08,4.45448258637709e-07,2.44927434891594e-06,-1.7819382584983e-07,1.81773408597537e-06,5.85734788176903e-08,2.85021610323428e-07,2.65718112216146e-08,4.27251720789535e-07,-6.56700709270562e-05,-3.3510444635838e-07,-3.03335461291684e-08,-7.96425803771412e-07,-6.23771889388168e-17,0.00589906565985823,-1.8988477077415e-05,7.24889136052863e-08,2.22327712089707e-14,9.99657216952983e-09,2.84145328017374e-07,1.04159635849649e-06,4.8287008126099e-16,-9.14684749750863e-05,-1.36984900484094e-07,2.72912508217483e-16,-1.83681616818152e-07,3.0833032419623e-06,-1.72025941188132e-15,-8.40344523337587e-16,-6.1015164112254e-06,-9.06650759624979e-08,-5.24339308026336e-10,-7.40714492289252e-07,2.05614404222517e-07,2.1922741641591e-05,5.87134125116595e-08,7.6829600018646e-07,-1.38911549315245e-06,1.89746222206688e-15,3.24482925739028e-08,2.03559602722091e-09,5.7161973257522e-09,5.46780396635705e-07,1.01293313334285e-15,-1.46257749245923e-16,1.85675380396362e-07,-6.77884105511759e-16,-3.41085458299024e-15,1.53569444564108e-06,-1.8372487972397e-06,-3.76409348980711e-06,-2.47831401342284e-08,0.000117040343040902,8.12323563483724e-07,7.31754736633301e-08,-1.27011426384825e-15,4.07852206892747e-07,2.76930512064382e-08,1.50741195418591e-07,-0.39081202943682,-2.98845890593222e-05,-1.30870813353583e-16,-1.53330669593112e-15,6.84409060136155e-15,7.58936697750479e-08,2.81671284155084e-07,1.44270908133577e-07,-4.64665630293165e-16,4.93814572732155e-06,1.78822384900037e-15,1.90518549310055e-15,-1.32055402179661e-07,2.46109291120432e-09,-2.767751305921e-15,-1.57831779233388e-08,-5.64513686428693e-06,-5.37270798204822e-15,1.15699232755898e-07,4.58865137243877e-15,1.79769419495089e-07,-6.01606597697233e-15,2.87773430382275e-07,4.68743031439818e-06,0.2894345816179,-1.13558678792492e-07,-2.34716913486199e-07,1.87806335834572e-07,-1.84804810182722e-08,-3.53187639392317e-16,4.08262359936964e-07,-4.5101944497399e-08,1.44514383557281e-15,-4.58164274294162e-09,-1.76259307045611e-08,3.39164396603358e-08,-1.4690523339329e-15,2.29001441227837e-08,1.1389196567611e-05,-4.24798424047963e-15,-8.39329451397634e-08,-1.91078283426484e-08,-3.9176257436498e-07,-1.95277156551127e-15,-1.32997884798867e-15,2.29004208989936e-08,7.39392572997599e-09,6.04231978340805e-10,-7.94543037369674e-08,5.32849410798774e-09,-1.97929163471587e-14,-8.44297663242893e-15,1.97153623594327e-08,1.36123439020508e-10,-6.96144214531216e-14,4.87477447711384e-08,-0.707106781186545,2.83656074911339e-07,-9.74244445107631e-09,-5.70179326336226e-09,-3.8042798891281e-08,-5.20447569553053e-15,-1.12084907932408e-14,-3.68772519658887e-15,1.40015906082566e-14,-1.1491421160867e-06,-7.76673263497505e-08,-1.02352723600757e-14,-1.81333193002097e-14,-3.82379893969485e-15,1.76348276702832e-07,1.00131265608585e-09,-8.90582132559391e-08,-2.01858078873295e-15,1.89980680926488e-15,2.37098752089993e-15,-3.6415954649215e-07,1.23243937930627e-07,9.30330223453888e-15,1.41926166135801e-08,-0.000414233774036612,-1.82293285900092e-15,-6.15537780066938e-16,-3.54512581093011e-08,-3.640795497598e-10,-1.78356760741711e-08,9.50865180920956e-17,2.0376164565982e-08,2.98826534695515e-08,3.23505091151391e-08,-2.98179586295083e-08,-1.06509074612835e-07,9.11920847330212e-09,4.30007460782723e-16,3.92192745969891e-16,8.11722467425777e-16,1.77910432596133e-07,-2.56392375295439e-07,-8.7991363039182e-09,-7.02248412516426e-09,9.44337059586034e-16,-5.00953609577286e-16,-2.82533573299057e-16,7.26858564902357e-17,1.117698292681e-15,8.79832861348341e-07,-8.50295634354763e-17,2.54040670742743e-16,-5.52748875872584e-09,2.28412289208964e-17,-4.94933540296255e-09,-6.81356615294485e-17,-6.13875109799663e-09,8.05950937210143e-16,-7.49609138533832e-09,-9.39937112699985e-10,-5.94977614513411e-07,-2.47186631137606e-16,3.03598862024412e-08,3.84931423974129e-17,4.33950488123291e-08,-1.99258242822791e-06,4.25782254345837e-10,-8.31394574392643e-16,6.23835235996828e-08,-1.88648291332055e-16,-1.54140431311846e-08,-8.70247177188809e-08,3.5353062005356e-17,7.59057308182223e-17,5.24761804347039e-16,-3.16887620764656e-16,-2.93358279315929e-10,-3.82423152762322e-09,-8.54993387083763e-10,-2.20545998968491e-16,-1.88988958993534e-16,-3.21085191325449e-06,5.12845280207196e-07,2.20493193888792e-16,-2.32583896580178e-16,-3.9465437239651e-09,2.69383153310698e-16,-2.80075254517582e-08,-4.97213445032452e-16,2.6548529849672e-07,4.80073772392197e-17,1.20440764507431e-16,-3.89283917620544e-16,5.01113230608931e-16,1.69589860448251e-16,-1.54505566903228e-16,3.55364947423044e-08,-2.48551258570081e-07,-8.87155302486556e-17,-2.39219715216796e-08,9.10928467330486e-08,2.2906617198364e-16,-1.66655411194378e-16,-4.68327040348912e-16,-1.83636251027266e-16,9.02061918755548e-09,1.44407599223506e-09,3.29554133863455e-16,-2.5774453095044e-16,-1.64169009292181e-08,-5.85708893990401e-08,-3.12591315741274e-07,-6.31776836179379e-16,-9.69395221908795e-17,9.05342666193021e-17,1.54595385819089e-16,-8.47835382815723e-17,-3.13178105950455e-17,3.48836802365613e-08,-3.30164539415985e-08,-6.35284785796e-09,-1.46289243758593e-16,-1.65153382391474e-16,-2.56078312695314e-16,4.44956053849042e-17,4.01277549651611e-16,4.69885930243438e-16,3.0108751910283e-16,-5.97795881145799e-19,-1.31260709272314e-17,-1.65148014056417e-16,-2.54633769602904e-16,1.02326040518729e-17,-3.81566365523374e-17,7.07115181125511e-17,2.43363300880974e-08,2.87608365757419e-15,1.01058410603062e-15,-5.41274832759152e-16,5.48461816538193e-07,-6.01322486060174e-10,-3.7302094383274e-17,-8.90573785227971e-09,5.02220033493276e-07,-5.8964379622674e-17,1.21547735466818e-16,-8.8309546466323e-08,9.96861992601374e-17,1.24167834414563e-08,-1.00721732200397e-14,-3.43730808065728e-17,1.82189757669719e-16,2.21677388360614e-16,1.11008631945374e-09,-1.52476750601896e-07,-1.79861876628584e-16,7.44807169805406e-17,9.64462435318815e-17,-2.94446632891668e-16,-2.9772191656452e-16,1.9480446284131e-16,-4.89293219974945e-17,2.04179321931388e-16,1.28804385557625e-08,-9.39387066007332e-17,-3.83900800112105e-17,4.43718418836439e-17,-8.65496854570076e-17,-6.99017837133217e-17,-1.09867562011984e-16,-3.70480466984865e-08,-1.33642445872152e-16,-4.3038633437656e-17,2.76711168958341e-08,-3.47635041777897e-16,-3.63114806578788e-16,-2.86935674371753e-16,7.93319831245093e-17,0.00429925451960352,-2.94410062199488e-16,-1.50067066314945e-08,-1.76453885528768e-16,4.95583454337099e-18,-2.27775923228804e-16,-3.19445558804514e-16,-4.23297290659429e-17,1.02894574374388e-17,5.86071736152253e-10,2.93811512873445e-16,4.77608286930961e-17,2.31258398225704e-08,-7.41597999018861e-08,-1.4977232715622e-16,5.22587240806803e-08,7.66472084245765e-09,-3.21242646191294e-16,3.62886029931351e-17,-1.25950182824746e-16,2.88713540060609e-18,2.53150335557606e-16,-1.30235827537997e-08,1.44707206765587e-16,-9.48360357189375e-17,1.74313459142407e-16,5.22323552811614e-09,2.05018232866741e-16,4.49046577093044e-16,-6.42544844101636e-17,1.06691296675729e-17,-2.38458941202041e-09,1.02737310993203e-16,2.50654766158653e-07,-7.28054942803845e-17,-1.81400778002868e-16,1.37494938186376e-16,6.74120955311117e-17,-1.41155754373327e-16,1.30126845625063e-16,8.42564436657446e-17,-8.61807698917802e-08,6.06623180182046e-17,-3.38972496484698e-17,5.7620930936947e-08,-4.58797093408629e-17,6.97385086182946e-17,-1.37798957761888e-17,1.82599010614071e-17,-1.62519725259787e-17,6.78853453033124e-17,-3.81491411213367e-08,-1.56542927347347e-16,6.70369266955378e-17,1.24675235875342e-07,-5.92518815759729e-17,-1.03575382972994e-16,6.97673239077467e-17,-4.05567201210155e-16,9.94612959833333e-17,-4.50849764739912e-17,-5.69663316620992e-17,-6.88575984259552e-18,-9.86617246937063e-17,-1.43172585311675e-17,-3.17576306459987e-17,-6.55632647499548e-08,1.36830188236492e-07,9.41724854209593e-17,1.0883892912767e-16,-3.00896639022228e-18,4.39969844656749e-17,-3.10949183068843e-16,-1.93540814426427e-16,3.96907584802231e-17,-2.22423299869791e-16,-1.72106854420826e-09,1.49011526267335e-16,6.74722869515528e-17,-1.82835182365822e-16,-1.27435287333911e-16,2.20643750061367e-09,-1.44567480143557e-16,-2.41657881928853e-09,-2.29587320816107e-17,-7.59742740915635e-17,3.77140053593965e-17,3.05340019422202e-16,-2.43003367164428e-17,-4.18380216585885e-17,-1.25595575257316e-16,-2.38067840668247e-17,1.34811387536546e-16,-1.78995215083131e-16,1.06091556968878e-16,1.12816602504975e-16,4.21148166915275e-17,9.2344287999614e-17,-8.03848090748116e-17,-9.26618676844588e-17,4.36648769867411e-17,-2.25826983607579e-16,-1.3209379363672e-17,1.39026608712799e-16,5.04641901183378e-16,-7.28792455718808e-17,-1.55182782294626e-16,-5.03841494140615e-17,-3.18765631571333e-17,1.67463934266856e-10,-5.69638539914205e-17,-1.34979353175406e-17,1.16300715863124e-17,-5.8523013572835e-17,1.56486032847083e-16,6.88061021667021e-17,-1.25503796441556e-16,5.39152447019176e-17,1.87213358867238e-17,7.54968258315602e-17,-7.78999260930835e-17,-1.51414057067879e-16,1.52505267123616e-17,-1.19433771900739e-16,6.13530254470466e-17,8.23372508421744e-17,-1.81194275538723e-16,-2.16167845225041e-09,-5.24753162380273e-17,-5.77835902923345e-17,3.38328405420425e-17,-1.75125524525729e-16,2.9341949817752e-17,6.0576485359513e-17,-5.11302566944814e-18,6.66333807480365e-17,-3.45195011504759e-17,4.59320344901651e-10,4.01276692164926e-16,7.37464348440355e-17,2.51857472927207e-17,-7.5052442201708e-17,7.38216041991594e-17,-7.79165580279692e-17,-3.44889649453568e-17,-1.3046519859886e-17,6.13873735855017e-17,1.32889200985387e-16,-2.61067453238433e-17,-1.12439158089411e-16,2.08923738000668e-18,2.32358366840855e-09,-1.31244059395712e-17,5.57687040885495e-17,-3.64470428665223e-17,-2.69098979210902e-16,-7.00226871882471e-09,-1.31550488064234e-16,6.63517161316268e-17,-1.11882290288109e-16,6.7137883052638e-17,6.40106917732844e-17,-1.69608089204713e-17,1.24354541653705e-16,9.37693044186133e-18,-6.10548223570684e-17,2.45602448870469e-17,-8.30134048975049e-19,4.86590532241954e-17,4.65421237096479e-17,-8.44364910491807e-17,-1.79548984880541e-17,1.37580530403891e-16,-1.39296605646074e-16
"t152",-0.0435831610654578,-0.0632356634956095,0.0221513750568345,0.0283241984793621,0.00207341560953634,-0.000806677570348435,0.00442066630854591,7.37309521133207e-05,2.05801067881971e-05,3.1263883616218e-06,0.000114379036752569,-0.029539564003733,0.0604571170991015,-0.0118840334504937,-0.0128427278848205,-0.0236905354837389,-0.00273768812283288,0.179568201319571,0.000223007103636222,0.000125993808059824,-0.00289843256067687,0.000743918597021986,-0.00177690009435724,0.032141022680849,-0.0894716392755877,-1.00364869214088e-05,-3.94147170089364e-05,6.81180260463674e-05,-0.0025693136520274,0.00287298726805122,-8.68710473272376e-06,1.56137189002437e-05,-0.00670278630791479,-3.62421882425849e-05,-2.79604039093894e-06,-1.76982249676301e-05,-0.0247642492900019,-1.75280834311958e-06,-6.66050078026088e-06,4.60690311203147e-08,6.08348159009174e-05,-9.36905970244884e-06,0.000131341369082528,-7.91105921776818e-06,0.000323843570549427,-9.72252665960298e-06,0.00108012668893397,-0.000175481051158207,1.88231438571902e-05,-3.63587501347493e-05,0.000421477868745734,-2.15691367202773e-05,3.03047919340121e-08,-6.87698376103862e-05,3.66795355068058e-06,-3.84258961076515e-05,1.42254745656385e-06,-9.463223281656e-05,3.20823956972747e-05,-3.41407786874467e-05,-2.96735626665085e-05,4.59669864399441e-06,-0.000150292555963026,8.00288909444679e-05,-5.75588102783107e-06,0.000224844661702904,-8.68609426682258e-07,3.15622628198757e-05,-8.78167717420081e-05,3.59356958844365e-05,-0.27921032288721,2.72387817036753e-05,-1.46481682515762e-06,-0.00210638884540119,0.000881036640002725,4.17122726926603e-08,-0.000251613547449206,5.55057526949731e-06,-2.4874262144961e-05,-3.15289770426749e-05,1.06508667147751e-05,0.000165043549053641,-2.80102765988798e-05,-0.00020040463351227,3.77161837604167e-05,0.0216841558415103,0.00171814870338801,2.23449979457364e-05,6.8261708838011e-06,-0.00152421995377946,2.46574251633987e-05,-1.45131758115145e-06,-1.23406768606128e-05,0.0020098418123778,3.82708941681511e-07,0.00210493700357083,0.049460622717824,8.61587235490358e-06,-5.89880217513966e-06,1.09003756951644e-07,-5.68298405558207e-09,2.26994096234162e-05,-2.28261141788064e-08,2.01062907786259e-07,-9.47768508201364e-08,0.000186555728274946,-5.2764432952977e-06,2.34854806647144e-06,-8.62426420813764e-07,2.16741196706048e-07,9.69238669717262e-07,2.47968819106711e-06,-4.21323610027313e-06,4.31063143199408e-06,-2.24463338901601e-08,9.00680663035604e-07,-1.35255823722205e-06,1.49628556216196e-06,-1.57019404438418e-06,3.95610263450824e-06,-1.49779116008088e-05,3.75912110474093e-06,-3.64525680436689e-06,-1.00235645689108e-05,3.27339588571124e-06,-3.19156561541781e-05,3.24616354966008e-06,-1.04374620722897e-06,2.08699754739394e-06,6.89494459606221e-05,-0.000129595882078046,7.35648472259044e-06,-0.000596409941416833,-1.08780555911534e-06,5.05990202171926e-07,2.35087973218447e-06,-1.40003561957613e-08,-9.35189143447676e-06,2.88807756602742e-06,-8.3058009237977e-06,-5.30235951362094e-07,-2.05191301456359e-05,4.00702315778062e-06,2.55673742536973e-07,8.06608429539447e-07,-5.0643137483202e-08,-2.33094748723254e-06,3.51263178855074e-07,2.29020964747517e-08,-5.62333940494463e-08,-8.7354572972766e-06,-2.60021799462867e-07,-5.57117557120133e-06,2.08540133646114e-06,-6.18360058790727e-07,-5.41716353485951e-08,8.16568163071226e-07,-0.00227245570698898,-8.1464449224532e-08,-3.79462967151355e-08,-0.00158755652048893,-1.13155838939947e-06,-8.37790533973651e-08,-1.93394905615346e-05,2.18978894116041e-06,-1.45519744372955e-05,1.55192457212393e-06,2.6585843165365e-08,1.32259891452571e-06,1.77725532729044e-06,-3.33101329440358e-05,-3.30717022491658e-06,4.13870767788669e-07,1.48667073395496e-07,4.10312026611012e-06,5.72681457834725e-08,3.62667067564368e-07,-1.53398448726011e-06,-9.51049139144004e-07,-2.99133957207132e-05,1.89322825362379e-05,5.92454153858895e-05,-8.16427045778846e-07,-2.09575192053414e-06,-1.02540238932376e-07,-1.28034416659327e-05,-3.66512541421664e-06,8.60258048724788e-07,3.86614807658249e-06,-3.38879404765217e-05,-9.94880833260198e-08,1.82435338123961e-07,7.23589573544257e-07,6.00275123616639e-07,1.22843007940444e-07,-1.71523291490343e-07,-3.15325232552967e-07,-1.59011316844342e-06,1.86000643166344e-07,7.7369396553283e-08,7.70966173343725e-08,1.26920851591982e-05,-2.0478422495938e-09,-0.000138743839031426,-1.83852896795296e-07,-1.78701005191309e-05,3.3052315244818e-07,1.22608763217669e-05,-2.44414819853093e-06,-5.57173998174875e-06,-1.07086182775445e-05,3.77228820355261e-05,-0.000205009309879892,-6.00263935949859e-07,-3.83373349070866e-07,-5.07513705149537e-07,7.73180168182067e-07,6.70036867054857e-08,-1.20308615629458e-07,-5.87090408617649e-07,-3.17768168118369e-06,2.49249451849579e-05,9.5415860913443e-07,3.05903399319364e-06,-7.58064431222061e-07,-3.85531376721879e-07,-4.06214183285375e-06,-2.72145956135883e-07,-4.18334811935882e-07,-3.24980950089596e-07,6.83255788929663e-06,2.22971718363964e-06,1.05905365090513e-07,1.76545116993245e-07,-9.02609622085444e-09,-1.4484770785996e-07,-7.33986994716029e-07,-1.18871811663068e-16,-1.06502518725432e-07,7.9464641632495e-06,-2.13530890473316e-07,-3.69368118670466e-06,-5.71445813512436e-07,6.81559822003823e-07,-1.02577293212526e-07,3.67314382479567e-06,-8.3207431624211e-09,5.29917998348936e-10,-1.32589030087151e-06,1.1515492384194e-06,-3.53951615251968e-08,4.80115315840612e-06,-2.12145301692753e-07,6.07132246396908e-08,-3.44812778351779e-09,8.15615269613414e-06,-4.76002324003953e-06,1.26586837395643e-06,2.10733294496357e-08,-1.77002842067931e-09,-3.99518227790273e-08,1.30257748788609e-08,-2.06618550892131e-06,2.40532910456172e-06,-2.22997212707967e-08,7.90410423901164e-09,-1.01341192707842e-06,-3.10220230278112e-06,0.000169804610839431,-1.92517082895314e-08,-8.46386585647251e-09,2.26729777408775e-08,-3.2514394131371e-06,5.95334200324208e-06,-1.47955937204198e-06,3.471155357298e-05,-2.03061086106454e-05,0.000100661650119432,-6.16240255418182e-06,4.18159918017423e-06,-1.60912897681752e-06,-1.62506825392168e-15,6.93441745370275e-06,2.61469944425847e-07,2.00637700673248e-07,0.301214476730241,7.11871366103177e-07,-3.05810754251638e-07,-6.23474128450684e-06,2.90660034756588e-07,-2.24156769396987e-06,5.82171657100562e-06,1.87349654409646e-07,-1.28704317877477e-07,1.61003221310194e-06,-1.91139014686405e-06,0.000148854216507196,-6.84681098725978e-07,7.41885230656466e-06,3.70120833021921e-08,3.18807123321586e-07,1.35214990150498e-06,-1.01281781967505e-05,1.31012673319989e-05,-8.89621741451194e-07,1.1735342357676e-06,-4.23356115457923e-06,2.55536209731341e-07,2.30196460782529e-07,1.74642805100284e-06,-4.67981836102609e-06,-2.32657330650681e-07,2.99807114539306e-06,-1.21634779790676e-06,2.99582677077466e-08,2.77234475760552e-07,-5.33836185801375e-07,9.12646329088118e-17,2.90794835079501e-09,0.00733525850365105,-8.06048792001803e-08,6.78689860023241e-08,1.09026598809918e-07,3.35303858611586e-08,1.13003564288472e-07,-1.98960127755111e-06,8.62816189808991e-07,-2.49434418339677e-16,-7.30479325011229e-07,-8.95006381470052e-09,-2.5546391409369e-08,4.56554757448389e-05,1.90586338071679e-07,-1.28737717016344e-08,-4.91653382594375e-07,1.30800815942199e-07,-6.87391965511068e-06,8.12304987403426e-07,-1.65473333532382e-07,-3.01407585058758e-07,-1.60980975302965e-08,-1.6853824675358e-08,-3.27009454906748e-07,0.00162994236439162,-2.4934956280962e-07,-8.23489466444285e-16,-5.99878511465437e-06,4.70544627010944e-07,2.16570724597328e-08,1.18149419964266e-07,-5.53521249619469e-07,-1.14518872624365e-06,6.90680003512126e-06,-5.36869908522311e-05,-9.38559550074994e-08,-2.09788468702704e-16,-1.7583418348194e-07,-2.70797488328208e-05,-2.20727367822341e-07,2.02110906835265e-16,4.13088499559376e-07,4.1479112503685e-06,-6.31879039866021e-07,-3.35226676244838e-07,-1.11263245213425e-07,-5.93253342977208e-08,-2.11560180593898e-06,5.85255517046371e-08,6.21387641706559e-07,9.77738007087096e-06,1.25575001108732e-07,1.26589496985112e-06,9.71712145649623e-17,-4.93134878053278e-07,2.30756392635097e-07,1.48292076500395e-06,-1.4790903742869e-07,6.88768010731565e-18,-1.40377132189246e-07,1.76928299171371e-07,-6.06444372276797e-08,-5.36489264265608e-08,-1.34926655712966e-07,9.85398597051561e-07,-1.84094715578335e-06,2.44416555684741e-07,2.83538329090028e-16,8.53631691552126e-07,-1.13454253159486e-06,4.98915408665949e-06,1.03173690920545e-06,-1.04765903818866e-07,-7.01234982634353e-10,-7.42461647718073e-16,1.07411895958685e-16,-6.65384924906553e-10,-5.83034285610752e-07,7.67167557950807e-08,-1.09539684460172e-07,5.08373044799725e-16,-5.04281191009902e-08,-5.87227221913261e-10,6.34694097802187e-17,7.8966694294412e-16,-8.98747922228832e-16,1.18881257047053e-07,3.48447143088273e-07,-4.92885988978982e-07,2.85708118068736e-07,1.42127707850422e-07,2.94385705725521e-07,-4.53120127953635e-05,-4.47327772826776e-17,-6.73133715749398e-07,4.9408757465852e-07,8.37579155848683e-16,-8.93022035449719e-16,-0.000343497371019283,-2.12162252391594e-11,-1.59355494792792e-07,1.22288598029858e-07,1.48382502651035e-07,-7.92657613500779e-09,4.98393256115235e-17,-2.6403840551551e-08,1.00754820419345e-16,-8.7450414538857e-08,8.32857003849052e-16,-1.55505222359197e-07,6.29663812355378e-17,1.18045331233727e-07,1.62295415243606e-07,8.89529335600412e-09,1.14580529337159e-07,6.23285803846833e-07,-4.31862818739959e-08,4.20996701152909e-07,1.20536984850559e-08,5.85870655705171e-08,5.24428020995231e-09,7.77776640359603e-08,-1.05633418177582e-05,-4.77195218842482e-08,-3.86597607477816e-09,-9.55288661828984e-08,3.76370036419886e-16,0.000566804763086359,-1.37027387507889e-06,-8.58533372682855e-11,-1.18280559348981e-15,-2.41276064224686e-10,-1.71620268650271e-08,-7.96937522013206e-08,-8.06823790917206e-16,7.77106822361707e-06,1.63791454066662e-08,5.60870787247302e-16,2.52161219187838e-08,-7.84688995918257e-07,1.79290111803313e-15,-4.25998005868398e-18,1.86766060317176e-06,2.81886564206553e-08,1.75057934175837e-10,2.67947806693044e-07,-8.81532439419391e-08,-9.53189615538926e-06,-2.60366138515736e-08,-4.18098432243596e-07,8.83921914618582e-07,6.4843963532013e-15,-2.18645987325927e-08,-1.38508907520287e-09,-4.02426336612644e-09,-4.00898701919e-07,-2.03015128238931e-15,8.23185182622068e-16,-1.4384938410484e-07,1.38423154778298e-15,5.48229160589736e-15,-1.66813707647782e-06,2.11471320918816e-06,4.33783167769725e-06,3.2439335965384e-08,-0.000155881532481704,-1.08593577486283e-06,-1.00206821981171e-07,1.85720972815073e-15,-7.26909871399026e-07,-5.23454244886756e-08,-2.90592043848745e-07,0.832827059241417,7.74259864292304e-05,-1.56873940186734e-15,2.59020622714864e-15,-1.27206696387783e-14,-2.72345660263811e-07,-1.19491924675202e-06,-6.2046035912995e-07,-1.56464424851785e-15,-2.56466731598553e-05,-4.88900406473293e-15,-2.35770917167744e-16,7.97725719366888e-06,-1.74675424360003e-07,5.10789327501371e-15,-4.1169668894683e-07,-7.55707577795398e-05,4.81445735921524e-15,6.39540474204001e-07,3.36346626674367e-15,3.01250613525666e-07,-5.21614494335607e-15,4.04697294764862e-07,5.62822192463473e-06,0.281013266049601,-7.42284208347349e-08,1.37164647073216e-08,-5.88228492710174e-07,2.57929755159513e-07,1.11921685249262e-15,1.15785171860185e-05,-1.03944119019251e-06,-9.30715065294618e-16,-8.53693457842717e-08,-2.48122169315085e-07,3.96855377882417e-07,9.05980452023912e-16,1.78395594757006e-07,8.37529346043898e-05,4.97996419074692e-16,-5.75836577870831e-07,-1.27012300497306e-07,-2.34421124877655e-06,2.53883905857461e-16,4.04833653608608e-16,1.12864079287e-07,3.40925654963262e-08,2.75073424164775e-09,-2.90560198560283e-07,1.89377999819309e-08,-3.36028564049881e-16,-7.61984230477337e-16,6.87633038378939e-08,4.73658006164399e-10,2.27071536244893e-16,1.64591542095708e-07,1.56778297489939e-15,9.31749246620059e-07,-3.08880724895705e-08,-1.80336134827906e-08,-1.19195001463043e-07,-6.78882970973289e-14,2.91903821598383e-17,-6.58117234909107e-16,-6.91376491418993e-15,-3.33272562215101e-06,-2.23943572376076e-07,-2.83565056446693e-16,-5.15232303697892e-16,-2.92360167153498e-16,4.98188448297459e-07,2.8045577653287e-09,-2.43885850435595e-07,4.46294161565084e-16,2.01417658593495e-16,1.64861071842715e-15,-9.30758051150409e-07,3.14310679960228e-07,-4.47314164395591e-16,3.53347433157059e-08,-0.00102171672939425,2.87169825724726e-16,-3.79584258610628e-17,-8.56051414532638e-08,-8.77697961533567e-10,-4.24869718924716e-08,1.59624338567049e-16,4.76156841978804e-08,6.9121961030163e-08,7.38051900013911e-08,-6.68080859857206e-08,-2.37515109869477e-07,2.0160233630159e-08,1.31671685481361e-17,-9.6509063444981e-16,2.47983450803112e-16,3.75675483885193e-07,-5.41040358085346e-07,-1.84671731914809e-08,-1.43559114223926e-08,1.78155428855336e-16,-1.65967967173066e-16,-1.99141835213317e-16,-2.04037924970562e-16,3.33606839831695e-16,1.75323027776455e-06,-1.23095931415573e-16,-1.9938977834526e-16,-1.09102596124724e-08,-3.03290108637513e-17,-9.76420526146148e-09,1.08010709614131e-16,-1.21005494128033e-08,3.13423832294339e-16,-1.45439468338924e-08,-1.81700397291639e-09,-1.14382911325679e-06,1.57379940232638e-16,5.79781462532232e-08,-1.27103072108198e-16,8.17067341701699e-08,-3.68652553452412e-06,7.87167327990544e-10,1.98991528619363e-16,1.14549160267418e-07,4.05128299562125e-16,-2.80084472990827e-08,-1.5805049942983e-07,1.25440016516372e-16,6.76649935938499e-17,5.382155263786e-16,-5.52287194370761e-16,-5.28347509987331e-10,-6.87260194657947e-09,-1.53268140269052e-09,-1.49308643084018e-16,-6.45049306102378e-17,-5.68894525691551e-06,9.08190281558073e-07,-6.3683603797689e-17,3.3145797642269e-16,-6.89230645761766e-09,3.24483876412106e-17,-4.87719603011859e-08,-1.86280539955082e-16,4.585437137334e-07,6.95467105175437e-17,-6.76310251706621e-16,7.77541715542958e-17,-1.67760223420105e-16,-5.93952862432522e-17,-1.08094694591018e-16,6.04100648148521e-08,-4.22437998452098e-07,6.28933563763142e-17,-4.04416606477821e-08,1.5366035412698e-07,-1.88849500218938e-16,5.59366197446163e-16,1.76005663840839e-16,1.07881634534698e-16,1.50761406048258e-08,2.4083822875386e-09,-1.35636092712193e-16,-9.21882984023676e-17,-2.73156747063219e-08,-9.74251741678616e-08,-5.19426280548162e-07,-5.37273013820131e-17,1.03406931978468e-16,-7.13427987178541e-17,-1.49604074257347e-16,5.26457117456546e-17,2.77900352420545e-17,5.70453314862919e-08,-5.39138068661228e-08,-1.03589955703777e-08,-7.93885096614024e-17,1.30040972490496e-17,-7.25528576585424e-17,-1.52549558462994e-17,-8.29760691352283e-19,1.29904826432617e-16,-4.6410398736853e-16,1.0283286134174e-16,2.39211885327086e-16,1.9819064806421e-16,-1.9870590021101e-16,4.22778219015036e-17,9.66901372015589e-17,7.72505196367028e-17,3.87841431070597e-08,4.87332393167164e-15,-8.68323020867041e-16,-8.29525228915298e-16,8.715505470564e-07,-9.54918861605728e-10,-1.1615958142382e-16,-1.41368119155458e-08,7.94443825128073e-07,-1.68333713614994e-16,4.92724682250943e-16,-1.39098863310148e-07,-2.99690220829686e-16,1.9458098776776e-08,-1.58053850878757e-14,-8.01164285681067e-17,1.38958879062021e-17,-1.96975924939904e-16,1.72599184045488e-09,-2.36950974889238e-07,3.74078955891724e-17,-2.42778008483015e-16,2.53426688301122e-16,-2.59949585359903e-16,-1.46475713502792e-16,-1.46506109242742e-16,-1.23522079025758e-16,7.21658030072374e-17,1.95122999956796e-08,3.71572780626868e-17,5.23930851461236e-17,-8.8409937898241e-17,1.29397065404981e-16,1.74562595190428e-16,-2.4349932347612e-16,-5.58356188414124e-08,-1.09748787157689e-16,-8.45583463412144e-17,4.16646020009804e-08,-4.39937571775545e-19,3.73714227977372e-16,-3.75564304409385e-16,-8.64626614091798e-17,0.00640467250173685,-1.51531433010562e-16,-2.23142204373998e-08,2.17469092728924e-17,-3.88845768577723e-17,-2.53568597081842e-16,5.79071956808034e-17,-1.04081040409997e-17,-2.36598802774248e-16,8.68201536779246e-10,-1.06602496901384e-16,-2.06181280057401e-16,3.41615790003759e-08,-1.09533596894611e-07,-1.9146469746006e-17,7.70002409411469e-08,1.12850646738225e-08,-5.08608792708886e-17,6.61501793600253e-17,-1.18242616919211e-17,7.71358497700278e-17,-1.82158043710764e-16,-1.89692658908243e-08,1.00074343650572e-16,-1.60052186885607e-16,5.95229191734618e-17,7.5873496281434e-09,1.26216917441444e-16,7.60129289612939e-17,2.40116096200147e-16,5.01920096793708e-17,-3.45175491993331e-09,-8.60016059335685e-17,3.62440614877094e-07,9.80473624310142e-17,-1.30525906345031e-17,3.99643862530388e-16,1.16673241386892e-17,-2.41692069360159e-17,1.94196318067643e-16,6.71959569760024e-17,-1.23921554282703e-07,2.13746132251592e-16,2.16098864915139e-17,8.27418770404357e-08,-2.36926676406245e-17,-1.50601872665552e-16,-1.77339887159237e-16,1.8390652955381e-17,6.48359763319259e-17,-8.25293773548271e-18,-5.4550325682541e-08,-3.61319576138251e-17,-3.52671189165228e-17,1.77944301588092e-07,-7.14573139209245e-17,-2.22886221904446e-16,7.30869749476967e-17,-6.23232072726328e-17,3.65198122427387e-17,1.53486312877204e-16,2.18014316688599e-17,-2.11508979383601e-17,2.38967691753468e-16,-2.19292539152802e-17,9.33038570749859e-17,-9.29484658003533e-08,1.9382914950604e-07,-8.97700350915194e-17,-1.73984628202577e-17,2.82249850072756e-17,3.15949167480235e-17,4.52003885709207e-16,9.33090853791454e-17,-2.82842579726026e-16,3.61836410818685e-16,-2.42805876146102e-09,-1.47612564348058e-16,5.05579895407162e-17,-1.23673430515526e-16,1.89474871296105e-16,3.10221671305216e-09,1.34197893495621e-16,-3.38487464543999e-09,5.67107007530464e-17,3.88436999111404e-17,-1.6971206291385e-17,-5.64633522697045e-17,9.56972050926072e-17,1.70631534087042e-16,6.86866455323291e-17,3.5122605080137e-17,3.93335344486894e-17,-4.52181012312004e-17,-1.78406594378779e-17,-3.54355398258406e-17,1.54461898062721e-16,1.06320770474219e-16,-3.01326402525014e-18,5.00589880939156e-16,4.19169666933918e-17,2.16991717699359e-16,-9.62376627845202e-17,5.03869970221242e-18,-3.47595216498853e-16,-1.04831054158514e-17,4.32480560918169e-17,-1.22790450839094e-16,-2.91549088829478e-17,2.31470460101013e-10,2.26984684476369e-16,-8.3925616410643e-17,4.15162120177799e-17,-1.17438350541856e-16,-1.54681226184148e-16,3.9416186128173e-17,2.39015848432412e-18,-3.69328551521075e-17,-5.4303933303021e-17,-9.32311795350859e-17,-2.77013655070046e-17,2.20344690060071e-16,-1.88437455852527e-17,8.28350565169883e-17,-6.64309537508364e-18,-1.06648073644909e-16,-1.07115980069858e-18,-2.96275811733172e-09,-3.50400286732743e-17,8.27402689152585e-17,-1.73718882378014e-16,4.23460504056318e-16,1.15150987152597e-16,-2.21401285422801e-16,7.14138483916554e-17,-5.87913662536699e-17,-5.15384186006145e-17,6.24331802519432e-10,-2.90585416314015e-17,-6.00132097940188e-17,-1.28112034404992e-16,-3.69345138411965e-18,-1.2030051735561e-17,7.05174597674369e-18,1.31473240833487e-16,8.2277513706294e-17,7.59642436427068e-17,-2.21392442113639e-16,5.31274831956316e-17,1.8240106694145e-16,-4.17578353062183e-17,3.13334148725167e-09,1.03638202023779e-16,8.10951436256598e-19,-1.40072592859991e-16,-2.63135867262232e-16,-9.40883866938884e-09,1.93110438945473e-17,-4.74469221890031e-17,1.89022805593383e-16,-1.77750407776516e-16,-6.83819186707032e-17,7.06880412022562e-17,3.7812352081489e-16,5.27265384928594e-17,1.86065678298018e-17,7.02602448635811e-17,1.51014264317339e-16,7.25152693818661e-17,-1.04492795625741e-16,-1.35427446086257e-16,-4.11707741012194e-18,-9.34234869245467e-17,-2.43196331494958e-16
"t799",-0.0436143950885653,-0.0633312629112655,0.0221859486463632,0.0283834869353879,0.00207873253567513,-0.000809105767068431,0.00443423527811484,7.39753349295277e-05,2.06607253975006e-05,3.14125265448478e-06,0.000115069948230837,-0.0297597538877116,0.0609210581250636,-0.011976622229398,-0.0129471857246921,-0.0238947030520715,-0.00276185064110525,0.181182048419837,0.000225058221268191,0.000127253854568379,-0.00292981445779458,0.000753664746924867,-0.00180150516069957,0.0325886683041067,-0.090722744263328,-1.01836361589115e-05,-3.9999547126832e-05,6.91379846405022e-05,-0.00260883593962227,0.00292535060687494,-8.85619696781194e-06,1.59318095065209e-05,-0.00684946498899,-3.70739674520396e-05,-2.86358674151502e-06,-1.81610518253967e-05,-0.0254203465067915,-1.80000965512553e-06,-6.8411222896383e-06,4.73375805733949e-08,6.25598149937353e-05,-9.64139888852295e-06,0.000135218238354853,-8.14486941100029e-06,0.000333588106256933,-1.00345228636856e-05,0.00111545685967716,-0.000181272257882001,1.94598527318337e-05,-3.76213000805896e-05,0.000436623634378895,-2.23564889089789e-05,3.14135581609028e-08,-7.13349832385081e-05,3.80994269365467e-06,-3.9921646308104e-05,1.48351191378455e-06,-9.87913424415811e-05,3.34966278030595e-05,-3.57387496983784e-05,-3.11245921323523e-05,4.82629339577265e-06,-0.000157927795298462,8.41118412198353e-05,-6.05880742675976e-06,0.000237006369195719,-9.1842792577485e-07,3.34194153020947e-05,-9.30447645206806e-05,3.81201320227504e-05,-0.298067382927513,2.92224002900875e-05,-1.57269878976867e-06,-0.00226513279753098,0.000947624518502388,4.48959778586918e-08,-0.000270892979769963,5.98403028256521e-06,-2.6900286574042e-05,-3.41402795390943e-05,1.15581550331303e-05,0.00017918773817128,-3.05172339910268e-05,-0.000218573273524022,4.13252389239367e-05,0.0237892854697023,0.00188738093704545,2.45510513293391e-05,7.50050828331696e-06,-0.00167502354918628,2.71103661628301e-05,-1.6032195989152e-06,-1.36382487476956e-05,0.00222772784942862,4.26386796580833e-07,0.00234700728153196,0.0551506738368469,9.62628046627791e-06,-6.59548807299985e-06,1.22223560502856e-07,-6.38706141162424e-09,2.55169968622678e-05,-2.56654430926337e-08,2.28512652302079e-07,-1.07804522836743e-07,0.000212335061058139,-6.01244492402939e-06,2.67699963393477e-06,-9.83597847770736e-07,2.47406632023666e-07,1.10668188361943e-06,2.83607211491048e-06,-4.81973512202227e-06,4.9531493905527e-06,-2.58167553942167e-08,1.03810671588739e-06,-1.56041283708026e-06,1.73076075718043e-06,-1.82087483449737e-06,4.59656476992898e-06,-1.74219119471473e-05,4.38930567862029e-06,-4.26701864312464e-06,-1.17343862325001e-05,3.83348502441568e-06,-3.74736413988053e-05,3.81229606976827e-06,-1.22853698796458e-06,2.47255014095628e-06,8.16931859522422e-05,-0.000153630969612045,8.75972882305267e-06,-0.000710799286212004,-1.29727040286105e-06,6.05009223888926e-07,2.81196061531344e-06,-1.68407383027314e-08,-1.13010544362817e-05,3.512358593916e-06,-1.01030044579638e-05,-6.45681073557368e-07,-2.50007512693856e-05,4.88665089768083e-06,3.11908288616016e-07,9.84023728921861e-07,-6.19373080794981e-08,-2.86521994995911e-06,4.34032808177572e-07,2.83357805915849e-08,-6.97780409311822e-08,-1.08420449396432e-05,-3.23088013979295e-07,-6.92698730020453e-06,2.5948592413368e-06,-7.74812548890254e-07,-6.79544083373779e-08,1.02514801212244e-06,-0.00290685061451351,-1.04698713277286e-07,-4.8804413418245e-08,-0.00205011874429962,-1.46248112471018e-06,-1.08853931342691e-07,-2.5144040527164e-05,2.86200763744812e-06,-1.91172081125964e-05,2.07030643179343e-06,3.54858152850443e-08,1.76560798618434e-06,2.3776603659419e-06,-4.46762600455037e-05,-4.43727326866484e-06,5.581204123313e-07,2.00805750832056e-07,5.56153798296383e-06,7.76907797135076e-08,4.92217846912604e-07,-2.09931000824747e-06,-1.31302807726343e-06,-4.13621848739979e-05,2.62167627013874e-05,8.24011491742299e-05,-1.13745738322427e-06,-2.9247239014558e-06,-1.43327150775439e-07,-1.79927003728408e-05,-5.15754563540425e-06,1.22497007856201e-06,5.50742150354776e-06,-4.84703276285579e-05,-1.43930603073355e-07,2.66514884963472e-07,1.06069783730592e-06,8.84482505735318e-07,1.81710721832123e-07,-2.56738212007392e-07,-4.73217759067819e-07,-2.39970684367305e-06,2.81496607910475e-07,1.19757309053063e-07,1.19465346895385e-07,1.98637606559461e-05,-3.23727208181273e-09,-0.00022490485120781,-2.98062518854415e-07,-2.90404701496544e-05,5.41122221331422e-07,2.0178184073065e-05,-4.07984780125151e-06,-9.4714714774733e-06,-1.84828728283637e-05,6.54226767997015e-05,-0.000363585144678443,-1.0784042604727e-06,-6.88987433565035e-07,-9.21553847677578e-07,1.44278209364859e-06,1.25711802203508e-07,-2.32610808771262e-07,-1.16031372198128e-06,-6.32969748362358e-06,5.13489420670319e-05,1.98221195186543e-06,6.41452315297355e-06,-1.63727115530074e-06,-8.37835540723571e-07,-8.84132212648893e-06,-6.13378204820951e-07,-9.64213728997303e-07,-7.68820129378673e-07,1.63633042738838e-05,5.40974517358587e-06,2.6016674575539e-07,4.35254412164119e-07,-2.30269227784272e-08,-3.7790266050819e-07,-1.96405774454234e-06,4.21750196215726e-16,-2.96136424909597e-07,2.22726636993783e-05,-6.34415126201507e-07,-1.1525843662071e-05,-1.86247065300947e-06,2.22738389363258e-06,-3.66790623906697e-07,1.33515944380012e-05,-3.04790200218044e-08,2.01644096241788e-09,-5.1834112415111e-06,4.74331078752097e-06,-1.4940888667898e-07,2.04774166379661e-05,-9.60285858930157e-07,3.78323818861079e-07,-2.50787738021114e-08,6.93300109899794e-05,-6.59900261002457e-05,1.84092743077034e-05,6.07476146328132e-07,-1.19816636398853e-07,2.71076279673709e-06,-5.3199011933408e-07,5.92820982767863e-05,-4.8587767742987e-05,3.10571455610635e-07,-1.06247844278192e-07,7.52204873289914e-06,2.27816498445559e-05,-0.00123227408034166,1.24061510076523e-07,5.2324246265811e-08,-1.2382797994209e-07,1.73743638909507e-05,-1.79678224755407e-05,4.23958108531278e-06,-9.555459085663e-05,5.11458217384888e-05,-0.000236812840060172,1.25240100824826e-05,-8.15848022103504e-06,3.04118365549611e-06,2.55694784674915e-15,-1.17823397191169e-05,-4.382162732276e-07,-3.21717344030077e-07,-0.436045156905539,-9.46038639293898e-07,3.90477180508915e-07,7.80597307215141e-06,-2.84068383860711e-07,2.15654972175902e-06,-5.57718970042398e-06,-1.67094481089417e-07,9.37130267099576e-08,-1.13162281279673e-06,1.31075407081307e-06,-9.40642009182784e-05,3.12795621552603e-07,-2.93023402631e-06,-1.44916678764323e-08,-1.24500667433623e-07,-3.51871629351866e-07,1.40630175753686e-06,-1.63931921504005e-06,9.399829572724e-08,-9.73665610378833e-08,3.22580316228468e-07,-5.85491303186025e-09,-4.40150977115471e-09,-2.13803254512941e-08,3.55366213189143e-08,-1.71626127593091e-09,7.01931857964936e-08,-4.59594208866371e-08,1.31593817103078e-09,1.50160150065202e-08,-4.0179408517911e-08,4.9701321169267e-18,5.4092222527145e-10,0.00143527791791387,-1.69041976710903e-08,1.4261006361077e-08,2.295628194413e-08,7.17294439352512e-09,2.4883545421794e-08,-4.52730187633788e-07,2.08874753994876e-07,4.68762110969788e-16,-1.99903661747482e-07,-2.48297290849191e-09,-7.29040818041933e-09,1.30719878423721e-05,5.81932984103013e-08,-4.06147433629594e-09,-1.61965777373194e-07,4.43119183316878e-08,-2.46313098105766e-06,3.05102664457404e-07,-6.39228998506063e-08,-1.18220706047446e-07,-6.37282676101049e-09,-6.78013522910814e-09,-1.31782478659186e-07,0.000664177363499369,-1.02469365465421e-07,4.06068197943907e-16,-2.61602752167376e-06,2.07589325905574e-07,9.55548679717673e-09,5.38054770968551e-08,-2.53245191663937e-07,-5.52922842620615e-07,3.38339826900447e-06,-2.63735935203099e-05,-4.65957938093731e-08,6.12481173874036e-17,-8.83337174349424e-08,-1.3663338180136e-05,-1.13165969547559e-07,8.80687835054423e-17,2.15394124988925e-07,2.17131201543873e-06,-3.31440117739447e-07,-1.76569667461669e-07,-5.90110517476381e-08,-3.16270257874213e-08,-1.13237558919411e-06,3.16952950005867e-08,3.36984850575362e-07,5.34464058957374e-06,6.95948679188238e-08,7.02059594901155e-07,-7.08485957596066e-17,-2.80765397219083e-07,1.31970356955276e-07,8.56424266224628e-07,-8.66803949554128e-08,-2.30403985673761e-17,-8.48375830673366e-08,1.10572682375477e-07,-3.84644988210753e-08,-3.42608365394988e-08,-8.687095680748e-08,6.44034506338084e-07,-1.23256137233551e-06,1.7354403566773e-07,-7.16050802302151e-17,6.38212499585388e-07,-8.52072312011167e-07,3.78254553389167e-06,7.92568946325435e-07,-8.05614971999463e-08,-5.41240535454305e-10,2.42861286636753e-17,3.84456668513025e-18,-5.2478347491213e-10,-4.6865263073357e-07,6.18132172313115e-08,-8.97965751784516e-08,1.19272855984637e-16,-4.2967504274042e-08,-5.09232578471717e-10,-7.43145159948843e-17,3.44707898580849e-16,-1.1449705150382e-16,1.09172159094631e-07,3.22425827788219e-07,-4.68443250147311e-07,2.77976731144562e-07,1.38668490482363e-07,2.94768226553962e-07,-4.55096334855543e-05,-6.46673530641875e-17,-7.14975235826284e-07,5.35875168380623e-07,-6.60118173468435e-17,-3.51126929225189e-16,-0.000407256790441826,-2.57518045186329e-11,-1.99907024459001e-07,1.56994327064531e-07,1.99629825828912e-07,-1.07488917530071e-08,9.23188593328391e-17,-3.62004479808755e-08,-4.4519532061931e-17,-1.23888212044443e-07,-3.22170675554068e-16,-2.25937690142149e-07,1.23458190791707e-16,1.7738855144304e-07,2.45606276708198e-07,1.48972912251458e-08,1.96522866539811e-07,1.08001833289281e-06,-7.8392123948471e-08,7.97932754894318e-07,2.55687293769037e-08,1.24412169501099e-07,1.15768503085752e-08,1.85469343776828e-07,-2.8356806928178e-05,-1.44001839729432e-07,-1.29820399087877e-08,-3.40139473477949e-07,-1.14623228968244e-16,0.0025021708353586,-7.99665306953587e-06,2.98121130979622e-08,9.46164583798034e-15,4.07884868696509e-09,1.1444818419196e-07,4.17060481998441e-07,7.93130931029493e-18,-3.65095793656747e-05,-5.3963141597195e-08,6.91555203161963e-17,-7.18610145070814e-08,1.14922099124505e-06,3.20204005023477e-17,1.4682760222097e-16,-2.22289801807926e-06,-3.29593340663819e-08,-1.88627496354785e-10,-2.63039040109847e-07,7.07054745395858e-08,7.51618879749759e-06,2.00437759021899e-08,2.49062151189267e-07,-4.28172084645576e-07,9.7572774512833e-16,9.78966125093536e-09,6.11793775851656e-10,1.69444274004791e-09,1.59287051571846e-07,1.33868430619226e-16,-7.28823499653892e-19,5.27371558103654e-08,7.24970897061235e-17,-8.26470867566447e-18,3.51612181338911e-07,-3.99535870856893e-07,-8.17618775972746e-07,-4.69491535586483e-09,2.16959723956288e-05,1.49866490206179e-07,1.30775003245221e-08,-2.38027150059123e-16,4.31481763227885e-08,2.40531820075485e-09,1.2101531015237e-08,-0.0175158942769759,1.0316706656466e-06,4.75388212308207e-17,1.31635490992535e-17,4.66292976788644e-16,-1.53662990864097e-08,-8.72384257206949e-08,-4.60520484200761e-08,-3.64418464083187e-17,-2.28420049831505e-06,-4.21736330311508e-16,1.55820729024404e-16,1.1261245412983e-06,-2.47431471360689e-08,-5.26054894089967e-16,-6.16667423369909e-08,-1.1556703269037e-05,-7.31950109432187e-16,9.72169238613643e-08,4.79477513778876e-17,2.74251429516246e-08,-7.440983468074e-17,2.82739230447788e-08,2.62946805221116e-07,0.00238134590785134,6.72070476812806e-09,5.07296226820814e-08,-1.82298094811441e-07,7.36344370190152e-08,-3.31061882365296e-18,3.39832536832313e-06,-3.06510080611324e-07,6.94069131547842e-17,-2.53362031002053e-08,-7.45382490744678e-08,1.20565870280679e-07,-8.63366318260348e-18,5.63404185965653e-08,2.66527275425311e-05,-9.629101309894e-18,-1.85096947140618e-07,-4.10277883852651e-08,-7.70964971376338e-07,-2.98359160512741e-17,1.18524917233356e-17,3.86602694697201e-08,1.18725179509879e-08,9.61117052673353e-10,-1.08454181904889e-07,7.13941964461887e-09,1.49394940595496e-16,8.67093683736933e-17,2.60988398720439e-08,1.79927598273652e-10,-2.4009678674461e-16,6.32241882752694e-08,6.68185617108442e-16,3.6169945082067e-07,-1.21604457215817e-08,-7.1067112629948e-09,-4.71535244330038e-08,-2.72217165996362e-14,4.48774068556648e-17,-1.22188219591413e-17,-2.79749340163177e-15,-1.36301032300039e-06,-9.18289523937604e-08,1.03182503377543e-17,9.91390125343266e-17,-1.30077771100242e-16,2.0621055593427e-07,1.16552608256493e-09,-1.02448092060564e-07,-4.94285185306236e-17,2.11676921650639e-16,-1.49159113879693e-16,-4.04825586248557e-07,1.36865016335352e-07,-1.11583347102552e-16,1.55865362488351e-08,-0.000453007324482749,-2.14704843890889e-16,7.80252780886106e-17,-3.8410107321818e-08,-3.94185427554831e-10,-1.92130077587462e-08,1.49262008119525e-16,2.17771601144197e-08,3.18079298026018e-08,3.42516859584361e-08,-3.13594222308417e-08,-1.11826021343687e-07,9.54531939494676e-09,3.00986973422294e-16,-3.18359836406164e-16,-3.36028255669076e-16,1.8352371180951e-07,-2.6443164330991e-07,-9.06106903833159e-09,-7.18258736613407e-09,-6.85530769192444e-17,1.90702966567479e-17,2.69487509760457e-17,-1.35815017171287e-17,1.48365432748326e-16,8.95017599058752e-07,-6.82780465759164e-17,-3.90629812760285e-16,-5.61343825686394e-09,-2.77650015784917e-16,-5.02587832467442e-09,-2.49118917380228e-17,-6.23283037948824e-09,3.89458498543582e-17,-7.59362908702908e-09,-9.51751829502022e-10,-6.02101842984555e-07,8.23398162255858e-17,3.07051544991376e-08,-5.92442495468306e-17,4.38534320117685e-08,-2.01362808865806e-06,4.30290863865554e-10,-8.66019589609267e-16,6.30669215045737e-08,-2.25473313687024e-16,-1.55982428278155e-08,-8.80700890577795e-08,-4.4421719796403e-17,4.94790710256069e-17,-1.33288706064112e-16,-2.20254353757717e-16,-2.9724619475046e-10,-3.87639732913239e-09,-8.67070150343388e-10,-2.55257501799442e-16,-1.50089573578508e-16,-3.26529291185363e-06,5.21615493425612e-07,-1.79049615146053e-16,-2.65166407877293e-18,-4.0330824141433e-09,-1.51465681465888e-17,-2.86559475113872e-08,1.69259627163698e-16,2.72682387988034e-07,7.79757433844681e-18,-1.28079836126342e-16,-2.32089660889937e-16,3.74259069165343e-17,-1.97945464611843e-16,6.37848590518654e-17,3.68593959728983e-08,-2.57841928002464e-07,4.55489863949058e-16,-2.49186836008298e-08,9.5063007290193e-08,-7.45661233768965e-17,3.93342627638032e-16,-3.2627528591795e-17,-8.82112199044621e-17,9.4967305504663e-09,1.52373120037873e-09,1.2483174155088e-16,-2.376908755518e-17,-1.7367836657911e-08,-6.19851603692962e-08,-3.31207245111253e-07,4.8368843961187e-17,2.75422674224627e-16,2.77106767706711e-17,-4.642038601537e-16,8.2899332410151e-16,-6.15312194797415e-17,3.78092434504301e-08,-3.58744932438341e-08,-6.92032287835525e-09,4.41111041605889e-17,-5.86094250676992e-16,1.4599483361221e-15,1.57584381935626e-16,-5.11247153640946e-16,4.80375085221496e-16,-8.93803425364056e-16,-3.41062622137656e-16,-2.84825262938002e-17,2.03191452430883e-16,-3.65598204729e-16,4.04724873035735e-16,2.36229413304662e-16,7.31428625161955e-16,2.80332790417621e-08,3.10904627486105e-15,-1.14773558305801e-15,-6.94644934556554e-16,6.37995315355362e-07,-7.0113902259607e-10,7.32414403561624e-18,-1.03994625722044e-08,5.943696877689e-07,-9.372840793611e-17,1.05988086744515e-16,-1.0646778540847e-07,1.66188032749827e-16,1.53637548223153e-08,-1.22659259483245e-14,-2.32465091990558e-16,4.42086838514763e-16,-2.20471802902832e-15,1.44443581342079e-09,-1.9918209511289e-07,9.35244004084197e-16,-7.73399687692891e-16,8.34037994647438e-17,-2.85665609369317e-15,-3.52999964328693e-15,-3.34605197939704e-17,3.69927789195756e-16,-4.40614796163672e-16,2.50899074977434e-08,-6.32044094159425e-16,3.40184556905913e-16,-4.90989910865208e-16,3.19316756397292e-15,-1.01894147586691e-15,-4.52497329034736e-15,-8.94865635330827e-08,7.10726732767166e-16,2.27462526537463e-16,7.05028972792186e-08,-2.8518240866842e-15,-4.5330522478544e-15,-1.33313483907191e-14,-3.73868122989674e-15,0.400471773315745,-9.57012948601862e-15,1.51731144044954e-07,-8.71155909835884e-15,-1.34701545060992e-15,-2.14104143019574e-14,-9.65444341632189e-16,-6.41921717296372e-16,1.07708912488109e-15,-1.46895068827846e-09,-1.29243949607343e-15,-1.19801408224373e-15,-3.11601811056184e-08,9.71453431495565e-08,1.35474552471388e-15,-4.30858845927532e-08,-5.47792997855486e-09,-1.59081092458409e-15,1.5425884743346e-15,-1.68066083291838e-15,1.00295930554845e-15,-8.9980848651206e-16,-6.24799665536002e-10,5.23967523282577e-16,1.06590512512278e-15,-3.06082536869577e-16,7.0775428961952e-10,-1.72125058592729e-16,3.21292144119405e-16,3.13922077453198e-18,4.00055167754659e-16,-5.35738060548285e-10,-7.96230556636678e-17,6.20784511056656e-08,4.42182122582393e-17,-2.25648241974101e-16,-1.72433814361904e-16,7.84491244245864e-18,-6.30899592423659e-16,-7.44512272806406e-16,1.12741706276018e-16,-2.97038986989233e-08,1.26105967569923e-15,1.34405360966293e-15,2.09628880926923e-08,1.21265107001704e-16,7.50146975219482e-17,2.85383990225516e-16,-8.68770157881085e-16,-7.37469336199757e-16,3.71471213332055e-16,-1.58291139714469e-08,-5.22172848669269e-17,-2.34995261165861e-16,5.41391510265494e-08,3.34920276720641e-16,6.24016304017426e-16,7.04372806589163e-16,8.06647546495862e-16,-2.57418915923394e-16,7.58349116314898e-16,1.92334294947114e-16,7.55953564602148e-16,7.07969008257519e-16,-7.00307435580106e-16,-9.15905398346514e-16,-3.22425150224073e-08,6.8077415892575e-08,-5.81191392362674e-16,-9.55936338487899e-16,-1.39900193004539e-16,1.68380180609474e-16,-3.40439482160448e-15,3.78375623652755e-16,-7.77653162392482e-16,-5.4139640804911e-16,-9.02707152039792e-10,2.04950378157434e-16,-1.18370971202231e-16,1.03884337112905e-15,-5.60868660093713e-16,1.20036812880445e-09,-4.86689443309585e-16,-1.36074735986256e-09,1.77863889493927e-15,9.5969519418708e-16,1.68837354745001e-15,1.31801156524764e-15,6.33236619062449e-16,-1.57138887431857e-15,1.30556435442199e-16,1.88219895600237e-15,-5.52492196827318e-16,4.77831396628423e-15,-3.7866342840981e-16,2.46241075051725e-13,-2.78737706968223e-11,-0.707106781186547,2.46686683420087e-15,-4.70435819552647e-15,4.94741902497226e-15,6.64036402025958e-15,2.5099417926978e-15,3.68720972081545e-15,1.58695756188876e-14,-4.6070823772083e-16,-2.73077506043985e-15,-1.19934637673159e-15,1.76000954047576e-15,1.02937678485961e-10,4.02264343078506e-16,1.46020773319178e-15,2.0448861637538e-16,1.04373108514616e-15,-1.25955504401803e-15,2.36804635667701e-16,-9.08898477856002e-16,-1.09591464130173e-15,6.82342256711744e-17,1.08499235144204e-16,1.39531398588022e-15,-3.39936451862387e-16,2.86228858246649e-16,-1.01069320900695e-16,-1.01010165873708e-16,-9.08453723804258e-16,-5.19398036284648e-16,-1.3810323958932e-09,5.35291569351425e-17,3.62571070665664e-16,1.88819896636423e-16,-4.8739819271447e-16,3.26007042252254e-16,8.65108067585951e-17,-1.42546797725306e-16,-1.71468563986511e-17,-7.44349643346698e-17,3.0235645526403e-10,8.51247924515315e-16,7.79238424858313e-17,1.19782314512961e-16,1.74391702703472e-16,-2.07676343697164e-16,3.51667886359854e-16,2.42695004366726e-17,1.8580710311516e-16,-2.09441977846634e-16,2.81124784096428e-16,-4.57261047899545e-17,4.93384774755936e-17,1.68728911374312e-16,1.56567058848344e-09,-2.14961355250822e-17,-1.20280445850737e-16,3.63300151279021e-16,-4.60569082871842e-16,-4.76183899333385e-09,-1.08637553531234e-16,1.62662991486147e-18,-6.67497345582651e-18,-3.48567203830922e-17,-1.20743372372982e-16,1.60552219859761e-16,2.91071989595994e-16,8.25345033176084e-17,1.00435408921583e-16,-4.46460150248686e-17,-5.80972957201322e-17,1.21963614289394e-16,-5.89439826874338e-17,1.69756787686728e-16,8.21409581912376e-17,2.13899069112698e-16,-3.34022452495812e-16
"t800",-0.0436143950885653,-0.0633312629112655,0.0221859486463631,0.0283834869353879,0.00207873253567513,-0.000809105767068427,0.00443423527811485,7.39753349295349e-05,2.06607253975054e-05,3.1412526544933e-06,0.000115069948230837,-0.0297597538877116,0.0609210581250636,-0.011976622229398,-0.0129471857246921,-0.0238947030520715,-0.00276185064110519,0.181182048419837,0.000225058221268204,0.000127253854568363,-0.0029298144577946,0.000753664746924871,-0.00180150516069957,0.0325886683041067,-0.0907227442633282,-1.01836361589301e-05,-3.99995471268439e-05,6.9137984640481e-05,-0.00260883593962229,0.00292535060687494,-8.85619696782086e-06,1.59318095065169e-05,-0.00684946498898992,-3.70739674520271e-05,-2.86358674150669e-06,-1.81610518253862e-05,-0.0254203465067915,-1.80000965514028e-06,-6.84112228964527e-06,4.7337580589647e-08,6.25598149937542e-05,-9.64139888854666e-06,0.000135218238354833,-8.14486941100279e-06,0.000333588106256939,-1.00345228636529e-05,0.00111545685967716,-0.000181272257882013,1.94598527318542e-05,-3.76213000805628e-05,0.000436623634378915,-2.2356488908979e-05,3.14135581715998e-08,-7.13349832385506e-05,3.80994269362383e-06,-3.99216463081353e-05,1.48351191377447e-06,-9.87913424415837e-05,3.34966278030404e-05,-3.57387496983424e-05,-3.11245921323212e-05,4.826293395784e-06,-0.000157927795298457,8.41118412198445e-05,-6.05880742676236e-06,0.000237006369195717,-9.18427925798475e-07,3.34194153020581e-05,-9.30447645206524e-05,3.81201320227366e-05,-0.298067382927513,2.92224002903317e-05,-1.5726987897874e-06,-0.00226513279753095,0.000947624518502374,4.48959778698875e-08,-0.000270892979769822,5.98403028250375e-06,-2.69002865740121e-05,-3.41402795391101e-05,1.15581550331405e-05,0.000179187738171311,-3.05172339910361e-05,-0.000218573273524025,4.13252389239386e-05,0.0237892854697025,0.00188738093704545,2.45510513293581e-05,7.50050828333825e-06,-0.00167502354918629,2.71103661628541e-05,-1.6032195989525e-06,-1.36382487477044e-05,0.00222772784942856,4.26386796579793e-07,0.00234700728153202,0.0551506738368469,9.62628046634944e-06,-6.59548807301848e-06,1.22223560508528e-07,-6.3870614256695e-09,2.55169968622844e-05,-2.56654431098653e-08,2.2851265231236e-07,-1.0780452284996e-07,0.000212335061058184,-6.01244492401109e-06,2.67699963393467e-06,-9.83597847766717e-07,2.47406632040037e-07,1.10668188359512e-06,2.8360721148794e-06,-4.819735122055e-06,4.95314939059147e-06,-2.58167553708013e-08,1.03810671594296e-06,-1.56041283709857e-06,1.73076075715062e-06,-1.82087483451313e-06,4.59656476998524e-06,-1.74219119471324e-05,4.38930567858461e-06,-4.26701864315568e-06,-1.17343862324888e-05,3.83348502445666e-06,-3.74736413988083e-05,3.81229606957094e-06,-1.22853698797266e-06,2.47255014097438e-06,8.16931859522365e-05,-0.000153630969612071,8.75972882306579e-06,-0.000710799286211994,-1.29727040282966e-06,6.05009223966445e-07,2.81196061533634e-06,-1.68407383087779e-08,-1.13010544362814e-05,3.51235859395132e-06,-1.01030044579364e-05,-6.45681073526455e-07,-2.50007512693047e-05,4.88665089768196e-06,3.11908288623721e-07,9.84023729015503e-07,-6.19373080815136e-08,-2.86521994996669e-06,4.34032808141553e-07,2.83357805844822e-08,-6.97780409149651e-08,-1.08420449396208e-05,-3.23088013992177e-07,-6.92698730020593e-06,2.59485924133492e-06,-7.7481254890608e-07,-6.79544083554996e-08,1.02514801210981e-06,-0.00290685061451363,-1.04698713267568e-07,-4.88044134334056e-08,-0.00205011874429967,-1.46248112476503e-06,-1.08853931370195e-07,-2.51440405271325e-05,2.86200763739828e-06,-1.91172081126065e-05,2.07030643181088e-06,3.54858150946892e-08,1.76560798614831e-06,2.37766036596484e-06,-4.4676260045451e-05,-4.43727326871777e-06,5.58120412339993e-07,2.00805750807223e-07,5.56153798289305e-06,7.76907797076831e-08,4.92217846801359e-07,-2.09931000824065e-06,-1.31302807733745e-06,-4.13621848739966e-05,2.62167627013909e-05,8.24011491741718e-05,-1.13745738323976e-06,-2.92472390138634e-06,-1.43327150784383e-07,-1.799270037283e-05,-5.15754563539416e-06,1.22497007858069e-06,5.50742150350845e-06,-4.84703276286375e-05,-1.43930603020778e-07,2.66514884913912e-07,1.06069783726877e-06,8.84482505728809e-07,1.81710721894541e-07,-2.56738211987436e-07,-4.73217759159704e-07,-2.39970684373144e-06,2.81496607889569e-07,1.19757309018539e-07,1.19465346874417e-07,1.98637606559565e-05,-3.23727211410673e-09,-0.000224904851207878,-2.98062518768282e-07,-2.90404701496159e-05,5.41122221262074e-07,2.01781840732324e-05,-4.07984780117166e-06,-9.4714714774896e-06,-1.84828728283741e-05,6.54226767997061e-05,-0.000363585144678379,-1.07840426044156e-06,-6.88987433552892e-07,-9.21553847652111e-07,1.44278209395503e-06,1.25711802198959e-07,-2.32610808846178e-07,-1.16031372196075e-06,-6.32969748362638e-06,5.13489420670854e-05,1.98221195200671e-06,6.41452315297938e-06,-1.63727115525033e-06,-8.37835540608896e-07,-8.84132212650512e-06,-6.13378204753194e-07,-9.64213729073815e-07,-7.68820129315469e-07,1.63633042739681e-05,5.4097451736153e-06,2.60166745748202e-07,4.35254412199124e-07,-2.3026922776683e-08,-3.77902660543973e-07,-1.96405774450503e-06,2.53259544966185e-16,-2.96136424890155e-07,2.22726636992378e-05,-6.34415126212481e-07,-1.15258436620511e-05,-1.86247065296506e-06,2.22738389360681e-06,-3.66790623915417e-07,1.33515944382011e-05,-3.047901999891e-08,2.01644099456802e-09,-5.18341124144863e-06,4.74331078763061e-06,-1.49408886622935e-07,2.0477416638032e-05,-9.60285858946238e-07,3.78323818918442e-07,-2.50787735581659e-08,6.9330010989962e-05,-6.59900261001189e-05,1.84092743076584e-05,6.07476146388301e-07,-1.19816636407565e-07,2.71076279669538e-06,-5.31990119389232e-07,5.92820982767431e-05,-4.85877677429699e-05,3.10571455637315e-07,-1.06247844228596e-07,7.52204873283553e-06,2.27816498445852e-05,-0.00123227408034152,1.24061510064385e-07,5.2324246322271e-08,-1.23827980023373e-07,1.73743638908998e-05,-1.79678224759229e-05,4.23958108535587e-06,-9.55545908565965e-05,5.11458217385006e-05,-0.00023681284006012,1.25240100824934e-05,-8.15848022101678e-06,3.04118365557689e-06,2.46919399831284e-15,-1.17823397192321e-05,-4.3821627321462e-07,-3.21717344035397e-07,-0.436045156905539,-9.46038639328236e-07,3.90477180423642e-07,7.80597307202348e-06,-2.84068383805961e-07,2.15654972176584e-06,-5.57718970038135e-06,-1.67094481257006e-07,9.37130267904045e-08,-1.13162281282984e-06,1.31075407079338e-06,-9.40642009181736e-05,3.12795621581142e-07,-2.93023402639511e-06,-1.449166785377e-08,-1.24500667384164e-07,-3.51871629349912e-07,1.40630175753971e-06,-1.63931921500593e-06,9.39982957536841e-08,-9.73665610329286e-08,3.2258031614011e-07,-5.85491304498594e-09,-4.4015097367389e-09,-2.13803254525244e-08,3.55366212981179e-08,-1.71626120920914e-09,7.01931856954954e-08,-4.59594209001365e-08,1.31593823485523e-09,1.50160150085937e-08,-4.01794084821762e-08,-5.55902059632929e-17,5.40922247942645e-10,0.00143527791791426,-1.69041983633534e-08,1.42610063196587e-08,2.29562819971884e-08,7.17294453531814e-09,2.48835454128309e-08,-4.52730187681022e-07,2.088747540538e-07,3.97382205405188e-16,-1.99903661743724e-07,-2.48297289644803e-09,-7.29040811185733e-09,1.30719878423886e-05,5.81932985133663e-08,-4.06147439682917e-09,-1.61965777309033e-07,4.43119184290098e-08,-2.46313098103621e-06,3.05102664436037e-07,-6.39228997791386e-08,-1.18220706027533e-07,-6.37282681195588e-09,-6.78013536316974e-09,-1.3178247854064e-07,0.000664177363499207,-1.02469365310861e-07,4.04719583897389e-16,-2.61602752170384e-06,2.07589326029173e-07,9.55548682376825e-09,5.38054772191651e-08,-2.53245191656497e-07,-5.52922842653064e-07,3.38339826897784e-06,-2.6373593520293e-05,-4.6595793925127e-08,5.7603745652102e-17,-8.83337173412099e-08,-1.36633381802962e-05,-1.13165969447186e-07,1.67047228946582e-16,2.15394125045173e-07,2.17131201543743e-06,-3.31440117720901e-07,-1.76569667347067e-07,-5.90110519957666e-08,-3.16270258678979e-08,-1.13237558934563e-06,3.16952950042764e-08,3.36984850736369e-07,5.34464058948622e-06,6.95948680138075e-08,7.02059594826468e-07,-5.09035803499289e-17,-2.80765397327377e-07,1.31970356877712e-07,8.5642426632038e-07,-8.66803950217046e-08,-4.3904548538918e-17,-8.48375829959618e-08,1.10572682495065e-07,-3.84644987737171e-08,-3.42608364890961e-08,-8.68709569424535e-08,6.44034506203415e-07,-1.23256137239215e-06,1.73544035601836e-07,5.52069142098614e-17,6.38212499513607e-07,-8.52072311694309e-07,3.78254553386129e-06,7.92568946217607e-07,-8.05614971912707e-08,-5.41240634094016e-10,-2.37657116208823e-16,1.28929426208707e-17,-5.24783550656276e-10,-4.68652630691347e-07,6.18132172727789e-08,-8.97965751180401e-08,1.08925691671091e-16,-4.2967504148865e-08,-5.09232488882e-10,1.24428878011908e-16,-5.44237626721906e-17,-9.52218915292372e-17,1.09172159058886e-07,3.22425827728758e-07,-4.68443250083696e-07,2.77976731275946e-07,1.38668490472216e-07,2.94768226525432e-07,-4.55096334856853e-05,-1.12903409264345e-16,-7.14975235929089e-07,5.35875168298281e-07,-1.35740232371784e-16,-2.52342394764446e-16,-0.000407256790441912,-2.57519715018251e-11,-1.99907024320078e-07,1.56994327153991e-07,1.99629825551132e-07,-1.0748892026983e-08,-8.29424218494356e-17,-3.62004479675502e-08,-1.91993094060373e-16,-1.23888212011695e-07,-5.65682483494312e-17,-2.25937689944597e-07,2.18557086918533e-17,1.77388551593766e-07,2.45606276696363e-07,1.48972913214586e-08,1.96522866490069e-07,1.08001833297433e-06,-7.83921239155076e-08,7.97932755015538e-07,2.5568729423072e-08,1.24412169487058e-07,1.15768502975235e-08,1.85469343835583e-07,-2.83568069282104e-05,-1.44001839755495e-07,-1.29820398445803e-08,-3.40139473507738e-07,-7.21772831078626e-17,0.00250217083535874,-7.99665306958525e-06,2.98121131965749e-08,9.46816819066099e-15,4.07884853619408e-09,1.14448184224755e-07,4.17060481955083e-07,6.29498551772444e-18,-3.65095793658385e-05,-5.39631414094299e-08,-1.22631951393561e-17,-7.18610145986829e-08,1.1492209911809e-06,1.00295074529475e-16,-8.89932143431005e-17,-2.22289801805357e-06,-3.29593341508593e-08,-1.8862744428047e-10,-2.63039040182219e-07,7.07054745121674e-08,7.51618879758061e-06,2.00437759896842e-08,2.4906215153964e-07,-4.28172084725782e-07,1.45375248297719e-15,9.78966128148817e-09,6.11793649364626e-10,1.6944428879545e-09,1.59287051506625e-07,-3.57888872197066e-16,-9.9908614560153e-17,5.27371558423953e-08,-4.54453993837968e-17,-5.34520193527984e-17,3.51612181206521e-07,-3.99535870841133e-07,-8.17618775934251e-07,-4.69491539060081e-09,2.16959723956169e-05,1.49866490130725e-07,1.30775004547143e-08,-1.54095717158856e-16,4.31481762635241e-08,2.40531820997749e-09,1.21015309108904e-08,-0.0175158942769758,1.03167066580241e-06,6.80250027850064e-17,-1.41167149534338e-16,7.63282692903328e-16,-1.53662993210211e-08,-8.72384255415787e-08,-4.60520486357877e-08,6.43878799630388e-17,-2.28420049825144e-06,-5.20940829093928e-16,2.24748005702062e-16,1.12612454127108e-06,-2.47431470980511e-08,2.49583340106163e-16,-6.16667422211795e-08,-1.15567032690945e-05,-7.21582426157666e-16,9.721692397203e-08,2.88452963180836e-16,2.74251428957189e-08,5.99512304889808e-17,2.8273922998147e-08,2.62946805161715e-07,0.00238134590785043,6.72070500661695e-09,5.07296228908283e-08,-1.82298094639135e-07,7.36344370554377e-08,-1.86676548703344e-17,3.39832536817015e-06,-3.06510080638487e-07,1.24644585633223e-17,-2.53362029499378e-08,-7.45382491497757e-08,1.20565870265486e-07,1.86686504432508e-16,5.63404184231785e-08,2.66527275428408e-05,-1.12602272922665e-16,-1.85096947002687e-07,-4.10277880545479e-08,-7.70964971577027e-07,2.75737644873399e-18,-6.31693122588381e-17,3.86602694041436e-08,1.18725175837875e-08,9.61117166560652e-10,-1.08454181864973e-07,7.13941958909120e-09,-3.01156799653944e-17,8.99538278324782e-17,2.60988400416923e-08,1.79927738610878e-10,-1.29060436489049e-16,6.32241883293432e-08,5.65596669277497e-16,3.61699450777451e-07,-1.2160445824259e-08,-7.10671096578438e-09,-4.715352440608e-08,-2.72240629759094e-14,1.61066392738395e-17,1.26940154560742e-16,-2.88805401488872e-15,-1.36301032321153e-06,-9.18289523727131e-08,-2.12705395244393e-16,3.37387731576754e-17,-2.57013293206534e-16,2.0621055591326e-07,1.16552582096621e-09,-1.02448092084224e-07,-1.15985047873571e-16,5.06078469061921e-16,2.10308116407876e-16,-4.04825586025869e-07,1.36865016421771e-07,-3.43537645943075e-17,1.55865363100671e-08,-0.000453007324482903,8.78520874462393e-18,-7.11420636250504e-17,-3.84101073097427e-08,-3.94185395141328e-10,-1.92130078936701e-08,2.09472390469402e-16,2.17771602289292e-08,3.18079298183515e-08,3.42516860719207e-08,-3.13594221913751e-08,-1.11826021336113e-07,9.54532004241534e-09,-2.5087268682398e-16,-2.40023102309786e-16,-1.64779847867162e-16,1.83523711495406e-07,-2.6443164354015e-07,-9.0610686887217e-09,-7.18258733107686e-09,-7.82422868028861e-17,-2.64810072548739e-17,7.50339351511823e-17,1.55079625059716e-16,-6.87811849096946e-16,8.95017599118881e-07,-1.61269794251716e-16,-2.33733446613904e-16,-5.61343850520415e-09,2.49530209015944e-16,-5.02587846168555e-09,-3.55396806949551e-17,-6.23283049956437e-09,-7.06743478845861e-17,-7.59362944682231e-09,-9.51751491657121e-10,-6.02101843087285e-07,2.66833308668667e-16,3.07051548726961e-08,-9.36837346323119e-17,4.38534319773124e-08,-2.01362808856203e-06,4.30291023238155e-10,2.12038673532651e-16,6.30669219172995e-08,2.61221909128559e-16,-1.55982428240077e-08,-8.80700890017543e-08,-2.12335899072961e-16,-6.12017647427577e-17,2.13305587005305e-16,-2.33802633614998e-16,-2.97246115859418e-10,-3.87639739555999e-09,-8.67070464086198e-10,1.87749936636754e-16,2.67546667943999e-16,-3.26529291174855e-06,5.21615492177262e-07,4.79000637537412e-16,1.35685687873325e-16,-4.03308224633582e-09,-2.31937514245869e-16,-2.86559472249679e-08,3.38002857710039e-16,2.7268238757249e-07,-1.14039804268965e-16,-8.12652329727196e-17,3.7695658960463e-17,-1.46641234699757e-16,2.1993588213848e-16,1.33065377873682e-16,3.68593961845321e-08,-2.57841928168955e-07,-4.35667802546852e-16,-2.49186833552269e-08,9.50630074095086e-08,1.4871181209553e-16,-1.66740950634302e-16,1.31920176529179e-17,-4.10050934219207e-16,9.49673068284779e-09,1.52373173876039e-09,-3.47261302948006e-16,-2.28543393483633e-16,-1.73678362981721e-08,-6.19851606167391e-08,-3.31207244965915e-07,1.20675657320825e-16,-8.96665489605896e-17,-7.16649199769588e-17,-1.95587051448205e-16,6.27349116192085e-16,-5.72423867926302e-16,3.7809242944128e-08,-3.58744934114729e-08,-6.92032271762629e-09,2.6903094483781e-16,6.8613101195797e-16,1.45557535159613e-15,1.87067584938602e-17,-6.34464090192111e-16,-3.94711837715476e-16,-8.22826065294742e-16,-1.9029744073008e-16,-1.71766861145534e-16,-1.25397910646467e-16,2.01818857324461e-16,-7.10865192989645e-17,-5.72945200516004e-17,2.24310739730871e-16,2.80332789159132e-08,3.59617035135705e-15,-8.73649256528683e-16,-4.36224962126197e-16,6.37995315375352e-07,-7.01138504122173e-10,-2.11127674585365e-17,-1.03994627430743e-08,5.94369687330435e-07,-2.41629789786323e-16,-6.24387201969629e-17,-1.06467785583063e-07,4.87051116975405e-17,1.53637546944828e-08,-1.24506778592223e-14,1.26759913072577e-16,2.83747949007661e-16,-1.57135870039468e-15,1.44443619306694e-09,-1.9918209571738e-07,1.20123935274918e-15,-1.63460942370763e-16,1.61893970940134e-16,-2.37998660855468e-15,-3.25580491386535e-15,-3.46399506640039e-17,4.74333502646333e-16,-3.35416144804511e-16,2.50899076890915e-08,-6.09152729948568e-16,-1.11697606419422e-16,2.79152505845056e-17,3.7076465094152e-15,-1.28709451713465e-15,-3.35236798322282e-15,-8.94865635456052e-08,6.25227910611958e-16,8.79291616254369e-16,7.0502897113373e-08,-2.18112158572829e-15,-4.7376240096066e-15,-1.31919092154732e-14,-3.76989887387714e-15,0.400471773315745,-9.64873144490343e-15,1.51731143750632e-07,-8.51969008647947e-15,-1.45840487805821e-15,-2.06815050128062e-14,8.57574907557591e-16,-3.81298639905141e-16,2.91693220813408e-16,-1.46895013932975e-09,-1.19909378400771e-15,-8.00543197895473e-16,-3.11601813411079e-08,9.71453434674649e-08,1.20376285209361e-15,-4.30858848458331e-08,-5.47792940710832e-09,-1.62001066863894e-15,1.55825509629264e-15,-2.0647356327048e-15,3.37067823338734e-16,-6.54397476070137e-16,-6.24799870800881e-10,1.65577525665034e-15,1.45106117063468e-15,-3.53862127596213e-16,7.07754365071521e-10,4.72271632193783e-16,-3.8995898397213e-16,-5.72243307297409e-16,5.29529711990742e-17,-5.35737843552632e-10,1.19750453082202e-15,6.2078450757239e-08,2.08812742601464e-16,1.14590817114818e-15,-6.68574947807399e-16,-6.64363082138633e-17,-5.07125526282665e-16,-2.39722260589128e-16,5.45397622595671e-17,-2.97038984635295e-08,6.62085290314685e-16,1.82362936195777e-16,2.0962888905312e-08,4.47519187584758e-16,-1.37275685308877e-16,2.94392065525956e-16,5.16221528575621e-16,-2.69324841149966e-16,-4.55602757458853e-16,-1.5829113596523e-08,4.22717131484953e-16,-3.59223582395726e-16,5.41391510405085e-08,8.62606077840229e-16,-5.38817025535799e-16,-1.23748518632578e-15,-9.37745097829329e-16,-4.71797494739456e-16,-3.41331302860465e-16,-2.59615329453442e-16,-2.29271136455918e-16,-5.18926637703445e-16,7.24784972922994e-16,2.90549692974982e-16,-3.22425145748351e-08,6.80774163032978e-08,7.58105064622805e-16,1.42181821938958e-15,9.11898325904844e-17,2.13394128715637e-16,1.2865142978713e-15,-4.05988100553816e-16,3.73984000068942e-16,9.13742466211214e-16,-9.02705783780673e-10,-6.52322973487984e-17,-3.38342714020744e-16,-6.94213626373179e-16,1.05472628505442e-15,1.20036672028141e-09,-8.04347930933798e-16,-1.36074230726352e-09,-1.87231181801419e-15,-8.56381180351367e-16,-1.46084527308874e-15,-1.54653453988475e-15,-5.81875432760932e-16,2.71817408048357e-15,-1.10724757163073e-16,-2.33531739607378e-15,6.26088172803598e-16,-4.57079208194024e-15,3.07275719121972e-16,-2.46217414064502e-13,2.7873848032799e-11,0.707106781186547,-2.40797934635406e-15,4.26042363600031e-15,-5.16547346557346e-15,-6.6106397410123e-15,-2.40512140934419e-15,-3.85302242139451e-15,-1.6107286945205e-14,6.56129594608061e-16,2.56953699513573e-15,1.14102893217491e-15,-1.64868879420541e-15,1.02938787977096e-10,-5.03843846179285e-16,-1.49857999552117e-15,-1.07365270937778e-16,-1.02743543008699e-15,9.37267536585107e-16,-4.31591640222955e-16,1.03308287436494e-15,9.2074842972934e-16,-2.61881281518424e-16,-5.48960241644335e-16,-2.41668664247019e-16,3.68376921458776e-16,-3.23702933988564e-16,7.05181502256038e-17,-1.71734097340168e-16,1.56498700561246e-15,3.1388591045538e-16,-1.3810327443399e-09,-1.63286555108962e-17,-6.45267163229201e-16,1.53166688407197e-16,5.03666186390487e-16,-2.41055814579674e-16,-8.96577021034283e-17,2.30554943238899e-16,-1.78012732377781e-16,1.3794065231201e-16,3.0235625256984e-10,-3.66202694968658e-16,-8.32525645266615e-17,-1.22920868526807e-16,-1.46452216434062e-16,3.47680340733416e-16,-4.71089083785805e-16,3.28097050415471e-16,-7.34884490237315e-17,1.50150673047688e-16,7.00733273031757e-17,-3.7052188002461e-18,5.14813859475835e-17,8.25544076362917e-17,1.5656707270089e-09,2.16573313462531e-16,-2.41315247777725e-17,-1.37913472057109e-16,4.66206934168767e-17,-4.76183899109133e-09,1.20727269775904e-16,-3.49157895079395e-16,9.6086086003254e-17,-1.01846858315565e-16,3.38630838313335e-17,7.19075795908528e-18,3.19633021492671e-16,-7.36550295475776e-17,-8.79997436561338e-17,3.60121362423965e-19,-1.65201924973357e-16,3.20328220749205e-18,-1.92648139273906e-17,1.05700048508146e-16,1.29746042395846e-16,9.39172112830033e-17,-3.39418191132406e-16
"t617",-0.0436109614753402,-0.0633207655940203,0.0221821525540575,0.0283769822233936,0.00207814959667285,-0.000808839714681653,0.0044327486818582,7.39485701595535e-05,2.06519037131068e-05,3.13962808439459e-06,0.000114994575011717,-0.0297357812078321,0.0608705633810205,-0.0119665466644219,-0.0129358240947641,-0.0238725115003403,-0.0027592251222482,0.181006726619333,0.000224835462504852,0.000127117164403555,-0.0029264141097988,0.000752612083674242,-0.00179885038712,0.0325403748235365,-0.0905877814546223,-1.01677774731893e-05,-3.99365338503629e-05,6.90281086432745e-05,-0.00260458078878872,0.00291973511264832,-8.83809429383417e-06,1.58977978303104e-05,-0.00683381386954609,-3.69853429640751e-05,-2.85640161973584e-06,-1.81119522079524e-05,-0.0253507757421725,-1.79500749403545e-06,-6.82198580128827e-06,4.72032557704564e-08,6.23773586655004e-05,-9.61262059110419e-06,0.000134808813119072,-8.12017860999799e-06,0.000332559801355962,-1.00016866909611e-05,0.00111174157754865,-0.000180663497227088,1.939299609924e-05,-3.74888853380764e-05,0.000435037694868592,-2.22741054931768e-05,3.12975566804549e-08,-7.10668634758089e-05,3.79512874356873e-06,-3.97656360933913e-05,1.47718552902474e-06,-9.83603530080513e-05,3.33501021271265e-05,-3.55737643424799e-05,-3.09751771025625e-05,4.8026830266919e-06,-0.000157143474243402,8.36925393079666e-05,-6.02776122609947e-06,0.00023576222718121,-9.13352205199508e-07,3.32305489757393e-05,-9.25135492410172e-05,3.78985148109244e-05,-0.296169964798749,2.90240690068945e-05,-1.5619228546632e-06,-0.00224930867724249,0.000940988516152695,4.45789767399217e-08,-0.000268974003767252,5.94096098521041e-06,-2.66997652931116e-05,-3.38822438891985e-05,1.14687463500641e-05,0.000177794728257049,-3.0271407606225e-05,-0.000216794050930052,4.09738160891852e-05,0.0235846235177603,0.00187095409647081,2.43369716376789e-05,7.43507366459901e-06,-0.00166039272374914,2.68725279207224e-05,-1.58857532651501e-06,-1.35132210439383e-05,0.00220680817661429,4.22219040388922e-07,0.00232393046139909,0.0546082588649244,9.53019056174697e-06,-6.52929189738989e-06,1.2097168027635e-07,-6.32057007163556e-09,2.52509760737957e-05,-2.53974434928514e-08,2.25953925310787e-07,-1.06591298283178e-07,0.000209936088621923,-5.94404416211658e-06,2.64648601110621e-06,-9.72348185515388e-07,2.44562438041771e-07,1.09393824770016e-06,2.80309174273495e-06,-4.76362153493572e-06,4.89400341137444e-06,-2.55068325752446e-08,1.02549988206762e-06,-1.54136558098024e-06,1.70933719867118e-06,-1.79803556104644e-06,4.53833822215607e-06,-1.71999913711202e-05,4.33232544514104e-06,-4.21095439181568e-06,-1.15801377510576e-05,3.78300713765155e-06,-3.69741483942774e-05,3.76143008103472e-06,-1.2119744717139e-06,2.43823599917676e-06,8.0559083802214e-05,-0.000151493246781762,8.63551407344622e-06,-0.000700683041448638,-1.278758526407e-06,5.96282538104762e-07,2.77134062039249e-06,-1.65919839485085e-08,-1.11311674270104e-05,3.45830413410011e-06,-9.94741953438809e-06,-6.35698243679987e-07,-2.46134382795376e-05,4.81070200645798e-06,3.07054609178308e-07,9.68710848503576e-07,-6.09649858306103e-08,-2.8194588095601e-06,4.26980496165488e-07,2.78734144822345e-08,-6.86288267080576e-08,-1.06633499222603e-05,-3.17744235584144e-07,-6.81218051396552e-06,2.55175166302908e-06,-7.6166481055839e-07,-6.67974258395131e-08,1.00765263966701e-06,-0.00285458470495126,-1.02792964162144e-07,-4.7914402518717e-08,-0.00201234662356464,-1.43547945659008e-06,-1.06817901546254e-07,-2.46730031461546e-05,2.80771827672306e-06,-1.87502279761664e-05,2.02920159253779e-06,3.47804396509381e-08,1.73050128017749e-06,2.3301703449868e-06,-4.37792266143457e-05,-4.34811218212292e-06,5.4678965407058e-07,1.96715957523069e-07,5.44748232453944e-06,7.60948095724552e-08,4.8209767430036e-07,-2.05545881692785e-06,-1.28515609865122e-06,-4.0481765012413e-05,2.56572634937871e-05,8.06290452759734e-05,-1.1129233179148e-06,-2.86145831204067e-06,-1.40218403154908e-07,-1.75989033359482e-05,-5.04441354854362e-06,1.19758384104461e-06,5.38421712600788e-06,-4.73791782752758e-05,-1.40634547935758e-07,2.6032556511791e-07,1.03594677708645e-06,8.63696457669258e-07,1.77417847657651e-07,-2.50578094430383e-07,-4.61825617378841e-07,-2.34153035072788e-06,2.74648368471437e-07,1.16765600482065e-07,1.1647725866857e-07,1.93614289888018e-05,-3.15452444116938e-09,-0.000219009345876379,-2.90248410724034e-07,-2.82773878614524e-05,5.26803842340595e-07,1.96416808769481e-05,-3.96998835207699e-06,-9.21245629766959e-06,-1.79711897679619e-05,6.36046925250217e-05,-0.000353310956013181,-1.047649508058e-06,-6.69333628370262e-07,-8.95078779533217e-07,1.40058951995181e-06,1.22023060265473e-07,-2.25662561146219e-07,-1.12523065152408e-06,-6.13751423151603e-06,4.97631440806787e-05,1.92075007540431e-06,6.21475876976988e-06,-1.58560422259096e-06,-8.11326084744038e-07,-8.56139774625192e-06,-5.93680143780803e-07,-9.32983572982937e-07,-7.43683181783555e-07,1.58260237261833e-05,5.23134015994033e-06,2.51551751556626e-07,4.20825046229716e-07,-2.22554111779107e-08,-3.65157888277185e-07,-1.89735082789226e-06,3.3878393543845e-16,-2.85976980289725e-07,2.15070365639932e-05,-6.12306177404534e-07,-1.1119961703636e-05,-1.79632245241325e-06,2.14823499239015e-06,-3.53551473272679e-07,1.28684165232486e-05,-2.93746983378812e-08,1.94296272668818e-09,-4.99380137548783e-06,4.56858326790995e-06,-1.43888169237232e-07,1.97198066252132e-05,-9.24511066009556e-07,3.63821828292243e-07,-2.41078557743318e-08,6.66237960240025e-05,-6.33683355934738e-05,1.76769883931511e-05,5.8301637540584e-07,-1.14959564935216e-07,2.59981835675358e-06,-5.10150608737129e-07,5.68406476745579e-05,-4.65779061566096e-05,2.97640713627918e-07,-1.01820909655519e-07,7.20347080839917e-06,2.18164299643535e-05,-0.0011800429126481,1.18779883105571e-07,5.00930270632943e-08,-1.18520277042203e-07,1.66289218050645e-05,-1.71728666005502e-05,4.05138076307185e-06,-9.13015880348779e-05,4.88555980588356e-05,-0.000226157601619864,1.19543815233357e-05,-7.78624777326738e-06,2.90208637195673e-06,2.42007916872625e-15,-1.12388713584531e-05,-4.17980851385671e-07,-3.06807871963003e-07,-0.41566517573582,-9.01501039289621e-07,3.7203124959188e-07,7.43659919644208e-06,-2.70332891148664e-07,2.05213042679059e-06,-5.30704365090568e-06,-1.58949829168982e-07,8.90637230724665e-08,-1.07530976752232e-06,1.24538923602642e-06,-8.93407593881998e-05,2.96672256544966e-07,-2.77754614798678e-06,-1.37360642795258e-08,-1.18007915108924e-07,-3.3302888003947e-07,1.32869431093811e-06,-1.5485080920758e-06,8.87622334231216e-08,-9.19063595662145e-08,3.04453178259299e-07,-5.52023639264629e-09,-4.14959007944977e-09,-2.01537558871169e-08,3.34946527094043e-08,-1.61712453630789e-09,6.61150584379375e-08,-4.32749517944729e-08,1.2388958580956e-09,1.41334263716742e-08,-3.77979674351257e-08,-1.26335545958252e-16,5.07217156590108e-10,0.00134540574842929,-1.58379566083094e-08,1.33612918721591e-08,2.15076604065838e-08,6.71949845124428e-09,2.33052122332373e-08,-4.23899460977002e-07,1.95465655807552e-07,3.21362538039826e-17,-1.86833414621817e-07,-2.32026257744388e-09,-6.81035315024993e-09,1.22107356139733e-05,5.43134689922982e-08,-3.78892321723952e-09,-1.50997064904604e-07,4.12921865903914e-08,-2.29300667795158e-06,2.83770300591291e-07,-5.94186897998019e-08,-1.09854167414417e-07,-5.9206002249148e-09,-6.29669827633935e-09,-1.22381182339208e-07,0.0006166348476923,-9.51152600477123e-08,5.64333960309002e-16,-2.42459810944762e-06,1.9233803254888e-07,8.85343125963886e-09,4.98074016219392e-08,-2.34395517627835e-07,-5.10909889091405e-07,3.12481494833271e-06,-2.4355623193314e-05,-4.30150364742573e-08,-9.91017909514914e-17,-8.15119527111863e-08,-1.26062213184103e-05,-1.04350441962499e-07,9.77224288004774e-18,1.98491195010335e-07,2.00062447230096e-06,-3.05362143920496e-07,-1.62651302618638e-07,-5.43449929646562e-08,-2.91204351744297e-08,-1.04246654844835e-06,2.916520510458e-08,3.10067821547497e-07,4.91616002736002e-06,6.39793713483452e-08,6.45392952714663e-07,3.10446666091933e-17,-2.57817431662454e-07,1.21160515378475e-07,7.85938219772698e-07,-7.94947691886505e-08,-3.74405751803652e-17,-7.76955142048236e-08,1.01103466803502e-07,-3.51452620772286e-08,-3.12938652796718e-08,-7.93160761478316e-08,5.87585530620067e-07,-1.12316062536607e-06,1.57662028992386e-07,3.24573302562047e-16,5.78244134077778e-07,-7.71826872805791e-07,3.4246281723377e-06,7.17081811664942e-07,-7.28846910556456e-08,-4.89570223350366e-10,-3.3133218391157e-16,-1.52101538879225e-16,-4.74153125081966e-10,-4.23024908671343e-07,5.57883300466201e-08,-8.0973052074039e-08,2.91927893081344e-16,-3.8670735595865e-08,-4.5791447932694e-10,1.22802495919962e-17,-3.44169417794297e-17,2.20638564081571e-16,9.79044763988024e-08,2.89047743800712e-07,-4.19444554625856e-07,2.48646130048084e-07,1.24022048870851e-07,2.63345624896838e-07,-4.0653112482618e-05,-9.45371976729699e-17,-6.3725349282647e-07,4.77245213481324e-07,-2.12561091047609e-16,8.92372998329049e-16,-0.000361569629292132,-2.28455784157782e-11,-1.77166259883818e-07,1.39040017520008e-07,1.76567205915137e-07,-9.50508089729138e-09,-4.10839474762714e-16,-3.20021727848706e-08,1.5689931481002e-16,-1.09428464140303e-07,1.60163765930421e-16,-1.99443235159262e-07,-1.7756526343253e-16,1.56463248259528e-07,2.16599064447845e-07,1.31098910912568e-08,1.72864870959081e-07,9.49821324475946e-07,-6.88845717317513e-08,7.00650229544428e-07,2.24135296832129e-08,1.09057976317739e-07,1.01428123288589e-08,1.6233938305859e-07,-2.47884489320331e-05,-1.25743912505554e-07,-1.1326297220375e-08,-2.96631680451652e-07,-2.57318442287135e-16,0.00217923383420913,-6.95568072393026e-06,2.58364491954767e-08,8.21689173779174e-15,3.53111325715345e-09,9.8917975911394e-08,3.60214775544279e-07,3.70363646877814e-17,-3.15219102944789e-05,-4.65241052999057e-08,6.53556902358178e-17,-6.19105658622931e-08,9.85799778346711e-07,-2.56007286320549e-16,-1.42687380708116e-16,-1.90350439043527e-06,-2.82192197389808e-08,-1.61381131360609e-10,-2.24849990089113e-07,6.03210406787979e-08,6.41119406241977e-06,1.7092878478e-08,2.11827735614034e-07,-3.63355218650797e-07,1.01020537421337e-15,8.30067409510538e-09,5.18665629051777e-10,1.43577562809226e-09,1.34887295231394e-07,7.01192226613445e-17,8.38829096477762e-17,4.46207548810023e-08,-2.0921521504457e-17,-2.14670089967265e-16,2.958719736264e-07,-3.35872795509101e-07,-6.87323256824572e-07,-3.93828741435404e-09,1.81941435934749e-05,1.25669475187602e-07,1.09615960555423e-08,1.90806829889256e-16,3.60083791175032e-08,2.00538569899835e-09,1.00862006762832e-08,-0.0145756160692722,8.55947814173855e-07,-1.59966531373761e-16,-9.67782296709093e-17,-3.39954799903889e-17,-1.2692921699384e-08,-7.19200277455788e-08,-3.7959955921293e-08,3.80081624770393e-16,-1.87921052339509e-06,3.55135329292667e-16,-1.52563548632778e-16,9.18291939455936e-07,-2.01743301888459e-08,3.62123525610158e-17,-5.0165376686369e-08,-9.38859741892787e-06,1.63082681086139e-15,7.87566530014582e-08,-3.88882312683825e-16,2.21402401628489e-08,-8.1636224512462e-17,2.28182009125458e-08,2.12156310107745e-07,0.00192083058049362,5.41890676202365e-09,4.08671648090901e-08,-1.46360978583472e-07,5.88298190840798e-08,3.03870589535696e-17,2.69775976474762e-06,-2.43151812378239e-07,-3.24765518506519e-16,-2.0080043322626e-08,-5.89722520426374e-08,9.52364680918845e-08,2.5750233299014e-16,4.42564917677145e-08,2.09124798983123e-05,8.37403326206502e-17,-1.45010892665771e-07,-3.21180883425066e-08,-6.01815965220233e-07,-3.63530754724458e-16,-5.5388064953665e-17,2.99665379270906e-08,9.1739905846988e-09,7.42180521257132e-10,-8.25324365184981e-08,5.41924323648531e-09,-1.80518661705085e-17,-1.39420980433679e-16,1.97753481788895e-08,1.36301981687773e-10,1.73131510318222e-16,4.77484232371544e-08,-2.71434584269966e-16,2.72340241553019e-07,-9.1173290623883e-09,-5.32664252381814e-09,-3.52998278274895e-08,-1.99737558207561e-14,-1.78336018065578e-16,-2.39367549502741e-17,-2.08684845879245e-15,-1.00881767804338e-06,-6.79000140644101e-08,3.2968410420378e-16,-5.80161050979891e-17,3.36625051034613e-16,1.51931151625766e-07,8.57380102500398e-10,-7.5033858571702e-08,3.15137450392993e-17,-8.96093095559269e-16,3.09892085950669e-16,-2.91837175163879e-07,9.86087600214153e-08,1.14481150962798e-16,1.11552624320364e-08,-0.000323320834806038,1.8045723764181e-16,-1.68370316362801e-17,-2.72305957779306e-08,-2.79301550218129e-10,-1.35578506048492e-08,-4.33055344773368e-16,1.52590015729661e-08,2.21979088763713e-08,2.37657932793874e-08,-2.15813001397836e-08,-7.67836181023936e-08,6.52589068056149e-09,-1.3414209243292e-16,3.71184852522754e-16,7.15495460937705e-16,1.22163410568741e-07,-1.75942748490128e-07,-6.00666083355181e-09,-4.66815140036799e-09,1.69749207880632e-16,1.04751632077123e-16,2.15574120728898e-16,-6.19965663756538e-17,7.5206780359743e-16,5.68497023761625e-07,1.2132989555029e-16,7.88393248681243e-16,-3.53111985915891e-09,2.97382765231956e-17,-3.15984245060243e-09,2.38259079779941e-17,-3.91516471860623e-09,-4.44938458197194e-17,-4.68473407525638e-09,-5.84521440975402e-10,-3.67178948206287e-07,-3.1373075739309e-16,1.85570995242448e-08,1.82838234084307e-16,2.59531130389396e-08,-1.15617724040858e-06,2.46717966012806e-10,4.25429787946239e-16,3.56801254301694e-08,-3.273980964092e-16,-8.62731104974271e-09,-4.86547252544178e-08,1.00258614485746e-16,-3.33258939871123e-17,-9.08901564035772e-17,-2.36520003619868e-16,-1.60926741298585e-10,-2.08695073125387e-09,-4.63723205763599e-10,2.65215840544885e-17,-7.53916323661015e-17,-1.6880920807587e-06,2.69234520782792e-07,-1.64696071799908e-16,6.86043049055123e-17,-1.98338910720212e-09,2.44844064173495e-16,-1.39338946972876e-08,-6.28493745410851e-16,1.2802769314712e-07,1.48785843709894e-16,5.08607660470234e-16,2.17666309983706e-16,1.84460672842895e-16,-3.18468025924739e-17,-2.6358925705999e-16,1.59188431891985e-08,-1.11220574554388e-07,-3.70882270929208e-17,-1.03881463957833e-08,3.90335042315081e-08,3.02462008478134e-17,-1.50557913352795e-16,3.70741950330569e-17,4.93379612056215e-16,3.62701263846664e-09,5.71121417735483e-10,-2.74407866232331e-17,2.27046267556722e-16,-6.3688707745449e-09,-2.26638336198064e-08,-1.19893125662516e-07,-3.11239967267433e-16,-2.20707886603762e-16,4.12314878430142e-17,4.72609445769288e-16,-1.40655915981772e-15,5.68982798023341e-16,1.11991956782885e-08,-1.03797851472001e-08,-1.95416626684378e-09,-2.89189281397083e-16,-1.35424851693792e-16,-2.59232417294874e-15,-2.02904036229188e-16,1.10690297289368e-15,-1.30033055242151e-16,1.83276909017335e-15,5.28516300084754e-16,1.93345155324511e-17,-1.31723187350285e-16,4.57252503059856e-16,-2.06072448653108e-16,-2.44414290808517e-16,-8.7674189893316e-16,3.92984632864787e-09,4.02720299904596e-16,1.98910155021012e-15,-2.3040139729988e-16,7.45777263866824e-08,-7.80609096295242e-11,-1.89155401871931e-16,-1.12161975979479e-09,4.56342576929085e-08,4.42568188388666e-16,4.52933026738168e-17,-3.71196252985583e-09,-1.15807937450069e-16,-3.38330395780081e-10,2.53314368660643e-16,2.61011827144922e-16,-7.29093689477649e-16,4.10440613816531e-15,-1.832469350871e-10,2.68439563784288e-08,-2.24964127125573e-15,1.19490003189747e-15,-2.13611034141993e-16,5.46930545162104e-15,7.23639898003725e-15,1.0187755335842e-16,-7.09500769584559e-16,7.46018504706995e-16,-1.96781090217277e-08,1.22867605894159e-15,-2.56204265676516e-16,4.11989493248417e-16,-6.95936398129425e-15,2.25859972979249e-15,8.14876943702579e-15,9.28080784780398e-08,-1.37693405936269e-15,-1.15413338608415e-15,-7.69733971818258e-08,5.11099200144472e-15,9.65752835362753e-15,2.72799796019797e-14,7.74602968852279e-15,-0.824098216315117,1.98311042296022e-14,-3.54232946552256e-07,1.77458678113128e-14,2.7627086883253e-15,4.34276609878017e-14,-3.53149635050473e-16,1.06342085714176e-15,-1.55555621960504e-15,4.54120239689171e-09,1.98793117791612e-15,2.18998274550658e-15,1.23280016769142e-07,-3.89535145503508e-07,-2.58314730245601e-15,2.21547323612422e-07,3.07373180048027e-08,3.19196162296426e-15,-2.99693986661692e-15,3.73985874733846e-15,-1.2090186650555e-15,1.22723112582405e-15,-3.14616323678998e-08,-2.32484677342128e-15,-2.57812831124232e-15,6.68888772792554e-16,1.16594358037064e-08,-5.20843958725027e-16,1.10734941509382e-16,2.29302627273492e-16,-4.39562593367251e-16,-4.87651785806925e-09,-1.28982723945356e-15,5.00475605654279e-07,-2.34076924370078e-16,-1.15684241543047e-15,8.26142046086436e-16,7.6824735550884e-17,1.10319845496409e-15,9.81506882690185e-16,-2.09534540060347e-16,-1.54475238490595e-07,-2.09199877141696e-15,-1.54944400745641e-15,1.00957218119645e-07,-8.96614920800745e-16,7.58083213850711e-17,-7.32033780113582e-16,3.97437981885143e-16,1.04641423495823e-15,-3.57261497586588e-18,-6.27216321956227e-08,-3.34734161691233e-16,7.28460542400051e-16,1.99885945111083e-07,-1.1116601912364e-15,-1.2958382102627e-16,5.96097634954844e-16,4.73108840853287e-16,6.16067110656127e-16,-4.62999268245335e-16,6.20320574118063e-17,-5.93455476756728e-16,-1.38719337069149e-16,-1.16999269853513e-17,6.27838929348274e-16,-9.71158270157656e-08,2.01007032636993e-07,-4.91856095592421e-17,-4.82917398710787e-16,5.43660300182104e-17,-3.35380301077539e-16,2.10768902331182e-15,1.114747596326e-16,4.13563824921988e-16,-1.67692713433963e-16,-2.42954116201532e-09,-1.97877768966184e-16,4.18744000096181e-16,-2.51652677538673e-16,-5.26893415319462e-16,3.02288912519786e-09,1.46590090884023e-15,-3.21247790662739e-09,2.76516166941393e-17,-2.33525316757243e-16,-3.71359190387715e-16,2.70598109556328e-16,1.93864591963235e-17,-8.8729953481944e-16,-7.05559561082143e-17,2.63063779859613e-16,-1.01688230498429e-16,-2.27502902526786e-16,-8.28407295330941e-18,3.39600953582607e-17,-1.97596925947014e-16,2.86860748169643e-16,-4.43384881163083e-17,2.44293936262506e-16,2.2766411582512e-16,7.95243204973612e-19,-6.25897447561813e-17,1.0786670641348e-16,5.17814957579077e-16,-1.84113839585671e-16,3.50776893744144e-16,8.94026543372087e-17,3.0944028952471e-17,2.04119547258217e-10,3.20950340551866e-16,3.25221403145579e-16,-7.04158151392565e-17,-1.93882604148089e-16,3.41009389060328e-16,2.20218969697882e-16,7.94994554316662e-17,2.19702965526931e-16,2.11815976289307e-16,3.76768601114637e-16,-1.00115228607311e-15,-4.51746099304874e-17,-2.5479757927876e-17,9.07686283338542e-17,6.036974215141e-17,-4.84886891948733e-16,1.61069128909443e-16,-2.52273123844597e-09,1.69199286944174e-16,2.61984581407498e-16,-2.7012745157706e-16,-2.19255323780682e-16,3.99619458713399e-17,2.76725179101983e-17,-5.68645754355242e-17,1.5846186757066e-16,6.58384174133006e-17,5.16950989273061e-10,-1.15417258575905e-17,-1.00851950935081e-16,-1.2025878946239e-18,8.13226207821025e-17,-2.61809130783013e-16,3.29742992503966e-16,-3.63568052822292e-16,-2.15475003643196e-16,7.20718907861123e-17,-3.24442172887668e-16,4.12389670219461e-17,-4.16721022542277e-17,-1.44823411968149e-16,2.53802011800079e-09,-1.59194331922618e-16,6.60919899285039e-17,1.57332203405906e-16,-8.76360616020033e-16,-7.55588462027862e-09,-1.78303097698281e-17,3.17296198280342e-16,1.66246462120585e-17,2.08909289467977e-16,-4.66791443054384e-17,-5.81801158989692e-17,-2.60233426120401e-16,4.15115654878664e-17,4.56734938114882e-17,1.12777380522063e-16,1.47981145350157e-16,7.53507607279619e-17,-1.83476285279882e-16,3.37619573552171e-18,-2.65432857358171e-17,-1.61391021083057e-16,-9.0776705788714e-17
"t41",-0.0435541689046495,-0.0631462890110543,0.0221190382913698,0.0282684738890402,0.00206839627515094,-0.000804375594563644,0.00440779539658272,7.34985969088636e-05,2.05030063914226e-05,3.1120542431397e-06,0.000113703931281927,-0.0293211381951201,0.0599957833567734,-0.0117918461616668,-0.0127383270217473,-0.0234853653845392,-0.00271334958522974,0.177939595642775,0.000220932223530301,0.000124707151467404,-0.00286606910954388,0.00073357573850124,-0.00175052995127782,0.0316607481996247,-0.0881283376613058,-9.87703246559303e-06,-3.87794398896648e-05,6.70080068290613e-05,-0.00252605531700735,0.002813222465109,-8.49030859233421e-06,1.52379839072639e-05,-0.00652501600256753,-3.52147888859125e-05,-2.71072564169999e-06,-1.70904289373307e-05,-0.023896613904285,-1.68982518605511e-06,-6.41853390144079e-06,4.43546034945121e-08,5.84619234362139e-05,-8.98846793184821e-06,0.000125868046629196,-7.58068675710037e-06,0.000309903381568248,-9.25407544128479e-06,0.00102623905324945,-0.000166580955534515,1.78231288402586e-05,-3.43265934790383e-05,0.00039624755339878,-2.02354266628615e-05,2.84219572920832e-08,-6.43188640953268e-05,3.41036178184296e-06,-3.56932742981733e-05,1.29443912389024e-06,-8.55049286137844e-05,2.89622090636229e-05,-3.0171360723421e-05,-2.56808373668173e-05,3.92892880152307e-06,-0.000127004441998678,6.74206281793637e-05,-4.72504611037021e-06,0.000179272611622632,-6.28473124451501e-07,2.13022233574751e-05,-5.68551654306948e-05,2.1087086130768e-05,0.21215479552917,8.56688659349319e-05,-3.91632393956674e-06,-0.00459725546507327,0.00188840982952276,8.46822684669948e-08,-0.000501374134983304,1.0275722372183e-05,-4.17336627779947e-05,-5.16462257787732e-05,1.69669894958516e-05,0.0002617877356089,-4.36856542330422e-05,-0.000312325706521216,5.97932890609335e-05,0.0347409318485865,0.00279014323093979,3.63766330582445e-05,1.11200430699675e-05,-0.00248719399202517,4.04921365440279e-05,-2.6061814780683e-06,-2.24191262462788e-05,0.00403874631053819,1.0984349454527e-06,0.00666317207934319,0.157368048974873,4.056101602009e-05,-3.55931065334504e-05,-1.38743351744506e-06,1.3529010215775e-08,-4.92158266313314e-05,4.47125136535627e-08,4.7795298033352e-08,-2.61391964676034e-08,5.64667655879675e-05,-1.82231092408753e-06,8.36677367627126e-07,-3.23026662460613e-07,8.67173153628145e-08,3.95354897401412e-07,1.1152402298285e-06,-1.91399282558746e-06,2.30644180954875e-06,-1.23134287846739e-08,5.17707310571735e-07,-7.91590351319616e-07,9.13544897634292e-07,-9.90671155837641e-07,2.54863816182851e-06,-9.75221144886369e-06,2.5248660670994e-06,-2.48883056439552e-06,-6.84763739794916e-06,2.24103473305762e-06,-2.21595240975131e-05,2.25628940800924e-06,-7.33056590892115e-07,1.50074163318097e-06,4.95918636873736e-05,-9.33591868314104e-05,5.36090999527141e-06,-0.000435480712852952,-7.95375486953998e-07,3.7189415547317e-07,1.72901213881751e-06,-1.03879965245348e-08,-6.97696026271837e-06,2.16668830021953e-06,-6.23197224982682e-06,-3.98145782305116e-07,-1.54131443254352e-05,3.01161180469493e-06,1.92199890529906e-07,6.0636057134166e-07,-3.81219788078087e-08,-1.75824602396845e-06,2.65309147652162e-07,1.73017550164763e-08,-4.24969351540731e-08,-6.60172219245228e-06,-1.96523321476189e-07,-4.21080500773694e-06,1.57622824226941e-06,-4.67254178428077e-07,-4.09289141234184e-08,6.168894926999e-07,-0.00170860716891327,-6.11412167566702e-08,-2.84712736294814e-08,-0.00118909700402166,-8.47233671339192e-07,-6.25730610094527e-08,-1.44397401433611e-05,1.63063998188863e-06,-1.08061420122832e-05,1.14198798026744e-06,1.95564352380215e-08,9.72810696032285e-07,1.30543353274834e-06,-2.44269568091767e-05,-2.42463095445246e-06,3.02407546172214e-07,1.08510321483293e-07,2.98765619864649e-06,4.16744182099455e-08,2.63833945008216e-07,-1.10940427683075e-06,-6.83397305917221e-07,-2.14702725806259e-05,1.3573600135198e-05,4.2335313408754e-05,-5.82637898745447e-07,-1.4936910071718e-06,-7.29930444225173e-08,-9.07583062185149e-06,-2.59529453727307e-06,6.03382716302209e-07,2.71082407839416e-06,-2.3682270440082e-05,-6.88679308013514e-08,1.25241321071258e-07,4.95276022424877e-07,4.09031736883026e-07,8.34207760404021e-08,-1.15261416842613e-07,-2.11397617085569e-07,-1.06065705791086e-06,1.23749681095463e-07,5.04141651978538e-08,5.018492812699e-08,8.18427361000949e-06,-1.30789198911267e-09,-8.64628697461404e-05,-1.14560548810929e-07,-1.11085990120782e-05,2.0394989640701e-07,7.52601533784763e-06,-1.47884428873694e-06,-3.30842816149703e-06,-6.2578766041631e-06,2.19323675373112e-05,-0.000116364882131528,-3.35939071248672e-07,-2.14474205306488e-07,-2.80698885953087e-07,4.14686351669622e-07,3.57138664529877e-08,-6.19161256752781e-08,-2.94294683344222e-07,-1.5777784211277e-06,1.18674749473983e-05,4.49484683614509e-07,1.42384678412142e-06,-3.39374389187631e-07,-1.7116701590458e-07,-1.79977788534673e-06,-1.14891153193202e-07,-1.71020185362562e-07,-1.27814803088728e-07,2.63748390566111e-06,8.43513502385237e-07,3.92820478297085e-08,6.51088139540034e-08,-3.14581721084266e-09,-4.85597066593357e-08,-2.3505324020758e-07,1.18667141414145e-16,-3.16827491989124e-08,2.32628810240649e-06,-5.51015421895716e-08,-8.44663786171031e-07,-1.15673510223297e-07,1.36844148597804e-07,-1.49432267629512e-08,4.9765276943278e-07,-1.08739922360611e-09,5.65835951667104e-11,-1.18841150749487e-07,6.445552693866e-08,-1.4142263173671e-09,1.59066502716495e-07,1.42179794318566e-09,-1.48390053766681e-08,1.30578077419796e-09,-4.33252454749806e-06,5.54799165344671e-06,-1.57479452039032e-06,-6.03997138019759e-08,1.27867131255706e-08,-3.15570822699852e-07,6.34807149940529e-08,-7.248343977067e-06,6.12939997155384e-06,-4.08232800868351e-08,1.40261038318611e-08,-1.07141921152692e-06,-3.24916073068448e-06,0.000176000826753901,-1.79603473316615e-08,-7.60753299785668e-09,1.82008933405202e-08,-2.55774730861699e-06,2.52453436491392e-06,-5.8395616655445e-07,1.29191392792011e-05,-6.55366388406925e-06,2.86881689337155e-05,-1.25723339063215e-06,7.5801114946481e-07,-2.63037137804107e-07,-4.13025648686862e-16,7.15452222612429e-07,2.49215253195655e-08,1.40018207156771e-08,0.00289041109253542,-3.00608995035204e-08,2.04819891323897e-08,4.94231437425297e-07,-7.05268578890162e-08,5.68448343166465e-07,-1.49363156870837e-06,-5.75903481874917e-08,5.92767886039345e-08,-7.8673684058034e-07,9.71901963369461e-07,-8.57142993914856e-05,5.92648860247814e-07,-7.46742201146108e-06,-3.757448198928e-08,-3.24475418042469e-07,-1.94595431789371e-06,2.13976376380639e-05,-2.90787321765333e-05,2.1235953901964e-06,-3.06362950288949e-06,1.13637764050102e-05,-8.72304013405062e-07,-8.00748700818252e-07,-6.29066612902778e-06,1.7268169660557e-05,9.30779353864669e-07,-1.3159481408318e-05,5.83823556860388e-06,-1.49704777691865e-07,-1.48626431690938e-06,3.3568426438674e-06,-5.40457401714579e-16,-1.18872604395771e-07,-0.54824765009779,-3.07330544792627e-05,2.1989875151355e-05,3.04938552871869e-05,4.53714942005537e-06,7.80000270229018e-06,-8.73629214307076e-05,2.2043350724607e-05,9.77516443023148e-16,-9.73605974677678e-06,-1.1272643199514e-07,-2.87858902097342e-07,0.000508057890377589,1.6812480502229e-06,-1.01404704248188e-07,-3.32422399206795e-06,7.95276689918342e-07,-3.19212690231731e-05,2.39900257748078e-06,-1.7874343724231e-07,2.56850365113953e-07,4.65588366018865e-08,2.08753217420315e-07,4.8527621576557e-06,-0.25135207976067,-1.06143634897024e-05,-1.51996559021436e-14,-5.16802251912944e-05,3.74811573249285e-06,1.72390702454424e-07,8.05939654677672e-07,-3.7088656580904e-06,-6.5374489352145e-06,3.81445690002929e-05,-0.000294697248776148,-5.04004113604118e-07,8.74094423734927e-16,-9.22680536506551e-07,-0.000140950913987788,-1.11682814768247e-06,4.87073854030691e-17,2.03343850971575e-06,2.02946757606042e-05,-3.08209352548145e-06,-1.62492387665881e-06,-5.33879302648039e-07,-2.82581994491375e-07,-1.00210433530387e-05,2.72879637736511e-07,2.89205619477256e-06,4.50462159295341e-05,5.68937600535489e-07,5.73064212238818e-06,-3.87447360591871e-16,-2.16844919482856e-06,1.01002970045859e-06,6.42788302761768e-06,-6.3238132446634e-07,1.63660979237379e-17,-5.84911546876635e-07,7.20090945596221e-07,-2.44631663286235e-07,-2.15586387046041e-07,-5.39859035446309e-07,3.91407325532127e-06,-7.24031178981784e-06,9.46868826464412e-07,8.8204140505849e-16,3.29694903480939e-06,-4.38268620895141e-06,1.92845231714826e-05,3.99337231777534e-06,-4.0555230382116e-07,-2.71587610307303e-09,-1.14318277066872e-15,8.6639564321611e-16,-2.58704400579686e-09,-2.27763115584258e-06,2.99899648590503e-07,-4.30589151853587e-07,4.04389208508738e-15,-2.0147278867959e-07,-2.36787148754592e-09,-1.7442615546041e-14,0.707106781186547,-2.40673367651867e-13,4.98346526565074e-07,1.46987823179946e-06,-2.13111959705437e-06,1.26713213307672e-06,6.32433871457419e-07,1.35548164934726e-06,-0.000209575458913535,2.40707827166901e-15,-3.47481578008991e-06,2.71873264172235e-06,-5.69398570755755e-16,-2.69659304902538e-15,-0.10153736657862,3.71134756861391e-11,-3.01378211100472e-07,3.28932403636085e-07,5.19998508372218e-07,-2.85222472180289e-08,3.98623555268653e-16,-9.81550763101867e-08,4.31132049642026e-16,-3.51505418882835e-07,1.65367936358352e-16,-6.55940370640285e-07,-3.4264904872658e-18,5.26108702744992e-07,7.31011617238433e-07,4.57740939094474e-08,6.06562102549591e-07,3.33922375015187e-06,-2.44027022282526e-07,2.49696557250546e-06,8.09680685848935e-08,3.94018467333019e-07,3.68154730343819e-08,5.95152912679991e-07,-9.26345895396056e-05,-4.82839187369048e-07,-4.51635770131675e-08,-1.21835327954335e-06,-2.20775647908091e-16,0.0117267400158066,-4.29977305706013e-06,7.68438372459325e-08,2.42457959038595e-14,1.07128809208222e-08,3.04793334724484e-07,1.11405498660511e-06,-9.69020092926303e-17,-9.76323096779805e-05,-1.44614974042692e-07,6.45821863062481e-16,-1.92588999497215e-07,3.0556615997922e-06,-1.31880289172213e-15,6.07506834806982e-16,-5.8773072720362e-06,-8.70954005701495e-08,-4.9709681835287e-10,-6.90833365463803e-07,1.8411011084263e-07,1.95557969497116e-05,5.20906788704938e-08,6.38444674587121e-07,-1.08319815736033e-06,9.14036641513905e-16,2.4628948237784e-08,1.5376348982987e-09,4.24352669153235e-09,3.97129541566861e-07,-1.10020025199939e-16,6.32193695725453e-17,1.3062626787538e-07,-2.23842735672154e-16,-1.00541406254609e-16,8.22330673427881e-07,-9.20738923011187e-07,-1.88359028223758e-06,-1.03670135790886e-08,4.75619362046568e-05,3.28008887401891e-07,2.83102291784294e-08,-1.4120998284152e-16,7.19205606974163e-08,3.38868665845929e-09,1.56283690940636e-08,-0.00129774979375532,6.55052540748618e-06,-7.23732074076529e-17,2.30275125710532e-16,9.6201120699266e-16,-5.19646972052934e-08,-2.7600872422841e-07,-1.45131877998958e-07,-1.07883739150339e-16,-6.90998312169144e-06,4.31635652479472e-16,7.20012684770373e-17,3.10320811782394e-06,-6.81306481827616e-08,-1.05579607556638e-15,-1.67375052960947e-07,-3.11185320453322e-05,8.92472321256428e-16,2.57365507852172e-07,-3.21044953908237e-16,6.86224752364854e-08,9.7710352200414e-18,6.85135727259205e-08,5.94295010224089e-07,0.000177612837121451,2.00649582907977e-08,1.37994813152332e-07,-4.77531667408398e-07,1.89348518473558e-07,4.83478651293916e-17,8.5913353045819e-06,-7.73614386761321e-07,-3.62916276296477e-16,-6.3809211254942e-08,-1.87004834208079e-07,3.01462866760595e-07,2.95743327881185e-16,1.39336111955514e-07,6.57773339513257e-05,1.91876559665742e-16,-4.55554811928525e-07,-1.00840962719819e-07,-1.88565490985349e-06,-6.2129867197636e-16,-2.06430778817234e-16,9.35019138879122e-08,2.85813445812298e-08,2.31156820091642e-09,-2.55817681920782e-07,1.67885315050722e-08,2.94539882925966e-16,-1.19462029796037e-16,6.12429238762962e-08,4.22101525102859e-10,-5.74714546997229e-16,1.47798413270513e-07,-1.1828031178852e-16,8.42684801908229e-07,-2.820137025952e-08,-1.64758696093728e-08,-1.09179393833433e-07,-6.29276850223492e-14,-3.20336645255703e-16,2.67200746694658e-16,-6.52137348537434e-15,-3.12058319698697e-06,-2.10050342231505e-07,-1.44962312422421e-16,-1.45329420693254e-16,-7.31891177520468e-17,4.7016330032729e-07,2.65374721155658e-09,-2.32404830906971e-07,-5.5006906893912e-18,-7.72629573167483e-17,1.32299770097544e-16,-9.09581481401958e-07,3.07495955836162e-07,-1.11802558413529e-16,3.54162479082835e-08,-0.00157835668710144,4.54756069303089e-17,6.21025556049453e-17,-8.36779350947315e-08,-8.59104641585696e-10,-4.18970678747912e-08,2.90118675341749e-16,4.73606562164863e-08,6.90272052418639e-08,7.40834710530556e-08,-6.74959398857791e-08,-2.40359252898866e-07,2.04636505388302e-08,-3.88155713088915e-17,4.13101546898093e-17,-2.29967588345526e-16,3.87406443720899e-07,-5.58061082274863e-07,-1.9083601061676e-08,-1.49686167956379e-08,1.3807366241361e-16,-2.0786010455989e-16,-6.94762953620584e-17,-7.9360462305559e-17,-3.6899865359166e-17,1.84397967806051e-06,3.47324904007486e-16,-1.51490144943431e-16,-1.15119703472774e-08,4.79797747355989e-17,-1.03044511684513e-08,-4.62498097130066e-17,-1.27736907283888e-08,1.52640916103196e-16,-1.543522809542e-08,-1.93073102048746e-09,-1.21767792063006e-06,-6.69717103579067e-17,6.18596312064188e-08,-8.15100197910505e-18,8.75903464104833e-08,-3.97509625647581e-06,8.48992436975803e-10,-1.00417836519521e-16,1.23824419964962e-07,4.51411656146608e-18,-3.0380892229379e-08,-1.71466498659233e-07,1.58452006317766e-16,-9.21939327664574e-17,-1.13527409459715e-16,-4.83928679151334e-16,-5.7476665686709e-10,-7.48171005561454e-09,-1.66988244592874e-09,1.05930792213831e-16,-4.56113812396054e-18,-6.22172163877823e-06,9.93406350181716e-07,8.58066512576774e-17,-8.41887414506553e-17,-7.57270958425916e-09,3.80312945550137e-17,-5.36358500192446e-08,5.94697787637026e-16,5.05580079090967e-07,-1.34091002354487e-17,2.19352942568932e-16,-7.61172402183629e-17,-1.67602943521074e-16,-5.8251992966231e-17,-1.99957069246845e-16,6.69378705544291e-08,-4.68115078089805e-07,2.40710708879421e-17,-4.48879835178491e-08,1.70668985810868e-07,2.10615061660784e-16,7.54419127213706e-17,1.16567170303783e-16,-2.94303717091152e-16,1.67919402636411e-08,2.68417758293416e-09,2.34966791626018e-16,-5.43394262494201e-17,-3.04649502140943e-08,-1.08667285320371e-07,-5.79539412856112e-07,1.37476733129646e-16,-3.90482219661209e-17,1.04019420867389e-16,2.46789601019591e-16,-2.36274966281398e-16,-6.39879660529758e-17,6.39445705835618e-08,-6.04592004966759e-08,-1.16213309678024e-08,4.13670543789913e-18,1.13771601998913e-16,-6.5485618310231e-17,-1.60431006599059e-16,1.50047633683667e-16,-2.28422540704463e-16,-7.70131939984435e-17,-6.66269338714901e-19,2.6697365029462e-17,5.70222127077522e-17,-1.05686168188652e-16,-4.74888172966069e-17,1.29396275377385e-16,1.19909326548399e-16,4.37805721288103e-08,5.13356150144203e-15,-2.79363696196505e-16,-1.00718727923323e-15,9.84545671565766e-07,-1.07889997758533e-09,5.09758569305486e-17,-1.59738748492469e-08,8.98444198188314e-07,-2.32012329963778e-17,-4.56494995293643e-17,-1.57466270383415e-07,3.48413458212494e-16,2.20525740924913e-08,-4.71881739087299e-13,-3.01383412014169e-17,-9.53212316991237e-18,-4.64507421389514e-17,1.9591852321258e-09,-2.68989882643635e-07,-3.61629726494519e-16,1.59297072090095e-17,6.07923998778076e-17,-2.0505884027222e-16,4.10370522285763e-17,1.46272529982356e-16,8.99394054459458e-17,-3.51458122158246e-17,2.21564473523514e-08,2.21111735033089e-17,7.77079902498158e-17,7.65175708905164e-17,1.89243951997958e-16,2.36231018803458e-17,1.93361032458891e-16,-6.3176036726772e-08,1.14052986636358e-17,2.53168092474663e-16,4.708755820616e-08,8.00560486781885e-17,-5.79945518704255e-17,1.52637874437525e-16,-9.46413001428978e-17,0.000298137807813232,-1.39074526608825e-17,-2.86898618204438e-08,6.99860305904155e-17,1.07143682429243e-17,-7.83071223334301e-18,-2.54827321082614e-16,3.06846233452289e-17,8.12171406737905e-17,1.03801434412318e-09,-3.10167767968533e-16,5.92180464423128e-17,4.03961620266334e-08,-1.29478998534043e-07,-5.5034019918978e-17,9.06260033671898e-08,1.32695822418412e-08,-7.79323673197238e-17,3.31361097725903e-16,2.08156823240865e-17,9.72774348814731e-17,1.25868780867409e-17,-2.21886221378517e-08,1.63704849427419e-16,-7.66233645137388e-17,1.41460314343092e-16,8.87263406408936e-09,-1.75452414352969e-17,1.34041421072631e-16,7.11773037440074e-17,-5.16780601867756e-17,-4.03604915151281e-09,1.46544871753581e-16,4.23796408218216e-07,-2.38664307488056e-17,1.87964355639242e-16,-4.62925396343925e-17,5.93952896971685e-17,1.05411192598166e-16,1.59609885911676e-16,6.87074213236666e-18,-1.449379281292e-07,-5.71604795747022e-17,-1.96976093604622e-16,9.67847371223185e-08,-1.05333320498032e-16,1.86185979170344e-16,-8.15084939804793e-17,-3.20987466195962e-17,-8.79211772696862e-19,-7.9096039101242e-17,-6.38342864289478e-08,1.157372312859e-16,1.5736548331511e-16,2.08271644008341e-07,9.64430147336623e-17,-4.20366926876686e-17,2.910473862112e-16,1.18025774015673e-20,1.17461501004797e-16,-7.75637799811299e-18,-9.00960504517123e-17,-6.38569068260546e-17,-3.22454373258589e-18,2.08870819611119e-16,7.23233911570913e-17,-1.0888133501136e-07,2.27078804137668e-07,-1.48190313645113e-17,2.79072725805354e-17,9.27284110397612e-17,4.38721475072585e-17,-2.75821032680312e-16,1.59529690836208e-16,-8.11246561306065e-18,-1.40279598814325e-16,-2.8461830607256e-09,-1.30247108433952e-16,9.28858636408324e-18,4.65375334559092e-17,1.46041739074636e-16,3.63821283352636e-09,2.14954458828706e-16,-3.97190137613192e-09,-4.04939954896003e-17,6.34301028196137e-17,-1.04960820672295e-16,1.00727835988402e-16,1.73526839861125e-19,-1.98401171959228e-17,-2.3559613357911e-17,-7.68612113031161e-17,-1.15115217568607e-17,2.21499082926093e-18,2.32195738207222e-17,-9.23994167242301e-18,8.16112768944089e-17,2.93504592686073e-16,-2.86181523551159e-17,1.47970624265512e-16,4.86450299163408e-17,3.0912162911154e-17,-8.75659749002417e-17,-8.64732376820407e-17,3.26832744895755e-16,-6.83823710299092e-17,8.56507119332639e-17,-4.17408889451896e-17,1.08050470277916e-16,2.72148854352114e-10,1.00382935322027e-16,9.69552006303177e-17,-4.29858581411086e-17,-1.25889739103528e-17,-4.33658741782077e-17,-1.44656761695534e-17,1.71678086120644e-17,1.95994358279268e-17,-3.76054025912034e-17,-6.65964553662657e-17,-1.74177079009796e-16,-1.12416549756628e-16,5.92722189365578e-17,4.01779620256352e-19,-3.78997222758276e-17,-7.48240476968853e-18,-3.26210511475708e-17,-3.4877036585297e-09,2.23238417082746e-16,-7.43078742353137e-17,4.54963317149983e-17,6.16798361541828e-18,8.16861862160286e-17,-4.75603025847565e-18,2.48190741984596e-17,-3.79854088527106e-17,3.45375222088675e-17,7.35801095739738e-10,9.86956420127023e-17,-6.22531761444081e-17,-4.39741277437785e-17,-1.22273200880925e-17,7.54057338402783e-17,1.50489905439128e-16,1.30298763771231e-17,-9.70524708003575e-17,-1.74768753844778e-16,-3.85357729035402e-17,-3.72549034882365e-17,4.52779915371964e-17,-2.7846426275508e-17,3.69662748519308e-09,-4.01071102662208e-17,-5.25583573613738e-17,-2.29371920439466e-18,-2.17924636669586e-16,-1.11052318203991e-08,4.98454727131681e-18,-1.00904452375751e-16,4.30136926982308e-17,1.21549109632813e-16,-3.75238676256612e-17,7.92026676390821e-18,2.44710851954498e-16,-2.25393274402633e-17,-6.79606523989438e-17,3.22316144941193e-17,-8.7299347256121e-19,2.31325744515328e-18,-2.25013405642492e-17,1.30973528878394e-16,2.99715153915516e-17,8.65981965224773e-17,-4.17314959256625e-16
"t42",-0.0435541689046495,-0.0631462890110543,0.0221190382913698,0.0282684738890402,0.00206839627515093,-0.000804375594563644,0.00440779539658272,7.34985969088687e-05,2.05030063914236e-05,3.11205424314235e-06,0.000113703931281923,-0.0293211381951202,0.0599957833567734,-0.0117918461616668,-0.0127383270217473,-0.0234853653845392,-0.00271334958522978,0.177939595642775,0.000220932223530281,0.000124707151467411,-0.00286606910954387,0.000733575738501253,-0.00175052995127782,0.0316607481996247,-0.0881283376613057,-9.87703246556825e-06,-3.87794398896669e-05,6.70080068290543e-05,-0.00252605531700737,0.002813222465109,-8.49030859233412e-06,1.52379839072909e-05,-0.00652501600256752,-3.52147888859126e-05,-2.71072564166063e-06,-1.70904289373309e-05,-0.023896613904285,-1.68982518604867e-06,-6.41853390143697e-06,4.43546034826716e-08,5.84619234362185e-05,-8.98846793182011e-06,0.000125868046629198,-7.58068675708466e-06,0.000309903381568262,-9.25407544130232e-06,0.00102623905324944,-0.000166580955534536,1.78231288402522e-05,-3.43265934790405e-05,0.000396247553398777,-2.02354266628486e-05,2.84219572905659e-08,-6.43188640953359e-05,3.41036178187156e-06,-3.56932742981847e-05,1.29443912388266e-06,-8.55049286137564e-05,2.89622090636479e-05,-3.01713607233858e-05,-2.56808373668126e-05,3.92892880153968e-06,-0.000127004441998687,6.74206281793701e-05,-4.72504611038316e-06,0.000179272611622634,-6.28473124481018e-07,2.1302223357437e-05,-5.68551654306845e-05,2.10870861307609e-05,0.21215479552917,8.5668865934946e-05,-3.9163239395664e-06,-0.00459725546507326,0.00188840982952272,8.46822684517023e-08,-0.000501374134983306,1.02757223721539e-05,-4.17336627779742e-05,-5.16462257787735e-05,1.6966989495861e-05,0.000261787735608947,-4.368565423304e-05,-0.0003123257065212,5.97932890609263e-05,0.0347409318485865,0.00279014323093975,3.63766330582519e-05,1.11200430699964e-05,-0.00248719399202522,4.0492136544021e-05,-2.60618147806093e-06,-2.24191262462877e-05,0.00403874631053819,1.09843494544784e-06,0.00666317207934309,0.157368048974872,4.05610160200679e-05,-3.55931065334611e-05,-1.3874335174545e-06,1.35290102031994e-08,-4.92158266313079e-05,4.47125136369843e-08,4.77952980237324e-08,-2.61391964669175e-08,5.64667655879679e-05,-1.8223109241043e-06,8.36677367655618e-07,-3.23026662431698e-07,8.67173153238916e-08,3.95354897428362e-07,1.11524022976832e-06,-1.91399282555581e-06,2.30644180956033e-06,-1.23134287731592e-08,5.17707310627781e-07,-7.91590351284297e-07,9.13544897632976e-07,-9.90671155821641e-07,2.54863816182715e-06,-9.75221144884664e-06,2.52486606709186e-06,-2.48883056439567e-06,-6.8476373979494e-06,2.24103473297218e-06,-2.21595240975051e-05,2.25628940791946e-06,-7.33056590938499e-07,1.50074163319312e-06,4.95918636873182e-05,-9.33591868314061e-05,5.3609099953471e-06,-0.000435480712852907,-7.95375486919714e-07,3.71894155506571e-07,1.72901213882074e-06,-1.03879965502947e-08,-6.97696026274626e-06,2.16668830023306e-06,-6.23197224982875e-06,-3.98145782344508e-07,-1.54131443254329e-05,3.0116118047536e-06,1.92199890531923e-07,6.06360571508802e-07,-3.81219789344531e-08,-1.75824602394481e-06,2.65309147646733e-07,1.7301754925919e-08,-4.24969351037596e-08,-6.60172219230342e-06,-1.96523321480153e-07,-4.2108050076952e-06,1.57622824221284e-06,-4.67254178345924e-07,-4.09289142060026e-08,6.16889492772401e-07,-0.00170860716891322,-6.11412168362674e-08,-2.8471273556003e-08,-0.00118909700402164,-8.47233671273881e-07,-6.25730609702164e-08,-1.44397401433941e-05,1.63063998182341e-06,-1.08061420122769e-05,1.14198798025726e-06,1.95564352118692e-08,9.72810696051052e-07,1.30543353268656e-06,-2.44269568092758e-05,-2.42463095449792e-06,3.02407546181171e-07,1.08510321425412e-07,2.98765619868837e-06,4.16744181155461e-08,2.63833945054654e-07,-1.1094042769259e-06,-6.83397305959168e-07,-2.14702725807397e-05,1.35736001351935e-05,4.23353134087868e-05,-5.82637898806549e-07,-1.49369100720381e-06,-7.2993044353609e-08,-9.07583062183789e-06,-2.59529453718867e-06,6.03382716469832e-07,2.7108240783598e-06,-2.36822704400252e-05,-6.8867930747911e-08,1.25241321149332e-07,4.95276022362098e-07,4.09031736921704e-07,8.34207759292091e-08,-1.15261416800509e-07,-2.11397617092659e-07,-1.06065705783073e-06,1.23749681038595e-07,5.04141651599028e-08,5.0184928076803e-08,8.18427360996079e-06,-1.30789201741938e-09,-8.6462869746184e-05,-1.14560548604419e-07,-1.11085990120493e-05,2.03949896369683e-07,7.52601533781424e-06,-1.47884428874267e-06,-3.30842816138309e-06,-6.257876604247e-06,2.19323675372752e-05,-0.00011636488213137,-3.35939071362411e-07,-2.14474205230893e-07,-2.80698886056671e-07,4.14686351596581e-07,3.57138665858635e-08,-6.19161256785829e-08,-2.94294683409358e-07,-1.57777842113167e-06,1.18674749473469e-05,4.49484683573096e-07,1.42384678412229e-06,-3.39374389236887e-07,-1.71167015814229e-07,-1.79977788538687e-06,-1.14891153266628e-07,-1.71020185385803e-07,-1.27814803188587e-07,2.6374839057311e-06,8.43513502341885e-07,3.92820478206373e-08,6.51088138552456e-08,-3.14581714146619e-09,-4.85597067168887e-08,-2.35053240296819e-07,2.53033288773513e-16,-3.16827491387151e-08,2.32628810256088e-06,-5.51015421026142e-08,-8.4466378603176e-07,-1.15673510215146e-07,1.36844148673341e-07,-1.49432267288076e-08,4.97652769410403e-07,-1.08739905639419e-09,5.65837290007354e-11,-1.18841150773744e-07,6.44555269273823e-08,-1.41422628886711e-09,1.59066502897419e-07,1.42179803086718e-09,-1.4839005325243e-08,1.30578075224286e-09,-4.33252454750369e-06,5.54799165339781e-06,-1.57479452022664e-06,-6.03997137378683e-08,1.27867131194308e-08,-3.15570822524348e-07,6.34807150464647e-08,-7.24834397707686e-06,6.12939997148869e-06,-4.08232801570266e-08,1.40261035487016e-08,-1.07141921153585e-06,-3.24916073086397e-06,0.000176000826754074,-1.79603473242922e-08,-7.60753299024271e-09,1.82008929623158e-08,-2.55774730873074e-06,2.5245343651358e-06,-5.83956166353821e-07,1.29191392790716e-05,-6.5536638842362e-06,2.86881689335289e-05,-1.25723339053957e-06,7.58011149556196e-07,-2.63037137417526e-07,-3.58307696228959e-16,7.15452222233055e-07,2.49215251228841e-08,1.40018207905318e-08,0.00289041109253506,-3.00608996176517e-08,2.04819891496689e-08,4.94231437460196e-07,-7.05268578178525e-08,5.68448343166003e-07,-1.49363156876945e-06,-5.75903484881437e-08,5.92767885502238e-08,-7.86736840492878e-07,9.71901963348363e-07,-8.57142993915615e-05,5.92648860110916e-07,-7.46742201170969e-06,-3.75744819819577e-08,-3.24475418007373e-07,-1.94595431775601e-06,2.13976376381178e-05,-2.90787321764432e-05,2.12359539006665e-06,-3.06362950289962e-06,1.13637764048799e-05,-8.72304013334856e-07,-8.00748700782387e-07,-6.29066612893125e-06,1.72681696606277e-05,9.30779353769126e-07,-1.31594814085057e-05,5.83823556892053e-06,-1.49704777965671e-07,-1.48626431686732e-06,3.35684264340306e-06,-5.11108378938797e-16,-1.18872604412687e-07,-0.548247650097788,-3.07330544798541e-05,2.19898751511173e-05,3.0493855287178e-05,4.53714942024509e-06,7.80000270228455e-06,-8.73629214310892e-05,2.20433507247137e-05,1.00396990180345e-15,-9.7360597468664e-06,-1.12726431680601e-07,-2.87858902183202e-07,0.000508057890377451,1.68124804993761e-06,-1.01404704916521e-07,-3.32422399155683e-06,7.95276689870216e-07,-3.19212690229587e-05,2.39900257803121e-06,-1.78743437155028e-07,2.56850365448522e-07,4.65588369099275e-08,2.0875321580526e-07,4.85276215697293e-06,-0.251352079760673,-1.06143634897414e-05,-1.48573323076208e-14,-5.16802251910032e-05,3.74811573325331e-06,1.72390702572414e-07,8.05939654260177e-07,-3.70886565778509e-06,-6.5374489349835e-06,3.81445690004924e-05,-0.000294697248775865,-5.04004113211502e-07,1.17051725540875e-15,-9.22680537375068e-07,-0.000140950913988264,-1.11682814808762e-06,1.20142399075449e-16,2.03343850972496e-06,2.02946757617655e-05,-3.08209352537686e-06,-1.62492387744022e-06,-5.33879302802145e-07,-2.82581995060911e-07,-1.00210433526618e-05,2.72879637191697e-07,2.89205619468956e-06,4.5046215929548e-05,5.68937600796318e-07,5.73064212284774e-06,-4.16542919650584e-16,-2.1684491925028e-06,1.01002970037741e-06,6.42788302784275e-06,-6.32381324016238e-07,-1.67560226906656e-16,-5.84911547240288e-07,7.20090945293295e-07,-2.44631663354367e-07,-2.15586386641955e-07,-5.39859034610638e-07,3.91407325672874e-06,-7.24031179056211e-06,9.46868826688242e-07,-1.06247731694059e-15,3.29694903362084e-06,-4.38268620754767e-06,1.92845231719405e-05,3.99337231596211e-06,-4.05552304339673e-07,-2.71587866863029e-09,1.53176082928752e-15,-9.64473378245319e-16,-2.58704079738007e-09,-2.27763116090249e-06,2.99899640648666e-07,-4.3058914882178e-07,-1.10770475551795e-15,-2.01472786455918e-07,-2.3678379803079e-09,1.70094259155642e-14,-0.707106781186547,2.4093613474557e-13,4.9834657918e-07,1.46987821561944e-06,-2.13111959271284e-06,1.26713214037415e-06,6.32433861865829e-07,1.35548165096554e-06,-0.000209575458909317,-3.74372872312986e-15,-3.47481578169947e-06,2.71873264406312e-06,1.27384000908135e-15,-2.08018762346633e-15,-0.101537366578629,3.71135790898086e-11,-3.01378211028909e-07,3.28932404112017e-07,5.19998507212128e-07,-2.85222479186711e-08,1.79587611372264e-16,-9.81550755761459e-08,1.72112119430919e-15,-3.51505419520076e-07,1.3023707546439e-15,-6.55940372517906e-07,7.2721766429689e-16,5.26108702886263e-07,7.31011616304677e-07,4.57740930403876e-08,6.06562103050812e-07,3.33922374964275e-06,-2.44027021417008e-07,2.4969655721234e-06,8.09680603747883e-08,3.94018470349271e-07,3.68154699852162e-08,5.95152913082556e-07,-9.26345895402285e-05,-4.82839187883394e-07,-4.51635759704955e-08,-1.21835328082784e-06,-3.32343385486216e-16,0.0117267400158073,-4.29977305720903e-06,7.68438371749284e-08,2.51070456634831e-14,1.07128811235526e-08,3.04793334531067e-07,1.11405498654952e-06,1.45817833389783e-16,-9.76323096787446e-05,-1.44614974279468e-07,-4.97515366965024e-16,-1.92588999895294e-07,3.05566159974027e-06,1.30248566924306e-15,-1.15974914813978e-15,-5.87730727013748e-06,-8.70954020696711e-08,-4.9709738865314e-10,-6.90833364949499e-07,1.84110110966405e-07,1.9555796950191e-05,5.20906778680152e-08,6.38444674693678e-07,-1.08319815804845e-06,4.28422488457647e-16,2.46289486698469e-08,1.53763407166933e-09,4.2435259951819e-09,3.97129541655336e-07,-4.77192788032874e-16,1.23837135273551e-16,1.30626267629116e-07,2.04502990117346e-16,2.98988633716964e-16,8.22330673320282e-07,-9.20738923432313e-07,-1.88359028222473e-06,-1.03670132662789e-08,4.75619362046972e-05,3.2800888751649e-07,2.83102293847508e-08,1.08356116182588e-16,7.19205606656578e-08,3.38868587537816e-09,1.56283688340832e-08,-0.00129774979375416,6.55052540759719e-06,-7.66025855330814e-17,-2.30866838314173e-16,7.28690941638865e-16,-5.19646976488181e-08,-2.76008723986978e-07,-1.45131878148856e-07,-9.80169594230852e-17,-6.90998312160986e-06,-4.64023762210806e-16,-8.84962692929415e-17,3.1032081178418e-06,-6.81306486852616e-08,3.22875406966183e-16,-1.67375053503385e-07,-3.11185320454093e-05,1.59998886052216e-16,2.57365508353151e-07,-1.20730963591513e-17,6.86224760324565e-08,-3.1147165082395e-16,6.85135725340909e-08,5.94295010456936e-07,0.000177612837122232,2.00649582163117e-08,1.37994813603532e-07,-4.77531667764965e-07,1.89348518376484e-07,-1.24238747881324e-17,8.59133530471759e-06,-7.73614387356389e-07,-5.99939444734975e-17,-6.38092112296878e-08,-1.87004834588496e-07,3.01462867444442e-07,-6.62286158347051e-16,1.39336111653466e-07,6.57773339515969e-05,4.57509583443524e-17,-4.55554812080833e-07,-1.00840962441186e-07,-1.88565490965511e-06,-1.8583277132471e-16,1.64091121823858e-16,9.35019136535856e-08,2.85813445455939e-08,2.31156799411501e-09,-2.5581768237734e-07,1.67885317417712e-08,-2.92689458193885e-16,3.76659077146945e-17,6.12429239508614e-08,4.22101916861536e-10,-3.24924385965873e-16,1.47798413212193e-07,-1.67239208737574e-16,8.4268480172653e-07,-2.82013704831701e-08,-1.64758697419623e-08,-1.09179393653292e-07,-6.25627697200255e-14,3.43583175750923e-16,5.38642026309367e-17,-6.44565250710957e-15,-3.12058319702185e-06,-2.10050342673155e-07,1.3758045396617e-16,2.04053557262701e-16,-9.91098576657541e-17,4.70163300338845e-07,2.65374818174198e-09,-2.32404830589503e-07,6.42114190440901e-17,-2.65439796878764e-16,7.66151465186882e-16,-9.09581481285854e-07,3.07495955655449e-07,1.85851854892699e-16,3.54162484403981e-08,-0.00157835668710167,-7.59897956740436e-17,-1.37438911480297e-16,-8.36779350610946e-08,-8.59104195403204e-10,-4.18970682519587e-08,7.45807489495455e-17,4.73606555196069e-08,6.90272055549832e-08,7.40834707999363e-08,-6.74959402563399e-08,-2.40359252777806e-07,2.04636510259682e-08,-1.26744377771043e-16,-6.46697512285293e-16,2.11321365006833e-17,3.87406444228409e-07,-5.58061082338879e-07,-1.90836007514376e-08,-1.49686168626965e-08,9.59269970241288e-17,1.99867132139144e-16,-6.7335391098365e-17,-1.46208133452376e-16,-1.79526671316612e-16,1.84397967803064e-06,-2.21415148323151e-16,-8.86052751203043e-17,-1.15119704761115e-08,-7.93876470453838e-17,-1.03044508718427e-08,8.48907158837753e-18,-1.27736907771092e-08,-5.5844826152535e-17,-1.54352279235374e-08,-1.93073126361685e-09,-1.21767792076602e-06,-3.76973799073554e-17,6.18596310807488e-08,3.769668012621e-17,8.75903463245684e-08,-3.97509625647801e-06,8.48992900623492e-10,6.20102225112953e-16,1.2382441984766e-07,1.08992249201745e-16,-3.03808923284629e-08,-1.71466498559026e-07,2.37615099244132e-16,1.06224333939734e-16,3.47343104471192e-17,-6.01785537826092e-16,-5.74766311332834e-10,-7.48171020178331e-09,-1.66988212779928e-09,-1.29502734099996e-16,-5.65289293362664e-17,-6.22172163880652e-06,9.93406349984608e-07,9.93591502728893e-17,1.70082922909815e-16,-7.57270950536558e-09,1.64762562978418e-18,-5.3635850120753e-08,-1.18946790350865e-17,5.05580078967579e-07,1.62249183671617e-16,9.25931308832419e-17,-1.48712773144918e-17,-1.92323993626917e-16,2.75106958780762e-17,1.26116734128186e-16,6.69378706515766e-08,-4.68115077730655e-07,5.10950526986305e-17,-4.48879835799055e-08,1.70668985850371e-07,-1.59712219261382e-16,-5.90272622937923e-17,-1.18949875005622e-16,-1.82561496056231e-16,1.67919402425212e-08,2.6841779791712e-09,6.36618938683251e-17,-7.66867541970478e-17,-3.04649498862318e-08,-1.08667285281117e-07,-5.79539412886304e-07,-3.20439533676992e-16,9.89899519582438e-18,-3.89911514937215e-17,-1.46882252223932e-16,-1.95195808443272e-16,-9.44890057047715e-17,6.39445706292296e-08,-6.04592004725279e-08,-1.16213309789474e-08,3.07638097492209e-17,1.41346481086136e-17,7.56849240558719e-17,3.50318260123765e-18,-1.58903476883501e-16,3.50433025667647e-16,-2.06823391119087e-16,2.87782240975799e-17,3.84251319091072e-17,-4.48431389200744e-17,1.7340714340799e-16,-4.12011840754208e-17,-1.28454625981056e-16,3.90700480083847e-17,4.37805722136494e-08,5.18019991010484e-15,1.23092148344057e-16,-9.41941493656778e-16,9.84545671497245e-07,-1.07889988666734e-09,-9.45551286614042e-17,-1.59738748618242e-08,8.98444198126474e-07,5.4798281499025e-17,5.37442161523698e-19,-1.57466270367898e-07,1.44060142927351e-16,2.20525741853179e-08,-4.7114141032232e-13,-8.5416599004723e-18,-2.48333593231769e-17,1.29664823870142e-16,1.95918497146284e-09,-2.68989882690391e-07,-1.28146777662285e-16,1.02953446671536e-16,7.21194610064271e-18,1.31585934302149e-16,-6.94973592563208e-17,-2.98120133296223e-17,3.31117566959006e-17,3.67313279028996e-17,2.2156447422723e-08,-7.19233963650327e-17,4.18284606612345e-17,1.0667496796428e-17,2.74872345414773e-17,-1.6394931061455e-16,-2.46906364733156e-16,-6.31760366557636e-08,4.45528398139703e-17,-3.15964879099399e-16,4.70875581025543e-08,-3.81115072130883e-17,7.39489922438884e-17,-2.70190436210391e-16,1.36041775071696e-16,0.000298137807813419,-8.71667258649494e-17,-2.86898617336687e-08,7.30367852467934e-18,-5.42790090707712e-17,-1.38802352704795e-16,1.75357207663558e-16,3.21585614246377e-18,-3.39251461142252e-17,1.03801433007212e-09,-1.93937198357012e-16,-7.14991679794324e-17,4.03961620991134e-08,-1.29478998511173e-07,-3.81459326081322e-18,9.06260034804957e-08,1.3269582118564e-08,-4.15300885832234e-17,-8.38437259783424e-19,-1.70112049870669e-16,1.61899055896678e-16,8.5265358978883e-17,-2.21886220056425e-08,-1.38787386987065e-16,8.77484610986427e-17,-1.90702580803629e-16,8.87263398937894e-09,-6.46404052477885e-17,1.15450281022339e-16,1.37165576360814e-16,-4.17401697649675e-17,-4.03604943013731e-09,8.158223986496e-17,4.23796408206338e-07,-4.94505100616384e-17,1.50396749575824e-16,7.83097863472511e-17,-3.5550188868511e-17,-3.40398978213403e-17,-5.53945981468568e-17,-8.69716651799996e-20,-1.44937928297198e-07,-1.63581632019756e-16,4.5562802569644e-17,9.67847371971624e-08,1.21883380359609e-16,-2.77052567701194e-17,-8.04473706433218e-17,1.12199734929371e-18,1.11010824716907e-16,1.21998907364133e-16,-6.38342864562494e-08,-1.14839000114228e-16,1.92279055641568e-16,2.08271643996523e-07,1.82203058555727e-16,-7.93915572843352e-17,2.82425745780034e-16,1.57442814630068e-16,1.12964476932727e-17,8.39657398286587e-17,-8.19066181925876e-18,-6.88160595547243e-17,1.48795370588212e-17,-1.92465138088964e-16,-9.40231651386714e-17,-1.08881335010015e-07,2.27078804435417e-07,6.02208032523282e-17,-1.69013801566634e-17,-3.72761349101666e-17,9.10171377356745e-18,-1.84639629974281e-16,-4.99264265872219e-17,-8.11892352252251e-17,-1.18853819852109e-17,-2.84618306781548e-09,1.64687786428498e-17,4.13463244832643e-18,-4.53464827081827e-17,-1.67466309285212e-16,3.63821281830708e-09,3.2206064027499e-16,-3.97190148232962e-09,-3.84578576252224e-17,-5.39186611698851e-17,5.94133947680708e-17,-9.13263141493283e-17,-1.64343720077627e-17,8.5349225735254e-17,3.85952834255957e-17,1.46772877994537e-16,5.38156660787145e-19,-6.96420228752142e-18,-6.40082965516309e-17,-3.26607050190694e-17,5.60774338823136e-17,-1.27752337019978e-16,9.36856739017836e-18,3.27420645497382e-17,3.51583176166691e-17,-8.05993385708771e-17,9.9062488153648e-17,4.56985813991005e-17,1.20780122014885e-16,1.37143581916168e-16,-5.23411195698295e-17,-1.94135657814308e-16,-3.43818924464666e-17,2.72148792008689e-10,9.92965429093736e-17,-6.40488219837792e-17,-2.7626642273333e-18,3.34051096464498e-17,-1.92893229348348e-17,1.43832795011241e-17,-1.72479707400454e-16,1.36338879471979e-17,-1.33321109034709e-17,-2.21573949825773e-18,-2.30230331327297e-16,7.81760821838973e-18,-3.79785752301369e-18,-1.15737675647382e-17,2.23511861824574e-17,2.34021292677311e-17,6.77318844710679e-17,-3.48770360959131e-09,-7.32542317553562e-17,-2.25498139290235e-17,3.20884560936148e-17,1.32487660701923e-16,9.19290937340326e-17,-2.88428411561583e-18,5.72995883137402e-18,6.5326687880018e-17,8.2716890242934e-18,7.35801078035214e-10,7.01269147677093e-17,4.98020659163756e-17,-3.11152829650345e-17,8.46221472568399e-17,2.63038607173817e-18,1.05800386261998e-16,3.67498261794568e-17,-7.45215714808431e-17,-8.97004531242538e-18,-4.84705452681301e-17,-7.31598657967002e-17,2.93064221780538e-17,-9.19501166594363e-18,3.69662746892221e-09,-5.42920002362573e-17,-6.76622563975606e-17,9.04614820602644e-17,-3.92806447091498e-16,-1.11052318360988e-08,2.81158609436598e-17,-4.76976278775364e-17,-7.80230610037059e-17,8.79005967966722e-17,-7.04941250058596e-17,-2.20565202084748e-18,1.37840172309687e-16,-1.95854239497482e-17,-6.25763632096146e-17,-5.88239934997899e-17,-1.08343978916885e-16,-1.06870052217256e-17,-5.85165018169417e-17,3.08581442755129e-17,3.86986303951673e-18,3.48022864559227e-17,-3.33684752856012e-16
"t896",-0.0436146390872021,-0.0633313108375232,0.0221859501442132,0.0283831909673475,0.00207868182420623,-0.000809071969219505,0.00443403842156564,7.39711911494425e-05,2.06588645441815e-05,3.14077931640015e-06,0.000115038230082188,-0.029746044173997,0.0608909503710802,-0.0119704828006049,-0.0129398233498788,-0.0238790864490114,-0.00275993928620515,0.181051080077581,0.00022488625412222,0.000127134976596645,-0.00292650234761308,0.000752314147438847,-0.0017978099182343,0.0325208696637008,-0.090532148494552,-1.01596049462405e-05,-3.99023348601512e-05,6.89661461162703e-05,-0.00260190521908435,0.00291345648298718,-8.81357707461539e-06,1.58455083029214e-05,-0.00680466807209452,-3.67985094770644e-05,-2.83912690246178e-06,-1.79676408516346e-05,-0.0251394596265673,-1.77917519398805e-06,-6.76033469563822e-06,4.6753453325696e-08,6.17192037342923e-05,-9.50203940648706e-06,0.000133172612400525,-8.021185635431e-06,0.000328242418192187,-9.83868171293627e-06,0.00109234105894807,-0.000177408323844678,1.90110033386656e-05,-3.66762450397138e-05,0.00042433283189468,-2.16927891994985e-05,3.04736847983829e-08,-6.90541251663268e-05,3.67111421839956e-06,-3.8437782312702e-05,1.40423402334084e-06,-9.29467352107951e-05,3.14905736067336e-05,-3.29718185876819e-05,-2.81737248655141e-05,4.31869214178928e-06,-0.000139824720856011,7.42559589544528e-05,-5.21960055527751e-06,0.000198570928992047,-7.00325225170379e-07,2.3802602432547e-05,-6.36093874059297e-05,2.36465137870883e-05,0.240857918495178,9.81983577326023e-05,-4.49582776045933e-06,-0.00529392478129229,0.00217542960429027,9.76848971931301e-08,-0.00057866955572635,1.18914019865799e-05,-4.85887700900984e-05,-6.02780575750292e-05,1.98869038491207e-05,0.00030712340524257,-5.16008606268153e-05,-0.000369678447960313,7.14099241745599e-05,0.041593039331313,0.0033488500403454,4.36786062450401e-05,1.33536196707118e-05,-0.00298757268692459,4.86851888784354e-05,-3.16233551360444e-06,-2.72263907279589e-05,0.00493300196191969,1.35515986383719e-06,0.00823302876516164,0.194458146329706,5.0316287682896e-05,-4.42177129368798e-05,-1.73315898541493e-06,1.69770171950345e-08,-6.17840042482661e-05,5.61563095637751e-08,6.12960899334583e-08,-3.35763877343673e-08,7.26234510891879e-05,-2.3489503672947e-06,1.07914584582101e-06,-4.17100666671262e-07,1.12159852298853e-07,5.11630852443838e-07,1.44795863315809e-06,-2.48598111972518e-06,3.02179629392273e-06,-1.61626043789516e-08,6.82336587027341e-07,-1.04524490178677e-06,1.21245597385817e-06,-1.32134541157307e-06,3.41215973402164e-06,-1.30844879319688e-05,3.41299004188782e-06,-3.38071944626514e-06,-9.30327648652368e-06,3.04684020200107e-06,-3.02800467822496e-05,3.08442506797776e-06,-1.00651491235332e-06,2.08689677799255e-06,6.89711671990471e-05,-0.000129977188385184,7.52858824913355e-06,-0.00061261505885902,-1.12029084661664e-06,5.26501899727824e-07,2.44956087876595e-06,-1.48792660314036e-08,-1.00834051769924e-05,3.17055099377958e-06,-9.12258216016565e-06,-5.84075855091709e-07,-2.26358149286373e-05,4.43071797090896e-06,2.82958711123014e-07,8.92698564533107e-07,-5.63989190596569e-08,-2.62693358818056e-06,4.00436551632344e-07,2.61807621296721e-08,-6.46716089332621e-08,-1.00510228872619e-05,-2.99856304701971e-07,-6.43313107693654e-06,2.411641774328e-06,-7.24691879383803e-07,-6.36189121272173e-08,9.60378498810278e-07,-0.00275885944796155,-9.96345667172326e-08,-4.64622111427722e-08,-0.00195587940828149,-1.39584352857018e-06,-1.04159038402483e-07,-2.40667615695388e-05,2.74574503905425e-06,-1.83793679786075e-05,2.00133707702241e-06,3.43097457536609e-08,1.70716983076247e-06,2.30052056901363e-06,-4.32602547598581e-05,-4.29710668323834e-06,5.41284691757939e-07,1.9483532311181e-07,5.40125529679655e-06,7.5468810788101e-08,4.78195410436566e-07,-2.04367102124685e-06,-1.28071627357262e-06,-4.03571887570326e-05,2.5587433558523e-05,8.0492531383342e-05,-1.1114700217963e-06,-2.8587931336549e-06,-1.4013672644407e-07,-1.7608734035124e-05,-5.04862330104246e-06,1.20130229040862e-06,5.40132118305535e-06,-4.75634908440951e-05,-1.41442333703935e-07,2.62190202104513e-07,1.04384876964172e-06,8.70862519826295e-07,1.78975251922637e-07,-2.5311375715984e-07,-4.66624978266856e-07,-2.36716758395763e-06,2.77729097987751e-07,1.18288761277774e-07,1.18005464266337e-07,1.96278069795106e-05,-3.19966805448697e-09,-0.000222366817554374,-2.94699064728931e-07,-2.87130189360877e-05,5.35022619045174e-07,1.99503666491866e-05,-4.03324912062382e-06,-9.36012877688144e-06,-1.82580105540969e-05,6.46167397232404e-05,-0.000358797492974011,-1.06357074975411e-06,-6.79498912021252e-07,-9.08384694081913e-07,1.4199163668425e-06,1.23676660906448e-07,-2.2836741484191e-07,-1.13721520195806e-06,-6.19973798539368e-06,5.01481843260928e-05,1.9343774209122e-06,6.25427162196332e-06,-1.59177426029742e-06,-8.14045343290933e-07,-8.58894087838749e-06,-5.93691952043775e-07,-9.30984962302129e-07,-7.40146475556082e-07,1.57307987003236e-05,5.19276054685412e-06,2.49364418431319e-07,4.17004752895688e-07,-2.19704757718923e-08,-3.5956983988623e-07,-1.86286545161898e-06,-3.46924079417735e-16,-2.79511747615775e-07,2.10007756197852e-05,-5.93678757153414e-07,-1.07165024006606e-05,-1.72176727566789e-06,2.05837529418772e-06,-3.34957845943868e-07,1.21665803235096e-05,-2.77458369144378e-08,1.82650790312603e-09,-4.67873854482052e-06,4.25282263675768e-06,-1.33542526890826e-07,1.82788721793956e-05,-8.50833168206149e-07,3.23089091078306e-07,-2.10853381722438e-08,5.74655845010029e-05,-5.27915802088384e-05,1.46863072635892e-05,4.70537408961398e-07,-9.1115228649586e-08,2.00263032901436e-06,-3.8910269314829e-07,4.28889595585115e-05,-3.45978194935834e-05,2.15627767548758e-07,-7.35442816646639e-08,4.82490111044081e-06,1.45842146391718e-05,-0.000787118410853804,7.7340702543601e-08,3.23112478363846e-08,-7.40657027154958e-08,1.0327581868373e-05,-8.11291416702111e-06,1.83448953409778e-06,-3.98729689325862e-05,1.94392870217124e-05,-8.25059042726946e-05,3.38124841849082e-06,-2.0005579964663e-06,6.84071152104631e-07,2.3319223800262e-16,-1.77108043737245e-06,-6.13015666528339e-08,-3.374292747187e-08,-0.00664422066237294,6.64423897846727e-08,-4.44532220153776e-08,-1.06313311491346e-06,1.35923078637559e-07,-1.08813856875213e-06,2.85393294233541e-06,1.06739286728688e-07,-1.01127868920588e-07,1.32374998594602e-06,-1.6197837953577e-06,0.000138493604879104,-8.56106428105326e-07,1.03198689187619e-05,5.17959086962382e-08,4.46947844535849e-07,2.41809830671843e-06,-2.38529317950373e-05,3.1994376534007e-05,-2.2929784541044e-06,3.23499450592135e-06,-1.19188501619945e-05,8.66744358643128e-07,7.92539104603955e-07,6.18204625572323e-06,-1.68884384980531e-05,-8.96251533942835e-07,1.24611020125405e-05,-5.44606915729732e-06,1.38757441043559e-07,1.36298482219707e-06,-3.01209591135373e-06,5.53242290898893e-16,9.67234708933119e-08,0.44368511435774,2.4720571252284e-05,-1.76853832862483e-05,-2.45211421106969e-05,-3.64464525544112e-06,-6.25619818561104e-06,7.0005324164765e-05,-1.76856434816172e-05,-6.17995773902038e-16,7.99533600604521e-06,9.30747131950455e-08,2.41018714397708e-07,-0.000426195120190914,-1.48684857517745e-06,9.36139190291266e-08,3.33989107241525e-06,-8.66461829500038e-07,4.63220654648584e-05,-6.33457948105886e-06,1.61037845432866e-06,3.64180356057313e-06,2.37026952664333e-07,4.6522580504307e-07,1.0131568823434e-05,-0.36615974217561,-1.22807521058908e-05,-2.51059237154321e-14,-1.80987040541337e-05,1.07606853304602e-06,4.93978648152784e-08,1.34737184718104e-07,-5.72124014832275e-07,-3.5017799260922e-07,1.41454653070785e-06,-1.00900983682904e-05,-1.23548277894068e-08,4.11841564243563e-16,-1.40126765832768e-08,-1.71020979866011e-06,-2.7196778441606e-09,-1.07724479181067e-15,-1.12211256231817e-08,-1.43515412104981e-07,2.41428075919254e-08,1.51396858928336e-08,6.16605002957617e-09,3.68217629288787e-09,1.41099125672329e-07,-4.5512239966107e-09,-4.89901687194119e-08,-8.23163418354942e-07,-1.13482749762101e-08,-1.14674979996826e-07,-1.85203729560187e-16,4.59278427301696e-08,-2.1367480213243e-08,-1.34334310347693e-07,1.26699520377371e-08,-9.05162620185046e-17,9.70933656647585e-09,-7.79302139692403e-09,1.89009280585713e-09,1.33580250246538e-09,2.31883203868891e-09,-2.32226370727009e-09,-4.22706592693289e-08,2.23030518506071e-08,-2.26062875254996e-16,1.35321976781942e-07,-1.86930043068629e-07,8.88134415396374e-07,2.0319859197363e-07,-2.07886858282475e-08,-1.42996855170348e-10,-1.56125112837913e-16,-1.46680191750997e-16,-1.57548650857681e-10,-1.55863525439449e-07,2.08120348354788e-08,-3.29547727224643e-08,2.00582840772005e-16,-1.88576827357069e-08,-2.41500265892286e-10,-1.15756558460172e-16,2.00101221547197e-15,1.29788931047507e-16,6.63997426288194e-08,2.02808957275129e-07,-3.32991995325704e-07,2.21519666211811e-07,1.12087978510771e-07,2.74105254503245e-07,-4.30717137296124e-05,-6.57265291087683e-16,-9.99174355840356e-07,9.12612618223748e-07,1.29942002562143e-16,-2.95754780950528e-15,-0.121418207456151,1.54358860031775e-10,4.73700830313838e-07,-2.55304096808578e-07,-1.90079770464685e-07,9.50668704075883e-09,6.8348370877362e-16,2.90504368549021e-08,4.2386615617596e-16,7.64738944837081e-08,-1.65479067081031e-15,1.16222258116367e-07,2.00483737362901e-18,-7.28307377900848e-08,-9.63761924360871e-08,-3.13471484894872e-09,-3.56853041518486e-08,-1.83895680023231e-07,9.82811842345645e-09,-7.27660595281667e-08,-6.28823666574239e-10,-2.99416428026051e-09,-7.37580451877741e-11,4.3711097275017e-09,-1.70166889817259e-06,-1.28397334594557e-08,-1.46848273239473e-09,-4.29771657506401e-08,1.0838573876255e-17,0.000507336388379277,-2.16146293646827e-07,5.17667950569507e-09,1.77940984969191e-15,7.68407335245066e-10,2.37482937412935e-08,8.96027775445826e-08,-9.57457823907069e-17,-7.97612680515129e-06,-1.25163787473724e-08,1.50766889842995e-16,-1.71109964525553e-08,3.10422419843338e-07,-2.15627323858374e-16,1.49924517172526e-16,-6.23886201438336e-07,-9.28012631012109e-09,-5.38864646627855e-11,-7.63605799726464e-08,2.12094829565186e-08,2.26052661223551e-06,6.05023751957085e-09,7.78962425001039e-08,-1.37102410510767e-07,-2.04128164024708e-15,3.15865840605519e-09,1.97640888365406e-10,5.49678821095821e-10,5.19138131260058e-08,5.3687586348005e-16,-3.89510077839802e-16,1.72860660016724e-08,2.33105273685074e-16,5.60344788880306e-17,1.16761682644621e-07,-1.32203347214003e-07,-2.70516059433327e-07,-1.5243255229783e-09,7.01501723668673e-06,4.84107106157491e-08,4.19605108239458e-09,-5.42458910567153e-18,1.1127086513179e-08,5.28846653317703e-10,2.44591702039587e-09,-0.000205939900686732,1.06511562715257e-06,1.08934092669482e-16,-1.92197153244667e-17,3.07234692022171e-16,-8.73364527665624e-09,-4.70261347632515e-08,-2.47527750814433e-08,-1.69481033029011e-16,-1.19371712408877e-06,-1.31367469487548e-16,4.67258845784426e-17,5.65141911174961e-07,-1.24154414131278e-08,-6.2233204700668e-17,-3.08733632163749e-08,-5.77999673713626e-06,-7.50788692778995e-16,4.84737171830583e-08,2.61287912973346e-16,1.31371727747569e-08,2.36733662593816e-16,1.31352320046779e-08,1.14063528044086e-07,3.41321970231891e-05,3.86265136710532e-09,2.66688984490615e-08,-9.36281743530842e-08,3.78565811432083e-08,-1.08105255344249e-16,1.75827762103996e-06,-1.58711854097832e-07,-7.59310967655339e-17,-1.3133173892983e-08,-3.87142860294983e-08,6.27353130488413e-08,3.78500094570637e-16,2.95048335217068e-08,1.39757051923912e-05,-1.47223895010365e-16,-9.72245412034151e-08,-2.1568617278465e-08,-4.0657770270659e-07,-3.8190728154095e-16,4.65835777663119e-16,2.05390063133052e-08,6.32710897365005e-09,5.12523252583409e-10,-5.85934938042424e-08,3.86503124975752e-09,-4.8822712310287e-17,-6.72714459503751e-18,1.41487236507773e-08,9.75597621000479e-11,-2.35105402660481e-16,3.43609834323228e-08,1.24303841208049e-16,1.9701202490697e-07,-6.64345799064864e-09,-3.88333545595263e-09,-2.57874777321983e-08,-1.48084668902953e-14,-1.99491505546594e-17,-1.92081132460727e-16,-1.72340391821902e-15,-7.50858739355187e-07,-5.0616880739923e-08,-2.02488850814483e-16,2.85209295822222e-16,-4.42572416666609e-16,1.13908339908722e-07,6.44422807856103e-10,-5.67891973431275e-08,9.60539079307689e-17,-1.40875809281904e-15,-7.43085063967253e-16,-2.26911241232646e-07,7.67640320478431e-08,1.41242708241294e-16,8.91128935319167e-09,-0.00039839149427201,8.21637647718881e-17,1.72271482716473e-16,-2.12770403631425e-08,-2.18575030990072e-10,-1.0705245201259e-08,5.63749252441176e-17,1.21873193884257e-08,1.78316555552637e-08,1.92405641259688e-08,-1.76569921349371e-08,-6.29994582049524e-08,5.38293738244868e-09,-4.43811734355678e-17,-1.03058037323081e-15,-5.09934714892544e-16,1.03971804399538e-07,-1.49817243615425e-07,-5.13605142786978e-09,-4.07928168943515e-09,1.15733502701902e-16,1.30446544219116e-16,-4.88725533304427e-16,4.84041475887693e-16,1.71798564772011e-16,5.09013308815362e-07,-8.97174633615044e-17,-2.99718629347559e-16,-3.19354718418339e-09,-2.07623218453813e-16,-2.85932042270159e-09,-9.66959423985667e-17,-3.54606496081859e-09,2.70336423322755e-16,-4.32147248545651e-09,-5.41640958288367e-10,-3.42647410946002e-07,-1.46950767988925e-16,1.74721161941744e-08,-9.35327929422599e-17,2.49412633061525e-08,-1.14375412492048e-06,2.44389268360817e-10,-9.95251524068615e-16,3.57926400130021e-08,2.7170419786445e-16,-8.83941687280084e-09,-4.99046178296662e-08,-2.40732420628491e-16,2.05109081806524e-17,-5.20330562380495e-16,-1.21832059630529e-17,-1.68177377951786e-10,-2.1922359311267e-09,-4.90092258732586e-10,6.66148164826257e-17,7.21240441000043e-17,-1.84014682782682e-06,2.93911582046561e-07,-2.89700168940914e-16,2.0540572381971e-16,-2.26179763868637e-09,-1.15758378573976e-16,-1.60519266250207e-08,8.71488803814815e-16,1.52181973473564e-07,5.31292897104192e-16,-2.09670221324095e-16,4.67831885472268e-17,4.40387215810183e-16,-4.78652229821872e-16,1.41753263752287e-15,2.0382023886387e-08,-1.42558411224052e-07,2.85440017399889e-16,-1.37243585716439e-08,5.22676599207341e-08,4.89872655599963e-16,-1.03759542312733e-16,1.857712289246e-15,-8.31728693316277e-17,5.17896744255968e-09,8.29206024304976e-10,-3.15892650334406e-16,-5.9581856032534e-17,-9.42844526683017e-09,-3.36388241655001e-08,-1.795437269545e-07,2.38629689240943e-16,-6.27242889462857e-16,2.74628103732463e-16,-6.4187805101175e-16,1.43204150444887e-15,5.6761751921622e-16,2.0064739462543e-08,-1.8993484720557e-08,-3.65515577481633e-09,-3.95558476946158e-17,1.2192208400526e-15,2.12940102015377e-15,1.16536493968123e-15,7.18467790339279e-17,2.52900486524893e-15,1.28336443884792e-15,1.26908798451872e-15,4.48399456312319e-16,-2.45316093034704e-16,2.35692864751981e-15,-1.74392515050336e-17,-6.67020874070017e-17,2.22890349681545e-15,1.40390955875549e-08,1.64380856718085e-15,-3.64019012695009e-15,-1.44295881121477e-15,3.16510845996837e-07,-3.47047843760143e-10,2.87799047700827e-15,-5.14009871907126e-09,2.89994014171357e-07,-2.32709820353015e-15,1.15395330226879e-14,-5.10200501479174e-08,-6.37272833182356e-15,7.17836830143025e-09,-0.707106781184758,2.17818590364282e-15,-4.51839446549777e-15,1.00358783384132e-14,6.42359353301626e-10,-8.82373053944629e-08,-2.58012318763757e-15,2.36191940110229e-15,1.28104264267928e-15,2.45930211972097e-15,3.29326409892472e-16,4.77852920204084e-16,5.72789927111459e-16,-1.12417657951249e-15,7.44928582841019e-09,-2.59926866824518e-16,-9.58040632176407e-17,1.14770400295207e-15,-8.67411074162995e-16,-3.86692770185947e-16,9.31588400229003e-16,-2.13509397468178e-08,1.79383933127234e-16,3.22828344771787e-16,1.59288032770193e-08,-2.38804188029924e-16,2.79817215089708e-15,-1.30403326711303e-15,-5.72208253722688e-16,0.000101974039713625,1.92842921650463e-16,-9.83221627302214e-09,4.6989890759069e-16,-1.09184165364292e-15,2.39420383079463e-16,1.54563713478768e-15,5.65348911150406e-18,1.59460890742496e-18,3.57152535882543e-10,-2.03168955940944e-17,1.84643902611444e-16,1.3941466610408e-08,-4.4692440574556e-08,2.03093687814242e-16,3.13630135353342e-08,4.59595516283474e-09,4.78074813173688e-16,-6.14337059052518e-16,-9.31755713626913e-16,4.2520327921048e-17,-2.54893126851607e-16,-7.77730042262428e-09,-6.05405749786624e-16,-6.34080821732589e-16,7.35520061907198e-17,3.11939220771432e-09,-1.10473060341872e-16,2.45316628443107e-16,-1.58125648225875e-16,-1.42436496069423e-16,-1.42465217503287e-09,-3.39765562535994e-16,1.49776326585601e-07,-1.77648088236046e-16,8.54735659989433e-17,-8.19562097364132e-17,-3.59419497961928e-16,-6.19571924338695e-17,1.51372520535764e-16,-2.32336688987698e-17,-5.15555673630142e-08,-1.93208629001747e-16,-2.81084797024302e-16,3.44820127061646e-08,3.00330484031823e-17,-7.65601394168917e-16,1.8220391209478e-17,-3.39537549518149e-16,-1.04044900574033e-16,1.16275599038982e-18,-2.2856164014207e-08,-9.61632868463738e-17,6.69076602174131e-17,7.47383245887502e-08,-7.29943986505999e-16,-2.10664649117029e-16,-6.07453443169846e-16,-3.33942850671622e-16,4.38011453407133e-17,1.46923475227161e-16,3.78499377134141e-16,1.83093164626024e-16,-1.44233059125329e-16,-5.5068368647582e-16,-4.86443806415989e-17,-3.93909908125809e-08,8.22320625581563e-08,3.0055059228435e-16,1.4380668405978e-16,2.33196651370089e-17,2.45467885061376e-16,-6.91612565828503e-16,-1.4527018838925e-16,-2.12975755173163e-16,-2.86813325429225e-16,-1.03589475926699e-09,-7.11062242860465e-17,-1.0585536494198e-16,-1.47574085017614e-16,2.10592350273237e-19,1.32980147519973e-09,-1.97747570917134e-16,-1.45869357046957e-09,-7.22861690666799e-18,-1.74820106009915e-17,5.65671953510855e-16,-7.45113962455253e-17,-3.97824046095104e-16,-2.91070975789873e-16,5.07083715341768e-17,3.578065314035e-16,-5.20658520553216e-16,-6.1953667481218e-17,2.06176033393102e-16,1.06751326575919e-16,-5.44529134597966e-17,-2.76135252546177e-16,-2.04162247981428e-17,3.34320741990747e-17,8.50979429513061e-17,1.80902078372409e-16,1.86245761660035e-16,1.2761845767435e-16,-3.90312782094782e-17,-2.17210667144096e-16,6.24047795214316e-18,1.40658232049708e-16,3.4148242860341e-16,1.01683574046097e-10,-9.95756016518131e-17,-7.70501154882724e-18,9.45688662261185e-17,-2.79445616342369e-16,1.2260672015422e-17,-1.09541035687385e-16,-1.2502565887094e-17,-3.09318781322397e-16,5.09721896232553e-17,1.16917895856749e-16,-1.60136660876109e-16,8.64711225413784e-18,-2.06762318253193e-16,6.46561021080157e-17,-1.25239509150573e-16,-3.41442505649254e-16,5.77132206306285e-16,-1.31799809265565e-09,6.57762057368974e-17,1.31343031281934e-17,-2.6018970304174e-17,-1.45622605991103e-16,2.08201517031793e-17,2.14425459337908e-18,8.51739078022827e-18,2.4062240419904e-17,8.41510803639797e-17,2.81267363343351e-10,1.09313039664614e-16,5.28711263412907e-17,7.46140831868591e-17,9.65843181839699e-17,6.66026968709653e-17,-2.41391298773609e-16,2.03036243928248e-17,7.37519656334943e-17,-6.53201223791645e-17,1.73861589857064e-17,1.19353373949432e-16,-1.5951886146923e-17,5.63300605432667e-17,1.42911693855362e-09,-8.72576531634994e-18,1.2017415330213e-18,1.95332155482822e-16,-3.08563938289375e-16,-4.31558573171201e-09,-5.68805535801047e-17,-6.91291594565136e-17,-8.00286529383654e-17,9.46013609339271e-17,-8.09068016661844e-17,-2.93253791166224e-17,1.6655552304365e-16,1.00628467148951e-16,8.48874537482834e-17,5.12370540504354e-17,6.89587332840954e-17,9.94433089167114e-17,-1.75457233170185e-17,-1.62557619429954e-17,-3.90685569517133e-17,3.94201263244992e-17,-1.98891542409723e-16
"t493",-0.0436146390872018,-0.0633313108375221,0.0221859501442128,0.0283831909673469,0.00207868182420616,-0.000809071969219467,0.00443403842156551,7.39711911493979e-05,2.06588645441817e-05,3.14077931634795e-06,0.000115038230082211,-0.0297460441739947,0.0608909503710753,-0.011970482800604,-0.0129398233498776,-0.0238790864490093,-0.00275993928620483,0.181051080077564,0.000224886254122186,0.000127134976596629,-0.00292650234761276,0.000752314147438735,-0.00179780991823405,0.032520869663696,-0.0905321484945389,-1.01596049462172e-05,-3.99023348601253e-05,6.89661461162603e-05,-0.00260190521908392,0.0029134564829866,-8.81357707459572e-06,1.58455083028895e-05,-0.00680466807209296,-3.67985094770717e-05,-2.83912690242706e-06,-1.79676408516454e-05,-0.0251394596265605,-1.77917519397948e-06,-6.76033469560468e-06,4.67534532936709e-08,6.17192037342934e-05,-9.50203940648374e-06,0.000133172612400473,-8.02118563544739e-06,0.000328242418192041,-9.83868171296208e-06,0.00109234105894776,-0.000177408323844632,1.90110033386514e-05,-3.66762450397008e-05,0.000424332831894491,-2.16927891994961e-05,3.04736848050681e-08,-6.90541251663246e-05,3.67111421840535e-06,-3.84377823126975e-05,1.4042340233155e-06,-9.29467352107709e-05,3.1490573606733e-05,-3.29718185876161e-05,-2.81737248655016e-05,4.31869214174742e-06,-0.00013982472085595,7.42559589544201e-05,-5.21960055528248e-06,0.000198570928991931,-7.00325225158651e-07,2.3802602432554e-05,-6.36093874059497e-05,2.364651378705e-05,0.240857918495028,9.81983577324262e-05,-4.49582776044112e-06,-0.00529392478128871,0.00217542960428884,9.76848972095733e-08,-0.000578669555726024,1.18914019865397e-05,-4.85887700900676e-05,-6.02780575749857e-05,1.98869038491256e-05,0.000307123405242329,-5.16008606267446e-05,-0.000369678447960038,7.14099241745157e-05,0.0415930393312779,0.00334885004034251,4.3678606244998e-05,1.33536196706769e-05,-0.00298757268692198,4.86851888783817e-05,-3.16233551365258e-06,-2.72263907279387e-05,0.00493300196191514,1.35515986385681e-06,0.00823302876515373,0.194458146329518,5.03162876828031e-05,-4.42177129367633e-05,-1.73315898538544e-06,1.69770171997781e-08,-6.17840042482236e-05,5.61563095418905e-08,6.12960898698519e-08,-3.35763877436128e-08,7.26234510891685e-05,-2.34895036731012e-06,1.07914584577053e-06,-4.17100666613982e-07,1.12159852296088e-07,5.11630852409667e-07,1.44795863311026e-06,-2.48598111970596e-06,3.02179629396922e-06,-1.61626044123476e-08,6.82336587055179e-07,-1.04524490171361e-06,1.21245597374785e-06,-1.32134541157297e-06,3.41215973400787e-06,-1.30844879319115e-05,3.4129900418619e-06,-3.3807194462584e-06,-9.3032764864668e-06,3.04684020204844e-06,-3.02800467822533e-05,3.08442506818073e-06,-1.00651491234384e-06,2.08689677797332e-06,6.89711671989287e-05,-0.000129977188385034,7.52858824912401e-06,-0.000612615058858163,-1.12029084662825e-06,5.26501899698076e-07,2.44956087875031e-06,-1.48792660360058e-08,-1.00834051769508e-05,3.17055099376096e-06,-9.12258216017299e-06,-5.84075855084019e-07,-2.26358149285793e-05,4.43071797095234e-06,2.82958711130403e-07,8.9269856452475e-07,-5.63989191492397e-08,-2.62693358819436e-06,4.00436551657111e-07,2.61807621185424e-08,-6.4671608940239e-08,-1.00510228875357e-05,-2.99856304624575e-07,-6.43313107693738e-06,2.41164177437732e-06,-7.24691879355369e-07,-6.36189121534944e-08,9.60378498814328e-07,-0.00275885944795663,-9.9634566593928e-08,-4.64622111817022e-08,-0.00195587940827786,-1.39584352849749e-06,-1.04159038352199e-07,-2.40667615694508e-05,2.74574503900461e-06,-1.83793679786135e-05,2.00133707695818e-06,3.43097457534081e-08,1.70716983081095e-06,2.30052056892104e-06,-4.32602547597779e-05,-4.29710668325643e-06,5.41284691915639e-07,1.94835323054934e-07,5.40125529683404e-06,7.54688107866867e-08,4.78195410299707e-07,-2.04367102116885e-06,-1.28071627360748e-06,-4.0357188757048e-05,2.55874335584653e-05,8.04925313832542e-05,-1.11147002178737e-06,-2.85879313362226e-06,-1.40136726463463e-07,-1.76087340350851e-05,-5.04862330106785e-06,1.2013022904133e-06,5.40132118303995e-06,-4.75634908439772e-05,-1.41442333687393e-07,2.62190202061193e-07,1.04384876970423e-06,8.70862519791126e-07,1.78975251796342e-07,-2.53113757240296e-07,-4.66624978248559e-07,-2.3671675838678e-06,2.77729097984451e-07,1.18288761290023e-07,1.18005464256533e-07,1.96278069794531e-05,-3.19966796923643e-09,-0.000222366817553828,-2.94699064613729e-07,-2.8713018936018e-05,5.35022619118525e-07,1.99503666490318e-05,-4.03324912071827e-06,-9.36012877688449e-06,-1.82580105540612e-05,6.46167397230297e-05,-0.00035879749297308,-1.0635707496818e-06,-6.7949891207989e-07,-9.08384694214074e-07,1.41991636678678e-06,1.23676660889326e-07,-2.28367414806652e-07,-1.13721520193576e-06,-6.19973798543362e-06,5.01481843259665e-05,1.93437742101843e-06,6.25427162194392e-06,-1.59177426034409e-06,-8.14045343238397e-07,-8.58894087833518e-06,-5.93691952032441e-07,-9.30984962297005e-07,-7.40146475510703e-07,1.57307987002989e-05,5.19276054681524e-06,2.4936441843892e-07,4.17004752851081e-07,-2.19704758046166e-08,-3.59569839856803e-07,-1.86286545160545e-06,-1.62470858478266e-16,-2.79511747600752e-07,2.10007756196499e-05,-5.93678757119702e-07,-1.07165024006621e-05,-1.72176727570678e-06,2.05837529423241e-06,-3.34957845961922e-07,1.21665803234565e-05,-2.7745836921161e-08,1.82650782493777e-09,-4.67873854483921e-06,4.2528226367962e-06,-1.33542526943312e-07,1.82788721793447e-05,-8.50833168211768e-07,3.23089091015087e-07,-2.10853377407313e-08,5.74655845006876e-05,-5.27915802085675e-05,1.46863072634335e-05,4.70537408998326e-07,-9.11152286816952e-08,2.00263032904407e-06,-3.89102693180605e-07,4.2888959558268e-05,-3.45978194933302e-05,2.15627767589861e-07,-7.35442816860476e-08,4.8249011104306e-06,1.45842146391655e-05,-0.000787118410850454,7.73407026126318e-08,3.23112478101635e-08,-7.40657027404264e-08,1.03275818683662e-05,-8.11291416707774e-06,1.83448953406469e-06,-3.98729689323423e-05,1.94392870215705e-05,-8.25059042723716e-05,3.38124841848481e-06,-2.00055799640859e-06,6.84071152160013e-07,2.00240157746061e-16,-1.77108043749044e-06,-6.13015667962452e-08,-3.37429274853431e-08,-0.00664422066234142,6.64423896833687e-08,-4.44532220728763e-08,-1.06313311490579e-06,1.35923078718436e-07,-1.0881385686966e-06,2.85393294228174e-06,1.06739286672404e-07,-1.01127868908886e-07,1.32374998596542e-06,-1.61978379534691e-06,0.000138493604878464,-8.56106428142519e-07,1.03198689185139e-05,5.17959087248406e-08,4.46947844560708e-07,2.41809830680629e-06,-2.38529317949649e-05,3.19943765338604e-05,-2.29297845407736e-06,3.23499450588975e-06,-1.19188501619517e-05,8.66744358619949e-07,7.92539104695644e-07,6.18204625567686e-06,-1.68884384977773e-05,-8.96251534016996e-07,1.24611020124089e-05,-5.44606915720837e-06,1.38757440990747e-07,1.36298482241612e-06,-3.01209591140657e-06,5.12429821296303e-16,9.6723470717195e-08,0.443685114354874,2.47205712522767e-05,-1.76853832862277e-05,-2.45211421105727e-05,-3.64464525534067e-06,-6.25619818559261e-06,7.00053241643132e-05,-1.76856434815542e-05,-6.64395503262201e-16,7.99533600581764e-06,9.30747131540222e-08,2.41018714310478e-07,-0.000426195120187931,-1.48684857521493e-06,9.36139187660222e-08,3.33989107231253e-06,-8.66461829442053e-07,4.63220654644786e-05,-6.33457948110769e-06,1.61037845450248e-06,3.64180356064009e-06,2.37026952617488e-07,4.65225805570534e-07,1.01315688235013e-05,-0.366159742172879,-1.22807521058102e-05,-2.53483410447718e-14,-1.80987040538543e-05,1.07606853096869e-06,4.9397864760989e-08,1.34737184897883e-07,-5.72124014896473e-07,-3.50177992700241e-07,1.41454653076809e-06,-1.00900983680323e-05,-1.23548278112144e-08,4.05107822483455e-16,-1.40126765942432e-08,-1.71020979875412e-06,-2.71967771733694e-09,-8.98978928889575e-16,-1.12211256557861e-08,-1.43515411984872e-07,2.41428077273683e-08,1.5139685764559e-08,6.16604988058788e-09,3.68217611591237e-09,1.41099125639605e-07,-4.55122412301784e-09,-4.89901684819972e-08,-8.23163418385932e-07,-1.13482747543774e-08,-1.1467498009238e-07,-1.89787204147992e-16,4.59278429143903e-08,-2.13674802035869e-08,-1.3433431035488e-07,1.26699520032924e-08,-1.2946415537007e-16,9.70933655583923e-09,-7.79302083346416e-09,1.89009293202645e-09,1.33580271925594e-09,2.31883200625321e-09,-2.32226350792822e-09,-4.22706591591339e-08,2.23030514785752e-08,-1.08655823895612e-16,1.35321976849919e-07,-1.86930043054182e-07,8.88134415561428e-07,2.0319859194294e-07,-2.0788685894989e-08,-1.42996745451765e-10,-3.15719672627779e-16,-8.74133876221671e-17,-1.57548760086098e-10,-1.55863525179918e-07,2.08120349222688e-08,-3.29547727441145e-08,2.71407830962196e-16,-1.88576828265828e-08,-2.41500350213768e-10,7.09872272930244e-17,2.58386853519748e-15,3.45705312738546e-17,6.63997430295128e-08,2.0280895728382e-07,-3.32991995403401e-07,2.2151966643037e-07,1.12087978590978e-07,2.74105254536319e-07,-4.30717137290845e-05,-6.51997770123875e-16,-9.99174355692114e-07,9.12612618182405e-07,-1.63809106539759e-16,-3.0840268408203e-15,-0.121418207454669,1.54358986881219e-10,4.73700830126486e-07,-2.55304096824456e-07,-1.90079770580577e-07,9.50668713105996e-09,4.2018521118517e-16,2.90504369345967e-08,3.37300961120995e-16,7.64738944042386e-08,-1.44895488836394e-15,1.16222257943661e-07,3.53975527034371e-16,-7.28307377963993e-08,-9.6376192458917e-08,-3.13471474261856e-09,-3.56853040580247e-08,-1.8389568007137e-07,9.82811807781761e-09,-7.27660595984784e-08,-6.28823642556524e-10,-2.99416417574672e-09,-7.37581685131062e-11,4.37110920451677e-09,-1.701668898209e-06,-1.28397330377995e-08,-1.46848284776733e-09,-4.29771660685466e-08,-4.99551750998095e-17,0.000507336388371843,-2.16146293667983e-07,5.17667945860288e-09,1.50320703719079e-15,7.68407853213687e-10,2.37482937247561e-08,8.96027776720197e-08,2.26902061913476e-19,-7.97612680519767e-06,-1.25163792296377e-08,1.68499252771911e-16,-1.71109963758822e-08,3.10422419957275e-07,-8.85788219140733e-18,5.19782902185555e-17,-6.23886201279468e-07,-9.28012606229713e-09,-5.38861590662147e-11,-7.63605801393995e-08,2.12094829450214e-08,2.26052661226215e-06,6.05023746927903e-09,7.78962426238964e-08,-1.37102410376891e-07,7.00340393317012e-16,3.15865808626413e-09,1.97640866854811e-10,5.49679111874305e-10,5.19138131513912e-08,4.12675531669418e-16,7.59598736654285e-17,1.7286066118763e-08,1.20158235654313e-16,5.76397475600933e-17,1.16761682441577e-07,-1.32203347559563e-07,-2.70516059339979e-07,-1.52432580854794e-09,7.01501723672675e-06,4.84107104762701e-08,4.19605098448066e-09,-1.90531395868762e-17,1.11270864426283e-08,5.28846348420545e-10,2.44591698365334e-09,-0.000205939900682591,1.06511562724231e-06,-2.74560763161656e-16,9.25666711729116e-17,3.46480842028875e-16,-8.73364529006332e-09,-4.70261345947754e-08,-2.47527749178125e-08,1.12662240990975e-16,-1.19371712398931e-06,5.76968914851534e-16,-2.87031858005331e-17,5.65141911169036e-07,-1.24154412593516e-08,1.78893358460108e-16,-3.08733631121782e-08,-5.7799967370529e-06,-5.52982782672125e-16,4.84737171721051e-08,-1.3029347444649e-16,1.31371731231864e-08,1.51033027077492e-17,1.31352320206076e-08,1.14063527960808e-07,3.41321970226583e-05,3.86265146583689e-09,2.66688982887474e-08,-9.36281742306506e-08,3.78565813685332e-08,-5.45766202554866e-18,1.75827762127338e-06,-1.58711854181942e-07,6.11130199065697e-17,-1.31331738707377e-08,-3.87142858558507e-08,6.27353130828422e-08,-3.90372922480938e-16,2.95048332263385e-08,1.39757051921462e-05,-1.27546475471209e-16,-9.72245408000954e-08,-2.15686180350116e-08,-4.06577702509844e-07,4.07667931505583e-16,-4.21748936494915e-16,2.05390061725952e-08,6.32710934823386e-09,5.1252307395153e-10,-5.85934939323111e-08,3.8650312618367e-09,2.06173526751974e-16,2.00642525570716e-16,1.41487232435265e-08,9.7559556227889e-11,3.17274765138354e-16,3.43609836224944e-08,-2.33730300677758e-17,1.97012024872606e-07,-6.64345828742973e-09,-3.88333497843395e-09,-2.57874773483365e-08,-1.48710830097708e-14,-3.43483884776532e-16,2.8445772795575e-16,-1.45797955156544e-15,-7.50858739587709e-07,-5.06168797956738e-08,2.52440560384777e-16,-1.91152596045299e-16,2.59942891223978e-16,1.13908339692035e-07,6.44422447744003e-10,-5.67891972412083e-08,1.04184722443434e-16,1.84271001235636e-15,4.42571326808583e-16,-2.26911240830834e-07,7.67640320129735e-08,7.71148216591087e-17,8.91128942940179e-09,-0.000398391494256991,8.7863524791425e-17,-1.09874199121195e-16,-2.12770400098395e-08,-2.18575249110507e-10,-1.07052457347938e-08,-2.14032100370777e-16,1.21873196241172e-08,1.78316556157749e-08,1.92405639915308e-08,-1.76569914874342e-08,-6.29994581160469e-08,5.38293721532266e-09,9.83444847160553e-18,-3.22303278977234e-16,6.75202911668028e-16,1.03971803554154e-07,-1.49817243514518e-07,-5.13605113926992e-09,-4.0792820495466e-09,-6.00828418588044e-16,2.04022173922542e-16,4.2870799576514e-16,-4.43736704450458e-16,-4.21286638646515e-16,5.09013309040999e-07,9.4950217688154e-18,4.26371728186201e-16,-3.19354758427777e-09,2.11521610719645e-16,-2.85932034265431e-09,1.23995865321212e-16,-3.54606425087473e-09,-1.24260603168417e-16,-4.3214730539947e-09,-5.41640313149393e-10,-3.42647410551071e-07,1.57120324572656e-16,1.74721158711215e-08,5.51133458703049e-17,2.49412631938734e-08,-1.14375412516286e-06,2.44391249647119e-10,6.89018314672119e-16,3.57926401960463e-08,-3.81218865189899e-16,-8.8394173459286e-09,-4.99046170063725e-08,1.57538737220539e-16,4.44519644519562e-17,6.99507131019709e-16,-2.89286680276325e-16,-1.68178515403647e-10,-2.19223698340607e-09,-4.9009229221654e-10,-5.67308306801545e-17,1.37148105852264e-17,-1.84014682836389e-06,2.93911581548695e-07,4.13009509601176e-16,-3.61054888811209e-16,-2.26179973567445e-09,1.09483702795651e-16,-1.60519257650946e-08,-9.95740986384913e-16,1.52181973158107e-07,-5.40850261897707e-16,-5.30034338132476e-16,-8.3242726808481e-17,-5.18696335510037e-16,4.31064395346066e-16,-1.49853752559376e-15,2.03820253541108e-08,-1.42558410711279e-07,-1.85911789140549e-16,-1.3724358869224e-08,5.2267660099114e-08,-8.64870607929297e-16,1.7585196616206e-16,-1.82942424655611e-15,2.35151882467666e-16,5.17896710680736e-09,8.29208009886889e-10,3.27214295432222e-16,1.32942672974745e-16,-9.42844527400526e-09,-3.36388239709618e-08,-1.79543726719463e-07,-1.1533287012831e-16,5.24383929914586e-16,-3.07717861398414e-16,7.82097390183756e-16,-1.20851807164667e-15,-4.20315107509255e-16,2.0064741365121e-08,-1.89934802107847e-08,-3.65515525134328e-09,1.23740714513644e-16,-1.15415880368904e-15,-2.38465691323348e-15,-1.11330030758409e-15,-1.02516735769884e-16,-2.49968875650738e-15,-1.23299452255906e-15,-1.10890568951026e-15,-4.86204423427961e-16,2.93001332312518e-16,-2.41162376626075e-15,-9.32575170724213e-17,1.44574845645344e-16,-2.25969969946102e-15,1.40390910908783e-08,1.70099613275191e-15,4.15218782038887e-15,8.60359593384206e-16,3.16510844504143e-07,-3.47042765743293e-10,-2.80866318265827e-15,-5.14009363029182e-09,2.89994016897291e-07,2.31603727156004e-15,-1.15413024048942e-14,-5.10200411764141e-08,5.96002634799092e-15,7.1783449679291e-09,0.707106781188338,-2.10374925634757e-15,4.35040482246434e-15,-1.00977597795908e-14,6.42365231816437e-10,-8.82373016109182e-08,2.71745071027159e-15,-2.57534001583276e-15,-1.26639997443348e-15,-2.43115440935858e-15,-6.51822346098285e-16,-3.83204509665441e-16,-5.41457567880039e-16,1.1231887514948e-15,7.44928451577892e-09,2.46775488777518e-16,3.06367636854848e-17,-1.12824503242321e-15,7.69763653821959e-16,2.07270389905085e-16,-8.69677984084051e-16,-2.1350939770486e-08,-9.56481321845525e-17,-3.20546161848505e-16,1.59288041402085e-08,2.98471292306321e-16,-2.66511970301044e-15,1.37411213832551e-15,5.85992641117478e-16,0.000101974039728733,-1.86512856289692e-16,-9.8322167584729e-09,-5.10487589738929e-16,1.05511415211912e-15,-3.57499771097839e-16,-1.66840863126156e-15,-6.31136305813087e-18,-2.16003963557896e-16,3.57152241008067e-10,-9.97582059827543e-16,-1.48466721190811e-16,1.39414680944873e-08,-4.46924408183905e-08,-2.14292841615021e-16,3.13630138963866e-08,4.59595610434702e-09,-5.64502186538248e-16,2.8414074757061e-16,8.61412453017055e-16,-1.94907519676468e-17,6.32141899564796e-16,-7.77730057236008e-09,5.31819146893867e-16,8.57578079700134e-16,3.18183901841789e-17,3.11939212856614e-09,5.97376602187794e-17,-4.87900653329273e-16,-7.63955503737669e-17,1.83090584498424e-16,-1.42465161054398e-09,2.46020556313969e-16,1.49776326596068e-07,1.44338421288978e-16,4.69302182004013e-17,1.67150247289088e-16,2.71879311327787e-16,2.72591100090314e-17,4.16178978873218e-17,-2.97147281789891e-17,-5.15555669042264e-08,2.11441840899057e-16,2.27662227121337e-16,3.44820127170424e-08,-6.73343621203904e-17,6.48968741917327e-16,1.91661364270936e-16,3.58684367266132e-16,5.62522097646119e-17,9.9241871229687e-17,-2.28561639411914e-08,1.03019529280844e-16,-2.8296145090314e-16,7.47383244426105e-08,2.10683651080584e-16,3.32447758204715e-16,2.69591175756606e-16,-1.29402508612141e-16,4.08453766904755e-17,-9.91627868825298e-17,-3.00301714512853e-16,-1.34223885957098e-16,6.81911506989444e-18,4.93162517863294e-16,-2.93837018990588e-17,-3.93909902339476e-08,8.22320621708338e-08,-1.32545993428683e-16,-4.7062695062041e-17,2.30350318463178e-17,-2.45900545464485e-16,5.36571655163076e-16,1.84722983715952e-16,1.27832581024757e-16,1.35426532000053e-16,-1.03589452324918e-09,6.96757618914515e-17,7.11292834118496e-17,-3.25115559699757e-18,4.64668995615941e-17,1.32980111785718e-09,-3.41742364877947e-16,-1.45869335200996e-09,1.08477540733439e-16,1.40297074116797e-16,-4.46857848448143e-16,5.29120421271625e-17,4.84513929428241e-16,2.11796277170357e-16,-5.63315988964989e-17,-4.6833489292856e-16,5.22918012880812e-16,-2.42577069680828e-17,-3.26307512365403e-16,-1.06099586490746e-16,8.90352571302118e-17,-6.11217213140433e-17,4.74109697052183e-17,6.22357877731504e-17,-6.6899201076152e-17,-1.34053221420771e-16,-1.72470759728236e-16,-3.09397393461005e-17,-1.69298169233612e-16,2.61830451060278e-16,-9.19611338208838e-17,-9.43986540827014e-18,-3.46546548884735e-16,1.01683568054987e-10,1.82980801832947e-16,3.78314796955696e-17,-3.85804362154264e-17,-9.16945130931403e-17,-6.21836131026435e-17,9.54715078324943e-17,-5.36373849378749e-17,2.19443440927086e-16,-1.85883855596961e-18,-1.31563410217496e-16,2.04588949948015e-16,-2.27560572286737e-17,1.74830610402147e-16,-1.07707248093315e-16,2.27458983000189e-16,2.55484575533894e-16,-5.88613087286327e-16,-1.31799819667244e-09,1.92611828360526e-17,6.65327093530767e-17,3.89010782977712e-18,1.95443067952695e-17,4.05559756747907e-17,-6.4099978238161e-17,8.77180808452643e-18,-2.26631212866407e-16,-1.20529179832745e-16,2.81267344898539e-10,2.37790997104123e-16,4.3689933233178e-17,-1.52197959429938e-16,-4.34383223216757e-17,-1.21040710580912e-16,-5.0591065812055e-16,-4.60608291047107e-17,-8.81553219048738e-18,5.94192548992399e-17,-1.68650186489126e-16,4.74018219161331e-17,5.90609361699846e-17,-1.60414867211013e-17,1.4291169024125e-09,-1.09191350716427e-16,-1.24105313852936e-16,-2.02387113712862e-16,-3.42282625853674e-16,-4.31558568417082e-09,-5.03203232209809e-17,1.62281543682429e-16,-8.35277477159784e-17,-3.03073178214216e-17,7.46744151853619e-17,1.00395040678436e-16,1.06535184533354e-16,5.9610449022474e-17,-4.72998930927389e-17,-8.04936120543759e-19,-3.54253165144238e-17,2.9364150717839e-17,-3.60776772938279e-17,9.0120077806923e-17,-6.23899966416692e-17,7.70036168238129e-17,-2.14719943760071e-16
"t74",-0.043589120116635,-0.0632532387880984,0.0221577161291861,0.0283347888055079,0.0020743423701532,-0.000807090702760566,0.00442296733123545,7.37718257226137e-05,2.05931208788414e-05,3.1286640149391e-06,0.000114475568036435,-0.0295669005262586,0.0605135526176755,-0.0118951717547398,-0.0128548789941812,-0.0237131175409431,-0.00274030046319728,0.179739534416425,0.000223219609039223,0.00012611174931971,-0.00290103516374633,0.000744420061621024,-0.00177789392748975,0.032158560129014,-0.0895195973771421,-1.00405886843309e-05,-3.94293958619626e-05,6.81414355729139e-05,-0.00256996125599948,0.0028712594814515,-8.67750863015285e-06,1.55898235059194e-05,-0.00668699649449802,-3.61322085165387e-05,-2.78511472628112e-06,-1.75987373486179e-05,-0.0246168156722031,-1.74160369625374e-06,-6.61661171854968e-06,4.57448220177546e-08,6.0349779460113e-05,-9.28614397356314e-06,0.000130102094973901,-7.83602022541718e-06,0.000320534069076901,-9.59302083216353e-06,0.00106456615684774,-0.000172859024983298,1.8511950898434e-05,-3.56892178542385e-05,0.000412536761880885,-2.10807280859039e-05,2.96120122914913e-08,-6.70656178488271e-05,3.56163437225871e-06,-3.72855009531098e-05,1.35815934434958e-06,-8.98242567274634e-05,3.04297242711821e-05,-3.17971997243127e-05,-2.71283810514858e-05,4.15527335884576e-06,-0.00013445003192033,7.13904351626567e-05,-5.01231264800053e-06,0.000190483640329996,-6.70226123119753e-07,2.27553693349633e-05,-6.07807497800372e-05,2.25747954539801e-05,0.228848390426224,9.29591187192281e-05,-4.25352936718898e-06,-0.00500269412609047,0.00205544881990574,9.22499579327258e-08,-0.000546362093881246,1.12162008840237e-05,-4.57250497079287e-05,-5.66726544119109e-05,1.86676086577821e-05,0.000288193238686272,-4.82971787965537e-05,-0.000345743295426964,6.65645163998219e-05,0.0387353791017053,0.00311587680864834,4.06338547217201e-05,1.24222764708873e-05,-0.00277893111013343,4.52691468299542e-05,-2.9305747476934e-06,-2.52232039677737e-05,0.0045604895435341,1.24827958377814e-06,0.00757951934039445,0.179018119173826,4.62562172745936e-05,-4.06285115826539e-05,-1.58932715106057e-06,1.55429100238046e-08,-5.65567218291557e-05,5.13967944766321e-08,5.56875172900876e-08,-3.04870569720261e-08,6.59125884477984e-05,-2.13023103250127e-06,9.7844932350903e-07,-3.78034308615911e-07,1.01595217627049e-07,4.6335041478071e-07,1.30983051579952e-06,-2.24852502022724e-06,2.72495982431656e-06,-1.45655456585437e-08,6.14045120647132e-07,-9.40034204128766e-07,1.08850686861127e-06,-1.18426034359989e-06,3.05424580872163e-06,-1.17034726770471e-05,3.04506001105047e-06,-3.0113210754289e-06,-8.28622099836822e-06,2.71311050349249e-06,-2.6917734376588e-05,2.74154174500184e-06,-8.93316390288652e-07,1.84440937480583e-06,6.09541703278102e-05,-0.000114829514399231,6.63226971236027e-06,-0.000539377430878541,-9.85960046233113e-07,4.62597690094651e-07,2.15174577930349e-06,-1.30239176582765e-08,-8.80067104797148e-06,2.75626872565848e-06,-7.92968112651339e-06,-5.07353573973618e-07,-1.9655599115832e-05,3.84521453273473e-06,2.45514050520945e-07,7.74563220508193e-07,-4.88600274699728e-08,-2.26877594823557e-06,3.4474916195741e-07,2.25220471285446e-08,-5.55365214817216e-08,-8.63007592172391e-06,-2.57292125228823e-07,-5.51777801959489e-06,2.06756564792151e-06,-6.18725190129556e-07,-5.42801205491418e-08,8.19014114791604e-07,-0.0023272826446077,-8.38225208564273e-08,-3.90724357406348e-08,-0.00164102354034118,-1.17058825298519e-06,-8.70911057294772e-08,-2.01157858295066e-05,2.2882834764618e-06,-1.52737244551928e-05,1.64933039732566e-06,2.8266733826836e-08,1.40637663881284e-06,1.89299630639927e-06,-3.55487319997331e-05,-3.53041874889639e-06,4.43511203982248e-07,1.59506100329882e-07,4.41371098836015e-06,6.16423822240405e-08,3.90495588037441e-07,-1.66166043146705e-06,-1.03662393330739e-06,-3.26399029294516e-05,2.06790006463836e-05,6.49073161850524e-05,-8.95493949306635e-07,-2.30134349985275e-06,-1.12720923262265e-07,-1.41258222570188e-05,-4.0473235817094e-06,9.57449374664756e-07,4.30406765494798e-06,-3.78265524165908e-05,-1.1187245600481e-07,2.06423563068134e-07,8.20510250530573e-07,6.82894856875072e-07,1.40092698732326e-07,-1.97056756975467e-07,-3.62852941478183e-07,-1.83612011512604e-06,2.15151830565092e-07,9.07371599721268e-08,9.04773457377268e-08,1.49852561738367e-05,-2.4325703873171e-09,-0.000167324888297227,-2.2174226779927e-07,-2.15839493386462e-05,4.00997104300463e-07,1.49218998739304e-05,-3.00006007059664e-06,-6.91427644902783e-06,-1.34110777360553e-05,4.73795782422736e-05,-0.000260981925956715,-7.70132212878381e-07,-4.91966647084683e-07,-6.55351548078376e-07,1.01507812196609e-06,8.82578073522392e-08,-1.61411023308259e-07,-7.98376435517141e-07,-4.34223594532675e-06,3.47787849663072e-05,1.33834421846992e-06,4.31584486194448e-06,-1.08958498121961e-06,-5.5630370744152e-07,-5.86714717704752e-06,-4.0190365611039e-07,-6.2673191340313e-07,-4.95140305724426e-07,1.0493275765755e-05,3.45346902476364e-06,1.65372529185004e-07,2.7632529446093e-07,-1.44498442101011e-08,-2.35369860119981e-07,-1.21310080643538e-06,-1.48844044596959e-16,-1.80650960628951e-07,1.3552345771006e-05,-3.79054869854575e-07,-6.78524549676216e-06,-1.08253256154294e-06,1.2936204055709e-06,-2.07726699993504e-07,7.52806545858478e-06,-1.7149692036911e-08,1.1232707938561e-09,-2.8674403650227e-06,2.58988745774104e-06,-8.10936671812086e-08,1.10867593281507e-05,-5.12714507358137e-07,1.89281267667482e-07,-1.22252331825e-08,3.30259289800472e-05,-2.97473884052816e-05,8.2636983108248e-06,2.61006973304598e-07,-5.01297512520433e-08,1.08877171584271e-06,-2.10725957861526e-07,2.31325263367832e-05,-1.85540795306155e-05,1.14646759907266e-07,-3.90639476571616e-08,2.50571050045595e-06,7.57000690955178e-06,-0.000408315267441566,3.98684202888816e-08,1.66168364213908e-08,-3.78020565383776e-08,5.26354857922167e-06,-3.93995608387004e-06,8.85936851770981e-07,-1.91701007885563e-05,9.24928221498597e-06,-3.89256527525964e-05,1.56428527286919e-06,-9.20148698292545e-07,3.13174324122535e-07,1.58144952999937e-16,-7.97705078416621e-07,-2.75504069035236e-08,-1.50566146364081e-08,-0.00291383919473568,2.86959705140286e-08,-1.90573507065959e-08,-4.54088584631391e-07,5.52314041589171e-08,-4.4067259403916e-07,1.1547277629182e-06,4.25189199706592e-08,-3.84482177329843e-08,4.99049453886658e-07,-6.07036563796905e-07,5.08741990942511e-05,-2.89499000955336e-07,3.35905475067684e-06,1.68205855302545e-08,1.45045707533912e-07,7.06038641210627e-07,-6.01410040083586e-06,7.89817129397605e-06,-5.48173982163208e-07,7.42351177871416e-07,-2.69963147962933e-06,1.74309559117e-07,1.57838139308366e-07,1.20894484035342e-06,-3.26091553743017e-06,-1.65714317029964e-07,2.18964640802753e-06,-9.10097960272395e-07,2.26614930166687e-08,2.13759002627312e-07,-4.30102113957732e-07,-2.41276274687126e-18,4.88131567400244e-09,0.0179928728863344,6.29345008053305e-07,-4.42254611553584e-07,-6.01494835194225e-07,-7.57209446983601e-08,-8.5354942933384e-08,3.54731100036354e-07,2.24064681208971e-07,2.55872682969451e-16,-4.40617941565988e-07,-5.63706433898392e-09,-1.74491691914142e-08,3.14627282567959e-05,1.54703628623279e-07,-1.13566729698669e-08,-4.89273733362877e-07,1.42437397548993e-07,-9.4904150602418e-06,1.549610843822e-06,-4.37228471875108e-07,-1.04609385064669e-06,-7.0459926093653e-08,-1.46812658455904e-07,-3.21811318122975e-06,0.12122935474913,4.19748071657204e-06,7.94655945335614e-15,7.80386916147273e-06,-4.86937343337668e-07,-2.23639486309787e-08,-7.02862821540556e-08,3.05210421140769e-07,2.59430749625428e-07,-1.19953007266488e-06,8.82912608168618e-06,1.24469047399038e-08,-3.39622656206237e-16,1.78319517705215e-08,2.46414784607813e-06,1.25688900312332e-08,2.27509468215534e-16,-1.12856637613575e-08,-8.81647422579525e-08,1.15231872628682e-08,4.10927159839612e-09,3.31172259436908e-10,-2.03038371726655e-10,-1.71526113826185e-08,1.19718383750017e-09,1.35322115112405e-08,2.8243643059772e-07,4.93035550368117e-09,5.0286307492065e-08,6.69685399860083e-16,-2.61304684295561e-08,1.25708530231997e-08,8.44920542083008e-08,-8.70233611631482e-09,-1.50068406165477e-16,-7.80138178636525e-09,7.25323132908266e-09,-1.86835545622447e-09,-1.35679101936484e-09,-2.43162987435129e-09,2.57955536772095e-09,5.13665007452686e-08,-3.34144497975883e-08,6.11693709698554e-16,-2.41871711464176e-07,3.39227024200923e-07,-1.66353766844407e-06,-3.97647534309023e-07,4.0819099926069e-08,2.84270944777871e-10,8.2052420413703e-16,7.05593066088787e-16,3.36303198834503e-10,3.53998528546484e-07,-4.76357053214632e-08,7.9763091097823e-08,-8.79786538227485e-16,5.16506940413663e-08,6.99376427191108e-10,9.33793737708748e-16,-6.32899382337586e-15,-4.33375409193005e-16,-2.30048743063468e-07,-7.19363234550176e-07,1.28273259059012e-06,-9.16920748904486e-07,-4.67940953446662e-07,-1.23863073824019e-06,0.000196452146155325,4.29125921894014e-15,5.40202705728761e-06,-5.25701836826095e-06,-3.0969362785838e-15,2.26127309682393e-14,0.918142693003985,-1.25532924828167e-09,-4.27087298929492e-06,2.47693858772561e-06,2.14660094926899e-06,-1.10205874963414e-07,-6.8600485361668e-15,-3.49318284182541e-07,-1.80912573425623e-15,-1.02784722568416e-06,8.88286839917374e-16,-1.70665465002916e-06,-2.17081373481045e-15,1.20857702670886e-06,1.64182797915849e-06,8.08848546647682e-08,1.02933602248922e-06,5.5764450001115e-06,-3.81995994609207e-07,3.71726956198541e-06,1.09100898568774e-07,5.30500820370074e-07,4.82626174833075e-08,7.45910892840254e-07,-0.000110066818397966,-5.51311529170769e-07,-5.0116633033076e-08,-1.33417905594321e-06,-8.11779643481924e-17,0.0123624985569345,-4.38653282371997e-06,7.25819088325832e-08,2.28282176835907e-14,9.93064366779565e-09,2.75319782275962e-07,9.96070163487221e-07,-2.56910984166623e-16,-8.68484942685295e-05,-1.26200925961158e-07,-7.3570695708162e-16,-1.66586671870541e-07,2.52357130341039e-06,1.49713922453942e-16,2.7237365221101e-16,-4.77977352226646e-06,-7.07379179070033e-08,-4.01306861350327e-10,-5.53921165426352e-07,1.45507634002696e-07,1.543719744692e-05,4.10516757973745e-08,4.94671828240958e-07,-8.2885956004694e-07,5.13917250768992e-15,1.87627060525254e-08,1.17052054917341e-09,3.22203486626762e-09,3.00618370545057e-07,-1.72854350114456e-16,-4.6407304581665e-17,9.84819417803726e-08,-4.23791028230905e-16,4.37273384534304e-16,6.0608834051696e-07,-6.76261928449181e-07,-1.38335513924672e-06,-7.55909738311051e-09,3.4647259785216e-05,2.38895756339365e-07,2.05926194084109e-08,-3.76428426827319e-16,5.16595911694908e-08,2.42803680669552e-09,1.11889590264685e-08,-0.000925511897409535,4.64071012843269e-06,1.44753253380425e-16,-1.11996268974664e-17,2.41859335125414e-16,-3.6497335095407e-08,-1.93189125012732e-07,-1.01557528940608e-07,-1.36631333792898e-16,-4.82013802853539e-06,-4.75674144426029e-17,-6.03645848409946e-17,2.13844369178089e-06,-4.69428798833568e-08,2.68231617472914e-16,-1.15021943488651e-07,-2.1353675541256e-05,-1.62950398391666e-16,1.7609950554465e-07,1.68379015471316e-16,4.68024550189122e-08,2.48418091500301e-16,4.6715116300172e-08,4.05125275836651e-07,0.000121047676872692,1.36702002450155e-08,9.39455347205291e-08,-3.24228077732243e-07,1.28117283202457e-07,1.07399020457e-16,5.79056827480342e-06,-5.21214585695694e-07,8.18347554149542e-18,-4.29689092292327e-08,-1.25814445065426e-07,2.02659608976447e-07,-2.25228095271646e-17,9.34313560492725e-08,4.40858085315437e-05,2.71170714275331e-16,-3.05136980059903e-07,-6.75244958213958e-08,-1.26130073115959e-06,3.84775181544312e-16,-1.91853355832985e-16,6.23957598671912e-08,1.9055321319371e-08,1.54085100748052e-09,-1.69931340794986e-07,1.11465713169165e-08,5.60847590876745e-17,-9.20438243063002e-17,4.06482136365269e-08,2.80146079513057e-10,2.57092634533515e-16,9.80405502449176e-08,-8.58972499373771e-17,5.58711215556828e-07,-1.86859445230648e-08,-1.09162666985695e-08,-7.23256862276351e-08,-4.13338708555709e-14,4.38115413171311e-17,-2.68521578672304e-16,-4.27411365363048e-15,-2.06434349132608e-06,-1.38939094979498e-07,-3.03051987570427e-17,4.77671568400258e-17,2.17127285118731e-17,3.10879562802849e-07,1.75443562807704e-09,-1.5358637405341e-07,-1.27702090518188e-16,-1.11660626491566e-15,-4.06684234899313e-16,-6.00417461917511e-07,2.02972043427896e-07,-3.93970563601458e-16,2.33690092897508e-08,-0.00104131865009891,3.39308937713045e-17,2.22559693335169e-17,-5.51900253038792e-08,-5.66612130835702e-10,-2.76283849428768e-08,-3.25635802649788e-16,3.12238812623543e-08,4.55028588212433e-08,4.88287545454594e-08,-4.44791796044077e-08,-1.58387951587349e-07,1.34838420659102e-08,7.12828125339994e-18,6.56918621449525e-16,-8.74256197335138e-17,2.55202574587588e-07,-3.67619909862858e-07,-1.25710293655514e-08,-9.86011123046985e-09,1.89708093228291e-16,-4.98489715961422e-16,6.99568719071298e-18,2.49259289995667e-16,3.41371549741725e-16,1.2147480504425e-06,-9.48513224814089e-17,-1.37832639747468e-17,-7.58406891944511e-09,1.39901166166926e-17,-6.78857825708941e-09,1.67664071321522e-17,-8.41536025771657e-09,-6.67298778601257e-17,-1.01700645223618e-08,-1.27217814878727e-09,-8.0238722381906e-07,1.68105096894775e-16,4.07655409451538e-08,9.63139657013161e-17,5.77335896388476e-08,-2.62092646606306e-06,5.59780066633164e-10,2.02575314377045e-16,8.16548120633415e-08,-1.77554152167393e-16,-2.00392619974139e-08,-1.13100859834164e-07,-5.2664138335957e-17,5.7905742072917e-17,-1.87823485622892e-16,-3.68924348829073e-16,-3.7920366770697e-10,-4.93637485239868e-09,-1.10185346627798e-09,1.65720935393626e-16,4.17320423400653e-17,-4.10680021746323e-06,6.55733105828227e-07,-6.5987706810405e-17,-1.43756288944989e-16,-5.00106610738855e-09,1.52720536128679e-17,-3.54253302709275e-08,2.68930585229504e-16,3.34034023000728e-07,2.78285261516363e-17,2.32536863310833e-16,3.63619841555874e-17,3.64801026888912e-17,-9.37133463672111e-18,1.49855785978031e-16,4.42569043856701e-08,-3.09503793942929e-07,-7.13105134362427e-17,-2.96863803272367e-08,1.12883443315037e-07,2.94061210516634e-16,-4.24577398256292e-17,-6.27061313159003e-17,-2.6199785207346e-17,1.11119778419396e-08,1.77645113496898e-09,-1.95755653496961e-16,-6.02570787019174e-17,-2.01650996562075e-08,-7.19293783143291e-08,-3.83633171218972e-07,2.15691684438705e-16,-1.58203773472943e-17,-2.20854766894156e-17,6.54754848116344e-17,9.88207437232471e-17,-5.8327126367482e-17,4.23711476252458e-08,-4.006554051496e-08,-7.70205296306299e-09,-9.11139219954482e-17,-1.96083504874633e-16,3.22722761188732e-16,-3.07502279771033e-17,-2.16113691812654e-16,-6.12602638032922e-16,3.89439044048603e-16,-1.74590014875009e-16,7.22848872353967e-17,-1.01250498339485e-16,-1.31631500031593e-17,-1.50900616102729e-16,-7.53094876594646e-17,2.24151171200028e-18,2.90653671173551e-08,3.44970439021084e-15,-4.23456787116659e-17,-6.87254049926008e-16,6.53783229092535e-07,-7.1647841536582e-10,2.18293317385047e-17,-1.06083337938156e-08,5.96838971649439e-07,-8.82836791191724e-17,-5.46775299100927e-18,-1.04644569307571e-07,-1.72662356541716e-16,1.46619390804334e-08,-1.10668793377645e-12,-5.14536416348979e-18,4.99315457961063e-17,3.83931930654093e-17,1.30357018717853e-09,-1.7898531513356e-07,-1.29408476508855e-16,-1.75775079662628e-16,2.85191894172486e-17,-6.48463998745397e-17,2.31314533499782e-16,-2.91707927233178e-17,4.75558808683562e-17,1.33219508062302e-16,1.47840043218935e-08,2.78152834743575e-17,-4.1365481165148e-17,8.75224925129791e-18,-8.25972314218805e-17,9.88562273024298e-17,-1.42419004090637e-16,-4.21810398589151e-08,1.06011742469207e-17,-5.62285767127637e-17,3.14428411572779e-08,-1.08465603215493e-16,-1.03795093670517e-16,-1.01574835395128e-16,-1.21988454178334e-16,0.000199360007619563,-6.95372152959366e-17,-1.91893291082223e-08,1.34162308818695e-16,-5.74347702517258e-17,1.3792434112037e-16,4.43161285256346e-17,-2.99365004474746e-18,3.28269270110498e-17,6.94642684801635e-10,-5.35443878442542e-18,1.10432391194942e-16,2.70441929221371e-08,-8.66846406482916e-08,5.17635524012315e-17,6.06943250955726e-08,8.88792798345636e-09,1.8847895471843e-16,-1.19523509512376e-16,6.00553420911679e-17,2.54291738893761e-17,-1.07240841875205e-16,-1.48865757958962e-08,4.54552890468361e-18,-7.68546794329369e-17,-9.61650013028797e-17,5.95533213711109e-09,-9.99058673548598e-17,5.7018598763351e-17,-9.20485248776005e-17,-1.701499756074e-17,-2.71057695018931e-09,-1.02035654864443e-16,2.84669324493494e-07,5.22773808805107e-17,-1.39912201963941e-16,-6.59714465175122e-17,2.74168931481749e-17,-2.09639889566403e-17,-2.83294221950768e-16,4.21276915674621e-17,-9.74501794800627e-08,-1.15065795842498e-16,2.90713665058359e-17,6.50896322036306e-08,5.23225105258137e-17,9.23137181219144e-18,9.22775683775201e-17,-1.09057953097646e-17,7.81856896320132e-18,-8.46756514359599e-17,-4.29624360667031e-08,-5.00491967377808e-17,-1.52226814089309e-18,1.40221263094762e-07,8.7234037263744e-17,5.97990060352281e-18,-9.1726972082787e-17,1.88547584636981e-17,-1.69331129335959e-16,-2.05720753939607e-16,-3.06189534132626e-17,-9.08015902507208e-17,1.13959555665575e-16,1.27171702733723e-16,-1.56655547079045e-17,-7.33993143116577e-08,1.53102530169358e-07,1.15172477154693e-16,-1.11328785379882e-16,-1.06935390842426e-16,7.24038354971246e-17,9.71445146547012e-17,4.43212895660631e-17,1.98731751651856e-16,1.65515984100601e-16,-1.92053069242106e-09,1.04291141329139e-17,1.54368487704848e-17,-1.1213301343297e-16,4.59050461800276e-17,2.45667995459634e-09,1.36149983917537e-17,-2.68412075557361e-09,-6.18535260823806e-17,-5.44657234930097e-17,-7.49291526978059e-18,2.40532253008091e-18,7.23614414145369e-17,-3.99625621958336e-17,1.11835833533442e-16,-2.73201512460106e-16,1.08407572863525e-17,8.15322093316066e-17,-5.97166822571367e-17,-6.360655067483e-18,-2.32512252927976e-17,7.40734676728088e-17,2.33159461624273e-17,4.15944156621811e-18,-5.40243047395687e-17,-8.35631846723861e-17,-4.36078390181121e-17,-1.62489334318328e-16,-2.00740032235691e-16,-1.03521179001929e-16,-3.12285329708527e-17,1.01674829500114e-17,1.32587778178121e-16,1.84456858076725e-10,1.26515971845029e-16,-1.34230429063329e-16,-5.42584908159942e-18,1.01325586131855e-16,-3.80873772455801e-17,-3.77538248617214e-17,1.23646503574423e-16,4.69956724509779e-17,-6.84342751719186e-17,5.82469491259599e-18,1.46855184263162e-16,9.17161790248629e-17,2.78808985618195e-17,-2.76856195290017e-17,-9.96703708096017e-17,9.90892398371401e-17,-6.99917191402229e-17,-2.36870920914928e-09,7.08409366804225e-17,-2.22911458285524e-17,-1.86238598054359e-16,4.71638785446597e-17,3.36979491558765e-17,6.89114698537684e-17,5.48033403257839e-17,7.24325873524344e-17,4.5547224392535e-17,5.00789879348257e-10,1.94013806581373e-16,2.19115983328181e-18,1.58703047208123e-16,-3.52894678373615e-17,7.6202880540835e-17,2.25980726875358e-17,-4.99740514900094e-17,-9.42698522551092e-17,-2.3464197329039e-17,2.87456781241158e-16,1.32642049943277e-17,-1.89531360425224e-17,-2.24971946104828e-17,2.52137630391069e-09,-1.6752560518797e-17,1.51106731424702e-16,-7.9916152170057e-17,-3.14743890672542e-16,-7.58226715041309e-09,-1.30550211894767e-17,-1.83716053611457e-18,1.17806317426302e-16,-1.45770430161203e-17,8.43626870169189e-17,-1.02081863146929e-16,1.81077156162758e-16,-2.71959917109065e-17,5.49349966562029e-17,7.12655377220868e-17,-1.10471294108253e-17,2.56309147865133e-17,-9.82115608868062e-17,-1.17333383890595e-16,1.0974096929437e-16,-5.12014334195418e-17,-1.43409465097411e-16
"t220",-0.0436051126760867,-0.0633021535014817,0.0221754053925343,0.0283651087016178,0.00207706026395653,-0.00080833143564373,0.00442990027304598,7.38966626168191e-05,2.06342797383252e-05,3.13624677940242e-06,0.000114827584495206,-0.0296789272423073,0.0607495402254715,-0.0119422621593687,-0.0129079871318778,-0.0238168671781567,-0.00275257617604087,0.180559305262623,0.000224261262556365,0.00012675110410987,-0.00291694396282832,0.000749347796000749,-0.00179032319649293,0.032384666334031,-0.0901514882493023,-1.0114845968298e-05,-3.97244582613834e-05,6.86559432358075e-05,-0.0025898874094425,0.00289755796274985,-8.76227803886671e-06,1.5749067929939e-05,-0.00676024986916686,-3.65468599998269e-05,-2.81871499333153e-06,-1.78280867383883e-05,-0.0249417121932558,-1.76495653399234e-06,-6.70593859574731e-06,4.63716275370416e-08,6.12005833778817e-05,-9.42024754770553e-06,0.000132009086912465,-7.95101873226949e-06,0.00032532062126193,-9.74547283863902e-06,0.00108179944034994,-0.000175681443529577,1.88214894153675e-05,-3.63012574360197e-05,0.000419848641506218,-2.14600535599987e-05,3.01460212113257e-08,-6.8297701550913e-05,3.62943959301567e-06,-3.79991085951659e-05,1.386659877446e-06,-9.17551073232338e-05,3.10856973422917e-05,-3.25229354271159e-05,-2.77738452355482e-05,4.25614776309813e-06,-0.00013776686224909,7.31586963211876e-05,-5.14016577203e-06,0.000195469671036735,-6.88765403379671e-07,2.34001256441336e-05,-6.25219256167191e-05,2.32342558199699e-05,0.236223930097209,9.61719300237765e-05,-4.40207725211732e-06,-0.00518115524277117,0.00212896651518207,9.55794955679243e-08,-0.000566152551624956,1.16296362743112e-05,-4.74769069693904e-05,-5.88773908719704e-05,1.94127318479389e-05,0.000299760004544856,-5.03136973627678e-05,-0.00036034833165092,6.95171038086295e-05,0.0404760618928101,0.00325773333360194,4.2487677624569e-05,1.29893235352233e-05,-0.0029059570886087,4.73486113731551e-05,-3.071460094403e-06,-2.64407678003291e-05,0.00478671164352767,1.31308903025832e-06,0.00797570011642969,0.188378315684315,4.87161190539052e-05,-4.28026534160991e-05,-1.67638100973996e-06,1.64103151206362e-08,-5.97182000252732e-05,5.42751704226799e-08,5.90689259485973e-08,-3.23491778237452e-08,6.99568793967019e-05,-2.26199891947497e-06,1.03910860550507e-06,-4.01563958976841e-07,1.07956731849564e-07,4.924202422817e-07,1.39295835178128e-06,-2.39142197282418e-06,2.90336585633859e-06,-1.55251582108969e-08,6.5505452420769e-07,-1.00319693005778e-06,1.16286430897508e-06,-1.26643953922947e-06,3.26869077821526e-06,-1.25306567975721e-05,3.26520341908431e-06,-3.23218970352601e-06,-8.89431698591021e-06,2.9126270269875e-06,-2.89264137288898e-05,2.94637145231702e-06,-9.60896368794137e-07,1.9889168424883e-06,6.57317078677377e-05,-0.000123855088134999,7.16568400886654e-06,-0.000582951972525546,-1.06586964297625e-06,5.00585455804202e-07,2.32876401439206e-06,-1.41250462688503e-08,-9.56102148282259e-06,3.0014206813672e-06,-8.63554743523169e-06,-5.52738565756553e-07,-2.14182791343904e-05,4.19143324263941e-06,2.67653710193817e-07,8.44412247059706e-07,-5.33145412934101e-08,-2.48011999241334e-06,3.77564770334539e-07,2.46773270211168e-08,-6.09137574604588e-08,-9.46644515300524e-06,-2.82338136134922e-07,-6.05630659022846e-06,2.26995615210264e-06,-6.80944335330732e-07,-5.97618749399405e-08,9.01976197870648e-07,-0.00257936227342351,-9.30473120079776e-08,-4.33828685270005e-08,-0.00182449322120418,-1.30181956458701e-06,-9.70217406061224e-08,-2.24142157247573e-05,2.5540640055305e-06,-1.70758127099918e-05,1.85283418084963e-06,3.17598880441194e-08,1.58024380896021e-06,2.12843663743959e-06,-4.00012577299627e-05,-3.97305524472723e-06,4.99891776374191e-07,1.79870812755998e-07,4.98249139210191e-06,6.96041628500158e-08,4.40991223849816e-07,-1.88118968395176e-06,-1.17661279992121e-06,-3.70642738293899e-05,2.34920940056234e-05,7.38305345522808e-05,-1.01910203811719e-06,-2.6202640252974e-06,-1.28400066490119e-07,-1.61152999823978e-05,-4.6191047978865e-06,1.09633337221826e-06,4.92894258888375e-06,-4.33667034272548e-05,-1.28655508104822e-07,2.38008999760639e-07,9.46913756829011e-07,7.89163170882171e-07,1.62057072643399e-07,-2.28644682336542e-07,-4.21296506043519e-07,-2.13485760232428e-06,2.50333892055024e-07,1.06157010404408e-07,1.05880712726786e-07,1.75778984371995e-05,-2.86012142940177e-09,-0.000197856550266586,-2.62210369024411e-07,-2.55365682214776e-05,4.75203266438653e-07,1.77033341628762e-05,-3.57007756605014e-06,-8.25927563790323e-06,-1.60693501604336e-05,5.68253323335803e-05,-0.000314379933750542,-9.29977524885607e-07,-5.9411560893178e-07,-7.92945469394425e-07,1.2342591965259e-06,1.07417366188888e-07,-1.97463531381374e-07,-9.80227762352466e-07,-5.33799753132877e-06,4.29785049166557e-05,1.65596452283954e-06,5.34749128491814e-06,-1.35579698411561e-06,-6.92822535230696e-07,-7.30852085044924e-06,-5.03016578184092e-07,-7.86695209729491e-07,-6.23552732998775e-07,1.32344295336134e-05,4.36239809267493e-06,2.09203532024196e-07,3.49709084166183e-07,-1.83581847805794e-08,-2.9976099312944e-07,-1.54909022832208e-06,3.83911513484449e-16,-2.31576723378117e-07,1.73862668074037e-05,-4.8893096271337e-07,-8.78924584437005e-06,-1.40721910518294e-06,1.68197775148886e-06,-2.71895176229792e-07,9.86472823246645e-06,-2.2484619605792e-08,1.47640748285082e-09,-3.77537007859412e-06,3.42068931000043e-06,-1.07258145793264e-07,1.46723821890914e-05,-6.80709764316909e-07,2.54780309996266e-07,-1.65382955572523e-08,4.48669293972773e-05,-4.07940440353447e-05,1.13400999744269e-05,3.60593084088802e-07,-6.95223215716293e-08,1.51834760361348e-06,-2.94395970506927e-07,3.23785955065873e-05,-2.60387853229159e-05,1.61531427565889e-07,-5.50640517979553e-08,3.56838437330814e-06,1.07830231800469e-05,-0.000581776548292984,5.69667777766561e-08,2.37685217066082e-08,-5.42558073285997e-08,7.55937242935715e-06,-5.78002699170175e-06,1.30284478068547e-06,-2.82457389403295e-05,1.36892348966379e-05,-5.78201016213205e-05,2.3429688576848e-06,-1.38157136871835e-06,4.7113892195213e-07,1.34738397973373e-16,-1.2082418769378e-06,-4.17668670786692e-08,-2.28936951230014e-08,-0.00446206754475728,4.42166899664117e-08,-2.94525327122046e-08,-7.0282157017043e-07,8.71829765693361e-08,-6.96510909351504e-07,1.82576448574076e-06,6.76326834280863e-08,-6.22428375989351e-08,8.10429106659925e-07,-9.87954851546764e-07,8.34055206116515e-05,-4.8868507656955e-07,5.74391884093444e-06,2.87849188213205e-08,2.4827213222982e-07,1.25020619250511e-06,-1.11168525201039e-05,1.46845071190594e-05,-1.02802506350884e-06,1.40718420049755e-06,-5.13450795092429e-06,3.41266252565894e-07,3.09716844039162e-07,2.38215840144996e-06,-6.44394613544613e-06,-3.30620454330613e-07,4.4161577305447e-06,-1.8544154765132e-06,4.63853005813512e-08,4.4096796347584e-07,-9.02551802444663e-07,-2.02901515259857e-16,1.15356841169943e-08,0.0430981895602489,1.53915107944057e-06,-1.08227443874851e-06,-1.47294013024918e-06,-1.86398102370324e-07,-2.12225682999809e-07,8.92764853227814e-07,5.7845344077228e-07,-4.26367406226414e-16,-1.2115065936539e-06,-1.56289860974545e-08,-4.92683899246834e-08,8.90328638023854e-05,4.59193957038013e-07,-3.46670403302182e-08,-1.55737726194303e-06,4.67408771578369e-07,-3.34396012492299e-05,5.87267017933396e-06,-1.74350928046585e-06,-4.30013723448214e-06,-2.95356947281818e-07,-6.38066061895879e-07,-1.40437469529696e-05,0.543472843246569,1.92283606226132e-05,3.57017251021689e-14,4.30006666436679e-05,-2.80550871129557e-06,-1.28908928621103e-07,-4.67240510208913e-07,2.07809140850435e-06,2.55010167652453e-06,-1.3585739485492e-05,0.000103134546319844,1.65207767102569e-07,-1.18036495445824e-15,2.81120518382564e-07,4.18054609433291e-05,2.99935809651209e-07,9.68553887335801e-16,-4.91045323205091e-07,-4.77982534193301e-06,7.16547018543695e-07,3.67781644466738e-07,1.15515010772153e-07,5.91008419939995e-08,2.04070687279051e-06,-5.13126473713644e-08,-5.38664017589726e-07,-7.93527045035113e-06,-9.06622080779815e-08,-9.08455117643609e-07,2.86355648006557e-16,2.79066435441461e-07,-1.25094814725299e-07,-7.29570455223708e-07,6.23203780604061e-08,1.80677148396518e-16,4.03114276629797e-08,-2.8054557219047e-08,6.45455983386128e-09,4.45940482238657e-09,7.5442770081725e-09,-7.22953116983131e-09,-1.23576218419704e-07,5.77528971921865e-08,-2.30199522427857e-17,3.23716136882609e-07,-4.44504461705913e-07,2.08654240014432e-06,4.69854973215681e-07,-4.80128340829635e-08,-3.28844322802678e-10,-3.85108611666851e-16,-2.52187883023972e-16,-3.53928416447861e-10,-3.43687263268857e-07,4.57902288962881e-08,-7.14068327873427e-08,-5.05444012269543e-17,-3.96605817868411e-08,-5.01958701015741e-10,-9.63259991200881e-17,9.02726534789522e-16,-6.32955077717584e-17,1.33691290378881e-07,4.06900857454441e-07,-6.60552047024446e-07,4.35662283401637e-07,2.20234528439695e-07,5.34260129300534e-07,-8.38792219479292e-05,-1.20462106536835e-15,-1.92119517633048e-06,1.74883622701668e-06,1.21698413615793e-15,-5.75445942259547e-15,-0.231114176531183,2.93885812041265e-10,9.03474288425482e-07,-4.88033982701347e-07,-3.66025050146855e-07,1.83362140018106e-08,1.72354440405761e-15,5.61692326127472e-08,-4.6388242866561e-16,1.49164525439887e-07,-2.91758804615849e-16,2.28604856270755e-07,6.1895414029974e-16,-1.45233678228492e-07,-1.92816227332623e-07,-6.71413620306778e-09,-7.82836121295047e-08,-4.0810725585562e-07,2.32836334822948e-08,-1.88283113687458e-07,-3.0324729149904e-09,-1.46411384259328e-08,-1.00672626320278e-09,-6.59494062286905e-09,-7.28845471030907e-07,-1.05336411397344e-08,-1.43421361859592e-09,-4.42941764996377e-08,-1.42683105270006e-16,0.000581020099375597,-2.6210332512088e-07,6.77250441977976e-09,2.23799871758295e-15,1.01670228594952e-09,3.18192404691894e-08,1.20553250897963e-07,1.39699561146377e-16,-1.07517027015127e-05,-1.69784659269581e-08,1.59611283802241e-16,-2.32686442618748e-08,4.25989415955359e-07,-3.89502723281795e-17,4.69394899821467e-17,-8.57625723454319e-07,-1.27584500644206e-08,-7.41203761418509e-11,-1.05079415806802e-07,2.92024618880248e-08,3.11249641086047e-06,8.33072638180001e-09,1.07243563049128e-07,-1.88650396512301e-07,-1.33037027574834e-15,4.34497613132013e-09,2.71856148932549e-10,7.55932467603479e-10,7.13747142489385e-08,-1.84421201894201e-16,-1.50765088998492e-16,2.37569728915616e-08,2.31810864976791e-16,-6.8192964347563e-16,1.59988723541831e-07,-1.8103855819107e-07,-3.70438510250146e-07,-2.08451700084338e-09,9.59120994057425e-06,6.61863272026382e-08,5.73524280039822e-09,6.3107431562598e-16,1.51638905129122e-08,7.20236086180627e-10,3.33037381019107e-09,-0.000280103241174615,1.44575393012961e-06,-2.13568327787557e-16,6.20062704110501e-17,9.70235604449597e-17,-1.18195430145559e-08,-6.35593523791102e-08,-3.34519140938787e-08,-1.32090270534096e-15,-1.61120466127084e-06,2.40468033814841e-16,-1.809460770445e-16,7.58555939564505e-07,-1.66633347290417e-08,3.36753194773998e-16,-4.13800204388129e-08,-7.74086499464004e-06,-5.53083913970743e-17,6.48132776568071e-08,-4.21676052059153e-17,1.75313042945059e-08,-4.55712362191395e-16,1.75256561975482e-08,1.52168461311039e-07,4.55277100819195e-05,5.15115668601351e-09,3.55481373456033e-08,-1.2457790613858e-07,5.02455239343762e-08,-5.70514864326422e-16,2.32655460421485e-06,-2.09939465229291e-07,-6.58208857660458e-16,-1.73646829425442e-08,-5.11478756396532e-08,8.28251303494152e-08,-1.51837793146784e-15,3.88602468748041e-08,1.83984777670689e-05,6.00142649835639e-16,-1.27912574601511e-07,-2.83678465824119e-08,-5.34138996985077e-07,-3.142668893959e-15,5.20425511250721e-16,2.69112246182724e-08,8.28077249898409e-09,6.70624288316493e-10,-7.62992712175707e-08,5.02907892160612e-09,-1.17718394532998e-14,-1.34795835876271e-15,1.84001647558031e-08,1.26869787571915e-10,1.46579885586215e-14,4.46429890378013e-08,-1.10902750356116e-14,2.55745408663673e-07,-8.613923689434e-09,-5.03471158377521e-09,-3.34224960838038e-08,-9.96385314050751e-14,0.707106781186548,2.73758244965223e-14,-1.06009140659608e-14,-9.70354098040112e-07,-6.53981001984467e-08,8.20070668041937e-15,2.91025269807098e-14,1.03075010219263e-15,1.47047130609128e-07,8.31595785856825e-10,-7.32111220529618e-08,6.88312865157732e-15,1.64472114313335e-15,9.49544262662805e-16,-2.91556831958022e-07,9.86224498662069e-08,-6.87491667637729e-15,1.14341365188629e-08,-0.000510916719335318,2.6605652146343e-15,2.85879998906837e-15,-2.7253894157905e-08,-2.79947864530785e-10,-1.37014611396224e-08,-7.42426412272136e-16,1.55801235920794e-08,2.27811723083745e-08,2.45593104703829e-08,-2.2510812132391e-08,-8.0291826835628e-08,6.85634286358505e-09,2.68379482217907e-15,9.72752164973179e-16,-1.58666790228117e-15,1.31983316561276e-07,-1.90170423300056e-07,-6.51666722908964e-09,-5.16479551515053e-09,1.90385918475814e-16,5.63605103370496e-16,9.95268587766426e-16,9.33748023267741e-16,-1.50124403731712e-15,6.43045306886324e-07,-9.7220800330277e-16,-5.69936069098814e-16,-4.03101666759663e-09,6.15643591011382e-16,-3.60897816925188e-09,1.21364485677413e-16,-4.47543114034945e-09,3.6580561647376e-16,-5.44604117130702e-09,-6.82353315310261e-10,-4.31434343366823e-07,-7.8943515083388e-16,2.19851743274318e-08,-5.01528691538701e-16,3.13391360929977e-08,-1.43452238823323e-06,3.06495239678503e-10,1.10150137305975e-15,4.48554963874815e-08,4.60679620545837e-16,-1.10648310909451e-08,-6.24650975509247e-08,5.61621583663622e-16,-1.50246034552177e-15,-9.74695575478567e-16,-6.68282025745504e-16,-2.10308251686831e-10,-2.74072857447355e-09,-6.12535373499165e-10,5.42771057461211e-16,7.70696080697772e-17,-2.29673091169861e-06,3.66815769981422e-07,-2.31669795346179e-16,-2.69154662808131e-16,-2.8180650169902e-09,-1.01001571644642e-17,-1.99925773390897e-08,-2.80200725436551e-16,1.89346222802867e-07,-4.07133437026679e-16,-9.33003021181091e-17,-2.29244188889822e-16,5.59966451074774e-16,5.71433285644866e-16,-5.60531822927199e-17,2.53070408195179e-08,-1.77000792482618e-07,2.26781087542166e-17,-1.7028011050805e-08,6.48299316958153e-08,1.3822862214477e-16,-6.02830638670142e-16,-2.00035757272063e-16,-1.33727383611824e-16,6.41551726134911e-09,1.02688780723096e-09,3.19565773383075e-16,1.15690872308757e-16,-1.16723233979973e-08,-4.16427567115885e-08,-2.22231847658228e-07,-2.3362396378475e-16,1.94883415158657e-16,-1.51048911287703e-16,-8.49530649772654e-16,5.39136106421527e-17,2.42967404952241e-17,2.47777707479623e-08,-2.34498429827311e-08,-4.5117874067202e-09,-8.67076182826175e-17,6.75856243169618e-17,-1.7792261518365e-17,-9.50924455333707e-17,2.44890561392641e-16,-3.2743276899986e-16,-1.32400935657934e-16,-1.97104225612007e-17,-2.8254472096066e-16,1.04405062453231e-16,2.32174872154966e-17,2.16195644064752e-16,3.35530127395959e-16,-2.30282778986245e-16,1.72680912642656e-08,2.12937873514994e-15,-3.32977517700185e-16,-6.18773616648293e-16,3.89128379546597e-07,-4.26622513764835e-10,-1.37228465249985e-16,-6.31830534468265e-09,3.56264678872531e-07,-1.14002095633733e-16,2.04206198617287e-16,-6.26354404277101e-08,6.88496702953379e-17,8.80508902198214e-09,-6.64936082407233e-13,3.64174771045689e-18,9.53731820648126e-17,8.27637372249855e-17,7.86882631565072e-10,-1.08079388606183e-07,-1.09968741052137e-17,-2.41634011759042e-16,8.2741465993702e-17,-8.07773227493035e-17,-5.69260350663514e-16,1.32434349621708e-16,-2.3505951819931e-16,-1.18975242560087e-16,9.08286692836801e-09,-2.54607807212279e-16,3.60480583192427e-17,-4.08119470501559e-17,6.83531621859051e-17,1.71506091434578e-16,-5.44819400945795e-17,-2.6007990420042e-08,9.8346492931828e-17,1.35633516214838e-16,1.93997527240905e-08,3.05773656154592e-17,-6.58181166201414e-17,2.1247693461828e-18,7.86318924235665e-17,0.000123939188256159,-2.83614970115575e-16,-1.19457022154082e-08,-3.68913820523518e-16,-1.49556639544814e-17,9.42430106695089e-17,-4.04538912202154e-16,-4.08369343213935e-17,-5.43405718712387e-17,4.33601875297841e-10,3.70558564421895e-16,-2.25655576601709e-16,1.69160723169139e-08,-5.42266414972922e-08,-1.28100703963584e-16,3.80351338412675e-08,5.57284287783065e-09,1.80511040972294e-17,3.74067388138269e-16,1.23347137567924e-16,6.33966749212297e-17,-1.22458898244716e-16,-9.4093349383063e-09,-9.40375727052454e-17,-1.39033860847031e-16,-1.10335515128773e-16,3.77183274230253e-09,2.2939137342703e-17,9.39142675781361e-17,2.42953823914708e-16,-1.29619872159527e-16,-1.7213346476314e-09,-2.51706631337647e-17,1.8092534148725e-07,3.31681002507614e-17,3.30829532427748e-16,-1.36167390354271e-16,2.65277671185379e-17,1.02030624030879e-16,-5.8930862081522e-17,-1.52367622412797e-17,-6.22019023802853e-08,2.96495587229481e-16,5.21432083802119e-17,4.15901415003141e-08,-1.53801159914161e-18,4.31907309395479e-17,-1.12466425747225e-16,9.48158054520555e-17,-1.34917326542755e-16,-7.46920343221843e-17,-2.75418800110765e-08,2.59585251688308e-17,-1.84825914683279e-16,9.00226750821313e-08,1.29373627033914e-16,2.77768656273128e-16,-3.33817337542491e-16,1.31644468139529e-17,2.31391906755697e-16,-6.04958625534977e-17,3.98956840553673e-17,2.69409414907646e-17,1.12936524905467e-16,5.61099736062782e-17,1.45091336410643e-16,-4.73739302368441e-08,9.88790269939105e-08,-1.32476506800872e-16,-4.85050201982578e-17,-1.15924840483525e-16,-1.73395783628757e-16,-1.91361683443692e-16,1.22042956050673e-16,6.26381252738176e-17,2.47022059356461e-16,-1.2444147212138e-09,1.33693856178183e-16,-8.25284735163655e-18,1.09446342253258e-16,1.25203485315409e-16,1.59620025475614e-09,-1.99399878960059e-17,-1.74933767698588e-09,8.09815584212866e-18,-4.5446556600827e-17,-1.78555256437831e-17,-8.49093877715269e-17,-8.04371189912616e-17,2.17762599296244e-16,-1.19969363572676e-17,5.82223539924063e-17,-5.57763704701565e-17,1.96523693045409e-16,2.23581734415636e-16,2.35184028557217e-16,-3.42712846965157e-17,4.75700645026379e-17,-1.06329302379454e-18,-1.73639880851437e-16,-5.57717964881993e-17,-5.05070666467916e-17,1.06499895848356e-16,1.1232106799935e-16,2.44162329243736e-16,-1.25211112674723e-16,-7.2523178328501e-17,1.34965273221049e-17,-4.05600644417807e-17,1.21546712868093e-10,-1.50372382700744e-16,3.29771708676854e-17,1.93290256205767e-16,-1.389150289526e-16,9.28759719435186e-17,-5.44009322465524e-17,1.6581843330751e-17,-4.6073593012354e-17,4.38549261126755e-17,-1.308555513658e-16,-1.06685493772574e-16,3.04394099578197e-16,2.65967676497435e-18,4.81807421291047e-17,6.88208658804305e-17,-1.63916926426865e-16,-3.6419706693786e-17,-1.5720654924434e-09,5.35635700480357e-17,1.03375326603038e-18,1.28533896181358e-17,-1.40569863683951e-16,-6.32509901519784e-17,-5.16409213866273e-17,1.65164009725724e-18,-1.32989167845027e-16,-8.98338189568849e-17,3.34755109944118e-10,3.30440838571448e-16,-1.5135585372015e-17,-1.49187384986643e-17,-1.11727357451654e-17,3.03363679627947e-17,2.40253322097424e-16,7.6490727594297e-17,8.34472431133898e-18,-4.99469974712672e-18,3.07643357903706e-17,-3.13135620025805e-17,-5.25141754091203e-17,7.11874771800363e-17,1.69723504533696e-09,1.37785937823766e-16,3.05844021610033e-17,-3.48755919146197e-16,-1.79869140415345e-16,-5.12017808639749e-09,-3.0219501626351e-17,6.75688112672388e-17,8.92447418192199e-17,-5.61282780225511e-17,1.5221768336059e-17,8.22948317459505e-17,1.00183374303746e-16,-8.53863114796411e-17,-2.11535783621312e-17,-8.03634477439596e-17,1.52133985750629e-16,7.30446487410483e-18,-5.65631232350329e-17,-1.34020936321013e-16,1.73965509901464e-17,9.31717758597766e-17,-7.05991419284937e-17
"t221",-0.0436051126760867,-0.0633021535014817,0.0221754053925343,0.0283651087016178,0.00207706026395654,-0.000808331435643731,0.00442990027304597,7.38966626168182e-05,2.06342797383288e-05,3.13624677940145e-06,0.000114827584495216,-0.0296789272423073,0.0607495402254715,-0.0119422621593687,-0.0129079871318778,-0.0238168671781567,-0.00275257617604087,0.180559305262623,0.000224261262556352,0.000126751104109866,-0.00291694396282831,0.000749347796000752,-0.00179032319649294,0.032384666334031,-0.0901514882493024,-1.01148459682955e-05,-3.9724458261386e-05,6.86559432358274e-05,-0.0025898874094425,0.00289755796274986,-8.76227803884522e-06,1.57490679299183e-05,-0.00676024986916686,-3.65468599998325e-05,-2.81871499332424e-06,-1.78280867383677e-05,-0.0249417121932558,-1.76495653401527e-06,-6.70593859572781e-06,4.63716275397601e-08,6.12005833778997e-05,-9.42024754771698e-06,0.00013200908691248,-7.95101873223904e-06,0.000325320621261944,-9.74547283863071e-06,0.00108179944034991,-0.000175681443529578,1.88214894153854e-05,-3.63012574360504e-05,0.000419848641506209,-2.14600535599775e-05,3.01460212128768e-08,-6.82977015509386e-05,3.6294395930312e-06,-3.79991085951712e-05,1.38665987742753e-06,-9.17551073232452e-05,3.10856973423093e-05,-3.25229354270934e-05,-2.77738452355331e-05,4.25614776310695e-06,-0.000137766862249084,7.31586963211716e-05,-5.14016577206541e-06,0.000195469671036752,-6.8876540341042e-07,2.34001256441691e-05,-6.2521925616728e-05,2.32342558199658e-05,0.236223930097209,9.61719300238107e-05,-4.40207725212388e-06,-0.00518115524277118,0.00212896651518204,9.55794955701573e-08,-0.000566152551624898,1.16296362743071e-05,-4.74769069694212e-05,-5.88773908720064e-05,1.94127318479375e-05,0.00029976000454486,-5.03136973627926e-05,-0.000360348331650911,6.9517103808624e-05,0.0404760618928101,0.00325773333360197,4.24876776245459e-05,1.29893235352353e-05,-0.00290595708860871,4.73486113731628e-05,-3.07146009441601e-06,-2.64407678003075e-05,0.00478671164352767,1.31308903034445e-06,0.00797570011642972,0.188378315684315,4.87161190538837e-05,-4.28026534160929e-05,-1.67638100972496e-06,1.64103151138945e-08,-5.97182000252334e-05,5.42751704370992e-08,5.90689259701672e-08,-3.23491778378093e-08,6.99568793967025e-05,-2.26199891944653e-06,1.0391086055111e-06,-4.01563958971964e-07,1.07956731867454e-07,4.92420242310633e-07,1.3929583517931e-06,-2.39142197283198e-06,2.90336585632155e-06,-1.55251582198499e-08,6.5505452424349e-07,-1.00319693010707e-06,1.16286430895485e-06,-1.26643953923522e-06,3.26869077819731e-06,-1.25306567976231e-05,3.26520341910237e-06,-3.23218970350789e-06,-8.89431698588231e-06,2.9126270269735e-06,-2.89264137288838e-05,2.94637145223462e-06,-9.60896368786952e-07,1.98891684248972e-06,6.5731707867721e-05,-0.000123855088134985,7.16568400886207e-06,-0.000582951972525564,-1.0658696429879e-06,5.00585455807818e-07,2.32876401441341e-06,-1.41250462432848e-08,-9.56102148282788e-06,3.00142068138543e-06,-8.63554743523638e-06,-5.52738565747069e-07,-2.14182791343802e-05,4.1914332426352e-06,2.67653710190198e-07,8.44412247013879e-07,-5.33145412920509e-08,-2.48011999238254e-06,3.77564770313784e-07,2.46773269801963e-08,-6.09137575042559e-08,-9.4664451530497e-06,-2.82338136183955e-07,-6.05630659023816e-06,2.26995615210966e-06,-6.80944335318814e-07,-5.9761874971945e-08,9.01976197910478e-07,-0.00257936227342351,-9.30473119723844e-08,-4.33828685797715e-08,-0.00182449322120424,-1.30181956463264e-06,-9.70217406315818e-08,-2.2414215724765e-05,2.55406400560304e-06,-1.70758127100333e-05,1.85283418084133e-06,3.17598880181217e-08,1.58024380898493e-06,2.12843663744148e-06,-4.00012577300022e-05,-3.97305524475532e-06,4.99891776421958e-07,1.79870812719793e-07,4.98249139208957e-06,6.96041628451915e-08,4.4099122388691e-07,-1.88118968391449e-06,-1.1766127999757e-06,-3.70642738293813e-05,2.34920940055711e-05,7.38305345522337e-05,-1.01910203810581e-06,-2.62026402530405e-06,-1.28400066450198e-07,-1.61152999823519e-05,-4.6191047978922e-06,1.09633337216977e-06,4.92894258892295e-06,-4.33667034273079e-05,-1.28655508045099e-07,2.38008999735342e-07,9.46913756787642e-07,7.89163170902319e-07,1.62057072677521e-07,-2.28644682358752e-07,-4.21296505907309e-07,-2.13485760223955e-06,2.50333892050526e-07,1.06157010430931e-07,1.05880712722525e-07,1.75778984372303e-05,-2.86012140403817e-09,-0.000197856550266574,-2.62210369081394e-07,-2.55365682214509e-05,4.75203266447551e-07,1.77033341629421e-05,-3.5700775660066e-06,-8.25927563791501e-06,-1.60693501604262e-05,5.68253323335987e-05,-0.000314379933750549,-9.29977524887314e-07,-5.94115608946645e-07,-7.92945469413484e-07,1.23425919653997e-06,1.07417366282949e-07,-1.97463531347082e-07,-9.80227762319086e-07,-5.33799753130528e-06,4.29785049166935e-05,1.65596452286669e-06,5.34749128489039e-06,-1.35579698422322e-06,-6.92822535266206e-07,-7.30852085045017e-06,-5.03016578168262e-07,-7.86695209694587e-07,-6.23552732993044e-07,1.32344295336694e-05,4.36239809268936e-06,2.09203532059672e-07,3.49709084147536e-07,-1.83581847132236e-08,-2.99760993138038e-07,-1.54909022824657e-06,4.68608387113757e-16,-2.31576723330663e-07,1.73862668073066e-05,-4.88930962727309e-07,-8.78924584438337e-06,-1.40721910520802e-06,1.68197775142754e-06,-2.71895176238984e-07,9.86472823255775e-06,-2.24846195825504e-08,1.47640742740285e-09,-3.77537007849586e-06,3.42068931003557e-06,-1.0725814578176e-07,1.46723821891048e-05,-6.80709764271816e-07,2.54780310174518e-07,-1.65382955085716e-08,4.48669293974522e-05,-4.07940440353205e-05,1.13400999745537e-05,3.60593084090975e-07,-6.95223215505699e-08,1.51834760368221e-06,-2.9439597042354e-07,3.23785955066307e-05,-2.60387853228836e-05,1.61531427628401e-07,-5.50640519004419e-08,3.56838437336674e-06,1.07830231800625e-05,-0.000581776548292838,5.69667778031489e-08,2.37685217270779e-08,-5.42558073726859e-08,7.5593724293468e-06,-5.78002699157175e-06,1.30284478059019e-06,-2.82457389402909e-05,1.36892348967848e-05,-5.782010162133e-05,2.34296885760648e-06,-1.38157136883214e-06,4.71138921708163e-07,3.84014166738202e-17,-1.20824187708296e-06,-4.1766867088437e-08,-2.28936951757989e-08,-0.00446206754475716,4.42166899696533e-08,-2.94525327291993e-08,-7.02821569992132e-07,8.71829766348469e-08,-6.96510909327924e-07,1.82576448573988e-06,6.76326834526905e-08,-6.22428375447439e-08,8.10429106652066e-07,-9.8795485154364e-07,8.34055206116264e-05,-4.88685076616418e-07,5.74391884107864e-06,2.87849187258859e-08,2.48272132150902e-07,1.25020619257902e-06,-1.11168525201112e-05,1.46845071191151e-05,-1.02802506348915e-06,1.4071842005025e-06,-5.13450795094142e-06,3.41266252576592e-07,3.09716843921007e-07,2.3821584013538e-06,-6.44394613552342e-06,-3.30620454418935e-07,4.41615773054642e-06,-1.85441547639548e-06,4.63853006464692e-08,4.40967963481573e-07,-9.02551802422706e-07,3.25122038398401e-17,1.15356842093284e-08,0.0430981895602486,1.53915107959604e-06,-1.0822744387978e-06,-1.47294013011876e-06,-1.86398102488575e-07,-2.12225682971667e-07,8.92764853196171e-07,5.78453440784355e-07,-4.18126914108519e-16,-1.21150659340381e-06,-1.56289861619951e-08,-4.9268390175949e-08,8.90328638026892e-05,4.59193957018287e-07,-3.46670404277008e-08,-1.55737726198097e-06,4.6740877155607e-07,-3.3439601249365e-05,5.87267017953753e-06,-1.743509280448e-06,-4.30013723446516e-06,-2.95356947379489e-07,-6.38066061755123e-07,-1.40437469529228e-05,0.54347284324657,1.92283606223522e-05,3.56051841801353e-14,4.30006666435343e-05,-2.80550871108057e-06,-1.28908928625866e-07,-4.67240510406627e-07,2.07809140850925e-06,2.55010167678845e-06,-1.35857394854363e-05,0.00010313454631989,1.6520776707319e-07,-1.08412851384952e-15,2.81120518733507e-07,4.18054609435079e-05,2.9993580972874e-07,1.01073754380222e-15,-4.91045323096146e-07,-4.77982534204053e-06,7.16547018365963e-07,3.67781644536122e-07,1.15515010666203e-07,5.91008420290284e-08,2.04070687287952e-06,-5.13126474308278e-08,-5.38664017471922e-07,-7.93527045024692e-06,-9.06622080725963e-08,-9.08455117592385e-07,1.89903114669329e-16,2.79066435617685e-07,-1.25094814610461e-07,-7.29570454919749e-07,6.23203781389362e-08,1.53496914016682e-16,4.03114276724252e-08,-2.80545572207817e-08,6.45455963576562e-09,4.45940483142577e-09,7.54427718708271e-09,-7.22953114198762e-09,-1.23576218488658e-07,5.77528969776116e-08,-1.19071334783923e-16,3.23716136597913e-07,-4.44504461671435e-07,2.08654239992828e-06,4.69854973195614e-07,-4.80128338627364e-08,-3.28844348799975e-10,2.4459601011273e-16,-1.82844690852569e-16,-3.53928580704982e-10,-3.4368726315154e-07,4.57902289091826e-08,-7.14068328801674e-08,4.14126251260801e-16,-3.96605819271406e-08,-5.01958551324927e-10,-3.75236533634461e-16,2.43471120876112e-16,-1.09720155124133e-16,1.33691290197882e-07,4.06900857386039e-07,-6.60552046984228e-07,4.35662283339431e-07,2.20234528432052e-07,5.34260129062786e-07,-8.38792219480041e-05,-1.04725582466835e-15,-1.92119517647555e-06,1.74883622704262e-06,8.03682823642516e-16,-5.71269887769453e-15,-0.231114176531183,2.93885441048231e-10,9.03474288350588e-07,-4.88033983233185e-07,-3.66025049951744e-07,1.83362143667182e-08,1.92124867021033e-15,5.6169232413572e-08,-5.26329568259224e-16,1.49164525097805e-07,-1.81658073999946e-16,2.28604855680924e-07,4.24002232314298e-16,-1.45233678245644e-07,-1.92816227503123e-07,-6.71413673010505e-09,-7.8283612153578e-08,-4.08107255722735e-07,2.32836330323415e-08,-1.88283113596091e-07,-3.03247311627505e-09,-1.464113836456e-08,-1.00672640898698e-09,-6.5949405777467e-09,-7.288454711843e-07,-1.05336406923237e-08,-1.43421390707206e-09,-4.42941764895942e-08,1.80414788951448e-16,0.000581020099375675,-2.62103325183986e-07,6.77250477477715e-09,2.3779783935156e-15,1.01670149413177e-09,3.18192405535545e-08,1.20553250766856e-07,3.90849559914259e-17,-1.07517027020624e-05,-1.6978465883274e-08,1.02928146456024e-16,-2.32686441895566e-08,4.25989416596748e-07,1.90062358908179e-17,-6.0615587716832e-17,-8.57625723622857e-07,-1.27584500390508e-08,-7.41205590808346e-11,-1.05079415585956e-07,2.92024618309164e-08,3.11249641029507e-06,8.33072652995065e-09,1.07243562309183e-07,-1.88650396297059e-07,-5.97286976822264e-16,4.34497642266916e-09,2.71855584046259e-10,7.55932836324964e-10,7.13747146444543e-08,-6.24027396851896e-18,3.17421167572861e-16,2.37569727236548e-08,-2.20486167309464e-16,-1.26788597564444e-16,1.59988723244452e-07,-1.81038558559503e-07,-3.70438510258284e-07,-2.0845164883279e-09,9.59120994065189e-06,6.61863270781235e-08,5.73524291946839e-09,-1.58473641883833e-16,1.51638908933906e-08,7.20236248904966e-10,3.33037497181292e-09,-0.000280103241174749,1.44575393049849e-06,3.25799624853681e-16,-1.79289288845679e-16,4.52669103994697e-16,-1.18195439247334e-08,-6.35593518120162e-08,-3.34519139800481e-08,1.17842179956039e-15,-1.61120466209724e-06,-4.26777088187053e-16,2.73342309319943e-16,7.58555939427471e-07,-1.66633344353244e-08,-2.73435787900844e-16,-4.13800213810969e-08,-7.74086499418586e-06,9.68374971072995e-16,6.48132766546496e-08,1.3306675000644e-16,1.7531304249912e-08,2.73147886750732e-16,1.7525656171171e-08,1.52168461861176e-07,4.55277100824876e-05,5.15115659910551e-09,3.55481371388342e-08,-1.24577906504797e-07,5.02455232370125e-08,6.05724958099647e-16,2.32655460450499e-06,-2.09939465551541e-07,9.73514264946151e-16,-1.73646822870669e-08,-5.11478752970633e-08,8.28251314009445e-08,1.91341207449214e-15,3.88602472806795e-08,1.83984777683425e-05,-7.14156729869002e-16,-1.27912574505902e-07,-2.83678459013424e-08,-5.34138997494176e-07,3.56908213329798e-15,-3.73550769524635e-16,2.69112229652272e-08,8.28077263214554e-09,6.70623597367699e-10,-7.62992719831719e-08,5.02907558924449e-09,1.17584711253448e-14,1.46542583255689e-15,1.84001662914405e-08,1.26862657245201e-10,-1.41268044152603e-14,4.46429957896789e-08,1.14408674985208e-14,2.55745403646193e-07,-8.61393441348525e-09,-5.03474373126401e-09,-3.34224871744175e-08,6.10051304676262e-14,-0.707106781186547,-2.75290515537827e-14,6.54224690420648e-15,-9.70354105108779e-07,-6.53980890509122e-08,-8.15282330543295e-15,-2.91883231247056e-14,-7.87569209472721e-16,1.47047129425581e-07,8.31596924358386e-10,-7.32111253778416e-08,-6.97266923152763e-15,-2.56440918847134e-16,-5.47766042593989e-16,-2.91556831986443e-07,9.86224528105479e-08,7.10601627608074e-15,1.14341373002392e-08,-0.000510916719335606,-2.70248028792515e-15,-2.86845487904036e-15,-2.72538930272245e-08,-2.79946831045286e-10,-1.37014623551584e-08,9.47057012974481e-16,1.55801217097071e-08,2.27811744057124e-08,2.45593098614044e-08,-2.25108129125207e-08,-8.02918281773641e-08,6.85634350325012e-09,-2.66088692010614e-15,2.63686122526097e-16,1.6838771891051e-15,1.31983316798462e-07,-1.90170422908412e-07,-6.51666742917314e-09,-5.16479584040379e-09,-2.22932278466396e-16,-3.38978408599577e-16,-9.22869560197225e-16,-9.24417086699923e-16,1.18123473655841e-15,6.430453071e-07,8.77114422004878e-16,5.80980597948424e-16,-4.03101658958391e-09,-5.90688720319882e-16,-3.60897897526563e-09,-1.41379462229287e-16,-4.47543090864381e-09,-5.014225279864e-16,-5.44604102531784e-09,-6.82352849006847e-10,-4.31434343398222e-07,7.55027322878944e-16,2.19851755060458e-08,4.40061992786597e-16,3.13391354414668e-08,-1.43452238851459e-06,3.06495907538512e-10,-1.19070496203585e-15,4.48554961907383e-08,-2.35500975220088e-16,-1.10648312563837e-08,-6.2465097934411e-08,-7.49921430499931e-16,1.32171661049208e-15,1.02713821506535e-15,3.77620698776158e-16,-2.10307595537709e-10,-2.74072729770813e-09,-6.12535433586911e-10,-6.29629867342342e-16,-1.24285492033708e-16,-2.29673091147151e-06,3.66815770675962e-07,-4.45897315278907e-17,3.86146977097563e-16,-2.81806534292122e-09,-5.47056497336345e-17,-1.99925778939762e-08,-7.25666481522561e-17,1.89346223063476e-07,2.644688544366e-16,2.69259698145041e-16,2.95573493696355e-16,-2.89628350543812e-16,-5.11526145486435e-16,-1.23761607964418e-16,2.53070402297188e-08,-1.77000792578185e-07,-1.03291610227609e-16,-1.70280110082215e-08,6.48299318896218e-08,-1.968221680494e-16,4.85863275405201e-16,1.27721318526055e-16,1.11427346936422e-16,6.41551704062559e-09,1.02688777048003e-09,-4.62348038045708e-16,-2.56564412191296e-16,-1.1672323267034e-08,-4.16427567792937e-08,-2.22231847828539e-07,3.48425217017139e-17,-1.38531957656045e-16,1.64824560286045e-16,5.36623468693156e-16,1.38823879562007e-16,-3.13270730041618e-17,2.47777702476311e-08,-2.34498431071535e-08,-4.51178801162499e-09,3.8429315872484e-17,-1.08585070620944e-17,3.6614046414796e-18,1.57755279873088e-16,-1.32316283688552e-16,5.63130977831888e-16,-4.96176572387027e-18,-6.64832613233881e-17,3.1134502047306e-16,7.1834915579763e-17,2.21660870640378e-16,4.40329947182839e-17,-2.40779230750363e-16,1.90114433363179e-16,1.72680908228536e-08,1.89268356029744e-15,2.09060655490865e-17,-2.50911144517841e-17,3.89128379568486e-07,-4.26622723105535e-10,1.60745492584186e-16,-6.31830495523871e-09,3.5626467899998e-07,2.29767613820312e-16,-2.22861388480169e-16,-6.26354404486626e-08,1.68124832515045e-17,8.80508908554479e-09,-6.65233260820161e-13,1.54022851106999e-17,7.0035855811465e-17,-6.00824109544874e-17,7.86882240280376e-10,-1.0807938871688e-07,3.96175286060799e-16,3.80443160434148e-16,-1.37837068160351e-16,-1.47184705791233e-16,2.77664176373538e-16,-2.28343599526506e-16,8.68705917024523e-17,9.38092508805868e-17,9.0828668205376e-09,2.59060272012302e-16,-6.99069758325222e-17,-4.41332375608905e-17,-1.61283836627418e-16,-2.15134534420091e-16,-1.64996022788737e-16,-2.60079905474714e-08,-1.15272463825662e-16,-1.7997133707783e-16,1.93997526776935e-08,-2.07911756792884e-16,1.6245555082774e-16,8.7300904189995e-18,1.93892358833135e-17,0.000123939188256415,2.81281959480969e-16,-1.19457023092934e-08,1.92688498627625e-16,1.22732070204081e-16,8.3809182179036e-18,-4.80172178128385e-16,2.33799614617066e-17,-4.77269889545246e-17,4.33601604959231e-10,1.04221475537146e-16,1.02099330122535e-16,1.69160723768741e-08,-5.42266414559436e-08,1.48951483076044e-16,3.80351338369986e-08,5.57284278726083e-09,1.57717701982656e-16,-3.1808724534916e-16,-1.91824119447628e-17,1.24046373594253e-17,-3.0200710752442e-16,-9.40933502450888e-09,-6.30166021895966e-17,8.40678411961735e-17,3.18145117088717e-16,3.77183287147252e-09,-6.28203277544306e-17,-9.12338064903621e-17,-9.02478886530313e-17,2.12311499147924e-16,-1.72133437162297e-09,5.44418954231296e-17,1.80925341474244e-07,-3.98148721763475e-18,-6.88344958731203e-17,1.84346511958838e-16,1.29194720712827e-17,-1.27799605414309e-16,3.97290143608691e-17,-5.23120679525176e-17,-6.22019024320427e-08,-1.31812577970369e-16,2.43687217367102e-16,4.15901414586436e-08,6.51675136478899e-18,-2.29833190984795e-17,-2.58837191971497e-16,-4.16913377633424e-17,2.08058882444405e-16,9.15780738751162e-17,-2.75418800675262e-08,1.29335059755246e-18,2.38432968175685e-16,9.00226751475564e-08,-8.22601861620148e-17,-8.92806516118972e-17,3.38498905672134e-16,3.08818890279033e-16,-1.74406119652697e-16,6.87541747568127e-17,-3.68988372386306e-17,1.67782720744292e-17,-1.51395694806833e-16,-1.03448840797528e-16,-2.39037869321443e-17,-4.73739303030686e-08,9.88790269337919e-08,2.09682566224588e-18,2.03460465281112e-16,3.59719232401733e-17,1.96532941183412e-17,9.00972005335454e-17,-2.72611536563073e-16,4.72765547174275e-17,4.75434168777018e-17,-1.2444147951115e-09,-1.16229554559938e-16,3.96095576736505e-17,-8.00010046778488e-17,-8.26725802701937e-17,1.59620027167288e-09,1.14694053674351e-16,-1.74933758201011e-09,-3.73049367098488e-17,-6.64495902514988e-17,-1.86220106882712e-16,2.03126594559674e-17,1.05063196891213e-16,6.67586698581125e-18,-9.46316106351575e-18,1.24277453189258e-16,3.98821089602041e-17,-1.78687353021251e-16,7.10820351249115e-17,-1.97046643034775e-16,1.53563202648773e-16,9.73312071770144e-18,-3.75562335635988e-17,-6.65904338580772e-17,1.23297565711428e-16,2.21879742821997e-18,-8.12890584555172e-17,-6.47690594273195e-17,2.12720466241656e-16,1.13925434694312e-16,-3.50910983234389e-17,1.89600718551282e-17,4.04830123555626e-17,1.215466940651e-10,-1.65011163899859e-16,6.94063638632e-17,-1.849050124566e-16,-2.17034318859566e-16,-9.52964488246755e-17,5.83925154109676e-17,8.40397043752031e-18,2.85973056079043e-17,-9.53570240918706e-19,1.60655471651483e-16,-1.21213802883879e-16,-2.60720457823324e-16,2.17133275332757e-17,5.88199351610302e-17,-6.25153595547915e-17,1.25613863012347e-17,-2.99093601641876e-18,-1.57206552156652e-09,6.33251790473895e-17,-1.29359468977119e-17,7.94483715666322e-17,-8.33091333084006e-18,4.14239219679749e-17,-3.16584384193756e-17,-9.31353529776981e-17,-1.11354121901972e-16,9.42811933747304e-17,3.34755134422472e-10,7.42438652131238e-17,-4.06365868308237e-17,-6.0056809768462e-17,3.52964444929746e-17,-1.05934747887181e-16,1.24388813434872e-16,-8.67431057060662e-17,1.84125767947087e-16,3.69442418939464e-17,-6.77437819891924e-18,-7.24944765064803e-17,4.66995369492697e-17,2.77926132222295e-17,1.69723500289013e-09,1.07911739566273e-16,-7.47094793899929e-17,-3.18859558152389e-16,-2.206351421008e-16,-5.12017808441502e-09,5.1468053440811e-17,1.28738200325725e-16,9.76275948442337e-17,-9.22899642687354e-17,-4.64179701460011e-18,9.74110540663708e-17,4.29898776908951e-17,5.56968394235182e-17,-4.5674536693544e-17,3.86276379923386e-18,1.0023083674762e-16,8.79508888777334e-18,-4.90622076643086e-17,-1.54813261686771e-16,3.45176995813806e-17,1.0351608812779e-16,-4.9002050206269e-17
"t870",-0.0434830985079479,-0.0629262235527002,0.0220393946279017,0.0281308334972705,0.00205596786087668,-0.000798662695433806,0.00437584366697762,7.29210776513794e-05,2.03108134837376e-05,3.07618450816657e-06,0.000112005253041762,-0.0287685760727899,0.0588278216292306,-0.0115583603238914,-0.0124736011752619,-0.0229643079118852,-0.00265149870943503,0.173798836407029,0.000215653517932308,0.000121426474891211,-0.00278338235318228,0.000707040687307613,-0.00168281688975215,0.0304274046889114,-0.0846785583932237,-9.46731163698101e-06,-3.71469131698678e-05,6.4155291675194e-05,-0.00241486474477846,0.00265978124399482,-7.98597365423443e-06,1.42768930408968e-05,-0.00607221434043972,-3.2607916161108e-05,-2.49538591444689e-06,-1.55729727537718e-05,-0.0217351365750812,-1.53337340872994e-06,-5.81826662854597e-06,4.01141472652009e-08,5.2629529480129e-05,-8.05852214995454e-06,0.000112547343435748,-6.77691391960844e-06,0.000276156380224876,-8.14363671356828e-06,0.000899435350797899,-0.000145713516137292,1.55033687789502e-05,-2.96713159156438e-05,0.00033950631199411,-1.72638432067614e-05,2.42327851253627e-08,-5.45378068985466e-05,2.85920988258865e-06,-2.98717462279965e-05,1.04587976955834e-06,-6.83453795123534e-05,2.31193465869769e-05,-2.33932039221357e-05,-1.9425298775731e-05,2.93286206154361e-06,-9.374690899173e-05,4.96213869716895e-05,-3.39998404549871e-06,0.000126197485430385,-4.18751459501998e-07,1.37998886360896e-05,-3.63247849774179e-05,1.3120776947074e-05,0.110171917476952,3.59585971755371e-05,-1.57577260621384e-06,-0.00167555170072053,0.000678910529274384,2.89669857823446e-08,-0.00016794063423154,3.06889587041792e-06,-8.63729645040454e-06,-8.55332350631035e-06,1.49828486856388e-06,1.84096933111708e-05,3.34908551211905e-06,3.97034003902109e-05,-2.30369761956509e-05,-0.0163392595201261,-0.00157436826541563,-2.11096170057371e-05,-6.50007991105288e-06,0.00148048096964032,-2.56925821735777e-05,2.84004709564254e-06,2.55801386988118e-05,-0.00623696057334119,-2.86096693919851e-06,-0.0188465436455864,-0.446845534514323,-0.000143297208037212,0.000136952595385344,7.60100626074321e-06,-1.04644363586179e-07,0.000394013660592946,-3.72462221282963e-07,1.06809357874857e-06,-4.84858282612032e-07,0.00092842198427449,-2.50883111188633e-05,1.10334575133304e-05,-3.96914810171468e-06,9.68462827888436e-07,4.29102138394131e-06,1.04291990894454e-05,-1.76187401889705e-05,1.61512404010289e-05,-8.24414962947319e-08,3.17742842613524e-06,-4.69253682827875e-06,4.97724007038933e-06,-5.03875801147826e-06,1.23867288288065e-05,-4.62857622972511e-05,1.11492843713822e-05,-1.05600165619144e-05,-2.90125169301782e-05,9.44432368420674e-06,-9.0102766330895e-05,9.14865498012141e-06,-2.89174362958436e-06,5.54134054033611e-06,0.000182994397059883,-0.000342890931825921,1.90075979199698e-05,-0.00153437167729502,-2.79003767478236e-06,1.2823365854149e-06,5.94836931226826e-06,-3.46373393533745e-08,-2.27722654444816e-05,6.90042100689592e-06,-1.98350443263615e-05,-1.26251579444276e-06,-4.87848135977352e-05,9.50456774838507e-06,6.05918758026053e-07,1.91155116573057e-06,-1.19286949669617e-07,-5.4294357338009e-06,8.09946949629841e-07,5.26840714940821e-08,-1.28721460333094e-07,-1.99883629006868e-05,-5.93911186095772e-07,-1.27118417120306e-05,4.75277132405985e-06,-1.39552437405967e-06,-1.2208001314232e-07,1.83836870103031e-06,-0.0050228433648831,-1.79451498493161e-07,-8.35480372037422e-08,-0.00348650417990684,-2.48384574338883e-06,-1.83377962011514e-07,-4.23172936354051e-05,4.78019773682399e-06,-3.17037093702595e-05,3.36733964392443e-06,5.76795924712189e-08,2.86938382978785e-06,3.85433881434661e-06,-7.22121571987316e-05,-7.16916330401456e-06,8.96647080923754e-07,3.22039711211654e-07,8.88593556180819e-06,1.24017205971078e-07,7.85357759449461e-07,-3.32133821138271e-06,-2.05982505867976e-06,-6.47942813279716e-05,4.10129425921716e-05,0.00012839328568601,-1.76962970649978e-06,-4.54346493404655e-06,-2.22343823136784e-07,-2.77829451934256e-05,-7.95480568605676e-06,1.87109422708258e-06,8.4097049680465e-06,-7.37771205184277e-05,-2.17186560397446e-07,3.99323535713943e-07,1.5854116966671e-06,1.31728395551229e-06,2.69905797747656e-07,-3.78355417116319e-07,-6.96198259608633e-07,-3.51781726302421e-06,4.11918191223524e-07,1.72856043188569e-07,1.72323820300242e-07,2.8487545470391e-05,-4.616439335685e-09,-0.000316372356470996,-4.19256381559088e-07,-4.07969115723606e-05,7.57248127573664e-07,2.81614471071799e-05,-5.65323729098187e-06,-1.30069238324598e-05,-2.51975709995628e-05,8.89881703263387e-05,-0.000489458829313228,-1.44330521991668e-06,-9.21978246907649e-07,-1.22753815775641e-06,1.89915768244791e-06,1.65093450035973e-07,-3.01657302825628e-07,-1.49130832866089e-06,-8.10972882215889e-06,6.49204369372925e-05,2.49799979189785e-06,8.05468721564195e-06,-2.03304403429367e-06,-1.03796648881966e-06,-1.09470000935067e-05,-7.49798593985533e-07,-1.16923106981439e-06,-9.23766220576333e-07,1.95775559058747e-05,6.4434919728254e-06,3.08567469213274e-07,5.15601344222591e-07,-2.69669266922272e-08,-4.3931688717618e-07,-2.26463245839772e-06,7.29583478150943e-17,-3.37337506682447e-07,2.53084729091159e-05,-7.08210043409019e-07,-1.26826588420179e-05,-2.02419710161652e-06,2.41896245679653e-06,-3.88740330476941e-07,1.40900554119059e-05,-3.21007069502325e-08,2.1032185542394e-09,-5.37023194714304e-06,4.85250271959594e-06,-1.51969630569411e-07,2.07782975526772e-05,-9.61344942223637e-07,3.55641525426379e-07,-2.29882290047798e-08,6.21438419655785e-05,-5.60603764372006e-05,1.55750692116152e-05,4.92480623363869e-07,-9.46470689192699e-08,2.0575248133295e-06,-3.98340520107804e-07,4.37415652161223e-05,-3.50992916475278e-05,2.17020091229995e-07,-7.39513693568943e-08,4.75132152391648e-06,1.43547681395669e-05,-0.000774308302059379,7.56381993925027e-08,3.15306274085793e-08,-7.17676806993318e-08,9.99389305184473e-06,-7.50418079697483e-06,1.68795058270832e-06,-3.65338553952802e-05,1.76375429015747e-05,-7.42625164181624e-05,2.98742092296858e-06,-1.75777992495408e-06,5.98399158229758e-07,1.33164591100753e-16,-1.52537022107719e-06,-5.26869302736029e-08,-2.88029346759634e-08,-0.00557801101051567,5.49640489700561e-08,-3.65115228924909e-08,-8.70082978107812e-07,1.05969151427847e-07,-8.45549114915676e-07,2.21569602148484e-06,8.1607945995826e-08,-7.38299948499633e-08,9.583261912028e-07,-1.16570706340481e-06,9.76925329576158e-05,-5.55299855403885e-07,6.43635371027284e-06,3.22278790634828e-08,2.77898241027056e-07,1.34635569868164e-06,-1.13475142199109e-05,1.487415607584e-05,-1.02919244940726e-06,1.38791148722846e-06,-5.04016093064387e-06,3.2077712796601e-07,2.90086010895596e-07,2.2163581997349e-06,-5.96762773306297e-06,-3.01363810627938e-07,3.9508551884445e-06,-1.62861644419144e-06,4.03930157049446e-08,3.78273483182521e-07,-7.47523696934328e-07,4.01450416403332e-17,5.70236476446391e-09,0.0175022702707751,2.53068717247684e-07,-1.65773068821056e-07,-2.07485149837812e-07,-4.7805837593865e-09,7.60039680806789e-08,-1.96710107582894e-06,1.06435504095126e-06,1.78480364809072e-16,-1.04545531750087e-06,-1.29431523174219e-08,-3.76862364102345e-08,6.74992782794387e-05,2.93174970395266e-07,-2.01757631762098e-08,-7.89224788564298e-07,2.13235035837401e-07,-1.15689955687062e-05,1.40829741026399e-06,-2.93187538151267e-07,-5.42459541742272e-07,-2.93520011456411e-08,-3.21666535378011e-08,-6.30591174780403e-07,0.00483816270065303,-3.79895514274009e-07,3.32655034482825e-16,-1.10222316926475e-05,8.73090798476678e-07,4.01881872543265e-08,2.24749972667778e-07,-1.05665899103008e-06,-2.27791540543913e-06,1.38951750620408e-05,-0.000108249163143827,-1.90842221317177e-07,9.31394996724963e-17,-3.60973501571585e-07,-5.57908415378788e-05,-4.6083577412546e-07,1.45665054786058e-16,8.74938744863881e-07,8.81531268154887e-06,-1.34526047805206e-06,-7.16292644211752e-07,-2.39196220285287e-07,-1.28125618623659e-07,-4.58554407215247e-06,1.28214512570692e-07,1.36302886564758e-06,2.16054762438593e-05,2.81122662974241e-07,2.83582699624448e-06,8.86881942973491e-17,-1.13351561994029e-06,5.3281348032485e-07,3.45840133702416e-06,-3.50253373295301e-07,1.12630807801407e-16,-3.43725018600532e-07,4.50271005120238e-07,-1.57101150240458e-07,-1.40146762964744e-07,-3.56049616777253e-07,2.65017574421368e-06,-5.10970816998382e-06,7.36482082287467e-07,-5.91433394995987e-16,2.78185578546387e-06,-3.72373521327209e-06,1.66232517600032e-05,3.51143274195295e-06,-3.57150869405236e-07,-2.4051526330032e-09,5.89805981832114e-17,-1.50334407294352e-16,-2.36550765382858e-09,-2.1407659711626e-06,2.82842330093038e-07,-4.16160751307009e-07,7.93435022605297e-16,-2.05298170571244e-07,-2.4692476756378e-09,3.34729833196529e-16,1.94211587785688e-16,-1.50889012104352e-16,5.57321487894875e-07,1.65784219677524e-06,-2.47203503373647e-06,1.50189548171403e-06,7.51363943352267e-07,1.64092863619728e-06,-0.00025416668825966,-3.91074796767413e-16,-4.24619390094888e-06,3.25999450938182e-06,-4.29251918962904e-16,9.88379255960624e-16,-0.00430357442557669,-1.76414899382315e-10,-1.43695709430968e-06,1.1637748179276e-06,1.57457874474006e-06,-8.56814847782371e-08,-7.71710737551224e-16,-2.9283632165287e-07,2.72182518943425e-16,-1.04754727371388e-06,1.19018293484596e-16,-1.97779025785493e-06,1.30582537433203e-16,1.62732914974699e-06,2.27554600152671e-06,1.59811521294412e-07,2.18474767696474e-06,1.21934171122178e-05,-9.50464125558486e-07,1.03558560344711e-05,3.99850664342704e-07,1.94923513970549e-06,1.9408920056189e-07,3.58023404425606e-06,-0.000693275330562301,-4.59206208365618e-06,-5.50264000776982e-07,-1.72789491831301e-05,-6.27904353090333e-15,0.347055422408718,0.00149034461949362,-6.72240598171545e-07,-1.9198062604271e-13,-7.19712869569572e-08,-1.5005369849347e-06,-4.90497068198902e-06,-5.96094017853466e-16,0.000407330550601194,4.97000969710246e-07,4.30057994671109e-16,6.07300118218838e-07,-6.25148947800522e-06,-6.43226172276141e-16,-2.13082717644113e-16,1.04246167420364e-05,1.52592180382689e-07,8.22936266300843e-10,1.07203798266147e-06,-2.48384301013947e-07,-2.60748542285968e-05,-6.83168810848238e-08,-7.03248864900718e-07,1.04066195769804e-06,-2.77246758537131e-15,-2.24900196780619e-08,-1.39195001728919e-09,-3.72635675995545e-09,-3.36244487282608e-07,2.85661502777949e-16,3.45958564911537e-16,-1.05230529746819e-07,1.5346625248947e-16,6.87754085851716e-16,-4.84448624274066e-07,5.13391219834546e-07,1.04904545336435e-06,5.10857518635339e-09,-2.30454606727517e-05,-1.58358395971779e-07,-1.3351151655491e-08,5.3534780371876e-17,-2.61121252865347e-08,-1.15911513600372e-09,-5.23958813433431e-09,0.000392484107738075,-1.61413764948992e-06,-3.80086620484936e-16,-7.79717793713322e-17,1.90298878865035e-16,8.99667166620858e-09,3.96601931650823e-08,2.05362909921842e-08,-1.87756155313747e-16,7.89551274245937e-07,2.80888822258203e-16,1.21699493999795e-16,-1.41242930030797e-08,2.2205231104123e-10,-2.84277809625699e-16,-3.62984969706685e-09,-1.11880945389935e-06,5.91883955972138e-16,1.66342943770463e-08,-1.39575403174098e-16,6.75615354008318e-09,-1.76577807959358e-16,6.95151679186073e-09,6.16816507668212e-08,1.89009693256145e-05,2.20857806306493e-09,1.63212835080495e-08,-7.11121379300247e-08,3.62660200215591e-08,4.62353782947132e-17,2.10618619800106e-06,-1.94147024199937e-07,7.36627695383685e-16,-1.65094008306653e-08,-5.10529820105654e-08,8.62248296220211e-08,1.4760880400684e-16,4.62347322438492e-08,2.24439458539311e-05,6.73882149003929e-16,-1.61216154016804e-07,-3.63261663375785e-08,-7.24775195109861e-07,1.36411385431133e-16,-2.30929710937966e-16,4.16991848072758e-08,1.35682474289905e-08,1.11150585246324e-09,-1.62980325145605e-07,1.12346756196189e-08,-4.76466440050785e-17,7.57229837893748e-16,4.24348506767709e-08,2.93782721402237e-10,7.62974552265959e-17,1.09327272965855e-07,4.59933008194789e-16,6.63006780088014e-07,-2.42841870810759e-08,-1.42827780875344e-08,-9.72134045446867e-08,-5.790437762079e-14,2.26791674261893e-18,-1.97992655545943e-15,-7.98931169324269e-15,-3.67767327389151e-06,-2.54382267202923e-07,5.7703127806116e-16,-2.75326925227886e-16,3.5804067755629e-16,6.33097856217321e-07,3.75733452127047e-09,-3.83503175238073e-07,1.25638795429086e-15,1.92472990670489e-15,4.79114361032207e-15,-3.76112161203591e-06,1.34610039694152e-06,5.13452428357668e-15,4.97367848109011e-07,-0.338288136460398,3.30722805785775e-15,1.78961828412296e-15,5.20834478343644e-07,4.92370318143415e-09,1.50339003816488e-07,8.64416605320222e-15,-1.01725257084148e-07,-1.1974778316738e-07,-9.98553664265959e-08,6.80174371858537e-08,2.25661750324869e-07,-1.69287818519568e-08,1.3162066328575e-15,1.21326446855287e-15,-1.45538116675175e-15,-1.69764707696936e-07,2.42309088194425e-07,7.67753650441675e-09,4.07614429593390e-09,7.85871726565781e-16,1.21770050861587e-16,-4.03044801028592e-16,6.22402808667075e-16,1.36335499071258e-15,-3.20296512366796e-07,-2.76111424910937e-16,7.46721294744513e-16,1.63488253204816e-09,6.65548709821998e-18,1.44688240477333e-09,-1.64139664252358e-16,1.75937033541062e-09,4.04124192011251e-16,1.39161267301642e-09,1.54224914021775e-10,7.89569062484461e-08,-1.67706935488807e-16,-2.92947566556182e-09,-1.19383020888587e-16,-1.09298723044972e-09,-1.07882405396462e-07,2.43962806538818e-11,1.86197052637539e-16,5.34227778972841e-09,-3.56971408877933e-16,-1.95765051411412e-09,-1.12204070144662e-08,3.07263116417535e-16,-2.00941751220417e-17,-4.17470700186977e-16,8.3343539272032e-17,-4.6967237592796e-11,-6.4230719410249e-10,-1.51243793867933e-10,1.80899018829943e-16,-2.1874527036165e-17,-6.96950333932766e-07,1.12186351150685e-07,-2.56301368638356e-16,-1.46414428804197e-16,-1.03932229612571e-09,-1.38668705839142e-16,-7.62395343099509e-09,-3.130540554177e-16,7.87712049032257e-08,-2.67828655780103e-17,4.50454404359905e-16,1.3199454914388e-16,7.97722210816847e-16,1.13795545515841e-16,4.83176507192478e-16,1.21431224196817e-08,-8.50690829060072e-08,-6.29973965761319e-17,-8.53140412720102e-09,3.30180604007515e-08,2.31674343280536e-16,6.20110434874522e-17,7.3568190830039e-17,4.29509074515153e-16,3.48615565483425e-09,5.65812526961858e-10,-4.22580078708958e-16,-4.2233004069411e-17,-6.52856482635933e-09,-2.33362740547513e-08,-1.25337065212451e-07,4.88302939826625e-17,-1.34471594833573e-16,-9.785297936747e-17,-2.45191876108942e-17,1.24535481475873e-16,3.53759082076792e-18,1.53299993441749e-08,-1.46205359766434e-08,-2.83420192435177e-09,1.49627731577497e-16,1.39348173294536e-16,2.73830405784282e-16,-1.32650202981393e-16,1.23677805720336e-16,-2.76782629454336e-17,3.03264477616348e-16,-1.00159238907342e-16,-1.11885656719195e-16,5.59147175517509e-17,-1.80255843559978e-16,4.35239052817956e-16,-1.69074503358705e-16,-5.45137948752106e-17,1.20911539188947e-08,1.32653999348999e-15,-1.05118941806041e-16,-1.84962377648399e-16,2.75836093471264e-07,-3.03254725170681e-10,1.69381364159951e-16,-4.49890606717384e-09,2.57342156725035e-07,-8.944212798981e-17,-2.73604984242903e-16,-4.60229633319607e-08,1.95559293735397e-16,6.59914056614611e-09,-8.50452792506035e-15,-6.20211888259201e-18,-1.55705530888922e-17,4.72886423487306e-16,6.07075535114389e-10,-8.35390245744655e-08,2.49784863681846e-16,-1.6110861361538e-16,8.01767618893787e-17,-3.29434053561924e-16,3.61581424523916e-16,4.18052903429091e-17,-1.48918509413158e-16,1.8061302859447e-16,7.63445848808674e-09,3.29536681868908e-16,8.14806608065816e-17,1.2333846711537e-16,1.37604048217328e-16,1.6640052044459e-17,3.35768024818178e-16,-2.2197413363164e-08,1.12763158152586e-16,-1.69609875471057e-16,1.66025852842224e-08,1.48541857968737e-16,-6.39243840214339e-17,3.51118036329396e-17,-5.05471690186483e-16,0.000109310536241565,3.19677008705598e-17,-1.05890692718593e-08,-1.60340883200077e-16,7.6723020248937e-18,2.43404687286179e-17,-3.141592261807e-16,7.17182548340965e-18,6.48715108107419e-16,3.88223849175206e-10,-1.49940732686785e-16,-3.15236378185115e-16,1.52585377444879e-08,-4.8931236983754e-08,1.90365260469761e-17,3.45346733958307e-08,5.06966747026133e-09,9.56096339582596e-17,-1.75401036637741e-16,1.19582854371921e-16,8.60014912440341e-17,-5.60176207105465e-16,-8.79147105880569e-09,-4.63438849874617e-16,-8.21261585342437e-17,3.1225084850092e-16,3.54684227860272e-09,-4.34687583146698e-16,1.75866674286992e-16,-1.57345222734704e-16,-2.41163214142124e-16,-1.63201783554875e-09,-3.05105357644373e-17,1.71963281856558e-07,2.99337766582598e-17,5.10219674935982e-17,3.81806715367302e-16,-2.21532142069559e-16,-1.055296678185e-15,-4.42911103107492e-16,-1.49281042472588e-17,-5.98753206351977e-08,-2.45712732476136e-16,-1.21041906256961e-17,4.01562440502429e-08,4.57171023243699e-16,-1.84707473534156e-17,4.11120252871137e-16,3.22435323713545e-18,-2.12380175291704e-16,4.49542635655734e-17,-2.68399240035003e-08,-3.88322702213013e-16,9.23603247604861e-17,8.80820142230828e-08,-7.93422541391948e-16,3.82935597702954e-18,1.89069522412875e-16,-1.73439608712162e-16,5.6242121683096e-16,7.4103302467428e-16,6.26562180145516e-16,-1.26167271484034e-17,4.86562344606846e-16,4.45517109771387e-16,3.13942457300278e-17,-4.70162495417292e-08,9.82938086699163e-08,1.88073374817351e-17,3.79263167030214e-16,1.37724329860508e-15,3.9224248657764e-16,-5.84113920426566e-16,-3.27603518934213e-16,1.83058594464853e-16,-2.47864218812866e-16,-1.2474374090497e-09,-2.27310033674251e-16,1.68049243667604e-16,2.48136444501299e-16,9.52921084880186e-16,1.61105155783477e-09,1.2537430150982e-16,-1.77877477784432e-09,1.67143243135448e-16,-6.51511858921141e-16,1.34704757632938e-15,-3.66686774953318e-16,-8.47646305307758e-17,-2.57557228389044e-16,2.6419705676099e-17,2.11039002118724e-16,7.43837200373539e-16,2.8685274654613e-16,-1.20570665424107e-15,-5.7227485908583e-17,2.09170609232573e-16,-1.38351272757109e-16,8.99671035315906e-16,4.40393280018789e-16,-1.17760722827441e-16,-1.58782052409583e-15,-8.87318626174635e-16,1.1017614344687e-15,-8.43455080085098e-16,-3.27611509234554e-16,-3.91849220342386e-16,-8.65031775007649e-16,-4.04176962864769e-16,1.26722378215408e-10,1.40128535547852e-15,-2.25140682985181e-15,5.04315190228175e-16,-3.45936981440031e-15,2.67786984522413e-16,2.86772375428979e-15,2.95952009420746e-15,2.09110850490369e-15,-2.77690050081332e-15,-1.01020512099747e-15,2.22792704424046e-15,1.28027997604595e-16,2.10733610472265e-15,-2.0439046398072e-15,-9.54199947351016e-15,-1.00831853030195e-14,1.27642798875144e-14,-1.66388956413338e-09,-0.707106781186549,1.33686291053444e-15,-3.53128995851409e-16,1.68853108672048e-15,2.13461480374508e-15,2.28028018294641e-17,3.07571520211697e-16,-3.21150282556416e-16,2.49605158786353e-15,3.59360682642053e-10,5.85721777676071e-16,2.15647960674389e-17,2.13823731834849e-17,-4.52794045427087e-16,1.31348100899281e-16,-5.68504256804956e-16,2.66960320833624e-16,1.56504800650924e-16,2.83425621689138e-16,-3.14702757721568e-16,-3.94085422264378e-16,-4.99495140296201e-17,-6.31338710977491e-17,1.84584207543005e-09,1.30510145524368e-16,6.47664719406112e-17,1.97807695006204e-16,-4.75747913286639e-16,-5.60022809680981e-09,-1.23637536409438e-16,-1.02775243862136e-16,-1.59388092625235e-16,-1.83590375398524e-16,4.75728952471933e-18,-6.08237302261192e-17,7.14717832492381e-17,-2.11931627917906e-17,-2.62723651656096e-17,1.42660138902297e-16,2.92345290398957e-16,-9.47378438852582e-18,-5.47413243515342e-17,-8.9091921880618e-17,5.63389329870032e-17,8.98632623130296e-17,-3.39435406959878e-16
"t871",-0.0434830985079479,-0.0629262235527002,0.0220393946279017,0.0281308334972705,0.00205596786087668,-0.000798662695433796,0.00437584366697763,7.29210776513812e-05,2.03108134837505e-05,3.07618450815425e-06,0.000112005253041768,-0.0287685760727899,0.0588278216292306,-0.0115583603238914,-0.0124736011752619,-0.0229643079118852,-0.00265149870943504,0.173798836407029,0.000215653517932285,0.000121426474891217,-0.00278338235318227,0.000707040687307624,-0.00168281688975215,0.0304274046889114,-0.0846785583932237,-9.46731163698015e-06,-3.71469131698717e-05,6.41552916751728e-05,-0.00241486474477846,0.0026597812439948,-7.98597365424979e-06,1.42768930408887e-05,-0.0060722143404397,-3.26079161611098e-05,-2.49538591445206e-06,-1.55729727537645e-05,-0.0217351365750812,-1.53337340872928e-06,-5.81826662854702e-06,4.01141472742853e-08,5.26295294801516e-05,-8.05852214996596e-06,0.000112547343435731,-6.77691391961447e-06,0.000276156380224849,-8.1436367135689e-06,0.000899435350797892,-0.000145713516137281,1.55033687789265e-05,-2.96713159156202e-05,0.000339506311994118,-1.7263843206756e-05,2.4232785109945e-08,-5.45378068985314e-05,2.85920988258176e-06,-2.98717462280023e-05,1.04587976957763e-06,-6.83453795123483e-05,2.31193465869787e-05,-2.33932039221225e-05,-1.94252987757453e-05,2.93286206154812e-06,-9.37469089917404e-05,4.96213869717049e-05,-3.39998404549863e-06,0.000126197485430397,-4.18751459486972e-07,1.37998886360789e-05,-3.63247849774244e-05,1.31207769470825e-05,0.110171917476952,3.59585971755263e-05,-1.57577260621017e-06,-0.00167555170072052,0.000678910529274396,2.89669857891902e-08,-0.000167940634231559,3.06889587042004e-06,-8.63729645041685e-06,-8.55332350632008e-06,1.49828486857688e-06,1.8409693311157e-05,3.34908551212865e-06,3.97034003902189e-05,-2.30369761956567e-05,-0.0163392595201261,-0.00157436826541563,-2.11096170055921e-05,-6.50007991103793e-06,0.00148048096964035,-2.5692582173592e-05,2.8400470955957e-06,2.55801386988033e-05,-0.00623696057334118,-2.86096693911321e-06,-0.0188465436455865,-0.446845534514324,-0.000143297208037227,0.000136952595385354,7.60100626078985e-06,-1.04644363576465e-07,0.00039401366059292,-3.72462221307938e-07,1.06809357868362e-06,-4.84858282594912e-07,0.000928421984274517,-2.50883111188956e-05,1.10334575133634e-05,-3.96914810169681e-06,9.68462827840948e-07,4.29102138393386e-06,1.04291990894873e-05,-1.76187401889904e-05,1.6151240400985e-05,-8.2441496279139e-08,3.17742842617688e-06,-4.69253682829858e-06,4.97724007042779e-06,-5.03875801144956e-06,1.23867288288092e-05,-4.62857622972537e-05,1.11492843714382e-05,-1.05600165619376e-05,-2.90125169302143e-05,9.44432368421474e-06,-9.01027663308716e-05,9.14865498009756e-06,-2.89174362956945e-06,5.54134054035993e-06,0.000182994397059924,-0.000342890931825938,1.900759791998e-05,-0.001534371677295,-2.79003767474261e-06,1.28233658546514e-06,5.94836931232689e-06,-3.46373393443416e-08,-2.27722654444746e-05,6.90042100690958e-06,-1.98350443263768e-05,-1.2625157944243e-06,-4.87848135977843e-05,9.50456774839934e-06,6.05918758058172e-07,1.91155116574433e-06,-1.19286949672785e-07,-5.42943573383652e-06,8.09946949607122e-07,5.26840714636377e-08,-1.28721460302305e-07,-1.99883629007372e-05,-5.9391118610429e-07,-1.27118417120213e-05,4.75277132407363e-06,-1.3955243740865e-06,-1.22080013159737e-07,1.8383687010501e-06,-0.00502284336488304,-1.79451498497391e-07,-8.35480371897204e-08,-0.00348650417990684,-2.48384574339251e-06,-1.83377961989032e-07,-4.23172936354139e-05,4.78019773681427e-06,-3.17037093702169e-05,3.36733964391039e-06,5.76795924347871e-08,2.86938382975603e-06,3.85433881438076e-06,-7.2212157198793e-05,-7.16916330402567e-06,8.96647080877714e-07,3.22039711171114e-07,8.88593556178206e-06,1.24017205995244e-07,7.85357759431243e-07,-3.32133821140053e-06,-2.05982505866028e-06,-6.47942813279768e-05,4.10129425922107e-05,0.000128393285685987,-1.76962970651507e-06,-4.54346493402219e-06,-2.22343823129196e-07,-2.77829451934142e-05,-7.95480568608329e-06,1.87109422708399e-06,8.40970496799405e-06,-7.3777120518367e-05,-2.17186560389339e-07,3.99323535675466e-07,1.58541169664783e-06,1.31728395552198e-06,2.69905797704332e-07,-3.78355417161409e-07,-6.96198259616189e-07,-3.5178172629773e-06,4.1191819123522e-07,1.72856043223391e-07,1.72323820310449e-07,2.84875454703264e-05,-4.61643938636201e-09,-0.000316372356471053,-4.1925638158753e-07,-4.07969115724303e-05,7.572481275835e-07,2.81614471070459e-05,-5.65323729091578e-06,-1.30069238324737e-05,-2.51975709995693e-05,8.89881703263519e-05,-0.000489458829313261,-1.44330521991622e-06,-9.21978246899328e-07,-1.22753815785502e-06,1.8991576823618e-06,1.65093449995707e-07,-3.01657302839445e-07,-1.49130832866109e-06,-8.10972882214003e-06,6.49204369373119e-05,2.49799979184226e-06,8.05468721564372e-06,-2.03304403432081e-06,-1.03796648871625e-06,-1.09470000935004e-05,-7.49798594004985e-07,-1.16923106977352e-06,-9.23766220585075e-07,1.95775559058998e-05,6.44349197278946e-06,3.08567469181631e-07,5.15601344186271e-07,-2.69669266715696e-08,-4.3931688720081e-07,-2.26463245836909e-06,9.80019655702111e-17,-3.37337506716437e-07,2.53084729090114e-05,-7.08210043380151e-07,-1.26826588420032e-05,-2.02419710166994e-06,2.41896245669746e-06,-3.88740330418166e-07,1.40900554119715e-05,-3.2100707081048e-08,2.10321853631687e-09,-5.37023194714937e-06,4.85250271964012e-06,-1.51969630580558e-07,2.07782975526846e-05,-9.6134494222162e-07,3.55641525489842e-07,-2.29882288661104e-08,6.21438419655147e-05,-5.60603764371679e-05,1.55750692116408e-05,4.92480623321452e-07,-9.46470689076934e-08,2.05752481335709e-06,-3.98340520108901e-07,4.37415652160602e-05,-3.509929164748e-05,2.17020091252986e-07,-7.39513694245045e-08,4.75132152395127e-06,1.43547681396125e-05,-0.000774308302059432,7.56381992711221e-08,3.15306274151903e-08,-7.17676807227027e-08,9.99389305186864e-06,-7.50418079709767e-06,1.68795058265738e-06,-3.65338553952489e-05,1.76375429015489e-05,-7.42625164181938e-05,2.98742092294816e-06,-1.75777992485606e-06,5.9839915850487e-07,1.32006246777312e-16,-1.52537022115291e-06,-5.26869303526766e-08,-2.88029347027469e-08,-0.00557801101051561,5.49640490508594e-08,-3.65115227939174e-08,-8.70082978100809e-07,1.05969151279621e-07,-8.45549114926813e-07,2.2156960214683e-06,8.1607945911094e-08,-7.38299947940045e-08,9.5832619128857e-07,-1.16570706342063e-06,9.76925329577091e-05,-5.55299855419768e-07,6.43635371029702e-06,3.22278790306117e-08,2.77898241059124e-07,1.34635569862444e-06,-1.1347514219909e-05,1.48741560758407e-05,-1.02919244946096e-06,1.38791148722893e-06,-5.04016093066056e-06,3.20777127970703e-07,2.90086010958873e-07,2.21635819969209e-06,-5.96762773309874e-06,-3.01363810571231e-07,3.95085518846496e-06,-1.62861644414621e-06,4.0393015685091e-08,3.78273483213555e-07,-7.47523696966495e-07,2.57772394041789e-17,5.70236488434804e-09,0.0175022702707752,2.53068717025423e-07,-1.65773068757534e-07,-2.0748514989462e-07,-4.78058395226787e-09,7.60039681231686e-08,-1.96710107582321e-06,1.06435504098479e-06,2.79724389693707e-16,-1.04545531755842e-06,-1.29431522646138e-08,-3.76862363352695e-08,6.74992782794092e-05,2.9317497031472e-07,-2.01757631699598e-08,-7.89224788588221e-07,2.13235035935062e-07,-1.15689955686699e-05,1.40829741030084e-06,-2.93187538031006e-07,-5.42459541822223e-07,-2.93520010878476e-08,-3.21666537379719e-08,-6.30591174733992e-07,0.00483816270065301,-3.79895514314779e-07,1.21168308600657e-16,-1.10222316926048e-05,8.73090798373679e-07,4.01881872523053e-08,2.24749972538164e-07,-1.05665899101294e-06,-2.27791540537088e-06,1.38951750620294e-05,-0.000108249163143744,-1.90842221330855e-07,5.25165888041055e-17,-3.60973501498904e-07,-5.57908415379508e-05,-4.60835774244535e-07,2.26779131353826e-16,8.74938744986607e-07,8.81531268145945e-06,-1.34526047809953e-06,-7.16292644188615e-07,-2.39196220204887e-07,-1.28125618414887e-07,-4.58554407221647e-06,1.28214512704337e-07,1.36302886565182e-06,2.1605476243879e-05,2.81122662959524e-07,2.83582699643763e-06,3.7144072465778e-17,-1.13351561991246e-06,5.32813480394179e-07,3.45840133703704e-06,-3.50253373314706e-07,1.70483439417221e-16,-3.43725018632173e-07,4.50271005029816e-07,-1.57101150264165e-07,-1.40146762980679e-07,-3.56049616703298e-07,2.65017574423003e-06,-5.10970816996386e-06,7.36482082320064e-07,-5.89394701239104e-16,2.78185578493344e-06,-3.72373521337758e-06,1.66232517598942e-05,3.51143274193167e-06,-3.57150869481886e-07,-2.40515264685273e-09,-1.56125112837913e-16,-1.40536230850919e-16,-2.36550753403483e-09,-2.14076597106955e-06,2.82842330277699e-07,-4.16160751365322e-07,1.02936872798929e-15,-2.05298170427639e-07,-2.46924791177532e-09,3.23450543233256e-16,4.63169630406382e-16,9.4045951188743e-17,5.57321487911531e-07,1.65784219677937e-06,-2.47203503376456e-06,1.50189548168242e-06,7.51363943541201e-07,1.64092863623098e-06,-0.000254166688259721,-7.03498677300992e-16,-4.24619390106892e-06,3.25999450932146e-06,-3.51425031812222e-16,1.24795523239229e-15,-0.00430357442557673,-1.76414914165301e-10,-1.43695709433109e-06,1.16377481802187e-06,1.57457874472287e-06,-8.56814848258258e-08,-6.58217639981572e-16,-2.92836321759635e-07,1.88443050142234e-16,-1.04754727370612e-06,-1.7967940503516e-16,-1.97779025797686e-06,-6.86311577218055e-17,1.62732914965395e-06,2.27554600154043e-06,1.59811521239038e-07,2.18474767699263e-06,1.21934171122619e-05,-9.50464125496929e-07,1.03558560344882e-05,3.99850664256409e-07,1.94923513971985e-06,1.94089200661002e-07,3.58023404430148e-06,-0.000693275330562414,-4.59206208367065e-06,-5.50264000593369e-07,-1.72789491832239e-05,-6.35226607627953e-15,0.347055422408718,0.00149034461949344,-6.72240598327906e-07,-1.91850855989081e-13,-7.19712868894086e-08,-1.50053698483178e-06,-4.90497068199393e-06,-6.82652337730044e-16,0.000407330550601185,4.9700096986541e-07,2.57057320315934e-16,6.07300118289889e-07,-6.2514894781498e-06,-8.98636107106947e-16,-3.92598030266284e-16,1.04246167420371e-05,1.52592180310132e-07,8.22936125667266e-10,1.07203798257321e-06,-2.48384300985638e-07,-2.60748542286017e-05,-6.83168810798663e-08,-7.03248864885779e-07,1.04066195783675e-06,-2.77935226916659e-15,-2.24900197907313e-08,-1.39195015496949e-09,-3.72635692801983e-09,-3.36244487286199e-07,1.93222721369014e-16,3.76273576773351e-17,-1.05230529862887e-07,4.7708931831325e-17,7.23538132405573e-16,-4.84448623975509e-07,5.13391219967003e-07,1.04904545319054e-06,5.10857517100963e-09,-2.30454606728617e-05,-1.58358396080934e-07,-1.33511520022828e-08,1.12514101006601e-16,-2.61121252724045e-08,-1.15911521136117e-09,-5.23958802009967e-09,0.000392484107738092,-1.61413764961538e-06,-1.46580011751904e-16,-1.46593493063894e-16,1.16112378041034e-16,8.99667169759103e-09,3.96601932486054e-08,2.05362910296371e-08,-4.99648773084447e-16,7.89551274222473e-07,2.71269069076236e-16,-1.31916070542634e-17,-1.41242931785341e-08,2.22052540896382e-10,-5.96961716170519e-16,-3.62984980972363e-09,-1.11880945377456e-06,7.07496435854947e-16,1.6634294239987e-08,-3.25786867626798e-16,6.75615364944144e-09,-7.33602510635502e-17,6.95151667479823e-09,6.16816508103244e-08,1.89009693259064e-05,2.20857791579928e-09,1.63212833628353e-08,-7.11121375718314e-08,3.62660199768517e-08,-4.73770404060675e-17,2.10618619800532e-06,-1.94147024006891e-07,6.01944582289334e-16,-1.65094008244336e-08,-5.10529818099276e-08,8.62248295257866e-08,1.37919437736997e-16,4.62347322407229e-08,2.24439458541699e-05,1.60345620446121e-16,-1.61216154010526e-07,-3.63261653838062e-08,-7.24775195156371e-07,4.77573391955736e-16,-1.75234026050122e-16,4.1699184798084e-08,1.35682474921959e-08,1.11150556830207e-09,-1.62980325220369e-07,1.12346763990008e-08,2.0333534894478e-17,7.68562718142762e-16,4.24348505081544e-08,2.93782897066048e-10,2.0673983415904e-16,1.09327272882961e-07,3.53791997658449e-16,6.63006780038379e-07,-2.42841875850636e-08,-1.42827780392185e-08,-9.72134044575471e-08,-5.79533604096065e-14,2.16857605288208e-17,-2.16213129387134e-15,-8.0332359818029e-15,-3.67767327405961e-06,-2.5438226711795e-07,1.7917516421205e-16,-2.12619465991496e-16,1.23846347670461e-16,6.33097856211127e-07,3.75733488476525e-09,-3.83503175141017e-07,1.14412118434253e-15,1.53853709286556e-15,5.07444563799253e-15,-3.7611216121835e-06,1.34610039689849e-06,5.2644547924006e-15,4.97367848232847e-07,-0.338288136460397,3.19216854621803e-15,1.5829957972975e-15,5.20834478248258e-07,4.92370339988690e-09,1.50339003734298e-07,8.8009026647933e-15,-1.01725257122472e-07,-1.19747783123755e-07,-9.98553665514e-08,6.80174369239918e-08,2.25661750427519e-07,-1.69287818233223e-08,7.23585337203336e-16,9.20472829731577e-16,-1.369920277426e-15,-1.69764707718441e-07,2.42309088076065e-07,7.67753666469279e-09,4.07614445426265e-09,5.89329616086463e-16,1.1064312693071e-17,-8.11807623007878e-19,3.47874861857302e-16,1.49371674119777e-15,-3.20296512433971e-07,-4.14665574041442e-16,1.00297035919211e-15,1.63488260866262e-09,-1.66622294027841e-17,1.44688220287825e-09,-1.82232660864689e-16,1.75937040753523e-09,2.88156403098459e-17,1.39161271421258e-09,1.54224999179281e-10,7.89569063907506e-08,-3.14262544027896e-16,-2.92947569314961e-09,-1.1001852397262e-16,-1.09298723797035e-09,-1.07882405369878e-07,2.43962714542398e-11,-1.96648887250547e-16,5.34227781632048e-09,-3.5911790623223e-16,-1.95765058460486e-09,-1.12204072408023e-08,5.23474914574341e-17,-1.22520861454748e-16,-9.36887814263739e-17,1.03326672298684e-16,-4.6966393350361e-11,-6.42307333139979e-10,-1.51243816312747e-10,6.66650027275582e-17,-2.07088996198569e-16,-6.96950334109396e-07,1.12186351184512e-07,1.30802112580703e-16,3.6597633433924e-16,-1.03932233756977e-09,-5.68968347212962e-17,-7.62395354924903e-09,-2.9174354157142e-16,7.87712048005343e-08,1.90607946714795e-16,1.12149023496073e-15,-6.84845724691883e-18,1.07625237125446e-15,1.84045123866821e-16,6.23819551820474e-16,1.21431221461376e-08,-8.50690828676035e-08,-5.85651782015966e-17,-8.53140391196803e-09,3.30180602766624e-08,-7.08023165707803e-16,2.67653814321383e-16,-1.16431609825473e-16,2.29649484966111e-16,3.48615562156269e-09,5.658121183744e-10,1.70911435671316e-16,1.43473707053953e-16,-6.52856472552351e-09,-2.3336274138928e-08,-1.25337065229701e-07,-5.65667328917148e-17,-7.26966352766957e-17,6.94361133695138e-17,2.47167351707028e-16,1.29378993777125e-17,-4.35252254200132e-16,1.53299991019966e-08,-1.46205362282026e-08,-2.83420191318796e-09,1.55289569793776e-16,-7.04606985203087e-18,2.61377058794265e-16,-5.70233743271482e-17,1.32216893196062e-16,1.74118888484103e-16,2.80379450604595e-16,-3.67654309590574e-18,1.87543585726627e-17,1.57449005609759e-16,-2.92454872242578e-18,-1.12695839665712e-16,-1.68515443987035e-17,8.31955716477588e-17,1.20911540343863e-08,1.30871595134587e-15,-1.50221753745724e-16,-2.55035643231476e-16,2.75836093616224e-07,-3.03254906089148e-10,6.96495842826142e-17,-4.49890597099163e-09,2.57342156423014e-07,6.95335913555848e-19,4.35197639932898e-16,-4.60229637186205e-08,1.08016585681775e-16,6.59914059731058e-09,-8.46922688446889e-15,6.17223540968317e-17,-3.92912276231691e-17,2.98430735672196e-16,6.07075598361108e-10,-8.35390250313855e-08,1.9362320034346e-16,-4.174786718248e-17,2.43797222942029e-17,-2.59599362578515e-17,2.60154311287897e-16,1.8528287755852e-17,1.39965009728314e-16,-1.59532601187685e-16,7.6344587385549e-09,-3.60300989455522e-16,1.17086765150973e-16,1.0561468521561e-16,8.55529516342006e-17,2.05750914026631e-16,-7.51458690563736e-16,-2.21974135547475e-08,6.60375010702334e-17,1.55275575648235e-16,1.66025856403264e-08,-2.65551539964489e-16,6.18931370073698e-17,-1.65830147396824e-17,4.49305882038467e-16,0.000109310536241741,-3.36709146602336e-17,-1.05890690791336e-08,4.50539280524883e-16,3.05450290569756e-17,4.24059721987796e-17,4.73474053339735e-16,3.9974439631633e-17,-2.57135820524033e-16,3.88224125498721e-10,-9.25424838858203e-16,-2.60227452099737e-16,1.52585377907352e-08,-4.89312370267786e-08,-3.25048628748902e-17,3.45346733900063e-08,5.06966750055821e-09,-1.28286705074016e-16,-2.24743112272706e-17,-5.11314367358011e-17,-2.13671012556618e-17,4.63985865574379e-16,-8.7914711235471e-09,2.63952707148982e-16,3.41935592552701e-16,-9.89049212140088e-17,3.546842140337e-09,3.39667596078368e-16,3.63187304140691e-16,1.42527903832108e-16,2.02842914590005e-16,-1.6320175324083e-09,2.03282354904193e-16,1.71963282155249e-07,1.21067536144456e-16,4.92075410597099e-16,5.59419225386784e-17,4.35764291840734e-16,1.07071299076959e-15,4.93912654401631e-16,3.66628843861674e-17,-5.98753213619916e-08,2.12806764342839e-16,-2.43243080959221e-16,4.01562446347867e-08,-4.44087695193406e-16,-2.72052537967405e-17,-7.87198251220956e-16,-4.9629909277114e-17,-1.50874774727313e-17,9.4039623835801e-18,-2.68399239815161e-08,1.86096296145719e-16,1.03703742577906e-16,8.80820139394817e-08,6.00324374664866e-16,1.6388268890646e-16,5.30952638079739e-18,-2.49326858846096e-17,-2.70108658722073e-16,-6.5106737462614e-16,-6.6174495748721e-16,-4.87769378944267e-17,-7.38583936958151e-16,-4.45597202847815e-16,6.51358328700836e-17,-4.70162490555216e-08,9.82938088038369e-08,-7.8099460656427e-17,-9.09281329197468e-17,-1.40975099090314e-15,-1.91328980771547e-16,-1.41325753183486e-16,1.32267356358506e-16,-5.57282896985574e-17,8.11147152763734e-16,-1.24743688862621e-09,1.72817803990898e-16,-1.45579187663456e-16,-3.95557143232663e-16,-1.08127509766995e-15,1.61105162149682e-09,-1.53972692226506e-16,-1.77877497976343e-09,-3.3527519122296e-16,7.39587996259981e-16,-1.36048949995238e-15,3.88257275873125e-16,8.99789894333944e-17,-4.17713823442517e-17,-2.6993233858875e-17,-2.08947510405823e-16,-7.58200233346059e-16,-3.10959757487177e-16,1.32870209317143e-15,-1.37487836146369e-17,-1.97510400983017e-16,-7.51141099804831e-17,-9.49697010236605e-16,-5.30046428779248e-16,6.35589149555691e-17,1.70707798388316e-15,9.94609647566261e-16,-1.23833541071894e-15,8.66602796467664e-16,2.82855363925297e-16,3.73423024645246e-16,8.35402650902689e-16,4.42098040575811e-16,1.2672275972422e-10,-1.63208474687392e-15,2.48291781036844e-15,-4.24756679501987e-16,2.95751810536792e-15,-1.9604499287568e-16,-2.87890952190616e-15,-3.02729631724531e-15,-2.09320208234887e-15,2.67198516415291e-15,1.01066450557014e-15,-3.25851541929656e-15,-9.91714781148409e-17,-2.04582409626673e-15,2.03263601558705e-15,9.35463619662671e-15,9.98635340970553e-15,-1.28789694514021e-14,-1.66384170253224e-09,0.707106781186548,-1.27918328646391e-15,2.1697892219895e-16,-1.72536511922752e-15,-1.92216024904766e-15,5.16725766200154e-17,-2.48341402758494e-16,2.7521561716145e-16,-2.47176389353632e-15,3.59358067252293e-10,-1.23563283563946e-16,1.25729547930774e-16,-6.86653621799004e-17,4.70304943410871e-16,-2.01758404458385e-16,1.3678084896812e-16,-1.13757523666974e-16,-6.55369309655094e-17,-3.03572066480587e-16,-5.30583654817163e-17,3.14466667580907e-16,2.27525110631925e-16,-2.95172552682235e-17,1.84584196620537e-09,-7.21323612372486e-17,-1.56246496233831e-17,-9.61122780770683e-17,-3.49655200626575e-16,-5.60022812194116e-09,1.36472676539388e-16,8.47748823972389e-17,1.57874114744534e-16,3.0637436844106e-16,-7.80701993460138e-17,2.5728902248119e-17,-1.14111000646787e-16,-1.76820874012487e-17,4.63795544995733e-17,-1.12804834611349e-16,2.17528716127308e-16,2.72003211270123e-17,-1.82495688309106e-16,-1.79702163346666e-17,-5.22785735431476e-17,6.83549939163543e-17,-3.00480245392263e-16
"t340",-0.0434700675028166,-0.0628865117841612,0.0220250367110884,0.0281062842046135,0.00205377208113474,-0.000797662409635217,0.00437025585602847,7.2820578317901e-05,2.02777738410907e-05,3.07012210346257e-06,0.000111725589693476,-0.0286802058242299,0.0586418757702371,-0.0115212777932733,-0.0124318533956664,-0.022882955662665,-0.00264188348061635,0.173157274166331,0.000214839205727408,0.000120928780133122,-0.00277105327629458,0.000703269492238085,-0.00167334507330663,0.0302551781961784,-0.0841973972126532,-9.41098891616896e-06,-3.69233442530585e-05,6.37657580612817e-05,-0.00239981491920773,0.00264025894538826,-7.92353842207419e-06,1.41602929508444e-05,-0.00601911406679901,-3.23095290349267e-05,-2.47141087740253e-06,-1.5411681051054e-05,-0.0215072355683926,-1.51704612587867e-06,-5.75590304991089e-06,3.96779403119678e-08,5.20411985984827e-05,-7.96631141619675e-06,0.000111240808147207,-6.69814890373346e-06,0.000272892224500279,-8.04140642639151e-06,0.000887941217624136,-0.000143835879735069,1.52989553571715e-05,-2.92704429173676e-05,0.000334771376741043,-1.70195471974937e-05,2.38891479498927e-08,-5.37504988698833e-05,2.81649721422821e-06,-2.94232236481929e-05,1.02872820140887e-06,-6.71984977652941e-05,2.27303351306526e-05,-2.29775545594638e-05,-1.90662235912678e-05,2.87760280592896e-06,-9.19534328224667e-05,4.86684550617677e-05,-3.33284588711089e-06,0.000123643813113423,-4.09824397727373e-07,1.34989597698437e-05,-3.55244424662429e-05,1.28263252093196e-05,0.107461015736599,3.50142707774186e-05,-1.53398799474655e-06,-0.00163023686193304,0.000660504612110829,2.81750435576101e-08,-0.000163333944421413,2.98334215238248e-06,-8.38775717591246e-06,-8.30270322912584e-06,1.45333336510539e-06,1.78545663484604e-05,3.24437005918555e-06,3.84486623369053e-05,-2.22757351382503e-05,-0.0157929022302069,-0.00152109648476351,-2.03939687793245e-05,-6.27960762492367e-06,0.00143020266476641,-2.48161364596517e-05,2.73908476254451e-06,2.46674026454568e-05,-0.00600887370026336,-2.75195878017111e-06,-0.018124101396856,-0.429711838042144,-0.000137718573322851,0.000131591100302515,7.29717648642504e-06,-1.00391199608627e-07,0.00037797582567325,-3.57276544634062e-07,1.02130881411003e-06,-4.63510060802996e-07,0.000887378964946864,-2.39713028581922e-05,1.05412413208191e-05,-3.7914593345623e-06,9.24878028794169e-07,4.09757696434396e-06,9.95426084444937e-06,-1.68154318327162e-05,1.53953910224793e-05,-7.85622050397723e-08,3.02612628518328e-06,-4.46790384727671e-06,4.73552602585114e-06,-4.79069438548406e-06,1.17706780719493e-05,-4.39705120820058e-05,1.05805776964218e-05,-1.0014623282496e-05,-2.75133977585862e-05,8.95545406740305e-06,-8.53796155009e-05,8.66858684882288e-06,-2.73836902675546e-06,5.23848926188597e-06,0.000172989895075163,-0.000324099711603402,1.79453522980888e-05,-0.00144829713586766,-2.6330943741921e-06,1.20939587141042e-06,5.60949982687817e-06,-3.26179846789059e-08,-2.14202195946694e-05,6.48062176282213e-06,-1.86275237998076e-05,-1.18533958085632e-06,-4.5796414036655e-05,8.92039383214135e-06,5.68629896745411e-07,1.79391033656959e-06,-1.11878603448625e-07,-5.08614503435927e-06,7.57811040627013e-07,4.92778189421731e-08,-1.20318224156512e-07,-1.86824771032017e-05,-5.5496729496652e-07,-1.1876509434252e-05,4.43969020162443e-06,-1.30154075656827e-06,-1.13829586385799e-07,1.71382087423911e-06,-0.00466349525110332,-1.66447249606517e-07,-7.74817394372316e-08,-0.00323062164879243,-2.30115125084078e-06,-1.69705297900209e-07,-3.91569341569442e-05,4.4184987496589e-06,-2.92746612573875e-05,3.10005188946506e-06,5.30955646322222e-08,2.64127061093804e-06,3.54646867507609e-06,-6.64122193842321e-05,-6.59289388814023e-06,8.23788567485334e-07,2.95783353817279e-07,8.15617430161947e-06,1.13814127151989e-07,7.20686430853712e-07,-3.04324237481776e-06,-1.88440635804012e-06,-5.92602774531387e-05,3.75004175787278e-05,0.000117307699701143,-1.61636311574916e-06,-4.14876285445057e-06,-2.02973066364757e-07,-2.53393065908785e-05,-7.25349733904443e-06,1.70278530678404e-06,7.65273496753438e-06,-6.7092037629036e-05,-1.97147229329471e-07,3.61928443095789e-07,1.43618840687329e-06,1.19236178087807e-06,2.44166576348721e-07,-3.41675741335155e-07,-6.28466308102955e-07,-3.17301669970983e-06,3.71393776561981e-07,1.55364344211463e-07,1.54863130855011e-07,2.55670381965011e-05,-4.13774263863306e-09,-0.000282672278702117,-3.74591599729543e-07,-3.64400268362098e-05,6.75773145004616e-07,2.51158234389854e-05,-5.03350710349261e-06,-1.15572637979016e-05,-2.23521026778297e-05,7.88985487738057e-05,-0.000432956308353023,-1.27504041396498e-06,-8.1446344902121e-07,-1.08329577778432e-06,1.67168985369551e-06,1.45247693544447e-07,-2.64692168707204e-07,-1.30615290355695e-06,-7.09831481159237e-06,5.66737655617412e-05,2.17930880238013e-06,7.02221511723728e-06,-1.76869008777649e-06,-9.02613603667917e-07,-9.51848734839257e-06,-6.50436392602159e-07,-1.01284564226898e-06,-7.98943323369197e-07,1.69199437932842e-05,5.56463354550935e-06,2.66293327831976e-07,4.44874673236436e-07,-2.32249007317679e-08,-3.77919378325776e-07,-1.94569289789699e-06,-1.5326605699581e-16,-2.8930564010544e-07,2.16970664912415e-05,-6.05629338783559e-07,-1.0824571521885e-05,-1.72486275221126e-06,2.06105157250622e-06,-3.30228746886614e-07,1.19632121875989e-05,-2.72488503456552e-08,1.78333077595547e-09,-4.54999738132655e-06,4.10563952066283e-06,-1.28500191756872e-07,1.75649219177236e-05,-8.11537458092573e-07,2.9845407883117e-07,-1.92510013503748e-08,5.19490869057392e-05,-4.66825162933207e-05,1.29660565947664e-05,4.08866338137785e-07,-7.84569288788707e-08,1.70181190940034e-06,-3.29240169643128e-07,3.61267716743931e-05,-2.89589938632548e-05,1.78779130152049e-07,-6.09097320676372e-08,3.89802535815413e-06,1.17757074943099e-05,-0.000635126857096603,6.19755337545755e-08,2.58248224303901e-08,-5.87053335251096e-08,8.17296634267528e-06,-6.08911709365278e-06,1.36846121810026e-06,-2.95983667212178e-05,1.42665255906518e-05,-5.99920750233488e-05,2.40634741530471e-06,-1.4146774730532e-06,4.81272858325603e-07,5.12282908333027e-17,-1.2239559031076e-06,-4.22629636618227e-08,-2.3081196121957e-08,-0.004459287652607,4.38500487667309e-08,-2.91001247187172e-08,-6.93129172658401e-07,8.38845837542784e-08,-6.69055998981662e-07,1.75301410720614e-06,6.44448605285891e-08,-5.79879900688626e-08,7.5198291736397e-07,-9.14108871584107e-07,7.64402548653549e-05,-4.30840543554576e-07,4.97578544575677e-06,2.49093022516992e-08,2.14777240101001e-07,1.03111866625573e-06,-8.5969499349329e-06,1.12529023358776e-05,-7.77014771296508e-07,1.04518986819055e-06,-3.79261380429646e-06,2.39791545222698e-07,2.16740130914071e-07,1.65444376144772e-06,-4.45183737721183e-06,-2.24348484875869e-07,2.93437164443149e-06,-1.20699137097524e-06,2.99074901551382e-08,2.79626725991206e-07,-5.50671848602285e-07,3.39714429430873e-17,4.11001249011641e-09,0.0125865587854442,1.81376673829853e-07,-1.18799133608454e-07,-1.4867576625192e-07,-3.42272412094709e-09,5.433029968458e-08,-1.40350631997717e-06,7.56487170013101e-07,-3.50763474210118e-16,-7.36418272063811e-07,-9.10687251743779e-09,-2.64519740729748e-08,4.73639972001646e-05,2.04475681968828e-07,-1.4024101859383e-08,-5.45945290622963e-07,1.47011394956802e-07,-7.91774509438246e-06,9.57243343411875e-07,-1.98402855923178e-07,-3.66164715256596e-07,-1.97817360452228e-08,-2.16178879412841e-08,-4.23662851503557e-07,0.00324401911251154,-2.54325033919384e-07,3.43769149200409e-16,-7.29216980712381e-06,5.76187209084351e-07,2.65211254722381e-08,1.47259170994354e-07,-6.91581145071513e-07,-1.47079850467822e-06,8.93652779531689e-06,-6.95648489061791e-05,-1.22278181258255e-07,9.18783985625261e-17,-2.3049767546171e-07,-3.55794274896475e-05,-2.92478342590366e-07,-2.56831536826216e-17,5.52382816565025e-07,5.55849943854839e-06,-8.47704262547443e-07,-4.50759510403803e-07,-1.50184985116095e-07,-8.03095836140016e-08,-2.87038916034469e-06,7.99382728453866e-08,8.49407723163785e-07,1.34268429722391e-05,1.73850455393017e-07,1.75327635135421e-06,5.68704501949758e-17,-6.93998903088394e-07,3.2565722741875e-07,2.10575902480387e-06,-2.12023758432222e-07,6.86529670926926e-17,-2.05426586925873e-07,2.65160218251696e-07,-9.18904402438913e-08,-8.17126543883749e-08,-2.06797717915578e-07,1.52819106564413e-06,-2.91156580741121e-06,4.07015969962169e-07,3.91300837119847e-16,1.49431809843776e-06,-1.99518506946593e-06,8.85931322691969e-06,1.85743928821416e-06,-1.88812413523442e-07,-1.26880159728548e-09,6.41847686111419e-17,5.38054981214567e-17,-1.23244432342131e-09,-1.10309643744446e-06,1.45540851957946e-07,-2.11988354348984e-07,4.88944001529044e-16,-1.02225224815406e-07,-1.21682542410625e-09,-7.8149605821229e-17,-3.41225311790604e-17,-1.34731593600198e-16,2.65539426459891e-07,7.86394373281376e-07,-1.15450158288171e-06,6.92013502179945e-07,3.4564456717348e-07,7.43796563691372e-07,-0.000115009406485677,-1.20533402752915e-16,-1.86252033142978e-06,1.41381697308237e-06,5.84728510348125e-16,6.69937288259475e-16,-0.00178162216272969,-7.21820981288511e-11,-5.78579020209436e-07,4.63463523253338e-07,6.13675746398649e-07,-3.32750544621251e-08,-4.54458969179599e-16,-1.13170706615163e-07,-1.15330990724427e-17,-3.99100775008849e-07,9.34555167628193e-16,-7.45480144694323e-07,-4.62254094704956e-17,6.04928275560189e-07,8.43490670432731e-07,5.69861264266568e-08,7.72409328173713e-07,4.29542290588788e-06,-3.29538350035244e-07,3.54017252835687e-06,1.3212765271455e-07,6.43911300155301e-07,6.34278774338025e-08,1.14662508934249e-06,-0.000215907320876591,-1.39561215804923e-06,-1.6395178599993e-07,-5.09723895566015e-06,-1.93139498777739e-15,0.0991786453254656,0.000412495122603785,-1.6852000334941e-07,-4.74074369783516e-14,-1.74853487551372e-08,-3.46799324465731e-07,-1.10855554735347e-06,-3.44418413763629e-16,9.09822686105279e-05,1.05748285112009e-07,4.38279722415996e-16,1.26015081079044e-07,-1.09352203271565e-06,-3.92698256628533e-16,-4.14117141491803e-16,1.68611109526243e-06,2.44983147888361e-08,1.27488658274309e-10,1.58928325216612e-07,-3.30139821305814e-08,-3.43075367806611e-06,-8.85869134264226e-09,-7.6367440717588e-08,9.45812779683807e-08,-1.17928670301248e-15,-1.89068063105849e-09,-1.15377664856033e-10,-2.93395712535336e-10,-2.47825738509075e-08,4.98485619492776e-17,2.14904720196026e-16,-7.02403873409721e-09,5.90548843140433e-17,4.82595738801007e-16,-1.02977584936712e-08,6.70860425050578e-09,1.35265803819374e-08,-2.74556836910872e-11,1.81772128196504e-07,1.33439310494877e-09,1.59108018812434e-10,-1.43306264212156e-16,1.31189073388618e-09,6.8064904646483e-11,3.22479472814236e-10,-2.97520206006788e-05,1.65734039657233e-07,6.13174899112081e-16,3.22983952307136e-16,-5.88805787225783e-17,-1.29069280899198e-09,-6.42203153469185e-09,-3.35465960244555e-09,1.02158448233199e-15,-1.43478777509728e-07,9.98741922132969e-17,-3.3043053379881e-16,3.80072413189666e-09,-6.00122017600651e-11,1.02218580821933e-15,1.065589834215e-09,3.44036086586613e-07,-1.13737163098613e-15,-5.60437980096543e-09,4.77476175788035e-16,-2.52717105352584e-09,2.13150314561461e-16,-2.6241123768157e-09,-2.34488355110244e-08,-7.24264646789316e-06,-8.55673012606102e-10,-6.48067403299475e-09,3.08955170769273e-08,-1.77715231626539e-08,-2.4802254845713e-16,-1.19075872053951e-06,1.11410169321934e-07,-1.81353405669104e-15,9.66258675316789e-09,3.09651127701603e-08,-5.39913796173754e-08,1.06329844094851e-15,-3.22188632800524e-08,-1.59706141525981e-05,-7.80636562497056e-16,1.17936993265041e-07,2.6938193406374e-08,5.65176174207529e-07,1.72284228061769e-16,9.22868262562897e-17,-3.65798562331877e-08,-1.25107466706754e-08,-1.03538591827289e-09,1.88578123852381e-07,-1.34683464669958e-08,-1.77231073997372e-16,-1.88100202506441e-15,-5.21347273869938e-08,-3.62062504679154e-10,-6.6841890089424e-16,-1.40448177297816e-07,-1.32947553560245e-15,-8.86778695394972e-07,3.4340172879234e-08,2.02776646431539e-08,1.40193268338678e-07,8.54796216948729e-14,-2.24366781954375e-16,4.33879649821808e-15,1.37652623536556e-14,6.11925457922409e-06,4.28353524788084e-07,-1.0294125340565e-15,8.20822291677063e-16,-1.53708532129212e-15,-1.11350691694213e-06,-6.73532618189726e-09,7.24316450893173e-07,-2.90221092697868e-15,-4.4363655544305e-15,-1.27987355956483e-14,8.54314268506801e-06,-3.07776992285161e-06,-1.3148967163884e-14,-1.22681595742711e-06,0.860969236515063,-8.59418697340479e-15,-4.54149600985512e-15,-1.42973965597137e-06,-1.35998676818913e-08,-4.347622640662e-07,-2.16222386526791e-14,3.18422965660788e-07,3.92129086281285e-07,3.48870949328121e-07,-2.60671678323678e-07,-8.87355385416886e-07,6.99293801912295e-08,-2.96525467251818e-15,-2.60155241861911e-15,4.04629383322443e-15,9.6099551650394e-07,-1.37907482585223e-06,-4.57383500627347e-08,-3.14226693830921e-08,-2.04162237240861e-15,-2.90983149369793e-16,5.50191097704152e-16,-1.13957374050858e-15,-3.36273523065562e-15,3.47081360496884e-06,9.22077386053148e-16,-2.10144827740858e-15,-2.08902407978631e-08,1.84872373788078e-16,-1.86641141424507e-08,4.61910783748044e-16,-2.30643297310775e-08,-3.68118320619082e-16,-2.63447463990134e-08,-3.25496081959442e-09,-2.0159353869605e-06,5.6875558337244e-16,1.00260637668926e-07,3.00585623442884e-16,1.36029827631758e-07,-5.87909370840887e-06,1.25317234052311e-09,5.53570886172633e-16,1.795509153226e-07,9.57442553182855e-16,-4.29126591284247e-08,-2.4189644296862e-07,-7.78056693804854e-16,3.03423058044924e-16,8.90427226097017e-16,-1.0677841105697e-15,-7.94816819155398e-10,-1.0293885920579e-08,-2.28433748304431e-09,-3.21428691438347e-16,2.72671874532227e-16,-8.29235941237697e-06,1.3225632896081e-06,4.56183222618472e-16,-1.04715961143903e-16,-9.79274446311613e-09,2.92191036771057e-16,-6.89590650141012e-08,3.52641303150894e-16,6.39680899417562e-07,-1.01324059450449e-16,-1.63362672536216e-15,-6.70753659631974e-17,-2.16056962917033e-15,-3.23470455347726e-16,-1.4890657316292e-15,8.22359726629563e-08,-5.74892000273277e-07,5.31357886254299e-17,-5.46124324793383e-08,2.06855298681438e-07,4.75744131597775e-16,-2.9182490076637e-16,3.16572041230788e-16,-1.74811909869848e-16,2.00375671774058e-08,3.19191736669128e-09,3.10653056465992e-16,-1.65631218245552e-16,-3.60908731483285e-08,-1.2867206031708e-07,-6.85107270069385e-07,-1.45723289271402e-16,2.13012661182351e-16,-2.05173415230902e-17,-2.37315443229201e-16,-2.94576073398482e-16,7.11411422346515e-16,7.37516253560482e-08,-6.95828879222789e-08,-1.33470739437422e-08,-3.27962768838083e-16,-2.113424180241e-16,-7.61833248532872e-16,1.54605339278944e-16,5.42133586116565e-18,-2.9629979735114e-16,-2.59616607906094e-16,1.17335625644124e-16,1.20563424361861e-16,-2.87711500464548e-16,1.79828110175311e-16,-5.188667251785e-16,4.25599254363676e-16,2.05360357605247e-17,4.87147752465124e-08,5.82563460571621e-15,-4.85837316590868e-16,-1.11364459391488e-15,1.09142200121776e-06,-1.19500474754674e-09,-2.25242030140544e-16,-1.76836332373668e-08,9.90229734461988e-07,2.19868723511539e-16,-6.78563501674043e-17,-1.72635669479133e-07,-3.93461463045087e-16,2.40273429673598e-08,-3.00892942576707e-14,-1.27252532185237e-16,8.10959777596085e-17,-6.10473703741641e-16,2.11508678956239e-09,-2.90220818774238e-07,-5.11205941062713e-16,2.41335650508955e-16,-1.20705286638626e-16,2.78121366700266e-16,-9.02706728811431e-16,-6.46086203945295e-17,-2.93769646435087e-16,1.52299991410398e-16,2.32634507341725e-08,4.04282051391251e-17,-9.38109641751555e-17,-1.91789495843008e-16,-2.74912865678648e-16,-4.53253139049575e-16,5.96124747982693e-16,-6.60003978615408e-08,-4.02977483288197e-17,-4.17562365831258e-17,4.91486285303991e-08,1.99012548687042e-16,1.46645374923119e-16,-4.2373295974281e-18,-2.81680544108734e-16,0.000308125600223789,-4.28508337818404e-17,-2.96019238700203e-08,-2.70639642641673e-16,7.86942243288608e-17,-4.92802472690934e-16,-1.04198350929551e-15,-2.25078923451527e-17,-4.33609880946897e-16,1.06750875590768e-09,5.94822899328041e-16,4.88490807760432e-16,4.14433503565284e-08,-1.32819488073686e-07,-6.02559020142172e-17,9.27759686268105e-08,1.35759046058929e-08,-8.45894738427689e-17,2.29355611201315e-16,2.32750729275219e-16,1.20444150447355e-16,1.20325010229618e-16,-2.25053890237326e-08,6.60125318458085e-17,-1.63782778574144e-16,-1.32347129110705e-16,8.9807952743942e-09,2.46445214230471e-16,-4.4630440042908e-16,-6.41711990887771e-17,-1.86642853195159e-17,-4.07454681378665e-09,-5.07822163990604e-16,4.27501743814492e-07,-9.13378232867182e-17,-1.51659270779972e-16,-5.61300702483649e-16,-1.97230612259617e-16,-1.60827491064374e-16,-1.45025804473263e-16,-6.04101614579401e-17,-1.45620856348734e-07,5.39252254334818e-17,1.49995585281202e-17,9.71482993848622e-08,3.34137689005167e-17,9.97009537571276e-17,3.18885641178909e-16,-3.3453570147357e-17,2.60204225415268e-16,-5.11854558309567e-17,-6.38894656396934e-08,1.7681237106213e-16,-2.13111504120318e-16,2.08192706301423e-07,2.32510375701568e-16,-1.90079039449855e-17,-8.59347991507272e-17,2.85537659579013e-16,-2.22818279655944e-16,-6.99922381924918e-17,3.97336031693903e-18,5.66083017982025e-17,-3.28527301905633e-16,-1.15123566754355e-16,-3.86752350506273e-17,-1.0836888330495e-07,2.25898061426025e-07,2.07231310212997e-16,-1.99293819891719e-16,1.41732568037421e-17,-2.25568518563119e-16,3.86897545251452e-16,1.23536657373472e-16,-1.37817523304811e-16,-3.27504596766054e-16,-2.82430674430779e-09,-8.02708877697473e-17,-1.08017289022695e-16,-2.99499702229805e-17,9.17728992368883e-17,3.60296784456559e-09,-1.2919080834107e-16,-3.92492361857617e-09,1.34161876353434e-16,-9.44923869077032e-17,-5.22706251466377e-17,-4.50100459203502e-17,1.25199987423567e-17,2.93075959166103e-16,2.5673287669951e-17,-4.1737789630547e-18,1.71303394129446e-17,1.12343362175969e-17,1.11886076100178e-16,2.540024534242e-17,1.01375463386181e-16,6.19879903837991e-17,1.78977896226676e-17,1.41068706943467e-16,7.03356592853807e-17,-9.60116510194228e-17,-1.5031157286836e-16,5.79733658543444e-17,4.34439810514942e-16,3.44920356137535e-17,-8.47535346549939e-17,2.69840954675179e-17,1.03364444889347e-16,2.67049315203397e-10,4.03792123001728e-17,-2.8524968286729e-18,5.87442671687106e-17,2.27978196134448e-16,-1.20657015049483e-16,-5.91065621606184e-17,-4.1405944888617e-17,1.9401008885974e-17,1.83999708561393e-16,-1.75183197173704e-17,6.59574391631557e-16,-3.23084970336747e-17,-2.68529505578291e-17,-3.16572759880535e-17,1.70579128511101e-16,-8.86299145329733e-18,3.78094688151469e-17,-3.40874436641076e-09,-6.39979499846339e-17,-1.6079659052825e-16,1.27272217519511e-16,2.44091648994236e-17,1.58280104307042e-16,-1.60384950191505e-16,-1.40304856469989e-17,2.93003210344015e-16,-4.68698668642233e-17,7.16595011439537e-10,2.55289201589863e-16,-1.58316072112036e-16,9.36192144181222e-17,2.76514061589755e-17,2.89674491040331e-17,3.29818561039128e-16,-1.01149234872973e-16,1.90821997623499e-16,-1.09120006283203e-16,-2.64897357632138e-17,-2.49020608132262e-17,-4.76910012290107e-17,1.95675035941616e-17,3.58914212221317e-09,-1.0980044392375e-16,-1.09845814977189e-16,-1.7623582284963e-16,-3.5605199344424e-16,-1.07686729750891e-08,-2.03181998080561e-18,4.82917998489958e-17,-2.5972155094633e-18,7.4611185489619e-17,1.7782814967631e-16,-2.43229000026204e-18,4.89037568075744e-16,1.68647186382989e-16,-6.04075388641583e-17,-5.44087287922545e-18,-2.4960029015155e-16,1.18031110051768e-16,2.09319491422562e-16,5.77993775646926e-17,2.72495007376542e-17,1.15968643002071e-16,-3.77878880799921e-17
"t204",-0.0434472423552535,-0.0628169352090795,0.0219998806927541,0.0280632650714193,0.00204992372543036,-0.000795909050996795,0.00436046103818018,7.26444006345955e-05,2.0219843749411e-05,3.0594898287094e-06,0.000111234920554563,-0.0285250931753305,0.0583154707860389,-0.0114561816665362,-0.0123585600580853,-0.02274011078097,-0.00262499921589017,0.172030640790061,0.000213409118769912,0.000120054521010111,-0.00274939040865317,0.000696638774866631,-0.00165668751364795,0.0299522857463566,-0.0833511713967823,-9.31191329306061e-06,-3.65300502407031e-05,6.30804776789939e-05,-0.00237333556307442,0.00260588176726438,-7.8135553131747e-06,1.39548412621991e-05,-0.00592550943160779,-3.17833735841601e-05,-2.42912031139933e-06,-1.51270103983602e-05,-0.0211049642244888,-1.48822305411594e-06,-5.6458047488552e-06,3.89077581306726e-08,5.10021815278858e-05,-7.80343079940183e-06,0.000108932659493643,-6.55899976069255e-06,0.000267124784884394,-7.86067510781396e-06,0.000867617436346051,-0.000140515598260337,1.4937402755313e-05,-2.85612307344687e-05,0.000326391699587358,-1.6587135935044e-05,2.32808860250715e-08,-5.23566378948601e-05,2.74084921857348e-06,-2.86288035246592e-05,9.98317449403113e-07,-6.51644173385629e-05,2.20403703265847e-05,-2.22398146887986e-05,-1.84285492853823e-05,2.77944233308238e-06,-8.8766864843096e-05,4.69752340738951e-05,-3.21350176372252e-06,0.000119102735610441,-3.93936677767835e-07,1.2963188972623e-05,-3.40992738367159e-05,1.23018315185918e-05,0.102624197050224,3.33272531928795e-05,-1.45932610123732e-06,-0.00154923423589524,0.000627601406079331,2.67590853592191e-08,-0.000155096806801829,2.83031253357909e-06,-7.94105931145915e-06,-7.85392871920005e-06,1.37279727184608e-06,1.68598723003591e-05,3.05657666064863e-06,3.61978718163005e-05,-2.09086763260566e-05,-0.0148114394156921,-0.00142537090081372,-1.91079358683295e-05,-5.88340974339662e-06,0.00133984749746265,-2.32408904414576e-05,2.55742232193983e-06,2.30249407961462e-05,-0.00559815061650908,-2.55543134667443e-06,-0.0168213993309389,-0.39881623556339,-0.00012765456009289,0.000121917176749893,6.74861569771148e-06,-9.27081587373458e-08,0.000349003263566592,-3.29841983491444e-07,9.36587544202733e-07,-4.24844282280435e-07,0.00081303180049009,-2.19474060231432e-05,9.64933809332616e-06,-3.46944536503032e-06,8.45877515319113e-07,3.74692426817748e-06,9.09304246036454e-06,-1.53587088792103e-05,1.40234413421154e-05,-7.15194522848334e-08,2.75132037389706e-06,-4.0598286317909e-06,4.29618261102733e-06,-4.33957443195578e-06,1.06499076614751e-05,-3.97574741629204e-05,9.54490677883083e-06,-9.0209109276403e-06,-2.47819343073733e-05,8.0646471695546e-06,-7.6768767248219e-05,7.79332983757725e-06,-2.45861351373021e-06,4.68538700180266e-06,0.000154718250158283,-0.000289776970036364,1.60034742698158e-05,-0.00129091904312064,-2.34610560274996e-06,1.07594926738139e-06,4.98948814948776e-06,-2.89193980443024e-08,-1.89417581897537e-05,5.71018904436772e-06,-1.64113603307986e-05,-1.04366992704976e-06,-4.0310159806421e-05,7.8477635303386e-06,5.00157739429795e-07,1.57789065133253e-06,-9.82688579464815e-08,-4.45493095102856e-06,6.61861135163168e-07,4.30076028314837e-08,-1.04841872999357e-07,-1.62773145648027e-05,-4.8322733167934e-07,-1.03375411206907e-05,3.86281401393452e-06,-1.12816591948388e-06,-9.8606886429852e-08,1.48398962236842e-06,-0.00399837453766025,-1.42359812657204e-07,-6.6244018975429e-08,-0.0027563064612737,-1.96245713938881e-06,-1.44337372871121e-07,-3.3292706398158e-05,3.74681706596507e-06,-2.47604368870149e-05,2.60221455759279e-06,4.45569064427334e-08,2.2163560824485e-06,2.9728142921626e-06,-5.56013584209177e-05,-5.51869489635058e-06,6.87880556798597e-07,2.46794728271006e-07,6.79394810698812e-06,9.47660677396729e-08,5.99944684946442e-07,-2.52345661490794e-06,-1.55615429092733e-06,-4.89027139232882e-05,3.09250482135178e-05,9.65440466270386e-05,-1.32922763001678e-06,-3.40915563196936e-06,-1.66668146191204e-07,-2.0756317270532e-05,-5.9379889531516e-06,1.38661459137486e-06,6.23068757290699e-06,-5.45272936559454e-05,-1.59432252261911e-07,2.91470206103404e-07,1.15491922442402e-06,9.56761292501804e-07,1.95601989405937e-07,-2.72379517563116e-07,-5.00469455505236e-07,-2.52104096739328e-06,2.94744262901488e-07,1.22203659163004e-07,1.21757641205039e-07,2.00243337823158e-05,-3.22836878699991e-09,-0.000218503846917486,-2.89544325576941e-07,-2.81421963141165e-05,5.20499263502712e-07,1.93088617348345e-05,-3.8504558648257e-06,-8.78571283918563e-06,-1.69053266954132e-05,5.95777858115903e-05,-0.000324574251555988,-9.51971530612501e-07,-6.08029570779017e-07,-8.06137785536836e-07,1.2337913110892e-06,1.07028729096452e-07,-1.93366230508149e-07,-9.48404370327027e-07,-5.14319391239006e-06,4.07016088902883e-05,1.56178277127045e-06,5.02058468428566e-06,-1.25539821476096e-06,-6.39718578574692e-07,-6.7436828339293e-06,-4.57101867387684e-07,-7.0824179040901e-07,-5.55534398662342e-07,1.17347777972301e-05,3.84898891105147e-06,1.83726443235971e-07,3.06716225202269e-07,-1.59053305009944e-08,-2.57721983548998e-07,-1.320736279984e-06,-2.64301536285043e-16,-1.95064042027179e-07,1.46093865666902e-05,-4.03937788349946e-07,-7.16607161439962e-06,-1.13479476667143e-06,1.35546390852757e-06,-2.14626313311226e-07,7.75961852825466e-06,-1.7657781656156e-08,1.15046691160027e-09,-2.9263562623009e-06,2.62574300329132e-06,-8.19750426022415e-08,1.11936373614696e-05,-5.14206642269337e-07,1.84463635103944e-07,-1.17902523198102e-08,3.15708548098171e-05,-2.78845120180994e-05,7.73521819438834e-06,2.4089546570351e-07,-4.58966953146559e-08,9.85290466124649e-07,-1.89978169259887e-07,2.07719639648915e-05,-1.65681541292009e-05,1.01524775082946e-07,-3.45596789054722e-08,2.16906839687073e-06,6.54964749873859e-06,-0.000353076841471381,3.42667413194244e-08,1.42497186866848e-08,-3.21818619990228e-08,4.47488565474141e-06,-3.19906361886068e-06,7.15543220135892e-07,-1.54177331129699e-05,7.3660719992786e-06,-3.07536476910323e-05,1.21330631060266e-06,-7.09800426897135e-07,2.40529558725546e-07,-2.09138414288674e-16,-6.03388156349182e-07,-2.07968122021412e-08,-1.12898903272331e-08,-0.00214988383216944,2.08732492458138e-08,-1.37671951805451e-08,-3.26913857041338e-07,3.79714882481111e-08,-3.02024230911602e-07,7.90752722493096e-07,2.87017450661554e-08,-2.48681437683717e-08,3.20302916620793e-07,-3.87505581386565e-07,3.18891471711009e-05,-1.68358329940701e-07,1.88754663965856e-06,9.43250472759444e-09,8.12875169210895e-08,3.6011730834651e-07,-2.69701970808749e-06,3.47759976677534e-06,-2.3476157775361e-07,3.06919986129039e-07,-1.10373864460648e-06,6.44252817663969e-08,5.78605799120781e-08,4.36449275885435e-07,-1.16477384861098e-06,-5.70910875744461e-08,7.2321392338005e-07,-2.88431041466055e-07,7.04825853553992e-09,6.43246900931536e-08,-1.19982057224947e-07,-4.8548391880149e-18,5.72324951768317e-10,0.00164827148711142,2.14717514759964e-08,-1.40191438002211e-08,-1.74859020581416e-08,-3.91891337230687e-10,5.89990031400789e-09,-1.42480287673684e-07,6.57878892341942e-08,-2.93683453456444e-17,-3.87480488700192e-08,-4.39432631635864e-10,-1.02712982776996e-09,1.78559147428857e-06,2.84708237338931e-09,-7.44757493142162e-12,1.02292136825093e-08,-4.73799227904325e-09,4.91544288220048e-07,-8.65196862146291e-08,2.16052640544593e-08,4.37495131946283e-08,2.49477204805991e-09,2.98372056751974e-09,5.9034094581098e-08,-0.00047972443553321,3.93085300509399e-08,-1.22280185582588e-16,1.50124839915906e-06,-1.24942660093214e-07,-5.75381809143202e-09,-3.66346205918483e-08,1.75433319819979e-07,4.63809834776057e-07,-2.98091040157938e-06,2.34570594201849e-05,4.29268444392346e-08,-2.70423025353654e-16,8.46130902393559e-08,1.32752674358476e-05,1.15800366898615e-07,-9.87326303774264e-17,-2.32627291968672e-07,-2.37436161704278e-06,3.64761820327553e-07,1.96890489673192e-07,6.72501001014767e-08,3.6629108788343e-08,1.3279762442652e-06,-3.85506863768668e-08,-4.11625074334398e-07,-6.69060360290442e-06,-9.0884851174412e-08,-9.18784501902373e-07,-1.82554132265801e-16,3.97990461658726e-07,-1.89619688580165e-07,-1.26735997540708e-06,1.34028601130174e-07,-3.44240599946639e-16,1.43764047161295e-07,-2.06831184249511e-07,7.51299597169833e-08,6.82669458216286e-08,1.77253264890156e-07,-1.37262691396843e-06,2.81624742194918e-06,-4.68806486647089e-07,8.96672236404363e-16,-1.99186195499422e-06,2.69276176337861e-06,-1.22694861013173e-05,-2.66543492051653e-06,2.71682888766093e-07,1.84398046762799e-09,2.27248775352962e-16,4.09106434612397e-16,1.89613232917723e-09,1.78230699774693e-06,-2.36584898110509e-07,3.59900689860602e-07,-1.74086052280422e-16,1.90654534763461e-07,2.36516032348880e-09,-7.07846555637895e-16,-3.55858508415301e-16,1.58328077479728e-16,-5.86667510894972e-07,-1.7658304073217e-06,2.74135832919769e-06,-1.72266466309599e-06,-8.65200329314376e-07,-1.95785974843012e-06,0.000304493904140726,7.94206308436483e-16,5.45968327334623e-06,-4.29598765921955e-06,5.60085710549249e-16,-3.43390354384084e-15,0.00623625979500557,2.61488899477349e-10,2.19511163244861e-06,-1.81394132860085e-06,-2.5503001947294e-06,1.39636267995815e-07,8.77061610882178e-16,4.81285374651201e-07,-5.84366008618581e-16,1.76395110937702e-06,-1.78370230911884e-15,3.39027307403201e-06,2.20226173729821e-17,-2.85335680149515e-06,-4.00821000831993e-06,-2.98997849835507e-07,-4.14030863306812e-06,-2.32318362895261e-05,1.85358987639381e-06,-2.06085103627271e-05,-8.33984185952788e-07,-4.06729156527131e-06,-4.10883241910625e-07,-7.78275192866317e-06,0.00156156196973708,1.06580343600326e-05,1.30772163543808e-06,4.15459334631984e-05,1.59780033723805e-14,-0.865279433271788,-0.00384850976472753,1.92007197495407e-06,5.54584241055897e-13,2.11754271480223e-07,4.61914815641084e-06,1.5396362190993e-05,1.73670053671118e-15,-0.00129153663452962,-1.64072449629857e-06,-1.17893860212326e-15,-2.04550133719502e-06,2.38418656649052e-05,2.03787902253935e-15,1.12620610980993e-15,-4.18184757617894e-05,-6.14946704735243e-07,-3.38912740739355e-09,-4.53028898531449e-06,1.11414160508451e-06,0.000117575539258359,3.10354914132939e-07,3.47231840585941e-06,-5.51796308139365e-06,9.14351060143925e-15,1.22615040012788e-07,7.62564725240148e-09,2.07663483941186e-08,1.91326518500728e-06,-5.16244897158749e-16,-6.33364771477967e-16,6.16405415141653e-07,-2.76384342053088e-16,-2.08347728406158e-15,3.45905724034462e-06,-3.80561950383645e-06,-7.7824802176322e-06,-4.13049908121183e-08,0.000188606789312758,1.29941287216272e-06,1.1143175596949e-07,-6.14722409864375e-17,2.6563797839821e-07,1.23601856720169e-08,5.67730232039637e-08,-0.00462225321220029,2.25534163214698e-05,-2.05963565330205e-16,-1.15512927244739e-16,2.10584235478768e-15,-1.71110830237013e-07,-8.92732159868155e-07,-4.68795950173097e-07,-7.34517782537021e-16,-2.19552089985037e-05,-4.09770640571427e-16,2.13634693670192e-16,9.23986790453005e-06,-2.02709729725574e-07,-2.1315414711065e-16,-4.90967111565841e-07,-9.05542343962087e-05,3.68583333653119e-16,7.37231685548559e-07,2.3511023649145e-17,1.9308294501394e-07,5.65602469719115e-17,1.92477191150738e-07,1.66757154141649e-06,0.000497704633367105,5.61210064102668e-08,3.84368585333875e-07,-1.31029268245447e-06,5.09539898530756e-07,2.43979026950696e-16,2.26204664839579e-05,-2.03246294242818e-06,4.31913206903927e-16,-1.67165610182526e-07,-4.8744846347718e-07,7.82358860099612e-07,-1.47628436634852e-15,3.56651466282867e-07,0.000167944071253751,-2.07218301803343e-16,-1.15938575876507e-06,-2.56244694459966e-07,-4.76565874810692e-06,-7.98519658291018e-16,3.13474060562078e-16,2.33762398691245e-07,7.11941829067189e-08,5.75407949778775e-09,-6.32626800937954e-07,4.1546734042178e-08,-1.20606044455419e-16,3.21426100842214e-16,1.51690191591659e-07,1.04562743470062e-09,4.08677322812575e-16,3.66983773434757e-07,5.72367460149214e-16,2.09944518748323e-06,-7.07366399341061e-08,-4.13502800351671e-08,-2.74691289470212e-07,-1.58512016607178e-13,-9.16998204627277e-17,-4.13776147587231e-17,-1.72751693073226e-14,-8.15161386030801e-06,-5.51321579255492e-07,3.12501778733716e-16,-2.70909175485061e-16,9.96532085615109e-16,1.2595940633917e-06,7.18637891725613e-09,-6.53055203893077e-07,4.54888694479663e-16,1.07803577262949e-15,3.19714957633388e-15,-3.64420697425096e-06,1.26889470257026e-06,2.59004335332599e-15,3.17266160747506e-07,-0.17275634864209,1.93768137122038e-15,1.10619853961111e-15,1.03464944504381e-07,8.50851148381933e-10,-3.14720805540625e-09,3.99118039962872e-15,3.70297116722086e-08,6.76800978415404e-08,8.61403092731811e-08,-8.89294444059247e-08,-3.2398523295748e-07,2.85701370095449e-08,1.15834332581316e-15,8.03807654599901e-16,-1.24085934646194e-15,6.00052125049723e-07,-8.65150803697057e-07,-2.97911533205996e-08,-2.3961196077065e-08,4.92721390520358e-16,1.80069324243216e-16,-8.75119869770552e-17,1.71101441252388e-16,3.61506157562503e-16,2.99581778073431e-06,-2.54204000733535e-16,4.32181207988009e-16,-1.87740030564406e-08,-1.40062954136796e-16,-1.68077406448978e-08,-1.05305422817949e-16,-2.08414867961794e-08,-6.07156852811672e-17,-2.52986582265463e-08,-3.16704155175609e-09,-1.99948972546725e-06,-1.75757195859117e-17,1.0168077878347e-07,-1.26108457718415e-16,1.44174112251757e-07,-6.54564026035331e-06,1.39798725177266e-09,-4.73941302714096e-16,2.03851813396584e-07,-2.1253146393343e-16,-4.99829876383262e-08,-2.82086883496443e-07,3.9235027113579e-16,-2.06228662649182e-16,-3.80196660710942e-16,-7.77222260732939e-16,-9.44803133267395e-10,-1.22954012826153e-08,-2.74343795758365e-09,1.04897364834327e-16,-3.52977904917199e-17,-1.0204482775193e-05,1.6291898028882e-06,-3.29532499103532e-16,-1.47955103620632e-16,-1.23879759119324e-08,-1.00717234768898e-16,-8.76898116381942e-08,2.01137468583558e-16,8.25106638232703e-07,-9.16158628007467e-18,-2.86504215595095e-17,-2.18157749021767e-17,3.53787913712076e-16,-1.58518224715837e-17,3.85296282383469e-16,1.08815168025918e-07,-7.6093389492732e-07,6.49747624378587e-17,-7.28612715845135e-08,2.76856453894849e-07,-5.22644217529022e-17,-5.03316671312982e-17,-3.9802478865582e-17,-3.9105422251891e-16,2.71661489097576e-08,4.33970220041582e-09,-8.46514417459728e-17,-1.05549859052458e-16,-4.92194549412642e-08,-1.75547380779904e-07,-9.35923999200235e-07,1.32152443061453e-16,-1.06635715022657e-17,8.22814415784836e-17,8.80948527378791e-20,2.46706929431284e-16,-2.24405194579405e-16,1.02725600992075e-07,-9.70779496959879e-08,-1.86508362339976e-08,7.18879708205988e-17,7.36007194206953e-17,2.73118233190781e-16,5.90537821642644e-17,-2.00322562114371e-16,9.84265494353054e-17,-3.86870821511361e-16,-1.57574619688078e-17,-4.60210135293677e-17,9.95734151528084e-17,1.06639306559436e-16,3.43726216563429e-17,-2.39443495642127e-16,-7.14589803999831e-17,6.96698523057061e-08,8.26954199449623e-15,7.8068300536285e-16,-1.55538264139835e-15,1.56497657345982e-06,-1.71450870226642e-09,6.00452654167144e-17,-2.53803986822365e-08,1.42552599902768e-06,-1.45385564343421e-16,4.05777251214289e-16,-2.49413144935599e-07,4.68034597139408e-17,3.48554687114866e-08,-4.39903749734177e-14,1.05545593972902e-16,-1.89844552450498e-18,-1.5101399409215e-16,3.08632129349079e-09,-4.23646665873712e-07,4.54559563910951e-17,-8.49399952371571e-17,1.6935317350893e-17,-4.1851875954156e-16,4.92769887394662e-17,3.81039479974521e-17,1.82092134955745e-16,-8.93958245077447e-17,3.44963037041354e-08,-9.7301461427062e-18,-1.11312975870053e-16,-3.39347753104998e-17,-2.3503029101702e-17,9.21964462545134e-17,-5.83529631663551e-16,-9.81220729851474e-08,-1.03015608999003e-16,-5.5144153365919e-18,7.31015288295085e-08,-1.49951298956418e-16,-2.37157883328824e-16,-6.73595080145666e-17,3.44182422957166e-16,0.000460446508000797,1.0688144232702e-18,-4.4268017594299e-08,-2.46227086481411e-17,-8.16852174136739e-17,2.5890516940307e-16,2.58378506713978e-16,-2.19301107790881e-17,-1.25357389587051e-16,1.59864338676222e-09,-6.76593566095589e-17,7.80845917378618e-17,6.21252286131251e-08,-1.9911134315093e-07,8.60888367840604e-17,1.39193131613535e-07,2.03730447467199e-08,1.90656115469417e-16,-2.87817240416357e-16,-7.44993121531853e-17,8.83673974216885e-17,-9.92008010947191e-17,-3.38764056047453e-08,-2.52796896060039e-17,1.70566505501326e-17,-3.22214963523092e-17,1.35270170120204e-08,1.74876826150866e-16,-7.76317198963088e-17,8.86188569417574e-17,-7.64597815857561e-17,-6.14178781865619e-09,3.64451369010502e-16,6.44534899941896e-07,-3.23006596524983e-17,-1.8775533816561e-16,9.04186773955544e-17,-4.6177981906099e-17,1.14268769591317e-16,5.12762389396792e-17,-3.16786252976229e-17,-2.19767082071651e-07,1.77004137342247e-17,3.61172781695698e-16,1.46644416348651e-07,-8.67468852459425e-17,-6.35227381671159e-17,-7.76464468140256e-18,7.9693064315691e-17,-7.44971832452081e-17,-9.2488535611166e-19,-9.64957798208491e-08,2.93298516084775e-17,-3.67265791959331e-16,3.14512562172149e-07,1.17601443008152e-16,-1.61301307751681e-16,-1.44003208362713e-16,-5.29287900827457e-17,-1.0737784184609e-16,1.89951635872977e-16,6.20374004555086e-17,-3.93223044017657e-17,6.16112301471971e-16,3.68092001875671e-19,-3.50267243168719e-17,-1.63806686265594e-07,3.41476635005896e-07,-1.07811003644634e-16,6.78752229293116e-17,1.46990060761784e-17,1.78169042172387e-17,2.33862408605123e-16,1.20320281561209e-16,5.80781505099669e-17,-2.30274781927887e-16,-4.2701436750143e-09,9.5095439765507e-17,6.15185320848366e-17,4.64431154297283e-17,6.2345646095918e-17,5.44782460228941e-09,1.95783870074847e-16,-5.93459411516528e-09,-1.41507946440545e-17,-4.69097567762001e-17,3.82469801743103e-17,2.85209669482157e-17,3.20908272893498e-17,2.20938357773802e-16,1.8278855287475e-17,5.48116847833823e-17,2.19950073264831e-18,-8.00507768653065e-17,-1.75773291772824e-16,1.12314605355586e-17,-7.41646917547462e-19,-2.12176863209246e-18,2.79786158863693e-17,-1.11307836040864e-17,1.00127083228943e-17,-8.63453343797737e-17,-1.3985569073081e-17,6.61933573633761e-17,-1.70111320862976e-16,-2.16896968506984e-17,4.07257017967151e-18,-3.35569720710908e-17,8.61072459792025e-17,4.03479147271942e-10,2.09422488140735e-16,-8.59456617775208e-17,-8.05790485037025e-17,-7.92818454628725e-17,4.5057671683708e-17,4.95272171482585e-17,1.30940431287767e-16,5.87713975169629e-18,-1.02445715201873e-16,-9.8698076605953e-18,2.79453109958139e-16,2.99708808222595e-17,-2.65935204625e-17,1.63110721305516e-17,-2.17558919666427e-16,8.87152983350831e-17,5.16767077925016e-17,-5.14465283085531e-09,1.59892578457039e-17,4.17835633347113e-17,-6.2550526088738e-17,-4.57243328659613e-17,-5.87387568297663e-17,4.56785162139047e-17,-2.94404472119052e-17,-3.96756198716233e-16,1.52627142712511e-17,1.07989346707326e-09,-1.37488769148397e-16,9.3575348364762e-18,-1.04447407400813e-16,2.052788039435e-17,1.30978501758599e-17,1.80455426934824e-16,-4.05011893189024e-17,-2.81003004370661e-16,8.37343901453331e-17,1.13118137807594e-16,1.03286280924513e-16,-1.00205528660349e-16,1.02216993873031e-16,5.39872980804924e-09,5.52866499185986e-17,9.60727133374068e-17,-2.52320097155815e-16,-2.98914538954254e-16,-1.61824006811865e-08,-4.44588084159796e-17,5.91514519471483e-17,4.91730585169012e-17,-1.56811227456844e-16,-8.80014118514224e-17,3.24773370957224e-17,1.6625314459822e-16,3.7374837632423e-18,-1.31583622367598e-18,6.00883048435322e-18,-9.33058140248311e-17,4.65757481317216e-17,-1.08539498820542e-16,-5.21122593386715e-17,-2.73424519334505e-17,-5.36660165468391e-17,-1.63916179905866e-16
"t405",-0.0313177618926028,0.00708828370943718,-0.00857532193735372,-0.0182933963304729,-0.0169737331122946,0.0230726054091902,-0.175930846297993,-0.0365209526557388,0.000551574186787205,-0.0012520440334498,-0.000401893835486627,0.0113030002619614,-0.0157285785098589,0.00203949938551707,-0.000320563744574948,-0.00563955172849287,-0.000303390539766797,0.00134477960482915,-0.000156213347976034,0.000153271966792977,-0.00464342824861119,0.00117048879465559,-0.000753784999986474,0.00501980809270885,-0.000798218641886167,0.000798146409313291,-0.00123644888813458,0.00141461837798276,-0.0539132913869363,-0.00229123291508367,7.06327869557313e-07,2.6218272398415e-06,-0.00203735334806837,6.4919689935505e-06,-4.34498162167194e-06,-8.43508394787662e-06,-0.000345226263362342,2.54102868938303e-06,2.09581000977406e-05,5.94070524212645e-06,0.000327315001585466,-4.30372021856916e-05,0.000340134694017097,-3.92765742361907e-05,0.0021932608242987,-0.000115010029203623,0.00041544077874897,-0.180184606209079,-0.000212545030619381,0.000176294140216901,-0.000601790942869807,4.30159617231156e-05,-5.81967901283824e-08,0.000133405434057149,-3.10756596863845e-06,3.00662886286528e-05,-6.09228273630547e-08,-1.01373081420188e-05,4.02621060941754e-06,-3.19696875305445e-05,-0.154043310705046,-6.51156986399465e-06,0.00010901487442853,-5.09446618399966e-05,1.63836416590334e-06,-1.9489157023542e-05,-7.01749951653948e-09,1.40631851072732e-06,-5.03812476244188e-06,2.69319306696302e-06,-3.66883742495191e-06,1.43544531982722e-05,-5.09058325603926e-07,-2.49975636132675e-05,1.05247727346219e-05,1.6745953698466e-08,-0.00011553064454721,1.63792470281774e-06,-6.23568542147198e-06,-7.43962883861436e-06,2.25007913078294e-06,3.39684783145005e-05,-4.57826707277647e-06,-2.99425862700841e-05,2.783296158296e-06,0.000708720673045111,-0.00718777597464425,8.90149566861281e-06,2.24653349304374e-06,-0.000475766209902381,2.89106279603367e-06,-3.58204271452833e-09,3.66013778126146e-08,-1.38832052670213e-05,-1.61261124212028e-09,4.51817674124169e-07,3.98727194969384e-08,-2.38531187583412e-06,3.83242169521036e-06,2.46879768320932e-06,8.9735865189768e-07,-4.52798041174089e-07,1.33864670965721e-06,-3.51642160823661e-06,1.85898498648794e-06,-2.46667167804916e-05,0.000164215361226447,-4.85459918503023e-05,3.50228434815479e-05,-1.64288331331179e-05,-6.49372431322428e-05,-0.00163485161005497,0.370270700047278,0.0357398343858151,-4.54667577772903e-07,1.98503155679123e-05,-2.93511839743346e-05,3.42256611216344e-05,-4.8925775028403e-05,0.000271218839544592,-0.0998153144344847,-4.24403139449827e-05,1.82315046129426e-05,4.88009267636754e-05,-1.87819738868615e-05,0.000529869278740636,6.91276391437661e-06,5.72368603115312e-07,1.14882987750319e-06,3.83761488172253e-05,-6.9384067749832e-07,5.86081416698839e-06,-7.34434651993687e-06,-1.5157092066049e-06,7.81872796930118e-07,2.78158467453902e-06,-1.78118405724019e-08,-1.2330080142322e-05,3.89812465982103e-06,-1.12145534854347e-05,-7.17250361832992e-07,-2.77770948584521e-05,5.42961315465988e-06,3.470989949183e-07,1.4325244622614e-06,-6.86950934938152e-08,-3.14844109785601e-06,4.68911249555803e-07,3.04473145051396e-08,-7.41696071822024e-08,-1.49461585100773e-05,-3.39532057447735e-07,-9.44977589279326e-06,2.70210527340825e-06,-7.62433540389868e-07,-6.6047197182722e-08,9.86947263402057e-07,-5.38494345017884e-05,-2.47437737931976e-07,-8.17353624867201e-08,-3.90333283193333e-05,7.56907288740174e-07,-4.09835013833287e-07,-5.39163770086993e-05,6.24497673133e-06,-2.22697634254384e-05,3.91399675261627e-06,6.85140613536215e-08,3.43007117481973e-06,5.4258209219596e-06,-0.000231926947454518,-0.00703774582189946,6.38829515034582e-07,1.98898087082773e-07,3.82275945502138e-06,8.69200856142238e-08,3.45442807091151e-07,-2.48681689521013e-06,-1.58508611157144e-06,-6.28265831106066e-05,3.02488190555487e-05,6.09306531358802e-05,-1.4657825924909e-06,-4.63387640435724e-08,-1.76114493444646e-07,-3.09010671887432e-07,-6.25978614439183e-06,1.4875558402505e-06,6.69367912210219e-06,-7.58651179216223e-05,-1.71662704782887e-07,3.18764954338921e-07,1.27011248335896e-06,1.6325867594201e-08,2.18527745968054e-07,-3.11721888012593e-07,-5.76225337144439e-07,-3.82978747558765e-06,3.46787947169194e-07,1.56693135522401e-07,1.57031322751709e-07,2.75712482094429e-05,-4.9254661064542e-09,-2.66945101134686e-05,-6.07313061143773e-06,-0.00548084833629467,-5.91140012849969e-07,-6.27342131368468e-06,-1.5486998543211e-06,-1.04727720977217e-07,-1.15513028718735e-05,2.66439490614577e-05,-7.27911858191175e-05,-1.18479864260891e-06,-9.96618327575632e-07,-8.73416408519161e-07,1.68753691447605e-06,1.12316211630677e-07,-2.09925762711974e-07,-1.07845403059628e-06,-6.00311437742599e-06,0.000413404801857254,8.18913764751705e-07,4.19230151366053e-06,-1.30076875898375e-06,-6.76668407173756e-07,-7.16773833165061e-06,-5.43400188212644e-07,-9.46950064601543e-07,-1.1673610362377e-06,0.00256613409462853,-7.73834532443995e-08,8.98274409192124e-08,1.70794721149418e-07,-1.31840618870513e-08,-3.01181282294125e-07,-1.25515407140588e-06,-2.7247380804952e-16,-1.98340606925158e-07,1.94706466759504e-05,-4.71138274844748e-07,-0.00156610828587742,-8.86443136269478e-07,1.40224685943377e-06,-2.05693749927001e-07,9.77251969655472e-06,-1.71331457580696e-08,1.14092779083728e-09,-1.8289196776626e-06,2.67762084276419e-06,-8.41345937726198e-08,1.15175720906107e-05,-5.35857638798806e-07,2.60365619311551e-07,-1.68342953906202e-08,6.10308858186962e-07,-5.60879893771332e-07,1.14001736957416e-05,2.75733045365352e-07,-5.28259625661303e-08,1.14097510991073e-06,-2.20230597763447e-07,2.40751032668746e-05,-1.19342783322273e-05,1.18322754639239e-07,-4.02414329011818e-08,4.66111128971804e-08,3.29570389214286e-06,-7.52200662427417e-06,4.91098294960357e-08,1.95876279083234e-08,-4.21886802020276e-08,3.64979815588395e-06,-5.37648893433646e-06,9.24704514073646e-07,-1.25530635646654e-05,1.25495207000836e-05,-6.98403481716117e-07,1.58967146539053e-06,-5.78624252685147e-07,3.13527335244511e-07,5.31240108904288e-17,-7.6650369930954e-07,-2.62356274326949e-08,-2.433061637513e-10,-2.0935663450127e-06,3.69399946388526e-08,-2.28153471557649e-08,-6.91843399151464e-07,7.70552356652362e-08,-4.72272412676175e-07,1.23671178565208e-06,4.50739376844358e-08,-3.96779795825326e-08,5.11680632922496e-07,-6.1858792050795e-07,1.37512746486935e-05,-2.9168013636383e-07,4.33810416290118e-06,1.66944742175118e-08,8.98324173956551e-08,6.78455023517408e-07,-5.51262751181999e-06,1.29696316175015e-07,-4.93590173931535e-07,6.59006624172892e-07,-2.38555233427938e-06,1.47429905445115e-07,1.32994622585022e-07,1.01129308867605e-06,-1.69824404503365e-06,-1.3560493601876e-07,1.09743118527003e-06,-7.13433185604001e-07,1.75828116706486e-08,1.62790186687533e-07,-3.12859730113166e-07,7.21789561375379e-17,8.90441727009754e-10,3.73261348882304e-06,-4.34838605582223e-07,2.46793560822538e-07,2.20614277129681e-07,6.43422875208843e-08,1.48799252699392e-07,-2.16850284550295e-06,7.9924746308247e-07,3.91521812346295e-17,-6.0038458330016e-07,-7.30047536273031e-09,-2.02988696439644e-08,6.74805997825059e-07,1.50408162191216e-07,-1.00728457273413e-08,-3.80997837592716e-07,1.00789963257423e-07,-3.28245748533453e-06,6.11622459333501e-07,-1.22979142177133e-07,-2.2109500037207e-07,-1.16476404512395e-08,-1.48097715185606e-08,-2.17791172092721e-07,9.0848144973796e-07,-2.34244017851947e-07,-9.27667306279993e-16,-6.03104911624845e-06,4.70995613176131e-07,1.04578142153293e-08,1.17339006348638e-07,-4.23748186817525e-07,-8.67415454633012e-07,3.061018918072e-06,-1.11291850756221e-05,-7.78302305846179e-08,-2.80903980555004e-16,-1.45970507218995e-07,-4.08588562881934e-07,-2.04118359435039e-07,-9.96347631769408e-17,7.55705010776535e-07,0.00137714077257139,-0.000768843045220289,2.65619878716929e-08,-3.69831491065555e-08,-2.55592019651231e-08,-1.0040152825109e-06,3.1588395176342e-08,3.38166978962863e-07,1.01807522355122e-07,7.29270383924171e-08,9.53890912797532e-07,5.30780516432169e-16,-3.75606495231791e-07,1.35374590495706e-07,8.66099114658815e-07,-8.54376897667882e-08,-6.70712528387846e-17,-7.81028325849928e-08,1.19932541714344e-07,-3.05997432752312e-08,-2.65773686729655e-08,-6.5276995619814e-08,5.8826896909497e-07,-7.68276554504876e-07,6.73509343648742e-08,1.04559290738852e-15,7.80435743160445e-08,-1.05510542394683e-07,8.91837728444393e-08,-3.83552215299547e-08,4.45336868684360e-09,4.38400005513094e-11,9.03790930983916e-16,-5.02376451785235e-16,1.26806240923029e-10,2.44108959915709e-07,-3.39204379868758e-08,5.29953464661507e-08,-9.2635877437603e-16,4.50901860264732e-08,6.67536249999098e-10,5.0102306157676e-16,-8.19675312897069e-16,-1.75016004912102e-17,-2.77696786498921e-07,-8.94144782275134e-07,1.77611319125458e-06,-1.41489276996011e-06,-7.32478242046407e-07,-2.2130106717113e-06,7.03267571514401e-06,1.48611014905256e-15,6.85319337306092e-06,-0.506229816221746,5.35697039144055e-16,-7.64653674141675e-15,-3.8167487756123e-06,-2.46715079631202e-10,-2.02912572706954e-06,1.10692438142498e-06,1.54931238725957e-06,-6.29337269900245e-08,-2.92217563511419e-15,-2.05722868029183e-07,4.25509318455081e-15,-6.50906277637885e-07,-2.3863289816406e-16,-1.46057707779631e-06,-2.25537177390982e-15,8.38171139017108e-07,0.000194123519783204,6.02383879717155e-08,7.74303055545294e-07,2.64357301435155e-06,-3.78751776890437e-07,1.79944649138378e-06,8.43446210702543e-08,4.10089489340165e-07,3.71482244820517e-08,7.31760812226016e-07,-1.53350056025465e-06,-3.67850903492378e-07,-2.92497923355941e-08,-8.96736356592507e-07,3.67706889401545e-17,6.30185556240921e-06,-1.05976566378137e-06,9.82993623317188e-08,4.21439245374735e-16,1.28098520376077e-08,3.39589844615571e-07,1.20406908395248e-06,9.35557208315131e-16,-2.0181936355274e-06,-1.51812395819645e-07,5.09163056849716e-16,-1.99046891518798e-07,3.82606326889522e-06,-1.46066786341296e-16,4.20551210824792e-16,-1.06775598137451e-07,-8.24886053658717e-08,-4.67405810186086e-10,-6.44429507613452e-07,1.68803397078401e-07,3.44066480029892e-07,4.77005341501131e-08,5.73620521243982e-07,-9.6049216740683e-07,-2.27465615787459e-15,1.36691367095824e-08,1.35609392828588e-09,3.73242693488343e-09,3.48190174010666e-07,-2.09661835621774e-16,1.36255922307472e-16,1.14043741082694e-07,1.49391417241584e-16,-7.21413118874479e-17,6.99562140716653e-07,-7.78010710676773e-07,-1.00694792977066e-06,-8.3208941240254e-09,2.52184561333688e-05,5.53315220884577e-07,2.48152331054546e-08,-3.22429026412733e-16,5.95168183677595e-08,2.77284456061058e-09,1.27129587397844e-08,-8.86715804692131e-07,3.46804006572267e-06,-2.84678225104339e-16,3.13416167321159e-16,1.62759130451251e-15,-4.30992485191519e-08,-1.42976355747719e-07,-1.19795028871494e-07,1.47509641039687e-16,-1.09062447236906e-07,2.61243753589913e-16,4.53694178899686e-17,2.52082740012916e-06,-5.53371073008425e-08,8.43942971062717e-16,-1.35567069512541e-07,-4.84815919264658e-07,5.09775765451501e-16,2.07852668815432e-07,3.00398044878032e-17,5.51981554367585e-08,4.64319271404474e-16,5.5045336003039e-08,4.76310420327254e-07,1.19678338995694e-07,1.62088092446751e-08,1.11146046391932e-07,-4.96934673504775e-07,1.52012724543867e-07,6.98504134600519e-17,6.18711999358835e-05,-3.65629929842722e-07,-1.76194637732946e-16,-6.43094568434215e-08,-1.46935890523722e-07,3.07677159324037e-07,-9.4695915985758e-17,1.09515869142496e-07,1.00379596346258e-06,-3.04983175514475e-17,-3.6105156047391e-07,-7.98180946034139e-08,-2.87753762735574e-08,6.76156358024068e-16,-2.58224178848722e-16,7.37570898822492e-08,2.2535629866066e-08,1.8224775753374e-09,-0.000901763154479221,1.30335718679441e-08,-1.21975053709329e-16,4.55816106373945e-16,4.77317458721709e-08,3.2906488124341e-10,1.07610995512792e-16,1.15424661333599e-07,-9.0898827347812e-18,4.13617298413667e-07,-2.20331653636364e-08,-1.28720233358765e-08,-8.52905209215589e-08,-8.74166519285274e-16,-1.40198853529052e-17,9.26919390042375e-17,-1.60868975644621e-16,-4.72475416114194e-08,-2.12132702064161e-07,-9.62052065706407e-17,3.52319397560348e-16,5.41488484310815e-16,2.30199092377747e-07,2.6770041975665e-09,-1.13609597186786e-07,2.96002743812685e-16,-5.55545193181572e-16,-8.67415948097028e-16,-6.9914222484894e-07,1.48330835877543e-07,2.59457378902815e-16,3.35848303517345e-08,-6.77822025974216e-07,-4.78051495484374e-17,-1.93358750235086e-16,-6.74697417428239e-08,-6.91146631857156e-10,-3.33767440877598e-08,-1.50295318959126e-16,3.74782591568904e-08,5.45187262636866e-08,5.84067773557549e-08,-5.31294577709647e-08,-1.8913922774132e-07,2.08394678987371e-08,-8.63610409987828e-16,-9.96686422636943e-16,-3.77036159148827e-17,3.93844561424397e-07,-2.75386739211772e-07,-1.49829031379339e-08,-1.17475090776481e-08,8.35299909291966e-16,3.39687874458216e-16,2.85780013865843e-16,5.50846461742034e-16,9.37877678831262e-17,3.86702587815341e-07,2.10964196021107e-16,4.42704604508925e-16,-9.03332878206344e-09,-1.89305956595707e-16,-8.08579215413702e-09,-3.15336568618421e-16,-1.00233641769252e-08,7.71286121229208e-17,-1.211222565621e-08,-1.51510623364711e-09,-1.23712855366205e-06,-2.94763247885225e-16,4.85452807182381e-08,4.75435924316067e-16,6.8747576748868e-08,-8.34394966256941e-07,6.67177123384525e-10,-3.76620429452205e-16,9.72381662830628e-08,-2.80646361291315e-17,-2.38617835593461e-08,-1.34674723838155e-07,1.04231416033455e-15,4.2045500013159e-16,-1.74723338180923e-15,7.43255563157045e-16,-4.5152264951181e-10,-5.87775322652333e-09,-1.31196789217334e-09,8.39749786347326e-16,-2.95756544228471e-16,-9.5759311763186e-08,1.01102075535445e-06,-3.32336612474063e-15,5.84875306105263e-17,-5.95441308817021e-09,3.78068362590098e-15,-4.21780932113776e-08,5.91106122677014e-15,3.97698677549524e-07,4.09558968586806e-15,7.69018796096876e-15,-1.49623400211864e-16,-6.72513788940536e-15,-1.49526540905099e-15,-1.25801608906215e-14,6.82064961566573e-08,-4.76991052924469e-07,0.707106781186549,-3.53421053697761e-08,1.34388745209076e-07,5.93413059936498e-15,2.00482664222913e-14,-7.38682450759716e-16,4.61664676542867e-16,1.32285071960034e-08,2.11479969152376e-09,1.40117352963942e-15,1.01372796609318e-15,-2.40056037821756e-08,-8.56284250306816e-08,-8.95998730134085e-09,5.89014818075532e-15,1.42175024190675e-15,2.80057201160031e-16,-9.95105365648099e-16,-1.4571260861252e-15,-8.63321854455051e-16,5.04372763355553e-08,-4.76924309558343e-08,-9.16815616605079e-09,-6.4833472434088e-16,5.17799672647607e-15,-2.08051665965365e-15,-4.71131287762059e-16,-1.22983658117492e-15,9.46727267800814e-17,1.1595936130696e-15,1.03228261299132e-15,8.79632497217919e-16,-3.1171885031175e-16,-8.74232813137422e-16,-1.63772544501775e-16,6.89177351973651e-16,7.23181157707322e-16,4.47762345221975e-08,-5.18717724737916e-16,-2.32553911506387e-16,-7.88701321854964e-16,4.89341296514811e-07,-8.52765282930478e-10,-1.40790850885163e-16,-1.63427356061215e-08,4.46712276269187e-07,5.70512244395475e-16,-7.78293499743219e-17,-1.24538559157529e-07,-7.26861301004035e-16,1.09734497130356e-08,2.37472763076771e-16,4.08998488603734e-16,-4.2166952666037e-16,-1.30975327729895e-15,1.55119799902254e-09,-2.12984341299346e-07,2.50760968175348e-16,2.56169558905421e-16,-4.06007136771419e-16,-4.31564578358434e-16,2.86229373536173e-16,-9.64057647984914e-17,1.15781422772099e-16,-2.20400884177756e-16,2.27583933466713e-08,-2.05568233017673e-16,4.70908280949329e-16,-9.25415700067594e-17,-1.24054878228691e-15,3.48463602054327e-17,3.50044569742542e-16,-5.01580087367216e-08,2.10994375346683e-16,3.11287627301481e-16,3.73865948062569e-08,-5.83155478080451e-16,-2.43519790386253e-16,2.95449655295181e-17,-2.80696823442542e-16,2.14607702750572e-07,-5.00982727715595e-16,-2.29302951945682e-08,3.8338108409393e-16,-3.10180725255433e-16,-5.03340594172817e-16,-1.13311832518944e-16,-2.9564323086856e-16,1.50514609803556e-16,8.27668083731471e-10,-6.30695463715788e-16,-3.75644710775683e-16,4.16823334436282e-08,-1.03232955391679e-07,1.839733821592e-16,7.22660849605176e-08,1.05819776137407e-08,1.88971895932856e-16,4.90321477419706e-17,-1.84791453470241e-16,-5.49258319212859e-17,1.81318328335621e-16,-1.77202757452008e-08,-6.32848153023111e-17,3.4728616091611e-16,-3.03099068397349e-16,7.08947800281193e-09,-6.09567401776285e-16,-1.67847361189197e-16,2.0505412634298e-16,3.39565684824032e-16,-3.22771358346224e-09,-5.46112794427961e-16,6.70157187757043e-09,4.00568255795355e-17,6.0582475073984e-17,-5.40620620812672e-17,-3.02964879398976e-16,-3.83172721636983e-17,-1.28052526819279e-17,-1.83400587354856e-16,-0.000467445613555398,-5.72763189794489e-16,1.74660425512947e-16,4.84498408524908e-08,-8.48975916372796e-17,-6.22354069857258e-17,1.75713755388857e-17,-4.58947291296558e-17,2.41637983980061e-17,-3.54504316232048e-17,-5.10304316812058e-08,-3.29941402672949e-17,2.08396756353932e-16,1.0482497881513e-07,-1.16901213887277e-16,-2.94552332958606e-16,3.57127306055708e-16,-5.38748317706037e-16,-2.06827993996033e-16,-9.30982120205468e-17,1.19058713860539e-16,1.06767595618204e-16,3.0900665972593e-16,1.23234233824254e-16,-2.01735853882004e-17,-5.50209086099612e-08,9.60734970040316e-05,1.18933251017533e-16,2.88152048783616e-16,3.9128711440831e-17,-1.39854515582242e-17,-4.22838847269347e-17,-1.33779576136411e-16,2.7826174205517e-16,4.95631532443207e-16,-2.28083327820889e-09,-2.08365176985784e-16,3.42577840995859e-16,-1.22479433916706e-16,3.04614306209249e-17,2.91818250693766e-09,5.24344835726308e-17,-4.12593454397736e-09,8.67608522026109e-17,4.47151611614207e-17,-5.91983914431901e-17,1.70711554293756e-16,1.38022363082262e-17,-1.66181485466952e-16,2.19011844573836e-17,8.2583012226315e-18,3.77661781915826e-17,6.22962457721521e-17,-3.72176389369543e-17,-2.33245108045196e-16,5.70360311630361e-17,1.48701642627785e-16,-1.45907886650944e-17,2.18444535004376e-16,-3.79551679695755e-16,1.73091858551659e-16,7.49867419411839e-17,-2.57145911430201e-16,-1.25984292442816e-16,-2.30693409501521e-17,-2.89920233016713e-16,1.86320690693284e-16,-4.02609687533397e-17,2.1908533044571e-10,1.70916745481833e-16,3.1476424098692e-16,-1.43863423022359e-17,-1.71316500524676e-16,-4.65468642523528e-17,1.85227721888237e-17,9.85156415044637e-17,9.38594349091174e-18,-4.56109978099369e-17,-8.83294188763464e-18,1.73906028466675e-16,-2.81580030195671e-18,-1.95193854203069e-17,4.45927806926278e-17,1.4276746111448e-16,5.24975396035132e-17,7.07818070456027e-17,-2.8128756491656e-09,-1.9215200014254e-18,-8.35721039397214e-16,4.58180147199368e-17,-8.15392639431149e-17,1.32803707567443e-16,4.33861562431036e-17,-3.30269038443207e-17,2.27916407388366e-16,-4.29285174785385e-17,5.94566670980909e-10,2.18383818084176e-16,-6.35781413424339e-17,-4.99873721958711e-17,7.51147652143995e-17,-2.70855902042215e-17,-6.51073388946536e-17,3.6757934750762e-17,-1.03445199453029e-16,-8.65428642392205e-17,-1.52325053386298e-16,-4.40327400783437e-17,-7.26923691251312e-19,-2.05174263184105e-16,2.99282631352668e-09,-2.44222329416707e-17,-1.34224908438637e-17,-1.37489613908362e-16,-3.2612801348364e-16,-8.99899421694317e-09,1.7897103985515e-18,2.57699773793976e-17,8.52509907893759e-17,-9.54436977030577e-17,4.59410029191951e-17,6.31342592625117e-17,1.74704750508581e-16,-7.05726691813754e-17,-8.16289820836506e-17,-1.05251037355999e-16,-3.45660116593776e-17,3.05408877610879e-17,-3.26544848366503e-17,-1.03315299308702e-17,-2.18715993091438e-16,2.78559661117817e-17,-2.26642636899157e-16
"t406",-0.0313177618926028,0.00708828370943719,-0.00857532193735372,-0.0182933963304729,-0.0169737331122947,0.0230726054091901,-0.175930846297993,-0.0365209526557388,0.000551574186787203,-0.0012520440334498,-0.000401893835486627,0.0113030002619614,-0.0157285785098589,0.00203949938551708,-0.000320563744574951,-0.00563955172849284,-0.000303390539766794,0.00134477960482915,-0.000156213347976038,0.000153271966792981,-0.00464342824861118,0.00117048879465554,-0.000753784999986475,0.00501980809270885,-0.00079821864188615,0.000798146409313304,-0.00123644888813459,0.00141461837798273,-0.0539132913869362,-0.00229123291508365,7.06327869539871e-07,2.62182723982676e-06,-0.00203735334806835,6.49196899355842e-06,-4.34498162166201e-06,-8.43508394787972e-06,-0.000345226263362345,2.54102868938825e-06,2.09581000977389e-05,5.94070524212735e-06,0.000327315001585473,-4.30372021856955e-05,0.000340134694017118,-3.9276574236193e-05,0.00219326082429868,-0.000115010029203595,0.000415440778748957,-0.180184606209079,-0.000212545030619379,0.000176294140216893,-0.000601790942869847,4.30159617231043e-05,-5.81967901179575e-08,0.000133405434057154,-3.10756596863986e-06,3.00662886286741e-05,-6.09228273715561e-08,-1.01373081420422e-05,4.02621060942478e-06,-3.19696875306233e-05,-0.154043310705046,-6.51156986400104e-06,0.000109014874428532,-5.09446618399988e-05,1.63836416591706e-06,-1.94891570235661e-05,-7.01749951673139e-09,1.40631851071938e-06,-5.03812476244663e-06,2.69319306695883e-06,-3.66883742492972e-06,1.43544531982366e-05,-5.09058325629744e-07,-2.49975636132322e-05,1.05247727346062e-05,1.67459537268905e-08,-0.000115530644547172,1.63792470282131e-06,-6.23568542147227e-06,-7.43962883861988e-06,2.2500791307796e-06,3.39684783144912e-05,-4.57826707275733e-06,-2.994258627007e-05,2.78329615826946e-06,0.000708720673045103,-0.00718777597464423,8.9014956686157e-06,2.24653349302088e-06,-0.000475766209902417,2.89106279595853e-06,-3.58204275095753e-09,3.66013778206511e-08,-1.38832052670105e-05,-1.61261117866075e-09,4.51817674107228e-07,3.98727195316882e-08,-2.38531187581739e-06,3.8324216951921e-06,2.46879768318269e-06,8.97358651887337e-07,-4.52798041241655e-07,1.33864670963293e-06,-3.51642160819434e-06,1.85898498653643e-06,-2.46667167804835e-05,0.000164215361226436,-4.85459918503295e-05,3.50228434814689e-05,-1.64288331330699e-05,-6.49372431323293e-05,-0.00163485161005505,0.370270700047278,0.0357398343858151,-4.5466757775778e-07,1.98503155677232e-05,-2.93511839743197e-05,3.42256611216835e-05,-4.89257750284305e-05,0.000271218839544583,-0.0998153144344846,-4.24403139449452e-05,1.8231504612936e-05,4.88009267636708e-05,-1.87819738868008e-05,0.000529869278740678,6.91276391435233e-06,5.72368603098453e-07,1.1488298774708e-06,3.83761488172144e-05,-6.93840677566166e-07,5.86081416698032e-06,-7.34434651989048e-06,-1.51570920659679e-06,7.81872797030946e-07,2.78158467457999e-06,-1.78118405665944e-08,-1.23300801423559e-05,3.89812465986059e-06,-1.12145534854927e-05,-7.17250361867388e-07,-2.77770948584177e-05,5.42961315464888e-06,3.47098994932703e-07,1.43252446230058e-06,-6.86950934970227e-08,-3.14844109783875e-06,4.68911249608562e-07,3.0447314472697e-08,-7.41696072076707e-08,-1.49461585099766e-05,-3.39532057375417e-07,-9.44977589284704e-06,2.70210527337778e-06,-7.62433540401836e-07,-6.60471971877105e-08,9.86947263518946e-07,-5.38494345017647e-05,-2.47437737930373e-07,-8.17353624460888e-08,-3.90333283193169e-05,7.56907288707326e-07,-4.09835013864835e-07,-5.3916377008714e-05,6.24497673133568e-06,-2.22697634253985e-05,3.91399675266346e-06,6.85140613616939e-08,3.43007117485642e-06,5.42582092197286e-06,-0.000231926947454568,-0.00703774582189956,6.38829514848853e-07,1.98898087067872e-07,3.82275945505627e-06,8.69200856001211e-08,3.45442807129153e-07,-2.48681689518224e-06,-1.58508611158792e-06,-6.28265831105948e-05,3.02488190555944e-05,6.09306531358615e-05,-1.46578259248951e-06,-4.6338764058167e-08,-1.76114493413264e-07,-3.09010671869138e-07,-6.25978614434709e-06,1.48755584020217e-06,6.69367912207053e-06,-7.58651179216639e-05,-1.71662704773854e-07,3.18764954248413e-07,1.27011248336806e-06,1.63258675805179e-08,2.18527745977642e-07,-3.11721888010643e-07,-5.76225337203993e-07,-3.82978747558341e-06,3.46787947173446e-07,1.56693135499194e-07,1.57031322740961e-07,2.75712482093288e-05,-4.92546602164343e-09,-2.66945101134806e-05,-6.07313061145586e-06,-0.00548084833629481,-5.91140012884331e-07,-6.27342131357452e-06,-1.5486998543664e-06,-1.04727721008165e-07,-1.15513028718954e-05,2.66439490615503e-05,-7.27911858190988e-05,-1.18479864265517e-06,-9.96618327541053e-07,-8.7341640832739e-07,1.68753691447718e-06,1.12316211589738e-07,-2.09925762712975e-07,-1.07845403052336e-06,-6.00311437742437e-06,0.000413404801857294,8.18913764682538e-07,4.19230151371802e-06,-1.30076875900763e-06,-6.76668407017e-07,-7.16773833166129e-06,-5.43400188186808e-07,-9.46950064639366e-07,-1.16736103622842e-06,0.0025661340946286,-7.73834532627055e-08,8.98274409788701e-08,1.70794721190117e-07,-1.31840618632806e-08,-3.01181282322458e-07,-1.25515407141138e-06,-2.84032091651897e-16,-1.98340606922764e-07,1.94706466761264e-05,-4.71138274801987e-07,-0.00156610828587731,-8.86443136256873e-07,1.40224685947591e-06,-2.05693749952666e-07,9.77251969661804e-06,-1.7133145811198e-08,1.14092788944261e-09,-1.82891967762232e-06,2.67762084272613e-06,-8.41345937366225e-08,1.1517572090616e-05,-5.35857638806301e-07,2.60365619461051e-07,-1.68342950679617e-08,6.10308858118469e-07,-5.60879893696966e-07,1.14001736957663e-05,2.75733045380966e-07,-5.28259626207197e-08,1.14097510987748e-06,-2.20230597884494e-07,2.4075103266973e-05,-1.19342783322467e-05,1.18322754705953e-07,-4.02414328722277e-08,4.66111128512136e-08,3.2957038920704e-06,-7.52200662442571e-06,4.91098295404174e-08,1.95876279292467e-08,-4.21886801821132e-08,3.64979815584396e-06,-5.37648893432681e-06,9.24704514064129e-07,-1.25530635647157e-05,1.25495207001284e-05,-6.98403481728146e-07,1.58967146534487e-06,-5.78624252586892e-07,3.13527335384245e-07,4.1215840142548e-17,-7.66503699358296e-07,-2.62356273450341e-08,-2.43306126767897e-10,-2.09356634503853e-06,3.69399946258118e-08,-2.28153471936275e-08,-6.91843399237594e-07,7.70552358273545e-08,-4.72272412701335e-07,1.23671178565699e-06,4.50739375474578e-08,-3.96779795856083e-08,5.11680632937267e-07,-6.1858792055447e-07,1.37512746487134e-05,-2.91680136343782e-07,4.33810416283786e-06,1.66944742346062e-08,8.9832417369488e-08,6.78455023446772e-07,-5.51262751172121e-06,1.29696316199783e-07,-4.93590173927301e-07,6.59006624102574e-07,-2.38555233428245e-06,1.47429905473949e-07,1.3299462250393e-07,1.01129308875202e-06,-1.69824404502062e-06,-1.35604936139113e-07,1.09743118520602e-06,-7.13433185680784e-07,1.75828118174801e-08,1.62790186749491e-07,-3.12859730059965e-07,3.28015578502257e-17,8.90441779714708e-10,3.73261348883894e-06,-4.34838605134014e-07,2.46793560957938e-07,2.20614277169965e-07,6.43422876196909e-08,1.48799252749611e-07,-2.16850284550479e-06,7.99247463119881e-07,1.36296883711942e-16,-6.00384583419965e-07,-7.30047542426924e-09,-2.02988695693403e-08,6.74805997788992e-07,1.50408162175954e-07,-1.00728456768045e-08,-3.80997837669523e-07,1.00789963257332e-07,-3.28245748538063e-06,6.11622459310099e-07,-1.22979141951717e-07,-2.21095000643609e-07,-1.16476405894184e-08,-1.48097719761481e-08,-2.17791171922275e-07,9.08481449574892e-07,-2.34244017934018e-07,-7.35112211164142e-16,-6.03104911625255e-06,4.70995613038655e-07,1.04578141809901e-08,1.17339006387243e-07,-4.2374818677514e-07,-8.67415454556383e-07,3.06101891806187e-06,-1.11291850756596e-05,-7.78302306980284e-08,-2.80687891585157e-16,-1.45970506703182e-07,-4.08588562862516e-07,-2.04118359548237e-07,-4.85595007848258e-17,7.55705010807661e-07,0.00137714077257129,-0.000768843045220362,2.65619879011595e-08,-3.69831489249899e-08,-2.55592021123019e-08,-1.00401528255351e-06,3.15883951057181e-08,3.38166978710227e-07,1.01807522254506e-07,7.29270382799236e-08,9.53890912795477e-07,4.9411688205325e-16,-3.75606495299925e-07,1.35374590520992e-07,8.66099114830976e-07,-8.54376896932162e-08,-7.63543778575372e-17,-7.810283268327e-08,1.19932541804008e-07,-3.05997433017429e-08,-2.65773683700201e-08,-6.52769955883037e-08,5.88268969149148e-07,-7.68276554676796e-07,6.7350934275063e-08,9.91040367552744e-16,7.80435742017622e-08,-1.05510542786785e-07,8.91837727659392e-08,-3.83552215652334e-08,4.45336867010419e-09,4.38401053894522e-11,8.6909646146438e-16,-3.942934685078e-16,1.26806289059332e-10,2.4410895985605e-07,-3.39204382405678e-08,5.2995346469088e-08,-8.80991253544651e-16,4.50901861227444e-08,6.67536172576073e-10,5.3073024333596e-16,-8.50742534799646e-16,-7.18006614166329e-17,-2.7769678661007e-07,-8.94144782107492e-07,1.77611319107569e-06,-1.4148927698669e-06,-7.32478241931179e-07,-2.21301067160848e-06,7.03267571513426e-06,1.42367493975399e-15,6.85319337237601e-06,-0.506229816221746,4.56767590588098e-16,-7.63354508227332e-15,-3.81674877564804e-06,-2.46714801578752e-10,-2.029125727351e-06,1.10692438137767e-06,1.54931238708066e-06,-6.29337271633003e-08,-2.65161298297048e-15,-2.05722867807314e-07,4.47139300386352e-15,-6.50906277525642e-07,-5.22477026920765e-16,-1.46057707768732e-06,-2.18219403783551e-15,8.38171138976187e-07,0.000194123519782811,6.02383879934703e-08,7.74303055547506e-07,2.64357301424778e-06,-3.78751776608085e-07,1.79944649129115e-06,8.43446209694192e-08,4.10089489296395e-07,3.71482246586922e-08,7.31760811481233e-07,-1.53350056026156e-06,-3.67850903720056e-07,-2.92497923152197e-08,-8.96736356636557e-07,6.3872581908679e-17,6.30185556233626e-06,-1.05976566401867e-06,9.82993618399037e-08,3.37687319873882e-16,1.28098519581488e-08,3.39589844597652e-07,1.20406908397607e-06,5.97130785447343e-16,-2.01819363544714e-06,-1.51812395922833e-07,6.67968135005891e-16,-1.9904689150777e-07,3.82606326923037e-06,-9.0247451205456e-17,2.33201912539646e-16,-1.06775598033191e-07,-8.24886053000149e-08,-4.6740572438657e-10,-6.44429507416611e-07,1.6880339706759e-07,3.4406648014452e-07,4.77005341305796e-08,5.73620521716677e-07,-9.60492167472834e-07,-1.60960654527198e-15,1.36691367926508e-08,1.35609362108859e-09,3.73242684250486e-09,3.48190174276344e-07,-6.07507816513451e-16,-1.22912582323055e-16,1.14043741325674e-07,5.66665066304684e-17,1.37237964408869e-16,6.9956214077769e-07,-7.78010710911002e-07,-1.00694792962437e-06,-8.32089446824075e-09,2.52184561333399e-05,5.53315220917376e-07,2.48152329917937e-08,-1.99294363658126e-16,5.95168182364812e-08,2.77284402436985e-09,1.27129589328047e-08,-8.86715804612676e-07,3.46804006553113e-06,-7.11176975899928e-17,3.03558858004511e-16,1.49369225174874e-15,-4.30992485257503e-08,-1.4297635553202e-07,-1.19795029193475e-07,2.33162095829068e-16,-1.09062447143103e-07,3.5565065775908e-16,-3.23857627926185e-16,2.52082739996305e-06,-5.53371076462234e-08,5.74627151417317e-16,-1.35567069113964e-07,-4.84815919172924e-07,3.69439346750443e-16,2.07852668914014e-07,2.55557985672876e-16,5.51981558662472e-08,1.70706697177263e-16,5.50453363107216e-08,4.76310420054548e-07,1.196783391473e-07,1.62088094475269e-08,1.11146046210399e-07,-4.96934673400529e-07,1.52012724274695e-07,-5.96363928258593e-17,6.18711999366079e-05,-3.65629929794502e-07,-2.51456347845414e-16,-6.43094568262006e-08,-1.4693589026608e-07,3.07677159231845e-07,-2.00518426145639e-16,1.0951586890644e-07,1.00379596338495e-06,1.84509604948659e-16,-3.61051560533109e-07,-7.98180948881507e-08,-2.87753762939625e-08,4.12009703871879e-16,-7.1985962929096e-17,7.37570897250948e-08,2.25356294164228e-08,1.82247764831002e-09,-0.000901763154478326,1.30335721405757e-08,-4.44539779821221e-16,-4.90986962336572e-16,4.77317459433227e-08,3.29064963185445e-10,8.08436162030245e-16,1.15424661468232e-07,1.70643055882784e-16,4.13617298246983e-07,-2.20331654319336e-08,-1.2872023089551e-08,-8.52905213710609e-08,-1.07236153804608e-15,1.91589684047551e-17,-5.17905013121951e-16,-5.43484493494547e-18,-4.7247541278606e-08,-2.12132701565149e-07,7.01769898229973e-16,3.34350700861916e-16,-7.08297396455986e-16,2.30199092695094e-07,2.67700422030157e-09,-1.13609597288608e-07,-1.63889245559583e-16,-8.20198943485284e-16,4.31187203997485e-16,-6.99142224410058e-07,1.48330835998212e-07,-8.98596404390313e-17,3.3584830313097e-08,-6.77822025894355e-07,2.31150976882198e-16,1.11729048586217e-16,-6.74697419692848e-08,-6.91146404673638e-10,-3.33767438264929e-08,-2.06674277858735e-16,3.74782589093575e-08,5.45187265267643e-08,5.84067773531806e-08,-5.31294582653747e-08,-1.89139227079947e-07,2.08394678700174e-08,9.37466248894067e-16,-2.14244311834663e-16,-2.49077622064396e-17,3.93844560525405e-07,-2.75386739129148e-07,-1.49829028507106e-08,-1.17475095019116e-08,-8.02103716210064e-16,-8.6934936494791e-17,-2.25665299051522e-16,-3.74504960883693e-16,-2.65001815182165e-16,3.86702587562334e-07,-1.01785066716554e-16,-4.54248212531446e-16,-9.03332875455116e-09,1.07893120610874e-16,-8.08579297324864e-09,4.37543947837816e-16,-1.00233675081074e-08,1.02640902847485e-17,-1.21122241823266e-08,-1.51510558310694e-09,-1.23712855631447e-06,2.8060152624934e-16,4.85452800708525e-08,-2.65831479891576e-16,6.87475776330291e-08,-8.34394966515773e-07,6.67175788211149e-10,-2.31683660626391e-16,9.72381661293027e-08,-4.62736318918557e-16,-2.3861781546947e-08,-1.346747242225e-07,-9.76215733030085e-16,-2.86305926206464e-16,1.54432884254756e-15,-6.96875533579997e-16,-4.5152164289752e-10,-5.87775230102316e-09,-1.31196842852619e-09,-9.54717352767287e-16,3.42092087425442e-16,-9.57593134521589e-08,1.01102075159443e-06,3.30945723578068e-15,-4.35421000473687e-17,-5.95441742008009e-09,-3.75112954951023e-15,-4.21780915612694e-08,-5.63371920209699e-15,3.97698679724523e-07,-4.154980856208e-15,-7.56364335059672e-15,1.54775327187571e-16,6.49061203265344e-15,1.63022327468653e-15,1.27320567090941e-14,6.82064769845136e-08,-4.76991063407051e-07,-0.707106781186548,-3.5342147909271e-08,1.34388755973149e-07,-5.60740890814775e-15,-1.99723815631256e-14,7.03798943584607e-16,-6.97675068426348e-16,1.32285052988896e-08,2.11480112256147e-09,-1.83928357922935e-15,-9.76100568297423e-16,-2.40056014218039e-08,-8.56284273378466e-08,-8.95998654579578e-09,-5.72507473613749e-15,-1.28980458323359e-15,-2.34908864905536e-16,9.40006702233465e-16,1.43886853275318e-15,9.46634869324845e-16,5.04372769646572e-08,-4.76924300105687e-08,-9.16815495552917e-09,7.24603711630999e-16,-5.0545790611396e-15,2.21327685256061e-15,4.90700199649583e-16,1.33236317557218e-15,-2.97754306332427e-16,-1.4017507483546e-15,-9.16461392742954e-16,-8.01379281906722e-16,2.73229173728582e-16,9.00816044633601e-16,4.70184647616021e-16,-5.79571921951091e-16,-6.44796702492567e-16,4.47762347436543e-08,4.6629586291882e-16,-5.44804133160913e-16,8.09581913569306e-16,4.89341297768329e-07,-8.52766007158741e-10,8.37235340925094e-17,-1.63427363394804e-08,4.46712276809454e-07,-7.15233292230585e-16,3.4869577368953e-16,-1.24538559294699e-07,8.30203749622673e-16,1.09734493777553e-08,-2.64873600808543e-16,-2.55777979959955e-16,3.46701369637218e-16,1.03625406076799e-15,1.55119726453937e-09,-2.12984340966477e-07,-5.92395615385571e-17,-1.19048386130722e-16,3.79037573624054e-16,3.24883277442283e-16,-6.76216894979209e-16,7.93296591872708e-17,6.47487916527229e-17,3.51213940011633e-16,2.27583937008268e-08,6.5018155728425e-17,-5.24108769504026e-16,-3.64788554551903e-19,1.05720469848114e-15,-2.17100130479617e-16,-1.68725841001023e-16,-5.01580086849022e-08,-1.85170712213325e-16,-2.51123124374854e-16,3.73865951178704e-08,3.9065475164356e-16,4.34585920977393e-16,2.02477549240692e-16,1.12343654642316e-17,2.1460770280641e-07,4.19340883633004e-16,-2.2930294940223e-08,-3.82270754911254e-16,2.34510483779686e-16,1.26391171469907e-16,1.63753915077358e-16,3.70204867246405e-16,-9.27261130659592e-17,8.27668083827562e-10,2.14557699637098e-16,3.2241948197562e-16,4.16823350474181e-08,-1.03232955221995e-07,-1.6799565937839e-16,7.22660850010435e-08,1.05819773258627e-08,-2.57151966421157e-16,-2.05736546600374e-17,2.53796444556091e-16,5.58934276891703e-17,1.07294110940328e-16,-1.77202759937399e-08,1.53772038839711e-16,-5.58747713312136e-16,3.31907564614797e-16,7.08947804262549e-09,4.21995756995915e-16,3.3292085011297e-17,6.11703071006852e-18,-3.10171653812467e-16,-3.2277134558362e-09,3.09480019601022e-16,6.70157156232768e-09,-7.89993469879188e-18,1.04709505188844e-16,-1.27195290787572e-16,2.27129750886483e-16,1.76049583028276e-17,1.62174052969418e-16,1.93486596255659e-16,-0.000467445613555353,6.44547228866549e-16,-3.09249191519697e-17,4.84498408846716e-08,-1.24969441402417e-16,2.38189988202558e-18,-2.66051927545637e-17,-1.63020303724382e-17,-1.25265279551883e-16,7.09799449427031e-17,-5.1030432040514e-08,-5.56122061196386e-17,-2.97274518904394e-16,1.04824979017707e-07,-5.48848590082352e-17,2.35920283463732e-16,2.38303510367638e-16,9.61752958018071e-17,-4.14501883738965e-17,-2.07589187887516e-16,2.30479428788002e-17,-1.96295658466649e-16,-8.90019509924817e-17,-1.06690448238649e-16,-4.82533966369025e-17,-5.50209088857521e-08,9.60734970044072e-05,-1.14843509226538e-16,-8.31235621670982e-17,-3.14563963913393e-17,-7.52696340267982e-17,-1.2490009027033e-16,2.02548780786309e-16,-1.91001215570918e-16,-2.8173240742447e-17,-2.28083354246984e-09,3.03973886937176e-16,-3.85480889971468e-16,1.13285064854738e-16,1.77689049796643e-16,2.91818237686475e-09,-3.47917896274633e-16,-4.12593514511431e-09,-4.77059320518008e-17,-1.65532120790282e-16,5.13440361410835e-17,3.45714769201511e-17,-1.50427022859273e-16,4.76016068491243e-17,-1.29032631146719e-17,8.94293878966259e-18,-1.74274322046023e-17,-2.36639115494176e-16,1.40362533564218e-16,9.01577709411496e-17,1.50775253927808e-16,-2.16321161240048e-16,-2.3978379056776e-17,2.5923829731939e-16,2.10803604574311e-16,-1.49756240539327e-16,1.00999560891393e-17,1.68095269990055e-16,1.36501053515925e-16,1.03438681921567e-16,5.6672096472591e-17,1.81613788238143e-17,5.8275948288972e-17,2.19085455080548e-10,3.00145399861644e-16,-2.18446387441446e-16,7.02715323596366e-17,-1.194140946822e-16,5.39236205045889e-17,4.18653733248036e-17,1.87373242849073e-16,3.231118146524e-18,-7.03393603108192e-17,3.98075734132909e-18,2.48282297499181e-16,-1.11435341300566e-17,2.19278387154267e-17,2.06046537677509e-17,7.11883618418085e-18,7.65814194442641e-17,2.04021091457203e-17,-2.8128756632416e-09,-1.00108257539499e-17,-5.06457507607007e-16,7.33955543788503e-17,1.8945625553715e-18,-1.18535419902411e-16,5.69427369244551e-17,-5.5201759609294e-18,2.26639428997181e-16,-1.45162263108243e-17,5.94566715621798e-10,1.07795196490655e-16,-2.39021964142139e-17,-9.97303557524867e-17,-5.19310121280609e-17,-1.18164126854126e-16,1.63470628221236e-16,2.04682782478466e-17,-4.66029691618346e-17,-6.85800412816039e-18,-7.57263329527718e-17,-1.29323394932817e-17,5.70933437794885e-17,4.74722769127092e-17,2.99282632613552e-09,2.89636889834965e-17,-1.04188246114542e-17,-2.61492257458732e-16,-3.38487918249974e-16,-8.99899402904398e-09,4.66137975939718e-17,9.20411496213921e-18,1.99405957919479e-17,-1.90946899904229e-17,9.27255223316947e-18,8.80076329243925e-17,2.13968554467927e-16,-2.68379718423943e-17,8.26797323819739e-17,-1.73439946093641e-17,-3.80394565810138e-17,2.7836176019614e-17,7.02496097653292e-17,-1.31116276122076e-16,1.94940103406549e-17,5.64227236683106e-17,-1.4595693674176e-16
"t872",-0.0313245726549379,0.00709153221433053,-0.00857937903989737,-0.0183049955765403,-0.0169869099186898,0.0230936184532297,-0.176094217798938,-0.036557562732283,0.000552227153944153,-0.00125384104746498,-0.000402625475626646,0.0113283460726527,-0.0157648780425281,0.00204427741442018,-0.000321347421912324,-0.00565415078318371,-0.000304194644091467,0.00134840826213627,-0.000156644603288211,0.000153731583496429,-0.0046584870036047,0.00117506853587038,-0.00075689929162956,0.00504066583306719,-0.000801548338653623,0.000801634241811871,-0.00124191584963153,0.00142092915528274,-0.0541602454599024,-0.00230362308026184,7.10400559688e-07,2.63763139416964e-06,-0.00205051962708886,6.5359093807475e-06,-4.37588969176771e-06,-8.49987299582333e-06,-0.000347911489436894,2.56110679743577e-06,2.11248261657246e-05,5.98866696634074e-06,0.000330033372369224,-4.34032781772296e-05,0.000343070962333321,-3.96160486155994e-05,0.00221254786643858,-0.00011608588486628,0.000419398885981078,-0.181916028342838,-0.000214636218627286,0.000178072734501412,-0.000608064256449321,4.34711475033542e-05,-5.88139598960783e-08,0.000134846464847894,-3.14234075011026e-06,3.0404516924333e-05,-6.1673646409397e-08,-1.02652555895584e-05,4.07717027721046e-06,-3.2397866015338e-05,-0.156193122472654,-6.60427054421746e-06,0.000110591715265462,-5.16844810761987e-05,1.66285825661722e-06,-1.97880659817468e-05,-7.13116148068491e-09,1.42964380079822e-06,-5.12259754457125e-06,2.73922874359508e-06,-3.73793372012078e-06,1.46440614169885e-05,-5.19434706675144e-07,-2.55178643054569e-05,1.07444053719195e-05,1.70985387529558e-08,-0.000117971734916103,1.67313294925276e-06,-6.37491710486449e-06,-7.6082570844289e-06,2.30238357859948e-06,3.47623739263971e-05,-4.68949921816053e-06,-3.06784422984319e-05,2.85505386575171e-06,0.000727227190821394,-0.00737787874474497,9.13740751957827e-06,2.30610417636407e-06,-0.000488398965765208,2.96819812397819e-06,-3.6819692563958e-09,3.76265297673744e-08,-1.42825588296822e-05,-1.66111306556466e-09,4.65496529774033e-07,4.10802427234462e-08,-2.45875545444356e-06,3.95114274057653e-06,2.54703553660156e-06,9.26319766632045e-07,-4.67435056673067e-07,1.38199776777481e-06,-3.63963674591515e-06,1.92449738193217e-06,-2.55398638813859e-05,0.000170074098188883,-5.02817658453822e-05,3.62799427920786e-05,-1.70219724657234e-05,-6.72861527316226e-05,-0.00169465298715476,0.383832881679675,0.0370873139056785,-4.71914244481491e-07,2.06133096657345e-05,-3.04860283529758e-05,3.55703634833856e-05,-5.08775438725152e-05,0.000282162242477364,-0.103868690358363,-4.42019427818488e-05,1.89989129738769e-05,5.0856169439671e-05,-1.95745543329823e-05,0.000552548403396021,7.20898647775352e-06,5.9719305118184e-07,1.20037289308073e-06,4.00985625942538e-05,-7.25066566345364e-07,6.13049446759164e-06,-7.68374833581844e-06,-1.58597229908087e-06,8.1857956730187e-07,2.91240072545486e-06,-1.86718778837233e-08,-1.29379738929629e-05,4.09575529744032e-06,-1.17835634435392e-05,-7.53814977059501e-07,-2.9196546592303e-05,5.70814681983443e-06,3.64931028801369e-07,1.50612112498045e-06,-7.22615662548769e-08,-3.31531482313555e-06,4.94284752019708e-07,3.21033202412166e-08,-7.82491566525817e-08,-1.57689730700679e-05,-3.583036450314e-07,-9.97352895104311e-06,2.85229471684372e-06,-8.05918037281573e-07,-6.98295232802029e-08,1.04363002288943e-06,-5.7146501446857e-05,-2.62819147365241e-07,-8.68280255278849e-08,-4.14964930130799e-05,8.04795383419905e-07,-4.36186605359815e-07,-5.73898664405778e-05,6.65361980687229e-06,-2.37488900146231e-05,4.18522976636977e-06,7.32689838453559e-08,3.66821071095645e-06,5.80467389354457e-06,-0.00024822911473051,-0.00753290286078867,6.84367659281577e-07,2.13134326546835e-07,4.09879235049446e-06,9.32099276889751e-08,3.7046784717021e-07,-2.67065573814157e-06,-1.7047128635237e-06,-6.75849254099783e-05,3.25475237260628e-05,6.56071280394553e-05,-1.57871176086354e-06,-4.99221798256327e-08,-1.89781375835656e-07,-3.3327313198136e-07,-6.75270751794959e-06,1.60763595067716e-06,7.23445480969307e-06,-8.20448614972762e-05,-1.85963991395831e-07,3.45817096584901e-07,1.3785876197475e-06,1.77333858599756e-08,2.37500219984389e-07,-3.39351182133675e-07,-6.27526952943917e-07,-4.17397746386896e-06,3.78101006117179e-07,1.71357490696263e-07,1.71751890616858e-07,3.01948325710505e-05,-5.4010547216422e-09,-2.93629658027648e-05,-6.6803134027654e-06,-0.00603055501149834,-6.51004662068368e-07,-6.91299078786189e-06,-1.7093994156828e-06,-1.1583255862384e-07,-1.27974783378735e-05,2.9533632682845e-05,-8.08758194441306e-05,-1.31812560524602e-06,-1.10880777252426e-06,-9.72740902722651e-07,1.88441690835622e-06,1.25483995509048e-07,-2.35183249755133e-07,-1.21053744403921e-06,-6.74286065516061e-06,0.000465642385024683,9.23007999471582e-07,4.72866970897207e-06,-1.47050700193466e-06,-7.65318564629787e-07,-8.10769552103725e-06,-6.16201705123415e-07,-1.07546722415006e-06,-1.32807699263448e-06,0.0029217219683994,-8.81784973500397e-08,1.0243716229266e-07,1.9481292055934e-07,-1.50686170961323e-08,-3.44671748292563e-07,-1.43839661070302e-06,6.05843599193731e-17,-2.27754500099018e-07,2.23671893091089e-05,-5.42754748679141e-07,-0.00180813926485899,-1.02531058965368e-06,1.62209745285619e-06,-2.38763678515533e-07,1.13503019434083e-05,-1.99046748287767e-08,1.32720545383903e-09,-2.12939652003623e-06,3.12257380034885e-06,-9.81863565715005e-08,1.34451884395065e-05,-6.2656589566188e-07,3.06578805671462e-07,-1.98726354369745e-08,7.22002681149979e-07,-6.66670301314076e-07,1.35550318257112e-05,3.28959192632441e-07,-6.31439026125019e-08,1.36759814994351e-06,-2.64208907931649e-07,2.89098415257514e-05,-1.43496812966515e-05,1.4254855322919e-07,-4.84914614304226e-08,5.64513263393435e-08,3.99193757707469e-06,-9.11226686007928e-06,5.95752690859418e-08,2.37741839541794e-08,-5.12912280892968e-08,4.4386528014075e-06,-6.60646453641106e-06,1.1375776219575e-06,-1.54572504144091e-05,1.548619757036e-05,-8.63334175418906e-07,1.97290679168269e-06,-7.18958528997777e-07,3.89929846874084e-07,-3.53056143648265e-17,-9.56372024937622e-07,-3.2748403472253e-08,-3.04131013446374e-10,-2.62572778207401e-06,4.64651850345753e-08,-2.87385927390524e-08,-8.72063656177933e-07,9.80212655890061e-08,-6.01136130355016e-07,1.57441659246078e-06,5.7541540877124e-08,-5.1063217354606e-08,6.59441982234886e-07,-7.98016103957226e-07,1.77989205717615e-05,-3.82516334694865e-07,5.72174423692597e-06,2.2026628021294e-08,1.18536500998267e-07,9.08595057438533e-07,-7.51903872431188e-06,1.77333235041041e-07,-6.77325636692003e-07,9.08354322503205e-07,-3.29272429805949e-06,2.05921470189221e-07,1.85929236673146e-07,1.4161960818746e-06,-2.38094995635732e-06,-1.90852145130356e-07,1.55123083720996e-06,-1.0125515266756e-06,2.4999488287648e-08,2.32169102352396e-07,-4.49179040263505e-07,-4.98379055435265e-17,1.33637738314514e-09,5.62891200968591e-06,-6.60580449900151e-07,3.749962100447e-07,3.35295336993212e-07,9.79679458022964e-08,2.27351305747312e-07,-3.32715715518817e-06,1.23696664552539e-06,-7.79301793341383e-17,-9.48721832719469e-07,-1.15670774926476e-08,-3.23495310238342e-08,1.07616535288207e-06,2.43455722709736e-07,-1.64430444884893e-08,-6.296697404326e-07,1.68037812532542e-07,-5.58129105407704e-06,1.05999846068085e-06,-2.15860924862999e-07,-3.90944578370007e-07,-2.0691411392493e-08,-2.65305165934675e-08,-3.90520949824256e-07,1.63892479487454e-06,-4.24609309866155e-07,8.83112197125208e-16,-1.13520358295582e-05,8.93905582129758e-07,1.98495830536454e-08,2.28233054280585e-07,-8.27380211565677e-07,-1.78001751616122e-06,6.37810591800854e-06,-2.32608111847559e-05,-1.64608440119709e-07,3.20796472654545e-16,-3.13044046084434e-07,-8.80890766439085e-07,-4.49092405577917e-07,3.55465151675486e-16,1.70136873859576e-06,0.00311783400814034,-0.00174575117397292,6.06811342673636e-08,-8.53716116161067e-08,-5.94721001062038e-08,-2.35098658078076e-06,7.54009649671079e-08,8.09079425153267e-07,2.46941428692503e-07,1.81377208410436e-07,2.37554217985455e-06,-4.70028000397604e-16,-9.86322856477308e-07,3.58979706629825e-07,2.34819840507193e-06,-2.40001774148166e-07,1.59725925235102e-16,-2.38829230214273e-07,4.10375082366484e-07,-1.10958528038332e-07,-9.92022193582243e-08,-2.52698714405101e-07,2.45070928148674e-06,-3.67653031195317e-06,5.44321652760456e-07,-9.81031425925248e-16,2.12677817880311e-06,-3.70158994360595e-06,8.06456079165755e-06,2.75093398754461e-06,-2.80062668932734e-07,-1.8927353493849e-09,-8.18789480661053e-16,4.4893788934837e-16,-1.90480875151359e-09,-2.28769866681907e-06,3.03220547838397e-07,-3.52872669416503e-07,1.69277035115004e-15,-1.86498919422694e-07,-2.33195326744938e-09,-5.00818267015282e-16,8.39603361395295e-16,8.94357911449949e-17,6.25750087087913e-07,1.91817541939049e-06,-3.24140002775288e-06,2.26934640304411e-06,1.15763843339216e-06,3.06819614471881e-06,-9.6073301885352e-06,-1.66878383454415e-15,-7.2820080734812e-06,0.493662733012369,-4.07678384182885e-16,7.36048188662419e-15,2.67279673520427e-06,1.59492588309772e-10,1.17732879307215e-06,-5.96810840516771e-07,-7.23646433862257e-07,2.8708409253539e-08,2.31022810152221e-15,9.08396950218553e-08,-4.12866125666844e-15,2.61262954392073e-07,1.28423747330908e-16,5.4544531455685e-07,2.10154018068222e-15,-2.84787531812925e-07,-6.46825948004314e-05,-1.52422258760269e-08,-1.83835388380326e-07,-6.10765948599144e-07,7.73320814675808e-08,-3.2747794181942e-07,-1.13130146760468e-08,-5.48392660388258e-08,-4.45650752043965e-09,-7.01089929418413e-08,1.00324473608784e-07,1.52442036321822e-08,6.87194613041807e-10,1.34015984734819e-08,-8.93510794832172e-18,6.57163007024146e-08,-3.53876355535242e-08,9.01269101692865e-09,2.54021149698309e-16,1.36986073677962e-09,4.37211615435409e-08,1.65731920772706e-07,-6.8070703265103e-16,-2.86847066896678e-07,-2.41919157762518e-08,-5.09341321103336e-16,-3.33421461400695e-08,8.13216188614005e-07,9.81724303631626e-17,-2.86311408077101e-16,-2.43991152438026e-08,-1.89641513712153e-08,-1.10464036893724e-10,-1.5705664912874e-07,4.3845351066528e-08,8.98309346872694e-08,1.25441141755241e-08,1.62208251121364e-07,-2.86178604396657e-07,2.73338209705321e-15,4.14818705660098e-09,4.12806767440606e-10,1.14836668177988e-09,1.08477870256356e-07,2.80463493115613e-16,-8.04748964569481e-18,3.6125175017347e-08,-1.40526577999596e-16,-1.89354285586558e-16,2.43019124586274e-07,-2.74115522652084e-07,-3.54880127946756e-07,-3.01968251638994e-09,9.18679721299395e-06,2.01729849543945e-07,9.09435340292302e-09,2.40158454531859e-16,2.29633460609891e-08,1.08077643703547e-09,4.97152100299821e-09,-3.52360002449535e-07,1.41673005729065e-06,2.27493822418686e-16,-2.9228068745951e-16,-3.22456590808964e-16,-1.82617773982896e-08,-6.14810758629206e-08,-5.15694858014079e-08,-2.0287807489949e-16,-4.75943016548547e-08,-3.45887180599765e-16,1.22370655407661e-16,1.16161442321595e-06,-2.55158161319458e-08,-4.09394740330526e-16,-6.32714718354852e-08,-2.27829309604879e-07,6.31024211771819e-17,9.90147586626111e-08,-2.63531078792663e-16,2.67105707012842e-08,-2.80297770102787e-16,2.66732420610015e-08,2.31050002785761e-07,5.8123278807591e-08,7.88506066713142e-09,5.42691969899054e-08,-2.45942497144954e-07,7.65995281410277e-08,-9.24331251157426e-18,3.18404963010944e-05,-1.88570459652494e-07,9.78051712111492e-17,-3.32620478796229e-08,-7.63898474076664e-08,1.60688493301923e-07,2.37034300604244e-16,5.80643413100184e-08,5.33747433686082e-07,-5.51940599924565e-17,-1.92713926149404e-07,-4.26828123866823e-08,-1.54927632887135e-08,-4.99585125415103e-16,1.78032903675398e-16,4.03315246301423e-08,1.24015133340526e-08,1.00421453263456e-09,-0.000510015148259635,7.40117415831444e-09,1.80227240218075e-16,-2.41595524626359e-16,2.71790792352905e-08,1.874388248331e-10,-6.35144601500658e-16,6.60471897554492e-08,-2.51635630091499e-17,2.3770307149136e-07,-1.27363072021893e-08,-7.44373885394586e-09,-4.94015760140668e-08,-5.33484607447951e-16,4.99753454310835e-18,1.46540615005495e-16,-1.3846646823359e-16,-2.77521113128264e-08,-1.24740956003602e-07,1.69366835657392e-17,-4.36034936424424e-16,6.89860233380624e-17,1.35906599034356e-07,1.58317586877872e-09,-6.74980477419288e-08,-7.64203626268652e-17,1.08908108226169e-15,4.0348583849048e-16,-4.21665981367382e-07,8.95060616858142e-08,6.32566064401075e-17,2.03800214683517e-08,-4.12236723179858e-07,-7.20903119075268e-17,-3.09336703876545e-16,-4.12470797332549e-08,-4.22700624354417e-10,-2.04742375631943e-08,2.86596826374942e-16,2.31038348346494e-08,3.36986533098021e-08,3.62350932067759e-08,-3.31243906260505e-08,-1.18076314976474e-07,1.30414148260303e-08,1.25431599695278e-17,5.40997778753539e-16,-1.41420067111232e-16,2.49796760887348e-07,-1.746995387962e-07,-9.52057412902746e-09,-7.52605439273021e-09,-2.37636036381612e-16,-6.77972637513001e-17,2.37738064233417e-16,-1.60052023672596e-16,-2.15009502802325e-17,2.49799476481791e-07,8.33959821014332e-17,-6.85577624960044e-17,-5.85376715613603e-09,3.00284287169443e-16,-5.24062332854285e-09,-4.56043119297595e-17,-6.4982481638617e-09,8.52882376290106e-18,-7.89481579539197e-09,-9.88801936000822e-10,-8.08933544721255e-07,-3.0572501808689e-17,3.18170430394992e-08,-6.26435338989631e-17,4.52854460623618e-08,-5.53162012042899e-07,4.42425406997184e-10,5.13433356704794e-16,6.46453870783069e-08,2.2215881948249e-16,-1.59265101094723e-08,-8.99057089871988e-08,2.49502705133171e-18,-3.95827627646728e-17,2.1338799876035e-16,-6.84270891375779e-17,-3.02393604777117e-10,-3.9397588113965e-09,-8.80244904217673e-10,6.93272461474128e-17,-7.41266557420384e-17,-6.45436407350176e-08,6.8158504471557e-07,4.75235410549737e-17,3.55845487379129e-18,-4.03664414688099e-09,5.88481677238952e-17,-2.86270625797135e-08,-3.23562044126774e-17,2.70832379738757e-07,6.24949419938402e-17,-1.62671949705998e-16,1.66947448357229e-17,1.03792109788114e-16,-9.47194722265991e-17,3.47322041056942e-16,4.67580772789122e-08,-3.27023015186366e-07,-6.13806868638874e-16,-2.42853712495598e-08,9.24321719667883e-08,-3.37506065348455e-16,-8.95932304938352e-18,7.39438293404092e-17,8.78899700159712e-17,9.13498621775643e-09,1.46172831209327e-09,1.67783276607441e-16,-1.13109522118334e-16,-1.66093796099207e-08,-5.92538182465611e-08,-6.20297190230703e-09,-1.76235876783133e-16,-8.59082245456777e-17,-6.73299000625646e-17,2.07411988891079e-16,1.6892836815295e-16,7.79505522937657e-17,3.5166980814375e-08,-3.32748714681996e-08,-6.40072955257094e-09,-1.21159076019294e-17,6.88229377617528e-17,1.23741960933785e-17,-3.45190204596449e-16,-1.26082329333182e-16,4.16892277267503e-16,3.31097178493545e-16,-1.07860541424218e-16,-8.86420422512334e-17,-6.12609699686229e-17,1.83469368233135e-16,-6.38808424124118e-17,-2.20804174880423e-16,-6.84788174682627e-17,3.15927080182235e-08,2.02548758294838e-16,6.02311316454686e-16,2.70419767566954e-17,3.45733789690018e-07,-6.02691725771148e-10,3.80850075623382e-16,-1.15524596479974e-08,3.16297445539581e-07,1.87697303728212e-17,9.86439442192408e-17,-8.8360314300822e-08,9.05899643219144e-17,7.80491310613004e-09,1.21128636293501e-17,-1.04296110643351e-16,-3.11154431032633e-17,8.01040526139486e-17,1.10752133388345e-09,-1.521051953355e-07,-2.11906908401226e-16,-3.08139200087694e-16,1.51291729099114e-17,-3.78298334534842e-16,6.82722108014122e-16,4.15925352576075e-17,8.31079501442458e-17,5.86514286505209e-17,1.64623323576291e-08,1.10823135033315e-16,3.89815516172034e-17,4.54120917691011e-17,-1.01607875511299e-15,1.71694306957778e-16,1.16385393535241e-16,-3.63779681995388e-08,2.30464485883312e-18,1.65997096259866e-16,2.71283756186405e-08,4.8374439663413e-16,-4.92910007074152e-17,-1.08787108927997e-16,1.46545780191305e-17,1.565941768772e-07,1.06984083641662e-16,-1.6748131507113e-08,3.01048515843526e-17,-3.07040270919817e-16,-8.63857660440574e-18,-2.39249538149661e-16,-2.60645264835081e-17,-4.17877211220919e-17,6.05725956872358e-10,-1.65413605165406e-16,2.36541918744472e-17,3.05511818945328e-08,-7.56706235797284e-08,-1.25723383985725e-17,5.304007742933e-08,7.76983001687503e-09,6.47553337608761e-18,-2.85247100543374e-16,2.45860849607348e-16,-2.87283832112599e-16,-4.37762029811199e-17,-1.30876410986563e-08,1.0025403332675e-16,9.96780724590306e-16,-1.24657635065002e-16,5.24382224983565e-09,-1.63372006537364e-16,-4.66436218299929e-16,4.33206092255282e-17,-7.99075177314011e-17,-2.39205332485752e-09,5.12618393588585e-16,4.96947855117371e-09,-1.19236082837038e-16,-2.42041835537717e-16,7.53499074659536e-17,1.29292736156147e-17,2.41720727860947e-17,3.92086846269531e-16,-1.64099133646386e-16,-0.000347710842597649,1.61559516309642e-16,-5.35674326204256e-16,3.60671277599407e-08,-1.70596816783599e-17,1.8818970251626e-17,4.29686914482486e-16,2.00830890113583e-16,4.95249162531414e-17,-2.82555645311447e-16,-3.80787321994766e-08,-3.52134062751778e-16,-2.21748852266861e-16,7.83027108005463e-08,-7.57678526791765e-17,-2.4615508870559e-16,2.19882539773758e-16,2.63730835737058e-18,4.98035610446562e-16,-1.07714692881171e-17,-2.47625093292807e-16,2.56039099719861e-16,4.04345133761016e-16,-2.50541780388363e-16,1.9313999453028e-16,-4.12581983376608e-08,7.20749484985031e-05,-2.19622347415601e-16,-4.01845716723802e-16,2.07791449371742e-16,4.44440249684321e-16,2.51643324233886e-16,5.24707449485568e-16,6.02184949350095e-16,-1.34247022393357e-15,-1.71514543365793e-09,1.42648975730052e-16,-3.26885105669554e-16,1.50597371029062e-16,-2.50326585616742e-16,2.19877731913777e-09,-1.91059514842284e-16,-3.11566538318797e-09,-4.10335799380569e-16,-3.31964917686093e-16,-3.99154773955055e-16,1.64823078757035e-17,-1.11369637753165e-16,-7.42265064927821e-17,5.61871014431234e-16,-1.19573105258393e-18,4.49400490237931e-16,-1.40868835617128e-16,8.12092577239283e-16,5.56855113951429e-16,1.38194647956422e-16,-4.65746854498426e-16,5.75783515014139e-16,-6.11615091606037e-16,2.68761126235252e-16,1.1771311543735e-16,-2.47207154124245e-16,-3.96751864217757e-16,1.01990898365711e-15,-1.92866481806823e-16,-2.7245003676985e-15,-7.09768525641847e-16,5.52639909005552e-16,1.66752607471897e-10,3.07002880741073e-16,4.14536998647668e-15,8.77460024154332e-16,5.62789376193946e-16,-1.51378372714446e-16,2.92305354259355e-16,6.86813529660264e-17,2.59081562483166e-15,1.67312928467966e-15,6.69385927666502e-16,-6.20272062878957e-16,2.83757300715495e-15,1.8313231257074e-15,5.40578931275891e-16,7.84946298821799e-15,-2.67378101150196e-15,3.70569094737618e-16,-2.15196255444638e-09,-1.32240820892336e-15,-0.707106781186548,2.33528202214883e-15,1.76698996475762e-17,5.42434899698377e-15,-2.72752837102863e-16,-9.17618286238466e-16,-3.28276200964826e-15,1.18832239274746e-16,4.57197702094264e-10,-3.07317849905871e-16,-1.8638706756459e-15,-5.52282193870308e-16,-4.62101203211956e-16,-7.19771359595276e-16,-1.93931258339985e-15,1.37902188162766e-15,7.12777738508404e-16,-9.43431699833823e-16,-1.34488898225464e-16,-1.0407295832037e-15,3.128805335172e-16,2.60631085666362e-16,2.31281450248255e-09,1.91255508216221e-16,-1.23560317621441e-16,-2.31466590158883e-16,-7.47882658580501e-16,-6.97001328267173e-09,7.43912074135887e-16,-1.77632895238226e-16,-1.12364004880464e-16,-1.81498403156146e-16,-1.01956770064429e-16,-2.31435172951049e-16,1.76684636529759e-16,4.35830874253869e-17,-1.46650952229937e-16,-6.26930464495822e-17,8.03082514738144e-17,-6.94277014866958e-17,-1.52773161672489e-16,-8.2948479528401e-18,-1.44257324842548e-16,7.27000280372747e-17,-1.85282869257974e-16
"t873",-0.0313245726549379,0.00709153221433053,-0.00857937903989737,-0.0183049955765403,-0.0169869099186898,0.0230936184532297,-0.176094217798938,-0.036557562732283,0.000552227153944153,-0.00125384104746497,-0.000402625475626649,0.0113283460726527,-0.0157648780425281,0.00204427741442018,-0.000321347421912321,-0.0056541507831837,-0.00030419464409147,0.00134840826213626,-0.00015664460328822,0.000153731583496429,-0.0046584870036047,0.00117506853587038,-0.000756899291629563,0.0050406658330672,-0.000801548338653621,0.000801634241811885,-0.00124191584963153,0.00142092915528274,-0.0541602454599025,-0.00230362308026184,7.104005597022e-07,2.6376313941595e-06,-0.00205051962708885,6.53590938073611e-06,-4.37588969175652e-06,-8.49987299582503e-06,-0.000347911489436924,2.56110679743424e-06,2.11248261657306e-05,5.98866696633574e-06,0.000330033372369216,-4.34032781772437e-05,0.000343070962333316,-3.96160486156055e-05,0.00221254786643858,-0.000116085884866286,0.000419398885981084,-0.181916028342838,-0.000214636218627277,0.0001780727345014,-0.000608064256449324,4.34711475033515e-05,-5.88139599014145e-08,0.000134846464847901,-3.14234075010609e-06,3.04045169243235e-05,-6.16736464050525e-08,-1.02652555895373e-05,4.07717027719642e-06,-3.23978660153249e-05,-0.156193122472654,-6.60427054422073e-06,0.000110591715265472,-5.16844810762044e-05,1.66285825662291e-06,-1.97880659817595e-05,-7.13116149087525e-09,1.42964380079367e-06,-5.12259754454595e-06,2.73922874359346e-06,-3.73793372013141e-06,1.46440614169586e-05,-5.19434706696495e-07,-2.55178643054365e-05,1.07444053719235e-05,1.70985387627706e-08,-0.000117971734916151,1.67313294920057e-06,-6.37491710484765e-06,-7.60825708441869e-06,2.30238357861649e-06,3.47623739264342e-05,-4.68949921811947e-06,-3.06784422984599e-05,2.85505386576777e-06,0.000727227190821415,-0.00737787874474494,9.13740751958531e-06,2.30610417644658e-06,-0.000488398965765167,2.96819812395115e-06,-3.68196926420206e-09,3.7626529740237e-08,-1.42825588297061e-05,-1.66111308361351e-09,4.65496529818092e-07,4.10802426914747e-08,-2.45875545453931e-06,3.95114274057745e-06,2.54703553657253e-06,9.26319766640191e-07,-4.67435056600862e-07,1.38199776773466e-06,-3.63963674589024e-06,1.92449738196124e-06,-2.55398638814148e-05,0.000170074098188952,-5.02817658454232e-05,3.62799427920941e-05,-1.70219724657026e-05,-6.72861527316546e-05,-0.00169465298715459,0.383832881679675,0.0370873139056785,-4.71914244463211e-07,2.06133096657568e-05,-3.04860283529065e-05,3.55703634833282e-05,-5.08775438725641e-05,0.00028216224247734,-0.103868690358363,-4.42019427818456e-05,1.89989129738913e-05,5.08561694396959e-05,-1.95745543329389e-05,0.000552548403396003,7.20898647778734e-06,5.97193051198424e-07,1.20037289308957e-06,4.0098562594254e-05,-7.25066566327007e-07,6.13049446767327e-06,-7.6837483358244e-06,-1.58597229907726e-06,8.18579567280619e-07,2.91240072547711e-06,-1.86718778961999e-08,-1.29379738929855e-05,4.09575529745753e-06,-1.17835634435345e-05,-7.53814977028035e-07,-2.91965465922102e-05,5.70814681983823e-06,3.64931028822526e-07,1.50612112501596e-06,-7.22615662342863e-08,-3.3153148230962e-06,4.94284751977272e-07,3.21033202778883e-08,-7.82491566751615e-08,-1.57689730700486e-05,-3.58303645089119e-07,-9.97352895104155e-06,2.85229471681513e-06,-8.05918037281766e-07,-6.98295232713967e-08,1.04363002285743e-06,-5.71465014469313e-05,-2.62819147336094e-07,-8.68280255447094e-08,-4.14964930131293e-05,8.04795383439257e-07,-4.36186605329484e-07,-5.73898664405708e-05,6.65361980690688e-06,-2.37488900146261e-05,4.18522976639e-06,7.32689839002004e-08,3.66821071097511e-06,5.8046738935631e-06,-0.000248229114730511,-0.00753290286078872,6.84367659362213e-07,2.13134326550867e-07,4.09879235053347e-06,9.32099276529429e-08,3.70467847159241e-07,-2.67065573814077e-06,-1.70471286355907e-06,-6.7584925410004e-05,3.25475237260662e-05,6.56071280394785e-05,-1.5787117608413e-06,-4.99221797960185e-08,-1.89781375812606e-07,-3.33273132034202e-07,-6.75270751794863e-06,1.60763595068007e-06,7.23445480959264e-06,-8.20448614972487e-05,-1.8596399138648e-07,3.4581709654877e-07,1.37858761979042e-06,1.7733385834391e-08,2.37500220029753e-07,-3.39351182211501e-07,-6.27526952859985e-07,-4.17397746392701e-06,3.78101006090362e-07,1.71357490665129e-07,1.71751890644066e-07,3.01948325710353e-05,-5.40105465084403e-09,-2.93629658027242e-05,-6.68031340294915e-06,-0.00603055501149833,-6.51004662020807e-07,-6.91299078781418e-06,-1.70939941563432e-06,-1.15832558575099e-07,-1.27974783378481e-05,2.95336326828325e-05,-8.08758194442921e-05,-1.3181256052735e-06,-1.10880777253681e-06,-9.72740902688027e-07,1.88441690824641e-06,1.25483995494961e-07,-2.35183249806031e-07,-1.21053744400411e-06,-6.74286065513739e-06,0.000465642385024613,9.23007999580038e-07,4.72866970895947e-06,-1.47050700195265e-06,-7.65318564666153e-07,-8.10769552097307e-06,-6.1620170509057e-07,-1.07546722414762e-06,-1.32807699260836e-06,0.00292172196839936,-8.81784973825265e-08,1.0243716233391e-07,1.94812920588074e-07,-1.50686170933366e-08,-3.44671748336423e-07,-1.43839661064824e-06,2.95672066122784e-17,-2.27754500167282e-07,2.23671893090985e-05,-5.42754748673333e-07,-0.00180813926485896,-1.02531058967519e-06,1.6220974528411e-06,-2.38763678482859e-07,1.13503019434766e-05,-1.99046748277951e-08,1.32720536353028e-09,-2.12939652006176e-06,3.12257380030554e-06,-9.81863565775746e-08,1.34451884394215e-05,-6.26565895644857e-07,3.06578805639368e-07,-1.98726354482502e-08,7.22002681187748e-07,-6.6667030136702e-07,1.35550318256137e-05,3.289591926261e-07,-6.31439026986775e-08,1.36759814989357e-06,-2.64208907866246e-07,2.89098415257625e-05,-1.43496812966447e-05,1.42548553203665e-07,-4.84914614980189e-08,5.6451326468961e-08,3.99193757707121e-06,-9.11226686006925e-06,5.95752691078978e-08,2.3774183951267e-08,-5.12912281446564e-08,4.43865280141149e-06,-6.6064645365507e-06,1.13757762193599e-06,-1.54572504143868e-05,1.54861975702226e-05,-8.63334175466751e-07,1.97290679165322e-06,-7.18958529026489e-07,3.89929846912871e-07,-1.51503315655095e-16,-9.5637202507134e-07,-3.27484034089171e-08,-3.04131067266834e-10,-2.62572778207215e-06,4.64651849360173e-08,-2.8738592768489e-08,-8.72063656208182e-07,9.80212655564934e-08,-6.01136130292069e-07,1.57441659232869e-06,5.75415409131103e-08,-5.10632173074399e-08,6.59441982183311e-07,-7.98016104075783e-07,1.77989205716821e-05,-3.82516334700022e-07,5.72174423700404e-06,2.20266280196712e-08,1.18536500998913e-07,9.08595057497345e-07,-7.51903872436807e-06,1.77333235091092e-07,-6.77325636707739e-07,9.08354322544209e-07,-3.2927242980368e-06,2.05921470060443e-07,1.85929236648519e-07,1.41619608203708e-06,-2.38094995637719e-06,-1.90852145185555e-07,1.55123083720208e-06,-1.01255152658498e-06,2.49994885235964e-08,2.32169102316643e-07,-4.49179040254572e-07,-1.36543235741337e-17,1.33637725468658e-09,5.62891200956243e-06,-6.60580449973443e-07,3.74996210122833e-07,3.35295336838486e-07,9.79679459674156e-08,2.27351305727709e-07,-3.32715715515795e-06,1.23696664557251e-06,-6.88098683558906e-17,-9.48721832698629e-07,-1.15670772435618e-08,-3.23495308278568e-08,1.07616535287518e-06,2.43455722611585e-07,-1.64430445483515e-08,-6.29669740352361e-07,1.68037812626237e-07,-5.58129105398385e-06,1.05999846058541e-06,-2.15860924478821e-07,-3.90944578360846e-07,-2.069141154271e-08,-2.65305166367272e-08,-3.90520949612779e-07,1.63892479490548e-06,-4.24609309914486e-07,6.75494592976206e-16,-1.13520358295262e-05,8.93905582149707e-07,1.98495830986646e-08,2.28233054313026e-07,-8.27380211617592e-07,-1.78001751607619e-06,6.37810591802543e-06,-2.32608111847534e-05,-1.64608439965137e-07,2.0022666905132e-16,-3.13044046201809e-07,-8.80890766438642e-07,-4.49092405765231e-07,3.02427528566844e-16,1.70136873863572e-06,0.00311783400814054,-0.00174575117397307,6.0681134248418e-08,-8.53716117686094e-08,-5.94721001405708e-08,-2.35098658088995e-06,7.5400964985899e-08,8.09079425140004e-07,2.46941428410485e-07,1.81377208628255e-07,2.37554217992936e-06,-5.07508513272463e-16,-9.86322856421413e-07,3.58979706797259e-07,2.34819840472457e-06,-2.40001774030817e-07,-1.04258616821217e-16,-2.38829230220196e-07,4.10375082489649e-07,-1.10958528196019e-07,-9.92022194984498e-08,-2.52698714310565e-07,2.450709281606e-06,-3.67653031193504e-06,5.4432165258027e-07,-1.10913126215307e-15,2.12677817888042e-06,-3.70158994355115e-06,8.06456079170237e-06,2.75093398754901e-06,-2.80062669140465e-07,-1.89273539556679e-09,-7.7715611723761e-16,4.81315349556969e-16,-1.90480889385682e-09,-2.28769866691635e-06,3.03220547759364e-07,-3.52872669729466e-07,1.7861953555512e-15,-1.86498919583569e-07,-2.33195333059637e-09,-3.64648654621234e-16,8.40938766911171e-16,2.39342041753658e-17,6.25750087162879e-07,1.91817541932547e-06,-3.24140002783445e-06,2.26934640245846e-06,1.15763843373707e-06,3.0681961448038e-06,-9.60733018859185e-06,-1.66229825065656e-15,-7.28200807358928e-06,0.493662733012367,-5.03266242410204e-16,7.47519956771962e-15,2.67279673528853e-06,1.59492668909207e-10,1.17732879291977e-06,-5.96810840424541e-07,-7.2364643406132e-07,2.87084091582162e-08,1.95436584345816e-15,9.08396950426802e-08,-4.31552905563415e-15,2.6126295443226e-07,3.37457926186113e-16,5.45445314645759e-07,2.30434924347973e-15,-2.84787531469143e-07,-6.46825948004768e-05,-1.52422260492688e-08,-1.83835388209895e-07,-6.10765948371455e-07,7.73320814692078e-08,-3.27477941705415e-07,-1.13130146694267e-08,-5.48392660888275e-08,-4.45650729348073e-09,-7.01089920286213e-08,1.00324473649654e-07,1.52442035246539e-08,6.87194795614466e-10,1.34015984937592e-08,-5.17063639344289e-17,6.57163006697185e-08,-3.53876356331258e-08,9.01269102884682e-09,2.23415962946951e-16,1.3698603097654e-09,4.37211617229657e-08,1.65731920615593e-07,-7.47374851892183e-16,-2.8684706685216e-07,-2.4191915564439e-08,-6.74805366501281e-16,-3.33421460479256e-08,8.13216188509757e-07,1.18603654265018e-16,-3.2738637212411e-16,-2.43991152686133e-08,-1.8964151236558e-08,-1.10464155504289e-10,-1.57056648975285e-07,4.38453509511095e-08,8.98309348184275e-08,1.25441142712289e-08,1.62208251262872e-07,-2.8617860430879e-07,2.73208105444622e-15,4.14818702918133e-09,4.12806966131917e-10,1.14836679288866e-09,1.08477870263156e-07,5.34219388024261e-16,-6.32804302883641e-18,3.61251753325143e-08,-9.58881689499837e-17,6.90893432776659e-17,2.43019124929716e-07,-2.74115522655832e-07,-3.54880127929359e-07,-3.01968277560659e-09,9.18679721307e-06,2.01729849706546e-07,9.09435313520862e-09,1.94815455558026e-16,2.2963346282803e-08,1.08077647872839e-09,4.97152093819849e-09,-3.52360002550357e-07,1.41673005743289e-06,4.18757166422604e-17,-2.18588521461992e-16,-4.12377556523843e-16,-1.82617775033799e-08,-6.1481075563869e-08,-5.15694857170885e-08,-3.35280616487304e-16,-4.75943019041568e-08,-2.55464719414473e-16,1.50868686872072e-16,1.16161442339923e-06,-2.55158162578454e-08,-2.3635607360184e-16,-6.3271472226094e-08,-2.27829309716762e-07,-2.62402176057272e-16,9.90147586233037e-08,-1.1544491712275e-16,2.67105708671868e-08,-3.50767540143753e-16,2.66732420880453e-08,2.31050002808651e-07,5.81232786887806e-08,7.88506079337654e-09,5.42691972745652e-08,-2.45942497177696e-07,7.65995280979925e-08,-1.2971061414059e-17,3.18404963010835e-05,-1.88570459656515e-07,2.8205155269637e-16,-3.32620479652306e-08,-7.63898474429461e-08,1.60688493660543e-07,-2.31417470408217e-17,5.80643411168331e-08,5.33747433797816e-07,-9.06143752754058e-17,-1.92713926196762e-07,-4.2682812305323e-08,-1.54927630361634e-08,-5.73625707218264e-16,1.18545795409333e-16,4.03315247089473e-08,1.24015130051703e-08,1.00421436939692e-09,-0.000510015148259954,7.40117407948246e-09,3.48930869556302e-16,1.02968853957078e-16,2.71790790844957e-08,1.87438521777109e-10,-2.94426874258206e-16,6.60471899920542e-08,-8.85784493966566e-17,2.37703071346948e-07,-1.27363068099229e-08,-7.44373874238929e-09,-4.94015762595556e-08,-5.16179507972582e-16,-1.25978132733926e-17,2.60666647723117e-16,-2.24316177442353e-17,-2.7752111459522e-08,-1.24740955696271e-07,-4.57597588471203e-16,-4.28347144802388e-16,1.08972148942167e-17,1.35906598981861e-07,1.58317604194677e-09,-6.74980476973266e-08,-1.02798578552673e-16,1.8209175486894e-16,2.94902990916057e-16,-4.21665981177456e-07,8.95060616547061e-08,-1.99521679055142e-16,2.03800217953317e-08,-4.1223672295883e-07,-4.00287788032396e-17,3.8664149673694e-16,-4.12470799982279e-08,-4.22700631806156e-10,-2.04742376818191e-08,-5.63577446651723e-17,2.31038347880019e-08,3.36986531579985e-08,3.62350932192878e-08,-3.3124390605529e-08,-1.18076315041242e-07,1.30414150056419e-08,1.55339053628277e-16,6.76409342968997e-16,1.0367845212943e-16,2.49796760708984e-07,-1.74699538648977e-07,-9.52057410506754e-09,-7.52605427523467e-09,1.70072261350932e-16,-2.0467187434715e-16,-3.80571540941528e-18,7.5207715664929e-17,-1.57663203644379e-16,2.49799476667146e-07,-2.327123439504e-16,8.8530928456518e-17,-5.85376759142631e-09,-2.30646908971353e-16,-5.24062350671464e-09,-5.33722680192281e-17,-6.49824783588826e-09,-9.06389353449076e-17,-7.89481515866571e-09,-9.88801837090891e-10,-8.08933545097255e-07,7.2640592931441e-17,3.18170424031314e-08,-1.75416550816232e-16,4.5285446230674e-08,-5.53162011948607e-07,4.42425484967667e-10,1.74808953837294e-16,6.46453871489122e-08,1.61333505404467e-16,-1.59265096814655e-08,-8.990570894358e-08,-7.20995103395481e-17,-1.27452793378651e-16,-2.86704978985552e-17,-2.85183901137238e-17,-3.02393800418549e-10,-3.93975903527082e-09,-8.80244835353968e-10,1.42495066883581e-16,2.64881614579537e-17,-6.45436411686726e-08,6.81585044155254e-07,1.29434412030197e-16,1.44283287290516e-17,-4.03664397145991e-09,-2.88497851745688e-17,-2.86270628489216e-08,-8.98100068265519e-17,2.70832380056532e-07,-1.20517510940562e-18,7.10289151162876e-19,-2.36094153022948e-17,1.13586235338367e-16,-3.0076179531954e-17,-5.06649800101268e-16,4.6758077327484e-08,-3.2702301532773e-07,-2.9181200316395e-16,-2.42853717039714e-08,9.24321720762122e-08,-6.78611712345529e-17,-7.86430542117797e-17,-2.77447723010965e-17,1.23644047418164e-16,9.13498609608682e-09,1.46172811541501e-09,5.25876461888345e-17,4.89637741479296e-18,-1.66093804383951e-08,-5.92538179037177e-08,-6.20297129832256e-09,5.61565621038669e-17,-7.89784817778552e-17,2.40379410891938e-17,-1.78522252650124e-16,-6.65711905053592e-17,-1.59496156528794e-16,3.51669807590878e-08,-3.32748708766034e-08,-6.40072943463590e-09,-2.37957325457505e-17,-1.9270742239879e-16,-1.01785016300094e-16,3.55751244288306e-16,-9.68943771481645e-17,-3.70916091365613e-16,-1.48315448656529e-16,-1.63673850791753e-16,2.25026607953298e-17,1.55191864403759e-16,-1.34684127278486e-16,2.73121631856285e-16,1.4391494572606e-16,-5.16982898608899e-17,3.15927078414816e-08,7.14840544821949e-17,1.25053321460959e-17,-8.56757306123498e-17,3.45733789837117e-07,-6.02691794638434e-10,-3.01088116891585e-16,-1.15524605682681e-08,3.16297445859245e-07,9.6391720584405e-17,-1.40942371563179e-16,-8.83603147791889e-08,-2.2535879822017e-16,7.8049132713724e-09,-3.87052870192293e-17,-5.51531902372957e-17,1.50390693770163e-16,-3.09676882835362e-16,1.10752135170238e-09,-1.52105195545734e-07,2.40422252518767e-16,2.56765961516729e-16,7.63005914732707e-18,5.39188615203954e-17,-2.00035300823576e-16,-1.03461491453805e-17,-1.44235262685322e-16,-9.42567510573782e-17,1.64623319130384e-08,4.84466269474776e-17,3.47017262157093e-17,-1.83537945504183e-17,1.36180755472016e-15,-6.09615673496014e-17,-1.40662000902128e-16,-3.63779680822586e-08,-1.38773034315764e-17,-1.96451263249619e-16,2.71283755142335e-08,-2.32938039161406e-16,-2.70584261422535e-16,-1.71178801649409e-16,2.91408875725129e-16,1.56594177346707e-07,-4.3976271323274e-17,-1.67481316119765e-08,6.90776750580584e-17,3.80906134621012e-16,5.92714134254339e-16,-2.36018530972359e-16,4.07896643514668e-17,2.29933372794826e-17,6.05725603088666e-10,2.90721074349877e-17,1.3011984064483e-16,3.05511820780335e-08,-7.56706236942879e-08,-3.75706485898245e-17,5.30400772559694e-08,7.76983021259385e-09,1.5372953461246e-16,2.30995778105088e-16,-2.35748128053092e-16,3.07161805139895e-16,-2.54942983632159e-16,-1.30876407022339e-08,-3.79181927120751e-16,-9.38730217467238e-16,1.38676127821872e-16,5.24382208138451e-09,1.94034649989421e-16,6.59201344696481e-16,-2.35115997037684e-16,-1.03273968859461e-18,-2.39205333856039e-09,-2.13848622977606e-16,4.96947882156399e-09,1.33379725493347e-16,2.25127327008522e-16,6.49993329567397e-17,3.70350669164583e-17,-1.2274370566471e-17,-5.59266907479239e-16,2.87044360795208e-16,-0.000347710842597442,-1.50050333190415e-16,4.32768658657103e-16,3.60671278395719e-08,8.03909399593374e-18,-6.22591339422108e-18,-5.42466242083007e-16,-1.19371436320131e-16,1.49024316137794e-17,2.28209866816242e-16,-3.80787317669986e-08,3.34770432463213e-16,4.8429522653856e-16,7.8302710324507e-08,4.48929384120674e-16,2.58672409468736e-16,-6.97323414837958e-16,4.76747469232094e-16,-4.58627371107287e-16,4.55912418072505e-16,1.30040513899533e-16,-2.8912081387384e-16,-5.88693483206458e-16,2.98342508534361e-16,-2.13423167938755e-16,-4.12581981203155e-08,7.2074948498509e-05,1.25217296551846e-16,2.73913269254078e-16,-3.06635056632358e-16,-4.140706464198e-16,5.80048162279745e-17,-5.30806278254462e-16,-6.14635115234172e-16,9.72543894384694e-16,-1.71514525132223e-09,-3.00257097053945e-16,3.18519182251345e-16,-2.5486508910875e-16,7.86867309191404e-17,2.19877742880948e-09,5.09229684784437e-16,-3.1156665440974e-09,4.17941923336155e-16,2.71780819902305e-16,4.35520666764373e-16,-1.74858440071394e-16,2.87983723673025e-16,1.23087189199876e-16,-5.87744641725445e-16,-3.44291602777279e-17,-4.04854324421902e-16,3.29510696818666e-16,-8.55181343941756e-16,-7.09448226509508e-16,-2.38706319197672e-16,5.56260292765436e-16,-5.74087692425057e-16,2.23267989702872e-16,-9.34256482915665e-17,-1.67576226892185e-16,3.97763522158358e-16,3.87134785400696e-16,-1.03443729276842e-15,1.55513862051228e-16,2.79552525813126e-15,5.42871052750344e-16,-5.32771001726605e-16,1.66751949895722e-10,-6.57571010390711e-16,-4.26034103658619e-15,-8.12600366520641e-16,-6.43592408594099e-16,1.02388592706369e-16,-2.90038045620239e-16,-4.66887822143289e-16,-2.51043444228485e-15,-1.62366289827647e-15,-6.43342623962396e-16,2.77338915721792e-16,-2.79273967200166e-15,-1.81430232370846e-15,-6.20420319566234e-16,-7.9906470254139e-15,2.45223217717038e-15,-4.99712635034374e-16,-2.15195253238092e-09,1.38308971133579e-15,0.707106781186549,-2.40777295538472e-15,4.81051980626425e-17,-4.98946290971708e-15,1.08401176959688e-16,9.74061683230792e-16,2.79509858149371e-15,-7.2512629504087e-17,4.57196837961653e-10,5.55436028849469e-16,1.96896095006049e-15,6.96719062370361e-16,4.65320568482865e-16,8.21865642340148e-16,1.91660636736082e-15,-1.476836578222e-15,-5.09169116747487e-16,1.02954138639991e-15,1.556245264104e-16,1.06587326276116e-15,-3.22572273840583e-16,-1.59859434584868e-16,2.3128150591814e-09,-1.32032629781975e-16,1.29885140327363e-16,4.35976855152867e-16,-2.8124204354274e-16,-6.9700133934882e-09,-7.51373417913086e-16,1.97775226679464e-16,4.2797114680472e-17,3.14789896934794e-16,6.82313136956248e-17,1.64851648458351e-16,-1.93739185967256e-16,1.6202378744496e-16,-3.94634550291628e-18,2.27972653800099e-16,1.13079043356894e-16,2.04114880006171e-16,-5.23063991220559e-17,1.30937862673575e-16,-7.59119920090292e-17,9.21795274849031e-17,-2.37843349609823e-16
"t993",-0.0313896099039737,0.00712282356630627,-0.00861848023256634,-0.018417441396195,-0.017115313930627,0.0232993958891109,-0.177695140580714,-0.036917291127557,0.000558686316683284,-0.00127178422319514,-0.00041003745413494,0.0115892748794756,-0.0161395133214871,0.00209365603156247,-0.000329478235548873,-0.00580646561648377,-0.000312604153824876,0.00138642845422546,-0.0001611741891557,0.000158604290355382,-0.00481968353580508,0.00122542801947702,-0.000791451441143567,0.00527229958131712,-0.000838550725640653,0.000840711767064134,-0.00130329815827968,0.00149190198941944,-0.0569513692822734,-0.00244863794017397,7.58810942947896e-07,2.82765154907996e-06,-0.00221190032614937,7.08195130490603e-06,-4.7660648886708e-06,-9.33957184152522e-06,-0.000382872988197915,2.8240518915784e-06,2.33138526636814e-05,6.62193342374903e-06,0.000366326692755971,-4.83386015386186e-05,0.000382902035023129,-4.42234559105536e-05,0.00247625734289833,-0.000131213051838197,0.000475542630562427,-0.206577875211823,-0.000244775894843892,0.000204042126804912,-0.000701294855946802,5.02928478442136e-05,-6.80746909875301e-08,0.000156699821609626,-3.68100691180583e-06,3.56608291047329e-05,-7.40768437549916e-08,-1.2416245979236e-05,4.93569142851686e-06,-3.9941327054879e-05,-0.195434494335762,-8.32730088636075e-06,0.000140342376796481,-6.56960982031156e-05,2.14029635650996e-06,-2.57717974855674e-05,-9.55137591805818e-09,1.94099967888628e-06,-7.00022135352842e-06,3.78883830000486e-06,-5.56228839122267e-06,2.33430434880477e-05,-8.37876569562486e-07,-4.22355367511866e-05,1.78432292316229e-05,2.87326388934885e-08,-0.000199195066761048,2.89501798205227e-06,-1.17287950311292e-05,-1.43890176588207e-05,4.58404767062186e-06,7.00437745907078e-05,-1.04192875497891e-05,-7.04970048074801e-05,7.81222100933386e-06,0.00211032896499286,-0.0228682799716733,2.86460572042066e-05,7.25146432679811e-06,-0.0015474924878768,9.67256515290265e-06,-1.69904187758904e-08,1.8117695074792e-07,-9.98465744810282e-05,-1.22697222020121e-07,-5.58005451209155e-05,-4.37912707623732e-06,3.60120501170038e-05,-4.32170267359649e-05,-1.37036569799479e-05,-3.40366723883874e-06,1.66770711190026e-06,-4.77310901349451e-06,4.30488463278888e-06,-2.13299660141116e-06,2.69258524589137e-05,-0.000164228393526742,4.73879261354005e-05,-3.27577412046641e-05,1.44096772338552e-05,5.57806064963826e-05,0.00124137486056136,-0.27705470175506,-0.0193109073689415,2.28840728843154e-07,-8.52219019613401e-06,1.17091229928069e-05,-1.10575830225426e-05,1.26780346545532e-05,-5.851911095787e-05,0.0192425014136918,5.14916268316862e-06,-1.47139068014745e-06,-3.86635893122372e-06,1.38459118048477e-06,-1.93076802896024e-05,-2.31524987309543e-07,-2.45135875303389e-09,7.83439291327988e-08,2.64501360238258e-06,-5.14733613743213e-08,6.71910488390474e-07,-8.96033566428519e-07,-1.92836515097888e-07,1.15502269206015e-07,4.18520142580127e-07,-3.37055013278178e-09,-2.67490135079719e-06,9.76751192372149e-07,-2.81998176168582e-06,-1.84168568512629e-07,-7.20634875114634e-06,1.4315772862307e-06,9.2070180728754e-08,3.8001657955556e-07,-1.8987704111145e-08,-9.35430925523072e-07,1.48351121252673e-07,9.77124441484034e-09,-2.45221898024223e-08,-4.95280086469467e-06,-1.13725817245816e-07,-3.18478816542193e-06,9.16979147801447e-07,-2.74180007602902e-07,-2.39531670098537e-08,3.60041883512953e-07,-2.19543656565221e-05,-1.03118252732086e-07,-3.41728443173962e-08,-1.66026230160466e-05,3.23043700811478e-07,-1.78520124492989e-07,-2.35413902556198e-05,2.77730615433836e-06,-1.00698743593496e-05,1.84711054085442e-06,3.23780837271364e-08,1.62154058135588e-06,2.57853140247023e-06,-0.000110883471513131,-0.00336759248107673,3.0918988943045e-07,9.65998920230933e-08,1.87024968065257e-06,4.25998365726909e-08,1.69454742113279e-07,-1.23951160321643e-06,-8.02269832942655e-07,-3.18794924398311e-05,1.53855609360264e-05,3.12060447820577e-05,-7.52664613078756e-07,-2.38543904679925e-08,-9.08734267305916e-08,-1.60675197299142e-07,-3.26093688607838e-06,7.86928534470306e-07,3.54274024261511e-06,-4.03491952210723e-05,-9.24779850056361e-08,1.73455215638425e-07,6.93441491771638e-07,8.95687948973527e-09,1.2031720617765e-07,-1.73381094797777e-07,-3.21182082107486e-07,-2.14414711772591e-06,1.94575258559102e-07,8.93249229752908e-08,8.95814967231368e-08,1.58275813841374e-05,-2.84438900032377e-09,-1.56245456802189e-05,-3.55487142910043e-06,-0.00321199118336774,-3.47671917955592e-07,-3.69863814927984e-06,-9.18835276259294e-07,-6.25995735696019e-08,-6.94446913733654e-06,1.6045744476203e-05,-4.41711482874745e-05,-7.21886915346509e-07,-6.07294593537961e-07,-5.3386869530561e-07,1.03934042676651e-06,6.9272574664354e-08,-1.30428209072582e-07,-6.73330110171366e-07,-3.75423541565736e-06,0.000260258617593268,5.16341530548019e-07,2.64775270404458e-06,-8.25645897254498e-07,-4.29931893809967e-07,-4.55523655398704e-06,-3.47159957609537e-07,-6.06858242609422e-07,-7.50652165235442e-07,0.00165261550369925,-4.99133694820777e-08,5.80237639788057e-08,1.1036928883054e-07,-8.55142941877351e-09,-1.95797671981562e-07,-8.17966707965958e-07,-5.85358204297038e-18,-1.29701571332709e-07,1.27411761389404e-05,-3.09735921907561e-07,-0.00103319897917947,-5.86468221786144e-07,9.27879170620537e-07,-1.36812997502981e-07,6.50554648087906e-06,-1.14099765269993e-08,7.61230471640255e-10,-1.22178947314053e-06,1.79281754228248e-06,-5.63891195268359e-08,7.72253737280743e-06,-3.60096446752132e-07,1.76571833233469e-07,-1.14526289481673e-08,4.16286070227487e-07,-3.84715293478617e-07,7.82261937346457e-06,1.89932505760911e-07,-3.64658020967416e-08,7.90004119277086e-07,-1.52633642809389e-07,1.67024141067542e-05,-8.29113058399383e-06,8.23722110567164e-08,-2.80212651875738e-08,3.26256850279107e-08,2.30711807360845e-06,-5.26639137774475e-06,3.44315346424323e-08,1.37402935528085e-08,-2.96434526363749e-08,2.56528242037451e-06,-3.81650669812065e-06,6.57115822445432e-07,-8.92816947473346e-06,8.94329178278521e-06,-4.98496829633534e-07,1.1387045719117e-06,-4.14906644307254e-07,2.25001446393562e-07,1.31011290439532e-17,-5.51631542000561e-07,-1.88880734732985e-08,-1.75377956806995e-10,-1.51340295285711e-06,2.67692746552789e-08,-1.65529874900958e-08,-5.02237781954194e-07,5.6359932272239e-08,-3.45599150804081e-07,9.05119269907683e-07,3.30621201390381e-08,-2.92902889876505e-08,3.78142868536427e-07,-4.57503817297452e-07,1.01964720908423e-05,-2.18438143792606e-07,3.26262306588184e-06,1.25587961356663e-08,6.75834910539154e-08,5.1595056010785e-07,-4.24703120249332e-06,1.00090953482661e-07,-3.81879665837817e-07,5.1143624400198e-07,-1.85313100984257e-06,1.1546214850808e-07,1.04222037602044e-07,7.93418323299722e-07,-1.33342458302978e-06,-1.06752965556418e-07,8.66470729590365e-07,-5.64835325296994e-07,1.39374054933972e-08,1.29306135332667e-07,-2.49621394665089e-07,1.06481731172353e-17,7.31640371894847e-10,3.0766422929969e-06,-3.6014960507944e-07,2.04433116844608e-07,1.82775155700858e-07,5.33703805717464e-08,1.23706764687597e-07,-1.80776621231448e-06,6.70078490767001e-07,1.1334074463986e-16,-5.10240649718741e-07,-6.21521362987895e-09,-1.73469940589644e-08,5.76938761007061e-07,1.29846998281839e-07,-8.74413460247428e-09,-3.33418541110887e-07,8.87093278506708e-08,-2.92649918265913e-06,5.52171524062534e-07,-1.11958335802093e-07,-2.02260011424482e-07,-1.06880858155224e-08,-1.36653209022544e-08,-2.01085536379292e-07,8.42177758635353e-07,-2.17837951534547e-07,3.29360173407334e-16,-5.75110155912656e-06,4.51627637020535e-07,1.00283267017709e-08,1.14385260771917e-07,-4.14148053244393e-07,-8.7687834436503e-07,3.12691897390147e-06,-1.13928078667265e-05,-8.03252505279667e-08,1.51079439870361e-16,-1.52101866587936e-07,-4.27310721449265e-07,-2.16501702222957e-07,-5.12664128948764e-17,8.14534422418378e-07,0.00149017716558659,-0.000833659256225216,2.89249418426295e-08,-4.05692096167991e-08,-2.81955234310947e-08,-1.11253603891899e-06,3.54830317329292e-08,3.80490452522096e-07,1.15675144283192e-07,8.43627628583208e-08,1.10451351964345e-06,2.78099211541492e-17,-4.5195118330596e-07,1.64058566842851e-07,1.06683893888022e-06,-1.08034532778645e-07,9.43497922090134e-17,-1.05252826009163e-07,1.76199013440337e-07,-4.70446699263505e-08,-4.18054969680991e-08,-1.05700334061915e-07,1.0104736222208e-06,-1.47861185891634e-06,2.0377906862581e-07,-1.29351007846287e-16,7.35937690232509e-07,-1.27101661360422e-06,2.72340184431671e-06,9.06649015743223e-07,-9.21245470881376e-08,-6.1813982029044e-10,6.07153216591882e-17,-4.26873470109935e-16,-5.95259178694995e-10,-6.85167828236196e-07,9.03080780818787e-08,-1.00721777440289e-07,8.8361463420632e-16,-4.77181392291885e-08,-5.63237414634545e-10,4.57733576023805e-16,-1.74728669988928e-16,2.83150529202501e-16,1.19471408966367e-07,3.52482736729682e-07,-5.10780899781056e-07,3.02853391516383e-07,1.51072887908532e-07,3.13812708192715e-07,-9.49784429005529e-07,-7.0637878324517e-17,-2.36115351267439e-07,0.00281257534622186,2.52262975336652e-16,-1.67675678462902e-16,-3.24491363795273e-07,-2.53304753397327e-11,-2.52330399959532e-07,1.52489374818184e-07,2.49793794373653e-07,-1.03696650659799e-08,-2.04844925837387e-16,-3.48722546096813e-08,2.52915606770748e-16,-1.18806467467869e-07,1.32272665043232e-17,-2.79773363059051e-07,-2.26392066104922e-17,1.69644547658778e-07,3.97003824009629e-05,1.38650515753946e-08,1.82066696384098e-07,6.26959056774356e-07,-9.30495193705325e-08,4.5467591352604e-07,2.2577053233167e-08,1.09822801175735e-07,1.01074916952865e-08,2.04578382139766e-07,-4.43048081416431e-07,-1.08965442471779e-07,-8.82319426598539e-09,-2.7280658018871e-07,1.70696143713542e-16,1.96489882133991e-06,-3.37609667101809e-07,3.29624085218919e-08,-1.29679164451893e-16,4.35002563646215e-09,1.17348776652382e-07,4.1896291270954e-07,-1.66414949910928e-16,-7.0466070665328e-07,-5.3693886656714e-08,-1.36856746283079e-16,-7.08191108795667e-08,1.40360683805065e-06,2.56516243189676e-18,-3.09313518033527e-16,-3.95600262974125e-08,-3.05872959230654e-08,-1.73977567280403e-10,-2.40886889774621e-07,6.36511380922669e-08,1.2982882088829e-07,1.8016707613526e-08,2.18741119435368e-07,-3.68631892391275e-07,-1.09233368877915e-15,5.25729410611617e-09,5.21750194071628e-10,1.43773036917452e-09,1.34303327241152e-07,-1.99310140066952e-16,-3.99750384574288e-16,4.40637411947542e-08,8.56136993904858e-17,3.84117879487898e-16,2.72216228199256e-07,-3.02922148064363e-07,-3.92064034589908e-07,-3.24186122405351e-09,9.82538356999588e-06,2.15577837919677e-07,9.66817975777636e-09,-1.24990277173213e-15,2.31374883210055e-08,1.07690777221351e-09,4.93561389953662e-09,-3.4352317525439e-07,1.33644883872873e-06,7.07328530609222e-16,-3.21559600855549e-16,1.30182166417087e-15,-1.6422867124967e-08,-5.41344998812371e-08,-4.53335883959084e-08,-3.73975969624727e-16,-4.09752410658867e-08,1.83793348771973e-16,-3.80860321471067e-16,9.04222225908308e-07,-1.98342256527779e-08,-3.52192233710191e-15,-4.78108488540851e-08,-1.69188384790397e-07,1.28071983689576e-16,7.07751802441601e-08,7.76737371010371e-16,1.81294052260477e-08,7.11593507947337e-16,1.80132899042544e-08,1.5542140970637e-07,3.89222202243738e-08,5.24668276230552e-09,3.55813567447134e-08,-1.51626909551824e-07,4.23944568273602e-08,-4.03015738992203e-17,1.4474357702001e-05,-8.33851862385915e-08,2.63012619246344e-17,-1.41366082620176e-08,-2.9903464389905e-08,5.75908621984651e-08,1.04018644176478e-15,1.27055152529796e-08,9.85658080989491e-08,-2.15352960186674e-15,-2.59849058441311e-08,-4.61573172872875e-09,9.38869869835949e-11,3.29101452624986e-15,-7.80206743636616e-16,-1.74327174069942e-08,-9.22649050297149e-09,-8.28810382286871e-10,0.548251239682731,8.98808428112116e-08,-1.08953376831462e-15,-1.30590665381756e-14,2.05135090267753e-07,1.35355053752246e-09,1.33337537131945e-14,3.12470182356103e-07,-9.02487096890794e-15,8.75059760219502e-07,-3.7268024933573e-08,-2.14970785191997e-08,-1.35904838037205e-07,-3.96083134910903e-15,-2.73118996674177e-16,-3.88557432207435e-15,-4.01415844313786e-16,-5.67777765975692e-08,-2.50890117751555e-07,-8.66823920507501e-16,-1.92674763037758e-16,-6.51257376480927e-16,2.58483343534136e-07,2.94624540476355e-09,-1.19121883121285e-07,-5.02146181471257e-18,-2.91926855952584e-15,-8.82757408837698e-16,-6.51200045023528e-07,1.37722901544614e-07,8.41743582233448e-16,3.01769398254299e-08,-6.01890089995707e-07,1.74098219822652e-16,-2.83529821392925e-16,-5.84233733845359e-08,-5.9735948267469e-10,-2.84724180404618e-08,2.14753776569372e-15,3.13461552963022e-08,4.5150444292215e-08,4.77591786073224e-08,-4.27700387646217e-08,-1.51668904385186e-07,1.65949107928078e-08,-6.71509524878348e-18,3.70356358986676e-16,1.56925056392397e-15,3.03414089879798e-07,-2.12063355184449e-07,-1.14970338469946e-08,-8.8713372578756e-09,-7.3856071946954e-16,-8.20129567900797e-17,3.21369004677926e-17,1.10141990988457e-16,4.01349472896352e-16,2.87971292066811e-07,-8.30726832899124e-17,-6.81549991711732e-16,-6.69454480870891e-09,-3.74461141388367e-16,-5.99084091989365e-09,-1.30793958436216e-16,-7.42331339766114e-09,-3.71927995915714e-17,-8.90260308285589e-09,-1.11174989054505e-09,-9.05527180319181e-07,2.32046838870958e-16,3.54296435342162e-08,-2.02220659661869e-16,4.98783547013765e-08,-6.01276208961565e-07,4.80644103288434e-10,-2.714556485937e-17,6.98784267569133e-08,-2.675136420914e-16,-1.70853110656728e-08,-9.64121550513797e-08,2.8144044567492e-16,6.60536566718867e-17,1.93679313197985e-16,1.78187487879481e-16,-3.22345132632207e-10,-4.19324006940299e-09,-9.35224255746524e-10,-5.15001261409137e-17,-9.24414791451255e-17,-6.80174051905611e-08,7.18015479607426e-07,4.07795126662921e-16,-1.43107091629102e-16,-4.21212035370192e-09,-7.34425133431688e-17,-2.98133988981092e-08,4.87996347420588e-16,2.80514064400933e-07,-8.65612626638283e-18,6.05942014614451e-16,6.25370188285554e-17,-2.60449967183131e-16,1.67714367488753e-16,-1.16691320038303e-16,4.79259332862827e-08,-3.3514696394171e-07,4.55317753514763e-16,-2.48030315642349e-08,9.42691468377289e-08,4.55809753340901e-17,5.65899796982358e-17,-9.48316327011229e-18,5.6404179400681e-17,9.26169907401853e-09,1.48002659099556e-09,7.24120800947682e-17,3.33246380280789e-17,-1.67926017766254e-08,-5.98960831083593e-08,-6.26620313883995e-09,2.5229467469076e-17,4.75208415543163e-17,6.36959808743732e-17,2.11215309215259e-16,1.15462572986947e-16,-4.19895519054322e-16,3.51757670836099e-08,-3.32538819520369e-08,-6.39114525004927e-09,-7.27777636349655e-18,5.6795088293505e-17,1.74925191427343e-16,-1.11238359044219e-17,2.65904572399257e-16,6.00450212226501e-17,3.91996328645755e-16,7.88871970365188e-17,1.32672079099884e-16,-1.07862118468409e-16,9.54914606535936e-17,-5.21604170403556e-16,-1.70931720439229e-17,-7.42447944197227e-17,3.11198518002919e-08,-1.06294470361015e-17,8.79277697854796e-16,-1.71675481699218e-17,3.39993706532338e-07,-5.92460991625136e-10,2.24519895557079e-17,-1.13536961750516e-08,3.10239482509203e-07,6.14395778196882e-17,-2.08316355086776e-18,-8.64598795748684e-08,-2.49284209550099e-16,7.61536048352197e-09,4.6569621683702e-17,2.6564990837309e-16,1.81546920355762e-16,-8.14074053986562e-17,1.07603306931456e-09,-1.47739500944512e-07,-2.42244937672225e-18,2.88729059274798e-16,-7.90617528238817e-17,-3.09390403116149e-17,-2.21827764490534e-16,-3.36134340686118e-18,-1.10551209539112e-17,-8.18348147286524e-17,1.57910029468514e-08,-8.23914335476694e-17,-6.97536733145334e-17,-9.82669300668542e-17,-2.03426563768757e-16,6.55607548150207e-17,-3.4391704966592e-17,-3.48203873934259e-08,-1.1104804233757e-17,-8.34382849774224e-17,2.59573976266273e-08,-3.74067603233505e-16,4.72147185005528e-16,4.32275490438977e-16,3.56383485254152e-16,1.49320852448084e-07,-8.70305929122202e-18,-1.59636546162999e-08,-7.77069332736687e-17,-1.49985484829215e-16,-3.19228250144413e-16,-9.18238348448759e-16,2.08226258085003e-16,-9.72611967446826e-17,5.77022770442408e-10,-2.99751818713966e-16,1.56695773101393e-16,2.90994830191716e-08,-7.20750915860768e-08,-1.34176084548921e-16,5.05285757505865e-08,7.4027985341832e-09,3.0111684861633e-16,-2.91421184905187e-16,-5.53064261465786e-16,-1.79078045006134e-16,-2.04681257265326e-16,-1.25786343192138e-08,4.88887309868731e-16,-5.94068471303501e-16,1.25276642664058e-16,5.07534224336073e-09,1.75960244190161e-16,-2.97732065875946e-16,2.89500028584632e-18,1.45967115061946e-16,-2.36005949798803e-09,-3.01540576795139e-17,4.95711150601283e-09,2.90383408367632e-17,4.48297774433908e-17,1.03286652644654e-16,-2.14183935020199e-17,4.63506454833274e-17,-3.09045500129601e-17,2.75979133679281e-16,-0.0197192675408199,2.40343619508968e-15,1.07031299675476e-15,2.26912530891846e-08,2.95549998208558e-16,-1.61477686520501e-16,2.03518152410064e-16,6.75776533150851e-17,-1.86139659753777e-16,-6.32583519954751e-17,-3.23367655605555e-08,6.5373786048945e-18,-5.33420930539554e-17,6.78191939562332e-08,1.43905389303267e-16,1.12523343984545e-16,5.51915182543235e-17,1.96311897905711e-16,3.41811234098362e-18,-6.98234936098497e-16,-3.3406859291616e-17,4.32693473911652e-17,1.38056022214012e-16,1.95341170517159e-17,1.18897650644945e-16,-3.66404716983648e-08,6.40863404871086e-05,5.45816017373648e-16,-3.93159731505201e-17,-4.73138082880277e-17,1.52386696318257e-16,-5.02094026078037e-16,2.6610594051904e-16,3.24568060057399e-17,4.09784381704235e-17,-1.53127609672434e-09,3.0453310797028e-18,-6.96671135570677e-17,-2.1730569428721e-17,-3.76396901106009e-17,1.96624896058909e-09,-2.69784306824617e-16,-2.78821107449712e-09,4.79685386329198e-17,-6.60856543368179e-17,-4.19457733065572e-16,-6.85411933080472e-17,6.85703502533095e-18,2.72834436302026e-16,-1.63004984227845e-16,-3.65986735303399e-16,1.32994512094057e-16,-7.01074825813293e-17,3.19991033021484e-16,1.38179904188833e-15,1.93332335425128e-16,-3.71604371209537e-17,6.26782169793329e-17,-2.4319552032167e-16,2.79282141776752e-17,4.14979946775431e-16,1.37359483022541e-16,1.22569298303593e-16,-3.98769559040169e-16,-3.55755741306137e-17,1.88499978646905e-16,-6.181925649214e-17,-1.27841542874948e-16,1.48978944509613e-10,-2.64087079788884e-16,-5.59607193223573e-16,4.64188674688244e-18,-5.91307093699423e-16,1.02603037421356e-16,-8.99254642592612e-17,7.00441861600145e-17,-3.04838826379066e-17,-8.2969102131976e-17,-5.97742932775311e-17,-4.83120488059541e-16,-3.23844993379086e-16,6.97140207804767e-17,-3.4615439740268e-17,3.05594210541017e-16,-5.72896336364269e-16,4.33638449699676e-17,-1.91753850388317e-09,6.14486193159488e-17,1.40055995526938e-16,-6.05180349091741e-17,3.55297796258208e-17,-7.08238008679302e-16,4.95476960675735e-16,8.32946254358326e-20,-5.49484097285799e-16,4.5836191006676e-17,4.06125403101546e-10,7.77908782788077e-16,-1.64301204585038e-16,-1.82567541550603e-16,9.17662302974513e-17,8.32340500942104e-17,7.69490492746792e-16,-3.18137911586603e-17,1.81653621325948e-16,-6.49766750334606e-17,-1.03993606410138e-16,-5.2246326933368e-17,-3.61581031848612e-16,7.44965444364365e-17,2.04774295132561e-09,1.19097989454268e-16,-1.34404710198243e-16,1.56091106651377e-16,-8.16621076316082e-16,-6.16171699731094e-09,1.78196544564949e-16,2.27814704879046e-16,6.33472796104758e-16,-5.10466394822134e-16,-6.1936363081882e-16,3.26256412684141e-17,1.54266243213615e-15,-4.56395542870192e-17,-5.55162844526729e-16,-6.83129852960547e-16,4.94201360839321e-16,3.8994654254065e-18,1.98825064867086e-16,-2.28692412618002e-15,0.707106781186549,4.32324797007322e-16,1.85932017316855e-16
"t994",-0.0313896099039737,0.00712282356630627,-0.00861848023256634,-0.018417441396195,-0.017115313930627,0.0232993958891109,-0.177695140580714,-0.036917291127557,0.000558686316683284,-0.00127178422319512,-0.000410037454134931,0.0115892748794756,-0.0161395133214871,0.00209365603156247,-0.000329478235548868,-0.00580646561648377,-0.000312604153824868,0.00138642845422545,-0.000161174189155707,0.000158604290355377,-0.00481968353580508,0.00122542801947703,-0.000791451441143576,0.00527229958131711,-0.000838550725640677,0.000840711767064145,-0.00130329815827966,0.00149190198941943,-0.0569513692822733,-0.00244863794017395,7.58810942946958e-07,2.82765154907554e-06,-0.00221190032614937,7.08195130490835e-06,-4.7660648886566e-06,-9.33957184151657e-06,-0.000382872988197896,2.82405189158144e-06,2.33138526636937e-05,6.62193342375295e-06,0.000366326692755975,-4.8338601538609e-05,0.00038290203502314,-4.42234559105613e-05,0.00247625734289835,-0.000131213051838182,0.000475542630562403,-0.206577875211823,-0.000244775894843889,0.00020404212680492,-0.00070129485594679,5.02928478442169e-05,-6.80746909982713e-08,0.000156699821609629,-3.68100691180956e-06,3.56608291047213e-05,-7.40768437506919e-08,-1.24162459792084e-05,4.93569142852183e-06,-3.99413270549064e-05,-0.195434494335762,-8.3273008863544e-06,0.000140342376796485,-6.56960982031132e-05,2.14029635651616e-06,-2.57717974855943e-05,-9.55137592930842e-09,1.94099967888029e-06,-7.00022135351888e-06,3.78883830000418e-06,-5.56228839122844e-06,2.33430434880806e-05,-8.37876569564474e-07,-4.22355367511674e-05,1.78432292316602e-05,2.87326389159416e-08,-0.000199195066761056,2.89501798209177e-06,-1.17287950311343e-05,-1.43890176588311e-05,4.58404767061509e-06,7.00437745907206e-05,-1.04192875498024e-05,-7.04970048074765e-05,7.81222100935321e-06,0.00211032896499289,-0.0228682799716732,2.86460572042185e-05,7.25146432680153e-06,-0.00154749248787682,9.67256515289981e-06,-1.69904187680842e-08,1.81176950767003e-07,-9.98465744810208e-05,-1.22697222048762e-07,-5.58005451209028e-05,-4.37912707621404e-06,3.60120501169833e-05,-4.32170267359881e-05,-1.37036569799787e-05,-3.40366723883702e-06,1.667707111857e-06,-4.77310901355159e-06,4.30488463282323e-06,-2.13299660141531e-06,2.69258524588115e-05,-0.00016422839352674,4.73879261354075e-05,-3.27577412046771e-05,1.44096772338286e-05,5.57806064963889e-05,0.00124137486056143,-0.27705470175506,-0.0193109073689415,2.28840728867788e-07,-8.52219019610547e-06,1.17091229927639e-05,-1.10575830225102e-05,1.26780346545523e-05,-5.85191109578873e-05,0.0192425014136917,5.14916268317878e-06,-1.47139068012411e-06,-3.86635893126602e-06,1.38459118045881e-06,-1.93076802895918e-05,-2.31524987247961e-07,-2.45135877753302e-09,7.83439291318582e-08,2.64501360238876e-06,-5.14733613507236e-08,6.71910488410345e-07,-8.96033566416279e-07,-1.92836515107295e-07,1.15502269135732e-07,4.18520142611096e-07,-3.37055013162666e-09,-2.67490135074532e-06,9.76751192384416e-07,-2.81998176164197e-06,-1.84168568472558e-07,-7.20634875119223e-06,1.43157728621698e-06,9.2070180681063e-08,3.80016579520202e-07,-1.89877040552744e-08,-9.35430925515499e-07,1.48351121134605e-07,9.77124439774035e-09,-2.45221898171023e-08,-4.95280086469814e-06,-1.13725817235386e-07,-3.18478816543347e-06,9.16979147802124e-07,-2.74180007526017e-07,-2.39531670273784e-08,3.60041883571777e-07,-2.19543656565217e-05,-1.03118252715868e-07,-3.41728442854312e-08,-1.66026230160938e-05,3.230437008087e-07,-1.78520124508251e-07,-2.35413902556315e-05,2.77730615433307e-06,-1.00698743593474e-05,1.84711054082218e-06,3.23780836527371e-08,1.62154058133439e-06,2.57853140244944e-06,-0.000110883471513131,-0.0033675924810768,3.09189889368935e-07,9.65998920123617e-08,1.87024968062555e-06,4.25998367190976e-08,1.69454742094053e-07,-1.23951160324545e-06,-8.02269832904052e-07,-3.1879492439799e-05,1.53855609359936e-05,3.12060447819989e-05,-7.52664613050274e-07,-2.38543905201455e-08,-9.08734267711844e-08,-1.60675197322041e-07,-3.26093688614497e-06,7.86928534502153e-07,3.54274024255447e-06,-4.03491952211101e-05,-9.24779850268686e-08,1.73455215638957e-07,6.93441491690764e-07,8.95687943562758e-09,1.2031720614086e-07,-1.73381094809417e-07,-3.21182082162436e-07,-2.14414711775167e-06,1.94575258500193e-07,8.93249229946167e-08,8.95814966893186e-08,1.58275813841016e-05,-2.84438906249433e-09,-1.56245456802573e-05,-3.55487142896527e-06,-0.00321199118336774,-3.47671918185266e-07,-3.69863814930586e-06,-9.1883527621707e-07,-6.25995736132659e-08,-6.94446913736131e-06,1.60457444762351e-05,-4.41711482874724e-05,-7.21886915271994e-07,-6.07294593580333e-07,-5.33868695253632e-07,1.03934042668905e-06,6.92725747289946e-08,-1.3042820907327e-07,-6.7333011021567e-07,-3.75423541561832e-06,0.000260258617593293,5.16341530649114e-07,2.64775270401384e-06,-8.25645897323981e-07,-4.29931893987035e-07,-4.5552365540065e-06,-3.47159957486325e-07,-6.06858242739119e-07,-7.50652165275439e-07,0.00165261550369917,-4.99133694362945e-08,5.80237638806082e-08,1.10369288914966e-07,-8.55142881821648e-09,-1.95797671924513e-07,-8.17966707903098e-07,-6.03000743861622e-17,-1.29701571264359e-07,1.27411761388328e-05,-3.09735921875308e-07,-0.00103319897917949,-5.86468221735573e-07,9.27879170633106e-07,-1.36812997492649e-07,6.50554648083848e-06,-1.14099765430727e-08,7.61230438663466e-10,-1.22178947314703e-06,1.79281754203378e-06,-5.63891193703236e-08,7.72253737277101e-06,-3.6009644669784e-07,1.76571833225654e-07,-1.14526291277112e-08,4.16286070306696e-07,-3.84715293409194e-07,7.82261937332331e-06,1.89932505641586e-07,-3.64658020533475e-08,7.90004119371293e-07,-1.52633642380684e-07,1.67024141067624e-05,-8.29113058397237e-06,8.23722107464915e-08,-2.80212652337e-08,3.26256849956463e-08,2.30711807337852e-06,-5.26639137788699e-06,3.44315344471136e-08,1.37402935707312e-08,-2.96434527100262e-08,2.56528242028027e-06,-3.8165066981431e-06,6.57115822491348e-07,-8.92816947463502e-06,8.94329178288845e-06,-4.98496829402246e-07,1.13870457193055e-06,-4.14906644290334e-07,2.25001446132992e-07,6.0776675663364e-17,-5.51631541881641e-07,-1.88880733007316e-08,-1.7537785887978e-10,-1.51340295294201e-06,2.67692746808646e-08,-1.65529875554992e-08,-5.02237782028074e-07,5.63599322688216e-08,-3.45599150906825e-07,9.05119269927719e-07,3.30621199725672e-08,-2.92902889566909e-08,3.78142868599934e-07,-4.57503817067182e-07,1.01964720907912e-05,-2.18438143714554e-07,3.26262306597444e-06,1.25587960678413e-08,6.75834909296362e-08,5.15950560113981e-07,-4.24703120255506e-06,1.00090953438239e-07,-3.81879665737863e-07,5.11436243990536e-07,-1.85313100977493e-06,1.15462148386794e-07,1.04222037724146e-07,7.9341832322891e-07,-1.33342458310492e-06,-1.06752965551817e-07,8.66470729444202e-07,-5.64835325316565e-07,1.39374053985181e-08,1.29306135374133e-07,-2.49621394585148e-07,-8.70258574975385e-17,7.31640636068514e-10,3.07664229305947e-06,-3.60149605068165e-07,2.04433116659102e-07,1.82775155707052e-07,5.33703804841764e-08,1.23706764489908e-07,-1.80776621237726e-06,6.70078490808186e-07,1.55639205674072e-17,-5.10240649731227e-07,-6.2152135850465e-09,-1.73469939939955e-08,5.76938761010506e-07,1.29846998266382e-07,-8.74413458700142e-09,-3.33418541254768e-07,8.87093279225412e-08,-2.92649918259637e-06,5.52171524077258e-07,-1.11958336102463e-07,-2.02260011347546e-07,-1.06880858443895e-08,-1.3665321000971e-08,-2.01085536342034e-07,8.42177758620368e-07,-2.17837951574205e-07,2.71565850417528e-16,-5.75110155914247e-06,4.51627637151723e-07,1.00283267040288e-08,1.14385260683501e-07,-4.1414805315768e-07,-8.76878344128114e-07,3.12691897386748e-06,-1.13928078667214e-05,-8.03252504556479e-08,2.57043071078607e-16,-1.52101866075107e-07,-4.27310721409966e-07,-2.1650170226544e-07,3.69556493866684e-17,8.14534422291829e-07,0.00149017716558638,-0.000833659256225225,2.89249415005535e-08,-4.05692094443407e-08,-2.81955232790347e-08,-1.11253603885176e-06,3.54830313217917e-08,3.80490452563275e-07,1.15675144277862e-07,8.43627629730077e-08,1.10451351940618e-06,-1.83075410935073e-17,-4.51951183492914e-07,1.64058566929921e-07,1.06683893903339e-06,-1.08034532834273e-07,1.43787711044063e-16,-1.05252826228775e-07,1.76199013265346e-07,-4.70446699543674e-08,-4.18054971224693e-08,-1.05700334094745e-07,1.01047362217884e-06,-1.47861185882096e-06,2.03779068950639e-07,-1.51209101798936e-16,7.35937690212891e-07,-1.27101661348729e-06,2.72340184446553e-06,9.06649015723506e-07,-9.21245470571715e-08,-6.18139603839203e-10,1.61329283265843e-16,-2.18845782919479e-16,-5.95258948468943e-10,-6.85167828227645e-07,9.03080778692864e-08,-1.00721777311036e-07,8.72882968030963e-16,-4.77181395835148e-08,-5.63237492037202e-10,2.82664892684876e-16,-1.60181311095483e-16,2.78942690361132e-16,1.1947140885287e-07,3.5248273670647e-07,-5.10780899835523e-07,3.02853391564618e-07,1.51072888001962e-07,3.13812708162411e-07,-9.49784429140198e-07,-5.96308793666022e-17,-2.36115351269483e-07,0.00281257534622178,3.13462902310372e-16,-1.91928694322912e-16,-3.24491363642369e-07,-2.53304545081227e-11,-2.52330400036419e-07,1.52489374895658e-07,2.49793794211896e-07,-1.0369664944811e-08,4.54161872387675e-18,-3.48722545941733e-08,1.92699437880369e-16,-1.18806467283524e-07,2.97613496347271e-17,-2.79773363123447e-07,1.72051103286249e-18,1.69644547712844e-07,3.97003824009571e-05,1.38650513917428e-08,1.82066696520778e-07,6.26959057046291e-07,-9.30495194607903e-08,4.54675913502471e-07,2.25770532352016e-08,1.09822801098992e-07,1.01074918078104e-08,2.04578381401095e-07,-4.43048081558562e-07,-1.08965442533661e-07,-8.82319422736032e-09,-2.72806580178039e-07,2.70152076569072e-16,1.96489882140049e-06,-3.37609666911573e-07,3.29624085906466e-08,-1.21656843216504e-16,4.35002513086195e-09,1.17348776626144e-07,4.18962912694246e-07,-8.42055159180962e-17,-7.0466070668303e-07,-5.36938868463449e-08,-1.63708671272471e-16,-7.08191109833989e-08,1.40360683811908e-06,-5.54586914275547e-17,-1.66797147007428e-16,-3.956002633988e-08,-3.058729601451e-08,-1.73977635279019e-10,-2.40886889723386e-07,6.36511381612486e-08,1.29828820839332e-07,1.80167076842959e-08,2.18741119201251e-07,-3.6863189219818e-07,-1.12041452504652e-15,5.25729413895532e-09,5.21750287359415e-10,1.43773014179257e-09,1.34303327265269e-07,-2.87498880244922e-16,-3.50646250344624e-16,4.4063741232019e-08,1.02841353892434e-16,3.77812631224869e-16,2.72216228305882e-07,-3.02922147803169e-07,-3.9206403438791e-07,-3.24186086764657e-09,9.82538357000249e-06,2.15577837910672e-07,9.66817972161805e-09,-1.23335233068333e-15,2.3137488028675e-08,1.07690764153894e-09,4.93561401399683e-09,-3.43523175103538e-07,1.33644883892636e-06,9.04923970377145e-16,-2.78195888336513e-16,1.28929913410031e-15,-1.64228671545505e-08,-5.41345000765267e-08,-4.53335882944992e-08,-1.84064559586111e-16,-4.09752410996251e-08,1.9490642103995e-16,-4.11762224379633e-16,9.04222225905868e-07,-1.98342256154714e-08,-3.93218443917043e-15,-4.78108489255183e-08,-1.69188384633999e-07,1.13896040284292e-16,7.07751798009873e-08,7.91108430050411e-16,1.81294051624252e-08,5.13231366152921e-16,1.80132902331187e-08,1.55421409352958e-07,3.89222201919379e-08,5.24668257361691e-09,3.55813568508449e-08,-1.51626909491e-07,4.239445690402e-08,-1.02708074140049e-16,1.44743577019019e-05,-8.33851862091385e-08,-5.50385025328537e-17,-1.41366082240445e-08,-2.99034645613156e-08,5.75908622134805e-08,8.12395916503076e-16,1.27055151765081e-08,9.85658080794943e-08,-2.22719753263025e-15,-2.59849057023325e-08,-4.61573176199002e-09,9.3886967818424e-11,3.0226272772618e-15,-6.59112328421727e-16,-1.74327172257512e-08,-9.22648999752524e-09,-8.28810520782211e-10,0.548251239682731,8.98808428993755e-08,-1.1256198016732e-15,-1.30564633504295e-14,2.05135089932856e-07,1.35355053810198e-09,1.34045359118576e-14,3.12470182029628e-07,-9.02082528905452e-15,8.75059760084448e-07,-3.72680249541303e-08,-2.14970785214411e-08,-1.35904837798206e-07,-3.96533468036417e-15,-3.04231759484159e-16,-3.79094478582455e-15,-3.69266009603466e-16,-5.67777766387576e-08,-2.50890117966247e-07,-7.77702256007466e-16,-4.27573386173828e-16,-6.79985889645056e-16,2.58483343164098e-07,2.9462456644974e-09,-1.19121882928899e-07,-8.57967371299487e-17,-3.18459993618736e-15,-8.27408887932313e-16,-6.5120004506672e-07,1.3772290153259e-07,8.14912686063973e-16,3.01769399378065e-08,-6.01890089927531e-07,2.58391826255046e-16,-2.65285092475105e-16,-5.8423373229797e-08,-5.97359415307887e-10,-2.84724177182301e-08,1.90548515227743e-15,3.13461552894207e-08,4.51504441423253e-08,4.77591785765501e-08,-4.27700388015926e-08,-1.51668904482715e-07,1.65949110848376e-08,-2.27656109231245e-16,8.18967622382663e-16,1.34771152784729e-15,3.03414089915063e-07,-2.12063355169831e-07,-1.14970341310375e-08,-8.87133733622567e-09,-7.75590035308183e-16,-2.13363727604636e-16,7.71774628352908e-17,5.65165513637333e-16,7.83002188877503e-16,2.87971291947629e-07,-6.10648240004064e-17,-6.76567825553272e-16,-6.69454414515055e-09,-3.37943933116853e-16,-5.99084120616712e-09,-1.5498732178343e-16,-7.42331333875783e-09,-9.13892591598239e-17,-8.90260248825495e-09,-1.11175002801875e-09,-9.05527180233958e-07,2.83703994969624e-16,3.54296436618444e-08,-2.76596291201917e-16,4.98783541862843e-08,-6.01276208808595e-07,4.8064404509648e-10,-1.09219749514636e-16,6.98784270484474e-08,-8.06064376810288e-17,-1.70853111273396e-08,-9.64121551451825e-08,3.50069062847904e-16,2.05440469162912e-16,1.93703609596404e-16,1.32368551899313e-16,-3.22345074414119e-10,-4.19323989408696e-09,-9.35224473219513e-10,7.62997279760096e-17,-1.55435047931833e-16,-6.80174051788587e-08,7.18015479668575e-07,6.39056135237666e-16,-2.0952786995539e-16,-4.21212046277350e-09,-7.47399860937825e-17,-2.98133989669871e-08,3.46751911227774e-16,2.80514064631727e-07,7.92765678343285e-17,8.4477254810985e-16,-7.59715085131864e-17,-2.52213864176499e-16,3.19603510665145e-17,1.53220810801956e-16,4.79259332914853e-08,-3.35146963829705e-07,2.17376810734417e-16,-2.48030317215608e-08,9.42691466892838e-08,3.25849115711737e-17,-1.51732357767051e-16,-1.20042294679926e-16,-1.27168105769343e-16,9.26169917720577e-09,1.4800262363104e-09,-1.66833727685437e-16,2.3105659130232e-17,-1.67926017731809e-08,-5.98960835864996e-08,-6.26620315445944e-09,4.33641832536346e-17,-4.74887212563152e-17,5.36697319897001e-18,-4.73029067135842e-16,7.0728578018227e-17,-4.75701415168191e-16,3.51757667377566e-08,-3.32538815025944e-08,-6.39114533868301e-09,4.18109149820753e-17,2.30702998581294e-16,-2.22865576542734e-18,-5.70683705687009e-17,2.97998343508439e-16,1.84741826969891e-16,3.18439886583732e-16,-6.45569589774218e-17,9.64570051623475e-17,-7.10715748063883e-17,5.47477444370045e-17,-2.0342834414739e-16,-1.06868780848694e-17,-1.09497856585403e-16,3.11198522964601e-08,-1.74781114778439e-17,8.0815403509997e-16,-1.70880439377891e-17,3.39993706110589e-07,-5.92461203442427e-10,1.13512782024511e-16,-1.13536961928322e-08,3.10239482540922e-07,6.36920919822704e-17,-6.50519283260707e-16,-8.64598798847317e-08,-1.493735917205e-16,7.61536046888714e-09,3.42117199510729e-17,3.40603167190071e-16,1.94690546234496e-17,1.49440086248965e-16,1.07603297424838e-09,-1.47739500937861e-07,1.50097692648034e-16,2.73923670231794e-16,-9.39317116605018e-17,-7.99720835684313e-17,-2.02420545603044e-16,-1.2251293124102e-16,-2.6099284413582e-17,-1.61666787642025e-16,1.57910030946654e-08,-9.39079436958601e-17,-9.43654023393412e-17,-1.04979756064065e-16,-3.79029271479e-16,-5.08378127851959e-17,1.08333346645757e-16,-3.48203875339571e-08,8.17591252694014e-18,-1.54707527829264e-17,2.59573974186273e-08,-1.09166924921786e-16,4.84326487821157e-16,4.60751251596067e-16,4.23287031454427e-16,1.49320852559824e-07,-2.88868428284246e-17,-1.5963654953053e-08,-1.02681561150927e-16,-1.70305558187603e-16,-1.54358371495199e-16,-5.53835880694013e-16,9.76263013434289e-17,-4.93123577401546e-17,5.77022777115598e-10,-6.83612803520548e-16,2.47626282904293e-16,2.90994824653336e-08,-7.20750917314073e-08,-1.2000085564795e-16,5.05285757873002e-08,7.40279818618691e-09,1.83431788190831e-16,-2.03031601415545e-16,2.88503445941665e-17,-1.37475088480737e-16,-1.75378207617929e-16,-1.2578634255101e-08,4.71540377659019e-16,3.97827438722019e-16,7.3828072557751e-17,5.07534335382558e-09,1.39179496941715e-16,-5.58894029240547e-16,-1.10593530797431e-16,1.78082770352877e-16,-2.36005922372829e-09,-4.75372737867222e-16,4.95711045470391e-09,1.14360924314324e-17,3.43906946621725e-16,5.08741434881728e-16,2.88385860385647e-18,1.14976764999769e-16,6.5838941414536e-17,2.47956965615749e-16,-0.0197192675408197,2.08691741891888e-15,5.18202844945968e-16,2.26912539296005e-08,5.50925592649098e-16,-6.95309778816833e-17,1.95112868502184e-16,4.74454460771149e-17,-1.32642449146253e-16,-4.3099364258123e-17,-3.23367650299131e-08,-1.76176843140449e-17,5.86915916788051e-17,6.78191940499896e-08,1.07056830139272e-16,7.46311800554683e-17,-9.52537791353766e-17,2.19340130311588e-16,2.80536891879813e-16,-6.10572276964978e-16,2.51466011835247e-17,6.57177839723851e-17,-5.32183220648373e-16,-3.09904626796302e-17,1.5333352827651e-16,-3.66404715657601e-08,6.40863404871296e-05,2.56434396871763e-16,3.57613881577173e-16,-8.09960575879221e-17,-1.39361185949573e-16,-2.91433543964104e-16,1.79838845123147e-17,-1.04200623879746e-16,1.19422194318335e-16,-1.53127573663676e-09,-1.31644857427913e-18,8.12227443516152e-18,-4.9733861255356e-17,-2.21661314109493e-17,1.96624894815889e-09,4.71248028175493e-16,-2.78821002704928e-09,-1.28572620854632e-16,-6.63785830237331e-17,5.45083602484593e-16,-3.8261315232848e-17,-1.72268006025427e-17,4.69489407248637e-16,1.21416958329398e-16,3.88364200818283e-16,-1.27410488232607e-16,-3.41587699563336e-17,-4.56234981647197e-16,7.81280479562091e-16,-1.03107867619988e-16,1.61486980460972e-17,-3.78180461313128e-17,2.42971445150198e-16,1.1966015352828e-16,-7.03047101672532e-17,1.22835850009541e-16,-2.40620259736413e-17,4.57858577440629e-16,5.5728357162714e-17,3.28280743734599e-16,-5.50018579985975e-17,1.36442346319796e-16,1.48979057154036e-10,-2.46692446006686e-16,8.30014731251097e-16,1.06774117886025e-17,3.52648734670705e-16,-1.54371158115413e-16,1.03126988908923e-16,-4.66956736738089e-17,-2.52506646236195e-17,-1.05917532182311e-17,-2.02071087679072e-17,4.23814629224584e-16,2.74838300385338e-17,1.701246931545e-17,-4.17600517723101e-17,-3.31970865067241e-16,4.24738818430396e-16,-3.46208749649684e-17,-1.91753900025432e-09,-4.94552352072617e-17,2.50078166241745e-16,-8.93002758483028e-17,-4.41153382175334e-17,5.15589623924968e-16,-4.25429537274963e-16,-7.93881371853599e-17,6.85080727598434e-17,-7.1612986173101e-17,4.06124915392469e-10,-3.21689060546722e-16,-4.74280530179945e-17,1.93425315744412e-16,1.50040335915085e-16,-1.28797742889535e-16,-6.60146476157026e-16,-8.16744907963967e-17,-5.74180933896767e-16,6.77452376153773e-17,1.81393386334608e-17,6.80337477981807e-17,3.16406489347565e-16,1.32760360200117e-16,2.04774246296834e-09,-3.41587789508666e-17,1.47164692714826e-16,-2.03182113456075e-16,-7.67615138119737e-17,-6.16171665678083e-09,-7.70157244011759e-17,-1.64014671517666e-16,-5.41700142316311e-16,6.68083724016281e-16,6.27334613166977e-16,-4.7821034087186e-17,-1.43660654551928e-15,-1.57898567186008e-16,2.93062579716411e-16,6.42338158911187e-16,-3.6956384124307e-16,1.21887522108721e-16,-3.37998383210326e-16,2.26234664196298e-15,-0.707106781186547,-4.30275489894766e-16,-3.64631219207885e-16
"t795",-0.0313915773567835,0.00712376382667573,-0.00861965468048644,-0.0184208036356943,-0.0171191380219613,0.0233055011288012,-0.177742614635318,-0.0369279363637146,0.000558876480133373,-0.00127230872417637,-0.000410251741479567,0.0115967273864683,-0.0161501931776225,0.00209506226205411,-0.000329709104872896,-0.00581077241122959,-0.000312841510316463,0.00138750006463067,-0.000161301624411342,0.000158740425660376,-0.00482415479677032,0.00122679734462564,-0.000792384797353338,0.00527855226471196,-0.000839549071334177,0.00084175980528378,-0.00130494183169744,0.00149380019610047,-0.0570257493823693,-0.00245240570503275,7.60054824223594e-07,2.83249422206134e-06,-0.00221595721512456,7.09554529127622e-06,-4.77567182243515e-06,-9.3598710817552e-06,-0.000383715487558612,2.83036282093052e-06,2.33662991509207e-05,6.63704700962821e-06,0.000367186285484154,-4.84547171604488e-05,0.000383835221211912,-4.4331363208335e-05,0.00248240255839529,-0.000131558968038047,0.000476818955990848,-0.207136958789513,-0.000245453812626193,0.000204621238723947,-0.000703349815947157,5.04423858438203e-05,-6.82775308992848e-08,0.000157175182863943,-3.69256428929818e-06,3.577336947411e-05,-7.43322909274527e-08,-1.24600639795409e-05,4.95315746277814e-06,-4.00906264831024e-05,-0.196194685731112,-8.36032067980468e-06,0.000140907478979657,-6.59616460877439e-05,2.14919363139222e-06,-2.58816024833632e-05,-9.59426454562642e-09,1.94991649198451e-06,-7.0327161753219e-06,3.80675470743718e-06,-5.59114923622142e-06,2.34723846948355e-05,-8.42564715548685e-07,-4.24766038515403e-05,1.79453245009162e-05,2.88984400099352e-08,-0.000200348378992036,2.91205565275003e-06,-1.18003547891508e-05,-1.44780665445592e-05,4.6131026451715e-06,7.04900056155779e-05,-1.04881424410279e-05,-7.09679376443572e-05,7.86681591606185e-06,0.0021252546772652,-0.0230319711660555,2.88515018477855e-05,7.30349678027056e-06,-0.00155861047210849,9.74237258842478e-06,-1.71182680981652e-08,1.82545392078365e-07,-0.000100619747370331,-1.23687667407905e-07,-5.62537502354207e-05,-4.41470394990258e-06,3.6309158080856e-05,-4.35756018251988e-05,-1.38197834858166e-05,-3.43300195884242e-06,1.68210178990027e-06,-4.81437681177784e-06,4.34491417378363e-06,-2.15293526799096e-06,2.71785783600429e-05,-0.000165781024740362,4.78368375912115e-05,-3.30691633168071e-05,1.45474031607965e-05,5.63146787570509e-05,0.00125338315031228,-0.279738027747631,-0.0195029593741174,2.31129310531299e-07,-8.60845513305241e-06,1.18282864643888e-05,-1.11717746115144e-05,1.28107911607928e-05,-5.91382671433663e-05,0.0194472869082192,5.20506360453216e-06,-1.48756827072001e-06,-3.90888912801043e-06,1.39984935434114e-06,-1.95231990664734e-05,-2.34112088052379e-07,-2.47905111232293e-09,7.92564249332887e-08,2.67583124699079e-06,-5.20745572286981e-08,6.79916452234552e-07,-9.06751382513425e-07,-1.95149559671223e-07,1.16903531982987e-07,4.23605550560738e-07,-3.41248290510719e-09,-2.70880504752944e-06,9.89443360467949e-07,-2.85665084128082e-06,-1.86573453241077e-07,-7.300650915467e-06,1.45037519655588e-06,9.32807262887725e-08,3.85013153312919e-07,-1.92396966594543e-08,-9.48074922429511e-07,1.50393415327976e-07,9.9063707993714e-09,-2.48646795095109e-08,-5.02202848597165e-06,-1.15321386705039e-07,-3.22956904907643e-06,9.29904916027813e-07,-2.78133427842499e-07,-2.42997878754109e-08,3.65265166002896e-07,-2.22911741640575e-05,-1.04721199677282e-07,-3.47051204577484e-08,-1.68640931217795e-05,3.28142677058981e-07,-1.81377562653164e-07,-2.39188358029685e-05,2.82243853029901e-06,-1.02356296734679e-05,1.87864254350702e-06,3.29315084247086e-08,1.64926587399369e-06,2.62283491722922e-06,-0.000112799491585301,-0.00342583058822779,3.14596906185947e-07,9.82950895504201e-08,1.90331655403576e-06,4.33544025216566e-08,1.72459088772489e-07,-1.26186847729403e-06,-8.16995688436162e-07,-3.24663995128105e-05,1.56696181168344e-05,3.1787028291124e-05,-7.66722486272467e-07,-2.43013276615133e-08,-9.2581064777417e-08,-1.63724374774262e-07,-3.32297108917126e-06,8.02213083323546e-07,3.61159800708635e-06,-4.11388463800689e-05,-9.43220625479506e-08,1.76967560335305e-07,7.0755724179504e-07,9.14063284909703e-09,1.22799869102618e-07,-1.77020235113595e-07,-3.27948223023271e-07,-2.18966691770884e-06,1.98721987160662e-07,9.12851474026336e-08,9.15500282046632e-08,1.61796500316463e-05,-2.9084142601774e-09,-1.59862282590433e-05,-3.63717135960181e-06,-0.00328654288659504,-3.55804456220406e-07,-3.78561989507111e-06,-9.40751200879229e-07,-6.4118694903727e-08,-7.11531964001766e-06,1.6442171068827e-05,-4.52831476082596e-05,-7.40248736197525e-07,-6.22745844837584e-07,-5.47560575309856e-07,1.06653486159763e-06,7.10920161074916e-08,-1.33923585659756e-07,-6.91624702160848e-07,-3.85672212422737e-06,0.000267501811151685,5.30777261281791e-07,2.72214661867738e-06,-8.49195718180982e-07,-4.42231871871999e-07,-4.68565425659811e-06,-3.57261785214762e-07,-6.24690025317913e-07,-7.72948101659918e-07,0.0017019408809245,-5.1410621273583e-08,5.97724773918857e-08,1.13699993047656e-07,-8.81265456221136e-09,-2.01824089936988e-07,-8.43348235556721e-07,3.13584034059109e-16,-1.33773113573567e-07,1.31420653918905e-05,-3.19637068171608e-07,-0.00106662841390041,-6.05632168094253e-07,9.58217299826717e-07,-1.41368365132936e-07,6.72281581804337e-06,-1.17915734783477e-08,7.8685916320116e-10,-1.26310929334612e-06,1.85394583802258e-06,-5.83187191245227e-08,7.98719039156775e-06,-3.72537402969351e-07,1.82879966304931e-07,-1.18665980478353e-08,4.31479667787346e-07,-3.99052851795367e-07,8.11458330218625e-06,1.97124399880321e-07,-3.78577393834844e-08,8.20505201517586e-07,-1.58548130083088e-07,1.7352093851287e-05,-8.61533674651148e-06,8.56183269929815e-08,-2.91265018276878e-08,3.39379937599861e-08,2.39995918348173e-06,-5.47842340395528e-06,3.58251349717933e-08,1.42975177737337e-08,-3.08531284109276e-08,2.67008641771603e-06,-3.978327463286e-06,6.8509075901009e-07,-9.30948259209484e-06,9.32806522152814e-06,-5.20069970025192e-07,1.18863664910999e-06,-4.33169781333666e-07,2.34935325298401e-07,1.39952495566717e-17,-5.76239100283358e-07,-1.97317895966432e-08,-1.83246904257924e-10,-1.58201523529455e-06,2.79937552025922e-08,-1.73133534893564e-08,-5.25356311207352e-07,5.90244258099954e-08,-3.61965823102652e-07,9.48003167010133e-07,3.46408311345902e-08,-3.07200073057496e-08,3.96670897006623e-07,-4.79979426924085e-07,1.07017515662083e-05,-2.29624256305065e-07,3.43200237782238e-06,1.3211306227985e-08,7.10957204206486e-08,5.43680820114904e-07,-4.48425480633519e-06,1.05709079948402e-07,-4.03468456814799e-07,5.4060084633778e-07,-1.95908682355746e-06,1.22211683965248e-07,1.10324657818786e-07,8.40018059334521e-07,-1.41190385629234e-06,-1.13079104679064e-07,9.18207118639036e-07,-5.98797683528714e-07,1.47779894392125e-08,1.37145157209508e-07,-2.64921686789633e-07,3.90002790043833e-18,7.79565506603613e-10,3.27950533793604e-06,-3.8413092558762e-07,2.1804967721853e-07,1.9495288770754e-07,5.69348349289058e-08,1.32006272046816e-07,-1.92970353316813e-06,7.15771857548597e-07,1.14619081807829e-16,-5.45911688534519e-07,-6.65106242520884e-09,-1.85715270391014e-08,6.17697196797382e-07,1.39170739222845e-07,-9.37766304079449e-09,-3.57882409789632e-07,9.5274869004444e-08,-3.1471827780541e-06,5.94529733055422e-07,-1.20641122529591e-07,-2.18042609768051e-07,-1.15252746451182e-08,-1.47429847274566e-08,-2.16955216643005e-07,9.08961819670185e-07,-2.35176716683449e-07,-4.01927800178718e-17,-6.22171953431126e-06,4.88797281814448e-07,1.08537199032262e-08,1.23954322973907e-07,-4.48879398322115e-07,-9.52652144156951e-07,3.3994369661071e-06,-1.23873866416121e-05,-8.73823005266445e-08,-2.10896365209078e-16,-1.65562219520272e-07,-4.65228118735821e-07,-2.35907735480543e-07,1.85319125986636e-16,8.88345600895281e-07,0.00162556113100276,-0.000909498958869936,3.15635565354267e-08,-4.42871621531931e-08,-3.07884612634085e-08,-1.21512553129984e-06,3.87813654722991e-08,4.15892710664271e-07,1.26497527420652e-07,9.23325383716308e-08,1.20890890931844e-06,2.91495261788636e-17,-4.9548703112887e-07,1.79914316966477e-07,1.17069728434427e-06,-1.18668326037037e-07,3.98271240738535e-18,-1.15861367644413e-07,1.94436728422108e-07,-5.19725805161432e-08,-4.62090278390336e-08,-1.16908594861507e-07,1.1189544576979e-06,-1.64056150241785e-06,2.27228693923051e-07,1.18613862298592e-16,8.24387346713737e-07,-1.42435434989419e-06,3.05456202500956e-06,1.01810924277366e-06,-1.03459531243334e-07,-6.94430621688821e-10,-1.6306400674182e-16,2.73830959917317e-16,-6.70045350270549e-10,-7.72593932169626e-07,1.01853452137893e-07,-1.13778492885251e-07,-2.29748574379231e-16,-5.40949031541018e-08,-6.39529194300462e-10,1.54770576988034e-17,1.77579193740396e-16,-2.74919445889564e-16,1.36354638327196e-07,4.02564529007683e-07,-5.8472416551332e-07,3.47397802293106e-07,1.73334466037161e-07,3.60846400886375e-07,-1.09241560524556e-06,-6.26744398106772e-17,-2.72817413709935e-07,0.00325512792574551,-5.07303345898078e-16,2.87903527707704e-17,-3.78060357098298e-07,-2.95609375590163e-11,-2.95138290708501e-07,1.78632505627739e-07,2.93492838909632e-07,-1.21896823432599e-08,-1.57909094388021e-16,-4.10202628220554e-08,-2.54760621390174e-16,-1.40024347168221e-07,6.94973592563208e-17,-3.30217356088583e-07,-1.01794741113392e-17,2.00606177905108e-07,4.69639197181815e-05,1.64862095279361e-08,2.16728292656995e-07,7.4666938979182e-07,-1.11045037610666e-07,5.43594865882572e-07,2.71088402601306e-08,1.31872137288622e-07,1.21531951028267e-08,2.46601378264902e-07,-5.3588816163622e-07,-1.32187676590094e-07,-1.07288480053818e-08,-3.32118234935478e-07,-4.84300493086051e-17,2.40096532630154e-06,-4.14045229627141e-07,4.08669149155909e-08,4.8556767702606e-16,5.41100394056177e-09,1.4671953317359e-07,5.24997354293373e-07,9.39787352654043e-17,-8.84031018998417e-07,-6.76796613428407e-08,7.32012036442073e-17,-8.94776287131955e-08,1.80037705175462e-06,-1.04262270871221e-16,5.23126515908759e-17,-5.10646602958817e-08,-3.95054384256196e-08,-2.25319677884033e-10,-3.13002809566912e-07,8.33450171959873e-08,1.70114221229237e-07,2.36301224055221e-08,2.90049985644422e-07,-4.93466616392956e-07,2.13327619458248e-15,7.06395146069581e-09,7.01503053327053e-10,1.9375090976286e-09,1.81498029760608e-07,8.80001063626811e-18,2.11053899518973e-16,5.97818469386295e-08,-2.20218075119368e-17,-3.27031171810033e-16,3.79377420814458e-07,-4.24319619665221e-07,-5.49244906438694e-07,-4.59457819201808e-09,1.39478771824382e-05,3.06136287469273e-07,1.37608293953533e-08,1.0325860993097e-15,3.38006816283336e-08,1.58273371725845e-09,7.26865468984223e-09,-5.11214404192159e-07,2.03010690447156e-06,-3.49719239715677e-16,2.49782954001929e-16,-2.15171006622194e-16,-2.57975463374419e-08,-8.64261625486293e-08,-7.2468243416496e-08,1.50576438806942e-16,-6.66169932892176e-08,2.25072042586828e-16,2.20752678619985e-16,1.61129655589497e-06,-3.53926794086388e-08,2.42037292985664e-15,-8.77683533152343e-08,-3.16188879424348e-07,-9.78388986228663e-16,1.37698291894475e-07,-4.69278464346449e-16,3.73160677132027e-08,-4.63950601729614e-16,3.72837555541783e-08,3.23098697545386e-07,8.13196574199075e-08,1.10398643044174e-08,7.61148392508583e-08,-3.47770005089572e-07,1.10097135110011e-07,2.27285261721906e-16,4.72009342348629e-05,-2.80711294344736e-07,-7.99671266904835e-17,-4.98068149979699e-08,-1.15733870722142e-07,2.46334286018743e-07,-8.88636069533415e-16,9.36849796012225e-08,8.72156240459181e-07,1.50899276200926e-15,-3.20766849428956e-07,-7.17488102081454e-08,-2.71558135779259e-08,-2.16087660573915e-15,4.23942515646403e-16,8.19226352213977e-08,2.77794189620897e-08,2.304529836593e-09,-0.379086460592754,-4.94483712757953e-08,9.77586214101409e-16,9.13676088569673e-15,-9.54712653016512e-08,-6.16286245803693e-10,-9.18939949663985e-15,-1.03970699943789e-07,6.04909967824543e-15,-2.03000402211439e-07,4.30898046584817e-09,2.32505410025463e-09,1.08356719380831e-08,1.80695865677074e-15,4.05180808478819e-16,2.73170209514035e-15,1.49026026978338e-16,-7.06830284434898e-09,-3.46268515707927e-08,3.99219043833458e-16,5.97957466614832e-16,3.63065690106862e-16,4.75089678603739e-08,5.9581597007091e-10,-2.96138842218025e-08,-2.45252181215274e-17,1.92657305039812e-15,7.97918588840707e-16,-2.43831242520054e-07,5.20695978700857e-08,-6.14755131670541e-16,1.2578065706047e-08,-2.59555662966163e-07,-1.66345134945938e-16,4.21677634724361e-17,-2.70416229865326e-08,-2.77926849043e-10,-1.37322406243618e-08,-1.83346699727448e-15,1.59478842075957e-08,2.35855421598999e-08,2.58045474847e-08,-2.40806916658599e-08,-8.62704461315166e-08,9.61345119003579e-09,-1.5110799651709e-16,-9.06531687632526e-16,-9.09644082499592e-16,1.9173890328409e-07,-1.34164641928953e-07,-7.34206010685515e-09,-5.91294507999335e-09,1.60005878054674e-16,2.24502960266066e-17,1.16044853712225e-16,-7.1935289467802e-16,7.41018619334331e-17,1.99429099349905e-07,5.5210288903183e-18,4.68810388285201e-16,-4.6992954303167e-09,1.62377113746903e-16,-4.20827255585979e-09,1.53702203232799e-16,-5.22064686465603e-09,-1.25725335838877e-16,-6.39807728058052e-09,-8.02895154339716e-10,-6.58737126929827e-07,-1.55343266896332e-16,2.5997887645589e-08,5.2488264889113e-18,3.72627893180139e-08,-4.58963306279997e-07,3.67210179926781e-10,7.09733067230359e-16,5.38239192399491e-08,3.85862348191645e-16,-1.33237545590825e-08,-7.52302046412678e-08,-3.86157078361141e-16,1.46474971598981e-16,1.06893130071018e-16,2.11313331366747e-17,-2.5398718416146e-10,-3.31230943220995e-09,-7.40886418880305e-10,-1.76362712889047e-16,1.64162677008449e-16,-5.46103056006472e-08,5.76820019325408e-07,-6.57526438308629e-16,6.69062416371993e-17,-3.43772912776168e-09,2.25341300392899e-16,-2.4411884397316e-08,-6.58239445879022e-16,2.31832125849131e-07,1.76309309493729e-17,-2.32303642881866e-16,3.2010815283718e-16,-2.88282308921075e-16,-3.01923138171312e-16,-2.07634322404407e-16,4.03329116040022e-08,-2.82114212970102e-07,-4.20371252355085e-16,-2.10068756657692e-08,8.00446001925479e-08,-8.47804143015196e-17,-3.42384460555436e-16,4.35091453689271e-17,-5.31131874312289e-16,7.94996587277254e-09,1.27360100658195e-09,2.49585736130132e-16,-1.06629171998844e-16,-1.44907922504373e-08,-5.17046805566145e-08,-5.41584812711335e-09,1.01529658699544e-16,-1.5400927367386e-16,-5.5877524607914e-17,-9.49784357226206e-18,8.50672275017085e-16,8.10867797079547e-18,3.10089533393627e-08,-2.93690256949443e-08,-5.65490076404714e-09,3.50008132723557e-16,2.65361395219352e-16,4.50519182094649e-16,-4.15267572953338e-16,-9.71627992477442e-17,1.0548044038842e-16,1.67710406444631e-16,3.74097880432794e-16,-1.13377463462479e-16,1.29765648632029e-16,1.84037084940227e-17,-9.65788255682567e-18,-3.14600908104585e-16,1.22862301563744e-16,2.84241872613016e-08,1.46950510617877e-16,-2.60420726734302e-15,-1.08587529577764e-16,3.11913832350366e-07,-5.44087895658184e-10,2.47132091907896e-16,-1.04333447503601e-08,2.86673793247079e-07,-3.0096693081299e-16,-2.32411163373516e-16,-8.04588621353015e-08,9.49625202481588e-17,7.15052532768203e-09,-2.14134925528541e-17,1.69834508218621e-16,-1.17865031069513e-16,6.86431665006143e-16,1.02556907891675e-09,-1.40959798861819e-07,-4.79627230890209e-16,-2.64417164700161e-16,-2.22613106333473e-16,1.32162165677322e-17,-1.01123536627723e-15,1.15663133023506e-16,2.83787166098278e-17,2.28623924077875e-16,1.6109622173351e-08,-9.72621199547341e-17,2.39498487675458e-16,-1.54676762012541e-16,-3.37531303674964e-17,1.77943287424401e-16,-1.49868765885417e-16,-3.62192100168156e-08,1.05386244374527e-16,-1.07369254547462e-15,2.71050073027576e-08,6.05041558371276e-16,1.13716662399025e-15,-4.91493883962006e-16,-1.47716145330709e-16,1.64768532052892e-07,2.07199389432048e-16,-1.7834626865086e-08,-1.7019060653577e-16,6.48511683977467e-16,1.7344768460255e-15,-2.23734181544919e-15,1.72805728847604e-16,-1.39446607080482e-15,6.6338022507344e-10,-6.79967984949379e-15,-2.55787847239141e-16,3.43293296997932e-08,-8.5148495845708e-08,6.56186936645255e-16,6.12591532218562e-08,9.0553033352787e-09,1.88158238099258e-15,-9.3080817675986e-16,5.37495347328924e-17,-1.20465390890052e-16,1.13916096133409e-15,-1.89997174030784e-08,4.81481390703381e-15,-1.52603629976628e-15,2.49717955954248e-15,8.48371568316433e-09,2.13174654203439e-15,-1.74250890201654e-15,7.38224111902875e-16,2.1626928874148e-15,-4.86993074021378e-09,-4.38509569256605e-15,1.12717667917558e-08,1.71163302145961e-15,5.45290369405832e-17,4.97343105163308e-15,1.49297306849726e-15,2.12256960100006e-16,2.40349529054713e-15,5.31998718828002e-15,-0.39393357643497,4.68299410155274e-14,1.84097285613135e-14,-1.85159499701432e-07,3.6205265543025e-15,-1.31827549439477e-15,-3.28173568675545e-15,9.1936508764652e-16,-4.48653173070009e-15,-2.06735472170224e-16,2.37480395392611e-08,3.78153328050616e-16,-4.60053127647943e-16,-2.04462206905062e-08,1.6420492348493e-15,1.24113249170836e-15,3.98601551571199e-15,-5.07130312301944e-16,2.46646023687873e-15,-7.38342284465781e-15,8.75121308599629e-16,-7.1895448330007e-16,9.85955333662034e-16,2.52066766116306e-16,3.09634646747108e-16,-1.04932693903248e-08,2.05076149008059e-05,9.34013955489595e-16,-5.58721934736295e-16,-8.53687777194439e-16,-7.20515236371238e-16,4.94320296501316e-15,1.55338128883106e-16,9.42312855808829e-16,4.10674740409818e-16,-6.86569629796568e-10,7.52496919790841e-16,-2.24282222261899e-16,-8.2228512156869e-16,7.53780765582329e-16,1.02143602628292e-09,4.59007925316963e-16,-1.60818237171991e-09,-7.68696030705268e-16,1.50198895976838e-15,2.61670091296981e-15,4.35228388055168e-15,-1.24961454241206e-15,-6.9103651829392e-17,-6.03989403042329e-16,2.75795934445216e-16,5.35003041415395e-15,5.16992907316912e-15,9.47841608674604e-16,-0.70710678118655,3.45304531682753e-13,-2.46252181086304e-13,4.10144901338184e-15,-2.99709312160667e-15,5.30199615059489e-15,2.8468014276136e-15,9.04958582742786e-16,2.80543859163781e-15,-4.64764945279361e-15,7.8722635480076e-16,4.67023393834374e-15,-9.48306643910727e-16,1.13459886232076e-15,1.03254599618052e-10,2.14249578354752e-15,-5.81892338085084e-15,-1.57655392601949e-15,3.3343685335082e-16,1.60677511154665e-15,3.14478896523737e-17,7.62854939433135e-16,-9.35284931380172e-17,2.42773751957616e-16,-5.20072207665585e-16,-1.67975442583179e-15,4.13216632086359e-16,-1.6488173693966e-16,1.60221226792745e-16,6.01694873733057e-16,-1.40065750976374e-16,-4.02387874610477e-16,-1.40933495503164e-09,-2.05734455911294e-16,-5.83918091239672e-16,-3.38379851522265e-16,-4.73262186341313e-17,-7.92766948643246e-16,3.75417463658657e-16,3.21691594651887e-16,-1.35790718329456e-16,-4.90312380962041e-17,3.1063325754082e-10,4.32109150518112e-16,-2.00958918084553e-16,-3.21584593285604e-17,1.53433130241307e-16,9.98607841688098e-18,5.66161151167218e-17,-2.04587636204612e-16,2.78879877130985e-16,1.68810068533766e-16,-4.87524909476212e-16,-7.17685322544845e-17,-3.93135528928362e-17,1.70852742812567e-16,1.61170085767185e-09,-1.75581475558325e-16,2.82342773278076e-18,-1.08696615093495e-16,-6.68519059554562e-16,-4.90222738750373e-09,-9.11095657650718e-18,1.83114824527863e-16,-9.13350419269823e-17,-9.05576118811696e-17,-2.01680691675203e-17,-1.27648401267896e-17,3.30181732349647e-16,9.20108891084172e-17,-8.20174055520773e-17,1.14825454509391e-16,-6.26333605341245e-17,4.01558470466236e-17,-5.99468660216092e-18,9.09346609719768e-17,1.34900508139274e-16,3.3043978735854e-16,-2.96449097704276e-16
"t796",-0.0313915773567835,0.00712376382667573,-0.00861965468048644,-0.0184208036356943,-0.0171191380219612,0.0233055011288012,-0.177742614635318,-0.0369279363637146,0.000558876480133377,-0.00127230872417637,-0.000410251741479566,0.0115967273864683,-0.0161501931776225,0.0020950622620541,-0.000329709104872896,-0.00581077241122959,-0.00031284151031647,0.00138750006463067,-0.000161301624411334,0.000158740425660369,-0.00482415479677031,0.00122679734462563,-0.000792384797353341,0.00527855226471195,-0.000839549071334186,0.000841759805283774,-0.00130494183169743,0.00149380019610047,-0.0570257493823693,-0.00245240570503274,7.60054824209533e-07,2.83249422206513e-06,-0.00221595721512454,7.09554529129358e-06,-4.77567182243426e-06,-9.35987108176039e-06,-0.000383715487558614,2.83036282094819e-06,2.33662991509016e-05,6.6370470096438e-06,0.000367186285484151,-4.84547171604355e-05,0.000383835221211937,-4.43313632083468e-05,0.00248240255839529,-0.000131558968038047,0.000476818955990853,-0.207136958789513,-0.0002454538126262,0.000204621238723919,-0.000703349815947164,5.0442385843824e-05,-6.82775309073861e-08,0.000157175182863927,-3.6925642892977e-06,3.57733694740975e-05,-7.43322909327581e-08,-1.24600639795559e-05,4.95315746278783e-06,-4.00906264831172e-05,-0.196194685731112,-8.36032067979754e-06,0.000140907478979661,-6.59616460877571e-05,2.14919363137983e-06,-2.58816024833636e-05,-9.59426456032106e-09,1.94991649198678e-06,-7.03271617531428e-06,3.80675470745897e-06,-5.59114923619902e-06,2.3472384694767e-05,-8.42564715561803e-07,-4.24766038515699e-05,1.79453245009149e-05,2.88984399965911e-08,-0.00020034837899203,2.91205565274475e-06,-1.18003547891645e-05,-1.44780665445042e-05,4.61310264518763e-06,7.04900056155685e-05,-1.04881424410139e-05,-7.09679376443829e-05,7.86681591607644e-06,0.00212525467726521,-0.0230319711660555,2.88515018478088e-05,7.30349678029128e-06,-0.00155861047210853,9.74237258841593e-06,-1.71182680582666e-08,1.82545392076417e-07,-0.000100619747370295,-1.23687667430243e-07,-5.62537502354462e-05,-4.41470394992359e-06,3.63091580808841e-05,-4.35756018251503e-05,-1.38197834858246e-05,-3.43300195892205e-06,1.68210178989996e-06,-4.81437681173709e-06,4.34491417370818e-06,-2.1529352679618e-06,2.71785783600224e-05,-0.000165781024740377,4.78368375912729e-05,-3.30691633168184e-05,1.45474031608023e-05,5.63146787569876e-05,0.0012533831503123,-0.27973802774763,-0.0195029593741174,2.31129310490996e-07,-8.60845513311237e-06,1.18282864643762e-05,-1.11717746114887e-05,1.28107911608541e-05,-5.91382671433505e-05,0.019447286908219,5.20506360445491e-06,-1.48756827071749e-06,-3.90888912798814e-06,1.39984935427416e-06,-1.9523199066516e-05,-2.34112087984725e-07,-2.47905108874928e-09,7.92564249134939e-08,2.67583124697402e-06,-5.20745572024358e-08,6.79916452273593e-07,-9.0675138253081e-07,-1.95149559666997e-07,1.16903531943235e-07,4.23605550506303e-07,-3.41248290061069e-09,-2.70880504751428e-06,9.89443360445796e-07,-2.85665084128463e-06,-1.86573453259228e-07,-7.30065091545163e-06,1.4503751965684e-06,9.32807262471311e-08,3.85013153374107e-07,-1.92396966509064e-08,-9.48074922398566e-07,1.50393415358488e-07,9.9063708068423e-09,-2.48646795156355e-08,-5.02202848596416e-06,-1.15321386703133e-07,-3.22956904902177e-06,9.2990491600413e-07,-2.78133427837546e-07,-2.42997879312275e-08,3.65265166006178e-07,-2.22911741640736e-05,-1.0472119967405e-07,-3.47051205023987e-08,-1.68640931218088e-05,3.28142677033616e-07,-1.81377562664257e-07,-2.39188358030157e-05,2.82243853038877e-06,-1.02356296734225e-05,1.87864254352491e-06,3.2931508410324e-08,1.64926587396829e-06,2.62283491716875e-06,-0.000112799491585257,-0.00342583058822771,3.1459690627375e-07,9.82950895749186e-08,1.90331655403089e-06,4.33544025078676e-08,1.72459088824458e-07,-1.26186847734584e-06,-8.16995688425911e-07,-3.24663995127958e-05,1.56696181168598e-05,3.17870282911297e-05,-7.66722486284795e-07,-2.43013276097479e-08,-9.25810647613148e-08,-1.63724374714512e-07,-3.32297108916897e-06,8.02213083346508e-07,3.6115980070735e-06,-4.11388463801121e-05,-9.43220625427853e-08,1.76967560372257e-07,7.07557241802443e-07,9.14063286467854e-09,1.22799869110208e-07,-1.77020235163945e-07,-3.27948223063965e-07,-2.18966691772909e-06,1.98721987125178e-07,9.12851473908297e-08,9.15500281949454e-08,1.61796500316821e-05,-2.9084142054991e-09,-1.5986228259075e-05,-3.63717135958454e-06,-0.00328654288659503,-3.55804456160039e-07,-3.78561989508412e-06,-9.40751200881027e-07,-6.41186949102359e-08,-7.11531964000599e-06,1.64421710688962e-05,-4.52831476082128e-05,-7.40248736212889e-07,-6.2274584487817e-07,-5.47560575339666e-07,1.06653486149605e-06,7.1092016079034e-08,-1.33923585663493e-07,-6.9162470212921e-07,-3.85672212423061e-06,0.000267501811151693,5.30777261142353e-07,2.72214661866424e-06,-8.49195718238214e-07,-4.42231871689934e-07,-4.68565425656998e-06,-3.57261785247175e-07,-6.24690025345941e-07,-7.72948101705005e-07,0.00170194088092446,-5.14106212568358e-08,5.97724774111953e-08,1.13699993067465e-07,-8.81265451040751e-09,-2.01824090120074e-07,-8.4334823558444e-07,2.6126952585914e-16,-1.33773113529238e-07,1.31420653917856e-05,-3.1963706820046e-07,-0.00106662841390046,-6.05632168109433e-07,9.58217299831824e-07,-1.41368365125002e-07,6.72281581803319e-06,-1.17915734375938e-08,7.86859154552948e-10,-1.26310929336373e-06,1.85394583789414e-06,-5.83187191424771e-08,7.98719039150401e-06,-3.72537402964021e-07,1.82879966449942e-07,-1.18665980627973e-08,4.31479667804569e-07,-3.99052851837287e-07,8.11458330218119e-06,1.97124399873164e-07,-3.78577393306127e-08,8.20505201516781e-07,-1.58548130148851e-07,1.73520938512789e-05,-8.61533674654929e-06,8.56183270020913e-08,-2.91265018481557e-08,3.3937993762436e-08,2.39995918350241e-06,-5.478423404026e-06,3.58251349434869e-08,1.42975177508825e-08,-3.08531284211717e-08,2.67008641778529e-06,-3.9783274633761e-06,6.85090759043748e-07,-9.30948259203287e-06,9.32806522139477e-06,-5.20069970045081e-07,1.18863664911709e-06,-4.33169781269762e-07,2.34935325396998e-07,3.93237208902422e-18,-5.76239100288485e-07,-1.97317896022628e-08,-1.83246935062995e-10,-1.5820152352425e-06,2.79937552073089e-08,-1.73133534473047e-08,-5.25356311284554e-07,5.90244256909918e-08,-3.61965823102306e-07,9.48003166954045e-07,3.46408311969539e-08,-3.07200073845729e-08,3.96670896947343e-07,-4.79979426896666e-07,1.07017515662525e-05,-2.29624256377344e-07,3.43200237777142e-06,1.32113062419214e-08,7.10957205060499e-08,5.436808201595e-07,-4.48425480627892e-06,1.05709079924949e-07,-4.03468456792969e-07,5.40600846322586e-07,-1.95908682352156e-06,1.22211683921142e-07,1.10324657763032e-07,8.40018059328017e-07,-1.41190385627828e-06,-1.13079104625713e-07,9.18207118656113e-07,-5.98797683508784e-07,1.47779894473515e-08,1.37145157207903e-07,-2.64921686798474e-07,-3.25513159983752e-17,7.7956538978679e-10,3.27950533790237e-06,-3.84130925880355e-07,2.18049677229036e-07,1.94952887678354e-07,5.69348349912948e-08,1.32006272013776e-07,-1.92970353317834e-06,7.15771857563969e-07,7.10592159630309e-17,-5.45911688459669e-07,-6.65106250856155e-09,-1.85715269448717e-08,6.17697196741593e-07,1.39170739248183e-07,-9.37766321332423e-09,-3.57882409838579e-07,9.52748690303548e-08,-3.14718277800663e-06,5.94529733083426e-07,-1.20641122405232e-07,-2.18042609756242e-07,-1.15252746076489e-08,-1.47429845172298e-08,-2.16955216714475e-07,9.08961819619239e-07,-2.35176716739169e-07,-1.80065295383173e-16,-6.22171953424803e-06,4.88797281795799e-07,1.08537199008717e-08,1.23954323009644e-07,-4.4887939830753e-07,-9.52652144218871e-07,3.39943696608106e-06,-1.23873866416197e-05,-8.73823004917048e-08,-2.20883501042043e-16,-1.65562219455861e-07,-4.65228118692541e-07,-2.35907735463151e-07,7.36811611306939e-17,8.88345601066136e-07,0.00162556113100295,-0.000909498958870232,3.15635564810808e-08,-4.42871622060418e-08,-3.07884612294342e-08,-1.21512553135727e-06,3.87813653361126e-08,4.15892710349535e-07,1.26497527458256e-07,9.23325384431687e-08,1.20890890939087e-06,3.14721535916416e-17,-4.95487031133477e-07,1.79914317042881e-07,1.17069728444578e-06,-1.1866832607404e-07,-1.73344237210929e-18,-1.15861367649405e-07,1.94436728212424e-07,-5.19725805513011e-08,-4.62090277012392e-08,-1.16908595031608e-07,1.11895445770598e-06,-1.640561502469e-06,2.27228693870739e-07,2.0928439223915e-16,8.2438734662635e-07,-1.42435434966688e-06,3.05456202499831e-06,1.01810924285859e-06,-1.03459531243691e-07,-6.94430752810882e-10,-2.15105711021124e-16,2.74305266729645e-16,-6.70045516510015e-10,-7.72593932191174e-07,1.01853452289331e-07,-1.1377849285706e-07,-3.84389796112018e-16,-5.40949030196604e-08,-6.39528866717371e-10,-1.25183319780308e-16,1.72008889045949e-16,-1.40769038375385e-16,1.36354638235945e-07,4.0256452901033e-07,-5.84724165589781e-07,3.47397802289649e-07,1.73334465768956e-07,3.60846401021479e-07,-1.09241560516428e-06,-1.06315685341401e-16,-2.72817413782053e-07,0.00325512792574551,-7.82470828301845e-17,2.48004141004533e-16,-3.78060357079641e-07,-2.95608888885516e-11,-2.95138290653829e-07,1.78632505577685e-07,2.93492838924685e-07,-1.21896824106108e-08,-4.00499330481651e-16,-4.10202628072919e-08,-1.90699170085891e-16,-1.40024347272782e-07,1.65666091955785e-16,-3.30217355722122e-07,1.87624843422719e-17,2.00606178028032e-07,4.69639197182882e-05,1.64862095973448e-08,2.16728292723453e-07,7.46669389813819e-07,-1.11045037525258e-07,5.4359486596541e-07,2.71088400561786e-08,1.31872137367725e-07,1.21531951285237e-08,2.46601378514918e-07,-5.358881617242e-07,-1.32187676660769e-07,-1.07288479856119e-08,-3.32118234952392e-07,-1.24380163922432e-16,2.40096532636054e-06,-4.14045229715547e-07,4.08669148815474e-08,4.20496610718346e-16,5.41100399559537e-09,1.46719533231348e-07,5.24997354246413e-07,6.04010278744399e-17,-8.84031019065791e-07,-6.76796611145756e-08,-2.34858638555402e-17,-8.94776287085491e-08,1.80037705176374e-06,1.2599439111919e-16,2.1101696221448e-17,-5.10646602513258e-08,-3.95054385867032e-08,-2.25319695977593e-10,-3.13002809531033e-07,8.33450173073584e-08,1.70114221319911e-07,2.36301225328559e-08,2.90049985703611e-07,-4.93466616411194e-07,2.15777916368065e-15,7.06395143212736e-09,7.01503024329973e-10,1.93750932663938e-09,1.81498029740536e-07,3.40822511014521e-16,2.14249439520272e-16,5.97818469556508e-08,4.98653099441123e-17,-2.83687147408726e-16,3.79377421074824e-07,-4.24319619690036e-07,-5.49244906287326e-07,-4.59457825286906e-09,1.39478771824125e-05,3.06136287621556e-07,1.37608291228211e-08,9.71382312207849e-16,3.38006816770052e-08,1.58273382735804e-09,7.26865477737966e-09,-5.11214404141104e-07,2.03010690439429e-06,-6.39788532856262e-16,2.7291622948796e-16,-1.85550316652835e-16,-2.57975462745241e-08,-8.6426162745041e-08,-7.24682432522011e-08,7.25988528755156e-17,-6.66169933424685e-08,4.5897510877342e-16,3.92996158197806e-16,1.61129655590111e-06,-3.53926795206635e-08,2.46157261241109e-15,-8.77683533784253e-08,-3.16188879322978e-07,-4.99036100718493e-16,1.37698292030141e-07,-5.35298855589236e-16,3.73160677560196e-08,-3.06307904701688e-16,3.72837553988098e-08,3.23098697430862e-07,8.13196575347631e-08,1.10398644068285e-08,7.61148392217199e-08,-3.47770005213713e-07,1.10097135086062e-07,3.30666621687908e-18,4.72009342346181e-05,-2.80711294334862e-07,5.59153618673955e-17,-4.98068152185521e-08,-1.15733870792811e-07,2.46334286036551e-07,-6.85731900288152e-16,9.36849795692931e-08,8.72156240516658e-07,1.50806373924143e-15,-3.20766849348195e-07,-7.1748810304669e-08,-2.71558136058926e-08,-2.38877122051929e-15,4.67268265680357e-16,8.19226353248463e-08,2.77794188743078e-08,2.30452984897504e-09,-0.379086460592757,-4.94483714952966e-08,7.73698565235957e-16,9.11783893698027e-15,-9.5471265303788e-08,-6.1628639900633e-10,-9.23055874538785e-15,-1.03970699865463e-07,6.26687473603564e-15,-2.03000402135987e-07,4.30898049303486e-09,2.32505403911955e-09,1.08356717969497e-08,1.76673986717238e-15,2.46514143204132e-17,2.52589932951871e-15,2.7362764490048e-16,-7.06830299771997e-09,-3.46268514489217e-08,3.03097286387703e-16,7.7863255231115e-16,4.9188786057171e-16,4.75089678866302e-08,5.95815992155495e-10,-2.96138841571332e-08,2.22066211356227e-16,1.54314495209862e-15,3.59141969635823e-16,-2.4383124244666e-07,5.20695978383355e-08,-5.49984855112195e-16,1.25780657189778e-08,-2.59555662981691e-07,-2.41720957825747e-16,4.59828261534645e-16,-2.70416229905073e-08,-2.77926804197718e-10,-1.37322404156936e-08,-1.42272035113853e-15,1.59478843839012e-08,2.35855422367275e-08,2.58045474532264e-08,-2.40806916968389e-08,-8.62704457017516e-08,9.61345094107842e-09,2.63382390788825e-16,-1.05179400520988e-15,-7.33223815246486e-16,1.91738903389397e-07,-1.34164642012782e-07,-7.34206019547554e-09,-5.91294516815212e-09,1.00917843053374e-15,-6.07056609941469e-17,-2.85231817650733e-16,-6.77655702954637e-16,-4.890649206352e-16,1.99429099279534e-07,1.83789591012219e-17,1.73020833245682e-16,-4.69929533754451e-09,-3.57209627393009e-17,-4.20827245268861e-09,1.10590139786012e-16,-5.22064710257420e-09,1.89162564311109e-16,-6.39807771729282e-09,-8.02895190843322e-10,-6.5873712670163e-07,-1.30393418856738e-16,2.59978877234858e-08,2.11983917786242e-16,3.72627893635362e-08,-4.58963306359824e-07,3.67210205503669e-10,6.11776196271865e-16,5.38239194089646e-08,1.46574905754129e-16,-1.33237545533311e-08,-7.52302047671947e-08,-2.56683080008713e-16,-2.26597521395261e-16,-2.74841396018373e-16,-8.45770527925504e-17,-2.53987040528457e-10,-3.31230933015181e-09,-7.40885862846383e-10,-9.14727379557309e-17,-7.3101959596718e-17,-5.46103057049472e-08,5.76820018991907e-07,-3.88149613201008e-16,9.33157096020688e-17,-3.43772888479839e-09,9.45378592905347e-18,-2.44118843308367e-08,-2.62253520745277e-16,2.31832125867712e-07,-9.88055692536781e-17,-7.55322790721556e-16,-2.0060729841182e-16,-7.21064267308223e-17,-2.98050493130741e-16,-4.6629785570514e-16,4.0332911916252e-08,-2.82114212623536e-07,-9.44048600736921e-17,-2.10068758516503e-08,8.00445999466322e-08,1.56306985521148e-18,3.0348291010377e-16,-7.11729014564374e-17,-2.1212093855589e-16,7.94996583578229e-09,1.27360123769079e-09,-1.5862834635765e-16,-9.16801600200354e-17,-1.44907922091359e-08,-5.1704680876851e-08,-5.41584840883667e-09,-1.68628856315389e-16,1.19060690451249e-16,2.15026907032714e-17,1.6767345938461e-16,7.53498403775644e-17,7.31591285222267e-16,3.10089529524846e-08,-2.93690253498288e-08,-5.6549007137968e-09,-1.4361895342548e-16,-2.24446253318848e-16,3.09618864349988e-16,1.38253246249609e-16,-2.14349957973911e-16,2.93498002698199e-16,1.26475675178053e-16,1.07004777043124e-16,-6.92249796346559e-18,1.12647653046178e-16,1.50287933683352e-16,-7.61595995481281e-16,3.28347857908723e-16,-6.85086342844295e-17,2.84241868406955e-08,1.40391101644251e-16,-2.51183323976279e-15,-7.20172447139651e-17,3.11913832469614e-07,-5.44088676756194e-10,9.04472081498804e-18,-1.04333445391573e-08,2.86673793180787e-07,9.02064970554375e-18,-2.42783841549454e-16,-8.04588621939805e-08,5.1470936077882e-17,7.15052515195001e-09,1.91231884445947e-16,3.830735019787e-16,2.32094887353791e-16,3.86441934592102e-16,1.02556930051131e-09,-1.40959798584124e-07,-3.60009252681119e-16,1.68821427568618e-16,-4.61585152895061e-16,-3.51672024588474e-16,-8.11091645236406e-16,2.7195816207342e-16,1.32604458798829e-16,8.00021316020014e-17,1.61096227960049e-08,-3.62944889025161e-16,1.75761628646312e-17,2.05689575019369e-16,-1.63359709007614e-16,1.34418869864826e-16,2.76927419313502e-16,-3.62192106102418e-08,8.29908150096782e-17,-4.45873247901067e-16,2.71050073966673e-08,7.16103745025258e-16,1.67446400446528e-15,7.75923734106474e-17,1.30611869291245e-17,1.64768532033363e-07,6.58170641294328e-16,-1.78346273510974e-08,5.64597851521822e-17,3.22264058315183e-16,1.53370253313134e-15,-3.202125894899e-15,-2.0105377848136e-16,-1.57593438796008e-15,6.63379826090376e-10,-7.35991824556073e-15,-8.70599739542369e-16,3.43293299807367e-08,-8.51484956673262e-08,-1.77190050386836e-16,6.12591528776525e-08,9.05530283668757e-09,1.79897471566204e-15,-1.30775407941909e-16,4.02543614214676e-16,-1.06134024172168e-16,4.6207420376053e-16,-1.89997175648736e-08,3.38870242118385e-15,-3.46820830892103e-15,3.9155719234269e-15,8.48371605893631e-09,1.92780493841081e-15,-1.80414518078725e-15,-1.20107076984668e-16,2.76232655751107e-15,-4.86993076945887e-09,-5.23304781250975e-15,1.12717666417673e-08,8.2371688493899e-16,1.86247343006336e-15,5.64843473868869e-15,5.04933267420687e-16,9.30380820675738e-16,3.21682512499962e-15,5.53609714882428e-15,-0.393933576434973,4.7008646762574e-14,1.83118930275194e-14,-1.85159499532435e-07,4.18325448228802e-15,-1.19935050536638e-15,-3.88788598857826e-15,8.77761908358479e-16,-4.04008752234177e-15,-6.28927758114628e-16,2.37480403113485e-08,2.15258989975662e-16,4.80397032663273e-16,-2.04462207879014e-08,6.77381684523899e-16,2.3152209329377e-15,3.46782949860739e-15,1.08765581523336e-16,1.24489370047749e-15,-7.27677893036913e-15,-2.19709980334649e-17,-5.28518343084253e-16,-9.78383668569135e-16,6.64276430490538e-16,1.93549248192959e-15,-1.04932692079789e-08,2.05076148987548e-05,1.63348858503074e-15,7.47605282332838e-16,-5.91223593073574e-17,3.95518698829331e-17,4.15379536322646e-15,-1.01225969696694e-15,-5.17512065346872e-16,-3.09775395249702e-16,-6.86570093440063e-10,-4.25617046457256e-16,1.2587653354173e-15,5.68109345435463e-16,-3.58971834128858e-16,1.02143561569492e-09,-1.25095487315253e-15,-1.60819217979221e-09,7.20910472066348e-16,-1.36759110197448e-15,-1.6880827283553e-15,-4.1345098537812e-15,1.51221872306134e-15,2.67193659070039e-15,7.21881205614313e-16,-1.21328405257343e-15,-5.52366740157045e-15,-5.44780425719834e-15,-1.07427417428223e-15,0.707106781186546,-3.4542020664923e-13,2.46303014419959e-13,-4.33626412540374e-15,2.53373607381803e-15,-5.51882198186369e-15,-3.30552084233439e-15,-1.11958978756941e-15,-2.75988962847922e-15,5.09564179046462e-15,-6.62335736141408e-16,-3.64998774341864e-15,1.3090245103309e-15,-1.04003531863539e-15,1.0325427865821e-10,-1.77676233693038e-15,4.95880515517582e-15,1.19999705712774e-15,-3.38289726471018e-16,-1.89063729481819e-15,4.97261354007453e-16,-1.73804921293584e-16,1.4565922201858e-17,-2.67480510548797e-16,1.14880278041185e-16,6.34041430469523e-16,-1.83511463210451e-16,1.97276976846938e-16,-1.85160604453188e-16,2.66524886867237e-16,4.75563020427171e-16,1.86735529887271e-16,-1.40933531250527e-09,-2.4494445571007e-16,6.83893761171726e-16,1.37923083481293e-16,2.99727467523004e-16,-4.223426331655e-16,7.4159380535314e-17,-2.64413182591541e-16,-8.62120835478053e-17,3.69550840380838e-17,3.10633431441528e-10,-1.17554583084339e-15,-1.48559961292376e-16,-2.28965396797704e-16,-9.5913515089891e-17,3.04993283137077e-17,1.92129548453649e-16,1.37534704513215e-16,-1.17028020932499e-16,2.52132020650755e-17,-5.60079670078025e-16,6.72328456566369e-17,3.02202367633753e-17,-7.34244154568366e-17,1.61170078919697e-09,-2.88076213256354e-16,9.89406358565962e-17,-1.70712192005676e-16,3.65809812996609e-16,-4.90222734638282e-09,-3.50713378741464e-16,-2.4970875106925e-16,-1.91498339435542e-17,1.33984710085948e-16,1.39831075158709e-16,1.62515579988926e-16,3.15721868920243e-16,4.74500905565845e-17,1.59863762205122e-16,1.40328906479789e-16,6.5438580505902e-17,2.38422650900425e-16,2.54086136088727e-17,-5.33893582008434e-17,-4.58752504429771e-16,3.21406302722618e-16,-2.91906137569011e-16
"t700",-0.0313902198364316,0.00712311524347072,-0.00861884457107805,-0.0184184848773849,-0.0171165011943088,0.0233012920511145,-0.177709885740459,-0.0369205981170855,0.000558745419962042,-0.00127194734693985,-0.000410104166255476,0.0115915975507372,-0.0161428424044997,0.00209409441593003,-0.000329550226788966,-0.00580780909177662,-0.000312678207395554,0.00138676283067577,-0.000161213959412292,0.000158646801865231,-0.00482108067338886,0.00122585662895804,-0.000791743752304308,0.00527425793219661,-0.000838863422197585,0.000841040194136642,-0.00130381330908144,0.00149249697455174,-0.0569746905019956,-0.00244982176444711,7.59202120539537e-07,2.82917548098411e-06,-0.00221317836906315,7.08623708876442e-06,-4.76909626945729e-06,-9.34598607788287e-06,-0.000383139268416536,2.82604712930683e-06,2.33304361203554e-05,6.62671369359941e-06,0.000366598727637198,-4.83753666891179e-05,0.000383197596972065,-4.425763356065e-05,0.00247820444291906,-0.000131322804449521,0.00047594775431968,-0.206755371377855,-0.000244991237765431,0.00020422619476774,-0.000701948543220806,5.03404341968903e-05,-6.81392428096229e-08,0.000156851172110224,-3.68469009075217e-06,3.56966992439506e-05,-7.41584707473744e-08,-1.2430257646663e-05,4.94127700410796e-06,-3.99891550534859e-05,-0.195678341128822,-8.33789955862609e-06,0.00014052385890866,-6.57813900601075e-05,2.14315691934257e-06,-2.58071323415561e-05,-9.56520453223502e-09,1.94387727673674e-06,-7.01071225196868e-06,3.79462686268038e-06,-5.57164943864876e-06,2.33851202583102e-05,-8.39402395997978e-07,-4.23140696821083e-05,1.78764929556587e-05,2.87866804213383e-08,-0.000199571042572765,2.90057663636069e-06,-1.17521840301986e-05,-1.44181441149349e-05,4.59356291187838e-06,7.01899506007677e-05,-1.04418874278825e-05,-7.06516683104594e-05,7.83019662240693e-06,0.00211524672462731,-0.0229222510878463,2.8713802651903e-05,7.26862255563671e-06,-0.00155115902840377,9.69559270982852e-06,-1.70326989595848e-08,1.81629602439351e-07,-0.000100102720438766,-1.2302622327775e-07,-5.59511488573152e-05,-4.39094978108569e-06,3.61108837561502e-05,-4.33363525573007e-05,-1.37423563410038e-05,-3.41345441449443e-06,1.67251021726233e-06,-4.78688053081494e-06,4.31831256712522e-06,-2.13968764105306e-06,2.70106881938721e-05,-0.000164749865947543,4.75387218575663e-05,-3.28623801724557e-05,1.44559723080661e-05,5.59601526591909e-05,0.00124541499509066,-0.277957578566942,-0.0193756606686569,2.29612695317498e-07,-8.55131614753511e-06,1.17493737788909e-05,-1.10961996284944e-05,1.27229799621541e-05,-5.87289068430898e-05,0.0193119246497451,5.16814480280502e-06,-1.47688994043466e-06,-3.88081684415963e-06,1.38977891275821e-06,-1.93810364631291e-05,-2.32405639636647e-07,-2.46079414278894e-09,7.86556731139848e-08,2.65554242602739e-06,-5.16788040185901e-08,6.74651233202319e-07,-8.99703970301856e-07,-1.93628837702166e-07,1.1598276505413e-07,4.20264191273893e-07,-3.38496272610125e-09,-2.68657478158439e-06,9.81131745482307e-07,-2.83263852190586e-06,-1.84998982742795e-07,-7.23891838586963e-06,1.43807180030331e-06,9.2488467337657e-08,3.81743076273839e-07,-1.90748565516023e-08,-9.3981189402478e-07,1.49060059922387e-07,9.81817232020562e-09,-2.4641253475929e-08,-4.97686923088417e-06,-1.14280763655277e-07,-3.20036671247086e-06,9.21476979187167e-07,-2.75558964283824e-07,-2.40741145045638e-08,3.61864948820231e-07,-2.20726361435449e-05,-1.03681955755103e-07,-3.43600702353097e-08,-1.66947084188411e-05,3.24839932360585e-07,-1.79528326992049e-07,-2.3674591805141e-05,2.79325822076606e-06,-1.01285484110848e-05,1.8583205796167e-06,3.25748636500515e-08,1.63139916947871e-06,2.59429416342003e-06,-0.000111565642280659,-0.00338832935811896,3.1111779078665e-07,9.72045819812721e-08,1.88205576465669e-06,4.28693052681008e-08,1.70527770969648e-07,-1.24751366940926e-06,-8.07552220736293e-07,-3.20901048949902e-05,1.54875321805734e-05,3.14148302919122e-05,-7.57718611316135e-07,-2.40151351580261e-08,-9.14878274117772e-08,-1.6177367855636e-07,-3.28329208244519e-06,7.92451665575801e-07,3.5676245094913e-06,-4.0634825011476e-05,-9.31466944710811e-08,1.74731535509159e-07,6.9857457249816e-07,9.02377151450038e-09,1.21221693214704e-07,-1.74710056788491e-07,-3.23654248408922e-07,-2.16079690171918e-06,1.96092832122754e-07,9.00453081808158e-08,9.03050767998716e-08,1.59572210696286e-05,-2.86800543903483e-09,-1.57585106890436e-05,-3.58535539963257e-06,-0.00323961574613915,-3.50688885035387e-07,-3.73093231181322e-06,-9.26989588863093e-07,-6.31662964691166e-08,-7.00834219678408e-06,1.61940471315598e-05,-4.45883760306534e-05,-7.28787646371127e-07,-6.13101725856033e-07,-5.39021148071965e-07,1.04960712793421e-06,6.99598923748238e-08,-1.31752987784725e-07,-6.80279699416891e-07,-3.79319774975297e-06,0.000263021172462915,5.21851550165138e-07,2.6761722443355e-06,-8.3466534339007e-07,-4.34645150349185e-07,-4.60521793910797e-06,-3.51042226837365e-07,-6.13722861067223e-07,-7.59251506736253e-07,0.00167165610586243,-5.04918503121508e-08,5.86999593251474e-08,1.11657512515638e-07,-8.65268261718019e-09,-1.98136721448762e-07,-8.27832491125509e-07,-2.82590024355134e-16,-1.31287491221383e-07,1.28973931127225e-05,-3.1360531634895e-07,-0.00104629234495982,-5.93987936344418e-07,9.39784813199048e-07,-1.38606739712993e-07,6.59114816639841e-06,-1.15603604091107e-08,7.71343081458878e-10,-1.23810752870681e-06,1.81699572902526e-06,-5.7152860777807e-08,7.82731743691493e-06,-3.65029626981154e-07,1.79089403646832e-07,-1.16182227494254e-08,4.22375284082507e-07,-3.90485243762524e-07,7.94015077042448e-06,1.92836006917781e-07,-3.70286626988331e-08,8.02366384965023e-07,-1.55032591353525e-07,1.69661319347273e-05,-8.42287367379325e-06,8.36933885552956e-08,-2.84711810321896e-08,3.31620559712664e-08,2.34506790922675e-06,-5.35307083015798e-06,3.50018678544892e-08,1.39684313968054e-08,-3.01393594621197e-08,2.60825720523991e-06,-3.88338191575867e-06,6.68686906591023e-07,-9.08599715943686e-06,9.10280154551773e-06,-5.07451306835941e-07,1.15948892197149e-06,-4.22514984210566e-07,2.29142553208563e-07,-9.54540165330166e-17,-5.61912635586686e-07,-1.9240684057583e-08,-1.78669770625757e-10,-1.54217074547111e-06,2.72836799813628e-08,-1.68727145016667e-08,-5.11963378793843e-07,5.74874993631171e-08,-3.52527886817216e-07,9.23275791794008e-07,3.37316933258249e-08,-2.98996805591273e-08,3.8604688332335e-07,-4.67097583460011e-07,1.04125769044825e-05,-2.23258512859134e-07,3.33584400539068e-06,1.28409219185612e-08,6.91021555986784e-08,5.28035408325046e-07,-4.35135940199795e-06,1.02564623294242e-07,-3.91401494989674e-07,5.2432614462777e-07,-1.89999026007846e-06,1.18463123458928e-07,1.06936474394128e-07,8.14161136110102e-07,-1.36837550492767e-06,-1.09575011504211e-07,8.89592468448696e-07,-5.80039480448848e-07,1.4313995616186e-08,1.32822537705378e-07,-2.56503284021874e-07,1.09577818355662e-18,7.53554215408118e-10,3.1695578298886e-06,-3.71160702125096e-07,2.10685658880885e-07,1.88367438715156e-07,5.50082477980314e-08,1.27524743938236e-07,-1.86393661356861e-06,6.91185248461308e-07,-3.35469719483777e-16,-5.26822487136196e-07,-6.41797936718255e-09,-1.79176324921712e-08,5.95936213158528e-07,1.34210941977686e-07,-9.04133876842067e-09,-3.4493255717931e-07,9.18063517318768e-08,-3.03110285921858e-06,5.72338883946339e-07,-1.16104114203598e-07,-2.09807832533277e-07,-1.10888594745344e-08,-1.41821279484142e-08,-2.08697522474446e-07,8.74251380930399e-07,-2.26173169174365e-07,-2.16646354914641e-16,-5.97899468981408e-06,4.69653990823856e-07,1.04286278375122e-08,1.19046081290841e-07,-4.31075708544651e-07,-9.14104329553423e-07,3.26110466263352e-06,-1.18827496583852e-05,-8.38075352942864e-08,-8.28046993992721e-17,-1.5875670385499e-07,-4.46070702470874e-07,-2.26128905837905e-07,1.06984449631623e-16,8.51258581130259e-07,0.00155758271868726,-0.000871432121195004,3.02401036062436e-08,-4.24246353422333e-08,-2.94907179649216e-08,-1.16381758797409e-06,3.71353254473162e-08,3.98229673445939e-07,1.21106013355828e-07,8.83725731247886e-08,1.15704465541472e-06,2.96245816317596e-17,-4.73970296243715e-07,1.72085048054736e-07,1.11951695024069e-06,-1.13444133743805e-07,-2.34865448875978e-16,-1.10684216351933e-07,1.85603731663606e-07,-4.95940867014015e-08,-4.40870610150211e-08,-1.11518059401308e-07,1.06697004044173e-06,-1.56341341169307e-06,2.1622341715632e-07,-3.47149993291886e-17,7.83432461114314e-07,-1.35343865126071e-06,2.90178764031573e-06,9.66867280703633e-07,-9.82498546594531e-08,-6.5940109040346e-10,-9.8879238130678e-17,1.41088427826825e-16,-6.35901895617672e-10,-7.32878625142673e-07,9.66119812265237e-08,-1.07877634564642e-07,3.93143197437366e-16,-5.12417183074315e-08,-6.05546996331982e-10,-8.12746597517708e-16,1.41523460299719e-17,-3.15522232447675e-16,1.28941374590368e-07,3.80614752765042e-07,-5.52524191835515e-07,3.28106637169856e-07,1.63699734779398e-07,3.40610841719219e-07,-1.03109284739025e-06,-5.71500305742924e-17,-2.57229355822609e-07,0.00306798604446986,-1.15401043127146e-16,2.00300170572498e-16,-3.55798760233415e-07,-2.78105160949022e-11,-2.77526601878002e-07,1.679188076044e-07,2.75719269101972e-07,-1.14503413298102e-08,-2.16796445910493e-16,-3.85269739970659e-08,-2.45700008663581e-16,-1.31461388799081e-07,-2.5917852933266e-16,-3.0993298565809e-07,7.3981855483239e-17,1.88213483031335e-07,4.40593495891898e-05,1.54511530331971e-08,2.03078052155418e-07,6.99579327928492e-07,-1.04001334037203e-07,5.08941905738024e-07,2.53607212749996e-08,1.23367472746859e-07,1.13666521627793e-08,2.30538768391627e-07,-5.00682703394e-07,-1.23441137148125e-07,-1.00149501908019e-08,-3.09958094648354e-07,-2.324914849729e-16,2.2393957431217e-06,-3.8595461535003e-07,3.80301195003308e-08,4.22670456362465e-16,5.03291776777906e-09,1.36365819936661e-07,4.87793108968651e-07,-5.32097292782099e-18,-8.21248042252965e-07,-6.28318064644609e-08,2.23157799928993e-16,-8.30414049591404e-08,1.66757647132062e-06,-5.99456106836098e-18,3.74353110658253e-16,-4.72609562307653e-08,-3.65601748621075e-08,-2.08451886914445e-10,-2.89458204764889e-07,7.70070832544779e-08,1.57165807172074e-07,2.18291012242874e-08,2.67621417559538e-07,-4.54856579007158e-07,1.1033925509385e-15,6.50878629127988e-09,6.463288148107e-10,1.78471187571121e-09,1.67138356928037e-07,1.8406286968593e-16,3.25359029484338e-16,5.50311047202191e-08,-2.23151742970045e-16,-1.23617222965652e-16,3.48379044406633e-07,-3.89481879351581e-07,-5.04145919206426e-07,-4.21332026149834e-09,1.27888314107071e-05,2.80689095326816e-07,1.26147189734112e-08,5.75990136083754e-16,3.09256718774962e-08,1.44750207210938e-09,6.64668228109492e-09,-4.67144051170271e-07,1.85269678537015e-06,-6.29180042725776e-16,-7.56391023675002e-17,-3.0799220386752e-16,-2.34980740183934e-08,-7.86558563894886e-08,-6.5948564703116e-08,-1.91446597289079e-16,-6.05733938192984e-08,-8.05741743496268e-16,1.27815958885021e-16,1.45956098796449e-06,-3.20581761519115e-08,3.0218882951516e-15,-7.94220475365304e-08,-2.8595683130971e-07,1.38312862111082e-15,1.2438400409434e-07,-5.37760512146768e-16,3.36583749826625e-08,-4.10609448156997e-16,3.3624722926948e-08,2.91359427331975e-07,7.33226657584693e-08,9.95256385844824e-09,6.85928788847953e-08,-3.12957295817032e-07,9.8873742355283e-08,-4.17209834033261e-18,4.22769129357093e-05,-2.513543241916e-07,1.4441781392559e-18,-4.45806330836337e-08,-1.03515908995353e-07,2.20185118987452e-07,-2.63417198398783e-16,8.35490642892685e-08,7.77436433150623e-07,1.29053225136659e-15,-2.85752722208052e-07,-6.38971572356377e-08,-2.41560323646111e-08,-1.75814438738241e-15,5.14103904282399e-16,7.26664116847244e-08,2.46098691605496e-08,2.04105944674646e-09,-0.33380490265744,-4.34984522186772e-08,4.75641024826405e-16,8.19790351737345e-15,-8.39251368493795e-08,-5.41705632525506e-10,-8.26301935821358e-15,-9.12795493641023e-08,5.66896029282498e-15,-1.78012078507993e-07,3.77235578276127e-09,2.03525937069346e-09,9.48067901158868e-09,1.60236039199324e-15,1.48201964268814e-16,2.41878625261911e-15,9.0949967776875e-18,-6.15751689266926e-09,-3.01538373007382e-08,7.34984513172747e-16,-5.19978367593796e-16,3.884872008457e-16,4.13157834716407e-08,5.17838280075335e-10,-2.56958082820689e-08,-8.43608669369272e-17,2.79575082702543e-15,5.78042388260647e-16,-2.10327175835411e-07,4.49053668089628e-08,-4.02771929604438e-16,1.0820966629896e-08,-2.23071434889183e-07,-6.34968444433413e-17,5.72510046692621e-17,-2.31839405933579e-08,-2.38231019179042e-10,-1.17535422092366e-08,-7.510028754327e-16,1.36154048678582e-08,2.01071773723889e-08,2.19540433034694e-08,-2.04285351642139e-08,-7.31285600314604e-08,8.13677052794349e-09,-6.89624344512383e-17,9.47898604828364e-16,-1.22821914762855e-15,1.60813327575881e-07,-1.12508585985007e-07,-6.14932607384624e-09,-4.9200705614734e-09,4.51098639562228e-16,3.40504971497392e-16,-1.53867245416649e-16,5.99573513332266e-16,-9.12704934077897e-16,1.64716726599895e-07,-6.32884214352932e-17,6.6253155898173e-16,-3.86942718752883e-09,6.63741619779069e-16,-3.46453773865631e-09,3.5876198809905e-17,-4.29678354927014e-09,3.32570487026288e-17,-5.23636560073714e-09,-6.56201336918006e-10,-5.3722066992317e-07,-1.64293886676806e-16,2.11443930884921e-08,2.50044917960329e-16,3.01175699490516e-08,-3.67724080905169e-07,2.94095184837258e-10,-1.35707190017019e-15,4.29446362095404e-08,-2.60396527979816e-16,-1.05644524832755e-08,-5.96314641750512e-08,-7.39469183622061e-17,-1.88165025471134e-16,-2.49739165746613e-16,-2.55887608776955e-16,-2.00229700097694e-10,-2.60737740922383e-09,-5.82190731261921e-10,2.95662931055591e-16,1.3519571017367e-16,-4.25393374457905e-08,4.49139321915138e-07,-1.2096064884685e-16,9.40843136916742e-17,-2.64511877028676e-09,-1.40975658974211e-16,-1.87329213622158e-08,2.83475043069675e-16,1.76460843537758e-07,3.49838046314661e-17,-4.52340613755887e-16,-1.05379338242505e-16,8.15354769214774e-16,4.08958182256647e-16,5.91979869609625e-16,3.01466924785843e-08,-2.10811668036864e-07,-1.95036495171495e-16,-1.55887379069472e-08,5.92208076959466e-08,2.8537970225293e-18,2.2123152537462e-16,2.39562420538472e-16,2.89577679329179e-16,5.80165058409262e-09,9.26295110297836e-10,1.52173419139668e-16,1.0125268017713e-16,-1.04986050184401e-08,-3.74410499522717e-08,-3.91500486220307e-09,-2.5139863952995e-17,3.87770522715753e-17,-9.18187111406186e-17,5.75491638476334e-17,-1.12984870528749e-15,2.35696634498809e-16,2.17299278246667e-08,-2.05145101628425e-08,-3.93713754614169e-09,-2.42795011350147e-16,-3.21230506014623e-16,-8.38755228948244e-16,3.29400085544746e-16,-2.71232949146759e-16,-6.66830566065875e-16,-9.265964225909e-16,-3.87818769411032e-16,-5.09684616988433e-17,1.24599715909682e-17,-2.37874774829493e-16,9.2113768130085e-16,1.07932819584805e-16,1.37970355106105e-16,1.85288569220876e-08,-2.20449638157399e-17,3.60607343306569e-15,1.01758880092263e-16,2.01174331998086e-07,-3.50029777088684e-10,-3.2564797121549e-16,-6.70149366983269e-09,1.81552333947679e-07,1.74538509714385e-16,1.01613597320205e-15,-4.99986565930296e-08,1.2791106018054e-16,4.33142468897864e-09,-3.04062057411032e-16,-1.11839824175141e-15,-3.38979594742016e-16,-6.43485050766318e-16,5.92973894495028e-10,-8.12178337729896e-08,7.61208953975406e-16,-6.0986529833123e-16,8.88350503307343e-16,4.75204208210503e-16,2.22304813446428e-15,-2.68946786648041e-16,-1.53187861633391e-16,-1.33292627059348e-17,7.03631789900745e-09,6.55555308194235e-16,-1.32952744980909e-16,1.49964709628079e-16,7.88846489610588e-16,-5.71489393421129e-16,-2.26121239529888e-16,-1.42532700492233e-08,-1.60960330625399e-16,1.48352784468057e-15,1.04304361097614e-08,-8.08492146571605e-16,-3.62264106264178e-15,-5.02744619561299e-16,-6.34532805014408e-16,4.27707349747819e-08,-8.51330065782463e-16,-4.1280182225189e-09,3.57624637178287e-16,-7.6437967660645e-16,-2.696885038078e-15,6.3960825805382e-15,-2.62789748114657e-16,2.90609360970222e-15,1.10648472240533e-10,1.43723744027975e-14,6.54344607368066e-16,3.74759840692175e-09,-9.02942479540822e-09,-4.10003138134766e-16,3.00811968189112e-09,2.68939130101619e-10,-4.08816541219574e-15,1.33699836625813e-15,1.19011836955444e-17,4.80147414790905e-16,-1.28181142463758e-15,7.44883374315406e-09,-9.05501694902529e-15,4.98411235551741e-15,-6.58464100693956e-15,-4.82189978608192e-09,-4.2283532210808e-15,4.47683695208012e-15,-4.70157096060839e-16,-5.20218065925932e-15,4.30870094788463e-09,1.00692842774916e-14,-1.13863755890443e-08,-2.63279030737231e-15,-2.14930516700984e-15,-1.11390054036164e-14,-1.96715329838238e-15,-1.37168247982683e-15,-5.74555742917829e-15,-1.14028833241544e-14,0.829972419983912,-9.86612122489489e-14,-3.83453844220817e-14,4.80409243063816e-07,-8.53470038033104e-15,2.7622996179685e-15,6.62885980990574e-15,-1.93534121817223e-15,8.858771123308e-15,8.96380207819027e-16,-1.44986190491013e-07,-5.01303957241636e-16,-3.10240615857253e-16,2.38261740890467e-07,-2.69879367301408e-15,-3.72329119850638e-15,-7.45062033755835e-15,1.50608311350629e-17,-3.78291077930656e-15,1.59651048154587e-14,-8.2950621849296e-16,1.01720951589563e-15,3.13492817459842e-16,-9.77992925074891e-16,-2.51017056519976e-15,-8.06740736537092e-08,0.000136337314664426,-3.55861515876174e-15,-3.54708334675803e-16,1.02071002569963e-15,6.20900573246079e-16,-7.95771868539186e-15,6.90123161416877e-16,-3.05750564032959e-16,-1.77547520301683e-16,-2.82515661549091e-09,-4.3453033093135e-16,-9.27781098240222e-16,2.01979003926114e-16,-3.55361841377779e-16,3.32331170732354e-09,6.37988080898638e-16,-4.3690653995726e-09,6.47592083908191e-17,2.85549407742607e-17,-1.09324461298818e-15,-1.60420872030599e-16,-1.78296386182637e-16,-2.92874216468672e-15,-4.53431973644005e-17,9.36119717976712e-16,1.94389156829472e-16,3.98138274066728e-16,2.83964227773525e-16,1.32919548515727e-15,1.81474650128262e-16,-4.49419119008125e-17,2.06750488940542e-16,5.18661399348067e-16,3.52325619838089e-16,7.65168392445213e-17,1.84417418235536e-16,-1.05705300974939e-16,-9.75781955236954e-17,-1.60897344627293e-16,-1.613535322247e-15,-2.66418627810538e-16,3.75082094785341e-17,1.97394633426304e-10,1.10228683963439e-16,6.25980476835135e-16,3.6074357629646e-16,-2.55359710915398e-16,3.63455043237184e-16,-5.65496329657897e-16,-4.48657458259625e-16,1.1028712714621e-16,1.65362536785567e-16,4.12827497446842e-16,1.13591861611306e-15,5.2792386805281e-17,-1.5720905717864e-16,7.90810551785834e-17,-1.00592144434623e-15,-2.82031072273939e-16,2.40754279471471e-16,-2.38344352696346e-09,3.81038656430625e-16,-1.18453500993203e-16,2.54817839387197e-16,-2.58197939270122e-16,1.37870743028326e-15,-5.46959701302042e-16,5.12307929767883e-18,5.59009099139909e-16,4.29897400117976e-17,4.82286725100626e-10,6.27962310402672e-16,5.48825050151523e-16,2.55472467602609e-16,-2.35869643290666e-16,7.56041040606976e-18,-4.92718089162742e-16,1.66398318216969e-16,2.97751210464652e-16,-2.83485562053892e-16,1.04412015070357e-15,3.16444068955913e-18,4.44280512160187e-17,-1.10512456389097e-16,2.35237431852579e-09,4.25414459200811e-16,-1.41283082255146e-16,5.67112941702026e-17,-1.38561037643647e-16,-6.99070253211334e-09,2.3858636166698e-16,5.63756043978886e-17,5.13658673369148e-17,-1.67816729116678e-16,-1.43075656411575e-16,-2.38268278171187e-17,1.1617904538618e-16,1.1816257605918e-16,-3.02230432602151e-16,-1.108579975553e-16,5.18731599656244e-17,-1.98552847585464e-16,-6.46618696724586e-17,-1.64499047069815e-16,2.59038436212384e-17,-3.94742888289085e-16,-3.15295275135121e-16
"t935",-0.0311473024667533,0.00700569779636163,-0.00847207898815562,-0.0179950751544809,-0.0166316111308896,0.0225220668287391,-0.171645359075045,-0.0355557906419214,0.000534144703555286,-0.00120323080661808,-0.000381467619700299,0.0105731541725191,-0.0146781907093254,0.00190087716423761,-0.000297652019963792,-0.00520802914173914,-0.000279509875322629,0.0012366154233921,-0.000143296193703173,0.000139246384932536,-0.00417484814208392,0.00101984686736814,-0.000649397969893917,0.00431924989430123,-0.000686223445220223,0.000678765533070998,-0.00104846608662959,0.00119685159362252,-0.0452995400181737,-0.0018241237697846,5.4721523758761e-07,1.98757019810936e-06,-0.00148396683997907,4.58154245017048e-06,-2.94692720458367e-06,-5.29649801157571e-06,-0.000213545270337271,1.54081295795679e-06,1.25948443465565e-05,3.4975527455388e-06,0.000184504884884983,-2.32687401729348e-05,0.000178738677178767,-2.05891725177706e-05,0.00110846880301934,-4.91846262901883e-05,0.000166538964734216,-0.0698606772394071,-7.41387559582587e-05,5.3409548469394e-05,-0.000141303326572227,8.59850769820803e-06,-1.13248281491442e-08,1.96731073601186e-05,-1.339513651775e-07,7.73633512021556e-07,2.36435797106789e-08,5.56319884661077e-06,-2.2944493738617e-06,3.62301541070049e-05,0.281390551374622,1.51631784513954e-05,-0.000312148523127258,0.000153979384285947,-7.69921255660214e-06,0.00015174999344608,-7.5793326701589e-07,2.51439694121574e-05,-6.70522779975079e-05,2.52879603375283e-05,-1.65667488733544e-05,5.28778529376005e-05,-1.83692204712525e-06,-8.6998821983144e-05,3.64839461110561e-05,5.73096539254189e-08,-0.000393511615061386,5.46628513799777e-06,-2.01908141290072e-05,-2.3933776058958e-05,7.21149182612615e-06,0.000108911906843083,-1.49238939136222e-05,-9.85873313364819e-05,9.87974450729367e-06,0.00259687347446814,-0.0273698156929943,3.41303236427239e-05,8.62955177736008e-06,-0.00183611978549108,1.13547648209633e-05,-1.7978536387929e-08,1.8982543354547e-07,-9.76366275043123e-05,-1.05126044390246e-07,-4.67731801400178e-05,-3.66686402243897e-06,2.84328613910306e-05,-3.3342096124438e-05,-9.61580426758266e-06,-2.18633227505042e-06,1.06222742377e-06,-3.01098797323239e-06,1.34693449360972e-06,-6.06225709910063e-07,7.03316874602406e-06,-3.5918270080746e-05,9.78368014052113e-06,-6.03775581329169e-06,2.15632996775213e-06,7.69955995494193e-06,8.1341937198981e-05,-0.0156349330668915,0.00336422840039316,-5.33082742256217e-08,3.22126988550484e-06,-5.29215444907975e-06,7.67282373483655e-06,-1.27375003540624e-05,7.73124917019028e-05,-0.0298015122786068,-1.47247043769773e-05,7.06602251847901e-06,1.90066217094127e-05,-7.45555673943154e-06,0.000252893997817894,3.37096735915539e-06,4.00531574669903e-07,-4.20334939361589e-08,-1.22537023220711e-06,1.89735070027364e-09,5.48619240483972e-07,-7.30111499626521e-07,-1.55104341301136e-07,8.28928044146401e-08,2.94017475033828e-07,-1.4980894405953e-09,-6.13776529989239e-07,-6.35997342347638e-08,2.07370841729151e-07,2.29816966118089e-08,1.08861782962924e-06,-2.77123008534008e-07,-1.93262571966346e-08,-7.98517103935953e-08,6.24235443884438e-09,5.38940656210311e-07,-1.25897843578742e-07,-8.99729786254508e-09,2.66542935540661e-08,5.45115626245335e-06,1.32738278311786e-07,3.84450964970437e-06,-1.14932542331867e-06,4.7193205608361e-07,4.32248972337396e-08,-6.71558782473875e-07,8.32100031882674e-05,4.65585773705309e-07,1.58585543838172e-07,9.00038476807956e-05,-1.80967881884193e-06,1.24028135376679e-06,0.00016812292688038,-2.51071400123197e-05,0.000118226340476731,-7.66675266825913e-05,-1.45737034483647e-06,-7.45956533005342e-05,-0.000176046909333933,0.0167045232302455,0.611284503754257,3.28823646496104e-05,6.96639272166759e-06,8.06764961788485e-05,1.67677517859888e-06,6.38593427223078e-06,-2.67748755273527e-05,-1.23945029929353e-05,-0.000470736098257008,0.000218135701462857,0.000397095876229187,-9.2246778585393e-06,-2.82343622186475e-07,-1.04244076983097e-06,-1.67556249060063e-06,-3.32790593683387e-05,6.83994302172162e-06,3.06507726662264e-05,-0.000333753374326974,-6.86817770193775e-07,1.19469635476105e-06,4.66463308315463e-06,5.82828976322351e-08,7.64824843812462e-07,-1.03449391921773e-06,-1.89229222997802e-06,-1.23130705835633e-05,1.10374178437567e-06,4.65812701052881e-07,4.6549151454902e-07,7.97641787846443e-05,-1.39405420175634e-08,-7.21730410509012e-05,-1.64165753878084e-05,-0.0147593927006195,-1.57411569352429e-06,-1.6580940301149e-05,-4.01781516158237e-06,-2.66087498396381e-07,-2.89049536638723e-05,6.63749131268487e-05,-0.000177960516734528,-2.86899709027961e-06,-2.41272635004017e-06,-2.09958033625787e-06,3.99002005331626e-06,2.64772878819367e-07,-4.87587269593585e-07,-2.48158234127191e-06,-1.37711073140549e-05,0.000937156204302541,1.85150315355246e-06,9.45171204766353e-06,-2.90875974742947e-06,-1.51077833978358e-06,-1.59970998503147e-05,-1.20304158083563e-06,-2.08692873471604e-06,-2.56036073545392e-06,0.0056165369674733,-1.69014182582682e-07,1.95816750739957e-07,3.72119840930619e-07,-2.85882291329497e-08,-6.51243735529641e-07,-2.70609966446567e-06,1.30298347804272e-16,-4.25927011777459e-07,4.17804066697109e-05,-1.0059248841604e-06,-0.00333190930627781,-1.88073971564056e-06,2.9746294819759e-06,-4.3431121838269e-07,2.06189910796166e-05,-3.61370774881393e-08,2.40269506825826e-09,-3.84764137805966e-06,5.62311852612601e-06,-1.76552445794298e-07,2.41616537756819e-05,-1.12229933832527e-06,5.42117481403888e-07,-3.49904481887356e-08,1.2668645245858e-06,-1.16136115079748e-06,2.3601527941311e-05,5.70031472953292e-07,-1.09132613144319e-07,2.35507049646838e-06,-4.54461001689783e-07,4.96683485060435e-05,-2.46132965122397e-05,2.43927532925429e-07,-8.29558599683164e-08,9.60135131129516e-08,6.78868235414725e-06,-1.54940463106507e-05,1.0114427356494e-07,4.03400251741227e-08,-8.68765154636046e-08,7.51567983213888e-06,-1.10733670923567e-05,1.9047098423338e-06,-2.58592632313322e-05,2.58584946908934e-05,-1.43941739852218e-06,3.27851073251953e-06,-1.19361345250028e-06,6.46880847126012e-07,2.20557337391875e-16,-1.58261009712979e-06,-5.41745675430457e-08,-5.025820938677e-10,-4.32841171140616e-06,7.64379842120467e-08,-4.72310311847001e-08,-1.4325308978793e-06,1.60067993566925e-07,-9.81288063847006e-07,2.56980460223879e-06,9.37645840709182e-08,-8.28290809113883e-08,1.06885425256897e-06,-1.2927781307399e-06,2.8784530386001e-05,-6.14769509621405e-07,9.17331380327581e-06,3.53089676414758e-08,1.90007626431729e-07,1.44825032409395e-06,-1.19164928712063e-05,2.80858141824543e-07,-1.07172470691817e-06,1.4356944702376e-06,-5.20258950654743e-06,3.24536148195452e-07,2.92976458810224e-07,2.23085238203419e-06,-3.74977778950411e-06,-3.00372797970925e-07,2.43970857614186e-06,-1.59154666614384e-06,3.92849730545662e-08,3.64693024196477e-07,-7.05041813037658e-07,7.1866510403752e-17,2.09489533126595e-09,8.82611264947213e-06,-1.03635579985642e-06,5.88326558902552e-07,5.26051250786886e-07,1.53729793092034e-07,3.56882834252031e-07,-5.22531380770044e-06,1.94501737363477e-06,-1.85466589850967e-16,-1.49790300276931e-06,-1.8274815704336e-08,-5.11870801987719e-08,1.70316020896715e-06,3.8708494752479e-07,-2.62251196174491e-08,-1.00946962961171e-06,2.7051651055164e-07,-9.08446126191562e-06,1.74809521066286e-06,-3.59660947221313e-07,-6.55669540020278e-07,-3.48553251011545e-08,-4.50720151439605e-08,-6.6410333436019e-07,2.80568492690252e-06,-7.30918082584031e-07,2.67643996438934e-17,-2.06257532366629e-05,1.64851855050997e-06,3.66117591318712e-08,4.43675821120969e-07,-1.62384911712941e-06,-4.16035104971167e-06,1.61833894095412e-05,-6.01558175780974e-05,-4.62694730933693e-07,-6.35515716720532e-16,-9.96344851862013e-07,-2.96941062451273e-06,-2.0558839095776e-06,9.97413909029042e-16,1.66116940967691e-05,0.0456012263533455,-0.0352987918188528,8.31257701237529e-06,1.14864761096702e-06,4.05215728222016e-07,1.11015284588491e-05,-1.62322976663794e-07,-1.61015236827101e-06,-3.1948058878615e-07,-1.11085014523053e-07,-1.39664643698679e-06,3.15702481196438e-16,-7.23086775336208e-09,2.48992957131036e-08,4.28563173482937e-07,-7.44006668099233e-08,-5.71602850357772e-18,-1.14653509448959e-07,2.39238728356062e-07,-6.79452639060946e-08,-6.18540168130702e-08,-1.60491006467223e-07,1.59827382184813e-06,-2.46307216811359e-06,3.68766137513042e-07,-9.52054406840389e-17,1.39241847769089e-06,-2.41228206139836e-06,5.20074918780862e-06,1.74512003995857e-06,-1.7742396557351e-07,-1.19297694675701e-09,-1.6826817716975e-16,1.13724612459145e-16,-1.16162279275424e-09,-1.34842096285232e-06,1.7790227740823e-07,-1.99739462420762e-07,4.83093689924871e-16,-9.57864141562671e-08,-1.1356110302385e-09,2.08844472669616e-16,3.93510844640701e-17,-5.40977055418833e-17,2.43228443600786e-07,7.1811208096896e-07,-1.04173909474302e-06,6.16800501522458e-07,3.0756614581178e-07,6.34701801206133e-07,-1.91852384517231e-06,-1.04003551388041e-16,-4.28081010003662e-07,0.000700885134680752,1.18952939144627e-16,1.63085788968241e-16,-7.34852514232567e-07,-5.69554091608568e-11,-5.64523645713555e-07,3.40555159221759e-07,5.57085986585424e-07,-2.31248402746906e-08,-3.49325896928771e-16,-7.77645320276729e-08,-9.62050524640597e-18,-2.64992272682005e-07,-1.03541307472366e-17,-6.24255887718149e-07,-4.07199800306712e-17,3.78784220802709e-07,8.8657683514762e-05,3.10451720485314e-08,4.07934365018425e-07,1.40514868227816e-06,-2.08811355156592e-07,1.02152446546635e-06,5.08695676927423e-08,2.47454128159531e-07,2.27952234617319e-08,4.62174228467231e-07,-1.00328398883341e-06,-2.47257009973672e-07,-2.00538280173422e-08,-6.20555639605965e-07,1.89366971275522e-17,4.48106144781936e-06,-7.71885817846806e-07,7.5926844880391e-08,4.40319855872737e-16,1.00425339396054e-08,2.71853896458979e-07,9.72049196390915e-07,-2.97207478586835e-17,-1.63618849193738e-06,-1.25069555600775e-07,-2.10316082888417e-16,-1.6522163643281e-07,3.30764434206484e-06,-2.63005644767528e-17,-1.80600997241869e-16,-9.36146223908976e-08,-7.24093000171841e-08,-4.12601712013838e-10,-5.72521332450501e-07,1.52047370533121e-07,3.10268892190938e-07,4.30842919555384e-08,5.26854520492924e-07,-8.93418533278718e-07,5.93167008566819e-16,1.27728077161922e-08,1.26815158702578e-09,3.49978291777664e-09,3.27528764782992e-07,4.32098657308582e-17,5.89403687492406e-18,1.07735952011784e-07,-2.09984097735388e-17,-2.97448058901331e-17,6.77426579601012e-07,-7.56366968913321e-07,-9.79015344263579e-07,-8.15750876276702e-09,2.47503135977267e-05,5.43170244553705e-07,2.43967231598244e-08,-3.93640113034169e-17,5.94047378829765e-08,2.77608991387322e-09,1.27405197684326e-08,-8.92977659657981e-07,3.52244672986668e-06,-1.35846968861781e-16,1.65421650150632e-16,8.13461125276264e-16,-4.42830879949564e-08,-1.47600725921467e-07,-1.23713460083542e-07,2.09978706333826e-17,-1.13129385495116e-07,-8.65153234082788e-17,-3.48766231217421e-17,2.6624590978332e-06,-5.84586525996145e-08,1.77809156287623e-17,-1.43803344833216e-07,-5.15474142986978e-07,1.30391896517504e-16,2.22030562531386e-07,8.76877640511341e-17,5.92841578280296e-08,1.23473320970038e-16,5.91482650713152e-08,5.12002143549487e-07,1.28699768406256e-07,1.7440699722915e-08,1.19747611539632e-07,-5.37936786905804e-07,1.65604586020735e-07,-1.15963842187591e-17,6.79112335465963e-05,-4.0163514739828e-07,2.03697186682237e-16,-7.07147619052269e-08,-1.61869376981656e-07,3.39503367328352e-07,-1.16101427160257e-16,1.21500808767559e-07,1.11480708248198e-06,-4.03308140957324e-18,-4.01529303549206e-07,-8.88257888399657e-08,-3.2100784229149e-08,-8.6786296682971e-17,-1.02271090667102e-16,8.27297823253305e-08,2.53311927597974e-08,2.04941456362644e-09,-0.000127682591165255,1.49815209146063e-08,-7.33477172842117e-17,6.21191098553186e-17,5.47195075453417e-08,3.77189228907142e-10,-8.3330512762001e-17,1.32268874449173e-07,4.43679156871626e-17,4.74361783713099e-07,-2.53101875084598e-08,-1.47883691701346e-08,-9.80379397256699e-08,-1.13437945685797e-15,-3.9190658827013e-17,-5.28219647820486e-17,-1.4027841324941e-16,-5.4572632494372e-08,-2.45120269721485e-07,3.29238764876869e-17,7.84218703928249e-17,9.10945270376319e-17,2.66385780849873e-07,3.09978246963858e-09,-1.31777385207164e-07,-1.5368461812987e-17,-4.11183673915128e-17,-1.75098650856409e-17,-8.15580054361404e-07,1.73067705550799e-07,7.77444718264151e-17,3.92704554960542e-08,-7.93254543833736e-07,3.7717093704629e-17,1.00814609452888e-16,-7.91185141773139e-08,-8.10603570286769e-10,-3.91911227844526e-08,-3.75711528352678e-17,4.40917235661332e-08,6.42062320597156e-08,6.88843281218069e-08,-6.27818834139809e-08,-2.23616556515296e-07,2.46617872979075e-08,2.50350450771513e-17,2.92685862128551e-16,1.72101873334372e-17,4.68555558836276e-07,-3.27652595957782e-07,-1.78381988187262e-08,-1.40317108749041e-08,1.38688060671289e-16,-8.53736666763599e-17,5.61550670574796e-17,1.2726686966578e-17,-5.47514203403811e-17,4.6341590224636e-07,-1.12611343910289e-16,-1.23979551166659e-18,-1.08389893394822e-08,1.81840463749071e-16,-9.70269866076128e-09,-1.80038219673474e-17,-1.2029077174452e-08,-4.97126775865935e-17,-1.45671401918789e-08,-1.82310758659117e-09,-1.48976004460836e-06,-6.43441662665839e-18,5.85132254495387e-08,1.03051041508356e-16,8.30308889900637e-08,-1.01033833076043e-06,8.07947971014339e-10,-1.81181627090261e-17,1.17874762076299e-07,3.8835890747577e-16,-2.89717887533001e-08,-1.63527947508191e-07,-3.40737667648644e-17,-7.99628520508245e-18,1.47193979134557e-16,5.48906086099475e-17,-5.48963586629913e-10,-7.14861808251136e-09,-1.59625888231905e-09,-7.88198684301117e-17,6.27765400528427e-19,-1.16724148100181e-07,1.23246588564592e-06,-1.24074378396626e-16,2.00681803388046e-16,-7.27488738987013e-09,-9.27908512524872e-17,-5.15558953611349e-08,-7.53782328534955e-17,4.86777665293555e-07,1.20022077581371e-16,8.9016111672929e-17,1.81735506793901e-17,-1.40183094294712e-16,-1.97058008993627e-17,-1.04545632463244e-16,8.37068574712238e-08,-5.8541049991003e-07,5.618852105085e-17,-4.34148480965377e-08,1.65147692542663e-07,1.90511798499337e-16,-1.98265941562759e-16,1.14706441001968e-17,-1.3239785388792e-17,1.62823907187141e-08,2.60397898289806e-09,2.11064363884251e-17,-9.02459746623413e-17,-2.95705158994608e-08,-1.05484190820229e-07,-1.10396353298778e-08,7.78849213625397e-17,-1.9614851295933e-17,4.1161317327197e-17,6.42494462828144e-17,6.564696749231e-17,2.43928340083636e-16,6.23218502840971e-08,-5.89456794623588e-08,-1.13343634414895e-08,2.19063987359914e-17,-3.67353930221252e-17,7.63409297219065e-17,3.62475318821853e-16,4.71461611702638e-17,2.59931779030434e-16,-9.35715886651528e-17,-3.06780973825643e-17,3.0811024349622e-17,1.38328718589757e-17,1.17163049778678e-16,1.83292798930428e-16,5.36222018422723e-18,-1.06545982068286e-16,5.55910875859399e-08,8.08393726460659e-17,-1.38441707148318e-16,-1.09384580969117e-17,6.07863847283932e-07,-1.05944538717658e-09,-6.57587098796451e-17,-2.030520198971e-08,5.55390310504289e-07,4.57440818745638e-18,4.75449277507482e-17,-1.54963416034273e-07,-2.62498041869765e-16,1.36677744730213e-08,2.95952540630409e-17,4.76726139642212e-17,-6.59384885999123e-17,1.35577614676024e-16,1.93502527811662e-09,-2.6571234921327e-07,7.96110609460101e-17,1.68225042658195e-16,3.80759978851409e-17,-4.00703249909705e-17,7.17741838185404e-17,-2.17052435114151e-16,-1.26664780771102e-16,-6.29267390982388e-18,2.85382482367789e-08,7.02060377471848e-18,5.53741495790758e-17,2.50105945991261e-17,1.56160372668673e-16,-1.777466836745e-16,6.54787174950766e-17,-6.29629506489746e-08,3.59077749387229e-17,1.17534834164902e-16,4.69401556555833e-08,-1.3176700085427e-16,-1.29306495447415e-16,3.96374460071588e-17,2.48385892353962e-17,2.70048550029188e-07,-8.66766014533165e-19,-2.8865325861362e-08,8.46184293787601e-17,8.82560831321672e-19,7.79901134224258e-17,-8.89185541874411e-17,-7.81828238273822e-17,-3.41722614161093e-17,1.04271947829272e-09,-4.23236759457545e-17,1.79069128554693e-16,5.25441981409244e-08,-1.30138028230154e-07,-5.29408989809902e-17,9.11472066591914e-08,1.33488905438811e-08,-5.13258663360236e-16,-5.62607565471023e-18,2.01958776855772e-16,7.31822876609155e-17,1.18295814564095e-17,-2.2404660579138e-08,-1.58392817318719e-16,1.20535157144731e-16,1.89915423493882e-16,8.96833245134006e-09,7.91383264902763e-17,2.40961157048296e-16,1.97312404916688e-17,-6.10633753339497e-17,-4.08543594916242e-09,5.54605438619865e-16,8.48329486774198e-09,4.41114573940209e-18,4.18817758967439e-16,-2.99491651409507e-16,3.77776217036245e-17,1.24905409450731e-17,3.40229973993503e-16,5.97389653118381e-17,-7.79173119906135e-05,-6.32594826215213e-17,-1.4011417483585e-16,6.18041807050853e-08,-9.07397451734869e-17,-4.27340372455825e-17,6.78076162363258e-17,-1.27046346013208e-17,2.84617591536e-17,-6.91219880503494e-17,-6.49756218093449e-08,-2.91373591539118e-17,-1.11464419903573e-16,1.33560232693379e-07,1.27045184342066e-16,9.67976043189745e-17,1.93847237406014e-17,2.71562799790437e-16,-6.43021795047071e-16,2.28802877216372e-16,-5.29511272647561e-17,-3.76503467082862e-17,-8.70992413256569e-17,1.8932008032289e-17,-2.49492141565441e-17,-7.17961014653281e-08,0.00130236900623119,-6.81858808446835e-16,2.08388147390991e-16,-1.67846500261132e-17,3.37807057094157e-16,5.99563801384484e-17,1.87975897301957e-16,1.39893767304641e-16,9.84913559862467e-17,-2.88953886767032e-09,9.35830617661523e-17,3.95754143802746e-17,-1.52571540214677e-16,-1.47710946955344e-16,3.70810743818984e-09,5.34182586025494e-16,-5.25183548717506e-09,-7.07441159532483e-17,6.86697479868858e-16,-7.48081195485255e-17,-2.80866717994247e-17,3.67690435577734e-16,3.24471879322393e-16,-2.6059654564023e-16,2.17695290023597e-16,2.85593253923376e-16,4.619476435435e-17,1.38437531656386e-16,1.45827160604977e-16,-2.13518107231501e-16,4.79330973173946e-17,-9.85571263493132e-17,1.42185074639373e-16,-3.41264184083886e-17,-1.14808427543036e-16,6.43083146207525e-17,6.99386868291601e-17,1.36609473733174e-16,-3.12417721280184e-17,-4.98885417081871e-16,-9.92896497162622e-17,-1.46356582625493e-17,2.79962048090827e-10,-9.12394165031901e-19,-8.22115884673682e-17,6.97726416533063e-17,4.05467012513557e-16,-1.42723948546092e-17,-1.68540737514472e-16,1.18165703965192e-16,5.15523573172896e-16,-1.66742800521663e-16,2.66450988403385e-16,5.53593629271099e-16,2.02636649739908e-16,-1.20468982019324e-16,-9.11652088660375e-16,-8.10725137801527e-16,2.48334663527484e-16,1.11838081755895e-16,-3.60209674047664e-09,-8.02873826176256e-18,5.61806449333928e-16,1.22673691389999e-15,1.68748218206578e-15,1.38117459466911e-15,3.71426015954442e-16,8.33705359609998e-16,1.43416580163321e-16,-1.082503350421e-16,7.62924164281959e-10,-1.25987016577689e-15,1.22741152487188e-16,-2.14542489609643e-15,-4.10723604333921e-17,-5.03109310437137e-16,-2.10122477869256e-15,-1.56309545990426e-15,-6.28602944593692e-15,-8.76106380756528e-16,-3.58653693449579e-15,-7.689413332709e-15,3.13370534270822e-15,0.707106781186548,3.8475991034221e-09,-6.53140479363638e-15,-6.28858982284017e-16,-1.40933670595055e-15,-2.2367090818376e-15,-1.15790795611118e-08,-2.22565986352458e-15,2.54505111985404e-16,-1.21375178026973e-16,3.7112749082757e-16,3.47931143491695e-17,-2.41452000852234e-16,-1.02659194747017e-16,4.05312665835365e-16,-1.02022035058636e-15,3.11139385678131e-17,-2.23326420018477e-16,2.22817071029366e-16,2.86141832257352e-17,-8.27305012670231e-17,-7.91665719046712e-19,5.24913699806605e-17,-2.42722465345567e-16
"t936",-0.0311473024667533,0.00700569779636163,-0.00847207898815562,-0.0179950751544809,-0.0166316111308896,0.0225220668287391,-0.171645359075045,-0.0355557906419214,0.000534144703555287,-0.00120323080661807,-0.000381467619700289,0.0105731541725191,-0.0146781907093254,0.00190087716423761,-0.000297652019963783,-0.00520802914173915,-0.000279509875322637,0.0012366154233921,-0.000143296193703172,0.000139246384932555,-0.00417484814208392,0.00101984686736814,-0.000649397969893925,0.00431924989430124,-0.00068622344522023,0.000678765533070995,-0.00104846608662958,0.00119685159362253,-0.0452995400181737,-0.00182412376978459,5.47215237571805e-07,1.98757019811142e-06,-0.00148396683997909,4.58154245017877e-06,-2.94692720459151e-06,-5.29649801157907e-06,-0.000213545270337272,1.54081295795426e-06,1.25948443465502e-05,3.49755274554201e-06,0.000184504884884986,-2.32687401729236e-05,0.000178738677178775,-2.05891725177692e-05,0.00110846880301933,-4.91846262901852e-05,0.000166538964734232,-0.0698606772394071,-7.41387559582574e-05,5.34095484694038e-05,-0.000141303326572234,8.59850769820917e-06,-1.13248281382871e-08,1.96731073601056e-05,-1.33951365184317e-07,7.73633512019686e-07,2.36435797066244e-08,5.56319884660373e-06,-2.29444937386091e-06,3.62301541069786e-05,0.281390551374622,1.51631784513853e-05,-0.00031214852312724,0.000153979384285938,-7.69921255660244e-06,0.000151749993446045,-7.57933267036645e-07,2.51439694121374e-05,-6.70522779975055e-05,2.52879603375347e-05,-1.65667488733323e-05,5.28778529376092e-05,-1.83692204709146e-06,-8.69988219831228e-05,3.64839461110799e-05,5.73096539168088e-08,-0.000393511615061367,5.46628513801788e-06,-2.01908141290224e-05,-2.39337760589692e-05,7.21149182613238e-06,0.000108911906843086,-1.49238939136017e-05,-9.85873313364909e-05,9.87974450728723e-06,0.00259687347446816,-0.0273698156929943,3.41303236427329e-05,8.62955177735524e-06,-0.00183611978549109,1.13547648209733e-05,-1.79785364330318e-08,1.898254335591e-07,-9.76366275043105e-05,-1.05126044388938e-07,-4.67731801400234e-05,-3.66686402241499e-06,2.84328613910618e-05,-3.33420961244734e-05,-9.61580426756626e-06,-2.18633227503601e-06,1.06222742374865e-06,-3.01098797320561e-06,1.34693449359754e-06,-6.06225709895602e-07,7.03316874600476e-06,-3.59182700807399e-05,9.78368014049252e-06,-6.03775581327814e-06,2.15632996763602e-06,7.69955995494721e-06,8.1341937198995e-05,-0.0156349330668916,0.00336422840039315,-5.33082742087207e-08,3.22126988546158e-06,-5.29215444908024e-06,7.67282373484281e-06,-1.27375003540879e-05,7.73124917019412e-05,-0.0298015122786067,-1.4724704376984e-05,7.06602251847789e-06,1.90066217094107e-05,-7.45555673941869e-06,0.000252893997817891,3.37096735918661e-06,4.00531574665757e-07,-4.20334939192132e-08,-1.22537023218028e-06,1.89735068634141e-09,5.48619240505818e-07,-7.30111499609125e-07,-1.55104341277981e-07,8.28928043900469e-08,2.94017475029067e-07,-1.49808945514156e-09,-6.13776529997405e-07,-6.3599734224207e-08,2.07370841736494e-07,2.29816966114576e-08,1.08861782958599e-06,-2.77123008539522e-07,-1.93262572060288e-08,-7.9851710407407e-08,6.24235442909146e-09,5.38940656220682e-07,-1.25897843559905e-07,-8.99729787485382e-09,2.66542935680549e-08,5.45115626240055e-06,1.32738278292497e-07,3.84450964973967e-06,-1.14932542332518e-06,4.71932056092984e-07,4.32248972422614e-08,-6.71558782465224e-07,8.3210003188319e-05,4.65585773702631e-07,1.58585543915541e-07,9.00038476808013e-05,-1.80967881882551e-06,1.24028135375967e-06,0.000168122926880335,-2.51071400123587e-05,0.000118226340476698,-7.66675266825679e-05,-1.45737034476801e-06,-7.459565330055e-05,-0.000176046909333942,0.0167045232302452,0.611284503754258,3.2882364649692e-05,6.96639272164348e-06,8.06764961789011e-05,1.6767751786222e-06,6.38593427220068e-06,-2.67748755273858e-05,-1.23945029928866e-05,-0.000470736098257015,0.000218135701462809,0.000397095876229185,-9.22467785849987e-06,-2.82343622202168e-07,-1.04244076986921e-06,-1.67556249058824e-06,-3.32790593683207e-05,6.83994302169693e-06,3.06507726662463e-05,-0.00033375337432702,-6.86817770237976e-07,1.19469635471726e-06,4.66463308314858e-06,5.82828976285843e-08,7.64824843832012e-07,-1.03449391914972e-06,-1.89229222996437e-06,-1.23130705835639e-05,1.10374178430669e-06,4.65812701029717e-07,4.6549151447712e-07,7.97641787846294e-05,-1.39405419918027e-08,-7.21730410508732e-05,-1.64165753878455e-05,-0.0147593927006195,-1.57411569351306e-06,-1.65809403011819e-05,-4.01781516159034e-06,-2.66087498403815e-07,-2.8904953663894e-05,6.63749131268054e-05,-0.000177960516734479,-2.86899709023201e-06,-2.41272635002056e-06,-2.09958033623244e-06,3.99002005335776e-06,2.64772878798459e-07,-4.87587269573261e-07,-2.48158234120216e-06,-1.37711073140837e-05,0.000937156204302536,1.8515031535699e-06,9.45171204769807e-06,-2.90875974747301e-06,-1.5107783397878e-06,-1.599709985032e-05,-1.20304158081996e-06,-2.08692873476247e-06,-2.56036073547574e-06,0.00561653696747341,-1.69014182667635e-07,1.95816750819992e-07,3.72119840891678e-07,-2.85882291414406e-08,-6.51243735497171e-07,-2.70609966447834e-06,8.21227385619162e-17,-4.25927011790762e-07,4.17804066695591e-05,-1.00592488415662e-06,-0.00333190930627777,-1.88073971559905e-06,2.97462948202231e-06,-4.3431121831719e-07,2.06189910795984e-05,-3.61370774542607e-08,2.40269507527879e-09,-3.847641378083e-06,5.62311852615289e-06,-1.76552445809784e-07,2.41616537756805e-05,-1.12229933837578e-06,5.42117481420517e-07,-3.49904481239003e-08,1.26686452459163e-06,-1.16136115091598e-06,2.36015279412514e-05,5.70031472952513e-07,-1.09132613128055e-07,2.35507049651009e-06,-4.54461001658063e-07,4.96683485060385e-05,-2.46132965121721e-05,2.43927533000164e-07,-8.2955859911213e-08,9.60135130632584e-08,6.78868235413891e-06,-1.54940463107322e-05,1.01144273586606e-07,4.03400251147757e-08,-8.68765154621833e-08,7.51567983207729e-06,-1.10733670922129e-05,1.90470984228004e-06,-2.58592632314318e-05,2.58584946908447e-05,-1.43941739855093e-06,3.27851073248674e-06,-1.19361345251668e-06,6.46880847143497e-07,-9.53857450003489e-17,-1.58261009715885e-06,-5.41745677383168e-08,-5.02582196451421e-10,-4.32841171151972e-06,7.64379842627582e-08,-4.72310311549413e-08,-1.43253089788428e-06,1.60067993551594e-07,-9.81288063799338e-07,2.56980460237695e-06,9.37645840546095e-08,-8.28290809241624e-08,1.06885425264128e-06,-1.29277813074241e-06,2.87845303860381e-05,-6.14769509621016e-07,9.17331380326431e-06,3.53089678409084e-08,1.90007626396616e-07,1.44825032393081e-06,-1.19164928711628e-05,2.80858141901617e-07,-1.07172470688416e-06,1.43569447031367e-06,-5.20258950642162e-06,3.24536148305122e-07,2.92976458688134e-07,2.23085238213878e-06,-3.74977778947571e-06,-3.00372797956125e-07,2.43970857612483e-06,-1.59154666603808e-06,3.92849729813977e-08,3.64693024228327e-07,-7.05041812981439e-07,1.52957138196465e-19,2.09489510296694e-09,8.82611264950839e-06,-1.03635579973131e-06,5.88326558959274e-07,5.26051250706517e-07,1.53729792865671e-07,3.56882834085267e-07,-5.2253138076898e-06,1.94501737361527e-06,-2.22440258913977e-16,-1.49790300263192e-06,-1.8274815587862e-08,-5.11870803110798e-08,1.70316020912867e-06,3.87084947524237e-07,-2.62251197207408e-08,-1.00946962961874e-06,2.70516510414822e-07,-9.08446126192983e-06,1.74809521066344e-06,-3.59660947285101e-07,-6.5566953995149e-07,-3.48553250355592e-08,-4.50720152094463e-08,-6.64103334375133e-07,2.80568492704751e-06,-7.30918082336629e-07,2.08413202783508e-17,-2.06257532367473e-05,1.64851855074155e-06,3.66117592952916e-08,4.43675820768836e-07,-1.62384911727981e-06,-4.160351049535e-06,1.61833894097233e-05,-6.01558175780584e-05,-4.62694730787631e-07,-5.91246408262123e-16,-9.96344851779826e-07,-2.96941062446728e-06,-2.05588390962538e-06,1.042335206883e-15,1.66116940968234e-05,0.0456012263533458,-0.035298791818853,8.31257701236471e-06,1.14864761081202e-06,4.05215728121695e-07,1.11015284588302e-05,-1.62322976881278e-07,-1.61015236842489e-06,-3.1948058882983e-07,-1.11085014427741e-07,-1.39664643705937e-06,3.36869167101688e-16,-7.23086785843969e-09,2.48992956684845e-08,4.28563173443494e-07,-7.44006669492035e-08,1.66417540234936e-17,-1.14653509634343e-07,2.39238728582877e-07,-6.79452641807101e-08,-6.18540169787123e-08,-1.60491006549563e-07,1.59827382177494e-06,-2.4630721680241e-06,3.68766137428521e-07,-6.84924607910788e-17,1.3924184777343e-06,-2.41228206146563e-06,5.2007491877224e-06,1.74512003984618e-06,-1.77423965581326e-07,-1.19297698549623e-09,-1.73472347597681e-18,7.89613255132294e-18,-1.16162291200141e-09,-1.34842096295787e-06,1.77902277744704e-07,-1.99739462442649e-07,5.11544156461897e-16,-9.57864141443334e-08,-1.13561102721036e-09,-5.37972850939021e-17,1.05482055701553e-17,-7.55410624954821e-17,2.43228443745723e-07,7.18112081015657e-07,-1.04173909477801e-06,6.16800501721633e-07,3.07566145746422e-07,6.34701801278801e-07,-1.91852384509959e-06,-1.8116180755033e-16,-4.2808101031374e-07,0.000700885134680932,-8.09146581441568e-17,-1.21398071463807e-16,-7.34852514303699e-07,-5.69553873660307e-11,-5.64523645764631e-07,3.40555158976476e-07,5.57085986491229e-07,-2.31248399573766e-08,-3.96542901540514e-16,-7.77645316183487e-08,-1.88825990618373e-16,-2.64992272824853e-07,-2.01282133321934e-16,-6.24255887673579e-07,5.92620693150936e-17,3.78784220551525e-07,8.86576835146712e-05,3.10451718731494e-08,4.07934365060396e-07,1.40514868235065e-06,-2.08811355222562e-07,1.02152446564153e-06,5.08695676825403e-08,2.47454128006151e-07,2.27952234747259e-08,4.62174228493246e-07,-1.00328398897258e-06,-2.47257010097557e-07,-2.00538281548268e-08,-6.20555639553573e-07,2.84991895642965e-17,4.48106144764041e-06,-7.71885817881906e-07,7.5926844657647e-08,4.91346169024898e-16,1.00425339523248e-08,2.71853896246458e-07,9.72049196323619e-07,1.38159974342696e-17,-1.63618849208733e-06,-1.25069555490001e-07,2.53360529419602e-16,-1.65221636412363e-07,3.30764434212543e-06,2.90659326213194e-17,4.89682789131179e-17,-9.36146222565365e-08,-7.2409300051333e-08,-4.12601502751818e-10,-5.72521332053534e-07,1.520473705324e-07,3.10268892202791e-07,4.30842918565049e-08,5.26854520231939e-07,-8.93418533316016e-07,3.9942008034366e-16,1.27728077241815e-08,1.26815180205151e-09,3.49978294451359e-09,3.27528764813453e-07,3.62364716834578e-17,-4.05052580468108e-17,1.07735952031863e-07,-3.96683786615796e-17,8.10788198110229e-17,6.77426579654242e-07,-7.56366968771553e-07,-9.79015344159145e-07,-8.1575085297445e-09,2.47503135977831e-05,5.4317024453449e-07,2.43967229497985e-08,-4.03218364365766e-17,5.94047378185283e-08,2.77608995638535e-09,1.27405197195218e-08,-8.92977659624662e-07,3.52244672986139e-06,-1.06142254673428e-17,-1.4561699812466e-16,8.25096150173755e-16,-4.4283088427644e-08,-1.47600725669467e-07,-1.2371346005512e-07,-9.8376996970513e-17,-1.13129385484014e-07,8.41380985409391e-17,-1.5686030630248e-17,2.66245909782656e-06,-5.84586526053316e-08,-8.97719398817998e-17,-1.43803345039646e-07,-5.15474142886013e-07,1.80922494018785e-16,2.22030562920929e-07,-5.61162438957593e-17,5.92841578825198e-08,-5.30748841658359e-17,5.91482652499868e-08,5.12002143474794e-07,1.28699768315253e-07,1.74406996335392e-08,1.1974761159657e-07,-5.37936786969989e-07,1.6560458618069e-07,-9.3137952169916e-17,6.79112335464308e-05,-4.0163514735709e-07,-2.75853986279524e-16,-7.07147623530133e-08,-1.61869376970218e-07,3.39503367324936e-07,-3.38465293706319e-17,1.21500808701865e-07,1.11480708250827e-06,-6.57305515805174e-17,-4.01529303548538e-07,-8.88257886323245e-08,-3.21007844112819e-08,2.05111491605436e-17,4.21474138541878e-17,8.27297822430277e-08,2.5331192884579e-08,2.0494146401642e-09,-0.00012768259116513,1.49815213502763e-08,6.49173645509379e-17,-4.29119641535869e-17,5.47195075024339e-08,3.77189130098161e-10,-1.20802898849955e-16,1.32268874425948e-07,-4.60516989957677e-18,4.74361783903117e-07,-2.53101875448029e-08,-1.47883692584299e-08,-9.80379400565937e-08,-1.08162400609573e-15,3.1322460008173e-17,-9.79222888937824e-17,-1.22058555444499e-16,-5.45726324276375e-08,-2.45120269733417e-07,-8.24844457616427e-17,1.88108265364611e-17,-1.25115116038894e-16,2.66385780917927e-07,3.09978234866279e-09,-1.31777385184549e-07,-1.1461703848401e-16,-1.07661275727811e-16,-2.70508442035133e-17,-8.15580054494401e-07,1.73067705587647e-07,-4.9281607960829e-17,3.92704554503574e-08,-7.93254543775795e-07,-4.48449698184835e-17,-6.99442838419172e-17,-7.91185144120097e-08,-8.1060350268267e-10,-3.91911227699136e-08,6.29522115094388e-17,4.40917234277235e-08,6.42062321353017e-08,6.88843278721236e-08,-6.27818830092811e-08,-2.23616556385753e-07,2.46617870787918e-08,-1.31431785585378e-16,-2.9087628360593e-17,-2.44321283078317e-17,4.68555558837882e-07,-3.27652595681996e-07,-1.78381985879813e-08,-1.40317109115428e-08,-9.04068229902132e-17,-6.32214904545824e-18,-3.06929181821208e-17,3.0486223739404e-17,1.98111586089052e-16,4.63415902092799e-07,3.33531630379209e-17,5.03977131197861e-18,-1.08389891059672e-08,-2.38754774599456e-16,-9.70269900267907e-09,-2.47742931192249e-17,-1.20290768465893e-08,1.30703397743985e-17,-1.45671408229819e-08,-1.82310743473270e-09,-1.4897600448012e-06,1.67501716593596e-17,5.85132254972084e-08,-7.57135234799176e-17,8.30308889970391e-08,-1.01033833071011e-06,8.0794803438581e-10,-6.2085943812886e-17,1.17874761786483e-07,-2.37062619324119e-16,-2.89717889415074e-08,-1.63527947561549e-07,-1.0488642004033e-16,-2.28288054459384e-17,7.70591135377046e-17,-2.05215419682317e-17,-5.48963570807914e-10,-7.14861759808766e-09,-1.59625896906525e-09,9.0143244264282e-17,-2.69256117520503e-17,-1.16724147242652e-07,1.23246588585712e-06,9.91013124235841e-17,-1.62915340571136e-16,-7.27488739600341e-09,5.78264681982619e-17,-5.15558951872611e-08,-5.61062618932167e-17,4.86777665263018e-07,-9.43687205991827e-17,1.7857296825062e-16,3.68818459656132e-17,4.80896588701293e-17,-2.47034812715002e-17,2.33074924048734e-16,8.37068575701003e-08,-5.85410499975194e-07,-2.01335784169722e-16,-4.34148480080683e-08,1.65147692584726e-07,-1.21526273838974e-16,1.65316633444993e-16,-1.64381054314661e-17,3.2142497779849e-17,1.62823905494427e-08,2.6039792147674e-09,-4.60043738849543e-17,2.91627432084905e-17,-2.95705159446547e-08,-1.05484190958887e-07,-1.10396355273553e-08,-8.15803658772382e-17,-3.5925401374633e-18,-1.18541956379166e-16,-7.40180283047066e-17,-8.48101422694096e-17,-2.02001319674574e-16,6.23218504186491e-08,-5.89456792145338e-08,-1.13343635095252e-08,-1.95121631043905e-17,3.8124403461963e-17,2.97667344141882e-17,-3.59949725336991e-16,-1.09483296737769e-16,-2.22723725132361e-17,1.12842477310139e-16,-5.45406427862548e-18,-2.05054592297619e-17,4.08784362171001e-17,-8.18439159790129e-17,-2.25595498928247e-16,1.23007889461258e-17,6.11705478895265e-17,5.55910874868639e-08,6.51006028090459e-17,1.8550758824095e-17,5.16206558354471e-18,6.07863847376258e-07,-1.05944512287881e-09,1.10499706068854e-16,-2.03052022065499e-08,5.5539031038998e-07,-1.58179964509867e-18,-6.87034573740775e-18,-1.54963415858949e-07,2.15607048459064e-16,1.36677748743317e-08,-4.21063292719169e-17,-4.75337568787945e-17,7.35081697906525e-17,-1.46228441543504e-17,1.93502470603726e-09,-2.65712349272992e-07,-2.29908279916242e-16,-4.99524899028071e-16,-9.51007109986406e-18,-6.71753793139881e-17,7.69783542464708e-17,1.41338405269699e-16,1.27812154399699e-16,6.10963195875854e-17,2.85382488610557e-08,-2.65279327616046e-17,-7.23198673796453e-17,-2.25111732390507e-17,-5.32884711806133e-17,1.53495161354236e-16,-1.22111444270916e-17,-6.29629501948599e-08,-3.20299624980601e-18,-1.80182017824657e-16,4.69401552896701e-08,1.91975668242731e-17,1.74751219913368e-16,-2.00005608048862e-17,-5.12207579778117e-18,2.70048550328001e-07,2.29962501647475e-17,-2.88653260811027e-08,-4.32832384478824e-17,1.97841135825551e-18,-2.8614148986967e-17,1.23196707013402e-17,6.15679379250732e-17,-2.34099216409911e-16,1.0427192668009e-09,-1.13919619921637e-16,-1.48891870787805e-16,5.25441978791423e-08,-1.30138028170712e-07,-5.6864609394961e-17,9.11472072825873e-08,1.33488906033581e-08,4.17395203007084e-16,-6.77508107192441e-17,-2.22595299096803e-16,-8.01592699419716e-17,-2.23675927491922e-16,-2.24046606255995e-08,1.67359420584657e-16,-8.88513874165324e-17,-6.96954268944293e-17,8.96833208280406e-09,-4.69832393011912e-17,-3.16382918689745e-16,-2.3422165934877e-16,4.7675356862205e-17,-4.085436132002e-09,-6.38925311112367e-16,8.48329445785129e-09,4.9765187431118e-17,-1.29754662643735e-16,2.9885108588637e-16,-4.96883067454211e-17,6.96416656920434e-18,-1.94520434768459e-16,-9.59084612956136e-18,-7.79173119908169e-05,7.91816452687403e-18,1.23959702983627e-16,6.18041808234209e-08,-8.1940363107162e-17,3.63647628617109e-17,-1.13436496255273e-16,9.97602168327018e-18,-5.02206536195935e-17,2.97320363772382e-17,-6.49756215081196e-08,5.02181440389335e-17,1.38670736245238e-16,1.33560232652464e-07,-4.44845142102952e-17,-1.29960174053311e-16,1.26465715181449e-16,-2.17991636725224e-16,6.14184067886035e-16,-2.43046383936704e-16,9.77757350126441e-17,-3.19642002329974e-17,1.06130032452497e-16,-4.8052481511217e-17,3.67242147890123e-17,-7.1796101228579e-08,0.00130236900623164,-1.862903331593e-16,-1.59102949537731e-16,2.73471023052942e-17,-3.52947094007893e-16,-1.26743233963555e-16,-1.03039803674375e-16,-1.38764200281508e-16,-3.9107172449162e-17,-2.8895395378339e-09,-1.65696842458262e-16,-2.88920729403083e-17,5.79891442496821e-17,-1.17693841778299e-17,3.70810731007229e-09,-5.1091653895545e-16,-5.25183564828737e-09,1.08672842880537e-16,-7.73365655233703e-16,5.24520497912937e-17,-2.8846081202895e-17,-3.71741491660267e-16,-1.9479776449676e-16,2.25120014535346e-16,-2.22224397678195e-16,-2.97580493383781e-16,-7.29523124762019e-17,-1.03866391000859e-16,-9.67586916773082e-17,1.18675124377341e-16,-1.73342952248722e-17,1.33822877687822e-16,-1.24691541808588e-16,1.44463461229011e-16,-1.62625860318391e-17,4.77428169578895e-17,-5.70632216324474e-17,5.49690501450151e-17,-1.13759754895193e-18,2.89817453292709e-16,4.63684443938349e-17,4.64414625762662e-17,2.79962298043765e-10,5.3364384426244e-17,1.41893000585385e-16,-1.12806314402087e-16,-6.0018900742258e-16,5.88890338193561e-18,1.24147169025304e-16,1.91852859701701e-17,-5.15400332907692e-16,1.89684055860357e-16,-2.06743142153694e-16,-4.09069479678781e-16,-1.97162943174711e-16,1.38922909756791e-16,8.92687270091386e-16,8.56689375127613e-16,-3.49685310627017e-16,-1.56967452388036e-16,-3.60209654769533e-09,2.32672066450597e-17,-4.68181103335671e-16,-1.17683656489092e-15,-1.3464207804657e-15,-1.23011932886171e-15,-4.80830235355426e-16,-8.20868156527955e-16,-2.95092718265554e-16,7.38543894831846e-17,7.6292358618364e-10,1.43019805448552e-15,-1.44982133106588e-16,2.11439649206729e-15,3.96705773465136e-17,4.74470513226027e-16,2.18084022741233e-15,1.63265846679043e-15,6.14358967096635e-15,9.14770818129431e-16,3.23871388525834e-15,7.73353701392442e-15,-3.22734219670177e-15,-0.707106781186548,3.84760970578654e-09,6.5256870088252e-15,5.85276629653521e-16,1.6551690843804e-15,1.50162000889242e-15,-1.15790793549412e-08,2.15506613989545e-15,-1.71347960517362e-16,1.66162419996538e-16,-3.25001297256146e-16,4.60077639565206e-17,3.44445608916583e-16,3.24328476697317e-16,-3.77528003607945e-16,3.33425417104163e-16,6.41417761886165e-17,1.23667925661799e-16,-1.4339462980454e-16,-2.31947842744393e-16,-2.01177934404992e-16,-5.96208570780194e-17,4.41303714231003e-17,-1.50486655245897e-16
"t338",-0.031183558200905,0.00702302322595368,-0.00849371931677552,-0.0180570147668856,-0.0167020391660485,0.0226344667588332,-0.172519328632897,-0.0357517164416169,0.000537642205709988,-0.00121286531364727,-0.000385393525495334,0.0107091542501439,-0.0148729467448327,0.00192651084166351,-0.000301855401218822,-0.00528629872277359,-0.000283819892575297,0.0012560612123421,-0.000145606609923545,0.000141705413943937,-0.00425526596282773,0.00104411370417477,-0.000665841509186578,0.00442933385633014,-0.000703791982982657,0.000697099032568135,-0.00107717222315999,0.00122996070661556,-0.0465917378353918,-0.00188740577404573,5.67721703161083e-07,2.06618206474176e-06,-0.00154789994355013,4.7906141802262e-06,-3.09007818241524e-06,-5.58024148610334e-06,-0.000225172459321974,1.62643446818044e-06,1.33009017650292e-05,3.69742355931408e-06,0.000195446415244352,-2.46928241580786e-05,0.000189894176868911,-2.18762708375149e-05,0.00117937603011543,-5.26042318161772e-05,0.000178410939890978,-0.0748993803971049,-7.96627984244144e-05,5.7530122432253e-05,-0.000152716690853851,9.30789295499976e-06,-1.22620287113375e-08,2.13443842438698e-05,-1.459234549228e-07,8.43307020441546e-07,2.6079749038728e-08,6.1574332147207e-06,-2.5405805711863e-06,4.04700574913694e-05,0.316524625805979,1.71175709214305e-05,-0.000353425964757716,0.000174472516707775,-8.77374341283465e-06,0.000173845004917436,-8.78979069810041e-07,2.93283572342778e-05,-7.84247709351923e-05,2.97258578622535e-05,-2.0041222005657e-05,6.55623027784238e-05,-2.2867594219001e-06,-0.00010923158086209,4.58574976618149e-05,7.23079382256465e-08,-0.000497255188116338,6.96036707252339e-06,-2.61803413383377e-05,-3.1273308711262e-05,9.5524739735887e-06,0.000144706966067321,-2.02959365539602e-05,-0.000135069386962937,1.40008991511431e-05,0.00371660169275218,-0.039575958636512,4.94351775267412e-05,1.25048001649215e-05,-0.00266363781692161,1.65388889925131e-05,-2.72717086283528e-08,2.89089601823598e-07,-0.000152886179404846,-1.73576193321561e-07,-7.78968824977175e-05,-6.10934546687624e-06,4.84609066145552e-05,-5.73279332255812e-05,-1.71173801073229e-05,-4.0120467838313e-06,1.95471788821622e-06,-5.55845787358698e-06,2.9441832107309e-06,-1.34536526546017e-06,1.57985978996986e-05,-8.2496114028093e-05,2.26143457320498e-05,-1.4116615273299e-05,5.13208759131488e-06,1.84337340118977e-05,0.000201964565826769,-0.0389951617387383,0.00935203428423237,-1.52055945817617e-07,9.75908649834366e-06,-1.65034853818205e-05,2.60872818053977e-05,-4.7601729794598e-05,0.000313160550904055,-0.126896231015541,-7.67857273431732e-05,4.34685365156695e-05,0.00011775024928137,-4.74523990380633e-05,0.0020114923664217,2.73931885899255e-05,4.2177164087858e-06,-4.58459776814991e-06,-0.000150117259734137,2.36652953981118e-06,-8.80982938655727e-06,9.71637264727646e-06,1.83402565633859e-06,-6.67626719012719e-07,-2.26553248481806e-06,6.82794676547125e-09,2.06337108649594e-06,1.53833397300375e-07,-4.97436217499825e-07,-5.24722680721487e-08,-2.4252148307667e-06,5.93910229042585e-07,4.08201034046604e-08,1.68626678917288e-07,-1.19200984295446e-08,-8.55834183882244e-07,1.68605508281024e-07,1.1573253563932e-08,-3.14505759288278e-08,-6.38894679481482e-06,-1.5067915120973e-07,-4.2836721640216e-06,1.254004898662e-06,-4.27966189431716e-07,-3.80986894551911e-08,5.80202868842712e-07,-4.69613982542242e-05,-2.38243714612269e-07,-7.99482954565996e-08,-4.18066356281412e-05,8.26669129495248e-07,-5.10582688621993e-07,-6.83442344270503e-05,9.22648285118784e-06,-3.9414693798099e-05,1.92297141730222e-05,3.61836629263597e-07,1.84722770741103e-05,4.1905852198235e-05,-0.00379548606865754,-0.137959880149591,-6.76023511478343e-06,-1.39041649724454e-06,-1.50947098730079e-05,-3.08741688076457e-07,-1.16619125847775e-06,4.18688907014957e-06,1.63881510445861e-06,6.04120105676654e-05,-2.72016624827565e-05,-4.54055717246757e-05,1.01935291802868e-06,3.01596258283145e-08,1.07801187290533e-07,1.54899205426726e-07,2.9895879579382e-06,-4.71344837562491e-07,-2.09239529884902e-06,2.06606839222673e-05,3.14610693983083e-08,-4.04817561488026e-08,-1.40156702879256e-07,-1.43269469395932e-09,-1.58252833398995e-08,1.03501295783117e-08,1.48638820927945e-08,4.29602228127046e-08,-1.53988640340134e-09,5.98091864046271e-09,6.25246886124336e-09,1.4733108125952e-06,-3.19772323775989e-10,-2.29978884542405e-06,-5.23698252035585e-07,-0.000481220484954964,-5.45274322212745e-08,-5.96130431266759e-07,-1.56911702425689e-07,-1.12193999022364e-08,-1.27529059384549e-06,2.96235903894206e-06,-8.26009120214674e-06,-1.35002742666884e-07,-1.1356548711229e-07,-9.95168371259936e-08,1.89992447153985e-07,1.25930115819788e-08,-2.28011572714371e-08,-1.13497148569869e-07,-6.23743883459606e-07,4.03149705923189e-05,7.84525754862136e-08,3.9337650584772e-07,-1.1355837633503e-07,-5.8117095456134e-08,-6.1309779149234e-07,-4.20087188519781e-08,-6.80717012817912e-08,-7.64464554916691e-08,0.000160276063004081,-4.58425318098752e-09,5.04402278216075e-09,9.43892646730947e-09,-6.16949509514778e-10,-1.24309854951184e-08,-4.40348027438992e-08,1.94549250353005e-16,-5.12293109700838e-09,4.65869101295112e-07,-4.85572289952951e-09,1.16752934563082e-06,9.05411585131464e-09,-1.5133926617078e-08,6.02136693178453e-09,-3.17512049736573e-07,5.82232428057658e-10,-4.70199278237842e-11,8.44731435834394e-08,-1.48491910202283e-07,5.01802175451145e-09,-7.06988243829282e-07,3.80721542547782e-08,-2.97229139308742e-08,2.19632843151667e-09,-8.81795384168378e-08,9.88962191959527e-08,-2.03678273157243e-06,-5.57397879438139e-08,1.13965622869477e-08,-2.68883030480554e-07,5.33363503846235e-08,-5.99691321204657e-06,3.08855126365473e-06,-3.23538026426569e-08,1.10715353604188e-08,-1.46307132512667e-08,-1.03749768837825e-06,2.37568188820032e-06,-1.60470501325076e-08,-6.48093409473555e-09,1.45172679597429e-08,-1.26498801262522e-06,2.32188182633153e-06,-4.08562050548496e-07,5.64662849850032e-06,-5.87892361382126e-06,3.37794942923337e-07,-8.25056445102e-07,3.0641452231983e-07,-1.68674282232653e-07,-2.73948776844919e-16,4.35054228156443e-07,1.49949839743069e-08,1.42234138184924e-10,1.29001932585589e-06,-2.37951935996255e-08,1.50060396887462e-08,4.59724993017172e-07,-5.82595289971622e-08,3.59995693157256e-07,-9.44773708522857e-07,-3.57281532672104e-08,3.48565613146822e-08,-4.57454264556902e-07,5.59790075890949e-07,-1.29499322336801e-05,3.18870831198294e-07,-5.04328008788467e-06,-1.94776392036099e-08,-1.04919972162802e-07,-9.20837634217602e-07,8.88511762884329e-06,-2.13670075847926e-07,8.39671489086682e-07,-1.16560934718234e-06,4.27024676123493e-06,-2.91760349830279e-07,-2.65197570190423e-07,-2.04484575125587e-06,3.46676187399881e-06,2.85648647703023e-07,-2.39368921661867e-06,1.60731884786886e-06,-4.01784990356269e-08,-3.81070712261941e-07,7.71215072848682e-07,1.1360284484584e-16,-3.04150873458054e-09,-1.31896211794866e-05,1.61753561644267e-06,-9.19442532921637e-07,-8.23240864133882e-07,-2.43170996809132e-07,-5.76083575281004e-07,8.64160843244255e-06,-3.38026183666282e-06,8.65632860867135e-16,2.92402792115861e-06,3.62024002793539e-08,1.0467019428409e-07,-3.49599332801826e-06,-8.6070717689326e-07,6.10023124062601e-08,2.50585725805989e-06,-7.02912982406889e-07,2.61364674931428e-05,-5.54693794128555e-06,1.21793992043212e-06,2.30540266673049e-06,1.25499067782314e-07,1.69408590420725e-07,2.50811600966482e-06,-1.09315159210682e-05,2.9186442766786e-06,2.96786989738104e-16,0.000100143274877577,-8.36111421928173e-06,-1.85771823649686e-07,-2.56706723221669e-06,9.59363181293512e-06,3.26351763464287e-05,-0.00013929922457254,0.000527796828344849,4.37641700195855e-06,1.01292481072109e-14,1.03276407143826e-05,3.19042504662939e-05,2.55172968493131e-05,-1.3543798264492e-14,-0.000246497568483363,-0.708802055309374,0.562443852550481,-0.000139659576937629,-2.12167512288322e-05,-8.08212092245144e-06,-0.000236049938175918,4.27755580737806e-06,4.36565837312413e-05,1.03885715569726e-05,5.50795878705454e-06,7.11327665738302e-05,-5.28006619260572e-15,-1.92770665036884e-05,6.61881108361092e-06,3.8503829168407e-05,-3.37107223174266e-06,-3.22049399116612e-17,-2.56436749343485e-06,3.48207518376955e-06,-8.59699892846227e-07,-7.38529672230616e-07,-1.79653543159368e-06,1.6067799676315e-05,-2.13544213978218e-05,2.43013837439666e-06,1.31909330059543e-15,7.6982224373951e-06,-1.31608907918415e-05,2.76228688457606e-05,8.9464672187875e-06,-9.07181438977428e-07,-6.04147642386016e-09,9.92261828258734e-16,-1.60078584656126e-15,-5.58176138826188e-09,-6.21176401162328e-06,8.15418303963201e-07,-8.83964630637844e-07,3.98863763853561e-15,-3.95301805347456e-07,-4.55546252029285e-09,-5.8598182796434e-16,-5.19546014258656e-16,5.42579164682682e-16,9.00654863439019e-07,2.6343464847083e-06,-3.70489430040072e-06,2.13984985473792e-06,1.06402127986446e-06,2.14160038459846e-06,-6.45537812775118e-06,-1.70374637544257e-16,-1.37493670878932e-06,0.00221695318870663,6.54879386606955e-16,-1.09802760120004e-16,-2.19942022166571e-06,-1.68381920563391e-10,-1.64255930634143e-06,9.80693615628622e-07,1.57387949530561e-06,-6.51365571361534e-08,-6.17738906890831e-16,-2.18153373473051e-07,7.93298142597289e-16,-7.34903817688859e-07,-6.54695481855372e-16,-1.71704651204022e-06,1.76735975442731e-16,1.03126338958431e-06,0.000240885412087083,8.2191616172334e-08,1.07429331579828e-06,3.69235529401037e-06,-5.43577310649363e-07,2.63817184198775e-06,1.29056330709788e-07,6.27695589985053e-07,5.75172919449583e-08,1.15514628099054e-06,-2.47689248957519e-06,-6.04336092270107e-07,-4.86395009889932e-08,-1.49953849609953e-06,-1.52925597219341e-16,1.07069926056061e-05,-1.82508732543498e-06,1.74568870944166e-07,9.91785301739265e-16,2.29131052997688e-08,6.13336500208692e-07,2.18284034059631e-06,-9.91117208668183e-19,-3.66550945288713e-06,-2.7760782623319e-07,-1.76513037209403e-16,-3.65099211602331e-07,7.12488028276816e-06,4.69012625398294e-16,7.66185702284048e-17,-1.99758913997621e-07,-1.54381507529359e-07,-8.76297226275356e-10,-1.21050272576561e-06,3.18313396598411e-07,6.49006977110342e-07,9.00151576239811e-08,1.08695791928845e-06,-1.82504998041428e-06,-4.75205812200397e-16,2.59965892814541e-08,2.57946725037172e-09,7.10317226022739e-09,6.63025250244485e-07,-7.0950203384504e-17,-8.78211591301804e-17,2.17324276964162e-07,-3.28377195334384e-17,1.28834272032251e-17,1.33772121375339e-06,-1.4883437012008e-06,-1.92631890766523e-06,-1.59297270230812e-08,4.82828201963685e-05,1.05938591965931e-06,4.75166958647989e-08,2.95649884731055e-16,1.14046732289616e-07,5.31370667933979e-09,2.43627011214611e-08,-1.6993300613071e-06,6.64547411442292e-06,4.03353609086548e-16,1.4307115404838e-17,2.11475284499051e-15,-8.254292062956e-08,-2.73730269404586e-07,-2.29342581824924e-07,-2.17897284351424e-16,-2.08711442081188e-07,3.8189190155234e-17,-7.70774729071825e-17,4.81255040919959e-06,-1.0564114792848e-07,-3.03576608295941e-18,-2.58616466877202e-07,-9.24455814088535e-07,5.93871799061645e-16,3.95959002477377e-07,7.08876889071214e-17,1.05023223350314e-07,-1.07118912101248e-16,1.04720472630799e-07,9.06071435977507e-07,2.27637586773417e-07,3.08260557920228e-08,2.11310407523388e-07,-9.4358772004217e-07,2.8811028417176e-07,1.41321591830534e-17,0.000116976367225579,-6.91087322711024e-07,3.78459068858247e-17,-1.21508628319427e-07,-2.77438655261335e-07,5.80585127522441e-07,5.60214404222795e-16,2.06206167012281e-07,1.88919465175631e-06,6.71655193429873e-17,-6.79110022677459e-07,-1.50086761460031e-07,-5.40468392756277e-08,-4.62210058059397e-16,8.57059677691401e-17,1.38137133281883e-07,4.21493809742922e-08,3.40766496026258e-09,-0.000209187322425964,2.44871558567347e-08,6.93442396292422e-17,-1.21540529388335e-17,8.92943173614104e-08,6.15392649194905e-10,-3.74913240825175e-16,2.15216862870665e-07,-1.24848316861788e-16,7.69842331749118e-07,-4.09312825121859e-08,-2.39095825646853e-08,-1.58351083785211e-07,-1.83203241875624e-15,-3.82668203213136e-17,3.47224998299372e-17,-2.16729971573583e-16,-8.73835862359507e-08,-3.92218958823315e-07,6.13599235303478e-17,6.11655949045664e-18,1.37354409945364e-16,4.25167520910552e-07,4.94203926569635e-09,-2.09475967740005e-07,5.48762963108434e-17,3.60171961699685e-16,4.55798593312906e-16,-1.28374994537217e-06,2.72323158413354e-07,-1.11238443498079e-16,6.1559755809772e-08,-1.24161639359391e-06,-2.1244380487973e-17,-1.97426577118748e-17,-1.23400242809764e-07,-1.26393218885073e-09,-6.09827302442135e-08,-1.5412970604011e-16,6.83736574064936e-08,9.9379034449054e-08,1.06343233157931e-07,-9.65818148458764e-08,-3.43682371810221e-07,3.78370238564381e-08,8.62755752278913e-17,-1.53372822900684e-16,9.72817324649994e-17,7.11847316240935e-07,-4.97708241075086e-07,-2.70630550669212e-08,-2.11572210718396e-08,-2.42753078887849e-16,8.72062426228982e-17,-2.01804818437005e-16,-5.28760592822698e-17,-3.53638762004268e-16,6.94323875384714e-07,-2.8021879363451e-17,-1.0181940159105e-16,-1.61999173747189e-08,3.21695706899726e-17,-1.44997270370788e-08,9.84372479468708e-17,-1.7972318267553e-08,3.44940595172373e-17,-2.1672647110383e-08,-2.70966919461008e-09,-2.21085250838926e-06,-2.38962996509153e-17,8.66738031349457e-08,9.95842379467576e-19,1.22493478328464e-07,-1.48277521016006e-06,1.18547990726691e-09,-2.97946551634144e-16,1.72593649709955e-07,-2.97484609971119e-16,-4.22819484125262e-08,-2.38617408301711e-07,4.98620700526337e-17,-6.84130897018711e-17,8.14268984394077e-17,-5.17512258800833e-17,-7.98893222530942e-10,-1.03958696192723e-08,-2.31946000412994e-09,-5.1664103144712e-17,5.22763171132833e-17,-1.68949211490917e-07,1.78359314709524e-06,-7.58622768424845e-17,2.90596625288041e-16,-1.04778279936012e-08,5.26643261810885e-17,-7.41795330539142e-08,6.05496504702205e-17,6.98348142587832e-07,9.20186346934496e-17,-6.18759239304193e-16,-1.22781457713143e-17,3.98480370831689e-17,1.04855093413877e-16,2.87291657021704e-17,1.19390778733433e-07,-8.34905733217486e-07,-3.88814195915944e-18,-6.17935389602653e-08,2.34862815273009e-07,-5.07659774886272e-17,1.42589576136815e-16,3.40820769827032e-17,2.02630076245042e-16,2.30731547964153e-08,3.68694484337297e-09,-1.09442958017254e-17,-3.50217917119716e-17,-4.18300646701732e-08,-1.49198720332881e-07,-1.56083634074223e-08,7.85461707916987e-17,-1.25344525472946e-18,5.53272364415777e-17,-7.27983734692569e-17,5.61796271956028e-17,1.78836259922982e-16,8.75451301746753e-08,-8.27530100321577e-08,-1.59027212388093e-08,5.55956846853481e-17,2.19092709776574e-17,-1.11024904439288e-16,-1.00559770601628e-16,1.2591747814866e-16,-1.0816792091875e-16,1.03737420395914e-16,2.67796176856677e-18,1.07981579321381e-18,-5.32193814119993e-17,3.34955079852575e-17,-9.23071045408255e-17,-1.07675478236983e-17,7.65233724889813e-18,7.72359020291961e-08,1.9346251551078e-16,-2.81917230675844e-16,-4.22305054130005e-17,8.43463568674539e-07,-1.46964043973442e-09,1.50637640762457e-17,-2.81618299272048e-08,7.69087971969031e-07,4.92401998373923e-17,1.76779977376513e-16,-2.14176043612642e-07,-1.85760799539476e-16,1.8846233533938e-08,-5.25364327281533e-17,2.31156811960971e-17,-3.04058331914121e-17,3.08166690739391e-17,2.65848405855945e-09,-3.64966466116261e-07,2.11723756078394e-16,1.73715408800633e-16,-4.43645622699588e-17,-1.28402203796944e-16,-3.17671236538253e-16,9.91830509960415e-17,1.13174874438513e-17,-6.24476978674802e-18,3.8721178169362e-08,-2.16485823511847e-17,-5.58692086936121e-17,-4.27526848206321e-17,5.48852358737748e-17,7.95351590532348e-17,6.34851350513778e-18,-8.52133214838825e-08,-5.01733875765762e-18,-2.17621323308371e-17,6.34989758138603e-08,1.03254458717146e-16,-1.13081010000976e-16,1.12513279270251e-16,-1.95463323932447e-16,3.63387647152247e-07,-5.26400126622892e-17,-3.88066742714652e-08,5.06823211700429e-18,7.66660815850206e-18,6.84243086390126e-17,-1.05097730512945e-16,5.22512623610367e-18,1.73345869900954e-16,1.39926147193309e-09,3.20664516071257e-16,-8.80566714684747e-17,7.04138432379441e-08,-1.74384424721593e-07,-3.64980409157133e-17,1.21995563186141e-07,1.78603766018905e-08,3.75730368409303e-17,1.54137337498096e-16,2.45266935022431e-17,-4.70329469807105e-18,3.00526566138837e-16,-2.98316866032444e-08,1.214134969446e-16,5.30160749200325e-17,-2.95730275431611e-17,1.19286716816975e-08,-3.06866566930673e-16,1.35705716710888e-16,-1.87515280269095e-16,-2.74898444546727e-17,-5.42747798293898e-09,-2.76345319676387e-17,1.12665113573555e-08,-6.42517325973515e-17,-2.49466872451979e-16,1.94146913774389e-16,-3.31984391662599e-17,5.09319350366e-17,4.17692260640495e-17,-2.87615571736852e-17,-0.000103389158408415,2.25334378597565e-17,7.8237404855029e-17,8.20154719709395e-08,-1.27510417621803e-16,1.04948065035353e-16,1.57835455587198e-16,-3.85456415945807e-17,-1.49676825446129e-17,1.22451670563519e-17,-8.63897535188833e-08,-9.47274617368714e-17,2.89851568331884e-17,1.78010592726486e-07,1.19399675129028e-17,-9.78323775957132e-17,-9.34082588157103e-17,-1.12025621735873e-16,6.4952083632561e-17,-3.78140699350448e-16,-6.24327507727026e-19,-3.75293837863089e-17,2.88084142547351e-16,-3.46158045511148e-16,3.53141079270586e-17,-1.09538106254137e-07,0.0121275342494846,-3.5256780448311e-15,3.1390761478433e-18,-9.77849136030315e-18,-3.73923402806644e-17,1.00397121172158e-16,-1.18934471104957e-17,-7.09784818268633e-17,2.16727010329726e-16,-3.6247765235533e-09,-1.15499148975427e-16,1.14344899236831e-17,-1.21492937781745e-16,-4.16763567534036e-17,4.71637282684193e-09,4.14966202029762e-17,-6.70565262740094e-09,1.15768527814062e-17,-1.26332895011278e-17,4.20214688427452e-17,-1.13192234787506e-17,7.37499700619674e-17,1.21681774957698e-16,1.01814697649058e-16,5.40728799402496e-17,1.19468980512322e-17,1.87625363385201e-17,-1.7407931235025e-16,2.77662396910895e-16,8.07944611948039e-17,-2.37402253456146e-17,-1.42751647602069e-16,8.5302631872352e-17,-4.87100692105165e-18,5.63659186243373e-17,-2.42063421173916e-17,5.73036522757466e-17,4.7271214720368e-17,3.01596844973832e-17,-1.72834651094545e-16,-2.59261334094562e-17,-4.39035074947456e-17,3.56650914117983e-10,1.61656041956526e-16,-2.17791932562104e-16,-6.44087576826381e-17,2.35021919409557e-17,-1.02479176934963e-16,5.98224921915119e-17,1.14893079731671e-16,9.24964235746423e-18,-3.64901331469595e-18,-2.63508189329229e-17,7.97972798949331e-17,1.01485500504242e-16,7.40544207693126e-17,2.24598052107022e-17,-4.73487340523939e-17,3.63851429332075e-17,-8.69670189942969e-18,-4.56821125477067e-09,9.37304211366194e-18,2.21792628878285e-16,-2.97926684370541e-17,-3.16340222319938e-16,-1.32012107174275e-16,1.6036807761849e-16,-7.63660853918772e-17,-1.28418128622519e-17,4.67938989434305e-17,9.62557922137242e-10,1.21110131104794e-16,6.9189546734282e-17,-2.50082887191571e-17,-1.68025918244051e-17,3.34482794759183e-17,-9.45583708427687e-17,3.39413701586423e-17,5.28868596467741e-16,2.63607773578347e-18,3.08509121233649e-17,3.18221580946459e-17,2.40275618349602e-17,-2.98827641654788e-16,4.82837196270666e-09,3.22148149419479e-17,-8.18836306974986e-17,-2.98401486259234e-16,-6.9410623082522e-16,-1.44939780225751e-08,2.47221578367708e-16,-6.70724293973081e-17,2.92820668041994e-17,1.47187852699555e-16,-7.96497271273421e-17,-3.2588616855668e-17,7.03517835915734e-17,-7.6610554824763e-17,-1.26421899688404e-16,-1.03742617830944e-16,-5.42812474979894e-17,1.56744078180319e-16,-1.57538645403712e-17,1.03933051315253e-16,-4.33052198355494e-18,4.52755490223439e-17,-4.60473584816595e-16
"t787",-0.0312308141754003,0.00704548704388211,-0.00852176868284597,-0.0181370172402184,-0.0167927237363176,0.022778771515638,-0.17364093791377,-0.0360027533820956,0.000542105811867,-0.00122509387613152,-0.000390334764304179,0.0108787583782038,-0.0151154779051812,0.00195840836307151,-0.000307074294563685,-0.00538317274545329,-0.000289147206396528,0.00128007166290206,-0.00014845548689733,0.00014472181977411,-0.00435338668616778,0.00107329242947091,-0.000685519025817731,0.00456100039131264,-0.000724797431655023,0.000718924135260819,-0.00111130688642999,0.00126929687773193,-0.0481229611177594,-0.00196104796093302,5.91398733565488e-07,2.15642870987746e-06,-0.00162059912412619,5.02676117649428e-06,-3.25054677840718e-06,-5.89436838589019e-06,-0.000238017185853012,1.72076534968216e-06,1.40778612692986e-05,3.91679392424191e-06,0.000207394313841769,-2.62410216899297e-05,0.000201988120241382,-2.32713215393476e-05,0.00125597571802486,-5.62529494321251e-05,0.000191030020796595,-0.0802455168216772,-8.54942183914726e-05,6.18560008300499e-05,-0.00016461005445703,1.00445402327142e-05,-1.32347487889551e-08,2.30714462157704e-05,-1.58189037833397e-07,9.1459507183208e-07,2.85135314163996e-08,6.74716609667017e-06,-2.78465384594632e-06,4.46059846590945e-05,0.350368464500961,1.8988401934233e-05,-0.000392736918737466,0.000193964151797892,-9.78597834677474e-06,0.000194478722743113,-9.89848773902707e-07,3.31273998951621e-05,-8.87078195863032e-05,3.37090255116739e-05,-2.30385400514768e-05,7.61729155248181e-05,-2.66125213540448e-06,-0.00012755749458771,5.35742304661057e-05,8.46019894695182e-08,-0.000582147156315697,8.17262264800498e-06,-3.0946906741773e-05,-3.70683506029786e-05,1.13759468965083e-05,0.000172506782271662,-2.43783448893039e-05,-0.000162610764282746,1.70242871692931e-05,0.00453160124407841,-0.0483892530223769,6.04714607073657e-05,1.52982782687306e-05,-0.00325964481130481,2.02612177325721e-05,-3.3751776006008e-08,3.5811831200735e-07,-0.00019060701346075,-2.18831951746599e-07,-9.83737891273903e-05,-7.71593493388481e-06,6.14710919903885e-05,-7.2836551630459e-05,-2.18823968531953e-05,-5.15493223252709e-06,2.51268230033282e-06,-7.14873603654052e-06,3.87609464438596e-06,-1.77438217218235e-06,2.08656961278763e-05,-0.00010922741333881,2.99630198133237e-05,-1.87270979114233e-05,6.82104858549637e-06,2.45152983091872e-05,0.000269580852152503,-0.0520732876456969,0.0126105740422867,-2.05466562845202e-07,1.32479349164814e-05,-2.24500352360655e-05,3.56913925404982e-05,-6.54901445821842e-05,0.000432672208295075,-0.17574788386218,-0.000107244201556789,6.1045561979109e-05,0.000165398907860986,-6.67073716836676e-05,0.0028438669833982,3.87471935059825e-05,5.99546120520811e-06,-6.61108164422962e-06,-0.000216507085413465,3.41716083297845e-06,-1.28463412812148e-05,1.4195733806435e-05,2.6833059156392e-06,-9.82459711763097e-07,-3.33658401773726e-06,1.01816337244053e-08,3.10828891009156e-06,2.35033074126149e-07,-7.603103186085e-07,-8.03982974125379e-08,-3.72058178407192e-06,9.12973188804832e-07,6.27981564635626e-08,2.59420074336629e-07,-1.84405026075103e-08,-1.33891770758622e-06,2.66852368333178e-07,1.83705977286867e-08,-5.02472289584414e-08,-1.02126386141371e-05,-2.4145912516815e-07,-6.87456256652308e-06,2.01584009730099e-06,-6.98762410670328e-07,-6.23628169687187e-08,9.51424025468684e-07,-8.03079029413699e-05,-4.11754619005593e-07,-1.38400716964798e-07,-7.30361103192825e-05,1.4469156038406e-06,-9.04388065833871e-07,-0.000121234391735285,1.65618504218921e-05,-7.15793005905951e-05,3.61602339668965e-05,6.81268345001209e-07,3.47909922183439e-05,7.93138119012278e-05,-0.00722521714915145,-0.262844853825867,-1.30298851819048e-05,-2.68980047183474e-06,-2.94358700649309e-05,-6.03264622573925e-07,-2.28099442918185e-06,8.34682222197763e-06,3.33382801475544e-06,0.000123331614073229,-5.57211284426841e-05,-9.39571286390368e-05,2.11765624849086e-06,6.28985426135186e-08,2.25649699549317e-07,3.28306111008023e-07,6.35622702099475e-06,-1.03016923797196e-06,-4.5773902481421e-06,4.56285692174415e-05,7.13649371831098e-08,-9.39610001476632e-08,-3.27959279515389e-07,-3.39366811880412e-09,-3.78343283780229e-08,2.54529229046279e-08,3.6782585918845e-08,1.07746767115915e-07,-3.88850180901027e-09,1.59495101556399e-08,1.6718110663505e-08,4.03656528316075e-06,-8.98021692201603e-10,-6.87560648862253e-06,-1.56615363215837e-06,-0.00144781893289873,-1.67151472298592e-07,-1.85177951188189e-06,-5.05405112989824e-07,-3.78823254650136e-08,-4.48159342760487e-06,1.05436464486289e-05,-3.12164285693903e-05,-5.28493393718908e-07,-4.44995343731196e-07,-4.0122619953461e-07,8.27224041851142e-07,5.56910437154249e-08,-1.10134948081035e-07,-5.86012813408144e-07,-3.29969897698533e-06,0.000237529733080604,4.75199266489479e-07,2.45856751770453e-06,-7.8660170463657e-07,-4.11629721367001e-07,-4.36655511792925e-06,-3.41332917170633e-07,-6.05356067868295e-07,-7.60352855283476e-07,0.00168523967036092,-5.12458888594087e-08,5.99454848620343e-08,1.14223674991575e-07,-8.98982977725999e-09,-2.07776455785422e-07,-8.7661726972381e-07,-3.29389312864428e-16,-1.40911428799059e-07,1.38792450058529e-05,-3.43468881668275e-07,-0.00116084045755407,-6.65831694473996e-07,1.05409333320073e-06,-1.58333676062951e-07,7.55169617333403e-06,-1.32631745447624e-08,8.90690421730198e-10,-1.4358361515345e-06,2.12351841834973e-06,-6.70203118270952e-08,9.19142064255529e-06,-4.31867282918022e-07,2.18327114036008e-07,-1.43082579996418e-08,5.24507577384054e-07,-4.93527523583937e-07,1.00478112717236e-05,2.4696634999373e-07,-4.7738149055269e-08,1.0441481289035e-06,-2.02350619519914e-07,2.22133238620693e-05,-1.10752770543867e-05,1.1074654119139e-07,-3.77013213512396e-08,4.46159533436836e-08,3.15617647184555e-06,-7.20750954291449e-06,4.7329333021859e-08,1.89180683309714e-08,-4.10255701921466e-08,3.55367715945939e-06,-5.45317489128113e-06,9.42110797971399e-07,-1.28349210739496e-05,1.29364982737515e-05,-7.24659985138585e-07,1.6739839446938e-06,-6.11940672489778e-07,3.32711564880197e-07,3.17206953472357e-17,-8.23007823177966e-07,-2.82132811384767e-08,-2.6297106084117e-10,-2.29005709702891e-06,4.0826941109667e-08,-2.53405327754418e-08,-7.70293705088498e-07,8.85608061512394e-08,-5.43914369998778e-07,1.4251131203101e-06,5.24349787135095e-08,-4.74337460297548e-08,6.14629109334307e-07,-7.4552812034087e-07,1.67576745472483e-05,-3.7118676976514e-07,5.62507548877733e-06,2.16711042471229e-08,1.16649904214636e-07,9.2450698653878e-07,-7.97161377583615e-06,1.89038499874467e-07,-7.27914774944349e-07,9.86028578588103e-07,-3.58544381780456e-06,2.30319762035614e-07,2.08391487115773e-07,1.59338654959628e-06,-2.68592876473788e-06,-2.17196459704681e-07,1.78291193354482e-06,-1.17469956869065e-06,2.91230465655177e-08,2.72391017369213e-07,-5.35224289717184e-07,-1.75424523376541e-16,1.77216519100074e-09,7.55531370969203e-06,-9.03365676516643e-07,5.13108816297593e-07,4.5905935380982e-07,1.34761440142604e-07,3.15558763308284e-07,-4.66862952264475e-06,1.77588802889551e-06,-1.78678961178672e-16,-1.44167287088638e-06,-1.77099630316789e-08,-5.03527940135316e-08,1.67843364284265e-06,3.96524502083053e-07,-2.74738007100984e-08,-1.09312250909869e-06,2.99991911305776e-07,-1.06408676142785e-05,2.16283674624919e-06,-4.62005392723616e-07,-8.6108057382987e-07,-4.6426026308056e-08,-6.16077656511046e-08,-9.10394856178271e-07,3.92016858680627e-06,-1.03686754291174e-06,-1.03322074001385e-16,-3.3166094973331e-05,2.72905807317293e-06,6.0627032463299e-08,8.03781030693461e-07,-2.98512761038222e-06,-9.40430186557676e-06,3.92696652535476e-05,-0.00014814639623345,-1.20837197119998e-06,-2.48662069978548e-15,-2.79844453752154e-06,-8.58456870972646e-06,-6.6880423862788e-06,3.45413841681347e-15,6.27896095333123e-05,0.17933743174103,-0.141809614664116,3.49587093462359e-05,5.24672147979804e-06,1.98045784051405e-06,5.74294628577608e-05,-1.01881024727289e-06,-1.0371703149296e-05,-2.43211153578742e-06,-1.25650773304572e-06,-1.62057153303702e-05,1.30671709200186e-15,4.17272419255803e-06,-1.41994556373523e-06,-8.09851380422485e-06,6.87961191535244e-07,9.52949875269346e-17,4.90012585224326e-07,-6.17141015209449e-07,1.47219977932063e-07,1.2444548390855e-07,2.96892269315323e-07,-2.56040010244032e-06,3.20459708002204e-06,-3.12584114082095e-07,-2.82824449899824e-16,-8.5698322624147e-07,1.44612423030416e-06,-2.95296274624263e-06,-9.20085155919348e-07,9.30180226904066e-08,6.12633458113947e-10,-1.85615411929518e-16,1.68537197274647e-16,5.30357855880128e-10,5.56711005383651e-07,-7.25401607958635e-08,7.4486235266147e-08,-5.35808297246157e-16,2.93967374231836e-08,3.19477986226434e-10,3.35138542997089e-16,-2.91089964504787e-17,-8.71964155142708e-17,-5.17597513229452e-08,-1.47303765391644e-07,1.87689246279363e-07,-9.91248113260867e-08,-4.87558696797204e-08,-8.85065446770623e-08,2.63485012725376e-07,-5.98254259963807e-17,4.41174438437245e-08,-6.45501930188396e-05,-2.40445889565662e-16,-2.11696143661587e-16,3.95276289999993e-08,2.59267326113248e-12,1.9729690664834e-08,-9.59385969682701e-09,-8.81484984030494e-09,3.21508338630133e-10,-6.01597255091631e-16,8.79531657285305e-10,2.26042262560959e-17,1.0716909280541e-09,4.49943901581484e-16,-7.02842617984001e-10,-1.21432337530401e-16,2.83719018395729e-09,7.75688735268497e-07,7.63420303397958e-10,1.13330385382479e-08,4.08847796673774e-08,-7.24519716764011e-09,4.02551331958775e-08,2.5348817046509e-09,1.23530189806602e-08,1.20786169815896e-09,2.70137655998846e-08,-6.5677861423851e-08,-1.75833796750512e-08,-1.51229201033333e-09,-4.80806461868522e-08,4.23261394949656e-17,3.75065675362905e-07,-6.90352721548414e-08,7.93257120972137e-09,1.61997398243106e-16,1.08989514697381e-09,3.1102176809797e-08,1.13570242095616e-07,-2.85169542548608e-19,-1.93180412975989e-07,-1.53629593164892e-08,3.95100610639254e-16,-2.06718810726509e-08,4.56406700429076e-07,-3.69127667261865e-16,3.90397723897726e-16,-1.33550151347419e-08,-1.03595937288528e-08,-5.98167672281531e-11,-8.42568468565877e-08,2.31081114843442e-08,4.72806039110887e-08,6.59008949099561e-09,8.37714019596212e-08,-1.46249759064681e-07,1.64072314762231e-15,2.1128609652213e-09,2.10147628414375e-10,5.83532806236598e-10,5.50086607215487e-08,4.53894736551561e-17,-6.35076084657147e-17,1.82714399900043e-08,-8.67385493958829e-17,7.41289534644494e-17,1.21509816172661e-07,-1.36877575163481e-07,-1.77202188748046e-07,-1.504277829264e-09,4.57524416233693e-06,1.00460653491172e-07,4.52736723572263e-09,-3.07550426717258e-16,1.14019861428387e-08,5.36461077196157e-10,2.46746723126634e-09,-1.74819850117497e-07,7.02702361953011e-07,6.26426512615665e-17,-1.17726916535738e-16,-6.3530267790286e-16,-9.06066894661126e-09,-3.05143465095223e-08,-2.55957764819014e-08,2.08954865038897e-16,-2.3632748281772e-08,-5.13119263734699e-16,-3.13223792227439e-17,5.78320629264056e-07,-1.27037844453351e-08,-7.04731412115578e-16,-3.15262474688356e-08,-1.13574064271051e-07,-5.63715512235705e-16,4.9408498851898e-08,-7.57352441813764e-17,1.33450743672227e-08,1.90003939340132e-16,1.33279197236446e-08,1.15459679006711e-07,2.90480663221276e-08,3.94123038409186e-09,2.71340480943535e-08,-1.23112300172076e-07,3.84058334191131e-08,1.61149962239254e-16,1.59955817435417e-05,-9.47505565747767e-08,-7.89399874216505e-17,-1.67175681244453e-08,-3.84120858395222e-08,8.08352383455625e-08,3.48930752531014e-17,2.92495150738682e-08,2.6893993538602e-07,-8.01266883660759e-17,-9.71348260947458e-08,-2.15170725827312e-08,-7.81448011123535e-09,-9.74257861384984e-17,-9.1462029002333e-17,2.0364885115016e-08,6.26385457951587e-09,5.07238434464053e-10,-3.21806822213393e-05,3.78621807616479e-09,3.66404086046815e-17,1.16159845485216e-16,1.38546269221548e-08,9.55238127219871e-11,5.24686531188358e-16,3.35996238509686e-08,2.74499533748641e-18,1.20845731996454e-07,-6.47248076647045e-09,-3.78277808005992e-09,-2.51034976172453e-08,-4.73859587170849e-16,4.75552525088867e-17,8.67789433366076e-17,-3.78523341731495e-16,-1.40975789442513e-08,-6.33645046768499e-08,-8.25029787280819e-17,-2.32497839649402e-16,-1.06207672751612e-16,6.90289118528401e-08,8.04075678968576e-10,-3.42756292845513e-08,-7.12804066010516e-17,-8.07459567958579e-17,-1.20129600711394e-16,-2.13927158030658e-07,4.54079039522896e-08,1.37584409974995e-16,1.03335938826044e-08,-2.08971278869872e-07,-4.44326949223734e-17,-1.71777741661911e-16,-2.0895352509685e-08,-2.14123755008399e-10,-1.03669068690333e-08,2.95799362157773e-17,1.16887973530513e-08,1.70404612839094e-08,1.83092270630336e-08,-1.67182106746573e-08,-5.95745213226676e-08,6.57567413973271e-09,2.03054283150002e-16,-1.02658507455207e-15,-6.76577328642531e-17,1.25393441586896e-07,-8.76891170037555e-08,-4.77560291208718e-09,-3.76108338244016e-09,5.44646963683668e-16,4.77170293845895e-17,-6.33566194365564e-17,1.99436851218668e-16,6.64652091164449e-16,1.24259858182646e-07,-1.34020219214694e-16,-9.97827788391339e-17,-2.90599017857066e-09,-1.80096127468315e-16,-2.60131546887376e-09,-1.25827646054746e-16,-3.22495863911766e-09,-7.92491911237534e-18,-3.90291001733054e-09,-4.88346641415429e-10,-3.98893594727727e-07,1.24049130514973e-16,1.56580206414188e-08,8.70874597744083e-17,2.21812997471148e-08,-2.690796107199e-07,2.15144658217984e-10,1.85487000866004e-15,3.13392768635543e-08,-2.61366884230107e-16,-7.68079649751012e-09,-4.33467771462882e-08,-2.83859191547031e-16,3.92090748886112e-17,-2.2516433200665e-16,8.27933277798933e-17,-1.45116638776826e-10,-1.88823131564404e-09,-4.21237396525005e-10,-7.91510552595917e-17,-1.40885171839694e-16,-3.06484291803443e-08,3.23531866182596e-07,3.24210472261514e-16,-1.68578015229594e-17,-1.89535657848705e-09,3.57682739181592e-16,-1.34078133457129e-08,-7.91189192910025e-16,1.25879208810862e-07,-2.05889169696854e-16,5.27585093974595e-16,5.81039921077894e-17,-1.78754512357474e-16,-5.70104538600961e-17,-1.59452448110885e-16,2.13538057563423e-08,-1.4930983280347e-07,-2.32385084745908e-16,-1.10121457875233e-08,4.17878478266291e-08,2.55566753700817e-16,-3.15335918191869e-16,-3.34475704679335e-16,-1.22957470450036e-17,4.07328718087448e-09,6.49545993175806e-10,6.86181863125701e-17,1.49444488130946e-16,-7.35167981843193e-09,-2.62133920749977e-08,-2.73928137131517e-09,1.37202826670306e-16,-3.31344575497665e-16,-6.43650367613634e-17,1.49759902389135e-15,-4.28890546708925e-17,2.12717436581839e-17,1.50365678376811e-08,-1.41793229111502e-08,-2.71814995054149e-09,7.82829973728461e-17,-3.65898203681192e-16,-2.42545823636906e-16,-6.2766069804641e-16,-1.93785610170692e-16,1.70984631947639e-16,1.2889893798052e-15,-2.20332344538363e-15,-1.5032568119887e-16,1.42405000997894e-16,-2.97551781693112e-16,-4.18219472828169e-16,-1.56052758587081e-16,1.38503538466467e-16,1.24981368782362e-08,4.20126499246455e-17,6.43292202704718e-15,-8.84143360686133e-17,1.35188419443854e-07,-2.35009765136147e-10,2.85438612202089e-16,-4.49684248792441e-09,1.21220567135314e-07,1.72441656501774e-16,-4.82606169725741e-17,-3.3161579643945e-08,-6.94601957853803e-17,2.84713429564838e-09,-2.41842099976805e-16,2.29379202997839e-16,-1.41289898306163e-16,1.49287354183227e-15,3.83466838041281e-10,-5.24583912930201e-08,1.54918669868253e-15,-3.52822080575184e-16,1.79691452633797e-16,5.86826770345498e-16,2.87020841122088e-15,-1.7186111504537e-18,-4.99831676281837e-16,-1.53558934447259e-16,4.13500428068856e-09,-2.87683886729409e-16,1.96365655550371e-16,3.96859847988671e-16,1.72100132200744e-15,1.31807442547117e-16,-5.94527622515428e-16,-8.0921447994233e-09,1.66917933826072e-16,-8.8584117732871e-16,5.87835672595382e-09,-1.40948173950138e-15,5.80533368462221e-16,-4.87483704481194e-16,1.05550007677676e-16,2.11544615421058e-08,-4.0001433789947e-16,-1.96121491977771e-09,1.63047541495911e-15,7.09882742871883e-16,-7.55733604750709e-15,-4.58062119457854e-15,1.73530269510538e-15,4.98567838948569e-15,4.61643956331412e-11,7.36783290593545e-15,1.72213604953428e-16,1.23290992505163e-09,-2.90787995523453e-09,1.94680355621883e-16,1.89284798709974e-10,-6.36283793121818e-11,8.52627877597166e-16,-4.78275616072498e-15,8.70821972726288e-16,9.23010577414136e-17,1.61803668402314e-15,3.25579205698736e-09,1.23844607796903e-15,-3.61337795672561e-15,1.01825333692756e-15,-1.78989923659665e-09,4.84937704991235e-15,-3.03812039211301e-15,-6.69657629976403e-16,1.75371909338614e-16,1.18819045880524e-09,4.35736000560643e-15,-2.7569140453548e-09,-1.23553476478116e-15,4.50600803771164e-15,3.01411035485285e-15,6.42759232562238e-16,-8.00115630627227e-16,2.953945633826e-17,9.36694656083141e-16,4.53862887927319e-05,-3.49125019776389e-15,4.16978859668084e-15,-4.18736411469176e-08,2.58644030933008e-15,-9.41449268569504e-16,-1.96241506599588e-16,1.20159495095976e-15,-2.16140964055844e-15,-2.66055635037523e-15,7.45557393811201e-08,5.14901327392659e-15,1.61053314314991e-15,-2.03337233158579e-07,-2.85905039945727e-15,3.79555606386124e-15,5.66111907939501e-15,-2.74621299406059e-16,-1.61629053122853e-14,2.04269128135677e-14,-1.28439016423526e-15,-4.87218497956644e-15,-8.6339727997058e-15,1.78261701247199e-14,1.94291590562482e-15,1.23254564741955e-06,-0.822013422892739,2.47540890096573e-13,4.08974253010271e-15,1.18232539089449e-15,2.8061838451877e-15,1.0149758637723e-14,2.31624097378302e-15,2.89465286601537e-15,-9.32138191378823e-15,-1.12635521352941e-08,3.36075808382055e-15,-4.78091663100889e-15,6.24736858468028e-15,1.95307447175542e-15,8.50728601944345e-09,2.4489695767068e-15,-8.68257251899898e-09,-3.59679203573277e-16,9.61733701069836e-16,-1.37711299161157e-16,5.84736410502918e-16,-1.50642889747158e-15,-9.36071301215892e-16,2.31358197303652e-15,-4.29958273212565e-16,-5.93457096423924e-16,3.01782068013416e-16,-4.04288972986796e-16,-1.15558594576083e-15,1.54357696649475e-15,2.2583394239546e-16,1.47865982536297e-16,2.50734938636746e-15,-3.59581089565193e-16,-4.43959663263628e-16,1.37813203371286e-16,-2.20512284143216e-15,1.57241841075573e-15,-2.09878545368225e-16,1.03149797431007e-15,3.02115294183104e-16,-2.45587277470527e-16,2.71262272606175e-10,1.77427763534757e-15,-3.46548160279969e-17,2.23369176594673e-15,-3.85555330889995e-16,4.3711418770937e-16,-3.83070105374431e-16,2.19101758458847e-16,-4.03469154931245e-16,3.48368740223434e-16,-2.08206658358242e-16,-1.82102596890665e-15,-1.24665763365951e-16,-1.96551373496875e-17,-1.78388196398702e-16,1.21662317119407e-15,-8.01720593699062e-17,-4.17916194246605e-17,-2.96254381560663e-09,7.66734792256132e-17,1.28787738304248e-17,-8.50543064906487e-17,9.54075077340812e-17,1.52209690547117e-17,-2.69892973502007e-17,6.7281353745505e-16,1.5528746536609e-15,2.56229671403638e-16,5.63205796182321e-10,4.39201486050881e-16,-5.91187236670915e-16,3.36939823706019e-16,-1.50841947405452e-16,-9.03696919059146e-17,1.05098266351247e-15,5.34271397561194e-17,1.94650291145344e-16,-2.55504070299628e-16,1.64676827589783e-15,-2.40039405324173e-16,-7.88263194653189e-17,-2.56869634613471e-16,2.63668850124093e-09,-6.73392627893134e-17,-1.73672620537422e-16,-8.07979454144668e-17,-1.73472347597681e-17,-7.72315020956508e-09,3.2130054195572e-16,-1.15704053659174e-15,1.38778678807317e-16,7.31735050092076e-17,-2.4596527524343e-16,2.25947718008488e-16,1.89895334797406e-16,5.40072345734159e-16,-8.35064371850333e-16,2.00482751087643e-17,2.05185835524029e-16,2.09467960937322e-16,1.97421412318621e-17,-1.02198489195604e-16,-2.05992938187926e-17,4.60280182782141e-18,-8.0119068897784e-17
"t973",-0.0312332734211143,0.00704665512851706,-0.00852322713433778,-0.0181411747731099,-0.0167974341244273,0.0227862636672525,-0.173699167173135,-0.0360157829186148,0.000542337343959788,-0.0012257276471544,-0.000390590522370254,0.0108875246302728,-0.0151280107483615,0.00196005648051634,-0.000307343858057967,-0.00538817401479377,-0.000289422180227222,0.00128131078364646,-0.000148602479773627,0.000144877332627769,-0.00435844123536142,0.00107479217507232,-0.000686529685825658,0.00456776240687915,-0.000725876152659283,0.000720044209371026,-0.00111305839240085,0.00127131501598303,-0.0482014892043409,-0.00196481432867792,5.92608242032343e-07,2.16103485248065e-06,-0.00162430434485282,5.03878465002252e-06,-3.25870781711303e-06,-5.91031443419577e-06,-0.000238669016263455,1.72555042075375e-06,1.41172667607235e-05,3.92791555816831e-06,0.000207999590250074,-2.63194014522507e-05,0.000202600141200564,-2.33419164641263e-05,0.00125985005604146,-5.64371619553993e-05,0.000191666761677255,-0.0805152038182177,-8.57881667544166e-05,6.20738819234751e-05,-0.000165208436699798,1.00815838055985e-05,-1.3283660032803e-08,2.3158232837767e-05,-1.58804625010705e-07,9.18172207987217e-07,2.86352348988942e-08,6.7766281252e-06,-2.79684593674715e-06,4.4812099967984e-05,0.352052066555742,1.90813858054922e-05,-0.000394689334592004,0.000194932045728767,-9.83617465559992e-06,0.000195500689865684,-9.95325178747835e-07,3.33148241341424e-05,-8.92148421037661e-05,3.39052211019478e-05,-2.31853771257921e-05,7.6690566764041e-05,-2.67951047476343e-06,-0.000128449786608385,5.39498969673806e-05,8.52001451546041e-08,-0.000586276551783666,8.23152399304134e-06,-3.1177915454345e-05,-3.7348913761664e-05,1.14640732436284e-05,0.000173849800133761,-2.45750142561693e-05,-0.000163936440823191,1.71692857595124e-05,0.00457064885945256,-0.0488110830245394,6.09996031036913e-05,1.54319547264681e-05,-0.00328816250634007,2.04392549204151e-05,-3.40605887652265e-08,3.61406831125668e-07,-0.000192399984568788,-2.20974731524122e-07,-9.93427655234114e-05,-7.79195738343651e-06,6.20858055774984e-05,-7.35689067962921e-05,-2.21069417907669e-05,-5.20869717828418e-06,2.53892671765029e-06,-7.22352355519333e-06,3.91958318484802e-06,-1.79439102211293e-06,2.11019126328216e-05,-0.000110472560629742,3.03052448776253e-05,-1.89417207114606e-05,6.89962396739911e-06,2.47981746338332e-05,0.000272722258129001,-0.0526808033872755,0.0127614767487038,-2.07938378273479e-07,1.34091644706326e-05,-2.27246644331639e-05,3.61341508512248e-05,-6.63134068824735e-05,0.000438165281256622,-0.177991587354221,-0.000108639582222914,6.18494896472691e-05,0.000167578097205769,-6.75877809458173e-05,0.00288186206401303,3.92653925752129e-05,6.07648000505205e-06,-6.70305312498778e-06,-0.000219520031656869,3.46482513102186e-06,-1.30289558960565e-05,1.43982722033258e-05,2.72169165491686e-06,-9.96666390531145e-07,-3.38490376508033e-06,1.03324129064645e-08,3.15513736443155e-06,2.38659836436706e-07,-7.72050261629659e-07,-8.16446613418502e-08,-3.77837600041004e-06,9.27200936048186e-07,6.37780081609662e-08,2.6346792256564e-07,-1.87307775001713e-08,-1.36036095253193e-06,2.71200442716278e-07,1.8671202433907e-08,-5.1077130432038e-08,-1.03814385784548e-05,-2.45464179083916e-07,-6.98882613306364e-06,2.04942453870906e-06,-7.10654300284018e-07,-6.34277094389802e-08,9.67708899693109e-07,-8.17563117877795e-05,-4.19272843838712e-07,-1.40932516735314e-07,-7.43859987645199e-05,1.47371432658014e-06,-9.21358076543738e-07,-0.000123512820656576,1.68770302908441e-05,-7.29578647607934e-05,3.68806057067999e-05,6.9485625196414e-07,3.54851077262764e-05,8.09033711852163e-05,-0.00737078496988573,-0.268144444938486,-1.32953272842337e-05,-2.74477328435135e-06,-3.00416449449499e-05,-6.15700544259563e-07,-2.328056483644e-06,8.52179272483231e-06,3.40485107116979e-06,0.000125966289984185,-5.69145959606815e-05,-9.59851258628659e-05,2.16349955720684e-06,6.42641117695157e-08,2.30562015119225e-07,3.35518235276417e-07,6.49617081172268e-06,-1.05328755582886e-06,-4.68017708367258e-06,4.66596593283246e-05,7.30055448648724e-08,-9.61516350539146e-08,-3.35642276876357e-07,-3.47373878999378e-09,-3.87317209665778e-08,2.60661065262319e-08,3.76716774326508e-08,1.10369568365864e-07,-3.98348885488805e-09,1.6349628591389e-08,1.713802802814e-08,4.1390798103773e-06,-9.21074493868855e-10,-7.0566328332853e-06,-1.60739329722575e-06,-0.00148603050684454,-1.71594043505323e-07,-1.90123495574963e-06,-5.19075828369196e-07,-3.89230403378412e-08,-4.60623839532749e-06,1.08380009015239e-05,-3.21027172797327e-05,-5.43637334908642e-07,-4.57749742779644e-07,-4.128083431781e-07,8.5153362525386e-07,5.73331962723218e-08,-1.13441178855828e-07,-6.03820902482068e-07,-3.40039300732492e-06,0.000244903125494555,4.90009882233689e-07,2.53553138495392e-06,-8.11554936651668e-07,-4.24722578906206e-07,-4.50553423711467e-06,-3.52353179027997e-07,-6.25068920756509e-07,-7.85348365152493e-07,0.00174087625639327,-5.29451806940035e-08,6.19414263423319e-08,1.1803127153088e-07,-9.29271157150902e-09,-2.14823046318575e-07,-9.06558790539748e-07,-1.61694561595189e-16,-1.45773210026299e-07,1.43590743769727e-05,-3.55507891432232e-07,-0.00120195862913863,-6.89619164990013e-07,1.09177111641951e-06,-1.64082918360966e-07,7.82662509652389e-06,-1.37466203195888e-08,9.23343287823349e-10,-1.48867816458073e-06,2.2022198830573e-06,-6.95119240982022e-08,9.53356660081103e-06,-4.48055648799333e-07,2.26749259352953e-07,-1.48657524443475e-08,5.45113531563774e-07,-5.13263689446337e-07,1.04501272063522e-05,2.56976637875518e-07,-4.96863222024029e-08,1.08717184314564e-06,-2.10714047855793e-07,2.31343830157188e-05,-1.15365479706207e-05,1.15389267983189e-07,-3.9283016340682e-08,4.65187865293387e-08,3.29083518322934e-06,-7.51514824587868e-06,4.93584504223443e-08,1.97304633742946e-08,-4.2796531417596e-08,3.70722807600291e-06,-5.69620477667605e-06,9.84238947653694e-07,-1.34103854958686e-05,1.35200568085767e-05,-7.57507854849717e-07,1.7506933603565e-06,-6.40070899368263e-07,3.48043984405424e-07,1.55298711173043e-16,-8.61258622272531e-07,-2.95260092986627e-08,-2.75251392794289e-10,-2.39791578424829e-06,4.27639205015575e-08,-2.65469350791575e-08,-8.07028065684249e-07,9.2877108494767e-08,-5.7046076190081e-07,1.49469361197382e-06,5.50113457260163e-08,-4.98062786566018e-08,6.45465801855473e-07,-7.83011751373209e-07,1.7606125592947e-05,-3.90482409533702e-07,5.92070069216203e-06,2.28107502570798e-08,1.22785480383373e-07,9.74450796600967e-07,-8.41552557794938e-06,1.99605847689712e-07,-7.68833972659211e-07,1.04183398120248e-06,-3.78878730148153e-06,2.43608986258018e-07,2.20431000206269e-07,1.68566004744611e-06,-2.84172314486226e-06,-2.29861617067698e-07,1.88748614391616e-06,-1.24397213265559e-06,3.08444814393116e-08,2.88555910396267e-07,-5.67256197647577e-07,-4.23535532602538e-17,1.88371957018764e-09,8.03326775738603e-06,-9.60936311122755e-07,5.458158740586e-07,4.88327867929826e-07,1.43368999413778e-07,3.35782796296739e-07,-4.96904645118892e-06,1.89109639988583e-06,-1.84913538903993e-16,-1.53694535671942e-06,-1.88829931841681e-08,-5.37042462392735e-08,1.79021406578983e-06,4.23250717503509e-07,-2.93377776348241e-08,-1.16797435375804e-06,3.20664193882693e-07,-1.13841456394754e-05,2.31579453473842e-06,-4.94936185445187e-07,-9.22727369254409e-07,-4.97588564186564e-08,-6.60519140490779e-08,-9.76102231731257e-07,4.20407421538327e-06,-1.11215860119537e-06,-1.84209055894673e-16,-3.56221802643695e-05,2.93197471927477e-06,6.51350796162596e-08,8.64234898060121e-07,-3.21003113054265e-06,-1.01277785410323e-05,4.23085549726818e-05,-0.000159624048294859,-1.30240243835108e-06,-2.66966334023669e-15,-3.01729794893029e-06,-9.25717506329379e-06,-7.21569113607127e-06,3.76078154045028e-15,6.77804036930419e-05,0.193616957642026,-0.153111285024806,3.7750005396818e-05,5.66696439780456e-06,2.13945855600921e-06,6.20486556577601e-05,-1.10120182676191e-06,-1.12110060919815e-05,-2.62965771196231e-06,-1.35923481504102e-06,-1.7531070849576e-05,1.46884948918517e-15,4.51834696159087e-06,-1.53781715522932e-06,-8.77403888037939e-06,7.45766980798698e-07,-4.27039405101763e-17,5.31833823005147e-07,-6.70733800906139e-07,1.60103857266488e-07,1.35375422746488e-07,3.23080178800698e-07,-2.78804167771994e-06,3.49317284002233e-06,-3.41619709203817e-07,-4.19436108930035e-16,-9.38748552668028e-07,1.58441859213779e-06,-3.23671733760538e-06,-1.00908593265866e-06,1.02020320196448e-07,6.72035085585712e-10,-3.29597460435593e-16,5.90265018131647e-16,5.82335281001621e-10,6.11777323727424e-07,-7.97235993549643e-08,8.1923276651224e-08,-6.77150741164434e-16,3.23846309120788e-08,3.52205557429151e-10,7.47129210907964e-19,2.50255955580616e-16,-2.35947227052982e-16,-5.71923123813467e-08,-1.62811811755344e-07,2.07658156464378e-07,-1.09764936812034e-07,-5.39947762922045e-08,-9.81064100395594e-08,2.920947645152e-07,-6.36367578194429e-17,4.89987750900997e-08,-7.17393741189839e-05,-3.56350559624578e-16,1.43363077500206e-17,4.40435651885634e-08,2.89044791542554e-12,2.20159696203555e-08,-1.07116306055935e-08,-9.85250971438617e-09,3.59418366546991e-10,-1.68225917277968e-16,9.83474971757707e-10,-3.03435781195899e-16,1.19917081553426e-09,-1.2452061950996e-16,-7.86848061789992e-10,1.94910495445562e-17,3.17835449288159e-09,8.69077033570334e-07,8.56820654283644e-10,1.27243049854312e-08,4.5911010980052e-08,-8.14140569677288e-09,4.52612061976461e-08,2.85402652074254e-09,1.39084477622579e-08,1.3605243276976e-09,3.04516579160193e-08,-7.41134234323817e-08,-1.98591944158444e-08,-1.70921202447412e-09,-5.43599382787524e-08,4.25030829646862e-17,4.2449899634584e-07,-7.82142055740864e-08,9.0136215678371e-09,-4.79830714793403e-17,1.23948359545974e-09,3.54167664268619e-08,1.2939679172512e-07,1.23438099987793e-16,-2.20163957562292e-07,-1.75288034580879e-08,1.48676778554258e-17,-2.35994398934122e-08,5.22826469676206e-07,-5.87336382183014e-17,-3.57228863603737e-16,-1.53192637563019e-08,-1.18847272502401e-08,-6.86611400339387e-11,-9.67817804338239e-08,2.65839942738031e-08,5.43997319947354e-08,7.58380296012073e-09,9.66032659988634e-08,-1.68940849838158e-07,4.74880551548651e-16,2.44227016633098e-09,2.42938230094102e-10,6.74851858473254e-10,6.36474779711349e-08,4.68120001619359e-17,4.04393612833225e-17,2.11547339071037e-08,1.30349924771965e-16,1.06545033685074e-17,1.41275572414406e-07,-1.59260630560418e-07,-2.06182574167512e-07,-1.7531442741136e-09,5.33335316995974e-06,1.17112353642747e-07,5.27941856471791e-09,1.03236221191144e-16,1.33401669592938e-08,6.28104223948474e-10,2.88967142801499e-09,-2.04978175076516e-07,8.25755914728761e-07,-4.56697704923359e-17,3.55215001742534e-17,2.31841679604918e-16,-1.06822786146158e-08,-3.60277473538326e-08,-3.02238364349352e-08,-2.1229570206604e-16,-2.79455137413417e-08,2.68787271948039e-16,-1.80998535382088e-17,6.88308347821204e-07,-1.51211199131896e-08,6.95190432997705e-16,-3.75874408522078e-08,-1.35542107018108e-07,3.0020564491021e-16,5.90851764108552e-08,-3.77852461123287e-17,1.59986921469664e-08,9.22984887849343e-17,1.5981768307892e-08,1.38474450369357e-07,3.48452455378718e-08,4.72911229766337e-09,3.25789409756715e-08,-1.48173858991168e-07,4.63846612536243e-08,-4.73322098494258e-17,1.94057339254552e-05,-1.15007322329442e-07,1.20714091159233e-16,-2.03049989075074e-08,-4.67114987038379e-08,9.84093302137388e-08,-2.7065821639273e-16,3.57462136364023e-08,3.28932043051913e-07,4.65752250974127e-17,-1.189272005212e-07,-2.63581967994586e-08,-9.59142253838361e-09,2.07688168685523e-16,1.76138429856729e-16,2.51155496129753e-08,7.74136349694066e-09,6.2715900604042e-10,-4.01782786759111e-05,4.73507506907626e-09,2.79947292308108e-17,-1.1267330597769e-16,1.73469361559493e-08,1.19620447707749e-10,-8.23380052026093e-18,4.21594374181574e-08,5.73025052284039e-17,1.51930510774818e-07,-8.15979096546188e-09,-4.76985346721402e-09,-3.16787258128367e-08,-2.40108482097571e-16,-1.10864001229381e-17,-1.42766991572308e-16,2.04057190412424e-16,-1.79199514741682e-08,-8.05946907119603e-08,2.00493053763264e-16,-1.76053229925241e-17,-1.69085524969649e-16,8.79979785020684e-08,1.02605085339678e-09,-4.38578001726278e-08,1.91952922409181e-17,1.90006430728085e-17,-8.56519716263549e-17,-2.76425809192287e-07,5.86943926094887e-08,3.07969798333126e-18,1.34114301885857e-08,-2.71666518293977e-07,-3.506342635715e-17,1.00765739706543e-16,-2.72740473677553e-08,-2.79580827404746e-10,-1.35690563132161e-08,4.27196905026996e-17,1.53632898063034e-08,2.24502304111286e-08,2.42030066571704e-08,-2.22046393625433e-08,-7.92279114533132e-08,8.76654486495995e-09,-1.34388791118926e-16,6.91626735619692e-16,1.23913261155454e-16,1.69685522570099e-07,-1.18691736473816e-07,-6.47710522072831e-09,-5.1557781612637e-09,-1.11243593773854e-16,-2.04723541961066e-17,2.64996523665313e-16,-1.63246477750247e-16,-1.72880624273542e-16,1.72398954323641e-07,1.06880954750606e-17,1.93687315320624e-17,-4.0519008642085e-09,8.01422552520203e-17,-3.62806411673531e-09,3.56591431230922e-17,-4.49991152935562e-09,3.51332410962747e-17,-5.49547843111369e-09,-6.89153147678088e-10,-5.64877584305527e-07,-2.40124041239359e-17,2.22708795840349e-08,-2.85935157488522e-18,3.18669433896708e-08,-3.92022066012624e-07,3.13641740997423e-10,-6.44122775324402e-16,4.59625746944214e-08,1.03777626937129e-16,-1.13772012074855e-08,-6.42397272016335e-08,1.89830289105635e-16,1.48618469552867e-17,9.48803739539551e-17,-5.72527356010204e-17,-2.16927195898546e-10,-2.82925706842948e-09,-6.32914411521795e-10,7.74627884875194e-17,1.39694118294023e-17,-4.66893371117395e-08,4.93176808319135e-07,-8.1160471941651e-17,-1.09745093822829e-16,-2.94366920060209e-09,-1.32297039666919e-16,-2.09115296444375e-08,6.46419192081536e-16,1.98834512177022e-07,7.41200985947843e-17,-1.88610589395917e-16,-9.78832024124645e-17,5.2003857664798e-17,-1.88753517012185e-18,1.5120523418356e-16,3.46950059570121e-08,-2.42689466322265e-07,1.76199844374996e-16,-1.80924271349355e-08,6.89745133806118e-08,-9.7760422174219e-17,7.63081921425623e-17,1.57381511560569e-16,-1.21869020445112e-16,6.86637161772046e-09,1.10063073350185e-09,-1.78345988632216e-16,-6.03277740648086e-17,-1.25308176411315e-08,-4.47150624491444e-08,-4.68505779913214e-09,-1.80878590055257e-16,1.4746390934368e-16,3.36549781781962e-17,-6.87684536459277e-16,-9.7103766838233e-17,-1.31148408587449e-16,2.69577383968451e-08,-2.55445327804342e-08,-4.92091345766655e-09,-4.34674907206846e-17,-2.59562771582415e-16,2.87147980881533e-16,2.88690508588657e-16,2.25963314586332e-16,-3.80161180622412e-16,-7.16942765816133e-16,1.06039418721063e-15,6.56419936824217e-17,-6.11478262614412e-17,2.60269442468794e-16,1.29180974323058e-16,1.30471296066081e-16,-7.26515689964671e-17,2.4951878532544e-08,5.26752575226164e-17,-2.93720026984349e-15,-1.48942373486558e-17,2.74142864132954e-07,-4.78336128856907e-10,-1.43255430425231e-16,-9.17410792285972e-09,2.52453741004615e-07,-1.02146008905187e-17,1.86863639988739e-16,-7.09881104079749e-08,5.45097580545296e-17,6.32341979248478e-09,1.73931904784156e-16,-5.7692674385553e-17,8.44448284374531e-17,-7.18498021037992e-16,9.10205896167414e-10,-1.2513367708354e-07,-9.47034097743701e-16,1.63962030666449e-16,-7.48034777996229e-17,-3.12202114597983e-16,-1.2601681850799e-15,9.64701747481224e-17,2.07178585097834e-16,6.40188211563951e-17,1.44443251885402e-08,2.275414327525e-16,-3.53529874138025e-17,-2.09302712765227e-16,-3.11684471218214e-16,-7.85311739716657e-17,1.93135547960569e-16,-3.2498731851516e-08,-7.66171370603958e-17,4.02534460931998e-16,2.43213389979876e-08,8.30166298446169e-16,-4.68912113916207e-16,1.19889390712613e-16,1.50693021637593e-16,1.472756789785e-07,2.10981053821297e-16,-1.59109542891671e-08,-6.6130626237767e-16,-4.21742688673333e-16,4.09537393245042e-15,2.31589310987872e-15,-8.56051088959847e-16,-2.83839125279072e-15,5.8845014833685e-10,-4.3135078895237e-15,2.89789005569304e-16,3.0249908083718e-08,-7.50000212329208e-08,-5.69526624473396e-17,5.35253404635044e-08,7.88793503270906e-09,-9.75471331193448e-17,2.47460837135094e-15,-5.52146761629586e-16,-6.02859648423654e-17,-5.17604631302522e-16,-1.48835883607759e-08,-1.05997784889829e-15,1.74424855720997e-15,-7.43070317415268e-16,6.20636873966895e-09,-2.38757444498475e-15,1.51481786604205e-15,3.610129063209e-16,4.13294779406024e-17,-3.0159442671896e-09,-2.04214641431817e-15,6.408245287744e-09,6.30923364107417e-16,-1.7804480743163e-15,-1.70657792096041e-15,-2.95096955243925e-16,4.0993186058372e-16,-3.55782418440221e-16,-4.94364544002796e-16,-6.88658344808341e-05,1.67832176642657e-15,-2.08384985600201e-15,5.75344490645424e-08,-1.28160037239406e-15,3.99147963621877e-16,-2.63405259842444e-17,-6.02866932953284e-16,1.06268577779746e-15,1.28692316485745e-15,-7.55401545373525e-08,-2.53973362747938e-15,-9.71882234477248e-16,1.79875228966207e-07,1.80451201888979e-15,-1.75956168051776e-15,-2.82965079322198e-15,7.60313594504892e-17,8.05826383954061e-15,-9.88497698280659e-15,6.53678426622081e-16,2.3910108309617e-15,4.03131495142164e-15,-8.73105290314048e-15,-9.60274347992206e-16,-6.45954563301971e-07,0.402581087736758,-1.20811974042154e-13,-2.17471285148765e-15,-6.09686927089676e-16,-1.34262273136458e-15,-5.57724439548268e-15,-1.39180100772141e-15,-1.36635729366254e-15,4.73465146584346e-15,3.7478507592976e-09,-1.44753345209044e-15,2.33494155652436e-15,-3.34857045926915e-15,-6.13289970460069e-16,-1.89635828695393e-09,-7.16959854462205e-16,1.03030335041284e-09,1.25823172561274e-16,-7.04426398075708e-16,7.04278813836041e-17,-2.76242976045473e-16,4.7266723562822e-16,2.63139834760045e-16,-1.32705441150881e-15,-6.87541823083015e-17,2.98657245474996e-16,-1.19288001913888e-16,2.3654319343342e-16,4.93478939866638e-16,-1.85498974489696e-16,-2.61555499358897e-17,-1.04182341448857e-17,-9.67595250364859e-16,2.27156859686016e-16,2.61577542732326e-16,-1.66565824022906e-16,1.13721625648549e-15,-5.92191226611583e-16,1.88607745195074e-16,-5.56419588506429e-16,-1.23050710984266e-16,3.78447189136158e-17,4.06739336998163e-11,-1.10481010817317e-15,-4.04326495872211e-16,-1.03852169464978e-15,-5.01603708613607e-17,-3.94999963595893e-16,2.70721352146003e-16,-8.33690346986276e-17,9.45264154322598e-17,-3.06702076248674e-16,1.36456843316832e-16,7.4571425423553e-16,1.9937559030907e-16,-2.79299304597289e-16,-2.06116413411442e-16,-3.27112952459838e-16,6.81040477885142e-17,1.95716079174838e-17,-7.97895297975523e-10,-7.75009129444701e-17,1.88616239827402e-17,1.93671234712249e-16,1.85803383377184e-16,6.07951285102264e-16,-7.80548302262238e-17,-1.03912349640112e-16,-7.47611930773749e-16,-2.23541867736138e-16,2.03994019579725e-10,-6.3467559730371e-17,2.35047365298886e-16,-1.87457709486969e-16,2.12662647236026e-16,1.33683949532856e-16,-6.16447180143479e-16,-3.30082675922239e-16,-6.20759076013436e-16,1.73235615359486e-17,-8.41835436524912e-16,3.96963735770486e-16,-1.67206255672143e-16,1.06622262995023e-15,1.14626262570266e-09,3.62912742513835e-16,-4.13330687760754e-16,-4.19940082681214e-16,4.95480392825876e-16,-3.57794052659757e-09,-2.87396688885276e-16,1.73139284239725e-15,1.42269157371402e-16,8.5061962478432e-16,7.17312925575744e-16,9.94198762941517e-16,-6.91637140115593e-16,1.61168878277792e-15,0.707106781186548,3.20967745472045e-15,-1.15452344262226e-15,1.46200269002553e-15,1.37516069079553e-16,5.77940121385715e-16,3.83249430681891e-16,3.68700255643227e-16,-1.0159370494152e-16
"t974",-0.0312332734211143,0.00704665512851706,-0.00852322713433777,-0.0181411747731099,-0.0167974341244273,0.0227862636672525,-0.173699167173135,-0.0360157829186149,0.00054233734395979,-0.0012257276471544,-0.000390590522370254,0.0108875246302728,-0.0151280107483615,0.00196005648051634,-0.000307343858057968,-0.00538817401479377,-0.000289422180227224,0.00128131078364645,-0.000148602479773632,0.000144877332627765,-0.00435844123536141,0.00107479217507234,-0.000686529685825662,0.00456776240687915,-0.00072587615265927,0.000720044209371021,-0.00111305839240085,0.00127131501598306,-0.0482014892043409,-0.00196481432867795,5.92608242030395e-07,2.16103485248922e-06,-0.00162430434485282,5.03878465002049e-06,-3.25870781711752e-06,-5.91031443419241e-06,-0.00023866901626346,1.72555042076407e-06,1.4117266760709e-05,3.92791555816944e-06,0.000207999590250073,-2.63194014522434e-05,0.000202600141200561,-2.3341916464133e-05,0.0012598500560415,-5.64371619553957e-05,0.000191666761677241,-0.0805152038182177,-8.57881667544257e-05,6.20738819234727e-05,-0.000165208436699802,1.00815838055947e-05,-1.32836600467105e-08,2.31582328377921e-05,-1.58804625012708e-07,9.18172207998743e-07,2.86352349244877e-08,6.77662812518312e-06,-2.79684593673639e-06,4.48120999679909e-05,0.352052066555742,1.90813858054937e-05,-0.000394689334592,0.000194932045728788,-9.83617465562947e-06,0.000195500689865675,-9.95325178732647e-07,3.33148241341603e-05,-8.92148421037573e-05,3.39052211019277e-05,-2.31853771257866e-05,7.66905667640475e-05,-2.67951047471984e-06,-0.00012844978660838,5.39498969674262e-05,8.52001451689933e-08,-0.000586276551783682,8.23152399310495e-06,-3.1177915454353e-05,-3.734891376168e-05,1.14640732436442e-05,0.000173849800133718,-2.45750142561918e-05,-0.000163936440823205,1.71692857595276e-05,0.00457064885945253,-0.0488110830245392,6.09996031036994e-05,1.54319547265091e-05,-0.00328816250634008,2.04392549204425e-05,-3.40605887192563e-08,3.61406831131262e-07,-0.000192399984568786,-2.20974731525011e-07,-9.93427655234242e-05,-7.79195738342937e-06,6.20858055775183e-05,-7.3568906796324e-05,-2.21069417907608e-05,-5.2086971782837e-06,2.53892671762539e-06,-7.22352355516373e-06,3.91958318490672e-06,-1.79439102208555e-06,2.11019126329101e-05,-0.000110472560629845,3.03052448776145e-05,-1.89417207114624e-05,6.89962396739012e-06,2.47981746338444e-05,0.000272722258129029,-0.0526808033872754,0.0127614767487037,-2.07938378298964e-07,1.34091644705817e-05,-2.27246644331574e-05,3.61341508512159e-05,-6.63134068824949e-05,0.000438165281256674,-0.177991587354221,-0.000108639582222873,6.18494896472753e-05,0.00016757809720574,-6.75877809459462e-05,0.00288186206401303,3.92653925752086e-05,6.07648000499393e-06,-6.70305312502497e-06,-0.000219520031656886,3.46482513098471e-06,-1.30289558960925e-05,1.43982722033003e-05,2.7216916549284e-06,-9.96666390639458e-07,-3.38490376510164e-06,1.0332412923212e-08,3.15513736447348e-06,2.38659836410586e-07,-7.72050261568283e-07,-8.16446613750731e-08,-3.77837600039027e-06,9.27200936083496e-07,6.37780081933747e-08,2.63467922566675e-07,-1.87307775504687e-08,-1.36036095255023e-06,2.71200442769027e-07,1.86712024395597e-08,-5.10771304614736e-08,-1.03814385783358e-05,-2.45464179129995e-07,-6.98882613310736e-06,2.0494245387046e-06,-7.10654300270333e-07,-6.34277095100364e-08,9.67708899713181e-07,-8.1756311787751e-05,-4.19272843819169e-07,-1.40932516747181e-07,-7.43859987644473e-05,1.47371432657712e-06,-9.21358076614176e-07,-0.000123512820656605,1.68770302908869e-05,-7.29578647607261e-05,3.68806057067771e-05,6.94856251932928e-07,3.54851077262427e-05,8.09033711851779e-05,-0.00737078496988566,-0.268144444938487,-1.32953272844005e-05,-2.74477328434118e-06,-3.00416449449318e-05,-6.15700544253127e-07,-2.3280564835386e-06,8.52179272504745e-06,3.4048510711377e-06,0.000125966289984189,-5.69145959607764e-05,-9.59851258628185e-05,2.163499557194e-06,6.42641117567294e-08,2.30562015087215e-07,3.35518235328203e-07,6.49617081181757e-06,-1.05328755582755e-06,-4.68017708366732e-06,4.66596593283306e-05,7.30055448455476e-08,-9.61516350026388e-08,-3.35642276939252e-07,-3.47373878217018e-09,-3.87317209524168e-08,2.60661065577108e-08,3.76716774819315e-08,1.10369568489076e-07,-3.98348890797313e-09,1.63496286022624e-08,1.71380280280403e-08,4.13907981035606e-06,-9.21074485733629e-10,-7.05663283337409e-06,-1.60739329717098e-06,-0.00148603050684465,-1.71594043618498e-07,-1.90123495575224e-06,-5.19075828454684e-07,-3.89230403475172e-08,-4.60623839527129e-06,1.08380009014837e-05,-3.21027172795805e-05,-5.43637334950961e-07,-4.57749742811372e-07,-4.12808343268187e-07,8.51533625298147e-07,5.73331962912424e-08,-1.13441178847328e-07,-6.03820902526593e-07,-3.40039300735073e-06,0.000244903125494711,4.90009882167905e-07,2.53553138501808e-06,-8.11554936668623e-07,-4.2472257896915e-07,-4.50553423716146e-06,-3.52353178992676e-07,-6.25068920749742e-07,-7.85348365152857e-07,0.00174087625639326,-5.29451806734322e-08,6.19414264203407e-08,1.18031271489979e-07,-9.29271177125296e-09,-2.14823046118759e-07,-9.065587906191e-07,-1.55001841599601e-16,-1.45773210092306e-07,1.43590743769285e-05,-3.55507891382075e-07,-0.00120195862913873,-6.89619165035582e-07,1.09177111635824e-06,-1.64082918376043e-07,7.8266250964658e-06,-1.37466201964393e-08,9.23343155590524e-10,-1.48867816459615e-06,2.20221988306474e-06,-6.95119240984743e-08,9.53356660085973e-06,-4.48055648818045e-07,2.26749259343945e-07,-1.48657527675481e-08,5.45113531514251e-07,-5.13263689402553e-07,1.04501272064837e-05,2.56976637843838e-07,-4.96863223541104e-08,1.08717184308573e-06,-2.10714048072499e-07,2.31343830157754e-05,-1.15365479706216e-05,1.15389268027241e-07,-3.92830163390743e-08,4.65187865521264e-08,3.29083518328344e-06,-7.51514824576316e-06,4.93584505365323e-08,1.97304634479234e-08,-4.2796531403275e-08,3.70722807595342e-06,-5.69620477666863e-06,9.84238947681636e-07,-1.34103854959475e-05,1.35200568086165e-05,-7.57507854817977e-07,1.75069336032887e-06,-6.4007089942296e-07,3.48043984331589e-07,-1.32691043354184e-16,-8.61258622273981e-07,-2.95260092486218e-08,-2.75251060114515e-10,-2.39791578436846e-06,4.27639204550061e-08,-2.65469351869099e-08,-8.07028065530571e-07,9.28771084901132e-08,-5.70460761863573e-07,1.49469361213594e-06,5.50113457996592e-08,-4.98062786922002e-08,6.45465801906723e-07,-7.830117514342e-07,1.76061255929708e-05,-3.90482409534129e-07,5.92070069207204e-06,2.28107502077357e-08,1.22785480461201e-07,9.74450796600235e-07,-8.41552557796079e-06,1.9960584771009e-07,-7.68833972597513e-07,1.04183398119561e-06,-3.78878730147595e-06,2.43608986519464e-07,2.20431000211682e-07,1.68566004761396e-06,-2.84172314478524e-06,-2.29861616994286e-07,1.88748614395207e-06,-1.2439721326816e-06,3.08444813547306e-08,2.88555910408989e-07,-5.67256197658475e-07,-4.15766152594625e-17,1.88371974091772e-09,8.03326775751394e-06,-9.60936311571832e-07,5.45815874257723e-07,4.8832786790065e-07,1.43368999662588e-07,3.35782796379789e-07,-4.96904645137131e-06,1.89109639997997e-06,-1.45130248359336e-16,-1.53694535669423e-06,-1.88829931928654e-08,-5.37042463076319e-08,1.79021406581667e-06,4.2325071752458e-07,-2.93377776640463e-08,-1.16797435379101e-06,3.20664193691217e-07,-1.13841456395806e-05,2.31579453475228e-06,-4.94936185278916e-07,-9.22727369102668e-07,-4.97588563716541e-08,-6.6051913935074e-08,-9.76102231586108e-07,4.20407421539195e-06,-1.11215860138754e-06,-9.27578445826508e-17,-3.5622180264369e-05,2.93197471927108e-06,6.5135079571619e-08,8.64234898121295e-07,-3.21003113046625e-06,-1.01277785410286e-05,4.23085549726505e-05,-0.000159624048294792,-1.30240243841593e-06,-2.90635778104439e-15,-3.01729794886671e-06,-9.25717506353736e-06,-7.2156911360193e-06,3.80178365202168e-15,6.7780403693121e-05,0.193616957642026,-0.153111285024806,3.77500053969284e-05,5.66696439787653e-06,2.13945855585524e-06,6.20486556576731e-05,-1.10120182650232e-06,-1.12110060919328e-05,-2.62965771194827e-06,-1.35923481477461e-06,-1.75310708492665e-05,1.43833593164923e-15,4.51834696144982e-06,-1.53781715527184e-06,-8.77403888052187e-06,7.45766980726996e-07,-5.77414820778685e-17,5.31833823125723e-07,-6.70733801057819e-07,1.60103857517586e-07,1.35375422526146e-07,3.23080178790227e-07,-2.78804167764153e-06,3.49317283992481e-06,-3.41619709346389e-07,-3.55316940717589e-16,-9.38748552853266e-07,1.58441859198822e-06,-3.23671733774908e-06,-1.00908593258221e-06,1.02020320171516e-07,6.72035212371547e-10,-3.48679418671338e-16,5.79188005011865e-16,5.82335077851304e-10,6.11777323871826e-07,-7.97235994914708e-08,8.19232767318389e-08,-6.45909139606398e-16,3.23846308531128e-08,3.52205595127384e-10,4.66115688218934e-17,2.29243693233569e-16,-2.15032999758551e-16,-5.7192312622083e-08,-1.62811811808556e-07,2.07658156224247e-07,-1.09764936528342e-07,-5.39947761698837e-08,-9.81064100326357e-08,2.92094764720653e-07,-3.49154575072394e-17,4.89987748071915e-08,-7.17393741191736e-05,-7.11654784886239e-17,2.2642363322511e-16,4.40435651790004e-08,2.89052234309237e-12,2.20159698944454e-08,-1.07116306422475e-08,-9.85250949450974e-09,3.59418517437414e-10,2.30923112522567e-16,9.83474855252143e-10,-3.58913426168812e-16,1.19917069006814e-09,-3.46619434543616e-16,-7.86847878131014e-10,-1.68057678057582e-17,3.17835422363739e-09,8.69077033607792e-07,8.56820526351205e-10,1.27243048635766e-08,4.59110110663394e-08,-8.14140572951775e-09,4.52612063355864e-08,2.85402644621015e-09,1.39084478515047e-08,1.36052415290333e-09,3.04516578661482e-08,-7.41134233420525e-08,-1.98591944782864e-08,-1.70921220009825e-09,-5.4359938461281e-08,9.36714892821921e-17,4.24498996401042e-07,-7.821420570997e-08,9.01362157068556e-09,1.42794054411732e-17,1.23948339128992e-09,3.54167663035089e-08,1.2939679170137e-07,-5.85830922410241e-17,-2.20163957701723e-07,-1.75288036967102e-08,-3.23819327208607e-16,-2.35994399800853e-08,5.22826469936422e-07,-2.64186043832147e-17,8.21085784841306e-18,-1.5319263769353e-08,-1.1884727296044e-08,-6.8660945405085e-11,-9.67817804808938e-08,2.65839942918189e-08,5.43997318167292e-08,7.58380292896905e-09,9.66032653724451e-08,-1.68940849792183e-07,3.96709574912446e-16,2.44227031169407e-09,2.42938356958114e-10,6.74851889498445e-10,6.36474775218049e-08,-4.81534897846022e-17,5.96156812990104e-17,2.11547334721556e-08,4.43539320334616e-17,-1.46206578989427e-16,1.41275572502597e-07,-1.59260630660428e-07,-2.06182574259831e-07,-1.75314450071671e-09,5.3333531695856e-06,1.17112353568156e-07,5.27941885167565e-09,9.2501339313944e-18,1.33401670523154e-08,6.2810454669577e-10,2.88967157593674e-09,-2.04978175123963e-07,8.25755914513476e-07,-2.84706330243179e-16,6.67370091097695e-17,5.61276518192082e-16,-1.06822786815429e-08,-3.60277475141548e-08,-3.02238364621654e-08,-2.07904884231821e-16,-2.79455134910918e-08,4.34629546756852e-16,6.32190547623624e-17,6.88308347949622e-07,-1.5121120052144e-08,5.33427468862868e-16,-3.75874410286803e-08,-1.35542106865523e-07,3.13792053384142e-16,5.90851766046598e-08,6.94342285055656e-17,1.59986920250032e-08,-1.87555542328821e-16,1.598176825785e-08,1.38474450239856e-07,3.48452455859477e-08,4.72911205891094e-09,3.25789413349732e-08,-1.48173858915978e-07,4.63846613257851e-08,-3.8358127769175e-17,1.94057339255379e-05,-1.15007322286468e-07,-6.45523669107249e-17,-2.03049991539376e-08,-4.67114987688794e-08,9.84093301868773e-08,-2.18915418051651e-16,3.574621361264e-08,3.28932043119574e-07,3.11399202569862e-17,-1.18927200477188e-07,-2.63581964794686e-08,-9.5914225483175e-09,2.61916743761544e-16,-9.62080048437339e-17,2.51155496768442e-08,7.74136360156236e-09,6.27159121781278e-10,-4.0178278675997e-05,4.73507529000627e-09,-9.17348054459381e-17,-2.21850725787609e-16,1.73469364046568e-08,1.1962056771394e-10,-1.47236507538847e-16,4.21594373993245e-08,8.15740510545128e-17,1.5193051098971e-07,-8.15979034549941e-09,-4.76985364044549e-09,-3.16787260549509e-08,-2.42668322455682e-16,3.70946087633052e-17,1.55245440280968e-16,1.23706422914053e-16,-1.79199515115544e-08,-8.05946906496457e-08,-8.18061617367376e-17,2.09155683715633e-16,6.90578763537891e-17,8.7997978753937e-08,1.02605110819075e-09,-4.38578003636922e-08,4.79430494409344e-17,-4.57533316788883e-17,2.22315655468153e-16,-2.76425809160509e-07,5.86943927422823e-08,-3.26494565725297e-18,1.34114303582626e-08,-2.71666518388729e-07,3.94479599901064e-17,9.48957027711006e-17,-2.7274047272171e-08,-2.79580815166881e-10,-1.35690564285805e-08,7.0310138406105e-18,1.53632894919047e-08,2.24502300156472e-08,2.42030065996187e-08,-2.22046396386892e-08,-7.92279115048399e-08,8.76654463594938e-09,-6.02444169202106e-17,4.47603422301424e-16,-1.64057082500851e-16,1.69685523168583e-07,-1.18691736476394e-07,-6.47710499563799e-09,-5.1557782688913e-09,-2.5626495170621e-16,-5.06037789637612e-17,-1.4506672270433e-17,-5.24806787712004e-17,-4.11567734674692e-16,1.72398954293958e-07,-5.02529732611249e-17,1.25184083869719e-16,-4.05190055906674e-09,6.18443327786779e-17,-3.62806446082919e-09,3.82542250619707e-17,-4.49991176978359e-09,-6.2808961446454e-17,-5.49547823884256e-09,-6.89153296144018e-10,-5.64877582151949e-07,-3.22845539518473e-17,2.2270879793454e-08,-2.6058102216876e-17,3.18669432775719e-08,-3.92022065955559e-07,3.13641608451175e-10,-6.71878493751884e-16,4.59625744255896e-08,2.28289157283098e-16,-1.13772012612768e-08,-6.42397273352507e-08,7.44701603501912e-17,3.22881851728378e-17,-8.78164947722385e-17,-3.57890449757289e-17,-2.16927329571771e-10,-2.82925705217531e-09,-6.32914290142251e-10,6.81352352367551e-17,9.8778354098916e-17,-4.66893372585982e-08,4.93176808506052e-07,-1.76918492918832e-16,-2.15470862447124e-16,-2.9436691753321e-09,-2.10689678512643e-16,-2.09115290961016e-08,2.90602676881569e-16,1.98834512213292e-07,1.06458447460997e-16,3.7377143984665e-17,1.20934085985516e-17,1.35100597282146e-16,-8.07661153228818e-18,-5.21910933747185e-17,3.46950062154871e-08,-2.42689465963069e-07,1.32622768498221e-17,-1.80924270911106e-08,6.89745134532831e-08,-2.22076127004441e-16,2.33259804747922e-16,1.957970803393e-16,1.40540500180044e-16,6.86637168375261e-09,1.10063059486395e-09,2.80123905964793e-17,-1.04690919049358e-16,-1.25308176367959e-08,-4.47150624507787e-08,-4.68505799600636e-09,-2.71085685925529e-17,1.53225671250092e-16,4.86417800790586e-17,-7.34364389477699e-16,5.57091979696004e-16,-5.55366632592531e-17,2.69577386732396e-08,-2.55445324376188e-08,-4.92091317279295e-09,-3.16955425365436e-17,6.10481213297861e-16,3.57640286224269e-17,3.5623397167146e-16,-1.66722120110866e-16,6.20306811385674e-17,-6.41316227072366e-16,1.15474486404783e-15,5.29553900752189e-17,1.54020497402797e-17,3.16604283930348e-17,2.72701661069128e-16,7.47216695214445e-17,-1.09829363534681e-17,2.49518787418052e-08,1.18220507366933e-17,-3.0898559361342e-15,7.65775351679567e-17,2.74142863887152e-07,-4.78336141186041e-10,-1.48385100924204e-16,-9.17410769084068e-09,2.52453740617751e-07,-2.01132944467122e-16,-2.1933746226336e-16,-7.0988110603382e-08,1.34642096516001e-16,6.32341986121939e-09,4.75015932744506e-17,-1.21888896311731e-16,8.31361354608882e-17,-7.58451520924931e-16,9.10205593749415e-10,-1.25133677065122e-07,-1.04737700642698e-15,2.32672226440305e-16,-6.5694389209536e-17,-5.62517291172366e-16,-1.57859836313889e-15,-8.73856708606097e-17,1.83126032999596e-16,1.2059923098644e-16,1.44443257996677e-08,1.11251325517296e-16,-8.75254492709899e-17,-1.83714871483849e-16,-1.76682935292714e-15,-2.4940720772165e-16,3.44923852108539e-16,-3.24987317193501e-08,-8.81913670585786e-17,4.43160975102101e-16,2.43213389691241e-08,6.56060225017526e-16,-7.59559258675605e-17,1.59042126490775e-16,-4.56763804720786e-17,1.47275678919187e-07,1.6577162619296e-16,-1.59109537761913e-08,-8.70148899288342e-16,-3.62128386381632e-16,3.42217924708348e-15,1.84844484892575e-15,-8.15645130304543e-16,-2.26267990270132e-15,5.88450175431211e-10,-4.08929387134955e-15,-2.69393987643957e-16,3.0249908227483e-08,-7.50000212460498e-08,-6.61013756852808e-17,5.35253401110099e-08,7.88793491284246e-09,-5.94910436688217e-16,2.00232990734162e-15,-3.74019812510614e-16,-2.6429236338924e-17,-1.22595591107989e-15,-1.48835886244454e-08,-5.26102054227938e-16,1.60450844970374e-15,-2.62572416088414e-16,6.2063683477701e-09,-2.54419680651784e-15,1.49219792445387e-15,5.63919350007887e-16,-1.76104064666377e-16,-3.01594480765602e-09,-2.10554186660237e-15,6.40824542883005e-09,6.43973020401135e-16,-2.59788230243357e-15,-1.40199032931513e-15,-3.56241137093363e-16,3.81116435946768e-16,1.72248757754064e-16,-4.48590137035231e-16,-6.88658344812465e-05,1.65519085157341e-15,-2.07485904858973e-15,5.7534449182717e-08,-1.49894998260555e-15,4.41847926397499e-16,3.95106171834983e-17,-5.68419673359984e-16,1.11548117190637e-15,1.32247365885321e-15,-7.5540154635771e-08,-2.56035350286126e-15,-7.00996755461337e-16,1.79875229404719e-07,1.06285174344349e-15,-1.9507215686838e-15,-2.65307001218883e-15,2.57127090707558e-16,8.01445930611192e-15,-9.98225723950548e-15,5.81594575427239e-16,2.42380862111199e-15,4.26822731308135e-15,-8.67151688519461e-15,-9.21407453808361e-16,-6.4595456334434e-07,0.40258108773676,-1.21477860886723e-13,-1.79872412761155e-15,-5.69364064102379e-16,-1.43642234492434e-15,-4.54389130488675e-15,-1.01641715609559e-15,-1.42431619503209e-15,4.44878813425923e-15,3.74785072803901e-09,-1.85208451156555e-15,2.38419918753076e-15,-2.81846779435834e-15,-1.19399209866253e-15,-1.89635850410883e-09,-1.70092936870807e-15,1.03030341671178e-09,1.7364450332599e-16,-2.58197056130501e-16,3.69711376452807e-17,-2.62193041804191e-16,1.04485275754743e-15,6.80829837262904e-16,-1.08207390249873e-15,4.18345824323884e-16,3.17719597757698e-16,-1.98105756315733e-16,3.29068214153864e-16,7.11694588423948e-16,-1.22410346030512e-15,-2.42645880647673e-16,-4.66191211798035e-17,-1.521178325367e-15,2.43268464332642e-16,2.32190460138018e-16,1.54460668489059e-17,1.01156717357607e-15,-5.79506061193502e-16,1.28728032497371e-17,-4.61009797327704e-16,-1.12835141156253e-16,3.29490155227779e-16,4.06739665198416e-11,-8.32814802301197e-16,2.23209721562399e-16,-1.03993508574739e-15,6.52161822368165e-18,-1.53947437329407e-18,1.43444633719869e-16,-2.90796552432744e-16,3.18457590552644e-16,-2.38678660637914e-17,-1.01128345790946e-18,1.17863618170899e-15,-1.19414068379167e-16,2.15082790443783e-16,3.45785641979486e-16,-9.23696344895373e-16,-3.6795567822244e-17,2.76284133352551e-17,-7.97895498794965e-10,-1.38738757907825e-17,-9.82909630294258e-18,-1.55608986907112e-16,-2.95116430251044e-16,-4.05252057581252e-16,-9.15865397120554e-18,-4.88233473754115e-16,-7.65014770888018e-16,-4.10800592037266e-17,2.03993458967422e-10,1.4703029205769e-16,3.32044815530708e-16,-1.22809475298579e-16,1.29633331665408e-17,-5.87103889173337e-17,-4.33748325662184e-16,1.71334162814796e-16,2.06478054228742e-16,2.85218868952465e-16,-6.20591265065703e-16,-2.61391467224289e-16,3.18929117773728e-16,-8.20856632395022e-16,1.14626275076379e-09,-3.31990352985251e-16,5.86544089902471e-16,2.68541475761497e-16,-1.19218870886506e-15,-3.57794366121917e-09,-2.34868093356858e-16,-4.50033881217552e-16,-2.9808552684176e-16,-1.04668505737434e-15,-3.76419953813969e-16,-1.13342780315567e-15,1.02933631836324e-15,-1.97052520564362e-15,-0.707106781186545,-3.08115974172428e-15,1.2557128590812e-15,-1.58551169922517e-15,-2.08152458927076e-16,-4.87249196331088e-16,-3.99087872221776e-16,-1.45143442937658e-16,-2.02048710479199e-16
"t809",-0.0310087452650065,0.00693954161665188,-0.00838945083497677,-0.0177587043562825,-0.016362975618745,0.0220935272795077,-0.168313430074554,-0.0348090211135801,0.000520821760185111,-0.00116655915119902,-0.000366541767371589,0.0100567160970235,-0.0139387692016139,0.00180356416506562,-0.000281699125579057,-0.00491108935711899,-0.000263161120919203,0.00116286279006636,-0.000134534804997154,0.000129926974786891,-0.00387025310302024,0.000928068092082261,-0.000587234883673832,0.00390310822151316,-0.000619812617295373,0.000609489369333898,-0.00094000559274969,0.00107176442865642,-0.0404186321205184,-0.00158540958689225,4.6989712516253e-07,1.69126260507873e-06,-0.00124309539463664,3.79406115967195e-06,-2.40787237881318e-06,-4.22832058293952e-06,-0.000169775095669561,1.21850457268445e-06,9.93703815966317e-06,2.74519764335109e-06,0.000143319694380821,-1.7908318586961e-05,0.000136747590115136,-1.57443221901797e-05,0.000841555801964649,-3.63098688605865e-05,0.000121837041169581,-0.0508873565534566,-5.33346140872066e-05,3.78878702472719e-05,-9.82966327362918e-05,5.92500852641837e-06,-7.79265475808322e-09,1.33727979614012e-05,-8.87952984368594e-08,5.10817129108565e-07,1.44359497568615e-08,3.31576281221199e-06,-1.36348651401483e-06,2.01627384848232e-05,0.148023474849287,7.73762163039677e-06,-0.000155195464685755,7.60406299165466e-05,-3.60613344411118e-06,6.74568522783304e-05,-2.94385530229642e-07,9.08938409682136e-06,-2.33784317173142e-05,8.21569003856803e-06,-3.05804018646808e-06,3.06677483693368e-06,-6.74432780079615e-08,7.74687767174003e-07,-5.39635696151428e-07,-2.02800131254082e-09,1.72018774191268e-05,-4.68566432098099e-07,3.79579957049124e-06,5.56309788376133e-06,-2.25658194082646e-06,-3.60681207667363e-05,7.07710853794472e-06,5.13582795027404e-05,-7.34221142281565e-06,-0.00210543789657625,0.0241546913757351,-3.05294941825006e-05,-7.74621994364132e-06,0.00166271908858024,-1.06089134976001e-05,2.22142482707299e-08,-2.40360783229923e-07,0.00014524427016411,2.04137965652496e-07,9.44751884127213e-05,7.42015805024174e-06,-6.35551070939495e-05,7.73240216945442e-05,2.56215827546394e-05,6.52495729524734e-06,-3.20237530807044e-06,9.18150217083012e-06,-6.97813924168659e-06,3.27515738615774e-06,-3.92703095374911e-05,0.000212810539444867,-5.89448754723124e-05,3.74777864410663e-05,-1.40099449706585e-05,-5.07810986433178e-05,-0.000587299659216468,0.114131955771655,-0.0316050988580541,5.30086582542658e-07,-3.64409148176174e-05,6.35745881743278e-05,-0.000109606097092754,0.000217854261364822,-0.00153116383245916,0.644626769596137,0.000447123993663764,-0.00027771103528534,-0.000755017059631506,0.000308462028779183,-0.0144603812964523,-0.000198629559002397,-3.35145181462396e-05,4.88359849328711e-05,0.0016048485026714,-2.59796480843351e-05,0.000122978259404518,-0.000142949237807409,-2.80675360358544e-05,1.21797088119906e-05,4.2439502327202e-05,-2.11136165668622e-07,-0.000126408754839002,3.44085056407544e-05,-9.86310775800519e-05,-6.17431180100505e-06,-0.000236600441473676,4.54913182749787e-05,2.89028578458344e-06,1.19276238611086e-05,-5.48572706901706e-07,-2.33763424946752e-05,3.27021950485357e-06,2.09365021649442e-07,-4.95296662745577e-07,-9.95868405634344e-05,-2.23874309581409e-06,-6.19346632129489e-05,1.75914213296745e-05,-4.69551955498609e-06,-4.03535776278522e-07,5.99703897049337e-06,-0.00029729905482721,-1.34538075525982e-06,-4.43507962898846e-07,-0.000209751271119949,4.06067616113632e-06,-2.18310408011451e-06,-0.000287073629427294,3.32732461771068e-05,-0.000119902804636968,2.633266466611e-05,4.73045408025989e-07,2.3854465552414e-05,4.39148643775678e-05,-0.00286954554115412,-0.0984084367079412,-7.19600126334747e-07,1.28771578612363e-07,8.13621981935316e-06,2.01439576111867e-07,8.29391083701912e-07,-7.87756907238148e-06,-5.41960156149793e-06,-0.000216333313798366,0.000104760193528182,0.00021375397425601,-5.16104714527653e-06,-1.63656240781009e-07,-6.23508672420143e-07,-1.10034826844692e-06,-2.23119508808051e-05,5.32000397945133e-06,2.39387945902736e-05,-0.000271231740286336,-6.11926663423693e-07,1.13187148274487e-06,4.50294890853518e-06,5.77393855624949e-08,7.71393052261438e-07,-1.09383042709207e-06,-2.01928358488468e-06,-1.33827266580509e-05,1.21007211169407e-06,5.40728690781629e-07,5.41614609596268e-07,9.46556114076094e-05,-1.68339897871669e-08,-9.02893209429253e-05,-2.05402994057347e-05,-0.018519828168741,-1.99184150470536e-06,-2.10974937491486e-05,-5.18226139232393e-06,-3.48357043520383e-07,-3.82466884399023e-05,8.80965023611617e-05,-0.000239223510579446,-3.88119570079301e-06,-3.26447537236919e-06,-2.8539190114779e-06,5.48129291576199e-06,3.64411545485463e-07,-6.77246420658723e-07,-3.46627514272643e-06,-1.92705474229247e-05,0.00132049312033166,2.61279367026355e-06,1.33594013502836e-05,-4.13013449719149e-06,-2.14700176983737e-06,-2.27385997945814e-05,-1.71748931680823e-06,-2.98654309765773e-06,-3.6732169055197e-06,0.00806639387004394,-2.42996083882564e-07,2.81803928240885e-07,5.35669275914177e-07,-4.12504469681239e-08,-9.40981486528255e-07,-3.91553701234665e-06,1.61574360955667e-16,-6.17442154683591e-07,6.05882059733802e-05,-1.46209949801235e-06,-0.0048505690369047,-2.74124210957011e-06,4.33592164319152e-06,-6.34313349436077e-07,3.01232088284777e-05,-5.28014731349662e-08,3.5128914760348e-09,-5.62776871875708e-06,8.23040765515822e-06,-2.5849055708847e-07,3.53792529114193e-05,-1.64436133765596e-06,7.95940969148589e-07,-5.14018696268128e-08,1.86180191187085e-06,-1.70792002167138e-06,3.47102280798651e-05,8.38604819315063e-07,-1.60572674700805e-07,3.46561433964121e-06,-6.68784297037609e-07,7.30936994049129e-05,-3.62226312565767e-05,3.5898430727946e-07,-1.22084757075389e-07,1.41286663782786e-07,9.98969861119519e-06,-2.27997221609454e-05,1.48826403865146e-07,5.93558907525525e-08,-1.27817464740556e-07,1.10572688221962e-05,-1.6276614167549e-05,2.79933483328483e-06,-3.80009006094047e-05,3.79894876774874e-05,-2.11420083727996e-06,4.81268318014049e-06,-1.75184825507476e-06,9.49278626872618e-07,1.16961140398577e-16,-2.32120642557014e-06,-7.9451794583606e-08,-7.3690309213167e-10,-6.34264135530375e-06,1.1194672978997e-07,-6.91530356902512e-08,-2.09714345498056e-06,2.33879675691901e-07,-1.43359440982528e-06,3.75417123818917e-06,1.36892663563565e-07,-1.20695247233144e-07,1.55694156241041e-06,-1.88264955448539e-06,4.18830011193897e-05,-8.91361212842813e-07,1.3278682817512e-05,5.11058853422724e-08,2.75007247281548e-07,2.08669116354136e-06,-1.70659140258837e-05,4.01883623528967e-07,-1.53159604233574e-06,2.04846989762458e-06,-7.41940284366862e-06,4.60774694714388e-07,4.15820280916211e-07,3.16417849255187e-06,-5.31618466076502e-06,-4.25205952679792e-07,3.44768297817006e-06,-2.24539147597532e-06,5.53833142187118e-08,5.13483238927116e-07,-9.89891938680475e-07,2.89731011381493e-17,2.88043113091988e-09,1.21052779773662e-05,-1.41581710436382e-06,8.03645947843582e-07,7.18487792667095e-07,2.09756226411291e-07,4.8601151162944e-07,-7.09921082799752e-06,2.62930120859707e-06,4.6249349044659e-17,-1.99896342245775e-06,-2.43452279487689e-08,-6.79263445532025e-08,2.2590589137672e-06,5.08093939804462e-07,-3.42069802998981e-08,-1.30402234493071e-06,3.46926926855285e-07,-1.1447253122446e-05,2.1612703192412e-06,-4.38528958783946e-07,-7.92640333770085e-07,-4.19011899397155e-08,-5.36135818047438e-08,-7.88997624310295e-07,3.30653940588349e-06,-8.55737935861572e-07,-1.9737551892612e-19,-2.27290650871377e-05,1.78815788870273e-06,3.97065537481468e-08,4.56023107462852e-07,-1.65326103136352e-06,-3.59491048228358e-06,1.30022601381152e-05,-4.75363174359196e-05,-3.40461409354342e-07,-2.04620653664141e-16,-6.61359999268887e-07,-1.88173792635813e-06,-1.03064979411865e-06,4.58200804526245e-16,5.12793156868142e-06,0.0115267991165018,-0.00782935495567416,1.27176612289643e-06,2.35346562598714e-08,-3.90876212562008e-08,-2.23124172502873e-06,9.81524119893008e-08,1.07082945077168e-06,3.49393836813192e-07,2.71832163900917e-07,3.56696587925418e-06,8.02357401169163e-17,-1.53932242810495e-06,5.6180184139257e-07,3.68926151919149e-06,-3.77723795148235e-07,3.80230659315371e-17,-3.73448375888322e-07,6.30958303088846e-07,-1.68935833269076e-07,-1.50288625723774e-07,-3.80440916852098e-07,3.643793235096e-06,-5.34443249844528e-06,7.39060031465777e-07,-3.61114700185455e-17,2.67252885224653e-06,-4.61592099328887e-06,9.89149862730394e-06,3.29326276405996e-06,-3.34629546279584e-07,-2.24533140556551e-09,-2.94902990916057e-17,-9.15540101269434e-17,-2.16215811984511e-09,-2.48833348938034e-06,3.27963422525768e-07,-3.65679771849961e-07,1.10824721229156e-15,-1.73055004873667e-07,-2.04107426024911e-09,-1.24376715275642e-18,-3.44835708702421e-17,7.86528394710936e-17,4.31073282151622e-07,1.27069342902263e-06,-1.83384223987673e-06,1.08140370351123e-06,5.38993397454062e-07,1.10785004212686e-06,-3.34723603869923e-06,-2.35599601518209e-16,-7.41494595467113e-07,0.00121121181481003,-6.27514361917307e-17,1.13127839131055e-17,-1.25957658591812e-06,-9.74514649270309e-11,-9.6371176740453e-07,5.80519933050099e-07,9.47089482506463e-07,-3.9297652358068e-08,-7.13486305573258e-16,-1.32076309349933e-07,2.327917506246e-18,-4.49355770737027e-07,-2.81675724411734e-16,-1.05737841424546e-06,-1.72088926085777e-17,6.40702076685016e-07,0.000149920520432224,5.23154362077443e-08,6.86943550226739e-07,2.36552333800271e-06,-3.51093243714129e-07,1.71579340847204e-06,8.52452812637003e-08,4.14665946963944e-07,3.81725582775757e-08,7.7300899032614e-07,-1.67541328970768e-06,-4.12378975435697e-07,-3.34137866361821e-08,-1.03349151988603e-06,7.5351026524663e-17,7.45242480380572e-06,-1.28205231869261e-06,1.2567827464459e-07,7.7370453121915e-16,1.66075237093437e-08,4.48962237883809e-07,1.6044242359798e-06,6.7803462853101e-17,-2.69985694750388e-06,-2.06148199973032e-07,-4.78967878426568e-17,-2.72185419547022e-07,5.43263399260642e-06,-1.52580956511124e-17,-1.39152001064474e-16,-1.53587904125909e-07,-1.18786084396294e-07,-6.76560385140533e-10,-9.38299457383825e-07,2.48903795906728e-07,5.07865537425274e-07,7.05131543809791e-08,8.61018738880691e-07,-1.45842762883956e-06,2.25080371007991e-16,2.0841791876565e-08,2.06913577174656e-09,5.70888152485401e-09,5.34110129053397e-07,-2.53636907247858e-17,8.50992745418226e-17,1.75617555413258e-07,7.10895306338836e-17,-8.46849408622191e-17,1.10160298184131e-06,-1.22948466100316e-06,-1.59138941462509e-06,-1.3248773144486e-08,4.01929304401048e-05,8.82052518029477e-07,3.96116025975563e-08,3.58126021545621e-17,9.62972656251585e-08,4.49864771178118e-09,2.06437324415328e-08,-1.44613281474755e-06,5.69895937767658e-06,-7.56591912607796e-18,-1.03154503635482e-16,1.65861549382002e-15,-7.15500235260401e-08,-2.38350956088052e-07,-1.99768495640447e-07,-3.2831100974891e-16,-1.82580555654044e-07,-2.4163440945432e-16,2.63113535959821e-17,4.28733153944846e-06,-9.41328240995136e-08,4.37150315946155e-16,-2.31436365003348e-07,-8.29348951335513e-07,5.41461990259804e-16,3.57006504562631e-07,2.00544931055479e-16,9.52546492792118e-08,1.87237348015467e-16,9.50301603274619e-08,8.22563641709741e-07,2.06752604176393e-07,2.80158012094248e-08,1.92322275257942e-07,-8.63395862043322e-07,2.65559865467258e-07,-1.68351584872993e-16,0.000108782736817249,-6.4328064945867e-07,-9.74137844845245e-18,-1.13243442811685e-07,-2.59148359661223e-07,5.43401833437555e-07,-5.30977601100209e-17,1.94310816012739e-07,1.78257270415288e-06,1.85403378031436e-16,-6.41906529584591e-07,-1.41986789763503e-07,-5.12927400543703e-08,2.1093591874968e-17,-1.04970964287416e-16,1.32071599314865e-07,4.04239156047455e-08,3.2702350456767e-09,-0.000203413821804735,2.38612516808915e-08,-2.4738353965719e-17,-1.70747357741629e-17,8.71370749059089e-08,6.00634489575188e-10,1.05788543536046e-16,2.10562250144339e-07,1.82193848794275e-16,7.54934813720402e-07,-4.02649920903082e-08,-2.35255996924867e-08,-1.55943802231303e-07,-1.62907032983882e-15,7.28129360761192e-17,1.57518163386342e-16,-1.7203305037496e-16,-8.67233076372535e-08,-3.89499277094354e-07,-1.56372371272695e-16,-3.89215449232724e-17,-1.24831359288337e-16,4.23172860496423e-07,4.92363639488921e-09,-2.09244932932823e-07,1.05376224420131e-16,-1.50080685726306e-16,2.78639958328775e-17,-1.29362975045208e-06,2.74500682091623e-07,-8.50758606243321e-18,6.22605282864156e-08,-1.257439329174e-06,3.81188265356818e-18,1.04549578803677e-16,-1.25366886383119e-07,-1.2843981071219e-09,-6.20840124599247e-08,-6.62454641647862e-17,6.98207459368514e-08,1.01651634153803e-07,1.09026595928554e-07,-9.93291162470034e-08,-3.53753582185968e-07,3.90064806255059e-08,5.82460203026858e-17,1.37316878595123e-16,1.67448995074861e-17,7.40281838088675e-07,-5.17657356158908e-07,-2.8178627084038e-08,-2.21502681841809e-08,-6.22561146629197e-17,-1.23650657970581e-17,-3.25555499160461e-16,-5.3656700944852e-17,-2.74440314042463e-16,7.31019127376065e-07,-5.39121695687812e-17,-3.7884250581595e-17,-1.7093304486125e-08,1.69963437648024e-16,-1.53011253126333e-08,1.5488443898944e-17,-1.89693445799543e-08,6.91837376811663e-17,-2.2960776033786e-08,-2.8732626403301e-09,-2.34749302157088e-06,2.27018113734671e-16,9.2182806279424e-08,5.22464969581346e-17,1.3074793071455e-07,-1.59002043916087e-06,1.27147587568558e-09,-5.9770466117367e-16,1.85456189252659e-07,1.17433147678442e-16,-4.55650441784439e-08,-2.57181928377639e-07,-7.78509987450959e-17,-3.86151620005194e-17,-6.23275685640972e-17,2.08105036095633e-18,-8.63092608114133e-10,-1.12382977192884e-08,-2.50923079342934e-09,7.92375196544012e-17,1.12477960392939e-16,-1.83401155219849e-07,1.93645579515045e-06,-1.72537152291431e-17,2.14112971680377e-16,-1.14239629447742e-08,-2.15644993848331e-17,-8.09501062373471e-08,-5.54441126946169e-17,7.64049286085076e-07,2.88124765022638e-16,2.518156851153e-16,4.72371742993181e-16,-6.99718861300995e-17,2.89294178509547e-16,-2.91477322986315e-16,1.3129647204161e-07,-9.18223997065121e-07,6.00504631274776e-18,-6.80805325879217e-08,2.58948864626316e-07,1.64651202542329e-16,-5.63492238824747e-17,-2.12179262136085e-16,1.37389884587216e-16,2.55196339657182e-08,4.08085080538223e-09,-7.1490919804626e-17,4.63531368040131e-17,-4.63366086290565e-08,-1.65289966437273e-07,-1.72978781808955e-08,1.79619026034632e-16,-1.68455639223062e-16,9.10968093897546e-17,-5.24809047117881e-17,6.20975835402033e-17,3.35917230251719e-16,9.75751207362011e-08,-9.22824599317134e-08,-1.77432428683018e-08,-7.81576424658446e-17,-2.41133276431086e-16,1.58726595474656e-17,4.63564189477549e-17,-3.26675107973443e-16,1.98548878018899e-16,-2.87541989149126e-16,-6.11043359055668e-17,-1.82587935335799e-16,1.74282198511292e-16,-1.16228708009292e-17,-2.24518529160246e-17,8.76131288001011e-17,1.3250967423793e-16,8.69194554316958e-08,6.39583305800497e-17,-2.73873894114996e-17,-9.20483255125219e-17,9.50274513906074e-07,-1.65617191240698e-09,1.86810136111625e-16,-3.17412693563558e-08,8.68021739862165e-07,2.86756421256065e-16,-3.88540682553289e-18,-2.42134245997663e-07,2.72559092735633e-16,2.13499173633308e-08,-2.20336020859888e-16,-1.6211745907831e-16,1.06639257484798e-16,-1.44936795528476e-16,3.0212227832882e-09,-4.14852937656638e-07,-7.30952074085117e-17,-5.39404265551579e-17,-7.72184183272108e-17,1.08627099875382e-16,2.86337793753422e-16,-2.98558679787856e-16,1.99002927429885e-16,3.3876632384956e-16,4.44837970056456e-08,2.06889524301177e-18,-2.98016555837879e-16,5.80280959470742e-17,4.03206417927636e-16,1.3784976819038e-16,-3.89644495963458e-16,-9.81083705175538e-08,6.20047244965809e-17,2.91270961280966e-16,7.31370011904958e-08,-3.72176951686043e-16,3.83938322041694e-16,2.66581786194273e-16,9.50165996286801e-17,4.20434435964966e-07,2.5993471237835e-16,-4.49336630165402e-08,-1.65558314689954e-17,-2.77791633781297e-16,-2.16912601579201e-16,-6.7084712961009e-16,-1.84162082698123e-17,-4.79683400476525e-16,1.62269555515333e-09,9.73096500594818e-17,3.0043963733133e-16,8.17516748987284e-08,-2.02474878622599e-07,-1.07441660499697e-16,1.41783259590361e-07,2.07634612875696e-08,-1.24703190411558e-16,-3.91455016452143e-16,6.10555272738831e-18,-1.05877934597276e-16,-3.8248054547919e-16,-3.48155302235808e-08,1.16376588636889e-15,6.69594353052853e-16,2.69238449199226e-16,1.39324850254186e-08,-2.34052100403119e-16,-1.79823913687879e-16,8.57420835007056e-17,3.20149303985301e-16,-6.34437742097481e-09,1.63870098798777e-16,1.31722675658148e-08,2.7301263321146e-16,2.35570394836419e-16,-2.96322944859939e-16,-2.87333260026808e-16,-1.72709912700391e-16,-1.08935080108487e-16,2.46892972248023e-16,-0.000120892322713499,-1.12109912372028e-16,1.60573983353888e-16,9.58701153052445e-08,-2.05676776873606e-15,1.95846708703992e-16,-2.20069717486364e-16,2.36646154884406e-16,-6.35497269048834e-16,-8.00375927535091e-16,-1.00695175887915e-07,-7.37233729437976e-16,5.74387720518204e-17,2.06852894558289e-07,-7.8332584205445e-16,-2.98525146434893e-16,-4.05617068980953e-16,1.38161262856062e-17,-4.07800605733839e-16,9.37038120084731e-16,3.92221266083843e-16,-4.60554752369569e-16,1.83552481745865e-16,-3.55177655534477e-17,-7.3955052960135e-16,-1.08906677104283e-07,0.00039017662004186,-1.10770043048613e-15,5.06726259622815e-16,3.91303586739361e-16,5.1845556363098e-17,-1.21647483752874e-15,9.6786873913296e-17,6.93184620149238e-16,6.86585663861358e-16,-4.50193112703572e-09,4.45112441487779e-16,3.13898576449403e-16,6.34465514899278e-16,-2.27840216164315e-16,5.76379794841033e-09,-1.20279672604164e-15,-8.1539836654331e-09,-1.24971866468522e-15,-3.35916369000753e-16,2.86214622430822e-17,1.62176236582716e-15,5.88411603215757e-17,-3.82505826510932e-15,1.14890904320962e-15,5.39147071899294e-17,-3.19057305025891e-15,1.13711804001231e-15,4.95115500916439e-17,-8.26953741672386e-16,-4.64624222684234e-16,-2.45905157756747e-15,1.65873042574475e-15,8.55417176620905e-15,4.6092792385716e-15,4.95749245016309e-14,-0.707106781186549,-2.49120624976396e-14,2.33527390133825e-14,-8.31178345014722e-15,3.85554769216432e-15,-3.92758147416661e-15,-8.77348607379344e-16,4.337724871102e-10,4.84012737221063e-15,4.09931320892816e-15,-1.49089279067332e-15,4.4633801850058e-16,-6.6497216472777e-16,-1.02911268627272e-15,1.71322444874675e-15,1.34019587231808e-15,-1.31767812472846e-15,3.2492406766971e-16,3.26019593266391e-16,-8.41244690550942e-16,-2.61155975160434e-16,-2.49154606361074e-16,-7.31634004734603e-16,-5.26013759538144e-16,3.8659550217762e-16,-5.57547170423451e-09,1.08873029018797e-15,3.0999774063163e-16,1.93500382655634e-16,-7.14335614736336e-16,-1.73873468989149e-16,1.95353521900549e-16,-3.26486052840852e-16,1.70055203964582e-16,-2.11932286695078e-16,1.1797861493983e-09,-5.76595966461505e-16,-1.96123635701978e-16,1.95330470716134e-16,-2.208702370996e-16,1.77763389710562e-16,-1.55975427591533e-16,2.43159727353959e-16,-1.48426221474915e-16,-1.43983741162067e-16,4.28176182605734e-16,-1.42443743201111e-16,-1.4876623779556e-16,4.21754433820025e-17,5.94466398290530e-09,-2.49261447021792e-16,1.05453987245476e-16,-7.48804535652324e-17,-9.82937689575358e-16,-1.78828195022861e-08,-2.52968379977737e-16,-8.55469716066031e-17,-3.35421205686829e-17,6.083090367764e-17,8.1318679681269e-17,-3.73238682251508e-17,7.25128454039603e-18,-1.87799464153334e-17,-1.72712845231487e-16,3.70675246368896e-17,9.71133565838893e-17,8.66643961941003e-17,2.98350124181185e-17,-2.45818112915159e-17,-6.93429189330985e-17,2.15743558501041e-17,-2.53166851108656e-16
"t810",-0.0310087452650065,0.00693954161665189,-0.00838945083497677,-0.0177587043562825,-0.0163629756187449,0.0220935272795077,-0.168313430074554,-0.0348090211135801,0.000520821760185114,-0.00116655915119902,-0.000366541767371587,0.0100567160970235,-0.0139387692016139,0.00180356416506562,-0.000281699125579052,-0.00491108935711899,-0.000263161120919198,0.00116286279006636,-0.000134534804997146,0.000129926974786891,-0.00387025310302024,0.000928068092082286,-0.000587234883673844,0.00390310822151316,-0.000619812617295349,0.000609489369333915,-0.000940005592749696,0.00107176442865642,-0.0404186321205184,-0.00158540958689225,4.69897125154839e-07,1.69126260507379e-06,-0.00124309539463663,3.79406115966968e-06,-2.40787237881155e-06,-4.22832058292966e-06,-0.00016977509566956,1.21850457266919e-06,9.93703815965729e-06,2.74519764339087e-06,0.000143319694380829,-1.79083185869377e-05,0.000136747590115131,-1.57443221901886e-05,0.000841555801964646,-3.6309868860575e-05,0.000121837041169554,-0.0508873565534566,-5.33346140872138e-05,3.78878702472708e-05,-9.82966327363044e-05,5.92500852639257e-06,-7.79265477936904e-09,1.33727979614168e-05,-8.87952983448809e-08,5.10817129132716e-07,1.44359498308776e-08,3.31576281223576e-06,-1.36348651397698e-06,2.01627384848598e-05,0.148023474849287,7.73762163043665e-06,-0.000155195464685755,7.60406299165497e-05,-3.60613344415693e-06,6.74568522783398e-05,-2.94385530226319e-07,9.08938409668735e-06,-2.33784317173983e-05,8.21569003848354e-06,-3.05804018649521e-06,3.06677483695775e-06,-6.74432780148218e-08,7.74687767125099e-07,-5.39635696225862e-07,-2.02800128762079e-09,1.72018774191149e-05,-4.68566432183195e-07,3.79579957051015e-06,5.56309788376781e-06,-2.25658194086062e-06,-3.60681207667964e-05,7.07710853784677e-06,5.13582795025976e-05,-7.34221142283436e-06,-0.00210543789657632,0.0241546913757351,-3.0529494182503e-05,-7.74621994364553e-06,0.00166271908858021,-1.06089134975439e-05,2.22142482820056e-08,-2.40360783261585e-07,0.000145244270164199,2.04137965677392e-07,9.44751884126554e-05,7.42015805020423e-06,-6.35551070940972e-05,7.73240216945525e-05,2.56215827546645e-05,6.52495729528894e-06,-3.2023753081034e-06,9.18150217073583e-06,-6.97813924162811e-06,3.27515738618999e-06,-3.92703095374315e-05,0.000212810539444859,-5.8944875472362e-05,3.74777864410702e-05,-1.40099449706349e-05,-5.07810986432842e-05,-0.000587299659216353,0.114131955771655,-0.0316050988580542,5.30086582542101e-07,-3.6440914817661e-05,6.35745881743415e-05,-0.000109606097092689,0.000217854261364897,-0.0015311638324591,0.644626769596138,0.000447123993663753,-0.000277711035285332,-0.000755017059631543,0.000308462028779235,-0.0144603812964524,-0.000198629559002492,-3.35145181462558e-05,4.88359849328482e-05,0.00160484850267142,-2.59796480844038e-05,0.000122978259404632,-0.000142949237807437,-2.8067536035862e-05,1.21797088120741e-05,4.24395023272235e-05,-2.11136165674599e-07,-0.000126408754839115,3.44085056407407e-05,-9.86310775800169e-05,-6.17431180098012e-06,-0.000236600441473789,4.54913182750027e-05,2.89028578451016e-06,1.19276238610327e-05,-5.48572706913465e-07,-2.33763424945939e-05,3.27021950479709e-06,2.09365021579512e-07,-4.95296662745171e-07,-9.95868405633372e-05,-2.23874309587304e-06,-6.19346632130165e-05,1.75914213297979e-05,-4.69551955504161e-06,-4.03535776262238e-07,5.9970389703966e-06,-0.000297299054827195,-1.34538075522377e-06,-4.43507962856967e-07,-0.000209751271119914,4.06067616115309e-06,-2.18310408008251e-06,-0.00028707362942723,3.32732461772048e-05,-0.000119902804637106,2.63326646660729e-05,4.73045408019974e-07,2.3854465552502e-05,4.39148643775271e-05,-0.00286954554115418,-0.0984084367079414,-7.19600126271292e-07,1.28771578572493e-07,8.13621981935994e-06,2.01439576102368e-07,8.29391083652166e-07,-7.87756907228578e-06,-5.41960156148645e-06,-0.000216333313798422,0.000104760193528221,0.000213753974256114,-5.16104714530122e-06,-1.63656240766129e-07,-6.23508672433412e-07,-1.10034826853114e-06,-2.2311950880789e-05,5.3200039794298e-06,2.39387945902882e-05,-0.000271231740286355,-6.11926663381199e-07,1.13187148265959e-06,4.50294890854206e-06,5.77393855558163e-08,7.71393052255302e-07,-1.09383042709684e-06,-2.01928358489983e-06,-1.33827266580962e-05,1.21007211168083e-06,5.40728690776863e-07,5.41614609574736e-07,9.46556114075875e-05,-1.68339897886352e-08,-9.02893209429649e-05,-2.05402994055049e-05,-0.0185198281687411,-1.99184150469453e-06,-2.10974937491712e-05,-5.18226139238903e-06,-3.4835704351451e-07,-3.82466884399455e-05,8.80965023612684e-05,-0.000239223510579433,-3.88119570081994e-06,-3.26447537253336e-06,-2.85391901127306e-06,5.48129291532402e-06,3.64411545453042e-07,-6.77246420669105e-07,-3.46627514272292e-06,-1.9270547422837e-05,0.00132049312033157,2.61279367043081e-06,1.33594013502133e-05,-4.13013449716353e-06,-2.14700177004129e-06,-2.27385997946205e-05,-1.71748931680013e-06,-2.98654309766896e-06,-3.67321690553089e-06,0.00806639387004392,-2.42996083853951e-07,2.81803928204385e-07,5.35669275961496e-07,-4.12504469675544e-08,-9.40981486764248e-07,-3.91553701238934e-06,1.3888206885366e-16,-6.17442154842573e-07,6.05882059734721e-05,-1.46209949805601e-06,-0.0048505690369047,-2.74124210951846e-06,4.33592164321582e-06,-6.34313349433994e-07,3.0123208828705e-05,-5.28014731400692e-08,3.51289144971262e-09,-5.62776871872842e-06,8.23040765536059e-06,-2.58490557129509e-07,3.53792529115549e-05,-1.64436133772065e-06,7.95940969147862e-07,-5.14018695642543e-08,1.86180191190254e-06,-1.70792002154427e-06,3.47102280801788e-05,8.38604819330818e-07,-1.6057267456564e-07,3.46561433967896e-06,-6.68784297070623e-07,7.30936994049882e-05,-3.62226312566502e-05,3.58984307276258e-07,-1.22084757123483e-07,1.41286663825318e-07,9.98969861126879e-06,-2.27997221610685e-05,1.48826403780353e-07,5.93558907256699e-08,-1.27817464716905e-07,1.10572688222609e-05,-1.62766141674148e-05,2.79933483326955e-06,-3.80009006094399e-05,3.79894876775472e-05,-2.11420083729099e-06,4.81268318025899e-06,-1.75184825500137e-06,9.49278626821949e-07,4.63860839556652e-17,-2.32120642555932e-06,-7.94517945730968e-08,-7.36903106266055e-10,-6.34264135521422e-06,1.11946729782242e-07,-6.9153035703426e-08,-2.09714345507816e-06,2.33879675736823e-07,-1.43359440973894e-06,3.75417123816341e-06,1.368926636301e-07,-1.20695247305433e-07,1.55694156245297e-06,-1.8826495545076e-06,4.18830011193448e-05,-8.91361212749421e-07,1.32786828174361e-05,5.11058853271614e-08,2.75007247321344e-07,2.08669116353895e-06,-1.70659140257948e-05,4.0188362361718e-07,-1.53159604233428e-06,2.04846989768928e-06,-7.41940284365225e-06,4.6077469476652e-07,4.15820280891962e-07,3.16417849266378e-06,-5.31618466074898e-06,-4.25205952685971e-07,3.44768297815395e-06,-2.24539147608554e-06,5.53833142011747e-08,5.13483238863725e-07,-9.89891938693234e-07,8.60946025299417e-17,2.88043119260898e-09,1.21052779773747e-05,-1.41581710386162e-06,8.03645947802726e-07,7.18487792566304e-07,2.09756226307132e-07,4.86011511712484e-07,-7.09921082805562e-06,2.62930120853041e-06,1.52770327018733e-16,-1.99896342257985e-06,-2.43452281050686e-08,-6.79263447346945e-08,2.25905891365126e-06,5.08093939741131e-07,-3.42069803460416e-08,-1.30402234487124e-06,3.4692692691233e-07,-1.14472531222677e-05,2.16127031918319e-06,-4.38528958768555e-07,-7.92640333879601e-07,-4.19011899239073e-08,-5.36135821891477e-08,-7.88997624406806e-07,3.30653940584312e-06,-8.55737935700947e-07,1.7994060682525e-16,-2.27290650871138e-05,1.78815788873677e-06,3.97065537633933e-08,4.56023107109672e-07,-1.65326103139525e-06,-3.59491048224271e-06,1.30022601382081e-05,-4.75363174361644e-05,-3.40461409206519e-07,-1.83853196687522e-16,-6.61359999351659e-07,-1.88173792637463e-06,-1.03064979410693e-06,4.28725392726434e-16,5.12793156873689e-06,0.0115267991165018,-0.00782935495567405,1.27176612297009e-06,2.35346562375242e-08,-3.90876213251359e-08,-2.23124172505101e-06,9.81524119479049e-08,1.07082945064226e-06,3.49393836683462e-07,2.71832163918455e-07,3.56696587870963e-06,9.26032045923183e-17,-1.53932242830319e-06,5.61801841505917e-07,3.68926151945778e-06,-3.77723795008878e-07,-7.91249885582378e-17,-3.73448375906396e-07,6.30958303189026e-07,-1.68935833185881e-07,-1.5028862527798e-07,-3.80440916856436e-07,3.64379323434747e-06,-5.3444324983994e-06,7.39060031594222e-07,-7.69430181145537e-17,2.67252885182243e-06,-4.61592099341903e-06,9.89149862740685e-06,3.2932627641001e-06,-3.34629546153221e-07,-2.24533151247035e-09,1.75207071073658e-16,1.33543795665745e-16,-2.16215817356465e-09,-2.48833348913775e-06,3.27963422105948e-07,-3.65679771865019e-07,1.07307597190673e-15,-1.73055004915696e-07,-2.04107440945126e-09,1.80104451967192e-17,9.46520863091747e-17,-1.51472848869603e-17,4.31073282245955e-07,1.27069342900617e-06,-1.83384223972851e-06,1.08140370347615e-06,5.38993397461933e-07,1.10785004210195e-06,-3.34723603856166e-06,-2.67613423702016e-16,-7.41494595531062e-07,0.00121121181481,1.77413415314964e-16,-3.9659585767248e-17,-1.25957658583031e-06,-9.74511230300724e-11,-9.6371176751941e-07,5.8051993306799e-07,9.47089482319716e-07,-3.92976524419556e-08,-7.30630252425689e-16,-1.32076309365571e-07,-4.38368630913585e-17,-4.49355770783248e-07,1.57968256531138e-16,-1.0573784146972e-06,-6.74896840150065e-17,6.40702076810017e-07,0.000149920520432384,5.23154360222679e-08,6.86943550060919e-07,2.36552333798249e-06,-3.51093243761566e-07,1.71579340864634e-06,8.52452813764759e-08,4.14665947013384e-07,3.81725579831522e-08,7.73008990166281e-07,-1.67541328971102e-06,-4.12378975411906e-07,-3.34137866093191e-08,-1.03349152021166e-06,-4.25729897140345e-17,7.45242480378115e-06,-1.28205231867888e-06,1.25678274817747e-07,7.04269317876386e-16,1.66075237177627e-08,4.48962237943657e-07,1.60442423600815e-06,-1.03195849280668e-16,-2.69985694758307e-06,-2.0614819969642e-07,8.50836739818415e-17,-2.72185419578337e-07,5.43263399238813e-06,-2.24503592540101e-17,2.01984576025882e-16,-1.53587904159969e-07,-1.18786084282463e-07,-6.76560476279593e-10,-9.38299457391123e-07,2.4890379593337e-07,5.07865537403731e-07,7.05131544030817e-08,8.61018739585497e-07,-1.45842762866983e-06,4.00612702733394e-16,2.08417918245394e-08,2.06913579499873e-09,5.70888160913031e-09,5.34110128889809e-07,3.20607899216556e-17,-1.13179229331435e-17,1.75617555536391e-07,-7.06365004668457e-17,6.36390006379037e-17,1.10160298168148e-06,-1.22948466114272e-06,-1.59138941463937e-06,-1.32487731150113e-08,4.01929304398616e-05,8.82052517990372e-07,3.96116025879228e-08,-1.29633911658844e-17,9.6297265647978e-08,4.49864752836795e-09,2.06437323905848e-08,-1.44613281459356e-06,5.69895937750458e-06,-8.45027064572096e-17,6.0745571973063e-17,1.13003276947484e-15,-7.15500235401214e-08,-2.38350956104902e-07,-1.997684955646e-07,-1.36943430611212e-16,-1.82580555621752e-07,-8.12673556165575e-17,8.732224795974e-17,4.28733153924855e-06,-9.41328238661677e-08,1.52005144582468e-16,-2.31436365098089e-07,-8.29348951282673e-07,2.85215888990572e-16,3.57006503849238e-07,-1.02977480237635e-16,9.52546491648551e-08,-1.79468426793943e-16,9.50301604721359e-08,8.22563641655479e-07,2.0675260421483e-07,2.80158011312188e-08,1.92322275114755e-07,-8.63395862116397e-07,2.6555986551271e-07,2.45890772660333e-16,0.000108782736817339,-6.43280649672939e-07,-3.67045828218895e-17,-1.13243443035302e-07,-2.59148359650647e-07,5.4340183383702e-07,4.09563623398828e-17,1.94310815986786e-07,1.78257270409607e-06,-1.6691012082335e-16,-6.41906529560199e-07,-1.41986789675945e-07,-5.12927399527107e-08,1.01402202159109e-16,1.50541666976743e-17,1.32071599297347e-07,4.04239157047348e-08,3.27023478689401e-09,-0.000203413821804978,2.38612514350081e-08,-2.34788048540653e-17,1.15507414312393e-16,8.71370749315677e-08,6.0063475436651e-10,3.68384948474612e-17,2.10562250181209e-07,-1.68463684725043e-16,7.54934814011732e-07,-4.02649922483181e-08,-2.35255996323173e-08,-1.55943802180672e-07,-1.81815375140416e-15,-8.47801836700561e-17,-1.08466165727582e-16,-2.073899669238e-16,-8.67233076516918e-08,-3.89499277554236e-07,1.77240203850592e-16,-2.11489089157009e-17,1.00742005889472e-16,4.23172860485953e-07,4.92363633328965e-09,-2.09244932924427e-07,-9.4993342448847e-17,4.89246230334084e-17,7.74662452240893e-17,-1.29362975048546e-06,2.745006820137e-07,9.1367922168864e-17,6.22605284047699e-08,-1.25743932898982e-06,9.67660594368052e-17,-1.48215951619578e-16,-1.2536688632939e-07,-1.28439819278213e-09,-6.20840126098378e-08,5.58519525607479e-17,6.98207459785956e-08,1.01651634057983e-07,1.09026595835709e-07,-9.93291161642883e-08,-3.53753581855921e-07,3.90064809756076e-08,1.35745266026023e-17,-1.82180240707468e-16,3.35517502380551e-17,7.40281837887744e-07,-5.17657356118911e-07,-2.81786271530908e-08,-2.21502682085053e-08,2.49624804647901e-16,7.55163264009552e-17,2.72169842509107e-16,1.01643113459406e-16,2.14031799298469e-16,7.31019127573153e-07,1.2257066257151e-16,2.17072479783425e-17,-1.70933039744532e-08,-7.06547087043625e-17,-1.53011253985544e-08,1.85551150658494e-17,-1.89693448834537e-08,-2.74579824885044e-17,-2.29607758151817e-08,-2.87326251878832e-09,-2.34749302226107e-06,-1.34625853857505e-16,9.21828060621592e-08,-5.45467930171818e-17,1.30747930783064e-07,-1.5900204386761e-06,1.27147566628823e-09,-3.16924246523662e-17,1.85456189178972e-07,-1.85053458293267e-16,-4.55650443359096e-08,-2.57181928682668e-07,1.66405669581898e-16,1.33329952880971e-17,-4.62348588272504e-17,-2.19677746634236e-17,-8.63092623864474e-10,-1.12382970986232e-08,-2.50923118906427e-09,7.06758766427259e-18,-8.37506684490923e-17,-1.83401155224799e-07,1.93645579581268e-06,2.89677217475181e-17,-2.63186112199928e-16,-1.14239624897733e-08,5.76206855887403e-17,-8.09501062394353e-08,5.68358247413714e-17,7.64049286372542e-07,-2.79536947572349e-16,-3.41275505672642e-16,-5.12625365268977e-16,7.68164677704136e-17,-2.90040947293169e-16,3.47077099026187e-16,1.3129647193059e-07,-9.18223997820807e-07,-3.85814796028241e-17,-6.80805326286232e-08,2.58948864582222e-07,-2.16366016462791e-16,-1.39399402712911e-17,2.09729391375275e-16,-1.26415235197526e-16,2.55196337566553e-08,4.08085086694019e-09,1.14161537996862e-16,-1.23763762340192e-16,-4.63366084961921e-08,-1.65289966198725e-07,-1.72978783504799e-08,-2.29537429738259e-16,2.0197903360508e-16,-8.05475637949761e-17,2.77663395947216e-17,-4.43712965309183e-16,-3.8589296669741e-16,9.75751206497995e-08,-9.22824604625784e-08,-1.77432429572842e-08,3.031285926379e-17,3.03379267441292e-16,4.08079642224483e-17,-1.49236908521491e-17,2.94116899984995e-16,6.43583396363525e-17,3.22600749840421e-16,6.84471169314177e-18,1.74221666532915e-16,-2.47301125396907e-16,7.03145947989602e-17,1.23857072179812e-16,-6.35535861396248e-17,-1.48716049687114e-16,8.69194540664229e-08,2.65822984870355e-16,8.39129579808435e-18,4.80348121333285e-20,9.5027451406761e-07,-1.65617143865442e-09,-1.99648545923222e-16,-3.17412689619235e-08,8.68021739654418e-07,-2.37640153788403e-16,2.50586133172556e-16,-2.42134245521591e-07,-1.66965139740707e-16,2.13499173407948e-08,1.20208073730321e-16,1.49137198215335e-16,-9.46882339101957e-17,-3.94883502319204e-17,3.0212223007539e-09,-4.14852937545183e-07,2.78320769370867e-17,6.81575022304351e-17,7.24054025969177e-17,-2.79923853678382e-16,-7.93635990259389e-17,2.41361663424349e-16,-8.72676344220275e-17,-2.69305315362323e-16,4.44837980032693e-08,-1.28411668294207e-17,2.6533282058902e-16,-9.55871618330356e-17,-4.36075512317277e-16,-8.83533663676755e-17,1.71274274235499e-16,-9.8108370551995e-08,2.48364220876668e-17,-2.45431349480644e-16,7.31370011757431e-08,3.11895117915867e-16,-1.71909790275848e-17,-2.42096485747954e-16,-2.0950432660959e-16,4.2043443586054e-07,-1.81753478066596e-16,-4.49336636815038e-08,-6.71279388010888e-17,2.40148050581289e-16,-7.22451718712107e-17,2.7772050406453e-16,4.15224463391168e-17,2.62903724909943e-16,1.62269575379053e-09,-8.92783113327156e-17,-3.97221793997424e-16,8.17516750782601e-08,-2.02474878513871e-07,5.40091103342448e-17,1.41783259386404e-07,2.07634612625652e-08,1.21646839807065e-16,3.82089274712181e-16,-6.31827378368095e-18,9.74084432299297e-17,3.42999879440148e-16,-3.48155302253651e-08,-6.66529742671911e-16,-5.4361432543127e-16,-3.31932290962758e-16,1.39324849295557e-08,6.07243023385034e-16,1.82820769594465e-16,2.31007925376662e-17,-3.64940335012507e-16,-6.3443774061042e-09,-1.23921642320119e-16,1.31722674524907e-08,-3.15429865870659e-16,-1.73812481300388e-16,2.41842967643366e-16,3.66112997598358e-16,7.36754652638712e-17,1.2032681739857e-16,-1.29123360447232e-16,-0.000120892322713849,2.11877422204986e-16,-1.01734343925135e-16,9.58701151537044e-08,2.21492951234329e-15,-1.79859953738606e-16,1.65553563892241e-16,-1.90041967534159e-16,6.42218977504246e-16,7.92377245000716e-16,-1.00695176724163e-07,7.28729451196625e-16,-2.01602611386125e-17,2.06852893098933e-07,5.96928784994856e-16,3.66564813936747e-16,2.71612356803493e-16,2.28497963676239e-17,4.62646117347022e-16,-1.05861204318853e-15,-4.10789962226423e-16,4.05343790478202e-16,-2.01538269136216e-16,-1.66650455600113e-17,7.52229271255435e-16,-1.08906676802035e-07,0.000390176620042126,8.12706705631668e-16,-3.61432869086252e-16,-3.47684005416583e-16,-1.57110290390763e-17,1.51311255192077e-15,-2.33283140759265e-17,-6.41712893726211e-16,-6.83571973730694e-16,-4.50193216961475e-09,-4.6048747480223e-16,-2.54971651829414e-16,-7.23937572824791e-16,2.13738188756325e-16,5.7637975361396e-09,1.08155907344782e-15,-8.15398044638274e-09,1.20126895162572e-15,3.33987059921371e-16,-6.71495643585368e-17,-1.63257976605536e-15,1.82563309508948e-17,3.85832957060771e-15,-1.03021076471262e-15,-7.5104627877934e-17,3.17211968339845e-15,-1.20001419461978e-15,-9.17188902497603e-18,1.01600099092937e-15,6.61148360900519e-16,2.43722027465716e-15,-1.64776483257781e-15,-8.54872358346878e-15,-4.51966370102812e-15,-4.96519852637258e-14,0.707106781186547,2.49227333290257e-14,-2.33064435806174e-14,8.33656086434812e-15,-3.81061547651903e-15,3.95412005225459e-15,1.01050811584561e-15,4.33761107233261e-10,-4.84426026033673e-15,-3.86908486786267e-15,1.51008911823034e-15,-5.86659029750731e-16,7.13783191939889e-16,9.80339530019115e-16,-1.7730210965503e-15,-1.2879370868255e-15,1.30010058433393e-15,-3.5227998835567e-16,-3.7773603689395e-16,8.65895291029248e-16,2.64746702759486e-16,2.51230080400415e-16,5.94370670415952e-16,5.25715590244154e-16,-3.93657344493716e-16,-5.57547113833291e-09,-1.09272706547144e-15,-4.43860129314916e-16,-1.43282445913185e-16,6.28803455775687e-16,1.84043936875808e-16,-3.22241292436043e-16,3.81903431463192e-16,-2.69203451026101e-16,2.86767083890809e-16,1.17978640099527e-09,8.47950820494355e-16,1.31384301596326e-16,-2.11136687644392e-16,2.27923806816301e-16,-1.28095441977777e-16,1.43382636245727e-16,-2.67882210418097e-16,-1.54393902308701e-18,6.39392319171659e-17,-5.09421674117824e-16,7.57947426051168e-17,1.79545341514712e-16,3.96930934593208e-17,5.94466362388657e-09,2.06714733167119e-16,-1.32739846045032e-16,-6.09435987512588e-17,1.7499023063916e-16,-1.78828193291267e-08,6.19761419772941e-17,-6.79660333012518e-17,1.03761502095486e-16,-4.79896961392055e-17,-7.41460552710215e-17,4.51261780801122e-17,2.634198795922e-16,1.08410560169579e-17,1.20065069928409e-17,-6.22536183471643e-17,-1.11962702171177e-18,-4.38862285122865e-17,-5.44199821713745e-17,-8.54858438168725e-17,-8.47602340825003e-17,9.31774467553826e-17,-1.90686733045217e-16
"t656",-0.0307651096334077,0.00682074020137356,-0.00824087484417236,-0.0173275322414614,-0.0158665959440605,0.0212918461942686,-0.162069978383093,-0.0334000697892321,0.000495251868254595,-0.00109445157547528,-0.00033604333782971,0.00895392763571352,-0.0123486788652993,0.00159350671515485,-0.000246878772441105,-0.00425254613878313,-0.000226651708883716,0.000997267557024403,-0.000114723104036868,0.000108263930256397,-0.00314121049251312,0.000688798457124997,-0.000420269366929634,0.00278172270719443,-0.000440446833330074,0.00041704979438817,-0.000636463149228112,0.000719665157488814,-0.026435463632567,-0.000804563144028305,2.0022817940402e-07,6.04876937183683e-07,-0.000277347655707765,4.12436068775828e-07,1.09827971840209e-07,1.60735084554213e-06,7.6543968614085e-05,-6.67352620745569e-07,-5.88744986832786e-06,-1.91491166068438e-06,-0.000133682268087557,2.10447383170556e-05,-0.000184664590946649,2.15043925800962e-05,-0.00134989743712681,0.000104737536996806,-0.000423261761971678,0.193406848270543,0.00026375197109019,-0.000256018852890388,0.00108390870643605,-8.60424683572229e-05,1.18248615208445e-07,-0.000311180463868722,9.83303384861702e-06,-0.000100219456211096,2.58627960570189e-06,-0.000160464497194703,5.39879669256911e-05,-6.88749301803158e-05,-0.0365082681845233,3.45498802854417e-06,-0.00012807809584977,6.86396863918501e-05,-4.7723343413258e-06,0.000104505407364767,-5.26297352800695e-07,1.65928152509287e-05,-4.28329686395526e-05,1.50165384637584e-05,-3.94215857789506e-06,-8.98376894547604e-06,4.52180739982912e-07,3.63566186246826e-05,-1.6086460158374e-05,-2.9978587733773e-08,0.000219211495593556,-4.01927403279464e-06,2.47119530598814e-05,3.5059061420429e-05,-1.41046201898608e-05,-0.000226380223312566,4.82145182599206e-05,0.000364889728514127,-7.00472881296497e-05,-0.0228238059319926,0.308506418175933,-0.000402156934512981,-0.000102889325652146,0.0225607003889467,-0.000156273291226275,8.50844983170222e-06,5.43142059234251e-05,-0.00253331935459801,-1.15085669752258e-06,-0.000473107491279302,-3.69592472775989e-05,0.00024052402535157,-0.000266061736867087,-6.27864474846402e-05,-1.22608731944898e-05,5.87724758252989e-06,-1.64084317800539e-05,2.41123595512995e-06,-8.65132069333436e-07,7.88948063891777e-06,-1.87170700823922e-05,3.31530311051734e-06,-5.7864757766989e-10,-1.17365679530248e-06,-5.57708030006432e-06,-0.000101667474771428,0.0161519327440435,-0.510833418469709,-3.83287242284513e-06,5.95231136775278e-05,-7.45394187529011e-05,6.41111562398894e-05,-6.87691311816417e-05,0.000276459236202221,-0.0762219348894072,2.19417243367556e-05,-3.6715676386664e-05,-0.000102016147318992,4.50019305650623e-05,-0.00313035978913121,-4.4076603320297e-05,-9.20604933144706e-06,1.95229601814313e-05,0.00064353282963002,-1.06474847121188e-05,5.86853793626475e-05,-6.99536364693239e-05,-1.39769756483511e-05,6.47634540609434e-06,2.27574081231428e-05,-1.26681113636748e-07,-8.16314593315349e-05,2.41505808596551e-05,-6.9374217270508e-05,-4.39806644688057e-06,-0.00016959834743804,3.29338170879759e-05,2.10025469587378e-06,8.66775591429385e-06,-4.09023684733291e-07,-1.82612407952133e-05,2.66446588138038e-06,1.72259062079313e-07,-4.16010330346744e-07,-8.37782325763508e-05,-1.89757728589497e-06,-5.27250844669552e-05,1.50488501581983e-05,-4.18739314209656e-06,-3.62084832141125e-07,5.40406220434673e-06,-0.000289928019659654,-1.32962875146107e-06,-4.39097569622534e-07,-0.00020940992665651,4.05961845955765e-06,-2.19386681569782e-06,-0.000288534213857732,3.33139847181257e-05,-0.000118098529021847,1.84237957459915e-05,3.16988242793209e-07,1.57909285316389e-05,2.21255766879744e-05,-0.000481076028989929,-0.00926721522329415,5.4199382879738e-06,1.52367869442726e-06,2.67354775461493e-05,6.0087629887533e-07,2.37597088563165e-06,-1.64381360770079e-05,-1.04838867297545e-05,-0.000416328307082191,0.000200879560322885,0.000407912213494644,-9.84941475799979e-06,-3.12599085558773e-07,-1.19275816815754e-06,-2.12421329939937e-06,-4.32065569283725e-05,1.06965361026363e-05,4.82058865887034e-05,-0.000555246586744455,-1.32186602325881e-06,2.58065397010424e-06,1.04816068171963e-05,1.38907332729064e-07,1.90537826914704e-06,-2.95199784063216e-06,-5.56773250602267e-06,-3.87322061537341e-05,3.59430347204396e-06,2.06378101971872e-06,2.09769470662677e-06,0.000425347583289957,-9.10150987032809e-08,-0.00109002466074641,-0.000249524959272483,-0.257519996366302,-5.11448977673787e-05,-0.00141013069387198,9.68324897759092e-05,2.32948603329213e-06,0.000160856800504274,-0.000329536016808411,0.000573364211025704,7.54415532248674e-06,6.31197242297609e-06,4.74238367300516e-06,-6.3719000352594e-06,-3.9657981011357e-07,5.20176304967951e-07,2.08004414408797e-06,1.05844450455665e-05,-0.000487333922521675,-8.66594212522796e-07,-3.90892101724988e-06,7.54737995187297e-07,3.47245598136282e-07,3.56135261186078e-06,7.39076684751288e-08,-1.11696519002649e-07,-7.13552581785387e-07,0.00330561048231659,-3.23507582499799e-06,-1.1474388076239e-07,-1.59701360095732e-07,3.73855971153833e-10,-5.24258263851427e-08,-4.29658199111849e-07,-2.41923806155281e-17,-1.11678048558487e-07,1.18693779397236e-05,-5.11658587446248e-07,-0.00688672134091925,4.47841555431483e-07,-5.85181992361682e-07,-9.14571966909262e-08,4.86434613441888e-06,-8.90556255107793e-09,6.95768205327476e-10,-1.20786253389414e-06,1.97893912053379e-06,-6.47653901715881e-08,9.00519208684314e-06,-4.5169443847451e-07,2.70904825366671e-07,-1.8458485187057e-08,6.95373489348525e-07,-6.86053090921118e-07,1.40075321737283e-05,3.53084197914665e-07,-6.9081181913723e-08,1.5339953340888e-06,-2.98582762792124e-07,3.29202954895655e-05,-1.6506963683779e-05,1.66330997677599e-07,-5.66704809953871e-08,6.81345396728202e-08,4.82140613823154e-06,-1.1014086127622e-05,7.25795135075759e-08,2.90465681289746e-08,-6.32213868167565e-08,5.47981143461651e-06,-8.53361593520661e-06,1.47576268521784e-06,-2.01194165189687e-05,2.03065360528261e-05,-1.13848100405104e-06,2.63306246678092e-06,-9.62698842397072e-07,5.23457172022217e-07,-8.62424597935772e-17,-1.29470302924689e-06,-4.43808862160237e-08,-4.13566435112601e-10,-3.59809050853272e-06,6.40684996021888e-08,-3.97382408691085e-08,-1.20749649464499e-06,1.37929411665804e-07,-8.46683608163565e-07,2.21808613169864e-06,8.14059387239058e-08,-7.3024571420354e-08,9.44675684915191e-07,-1.14452459152744e-06,2.56223834746373e-05,-5.57481526135695e-07,8.37554791583589e-06,3.22506222903843e-08,1.73569502810749e-07,1.34248488296615e-06,-1.11953527887731e-05,2.64245919151174e-07,-1.01038124673721e-06,1.3566354285192e-06,-4.91940040593433e-06,3.08397589277777e-07,2.78498456631008e-07,2.12184810211693e-06,-3.56793387991719e-06,-2.8614879894233e-07,2.32695694036153e-06,-1.51948743326959e-06,3.75210277923689e-08,3.48531925267645e-07,-6.74533416013561e-07,-2.90666267586668e-17,2.00369712863432e-09,8.4356101504775e-06,-9.8913231560689e-07,5.61492466725391e-07,5.02032977279634e-07,1.46652728249381e-07,3.40179699423321e-07,-4.97549507022684e-06,1.8474155645594e-06,1.81729720409465e-16,-1.41188510417774e-06,-1.72054271553876e-08,-4.80641620975604e-08,1.59871962476702e-06,3.60560362992025e-07,-2.43068803485354e-08,-9.28155712983539e-07,2.4717105376848e-07,-8.16866299096972e-06,1.54338913350017e-06,-3.13166367930013e-07,-5.65955298883958e-07,-2.99128186651462e-08,-3.82567777414871e-08,-5.62965967838779e-07,2.35818840908022e-06,-6.10034626736454e-07,-4.5919848633835e-17,-1.61041855302457e-05,1.26430598659929e-06,2.80736434040083e-08,3.19741777554091e-07,-1.15727716459481e-06,-2.42896960876547e-06,8.61493145447316e-06,-3.13455864554133e-05,-2.19595386782057e-07,-1.87986593673402e-16,-4.11306185700993e-07,-1.14902049830438e-06,-5.60918013706753e-07,2.67563808889531e-16,1.78803899983392e-06,0.00296168890028278,0.00152719136832927,-2.85750600050793e-07,-1.69791567906795e-07,-1.01133754601455e-07,-3.78350436010594e-06,1.12664913506728e-07,1.20275742173457e-06,3.58722724448606e-07,2.5676114662976e-07,3.3593730604087e-06,1.10635723883006e-17,-1.35283705408773e-06,4.90296929020903e-07,3.17923138345326e-06,-3.20963723771282e-07,-4.74929344647582e-17,-3.11565226432011e-07,5.20723940192896e-07,-1.38992063196282e-07,-1.23504499054125e-07,-3.12254509224027e-07,2.98518768330335e-06,-4.36937399241838e-06,6.02973505494288e-07,4.38972482333635e-17,2.18071379111127e-06,-3.7667066385646e-06,8.07292192731819e-06,2.68845340448176e-06,-2.73180313323566e-07,-1.83315619031606e-09,2.94902990916057e-17,-7.84487888383262e-17,-1.76613734639387e-09,-2.03357823697158e-06,2.68043854246982e-07,-2.99013654772102e-07,8.17396625793578e-16,-1.41664646068236e-07,-1.67169489597317e-09,2.20808087615092e-17,-2.86209553059261e-17,-1.23252000615712e-16,3.53591261725962e-07,1.0424699657874e-06,-1.50520022044825e-06,8.87801864354587e-07,4.42501820880146e-07,9.09311761330151e-07,-2.74716428996053e-06,-1.73141386732195e-16,-6.02188638144135e-07,0.000287456420462394,1.48277300959834e-16,1.25102241216184e-16,-1.04794239347046e-06,-8.10591226236417e-11,-8.01710934635396e-07,4.83060557326755e-07,7.88736047707935e-07,-3.27329308338309e-08,-5.78759453801121e-16,-1.10042952620349e-07,8.61506357931167e-17,-3.74809626677228e-07,-2.84928330929191e-16,-8.83412583119666e-07,-2.12848390090538e-18,5.44320924854169e-07,0.000461715725296593,4.35698957202441e-08,5.72409173307035e-07,1.97150263414352e-06,-2.92830443923978e-07,1.43187414309069e-06,7.12235919275536e-08,3.46462499097109e-07,3.19049309226058e-08,6.46482320564354e-07,-1.40229553980601e-06,-3.45380720762325e-07,-2.79993136211529e-08,-8.66235425389904e-07,2.59044470456806e-17,6.2510842932229e-06,-1.07615587116868e-06,1.05703581668968e-07,6.24266774562066e-16,1.39758299116522e-08,3.78133297679171e-07,1.35178408501664e-06,-5.46866183406052e-17,-2.27513532496496e-06,-1.73841892641621e-07,-1.10771330936986e-17,-2.29609658453273e-07,4.59220425205994e-06,-5.56297577913379e-17,-5.60920299945501e-17,-1.29928887259162e-07,-1.0049498382661e-07,-5.72566550282405e-10,-7.94373877772569e-07,2.10902745972253e-07,4.3035905369485e-07,5.97581052881839e-08,7.30497436196446e-07,-1.23844197405494e-06,5.72675587506843e-16,1.77039341574855e-08,1.75771454723884e-09,4.85061467142846e-09,4.53920787700437e-07,3.82240619234556e-17,-3.59705187799446e-17,1.49299493536949e-07,-9.25808089407002e-17,-3.44811161858263e-17,9.3839678190054e-07,-1.04768877030901e-06,-1.35609068697056e-06,-1.12981735353011e-08,3.42787794696013e-05,7.52279685454169e-07,3.3788329673755e-08,-1.0183917229051e-16,8.2258927239243e-08,3.84399502124049e-09,1.76413765893855e-08,-1.23642488715086e-06,4.87691091876306e-06,2.99191135596451e-16,7.94389036766946e-18,7.76061468100391e-16,-6.13074612202429e-08,-2.04342050564843e-07,-1.71271793762026e-07,-7.46270848922683e-17,-1.56617766696711e-07,2.10163799719095e-16,-5.29687142585554e-17,3.68604411449712e-06,-8.09332144809919e-08,3.49980461278321e-16,-1.99093040040614e-07,-7.13674676576054e-07,5.76552719656959e-16,3.07412347247346e-07,1.18544120171528e-16,8.2086031763108e-08,9.72479142120325e-17,8.18982827265574e-08,7.08934763710629e-07,1.78202672656648e-07,2.41492203472807e-08,1.65810662961546e-07,-7.44908392204995e-07,2.29342967139571e-07,1.69412209629692e-16,9.40619234708466e-05,-5.56302120163939e-07,-1.86441353125852e-16,-9.79485981683688e-08,-2.24217669371788e-07,4.70289110283325e-07,8.99728483837031e-17,1.68327808110418e-07,1.54449973178063e-06,-7.00417139987452e-17,-5.56314881106818e-07,-1.23069405774651e-07,-4.44790034449077e-08,-2.88013581304996e-17,-6.69441175593565e-17,1.14648158556712e-07,3.51063757267777e-08,2.84030396440966e-09,-5.25461554229982e-05,2.07943222485341e-08,4.68146459297197e-17,-1.56363562013174e-16,7.59261703973523e-08,5.23359091549943e-10,1.44714919424122e-16,1.83504161179139e-07,3.39477356857756e-17,6.58105332040952e-07,-3.51157896658087e-08,-2.0517737245295e-08,-1.36022922041188e-07,-1.51876841664561e-15,8.55254509685384e-19,-1.29055494269402e-16,-1.93934081690711e-16,-7.57344180525946e-08,-3.40178552798512e-07,-1.46830879935348e-16,3.38527347027266e-16,-1.23994985441212e-16,3.69720291997498e-07,4.30238034436046e-09,-1.82919967853502e-07,-5.32719631037575e-17,2.24456954758812e-16,5.8492707205593e-16,-1.132505085623e-06,2.40322853392125e-07,-2.41660903019746e-16,5.45390723117571e-08,-1.10174246955908e-06,8.67992690559077e-18,-8.314609163637e-17,-1.09902383125731e-07,-1.12601058004036e-09,-5.44450454165785e-08,-1.41345131174455e-16,6.12618193834628e-08,8.92163955766306e-08,9.57275004596685e-08,-8.72605895396533e-08,-3.10817911715129e-07,3.42815971903954e-08,-2.51930686279432e-16,-2.34307999444148e-16,1.77916691445786e-17,6.51625142470736e-07,-4.55673187311973e-07,-2.48094350147172e-08,-1.95213360243746e-08,2.38224446654026e-17,1.48685846281292e-16,-3.4068035627243e-16,-3.65184386718419e-17,1.10113968748911e-16,6.44928919827225e-07,1.70608700230798e-17,1.2244583377297e-16,-1.50864151444432e-08,4.29186431080502e-17,-1.35049454706063e-08,2.15172953797305e-17,-1.67431694718726e-08,-9.0010963167753e-17,-2.02804933295198e-08,-2.53828377611244e-09,-2.07434302134289e-06,-6.47680158219042e-17,8.14822937071644e-08,-9.09591844762487e-17,1.15650678484586e-07,-1.40768720377641e-06,1.12571498272509e-09,1.8178782672357e-16,1.64255269808232e-07,-7.64003447433483e-17,-4.03793059021839e-08,-2.27918569905336e-07,-6.38542156603439e-18,-9.33235751676965e-17,3.00496806548466e-16,-2.71307476810423e-16,-7.65247466899174e-10,-9.96550251574341e-09,-2.22537008154587e-09,-1.96538424815629e-16,1.68207330717073e-16,-1.62766280842863e-07,1.71863364939115e-06,-2.02583537880595e-16,6.62739344845774e-17,-1.0147670244281e-08,2.59956340385255e-16,-7.19194987260632e-08,2.83455332839857e-16,6.79173924549217e-07,-1.13425105350167e-16,2.0291172954934e-16,1.75032490521248e-16,9.46499531959526e-17,5.58058416187522e-17,-5.40184611168186e-16,1.16836615480475e-07,-8.17110211423989e-07,2.00245092037805e-16,-6.06062182725083e-08,2.30555787298254e-07,-2.3243174041046e-17,-2.37053317727837e-16,-3.24622212554226e-16,-2.56584145528294e-18,2.27367303482436e-08,3.63640425284404e-09,1.6168459299027e-17,-5.53656666873102e-17,-4.12972685317759e-08,-1.47317185111752e-07,-1.54181743975186e-08,-7.65576315273391e-17,1.64558939511691e-16,-2.76488039979783e-16,-5.49719548320868e-17,-1.76016653285352e-16,-2.65440301712051e-16,8.70797376153916e-08,-8.23658853218994e-08,-1.58383900738941e-08,4.87268135952557e-17,1.84758501153966e-17,-2.67423000052234e-16,7.41339431667074e-17,-1.88305608248001e-16,4.60180211118307e-16,-1.1964387463718e-16,3.37822132988103e-16,-2.29353471045332e-16,1.54340959172723e-16,-9.75976020831188e-17,2.27866978302061e-16,-8.27433695949931e-17,2.44517911697742e-16,7.77376752194086e-08,3.00765623828975e-16,4.09877632484564e-16,-2.91145042612118e-16,8.50108185515331e-07,-1.48168536078897e-09,-2.2515873535386e-17,-2.83981935695209e-08,7.76841971362327e-07,7.20363283707581e-17,3.61565810338428e-18,-2.16783899090397e-07,-4.24640903835578e-16,1.91237591875573e-08,3.35881379140982e-18,-2.50437134639155e-16,1.47639120071983e-16,-6.21788882440769e-16,2.70822064321835e-09,-3.71892493444121e-07,-1.85478866189328e-16,3.92872930548175e-16,-2.18968465233498e-16,-3.22558132128117e-16,1.58250149095984e-15,-2.21690093660215e-16,-4.39225523507141e-17,2.33686375140338e-18,3.99809488696392e-08,-1.52347319437677e-16,2.80154113237679e-16,-1.79890231685005e-16,8.01599669019338e-16,-4.51685709943359e-16,-2.24921836940817e-16,-8.82264363680978e-08,3.81310168616511e-16,4.37438529835426e-17,6.57770231538567e-08,-3.57154827002403e-17,4.7097110993366e-16,-1.58919962555739e-16,-1.44450062633028e-16,3.78577282426856e-07,-1.97207883021333e-17,-4.04688318488038e-08,3.30998869940882e-16,2.35271059171671e-15,-1.25191641704421e-15,1.00490083038119e-16,4.54959956356264e-16,6.31539649185595e-17,1.46209057989672e-09,-5.64216559690932e-16,1.67807957391955e-15,7.36847861339632e-08,-1.82498610992232e-07,1.0635135126136e-16,1.27831203571867e-07,1.87219172568671e-08,1.13442335438318e-15,1.57119694088877e-15,-5.33798444315221e-16,6.52890569393178e-16,5.2788774694281e-16,-3.14329789739213e-08,-2.47347315158791e-15,-3.14907729657663e-15,-2.75578031906431e-15,1.25828906349721e-08,-7.08984946051876e-15,-7.79819789184795e-16,-1.80094512305842e-15,3.44845183058419e-15,-5.73212366711972e-09,6.59412869226548e-16,1.19024680325703e-08,-6.61921736077684e-16,-4.31458270219379e-15,1.00966035927684e-15,5.94659096375103e-16,-7.01633204772586e-15,3.64403120532981e-15,0.707106781186547,-3.32572223090615e-05,-5.10531183593103e-14,5.28532168279889e-14,8.67532479742408e-08,9.46840165200884e-15,-2.04603059008565e-15,-3.97942502796715e-15,6.2282045529613e-15,-5.08067380541265e-15,-3.09059220813953e-15,-9.11286337315714e-08,7.27846549578789e-16,-2.59790230461598e-15,1.87226064468609e-07,-1.00745014074182e-15,-1.11636282681581e-15,2.04749396978753e-15,8.64261778773159e-16,-9.08531743511926e-16,4.2999479824681e-15,-3.3933751430418e-16,-1.16071777226039e-16,1.64965864926673e-16,3.4957738509603e-16,-4.30578362350964e-16,-9.82520452376752e-08,5.23647575757214e-05,-7.20278967467425e-16,-4.82222749344634e-16,4.73482201398722e-16,-3.86048316347114e-17,-1.9897278269454e-15,5.18217320319797e-16,3.55521054085862e-16,-3.15738531552549e-16,-4.08719719991503e-09,-8.95244549360145e-18,2.69651525474626e-16,5.56892571862714e-18,7.83145676503622e-17,5.23330995440018e-09,-4.26672267046583e-16,-7.40653707068158e-09,3.17607661609831e-16,-2.16057894061767e-16,2.33364159301382e-16,2.25184368849864e-16,2.02311030123505e-16,-3.90131897526371e-16,-1.64505923701803e-16,-2.5602398174838e-16,1.1261896412758e-16,1.66714319294483e-16,3.40066793593739e-16,-1.01915737928547e-16,2.06465100844013e-16,6.55498237031642e-17,-1.90610186076447e-16,3.52468758329495e-17,-2.53608945542268e-16,8.63509296895072e-17,1.93752147148753e-16,-2.11275546189195e-16,-4.0690107533381e-16,1.90618659406666e-17,3.12572474521373e-16,3.33717933187957e-16,-3.55994660621657e-17,3.94771310861729e-10,1.56298509096876e-17,-2.6799511344487e-16,5.98862322925511e-17,-1.63867716221262e-16,7.25154118670775e-17,-3.01519983021309e-17,8.33677908847683e-17,1.03571198067394e-16,2.20832216481299e-17,-6.68697635399151e-17,1.10480201376273e-16,2.10939746837602e-16,2.9572208692788e-18,-1.12381307040008e-18,3.19199702857575e-16,2.55870447036088e-18,-6.48396348357618e-17,-5.08130591367527e-09,-6.81905437318385e-17,-2.14152270975286e-16,-2.4524484853294e-17,5.76881249509165e-17,1.46098004085119e-16,6.31069880791738e-17,-3.11169683165627e-17,4.63519593325132e-18,-4.2958679385065e-17,1.07677675449158e-09,1.5836360561882e-16,2.00881873926561e-17,5.67309660267585e-18,1.43466035115759e-16,-1.54359233896662e-17,2.342604493326e-16,6.01411742401266e-17,-8.58695710941191e-18,-6.0774321460671e-17,1.15289909273265e-16,-7.21903719214524e-17,1.59820825398886e-17,-1.58539970318458e-17,5.43352689607585e-09,5.18293278182137e-17,-6.24079889849954e-19,-4.97959021850167e-17,1.56450373489658e-16,-1.63562895413683e-08,-7.59714906279718e-18,-5.67693459159696e-17,-3.79819369808764e-17,4.84686973938767e-17,2.67102697417751e-16,6.7103937022112e-17,9.54438287215522e-17,6.69905632150427e-17,6.8054754171279e-17,-3.31685736252137e-17,5.48985104328458e-17,3.49035475015874e-17,-6.56772808459191e-17,3.13830950162289e-17,3.23470612431762e-19,5.00794618206282e-17,-1.1850542655924e-16
"t657",-0.0307651096334077,0.00682074020137356,-0.00824087484417236,-0.0173275322414614,-0.0158665959440605,0.0212918461942686,-0.162069978383093,-0.0334000697892321,0.000495251868254601,-0.00109445157547528,-0.000336043337829713,0.00895392763571352,-0.0123486788652993,0.00159350671515484,-0.000246878772441105,-0.00425254613878312,-0.000226651708883732,0.0009972675570244,-0.000114723104036872,0.000108263930256394,-0.0031412104925131,0.000688798457124982,-0.000420269366929643,0.00278172270719444,-0.000440446833330064,0.000417049794388156,-0.000636463149228117,0.000719665157488791,-0.026435463632567,-0.000804563144028311,2.0022817939578e-07,6.04876937184245e-07,-0.000277347655707752,4.12436068776481e-07,1.09827971856307e-07,1.60735084554222e-06,7.65439686140951e-05,-6.67352620734533e-07,-5.88744986832807e-06,-1.91491166070958e-06,-0.000133682268087593,2.10447383170492e-05,-0.000184664590946637,2.15043925801247e-05,-0.00134989743712683,0.000104737536996805,-0.000423261761971704,0.193406848270543,0.000263751971090194,-0.000256018852890388,0.00108390870643604,-8.60424683572204e-05,1.18248615238963e-07,-0.000311180463868727,9.8330338486206e-06,-0.000100219456211101,2.58627960569088e-06,-0.000160464497194686,5.3987966925666e-05,-6.8874930180371e-05,-0.0365082681845233,3.45498802851311e-06,-0.000128078095849752,6.86396863918415e-05,-4.77233434132417e-06,0.000104505407364785,-5.2629735282322e-07,1.65928152509612e-05,-4.28329686395413e-05,1.5016538463797e-05,-3.94215857790376e-06,-8.9837689454756e-06,4.52180739982365e-07,3.6356618624742e-05,-1.60864601583687e-05,-2.99785877029871e-08,0.000219211495593551,-4.01927403284919e-06,2.47119530598652e-05,3.50590614203494e-05,-1.4104620189849e-05,-0.000226380223312546,4.82145182599695e-05,0.00036488972851409,-7.00472881296593e-05,-0.0228238059319927,0.308506418175932,-0.000402156934512915,-0.00010288932565209,0.0225607003889467,-0.000156273291226279,8.50844983171003e-06,5.43142059234221e-05,-0.00253331935459803,-1.15085669753149e-06,-0.000473107491279272,-3.695924727757e-05,0.000240524025351561,-0.000266061736867129,-6.27864474846545e-05,-1.22608731944357e-05,5.87724758248902e-06,-1.6408431780145e-05,2.41123595513836e-06,-8.65132069366931e-07,7.8894806389257e-06,-1.8717070082427e-05,3.31530311053931e-06,-5.78647611335321e-10,-1.17365679537323e-06,-5.57708030001555e-06,-0.000101667474771552,0.0161519327440436,-0.510833418469709,-3.83287242283068e-06,5.9523113677467e-05,-7.45394187528771e-05,6.41111562398791e-05,-6.87691311816886e-05,0.000276459236202221,-0.0762219348894072,2.19417243366969e-05,-3.67156763866433e-05,-0.000102016147318986,4.50019305650812e-05,-0.00313035978913125,-4.40766033203499e-05,-9.20604933145014e-06,1.95229601814264e-05,0.000643532829630053,-1.06474847120219e-05,5.86853793626778e-05,-6.9953636469282e-05,-1.39769756483596e-05,6.47634540613039e-06,2.27574081230848e-05,-1.2668111360388e-07,-8.16314593315646e-05,2.41505808596356e-05,-6.93742172703914e-05,-4.39806644688029e-06,-0.000169598347438145,3.2933817087938e-05,2.100254695871e-06,8.66775591436495e-06,-4.09023684666444e-07,-1.826124079522e-05,2.66446588138635e-06,1.72259062053396e-07,-4.16010330325937e-07,-8.37782325763489e-05,-1.89757728589289e-06,-5.27250844669452e-05,1.50488501582017e-05,-4.18739314216382e-06,-3.62084832139985e-07,5.40406220439849e-06,-0.000289928019659718,-1.32962875148011e-06,-4.39097569657617e-07,-0.000209409926656534,4.05961845958317e-06,-2.19386681565641e-06,-0.000288534213857671,3.33139847180174e-05,-0.000118098529021865,1.84237957459699e-05,3.16988242835856e-07,1.57909285316365e-05,2.21255766879729e-05,-0.00048107602898993,-0.00926721522329411,5.41993828777274e-06,1.52367869442489e-06,2.67354775461532e-05,6.00876298839916e-07,2.37597088564448e-06,-1.64381360771692e-05,-1.04838867297367e-05,-0.000416328307082208,0.000200879560322817,0.000407912213494705,-9.84941475797311e-06,-3.12599085561579e-07,-1.19275816820547e-06,-2.12421329941864e-06,-4.32065569283694e-05,1.06965361026138e-05,4.82058865886784e-05,-0.000555246586744428,-1.32186602325765e-06,2.58065397004843e-06,1.04816068171237e-05,1.38907332726704e-07,1.9053782691411e-06,-2.95199784063431e-06,-5.5677325059581e-06,-3.87322061537493e-05,3.59430347206425e-06,2.06378101973007e-06,2.09769470662764e-06,0.00042534758329002,-9.10150987139839e-08,-0.00109002466074652,-0.000249524959272593,-0.257519996366303,-5.11448977674318e-05,-0.00141013069387195,9.68324897759133e-05,2.32948603331305e-06,0.000160856800504263,-0.000329536016808546,0.00057336421102572,7.5441553225683e-06,6.31197242290663e-06,4.74238367319854e-06,-6.3719000350272e-06,-3.96579810084119e-07,5.20176304993165e-07,2.08004414408758e-06,1.05844450456251e-05,-0.000487333922521629,-8.66594212666349e-07,-3.90892101728639e-06,7.54737995174184e-07,3.47245598083907e-07,3.56135261193306e-06,7.39076684176473e-08,-1.11696519085727e-07,-7.13552581830327e-07,0.00330561048231667,-3.23507582496765e-06,-1.14743880788492e-07,-1.59701360107009e-07,3.73855991546733e-10,-5.24258262058197e-08,-4.29658199098104e-07,-5.75874768049355e-17,-1.11678048528366e-07,1.18693779398347e-05,-5.11658587476828e-07,-0.00688672134091919,4.47841555404114e-07,-5.85181992365858e-07,-9.1457196692925e-08,4.86434613445307e-06,-8.90556251380128e-09,6.95768156990638e-10,-1.20786253393631e-06,1.97893912056131e-06,-6.47653901891863e-08,9.00519208678977e-06,-4.51694438480684e-07,2.70904825298039e-07,-1.84584849431116e-08,6.95373489346644e-07,-6.86053090943716e-07,1.40075321737269e-05,3.53084197913355e-07,-6.90811819339155e-08,1.53399533409284e-06,-2.98582762837401e-07,3.29202954895384e-05,-1.65069636836698e-05,1.66330997652804e-07,-5.66704809103938e-08,6.8134539715064e-08,4.82140613826599e-06,-1.10140861275325e-05,7.25795134825218e-08,2.90465681925547e-08,-6.32213868461524e-08,5.47981143452204e-06,-8.53361593513094e-06,1.47576268519972e-06,-2.01194165190044e-05,2.03065360528295e-05,-1.13848100406374e-06,2.63306246680562e-06,-9.62698842378901e-07,5.23457171929492e-07,-3.44392708470295e-17,-1.29470302933502e-06,-4.43808861733307e-08,-4.13566485124943e-10,-3.59809050851129e-06,6.40684996079251e-08,-3.97382408267467e-08,-1.20749649445539e-06,1.37929411762467e-07,-8.46683608121724e-07,2.21808613166374e-06,8.14059387702058e-08,-7.30245714223376e-08,9.44675684805464e-07,-1.14452459153127e-06,2.56223834745977e-05,-5.5748152612667e-07,8.37554791587427e-06,3.22506222500884e-08,1.73569502837543e-07,1.34248488295231e-06,-1.11953527887704e-05,2.64245919243147e-07,-1.01038124675161e-06,1.35663542850169e-06,-4.91940040599301e-06,3.08397589301219e-07,2.78498456596461e-07,2.12184810199464e-06,-3.56793387990241e-06,-2.86148798922426e-07,2.32695694027919e-06,-1.51948743335521e-06,3.75210279330972e-08,3.48531925211953e-07,-6.74533415974456e-07,-2.23845193951383e-17,2.00369725771345e-09,8.43561015044655e-06,-9.89132315635946e-07,5.61492466674067e-07,5.02032977258299e-07,1.46652728236868e-07,3.4017969937916e-07,-4.97549507026904e-06,1.84741556479164e-06,1.7999825461729e-16,-1.41188510415602e-06,-1.72054272182454e-08,-4.80641621179237e-08,1.59871962475876e-06,3.60560362942054e-07,-2.43068802409521e-08,-9.28155712911976e-07,2.47171053841093e-07,-8.16866299096421e-06,1.54338913351294e-06,-3.13166368015869e-07,-5.6595529877216e-07,-2.99128186711208e-08,-3.82567774010476e-08,-5.62965967689956e-07,2.35818840906334e-06,-6.10034626701346e-07,-1.72252168213565e-16,-1.61041855301159e-05,1.26430598658368e-06,2.80736434307771e-08,3.19741777612293e-07,-1.15727716451024e-06,-2.42896960872336e-06,8.61493145455322e-06,-3.13455864554631e-05,-2.19595387050424e-07,-1.2537206756744e-16,-4.11306185699745e-07,-1.14902049828894e-06,-5.60918013614626e-07,1.64946553249381e-16,1.78803899981651e-06,0.00296168890028277,0.00152719136832924,-2.85750600005858e-07,-1.69791568067252e-07,-1.01133754483618e-07,-3.78350436006502e-06,1.12664913451233e-07,1.20275742180755e-06,3.58722724496037e-07,2.56761146724309e-07,3.35937306034608e-06,1.75706332040729e-17,-1.3528370539999e-06,4.90296928970927e-07,3.17923138343766e-06,-3.20963723756227e-07,-5.99528141109502e-17,-3.11565226510475e-07,5.20723940064961e-07,-1.38992063285227e-07,-1.23504498864867e-07,-3.12254509106249e-07,2.9851876834948e-06,-4.36937399242223e-06,6.02973505509733e-07,-6.55748994517438e-17,2.18071379107045e-06,-3.76670663864028e-06,8.07292192730311e-06,2.68845340441127e-06,-2.73180313295324e-07,-1.83315621569599e-09,9.8879238130678e-17,9.35190448932262e-17,-1.76613736741101e-09,-2.03357823693361e-06,2.68043854070775e-07,-2.99013654749936e-07,9.2800383512652e-16,-1.41664646119827e-07,-1.67169473863228e-09,1.37231869180321e-18,-1.71523101627875e-17,4.35476941065688e-17,3.53591261680313e-07,1.04246996572447e-06,-1.50520022024019e-06,8.87801864306895e-07,4.42501820875006e-07,9.09311761338176e-07,-2.74716428985162e-06,-3.03880090685929e-16,-6.02188638128144e-07,0.000287456420462475,1.09249412996216e-16,-1.92344776812081e-16,-1.04794239337247e-06,-8.10591047928702e-11,-8.01710934530536e-07,4.83060557316833e-07,7.887360475982e-07,-3.27329310050131e-08,-6.27223290911221e-16,-1.10042952587833e-07,-6.0543234971165e-17,-3.74809626665035e-07,2.17490955800592e-16,-8.83412583271234e-07,-2.80997104987094e-17,5.44320925042782e-07,0.000461715725296484,4.35698956742576e-08,5.72409173241345e-07,1.97150263412003e-06,-2.92830443866189e-07,1.43187414310582e-06,7.12235919603671e-08,3.46462498928099e-07,3.19049308469921e-08,6.46482319955463e-07,-1.40229553983073e-06,-3.45380720712904e-07,-2.79993135764593e-08,-8.6623542543061e-07,-1.89874492398244e-17,6.25108429327321e-06,-1.07615587117033e-06,1.0570358189454e-07,6.57421984837391e-16,1.39758299184621e-08,3.78133297759866e-07,1.35178408497737e-06,7.99757749186871e-17,-2.27513532504671e-06,-1.73841892834896e-07,1.07428984875249e-17,-2.29609658498814e-07,4.59220425266821e-06,4.65206413877654e-17,9.1357786828498e-17,-1.29928887117137e-07,-1.00494984104987e-07,-5.72566553115469e-10,-7.94373877883689e-07,2.10902745927025e-07,4.30359053576049e-07,5.97581054165256e-08,7.30497435985239e-07,-1.2384419740215e-06,4.81277344366315e-16,1.77039341782289e-08,1.75771467837122e-09,4.85061471292134e-09,4.53920787766513e-07,-6.21062645586048e-17,6.26427196744833e-17,1.4929949352528e-07,1.15971285752868e-16,4.97252008714307e-17,9.38396782029135e-07,-1.04768877006266e-06,-1.35609068701154e-06,-1.12981736395857e-08,3.42787794695794e-05,7.52279685386329e-07,3.37883297449137e-08,3.43146818720842e-17,8.22589273135308e-08,3.84399537554866e-09,1.76413767693032e-08,-1.23642488709969e-06,4.87691091885635e-06,-2.85572266145028e-16,-2.89022097868231e-17,1.33962986147734e-15,-6.13074613295961e-08,-2.04342050504075e-07,-1.71271793716379e-07,-1.93078993107612e-16,-1.56617766686074e-07,-1.77980578030715e-16,4.34866130009036e-17,3.68604411450384e-06,-8.09332145416805e-08,7.69783542464708e-17,-1.99093040519144e-07,-7.13674676564446e-07,9.99781022137698e-17,3.07412347635985e-07,-1.13201634177037e-16,8.20860316031538e-08,-8.42965837851206e-17,8.18982828456321e-08,7.08934763585438e-07,1.78202672897344e-07,2.4149220284969e-08,1.65810662813717e-07,-7.44908392365348e-07,2.29342967009332e-07,-1.30728412772859e-16,9.40619234709639e-05,-5.56302120113632e-07,8.49253833289204e-17,-9.79485982313679e-08,-2.242176692501e-07,4.70289109730938e-07,-1.41229756474816e-16,1.68327808034942e-07,1.54449973185882e-06,8.13236896964102e-17,-5.56314881252568e-07,-1.23069405714497e-07,-4.44790035206892e-08,3.74853382315352e-17,1.12757300989328e-16,1.14648158529192e-07,3.51063759729166e-08,2.84030423824983e-09,-5.25461554230382e-05,2.07943224040632e-08,-1.7368374188079e-17,1.75836816334726e-16,7.59261703043845e-08,5.23359054799847e-10,-1.39808230112205e-16,1.8350416118867e-07,-4.15687567524571e-17,6.5810533214139e-07,-3.51157897502147e-08,-2.05177370329722e-08,-1.36022922132135e-07,-1.429031853029e-15,2.30566475491404e-17,1.5895952670953e-16,-1.10200499026749e-16,-7.57344182668931e-08,-3.40178552593801e-07,2.00076658825123e-16,-6.40862000682753e-17,9.46773176139296e-17,3.69720291934699e-07,4.30238009838336e-09,-1.82919968188953e-07,1.03966510960993e-16,-1.49403059368503e-16,-1.36717893950422e-16,-1.1325050858243e-06,2.4032285341338e-07,2.28016302510931e-16,5.45390724210006e-08,-1.10174246963526e-06,-3.54486027395303e-17,5.99595641976832e-17,-1.09902383013976e-07,-1.12601056925448e-09,-5.44450453407368e-08,1.64005925379411e-16,6.12618193700822e-08,8.92163955925828e-08,9.57275004577796e-08,-8.72605896634294e-08,-3.10817911902001e-07,3.42815971011351e-08,1.92591847558072e-16,1.534016106528e-16,1.97966171014924e-17,6.51625142599258e-07,-4.55673187304492e-07,-2.48094353163571e-08,-1.95213360280683e-08,-4.12229094201494e-17,-1.06607327934848e-16,1.80980497338618e-16,2.89954234132816e-17,-9.70499873865725e-17,6.44928919970953e-07,2.57056791212602e-17,-1.66425194086908e-16,-1.5086414929422e-08,-9.72919151870761e-17,-1.35049455737234e-08,-6.53267768799913e-17,-1.67431695425081e-08,1.24259417489287e-16,-2.02804930516461e-08,-2.53828383784241e-09,-2.07434302135822e-06,9.73099962958434e-17,8.14822935770495e-08,4.58955523488667e-17,1.1565067870909e-07,-1.40768720383547e-06,1.12571517051896e-09,-3.91732989564765e-17,1.64255269797526e-07,-1.22498436271812e-17,-4.03793058083477e-08,-2.2791856989319e-07,4.25301047012226e-17,8.21279679855956e-17,-3.07850839443803e-16,2.65050094003475e-16,-7.65247447684896e-10,-9.96550248867014e-09,-2.22537027699558e-09,1.76411359339017e-16,-1.73816790127152e-16,-1.62766280769602e-07,1.71863364902989e-06,1.12567014471822e-16,-7.69623626650629e-17,-1.0147670304344e-08,-2.74754354848742e-16,-7.19194989599441e-08,-1.57543863077268e-16,6.79173924626394e-07,1.46393157651025e-16,-2.61287330119884e-16,-1.69593434142966e-16,-1.04192506688349e-16,-7.32364747106827e-17,6.8865013112688e-16,1.16836615241083e-07,-8.17110211304011e-07,-1.48078651236916e-16,-6.06062184156259e-08,2.30555787034598e-07,-1.22883801595067e-17,2.0887626211958e-16,3.38862072517464e-16,1.53534750139257e-17,2.2736730358239e-08,3.63640493072464e-09,8.38096460156965e-17,-3.0591216049722e-17,-4.12972685556872e-08,-1.47317185132851e-07,-1.54181745697863e-08,8.12267019995215e-17,-2.07393663016685e-16,2.11037496932168e-16,5.33671289891694e-17,1.45997607676066e-16,2.41922113940872e-16,8.7079737755285e-08,-8.23658858362246e-08,-1.58383899290538e-08,-5.74970249802063e-17,3.0275595599907e-17,2.49680188955814e-16,-4.65438695767424e-17,1.57343227126583e-16,-4.64237596416253e-16,1.39659217753802e-16,-2.84541632281177e-16,1.88300715683073e-16,-7.167805093468e-17,1.3095353251453e-16,-4.19566106937986e-16,7.08748903914449e-17,-2.30433504837674e-16,7.77376744928101e-08,-7.69129500850503e-17,-4.81770239113531e-16,2.62675955489411e-16,8.50108184749857e-07,-1.48168525549849e-09,3.92996339910538e-17,-2.83981938713626e-08,7.76841971291326e-07,-6.96977589502405e-17,2.12865909748195e-16,-2.16783898329565e-07,4.23829966285449e-16,1.9123758909971e-08,-8.55164000075177e-18,2.80008226846366e-16,-1.40750598672727e-16,5.31262126618447e-16,2.70822013274473e-09,-3.71892492729835e-07,3.19894900516408e-16,-3.67024109441268e-16,2.2862597398798e-16,1.85824266546171e-16,-1.75781698225075e-15,2.01776196539288e-16,1.77414382156761e-17,1.38298216380393e-17,3.99809489867736e-08,1.27638636136658e-16,-2.61630821095176e-16,1.2644007479636e-16,-9.50694719997001e-16,4.05054034086586e-16,1.54860631553698e-16,-8.82264363057562e-08,-3.32787933654457e-16,-2.58412693170207e-17,6.57770229686343e-08,5.12443648880914e-17,-5.13926654820345e-16,1.63418142048896e-16,4.3849175295156e-16,3.78577282773787e-07,3.89319792512529e-19,-4.04688315140157e-08,-3.27608059937965e-16,-2.37320854368847e-15,1.05407991179512e-15,-4.46031668156354e-16,-4.19457748512722e-16,-7.94728735712956e-17,1.46209045667746e-09,-9.84353081071531e-17,-1.82980237734525e-15,7.36847852790154e-08,-1.82498611769862e-07,-1.14530724750403e-16,1.27831203977156e-07,1.87219164710229e-08,-1.14770814994712e-15,-1.65880393290754e-15,5.31929521117502e-16,-6.0766809595084e-16,-5.4358059053019e-16,-3.14329793171932e-08,1.57547282530407e-15,3.29760237354933e-15,2.77375255918207e-15,1.25828891799042e-08,7.4914766384976e-15,8.0781873870515e-16,1.8862658103741e-15,-3.46760266376947e-15,-5.73212930824819e-09,-7.58493939402019e-16,1.19024660741183e-08,6.43963384623183e-16,4.21434789567645e-15,-9.14882084054646e-16,-5.69619715940434e-16,7.03957316340183e-15,-3.61623393161724e-15,-0.707106781186548,-3.32572223285263e-05,5.13021905689811e-14,-5.28622380468659e-14,8.67532402194305e-08,-9.72590864723282e-15,2.06411917192398e-15,3.89943388648854e-15,-6.22953199529126e-15,5.12164924951122e-15,3.04298121961989e-15,-9.11286311394405e-08,-7.52698513415257e-16,2.46609932025974e-15,1.8722606009407e-07,1.11071520706635e-15,1.11011331414193e-15,-2.14433468730968e-15,-8.29498125276444e-16,9.96960275692374e-16,-4.41427728383843e-15,3.35554857824394e-16,7.00310232379427e-17,-1.5205939014111e-16,-3.40371652407475e-16,4.51819245791737e-16,-9.82520430309105e-08,5.23647575740946e-05,7.22174644810082e-16,5.5306457952702e-16,-4.68078728756653e-16,1.02758795479821e-16,2.37147541187754e-15,-4.23940196581251e-16,-2.99617394932981e-16,2.58592585140957e-16,-4.08719736104653e-09,-6.1175544525225e-17,-2.70287180971306e-16,-3.60865476685262e-17,-1.327512937721e-16,5.23331066229696e-09,4.37139705245962e-16,-7.40653657314118e-09,-2.52368130613619e-16,1.6302539394326e-16,-2.82707457949398e-16,-2.54988287035165e-16,-1.49934098359936e-16,3.53698836516637e-16,1.6671321883231e-16,2.5124629196264e-16,-1.27797107137012e-16,-2.19026202543186e-16,-3.02075086151083e-16,1.16173852082528e-16,-2.08031704004635e-16,1.11928610115122e-17,1.69489452816445e-16,-1.32936999187045e-17,3.45061396124849e-16,-2.78814345478337e-16,-1.68547285929732e-16,8.35403622989372e-17,6.77192676934446e-16,-2.90036852083e-17,-5.61023425958822e-16,-3.4407682990264e-16,1.91505243426212e-16,3.94771549980057e-10,-1.90608400577657e-17,3.62360029638202e-16,-2.92135385274499e-17,-3.68802428486644e-17,-4.91620339704978e-17,3.62529235667362e-17,-7.51741559728835e-18,-7.04593058462562e-17,-1.30642340686668e-18,1.94655866616821e-17,-2.3863289816406e-16,-1.99662451039119e-16,6.03361938771111e-18,-1.78068208618787e-17,-1.66612072143986e-16,-2.89063367610721e-17,8.51328747983109e-18,-5.08130582928368e-09,-5.81737428257179e-18,2.41976501943212e-16,-6.21524038362922e-18,-2.38583940335519e-17,1.01833533371945e-17,-1.14070491248593e-16,6.58849413975284e-17,2.58784968851191e-17,3.40254150820902e-17,1.07677656104566e-09,3.90816551399712e-16,-6.68654634251136e-18,-3.60069040967404e-17,-1.43121574272494e-16,-2.63211101096351e-18,-2.08341263279713e-16,-4.02188039167243e-17,-3.72868150109077e-17,6.52687589061046e-17,-1.26446700381008e-16,2.46649074342871e-17,9.78446147009881e-20,5.5603914818056e-17,5.43352695286814e-09,-7.95672321764184e-17,9.47496631731089e-18,8.10485300701963e-19,-5.1835705866532e-16,-1.63562895298258e-08,1.21939981510132e-17,4.48605870162747e-18,6.00592081451577e-17,-1.86395296723729e-18,-1.1694985981236e-16,-6.36442949831325e-17,1.21245351931745e-16,1.92795097116445e-17,3.86241512715446e-17,4.94373893888115e-17,-6.76337003897422e-18,7.34634360611962e-17,-3.07668941471392e-17,-4.59072961224934e-17,3.98257221699539e-17,1.0280771044742e-16,-2.15659872266096e-16
"t193",-0.0306879213282312,0.0067846126219147,-0.00819580857007008,-0.0172003855702831,-0.0157239006861239,0.0210669749377492,-0.160324465349124,-0.0330115336530408,0.000488439039306645,-0.00107616386143486,-0.000328900558565137,0.00871875312521865,-0.0120147064613199,0.00154974726950206,-0.000239798771525829,-0.00412326711156265,-0.000219593886262316,0.000965640026593391,-0.000110998923309984,0.000104439532633425,-0.00302098449597626,0.00065682935374701,-0.000399637901816898,0.00264436194173812,-0.000418609518751273,0.000395355598966282,-0.000602951385643699,0.000681421446813319,-0.0249917168943916,-0.000752357739500582,1.86336629493216e-07,5.60916092918525e-07,-0.000255664667126358,3.78584608347738e-07,1.00328467888853e-07,1.45656567977026e-06,6.9266912090725e-05,-6.02838031566492e-07,-5.31418997565896e-06,-1.72551050288513e-06,-0.000120055674490764,1.8844188777025e-05,-0.000165047981391302,1.92170445953875e-05,-0.00120363733646549,9.26118963833201e-05,-0.000373284757910785,0.170359405867585,0.000231511616420176,-0.000223864371041275,0.000942868334410895,-7.4663038911184e-05,1.02572773770568e-07,-0.000269095218716316,8.45102648641999e-06,-8.6052772064414e-05,2.18225671097715e-06,-0.000134729892304261,4.53027070789677e-05,-5.70791735289315e-05,-0.0299627858276639,2.82163742400098e-06,-0.000104178039089847,5.57740370498639e-05,-3.84815026562752e-06,8.3676637444141e-05,-4.14720028515347e-07,1.29787137138439e-05,-3.33874406501859e-05,1.16312247344674e-05,-2.94830748120609e-06,-6.5291017882507e-06,3.27129533161772e-07,2.60510299308817e-05,-1.15125973247564e-05,-2.13643791075444e-08,0.000155958083581065,-2.83560108045654e-06,1.70965469370603e-05,2.40584518807162e-05,-9.54229521039916e-06,-0.000152674766446433,3.17597190032785e-05,0.000238605093578338,-4.43340510003592e-05,-0.0143121768283174,0.191617371391419,-0.000249394723057139,-6.37799809396655e-05,0.0139707482411442,-9.64144936400988e-05,5.06215492086098e-06,3.22030802347642e-05,-0.00146660562863518,-6.37834731454335e-07,-0.000260413162210556,-2.0336958688582e-05,0.00013000998248161,-0.000142844261749952,-3.2834896772835e-05,-6.27053132101791e-06,2.99969792869366e-06,-8.355585358252e-06,1.09678770252555e-06,-3.89856710464376e-07,3.52911047316824e-06,-8.26150970089298e-06,1.45782370340581e-06,-2.52736064028906e-10,-5.07341780554176e-07,-2.40262958130206e-06,-4.29053497856273e-05,0.00679933653667115,-0.202997611433395,-1.5035258969555e-06,2.26759710777981e-05,-2.80147239833336e-05,2.3182966601581e-05,-2.39105589863968e-05,9.31790655159208e-05,-0.0252248168607861,6.79169858376574e-06,-1.08463510429133e-05,-3.00814755888864e-05,1.31774400673181e-05,-0.000870354848922009,-1.22002486373307e-05,-2.42917374959169e-06,4.40977505807503e-06,0.000145080378629256,-2.36677377543667e-06,1.14911184443846e-05,-1.33284381574853e-05,-2.60939992105839e-06,1.10617302088724e-06,3.83637104489194e-06,-1.69781567242806e-08,-8.59432957679613e-06,1.56179224001725e-06,-4.40508171643415e-06,-2.47912012199308e-07,-8.94034063139443e-06,1.54161966186133e-06,9.35547080248735e-08,3.85837258795562e-07,-1.15074673965432e-08,9.67616236079339e-08,-1.07718794792829e-07,-8.50469997704159e-09,2.88542733753768e-08,5.94541631318589e-06,1.49341863650894e-07,4.39090908177593e-06,-1.33200297391487e-06,5.76774038154602e-07,5.27997870259413e-08,-8.19159856242041e-07,8.43310318667072e-05,4.35352221002033e-07,1.46278848160388e-07,7.64724847078393e-05,-1.50960398484365e-06,9.09384544398306e-07,0.000121126322894985,-1.54272515431309e-05,5.98014713205117e-05,-1.18023936132643e-05,-2.04647358994772e-07,-1.02149069115772e-05,-1.4744512347423e-05,0.000331755490772184,0.00642206801021453,-4.01202248201894e-06,-1.15099203864651e-06,-2.10876102474642e-05,-4.78939458005213e-07,-1.90398418191889e-06,1.45121617158784e-05,1.0191348992369e-05,0.000411343887695515,-0.000201557792053628,-0.000428177817570136,1.05182311855805e-05,3.39469906334867e-07,1.31583460985007e-06,2.46926484908152e-06,5.08749715686462e-05,-1.40515590458534e-05,-6.35527937639027e-05,0.000758863415640961,1.99261465366094e-06,-4.21555660481737e-06,-1.76006969505585e-05,-2.4300190656974e-07,-3.43638342443899e-06,5.82799966937884e-06,1.1209554168185e-05,8.12812284958826e-05,-7.70108676119843e-06,-5.19311880378821e-06,-5.3188254107674e-06,-0.00115538787107517,2.647238565955e-07,0.00374989856048846,0.000859091931840018,0.900758340257373,0.000187844145323974,0.00535979384984093,-0.000403860444522071,-1.09457498798765e-05,-0.000835394196502888,0.00176668189879995,-0.00356975371485953,-5.12972845457357e-05,-4.30212290616895e-05,-3.47279560749876e-05,5.68022840058657e-05,3.68197584820595e-06,-6.12387251643687e-06,-2.96401085143098e-05,-0.000162230845898292,0.0106435031066375,2.09557940936751e-05,0.000106864504971298,-3.35053998054915e-05,-1.75577870986299e-05,-0.000186381093308008,-1.55473535575794e-05,-3.12179114014076e-05,-5.69561680829457e-05,0.200543203861935,-0.000157714555197526,-4.7363646830884e-06,-6.32041869248956e-06,1.07805220637445e-08,-1.29900027333344e-06,-9.26781022707271e-06,-9.61898092542457e-16,-2.04154006387324e-06,0.000210696314399994,-7.6035658422976e-06,-0.0913680239304197,5.47420651108824e-06,-7.11991379115411e-06,-9.76934993642931e-07,5.09481647949308e-05,-9.24509142521768e-08,6.93356447862701e-09,-1.1724426737442e-05,1.83553854292034e-05,-5.89309239130301e-07,8.13069152176703e-05,-3.91521970319763e-06,2.02823328509107e-06,-1.3221353953617e-07,4.81228480099452e-06,-4.43499670044964e-06,9.01418352601798e-05,2.17744520952235e-06,-4.16574125148945e-07,8.97371200422899e-06,-1.73041596302957e-06,0.000188961734734331,-9.35229681925006e-05,9.24939903649321e-07,-3.14478947156184e-07,3.61752280670377e-07,2.55739833605842e-05,-5.83584001663878e-05,3.80261192629156e-07,1.51556243417229e-07,-3.25653772681611e-07,2.81602117234766e-05,-4.08835014370501e-05,7.0203928804118e-06,-9.51836981449302e-05,9.48845970240863e-05,-5.26852457029917e-06,1.1931652301684e-05,-4.33674357220812e-06,2.34720370659057e-06,1.49079809040443e-17,-5.71642829798826e-06,-1.95562608236306e-07,-1.81070961122114e-09,-1.55224605828799e-05,2.73033218182499e-07,-1.68389523495979e-07,-5.10254471171007e-06,5.63355629793721e-07,-3.45096103435719e-06,9.03552310063618e-06,3.28524912985689e-07,-2.87343871864458e-07,3.70163638328398e-06,-4.47180128370661e-06,9.91779061692266e-05,-2.08686214157335e-06,3.09454894756927e-05,1.1906882543216e-07,6.40673878595879e-07,4.80828671689737e-06,-3.88546389528852e-05,9.13623982601424e-07,-3.47434763855513e-06,4.63480664979646e-06,-1.67736438685143e-05,1.03495394264756e-06,9.33529884414615e-07,7.09740729959815e-06,-1.19172791049907e-05,-9.51306980176346e-07,7.69678668490198e-06,-5.00278385610267e-06,1.232888860135e-07,1.14140070931607e-06,-2.19361320750485e-06,-6.60242627097459e-17,6.26747595728554e-09,2.62924226903232e-05,-3.06688717662093e-06,1.74068796229038e-06,1.55610591051139e-06,4.53992854219624e-07,1.05061095740288e-06,-1.53237170688289e-05,5.65833806841295e-06,-4.76726300299419e-16,-4.27194561421613e-06,-5.19820817319311e-08,-1.44762758185858e-07,4.81335317374004e-06,1.07744491044328e-06,-7.23430206734296e-08,-2.74708310225369e-06,7.2882490278019e-07,-2.38979780465605e-05,4.48392868043288e-06,-9.05899925735881e-07,-1.63322939181684e-06,-8.61950906625964e-08,-1.09953196223052e-07,-1.61755268872143e-06,6.76343121037212e-06,-1.74717510197153e-06,-3.90358722126215e-17,-4.56591348179405e-05,3.5773270017081e-06,7.94322018536107e-08,8.99583453680753e-07,-3.25323053335563e-06,-6.76042925542298e-06,2.39119465468835e-05,-8.69574735607509e-05,-6.07966055775102e-07,1.80570955049943e-16,-1.13614987185293e-06,-3.17127807134092e-06,-1.54333976238669e-06,6.34814635668615e-16,4.90355240366733e-06,0.00811596907377822,0.00418333305981897,-7.82099687878261e-07,-4.64089042777646e-07,-2.76147731192947e-07,-1.03227945270887e-05,3.06681116762546e-07,3.27309158234286e-06,9.74669027064768e-07,6.95734513328118e-07,9.10149120085844e-06,-6.3565553235586e-18,-3.64617749720212e-06,1.32027865349662e-06,8.54448588495081e-06,-8.60123606185841e-07,1.46185404922341e-16,-8.29885676137278e-07,1.37796213243286e-06,-3.66760469969409e-07,-3.25466943167231e-07,-8.21595653835148e-07,7.83228450579416e-06,-1.14126758287891e-05,1.55850535294197e-06,-5.17242591098434e-18,5.58815109423463e-06,-9.64532974307997e-06,2.06412460432519e-05,6.85991253160966e-06,-6.96943909148428e-07,-4.67411785172394e-09,-9.0205620750794e-17,9.23238790379045e-17,-4.4886639567681e-09,-5.15416916878622e-06,6.79135971974113e-07,-7.55781183257162e-07,2.27392947593087e-15,-3.56243940112311e-07,-4.19456924621417e-09,1.04309376334811e-16,1.74819785282775e-18,3.13128921713553e-17,8.81355542883107e-07,2.59631580809014e-06,-3.73834895827248e-06,2.19988490020338e-06,1.09618275920422e-06,2.24717691701105e-06,-6.78719266861025e-06,-5.29568647772946e-16,-1.48080095146516e-06,0.000705727833989858,-4.32626268430173e-16,-7.39206076426367e-17,-2.55717388270385e-06,-1.97519237093347e-10,-1.94990792503617e-06,1.17344286863903e-06,1.91153732746337e-06,-7.93003483606601e-08,-1.19093664139598e-15,-2.66460846988286e-07,1.02799356658946e-17,-9.06269260041865e-07,-3.80012861456169e-17,-2.13380915323718e-06,9.45766134595389e-17,1.31303303724542e-06,0.00111347552246331,1.04713721364976e-07,1.37471556222779e-06,4.73341350151978e-06,-7.02159352697536e-07,3.42961982259771e-06,1.70166607223327e-07,8.27746109006807e-07,7.61673785217847e-08,1.54124090093851e-06,-3.33708030938839e-06,-8.20681276834417e-07,-6.64536064947092e-08,-2.05475795024771e-06,-3.52892422330647e-17,1.4802182090066e-05,-2.54408539064395e-06,2.48763600700137e-07,1.49436073464861e-15,3.2849126858615e-08,8.87101039893593e-07,3.1687725073953e-06,4.89901134515314e-17,-5.33107485522461e-06,-4.06696109952521e-07,2.29176363051784e-17,-5.36746351276374e-07,1.06863307224792e-05,-3.55594217527371e-17,-4.44826462379579e-18,-3.01831828360836e-07,-2.33419509303217e-07,-1.32894910355695e-09,-1.84223663943026e-06,4.88196510867543e-07,9.96034117634851e-07,1.38274602219865e-07,1.68621770440486e-06,-2.85318749930722e-06,-5.77879757934774e-17,4.07577865272723e-08,4.04608963906616e-09,1.11608112694998e-08,1.0438876272073e-06,4.29161600205697e-18,2.54167677197576e-17,3.43103410917028e-07,-1.32341902968166e-17,-1.48816457137458e-16,2.14716324945286e-06,-2.39547425284669e-06,-3.10056804864625e-06,-2.57910775846388e-08,7.82336652186761e-05,1.71683201827565e-06,7.70880616461333e-08,1.10025532916954e-16,1.870937524868e-07,8.73727725345165e-09,4.00896827555261e-08,-2.80676484418318e-06,1.10496445557758e-05,2.63945326983145e-16,-8.37501034125853e-17,2.65404923784119e-15,-1.38526176942076e-07,-4.61179262174133e-07,-3.86508876207477e-07,-5.14341658603595e-16,-3.53044293999815e-07,-2.97274961125066e-17,-1.3848524328812e-17,8.26891305890286e-06,-1.81546831787079e-07,-1.21430643318376e-16,-4.46077988332457e-07,-1.59794177369631e-06,8.16915383008782e-16,6.8735830051036e-07,-8.39311874035203e-17,1.83237605861401e-07,-5.66614876972826e-19,1.82791505629023e-07,1.58211417481848e-06,3.97639641922665e-07,5.38766380719912e-08,3.69772278058653e-07,-1.65870006913697e-06,5.09611760082978e-07,-1.37921947032136e-17,0.000208469824631324,-1.23259563248671e-06,1.71621827986374e-17,-2.16944823573509e-07,-4.96286046161894e-07,1.04032096732087e-06,4.21740539993189e-17,3.71600390349712e-07,3.40827093735526e-06,3.16471869844333e-17,-1.22697571070275e-06,-2.71363612184553e-07,-9.79794160277184e-08,4.35879068023506e-18,-1.74139012253005e-17,2.51973042470318e-07,7.70818034468349e-08,6.23511562056937e-09,-0.000114868070997822,4.54264573406647e-08,-4.53309591088039e-17,4.79397281922923e-17,1.65787920702898e-07,1.1427085241571e-09,2.6481862488641e-18,4.0035051885709e-07,6.10959155179509e-17,1.43469931457072e-06,-7.64747105504562e-08,-4.46799767420574e-08,-2.96121655954686e-07,-3.30810290811258e-15,3.10406790477359e-17,9.78836097927905e-18,-3.54282367233418e-16,-1.64447569642305e-07,-7.38497790868026e-07,-6.3223919760033e-17,-2.74227332899203e-16,8.77542029306986e-18,8.02017130905813e-07,9.32987102675402e-09,-3.96313096508355e-07,2.36910789707956e-17,-9.56266316132215e-17,4.58617518961368e-17,-2.44624640200409e-06,5.19050878036125e-07,4.83512708877261e-18,1.17655250602505e-07,-2.37562411849764e-06,-4.36476358549956e-17,1.13243317386581e-17,-2.3671177032409e-07,-2.42502590415678e-09,-1.17178462860303e-07,-1.32111087042538e-16,1.31705674658929e-07,1.91689339461901e-07,2.05506824495453e-07,-1.87116354962332e-07,-6.66295286452401e-07,7.34468263452275e-08,-4.62573432141596e-17,7.02670685994316e-17,2.68716011234251e-17,1.39154802294818e-06,-9.73043516792853e-07,-5.29561506134305e-08,-4.15820054111436e-08,-8.96934154074021e-17,-3.9551082998193e-19,1.92662838052733e-16,6.6510552907161e-17,-1.50249838020347e-16,1.370770996812e-06,-8.86067604227111e-17,2.70052106996196e-18,-3.20383879131131e-08,-6.30748027055493e-17,-2.86785899469443e-08,6.91650081202317e-17,-3.5552452066308e-08,-6.63395903934122e-18,-4.3000352305182e-08,-5.37999522218042e-09,-4.39430706868438e-06,7.66379602963083e-17,1.72499485351823e-07,7.19809207037448e-19,2.444828134978e-07,-2.97026133168968e-06,2.37509908588657e-09,2.22646835508845e-16,3.46293817784559e-07,1.5120128512035e-17,-8.50288223455212e-08,-4.79912022051965e-07,-1.11491595076875e-16,-1.19451106477816e-17,3.12914599848418e-17,3.78097949545692e-17,-1.6097445640959e-09,-2.09575998622187e-08,-4.67857629147112e-09,3.8537780186077e-18,2.43493992465454e-17,-3.41704246416193e-07,3.60779192729336e-06,6.08842252620327e-17,-2.95068775491876e-17,-2.12641021004781e-08,1.13512350872204e-17,-1.50647418959374e-07,9.07452191578916e-17,1.42107470336802e-06,-2.74002933590317e-17,-2.90362038627771e-17,-5.53151565500129e-18,8.87688427117674e-18,-1.78253588216554e-18,-6.03162805403389e-17,2.43918746212411e-07,-1.70582387489799e-06,-9.54037588711236e-17,-1.26425103388731e-07,4.80785323307625e-07,6.2031776815054e-19,-2.59245428917475e-17,4.87793975491296e-17,9.21325592962557e-17,4.73474707246184e-08,7.57006695516344e-09,-1.62483318175922e-16,-1.14396134145389e-16,-8.59392561202029e-08,-3.0655133559381e-07,-3.20784738464988e-08,-3.59421481474205e-17,3.4617420600481e-17,2.63964045590477e-17,-2.28529524139779e-18,7.14539439801613e-17,8.30581742033359e-18,1.8070859285546e-07,-1.7088526738943e-07,-3.28522107587306e-08,2.85863751398506e-18,6.50573055771335e-18,3.5804917523595e-17,-6.76858433875158e-17,5.99717621511123e-17,2.74954269530329e-18,-1.99342174322342e-17,-2.53108535063419e-17,-6.93920307265836e-18,-2.59910716564536e-17,3.07277106179307e-17,1.76160955592982e-16,7.09758544672634e-18,4.10051104676164e-17,1.60599335992729e-07,2.72343680876816e-16,-6.87369641774495e-17,-6.80008550832967e-17,1.75531927058895e-06,-3.05903742963538e-09,-1.58700054501218e-17,-5.86255039683261e-08,1.60267681837154e-06,2.47488317372569e-17,5.7702252343483e-17,-4.46877730878484e-07,-2.38499266580574e-17,3.93826574329488e-08,-3.45786673792666e-17,2.67440392817088e-17,1.38882493454137e-17,1.21956543715092e-16,5.56851751866114e-09,-7.64587471617768e-07,-5.52716217095884e-18,-1.18487748808793e-16,3.00598918670501e-17,-1.95072825107151e-16,-1.43548367637081e-16,5.18269385567258e-18,5.12392616468798e-17,9.61548898455271e-18,8.175322343401e-08,3.24874129389934e-17,-4.03505110621898e-17,3.74205771599721e-17,5.64360979210631e-17,5.68091170988582e-17,3.10883501692576e-17,-1.80195588998526e-07,-6.6713349005883e-18,-2.72923885885193e-17,1.34315593096462e-07,-2.32272041339017e-17,5.56442756785801e-17,-8.11848166585076e-18,1.12124836167963e-17,7.71105471479913e-07,-3.88986104861344e-17,-8.23918601669007e-08,9.73187449575455e-18,7.33117785538642e-17,3.46121713998193e-17,-2.10897863097402e-16,6.28395955107687e-18,-7.60142763622351e-17,2.97398658899116e-09,-4.3529791694502e-16,1.50816213914911e-17,1.49774056831748e-07,-3.70939340715111e-07,-6.44934114325765e-17,2.59667015151792e-07,3.80231070650785e-08,2.06347919990214e-17,-7.72586059285401e-17,2.39253952698864e-17,-2.10822409569637e-17,-2.34552875864112e-17,-6.36592760812991e-08,-2.03686962527074e-16,-2.78458478605476e-17,-2.49973949572495e-17,2.54649217746797e-08,-1.76563625317131e-16,-6.75478064451474e-17,1.00130494405288e-16,2.30273387683069e-17,-1.15894368721285e-08,3.48748246331405e-17,2.4057768091427e-08,-5.06383461455124e-18,-7.95938383831052e-17,-1.79694350746611e-17,-7.83498453662774e-18,-7.83541384282912e-17,2.65523452161994e-17,6.51289787812456e-17,-6.71159807392031e-05,5.77907088927583e-17,5.40217190641074e-17,1.75007831006206e-07,-4.24801854530684e-17,-9.49509239919759e-18,-5.76039052214351e-18,3.35383153044563e-17,-1.26147938423093e-17,-2.98701326635752e-17,-1.83610874750594e-07,-2.29186303779955e-17,1.22383145457762e-16,3.77027761563261e-07,-1.0400865051297e-16,2.1602002362371e-17,-4.90071146103771e-17,2.13018723337567e-17,-6.49353836194355e-17,3.82012005408973e-16,-5.13809782211623e-18,2.2690602745188e-17,-4.52670019782543e-18,-4.85212761563626e-18,8.41712831527408e-17,-1.97458561043172e-07,0.000105212829107359,8.38031275236843e-17,5.04565911347616e-17,-3.37916824594508e-19,1.58963511624639e-17,1.50270421106491e-16,1.05577484250917e-17,-2.15380445742294e-17,-5.79803385168285e-17,-8.20178695084857e-09,-1.28777775168054e-17,1.65867596675318e-17,-4.89423344226949e-17,2.55436221148385e-17,1.04904737271596e-08,-1.75111786126425e-17,-1.48289559292561e-08,-1.0113811889793e-16,3.52085215594856e-17,4.62711662541543e-17,-1.04725031323511e-17,-3.22778693029627e-19,-2.22135022168195e-16,9.24116852153692e-18,6.83849798963741e-17,1.12676458829867e-17,-4.81909888615523e-17,3.66106611109216e-17,6.17321154445424e-18,1.92482928920353e-17,-4.36296857946215e-17,2.67687771267225e-17,-2.39800995808159e-17,-2.48118325319307e-17,-5.93540842635546e-17,5.59329737124814e-17,2.37961347395041e-17,1.29236898960272e-16,-2.63026501064347e-17,-1.25397911984755e-16,1.49497435905425e-17,9.70424853009734e-17,7.86897066569548e-10,-4.68853963350145e-17,3.21231471315827e-17,4.64015286098081e-18,-1.76093046083142e-16,3.26727632500669e-19,6.10121987155941e-17,-4.47533130271603e-18,-1.8132772355418e-17,1.16621719054322e-17,-2.87904927054833e-17,-6.36426675248991e-17,4.20602400984826e-17,-4.19454965048953e-17,-4.77690916941088e-18,-2.8033713119916e-16,-3.22018952918816e-17,2.7733795075251e-17,-1.00984207187555e-08,2.70311941528152e-17,1.35757654798442e-17,2.70116158647281e-17,-4.8006931150376e-17,-1.19654121445992e-17,-6.63720120697351e-18,-4.08818412834641e-17,1.73702024270257e-17,5.22315212833913e-18,2.13340955846615e-09,1.33127735388533e-16,-1.42392584097193e-17,-2.3415648036548e-18,-2.365380032505e-18,9.74672285408354e-18,-2.23444035121622e-17,-2.42134265570324e-17,1.62463261372511e-17,-3.23440209771122e-17,-4.41731507972747e-17,5.58800730476109e-17,5.56992050533763e-18,1.42292022809946e-17,1.07324911139404e-08,-4.86060813779971e-18,-4.79268356631226e-17,-1.18107996302992e-16,-3.14093369369051e-16,-3.22616048266409e-08,6.58569362229663e-17,4.16472202030512e-17,1.17359164227494e-17,-3.37836514510095e-18,-2.82096861815285e-18,1.03893223066777e-16,1.7735314033869e-16,3.59688322491776e-17,-7.63115198399195e-17,2.38803759264909e-17,1.69646262875265e-17,9.95671024581825e-18,-7.30060453403823e-17,-1.65119164303828e-17,-1.06066095792257e-17,3.41451599537246e-17,-2.66466308233665e-16
"t4",-0.0307297898036461,0.0068042651581339,-0.00822032789576423,-0.0172696968101169,-0.0158018224318664,0.0211899729456819,-0.161279419964223,-0.0332242919703795,0.000492178092537736,-0.00108623244598727,-0.000332852620361211,0.0088495985652623,-0.0122006833658313,0.00157412668833774,-0.000243748626450041,-0.00419553161183178,-0.000223542402520318,0.000983345764691281,-0.000113085586262656,0.000106589450901563,-0.00308880434442882,0.00067504022438237,-0.000411429180637062,0.00272289433302918,-0.000431097525786087,0.00040779956098662,-0.000622189342440141,0.000703389354643419,-0.02582258044435,-0.000782806551174144,1.94488303599031e-07,5.86830574576195e-07,-0.000268546575740477,3.98810157869499e-07,1.06041720707871e-07,1.54828259130139e-06,7.3702134751282e-05,-6.42259448468587e-07,-5.66487295784365e-06,-1.841664012862e-06,-0.000128454244890915,2.02064915045072e-05,-0.000177226665711159,2.0637448577995e-05,-0.00129477483577311,0.000100268864284373,-0.000404979264368009,0.185005731191441,0.000252120893310757,-0.000244554962114492,0.00103446398376582,-8.2086224959977e-05,1.12805435827075e-07,-0.000296725307015669,9.3691316790329e-06,-9.5481567070683e-05,2.46129209546091e-06,-0.000152708769219827,5.13790596432662e-05,-6.55972644596343e-05,-0.0348226331326974,3.29912398996677e-06,-0.000122436893197022,6.56371582518662e-05,-4.57652273083434e-06,0.00010056186345027,-5.12500499115572e-07,1.62921042494726e-05,-4.22562550916893e-05,1.49700943162211e-05,-4.75477550329858e-06,-3.23782082469826e-06,2.31823924861372e-07,2.37002788868471e-05,-1.06538890957064e-05,-2.07438734767469e-08,0.000153812023173376,-2.96583411403724e-06,1.93618915390424e-05,2.7874155290674e-05,-1.1429487648921e-05,-0.000184078120780118,4.00385453929957e-05,0.000304670129010489,-5.97891428206033e-05,-0.019600858313829,0.266647098497566,-0.000347961905128277,-8.90488093372441e-05,0.0195396717802008,-0.000135695095582562,7.59600403034844e-06,4.86333827905885e-05,-0.00231990223010441,-1.11141888895844e-06,-0.000461589138237343,-3.6077288507408e-05,0.000241837934862122,-0.000270880338484093,-6.76498899848285e-05,-1.40399851530387e-05,6.77227077387162e-06,-1.90443731784129e-05,6.80882471722226e-06,-3.03597261295652e-06,3.4958939092468e-05,-0.000175682601659739,4.75704395978841e-05,-2.89592994255874e-05,9.98214669299164e-06,3.49764751199013e-05,0.000224338812714763,-0.0326708530919469,0.250994710387205,1.43727216195677e-06,-1.16089740353396e-05,1.01521194131946e-05,-1.06881142066173e-06,-4.19932223841894e-06,2.89187240286626e-05,-0.00953808567585553,3.93339176209359e-06,-7.49906737249312e-06,-2.09218772497682e-05,9.36750983265302e-06,-0.000711230911076827,-1.00750924312059e-05,-2.22093277425528e-06,5.17447801325066e-06,0.0001706840886644,-2.83782675427846e-06,1.61093693860257e-05,-1.92769526935684e-05,-3.8611055358958e-06,1.80237569375814e-06,6.337925106238e-06,-3.53770044882505e-08,-2.26332966099026e-05,6.55839492251677e-06,-1.88252769722323e-05,-1.18780527169961e-06,-4.56880685957693e-05,8.83440077978808e-06,5.62442490004712e-07,2.32114879781587e-06,-1.08130035660726e-07,-4.68450526589726e-06,6.59026994809735e-07,4.21816903584056e-08,-9.95125386011922e-08,-2.00014477998022e-05,-4.48761078512051e-07,-1.23981326640303e-05,3.5153924863101e-06,-9.15146513696891e-07,-7.82126283886786e-08,1.15746514778302e-06,-4.88313809588119e-05,-2.07591389927929e-07,-6.7709769923667e-08,-3.00276765869295e-05,5.72969261481832e-07,-2.78093575376129e-07,-3.60610240263043e-05,3.67941417820788e-06,-1.13378344493416e-05,9.5880251294147e-07,1.59875045931083e-08,7.89904085557663e-07,9.68455183995326e-07,-1.75036029009278e-05,-0.000327264045575122,1.10914792341758e-07,2.39925477727536e-08,1.46086838134331e-07,1.75372288347676e-09,3.82860836012915e-09,3.75805187264387e-07,5.1113715728001e-07,2.2178585319455e-05,-1.15693973037953e-05,-2.87375861614155e-05,7.42986357222393e-07,2.51112302388895e-08,1.01339461577928e-07,2.13687924612365e-07,4.51475939640926e-06,-1.48021992363471e-06,-6.7252018841281e-06,8.37940663248464e-05,2.40965732925648e-07,-5.37079959486147e-07,-2.27384294561449e-06,-3.19391572180603e-08,-4.56329978995377e-07,7.8831969057915e-07,1.51882913028503e-06,1.10237797187064e-05,-1.04357168776122e-06,-6.77961904446236e-07,-6.92175834639433e-07,-0.000145201599445811,3.17516154630825e-08,0.000376362344761446,8.61287043389031e-05,0.0882757578555002,1.70199205427797e-05,0.000455639875813959,-2.7541290778356e-05,-4.70797384333726e-07,-1.56451177021309e-05,1.83962059374324e-05,0.000116485638530432,3.13044027030802e-06,2.65972635363185e-06,3.00900389465354e-06,-9.21249795761596e-06,-6.59609512060806e-07,1.75761087478776e-06,1.1376419700995e-05,6.86026500128211e-05,-0.00665749714694526,-1.43886649640618e-05,-8.13387224194709e-05,3.53079303849372e-05,1.98205149212939e-05,0.000214026046407977,2.68101843370933e-05,7.18270746096951e-05,0.000193260574164115,-0.84386783225874,0.000865231905586575,3.54576447264583e-05,5.25349050544477e-05,-1.41110811183924e-06,-2.3879864615032e-05,-8.03423518195461e-05,-2.09903511612425e-15,-1.06130851506999e-05,0.00102113506977145,-2.62953449400426e-05,-0.278002030170238,1.83996158210266e-05,-2.46966047467384e-05,-1.62498067204976e-06,8.57247789329596e-05,-1.55785812381336e-07,1.15759354017306e-08,-1.93092023077799e-05,2.93380339714682e-05,-9.28877144775275e-07,0.000127421101046763,-5.9481255797199e-06,2.7547074504162e-06,-1.73850367458754e-07,6.17482177338702e-06,-5.4321964714642e-06,0.000110079316440758,2.58677352831591e-06,-4.87969577712147e-07,1.03182878038352e-05,-1.9785629379426e-06,0.000214829086250988,-0.000105515210902384,1.03234858055168e-06,-3.50579979740474e-07,3.93471719726698e-07,2.78017870763105e-05,-6.34048766490196e-05,4.10644608002589e-07,1.63305797048185e-07,-3.48518450689692e-07,3.0100190900618e-05,-4.21850100563395e-05,7.2193430097898e-06,-9.76240456097323e-05,9.67503799757595e-05,-5.34806894450704e-06,1.19964945528418e-05,-4.34880123710258e-06,2.3489106151044e-06,8.62192699614067e-17,-5.68194704725548e-06,-1.94215399422687e-07,-1.79327375546133e-09,-1.5276907429716e-05,2.6734710722998e-07,-1.64498331651339e-07,-4.97898082001402e-06,5.42319565166748e-07,-3.31941301842774e-06,8.68920762221719e-06,3.14800782491696e-07,-2.72750680553552e-07,3.50826429529124e-06,-4.23375565503183e-06,9.35831297328265e-05,-1.94639396809478e-06,2.87368298713595e-05,1.10543362324243e-07,5.94757413163538e-07,4.42075983014049e-06,-3.53838788320097e-05,8.3108994088965e-07,-3.1554817170849e-06,4.2016074308554e-06,-1.51973781637141e-05,9.33543206466695e-07,8.41788953306351e-07,6.39621812847429e-06,-1.07357014429302e-05,-8.55902680686113e-07,6.91547669288401e-06,-4.48944714503928e-06,1.10580217669437e-07,1.02284914259432e-06,-1.96222151208995e-06,1.31909162920204e-16,5.55315495970723e-09,2.3276518286672e-05,-2.71183369263866e-06,1.53911479463069e-06,1.3758568236785e-06,4.01289921420359e-07,9.2815110406196e-07,-1.35291148630924e-05,4.98952262099596e-06,-4.76120692627205e-16,-3.75703438561534e-06,-4.5702215657337e-08,-1.27190420777623e-07,4.22874619629132e-06,9.45109169688508e-07,-6.34054652606204e-08,-2.40501031143518e-06,6.37598852721529e-07,-2.08749790724643e-05,3.91162392889501e-06,-7.8965331850716e-07,-1.42304069702749e-06,-7.50826234462585e-08,-9.57344096407181e-08,-1.40830693163088e-06,5.88668221074983e-06,-1.52032665812001e-06,1.38729441617668e-16,-3.96661548944349e-05,3.10684081573183e-06,6.89851629128162e-08,7.80655431984599e-07,-2.82283996529601e-06,-5.86064307567618e-06,2.0728580271407e-05,-7.53820023976239e-05,-5.27112534213441e-07,-3.32521797750217e-18,-9.85482163698256e-07,-2.75149823218512e-06,-1.34216337058735e-06,4.75162717911417e-16,4.33181019951551e-06,0.00735854636662636,0.00405790578177735,-6.32374662119357e-07,-3.93121215688347e-07,-2.35363726420436e-07,-8.81925583147795e-06,2.628506320647e-07,2.80587593283249e-06,8.36242545333688e-07,5.97338553249418e-07,7.81444786503862e-06,-1.08382920797127e-17,-3.13132895622515e-06,1.13382790333463e-06,7.33722035405789e-06,-7.38455218905767e-07,-1.76525984498783e-16,-7.12105545687523e-07,1.18156784885783e-06,-3.14385997514336e-07,-2.78947153939103e-07,-7.04035695117811e-07,6.7093478251287e-06,-9.77121625975629e-06,1.33269016794446e-06,9.6540327462535e-17,4.77367147506363e-06,-8.23882441450545e-06,1.76282573634051e-05,5.85720552949146e-06,-5.95061718485337e-07,-3.99057622730095e-09,1.14491749414469e-16,-1.7259182962669e-16,-3.83084005659534e-09,-4.39746191114576e-06,5.79407124015064e-07,-6.44625668101912e-07,1.91720788190091e-15,-3.03680912563481e-07,-3.57482665842112e-09,-1.33372885267756e-16,-4.93796608249016e-17,-1.46733828406586e-16,7.50613383441745e-07,2.21098606567938e-06,-3.1826204202252e-06,1.87242299916046e-06,9.32986501009854e-07,1.91216760061032e-06,-5.77520148167397e-06,-4.82437534876872e-16,-1.25943381265715e-06,0.0006001356477666,2.15839892436302e-16,2.6604540158505e-16,-2.17334649475897e-06,-1.67850851782245e-10,-1.65675723480415e-06,9.96925238061564e-07,1.62370680453092e-06,-6.7358030011417e-08,-1.28354120961405e-15,-2.26326029393189e-07,-1.15546964058193e-16,-7.69722990735722e-07,4.49022329734872e-16,-1.81238980463332e-06,1.87927098620777e-17,1.11696502068846e-06,0.00101607198685967,8.88576524944896e-08,1.16651300005167e-06,4.01646563865478e-06,-5.95758479630038e-07,2.90969311155597e-06,1.44342663862121e-07,7.02128821065245e-07,6.46046239602623e-08,1.30713194914826e-06,-2.82979634478699e-06,-6.95846069367399e-07,-5.63402298675478e-08,-1.74197517561893e-06,3.16015390741995e-17,1.25472879694551e-05,-2.15626504357505e-06,2.10771821634601e-07,1.29076240861945e-15,2.78297673575053e-08,7.51450043545262e-07,2.68406846738497e-06,1.34448829174743e-18,-4.5154894416654e-06,-3.44438278622439e-07,1.4205402394833e-17,-4.54555611871208e-07,9.04715006063105e-06,-2.95002252020261e-17,1.27100151768932e-16,-2.55504361422964e-07,-1.97590485955428e-07,-1.12490725780787e-09,-1.55930146448779e-06,4.13168255810586e-07,8.4295044228368e-07,1.17021046083007e-07,1.42681773064876e-06,-2.41397519364671e-06,1.17679303801577e-15,3.44821033826065e-08,3.4230666734137e-09,9.44200253903411e-09,8.83096910286229e-07,-6.85678306099974e-17,-4.51991311450532e-17,2.90242523628962e-07,1.18570766804719e-16,-4.57026054521445e-19,1.81588864401851e-06,-2.02580286218957e-06,-2.62208372593243e-06,-2.18089738076486e-08,6.61537016201041e-05,1.45173434778205e-06,6.51837336333491e-08,1.95179486127832e-17,1.5817456200623e-07,7.38648857924121e-09,3.38913969150933e-08,-2.3726732985904e-06,9.33976267977765e-06,-1.95573656660344e-16,-2.77771270185111e-17,2.14252815967818e-15,-1.17073313156787e-07,-3.89735621229723e-07,-3.26631350199749e-07,-1.24120894381022e-16,-2.98334350932143e-07,8.96808637567741e-17,1.25724558850215e-16,6.98587336231559e-06,-1.53376820991133e-07,-2.10335221462188e-16,-3.76840991202792e-07,-1.34987854867362e-06,1.09616872361685e-15,5.80616776291034e-07,7.8289173351046e-17,1.54770750429026e-07,-1.37949101478485e-17,1.54392943435383e-07,1.33630951453466e-06,3.35858570185244e-07,4.55054909884023e-08,3.12312924279884e-07,-1.40086073378484e-06,4.30356062140607e-07,3.00977685500942e-17,0.000176029512037918,-1.040777987027e-06,3.1575173826679e-17,-1.8318098759095e-07,-4.19036323800161e-07,8.78368409237609e-07,-8.63531338215033e-18,3.13726615441083e-07,2.87741627166449e-06,-5.21228290813191e-17,-1.03584750488991e-06,-2.29090562346102e-07,-8.27131849398135e-08,-2.05011771478577e-17,5.46037415730412e-17,2.12695326774758e-07,6.50640117406655e-08,5.26296479547776e-09,-9.69446163243429e-05,3.83374914099357e-08,-5.55574142356423e-18,-2.00142090329841e-16,1.39914007277411e-07,9.64368349437164e-10,3.00150600271459e-17,3.37860217217709e-07,5.1050721541079e-17,1.21072986452513e-06,-6.45342618458332e-08,-3.77037432168292e-08,-2.49883679301338e-07,-2.8077640319472e-15,-2.15760559446925e-17,-7.2446119515783e-17,-2.60184750473078e-16,-1.38759252489573e-07,-6.23133426166228e-07,-1.40352058618149e-16,2.67850324132285e-16,-4.80219425704277e-17,6.76715357289338e-07,7.8721608049605e-09,-3.34384330960569e-07,-9.19259286020919e-17,-1.49565689694375e-16,-6.28837260041593e-18,-2.06382312653824e-06,4.3790614249501e-07,4.34171199962871e-17,9.92588843359794e-08,-2.00415196067098e-06,3.45844095636359e-17,2.99089337264197e-17,-1.99692089375741e-07,-2.04576830139389e-09,-9.88509914852914e-08,-1.03795710563859e-17,1.11103195587537e-07,1.61701482282445e-07,1.73354074580322e-07,-1.57836922646034e-07,-5.62031577652835e-07,6.19529057820489e-08,2.3421044310959e-16,7.67279057311033e-17,5.97098169221177e-17,1.17370279830408e-06,-8.20713894889667e-07,-4.46655284385025e-08,-3.50707234272308e-08,-1.35195175594194e-16,-3.22971400475093e-17,2.75223957320898e-16,2.08604395470556e-17,-3.27096407576447e-17,1.15607986268088e-06,1.14876570239081e-18,2.61337796298057e-18,-2.70201344099317e-08,4.98028521515176e-17,-2.41865723580896e-08,-1.11958068560086e-16,-2.99837227244628e-08,-3.81481081757738e-17,-3.62641864512574e-08,-4.53717462600822e-09,-3.70587300222712e-06,-1.92456511415732e-17,1.45473453995484e-07,9.31824698549307e-18,2.06174758953195e-07,-2.50478909413945e-06,2.00289326655743e-09,1.37356255101915e-16,2.92022794148727e-07,6.4182102480637e-17,-7.17021325118502e-08,-4.04694448664006e-07,-1.67677387674564e-16,-1.36684861149021e-17,-1.23247477222267e-17,-3.80671654146084e-17,-1.35743124816884e-09,-1.76726303712988e-08,-3.94522680665218e-09,2.0353200777074e-17,-2.75346451167135e-18,-2.88139172366437e-07,3.04223768401437e-06,-7.38021986975485e-17,2.44224620859131e-17,-1.79304661928042e-08,3.95235464417164e-17,-1.27029565089334e-07,4.41966472752419e-17,1.19827398692397e-06,7.12207675086648e-17,6.21970924905027e-17,2.37135670306564e-17,-3.79839629775624e-17,-1.3722641963889e-17,9.81795180587734e-17,2.05673076521786e-07,-1.43835594186334e-06,-5.98938339070787e-17,-1.06601514479022e-07,4.05396892697858e-07,-7.75670112220741e-17,2.65007672723855e-17,-4.03460447265117e-17,-1.79099063698466e-16,3.99229537975934e-08,6.38300079019935e-09,-1.66174738810184e-16,-3.53323145406957e-17,-7.2462949902203e-08,-2.58480351842549e-07,-2.70481584325931e-08,2.97686850610575e-17,6.5720805916166e-17,-9.65212499235865e-18,-5.85601466378272e-17,-8.38679917562537e-17,9.37341669907583e-17,1.52369660173525e-07,-1.44086734738118e-07,-2.77002491642704e-08,-3.07921240411428e-17,-6.00366258457296e-17,-2.64194357845244e-17,-3.27739280269275e-17,5.86377891867215e-17,-1.13180125998686e-17,-3.33387276690705e-17,6.02136567976958e-17,-1.53858940927439e-17,7.13233756095743e-17,-3.70093667833811e-17,-1.25409563887981e-16,-1.77964623082213e-17,3.17784739726814e-17,1.3541284646215e-07,2.20530346856617e-16,1.00598146004682e-16,-2.34334743147297e-17,1.48003556722052e-06,-2.57929368927473e-09,3.75828708901502e-17,-4.94313650261925e-08,1.3513317649715e-06,1.53145355303811e-17,8.59660097828649e-17,-3.76794807513516e-07,1.48664738758025e-18,3.32063879877185e-08,-2.89577343419806e-17,2.16222729589038e-18,-5.31232729596095e-17,1.16284470418893e-17,4.69523541733517e-09,-6.44681277280425e-07,-6.57478842900642e-17,-8.01336436273724e-17,-9.52766113143019e-17,-2.91651246302043e-16,-9.12898229232795e-17,6.80400737486986e-18,-1.03149318141814e-16,5.19427559886666e-17,6.89337125989804e-08,-2.17803856993566e-17,-2.70197186402494e-17,1.07750607968058e-16,-3.65661299010303e-17,-3.37834903117785e-17,8.61771684436308e-18,-1.51940590072348e-07,-8.37019340405558e-18,-5.90825964498063e-17,1.13254809124006e-07,2.74173628236031e-17,-1.9839689730656e-16,1.15006097904868e-16,1.70331290444632e-16,6.5020676612472e-07,-5.18849080101284e-17,-6.94741934052656e-08,2.06627990828035e-17,-6.47030051845541e-18,6.12888313567174e-17,-2.22716937326914e-16,3.74155714786748e-17,-2.63609842820089e-17,2.50773378914317e-09,-2.30118370137199e-16,-7.13877537213479e-17,1.26293687195111e-07,-3.12786557894417e-07,2.42693418123218e-16,2.1895977037511e-07,3.20623908470748e-08,5.77733204845829e-17,2.87883388336936e-17,-2.10485681970685e-17,3.90073355042608e-17,-3.26634501855339e-17,-5.36812056136287e-08,7.70720792920412e-17,-5.52284293167534e-17,2.22416231327662e-17,2.14736756456666e-08,2.59363886766133e-16,-1.15425878246567e-16,1.53474492795647e-17,-2.33994017930713e-17,-9.77307362810932e-09,4.43030901624117e-17,2.02873672773966e-08,-1.05843272112192e-16,2.74467178079695e-16,-1.10648394895012e-18,-5.98087829758435e-17,2.65626993711413e-17,4.20700335121809e-17,-3.79831391356547e-17,-5.65984759627341e-05,6.37442720307065e-17,-1.02251660058611e-17,1.47583723961761e-07,-7.29419940378831e-17,-4.50791966125079e-18,-8.32723173924468e-17,7.88668260126917e-18,-4.18866754661107e-18,-2.13762663826029e-18,-1.54841186363537e-07,-1.71179832541042e-17,2.09244658127145e-17,3.17954314817094e-07,-3.7855017116901e-17,-1.31470211814281e-18,-1.30018695067265e-16,4.57062902250176e-17,-1.94923202210653e-16,2.48218778866313e-16,1.63976514552586e-17,-2.43565614259748e-17,1.44721245715117e-17,5.58154016384614e-17,-2.15112817478249e-16,-1.66525285933583e-07,8.87308265122572e-05,-2.51566287550215e-16,4.23877267738076e-17,-3.32779791426766e-18,-4.44288478013794e-19,5.57279916657549e-17,6.13587001723187e-17,9.40927678062475e-18,1.48813791170274e-16,-6.91708221082081e-09,3.114614045206e-18,-1.54231772690881e-17,-3.59233248000165e-17,2.01594635530746e-17,8.84743106965991e-09,-3.64161615309925e-17,-1.25066678807861e-08,-3.48677965541553e-17,-2.51262183746956e-17,9.98366543406074e-17,-8.9160682220165e-17,3.27327770315162e-17,2.33438972299788e-16,-2.98740566631336e-17,1.81675433576454e-17,-2.84668932131371e-20,4.85226944675357e-17,2.11170212923388e-17,-1.39162960243578e-17,3.262538264059e-17,3.83337856037874e-17,-1.46500813898593e-18,5.94818165810726e-17,-1.68551506614531e-16,-7.59716806179584e-17,1.30953432129152e-17,3.56309599551736e-17,-8.45677694538693e-17,-1.19120695738046e-17,-1.86014281693462e-16,1.4410572070915e-17,8.93857394261912e-17,6.63720250996192e-10,-2.45275945974777e-17,-1.30731720242922e-16,-7.32458159229512e-18,-7.42033120415136e-17,-1.69812615256735e-17,1.33677153959369e-17,-1.10068433495824e-16,-2.61763116261754e-17,-1.45727584383486e-17,-2.33712728352137e-17,-9.31329666165048e-17,-7.94235718131378e-18,1.71631898054613e-17,1.67526146691912e-18,-9.76572947906282e-17,-1.18487251817913e-18,3.62447189296613e-17,-8.51819385774466e-09,3.82800210052517e-17,-2.45487947392278e-17,1.12275581510765e-17,7.2643698521607e-18,9.11407468757213e-18,4.97415740706116e-17,1.34352814630564e-17,-5.23209578010066e-17,-2.03777675589927e-17,1.79969256197066e-09,3.11080670994794e-16,-5.9270799962993e-17,-5.63614812987597e-17,4.13566132088207e-17,-2.3131847857422e-17,-3.03158153077282e-17,-3.23141450832973e-17,5.52229497953125e-17,1.16865689186323e-18,1.00554769992066e-16,-8.48387960588011e-17,1.92697242971611e-17,-6.25515552313193e-17,9.05434580119101e-09,5.4919949159842e-17,1.4872572423046e-17,-1.04143958112927e-16,-4.18285198144908e-16,-2.72181351242206e-08,-1.90018242831354e-16,3.42153203273832e-17,8.40876539452259e-21,2.11840885688719e-17,5.67552329738686e-18,-1.04269303611659e-16,7.66025709633094e-17,-4.32045698792467e-17,-1.66900832327138e-17,-4.13186988604652e-18,6.47245700577323e-17,4.39619824698899e-17,-6.37697709117964e-17,-3.76284507964586e-17,5.98204456995342e-17,1.05973179023001e-16,-1.70916303759113e-16
"t598",-0.0307893301125075,0.0068321403997108,-0.0082551006408521,-0.0173678208516107,-0.0159119649965452,0.0213635739458692,-0.162626989380742,-0.0335242773709107,0.00049743945303159,-0.00110036029382804,-0.000338373632585277,0.00903149127161276,-0.0124590162285385,0.00160797714409328,-0.000249226295921617,-0.00429557560817009,-0.000229004725856491,0.0010078254698887,-0.00011596839980306,0.000109551035643597,-0.00318194645683968,0.000699838745385785,-0.000427440110237143,0.00282949750352738,-0.000448045633172492,0.00042464356872799,-0.000648211709488716,0.000733088664969164,-0.0269440557992744,-0.000823436819053401,2.05309627177408e-07,6.21099347231274e-07,-0.000285469735114125,4.25254602446231e-07,1.13470647719204e-07,1.66642624785561e-06,7.940583660084e-05,-6.92847943809941e-07,-6.11447716238381e-06,-1.99027512574564e-06,-0.000139155598359032,2.19360151050552e-05,-0.000192652259204457,2.2436190538494e-05,-0.00140986383799517,0.000109833869751669,-0.000444434350165413,0.203207997288923,0.000277612288850651,-0.000270011133316458,0.00114632647309046,-9.11195745490728e-05,1.25251068435826e-07,-0.00033017709346659,1.04702896310116e-05,-0.000106773652381712,2.7858746658781e-06,-0.000173435440387414,5.83763598125143e-05,-7.51683057985721e-05,-0.0401677480628186,3.81818376050739e-06,-0.000142085812736839,7.62231518333614e-05,-5.3420477605887e-06,0.0001179350391737,-6.07430656191901e-07,1.94038706073197e-05,-5.04414620377743e-05,1.79437671040082e-05,-5.82912186857737e-06,-4.041636029813e-06,2.90201244103765e-07,2.98452202894189e-05,-1.34262793848155e-05,-2.62099877312602e-08,0.000194544420395585,-3.77059227553185e-06,2.4909572791719e-05,3.60366689484574e-05,-1.49023320399502e-05,-0.000240457217204687,5.30305544227991e-05,0.000405254144388731,-8.10306772200198e-05,-0.0267042277476776,0.365234195210561,-0.000477030600620879,-0.000122107403408512,0.0268090229525713,-0.000186563236932055,1.06543808673365e-05,6.83427297264432e-05,-0.00330216343587968,-1.61864763840187e-06,-0.000674636302038773,-5.27375781490955e-05,0.000356756027916123,-0.000400971781340301,-0.000101466164250598,-2.12907934186768e-05,1.02799003889411e-05,-2.89404812989988e-05,1.09081620059167e-05,-4.88421150988454e-06,5.6426210868466e-05,-0.000285239653024304,7.73637868719808e-05,-4.72355097821725e-05,1.63552060641966e-05,5.73914854398343e-05,0.000371372293422828,-0.0541411331152623,0.426017945459064,2.45232478394243e-06,-2.00397668713125e-05,1.76181225077221e-05,-1.88254580880031e-06,-7.50550477771698e-06,5.22739556949074e-05,-0.0173538634948548,7.32343355962211e-06,-1.41788852054769e-05,-3.95817468396827e-05,1.776215247275e-05,-0.00137078804118008,-1.94449520731369e-05,-4.34872417066197e-06,1.05796182122935e-05,0.000349151201876323,-5.82630348867485e-06,3.41147636069375e-05,-4.10788661364361e-05,-8.26562604278355e-06,3.93267005483942e-06,1.38661945920249e-05,-8.07524270442365e-08,-5.35720916880658e-05,1.63672426745969e-05,-4.70539050358203e-05,-2.99731090186994e-06,-0.000115855941273025,2.25813432401975e-05,1.44205659756989e-06,5.95148080871489e-06,-2.83522578911329e-07,-1.28723334326267e-05,1.90581788281305e-06,1.23620394879928e-07,-3.00605227854388e-07,-6.05690476501203e-05,-1.37526894358044e-06,-3.82665192054063e-05,1.09393015945886e-05,-3.08385271122712e-06,-2.67159372900811e-07,3.99245145676072e-06,-0.000219106916767714,-1.00874519529273e-06,-3.33310640523025e-07,-0.000159402532739734,3.0917959769729e-06,-1.67574507131872e-06,-0.000220461099619263,2.55109041421895e-05,-9.05840336448831e-05,1.41586625605152e-05,2.43603116100091e-07,1.21351767247951e-05,1.70018473722271e-05,-0.000369597118339494,-0.00711947121514424,4.16071189585012e-06,1.16929899155254e-06,2.04998275879379e-05,4.60619825923025e-07,1.82113808359494e-06,-1.25619532482725e-05,-7.9767712962695e-06,-0.000316484524434474,0.000152568416538322,0.000308920848440439,-7.45019854260134e-06,-2.36161719312631e-07,-9.00009822501705e-07,-1.59574877467801e-06,-3.2418899659015e-05,7.93060166450872e-06,3.57246596784028e-05,-0.000409535646124721,-9.60253802860694e-07,1.8460986902028e-06,7.45352588539005e-06,9.78356801485731e-08,1.33166018274969e-06,-2.00940863706661e-06,-3.76549921425605e-06,-2.58131117329571e-05,2.37658866638252e-06,1.2647346574595e-06,1.27990756375385e-06,0.000248481853672135,-5.05087655388599e-08,-0.00050771686824977,-0.000116103814127688,-0.11727841043589,-2.16399788024802e-05,-0.000562199570079839,3.143736654212e-05,4.89604371833544e-07,1.51292838280903e-05,-1.74009640988031e-05,-9.99099584990703e-05,-2.54581550511079e-06,-2.15999667187006e-06,-2.34556933048693e-06,6.48273429535736e-06,4.55226964078693e-07,-1.0945937257953e-06,-6.60377429440661e-06,-3.88692053595134e-05,0.00341469085095114,7.20759425425537e-06,3.97021990963867e-05,-1.59234709526493e-05,-8.79689736989481e-06,-9.46185313087224e-05,-1.08648637734689e-05,-2.76002526800215e-05,-6.99644054552712e-05,0.297290008915491,-0.000296298083324331,-1.18226245727868e-05,-1.73843180040658e-05,4.35080973483575e-07,7.04114261167469e-06,2.25564270671002e-05,2.51262711182637e-16,2.77391413947824e-06,-0.000263050441537765,6.11580577450047e-06,0.0596016013054267,-3.681150396114e-06,4.92018206806409e-06,2.8298172176371e-07,-1.4582049071739e-05,2.62121176904794e-08,-1.84717893742407e-09,2.97020723802441e-06,-4.2123325642116e-06,1.29241797237196e-07,-1.74978310973478e-05,7.58806432279726e-07,-2.47208643286677e-07,1.34553927853723e-08,-4.16748648093477e-07,2.55673031011079e-07,-5.02700528396137e-06,-8.35375188759536e-08,1.22364216943143e-08,-1.55838793263429e-07,2.37105636251461e-08,-1.88065849476829e-06,4.57923401936227e-07,2.12934762644406e-09,-9.75696388908034e-10,7.20655342012339e-09,5.18791260665259e-07,-1.20768729461958e-06,9.48189691905643e-09,4.0138378012078e-09,-1.01962196375611e-08,9.06499730259461e-07,-2.38084583409505e-06,4.27138213569386e-07,-5.98489709340468e-06,6.39945272839249e-06,-3.74057082054656e-07,9.39206987704031e-07,-3.50774887092713e-07,1.9382613623279e-07,1.90033181972968e-18,-5.04475077783963e-07,-1.74012499994256e-08,-1.65379187483212e-10,-1.50184264928434e-06,2.76436401654515e-08,-1.73996702193013e-08,-5.32446590109044e-07,6.58341123217385e-08,-4.05936279695435e-07,1.06471841329599e-06,3.98454167961135e-08,-3.75354354944742e-08,4.89293460302805e-07,-5.95880990163323e-07,1.35599804128528e-05,-3.11350852044744e-07,4.76857973561004e-06,1.8381406880705e-08,9.89582522700217e-08,7.97296557600093e-07,-6.90842006614224e-06,1.63769427228188e-07,-6.30059763291172e-07,8.52067830031532e-07,-3.09636802825679e-06,1.97404486260027e-07,1.78479389038117e-07,1.36276580536871e-06,-2.29487973537434e-06,-1.84919391530507e-07,1.51136508798933e-06,-9.91376600763293e-07,2.45274897229373e-08,2.28567663740676e-07,-4.45290093901261e-07,6.63978999096973e-18,1.36880061424369e-09,5.77964213727435e-06,-6.80595210473004e-07,3.8639555417116e-07,3.45523079745985e-07,1.01036167161882e-07,2.34810514663365e-07,-3.44195668978332e-06,1.28358496781538e-06,1.24307104680617e-16,-9.90202303201154e-07,-1.20800937601762e-08,-3.38250027502051e-08,1.12540252966614e-06,2.55218794831528e-07,-1.72556862821714e-08,-6.61535925314893e-07,1.76636128024398e-07,-5.86965934130036e-06,1.11431791174252e-06,-2.26765982720319e-07,-4.10471228405627e-07,-2.17162867569537e-08,-2.78218532536833e-08,-4.09488400303867e-07,1.71735494583994e-06,-4.44669224200364e-07,5.02384521327608e-18,-1.1816947286542e-05,9.28957906944604e-07,2.06275792111249e-08,2.358090950461e-07,-8.53963607887363e-07,-1.80460004368414e-06,6.41358745351179e-06,-2.33457733087731e-05,-1.63824799202781e-07,-4.66469829901213e-17,-3.0750477558017e-07,-8.59821902447955e-07,-4.21686595889256e-07,2.59650599370118e-16,1.36878713343566e-06,0.00232828215190785,0.00128482341409194,-2.00506657635372e-07,-1.24939701290577e-07,-7.49329615258396e-08,-2.81161375332758e-06,8.41322134226671e-08,8.98514285165118e-07,2.68509403184957e-07,1.92697317864859e-07,2.52148204348565e-06,5.11780153409382e-18,-1.01939351375606e-06,3.69671297727396e-07,2.40009809813543e-06,-2.42745012902277e-07,2.8212679124475e-17,-2.3648541836766e-07,3.96699202072489e-07,-1.06052598929502e-07,-9.43022765407477e-08,-2.38622505065915e-07,2.2847133275012e-06,-3.35199544934215e-06,4.6506711203109e-07,-5.1096889012267e-17,1.68917236973109e-06,-2.91871051681257e-06,6.26004537416741e-06,2.08680221915495e-06,-2.12061066396628e-07,-1.42341374782729e-09,-2.25514051876985e-17,-3.23855165250673e-17,-1.37351629553066e-09,-1.58358276296747e-06,2.0876399190918e-07,-2.33150463379877e-07,8.10283416035362e-16,-1.10725545889023e-07,-1.30793894573341e-09,-1.02434991228154e-16,-1.90294241561118e-17,-3.43283210982897e-17,2.77495514231337e-07,8.18426981738868e-07,-1.1832008913431e-06,6.98604844986598e-07,3.48243252544759e-07,7.16387024261098e-07,-2.16457490097545e-06,-1.78871776108055e-16,-4.75474006138119e-07,0.000227129942589274,-5.43852568466651e-17,7.44143056113715e-18,-8.30226823419763e-07,-6.42582622507872e-11,-6.36061106062613e-07,3.83457042022615e-07,6.26746959682858e-07,-2.60146297848423e-08,-3.8662361207712e-16,-8.74770888445888e-08,-1.33481004018673e-17,-2.98152791081917e-07,3.08455518072126e-17,-7.03141110480098e-07,-6.57268704954e-18,4.34202540829038e-07,0.000395139116905228,3.4734453956952e-08,4.56480112548109e-07,1.57242587759803e-06,-2.33685877166343e-07,1.14320935188286e-06,5.69250934776498e-08,2.76910931674461e-07,2.55081513351849e-08,5.17160491916398e-07,-1.12261848819254e-06,-2.76666844627941e-07,-2.24394602904205e-08,-6.94386364688505e-07,-2.65391663540842e-17,5.01448531717418e-06,-8.63841824127172e-07,8.50027747536817e-08,5.31572422846251e-16,1.12444954683278e-08,3.04460661885989e-07,1.08875343301026e-06,4.11119502164636e-17,-1.83273165622706e-06,-1.40125822168765e-07,-4.43270854343263e-17,-1.85133870778568e-07,3.70924279532603e-06,1.06362141931334e-16,-4.59417951779518e-17,-1.05016912562166e-07,-8.12313381991162e-08,-4.6294031371735e-10,-6.42485394774945e-07,1.7069890262366e-07,3.48342071832979e-07,4.83736880778363e-08,5.91877910519762e-07,-1.00417246220976e-06,3.94649590784724e-16,1.43589042647647e-08,1.42567407501688e-09,3.93495489348368e-09,3.68305464504391e-07,4.85630720223522e-17,-1.6494055924344e-17,1.21171988402754e-07,2.2345990776309e-17,4.04163555196114e-18,7.6284935958692e-07,-8.51929594645224e-07,-1.10271337346009e-06,-9.19262196096256e-09,2.78927295423737e-05,6.12142274553356e-07,2.74971254615883e-08,1.02839349619049e-17,6.70194216421696e-08,3.13259808079388e-09,1.43776725786292e-08,-1.00807666416815e-06,3.97902262178159e-06,-4.99500433612082e-17,4.50628115182945e-17,1.29667693760468e-15,-5.00699056838162e-08,-1.66957145385396e-07,-1.39941661837211e-07,-1.8862339284807e-16,-1.28020032279346e-07,-4.54784952240432e-16,-3.90480183977982e-17,3.01823397527215e-06,-6.62717554540916e-08,2.30284541435921e-16,-1.6309438636211e-07,-5.84774066828003e-07,3.88227805158451e-16,2.52012592507872e-07,1.74405294440715e-16,6.73324484767559e-08,-7.1374179954001e-17,6.71819573141171e-08,5.81569621834486e-07,1.46193985170171e-07,1.98128081175605e-08,1.36055914084901e-07,-6.11560813754131e-07,1.88426716128604e-07,1.13026682484209e-16,7.73507240375649e-05,-4.57512437479762e-07,1.00940073047136e-16,-8.05648840290215e-08,-1.84466697724822e-07,3.86993269073432e-07,1.04421197104821e-16,1.38611831734405e-07,1.27201570984609e-06,1.69794345792291e-18,-4.5825282366739e-07,-1.01385038320462e-07,-3.66542439205086e-08,2.20904920278711e-16,-1.16582216685327e-17,9.45534946865236e-08,2.89628160127568e-08,2.34341452660784e-09,-4.34155910085496e-05,1.71849907848186e-08,1.67413635650927e-16,1.59104847088025e-16,6.2757360513654e-08,4.32595081775153e-10,6.97639722347184e-17,1.51720116879457e-07,-3.38501943195867e-17,5.44256641416288e-07,-2.90510910508927e-08,-1.69746261952924e-08,-1.12544702558149e-07,-1.25172751205915e-15,-4.11692128926857e-17,2.81906331033147e-16,-1.50497906049925e-16,-6.27167240462796e-08,-2.81726532082891e-07,1.13049376796777e-16,-1.75477217977398e-16,-1.20500638756435e-16,3.06270422310881e-07,3.56441649674804e-09,-1.51590057044766e-07,3.12458033697374e-16,-8.10170073389793e-17,2.26869304592592e-16,-9.3947959676336e-07,1.99368814142258e-07,5.08912885484305e-17,4.52625487843879e-08,-9.14490815604399e-07,-4.32249570979546e-17,-2.62325845804333e-16,-9.12570082264044e-08,-9.35005881005328e-10,-4.52193041709198e-08,-1.47271165390392e-16,5.08992488501779e-08,7.41398748598551e-08,7.95725020570583e-08,-7.25615450743472e-08,-2.58486455779379e-07,2.8515034658141e-08,-2.53803002540672e-16,1.58756876335837e-16,5.23504848566043e-17,5.42586873787822e-07,-3.79430214829021e-07,-2.06610950345846e-08,-1.62681354653507e-08,-6.08858614087654e-17,-2.19813347982247e-16,-2.29348538704859e-16,8.19317959094007e-17,-4.69776401826556e-16,5.37827841368945e-07,1.2797220706201e-17,-1.29803595876035e-16,-1.25844899793163e-08,-1.01616528626026e-17,-1.12654541050639e-08,2.56881345868314e-18,-1.39670318677627e-08,-5.34573416193188e-17,-1.69257972504773e-08,-2.11865029347624e-09,-1.73170394210382e-06,1.84085478796934e-17,6.80373225872348e-08,2.41082388238345e-17,9.66119220889691e-08,-1.17664646412177e-06,9.40978041359572e-10,-2.88076320046916e-16,1.37332694519274e-07,-2.05289760940326e-16,-3.37735709002237e-08,-1.90636408613538e-07,-3.73189160635225e-16,-1.08778448698433e-17,1.49498982388576e-16,1.21635073110095e-17,-6.40268863370406e-10,-8.33863983009885e-09,-1.86225618648341e-09,3.05683037979225e-16,-7.10184191041026e-17,-1.3626925825265e-07,1.43888294101531e-06,5.13791794285469e-17,1.23810697628338e-16,-8.50064190673351e-09,-3.74497177898008e-17,-6.02537030626219e-08,1.83859047119263e-16,5.69203382660791e-07,-1.33570981566505e-16,-2.93172695531802e-16,-3.43392585803728e-16,4.69350855662731e-17,3.84210441659441e-16,-9.56845884356146e-17,9.79866254131854e-08,-6.85286852571669e-07,2.48567042432176e-16,-5.08409328614713e-08,1.93426507700483e-07,-1.85194775679602e-17,-2.41315496670244e-17,3.08554293607007e-16,-2.94710805902077e-16,1.90833844549187e-08,3.05241202868147e-09,3.79977812215062e-16,1.12249939535421e-16,-3.46689588313639e-08,-1.23674223216983e-07,-1.2944343212008e-08,1.11422439697412e-16,4.35008221672843e-17,-2.8848775368613e-16,-3.85098800227573e-16,-7.75795715461759e-16,1.8012104696606e-17,7.31658125525074e-08,-6.92102607891487e-08,-1.33096282951846e-08,1.87182119338386e-16,9.2597341192942e-17,-9.22960449954187e-16,1.92117537762746e-16,-2.80281706925014e-16,-1.65250626283438e-16,-2.34079696367908e-16,-4.54193055964391e-16,1.92659582458887e-16,-3.61617413453917e-17,3.75044770848736e-16,2.97184573782143e-16,-1.57115558645119e-16,3.91909825819539e-17,6.54060714886115e-08,6.40724143865621e-16,8.00285660500884e-16,5.52830095625126e-16,7.1536999457424e-07,-1.24689144040725e-09,-4.63230477080567e-16,-2.38986507245157e-08,6.53884644239858e-07,-3.24260421952392e-16,-2.71904498913729e-16,-1.82516473773891e-07,-4.03367297211379e-16,1.61056568802508e-08,-2.44155262602301e-16,-1.26929755728115e-16,5.28660306666568e-16,1.16178951239109e-15,2.28188330305785e-09,-3.13357856745589e-07,-1.12750223624265e-16,3.26058163210933e-16,-3.58993012937085e-16,-4.41624589562083e-16,-9.60494704604908e-16,-8.50490463953054e-17,4.50526307511392e-16,5.17423848342533e-16,3.37429984201713e-08,5.31234132329975e-16,-5.80775296104152e-16,6.34879220978289e-16,-7.81658782788871e-16,1.06619899159763e-16,7.27194654990328e-18,-7.44869734329697e-08,1.5215133406437e-15,1.28082796129949e-15,5.55371480442403e-08,-8.25625674664838e-16,-1.75896717605465e-15,1.05438380701754e-15,9.19099090965557e-16,3.1988116104837e-07,2.23925906457806e-15,-3.4198949054667e-08,5.54324168692131e-16,2.72913396384601e-16,4.70438066562762e-15,3.3495007338753e-15,-2.76024799537371e-15,-1.35113409245798e-14,1.23590122974844e-09,-1.36093478488058e-14,1.61279929009794e-14,6.22986059117054e-08,-1.54299546839817e-07,-0.707106781186547,1.08098523058314e-07,1.58327951611451e-08,6.27985983698595e-15,5.58766115194078e-16,-3.34566003848931e-15,-6.15427537032411e-16,-3.92817456869609e-15,-2.66043137339413e-08,1.46182209356055e-16,1.51515280287996e-15,-1.80971574948304e-16,1.06521934212337e-08,-2.80452328124484e-15,-2.15255114833155e-15,2.78365631768494e-15,2.61254538036464e-16,-4.85395861665043e-09,-1.03370237894498e-16,1.00798668065796e-08,-9.49130814043732e-17,8.24634828613577e-16,-7.29215209902953e-16,-6.11773568801909e-16,-1.51092264325801e-16,1.01701632235096e-15,1.27203385021884e-16,-2.817746308811e-05,-1.69312556470691e-16,3.65717424214667e-16,7.35107202082045e-08,-2.30183714198541e-15,1.85965195605019e-16,-4.215250835705e-16,-3.57693899274867e-16,7.11278067522118e-16,5.75177342027917e-16,-7.72455708929033e-08,-4.40253569790299e-17,1.60063997426692e-16,1.58728090169623e-07,1.04591270466095e-16,-6.92834439197562e-16,-1.60695947851864e-16,6.15621544926688e-16,9.00845028939416e-16,-2.59677543032549e-16,2.34890848436682e-16,-3.65302305098647e-16,8.67689835163961e-16,9.26282337790583e-17,7.51345132484046e-16,-8.33455048752266e-08,4.44232178795083e-05,3.53568844344817e-16,1.2964480800594e-16,-1.33536404888449e-16,4.46883741283231e-17,-2.53486467927111e-16,9.26896738284549e-17,4.88170144537103e-16,1.80707079072113e-16,-3.46860258409489e-09,-5.63335493765733e-16,7.11304714733951e-16,-1.7529664851329e-16,-1.75228140446852e-16,4.44262222464182e-09,-2.47869959656193e-16,-6.28968325084602e-09,1.58137879126401e-16,-2.88691506970248e-16,1.11697558802313e-16,-3.21690592119882e-16,-2.76491490518902e-16,4.9232375143214e-16,-1.56148946379046e-16,-2.22675028666338e-16,-2.03767255512515e-16,1.23799680182892e-17,1.27949900318253e-16,-1.81919504682636e-16,-1.28363187888977e-16,-2.35822008284417e-16,-1.16541744952351e-16,2.56589166795149e-16,-4.37939996625424e-16,8.05388463702606e-19,1.04615087876625e-16,8.82797766276149e-17,2.18900418624823e-16,7.72352436210321e-18,5.56913031051506e-17,-2.72069493203145e-16,1.29143789794972e-16,3.35668294623128e-10,-2.71556635713917e-17,-1.73585750414986e-16,-1.12327296721236e-16,-6.20599321112551e-17,5.65354121026758e-17,-9.68242553537142e-17,3.30565229775808e-17,7.18570473535796e-17,-4.39280326621534e-17,-1.11274060997936e-16,-1.42030484595601e-16,1.0330020081888e-16,1.48039830844602e-16,1.07376254055331e-16,-7.09793247825478e-17,4.71599451354926e-17,8.74847098082705e-17,-4.32422725868171e-09,-1.96623943262025e-17,1.35663881724629e-17,-5.01559508535209e-17,-6.92769163757171e-17,6.16283064679596e-17,-9.13612001589424e-17,4.34006998575005e-17,2.95222159331173e-17,4.85066052495491e-18,9.17139507609884e-10,2.28046406366689e-16,5.75474464573452e-17,-8.95689281348652e-18,-1.28459180053272e-16,-6.94416388697569e-18,-9.1846889304473e-17,8.28882339709441e-17,2.1471027028631e-17,-3.29970029105658e-17,2.51078793693778e-16,3.01552098307799e-17,-2.4498043424203e-17,3.76415388654581e-17,4.63197686776213e-09,1.14874749356355e-16,-2.62454985768896e-17,-1.64607403424895e-17,-7.75204553327136e-17,-1.39489891202754e-08,1.23385757935737e-16,-6.30010391175287e-17,7.73529172299937e-17,-1.5871976580857e-17,3.16149369842247e-18,9.46756592873518e-17,1.41430779596132e-16,-7.80622238396234e-17,-1.09838831024094e-18,-4.26322341223938e-17,1.39542730198093e-17,8.63621878919249e-17,-5.67366185654919e-17,1.52172248379625e-17,1.03153533124564e-17,5.37693130548155e-17,-2.15993596312086e-16
"t599",-0.0307893301125075,0.0068321403997108,-0.0082551006408521,-0.0173678208516107,-0.0159119649965452,0.0213635739458692,-0.162626989380742,-0.0335242773709107,0.00049743945303159,-0.00110036029382805,-0.000338373632585278,0.00903149127161276,-0.0124590162285385,0.00160797714409328,-0.000249226295921626,-0.00429557560817008,-0.000229004725856489,0.0010078254698887,-0.000115968399803063,0.000109551035643602,-0.00318194645683968,0.000699838745385789,-0.000427440110237153,0.00282949750352736,-0.000448045633172492,0.000424643568727983,-0.000648211709488705,0.000733088664969174,-0.0269440557992744,-0.000823436819053393,2.05309627179851e-07,6.21099347232267e-07,-0.000285469735114128,4.25254602447061e-07,1.13470647734497e-07,1.6664262478593e-06,7.94058366008271e-05,-6.92847943813461e-07,-6.11447716239808e-06,-1.99027512573489e-06,-0.000139155598359052,2.19360151050616e-05,-0.000192652259204454,2.24361905384835e-05,-0.00140986383799519,0.000109833869751665,-0.000444434350165449,0.203207997288923,0.000277612288850667,-0.000270011133316475,0.00114632647309046,-9.11195745490674e-05,1.25251068391817e-07,-0.000330177093466592,1.04702896310205e-05,-0.000106773652381699,2.78587466586424e-06,-0.00017343544038741,5.83763598125199e-05,-7.5168305798602e-05,-0.0401677480628187,3.81818376044761e-06,-0.000142085812736853,7.62231518333832e-05,-5.34204776057302e-06,0.000117935039173673,-6.07430656187805e-07,1.94038706073536e-05,-5.04414620377426e-05,1.79437671040093e-05,-5.82912186856491e-06,-4.04163602978742e-06,2.90201244150051e-07,2.98452202894257e-05,-1.34262793848152e-05,-2.62099877238961e-08,0.000194544420395588,-3.77059227555754e-06,2.49095727916954e-05,3.60366689483859e-05,-1.4902332040035e-05,-0.000240457217204736,5.30305544228337e-05,0.000405254144388726,-8.1030677220005e-05,-0.0267042277476777,0.365234195210561,-0.000477030600620898,-0.000122107403408567,0.0268090229525712,-0.000186563236932063,1.06543808672688e-05,6.83427297263905e-05,-0.00330216343587965,-1.61864763839619e-06,-0.000674636302038768,-5.27375781490954e-05,0.000356756027916064,-0.000400971781340306,-0.000101466164250546,-2.12907934186963e-05,1.02799003889683e-05,-2.89404812990964e-05,1.09081620058494e-05,-4.88421150987508e-06,5.64262108684629e-05,-0.000285239653024224,7.73637868720218e-05,-4.72355097821835e-05,1.63552060641104e-05,5.73914854398127e-05,0.000371372293422766,-0.0541411331152623,0.426017945459064,2.45232478396725e-06,-2.00397668713709e-05,1.76181225078054e-05,-1.88254580888733e-06,-7.50550477767615e-06,5.22739556948508e-05,-0.0173538634948548,7.32343355962752e-06,-1.41788852054282e-05,-3.95817468396847e-05,1.77621524727507e-05,-0.00137078804118005,-1.9444952073221e-05,-4.34872417068456e-06,1.0579618212312e-05,0.000349151201876392,-5.82630348864502e-06,3.41147636069034e-05,-4.10788661365139e-05,-8.26562604281155e-06,3.93267005482561e-06,1.38661945920609e-05,-8.07524270613041e-08,-5.35720916881414e-05,1.63672426745953e-05,-4.70539050358218e-05,-2.99731090187154e-06,-0.000115855941273027,2.25813432401627e-05,1.4420565975661e-06,5.95148080868442e-06,-2.83522578928054e-07,-1.2872333432548e-05,1.90581788280398e-06,1.23620394895587e-07,-3.00605227812239e-07,-6.05690476500545e-05,-1.37526894359636e-06,-3.82665192054092e-05,1.09393015946075e-05,-3.08385271117237e-06,-2.67159372937845e-07,3.99245145681922e-06,-0.000219106916767674,-1.00874519526896e-06,-3.33310640516357e-07,-0.000159402532739614,3.09179597699675e-06,-1.67574507128431e-06,-0.000220461099619279,2.55109041421295e-05,-9.05840336449546e-05,1.41586625605705e-05,2.43603116118844e-07,1.21351767248718e-05,1.70018473722246e-05,-0.000369597118339549,-0.00711947121514414,4.16071189589755e-06,1.16929899157566e-06,2.04998275879382e-05,4.60619825939308e-07,1.82113808364067e-06,-1.25619532481504e-05,-7.97677129626916e-06,-0.000316484524434455,0.000152568416538339,0.000308920848440462,-7.45019854257407e-06,-2.3616171929128e-07,-9.00009822506585e-07,-1.59574877469041e-06,-3.24188996590442e-05,7.93060166447095e-06,3.57246596783658e-05,-0.000409535646124613,-9.60253802819524e-07,1.84609869036923e-06,7.45352588540868e-06,9.78356801333014e-08,1.33166018273887e-06,-2.0094086370296e-06,-3.76549921421881e-06,-2.58131117328373e-05,2.37658866637074e-06,1.26473465746354e-06,1.27990756373411e-06,0.000248481853672239,-5.05087654873551e-08,-0.000507716868249748,-0.000116103814127703,-0.11727841043589,-2.16399788023977e-05,-0.000562199570079785,3.14373665421457e-05,4.89604371836215e-07,1.51292838280654e-05,-1.74009640988549e-05,-9.99099584990251e-05,-2.54581550508278e-06,-2.15999667182154e-06,-2.34556933050762e-06,6.48273429543563e-06,4.55226964072267e-07,-1.09459372582499e-06,-6.60377429441118e-06,-3.88692053595126e-05,0.00341469085095111,7.20759425415633e-06,3.9702199096349e-05,-1.59234709526701e-05,-8.79689737001436e-06,-9.4618531308816e-05,-1.08648637733807e-05,-2.76002526800861e-05,-6.99644054552091e-05,0.297290008915491,-0.000296298083324323,-1.1822624572735e-05,-1.73843180040085e-05,4.35080973515424e-07,7.04114261185028e-06,2.25564270670884e-05,3.14660985719094e-16,2.7739141393832e-06,-0.00026305044153788,6.11580577454747e-06,0.0596016013054267,-3.68115039604389e-06,4.92018206794525e-06,2.82981721743988e-07,-1.45820490715289e-05,2.62121177493729e-08,-1.84717894416824e-09,2.97020723801834e-06,-4.21233256427134e-06,1.29241797238629e-07,-1.74978310973687e-05,7.58806432289598e-07,-2.47208643205378e-07,1.34553927096407e-08,-4.16748648107916e-07,2.55673030960259e-07,-5.02700528401559e-06,-8.35375188639337e-08,1.22364216487944e-08,-1.5583879336337e-07,2.37105636946993e-08,-1.88065849470486e-06,4.57923401922505e-07,2.12934770823113e-09,-9.75696360619201e-10,7.20655340261427e-09,5.18791260640826e-07,-1.2076872945634e-06,9.48189689871479e-09,4.01383782005114e-09,-1.01962196351188e-08,9.0649973022051e-07,-2.38084583406329e-06,4.27138213556221e-07,-5.98489709339269e-06,6.39945272832988e-06,-3.74057082064291e-07,9.39206987683421e-07,-3.50774887087677e-07,1.9382613625639e-07,-2.01910549962872e-17,-5.04475077778247e-07,-1.74012500271508e-08,-1.65379216990776e-10,-1.50184264925288e-06,2.76436401877915e-08,-1.73996702184721e-08,-5.32446590251022e-07,6.58341123058708e-08,-4.05936279560437e-07,1.06471841327587e-06,3.98454168917384e-08,-3.75354354864578e-08,4.89293460329662e-07,-5.95880990116338e-07,1.35599804128575e-05,-3.11350852066372e-07,4.76857973556255e-06,1.83814068834664e-08,9.89582522592967e-08,7.97296557655703e-07,-6.90842006608603e-06,1.63769427257577e-07,-6.3005976329176e-07,8.5206783013738e-07,-3.09636802837208e-06,1.97404486271589e-07,1.78479389056552e-07,1.36276580541065e-06,-2.29487973535183e-06,-1.84919391593445e-07,1.51136508809405e-06,-9.91376600797649e-07,2.4527489604254e-08,2.28567663699374e-07,-4.45290093931934e-07,-3.07835551321173e-17,1.36880057061689e-09,5.77964213724575e-06,-6.80595210411205e-07,3.86395554250299e-07,3.45523079738582e-07,1.010361671876e-07,2.34810514707234e-07,-3.44195668975822e-06,1.28358496788633e-06,2.07576420229249e-16,-9.90202303143648e-07,-1.20800941058726e-08,-3.38250027365695e-08,1.12540252965627e-06,2.55218794853813e-07,-1.72556862846541e-08,-6.6153592534957e-07,1.76636127993697e-07,-5.86965934136637e-06,1.11431791173733e-06,-2.26765982682108e-07,-4.10471228635603e-07,-2.1716286655003e-08,-2.78218534271557e-08,-4.09488400328085e-07,1.71735494579968e-06,-4.44669224232247e-07,1.84037079007115e-16,-1.18169472864817e-05,9.28957907089887e-07,2.06275791339883e-08,2.3580909507525e-07,-8.53963607890473e-07,-1.80460004377328e-06,6.41358745345053e-06,-2.33457733088168e-05,-1.63824799126003e-07,-5.79385531596428e-18,-3.07504775530655e-07,-8.59821902693419e-07,-4.21686595773706e-07,1.63531259048585e-16,1.368787133458e-06,0.00232828215190779,0.00128482341409195,-2.0050665750083e-07,-1.24939701394745e-07,-7.49329615456346e-08,-2.81161375336302e-06,8.41322134373937e-08,8.98514285115682e-07,2.68509403108801e-07,1.92697317769647e-07,2.52148204321066e-06,1.91601592763146e-17,-1.01939351395852e-06,3.69671297743438e-07,2.40009809781623e-06,-2.42745012925748e-07,-6.52686013460006e-17,-2.3648541830626e-07,3.96699202042132e-07,-1.06052598914837e-07,-9.43022766815844e-08,-2.38622505030125e-07,2.28471332721552e-06,-3.35199544945968e-06,4.65067112147057e-07,-3.34223378457335e-18,1.6891723696872e-06,-2.91871051679875e-06,6.26004537421464e-06,2.08680221918107e-06,-2.12061066442576e-07,-1.42341378087136e-09,-5.20417042793042e-18,9.53570217645663e-17,-1.37351631726566e-09,-1.58358276301174e-06,2.08763991956959e-07,-2.33150463445997e-07,7.72583408856352e-16,-1.10725545843002e-07,-1.3079389861635e-09,1.5386297893797e-16,2.90037008848233e-17,5.81100660715195e-17,2.77495514266234e-07,8.18426981748122e-07,-1.18320089150649e-06,6.98604844819339e-07,3.48243252617192e-07,7.16387024455388e-07,-2.16457490102351e-06,-9.0132875662206e-17,-4.75474006063312e-07,0.000227129942589327,-4.72365624676394e-17,-2.4162938121793e-16,-8.30226823482877e-07,-6.42583127053128e-11,-6.36061105988021e-07,3.83457041720117e-07,6.26746959366147e-07,-2.60146297484858e-08,-4.90381759983966e-16,-8.74770887200167e-08,-1.97194949328661e-17,-2.98152791023463e-07,-1.19858550168273e-16,-7.031411107084e-07,1.61209450717216e-16,4.34202540996997e-07,0.00039513911690508,3.47344538782023e-08,4.56480112445328e-07,1.57242587751965e-06,-2.33685877288957e-07,1.14320935200367e-06,5.69250935074467e-08,2.7691093172818e-07,2.55081512519778e-08,5.17160491784101e-07,-1.12261848814211e-06,-2.76666844798036e-07,-2.24394605542655e-08,-6.94386364458676e-07,5.2889601194411e-18,5.01448531731442e-06,-8.63841824044619e-07,8.50027747006807e-08,5.051641929677e-16,1.12444952434746e-08,3.04460662026908e-07,1.08875343298931e-06,1.62342284618366e-18,-1.83273165627633e-06,-1.40125822172905e-07,-5.41005637711189e-18,-1.85133870827848e-07,3.70924279555072e-06,-1.0269903256117e-16,-1.01458672954691e-16,-1.05016912607718e-07,-8.12313382740487e-08,-4.62940158956269e-10,-6.42485394784468e-07,1.70698902666068e-07,3.48342071791279e-07,4.83736880063459e-08,5.91877910642637e-07,-1.00417246224024e-06,2.52402265754625e-16,1.43589043197843e-08,1.42567370035775e-09,3.93495491983013e-09,3.68305464409742e-07,-6.54690890731896e-19,-4.03769621770333e-17,1.21171988465826e-07,-4.43209861550541e-17,-3.65658579672138e-18,7.6284935934768e-07,-8.51929594748404e-07,-1.10271337348025e-06,-9.19262193749135e-09,2.78927295421026e-05,6.12142274481811e-07,2.74971254428167e-08,-7.51388484367956e-17,6.70194214074707e-08,3.13259810758058e-09,1.43776725189016e-08,-1.008076664082e-06,3.97902262170117e-06,-3.46834088584554e-17,4.47339352632207e-17,7.31123415420481e-16,-5.00699056847765e-08,-1.66957145460333e-07,-1.39941661618237e-07,-4.4896513280886e-16,-1.28020032274789e-07,4.15341501287813e-16,-5.03751399300879e-17,3.01823397531118e-06,-6.62717552108452e-08,1.50053580671994e-16,-1.63094386111262e-07,-5.84774066733108e-07,1.55097233019713e-16,2.5201259264613e-07,-5.18087022884303e-17,6.7332448531901e-08,9.17443993075478e-17,6.71819574530347e-08,5.81569621986392e-07,1.46193985117279e-07,1.98128080774759e-08,1.36055914241541e-07,-6.11560813797932e-07,1.8842671642476e-07,-1.21956361336241e-16,7.73507240373318e-05,-4.57512437517803e-07,-1.28455452636415e-16,-8.05648841783184e-08,-1.84466697587953e-07,3.86993268892422e-07,-5.1475885992729e-17,1.38611831817531e-07,1.27201570988451e-06,8.82948373576697e-18,-4.58252823586129e-07,-1.01385038094556e-07,-3.66542438457901e-08,-2.25448864765105e-16,-7.09075250739067e-17,9.45534945955844e-08,2.89628159324848e-08,2.3434146077897e-09,-4.34155910082947e-05,1.71849910572836e-08,-1.96679976899435e-16,9.27508556141537e-17,6.27573605683316e-08,4.32595143329599e-10,-1.07204857375796e-16,1.51720116906462e-07,-4.47158221831135e-17,5.44256641173893e-07,-2.90510911417751e-08,-1.69746262439778e-08,-1.12544702497873e-07,-1.30878581705834e-15,6.32477066520733e-17,-1.8552722079275e-16,-1.53551105978605e-16,-6.27167239716389e-08,-2.81726531634896e-07,-2.47362669591665e-16,9.39375357103824e-17,8.3742668561848e-17,3.06270422138882e-07,3.56441691313121e-09,-1.51590057293782e-07,-2.8275085491422e-16,8.3510672335696e-17,-3.81097063628655e-17,-9.39479596509913e-07,1.99368814085683e-07,-6.99779443142418e-17,4.52625487699304e-08,-9.14490815475839e-07,3.82255107947004e-17,2.69558441289911e-16,-9.12570081191598e-08,-9.3500600631456e-10,-4.52193041313701e-08,9.30141780623807e-17,5.08992489223374e-08,7.41398749541094e-08,7.95725018919055e-08,-7.25615447927764e-08,-2.58486455584761e-07,2.8515034566485e-08,1.11464366732091e-16,-2.30312290299761e-16,-6.81065880606526e-17,5.42586873779498e-07,-3.79430214784521e-07,-2.06610951043198e-08,-1.62681353415699e-08,4.76580226500864e-17,1.75859463764223e-16,2.86097244932371e-17,-1.09727964433641e-16,3.3990572758444e-16,5.3782784149297e-07,-2.80700365580567e-17,1.92132516215896e-16,-1.25844898225553e-08,-2.86904310478745e-17,-1.12654538012705e-08,3.90616287025279e-17,-1.39670320284614e-08,5.6339109392814e-17,-1.69257981477457e-08,-2.11865038000065e-09,-1.73170394194432e-06,1.43660093409627e-16,6.80373230014423e-08,-9.41936004277463e-17,9.66119218125694e-08,-1.17664646425797e-06,9.40977812314332e-10,5.17919233422886e-16,1.37332694472275e-07,1.71387156126407e-16,-3.37735707635419e-08,-1.90636408869753e-07,4.92552963833102e-16,-1.67523495309363e-17,-1.40011421245414e-16,-3.02600359075544e-17,-6.4026905964415e-10,-8.3386394163132e-09,-1.8622560849163e-09,-2.93328669250368e-16,5.47865073440003e-17,-1.36269258315312e-07,1.43888294003433e-06,8.6614456665963e-18,-1.37050154122461e-16,-8.50064200382805e-09,3.98953343522144e-17,-6.02537035421428e-08,-1.64200266503069e-16,5.69203382547582e-07,1.01051854150785e-16,2.35258552320679e-16,2.9298652612091e-16,-4.24163135711563e-17,-4.43041592908865e-16,5.20921676741376e-17,9.79866262319674e-08,-6.85286853045087e-07,-1.17794190281533e-16,-5.08409333009186e-08,1.93426507706622e-07,4.53005278695079e-17,1.14430566136879e-17,-2.62582011448232e-16,3.42552513226721e-16,1.90833844394997e-08,3.05241225361996e-09,-1.6017593031422e-16,-2.26617524187302e-16,-3.46689589808889e-08,-1.23674223470861e-07,-1.29443432939844e-08,-1.77508905534815e-16,-5.03346895913361e-17,2.54416891127762e-16,3.98500380446729e-16,8.05420069704847e-16,-4.78260654206409e-17,7.31658131368058e-08,-6.92102606859664e-08,-1.33096281426487e-08,-1.68188649893836e-16,-7.69124636819275e-17,8.74575263460742e-16,-2.57481971584757e-16,1.89279454830133e-16,6.365167192931e-18,2.86490850589286e-16,3.67872304236205e-16,-2.10571960875166e-16,7.80292712723485e-17,-3.34925426137831e-16,-2.15202642333605e-16,1.62539736014283e-16,-4.45935435605615e-17,6.54060705697225e-08,-4.18600826905291e-16,-6.8116819805611e-16,-6.14228346337968e-16,7.15369994195012e-07,-1.2468913693081e-09,4.39883029942617e-16,-2.389865090666e-08,6.53884642985435e-07,3.45592337546668e-16,4.55700706339481e-16,-1.82516473285932e-07,2.86677653167811e-16,1.61056567539675e-08,1.87433756919532e-16,1.51620168790589e-16,-4.81603254467349e-16,-1.20681280437279e-15,2.28188261085702e-09,-3.13357856560543e-07,2.06899741031605e-16,-2.66972674943731e-16,4.14077031420837e-16,3.095106755152e-16,1.01568059518442e-15,1.03817270006082e-16,-3.504231095467e-16,-4.84007873366781e-16,3.37429999980781e-08,-5.24060761829245e-16,6.00260261544895e-16,-6.98124393169521e-16,6.86425970424063e-16,-2.53862875148069e-16,-1.9440084474713e-17,-7.44869754839481e-08,-1.54010142020698e-15,-1.32665463957737e-15,5.55371471925892e-08,8.43142898188875e-16,1.97458603608164e-15,-1.09901010635586e-15,-1.06948170168673e-15,3.19881156566088e-07,-2.26869776070911e-15,-3.41989458179338e-08,-4.69070187153834e-16,-3.74685150198039e-16,-4.82314427876772e-15,-3.60540272800974e-15,2.73290388452629e-15,1.35009326997371e-14,1.23590496766259e-09,1.34296257415485e-14,-1.61195081644047e-14,6.22986247417995e-08,-1.54299576164328e-07,0.707106781186548,1.08098525651773e-07,1.58327935062697e-08,-6.22468799080436e-15,-6.45321654783504e-16,3.38438929934204e-15,5.79216966528293e-16,3.91544490521046e-15,-2.66043126570541e-08,-1.08735819184211e-16,-1.32114718539643e-15,1.90696567396488e-16,1.06521940359229e-08,2.69424460183961e-15,2.28848039167661e-15,-2.77717484273394e-15,-2.63333797287216e-16,-4.85395836929096e-09,9.45480395317501e-17,1.00798667056743e-08,1.2513391036153e-16,-8.5108772465458e-16,7.02199271734909e-16,6.09044612357471e-16,1.47850354078251e-16,-1.02384669229375e-15,-7.75680473175965e-17,-2.81774630873726e-05,3.45462731223358e-17,-4.18871620547217e-16,7.3510720638897e-08,2.11081640531876e-15,-1.60331700031156e-16,4.10894450643311e-16,3.5573336180939e-16,-6.8295595803781e-16,-6.36213021459314e-16,-7.72455709826142e-08,8.11187285410001e-17,-1.61542678664938e-16,1.58728089759185e-07,-5.3156429057857e-17,7.8259711646723e-16,2.16083285505335e-16,-6.22514413667812e-16,-7.59621253467936e-16,1.26735149413778e-16,-2.33726213200126e-16,3.3958978954249e-16,-8.65502491374405e-16,-1.10042076555464e-16,-5.59941263679646e-16,-8.33455053773883e-08,4.44232178797964e-05,-4.01886607346189e-16,-9.3869959094833e-17,8.78737218221104e-17,-2.18007027288566e-17,5.95552253346288e-16,-2.30906878917857e-16,-4.47213786828835e-16,-3.52015346189041e-16,-3.46860303016785e-09,5.08409825230199e-16,-7.45944560773724e-16,1.43816758815323e-16,1.40752808739957e-16,4.44262260774253e-09,2.91195609332203e-16,-6.2896831053457e-09,-2.01352229216344e-16,2.5848520526385e-16,-1.62418728641738e-16,3.42464451413461e-16,2.90823110662763e-16,-3.39030063057819e-16,1.42387758311961e-16,1.04328384944516e-16,2.20933860798821e-16,-7.11035899755703e-17,-1.32008318120347e-16,2.39989134255807e-16,2.04485102537601e-16,1.9290241030422e-16,8.80907963264781e-17,-2.79535481389044e-16,4.72292085009407e-16,-5.36287671621525e-17,-2.59276076286238e-17,3.02963338738421e-17,6.10405823109339e-17,-1.07541278114954e-17,-1.51987623034448e-16,2.5553378646464e-16,-8.22250381429591e-17,3.35668361517131e-10,5.98089115767504e-17,2.80758536673164e-17,1.28622598016821e-16,-1.02576305983703e-16,2.87990531792903e-17,9.2863707577622e-17,9.8740927719212e-17,-4.42263103081625e-17,5.5381051776768e-17,1.0894062887339e-16,2.22586706011274e-16,-1.19250999363856e-16,-1.26031282171992e-16,-1.25686315359623e-16,1.11324988871282e-16,-7.39239431008758e-17,-1.38869411460568e-16,-4.32422668938324e-09,1.19187076494807e-17,1.35000492766815e-17,3.70125666392407e-17,1.26204359045378e-17,-1.90338075172211e-17,7.46424391678489e-18,-7.46746456270029e-18,-4.14045976091285e-17,6.07270713749706e-18,9.17139473321248e-10,7.39812776564988e-17,-3.21581462701955e-17,9.37115576578651e-18,9.80771249274426e-17,3.7795341850417e-17,9.44998461125692e-17,-5.78451974613515e-17,5.80922655296453e-17,3.81711860084071e-17,-2.41590765329104e-17,-2.07285610305497e-17,2.13887890267383e-17,4.09470341307163e-17,4.63197666625722e-09,1.47364776640438e-17,1.70617761088546e-17,-1.09416348425425e-16,-4.25224092048815e-16,-1.39489888436471e-08,-7.557881686535e-17,8.6903221068358e-17,-2.23997424447916e-17,2.72370489828762e-17,-2.41338141835465e-17,6.85145788312575e-18,1.40517518319701e-16,2.64428390639536e-17,-2.23240392402021e-17,-4.23604249900083e-17,2.97686013420699e-17,5.6391240201259e-17,-4.42113883301657e-17,-3.54860257125945e-17,2.69387625706443e-17,1.12538443874616e-17,-2.26487512866323e-16
"t48",-0.0309231197507018,0.0068955338990583,-0.00833423919814887,-0.0175929589302557,-0.0161665120310801,0.0217675482594054,-0.165765703129799,-0.0342256562632222,0.000509857037053074,-0.00113414703251122,-0.000351851578150064,0.00948588138661949,-0.0131067073973195,0.00169301142144606,-0.000263064948173538,-0.00455037652358888,-0.000242965232080419,0.00107056044752457,-0.000123382522057703,0.000117272450100264,-0.00342826296498951,0.000768100346645353,-0.00047210999132005,0.00312735079667033,-0.000495447289520611,0.00047234224456568,-0.000722141486552861,0.000817676178372717,-0.0301624972665982,-0.000946537395350611,2.38908163370047e-07,7.29462148765728e-07,-0.000340674674749916,5.13484191918715e-07,1.38910745444473e-07,2.08937611533786e-06,9.99851789194876e-05,-8.77211531148849e-07,-7.76020541967386e-06,-2.53957023844218e-06,-0.000179483135527528,2.85661512309506e-05,-0.000252436821843083,2.94139007869126e-05,-0.00186224478054876,0.000149387244424269,-0.000610254675777357,0.28030229696667,0.000387992112664547,-0.0003829887038267,0.00166000506564604,-0.000133287460536334,1.83488945624866e-07,-0.000490031058803798,1.59621872405151e-05,-0.000163468355908173,4.64176188296837e-06,-0.000296688523719959,0.00010018653358888,-0.000138691925085543,-0.078930576328636,7.76487637751263e-06,-0.00029762612751541,0.000160899764944191,-1.19837049699101e-05,0.000281156342635793,-1.70112333410885e-06,5.93538914979788e-05,-0.000161422551660378,6.28194522281366e-05,-4.67659578446445e-05,0.000164001216815515,-5.78830572767533e-06,-0.000283764012569693,0.000119537974516966,1.90785836831196e-07,-0.00131855323295018,1.89374891510697e-05,-7.62407994817944e-05,-9.40613756829823e-05,3.06148393404851e-05,0.000470970194146792,-7.56781195527845e-05,-0.000530184746942581,7.51788013231144e-05,0.0226882566506182,-0.284368979423607,0.000366247214972448,9.34080170795627e-05,-0.0203208691715087,0.000136856510422939,-5.76963677137009e-06,-3.60020187228183e-05,0.00144367530201627,5.08489633593356e-07,0.000201237265703704,1.56928229592064e-05,-9.27432163944241e-05,9.89874456677994e-05,2.04132552534116e-05,3.57353446532796e-06,-1.69649099061523e-06,4.68515164122785e-06,-5.00700725905155e-07,1.89654056222829e-07,-1.8873173088757e-06,6.88556823044533e-06,-1.67104149023297e-06,8.10638850321397e-07,-1.73160748066022e-07,-4.86827468434719e-07,1.358967740792e-06,-0.000274420533069034,0.0145272750119361,9.76822823713233e-08,-1.03963272300935e-06,1.00538704656566e-06,-1.33036357369398e-07,-6.22354920482957e-07,4.79184103829916e-06,-0.00167389380674283,8.20654781631641e-07,-1.72183652611893e-06,-4.82047543861775e-06,2.18631655011115e-06,-0.000181082547356232,-2.58282999134052e-06,-6.09475218111334e-07,1.68499574216043e-06,5.56782264981938e-05,-9.3751342161511e-07,5.87635042712001e-06,-7.1626121177286e-06,-1.45366456486419e-06,7.15162366251109e-07,2.53277838931179e-06,-1.56903286882371e-08,-1.0867273636426e-05,3.49382994736766e-06,-1.00576820950693e-05,-6.45760148112199e-07,-2.50596725093108e-05,4.91498567089329e-06,3.14613233809913e-07,1.29847427906877e-06,-6.28756793581445e-08,-2.9411994964969e-06,4.47455642756212e-07,2.92082058688074e-08,-7.19798410905868e-08,-1.45181758415842e-05,-3.31255277325819e-07,-9.24306906626891e-06,2.65068435428431e-06,-7.67615178301815e-07,-6.67647498934953e-08,1.00050152753574e-06,-5.78864307615542e-05,-2.69277891213704e-07,-8.9109984198155e-08,-4.29594298051395e-05,8.34562435951114e-07,-4.56583378558755e-07,-6.01329887751036e-05,7.0158635768457e-06,-2.50931616419835e-05,3.99131397859026e-06,6.87077528901731e-08,3.42316221367656e-06,4.80550341993333e-06,-0.000104696858243389,-0.00201737859216692,1.18373871042187e-06,3.33061757145038e-07,5.85319926897155e-06,1.31592128420555e-07,5.20419331356807e-07,-3.60679675257327e-06,-2.29925141183614e-06,-9.12770416050543e-05,4.40251212505534e-05,8.92668307413909e-05,-2.15387028108437e-06,-6.83049698669773e-08,-2.60410385569102e-07,-4.62227683908364e-07,-9.39266727019709e-06,2.30054864093669e-06,1.03633775154778e-05,-0.000118814789862422,-2.78462981892649e-07,5.34707623556317e-07,2.15759065466405e-06,2.82914450015391e-08,3.84734000742114e-07,-5.78617484454556e-07,-1.08337031806426e-06,-7.41220578593471e-06,6.81715102211357e-07,3.59200065824654e-07,3.63310347186537e-07,7.01628622173463e-05,-1.41797061178038e-08,-0.000140200473369793,-3.20580695689284e-05,-0.0323265902397006,-5.93213386120753e-06,-0.00015349638083184,8.4848714266731e-06,1.30026049342496e-07,3.95940768557815e-06,-4.53181598535008e-06,-2.53991102444261e-05,-6.37464801517003e-07,-5.40630728164545e-07,-5.79601442844784e-07,1.54364085797841e-06,1.0753580841523e-07,-2.46377036564013e-07,-1.4275620598494e-06,-8.27217898946898e-06,0.000673526334880926,1.39144873639816e-06,7.47246850190442e-06,-2.73232320815547e-06,-1.47648413595455e-06,-1.57917926902708e-05,-1.55877459754443e-06,-3.48427176240237e-06,-7.24080153968167e-06,0.0272362180216626,-2.31317393324183e-05,-7.57178835069695e-07,-1.03974839688911e-06,6.02956588713063e-09,-1.61342252981638e-07,-1.64840110903079e-06,-7.62951089168799e-16,-4.83618055898801e-07,5.27981071038611e-05,-3.02445539520781e-06,-0.0645941666709368,1.10733376969015e-05,-1.62433761913922e-05,7.16488710569511e-07,-3.02802735294605e-05,5.04808143075802e-08,-2.70749049745594e-09,3.81623204722949e-06,-4.53312705839669e-06,1.30898257652803e-07,-1.73262731475221e-05,6.7753621132744e-07,-1.78698196136324e-07,9.53456383854037e-09,-2.95903075870165e-07,1.95274358819102e-07,-3.87695364211346e-06,-7.43774025456927e-08,1.24906612676866e-08,-2.22660972732049e-07,4.03604685935167e-08,-4.12762188136994e-06,1.86256788631463e-06,-1.60065201862349e-08,5.35401238887273e-09,-4.19261348122216e-09,-2.93632296519229e-07,6.6301915521691e-07,-3.85631516903008e-09,-1.4716272499349e-09,2.74110036849448e-09,-2.30619871323097e-07,1.10227703025811e-07,-1.60633809212245e-08,1.89347589947011e-07,-1.31234180335527e-07,5.13891807403542e-09,-3.517648052113e-09,6.79907550020087e-10,-1.55036282720118e-10,-1.89920618973521e-16,-7.11239848778516e-10,-2.65510973736567e-11,-2.73061580116245e-13,-8.90836615697045e-10,-4.50751566006193e-11,5.31497328375149e-11,2.04449093708194e-09,-1.18897857717244e-09,7.79684158513735e-09,-2.0784437754242e-08,-9.99685598712512e-10,1.63016940765371e-09,-2.29761165503178e-08,2.94773886345957e-08,-7.87618212765352e-07,2.97240944416662e-08,-5.39980878016318e-07,-2.10121034227243e-09,-1.13438305698817e-08,-1.30976900542014e-07,1.60377013933914e-06,-3.95836642535741e-08,1.6134914899714e-07,-2.33632624399014e-07,8.66686457857681e-07,-6.52397536002471e-08,-5.97045539336013e-08,-4.66057255503476e-07,7.9671308859659e-07,6.74130699370964e-08,-5.81084177978251e-07,4.00107419462375e-07,-1.01088769268433e-08,-9.75908585816169e-08,2.04791040400155e-07,-2.75094847823904e-16,-9.70315943737918e-10,-4.27330596784341e-06,5.35890492121306e-07,-3.04808759411863e-07,-2.7310255473481e-07,-8.10996796539513e-08,-1.94036609106391e-07,2.94436750481253e-06,-1.17806065621571e-06,3.68669184762945e-16,1.06952351805514e-06,1.33173178197926e-08,3.89672699789552e-08,-1.30334379633597e-06,-3.30092126744521e-07,2.37469028078438e-08,9.95490813700063e-07,-2.83030616557717e-07,1.08210980483338e-05,-2.35278491946053e-06,5.24301548975285e-07,1.00053680607447e-06,5.47381268489404e-08,7.45374373427028e-08,1.10458751099651e-06,-4.8436398148901e-06,1.29926883288889e-06,-1.26153076793741e-15,4.60997099833401e-05,-3.87481670577772e-06,-8.60984450044845e-08,-1.21218069295312e-06,4.54280124543769e-06,1.59884019497423e-05,-6.89381918767512e-05,0.000261742165106141,2.18804700167089e-06,4.32063852609492e-15,5.21692673181588e-06,1.61859636111555e-05,1.3230690769273e-05,-1.62132996013381e-14,-0.000140478996694192,-0.500504214270762,-0.632569278327924,-5.99655101226915e-05,-1.02102718794583e-05,-3.98162236532353e-06,-0.000117572459990479,2.17281935422551e-06,2.22137334361461e-05,5.3320833647653e-06,2.86191051337581e-06,3.69811059409803e-05,6.19634095864237e-16,-1.02168883965875e-05,3.51865511582354e-06,2.06023687179709e-05,-1.82082914971003e-06,1.3429867767467e-15,-1.41176425732672e-06,1.95584786377267e-06,-4.87096138841849e-07,-4.20113761838584e-07,-1.02680984314322e-06,9.26340708643869e-06,-1.24817778674712e-05,1.46792320837324e-06,-4.45517563474542e-16,4.78394116853367e-06,-8.19884887680837e-06,1.72972755334895e-05,5.64260549044996e-06,-5.72482620460845e-07,-3.82028740967043e-09,-1.25247034965525e-15,-1.5066541043937e-15,-3.57151940713009e-09,-4.01629545494638e-06,5.27910815604383e-07,-5.7777453626379e-07,2.20368558484563e-15,-2.64038159156177e-07,-3.07361902696617e-09,-4.30530044681576e-16,-6.90039336480809e-16,-1.84490770397431e-17,6.288454912189e-07,1.8480561150919e-06,-2.64409934509252e-06,1.55135836331508e-06,7.72880661977308e-07,1.58426094330543e-06,-4.78588809861104e-06,-3.19794427176227e-16,-1.05622950149223e-06,0.000507687252469006,1.23298705258185e-15,-1.99374673037335e-15,-1.97379882239368e-06,-1.57287485357536e-10,-1.64420187255169e-06,1.04312878094353e-06,1.99111189459514e-06,-8.57142740295735e-08,4.99227663490045e-15,-3.05385635199481e-07,6.46818615058062e-16,-1.33392697783466e-06,5.22975217819022e-14,-4.44740582245478e-06,1.62527372309176e-14,1.25893372235794e-05,0.378769636944453,-2.00730866694818e-08,-9.49875605039426e-08,-1.41638883696908e-07,-6.43800932233275e-08,5.44474087370898e-07,4.26488158396281e-08,2.07934446035141e-07,2.052243463928e-08,4.56029389962858e-07,-1.07331829551545e-06,-2.77078093752491e-07,-2.31031500145267e-08,-7.23174373446673e-07,-2.75972879910701e-16,5.37479355910972e-06,-9.45059273320238e-07,9.63002203493971e-08,6.56001205857511e-16,1.2816511876491e-08,3.4944273031398e-07,1.25248981055021e-06,-5.87396399401641e-16,-2.11057572454173e-06,-1.61920051672314e-07,-5.15147862085947e-16,-2.14202912466922e-07,4.3075030309156e-06,5.88546287458581e-16,-2.15391949990671e-16,-1.21963209589963e-07,-9.43373282825997e-08,-5.37545616159926e-10,-7.45805821310997e-07,1.97943309404727e-07,4.03894165535168e-07,5.60789659271234e-08,6.84692626336855e-07,-1.1591530848375e-06,1.27458807397396e-15,1.65603350602323e-08,1.6439945448451e-09,4.53501498232508e-09,4.24179991234564e-07,1.70167056098717e-17,1.62727812314304e-16,1.39420311451552e-07,2.92809281907071e-17,1.91339044131261e-16,8.71960255622061e-07,-9.72601238091204e-07,-1.25887502032863e-06,-1.04660909241224e-08,3.17449683498956e-05,6.96629254663279e-07,3.12761322426845e-08,-2.60883972559525e-16,7.58061803778942e-08,3.53902362734609e-09,1.62365372197077e-08,-1.13613226994304e-06,4.46799927564708e-06,-1.4386248223596e-16,9.71748388725636e-17,9.22143021365306e-16,-5.59235616138434e-08,-1.86044842919226e-07,-1.55913287860675e-07,-7.31739626494756e-17,-1.42312564910054e-07,-1.70145717130089e-16,7.75951160049705e-17,3.32248469358987e-06,-7.29433051022207e-08,-6.99093560818653e-16,-1.79084859921985e-07,-6.4121781330318e-07,-1.18492188389509e-17,2.75556819316049e-07,-7.44575272601369e-17,7.33737827610765e-08,-1.31200238998423e-16,7.31875631723396e-08,6.33408982258886e-07,1.59182994184163e-07,2.1565156632445e-08,1.47966397868245e-07,-6.63031588786034e-07,2.03406297522246e-07,-7.04723325514696e-18,8.30575129023931e-05,-4.90990214641571e-07,-1.75429155295816e-16,-8.63953875329234e-08,-1.97547686307468e-07,4.13929644419731e-07,4.84368135991203e-18,1.47647234037463e-07,1.35382848242089e-06,-1.17399203298305e-16,-4.87199829443298e-07,-1.0773205309539e-07,-3.88723440968168e-08,-2.50163247274552e-16,8.76644633144252e-17,9.98137410052589e-08,3.05145754777157e-08,2.46798629294594e-09,-4.53430053112197e-05,1.79238843917419e-08,-1.40361476112147e-16,-1.18465204336604e-16,6.53954529525617e-08,4.5072737260514e-10,-1.69716828887267e-16,1.57835172011005e-07,-1.57094077004319e-16,5.65351522304493e-07,-3.01159580475449e-08,-1.7594305021231e-08,-1.16587570464526e-07,-1.15514953879499e-15,4.86058353385224e-17,2.84224773945722e-16,-8.29714158603536e-17,-6.46441852346305e-08,-2.90266206990218e-07,-1.7714510395656e-16,-1.088036064512e-17,2.52439197568751e-17,3.15089818569655e-07,3.66472911834674e-09,-1.55588399296669e-07,-5.23736604665711e-17,8.1025138855273e-16,3.21520154250576e-16,-9.58712206235684e-07,2.03410212678817e-07,5.06254866241439e-17,4.6077723252036e-08,-9.30132152121122e-07,3.92700972598503e-17,-1.16088238252713e-16,-9.26241307410176e-08,-9.48854759863598e-10,-4.58331003485068e-08,-1.18242791942846e-16,5.14855521927733e-08,7.4910493832822e-08,8.02755645200763e-08,-7.30494446580184e-08,-2.6007890893566e-07,2.86607341113018e-08,5.36258058151508e-17,-8.91282439064211e-16,-1.63287971179896e-17,5.42162002137939e-07,-3.79099292365606e-07,-2.06278031824885e-08,-1.61817964196683e-08,1.40850442063846e-16,-6.21544887308796e-17,-2.97088618474612e-17,1.42017028237273e-16,-1.36408111913515e-16,5.32928288029498e-07,-8.45302408851958e-17,3.80894646706671e-17,-1.24513315211909e-08,4.52752730176135e-17,-1.11453715586681e-08,-8.00026403692454e-17,-1.38163136895167e-08,-3.33285767319241e-17,-1.67003713314684e-08,-2.08916754127194e-09,-1.70603023421499e-06,4.42363087472234e-17,6.69527693294963e-08,2.02877463647027e-16,9.48377592898543e-08,-1.15137332969363e-06,9.20640272749829e-10,-2.07598306736625e-16,1.34193295952768e-07,-8.79069796409881e-17,-3.29354164032093e-08,-1.85887197948922e-07,1.23360053851486e-16,2.1938737851501e-18,-4.97510405271226e-17,2.75226384208416e-17,-6.23294008190255e-10,-8.11405447817126e-09,-1.81119190154289e-09,5.30358091202872e-17,-6.99535006047755e-17,-1.3221698645251e-07,1.39594733004943e-06,-1.45549187250548e-16,-2.91921732771533e-18,-8.22278795466274e-09,2.56932748794814e-17,-5.82479557741422e-08,-1.05686545316318e-16,5.49269272035383e-07,-5.85763902472142e-17,4.09425249795174e-17,7.04174201270159e-17,-1.83271217588042e-16,-2.77791827315896e-17,1.86207546964071e-16,9.42152993878502e-08,-6.5888062961766e-07,-2.78807144760598e-17,-4.8821177082038e-08,1.85646152343796e-07,2.92746379990062e-17,1.12938521875154e-16,-1.42610917524497e-16,-1.61548685820254e-16,1.8275224598138e-08,2.9216437947359e-09,-7.98167711259402e-17,7.68181039244674e-18,-3.31647591377978e-08,-1.18299523538112e-07,-1.2378700874197e-08,-8.40957567953556e-17,2.64277133271718e-17,4.21023029538611e-17,-1.20633138514232e-16,-2.1231642866816e-16,-9.22929671122683e-17,6.96872797236411e-08,-6.58951885401552e-08,-1.26674277288266e-08,2.61545163166539e-17,-7.92476903586108e-17,-2.25254958812328e-16,3.75205965425827e-17,-3.03028469904015e-17,4.54403770484286e-17,-1.44542038895007e-16,-2.67852084905537e-17,9.92547307240929e-17,4.28982314483965e-17,4.43562567954191e-17,-1.45821957492153e-16,3.40900051017805e-18,-6.9986820549921e-17,6.18687927864716e-08,-4.99970982580273e-17,-1.85936291780264e-16,-1.62070417418423e-17,6.76138419756268e-07,-1.17829284566e-09,1.55693908513111e-16,-2.25812630984689e-08,6.17234042743068e-07,1.01818080992407e-17,4.47451150068178e-17,-1.72076964493005e-07,2.20121474161894e-17,1.51619989816708e-08,5.72268352079609e-17,-4.88417871960245e-17,6.78210552605887e-17,1.48666986003027e-16,2.14322415208515e-09,-2.94270737332971e-07,-5.15867595426059e-17,-7.17673905320067e-17,-8.038691244751e-17,-3.22981682567646e-16,-1.49186218934005e-16,-9.62406170924933e-17,1.87991801353551e-16,9.72199557113668e-17,3.14381333818013e-08,-7.89810186379035e-17,4.65047799520015e-17,-1.02793428063228e-16,8.85261331693563e-17,-1.3639694672445e-16,7.83198120745088e-17,-6.92833933986785e-08,-7.48619377402494e-17,-9.05467148605207e-17,5.16415876849996e-08,2.00981567972369e-16,-1.68523606439533e-16,1.54138568914408e-16,-1.06195249592948e-16,2.96386735321947e-07,7.43858639201916e-17,-3.16671093171598e-08,-6.55358686491589e-17,-9.91424648594898e-17,-1.1067751061863e-16,8.63452680936825e-17,-1.37134890696585e-16,-3.67510508739563e-17,1.14293739413825e-09,2.5730856978653e-16,7.89071813148138e-17,5.75560138738984e-08,-1.42546175453908e-07,-3.81407512895545e-18,9.97804463723772e-08,1.46106306363152e-08,1.15793392281589e-17,3.62823076423911e-17,-1.0562670986636e-17,-6.76040387693742e-17,1.56610259560295e-16,-2.44561448018219e-08,1.75126370127581e-16,-7.70881450912839e-18,-1.00331041052562e-16,9.78245955395969e-09,-9.39199184268986e-17,1.76311138831487e-16,-4.69244930088387e-17,-8.79886958911419e-17,-4.45187790432053e-09,9.318225379362e-17,9.2412165361836e-09,3.03784170184718e-17,2.1853116027886e-16,7.91842407192229e-17,2.68796793046818e-17,5.87030017473167e-17,2.55330570717621e-17,-4.64882594642959e-18,-2.57790267462951e-05,-1.67438596080023e-16,-5.41418556248164e-17,6.7218828545237e-08,2.24087716032492e-16,-2.83710149327865e-16,-1.9144173543835e-16,-2.53961219799084e-17,-2.16373829864206e-17,-4.44488207372691e-17,-7.0520014554733e-08,8.68998646781308e-17,-1.67978001975309e-16,1.44803821542469e-07,-7.8634714495726e-18,-6.55494644366603e-18,1.2294862545218e-16,-1.31196135429644e-16,1.76330331423222e-17,1.36095395484889e-16,2.54121721094262e-17,2.06361507640669e-16,1.13812284353222e-16,2.35214901296262e-16,-4.38067831785456e-17,-7.58338768936688e-08,4.04067996307671e-05,-6.35019934008195e-17,4.78083452687883e-17,-9.25595286202277e-17,-5.99551190417087e-17,-1.54390389361936e-16,3.06101636395782e-17,-1.58478139155416e-16,1.6219593619487e-16,-3.14984348220211e-09,5.0639131052309e-18,8.25092561173995e-17,-1.18477817940398e-16,-7.3030141299822e-17,4.02879064820136e-09,-9.91484333780171e-17,-5.69499251002672e-09,-3.13432238049842e-17,1.24920818908878e-17,9.07331035488803e-17,-6.79654920829233e-18,-2.04611306976267e-16,1.11740471630293e-16,-9.24574253998956e-17,-4.16179114404758e-17,1.88106450958741e-17,1.10518532867892e-17,1.67198953266328e-16,-1.29633318999704e-16,1.50052737798561e-16,1.19814971078733e-18,1.22826421089021e-16,1.29927808039675e-16,-8.50070229321905e-17,9.31569563545767e-18,3.31451882317028e-17,-3.96341637609587e-17,2.27899296656453e-16,3.10320602024973e-17,-4.2618698320054e-18,8.83902913498748e-18,5.33955732951926e-17,3.02236530451961e-10,9.19050713941244e-17,-1.34673537319916e-16,3.88596383324366e-17,-9.45966969618464e-17,1.81639856276239e-16,2.88575917499358e-17,-6.69159643517919e-18,1.31212291895325e-17,6.72686924123036e-17,5.31069710689654e-17,1.09287578986539e-16,1.12264118044182e-16,5.83921194300494e-17,-7.96732251645976e-17,1.96458994591285e-16,7.43738335741709e-17,-4.31901743452433e-17,-3.87922271633643e-09,-5.56546213558002e-17,9.33430096845872e-18,4.91974423950451e-17,7.01807266841182e-17,1.67175107175005e-16,8.03086514722949e-17,3.47290858526668e-17,-8.20208220792623e-18,-3.91836452115844e-17,8.19700122096306e-10,2.34665287214807e-16,-1.91541748785633e-16,-3.50742975371679e-17,1.34094120383795e-16,-9.05560113566979e-18,-8.7554101527591e-17,-6.57786602542276e-17,-2.02758698924447e-16,-7.07002092727413e-17,-2.21094705668663e-17,-8.54976626667813e-17,3.07325715974161e-17,-5.29104358174037e-17,4.12473869814454e-09,-1.81982129349432e-16,-3.82475064321964e-17,-1.42264685423981e-16,-3.48245737802344e-16,-1.24006350837878e-08,-2.43489212058618e-16,2.74086562483263e-16,9.2559904461818e-17,3.71966107663764e-17,-2.16006758459429e-17,7.9773539436373e-17,1.55026718950555e-16,3.0614065885501e-19,-5.23412984642756e-17,2.75932286348661e-17,-1.98557038352615e-17,-1.00599062095312e-16,6.1385393717337e-19,6.88534590863176e-17,3.51084232241195e-17,-3.13667509369269e-17,-3.31086435710381e-16
"t99",-0.0309378196494917,0.00690244914316647,-0.008342868143267,-0.0176173884898922,-0.0161940143364424,0.0218110178247082,-0.166103260413008,-0.0343009178864604,0.000511182156101659,-0.00113772481487553,-0.000353261891076768,0.00953280488345731,-0.0131734548005298,0.0017017649470426,-0.000264484936234387,-0.00457640269195101,-0.00024438840917297,0.00107694609661877,-0.000124135690311148,0.000118050882695789,-0.00345290060802494,0.000774780580627345,-0.000476449982757679,0.00315626673798758,-0.000500046605426538,0.000476939902566256,-0.00072925528176317,0.000825804722481846,-0.0304705412580695,-0.000957992946447779,2.41996259378596e-07,7.39331246346508e-07,-0.00034562589636192,5.21311323112369e-07,1.41139689859764e-07,2.12567112142465e-06,0.000101744828271776,-8.9290355909804e-07,-7.90000124238707e-06,-2.58602434593955e-06,-0.000182864093467021,2.91177929345896e-05,-0.000257387114338859,2.99914387944788e-05,-0.00189947283533088,0.000152572337660625,-0.000623517308834358,0.286448647826291,0.000396712489265278,-0.000391825638386731,0.00169964364445244,-0.000136520605116989,1.87950016943323e-07,-0.000502177449143754,1.63728169375647e-05,-0.000167696968689948,4.77397184607876e-06,-0.000305355026817532,0.00010312179198856,-0.000143006652068107,-0.0814960900452937,8.02267476443039e-06,-0.000307676715628448,0.000166356329280132,-1.24029446241411e-05,0.000291265461161362,-1.76598211032216e-06,6.16755592311487e-05,-0.000167810993866978,6.53579890188415e-05,-4.88656323840236e-05,0.000171940603923134,-6.07169525542519e-06,-0.000297979982037961,0.000125543717609035,2.00465753542412e-07,-0.00138571359870977,1.99205413097635e-05,-8.03685249817637e-05,-9.92395709276022e-05,3.23482233583207e-05,0.000497797143589739,-8.01797016692928e-05,-0.000562129242409197,7.99591681408616e-05,0.024151851652403,-0.302980011195508,0.000390272746157832,9.95392306633813e-05,-0.0216567465645025,0.000145902541947523,-6.17080877968624e-06,-3.85167593089008e-05,0.00154763384432731,5.47028621030655e-07,0.000216605374183678,1.68916776827217e-05,-9.99650406573795e-05,0.000106749997329767,2.20568096253823e-05,3.86741852111169e-06,-1.83627045754883e-06,5.07199109548819e-06,-5.4604539269538e-07,2.06946039562435e-07,-2.06030195633685e-06,7.52257389506175e-06,-1.82603575952533e-06,8.86173317863718e-07,-1.89407656721254e-07,-5.32607147116006e-07,1.48847190184342e-06,-0.00030061310865948,0.0159625430884491,1.07403648669917e-07,-1.14475135226946e-06,1.10776484395582e-06,-1.46847494565821e-07,-6.88164717959655e-07,5.30557868774605e-06,-0.00185475669470787,9.11722686976098e-07,-1.91619854146829e-06,-5.36496816070201e-06,2.43387438315408e-06,-0.000201946118136974,-2.88084143391498e-06,-6.80848575569235e-07,1.89075992826848e-06,6.24805533284486e-05,-1.05243823031441e-06,6.61688790167577e-06,-8.07011319408098e-06,-1.63856111955995e-06,8.07581035041057e-07,2.86080164585044e-06,-1.77909636366043e-08,-1.23611430634766e-05,3.99153719209302e-06,-1.14918651255227e-05,-7.38402098405953e-07,-2.86658767835837e-05,5.62578558680955e-06,3.6019830279206e-07,1.48661810278426e-06,-7.21099633812254e-08,-3.38485883491484e-06,5.16793794427507e-07,3.37646717735881e-08,-8.33747052051103e-08,-1.68191745745421e-05,-3.8405000572563e-07,-1.07210477355266e-05,3.07611502609398e-06,-8.95079412071853e-07,-7.79113256139956e-08,1.16817884162059e-06,-6.84575148109748e-05,-3.19476867541762e-07,-1.0577442670894e-07,-5.11341901695501e-05,9.93937592020786e-07,-5.45735146475066e-07,-7.19061322942781e-05,8.4194295393496e-06,-3.0218547216354e-05,4.85676601848127e-06,8.36372174728362e-08,4.16737987587455e-06,5.85876281534515e-06,-0.000127862835433635,-0.00246436836597962,1.45098105710894e-06,4.08697212470481e-07,7.1993707564272e-06,1.61951250808729e-07,6.40674983287851e-07,-4.46512070191204e-06,-2.86325729548237e-06,-0.000113784370914114,5.49350551836684e-05,0.000111715529162702,-2.69859538877593e-06,-8.56755870503603e-08,-3.26982070022372e-07,-5.82481176188713e-07,-1.1846909958298e-05,2.92464695137953e-06,1.31782716197348e-05,-0.000151494854799674,-3.57748250467641e-07,6.91388086306145e-07,2.79611494639356e-06,3.67888130067659e-08,5.01571867024912e-07,-7.60208848331837e-07,-1.4258067379e-06,-9.79077403724781e-06,9.0213962932135e-07,4.82339583739341e-07,4.88203101727854e-07,9.48894458877197e-05,-1.93008221987221e-08,-0.000193916698182075,-4.43441122165723e-05,-0.0447835251265812,-8.25669861362413e-06,-0.000214351002885035,1.19548671236242e-05,1.85298023715335e-07,5.69598294913428e-06,-6.53881665031838e-06,-3.71536160402132e-05,-9.39831327837305e-07,-7.97233299980179e-07,-8.6005548796844e-07,2.32833400021074e-06,1.62724874942442e-07,-3.79486449944174e-07,-2.22709225558539e-06,-1.29636303291595e-05,0.0010759938619402,2.2334314412514e-06,1.20571560901379e-05,-4.48173370561276e-06,-2.43007719494607e-06,-2.60127834122521e-05,-2.61686024709232e-06,-5.91980930677477e-06,-1.24723670191802e-05,0.0472152973540181,-4.03703028654605e-05,-1.32992908861435e-06,-1.82958344660405e-06,1.07947286087686e-08,-2.92083071919976e-07,-3.02135581074129e-06,-1.12171771297469e-15,-9.02889033757319e-07,9.89437431221114e-05,-5.82276032824385e-06,-0.127113067638292,2.22056086923215e-05,-3.26108609317548e-05,1.49294200424046e-06,-6.35085541183503e-05,1.0619870502241e-07,-5.78078215459896e-09,8.23207204061976e-06,-9.9689114612625e-06,2.90402869181315e-07,-3.85803475747818e-05,1.53999617619817e-06,-4.47027493121111e-07,2.47844932676003e-08,-7.95835177809093e-07,5.69874611690352e-07,-1.13852297026611e-05,-2.33096313202262e-07,4.07269611938255e-08,-7.71725228927087e-07,1.42831975294985e-07,-1.49405212093231e-05,6.96516321925446e-06,-6.30082702178896e-08,2.12046088850275e-08,-1.93212843539833e-08,-1.35843072305214e-06,3.08077175128211e-06,-1.87954105922129e-08,-7.30722955821204e-09,1.44872590474173e-08,-1.23382656551378e-06,1.02333698722725e-06,-1.63301697980307e-07,2.08392786122672e-06,-1.79024717687831e-06,8.72131506269007e-08,-1.39006790369735e-07,4.46772051278027e-08,-2.17318026121437e-08,5.78629117610683e-16,3.32732363563537e-08,1.05299988951478e-09,7.22310669894825e-12,1.29710694304804e-08,4.68596656047663e-10,-4.84924154339764e-10,-1.75754161823481e-08,5.70281396812174e-09,-3.62968243140179e-08,9.59920960105162e-08,4.06353781726209e-09,-4.85542803395121e-09,6.52274767287955e-08,-8.10038407298267e-08,1.95225522464635e-06,-5.20119095105776e-08,8.29041856460289e-07,3.20218222007193e-09,1.72495866750527e-08,1.47779805658133e-07,-1.31459235923156e-06,3.11827777720153e-08,-1.19955063364181e-07,1.61946326540884e-07,-5.87995494322563e-07,3.69877637647745e-08,3.33930929232404e-08,2.54248587607714e-07,-4.27269483766796e-07,-3.41722652869539e-08,2.76633331764164e-07,-1.79634284445959e-07,4.42305368694949e-09,4.08614613246463e-08,-7.79581203140986e-08,2.13850252655889e-16,1.92443374778767e-10,7.85406986967384e-07,-8.73631606636109e-08,4.95091430478068e-08,4.41872131252558e-08,1.27240902376773e-08,2.86833494849824e-08,-4.04342363806843e-07,1.37754133894886e-07,-2.42661328942004e-16,-7.95411155829842e-08,-9.24987870105322e-10,-2.30646355219756e-09,7.55783423132671e-08,1.12608722017715e-08,-5.16510229087732e-10,-5.16211508326532e-09,-1.59340468084799e-09,2.97778488755479e-07,-1.0819707993921e-07,2.98925530118833e-08,6.30132953574079e-08,3.64554974305825e-09,5.43209377609419e-09,8.12503723007108e-08,-3.77181708940754e-07,1.05442378753506e-07,-5.59087390409368e-17,4.79087132833912e-06,-4.19577906741108e-07,-9.32666031894409e-09,-1.4555066680738e-07,5.53174980393138e-07,2.25316508058358e-06,-1.00562271847944e-05,3.84301819870757e-05,3.28979539755653e-07,4.22616315932474e-16,8.04648441769585e-07,2.51929368968459e-06,2.12660869808604e-06,-2.48907555809499e-15,-2.33092364234455e-05,-0.083637064515046,-0.106088058921022,-1.01307721791257e-05,-1.74562258958777e-06,-6.86636002771034e-07,-2.04095217254634e-05,3.84280538036399e-07,3.93704530693395e-06,9.56441246269345e-07,5.2360769948235e-07,6.77250224139408e-06,2.52996055119868e-16,-1.93578887783766e-06,6.7024422111934e-07,3.96853906987807e-06,-3.56225464497101e-07,5.60291415494557e-16,-2.840143073006e-07,4.026151533093e-07,-1.01034632130656e-07,-8.74008295482613e-08,-2.14281732186548e-07,1.94168110368078e-06,-2.6251972663216e-06,3.04965574196231e-07,-6.47172040365741e-16,9.5601895733176e-07,-1.63051337848401e-06,3.40228354658411e-06,1.09080983492548e-06,-1.10511833636458e-07,-7.33484074652342e-10,1.37043154602168e-16,2.45512802596167e-15,-6.6174706524115e-10,-7.16463725128634e-07,9.36816506427743e-08,-9.8357991036649e-08,-6.84604608654863e-16,-3.9855993314041e-08,-4.3223736545466e-10,6.47075362625079e-16,4.66869890258389e-16,-5.13192774483925e-16,6.25979597540632e-08,1.721765000044e-07,-1.81695277937746e-07,6.9189142590614e-08,3.21073242704879e-08,1.76978761272233e-08,-3.51670078376545e-08,3.38341931772487e-16,7.74567266087843e-08,-5.55356144891952e-05,-4.33448288630148e-15,4.94959050992234e-15,6.19253749208085e-07,6.07212421562612e-11,8.31835151493544e-07,-6.32225857417304e-07,-1.72353907293681e-06,7.87863037029524e-08,-1.19873456694588e-14,3.05213213562899e-07,4.92434955295415e-16,1.72021247043833e-06,-1.20246206655045e-13,7.04847792718135e-06,-3.80416116173552e-14,-2.68601469441586e-05,-0.86388018191355,1.95913179139063e-07,2.18197850836565e-06,7.08230962242969e-06,-8.51074581043052e-07,3.61333840572706e-06,1.41582179243698e-07,6.87530659290086e-07,5.98321434567506e-08,1.10822682206313e-06,-2.17729628583002e-06,-5.00369082155258e-07,-3.86784434188968e-08,-1.17112619030049e-06,1.99349746875312e-16,7.95848302198868e-06,-1.30330048199584e-06,1.14496382323532e-07,4.23819339899816e-16,1.47474039455789e-08,3.85068505687615e-07,1.35754019798604e-06,1.01909827454002e-15,-2.26910493161604e-06,-1.6896902553624e-07,1.10475087359593e-15,-2.2055028344259e-07,4.14867128378004e-06,-4.21490810429216e-16,2.15881622492251e-16,-1.15025741335865e-07,-8.88139173771429e-08,-5.02013064376082e-10,-6.90261264560711e-07,1.79809128416922e-07,3.66336746762289e-07,5.07566688691165e-08,6.06663108022013e-07,-1.01153640905616e-06,-8.34521254183818e-15,1.43747457017299e-08,1.42575226475127e-09,3.92089864692e-09,3.65420100330337e-07,-5.08330230093553e-16,-1.78876675629773e-16,1.19536151895678e-07,-4.60029588114684e-16,-2.95891630031386e-17,7.28409289437173e-07,-8.09322944295805e-07,-1.04745374068677e-06,-8.63909859022937e-09,2.61765093058885e-05,5.74306272621483e-07,2.5748210774287e-08,6.64709263359605e-16,6.15641516457806e-08,2.86658129244774e-09,1.31403078844061e-08,-9.1572251877394e-07,3.57636970277737e-06,2.56441602522463e-16,-4.14182024436877e-16,1.41120417388847e-15,-4.4368562662406e-08,-1.47092242348771e-07,-1.23237832925849e-07,8.2349930836315e-16,-1.1213340321785e-07,7.10959741308783e-16,8.87868683540051e-17,2.58674371201177e-06,-5.67829798707487e-08,9.77950359581925e-17,-1.39058470889808e-07,-4.97204981244741e-07,-2.23917146820465e-16,2.13087205372293e-07,1.49609950703313e-17,5.65671530045324e-08,-1.01074232944265e-16,5.64088264695139e-08,4.88097437915476e-07,1.22636782326612e-07,1.66089008448537e-08,1.13880727890647e-07,-5.09028937487868e-07,1.55667007472097e-07,-5.53190603571575e-17,6.33417752954778e-05,-3.74311771266761e-07,4.21475730404337e-17,-6.58345598701086e-08,-1.50413058161856e-07,3.14945310290119e-07,-4.6208056791623e-16,1.1208923225754e-07,1.0273593754724e-06,-5.1199036863955e-18,-3.6951563436362e-07,-8.16879824396141e-08,-2.9447629425873e-08,1.59504142567768e-16,-7.24034680744382e-17,7.54620206468943e-08,2.30519420871712e-08,1.8641293907495e-09,-3.41504961792096e-05,1.34941573056464e-08,-2.99046830633534e-17,7.86847916097594e-16,4.92205326856576e-08,3.39233231449953e-10,3.22455481144191e-17,1.18741722771878e-07,3.56361102935933e-16,4.25156563701546e-07,-2.26365080972544e-08,-1.32242190829626e-08,-8.76178667105001e-08,-1.09174134171301e-15,1.0224830741676e-16,-3.34744251002624e-16,-2.63941252753258e-16,-4.85296042981155e-08,-2.17891310794668e-07,1.16119827372111e-16,-3.1369395140855e-16,-1.8764660931773e-16,2.36461485027225e-07,2.74991699833026e-09,-1.16715978268242e-07,-1.531981299639e-16,-7.83363174675089e-16,9.24336562152517e-16,-7.18608108090341e-07,1.52463721096484e-07,-1.56846564462348e-16,3.45285906797848e-08,-6.96937898153067e-07,2.05419615782661e-17,1.00790091309475e-16,-6.93892911862544e-08,-7.10824546861923e-10,-3.43321159360718e-08,-6.870587650958e-18,3.85609513578778e-08,5.61018926040662e-08,6.01153856505108e-08,-5.46997312192094e-08,-1.94744988097837e-07,2.14603782680373e-08,5.10607529927016e-17,1.41207863445532e-15,-1.84662718551927e-18,4.05946442603082e-07,-2.83852777145688e-07,-1.54453633998595e-08,-1.21176043165968e-08,1.69911042194834e-16,1.46994024695649e-16,1.32444770808547e-16,-6.30355827108299e-16,-1.03871076915292e-16,3.99152921267621e-07,-2.14474779495117e-17,2.09272370218636e-16,-9.32667151833826e-09,4.58101226431491e-17,-8.34848580798141e-09,2.49701442517949e-16,-1.0349258784459e-08,-2.00194017402467e-17,-1.25119656803276e-08,-1.5652881798994e-09,-1.27832798797851e-06,-9.78797726651803e-17,5.01728788212132e-08,6.20385376962097e-18,7.1086826423115e-08,-8.63339321392226e-07,6.90339442344352e-10,-3.66127595828515e-17,1.00640535799997e-07,7.63125082860671e-17,-2.47070744131938e-08,-1.39448397619147e-07,2.27602285833007e-17,1.13698437705389e-17,-1.19574254355146e-16,-3.35701739398193e-17,-4.67690340771723e-10,-6.08879102115643e-09,-1.35922087074791e-09,-1.71513662860875e-16,-5.1448447862732e-17,-9.92600099082421e-08,1.04800533046135e-06,3.55057673449593e-16,2.04034687504038e-17,-6.17630081771798e-09,4.54701593280793e-17,-4.37560126810288e-08,7.45943514010174e-17,4.12746975483214e-07,-1.56154545719402e-16,6.46531635214723e-17,1.04054608849192e-16,1.06271043981986e-16,1.539045990593e-16,-4.21200527559783e-16,7.08471567896282e-08,-4.95463668426948e-07,2.81231396738493e-16,-3.67217558036629e-08,1.39652223825252e-07,-1.53641037903172e-16,-4.85518262616969e-17,4.30763848783365e-17,-2.00774876105093e-16,1.37540392845816e-08,2.19909394426734e-09,-4.65887391289106e-17,-2.67599827903081e-17,-2.49659614483476e-08,-8.90556824071535e-08,-9.31918702670082e-09,2.03767283668322e-16,-5.73451352257216e-17,1.03156786456777e-18,-4.41051835949995e-16,-1.5253368082553e-16,-1.21090894417635e-16,5.25125629970075e-08,-4.96595238377483e-08,-9.54720648751232e-09,-3.13636917514569e-17,-7.00687320663956e-17,-1.56704893133221e-16,4.29467359118379e-18,-7.38098859280686e-17,-3.08828813869554e-16,1.12097829682945e-16,-1.62419026396347e-16,-2.24773607620643e-17,9.4454469723265e-19,8.46911407947561e-17,1.06258885740468e-16,-3.07661842855543e-18,-8.45737172839502e-18,4.67028045345498e-08,1.43615321481099e-16,-5.27645461101067e-17,2.25372569375647e-17,5.10506211140325e-07,-8.89693709911506e-10,-1.17996236445077e-16,-1.70509675387836e-08,4.66195031879163e-07,-1.34124269245459e-16,-1.44750290445843e-16,-1.30013285712432e-07,-3.4878009995646e-17,1.1460511243985e-08,-2.37130701977536e-17,5.4276328691059e-17,3.76252047214898e-17,-1.18109548734463e-16,1.62109147195713e-09,-2.22590736778571e-07,-5.3137425857608e-17,-1.24418211018325e-17,-7.16304420355961e-18,-3.79267976448905e-16,3.28513258263108e-16,-1.75125142934275e-16,-1.86099903894129e-16,-3.96486554011296e-18,2.3838857715019e-08,8.5711455124951e-17,1.66298774927245e-17,4.41820001482931e-17,-3.98975205507722e-16,6.26466832228785e-17,-2.32695967579707e-16,-5.25649430794904e-08,-5.38759450890336e-18,3.30294618858418e-17,3.91841852555453e-08,1.05890938138274e-17,3.47594486046518e-17,-3.75765610431609e-16,1.79027238301085e-16,2.25162120602345e-07,4.05049194792727e-17,-2.40624774548719e-08,3.26320918051307e-16,-5.4719239997779e-17,-4.41768287757898e-17,-2.38679484976159e-16,6.15855128771264e-17,8.74972332806002e-17,8.68860647549815e-10,-2.64813834022852e-16,2.56153118436245e-17,4.37692857769584e-08,-1.08403167092728e-07,-1.43208499715752e-16,7.59036675643746e-08,1.11154607060315e-08,2.34750957676425e-16,-1.92828841209086e-16,5.44547918800228e-17,-2.46279119625659e-17,-1.25170764257507e-16,-1.86321427804556e-08,-4.62196835505144e-17,1.20800999155135e-16,8.59868840604021e-17,7.45561711866418e-09,-2.09498865017984e-16,4.48221762171885e-18,-1.10093770654909e-16,5.8823060035341e-17,-3.39463089286546e-09,4.41624747817571e-18,7.04765652066169e-09,-7.87826405860062e-17,3.26899455872789e-18,1.49289242055878e-17,-1.36075201228597e-16,4.32948281195348e-17,1.75141768113735e-18,9.05427500391149e-17,-1.96759168065141e-05,-1.24087631147947e-16,-9.53737509331695e-17,5.13153696340715e-08,-1.90768422344048e-16,8.29001532873336e-17,-1.10285347129838e-16,-2.77709301728705e-17,1.06119492221212e-16,-2.19089831215378e-17,-5.3869984640112e-08,-5.22997992023003e-17,-2.28785432578893e-17,1.10646991652429e-07,-8.35284202938546e-17,-5.61805549178228e-17,1.36271290567076e-16,6.22912944650561e-17,1.74883364099717e-16,8.52193739353126e-17,-4.27696296009252e-17,-6.48721535283964e-17,1.59303614425208e-16,-1.82690135366816e-16,-1.1143153186357e-17,-5.80080129734089e-08,3.09125895102479e-05,-4.78909313305226e-16,5.58152792503896e-17,3.25419812132755e-17,2.47133383367179e-17,6.01515365294958e-16,3.17868587034222e-17,1.26262861386314e-16,-1.35581113424128e-16,-2.41137279226245e-09,5.05475334804794e-17,-3.05659911265494e-17,-3.19323647581471e-17,-1.19845326973941e-16,3.08604099285501e-09,2.35693943904518e-16,-4.36521144256942e-09,-1.28640426087597e-18,-7.54097618045617e-17,1.50825341473726e-17,5.22398775574782e-17,1.03756340975855e-16,1.78130468935911e-16,-1.53961956207378e-16,-4.01351601409808e-17,2.67600469365355e-17,2.05351083949027e-17,-2.53319344822833e-16,3.60801671827719e-17,2.05492281536302e-16,-3.76939969994307e-18,4.19519036373372e-17,6.34987138706881e-17,6.20906358907276e-16,-2.39059042775258e-17,1.24987563508646e-16,1.14862253460773e-17,8.81456366230715e-17,6.0442080272044e-17,1.06542055375554e-16,-6.54550532652829e-17,5.20160898295793e-17,2.32231330634764e-10,1.32684154312675e-16,-9.36280193172267e-17,6.07497722007155e-17,-1.84907649238223e-16,4.55796699237594e-17,-5.47849596884516e-17,1.30829113253791e-16,7.84942197486577e-17,-4.15959950906779e-17,-1.6572163583336e-18,1.7130394325271e-17,-1.23554976742888e-16,-1.39045045147101e-16,-9.29129507198524e-17,-9.21487879704716e-17,4.9764211312558e-18,4.21215533695901e-17,-2.98568564429794e-09,-3.51900536401248e-17,2.52118889713934e-17,7.08201847100503e-17,7.37196959587633e-17,1.37785308290692e-16,2.205647975763e-18,4.46676690620818e-17,-1.46236913285373e-16,-4.31575447075935e-17,6.31986472777747e-10,1.3454209628808e-16,-2.55851088514109e-17,1.86274179256191e-17,1.10749623502587e-16,1.57478790546287e-16,-1.35069383499605e-17,-5.83933134538522e-17,7.84247654231627e-17,2.02934113280629e-17,7.63358845608678e-17,1.72652860604819e-16,-4.90719959714227e-17,1.31242095709226e-16,3.18573868279995e-09,3.25639622979884e-17,-6.31931452832661e-17,-2.03087039836688e-16,-4.96781435432858e-16,-9.58546612024996e-09,-1.31231111308557e-16,-1.27969082963403e-16,-8.83414127473718e-17,4.49309446562693e-17,-5.38502977023254e-17,-1.24874585425231e-16,1.68389264554292e-16,5.37771448210016e-17,-1.57133137801877e-16,1.81972755342775e-17,7.41179800937099e-17,9.75238697788008e-17,-9.85624466469347e-17,-6.69307244367063e-17,1.25168648504236e-17,1.27023108751072e-16,-1.60595963545288e-16
"t805",-0.030957216336407,0.00691157213227863,-0.00835425181085942,-0.0176496128500372,-0.0162302877505464,0.0218683446669587,-0.166548418234219,-0.0344001642293871,0.000512929317246308,-0.00114244115231189,-0.00035512043591567,0.00959462102893047,-0.0132613820075065,0.00171329575786631,-0.000266355300855383,-0.0046106796306287,-0.000246262667313116,0.00108535537907364,-0.000125127490859574,0.000119075758168852,-0.00348533194469547,0.000783569312659289,-0.000482158823553762,0.00319430216297474,-0.00050609637105723,0.000482986534498802,-0.000738610640535713,0.000836494242405283,-0.0308755990641098,-0.000973046375569195,2.46053090787657e-07,7.52293590742574e-07,-0.000352126731468642,5.31585672010977e-07,1.44064734148605e-07,2.17327973148167e-06,0.000104052804970276,-9.13483402514058e-07,-8.08333346353587e-06,-2.64693990379266e-06,-0.000187296754471005,2.98409173438425e-05,-0.000263875601378084,3.07484277659448e-05,-0.0019482624943788,0.000156744755618815,-0.000640888766292798,0.294498648906106,0.000408131680984493,-0.0004033951859849,0.00175152582677012,-0.000140751883306712,1.93788200513363e-07,-0.000518070914496556,1.69099591213841e-05,-0.000173228134697743,4.94676120392427e-06,-0.000316678914688762,0.000106956973456298,-0.000148640987192395,-0.0848447626617826,8.35909601078886e-06,-0.000320790176524963,0.000173475437835095,-1.29497383636486e-05,0.000304446312121555,-1.85049209679452e-06,6.4699740588909e-05,-0.000176131346051948,6.86633576518974e-05,-5.15958788338963e-05,0.000182253615331393,-6.43975003801733e-06,-0.000316436960965041,0.000133340810901253,2.13031113470826e-07,-0.00147288848821073,2.11961929990535e-05,-8.57214046149716e-05,-0.00010595296248372,3.4594507028509e-05,0.000532558684100057,-8.60085708443566e-05,-0.000603483649421517,8.61419675608396e-05,0.0260443464618802,-0.327038738132299,0.000421329573875303,0.000107464715016823,-0.0233835149487037,0.000157594385053364,-6.68883500523978e-06,-4.17637209045369e-05,0.00168178466282766,5.96710669409867e-07,0.000236413982732866,1.84369216049531e-05,-0.000109269913168249,0.000116750133154036,2.4172978789499e-05,4.24564347181331e-06,-2.01615771969487e-06,5.56980670823425e-06,-6.04281344456256e-07,2.29150684878822e-07,-2.28240535197659e-06,8.34028403542054e-06,-2.02498676905204e-06,9.83119415087039e-07,-2.10256750740622e-07,-5.91351588005478e-07,1.65460055258512e-06,-0.000334211857274067,0.0178021569213078,1.19861577579767e-07,-1.27940976030686e-06,1.23888985922673e-06,-1.64528442245497e-07,-7.72376001497657e-07,5.96274095128125e-06,-0.00208606766243468,1.02811382128594e-06,-2.16449839466755e-06,-6.06055264427767e-06,2.75010738289499e-06,-0.000228585487968715,-3.26133909693983e-06,-7.71941964824735e-07,2.1530836277884e-06,7.11525645683715e-05,-1.19893793225802e-06,7.56017594367277e-06,-9.22590728003512e-06,-1.87402038170114e-06,9.25221439379721e-07,3.27831947249161e-06,-2.04622322707387e-08,-1.42593921708469e-05,4.62331894491479e-06,-1.33123413809516e-05,-8.5597609041929e-07,-3.32421788875672e-05,6.52766528665307e-06,4.18034500265283e-07,1.72532598453104e-06,-8.3821312187276e-08,-3.9470801832797e-06,6.04590179998383e-07,3.95329229398924e-08,-9.77935376402682e-08,-1.97307079214241e-05,-4.50841535096825e-07,-1.25906752137211e-05,3.61421840851695e-06,-1.05613101055185e-06,-9.19926768022627e-08,1.37997828118444e-06,-8.17734706487628e-05,-3.82667634418808e-07,-1.26749540111866e-07,-6.14176257889763e-05,1.1943997448335e-06,-6.57786973560347e-07,-8.67020565396479e-05,1.0182078967954e-05,-3.66506440927323e-05,5.9406237268423e-06,1.02332913857048e-07,5.09932261299603e-06,7.1773269989383e-06,-0.000156854418188763,-0.0030237368955405,1.78519036760386e-06,5.0326610769514e-07,8.88176440134988e-06,1.99888713148856e-07,7.90940684063093e-07,-5.53651137415939e-06,-3.56649838320476e-06,-0.000141842728456848,6.85332674814868e-05,0.000139680735171285,-3.377039885758e-06,-1.07305960119418e-07,-4.09863078180599e-07,-7.320988472018e-07,-1.48999535399241e-05,3.69993556049852e-06,1.66749230083579e-05,-0.000192070868267682,-4.56062067243709e-07,8.8546083839808e-07,3.58672667792771e-06,4.73042045412169e-08,6.46096347787761e-07,-9.84547854374375e-07,-1.84873832818033e-06,-1.27267488808268e-05,1.17413994253661e-06,6.33946478711304e-07,6.41951969246058e-07,0.000125299426020295,-2.55929680579396e-08,-0.000259762374473224,-5.94042554767053e-05,-0.0600498396006276,-1.11036250220793e-05,-0.000288846026503791,1.61974152454298e-05,2.52771702168238e-07,7.81327732716807e-06,-8.98487673340488e-06,-5.14544450883422e-05,-1.30733674083717e-06,-1.10910771419603e-06,-1.20065679194131e-06,3.27944273694433e-06,2.29592852028986e-07,-5.4043482791005e-07,-3.19246011553075e-06,-1.86253661303e-05,0.0015606996399367,3.24695984781885e-06,1.75729327362056e-05,-6.58292155737079e-06,-3.57503430168152e-06,-3.82838706566895e-05,-3.8848316524132e-06,-8.83517295959888e-06,-1.87266835890345e-05,0.0710864231885358,-6.09546886859504e-05,-2.01345844404549e-06,-2.77203440781577e-06,1.64721953539026e-08,-4.477093324013e-07,-4.65397996437678e-06,-2.49191553465945e-15,-1.40072528806588e-06,0.0001537202198391,-9.13762508678772e-06,-0.201054352473312,3.53542786742183e-05,-5.19414546820976e-05,2.40767397221136e-06,-0.000102637894084978,1.71798800651507e-07,-9.39576806599137e-09,1.34229371668208e-05,-1.63512706633718e-05,4.77585772160252e-07,-6.3517201585652e-05,2.55070237949066e-06,-7.59898374457866e-07,4.25335037796846e-08,-1.37680301085682e-06,1.00372730297241e-06,-2.00790160984001e-05,-4.16434894326745e-07,7.32987697269894e-08,-1.40385458492057e-06,2.60731208867376e-07,-2.73730900740338e-05,1.28266389899118e-05,-1.16925716148646e-07,3.9384533210623e-08,-3.66114380630241e-08,-2.57525992673434e-06,5.84347215594951e-06,-3.58491670028953e-08,-1.39664327270358e-08,2.78754980276326e-08,-2.37702867077822e-06,2.05636222671044e-06,-3.29740526365723e-07,4.22417888833485e-06,-3.66157511914604e-06,1.79679056897073e-07,-2.91229693112132e-07,9.40683671719484e-08,-4.59381779192771e-08,-2.06995341998461e-16,7.13144311934209e-08,2.26105892803959e-09,1.56040500993754e-11,2.84322852382456e-08,1.04038308168035e-09,-1.08329745813056e-09,-3.93836334576394e-08,1.33154058323811e-08,-8.4982104588354e-08,2.24914584320652e-07,9.64282895638686e-09,-1.19630369360061e-08,1.61797159191042e-07,-2.01882717899988e-07,4.94327634874213e-06,-1.40457953421967e-07,2.30480442683684e-06,8.91778171209026e-09,4.8063364221756e-08,4.45248825492954e-07,-4.39168474135707e-06,1.05679854877161e-07,-4.15394774309601e-07,5.76205477264717e-07,-2.11000830260556e-06,1.43133328235583e-07,1.30002140634584e-07,1.00091494528009e-06,-1.69510349714089e-06,-1.39138630506339e-07,1.16045956562113e-06,-7.75482593944942e-07,1.93417338644562e-08,1.82722460337766e-07,-3.66452759720112e-07,-7.97342029635235e-17,1.34664144495683e-09,5.79214748381357e-06,-7.01468888249929e-07,3.98579967026683e-07,3.5673425248472e-07,1.05043162383174e-07,2.47371403182648e-07,-3.68414520496362e-06,1.41980382678046e-06,-1.75324872833628e-16,-1.1853590610073e-06,-1.4609625900001e-08,-4.18287759501944e-08,1.3954446828154e-06,3.35174388000674e-07,-2.34275518628914e-08,-9.43357933024877e-07,2.60962612827451e-07,-9.41090657751619e-06,1.94069924619382e-06,-4.18256230719459e-07,-7.83370215162504e-07,-4.23633929332991e-08,-5.65141370449098e-08,-8.35606710996108e-07,3.61141363030526e-06,-9.57914477912902e-07,5.37434290200142e-16,-3.12753424115793e-05,2.58413912037009e-06,5.74099290091124e-08,7.70018299308224e-07,-2.86473338772134e-06,-9.22385765170138e-06,3.87781644218632e-05,-0.000146498769601847,-1.20174348070983e-06,-2.02870590095107e-15,-2.80418058222109e-06,-8.63062196595673e-06,-6.84613546635077e-06,7.93986218689802e-15,7.03627020496932e-05,0.248772429456179,0.313164421620696,2.94435158330165e-05,4.94452359520366e-06,1.90825144221719e-06,5.58918164586936e-05,-1.00828509410916e-06,-1.02786531036464e-05,-2.42651703006165e-06,-1.26470186084557e-06,-1.63177196244908e-05,-3.47853259461723e-16,4.25439523440262e-06,-1.45042658881773e-06,-8.30446329185508e-06,7.09288710977851e-07,-8.46368335677301e-16,5.10406402204126e-07,-6.49029759208905e-07,1.55401176107181e-07,1.3157024368462e-07,3.1445297575525e-07,-2.71993348153481e-06,3.41723371795569e-06,-3.34204275584554e-07,4.52622359924578e-16,-9.07907641881061e-07,1.5297447506469e-06,-3.11245998280424e-06,-9.6385173843303e-07,9.73911035759188e-08,6.40137150569126e-10,6.22765727875674e-16,-4.89967017946435e-16,5.46300613685113e-10,5.63898415599552e-07,-7.32985070424543e-08,7.37678901461625e-08,-6.21220799654496e-17,2.727764748309e-08,2.84164157077015e-10,-1.36375428091356e-16,6.42412504822819e-17,2.50464380213242e-16,-3.63276440785541e-08,-9.83525838475982e-08,9.82880253772336e-08,-3.57415301702479e-08,-1.64966127054792e-08,-8.65697379796558e-09,1.71047796340953e-08,-1.65626278329249e-16,-3.40956514056301e-08,2.35978660766344e-05,1.48762602523331e-15,-1.45783919755564e-15,-2.28808192466933e-07,-2.16831976692545e-11,-2.83667189094995e-07,2.08990735110898e-07,5.36430110503816e-07,-2.42818397125758e-08,2.92752330261556e-15,-9.28092518620954e-08,-6.19332988180767e-16,-5.03073114042902e-07,3.24493036607532e-14,-2.00239728552583e-06,1.04401838180474e-14,7.35173740236692e-06,0.234662111026202,-4.80512463790041e-08,-5.23400055413682e-07,-1.68306249678643e-06,1.94118559217497e-07,-7.94870376267589e-07,-2.85739537958958e-08,-1.38648577943599e-07,-1.17424460219184e-08,-2.06752953596581e-07,3.78809652518653e-07,8.19285596536399e-08,6.02909847184313e-09,1.78098692493813e-07,4.16815217332939e-17,-1.11861580276961e-06,1.69196881444368e-07,-1.15824116885232e-08,6.58114704686107e-17,-1.37601079755517e-09,-3.1499529856529e-08,-1.04551631798417e-07,-1.98999350573052e-16,1.69228955063794e-07,1.09990271752229e-08,-2.62103774860306e-16,1.334940663477e-08,-1.42619620981216e-07,4.11575279396448e-17,2.41883230808734e-17,2.8427469469856e-09,2.11919965235667e-09,9.9895016009905e-12,1.05650278351697e-08,-9.29222502822941e-10,-1.57790027218868e-09,-1.5703589713182e-10,5.95591084844757e-09,-2.01925088578312e-08,4.45769723217415e-15,3.40834080880629e-10,3.47173750375514e-11,1.04232926257987e-10,1.06883479290648e-08,1.17282173229734e-16,-2.89419933566098e-18,3.92836914977787e-09,2.48366551362763e-16,-3.96536536894257e-17,3.9807704064039e-08,-4.71523367389915e-08,-6.11051324727348e-08,-5.70893155991912e-10,1.75687106275324e-06,3.86720791226461e-08,1.77040980995592e-09,-1.7703384756718e-16,5.1396338085426e-09,2.48072653398456e-10,1.150328221963e-09,-8.46935189881072e-08,3.62384347710647e-07,9.94775876664017e-17,1.86373414091834e-16,-1.11953243437784e-16,-5.04272942580391e-09,-1.74816487516024e-08,-1.46948815790949e-08,-5.57740143747067e-16,-1.39237771910761e-08,-2.13320304711487e-16,-1.67530735839858e-16,3.75189351713023e-07,-8.25039598344428e-09,4.36933475511658e-16,-2.08900240549781e-08,-7.61035324242781e-08,5.69520849975692e-16,3.38379905292974e-08,1.66110949878033e-16,9.36684750316184e-09,4.72935995768615e-17,9.37468844733819e-09,8.13458276404178e-08,2.05031602833946e-08,2.78895047485359e-09,1.93099329114939e-08,-8.94231694832789e-08,2.86491073156492e-08,8.45323222760098e-17,1.23010344588872e-05,-7.30915298588031e-08,8.53698327223689e-17,-1.29487696371405e-08,-2.99704912238634e-08,6.34785988407011e-08,2.68746771808255e-16,2.3459391898348e-08,2.16573241158009e-07,3.74704739578843e-17,-7.86360266363608e-08,-1.7464250883467e-08,-6.4025919682284e-09,7.78196775490196e-18,-1.29060332939283e-16,1.70450632168015e-08,5.2886238700634e-09,4.29019983565339e-10,-8.37355209319627e-06,3.34099121376406e-09,1.1007458150191e-16,-2.0160171498515e-16,1.22672124398413e-08,8.46172978996948e-11,1.09792215534138e-16,2.99452396028013e-08,-1.74371769531836e-17,1.08341228396561e-07,-5.84961391858266e-09,-3.4206904522469e-09,-2.27511714626057e-08,-2.25282922411036e-16,-9.37223138475572e-17,1.65562057875866e-16,5.88682672959631e-17,-1.30300393563484e-08,-5.86590287507343e-08,1.25139590710882e-17,6.79529781328211e-17,1.79190764847667e-16,6.42675926042698e-08,7.50449196143453e-10,-3.2201926327509e-08,-1.04358472880858e-16,-6.16368935058009e-17,-2.80591522239249e-16,-2.05464284265088e-07,4.36442646785678e-08,8.00344607376237e-17,1.00165407244962e-08,-2.03248132409177e-07,-1.93303037646109e-16,-1.03137077558807e-16,-2.04857134289285e-08,-2.1005966826476e-10,-1.02177165419017e-08,-9.06376802052319e-17,1.16105702985163e-08,1.69990331017747e-08,1.83739324106618e-08,-1.69144329592885e-08,-6.04056270680983e-08,6.69477670476545e-09,-1.99047886796188e-16,-3.64777107614088e-16,4.38698266967721e-18,1.30695514089491e-07,-9.14300513340031e-08,-4.99438036571061e-09,-3.99434280058054e-09,-1.68854398317457e-16,5.59340160644217e-17,-1.34744297308871e-16,2.46234215248334e-16,1.06142481263009e-16,1.34152011358703e-07,-2.21189696315951e-16,-1.74792056567949e-16,-3.15794680523043e-09,-5.10527512794047e-17,-2.82785041139363e-09,-6.18714690603741e-17,-3.50788088258131e-09,-1.32216651547892e-16,-4.29473342499454e-09,-5.38876875895727e-10,-4.42066327213059e-07,2.74785855735128e-17,1.74458618467187e-08,-5.7546677087008e-17,2.50115604734926e-08,-3.08350936692886e-07,2.46720476875645e-10,-1.489168769869e-16,3.61822163323076e-08,1.08357692752079e-17,-8.96532375516651e-09,-5.06236746028458e-08,-2.18145724150981e-16,-8.33689447087154e-17,4.04986215044676e-16,-3.2811008804221e-17,-1.7106489016749e-10,-2.2314538879285e-09,-4.99269645223127e-10,-7.39922251739818e-17,2.6783392181958e-16,-3.6854221855117e-08,3.89297430397964e-07,-1.29556239486756e-16,-9.03597582508059e-17,-2.32445071837006e-09,-1.37850357154001e-17,-1.65128273118539e-08,-1.34973214184856e-16,1.56993449769165e-07,2.48613402032933e-16,2.65702326590236e-16,2.05562082149815e-16,-3.54261132274166e-16,9.20942822706174e-17,-2.32457516102488e-16,2.73704835055913e-08,-1.91451549118126e-07,1.22765568799202e-16,-1.42652035776235e-08,5.43700411096394e-08,-3.50914343649679e-17,-2.62592419762982e-16,2.33156199225915e-16,9.6524196277042e-17,5.40525359645689e-09,8.66100964422781e-10,-4.10569761250397e-16,-5.44800151471138e-17,-9.85629629555961e-09,-3.51691737488644e-08,-3.68412087207313e-09,-3.46029817905982e-18,-2.71615027781328e-16,-1.47320817014052e-17,4.71721006896324e-17,3.52697123528535e-16,1.20210794481796e-16,2.11093372707485e-08,-1.99930733253323e-08,-3.84956991675256e-09,6.89680643998234e-17,1.67604437090275e-16,-1.24761973759728e-16,-9.79021686995229e-17,3.47067099047194e-17,1.07473945921272e-16,-3.06046289890707e-16,2.8251890712054e-16,-1.23590181666837e-16,-1.53776217727932e-16,-3.27251118203068e-16,6.51597494097142e-17,-7.0524348347086e-18,2.82464533020036e-16,1.93049440042872e-08,3.38008906702255e-16,2.6318568092042e-16,-1.96707677082646e-16,2.11697424498381e-07,-3.6921023026437e-10,2.27537661609346e-16,-7.07913851753471e-09,1.94306802773455e-07,2.85897352044684e-16,-1.14335135690418e-16,-5.44492233474962e-08,-5.43305336966637e-17,4.82758187151367e-09,-3.58984556069018e-18,2.26655645111624e-18,7.79664465666243e-17,-5.13655423893222e-17,6.8903585051143e-10,-9.4668131427278e-08,-2.84556507867733e-17,3.18579421029813e-16,-1.56520271698393e-17,-3.11122054766574e-16,-1.28586377656781e-16,8.71703969731085e-17,-1.54675427440459e-16,4.03857411688135e-17,1.04490294679782e-08,-2.28696982524372e-16,9.05470377263891e-17,-3.37807915356424e-17,9.46376724753093e-18,1.07996780423325e-16,1.84794735773042e-16,-2.31845193332041e-08,4.56519982378594e-17,1.19885555816212e-16,1.73024674624949e-08,-2.21720502450836e-16,-2.14505864986277e-18,3.64056518944614e-17,-4.0008714405127e-16,1.00743506922021e-07,1.90163297340457e-16,-1.07912164127017e-08,-3.3262524339315e-17,2.97522949890398e-16,-1.81088431169777e-16,-7.77507212394246e-16,-4.2704683246692e-17,3.35086593430749e-16,3.9149099223312e-10,-3.24215996486603e-16,-1.18928099820955e-17,1.97921885985411e-08,-4.90280201844363e-08,-3.66799375565547e-16,3.44343807774838e-08,5.0474437134657e-09,-4.52133463604669e-16,-1.5920117952242e-16,-1.12444477698872e-16,-1.64730568794551e-18,-1.80813881356326e-16,-8.57904855493739e-09,7.02457925128233e-16,3.4353337191386e-16,1.86299722414132e-16,3.44495925022158e-09,-1.04384380662392e-15,-1.19267381143792e-17,3.37628038318843e-16,5.96552788033734e-16,-1.57576272540541e-09,2.70273608253508e-16,3.27608996555208e-09,2.30719914429255e-16,1.17875569596277e-16,4.11255454984166e-16,1.16262860115934e-16,-1.5381760160373e-17,-8.46247055237042e-17,3.05229464693093e-16,-9.21420688082301e-06,-2.696986392821e-17,-1.44199798146479e-16,2.40746014658143e-08,-1.06175744603375e-16,6.01881957742752e-16,1.16217967557198e-16,-1.50289335700366e-17,1.72650631172118e-16,-1.19379890049359e-16,-2.54164762537316e-08,-1.47596721363456e-16,-5.26036132869297e-16,5.2335772785887e-08,2.65540933148763e-16,-1.31062242263964e-16,8.64650532452912e-16,6.08200575097175e-16,-3.14127255024032e-16,6.32042615905327e-16,4.01779146034307e-16,4.41594907714759e-16,-2.87985538807023e-16,9.41606742947848e-17,7.41297244179013e-16,-2.76898360264977e-08,1.47720099565459e-05,-2.14293763927116e-16,-9.91313521420157e-17,4.1403563778248e-16,3.92599408208508e-16,3.9866113882292e-16,2.99763920996873e-16,-2.91775218848203e-16,-1.27262380663196e-16,-1.15881107894122e-09,1.39423726001806e-15,4.16216686915218e-16,-9.28437687919108e-17,-8.53194972398622e-16,1.49005487923136e-09,4.53297950159152e-16,-2.11881646128888e-09,3.6472120720773e-16,3.36507988482197e-16,-4.06943236937971e-16,-8.2758511332601e-16,4.55771764590964e-16,-1.31758628181822e-15,5.19534452795344e-16,5.88467184389203e-16,1.06391785904954e-15,3.29211719396658e-15,-2.9359735214167e-16,4.95458544884811e-15,2.96351427580006e-15,5.10963292275694e-15,-1.04771811187907e-14,7.17096032598608e-14,0.707106781186547,2.14899776962335e-15,4.44763700055826e-15,-8.69687431344675e-16,-1.23370281004953e-14,1.73548078145532e-15,-2.06786619573001e-15,-9.01930913555726e-16,-1.18950988158479e-15,1.14867380663174e-10,4.76206872029166e-15,2.3058558339522e-15,7.3734091231664e-17,-2.31156880960059e-16,1.01236453408104e-15,5.36808686873133e-16,-1.83895950464169e-16,-3.88776321838e-16,-6.87578261056324e-16,-1.80060935125294e-16,8.98912021207732e-16,-7.22769201744037e-16,3.60269614215254e-16,4.28245178751824e-16,-1.06946008410852e-16,-7.75952608557121e-17,-1.83723602356442e-16,-1.49500044265059e-09,-5.85169399033148e-17,1.79822303021944e-16,-1.72520310089602e-16,-2.44034882123215e-16,-3.36289968902073e-16,4.72782384744396e-17,1.56291193068169e-16,-4.92462852224871e-17,7.69154400445074e-17,3.20348935838916e-10,3.21405545337583e-16,2.23190154442782e-16,-1.51175904485322e-16,-3.54467674803764e-17,1.58731387858212e-16,-4.62315705485546e-17,-1.62504591452059e-18,2.19787067744535e-16,-1.58756877836104e-16,-1.59827463849732e-16,-2.50220401673357e-16,6.9640162041907e-18,8.50139842787619e-17,1.6341812785374e-09,2.03190880169559e-16,9.71345837643776e-17,1.60410092697905e-16,-4.09611580765024e-16,-4.94377485741215e-09,7.05635663425029e-17,-9.88609959630041e-17,1.19452010517736e-16,-3.65954724476321e-17,-1.74625690876647e-16,-6.94194233949515e-17,1.68516515740037e-16,1.47811351976914e-16,-2.06973787935946e-17,7.65942264577718e-18,-1.56901882962673e-17,9.41926571067315e-17,-4.43705632253201e-17,-6.96016430512391e-17,5.89969383137801e-17,2.90370666503915e-17,-1.98219932167461e-16
"t806",-0.030957216336407,0.00691157213227863,-0.00835425181085942,-0.0176496128500372,-0.0162302877505464,0.0218683446669587,-0.166548418234219,-0.0344001642293871,0.000512929317246309,-0.00114244115231189,-0.000355120435915674,0.00959462102893048,-0.0132613820075065,0.00171329575786633,-0.00026635530085538,-0.00461067963062869,-0.000246262667313108,0.00108535537907365,-0.000125127490859579,0.000119075758168847,-0.00348533194469549,0.00078356931265929,-0.000482158823553772,0.00319430216297475,-0.000506096371057239,0.00048298653449879,-0.000738610640535689,0.00083649424240526,-0.0308755990641098,-0.000973046375569197,2.46053090802236e-07,7.52293590715455e-07,-0.000352126731468617,5.31585672003984e-07,1.44064734181351e-07,2.17327973148692e-06,0.00010405280497029,-9.13483402504843e-07,-8.08333346352375e-06,-2.64693990379093e-06,-0.000187296754470978,2.98409173438602e-05,-0.000263875601378097,3.07484277659556e-05,-0.00194826249437881,0.000156744755618789,-0.000640888766292825,0.294498648906106,0.000408131680984514,-0.00040339518598489,0.00175152582677009,-0.000140751883306729,1.93788200504312e-07,-0.000518070914496556,1.69099591213871e-05,-0.000173228134697754,4.94676120390816e-06,-0.000316678914688775,0.000106956973456304,-0.000148640987192344,-0.0848447626617825,8.3590960107893e-06,-0.000320790176524956,0.000173475437835107,-1.29497383636274e-05,0.000304446312121516,-1.85049209680807e-06,6.46997405888961e-05,-0.000176131346051912,6.86633576518769e-05,-5.15958788338575e-05,0.000182253615331384,-6.43975003797936e-06,-0.000316436960965052,0.000133340810901214,2.13031113430377e-07,-0.00147288848821074,2.11961929990989e-05,-8.57214046150121e-05,-0.000105952962483707,3.45945070285041e-05,0.000532558684100013,-8.60085708442915e-05,-0.000603483649421503,8.61419675608578e-05,0.0260443464618802,-0.327038738132299,0.00042132957387528,0.000107464715016851,-0.0233835149487037,0.000157594385053391,-6.68883500527795e-06,-4.17637209045275e-05,0.00168178466282766,5.96710669422231e-07,0.000236413982732871,1.84369216049728e-05,-0.000109269913168258,0.000116750133154058,2.41729787895275e-05,4.24564347181955e-06,-2.01615771966238e-06,5.56980670824091e-06,-6.0428134442652e-07,2.29150684881768e-07,-2.28240535201901e-06,8.34028403544841e-06,-2.02498676904175e-06,9.83119415100142e-07,-2.10256750659524e-07,-5.91351588039503e-07,1.65460055253768e-06,-0.000334211857274165,0.0178021569213077,1.19861577605243e-07,-1.2794097603106e-06,1.23888985924233e-06,-1.64528442226435e-07,-7.72376001516914e-07,5.96274095130354e-06,-0.00208606766243464,1.02811382126579e-06,-2.1644983946517e-06,-6.06055264430333e-06,2.75010738286008e-06,-0.000228585487968684,-3.26133909699013e-06,-7.71941964819575e-07,2.15308362776535e-06,7.11525645683755e-05,-1.19893793226947e-06,7.56017594366434e-06,-9.22590728002646e-06,-1.8740203816642e-06,9.2522143942171e-07,3.27831947250782e-06,-2.04622322928633e-08,-1.42593921708505e-05,4.62331894491102e-06,-1.33123413809339e-05,-8.55976090395136e-07,-3.32421788876677e-05,6.52766528667229e-06,4.1803450027336e-07,1.72532598444742e-06,-8.38213121731116e-08,-3.94708018326911e-06,6.04590179999962e-07,3.95329229307348e-08,-9.77935376485589e-08,-1.97307079214484e-05,-4.50841535118425e-07,-1.25906752137455e-05,3.61421840852259e-06,-1.05613101054585e-06,-9.19926768325656e-08,1.37997828119908e-06,-8.17734706487169e-05,-3.82667634454511e-07,-1.26749540095534e-07,-6.14176257889796e-05,1.19439974479809e-06,-6.57786973530973e-07,-8.67020565396547e-05,1.01820789679785e-05,-3.66506440927482e-05,5.94062372682213e-06,1.02332913840551e-07,5.09932261299919e-06,7.17732699893301e-06,-0.000156854418188713,-0.00302373689554046,1.78519036757657e-06,5.032661077064e-07,8.88176440135067e-06,1.99888713140898e-07,7.90940684056368e-07,-5.53651137415019e-06,-3.56649838322097e-06,-0.000141842728456933,6.85332674816003e-05,0.000139680735171326,-3.37703988573285e-06,-1.07305960125381e-07,-4.09863078161728e-07,-7.32098847213739e-07,-1.48999535399313e-05,3.69993556051997e-06,1.66749230083236e-05,-0.000192070868267644,-4.56062067182671e-07,8.85460838438377e-07,3.58672667792663e-06,4.7304204536646e-08,6.46096347774852e-07,-9.84547854389504e-07,-1.84873832818483e-06,-1.27267488808453e-05,1.17413994255045e-06,6.33946478733889e-07,6.41951969232291e-07,0.000125299426020293,-2.55929680354723e-08,-0.000259762374473197,-5.940425547672e-05,-0.0600498396006276,-1.11036250220837e-05,-0.000288846026503876,1.61974152455157e-05,2.52771702171196e-07,7.81327732724185e-06,-8.98487673344985e-06,-5.14544450883979e-05,-1.30733674084392e-06,-1.10910771438292e-06,-1.20065679199449e-06,3.27944273695157e-06,2.29592852084106e-07,-5.40434827899421e-07,-3.1924601155425e-06,-1.86253661303354e-05,0.00156069963993669,3.24695984780179e-06,1.75729327361523e-05,-6.58292155737514e-06,-3.57503430174173e-06,-3.82838706566564e-05,-3.88483165236984e-06,-8.83517295959994e-06,-1.87266835890704e-05,0.0710864231885359,-6.09546886859276e-05,-2.01345844403788e-06,-2.77203440782555e-06,1.64721953358241e-08,-4.47709332471935e-07,-4.65397996442924e-06,-2.44047661085461e-15,-1.4007252880099e-06,0.000153720219839169,-9.13762508679051e-06,-0.201054352473311,3.53542786741624e-05,-5.19414546820728e-05,2.40767397222486e-06,-0.000102637894084941,1.71798800577864e-07,-9.39576809910456e-09,1.34229371668535e-05,-1.6351270663335e-05,4.77585772189716e-07,-6.35172015856164e-05,2.55070237951847e-06,-7.59898374538145e-07,4.2533503837581e-08,-1.37680301091136e-06,1.00372730285501e-06,-2.00790160982634e-05,-4.16434894285115e-07,7.32987698583969e-08,-1.40385458490204e-06,2.60731208836294e-07,-2.73730900740062e-05,1.28266389898739e-05,-1.16925716207346e-07,3.9384533214048e-08,-3.66114380685771e-08,-2.57525992682126e-06,5.84347215594349e-06,-3.58491669903337e-08,-1.39664327043288e-08,2.78754981137437e-08,-2.37702867074764e-06,2.05636222675619e-06,-3.29740526379621e-07,4.22417888835158e-06,-3.66157511911626e-06,1.79679056881472e-07,-2.91229693096757e-07,9.40683671532638e-08,-4.59381778362529e-08,-2.39055552524965e-16,7.13144311764623e-08,2.26105888471307e-09,1.56040299833468e-11,2.84322852204262e-08,1.04038309431981e-09,-1.08329747941781e-09,-3.93836335644117e-08,1.33154058579311e-08,-8.49821043925252e-08,2.24914584312882e-07,9.64282895737547e-09,-1.19630369086328e-08,1.61797159229162e-07,-2.01882717925942e-07,4.94327634885311e-06,-1.40457953458773e-07,2.30480442682903e-06,8.91778163870169e-09,4.80633642893379e-08,4.45248825474574e-07,-4.39168474131419e-06,1.0567985484522e-07,-4.15394774389205e-07,5.76205477319155e-07,-2.11000830248476e-06,1.4313332824459e-07,1.30002140615504e-07,1.00091494523758e-06,-1.69510349705788e-06,-1.39138630559247e-07,1.16045956559608e-06,-7.75482593898472e-07,1.93417337913844e-08,1.82722460303301e-07,-3.66452759748115e-07,-8.46949550954308e-17,1.34664125747634e-09,5.79214748378444e-06,-7.01468888318017e-07,3.98579966998402e-07,3.56734252480513e-07,1.05043162326969e-07,2.47371403106941e-07,-3.6841452049397e-06,1.41980382678115e-06,-9.88414054497813e-17,-1.18535906098407e-06,-1.46096260073678e-08,-4.18287760497399e-08,1.39544468281795e-06,3.3517438790364e-07,-2.34275517759936e-08,-9.43357933012184e-07,2.60962612801049e-07,-9.41090657750362e-06,1.94069924624025e-06,-4.18256230755213e-07,-7.83370215065546e-07,-4.23633928826028e-08,-5.65141370660518e-08,-8.35606710977265e-07,3.61141363032012e-06,-9.57914477868465e-07,5.15052591378917e-16,-3.12753424116036e-05,2.58413912020009e-06,5.7409929003648e-08,7.70018299165386e-07,-2.86473338764602e-06,-9.22385765163457e-06,3.87781644217948e-05,-0.000146498769601878,-1.20174348079399e-06,-1.9404076818821e-15,-2.80418058226608e-06,-8.63062196598935e-06,-6.84613546642666e-06,8.0247423331831e-15,7.03627020496925e-05,0.248772429456178,0.313164421620696,2.94435158329794e-05,4.94452359520594e-06,1.90825144225991e-06,5.58918164587261e-05,-1.00828509402099e-06,-1.02786531036255e-05,-2.42651703011861e-06,-1.26470186094048e-06,-1.63177196246879e-05,-3.90723981347562e-16,4.25439523450679e-06,-1.45042658889121e-06,-8.30446329191182e-06,7.09288711032552e-07,-9.10135449655504e-16,5.10406402203926e-07,-6.49029759138215e-07,1.55401176025225e-07,1.31570243832661e-07,3.14452975781089e-07,-2.71993348154282e-06,3.41723371796408e-06,-3.34204275765804e-07,5.1338254665766e-16,-9.07907641812742e-07,1.52974475055583e-06,-3.11245998283286e-06,-9.63851738399798e-07,9.7391103536277e-08,6.40137099450403e-10,3.55618312575245e-16,-5.53728128429427e-16,5.46300617559141e-10,5.63898415632322e-07,-7.32985071203261e-08,7.37678900448144e-08,6.45529102072139e-17,2.72776475373366e-08,2.84164131731924e-10,-1.06914623505726e-16,7.75757015021304e-17,3.17011293189738e-16,-3.63276440482134e-08,-9.83525838292726e-08,9.82880254366222e-08,-3.57415301006454e-08,-1.64966127313742e-08,-8.6569738059801e-09,1.71047796640595e-08,-1.94695713172138e-16,-3.40956514874091e-08,2.35978660768681e-05,1.6812179807061e-15,-1.44930052794365e-15,-2.28808192587379e-07,-2.1683242277214e-11,-2.83667189102335e-07,2.08990735154919e-07,5.36430110463261e-07,-2.42818398220777e-08,2.98937703655586e-15,-9.28092519206023e-08,-4.96578276690294e-16,-5.03073114001583e-07,3.2289600680746e-14,-2.00239728533491e-06,1.05945598693383e-14,7.35173740236666e-06,0.2346621110262,-4.80512464765287e-08,-5.23400055494101e-07,-1.68306249671869e-06,1.94118559322607e-07,-7.94870376099818e-07,-2.85739538697364e-08,-1.38648577986198e-07,-1.17424461921822e-08,-2.06752953683418e-07,3.78809652474241e-07,8.19285593716304e-08,6.02909856238192e-09,1.7809869233834e-07,3.65088017509523e-17,-1.11861580281764e-06,1.69196881511314e-07,-1.15824117422767e-08,1.36034144413712e-17,-1.37601074410523e-09,-3.14995298329052e-08,-1.04551631942208e-07,-1.6942253678083e-16,1.69228955050429e-07,1.09990270908077e-08,-3.2763002921789e-16,1.33494066331407e-08,-1.42619621073531e-07,-1.88622589520524e-16,-1.10524166936025e-16,2.8427470468182e-09,2.11919956049349e-09,9.98930197847106e-12,1.05650278313153e-08,-9.29222501277376e-10,-1.57790022393419e-09,-1.57036055930726e-10,5.95591095160396e-09,-2.01925088912408e-08,4.35881799404347e-15,3.40834113097348e-10,3.47172840807432e-11,1.04232924102969e-10,1.0688347961097e-08,3.02817745935554e-16,-9.56770739486178e-18,3.92836898819320e-09,2.33336794134947e-16,-3.9780475169087e-17,3.98077038364744e-08,-4.71523369929808e-08,-6.11051323927635e-08,-5.70893318599404e-10,1.75687106280355e-06,3.86720791402574e-08,1.77040972754233e-09,-1.498378243589e-16,5.13963383194285e-09,2.48072794020872e-10,1.1503281306694e-09,-8.46935188945874e-08,3.62384347708426e-07,-1.04932113054074e-16,1.60806332465029e-16,-4.76396494778479e-17,-5.04272910799536e-09,-1.74816487363222e-08,-1.46948816261029e-08,-4.64283305501426e-16,-1.39237772380976e-08,-4.27124973125629e-16,-6.80574576036865e-17,3.75189351704547e-07,-8.25039600084406e-09,-1.84314369322536e-17,-2.08900243243639e-08,-7.61035324296993e-08,4.68622285298768e-16,3.38379905758597e-08,4.66005070620418e-18,9.36684767773154e-09,4.99626960470397e-17,9.37468836100416e-09,8.13458276496287e-08,2.05031602362937e-08,2.78895043845701e-09,1.930993294943e-08,-8.94231693117581e-08,2.86491073353004e-08,9.24653110191907e-17,1.2301034459008e-05,-7.3091529786077e-08,2.8013860122401e-17,-1.29487692898885e-08,-2.99704912332622e-08,6.3478598854471e-08,1.69013776865562e-16,2.34593919345608e-08,2.16573241471127e-07,9.88244435592531e-17,-7.86360266285936e-08,-1.7464250872941e-08,-6.40259203844004e-09,1.58735558093956e-16,1.28480714918583e-16,1.70450633066992e-08,5.28862404582624e-09,4.29019963456103e-10,-8.37355209313272e-06,3.34099124185051e-09,6.04569472644977e-17,-3.9778396961387e-16,1.22672124816441e-08,8.46173043706048e-11,1.59739412550642e-16,2.99452394960227e-08,-1.56659267202135e-16,1.0834122855482e-07,-5.84961391228413e-09,-3.42069093263031e-09,-2.27511714730594e-08,-3.20300386182491e-16,-6.00306819111115e-17,-3.31178840404187e-17,-6.78239573109248e-18,-1.30300392933109e-08,-5.865902873004e-08,1.51676338355915e-16,5.72221747054928e-17,-6.50808248558156e-17,6.42675926257185e-08,7.50449187906168e-10,-3.22019261095878e-08,2.24790755880716e-16,4.36391374425416e-17,-4.26850395307543e-16,-2.05464284342243e-07,4.3644264909652e-08,6.4820725139112e-17,1.00165409418178e-08,-2.03248132293736e-07,1.44086598204221e-16,1.22611913623749e-16,-2.04857135296098e-08,-2.10059783276773e-10,-1.0217716478478e-08,1.83736128253714e-16,1.16105703937212e-08,1.6999032972623e-08,1.83739324207682e-08,-1.6914432796047e-08,-6.04056268244494e-08,6.69477695029405e-09,-2.54666394614215e-17,-1.48926896246466e-16,-1.65193765701816e-16,1.30695514101828e-07,-9.14300513471035e-08,-4.99438014385617e-09,-3.994342742595e-09,-4.12505788794911e-17,-1.0706751126503e-16,-1.58868713318279e-16,3.09949247920581e-16,-2.16566926366383e-16,1.34152011291416e-07,1.08847317485081e-16,1.56744999758446e-17,-3.15794689285747e-09,-1.18625945745906e-17,-2.82785010363835e-09,-9.50548300799615e-17,-3.50788095349116e-09,1.81009450937572e-16,-4.29473338340126e-09,-5.38876896133495e-10,-4.42066327603375e-07,1.69763242295485e-16,1.74458617577406e-08,-4.58124418142197e-17,2.50115605237752e-08,-3.083509366948e-07,2.4672056166865e-10,-2.99134283979912e-16,3.61822163980658e-08,-8.08564500330819e-17,-8.96532384512155e-09,-5.06236745820219e-08,1.35863299446762e-16,8.75315525940877e-17,-2.54916643814032e-16,1.67841588942284e-17,-1.71064920640192e-10,-2.23145378951225e-09,-4.99269643414323e-10,2.11935414480763e-16,-8.88503080863479e-17,-3.68542219158927e-08,3.89297430083979e-07,-2.17253231214788e-16,2.48257255584285e-17,-2.32445061890731e-09,-4.81645850385671e-17,-1.65128275865773e-08,2.05244584813886e-16,1.56993449727373e-07,-5.83323837538128e-17,-3.13764609088226e-16,-2.88795389479485e-16,3.88954731614765e-16,-2.6494826049783e-16,5.06372054337765e-16,2.73704833217128e-08,-1.9145154906224e-07,-2.98087367653893e-16,-1.42652038315619e-08,5.43700409762861e-08,7.14753433084886e-17,3.20644869800996e-16,-2.36247337912962e-16,-1.19035292718499e-16,5.40525366696584e-09,8.66100496081352e-10,3.32038729113767e-16,4.55198023830054e-18,-9.85629635593634e-09,-3.51691736408279e-08,-3.68412073507233e-09,-1.64408478215113e-16,2.31118606637244e-16,-7.25372352148634e-17,4.05289362464963e-16,-2.76928116779133e-17,3.24857562711069e-17,2.11093373139552e-08,-1.99930726542497e-08,-3.84956999288632e-09,-3.2583263606668e-17,-4.06159140360513e-17,3.91738789404702e-16,1.17018347734722e-16,-5.05680642764924e-17,2.62604782210003e-17,3.86966414048724e-16,-1.1788987998029e-16,7.17061225170856e-17,7.29945149773454e-17,2.15809505095795e-16,-6.34656525716866e-17,-4.30568336467398e-17,-1.86407372224464e-16,1.9304943884317e-08,-1.1748863582531e-16,3.59369019332266e-17,1.10126819958873e-16,2.11697424663356e-07,-3.69210864286452e-10,-1.93520562213861e-16,-7.07913796806165e-09,1.94306802953657e-07,-1.71475926734234e-16,2.91799729136862e-16,-5.44492234765536e-08,9.63398740467579e-18,4.82758175239798e-09,-1.20719810281873e-16,-6.05007243075647e-17,-1.31408696987891e-16,-2.30697694099808e-17,6.89035875049552e-10,-9.46681312835875e-08,1.96287369234882e-17,-2.30696332874021e-16,1.4656565139129e-16,3.30752736402135e-16,-1.62196645003831e-16,1.38166619037891e-16,1.00765191632894e-16,-6.04617714716503e-17,1.04490295111905e-08,2.18191540779863e-16,-1.80349955409105e-16,-2.68625768571017e-17,5.9075994424476e-16,-9.67589959284154e-17,-1.11497389176513e-16,-2.31845195907191e-08,3.07817203414625e-17,-1.46363046412575e-16,1.7302467544237e-08,7.27247520859703e-17,1.29965983623919e-16,1.34801159628961e-16,5.69985188866272e-17,1.00743506524837e-07,-2.5176827387609e-16,-1.0791216413071e-08,-1.28771056560988e-16,-1.83674576246703e-16,5.05641801384673e-16,5.5303331697649e-16,7.59742406274824e-17,-4.98190570159394e-16,3.91491184492685e-10,-8.25492911258138e-17,6.38898221628188e-17,1.97921879382902e-08,-4.902802013747e-08,3.60124515476264e-16,3.44343808227425e-08,5.0474439402321e-09,2.92857470107042e-16,2.58013389836035e-16,5.40348665641642e-17,3.18574987051396e-17,6.36920006013273e-17,-8.57904874561891e-09,-4.30829667306218e-16,-4.50339787570761e-16,-1.50381713736649e-16,3.44495918338475e-09,8.44464317539683e-16,-2.28945043215553e-16,-2.1088039663846e-16,-6.59267527680651e-16,-1.57576266691376e-09,-2.96313181294666e-16,3.27608998461541e-09,-1.75733127531667e-16,-2.26595790934238e-16,-4.53167167729033e-16,-2.52275757198429e-17,-2.40316213448953e-18,7.88132610012882e-17,-3.07474406379462e-16,-9.21420688030149e-06,-5.47498779204787e-17,2.12383408482471e-16,2.40746007906512e-08,3.73698647972963e-16,-4.140076292327e-16,1.27483529611248e-17,3.18806238415893e-17,-1.5536171881037e-16,1.36434940917761e-16,-2.54164761677544e-08,9.22465081149859e-17,4.79875331307388e-16,5.23357724886666e-08,-1.78252915228499e-16,1.76481631912546e-16,-9.09709400178039e-16,-4.39130912911678e-16,2.19303041970903e-16,-4.69139207719818e-16,-3.71045042063406e-16,-5.44492234151117e-16,3.3223474719345e-17,-1.10174406010899e-16,-6.69940565299886e-16,-2.76898360808908e-08,1.47720099572319e-05,8.82214603961381e-16,5.46239283240027e-17,-3.92058007699146e-16,-4.50447369290974e-16,-6.45208712846124e-16,-2.46696887372901e-16,3.47099507483496e-16,3.10510765156751e-16,-1.15881128114493e-09,-1.51844980374861e-15,-4.10464994931863e-16,1.68783562641985e-16,1.07484027927946e-15,1.49005494462802e-09,-5.32547455844395e-16,-2.11881867127248e-09,-3.38668398704515e-16,-2.70369240623188e-16,3.40373446039651e-16,7.43478030540766e-16,-3.70906392724775e-16,1.51500674502108e-15,-2.82243484756965e-16,-6.08691992056663e-16,-1.05993656332343e-15,-3.34233535418135e-15,4.73717285728921e-16,-4.98652712726231e-15,-3.11566841028171e-15,-5.11988891392124e-15,1.0280610708582e-14,-7.17964594074916e-14,-0.707106781186548,-2.02967509048585e-15,-4.53621561342997e-15,8.17429629242274e-16,1.24287516042876e-14,-1.84843075888583e-15,2.12062363701599e-15,9.83305625562904e-16,1.15306995186505e-15,1.14867348374477e-10,-4.79285751029032e-15,-2.04201171814917e-15,-1.09376877126694e-16,1.14063983331444e-16,-1.18573732360384e-15,-5.02168132100343e-16,8.71178916039888e-17,3.30028863757156e-16,7.03290286154031e-16,1.36452464160126e-16,-1.04614667623126e-15,7.90196111153396e-16,-2.83524681125146e-16,-2.88656537471001e-16,-9.04852333568998e-17,4.44551127390462e-18,1.45482438811856e-16,-1.49500113039412e-09,1.06852924001283e-16,-1.35189904478069e-16,6.56164191948252e-17,2.65095376774945e-17,3.39672307622438e-16,-1.11536434118158e-16,-2.00792978419242e-16,6.43008521215895e-17,2.48784573209134e-17,3.20349217272892e-10,2.67629117582302e-16,-2.85207827160983e-18,8.26508922817575e-17,-1.40671743498579e-16,-3.12199468756852e-16,1.02897321555901e-16,1.13801640660055e-16,-1.37681548939336e-16,2.08664900660788e-16,-1.62331203559968e-16,1.40726719467694e-16,2.27217770534496e-17,-9.35704805670514e-17,1.63418118449906e-09,-7.85701968869724e-17,-3.72221822771105e-17,-8.8150069267783e-17,-9.86623976961809e-17,-4.94377504421554e-09,3.09344980222192e-16,7.7815363237032e-17,-4.38835744228605e-17,3.75633007638273e-17,1.746017284833e-16,5.66896295333335e-17,1.59573794136865e-16,6.39236298979581e-17,-5.13255224692728e-17,1.38833653166326e-17,1.1776883572864e-16,9.54531902064109e-17,-1.27667838028506e-17,-1.01820035840922e-16,-2.8210446479917e-17,1.08675258831413e-16,-8.96441417585778e-17
"t98",-0.0308280989212663,0.00685079629273556,-0.00827841208743966,-0.0174348179424794,-0.0159883925743219,0.0214858855005642,-0.163578352181907,-0.0337378408734416,0.000501262756641784,-0.0011109225007682,-0.00034268453689937,0.00918043058276627,-0.0126721128459191,0.0016360100042271,-0.000253814951770617,-0.00438075338254745,-0.000233687811125003,0.00102892665376292,-0.000118470871856912,0.000112191822313729,-0.00326732205184094,0.000724360436232311,-0.000443671351669013,0.00293785778015583,-0.00046530515383433,0.000442189941106501,-0.000675479417283558,0.000764350556401031,-0.028140788918259,-0.000871134360617459,2.18555829135343e-07,6.64358714809514e-07,-0.000307962563613291,4.61715011430693e-07,1.24150227030261e-07,1.84853606035762e-06,8.83047449615152e-05,-7.73002919323706e-07,-6.83166226810174e-06,-2.23088506121384e-06,-0.000156998187923707,2.48948311137974e-05,-0.000219476349756774,2.55683413511644e-05,-0.00161422618664507,0.000128124846278353,-0.000521663441585672,0.239234038855432,0.000329676586871807,-0.000323840307886542,0.00139436905748887,-0.000111608339336254,1.53573734695033e-07,-0.000408521135221597,1.32027123799354e-05,-0.000135045528478874,3.74961670918857e-06,-0.000238143802365937,8.03554381104542e-05,-0.00010946205409655,-0.0615146208205595,6.01300446602699e-06,-0.00022926966703268,0.000123780466470926,-9.12722532695984e-06,0.000212179230764751,-1.25715787564102e-06,4.34387325355646e-05,-0.0001175998649891,4.53846046839791e-05,-3.22505869745622e-05,0.000108835144471074,-3.81764203747651e-06,-0.000184745195245113,7.76973993581884e-05,1.23300071111261e-07,-0.000850196147379861,1.2072356836957e-05,-4.73226760614462e-05,-5.77366390683352e-05,1.84280543149583e-05,0.000282268005331221,-4.39002014152064e-05,-0.000304434328972369,4.12368765592713e-05,0.0122828503738172,-0.151879908345603,0.000195176601978447,4.97490854379813e-05,-0.0108070650910611,7.24003549135634e-05,-2.89740912824688e-06,-1.79895218617435e-05,0.000696807291558381,2.30163383006473e-07,9.01614666212866e-05,7.02756040891784e-06,-4.04383317153648e-05,4.27237779204507e-05,8.46640063410429e-06,1.43227911986648e-06,-6.77835938352425e-07,1.86535737682333e-06,-1.66571494601567e-07,6.21301414267554e-08,-6.10777356716792e-07,2.17937763037916e-06,-5.25577135389838e-07,2.52092836471253e-07,-5.29175361672213e-08,-1.47916771107925e-07,3.98623014356269e-07,-8.01490247681204e-05,0.00383422568639081,2.51866222990763e-08,-2.54072206291131e-07,2.39582428217267e-07,-2.94555438771856e-08,-1.2754087458216e-07,9.21679955303751e-07,-0.000309895485240412,1.31231734586104e-07,-2.46771078459301e-07,-6.87779641791093e-07,3.06679958213344e-07,-2.22632146400889e-05,-3.13796399431694e-07,-6.48323393881184e-08,1.04686648101557e-07,3.43124511401434e-06,-5.4338225516122e-08,1.6045515271727e-07,-1.51934559980158e-07,-2.43947879722583e-08,-1.0898171416564e-09,-1.03421220029774e-08,6.85683323658762e-10,8.31036700121272e-07,-4.27968912538769e-07,1.24529485545675e-06,8.51479318612206e-08,3.40746827792199e-06,-7.00989309684024e-07,-4.56728171529803e-08,-1.88545575195412e-07,1.02866021743776e-08,5.91113054941572e-07,-1.07386604971217e-07,-7.29870586840077e-09,1.9573493454035e-08,3.97360200129419e-06,9.34815647868761e-08,2.65490393506292e-06,-7.76579423111477e-07,2.66131103932211e-07,2.37327085555963e-08,-3.61891540336625e-07,2.95477161713541e-05,1.47772326592992e-07,4.94323939875037e-08,2.52624752190692e-05,-4.96538861385082e-07,2.91713765418296e-07,3.87451051487549e-05,-4.83010506176611e-06,1.83724851725541e-05,-3.45310682444628e-06,-5.97775828387776e-08,-2.9825320808989e-06,-4.27816315417171e-06,9.55602318164021e-05,0.00184790207883508,-1.1379748001675e-06,-3.25001178406417e-07,-5.89658352323843e-06,-1.33600394503973e-07,-5.30461263748188e-07,3.95068618580207e-06,2.70637497406834e-06,0.000108754907021218,-5.3064319684912e-05,-0.000111295735047529,2.72027839350978e-06,8.73589023337149e-08,3.37007923305208e-07,6.22125641904091e-07,1.27643427827899e-05,-3.3932904559367e-06,-1.53267968675844e-05,0.000180508219199874,4.55021889463898e-07,-9.2711979480951e-07,-3.81753643495678e-06,-5.15795420830383e-08,-7.17172756378956e-07,1.15142518559589e-06,2.18633615698641e-06,1.54073691491157e-05,-1.43807446412129e-06,-8.47605388715048e-07,-8.61789707003468e-07,-0.000174395565572045,3.68905767328158e-08,0.000406528366964684,9.3002447747395e-05,0.0947179798880564,1.7916631462069e-05,0.000473445369897543,-2.7667808972791e-05,-4.54104188945393e-07,-1.46104595891536e-05,1.70091223721625e-05,0.000102921545311014,2.69548164001069e-06,2.28859450081761e-06,2.53640475238403e-06,-7.35062857283418e-06,-5.20476030647594e-07,1.30113807563729e-06,8.01146477868471e-06,4.74143448932371e-05,-0.00421430054796837,-8.89148351360264e-06,-4.88670784090936e-05,1.91850593864841e-05,1.05182608898851e-05,0.000112898911849259,1.20614222818414e-05,2.83048801925805e-05,6.21322196994147e-05,-0.239644548118023,0.000208918619061396,7.00914559035757e-06,9.69251724353406e-06,-6.00016430424482e-08,1.67324483072532e-06,1.7887339276797e-05,1.0034181245899e-14,5.60609830974274e-06,-0.000620263783264884,3.90260072697342e-05,0.897711799301513,-0.000163826391570539,0.000241229233584697,-1.19962410998424e-05,0.000517569944589301,-8.71147469401924e-07,4.89331970959614e-08,-7.11926725226374e-05,8.96934451546957e-05,-2.65959307289071e-06,0.000355936539496228,-1.47962609110769e-05,5.1298409260054e-06,-3.03929638010235e-07,1.03309048944893e-05,-8.42115133265437e-06,0.000169858047360371,3.83012809092562e-06,-7.08062523827672e-07,1.45898160276045e-05,-2.77632014298686e-06,0.00029913169434769,-0.000145427060493738,1.40277716753284e-06,-4.7563572151806e-07,5.17255429912198e-07,3.65239178444172e-05,-8.32350965621365e-05,5.34994688378727e-07,2.12174608995665e-07,-4.4900624449962e-07,3.87199275857444e-05,-5.19997162821657e-05,8.86324626916709e-06,-0.000119481672733099,0.000117599982629981,-6.46643081515094e-06,1.43441191500094e-05,-5.18388546792907e-06,2.79331509849976e-06,1.20939972485784e-16,-6.70420243780527e-06,-2.2892939230055e-07,-2.10708397615107e-09,-1.78214439133735e-05,3.10061306118708e-07,-1.90272482966911e-07,-5.75165356840627e-06,6.16919238286825e-07,-3.77256792423283e-06,9.87300383429978e-06,3.56241837137341e-07,-3.05397918639037e-07,3.92146846727254e-06,-4.72687270307965e-06,0.000104092269927703,-2.13739171031497e-06,3.14071927131629e-05,1.20783378670399e-07,6.49800432267617e-07,4.78034551656863e-06,-3.78906574124576e-05,8.88996516534829e-07,-3.37014446587413e-06,4.47946526409862e-06,-1.61938817974445e-05,9.90752887687697e-07,8.93127353049525e-07,6.78290895505688e-06,-1.13809215126386e-05,-9.06378407048032e-07,7.31520768890402e-06,-4.74439595117118e-06,1.16813261339667e-07,1.07980176574079e-06,-2.06884759592714e-06,2.63395500671458e-16,5.83010433811191e-09,2.44356270072444e-05,-2.84694426114012e-06,1.61580259510494e-06,1.44441520572569e-06,4.21299958743474e-07,9.74520025151824e-07,-1.42071952408717e-05,5.24210092598744e-06,3.41061805130634e-16,-3.95515410793886e-06,-4.81289087865752e-08,-1.34054047930029e-07,4.45741339077867e-06,9.98775617993642e-07,-6.71234853193196e-08,-2.55354474606853e-06,6.78589556972781e-07,-2.23573941340256e-05,4.22090258439801e-06,-8.5708442205144e-07,-1.55032962941308e-06,-8.20029928829037e-08,-1.05062070030512e-07,-1.54638942907744e-06,6.48825879665892e-06,-1.68094238658418e-06,2.47211522722344e-16,-4.52203002505278e-05,3.57204251345096e-06,7.93216178504526e-08,9.25154884998768e-07,-3.36397643753234e-06,-7.75995317684305e-06,2.89261417496567e-05,-0.000106514832256979,-7.8769936545104e-07,-7.01765015853174e-16,-1.60794489458456e-06,-4.68426885023624e-06,-2.9274245362187e-06,2.64416100621353e-15,2.1237680696596e-05,0.0676597140970188,0.0803161622179457,6.60583803386514e-06,8.42047719584584e-07,2.47136034494409e-07,5.44809768257308e-06,-1.94777574451402e-09,9.73059233442729e-08,1.84078513660658e-07,2.45312095404778e-07,3.26427617698087e-06,-9.48816138980097e-17,-1.85932455028413e-06,6.94824100647382e-07,4.75457677036268e-06,-5.08528585896259e-07,-9.85941692053679e-17,-5.3094950297914e-07,9.2600633277149e-07,-2.50224016066812e-07,-2.23401730041407e-07,-5.67672514436534e-07,5.46911766322041e-06,-8.07856954414894e-06,1.1277477584049e-06,-3.63317103521964e-17,4.0909622721801e-06,-7.06676798869788e-06,1.51469329632269e-05,5.04405125572433e-06,-5.12533436438903e-07,-3.43916972568198e-09,3.46944695195361e-18,1.17376493658001e-16,-3.31191805242734e-09,-3.81096194360472e-06,5.02271507437537e-07,-5.59878913383179e-07,1.81266745470309e-15,-2.64711421754896e-07,-3.12043584534266e-09,-2.63244748429547e-17,1.33392396275474e-16,-3.64638578300516e-17,6.5765706734177e-07,1.93799414176586e-06,-2.79352719995032e-06,1.64532349323286e-06,8.19931115876363e-07,1.68234541579394e-06,-5.08173001760023e-06,-3.21656608495416e-16,-1.11066527753984e-06,0.000529671781928669,-1.92625005690184e-16,-7.83617470828974e-17,-1.92539175133285e-06,-1.48883701763626e-10,-1.47259818966619e-06,8.87746164812676e-07,1.45405823236026e-06,-6.04039261307828e-08,-1.01049216028285e-15,-2.03421054079444e-07,1.55502069345065e-17,-6.99484430358368e-07,1.74946862552261e-15,-1.6802963764749e-06,5.17427797402504e-16,1.284103092023e-06,0.0104284923183832,7.64518936561174e-08,1.00802388958563e-06,3.47561338200797e-06,-5.17794523321104e-07,2.53514398173463e-06,1.26201395061441e-07,6.13897731359677e-07,5.65269534628493e-08,1.14492431544463e-06,-2.48132774272635e-06,-6.10587521799737e-07,-4.94597918278237e-08,-1.52954645996908e-06,-2.01941709414742e-17,1.10230934148591e-05,-1.89512596169922e-06,1.85401790490529e-07,1.10026047470919e-15,2.44842623215654e-08,6.6126254754287e-07,2.36212409200361e-06,1.08957015424127e-17,-3.97402783710895e-06,-3.03177763251012e-07,-3.19056117772221e-17,-4.00127557254333e-07,7.96584830997266e-06,-4.24272591922598e-17,1.05712099237206e-16,-2.24980146279409e-07,-1.73985806157413e-07,-9.90541510389818e-10,-1.3730743506312e-06,3.63833928873402e-07,7.42299214941107e-07,1.03048540639066e-07,1.25646355265854e-06,-2.12573575260499e-06,1.22081164621868e-16,3.03645425687911e-08,3.01430831580392e-09,8.31445605224406e-09,7.7763286401152e-07,1.19276057412061e-16,6.21033853402018e-17,2.55577050977997e-07,-7.41151399954346e-18,-1.39204620724307e-16,1.59882389993194e-06,-1.78360099645958e-06,-2.30859018837599e-06,-1.92003693039715e-08,5.8240457531336e-05,1.27807687688638e-06,5.73857182284762e-08,-2.637792270769e-17,1.39232380768474e-07,6.50170807726115e-09,2.9831434099866e-08,-2.08832588891369e-06,8.21957391707301e-06,-2.02324114518349e-16,7.27547659448202e-19,1.89899545051002e-15,-1.03014609702729e-07,-3.42908270087061e-07,-2.87384387225385e-07,-2.24640459123149e-17,-2.62467602810711e-07,2.0853560818535e-19,1.26565859954642e-16,6.14383291089716e-06,-1.34888958994919e-07,1.18394877235417e-16,-3.31386626778336e-07,-1.1869925631453e-06,1.11539454048687e-15,5.10497907460525e-07,1.40355419828824e-16,1.36060811782117e-07,1.96564097462269e-16,1.35726965502619e-07,1.17473931232209e-06,2.95247389455667e-07,4.00024618611431e-08,2.74534991469157e-07,-1.23124655566507e-06,3.78177510138231e-07,-1.02955011440662e-16,0.000154649369665252,-9.14343509906382e-07,-7.57046803353563e-18,-1.60922394588741e-07,-3.68095017566848e-07,7.71542317243125e-07,-2.89073039409248e-17,2.75516352055805e-07,2.52686067645894e-06,2.56685832479835e-17,-9.09601545128468e-07,-2.01164372513148e-07,-7.26232553090043e-08,-8.73543263620732e-17,5.76942282529901e-18,1.86705097054394e-07,5.71077126922863e-08,4.61929042328045e-09,-8.50495313744662e-05,3.36309767775878e-08,3.51410807272533e-18,-6.1922830784731e-17,1.22731074323803e-07,8.45928100891731e-10,-2.09157940473724e-16,2.96339503443731e-07,-4.1062277562947e-17,1.06184930667673e-06,-5.65920215617523e-08,-3.30632630710091e-08,-2.19121459407422e-07,-2.4948803181183e-15,-2.97917408119932e-17,-7.25268858986101e-18,-2.13897911758415e-16,-1.21641050308504e-07,-5.46246443656979e-07,-1.66021916392725e-17,1.0535840550424e-16,-4.82263024929158e-17,5.93164385186524e-07,6.89995520633864e-09,-2.93057372575396e-07,9.3869065416848e-17,5.53756259596971e-17,6.02274306815698e-17,-1.80810303008477e-06,3.83642165598646e-07,2.15862070950557e-17,8.69467438158985e-08,-1.75545519479675e-06,6.46346296539924e-17,5.51461526294258e-17,-1.74888493163401e-07,-1.79164552440328e-09,-8.65649435771683e-08,5.20241640032773e-18,9.72813280468166e-08,1.41574436450609e-07,1.51760953209658e-07,-1.38157083344721e-07,-4.91936158880404e-07,5.42223985338348e-08,2.32702743534204e-16,2.8244337095741e-16,3.17875022924967e-17,1.02682822621977e-06,-7.18007058609916e-07,-3.90738939299077e-08,-3.06721253779927e-08,-6.27530204673733e-17,-1.87296732557615e-17,2.24252457891989e-16,-2.12100782326374e-17,5.08253368648992e-17,1.0108015752951e-06,1.99746185559381e-17,-1.61372022293715e-16,-2.36220724407743e-08,5.20517735586398e-17,-2.11447364079118e-08,5.71217152066018e-17,-2.62125472844172e-08,-1.03875937876289e-17,-3.16970461172872e-08,-3.96557892534707e-09,-3.23877965428757e-06,2.85904539296053e-17,1.27126872439508e-07,-5.23019547767695e-17,1.80138804312462e-07,-2.18794306724123e-06,1.74951622047105e-09,2.0029168640354e-16,2.55054845021934e-07,-2.40484974817427e-17,-6.26152555714672e-08,-3.53404404340906e-07,-6.34635769253151e-17,-2.27919121987124e-17,-1.55080645381436e-17,2.63205881607617e-17,-1.18523844976193e-09,-1.5430288976127e-08,-3.4445094623972e-09,5.14103231606099e-17,2.29484817186223e-17,-2.51520880801645e-07,2.65559083938421e-06,1.15558110711975e-16,1.65541520845349e-17,-1.56478678348879e-08,6.13215641944055e-18,-1.10852652662163e-07,9.98362867004508e-17,1.04552100879991e-06,3.16632645249551e-17,-8.19829107126004e-17,-3.51213034024848e-17,5.32981765460446e-18,-1.06627797815535e-17,-3.82413512016857e-17,1.79400125876581e-07,-1.25461348539246e-06,3.80244647775045e-17,-9.29739111275106e-08,3.53556611991709e-07,-1.12020011325069e-17,-3.59926358630535e-17,9.90472291657155e-17,1.74357505141634e-16,3.48111657059004e-08,5.56546570921816e-09,1.34109862112977e-16,-7.37317794549211e-17,-6.31787656063493e-08,-2.25361573577915e-07,-2.3581997653397e-08,-2.60696351082079e-17,1.51335022484877e-17,2.63880267301135e-17,1.25860111776562e-16,1.00202621209794e-16,9.79275071975085e-17,1.32796923251164e-07,-1.25573835944316e-07,-2.41404068801597e-08,8.39031210725155e-18,4.19662757902567e-17,2.58802274943182e-17,-1.33731355667419e-17,3.48703532754154e-17,-1.60145125624737e-17,-3.01120595876459e-17,-3.80649783816226e-17,6.24614484182209e-17,-2.04538827928335e-17,8.87645508154592e-17,-4.07090417529385e-17,1.25990645266498e-17,9.59135062475348e-18,1.17945275608078e-07,1.35858991699261e-16,-3.08630057818555e-17,-3.21896425788492e-17,1.28902385304555e-06,-2.24637484608283e-09,-5.37380649925767e-17,-4.30506273952638e-08,1.17679197561964e-06,2.28519829985283e-18,1.23443581432927e-16,-3.28090640104638e-07,5.69412325594015e-17,2.89101830791721e-08,-1.6128888952351e-17,6.92659499034143e-17,-4.2960090353825e-17,4.75307087981155e-17,4.08688573989695e-09,-5.6114331118294e-07,-6.05404667009642e-17,-6.24054560332796e-17,-4.65118595273229e-17,-2.39594614201766e-17,-7.65446733774766e-17,6.74153431444759e-17,3.24259103185337e-17,8.80571651648945e-18,5.995575896982e-08,3.17591751323233e-18,4.75727773237623e-17,4.33779677230465e-17,-1.75739329377229e-16,-7.17299198354146e-17,-6.97305731745527e-17,-1.32130185939535e-07,3.92932789481772e-17,1.36811719997708e-17,9.84853910675173e-08,7.17190685617409e-18,3.05556458495547e-17,-3.98081035994888e-18,2.36726437185031e-17,5.65214276605231e-07,3.01371441987542e-17,-6.03889731985658e-08,3.65194328598315e-18,8.09574791456324e-18,1.44129296717771e-16,-1.98286177787495e-16,5.32815459123181e-17,6.08458044204884e-17,2.17951293447861e-09,-7.99206710036321e-17,-5.69628823561735e-18,1.09753043837641e-07,-2.71819643022433e-07,4.84662614618003e-17,1.90265472036055e-07,2.78599234012419e-08,-4.41583113762269e-17,-5.85120411733598e-17,-3.26733451638682e-17,6.15169252770994e-18,4.78020965327487e-17,-4.66266355761109e-08,2.85586456787419e-16,2.37533421508574e-17,3.18976096907081e-18,1.86497860876775e-08,1.63248775429276e-16,1.8301022046715e-16,-8.67732517534628e-17,1.3782529010422e-17,-8.48672219246164e-09,1.34266091715746e-17,1.76163688702759e-08,7.92455286819503e-17,2.01945151750071e-16,3.71450134877306e-17,6.78771008635936e-17,-3.83367799379749e-17,-1.30138746086353e-16,4.04251257053658e-17,-4.91359755810424e-05,1.15470860803751e-16,1.40508196376244e-16,1.28117818015145e-07,-1.19649197496325e-16,3.07736067349314e-17,3.71953343920722e-17,2.67364841834838e-17,-5.15925389844824e-18,1.25180788541285e-17,-1.34394926178475e-07,5.77558404041822e-18,1.87467089350234e-16,2.75948256113399e-07,3.06950941636806e-17,3.10363311935719e-17,-1.20974866311799e-17,-1.63139466464223e-16,-6.49360857503951e-17,-6.00751960683885e-16,-1.37169582096317e-17,-3.83458790779269e-17,-2.5729989163522e-17,-4.78023242058399e-17,-6.68520187127769e-17,-1.44483965978166e-07,7.69837683329384e-05,-9.18578918980227e-17,-1.89664814036787e-17,5.1632470513926e-18,7.3265378866186e-18,2.11094162982928e-16,4.62145879803753e-18,-2.36540630641798e-17,1.13322299093707e-16,-6.00026175545687e-09,-2.91741745509166e-17,-3.24666393753052e-17,-2.58965603101691e-17,1.99605475630672e-17,7.67359232821076e-09,-4.63747979037334e-17,-1.08454874955967e-08,-4.06727316265538e-17,-9.05537140647221e-17,-1.42745407249174e-18,4.4600083593568e-17,5.8279559613667e-17,-3.00186073477764e-16,-1.0208242261329e-17,-6.54444441784125e-17,-4.93924467773206e-17,1.29879743211811e-17,-3.5686074752273e-17,3.86178292583999e-17,-2.13614289733255e-17,1.21759236009404e-17,-1.14150465369179e-17,7.23506058421409e-18,9.64081673691305e-17,3.29893838069737e-18,3.15966948057055e-17,1.0495211807002e-17,9.46508496579845e-17,1.05842347162515e-17,6.76532396557777e-17,-4.80047618027445e-17,1.07294379706617e-16,5.75201737822138e-10,-1.5888253634234e-16,-9.28241951707263e-17,7.249055368254e-17,-7.62844479426315e-17,-2.15732861093077e-17,4.05586786070041e-18,-4.83264889411124e-17,-7.55223903929039e-18,-1.45866626106233e-17,-4.98042397855347e-19,-9.43255890062389e-18,-2.23025925762013e-17,2.28047549172866e-17,-7.58418005591501e-18,7.0277723409412e-17,-8.85816159720661e-17,-4.89727942939594e-17,-7.37903426434095e-09,1.86028115097762e-18,-1.22194640250603e-17,-1.80658683554992e-17,-7.09250694780055e-18,-6.47008205854097e-17,-5.13925457820855e-17,-8.38224580263498e-17,-7.39375501191773e-18,-5.68560432024756e-18,1.55834005558769e-09,3.16217671967928e-16,1.47841142649084e-17,-4.31430164884479e-17,-2.20104848606895e-17,-1.6622480165964e-18,1.9689053857062e-17,3.62751870767992e-18,4.70507230139901e-17,-8.73332296809195e-17,-1.4043100454623e-16,4.86240204862576e-17,-9.79848485326463e-18,2.60625872376769e-17,7.83669663946867e-09,1.20619521058872e-17,-6.19243135410148e-17,1.52326721122664e-17,-5.70507183161872e-16,-2.35530486691833e-08,-4.54892066828591e-18,-3.5541464679666e-17,1.53397198759722e-17,-1.00677193837432e-17,-7.51110922446108e-17,1.46278084471121e-16,1.10553402265311e-16,-1.49219023990592e-16,-1.29861640518856e-16,4.68945700861944e-17,-9.68994753618589e-17,3.63479294932166e-17,-1.41214183539525e-17,2.90593976154132e-17,1.55075808002409e-17,8.09906227000437e-17,-3.03311558242294e-16
"t279",-0.0277873037902562,0.00534217983960932,-0.00638960391509655,-0.0118849780830961,-0.00952504507714259,0.0109271005517209,-0.0812185208334294,-0.0150295630846629,0.000155970922793507,-0.000112269038861686,9.85635126370145e-05,-0.00769737997551972,0.0118997746193338,-0.00162714178013193,0.000295736863871578,0.00626132702291008,0.000362603401721983,-0.00169864972695392,0.000211563199116314,-0.000265839780065532,0.0101600548931968,-0.00462318411682875,0.00361547612035486,-0.0245955416403127,0.00396944215623509,-0.00477653178970451,0.00777861754271374,-0.00925342471764384,0.398226056110007,0.058402806933893,-0.000115437814597901,0.00016059277549256,-0.0392612278881678,8.4519834724891e-05,-4.09242086776506e-05,-5.18674046543257e-05,-0.00198206236534101,1.3370006049667e-05,0.000106136511380316,2.76186928402424e-05,0.00127574920169899,-0.000141700208006429,0.00099516708553193,-0.0001137340854895,0.00541565843507706,-0.000102014741489734,0.000156055773842472,-0.0228115607769125,0.000129512583827506,-0.000262995089667207,0.00173194172398552,-0.000156704136329087,2.19003048812165e-07,-0.000652592242283647,2.46179038526322e-05,-0.000256375163970195,8.60150016937504e-06,-0.000558024697633023,0.000188623740458341,-0.00025114857228997,-0.00180204951721118,2.36080499305012e-05,-0.000757615053828378,0.00040141374753683,-2.77415538542473e-05,0.000631570829965708,-3.66163240751825e-06,0.000125569276981509,-0.000338737196579112,0.000129841319348408,-8.77149049396737e-05,0.00027738079798564,-9.60467895313282e-06,-0.000451120705722359,0.000188954707396324,2.95494486341655e-07,-0.00202512338633375,2.7835718755402e-05,-9.94916645827858e-05,-0.000115833445696162,3.35393507761858e-05,0.000501197922478353,-6.14434054416927e-05,-0.0003853905599011,2.2889020632346e-05,0.00385159135972445,-0.00667016878597615,-4.67138637020149e-07,-7.26983105551222e-07,0.000492292597838757,-1.15316693635716e-05,4.32038631055509e-06,2.95272803080873e-05,-0.00196102808582786,-1.32163150807868e-06,-0.000570073470624669,-4.4632373101897e-05,0.000325833007046496,-0.000375454517457072,-0.000102943707620653,-2.27337201516822e-05,1.1020290611232e-05,-3.11605224898073e-05,1.22520362099057e-05,-5.3881715397301e-06,6.11026947129058e-05,-0.000294796584378959,7.85893778044931e-05,-4.62446296270517e-05,1.4792002468809e-05,5.00900564203219e-05,0.000130294091040212,-0.00202304685782023,0.00196669932354804,-1.04715563328743e-06,4.32264155927117e-05,-6.59817904404707e-05,7.80384160465832e-05,-9.11415250914129e-05,0.000266237248687246,-0.00948921657395808,0.000367118328867832,-0.000599345277251946,-0.00169614804257628,0.000810490260959506,-0.370172777011935,-0.011779049537606,0.000183704879706801,-7.86289975108973e-05,-0.00256494547201652,3.94113831344057e-05,-0.000129737834800228,0.00014166603663073,2.66114625298218e-05,-9.69287636320609e-06,-3.29807743921172e-05,1.14303718087234e-07,5.01205070905398e-05,-8.15689391695444e-06,2.2984536244452e-05,1.29115203159795e-06,4.66634934392887e-05,-8.12025049234578e-06,-4.9561292598697e-07,-2.04417746813353e-06,6.74621145091844e-08,8.28051798771212e-07,1.42401658630209e-07,1.29552781689413e-08,-4.98209503932536e-08,-1.03143721136751e-05,-2.63465270758145e-07,-7.79420036557311e-06,2.3749252208743e-06,-1.00099657413969e-06,-9.07001822204963e-08,1.39625799749213e-06,-0.000114747635387325,-5.57987135205378e-07,-1.85760983671633e-07,-9.22637127786671e-05,1.80221930385423e-06,-1.01592094322628e-06,-0.000134222730194126,1.60086285933623e-05,-5.81658123334452e-05,9.16372234379866e-06,1.56834652448151e-07,7.80036451706164e-06,1.04359229248716e-05,-0.000128376919132163,-0.000229759006408336,3.18976963083808e-06,8.80877814618167e-07,1.51918113070885e-05,3.40641229135746e-07,1.34556605481281e-06,-9.21208399505063e-06,-5.83026608367006e-06,-0.000231165656726084,0.000111360684159379,0.000224923193990211,-5.41821197323165e-06,-1.71537945570046e-07,-6.52896681325016e-07,-1.15173117557008e-06,-2.33640307365494e-05,5.62238446912154e-06,2.53100308737494e-05,-0.00028805495964787,-6.58809368854566e-07,1.2326522385622e-06,4.92241810036483e-06,6.34529497719493e-08,8.50797278034036e-07,-1.21651066714236e-06,-2.24837612765328e-06,-1.49226971515395e-05,1.3494760344e-06,5.89818404836584e-07,5.89237501599904e-07,9.93817915300376e-05,-1.64769656273871e-08,-2.57193775112828e-05,-5.67620347940307e-06,-0.00141967046732121,2.58740665691086e-06,0.000130883783902642,-2.13122953315498e-05,-9.69088921580429e-07,-9.89602831746064e-05,0.000226176933116275,-0.00062163027704774,-1.04040705192154e-05,-8.75982795766038e-06,-7.93001444879949e-06,1.73952632739674e-05,1.19686098480684e-06,-2.87633650841997e-06,-2.00105805398605e-05,-0.000129989312456646,0.0649762738879931,-0.00014730927970093,-0.000209210384338357,1.70062083814573e-05,7.44231340090758e-06,7.57188371054977e-05,2.62055891242539e-06,2.84741667079493e-06,1.54465711414516e-06,-0.000250475128049973,-4.10830320892997e-06,-2.62527523193056e-07,-4.12840969662772e-07,1.0629847905805e-08,1.08126361693977e-07,-5.56412981464389e-10,-4.40637949452146e-16,-7.64263087682131e-08,8.7281911889071e-06,-3.55441682016701e-07,-7.74425557774683e-05,-1.49184369879833e-06,2.33835886136551e-06,-3.50062933094991e-07,1.68921387676374e-05,-2.98293218862139e-08,2.05493377869965e-09,-3.36727649845921e-06,5.11834148074811e-06,-1.63340338311353e-07,2.24995604471161e-05,-1.08082123164655e-06,5.82947900251821e-07,-3.87736750277453e-08,1.43555631030046e-06,-1.37196540247774e-06,2.79555339758747e-05,6.91704144400358e-07,-1.34051533067995e-07,2.93928294171289e-06,-5.69912314245199e-07,6.25884522050747e-05,-3.12167608550752e-05,3.12178436911043e-07,-1.06272373738167e-07,1.2551966730385e-07,8.87871555925657e-06,-2.02738703423492e-05,1.32997968382373e-07,5.31385389709195e-08,-1.15064805931422e-07,9.9640311155996e-06,-1.50852227157583e-05,2.60128609306586e-06,-3.53843094369227e-05,3.55327963942908e-05,-1.9842450307915e-06,4.54937027445888e-06,-1.65923878408062e-06,9.0045058505091e-07,1.49196013715148e-16,-2.21265880557255e-06,-7.5783179963107e-08,-7.04261935603752e-10,-6.08837148892892e-06,1.0783435147351e-07,-6.6717222699218e-08,-2.02480399779805e-06,2.27767084695113e-07,-1.39680885064184e-06,3.65831831236885e-06,1.33680838903399e-07,-1.18478974759201e-07,1.52955346130995e-06,-1.8505068791321e-06,4.12350445907987e-05,-8.81762875824492e-07,1.31536091873316e-05,5.06279819779831e-08,2.7244108722844e-07,2.07102563985568e-06,-1.69331744350013e-05,3.98674412103234e-07,-1.51879625622806e-06,2.03020581724599e-06,-7.35180465974145e-06,4.55630986190841e-07,4.11101558255366e-07,3.12716454389618e-06,-5.2526821474009e-06,-4.19761632733068e-07,3.39998110294316e-06,-2.21200944086453e-06,5.45337380505777e-08,5.05178118078443e-07,-9.71989885462457e-07,1.9257659670526e-16,2.78368010716703e-09,1.16755160381967e-05,-1.36132108928479e-06,7.72639977977334e-07,6.90698390807657e-07,2.01484319158366e-07,4.66138092047312e-07,-6.79632647533665e-06,2.5072682359703e-06,8.80445125471014e-17,-1.8874583795064e-06,-2.29569789315619e-08,-6.38680947635011e-08,2.12334585850034e-06,4.73949888293305e-07,-3.17656518934191e-08,-1.20286873248847e-06,3.18457643977649e-07,-1.03887760948324e-05,1.93867497235096e-06,-3.9016789245884e-07,-7.01796969994545e-07,-3.69825383731308e-08,-4.7045440794446e-08,-6.91880936096713e-07,2.88696211187636e-06,-7.44539986094693e-07,-2.29870374723939e-16,-1.91817880622569e-05,1.4976825828579e-06,3.32538967427722e-08,3.72436581882309e-07,-1.34432678016319e-06,-2.70862162457324e-06,9.45041616615596e-06,-3.42576863843211e-05,-2.36133762920884e-07,-1.71430440143154e-16,-4.31419221784966e-07,-1.1906887639025e-06,-5.37798958933752e-07,1.55231217168951e-16,1.02218250654175e-06,9.1462340032996e-05,-1.39235006321955e-05,-7.91528868489598e-07,-2.64712133369219e-07,-1.41289553312388e-07,-5.03887829767924e-06,1.3922331418707e-07,1.47784861970225e-06,4.29214235293264e-07,2.97675730612043e-07,3.88960182878357e-06,1.03599518469268e-16,-1.50595436773312e-06,5.42783236817822e-07,3.47957729053345e-06,-3.4571832847757e-07,-1.33151688385402e-16,-3.2519246973573e-07,5.25556756913494e-07,-1.38193347546557e-07,-1.21936307130416e-07,-3.05696802704177e-07,2.87665945934476e-06,-4.1017847119893e-06,5.2855079140587e-07,2.30020484097391e-16,1.78840219097597e-06,-3.07019766814204e-06,6.49526323443956e-06,2.12352473623753e-06,-2.15466575931927e-07,-1.43820188632852e-09,4.05925293378573e-16,1.09353544028276e-16,-1.34265045782287e-09,-1.50222693066583e-06,1.97282907673591e-07,-2.14213704427895e-07,5.73334277950652e-16,-9.52629762710025e-08,-1.09072222224046e-09,2.42198144147346e-17,-8.87185002656952e-17,1.24274561166587e-16,2.07854145317336e-07,6.03967769847361e-07,-8.27361394932852e-07,4.65150519993353e-07,2.30492562102766e-07,4.48060456974435e-07,-1.34461388605455e-06,8.51961838808102e-17,-2.58252560473525e-07,6.26344660880961e-06,2.16141817854262e-16,4.22905957915126e-16,-3.39567660825902e-07,-2.44881883423103e-11,-2.18255963131274e-07,1.21668915031498e-07,1.67224868817007e-07,-6.72565214038958e-09,9.722007163799e-16,-2.16200563339349e-08,6.75721574432948e-16,-6.37886400868423e-08,-7.78457159844592e-16,-1.32861463209429e-07,-1.3775139146162e-16,6.66700605628435e-08,8.02956625010905e-07,2.20450570117231e-09,2.01290854564884e-08,5.65343452851033e-08,-3.57118449696263e-11,-3.59445978209017e-08,-6.0783187835009e-09,-2.97564874108851e-08,-3.34680608028253e-09,-9.07288877828416e-08,2.65174591417243e-07,7.98959075837637e-08,7.43056360375838e-09,2.44638596789729e-07,7.04759431954228e-17,-2.10258730913191e-06,4.19768989764155e-07,-5.84038768391307e-08,-4.15472818998753e-16,-8.42296562809776e-09,-2.57611974913869e-07,-9.67793690906382e-07,5.11478280211283e-18,1.67006491655928e-06,1.4043144738014e-07,-2.55384976829678e-16,1.940854829574e-07,-4.99915039045668e-06,2.69909480401859e-16,1.06742897565032e-15,1.55033073238734e-07,1.2088453483444e-07,7.15063378673031e-10,1.0361077010897e-06,-3.02800704209153e-07,-6.2294907014e-07,-8.75028764538368e-08,-1.210023257051e-06,2.26308896872065e-06,-3.06438902031303e-15,-3.35607452010124e-08,-3.35304715361297e-09,-9.45911376021841e-09,-9.08868790654099e-07,6.65030314729736e-16,-1.82331021788124e-16,-3.09909346738714e-07,7.29998073725124e-17,-8.78322540193342e-16,-2.43923591407273e-06,2.83122758419244e-06,3.66763317832152e-06,3.32764005468081e-08,-0.000102138333823093,-2.24709150716651e-06,-1.0255979894848e-07,2.70892802877963e-16,-2.96858994299041e-07,-1.44052126124986e-08,-6.69430922593003e-08,4.99666371019651e-06,-2.21761332879345e-05,1.15048109363515e-15,-8.05483762319882e-16,-7.39604335284397e-15,3.33394684665696e-07,1.20572258042552e-06,1.01701209349558e-06,1.28676254405643e-15,1.00951009436416e-06,-1.11079798102128e-15,-1.45880140869152e-15,-3.58310219778329e-05,7.9134465304945e-07,1.94028820788006e-15,2.19296727524845e-06,8.46524184885615e-06,-5.82764470752061e-15,-4.29965128247428e-06,-1.35479798274274e-15,-1.44476261463481e-06,-2.81387808025455e-15,-1.47471152562001e-06,-1.29968665694717e-05,-3.33500502954646e-06,-4.65377589699395e-07,-3.42205919678059e-06,2.07407155331752e-05,-1.18523805741102e-05,-5.28793182293194e-14,-0.827060901226267,-0.000299861824342662,1.21125690572357e-14,-2.19978302837407e-05,-2.45984209727224e-05,3.55113162664272e-05,2.23936877662597e-15,6.27721962846825e-06,5.25074263402635e-05,-2.70431038796025e-17,-1.69470837796033e-05,-3.5681330157415e-06,-1.09630496756747e-06,-3.76136923887792e-15,-3.66804368165407e-15,2.10932740753541e-06,5.85268040873656e-07,4.64703806975131e-08,-3.41128221914245e-05,2.37711445240188e-07,1.18088232499516e-15,3.77352461687878e-15,8.44803775691004e-07,5.80378381878948e-09,-4.29267775390634e-16,1.94929427456292e-06,5.67111639375793e-16,6.72260041024198e-06,-3.41145288217753e-07,-1.986451036475e-07,-1.29952435105416e-06,-1.4791970664599e-14,-1.74701778278233e-16,-1.19957410473937e-15,-1.75438070173317e-15,-6.4893929493847e-07,-2.89117187892774e-06,1.53998317221527e-15,-2.62783904206043e-15,-4.26297002716683e-16,3.05349150630768e-06,3.51089238055915e-08,-1.44639801572339e-06,-1.74652561079455e-16,2.14715398239029e-15,6.63477519452504e-16,-8.13405956215308e-06,1.72083659330581e-06,-3.5763784324961e-16,3.77688586476302e-07,-7.53149623287278e-06,2.64640099537133e-16,-4.72521633824729e-16,-7.2951422316139e-07,-7.45715890536237e-09,-3.54660846058719e-07,-2.4093122943949e-16,3.88606485295145e-07,5.58008395133036e-07,5.87431201022442e-07,-5.2227235064109e-07,-1.84825450188582e-06,2.01429432328756e-07,-6.33275479857026e-16,-1.85691732603901e-15,2.74204630918129e-16,3.5942636757016e-06,-2.51113896236145e-06,-1.35700271036969e-07,-1.02983075758595e-07,-3.9189214030815e-16,4.57415694844007e-16,2.73219860144957e-16,1.56216130229693e-15,-1.91322228909857e-15,3.28481825478146e-06,-5.64820279893912e-16,9.47030309604743e-16,-7.58420297534971e-08,1.39150258488145e-17,-6.78450865572202e-08,1.42003311661251e-15,-8.40159913121554e-08,-1.01750416136878e-16,-9.95767232431656e-08,-1.24004177354305e-08,-1.00574098796584e-05,3.3834872466925e-16,3.91464954396107e-07,1.48719283200885e-16,5.44931142497141e-07,-6.47511874341706e-06,5.17283625633277e-09,-6.78939885257023e-16,7.47759656409741e-07,-2.90108464877567e-17,-1.81200700918709e-07,-1.0220684907372e-06,-3.78544600647099e-16,1.03120829022715e-16,-3.40455520754935e-16,3.05079076462751e-16,-3.39249033041307e-09,-4.40475311850653e-08,-9.80241394764729e-09,-4.57053159634133e-17,-1.48324955629912e-16,-7.05552157660668e-07,7.44465968641455e-06,3.92996692449786e-16,5.49925199860169e-18,-4.31259599186518e-08,2.92651473426285e-16,-3.0443969549606e-07,2.39651871424528e-16,2.84288113128494e-06,5.62221752972088e-16,-3.99226057759184e-17,-1.37053843461281e-16,-1.1347768068917e-16,-2.16679180911979e-16,-3.12322609480741e-16,4.78501594898886e-07,-3.34552849530814e-06,-4.29234786840406e-16,-2.46334525897214e-07,9.34274837213759e-07,1.79947219106007e-16,-5.44629489259928e-17,-1.27379098453029e-16,-7.01679490296333e-16,9.0971632231172e-08,1.45074101381221e-08,1.29572429009234e-16,-1.3122311631291e-16,-1.64227892493703e-07,-5.85596847050279e-07,-6.12027994485645e-08,-9.14321159972533e-17,1.48457365603094e-16,-2.98777894736043e-17,-6.7522771218158e-16,-5.92539722340805e-17,-3.56543988737827e-16,3.3815762008608e-07,-3.192178858589e-07,-6.12631678195377e-08,7.85199288197037e-18,3.22476617620008e-17,-1.52005489818857e-16,-4.55904990662861e-16,-1.55285475145031e-16,3.06413655059184e-16,-3.45711150654743e-16,1.3307944055294e-16,-5.41436635784847e-16,-3.74041965866535e-16,-2.42824581731394e-16,-5.30406464878579e-16,6.23535315091892e-17,2.68698755640038e-16,2.91381150645807e-07,5.57881553424278e-16,-2.96368580103719e-17,-2.73041574827966e-16,3.17383139686363e-06,-5.52677233133638e-09,-1.85497358883022e-16,-1.05867443810554e-07,2.88222404280231e-06,1.27183817364615e-16,7.20343102779064e-16,-7.99608213913527e-07,1.91530043359826e-16,7.00435909761936e-08,5.45583708639212e-17,8.22424350410503e-18,-9.82898278051473e-17,-8.04313935071272e-17,9.81288220194053e-09,-1.34653596166031e-06,-1.40705538858088e-16,-3.60233241629399e-16,2.93350711475895e-17,-2.09383395288655e-16,-1.1518563880486e-15,5.41861473633218e-17,1.89851133054141e-16,-2.01265317465093e-17,1.39776422846884e-07,3.31692040755767e-17,-1.99533706985211e-17,-9.84404023540247e-17,2.2025379626904e-17,-2.35840192966117e-16,7.4856347315635e-17,-3.06275314398119e-07,-7.60103637008568e-17,3.14484853300304e-16,2.2805001861146e-07,-3.82140485795108e-16,-9.67415475163722e-17,3.5503575110418e-16,-1.17983342256574e-15,1.29340832149077e-06,-2.03148137678423e-16,-1.37908632433427e-07,3.85585260475378e-16,-5.90158579478565e-17,-1.09140621092668e-15,-3.06521318337071e-16,-5.13328289655439e-17,4.8919868289506e-16,4.95687747040093e-09,-1.46545185577265e-15,-5.98540563807712e-17,2.48840311835652e-07,-6.16194360286045e-07,-1.23073958083629e-16,4.30186490617044e-07,6.29393514194971e-08,-5.87022322120125e-17,-5.50750818368788e-16,-5.83287754753104e-16,1.51673934985389e-16,-9.2833740484565e-17,-1.04112994656301e-07,1.65556414482648e-17,-1.75432857975245e-16,2.80729391050795e-16,4.15229265344823e-08,-1.21214343338337e-15,-3.96959343152734e-17,2.03444663973443e-16,-2.8829745307955e-17,-1.88243284682395e-08,-2.37579593340412e-16,3.902981620683e-08,2.23785032284374e-16,-8.64514705999075e-17,1.04525526076867e-16,9.6107544765026e-17,3.81733403603117e-17,-5.9567494878756e-17,-8.47391757593049e-17,-6.03910958658614e-06,-1.49913252001298e-16,1.88425107373094e-17,2.81836585180017e-07,6.9349647149167e-17,8.11414238928922e-18,-2.55166236590341e-16,8.25948517607013e-17,-1.08586259500045e-16,-4.87222727014848e-17,-2.94287763958497e-07,5.39607888988618e-18,-7.00013102784345e-17,6.03057866706291e-07,2.85245587954894e-16,-8.46844858985235e-17,4.713317116339e-16,-2.08015050044846e-16,1.94184745498596e-16,4.07871812128177e-17,-7.25426890356498e-17,-1.08741368309961e-16,1.06641646217149e-16,4.06896165254582e-17,2.07156464608853e-16,-3.13333920455856e-07,9.32727135961518e-06,-6.81365184776126e-16,3.98181850329975e-17,2.90207506220719e-17,1.82225311017014e-16,5.18031798013574e-16,2.2784667498181e-16,-1.54142257791426e-16,3.07619522006423e-17,-1.29590050721145e-08,-1.96737023128998e-16,-8.68683105336034e-17,-1.31195754778742e-16,-2.05990992074085e-16,1.65141095862703e-08,-4.77611099140162e-16,-2.32501887224073e-08,1.5589892681262e-16,1.13678589061987e-16,-9.89865522674508e-17,-6.40875812096965e-17,-1.41419274437483e-16,4.19939753125727e-16,3.1377678563979e-17,5.10241137092832e-17,-6.85596138317845e-17,-1.62466610483089e-16,2.04089012939593e-16,-1.55782172121461e-16,-2.27188928393658e-17,-5.02529520569795e-17,1.26327737320787e-18,1.50669849438363e-16,-7.42162073277995e-17,-1.49422567748911e-16,3.88780145273134e-17,-1.69450535649725e-16,-2.90566182226115e-16,1.86801901884246e-18,2.54032080375157e-16,3.20525802503368e-17,1.90903836520358e-16,1.21676722196302e-09,-1.51582429480367e-16,4.06394783040462e-16,-5.33537042715417e-17,3.81434378438778e-18,2.5836985210509e-16,4.44130029736816e-17,-1.52830822051971e-16,-1.13398926397457e-16,4.70015971664466e-17,-1.73904780029346e-16,5.20417042793042e-18,3.82139096560665e-18,7.91022809842549e-17,-3.52724676524326e-17,4.24925202714899e-16,8.245276810136e-18,1.34684742457213e-17,-1.54805352506256e-08,2.44551783313342e-18,-4.30071799904229e-17,9.91182354334055e-18,1.77261674628642e-16,-2.98901646262516e-16,6.88540262913582e-17,3.64845380874176e-17,6.04078537856281e-16,-2.93471685317263e-17,3.24320461112908e-09,-7.81586418791963e-17,3.08633752641143e-18,-2.05468843788971e-18,-3.19877303414801e-17,-1.51193947642007e-17,-5.59077307696304e-17,-8.51255525885091e-17,-1.45006650360614e-16,5.34609325397149e-17,1.05361568833306e-16,-1.07959620921435e-16,2.28293551781628e-17,9.49829847751689e-17,1.61876206720343e-08,4.00141677107276e-18,-2.09640769122579e-17,-3.5408089345526e-16,-5.09466600850939e-16,-4.84898306261038e-08,7.95701360011334e-17,-3.70901240870043e-17,-1.35597219470192e-16,7.43028602772069e-17,-1.11731378844355e-15,9.14849364294797e-17,1.7875098453657e-16,2.60836246413405e-16,-3.51483410653349e-17,7.12466620064792e-17,4.90043353927663e-17,2.30346259409851e-16,-1.23176708110471e-17,-1.15278979137913e-16,2.2578714202973e-17,2.83084113272327e-17,3.1252362265535e-17
"t960",-0.0277983028466696,0.00534663515151459,-0.00639510503765615,-0.011898689666432,-0.00953849755747185,0.0109452035849321,-0.0813557154331129,-0.0150569678394791,0.000156306727445021,-0.000112562031652567,9.88896711094552e-05,-0.00772874385401094,0.0119496746843765,-0.00163406788163632,0.000297050363380463,0.00629077098644751,0.000364349102329612,-0.00170697520057711,0.000212624025416219,-0.000267287402254061,0.0102198768581295,-0.00465600787757413,0.00364257629431707,-0.0247809472459615,0.00399948166013596,-0.00481439303046703,0.00784100005208014,-0.00932829722786408,0.401534192686573,0.0589751783106546,-0.000116643768740292,0.000162346279877882,-0.0397206567927931,8.5555439539103e-05,-4.14510604643636e-05,-5.25880598561363e-05,-0.00200994798541565,1.35610734369072e-05,0.000107663510985592,2.80219109880843e-05,0.00129490522097673,-0.000143879035736894,0.00101069526882329,-0.000115510891913166,0.00550172783173582,-0.000103738604127742,0.000158741228189775,-0.0232074471529794,0.000131813507440732,-0.00026778519800202,0.00176452714025215,-0.000159696551746167,2.23194166708012e-07,-0.000665311018648791,2.51147935118426e-05,-0.000261576917796052,8.79252475608133e-06,-0.000570713367877292,0.000192924721010025,-0.000257204706082179,-0.00184730820471165,2.42127430176184e-05,-0.000777327796101461,0.000411899389182726,-2.84873237981721e-05,0.00064898301799717,-3.76816614937e-06,0.000129309242511454,-0.000348934547117381,0.000133825145351363,-9.06759276166087e-05,0.000287400764313787,-9.95515076186784e-06,-0.000467923776433147,0.000196010760750821,3.06626077952376e-07,-0.00210167697195346,2.89058830990223e-05,-0.00010346214645887,-0.000120524775799214,3.49317807918028e-05,0.000522116391959479,-6.41072626461195e-05,-0.000402287658818747,2.39407834141952e-05,0.00403079812039642,-0.00698441994572798,-4.89191222169922e-07,-7.61320388603555e-07,0.000515575500901827,-1.20796334213415e-05,4.53482735493071e-06,3.0998609990606e-05,-0.00206132342244195,-1.39223173332701e-06,-0.000600722371387619,-4.70326640996791e-05,0.000343641213454106,-0.000396097005155495,-0.000108730408082671,-2.40345324559769e-05,1.16518550897497e-05,-3.2949457440093e-05,1.30114801119861e-05,-5.72401961108283e-06,6.49277289372374e-05,-0.000313392333661169,8.3557328857112e-05,-4.9178930584538e-05,1.5735908244747e-05,5.32922802036279e-05,0.000138714685274737,-0.00215396031488941,0.00209758728874975,-1.11725822743003e-06,4.61575662629544e-05,-7.04815635059807e-05,8.34437216148198e-05,-9.75482166913937e-05,0.000285159327932984,-0.0101678369794137,0.000393935005550005,-0.000643720502973559,-0.00182179456196697,0.000870645333902021,-0.398025938827173,-0.0126663519425356,0.000197705215406994,-8.48204265113968e-05,-0.00276698785105465,4.25239775622391e-05,-0.000140205571658091,0.000153143678212438,2.87739621547206e-05,-1.04901980378203e-05,-3.56982892655129e-05,1.2396368642609e-07,5.44419768059972e-05,-8.87932052551363e-06,2.50217203534847e-05,1.40611053261303e-06,5.08277942785973e-05,-8.84759631956081e-06,-5.40068554080118e-07,-2.22754013704948e-06,7.35746579936123e-08,9.04580412489789e-07,1.55826081361253e-07,1.41825888536372e-08,-5.45916432068577e-08,-1.13028831214957e-05,-2.88818248133939e-07,-8.54602113582838e-06,2.60463023817742e-06,-1.10022779029936e-06,-9.97266055426764e-08,1.53559572835092e-06,-0.000126918790921324,-6.18031871089453e-07,-2.05794658358197e-07,-0.000102335037353379,1.99943165702716e-06,-1.12880861121247e-06,-0.00014916501993317,1.781733037238e-05,-6.48311301434368e-05,1.02568580915708e-05,1.75569530481475e-07,8.73250085463725e-06,1.16897477884452e-05,-0.000143898037498848,-0.000257562600433574,3.58056833313286e-06,9.89216715515579e-07,1.70758174588041e-05,3.82971659355104e-07,1.5129494495528e-06,-1.03801198303887e-05,-6.58404499123186e-06,-0.000261152096971223,0.000125852049871595,0.000254466747953725,-6.13244348105087e-06,-1.94229382883809e-07,-7.39548149273323e-07,-1.30627792400762e-06,-2.65076958246334e-05,6.39670224524642e-06,2.87984089668094e-05,-0.000328063854694695,-7.52260833193028e-07,1.41055167046507e-06,5.6370581555725e-06,7.27464290807334e-08,9.76223536208142e-07,-1.39934310260053e-06,-2.58769612626093e-06,-1.71946023374157e-05,1.55582587496859e-06,6.83059131496601e-07,6.82530841763054e-07,0.000115336710740613,-1.91582490271093e-08,-3.00409725131641e-05,-6.63010839352716e-06,-0.00165894991165104,3.02740925828799e-06,0.000153278917173216,-2.50187528914998e-05,-1.14101510788548e-06,-0.000116797427269088,0.000267143191611471,-0.000736704235297706,-1.23532708671701e-05,-1.04014972124091e-05,-9.4300342324963e-06,2.07634563688337e-05,1.42963996948378e-06,-3.44911071349435e-06,-2.40602395334494e-05,-0.000156442603413565,0.0785033693848107,-0.000178142225202297,-0.000253257744634747,2.0651084631085e-05,9.04311821336418e-06,9.20198736843964e-05,3.19570501931278e-06,3.47965867204183e-06,1.89207330519075e-06,-0.000307139072545066,-5.04330470722409e-06,-3.22611903616796e-07,-5.07477466376018e-07,1.31024219813359e-08,1.33506296312733e-07,-6.8830119990493e-10,1.58686629305536e-16,-9.47968628378448e-08,1.08320331222173e-05,-4.42775499893665e-07,-9.67518810543152e-05,-1.86831851665538e-06,2.92888159924257e-06,-4.4045070788327e-07,2.12699878424852e-05,-3.75732559709708e-08,2.59278007263006e-09,-4.2534691423248e-06,6.47894038279102e-06,-2.06953661807629e-07,2.85181268870033e-05,-1.37283614394084e-06,7.47110857079935e-07,-4.98527160825986e-08,1.85073165749315e-06,-1.77925246692223e-06,3.62699139443154e-05,9.01193268549191e-07,-1.75063699305953e-07,3.85158959255416e-06,-7.47621289053534e-07,8.21990556553367e-05,-4.10633814286057e-05,4.11625787606574e-07,-1.4016456817182e-07,1.66563523047602e-07,1.17836395567617e-05,-2.69113013119042e-05,1.7683540975967e-07,7.06976350122868e-08,-1.53392062175873e-07,1.32879135231291e-05,-2.03646389798247e-05,3.51646698316911e-06,-4.78851616582736e-05,4.82066930244337e-05,-2.69741705777557e-06,6.21290140283774e-06,-2.26900195628286e-06,1.23267409923381e-06,-5.71585178292982e-17,-3.0401944556917e-06,-1.04176854920144e-07,-9.69668276616018e-10,-8.41462512168862e-06,1.49525374734606e-07,-9.2656411095472e-08,-2.81421772280607e-06,3.19791952664797e-07,-1.96246089382994e-06,5.14071156001259e-06,1.88420390497215e-07,-1.68457895905419e-07,2.17810611549538e-06,-2.63796078802949e-06,5.89903117128703e-05,-1.27893936779807e-06,1.91916523334531e-05,7.38939703212038e-08,3.97682021823654e-07,3.06882941653983e-06,-2.55486121247499e-05,6.02937962772981e-07,-2.30496786571572e-06,3.09425685563176e-06,-1.12197290088108e-05,7.03153373027074e-07,6.34974434154239e-07,4.83769920947081e-06,-8.13460341579095e-06,-6.52380876523546e-07,5.3051397599452e-06,-3.46429113898049e-06,8.55457868199724e-08,7.94660232593565e-07,-1.53811825757611e-06,-8.07470654091493e-17,4.57604775880902e-09,1.92695591972536e-05,-2.2602807229113e-06,1.28308839719753e-06,1.1472281939744e-06,3.35155694481343e-07,7.77570027944131e-07,-1.13751816467319e-05,4.22549544358044e-06,1.50345749497509e-16,-3.23277106698895e-06,-3.9400351884318e-08,-1.10098931343216e-07,3.6622604619563e-06,8.26550909020247e-07,-5.57432273737007e-08,-2.1297012307803e-06,5.6734804209336e-07,-1.87630300865805e-05,3.54684289433965e-06,-7.19834970694776e-07,-1.3009804661132e-06,-6.87632317722201e-08,-8.79440382770902e-08,-1.29413149883284e-06,5.42069290045443e-06,-1.40218098323152e-06,6.48397159758354e-17,-3.69620331270528e-05,2.90003284273148e-06,6.43941729746912e-08,7.31429687498152e-07,-2.64583488709022e-06,-5.47725539884635e-06,1.92627309199123e-05,-6.99378286405215e-05,-4.84988558207664e-07,2.30817669839602e-16,-8.92268482678198e-07,-2.46904623911674e-06,-1.12625753412052e-06,4.33892281773853e-16,2.16405489903711e-06,0.000194137104999029,-2.95937837419522e-05,-1.68707102623254e-06,-5.6687812591001e-07,-3.03651702188841e-07,-1.08597196708402e-05,3.0258120965627e-07,3.21510861365771e-06,9.39249123519044e-07,6.58234796876337e-07,8.60549691204936e-06,-9.73480939263831e-17,-3.40249625361835e-06,1.23091764006049e-06,7.95655981154663e-06,-8.00699226258066e-07,3.00456504061535e-17,-7.74885883420145e-07,1.29499498901261e-06,-3.45882960977044e-07,-3.07465521677521e-07,-7.77792354560565e-07,7.44483458229244e-06,-1.09230334961854e-05,1.51875715602273e-06,-1.01524400585138e-16,5.53658914335007e-06,-9.57031242246234e-06,2.05434688261084e-05,6.85657031829772e-06,-6.96832721446911e-07,-4.67901886730509e-09,-9.0205620750794e-17,-5.46630618860651e-17,-4.52484110512488e-09,-5.22752610304197e-06,6.89327023934494e-07,-7.71354168148467e-07,2.34779343419657e-15,-3.68017557771673e-07,-4.35671171414667e-09,1.47682250273104e-17,8.36809912349064e-18,-1.1688196589297e-16,9.31155402632795e-07,2.74899892652893e-06,-3.98804651284043e-06,2.36174160171171e-06,1.1777031166764e-06,2.43034285004721e-06,-7.34590172442591e-06,-6.53274224542847e-16,-1.61826500849882e-06,4.14304556998559e-05,-1.61598502552498e-16,-3.89506279219116e-16,-2.88997334099339e-06,-2.24261725924353e-10,-2.228063936549e-06,1.34664420742501e-06,2.2118474956383e-06,-9.18786700490078e-08,-2.03182222826906e-15,-3.09269377957382e-07,-3.29107627385214e-16,-1.05682807517956e-06,2.17545165909216e-16,-2.49432857330221e-06,2.29478750390814e-17,1.50942372706091e-06,1.89734932435517e-05,1.25858715068764e-07,1.65699728635735e-06,5.71234350962287e-06,-8.52045711985314e-07,4.18230267431897e-06,2.09980016946892e-07,1.02152061481136e-06,9.43481042630908e-08,1.9223337398266e-06,-4.2015183450578e-06,-1.04162294056774e-06,-8.48883010895888e-08,-2.63316411489964e-06,-2.68269951890972e-17,1.91601714957489e-05,-3.32571120250044e-06,3.3476845922045e-07,1.9193228513136e-15,4.45938655513564e-08,1.22062243283254e-06,4.38581083605198e-06,-5.43136575145135e-17,-7.40113848908932e-06,-5.71604304717211e-07,3.0800775933294e-16,-7.59060092611156e-07,1.57128458973073e-05,-1.59690424330055e-16,-5.19590003367687e-16,-4.5104405653541e-07,-3.49328664852204e-07,-2.00283840667496e-09,-2.79971860576473e-06,7.56537418626514e-07,1.54617598058488e-06,2.15174873523065e-07,2.69737710804015e-06,-4.67412600236805e-06,2.28126979112675e-15,6.73961640173735e-08,6.70139345447255e-09,1.85917519683677e-08,1.75114246470092e-06,-3.27711549658169e-16,9.11712514322676e-17,5.81217454747789e-07,-2.50722916075431e-17,4.7610612460227e-16,3.88828048627794e-06,-4.39279927438826e-06,-5.6873151051873e-06,-4.86859920708579e-08,0.000148277771661343,3.25676197444376e-06,1.47058158289204e-07,-4.19746998675243e-17,3.80621751592859e-07,1.8042013063954e-08,8.31999749488725e-08,-5.9773378456297e-06,2.47598302885961e-05,-7.38394172774932e-16,5.48075505832137e-16,7.32884363551756e-15,-3.37449137306049e-07,-1.17006772264851e-06,-9.83786691755376e-07,-1.00763105455418e-15,-9.37758113501019e-07,5.78165004673218e-16,6.18567613263198e-16,2.78628874897913e-05,-6.13990691100288e-07,-1.96674274088871e-16,-1.62859149192186e-06,-6.1279019190024e-06,3.91166752999694e-15,2.95311127186081e-06,7.66510339113582e-16,9.30936098086627e-07,1.38157975483491e-15,9.44768041798384e-07,8.28922327223652e-06,2.11628654120597e-06,2.9323721493154e-07,2.12222464872532e-06,-1.21103543344141e-05,6.35268207218408e-06,2.53221094700659e-14,0.397286929097517,0.000142334574196755,-5.90247432124689e-15,1.02764489781389e-05,1.11597540388052e-05,-1.56868771725096e-05,-1.14502235855118e-15,-2.52664236261731e-06,-2.074027434959e-05,-1.89814162392498e-17,6.52693354631501e-06,1.35704949739287e-06,3.97686522331675e-07,1.74704329305499e-15,1.92275666951318e-15,-6.81162049143234e-07,-1.79478965175422e-07,-1.40979736323778e-08,8.09338414545463e-06,-5.39910524281665e-08,-7.18351389803112e-16,-1.73046915313409e-15,-1.8605929129626e-07,-1.27318914501036e-09,1.66944836743561e-16,-4.05343484179071e-07,-2.54979465385537e-16,-1.32505148073362e-06,6.22765968324743e-08,3.60602675126245e-08,2.30715157005222e-07,2.73438855443167e-15,7.30660158301979e-17,6.07841166788501e-16,3.92457293839943e-16,9.26628010902279e-08,4.04851305452511e-07,-7.47916564819199e-16,1.239413768382e-15,1.30180787031756e-16,-3.9742725718921e-07,-4.4213313756213e-09,1.65767890132533e-07,8.12797331355141e-17,-1.45939033427411e-15,-1.45499931547555e-16,6.32462835397204e-07,-1.31693645961703e-07,2.99462707230959e-16,-2.37274036694182e-08,4.32218872915333e-07,-1.32027721882025e-16,1.02460273880362e-16,3.26690264538128e-08,3.26501456197031e-10,1.2952670555673e-08,1.20592841540472e-17,-9.55727598917072e-09,-1.0117390693801e-08,-5.43510953294832e-09,-1.37771283467756e-09,-1.06887864785152e-08,2.34126335777107e-09,2.47235179044567e-16,9.70855199740055e-16,-4.04718162474774e-17,1.56977802893371e-07,-1.10867994909185e-07,-6.52566649742048e-09,-6.95378002758128e-09,4.94636556093261e-16,-2.7394612431752e-16,1.84736023973343e-16,-5.76315120107285e-16,5.98284477558246e-16,2.86059806853506e-07,8.24987106070934e-17,-2.6442273032918e-16,-7.17008294428155e-09,2.04584433824876e-16,-6.44082070833431e-09,-9.49019896292402e-16,-8.03174045497059e-09,8.52480869324871e-17,-1.07785824988616e-08,-1.37900706380933e-09,-1.16364168324305e-06,-1.03681300352415e-16,4.74357379347365e-08,-1.00811635899931e-16,7.24536873129654e-08,-9.5754630881686e-07,7.68263832345757e-10,3.12024271306963e-16,1.15465457597e-07,-2.78109045520319e-17,-2.96433339315378e-08,-1.67659624213722e-07,-9.74739521220026e-17,-2.64361960558804e-17,1.71654853254189e-16,-1.5816697583689e-16,-5.81706146726371e-10,-7.63838568801456e-09,-1.72188533964081e-09,1.63350057907527e-16,4.32769832687674e-18,-1.31413487070257e-07,1.39007626880549e-06,-3.01665602577008e-16,-8.26275455959093e-18,-8.60638820977959e-09,-5.61829841266895e-17,-6.15748657967386e-08,-4.26295675167449e-17,5.96887683709308e-07,-2.73758578147729e-16,-9.37206526270317e-17,8.53192864287781e-18,7.50894298418681e-17,1.69217273526869e-16,2.16240792244402e-16,1.07744639890875e-07,-7.53969326973831e-07,1.86692459830455e-16,-5.67906652080794e-08,2.17394811505627e-07,-2.90483686623796e-16,5.69542253550868e-17,1.18744995817405e-16,2.97134137521842e-16,2.1997410203352e-08,3.5383980618516e-09,1.20424624293107e-16,-4.9817572138062e-17,-4.04373414816841e-08,-1.4436632828558e-07,-1.51504286552835e-08,-1.69247833202888e-16,-1.08867916942121e-16,9.90394612817808e-19,1.29080676923205e-16,3.12373432119633e-17,2.77151380504097e-16,8.91717916965827e-08,-8.46492995316267e-08,-1.63352029694946e-08,-2.34642068672985e-17,3.22253290790853e-16,2.34398698396957e-17,3.55704631099489e-16,-2.70278233268898e-16,2.30732079239301e-17,3.3090101928856e-16,-1.22401331035743e-16,2.62900168132674e-16,1.6114878388192e-16,2.25507846158084e-16,-1.59884940664849e-16,2.60883239221755e-18,-1.78043669437907e-16,8.46474481175965e-08,1.92508741275743e-16,1.47009277315242e-16,-6.7645834023854e-18,9.31722578674667e-07,-1.62634449287527e-09,6.40806158484366e-17,-3.11993260227472e-08,8.60105795403691e-07,-6.99858890730092e-17,-4.3501118925187e-16,-2.42277493766992e-07,-4.69404283872687e-16,2.16103391728259e-08,-1.84406424992585e-16,-1.62507019046697e-17,5.09691967897587e-17,-1.24246758463559e-16,3.11149284680459e-09,-4.27735142415619e-07,1.08776562021887e-16,-1.56699106707089e-17,-8.79776309694815e-17,-1.11154434491226e-16,3.75025531462736e-16,-9.60763193689798e-17,-2.92372536639681e-16,-9.81983048999964e-19,4.83822539064624e-08,5.73868080509628e-18,5.48865074749027e-17,2.84886662241187e-17,-5.29912056450518e-17,2.36235721773916e-16,8.43227205297042e-17,-1.07810528195555e-07,8.70492276270024e-17,-1.48625080441293e-16,8.05188613689858e-08,2.46543919776993e-16,-1.26149362609988e-17,-2.43116356662713e-16,4.0055623420281e-16,4.72631071190256e-07,1.3060624149342e-16,-5.06929132760072e-08,-1.82369142600752e-16,1.2146388609621e-17,3.11160326443774e-16,-4.05051155377006e-16,-5.95051763026804e-17,-5.97657378603032e-16,1.84380141588822e-09,2.05232087849827e-16,4.29367681192092e-16,9.33893778135956e-08,-2.31359835184979e-07,8.85374720125947e-17,1.62743370737305e-07,2.3866369545207e-08,5.16982534901422e-17,2.15891358779176e-16,2.06132252045946e-16,-4.85096351764696e-17,-8.80621636416278e-17,-4.08205441204134e-08,-3.85478655516017e-18,-3.99725843384535e-16,-1.83976587485207e-16,1.64150438388534e-08,7.26286594473638e-16,-2.66773913562907e-16,1.69719919852436e-16,4.00347626308749e-17,-7.52169573311999e-09,-1.1684556182424e-16,1.56460745217781e-08,-8.50176715233507e-17,-2.69176469569462e-16,-5.89995538020062e-17,-5.86984341838786e-17,-1.8944413214273e-17,2.13069210332769e-16,-1.45317389458262e-16,-2.46207082092083e-06,1.46761416517078e-16,-2.69721766137163e-16,1.15372032850842e-07,-3.74091768228056e-17,-9.49127435678985e-17,-1.71695074627496e-16,1.88048163212485e-17,3.78121068848038e-17,1.30203719423612e-16,-1.21998222545314e-07,3.88355494744287e-17,-1.50432552207794e-16,2.51389145844145e-07,3.21410303768906e-16,-1.74613579342816e-16,-2.8838603786071e-17,4.55703177819565e-16,-3.02419429883342e-17,-4.2738574202795e-16,1.67478857772105e-17,-2.46279534251809e-16,-6.03795069538124e-17,3.0988645310174e-16,-1.84676363135719e-16,-1.33239641309205e-07,3.97551384416225e-06,-4.62013587846508e-17,3.85098948523879e-16,-1.17231992416205e-17,-2.6735572265737e-16,5.14670771278869e-16,-5.91501137659637e-17,8.24475125279907e-17,-1.2054832428012e-16,-5.59000695218009e-09,-4.41648054514171e-16,-1.38998297142219e-17,-6.92346508157486e-18,-1.95752408209955e-16,7.19462797013213e-09,6.14252066998759e-17,-1.02406714236146e-08,-4.97526836473982e-17,5.75642483021471e-17,-3.95942287818555e-17,6.79017355515798e-17,1.91514930379195e-16,-4.59808583923135e-16,-7.37064812407179e-17,-1.1335323268713e-17,1.14219688377311e-16,1.55703731531884e-17,-2.34988206919574e-16,-1.0049245276421e-17,6.90449780382754e-18,1.20902125483651e-17,3.37694224761891e-16,3.40780146117584e-16,2.21059177374459e-16,3.87505447397007e-17,6.72904599240997e-17,-8.13768961025535e-17,-9.12898229232795e-16,3.28974209043458e-17,-6.0809264940998e-17,3.01770034070766e-17,5.84890599756862e-17,5.56699138328969e-10,-2.85313472960663e-16,-5.15790721154505e-16,-2.77159682687482e-17,5.02530432505864e-17,-1.37301214425968e-16,-1.39165086952314e-16,-1.29110612444266e-16,2.41619890193034e-16,4.73967172812978e-17,-6.94277957335975e-17,-7.73795090502905e-16,-5.74285181817811e-16,1.46263564056986e-16,8.317371435861e-17,-2.48328443611855e-16,2.9016382284005e-16,2.23687420579448e-16,-7.25346314196289e-09,-1.84325675442899e-17,-4.42449664941163e-16,-6.06373243325359e-17,-2.26198511714036e-16,3.52989517908964e-16,1.00508782654196e-16,1.09131244247812e-16,-5.69179293682435e-16,-7.26559461573524e-17,1.55520354525661e-09,2.37023361415519e-16,1.87608668311184e-16,5.37776260334328e-16,5.70203761062707e-16,-2.8342269126669e-16,1.84162427038811e-16,-5.1848384236351e-16,5.2300637622163e-16,2.6018988329265e-16,-4.13315924724004e-18,1.78067575442523e-16,6.5058715410983e-16,3.00685233131946e-16,7.9344314794517e-09,1.46504355095481e-16,-6.13722821439924e-16,4.63214441697659e-15,3.30486506217031e-15,-2.40012924739954e-08,-4.35637038360563e-16,4.29028526777857e-15,1.74923089013621e-14,4.82873114258459e-14,0.707106781186549,-1.27987194556833e-14,-4.50165339604132e-16,1.24721877463647e-15,-7.47249085362975e-16,4.74743003331696e-16,8.23543877643259e-16,-6.86751061405959e-16,-2.60424006238998e-16,-1.09981751869275e-17,7.61023870455195e-16,1.53471472692753e-16,-2.25403914699586e-16
"t961",-0.0277983028466696,0.00534663515151459,-0.00639510503765615,-0.011898689666432,-0.00953849755747184,0.0109452035849321,-0.0813557154331129,-0.0150569678394791,0.000156306727445008,-0.000112562031652565,9.88896711094567e-05,-0.00772874385401095,0.0119496746843765,-0.00163406788163629,0.000297050363380459,0.00629077098644751,0.00036434910232961,-0.00170697520057715,0.000212624025416219,-0.000267287402254058,0.0102198768581295,-0.00465600787757414,0.00364257629431707,-0.0247809472459615,0.00399948166013596,-0.00481439303046704,0.00784100005208013,-0.00932829722786407,0.401534192686573,0.0589751783106546,-0.0001166437687403,0.000162346279877869,-0.0397206567927931,8.55554395391034e-05,-4.1451060464372e-05,-5.25880598561371e-05,-0.00200994798541565,1.35610734369077e-05,0.00010766351098559,2.80219109880705e-05,0.00129490522097672,-0.000143879035736912,0.00101069526882328,-0.000115510891913165,0.00550172783173584,-0.000103738604127741,0.000158741228189783,-0.0232074471529795,0.000131813507440733,-0.000267785198002035,0.00176452714025216,-0.000159696551746196,2.23194166705333e-07,-0.000665311018648833,2.51147935118524e-05,-0.000261576917796041,8.79252475605675e-06,-0.0005707133678773,0.000192924721010036,-0.000257204706082162,-0.0018473082047116,2.42127430176151e-05,-0.00077732779610145,0.000411899389182711,-2.84873237981744e-05,0.000648983017997177,-3.76816614935998e-06,0.000129309242511474,-0.000348934547117373,0.000133825145351375,-9.06759276165551e-05,0.000287400764313881,-9.95515076186548e-06,-0.000467923776433167,0.000196010760750849,3.06626077975643e-07,-0.00210167697195348,2.89058830990717e-05,-0.000103462146458835,-0.000120524775799223,3.49317807918285e-05,0.000522116391959476,-6.41072626460986e-05,-0.000402287658818771,2.39407834141863e-05,0.0040307981203964,-0.00698441994572788,-4.89191222145645e-07,-7.61320388631517e-07,0.000515575500901869,-1.20796334213452e-05,4.53482735490122e-06,3.09986099905671e-05,-0.0020613234224419,-1.39223173332219e-06,-0.000600722371387658,-4.7032664099695e-05,0.000343641213454067,-0.000396097005155517,-0.000108730408082682,-2.4034532456015e-05,1.16518550897056e-05,-3.29494574400515e-05,1.30114801120292e-05,-5.72401961110179e-06,6.49277289372252e-05,-0.000313392333661124,8.35573288572121e-05,-4.91789305845577e-05,1.57359082447962e-05,5.32922802035513e-05,0.000138714685274811,-0.0021539603148894,0.00209758728874963,-1.11725822743807e-06,4.61575662630186e-05,-7.04815635060002e-05,8.34437216148263e-05,-9.75482166913809e-05,0.000285159327932898,-0.0101678369794137,0.000393935005550076,-0.000643720502973547,-0.00182179456196692,0.000870645333901985,-0.398025938827173,-0.0126663519425356,0.000197705215407041,-8.48204265114054e-05,-0.00276698785105468,4.25239775622104e-05,-0.000140205571658106,0.000153143678212494,2.8773962154732e-05,-1.04901980378224e-05,-3.56982892654932e-05,1.23963686449067e-07,5.44419768059823e-05,-8.87932052548417e-06,2.50217203534443e-05,1.40611053264053e-06,5.082779427858e-05,-8.8475963195461e-06,-5.40068554051552e-07,-2.22754013711482e-06,7.35746580092117e-08,9.04580412495648e-07,1.55826081327792e-07,1.41825888334325e-08,-5.45916431118167e-08,-1.13028831215281e-05,-2.88818248174722e-07,-8.54602113584257e-06,2.60463023825794e-06,-1.10022779029916e-06,-9.97266055391898e-08,1.53559572843769e-06,-0.000126918790921268,-6.18031871086789e-07,-2.05794658380997e-07,-0.000102335037353321,1.99943165707405e-06,-1.12880861127495e-06,-0.000149165019933183,1.78173303723559e-05,-6.48311301434034e-05,1.02568580916042e-05,1.75569530449209e-07,8.73250085466104e-06,1.16897477884883e-05,-0.000143898037498841,-0.000257562600433507,3.58056833308366e-06,9.89216715541832e-07,1.70758174587916e-05,3.82971659416066e-07,1.51294944958607e-06,-1.03801198303204e-05,-6.58404499130131e-06,-0.000261152096971258,0.00012585204987161,0.000254466747953691,-6.13244348107847e-06,-1.94229382862757e-07,-7.39548149335477e-07,-1.30627792395158e-06,-2.65076958246098e-05,6.3967022453742e-06,2.87984089667745e-05,-0.000328063854694772,-7.5226083322257e-07,1.41055167050079e-06,5.63705815565517e-06,7.27464290644128e-08,9.76223536245313e-07,-1.39934310253627e-06,-2.58769612629713e-06,-1.71946023373769e-05,1.55582587492995e-06,6.83059131441814e-07,6.82530841738059e-07,0.00011533671074071,-1.91582490448913e-08,-3.0040972513145e-05,-6.63010839368311e-06,-0.00165894991165111,3.02740925831319e-06,0.000153278917173102,-2.50187528915887e-05,-1.14101510798275e-06,-0.000116797427269143,0.000267143191611557,-0.000736704235297631,-1.23532708669459e-05,-1.04014972122432e-05,-9.4300342326814e-06,2.07634563689761e-05,1.42963996944223e-06,-3.44911071348746e-06,-2.40602395334612e-05,-0.000156442603413589,0.0785033693848108,-0.000178142225202332,-0.000253257744634801,2.06510846310574e-05,9.04311821348864e-06,9.20198736843589e-05,3.19570501929866e-06,3.47965867196202e-06,1.89207330516172e-06,-0.000307139072545067,-5.04330470721019e-06,-3.22611903660682e-07,-5.0747746635331e-07,1.31024218398314e-08,1.33506296521628e-07,-6.88301212505392e-10,-1.39426296957156e-16,-9.47968630380621e-08,1.08320331221731e-05,-4.42775499771601e-07,-9.67518810543839e-05,-1.86831851672671e-06,2.92888159923056e-06,-4.40450707954307e-07,2.12699878423594e-05,-3.75732559883564e-08,2.59278009045714e-09,-4.25346914239081e-06,6.47894038296046e-06,-2.06953661734986e-07,2.85181268868995e-05,-1.37283614391981e-06,7.47110857238358e-07,-4.98527164504142e-08,1.85073165747647e-06,-1.77925246704033e-06,3.62699139442175e-05,9.01193268513855e-07,-1.75063699356791e-07,3.85158959246386e-06,-7.4762128904731e-07,8.21990556553724e-05,-4.10633814285917e-05,4.11625787729256e-07,-1.40164568158412e-07,1.66563522992481e-07,1.17836395566825e-05,-2.691130131181e-05,1.76835409465581e-07,7.0697634978537e-08,-1.53392062112722e-07,1.3287913523211e-05,-2.03646389798173e-05,3.5164669830532e-06,-4.78851616582888e-05,4.82066930244012e-05,-2.69741705769536e-06,6.21290140276864e-06,-2.2690019562245e-06,1.23267409911713e-06,3.7351673456401e-17,-3.04019445556057e-06,-1.04176854841138e-07,-9.69668215764829e-10,-8.41462512172447e-06,1.49525374893824e-07,-9.26564113003929e-08,-2.81421772270296e-06,3.19791952414528e-07,-1.96246089368985e-06,5.14071155998599e-06,1.88420390380234e-07,-1.68457895872424e-07,2.17810611552244e-06,-2.63796078805387e-06,5.89903117128844e-05,-1.27893936761959e-06,1.91916523333516e-05,7.38939702629438e-08,3.9768202178442e-07,3.0688294165806e-06,-2.55486121248131e-05,6.02937962897421e-07,-2.30496786575475e-06,3.09425685568002e-06,-1.12197290087855e-05,7.0315337289428e-07,6.34974433965827e-07,4.83769920960998e-06,-8.13460341582663e-06,-6.52380876460651e-07,5.30513975996655e-06,-3.46429113887709e-06,8.55457867008196e-08,7.94660232686765e-07,-1.53811825758814e-06,-1.21179847150496e-16,4.57604783074128e-09,1.92695591972937e-05,-2.26028072330747e-06,1.28308839716572e-06,1.14722819396681e-06,3.35155694392212e-07,7.77570027859238e-07,-1.13751816467734e-05,4.22549544360605e-06,1.44355386928344e-16,-3.2327710668823e-06,-3.9400351744682e-08,-1.1009893158019e-07,3.66226046193911e-06,8.26550908997105e-07,-5.57432275084638e-08,-2.12970123090355e-06,5.67348041739747e-07,-1.87630300865302e-05,3.54684289439532e-06,-7.19834970375214e-07,-1.30098046615096e-06,-6.87632320366557e-08,-8.79440387722996e-08,-1.29413149888491e-06,5.4206929006479e-06,-1.40218098328233e-06,8.4307218951509e-17,-3.69620331271264e-05,2.90003284232989e-06,6.43941731975924e-08,7.31429687258137e-07,-2.64583488722134e-06,-5.47725539889027e-06,1.92627309198543e-05,-6.99378286403565e-05,-4.84988557887407e-07,-8.36116490722462e-17,-8.9226848292258e-07,-2.46904623919861e-06,-1.12625753410994e-06,3.56846725610567e-16,2.16405489912767e-06,0.000194137104999261,-2.95937837420046e-05,-1.68707102651011e-06,-5.66878125927376e-07,-3.0365170218469e-07,-1.0859719670991e-05,3.02581209654594e-07,3.21510861358249e-06,9.3924912342574e-07,6.5823479692424e-07,8.60549691225297e-06,-4.37199048466455e-17,-3.40249625358955e-06,1.23091763989117e-06,7.95655981140515e-06,-8.00699226013202e-07,1.69089321535175e-16,-7.74885883538112e-07,1.29499498923206e-06,-3.45882961120988e-07,-3.07465521580378e-07,-7.77792354683583e-07,7.44483458229393e-06,-1.09230334961171e-05,1.51875715608946e-06,-2.46178088698632e-16,5.53658914326401e-06,-9.57031242250451e-06,2.05434688262047e-05,6.85657031791002e-06,-6.96832721330062e-07,-4.67901889181609e-09,-3.12250225675825e-17,1.66117893263762e-17,-4.52484136141508e-09,-5.22752610272947e-06,6.89327024061772e-07,-7.71354168056177e-07,2.30705467896867e-15,-3.68017557813525e-07,-4.35671178129689e-09,-8.63962823316306e-17,4.55994304691004e-17,-1.30202515115239e-16,9.31155402722949e-07,2.74899892641712e-06,-3.98804651297102e-06,2.36174160171766e-06,1.17770311689374e-06,2.43034284987994e-06,-7.34590172460567e-06,-6.66830959507431e-16,-1.61826500855016e-06,4.14304556997057e-05,5.699093094403e-17,-1.30471743133883e-16,-2.88997334080327e-06,-2.24261545176969e-10,-2.22806393647162e-06,1.34664420747776e-06,2.21184749581579e-06,-9.18786700388796e-08,-2.27099722751938e-15,-3.09269377881964e-07,-3.16395522972154e-16,-1.0568280750832e-06,2.71430013881746e-16,-2.49432857321371e-06,1.51300229296906e-16,1.50942372703935e-06,1.89734932434858e-05,1.25858715109611e-07,1.65699728646793e-06,5.71234350965024e-06,-8.52045711768265e-07,4.18230267431188e-06,2.09980016971007e-07,1.02152061491448e-06,9.43481042427689e-08,1.9223337399268e-06,-4.20151834504962e-06,-1.04162294065664e-06,-8.4888301298445e-08,-2.63316411476387e-06,-6.45168870163137e-17,1.91601714956773e-05,-3.32571120259134e-06,3.34768459208066e-07,2.06961670527197e-15,4.45938655924211e-08,1.22062243255729e-06,4.38581083594902e-06,7.25267704496731e-17,-7.40113848926036e-06,-5.71604304782362e-07,-2.87585628337297e-17,-7.59060092726544e-07,1.57128458973884e-05,-1.14511676938172e-16,-4.56105223004953e-16,-4.51044056573405e-07,-3.49328665194103e-07,-2.00283817482937e-09,-2.79971860593446e-06,7.56537418930823e-07,1.5461759805496e-06,2.1517487330633e-07,2.69737710806536e-06,-4.67412600228651e-06,2.2360585605341e-15,6.73961639767014e-08,6.70139367610067e-09,1.8591752053681e-08,1.75114246487063e-06,-3.64704356775513e-16,7.23468502449521e-17,5.81217454820213e-07,-3.12577995912883e-17,3.00572960539315e-16,3.88828048675822e-06,-4.39279927430475e-06,-5.68731510517652e-06,-4.86859920097551e-08,0.000148277771661447,3.25676197450191e-06,1.47058158398325e-07,-1.87351938143778e-16,3.80621751520807e-07,1.80420130598935e-08,8.31999754048457e-08,-5.9773378457193e-06,2.47598302885578e-05,-5.83514960137145e-16,1.28680960013035e-16,6.62606370189492e-15,-3.37449137502918e-07,-1.17006772257727e-06,-9.83786691771672e-07,-1.12282488906055e-15,-9.37758113203462e-07,7.87443129017231e-16,7.08917458270329e-16,2.78628874898992e-05,-6.13990691063641e-07,-9.10512984453327e-16,-1.62859149208781e-06,-6.12790191885313e-06,4.00029428133414e-15,2.95311127213289e-06,6.07564460859275e-16,9.30936097907629e-07,1.32586640628091e-15,9.44768042058927e-07,8.28922327234859e-06,2.11628654132437e-06,2.93237215064325e-07,2.12222464850324e-06,-1.21103543333663e-05,6.35268207204697e-06,2.5499441457648e-14,0.39728692909752,0.000142334574196751,-5.70524411791967e-15,1.02764489780095e-05,1.11597540387883e-05,-1.56868771732712e-05,-1.04115909035542e-15,-2.52664236269558e-06,-2.07402743496869e-05,1.86999350644483e-17,6.52693354633767e-06,1.35704949742302e-06,3.97686522239974e-07,1.85830307611313e-15,1.6211711372449e-15,-6.81162049122271e-07,-1.79478965310029e-07,-1.40979738050946e-08,8.09338414554416e-06,-5.39910524033826e-08,-5.49950494561421e-16,-1.69866385169182e-15,-1.8605929133653e-07,-1.27318924157804e-09,2.79038502003267e-16,-4.0534348411433e-07,-3.07933734130496e-16,-1.32505148063683e-06,6.22765967941228e-08,3.60602675299476e-08,2.30715157095851e-07,2.72987373119319e-15,1.13150370689257e-16,6.18045729462555e-16,4.27112802913303e-16,9.26628010326993e-08,4.0485130644801e-07,-7.44138381132235e-16,1.36077534072672e-15,2.48343215970801e-16,-3.97427257390445e-07,-4.42133123865087e-09,1.65767889721291e-07,6.33522576088284e-17,-1.12022478966634e-15,-2.67852146712544e-16,6.32462835593921e-07,-1.31693646204209e-07,8.49377532768707e-17,-2.37274036193855e-08,4.32218873161788e-07,-1.08485464389664e-16,3.41677026458084e-16,3.26690265636347e-08,3.26501519585018e-10,1.29526705434386e-08,7.69567840854411e-17,-9.55727583603538e-09,-1.01173907794919e-08,-5.43510955810216e-09,-1.37771274397606e-09,-1.06887868426354e-08,2.34126364044812e-09,4.60591576265942e-16,9.52859347812567e-16,-2.60181340729621e-16,1.56977802824482e-07,-1.10867995089213e-07,-6.5256664442072e-09,-6.95377995771002e-09,-1.27900049370181e-16,-1.62240341528088e-16,-4.27030461426721e-16,-9.14405691852597e-16,8.25045383373962e-16,2.86059806671842e-07,3.56712522985438e-16,-2.68638573914784e-16,-7.17008298631555e-09,-2.12229196513516e-16,-6.44082125784911e-09,-9.65523812801157e-16,-8.03174045689975e-09,5.22161411766679e-17,-1.07785824856046e-08,-1.37900701804038e-09,-1.1636416829752e-06,-1.45276253048344e-16,4.74357376829409e-08,-4.0530020258156e-17,7.2453687374837e-08,-9.57546308915401e-07,7.68263835246446e-10,2.54075176488799e-16,1.1546545791052e-07,-3.06328023417073e-17,-2.96433339862731e-08,-1.67659624760852e-07,4.24330986581636e-16,-1.94863996059264e-17,1.36977042318896e-16,-2.15244235456789e-16,-5.81706174707195e-10,-7.63838570913487e-09,-1.72188524230456e-09,-1.0072097430075e-16,1.41151578461234e-16,-1.31413487160127e-07,1.39007626845378e-06,9.32801108673697e-17,-5.52094571396386e-17,-8.6063882833584e-09,-1.3276498294351e-16,-6.15748657527651e-08,-5.69512316679931e-17,5.96887683954705e-07,-2.56718785802377e-16,1.02310098434334e-16,1.22636332939094e-16,-1.76469326552128e-17,6.49844350824508e-17,1.74580323766657e-16,1.07744639694856e-07,-7.53969326865972e-07,2.26174511117061e-16,-5.67906651254157e-08,2.1739481142212e-07,4.30069835610042e-17,1.00129088495926e-17,1.30087581846381e-16,2.9732051823724e-16,2.19974100610579e-08,3.53839832981574e-09,1.53475427088393e-16,-3.82749608020391e-17,-4.04373414686179e-08,-1.44366328480942e-07,-1.51504285955104e-08,1.36464391234309e-16,-8.50745153606257e-17,1.60756596556244e-17,5.2946476752719e-16,1.203874299952e-16,3.39606924641332e-17,8.91717915117293e-08,-8.46492996627382e-08,-1.6335203231883e-08,4.78076727606035e-17,-3.66973893613947e-16,2.59109858159086e-16,9.42065138844816e-17,4.10410164440844e-16,-3.64312285849541e-16,-8.72192442091748e-17,-1.20959470306669e-16,2.66832253123026e-16,2.34819827290777e-16,-2.84328915405688e-17,4.3002546578207e-16,-4.62040032578303e-17,-9.28489147587401e-17,8.46474478017213e-08,1.29903240209415e-16,-1.72179838187463e-16,7.57162677645152e-17,9.31722578247181e-07,-1.62634436836855e-09,1.52294858498994e-16,-3.11993261892817e-08,8.60105795569494e-07,-3.6660474247389e-17,-3.66470969832687e-16,-2.42277494108794e-07,3.25483948581896e-16,2.16103391915354e-08,-3.50469065742001e-17,7.94436120130456e-17,6.01375093852233e-17,1.35799082403577e-16,3.11149308627521e-09,-4.27735142404608e-07,1.01078702620589e-16,2.62399219793368e-16,4.96352136471236e-17,-1.07278411719062e-16,2.95878772871294e-16,5.13426969776217e-17,7.15132715708446e-17,7.86617698577861e-17,4.83822544165086e-08,-4.5383415386422e-17,-9.11708403105415e-17,1.94043242246914e-17,-2.21583161951157e-18,-1.46437138059414e-16,-8.85431514777399e-17,-1.07810528393899e-07,4.55767871804382e-17,-2.05818753950978e-16,8.05188613739562e-08,5.73384522858549e-17,8.98963742838311e-17,-1.96878870718549e-16,6.17241253428356e-16,4.72631071176656e-07,5.99680368415191e-17,-5.0692913625388e-08,-1.88958093280074e-16,4.66168185315663e-17,8.18987111226934e-16,-2.31586431075851e-16,1.35375890602921e-16,-7.85136151504546e-18,1.84380161057539e-09,5.47022136884247e-16,-4.98837135912739e-16,9.3389377691219e-08,-2.31359835372868e-07,6.60345904609743e-17,1.62743370846276e-07,2.38663693422638e-08,5.89391524968207e-17,2.40936405541314e-16,4.07650191719877e-16,-6.77182421627802e-17,1.52315216356011e-16,-4.08205449223715e-08,-1.73203380838467e-17,5.29415089644807e-16,-6.91141982646437e-17,1.64150433205177e-08,4.30363564745429e-16,8.16199636296052e-17,-3.81729179196856e-16,-3.21465144391872e-17,-7.52169557764985e-09,4.00551817547473e-16,1.56460743540795e-08,-8.31807791838778e-17,4.75562004441443e-16,1.76605966518871e-17,-4.20499671011315e-17,-5.07883348873869e-17,-1.06513131091638e-16,2.36903477024744e-16,-2.46207082119989e-06,-2.14452385099983e-17,1.79414233782157e-16,1.15372032843786e-07,-2.60868102384424e-17,1.02185383206714e-16,3.12234177685659e-16,-1.29147257204214e-16,7.13304787854313e-17,-1.20587064561043e-16,-1.21998222378979e-07,7.79976071015688e-17,4.01731627246337e-17,2.51389145928072e-07,-1.86015915387813e-16,2.42252272711688e-16,-1.57246748385089e-16,-2.94927067015668e-16,-6.31064711366072e-17,2.71706995077135e-16,7.5366026190884e-17,3.21281827488772e-16,-9.15381077260611e-17,-3.03929702157297e-16,-2.69826852946481e-17,-1.33239640985398e-07,3.97551384466917e-06,6.5266741289857e-16,-3.08602500984638e-16,-2.70946929205474e-17,3.96326389812509e-17,-1.51029362627231e-16,-1.48724050993379e-16,7.69767809754828e-17,8.728747642666e-17,-5.59000653239777e-09,5.43729446890826e-16,1.07944855743334e-16,9.57254134332306e-17,3.65242170095527e-16,7.19462775106697e-09,6.37047969297392e-19,-1.02406723151543e-08,-8.68894972185608e-17,-1.84195023312783e-16,1.45096430838271e-16,-3.42742775831373e-17,-4.54654725933098e-18,2.49786465841374e-16,8.11505174334666e-17,-6.35849691265819e-17,-6.85266191928445e-17,1.03333433928747e-16,7.18872058010675e-17,1.16263352121202e-16,9.65195905331301e-17,5.65618174238499e-17,-3.46237812281188e-16,-4.90735312356932e-16,-1.44053163558049e-16,1.11913918304907e-16,-1.48007829253455e-16,1.89518371709888e-16,1.14968798370363e-15,2.29779819409181e-17,-3.35017546889737e-16,-4.30805467060653e-17,3.48274610286758e-17,5.56698736269494e-10,4.41181153924576e-16,1.01228735206997e-16,9.53321384194259e-17,-4.527637865259e-16,-8.26775646569949e-17,1.23555408133254e-16,2.68799149397499e-16,-1.22025374536573e-16,-1.25441976043148e-16,1.65070359358912e-16,1.23707467880596e-16,6.09859975113421e-16,-1.7200350131082e-16,-1.85250397097344e-17,-1.73664760978715e-16,-3.49209731207676e-16,-2.43595161234847e-16,-7.25346260609936e-09,3.19683955423206e-18,4.38935080964551e-16,-2.09992350408576e-17,5.51355339462804e-17,1.11160337780251e-16,-2.36260473185863e-16,-1.28450670809615e-16,-8.75492802174644e-17,9.83562764366257e-17,1.55520373371215e-09,1.59367380811245e-16,-2.1946770316924e-16,-5.7396320708987e-16,-5.0612141936708e-16,3.01180352337534e-16,-1.45030594213655e-16,5.96563404826481e-16,-4.04872349614829e-16,-3.6065368818182e-16,-7.73717109275884e-17,-5.44846312040499e-17,-6.64535619624328e-16,-3.75904002917286e-16,7.93443223586705e-09,-1.43021882880202e-16,6.06826136575197e-16,-4.42839632459471e-15,-3.88719004901228e-15,-2.4001291829358e-08,3.40941861713351e-16,-4.22838654013028e-15,-1.73236543566269e-14,-4.83519220339812e-14,-0.707106781186549,1.27558900649477e-14,6.20075566401358e-16,-1.43246561588434e-15,7.83694693886701e-16,-4.86870880910117e-16,-7.56147228219937e-16,6.12600226692037e-16,1.09913413630022e-16,6.68308202612086e-17,-7.62501037643828e-16,-1.10053537177328e-16,-4.2960545111421e-16
"t8",-0.0276870377927459,0.0053014461483662,-0.00633929954681081,-0.0117593468315745,-0.00940157268648749,0.0107606689763847,-0.0799569350083653,-0.0147773312338423,0.000152873285409377,-0.00010955792107138,9.5531075396015e-05,-0.00740424201204796,0.0114330098615764,-0.00156232688788874,0.000283429394888993,0.00598494026977845,0.000346204067325801,-0.00162039218315433,0.000201583877873379,-0.000252181060632271,0.0095938788156004,-0.00430988401035036,0.0033560858113828,-0.022820392493622,0.00368177181258863,-0.00441303767946358,0.00717930727808557,-0.00853375823820668,0.366379945317257,0.0528338354128157,-0.000103649650541571,0.00014339378166393,-0.0347293090658697,7.4263226671001e-05,-3.56824678591708e-05,-4.46432764499066e-05,-0.00170216333247571,1.14490241770612e-05,9.07731210024335e-05,2.3555426914447e-05,0.00108211138343488,-0.000119615976918791,0.000837507018337519,-9.5691332162801e-05,0.00453987776550076,-8.43398597745379e-05,0.000128456499300846,-0.018738362123966,0.000105764176990062,-0.000213384864540887,0.00139289232520779,-0.000125500198736548,1.752854169696e-07,-0.000519558396458234,1.93923327429556e-05,-0.000201625285273072,6.56012155173774e-06,-0.000421849899412756,0.000142442097857994,-0.000185426566440211,-0.00130684891909228,1.69644530925601e-05,-0.000540306210882493,0.000285723922995654,-1.9460824965541e-05,0.000437110340262549,-2.456270731264e-06,8.30009954024443e-05,-0.000222347625303766,8.41406577095192e-05,-5.28004553592117e-05,0.000156613922847127,-5.36595302082981e-06,-0.000246428801230967,0.000102920854844698,1.59339328070851e-07,-0.00108758357354063,1.46476125383454e-05,-4.98528238641939e-05,-5.68339823329542e-05,1.58468198707277e-05,0.000234802965433175,-2.69450149690336e-05,-0.000165429508323953,8.88214732035957e-06,0.00144968555645616,-0.00243057889443118,-1.69306909587484e-07,-2.63110376980332e-07,0.000177535487221293,-4.10508298545075e-06,1.34184287332341e-06,9.04347803393373e-06,-0.000542390032818652,-2.94070033701647e-07,-0.00012199686496882,-9.53358688256239e-06,6.24132597994583e-05,-6.87795782599186e-05,-1.55181631640712e-05,-2.80121176160514e-06,1.33036829435179e-06,-3.67372098633252e-06,-2.64585359654319e-07,1.78830388968431e-07,-2.58775188605173e-06,1.73724348704421e-05,-5.0003112409476e-06,3.33042854698759e-06,-1.25592665085162e-06,-4.46569277749458e-06,-1.49694443496555e-05,0.000238762948955153,-0.00037459645694274,2.16610671416031e-07,-1.05487404090915e-05,1.72424329303057e-05,-2.42638101965557e-05,3.29799542773248e-05,-0.000107199985525756,0.00405006459431243,-0.00018959763795731,0.000347821582582032,0.000988661648172269,-0.000480249024362705,0.246197323189346,0.00790871750094754,-0.000135939393063198,7.65649884608754e-05,0.00250530566614341,-3.93681194918593e-05,0.000156426054447496,-0.000177391406415076,-3.42565333313966e-05,1.40120306943107e-05,4.84699052825914e-05,-2.19695299148378e-07,-0.000123824205373093,3.13056520104655e-05,-8.95553306048538e-05,-5.53793960121086e-06,-0.00021089605073564,4.01446844700667e-05,2.54083380755384e-06,1.04849681754099e-05,-4.69110511251333e-07,-1.88961977843223e-05,2.48809693803781e-06,1.56791686919213e-07,-3.57767465910044e-07,-7.17224826886154e-05,-1.58941232478606e-06,-4.35958615617769e-05,1.22609048553213e-05,-2.96726535543067e-06,-2.50694279321367e-07,3.67988990458045e-06,-0.000127071816766793,-5.08601089751023e-07,-1.64234830062783e-07,-6.857563374344e-05,1.29089483936767e-06,-5.68241512605518e-07,-7.26792714766372e-05,6.49687481458183e-06,-1.66040835134683e-05,-2.29968927350707e-07,-5.54313629004765e-09,-2.96179691924224e-07,-8.06455425382195e-07,1.57541134909277e-05,2.96890110668715e-05,-6.93871906591828e-07,-2.15752488316587e-07,-4.61407661401809e-06,-1.08358142496731e-07,-4.37927714835281e-07,4.24339182792666e-06,3.49762373158775e-06,0.00014424099798505,-7.20453675059178e-05,-0.000160859266365791,4.0181064878783e-06,1.31663251791151e-07,5.17167048786745e-07,1.00804170153343e-06,2.09350112248748e-05,-6.06819565615332e-06,-2.74735957245175e-05,0.00033085584275724,8.74668114283034e-07,-1.8282732147949e-06,-7.57343631963302e-06,-1.02964731575099e-07,-1.43518757081478e-06,2.2938344768729e-06,4.34005565854193e-06,3.02491576913332e-05,-2.80231916929089e-06,-1.46635788971161e-06,-1.47705304707925e-06,-0.000268146297295022,4.77459111320392e-08,8.823284159102e-05,1.94878304978995e-05,0.00495009567879032,-9.4586849238514e-06,-0.000494440074805692,8.78601365122498e-05,4.45489265920378e-06,0.000497144380857656,-0.00116813149983486,0.00364533551856759,6.55890469179254e-05,5.53300765220296e-05,5.30531077451417e-05,-0.000135373507665251,-9.59853123518932e-06,2.72700592713927e-05,0.00021478426730211,0.00145925696575921,-0.889017549195036,0.00212043054121984,0.00318977558523558,-0.000313611200029374,-0.000143075306187948,-0.00147086728241705,-6.55086080426591e-05,-8.52766895213017e-05,-5.8674623599051e-05,0.0107884741336103,0.000204818320367758,1.53041731146805e-05,2.5264277403122e-05,-1.1787110014091e-06,-2.33975574158582e-05,-8.68017198407293e-05,2.12872713017986e-15,-1.19283117905402e-05,0.00114030380629555,-2.22232338483348e-05,-0.00350390976473095,-5.53789036416612e-05,8.5894107805481e-05,-9.79235348268339e-06,0.000454963132346978,-7.89985137150298e-07,5.04492205459061e-08,-7.88514846989718e-05,0.000110724886026979,-3.42032925909663e-06,0.000465045718539054,-2.08860259184942e-05,8.98466683683471e-06,-5.60401157484599e-07,1.97597473691348e-05,-1.7192402388514e-05,0.000348178175164065,8.13982479213085e-06,-1.53188132864687e-06,3.22988763013325e-05,-6.18828505358781e-06,0.000671360261577523,-0.000329389397815097,3.21795992503344e-06,-1.09262694334895e-06,1.22237579619291e-06,8.63644313687808e-05,-0.000196948384912881,1.27456517744144e-06,5.06730325124947e-07,-1.08051098493751e-06,9.33050989548668e-05,-0.000130183822887644,2.22692390705879e-05,-0.000301033861995591,0.000298109784614665,-1.64687021223047e-05,3.6893236791869e-05,-1.33690580243305e-05,7.21890923584635e-06,-5.64985076302888e-16,-1.74452402989861e-05,-5.96222482650104e-07,-5.50292056098795e-09,-4.68347951593496e-05,8.18958224977734e-07,-5.03715762576686e-07,-1.52435037020046e-05,1.65654016991737e-06,-1.0137838931478e-05,2.65367292921225e-05,9.60771697210498e-07,-8.30935051588546e-07,1.06846605260133e-05,-1.28914666146962e-05,0.000284756411195743,-5.9073469164396e-06,8.71258555001676e-05,3.35131037288955e-07,1.80307603991869e-06,1.33684220122472e-05,-0.000106701857109326,2.50531370852046e-06,-9.50730933794121e-06,1.26514206987034e-05,-4.57520403886755e-05,2.8060542580668e-06,2.52996175340359e-06,1.92194404155278e-05,-3.22540454424261e-05,-2.57021349429738e-06,2.07556527693249e-05,-1.34677270454073e-05,3.3165463372971e-07,3.06664070338167e-06,-5.87847074298445e-06,7.37144115503868e-17,1.65578305761327e-08,6.93701919993107e-05,-8.07612429349778e-06,4.5835458887319e-06,4.09726368120944e-06,1.19481634063686e-06,2.76257637382066e-06,-4.02521107868272e-05,1.48325497807086e-05,-9.76178320392309e-17,-1.11465901487229e-05,-1.35557596109245e-07,-3.77052426289782e-07,1.25351670204069e-05,2.79760704530211e-06,-1.87533070329762e-07,-7.10471144563235e-06,1.88191751329793e-06,-6.14899537464777e-05,1.14983494217813e-05,-2.31780904202774e-06,-4.17323539900736e-06,-2.20061615842132e-07,-2.80287452916197e-07,-4.12267581002309e-06,1.72185530310686e-05,-4.4439936227343e-06,3.12178603020655e-16,-0.000115239488679818,9.0115430887006e-06,2.00091492300491e-07,2.25157889318329e-06,-8.13334034167446e-06,-1.65561062125665e-05,5.79523386988153e-05,-0.000210215189134578,-1.45268080431566e-06,2.66849815879101e-17,-2.66206337880078e-06,-7.35556464915485e-06,-3.33703849512806e-06,1.09161175202502e-15,6.37466970847185e-06,0.000571089016684931,-8.69937972996791e-05,-4.95207279018272e-06,-1.65990571516683e-06,-8.87515702575171e-07,-3.16956564813552e-05,8.79420855628873e-07,9.33973669586167e-06,2.72064239529924e-06,1.89709150878546e-06,2.47954715858223e-05,8.43799296295493e-18,-9.70876802435141e-06,3.50643699647918e-06,2.25819463845975e-05,-2.25991414151663e-06,-1.34581070406675e-16,-2.16131845796498e-06,3.56504272198336e-06,-9.4666898800974e-07,-8.39253509825456e-07,-2.11621485235634e-06,2.01356466705622e-05,-2.92612269504857e-05,3.97477039456952e-06,9.47282533376614e-17,1.41999342563229e-05,-2.4502533431295e-05,5.24054377522133e-05,1.74028333429546e-05,-1.76796537640081e-06,-1.18544811242116e-08,1.66533453693773e-16,9.26171385980306e-17,-1.13706038227383e-08,-1.30436731272574e-05,1.71848778486001e-06,-1.91083535200864e-06,5.89318868064782e-15,-8.99137426784241e-07,-1.05791223668137e-08,2.16967011141162e-16,4.49585793065938e-17,3.65959817367273e-17,2.21799845097382e-06,6.53202059066135e-06,-9.39612524563285e-06,5.52447183835883e-06,2.75249825891893e-06,5.63651907146616e-06,-1.70216537463819e-05,-1.30468384620846e-15,-3.69136280551457e-06,9.39809542921987e-05,-9.62900922413427e-18,4.55087385552759e-17,-6.41289529920764e-06,-4.94978081383208e-10,-4.88226042309411e-06,2.9365087361681e-06,4.77808974882339e-06,-1.98176171013807e-07,-3.47091098098615e-15,-6.65681343472377e-07,-3.06563242017095e-18,-2.26105246546785e-06,-3.32958487170298e-16,-5.31272092480163e-06,-4.23353491928454e-18,3.19660908090288e-06,4.01348193653431e-05,2.62130907084602e-07,3.43956887482017e-06,1.18409854272284e-05,-1.75539627967349e-06,8.57037687084414e-06,4.24903645169513e-07,2.06685802093226e-06,1.90149271604967e-07,3.84634242685951e-06,-8.32463832823125e-06,-2.04661680188809e-06,-1.65683849137211e-07,-5.12241754255501e-06,-8.42937592036476e-18,3.68893851491049e-05,-6.33846617240692e-06,6.1935315634702e-07,3.58303888019455e-15,8.17711915045035e-08,2.20773071540949e-06,7.88539411416508e-06,-3.72186059049519e-17,-1.32656031716243e-05,-1.01183054931247e-06,-1.89268391982154e-17,-1.335283141041e-06,2.65751372913433e-05,-2.97457562477174e-17,4.9296290636209e-17,-7.50535866209919e-07,-5.8041754500776e-07,-3.30444744020116e-09,-4.58061326819391e-06,1.21382697799783e-06,2.4764851016871e-06,3.43797945555091e-07,4.19261026810368e-06,-7.09469600964639e-06,1.52872506320456e-16,1.01352053431741e-07,1.00614589779473e-08,2.77545687975216e-08,2.59603264140299e-06,9.02703508443395e-19,4.55791551891156e-17,8.53313992330058e-07,-4.12111966598066e-17,-3.60700059313497e-17,5.34338427705909e-06,-5.96221788771212e-06,-7.71718718113135e-06,-6.42173035380161e-08,0.000194805448123174,4.27504433139459e-06,1.91970947793978e-07,-8.41456648798116e-17,4.66412354574293e-07,2.17875382381726e-08,9.99785161602916e-08,-7.00333783748474e-06,2.76015838999788e-05,2.03131829454701e-16,1.18050824445448e-16,6.43147678755553e-15,-3.46765807910517e-07,-1.15577704383166e-06,-9.68734674577763e-07,-9.95628522152304e-16,-8.8600862112067e-07,-2.35555934523728e-16,4.5388684539559e-17,2.09359521394454e-05,-4.59728750763209e-07,1.60461921527855e-16,-1.13350455386712e-06,-4.07012468307582e-06,2.14061961192148e-15,1.76134093912501e-06,1.144968569968e-16,4.74399326290419e-07,4.82884334947837e-17,4.73792277750496e-07,4.10462617203744e-06,1.03275606530156e-06,1.4015112431765e-07,9.65651594085568e-07,-4.42082122237107e-06,1.44961804593582e-06,8.51648985238534e-16,0.014382345222151,2.00540984913027e-06,-3.05335375651751e-16,-1.63214816507476e-07,-8.04640639041792e-07,1.95561330143094e-06,-7.7325617036488e-17,8.05635903722583e-07,7.47350041323339e-06,1.52308978242265e-17,-2.72293861216581e-06,-6.05201571007023e-07,-2.21690449218569e-07,1.76668330391466e-17,7.62465041435356e-17,5.81748216841614e-07,1.78933659654514e-07,1.44878712467858e-08,-1.47553274399362e-05,1.0718776022917e-07,4.29432083717203e-17,-3.35196786727363e-16,3.9147760007655e-07,2.69855574067106e-09,-4.02033346360954e-17,9.46632155616608e-07,2.5115519283557e-18,3.39615111068312e-06,-1.81274850214852e-07,-1.05918507154622e-07,-7.02230278615877e-07,-7.76438305261033e-15,-2.58155551818284e-17,3.19769298250398e-17,-8.08561408372472e-16,-3.90992718266047e-07,-1.75617646614511e-06,-2.07090191697757e-16,4.14323207123762e-17,-1.8670988198458e-17,1.90839286493175e-06,2.22058444022531e-08,-9.4384835832519e-07,2.83262000043876e-17,-1.68674752984432e-16,-1.27420860321359e-16,-5.83587101786249e-06,1.23833097170025e-06,1.16683423540288e-16,2.80842887749142e-07,-5.67169464679631e-06,-4.0905415073746e-17,8.7034699921225e-17,-5.65372334494157e-07,-5.79221340354035e-09,-2.79943814525688e-07,1.21415818834297e-16,3.14754458472285e-07,4.58181821297594e-07,4.91314432563825e-07,-4.47465276497077e-07,-1.59346526040952e-06,1.75670673752878e-07,-8.7356092726396e-17,5.36050642551927e-18,1.30285414298707e-17,3.33008349636839e-06,-2.32858482626195e-06,-1.26735831006856e-07,-9.95378299384812e-08,7.8411954103933e-17,2.17419627719722e-17,-1.24429271338584e-16,-7.26424846778843e-17,4.78712231749785e-16,3.28189385227083e-06,1.23439629348789e-16,-8.86765750544927e-17,-7.67103069429575e-08,-2.17351492228472e-17,-6.86660419692748e-08,-1.58838005962347e-16,-8.51247205722643e-08,-7.14425796441084e-17,-1.02965119827708e-07,-1.28826809148113e-08,-1.05226067595159e-05,1.0720917170708e-16,4.1307581937463e-07,-1.00650507187729e-17,5.85469854219818e-07,-7.11310116534105e-06,5.68782423821193e-09,1.94151961822997e-16,8.29295351745073e-07,1.55916090461542e-16,-2.03623309824399e-07,-1.14927167750503e-06,1.60198374630186e-16,-4.0401083912555e-17,-7.11146672585429e-17,-6.38147239632778e-17,-3.85489430468604e-09,-5.01874543593419e-08,-1.12037898993066e-08,9.72831905113135e-17,5.59443527751175e-18,-8.18252468327461e-07,8.63928275888787e-06,-5.79007792352866e-17,3.26043905617094e-17,-5.09165535952779e-08,7.03805415919891e-17,-3.6071786215418e-07,-2.13260270471189e-17,3.4025457647302e-06,5.87144339561268e-17,-1.18373212924223e-17,-1.27118581292816e-17,-1.68364229104723e-17,-5.95412339937641e-17,3.30206426901217e-17,5.83965929917423e-07,-4.08390735377439e-06,-3.49913024602276e-18,-3.02661735676587e-07,1.15098012571596e-06,-5.11021585679765e-18,-1.83997680831582e-17,5.13826437564217e-17,4.01171054150187e-17,1.13338919412482e-07,1.81206436183022e-08,-1.26782352107331e-16,-1.23444001383953e-16,-2.05710271749979e-07,-7.33780811483003e-07,-7.67843296651272e-08,2.32859115100125e-17,4.20954380534024e-17,1.93450037047417e-17,-9.34334710538964e-17,-1.96144299045753e-16,1.01191925478181e-16,4.32478591226811e-07,-4.08962239577223e-07,-7.86205277379896e-08,-2.68786993629478e-17,-4.15182171495023e-17,2.25108954537759e-17,-4.26352943603271e-17,3.90072539567374e-17,-6.06976750418014e-17,2.10786640100241e-17,2.76212513651228e-17,7.76013984384838e-17,-7.63654894758549e-18,7.57128728331732e-17,7.67800375495117e-17,3.20492358987836e-17,-1.06936583655478e-17,3.84224249224316e-07,6.19221871910449e-16,4.78922089877553e-16,-1.76207328253439e-16,4.19931797401803e-06,-7.3181811208887e-09,-4.86844408526232e-18,-1.40249813762449e-07,3.8338811921109e-06,6.25367994417215e-17,4.54832022955843e-16,-1.06893742885265e-06,-1.54034804224699e-16,9.41959552052735e-08,-9.71298469384703e-17,-5.93588328858359e-17,1.58312836757239e-17,-3.86010931045675e-17,1.33170542934841e-08,-1.82848630912465e-06,-2.18834227543699e-16,1.62685114067658e-16,4.05419399641801e-18,-1.35968905167408e-16,-1.31351093196619e-16,-6.01918641154925e-17,1.87817270935393e-16,3.72660825627718e-17,1.95412137162171e-07,-2.57824593283762e-17,1.79385284372997e-17,-1.48025877252766e-17,-1.77806733079275e-16,-6.22691190617255e-17,-8.85878456556774e-17,-4.30667060460111e-07,-3.34298440952985e-18,-2.29728625079403e-17,3.2100722247984e-07,1.643600278357e-16,2.38472883077438e-16,-5.29451574332733e-17,-1.20624468074404e-16,1.84243904069481e-06,2.08555599913844e-17,-1.9685378026205e-07,-7.92753548897294e-17,-1.89901678686374e-17,-2.46148689813382e-17,-6.01806532870577e-16,1.62666445281388e-17,3.14025581284165e-16,7.10489241593896e-09,1.86256901550127e-16,1.03733486654138e-17,3.57785999702699e-07,-8.86110809077045e-07,-4.2184952397984e-17,6.20260750024902e-07,9.08231160854858e-08,2.22407654532502e-17,-5.17154277993621e-17,-5.73471806658494e-17,-1.21972125704952e-17,2.99304744264775e-18,-1.52011868654605e-07,-6.90023805225903e-17,9.21104383725421e-17,-7.11173822509885e-17,6.08025547324615e-08,6.21548527343393e-16,8.59636514442847e-17,8.23470367528137e-17,2.26820427736958e-17,-2.76687993349372e-08,-4.98844234306418e-17,5.74335608980984e-08,-5.16907194816869e-17,2.04046378591319e-16,2.03666048629329e-17,5.58687308077868e-18,-1.42839428830421e-17,1.56615321667708e-17,-3.10762977552038e-17,-8.93976675883813e-06,1.39497775425583e-16,1.82524912618483e-16,4.17809089200814e-07,-1.1694429920968e-16,2.2888606772534e-18,-2.11425044817544e-17,5.25787123333746e-17,2.40280440848e-17,5.44750923063174e-17,-4.38216223916929e-07,-1.02028539085207e-16,1.13564576255003e-16,8.99757805347717e-07,-1.82991571817803e-16,6.25973599338005e-18,-2.69437401771562e-16,-2.06644899640005e-18,-2.80518525966558e-16,-2.35291726581682e-17,-8.09634334826708e-17,-1.82426828180053e-17,-1.30648808369031e-18,3.40073587716727e-17,-1.04563390101638e-16,-4.70789337270241e-07,1.40259254809074e-05,1.79179210070476e-16,2.91845468657204e-18,-2.08592601141745e-17,7.1607297479618e-17,2.91867224833098e-16,1.33309136834113e-16,1.15130620163617e-17,1.98978483153322e-16,-1.95697591604631e-08,1.68549011464905e-18,-5.15607072211654e-17,-9.85811924274441e-17,-7.48973286442695e-17,2.5025949478342e-08,1.54671959609964e-16,-3.53700474311574e-08,-6.5468803385114e-18,-1.86837653790738e-17,-5.13779567109716e-17,-2.32052585040386e-17,8.12772455462991e-18,7.71888974403854e-17,-7.44942722295146e-17,-2.69944571581546e-17,2.05740024493348e-17,2.57230868909897e-17,-2.68803300931753e-17,5.58377016810832e-18,1.35859608958894e-17,3.67808507248819e-17,-1.73390471404507e-17,1.1468118038545e-16,2.77386539864239e-17,-1.10193227911288e-16,-6.61550777342569e-17,2.8627304976321e-16,-8.64109131470947e-17,-1.61212122567369e-17,8.92151310017539e-17,3.17624222140584e-17,2.31597533988225e-16,1.87592033286708e-09,1.81008802585502e-17,8.71910153243297e-17,4.9736866435171e-17,7.79481004664759e-18,-1.20634602207659e-17,-3.01265306061345e-17,7.53881930391829e-17,1.35461951042023e-17,2.2502332607195e-17,1.41338154732386e-17,-1.71737624121704e-16,3.89988174736334e-18,-2.75495346374553e-17,-3.95179657816422e-17,3.2260485156137e-17,-1.91119005903118e-18,-4.83636928270221e-19,-2.40658325554691e-08,1.18388600890885e-17,-5.3683250591038e-17,1.81247016028419e-17,-1.26282050221842e-16,-1.00199063618426e-17,1.094771479288e-16,1.02944570853244e-16,1.5054600475547e-17,-2.53326577490345e-17,5.08240179885724e-09,3.21130372333216e-16,2.55866100679046e-17,-4.50593352203788e-18,2.27233139863145e-17,-4.6193673879591e-17,-2.45265176974024e-17,-1.13581979481689e-18,1.15180036154059e-16,-6.62988059145907e-18,-4.35721360564535e-16,-1.64339632261631e-17,3.18912929938731e-17,8.84064681687305e-18,2.55589281539224e-08,-3.91563655729588e-18,-2.54834334213042e-17,-7.83367647478905e-17,7.07984018633034e-17,-7.68169570579735e-08,2.90854877859953e-17,-1.11250136523396e-16,5.62051775824136e-17,-1.72651573630878e-17,-2.24801808351481e-18,3.60321280875329e-17,8.54484281512398e-17,-1.72362466717008e-16,-1.14097954966983e-16,4.61035184352477e-17,1.36114849724002e-17,-6.7448781971081e-17,-1.20634212930912e-18,-6.93087088183051e-17,-7.13832735462244e-18,1.27339368182585e-16,-2.42255710498328e-16
"t626",-0.0277405702045514,0.00532312290065857,-0.00636606398351711,-0.0118260413935091,-0.00946699245009988,0.0108486853039602,-0.0806239506824772,-0.0149105517404794,0.000154505189881586,-0.000110981112808662,9.7114144964294e-05,-0.00755633050512011,0.0116749462994433,-0.00159590476534568,0.0002897957095338,0.00612759963996407,0.000354660871089759,-0.00166071885185042,0.000206721448420499,-0.000259187436518133,0.00988321444205541,-0.00446831446818993,0.0034867949608417,-0.0237145663410605,0.00382663820533096,-0.00459549844731328,0.00747988564208361,-0.00889446601766386,0.382310381694774,0.0555811172097367,-0.0001094289939425,0.00015178711152425,-0.036923803185979,7.92021384169893e-05,-3.81904352533426e-05,-4.80626630970729e-05,-0.00183439853143731,1.23543941564281e-05,9.80063866933926e-05,2.5464024394105e-05,0.00117265011679283,-0.000129900291415579,0.000910739118831349,-0.000104070286308351,0.00494533720028463,-9.2427821779967e-05,0.00014103946952837,-0.0205921577675525,0.000116519087244878,-0.000235729135630254,0.00154446176528716,-0.00013940016250039,1.94749462771168e-07,-0.000578521768489691,2.16875746663153e-05,-0.000225639755252454,7.43232122168515e-06,-0.000479592752018374,0.00016200680590979,-0.000212733380325379,-0.00150943436467659,1.96608166185355e-05,-0.000627924527534301,0.000332291603014788,-2.27519781234576e-05,0.000513492108878883,-2.91691958031709e-06,9.90591847174777e-05,-0.000265983961363657,0.000101081016519812,-6.4918899067098e-05,0.000196178229043343,-6.74134445310596e-06,-0.000311502999535715,0.00013020030303647,2.02116499223167e-07,-0.00138104992032663,1.86995108471255e-05,-6.44327670797557e-05,-7.38302171137167e-05,2.07684348370944e-05,0.000308323946384724,-3.58966995729074e-05,-0.000221371535385912,1.21209775032057e-05,0.00198922074923104,-0.00335401488447211,-2.33845556766134e-07,-3.63493616917219e-07,0.000245418051438693,-5.68705245813281e-06,1.8984875212397e-06,1.28203872540661e-05,-0.000779402728803486,-4.32951330993305e-07,-0.000180290168205526,-1.40914722403205e-05,9.31510926234e-05,-0.000103028164741621,-2.35739213118356e-05,-4.30560527195469e-06,2.0470071332295e-06,-5.65941886075044e-06,-4.31408417161364e-07,2.92905467905054e-07,-4.25354063337635e-06,2.87380429758754e-05,-8.28652700726399e-06,5.53684386695339e-06,-2.09817642908886e-06,-7.47239901704181e-06,-2.52894353986563e-05,0.000403833380870317,-0.000650314708827777,3.78203402948364e-07,-1.8654428456531e-05,3.06693651094887e-05,-4.38669942197743e-05,6.0593761912458e-05,-0.000199428831634655,0.00758897927387269,-0.00036446822418565,0.000680188334923922,0.00193468258146902,-0.000942146822836088,0.491878661157069,0.0158252470049939,-0.000276452502387361,0.000163490959815811,0.00535266812347502,-8.44605569690482e-05,0.000347647258527139,-0.000397070367975173,-7.70813232546279e-05,3.22260399040591e-05,0.000111820583125977,-5.32325392632265e-07,-0.000313006421090695,8.4235873277974e-05,-0.000241417860120432,-1.50988227128526e-05,-0.000578364024586077,0.000111144781940178,7.06040377389439e-06,2.91367948573308e-05,-1.33909566585907e-06,-5.70900819199489e-05,8.00378964935404e-06,5.12774010735013e-07,-1.21510894278866e-06,-0.00024434995595023,-5.4967766846838e-06,-0.000152129158806529,4.32294596134098e-05,-1.15866839741725e-05,-9.96370124173686e-07,1.48134095929444e-05,-0.000735800587178377,-3.31817796477015e-06,-1.09300904370539e-06,-0.000514028328215034,9.93651805824669e-06,-5.27436561195577e-06,-0.000692154134987269,7.8491163825984e-05,-0.000273163943795799,3.89190418060388e-05,6.64089823279512e-07,3.30040091220066e-05,4.36589524837459e-05,-0.000530311445705598,-0.000947426971959859,1.28515113001407e-05,3.52479580821501e-06,5.99350874548479e-05,1.33941536911068e-06,5.28185796786182e-06,-3.51246432038853e-05,-2.16596614428393e-05,-0.000855271761040968,0.000410444991984546,0.000820137523815878,-1.96787438592806e-05,-6.20686334830769e-07,-2.35429162002928e-06,-4.10794568131842e-06,-8.31207989956815e-05,1.96098321284257e-05,8.82246834887476e-05,-0.000998352969268372,-2.25218460406905e-06,4.1750074041903e-06,1.66260172630741e-05,2.13517118182233e-07,2.85574825077939e-06,-4.05884790531599e-06,-7.49396260884739e-06,-4.96464498277398e-05,4.48616032185251e-06,1.95618447316441e-06,1.95433975041686e-06,0.000329948228552852,-5.48157262551939e-08,-8.63662856652513e-05,-1.90619294951617e-05,-0.0047732263341887,8.73409191072752e-06,0.000443175818777276,-7.28505447265598e-05,-3.36086981355385e-06,-0.000348049950887074,0.000799301085095986,-0.00225147882483607,-3.82872579127038e-05,-3.22507100965212e-05,-2.95981218886893e-05,6.75977645306576e-05,4.69195541830749e-06,-1.18946168905673e-05,-8.65320092514926e-05,-0.00057187712117606,0.310505743280102,-0.000720319613965486,-0.00105091792755058,9.39867941800372e-05,4.20542758965065e-05,0.000430274354737785,1.72152827564357e-05,2.09592587004412e-05,1.33601349211323e-05,-0.00237101216094547,-4.33680108157279e-05,-3.12769511975375e-06,-5.11117250105036e-06,2.16654811781452e-07,4.0417882676284e-06,1.39870438321728e-05,-8.26338041947401e-16,1.73134017097842e-06,-0.000161965795553319,2.69606136890351e-06,0.00037215225196974,5.22136034282621e-06,-8.03821519125796e-06,7.11335622131152e-07,-3.15109061524576e-05,5.34941816346642e-08,-3.04907940961825e-09,4.38565823553904e-06,-5.2061724465766e-06,1.48053176863434e-07,-1.94204807204176e-05,7.00809051192921e-07,-1.4470107321624e-08,-4.95981759579978e-09,3.41011248523977e-07,-5.95433052696661e-07,1.24736899276924e-05,3.84461007066416e-07,-8.17991075392002e-08,2.00019421482949e-06,-3.9975233055641e-07,4.52257370792995e-05,-2.34351725290307e-05,2.46619460634255e-07,-8.44127323486366e-08,1.10748018383168e-07,7.85030361484876e-06,-1.79676379825505e-05,1.20712735641659e-07,4.86411080458806e-08,-1.08070552617078e-07,9.40133457664004e-06,-1.60752287930329e-05,2.8023731063509e-06,-3.84396823907184e-05,3.93151183523636e-05,-2.22611062766692e-06,5.25399058071167e-06,-1.93139283453212e-06,1.0545359651459e-06,2.06585675337975e-16,-2.64337498427217e-06,-9.07628721146877e-08,-8.50261783876274e-10,-7.48442574626077e-06,1.34503536240664e-07,-8.37706605702808e-08,-2.5505455703026e-06,2.9805798210887e-07,-1.83203084678441e-06,4.80111442773569e-06,1.77216805609689e-07,-1.61294038894593e-07,2.09132477411426e-06,-2.53767373616846e-06,5.70897572001231e-05,-1.26240454106535e-06,1.9076327865024e-05,7.34783414193335e-08,3.95490558608428e-07,3.09656197344423e-06,-2.611644277736e-05,6.17210029639617e-07,-2.36420259504966e-06,3.18097545766888e-06,-1.1541865888098e-05,7.27024323326085e-07,6.56759702513408e-07,5.00681641566035e-06,-8.42251591739461e-06,-6.76372608957344e-07,5.50790384170895e-06,-3.60106498740536e-06,8.89684161234588e-08,8.27142333851115e-07,-1.60364132311609e-06,-6.3359537209596e-17,4.80458814890062e-09,2.02410287051919e-05,-2.37565315036657e-06,1.3486036973622e-06,1.20582715307184e-06,3.52321599030993e-07,8.17587986300589e-07,-1.19636878938224e-05,4.44609837647952e-06,5.90774026654334e-17,-3.40384374846085e-06,-4.1487484026317e-08,-1.15941243861543e-07,3.85662754169275e-06,8.70485322687456e-07,-5.87042432155307e-08,-2.24252705458715e-06,5.97315234321618e-07,-1.97447063083051e-05,3.73013487055335e-06,-7.56676857082307e-07,-1.36716496804351e-06,-7.22475430242006e-08,-9.23670800103619e-08,-1.35916258881438e-06,5.69154930290047e-06,-1.47192376298158e-06,-9.40356544415196e-17,-3.87295413139257e-05,3.03742397797535e-06,6.74446074517427e-08,7.65095897256451e-07,-2.76705296350794e-06,-5.71277251224027e-06,2.00742507998705e-05,-7.28719850937744e-05,-5.05008902273816e-07,3.54188629658062e-17,-9.28397930069236e-07,-2.5682842533637e-06,-1.17023933540174e-06,4.64837069588873e-16,2.24579648794655e-06,0.000201410327568808,-3.06977419744731e-05,-1.74944164647167e-06,-5.87514554000331e-07,-3.14575079818096e-07,-1.12466919043326e-05,3.13054195375987e-07,3.32599603190684e-06,9.70969328151892e-07,6.79616731317088e-07,8.88446233783943e-06,4.20288187585991e-17,-3.50388235309882e-06,1.26702033583798e-06,8.18162729368371e-06,-8.22055772942884e-07,-1.13338529881948e-18,-7.92756868164521e-07,1.31934696905706e-06,-3.51701369526102e-07,-3.12349248574832e-07,-7.89262940347411e-07,7.53868866414762e-06,-1.10218100151821e-05,1.51841808987544e-06,-8.37271533189931e-17,5.48721776802645e-06,-9.47751057598744e-06,2.03105970929751e-05,6.76308863362336e-06,-6.87208426153138e-07,-4.61132851243098e-09,-1.52655665885959e-16,-4.29857437412899e-17,-4.44210347685909e-09,-5.11425021047955e-06,6.74096663425104e-07,-7.5192818534893e-07,2.18003591462741e-15,-3.56199957502075e-07,-4.20309691730431e-09,4.12795958614922e-17,-3.61668944719251e-17,2.52901632490136e-17,8.88880105136911e-07,2.62055176404793e-06,-3.78325830436386e-06,2.23104680158054e-06,1.11197613977068e-06,2.2841882348987e-06,-6.90043782699662e-06,-5.52456404937614e-16,-1.50556874444184e-06,3.84109624156271e-05,-2.00993985019831e-16,-1.65397623086793e-17,-2.64160997655736e-06,-2.04263088044783e-10,-2.01959680543305e-06,1.21663734771622e-06,1.98552190286075e-06,-8.23905401465614e-08,-1.44637797741968e-15,-2.76931287906374e-07,-5.94473324763329e-17,-9.42352727384484e-07,-1.44469939483693e-16,-2.21717225761426e-06,-5.55469723700002e-17,1.33628763874777e-06,1.67833127991809e-05,1.1009516587835e-07,1.44593496527077e-06,4.9796245493782e-06,-7.39420495595791e-07,3.6151196207794e-06,1.79801909710601e-07,8.74634440399592e-07,8.054296860778e-08,1.6320591523675e-06,-3.54035381694533e-06,-8.72044037780042e-07,-7.06998827093099e-08,-2.18737793629833e-06,1.67894515069354e-17,1.57869939215262e-05,-2.71818767752706e-06,2.67110601143354e-07,1.59527361106652e-15,3.53217910095225e-08,9.55897747767365e-07,3.41758288667353e-06,5.70549648510531e-17,-5.75231525761542e-06,-4.39629716967028e-07,9.73764790895804e-18,-5.80727505522625e-07,1.16232796467553e-05,-3.81875260160419e-17,-4.46206155861183e-16,-3.28968183044716e-07,-2.54451837577869e-07,-1.44993719630576e-09,-2.0119760937749e-06,5.34388807397715e-07,1.09049065143974e-06,1.51429487677136e-07,1.8522156340838e-06,-3.14180314752688e-06,-1.72171304990698e-16,4.49226245631973e-08,4.4602564135712e-09,1.23102089135594e-08,1.15217637347725e-06,-1.18461188595597e-16,8.0704610399198e-17,3.79049690929906e-07,8.87436110609506e-17,7.78926637498409e-17,2.38631429471959e-06,-2.66508743955885e-06,-3.44961688637337e-06,-2.87615745151682e-08,8.7272156025399e-05,1.91531228061579e-06,8.60382550405117e-08,8.63213828770322e-17,2.09832779892042e-07,9.8097459819143e-09,4.50267152793933e-08,-3.15815574252993e-06,1.24762051101954e-05,-2.3909678762542e-16,-3.96057661750953e-17,3.28035974543596e-15,-1.57264413472664e-07,-5.24910672364754e-07,-4.40010408964172e-07,-5.09387262085987e-16,-4.02983338747918e-07,-1.2468230778987e-16,2.03485141418861e-16,9.5784218502803e-06,-2.1034610136995e-07,-8.93382590128056e-17,-5.19363132919656e-07,-1.866431033796e-06,7.69406254608454e-16,8.09045410699246e-07,2.31718548209371e-16,2.18343623693498e-07,1.03140144102593e-16,2.18103172400802e-07,1.88976442776842e-06,4.75553769721705e-07,6.45494970600672e-08,4.44968069006873e-07,-2.04082071337804e-06,6.70895137137317e-07,6.5170787905847e-16,0.00667706640684262,9.31328484760099e-07,-6.97908333868244e-17,-7.58316437206407e-08,-3.7414531801987e-07,9.0998396822319e-07,7.41683686988892e-16,3.75793640117902e-07,3.487735889816e-06,-6.03325059861374e-16,-1.27155338616768e-06,-2.82704884981933e-07,-1.03677864261202e-07,-2.06163449403446e-16,1.80982444088376e-16,2.72812096136251e-07,8.40087732428437e-08,6.80362427945807e-09,-6.96402868626093e-06,5.06300019745238e-08,8.17585983915484e-17,9.0690037781261e-16,1.85016891983586e-07,1.27545878014592e-09,-2.51293142906152e-16,4.47840178733986e-07,2.87590780911324e-17,1.60812851856072e-06,-8.59423432098708e-08,-5.02203216555183e-08,-3.33070701915684e-07,-3.8986730853985e-15,1.54621397910619e-16,-7.61590038459553e-16,-3.17212597210897e-16,-1.8602095644659e-07,-8.35738720603228e-07,1.1211562043377e-15,3.96612096131896e-16,1.73045084031976e-17,9.09000927985323e-07,1.05811824936891e-08,-4.50226861160102e-07,-8.59420453304363e-17,-1.95457257150256e-15,-1.88054866817611e-16,-2.79380511093603e-06,5.92898911518263e-07,2.55874104441451e-16,1.34651901161025e-07,-2.72085565892087e-06,1.0188106614332e-17,-2.24193139396833e-16,-2.71581711351273e-07,-2.78263649845988e-09,-1.345918859342e-07,-2.36917782102558e-15,1.51523729758073e-07,2.20726788485519e-07,2.36922259375922e-07,-2.16067973906123e-07,-7.69715596284822e-07,8.49141356487073e-08,3.4309119180354e-15,-1.77064800946893e-15,1.72436826940343e-15,1.61583485968041e-06,-1.12995013297804e-06,-6.15286432426209e-08,-4.84425891399681e-08,2.02374922980174e-14,-8.0029882511218e-15,-7.98970357428302e-15,4.6597187155699e-15,-1.23857248797326e-15,1.60128828523275e-06,-3.64342460961233e-14,1.55521461797118e-15,-3.74654168355849e-08,5.74333416917071e-14,-3.35384781629338e-08,-0.707106781186547,-4.15807325985507e-08,4.00060376973305e-15,-5.03820730830046e-08,-6.30623085008352e-09,-5.15416280361934e-06,-3.01829026254708e-15,2.02487471050824e-07,-1.07244019999685e-15,2.87476675579762e-07,-3.50029450003528e-06,2.79919394902581e-09,1.77228630923869e-15,4.08487083576374e-07,9.60290931482853e-16,-1.00438573477398e-07,-5.66924651637314e-07,1.09186092106435e-15,2.39222135550556e-16,1.16471023693319e-16,1.35813794309431e-17,-1.90375993595205e-09,-2.47928409774926e-08,-5.53666775423854e-09,-5.81231456191976e-16,-1.21037605728358e-15,-4.05040672790706e-07,4.2768231280888e-06,1.41799422889071e-15,2.19543252796407e-16,-2.52584256341741e-08,1.86941143599198e-15,-1.79022390927204e-07,3.75764781128976e-16,1.69083007942146e-06,3.12839754019333e-16,-4.30770891361589e-16,1.49957065425319e-16,-9.654264872803e-16,4.96269385571263e-16,8.33991561655868e-16,2.90943165000019e-07,-2.03475068513351e-06,-3.29175699603216e-16,-1.50932862463843e-07,5.74192330186765e-07,-9.51237628049017e-16,-1.91428908687462e-16,1.27586504851864e-16,-5.84310798207415e-16,5.66331417697074e-08,9.05792281337507e-09,-2.20304392738235e-16,4.65504286052332e-16,-1.02870990312982e-07,-3.669669569889e-07,-3.84072381038724e-08,7.0673686279689e-16,-1.63081761648493e-16,1.22943253196503e-16,-1.17374952334994e-16,1.34850486156034e-15,2.30606562266783e-17,2.16969302449319e-07,-2.05228408729289e-07,-3.94648012964521e-08,-1.14791232895833e-16,1.38126058927858e-16,5.98371728073356e-16,2.12252902521969e-16,-2.16281445318753e-16,-2.95217313712285e-16,-2.49054424668345e-17,7.25419264677217e-18,-3.89117930930047e-16,-3.8371857967938e-16,3.63448561371027e-16,-6.20371085990814e-16,-6.22218935840709e-16,5.32616623194873e-16,1.93761014566659e-07,5.62287125161103e-16,-4.48089393519791e-16,-4.77610926179601e-16,2.1189734061908e-06,-3.69327045900578e-09,2.73474664329221e-16,-7.07861166483969e-08,1.93646495995236e-06,-2.10464602151614e-17,2.13782698386156e-15,-5.40415350079262e-07,1.20190873155502e-16,4.76762289638313e-08,5.36018338486266e-17,2.53220909793081e-17,-1.70163327710758e-17,-5.07245733431063e-16,6.75234369380134e-09,-9.27236809341483e-07,5.88642436958194e-16,-2.02530168312087e-16,-5.50439558996399e-17,4.09660925869087e-17,-8.69638562550623e-16,4.99774371873896e-17,4.69171374462004e-17,1.63602597857781e-16,9.97132932868032e-08,-1.06546192014768e-16,-3.66322550295759e-17,-2.21482454157147e-16,-1.87728876941197e-16,-2.22031112698361e-17,-2.50968691669188e-17,-2.20050509521266e-07,-6.37600077329018e-17,1.67532045164003e-16,1.64059764273634e-07,-3.40601146985338e-17,-5.53403330458482e-17,6.54746645634332e-17,7.92996970766613e-17,9.44341350048737e-07,2.92417726393556e-17,-1.00949198871809e-07,-6.35509639642644e-17,1.58903898365027e-17,1.30929639575343e-16,-3.63886624689868e-16,-6.37901487001189e-17,2.82046027811477e-16,3.64730211275664e-09,-1.10814388212231e-16,-2.68816079781919e-16,1.83817327792361e-07,-4.55269689560119e-07,3.49265416910735e-17,3.18900541475219e-07,4.67058735997978e-08,1.55138690740175e-16,-2.26549128043841e-16,2.35052205810979e-16,8.51992473479213e-18,-1.3718475677641e-16,-7.84228906688625e-08,1.4594724134831e-16,-2.09219400227905e-16,1.13944150833509e-16,3.13938445143359e-08,-4.73144722184217e-16,1.63077309394338e-16,-2.04674372198901e-16,-5.71389949232678e-17,-1.43016167824731e-08,1.86953805014291e-16,2.96965683180803e-08,-2.76278670314466e-16,-8.05592492924044e-17,-6.47634763213259e-17,-2.77971282961494e-16,9.57275242635091e-17,-2.24280480730487e-17,-7.39011928516362e-17,-4.63059790764736e-06,1.32155416442987e-16,-1.14046548087641e-16,2.16510852324962e-07,-6.4904785558684e-16,1.40909343346075e-16,-3.0135235128436e-16,-1.67680163462855e-16,1.24121801912044e-16,-1.06932841761556e-16,-2.27399456327462e-07,2.10466411864535e-17,2.93357571696503e-16,4.67191302452696e-07,3.3213137970551e-16,3.92009971527769e-17,-2.38812745199668e-16,-5.03866014953183e-17,-4.06654221304138e-17,3.26587622091058e-16,6.29712004675367e-17,-5.11241037917898e-17,1.10161989668065e-16,-9.89002328178164e-17,-1.33023037483279e-16,-2.45010304714949e-07,7.30142908228332e-06,-1.1140368177839e-16,2.64780837419667e-16,8.28121737303211e-18,-6.61224707259607e-17,-1.13841228110978e-16,2.02733853505452e-18,1.82455757788831e-16,-5.81554658033319e-17,-1.02018863808426e-08,2.37763087278493e-17,2.44309748985269e-17,8.37790677687194e-18,4.19868738637483e-17,1.30620264183765e-08,5.422434865908e-16,-1.84861669636757e-08,7.08876704574739e-18,-1.15167877826839e-16,8.36147870227981e-17,1.16354903646517e-16,4.46265143580926e-17,-1.40132727862604e-16,1.31901417619206e-16,-6.40733584045133e-17,6.18690572564957e-17,-1.31789110852318e-17,-5.40225231180405e-17,-1.44290927863648e-18,1.9810091827128e-17,-9.53123257781553e-18,-3.25382582751247e-17,-2.29122976971716e-17,3.11766888495463e-17,1.38793994011103e-16,1.05644687005775e-16,-8.05984743579624e-17,3.68953999296817e-16,-8.11920343664378e-18,1.10750583660969e-18,4.33550553790615e-17,1.0090169718314e-16,9.85360285032238e-10,3.33522440174821e-17,-1.59634170190784e-17,-1.06420883344794e-17,-8.12435119495485e-17,-4.84520153463811e-17,4.37677704194773e-17,-8.46633660888929e-17,-1.03994550740156e-17,-3.47781635392333e-17,1.2068813138743e-17,-3.0216714547171e-16,6.81376741561365e-17,-1.40467729071168e-17,-2.14890311145689e-19,-1.98064202772837e-16,2.37108955244208e-19,-2.31173225947203e-17,-1.26834716761384e-08,-3.54908351524556e-17,-2.32022380522661e-19,1.00271408683802e-17,-1.91959254757144e-17,-2.59982021821653e-17,-3.95095935948655e-17,-1.98736489176252e-17,-1.75812835234506e-17,-1.5830194091546e-18,2.68781898873143e-09,2.09397758779742e-16,-5.68695872183895e-18,-1.40068322023509e-17,8.82209689001462e-17,2.64357025366119e-17,3.82381765278249e-18,-2.10871212371232e-17,1.46487321508056e-17,2.66943983552827e-17,3.38441357743126e-16,1.62368018365602e-17,-1.89102984240793e-17,3.95258205271974e-18,1.35632863646855e-08,-1.01777322499156e-17,-1.3019982159272e-17,-1.08156780375669e-16,-2.23237227314765e-16,-4.082920916119e-08,-5.48124188470789e-17,5.51948239347886e-17,-2.80526470044243e-17,4.38102259520191e-17,3.49009015133397e-17,2.48709644318535e-17,3.5248694323181e-16,7.56760450301824e-17,1.36775565246904e-17,1.2523378274175e-17,1.50526146665869e-17,8.66728466483803e-17,-4.57803064699769e-17,-1.27981633892448e-17,3.84745644592587e-17,1.02936178320175e-16,-1.94283904552098e-16
"t324",-0.0277405702045514,0.00532312290065857,-0.00636606398351711,-0.0118260413935091,-0.00946699245009988,0.0108486853039602,-0.0806239506824772,-0.0149105517404794,0.000154505189881586,-0.000110981112808662,9.7114144964294e-05,-0.00755633050512011,0.0116749462994433,-0.00159590476534568,0.000289795709533804,0.00612759963996407,0.000354660871089759,-0.00166071885185042,0.000206721448420503,-0.000259187436518133,0.00988321444205541,-0.00446831446818993,0.0034867949608417,-0.0237145663410605,0.00382663820533096,-0.00459549844731328,0.00747988564208361,-0.00889446601766385,0.382310381694774,0.0555811172097367,-0.000109428993942493,0.000151787111524237,-0.036923803185979,7.9202138416991e-05,-3.81904352533462e-05,-4.80626630970937e-05,-0.00183439853143732,1.23543941564198e-05,9.80063866934039e-05,2.54640243941176e-05,0.00117265011679283,-0.000129900291415587,0.000910739118831355,-0.000104070286308326,0.00494533720028463,-9.24278217799911e-05,0.000141039469528366,-0.0205921577675525,0.000116519087244863,-0.000235729135630251,0.00154446176528717,-0.000139400162500395,1.94749462743605e-07,-0.000578521768489691,2.16875746663168e-05,-0.000225639755252471,7.43232122168239e-06,-0.000479592752018362,0.000162006805909764,-0.000212733380325379,-0.0015094343646766,1.96608166185316e-05,-0.000627924527534309,0.000332291603014774,-2.27519781234392e-05,0.000513492108878892,-2.91691958030401e-06,9.90591847174437e-05,-0.000265983961363679,0.000101081016519815,-6.49188990670778e-05,0.000196178229043315,-6.74134445309918e-06,-0.000311502999535743,0.000130200303036414,2.02116499216975e-07,-0.00138104992032663,1.86995108471377e-05,-6.44327670797596e-05,-7.38302171136779e-05,2.07684348370945e-05,0.000308323946384708,-3.58966995729265e-05,-0.00022137153538588,1.2120977503232e-05,0.00198922074923106,-0.00335401488447207,-2.33845556786084e-07,-3.63493616892321e-07,0.000245418051438683,-5.68705245814303e-06,1.89848752121542e-06,1.28203872540577e-05,-0.000779402728803478,-4.32951331006367e-07,-0.000180290168205514,-1.40914722403288e-05,9.31510926234204e-05,-0.000103028164741628,-2.35739213118504e-05,-4.30560527196468e-06,2.04700713323364e-06,-5.65941886074212e-06,-4.31408417154746e-07,2.92905467915596e-07,-4.25354063344294e-06,2.87380429759108e-05,-8.28652700730271e-06,5.53684386694791e-06,-2.09817642908539e-06,-7.472399017062e-06,-2.52894353986284e-05,0.000403833380870284,-0.000650314708827789,3.78203403033485e-07,-1.86544284565586e-05,3.06693651094493e-05,-4.38669942197466e-05,6.05937619125117e-05,-0.000199428831634747,0.00758897927387263,-0.000364468224185672,0.000680188334923905,0.00193468258146911,-0.000942146822836085,0.491878661157069,0.0158252470049939,-0.000276452502387343,0.000163490959815753,0.00535266812347503,-8.4460556969099e-05,0.000347647258527274,-0.000397070367975102,-7.70813232546362e-05,3.22260399041052e-05,0.000111820583125974,-5.32325392661478e-07,-0.000313006421090773,8.42358732779703e-05,-0.000241417860120436,-1.50988227129043e-05,-0.000578364024586174,0.0001111447819402,7.06040377384905e-06,2.91367948572558e-05,-1.33909566580342e-06,-5.70900819200025e-05,8.00378964937331e-06,5.12774010670468e-07,-1.21510894276066e-06,-0.00024434995595023,-5.49677668470444e-06,-0.000152129158806511,4.32294596134595e-05,-1.15866839741158e-05,-9.96370124166593e-07,1.48134095929575e-05,-0.000735800587178387,-3.31817796474763e-06,-1.09300904367149e-06,-0.00051402832821501,9.93651805827626e-06,-5.27436561199876e-06,-0.000692154134987249,7.84911638259961e-05,-0.000273163943795818,3.89190418061054e-05,6.64089823413947e-07,3.30040091220774e-05,4.36589524837472e-05,-0.000530311445705596,-0.000947426971959816,1.28515113001715e-05,3.52479580821775e-06,5.99350874549003e-05,1.33941536916972e-06,5.281857967927e-06,-3.51246432038474e-05,-2.16596614428596e-05,-0.00085527176104102,0.000410444991984606,0.000820137523815903,-1.96787438592585e-05,-6.20686334801722e-07,-2.35429161996171e-06,-4.10794568122793e-06,-8.312079899558e-05,1.96098321283498e-05,8.82246834888221e-05,-0.000998352969268349,-2.25218460405943e-06,4.1750074041016e-06,1.6626017263031e-05,2.13517118204795e-07,2.85574825086046e-06,-4.05884790536665e-06,-7.49396260889414e-06,-4.9646449827833e-05,4.48616032191384e-06,1.95618447315864e-06,1.95433975041715e-06,0.000329948228552861,-5.48157262177982e-08,-8.6366285665322e-05,-1.90619294951632e-05,-0.0047732263341888,8.73409191071459e-06,0.000443175818777248,-7.28505447267719e-05,-3.36086981358862e-06,-0.000348049950887096,0.000799301085095957,-0.00225147882483601,-3.82872579127333e-05,-3.2250710096533e-05,-2.95981218884226e-05,6.7597764530711e-05,4.69195541824902e-06,-1.18946168905841e-05,-8.65320092515052e-05,-0.000571877121176117,0.310505743280102,-0.000720319613965478,-0.00105091792755062,9.39867941799721e-05,4.20542758965702e-05,0.000430274354737726,1.72152827565488e-05,2.09592587004913e-05,1.33601349211252e-05,-0.0023710121609456,-4.33680108157014e-05,-3.12769511978022e-06,-5.1111725010759e-06,2.16654811781951e-07,4.04178826762661e-06,1.3987043832122e-05,-8.14198513730041e-16,1.73134017092393e-06,-0.000161965795553291,2.69606136894225e-06,0.000372152251969605,5.22136034281078e-06,-8.03821519119863e-06,7.11335622183275e-07,-3.15109061524639e-05,5.34941815567856e-08,-3.04907948293895e-09,4.38565823553781e-06,-5.20617244663237e-06,1.48053176955363e-07,-1.94204807203604e-05,7.00809051125578e-07,-1.44701074016382e-08,-4.95981760967757e-09,3.41011248491014e-07,-5.95433052707663e-07,1.24736899276184e-05,3.84461006944063e-07,-8.17991074507264e-08,2.00019421482179e-06,-3.99752330602467e-07,4.52257370793369e-05,-2.34351725290732e-05,2.4661946065586e-07,-8.44127322386912e-08,1.10748018361558e-07,7.85030361479163e-06,-1.79676379826994e-05,1.20712735648472e-07,4.86411080127281e-08,-1.08070552609226e-07,9.40133457653566e-06,-1.60752287930745e-05,2.80237310629064e-06,-3.84396823906281e-05,3.93151183526218e-05,-2.22611062767477e-06,5.25399058075612e-06,-1.93139283460317e-06,1.05453596516333e-06,1.49139925746794e-16,-2.64337498413787e-06,-9.07628721343213e-08,-8.50261813503339e-10,-7.4844257463154e-06,1.34503536160394e-07,-8.37706605530947e-08,-2.5505455702245e-06,2.98057982258618e-07,-1.83203084653569e-06,4.80111442769706e-06,1.77216805717636e-07,-1.61294038882076e-07,2.09132477418222e-06,-2.53767373616564e-06,5.70897572001683e-05,-1.26240454104996e-06,1.90763278650275e-05,7.34783414079725e-08,3.95490558618095e-07,3.09656197336268e-06,-2.61164427774341e-05,6.17210029565943e-07,-2.36420259502676e-06,3.18097545771188e-06,-1.15418658881032e-05,7.27024323234193e-07,6.56759702562124e-07,5.00681641543797e-06,-8.42251591731726e-06,-6.7637260896506e-07,5.50790384179255e-06,-3.60106498739948e-06,8.89684161647729e-08,8.27142333864726e-07,-1.60364132298647e-06,-8.62182440944241e-18,4.80458805740219e-09,2.02410287051023e-05,-2.37565315053311e-06,1.34860369746845e-06,1.20582715298875e-06,3.52321599096351e-07,8.17587986256256e-07,-1.19636878938074e-05,4.44609837652063e-06,-3.71134032892794e-16,-3.40384374862946e-06,-4.14874838488232e-08,-1.15941243793021e-07,3.85662754164286e-06,8.70485322866974e-07,-5.87042430559586e-08,-2.24252705460676e-06,5.97315234301413e-07,-1.97447063082311e-05,3.73013487058631e-06,-7.56676857091692e-07,-1.36716496793594e-06,-7.22475430203622e-08,-9.23670797744395e-08,-1.35916258880796e-06,5.69154930284862e-06,-1.47192376308575e-06,-3.33202937756413e-17,-3.87295413137931e-05,3.03742397796841e-06,6.7444607469693e-08,7.65095897483483e-07,-2.76705296351348e-06,-5.71277251206804e-06,2.00742507999472e-05,-7.28719850936691e-05,-5.05008902309866e-07,-2.65975917865078e-17,-9.28397930021798e-07,-2.56828425337251e-06,-1.17023933544777e-06,3.63796883774634e-16,2.24579648808221e-06,0.000201410327568919,-3.06977419745486e-05,-1.74944164650322e-06,-5.87514554058087e-07,-3.14575079789702e-07,-1.1246691904206e-05,3.13054195220874e-07,3.32599603182354e-06,9.70969328181613e-07,6.79616731227632e-07,8.88446233789838e-06,4.26226406009459e-17,-3.50388235284983e-06,1.26702033584595e-06,8.18162729371373e-06,-8.22055773081327e-07,1.30506539200976e-17,-7.92756868241066e-07,1.31934696904318e-06,-3.51701369514418e-07,-3.123492483725e-07,-7.89262940639212e-07,7.53868866431638e-06,-1.1021810015389e-05,1.51841808984484e-06,5.81865658314568e-17,5.48721776767255e-06,-9.4775105760499e-06,2.0310597093008e-05,6.7630886334908e-06,-6.87208426082102e-07,-4.61132860184877e-09,-1.04083408558608e-17,-9.21085687367774e-17,-4.44210353393279e-09,-5.11425021064609e-06,6.74096662934937e-07,-7.51928185476504e-07,2.31266333908919e-15,-3.56199957463351e-07,-4.20309670059649e-09,-2.27805828527499e-16,2.11022774864522e-17,-8.09198125329818e-18,8.88880105478597e-07,2.62055176402674e-06,-3.78325830454385e-06,2.23104680151369e-06,1.11197613980303e-06,2.28418823469724e-06,-6.90043782665335e-06,-4.81832557931621e-16,-1.50556874436605e-06,3.84109624158101e-05,8.35007068157122e-17,-1.63855062015318e-18,-2.6416099765718e-06,-2.0426279923801e-10,-2.01959680561639e-06,1.21663734772726e-06,1.98552190277397e-06,-8.23905395847361e-08,-1.25900073695988e-15,-2.76931287942237e-07,-5.94193515914278e-18,-9.4235272739195e-07,-2.46818624566325e-16,-2.21717225782855e-06,3.11904951452384e-17,1.33628763917085e-06,1.67833127995571e-05,1.10095165697463e-07,1.4459349651229e-06,4.97962454926783e-06,-7.39420495466934e-07,3.61511962075631e-06,1.79801909472293e-07,8.74634440207313e-07,8.05429688315747e-08,1.63205915241011e-06,-3.54035381701142e-06,-8.7204403792158e-07,-7.06998822171265e-08,-2.1873779365086e-06,3.96729265282933e-17,1.57869939214953e-05,-2.71818767766965e-06,2.67110601224401e-07,1.49772098930914e-15,3.53217913140527e-08,9.55897747470459e-07,3.41758288654745e-06,-4.6323868209672e-17,-5.7523152575251e-06,-4.3962971750779e-07,9.30851070314079e-18,-5.80727505607888e-07,1.16232796465413e-05,-4.17709030945383e-18,3.24011103165799e-16,-3.28968183029628e-07,-2.54451837901737e-07,-1.4499369907193e-09,-2.01197609363253e-06,5.34388807686558e-07,1.09049065129516e-06,1.51429487760377e-07,1.85221563375804e-06,-3.1418031474546e-06,-1.86049092798513e-16,4.49226244861817e-08,4.46025626471112e-09,1.23102085354373e-08,1.15217637349792e-06,1.00928395259596e-16,-1.04623456388505e-16,3.79049690882476e-07,-6.53915812655657e-17,-1.62928019905051e-16,2.38631429469339e-06,-2.66508743919366e-06,-3.44961688639248e-06,-2.87615743065665e-08,8.72721560252445e-05,1.91531228099285e-06,8.60382546889515e-08,1.26620704495157e-17,2.09832779761399e-07,9.80974660475354e-09,4.50267148797016e-08,-3.15815574267455e-06,1.2476205110338e-05,1.1354668500307e-16,3.33160688511091e-17,2.64508503395698e-15,-1.57264413582787e-07,-5.24910672091214e-07,-4.40010408393519e-07,-2.62460157447813e-16,-4.02983338905616e-07,9.76469002054392e-17,-1.29201410183609e-16,9.57842185085444e-06,-2.10346101348457e-07,5.28223298434938e-16,-5.19363133192895e-07,-1.86643103391394e-06,9.99972010982864e-16,8.09045409950887e-07,-7.75289993248354e-17,2.18343623816228e-07,-4.55037454532479e-17,2.1810317301682e-07,1.88976442800736e-06,4.75553769796737e-07,6.45494972635072e-08,4.44968068764585e-07,-2.04082071301721e-06,6.70895137039095e-07,2.56459192814504e-16,0.00667706640684538,9.31328485020437e-07,-1.17697350966048e-16,-7.58316439503239e-08,-3.74145318201152e-07,9.09983967842703e-07,-7.4931075515705e-16,3.75793640120131e-07,3.48773588946173e-06,5.8669130935602e-16,-1.27155338582817e-06,-2.82704886293425e-07,-1.03677864328933e-07,2.86716036542093e-16,-1.67108813929664e-16,2.72812095529334e-07,8.40087728517224e-08,6.80362373698085e-09,-6.96402868589363e-06,5.0630001268966e-08,-4.28119211990623e-17,-8.82683734885776e-16,1.85016891894122e-07,1.2754588207474e-09,2.413691711385e-16,4.47840178752556e-07,-5.20358671076441e-17,1.608128518747e-06,-8.59423433286081e-08,-5.02203212899153e-08,-3.33070702475651e-07,-3.54069593043539e-15,-1.48929496476172e-16,7.72774709442795e-16,-5.00106166707844e-16,-1.86020957376561e-07,-8.357387199399e-07,-9.76124335564604e-16,-3.76329118615297e-16,-5.84142283149266e-17,9.09000928787453e-07,1.05811840556941e-08,-4.5022686115848e-07,7.75762868016988e-17,1.48711880483543e-15,3.67056645494968e-16,-2.79380511223628e-06,5.92898912631165e-07,-2.90394733368933e-16,1.34651900441125e-07,-2.72085565969321e-06,1.71777143612244e-17,1.80964624426454e-16,-2.71581709873613e-07,-2.78263582409316e-09,-1.34591886796969e-07,2.36835174137351e-15,1.51523729755101e-07,2.20726787837758e-07,2.36922260333057e-07,-2.16067973427289e-07,-7.69715595327889e-07,8.49141334881304e-08,-3.39782704223009e-15,1.81814926526299e-15,-1.69509675012431e-15,1.61583486006556e-06,-1.12995013406004e-06,-6.15286388829564e-08,-4.84425880249824e-08,-2.02864684522102e-14,7.96545145812745e-15,8.09791193195467e-15,-4.60499862563017e-15,1.02442849680599e-15,1.6012882924218e-06,3.62744939533764e-14,-1.93208786380825e-15,-3.74653967033466e-08,-5.73986341569225e-14,-3.35382318378919e-08,0.707106781186548,-4.15811246875041e-08,-3.9365044946429e-15,-5.03820751864448e-08,-6.30622840148107e-09,-5.15416281732493e-06,3.29937332745904e-15,2.02487468504787e-07,1.06545247828035e-15,2.87476673778025e-07,-3.50029450156596e-06,2.7991925051966e-09,-1.84922000545332e-15,4.08487077460445e-07,-1.11654280113617e-15,-1.00438574034576e-07,-5.66924653093384e-07,-1.25601967616024e-15,-2.61218893746515e-16,-4.96265852168492e-17,-7.42438281275707e-18,-1.90376111986081e-09,-2.47928391320912e-08,-5.53666740298256e-09,5.53426766041177e-16,1.23928449482426e-15,-4.0504067257456e-07,4.27682312790839e-06,-1.55955020272485e-15,-2.35023135473443e-16,-2.52584263670032e-08,-1.78762804541532e-15,-1.79022390067617e-07,-7.48114309050385e-17,1.69083007901527e-06,-3.80684035307823e-16,3.84341506868028e-16,-1.16988359578597e-16,1.03774500667879e-15,-4.79743165246361e-16,-9.05421088716939e-16,2.9094316398694e-07,-2.03475068575438e-06,3.79786663989856e-16,-1.50932862919037e-07,5.74192330106552e-07,9.70267014370129e-16,2.27879183026164e-16,-9.08065943359893e-17,5.10628380607447e-16,5.66331409492674e-08,9.05792358741371e-09,-1.26195677594689e-16,-6.88912579560985e-16,-1.02870990427015e-07,-3.66966957729507e-07,-3.84072385452081e-08,-6.04026103519751e-16,7.58280708849607e-17,-1.45062042534047e-16,1.53238227765846e-16,-1.18974452853942e-15,-3.20700064695896e-17,2.16969302550537e-07,-2.05228408760871e-07,-3.94648008801694e-08,1.33885050393784e-16,-7.44085134890557e-17,-6.77288094878894e-16,-1.89428619687044e-16,1.07131286420622e-16,2.56912641946099e-16,7.03992921181693e-17,6.29622329434073e-17,3.83559598409164e-16,4.09347508793272e-16,-2.95609646393112e-16,7.50927853353325e-16,6.49058797997774e-16,-4.94109305001915e-16,1.93761014044304e-07,2.21784217787668e-16,5.32456910858102e-17,3.2901231707305e-16,2.11897340594693e-06,-3.69326899080205e-09,-2.607893267712e-16,-7.07861172811373e-08,1.9364649598681e-06,-6.22331770715102e-18,-1.40491203077706e-15,-5.4041535003568e-07,-9.17983743268263e-17,4.76762287700094e-08,-1.85131948655222e-16,1.43500395582242e-17,-1.50812445091361e-17,6.14019766681728e-16,6.75234292702898e-09,-9.27236810038974e-07,-5.8258051268009e-16,8.84798953807436e-17,8.17719249987216e-17,8.16897686922217e-18,4.90384642615194e-16,1.16293142392044e-18,-1.65935984340359e-16,-1.32909642252432e-16,9.97132931291331e-08,1.40763302530461e-16,5.04930055725798e-17,2.49928617839925e-16,3.70852086356951e-16,7.62965814772391e-17,-1.24243769708929e-16,-2.20050509331533e-07,7.06282310598133e-17,-1.75959234998872e-16,1.64059764212406e-07,-2.10420823909556e-17,-5.43645493858134e-17,1.97921907138363e-17,1.84521515943975e-16,9.44341350123296e-07,-5.14609821870541e-17,-1.00949198778518e-07,2.22764453417691e-16,-6.62004787603721e-17,-1.06605503419355e-16,-5.89400676566853e-16,4.07947186803743e-17,-5.99572968328195e-16,3.64730201445915e-09,-3.12475951599653e-16,3.97290637039609e-16,1.83817327784148e-07,-4.55269689597097e-07,-2.87115453043463e-17,3.18900541310649e-07,4.6705873582182e-08,-1.32993626799197e-16,1.99704955791914e-16,-2.20258539023893e-16,3.96044186127943e-17,1.04808203614023e-16,-7.8422890550155e-08,-1.09653362624754e-16,1.6129652782365e-16,3.87278326420102e-18,3.1393844619667e-08,-3.79188409701756e-17,5.05702958890935e-17,1.42912974445784e-16,2.02349901266103e-17,-1.43016167927278e-08,-1.34894520905726e-16,2.96965683901232e-08,2.94696632046439e-16,-2.9777930018168e-17,3.7153831498393e-17,2.48247952708433e-16,-6.83373862457272e-17,-7.44653709614374e-17,8.20734749692774e-17,-4.63059790755985e-06,-3.28969698538221e-16,6.04822350322943e-17,2.16510852336638e-07,5.96280237941874e-16,-1.58528165262012e-16,3.0764152425568e-16,1.73556192375229e-16,-6.65315214417315e-17,4.42556913760185e-17,-2.27399456555949e-07,-6.80328209039785e-17,-2.39202497280704e-16,4.67191302520791e-07,-5.63419619712863e-16,-1.65385323774218e-18,2.4333325975263e-16,1.23519293394755e-16,1.90890071500238e-16,-1.21838406943409e-16,-2.07383389243803e-17,-3.69297045905017e-17,-7.9898909039656e-17,2.07915211301144e-17,2.17970795711992e-16,-2.45010304636754e-07,7.30142908209708e-06,3.41504592234008e-17,-2.27291683012747e-16,-9.77125652888999e-18,1.46161877580136e-17,6.63314889126632e-16,-4.26255030565709e-17,-1.55798608216716e-16,-3.15825578882587e-17,-1.02018864927745e-08,-1.29018838135568e-17,3.31430543020878e-17,-4.31615396544753e-17,4.61806725110308e-17,1.30620264480696e-08,-2.66829375841278e-16,-1.8486166983354e-08,-6.93870085694687e-17,5.69123985143089e-17,-5.42422257498958e-17,-1.03675306233125e-16,-5.7917995543222e-18,5.55743989399436e-17,-8.9677763317962e-17,7.18618112233193e-17,-3.7301019253614e-17,1.58457667799226e-17,5.44342699306931e-17,5.21756161891467e-17,9.47460953523276e-17,1.35967146522315e-17,1.74048353780141e-17,3.35850080598325e-17,1.34036174364506e-17,-1.03228123443794e-16,-3.46100630671851e-17,-1.48866856555779e-16,-3.24935391093906e-16,-1.82552113201337e-17,-1.78802292160204e-16,-6.43965938558206e-17,1.08837765050658e-16,9.85360394784428e-10,-6.22464037160066e-17,-7.90639834577347e-17,6.13605545918801e-18,-1.43213184951233e-16,4.33330499085432e-17,-1.40218266185863e-17,5.6779033910359e-17,4.62072068410963e-17,7.00739749458711e-17,1.69493556528949e-17,-5.58364118830035e-17,-1.01698691115959e-16,-8.30792882830029e-18,3.30730466522724e-18,4.5034292295989e-17,-6.27901399225012e-17,-3.16708666828225e-18,-1.26834716710344e-08,-3.62466162532504e-18,2.41491316452787e-17,1.77451961398868e-17,7.57898366649018e-17,1.10232570043737e-16,-9.51500291796025e-17,-5.41054518347787e-17,-4.72471979055093e-17,5.88624984602449e-18,2.68781895219387e-09,8.01608598194699e-17,-1.75183239057498e-17,7.30094638910712e-18,-4.93345474979494e-17,8.75712659441046e-18,4.97248523562104e-18,5.54561954916723e-18,-4.92893112722571e-17,4.65340995090726e-18,-7.77289583710155e-17,1.48267712913005e-18,-1.32403761087899e-17,1.92771872005551e-20,1.35632863869305e-08,2.75311155384463e-17,-2.42941442399991e-17,-1.71027383404874e-17,-4.31404044431982e-16,-4.0829209165591e-08,-3.0548133320791e-17,4.05162461480279e-17,-1.41949039243569e-17,2.56051562192227e-17,8.1453837699366e-18,6.30634184654252e-18,4.97783172816177e-17,1.07991537343336e-16,3.43921752683367e-17,-3.38533106622034e-17,5.19719766626935e-18,9.28708763964396e-17,-2.43943315423579e-17,-1.77930543626471e-17,1.4455506614302e-17,7.25375855769315e-17,-2.17932730502625e-16
"t931",-0.0401667946616159,0.0325403404630008,-0.0530371437777943,0.0230951107263503,0.00606054177368641,-0.00272134921392171,0.0176207624645248,-0.0360271564267152,1.43383240318484e-05,-1.47072351399671e-05,7.42634077890475e-05,-0.0117729140719122,0.0220322186295085,-0.0033974666304205,0.000994001815260201,0.180657829084688,-0.00453633209164738,0.0100296979503449,-0.000741078834684554,0.000388946551593616,-0.0537915340274018,0.127493788860498,-0.000132549030014577,0.000960348980243973,-0.00015894177864826,0.000157818770594001,-0.000224597279928711,0.000235646501713131,-0.0058583636074706,0.00295167827437963,-8.27666922642946e-06,1.36721170514239e-05,-0.00410718536336767,9.87104549121325e-06,-5.30255139840005e-06,-7.79285851651878e-06,-0.000305381518387039,2.12930549321768e-06,1.71601239936052e-05,4.62714922289359e-06,0.000233483801922526,-2.96248774617824e-05,0.000249742723940589,-2.9243629557671e-05,0.00637705045604869,-1.29106340295664e-05,1.70478838704518e-05,-0.000338925146753418,2.66124741202149e-05,-5.19811424927634e-05,0.000360481904553663,-3.45988499619958e-05,4.90405949253725e-08,-0.00587257676764289,4.98768818310102e-06,-5.28705960099434e-05,2.36087387686342e-06,-0.000176404603799954,6.09561507746313e-05,-0.189875333820357,9.8316695315955e-09,1.55303158103265e-06,-7.17455990306513e-05,4.02496913508986e-05,-3.60422590199895e-06,9.27752212862671e-05,-6.2833820685182e-07,2.26249402383748e-05,-6.23001301880112e-05,2.47333758392389e-05,-2.03296216819894e-05,0.00160851712019401,-3.33971591210346e-06,-0.000263437218672463,0.000124961674331692,4.65182057247117e-07,-0.0117798722896326,-6.11276207059358e-06,-7.08992292030979e-06,-1.15334118471538e-05,4.31810622570587e-06,6.68822306330783e-05,-9.88585223765473e-06,-6.49645159509897e-05,5.13963868137163e-06,0.00105102154465377,-0.000562697921568834,-1.10758124877113e-05,-4.66713165916376e-06,0.00696164339486067,6.54383319769126e-06,2.58383718681765e-05,3.29942188838668e-06,-0.000255152282361466,-2.03667278357355e-07,-0.000524411000455837,1.21991275279309e-05,0.000300484699311754,-5.11788851076395e-05,-1.47569031958801e-05,-3.30004894841164e-06,1.60104176101201e-06,-4.5311015423218e-06,1.95340300219866e-06,-8.90992956369738e-07,1.05525951523773e-05,-5.91570740438352e-05,1.70520091951578e-05,-1.2791755715278e-05,0.307479896599204,-1.72955602862914e-05,6.33478459357457e-06,-1.56135392434739e-05,2.36886144649605e-05,-9.45676845783768e-08,3.7763127563654e-06,-5.64359054286126e-06,6.14700535055396e-06,-6.35974652220903e-06,1.59016120598866e-05,-7.79359913153244e-05,1.48737243729254e-05,-1.48975521518445e-05,-4.13806227662475e-05,0.000540974106155011,-0.000181516818250534,0.000696248968328291,-3.95264204231336e-06,7.97772016846204e-06,0.000263128336043501,-4.37405680677237e-06,2.54077279514814e-05,-3.06671492508761e-05,-6.18545805536387e-06,1.82513162693732e-05,1.05635964954078e-05,-6.54580942603356e-08,-4.69521132046023e-05,1.68459168082892e-05,-4.87094476041079e-05,-3.21884039094264e-06,-0.000126946980422703,2.5648963231095e-05,2.00747719345821e-06,0.00021819838476373,-3.63590775445067e-07,-2.27899081553756e-05,6.56572559286637e-06,5.86374281873258e-07,-1.78044074548092e-05,-0.240358515779698,1.68372624324104e-05,0.00172160817673085,-5.59231112689771e-05,3.49265774622699e-06,2.61383245798048e-07,-3.54280559950668e-06,3.11239309977162e-05,8.22373329091223e-08,2.45408477116329e-08,5.60524162463405e-06,-8.72325373984632e-08,-1.60053222132992e-08,-2.98891468470675e-06,1.07265825420973e-06,-5.83389825083668e-06,1.50076208370241e-06,2.59387725639663e-08,1.29328554427406e-06,1.79032001558093e-06,-2.2033695882391e-05,-5.22685508402301e-06,1.76545688731804e-05,1.72935650599618e-07,3.09417680252461e-06,6.99863145584084e-08,2.77679817039624e-07,-2.06855873292128e-06,-1.75966004170276e-06,-0.000290860790413054,1.44549782065258e-05,4.70396789085355e-05,-1.17209674261307e-06,-3.79983858536594e-08,-1.47254326904934e-07,-2.72578099702365e-07,-5.59161201755234e-06,1.6190014677002e-06,7.422923805054e-06,-0.000414772969557786,-1.44675846553698e-07,2.88358971315064e-07,1.16565153746365e-06,1.5244477266458e-08,2.06219749479119e-07,-3.01141108889345e-07,-5.59053263469781e-07,-0.000117164011310774,3.35552418618223e-07,1.49988196858909e-07,1.49931392505723e-07,2.54036143627089e-05,-4.22335912413934e-09,-5.71551083900073e-06,-1.25044323314203e-06,-5.65499030912448e-05,9.1600971778735e-07,0.00106360074705234,-4.85477057193073e-06,-2.29241257948459e-07,-2.32345466578776e-05,5.28373345293885e-05,-0.000140118080395466,-2.28167581908635e-06,-1.21157875103164e-05,-1.68238707887589e-06,1.99571251892335e-05,2.21151798583777e-07,-4.2416693322086e-07,-2.19703163850727e-06,-1.21704787891854e-05,0.000137510022128727,4.07744365039428e-06,1.36382636258421e-05,-3.79196386968836e-06,-1.97712371565381e-06,-2.09621179525327e-05,-1.63636464383797e-06,-2.81060339120427e-06,-2.52844057391951e-06,7.46137401836534e-05,1.26303979637377e-05,1.06130984955161e-06,1.81930374983487e-06,-1.27260683384564e-07,-2.0536679442921e-05,-2.10809355188053e-05,-2.30893483516992e-15,-1.75797222385234e-05,0.0737195205543145,4.96689302049766e-06,6.10961252498881e-05,5.23613081971217e-06,-4.73096123473118e-05,6.64301981763063e-07,-0.000763420374031326,2.64390376163577e-08,-2.1954855260106e-09,3.22503108923349e-06,-3.95357773920455e-06,1.14711782443234e-07,-1.51959528791406e-05,5.90867174492452e-07,-3.92027906566556e-06,-0.020097679763405,-1.63329329450383e-07,5.17464018029251e-08,-5.05486518984732e-06,6.16006676873656e-09,-3.71787648230451e-09,1.51114201473397e-07,-3.32349191354332e-08,4.08283670360943e-06,-2.32036937755098e-06,2.71122685155298e-08,-9.37430912658928e-09,1.45021540882609e-08,1.0308574944176e-06,-2.36674587644655e-06,1.63929164550694e-08,6.67461088059961e-09,-1.52852827390027e-08,1.33664909773071e-06,-7.48971853148887e-05,4.36622212767089e-07,-6.1669593414828e-06,3.75558464671646e-05,-3.54449264543444e-07,8.71589198235056e-07,-3.22701454404325e-07,1.77109146176956e-07,8.20833335163195e-16,-4.50977678436865e-07,-1.5514005259584e-08,-1.46195618497587e-10,-1.30367383633352e-06,2.36694604858815e-08,-1.48120485069365e-08,-2.66450597755353e-06,3.19267329338123e-07,-3.34055013753945e-07,8.75841255471e-07,3.25784758479031e-08,-3.03359685671463e-08,3.95033133698186e-07,-4.80836407012413e-07,1.09384576997459e-05,-2.66540934898273e-07,0.00129745954050362,-1.36255163034396e-08,-3.90096411469788e-08,5.79053587575263e-07,-5.14477064787178e-06,1.22202092505609e-07,-4.7147026478505e-07,6.39783669553405e-07,-2.32741698491922e-06,1.49799573841799e-07,1.35543539369339e-07,1.03643444564295e-06,-1.74710954305348e-06,-1.41267077896264e-07,1.15928022773749e-06,-7.63468634358812e-07,1.89232617757107e-08,1.76907935333142e-07,-3.47180268421191e-07,1.74723326657306e-16,1.13702285880946e-09,4.84260304472898e-06,-1.68500937610419e-05,3.26273640460049e-07,2.92833871051328e-07,8.61463036378958e-08,2.01682258588849e-07,-2.98245730774706e-06,1.13369744463825e-06,1.6507873649299e-15,-9.21443942541472e-07,-1.13253958235512e-08,-3.22496954978431e-08,1.07523184631457e-06,2.55750467141406e-07,-1.78264208434869e-08,-7.17953950541445e-07,1.99337121305785e-07,-7.34636365529172e-06,1.58544833499162e-06,-3.59169308760769e-07,-6.99328358603545e-07,-3.89415014066543e-08,-1.59860901602836e-06,-8.26175886029027e-07,3.79265008239251e-06,-1.0647504487179e-06,-5.12775325180799e-15,-0.00077836887737055,0.488857891774551,-2.22953541528447e-05,-4.45389672886108e-06,2.33975265863833e-06,1.31428787721695e-06,-3.46290017429594e-06,1.18859262659883e-05,6.66114290717891e-08,-7.8697194271915e-16,9.55933398928761e-08,2.40422658604446e-07,7.47243170180516e-08,4.98677258076508e-17,-8.54467275839185e-08,-9.67249618280427e-07,1.3634613737097e-07,4.67935782106871e-08,1.08926648363038e-08,4.07777195464403e-09,9.96152216310515e-08,6.8725160331743e-10,1.13369508354903e-08,9.79464801234298e-09,1.40963067360139e-08,1.08929483037584e-06,-1.6531863503764e-15,-3.81182789688079e-06,5.07136090706805e-08,3.6978600345982e-07,-4.29118344943364e-08,-1.24732774374931e-16,-5.12981770697027e-08,2.8815775331446e-06,-2.80858544814099e-08,-2.55087960446018e-08,-6.60932874784364e-08,3.83018352485576e-06,-1.01852303351666e-06,1.56269604113972e-07,4.12782312923977e-15,6.71560805874399e-07,-0.000336733948137901,2.09709121200728e-06,7.33813648572442e-07,-7.47161056598901e-08,-5.04756302247084e-10,9.69835695542097e-16,-9.82185264231724e-16,-4.99906447356535e-10,-1.68354117882528e-05,2.22324457527694e-06,-8.72758133551477e-08,1.654541287914e-15,-4.23967610954241e-08,-5.05117085759678e-10,7.02158658006141e-16,-8.13040492548072e-17,-3.22714285616709e-16,1.09651776378674e-07,3.24231716267138e-07,-4.72666779654312e-07,2.80885046498067e-07,1.40117249389482e-07,2.90019084048062e-07,-8.768748891113e-07,1.25639190014765e-15,-1.93956097138449e-07,7.08407612749059e-07,8.56701107186349e-17,-1.44389071629133e-14,-3.4750890066632e-07,-2.69719967013342e-11,-7.66659479901554e-06,1.61748714761264e-07,1.54034578950501e-06,-1.10215676410288e-08,-2.45802741910844e-15,-3.70912190951197e-08,-5.69721534286016e-16,-1.26643064253452e-07,6.8175954623822e-14,-8.54143983015811e-06,-9.80003714156589e-17,1.80328810520222e-07,3.23296981312073e-07,1.49779338939195e-08,1.96993133632294e-07,6.78820979439212e-07,-2.88878242589654e-06,4.95052376084793e-07,2.47387405664983e-08,1.20344902152418e-07,1.10980921194172e-08,6.43935003767842e-06,-4.90477960064031e-07,-1.21136145983316e-07,-9.84392230935856e-09,-8.69730754057047e-06,-6.99118665118722e-16,2.20472023992587e-06,-3.80629799941165e-07,3.76621207940001e-08,-9.15725357694928e-15,4.98953473644428e-09,1.35392750901945e-07,4.8460326392343e-07,-1.30402625054414e-15,-8.16122917657962e-07,-6.2511050041117e-08,3.71211094906293e-16,-8.2661997498714e-08,9.63439957758978e-06,6.29629829608789e-15,8.16129557103988e-15,-4.71343686685353e-08,-3.64668044452255e-08,-2.08001317242625e-10,-2.88961351087691e-07,7.6918927991253e-08,1.56991518687985e-07,2.18058700265668e-08,2.6741415035929e-07,-4.54480733425506e-07,0.695235136469463,6.50285902095088e-09,6.45812169761157e-10,1.78285257041528e-09,1.66952859703718e-07,-3.75796103320761e-14,-1.70490647353158e-15,5.49603615135723e-08,-1.4012400791714e-15,-1.60933504241272e-14,3.47240276308299e-07,-3.88012764152319e-07,-5.02238725993458e-07,-4.19198685286787e-09,1.27216305285627e-05,2.79202440456141e-07,1.25444461022337e-08,-2.72767719400825e-15,3.06447011153831e-08,1.43304493016568e-09,6.57825785966684e-09,-4.61573632601499e-07,1.82429517578277e-06,-3.4338034963045e-15,-2.29837198066549e-15,-2.90422699177235e-15,-2.29970611157666e-08,-7.6739684197076e-08,-6.43259015597308e-08,2.16257112639471e-15,-5.88863570603553e-08,2.93989894275787e-15,-6.32927112523704e-16,1.39212365244165e-06,-3.05679889076811e-08,1.61089983935924e-14,-7.52718790783047e-08,-2.69974311924643e-07,1.48039704895468e-14,1.16418586460632e-07,-2.51285180049171e-15,3.11239861600855e-08,-3.32080660261305e-15,3.10559353679728e-08,2.68849781478309e-07,6.75857501889921e-08,9.16000861837826e-09,6.29098964487994e-08,-8.02874340672899e-06,8.70126998106249e-08,-1.74548322137263e-16,5.14548341917923e-06,-2.23841913158957e-07,1.95105390882878e-16,-1.09023779181245e-06,-8.67096812017568e-08,1.05051708345116e-06,-7.19095703918793e-16,6.4782136801128e-08,5.94417848404898e-07,1.0428300931932e-15,-2.1412381658748e-07,-4.73723730736693e-08,-1.71272595670558e-08,-2.07373743309452e-17,8.21846496610476e-16,4.42000722744367e-08,1.35423780621218e-08,1.09578805765215e-09,-1.58641741311159e-07,8.05186697878936e-09,-2.50276431001024e-16,-6.68847129147635e-16,2.94044764043517e-08,2.02687278664914e-10,-1.62476543969141e-15,7.11008468649432e-08,-3.42733559147121e-16,2.55112216246488e-07,-1.36216871221191e-08,-7.95937593781492e-09,-5.27769155683848e-08,1.05290263228009e-16,4.99993696312673e-16,2.19158998760323e-15,-1.53975903180391e-15,-2.9435977930535e-08,-7.64507213233085e-07,-9.42842289065405e-17,-1.70168403710374e-15,-5.04631648077536e-17,1.4378713329466e-07,9.67544997573329e-09,-7.11965208140107e-08,3.51270882478623e-16,3.07628678838804e-15,1.00555027844163e-14,-4.41662406855547e-07,9.3729067255205e-08,-2.82896996376663e-18,1.23028351408708e-07,-4.30146775757342e-07,2.73573632033619e-17,-2.66390962208051e-16,-4.29389001333948e-08,-4.39956740000953e-10,-2.12816942155713e-08,2.08149134567239e-15,2.39627308322131e-08,3.49104284631729e-08,3.74779184802265e-08,-3.41875985673054e-08,-1.21798058490122e-07,7.7641511407793e-08,-1.34632508005969e-16,-3.15317248498122e-16,5.9313805970212e-16,7.23293504224323e-06,-1.78530107065284e-07,-9.74515956653585e-09,-7.68025778583665e-09,7.56798644730077e-16,4.63001218604186e-16,1.66605206455691e-15,-3.89779926566755e-16,-2.43241952863043e-15,2.54131279485272e-07,2.36284750262912e-16,-3.05413289365611e-16,-5.94868321941137e-09,1.06285543312046e-16,-5.32529617791362e-09,2.16840434497101e-18,-6.60260996145785e-09,5.58317868205916e-16,-8.00851669545122e-09,-1.00281468901345e-09,-4.73264089736326e-06,-4.68184547734735e-16,3.22051359231037e-08,2.59638484569978e-16,4.57987688102217e-08,-5.59267027402076e-07,4.47322395108538e-10,-6.394692683758e-16,6.53979141247151e-08,5.50661910865965e-16,-1.61539752000831e-08,-9.12095246740033e-08,1.41245268783755e-15,4.32440895348977e-17,4.8712411135109e-16,-6.52039545416085e-16,-3.08690106178505e-10,-4.03395967238753e-09,-9.05778007637003e-10,4.96429889741076e-16,-5.87197601540361e-16,-1.14602340338194e-07,0.00110840133880887,-2.78924154321851e-15,-3.58950017258638e-16,-3.88698398696469e-09,-4.36358791783179e-16,-2.7690204862931e-08,1.58905666724616e-15,2.63637455954458e-07,-5.10580543030312e-16,1.23993091111772e-16,2.78199478495162e-16,-8.92363010334574e-17,-6.34532408525614e-16,-5.21960455376139e-15,1.28685273873266e-06,-9.0001728140472e-06,3.79846642255587e-16,-2.37027940180214e-08,9.02132155026097e-08,2.73052075339363e-15,-3.2687328978953e-16,2.47619795923537e-16,-8.45558765516322e-16,8.90983716767104e-09,1.42537048188237e-09,-2.21197211408166e-15,1.86209474126323e-16,-1.61916775493045e-08,-5.77614502285914e-08,-6.04594286460249e-09,-4.32276373347347e-16,5.46658832295597e-16,1.24529192634282e-17,-1.14149509640689e-15,1.32283623481657e-15,2.63733747600892e-16,3.41879533799165e-08,-3.23396281390676e-08,-6.21910261284456e-09,-4.78984497471871e-17,7.08417249093464e-17,1.31830553215086e-16,6.48196192655575e-16,-8.91866652132853e-17,3.33494974764523e-17,2.0959645835132e-15,1.16391744263216e-15,-9.28228938263604e-17,2.11383609725978e-16,-4.08875754541494e-16,2.7916446882127e-16,-9.81984224282132e-16,-5.26785583075353e-16,1.76122188159578e-07,-2.81623456818179e-16,-7.99914743416857e-17,-1.7298459405905e-15,3.33938334462984e-07,-5.82028480280449e-10,3.32541739127896e-17,-3.14007524654835e-07,3.05132352184803e-07,9.47997700975667e-17,-7.66430788156329e-16,-8.51392335805192e-08,2.14185006927758e-16,7.50907795640444e-09,-6.11385397588362e-16,8.72475097257302e-17,-8.00537261563415e-17,2.6741392231278e-15,1.06292190231309e-09,-1.45955079566472e-07,1.13900326049404e-15,1.9201007443722e-15,-1.27421415375824e-17,1.59743251131197e-16,1.83861856974477e-15,1.64634595794194e-16,1.00956267720946e-15,-2.25476221225178e-16,9.01857090602384e-08,-2.43400155833437e-16,-2.38881987644354e-17,3.00978719670608e-17,3.87333477673775e-16,2.62622605783065e-16,-2.18001753944759e-16,-3.44918833700603e-08,-2.90906832064053e-16,1.10991085805913e-17,2.57105575355316e-08,-5.59149867941523e-16,-1.40949660170134e-16,-4.72948591495872e-18,3.03187978090486e-16,1.4760241373948e-07,-1.15413468367389e-16,-1.57699923674542e-08,-1.31525107714415e-16,-1.40795238210951e-16,1.7620941653359e-16,-2.80319857202754e-14,-1.28006202193046e-16,-6.91560582811628e-16,5.69099388887019e-10,-1.29655320765585e-16,-1.01128095347669e-16,8.04919470110093e-07,-7.09609525326206e-08,1.05571338168925e-16,4.96628156361492e-08,7.27144392809604e-09,-1.8098055650487e-16,6.66301493836285e-16,1.64955858926652e-16,8.73954865107631e-16,-4.77919334847516e-17,-1.21485447434741e-08,5.49264326166093e-16,-2.11162201135352e-16,-4.37198064736326e-17,4.85589146424551e-09,-2.04740749315127e-15,1.57687525849272e-16,1.27654378233056e-16,-8.09383868199621e-17,-2.20733222195766e-09,-1.94229998319461e-15,4.58015379386638e-09,-5.22614898519784e-16,-4.94816770848604e-16,-1.63963062111316e-16,7.69445524980394e-17,3.67992365982728e-17,4.3796368714356e-16,-3.72058192248155e-18,-1.02377095904312e-07,1.23449443698618e-15,1.31018595925133e-16,3.321868432671e-08,2.32852988744526e-15,2.84954987350884e-16,-6.30011646160474e-18,1.13700244685972e-16,2.56497770668206e-16,-2.55319677364848e-16,-3.47557203474795e-08,5.5584135326627e-16,-1.39035995517876e-15,7.12716257517086e-08,8.20768308485441e-17,2.63379459171136e-16,7.79041665193541e-16,-5.30792212612548e-16,2.23861872067513e-16,1.09762926238099e-16,-3.37504411186107e-17,-1.99530292988289e-15,5.7234264496974e-17,6.18813983758024e-16,-2.47830200288251e-16,-3.70803155165827e-08,1.58937165512884e-07,7.33135988109972e-16,-3.44187176472684e-16,-7.6841271221276e-17,3.74393398510514e-16,1.64035878493299e-14,-1.12413544994842e-16,1.41476277232853e-15,-9.84599891810974e-16,-1.53297892157574e-09,-3.77180617117952e-16,3.10388847884503e-16,-1.17467821019202e-16,3.62972101987372e-16,1.95109793619921e-09,-3.12376872492589e-16,-7.6820956801818e-08,-9.16527724033255e-17,-2.1572504534814e-16,-7.05303020655961e-16,-2.49296273451928e-17,-1.32845859941534e-16,-9.12015031439343e-16,-8.63217212634161e-17,-1.20491620051104e-15,-4.55843712772613e-17,-3.3512043555492e-18,-4.90921303459173e-16,1.08601647615545e-16,-8.53090542502668e-17,-2.7235307549278e-16,-1.81313000289298e-17,-4.2283062674237e-16,-9.00011937655287e-17,-1.20488794482921e-16,-9.87081757304135e-17,-1.11965944912733e-16,5.30705313394062e-15,1.40684005330436e-16,-9.94450445740298e-16,-1.05270301102709e-16,1.35279953639571e-17,1.39969669040256e-10,-3.91299762880886e-16,-8.19595459744213e-16,-1.45654450208838e-16,3.1809722230863e-16,-3.90558891578343e-16,2.16774705103796e-16,2.16397110030871e-16,-6.80307065261869e-17,-1.70098430098245e-16,1.18386739308281e-16,-6.35841489661322e-15,1.34622317130354e-16,5.29468563870415e-17,-3.10970808025671e-17,2.7413652596711e-16,2.16663117852024e-17,2.99539344439021e-16,-1.70920495660162e-09,-9.83801516106242e-18,3.44995164049346e-17,-3.45420711500838e-16,1.23095389271747e-15,-2.35201293441339e-16,2.29340363632182e-16,4.46013682174485e-17,2.74073117723595e-16,4.36964647924789e-17,3.25152649818322e-10,1.68131316840537e-16,3.1207696837648e-17,3.62222337197101e-16,5.97904102394485e-17,2.51894345859366e-16,3.46310284132493e-16,9.38803854996626e-17,1.15316832622257e-16,-1.76522403808193e-16,3.85902618209135e-16,2.51540440951583e-16,6.84989422272523e-17,-7.77880148451245e-17,1.18930904608559e-09,2.0360075765976e-16,-8.33514030415574e-16,2.41124181035462e-16,-1.35426736928829e-14,-1.9990102313707e-09,2.74577871674293e-16,1.83139659094141e-16,-1.9948280685329e-16,-1.3180417124644e-15,-1.52300266634528e-16,5.67225671979471e-16,-5.19065304611048e-16,2.9208862988072e-16,-1.16822556178841e-16,1.50367017897574e-17,-2.69768842074302e-16,5.89658044470456e-18,-1.19871626161995e-16,-5.30582969744107e-17,8.45847223793401e-17,-1.54926729526394e-16,-1.29924059299045e-16
"t720",-0.040092585678684,0.0324131947894441,-0.0528231611395288,0.0229699320473797,0.00602023828331402,-0.00270007516617371,0.0174802712828563,-0.0357167288430075,1.41920241577017e-05,-1.45246050118858e-05,7.30868426971339e-05,-0.0115416752153292,0.0215863856302329,-0.00332764076094709,0.00097265025789763,0.176539468862587,-0.00443035350111557,0.00979096696241298,-0.000723014264187934,0.000378609874649829,-0.052239562828884,0.12300864370396,-0.000127608007710238,0.00092433251792408,-0.000152955926444098,0.000151572550179571,-0.000215595682887152,0.000226111380860061,-0.005614496516284,0.00280466119910897,-7.83450925300755e-06,1.29052275465088e-05,-0.00385840652424508,9.24160818664023e-06,-4.94511260063513e-06,-7.22013902378916e-06,-0.000282615995582769,1.96770941331367e-06,1.58477637805958e-05,4.26728608668556e-06,0.00021472913292651,-2.71791257194559e-05,0.000228771374747208,-2.67845463350046e-05,0.0058300229596787,-1.17208292013832e-05,1.54428110640277e-05,-0.000306694641654703,2.40105841228903e-05,-4.67463712250542e-05,0.000322743494313557,-3.09115200464152e-05,4.38005472435832e-08,-0.00523112447421123,4.41925626453083e-06,-4.68066844817657e-05,2.05821256500421e-06,-0.000153113152306087,5.28797283261181e-05,-0.162875341185804,8.35884585997959e-09,1.31439520082256e-06,-6.04939848368007e-05,3.39051153662908e-05,-3.0143178346753e-06,7.70759442975304e-05,-5.14064015844404e-07,1.83772703224425e-05,-5.04317449471607e-05,1.98967918327453e-05,-1.57827317363108e-05,0.00121141660339371,-2.50278411798791e-06,-0.000195357606233886,9.25437361713308e-05,3.42896416173856e-07,-0.00866690296901542,-4.45530305741155e-06,-5.05332045254794e-06,-8.14283395900465e-06,2.99776182476801e-06,4.62572846167944e-05,-6.64304426207887e-06,-4.32560141909985e-05,3.28098171561622e-06,0.000662687899224621,-0.000350233450712556,-6.87907996330849e-06,-2.89708852329575e-06,0.00431530204434671,4.03569584662494e-06,1.5133461953863e-05,1.92267859108712e-06,-0.000143447835510162,-1.068089821483e-07,-0.000271879692143103,6.32117894002901e-06,0.000151025689370259,-2.54201370110953e-05,-6.98967896264318e-06,-1.4982999280346e-06,7.24052132382612e-07,-2.03999240233051e-06,6.83572102338978e-07,-3.0434723066365e-07,3.53490199722796e-06,-1.91097463447096e-05,5.45070870845956e-06,-4.01161299046953e-06,0.0935764225282117,-5.21077015102533e-06,1.79136293138192e-06,-4.38012395943944e-06,5.41820530894854e-06,-2.05282261174915e-08,7.203400964652e-07,-1.00779198660865e-06,8.84333295514085e-07,-6.90895707463859e-07,1.28420056918892e-06,-5.01939809290517e-06,7.14923175557832e-08,5.44357949063139e-07,1.57950518618975e-06,-2.39793280036933e-05,1.63052844793735e-05,-6.52642062141668e-05,5.35065105616738e-07,-2.13620685770421e-06,-7.08797631895754e-05,1.22969762798261e-06,-9.77336782650807e-06,1.24635295955992e-05,2.61329533376344e-06,-8.96769111672654e-06,-5.29549486240276e-06,4.36310987635977e-08,3.8563178869331e-05,-1.80731000414729e-05,5.26431843316771e-05,3.63658435508569e-06,0.000146687807320176,-3.07267303498565e-05,-2.43820480966963e-06,-0.000265064173546978,4.87212695923085e-07,3.70988128032263e-05,-1.30524360202966e-05,-1.22619585673008e-06,4.16956267551699e-05,0.568049420913932,-4.15831852765058e-05,-0.00436445401997607,0.000146081739090461,-1.21793563594779e-05,-9.57424932697964e-07,1.34454983729802e-05,-0.000347182158107413,-1.44828926785996e-06,-4.72020148027816e-07,-0.000210416051386502,4.02703580311188e-06,-2.02069209426735e-06,-0.000263543954898788,2.85664860461054e-05,-9.57780605151001e-05,1.25599022194631e-05,2.13769096245323e-07,1.06169252680015e-05,1.38952715737623e-05,-0.00016102460217248,-3.78854177040283e-05,0.00011539558707083,1.09784638678275e-06,1.8525248618904e-05,4.13381283257518e-07,1.62899924198154e-06,-1.08387584446191e-05,-8.37664391147147e-06,-0.00136423205678511,6.68743637704601e-05,0.000209424691703849,-5.14576911542872e-06,-1.6461785296151e-07,-6.30208197288214e-07,-1.12236297829399e-06,-2.28161456310137e-05,6.15370083395616e-06,2.81535227042068e-05,-0.00154040236109918,-5.09903006181633e-07,9.78294581909519e-07,3.90673262715817e-06,5.02165224010479e-08,6.71012031692852e-07,-9.47416482422111e-07,-1.74694564661756e-06,-0.000361104326477835,1.02735706783348e-06,4.38787618400659e-07,4.37779974600364e-07,7.29632157910763e-05,-1.19511630558462e-08,-1.56818377974334e-05,-3.43044429711044e-06,-0.000154745522741461,2.48801971909071e-06,0.0028747605420108,-1.29648421951099e-05,-6.04287054727533e-07,-6.06956952480758e-05,0.000137675971467175,-0.000361422580036991,-5.8579076979227e-06,-3.11021552591942e-05,-4.30510348728557e-06,5.07464565477349e-05,5.61813687236535e-07,-1.0738267019962e-06,-5.55707766367619e-06,-3.07829053681395e-05,0.000348336425696375,1.03366302263912e-05,3.4608621707184e-05,-9.66321620726395e-06,-5.0437907890338e-06,-5.34906146787635e-05,-4.20607900220687e-06,-7.26478826965719e-06,-6.58357776171423e-06,0.000195007933644765,3.31479019214166e-05,2.79698931765633e-06,4.8005133422677e-06,-3.3999962629173e-07,-5.53523341758466e-05,-5.74204293151665e-05,-5.6429649357801e-15,-4.87078261981872e-05,0.205012621054683,1.42149349304857e-05,0.00017949765543536,1.57691596492378e-05,-0.000142704122598189,2.11835574259014e-06,-0.00246071216779679,8.56559155709244e-08,-7.29874259424149e-09,1.09257757608912e-05,-1.39110673617976e-05,4.11106304553852e-07,-5.48906397433033e-05,2.23626528848301e-06,-1.98643494859176e-05,-0.120559841118536,-1.18774998196025e-06,8.71463567044392e-07,-9.5580745286261e-05,-3.19891327083691e-07,5.49592692623929e-08,-1.01007610790638e-06,1.84851402959619e-07,-1.90933132771698e-05,8.7337245586914e-06,-7.65425629697189e-08,2.56586955023956e-08,-2.09851624085825e-08,-1.4709124608766e-06,3.32431534096344e-06,-1.95009063200655e-08,-7.46139454290718e-09,1.39776396496351e-08,-1.17661943799897e-06,1.14294812723131e-05,-4.4247900303458e-08,3.90280384263417e-07,6.17093470164487e-07,-2.60456943154671e-08,1.60610553920905e-07,-6.85814113605966e-08,4.14034689549388e-08,-1.20687831423217e-16,-1.35386990856555e-07,-4.78234269696741e-09,-4.87522244320824e-11,-5.05208063651176e-07,1.01413334144131e-08,-6.61101591519535e-09,-1.21188838884301e-06,1.74724557646067e-07,-1.8449516658395e-07,4.8489134742136e-07,1.87392873565398e-08,-1.9022541803372e-08,2.50772504599489e-07,-3.07741740998657e-07,7.17700105469456e-06,-1.87927831880556e-07,0.000935058599176243,-9.83106323202963e-09,-2.81558108313432e-08,4.34448827760458e-07,-3.9582479876576e-06,9.42063508651092e-08,-3.64358148116612e-07,4.95578784031143e-07,-1.80384464327239e-06,1.16351647803114e-07,1.05276913451125e-07,8.04922958575995e-07,-1.356698531404e-06,-1.09628884669971e-07,8.98577213241299e-07,-5.90861765021804e-07,1.46331806630883e-08,1.36587705084377e-07,-2.66949517470337e-07,1.06743850442464e-16,8.31379403819727e-10,3.51359650533583e-06,-1.20719220960613e-05,2.33659935659381e-07,2.09624256094311e-07,6.14621754773628e-08,1.4295606268743e-07,-2.09677593891423e-06,7.82696660959144e-07,-2.38760181277835e-16,-6.0477724088558e-07,-7.37919470723892e-09,-2.06684151735567e-08,6.8768835544581e-07,1.56043489056461e-07,-1.05527602638282e-08,-4.04663404087315e-07,1.08062501248605e-07,-3.5917635447377e-06,6.82100825286569e-07,-1.38872810673207e-07,-2.51485996592464e-07,-1.33101137209609e-08,-4.92406588281745e-07,-2.51258523987076e-07,1.05492047726484e-06,-2.73471094360548e-07,1.18837492422358e-15,-4.47483558477179e-05,0.00221472447144794,-8.88415906652747e-08,7.96028748325038e-07,-4.94745129718602e-07,-1.04282858457349e-06,3.67298328884626e-06,-1.33385265908897e-05,-9.25537505362773e-08,-5.37063341961241e-16,-1.70325035729363e-07,-4.71299089930652e-07,-2.14689710099765e-07,-1.72068458900137e-16,4.04321650887826e-07,5.27000041360244e-06,-8.03453990683702e-07,-3.28935738225057e-07,-1.09542777647571e-07,-5.85493442631441e-08,-2.09188656348541e-06,5.81980005533166e-08,6.18324113864979e-07,1.80561500577591e-07,1.27721556587627e-07,9.6381594835991e-06,4.40237304324122e-17,-1.88676549671517e-05,2.35512505767167e-07,1.52315696689022e-06,-1.53197299255319e-07,1.26802129641706e-16,-1.47989762336615e-07,7.11831928236723e-06,-6.58108950240267e-08,-5.84705183506308e-08,-1.47824540834347e-07,8.22332516372601e-06,-2.0675647044823e-06,2.86578800650931e-07,1.93795546376132e-16,1.15679466793144e-06,-0.000577353619008803,3.56216177534975e-06,1.23129979066898e-06,-1.2525587854961e-07,-8.43391565957464e-10,2.18273266590163e-15,5.84817555431668e-18,-8.20443504756657e-10,-2.72392289977923e-05,3.59105460666001e-06,-1.39326195135874e-07,9.66511862695743e-17,-6.61349175476561e-08,-7.80645870660195e-10,-2.83055856131435e-16,1.32500619159334e-16,-2.47036973977221e-16,1.65122291622735e-07,4.86785286637399e-07,-7.0261087980396e-07,4.14228626276659e-07,2.06448235622215e-07,4.23922431937432e-07,-1.28059101825248e-06,1.98593224279398e-17,-2.79091449254611e-07,1.01440588178889e-06,3.39590259514741e-16,-2.63397438534377e-16,-4.88933253308482e-07,-3.77930128764591e-11,-1.06896390145352e-05,2.24781401531889e-07,2.12749755217452e-06,-1.52080682368746e-08,-7.05038256110527e-15,-5.1113059941529e-08,4.60388224109691e-19,-1.73872378304688e-07,1.11067130015256e-14,-1.16955297709866e-05,4.17532886177226e-17,2.46098639562579e-07,4.40917943426591e-07,2.0254361935371e-08,2.65924976728674e-07,9.15691259633288e-07,-3.88471716410237e-06,6.63968220344849e-07,3.29825290008342e-08,1.60439587004586e-07,1.47691889474214e-08,8.54188547555163e-06,-6.47897867986243e-07,-1.5946436723032e-07,-1.29241574878246e-08,-1.14040022631768e-05,1.29853217697569e-17,2.87948250087466e-06,-4.95283547237866e-07,4.8515234436819e-08,2.64354881732494e-16,6.4093012527113e-09,1.73195656615688e-07,6.18824634057184e-07,-9.86102751747569e-17,-1.04123370622722e-06,-7.9473956456562e-08,-4.24810140132564e-16,-1.04913889697133e-07,1.21064385669548e-05,6.31667205502871e-16,-1.43476229764557e-16,-5.90042587222533e-08,-4.56348475602721e-08,-2.59901797466936e-10,-3.60377309812978e-07,9.55358689366986e-08,1.94919979383071e-07,2.70606676366313e-08,3.30079272846651e-07,-5.58567758820546e-07,-1.73929971918951e-13,7.97924776181355e-09,7.92113632242351e-10,2.18498415604139e-09,2.04364060279518e-07,-8.31287179683388e-17,1.46381720304271e-17,6.71690763391318e-08,2.59757649076393e-16,-2.11089639821517e-16,4.20207284865565e-07,-4.68755982632959e-07,-6.0673021104979e-07,-5.04557890852182e-09,1.53044591888187e-05,3.35852338525114e-07,1.50793647303207e-08,-4.21904433783329e-16,3.65711925076393e-08,1.70755843605951e-09,7.83437874091352e-09,-5.48319060047775e-07,2.15714325540191e-06,5.51590947538613e-17,-1.27283782045157e-18,2.66878901523761e-15,-2.70121374867538e-08,-8.98773162511464e-08,-7.53217289400806e-08,-3.35972780098181e-16,-6.87595608188208e-08,-1.04323917146936e-16,-2.1545507459127e-17,1.60546355289297e-06,-3.52469223192966e-08,-1.42222547484647e-15,-8.65261279240877e-08,-3.09779860933723e-07,3.41149932172091e-15,1.33088478957393e-07,4.93098722724338e-16,3.5420377316775e-08,-1.99605388461778e-16,3.53285215584176e-08,3.05740647481371e-07,7.68322155972207e-08,1.04080001511935e-08,7.14006489804197e-08,-9.07366983832011e-06,9.77465969034023e-08,1.00296928587812e-16,5.73617073527039e-06,-2.49331986343968e-07,2.55170191238575e-16,-1.21304796836619e-06,-9.62821820159067e-08,1.16435321150916e-06,-1.42625408808251e-16,7.1348221448696e-08,6.53833716018417e-07,3.22377749576584e-16,-2.35126915622187e-07,-5.19752857906626e-08,-1.87323559748386e-08,-2.45058803818196e-16,-2.04676120298799e-16,4.79766474403104e-08,1.46510291315074e-08,1.18468718551164e-09,-1.68969824993283e-07,8.55454603602286e-09,-4.66632630082458e-17,-3.05314140713247e-16,3.11856354297446e-08,2.14922023782978e-10,-3.53104711583165e-16,7.5166743206558e-08,-8.08987344918717e-17,2.68916680391189e-07,-1.43007621992137e-08,-8.35374377806528e-09,-5.53285983809135e-08,-7.06885584180884e-16,-1.7750691136181e-18,-1.76415977322354e-16,6.59443856471211e-17,-3.05358938744504e-08,-7.92372941788868e-07,8.6235432812296e-17,1.55229023712187e-16,3.29119822563816e-17,1.48548122798123e-07,9.98173749202471e-09,-7.31662341380972e-08,-3.44027970736331e-16,-1.5278861572889e-15,-7.99158447769113e-15,-4.4772777632351e-07,9.49702788821734e-08,-3.02592849276499e-17,1.23967030825239e-07,-4.3244225599097e-07,2.15026714719402e-17,4.11971941260865e-17,-4.29328980643273e-08,-4.39700584118857e-10,-2.11997000354625e-08,-2.85430417080721e-16,2.37375287846648e-08,3.44741136327704e-08,3.68455771932552e-08,-3.34029939542546e-08,-1.18801606573018e-07,7.54893034269512e-08,1.18853959921142e-16,-1.92260301921017e-16,5.67832449735399e-17,6.89939334841072e-06,-1.702453889864e-07,-9.2692740946649e-09,-7.20864558298732e-09,-6.69577733391853e-16,-1.39056247777014e-16,1.49253225249689e-16,-1.66325858817492e-16,-3.47563885899598e-15,2.35032542855098e-07,1.14420426075541e-16,-1.5590180977986e-16,-5.46854994404258e-09,-8.2907735786675e-17,-4.8938814356588e-09,1.95156391047391e-18,-6.06438288266674e-09,-1.06623324179445e-16,-7.27619822688999e-09,-9.08696749876737e-10,-4.27084137223682e-06,-2.36616570156796e-17,2.8912953298282e-08,-3.46139850425876e-17,4.06387815348706e-08,-4.88340128374692e-07,3.90309689137358e-10,-3.51613591580901e-16,5.66751746489003e-08,1.54819697691508e-16,-1.38440300141069e-08,-7.81232506603662e-08,2.20718218421374e-17,-3.81028475097308e-18,-4.55444159910374e-17,-1.76508472563943e-16,-2.61877960655724e-10,-3.41335929726139e-09,-7.64101521555929e-10,-5.79226810507623e-17,-4.87884682540689e-16,-9.52344105506706e-08,0.000920447500102607,-6.03923644356723e-16,-9.63562510826478e-17,-3.16401209562657e-09,4.76290580143487e-17,-2.24398092450921e-08,-1.2116543847184e-15,2.10829888429094e-07,2.33941088815484e-16,3.06432840607688e-17,-6.89620571346959e-17,8.0441338960524e-17,-3.72454317033492e-17,1.51318251715634e-15,9.99760304519525e-07,-6.98948920440334e-06,9.20993856779343e-17,-1.82100725960112e-08,6.89882743650562e-08,-6.3863749760508e-16,-4.25954801638308e-17,1.76604553625737e-16,2.49051747825044e-16,6.67384297903884e-09,1.06230287010013e-09,-3.49963303055059e-16,-2.66553353103622e-16,-1.19987790807758e-08,-4.27718336055645e-08,-4.46559960773758e-09,-1.11569370726133e-16,-2.67468579023767e-16,5.70136285525825e-17,-1.36439682512831e-16,2.30827806689171e-16,7.25889045916977e-17,2.41582839598467e-08,-2.27506900033617e-08,-4.3555420038483e-09,-2.04999344540337e-16,-3.66027103839674e-17,-5.98563908803504e-17,5.15588415442195e-18,7.73467884804883e-17,2.7436764041998e-16,2.15849596206085e-16,-3.66976024917367e-16,1.70312973435871e-16,6.98952262166198e-17,-3.03166042724158e-16,3.88553722719998e-18,-1.35722659617937e-15,5.71077536783469e-16,1.13255046071517e-07,-4.47252821300955e-17,-1.87340515962547e-17,-1.0853001185567e-16,2.11973635104331e-07,-3.683271736299e-10,3.87229503843247e-18,-1.9833611265747e-07,1.8952764924412e-07,-7.34684070721836e-17,-6.87284029564887e-16,-5.17364227216551e-08,4.38289595980511e-16,4.43454340866109e-09,1.99923088082541e-16,-1.74695735146768e-16,-3.00720060047597e-17,5.33165193120675e-16,5.97461867214688e-10,-8.17482779410278e-08,7.37746260270377e-17,-5.42314117239013e-17,-2.77829572710288e-16,-2.34086063948937e-15,2.94497835690914e-16,-1.41977778584706e-16,2.17336149774302e-16,3.05039116986493e-17,3.98761265790318e-08,-1.93635276116353e-16,-2.46366484558461e-16,1.14448800986433e-16,-8.61376110506458e-17,-4.44234494648298e-17,-6.82734339245106e-17,-1.42207732435347e-08,-1.02038813617078e-16,-7.77115870816369e-16,1.04536240147207e-08,4.29075984396749e-17,1.19584121878133e-16,-3.82313330447608e-17,-2.58537167474254e-16,4.93410583702507e-08,-2.19552410991385e-17,-5.04940315334742e-09,1.92434501424254e-16,-3.4868685959117e-17,9.89280327431335e-18,1.02598666075678e-14,2.93097921600324e-16,-4.04789108189211e-16,1.65168766863551e-10,-2.40569203010853e-16,1.06531486355868e-17,2.14161691596363e-07,-1.87917552727339e-08,-2.65929066570583e-17,1.2072117571428e-08,1.71669334172905e-09,1.07959322462517e-16,3.69230098575258e-16,-4.22681718560491e-16,2.5783505572222e-17,-1.35503889238829e-16,-1.47625563763787e-09,9.44006448556101e-18,-3.35698852822269e-17,9.86359387737139e-17,4.28157291665601e-10,-6.8261379842652e-16,9.09006720241652e-17,6.68306363566192e-17,6.326050212061e-17,-9.1025097512935e-11,2.2838118633862e-16,1.19270544920646e-10,3.62961435966377e-16,-1.4201738392182e-16,-8.96952132960589e-17,5.15742216618786e-17,-5.66589906699777e-17,1.49565909262416e-16,4.59358775773546e-17,6.20101808506002e-09,8.9123012085717e-18,1.58763252071724e-17,-2.78435656301172e-09,-7.0701100047923e-17,4.76316670794576e-16,-7.20027681142263e-17,-1.0007223194624e-17,1.10455738034409e-16,8.32766611023747e-17,5.6324630066672e-09,-4.07905957856095e-16,-7.27695587355619e-16,-1.42487674214351e-08,3.25287915659563e-17,-8.75528612272614e-18,-5.99521397121778e-16,-1.23240615975247e-16,-1.3186486072498e-16,2.62418592124059e-16,2.05858239000686e-16,-9.42976301268466e-16,9.93013087894116e-17,-1.44789606323517e-16,1.64166625256241e-16,1.32627894308938e-08,-6.02060474412861e-08,-3.50524083289288e-16,-1.57704402805177e-16,1.08882560925491e-16,3.83991452572546e-17,6.98891828455201e-15,-2.16822214205197e-16,1.00254910634954e-15,-2.38994057792692e-16,7.63617703970261e-10,-3.52232519160244e-17,2.49184158690698e-17,-8.6893319755111e-17,-1.83140532293576e-16,-1.19646596591785e-09,2.75694385863549e-16,5.84981085797828e-08,-2.97448283544032e-17,-4.89160833248984e-16,7.43467615783669e-17,1.87357158027469e-16,1.37771002310848e-16,2.92642002409303e-16,-1.31532951856062e-16,-1.67443141659656e-16,1.29839540230894e-16,6.48451122937891e-17,-1.54927050205915e-16,8.77849659038235e-17,-5.48429732034241e-17,2.05983515128036e-17,1.73772484501004e-16,-3.94567385514957e-17,-2.61416858061324e-17,1.84063595768256e-16,-3.54991890745086e-17,-6.54536717131043e-17,-9.61768128581344e-17,3.07459050404056e-17,5.4099667093367e-16,5.98536897668336e-17,-2.12636577816521e-16,-2.20399715249856e-10,1.17841577318306e-16,-1.74278326680841e-16,4.61597089765325e-18,-2.7431084473745e-16,-1.04112677607673e-16,1.8148867104452e-17,3.24080013600801e-17,2.05405081374657e-16,1.67738966848238e-16,1.54490671652048e-16,-1.224758425712e-14,6.72933622190037e-17,-9.428779863649e-17,-1.63803426714793e-16,-8.94866126885536e-18,-8.46939213356254e-17,1.83529711983072e-16,4.44774682904541e-09,3.85174017317911e-17,5.33447796507457e-18,2.94909091569101e-16,-2.37055848827906e-16,-2.27751292575228e-15,-1.28995214067176e-15,1.3417015352768e-18,1.96607902810447e-15,-5.48575126864535e-17,-1.57635954495385e-09,-5.08627679224916e-16,-2.69055396075752e-17,-1.71543428593687e-15,4.59752591669352e-16,7.32178278337551e-17,8.09915133087298e-16,4.42239259998268e-17,-8.87300162395158e-17,4.38958978581095e-17,-3.76508349482673e-16,-2.96740597674337e-16,9.83145019706037e-17,-5.44776681366861e-17,-1.55791011138867e-08,-1.60586024858027e-17,9.71651144459828e-17,-7.63302150682938e-17,-6.03263226962842e-14,7.34535211848194e-08,9.81570115333217e-18,-7.13929218420365e-16,1.12550578388039e-16,-1.37887647713926e-16,2.4153833791534e-18,-6.23705295828619e-17,-1.40245065544613e-16,-7.4679389179489e-16,4.88118884090274e-19,3.59618037187276e-17,2.84297559513158e-15,-1.91812859484807e-15,-9.84044231467822e-17,2.59083508484166e-16,1.10388734084495e-16,2.06183303233747e-15,9.24082492453801e-14
"t765",-0.0400158708168924,0.0322824151490234,-0.0526031310588645,0.0228416508178769,0.00597905993626886,-0.00267840133219025,0.0173371944665946,-0.0354010857460566,1.40438434892847e-05,-1.43406286681238e-05,7.19115317126796e-05,-0.0113128308620112,0.021145813979406,-0.00325869273522879,0.000951615274360349,0.172495309489588,-0.00432642939824231,0.00955711802091477,-0.000705344136226437,0.000368553660970851,-0.0507381666540181,0.118737104215313,-0.000122926723029152,0.000890228536453304,-0.000147290134372058,0.000145688399422944,-0.000207126409934216,0.000217148709893251,-0.00538593223774434,0.00266964903073078,-7.43210343534333e-06,1.22119314083917e-05,-0.00363601101671056,8.68341514521071e-06,-4.63101940266022e-06,-6.72452247733801e-06,-0.000262967646137095,1.8287119324586e-06,1.47206002888218e-05,3.9592147879859e-06,0.000198776924027431,-2.51105501644455e-05,0.000211097570707202,-2.47127483932258e-05,0.00537111836862719,-1.07387195158664e-05,1.41246241519749e-05,-0.000280288518950875,2.1893345402338e-05,-4.25184405755118e-05,0.000292572071457876,-2.79777172278448e-05,3.96342916569655e-08,-0.0047242127550797,3.97547375910256e-06,-4.20813265790355e-05,1.83042317467051e-06,-0.000135756491150035,4.68684052658952e-05,-0.143278694499251,7.31083992881082e-09,1.14629178721454e-06,-5.26334151234286e-05,2.94820103141399e-05,-2.60953233453176e-06,6.64594703502187e-05,-4.393289031722e-07,1.5642328520191e-05,-4.28460306321889e-05,1.68468157335337e-05,-1.31244725267681e-05,0.000993530093944517,-2.04825435547931e-06,-0.000159175737015863,7.5362207215922e-05,2.78703272599665e-07,-0.00703904544178408,-3.60504396861931e-06,-4.05473674319593e-06,-6.5116746152896e-06,2.38349934107446e-06,3.67331417470261e-05,-5.22782279532091e-06,-3.39488902445829e-05,2.54563194997701e-06,0.000512567985738423,-0.000270047013419728,-5.30141643418751e-06,-2.23236824918451e-06,0.00332407502484319,3.10499090674883e-06,1.1512600079056e-05,1.46112117086581e-06,-0.0001082287103199,-7.94826873692433e-08,-0.000201842132335781,4.69227888379065e-06,0.000111365015191095,-1.86928959214682e-05,-5.07551959219622e-06,-1.07248980074201e-06,5.174813145274e-07,-1.45536291895268e-06,3.15464389426448e-07,-1.15902407019664e-07,1.03245251921441e-06,-4.81850286637952e-07,-5.20139668739131e-07,1.64758924432779e-06,-0.143556538332904,1.26329053984955e-05,7.82848208797881e-06,-1.64616789964543e-05,9.5563405802955e-06,-3.55626010187653e-08,1.25859162376508e-06,-1.79779527826257e-06,1.7562445279165e-06,-1.65549098312919e-06,3.8714116195307e-06,-1.82764407828761e-05,3.06312936464105e-06,-2.81311993272816e-06,-7.78749045680733e-06,0.000100512559050501,-3.06927300309114e-05,0.000116780352281427,-6.08082849484638e-07,9.24147063092119e-07,3.03726126770364e-05,-4.91790220248489e-07,2.24043800397735e-06,-2.56133136480425e-06,-4.95858972590769e-07,1.21540699033528e-06,6.83804127135372e-07,-2.42818773362832e-09,-7.48952118274845e-07,-1.82415493886107e-07,5.62237660294607e-07,5.09012551406414e-08,2.27887423877608e-06,-5.47137078406656e-07,-4.53757802698806e-08,-4.93572137017274e-06,1.1411039955139e-08,1.06412353076202e-06,-3.83104176586406e-07,-3.54507406684752e-08,1.13406956940046e-06,0.0153494287506011,-1.08494163765387e-06,-0.000111220872114467,3.61402132697142e-06,-1.89485545641474e-07,-1.31481560263845e-08,1.66533774203195e-07,9.82357552556084e-06,5.88446389338747e-08,2.01061037177272e-08,1.13165797778151e-05,-2.26090085259098e-07,1.4432150346425e-07,1.93272344424302e-05,-2.54634212112616e-06,1.00669547689168e-05,-1.94733161295878e-06,-3.35405936149002e-08,-1.6708820534219e-06,-2.2876256785058e-06,2.78969341253947e-05,6.61092663951944e-06,-2.2151541091411e-05,-2.16876712950234e-07,-3.88629774393563e-06,-8.79784733538916e-08,-3.49242775639371e-07,2.64405150907055e-06,2.31010844203798e-06,0.000383891666590999,-1.91789710005149e-05,-6.34446468460222e-05,1.59136652194258e-06,5.19339649268971e-08,2.02546231669542e-07,3.83336573316831e-07,7.90836871646219e-06,-2.40980565845441e-06,-1.10679688593219e-05,0.000629562682814786,2.30922694796837e-07,-4.80389637252844e-07,-1.97115073418212e-06,-2.63623823801646e-08,-3.62655072379337e-07,5.56909246936783e-07,1.04527323838876e-06,0.000224220642314306,-6.49697441245293e-07,-3.17880646283139e-07,-3.19119878736207e-07,-5.61908038674197e-05,9.70269543277955e-09,1.43866501584414e-05,3.14884951433136e-06,0.000143612108870225,-2.38726367216117e-06,-0.00282225941069393,1.35143821834676e-05,6.77339798927943e-07,7.2042735661278e-05,-0.00016629833612578,0.000471957102253257,7.98286235711025e-06,4.24319367708252e-05,6.07010406893104e-06,-7.77169027246922e-05,-8.7405338958433e-07,1.81585862219208e-06,9.94994139468036e-06,5.62131874232883e-05,-0.00068969150944934,-2.08628259334309e-05,-7.13358755842331e-05,2.12356581484344e-05,1.12284329350985e-05,0.000119458509694555,1.00754780463676e-05,1.81610964681744e-05,1.72608119002151e-05,-0.000522472955355767,-9.08317567284329e-05,-7.82795639470288e-06,-1.35160039764837e-05,1.01203030823496e-06,0.000170612483377196,0.000183855457124204,2.16172387072402e-14,0.000164796461067647,-0.701373005550989,-5.25501406965482e-05,-0.000705163715915503,-6.51850294867548e-05,0.00059171661469315,-9.67745505639922e-06,0.0114298801729753,-4.00939505023486e-07,3.54553351435217e-08,-5.44399821735928e-05,7.26594361364835e-05,-2.1933300868798e-06,0.000295446512679282,-1.26408247752657e-05,0.000141324897877341,-0.603750994204324,9.37915237270822e-06,-8.2615285167181e-06,0.000917756988398747,3.49646600852257e-06,-6.48779535444165e-07,1.34019216817846e-05,-2.55152037857971e-06,0.000275023368099571,-0.000133764326669234,1.2908392379e-06,-4.37697778307745e-07,4.76265352038188e-07,3.36299737055759e-05,-7.66410878814889e-05,4.92695527963923e-07,1.95414681206726e-07,-4.13683566441441e-07,3.56769924082097e-05,-0.00139616663838246,7.88592672778823e-06,-0.000108716933669987,0.000627853236570277,-5.69262282760507e-06,1.28715219255285e-05,-4.65793881095285e-06,2.51174527632606e-06,1.05567152572356e-15,-6.03633548429515e-06,-2.06141854446457e-07,-1.89773509445577e-09,-1.60533842482795e-05,2.79295428610876e-07,-1.71409799696267e-07,-3.05442828950067e-05,3.2695045446439e-06,-3.39791287801554e-06,8.89266005022782e-06,3.20993238713648e-07,-2.76015855156511e-07,3.54772420576372e-06,-4.27987018456486e-06,9.45947219281185e-05,-2.08177087225313e-06,0.00974114392929104,-1.02068287359235e-07,-2.92024265321652e-07,3.95727738002258e-06,-3.19115977362695e-05,7.49023874419059e-07,-2.8403855397485e-06,3.77532769422245e-06,-1.36474097818196e-05,8.33732148099655e-07,7.51456098821234e-07,5.70517851205405e-06,-9.57044552617863e-06,-7.61578562863212e-07,6.14049043624764e-06,-3.97855387970495e-06,9.79124553238924e-08,9.0435737643323e-07,-1.72952933253506e-06,-6.05485447720489e-17,4.8054295136426e-09,2.01081153341534e-05,-6.80964866892783e-05,1.31749874057057e-06,1.18144949616482e-06,3.45207322554011e-07,7.97767988258125e-07,-1.16132653004356e-05,4.27102871648616e-06,-1.22100027518394e-16,-3.19560495986598e-06,-3.88424052801653e-08,-1.07919673744544e-07,3.58733547056836e-06,7.98507311282234e-07,-5.3452071846073e-08,-2.02123782152128e-06,5.34738587360372e-07,-1.74304587768638e-05,3.25369814484306e-06,-6.55371826226368e-07,-1.17972378334009e-06,-6.22057958697415e-08,-2.28603393866578e-06,-1.16562451261176e-06,4.87050914431995e-06,-1.25780629000425e-06,1.21628406715095e-16,-0.000195801826366689,0.0056929309745409,-2.04782059288576e-07,3.58231557966955e-06,-2.21862758850598e-06,-4.54500319873066e-06,1.59039690169272e-05,-5.76833505024514e-05,-3.98397208949993e-07,3.43417242314238e-16,-7.29394045592093e-07,-2.01447980512141e-06,-9.11364255140805e-07,2.37759962299392e-16,1.70406731281258e-06,2.21742810071312e-05,-3.37775721266679e-06,-1.38043380542036e-06,-4.58376925673674e-07,-2.44467655723642e-07,-8.71984268057059e-06,2.41407562246356e-07,2.56336048238102e-06,7.46079883676954e-07,5.24749778909963e-07,3.95874575085908e-05,-1.6826305494025e-16,-7.66684203498339e-05,9.55264680376377e-07,6.15373361788911e-06,-6.15317006252781e-07,1.39920975928781e-16,-5.87235990250623e-07,2.78854661214642e-05,-2.56387272989955e-07,-2.2721559924696e-07,-5.7273001677961e-07,3.16879036538303e-05,-7.8997666377352e-06,1.07383088149794e-06,3.93397166330713e-16,4.26758908305344e-06,-0.00212719549714957,1.30894809578588e-05,4.50815450260386e-06,-4.58472997427972e-07,-3.08394955141277e-09,3.54876223308315e-16,9.61138709731294e-16,-2.98304419703033e-09,-9.85667956571093e-05,1.2986851522834e-05,-5.01781081964445e-07,2.67163134592263e-15,-2.36122364552198e-07,-2.77685745883316e-09,5.854985042467e-16,-2.61281609887401e-16,-3.50469861232338e-16,5.80941865197243e-07,1.71034103199714e-06,-2.45751563195484e-06,1.44347271443553e-06,7.19107362380869e-07,1.47097399361783e-06,-4.44160956331639e-06,-2.33843985933666e-16,-9.60878752469636e-07,3.48376856053178e-06,2.81585443286766e-16,-1.52235612524453e-17,-1.66361172943668e-06,-1.28317170707659e-10,-3.61935467542792e-05,7.59687389069872e-07,7.16574940285302e-06,-5.11955073471791e-08,-2.4480233526417e-14,-1.71937591660193e-07,-5.63866842554595e-16,-5.83666179060113e-07,6.91734203814127e-15,-3.92012024582785e-05,3.80670012312719e-17,8.23324327365097e-07,1.47453856809251e-06,6.74085921407818e-08,8.84141939497143e-07,3.04321147637384e-06,-1.28875329615978e-05,2.19937546286904e-06,1.08880670758511e-07,5.29621325910746e-07,4.87041556829423e-08,2.8116617597052e-05,-2.12751513739564e-06,-5.22608235232655e-07,-4.22919730647802e-08,-3.72901809763199e-05,2.53452265360917e-17,9.39473492454335e-06,-1.61257452042733e-06,1.57079474126483e-07,6.86326367263852e-16,2.07198156909872e-08,5.58645326420645e-07,1.99416271616298e-06,-9.85018549575083e-17,-3.35377991022329e-06,-2.55509402172972e-07,3.14941002154295e-16,-3.36998585125721e-07,3.86904480392796e-05,-5.10973464079602e-16,5.60387820613031e-16,-1.88217575416177e-07,-1.45546600611735e-07,-8.28292851958892e-10,-1.14749038037969e-06,3.03610862973093e-07,6.19349977819189e-07,8.59643029427991e-08,1.04601760000569e-06,-1.76674691223178e-06,-4.74078215527869e-13,2.52208160932835e-08,2.50341822875329e-09,6.90264255105482e-09,6.45296272093759e-07,-2.39145410589002e-16,-1.18501854750793e-16,2.11951820995649e-07,2.73852277318704e-16,2.08930281799373e-16,1.32080409570315e-06,-1.47247507037746e-06,-1.90586027727294e-06,-1.582804097333e-08,4.80018180568667e-05,1.0533477587624e-06,4.72826382557904e-08,2.24605321669778e-16,1.14392463714086e-07,5.33851012923443e-09,2.44894684115004e-08,-1.71264822897383e-06,6.72857084849747e-06,-1.78202148652282e-15,6.96709869043824e-18,8.5258659914388e-15,-8.41042837581909e-08,-2.79636674943007e-07,-2.3433703687665e-07,2.63625905555363e-15,-2.13778717813394e-07,-7.02799689308908e-17,5.50913239613219e-16,4.97876680880912e-06,-1.09302549439469e-07,-6.99171046015884e-16,-2.68179502119036e-07,-9.59852635407714e-07,1.41673269738633e-14,4.12144415428291e-07,7.07445492224723e-16,1.09622891591519e-07,-2.10122149534888e-16,1.09333128728833e-07,9.46156179183849e-07,2.37757582270399e-07,3.22056988668747e-08,2.20908050180978e-07,-2.80608513570109e-05,3.02136723719197e-07,7.42760764481602e-17,1.77231734425707e-05,-7.70342340720035e-07,-1.95315811429152e-16,-3.74772187164551e-06,-2.9744776081985e-07,3.59694034302565e-06,-4.19030269843472e-17,2.20403734965726e-07,2.01980117908609e-06,5.03177369007675e-18,-7.26365455888325e-07,-1.60567330073151e-07,-5.78749751105957e-08,1.06439540501604e-16,-1.61850134485622e-16,1.48281066204652e-07,4.52919158257368e-08,3.66250657452474e-09,-5.23171176991445e-07,2.6495674740664e-08,5.1616008365614e-18,3.84888962291026e-16,9.66134683226035e-08,6.65848534107083e-10,-2.29397243702569e-16,2.32976666472808e-07,-3.1291799940377e-16,8.33877227879734e-07,-4.43749500267916e-08,-2.59227939758126e-08,-1.71726750412532e-07,-1.84421366311817e-15,3.85572517028426e-17,-1.08653341542009e-16,6.31897919684561e-16,-9.49703193862137e-08,-2.46483682944281e-06,-1.08053596497106e-16,-1.6225372785123e-15,-1.02179608435312e-16,4.62413612647449e-07,3.10818549154974e-08,-2.28035329391366e-07,-2.57833898023733e-16,-3.12849382452925e-15,-2.60680886783243e-16,-1.40032215110145e-06,2.97070630479358e-07,1.529708822224e-16,3.88386703101373e-07,-1.35574511813769e-06,-6.41493001544146e-17,-7.37282361573772e-17,-1.34822912910244e-07,-1.38099251350313e-09,-6.66523266736222e-08,3.26601709287346e-16,7.47684473245728e-08,1.08702274501088e-07,1.16360219592532e-07,-1.05725852787505e-07,-3.76263225389792e-07,2.39376268371439e-07,8.8062618222554e-17,4.70946166988366e-16,5.75421864942797e-17,2.20482378992579e-05,-5.44120753453204e-07,-2.96582698819509e-08,-2.3204777159429e-08,-4.15982845247491e-16,5.14380739286889e-17,-1.65382245205604e-16,-8.67454193570556e-17,7.48629645442037e-16,7.62090605994308e-07,7.7232291559288e-17,5.39997308133339e-17,-1.77877890140895e-08,3.71134447074705e-17,-1.59213096873423e-08,-1.0842021724855e-18,-1.97351223155083e-08,-4.07923107913167e-16,-2.38221794471207e-08,-2.97967133343193e-09,-1.40388371248144e-05,-1.01507373000139e-16,9.53455247011964e-08,-7.53799867280426e-17,1.35067458270977e-07,-1.64385963477404e-06,1.31472624752087e-09,-1.02680772778229e-16,1.92178909665773e-07,-6.08281144158583e-17,-4.76001218973061e-08,-2.68840604442384e-07,6.84953030099773e-16,-1.33372444362991e-16,1.00495470602275e-19,7.35085484112147e-17,-9.18418147238555e-10,-1.20603204716907e-08,-2.73002570379061e-09,-1.01724448819177e-16,-1.67096609315687e-15,-5.95170348811968e-07,0.00909357390378982,-1.9747888712474e-15,-1.60107338824796e-16,-1.02560630302114e-08,2.12753048883892e-16,-7.36907049816144e-08,9.32246991154445e-16,7.09017401213496e-07,-1.50408581330628e-16,-2.79330117052838e-16,-2.19340898458436e-16,-5.95291615073545e-17,1.67742628888037e-18,1.1533358161084e-15,3.46327012781213e-06,-2.42203928996334e-05,-1.10212739707861e-16,-6.36568817780621e-08,2.42029850839971e-07,2.17882218658469e-16,-1.37463170256313e-16,4.21700596842771e-19,-1.66848205540395e-16,2.37773763245065e-08,3.79851350121832e-09,-4.10895465148744e-16,9.74133161997624e-17,-4.30798576566495e-08,-1.536480331666e-07,-1.60706814652509e-08,2.72085073520116e-17,1.07640001377201e-15,-1.07243000578971e-16,-4.23309339410892e-17,1.25009674654584e-16,-1.1870444644923e-17,8.96809422673666e-08,-8.47182542182929e-08,-1.62697666734055e-08,2.8537803413041e-17,-7.0863499034509e-17,-5.04238319797267e-17,4.77650295331023e-17,-2.57608381228833e-17,1.1054469215742e-16,2.38184160959288e-16,2.5925914991026e-16,2.05657964258899e-16,-1.17451973715387e-17,1.4071512945101e-17,1.7139477287621e-16,-5.00923720350314e-16,-3.14281957268195e-16,4.49283613043296e-07,-6.3756703004517e-16,1.37065800589912e-16,9.64926189613398e-17,8.48741615113815e-07,-1.47802068193711e-09,1.04160995993342e-16,-7.96972167829419e-07,7.70840990829368e-07,-1.69814738856887e-17,4.84846939109195e-16,-2.13799231452692e-07,2.51001480462856e-17,1.87137017017176e-08,1.18499504928879e-16,8.54043660325049e-17,2.23721873530827e-18,3.71510649203086e-16,2.61568693952216e-09,-3.58853939509414e-07,6.53280687220536e-16,4.11867102227616e-16,2.06512853749712e-17,-1.31042777068392e-14,6.79840982799696e-15,-9.9585473640523e-17,1.31901018582444e-16,-9.43961785716807e-17,2.10464251862061e-07,3.84924090127938e-17,-9.14339941102824e-17,-5.90235466112477e-17,-9.8389095599732e-17,1.18532137059742e-16,-2.53997266071278e-16,-7.94374861501e-08,3.15348940331364e-17,2.68271863894153e-16,5.90642247239263e-08,1.27475367893544e-16,1.77372097671611e-16,1.47709339536503e-16,-9.12527917917509e-16,3.28386563510008e-07,-2.75658549460746e-16,-3.48657879736846e-08,-1.87469939814667e-16,-6.13232189677634e-17,1.34467632892898e-16,-4.42791889558397e-14,4.6841341289123e-16,-1.11187159880136e-16,1.24150525468313e-09,-7.2409446058351e-17,2.9409846219586e-17,1.73705317489132e-06,-1.53051259773681e-07,-7.95019726743509e-17,1.06072747128127e-07,1.54818837474383e-08,-8.08002757672095e-17,-1.41437896156159e-17,-7.01430097106515e-16,1.25746945875385e-16,4.77262779112213e-17,-2.45479747748143e-08,-1.04292743408168e-16,6.61078446629235e-16,-1.15602410509421e-16,9.66125211400566e-09,-6.27319487629759e-16,-2.18964308872192e-16,-1.26265770563049e-16,1.88702693477183e-16,-4.29594845537257e-09,-1.02300476269459e-16,8.85000982337874e-09,2.42072893734243e-16,1.27840536809822e-16,4.34448134851613e-17,4.65868916684453e-17,-4.10108898900252e-16,3.03414197538109e-16,-9.05651759385705e-17,-1.89736359967215e-07,1.44545992986509e-16,1.32970159835607e-16,6.08663397127284e-08,9.39558484274073e-16,-9.67925975812622e-17,1.21418899457188e-16,-1.04115971766366e-16,2.85988069759812e-16,-3.55518970020366e-17,-6.12408931610551e-08,1.80490561151789e-16,-6.98313708481262e-16,1.23177114637447e-07,7.83905434620933e-17,-8.44325977622143e-17,2.8106760737095e-16,-6.6888824330547e-18,5.69939205524888e-16,7.87547441050136e-17,-1.04006741895671e-16,7.78628328421267e-16,-9.41203587820025e-17,-3.42331242150376e-16,-1.04607093302916e-16,-5.89212709499163e-08,2.49613646898882e-07,6.79793241223686e-16,3.78856691112082e-17,1.50190663697189e-16,-4.07207947634286e-16,-1.82304329254117e-15,-2.87295355416755e-16,8.29076758751858e-16,-2.48643457127813e-16,-2.2482493495319e-09,4.14298416787009e-17,-1.02366919180728e-16,9.27541294435321e-18,-7.61297778692566e-17,2.66737760404755e-09,4.99634935520666e-17,-9.52508799716485e-08,-2.91579653009652e-16,3.33098094364023e-16,-7.46226169211414e-17,-3.56632288527994e-17,4.66826361660198e-16,-5.56037353930412e-17,-4.90251665299145e-17,1.49794414009602e-16,-2.62858486643357e-16,-4.41694142691438e-16,-1.99596179712318e-16,-8.07000517004239e-17,2.09919197317536e-16,2.96310963975867e-16,-2.36164356915765e-16,-9.8580192426413e-18,-1.8118259647156e-16,-3.39694611185786e-17,6.60905544873831e-17,-1.39938360962859e-16,8.1684795075644e-15,6.8934572457245e-18,-7.9040359687853e-16,-6.07255906963497e-16,-2.25647003886347e-16,7.75086647895319e-11,-1.73049865559555e-16,4.73749311813746e-16,-6.52066490104132e-17,-3.19916591869395e-17,1.48289588146953e-16,-1.77007523942939e-16,3.15617054509308e-19,2.35843770488379e-17,3.60084028912491e-17,-1.21512022589737e-17,2.80015647869956e-15,-1.43470613691548e-17,-7.70489840939705e-17,2.24449371252266e-16,7.82735765080059e-16,-7.68876656937298e-17,-3.69970099004798e-17,5.12130658413498e-10,-1.35243025475131e-17,2.59343192422992e-17,-7.9791179241889e-17,3.77578362754126e-16,-1.55419332957761e-17,1.23739072032094e-16,1.21362882029422e-16,1.44077277242583e-16,2.73250119879477e-17,-6.98059746178471e-10,-5.05266652490211e-16,2.23545162236576e-16,5.84809043208376e-16,5.56704419840036e-17,-2.44236568270001e-16,9.01498827225395e-18,1.23587525025765e-16,-2.18617436503279e-16,-7.10295324253538e-17,4.37944322488439e-16,6.77681727152898e-17,1.28021641496707e-16,2.01502464787142e-16,-1.05751514831464e-08,-6.30078293343318e-18,6.0305384812772e-16,-3.29621281688737e-17,-1.19006711847326e-13,5.63397643957322e-08,6.18574054326362e-17,6.37689999034882e-17,1.48546090514557e-16,1.01721032405371e-16,1.5301106513739e-16,-1.13328031689681e-16,-2.07099229430679e-15,1.65779076786157e-16,7.48643879165959e-17,-5.44845300081757e-16,-1.21233144443788e-16,1.66466922189808e-16,3.75545292828999e-17,8.23085478611125e-16,-9.30718575790454e-18,-3.30171511494831e-15,-4.38628494804264e-15
"t987",-0.0400683283045715,0.0323698001274465,-0.0527499357578168,0.0229258515536664,0.00600568396998754,-0.00269220853183623,0.0174281574204324,-0.0356000757286095,1.41352734429943e-05,-1.44505893450247e-05,7.25771087094012e-05,-0.0114339380606307,0.0213763137988528,-0.00329454164119169,0.000962350180389033,0.17450297256336,-0.00437738929575484,0.00967067108932419,-0.000713813505706527,0.00037312519019898,-0.0513806928420557,0.120221312341403,-0.000124417737949348,0.000900981668242159,-0.000149063954893308,0.000147367132586667,-0.00020947976344606,0.000219587499728885,-0.0054440783267834,0.00268542201540877,-7.45132368771303e-06,1.22070766886787e-05,-0.00361221382130127,8.58001584449712e-06,-4.54229521792496e-06,-6.49297360076269e-06,-0.000253094888665944,1.75240819479001e-06,1.4078350367185e-05,3.76909924671127e-06,0.000187356606076703,-2.34375572935781e-05,0.000195702918335288,-2.28971204218889e-05,0.00493291087854492,-9.46735890629661e-06,1.22562494546338e-05,-0.000241236921293016,1.83674444744069e-05,-3.45096657030495e-05,0.000224565362481181,-2.07958355845428e-05,2.93103152353802e-08,-0.00332897088430133,2.46197179359975e-06,-2.54134565309501e-05,2.00769495621303e-07,2.3912103505648e-05,-1.02790660108246e-05,0.339673618498304,-0.000115327189068953,1.0538699905491e-05,-0.000302387998895427,0.000156705912243188,-9.62097967610512e-06,0.000205501491916962,-1.1085458145916e-06,3.7466363698239e-05,-0.000100656354488152,3.84413241555801e-05,-2.76595615185924e-05,0.00205918892110695,-4.24248541473662e-06,-0.000329676231531091,0.00015610242855843,5.77606051664846e-07,-0.0145924709799421,-7.48849638892852e-06,-8.48809568394988e-06,-1.36895928478613e-05,5.05428237824405e-06,7.80561538854225e-05,-1.13036222302618e-05,-7.3842727390369e-05,5.70047223412551e-06,0.00115810524188914,-0.00061595779917049,-1.21112340922073e-05,-5.10201824343991e-06,0.00760501491913413,7.13069787853762e-06,2.7492281489127e-05,3.50282558448867e-06,-0.000266782542697978,-2.07041139135134e-07,-0.000530675579931073,1.23421999840407e-05,0.000300351370391673,-5.09152302817373e-05,-1.44005673376344e-05,-3.1628272018783e-06,1.53180241561726e-06,-4.32653603996097e-06,1.52833956345693e-06,-6.63751718045502e-07,7.45025350259114e-06,-3.52619446735449e-05,9.34921166961732e-06,-5.45075153361505e-06,0.00103197840490669,5.65734946803398e-06,1.36009879261377e-05,-2.99697868550216e-05,2.63172675397246e-05,-1.01985538282056e-07,3.88418677480208e-06,-5.70962243071989e-06,5.99101880873356e-06,-6.0179785812334e-06,1.47474659933261e-05,-7.14940112676896e-05,1.31572359756977e-05,-1.28757532061627e-05,-3.57327627210291e-05,0.000465570599171237,-0.000152457484110168,0.000583582545455944,-3.2419124263976e-06,6.11473334236893e-06,0.000201516852255141,-3.32981815160213e-06,1.83387534627996e-05,-2.18855394710494e-05,-4.37725597502111e-06,1.24533564658485e-05,7.16946659919482e-06,-4.05404782114905e-08,-2.65254276117797e-05,8.05596692712834e-06,-2.3161925301322e-05,-1.47678371682854e-06,-5.71312178208073e-05,1.11730842345265e-05,8.6319339724726e-07,9.38063991437369e-05,-1.40925178956308e-07,-6.63432831673269e-06,1.12648780101947e-06,8.06263449008813e-08,-9.78832553436767e-07,-0.0115193270613493,2.19307713299799e-07,-1.44693433392734e-05,1.88144826405144e-06,-1.11317776233723e-06,-9.82162307878538e-08,1.48309763003318e-06,-8.66124979459562e-05,-3.98632340625206e-07,-1.31685020090548e-07,-6.2845677052635e-05,1.2182619108578e-06,-6.57229059772169e-07,-8.64058227168101e-05,9.93388086022642e-06,-3.49840786751292e-05,5.12553696017991e-06,8.75192374328289e-08,4.35026375850804e-06,5.7630285339795e-06,-6.76929148202615e-05,-1.59566961605124e-05,4.98104690918006e-05,4.77310167184044e-07,8.17432860720148e-06,1.83043068599263e-07,7.22586335789062e-07,-4.95453405506593e-06,-3.93211665914796e-06,-0.000643062800336645,3.16449286955266e-05,0.000100181755776743,-2.47134425593473e-06,-7.93591655381021e-08,-3.04863306988931e-07,-5.48904055817771e-07,-1.11869981804385e-05,3.07712299072212e-06,1.40861969792391e-05,-0.0007750813126865,-2.60044342319922e-07,5.03443595280449e-07,2.01588210503102e-06,2.60059840116469e-08,3.48341501840201e-07,-4.94671584880498e-07,-9.13017666306481e-07,-0.000189057590928973,5.38264777106754e-07,2.30387527254441e-07,2.29848001491537e-07,3.8269928146376e-05,-6.25599582241932e-09,-8.13566620325535e-06,-1.77960090255338e-06,-8.01861987531022e-05,1.28438238456949e-06,0.00147971055659958,-6.61407622763076e-06,-3.04139180511233e-07,-3.01538339925729e-05,6.8096488040784e-05,-0.00017479325100656,-2.79253712389032e-06,-1.4820860090501e-05,-2.02643730811723e-06,2.30501755148884e-05,2.53243116301124e-07,-4.62354432587969e-07,-2.30505353476982e-06,-1.25894350002665e-05,0.000133362350606066,3.8876593058377e-06,1.27519046767933e-05,-3.31887056963665e-06,-1.70519872759626e-06,-1.80126256336713e-05,-1.28467079275461e-06,-2.06762679230988e-06,-1.70966370177686e-06,4.83085684265099e-05,7.78604363430717e-06,6.2212606251646e-07,1.05044579250062e-06,-6.24782044594519e-08,-8.86942421756028e-06,-7.64665423655748e-06,-4.20905172003668e-16,-4.4441956443749e-06,0.016891424159876,2.34972526977258e-07,-7.250607184802e-06,-1.44907810875031e-06,1.35750095203865e-05,-4.32304437746069e-07,0.000551771077912358,-2.0018860859146e-08,2.04960829038831e-09,-3.43526816621481e-06,5.28288727437237e-06,-1.68760708551028e-07,2.32474506980962e-05,-1.1146987375035e-06,1.79283346443357e-05,-1.63129267943852e-05,1.4559348230659e-06,-1.48519779055842e-06,0.000166652622610633,6.97985891388101e-07,-1.36189305705563e-07,3.01339456226264e-06,-5.86095686923661e-07,6.45846728934538e-05,-3.23735678641838e-05,3.26362903548917e-07,-1.11208990425898e-07,1.34630813210834e-07,9.52928398119838e-06,-2.17750989861261e-05,1.43977186203044e-07,5.77021669552537e-08,-1.26240615249361e-07,1.09538053079951e-05,-0.000521057031760885,3.0072359738194e-06,-4.21758064942148e-05,0.000253420957750356,-2.37254090345074e-06,5.7753652459175e-06,-2.1363222150263e-06,1.17235955182818e-06,-1.05613746584371e-15,-2.99660046821807e-06,-1.03186782423061e-07,-9.76266416835534e-10,-8.8302181856293e-06,1.63201951877269e-07,-1.03192935606659e-07,-1.86673178684081e-05,2.48188807750908e-06,-2.62044019820534e-06,6.88758881276981e-06,2.68276506282912e-07,-2.99425691084112e-07,4.06395824177119e-06,-5.10281525227489e-06,0.000130676669602718,-8.3400208847194e-06,0.364685345149609,-7.76637765385812e-06,-3.21293574880431e-05,-6.13314291452652e-06,1.86820960466328e-05,-3.97850492416542e-07,1.3144320587167e-06,-1.48519522625002e-06,5.11105020466838e-06,-2.06994078797436e-07,-1.80750466789261e-07,-1.29415162705356e-06,2.08467327162997e-06,1.44721818227186e-07,-9.95666742784117e-07,5.51552805221104e-07,-1.26275713179996e-08,-1.02490419690034e-07,1.43182923902774e-07,1.13249063477378e-16,2.45870194994507e-10,1.23512461129367e-06,-5.18198900540837e-06,1.00815700550133e-07,9.09317936723669e-08,2.7768117349141e-08,6.93071630210495e-08,-1.0957463490706e-06,4.65500716098868e-07,-1.22703474456126e-17,-4.48285022998183e-07,-5.59269103958258e-09,-1.63821230837407e-08,5.47862399855735e-07,1.36871711590972e-07,-9.69684431243258e-09,-3.94631199926161e-07,1.09398533025786e-07,-3.91152121563457e-06,7.8841669345688e-07,-1.66224593925778e-07,-3.06702260317382e-07,-1.64165437929027e-08,-6.19197807192263e-07,-3.16612448071607e-07,1.34676757301985e-06,-3.52539228468333e-07,2.25061293970213e-16,-5.88556705599352e-05,0.000272567954511266,5.08674656240018e-09,1.22581355782601e-06,-7.64218919358731e-07,-1.72079824174245e-06,6.19342570611162e-06,-2.25892252379553e-05,-1.59361449463504e-07,-1.28765650597296e-15,-2.98957977209253e-07,-8.33239428616847e-07,-3.90117748984963e-07,2.86657480278491e-16,7.57398799306368e-07,9.94436206131213e-06,-1.52187184235214e-06,-6.27996454296597e-07,-2.11951690758063e-07,-1.14442193735125e-07,-4.1217771126084e-06,1.17473356915763e-07,1.25172398676746e-06,3.71798987079922e-07,2.71202630084615e-07,2.04982938949575e-05,-5.72407524777339e-17,-4.27667151006293e-05,5.40053231837874e-07,3.58528206369437e-06,-3.75850090554655e-07,6.71288460663926e-16,-4.00350974769907e-07,2.18812746725573e-05,-2.1602213414742e-07,-1.98311727783167e-07,-5.22484293177415e-07,3.15876225288126e-05,-9.30557951917564e-06,2.42454030567295e-06,-3.89223718107e-15,0.000101095622890353,-0.439472169802889,-0.000175318657190225,-2.39196143104572e-05,2.32273624321625e-06,1.33835626455465e-08,-9.03802688685276e-14,7.18532654153608e-15,6.96732944910267e-09,0.000161168194245567,-2.04440529331346e-05,6.1835094502935e-07,4.03837660455787e-15,1.90632946399595e-07,1.91523708327941e-09,1.08715884945574e-15,-6.25898800494276e-16,5.8313662949493e-16,-2.6122129471198e-07,-7.31655786635423e-07,8.89510713856004e-07,-4.55450386401041e-07,-2.23315998192185e-07,-3.95648978884874e-07,1.17510995820902e-06,1.79562302435055e-16,1.90012078821811e-07,-6.20384030638162e-07,5.27590916223726e-16,1.31455040330103e-15,1.90789638379175e-07,1.30809239142347e-11,3.11740245359562e-06,-5.79074711439187e-08,-4.20162597520239e-07,2.86439418900867e-09,-2.83630555708861e-15,9.00006221602285e-09,2.06241960561858e-16,2.47274479797392e-08,1.76146832797906e-14,1.38660366102591e-06,2.81578809171517e-16,-2.21290001542757e-08,-3.71761576166013e-08,-3.1314627290233e-10,-5.17833510393157e-10,3.2854498450153e-09,-1.04705821798406e-07,3.07683792245437e-08,2.91709459637287e-09,1.42470698787341e-08,1.49143099223418e-09,1.04602714126027e-06,-9.69522065508143e-08,-2.73057250398799e-08,-2.42302938706224e-09,-2.22659633724427e-06,3.01157160950279e-17,6.28892177196624e-07,-1.18625798965936e-07,1.42533147034216e-08,5.67280968724944e-16,1.97519366173677e-09,5.6962991675983e-08,2.08790104077853e-07,-2.21233540882867e-16,-3.55789050483301e-07,-2.84746093084224e-08,-1.0128421186289e-16,-3.84182505071141e-08,4.96841159591539e-06,1.51690903743539e-16,-3.16373822165742e-15,-2.51547454769364e-08,-1.95187902309676e-08,-1.12844568008936e-10,-1.59155280664826e-07,4.37496064214896e-08,8.95294862905387e-08,1.24817429077255e-08,1.58996817979082e-07,-2.77921702570743e-07,1.48754482304174e-14,4.01663267614222e-09,3.99522851394397e-10,1.10961069735738e-09,1.0462490157529e-07,-6.44094922012332e-16,-3.04442527332056e-16,3.4761460547681e-08,-1.79452650997485e-16,3.05207434716086e-16,2.31432239077672e-07,-2.60730606324895e-07,-3.37543456083474e-07,-2.86592022765443e-09,8.71681936280647e-06,1.91399739334684e-07,8.62582736913037e-09,-4.8088503196654e-16,2.17262393034437e-08,1.02221517561832e-09,4.70170787135019e-09,-3.3311126797514e-07,1.33889507018943e-06,-1.758843882028e-16,-8.39974635810958e-17,1.85390266239751e-15,-1.72617069560704e-08,-5.81302257937771e-08,-4.87600651636349e-08,-2.43108505820919e-15,-4.50178788655172e-08,2.21261995250461e-16,1.99523315510668e-16,1.10136672768524e-06,-2.41932969511969e-08,-1.05626838401413e-14,-6.00353806061123e-08,-2.16270493093877e-07,2.13875439144015e-15,9.40761560392443e-08,-1.25691200388451e-15,2.54057009560133e-08,3.33605239966592e-16,2.53725989636143e-08,2.19799585341119e-07,5.52976552259867e-08,7.50258975584987e-09,5.16500282798673e-08,-6.64967243610342e-06,7.29142864457073e-08,-1.90377673855552e-16,4.37153019361746e-06,-1.90443242944626e-07,-1.60011656631862e-15,-9.29309965974885e-07,-7.41608056246344e-08,9.01184731163901e-07,1.12053681508594e-16,5.6128425772334e-08,5.16002163505925e-07,1.97769232358796e-17,-1.86345751519276e-07,-4.12776513036506e-08,-1.49912974795156e-08,7.71660818444958e-17,3.6528896177683e-16,3.90891372355336e-08,1.20274612494672e-08,9.74046064863267e-10,-1.4350711549858e-07,7.30348877021026e-09,5.96702306144654e-16,-3.41526493274262e-16,2.67208713300799e-08,1.84235865958153e-10,4.38217037637784e-17,6.48261532315576e-08,1.18919725897207e-16,2.33280955872363e-07,-1.25053022624543e-08,-7.30908022925698e-09,-4.8517677013871e-08,-3.47255723567441e-16,1.74082523263531e-16,1.66300329400314e-16,4.20044815180888e-16,-2.73192417967232e-08,-7.10071788893939e-07,2.6848981800711e-16,1.18023375757998e-15,2.60377598043841e-16,1.33913730892793e-07,9.02161056256607e-09,-6.65941761794908e-08,-9.16257049817051e-17,1.34524959979768e-15,-7.80184909750617e-15,-4.17391542186801e-07,8.86088977986009e-08,-7.65547176927808e-17,1.16758084641531e-07,-4.08851911846813e-07,1.17346143519659e-16,4.11018555160893e-16,-4.0959365737618e-08,-4.19793898986094e-10,-2.03483527505841e-08,1.42829441051053e-16,2.29899308106865e-08,3.35551729730927e-08,3.61147951496526e-08,-3.30569198764395e-08,-1.17876531248949e-07,7.52682243101323e-08,-1.82120563160834e-16,-1.36315469820765e-16,4.37988728819443e-16,7.07704464534341e-06,-1.74706291781777e-07,-9.54729298447588e-09,-7.56656931357184e-09,4.97674325506041e-16,1.13779698846605e-16,-1.53527169014104e-15,4.8050915728736e-16,-2.37127052610225e-15,2.51769769246721e-07,1.73617864693249e-16,8.78268385948816e-17,-5.90575324733415e-09,3.63566718842856e-16,-5.28744454668754e-09,-9.16150835750251e-17,-6.5568932077245e-09,6.06998545750515e-16,-7.98070062514908e-09,-1.00012485552296e-09,-4.72553441822503e-06,-2.25106420663485e-16,3.22019431541378e-08,-1.01834519736689e-16,4.59230854195288e-08,-5.62335753733715e-07,4.49813630625026e-10,1.18697771139328e-15,6.57977237673561e-08,-2.28662610716614e-16,-1.62438198048208e-08,-9.17076972822035e-08,-3.49159002016899e-16,3.53868011951995e-16,-8.29493909417874e-17,1.77591956969823e-16,-3.09213874707054e-10,-4.03228602982619e-09,-9.02123935583384e-10,-5.88984630059992e-17,-6.34577236477978e-16,-7.54808313210656e-08,0.000212442954077002,-1.94161228476934e-15,-1.02427783248567e-16,-4.10332794880713e-09,5.41049466712501e-16,-2.91379168037098e-08,-1.07537017163697e-15,2.76372049611167e-07,-1.42196088922163e-15,-1.45146108572694e-15,8.17420448407892e-17,2.54564207861696e-16,-5.35219489525942e-16,1.06052811014364e-15,1.34943621673502e-06,-9.43817471338787e-06,4.84060381267685e-17,-2.48804644065298e-08,9.47398330976902e-08,4.05557614715711e-16,-7.02115661686765e-16,5.35258632283942e-16,-1.50151492084119e-16,9.37850529064465e-09,1.50123029271991e-09,-4.9530881059325e-17,-1.97055993847301e-16,-1.70648831439415e-08,-6.08818749562287e-08,-6.37447925106634e-09,-9.6440279960323e-16,-1.48748441136605e-16,-5.27154501982607e-16,-3.15658301624685e-16,3.16696618750023e-16,6.26290954080046e-16,3.62337838066413e-08,-3.42923129350439e-08,-6.59797082655609e-09,-2.89350273559709e-16,5.79007283153301e-16,-7.64446841193786e-17,8.44110629631125e-17,1.98669011581616e-16,5.86509445878559e-16,-1.07784752280838e-16,-4.42870176991352e-16,2.41168412461516e-15,1.16190365434402e-15,8.49340866627932e-16,3.86608904114583e-16,-2.86360110415433e-16,-8.09220249007827e-16,1.8852353357999e-07,-2.10102312246611e-15,-1.86209458525611e-15,-3.99096194081786e-16,3.57888755663095e-07,-6.23950218279847e-10,3.52481885018511e-15,-3.36682855241556e-07,3.2766276926715e-07,7.99441743073521e-19,1.99427320364352e-15,-9.15999424459853e-08,3.62291663722217e-15,8.09795407094228e-09,-1.59128732108076e-15,7.72246442302072e-16,-9.04372637897072e-16,-6.53539929061582e-15,1.15060989763283e-09,-1.58036787837452e-07,1.83170625230825e-16,4.95892770595244e-16,-1.06821574098599e-17,-1.08773976853062e-15,-4.8350794827725e-15,1.6117192354106e-15,-2.48297778101809e-15,-4.7148169416214e-16,9.90205107580768e-08,-1.27512694317064e-15,2.70851811633353e-15,-3.19193414422536e-15,3.31207725817067e-15,-5.90290988849025e-15,6.74745510318835e-15,-3.7991496719172e-08,-3.12482455296514e-16,-3.53196517088479e-15,2.83360494414461e-08,-8.51450773643617e-16,4.8550235509199e-16,1.36867317811648e-16,-1.19185894314696e-14,1.63852713071774e-07,-1.50094239724525e-14,-1.75296691246259e-08,-1.09604279862824e-14,-1.40833599806376e-15,1.740376207407e-12,-0.701593012240659,5.10344101152254e-14,-2.14086041148819e-14,6.34385551647655e-10,-2.22352365751381e-14,-8.3719643681533e-15,8.99212067667676e-07,-7.92825750812187e-08,-3.20926838398826e-15,5.55941928671012e-08,8.14490493734611e-09,1.10217271463172e-15,9.38869919999141e-16,-5.25139293415918e-15,3.07369265286347e-15,-2.34131320916058e-15,-1.37392442916844e-08,1.47181195473401e-15,-3.16355313703064e-15,3.06035101335236e-15,5.5063071701315e-09,-2.2371210897261e-14,-2.04280920342731e-15,5.28574621383284e-15,1.15450998872727e-15,-2.51213698335799e-09,1.64467448425644e-15,5.21865773781097e-09,-3.82357683286915e-15,2.09100541052933e-15,-5.4278330117775e-16,1.11344182939418e-15,-7.63016706044284e-16,7.25819363938461e-16,2.97362361376743e-16,-1.17402099395796e-07,-2.49581155766744e-15,-2.45827303240475e-15,3.81579898949949e-08,2.81078301376681e-15,5.89290537167565e-16,2.14877126725438e-16,2.18485165478503e-15,1.00611515272468e-15,7.60035657167828e-16,-4.01450139808034e-08,-7.16144635493724e-16,4.25377971434627e-15,8.25386125440399e-08,-2.64393269143176e-15,1.37956559574496e-15,-3.44143213164077e-15,-1.69490008521023e-15,1.13708536195206e-15,-4.80600972381118e-15,2.51394730245077e-16,-1.60791749365383e-15,-2.06443703851501e-16,-8.84757589044874e-16,1.60588758087039e-16,-4.3396256096365e-08,1.86263924530397e-07,-3.43941607270049e-15,1.26574462945104e-15,6.58681482592889e-16,-8.57420034923357e-17,8.12190955479936e-15,7.44323011703202e-16,3.77940234780642e-16,1.5046198759985e-15,-1.81022597675058e-09,-4.5220740745395e-16,4.21194309912522e-16,-8.19059897616777e-17,-1.067957925259e-15,2.32037724558739e-09,-8.47972745700428e-16,-9.21768388794422e-08,1.52847053394176e-15,-6.94508724717739e-16,-1.14451332072983e-15,2.77996459647257e-16,-1.77140060321888e-15,3.1689219457961e-15,9.0409696330209e-16,-1.36218119092074e-16,-4.18007817526033e-16,-1.4735327166647e-17,-1.23576819595671e-15,-6.05453903183408e-16,1.03272022601679e-15,1.36565956669832e-15,-6.81663029590057e-16,-9.39921078275165e-17,-5.28235711884169e-16,-1.37978961782483e-15,4.51849687457725e-16,9.47733258474596e-16,-1.59727997458669e-14,2.6005466452109e-16,3.46172890339237e-15,2.24977680636376e-16,2.80783830881634e-16,1.7573038027277e-10,1.1675737514582e-16,3.46983359526019e-15,-5.7998584050653e-16,2.39926245672425e-16,1.2814976988288e-15,-2.1582196171792e-16,9.35114730171515e-16,-3.57295846145319e-16,7.35752485013395e-16,-6.41929065382779e-17,1.87736975393723e-14,3.35416559474669e-16,3.69967571621803e-16,-4.46129672430018e-16,-3.29438823455569e-16,2.54010837348845e-16,8.72525590663589e-17,-2.26073916032595e-09,5.35840938250892e-16,-1.87870349171842e-16,1.03498549450771e-15,4.00563448810819e-16,1.52955458271332e-15,2.81635516739984e-15,-6.42782809138362e-16,-1.56690217115679e-15,2.93171384681394e-16,4.76582589152775e-10,5.04125570093793e-16,-6.38768336893309e-17,1.30853593588695e-16,-6.44941001876128e-16,-2.76220532358323e-16,9.16058525773628e-16,4.80186336035261e-17,-5.56454833449762e-16,-4.56029723874956e-16,-2.26865798090437e-15,-1.94825593460699e-16,-1.7967493505468e-16,-2.86388512831336e-16,2.35789432085626e-09,1.44186478607555e-16,-1.21193203092598e-16,8.27352295698375e-16,-7.14616026082754e-15,-6.90910734542395e-09,-1.21912746135899e-15,-1.29907313091079e-15,1.94299422193446e-16,4.21452253071346e-16,-3.90065803060599e-16,-1.13334543556404e-15,-2.39774824978781e-16,1.92500552186114e-15,-1.64468025764541e-15,-3.35485860574806e-16,-7.38252600805288e-16,1.79201123939733e-15,-1.26593679631405e-16,-2.49732571063281e-16,1.30446474275477e-16,4.18074118632189e-16,7.4599248289685e-15
"t651",-0.0433899964531159,0.0394624092258189,-0.0648686217649358,0.031411704788877,0.00930621939623691,-0.00485547848438917,0.0321858525620522,-0.0733377056851004,4.29542416198765e-05,-0.000248653349246192,-0.000135704306855193,0.00709215320452692,-0.0115912351058855,0.00166601554000365,-0.000398972651595794,-0.0550922794392773,0.00123098013497851,-0.0024852436785271,0.000163023758025187,-5.31037635625932e-05,0.00408688945658695,0.0122404220979197,1.70740602496677e-05,-9.81703575095852e-05,1.41343294215419e-05,-4.1657807004345e-06,4.46072801833991e-06,-3.72318673149389e-06,4.01987817752796e-05,1.07171822020631e-05,3.66629432245782e-08,-1.8253941792435e-07,0.00013566771478368,-4.96328209845411e-07,3.87209555812558e-07,9.22535985624323e-07,3.88588090015238e-05,-2.95980460144752e-07,-2.47620173838564e-06,-7.23642988440989e-07,-4.24748114346555e-05,6.11196440104319e-06,-5.56768765944425e-05,6.5612690356782e-06,-0.00156706665110047,4.4644858586541e-06,-6.5967264875891e-06,0.000138645974165658,-1.29027619315875e-05,3.15355069598194e-05,-0.000347072089579994,4.96574642371661e-05,-7.64591892644804e-08,0.0699225619487588,2.25627717641428e-06,-1.78111620391327e-05,-5.50892746848976e-07,4.66957130957123e-05,-1.62173473450968e-05,0.00119211349274658,3.53439302723434e-05,-4.55742260385593e-06,0.00016052351139996,-8.70474253356363e-05,7.1246272122488e-06,-0.00018832915704133,1.51952253245709e-06,-6.07183500411715e-05,0.000176094904664611,-7.71796567435304e-05,0.000121358244400666,-0.0289155869033046,4.81856536738016e-05,0.00569765546807291,-0.00286773243853117,-1.3410547541145e-05,0.376708675194099,0.000395927088670693,-0.000483018978517776,-0.000468665629614853,0.000112172712813335,0.00163221679752502,-0.000186777111881963,-0.00119834396452619,0.000114836868830701,0.028379220497482,-0.0213248149206112,-0.000454620466406838,-0.000195937079149614,0.310409400321163,0.000382529410506032,0.232153518320379,-4.5119005491468e-05,0.00141548493033733,3.502719139958e-07,0.000755085915227183,-1.74177111011864e-05,-0.000263289373970403,3.65644873041992e-05,3.65070091641236e-06,-4.94092220158528e-08,5.53091813103125e-08,-2.53507036300873e-07,1.03065534275175e-06,-4.65899359827044e-07,5.38167848801956e-06,-2.66747340324778e-05,7.15611766991265e-06,-4.25284316330757e-06,4.84335681265443e-05,4.66829432719952e-06,1.16832343846666e-05,-2.58881487781382e-05,2.54590020179687e-05,-1.00922265949463e-07,4.04066286520558e-06,-6.07878297818329e-06,6.83677366692269e-06,-7.45912150205013e-06,1.98620390485033e-05,-0.000102361448971117,2.86828845719829e-05,-0.000116248985567374,-0.000396314245077858,0.0996164802385564,0.00010488021000764,-0.000682334353188156,-4.75356484362382e-07,3.56939989938082e-06,0.000118073169011372,-2.00145188773688e-06,1.26456290238302e-05,-1.53573458747946e-05,-3.10690328121344e-06,9.18587036639082e-06,5.31204357634449e-06,-3.16012832805533e-08,-2.12213446637473e-05,6.71337888909981e-06,-1.93543585743835e-05,-1.26806963422665e-06,-5.06128865285128e-05,1.24497711157356e-05,1.77560505490961e-05,0.010331023594165,-1.05095940451397e-07,-4.97545871285565e-06,7.50030097321977e-07,4.91411178746236e-08,-1.67324725826206e-07,-0.000722262081766544,-4.83227335664967e-07,-8.30047536099956e-05,3.98366098436711e-06,-1.16324659655867e-06,-1.00807846125117e-07,1.50655656493415e-06,-8.13861156926363e-05,-3.72310227862769e-07,-1.22890637267879e-07,-5.8414373620288e-05,1.13152297821373e-06,-6.07902085765042e-07,-7.9884267288363e-05,9.1532285503123e-06,-3.21445741984962e-05,4.68638881177613e-06,8.00224161627222e-08,3.97766626357756e-06,5.27209706768964e-06,-6.20587077753932e-05,-1.46370779469192e-05,0.00347853388950521,4.16622675105945e-07,7.30275378868864e-06,1.63735697144178e-07,6.4668317243182e-07,-4.44258207793088e-06,-3.52055655031489e-06,-0.000575567958068249,2.83145474172374e-05,8.95536038439984e-05,-2.20836723790986e-06,-7.08899670150598e-08,-2.72241512627201e-07,-4.89682541541061e-07,-9.97780902557413e-06,2.74092203665569e-06,1.25469270738858e-05,-0.000690335506308279,-2.31937549561251e-07,4.51015955151053e-07,1.81102998076169e-06,2.35121219238889e-08,3.17302663575836e-07,-4.83304359656679e-07,-9.41183859911048e-07,-0.0100728877375414,2.78349721392545e-07,1.88671011857193e-07,1.88601113851977e-07,3.18349653506564e-05,-5.26327657013137e-09,-7.29119488964345e-06,-1.59604485456106e-06,-7.31593835799898e-05,1.32462253664261e-06,0.00267513119206117,-4.46023957249629e-06,-2.25933784097236e-07,-2.27901265423115e-05,5.16022686038314e-05,-0.000133087728483696,-2.12573203364338e-06,-1.12816451700558e-05,-1.54090118052141e-06,1.74405510944682e-05,1.91372412539011e-07,-3.46593827864917e-07,-1.71610281831966e-06,-9.34809855955165e-06,9.77944661228374e-05,2.84102996014518e-06,9.28153130039474e-06,-2.38161478072672e-06,-1.21960915813364e-06,-1.28723870908189e-05,-8.98201557058082e-07,-1.42031586183028e-06,-1.14434264224621e-06,3.18545587611502e-05,5.04030283383438e-06,3.94434036967836e-07,6.61566040985888e-07,-3.6102250934871e-08,-4.67121768851856e-06,-3.36144238165612e-06,-1.3651894216072e-16,-7.89891450838372e-07,0.00139814770687406,-1.00916569055203e-06,-2.83572482737553e-05,-4.31344401241876e-06,4.03796174941925e-05,-3.7945258247796e-06,0.0289674047560471,5.98190166975357e-07,-5.16969123455065e-09,4.19787365021033e-06,-1.95302192761997e-06,3.16677175089083e-08,-2.99685083972626e-06,-1.02456976789929e-07,0.000680311180526944,-4.99550718613343e-07,6.41783667444874e-07,-6.86561808920421e-07,7.71826647479572e-05,3.26967603641445e-07,-6.39234755691825e-08,1.41257742541158e-06,-2.74390496820066e-07,3.01838525834709e-05,-1.50839815775689e-05,1.51196161154676e-07,-5.14823954273655e-08,6.10600975141703e-08,4.3194965171973e-06,-9.86419337316178e-06,6.47774797849229e-08,2.58921286924956e-08,-5.61488663964723e-08,4.86373103211198e-06,-0.000475951861878962,1.16238805375344e-06,-1.65463291470634e-05,9.88805717935622e-05,-9.14165790162683e-07,2.14531827211673e-06,-7.84046560175323e-07,4.26011670785825e-07,-1.57767545722221e-16,-1.04959682178813e-06,-3.59569284485856e-08,-3.34368186953565e-10,-2.89364796850751e-06,5.12819178876161e-08,-3.17394985831279e-08,-5.67902749637771e-06,6.38102234593968e-07,-6.65060015182586e-07,1.74185805859497e-06,6.3668924027394e-08,-5.64909024093534e-08,7.29478968498959e-07,-8.82719467967636e-07,1.96844882373023e-05,-4.24382267596029e-07,0.000185333423984496,2.0343456092781e-08,1.14219962685411e-07,9.88271491249359e-07,-8.13501905610947e-06,1.91687762315427e-07,-7.31144819908894e-07,9.78812279418124e-07,-3.5461600328713e-06,2.20683719486535e-07,1.99180786028225e-07,1.51603961249736e-06,-2.54754330477622e-06,-2.03867182998269e-07,1.6538973952104e-06,-1.07763940874863e-06,2.6585394977279e-08,2.46561100905235e-07,-4.75604452560675e-07,-1.25183885309411e-17,1.38676205558001e-09,5.82903429361511e-06,-4.36869975168003e-05,3.81390338414408e-07,3.43459925396545e-07,1.00817909527074e-07,2.33775097838229e-07,-3.41523075437528e-06,1.26473464048969e-06,7.0020597446037e-17,-9.60631869241136e-07,-1.16975074504363e-08,-3.26246197801102e-08,1.08495739671952e-06,2.43721144582513e-07,-1.63945685110394e-08,-6.24113170002883e-07,1.65855237556324e-07,-5.4565162911852e-06,1.0266684922163e-06,-2.07767993760012e-07,-3.7492460842626e-07,-1.97982088333431e-08,-1.59822373972658e-06,-3.71957651003492e-07,1.55647517120447e-06,-4.0234381792786e-07,-7.00585373803416e-17,-6.11260200224189e-05,2.4136876659968e-05,1.68903411801799e-08,1.20018891998948e-06,-7.42505221645601e-07,-1.52701233441375e-06,5.35779212832088e-06,-1.94434325518177e-05,-1.34579682796317e-07,7.90887526622722e-17,-2.47022426852407e-07,-6.8290343237172e-07,-3.10100814517287e-07,1.3530285699951e-16,5.82255939946781e-07,7.58433945113075e-06,-1.15591942236638e-06,-4.72930532209417e-07,-1.57337903176772e-07,-8.40377648274053e-08,-3.00109252350822e-06,8.33996327588919e-08,8.85997179827307e-07,2.58651129706072e-07,1.8318296743824e-07,1.38257305631278e-05,7.50319125654975e-17,-0.00123168449597699,3.09449876840032e-07,2.09833877438207e-06,-2.12850158022966e-07,-2.95398236307037e-17,-2.05687098213079e-07,2.15298042245008e-05,-9.09610930449994e-08,-8.074419515366e-08,-2.03914509098537e-07,1.13200626799269e-05,-2.83622050592318e-06,3.88849518482852e-07,1.5281270425618e-16,1.41313858276178e-06,-6.93780452162404e-05,5.14144427452119e-06,1.715737431179e-06,-1.7434448818943e-07,-1.16997344967244e-09,-1.69833564458407e-15,-7.35154234716223e-17,-1.1273801466581e-09,-8.15548737737016e-05,0.000223865385256287,-1.89402012261592e-07,2.5884783127339e-16,-8.96398439537186e-08,-1.05672342687556e-09,-1.82441894524781e-16,-1.20118487029788e-16,-1.39917799335654e-16,2.2276379236494e-07,6.56473730575058e-07,-9.46432213583192e-07,5.5749048944342e-07,2.77822466506713e-07,5.70029794255602e-07,-1.72181046213646e-06,1.26842888702866e-19,-3.74817722908979e-07,1.36202305651703e-06,-1.66406894384245e-16,-3.59349330799344e-16,-6.57453263560398e-07,-5.09704186575931e-11,-0.000629642853280208,2.97826173295181e-07,2.84338055220231e-06,-2.03433564922697e-08,-4.3467706662415e-13,-6.84670543375498e-08,-1.79517172408484e-16,-2.35058266945524e-07,2.04936557317369e-15,-0.000685369860769185,-5.76680505991981e-17,3.23998168321154e-07,5.81688874090552e-07,2.6928858107705e-08,3.53858215602183e-07,1.21902404795471e-06,-0.000226528237959499,8.82695494009709e-07,4.40198742707877e-08,2.14140037991588e-07,1.97611818229144e-08,0.000496348870952609,-8.60174837944148e-07,-2.1297769499242e-07,-1.75636769426413e-08,-0.00066081114924261,2.72651742080035e-16,3.78878752604201e-06,-6.54572716229687e-07,6.43304044468924e-08,3.61824657038941e-16,8.50284535034099e-09,2.2991745399755e-07,8.21700674999158e-07,-9.59727681369694e-18,-1.38277074467918e-06,-1.05595045710396e-07,-1.8559586102246e-17,-1.39430217053538e-07,1.61132943174673e-05,-6.7426355315782e-17,-1.76003575389902e-17,-7.85809880933015e-08,-6.07792252635521e-08,-3.46245193875303e-10,-4.8025331195818e-07,1.27410360544028e-07,2.59970194828853e-07,3.60949832677305e-08,4.40749668760127e-07,-7.46541750144789e-07,1.13849580639614e-15,1.06683961219678e-08,1.05913677726555e-09,2.92220545458924e-09,2.73392430534559e-07,2.13883714592641e-17,2.42875713655481e-17,8.98913198412454e-08,3.93393474100897e-17,2.17061798093014e-16,5.63817850309013e-07,-6.29261737829716e-07,-8.14487762310776e-07,-6.7806760641014e-09,2.05705407930476e-05,4.51429782194134e-07,2.02729263139359e-08,-3.22421729920381e-17,4.92827133644927e-08,2.30229558794725e-09,1.05649369903657e-08,-7.40091869916688e-07,2.91658308275215e-06,-1.2351742327175e-16,-8.51900859708298e-17,3.27670117335023e-15,-3.66183543731555e-08,-1.21986938025114e-07,-1.02240758785771e-07,8.74081682574045e-17,-9.34459305504319e-08,-5.15453380953439e-16,1.15822907794787e-16,2.19453208170673e-06,-4.81833010933754e-08,-5.88650120487213e-16,-1.18467044519973e-07,-4.24529468015919e-07,2.7132013296745e-13,1.82746980691449e-07,2.95123406028485e-16,4.87584298190951e-08,2.25185022718042e-16,4.86433411245498e-08,4.2104666129481e-07,1.05830393019456e-07,1.43403888288998e-08,9.84434875582559e-08,-2.71341616420003e-05,1.35560915137163e-07,2.25596328206016e-17,7.99614556108779e-06,-3.47815680521586e-07,-6.75967955103602e-17,-7.11049557315854e-05,-1.34511433605788e-07,1.62887389735682e-06,-2.97599626525095e-17,1.00265776837577e-07,9.19682196781645e-07,-6.64171494767179e-17,-3.31141312398703e-07,-7.3244975491578e-08,-2.64603716713957e-08,3.1102849044962e-16,1.52000802812605e-17,6.81692547617767e-08,2.08726784084424e-08,1.68870928495905e-09,-2.43955281404499e-07,1.23789774740101e-08,-3.70514451929666e-16,-3.2222769460402e-16,4.51999582868846e-08,3.1156680428605e-10,2.65215787385318e-16,1.09270450195403e-07,2.42410353343306e-16,3.92007011857981e-07,-2.09285331177818e-08,-1.22288181553305e-08,-8.1085409856233e-08,-9.60480472325243e-16,-1.91223038733862e-17,5.37601438963191e-17,8.92255297990738e-19,-4.52354278115237e-08,-1.17490894611068e-06,-2.14522249835183e-16,-5.26125327532841e-17,1.67244631427336e-16,2.21025776944443e-07,1.48746679053998e-08,-1.09499112909761e-07,-3.45966707089675e-17,-3.37637376562446e-16,1.34051657818067e-15,-6.80807677032046e-07,1.44495392849469e-07,-3.23861233236724e-16,1.89917613216951e-07,-6.64424110901339e-07,7.28938544477531e-17,-2.59777328955889e-16,-6.64354002723939e-08,-6.80804400609634e-10,-3.29692456312856e-08,5.05711908181949e-16,3.72026727085732e-08,5.42719941762802e-08,5.83846665191743e-08,-5.34346874780263e-08,-1.90557130449911e-07,1.21716200821127e-07,7.91384567513902e-16,-3.51746441493635e-16,1.00801853176451e-16,0.000471249966557577,-2.52716183987248e-07,-1.53057422158174e-08,-1.23251431566982e-08,1.03836594892457e-15,-3.54065200874e-17,-4.11712978794311e-16,-2.56423059351038e-16,-7.09405436116469e-16,4.15008286911182e-07,-2.09213922411382e-16,2.98220223669072e-17,-9.79249301330641e-09,1.94539600152366e-16,-8.77024128866453e-09,-9.73613550891983e-17,-1.08821645571391e-08,-5.40412613390895e-16,-1.34165523512491e-08,-1.68736952760945e-09,-8.02009454548952e-06,-1.96375063092619e-16,5.50974311836993e-08,3.44965195544588e-16,8.02805194138169e-08,-1.02112992911743e-06,8.18420977744394e-10,-2.39717783040931e-15,1.22134046378191e-07,8.97064504975083e-16,-3.13363711702832e-08,-1.77295653103315e-07,-1.11514783687791e-15,-1.78258414303891e-16,9.38839833905983e-17,3.01404615117945e-17,-6.22390073331317e-10,-8.2151001880151e-09,-1.86541686657414e-09,8.39993833275903e-17,3.92704321952037e-16,-1.52556313096662e-07,4.50871004693533e-05,-1.21725681333177e-15,6.99556563738962e-16,-1.15608761438874e-08,-5.76654552902803e-16,-8.72635304601678e-08,-9.95119125668954e-15,1.0660595020002e-06,-7.36311435341794e-16,3.74652938982033e-15,1.06999232506133e-15,-1.54152511107779e-15,9.77134120874089e-16,6.5318371947711e-14,0.00898834087012012,-0.294997558460277,1.78063584910686e-15,1.64665823151024e-07,-4.10258643198008e-07,1.75625668119815e-15,-1.95274286764879e-15,3.10384199911935e-15,-2.68187198505502e-15,-1.19900457009523e-08,-1.50581688776636e-09,-3.84553952736558e-15,-1.85219903036368e-15,1.30268118245559e-08,4.48207497712976e-08,4.14429986792967e-09,4.73466121547045e-16,-8.75272316919142e-16,-1.51768160676536e-15,-1.2732214632235e-17,1.34094241109708e-15,6.38217177977386e-16,3.3693096443982e-09,-4.44870512348423e-09,-1.07745237250884e-09,-1.48946092222836e-16,-5.75668030543761e-16,1.43106255808936e-16,1.70399226822195e-15,1.81770811575422e-15,-5.58574510186417e-15,1.26622466091004e-15,-6.6220427648517e-16,1.2453137121982e-17,1.48282749739973e-15,1.23824418589849e-15,-5.69765832234879e-16,-1.79383481103928e-15,2.43839893845525e-15,9.04312707304776e-08,4.74499138273212e-16,-2.02884487938438e-15,3.10188867158234e-16,1.79529814169397e-07,-3.1593128803958e-10,-2.00174553823339e-16,-6.90813270132638e-06,1.74111491049932e-07,-6.75525873453385e-16,-8.01182864622519e-15,-5.08058906210627e-08,-1.42192247168228e-16,4.67714745532200e-09,-1.2144186459248e-15,5.89775216672761e-16,-6.25841099785544e-16,-5.22739302662958e-16,6.94779205430407e-10,-9.56506619816618e-08,-9.98599523137972e-15,1.98882580883227e-14,1.01074470928873e-15,-0.434354974616821,-1.02247439160822e-10,6.5345676583233e-14,-1.24018013560017e-14,1.20892325297314e-15,6.27746893010036e-08,-1.02977199153717e-15,4.77230045358364e-16,1.38518089215611e-16,-2.19653713979369e-15,6.26953632222176e-15,-5.51734952677483e-14,-2.39904330393167e-08,-1.02914009130943e-15,4.27324322597776e-16,1.78727267114969e-08,-7.9355437763289e-16,-3.42770854605994e-15,-1.90409545917673e-17,-3.2729444676357e-15,1.0099505958459e-07,-3.49656671689646e-17,-1.07406878355926e-08,-2.71604028399542e-16,1.12045714904144e-15,-3.35742230403116e-15,-2.51147005806578e-15,3.69100493891558e-16,1.07818262333646e-15,3.83324232560904e-10,6.5010288168599e-16,-7.09365514112038e-16,2.14031578268333e-05,-4.72099227933169e-08,1.73442394166517e-16,3.27604430295724e-08,4.78066808340464e-09,6.20975705663798e-17,2.85996774942621e-15,6.32897516571395e-16,-3.66806101084779e-16,5.05801695786348e-16,-7.49259259924684e-09,3.14534555822981e-16,-1.75636713736169e-15,2.33619109248159e-16,2.93136440439452e-09,6.50412772644405e-16,-1.59904525422899e-15,1.25077940871079e-15,1.71572299151912e-16,-1.29038821230411e-09,5.2447679964441e-16,2.64855329951234e-09,3.88934066104591e-17,4.82049386560835e-16,-2.34002522453879e-16,1.02661188901808e-17,-2.09423076773185e-16,-6.89281311589619e-16,-2.33029341403166e-16,-5.53971402698034e-08,-3.15264148364595e-16,2.36619887525221e-16,1.76345214741601e-08,-4.52773945631815e-16,9.78216923798858e-17,-4.52232470004893e-16,1.54683086805924e-16,7.46557152631655e-16,2.44714364585466e-16,-1.72286422042534e-08,3.58299717439411e-16,-6.65896063523945e-16,3.40948636989736e-08,9.93457177039859e-16,3.27696570834686e-17,1.10245917324597e-15,4.7686528649548e-16,2.7048256548439e-16,1.72338101954828e-15,-1.97464969163922e-16,-2.92780258428909e-16,6.55826212251123e-17,1.5911226262417e-16,1.85850668705951e-16,-1.50004716907832e-08,6.26991402330652e-08,2.883825686339e-17,3.51328517176767e-16,4.02592929451814e-16,-2.4761338784442e-16,1.89322407722717e-15,3.28965159424006e-16,4.19573598204085e-16,1.0854673161156e-15,-5.169053013695e-10,8.00371362418553e-16,4.36481560544567e-16,3.4645743780514e-17,-5.02173459468533e-17,5.48691876862708e-10,-4.77934544231124e-16,-6.32091486120989e-07,8.35014824420034e-16,3.63455755193617e-16,-6.7245169482965e-16,-1.35409828721466e-16,-2.6707008889524e-16,5.30333222900063e-17,-3.41542912666503e-16,5.35172610928893e-17,-2.60473241863889e-16,-4.57198233757982e-16,3.48684858913602e-16,1.44928990438034e-17,-9.105532576444e-17,6.70022044951832e-17,4.82011162138635e-16,1.10670826863289e-17,-3.48149731034327e-16,1.6953528665695e-16,-2.48761756402407e-16,-4.33359473944e-17,4.95159990740918e-15,8.26791891024612e-17,-1.37511382849996e-15,-6.36746206055103e-16,4.04057617893236e-16,-2.78213952056725e-11,1.03855369293243e-16,-7.35569791376587e-16,-2.79878679162543e-16,-6.59271871857357e-17,8.04665583369675e-16,-1.22797415318664e-16,-8.7613179134065e-17,2.83467637793614e-16,1.73918919231405e-16,1.63633148773951e-17,1.26629186370765e-15,-2.78567130803872e-16,-1.26325223723377e-18,-1.68248655621983e-16,-1.75048434093635e-16,1.2130449143662e-16,-8.28587617966168e-17,1.23136757279716e-09,1.61899608960641e-16,-1.70306273977577e-16,7.15634440370874e-17,3.27488222385296e-16,-5.6577453583217e-16,-1.10123336573029e-16,-1.21932085476325e-16,1.91348491962951e-16,8.73898123436447e-17,-6.07204608745919e-10,1.45388667319109e-15,6.37710392126039e-16,-3.6872482494813e-17,4.55741043631155e-16,2.46256494562441e-16,-4.26400604197925e-16,6.93552607101395e-16,-2.92776865101287e-16,2.3233023543609e-16,-1.30610329217175e-15,-1.91356146508746e-16,-5.28232808738756e-17,2.80107122292341e-16,-7.24761785646794e-09,-1.55595422084687e-16,2.2976304014096e-16,3.82504144327572e-16,1.88548132433794e-15,3.64113852860591e-08,-4.0586741177761e-16,-2.38614986002719e-16,-2.36779361586791e-16,-4.87542848340499e-16,-8.04176625987391e-17,2.2522500522753e-17,2.42695141777268e-16,8.37767583292673e-16,-1.00993204460553e-16,2.41418115404731e-16,9.28816659608422e-16,9.92086876537519e-16,2.35529845978753e-16,7.93227882860693e-17,-4.33989176720476e-16,2.87371184926461e-17,-8.97080085926585e-14
"t579",-0.0449657637221054,0.0426266983973748,-0.0702541417426798,0.0350222065034437,0.0106551969024919,-0.00570530087511519,0.0379520960219317,-0.0877531344568755,5.33424990307096e-05,-0.000326047377547862,-0.000194845174141629,0.0113868690570459,-0.0189616184203896,0.00275309264825791,-0.000679564451271178,-0.0981174097612374,0.00223619746829396,-0.00458612271030491,0.000307169076551543,-0.000108855442681525,0.0092164624425771,0.0382640465724842,6.12021871218065e-05,-0.000357553755203621,5.20605073513211e-05,-1.77914488313919e-05,1.98777171584561e-05,-1.7163583871088e-05,0.000206877544437694,0.000293824827596759,-1.13537167465367e-06,2.21224488458158e-06,-0.000820085393335997,2.22353960942067e-06,-1.34741034137978e-06,-2.37108186964346e-06,-9.57473288522679e-05,6.93543409525394e-07,5.68298398745162e-06,1.58994368872669e-06,8.63760510479089e-05,-1.17163344068533e-05,0.000103205832705255,-1.21299874080859e-05,0.0027943840594121,-7.2055076244947e-06,1.04485308794324e-05,-0.000218148243232334,2.0099733314645e-05,-4.9446122912834e-05,0.000571145231620424,-8.55081475149668e-05,1.32755943905192e-07,-0.133260663734822,-6.42094900967072e-06,5.67967611553795e-05,-2.81201841953392e-07,9.97551487147436e-06,-3.08636728629705e-06,-7.12807763582768e-05,-4.40377471061848e-06,6.45190326486341e-07,-2.42282593392024e-05,1.33012198690585e-05,-1.15458967347826e-06,3.11305112177463e-05,-2.47462204430699e-07,9.67085964126438e-06,-2.77000371487785e-05,1.18373480429189e-05,-1.56410418318071e-05,0.00316769732023057,-5.13872111576587e-06,-0.000573926097265063,0.000286765208683305,1.30731917528196e-06,-0.0363489597580874,-3.62937649172013e-05,3.91811313605394e-05,3.60858681973505e-05,-7.86882530013927e-06,-0.000112126516343891,1.09075321063852e-05,6.63917764603375e-05,-4.9490763571389e-06,-0.00113172214478853,0.000782238705632491,1.64433951989856e-05,7.06076624139695e-06,-0.0110817910868526,-1.31986223958905e-05,-0.00547199569926404,1.01965578104462e-06,-2.29074600787141e-05,-1.96123156620677e-09,-3.05704152562934e-06,6.92606585186318e-08,2.28275017645616e-08,4.90659999640352e-08,2.4335827887122e-08,-5.40048722725764e-10,6.2535460001176e-10,-2.97358795609814e-09,3.12511049815189e-08,-1.47649804708258e-08,1.76288995359767e-07,-9.24287187441487e-07,2.51739282271471e-07,-1.53581995325796e-07,1.81753215183904e-06,1.77331802711163e-07,4.75684822602726e-07,-1.06245921616028e-06,1.2260814697047e-06,-5.01200676342522e-09,2.13835629730378e-07,-3.30452733819439e-07,3.97943197109055e-07,-4.59682305809813e-07,1.26843335674916e-06,-6.64386504325289e-06,1.88424610716498e-06,-6.91983150989452e-06,-2.33933900347357e-05,0.00566371151300297,1.3603423134813e-07,9.30608344531842e-06,-1.4955477830882e-07,5.61409520083836e-07,1.85806458251352e-05,-3.16477012716702e-07,2.18258496896024e-06,-2.71623792343584e-06,-5.60031682944308e-07,1.80895123694976e-06,1.0605031789768e-06,-8.19240066503356e-09,-7.6082718206411e-06,6.3700206488708e-06,-1.93808866422526e-05,-1.93754234332077e-06,-0.000107101417910878,7.3241390122358e-05,0.000348656524048702,0.20947290186054,1.21109007498149e-07,1.57935696787278e-06,-1.1431753500457e-07,-6.37609157609765e-09,1.52834719836622e-08,6.4130027887242e-05,3.73843778659404e-08,5.90911768294063e-06,-2.57334326358246e-07,2.18395834336258e-08,1.32047340163398e-09,-1.3954628993395e-08,-4.69104951979521e-06,-2.69941698883684e-08,-9.19926315720346e-09,-5.16565595564886e-06,1.03386243082557e-07,-6.77938576794328e-08,-9.12539645527759e-06,1.27263747491967e-06,-5.48652500164521e-06,1.958611986039e-06,3.5209432625637e-08,1.77422378735252e-06,2.96969555933048e-06,-5.07599595097773e-05,-1.28144688925642e-05,0.268521263828751,-1.17850334654644e-06,-6.23933348393282e-06,-1.18889775012631e-07,-4.35719941762012e-07,1.23131957855404e-06,5.67215512692186e-07,8.57666958303171e-05,-3.92696122972369e-06,-1.0166583042046e-05,2.32951609518803e-07,6.96941386261805e-09,2.50727226184868e-08,3.64148005553855e-08,7.04180746298227e-07,-1.22428076701101e-07,-5.51688069067639e-07,2.57864882429256e-05,5.17941928194856e-09,-5.57780476889247e-09,-1.68464649371279e-08,-1.17803138130119e-10,-6.2641454036735e-10,-3.36028891511496e-09,-8.77885619543751e-09,-0.000276592988339797,-3.76942170178188e-10,3.7660151475999e-09,3.85165585146433e-09,7.74315161968335e-07,-1.46450059889535e-10,-2.57606047488893e-07,-5.64415976720945e-08,-2.63421250973667e-06,5.0245509295653e-08,0.000104959628859883,-1.89917334367091e-07,-1.05130723691675e-08,-1.13029243297401e-06,2.60725083866295e-06,-7.2742469785399e-06,-1.21000742363354e-07,-6.42844880539606e-07,-9.05116762516945e-08,1.10249852968913e-06,1.22635246191721e-08,-2.38433565950709e-08,-1.23860626118984e-07,-6.85939225579443e-07,7.68265999471787e-06,2.26879071992336e-07,7.54733798765799e-07,-2.04870693447098e-07,-1.06139150787163e-07,-1.12346115100724e-06,-8.36685473036727e-08,-1.37938257137082e-07,-1.1670349362305e-07,3.32488746727428e-06,5.39305971310073e-07,4.32302988750362e-08,7.30141830219044e-08,-4.26392967334021e-09,-5.77669712526993e-07,-4.38668091094511e-07,-6.72384233388966e-17,-1.12334729994757e-07,0.000202583340642499,-1.69256268113977e-07,-5.47197639779255e-06,-9.59476818289943e-07,9.06790937902778e-06,-1.24457152794434e-06,0.010362978485407,2.23482555026476e-07,-2.46892314209315e-09,2.49088427982851e-06,-2.14449887811455e-06,5.68209468581076e-08,-7.30567477099476e-06,2.56284187563912e-07,-0.0374531960117982,-2.59448523658156e-09,-1.99530488267711e-08,1.90506732954979e-08,-2.07395179808213e-06,-5.93812809168149e-09,8.7115828316656e-10,-1.1035861412064e-08,1.67627049384158e-09,-1.32909832699153e-07,3.26592239253116e-08,1.35603718994459e-10,-6.32354879214652e-11,4.75086795839446e-10,3.41853401343546e-08,-7.95384817556009e-08,6.20974195911998e-10,2.62309146301554e-10,-6.61898361025273e-10,5.87755881727844e-08,-9.52406958269683e-06,2.40850031361456e-08,-3.5184204510423e-07,2.22016690570098e-06,-2.13443308123218e-08,5.40730960964139e-08,-2.01545048878487e-08,1.11147061827429e-08,-1.89968350245041e-16,-2.86934900842958e-08,-9.88591839776675e-10,-9.35912844200671e-12,-8.41833651750412e-08,1.53665015314198e-09,-9.63494706914687e-10,-1.73465620213796e-07,2.0866718986669e-08,-2.18300393423067e-08,5.72323328233678e-08,2.12610060491391e-09,-1.96191829699772e-09,2.54847230964692e-08,-3.09608027748376e-08,6.98971174416759e-07,-1.56433502143472e-08,6.91277183042836e-06,7.59267649961442e-10,4.26375801670792e-09,3.76640016070087e-08,-3.13671855049749e-07,7.39589259099651e-09,-2.82271278966789e-08,3.77976457857639e-08,-1.36932596896472e-07,8.50183795317837e-09,7.6710083458382e-09,5.8350030618923e-08,-9.80049177552024e-08,-7.82903258852106e-09,6.33657349016577e-08,-4.11835202666643e-08,1.01476949696645e-09,9.39054748646153e-09,-1.80174392515044e-08,-4.84054804402113e-17,4.98760162086273e-11,2.08159343125865e-07,-1.54247378866558e-06,1.34611927956403e-08,1.21179554961193e-08,3.54665003357316e-09,8.17741016460132e-09,-1.18631189561832e-07,4.32743920097006e-08,-3.67346558934616e-16,-3.16028952848834e-08,-3.82762672387893e-10,-1.05491370032704e-09,3.50309874608193e-08,7.62144539109441e-09,-5.02910176721733e-10,-1.859251219705e-08,4.83490417980039e-09,-1.51054879433354e-07,2.69240544728429e-08,-5.24327063415115e-09,-9.24522338150944e-09,-4.80948084230486e-10,-3.77605337059665e-08,-8.76033527748269e-09,3.59027388606735e-08,-9.12636074407796e-09,-6.13849200004575e-17,-1.19915784531776e-06,4.5702046336382e-07,3.19695687697147e-10,2.02679050322021e-08,-1.22999621651875e-08,-1.87879713318864e-08,5.87255648102541e-08,-2.07804066824538e-07,-1.29560835457749e-09,2.23179221385595e-16,-2.06539711315699e-09,-5.37641989885357e-09,-1.84614225996645e-09,-1.00755465301747e-15,2.13415763725941e-09,2.33958708766806e-08,-3.20936257988433e-09,-1.00356558601178e-09,-1.51738320042994e-10,-2.9942806985629e-12,2.20297804791358e-09,-2.76297472713399e-10,-3.24046185856045e-09,-1.52357958553221e-09,-2.11622600499394e-09,-1.65188943728286e-07,2.66718856660935e-16,0.00124551638197679,2.19362414238603e-08,3.45859185990692e-08,-5.45183131842746e-10,-3.81905529688493e-16,1.78034913197312e-09,-3.75208427818532e-07,1.93133270628271e-09,1.85889951656294e-09,5.13708005556532e-09,-3.31846997533212e-07,1.03111925236297e-07,-2.19277997032628e-08,6.48618357733801e-16,-1.11122889249947e-07,5.61012545446479e-06,-4.40703319000048e-07,-1.59573419262012e-07,1.6318420448017e-08,1.12122811949446e-10,-1.99744808127591e-15,-1.12329861246603e-16,1.25629875253679e-10,1.48901011227634e-05,-0.00278451104604197,2.24612771566157e-08,-4.61382398467588e-17,1.37596230016685e-08,1.78448475491386e-10,-1.41105979638536e-15,-3.84446976681754e-16,6.18698460752455e-16,-5.05602739707437e-08,-1.54836686186112e-07,2.55571024140324e-07,-1.69543061883397e-07,-8.57015423241648e-08,-2.00856178701498e-07,6.16354450101231e-07,-7.5442048533537e-17,1.80580189522064e-07,-7.36955191319505e-07,-7.9958096311578e-16,-5.8258655811411e-16,6.1906176249269e-07,5.71019817635347e-11,0.002258911830536,-5.24796042833415e-07,-8.87778205106376e-06,7.18355901926053e-08,9.91378183645779e-11,2.93246158990628e-07,-3.14676167806681e-15,2.43553639878582e-06,-1.57230739322361e-13,0.477924898442389,3.77267776605206e-14,2.89064811426137e-06,4.34206096363918e-06,7.13160210273099e-08,8.6443545315335e-07,2.92400450461463e-06,-0.0416329094283469,1.25394079612588e-06,7.12667732191139e-08,3.4760833337955e-07,3.72943665850403e-08,0.0741991133803943,-1.26037105576689e-07,-8.64924109498364e-08,-9.03746841784446e-09,-0.0023847782163952,-1.46619170215222e-15,1.64193918371489e-06,-2.89066166425522e-07,2.67187761226935e-08,-1.33330475135189e-16,3.44963369599537e-09,9.0034224719296e-08,3.1703881352498e-07,-1.96332959163259e-15,-5.29515292113515e-07,-3.9275693269248e-08,-7.79235830318074e-16,-5.11468099762423e-08,5.4764005413512e-06,1.57015260600632e-15,3.07443453772164e-16,-2.60036562018549e-08,-2.00662812843297e-08,-1.13096945988562e-10,-1.54975988977364e-07,4.00532381930617e-08,8.15476912383785e-08,1.12877652138847e-08,1.33540447459514e-07,-2.20884303351684e-07,1.18852200750255e-14,3.12974299075233e-09,3.10267659073137e-10,8.51773875585747e-10,7.92199882516476e-08,1.89488972551421e-15,-1.09623537389822e-15,2.58426687566419e-08,-2.93636193519363e-15,9.7968960621933e-16,1.54979091532248e-07,-1.7176636754094e-07,-2.22294548490837e-07,-1.82402516871057e-09,5.52313824766098e-06,1.21159252796864e-07,5.4271132146853e-09,-1.69291464058809e-15,1.28653355782732e-08,5.98094094698122e-10,2.74027335339821e-09,-1.90518508501514e-07,7.41452506422789e-07,-8.874438418054e-15,4.44579921306334e-15,-5.061572474584e-15,-9.16986748122577e-09,-3.03856375434626e-08,-2.54576106368964e-08,-3.16010259898845e-15,-2.31679613818977e-08,2.40128860480552e-14,5.79118759988742e-15,5.4027632727189e-07,-1.1863242198599e-08,-3.13799784393571e-13,-2.92422784531115e-08,-1.05063245693959e-07,-0.602410218629623,4.56171470232299e-08,2.85070397160566e-14,1.23984956774427e-08,-4.70403173427005e-15,1.23971526270927e-08,1.07503384056453e-07,2.70793391084085e-08,3.68095355737989e-09,2.54696704086756e-08,-7.32509795788546e-06,4.15554891507183e-08,-1.00537244691291e-15,5.67345860715577e-06,-3.79245267758192e-07,-5.19184814924571e-14,-0.154044694049282,3.87807714193757e-08,-9.37763376780496e-08,-2.87047807478178e-15,9.87158473792554e-09,9.99143668041138e-08,2.4262720652847e-15,-3.94160092197111e-08,-9.0227768708235e-09,-3.56791493840224e-09,6.49191148047847e-16,3.33014822265569e-15,1.01963785079053e-08,3.19473443301956e-09,2.5946617914855e-10,-3.91022533216903e-08,1.98930363291482e-09,-1.66396764370487e-15,9.86729588237728e-16,7.27357461633202e-09,5.01456537171056e-11,-1.20734760328449e-15,1.76141539989545e-08,-7.89471705813978e-17,6.32433197070534e-08,-3.37716856811919e-09,-1.97328359009395e-09,-1.30825613958495e-08,-2.5939394653919e-15,-6.67149942367973e-16,-6.3134720889727e-16,-1.41214843610236e-15,-7.27084482464825e-09,-1.88754023677167e-07,-8.37504818145354e-16,5.00764256083316e-16,3.1610939649399e-17,3.54384530151667e-08,2.3826864076774e-09,-1.74902692334968e-08,-1.05937173658514e-16,5.10441658205125e-16,-2.59937537060822e-15,-1.07427429852577e-07,2.27894881611884e-08,6.27526173119306e-16,2.97812639778416e-08,-1.03932458052012e-07,-1.37983468100677e-16,2.35811484087235e-16,-1.03284999415626e-08,-1.057870355063e-10,-5.10335529898791e-09,7.71991961744389e-16,5.71981324722718e-09,8.31159305506993e-09,8.89090175983046e-09,-8.07135558832851e-09,-2.87193988437793e-08,1.82664696723303e-08,-3.35860431219278e-16,-7.77078953759698e-16,-1.8774334307406e-15,0.000164216115350344,-3.03970171588376e-08,-2.17731761664063e-09,-1.73624750099344e-09,6.48161587047029e-16,-5.47258365717807e-16,-9.57608772640761e-16,3.28395592487644e-16,-1.93401178993885e-15,5.68656124880153e-08,8.47557935110238e-16,1.37158037442972e-16,-1.32489688144393e-09,-7.49475231430762e-16,-1.18574977737405e-09,3.47486796281604e-16,-1.4695300285633e-09,-9.97928504927863e-17,-1.76706783401827e-09,-2.20795559981377e-10,-1.03854096758414e-06,-5.01144293778295e-16,7.03742989276577e-09,-3.6952403612336e-16,9.91124443450072e-09,-1.19347984922288e-07,9.53948912596435e-11,-1.37867830957642e-15,1.38570932617524e-08,4.88428706165297e-16,-3.38201610309647e-09,-1.90827778658095e-08,2.96612370495361e-17,9.04425875140133e-16,4.24023544912435e-16,-4.02564625527171e-16,-6.36863871514e-11,-8.2804345195899e-10,-1.84568195063033e-10,1.13489682419196e-16,-3.13436552987772e-16,-1.35418611766049e-08,3.97918195043689e-06,-6.23646592002142e-17,-4.09535200686383e-17,-8.22855646150903e-10,-5.52693684890873e-16,-5.81776198868765e-09,-2.72719314952318e-17,5.45685603880023e-08,3.92451446432864e-16,-2.73041744452422e-16,9.13867212223413e-16,7.64789750233375e-16,3.91664947731917e-16,4.42537557757499e-15,2.19519056646418e-05,-7.31782344654246e-05,2.40635083308449e-16,-4.6899747641424e-09,1.78493043745489e-08,7.75487395967764e-16,-6.42050861331068e-16,-4.92348186797818e-16,-2.07092406085944e-15,1.74694411380599e-09,2.7871975417233e-10,-6.99138819020524e-17,1.60513882638417e-16,-3.15636575318639e-09,-1.12552722051933e-08,-1.17646258791668e-09,8.77069885767021e-17,-2.08704821275053e-16,-3.84148235431769e-16,-5.34883980901255e-16,-1.07596107180761e-15,-3.82667587634966e-16,6.49486759942907e-09,-6.12927531690842e-09,-1.17592050275133e-09,-1.16853707917265e-16,9.2417348141808e-17,-4.59168051006762e-16,1.03384600981609e-16,-6.5199601295051e-16,7.61608096734968e-16,2.00020244487797e-16,-4.018873348714e-16,-1.2578263986992e-16,2.28297163616752e-16,-6.28318274252562e-16,-4.83246498870536e-16,1.03940230609984e-15,-4.17931684957809e-16,3.19117326898219e-08,3.50719977648372e-17,7.67312523455737e-16,5.13898085859413e-17,6.01417461125103e-08,-1.04690633513798e-10,-2.99270632388514e-16,-5.395945832595e-06,5.43951855972317e-08,-3.97319595993603e-16,4.78124885639785e-16,-1.50276414439287e-08,4.99221758074197e-16,1.30876590572611e-09,2.58578425614006e-16,4.64815080402753e-17,-5.0722938211563e-16,5.75232237413113e-16,1.81399737587246e-10,-2.48719959552381e-08,7.64086149248556e-16,-1.35763415094811e-16,-5.64354890887481e-17,-1.11448804871608e-15,-6.18881355560481e-16,1.94775416189291e-16,-2.1710366074064e-16,-9.11234095322261e-16,1.40680081978316e-08,3.56163645551046e-16,-5.45714704381709e-16,-1.10523149804309e-16,3.48302199464296e-16,2.19471359318142e-16,2.24695247066204e-16,-5.25888082959849e-09,-1.03123015789563e-16,1.40336007540863e-16,3.90286358886196e-09,3.23715961113421e-16,-4.41056821514122e-16,3.32565809945282e-16,-1.47283237793953e-18,2.11884041463472e-08,-1.41000639638047e-16,-2.23970629492631e-09,1.73894644274752e-16,-1.68225553174834e-16,1.10331069422595e-15,-2.05561923884591e-15,-1.40257686742132e-16,7.40778907258972e-16,7.92065887326156e-11,-9.43103299425582e-17,-5.18112250885595e-16,0.000419323848243485,-8.11791560643613e-09,-2.64844864398097e-17,6.53613458169581e-09,9.53156627405911e-10,5.45109638408674e-16,4.61929384322768e-16,-2.59400871384174e-16,-4.2521231294365e-17,-3.73594686316646e-16,-1.44494521116412e-09,-1.09557878971166e-15,-9.17086235640663e-16,2.08031937977501e-16,5.59791974420306e-10,1.03183509692481e-15,-4.50766733349594e-16,-7.13578087398448e-16,1.06953849671776e-16,-2.43117330418067e-10,1.04684540634793e-15,4.96853196263807e-10,2.59420128494011e-16,7.13960231255485e-16,-2.82141098912236e-16,-1.35233812657374e-16,-1.61098294190198e-17,-6.51008974900881e-16,9.32070922977225e-17,-1.01404274447028e-08,-6.12227123408373e-16,-2.57451042476424e-16,3.20656910400088e-09,-2.98383556269879e-16,-2.8392589255226e-16,-5.67374740722854e-16,5.39141177169285e-16,-3.94674054126588e-16,-3.81195549590416e-16,-3.06115045829971e-09,1.57830735746841e-16,2.50796873312547e-16,5.98687949448886e-09,-2.90671876051973e-16,-1.49267887676848e-16,4.85548137101716e-16,-2.2016829019545e-16,6.54073294109763e-16,5.56671061736626e-16,3.32532531409935e-17,-1.08890991368501e-15,6.04539521167657e-16,4.5531629614721e-16,3.98679555164856e-16,-2.48859739558208e-09,1.03089826649684e-08,3.21464423217228e-16,1.81650877182786e-16,-1.71275280444763e-16,5.14255478761143e-16,2.43505287527583e-15,3.70490102630201e-16,6.34896149659706e-16,-1.20165499688281e-16,-7.99912781795393e-11,1.90290799960961e-16,-2.82995001116813e-16,-2.90831748399634e-16,-5.52094531590394e-16,7.80413513657121e-11,2.20183234632291e-16,-6.82527880388832e-06,4.43509419935519e-16,-6.07925548999609e-17,3.01053435845086e-16,1.15366133774431e-16,-1.22545939302922e-16,-4.56324858343683e-16,8.58495837272821e-17,-1.18979304549554e-16,5.0478701778118e-18,1.66218015421184e-16,-4.70489340436072e-17,-1.00866212108654e-16,-5.73850553172242e-16,-1.79436949310772e-16,6.83672766220939e-16,1.52772306630184e-16,5.05114077885927e-17,-6.5174785900082e-16,-5.33798507548847e-16,-1.43949909001055e-16,6.7271025238192e-15,2.95291235126869e-16,-2.81027224421902e-15,-2.86115223473291e-16,4.00262910289537e-16,-8.4915154949114e-12,3.08986420327501e-16,-3.34568656355022e-16,-2.35643230525135e-16,-4.07234031084173e-16,-8.81130664619722e-18,5.66380442276874e-17,4.8495398815553e-16,-1.36552283827271e-16,-5.35466965560534e-17,-3.81755722859282e-16,3.09771153396355e-15,3.09829388204011e-16,2.29997071153924e-16,-6.76346940153285e-17,-3.90894816639523e-17,-6.47446013618923e-17,3.55375756322024e-16,2.8597740343634e-10,2.76066097723365e-16,-4.09914954096874e-16,-1.16870893540893e-16,-8.62433266351725e-17,-3.88522800042144e-17,-7.03940866443341e-16,-2.30677563376621e-16,-3.90444696902195e-17,-3.91393867025954e-16,-1.29864591948619e-10,4.00533964570123e-15,-5.99737058683831e-17,9.3966841426288e-16,1.29721450364763e-16,1.53665629032179e-16,4.38467468793762e-16,-2.80494624659581e-16,7.74781768025129e-17,1.7983465935706e-17,-6.27934833282061e-16,-1.88645641077532e-16,-1.70350796371304e-16,-3.84542668161305e-18,-1.48645220775795e-09,-3.42837137272933e-16,-1.37456235679881e-16,-5.13046850145456e-16,-1.54678790840624e-16,7.36654945253182e-09,7.24521773255778e-16,-6.48551827419489e-16,-4.20768470257581e-16,4.49088385671309e-17,6.34396829720954e-16,3.11028698621147e-16,-1.98273823746647e-15,6.1366299423992e-16,-3.12954729181469e-16,-2.03104775314326e-16,-1.44179139053113e-15,4.54539439419207e-16,1.12099776024766e-15,1.30295336015321e-15,2.17481809071414e-15,-6.39890361279159e-16,5.54554905301084e-15
"t309",-0.0449710011334783,0.042637177788024,-0.0702719733834727,0.0350341323034364,0.0106596432565578,-0.0057080963730285,0.0379710590920658,-0.0878004896197982,5.33765332770214e-05,-0.000326300000046565,-0.000195037133773833,0.0114007245588317,-0.0189853744417805,0.00275659475402632,-0.000680467099627373,-0.0982555400206557,0.002239421900492,-0.00459285720992376,0.00030763074514803,-0.000109033423843994,0.00923278450913386,0.0383461480643679,6.13410412881008e-05,-0.000358369708799677,5.21797905822067e-05,-1.78342060546236e-05,1.99260676408994e-05,-1.72057169246931e-05,0.000207399372351549,0.00029470427242012,-1.13900312564298e-06,2.21965394076092e-06,-0.000823037740631405,2.23193903945585e-06,-1.35277086033212e-06,-2.38130215458755e-06,-9.61655066147413e-05,6.96622799393493e-07,5.70839635087092e-06,1.59716410118039e-06,8.67801233289779e-05,-1.17725375658256e-05,0.000103708657975977,-1.2189161127846e-05,0.00280826580205016,-7.24371103838064e-06,1.05050108664955e-05,-0.000219338131194534,2.02121383527843e-05,-4.97300841151204e-05,0.000574540973174417,-8.6024683183112e-05,1.33559750422198e-07,-0.134083454908057,-6.46211191400321e-06,5.71629155640679e-05,-2.83200129215182e-07,1.00482364447376e-05,-3.10893483011511e-06,-7.18346024402339e-05,-4.4395406219227e-06,6.50544007391404e-07,-2.44327832994458e-05,1.3413985683306e-05,-1.16469081771268e-06,3.14105080922405e-05,-2.4982384852973e-07,9.76557128363003e-06,-2.79745420906808e-05,1.19571526394947e-05,-1.58170947978867e-05,0.00320616557253794,-5.20183749180642e-06,-0.000581140488363514,0.000290380308039512,1.32396357991082e-06,-0.0368135600416797,-3.67666000137297e-05,3.97136386421425e-05,3.65845973605636e-05,-7.98068811127183e-06,-0.000113730165286181,1.107046320424e-05,6.73963431307683e-05,-5.02811062758481e-06,-0.00115005735160705,0.000795096048946218,1.67142977887925e-05,7.17716193720172e-06,-0.0112647512521369,-1.34177218523762e-05,-0.0055675397209965,1.03754079638054e-06,-2.33216366832825e-05,-1.99854256533214e-09,-3.1156391899682e-06,7.05887192299481e-08,2.32735932759481e-08,5.00315613778451e-08,2.48273979009828e-08,-5.51188640706893e-10,6.38277978091242e-10,-3.03516765273517e-09,3.19600122911095e-08,-1.51021438706728e-08,1.80335425573237e-07,-9.45697379181659e-07,2.57585411665205e-07,-1.57164685952603e-07,1.8602192254278e-06,1.81505856385043e-07,4.87028412147845e-07,-1.08783480988856e-06,1.25637004597699e-06,-5.13670459664764e-09,2.19238768167478e-07,-3.38860290038373e-07,4.08260006687567e-07,-4.71814821068968e-07,1.30236235009103e-06,-6.82292725763617e-06,1.93635775195383e-06,-7.11439278067114e-06,-2.40515431895541e-05,0.00582343155815487,1.3993531549482e-07,9.57332639057134e-06,-1.53911318509675e-07,5.78434305911465e-07,1.91443552649982e-05,-3.26109505149296e-07,2.25079395047699e-06,-2.80156119775498e-06,-5.77688929168924e-07,1.86685424911559e-06,1.09451991118389e-06,-8.46359298558674e-09,-7.86650327070545e-06,6.59361212547345e-06,-2.0061807451934e-05,-2.00600377004549e-06,-0.000110896728077345,7.58489082524784e-05,0.000361091316771799,0.216943904854715,1.25483469777972e-07,1.63784640769114e-06,-1.18658680296553e-07,-6.61972750003316e-09,1.58754733560652e-08,6.66167713292475e-05,3.88415271842479e-08,6.14014037264389e-06,-2.67429809900267e-07,2.27236811913024e-08,1.37419467754263e-09,-1.45243496472951e-08,-4.89816968250692e-06,-2.82084329645241e-08,-9.61424747754806e-09,-5.40235842750973e-06,1.0813881295666e-07,-7.09729592907345e-08,-9.55435163275834e-06,1.33362301404965e-06,-5.75433949837783e-06,2.05938963988858e-06,3.70244178133871e-08,1.86572510999284e-06,3.12394149786916e-06,-5.34183640842684e-05,-1.348638925212e-05,0.282832574147506,-1.24163481981851e-06,-6.57726053285395e-06,-1.25346295305215e-07,-4.59415129890466e-07,1.29999917629582e-06,5.99684428100495e-07,9.06980687701589e-05,-4.15370882191397e-06,-1.07609788128298e-05,2.46636664083623e-07,7.38076282749118e-09,2.6559107648736e-08,3.86056684400655e-08,7.46702084892494e-07,-1.30056138561651e-07,-5.86097297378051e-07,2.74116513611095e-05,5.51528471290176e-09,-5.9480981729049e-09,-1.79739130333825e-08,-1.25782069014175e-10,-6.69222459035525e-10,-3.59606474106133e-09,-9.39834514353251e-09,-0.000296347099098857,-4.04025302139238e-10,4.04930974198027e-09,4.14201492592201e-09,8.33821248443316e-07,-1.57918276673737e-10,-2.78702109195014e-07,-6.10647008562246e-08,-2.85086585477526e-06,5.44300130528235e-08,0.00011377681349634,-2.06240848666893e-07,-1.14424694770525e-08,-1.23248715511702e-06,2.84462007931244e-06,-7.95740601713949e-06,-1.32561088545416e-07,-7.04289666634916e-07,-9.92789533805888e-08,1.21293914201592e-06,1.34999176678785e-08,-2.63306841338853e-08,-1.37088646848115e-07,-7.59791394191334e-07,8.53777755464073e-06,2.52331683070578e-07,8.40137698245151e-07,-2.28669483541968e-07,-1.18534118546371e-07,-1.25482931370245e-06,-9.37351893288448e-08,-1.54823380432304e-07,-1.31265554336129e-07,3.74337639747515e-06,6.07798039510702e-07,4.87668745135283e-08,8.23874872228571e-08,-4.82345878908862e-09,-6.54515311377812e-07,-4.97891002271611e-07,1.13662341663025e-17,-1.27824836958362e-07,0.000230636286671874,-1.93387595674076e-07,-6.26981624355566e-06,-1.10197683289417e-06,1.04161515959774e-05,-1.43605124008336e-06,0.0119665167695514,2.58155120541794e-07,-2.85683650324822e-09,2.88560194318404e-06,-2.48966129976789e-06,6.60297757610957e-08,-8.49306374282231e-06,2.98591872043818e-07,-0.0440523628646721,-3.06229769499617e-09,-2.36206397942428e-08,2.27019661862576e-08,-2.47263565070355e-06,-7.11353061395651e-09,1.04644975070573e-09,-1.33091170203405e-08,2.02416826693132e-09,-1.60712589294392e-07,3.95661928405245e-08,1.64749822060217e-10,-7.68529991199867e-11,5.81705115047497e-10,4.18644269382902e-08,-9.74243239873596e-08,7.62190403910061e-10,3.22211112067689e-10,-8.15080233593626e-10,7.24116982816951e-08,-1.19195451734393e-05,3.01972634889465e-08,-4.41768422970132e-07,2.79695709497997e-06,-2.69625949509622e-08,6.87348060328283e-08,-2.56668178802019e-08,1.41755220009918e-08,-2.19783909988393e-16,-3.67841892660938e-08,-1.26821581425114e-09,-1.20331224977003e-11,-1.08826154386383e-07,1.99593891532928e-09,-1.25434368809866e-09,-2.2608740976003e-07,2.76138185889985e-08,-2.89179472248877e-08,7.58357025795022e-08,2.83041903011052e-09,-2.64813216484451e-09,3.44833552206378e-08,-4.19654954657997e-08,9.52908597326426e-07,-2.18293228447493e-08,9.74715083021057e-06,1.07124528053973e-09,6.01681440469654e-09,5.46352030685273e-08,-4.71410644852282e-07,1.11688853269446e-08,-4.29349761489174e-08,5.80094901922453e-08,-2.10745052789571e-07,1.34073596258603e-08,1.21202473850989e-08,9.25191881097738e-08,-1.5577406442162e-07,-1.25452786371662e-08,1.02476264408284e-07,-6.71868684280148e-08,1.66193221859894e-09,1.54823648339018e-08,-3.01441952380428e-08,2.85728738062596e-17,9.25408336341413e-11,3.90837266340438e-07,-2.94989380841332e-06,2.5758086231013e-08,2.32014262033099e-08,6.82209472010255e-09,1.58697500884892e-08,-2.3272169249148e-07,8.68413799878878e-08,8.67173109023138e-17,-6.71081228380723e-08,-8.18910337246892e-10,-2.29439981173174e-09,7.63435848750224e-08,1.73444353092767e-08,-1.17406244763359e-09,-4.50964496263549e-08,1.20592207334154e-08,-4.02266227521847e-07,7.6700959942717e-08,-1.56604057476518e-08,-2.84060293017123e-08,-1.50492595395769e-09,-1.22212891002637e-07,-2.84618823257752e-08,1.19621029316982e-07,-3.10289768294723e-08,-1.8834499439851e-16,-4.85031504724493e-06,1.92800230813364e-06,1.34925476349468e-09,9.78828874327294e-08,-6.07629555738785e-08,-1.31398893392305e-07,4.69536596007051e-07,-1.71059402893476e-06,-1.20277794068204e-08,2.64378903940044e-16,-2.25271423765907e-08,-6.27917620262196e-08,-2.95293687844676e-08,1.68479443477568e-16,5.81717349821554e-08,7.67935771456658e-07,-1.17898800590315e-07,-4.90149507573517e-08,-1.68023014913373e-08,-9.20675192213358e-09,-3.36163208561665e-07,1.01269957498291e-08,1.08823200210574e-07,3.43210525822861e-08,2.99128645509953e-08,2.29065420114568e-06,-4.30377040181738e-17,-0.00985915651031213,-1.61165727089589e-07,-2.18844058279224e-07,2.83430523309035e-09,1.98034212374004e-16,-6.57319154969215e-09,1.02195380343773e-06,-4.67022500912778e-09,-4.26486916308149e-09,-1.10896087521689e-08,6.43305281805512e-07,-1.6997488432616e-07,2.53741923864736e-08,-1.04251630840133e-16,9.75003885481754e-08,-4.81023361903459e-06,3.60274563936488e-07,1.22210819708171e-07,-1.24356690108354e-08,-8.38983513274643e-11,8.41543431469198e-17,4.6288916588026e-17,-8.47351533114767e-11,-9.18852050295299e-06,0.00169949716811472,-1.26701584334525e-08,3.21081035974058e-16,-6.54188674051609e-09,-7.86598369050257e-11,2.7075461357416e-16,5.29201796988982e-17,7.64889542924534e-17,1.75594890033016e-08,5.21461644658701e-08,-7.73261754273776e-08,4.67715351256752e-08,2.33853458806726e-08,4.95559177728846e-08,-1.5028919217575e-07,1.37712098577114e-16,-3.55752173442797e-08,1.34198348440556e-07,-2.35904253640565e-16,-2.53531198764759e-16,-8.07441902768394e-08,-6.81847245258369e-12,-0.000238029080609626,5.06095492179019e-08,7.12725753488433e-07,-5.58782135130517e-09,-7.59647003518851e-12,-2.18243131965674e-08,6.52956781387429e-17,-1.58425595502616e-07,1.15675040013825e-14,-0.0279216348775957,-2.23854072055379e-15,-1.45472913874144e-07,-2.11595526858654e-07,-2.06327973076343e-09,-2.16159245688948e-08,-6.84067679309562e-08,0.000690235706943094,-1.36796050777136e-08,1.01131400134197e-10,5.29546892298784e-10,1.89690049331236e-10,0.000842316039367338,-2.4245793179318e-09,-2.20077632364434e-09,-2.71764016792874e-10,-7.6946684439156e-05,3.02575722040635e-16,6.35996968427712e-08,-1.28662459332432e-08,1.56624873964821e-09,-1.6466391792002e-16,2.14298123521184e-10,6.02672057136368e-09,2.18206840309024e-08,-9.63261507731945e-16,-3.69390771289873e-08,-2.87546622620143e-09,-1.79129927847349e-16,-3.82405540807242e-09,4.49846370717781e-07,-3.54089409720949e-16,4.86228392015022e-16,-2.18764037008904e-09,-1.69122425585652e-09,-9.60810631192995e-12,-1.32686070691631e-08,3.47170500240262e-09,7.07337872932386e-09,9.79988446113705e-10,1.16262769759985e-08,-1.90833479194766e-08,1.86082255980626e-15,2.68951156424698e-10,2.66341629346566e-11,7.28227369683372e-11,6.73526854993854e-09,2.14484778378931e-16,-3.11056160584218e-16,2.17760608153462e-09,1.01176027591234e-15,-1.20992439287968e-16,1.18650987801864e-08,-1.28254729472631e-08,-1.65890651330392e-08,-1.27396216254981e-10,3.81785711108771e-07,8.35620312233597e-09,3.68726575224621e-10,-3.21182051959425e-16,7.04322980623595e-10,3.07042022500057e-11,1.37443714403576e-10,-8.36303166802009e-09,2.26714870691853e-08,1.40748446449503e-15,-1.13559180245668e-17,-6.5450748386494e-16,-5.66278127906628e-11,2.04895467522237e-10,1.98434145256209e-10,7.53735241428185e-17,5.11215048512883e-10,-7.59767881206328e-15,-1.97023637659017e-17,-6.11140598888891e-08,1.36028880770216e-09,8.92565559837783e-16,4.32266732951236e-09,1.78644716419056e-08,-2.4298320045851e-10,-1.02178706180505e-08,-1.60765140668357e-15,-3.84236976194239e-09,7.56227246801444e-16,-3.95610590019124e-09,-3.50947602073342e-08,-9.07066204536696e-09,-1.27817343318631e-09,-9.59556597945605e-09,3.79453162205212e-06,-3.57666460248242e-08,-6.78677211147461e-15,-1.22536950214116e-05,9.46547927666884e-07,1.86828800000799e-13,0.480371207467294,-2.11675621512785e-07,1.38685614237606e-06,-3.01131593698765e-15,3.5691410597537e-08,2.96573070242746e-07,-4.78529868500262e-15,-9.52970710596352e-08,-2.00473114253978e-08,-6.1710831091169e-09,7.02100214065139e-16,-2.30358310601349e-15,1.210868936835e-08,3.39612544365753e-09,2.70262301824954e-10,-2.97468774212919e-08,1.45862583650348e-09,1.54451184533148e-15,-5.2931030954875e-16,5.20745117732799e-09,3.57969871479612e-11,-2.09447923728836e-16,1.21108279870387e-08,4.56431862191944e-16,4.20468815565798e-08,-2.15192893679449e-09,-1.25376494274e-09,-8.22028189841605e-09,2.30407193932836e-16,2.65480766404059e-16,1.79574777442877e-15,4.84446424226529e-16,-4.17643547046014e-09,-1.07702001082302e-07,3.27470416190321e-16,2.10631754726196e-16,3.84844007445177e-16,1.9754118624018e-08,1.31522946387646e-09,-9.40986978661351e-09,1.71401742063278e-16,1.36253819544853e-15,-1.62586004893165e-15,-5.33996819871738e-08,1.12993417402772e-08,-2.62278549839548e-16,1.43556040190445e-08,-4.95477158382468e-08,1.23851356554572e-16,-5.69859150286744e-16,-4.79986251565772e-09,-4.90624159301391e-11,-2.33246611292023e-09,3.06327128661867e-16,2.55210141350144e-09,3.66036989302244e-09,3.84547620830202e-09,-3.40679253263818e-09,-1.20431805527463e-08,7.56696717783436e-09,-3.70663320956063e-16,-1.66781550867608e-16,4.32892978608761e-16,6.34419493255318e-05,-1.17306337515485e-08,-8.32708408159753e-10,-6.33867309522037e-10,-8.02067238869582e-16,5.51243613151396e-17,6.83764896285043e-16,-9.18411695677376e-17,-1.23307508542697e-15,1.97300453803049e-08,-5.37393308769609e-17,-6.20099016426151e-17,-4.50230577649137e-10,-2.35454981455385e-16,-4.02493639691286e-10,5.03069808033274e-17,-4.97874823916901e-10,4.00674872326523e-16,-5.76569534250644e-10,-7.13800356489195e-11,-3.30935657781455e-07,3.17645186882756e-16,2.2021196487687e-09,9.18778272582679e-18,2.97460793015419e-09,-3.37675906066344e-08,2.69176953408028e-11,-9.39142748850794e-16,3.81070299886999e-09,3.03355395322023e-16,-8.90753749568405e-10,-5.01495586692092e-09,-4.69918565451891e-17,-2.12519202954433e-16,2.9348560334518e-16,3.68592850314822e-18,-1.61071273918957e-11,-2.07225531450106e-10,-4.56163610831219e-11,1.8797437166895e-16,-8.10920274241279e-17,-3.13982815715869e-09,9.19850350785095e-07,-2.25645506376531e-16,-1.2909915669171e-16,-1.73676661927749e-10,-2.34155086614633e-16,-1.20203903032832e-09,-3.14043406117648e-16,1.05524512819405e-08,-5.55791773622957e-16,-2.74559627493901e-16,1.36168993899561e-16,-3.58118439809862e-16,3.38782308116999e-17,-2.16637153830082e-15,3.61697502146873e-06,-1.20288127759111e-05,5.03795122734835e-18,-7.21170666060844e-10,2.66365409389929e-09,-5.14821609507235e-16,6.52826359984768e-17,1.8755499556784e-16,7.51037353685832e-16,2.25244986424144e-10,3.45671610641036e-11,2.96112771529053e-16,6.7380916021914e-17,-3.73896790918277e-10,-1.32505197380402e-09,-1.35585504607159e-10,3.72526899288643e-16,-4.23882080157769e-17,-1.33805953804866e-16,-3.31162392691228e-16,-2.42860122469746e-16,-1.55527232499253e-16,4.69356779532408e-10,-4.16543463801055e-10,-7.48247107330371e-11,-6.66551473311863e-17,-1.15315788106415e-16,2.33095036125233e-16,7.35690412382574e-17,2.05716325702772e-16,2.79463390630662e-16,1.54890347307645e-17,6.16090938661531e-17,-4.97800675786859e-17,-1.58112490657082e-16,-1.58208212262846e-16,-1.38361787802899e-16,-1.28717114536041e-16,1.12351597604851e-16,-5.83642895418595e-10,-2.98349848940358e-18,-4.7301476186768e-16,4.22701408282183e-18,-1.84182508678751e-09,3.51059050842212e-12,-4.05799940334732e-17,1.90682527097143e-07,-2.78679302106219e-09,1.52696166108293e-16,-4.68458062777026e-17,1.08114686801561e-09,-9.6330495272091e-17,-1.29309513437296e-10,2.47160170088831e-17,-1.34471834547555e-16,-2.03761194036938e-16,-2.19596375236011e-16,-2.6278286929826e-11,3.68537100768226e-09,-1.19972302196121e-16,-1.366307768328e-16,-1.15958188358202e-16,-3.61590591042854e-16,-1.6220812537655e-15,4.5372356820789e-17,1.09132772960248e-16,-1.26054882008257e-16,-5.06673565743018e-09,-5.93026269453987e-17,2.62991696075229e-16,-5.46867379213057e-17,2.96585755836738e-16,4.83366168101114e-16,-2.04285832224126e-15,2.20739710973118e-09,-1.17434484466372e-16,2.95485338423539e-16,-1.6838106819041e-09,-6.60547198951185e-17,8.52287950043839e-16,-1.56517790062929e-16,2.86397631200251e-18,-1.24698637528042e-08,-3.22551617377508e-17,1.39134876413217e-09,-2.15117095213048e-16,-5.10232983291511e-17,7.98758303974767e-16,-1.90463754640413e-15,1.84569284134525e-16,-3.25100248511526e-16,-5.49037653827107e-11,-2.4704550468989e-17,-4.93032315028616e-17,-0.0003160739372693,6.14496907807465e-09,1.01017689044486e-16,-5.31814106663685e-09,-7.93341262046364e-10,1.51516164977578e-17,-1.10095681880584e-16,2.83784417031064e-16,5.42980227085907e-17,2.96201016307134e-17,1.69378740336371e-09,-5.94894226457859e-16,-8.57200097787797e-17,8.60721645813776e-16,-7.19256066454655e-10,3.40547791748048e-16,3.40555670458525e-18,-4.25071889300054e-16,8.62455881773027e-17,3.53944979981583e-10,2.66761943244607e-16,-7.52554015757274e-10,-5.25048365300687e-17,8.54364412592358e-16,-3.83514002039631e-16,-4.50281919065799e-17,1.21800686921136e-16,1.64094218373722e-16,7.66354088861625e-18,1.91296868580984e-08,-8.88698677392177e-16,-9.08091685654012e-17,-6.40808479715952e-09,5.06211230532052e-17,2.28034373295395e-16,4.21634481018424e-16,1.9241332240842e-16,-2.33886871946987e-16,-9.26893514920227e-17,7.41228268350612e-09,8.68154934490409e-17,7.86255683218489e-17,-1.59022540910676e-08,-1.27282608658407e-16,-6.04524379903511e-16,1.47060218851742e-16,1.37726846942014e-16,-5.01160169195726e-17,-2.38916492433234e-16,4.22521311726232e-17,2.22541034153451e-16,-4.72506916979443e-16,2.83036570939263e-16,1.96998025240948e-18,9.79591163227206e-09,-4.28622227562579e-08,-1.30322622057482e-16,-1.23118353502889e-16,1.35011833282392e-16,-4.1739944805565e-16,2.52478785306528e-15,-1.73670967740273e-16,-9.46634922057908e-17,6.52330718067407e-17,4.61035670105813e-10,6.82843846921124e-16,3.60856982456705e-17,2.38042071338795e-16,1.76055647450872e-16,-6.45268554419566e-10,1.80176174467576e-16,0.000103461949292021,1.58797929440826e-16,1.54313156121163e-16,2.69069471756764e-16,9.01042231555191e-17,-1.17558609309489e-16,1.12772861993958e-16,-5.92166669512783e-17,1.30061934470366e-16,-3.62574720207223e-18,1.276204180807e-16,-1.58613337592365e-16,8.47491998208641e-17,2.7464606701492e-16,-8.08829718318396e-17,-3.44584574164316e-16,7.51434310802222e-17,4.71503810538877e-17,4.1185447220746e-16,5.87179797144817e-17,4.84959766151222e-17,4.93887058859837e-15,-2.73914905428021e-16,-5.9665666865537e-16,-1.39804781794294e-17,2.98781586944893e-16,-8.13493760815645e-11,1.51343424448108e-16,-4.19203109137669e-16,1.70282062853438e-16,1.51455348397608e-16,5.17955947957425e-17,-2.15329324085175e-17,6.42835452311539e-17,1.30161450604163e-16,3.44905198497694e-17,-3.22089424499556e-17,4.39622661667143e-15,-2.01263515905656e-16,4.34586021101939e-16,1.13318648572502e-16,-1.37643459142885e-16,-5.64344962443212e-16,-1.34698227575444e-17,1.45139830688125e-09,6.21530090919751e-17,1.76530001000536e-16,2.64659850956756e-16,6.4352355123064e-17,5.17993955784341e-16,2.41591848181268e-16,2.88113176157692e-16,6.86069943268086e-16,6.50833027622607e-18,-4.66626520187957e-10,5.37501225020217e-15,9.5826146317784e-17,-2.99357828453554e-16,1.67993787053502e-16,-6.48011087236498e-17,-1.40496491313497e-16,1.24671727198251e-16,-7.86197273799442e-16,6.47125795698312e-17,-3.4117303411751e-17,-6.2769768851965e-17,4.44391835427977e-16,-3.56861654042893e-16,-4.26799846215241e-09,-1.59823810557381e-16,4.65577012656558e-16,4.65337190305464e-16,-3.25032047069391e-15,1.95119933520488e-08,-2.49525458505201e-16,1.00160387910345e-15,4.39220692957921e-16,1.49317507777485e-16,-1.35223885563835e-17,-4.59839046016047e-16,2.13191742733326e-15,-2.06644369462613e-16,-6.5025002504171e-16,2.08206814363337e-15,2.73958547427178e-16,6.64657820446896e-16,9.58048521106582e-15,3.28038766654244e-16,-1.95642586732462e-15,7.53445191817531e-15,-2.75098730194853e-16
"t31",-0.04482123237674,0.0423377888495108,-0.0697625647733959,0.0346936496168819,0.0105327679443558,-0.00562836809882563,0.0374302640217996,-0.0864503724617106,5.24068550412232e-05,-0.000319109106774031,-0.000189580585317332,0.0110074590439384,-0.0183112520208488,0.00265722779566223,-0.000654864796700853,-0.0943396024473695,0.00214802966672333,-0.00440200771619982,0.00029455023120881,-0.000103994663427194,0.00877106691113927,0.0360286115921137,5.74241527470871e-05,-0.000335354417031372,4.88153816843865e-05,-1.66289544914386e-05,1.85633628605949e-05,-1.60183841830687e-05,0.000192699195484297,0.000269988476593026,-1.03704508631004e-06,2.01177905112242e-06,-0.000740296725972047,1.99671974923672e-06,-1.20277845635925e-06,-2.09570098053535e-06,-8.44822348759413e-05,6.10612362083786e-07,4.99868597035978e-06,1.39556516740583e-06,7.55036210510225e-05,-1.02047112104758e-05,8.96855452312982e-05,-1.05389209514736e-05,0.00242124519184201,-6.1797204635836e-06,8.93248698847033e-06,-0.000186213793942789,1.70842007699098e-05,-4.18314021876936e-05,0.000480133835564336,-7.16674909168591e-05,1.11218567118238e-07,-0.111221010351582,-5.31893510352733e-06,4.69948341045999e-05,-2.27773689699431e-07,8.03169777334137e-06,-2.48316510767418e-06,-5.64858629671141e-05,-3.44860869823672e-06,5.02230036985144e-07,-1.87671841131322e-05,1.02902569722783e-05,-8.84896322109099e-07,2.36547944142783e-05,-1.84394919899655e-07,7.14111780903133e-06,-2.03672193591399e-05,8.63627126154774e-06,-1.09273574918483e-05,0.00213504405657807,-3.44357112700278e-06,-0.000379952152012005,0.000189551536956684,8.59502619305699e-07,-0.0238462686321531,-2.35555336576147e-05,2.47948920089848e-05,2.25949325982561e-05,-4.83562990569045e-06,-6.86190062793501e-05,6.46741442028592e-06,3.89748547723125e-05,-2.77624043515022e-06,-0.000626499444868116,0.000427096431001651,8.95755199623905e-06,3.84406423971586e-06,-0.00602415722882919,-7.13604726586158e-06,-0.00280073849594422,5.19089607948297e-07,-1.12261703004464e-05,-8.92214130435818e-10,-1.37359537852685e-06,3.11020462347867e-08,9.91621648666568e-09,2.10389565591862e-08,9.89757449564199e-09,-2.09281435034273e-10,2.41235915235369e-10,-1.14114283944604e-09,8.62561237099009e-09,-3.92733435825643e-09,4.54681659482859e-08,-2.24546541420571e-07,6.00665157561509e-08,-3.5439470416914e-08,3.96966893642563e-07,3.7995712297287e-08,8.95385435090638e-08,-1.96501029349071e-07,1.2322016486344e-07,-3.94093202331972e-10,5.13378252825495e-09,1.38522901607449e-09,-3.90021740225086e-08,1.02157439708152e-07,-4.48137581067957e-07,2.99415338520135e-06,-2.02436936234236e-06,1.59041034425846e-05,5.58182476432421e-05,-0.0157073564858984,-5.24848866422165e-05,0.000399808003053975,-5.65068797718243e-07,7.17475786350902e-07,2.35996894943304e-05,-3.84911400159588e-07,2.0086133009338e-06,-2.39375109043172e-06,-4.79065360679954e-07,1.38550400313419e-06,8.00866615834042e-07,-5.11438299833194e-09,-4.16375871041187e-06,2.95373814099339e-06,-8.9457680588831e-06,-8.69902028723845e-07,-4.74122815884633e-05,3.16957362500554e-05,0.000149580791503314,0.0898577267077736,4.88094136117246e-08,5.6032551301833e-07,-3.53295733288496e-08,-1.90016159007511e-09,4.18873767617662e-09,1.74551683648721e-05,9.8387516844514e-09,1.52397839791271e-06,-6.48277468242937e-08,4.31738526291082e-09,2.4966667579276e-10,-2.55334424029084e-09,-1.95923451377159e-07,-1.50513128705759e-10,7.22081268549644e-13,1.64568111506177e-07,-3.98021629163263e-09,5.50161915948365e-09,7.89116808614508e-07,-1.66018683661235e-07,9.61795981185868e-07,-6.31958382265901e-07,-1.15644613480812e-08,-5.85392486735177e-07,-1.04790679888538e-06,1.93242949859379e-05,4.93104800308274e-06,-0.119170872268305,5.46145428900835e-07,3.16855070846779e-06,6.17283397739527e-08,2.2879996806221e-07,-7.93407420554654e-07,-4.50125790576305e-07,-7.05635787678918e-05,3.34450818774927e-06,9.60224805188708e-06,-2.29115022402434e-07,-7.1350824688952e-09,-2.66704132512383e-08,-4.42225304563236e-08,-8.84743406289837e-07,2.12247349711023e-07,9.67780497442776e-07,-5.12540875575143e-05,-1.56967719781073e-08,2.86039445622891e-08,1.12620472194815e-07,1.42504793121183e-09,1.89435433365082e-08,-2.93147152957766e-08,-5.97259583233096e-08,-0.00127873204435451,-1.49848497997332e-09,6.91773942889788e-09,6.88401278884506e-09,1.1008410835456e-06,-1.69790267260527e-10,-1.88717197220129e-07,-4.12603490128733e-08,-1.84524658990747e-06,3.08101441806263e-08,5.84868068552021e-05,-8.03735661310501e-08,-2.93062133666549e-09,-1.97151712790406e-07,3.74919346152839e-07,-9.05329420684443e-08,6.88349408886411e-09,3.77289430515496e-08,1.00868178137584e-08,-2.67138061718504e-07,-3.27632867453459e-09,9.52847292737371e-09,6.09560119561722e-08,3.59762050460726e-07,-5.07544753580642e-06,-1.57427472046924e-07,-5.5152487633427e-07,1.73421349543051e-07,9.23986329571117e-08,9.84687289187595e-07,8.46478812941045e-08,1.5148061530453e-07,1.39915550280025e-07,-4.14394228073783e-06,-6.99328604548561e-07,-5.81505937277591e-08,-9.92314449649107e-08,6.36553048854577e-09,9.13466277007975e-07,7.37839107320976e-07,-4.19387288962188e-16,2.06293380239009e-07,-0.000378593776083047,3.56950126126958e-07,1.26728034584969e-05,2.40229944755282e-06,-2.28111012690486e-05,3.63110192568068e-06,-0.0310150871123636,-6.76799710777219e-07,7.91615803898213e-09,-8.30615632786092e-06,7.6941146605041e-06,-2.10738547578329e-07,2.74724853943126e-05,-1.04106871805894e-06,0.218535746810662,1.75915974021094e-08,1.553439848177e-07,-2.12922866270473e-07,2.38897073425397e-05,9.66361474049208e-08,-1.82327207042505e-08,3.81872088586642e-07,-7.29078689665638e-08,7.87711430888642e-06,-3.8405567935717e-06,3.71442027294242e-08,-1.25969785612868e-08,1.37164062408314e-08,9.6850713383124e-07,-2.20709091104735e-06,1.41808992138179e-08,5.62312136057943e-09,-1.18936356833486e-08,1.02556118884869e-06,-8.75890069848393e-05,2.1098814568508e-07,-2.97120480266671e-06,1.73305502088755e-05,-1.57216098153645e-07,3.53970118296469e-07,-1.27856564661508e-07,6.88357629820028e-08,-6.92966484474041e-17,-1.64424412066698e-07,-5.61027752009789e-09,-5.14988082084686e-11,-4.32458807909259e-07,7.47299773461405e-09,-4.57089536201677e-09,-8.13120362569812e-07,8.49522059174946e-08,-8.81368612599608e-08,2.30554501165732e-07,8.25460528347784e-09,-6.91370401284038e-09,8.84042451785358e-08,-1.06248330714218e-07,2.31687938323023e-06,-4.59124138245368e-08,1.9359407511826e-05,2.12067996357358e-09,1.18994848964858e-08,9.43837596709365e-08,-7.01363373754157e-07,1.63080404637642e-08,-6.0995760426335e-08,7.97201096736935e-08,-2.86682847973516e-07,1.67493715706058e-08,1.50443325604809e-08,1.13491844480899e-07,-1.89546919128045e-07,-1.48640355979114e-08,1.17876916295946e-07,-7.51855010219525e-08,1.8374690161531e-09,1.67692719581696e-08,-3.12375745704284e-08,5.04737576904667e-17,7.19893178498296e-11,2.94776765258652e-07,-2.12193144504215e-06,1.85020891533085e-08,1.66405964232465e-08,4.83536339464159e-09,1.09971011843369e-08,-1.56927599944564e-07,5.53169143796295e-08,-9.27181486440371e-17,-3.71630122862518e-08,-4.45200843774546e-10,-1.1978967896712e-09,3.96633510741784e-08,8.10058225409219e-09,-5.14821451205838e-10,-1.79754249017249e-08,4.47906318467566e-09,-1.26023488518027e-07,1.99728278546589e-08,-3.55224894688994e-09,-5.90733479488556e-09,-2.95333739806426e-10,-2.14389208274754e-08,-4.927531161077e-09,1.8943873068533e-08,-4.55804025048445e-09,-5.23688726348276e-16,-2.94840678080493e-07,8.23901741618514e-08,5.74181577077006e-11,-9.17116426461026e-10,1.0522001762976e-09,1.54723787215802e-08,-6.94641909302273e-08,2.63461074507247e-07,2.13397071993058e-09,2.04964624887839e-16,4.61835011092461e-09,1.35359329715493e-08,7.57899909209423e-09,1.33301125948846e-17,-1.77356318314624e-08,-2.43427576391659e-07,3.81278172975539e-08,1.65147279849692e-08,6.05994065409683e-09,3.49360616078136e-09,1.32733343079415e-07,-4.50382290790082e-09,-4.90967841821072e-08,-1.68560026385032e-08,-1.72488401695648e-08,-1.33248516675036e-06,-1.18172914571419e-16,0.00874392529631845,1.58666026551558e-07,2.92816789280525e-07,-1.19982167418826e-08,9.49265857706324e-17,-2.40729048677648e-09,-1.51202790154799e-07,1.1579031547591e-09,1.21988530804476e-09,3.62729273913082e-09,-2.53518302634295e-07,8.29453581082697e-08,-1.76913046197006e-08,2.88771656685861e-16,-9.01650120931324e-08,4.57803817313854e-06,-3.66069691822331e-07,-1.38580686888395e-07,1.42396775258636e-08,9.98044069728268e-11,-3.39161284588896e-16,-6.87449339126861e-17,1.4294957322983e-10,5.9316344514564e-05,-0.0275583855163729,-6.72041375431313e-09,1.19094171240012e-16,3.15935262773913e-09,4.74517523653816e-11,-5.16809844519312e-16,2.61412257467861e-16,9.0800422969262e-17,-1.40984815390603e-08,-4.27413564684395e-08,6.71981241274478e-08,-4.22046267363626e-08,-2.11825993468925e-08,-4.62372612273295e-08,1.40624477077365e-07,4.24681114414736e-18,3.43487278179635e-08,-1.29854283215892e-07,-3.47251816754826e-16,-4.63107478706208e-16,7.41019872343983e-08,6.0456685064817e-12,0.00019714727168561,-3.92518893891707e-08,-4.51666114586117e-07,3.37730613629831e-09,3.59143457918667e-11,1.22389259891236e-08,-2.85877405529312e-16,6.46549982509935e-08,-6.57050548555928e-16,0.00734214616160505,5.54580916203366e-16,3.25339064342147e-09,-7.63512901878782e-09,-2.93698859209957e-09,-4.40701476660933e-08,-1.62914532036528e-07,0.00587883906240962,-6.76083926131688e-08,-6.047962497453e-09,-2.95472481292537e-08,-3.28813980636855e-09,-0.00562284188581666,5.34930530277188e-08,1.98092860453921e-08,2.03207495956984e-09,0.000542196342318553,-7.18083863847345e-18,-3.96660278338239e-07,7.49056759220381e-08,-8.40869928525803e-09,6.9957432205843e-17,-1.14322164505899e-09,-3.21232808291976e-08,-1.16566358326684e-07,-1.29293196656097e-16,1.97657846209894e-07,1.5536362050207e-08,8.32469978941428e-17,2.07944264864768e-08,-2.58915592460187e-06,-9.23630052829487e-17,-2.13298849672624e-16,1.29684234121618e-08,1.00540767059958e-08,5.79011707195012e-11,8.13241655282996e-08,-2.21779701249464e-08,-4.53580088165381e-08,-6.31837730374657e-09,-7.98964508945636e-08,1.39095741287198e-07,4.56182397774009e-15,-2.00803323996333e-09,-1.9969951716179e-10,-5.54328896174777e-10,-5.22380877582044e-08,8.99099487603472e-17,-7.93621563240661e-17,-1.73454892342003e-08,-2.25685966388326e-17,1.10701564972186e-16,-1.15485733342221e-07,1.30183959444442e-07,1.68539369966744e-07,1.43363701285707e-09,-4.36179181836142e-06,-9.5780502497915e-08,-4.31845845008444e-09,-9.04024650084829e-18,-1.09429908314789e-08,-5.1568126847183e-10,-2.37317681456041e-09,1.68618246529303e-07,-6.81700354286072e-07,-1.22650061533761e-16,2.76753601849114e-17,-1.07409372461683e-15,8.87424110996257e-09,3.00228450825943e-08,2.51924728639428e-08,2.35835445670681e-16,2.33685194011508e-08,-2.31171744277715e-17,-1.76423796381792e-17,-5.85073572655976e-07,1.2856117158148e-08,-1.52343958513682e-16,3.21023174453472e-08,1.1607824977016e-07,-6.18587452098079e-12,-5.08930294153946e-08,1.93023733481733e-17,-1.38812067556173e-08,1.22619497200914e-16,-1.3875871059658e-08,-1.20290951056203e-07,-3.02876478711639e-08,-4.11400066442952e-09,-2.83955307540669e-08,7.98867043080703e-06,-4.10939078927902e-08,-1.58211240853853e-17,-2.54605251466299e-06,1.12685675121158e-07,6.3919460073294e-16,0.0018115656643082,4.20089211809843e-08,-5.17225600772921e-07,4.06714512903814e-18,-3.29035197875704e-08,-3.03541567558582e-07,3.64736366921564e-17,1.10116116590332e-07,2.44458335144588e-08,8.95070206291019e-09,-1.27639708538016e-16,4.36061772003808e-17,-2.37902752574887e-08,-7.38073430772338e-09,-5.9874717973698e-10,9.15375380241753e-08,-4.68749809143589e-09,5.59022625088829e-17,3.46663801062553e-18,-1.72236865576897e-08,-1.18818550239198e-10,-4.09049543683417e-16,-4.21146327981854e-08,5.77707233690243e-17,-1.5263452162775e-07,8.26325249101114e-09,4.83310123154744e-09,3.21713563672178e-08,3.64631422886541e-16,4.32193210445303e-17,3.17508397948633e-17,-7.43513754725025e-17,1.85813033089438e-08,4.8398368941631e-07,-1.68877338373544e-16,-1.0974998724327e-16,-1.15403068155239e-17,-9.19821405169974e-08,-6.21759482537255e-09,4.63204808546781e-08,1.57103100943599e-17,8.91444590437825e-17,-2.08814105112503e-15,2.99777648787703e-07,-6.37120566265532e-08,1.47983552228967e-16,-8.50386480623901e-08,2.99346478780118e-07,-4.4525240832427e-17,-1.57234199294026e-17,3.03666421934602e-08,3.11544334042639e-10,1.52143938084095e-08,4.76364903068258e-17,-1.74085512589044e-08,-2.55895779030764e-08,-2.78193439586608e-08,2.58248939992149e-08,9.2445830416678e-08,-5.94696285946641e-08,-1.38101954957922e-16,4.33368301600832e-17,-1.87162243835699e-16,-0.000571030955958834,1.0580845926651e-07,7.64402789214252e-09,6.36778177737977e-09,1.6287269464252e-16,5.27391165356715e-17,5.70485761260829e-18,2.94810535333905e-17,1.40500646894918e-16,-2.18531202868593e-07,3.28970339577656e-18,6.87448803591367e-17,5.18697436282622e-09,-1.37573241576495e-18,4.6468458621644e-09,8.56519716263549e-18,5.768607443203e-09,4.90681077894735e-17,7.1670295881323e-09,9.02585237041451e-10,4.29695883520994e-06,-4.69720037241177e-17,-2.95559908482992e-08,1.86203416264507e-17,-4.30289529598922e-08,5.41463540009801e-07,-4.33635435339215e-10,2.92836179744483e-16,-6.4140761677137e-08,-1.44636942348988e-16,1.6115259811666e-08,9.10596497596537e-08,1.02736463475059e-16,-5.22741218610752e-17,-6.32169114025511e-17,1.31079683770195e-16,3.11370035508061e-10,4.07470212583082e-09,9.1512557511896e-10,-4.57993416447544e-18,3.09060569936246e-17,6.96399636998448e-08,-2.04967942242845e-05,6.45954151978383e-17,1.26060672521454e-17,4.44059040308288e-09,-1.11423400689275e-16,3.1714399523692e-08,-1.56617250672752e-16,-3.06390915454728e-07,3.47731497298961e-17,8.69133768127661e-17,1.23531058017169e-17,6.37446255042474e-17,-2.75960323682282e-17,9.73173214065684e-16,-0.000131074731803093,0.000437304944506658,6.28259270208257e-17,2.86498065472121e-08,-1.10052944493456e-07,7.60685744973657e-17,8.30635516272391e-17,-4.36511774914816e-16,-3.32744978901809e-17,-1.12169293650279e-08,-1.80689577441473e-09,8.47393516864954e-18,1.07387976186628e-16,2.06836698677757e-08,7.38595761594971e-08,7.75700801142149e-09,-4.40841570509982e-16,-2.83514771176553e-16,-1.42184541797152e-17,-9.81673458240927e-17,5.80591427532994e-16,3.61597115961848e-17,-4.63557696935482e-08,4.40809722504184e-08,8.52161134250002e-09,4.10061283966242e-17,4.81381260497899e-18,1.25433760397422e-16,-3.40931300821354e-18,3.7485186461051e-16,-7.57684407568969e-16,1.86332210309725e-17,1.05431715420858e-17,9.68040661413543e-17,1.26598999837612e-16,-5.11974578385265e-17,6.98050293143186e-17,3.27948840514854e-16,1.43771535958399e-18,-2.64451110271254e-07,-5.92535912414013e-17,-6.91047818754515e-16,7.10138679079297e-17,-5.07818908191353e-07,8.8783719745937e-10,1.677430089101e-17,4.58849317879688e-05,-4.73540501707048e-07,9.36463890570901e-18,1.14917157857139e-16,1.34778599873338e-07,4.90610160582151e-17,-1.21844723152531e-08,5.52905182729744e-17,2.08943367696174e-17,-6.90127130402589e-19,3.86038958314392e-16,-1.79490698593683e-09,2.47146324025006e-07,1.61269741346618e-16,-9.31542697161309e-17,-4.4400844974159e-17,-4.69967756080592e-16,-1.44106298350728e-15,7.31686056654773e-18,-8.47225754801596e-17,-2.81514258328165e-17,-1.77560876544595e-07,1.74559781659724e-16,8.18215130529012e-17,7.8717274311079e-18,3.39089875611036e-15,-6.91005429683137e-18,-6.52914268842485e-16,7.03326860047533e-08,5.62246211073283e-18,-1.22583019286871e-16,-5.27725110944146e-08,7.97704723041821e-17,-5.23130925971275e-16,-7.28173823470484e-17,1.4142501395565e-16,-3.28361407208053e-07,-2.15215602301443e-17,3.56237590009059e-08,-8.03507651730992e-17,-9.49835512295625e-18,-1.13795203673609e-15,1.06984227356248e-15,6.6933348419848e-17,1.08905881134421e-16,-1.32973658411933e-09,5.96463785503839e-17,1.54526776924413e-16,-0.00500202592287447,1.5153333763371e-07,8.51883373261972e-17,-1.20252991171794e-07,-1.77498079366067e-08,-8.06918555499609e-17,2.19176517903264e-16,1.27334043541405e-16,8.71493485349013e-17,-8.76065527527348e-18,3.30423266855976e-08,-5.81233279084542e-16,2.85758265492778e-16,2.62892567905268e-16,-1.3592408555974e-08,5.38783416531983e-15,-2.08772808450828e-16,-4.46322251880771e-16,-4.00639649172585e-17,6.42481035430017e-09,-2.08335448738541e-16,-1.34966200970473e-08,-2.52311637848714e-18,-1.05588190926307e-16,3.40190948094444e-16,-4.76302771205451e-17,-9.82145681860389e-18,-8.14615082728943e-16,4.08401273666727e-17,3.22741439746137e-07,3.07718419945576e-16,3.83193101776224e-17,-1.06555937345563e-07,1.71509665285339e-16,-1.10345124737331e-16,-6.65386617115543e-16,6.62121895311069e-17,-4.63087211210422e-16,1.10923816500755e-16,1.17949088492292e-07,8.11170964886606e-16,-6.29250030093936e-16,-2.48288097771852e-07,-3.08970355244458e-17,4.87074290190055e-17,-6.53514665311556e-16,-2.24721939319889e-16,-2.43971365359981e-16,1.48257971703924e-15,-3.82646115801074e-18,2.76317461908732e-16,-2.42977388739358e-17,-1.16383509404397e-16,4.82654130175405e-17,1.43094990812998e-07,-6.21341971217051e-07,1.9558855099166e-16,2.10699741918643e-18,7.41880914059548e-17,-1.19460691056635e-16,3.75246088527244e-15,-1.11979864125848e-16,7.46135292556719e-16,-3.51640493654169e-17,6.42866733410723e-09,1.12011403107507e-16,9.30590458527852e-18,-4.92763551520689e-18,-1.30014625841786e-16,-8.71741831835652e-09,1.14034561842074e-15,0.000922800355804061,-7.73290678244963e-16,-3.51928906491147e-15,-7.42973562693957e-17,2.00647628129556e-17,-1.01078736287709e-16,-6.95716698028482e-16,-1.74748833105862e-17,1.97282469164467e-16,-3.06223812969614e-17,3.89326803713854e-17,-1.54710209771418e-16,2.5443340985907e-17,-7.69606975221284e-17,-2.25528949521195e-17,3.59703883780968e-17,2.33545368480354e-16,-2.28923801145134e-18,-1.63640040947845e-16,-2.68819496593389e-16,2.08524217273982e-16,3.75161816481336e-15,-1.18632403382747e-17,2.78186064323184e-16,-9.39945985088595e-17,-9.0338572760154e-17,-9.46612062018002e-10,2.61823625824382e-16,1.39079248325061e-15,-2.76626072645087e-16,1.04006457572436e-17,1.95669223084569e-16,-2.34844963189914e-17,-8.7613179134065e-17,-5.606921737036e-16,-1.73343439950376e-17,-5.1399320902949e-17,1.44953956403275e-15,-1.73724780724524e-16,-1.81457653304325e-16,4.53202416761099e-19,2.27949513419227e-16,6.66875024631327e-16,1.66709976375526e-17,1.57588330486116e-08,4.55647158529468e-17,-3.06590487059005e-16,-8.40195677145825e-17,-2.46922088597525e-16,3.10911340839609e-16,3.07511340268386e-16,-4.90736994852992e-17,-1.66438224957266e-16,-3.18724266297608e-17,-4.74523827045811e-09,-1.09246161934091e-15,-3.29940046817274e-16,3.29501374132534e-17,-1.32484418424179e-15,1.71880225529936e-16,-2.97814226541145e-16,2.59009092848217e-17,-3.27851841392633e-17,-4.04550311612628e-17,1.22854551421065e-14,-5.63729760343004e-17,9.09419271977023e-17,6.73866560506846e-17,-4.08498359068293e-08,-3.05869115971085e-17,5.35182792130127e-16,9.81179144846235e-17,-1.94637625588782e-15,1.818393923089e-07,1.30683076707887e-17,-3.696135714059e-15,-6.16807107303818e-17,1.27525044110526e-16,-4.42974869077892e-16,-6.88005063060622e-15,-6.87008221129053e-16,8.30544510255136e-17,4.76561292822475e-16,-2.65112486056935e-15,1.15888436060985e-15,7.89666330934475e-16,1.64867895759636e-15,-5.78679510195383e-16,1.06893187477893e-15,8.90618450680396e-15,-4.62339996316522e-15
"t403",-0.0448703507810619,0.0424355907710023,-0.0699289337096653,0.0348045545250484,0.0105739978519654,-0.00565421923513143,0.0376055596246398,-0.0868874680790555,5.27198360599475e-05,-0.000321420321830366,-0.000191322968464357,0.0111321330943062,-0.0185247231710551,0.00268867493722514,-0.00066295302100426,-0.095573631985114,0.00217679922252611,-0.00446203550750802,0.000298659966938491,-0.000105571194557399,0.00891490854346955,0.0367420253691579,5.86251370563668e-05,-0.000342408280171389,4.98462201530798e-05,-1.69969050789581e-05,1.89789901865038e-05,-1.63802602769645e-05,0.000197169718224748,0.000277390146374615,-1.06737217707362e-06,2.07330215269228e-06,-0.000764580346851603,2.06534288594453e-06,-1.24624054197373e-06,-2.1775230187841e-06,-8.78228047690984e-05,6.35143606386185e-07,5.20088331134396e-06,1.45286256308588e-06,7.86933673272376e-05,-1.06463584856194e-05,9.36253906534754e-05,-1.10024605200362e-05,0.00252961489172772,-6.47413940103048e-06,9.36601522087063e-06,-0.000195329812535471,1.79407683095332e-05,-4.39826645548307e-05,0.000505657105679964,-7.55354687393292e-05,1.17234422200987e-07,-0.117350175225599,-5.6227305141099e-06,4.96933362569762e-05,-2.42120281482486e-07,8.54996993573352e-06,-2.64385751639214e-06,-6.03572036978901e-05,-3.69505585891475e-06,5.38854002808732e-07,-2.01580434020695e-05,1.10559673538389e-05,-9.5271877008457e-07,2.55155655195303e-05,-1.99728714140077e-07,7.74949961402871e-06,-2.21216602479468e-05,9.39498798598233e-06,-1.19872442197442e-05,0.00235724093248443,-3.8057316730023e-06,-0.000420776622430936,0.00020997240478102,9.5294847635712e-07,-0.0264482494420283,-2.61714793371491e-05,2.76579472102074e-05,2.5244516741175e-05,-5.41757212675631e-06,-7.69229155009712e-05,7.28190687278138e-06,4.39414592203732e-05,-3.14791269622937e-06,-0.000711483060281896,0.000485799133876003,1.01913455081639e-05,4.37383018653571e-06,-0.00685552462939673,-8.1257663605428e-06,-0.0032074719750043,5.94786559015675e-07,-1.29089855804568e-05,-1.03227406023569e-09,-1.59069796790682e-06,3.60194183137586e-08,1.15111454260188e-08,2.44443161923546e-08,1.15378416156875e-08,-2.44627169186309e-10,2.82046590820819e-10,-1.3345571227333e-09,1.02125142083566e-08,-4.65418846489031e-09,5.39222592183423e-08,-2.66641083958876e-07,7.13525709173278e-08,-4.21251806115803e-08,4.72312149645095e-07,4.52216526052015e-08,1.06766852125593e-07,-2.3436273812506e-07,1.47690385738209e-07,-4.72855192317544e-10,6.17409036986209e-09,1.6676660863337e-09,-4.70890256526891e-08,1.23679942816429e-07,-5.43684163020269e-07,3.63684277401336e-06,-2.46900538829307e-06,1.9448960519381e-05,6.82665037982819e-05,-0.0192176762512161,-6.43904391657825e-05,0.000490611378887276,-6.95044561830952e-07,8.88502705264381e-07,2.92274333309973e-05,-4.7696313337467e-07,2.50035332058267e-06,-2.98244909221586e-06,-5.97270012298863e-07,1.7319676934363e-06,1.00150411622778e-06,-6.43187357330215e-09,-5.26031395240739e-06,3.75503410354987e-06,-1.13746080771339e-05,-1.10727498633497e-06,-6.03828881709709e-05,4.04023620251394e-05,0.00019073398864767,0.11458021990334,6.23889439348569e-08,7.19684301242731e-07,-4.56017041052537e-08,-2.45566050343643e-09,5.42803525393082e-09,2.26244318391798e-05,1.27657151078206e-08,1.97856279318316e-06,-8.42237612837738e-08,5.64520940478251e-09,3.26788412957617e-10,-3.34450751841101e-09,-2.60945395358995e-07,-2.01286031081243e-10,9.66355053776711e-13,2.20988464045426e-07,-5.34861205118435e-09,7.4263107608921e-09,1.06576437928998e-06,-2.25209479646319e-07,1.31028196801288e-06,-8.71717410939985e-07,-1.59589546360069e-08,-8.07933172387486e-07,-1.44875153516327e-06,2.67698620435689e-05,6.83293594612682e-06,-0.165793586054803,7.60764300456517e-07,4.42568473472268e-06,8.62768723188039e-08,3.19900139449904e-07,-1.1163738744957e-06,-6.37545601785081e-07,-0.000100058302201127,4.74763634848008e-06,1.36747182733503e-05,-3.26692965103844e-07,-1.01862745584638e-08,-3.81194693866785e-08,-6.3452054332765e-08,-1.27068633094345e-06,3.0739706290716e-07,1.40202321325605e-06,-7.44614210296162e-05,-2.29828205433655e-08,4.21555903456921e-08,1.66352961290962e-07,2.11208885623136e-09,2.81477582341379e-08,-4.38892625300048e-08,-8.95678890862867e-08,-0.00192437446199092,-2.25904941106963e-09,1.05721647034414e-08,1.05274263243419e-08,1.69332331905646e-06,-2.62684117641539e-10,-2.96075244494308e-07,-6.47368648856775e-08,-2.89892613422238e-06,4.85965536836244e-08,9.2506866677495e-05,-1.28068238599451e-07,-4.71297026657008e-09,-3.19435461323725e-07,6.08874334401566e-07,-1.4858295369419e-07,1.13639704060801e-08,6.22964742939813e-08,1.6731943381728e-08,-4.4838446190252e-07,-5.5117927266852e-09,1.62274701397934e-08,1.04703959421336e-07,6.19805695377116e-07,-8.85292488631271e-06,-2.75411062606183e-07,-9.680148904441e-07,3.07444449907726e-07,1.64139420397743e-07,1.75009849658928e-06,1.52123600760824e-07,2.74086764163036e-07,2.55095849163279e-07,-7.58158251692463e-06,-1.28409062497479e-06,-1.07137864491921e-07,-1.83002349160967e-07,1.18448346200566e-08,1.70933848036444e-06,1.38918227073269e-06,-8.32793577330911e-16,3.91860932492887e-07,-0.000720433517174596,6.87727259696251e-07,2.46536313949368e-05,4.7111562616477e-06,-4.47566050056604e-05,7.23293707630358e-06,-0.0619388361706825,-1.35320712892485e-06,1.59178801958135e-08,-1.67666699141692e-05,1.5641691932659e-05,-4.29775281452388e-07,5.61000072794438e-05,-2.14123061734932e-06,0.46348056090404,3.77259318193061e-08,3.3627481569949e-07,-4.70547679483937e-07,5.28736278276889e-05,2.17057479783784e-07,-4.12973243552754e-08,8.75451300668878e-07,-1.67796928100565e-07,1.82037607820788e-05,-8.92639858568877e-06,8.70736074332413e-08,-2.95588649025225e-08,3.2905002765921e-08,2.32459455128222e-06,-5.30047676917929e-06,3.42647483314523e-08,1.36179553511582e-08,-2.9014699958866e-08,2.50528562739188e-06,-0.00022388607638107,5.4208165100327e-07,-7.66505877879445e-06,4.51339925343206e-05,-4.12578571916459e-07,9.45305964128829e-07,-3.43214434892805e-07,1.8553906978031e-07,4.15088135806145e-17,-4.49536262903926e-07,-1.53675061018356e-08,-1.41938769284185e-10,-1.20969732061492e-06,2.11754412534269e-08,-1.30324962047617e-08,-2.32550932571109e-06,2.53040332559155e-07,-2.63231951621589e-07,6.89080735011782e-07,2.49780040959355e-08,-2.16878866928299e-08,2.79095173322834e-07,-3.36930766843461e-07,7.45742151509203e-06,-1.56790052313124e-07,6.78553776264288e-05,7.44452135756604e-09,4.1791625192934e-08,3.54797606218437e-07,-2.87182681459333e-06,6.75487578291198e-08,-2.57009851210914e-07,3.43109912661671e-07,-1.24205344745645e-06,7.68384877542998e-08,6.93247227665258e-08,5.27293974401868e-07,-8.85659257996404e-07,-7.07756543468232e-08,5.73379129097355e-07,-3.73175858405961e-07,9.20210754581204e-09,8.52831850245564e-08,-1.64303544217091e-07,4.74379916075073e-17,4.79159460937826e-10,2.01562062615017e-06,-1.51279287807264e-05,1.3207399587336e-07,1.18944764724991e-07,3.4928622139374e-08,8.10577768706192e-08,-1.18543172624964e-06,4.40077518005694e-07,-1.12992729269516e-16,-3.36738427762409e-07,-4.10491205623807e-09,-1.1477142513378e-08,3.81799324930882e-07,8.63729659280101e-08,-5.83600532581145e-09,-2.23730711981676e-07,5.97749081043216e-08,-1.99274777361878e-06,3.8039065948641e-07,-7.77931069358011e-08,-1.41284194485541e-07,-7.49190027325753e-09,-6.09541594756571e-07,-1.4198679524288e-07,5.97675022861363e-07,-1.55238901906577e-07,-7.19712479133655e-16,-2.45995051987973e-05,9.81520372940226e-06,6.86914265011185e-09,5.0475874526853e-07,-3.14042271140176e-07,-7.03598896915498e-07,2.54835930586994e-06,-9.31089724857248e-06,-6.62366508954855e-08,-6.29654207491503e-16,-1.25920071389264e-07,-3.53113814075758e-07,-1.70315453671141e-07,8.30168029345471e-16,3.46873996802663e-07,4.62031926867191e-06,-7.12776921595074e-07,-2.99430052620207e-07,-1.04603462664074e-07,-5.82144359849508e-08,-2.15349832804021e-06,6.78051113958514e-08,7.32913932618556e-07,2.39918933041379e-07,2.27068131169743e-07,1.74745283321854e-05,1.24748814189132e-15,-0.100225932489295,-1.78026737918866e-06,-3.14044494570012e-06,1.20713965728793e-07,6.7996207804381e-16,2.14506936353775e-08,1.2022754906838e-06,-8.80682477020719e-09,-9.10038534434234e-09,-2.6468375383854e-08,1.78125048459049e-06,-5.52918198931623e-07,1.09081774315835e-07,-2.30843464750316e-15,5.69322590224847e-07,-2.91695727660639e-05,2.39003163868722e-06,9.50547379951848e-07,-9.81333872936562e-08,-7.00774459898732e-10,4.00306941743816e-15,-1.7987565659245e-16,-1.18333713309839e-09,-0.000660546295296635,0.324967996095691,1.76779795655559e-07,-2.02154932467418e-16,1.4953419210474e-08,8.81017878948877e-11,3.52346955124792e-15,-1.72105141492188e-15,-8.57009116217565e-16,7.93448827544621e-09,2.90593186848336e-08,-6.51553327460409e-08,4.7456098110099e-08,2.41234651312891e-08,5.74997699930088e-08,-1.7621534076311e-07,-6.03340086316722e-16,-4.6787246800403e-08,1.79450514372738e-07,-2.32581236132362e-15,-6.47652640817982e-15,-1.04381728969938e-07,-8.51597483429821e-12,-0.000276420104395355,5.48397041764237e-08,6.25473501373662e-07,-4.6691975700954e-09,-0.584344490213697,-1.68817652512126e-08,7.57983353092928e-14,-8.85417962707895e-08,-4.74156234778207e-14,-0.00999752902917017,-2.35791137974445e-15,-4.39615188615208e-09,1.03004182372471e-08,3.87384270484444e-09,5.78336673447679e-08,2.13336824785395e-07,-0.00762586744433204,8.69682316250286e-08,7.62639799836508e-09,3.72519980182646e-08,4.11981291558408e-09,0.00696442375364358,-6.52328009157614e-08,-2.38399310859692e-08,-2.42014909990763e-09,-0.000642425988763156,-1.2729868750153e-15,4.62534746386186e-07,-8.6009202080337e-08,9.24284848690772e-09,-8.08172502184368e-15,1.24090167785736e-09,3.4213755182477e-08,1.23155467771744e-07,1.53105401028821e-15,-2.07967677335164e-07,-1.60810472012842e-08,6.93544400786235e-16,-2.13510932564911e-08,2.53399597949699e-06,-7.84300831763198e-16,-9.00899867462933e-16,-1.24586354952412e-08,-9.64281691231332e-09,-5.51009016066848e-11,-7.6692514121218e-08,2.04906640881654e-08,4.18332741735205e-08,5.81286158252039e-09,7.15428576434364e-08,-1.21853761715691e-07,4.87524698040666e-15,1.74467736215645e-09,1.73264378282687e-10,4.78567677652327e-10,4.4830648466091e-08,-1.10867555292237e-15,-1.92661283348801e-16,1.47650879222422e-08,1.88959247213089e-16,4.36978707125822e-17,9.34327059969228e-08,-1.04409395548313e-07,-1.35146250477684e-07,-1.12793576091635e-09,3.4229092942582e-06,7.51223190174065e-08,3.37505261923585e-09,1.08378848779332e-16,8.23688728458847e-09,3.85065468275066e-10,1.76740817424841e-09,-1.23938105174814e-07,4.89201748897737e-07,-9.73881509148488e-17,4.93123352832939e-16,1.76803385033665e-15,-6.15243672837385e-09,-2.05063743585989e-08,-1.71875805367107e-08,-1.71282470097626e-16,-1.57151221565767e-08,-1.28946531189084e-15,6.17212193877596e-17,3.69237796456868e-07,-8.106965012602e-09,-8.97032842868798e-16,-1.99291078024248e-08,-7.1406382891766e-08,3.79264054539613e-12,3.07265053616892e-08,-2.60963888239324e-16,8.19312693800336e-09,3.31653676056118e-16,8.17329364771614e-09,7.07429755606012e-08,1.7780337995227e-08,2.40911492036875e-09,1.6535137377294e-08,-4.55463294056835e-06,2.27435356780949e-08,-1.2467502220293e-16,1.35750291004452e-06,-5.98414246887108e-08,-5.52126746394132e-16,-0.000956901252143292,-2.19744723735542e-08,2.68180699662539e-07,2.16137090067202e-16,1.65519250353566e-08,1.51777006867706e-07,6.76986592597389e-17,-5.46197511986374e-08,-1.20775635129991e-08,-4.35719732784844e-09,-3.93919762100455e-16,-2.14976040937412e-16,1.11792112918131e-08,3.41594632340406e-09,2.7624701097248e-10,-3.94791741497897e-08,1.99925216276197e-09,-2.55155340777208e-16,-6.86328064596603e-17,7.28950635858559e-09,5.02376400315045e-11,-1.90297171715119e-15,1.75749393934334e-08,3.09956148689152e-16,6.2891162012555e-08,-3.34550294834011e-09,-1.95430388903662e-09,-1.29447731768639e-08,6.19221763285884e-17,-5.06725870927144e-17,-3.87293299870785e-16,-5.28415245309427e-16,-7.14852629933104e-09,-1.85504191296533e-07,1.08456879323695e-15,1.17173527457946e-16,-2.60686159268297e-17,3.47818992940544e-08,2.33731524761491e-09,-1.71350286020978e-08,1.74871189015232e-16,2.59715000598359e-15,-3.22764259322365e-15,-1.0489452881653e-07,2.22500548515356e-08,-6.73191173211554e-16,2.904678545275e-08,-1.01330085972463e-07,-2.08131348660489e-16,-5.53596117699462e-16,-1.00610669645404e-08,-1.03041875395787e-10,-4.96838633112824e-09,4.44923040066177e-17,5.56389720022683e-09,8.08126225376307e-09,8.63879450461961e-09,-7.83506298001872e-09,-2.78712492745391e-08,1.77179847215118e-08,-5.86527973497925e-16,4.98420431949963e-17,-6.52718656700973e-16,0.000158752084993037,-2.93838853395137e-08,-2.10370319153808e-09,-1.67287260972111e-09,-4.8352864059334e-16,6.77011065159713e-17,2.60275527712205e-16,-5.49049225704875e-16,-8.66397082407951e-17,5.45984689944595e-08,1.30791878880072e-16,5.78211481210075e-16,-1.27009917839341e-09,3.38413228441192e-16,-1.13661001718775e-09,2.05347891468755e-16,-1.40842249199773e-09,4.33309357718336e-16,-1.68851527557165e-09,-2.10818109691799e-10,-9.90404398246811e-07,2.74493940417832e-16,6.7007049475299e-09,4.80022205008079e-17,9.40176390392869e-09,-1.12587751962059e-07,8.99693406258793e-11,6.20095372223198e-17,1.30363307306791e-08,-1.49841112776918e-16,-3.16826072218783e-09,-1.78727857220028e-08,1.98146254653783e-16,1.80905991332341e-17,-2.84140216657665e-17,-2.26601842882495e-17,-5.94220514135767e-11,-7.71786968763183e-10,-1.71816521214246e-10,-1.62331350261117e-16,2.42542321062795e-16,-1.25263662185164e-08,3.67969047099745e-06,5.51628562972144e-17,-2.35676230247036e-16,-7.54164213183775e-10,2.28365560167683e-16,-5.32112611867215e-09,-6.84298448021444e-16,4.95976665549444e-08,-1.64286369138443e-16,9.92732815791025e-17,-1.38350996173768e-16,-5.52624309553762e-16,1.08905021147697e-16,-4.69581866456174e-15,1.96673747256893e-05,-6.55492299895255e-05,-1.10429580142358e-16,-4.17759200140484e-09,1.58605981110797e-08,-5.69573819217753e-16,-1.80072315634993e-16,-5.34631473756868e-17,-1.09752735040195e-15,1.53505830369327e-09,2.44235565447307e-10,3.23759926927434e-16,5.68065479275718e-16,-2.75708768706429e-09,-9.8273667301277e-09,-1.02574685765606e-09,1.69997933468352e-16,-2.17812119523931e-16,-8.78357816914809e-17,2.4866892915402e-16,-1.26829853720653e-15,-9.51371714918098e-17,5.5190564138847e-09,-5.19447379035735e-09,-9.93881356841247e-10,2.14803736646051e-16,1.21098872949511e-15,5.24094899220342e-16,8.64710470908349e-17,1.64841903800068e-16,-1.66722161006706e-15,-1.86606250220534e-16,3.85155875922119e-17,-9.91112664267764e-17,5.62556693394034e-16,-1.54521924876395e-16,3.44541859822146e-16,7.74856976013379e-16,-5.52372754346011e-16,2.55426435739032e-08,9.7088362031008e-17,-6.23285182974171e-16,1.78879614561392e-17,4.77211327613149e-08,-8.28984864338733e-11,-3.17702069320768e-16,-4.26719763431346e-06,4.25258733250433e-08,1.52696166108293e-16,5.58897947489955e-16,-1.15704726171062e-08,-9.47041920133627e-17,9.87381444581587e-10,-5.73763582203115e-16,-1.39567584758237e-16,1.04477483600691e-16,7.30598408730285e-16,1.31970280748869e-10,-1.80462628009818e-08,1.04055770323236e-15,7.88001948400701e-17,2.33805432485621e-16,-1.31923646913653e-15,-2.14315283643978e-15,-2.26545548038575e-16,2.37610730399781e-16,-3.74879280593681e-16,8.41169297769975e-09,-1.75312259401348e-16,-4.49217209106542e-17,1.02630997306341e-16,5.87043517845604e-16,-4.04841261918365e-19,-1.26168536174849e-15,-2.95198443661132e-09,8.85639283058739e-17,1.46515959924031e-16,2.1626966746503e-09,1.40594214180619e-16,9.77916582111747e-17,-3.15244988114807e-16,-2.80438051358461e-16,9.67353378877934e-09,1.82686595000737e-17,-9.7665516249334e-10,-9.87822021053526e-17,-1.56841430363736e-16,-5.95959370710586e-16,-2.21662739759027e-15,-1.24103074372098e-16,8.15372016725974e-16,3.09338036578168e-11,7.80778154826377e-17,-1.03104829868849e-15,0.00010050534430846,-3.02056285907451e-09,-3.62423059921793e-17,2.07011459731203e-09,2.90457032553145e-10,1.76047218894607e-16,1.66214118926423e-15,1.58559066108987e-16,1.48732031932077e-16,-4.83099105737681e-16,-1.28780862648948e-10,-2.54671584731909e-16,-2.7931710131874e-16,5.93357390078851e-16,9.81300059916467e-12,-8.48931407352618e-17,-1.17266145093051e-16,-2.46760270011574e-17,-4.70028588211658e-17,2.22041476944569e-11,-6.81481078361651e-17,-6.39900855999454e-11,-5.14591802443391e-16,3.39259960444496e-16,1.32215285571457e-15,-1.08345598779733e-16,-5.29587978308154e-16,-2.61238293892342e-16,-1.77067899475446e-17,3.71304051294147e-09,-2.21263820010101e-16,1.56594847726753e-17,-1.40361072568531e-09,6.85963596129711e-16,-3.44641214211448e-16,-2.69761244375583e-16,1.84390226332027e-16,-6.04684014937029e-16,2.21187177442531e-16,2.16864509318157e-09,6.22628207091377e-16,-3.28304150096604e-17,-5.14187997567586e-09,-8.74189485283672e-16,5.15263546674679e-17,-1.74947826376454e-16,-4.08819468207928e-16,-2.08626374536954e-16,-9.15734171924562e-17,-9.38152414743076e-17,6.82784856373549e-16,-1.30007450691273e-16,-9.70084300019483e-16,-2.02835810130102e-16,4.18111550683465e-09,-1.8785925038604e-08,8.40797263837783e-16,-3.74761677736775e-16,1.98220819938297e-16,8.94650675813218e-17,5.48194436377872e-15,-3.38144437306325e-16,6.41618203129116e-16,-1.822902841717e-16,2.28283196127537e-10,-3.39125120863711e-16,3.99331394009955e-18,-7.63765586820016e-17,-4.86994629053736e-17,-3.48361455469469e-10,4.89877115968296e-17,4.14763880381864e-05,1.5923161030982e-16,-2.0329563066511e-15,1.86995367299611e-16,-1.2988039764179e-16,-3.07727670363446e-16,-3.90947467342807e-16,1.93944540324086e-16,8.33275463544464e-16,-5.02250326328155e-16,-1.1828000105782e-18,1.10377221401288e-16,-5.97749497714536e-17,-3.38903942394627e-16,-1.14276398744393e-16,9.294613987234e-16,-3.20156681007992e-16,2.99115665113681e-17,-3.64631261152954e-17,1.76353915429159e-16,2.58361512101752e-17,1.4571970107038e-15,3.9015892521935e-16,-8.28025412263777e-16,1.43554097482715e-16,-8.15604808575296e-18,-5.96232319772946e-11,7.04720213284709e-16,-8.40627528224834e-16,-3.4742447450839e-16,2.78415422795661e-16,6.26376165205975e-17,-1.19761649235704e-16,-1.42053132998774e-15,4.43495878452474e-16,-1.0168527301441e-16,-9.4333726933375e-17,2.37464869454985e-15,-4.98768592035676e-16,-4.80372192258578e-16,-2.156282905596e-16,6.9589117106397e-16,1.09177385602839e-15,1.99575904135857e-16,1.18002256035402e-09,-6.84933526925281e-17,6.8435044403731e-17,-3.19159998701642e-19,-8.54725826492897e-16,-6.31694027919289e-16,-1.78753334091362e-16,3.33758087619332e-16,-3.8457970206135e-16,-8.22878276503367e-17,-4.12365843615415e-10,2.57980504750507e-15,-1.61563449430274e-16,1.06966425474389e-15,-4.98465288373338e-16,1.90636923113935e-16,-4.07969167265672e-16,2.91747281978268e-16,-3.07738855081587e-16,8.65932725233061e-18,1.24892754750759e-15,3.94655127719669e-16,-3.46099968531204e-16,3.30088842443922e-16,-4.03297562155373e-09,4.24778000846804e-16,-1.9210002517315e-16,8.68422118907743e-17,-1.7304028498299e-15,1.89390476110677e-08,8.11257947054618e-16,-2.22172917969596e-15,-4.2456317786128e-16,1.23135127591802e-15,2.65117569772391e-16,-2.14826708922773e-15,3.46561709901378e-16,-9.46503931966722e-16,6.25747511756481e-16,8.99420413886184e-16,3.1328912560542e-15,-5.86186225949628e-16,-4.32772373141312e-16,-2.3053798900958e-15,5.85919806936637e-16,4.24411516511631e-15,-8.04188941301201e-15
"t914",-0.0448761686249124,0.0424471750411747,-0.0699486394948574,0.0348176908715755,0.0105788814312859,-0.0056572812511885,0.0376263230550516,-0.0869392413498663,5.27569083803763e-05,-0.000321694085465831,-0.00019152935655117,0.0111469011432494,-0.0185500095818603,0.00269239996639695,-0.000663911104062065,-0.0957198085013029,0.00218020711669196,-0.00446914610341115,0.000299146786958851,-0.000105757944518179,0.00893194762168118,0.0368265362531849,5.87674065030365e-05,-0.000343243886417649,4.99683341653664e-05,-1.70404931095388e-05,1.90282261661001e-05,-1.64231288428555e-05,0.000197699307390554,0.000278266990527227,-1.07096494048418e-06,2.080590681308e-06,-0.00076745722418826,2.07347274231597e-06,-1.25138960063581e-06,-2.18721685636571e-06,-8.82185789034898e-05,6.38049958295323e-07,5.22483878891259e-06,1.45965094045132e-06,7.90712792266575e-05,-1.06986839239211e-05,9.40921771932529e-05,-1.10573799606364e-05,0.00254245442774529,-6.50902251644969e-06,9.41738046983153e-06,-0.000196409898665468,1.804225710575e-05,-4.42375549455536e-05,0.000508681241026272,-7.59937700982861e-05,1.17947217564519e-07,-0.118076400964256,-5.65872675288086e-06,5.00130781431593e-05,-2.438202502459e-07,8.61138209286398e-06,-2.66289862985587e-06,-6.0815946165422e-05,-3.72425966407057e-06,5.43193955709911e-07,-2.03228619617101e-05,1.11467051611272e-05,-9.60755943684398e-07,2.57360755700751e-05,-2.015458918097e-07,7.82159866577841e-06,-2.232957948103e-05,9.48490466556048e-06,-1.2112860223076e-05,0.00238357649928549,-3.84865652754726e-06,-0.000425615386117017,0.000212392814125125,9.64024333577213e-07,-0.026756655180488,-2.64815440317242e-05,2.79973107769052e-05,2.55585806552053e-05,-5.48655296462274e-06,-7.79072279754211e-05,7.37845651166591e-06,4.45302041189363e-05,-3.19197274146057e-06,-0.000721557588382713,0.000492758222883752,1.03376095435168e-05,4.43663303043763e-06,-0.00695408192368867,-8.24309649207602e-06,-0.00325569171429587,6.03760741980349e-07,-1.3108495161488e-05,-1.04887986203876e-09,-1.61643827990848e-06,3.66024363733699e-08,1.17002480011974e-08,2.48480747935603e-08,1.17323254544432e-08,-2.48818137071541e-10,2.86885546445906e-10,-1.35749046459079e-09,1.04006912291972e-08,-4.74038039998991e-09,5.49247690365576e-08,-2.71632817102029e-07,7.26909182630356e-08,-4.29180035100583e-08,4.81247005058829e-07,4.60785463165707e-08,1.0880991157898e-07,-2.38852664944723e-07,1.50592350814869e-07,-4.82195779215238e-10,6.29746520278144e-09,1.7011618333084e-09,-4.80481087833113e-08,1.2623251539118e-07,-5.55016172756227e-07,3.71306762612892e-06,-2.52174207492399e-06,1.98694113206663e-05,6.97429760451054e-05,-0.019634032072752,-6.58025735754769e-05,0.000501381713213271,-7.10461457005712e-07,9.08789812514129e-07,2.98949931846081e-05,-4.87882302251907e-07,2.55868539546745e-06,-3.05228314301575e-06,-6.11292054549703e-07,1.77306778281915e-06,1.02530528623055e-06,-6.58817085505978e-09,-5.39040540289876e-06,3.85010134217022e-06,-1.16627705303065e-05,-1.13543760978354e-06,-6.19217650729461e-05,4.14353523474894e-05,0.000195616587202985,0.117513406676033,6.40001082301516e-08,7.38592334600504e-07,-4.68205435007676e-08,-2.5215738055965e-09,5.57508831810089e-09,2.32378093235779e-05,1.31130270925481e-08,2.03250378482266e-06,-8.65253043961168e-08,5.80277723726209e-09,3.35940224210888e-10,-3.43839306401623e-09,-2.68662346619292e-07,-2.07312054945174e-10,9.9534835459245e-13,2.27684964148989e-07,-5.51102703759217e-09,7.65476011667875e-09,1.09860092056771e-06,-2.3223532964793e-07,1.35164798937377e-06,-9.00179947955625e-07,-1.64806402599602e-08,-8.34351775851637e-07,-1.49633785930917e-06,2.76537765313193e-05,7.05872263549624e-06,-0.171328665700421,7.86244234506986e-07,4.57493694899912e-06,8.91913914285814e-08,3.30716014906666e-07,-1.15471991574534e-06,-6.59799193242045e-07,-0.000103560435431792,4.91424180819996e-06,1.4158289373121e-05,-3.38279622016627e-07,-1.05485843235527e-08,-3.94789841847258e-08,-6.57355252520603e-08,-1.31651668339057e-06,3.18696714788007e-07,1.45359248946993e-06,-7.72175085275826e-05,-2.38481580117131e-08,4.37651498044975e-08,1.72734999843542e-07,2.1936937578869e-09,2.92410316113483e-08,-4.56205220774019e-08,-9.31127524477943e-08,-0.00200107108753016,-2.34939897071768e-09,1.1006329426278e-08,1.09602849506715e-08,1.76371679547069e-06,-2.73721426078543e-10,-3.08832515944254e-07,-6.75265620134944e-08,-3.02413535695626e-06,5.07101859623726e-08,9.65496972739799e-05,-1.33736439612172e-07,-4.92480600562439e-09,-3.33969975669274e-07,6.36682474420546e-07,-1.55483407227419e-07,1.1896592919882e-08,6.52169754621403e-08,1.75219209266959e-08,-4.6993316499612e-07,-5.77757574684362e-09,1.70240168056596e-08,1.09906176257031e-07,6.50729094915194e-07,-9.30217207072239e-06,-2.89442924938404e-07,-1.0175495895852e-06,3.2338558051034e-07,1.72672634087651e-07,1.84114075527262e-06,1.60150246238008e-07,2.88672298476349e-07,2.68798819092171e-07,-7.99056903459548e-06,-1.35366355183494e-06,-1.12966355953524e-07,-1.92969464361207e-07,1.24968124741399e-08,1.80404292767868e-06,1.46669236945096e-06,-8.83751079437729e-16,4.13945120981228e-07,-0.000761116069287671,7.27097183279408e-07,2.60797309787244e-05,4.98600153846995e-06,-4.7368998154037e-05,7.66175214293953e-06,-0.065620527592287,-1.43373899845262e-06,1.68705950353416e-08,-1.77740417639803e-05,1.65880443345695e-05,-4.55857603837167e-07,5.95089341237316e-05,-2.27224408623375e-06,0.492657280640722,4.01244610921051e-08,3.57830095605536e-07,-5.01245148501846e-07,5.63272699381367e-05,2.31408288481851e-07,-4.40461608466033e-08,9.34281867099661e-07,-1.79107284954779e-07,1.94346932125759e-05,-9.53265773828941e-06,9.30258764622505e-08,-3.15809705091787e-08,3.51929834883376e-08,2.4862903295404e-06,-5.66932454093285e-06,3.66596184869375e-08,1.45713060195325e-08,-3.10564391528129e-08,2.68174927962499e-06,-0.000240146219645408,5.8158255578909e-07,-8.22507515316108e-06,4.84514387387266e-05,-4.43049803066085e-07,1.01587762584464e-06,-3.68916942906874e-07,1.99467838395808e-07,5.57118620401746e-17,-4.83568951524717e-07,-1.65322066769696e-08,-1.52734968505263e-10,-1.30249091916999e-06,2.28115358287841e-08,-1.40428775122447e-08,-2.50610502333482e-06,2.73118674752663e-07,-2.84147751716516e-07,7.43853835591629e-07,2.69758974180706e-08,-2.34534414908941e-08,3.01884462679059e-07,-3.64500424305388e-07,8.07186138501671e-06,-1.70049548142992e-07,7.36560967814345e-05,8.0813269764363e-09,4.53671545830773e-08,3.85964202333976e-07,-3.13177029201697e-06,7.36861219388845e-08,-2.80490692499178e-07,3.74667153324301e-07,-1.35652428364838e-06,8.40415250509125e-08,7.58316813309411e-08,5.76902451166299e-07,-9.69116076527438e-07,-7.74798814369717e-08,6.28006376405468e-07,-4.08918691340667e-07,1.00855295584384e-08,9.35027148174642e-08,-1.80271414369081e-07,4.22338211795769e-17,5.28104171635406e-10,2.22251735994805e-06,-1.66920888992928e-05,1.45732785753309e-07,1.31248546246169e-07,3.85480987787858e-08,8.94855030199492e-08,-1.30917279851991e-06,4.86384594079105e-07,-1.23509490342625e-16,-3.72823034653479e-07,-4.54578049348118e-09,-1.27157230087058e-08,4.2302558030393e-07,9.58101426620934e-08,-6.47779067116532e-09,-2.48559107885143e-07,6.64497932593385e-08,-2.21826430484452e-06,4.23966177835451e-07,-8.67737088018021e-08,-1.57665105764006e-07,-8.36286762271504e-09,-6.80741571210094e-07,-1.58580825031382e-07,6.67760695889081e-07,-1.73490309557417e-07,-7.49961719746e-16,-2.75480470350746e-05,1.09963564912684e-05,7.69580135600962e-09,5.66189577430778e-07,-3.52326925387344e-07,-7.91151236180278e-07,2.86730566110025e-06,-1.04775557967168e-05,-7.45719766777269e-08,-7.5704796275855e-16,-1.41843954107767e-07,-3.97850116890743e-07,-1.92039894183716e-07,9.47912385277398e-16,3.91444075837248e-07,5.21500936814647e-06,-8.04601566328889e-07,-3.38075617526374e-07,-1.18145599677838e-07,-6.57683861265693e-08,-2.43344228380853e-06,7.666653519112e-08,8.28758611690352e-07,2.71408445207044e-07,2.5706246406519e-07,1.97835615172519e-05,1.40166169081876e-15,-0.113635631763735,-2.0189719771967e-06,-3.56352772749309e-06,1.37093517305844e-07,7.84045486602418e-16,2.44062300733607e-08,1.37076874561965e-06,-1.00504477807685e-08,-1.03899898244036e-08,-3.02349778569173e-08,2.03670844320478e-06,-6.33212429137319e-07,1.25411192196213e-07,-2.69863900938069e-15,6.56812755546551e-07,-3.36623098419565e-05,2.7598810086991e-06,1.09859870451987e-06,-1.13425621144834e-07,-8.10176435875415e-10,4.50353391726046e-15,-2.47313031721049e-16,-1.37001775935091e-09,-0.000765697786932841,0.376757183305307,2.05179922424092e-07,-2.44221976759863e-16,1.73979283129918e-08,1.0261490906848e-10,4.14851210368582e-15,-2.00120925629214e-15,-1.011616346014e-15,9.2728932738222e-09,3.39757830372206e-08,-7.62926010168575e-08,5.56384140807053e-08,2.82870006008065e-08,6.75150772236927e-08,-2.06940822688334e-07,-7.1371186747574e-16,-5.50962312654961e-08,2.11524053373869e-07,-2.76675738487348e-15,-7.54869393655073e-15,-1.23506986600569e-07,-1.00856827396227e-11,-0.000327771580535491,6.50812764585076e-08,7.43462480322311e-07,-5.55141639413134e-09,-0.694837722970117,-2.00785233373208e-08,9.01563162593011e-14,-1.05414710952118e-07,-5.67117012744725e-14,-0.0119115750922902,-2.82216675000274e-15,-5.24277425363307e-09,1.2286457137099e-08,4.63252918870726e-09,6.9197861419687e-08,2.55314980980537e-07,-0.00913542502188125,1.04273281073129e-07,9.16219270646084e-09,4.47545541228535e-08,4.95258959111101e-09,0.00838165851787885,-7.86263200207466e-08,-2.87713897301887e-08,-2.92371344507783e-09,-0.000776481295965246,-1.49145361277113e-15,5.59912352103831e-07,-1.04271437595716e-07,1.1252860265238e-08,-9.61663003743139e-15,1.51261853184372e-09,4.17832996994959e-08,1.50522867394721e-07,1.8227043946868e-15,-2.54286534449127e-07,-1.96948554391838e-08,8.23540241267247e-16,-2.61703604898182e-08,3.12121811973009e-06,-9.13646150940719e-16,-9.9815280233488e-16,-1.53755332806171e-08,-1.19025339083012e-08,-6.80692196493761e-11,-9.48337745890173e-08,2.53932762919576e-08,5.185220570862e-08,7.20696504973613e-09,8.89633485330992e-08,-1.51894147391653e-07,5.04729974850601e-15,2.17680536090506e-09,2.16213548869878e-10,5.97531208735712e-10,5.60126390278824e-08,-1.33375592393037e-15,-2.02419102901171e-16,1.84650626273326e-08,2.31243131940024e-16,4.39147111470793e-17,1.17541257572581e-07,-1.31487158910135e-07,-1.70199109344282e-07,-1.42375226274429e-09,4.32196459292527e-06,9.4860166086414e-08,4.26366879120097e-09,1.21931375935401e-16,1.04542223664089e-08,4.8921760028942e-10,2.24620739576457e-09,-1.5777800398393e-07,6.24709530066478e-07,-8.60040281037511e-17,5.75631138159086e-16,2.15422666417599e-15,-7.89268120630054e-09,-2.63598628535085e-08,-2.209714570193e-08,-2.59211266286199e-16,-2.02440295799235e-08,-1.5243035024512e-15,8.24294808822327e-17,4.79942648352682e-07,-1.05388181888996e-08,-1.07193524595964e-15,-2.59666058059196e-08,-9.31643912741791e-08,4.9506252306899e-12,4.02013456299431e-08,-3.19836066205287e-16,1.07564904622693e-08,3.54313501461066e-16,1.0733809713601e-08,9.29277856507053e-08,2.33626261061549e-08,3.16669203404038e-09,2.17536783919763e-08,-6.01192007048342e-06,3.0163117420711e-08,-1.53297959556547e-16,1.81140995717211e-06,-7.99039182595655e-08,-6.93831970337988e-16,-0.00127885591927098,-2.94161830572106e-08,3.59538264658187e-07,2.4779579350378e-16,2.23064911508637e-08,2.04760737331065e-07,6.91081220839701e-17,-7.3791120889632e-08,-1.63282066187248e-08,-5.90623124612807e-09,-4.27313189013009e-16,-2.40021111121827e-16,1.52511063002689e-08,4.67331326183613e-09,3.78150731352007e-10,-5.47470626161018e-08,2.77856000519517e-09,-3.15111720915657e-16,-7.45959184083305e-17,1.01465855260206e-08,6.99417243158433e-11,-2.15494030203682e-15,2.45327381606925e-08,3.50830570591856e-16,8.8016831053552e-08,-4.69902494822419e-09,-2.74568868353843e-09,-1.82053407378516e-08,2.88540100677805e-17,-7.17061092389332e-17,-4.75330516276607e-16,-6.01382051517701e-16,-1.01496606169531e-08,-2.63595569910988e-07,1.31051652598293e-15,1.54686922625944e-16,-2.5526514840587e-17,4.95695411683065e-08,3.33532904747232e-09,-2.45385693703921e-08,1.95687870726954e-16,3.0416457429178e-15,-3.39271785354703e-15,-1.52126376153412e-07,3.22833614129781e-08,-8.03729114778809e-16,4.23644478906503e-08,-1.48105319250717e-07,-2.40223732966061e-16,-6.5995635082029e-16,-1.47812361540775e-08,-1.51447715821177e-10,-7.32504438916979e-09,5.83700918144324e-17,8.24662600972604e-09,1.20136176642435e-08,1.28970700150362e-08,-1.1767006264003e-08,-4.19263975769171e-08,2.67354120565125e-08,-6.81504083807655e-16,4.33368301600832e-17,-7.3598538354786e-16,0.000244038085471844,-4.51832022613206e-08,-3.24292487358825e-09,-2.61278570499252e-09,-6.61988318184454e-16,6.81347873849655e-17,3.04510976349614e-16,-6.43808495580108e-16,-1.32935141005926e-16,8.65328367944426e-08,1.56270629933481e-16,6.736212723888e-16,-2.0251234445917e-09,4.00104332055617e-16,-1.81287119336893e-09,2.32561365998141e-16,-2.24764091331596e-09,4.91639434598057e-16,-2.72414964810177e-09,-3.4103219356492e-10,-1.60880004354846e-06,3.28812469259357e-16,1.09414493448835e-08,5.78684602704259e-17,1.55351055261637e-08,-1.89111537279158e-07,1.51231407226055e-10,6.17312533931603e-18,2.20666958087859e-08,-1.46046405173219e-16,-5.42483020955477e-09,-3.06201916995777e-08,2.20697659841482e-16,2.77399984683551e-17,-3.88223625216273e-17,-4.99820790348842e-17,-1.02816216411011e-10,-1.33898994085364e-09,-2.99028752631521e-10,-1.91387968483728e-16,2.78429412972065e-16,-2.21440279675541e-08,6.50959056009478e-06,6.29691119391101e-17,-2.74599088239266e-16,-1.36231011053969e-09,2.89731403130362e-16,-9.65698206335301e-09,-7.83828207455614e-16,9.12780289605678e-08,-1.98763998223482e-16,1.02851148748304e-16,-1.65781311137652e-16,-6.59526643760833e-16,1.31564846552644e-16,-5.66224869809038e-15,3.73199327698007e-05,-0.000124435782464818,-1.41871443144437e-16,-8.02206751581678e-09,3.06069334474976e-08,-6.73982488428107e-16,-2.23982503620656e-16,-3.15616657235939e-18,-1.28314276233147e-15,3.02866603771435e-09,4.84485340599567e-10,3.84149987934876e-16,6.39405982225265e-16,-5.50278831963206e-09,-1.9629956034638e-08,-2.05451884973063e-09,2.449163035871e-16,-2.21389986693134e-16,-1.03990394061515e-16,3.04396920819775e-16,-1.57675405527866e-15,-1.30699002749334e-16,1.15966141554583e-08,-1.09675957222531e-08,-2.1087381960658e-09,2.48197163558604e-16,1.42858810551295e-15,5.96085923473379e-16,1.08046670323296e-16,2.40952896308551e-16,-1.77564182731561e-15,-2.29974337119952e-16,3.60219225954952e-17,-1.31095230515099e-16,6.31295111129615e-16,-1.73712303329388e-16,3.85958382811092e-16,8.64845756329675e-16,-6.4290363574855e-16,5.9528806307369e-08,1.13026133966545e-16,-5.72002420215606e-16,1.72374401526479e-17,1.12830740539728e-07,-1.96670173817508e-10,-3.79935274021436e-16,-1.01451373818539e-05,1.0301273660398e-07,1.7687387455472e-16,6.2958792913601e-16,-2.87246485128401e-08,-1.38939640650771e-16,2.53141356115403e-09,-6.80991177061931e-16,-1.72635751019045e-16,1.22366819446702e-16,7.97276842338144e-16,3.57866658524225e-10,-4.91361925986943e-08,1.18865971999388e-15,1.04278945893479e-16,2.84546094157943e-16,-1.42872488573384e-15,-2.22387125938238e-15,-2.71323097762226e-16,2.95723966845003e-16,-4.44268219632753e-16,3.02219834617208e-08,-2.26161341290918e-16,-6.94246900088267e-17,1.16834045765901e-16,-2.61344682124303e-16,5.8835313384976e-18,-1.38513258998494e-15,-1.15472189763462e-08,1.0081541285496e-16,2.0191869093804e-16,8.60589084989741e-09,1.46232065477543e-16,2.12608668277389e-16,-3.57203612189996e-16,-3.4256283584188e-16,4.93268765274845e-08,2.49907129694838e-17,-5.27020157065755e-09,-1.01709547971064e-16,-1.82862282503388e-16,-5.58662815977085e-16,-2.62477072951265e-15,-1.55653357591426e-16,8.86170418589278e-16,1.9056103566331e-10,7.47167887479326e-17,-1.22175946082869e-15,0.000699135340705785,-2.11528962950173e-08,-5.23969183622133e-17,1.64216373834555e-08,2.40704985023343e-09,2.18222683404293e-16,1.89090784765866e-15,1.75797880651507e-16,1.58489851484446e-16,-5.70377380622764e-16,-4.02125847761922e-09,-1.77151129399195e-16,-3.44918691292727e-16,6.55590594779519e-16,1.60603809063906e-09,-7.53412200289823e-16,-9.10284525189023e-17,2.77993581471411e-17,-4.90628429488882e-17,-7.29184970331762e-10,-4.48377611277269e-17,1.51244626868575e-09,-6.10218434056613e-16,4.26212974677833e-16,1.48218109637343e-15,-1.14200290511155e-16,-6.29985099480312e-16,-2.15593382430702e-16,-2.7247769065417e-17,-3.3731030344442e-08,-2.97591652953081e-16,4.27536196157749e-18,1.0938289008939e-08,7.71073466669823e-16,-3.81504088075956e-16,-1.17213998706872e-16,2.09326876299194e-16,-6.54123634002368e-16,2.45798566757952e-16,-1.14216122076336e-08,6.3737335663718e-16,4.26300561953307e-17,2.33993720388931e-08,-1.01340104423081e-15,4.68642853257801e-17,-1.25725047745611e-16,-4.33647697957847e-16,-2.15240007789115e-16,-2.67756270221349e-16,-1.10295114496087e-16,7.49138029329662e-16,-1.36621083943434e-16,-1.11428318896006e-15,-2.48914402460736e-16,-1.21268071510583e-08,5.19526184356207e-08,9.51060624779562e-16,-4.33850696137235e-16,2.22723789036469e-16,1.28930026659794e-16,5.76283263858874e-15,-3.82054625291988e-16,6.56905453761162e-16,-1.95842811327769e-16,-4.99675101897443e-10,-4.06020394906067e-16,-2.35074532593919e-19,-8.96038251863247e-17,-3.64479783562871e-17,6.34266187087448e-10,-5.91072449999746e-17,-6.20081636830161e-05,2.84348541014648e-16,3.24424476984139e-16,2.2223193790539e-16,-1.59479116950644e-16,-3.53697842476832e-16,-3.48446742181375e-16,2.11833876170097e-16,9.42563042531001e-16,-5.95708553596405e-16,-1.00732578249593e-17,1.60250521335621e-16,-1.08564047533301e-16,-3.88560401894463e-16,-1.28371026986705e-16,1.1018495441486e-15,-4.16650674359201e-16,3.32725932460732e-17,-1.01170133238985e-17,2.84123611374218e-16,1.1633102750615e-17,1.11385840445532e-15,4.65619396424342e-16,-1.08953497626727e-15,1.85404301340655e-16,-1.95401708968507e-17,4.45500419794233e-11,7.67820779723365e-16,-1.2585684330506e-15,-3.52194964067326e-16,3.19940366001855e-16,2.36063383111193e-17,-1.34723639216004e-16,-1.6591642281518e-15,1.2961934951792e-16,-1.1664726299471e-16,-9.69358121473402e-17,2.49556242665892e-15,-5.49292413273501e-16,-5.20812933292288e-16,-2.54117467682836e-16,7.76230552045146e-16,1.1846899822104e-15,2.37197719521104e-16,-5.32453019822846e-10,-7.97690552863774e-17,1.18416764555313e-16,1.91964791060374e-17,-9.64880767217427e-16,-7.44667894292278e-16,-2.41637060095522e-16,3.97617595578728e-16,-4.26321485702041e-16,-8.79256789472614e-17,9.66628709631423e-11,3.34826680474259e-15,-1.63840273992494e-16,1.2447629056003e-15,-4.59542430381108e-16,2.02888407663021e-16,-4.60010871544975e-16,3.45632129950798e-16,-3.71815203475481e-16,1.12614124662958e-17,-1.89037984292418e-15,4.72717684138626e-16,-3.94780646075803e-16,3.78661099771273e-16,2.92914297075842e-10,5.1552572268384e-16,-2.97918157207735e-16,7.33981049519542e-17,-1.67093118389596e-15,-2.02593346331864e-10,9.59902064902377e-16,-6.94196738881129e-16,-5.2257505425397e-16,1.44504752411491e-15,4.07148054367992e-16,-1.33494192097911e-16,4.10095957209029e-16,-1.10284588523913e-15,5.26543012974057e-16,1.38275774238022e-15,3.40871228873452e-15,-7.87197308728441e-16,-6.39854988086044e-16,-2.57111784257199e-15,4.53105040807163e-16,4.23598364882266e-15,-8.72547888276412e-15
"t328",-0.0386803472817609,0.0291367237157756,-0.0471638463045574,0.0181998040323538,0.00346439462296902,0.000297363775036802,-0.00552149534465105,0.0865691655887278,7.76832050895126e-05,-0.000211947033118144,-5.95196166323089e-05,0.000857073251045055,-0.000922811517109104,9.8410092198702e-05,-2.62755066060912e-06,0.00206755204395746,-4.78467949756831e-05,7.16666583934853e-05,6.71336644792109e-07,-3.19248135945999e-05,0.0281503891404056,0.00053842289128694,-1.13219935275959e-05,5.59228897617927e-05,-6.84772494012924e-06,-1.10907026153688e-05,2.09168236943356e-05,-2.59597953902198e-05,0.000938702353293255,-0.00158891702458087,6.17849241393179e-06,-1.26638559141375e-05,0.00533315334637534,-1.62069456504598e-05,1.14426359614725e-05,2.80107276045159e-05,0.00121509440357179,-9.73137987961791e-06,-8.36310002472727e-05,-2.62624910862023e-05,-0.00189906579940986,0.000370050238790811,-0.00459313877533695,0.00055933618043725,-0.277349037334737,-0.000166606722885473,0.000159989498572815,-0.00282269132791652,0.000168800995593155,-0.000261745245229926,0.00139963055432709,-0.000118024786478894,1.63524984717382e-07,-0.00318739882246163,1.43992636935783e-05,-0.000147433146334859,3.82134732575419e-06,-0.000233997565446085,7.85740971560726e-05,-0.000602937594790508,-6.9477560454422e-05,7.61018573828482e-06,-0.000235927596713687,0.000123948496614591,-8.05340447853141e-06,0.000173609264932142,-8.92647603412963e-07,2.8984562718968e-05,-7.62172862078442e-05,2.78850202455396e-05,-1.45186425870226e-05,0.000204220486831761,-1.27161237327051e-06,-6.3774560851187e-05,2.76958627080577e-05,6.49608859416651e-08,-0.00117676077018395,1.52615670329881e-06,-5.80741171934626e-06,-6.04700686667241e-06,1.34299822558518e-06,1.86763173346147e-05,-9.94462066325551e-07,-3.71958121441742e-06,-4.37894675582549e-07,-0.000104283665790538,3.9800041920015e-05,6.25975129984353e-07,2.42755386106789e-07,-0.000271013619811264,2.58606023365053e-07,-2.01578330894147e-06,-2.19726926126561e-06,0.000195859909697168,4.21140473897337e-07,0.00794124379332557,-0.000326453371851958,-0.000456255193718412,1.46142838323544e-05,9.18193783253407e-06,2.45822255229199e-06,-1.20681569257536e-06,3.45935800688542e-06,-1.88551379351269e-06,8.38937218200219e-07,-9.59135026305809e-06,4.68474981911795e-05,-1.25254182845951e-05,7.4038800542404e-06,-1.47194812007254e-05,-8.06630006570207e-06,-2.00146890982297e-05,4.43180050438072e-05,-4.32438635941895e-05,1.71242111118431e-07,-6.83083192592132e-06,1.02471032646541e-05,-1.13535367469414e-05,1.19958595648565e-05,-3.05037783829029e-05,0.000150942384011434,-2.96898777396709e-05,2.9487397933228e-05,8.12864190466646e-05,-0.000205464918129553,0.000346225373321788,-0.000262146043017328,8.60604101710478e-06,-1.78519559286227e-05,-0.000588985562154609,9.81176464780809e-06,-5.77720094393786e-05,6.9849248795796e-05,1.41028504352954e-05,-0.000760413009119888,-2.40039795694088e-05,1.47312228699263e-07,0.000102387767316937,-3.35638276603692e-05,9.66932982265685e-05,6.23825325160249e-06,0.000242720055833622,-4.78283911930756e-05,-3.17191805471441e-06,-7.66526775100316e-05,6.20828299404724e-07,2.99773216997133e-05,-4.75133790001267e-06,-3.14253598534858e-07,8.56235931095893e-07,0.000959118216158708,3.81580321396047e-06,0.00329134543396427,-2.74435717216502e-05,8.9676601742518e-06,7.88746770532186e-07,-1.19134558677337e-05,0.000837689375861813,4.11375629289466e-06,1.37308397881897e-06,0.000695129504822303,-1.36444163862087e-05,7.9840888230306e-06,0.00106048486997693,-0.000132807387334868,0.000511022146404148,-0.000101221770804338,-1.74973598440537e-06,-8.72498386659084e-05,-0.000121401342721601,0.00151518244379029,0.00036041008749641,-0.000258355815691331,-1.29242196269349e-05,-0.000247133023691991,-5.70029027690032e-06,-2.28571263070382e-05,0.000228092945112693,0.000577326062472326,0.261751999625862,0.00997219033547467,0.00151388259986125,5.35759824463843e-07,8.43095196958299e-07,5.64398326197784e-06,2.28030999063999e-05,0.000533932856560526,-0.000596961209848474,-0.00295290358631798,0.712473766495676,-3.30937676173464e-05,3.4558358465234e-05,0.000120049339270203,1.29790675876934e-06,1.55416264447677e-05,-1.68699557976293e-05,-2.96335109554382e-05,-0.00107839147062742,1.53258781517855e-05,4.92630043852086e-06,4.85900620352736e-06,0.000733967428512823,-1.09803614725329e-07,-0.000114826555614887,-2.50847960643791e-05,-0.00109912688401881,1.51045480807129e-05,0.00402880243196387,-9.49241377747503e-05,-3.81723299242967e-06,-0.000352070319116435,0.000779274609010323,-0.00184140025145168,-2.86085438513141e-05,-0.0008735012137948,-1.98022275331325e-05,0.00468455224966288,2.23253462760259e-06,-3.82273690086421e-06,-1.81514015868105e-05,-9.7481505512408e-05,0.000963029157010543,2.7604090571552e-05,8.88697813583409e-05,-2.18081547988918e-05,-1.10670636506e-05,-0.000116547732493146,-7.73578379293434e-06,-1.18517128346712e-05,-9.20076867076875e-06,0.000251593913920232,3.90478584716325e-05,2.9979623895833e-06,5.00019771262235e-06,-2.57489075511485e-07,-0.000633380003200114,-2.13724021572041e-05,-3.64470816403082e-17,-3.44312327802171e-06,0.00177700668938253,-6.23503327602291e-06,-0.000145382452250174,-1.94147014020649e-05,0.0032193112574373,-3.45023951058654e-06,0.000939052593998565,-2.59310744010228e-07,1.79759159779712e-08,-2.87716026519906e-05,4.2040878937299e-05,-1.32158407648793e-06,0.000181001863527757,-8.46891890880264e-06,2.70937851581041e-05,-1.94224141113852e-06,1.39961195841127e-05,-0.000104006055981974,0.13784854976133,-2.05703132385471e-06,5.64769669300209e-08,3.09818622694244e-06,-7.53935303756875e-07,9.68706203186631e-05,-5.58917458612681e-05,6.39953145371832e-07,-2.20410279531599e-07,3.05695500916746e-07,2.16735639968254e-05,-4.96162093141322e-05,3.33507702594951e-07,1.34330743132802e-07,-2.97669239268656e-07,2.58789098616719e-05,-0.00027300058469723,8.61564888849718e-06,-0.000129925976709047,0.0102895047151014,-2.09444192491548e-06,9.37947436400714e-06,-3.5397862717849e-06,1.95766535270166e-06,1.00597831981074e-16,-4.99510227418913e-06,-1.71615248366109e-07,-1.60833306477138e-09,-1.40958706551059e-05,2.53209189466169e-07,-1.62235874348585e-07,-0.00533039705582457,1.70051129873757e-05,-3.19660269632573e-06,8.37114866554467e-06,3.05149097580441e-07,-2.67720033859022e-07,3.44919391692785e-06,-4.1668980308063e-06,9.23931445600196e-05,-1.93746550147662e-06,0.000168017630352647,1.07034514103343e-07,5.79578965771839e-07,4.39654355953555e-06,-3.50456161444233e-05,8.22467596151983e-07,-3.11866034270692e-06,4.14533319765086e-06,-1.49852942014593e-05,9.15623900795077e-07,8.25267271119603e-07,6.26553188446842e-06,-1.05103413048657e-05,-8.36316363525437e-07,6.74212341309699e-06,-4.36747375983451e-06,1.07471798278258e-07,9.9243103679281e-07,-1.89680286884901e-06,5.81715931151139e-17,5.22832642297405e-09,2.18507571110588e-05,-1.48105233607619e-05,1.43655940942748e-06,1.28470533288186e-06,3.74440168616451e-07,8.64255629861393e-07,-1.25656194156925e-05,4.60965408712456e-06,4.17229207441653e-17,-3.42729141316541e-06,-4.16236314013169e-08,-1.15434889562797e-07,3.83629321837433e-06,8.49849406228399e-07,-5.67316846535289e-08,-2.1365759964531e-06,5.63630119171212e-07,-1.82550565569123e-05,3.38734972814538e-06,-6.79766687700979e-07,-1.22121873892365e-06,-6.43193782294365e-08,-4.75690968227691e-07,-1.20281736594775e-06,5.02105590389634e-06,-1.29608590560137e-06,-4.23029617647127e-17,-0.00102078750285208,1.34400702201449e-05,4.99660172076681e-08,6.67814636845701e-05,-2.19566955598318e-06,-4.43826528557501e-06,1.54642892679986e-05,-5.60404367100385e-05,-3.85775763096692e-07,-9.99130260150846e-17,-7.0358455170192e-07,-1.94039705763625e-06,-8.73088950076521e-07,2.70502867908456e-16,1.6229101243352e-06,2.10892317191798e-05,-3.21020368158371e-06,-1.31006117579484e-06,-4.33983032118805e-07,-2.31065782323537e-07,-8.23150746690486e-06,2.27216847793876e-07,2.41216018393098e-06,7.021809645079e-07,5.90358697348682e-07,0.000661211405816839,9.58485942772192e-17,-1.403830814837e-05,8.67657864143522e-07,5.56369026767684e-06,-5.52514423392909e-07,-2.09746264680682e-17,-5.18904751271465e-07,4.8806061650372e-06,-2.2051120483074e-07,-1.94748864812911e-07,-4.89416875849641e-07,0.000476996739345437,-6.49599497034062e-06,8.44441687534827e-07,-1.83398389431575e-16,2.89330167928493e-06,-2.88517451844424e-05,1.05192665177669e-05,3.45491356286002e-06,-3.50679102356269e-07,-2.34373176612563e-09,1.60006268382923e-16,2.37872860236308e-18,-2.20562300342042e-09,-1.44634030461103e-05,1.90139398072767e-06,-3.57848951040157e-07,9.95996888346302e-16,-1.62563381822778e-07,-1.88213268810667e-09,1.52684996990489e-16,8.79315127873819e-18,-1.30702080869527e-16,3.74473918996367e-07,1.09525206464647e-06,-1.5378295375593e-06,8.85371413716623e-07,4.40027116969254e-07,8.80593580207012e-07,-2.65215133492207e-06,8.04151874784663e-18,-5.47831477623808e-07,1.95296907856611e-06,-6.6985555167324e-17,4.26728347582807e-17,-8.70030542882269e-07,-6.59353953980378e-11,-3.68142581100725e-06,3.75011196783268e-07,6.0199615011921e-05,-2.42501373303424e-08,-1.6624526754079e-15,-8.09666152030687e-08,2.43128360187908e-17,-2.69110405669737e-07,-2.17766545686787e-15,-3.60792102480302e-06,-2.67682886833613e-17,3.65924048614048e-07,6.52502384654929e-07,2.8107769589596e-08,3.63840995578973e-07,1.24539249237853e-06,-1.04416334117224e-06,8.59241263913865e-07,4.03420763433643e-08,1.96138405673543e-07,1.77338157401757e-08,2.01326152326557e-06,-7.17986011267997e-07,-1.69602748871476e-07,-1.32898403316395e-08,-2.34236183235861e-06,4.35598230338482e-17,2.76027033713775e-06,-4.49445814628181e-07,3.7022551215821e-08,3.26045985346919e-16,4.623648054381e-09,1.14047546516032e-07,3.90882166519364e-07,2.8454677258162e-16,-6.43319648537366e-07,-4.47500515154777e-08,1.39842351297886e-16,-5.62480655296337e-08,2.41089636063475e-05,-1.06023952656266e-16,-3.25513774524873e-16,-1.81079962068978e-08,-1.37487888189734e-08,-7.14053797735744e-11,-8.76787174159679e-08,1.64001413516603e-08,3.22496092970745e-08,4.23914877618435e-09,1.99501579157703e-08,1.04033253819228e-08,5.00027774093398e-15,-3.8819633386204e-10,-4.26300423307588e-11,-1.57260509106996e-10,-1.91800108061253e-08,5.77091442375285e-17,2.15770659343344e-17,-8.32197801472002e-09,5.60360608663665e-17,5.24799083097148e-17,-1.32317813562737e-07,1.63263946004763e-07,2.11745675457796e-07,2.13164286974706e-09,-6.61883027259804e-06,-1.4596751553245e-07,-6.7624592040307e-09,-4.30841947168931e-17,-2.1841132330201e-08,-1.07470657130004e-09,-5.01427090733505e-09,3.80176949434486e-07,-1.70816028534058e-06,-5.57547874914055e-17,1.39059925943455e-17,-2.65248843508524e-13,2.53018164046186e-08,8.99190693088901e-08,7.5724502770538e-08,-2.66150160190106e-16,7.34126794696849e-08,2.13315390390183e-15,4.8385532666188e-17,-2.16845661155637e-06,4.7735690336322e-08,-5.94133444756776e-16,1.23404561127492e-07,4.54928172293482e-07,-2.00027872383542e-15,-2.07128281434379e-07,5.41052630849583e-17,-5.89450468675827e-08,5.51821220723149e-17,-5.91385615238226e-08,-5.14124531939729e-07,-1.29860486301433e-07,-1.7716540948469e-08,-1.23476811552868e-07,3.39006410840208e-06,-1.93714318882741e-07,-1.12315117436595e-16,-1.24681651619597e-05,5.47178505354917e-07,7.97209591187961e-18,5.49429378795011e-07,2.19014332761099e-07,-4.66169588408107e-05,9.48815599146568e-18,-1.77208125429594e-07,-1.64557771472597e-06,-8.71254109711912e-17,6.02198702528796e-07,1.34261889295008e-07,4.99378560692137e-08,8.45386566173973e-17,4.30666352777706e-16,-1.37566264837526e-07,-4.33070129411698e-08,-3.52357029510155e-09,5.71482483129043e-07,-2.95292827836788e-08,4.49518205667794e-17,1.77914767563543e-16,-1.09167501218903e-07,-7.5367972125155e-10,-4.84401594671159e-16,-2.69856490071493e-07,8.2924213770688e-17,-9.87454649073644e-07,5.41496668045477e-08,3.17001638765129e-08,2.11755182247111e-07,2.40781041693548e-15,-1.37012930109586e-17,4.84475532511401e-17,4.36199427550922e-16,1.26160664423858e-07,5.65314917558616e-05,1.05425811265289e-16,1.06982027036582e-16,-1.16487270327725e-17,-6.30978434487078e-07,-7.35040427434573e-07,3.2211466942006e-07,6.93783176323923e-17,2.5754900526804e-15,-3.6722398332972e-15,2.15234371413646e-06,-4.57923538166651e-07,2.91549941245558e-17,-1.06037231722033e-05,2.18715518068038e-06,-2.02391121687517e-17,6.01707321445826e-17,2.24271516289143e-07,2.30284914161315e-09,1.13155223971761e-07,-5.30858915170776e-17,-1.30780276416007e-07,-1.93278112674077e-07,-2.11662911819144e-07,1.98375084357207e-07,7.11871896398099e-07,-7.87268372775642e-06,2.16432155444838e-16,8.85920107504414e-18,-7.7332563762917e-17,-9.45578405157017e-06,1.14558210459615e-06,6.30214535485169e-08,5.21418242365808e-08,1.76246631694198e-17,1.10852352980894e-16,2.36097819265778e-16,-1.11465228889725e-16,2.65509157382496e-16,-1.81532904167e-06,-1.12177827973929e-16,-3.85911347169282e-17,4.33476342834719e-08,-2.3059775865475e-17,3.8846328502418e-08,8.67361737988404e-19,4.82502579560901e-08,-1.26138963284184e-16,6.0611511124539e-08,7.65810994080821e-09,0.00019388466106497,-8.01485902021741e-17,-2.51838498138239e-07,-2.81087720076746e-17,-3.70647292270578e-07,4.72280603574298e-06,-3.7842973219586e-09,-5.6168499578601e-17,-5.62481467718243e-07,-2.11098535522349e-16,1.42388007209174e-07,8.0485811884288e-07,-3.98361222067847e-17,-2.33259238557122e-17,-8.03473057278222e-17,6.4509670379585e-17,2.76865260206154e-09,3.6287257185175e-08,8.1639458177424e-09,7.13142179095098e-17,1.26424268389597e-16,6.20206061152586e-07,-3.77727598664182e-05,2.32104650846849e-16,-1.59456817521304e-16,4.04055476265942e-08,-8.71372720256001e-17,2.89130552736746e-07,-9.79582508537237e-15,-2.80763291855157e-06,-2.98727438526645e-16,-3.33246441158765e-17,-4.99885191161997e-17,-4.57597939167886e-17,9.23167279086686e-17,2.16122942607686e-15,-2.95052266289444e-06,2.06502536735455e-05,-2.16334222157951e-17,2.70783977652332e-07,-1.03880785265925e-06,-2.31953262705766e-16,-2.10538396681836e-16,-9.11927852102967e-18,-1.13722299088605e-16,-1.06240188283777e-07,-1.71370910571171e-08,-9.61515744762018e-17,3.23686309597486e-16,1.9648147554134e-07,7.01766502863161e-07,7.37551987687334e-08,-1.50275388283866e-16,-2.26485736903815e-16,-2.61446780770557e-17,-7.76759247641166e-17,2.73328531850603e-16,-8.28856869427236e-17,-4.46195222244309e-07,4.24792199744757e-07,8.22143184716358e-08,1.72086171050122e-16,4.77482186354048e-17,6.4967820757623e-18,1.08588771409539e-16,1.49988334037017e-16,-7.34444165133702e-17,-1.71861100674731e-16,-4.67027031651488e-17,7.20842566086848e-17,-2.51462297708083e-16,2.01963749436839e-16,2.84969265426209e-17,5.92602590818566e-16,2.13507660297749e-16,-4.41214737287339e-05,-8.00305776135245e-16,3.87733342868561e-16,2.89914286532755e-16,-5.00521406859183e-06,8.75422633129089e-09,-9.69585070027196e-17,9.69773261718772e-07,-4.6862735121515e-06,-6.18674438265887e-17,-9.15400166655845e-16,1.33869333844249e-06,-3.35939175391387e-16,-1.21560768054487e-07,1.62626533349039e-16,-1.38001327499188e-17,-1.84710427591649e-17,-2.2718579044341e-16,-1.80304510658721e-08,2.48380765862589e-06,7.10352467198855e-15,-1.18741440986789e-16,1.89458779097196e-18,-1.75422959358568e-15,-6.33302994890173e-16,-7.53670919650365e-18,-7.77836815762524e-17,-7.24952946874736e-17,-3.08888677345494e-05,2.07114933840315e-17,-1.3367935767369e-18,-9.90918819765435e-18,1.27667057363496e-16,2.290550544652e-17,-2.5915440349168e-15,7.26290460050821e-07,-7.87284669086394e-17,-1.17053588207195e-16,-5.4540250881458e-07,4.31810917710225e-16,2.62481968211722e-16,5.67885494090214e-18,-1.05230980284802e-16,-3.42385181780717e-06,-2.932781587204e-17,3.71909670990375e-07,-8.44707334285442e-17,-1.81719725028403e-17,-4.90713114507339e-16,6.33951403222626e-15,2.74857980870607e-18,2.52454248771502e-16,-1.38895936219909e-08,4.13233618353787e-17,8.91842515961001e-18,-4.13962381188796e-06,1.78150819126118e-06,-1.02487058731044e-16,-1.27644839051432e-06,-1.88291315114105e-07,2.29578721396534e-17,-6.05033973620218e-16,-1.68601498437057e-18,-1.32401591393413e-16,-9.36536853808886e-17,3.52886406527149e-07,-3.05520666621479e-16,-7.87452056877126e-16,-4.7731354511829e-17,-1.45511905171542e-07,1.85398460865373e-16,3.93176237713125e-16,-5.67684113067283e-17,-6.33743116256969e-17,6.89998402593948e-08,1.97589844640032e-16,-1.4509126040659e-07,-2.7010421254791e-16,-4.96551494324581e-16,2.13671071346347e-18,5.60404954849315e-18,-4.41906656863944e-17,-2.46167883694793e-16,1.95897647859568e-17,3.48762437229585e-06,-1.57512732267953e-16,3.62593260498999e-17,-1.15294612450095e-06,-3.02503524525324e-16,3.90579346311716e-17,-4.34855255113086e-18,6.04659180169337e-17,-2.98071640558129e-16,3.99085742029545e-17,1.28132757760668e-06,-6.57597718179507e-16,-3.47819789201342e-17,-2.7020352207672e-06,6.22359310920592e-17,3.23359762144744e-17,-8.09474980219598e-17,3.99318109838221e-17,-1.94330954382328e-17,-1.2269001954279e-16,-3.79788295913041e-17,3.15999261421701e-16,2.39380229474539e-16,1.56510177410205e-16,1.09688582840392e-17,1.56731903717852e-06,-6.81075115535997e-06,1.52003623657743e-16,1.74495142844381e-16,-2.67511308524457e-17,-3.88473946968016e-18,1.76313027551079e-15,-2.28097916799046e-16,5.32330624142577e-16,-1.33934867278846e-16,7.07452881421619e-08,1.17323993752686e-16,5.70108001746407e-17,-2.65566173519233e-19,-6.615511788239e-17,-9.62484041686576e-08,1.09160932169776e-16,8.43011128045781e-07,2.85541163404382e-16,-1.15544764610479e-16,1.25629524336931e-16,-1.96170367000139e-17,1.0990700647797e-16,1.64489305621516e-16,2.04075579415289e-18,-3.31482930356714e-16,2.94424190587356e-17,3.40537705952006e-17,7.61164327507462e-17,7.87860878721938e-17,2.69333476369741e-16,5.84370073325477e-17,-1.65799635921455e-16,-2.44587789585753e-16,-8.14392974287307e-18,2.11060229863145e-16,-9.29619042162404e-17,-2.2844526334424e-17,1.1338399922156e-14,1.33986702806375e-17,-2.99321952484527e-15,-1.85718102301133e-16,-1.45849329421961e-15,-1.0627600520817e-08,3.82611378578699e-17,3.74061848537886e-15,-7.95181176872219e-17,1.37035459503551e-16,-1.77296324250445e-16,-1.47517224851333e-16,3.78290122225077e-17,7.3457676983171e-17,1.3618868362891e-16,-3.88225757021171e-17,5.70238268385392e-15,6.18723513565762e-17,-6.90110353415839e-18,2.78835173806443e-17,5.84887138597431e-17,-1.20523757790968e-17,3.2805386157539e-16,1.78404045757992e-07,-6.44818046543318e-17,5.19551713819513e-17,-3.84830764701914e-17,3.09589282105105e-17,-1.55196483192499e-15,6.19395482004201e-17,2.74709738921775e-17,3.62001913912169e-16,-1.06357115879515e-16,-5.41639628317881e-08,2.77666104141781e-15,1.26676449260213e-15,-2.62278114154549e-16,3.35587343481263e-15,-2.57698305141717e-17,3.41684786739177e-17,4.42239259998268e-17,6.04834113499461e-16,1.25536321446268e-16,1.82289450216355e-16,1.03438424190063e-16,-1.54183059231257e-17,-4.81892955362702e-17,-4.69972714644769e-07,-9.49885206427475e-17,-2.46093293362928e-16,2.09227198036558e-17,-1.49592680349207e-14,2.09950078226184e-06,6.99677550486985e-18,-7.11057503537085e-17,-1.24130755865547e-16,-1.72159459162885e-17,-1.95668353533948e-16,-5.09061824646889e-16,1.16296594578296e-15,6.96821300869558e-16,8.8091654420919e-17,-2.82034693471271e-16,-5.24664772825644e-16,-1.81670395395288e-16,2.07015328842384e-16,-7.44128761716671e-16,-2.01427810722336e-16,-7.87986720848563e-15,6.63267857136206e-15
"t354",-0.0389788088670859,0.0296150809075633,-0.0479636848094603,0.0186161418110185,0.00356198529759939,0.000307244966805079,-0.00570870901652923,0.0897473753978406,8.10765012086374e-05,-0.000223289525509953,-6.36259164134994e-05,0.000931238399128628,-0.00100523061212271,0.000107345754841314,-2.87762382083377e-06,0.00227723974130288,-5.2828528121827e-05,7.92795374394583e-05,7.44499883676064e-07,-3.57443216140289e-05,0.0318330821779901,0.000626067888497928,-1.32882388255279e-05,6.5701043653737e-05,-8.05068753202829e-06,-1.31511496084866e-05,2.48583878611439e-05,-3.09048853980553e-05,0.00112336516809149,-0.00197331305455684,7.80161169255747e-06,-1.61892836391898e-05,0.00696173029047433,-2.14763867036576e-05,1.54273326816284e-05,3.88843575370334e-05,0.00169543100307173,-1.36672211278418e-05,-0.000117791137533535,-3.72243709861555e-05,-0.00272567499617996,0.000537010664248024,-0.00671244919452017,0.000817897096932257,-0.408991839784783,-0.000253713923784153,0.000246128381805339,-0.00436352481403473,0.000264563378492882,-0.000416538951215555,0.00227441841658705,-0.000193716050788151,2.68792275938032e-07,-0.00530612912611508,2.45916484321294e-05,-0.000252790166776862,7.06467034104145e-06,-0.000442243373547221,0.000148898425545917,-0.00120994296562161,-0.000146052291477284,1.63878985843176e-05,-0.000518365558949091,0.000273736447003289,-1.84975017816494e-05,0.00041378244638137,-2.32355706957959e-06,7.8754571377833e-05,-0.000211409212109658,8.03861174517839e-05,-5.311114193386e-05,0.000947391364627607,-6.157441733977e-06,-0.000339739384591128,0.000149427510330584,3.66693830828164e-07,-0.00676756425728157,9.67496398913066e-06,-4.80870019674595e-05,-5.72404418807105e-05,1.68813582579101e-05,0.000252867679639821,-3.13175689777017e-05,-0.000196822600364679,1.18128157440318e-05,0.00198270687724293,-0.000581801398431516,-8.81895453297025e-06,-3.38793669033552e-06,0.0036951550013519,-3.25649559685239e-06,1.46548318626442e-05,1.53698705658867e-05,-0.00108979170411448,-1.7230045603977e-06,-0.0312238414447762,0.00128123146330565,0.0016285472454689,-5.0454587934372e-05,-2.81782663456607e-05,-6.90953866608685e-06,3.36673747150332e-06,-9.57013970049034e-06,3.75906925851188e-06,-1.63711984720702e-06,1.84115461233672e-05,-8.73808660633325e-05,2.31785589080955e-05,-1.35119354166005e-05,2.63106784955714e-05,1.43220817029258e-05,3.41749449281279e-05,-7.53262434615796e-05,6.66916668456079e-05,-2.58901847947207e-07,9.89771545188208e-06,-1.45733748843858e-05,1.53593001669872e-05,-1.54909055546837e-05,3.80693064564443e-05,-0.000184826527573468,3.41036156486212e-05,-3.25445128190447e-05,-8.95785089137866e-05,0.000225147212290725,-0.000364576177652356,0.000275139792665967,-8.73569140633448e-06,1.65283920271741e-05,0.000544773179603543,-9.00960052929836e-06,5.00203654951215e-05,-5.97977004931992e-05,-1.19755332256438e-05,0.000624767168294076,1.9632936403515e-05,-1.12598111524809e-07,-7.42264264406616e-05,2.26836045756116e-05,-6.52213763859353e-05,-4.15852101770779e-06,-0.000160835772053069,3.13903301295745e-05,2.07417104266412e-06,5.0122034844011e-05,-3.95519852514414e-07,-1.81474437199768e-05,2.73355392552649e-06,1.78542743102245e-07,-4.7328514751975e-07,-0.00052900141413347,-2.08281777243364e-06,-0.00178560940237858,1.47857088285392e-05,-4.53673350363159e-06,-3.95072370274739e-07,5.92543295531366e-06,-0.000356268673080911,-1.68548518858767e-06,-5.59376944298907e-07,-0.000274421583199424,5.35198283144744e-06,-3.00851437522078e-06,-0.000397665235041366,4.7895822760944e-05,-0.000177500365407695,3.15422357520171e-05,5.43160839646782e-07,2.70578676106455e-05,3.70951432705481e-05,-0.000455009832045801,-0.000107960882169044,7.47736463684434e-05,3.70031161118269e-06,6.91200507135823e-05,1.5851475251468e-06,6.33741880682899e-06,-5.98752474544203e-05,-0.000143161338226692,-0.064270431466689,-0.00242560738863035,-0.000358082832262397,-1.25361951102024e-07,-1.95192677184058e-07,-1.29364491047393e-06,-5.05267570493595e-06,-0.000117313760411721,0.000121840255021926,0.000601204786782989,-0.141468805818213,6.12635520088345e-06,-6.02746395542077e-06,-2.050519299224e-05,-2.14824195255789e-07,-2.51199636587661e-06,2.53667908123275e-06,4.38521492704799e-06,0.000154206803034155,-2.15380331387829e-06,-6.02117460451592e-07,-5.89841282881312e-07,-8.36682960561432e-05,1.17380397178185e-08,1.03956421322685e-05,2.26917175051702e-06,9.78159949376815e-05,-1.27715617521305e-06,-0.000328381548067893,6.98284255924768e-06,2.44259864001871e-07,1.9885418676013e-05,-4.22333422673784e-05,8.11232785315178e-05,1.10249607835641e-06,3.35361524384423e-05,6.76183084993394e-07,-0.000110330569733088,-4.80958612832363e-08,4.18472343748031e-08,6.74637589931733e-08,1.20005766725902e-07,8.62183093490363e-06,3.13758009975331e-07,1.24489601256607e-06,-4.81039109669047e-07,-2.62114610174428e-07,-2.80682617459947e-06,-2.54617636215158e-07,-4.54032907782247e-07,-4.08136147525696e-07,1.18563533533947e-05,1.95263631980039e-06,1.58060915024959e-07,2.67487751689922e-07,-1.563317844754e-08,-4.13576342193684e-05,-1.50356218933164e-06,3.00089272699192e-16,-2.67838969644305e-07,0.00014092923547901,-5.61966868626538e-07,-1.43855692679465e-05,-2.06986765684367e-06,0.000344744763311017,-4.23048088780977e-07,0.000117777547706577,-3.28643536624919e-08,2.39509744503431e-09,-3.96626014732436e-06,6.17199415962431e-06,-1.99600021168954e-07,2.76611708403649e-05,-1.38220094162291e-06,6.06668612343896e-06,-5.01275821081839e-07,4.16121998152219e-06,-4.8785405302517e-05,0.0677559868221382,-2.1321379232832e-06,2.38110750354766e-07,-2.88985616927127e-06,4.73269290391942e-07,-4.373873292003e-05,1.72046886300367e-05,-1.19611651105024e-07,3.89841996992221e-08,-1.1884970039391e-08,-7.97953671163874e-07,1.71355501267875e-06,-4.14123559032343e-09,-6.65058280906421e-10,-4.96905269777552e-09,5.28558660624405e-07,-3.29092780493961e-05,1.13187897311487e-06,-1.82199551604085e-05,0.00166587066810527,-3.79385432308659e-07,2.20682658827758e-06,-9.041782499949e-07,5.35422868507839e-07,-6.32322836619127e-16,-1.78820336525475e-06,-6.4008613636732e-08,-6.94700132224779e-10,-9.84994884376106e-06,4.04678872189539e-07,-7.39270000475075e-07,-0.477561950256423,-4.98884243223162e-06,8.63532967677878e-07,-2.21272767747536e-06,-5.72778034378464e-08,2.0573553891857e-08,-2.24338636105872e-07,2.39828763049054e-07,-3.34536476543554e-06,-3.40796716833862e-08,5.55483750893622e-06,3.62673315632074e-09,1.97794455175673e-08,2.78604949246569e-07,-3.10633276772168e-06,7.52173163944012e-08,-2.97672033937297e-07,4.15010847704743e-07,-1.52117544687542e-06,1.03086624046171e-07,9.35709548112065e-08,7.19476701505273e-07,-1.21722847878378e-06,-9.9512905997618e-08,8.25391559174352e-07,-5.48250238529805e-07,1.36346648834798e-08,1.2813273392281e-07,-2.53772964817535e-07,7.33504235299109e-17,8.36721439661188e-10,3.55062406536955e-06,-2.46049328147317e-06,2.38811251339606e-07,2.13712273164785e-07,6.26194826090005e-08,1.45967976051978e-07,-2.14691735451756e-06,8.05788393192536e-07,6.5852553667117e-16,-6.29612133546172e-07,-7.69197723129547e-09,-2.1601465906804e-08,7.18954661324364e-07,1.64132891267916e-07,-1.11345300216303e-08,-4.2875406504907e-07,1.1480685121231e-07,-3.83702393786301e-06,7.32147311291854e-07,-1.49504684672229e-07,-2.71197960291805e-07,-1.43688817406157e-08,-1.07391641138723e-07,-2.7186018984255e-07,1.14326049564079e-06,-2.96795319999977e-07,-5.52745344570887e-16,-0.000243688265607515,3.23573070930532e-06,1.20304403587787e-08,1.64650972501455e-05,-5.43270575143083e-07,-1.14602809080665e-06,4.04108664349634e-06,-1.4678754636805e-05,-1.01946116897934e-07,1.63222841247147e-16,-1.87810647718077e-07,-5.1989442588295e-07,-2.37198626457735e-07,2.92186911358167e-16,4.47535513682405e-07,5.83600081631158e-06,-8.89969096645329e-07,-3.64551971346671e-07,-1.21523470829897e-07,-6.50071116300031e-08,-2.32432205097975e-06,6.48573591677768e-08,6.89415777911483e-07,2.02183212232952e-07,1.72210002554075e-07,0.000193005793185722,-1.05054068284345e-16,-4.20279123512716e-06,2.60900299623509e-07,1.68917235477846e-06,-1.70210012520811e-07,5.68397674495051e-16,-1.64933192237258e-07,1.60645408263542e-06,-7.37279021394527e-08,-6.55912439078964e-08,-1.66283196623543e-07,0.000164713591253944,-2.30298078266063e-06,3.19555177397381e-07,1.69075736843462e-16,1.16035337276487e-06,-1.16300132544537e-05,4.28567776795365e-06,1.42859689225749e-06,-1.45170258748312e-07,-9.7431765775716e-10,1.15614263451972e-16,1.15352594975353e-16,-9.39454238316335e-10,-6.29308543533544e-06,8.29510363077762e-07,-1.59151944981086e-07,6.47100629240455e-16,-7.54532537568618e-08,-8.90543527065005e-10,4.46395365516811e-16,-1.01795470314783e-16,-4.7869034891634e-17,1.88407825900417e-07,5.55463474020591e-07,-8.0191666838021e-07,4.72872630515315e-07,2.35681794152286e-07,4.84061881653605e-07,-1.46230012185225e-06,-3.90511199857817e-16,-3.18840999012665e-07,1.15906627235977e-06,-6.55382074175208e-16,-1.02353158166396e-15,-5.58976766790163e-07,-4.32104319939296e-11,-2.47884842918385e-06,2.57217595587663e-07,4.28111633637688e-05,-1.7348331165565e-08,-1.3200713589184e-15,-5.83979069961107e-08,-3.05718305285797e-16,-1.98779140027197e-07,-6.47962350563356e-16,-2.71301565796774e-06,-4.98721494366302e-16,2.81591220374448e-07,5.04501567336549e-07,2.31777972581854e-08,3.04315178593798e-07,1.04789306711376e-06,-9.02087632569078e-07,7.59933140642245e-07,3.77502613621969e-08,1.83631614726906e-07,1.69037198354017e-08,1.98471740384233e-06,-7.41696671401205e-07,-1.82534177678577e-07,-1.47892036617471e-08,-2.65090316700345e-06,2.48907714502603e-16,3.29705477009968e-06,-5.67061922719916e-07,5.55427139525557e-08,-8.55171593285783e-17,7.3377052985184e-09,1.98290887298906e-07,7.08515825301607e-07,-6.022951826877e-17,-1.19218000379918e-06,-9.10122600256643e-08,-2.92931876098524e-17,-1.20166177060353e-07,7.40082100023543e-05,4.00948983197956e-16,-1.58936824699123e-15,-6.710808166893e-08,-5.19205784756402e-08,-2.96008119609132e-10,-4.10689963713713e-07,1.08926609400218e-07,2.22244113517418e-07,3.08545683406446e-08,3.76336201334324e-07,-6.36702242131029e-07,7.97142975724604e-15,9.09441542835685e-09,9.02801527832014e-10,2.49012143411651e-09,2.32882642486216e-07,1.79980519498724e-15,-1.70599067570407e-15,7.65321430664552e-08,2.36267618282928e-15,7.9191990205605e-18,4.78301120359023e-07,-5.33455940774464e-07,-6.90471112064923e-07,-5.73935425038490e-09,1.74077288453136e-05,3.82002783095617e-07,1.71499298650339e-08,-1.4749900039185e-15,4.15507108488141e-08,1.93961338423331e-09,8.89836210174805e-09,-6.22541233737675e-07,2.44729650041842e-06,9.92291674741344e-15,-4.99503585040105e-14,0.494970868677003,-3.06097831741889e-08,-1.01793049814625e-07,-8.53041838832505e-08,-1.42766443139168e-14,-7.78305553088718e-08,3.69741284740931e-14,-9.32790327520571e-15,1.81258121981205e-06,-3.97926695193952e-08,-5.12213090123387e-15,-9.76177211901103e-08,-3.49344992768136e-07,-3.8671453413162e-15,1.49955085368409e-07,-8.39711007912089e-16,3.98647833966991e-08,2.49579571598966e-16,3.97572538676836e-08,3.44039734160787e-07,8.64486885315864e-08,1.17091490433825e-08,8.03024154198441e-08,-2.07788180392121e-06,1.0965906818039e-07,-5.09024692349042e-16,6.42166972617221e-06,-2.79066701026855e-07,-4.47501236749281e-16,-2.76593501649647e-07,-1.07696639115037e-07,2.24478157327634e-05,-5.84979895182336e-16,7.95628447694568e-08,7.28837569176215e-07,2.17210138845489e-16,-2.61963681612644e-07,-5.78925137981551e-08,-2.08442393502643e-08,1.3219385960751e-15,2.22838197497592e-15,5.32523985982994e-08,1.62438788907165e-08,1.31317865872388e-09,-1.86296038907397e-07,9.42286478539113e-09,-6.59996431983295e-16,6.01704116316181e-17,3.43284084810943e-08,2.36560072991286e-10,1.25487553043009e-15,8.26406104415077e-08,1.58384684975679e-16,2.9532207490101e-07,-1.56800416382483e-08,-9.15839539445295e-09,-6.06304826090027e-08,-4.75625260789724e-16,7.46611840466099e-17,7.46673752331806e-16,-1.42764532556339e-16,-3.33361454393659e-08,-1.4840080984254e-05,-1.30496581467557e-16,6.6577982673561e-16,-3.27693660312297e-16,1.61765371543255e-07,1.8652653376561e-07,-7.95030567868486e-08,2.08481456362283e-16,4.47071801363402e-15,-3.69618411188346e-15,-4.83562055000694e-07,1.02548573226877e-07,4.89181975910155e-16,2.2891968928066e-06,-4.65244481499285e-07,-7.85252165074523e-16,-3.47489284709966e-16,-4.60694158455035e-08,-4.71722748552844e-10,-2.27074401210228e-08,-7.13690275212498e-16,2.53558237193544e-08,3.67665861549143e-08,3.92072845153668e-08,-3.54302603938263e-08,-1.25900168513746e-07,1.36693104027158e-06,4.78387176233419e-17,-7.40975021415931e-16,-2.64032177864921e-16,1.47656971158804e-06,-1.7859477046687e-07,-9.69141996153895e-09,-7.47750817880273e-09,-2.61314527273156e-16,1.18150199831033e-15,4.28977385750949e-16,4.70451287276556e-17,6.99190026376698e-16,2.41626060799402e-07,7.35460041728373e-17,2.4579509512602e-16,-5.60100901271272e-09,-2.94110318986851e-16,-5.01140885401172e-09,2.17816216452338e-16,-6.20790472377979e-09,3.1708288482789e-16,-7.40095679874441e-09,-9.23388807776876e-10,-2.29295633230426e-05,-1.43032316206333e-16,2.90759419083037e-08,-1.32300600783532e-16,4.05634527591014e-08,-4.81171310435678e-07,3.8433605804237e-10,1.44957147756927e-15,5.54569937585378e-08,-9.98593926253364e-17,-1.33835471679169e-08,-7.54721743626418e-08,1.43177204508768e-16,1.39388567695733e-18,-1.48977303246155e-16,-9.38922670205472e-17,-2.4935844701813e-10,-3.23313371540718e-09,-7.18277444275823e-10,3.36510069299465e-16,-6.20100691883831e-17,-5.13113698844847e-08,3.11636949604806e-06,5.70267308445078e-16,5.81270106720793e-16,-3.07813270630616e-09,1.92478468258413e-16,-2.16444919378547e-08,1.96711796479186e-15,1.99602330682512e-07,-9.12819549022436e-16,-2.20804176554165e-18,2.39710301371927e-16,1.71405901232058e-16,1.97267498205265e-16,6.29364972538689e-16,1.87920181450672e-07,-1.31326796878885e-06,-9.70719831845451e-18,-1.65417667329803e-08,6.23813570718468e-08,-7.56165013102509e-16,-6.81826514344888e-17,1.15889829734435e-17,-3.76532905699092e-16,5.91252829413381e-09,9.36418010055393e-10,2.6120146157502e-16,-4.5376109916579e-17,-1.05166837259123e-08,-3.74603897429243e-08,-3.90104684057243e-09,-7.20890991662987e-16,-1.92767049339516e-16,-2.54152394950757e-16,4.89687072097547e-16,-2.70507277868126e-16,-1.38722098825727e-16,2.01478646318399e-08,-1.88816419808589e-08,-3.59697803851726e-09,3.02725268890178e-17,-2.92366002873298e-16,7.29334370471848e-16,3.34970185024512e-16,1.85983846163536e-16,-5.06597858037462e-15,-3.59644916949219e-16,-2.48255887030204e-16,2.9608042544419e-16,2.00433167783875e-16,4.36702322539552e-17,4.92210195714672e-16,7.90794747948916e-16,2.9569018497215e-16,1.43013952502785e-06,1.33192294374775e-16,-4.68786373394986e-16,5.9846585531329e-17,1.54992642971738e-07,-2.681764677591e-10,1.23785055315329e-16,-2.95085677434495e-08,1.3436932084501e-07,-4.17012834183583e-17,1.07592974616136e-18,-3.54924604959819e-08,3.95788870819079e-16,2.90603390653243e-09,2.70671290742741e-18,4.26060688627451e-16,-8.55831572360176e-17,1.39491384291188e-16,3.58474104692244e-10,-4.87128522682384e-08,-8.82058009236177e-16,-1.97888199578231e-16,-9.42741449084922e-17,-4.57680678710069e-16,-7.81466665021538e-16,6.20690702770658e-17,1.16396927515901e-16,3.96096884260761e-16,1.93635865104615e-07,-1.02966887490539e-17,-2.38885489568311e-16,-2.18292845749368e-16,-5.29467879379969e-16,4.20916122965949e-16,1.11447418846371e-15,-2.5635766996486e-09,-4.72866039065598e-17,-2.95621686015558e-16,1.6526440473463e-09,-3.47079923003359e-16,7.03752252413322e-16,-1.03673372118833e-17,6.2985809266037e-16,-9.33104849192996e-09,1.38615100645965e-16,1.38936753298081e-09,2.47186711134772e-16,2.00077924818492e-16,2.19128104115584e-15,1.96970230255437e-15,1.81316677617069e-16,-3.10138258531226e-16,-8.02651169648984e-11,-1.01466064280963e-16,3.71367211421514e-16,-3.03432340772909e-08,1.31971383701833e-08,1.9642748022321e-16,-1.11458133267628e-08,-1.72194508847519e-09,1.68674644121705e-16,2.92902265632279e-16,2.05775601165184e-15,2.40672376158847e-16,-1.0330308471601e-16,5.3435529465391e-09,-8.04402956134871e-17,7.61467160936072e-16,-7.75122592032353e-16,-2.42322364698818e-09,2.93493417462177e-16,6.34085960439404e-16,-1.95802767904755e-17,6.82478321140433e-17,1.28550531449563e-09,7.00551232456056e-16,-2.79105343103312e-09,-4.04653702153361e-16,-4.05360605771768e-17,1.21275685651078e-15,7.06561798976235e-17,5.17612265785727e-17,-3.31711435103899e-16,1.57391860908864e-16,7.81516993089415e-08,-5.354656095964e-16,-2.61571010731869e-16,-2.67322157500213e-08,2.52282727135509e-16,-1.54255312722994e-16,9.72411910107609e-17,-1.72095447981207e-16,-3.41873408326544e-16,-1.2651645927357e-16,3.28098863985006e-08,4.71490424246897e-16,1.58531268434031e-16,-7.20881346283897e-08,-7.26737989825644e-16,1.57886587788296e-16,-2.56588249964612e-16,-5.75136081467205e-16,3.97117379230697e-16,-6.69344754909981e-16,-1.88574511349541e-16,5.69702569783311e-16,5.83289158586941e-16,-6.41028940670132e-16,1.53056669739812e-17,4.79330086150747e-08,-2.11444787877017e-07,2.03611647068053e-16,-1.10650028519306e-16,3.41769187575377e-16,7.71319813857456e-16,-2.47918119350885e-15,4.6177992555348e-16,9.73926168995921e-16,5.80773374683363e-17,2.36586247962819e-09,-1.81915805853313e-16,1.59467905474521e-16,-7.72217512983198e-16,-2.03306692701806e-16,-3.41217435394997e-09,5.78512052638754e-16,3.17728930692416e-08,-1.97796165089656e-16,1.86947641512977e-16,6.29458273890944e-16,1.95226617267128e-17,-1.70359255109533e-16,3.99544336616375e-16,3.2307301906711e-16,4.24856505169174e-16,1.28321657189414e-16,-8.05463990365171e-17,4.066302171047e-17,7.47745398339975e-17,7.56465512467472e-16,1.03431397490696e-16,-2.4256114973343e-16,-1.08343501043779e-15,5.12703493093326e-17,4.59559367796823e-16,9.35208694512664e-17,-6.577893236485e-17,1.47071900655648e-14,1.24095712091408e-16,7.23139940081628e-16,-3.4580319456654e-17,2.86530102395807e-16,-4.85494039779974e-10,-4.31306823045601e-16,-1.45510586419314e-15,6.76081171190611e-17,1.26193437778695e-16,-5.30204131394478e-16,4.62021236520017e-16,-6.61589809247891e-16,3.78335327886095e-16,2.55342502385066e-16,3.98544580678535e-16,7.70884852676482e-15,-6.07839330587718e-16,-6.54480208483756e-17,-6.49241885841148e-17,1.35150822476596e-15,-5.01078720333381e-17,4.91226288534458e-16,9.07482865307569e-09,4.18784284664961e-17,-2.78618071008879e-16,1.59925921094656e-16,6.50038368699734e-16,-1.8532646156587e-15,-2.27108750984216e-16,-2.18100818175789e-16,1.01458320153119e-15,1.11567520790071e-16,-3.035475454214e-09,3.28872976683951e-16,-2.4493859649441e-16,-1.7846928622142e-16,3.57211220102703e-17,1.75349672481889e-16,-1.50362731083115e-16,4.38222995481059e-16,-1.09454437165432e-15,-3.7807558767325e-16,-1.07907135725328e-15,2.4948045682386e-16,-3.45991548313956e-16,2.68831419698491e-16,-2.87038250125098e-08,2.07612305697957e-16,-2.37094415331298e-16,-5.98265140902816e-16,-2.74141064528902e-14,1.33038072029783e-07,-4.04912796499952e-17,1.17762268093266e-16,1.55593404635713e-16,-1.51559617885661e-17,-1.07463105476795e-15,2.15293646790677e-16,3.36044948828269e-16,-1.93742363610036e-16,-7.35628894966697e-17,-7.20247326608287e-17,2.90184777309754e-15,-2.29158450550153e-16,3.87209729909475e-16,1.44736908952828e-15,4.46218183266137e-18,-1.23750259875318e-15,2.61430005947902e-15
"t754",-0.0421579967496869,0.0353143970596324,-0.0575633821426213,0.0240476753522904,0.0049413918828825,0.000458893524789424,-0.00861510316141307,0.141560786049598,0.000144181688645935,-0.00048553693368521,-0.000215362553968685,0.00896607541131651,-0.0137760389686382,0.00190395488595711,-0.000391736702171568,-0.0359495188052145,0.000561050048188589,-0.000670032161834714,-4.96174261661925e-06,0.000130286127815599,-0.0781130961024773,-0.000777415052048631,1.4029707813807e-05,-6.8239911220271e-05,8.26827541744271e-06,1.18568341259992e-05,-2.17042817603988e-05,2.63386570474235e-05,-0.00089196335442872,0.00102492555098698,-3.45313340954542e-06,6.41246072568285e-06,-0.00231160301945272,6.32445176071955e-06,-3.97789355573383e-06,-8.07626550999938e-06,-0.000339292643004249,2.60870579475294e-06,2.20238945826248e-05,6.64932227306713e-06,0.000444778824894861,-8.09090326598673e-05,0.00096097749563193,-0.000116593820249818,0.0548101839938223,2.66848897056125e-05,-2.38985359048374e-05,0.00040756679045686,-2.20626752318506e-05,3.04413600407556e-05,-0.000136680708913777,1.05206497767525e-05,-1.43739857714561e-08,0.000246814504389809,-8.2428119870652e-07,7.99342007849134e-06,-3.00209782920696e-10,-3.48026526707656e-06,1.30961993948407e-06,-3.28478344770427e-05,-5.88328230997076e-06,7.63667841298445e-07,-2.67710926790816e-05,1.44823111430744e-05,-1.14967807863085e-06,2.91029366482078e-05,-2.04787707799832e-07,7.56873896510051e-06,-2.10991255705222e-05,8.56089313798665e-06,-7.60801914633234e-06,0.000165359028217819,-1.10694019993227e-06,-6.48996696952595e-05,2.87627746009636e-05,7.24607212439382e-08,-0.00135136618542849,2.03408911497171e-06,-1.13831417721479e-05,-1.42339492641202e-05,4.5780896693352e-06,6.99132052323106e-05,-1.00459521077885e-05,-6.62370157932034e-05,4.99948838379166e-06,0.000901217355194392,-0.000285704405865719,-4.38769027824749e-06,-1.69140735264483e-06,0.00186089450790107,-1.6929381887401e-06,1.09451174716713e-05,1.19584245611177e-05,-0.0011812650740946,-5.97967360109793e-06,-0.163537103515735,0.00687444836485218,-0.0258751207577797,0.000322427053032265,5.47150327563337e-05,8.48862756662373e-06,-4.00375167624724e-06,1.09840929988018e-05,-1.61908891929563e-06,6.71482153204198e-07,-7.27857766254417e-06,3.24343383158499e-05,-8.45796630002419e-06,4.78634127584268e-06,-8.92139684587986e-06,-4.789100934335e-06,-1.05497948292399e-05,2.30394882608033e-05,-1.68859652956751e-05,6.31599241442244e-08,-2.23306257809818e-06,3.17905971047383e-06,-3.06690080524497e-06,2.85613991847692e-06,-6.63138965596872e-06,3.12136203214635e-05,-5.2151488997588e-06,4.70068406269526e-06,1.29120195471873e-05,-3.22064128924903e-05,4.96177766767073e-05,-3.7306667762327e-05,1.14512983246939e-06,-2.13479719667482e-06,-7.04362355744128e-05,1.1753935946379e-06,-8.30999293626705e-06,1.12535104465239e-05,2.56609046262214e-06,-0.145108437895106,1.85541040555968e-05,-4.39922474813787e-10,1.15548638150639e-06,-4.47975566043323e-07,1.28765067233153e-06,8.16154321609368e-08,3.13948066460414e-06,-6.05597801494203e-07,-3.98018282069503e-08,-9.61733132511823e-07,7.21227630240378e-09,2.83302056131807e-07,-3.40387487110822e-08,-2.07600528601617e-09,4.63010349506948e-09,5.09696837017031e-06,1.85892793822935e-08,1.51891888749412e-05,-1.18724278800414e-07,1.660770123922e-08,1.17208234112693e-09,-1.46732310263084e-08,-2.98305137035181e-06,-1.84749710864523e-08,-6.35389014664567e-09,-3.72211925203907e-06,7.50251195187708e-08,-5.08403858637907e-08,-6.8614341851384e-06,9.66094266408244e-07,-4.1065885241046e-06,1.05436324806919e-06,1.83960817942556e-08,9.19513953871684e-07,1.32724194458397e-06,-1.73218349052342e-05,-4.14766491299807e-06,3.27806698432941e-06,1.69635667563655e-07,3.51589797892014e-06,8.28738653236851e-08,3.36134043360719e-07,-4.39282162677764e-06,-1.89851324228674e-05,-0.010081634605153,-0.000464531135696626,-0.000234251332504364,4.47406663237819e-06,1.19187396469438e-07,3.98947815314836e-07,5.38758126922169e-07,1.05534514730788e-05,-3.82301227698357e-06,-1.83246544097653e-05,0.003236226013426,-6.24410626849319e-08,2.54640966671504e-08,5.53314054482258e-08,1.69733315284415e-10,-9.99685762025024e-10,7.63673754990318e-09,1.50267668887934e-08,6.41415017208073e-07,-9.59788716558379e-09,-3.2483224945865e-09,-3.17635791887737e-09,-4.25984336663968e-07,5.21169100518086e-11,1.35870760205176e-08,2.92024976810863e-09,8.53902669217664e-08,6.91078259402671e-10,5.46316802643544e-07,-3.69137892730522e-08,-2.78476602446248e-09,-3.61356745632219e-07,8.75274360728368e-07,-2.97015803506047e-06,-5.62636504080363e-08,-1.72748020525773e-06,-4.70719131092086e-08,0.00210915753138606,-7.5470749248867e-09,-4.14110773273743e-09,-2.49999007699017e-08,-1.37043858007708e-07,1.16393202666174e-06,2.97803005495301e-08,7.92188017533355e-08,1.36754923715464e-09,3.84623654086804e-09,4.93407721654014e-08,2.26083150945036e-08,6.7252963495646e-08,1.01292576571e-07,-3.74595293494367e-06,-8.0639455274973e-07,-8.63060038051515e-08,-1.59230344467576e-07,2.93256668497171e-08,0.346994145166762,-3.30717823347169e-06,2.28407082813042e-15,-2.93948215218456e-07,0.000144450916607002,-4.88881420179435e-07,-1.69939833405379e-05,-2.68012689502555e-05,0.0482205619974779,7.21332644904945e-08,-1.34308385682299e-05,3.08080082517804e-09,-6.50781520606746e-11,-1.0838832208556e-09,1.93516033348296e-07,-8.02823553722414e-09,1.19671861778049e-06,-7.62203826108091e-08,3.6521593675015e-07,-2.62983122826617e-08,1.78102118101411e-07,-4.40591691872033e-07,0.000389694948703891,7.62849194086999e-08,-1.65258974763578e-08,4.02468541496589e-07,-8.04153806452982e-08,9.10966697007092e-06,-4.74413239965014e-06,5.06860540366137e-08,-1.7389761951504e-08,2.49937668087859e-08,1.77711091053146e-06,-4.08169796815574e-06,2.85689113366872e-08,1.17121041898085e-08,-2.77154429387527e-08,2.4431558217995e-06,-6.51533116634452e-05,2.60102274942608e-06,-5.01248178784601e-05,0.0120623180500554,3.33211809956444e-06,-2.17958883047437e-06,6.47361669886501e-07,-3.04752790016128e-07,-1.1071317143635e-16,5.01148748184803e-07,1.63962078919579e-08,1.32336208011716e-10,8.50752269417076e-07,-1.2026200891806e-08,6.74730753502243e-09,2.28841029396979e-05,-3.90754011303717e-07,7.07416166802729e-08,-1.83381505062411e-07,-5.62292819912993e-09,2.89912958926851e-09,-3.36668750708802e-08,3.77154878274444e-08,-6.357057489092e-07,6.67468125287003e-10,3.08071129326935e-07,2.09050894990941e-10,1.15253157248162e-09,2.84784325629033e-08,-3.75297236134325e-07,9.21178544624247e-09,-3.71250170174983e-08,5.27983046427583e-08,-1.94630913927763e-07,1.37526014078546e-08,1.25182650603408e-08,9.6741992321549e-08,-1.64225660899841e-07,-1.35712667122636e-08,1.13845056538863e-07,-7.63789716745527e-08,1.90756891469524e-09,1.80530470934115e-08,-3.62741441155339e-08,4.86306139972414e-17,1.29336812658287e-10,5.52932775966419e-07,-3.87454399806167e-07,3.76180594153217e-08,3.36761397913508e-08,9.89439872353762e-09,2.31836188152924e-08,-3.43098259987629e-07,1.30411757360743e-07,4.25313649369536e-16,-1.0499759567854e-07,-1.28770085385219e-09,-3.64661931162444e-09,1.21491696883524e-07,2.83396121611672e-08,-1.94665798812856e-09,-7.63609759891378e-08,2.07241926274965e-08,-7.1490111799118e-07,1.41013106365716e-07,-2.94955827976613e-08,-5.43045086515113e-08,-2.90555351211973e-09,-2.21264899100933e-08,-5.61352219122198e-08,2.39558590127033e-07,-6.29593689957226e-08,-6.55048882559024e-17,-5.97486997316941e-05,8.44686527424084e-07,3.14296082586453e-09,0.016047582983606,5.24125322118184e-08,-2.65186177174126e-07,1.00602315901372e-06,-3.70602259149375e-06,-2.71643682246784e-08,1.88051070997065e-16,-5.34082116972128e-08,-1.51711016766774e-07,-7.71134646644017e-08,2.63997654873541e-16,1.68733013130026e-07,2.29460835209884e-06,-3.58100061941526e-07,-1.54376352686812e-07,-5.67515826587541e-08,-3.30938986896765e-08,-1.27853269439545e-06,4.85272104496988e-08,5.4115330164187e-07,2.28659698972641e-07,2.90903102009007e-06,0.0172378080550462,9.86520678974061e-16,1.66592660817382e-06,-8.22981407398945e-08,-3.39125761073283e-07,1.78207857219697e-08,2.44438065356383e-16,1.20606158780437e-09,7.56599806986124e-08,-4.99001089201468e-09,-5.18840568778889e-09,-1.64765197549417e-08,0.000932026532936144,-1.27933303356118e-07,3.01279542159651e-08,-1.45126052742837e-16,1.27036724045372e-07,-1.28568944573594e-06,4.82946012402729e-07,1.64968184141936e-07,-1.67935596572704e-08,-1.13441789769629e-10,-4.22597367615545e-16,8.6295976752741e-17,-1.13210328003612e-10,-7.7887541907446e-07,1.02989537411944e-07,-2.01927086338302e-08,1.00012213004279e-16,-9.9886435607951e-09,-1.19933247809289e-10,5.02278916906084e-17,1.98311691029204e-16,-4.06726712321964e-18,2.66514735851778e-08,7.90383243181356e-08,-1.16403444743612e-07,6.97855420480702e-08,3.48484723135574e-08,7.28388995645667e-08,-2.20484523995497e-07,-1.06124970014876e-16,-4.98615097552853e-08,1.83770337740027e-07,2.52528825064154e-16,2.55718561651682e-16,-9.50032824370044e-08,-7.54232181844714e-12,-4.57701618395502e-07,5.11069811676994e-08,0.00349332439748684,1.21461986751345e-09,1.37955581075474e-15,-3.82999087119428e-09,1.26030331265227e-15,-2.5552785876483e-08,7.82772644614007e-16,-3.83169853686475e-07,3.24291499343473e-17,4.21806345222702e-08,7.62041450320823e-08,3.74915902392983e-09,4.97032835566743e-08,1.7179915654615e-07,-1.50144259648305e-07,1.27978511770573e-07,6.51311504783785e-09,3.16886230617994e-08,2.93702402856872e-09,3.49017226563363e-07,-1.32445947411519e-07,-3.3002986763903e-08,-2.69962992857851e-09,-4.86150299280556e-07,1.71495679387137e-16,6.13295355271499e-07,-1.06912129128669e-07,1.0874261752021e-08,6.95237513368488e-17,1.45233722542148e-09,3.99008342687812e-08,1.43583793668077e-07,3.08434642200123e-17,-2.42485442423665e-07,-1.87836614070643e-08,1.18158307848176e-16,-2.49808174987993e-08,1.60865018904364e-05,-4.87780779490314e-17,9.13619607958032e-17,-1.48521852100078e-08,-1.15097720396999e-08,-6.61276549018582e-11,-9.25924390391342e-08,2.5083293535914e-08,5.12728890395483e-08,7.13710737193398e-09,8.9648986752693e-08,-1.55511700627354e-07,2.72272786032797e-15,2.24295189338388e-09,2.23033033300157e-10,6.18843928337016e-10,5.8295987465292e-08,-1.90247892609907e-16,4.13407731070596e-16,1.93513073798307e-08,1.59143687469738e-16,5.02030837474952e-17,1.29375912334835e-07,-1.46108638453748e-07,-1.89163811724178e-07,-1.6175343483913e-09,4.92545437539166e-06,1.08177984238947e-07,4.88343974234102e-09,-1.28844586560496e-16,1.2590755378767e-08,5.96169363924056e-10,2.74815655736195e-09,-1.97024688614082e-07,8.12348621989541e-07,-6.71389103025033e-17,-6.52553082832494e-16,2.32976824841353e-14,-1.09719864796336e-08,-3.78558582259512e-08,-3.18160066796519e-08,-2.6919441009092e-15,-3.01579947109648e-08,-2.98166602742799e-15,-2.08461961995628e-16,8.6293266492158e-07,-1.90031010093313e-08,1.45635498256592e-15,-4.96858083459271e-08,-1.85130574814928e-07,2.16086375743435e-15,8.70720978063262e-08,9.54455379580403e-18,2.6363523651303e-08,-6.28949448766037e-16,2.6636653243699e-08,2.32875458330747e-07,5.92085013625045e-08,8.15488780844492e-09,5.81614820371289e-08,-1.78386996968545e-06,1.30851281323583e-07,-3.13745601910565e-15,1.68248468268362e-05,-8.47699753537388e-07,-6.48748311944878e-15,-1.07167467988577e-06,-8.63382517007569e-07,0.378990037162651,1.55209100700384e-15,-1.72592576870792e-07,-1.30231503883247e-06,-2.7794162456872e-15,3.76922532767292e-07,7.58133700176878e-08,2.02386351100632e-08,-4.05960730727394e-15,5.12198356148616e-16,-3.05308727551909e-08,-7.76388836698489e-09,-6.05882562624825e-10,4.46265835440669e-08,-2.04841463012292e-09,9.68851046288351e-17,2.24310306571394e-15,-6.98373198721283e-09,-4.77223694302958e-11,1.64930828078032e-15,-1.49209808693913e-08,7.37673905734684e-16,-4.79328612199035e-08,2.20266484165357e-09,1.27359298718571e-09,8.10615718094589e-09,-9.82706616861196e-16,4.32122640315081e-16,3.77139517435336e-17,-7.73011255422157e-16,5.93390258349517e-09,0.00243798517125149,-1.04394160981115e-14,-3.96955142734681e-16,8.01611322548604e-16,-5.25735861802384e-10,0.103852272303057,4.20979694579739e-09,1.09958722192812e-15,-9.45700932129928e-15,-1.46331929015237e-15,4.63650100502189e-09,-8.45475091398461e-10,2.03711543894722e-16,5.19910858006022e-06,-6.47760985415975e-09,8.11560794562127e-16,2.4673163954969e-15,-1.42991429869317e-09,-1.53505903898096e-11,-1.00959163943636e-09,-8.24929418109511e-16,1.77604362689166e-09,3.30334710278455e-09,5.21288061849003e-09,-1.09004746796688e-08,-5.89431878302919e-08,0.27488953035528,2.46734310815039e-14,-4.76596716655112e-15,-2.39741679266465e-15,-7.05471329994798e-08,8.27338944634006e-09,3.44262764923476e-10,3.95729220638901e-12,-9.79759973214164e-15,3.87129916802964e-15,-3.43197497068718e-15,-1.91926393129205e-15,-8.3229289564516e-15,5.16213907899742e-09,-1.27661096122336e-15,-1.98402534941292e-16,-1.57716604752942e-10,7.24822882715027e-16,-1.42835116709633e-10,2.57606436182556e-16,-1.80505713758119e-10,-1.29501732544081e-15,-2.91453922574987e-10,-3.84548920261153e-11,-1.03188113016691e-06,-3.60631692224173e-16,1.42399458742212e-09,1.58157161225335e-16,2.32024882245651e-09,-3.23433580594152e-08,2.59967605713866e-11,3.46369385339559e-15,3.96726494587050e-09,8.93052956936886e-16,-1.03852846878753e-09,-5.87869056440111e-09,5.13224192141807e-15,1.07301931296163e-15,7.52988458338245e-15,1.14947078438583e-15,-2.06544715554412e-11,-2.7200160354312e-10,-6.15143388958008e-11,-6.84394421238717e-17,8.94597526069019e-15,-4.76580021554202e-09,2.90455533698264e-07,2.71633708866288e-15,-4.33938145310468e-15,-3.15118179063426e-10,-2.20957144488322e-15,-2.2588938800568e-09,-0.596923786929648,2.20039100982995e-08,2.38684134271995e-15,9.89856671465954e-14,1.2892458074495e-14,-8.61930531328042e-15,1.51215332277006e-17,1.28151846085e-14,2.30773692550359e-08,-1.61500131577254e-07,4.92449688866307e-15,-2.11133181176395e-09,8.08693196755833e-09,-9.30184653663328e-15,1.95081863416802e-15,3.59075719478259e-15,-2.69379820895236e-15,8.19844630685068e-10,1.31915147940515e-10,2.29939312563052e-15,-1.40052040530622e-15,-1.5080225492854e-09,-5.38401407100897e-09,-5.65085815574869e-10,1.40891575596754e-15,4.69029956745635e-16,1.52393916792547e-15,5.03890120557107e-16,-1.95004486326542e-15,-3.6371172487847e-15,3.32853692954973e-09,-3.15973334781529e-09,-6.09751986818765e-10,2.0282402903453e-15,-1.41191316618183e-15,2.70388336700246e-15,4.39866834771745e-15,4.99209853794598e-16,-1.08484614665605e-15,8.35796398433298e-16,-4.76155183686657e-16,-1.53538215485549e-16,4.88505685013274e-16,-1.07826217583404e-15,-2.85125246379613e-15,9.20682168212679e-16,-1.97864071225069e-15,0.000648720169485837,-1.46640286343734e-16,-2.72078270586463e-15,-2.58475172310416e-16,3.36318153753588e-08,-5.89535856841782e-11,2.68683899107106e-15,-6.5342593551095e-09,3.14379521431418e-08,1.45540431769889e-16,6.08554406989791e-16,-8.86591795658467e-09,2.46141084983846e-15,7.89881070019966e-10,-8.66606588991449e-16,-2.38663663323412e-16,-6.01554971121868e-16,-5.21980361142218e-16,1.13270856144632e-10,-1.55662404873855e-08,-1.16863494984887e-14,-3.42412349170549e-16,3.91123167713268e-16,-2.19863444150824e-15,7.80544200143215e-16,1.11508689342404e-16,-3.48400543828635e-16,-1.19332828538847e-16,7.38862389659264e-06,7.27177628975586e-16,-8.189301499241e-17,6.07110268163846e-16,-2.0833464329862e-15,-1.0275352634455e-16,6.57812324633329e-16,-3.80032405695133e-09,-1.02472494486072e-16,5.38780305929287e-16,2.83433634257724e-09,-4.93338796071654e-16,2.14216327464984e-15,8.12542111704614e-16,-1.66626526822943e-15,1.63323681849839e-08,-2.39771457551476e-16,-1.74520615704015e-09,2.17750025902796e-15,6.60863848124832e-16,-1.15707453711555e-15,5.63414935674178e-15,2.3585204689309e-16,8.79807792054504e-17,6.29648292761593e-11,1.47778282016142e-15,-2.74023476186544e-17,1.8256203501775e-08,-7.84555294232997e-09,-1.68623391252659e-16,5.48527754662546e-09,8.02828615431582e-10,4.87213242397948e-16,-9.28668322107136e-16,1.37384128124799e-15,2.1953043379538e-16,-3.67739994585225e-16,-1.32793966355227e-09,2.09800625960882e-16,1.6812023908956e-15,5.21236655740858e-17,5.28631144861271e-10,-3.47703747345749e-16,8.39759112559902e-16,2.02464328134556e-16,-1.11157669118956e-17,-2.38746186237945e-10,-2.26658465453546e-16,4.94268059515043e-10,6.63068597310364e-16,3.08793879397653e-16,-1.94429143158159e-16,-2.38775120129739e-16,-2.72771117956205e-17,4.16821744780093e-16,-2.68140881964228e-17,-1.08901408138881e-08,2.98394281262201e-16,-6.02118913109564e-16,3.51857630836183e-09,-8.74311750294178e-16,1.47718059674963e-17,-1.74673988382054e-17,3.83232904765869e-16,-4.3565689624654e-16,-3.51163149412567e-16,-3.62518614733108e-09,3.17425295536707e-16,6.85345104044739e-16,7.37473889394176e-09,5.78991224021172e-17,6.48162810186241e-16,4.66140918214225e-16,-3.04329100104872e-17,-7.40427540141093e-16,1.85114977225842e-16,2.89559231139938e-18,-6.07609935170109e-17,3.32296355656547e-16,8.51592190190662e-16,2.4504810732366e-16,-3.69817364485636e-09,1.57672703960537e-08,-1.42410107448443e-15,2.79445913140978e-16,-2.57903034026355e-16,-7.14470843316679e-16,2.48461364610027e-15,-1.79417239254446e-16,1.0915621047106e-15,-6.18354228085603e-17,-1.4733151725026e-10,-5.89250562056118e-16,-8.12249768172611e-17,-5.14285816148897e-16,-1.43496036064534e-15,1.81410672497978e-10,9.91593080355731e-16,-1.40082048974405e-09,-5.58184967223839e-16,7.00859471271105e-16,5.11497077524521e-16,-1.91354660821718e-16,-1.24605923430645e-16,-1.4992932439928e-16,-7.87583686427041e-16,-2.09510185952094e-16,-1.10311240974646e-16,2.21295485783448e-16,1.2143608356064e-16,2.1745554573309e-16,1.52456482175804e-16,9.69261844557831e-17,3.20031357569299e-16,-8.19865462306561e-16,2.39484545626979e-17,-1.54296039690774e-17,-2.05827350371981e-16,-1.82113825472545e-16,9.32867789852354e-15,-3.53929025757451e-16,-4.32727586070465e-16,4.42577056654217e-16,2.92493214344477e-16,8.93171381405225e-12,-2.75499340120002e-17,9.16499805421724e-16,2.93339009430543e-16,-9.95374545327863e-17,-3.14447899069861e-16,-2.61683713614057e-16,-1.77820962669071e-15,9.77899129270579e-16,2.14034399613369e-16,6.11408646010464e-17,-6.79807071373768e-15,-8.32377600509466e-16,1.79690090350597e-16,2.61854346203016e-16,1.39803876796156e-16,-1.66009084272038e-16,-2.7183520046084e-16,-5.13542600342120e-11,8.17770684139628e-17,-2.34924723457713e-16,4.12870287935524e-16,8.00200369588977e-16,7.30063900722505e-16,2.71407407924619e-16,6.63355548054925e-16,3.47582025018112e-16,1.35962069670995e-16,-1.50941788317937e-11,-4.2339830385692e-15,1.16859668464003e-16,-2.42220373963567e-16,7.24755756575289e-17,1.7903595986834e-16,-1.14327508064534e-15,2.75267408956489e-16,-2.52986645371069e-16,6.27955608176051e-16,1.30129451243864e-15,1.59491676507563e-16,-2.80072056226837e-16,-4.08469677453203e-16,-3.96435797292482e-10,-1.78797348575877e-16,-4.75402052843612e-16,5.72434925819202e-17,-1.59705809520479e-14,2.32007769859916e-09,-3.85050730065888e-16,-1.13319019852051e-15,-4.28141045030483e-16,-4.90036513337216e-16,-2.16539048500248e-17,-3.27891641624562e-16,1.55696501526419e-15,-7.25958994252878e-18,1.44638013611076e-15,4.91977237466131e-16,3.16357417753554e-15,-4.93812200853863e-16,-1.86088347473922e-15,1.12824635415871e-16,-9.49591573842594e-17,-1.34841648099844e-15,-2.97020849055932e-15
"t758",-0.0421700202077509,0.0353356670729202,-0.0575991788106787,0.0240677459767232,0.00494644761659389,0.000459445000331516,-0.00862566126563807,0.141748189831851,0.000144407464080781,-0.000486460797395658,-0.000215884115537242,0.00899292299309064,-0.0138185186489845,0.00190991648843537,-0.000393017839050184,-0.0360741747787733,0.000563042980421247,-0.000672456304076076,-4.98011906286588e-06,0.000130811384920113,-0.0784544228738169,-0.00078153837766171,1.41084379936253e-05,-6.86251162889426e-05,8.31513898199858e-06,1.19273619032634e-05,-2.18349700607409e-05,2.64987287596924e-05,-0.000897535407898552,0.00103254131582855,-3.48058206120908e-06,6.46587576060927e-06,-0.00233232868411898,6.38400800189957e-06,-4.01738751057296e-06,-8.163298767976e-06,-0.000342998627326431,2.63768490881448e-06,2.22703325556505e-05,6.72491331419332e-06,0.000449991413257174,-8.18820014350569e-05,0.000972719502712214,-0.000118020332739629,0.0554934186169743,2.70405864414044e-05,-2.42235077425643e-05,0.000413160637695737,-2.23733865522108e-05,3.08819898670535e-05,-0.000138731366095269,1.0681113354459e-05,-1.45937472617116e-08,0.000250665223328483,-8.37652571546649e-07,8.12384500802179e-06,-3.05630718322652e-10,-3.54480818734187e-06,1.33398396713015e-06,-3.34990241884118e-05,-6.00546909490894e-06,7.79890208894823e-07,-2.73501619833233e-05,1.47969895913216e-05,-1.17550167414367e-06,2.97760539415639e-05,-2.0983148711678e-07,7.76035275211747e-06,-2.16400484171974e-05,8.78535945644278e-06,-7.8315898462855e-06,0.000170634307661121,-1.14269181396523e-06,-6.70492771329255e-05,2.97184487565395e-05,7.48944015628397e-08,-0.00139694786095457,2.10414536140458e-06,-1.17938043884094e-05,-1.47570178117453e-05,4.75164302443133e-06,7.25813592402775e-05,-1.0448283366245e-05,-6.89280216259033e-05,5.21523657084782e-06,0.000940743352528851,-0.000298440308878769,-4.58379489412643e-06,-1.76705532587588e-06,0.00194426595648251,-1.76925290844342e-06,1.14676046266093e-05,1.25322533926771e-05,-0.00123994718299719,-6.2946400095685e-06,-0.17222642387101,0.0072398611271764,-0.0272810943517604,0.000340089581813733,5.78049978114437e-05,8.97993870789536e-06,-4.23598856191736e-06,1.16227848631071e-05,-1.72398437077241e-06,7.15333234711035e-07,-7.7568585134899e-06,3.45891826896828e-05,-9.0216133283001e-06,5.10704138690024e-06,-9.52407586652519e-06,-5.11348882139982e-06,-1.12757533666229e-05,2.46278783287754e-05,-1.80990143599548e-05,6.77368991554585e-08,-2.39799178259796e-06,3.41586293059336e-06,-3.30072566165436e-06,3.07879516948187e-06,-7.15706433410015e-06,3.37114730221905e-05,-5.64628308952006e-06,5.09749832405775e-06,1.40028751420302e-05,-3.49355045815349e-05,5.39131055245032e-05,-4.05419773598269e-05,1.24627321287345e-06,-2.33342239645639e-06,-7.69935326471033e-05,1.28527903252875e-06,-9.11425472676272e-06,1.2350048252695e-05,2.81735678724699e-06,-0.159604576024142,2.04127831025955e-05,-4.85889811521652e-10,1.28037625947176e-06,-4.98674301973253e-07,1.43356718256123e-06,9.09370897846835e-08,3.4994941358643e-06,-6.75492410236435e-07,-4.4406846094799e-08,-1.0730080309013e-06,8.06159528516828e-09,3.17855155369543e-07,-3.83409793722159e-08,-2.34073830971329e-09,5.23221956040971e-09,5.76083134996983e-06,2.10286370972483e-08,1.71911612500025e-05,-1.34450960762325e-07,1.89111098970416e-08,1.33584521504815e-09,-1.67340862822872e-08,-3.45488939018604e-06,-2.14835012657751e-08,-7.39322123008194e-09,-4.34622948900128e-06,8.76692236440309e-08,-5.96867464288821e-08,-8.05999960287361e-06,1.14022895558681e-06,-4.86967900714663e-06,1.26858921113874e-06,2.2145721373122e-08,1.10709012187693e-06,1.60135487404834e-06,-2.09515184365558e-05,-5.01860314734162e-06,3.98656170022292e-06,2.066347173031e-07,4.29804360601706e-06,1.01399986796095e-07,4.11463468405675e-07,-5.424124111535e-06,-2.36649051399812e-05,-0.0125878742913673,-0.00058095059501899,-0.000294390040394281,5.63345534115467e-06,1.50357657619181e-07,5.04191526617087e-07,6.85116437132144e-07,1.34414737593032e-05,-4.9385722209804e-06,-2.36833407077534e-05,0.0042035379762207,-8.22855865472064e-08,3.39910277606531e-08,7.42027620809736e-08,2.29243834626661e-10,-1.3575734589335e-09,1.05495469938515e-08,2.08391690588225e-08,8.97073874143233e-07,-1.34820684139222e-08,-4.73285006295174e-09,-4.63663278431508e-09,-6.32755554435025e-07,7.88482242625825e-11,2.16089779275809e-08,4.64555475552693e-09,1.36532666093258e-07,1.12295945297083e-09,8.98217587266649e-07,-6.27613965255189e-08,-4.96281787792002e-09,-6.72443862715966e-07,1.65256323366911e-06,-6.035363336843e-06,-1.19909890077248e-07,-3.686550778443e-06,-1.04709975392153e-07,0.00532671812259766,-1.96186558177645e-08,-1.30135515674877e-08,-9.43952190797731e-08,-5.60028424693651e-07,7.72081983834486e-06,2.37553899898072e-07,8.25374515220992e-07,-2.55325967824027e-07,-1.35920136006062e-07,-1.44841923806951e-06,-1.26988061861848e-07,-2.3647494767764e-07,-2.38169307590371e-07,7.50658432752544e-06,1.38270291629858e-06,1.28729951787759e-07,2.2851536249954e-07,-2.98295655871669e-08,-0.286191486625424,2.16799366866363e-06,-1.44124783652978e-15,1.36250049249587e-07,-6.2209922776843e-05,1.17604079910782e-07,2.16330718959407e-06,1.32625737652905e-06,-0.00217881047802087,5.13402259211311e-09,-1.18215031840479e-06,2.94378660777965e-10,-8.4439408510694e-12,-1.64017538749472e-10,3.63438483923609e-08,-1.62893914517194e-09,2.50053004419255e-07,-1.83173153291257e-08,1.26564219654285e-07,-9.90827177161558e-09,7.11854941630499e-08,-1.95476241508942e-07,0.000174011042805418,3.60853312604117e-08,-8.04350455635161e-09,2.03238823370568e-07,-4.10556849455698e-08,4.70273599360465e-06,-2.48546008378159e-06,2.71068989157997e-08,-9.3210948333743e-09,1.40310382140842e-08,9.98612232214183e-07,-2.29613715871103e-06,1.62534283196175e-08,6.69049997836281e-09,-1.60330518503907e-08,1.41656275846377e-06,-4.03119203817183e-05,1.61942487739517e-06,-3.13602647985092e-05,0.00762881722258809,2.1250524708432e-06,-1.41512874391665e-06,4.22406824910137e-07,-1.99624427669525e-07,6.88307083272492e-17,3.32530620568394e-07,1.08974661884524e-08,8.84233364088362e-11,5.75398450146217e-07,-8.215702418193e-09,4.63081490651334e-09,1.57413951508271e-05,-2.76330590216184e-07,5.01116235875422e-08,-1.29962376006438e-07,-4.01546006917083e-09,2.11373508484492e-09,-2.46316937542196e-08,2.76599951406692e-08,-4.69871804031749e-07,5.07691859284561e-10,2.37068082652335e-07,1.60977393214339e-10,8.87675902316865e-10,2.25627796309845e-08,-3.07215273219801e-07,7.57266539984398e-09,-3.07099432150349e-08,4.40100839230354e-08,-1.62619219949875e-07,1.17251320175624e-08,1.06894017161542e-08,8.2845938247197e-08,-1.40914250440319e-07,-1.17214917490693e-08,9.90570986734542e-08,-6.69227115892508e-08,1.6765691801636e-09,1.59512891443078e-08,-3.24252089770457e-08,4.22571943287492e-16,1.2558013973416e-10,5.42151491319258e-07,-3.85769587339191e-07,3.74719845892584e-08,3.35619555882425e-08,9.89946620686294e-09,2.33707523652677e-08,-3.49075603920814e-07,1.35332374969428e-07,-4.65900536413547e-16,-1.14716953201341e-07,-1.41693247665101e-09,-4.07662799848561e-09,1.36082677573694e-07,3.31557302672679e-08,-2.3397333182262e-09,-9.57619030632039e-08,2.68543128540336e-08,-1.00684788435693e-06,2.18869092151678e-07,-4.94300271905924e-08,-9.56631168411992e-08,-5.29528247132521e-09,-4.31208113896947e-08,-1.10274489951361e-07,4.96968320031153e-07,-1.36846771281664e-07,3.32614149480775e-16,-0.000228092676820863,3.99668950933983e-06,1.49076023010664e-08,0.381358370523263,4.11000568052377e-06,5.65519121426956e-07,-1.50665760579072e-06,5.20701039800137e-06,3.03264361910157e-08,1.02960879728031e-15,4.65853400782941e-08,1.21018879120391e-07,4.42308903406748e-08,-2.75908326266781e-15,-6.71305344852382e-08,-8.34099171452871e-07,1.2410651911282e-07,4.83676878363193e-08,1.48833061398234e-08,7.52300817075096e-09,2.58008727978452e-07,-6.51265855650795e-09,-6.86691090475324e-08,-1.99027131896676e-08,-7.57341889646311e-08,-0.000399742276888953,6.15878056266772e-17,1.17190999115247e-07,-6.9133313268385e-09,-3.79533401794537e-08,2.66092928862988e-09,5.70457658622774e-16,2.58473313464268e-10,2.03773984788778e-08,-1.44515437063019e-09,-1.54769198277704e-09,-5.07709989766208e-09,0.000302826672695193,-4.45978904714711e-08,1.18485712542546e-08,8.70337702007087e-16,5.35313184870818e-08,-5.44441408049885e-07,2.06525635037424e-07,7.14448482251782e-08,-7.27975293437444e-09,-4.93408668492945e-11,2.31930852053573e-16,1.60780666002495e-16,-5.01325187517153e-11,-3.49709897988658e-07,4.63164906689508e-08,-9.18172632126683e-09,1.80460014202688e-16,-4.637036121914e-09,-5.61187707776652e-11,-1.74960899534631e-16,-1.37032040920562e-16,-1.96187892087651e-16,1.27299090251757e-08,3.78360947190793e-08,-5.61176298925815e-08,3.38220068617443e-08,1.6899366584927e-08,3.54976085374028e-08,-1.07508971399081e-07,-1.22821683471154e-16,-2.45109869152966e-08,9.05511845677997e-08,-6.0480342132411e-17,3.31721133942916e-16,-4.71410869582735e-08,-3.74753853743624e-12,-2.27692906961322e-07,2.54428590203804e-08,0.00174092598234907,6.05391592046839e-10,-1.0242950207866e-17,-1.90924403660804e-09,3.2127581106257e-16,-1.27421982701425e-08,-3.27730375929913e-16,-1.91097330137201e-07,-5.95160697163958e-18,2.10374105728544e-08,3.80061059833244e-08,1.86860707539502e-09,2.47658265124462e-08,8.55922887516102e-08,-7.47565756653374e-08,6.3678396075551e-08,3.23452165269255e-09,1.57367927251179e-08,1.45752610205406e-09,1.72958796090846e-07,-6.54939160199095e-08,-1.62866432869272e-08,-1.32991482725591e-09,-2.39274613498048e-07,-3.48162421885165e-16,3.00948537367101e-07,-5.22966627091036e-08,5.263884088816e-09,1.48799618435794e-17,7.00615337559268e-10,1.91418063396322e-08,6.87099210548357e-08,2.84582194405442e-17,-1.15884846984365e-07,-8.92801554514186e-09,1.51226474108984e-16,-1.18402571295865e-08,7.48296766886773e-06,-8.34725474685675e-17,4.50665280306721e-17,-6.85206365975943e-09,-5.3059696555653e-09,-3.03738571929182e-11,-4.23419732055943e-08,1.13505410490922e-08,2.31798216806003e-08,3.22226099430558e-09,3.98558029148424e-08,-6.81973599716753e-08,2.99210710771317e-15,9.78268250417902e-10,9.7183494285375e-11,2.6874377504198e-10,2.52112991265075e-08,-8.19360955786048e-17,1.82160391996293e-17,8.32029412378345e-09,-2.04001922938615e-17,1.582980403443e-16,5.34038657627063e-08,-5.98390181863933e-08,-7.74593401952013e-08,-6.50461165030724e-10,1.97562207507409e-06,4.33668055043815e-08,1.95069050660428e-09,-2.78247645928999e-16,4.82522132334742e-09,2.26264621887495e-10,1.03959231978905e-09,-7.32816760241664e-08,2.92170081227991e-07,-1.37937312165807e-16,-1.33074819350407e-17,6.95149867807552e-15,-3.73289290754257e-09,-1.25341062121788e-08,-1.05116268932971e-08,-2.32106211974061e-16,-9.68373348205353e-09,-1.19025976882871e-15,1.15497647143041e-16,2.36558728193532e-07,-5.19681612597495e-09,-1.21871778588417e-15,-1.29244619473248e-08,-4.66473424844713e-08,-8.04268225984851e-17,2.04043928965755e-08,2.5056269673933e-16,5.56879256535952e-09,-8.37041762230782e-17,5.56827681873074e-09,4.82842339099025e-08,1.21612770566775e-08,1.6527304362426e-09,1.14239198581885e-08,-3.05944973109669e-07,1.73306825336581e-08,1.38027164190308e-16,1.26567308129559e-06,-5.80250662144935e-08,-2.05507311850516e-16,-6.34453663932669e-08,-3.59666896498734e-08,0.00948152652498641,1.92176222055273e-16,6.64871952233823e-09,6.84174753449827e-08,6.84576007804788e-17,-2.71392325484956e-08,-6.21499991327262e-09,-2.45685006255727e-09,1.86887341700029e-16,-6.19058190622759e-16,7.10928034985354e-09,2.25470189423057e-09,1.83664188812875e-10,-3.08633720537161e-08,1.61718298394982e-09,-2.24797679947614e-16,-4.19589049693218e-16,6.05377420352805e-09,4.18686884494189e-11,-2.84799974716578e-16,1.54329144573193e-08,-4.41442808446131e-17,5.8805231751972e-08,-3.52313066935728e-09,-2.0799835245721e-09,-1.44182397237727e-08,-9.62757296887463e-16,-4.31335969852375e-16,-8.37166915748427e-17,4.67858130987501e-16,-5.27627887962678e-08,-0.0339585219137013,1.32755548610985e-14,1.33440730650742e-15,-4.17574020411345e-16,-4.34726494291182e-08,-0.000121234742082567,1.51949932516042e-09,-1.61990425976014e-16,-3.11492792481568e-16,-1.65945371543728e-15,-3.79994161216714e-08,8.20272719996857e-09,-1.51689928246026e-16,6.58492143062934e-05,-4.50703937829302e-08,-1.35381382886712e-16,3.87057687148963e-16,-4.84791700529871e-09,-4.99162695932603e-11,-2.49417381841452e-09,5.63716724409923e-16,2.93422365490262e-09,4.36169540826273e-09,4.79949313474063e-09,-4.51204499207126e-09,-1.62169193784358e-08,0.000480654063879446,-9.73241773563851e-18,-2.65010267694794e-16,-1.81958073407768e-16,2.08672166218088e-07,-2.52694289345934e-08,-1.38471878068466e-09,-1.1203983875344e-09,2.50687628734958e-16,5.88118149309013e-16,4.82428552854485e-16,-3.86527320049298e-16,-1.50888458840987e-15,3.79900654307844e-08,1.174561921585e-16,3.35350194573322e-16,-8.97345783402702e-10,-1.16756530543772e-17,-8.03693264537048e-10,2.47957036847435e-16,-9.97266006403637e-10,-5.34974177276551e-17,-1.22879959457589e-09,-1.54536543912413e-10,-3.88475704027895e-06,-2.44205985364194e-17,5.00188980298292e-09,-1.77945512245171e-16,7.22199212982425e-09,-8.98023948557591e-08,7.18819525932353e-11,7.32852398161692e-17,1.05825446301547e-08,-9.3679440242169e-17,-2.64002305265312e-09,-1.49125061514836e-08,-2.51255545841458e-16,-1.72186882137972e-16,7.9980801789591e-16,-3.42391404954225e-16,-5.07157537949691e-11,-6.62782292384234e-10,-1.4862212743449e-10,-1.18529582492702e-16,-2.31687709182365e-16,-1.11264030501215e-08,6.77230656680888e-07,-3.65832847278907e-16,-2.19799820501421e-17,-7.13908192661522e-10,-5.50958961414896e-16,-5.09589763914219e-09,3.5654637955348e-13,4.9211218234118e-08,-9.47514018541973e-16,7.28544222489703e-16,-1.92777945232541e-16,-1.08751940138196e-16,-1.94888427582742e-16,-7.2049276416217e-16,5.16546317600623e-08,-3.61559243522957e-07,4.91649796475084e-17,-4.76061999968059e-09,1.83111269113586e-08,8.11916588963277e-16,8.39402987153126e-16,5.77542517010876e-16,3.7048239114342e-16,1.90873385209665e-09,3.09949851239761e-10,-3.88235639743797e-16,-2.06054871878931e-16,-3.58461959833291e-09,-1.28188442892831e-08,-1.35312232423538e-09,7.80186916143194e-16,3.894495172852e-16,2.63307070712427e-17,-4.15893816265129e-15,1.07249395318967e-15,1.2579471397701e-15,9.33050496085103e-09,-9.0728815138084e-09,-1.79753507419989e-09,6.72228633217685e-16,1.62732236372954e-15,-3.3589426399516e-16,5.69374694715879e-16,-1.32582766315025e-15,-2.44703889080649e-15,-7.9343420616067e-16,-5.50999745031961e-15,-1.04887236952408e-15,-1.02202675928433e-14,2.67231839944506e-15,1.17934999608346e-14,-7.12756739858171e-15,-3.10756275249822e-13,0.311135912302203,-3.05007232487686e-14,-5.02964413962665e-14,1.32576104212541e-15,-3.36659248749671e-07,4.6187239583355e-10,3.65405574914538e-15,4.4822847091677e-08,-9.26179006330391e-08,-1.02637369646969e-15,-8.76585728880863e-16,1.19952005904248e-08,-2.31352393800495e-15,-4.11231568365779e-10,1.03790294719659e-15,5.9736463188016e-16,-1.63024599237612e-15,5.50404007663195e-16,8.01010594170833e-12,-1.50252403751393e-09,-8.16767976790428e-15,2.47499541625029e-15,-6.37134172671984e-16,2.96048412925459e-15,-3.02894889657679e-16,6.51048363600252e-17,-1.93068519435398e-15,-5.30895973214345e-16,4.9837901169611e-06,-8.03282157704952e-16,2.84892579959436e-16,3.17303027458471e-16,-8.02036305542825e-16,6.4420328878642e-15,2.67869639686966e-15,-2.73707224776331e-09,1.87695541182072e-15,-4.04909265002097e-16,2.06170679933376e-09,-1.56387757839562e-14,-4.12669368666133e-15,-7.87740294883991e-16,1.26389952312989e-15,1.29219370736388e-08,-6.82976910235287e-15,-1.39530248589858e-09,-2.77968891401026e-15,-2.72370675127514e-14,-4.75224223835961e-14,-9.67341931357426e-15,-8.73841459542117e-15,0.4883081411504,5.12032289019656e-11,2.34566208405703e-14,-1.4078085536272e-15,1.50422548674333e-08,-6.46791191633346e-09,-9.17335611461377e-15,4.56164933538559e-09,6.69318504912402e-10,-2.2583119189871e-15,2.13496175668515e-15,3.64069118348069e-15,-1.7641258609841e-15,-4.03125913541376e-15,-1.13699899619515e-09,6.04779564392635e-15,5.68786057856806e-15,-4.18311657067375e-16,4.54573125161902e-10,2.17349998455205e-15,2.71962434829244e-16,-2.89438197522118e-16,1.12100814159747e-15,-2.06201098194162e-10,1.9249409442935e-16,4.27359634967697e-10,5.84572360022413e-16,1.69353689409614e-15,-1.81693769428272e-15,1.18207182691252e-15,-2.68454821634034e-15,8.70994034834272e-16,-2.59483874411812e-16,-9.45076434431148e-09,-7.01565382421179e-16,-6.34102877197887e-16,3.05477114546625e-09,2.62582647774122e-16,-5.09982045515488e-16,9.71541822903072e-16,2.7741155355309e-15,1.25971004086904e-15,2.77871168211859e-15,-3.14738489889496e-09,8.98123979119946e-16,7.51047755697359e-16,6.39877055979771e-09,-1.20563008941249e-15,-8.93247418436401e-16,-5.78921555844553e-16,5.31292235554252e-16,-2.6728171206842e-16,5.586226256471e-16,5.23854736190684e-16,4.71473852956124e-16,8.92828878831549e-16,1.52639962234564e-15,-9.44321675892937e-16,-3.18990130614252e-09,1.35849412175742e-08,9.9984972254141e-16,-1.4914976688836e-17,5.79209463349702e-16,-1.59473458715766e-15,3.32419729997806e-15,-7.60115922837684e-16,9.05513011912085e-16,5.16694856429705e-16,-1.2598031736229e-10,9.68964800240057e-16,-1.25568845671918e-16,1.40995619957837e-15,-9.32866334567301e-16,1.5371145642178e-10,-1.02729978502953e-15,-1.17020397647374e-09,-4.25803881963358e-16,3.946807777612e-16,1.40195232178687e-15,5.86777238371129e-16,7.1092568702989e-17,-1.49455685871581e-15,5.23867261411426e-16,3.29013033121456e-16,2.77941556992413e-16,-7.08969997013961e-17,-3.48673978429075e-16,2.3089965267191e-16,7.73212716225589e-17,4.8376951959861e-16,-4.89000303539383e-16,-3.85208811357123e-16,-6.45980067816095e-16,-8.38230632668326e-16,4.42980908204245e-17,-4.85365173116739e-16,1.01768665413138e-14,-3.44604887074076e-16,1.19698878003011e-15,-3.30025411458954e-16,2.46523042231092e-16,6.47835880358729e-12,1.65393921529577e-15,-4.21035762479822e-15,2.68185519028879e-16,3.15386716877416e-16,-1.67538504698075e-16,5.10593493847368e-16,-1.40947246782839e-15,-9.31841969278506e-17,-4.94708560540404e-16,4.09603442837887e-16,-7.29510389978474e-15,-2.78458710586624e-16,-9.69983040677037e-17,4.02800628626132e-16,-4.50652626339451e-16,-9.88969697951856e-17,-4.82820943226519e-16,-1.44528419151113e-11,4.78920324195403e-16,-2.24191121950107e-16,3.18327858494788e-16,1.85674578224192e-16,-9.7191666964524e-16,-3.66753990800349e-16,7.19232629640831e-17,4.61314832911842e-16,-2.82756809342906e-16,-2.50392446530007e-11,3.17432367167277e-15,-2.53876565660955e-17,7.34992986642113e-17,-1.39811209715133e-16,-1.13373366051e-16,-3.23076137160057e-16,1.67936110359434e-17,9.67769754727548e-17,2.57808986489499e-16,-2.42284120528967e-16,-5.8145208816903e-16,-3.9704434586801e-17,-4.5433142934934e-16,-4.71930565715316e-10,-1.17217937958607e-17,1.32740931956529e-15,1.80118268702486e-15,-1.21144294825419e-14,2.63462756955821e-09,4.3189560690194e-16,7.45515325962374e-16,-7.08964291965086e-17,2.20615744919974e-15,1.94427588126336e-16,4.32134081287778e-16,-1.88708902654715e-16,4.00400426912021e-16,2.65900810708542e-16,1.78859650052317e-16,-1.56896830536368e-15,-8.7453226606297e-17,-1.43290393087682e-16,-7.93785221216508e-16,1.09625376952556e-15,-3.12260491605372e-15,1.3817903208858e-14
"t561",-0.042061731569922,0.0351435889423968,-0.0572758650409146,0.0238861441853619,0.00490062989146513,0.000454439698493818,-0.00852981455731779,0.14004552029506,0.000142351960973767,-0.000478025708203489,-0.000211101072127377,0.00874550742449385,-0.0134267453915769,0.00185491258837365,-0.00038118349667257,-0.0349207318033029,0.000544588953450295,-0.000649996691467082,-4.80973633191409e-06,0.000125927536517842,-0.0752714881319788,-0.000742774916630008,1.33663077293773e-05,-6.49930266585692e-05,7.87317484221982e-06,1.12605935231887e-05,-2.05986561763884e-05,2.49837037736422e-05,-0.000844719499386105,0.000959598365572602,-3.21647351446735e-06,5.95018020591255e-06,-0.00213109587887649,5.80341938199499e-06,-3.63060660181711e-06,-7.3044039923519e-06,-0.000306377397947164,2.35084086284252e-06,1.98292239276639e-05,5.97492607955729e-06,0.000398108557057707,-7.21706395143371e-05,0.000855313559759205,-0.000103754829745314,0.0486464719932222,2.34476367468677e-05,-2.09327843178215e-05,0.000356449907876044,-1.92129326517509e-05,2.63837513428875e-05,-0.000117693769726845,9.03109886987824e-06,-1.23332122030922e-08,0.000210939568992788,-6.98903331751652e-07,6.7692741547207e-06,-2.48393612642589e-10,-2.86016517109405e-06,1.07539655585997e-06,-2.65061756320999e-05,-4.6813193805391e-06,6.03274348946977e-07,-2.10218440799548e-05,1.13547514024424e-05,-8.90982868503594e-07,2.23108873432784e-05,-1.53054191169539e-07,5.58849071445786e-06,-1.54891277105187e-05,6.21788053671926e-06,-5.19024265928212e-06,0.000106651132084374,-7.07249369745928e-07,-4.06378112799642e-05,1.79633998867094e-05,4.48442619127737e-08,-0.000833256913473996,1.23115559708822e-06,-6.5850429814535e-06,-8.07367424226341e-06,2.50559285163223e-06,3.79540026241332e-05,-5.11575641675158e-06,-3.30280570549548e-05,2.25268541543027e-06,0.00039354507228604,-0.000120641382760651,-1.84233553949995e-06,-7.09149989047307e-07,0.000777300239651702,-6.97593184025854e-07,3.89510420093802e-06,4.1907652527265e-06,-0.000369212809103045,-1.4442429895121e-06,-0.0376339003409845,0.00157828666843514,-0.00516794343785602,6.07130384514137e-05,7.84660825727659e-06,8.88462727597656e-07,-4.04856018105337e-07,1.06662749449358e-06,1.75250522395989e-07,-8.45268590712929e-08,1.01809959138726e-06,-5.36221017323294e-06,1.45951111948652e-06,-8.87969520134555e-07,1.83334954008449e-06,1.01578543861818e-06,2.66180183446901e-06,-5.92628382971169e-06,6.28361385490349e-06,-2.51628867788192e-08,1.02355276313648e-06,-1.5462601322199e-06,1.73967190133902e-06,-1.8587857343891e-06,4.76140631651306e-06,-2.36564860441315e-05,4.72524629057129e-06,-4.75488402963033e-06,-1.31151745540977e-05,3.32254271155807e-05,-5.70982243024831e-05,4.33176457098836e-05,-1.45748131883051e-06,3.50934859864191e-06,0.000116115764724653,-1.97787949648743e-06,1.65613367444917e-05,-2.31848969864189e-05,-5.41563630327317e-06,0.338153495655445,-4.38393809782419e-05,1.28762592639261e-09,-4.04714765076228e-06,2.03837475102794e-06,-5.90472366064502e-06,-3.92497357060882e-07,-1.54744210912922e-05,3.10728271068582e-06,2.0741696618745e-07,5.0128703896952e-06,-4.21597251847341e-08,-2.12697368819921e-06,3.44186547068667e-07,2.28302703674092e-08,-6.24602251248101e-08,-6.99800360693562e-05,-2.78638423026515e-07,-0.000240421267363403,2.00517336331971e-06,-6.53771690572508e-07,-5.74493981486027e-08,8.67110047742245e-07,-5.96687274311482e-05,-2.91791219221624e-07,-9.73420666060414e-08,-4.91708612458778e-05,9.64880630230534e-07,-5.64512694266912e-07,-7.49960264887825e-05,9.42641378212164e-06,-3.655605351159e-05,7.69310542714542e-06,1.3346873224e-07,6.6617261683382e-06,9.41462093287865e-06,-0.000120026854921134,-2.86465058938954e-05,2.17052484065529e-05,1.10948801353432e-06,2.24238306922656e-05,5.2544257897236e-07,2.12482442302167e-06,-2.63997966797542e-05,-0.000109171073771911,-0.0575759082597511,-0.00263608689493571,-0.00130584546660186,2.47798856608791e-05,6.56083804188308e-07,2.18375946200904e-06,2.89741539636118e-06,5.65233165631737e-05,-1.9844457411128e-05,-9.50323848472395e-05,0.0166352907585693,-3.14381883238943e-07,1.26495319975125e-07,2.73794390210479e-07,8.35593153688403e-10,-4.90519810350526e-09,3.71996032205567e-08,7.31179747447772e-08,3.11562835498285e-06,-4.65940664022571e-08,-1.57996143929752e-08,-1.54552787018039e-08,-2.08198396886361e-06,2.56358696946313e-10,6.84641559122879e-08,1.47169728760195e-08,4.31578440457574e-07,3.52638451870837e-09,2.8081647236772e-06,-1.94016387111893e-07,-1.51417772460185e-08,-2.03114969595496e-06,4.97651890305254e-06,-1.79313430986976e-05,-3.53604770400328e-07,-1.08691913952111e-05,-3.0690329453229e-07,0.0153689047717329,-5.64228440183044e-08,-3.67233437487182e-08,-2.62207714913543e-07,-1.54603803825591e-06,2.06595164575019e-05,6.29813757183167e-07,2.16398531083477e-06,-6.41287393677768e-07,-3.37725383903548e-07,-3.58896879638489e-06,-2.9086802487822e-07,-5.04326550225644e-07,-4.52123369009429e-07,1.32447906784274e-05,2.21547472165463e-06,1.83318553264112e-07,3.12655199134562e-07,-2.1008272022634e-08,-0.0289351150694319,-1.76732825255569e-06,3.65873076262479e-15,-4.02174038793322e-07,0.000221688018121755,-1.36012453739454e-06,-6.85824179210032e-05,-0.000148473857966604,0.272612207822954,9.34723228513349e-07,-0.000217131494007139,5.61462038370357e-08,-2.97530108579287e-09,4.09517288832227e-06,-4.73284519099813e-06,1.3572864490562e-07,-1.79283560508225e-05,6.97657013995215e-07,-1.15108151623267e-06,6.41592531757504e-08,-3.57191555885059e-07,5.92533788831705e-07,-0.000509668630785057,-7.57333849005482e-08,1.39961750852949e-08,-2.68637228567621e-07,4.95268791372416e-08,-5.14260013970716e-06,2.35991349970792e-06,-2.05796127673983e-08,6.8887762077778e-09,-5.01394742263324e-09,-3.49397396125567e-07,7.84271375921232e-07,-4.18457407806986e-09,-1.52384058355558e-09,2.22195631530278e-09,-1.74010061179615e-07,-1.12038687934904e-05,5.05161466453268e-07,-1.05933928962582e-05,0.00300375798491059,9.25116798207129e-07,-7.36151881657552e-07,2.29269765539659e-07,-1.11792520497291e-07,-1.60261210718938e-16,2.04667281968192e-07,6.7823188779744e-09,5.69626811473413e-11,3.98376900702705e-07,-5.99850341545456e-09,3.4592614513537e-09,1.18867516539206e-05,-2.34200894626836e-07,4.27354328486072e-08,-1.11015692657038e-07,-3.52239406577986e-09,1.97651925326586e-09,-2.32550369118779e-08,2.62833348787538e-08,-4.55562364512164e-07,5.24205810515345e-10,2.5002030681706e-07,1.69970056815956e-10,9.37579073755774e-10,2.48581034578242e-08,-3.50687472946956e-07,8.67622499045016e-09,-3.53653779337501e-08,5.09731154827924e-08,-1.88661137392675e-07,1.37691165304574e-08,1.25628123493755e-08,9.75032579805665e-08,-1.66000463086133e-07,-1.38482628999693e-08,1.17368728261758e-07,-7.94829189623348e-08,1.99312567667414e-09,1.89914086324904e-08,-3.87081957450565e-08,-5.3067549781899e-17,1.49938774634961e-10,6.46212330794112e-07,-4.58326398983944e-07,4.45149762611147e-08,3.98654096989178e-08,1.17476628665971e-08,2.7680539762888e-08,-4.12389790337514e-07,1.58894630462063e-07,1.12304482172972e-16,-1.32036795272298e-07,-1.6257707228264e-09,-4.64364198383748e-09,1.54867794444582e-07,3.69119542499464e-08,-2.56637304040668e-09,-1.02435952375541e-07,2.81407929307981e-08,-9.97070639970855e-07,2.01638313762932e-07,-4.28476100230528e-08,-7.95751071381231e-08,-4.28010721995448e-09,-3.28871781107508e-08,-8.35141996304506e-08,3.58479385997481e-07,-9.4602983022543e-08,-4.68177575117018e-16,-8.95030813732656e-05,1.2332192749392e-06,4.58690138955251e-09,0.00318679757964675,-1.91361610940139e-07,-5.95583424581614e-07,2.2868722781405e-06,-8.45655359162084e-06,-6.30823150935957e-08,2.66547308285015e-16,-1.27181787457693e-07,-3.6510725298053e-07,-1.94083655406474e-07,1.00391547045475e-16,4.49963299730992e-07,6.21226887978649e-06,-9.77349799433377e-07,-4.28638313721902e-07,-1.62447957170439e-07,-9.70595574871921e-08,-3.82521145987414e-06,1.54811357097467e-07,1.74054336487394e-06,7.73123842674846e-07,1.08727123523914e-05,0.0647895669013969,4.08527890815488e-15,8.15260272016904e-06,-4.27096586061251e-07,-2.04329871150932e-06,1.45534770632166e-07,2.96154508983942e-16,8.37331309340778e-08,-5.53111919059646e-07,2.28590303741979e-08,1.9970659745522e-08,5.26575445629759e-08,-0.00220630628954019,2.003451938405e-07,-1.95340871582434e-08,-7.14003050138229e-17,-3.47957556728798e-08,3.21420617628667e-07,-9.81533149651492e-08,-2.38520510337755e-08,2.35700779183712e-09,1.4188153302842e-11,-7.47002594541032e-17,8.65128171872381e-17,5.14124294443032e-12,-1.10499188885251e-08,2.17052876721107e-09,-1.36611320884359e-09,2.21717704609005e-18,-1.54247237777026e-09,-2.25158532371421e-11,5.07699927768511e-17,2.07193751760787e-17,1.02848308746224e-18,7.40353173932995e-09,2.27731574084235e-08,-3.75425638057512e-08,2.4468076520405e-08,1.23320041027814e-08,2.79332768720186e-08,-8.53120963896009e-08,8.46946123425731e-17,-2.24660440830403e-08,8.74836848782124e-08,1.33375006307997e-16,-3.19559111069126e-16,-5.96146085679724e-08,-5.25026725147025e-12,-3.89654431056898e-07,5.41100279403239e-08,0.0140187463680973,1.52208470811403e-08,5.44022951353511e-15,1.94848585245295e-08,1.52593284491122e-15,1.68335419587014e-08,-8.22768692904889e-16,9.97954690703372e-08,-2.78953714003489e-16,-1.78846883857529e-09,-1.06865626403022e-09,6.95680048189342e-10,1.03343110692732e-08,3.71478934227011e-08,-3.70743419425889e-08,3.43145040638441e-08,1.9857034615825e-09,9.66966687218715e-09,9.22141126551767e-10,1.14486943476473e-07,-4.54968552554719e-08,-1.16924730387053e-08,-9.7624104342008e-10,-1.77402638065638e-07,7.78115134182649e-18,2.29356086582564e-07,-4.07667540439139e-08,4.3118136806278e-09,1.33166418861748e-16,5.80499222154496e-10,1.6106660573188e-08,5.81631685305633e-08,2.19819902884236e-16,-9.83882258042623e-08,-7.66398707036989e-09,2.74717101555083e-16,-1.02150454026711e-08,6.62312828074603e-06,-2.5531859180752e-16,1.91867502185209e-16,-6.11489401737357e-09,-4.73844304869268e-09,-2.72114122776043e-11,-3.80695271367878e-08,1.02815225980743e-08,2.10094046858168e-08,2.92302008881336e-09,3.64630864724218e-08,-6.2770515398997e-08,6.04262188306023e-15,9.02312205795538e-10,8.96693280213376e-11,2.48263287727233e-10,2.33228268525495e-08,1.76646122559188e-16,-1.80843479668709e-16,7.7112882411675e-09,-1.19713111293534e-16,-9.919997562101e-17,4.9976197991562e-08,-5.60743100157532e-08,-7.25880671288574e-08,-6.11176636926233e-10,1.85691347469052e-06,4.07638611985388e-08,1.83441229211672e-09,-3.39768964680149e-17,4.55490946711548e-09,2.13719308791845e-10,9.82134204375037e-10,-6.92873318652417e-08,2.76509358648133e-07,1.55857154581407e-17,1.59514344359149e-16,7.20200843772199e-15,-3.53324723179165e-09,-1.18583800739404e-08,-9.94445713617384e-09,1.03326614353377e-15,-9.15400969529993e-09,-1.45069308330714e-15,1.46397409058878e-16,2.21748998993605e-07,-4.87063729203236e-09,7.71082659484306e-16,-1.20674954244071e-08,-4.34395167435409e-08,-6.94639920106311e-16,1.88753387266204e-08,-2.68011202360479e-16,5.09517732957102e-09,-1.82366573919259e-16,5.08861620585269e-09,4.40828490943319e-08,1.10907696591068e-08,1.50483470954424e-09,1.03615079918076e-08,-2.72363405425274e-07,1.47435756880649e-08,9.04306888181942e-17,9.09511482372146e-07,-3.99455020835355e-08,3.66517754352836e-16,-4.03603061283276e-08,-1.70307956377788e-08,0.00103611173310916,-9.74141782156051e-17,1.0688347684698e-08,9.9147177365834e-08,1.87828259971132e-16,-3.61181508357645e-08,-8.02833226018111e-09,-2.94592676844913e-09,-1.46261784351942e-15,1.56580043573371e-16,7.82658812856656e-09,2.42714396483606e-09,1.96890499701403e-10,-3.03683768970904e-08,1.56172057649667e-09,-3.88512207992925e-16,9.02920760304598e-16,5.75916926651127e-09,3.97500411779093e-11,-2.65269751942491e-15,1.41995871500671e-08,8.71356033602147e-16,5.19712924941673e-08,-2.86583382274044e-09,-1.67885692562146e-09,-1.12499488577821e-08,-8.43386637696809e-16,8.13832375160201e-17,3.30137933135939e-15,1.91820257872695e-16,-8.28167734823572e-09,-0.000981401459235997,2.20335701502475e-15,-5.58648884133654e-15,1.05867565764491e-15,3.39085903140182e-08,1.33349888444634e-05,-1.93960244013209e-08,-1.11370309298379e-15,-2.78064706479481e-15,-1.38132249509756e-15,-2.56327033916723e-07,5.79946086128544e-08,-1.36301660759341e-14,0.347977527102138,4.41297774978452e-07,-4.63688038282928e-15,1.49806357692384e-14,8.70684483759814e-09,8.1027711650702e-11,1.94378190530998e-09,-2.78722693009102e-15,-3.70398441030282e-10,3.03786255249416e-10,1.21219422239156e-09,-1.84223741458172e-09,-7.10440178311814e-09,2.61774631277644e-05,-2.66037811311212e-16,-1.39539945272818e-15,2.69395290997947e-16,1.33856208429475e-07,-1.62431230452356e-08,-9.04424402847696e-10,-7.73183637527188e-10,-2.31945829005471e-16,-7.95974344085982e-16,1.21285555645797e-15,5.31141398742433e-16,-3.08561460947198e-15,2.69836476117524e-08,4.22550683495922e-16,1.53946512733572e-15,-6.4134957371222e-10,-4.6695383225659e-17,-5.74569595931388e-10,-3.52365706057789e-17,-7.13268860291202e-10,-3.16199604120893e-16,-8.8364003392072e-10,-1.11185105262613e-10,-2.79573887540253e-06,-2.68691347997402e-16,3.59800543224951e-09,2.88586682575341e-16,5.17491392322525e-09,-6.36840105527714e-08,5.09462439144116e-11,1.47960387774712e-15,7.45605066018643e-09,1.01556780242775e-15,-1.83920465473032e-09,-1.03826057080176e-08,-1.52649414111891e-15,-3.44900288214913e-16,-1.56635480333645e-15,5.8980239299909e-17,-3.49167452091946e-11,-4.54831988922983e-10,-1.01591221246743e-10,4.42653461985796e-16,6.83110319443745e-17,-7.44612780822907e-09,4.52752864712298e-07,4.84832177253219e-16,-3.45567272509739e-17,-4.61822771547904e-10,-2.13663665554658e-16,-3.27001554757009e-09,2.96900038176269e-14,3.07760998226978e-08,-5.17194176282474e-16,1.68849682600837e-15,-2.37508265420504e-17,2.01329881192658e-16,1.42840549146493e-16,-3.7594463169247e-16,3.02477455963282e-08,-2.11507352158078e-07,1.07711896961726e-16,-2.70635333882267e-09,1.02747773004114e-08,1.97716058250239e-16,9.23876903106144e-17,-3.75253754401499e-17,1.01775108811727e-15,1.00348268813651e-09,1.60090310664258e-10,1.26435131535072e-16,9.58954331582827e-17,-1.81280455946208e-09,-6.4642045373796e-09,-6.75648293584565e-10,2.67748264830174e-17,8.99024538353386e-16,5.37610220351259e-17,6.69556212512892e-16,4.13515872752978e-16,5.62865126989644e-16,3.72263597613221e-09,-3.51181099046314e-09,-6.73484559423573e-10,-1.25418905079901e-16,-8.051289836963e-17,-1.01211115897437e-15,-1.31984759084012e-15,-5.30999050501128e-16,3.40564009168585e-15,-7.55487130123677e-16,-4.25414522014336e-16,1.72589797998091e-16,9.38449586594758e-16,-7.83142344483492e-16,-4.17435427000667e-16,-3.81227800507915e-16,3.2854151079846e-16,8.07421831305082e-05,-1.60301233717051e-16,1.08343465354181e-14,-8.45028547625074e-16,3.37790480473765e-08,-5.87812244269669e-11,-4.42662814199239e-17,-6.49063784022131e-09,3.0456155219e-08,-1.657340119507e-16,-6.40338075496265e-16,-8.3708770294969e-09,-1.88053999064365e-16,7.23500031333297e-10,9.08449207801817e-16,5.62502694612995e-15,2.55940527096916e-16,1.88497322487533e-16,9.88159607476698e-11,-1.35326776169891e-08,-0.278553008252611,1.63994290300195e-15,-7.2647243168479e-16,8.61256426007025e-15,2.02627017287592e-15,-3.45345647400718e-15,-5.11681391004951e-16,1.74148336009802e-15,5.22527223614779e-06,1.34877982146755e-16,2.5095705196064e-16,-9.66283924547118e-16,1.47630613971822e-15,2.23916588225332e-16,-3.21067323505118e-15,-2.54022957615195e-09,1.01078629622204e-15,6.71378231624265e-16,1.87369755834565e-09,-6.35260860450005e-16,-3.20436289852793e-15,-5.20007006353267e-17,1.29447402439398e-15,9.28964449559548e-09,-9.65211131161529e-16,-9.61453136657265e-10,2.37103630930657e-16,2.82694130361887e-16,2.26654113253953e-15,2.4598586911736e-15,4.26671629250538e-16,-1.39411359820459e-15,3.22954846081043e-11,2.1999987986099e-16,1.00858769386381e-16,8.80421994685611e-09,-3.77115202324757e-09,1.89488586319303e-16,2.48497576269822e-09,3.56547091109198e-10,-6.90555577573055e-16,2.5926901056984e-15,6.23464957670771e-16,-2.24125095185687e-16,1.88238879465343e-16,-3.93399436230014e-10,2.82116910865665e-16,-1.24863811747084e-15,-6.35260511781723e-16,1.33384290952173e-10,3.23742658074522e-16,-1.14682452808529e-15,-2.10074598496179e-16,6.82478321140433e-17,-4.52688896625235e-11,-2.09202810476529e-16,8.35651030622799e-11,-5.2966221264094e-16,2.18601179917775e-15,-1.98725933879922e-17,2.08241435586034e-16,1.1778913888294e-16,4.63498624417961e-17,-1.44233183476603e-16,-5.38811878819255e-10,3.12163648852767e-16,4.65592466885122e-17,5.83613480984825e-11,-2.36800872872702e-16,-3.20138245113276e-16,3.31862541136624e-16,-2.20125604222315e-16,5.51614272376482e-17,7.08083361187914e-17,3.51039024271794e-10,-8.54642317589057e-17,7.16028025526079e-16,-1.13087170753107e-09,-5.73431802636193e-16,-7.9662108203278e-17,-7.10652119801542e-16,-6.43115557682046e-16,-5.99155997066232e-16,4.01304890419452e-16,4.84823457981206e-16,3.80509290684589e-16,-5.08606920998308e-17,4.95757037180919e-16,-2.57371179406123e-16,1.48548020093427e-09,-6.88498761296467e-09,5.6877093876117e-16,-7.1390011729024e-16,-9.58148092397723e-17,-2.53359659358593e-16,2.98449955798439e-15,-1.6716575470536e-16,-9.25921297850427e-16,1.01011743498762e-16,9.47120461102476e-11,-1.05479552693085e-16,5.35686059326991e-16,-8.20144099789262e-17,1.08618272322273e-16,-1.5547170897642e-10,-1.82489452228825e-16,1.62271748217284e-09,-1.5637964210071e-16,1.0216303162461e-16,-2.17135509038488e-17,-4.88904953571225e-17,4.10601685251405e-17,2.67054831138645e-16,-3.23436736385995e-16,1.15750465793557e-16,7.43283889996356e-17,6.13756653418355e-17,-5.32288864267746e-17,1.70949842577687e-17,1.15485188094049e-16,4.61855227834615e-17,-2.18925542373245e-16,-2.4176886393729e-16,-7.81866909112742e-18,6.97886867882826e-17,-1.39582597633117e-16,1.14740729353986e-16,9.98147945851324e-15,5.98025232630171e-17,-9.59585859376313e-16,1.6187711419772e-16,5.06077096629614e-17,-3.23583981404765e-11,2.53258428661746e-16,3.30904381659461e-15,-1.19277690839534e-15,-1.5765069097801e-16,2.84790641662878e-16,-3.36602083732805e-16,1.25432547759336e-16,2.6351831781988e-16,-8.10854317371852e-17,-1.02356823009768e-16,-6.47946966654945e-15,3.81169891153557e-16,-1.15429740999958e-16,9.58629935954855e-17,1.07416930904417e-15,1.98499686117588e-16,-9.05565972212639e-17,6.74906600444345e-10,2.49648745757223e-17,-9.41952814690947e-17,2.42000025551809e-16,-1.38935552217968e-16,-2.14601452164115e-16,-1.45685167830554e-16,3.39395938916257e-16,-1.83243358630791e-16,3.69065536755379e-16,-2.4533607805417e-10,-2.82191316085388e-15,-1.24917416000264e-16,-3.29823909500396e-16,3.63692279187136e-16,1.66784475319254e-16,-4.95355862368002e-16,9.75666728861133e-17,8.4200230271923e-17,4.62831617306509e-16,-3.00939458060433e-16,8.68501309510345e-17,4.86242039285917e-16,2.31318024530493e-16,-2.47416937796402e-09,-4.74459281012674e-16,-2.00231541466791e-16,9.95078371781883e-16,-1.29514968610215e-14,1.17614895295476e-08,6.78985282011387e-16,1.44975742622651e-16,-1.89182886214678e-16,-1.27262466423568e-16,-1.95126252447706e-16,-3.21820109458643e-16,1.0370900735574e-15,-1.20443562880103e-15,1.84910908423875e-16,6.30091563720896e-15,6.13530667849639e-16,-5.64068501630924e-16,6.59236054986088e-16,-1.38359120304862e-15,6.81048493575605e-17,-6.19416569755646e-14,1.23562857694645e-15
"t339",-0.00774672834266795,0.0230513313287276,0.026373577178778,-0.00824136720742191,-0.132075932788031,-0.0292985852415375,0.0188785581114062,0.000302418785663918,0.00100390136807224,-0.00219726192660088,-0.000597045831417232,0.00358091801582072,-0.00525301824478339,-0.000511461817225303,-0.00356154150660963,-0.000988712118534218,-0.000921208661245557,0.000386796711456283,-0.000343515037421905,0.000251801912040981,-0.000932720219814421,0.000195251479373035,-0.000409555017775432,0.000847908476721427,-0.00013315493431233,0.000310071360063023,-0.000386396200508384,0.000357028327613397,-0.00307492667070513,0.00783232649997672,-1.8715741839476e-05,2.62239484866878e-05,-0.00112647568651238,0.000180165514770754,-2.26086710459854e-05,-2.34430889097678e-05,-0.00010661810388194,6.07780588273412e-06,4.76818552167206e-05,1.21398891555446e-05,0.000532077501721233,-5.4351488425355e-05,4.92206074628976e-05,-4.13422928786606e-05,0.000176303495376177,0.227480748075721,2.41221339725667e-05,-0.000285394566826778,0.000157409569450782,-0.000261099383054761,0.000246220442931478,-0.000147857673461707,2.05668164385167e-07,-6.88043676735772e-05,2.31799124578364e-05,-0.000242458779751117,9.60393853437468e-06,-0.000673964728596839,0.000230263540877302,-5.3468397274208e-05,-7.91658640769041e-05,0.000135823241210903,-0.0837928405071342,-0.010584253776894,5.73909622180994e-05,-9.58245447085488e-05,5.98817746077911e-07,-3.25492844264236e-06,-7.64809824136401e-06,1.22121982910651e-05,-4.8204109467707e-06,1.55421518363215e-05,-3.90330761153627e-06,-3.60401025500545e-05,1.51760779371917e-05,1.08094381675148e-07,-0.000132468578424033,1.45929235756348e-05,-5.74144885273403e-05,-7.14878506805072e-05,2.43905748552176e-05,0.000382875006027156,-0.000121203963972918,-0.0250320276676808,2.58453687489879e-07,6.59153833875184e-05,-1.51987983910233e-05,-1.87720489417272e-06,-0.000220618543716489,2.17612957428221e-05,-3.84632264863064e-06,1.85322800799836e-07,9.37910519810124e-06,-0.000123119066689474,-5.19638660129112e-07,-3.02309375176241e-05,-3.55220563325185e-06,1.8337901052304e-05,-0.000154020382839526,-4.25239076840657e-05,-9.45721287542228e-06,8.14614401093269e-07,-1.29783076904077e-05,5.18115383945318e-06,-2.28552012642197e-06,4.82075656132471e-06,-0.000127054409977567,5.94457518890062e-06,-2.03392578705981e-05,9.40980063045767e-07,2.34060378018065e-05,0.005771454924827,1.14609033670913e-05,1.25180223679888e-05,-3.53780289310226e-07,0.00168783563683143,-2.00626784512883e-05,2.25195668820781e-05,-2.36075961259139e-05,5.93481677560553e-05,-4.31023461878338e-05,5.80125898257141e-05,-5.69774563477854e-05,-0.000156716969483626,9.54835156157347e-06,-0.000102038782987827,1.04293127116297e-05,-1.7765187466016e-05,3.86239862864533e-05,0.00127547711825154,4.12116252701083e-06,0.000135747245571489,-2.64939195938886e-05,-3.44515412528623e-05,2.29878504034836e-06,6.38898791655628e-05,-4.94712481550153e-07,-0.000481981367484393,0.000587060872091716,-0.0018586342958058,-0.000314794649912497,-0.0893847759391131,-0.00185294431561636,-8.22888291509606e-05,-4.32006276894552e-05,5.02925682399817e-06,9.08723126433206e-05,-7.91716871062929e-06,-4.61759907274837e-07,8.9810859530512e-07,2.51677484615232e-05,3.81290823837396e-06,1.42072583037e-05,-2.78189979363921e-05,5.31970065237116e-06,4.3541178138744e-07,-6.25386600655481e-06,2.71032814764232e-05,5.41615351832107e-07,1.72047607767681e-07,1.2319051049722e-05,-1.27268614344605e-06,4.47300086266481e-07,1.13080658475042e-05,-0.000474502482883783,4.30775625619882e-07,4.44443910783932e-06,7.98937478774944e-08,4.02326009833513e-06,6.42376495930168e-06,-1.77741683605268e-05,-3.21783712574549e-06,5.67803325418921e-07,1.27059091362231e-06,5.94013049064203e-06,7.90688515442278e-07,6.21702201198596e-07,-0.146439899570107,1.45852374792728e-05,8.78996271933655e-05,-0.000238758434112841,-6.08460571580611e-05,8.22546402929979e-06,3.93504258559113e-08,7.90637066622096e-07,1.99032689118349e-07,2.101921308668e-05,-3.37082557622004e-06,-1.49519453988895e-05,2.24000731510028e-05,2.83053376331393e-07,-4.27655216172952e-07,-1.59201054854644e-06,-3.42194949070339e-09,-2.30243945290889e-07,2.63381119147936e-07,4.63749000211967e-07,3.97768640596681e-07,-2.38351811380564e-07,-6.82498089583648e-08,-6.6749270294855e-08,-9.2211390432527e-06,1.2318334179105e-09,1.58560601804258e-07,1.80196374167138e-07,1.11257928094735e-06,-8.58679342858884e-08,-4.96076508531027e-07,2.56427983362482e-07,-4.16204372096384e-10,-1.14102168199103e-06,6.14980658134682e-07,-3.01365073904564e-06,-3.53447107070887e-07,-3.85356993123856e-08,-2.99160517447882e-05,1.03959035007596e-07,5.22538113819924e-08,-1.3507759576969e-07,-9.26307578969851e-07,-5.85104882502495e-06,3.91816999297514e-05,0.0157718526533091,-2.18863216824598e-05,1.06717277500318e-06,4.10206210790594e-05,4.22674009469331e-06,1.11351541807834e-07,8.43129687747627e-08,1.30581822141247e-08,2.32002688074862e-08,1.8582264455699e-08,1.25049774290807e-08,2.29923311516247e-08,-2.08159922634407e-09,-7.70979561525236e-09,-2.4868596777234e-07,6.91542099597799e-17,-3.78479018527536e-06,6.31613419461651e-07,-1.11475640885833e-07,-4.15093224096023e-07,-3.84549674884778e-07,8.64840660827093e-08,-8.98060938170483e-08,6.43743630362227e-07,-8.03409185706042e-09,6.03851980145487e-10,-2.11071703351812e-07,2.97830096339009e-06,-2.46654782812939e-07,0.00032726016071525,1.41227628034094e-07,6.19186762403938e-09,-4.37804449209224e-10,2.1158041580605e-08,-1.88510050036254e-08,2.94428497647991e-07,4.4873255001547e-08,-8.02509829893061e-09,1.51756885410715e-07,-2.77519298827038e-08,2.84277443016824e-06,-2.14314463188018e-07,1.04842082641223e-08,-3.47151437880573e-09,2.31127975246614e-10,7.9607865805656e-08,-3.11147897454168e-08,1.56346673691682e-10,-8.93012850072419e-11,1.29335226270959e-09,-2.42783858923476e-08,2.05126970456922e-07,-2.75007029946213e-07,7.74648956600972e-07,-7.34420148580409e-07,6.24629846347078e-08,-1.07630135061705e-06,8.0805981213666e-08,-2.53649677567817e-07,-5.69005429745974e-16,8.17434319565787e-07,2.90441436092708e-08,5.70959777329162e-11,6.73239436676967e-07,-8.61500555161431e-08,6.2720114734725e-08,2.99823083008467e-07,-6.74107695261439e-07,0.154550915794213,0.000280860043650653,6.01570692232744e-07,-1.6361172151565e-07,1.91125341295566e-06,-2.17185142876824e-06,7.71240862333124e-06,-5.8785977060715e-07,1.14408854270306e-06,3.03663065126286e-08,3.05904192600949e-08,1.05563375557063e-06,-0.000627885715621095,-2.64757385932668e-09,-3.0062765913631e-07,5.18151023654581e-07,-1.93112077341972e-06,1.30220233244412e-07,1.20068349030961e-07,9.41699211413713e-05,-2.4048031544892e-07,-1.0957391223061e-07,1.66288149138101e-07,-5.65300411244905e-07,1.38307449588333e-08,1.26337509705264e-07,-2.35117931627451e-07,6.61946891915066e-17,5.12355065623031e-10,3.92783320249169e-07,-3.34272927762788e-08,1.29915088802233e-07,2.19108500970402e-08,3.33277281657818e-08,7.49705182511409e-08,-1.05561854393762e-06,3.60692335074952e-07,-9.29349890785342e-17,-2.18742058426414e-07,-2.56120841667012e-07,-6.65503189198243e-09,4.14722312361554e-08,3.90294066306985e-08,-2.22689799207417e-09,-6.23207315212198e-08,1.22516176195986e-08,-1.41584261255276e-08,-4.86982220872868e-08,1.82243273679038e-06,4.31531874362339e-08,2.60109247603447e-09,5.96694757067175e-10,6.1292795197381e-08,-5.52098100416227e-08,8.24653707441999e-08,-4.31639961904257e-16,5.51841935176319e-07,-4.770372089949e-08,-1.37607199179175e-09,-1.55819346407134e-08,3.99455618248227e-07,1.27299566376636e-06,-9.67647936879291e-07,3.60105237682942e-06,1.46486192914583e-07,1.03808562194942e-16,2.98716235287093e-07,1.62487545125805e-07,4.59593748863556e-07,-2.23784902527696e-16,-1.03997917879862e-06,-2.08078390966594e-06,3.25256477428137e-07,9.63297312400612e-07,3.51168657948065e-07,2.01852082719848e-07,7.66030568198595e-06,-2.79861251411464e-07,-0.000262146203300107,-1.73701269136646e-07,-8.82607668395242e-07,-1.71896942273399e-06,-4.83440626481786e-16,2.00164116611823e-06,-7.25627076340032e-06,-0.0538584922605207,-3.23816852137561e-06,-2.04313213835367e-16,-1.03317950319653e-06,1.47638573149863e-07,-2.27825595059653e-07,-1.81127579653615e-05,-4.42190863010573e-07,5.44295220661605e-07,-4.53481238122238e-06,4.30925208846128e-07,-2.93336489721606e-16,1.1511493675116e-06,-2.83780002287125e-07,7.45001492860636e-07,1.20431365335289e-06,-1.21583741335079e-07,-7.96541803606707e-10,1.11255502447452e-15,-1.14275560597683e-15,-6.63634523158513e-10,-9.7281009889702e-08,1.2584589381906e-08,-8.28124741439021e-08,2.60582554749367e-16,-2.57264253462405e-08,-2.30941371509475e-10,-3.47349044959826e-16,-7.84851236063449e-17,-7.01534524683144e-16,-3.17094396763107e-09,-3.08919234056408e-08,1.47186874826308e-05,-1.53289611869565e-07,-8.03086391792796e-08,-2.42514822726772e-07,1.44863212422289e-07,-4.4000185531457e-17,5.65685517562253e-08,-1.89998459779019e-07,-2.94884851823776e-16,1.03970515257595e-15,2.3692932304998e-07,1.15209157952298e-10,2.1747804200239e-07,-1.08665556907272e-06,-4.14046170482469e-07,1.28161042240744e-07,8.79305967763037e-15,4.93728708003208e-07,4.94767490127547e-15,2.79097672291677e-06,-1.00035996747211e-14,1.77054511292773e-06,3.23832872534258e-14,-0.310906993638765,9.82865120972738e-06,2.33285692528652e-07,2.59456139786822e-06,1.60122651800536e-06,-1.46902681376989e-07,7.97887676511252e-07,1.58730316048303e-07,7.70562846985269e-07,6.63343152296075e-08,1.77076883903942e-07,-4.38825860588224e-07,-5.17633465737002e-07,-3.9315375547701e-08,-1.73640085097338e-07,-3.22358410180009e-16,1.48898330019909e-06,-2.37840539580038e-07,9.42700320547463e-06,-3.08733698353089e-17,1.29162256490372e-08,3.2738551189545e-07,1.13959409338672e-06,5.30769085953077e-16,-3.60713208192924e-07,-1.37419195160199e-07,-1.22317734009109e-16,-1.77148987703349e-07,4.56618418170428e-07,-2.73207927653531e-16,3.35739850023257e-17,-1.59905196744582e-08,-6.45943408277292e-08,-3.61716589307451e-10,-4.92728453846876e-07,1.27456989762743e-07,4.96159672787286e-08,3.61258521116698e-08,0.00168494929888284,-5.24700698202386e-07,4.91212250350133e-16,1.45200698333906e-09,7.55085009994943e-10,2.08032221178254e-09,1.93527561428054e-07,5.2288133375101e-17,2.40911165428152e-16,6.28686796259222e-08,8.88873866926774e-17,-2.15968549597702e-16,3.18022363920709e-05,-3.74293529819542e-07,-9.28765021251119e-08,-3.60861615877682e-09,2.24060070547632e-06,4.31884139444861e-07,1.20129794947486e-08,-1.0314899507259e-16,2.48317036690304e-08,1.12907109968404e-09,5.13468469675013e-09,-6.53531412559932e-08,2.36285742732656e-07,-8.62208685382482e-17,-1.1955929483862e-16,3.84708928541424e-16,-1.35909650574768e-08,-8.08399759203504e-09,-3.53861052581788e-08,-2.90444772671636e-15,-5.76556230392078e-09,-4.95183238610992e-16,7.36474432851001e-17,4.98220291889382e-07,-1.0880919985335e-08,-3.57599281727366e-16,-2.3965761572134e-08,-1.52614352259027e-08,2.88089277042167e-16,2.66441281602728e-06,1.34227803631637e-16,6.17843200758649e-09,-6.42827236573852e-16,6.0164672323324e-09,5.10883156687924e-08,2.39459644051555e-09,1.64888850057543e-09,1.04989166244569e-08,-4.8984306598578e-09,4.23948092241189e-09,2.11969752353819e-16,-2.83454301426582e-08,1.99515012373643e-09,-1.90111641001222e-16,3.32282486440562e-10,7.06792422279356e-09,-2.71655829679351e-09,-3.86787738051986e-16,-1.11021359688851e-08,-2.1007542017893e-08,-6.35982238282556e-17,4.3631799379475e-08,1.00859882885727e-08,8.07092539205723e-10,-3.90775575800247e-16,-1.32576675828513e-16,-1.4524317516599e-08,-4.92745522220184e-09,-4.06669155461151e-10,1.23738761265048e-08,-4.47368178844824e-09,9.1138833114662e-17,-3.17131944393338e-16,-1.68780550444794e-08,-1.1681787305451e-10,2.00380497470685e-16,-4.32043556799946e-08,-1.92076308774465e-17,-3.10883351536017e-08,9.27434709109193e-09,5.44346012995307e-09,3.67298822855042e-08,-1.36595241453507e-16,6.46486739727173e-18,2.09668416299734e-16,-8.56270780663525e-17,4.53865070591955e-09,1.59291476810562e-08,-1.64323689249104e-16,6.33904282864536e-16,1.75163114070875e-17,-2.33801264321607e-08,-2.13898513716868e-10,1.23557569209326e-08,1.58174475558955e-16,4.05922693435187e-16,-1.10137569620315e-15,4.69532716072391e-07,-1.9122444325471e-08,1.31612099424436e-16,-3.57177109126542e-09,9.59073861225418e-08,1.12358813526226e-16,-1.7783404057125e-17,5.34452796142909e-08,5.50599467044938e-10,2.77765123744855e-08,1.78282852091329e-16,-3.40088902343028e-08,-5.26454596971597e-08,-6.42831167031772e-08,1.18593045759661e-07,0.0109501941306533,-4.17452959538705e-10,-5.248368698835e-16,-3.64106346259969e-16,2.28846129746989e-16,-5.13185764734245e-08,4.6633583541758e-08,1.36660605348744e-08,1.2043070840733e-08,-1.0239191765209e-16,3.98924870210293e-16,3.9531965394156e-17,1.09169913211075e-16,1.69214853238055e-16,-8.35895584675264e-08,-3.06458246030197e-17,1.33797010708267e-16,1.05797711186391e-08,-1.85061267410359e-17,9.48744587868942e-09,6.51605505663788e-17,1.17972567000925e-08,-8.16866742122784e-17,1.51070894472999e-08,1.91520673411216e-09,2.35690377522567e-07,4.57272820233928e-17,-6.41887802684393e-08,-1.41225639826115e-17,-9.58154116250709e-08,2.37716693428803e-07,-9.97089545423251e-10,-7.0064436852899e-16,-1.49178527027809e-07,-7.82837693928749e-17,3.81524761879353e-08,2.15764836854787e-07,-2.1742843805991e-16,1.72232373952457e-17,6.8405232337189e-17,-6.61399213546405e-18,7.48183452325831e-10,9.82620345441539e-09,2.21591299755618e-09,1.09241569020673e-17,5.64932282642825e-17,3.24783929991925e-08,-2.6548213518965e-07,-1.14731624131264e-16,-8.03100589298623e-17,1.12371820541062e-08,-1.69428216917249e-16,8.06180513598825e-08,-8.76537012718093e-16,-7.88581416498713e-07,-8.05283608328138e-18,-2.70981760324699e-16,-1.3520680987356e-16,2.0701799256573e-17,-3.31254634479043e-17,6.34136612676392e-16,-2.15240212728457e-08,1.50670352171833e-07,1.88073188179142e-17,7.75028862167224e-08,-2.97885259665986e-07,-6.55282292292412e-17,-1.2944007417992e-16,6.44980489907356e-17,4.53510437021637e-16,-3.07080287420955e-08,-4.96231268676611e-09,1.35976110652945e-16,-5.11223814307522e-17,5.70076033885395e-08,2.03664609598251e-07,4.09937257427349e-09,3.77252684251211e-17,-7.22037677591281e-17,9.06238958996331e-17,-2.75976502111715e-16,-1.80181690895472e-16,1.61927163604503e-16,-1.31367257729694e-07,1.25217436940093e-07,2.42635632962794e-08,-2.67565073837198e-17,-1.37216671990622e-16,-1.24583260577735e-16,1.54016842436681e-16,1.36869487749943e-16,-1.78594500101477e-15,2.95836629730759e-17,8.71962651368111e-17,-1.31962592253087e-16,1.5511351697398e-16,-3.34165422097641e-17,1.5491489985443e-16,-8.54574478538692e-17,-9.94640745151377e-18,-2.00551320586916e-08,4.49749650074635e-18,-1.60149166660741e-16,5.51845161896405e-17,-2.88867186362224e-07,2.64098342569219e-09,1.41722156770447e-17,7.50397943564428e-09,-2.71480923395652e-07,-2.92329584347749e-17,1.51454771069901e-16,4.06546144114216e-07,-1.36229135219557e-16,-7.09691220833137e-09,5.64831406627084e-17,5.73235297651303e-17,-6.54481886182431e-18,-3.04814665993372e-16,-5.53373237606599e-09,7.62630003766428e-07,-9.36832496275784e-17,1.56754331041778e-16,-5.82786327819735e-17,8.29852970799268e-17,1.6613137907118e-15,5.78406818043723e-17,1.20905587694679e-15,8.51477011919189e-17,-1.46850717016041e-08,2.30967381634997e-17,1.44163137970818e-16,-8.55864998371425e-17,1.97639227639923e-16,-9.65735739613825e-17,-4.31434088470204e-16,2.28588691177429e-07,-6.76696047492873e-17,8.46080158751085e-17,-1.71786003334973e-07,4.47507421329003e-17,-1.52806583866897e-16,-3.08587582718593e-17,6.50783194589341e-16,-2.08341901863073e-07,-9.92059698454939e-18,1.18328484685605e-07,3.65262290208381e-17,-1.67249771219597e-16,-2.94666713804616e-16,-2.1896311456567e-15,-1.06972680046827e-16,1.76654336664324e-16,-4.43250136446724e-09,-9.72376758082691e-17,-1.81517634799648e-18,-3.40106264993995e-08,5.69888045083183e-07,4.77833623754473e-17,-4.09112943787186e-07,-6.0385453059743e-08,-1.02267478782422e-16,-2.50320470646334e-16,-1.64207920639947e-16,-3.24381510902499e-17,3.56916337966322e-17,1.1416029995118e-07,6.57101572375589e-17,5.04199782700082e-16,-8.40521272900934e-17,-4.717620602205e-08,-6.43385509171363e-16,2.39544789871927e-16,1.30256463447021e-16,2.61807878216058e-17,2.24338795340956e-08,6.60761211175403e-17,-9.04674889527847e-09,7.250367395751e-17,5.53384090403978e-16,-2.49723453954919e-16,-6.84469588322667e-17,6.34706100414161e-17,-1.93800918763743e-16,-4.15426279147575e-18,1.68814683058338e-07,4.22210169360046e-16,3.18140971427093e-17,-7.23010924752113e-08,-3.92098435405518e-16,6.64028967385495e-18,-2.50540885790549e-18,2.70724911043802e-17,6.49192467900177e-17,2.38968093071293e-16,4.20751720409369e-07,-1.16038733022997e-16,1.82058455576966e-16,-1.70298195576679e-07,9.47619962666245e-17,-1.81685532634164e-16,-3.45275987673927e-16,1.18853559251497e-15,-1.97350671943104e-16,-9.15734171924562e-17,3.58553383549587e-17,-1.44655607518798e-17,-1.39548429809145e-16,-6.46670657768382e-17,1.11040718804451e-16,9.9335127328663e-08,-3.33793705589418e-07,-9.05324023272643e-17,-5.02599675118635e-17,2.02991309497233e-16,-9.30061580479886e-17,-7.76719960863817e-16,-1.45264870821153e-16,-4.24260952641384e-16,-1.8456710873392e-16,2.34879512256483e-08,1.4020065959213e-16,2.27500115240988e-17,-2.11576569590944e-16,3.17110350091235e-16,-3.20448427622877e-08,-3.97812003684445e-16,7.24336164852452e-09,-5.50067389733154e-17,-2.79584553307536e-16,-1.81958631997206e-16,1.93058212922157e-17,7.2068350658226e-17,-1.71071266762747e-16,7.45738811334328e-17,1.83838362225647e-16,-8.22304047072712e-17,-6.6343350576957e-17,-5.26867853405318e-17,6.68598639748533e-17,3.02726903282295e-16,6.32074968914839e-17,1.29853023214041e-17,-1.88534537268252e-16,-5.88845914151947e-17,2.32961113747352e-16,-1.06080750503315e-16,3.47266090245564e-17,2.58172140965837e-17,9.92922332868392e-18,8.29181910684864e-16,8.14293129992953e-17,-1.66883246137632e-16,-3.58879293389686e-09,-4.35961261647857e-17,1.10848621216631e-15,4.8092478014322e-17,-3.7449112547511e-16,3.69683671768492e-16,-2.72792039226907e-17,3.19613156851491e-16,5.16652133162124e-17,7.65575641422071e-17,1.53731730131309e-16,-1.27939874175459e-15,2.00324968782975e-16,4.51406007451458e-17,4.32791882299385e-17,-4.25932816806781e-16,-1.2621886454182e-16,-1.05735427636061e-16,6.0674856482192e-08,-7.99487146783707e-18,4.03542081363564e-17,-4.87829971088037e-17,8.31090527070632e-17,6.39641439537214e-16,-2.18246736906182e-15,1.53455266334993e-16,-2.27695647702697e-16,-5.30947340386593e-18,-1.85518582805976e-08,5.18310793529408e-16,1.28460631709598e-16,-1.62726412175884e-17,4.72220916652935e-16,1.11381744305245e-16,-1.21797661032959e-15,9.6897579666743e-20,-2.54612948629798e-16,4.54137808995892e-17,-6.55249251386659e-17,2.21941721642728e-16,-2.24018803909337e-16,2.26439114754308e-16,-1.6207981372798e-07,1.66521043360756e-16,-1.1132696332298e-16,8.53243288492947e-17,-1.49359363659725e-14,7.26317106049754e-07,-8.31004250286754e-17,8.73017501446669e-16,9.20591573280625e-17,-8.06623547702985e-16,1.69436924904592e-17,-2.35734456963294e-16,-1.40117219214525e-15,2.40443972253423e-15,-3.7573003496838e-16,-7.88790788890995e-16,4.9524421083147e-16,2.80660763240926e-15,-6.82636027516853e-17,4.00680312210773e-16,-3.59287647036225e-16,1.33530915655494e-15,9.04730073903871e-16
"t141",-0.00771960043257688,0.0228810773307962,0.0261724753411977,-0.00815709939286323,-0.130421682433348,-0.0288678701721556,0.0185955612016755,0.000297523709373865,0.000984699193366191,-0.00214626133289796,-0.000579444071782947,0.00345068161838642,-0.00505634310894372,-0.000492020640151075,-0.00342022057875612,-0.000947147459556299,-0.000881549752973451,0.000369840596989881,-0.000328104768528223,0.000239521274464499,-0.000883479634520901,0.000182784083871497,-0.000381918075434682,0.000790360016280112,-0.000124081504900519,0.000287920395763738,-0.000358461392104298,0.000330981512409075,-0.0028444849971162,0.00713716582703373,-1.69420666448054e-05,2.36231746287048e-05,-0.00100649817180279,0.00016004364528153,-1.99512063742645e-05,-2.04609345908162e-05,-9.28782308983885e-05,5.28173259248703e-06,4.1392692946188e-05,1.05140807387872e-05,0.000458705864112673,-4.66688782936006e-05,4.21559803686905e-05,-3.54009539279965e-05,0.000150509190510297,0.191993893249855,2.02866960546493e-05,-0.000239611864506061,0.000131529477258387,-0.000217033831810483,0.0002032219241048,-0.00012162908589414,1.69101288269541e-07,-5.63333921935079e-05,1.88200431691057e-05,-0.000196602628711369,7.60455973055394e-06,-0.000530079908275425,0.000180958256456556,-4.13129678797227e-05,-6.03638633744993e-05,0.000102874119754203,-0.063117966251833,-0.00796161922018715,4.27213705877665e-05,-7.0651165176369e-05,4.32001961375739e-07,-2.32464531807286e-06,-5.43645491165739e-06,8.6061494947603e-06,-3.23837857317647e-06,1.00396017278257e-05,-2.50560085129024e-06,-2.28320014225022e-05,9.59822923221893e-06,6.79694546318492e-08,-8.31023464229202e-05,9.04946727696992e-06,-3.46563154578896e-05,-4.26684524809404e-05,1.42738148927344e-05,0.000223091989364778,-6.83453013012769e-05,-0.0139716369174137,1.3780252536637e-07,3.46882190674262e-05,-7.89121458162338e-06,-9.72490351890698e-07,-0.00011422578718285,1.12505560541441e-05,-1.97812815773988e-06,9.05027877361631e-08,4.5576707743832e-06,-5.78085168880346e-05,-2.28979303704174e-07,-1.31875029841292e-05,-1.54882649472747e-06,7.78791374343333e-06,-6.47577749692321e-05,-1.7191274049137e-05,-3.69679143280218e-06,3.17453549081527e-07,-5.04008261181586e-06,1.68699580884752e-06,-7.33041644951663e-07,1.5278029150306e-06,-3.94003506707615e-05,1.83208680185938e-06,-6.19939396071185e-06,2.81951779324873e-07,6.97378872939861e-06,0.00166138784938404,3.28529375793862e-06,3.2500477667901e-06,-8.97800726100474e-08,0.000406477347069525,-4.71405190401648e-06,4.92481471690757e-06,-4.78734336173892e-06,1.1313013503242e-05,-7.91559108297013e-06,9.23549637529895e-06,-8.1520073863172e-06,-2.23246291344347e-05,1.33782314124652e-06,-1.25739221858881e-05,1.27039792559534e-06,-1.90159428262427e-06,2.4569425779881e-06,8.05040643347704e-05,2.45221437561432e-07,3.96260821610732e-06,-6.13195306736777e-07,-6.4574321530461e-07,1.18818122009464e-09,-1.30151645311156e-07,2.06565574740045e-08,3.60935693967529e-05,-7.1550626541825e-05,0.000229055091693767,4.13993922281243e-05,0.0121344996346173,0.000264264112064085,1.19526497937171e-05,6.27652057397073e-06,-8.26602753740617e-07,-1.84857177850352e-05,1.93730369679554e-06,1.17861039404334e-07,-2.50459324327505e-07,-7.06653480222952e-06,-1.10554688255439e-06,-4.1965759290604e-06,8.39019500740583e-06,-1.91725061587432e-06,-1.61152964755265e-07,2.35801255827497e-06,-1.48403478756831e-05,-3.21345983408168e-07,-1.0331494352783e-07,-7.8974015460748e-06,8.26703775613858e-07,-3.15024391931804e-07,-8.0412763805096e-06,0.000364163440413982,-3.55220347584741e-07,-4.47715917434563e-06,-8.10388964739127e-08,-4.08815524869753e-06,-6.70331777695532e-06,1.91313598377295e-05,3.47899513802288e-06,-6.52419963718098e-07,-1.48797291852918e-06,-7.2473785564567e-06,-9.74440466033322e-07,-7.70136862535362e-07,0.199456454110882,-2.19108365978752e-05,-0.000134301387831692,0.000370737414170655,9.91138256055629e-05,-1.36490485784191e-05,-6.64939590932297e-08,-1.35916217550167e-06,-3.62583782942166e-07,-3.88496379211773e-05,7.07359789005033e-06,3.15105572866539e-05,-4.93040489693203e-05,-7.04416717837115e-07,1.18362304554176e-06,4.57598321452502e-06,1.04180126105684e-08,7.32455244737223e-07,-9.60726610055851e-07,-1.74492476250722e-06,-1.60127783911791e-06,9.93557002903392e-07,3.83336260785423e-07,3.80813949489533e-07,6.1073297479729e-05,-9.622966607281e-09,-2.08220685842623e-06,-2.37346686412939e-06,-1.55929024224847e-05,1.49122402837253e-06,1.02926187328688e-05,-1.07085131784895e-05,-8.61313975809368e-08,-4.21645867410474e-05,1.82116957516199e-05,-4.77095356820087e-05,-4.47979303998963e-06,-4.85903288456084e-07,-0.00032779062992346,8.62958709282892e-07,4.15092787125314e-07,-8.79290480489098e-07,-5.40201380049718e-06,-3.29939553645074e-05,0.000196687841599121,0.0774285052065091,-0.000105131856450659,4.89823352095981e-06,0.000187494153805935,1.93059210271054e-05,5.28268396633227e-07,4.59332364239538e-07,1.61043927636723e-07,-3.74845621681167e-07,-3.0207169793497e-08,2.67885733570699e-09,1.09839604867042e-08,-3.11584865116223e-09,-1.30221270372669e-08,-4.43298911382506e-07,6.44921406180923e-17,-6.89876061336209e-06,1.1516657854759e-06,-1.99808998182762e-07,-7.24424464063756e-07,-6.53445500833239e-07,1.46708426180588e-07,-1.43978742384566e-07,1.02170201953621e-06,-1.26913998568197e-08,9.32380616298528e-10,-3.20812607497229e-07,4.39569707604327e-06,-3.59240351145072e-07,0.000474015763562923,1.98392701460736e-07,7.58945236421681e-09,-5.09397927681601e-10,2.35259713863995e-08,-1.88311447799168e-08,2.91715164022067e-07,4.07782501155813e-08,-6.90420329624725e-09,1.19200866815764e-07,-2.10691071053401e-08,2.07488200786505e-06,-1.46821702278388e-07,6.33595258635962e-09,-2.06017827396409e-09,-2.15313370621926e-11,-1.19687395400861e-08,6.97558204617833e-09,-9.94512186775548e-10,-5.07523622411232e-10,1.85729754077221e-09,-3.21815756672726e-08,1.26156194866872e-07,-1.61386364523358e-07,4.38173541901958e-07,-3.81760385812215e-07,3.03117391981069e-08,-4.43275663871883e-07,3.16220376488466e-08,-9.51936565438206e-08,9.07315922114563e-17,2.62563800104318e-07,9.12508788465208e-09,1.66391263222855e-11,1.60332135650085e-07,-1.66127801622683e-08,1.07509092544856e-08,4.8218785695545e-08,-1.63611978559172e-08,0.00238291058338547,3.65841444125347e-06,-1.65383445572379e-08,2.35997870179273e-08,-3.14933363480757e-07,3.89027143062494e-07,-1.74963482594159e-06,2.44653539325704e-07,-5.71781533221993e-07,-1.53269371368717e-08,-1.54853363180052e-08,-7.68224018171766e-07,0.000638665359935686,2.79954902157279e-09,3.36063989758137e-07,-6.18670309973805e-07,2.35212342044842e-06,-1.86449661249402e-07,-1.73974132401549e-07,-0.000139451256635937,3.61436666256738e-07,1.72868889031079e-07,-2.76695686245738e-07,9.87915218258522e-07,-2.46925947657519e-08,-2.33875982093655e-07,4.70217440371094e-07,-6.68369173724648e-17,-1.68304561376945e-09,-1.36289070766373e-06,1.26278301787614e-07,-4.92047329897319e-07,-8.32129188878481e-08,-1.29327987129813e-07,-3.0321873143606e-07,4.49135636716383e-06,-1.71043893369713e-06,-1.9426081784017e-17,1.38301401953549e-06,1.68691917818469e-06,4.80914286711748e-08,-3.03181254810582e-07,-3.7455746157643e-07,2.57435552366533e-08,1.00997347320489e-06,-2.73962724686409e-07,1.78498703260702e-06,-1.84755084525197e-06,3.74212443145798e-05,7.01648923986303e-07,3.73986386569264e-08,7.0985007346465e-09,7.15403937057958e-07,-5.74157046309476e-07,7.89817553972078e-07,1.56214456017383e-16,3.24661879569702e-06,-2.5831126003333e-07,-7.44538748381752e-09,-6.79305626059031e-08,1.68884064293291e-06,3.79119349909766e-06,-2.62024978463971e-06,9.57041021132386e-06,3.62705484078301e-07,6.61867468096947e-17,6.82065332715642e-07,3.59924249285142e-07,9.07652879959089e-07,-2.90246495701056e-16,-1.80699818981494e-06,-3.50505338882832e-06,5.39077336273653e-07,1.54343633967298e-06,5.31024301086331e-07,2.91947916482981e-07,1.06928526754174e-05,-3.50172209515366e-07,-0.00032362730288499,-1.97911414278004e-07,-8.63573702988826e-07,-1.66811942423827e-06,-6.04933589951906e-17,1.35124744405872e-06,-4.54120350973423e-06,-0.0279605473274831,-1.17001928438149e-06,-1.08578162004897e-16,-3.38438587992562e-08,-4.83734247143527e-08,1.11641917619335e-07,1.02563698710596e-05,2.91095126854621e-07,-4.52699777491236e-07,5.09532416202911e-06,-8.38317506086149e-07,5.3612087981509e-18,-3.34418828798597e-06,8.53161913518911e-07,-2.40690209000483e-06,-4.30585538717545e-06,4.38146031179709e-07,2.95544843182143e-09,5.85221722508222e-16,1.42349229070242e-16,2.93121223630351e-09,5.06501623051521e-07,-6.69558048925856e-08,5.20085240536629e-07,-1.66517734401936e-15,2.56840159939936e-07,3.08445381094786e-09,-2.4304879596672e-16,-9.680814032135e-17,-1.16566823306181e-17,-6.89190679181268e-07,-2.04859767973746e-06,0.000280249109044385,-1.77427241003959e-06,-8.87101150961947e-07,-1.86309687018424e-06,1.07301656423062e-06,5.41468987610716e-16,2.4307530792136e-07,-6.90661099337327e-07,2.66895125354236e-17,5.80685056075748e-17,4.53589527626683e-07,1.86557395383302e-10,2.75498289052105e-07,-1.14378798520886e-06,-2.81855033794844e-07,8.00568036378627e-08,3.57718679435804e-16,2.71326509831063e-07,-3.51014430334148e-17,9.55525168490595e-07,1.74753639122715e-16,3.49410232581663e-07,6.96936661450713e-16,-0.00647454856300602,-1.36615846336971e-07,-1.04660132515065e-07,-1.39161041202285e-06,-9.16835171254741e-07,1.06889536213509e-07,-6.85556340346347e-07,-1.83553993292162e-07,-8.9306903664948e-07,-8.28167511043836e-08,-2.49808354700563e-07,7.1333446882681e-07,9.34331831069432e-07,7.6507121914549e-08,3.49950800330864e-07,-3.61290366438364e-17,-3.32178300325092e-06,5.80347164894192e-07,-2.87516321810169e-05,-3.22849014885655e-16,-4.17676058304532e-08,-1.1523034602888e-06,-4.15440850934979e-06,-6.47831673932091e-17,1.33869882610522e-06,5.46882476618459e-07,-2.41796813417011e-16,7.29304683292559e-07,-2.30566203902557e-06,-1.5818331905472e-17,3.12539203982846e-16,8.79411246690229e-08,3.58115384847123e-07,2.08519994531999e-09,2.9846570278739e-06,-8.90204238477261e-07,-3.52148324435089e-07,-2.62768672950103e-07,-0.0416652889487687,2.18783672697856e-06,-1.46022093792723e-16,-7.43534111066156e-09,-3.95764989892045e-09,-1.16682313711481e-08,-1.15586523031627e-06,4.66887044133555e-16,-1.95141964028663e-17,-4.01713848069363e-07,-3.9590570746855e-17,2.93931732122237e-16,-0.000267149491777112,3.26843365533185e-06,8.11675635706147e-07,3.42423890703311e-08,-2.14962593876904e-05,-4.15322969171153e-06,-1.17286869439102e-07,1.20738753545667e-16,-2.84787887400386e-07,-1.3407610255926e-08,-6.16826012560949e-08,8.32077358366091e-07,-3.35590284475774e-06,-3.59138877349208e-17,4.14447277754773e-17,-1.26528959321937e-15,2.28250871142658e-07,1.46692488746773e-07,6.46004928202174e-07,5.3524263803116e-14,1.13859550817749e-07,-1.13277893041136e-16,5.63002085253322e-17,-1.47648029799804e-05,3.24379630744599e-07,-2.57784099878104e-16,8.07332874388622e-07,5.55320747034916e-07,-4.48649818998866e-16,-0.000115490818080675,-1.29667005151329e-16,-3.44888417080728e-07,-1.13411315749181e-16,-3.44604771081155e-07,-2.98636933006933e-06,-1.43298834021847e-07,-1.02038128413481e-07,-7.03368102095231e-07,4.72171564206096e-07,-1.00548309715174e-06,3.39437556316994e-17,-8.976759032551e-06,5.08070524650499e-07,-9.34008072155152e-17,6.71811196486474e-08,1.04124185783034e-06,-3.22150828074573e-07,-6.62975758652712e-17,-7.96727571630581e-07,-1.39996466740098e-06,-3.95289355990774e-17,2.65714887346684e-06,5.89322214921129e-07,4.10298896753939e-08,-6.46213607637834e-16,-2.77343257491654e-17,-5.67467961457381e-07,-1.75535463850309e-07,-1.4231495205358e-08,3.16827549527234e-07,-1.09857701221482e-07,2.40267186378092e-17,-5.41128113228842e-16,-4.0313098159115e-07,-2.78056736031669e-09,4.58816878915009e-17,-9.8339704295439e-07,-3.63380252027175e-17,-6.79062910117188e-07,1.92003981801212e-07,1.12278858763186e-07,7.46792956329884e-07,1.64062895968474e-15,1.71984689048782e-17,6.47105858384228e-17,1.43790101631587e-16,8.18003125164308e-08,2.844367050378e-07,-2.96657794264044e-17,6.95770520858323e-17,-3.07306852685174e-17,-4.03941264132397e-07,-3.64416511686589e-09,2.02792170602231e-07,1.73366133530881e-17,1.91808551940274e-16,-5.93221636171685e-16,6.82111486934668e-06,-2.76642988014388e-07,2.54687067381051e-17,-4.92505957891737e-08,1.29625527908668e-06,3.38625762382749e-17,-2.19328862859834e-19,6.87003966649825e-07,7.04728415270721e-09,3.43858730160115e-07,5.72858896419469e-17,-3.93253439598255e-07,-5.78500815555269e-07,-6.31713450308662e-07,6.2556439394312e-07,0.00781763512882979,-3.19756937617458e-08,-4.39184898257146e-16,-2.74615717032202e-17,-1.16299121102954e-17,-6.62186068939695e-07,6.00010585526009e-07,1.71996547864104e-07,1.39520968143566e-07,-1.04158182015584e-16,2.96456102617303e-17,2.47590362294125e-16,-2.82817120667747e-18,3.49232556373184e-16,-9.09236879153705e-07,3.71168111773243e-17,4.13145653952535e-17,1.12640205789883e-07,1.21464373726843e-16,1.00898821036716e-07,-2.4611389315421e-17,1.25231163537138e-07,-1.5658761907911e-17,1.54987081314791e-07,1.94978042296924e-08,2.37200411425785e-06,-2.19902250235554e-16,-6.37173692908062e-07,-1.77004311518137e-17,-9.24131302163427e-07,2.21361834521413e-06,-9.27122345231317e-09,2.44339449358342e-16,-1.36846733383538e-06,-9.48720626319031e-17,3.42802592974962e-07,1.93672855815845e-06,4.66832111575585e-17,2.5354753688887e-17,2.5253985872266e-17,-9.16154424583277e-17,6.6057568277812e-09,8.63850259918172e-08,1.93847592828675e-08,1.00804517001116e-16,-7.04101904336803e-18,2.77642582053535e-07,-2.2672055028295e-06,2.13239533045601e-16,6.93098408731373e-17,9.33644624324054e-08,6.22657873429033e-17,6.66009189078232e-07,-4.61196578690604e-16,-6.4099478748252e-06,-1.60925342403738e-16,3.1185385147012e-17,2.0050941226364e-17,2.36291451222839e-17,1.78584650612893e-18,4.0146386918159e-16,-1.69513307762945e-07,1.18613271513345e-06,-1.79252245931033e-18,6.03672743757988e-07,-2.31006355124545e-06,-5.36020053319006e-17,3.95870445105704e-17,-1.43451927691984e-16,5.98186272095983e-17,-2.33753128987523e-07,-3.7613363263567e-08,1.05943710475096e-16,1.04603019664248e-17,4.30078457963262e-07,1.53555617483876e-06,3.08443553949078e-08,-2.13050694070777e-16,6.7261503978165e-18,-1.61700180901891e-17,-6.23886741320709e-17,-1.67846635089218e-16,1.29448475298286e-15,-9.56895334823745e-07,9.09414971792039e-07,1.75706039311952e-07,2.95063214238302e-18,-3.00974973490544e-17,3.03492298704434e-17,3.67061673737501e-17,3.05092546291144e-17,-1.12780253527306e-15,-3.74200312865282e-17,4.2093454761414e-17,-1.75792630558664e-17,5.59090181915568e-17,5.59217168030414e-17,-6.73465455050975e-17,-1.61769290320453e-17,-2.24147324350971e-17,-1.38544228974214e-07,-3.16209506120467e-16,-4.92846168277717e-16,-8.13165373262845e-17,-1.98361881804924e-06,1.81104242781133e-08,1.99184871912179e-17,5.14144133083567e-08,-1.8466294122178e-06,1.60866923751192e-17,-9.37517890974542e-16,2.74078161036759e-06,1.69299036986858e-16,-4.73328564282019e-08,1.50666176737622e-17,-1.54864820083257e-18,-7.19534016531561e-18,1.33636692559766e-16,-3.6300391069882e-08,4.997184956824e-06,2.04566081133659e-16,1.23386016667086e-17,1.24406648748066e-18,1.21626147570579e-16,1.1682860848254e-15,-1.70776883143761e-17,2.55174805594045e-16,-4.75586447203071e-17,-9.10975338354729e-08,6.5084449244714e-18,-1.84671879020079e-17,-1.51368645284828e-19,3.30527430374927e-16,2.32307660982657e-17,-2.4935342725332e-16,1.40222782714883e-06,1.00706992637712e-16,-3.92078722227361e-17,-1.05163382522153e-06,4.64770663753785e-16,3.31144139532443e-16,2.42187120904043e-17,-2.54981580015339e-17,-1.24578751134486e-06,-1.95699963196704e-17,7.04638229349452e-07,3.0021015985925e-17,-2.88472187079463e-18,-1.95158307644936e-16,-2.32216908795012e-15,2.98536341208437e-17,-3.53445110810024e-16,-2.61762470176449e-08,-5.72009807139671e-16,2.79101606542998e-16,-1.99584831612168e-07,3.34321718448273e-06,5.17421699676701e-18,-2.38712781498534e-06,-3.51749815488564e-07,8.1071108584876e-17,1.42603517151315e-16,-2.40969434451921e-16,-1.40641527904303e-16,-9.84241749398249e-17,6.48961063700257e-07,7.03722265792466e-17,1.64364914960254e-16,-2.70230930173557e-17,-2.66538460659013e-07,1.07369443623032e-16,1.54326499114567e-16,-3.85823770656079e-16,-3.20109105275136e-18,1.2573389347324e-07,-6.02334319770211e-17,-5.05791775839761e-08,-1.30398774515965e-17,1.265625586717e-16,-1.70251434711732e-16,1.30850445386432e-17,-2.74939522301176e-17,-1.10044324826869e-17,-1.43457632128395e-17,9.31747897680199e-07,-3.85303608707159e-16,-6.28367525152753e-17,-3.97798287992644e-07,-1.2469029003356e-16,2.66564216933761e-20,-9.4443027618127e-18,-2.74306863897114e-18,-7.39703811476552e-18,5.02320800768023e-16,2.29235612964764e-06,3.47737891697365e-17,-5.21190269592272e-19,-9.23799169519818e-07,1.42792152507732e-16,-1.02731691642059e-17,2.44746834592686e-16,-3.78895488247328e-16,-6.01990971236878e-17,-1.443740629925e-16,1.89417844641849e-17,1.36346961440854e-16,-1.35211621119203e-16,1.43608171557627e-16,-9.48492737505461e-17,5.30401056989329e-07,-1.77895894325681e-06,1.40022406083211e-16,-4.61399992564186e-17,1.770115821946e-17,1.46551176798219e-17,-3.03248439200463e-16,4.53378711017984e-17,-1.50174643437049e-16,4.34406081397823e-17,1.23971681145757e-07,-1.34307882490656e-17,-9.9401605333378e-19,-2.65081095298734e-18,6.65145312262055e-15,-1.67766961389617e-07,3.84223023329352e-16,3.75803714723075e-08,-1.76017640225656e-17,-1.05301519600957e-18,-5.60827597716392e-17,1.05237836950832e-17,1.1142488951945e-16,1.63947204535274e-16,-1.81731512442141e-16,1.75217489663703e-17,-1.53351306649157e-17,-6.18981216697664e-17,-2.55817310283942e-17,5.68852039879866e-17,1.2058093830473e-16,-1.30253237140361e-18,-3.53701145714494e-17,1.11030522989492e-16,9.09488479964645e-18,5.60391817714176e-18,-3.38728858157804e-17,3.24497844623368e-17,-4.70608740638616e-16,1.1121845718418e-17,6.34530868135567e-16,-1.13783929654642e-17,-4.84771323110383e-16,-1.80287249056118e-08,-1.12009283248621e-16,4.63067863859044e-16,1.08590959239013e-16,-1.55048605764044e-16,6.91428295555105e-17,-8.57177010196593e-17,1.06784270392585e-16,-2.78365927988374e-16,4.75009459195955e-17,-4.32678046093077e-17,-1.05403018866564e-15,7.68343413368763e-17,2.7251264899135e-17,1.43309902245756e-17,3.12752393303569e-17,-6.73978513391779e-18,-2.31192220926654e-17,2.98511163470415e-07,5.77449612272884e-18,-2.29631987367971e-17,5.58425125360476e-17,4.31019925423482e-17,-3.31370026140804e-16,-8.6028281971575e-16,-3.95327203674267e-17,5.43053373607829e-17,-2.79692988088129e-17,-8.93934988609782e-08,9.17275331010336e-17,2.17751379370241e-17,1.10036911876973e-16,8.40632814863514e-16,-5.42843476505403e-17,7.1031352538425e-17,1.50636040389789e-18,-9.57501217052151e-16,-2.94917281043612e-16,-1.56024201953802e-16,-2.81837195496773e-17,-2.77361550795624e-16,7.2134354777391e-18,-7.65384004923074e-07,3.1754713320808e-17,4.83760166841351e-17,1.88865636321661e-16,-1.59737278088747e-14,3.3985326972136e-06,-1.28528496055818e-16,-2.00017388662235e-16,2.37559088875617e-16,-1.78328388747635e-16,-2.35510617978282e-18,-2.45709116950161e-16,4.16059069157699e-16,6.01754346234218e-15,1.11727261781103e-16,-1.02057132838677e-16,-5.93836871430219e-16,3.38969722901691e-14,-3.68045503443927e-16,5.89656750874996e-16,1.25133883630298e-16,6.41636606598701e-16,-1.11199438713641e-15
"t929",-0.00768209494682531,0.0226400523999475,0.0258873639301879,-0.00803571833676928,-0.128005161479955,-0.0282302609584154,0.0181758844137008,0.000290211148296011,0.000955492719767745,-0.00206672289995592,-0.00055091405216047,0.00323041353702228,-0.00472149409104175,-0.00045880383054196,-0.0031762500859804,-0.000874332245058737,-0.000811634349970015,0.000339801621014615,-0.000300629703927514,0.000217084606189315,-0.000791219843443937,0.000157733114895904,-0.000325088335638092,0.000671727768836067,-0.000105344860343055,0.000241203275470545,-0.000299220960759246,0.00027551077223253,-0.00234741100821518,0.00549724112872504,-1.25903321430893e-05,1.70557736319214e-05,-0.000688732541621734,0.000104948821870016,-1.24041057944073e-05,-1.1519183828978e-05,-5.13574511289291e-05,2.85489643646995e-06,2.21567771071764e-05,5.51236307884949e-06,0.000232446186454877,-2.33931378992044e-05,2.14494663930215e-05,-1.80586423030344e-05,8.29081408685742e-05,-0.0153671592527059,1.45097988981355e-07,-3.93188712717131e-06,6.10250747811219e-07,8.25102109702667e-06,-2.4391093668389e-05,2.0148562014811e-05,-2.92038460903773e-08,1.33159476963626e-05,-7.16949203872524e-06,7.96734340154776e-05,-7.4717305804137e-06,0.000637129244464064,-0.000222666652140738,8.13219243004918e-05,0.000169795033839768,-0.000348019197947847,0.24966117619988,0.0327966768907972,-0.000242928477623795,0.000563148634249322,-1.13455854013505e-05,0.0003391769656176,-0.000868306060730904,0.000306902676152077,-2.861825589041e-05,6.44520931477342e-05,-1.55430497434234e-05,-0.000132983693085657,5.54998293402925e-05,3.83663369170387e-07,-0.000464784614248339,4.85103006451468e-05,-0.000170951598868908,-0.000204150790231605,6.48802167190592e-05,0.00100251853466386,-0.00027739000448009,-0.0540826277829767,2.427828556672e-06,0.000154219975806831,3.83846135899784e-05,4.24342787946839e-05,0.328694652173885,0.000284355902856484,-1.88531323490838e-05,4.82052387428101e-07,2.40351338711448e-05,-0.000292103649008438,-1.12674173097515e-06,-6.48093622705606e-05,-7.61128016238803e-06,3.82346591057054e-05,-0.000318043287133775,-8.4809425043996e-05,-1.83644406683066e-05,1.57819429175651e-06,-2.50783030798577e-05,9.02586050350011e-06,-3.9594430999028e-06,8.32111921242399e-06,-0.00021842437640469,1.02169336139472e-05,-3.49945394687965e-05,1.63214816812538e-06,4.08301735693505e-05,0.0131805511617817,3.61296486018756e-05,1.82739475365315e-05,-5.15400192758503e-07,0.00345562030500184,-2.79420559854023e-05,3.08726193772105e-05,-3.15010595821859e-05,7.74220395418908e-05,-5.54754845547003e-05,7.10318086281209e-05,-6.73608383339887e-05,-0.00018501952657467,1.12137634876844e-05,-0.000115255520417245,1.17406170998907e-05,-1.92915699753372e-05,3.73114536457478e-05,0.00123035691166555,3.93339123877007e-06,0.000117774839865582,-2.25190530860514e-05,-2.88382091421231e-05,1.79990075420178e-06,4.95347464076872e-05,-3.23135085741053e-07,-0.000263465175418375,0.000227206501295087,-0.000710452441736828,-0.000111101152289276,-0.0301900884212482,-0.000579961269065745,-2.49681095048229e-05,-1.31023939075129e-05,1.17052046912933e-06,7.35437219883853e-06,7.25955959972779e-07,6.37728088510648e-08,-2.20864456045786e-07,-6.41394910511646e-06,-1.13776842632693e-06,-4.61218823728506e-06,9.87744408391492e-06,-3.55002435585363e-06,-3.15148207069522e-07,4.78470402542827e-06,-5.94865891701626e-05,-1.53575546574057e-06,-5.08476300967589e-07,-4.65395669306672e-05,5.0798090751378e-06,-2.6838135143355e-06,-7.21181614377229e-05,0.00747211122140525,-1.99178467956294e-05,1.90687910181676e-05,3.25919555281644e-07,1.62035691574556e-05,2.14429160408211e-05,-4.79579423944762e-05,-8.42128935049061e-06,9.61845891402845e-07,1.85237672173004e-06,5.96771744502024e-06,7.13750877045336e-07,5.29475640829241e-07,-0.00225566458814956,-1.06404498501724e-05,-7.49200552024455e-05,0.000231281455630493,7.97410721547489e-05,-1.18626973281406e-05,-6.18375762132602e-08,-1.33927828104233e-06,-4.20159612877038e-07,-4.65867094466944e-05,1.07052080966029e-05,4.79878812473532e-05,-7.96975940547878e-05,-1.305265807508e-06,2.4040248714109e-06,9.56158839315567e-06,2.26493310419639e-08,1.63731495446416e-06,-2.31556727079789e-06,-4.26948018594953e-06,-4.03976221453831e-06,2.54374157698847e-06,1.08693801230091e-06,1.08452152017117e-06,0.00018064531940737,-2.94705161059377e-08,-6.86912223069999e-06,-7.83243573044282e-06,-5.17780299879553e-05,5.04365476578807e-06,3.5238036121238e-05,-3.77705177814094e-05,-3.13456809924055e-07,-0.000156528206171127,6.79472724897169e-05,-0.000180624528045722,-1.69918157994723e-05,-1.8430490715567e-06,-0.00162210108418759,3.12011222252294e-06,1.48061818541373e-06,-2.75282507318723e-06,-1.39195342959508e-05,-7.63665136591647e-05,0.000125149432190949,0.00259433918721086,7.96681448436662e-05,-2.17550368623377e-05,-0.00133924744157599,-0.000110381655881858,-8.48885068671439e-06,-1.37837329730505e-05,-1.14036229035294e-05,4.62190021896054e-05,9.68424682975631e-06,4.1303379845304e-06,6.94999040138249e-06,-3.90234594085353e-07,-1.24774477705891e-06,-3.64914231054032e-05,-2.51010691575189e-16,-0.000651472359292167,8.56662082237002e-05,-1.51602840154884e-05,-5.95942692381211e-05,-5.96660341864523e-05,1.34949088473397e-05,-1.78550803140138e-05,0.000135399738966826,-1.73756140874731e-06,1.52181380543847e-07,-6.03571367810216e-05,0.00115209691246136,-0.000114130147693509,0.165029439307973,0.000144427743018569,-1.71548046161305e-06,8.29126717089897e-08,-3.18637423457774e-06,2.02206063926063e-06,-3.10225926509349e-05,-4.12054219409323e-06,7.03076595665982e-07,-1.296670189185e-05,2.38156192602611e-06,-0.000246987630895359,1.92407525438628e-05,-1.03276453452488e-06,3.47119968958415e-07,-5.89067014225581e-08,-2.1467352885474e-05,8.98861922579637e-06,-3.03569622666615e-07,-1.17932514337339e-07,2.3332926483356e-07,-3.69480340494867e-06,2.46071740854445e-06,-2.72045434014355e-06,6.5912797607517e-06,-4.43538076447446e-06,2.86365318417421e-07,-2.57443634048784e-06,1.57755901241832e-07,-4.1880808317666e-07,2.3294217082858e-17,7.08325099508003e-07,2.28610198856345e-08,3.19689102055578e-11,1.2217691230706e-07,5.16453798663283e-10,-3.78778054293123e-09,-2.40583803269781e-08,1.35301136229205e-08,-5.88682668773877e-05,1.46144614519611e-06,6.9597193010312e-08,-9.43946537470491e-08,1.2942348050544e-06,-1.62959984077033e-06,7.80773352691995e-06,-1.38624219567081e-06,3.60973383511571e-06,9.74084595494079e-08,9.86117063667074e-08,7.02121082249718e-06,-0.0267749262946058,-1.13099969267291e-06,6.41112461525573e-06,-8.38931299749598e-07,-3.04704530078794e-06,9.36178109559244e-06,1.34503669605184e-05,0.167590843937209,5.11147388809416e-05,5.42353819438922e-06,-4.72118691088953e-06,1.18084635318448e-05,-2.6033800260134e-07,-2.04614973587972e-06,2.97026475021024e-06,-1.65824575720391e-16,-3.01582201169429e-09,-2.21330316320193e-06,1.78064149447566e-07,-6.91022967956675e-07,-1.16364154690136e-07,-1.74939800964817e-07,-3.85885878832187e-07,5.33460911379599e-06,-1.80033539579135e-06,4.80459667299295e-14,2.60462455695482e-06,0.49259030526531,-4.80582686969297e-09,1.31405778170108e-08,-7.0346324693265e-08,4.33377412114071e-09,1.21759288240685e-07,-2.32419386441944e-08,1.97831338073356e-08,8.97860450137466e-08,-4.01173620003886e-06,-6.99270649461326e-08,-4.11372091417956e-09,-9.04403768327728e-10,-9.24687019558456e-08,8.08321877732982e-08,-1.17952291494484e-07,-3.35209241675801e-17,-6.59150904769974e-07,5.47789383140301e-08,1.57954913322329e-09,1.59083147786029e-08,-4.0035787466683e-07,-9.96502198899724e-07,6.99572756834359e-07,-2.56132415991403e-06,-9.77570677946762e-08,-2.06578472063943e-17,-1.84563441867513e-07,-9.74256418059332e-08,-2.44527709014298e-07,5.58033284051614e-16,4.78555296062729e-07,9.22565406524739e-07,-1.4138863199062e-07,-4.01532108290633e-07,-1.3591923740306e-07,-7.36456176559586e-08,-2.66291168941149e-06,8.48724445905864e-08,9.80444241625208e-05,4.38830598265558e-08,1.69665092933363e-07,3.25100307780544e-07,1.7803111895162e-16,-1.40211140660654e-07,3.58340436699718e-07,0.000208250921577167,-2.11290127781259e-07,-5.48017342496159e-17,-2.22400322317673e-07,5.72302431144795e-08,-1.0648658211904e-07,-1.18683231584158e-05,-2.43674588837124e-07,3.47406233111314e-07,-3.56726341703135e-06,5.2155915813449e-07,-1.23333589075878e-16,1.96726399351718e-06,-4.99929597609081e-07,1.39942299868838e-06,2.47826278057717e-06,-2.51988964187843e-07,-1.69512930423902e-09,-2.37424853166846e-17,-2.00800758521421e-16,-1.65653624168474e-09,-2.82870107801551e-07,3.73402684240292e-08,-2.87180291035169e-07,7.86745869056598e-16,-1.38987656827719e-07,-1.65512999780709e-09,4.39131210961159e-16,1.23610161344953e-16,3.84402371278337e-16,3.6098676559273e-07,1.0702904764412e-06,-0.00018625638697766,9.03319662695686e-07,4.51323370538087e-07,9.40190697660744e-07,-5.4093147586104e-07,5.62885154234528e-17,-1.20259213818128e-07,3.3936493304916e-07,3.62358505136936e-16,-6.26031961900617e-17,-2.16615278714615e-07,-8.84186313741545e-11,-1.29129938176047e-07,5.31630695942558e-07,1.28342068233445e-07,-3.62956804956907e-08,1.01846596470087e-17,-1.22182555811884e-07,3.53042934716396e-16,-4.17653414814494e-07,1.9322310289274e-15,-1.44941341410553e-07,3.1649011912555e-16,5.53048867399582e-05,1.55092624396851e-07,4.95135307584066e-08,6.5150029351452e-07,4.27637974617038e-07,-4.91918799890496e-08,3.12530529750373e-07,8.21604974038822e-08,3.99686666675081e-07,3.68770669748088e-08,1.10252468783737e-07,-3.11263489821142e-07,-4.03911452338777e-07,-3.2834937796609e-08,-1.49656996074543e-07,-5.03745433636835e-16,1.40501664695151e-06,-2.42867155776017e-07,1.49741768946541e-05,-1.62366405067545e-17,1.67786264772432e-08,4.55935657033065e-07,1.63265081891276e-06,5.38358501160475e-16,-5.24212406239611e-07,-2.10963310424937e-07,-1.43025995503582e-16,-2.79117161647649e-07,8.3040564373589e-07,5.07959737622275e-16,-1.5278939838113e-15,-3.05523865412967e-08,-1.2393427966366e-07,-7.07212908144701e-10,-9.83012092376332e-07,2.6215370528238e-07,1.02122893434029e-07,7.43599381416913e-08,8.34498636664524e-05,-1.54788908454858e-06,-3.23316265987834e-15,4.23483308050172e-09,2.2022753846935e-09,6.08413032712698e-09,5.70070384034645e-07,-1.03354034236913e-15,1.01156206963085e-15,1.87814987864507e-07,-5.65645464836822e-16,1.64560658055993e-15,0.000138450269532203,-1.30054223809493e-06,-3.22908190172415e-07,-1.33165904529085e-08,8.33536481079517e-06,1.60945810662268e-06,4.52728903978561e-08,-4.64834134256632e-15,1.05978529269838e-07,4.95508897915298e-09,2.27455020358922e-08,-3.0354732777459e-07,1.20185774608046e-06,-2.71064064725666e-15,1.53228406680897e-14,2.05223932914634e-14,-7.97467099877301e-08,-5.07306795532816e-08,-2.23236338496612e-07,0.692873324416602,-3.89682862608772e-08,-2.94676692532505e-14,-9.93961014092204e-15,4.85215229326517e-06,-1.06548390526601e-07,-1.37756454623888e-14,-2.62689861823743e-07,-1.79751344691742e-07,-2.28147906401779e-15,0.000132360370770154,-2.24751535678308e-16,1.08556173124272e-07,1.31860291366968e-15,1.08342714194376e-07,9.38063160187572e-07,4.4966286545721e-08,3.19729524091343e-08,2.19675899559861e-07,-1.45634172633834e-07,3.04683691275762e-07,1.01915826976928e-15,2.66038383435621e-06,-1.50215345330564e-07,7.16147634367786e-17,-1.97997130705236e-08,-3.05103817974201e-07,9.3903719174214e-08,-3.56664428973473e-15,2.28110557497874e-07,3.99395017256324e-07,-1.48097572391855e-15,-7.54461138922311e-07,-1.6693744211539e-07,-1.15213279529569e-08,-2.66488963258859e-15,1.64291280183375e-15,1.5605689847591e-07,4.7842157422629e-08,3.87163984230278e-09,-8.28313179427828e-08,2.85329392008763e-08,2.61951229827802e-17,5.57150717474771e-15,1.04227906130964e-07,7.18487769959219e-10,-1.09025376865606e-15,2.52151992930561e-07,-1.19496331832356e-16,1.72816368694529e-07,-4.83598200220752e-08,-2.82586411568558e-08,-1.87408589724668e-07,1.27622860951236e-15,1.23811853534081e-15,5.4567732502606e-15,-8.96386261045489e-17,-1.99907146483106e-08,-6.93588005844054e-08,5.69898021958079e-16,8.25699647177222e-16,3.84301906358934e-16,9.77135050142476e-08,8.78456325795148e-10,-4.84200101407367e-08,-9.55160052455237e-18,2.34912239391604e-16,5.63600003236323e-16,-1.57530856853522e-06,6.38145001741521e-08,2.39164954934998e-16,1.12084347685223e-08,-2.93364480473803e-07,-3.54823902597779e-16,-5.95337901340154e-16,-1.53397712191616e-07,-1.57180848893679e-09,-7.60585986046832e-08,-1.93381652636702e-16,8.56924138619086e-08,1.2488641368701e-07,1.34147401151994e-07,-1.22640184852029e-07,-3.90397510836951e-05,7.09434535663175e-09,-4.49593239113006e-16,-1.00747191541287e-15,-3.79391289017379e-16,1.35472496935314e-07,-1.22665676707586e-07,-3.49593486755449e-08,-2.75666442634821e-08,2.26294127964312e-16,-2.05626261167624e-16,-2.93643362210639e-16,5.22684621797046e-16,2.24786608016382e-15,1.74472710680262e-07,-1.75061553978089e-16,-7.75139927091578e-17,-2.13671218554934e-08,-2.44887540356009e-16,-1.91280758867122e-08,-2.40584462074533e-16,-2.37163133624783e-08,1.64210378507434e-16,-2.87655610732562e-08,-3.60131737027067e-09,-4.34875342965499e-07,-9.64207041646859e-16,1.15747257606917e-07,1.37774160382608e-16,1.64485043231317e-07,-3.83467423163307e-07,1.60415058878493e-09,-5.01560107046766e-16,2.34152316950774e-07,5.80585890826565e-16,-5.76163605631491e-08,-3.25226952127579e-07,-8.8627275826622e-16,-6.70811461264056e-16,-5.5848046379393e-16,-1.67184333880567e-16,-1.09279299068772e-09,-1.42337784699041e-08,-3.17922413593071e-09,-4.10091271599884e-17,-1.71406068392171e-16,-4.45203903199914e-08,3.63181961483982e-07,-2.25320245724785e-16,-5.65382110899876e-16,-1.45319964604594e-08,-8.62699102876117e-17,-1.03018690322672e-07,-1.73238388125127e-15,9.73558947963034e-07,-1.74853949839052e-17,9.50448931064074e-17,8.38020289685116e-17,-6.05208114919309e-16,-8.36492846857288e-17,-5.80202241265573e-17,2.47862319087604e-08,-1.73348613115793e-07,-9.49035788395741e-18,-8.7034916476479e-08,3.31153410909693e-07,9.10145305790465e-16,6.10311068106939e-16,1.47656355620374e-16,-3.71643896528009e-16,3.26812909075732e-08,5.22773849911781e-09,5.94051528528071e-16,-1.92285504288365e-16,-5.93799482364573e-08,-2.11827216315653e-07,-4.24248227236641e-09,-3.78174684940319e-16,8.95591963757092e-17,-9.73767608093534e-17,-2.64483959083369e-16,-5.4775774427265e-16,5.37386375936234e-16,1.25361000298531e-07,-1.1858579183727e-07,-2.28052610004408e-08,-9.52495678564777e-19,2.64046552046263e-16,-2.3636450456099e-16,-1.24406275457596e-16,6.06500750242114e-17,2.36423548821722e-15,2.15199074902594e-16,3.26371264387113e-16,2.26366225753372e-16,1.68232363261055e-16,-3.07069170545105e-16,-8.55611420028541e-17,2.82753600398604e-17,-2.86526381652566e-16,1.65720696793228e-08,-1.10319513565469e-16,1.48650680320469e-15,1.09611465248414e-16,2.3460186035406e-07,-2.13629153274303e-09,-4.14473557714616e-17,-6.05489567675802e-09,2.14420369520238e-07,6.59560681745266e-16,2.28683934131199e-17,-3.12610343081969e-07,1.29725657691137e-16,5.27973357477937e-09,-9.33535995747882e-17,3.40950818087339e-16,2.65481506214789e-16,9.09191269638371e-17,3.90556740172859e-09,-5.3630907790261e-07,2.51233374520944e-15,-1.01394206227021e-16,-6.55427873376263e-17,-6.06074651920475e-16,7.6046300043576e-16,-5.22424320909871e-16,-1.43703173663371e-16,3.8310167340545e-17,8.51992808151181e-09,-1.39858848361072e-16,-6.28110567566651e-17,4.15748584720155e-16,1.0130061669481e-16,2.57093174703389e-16,-3.38698301942992e-16,-1.26987598923991e-07,6.25430761662218e-17,1.06508899759316e-16,9.46635956151788e-08,1.38425809835648e-16,1.20254250029944e-15,-1.90670158496223e-16,9.86626657000726e-16,1.04168429050447e-07,1.27664658703861e-16,-5.81123542350534e-08,1.33345483023794e-16,5.41493188934178e-16,-4.61907536724554e-16,-5.54846086948708e-15,2.25552126254477e-16,2.21367035418048e-15,2.09763644536343e-09,-2.60843783636332e-16,4.13000574844958e-16,1.56361236224952e-08,-2.61616259921445e-07,2.98234064219599e-16,1.83116564754974e-07,2.68125156619282e-08,3.25450278263109e-16,7.86510573324289e-17,2.65032415002525e-17,1.16748067843756e-16,-8.35681652229967e-16,-4.48256156103651e-08,-1.3094630034789e-15,-6.42943952429266e-16,-8.90394572835267e-17,1.79199398760983e-08,1.36495851214694e-17,4.73298778259803e-16,-3.09604357930348e-16,6.08180514011825e-16,-8.14735949387965e-09,1.10376602040342e-15,3.23945144427139e-09,4.34470557348982e-17,-3.42396183649558e-15,-4.22003179162866e-16,-3.11091405034522e-16,2.08103179850983e-16,9.08399009785021e-16,-6.84474516198662e-17,-5.5972143710932e-08,4.08766062421226e-16,1.18333430507052e-16,2.3504521060392e-08,2.61767995039661e-16,-1.6574785575134e-16,3.85205288022911e-16,1.58586214626872e-16,-2.86687517747032e-16,-3.7783452285571e-16,-1.2835179916188e-07,-1.52359505801261e-16,-7.43553582158551e-17,5.04441907428627e-08,2.18705534872915e-15,6.19323032398126e-16,-5.01075839860094e-16,-4.95013540920527e-16,-1.21574177255874e-15,2.64695416686279e-16,-2.24786863910556e-16,4.73750677518344e-16,6.64062220437111e-16,-4.46414650708984e-16,-5.53141532060169e-16,-2.62500611602743e-08,8.69500547869006e-08,1.22542467062244e-15,7.10741537355713e-16,-5.8674155294121e-16,5.45697341763223e-16,3.45182674053275e-17,5.78656919747417e-16,5.41974660764692e-17,-1.03859316000075e-15,-5.66212392340603e-09,4.31308942904488e-16,-2.50577356159497e-16,-1.44789715765837e-16,-2.81911350207006e-16,7.20586674291508e-09,-1.14293135579488e-16,-1.49889534547413e-09,1.77432268004619e-17,8.56659323457272e-16,-2.39855028007932e-16,2.87971119634123e-16,6.68641802302956e-17,3.35142727570736e-16,5.27814174664743e-17,-1.77759178801788e-15,5.74362430949951e-16,-3.36526531960344e-16,-2.24424409462236e-16,1.09035328484539e-16,5.07099012795806e-16,-1.69150436551949e-17,-4.82721204240269e-17,-6.60196917773906e-17,-2.13600241428876e-16,3.46151820554839e-16,-6.73226906930483e-16,9.97714978626178e-16,-1.87191589077423e-15,-2.31414180266589e-16,-6.6020461323719e-16,-8.87522168551e-16,1.04926238504485e-16,5.15866466236164e-10,1.45488732716686e-16,-2.61208729283833e-15,-4.2223442440989e-16,-3.59312295060313e-16,1.91982935698118e-16,-1.22146894015172e-16,3.88893675673315e-16,6.0005467215938e-16,-9.48013488856595e-16,-5.70515321089009e-16,-5.28842256926283e-15,-2.28043309566048e-16,-4.52941877294695e-16,-6.88232017546032e-16,1.02147708346137e-15,-1.24267300631346e-16,1.26392257493086e-16,-6.27750957704153e-09,-2.25702667702926e-16,-5.33514001760221e-16,1.74345809988713e-16,-8.65676268435002e-16,1.97928164386031e-15,5.29013844107175e-16,4.36106772701964e-16,-4.11793176590736e-16,-5.82213449383403e-16,1.18342351695548e-09,8.07243812115203e-16,1.58384611670198e-16,-8.98921629838037e-16,6.48945870768073e-16,-4.21720463905878e-16,3.77860567351821e-16,-4.77710999834695e-16,-1.40863774102337e-15,3.82580465611849e-17,-2.13430754636996e-16,-1.19977258713751e-15,5.88157043499555e-16,6.13282449897136e-16,4.16936136124442e-09,3.91276153717002e-16,-2.58344777912014e-16,-1.32728268168207e-15,-4.11423990641248e-15,-6.21971266519284e-09,-6.03321794064799e-17,1.31829933368647e-15,-4.67931264760701e-16,1.02437708119053e-15,-1.33386379420923e-15,1.25070672151433e-15,1.70311546811524e-15,8.69575788464614e-17,1.99260119060896e-15,1.45312246337453e-15,9.67522677166155e-16,3.05716675447066e-15,-9.45925261378702e-16,-4.51502595362834e-16,7.50176436068191e-16,6.2819249965988e-16,-6.24211829735188e-16
"t992",-0.00768217802980199,0.0226405678448574,0.0258879723273411,-0.00803597125692711,-0.128010091054188,-0.0282315356272931,0.018176721144182,0.000290225565671521,0.0009555487315407,-0.00206686962196097,-0.000550963575694878,0.0032307705661291,-0.00472203099761841,-0.0004588567838622,-0.00317663245570722,-0.000874443630182601,-0.000811740183525875,0.000339846721507859,-0.000300670516134999,0.000217116584060421,-0.000791345755978662,0.000157763310479126,-0.000325153987079691,0.000671864183112381,-0.00010536633625233,0.000241254743193761,-0.000299285547403623,0.000275570763479209,-0.0023479355604976,0.00549868612733308,-1.25938554530226e-05,1.70607576974654e-05,-0.000688947906516789,0.000104983147449407,-1.24083632975455e-05,-1.1523442531277e-05,-5.13766706276352e-05,2.85598119873477e-06,2.2165251117374e-05,5.51450155646583e-06,0.000232538857300847,-2.34026816481778e-05,2.14583426271143e-05,-1.80661241077562e-05,8.29430661621221e-05,-0.0153740289459732,1.45164004225841e-07,-3.93369072292973e-06,6.10537084948379e-07,8.2549867169546e-06,-2.44031892388092e-05,2.01586977697668e-05,-2.92185677305169e-08,1.33227792352592e-05,-7.17329623605782e-06,7.97159219361983e-05,-7.47607592013282e-06,0.000637508244387407,-0.00022279945970864,8.13730908253828e-05,0.000169906091593302,-0.00034825112772772,0.249830062539808,0.0328189455274708,-0.000243097985124039,0.00056355109886323,-1.1354117686629e-05,0.000339437745316591,-0.000868980432854773,0.000307145347931834,-2.86430099035335e-05,6.45114880763867e-05,-1.5557508596454e-05,-0.000133109792098599,5.55525810618338e-05,3.84031019437388e-07,-0.000465231439096858,4.85576742537682e-05,-0.000171124426131699,-0.000204360018916839,6.49482509936738e-05,0.00100357494765218,-0.000277692736541042,-0.0541422642144333,2.43062354831898e-06,0.000154399560704683,3.84298251888866e-05,4.24843523268549e-05,0.329082706350173,0.000284692015618367,-1.88755131686104e-05,4.82647836456425e-07,2.40649289715281e-05,-0.000292474426456932,-1.12822944386227e-06,-6.48954323509665e-05,-7.62139105425614e-06,3.82861959143672e-05,-0.00031847428235392,-8.49266710610751e-05,-1.83902372726974e-05,1.58041430834634e-06,-2.511363609444e-05,9.03947919657137e-06,-3.96544694197387e-06,8.33378532387707e-06,-0.000218759118550874,1.02326209482679e-05,-3.50484503412641e-05,1.6346752406282e-06,4.08934945786736e-05,0.0132011898976211,3.61862868368969e-05,1.83033142039932e-05,-5.16232776096713e-07,0.00346126599831018,-2.79879368879846e-05,3.09240096517437e-05,-3.15541795062903e-05,7.75538621080375e-05,-5.55704548522097e-05,7.11556839914633e-05,-6.74797037674657e-05,-0.000185346159689829,1.12335935503784e-05,-0.000115461778230413,1.17616484410289e-05,-1.93264789883123e-05,3.73809092767487e-05,0.0012326479450962,3.94073214746696e-06,0.000117998736662221,-2.25620162948857e-05,-2.88933704438465e-05,1.80337986096527e-06,4.96306327054418e-05,-3.23774331854128e-07,-0.000263995381477509,0.000227674310916898,-0.000711916169212167,-0.000111330934913516,-0.0302526508123409,-0.000581166893338157,-2.50200754148347e-05,-1.31296642432302e-05,1.17297757547585e-06,7.37007111214848e-06,7.27531753332292e-07,6.39118089450518e-08,-2.21350218955717e-07,-6.42806583878455e-06,-1.14028115743128e-06,-4.62239456476679e-06,9.89935169315638e-06,-3.55806207819463e-06,-3.1586406886276e-07,4.7955975168319e-06,-5.96290565612535e-05,-1.53947752518356e-06,-5.09710879322501e-07,-4.6653693777183e-05,5.09229131207457e-06,-2.69049171074804e-06,-7.2297887154316e-05,0.0074909589550143,-1.99686703405584e-05,1.91190601910422e-05,3.26779715327265e-07,1.62463456622137e-05,2.1499771108628e-05,-4.80857474091804e-05,-8.44374792424003e-06,9.64436657040972e-07,1.85738165318087e-06,5.98394937620157e-06,7.15695415205819e-07,5.30919344394574e-07,-0.00226190969685637,-1.06703701380533e-05,-7.51312842385732e-05,0.000231935172315466,7.99681347828462e-05,-1.18965723060978e-05,-6.20146485739407e-08,-1.34312331857679e-06,-4.21376412347248e-07,-4.67219159711708e-05,1.07368517215164e-05,4.81298142552694e-05,-7.99347446238204e-05,-1.30921425767031e-06,2.41139560363685e-06,9.5910394471735e-06,2.27195712085116e-08,1.64241831785576e-06,-2.3228928682629e-06,-4.28303045979142e-06,-4.05266995486411e-06,2.55189653890559e-06,1.09051229208799e-06,1.08809205908345e-06,0.000181246352376377,-2.95695780631426e-08,-6.89277559298682e-06,-7.85940915474338e-06,-5.19567349932434e-05,5.06117877451678e-06,3.53610342969259e-05,-3.79039610570368e-05,-3.14580718594179e-07,-0.000157096044741971,6.81946493120264e-05,-0.000181292722120033,-1.70552269900433e-05,-1.84992866447949e-06,-0.00162819698122232,3.1320377000536e-06,1.48629551355585e-06,-2.76356103226383e-06,-1.3974450406022e-05,-7.66689940180326e-05,0.000125653200570946,0.00260482202071108,7.99913934013137e-05,-2.18444191218881e-05,-0.00134476366667836,-0.000110836586054124,-8.5243109382234e-06,-1.38417783023644e-05,-1.14520746878272e-05,4.64161671747347e-05,9.72572997087316e-06,4.14809897955385e-06,6.97990886557296e-06,-3.91931389278853e-07,-1.25320382286521e-06,-3.66521448767645e-05,-1.93656396650706e-16,-0.000654369004463885,8.60478243032492e-05,-1.52286962400753e-05,-5.98658513935488e-05,-5.99401344827068e-05,1.35569329576789e-05,-1.79383608395802e-05,0.000136032827005078,-1.74569488028811e-06,1.52897573132805e-07,-6.06422164830711e-05,0.00115757435437451,-0.000114674333458979,0.165817257727845,0.000145121708387081,-1.72394671048453e-06,8.33256861728918e-08,-3.20236904785932e-06,2.03237979427982e-06,-3.11810942774286e-05,-4.14183550690152e-06,7.0673281083905e-07,-1.30347378364573e-05,2.39409354779634e-06,-0.000248291135500996,1.93427161336382e-05,-1.03827078244322e-06,3.48971936063693e-07,-5.92258026371941e-08,-2.15836831220861e-05,9.03734692470173e-06,-3.05222030724222e-07,-1.18575426845726e-07,2.3460740795962e-07,-3.71506107892988e-06,2.47459954400937e-06,-2.73584939872328e-06,6.62867131295864e-06,-4.46068352775143e-06,2.88006268081548e-07,-2.58933691321058e-06,1.58671621424457e-07,-4.21244681032867e-07,2.69805044693087e-17,7.12478416185996e-07,2.29952046718553e-08,3.21571053681365e-11,1.22902099312992e-07,5.19539845923034e-10,-3.81048583955845e-09,-2.42028199862943e-08,1.36129801241299e-08,-5.92292694493155e-05,1.47041136862997e-06,7.0026613738455e-08,-9.49866344656173e-08,1.30237410117951e-06,-1.63986810168028e-06,7.85724540528713e-06,-1.39524659157158e-06,3.63341516050747e-06,9.80478676021715e-08,9.92591240226514e-08,7.06843844849377e-06,-0.0269600410661822,-1.13884626770131e-06,6.45582873050994e-06,-8.44816941013019e-07,-3.06846231423884e-06,9.42861277581448e-06,1.3546497826071e-05,0.168791182320336,5.14813714739368e-05,5.46262571085602e-06,-4.75539181823094e-06,1.18944309694758e-05,-2.62237305413153e-07,-2.0611308725976e-06,2.99217738196709e-06,-7.28000293211351e-17,-3.03909957299639e-09,-2.23046218722694e-06,1.79453735178309e-07,-6.96416653454475e-07,-1.17272605430117e-07,-1.76307744846033e-07,-3.88912451439738e-07,5.37659963895104e-06,-1.81460944810431e-06,4.86233043867781e-14,2.62561772835746e-06,0.496568614226726,-4.8448080242598e-09,1.32472203963267e-08,-7.09233198729818e-08,4.36952815065207e-09,1.22772055978414e-07,-2.34363434389739e-08,1.99506027848232e-08,9.05544428252716e-08,-4.046307027088e-06,-7.05319943018721e-08,-4.14939368295494e-09,-9.12279129931049e-10,-9.32743531925417e-08,8.15385722953544e-08,-1.18985466659697e-07,-3.63398498160424e-17,-6.65024894801767e-07,5.52688286921988e-08,1.59367552316825e-09,1.60520189362668e-08,-4.03979856267324e-07,-1.0056831871619e-06,7.06051262917518e-07,-2.58506771706135e-06,-9.86667486344465e-08,-1.0696034013624e-16,-1.86288382030442e-07,-9.83376580982813e-08,-2.46830573275126e-07,4.84632796974345e-16,4.83091402388358e-07,9.31323483864483e-07,-1.42731917806967e-07,-4.05353133301787e-07,-1.3721618319861e-07,-7.43497809374622e-08,-2.68841372226239e-06,8.56890795780837e-08,9.8988324161314e-05,4.43068972801876e-08,1.7131305766527e-07,3.28258931777342e-07,-5.97344174744507e-17,-1.41588450621221e-07,3.61867139577799e-07,0.000210309041676022,-2.13391470184293e-07,4.11947301005394e-16,-2.24642090751318e-07,5.78157724527718e-08,-1.07583304531145e-07,-1.19909332724254e-05,-2.46201221624231e-07,3.51032946471606e-07,-3.60491161549028e-06,5.27210934126146e-07,1.37633873841383e-16,1.98907136553386e-06,-5.05482202537556e-07,1.41502930628183e-06,2.50605550814879e-06,-2.54816131109854e-07,-1.71417777732435e-09,-1.09207552266342e-15,-7.27067073275792e-18,-1.67531896489137e-09,-2.86102583788708e-07,3.77673826519292e-08,-2.90487955505614e-07,8.63615803085822e-16,-1.40612589484682e-07,-1.67460817750993e-09,7.46827787512543e-16,1.20899655913739e-16,-3.69660239685332e-16,3.65321852266046e-07,1.08317642387963e-06,-0.00018851857421501,9.14372033670712e-07,4.56850182818055e-07,9.51794004014251e-07,-5.47613314960855e-07,-5.47503674433718e-16,-1.21767997728437e-07,3.43645783926934e-07,-1.09892918293902e-15,4.22794116431699e-16,-2.19405606545495e-07,-8.95622478256923e-11,-1.30812786221789e-07,5.3858976220851e-07,1.30036294551386e-07,-3.67754644166165e-08,7.10568385167561e-16,-1.2380064543728e-07,-1.40629193057583e-15,-4.232139133891e-07,-1.42579255677105e-15,-1.46878563066036e-07,-1.53728363081414e-16,5.60477170098947e-05,1.57177826792368e-07,5.01879762396409e-08,6.60399189742497e-07,4.33485839207502e-07,-4.98679325624154e-08,3.16844270623561e-07,8.33058672785644e-08,4.05259037544935e-07,3.7392766227641e-08,1.11802843132076e-07,-3.15672912773994e-07,-4.09668757812286e-07,-3.33052315163752e-08,-1.51805610775984e-07,7.7116790098887e-16,1.42533642059125e-06,-2.46404243716484e-07,1.51965792877257e-05,3.10216633628631e-16,1.70292355461134e-08,4.62803353578416e-07,1.65733164748461e-06,-2.83900426452529e-16,-5.32151565219581e-07,-2.14181721604426e-07,3.51912296236051e-16,-2.83390571745767e-07,8.43393976501641e-07,-8.0208174739196e-16,2.11610951791249e-15,-3.10342332808884e-08,-1.2589032001115e-07,-7.18411697870115e-10,-9.98644403470352e-07,2.6636107368007e-07,1.03763189063822e-07,7.55556451069891e-08,8.48081729894746e-05,-1.57333467114643e-06,9.38606338257561e-16,4.30471185969708e-09,2.23863418109247e-09,6.1848068467653e-09,5.7952959576235e-07,7.45635422679576e-16,-9.6613111319996e-16,1.90942983336957e-07,5.45987022612566e-16,-2.18347023200715e-15,0.000140810336618949,-1.32280079995318e-06,-3.28435178320383e-07,-1.35465243251979e-08,8.47946228528686e-06,1.63728865195841e-06,4.60570354640099e-08,5.13810114715684e-15,1.07846416480628e-07,5.0427418879557e-09,2.31483936282677e-08,-3.08957164828611e-07,1.22351955028935e-06,5.45004068482448e-15,-1.54069183471015e-14,-1.91499398949696e-14,-8.12076079739719e-08,-5.16666105387722e-08,-2.27357258191722e-07,-0.705693117129333,-3.96925880983512e-08,3.28260325033942e-14,9.96710068743257e-15,4.94512553083831e-06,-1.08590778820245e-07,1.22754760314018e-14,-2.6776346157479e-07,-1.83238445919524e-07,3.70793574559345e-15,0.000134951537737271,-1.45496356869617e-16,1.10704891566813e-07,-7.55475842295095e-16,1.10489340359827e-07,9.56663633957304e-07,4.58586806787031e-08,3.26082541305206e-08,2.24052850457503e-07,-1.48566071876535e-07,3.1090779185206e-07,-1.0955780676637e-15,2.71574203725899e-06,-1.53347295089998e-07,-4.87074616045002e-16,-2.02136267335386e-08,-3.11512999646565e-07,9.5884971703615e-08,3.40629356238855e-15,2.32996580862206e-07,4.07975681711337e-07,1.56986076923841e-15,-7.70735354401446e-07,-1.70545553476942e-07,-1.17721974359132e-08,2.62092121892999e-15,-1.14402888254024e-15,1.59515775467159e-07,4.89106907551911e-08,3.95824817760662e-09,-8.47485516685114e-08,2.91971185528011e-08,6.76116459717265e-17,-5.45839305231348e-15,1.06663625835236e-07,7.35288837224077e-10,8.57949115083144e-16,2.58086883736794e-07,2.25496799452532e-16,1.76910355631965e-07,-4.95157496505666e-08,-2.89345292000888e-08,-1.9190230385529e-07,-2.01725232984686e-15,-1.50111825344382e-15,-4.97195060644297e-15,-1.23140473234351e-16,-2.048116049609e-08,-7.10636692786224e-08,-3.10907822969144e-16,-2.95166072176227e-15,-1.27441519054224e-16,1.00132005076358e-07,9.00259690023337e-10,-4.96319909251323e-08,1.5036821991706e-16,-1.28079158480018e-15,-1.32254611525203e-15,-1.61587875097314e-06,6.5459604182466e-08,-4.74348494777712e-16,1.15006854795483e-08,-3.01049078422123e-07,9.39273765939719e-17,7.28689791699144e-16,-1.57460331123854e-07,-1.61347276198839e-09,-7.80879459424258e-08,6.17311185491375e-17,8.80041374791282e-08,1.28276190294207e-07,1.37820050192133e-07,-1.26037977498663e-07,-4.01248492498203e-05,7.29273097740778e-09,-2.54111587413871e-16,-1.49232712694839e-15,9.50555816622782e-17,1.39396886420675e-07,-1.26221036792918e-07,-3.59772866783149e-08,-2.83884845051758e-08,-3.10905011981053e-16,-1.66920243609891e-16,-6.80703537787965e-16,-1.70987928159179e-16,-9.6580027953403e-16,1.79807906355376e-07,1.22877203020928e-16,6.87448803591367e-17,-2.20271621958021e-08,1.25042240896045e-16,-1.97192712031552e-08,1.54498809579184e-16,-2.44499904750312e-08,-3.86130644246208e-16,-2.96715134250221e-08,-3.71522862732523e-09,-4.48722252099564e-07,8.94549162862293e-16,1.19463261010124e-07,-1.0920709450959e-16,1.69863408529581e-07,-3.96316429903841e-07,1.65795925529181e-09,-5.20036187052583e-16,2.42086325116074e-07,-7.64366904141704e-16,-5.96005409870628e-08,-3.36436045759159e-07,5.71328642423292e-16,5.29400343677398e-16,4.83654664399137e-16,1.58835259385824e-16,-1.13097221316654e-09,-1.4732885153404e-08,-3.29117618566632e-09,1.74293699369803e-17,2.18689873268114e-16,-4.61206807629033e-08,3.7624865084784e-07,-2.80506136304297e-16,3.33963591176848e-16,-1.5068766594009e-08,1.69601802418969e-16,-1.06845705968681e-07,1.48621595620913e-15,1.01033606349633e-06,-4.96919595656995e-16,-3.50779040219631e-16,-1.48759337029629e-16,-2.2964048237033e-16,5.96822425168549e-17,2.95692637123024e-16,2.57558462051861e-08,-1.80132989397939e-07,1.17252876079598e-16,-9.04840915301233e-08,3.44346428110536e-07,-1.62992354390857e-15,1.61885049566935e-16,-7.64482334323795e-17,6.0330163626418e-16,3.40137215633999e-08,5.44204520626372e-09,4.42154804162849e-16,2.27192316246276e-16,-6.18291514376006e-08,-2.20571306345822e-07,-4.41808499982099e-09,-1.59274266315495e-16,-7.2600576272465e-18,9.4743864155078e-17,3.551478204337e-17,-4.994579748547e-16,-5.61127265226079e-16,1.30789447686096e-07,-1.23743173213834e-07,-2.3801378460117e-08,5.78112620701496e-17,-1.50010257625951e-16,2.46864403715799e-16,-1.0035858171261e-15,-7.22098097338112e-18,-2.65735327511667e-15,-2.83127330376499e-17,-1.59989278975183e-18,2.35798784653996e-16,-1.84672508409488e-17,6.34668836475802e-16,4.3626536361442e-16,-6.46407661421474e-17,2.16868687032454e-16,1.73531491558413e-08,8.08253294437255e-17,-3.02146032730055e-16,-6.53787653907476e-17,2.45776798842733e-07,-2.23829968900525e-09,1.48613285065247e-16,-6.34446829127335e-09,2.24811243522181e-07,-5.73827709674244e-16,6.20155370235386e-16,-3.28015111876751e-07,-7.16602558151048e-16,5.54540212161982e-09,3.40401556922585e-17,-5.20230967517898e-16,-3.19879246710135e-16,-2.75107526467269e-16,4.10886905783737e-09,-5.64291741835357e-07,-1.21932688763337e-15,9.46295465583584e-17,2.3315491118213e-16,4.92406460378163e-17,5.16403771211386e-16,7.41755412208227e-16,2.21564538246995e-16,7.70161848982776e-17,9.02613572494133e-09,8.85825493816241e-17,5.79690652582201e-17,-7.12750311603339e-17,5.65973711089536e-16,-2.4706083550237e-16,8.00511527625015e-17,-1.34766454687189e-07,-1.71861433525144e-16,-1.64396266005405e-17,1.00495739253e-07,5.09114532608441e-16,1.35743572363076e-17,2.41059146587505e-16,-1.4911392412569e-16,1.11052364268098e-07,-5.56739286634377e-17,-6.20034936799975e-08,-2.78000821217206e-16,-4.69033300737062e-17,1.14344332015527e-16,-1.92039267270548e-15,-1.99346705142592e-16,-1.32950111630786e-15,2.24199474476626e-09,1.25457450420254e-16,-2.88911911622158e-16,1.67356844294499e-08,-2.80033866070391e-07,-2.9303412088272e-17,1.96255553769378e-07,2.87480469843845e-08,-2.30094914918464e-16,5.66994585325988e-16,-5.12453658442292e-16,-9.10934886217156e-17,-1.50574299436378e-16,-4.83819609913095e-08,1.15480972953604e-15,6.04094850734811e-16,5.22320857913344e-17,1.93790380369689e-08,7.67745173284495e-16,-6.24384263053594e-18,1.1644745777107e-17,-5.40206427084822e-16,-8.83469170889478e-09,-5.09743652689512e-16,3.51582520072556e-09,-1.37289446418435e-16,-4.70338283968394e-16,-4.20702136555884e-16,2.6917359767972e-16,-1.83835905502527e-16,-9.96435787054762e-16,3.07570471625575e-17,-6.10516743144677e-08,-2.45766789108274e-16,4.43594082252704e-16,2.56719219090318e-08,-3.54314388841882e-17,6.05251376463845e-17,-6.60507707339359e-16,6.67542906173497e-17,1.22490382148998e-16,3.48580932709578e-16,-1.40819182289062e-07,5.07269095938919e-16,6.99439732287051e-16,5.5464371066391e-08,1.39981615128743e-15,-4.06115382338663e-16,-4.00895559122433e-16,1.12790196974848e-16,1.78433801040371e-16,-2.31327077225836e-16,2.22229691805217e-16,-1.41750895801678e-16,-5.45907404056712e-16,2.83361831591009e-16,-6.80694800901541e-17,-2.91237837552308e-08,9.65850071506247e-08,-9.84662795020188e-16,4.96828448724323e-16,7.12241069913673e-16,-4.61418056258563e-16,1.08557768968804e-15,-6.84547031415444e-16,-6.12695290219364e-16,4.24646091985685e-16,-6.33229710489592e-09,-2.28319658835693e-16,-1.21774138068219e-16,3.67057279082364e-17,6.52128821389256e-16,8.11133346903534e-09,-2.04281915895784e-16,-1.70135450791234e-09,-1.07590544338862e-16,5.25652400197449e-16,1.22999785723067e-15,-3.23410485430453e-16,1.16195379078386e-16,-6.79128404789453e-16,-5.42228734793571e-16,2.13653921968998e-16,-2.05178931067127e-16,4.74565113276061e-16,-3.61792824716149e-16,-1.29705989896769e-16,-8.21648679500589e-17,2.30608312323246e-16,-7.21245682187081e-17,-7.94820392122146e-16,3.06383120495172e-16,-1.18517367998752e-17,9.20116605754215e-16,1.07801835450079e-16,-1.78826459363819e-15,9.43885725653047e-17,2.00194071904365e-16,8.60970675016372e-16,-4.45414784249159e-16,6.12342924785638e-10,-6.52801696144958e-17,-2.60960603606899e-16,4.25286413822029e-16,7.26949861552913e-16,1.62167375954767e-16,2.64588020910407e-16,-5.93501912815802e-16,3.73781678761656e-16,7.06370606139038e-16,9.17226899995602e-16,1.32287154588266e-15,2.14311176808038e-16,-5.84780861468932e-16,-3.46383072561352e-16,-1.37968719794631e-16,-7.98207371048335e-16,-3.28538974081832e-16,-7.86761876762789e-09,7.72606003320275e-18,-9.9961251571174e-16,3.00438522648777e-16,7.62795394638227e-16,1.47198344735433e-15,-7.48867659672502e-17,7.26822044848229e-17,1.58357250165159e-15,5.29093777414239e-16,1.6573525026381e-09,7.38014559362497e-16,3.22918990101335e-17,-5.38944566028354e-17,-5.87261446299901e-16,3.47087296603594e-16,-1.74757279964039e-16,-5.50569385825721e-16,3.32374107553854e-16,2.90226631446815e-16,3.93422641713551e-16,-5.25181995417032e-16,-1.87698031131072e-16,-4.85145561880159e-17,8.20777148901985e-09,6.49858371854794e-16,3.90008121234318e-16,2.22196155016649e-15,-2.23519436972667e-14,-2.41114282965916e-08,6.67817999634786e-16,9.05001465534992e-16,7.35207886046463e-16,5.59677007264831e-17,5.4646803353238e-16,-2.65333176272148e-16,1.2539305080545e-15,-3.42386481457798e-16,9.64777531092698e-16,7.28224890850722e-16,-1.29596619833183e-15,4.06352321097171e-15,4.38429018833159e-17,7.61936476082943e-16,1.51323792506349e-15,-3.28794574735774e-15,3.81841499224142e-15
"t278",-0.00770235694041863,0.0227714008595544,0.0260428211516593,-0.00810228978186417,-0.129337409527785,-0.0285835206256515,0.0184085544934376,0.000294276321373918,0.000971838811958189,-0.00211166046477898,-0.00056727178246599,0.00335880995506468,-0.00491719119040362,-0.0004782439827095,-0.00331962104249953,-0.000917373932237882,-0.000853066686594354,0.000357638133954453,-0.000316986023295951,0.000230575790686093,-0.000847282728706248,0.000173426612153098,-0.000361068869153038,0.000746924445448597,-0.000117230926196836,0.000271137019021892,-0.000337279768260461,0.000311221016396018,-0.00266942841640675,0.00661209957221922,-1.56216603511578e-05,2.17214495389454e-05,-0.000923103825836381,0.000146881349236402,-1.83999556457684e-05,-1.93785669407054e-05,-8.87306009290962e-05,5.11602602685562e-06,4.03837973882015e-05,1.04555502481411e-05,0.00048239508807194,-5.33447686705684e-05,5.24286899186436e-05,-4.44141170305007e-05,0.000224618587744268,-0.0757319483349849,1.02601919532647e-06,-3.56134580833044e-05,3.92238956325554e-05,-8.06280138239924e-05,8.41124007666423e-05,-5.13988126352308e-05,7.16071746374688e-08,-2.40844869672548e-05,7.95147536703397e-06,-8.26893430177947e-05,2.66733600830097e-06,-0.000170578916895858,5.75586307631054e-05,-9.40493964554566e-06,-8.35287785236064e-06,8.76749819644931e-06,-0.00229938170231342,-0.00018459302831037,-3.88041986991231e-06,1.62029596312705e-05,-4.37364585252072e-07,1.20742909050319e-05,-2.84618177514046e-05,7.79122154193111e-06,1.90042510885333e-06,-1.39252673181577e-05,3.85949505814159e-06,4.33120733736828e-05,-1.86796340564839e-05,-1.44403034650065e-07,0.000182793124543756,-2.3597256331768e-05,0.00013395177912536,0.000195144538458379,-8.90977356566882e-05,-0.00149790209625327,0.000870253146251101,0.229949422976283,7.25546570721501e-05,0.00218973277417516,-0.000280136089643527,-3.56650287412652e-05,-0.0327817526462785,0.000323662444515176,-5.22357418753791e-05,1.21248072082937e-06,5.87721670733716e-05,-0.000606604810665674,-1.91504783698877e-06,-0.000107521416187842,-1.26135511274254e-05,5.98926871935203e-05,-0.000488628710426317,-0.000121770662350565,-2.50604508958481e-05,2.14411291626816e-06,-3.39017698370326e-05,8.64603823908687e-06,-3.51978195567221e-06,6.82552386745816e-06,-0.000140557880584668,5.86871018825335e-06,-1.45972080431898e-05,5.09715368467165e-08,-6.6955573329495e-06,-0.0788110785085335,-0.000393178817128023,6.52276756611845e-05,-2.08644810832251e-06,0.370566165090452,9.98682644458687e-05,3.52766855463759e-06,-1.83477599864706e-05,5.57338894234623e-05,-4.25693836838062e-05,6.07621449311027e-05,-5.93996173027961e-05,-0.000163291258164859,9.92692203445606e-06,-0.00010365532312389,1.05689576111199e-05,-1.7496384175353e-05,3.40782698163067e-05,0.00112375009062772,3.5926596256795e-06,0.000107420443572762,-2.05285109826906e-05,-2.62782131970748e-05,1.636948028956e-06,4.50369661386976e-05,-2.92380608239273e-07,-0.000237453621297331,0.000203814078501169,-0.000637233420418744,-9.95843570041721e-05,-0.0270518195296654,-0.000519417971934686,-2.2357634614459e-05,-1.17324799169176e-05,1.04696335123077e-06,6.56992842231456e-06,6.48827116063666e-07,5.70229925653024e-08,-1.97794698190873e-07,-5.74491464459346e-06,-1.01994922142164e-06,-4.13690229603381e-06,8.86576694430189e-06,-3.21847181407643e-06,-2.8638065974282e-07,4.35575603137108e-06,-5.98992363210996e-05,-1.64676227783129e-06,-5.52166529796027e-07,-5.54558714004876e-05,6.21048205116884e-06,-4.28634599288878e-06,-0.000121670551079605,0.0490239606268138,1.57693303139544e-05,7.03233744710953e-06,1.22830747305639e-07,6.1391424429674e-06,8.70105373415637e-06,-2.06686970261101e-05,-3.65614646755998e-06,4.51382546020837e-07,8.84938378169263e-07,2.94166101218686e-06,3.54111511400801e-07,2.63517343754578e-07,-0.00117221770613144,-5.66924397956423e-06,-4.00366827734199e-05,0.000123911644645888,4.29852062026455e-05,-6.40662653075119e-06,-3.34492790076661e-08,-7.25382437197477e-07,-2.2826889065832e-07,-2.53226220364455e-05,5.82291715980128e-06,2.61003380339571e-05,-4.3303512222927e-05,-7.05603779394238e-07,1.29132177668814e-06,5.12278745502488e-06,1.20844110549318e-08,8.70668616068464e-07,-1.21786380232558e-06,-2.23972663904177e-06,-2.10721764004242e-06,1.32295844072721e-06,5.51403835786832e-07,5.49485014399164e-07,9.04632529316622e-05,-1.45812781262421e-08,-3.29434863373907e-06,-3.75577625534372e-06,-2.47532532101586e-05,2.38857985613634e-06,1.65770001291549e-05,-1.74472164201559e-05,-1.41434469214372e-07,-6.92769332469504e-05,2.98945990611642e-05,-7.75820150692648e-05,-7.29420428166947e-06,-7.91634923555382e-07,-0.00260240612767237,1.21075216151586e-06,5.71286318872654e-07,-1.02153147271295e-06,-5.0064506655932e-06,-2.71567345908453e-05,4.23796278205606e-05,0.000868210652441027,2.63279212274764e-05,-7.19163836344295e-06,-0.00219124948080367,-2.5105312719561e-05,-2.44085973885338e-06,-3.82972276572984e-06,-3.03332809403953e-06,1.20356824007023e-05,2.46464677470473e-06,1.02792536547338e-06,1.71846614150316e-06,-9.05576084415469e-08,-2.77379872497796e-07,-7.71912421678869e-06,-4.8806986406643e-17,-0.000591475465443468,1.63268725623852e-05,-2.55175775499355e-06,-8.90934015830364e-06,-7.95735393752739e-06,1.78643016697632e-06,-1.79909156102154e-06,1.289393262229e-05,-1.6099900952302e-07,1.22001967820918e-08,-4.31750871023853e-06,6.37556058822753e-05,-5.47545994352505e-06,0.00741047624875439,4.00549654534063e-06,8.88951999288025e-08,-6.92497903356172e-09,3.5572253910599e-07,-3.62083649216635e-07,5.71562754096263e-06,9.81266054135065e-07,-1.90605228148083e-07,4.17755694800562e-06,-8.08981631497679e-07,8.85916190122162e-05,-7.43155325065645e-06,4.43946768541512e-07,-1.5102224573347e-07,3.33376302895702e-08,1.22219039509339e-05,-5.15183098589638e-06,1.86722072030987e-07,7.44736888838812e-08,-1.60271706833849e-07,2.57813139609983e-06,-2.9623002243506e-06,3.50449811166633e-06,-8.97512936399216e-06,6.90814158154639e-06,-5.00977870733644e-07,6.09942737769501e-06,-4.14369177336636e-07,1.20149365726362e-06,3.77141059769152e-17,-2.93222792611399e-06,-1.00340404624778e-07,-1.74106865595865e-10,-1.49690514229652e-06,1.40736887399326e-07,-8.68562125387922e-08,-3.80243813708971e-07,4.29597552512176e-08,-0.000177683924852843,4.35297479272081e-06,1.69305259581778e-07,-1.4855417294111e-07,1.91283285699562e-06,-2.3089283379108e-06,9.69075582879411e-06,-1.09404479536133e-06,2.36717770555682e-06,6.31794068950756e-08,6.37503148665932e-08,2.6768459081251e-06,-0.00230832565147448,-3.41103621400594e-08,-6.58169097492572e-07,1.37737798453063e-06,-5.26190195105984e-06,3.99757062297418e-07,3.73490493620211e-07,0.000392213166076742,-7.11401240040091e-07,-3.41548074259276e-07,5.30511062598236e-07,-1.83586953004717e-06,4.52419831001931e-08,4.18124995958922e-07,-7.96402978783088e-07,2.60917399369903e-16,1.94808833183911e-09,1.50872113850873e-06,-1.30331442055712e-07,5.06754606378849e-07,8.55062726334189e-08,1.30531117809785e-07,2.95623745072731e-07,-4.19586205176609e-06,1.45676120717863e-06,-1.3186255450734e-15,-9.15355619943661e-07,-1.41061574434709e-06,-2.82210399238811e-08,1.76051769797118e-07,1.69180824221065e-07,-9.75046843190035e-09,-2.75579646217129e-07,5.41455994705016e-08,-4.72274873106611e-08,-2.67254778018583e-07,5.9687619552276e-05,2.32245226487359e-07,1.40782384492223e-08,3.26499559225202e-09,3.35822612894235e-07,-3.05213931496351e-07,4.59333886657764e-07,1.32877910556046e-15,3.29703114063444e-06,-2.90082580986497e-07,-8.3692793433186e-09,-1.0034134608547e-07,2.59732610153092e-06,9.61994744354219e-06,-7.75479534775431e-06,2.92317460518173e-05,1.2539554712098e-06,4.79103139428427e-15,2.74612952062625e-06,1.53963228553459e-06,4.99719180449734e-06,-4.0337894943148e-17,-1.40773034181679e-05,-3.01905334265838e-05,4.91113337530416e-06,1.59575559714833e-05,7.09270019150761e-06,5.00171833600661e-06,0.000235861014465367,-6.43904462036927e-05,-0.632000357230913,6.74406828605283e-06,9.48334336193116e-06,1.7610558817339e-05,-1.54715137790731e-15,-3.55249417433117e-06,8.34394357957243e-06,0.00413072924864812,-3.45252454754933e-06,-1.29545428022478e-15,-2.72919335134532e-06,6.22589023218852e-07,-1.52109600906061e-06,-0.328164403455722,-5.79920195248721e-07,1.79341368455247e-06,-1.91740376293059e-05,2.44453744889161e-06,-6.57845260111232e-16,8.17150147798867e-06,-2.05667788657308e-06,5.64517066486121e-06,9.73830161305544e-06,-9.88242818191945e-07,-6.60035106513287e-09,5.48416246792347e-15,-2.44385685855338e-16,-6.19942943980941e-09,-1.02505011953813e-06,1.34788986125794e-07,-1.00905817297329e-06,2.46368136923991e-15,-4.62861645861636e-07,-5.39602917731868e-09,2.74490397118609e-15,-1.21419529636771e-16,3.66987345622354e-17,1.12318076368203e-06,3.33318701351132e-06,-0.00237872998549973,2.44861900214593e-06,1.22721230264933e-06,2.559141567156e-06,-1.47063364116568e-06,-6.37492454750015e-16,-3.17224606583038e-07,8.8457080903535e-07,-8.65175194551149e-16,9.80724554392742e-16,-5.39137660967278e-07,-2.1771777958533e-10,-3.13526769126305e-07,1.27894342958723e-06,3.03479059110953e-07,-8.55913666199427e-08,-1.48729075324622e-15,-2.87061565925267e-07,-6.08210711409252e-16,-9.70992021567729e-07,-2.57696259318407e-15,-3.34418968249222e-07,-5.08375769125394e-17,0.00012639742910177,3.53787164928682e-07,1.10224014389183e-07,1.4430397758739e-06,9.45219472490012e-07,-1.07757905193708e-07,6.79394934450867e-07,1.75540234928239e-07,8.53822978320692e-07,7.83701152303473e-08,2.32123647855593e-07,-6.47361455114657e-07,-8.31656573088498e-07,-6.70853431001909e-08,-3.04616002774102e-07,-1.86824799329451e-18,2.82719318377622e-06,-4.83464372587922e-07,0.000123730103523048,3.2225127774322e-16,3.21577127270667e-08,8.63554336656468e-07,3.07678564538411e-06,1.25494313877997e-16,-9.85360878956149e-07,-3.92572142702205e-07,-3.00126890296731e-16,-5.16863726436635e-07,1.49463616931123e-06,1.81398043269641e-16,-1.25478473701298e-16,-5.44066430749003e-08,-2.20489048789907e-07,-1.25265222598832e-09,-1.73226729040654e-06,4.56750591863575e-07,1.7775695865622e-07,1.29256018047914e-07,0.000142971613625474,-2.62241199335793e-06,1.58995711392224e-16,7.14577394494023e-09,3.71355706088536e-09,1.02353806723377e-08,9.56441363648217e-07,-2.36760165809534e-16,-1.17079407609706e-17,3.14015110955383e-07,2.90982671643975e-16,-1.50374318162329e-16,0.000943620077134864,-2.00213904466185e-06,-4.97514728916478e-07,-2.0911593998259e-08,1.30862406821224e-05,2.52660431245356e-06,7.10252384741241e-08,-7.89712866261634e-17,1.63911085780073e-07,7.63559319596419e-09,3.50066836341315e-08,-4.6426491769049e-07,1.81681659034694e-06,6.60176934824685e-16,-4.10775998368227e-16,-2.05692035412619e-15,-1.18498607746251e-07,-7.48201195270991e-08,-3.29052203434747e-07,-3.31835620483154e-14,-5.70241728987092e-08,2.30759641205128e-15,5.61917883080836e-17,6.87462625344309e-06,-1.50897528069955e-07,-4.06565378968639e-16,-3.68990622993552e-07,-2.51224737202406e-07,-5.73472203054138e-16,6.54376343812434e-05,2.45141685876903e-16,1.48921430094755e-07,-1.31842752681434e-16,1.48462362041324e-07,1.2843280694128e-06,6.15053548485561e-08,4.36747947451836e-08,2.99187972914552e-07,-1.96183644493598e-07,4.04228606152588e-07,-1.13290899391832e-16,3.46266981225886e-06,-1.95113558557384e-07,9.91534986179104e-17,-2.56472020056838e-08,-3.9323347814122e-07,1.20479774716041e-07,9.37306647935893e-17,2.88132045156829e-07,5.02912933851781e-07,2.12114388634808e-16,-9.4605807131348e-07,-2.08900505051533e-07,-1.43069415782489e-08,-6.95264720927929e-17,-8.84496474083534e-17,1.90241890836203e-07,5.7857784159453e-08,4.67444364653109e-09,-9.64796671073826e-08,3.30353227226583e-08,1.65948783016162e-16,7.58293958287374e-17,1.20171962528384e-07,8.27958567837206e-10,4.84837731054661e-17,2.88513811522273e-07,3.8797185350528e-17,1.96371676084047e-07,-5.44252289147731e-08,-3.1781012232877e-08,-2.10197464035508e-07,-4.62614834719898e-16,-7.26818911941701e-17,2.06849490651272e-16,8.88210514865652e-17,-2.18695080933497e-08,-7.57189932493585e-08,-6.49023500321833e-17,3.15027287535922e-16,-2.12876650246082e-16,1.05864599917022e-07,9.48574497183403e-10,-5.18095518347158e-08,-8.68552154227689e-17,-1.30145489315579e-15,-2.61448707359051e-16,-1.63231775698896e-06,6.6048744732179e-08,-1.01599787877196e-16,1.14504909244878e-08,-2.98100896636291e-07,3.0198577349394e-16,-1.01809072424752e-16,-1.53888461251929e-07,-1.57519571021282e-09,-7.56385144007156e-08,-4.83514153993826e-16,8.41096307750216e-08,1.21680842032104e-07,1.29348170894652e-07,-1.16541374868518e-07,-3.69509751634072e-05,6.66436908512854e-09,9.41341503884729e-17,-3.50917529614033e-16,1.88188548278783e-16,1.21652396168842e-07,-1.10072563123326e-07,-3.11814916045337e-08,-2.38224640098818e-08,-1.81852113544098e-15,-2.19504048975439e-16,1.72021470871885e-16,-5.8447742655184e-17,2.4919987857758e-15,1.45546772356302e-07,-5.72087778289145e-17,2.03077529530091e-16,-1.75679798031091e-08,5.20754346877704e-17,-1.57146964562609e-08,-8.12067427191643e-17,-1.94583699809174e-08,-4.49322205650196e-17,-2.29887103031588e-08,-2.85954956575597e-09,-3.41856804685809e-07,2.76770764980052e-16,8.9847954660501e-08,-8.29694019354411e-17,1.24057775760801e-07,-2.7787136581939e-07,1.16030973094656e-09,-1.62433884366861e-15,1.6648581730464e-07,-2.67368628274347e-16,-3.98220829861202e-08,-2.24462714822355e-07,-1.24427631562093e-15,7.49027929714745e-17,2.45021766235078e-16,-1.81821063209122e-16,-7.35879923552837e-10,-9.52097172955895e-09,-2.10988544812871e-09,1.38101071734617e-16,-4.36870524733781e-17,-2.84054804776811e-08,2.31301744563889e-07,1.37474532042932e-15,2.12749788292969e-16,-8.77322543466061e-09,7.91524162974263e-19,-6.14464269547996e-08,-2.09551220653485e-15,5.59853424548498e-07,-1.02270004872272e-16,6.38198705388254e-17,-5.66021523683613e-17,1.795374175257e-16,-8.67934709859368e-17,-3.71528549094226e-16,1.31311768421299e-08,-9.17304206593917e-08,-5.20995032626377e-17,-4.46255296881102e-08,1.67483112057171e-07,2.17665378223972e-16,-1.83541762586947e-16,1.38765897805993e-16,1.48954266789862e-15,1.55232806180993e-08,2.44469318928625e-09,-2.50867224489884e-16,-5.32907857757232e-17,-2.72772788685881e-08,-9.70774004449571e-08,-1.92871731799542e-09,-1.87680363234616e-16,7.61150894368889e-17,-2.52773163390673e-17,-9.42642180031449e-17,-2.79131708881307e-16,4.3362822802937e-16,4.92167012851423e-08,-4.58387008155783e-08,-8.6770737911091e-09,-9.1924321894546e-18,-1.40794539159824e-16,-7.02246178078012e-16,-1.38176538640744e-17,-8.18140904403839e-17,2.25911841168742e-15,2.47833560294409e-16,-5.00637298998538e-17,1.89394931671616e-16,6.74015612199032e-17,-2.4093283802349e-16,8.44575901772461e-16,5.19109674000442e-17,-4.59419195780325e-17,4.48934340734762e-09,-1.31749989107673e-17,-1.31636388616069e-15,2.35258127530638e-17,5.986665679183e-08,-5.37309377293831e-10,-1.10944715027783e-16,-1.50907003771209e-09,4.91795763207351e-08,9.38239881423297e-17,-8.43951243489049e-16,-6.37506360775968e-08,1.50759179837356e-16,9.065385455832e-10,1.45279298589271e-16,1.64491078624268e-17,-7.41218059981272e-18,-6.42543642722606e-16,4.62010577273442e-10,-6.14332803749212e-08,-1.81617840969395e-15,-1.25260007297213e-15,-3.96303554152228e-17,2.1495901421128e-17,-9.49306636789803e-17,1.5899674449727e-16,1.8079853656154e-16,-3.62953056696341e-16,-8.90433298543474e-10,6.38627398489546e-17,5.86195865617114e-17,7.11278591036806e-18,-3.60971628017363e-16,3.56080833051316e-16,-9.79897979584473e-16,2.0260469103646e-08,3.42453994643501e-17,1.53671694262435e-16,-1.60969750561489e-08,4.38641391396884e-16,-3.67264539113588e-15,6.6546368961391e-18,5.52869248775478e-16,-3.15322297839542e-08,-1.14220845977655e-16,1.90890707790042e-08,1.17949812174499e-16,4.74222589325327e-17,8.0664494035453e-16,-2.45447356521271e-15,1.13554041836725e-16,3.90953989744684e-15,-8.03868649201453e-10,-5.72985589094908e-16,-1.98164189785121e-16,-6.68143643287867e-09,1.12385768537157e-07,3.13034893536677e-17,-8.59165035142934e-08,-1.29216763636787e-08,-1.66235406959067e-16,2.39789149404669e-15,-5.53978601648487e-16,-6.66989397407918e-17,-1.12301962747639e-16,3.09320753555822e-08,-1.80148283207698e-15,6.78865524953808e-16,2.10308762539721e-16,-1.34485199487816e-08,2.22510347514558e-16,1.07589834572725e-15,-7.22725023732711e-17,1.47611431139982e-16,6.80663665350266e-09,-4.77651069934377e-17,-2.79541904372217e-09,3.29302946617888e-17,1.73270722939909e-15,3.31083649845565e-16,-1.11800392091695e-18,-4.08296389516893e-17,-5.18788543853905e-17,-1.49871034773528e-16,5.70601949247881e-08,5.13499992283326e-16,-2.64173095945834e-16,-2.49479358048732e-08,1.52112106719649e-15,1.45549655329992e-17,2.58895734928349e-16,-2.00903033987392e-17,2.00332768491177e-17,-2.5965648605479e-16,1.54350428378229e-07,-1.34578590172499e-16,-3.89966610626386e-16,-6.41054100359306e-08,3.08566664680765e-16,-2.11826353029261e-16,1.76225257291602e-16,1.00538712425762e-16,2.13561951428901e-16,9.72787855536564e-16,-1.43432222311201e-17,-3.17825328613325e-16,-2.44282359671245e-16,-1.35357047422893e-16,-9.52256277593687e-18,4.08187438109656e-08,-1.38514347150983e-07,-3.18287073178168e-16,-5.00637549962341e-16,-1.73443684789734e-16,1.8016144414527e-17,-1.83412868589131e-16,2.7627293384121e-16,7.68519287684091e-18,6.34872893230625e-16,1.02360836345321e-08,-5.32763628869623e-16,-2.58222458032518e-17,-2.75002396681345e-16,1.51335837918202e-16,-1.45195399340914e-08,-2.52962593440383e-16,3.420171068526e-09,-5.21972614662823e-16,4.15280619038424e-16,1.91332175989553e-16,-1.32202438823494e-17,-4.43749626667171e-17,4.78582674990568e-16,2.67887128487598e-16,2.99089053160856e-16,2.09745240343075e-16,-1.48742715685855e-16,6.55188813075254e-16,-1.01733573846643e-16,-1.20111943987052e-16,2.61399654021834e-16,-1.1234846881792e-16,3.89778901535516e-16,-1.3553768500992e-16,8.5247423510557e-16,-1.22343783090598e-16,-6.16589641094051e-17,-1.6097569365994e-15,-6.008548606853e-18,-3.70232992828707e-16,5.19446990683439e-16,-4.65368049917397e-17,-1.93343067386962e-09,-2.91684030346862e-15,-7.22539676643052e-16,-2.06369771868026e-16,-3.73081662650879e-16,-3.5640652314505e-16,1.23099637401049e-16,2.82641862769735e-16,8.40828582735289e-17,-1.88638287247747e-16,-6.23497628450526e-17,-4.44791355894177e-15,-1.10874073427602e-15,-1.09791889703033e-16,2.76666769461472e-17,8.30223820234924e-16,2.02568489609713e-17,-4.0372638569205e-18,3.52285128579535e-08,9.24394307468245e-18,-1.18728791176898e-15,-1.64901049782001e-16,8.18080101000806e-17,-1.64141151115504e-15,-3.28156393459865e-16,4.3415520879149e-16,9.60698353558665e-16,-1.26198015636e-16,-1.15280287167311e-08,-4.27945315121746e-16,-9.19576699567054e-17,-3.77745645524256e-16,-4.64855021026287e-16,2.03105248097518e-16,-3.71973655139153e-16,4.61208081537751e-16,-5.09617299598388e-16,-7.53663411152959e-17,-2.26134392791969e-15,-4.09172362961084e-16,2.55740657415499e-16,3.98610419745006e-16,-1.06986948384853e-07,3.35978570140334e-17,-3.67415516464056e-16,-2.14195219408767e-15,-5.3463903436856e-15,4.9199700672272e-07,-3.51557608290054e-15,4.22639918996188e-16,2.5230423842142e-16,-4.80061853350349e-16,-5.21687946800339e-16,2.18719792192617e-17,1.98424909144073e-15,-1.99460217210846e-15,-4.50323144435383e-16,-1.10819674890522e-15,-2.04363201647784e-15,-2.70775303706926e-15,2.37444389185816e-15,-4.35950932608684e-15,8.32358960742593e-16,1.86635138063833e-15,-9.22367427168702e-16
"t20",-0.00771858484560379,0.0228746413455186,0.0261648700331062,-0.00815390234702146,-0.130358883134777,-0.0288515429813433,0.0185848373425502,0.000297338558672187,0.000983978291367473,-0.00214438070208567,-0.000578825657694941,0.00344650926365518,-0.00505016217721093,-0.000491416274149548,-0.00341597691152342,-0.000945968561908403,-0.000880455771790956,0.000369383592431604,-0.000327702689588792,0.000239246336845736,-0.000882602088704024,0.000182780062423108,-0.000382122219289767,0.000790836886995351,-0.00012416242682167,0.000288301219740537,-0.000359006971376533,0.000331538452067069,-0.00285077081518072,0.00719594528070383,-1.71584807906181e-05,2.4030461602789e-05,-0.00103444627288153,0.000166223425258022,-2.10731771101969e-05,-2.2685749508694e-05,-0.000104297829879841,6.04567854742638e-06,4.78351306060779e-05,1.24509411964399e-05,0.00058078122683959,-6.48747663123455e-05,6.41855651624096e-05,-5.44043406054662e-05,0.000277419750384423,-0.0967816195463066,1.32674700929871e-06,-4.63194986074718e-05,5.18984656797547e-05,-0.00010886767993979,0.000117062119946965,-7.26556219885035e-05,1.01461131625839e-07,-3.48530772756778e-05,1.20610791197805e-05,-0.000126418840062659,4.94790027410249e-06,-0.000342367923217538,0.000116749157747182,-2.58230316799607e-05,-3.64748163147816e-05,6.09804449637252e-05,-0.0368107236890113,-0.0046240892059433,2.40891796718178e-05,-3.90884378566924e-05,2.78877262643363e-07,-4.14668496093681e-06,6.9132855957758e-06,-7.64371912547638e-07,5.68623154979984e-07,-6.1350980159056e-06,1.7640189178966e-06,2.11409691359974e-05,-9.18571603802039e-06,-7.27691393371614e-08,9.29728369918749e-05,-1.25186171267801e-05,7.69181028416766e-05,0.000115157809974409,-5.48410127438445e-05,-0.00092986872242622,0.000572090755427006,0.153594302147485,5.16780293312791e-05,0.00158623153356592,-0.000206408920987522,-2.63510723415051e-05,-0.0242381998113543,0.000239742979774821,-3.89439347854868e-05,9.62590196210002e-07,4.69406666095674e-05,-0.000505422814669682,-1.73591582032456e-06,-9.88919974210304e-05,-1.16092748493462e-05,5.73761082971715e-05,-0.000475724146259663,-0.000127042300998298,-2.80115487144036e-05,2.41306020048135e-06,-3.84555635653487e-05,2.16779160416592e-05,-1.03710290541306e-05,2.36132330101826e-05,-0.000742279962404178,3.69410710927114e-05,-0.000143688616377924,8.63042912506343e-06,0.000239959307351163,0.300886088836364,0.00133558772507968,-4.4258095339769e-05,1.0719348872603e-06,-0.0985166578050011,-1.85870723319167e-05,-8.72346352532173e-08,-1.49126345516334e-06,7.91200107722419e-06,-7.28703309119894e-06,1.52844736047731e-05,-1.73145105720998e-05,-4.7824850986707e-05,2.95837825607343e-06,-3.43434715217089e-05,3.52851377255742e-06,-6.26837704640537e-06,1.41215906765449e-05,0.000466273606602567,1.50464377399677e-06,4.81397248615993e-05,-9.30780477715632e-06,-1.20127912164635e-05,7.72254343783995e-07,2.1334852461666e-05,-1.4669416311477e-07,-0.000124079468581363,0.000112043359562022,-0.000350792850844202,-5.52794395261523e-05,-0.0150801065360531,-0.000291518125846379,-1.25804048874663e-05,-6.6019704212351e-06,6.00075958110111e-07,3.90628269626861e-06,4.00826635343166e-07,3.55754960647222e-08,-1.2618083460208e-07,-3.67155259687538e-06,-6.5759653769278e-07,-2.68122851456706e-06,5.78093235911839e-06,-2.22811097820464e-06,-2.00348788122841e-07,3.0705381225198e-06,-5.37137995982848e-05,-1.62154397607435e-06,-5.52761614692751e-07,-6.16579964925418e-05,7.07972487429907e-06,-5.94116262202572e-06,-0.000173749423660495,0.096615132129995,5.80110185455508e-05,-7.21921584558106e-06,-1.17350071244892e-07,-5.75975667454356e-06,-6.28793360493872e-06,1.1222033558237e-05,1.90688164820591e-06,-1.35660173428875e-07,-2.21965357815629e-07,-4.80914279868553e-07,-5.14642098957682e-08,-3.59581958668168e-08,1.26618139144809e-05,-4.03556040222131e-07,-3.29419337203373e-06,1.14275256564303e-05,5.09231959851931e-06,-8.16744111052775e-07,-4.5424216033844e-09,-1.03886367610038e-07,-3.77661462152834e-08,-4.31496285684828e-06,1.19947667028269e-06,5.40238166540992e-06,-9.37421337317787e-06,-1.68111762982564e-07,3.26092090468596e-07,1.31560315441866e-06,3.17427116058312e-09,2.32186546265262e-07,-3.37295141756235e-07,-6.24661266021454e-07,-5.957557307506e-07,3.76372557199165e-07,1.62914600774266e-07,1.62574514367884e-07,2.7068828344939e-05,-4.40279676358258e-09,-1.00968766525235e-06,-1.15116768480101e-06,-7.59424132541615e-06,7.34655296652409e-07,5.10576995754717e-06,-5.38712243581092e-06,-4.37007832689222e-08,-2.13792968924797e-05,9.21933218756758e-06,-2.38091280217699e-05,-2.22959812850457e-06,-2.41948228254339e-07,-0.000792378419914047,3.6415569810779e-07,1.71340334456102e-07,-3.00944808265836e-07,-1.452272537735e-06,-7.83058713001976e-06,1.18847668772962e-05,0.000241806436822336,7.28250240082804e-06,-2.10566493716908e-06,-0.00162581615285058,-1.09270008515992e-06,-5.63588682181963e-07,-8.35954033691121e-07,-5.97968355322995e-07,2.21979099036064e-06,4.15195500908581e-07,1.54215639333782e-07,2.47515512468092e-07,-5.623150954007e-09,1.06929645322791e-08,2.25529351731189e-06,6.41186143899753e-14,0.214712748610797,5.60030447212704e-05,-1.80731640803782e-06,-4.89180791805932e-06,-3.89240166456826e-06,8.69038787514468e-07,-7.71597059617489e-07,5.44556063950418e-06,-6.75410966762186e-08,4.97067514536741e-09,-1.72849544619898e-06,2.48098139547428e-05,-2.10665118042699e-06,0.00283834194228428,1.49940406007185e-06,3.08599421739898e-08,-2.35207308866364e-09,1.18782504291431e-07,-1.16820806132686e-07,1.83974695855075e-06,3.08838205102186e-07,-5.92607455428802e-08,1.27677277785937e-06,-2.45907236250043e-07,2.67771921220105e-05,-2.22872127086914e-06,1.31614680282786e-07,-4.47141728677031e-08,9.58764770264866e-09,3.51258726804834e-06,-1.47953499748319e-06,5.32028789004069e-08,2.11576161066961e-08,-4.51082910796482e-08,7.24348424909118e-07,-7.85969997768509e-07,9.23862992526905e-07,-2.35394548518119e-06,1.79048305147585e-06,-1.28608917210961e-07,1.53185641386543e-06,-1.0339698292302e-07,2.98267865149878e-07,-9.26069951558424e-17,-7.14995134109443e-07,-2.44087481079913e-08,-4.20237566057794e-11,-3.54584826519159e-07,3.27935087538832e-08,-2.00788752050131e-08,-8.75559846849926e-08,9.38404306281475e-09,-3.8676363921876e-05,9.46605547268403e-07,3.62221320788036e-08,-3.02836203185805e-08,3.86566947879379e-07,-4.63774344553783e-07,1.90697745010499e-06,-1.97913593774143e-07,4.120415748201e-07,1.09718779319287e-08,1.10633832279002e-08,4.17753456460602e-07,-0.000310828041121175,-4.49607908104667e-09,-8.39770471038137e-08,1.68566245063395e-07,-6.35433257724191e-07,4.26920052364591e-08,3.94813822840937e-08,4.06743537342736e-05,-7.27931905956747e-08,-3.33775456620927e-08,4.90831034337285e-08,-1.60800034689761e-07,3.86349935162379e-09,3.41283182349803e-08,-5.83940035275556e-08,-1.01206126240255e-16,2.22323822989032e-11,5.36582996537505e-09,1.188317904541e-09,-4.82006883928545e-09,-8.48986979377291e-10,-1.72936633002506e-09,-5.83761389682558e-09,1.17154732600926e-07,-6.74590712749791e-08,-8.14424460501879e-17,9.35361522049098e-08,1.56770731146442e-07,3.74060275713149e-09,-2.38259025458769e-08,-3.54451058655171e-08,2.65084826647756e-09,1.15303403733146e-07,-3.32809183485819e-08,2.43294955882659e-07,-2.75460596927066e-07,8.28852409285128e-05,1.10684177857434e-07,6.008651312479e-09,1.17151231186493e-09,1.18391382783314e-07,-9.66327305224798e-08,1.34580870392625e-07,3.97711426924401e-17,5.97018183121543e-07,-4.81073990578276e-08,-1.38678090796745e-09,-1.30452222279424e-08,3.25590960266988e-07,7.54537970782458e-07,-5.23102303542549e-07,1.9110975401041e-06,7.24127673222893e-08,-2.97651454552725e-17,1.35811725268394e-07,7.15458710959201e-08,1.7860004072102e-07,-1.37807670249594e-16,-3.49045516233146e-07,-6.73313041968095e-07,1.03243183060551e-07,2.93678338240492e-07,9.99203692323648e-08,5.4541274191807e-08,1.99232623128145e-06,-8.55008041649589e-08,-0.000315209000172607,-2.86537515354573e-08,-1.17248578547313e-07,-2.2488936539823e-07,7.00445825720641e-17,9.88595020028e-08,-2.53150341017112e-07,-0.0001477044576482,1.50717328289929e-07,-9.44835337625852e-17,1.60660253158018e-07,-4.20006655684627e-08,7.87843798421466e-08,3.98023268793183e-05,1.81480069629544e-07,-2.61034421749408e-07,2.71898024338895e-06,-4.12619496119838e-07,-9.06991036840648e-17,-1.61129056096913e-06,4.10736783948455e-07,-1.15724517125018e-06,-2.06812920780926e-06,2.10434693895282e-07,1.41927285206767e-09,-2.40018881785076e-17,1.27929340176184e-16,1.40813843554306e-09,2.43731099161694e-07,-3.22289362714493e-08,2.51009167272394e-07,-8.39015288585411e-16,1.25166966137141e-07,1.51336495156998e-09,-3.15550077959527e-16,-5.31147927701841e-17,2.7157755444363e-17,-3.58274214277093e-07,-1.0900969608322e-06,0.00171588468573077,-7.40572603866406e-07,-3.76421251700917e-07,-8.45365102853614e-07,4.88706217805976e-07,2.84729913166149e-16,1.14551928291947e-07,-3.27443947629718e-07,7.45028283420342e-17,3.03857138110039e-16,2.1799471706432e-07,8.979552017824e-11,1.32705029334332e-07,-5.50600234516129e-07,-1.34862883542527e-07,3.82277775720806e-08,1.92095731634526e-17,1.29090651328562e-07,-1.00804094686036e-16,4.45226901004358e-07,-2.06386296295407e-16,1.55517817639979e-07,-9.42105392359319e-18,-5.98276448467686e-05,-1.68051476264122e-07,-5.48104634136991e-08,-7.24439150214528e-07,-4.76402641339988e-07,5.52456671407015e-08,-3.53440563882822e-07,-9.44090423296957e-08,-4.59336693385958e-07,-4.25867606877184e-08,-1.28451603279819e-07,3.66912005931821e-07,4.80789168652608e-07,3.9383497457917e-08,1.80175805739299e-07,-1.88902221013169e-17,-1.71110110459968e-06,2.99048373987807e-07,-0.000180360773175924,-1.68133364871974e-16,-2.14607718166453e-08,-5.91153385685813e-07,-2.12877141508647e-06,-3.04139585254186e-17,6.85473733390157e-07,2.79002072084919e-07,-2.50253590362398e-16,3.71187155195821e-07,-1.14142799020954e-06,-8.01115207338625e-17,5.48243475830418e-17,4.25398902056675e-08,1.72760730703632e-07,9.91192565624083e-10,1.38655811783595e-06,-3.7518035427233e-07,-1.46337532997978e-07,-1.06745347224811e-07,-0.000122192591610708,2.30537356595027e-06,-1.2022727190245e-15,-6.35020589243469e-09,-3.30630249148688e-09,-9.17342503979179e-09,-8.64160160052893e-07,-2.27386569608967e-17,1.80195843768964e-16,-2.86958190186464e-07,-6.90808698384606e-17,3.63252959396807e-17,-0.00199559755188588,1.80814757372248e-06,4.50138062818091e-07,2.03346724359554e-08,-1.27875658821357e-05,-2.47142079509658e-06,-6.99069508822207e-08,2.42447601944567e-17,-1.70213279028802e-07,-8.01119814405241e-09,-3.68523235337081e-08,4.96883740713185e-07,-2.00275197404866e-06,3.16304451221445e-16,-8.09616974981363e-17,-5.40822881400043e-17,1.36197535024443e-07,8.75488723350884e-08,3.85556033611874e-07,4.0624657787465e-14,6.79771542307945e-08,-1.95537901277359e-16,-7.06598658727205e-17,-8.83773450554663e-06,1.941713635732e-07,-1.61819674201966e-16,4.83686128628174e-07,3.32889956481052e-07,-9.54202733962633e-17,-8.86496370320867e-05,-1.73436600818369e-17,-2.07214533581938e-07,-3.99024084546635e-17,-2.07073789252887e-07,-1.79471420152874e-06,-8.61287994257133e-08,-6.13399116981547e-08,-4.2299140640272e-07,2.84371615574696e-07,-6.06845831552311e-07,-8.55696952973239e-18,-5.43259620373517e-06,3.07567613740749e-07,-2.12229365319926e-16,4.06851444977823e-08,6.31037701911439e-07,-1.95365865253302e-07,-1.27880259262448e-16,-4.84266406610419e-07,-8.51311137338493e-07,-1.97822452781962e-16,1.61677419790511e-06,3.58687222078599e-07,2.5000353824814e-08,-5.04445138570479e-17,1.03779397773326e-16,-3.46685496193581e-07,-1.07361945583077e-07,-8.70636338530644e-09,1.94781202856839e-07,-6.75927284505324e-08,1.52446810406766e-17,-4.64574841204257e-16,-2.48172245490844e-07,-1.71186905923837e-09,8.78403119666896e-17,-6.05989301990811e-07,-2.95075515160588e-17,-4.18821840040336e-07,1.18563444796484e-07,6.93386495751101e-08,4.61340906786649e-07,1.0300062961409e-15,1.84995115118608e-17,4.21591806507241e-17,1.34032282079217e-16,5.06812858052546e-08,1.76270565481729e-07,-1.34616549723002e-16,1.359503533034e-16,-7.74559921182465e-18,-2.50538690937216e-07,-2.26104389474212e-09,1.25942680845694e-07,3.739435354407e-17,-3.08325179691394e-16,-4.69079939388426e-16,4.24834571216717e-06,-1.72313985629472e-07,6.10305379956296e-17,-3.07025848764573e-08,8.08289354338214e-07,6.54068149164023e-18,9.10480982051551e-18,4.28530626884495e-07,4.39588417650726e-09,2.144629919457e-07,4.48524384190267e-18,-2.44983995812234e-07,-3.59779808206863e-07,-3.90633361403969e-07,3.62449654467901e-07,0.000115839840648257,-2.12093613017203e-08,-4.015630828719e-16,2.86112338949751e-16,-5.48895787924671e-17,-4.23047060372063e-07,3.83314477215113e-07,1.09862529159875e-07,8.91704284580434e-08,2.20449884161427e-16,3.73317833932669e-18,-8.59398243965234e-16,3.60946867855521e-17,3.37805424417885e-16,-5.82092595742153e-07,-5.63414160909261e-17,-4.9975257528026e-17,7.21696201233331e-08,1.60799225612517e-17,6.4649645503404e-08,-1.0842021724855e-18,8.02462433376614e-08,3.39976975919251e-17,9.94619383094315e-08,1.25172144164727e-08,1.52365412191349e-06,-2.38116846733311e-16,-4.09581536832592e-07,-3.34213626528535e-17,-5.94996708065325e-07,1.42828843198795e-06,-5.98261660074096e-09,-1.42006939093483e-16,-8.83834924983178e-07,1.56428252192266e-15,2.21712642319035e-07,1.25269440260494e-06,-5.40391706663449e-17,4.77977386593369e-17,-1.19378583937301e-16,1.08203017930751e-16,4.27764908831258e-09,5.59570928269633e-08,1.25612553869471e-08,-5.69468990955253e-17,-3.33871318347658e-17,1.80221619614681e-07,-1.47178714078652e-06,-3.52596048880769e-17,7.51031704146352e-18,6.07394527784944e-08,-1.82004962118081e-16,4.33480219638832e-07,7.23835337247501e-16,-4.17755568111301e-06,1.18964838904519e-17,2.93422414537862e-17,-2.392043744086e-18,-4.72776769582683e-17,1.50131130104521e-17,3.63720903669497e-18,-1.1077591601766e-07,7.75157900836699e-07,4.09250431366185e-17,3.94882086341041e-07,-1.51168285687119e-06,-6.57450696637383e-17,-4.43302036398076e-17,-7.17861640906919e-17,1.38200682154388e-17,-1.53224976014163e-07,-2.46652551192999e-08,5.32974886844159e-18,7.30187673188387e-17,2.82151169379196e-07,1.00745275561953e-06,2.02403696548561e-08,-4.1633860141181e-16,1.16050601740013e-17,-2.92888643772637e-17,-5.28476950141986e-17,-1.80043931893626e-16,4.25565044138493e-17,-6.29888638701541e-07,5.98808518127519e-07,1.15727921723881e-07,4.36009496661418e-18,1.50053130263427e-17,2.47731765453787e-16,4.73313486641081e-17,6.06500750242114e-17,8.34443899134796e-16,-9.04375175210694e-17,3.47208799885126e-17,-2.10487100078201e-17,8.75677216281335e-17,-8.44824645338314e-17,-1.82163555571313e-16,5.0554115636798e-16,5.28288983353969e-17,-9.16950258466148e-08,-2.65902525317139e-16,2.01898175818539e-16,1.15357736762588e-16,-1.31369162406595e-06,1.19957634813195e-08,1.51479976322817e-17,3.40583724280559e-08,-1.22421996889517e-06,1.26172454231655e-17,-4.55047924218494e-16,1.81876943495935e-06,-2.95932115226672e-16,-3.14472910110699e-08,3.39317354750099e-17,7.23338939630001e-18,3.68232680375959e-17,3.05591157115967e-16,-2.41626198516481e-08,3.32669596113019e-06,-1.04449367154411e-16,-5.90019012828376e-17,-3.65945893322634e-17,-1.21386185032712e-16,9.28177190356284e-16,4.88418037727426e-17,7.23783193129898e-17,2.03124112772856e-17,-6.10395833808186e-08,-6.58078399803118e-17,-3.17815407725256e-16,-4.03752692444971e-17,8.98013316415167e-17,6.35630869147264e-17,8.87612608508233e-18,9.40860653804154e-07,6.05614297972702e-18,-1.9692233117997e-17,-7.05800400466415e-07,-5.63486676631465e-16,6.62540983997995e-17,-3.1184018923605e-17,-2.45611946920031e-16,-8.38601487707812e-07,2.40149310142469e-17,4.74579380509207e-07,3.15388990274047e-17,-4.72786556402e-18,-2.13101843100055e-16,-2.88023729734032e-15,-1.03702664783685e-17,-4.99787930663572e-16,-1.76490197532852e-08,-2.58024857987869e-16,1.45311058458287e-16,-1.34679382958805e-07,2.25608959545022e-06,-1.21730177630011e-17,-1.61204549639487e-06,-2.37592435710241e-07,-1.04761143779139e-16,-2.02992880855525e-16,-3.33723399863603e-15,2.48261791366246e-16,-1.23794505775986e-16,4.39793342499922e-07,-1.14296418414411e-15,-9.25875845879535e-17,5.00636814463633e-17,-1.80782718683357e-07,3.17491240955557e-17,2.790097489504e-16,-1.30494159035743e-16,6.16341988618818e-17,8.53756049735877e-08,-3.31132206639206e-15,-3.43559959361908e-08,6.23121735361462e-17,-9.88457188848269e-17,1.36292537418098e-17,1.86144756183192e-17,1.16457461966092e-17,2.74847446405485e-17,-2.12846571167467e-17,6.34041784362737e-07,6.91939419987659e-17,2.9278156005997e-16,-2.70818010317821e-07,-7.87018318159715e-18,5.54293874357026e-17,1.09817936211593e-16,-2.25839683954559e-17,-4.06820448100705e-17,1.72289659463435e-16,1.5628188121365e-06,2.57577335615508e-16,1.41617714543257e-16,-6.3019886693117e-07,-3.55073485097612e-16,6.334415834756e-17,-1.51095378581772e-16,-1.08170205777698e-16,-7.26224491681533e-16,8.79704625711405e-17,-2.8112589821686e-17,1.20083928853571e-16,2.22466675583765e-16,4.45120929924523e-17,-1.65698768970926e-17,3.62669407122308e-07,-1.2167266690908e-06,-2.96783729832617e-16,-1.09999507215815e-16,-1.48249069551052e-17,1.29363707528788e-16,-4.74768925121579e-17,-7.14307028748903e-17,9.63139407430803e-19,8.42087796850051e-18,8.49136933958832e-08,6.08485085567358e-18,-7.29850403063713e-17,-1.89138435402699e-17,6.27565204261367e-17,-1.15051899449993e-07,1.69008892090975e-16,2.58075433388984e-08,-3.40816370443452e-17,1.09816289185796e-17,-2.03100574360674e-16,1.57279541230136e-17,7.1092568702989e-17,8.5993068333566e-17,-1.98319805681169e-16,8.52843847467147e-17,-2.85623971692389e-17,-3.85877749613281e-17,3.4157808675557e-17,-3.22362145903218e-17,3.12376302617416e-16,-2.37455173418536e-17,2.03913304896102e-16,-2.07000409674963e-17,-1.18302171293238e-17,2.68542807578571e-17,-4.08117797196876e-17,1.05489005781296e-17,-1.29293572059632e-15,-8.50221360356966e-18,-4.90107264426803e-16,8.24566635652338e-18,-2.4039215343215e-16,-1.24433262565979e-08,1.14155289931855e-16,-2.85817203809523e-16,-4.93772972921249e-17,9.39926332558761e-17,1.25412922307508e-16,1.97475906433554e-16,9.01959771535574e-17,-1.23027148604321e-17,1.06380720550884e-17,-3.56783894019092e-17,-9.82082842235908e-16,1.45898019724203e-16,-4.08217788569608e-18,-5.80937148974561e-17,9.30747631620306e-17,2.36178756956763e-17,-4.98990157530574e-17,2.06724177449554e-07,2.07364861030288e-17,1.95375264246347e-17,9.8188260828097e-19,-1.95205644969966e-16,4.64325948246308e-16,-3.62308761893158e-16,-2.13181238696703e-17,-1.09353950264962e-15,-9.64628209380795e-18,-6.21192330002048e-08,1.25398490203899e-16,1.54156223197504e-16,4.12984941413918e-17,-1.89142408563223e-16,-5.46096083022859e-17,1.28710908114654e-16,-2.44060715185057e-17,-6.16736474239957e-16,-4.38160578959678e-17,-7.45579406771772e-17,7.81765135711507e-17,-3.26909590078211e-16,5.29667671566274e-17,-5.33677980130133e-07,-2.52743209519295e-17,2.02549565611574e-16,-2.46549956148518e-16,-1.71393213119129e-14,2.3734228984667e-06,-4.35270457329546e-17,9.56445437745618e-17,-3.19937668216429e-16,-3.88338349558077e-16,-2.85440293415748e-16,5.50203697871449e-16,-8.59396366554247e-16,-5.95181346563296e-17,3.63230518429824e-18,-3.66277202273395e-16,-1.29986932615278e-15,1.26893542894087e-16,9.11963581392459e-16,-3.16194164236643e-16,-1.12983013102167e-15,-8.46999845096949e-15,1.01868130040751e-13
"t353",-0.00768144531038773,0.0226403190171689,0.025888000327747,-0.0080374662136123,-0.128065732935832,-0.0282526241811708,0.0181911603498511,0.000290517266910894,0.000957104931544368,-0.00207256955799648,-0.000553800768098617,0.0032592798365005,-0.00476691657979419,-0.000463390983101838,-0.00321168334793149,-0.000885639675318303,-0.000822791940159756,0.000344695627164298,-0.000305225048101529,0.000221207434125786,-0.000809730747426241,0.000163917702126655,-0.000339981470049137,0.000703011593560868,-0.000110307080905615,0.000254223469798256,-0.000315945765760818,0.000291325703851877,-0.00249331518151333,0.00607720059373718,-1.42496731025503e-05,1.96992770035627e-05,-0.000828698741926274,0.000130857891389479,-1.62435817737243e-05,-1.68279217804219e-05,-7.68182767562522e-05,4.41173059244102e-06,3.47634037375943e-05,8.96499245693486e-06,0.000410299473611996,-4.50374235558235e-05,4.40485961411516e-05,-3.72996536400714e-05,0.000187499874462631,-0.0616471746959119,8.27921398652204e-07,-2.86135080195227e-05,3.11109750550272e-05,-6.29729529730047e-05,6.41698479632125e-05,-3.87315793159302e-05,5.38575954668741e-08,-1.78075545253373e-05,5.65022346502204e-06,-5.83543179013026e-05,1.54222617053424e-06,-8.88241531958806e-05,2.95131535701834e-05,-2.33580549980004e-06,2.82283980204921e-06,-1.11155746107064e-05,0.0103754162061663,0.00143068027376681,-1.33418762712267e-05,3.36209323255772e-05,-6.25462401310201e-07,1.59428727914128e-05,-3.64986820260967e-05,9.55854473959697e-06,2.02236881122355e-06,-1.38805840700657e-05,3.81393686526452e-06,4.20739399757554e-05,-1.81078240269855e-05,-1.38991119901257e-07,0.000175451529023074,-2.23463670552241e-05,0.000123173762297862,0.000177361977438633,-7.93845742340163e-05,-0.00132884348742429,0.00074757750652043,0.195567334928687,5.89558342564791e-05,0.00175549156988384,-0.000221411558805012,-2.81219974005504e-05,-0.0258324793949724,0.000254651462386191,-4.08652697056557e-05,8.932980685757e-07,4.30322640523959e-05,-0.000424156765974645,-1.20666628585208e-06,-6.64262907608789e-05,-7.78516386550263e-06,3.49093517597373e-05,-0.00027794240948814,-6.18128484176047e-05,-1.11465453331529e-05,9.40081321205777e-07,-1.4616362011196e-05,-4.42727671469164e-06,2.75589960942184e-06,-7.46082368570222e-06,0.000304672558804194,-1.61810531049712e-05,7.01355315123847e-05,-4.89168633130679e-06,-0.000142319847316626,-0.226700689541225,-0.00103193993454406,4.16086435678197e-05,-7.46816038599179e-07,-0.212797016339483,-0.000144344791357526,7.91836838166824e-05,-6.46727266882377e-05,0.000142692226631327,-9.73048311219459e-05,0.000109149855999782,-9.69745619969077e-05,-0.000265754567584001,1.59720874719748e-05,-0.00015539806103556,1.57634616582331e-05,-2.48686384749953e-05,4.37204288141437e-05,0.00144035529059625,4.57400152781517e-06,0.000130167723967617,-2.46619909419807e-05,-3.13785485010409e-05,1.90943860000046e-06,5.23722803331495e-05,-3.25718135234319e-07,-0.000256651504770057,0.000212300571558299,-0.000663111327282265,-0.000103015489715112,-0.027900341401628,-0.000533164781623335,-2.29079535038928e-05,-1.20209774087372e-05,1.05914592227474e-06,6.48582992029766e-06,6.25289801947035e-07,5.4629237471853e-08,-1.87033463630736e-07,-5.42671369027624e-06,-9.58663758325347e-07,-3.87691723669615e-06,8.2808040891568e-06,-2.91334023092154e-06,-2.57892212582057e-07,3.90795606426182e-06,-4.84899355574501e-05,-1.28420130505996e-06,-4.27739868706103e-07,-4.1130520500348e-05,4.55687121962257e-06,-2.86614700900623e-06,-8.00727120678027e-05,0.0258836495732789,2.22469109285525e-06,8.09818428182881e-06,1.39395130419492e-07,6.94219428603869e-06,9.39182067439838e-06,-2.13966658094673e-05,-3.76528362802167e-06,4.38811017672651e-07,8.48097888339271e-07,2.74461608308588e-06,3.28442997127715e-07,2.43697067305846e-07,-0.00103481870709809,-4.8173002305794e-06,-3.3817724830251e-05,0.000104083056358262,3.55380277630502e-05,-5.26541632706004e-06,-2.73344540587602e-08,-5.89633097979999e-07,-1.82340885436874e-07,-2.01418374551007e-05,4.46738620331614e-06,2.0000633444342e-05,-3.27872582056892e-05,-5.16637489770477e-07,9.18563736947543e-07,3.60661644448666e-06,8.37469918412369e-09,5.96110515845984e-07,-8.02409332270756e-07,-1.46265769129844e-06,-1.3495147865129e-06,8.38654555710417e-07,3.18986818223156e-07,3.16284191637441e-07,4.95716844727213e-05,-7.54680776326128e-09,-1.39947245509565e-06,-1.5935516036281e-06,-1.02411088563806e-05,9.0404327737196e-07,5.81791228462255e-06,-4.56008355703386e-06,-1.35595476738309e-08,8.77856446806514e-06,-6.76149689269137e-06,9.29220053664714e-05,2.56214092378309e-05,2.88970031223974e-06,0.256143806867613,3.10635697440172e-06,1.29206577273723e-06,-1.56384044233332e-06,-6.61733865544494e-06,-3.45004491288334e-05,4.74061192533665e-05,0.000947799396539549,2.80313806675029e-05,-7.05830981092678e-06,-0.00150811785388965,-2.81373401202499e-05,-2.29415674050687e-06,-3.49149124289691e-06,-2.68337768031203e-06,1.05126965319119e-05,2.12573695986743e-06,8.76519421854497e-07,1.46072321266315e-06,-7.48547814028802e-08,-2.25548703391067e-07,-6.16999513991929e-06,-8.56698602711501e-17,-0.000327969678000939,1.27325035319711e-05,-1.9272919053705e-06,-6.58281656415364e-06,-5.77781532736771e-06,1.29578730253067e-06,-1.26502146264526e-06,9.02020624904169e-06,-1.12367147553918e-07,8.42111533284276e-09,-2.95812086707482e-06,4.31006199459106e-05,-3.6798476859805e-06,0.00496826567718385,2.650355772724e-06,5.57344625432385e-08,-4.26091714157126e-09,2.15487387078763e-07,-2.12042118928987e-07,3.33910991340722e-06,5.59840404321879e-07,-1.07306595313797e-07,2.30740206918388e-06,-4.44089799158277e-07,4.83194258595321e-05,-4.01706604262972e-06,2.36786373306109e-07,-8.04270780247118e-08,1.71539907807707e-08,6.2838186360325e-06,-2.64641560494984e-06,9.50133158411576e-08,3.77621174534973e-08,-8.0352829317188e-08,1.28982920751415e-06,-1.38148892397394e-06,1.62135115317208e-06,-4.1259736540223e-06,3.12924226331186e-06,-2.24237620322536e-07,2.65614536862211e-06,-1.78987611793249e-07,5.15639935658237e-07,1.66192063416447e-16,-1.23033126751525e-06,-4.19752355768464e-08,-7.21189071527648e-11,-6.05492978200652e-07,5.57509847659002e-08,-3.40619089855716e-08,-1.48370479333703e-07,1.56701350014313e-08,-6.45197892397582e-05,1.57869488573946e-06,6.01274004716404e-08,-4.95598688436945e-08,6.30970439006547e-07,-7.55590624064268e-07,3.08738106942562e-06,-3.11830573647649e-07,6.40657708650049e-07,1.70455985250217e-08,1.71835741680945e-08,6.234480672831e-07,-0.000434396222328725,-6.21652604443417e-09,-1.14154883265231e-07,2.23914373390882e-07,-8.37593639358739e-07,5.19625780077119e-08,4.76995857022276e-08,4.84446178811649e-05,-8.58116229872348e-08,-3.79059483984354e-08,5.30833505870008e-08,-1.6466409037369e-07,3.84921317998575e-09,3.22499885652267e-08,-4.74695578036509e-08,-1.48477340960623e-16,-1.42847406515429e-10,-1.36555744494108e-07,1.54296042271994e-08,-6.04340100152849e-08,-1.02759848684975e-08,-1.66444790944573e-08,-4.19512441965735e-08,6.71679135266581e-07,-2.9311533781909e-07,-7.9490882139714e-17,3.00263331912842e-07,4.91671924139447e-07,1.12269924057427e-08,-7.11701726491685e-08,-9.75405528889577e-08,7.04520399863789e-09,2.9424939492743e-07,-8.29588140911728e-08,5.81484110060124e-07,-6.37235275820953e-07,5.95363322869463e-05,2.52711283375635e-07,1.36124431896542e-08,2.62717928262378e-09,2.65233686215959e-07,-2.15172381765348e-07,2.98349814795661e-07,2.24302352449473e-16,1.28721184807717e-06,-1.03211475221367e-07,-2.97511199202894e-09,-2.76277737482103e-08,6.88298023174623e-07,1.56336853694222e-06,-1.07828297931828e-06,3.93547834540086e-06,1.4856606747297e-07,4.90563524844237e-17,2.77484191524194e-07,1.4595503360066e-07,3.62254001368327e-07,-1.93427241698101e-16,-7.03284808785435e-07,-1.35429812329003e-06,2.07467080846616e-07,5.8891864277538e-07,1.9954281824607e-07,1.08467308820852e-07,3.94391318930527e-06,-1.54633533560686e-07,-0.000467563593104307,-5.90183331939788e-08,-2.35951993073281e-07,-4.52337821280464e-07,9.22084069562744e-18,1.96448060288203e-07,-5.02296944829444e-07,-0.000292185778867853,2.96911894923264e-07,-2.47693340717675e-17,3.14028434042369e-07,-8.14623603908821e-08,1.52292949940031e-07,5.69406156670947e-05,3.4987921381951e-07,-5.01657943291516e-07,5.20069758149225e-06,-7.80844424632875e-07,-4.93482933270844e-19,-3.02255106532312e-06,7.69900688360864e-07,-2.16575328755726e-06,-3.86189794271565e-06,3.92885723070274e-07,2.64813924937989e-09,1.52375052307543e-16,1.07112658464463e-16,2.61763062120189e-09,4.51540390485899e-07,-5.96816103397551e-08,4.63279456388438e-07,-1.40854668979204e-15,2.28982053215698e-07,2.75392961840541e-09,-1.1790399670371e-16,-2.28655521578385e-17,-5.41574074920499e-17,-6.2534043519037e-07,-1.87158849686504e-06,0.00104836323695886,-1.51877470303356e-06,-7.6249211997116e-07,-1.62959643726204e-06,9.39496054554428e-07,4.37819259921101e-16,2.14879064723446e-07,-6.11588311452832e-07,1.09305718078819e-16,-3.61486631814155e-17,4.02793649477137e-07,1.65608481555699e-10,2.44195465817843e-07,-1.01178005382685e-06,-2.47222078128158e-07,7.00508564299181e-08,8.870561690133e-17,2.36436116300137e-07,-3.46677621644206e-17,8.14335993366736e-07,-2.85445548155485e-16,2.84172908597732e-07,6.19145736019805e-18,-0.000109192287082534,-3.06641862042261e-07,-9.9721570118364e-08,-1.3172661709648e-06,-8.66046225294178e-07,1.00327156848157e-07,-6.41298132136717e-07,-1.70968947927714e-07,-8.31816505566616e-07,-7.70764393563111e-08,-2.32241218442715e-07,6.62491124308756e-07,8.67155057840269e-07,7.09722836111588e-08,3.24557808874851e-07,1.21080278366561e-16,-3.0783873851462e-06,5.37359223644973e-07,-0.000109149405299222,-3.13091195333286e-16,-3.84407867672742e-08,-1.05705428419489e-06,-3.80416479110012e-06,2.06519637986486e-17,1.22458108301579e-06,4.97837479576546e-07,4.96760104068942e-18,6.61946850365128e-07,-2.02850841900747e-06,5.68232136510567e-17,1.1326284468001e-16,7.54947512713879e-08,3.06555921672075e-07,1.75775561910913e-09,2.45708558770251e-06,-6.63680174268693e-07,-2.58824171878025e-07,-1.88754929897781e-07,-0.000215468260686131,4.0532709033507e-06,-1.06960620156424e-15,-1.11493223150543e-08,-5.80349625760249e-09,-1.608615749851e-08,-1.51332726161044e-06,-6.3396238429103e-17,3.99000826493394e-17,-5.0140786144341e-07,-6.79966676659751e-17,6.52734939450438e-17,-0.00120466051829837,3.48159801027621e-06,8.65063804064356e-07,3.6806038989744e-08,-2.30922536778129e-05,-4.46099262370879e-06,-1.2586301463957e-07,1.53543023800756e-17,-3.02680133830606e-07,-1.42270329091379e-08,-6.54200343948925e-08,8.80544803671099e-07,-3.54038508816296e-06,5.51467167678917e-18,5.06604462416041e-17,-2.31860519673496e-16,2.40108978852287e-07,1.54189214180564e-07,6.78983379241185e-07,7.16179857393595e-14,1.19603872784845e-07,-1.74370663609077e-16,9.55483271693073e-17,-1.54963219789365e-05,3.40451868080322e-07,1.95705739682804e-16,8.47432036048604e-07,5.82981689613895e-07,-2.82811014338184e-16,-0.000155116519031864,1.09291153664471e-16,-3.62215079496104e-07,2.35234186357385e-17,-3.61937082018328e-07,-3.13670443367085e-06,-1.50519673053155e-07,-1.07186869860562e-07,-7.38968753952269e-07,4.96359972808846e-07,-1.05795626334065e-06,9.54180188116274e-17,-9.45733024941319e-06,5.35347621017066e-07,-2.15481971837383e-16,7.08017168139386e-08,1.09775409142704e-06,-3.39747975181397e-07,-3.58314948184284e-17,-8.41233335792078e-07,-1.47852039149287e-06,-1.01328459430752e-16,2.80714686193481e-06,6.22688892151136e-07,4.3378825206936e-08,-1.325186183142e-16,-5.63572631027827e-17,-6.0082208808577e-07,-1.85969338360354e-07,-1.50793639286137e-08,3.36633690872292e-07,-1.16777969725555e-07,-2.64465480533422e-18,-2.39657538144917e-16,-4.28658410223454e-07,-2.95675704186771e-09,-6.78511200022288e-17,-1.0462548745233e-06,-2.08339341361748e-17,-7.2282962585965e-07,2.04517845534216e-07,1.1960236409964e-07,7.95652596060916e-07,1.76878165647252e-15,-2.58443573427963e-17,-7.34167709362304e-17,1.95940226128139e-16,8.72948263386534e-08,3.0358132279043e-07,2.93643308408773e-16,4.27304328633884e-16,3.52972270358497e-17,-4.3132587087435e-07,-3.89196246193469e-09,2.16690658644216e-07,2.8083042417824e-18,-4.85431936587999e-16,-7.38986904750722e-17,7.2986096810327e-06,-2.96018411189984e-07,5.17063993122543e-17,-5.27137059284219e-08,1.38744305890694e-06,4.93666673048176e-17,1.97299911108735e-17,7.35181348541872e-07,7.54119200688432e-09,3.67797004662733e-07,-3.9244117150504e-16,-4.1991732418681e-07,-6.16505117895168e-07,-6.69104390883103e-07,6.20488473365165e-07,0.000198280571347165,-3.62936371013506e-08,1.79416315684575e-15,-5.98538428170207e-17,1.51498815500966e-17,-7.2279834804726e-07,6.5489762954279e-07,1.87664651149384e-07,1.52168487257604e-07,7.99190387395882e-17,6.44368377054046e-18,1.30965359911351e-16,-2.59216774806188e-17,8.18000397092995e-16,-9.92316288600719e-07,-1.39391302503316e-16,-2.28702032158884e-17,1.22981197310218e-07,8.05682648485895e-18,1.10164378559443e-07,-6.37510877421477e-17,1.36736408244169e-07,4.58788108771746e-16,1.6936201708928e-07,2.13105906797228e-08,2.59337507898883e-06,-5.57848067399289e-16,-6.96924185208481e-07,-1.02194361616637e-17,-1.0117364854885e-06,2.42655306215067e-06,-1.01636229112216e-08,-4.84587262463415e-16,-1.50098330171873e-06,-2.46768786997122e-16,3.76317240986646e-07,2.1261651234164e-06,1.98579935522778e-16,-1.08575988721289e-17,1.55249826353278e-16,-3.0249599495648e-17,7.25702684648999e-09,9.49197164741545e-08,2.13046119696341e-08,9.5146940778361e-18,-1.69072588129862e-17,3.05462341480858e-07,-2.49449675284362e-06,-4.00300944470132e-17,8.39465702016916e-17,1.02860693555472e-07,1.75966578364996e-17,7.33958330907028e-07,2.5508606752696e-16,-7.06973991746616e-06,3.70499742921157e-17,2.93670731105754e-16,-1.98476987211026e-17,1.31182000632846e-16,5.90581476157382e-18,-1.27930522386406e-16,-1.87275241932054e-07,1.31044674946484e-06,8.20163054738191e-17,6.67331575919791e-07,-2.55429021404243e-06,2.35931893490672e-17,2.40829534440277e-17,-3.51076643722958e-16,1.31750392245628e-16,-2.58738525715007e-07,-4.16440012581585e-08,-1.65215252863528e-16,-7.24811642287166e-17,4.7629574422654e-07,1.70063130778256e-06,3.41642824653594e-08,2.12448918980796e-15,3.02533375407519e-17,4.5304245089739e-17,-2.03216298396335e-17,5.45837035367575e-16,8.84182563099861e-17,-1.06195544350526e-06,1.00944541428285e-06,1.95067865414209e-07,1.02147866980359e-17,1.00179830329094e-17,1.33131595822069e-16,9.05901197536974e-18,1.08851953071267e-17,7.61905012184853e-16,-2.21327806544825e-17,6.28017162558872e-17,-1.3998568832948e-16,6.88110240441343e-17,-4.98964152315439e-17,-1.75365529625609e-16,2.39369523022788e-16,-1.09221894067507e-17,-1.54276877734141e-07,-3.69985933875748e-16,6.95803897921066e-16,1.53413233016829e-16,-2.20975401683162e-06,2.01768931517357e-08,-3.42916214330572e-17,5.72842639433467e-08,-2.05846118963727e-06,1.18583039024257e-17,-5.88513211651458e-16,3.05704242109628e-06,4.97595454815468e-16,-5.28338529788413e-08,-2.68920064014268e-17,4.33373217400673e-17,1.70907884983597e-17,-2.16560609153052e-16,-4.05664608264499e-08,5.58490125033031e-06,-2.0152215590384e-16,-4.46904326060289e-17,3.19563039795457e-18,-2.43777980199283e-16,2.63184632606208e-16,6.55791904580788e-18,4.05027754419161e-17,-9.93682933506006e-18,-1.02223412736533e-07,-2.41755077231862e-15,-1.3371437691326e-17,2.43516004528876e-17,4.07987150393769e-18,-7.46726900771753e-17,-1.66640982986695e-17,1.57483965563135e-06,6.25430761662218e-17,-3.18352974498347e-17,-1.18127506126645e-06,-8.75411641655546e-16,-1.97978246763876e-16,2.1399786441942e-17,5.24552066829293e-18,-1.40195439203952e-06,1.39318508101317e-17,7.93230446461692e-07,7.32806826680967e-17,-1.0414920478094e-16,7.80973739113168e-18,-2.18343091168558e-15,-7.76818126440332e-18,2.3286273109249e-16,-2.94871115284745e-08,-1.77577056789445e-16,8.16683909333875e-17,-2.24944637584667e-07,3.76811330625474e-06,-2.96286727400177e-17,-2.69170159757971e-06,-3.96684501439423e-07,2.4258914746636e-17,-4.33238457312705e-16,2.69965015785011e-17,-7.94925253761207e-17,-1.92099242642572e-16,7.33356262436862e-07,-1.79599846311921e-16,-3.17399734216706e-16,5.10394634016003e-17,-3.01358103852277e-07,-1.50912095356262e-16,-5.89219350775991e-16,-3.06391389498276e-17,-6.1422747715223e-17,1.42257199489742e-07,-4.07177928722819e-17,-5.72381725097565e-08,2.37145761956621e-17,-4.51393551155826e-16,2.78066163611024e-16,-3.19093456195053e-17,5.91338013514741e-17,-5.09030724301535e-17,1.41887769842322e-16,1.05559768535032e-06,-1.20541438186197e-16,-1.19215265484522e-16,-4.50799151141031e-07,2.25869206719448e-16,-8.7685299332384e-17,-1.8768713991843e-16,-1.45608723190631e-17,2.30690429320771e-17,2.05249405506994e-16,2.60003237559441e-06,2.57902596267253e-16,-8.70405236339356e-17,-1.04819571680765e-06,1.02893512560266e-16,-2.3500435668529e-17,-5.27582415373367e-17,4.35096781530242e-17,4.07904059700287e-16,-9.28518035219461e-16,1.85081035951907e-17,5.49233782871923e-17,-4.3813377978675e-17,3.28027095296088e-17,-4.76864792474267e-17,6.02680614265362e-07,-2.02172795236896e-06,9.38028861042534e-16,2.63853725961069e-19,2.76758182063266e-17,-1.14798621714948e-16,8.40658748342728e-16,4.26273656705846e-17,-7.77499383150168e-17,8.37729289562429e-17,1.41014668766324e-07,-4.66073747271221e-17,2.82794426037749e-17,3.55131055185024e-17,-1.11583188909532e-16,-1.90973895776273e-07,6.12391961459158e-17,4.28148543488934e-08,-3.80931850825415e-17,-1.29792390933501e-17,-6.28048132410494e-17,3.09067845378106e-17,9.93902454048607e-17,-9.10571464333172e-17,-5.99756084720181e-17,-1.83272493377945e-16,6.60884524887458e-17,-2.39510456327738e-17,2.59178721646672e-17,8.31951670486083e-19,-2.93150610715739e-16,-6.3427316854823e-17,-2.34754894091534e-16,-1.54490589052208e-16,9.63368506005169e-19,-1.22223517958898e-16,-1.41404062765442e-17,2.25835446927186e-17,-1.53341412283784e-15,2.56501548297237e-17,-4.35347696026679e-16,-2.62319627285156e-17,-7.03671741735206e-16,-2.06030377557413e-08,-6.7882254828461e-17,-4.44187914113773e-16,5.47061112664835e-17,-7.96965547763016e-17,-2.03038496745435e-17,3.57129422987171e-17,-2.90662618198479e-17,-5.77307858875745e-17,4.24051957089136e-17,-3.28594637534469e-17,-9.12918947475039e-16,8.55725182050465e-16,7.41036514265026e-18,-1.85203356017352e-17,-3.32561540931386e-16,-9.1250299133859e-18,-7.22335805062588e-17,3.41832083728583e-07,1.92186030615491e-17,-9.53894635341353e-19,-3.65315125597175e-17,5.54618973086828e-17,-3.97557155017851e-16,3.68660342796569e-16,6.7627123977043e-18,-6.39692473247188e-16,-4.20639270511245e-17,-1.02579237319542e-07,2.73386715324298e-17,1.44940504731377e-16,1.28923972222717e-17,1.04351119528603e-16,-2.37098463864492e-17,-1.21848213946746e-16,-5.91005410380418e-17,-4.64839749874737e-16,-1.42375295178461e-18,6.27609086543464e-16,-1.72274188273001e-16,2.13239932254067e-16,1.6645994378363e-17,-8.80085828793205e-07,2.39484576789124e-17,-1.32794166338193e-16,-5.95988316340597e-16,-1.33264710166233e-14,3.91154372257538e-06,1.03366355619962e-18,9.66203257297988e-17,2.35715945182392e-16,1.19718788468631e-16,2.46979034182393e-19,1.01560838896947e-16,2.95712628011808e-16,-1.76828809719262e-16,-6.68408360272596e-17,3.96480911051783e-17,-5.87656919047051e-16,5.34930558168183e-17,-1.07396953794924e-15,7.90559413436561e-16,6.58280247953409e-17,-1.08061854439452e-15,7.80242429525667e-15
"t655",0.029408156817033,-0.00612510886095453,-0.00650180800243125,0.000240305492915628,0.000688242479170229,0.00451321339579561,0.000827483042763871,5.05852265152832e-06,-0.0125524575601692,0.0211187790887818,0.00803469010433907,-0.00479229340187823,0.0109522179503561,0.00250060879000108,0.0848677238334374,-0.00272071322374637,-0.00203275331273669,0.000272124259111117,0.143246814290026,-0.0890010342321516,-0.00124722375271237,0.000213406597158349,-0.0192229578483644,0.000120176919265525,-6.78080274259942e-05,0.00335500835768688,-0.0139421123765859,0.000213550476862193,-0.00258632499077173,0.0122622496058569,0.00113452771338707,-0.0426789973172098,-0.000201193152197762,0.0368630015933672,0.00216324137234508,-0.155230595394675,8.23509633381247e-05,-4.4542386126601e-05,-0.0011481276516826,-0.000119790264810228,2.14009215751692e-05,-0.000525601532837009,9.58599247093855e-06,-0.000542407865312333,2.95646858066036e-05,-9.00312775839634e-06,1.78422490878707e-06,-2.73914547622895e-05,0.00141518266443326,-0.00264729231282998,2.99111497105922e-05,-2.79065392975676e-05,2.33009163575777e-06,-1.03018999958901e-05,0.000226722455421428,-0.000684673362802306,0.000101093755433047,-0.000355275346439292,0.00286175496653583,-7.28811947435121e-06,-1.20639484938602e-05,0.190438432206035,0.00018110779003018,-8.96979015022701e-05,-4.96527333896445e-05,8.01779550727314e-06,-2.28421134537308e-05,0.000233150699748634,-5.72708237971557e-05,0.000263687541110731,-2.32439832726473e-06,6.08578372037299e-06,-2.08072417390126e-05,-1.31638284231564e-05,5.51353266436897e-06,1.62193051883799e-06,-4.69486079856339e-05,6.72031582953013e-06,-0.00066663589090638,-0.000247633494983464,1.39994142897949e-05,0.00107138179902071,-0.000473914471244184,-4.58978660769381e-05,0.000114838070465093,8.80473020712067e-05,-1.30803381434513e-05,-7.78625704705343e-05,-4.45341317961723e-07,1.72312632547907e-05,-0.000141827134665805,8.94859886801631e-08,6.13730638040402e-05,-5.1229848709574e-05,-7.65419126744642e-06,-1.04583758678672e-05,-1.22758299019912e-06,6.03766594249487e-06,-6.50866796710759e-05,-0.000461185423290579,-2.60941345422108e-05,1.68471347377715e-07,-3.43540559580862e-05,-0.336763396790401,-0.000220185041477999,1.01616868011504e-05,-0.00174882881328001,2.03235081476197e-06,-0.000776408899864481,6.09150463806508e-07,1.94605840009546e-05,3.1891215526075e-05,-9.70983156559464e-06,7.68726256063766e-06,-6.47214703487107e-06,7.88230717563207e-06,-0.000327418212969293,0.000319347865206703,-0.000117581526140103,3.94034797211129e-05,-2.18203640798197e-05,4.04312666673779e-05,-0.000321222102314932,-0.000608168162125022,2.74263852321141e-06,-5.49609694382864e-05,5.6896856214475e-06,-0.000117488270374879,0.000124395375022086,0.00433558729669242,3.25200848597284e-05,-0.00645381222250825,-3.43745637429955e-06,8.71875281235465e-06,-1.1792615701543e-07,8.02435169228525e-05,-7.2398659004872e-05,-9.20587220833627e-06,0.000276872492936833,-0.000280751633434734,-0.000182315237294421,-2.00267409053931e-05,0.000172107404500746,1.06434958312934e-05,6.13731464346808e-08,-1.35259939431354e-05,-4.41186057797605e-06,6.8276754383994e-05,4.34307129824771e-06,-2.09029519163865e-06,-2.56953355450743e-06,-4.59582381537449e-05,-1.78614295100741e-06,0.000360988106419751,-1.29779974792859e-06,-8.19978822610805e-06,0.000121815118840225,-1.38535418581563e-05,-2.74888295263331e-05,-9.02276997293959e-06,-1.03202986782951e-05,1.49651519033314e-06,-3.97841004910977e-05,-1.44221851998743e-05,9.19621817911515e-06,-6.00759809606143e-06,0.000322681202939204,5.49592614538388e-06,0.000272989236951972,6.65143545853355e-06,-1.15483696137277e-05,-2.03177301790208e-06,2.34601727390473e-07,2.96885973870863e-05,1.45483678513525e-06,2.94948579653189e-06,1.28921574935596e-07,-4.66344602395993e-06,-0.000151790452432581,-1.99689957079636e-05,7.94165316269066e-05,2.05427708817542e-05,-4.21368310612319e-06,-1.64630207229547e-08,-4.89666980106864e-07,-1.53660886735422e-07,-0.000733138491595831,0.000163837829643783,0.000733547587012643,-1.54371794148319e-05,-1.98105962104919e-05,3.61524330851295e-05,3.80681347658715e-05,5.45005457733423e-09,5.29095585538263e-07,-3.51329178527801e-05,-0.000722164318909624,-9.94930775004373e-07,3.73784280118601e-05,1.58794957531946e-05,1.58162048340428e-05,6.35911145661285e-05,-4.56613582378416e-07,-2.38945539879763e-06,-0.000125244627431539,-1.5792671341746e-05,8.52646854081957e-05,1.24831693104737e-05,-0.00469231222159244,-1.11294695503715e-07,-0.00315335980492709,-2.99319331960855e-05,-1.71908952614937e-05,-0.000171897107050837,-1.46431024148957e-07,-1.76982186675323e-06,5.45398412140653e-07,3.50343396524818e-07,-3.25259843716273e-05,-4.29591340261842e-05,-1.98183121099608e-05,2.43517676108786e-05,5.40785756103107e-06,2.31689420845651e-05,-7.12818498782901e-05,-4.09761449045698e-06,-0.000388849925868034,-2.27596518857276e-06,-0.000174303521396347,-0.00014300741771246,9.55323864889717e-06,2.01433159412915e-06,5.15202351941986e-05,2.31990043110183e-05,-4.85065350967503e-06,-2.64398451083584e-07,-0.000122562849164434,1.95030082185347e-16,-1.25902605369811e-06,1.83305739556487e-05,-4.35569405227791e-06,-1.30846095865756e-05,-0.000207544781832873,2.90258952609019e-06,-6.6135132455281e-05,3.3139100176943e-05,-2.39653018848916e-05,2.27925879899006e-06,-1.91519546169995e-05,0.142278354018724,1.28905567410004e-05,-0.000956074886298219,0.000974717688130296,-2.68408798442809e-07,1.28523623248734e-08,-4.83502411948637e-07,2.81143644426515e-07,-4.27595629879679e-06,-2.719347157842e-05,4.16832808869674e-06,-1.60624661991916e-06,9.16149733660474e-06,-2.5558388361806e-05,1.19648573619213e-06,-2.59183936758037e-06,8.09453330506099e-07,6.49771523043335e-09,5.5562605538015e-05,2.08589938250129e-07,1.3924832404628e-06,1.33840154658995e-08,-1.88692693185446e-06,5.37815976836613e-07,-2.33998836580804e-06,4.24490250134991e-06,-9.20296397968577e-06,9.60378583780166e-06,-9.3571965388667e-07,0.00055629024133078,-5.56698482419436e-06,0.378553486083574,-5.23335159599587e-15,0.0082173914270966,1.18299673644916e-05,4.03064769108717e-10,2.29061911632231e-06,-2.54992335543944e-06,1.41396754017263e-06,3.8140122606442e-07,-2.63133492916319e-08,1.14229572714842e-06,-4.28632322243828e-05,-4.9791927996271e-06,8.03127558913345e-08,-6.69150241416525e-05,4.67462240455385e-05,-3.2462405607847e-06,1.3934531844871e-05,-4.7505401932885e-07,-6.82368482649324e-07,-1.2641547347855e-08,-1.85211365159646e-05,1.62108907279754e-06,-6.56654699068897e-09,1.79170728738905e-06,-1.74262806458011e-07,5.94717679991762e-07,-2.20260005687633e-07,-6.54340786653874e-07,-8.08747618183116e-08,2.30900674923914e-08,9.67876414903699e-08,-4.0807110990323e-09,-4.50016170256824e-09,1.4339130005784e-08,2.8525056442618e-07,-1.15499836391472e-06,-3.55126275036361e-16,1.26777754146718e-08,2.02997047721782e-07,-2.04927971262956e-08,4.12035691793533e-06,1.28981991572494e-08,1.0987928561752e-06,2.63417144815234e-06,-1.00844661827382e-06,4.5951391213822e-06,-3.46746717657391e-16,-1.42101827833323e-05,-3.27403429050658e-09,-5.0816700890255e-07,6.04630550481081e-08,1.1807532959766e-06,-2.89877815897443e-07,-1.16677576836767e-05,3.21623056670226e-06,-4.11894088283959e-07,2.29799351105062e-05,-9.25889964855586e-08,-0.00010556706986679,-1.16739552117194e-08,-1.73075000450033e-09,-9.0837448386118e-06,1.3983970767874e-07,-1.01478307570005e-05,-1.51807381185749e-16,-8.18262433468478e-07,6.54598216537708e-08,1.88686967658572e-09,1.76434650863035e-08,-2.26057445563509e-05,-5.10453244311692e-05,6.6359090789127e-07,-2.43008172173642e-06,-1.39281749159509e-06,6.06119428707475e-16,-9.12817995409504e-06,-9.13385080032784e-08,-1.19605223580487e-05,1.27046253159183e-15,6.68108240007692e-06,8.59235361768658e-07,-1.32032054020311e-07,-1.95493025034783e-05,-6.60247005280866e-06,-3.56182436360138e-06,-3.26747164425393e-06,3.71165772257089e-06,7.55048695468735e-07,4.27209231906085e-08,8.59507655095757e-06,3.13821435403439e-07,4.46587997076279e-16,-1.36143194931802e-07,5.12145257052547e-06,2.29304819980641e-06,-1.2752333142954e-05,-2.13203671649748e-16,-3.61696782215665e-07,8.13182217890689e-08,-8.57032565539384e-06,-1.5530779384582e-07,-2.18595711864574e-05,6.88289984434426e-07,-1.26193065128367e-05,0.26034015943497,-2.01288113528361e-15,-0.0103643098767006,-1.17471598586892e-06,-6.76281792522076e-07,-0.00010754594983526,1.89456814496418e-07,7.44185075700905e-08,-8.70588835341556e-15,-3.93355064354846e-16,6.48046193773881e-08,1.82107881236146e-07,-2.35898676894411e-08,8.23721902958897e-06,-5.91243093451403e-15,3.0006696585401e-06,3.1845483615342e-08,4.72603446403036e-16,4.77160092709678e-17,-5.40638922286295e-16,-5.2181086904157e-06,-3.89250606528557e-07,4.64253857718086e-07,-0.00232185399207554,5.1028474605508e-06,-6.55389618748411e-08,3.17096434384349e-08,4.39120302528084e-16,8.4904966865507e-09,-2.18758870303672e-08,3.1497887019932e-16,-7.12257137943376e-16,7.9868636951611e-09,1.38721689500787e-10,2.90204446174228e-09,-4.72153364602955e-07,-1.02796839055887e-09,1.2261227412008e-08,-6.26433323556106e-16,8.45058765208352e-09,5.81592752676341e-16,-1.45537613788662e-08,3.84037204142443e-16,-6.41446905354416e-10,-1.89620330414656e-17,5.36373714230481e-09,1.55392575590189e-09,5.32955080023707e-08,2.24121183509087e-07,1.02873600449884e-08,-1.37113464893206e-09,9.69494746126412e-09,4.2394585270768e-09,7.75429207928387e-07,3.61478435589746e-06,4.77516006822285e-09,-1.48508465609783e-08,-1.05649697658362e-06,-9.02202044198221e-08,-8.22770254685110e-09,9.85288731788632e-17,8.24289734112595e-08,-1.50588247592076e-08,8.91812623611702e-09,2.2207099700556e-16,6.21920346826478e-08,5.11240306129487e-07,1.6667033907177e-07,-7.09631197763764e-17,-4.07560568651756e-08,-8.62567751007536e-07,-4.44720180246494e-17,-3.00794658488919e-08,7.29648060818634e-08,-1.21202783071063e-16,-1.13119849385743e-17,-2.75648521328038e-09,-5.68885177731903e-07,-3.27778666395359e-09,-4.60591220465839e-06,3.6461265457033e-07,9.63252587655843e-09,3.58011270344285e-07,8.90200853470767e-08,-2.28199160860474e-06,-2.14003598911241e-15,4.24779221286117e-10,1.12805334675753e-08,3.12670844113693e-08,2.94225970011835e-06,-1.66720705466971e-16,1.60476348546583e-17,9.7512199183182e-07,1.64889958983911e-16,-4.89295917281303e-16,1.25864257308633e-07,-1.86492084131931e-07,-3.49204256023346e-08,-7.21853545368467e-08,9.0920045738619e-07,2.37605669370365e-07,2.54051759532648e-07,-1.79307043152294e-17,5.99792250346855e-07,2.8152300620522e-08,1.29392913655688e-07,-3.4244761180083e-08,1.37179855528337e-07,4.59043416061189e-16,-6.02534360036632e-17,3.86322691760531e-16,-4.68336539881563e-07,-5.91914280419663e-09,-3.8393702543924e-07,4.35782914439805e-18,-4.57288090127934e-09,-2.01305317240919e-16,-7.14188073934604e-17,7.71352625063399e-07,-1.93209803306018e-07,-2.69868400806873e-17,-1.84547214199639e-05,-2.16228784069377e-08,-6.91386026232083e-17,4.93343578211764e-08,2.87750831255584e-16,6.71637423608561e-07,-9.08599105614825e-17,6.70370575032529e-07,1.52065916113672e-07,5.50931583611265e-09,1.98183633310256e-07,1.36302420387787e-06,-1.79584510954887e-08,5.56420295485405e-07,-1.32698118279323e-16,3.32469855651543e-07,-1.8786075363766e-08,-6.58620720343834e-17,-2.47853159756716e-09,-5.06407295794341e-08,1.17931728266025e-08,-2.66874977775089e-16,3.8150865448036e-08,5.05864145538924e-08,1.8425039280193e-16,-1.41633835910453e-06,-4.88155509571335e-05,-1.45281156470677e-09,-9.22947177149884e-17,2.05694401986964e-16,2.62006381622015e-08,3.06261946988955e-07,2.47904947755137e-08,-1.05790293534081e-08,1.8347259112446e-07,1.17051265037066e-16,-1.22153944178999e-16,6.70364040302844e-07,4.62124330168501e-09,-5.40107486706351e-18,1.62234156929568e-06,-6.64788455978145e-17,2.21067343762308e-08,-3.11285215730167e-07,-1.81898478858906e-07,-1.20636858524934e-06,-8.27103934809779e-17,-7.7777641404852e-17,-1.55707715827881e-16,1.13649281236483e-16,-2.55968718573139e-09,-8.88089810665909e-09,1.85765192246465e-16,-1.35260577782077e-16,6.87990741656518e-17,1.2510514047835e-08,1.12464023906421e-10,-6.19748971904078e-09,3.17565022471454e-17,-3.70153665791531e-16,-2.17198102393919e-16,-2.66364975068187e-07,8.15115062817909e-09,1.22179540523812e-16,1.43063956919329e-09,-3.74280389032458e-08,-1.48181013063242e-17,7.28558975626631e-17,-9.80736312865519e-07,-2.64853017138361e-10,-4.85730927636464e-07,6.46007669301573e-16,1.4411192197972e-08,2.32504952692457e-07,2.49342210547575e-07,-7.76507590867747e-07,-5.51560045807928e-08,8.97396256883577e-10,1.05954035105691e-16,-9.79533231762131e-17,-7.09357709452526e-17,1.69912689728186e-08,-1.53829656121082e-08,-2.19309432555911e-07,-4.54072375985427e-09,6.15578110376775e-16,5.33896378391629e-17,-3.70680402402268e-16,8.28238004196772e-17,-1.10653897754515e-15,2.15617026845419e-08,-3.33563300342335e-17,-1.25110468081272e-16,-1.31677358031866e-07,1.03032936794589e-16,-1.17857362660504e-07,5.22585447138013e-17,-1.46082462708968e-07,4.03944904095896e-17,-1.76078894621739e-07,-2.2009699647551e-08,-5.30298991139802e-08,4.01978509437167e-17,7.03484121375733e-07,-1.47045750329334e-16,2.90639657733851e-07,-4.5848666568306e-08,2.53635236565903e-10,5.33101630989096e-17,2.28532798990255e-06,8.46718171316964e-17,-9.95332179962174e-08,-5.07936795966842e-08,1.53585545364629e-16,1.46893817224512e-16,2.05014706070362e-16,1.23815529214542e-16,-6.40081278002e-09,-8.32224859577333e-08,-1.85492186164246e-08,-1.00965507298437e-16,9.54727419566017e-18,-5.15045525534998e-09,4.19957353721669e-08,6.15691810086965e-18,3.09290839671505e-17,-1.35720310395713e-07,6.93131014640591e-17,-5.8405595264143e-07,2.63924466768595e-16,1.44997327093852e-07,-2.10632621531074e-17,-4.43261485532653e-16,-3.90380771740961e-17,-3.86040595783842e-17,-1.28860515278375e-16,-1.11231837477897e-15,2.73218559664766e-09,-1.9102629705761e-08,-7.48677488848333e-17,-1.25874671769974e-08,5.27135168653514e-07,-3.33274247064217e-17,-1.62074559571734e-16,1.57631015607241e-16,-8.08159785326297e-17,1.74640512907308e-07,2.78288045373352e-08,2.45372109856732e-16,4.14684840995105e-17,-9.23021865246511e-08,-2.97985381064919e-08,-4.50334750371072e-10,3.46895023421617e-17,1.85724241839607e-15,-6.86454032384875e-17,1.25395142142418e-16,-5.34791242149904e-17,-6.9766840655649e-17,6.53049741470431e-07,-0.000145560976764079,-1.12642165760987e-07,7.87363639991198e-17,-1.42420842418552e-16,2.03279476381881e-16,-1.65281592952881e-17,-7.61762391434591e-17,2.16930176907192e-16,1.86250876897231e-16,-1.66073362355803e-16,-6.2790493648512e-17,2.19734901927605e-17,-3.19971176397683e-16,2.32188908593541e-16,-1.78156733601379e-16,-3.99788076293623e-17,1.5681471809232e-09,-5.47716348612025e-18,1.52596008889056e-17,-5.43475476114393e-19,2.19660375645906e-08,-9.92146960612863e-09,1.59069391530216e-17,-5.6462843421295e-10,1.97212606780048e-08,1.27217415054883e-16,5.41709946218024e-15,-3.73460790406622e-08,7.3455564939139e-17,4.65653932694201e-10,1.03971195817574e-16,2.15448580731087e-17,6.26272797427509e-17,-3.214029592324e-16,1.64162017485729e-08,-5.9841613575909e-08,-2.05099385084145e-17,-1.40533904653748e-16,1.91334023334915e-17,2.54892409022271e-15,-2.23766404300654e-16,-2.66186674322485e-17,4.38730233395841e-16,2.86700885056974e-16,5.88207534481588e-10,-3.40407163264865e-17,-3.17993726996226e-18,-4.81343798697248e-18,-1.87736274988035e-17,-2.5161448462681e-16,2.3205194015166e-15,-1.20434518654705e-07,2.50296809982233e-17,3.85294235444745e-17,8.0503946270922e-09,3.21005455682207e-16,-1.19217154228893e-15,-7.54841156342104e-18,9.69362019727846e-17,5.68271851482971e-09,2.44486118832411e-17,-1.51621802323424e-07,-1.746703916894e-17,8.89472021387275e-17,1.35633827919181e-15,8.68972774594394e-16,-8.10602481244234e-17,2.65065524268e-16,5.04629537219933e-09,-5.67130897363486e-16,1.9594329991336e-16,7.09150154874599e-10,-5.84047298656638e-07,1.3847834376651e-17,1.12168430075681e-07,5.45907053244768e-08,8.46489757540782e-17,1.74785660281759e-17,3.44647254599226e-16,-4.08949280356368e-17,-3.17433013781897e-16,-5.58224796534406e-08,4.35404696831236e-16,9.91768761902579e-16,2.13127688188183e-16,1.81622503555054e-08,-3.81432595984672e-16,3.76262683822349e-16,2.87248938022922e-16,8.18303175834641e-18,-5.59007512209546e-09,-1.58245308369711e-16,3.79524086681956e-11,-7.75499067144838e-17,4.25109613357008e-16,-5.50007437765227e-17,1.77471138803308e-17,3.17034863875909e-17,-7.02018711003955e-17,-5.90148927192423e-17,3.16401759147531e-11,-6.01513771787549e-17,-7.44377157608701e-17,-9.10801937250898e-11,2.09625590039001e-16,3.88410941966745e-17,2.49249061059778e-17,2.5670651123681e-16,6.81718533074742e-17,-1.88551835457598e-17,2.55436703324691e-09,-5.1853964411855e-17,1.26105645763454e-15,-1.03288349883812e-09,5.1532401897375e-16,-1.6856668634709e-16,-2.02486561557585e-16,2.11777855322774e-16,7.20190162490867e-16,1.58759472449745e-15,-6.21565380377309e-17,-3.01864922529197e-17,2.58353767493035e-16,6.60877162249137e-17,1.09688582840392e-17,1.13386131545062e-09,-4.02137523362421e-09,6.84689736357638e-16,8.46147827453331e-17,9.85826402868786e-17,9.4018716705761e-17,-9.63601513621017e-16,6.61545528135202e-17,1.20008537946339e-16,-2.00071199800462e-16,5.23350879534802e-09,-1.90686395459904e-17,-3.50379642693786e-17,-1.35140316430716e-16,-6.44203944064132e-17,-7.65152370835266e-10,1.03414660655602e-16,1.5283534116163e-10,-3.44068976960908e-17,-2.35405780299217e-18,1.47156420916643e-17,-1.94454128850016e-18,-1.45205764707869e-16,9.98708561413807e-17,-5.46630178268391e-17,-6.09744883215801e-17,5.23190848981797e-17,2.13686051771203e-17,-9.45369891984721e-17,8.42136687788461e-18,-3.28495601538766e-16,1.19113262531305e-18,2.06831377460512e-17,3.7080536351702e-16,5.49566366957833e-17,3.0757408578804e-17,-4.21128223266702e-17,-6.58149374714143e-18,-7.33672010683236e-16,-5.71828911481688e-17,-2.36157803047433e-15,1.34498367844538e-17,1.14684058056855e-16,-5.65074237950171e-09,4.0775723824093e-16,-2.1024283974628e-16,3.15041847752938e-17,-2.94585425362929e-16,2.729262569757e-17,2.2485675794394e-17,1.7899213508012e-16,-5.77307858875745e-17,-2.57593545417826e-16,-5.4543507203157e-17,7.53249353965015e-16,-9.40359210468389e-17,9.6965464589953e-17,1.09307100534306e-16,-5.41909530893132e-16,-3.95911109602288e-17,7.6844218210498e-17,1.16326559363196e-07,7.99339247207374e-17,-1.14706557084507e-17,3.80669483412705e-16,-2.14287603205711e-16,3.59156830633131e-16,1.37616859839908e-16,-1.4025510219133e-16,-2.12733657722397e-16,-5.4965932903702e-17,-1.23424110406779e-08,-2.07017082037113e-16,-2.48455554798527e-17,-2.96972583674085e-16,-1.88058206390737e-16,1.49545660776734e-16,-1.2379977785722e-16,1.21419120680794e-16,-1.85549270242472e-16,-8.25422663844331e-18,6.20212180452761e-16,3.03473725013638e-16,-4.35763488195755e-16,-9.03647600459563e-17,-4.19096386222707e-07,1.29116068410006e-16,-7.06445535800272e-16,6.48784197890011e-16,4.15080942428008e-15,5.33541501099845e-08,5.91469000014224e-17,6.11399517225918e-16,8.02103160088819e-16,6.25932782802114e-16,3.29844439469776e-16,-2.96449778622482e-16,7.28742975702519e-16,-2.67468111339049e-16,-2.48661540353079e-16,-7.03138817264641e-16,2.45118769639064e-16,1.91238469490277e-17,-8.86727822760993e-16,-6.81287071719592e-17,2.15801295704062e-15,-6.24510717281197e-15,8.53100815516693e-15
"t875",0.0291823641032218,-0.00602391163190554,-0.00639076756472659,0.000234725385804074,0.000668418987099204,0.00435877636370623,0.000798562767574674,4.86632322724721e-06,-0.0119791841044925,0.0199193551113088,0.00743161826004781,-0.00432725079863328,0.00984974895841642,0.00224400620259102,0.0756653652501506,-0.00240260207519149,-0.00178747453575502,0.000238485726216294,0.124980861248993,-0.076268111026905,-0.00104736728133826,0.000167476467534737,-0.0146791755776633,9.14832678044375e-05,-5.1504848514448e-05,0.00247703088703428,-0.0102122498386431,0.000155443977683314,-0.00184559777969264,0.00718691301866583,0.000575674333226976,-0.0185718678914779,-5.46484646114491e-05,0.00374687473724499,-0.000425564534354453,0.228324213123795,-0.000164919191191821,0.000138982301135095,0.00449073371457923,0.000897588057317185,0.000449909999852071,-0.00321337309226139,4.28985284746879e-05,-0.00237834010180118,0.000102380665176221,-1.9805721780072e-05,3.61725253491341e-06,-5.36960987908794e-05,0.00255613627535943,-0.00444319920400201,4.62781482286871e-05,-4.17563630305684e-05,3.47011646389228e-06,-1.47629140435071e-05,0.000303123561596509,-0.000906242269642787,0.000111180176654051,-0.000367184286147722,0.00293359680570344,-5.82693415207951e-06,-5.32377265249393e-06,0.00593866842392558,-0.000138915670013399,0.000104231338577297,-0.000313105367126779,2.00960864564784e-05,-3.74522691286204e-05,0.000352577443621476,-8.40873407216826e-05,0.000370103195960873,-2.79487815007233e-06,6.73944304036811e-06,-2.2774252154715e-05,-1.40705032500077e-05,5.87595417177679e-06,1.71113850347444e-06,-4.93323113108097e-05,6.92400140823749e-06,-0.000656875549888417,-0.000239586668549339,1.31196113424638e-05,0.000997002094632295,-0.000418065777570718,-3.98094889978189e-05,9.21031203149855e-05,6.89855435062935e-05,-9.9986710696061e-06,-5.92745890450627e-05,-3.38660719359296e-07,1.30679911657934e-05,-0.000106505156577935,6.06001310501734e-08,4.11247456425444e-05,-3.17750715130279e-05,-4.02227674144479e-06,-5.33436952461622e-06,-6.25241968044003e-07,2.8285172518579e-06,-2.94636859023667e-05,-0.000179690613142239,-8.70828843913856e-06,5.53479742375163e-08,-1.10837738207447e-05,-0.000164587005499029,6.62833119169976e-06,-5.55795844111451e-07,0.000175211193717274,-2.3028946038522e-07,0.000106398743978529,-1.06101196594825e-07,-3.63151832567674e-06,-8.4200712333569e-06,2.65757327521001e-06,-3.95442796356369e-06,3.71345287456857e-06,-5.64332818892215e-06,0.000257311634639075,-0.000319812852581923,0.000146838524411998,-5.78843138795642e-05,3.5129179807017e-05,-8.95520694713805e-05,0.000881789297675833,0.00168363247483604,-7.83854270036522e-06,0.000199223808177792,-2.10559047687289e-05,0.000545037584251519,-0.0013783668450506,-0.0486833385012121,-0.000404018828618105,0.384123227544808,0.000612526957350939,0.00386138251997404,-3.61779257153549e-06,0.00219368106175944,-0.000791875627729187,-7.14346372624438e-05,0.001605639217408,-0.00161760130659565,-0.00101145135346135,-0.000109085231194096,0.000911322488601118,5.57734735959731e-05,3.21559779511961e-07,-6.61268731497428e-05,-1.92302275493033e-05,0.000271075156070635,1.6894193036503e-05,-7.79872046718967e-06,-9.55667115244217e-06,-0.000168434014943459,-6.49137655032224e-06,0.00129975657206805,-4.33152659157804e-06,-2.70765053081014e-05,0.000399294616152389,-3.9890567726708e-05,-7.73536052165502e-05,-2.53066494577437e-05,-2.84546437170369e-05,4.11254771975153e-06,-0.000107266015464989,-3.88020745235197e-05,2.43530319415231e-05,-1.5701303212042e-05,0.000821082221953611,1.39757500019008e-05,0.000694080154958748,1.6873095527938e-05,-2.92294295626055e-05,-5.1410193599498e-06,5.91811247515993e-07,7.48488435141411e-05,3.66541385818486e-06,7.43090996952609e-06,3.24805643663028e-07,-1.17813164693442e-05,-0.00038681178833131,-5.0998446203073e-05,0.000203283499430876,5.30054691408614e-05,-1.09117062346928e-05,-4.27968296433227e-08,-1.27793296620139e-06,-4.07283573561107e-07,-0.00195186854596756,0.000459070124530693,0.00205983311843781,-4.44018302818067e-05,-6.25482750604011e-05,0.000129876202309865,0.000145837218162266,2.37409015218026e-08,2.64399929362286e-06,-0.000640613867306404,-0.496778282626052,5.72231512912563e-06,-0.000115240348255051,1.39550555369239e-05,1.48537093409131e-05,8.8836576762301e-05,-8.17127094138474e-07,-7.47006679155848e-06,-0.000392806006837179,-5.29579168402201e-05,0.000366000613217124,6.75572615807023e-05,-0.121969180974842,5.4727544928938e-07,0.00653151097013312,5.04875749496808e-05,1.28410742632609e-05,8.2345856473534e-05,6.92986482016163e-08,5.73118776180363e-07,-3.95803726945722e-08,-1.33580635674176e-08,-3.236840347115e-06,-6.9892510829061e-06,-3.57139741466183e-06,5.71206846885571e-06,1.31963307737538e-06,5.86418323732825e-06,-1.95044555101987e-05,-1.13343214405503e-06,-0.000107822307570836,-6.53867621237743e-07,-5.0415835577416e-05,-4.12192555745087e-05,2.73948039647187e-06,5.73293484868173e-07,1.45304662816124e-05,6.52379519272793e-06,-1.31784037724071e-06,-6.9818444159753e-08,-3.11813732910373e-05,-1.26219021522108e-16,-2.99759449743897e-07,4.29815763529251e-06,-8.99033859218204e-07,-2.368090164133e-06,-3.26804261250489e-05,4.52728044694291e-07,-6.96959791144287e-06,3.18020779327891e-06,-2.19359535511541e-06,1.5836786361056e-07,-1.02919490983685e-06,0.00328806605233752,1.12132759055372e-07,-2.4818164263661e-06,-3.17099715316087e-05,5.92519613215146e-08,-3.98706766678957e-09,1.92769095209507e-07,-1.85349894048079e-07,2.92041347963223e-06,2.65620320056983e-05,-5.06636500736088e-06,2.79828512367574e-06,-1.82696155968516e-05,5.96616476523534e-05,-3.61195073214788e-06,1.33305025004195e-05,-4.51615221802303e-06,4.37623113142323e-08,0.000356299134600779,1.2692971945425e-06,5.49221578997306e-06,4.65993975044704e-08,-4.7532329619687e-06,1.28680835882707e-06,-1.72672797282747e-06,2.7805845668263e-06,-5.4642093525386e-06,4.45538863071644e-06,-3.43598008279024e-07,8.2713603177973e-05,-4.12519127720528e-07,0.000916062837563854,-6.58885789845022e-16,-0.0255253149621994,2.70041145504743e-05,1.30574384251917e-10,-4.35965425736996e-08,4.02828599493847e-07,-3.0395773503629e-07,-9.23544348767884e-08,1.51392676484442e-08,-6.8192857865767e-07,2.58397563542434e-05,3.50136123587398e-06,-8.1051756963286e-08,7.1358628741053e-05,-5.17516651364089e-05,4.04813171843465e-06,-2.6335003617518e-05,1.06055491502726e-06,1.53823270731679e-06,2.85797115796613e-08,6.3878737463274e-05,-9.89412079209786e-06,4.36856357979874e-08,-1.36423716832838e-05,1.59143870401314e-06,-5.77167757228083e-06,4.15345921941892e-06,1.32133801356581e-05,1.8734268041282e-06,-5.93771179038022e-07,-3.84825451514546e-06,3.87847214293717e-07,-1.78254083697954e-06,1.77418424291884e-06,1.64625025578528e-05,-3.18044696372869e-05,-5.4260172171633e-17,9.34950231528648e-08,1.40653452212007e-06,-1.30465062024446e-07,2.61698047064555e-05,8.1717182493462e-08,6.82874765897487e-06,1.58077427894777e-05,-5.81686195529145e-06,2.46056750199938e-05,-4.28061880593804e-16,-6.57282615472325e-05,-1.48995438609618e-08,-2.23613549137536e-06,2.6502517005647e-07,4.7960861929444e-06,-1.13315936586474e-06,-4.33933025378859e-05,1.15953829224915e-05,-1.4060558888771e-06,7.75976635460713e-05,-3.55289733111838e-07,-0.00646557104770043,-1.51912942968576e-08,-3.84352431210788e-09,-2.04339540630755e-05,3.29368131748264e-07,-2.42292781548059e-05,-7.79732132394857e-17,-1.89531008479217e-06,1.49434118844947e-07,4.30677985659513e-09,3.84772004520429e-08,-4.89423936285389e-05,-0.000100617061691918,1.2716579310249e-06,-4.63063609374732e-06,-2.59738560063265e-06,1.44703031821361e-17,-1.66006495294411e-05,-1.64542597228139e-07,-2.07826031390157e-05,1.92933219181127e-15,1.11499029596472e-05,1.42007308873429e-06,-2.17106517812143e-07,-3.18080009331334e-05,-1.05515575688929e-05,-5.61488069215358e-06,-5.09537267162587e-06,5.60142413605514e-06,1.13497516190975e-06,6.27401134678951e-08,1.20993894508778e-05,4.40793442927148e-07,-2.7316772517134e-17,-1.74906578787593e-07,6.47232604677838e-06,2.79163376156916e-06,-1.46223024803043e-05,1.6464078546145e-16,-3.58584415494547e-07,6.59692493151119e-08,-6.23697295425866e-06,-1.0688653752817e-07,-1.39970698738043e-05,3.78435466404022e-07,-5.02528167273567e-06,0.00030812105941815,-7.22676667518113e-17,0.00109787335343468,-2.17717643621385e-07,1.08645906955685e-06,0.000106760871251376,-1.87582284593188e-07,-7.37440739956876e-08,-9.57513777621614e-16,2.99174637834949e-17,-7.30948905961613e-08,-2.38809260721937e-07,3.15230985840713e-08,-1.25734930262528e-05,1.06902821934081e-14,-5.99011947512711e-06,-7.07930657524242e-08,-1.14338473252866e-16,7.1785297500146e-17,-6.3047865306431e-17,1.50513556809714e-05,1.1399395250461e-06,-1.26112883736584e-06,0.000441949238428166,4.22086502324368e-06,9.61795978234024e-07,-4.1805439189637e-07,-6.0941161848264e-16,-9.23883108480618e-08,2.59576438639804e-07,-1.32830677556697e-16,-1.95092701667791e-16,-1.62745752980572e-07,-3.39805456495941e-09,-9.61292608797967e-08,2.02227386932196e-05,9.43662816637714e-08,-1.36826115809051e-06,-1.49801799593932e-16,-1.32988407051892e-06,7.82712255672402e-16,-1.56382860722765e-05,-6.46272084734921e-16,-1.05264182239893e-07,9.84570622387145e-17,4.31787018617414e-07,1.13671907232082e-07,1.82168916626861e-06,6.92427633711531e-06,3.05746497395722e-07,-3.50881543190014e-08,2.22264615817023e-07,7.90930965726079e-08,1.44436934981994e-05,1.55495060016281e-05,7.73488213822129e-08,-2.17367425860425e-07,-1.4357065745415e-05,-1.16309265643708e-06,-1.03521063805427e-07,-2.57206957879756e-17,9.67556248598993e-07,-1.66530108357501e-07,8.57653088411387e-08,2.4637781395949e-17,5.78025812586983e-07,4.53212287430971e-06,1.45000574770446e-06,-1.6192768204791e-16,-3.5126068734831e-07,-7.1756618850418e-06,2.11941795768172e-16,-2.46153278515631e-07,5.47263812017363e-07,-7.98946802993654e-17,-1.9714423730259e-16,-2.00728695978426e-08,-4.13212465055915e-06,-2.35315051640374e-08,-3.26297638510531e-05,2.51072600023539e-06,6.61738300839764e-08,2.45137083387221e-06,5.89117695141299e-07,-1.47217861840474e-05,-2.15789773419069e-15,2.71543224575249e-09,7.20002208296596e-08,1.98500080222946e-07,1.85609983439586e-05,-9.79822877313903e-17,1.77810598989495e-16,6.09951377289276e-06,-4.89610122731885e-18,-3.75888370039319e-16,7.49998716502158e-07,-1.10282026538419e-06,-2.06469175879523e-07,-4.2003509075155e-07,5.27942854350397e-06,1.3790832237133e-06,1.47032493668721e-06,-4.17831521099105e-17,3.37332279267781e-06,1.57431284257469e-07,7.22240139439903e-07,-1.89427486960824e-07,7.47076434901087e-07,-6.35960752814735e-17,5.10941271105983e-17,-9.96452348051402e-16,-2.4988639787677e-06,-3.1328206035253e-08,-2.03085556942826e-06,-4.72347713914911e-16,-2.40142188752322e-08,6.19344223643865e-16,-3.67243378739241e-17,4.00725617619437e-06,-1.00474908174321e-06,-3.30110046917781e-16,-0.00164075962042493,-1.02589559469351e-07,6.70832307198709e-17,2.40444320469874e-07,2.09471434402131e-16,3.26728679324951e-06,1.67830727793559e-16,3.25961948507104e-06,7.3913142518562e-07,2.67668808956762e-08,9.62262616828868e-07,6.60811175543986e-06,-8.6525143600358e-08,2.65637221994738e-06,-2.61210447239976e-17,1.56938573541284e-06,-8.85727311475757e-08,3.78960758724795e-17,-1.1667506259032e-08,-2.37712318471601e-07,5.52175445517134e-08,-2.24048991961911e-16,1.76998737175295e-07,2.3411692683899e-07,-2.85784936569739e-17,-6.50528590268792e-06,-5.65643227950133e-05,-6.71395426990198e-09,-9.94504520533927e-17,-2.07820306599007e-16,1.19938006537599e-07,1.39732342296858e-06,1.13032621216674e-07,-4.76355727648947e-08,8.24661873691733e-07,1.02197695274014e-16,3.03086867755991e-16,3.00948838850089e-06,2.07431877723008e-08,-7.46105899478596e-18,7.26790580427153e-06,-3.55790836819776e-17,9.88565339466485e-08,-1.3887248571584e-06,-8.11365461703487e-07,-5.37767374233825e-06,-7.50125580563308e-17,3.75436196605797e-18,1.2098067859042e-16,-1.86674720542e-16,-1.13518662835675e-08,-3.93705672804166e-08,5.15823393149856e-16,2.22399270550634e-16,4.07937513719118e-16,5.53877443553374e-08,4.97638392795973e-10,-2.73842504253385e-08,1.22287383649685e-16,-9.34419389074336e-16,2.33708251434135e-16,-1.17231022990639e-06,3.58703350614228e-08,1.26407928996506e-16,6.28841069918716e-09,-1.64448115541128e-07,-9.00617320768182e-17,4.51676136629098e-16,-4.30547349287296e-06,-1.16264712648492e-09,-2.13141518126342e-06,1.3474864748997e-15,6.32050296697463e-08,1.0195243885754e-06,1.09315902964575e-06,-3.40414532469557e-06,-2.41804643822518e-07,3.93452680323637e-09,2.1261148522813e-16,6.88382416643623e-16,-1.17339623927632e-16,7.46142205415148e-08,-6.75543019306732e-08,-9.63430290054621e-07,-1.999251402035e-08,2.88481644409068e-16,-7.29199152553986e-17,-1.93896697023236e-16,-2.83311273228678e-16,-2.13367897349622e-16,9.52501458746495e-08,-9.89405805731952e-16,5.14135132816182e-16,-5.82612842535474e-07,-1.92195314773213e-16,-5.2151197899479e-07,-1.20021180494145e-15,-6.46503888716428e-07,7.21707135599481e-16,-7.81739819552919e-07,-9.77983262993683e-08,-2.3594872687828e-07,-4.50728892757719e-16,3.13550855346418e-06,-4.31791822052231e-17,1.30089080942495e-06,-2.06527101548728e-07,1.1428518576919e-09,-1.48459359436696e-16,1.0327251607422e-05,-4.729333601776e-16,-4.52014272055884e-07,-2.30730172058279e-07,-1.07687550018917e-15,2.77431758791767e-16,8.45669769792047e-16,-7.76831215469167e-16,-2.92056077808651e-08,-3.80196562972417e-07,-8.48651325702285e-08,-4.39345005331162e-16,-3.17664941460465e-16,-2.37408307168252e-08,1.93645677811546e-07,5.15849891280122e-17,-1.96753372254806e-16,-6.32427949509469e-07,-2.72102162651626e-16,-2.72816671157768e-06,2.88517927764406e-16,6.82303450898637e-07,6.66429335419952e-16,-2.5389158647299e-15,1.09822881108164e-16,-8.51755688942512e-16,1.85837364667031e-15,-2.29720938996956e-15,1.30737695801617e-08,-9.14293725089262e-08,-3.01466002934304e-16,-6.0636301239331e-08,2.54641389539379e-06,-2.87491289857368e-15,3.10746007849195e-16,1.30796952061436e-15,3.56086950593756e-15,8.54378831859247e-07,1.36566078187202e-07,5.95124743572783e-16,2.65573073152263e-16,-4.54546947138398e-07,-1.46811768041866e-07,-2.22215819397715e-09,6.35537132749816e-15,-6.25410771483698e-15,8.28857155145014e-16,9.61315017128743e-16,6.04229014242469e-16,1.35075484573486e-15,3.25410574352246e-06,-3.48480382013053e-05,-5.90144162910693e-07,-6.47787511783416e-16,9.49696005926099e-16,-3.8522546284325e-16,3.7627828779621e-16,1.51770937462748e-15,-1.38594289482474e-15,-9.80675921348918e-16,-1.42112494343873e-16,-1.08391095668509e-14,-1.80859345783177e-15,7.41548606363464e-15,-9.32868022606241e-15,-1.39202948591615e-15,-1.52230001785154e-15,8.54801513033707e-09,1.83398024235278e-15,-7.35693831766802e-16,-1.79273927166549e-14,1.20865592833648e-07,-5.47132581668854e-08,6.46300673762083e-15,-3.11797955103199e-09,1.10255080014729e-07,-6.17286456882388e-15,-0.640148784605347,-2.12215709214878e-07,-1.80752678410596e-15,2.70344857716116e-09,-1.05383404888656e-14,-5.61864330941341e-16,-4.29817347000165e-16,1.2178363887353e-14,9.89708303088726e-08,-3.61768447551655e-07,-2.80826057699975e-16,6.77821895138312e-16,3.02378288294257e-15,1.36173412873092e-14,-1.50803099479232e-15,3.35721698612408e-16,2.57048854493684e-15,7.41198435762898e-16,4.28420326553417e-09,1.06870131330852e-15,1.79648724883872e-15,-2.30451466604597e-15,2.93627509934799e-15,-3.00295162171409e-16,-1.61469296715214e-15,-9.27677233297166e-07,-2.41792473650459e-16,1.63321093597556e-16,6.27065940272311e-08,-3.6648714189085e-16,1.19908743109789e-15,1.09963884697878e-15,-1.85028295391974e-15,5.17815192982125e-08,5.84925600992859e-17,-1.42988142605128e-06,-1.36447981826493e-15,1.49775950506639e-15,-1.5878660662147e-14,-1.31763238481062e-15,-4.84257627326097e-17,2.13437796815824e-15,5.14481484402383e-08,1.95927700496223e-15,1.88588922616651e-15,7.74171174991858e-09,-6.39949166730597e-06,2.76007919683646e-16,1.31378780532049e-06,6.53987658099824e-07,-3.99555714477948e-16,-1.09171844261784e-16,-1.18082646974009e-15,4.58705433045682e-16,-5.69293178450278e-16,-1.08107592352521e-06,-1.40386843446459e-15,-1.82992031077912e-15,4.3484703246147e-16,4.30827671335515e-07,6.7989112845031e-16,-3.01255253763842e-16,-1.07884579930881e-15,1.66801809592976e-16,-1.95030429685398e-07,-1.25459054518705e-15,1.56459902746832e-09,-2.60021132343794e-16,-1.91326476485612e-16,-2.6919907509148e-17,-1.1692374245568e-15,4.11933188278258e-16,-1.0686436517423e-15,-2.18717872726357e-16,-2.68351934404491e-08,3.42826320447325e-17,-1.69955927156843e-16,1.12470933016227e-08,6.60622680469873e-16,3.83834225481562e-16,-5.65314756595131e-16,-5.8246597026697e-16,-3.74074212849363e-16,8.80598938748216e-16,-8.06952935951927e-08,2.23208126747717e-16,-6.14769818163395e-16,2.39090881547794e-08,1.53789892426519e-15,2.10795653805588e-16,-1.64881225965324e-15,1.22821739202794e-15,2.31291811089397e-15,-1.23533303146774e-16,4.6877726582842e-16,6.78253841397698e-17,4.28143756029169e-17,1.28971442229073e-16,-1.39654240203664e-15,-1.22863781417024e-08,4.06296788592168e-08,8.34372495439373e-16,-1.10433188084809e-16,2.64031891808167e-16,-1.49926772103478e-16,9.4091358963313e-16,-1.20761901722981e-16,-1.06209709071461e-15,9.25330655239491e-16,-3.81272246524585e-08,1.33186897547093e-20,-1.96909348621465e-16,6.09164474980583e-16,-1.00236369382362e-15,4.37249690284177e-09,1.19079972978254e-17,-6.80116312936533e-10,3.02021036426161e-16,2.07981163659196e-16,-1.68514525058386e-16,4.22909073489084e-17,-4.91454522256533e-17,-9.9297082944207e-17,-2.1989542891363e-16,7.8123375926516e-16,-1.87072754786619e-16,-2.55753470110174e-16,-8.95496592050388e-17,2.70147771315885e-16,-1.21629827028531e-16,-1.28371026986705e-16,6.97442133811505e-16,-7.18743835088123e-17,-3.81543157946881e-16,3.20378348657488e-15,1.73101308911702e-16,-3.62886332732442e-17,-2.25312864547409e-15,-6.92525364224674e-16,2.71179028703479e-16,-2.67683786541037e-16,1.72142827504078e-17,1.08624675790047e-08,-3.6636311291372e-16,3.0088374815765e-16,-2.59495678319816e-16,2.17374840484727e-16,5.16871745784939e-17,-4.05340501468386e-16,-6.65167676417094e-16,-4.65932903828367e-16,-1.099252095253e-16,3.90846745253888e-16,7.01936647762914e-16,8.92045954828729e-16,-2.34691979973363e-16,4.6531794747395e-17,-1.36606538859446e-15,-7.35266389590248e-17,-3.47201853382603e-17,-1.21963873554598e-07,4.44984796196606e-16,-1.49706432700353e-16,-1.30531840914211e-16,1.15028925108454e-15,8.52776126038966e-16,-1.21399039166878e-16,-3.407240838839e-16,9.23401798825164e-16,2.67150532541741e-16,5.56064180292277e-09,-1.01969641893671e-15,-4.58634844691303e-16,2.07181426531674e-16,-1.89684509649466e-16,1.29596340803001e-16,-6.66623233672341e-17,-1.52667188523541e-16,-1.63053111174834e-17,-1.22529135618415e-16,2.41220669500415e-15,4.91198953485392e-17,-5.64241445635287e-16,8.5384412113944e-17,1.16303446637613e-08,-1.84326779655553e-16,-3.5364614887349e-16,1.23230180712171e-15,2.52992213247215e-15,6.86263007104876e-09,5.00396017525444e-17,7.09247342418925e-17,-8.81120712694927e-16,-5.31127775674416e-16,1.48495343403583e-15,-1.25471096021518e-16,-2.58197677819921e-15,2.34198967739906e-15,-2.27844858641357e-16,-4.41846093695634e-16,2.16929513154441e-16,-1.28544488943498e-16,-3.03101793312045e-16,-2.31112616160997e-15,2.41757095713365e-15,-1.42496115437592e-15,5.71663166516326e-16
"t515",0.0292487099389049,-0.00605301684615393,-0.00642266049476035,0.000236304202519865,0.000673951218893995,0.00440130149312984,0.000806511683017171,4.91875135027052e-06,-0.0121325857828977,0.020231416774525,0.00758136408776199,-0.00443632161806224,0.0101058828651113,0.00230331753098375,0.0777601653996557,-0.00247341308036244,-0.00184153554770772,0.000245842128178955,0.128934315512553,-0.0789120968580111,-0.00108699758112501,0.000175319707784256,-0.0154112444515719,9.60758463935727e-05,-5.41022588094304e-05,0.00260890726714619,-0.0107634740870251,0.000163922631986582,-0.00194944608217592,0.00768027152199102,0.000618426574842473,-0.020029252880018,-5.93292207981699e-05,0.00408732059038693,-0.000466799553952592,0.252800076002437,-0.000182897624681696,0.00015445644307245,0.00499530056891769,0.00100046754738751,0.00050350077528729,-0.00360890283611831,4.82877957010299e-05,-0.00267763128791409,0.000115577536855943,-2.25914459841719e-05,4.1395794993431e-06,-6.15457784155943e-05,0.00294284542953533,-0.00514060123628465,5.39039409099452e-05,-4.87937243806994e-05,4.05687475901334e-06,-1.73298035353565e-05,0.000358768762192851,-0.00107396830457878,0.000134976455759228,-0.000448919441229202,0.00358966884064348,-7.26080998947713e-06,-6.73145363351239e-06,0.00756568677968026,-0.000178084536180665,0.000133833988903927,-0.000406930538268549,2.64153732729825e-05,-5.05522934707897e-05,0.000481967626134127,-0.000115641133253273,0.000514691872992442,-4.14945034581826e-06,1.06094505112893e-05,-3.62058500866962e-05,-2.28444751115521e-05,9.5659554269856e-06,2.81227226400474e-06,-8.13898116597667e-05,1.16466279857136e-05,-0.00115822486746188,-0.00043119571026553,2.45064761684094e-05,0.00187812717466898,-0.000841672007827408,-8.1916459082486e-05,0.0002105196682275,0.000162881027955424,-2.4442716690651e-05,-0.000145749416124725,-8.34003996650154e-07,3.23065674907689e-05,-0.000267030447979358,1.76772838874054e-07,0.000121880677584398,-0.000105956657576181,-1.74858997919846e-05,-2.43713361584137e-05,-2.86343420653942e-06,1.49474858238123e-05,-0.000165417511463263,-0.00133479092815021,-8.95063549367347e-05,5.89524662619274e-07,-0.000123108289315726,0.0015766035999524,-5.48487764919587e-05,4.1516514175907e-06,-0.00111246653261152,1.40249307973634e-06,-0.000603887523521979,5.4514141366806e-07,1.80929196939264e-05,3.54312774355468e-05,-1.09750895695174e-05,1.14109506683024e-05,-1.00307913454667e-05,1.33132572025599e-05,-0.000573286214519783,0.000614661941070048,-0.000247451836077829,8.88296828529681e-05,-5.12121891593984e-05,0.000110287339354159,-0.000979431365580623,-0.00186282943816569,8.54785718752809e-06,-0.000196245605440755,2.05694816361393e-05,-0.000489146556026387,0.00097961455466891,0.0345116562573367,0.000281157382704033,-0.229840197638606,-0.000355910167847336,-0.00219657940357901,1.88717995850778e-06,-0.00113065435153113,0.000339829445224104,2.64071082260266e-05,-0.000481529458598327,0.00048219497482544,0.000290611783032915,3.07559450552726e-05,-0.000249200872965557,-1.50730083248616e-05,-8.68891368414643e-08,1.6405114617139e-05,3.99398186100097e-06,-4.63598123105995e-05,-2.74517260236133e-06,1.12670997914337e-06,1.36741254595948e-06,2.29935212246178e-05,8.61492716400948e-07,-0.000166951572594642,3.98620029583021e-07,2.34550252069711e-06,-3.30867241139354e-05,3.99343961425615e-07,-3.59247757618417e-07,-1.72179341791937e-07,-5.21433209343245e-07,8.47402343503048e-08,-3.67676697777651e-06,-1.39185168669034e-06,1.1728329117569e-06,-9.2982767891855e-07,7.16075802624023e-05,1.23121931444904e-06,6.13033805949269e-05,1.54695728257321e-06,-2.79113679264775e-06,-4.93684473980176e-07,6.10430538422404e-08,7.87986911981722e-06,4.02149425225944e-07,8.23125965263074e-07,3.61529362857582e-08,-1.42033161483095e-06,-4.98237215864205e-05,-6.63424589797276e-06,2.66848282640475e-05,7.13077847778484e-06,-1.48059382421994e-06,-5.85330357059637e-09,-1.7602052462739e-07,-5.72672095848723e-08,-0.000275646829980798,6.63894628973833e-05,0.000297979508461999,-6.43021483427479e-06,-8.86546879938848e-06,1.72942691307443e-05,1.86931358769682e-05,2.79823720921031e-09,2.830399304525e-07,-2.7952107475123e-05,-0.00881646817423758,-4.13029063518443e-07,1.76086961540582e-05,1.02561873163459e-05,1.03369997826147e-05,4.65297035528993e-05,-3.80423256913498e-07,-3.21726034230651e-06,-0.000169173880007495,-2.28115419361492e-05,0.000158525170964366,2.94925159448689e-05,-0.0551770031845086,2.66546158009165e-07,0.00347230487747334,2.77526249933475e-05,8.65857608420719e-06,6.58849653007573e-05,5.57432159478627e-08,5.54788646125439e-07,-1.08954057903436e-07,-6.44699998831469e-08,3.90503514800933e-06,3.84897860912272e-06,1.60329729305505e-06,-1.27811319856857e-06,-2.54992532114896e-07,-9.69012406182513e-07,2.02570044037912e-06,1.07198474137172e-07,9.96562228983871e-06,3.57453389465002e-08,1.9457612478949e-06,1.02717626363137e-06,-5.4466628625427e-08,-8.77929758100464e-09,-1.68132083853351e-07,-6.91402570333132e-08,4.24455490197809e-09,-6.02425940522715e-12,-8.47468991867882e-08,-6.5937380731914e-17,-1.49456393220796e-09,2.25517943907829e-08,-4.93906904772219e-09,-9.48874040767661e-09,-5.86435495591326e-08,7.40064481581314e-10,3.31021468730421e-08,-1.93667854802902e-08,1.47685086948436e-08,-1.58773246437529e-09,1.2820934887703e-08,-5.69673464810271e-05,-2.20471671272314e-09,5.12679832736452e-08,8.38402976058422e-07,-3.38495537621322e-09,2.82131890932132e-10,-1.607349064642e-08,2.13797139314132e-08,-3.44281737320682e-07,-3.85122192579372e-06,8.21204632827917e-07,-5.2966387268844e-07,3.63169134680312e-06,-1.2480755167531e-05,8.10723569214715e-07,-3.31950675290083e-06,1.13797925316869e-06,-1.43719885567338e-08,-0.000117733705404758,-4.22327527084206e-07,-1.9663453239445e-06,-1.71491594773541e-08,1.91131692951087e-06,-5.2613992867215e-07,1.28721845750442e-06,-2.24019357647707e-06,4.69385714152666e-06,-4.48073270427712e-06,3.97150042749374e-07,-0.000139646379932633,7.97500561348191e-07,-0.00199528713640254,2.26011171913771e-15,0.0957351253712895,-0.000111558741682766,-8.00124099957472e-10,-2.52538780629006e-06,2.42037439259336e-06,-1.28959413882165e-06,-3.42490891314523e-07,2.17709323036476e-08,-9.43887068439195e-07,3.5407514341271e-05,4.1026861949469e-06,-6.68536579837879e-08,5.58886960865934e-05,-3.91414408700381e-05,2.74282683213479e-06,-1.22185908701668e-05,4.21714516499511e-07,6.06104438691328e-07,1.12305863067566e-08,1.64238787718869e-05,-1.19261484657724e-06,4.52152546929028e-09,-1.07083309200817e-06,7.62074763436568e-08,-2.21665379024872e-07,-1.7907783487524e-07,-6.53706324475767e-07,-1.14710389544863e-07,4.11760891232491e-08,3.71321156006116e-07,-4.94329746740624e-08,2.80035315295162e-07,-3.02273921545785e-07,-3.18372881960081e-06,7.78529219429461e-06,6.25859850628524e-16,-6.21757485725736e-08,-1.01619671639517e-06,1.06528009899512e-07,-2.1445386328849e-05,-6.72198744103424e-08,-5.78712697560183e-06,-1.4169366766581e-05,5.57346793443305e-06,-2.70104012197661e-05,3.23073384504153e-16,9.96055281276132e-05,2.35436529272154e-08,3.8721641657018e-06,-4.64053698397492e-07,-1.06984830849253e-05,2.92486242462234e-06,0.000140676956303511,-4.4879042432876e-05,8.78094769058909e-06,-0.000969146304852773,1.06638904377939e-05,0.777873394461656,-2.24252614079964e-06,-1.17232725474859e-07,-0.000574121827293903,6.17303057314227e-06,-0.000362567231705876,1.44608978062339e-15,-1.18955265663283e-05,8.44651026750123e-07,2.43199279187593e-08,1.71438224286064e-07,-0.000211617747428682,-0.000325668637674358,3.86210697486628e-06,-1.38979383739277e-05,-7.46810347303147e-06,-1.29849852769781e-15,-4.56055404554383e-05,-4.44806795804856e-07,-5.3089625744646e-05,5.34175010949214e-15,2.69429137396218e-05,3.38940351130044e-06,-5.14935538231961e-07,-7.44847948515038e-05,-2.42005843948533e-05,-1.26851104266884e-05,-1.13795757930062e-05,1.21069232440693e-05,2.44395478719051e-06,1.32261690939541e-07,2.46212054903965e-05,8.95417924967414e-07,-3.80503740247405e-17,-3.33780222967197e-07,1.22274219066337e-05,5.16179550179553e-06,-2.62165357714353e-05,-2.73268472005445e-16,-6.05458991313184e-07,1.0503029929129e-07,-9.6950939231173e-06,-1.6438417964404e-07,-2.12603356140278e-05,5.6225474454903e-07,-7.22154367326316e-06,0.000412321571188631,-8.70128162976141e-17,0.00139389690610871,-2.75261659883386e-07,1.36184743940451e-06,0.000132283552720444,-2.32224317348099e-07,-9.10041023970018e-08,-4.58505134819601e-15,1.09172642592185e-16,-8.8619115362099e-08,-2.85327178979703e-07,3.75968516679234e-08,-1.48104761660027e-05,1.2584274968523e-14,-6.8777739808185e-06,-8.04214349712032e-08,1.06205121424384e-15,1.4030687480123e-16,1.46419994417768e-16,1.65766878470725e-05,1.25081152725287e-06,-1.3666868708975e-06,0.000474124830705623,4.52291504345408e-06,1.02004060403004e-06,-4.4285500658284e-07,4.11147886477958e-16,-9.59666025294689e-08,2.67864647924059e-07,-1.05807074024055e-15,7.13251878440565e-16,-1.63930696840185e-07,-3.4040767418572e-09,-9.56132445062654e-08,2.00203655714848e-05,9.26127016924906e-08,-1.34099087512903e-06,-5.50088179301289e-17,-1.30094939751499e-06,6.38079685862836e-16,-1.52173879638702e-05,-1.54634064843179e-15,-1.02041074091882e-07,8.31919831925158e-16,4.16579528363737e-07,1.09564341337676e-07,1.73460602692363e-06,6.57676311344652e-06,2.90100407645318e-07,-3.31444840845425e-08,2.09157731147191e-07,7.37961349707359e-08,1.34753827191729e-05,1.44700995708142e-05,7.16501338026825e-08,-2.00154554002538e-07,-1.31558805250593e-05,-1.06179846297434e-06,-9.43341168284183e-08,1.40812757905798e-16,8.76856255071542e-07,-1.50147607773959e-07,7.62789922983325e-08,3.62258337907935e-16,5.12181328816371e-07,3.99413890234557e-06,1.27502002452003e-06,-2.99946618605315e-16,-3.0851953917942e-07,-6.27484439630381e-06,-1.82707795016552e-16,-2.1479974886471e-07,4.71998392288969e-07,1.63725547858128e-16,2.23417785404537e-16,-1.72409288187404e-08,-3.54788358516746e-06,-2.01711758575586e-08,-2.79179664677148e-05,2.13967156523777e-06,5.63758283938248e-08,2.08746014353117e-06,4.99381198588855e-07,-1.24402682868281e-05,-1.39947368221429e-15,2.2922384040205e-09,6.07689145915416e-08,1.67440624553669e-07,1.56467265471105e-05,-3.39059393374974e-17,-3.10067394312126e-17,5.13775179994291e-06,-8.83796685087026e-17,-8.7917501850709e-16,6.30266907732322e-07,-9.26910076875593e-07,-1.73536349942949e-07,-3.53423988772136e-07,4.44323584867193e-06,1.16071610490598e-06,1.23796664297722e-06,2.45855684250493e-16,2.86063616582984e-06,1.33835841312262e-07,6.14551279707459e-07,-1.62038589293183e-07,6.4791221144514e-07,6.86327365851473e-16,-8.61658679260668e-17,-1.25300883002702e-15,-2.24335709260445e-06,-2.88086025805576e-08,-1.8715587454039e-06,-3.10073031378145e-16,-2.28692734938898e-08,-1.46285543209742e-15,-3.97113140008106e-16,7.13641227714765e-06,-1.84231551533633e-06,-1.74946537095002e-14,-0.0623311643140864,1.42131102826052e-07,4.37785973797063e-15,1.0019871193921e-08,-6.76538580953019e-16,1.09692469364907e-06,1.62084456279386e-16,1.13903193584759e-06,2.6558530882474e-07,9.89809286866134e-09,3.68796003439749e-07,2.70644703214074e-06,-4.11757135887323e-08,1.39371161008073e-06,1.13307354657638e-16,8.71290571064288e-07,-4.93658007311253e-08,-1.3037210129727e-16,-6.53381779515569e-09,-1.34123246492909e-07,3.13328994051649e-08,7.95276163340292e-17,1.01805521501378e-07,1.34905582096136e-07,3.28957695229542e-17,-3.75638969705185e-06,-3.26915701054162e-05,-3.89057961007636e-09,-3.34397062831001e-16,-5.24541352818349e-17,6.96878259138492e-08,8.11843648507977e-07,6.5666224715121e-08,-2.74922992395913e-08,4.75097148013008e-07,4.79933732167965e-16,3.0045067533699e-16,1.7315058711623e-06,1.19325033328912e-08,5.85668533095813e-17,4.17076093861188e-06,2.79551636256729e-17,5.65867198896902e-08,-7.91949552068683e-07,-4.62569461387632e-07,-3.06248102214177e-06,8.7834608250992e-17,4.67971882137325e-17,-1.36734177809384e-16,-1.47101341246281e-16,-6.39398584946178e-09,-2.21539195917733e-08,-5.2964026474569e-16,2.44699183824756e-16,-1.21912087974548e-16,3.10536844979258e-08,2.7855459020807e-10,-1.52590187166828e-08,-1.37053776008848e-16,2.84113232322108e-16,1.63408270693483e-16,-6.42324642772806e-07,1.96416952670073e-08,-5.74727594570359e-17,3.41872803228921e-09,-8.91360732792105e-08,1.67436283888489e-16,8.02060764803001e-18,-2.31680630222316e-06,-6.25256354086867e-10,-1.14118542562185e-06,4.99030451393968e-16,3.35833872955364e-08,5.39371395553106e-07,5.74755314513996e-07,-1.77421119954317e-06,-1.2572335982827e-07,2.03636375592604e-09,7.23861878332355e-16,-5.76169680310826e-16,-3.31577973210768e-16,3.75571916812703e-08,-3.39882286103162e-08,-4.82896592071058e-07,-9.82294129172062e-09,4.45375699150611e-16,3.80385013060791e-16,1.79027604105545e-16,1.78558852250147e-16,-3.69097201962688e-16,4.57584303816612e-08,-2.31548487164583e-16,1.51686346554278e-16,-2.77298283746804e-07,-4.91890482223757e-17,-2.48091812003026e-07,-2.31694004260152e-16,-3.07290942798754e-07,-6.33462322453569e-18,-3.65335913873914e-07,-4.55147078516795e-08,-1.0909999905005e-07,2.28849028956192e-16,1.43804163098698e-06,-2.38010312600868e-16,5.85615173005787e-07,-9.05906392385022e-08,5.00710644658961e-10,3.59403215866968e-16,4.47459443776729e-06,1.48748165525589e-16,-1.92290083347249e-07,-9.80635734621684e-08,3.1361378602349e-16,-5.70446114200114e-17,-3.07487660863535e-16,-7.84965961712529e-17,-1.22168930986551e-08,-1.58352611223969e-07,-3.51671986827764e-08,1.14465464374433e-16,-4.54735404665138e-18,-9.59185000797553e-09,7.81462208176398e-08,4.34525196449893e-16,3.24469670086303e-17,-2.46637412436069e-07,2.95694515079033e-16,-1.05578493436184e-06,-4.94422671514216e-16,2.58003430867295e-07,1.49915420447856e-16,-3.42864364360487e-16,1.20122801746776e-16,-2.2140054585944e-16,-1.08477514435647e-16,-5.97475684111589e-16,4.69609931155703e-09,-3.28179620770755e-08,-2.21560302822122e-16,-2.13444514457947e-08,8.88839458757119e-07,-4.35241170046799e-16,-1.80505996503987e-16,1.56763653869252e-16,-1.53913400343877e-16,2.87042599077035e-07,4.54524564564483e-08,-2.9009843739943e-16,-8.41905476915601e-17,-1.49673999254485e-07,-4.82742697680882e-08,-7.2719039902067e-10,1.62133608135371e-18,1.13845325039384e-16,-1.2979440576667e-16,7.82323476392989e-17,-9.27093281284741e-17,-2.00846883309147e-16,9.77636668111961e-07,-1.03775419144593e-05,-1.74181919685253e-07,-7.56612893072634e-18,1.29388642223564e-16,-6.28737270783495e-16,-2.32175971402655e-16,1.31620198693463e-17,-1.51481451630485e-16,-3.52489182610814e-16,1.61030433083074e-16,-8.15471912325112e-17,4.79289966547147e-16,2.13022611596191e-16,-1.59163508415783e-16,-3.06092589954669e-16,1.11245470783834e-18,2.10967325954428e-09,2.74789098101382e-16,2.57965761360612e-16,8.8890834245095e-18,2.89822285868566e-08,-1.302988915393e-08,-6.06377342244551e-17,-7.39373671826643e-10,2.51626481726715e-08,-1.09099417197699e-17,1.06037386438519e-13,-4.6004706940403e-08,1.17582593359299e-16,5.46693214316286e-10,-1.13302919548522e-16,8.96811287227681e-18,1.08055350769894e-16,4.45670077801094e-16,1.76093446913087e-08,-6.37482850359802e-08,-4.62559114755318e-16,6.70075036978398e-18,-3.11735784698359e-17,6.19589301140427e-15,-1.2693374073712e-15,2.84588029300151e-17,2.29804474757885e-16,9.84833879134904e-17,3.19750938440862e-10,-1.11669591876449e-16,4.17060326709376e-17,3.56273030467368e-17,3.58593928370316e-16,2.19362939100893e-16,-6.11564933447038e-16,-4.51606465760554e-08,1.05260641762151e-16,-2.79321696288869e-17,2.74107019256586e-09,2.29281951889933e-16,1.71627482612455e-16,1.02064428074863e-16,-7.04982983886183e-17,-1.01359973441891e-09,2.37980905797498e-17,4.5723150544453e-08,-1.76411077655315e-16,-7.27073417788612e-17,-2.33950208004226e-15,1.2470908777447e-15,-1.04695855484607e-16,-6.06998520273775e-16,-3.00548580167668e-09,-6.15594734473589e-16,3.55646279920475e-16,-6.17907409433671e-10,5.17859228414563e-07,5.51559371483488e-17,-1.31681227032476e-07,-6.9620154524203e-08,1.45797978282261e-16,4.52005198402605e-16,-7.62151090499508e-17,-2.10540282791522e-17,5.7519063482542e-16,2.26180558720698e-07,5.27150871912187e-17,-9.9869402317428e-17,-3.04578849173646e-16,-1.03146733915451e-07,-9.07141910541385e-17,5.05608002999871e-16,-2.40323839108524e-16,-5.3941752725073e-17,5.50270175533349e-08,-2.39452051088875e-16,-4.63180600119782e-10,-1.40156594068335e-17,4.15216538266577e-16,5.20493769378784e-16,-1.64052545529626e-17,-1.06315450169814e-16,-2.96041183629127e-16,1.12614311185213e-16,1.00833555224872e-08,-1.94917707218703e-16,1.36548027004809e-16,-4.4685312149644e-09,-2.36705023448499e-16,7.54871276266844e-17,-2.30729966166105e-16,8.08489188596612e-17,1.65966889265667e-16,-1.4895944424402e-16,3.79541765464432e-08,9.6898573653156e-17,8.36992994733714e-16,-1.20970766906807e-08,-2.62749901252677e-17,-2.98345686393604e-16,-3.70646318510088e-16,-2.94327718793458e-16,-4.19661048809571e-16,1.01060020037176e-16,-1.79210894003223e-17,-2.50907420422378e-17,4.41367094208588e-16,1.15635755507501e-16,-8.45493531119338e-17,8.06441604007583e-09,-2.74965994165831e-08,1.73886605226193e-16,-1.33851955010496e-16,1.43251769793282e-16,4.55816981664174e-16,-7.9845005524388e-16,1.19405007285019e-15,5.31029581535595e-16,1.46873495394899e-16,3.02369145077612e-08,-4.82239807631799e-16,-7.7160695227439e-18,-5.17430002449104e-16,9.10541971280081e-17,-3.96618253973952e-09,2.08799111821193e-16,7.18674151310105e-10,-1.82834175109356e-16,-3.18615831517014e-16,1.96861607069229e-16,2.39226740144183e-18,2.78500444299466e-16,-4.51229108133001e-16,1.37501392569962e-17,5.74693245406671e-16,1.00240820922039e-16,4.35947497130731e-17,5.358181538846e-16,-5.57634017332572e-17,4.15158668569042e-16,-6.80893861965107e-17,-3.80806200026632e-17,3.01091163826202e-16,7.28459725417941e-17,5.31116711180866e-16,2.4281550860252e-16,-3.21867485505925e-16,-1.79572232180259e-15,3.43538231802474e-16,4.70368945753557e-16,-1.06354503275194e-16,-4.30994895355101e-16,-2.10392746272371e-08,7.43209390407944e-16,-3.22607519656193e-16,-1.04237927219891e-16,-2.33180418070554e-17,2.34808921511296e-16,-1.43505676813137e-16,1.98074093315866e-16,4.75263002106299e-16,1.01060533240379e-16,1.00931084331264e-16,-7.3327940663028e-16,-1.65376423996385e-16,8.36282926007818e-16,-8.71503331200676e-17,1.28614926598038e-15,-3.15086882988796e-16,-1.21687801505618e-17,3.92377529110939e-07,1.56587018315462e-16,4.3652168196256e-16,9.38599921373746e-16,-4.7156877873652e-16,-1.35810763403514e-15,-3.98412694236925e-16,8.65599922926372e-17,9.08429505735448e-17,1.44852527485376e-16,-3.85763243560202e-08,1.60514423967417e-15,4.19412983452545e-17,-4.15692721561248e-16,-8.21882796425763e-16,2.19350650751905e-17,-1.40279650879e-16,4.22158231412395e-19,9.25649536337925e-16,4.53053606823406e-17,6.00409881169145e-16,1.26700419570151e-15,-8.51446601126698e-16,3.95791494096544e-16,-1.23372291446109e-06,-4.68604589281252e-16,1.87926822536041e-15,5.12803806332499e-17,1.00828156207804e-15,1.53364081359006e-07,2.24162470653717e-16,1.165860508235e-15,7.47242530161052e-16,-4.01240355410654e-16,-6.41492286859988e-16,-3.36782099438943e-16,-1.30912342770123e-15,7.93206874003519e-16,-2.34409907911581e-15,3.7956496772467e-15,1.78750478021694e-15,9.8829216893382e-16,2.14242462694626e-15,-8.81286974957105e-15,2.55981828216375e-15,2.71280451591161e-14,-2.31860298489553e-15
"t294",0.039938844874004,-0.0139858603032235,-0.0154977249093405,0.00108562654277725,0.0127237910880425,-0.0528662414919209,-0.00815999566354608,-3.21765940867047e-05,0.101571542888046,-0.00651363460779231,-0.0143705175261041,0.00125388568336113,-0.00280298887670226,-0.000632306567372805,-0.0207767014378517,0.000651350776257978,0.000490816878762153,-6.70652195494366e-05,-0.0373650860119655,-0.0680968321953417,3.0812536665884e-05,-4.44155993848078e-06,0.000201106581505336,2.47326823815932e-06,-3.50647203210312e-08,5.73154998684813e-05,-0.000716183701749131,-4.11763886611781e-06,-4.01294884745084e-05,0.00103459513960462,0.00025177431291453,-0.00712954203305712,-5.25219081222593e-06,0.0079609511955403,-0.0672343583247662,0.000573822281103707,1.6862742084366e-05,-2.79766982525489e-05,-0.00310547130561654,-0.000651738732067825,-8.6027906972708e-05,0.00205791423481564,-6.32844660575692e-06,0.000421619872194859,-1.53900269602272e-05,3.48210749117013e-06,-7.12696882499395e-07,1.16237296264252e-05,-0.00290092395666423,0.0028782933881879,3.42009683116208e-06,-1.04990694925462e-06,4.10367948724326e-07,5.92270848996554e-08,-0.00228076023399267,-3.03295150972866e-05,-0.00022185707690379,2.66957993665817e-06,-2.19636669636467e-05,-1.99961719773463e-08,-7.02123946581601e-08,5.25073545087353e-06,-3.9806386805374e-06,3.15205117474874e-06,-4.87745831258851e-05,1.50203729537849e-06,-0.135450954371586,-6.11895340787876e-05,9.70682816630083e-06,-2.52211697947271e-05,-1.15020357924261e-09,1.81170094177995e-07,-7.06901573671002e-07,-5.64512831099688e-07,2.42812831160815e-07,2.64582266939297e-06,-2.33794987165359e-06,3.94218268971022e-07,-0.000146124993122956,-1.99067017205116e-05,1.51711641699749e-06,0.000123148850636033,-0.000255185947197681,-8.79295918356666e-06,0.0138549874500577,3.66731772934786e-05,-6.22023072392138e-05,-0.0581814227742764,8.66345295000353e-06,-9.51090698460175e-05,0.000274865764209879,-2.03556775591676e-08,-1.2928223470373e-05,7.07343617014558e-06,7.15734453818218e-07,7.46569862098896e-07,8.72458690998768e-08,-3.1813739771318e-07,2.84745887219016e-06,-0.000282355239532502,2.6587918734548e-06,-1.6617300843629e-08,3.28742281906437e-06,-6.2479324695004e-07,5.80567301708959e-07,-1.39146587561128e-08,2.58401351030227e-06,-2.9150133330835e-09,2.50388049383019e-06,-3.67769327058357e-10,-8.49458969970619e-09,2.72082200669073e-08,-9.99997029750641e-09,4.27799383394105e-08,-5.09090456321248e-08,7.26519907819451e-08,-8.67838399377895e-06,1.08711555666567e-05,-1.85393907047493e-06,7.16421895496191e-07,-4.27115819674456e-07,1.01123067480063e-06,-0.000117042728719212,9.20929033476469e-06,5.25288752007882e-08,-1.6017289689616e-06,1.67756726758475e-07,-4.32709036789036e-06,4.80821323440101e-06,0.000167613412716943,1.25564722297841e-06,-5.23930158149035e-06,4.28790788346653e-07,2.85882393355553e-05,-1.25585411611518e-08,8.39991223478755e-06,-0.000324025926229782,-1.33902739262233e-06,0.00333655590675341,0.000819937431500271,0.000138130243174126,2.03033264556917e-06,-4.95045884069366e-06,-1.02694632882302e-07,-5.77862250645626e-10,-3.12366875507224e-06,-7.94085443080967e-07,8.30278634938668e-05,7.01215611196874e-06,-3.69235583030011e-06,-5.4996596218046e-06,-0.0811761772211951,6.71788739231178e-06,-0.000762140731417752,3.89429721564512e-07,7.11827653057491e-05,-3.63695510617731e-05,1.16582500605089e-06,5.74382181592132e-05,7.18618540019384e-07,5.86364606304693e-07,-8.20823923176628e-08,4.79430259832826e-06,5.90796688497596e-07,-2.58637744531548e-07,7.09352437233079e-08,0.00118845189569592,0.27320331060648,-0.00409861770453593,-2.20610148525918e-06,2.23952688286398e-06,3.7440064055266e-07,-2.78678143943665e-08,-9.11379025449929e-06,-1.38698143432154e-07,-2.73892548145647e-07,-1.18214448841561e-08,3.66265354054351e-07,1.36813970316664e-05,1.51032131132193e-06,-6.07167255201376e-06,-1.66104997977554e-06,3.53105475890424e-07,1.44436607983582e-09,4.54642253587509e-08,2.2762320454958e-08,0.00020181845081951,-0.0219082705532491,0.00411068418555951,-1.15869545522737e-06,-1.47499234898424e-06,0.000143363393915904,1.56190752532009e-07,1.43668453779626e-11,7.5945903959059e-10,1.00523762672207e-06,7.93891915267335e-08,1.84385194485719e-09,-2.28359888748797e-06,-5.12581193899754e-08,-1.20274891847508e-07,-1.72488005707628e-07,3.37675719057729e-09,1.59374010678369e-07,6.05276679528901e-05,-3.17686063109446e-08,-4.59946588335071e-06,-8.22379249276092e-09,4.68011633836315e-07,6.50178479620357e-11,5.3830415349179e-07,1.78980216389503e-09,-2.04348374732323e-08,-1.58288429464191e-05,8.99950363815689e-09,1.14000844871356e-09,3.48700581887593e-10,2.65312304651075e-10,-1.25018329202401e-07,-6.60913203203103e-08,-3.22397747616392e-08,4.75178821594059e-08,1.09233480598625e-08,4.84556821720986e-08,-1.62980159402484e-07,-9.51338353185419e-09,-9.06071022859294e-07,-5.68906769273588e-09,-1.30900797506069e-06,-4.53527331231518e-07,2.51638255628284e-08,5.34745810979495e-09,1.66760489555551e-07,6.19260535242164e-08,-3.77146820423417e-08,-7.0329089018461e-10,-3.21891035758977e-07,1.03904522110656e-17,-3.20372159982365e-09,4.62515944836935e-08,-1.01220038475963e-08,-2.74941093445921e-08,-3.87021279877498e-07,5.36652208972266e-09,-8.25126597437831e-08,3.72191392298416e-08,-7.19126801505582e-08,9.89993022410281e-05,-9.87882455552847e-09,4.15347263765035e-06,-2.75841504730116e-09,3.05775533589753e-07,-2.71470624501269e-06,1.3990054832785e-09,-9.95510694467879e-11,5.11051076686666e-09,-5.81449454697875e-09,9.29200911407554e-08,2.7884817300852e-06,-5.89895365450172e-07,1.3919161633332e-07,-2.71459199345658e-06,3.43977598581336e-06,-2.36365504037212e-07,3.03487121928362e-06,-1.05888315974748e-06,1.60378746255439e-08,0.000150088064967518,7.96690940342387e-07,0.053107437882434,-4.53619350570687e-08,3.24228915558082e-06,-2.56641110012586e-07,5.46019439471562e-08,-7.77994027118471e-08,1.38998506229756e-07,-9.11142063693459e-08,5.85990873579512e-09,-8.52637229559703e-07,3.42315757388735e-09,-5.28182573026647e-07,8.61779430870172e-17,1.0372764835779e-06,1.00041965878543e-07,9.63066479717996e-13,6.34659162920984e-09,-6.68404417893397e-09,3.30648958197994e-09,8.14222261175231e-10,3.74440023329841e-10,-2.19914183334503e-08,8.99800608141692e-07,0.00749417046487408,1.96340182554891e-09,-1.06636927707071e-06,2.51495308851551e-05,-5.16670122472306e-08,5.75894232345148e-07,-6.78723876154383e-09,-1.17240033906003e-08,-1.80328949123494e-10,-3.05534993362643e-07,2.09258727960407e-08,-8.32450041647853e-11,2.17895936143526e-08,-1.90858222636178e-09,6.14238659622437e-09,2.69436815243071e-08,9.07261650186858e-05,-9.19084859095773e-09,1.90115246141512e-09,6.37957156279638e-09,-4.23449818752978e-10,1.47786671975725e-09,-1.42363814122283e-05,-8.03459766238422e-09,1.17658033689124e-08,5.40516248596689e-17,0.00231461231578068,1.09709960486515e-09,-2.38198692397574e-10,7.72460190249635e-07,3.34513990680271e-11,2.11234147714652e-07,5.34524771448126e-08,-7.64103086266254e-09,3.65772143561074e-08,2.66842320981207e-17,-3.64536028763813e-07,-3.15424978968773e-11,-0.000128359879680725,-6.39027408947304e-10,8.07079639606735e-09,-6.71535823533133e-07,-1.01081103846167e-07,2.79369290495097e-08,-2.96450530010161e-09,1.96109769940537e-07,-6.47322432988395e-10,-6.28439684918799e-08,-8.47291153547384e-11,-1.34442224510069e-11,-6.71343674883504e-07,9.66458709289266e-10,-1.95062352664098e-07,4.54089939893647e-17,-5.65358920355336e-09,4.5416061570052e-10,1.30917837561391e-11,1.26324837067017e-10,-1.951668818779e-07,-1.31099149661012e-06,7.5237801253287e-09,-2.97702823918376e-08,-2.69739697791877e-08,-8.13731688655826e-17,-0.000247736687953866,3.3973364506298e-09,1.63098416267979e-07,6.94917851296354e-17,-7.17553984050612e-09,-5.69532672992989e-10,6.38494314458564e-11,8.96535644040075e-09,-4.14785918943007e-08,-4.46590682109274e-09,-1.92163855347555e-09,9.10868618555367e-09,6.81797812896581e-10,4.35490243995856e-11,1.16870924821375e-08,3.56057021236924e-10,5.6817316067741e-17,-1.57153571845147e-10,5.84530783265596e-09,2.5256770717376e-09,-1.55874757126494e-08,8.39761438285288e-17,-2.83819819460861e-10,4.02677198282508e-11,-3.86828860664452e-09,-5.20176047334333e-11,-1.54873085718317e-06,7.27487611383639e-11,2.40756295403445e-10,-2.30947403436265e-08,4.15081209780423e-16,-1.77765958447627e-07,8.87972390235289e-10,-2.86323430136242e-09,-3.52899425435352e-07,4.68611179144543e-10,6.14467129785291e-10,6.44697338626458e-16,3.1326926607726e-17,6.93392434876693e-10,9.44244339205734e-10,-1.27128461698984e-10,1.510973075156e-06,3.52631319193386e-16,1.01145461980668e-07,1.35242879394035e-09,1.08405170502658e-15,-6.43904953640334e-17,6.61890336538411e-17,-3.92528203940703e-06,-1.16872465113093e-08,1.54663625679621e-08,-5.46381996349204e-07,-7.89803411009796e-08,-1.72742516498589e-08,7.64434797132386e-09,3.04679233139882e-16,2.42606749097052e-09,-7.88516626659716e-09,-6.64900994829777e-16,-1.11886879427158e-15,1.02411983427192e-08,1.93742668377186e-06,1.18127903404902e-08,-4.44575315307701e-06,-1.31316819572505e-07,0.113673697226015,1.36664461787388e-14,-1.38206963513636e-06,-9.10803048304386e-15,-1.1963325813149e-05,-4.10135646132582e-15,-1.92778120872842e-08,-2.80373531307048e-15,5.63112268675204e-08,1.40379460038008e-08,3.78963314415217e-07,4.85473796383413e-07,2.08516602863378e-08,-2.14993224601926e-09,1.25983557014387e-08,6.64224485635484e-09,1.799335644508e-05,6.08678767625834e-08,3.38963502002878e-09,-9.0112883450911e-09,-1.45521477615456e-05,-1.21429089161954e-07,-3.88936317297037e-09,2.37848852343251e-16,3.57233614352191e-08,-6.14011976559972e-09,4.48579719723042e-09,2.49781135705263e-15,0.0160149822834997,6.52583618261056e-08,2.75417370146867e-08,1.13459669763408e-16,-7.21359703553843e-09,-4.94133638350422e-05,3.21229374754711e-16,-5.63713548260257e-09,1.7332498298909e-08,1.03010226198939e-16,-1.76793464122826e-14,-1.79681936605751e-09,-0.000755861439918457,-0.00113502095558288,-8.53104323179809e-06,8.26388200503822e-08,2.22588471462439e-09,2.34684930139982e-07,3.11448474908706e-08,-1.68347021933e-06,1.98156569343023e-14,6.70201141919377e-10,5.79729442106408e-07,0.226861734519089,-1.22137304404722e-05,9.66608875504867e-13,2.15373523384747e-14,-6.85797206171604e-07,-2.34963802228743e-16,-2.51306769244275e-15,-8.60827835010371e-09,9.74374418594389e-09,1.81420111164391e-09,5.58189202871434e-09,-2.33336161053345e-08,-5.9790069396326e-09,-6.72371695135217e-09,-1.31994909325307e-15,-6.82698130731535e-10,4.66346052131362e-07,1.19897446355665e-09,-2.45908657710489e-10,1.69031886272634e-09,9.43749626039191e-17,-3.8063517797313e-16,9.10060936790707e-16,-6.19567823610378e-07,-1.08700231365573e-10,-7.08655760087669e-09,-7.87595168495037e-16,-8.91775584287719e-11,-3.06418485332196e-16,-8.26945099873096e-17,1.69184727165537e-08,-4.24035360220927e-09,3.60659348125406e-16,-3.5598887188911e-08,-4.83813762583937e-10,-6.81363210098779e-17,1.10685091039425e-09,1.35745686673117e-16,4.13535700321218e-08,-8.36791005231508e-16,4.12597875417699e-08,3.40409030147467e-09,1.23329897618555e-10,1.21818825933876e-08,8.36507382311291e-08,-3.97772329463103e-10,1.21124259140961e-08,1.37268222669568e-16,7.02305304033632e-09,-3.95363920682261e-10,-2.60042681126537e-16,-5.18968897999586e-11,-1.05011309076286e-09,2.42302961108082e-10,-1.81439846583232e-16,7.56434049645468e-10,9.94484489237e-10,2.14065952545281e-16,-2.73657577568089e-08,-2.06836953899659e-08,-2.7774520935741e-11,8.05271085792009e-17,-1.27480925617832e-16,4.7521277483839e-10,1.48851005686535e-08,1.19883959489928e-09,-1.65507387232206e-10,7.70268078927745e-09,-3.91822680180958e-17,-1.5694377455774e-16,2.77136320784713e-08,8.32230990137865e-11,5.75406028933421e-16,6.51975903999067e-08,-1.14075320969928e-16,3.16021604273844e-10,-5.75935886503049e-09,-1.41350857178225e-05,-3.94417853096972e-07,6.6367405235779e-17,4.28940603927847e-17,-1.44865694103026e-16,-2.37191340174302e-17,-3.02987691327842e-11,-1.04028573453892e-10,-1.55436642221756e-16,-9.38289645292512e-17,1.15531994584173e-17,1.40866299254606e-10,1.24400374714477e-12,-6.51080206779195e-11,-1.01058263882329e-16,3.04639385238009e-16,6.21011217418307e-16,-2.27050654204916e-09,6.89031054584795e-11,-9.68292983182597e-17,1.0925540690809e-11,-2.73260213557592e-10,-4.38090629444665e-16,7.47850656178726e-18,-1.74446420156041e-08,-1.70040079570829e-12,-7.90274582078384e-09,1.91366156009485e-17,7.35470010096234e-11,1.07724395548035e-09,9.88491721207014e-10,-2.81159379425225e-09,-1.52573057973808e-10,2.04245920825277e-12,-1.91189665208547e-16,2.76423789863495e-16,-2.86221426400918e-15,-1.6337271967872e-11,1.62012178176476e-11,1.63978148856927e-05,1.36490461162186e-11,7.25429935452564e-16,3.39824189516723e-17,1.82026596959412e-16,-3.00416457360638e-17,-1.17383450146849e-17,-1.16015296156791e-10,-7.7591778671642e-17,9.42236314125461e-17,2.38605391174036e-09,-1.79640256547932e-17,2.21435432627578e-09,2.81892564846231e-17,5.58166330550904e-06,5.41638580001553e-17,4.02649249464193e-07,5.15428745279931e-10,4.89383203978879e-10,-3.51542000440259e-17,-1.93729857667837e-08,1.11861728460204e-16,-3.47669985958242e-09,6.69271140548394e-10,-3.73258796885782e-12,-3.74018022588153e-17,-2.20489327345101e-08,-3.92524911833968e-17,1.76255842240216e-09,9.04230116453627e-10,8.08355795908519e-17,2.91176871843704e-18,-2.33182714550846e-17,5.56192125652039e-17,1.48758469151745e-10,4.51960186484203e-09,1.03353422226407e-09,5.14733181530252e-17,-1.02125139460826e-19,1.18187796001021e-10,-9.6866283497e-10,1.49852697164755e-17,4.55827915364221e-16,2.19621114158189e-09,7.2967371978873e-18,3.99272439411678e-07,4.06230904868159e-17,-4.30266273280308e-09,-3.86273373473726e-17,7.3794530525691e-17,1.01799785031771e-16,2.07292993141328e-16,-2.54276280232572e-17,-6.64454132417266e-16,-9.54569807030197e-11,6.6880878106143e-10,8.94107904829617e-18,4.65940387710953e-10,-1.99695710317768e-08,-2.04254188538442e-17,2.21313895335537e-17,3.29477657714079e-17,3.95950732574294e-18,-1.82489190171361e-07,-3.25465483288523e-09,-1.80889972635834e-16,-3.60519712332037e-17,4.05262569856404e-09,1.31270206027226e-09,2.00623350618504e-11,2.66708767254058e-16,3.49225616685988e-16,8.83470713374135e-17,-4.41740776343146e-17,1.56307561562819e-16,-8.34277880289664e-17,-9.38207622208679e-08,3.2947065028667e-08,1.75648854675936e-08,-1.79744697865872e-17,-6.96708766447749e-17,-3.64067381857929e-16,4.99334338780733e-17,-6.86365221818301e-16,3.52342654247513e-16,-8.47183328116515e-18,2.4733292601292e-16,-4.47927375852526e-17,-1.12684419629939e-16,-2.26829407021576e-17,-2.87953911470377e-16,2.33297990856869e-16,-3.35749160283408e-16,-1.38981425691242e-10,-4.08221543091477e-17,-2.26292249321855e-15,3.61037949047804e-16,-3.73087021370852e-09,0.0161368572846711,2.95160116159202e-15,-4.60004930880324e-11,-1.2147494233343e-09,2.14495689939967e-16,1.19328004321956e-16,2.79779470144718e-09,5.46136872539267e-16,-3.92340207996483e-11,-2.06036338010109e-17,7.10928973556962e-17,-2.16152290593728e-17,-6.83836583007025e-17,-9.02143169191672e-06,5.87104111569131e-09,3.43081746675022e-17,6.21034813837934e-17,-2.5860987824657e-17,-3.47439946308249e-15,-8.87529107771404e-16,-1.35797826201539e-16,-6.08701276854786e-17,5.04532316723827e-17,-9.4581217845962e-11,-1.43761976182019e-16,-5.89044270117602e-18,9.35236990574628e-17,6.03416964748544e-17,2.93956048567896e-16,5.16823636309947e-16,2.18277458001989e-08,-2.69036030638323e-17,1.84246195526526e-16,-1.49288013145429e-09,-1.03784955497615e-16,-2.69260870933319e-16,7.46341131109803e-17,-7.79129679471933e-17,-1.41636344417237e-09,2.24970479727672e-17,9.95674749456189e-07,-6.84185787858213e-18,2.88824017830306e-17,-1.62959809596386e-16,-2.91684569692292e-15,-3.66079590525178e-17,2.58551193772587e-17,-1.81662435824962e-09,-6.57770198983275e-16,-5.78324886038464e-17,-2.37936485547726e-10,2.35631900708971e-07,-3.03876142607575e-17,-4.18596351533192e-08,-5.74656304076381e-08,2.45436157933679e-16,-1.30814261453584e-16,-1.06768841425952e-16,6.87179116026474e-17,-8.99649580406614e-16,1.12011242728638e-07,3.23467324050396e-17,-6.72833415086787e-17,-8.15797521610801e-18,-4.66369854653894e-08,-3.5975307562848e-17,-4.46991157873562e-16,6.27905260617867e-16,-1.19319143725949e-16,2.23938481703466e-08,1.51511252309398e-16,-6.71164264744953e-11,-7.03941723760795e-17,-2.98654973937595e-16,2.43696954743234e-16,-1.66133574573211e-16,-1.10435418425259e-16,2.3077265198158e-16,3.04317865108119e-17,1.2722720049548e-09,-4.74408730761347e-17,2.08213790606101e-16,-5.4697790675217e-10,-8.04470631655044e-17,1.4834551361771e-16,4.64142752454099e-16,4.17092204329345e-17,1.17719892590062e-16,-5.7669621320741e-17,4.2590267821083e-09,-8.1777944372455e-17,-2.29864334632488e-16,-1.31031326744936e-09,-5.70570761842583e-18,-4.09560906455457e-17,4.01433358578094e-16,-7.25770484384431e-19,1.31688491365077e-16,5.13080244195767e-16,-9.07794753913482e-17,1.54344717504113e-16,-2.80061031363266e-16,1.06094776389629e-16,-1.46999398247099e-16,7.78574276729205e-10,-2.62190528267538e-09,-1.91831797307843e-16,1.20393454437355e-16,-8.20454416492064e-17,-6.91537102533075e-17,-7.90421533807898e-16,-9.91862784905189e-17,-9.01152057943583e-18,-1.18537026569786e-17,2.71350240211937e-09,-5.12694440688098e-17,-7.41776626961053e-17,-2.47685352716916e-17,-3.97005848737436e-17,-3.39687027323201e-10,-2.28838291886599e-16,5.86599342673845e-11,2.33607879342326e-16,3.87117504383597e-15,1.17281167608793e-16,2.2541265428171e-16,-1.8998331443152e-16,-7.7736969686436e-16,-1.95348674383087e-17,-2.32061591139793e-16,-7.07378616789249e-17,-7.25233029601243e-17,-6.2829323581522e-18,-3.50485701945593e-18,-1.24448752676994e-16,2.05849436330145e-18,-1.74147992649594e-16,-1.25217130395099e-16,-1.31345605621439e-18,5.13552635986601e-16,-1.99734194470656e-18,1.07476574798334e-16,6.5448601635029e-16,7.25961088983461e-17,1.0081078873832e-15,-1.16546003696558e-16,-1.19507556894522e-17,-4.04604589291749e-09,-1.25344969970193e-16,-6.73236808138972e-16,6.13385393913295e-18,-1.9089653334362e-17,-1.97679325093172e-16,-1.30061569874317e-16,-4.79313796210957e-17,5.89754751520768e-16,5.37893185200114e-17,3.96736615858334e-17,9.59014513032396e-16,-9.39496775151037e-16,-1.12379122241004e-17,1.95067492377909e-16,-4.99079289946102e-16,2.42409874103251e-16,-2.58065832870274e-16,6.3337389615199e-07,5.99846047470041e-17,5.91109057203556e-17,-2.64484323556023e-17,-9.93621729222468e-17,2.97538535538531e-17,6.62479131540141e-16,8.62347316408915e-17,3.66328419492693e-17,9.58465892890316e-17,-2.36237983710204e-09,5.39512810627462e-16,-1.49962486184679e-16,3.34466761581472e-16,1.04351119528603e-16,1.14200669953707e-16,1.04858460319973e-16,9.94098165793387e-17,-2.01703882612505e-16,1.82782196153503e-16,-1.57566782008945e-15,-8.96579827296054e-17,1.39188923873307e-16,-1.0131520198806e-16,-1.94416129387616e-07,2.54663407203921e-17,-3.02688646766671e-16,3.11814162681517e-16,7.781609285729e-15,8.6773771315726e-09,6.32668682568673e-17,-1.02650470474794e-15,-3.35998744630074e-17,5.40161368160091e-17,2.34109387639306e-16,-3.38516822914919e-16,6.44008084450807e-16,-1.37086066227755e-15,1.16823011991785e-16,3.94615882376933e-16,2.25880746459639e-15,-3.89728792295255e-16,8.12478768340658e-17,-1.12511740512808e-15,-4.15449319570974e-16,8.39503503077305e-16,4.03894171412497e-15
"t456",0.039905253112373,-0.0139610319683223,-0.0154693201231646,0.00108295704038615,0.0126854497930694,-0.0526791867120148,-0.00813055328667728,-3.20512060448889e-05,0.101103560217386,-0.00647718980786709,-0.0142682766227553,0.00124286717218381,-0.00277762770527546,-0.000626497757502884,-0.0205773956992169,0.000644728318533648,0.000485705631762428,-6.63539675661677e-05,-0.036959495099007,-0.0672926918686974,3.04184132574608e-05,-4.37272178267433e-06,0.000197810741439027,2.43249785527794e-06,-3.4484367734297e-08,5.63204737660022e-05,-0.000703599473532199,-4.04462020308211e-06,-3.93982536687256e-05,0.00101222161564417,0.000245955586568718,-0.00695700237008109,-5.11554803595842e-06,0.00774361242675228,-0.0653010555623702,0.000555942821388687,1.6330347816991e-05,-2.70787078819676e-05,-0.00300508230219036,-0.000630341545243839,-8.31183053101569e-05,0.00198653905316899,-6.10551312108734e-06,0.000406748326179102,-1.48372104351003e-05,3.3485928399997e-06,-6.84834775368387e-07,1.11651873698314e-05,-0.00278358586638293,0.00275872966012961,3.27299928506346e-06,-1.00402497189569e-06,3.92392805258624e-07,5.65814250473807e-08,-0.00217496615584307,-2.89147361672728e-05,-0.000210445834306074,2.52870650794163e-06,-2.08011365339892e-05,-1.88712937098273e-08,-6.60829869092574e-08,4.93519847770687e-06,-3.73726752725478e-06,2.95850665914805e-06,-4.56836348756959e-05,1.40416704796518e-06,-0.126084097251611,-5.68467646566262e-05,9.00968974400895e-06,-2.33710810784967e-05,-1.05633162259375e-09,1.65213649906645e-07,-6.43929099344783e-07,-5.1304347828912e-07,2.20610444921411e-07,2.40148426650312e-06,-2.12119399660448e-06,3.5696367755489e-07,-0.000131718234244015,-1.79108576118495e-05,1.36065813832221e-06,0.000110371676565776,-0.000227534319241002,-7.82785212308713e-06,0.0122502778279144,3.23643138550435e-05,-5.47883383514179e-05,-0.0512306665854958,7.62783276969686e-06,-8.37226102843431e-05,0.000241780243033909,-1.77795786231572e-08,-1.12847107674018e-05,6.14686254048787e-06,6.17163414091836e-07,6.42990009937714e-07,7.51371264164271e-08,-2.73156242309903e-07,2.44210151141878e-06,-0.000241123529090124,2.26254641062359e-06,-1.41363387724294e-08,2.79561918809397e-06,-5.22791342314214e-07,4.85188163277068e-07,-1.1617512634354e-08,2.15373562221901e-06,-2.42845718398011e-09,2.08418030964461e-06,-3.05730665845861e-10,-7.05868794370197e-09,2.25527478172872e-08,-8.28645407493089e-09,3.52175239628367e-08,-4.18509208358827e-08,5.95421665018618e-08,-7.10261597277603e-06,8.8637131393657e-06,-1.50613353996573e-06,5.80437205883725e-07,-3.45512141371498e-07,8.13722143944363e-07,-9.38655292930206e-05,7.38468769742786e-06,4.21012461084733e-08,-1.27939248147607e-06,1.33959175440405e-07,-3.44535647985181e-06,3.79807116257376e-06,0.00013238867431751,9.91148704763601e-07,-4.11511651759925e-06,3.36470810325863e-07,2.24180908211681e-05,-9.82191747218070e-09,6.56714684104372e-06,-0.000252054113137464,-1.03807952475571e-06,0.00257800593801987,0.000633484959763013,0.000106678790345694,1.56776855758852e-06,-3.82168955240479e-06,-7.9272533975873e-08,-4.46066106321437e-10,-2.41033299975172e-06,-6.13031587342817e-07,6.42610464922332e-05,5.43281726180744e-06,-2.86917899706756e-06,-4.27474639843292e-06,-0.0631861091677345,5.23386696334591e-06,-0.000594439909206621,3.08149965221555e-07,5.65032708087148e-05,-2.89385466365005e-05,1.04195307358945e-06,5.46051087043009e-05,6.91178606138727e-07,6.1020398311671e-07,-8.71353063640415e-08,6.02765800300943e-06,7.63743424012773e-07,-4.66810832554435e-07,3.05360646030872e-07,-0.000404106380334778,-0.0840443434301952,0.0012285414052234,4.3874967232771e-07,-2.51356080240516e-07,-3.81129930434812e-08,-1.88883552825571e-10,-2.83646584339267e-07,-1.01695213946721e-08,-2.24426994169088e-08,-1.01817519126632e-09,5.2189421140927e-08,2.37512659186645e-06,2.67599122480388e-07,-1.09416970297729e-06,-3.11021278788847e-07,6.68358446705628e-08,2.75805730439424e-10,8.74102680809349e-09,4.43761246696322e-09,3.94070190366636e-05,-0.004230033467443,0.000792867615816958,-2.2069976183342e-07,-2.66431979521651e-07,2.42975320952117e-05,2.57863264585545e-08,2.27160021662331e-12,1.15847291058739e-10,1.35113489014105e-07,1.03353542811159e-08,2.22960892443012e-10,-2.65177625617059e-07,-3.88373365989373e-09,-8.86763673168565e-09,-9.45640485237559e-09,1.19177965978912e-10,-2.44273515322982e-09,-9.42564020859878e-07,6.51555214922724e-10,1.6505797005866e-07,3.84966051047806e-10,-3.59463985868317e-08,-7.53998070690418e-12,-8.02836844974071e-08,-2.85819733552395e-10,4.2745790917008e-09,3.76771847479254e-06,-2.14910972215296e-09,-2.98679486916433e-10,-1.12883820241955e-10,-8.91647246757083e-11,5.06059661853816e-08,3.00885851939872e-08,1.52592247315434e-08,-2.61856262359698e-08,-6.23086269660334e-09,-2.86859410135663e-08,1.07638624388347e-07,6.41921439373991e-09,6.145807685997e-07,4.31861821206867e-09,1.06139520503607e-06,3.94987037494432e-07,-2.26249985696856e-08,-4.96742168230792e-09,-1.59668489569603e-07,-5.97996971077506e-08,3.93625791054617e-08,7.69798935483633e-10,3.70740478803481e-07,-3.96510623122744e-16,3.96548927761145e-09,-5.80716682845424e-08,1.40111939239537e-08,4.09858060633724e-08,6.12928560575166e-07,-8.52981199633379e-09,1.46598902746827e-07,-6.73702896265874e-08,1.31290276148395e-07,-0.0001882999820639,1.93169546575432e-08,-8.54233052603051e-06,5.80162903337991e-09,-6.49091766802401e-07,6.06177603372669e-06,-3.8680170780788e-09,2.97251515310503e-10,-1.62814986717207e-08,2.13921334076679e-08,-3.45447083385554e-07,-1.15023943546588e-05,2.58285636854148e-06,-6.64927053350448e-07,1.3342515019422e-05,-1.74247120178083e-05,1.24922429555636e-06,-1.71021331405704e-05,6.011492861521e-06,-1.08114118964697e-07,-0.00101592586730962,-5.41762351597282e-06,-0.379376395016147,3.30145293990265e-07,-2.50699629028168e-05,2.0072848964685e-06,-6.48866198290503e-07,9.75172339901488e-07,-1.81998396593283e-06,1.32550030579432e-06,-9.32901261650903e-08,1.70518378281576e-05,-7.37449458253996e-08,1.21067723649718e-05,-8.18263509200391e-16,-3.02286354801721e-05,-3.02056503582511e-06,-3.28921063087454e-11,-3.09666418090382e-07,5.03636434950202e-07,-3.32523082912016e-07,-9.7855929797104e-08,3.31721373758025e-08,-1.7631897592721e-06,7.03469615098565e-05,0.414825421403916,6.12517935804234e-08,-3.10582945136071e-05,0.000700626471673058,-1.26290462681727e-06,9.88843502628846e-06,-1.0489575741852e-07,-1.80181676726719e-07,-2.76682611465853e-09,-3.85793293230355e-06,2.26987254871668e-07,-8.89356663034333e-10,2.28008011772036e-07,-1.95190788099288e-08,6.24082118001016e-08,2.61466518694131e-07,0.000877941874594652,-8.85000508399104e-08,1.8248006307659e-08,6.06569071541203e-08,-3.99207631961178e-09,1.38511157462507e-08,-0.000133174755331966,-7.49923322492888e-08,1.09828114271469e-07,-2.32286168893753e-16,0.10380008697517,-1.24715686318632e-08,-3.72413682092074e-10,1.2960734848157e-06,6.00028107449554e-11,5.40128278850713e-07,1.8867366015559e-07,-3.25100218949509e-08,1.85755684542289e-07,-3.67122575592585e-16,-2.13638006164668e-06,-1.86584531530634e-10,-0.000772380383254025,-3.85223493105288e-09,5.01748327240229e-08,-4.23019960563629e-06,-6.4708538363336e-07,1.80652608865715e-07,-1.95677724609719e-08,1.31899575791981e-06,-4.40818440872723e-09,-4.31068610012049e-07,-5.8386784548558e-10,-9.3423983847138e-11,-4.66966847235565e-06,6.76399708531192e-09,-1.37190768610655e-06,5.18509339015239e-18,-4.14014434152799e-08,3.35698418799513e-09,9.67782933012114e-11,9.60898535028105e-10,-1.49139581644844e-06,-1.06721029337007e-05,6.25262940316197e-08,-2.48456100915083e-07,-2.28872295003313e-07,1.20722116085715e-16,-0.00214421212648704,2.96315078262553e-08,1.46614490783077e-06,-2.81572878321173e-16,-6.68347994309543e-08,-5.35187212929465e-09,6.02790452597063e-10,8.54722472239836e-08,-4.02185545687149e-07,-4.38751784388462e-08,-1.90794028747731e-08,9.34492438314606e-08,7.02312476802664e-09,4.59544846390563e-10,1.29066532274982e-07,3.94170733040278e-09,-1.27388633037546e-16,-1.92839208139284e-09,7.31764740237731e-08,3.3129613821887e-08,-2.21168344021691e-07,1.53798763736595e-16,-4.97353885032741e-09,1.00109009866125e-09,-1.20972639197093e-07,-1.85903588990102e-09,-6.71646078036618e-05,5.37750310740614e-09,-7.74029835076162e-08,4.48832664307701e-07,-2.30448881209693e-17,1.69722334534016e-06,-8.07584610376457e-09,2.36290525437993e-08,2.56605394608892e-06,-3.37565779692195e-09,-4.27791717952063e-09,2.89648246557224e-16,1.16328376930589e-16,-4.00805283576067e-09,-4.69726146776308e-09,6.21090722825821e-10,-6.50330919831083e-06,1.56932827059752e-16,-3.35259749499516e-07,-4.01204441794937e-09,-4.21624194590393e-16,-8.44482355550152e-17,-8.62091624765875e-18,8.31409672682826e-06,2.37260261619425e-08,-2.71129000067775e-08,8.4485293405059e-07,1.20328997249299e-07,2.29622412359417e-08,-1.00007173359949e-08,5.0433823692031e-17,-2.37385511662895e-09,6.92082364905718e-09,1.57627528239802e-16,1.38427416826223e-15,-5.55589348365416e-09,-9.17403644603246e-07,-4.57239881632008e-09,1.47880259644662e-06,3.09163234406901e-08,-0.0250703388340656,-3.44297618134424e-15,2.77157061393454e-07,1.53720854750506e-15,1.73529982819397e-06,-2.47062247261397e-16,2.0451065898844e-09,6.89564086677811e-16,-3.30530481514084e-09,-6.93428962109506e-10,2.48697552299167e-08,4.29028393710368e-08,2.03739698246099e-09,-2.95072928185632e-10,2.14469439094048e-09,1.61188655587566e-09,4.37763229040908e-06,1.61020611758282e-08,1.02528095291133e-09,-3.16997179418981e-09,-5.71348201596486e-06,-5.16021012240783e-08,-1.7156785115592e-09,-1.64823834517866e-16,1.76316930387546e-08,-3.38384336176194e-09,4.18023582180342e-09,1.17410892466508e-15,0.0252697884461543,-4.49396077891917e-08,-3.93813447307469e-09,-1.03562183344368e-17,1.48933784714263e-10,-1.00621088017912e-05,-2.69335548598143e-16,-1.43995901836431e-09,6.30785332159601e-09,-2.807905835646e-18,5.30211265105333e-15,-6.61451622659941e-10,-0.000278563628765715,-0.00153694849921733,-2.93008428669107e-06,2.59188746571357e-08,6.89788864279465e-10,7.14158582360454e-08,6.83992769329034e-09,-1.86043002937483e-07,1.69875113646103e-15,3.80766118989903e-11,2.71107666597948e-08,0.00212823998288714,4.92251188903842e-07,-5.04623173859833e-14,1.35539698579416e-17,8.08846182717912e-08,-4.66378848680108e-17,3.53495139844437e-17,9.25920122835177e-09,-1.37119357727167e-08,-2.5674948620752e-09,-1.45607329642533e-08,6.6584379934085e-08,1.73984790854814e-08,2.22750345004227e-08,7.54804673817994e-18,1.19355897935548e-07,1.34369773385987e-05,2.55677993474378e-08,-2.45026785061292e-09,9.719644138567e-09,4.90577797248335e-17,-1.05464666596309e-16,4.82307886013999e-16,-2.53954223013171e-06,-4.09421101879849e-10,-2.65445295604681e-08,1.62974620139246e-17,-3.14172579957542e-10,2.06901430974541e-17,-1.07414319519979e-16,5.13670123981806e-08,-1.28605617004302e-08,-2.01126379945665e-16,-1.06007121683695e-07,-1.42837089908332e-09,-4.82144834209671e-17,3.22368937936573e-09,-1.03320892359938e-16,1.19202307164582e-07,-5.2551656151092e-16,1.1885472835e-07,9.80132135886122e-09,3.54919324073958e-10,3.50344726374378e-08,2.40275487160666e-07,-1.14006913920284e-09,3.48136107761354e-08,5.07488893052247e-17,2.04213382594741e-08,-1.1515991205776e-09,-1.10639621758034e-16,-1.51530841943818e-10,-3.08092230513207e-09,7.14284798002193e-10,1.80141577940684e-16,2.27315162951774e-09,3.00152497053071e-09,2.19920644276703e-16,-8.30957437951247e-08,-6.30007045030827e-08,-8.56349952685018e-11,-4.84559063720245e-16,2.62333508042876e-18,1.51453663922288e-09,4.82064463120476e-08,3.89588216030823e-09,-5.86177400162e-10,2.77376079872282e-08,2.77187925913174e-16,2.48155105885021e-16,1.00997233964544e-07,3.03759842178019e-10,-4.56249754662758e-17,2.4306358675275e-07,-1.73644871842212e-17,1.2039765579801e-09,-2.26510434362984e-08,-5.57232124506949e-05,-1.56954499234072e-06,-4.87748654821816e-17,3.21226087981522e-18,1.45120252523438e-17,8.61105460553515e-17,-1.3258860198677e-10,-4.59232199745237e-10,-1.08781208232267e-16,3.33215265623501e-17,4.38624241984852e-17,6.42717211210059e-10,5.76108316376336e-12,-3.14859091847496e-10,-9.68298754096354e-17,-8.45647394451197e-17,7.16221595063804e-16,-1.3138292203895e-08,4.01629189773137e-10,-2.55448076152889e-16,6.9651668754355e-11,-1.81338717495944e-09,-9.72235109564233e-18,-7.26664298401562e-18,-1.28694779035111e-07,-1.26606192056416e-11,-6.32452794615576e-08,-1.00803984556631e-16,6.77168937298612e-10,1.0860027083978e-08,1.15539984656613e-08,-4.26702303552648e-08,-2.52608236774954e-09,4.09721031524233e-11,9.2794849923688e-17,-4.39859601549265e-16,1.04054499679052e-16,9.35589206755632e-10,-8.70947314986227e-10,-0.000581212118344922,-1.68649262277006e-10,-7.87677672133219e-17,1.52160455752592e-16,-1.78298082932604e-17,-9.84548028198991e-17,1.77538196203073e-16,8.00848703279552e-10,-1.11960987539432e-16,2.4292591287231e-17,-1.38064146376394e-08,-3.57449412835554e-17,-1.26995151418917e-08,-9.97465998686664e-18,-3.15391563726059e-05,3.063667085722e-17,-1.74584555475548e-06,-2.10912982172489e-09,-1.83847906761845e-09,-1.51272252717223e-16,6.57932102167697e-08,-2.60487878799521e-17,9.59013138114394e-09,-1.4349040526945e-09,7.91816118997631e-12,-5.8588151846671e-16,4.24167365409611e-08,2.83839756217284e-16,-2.91274400795547e-09,-1.48329186791477e-09,1.40466699077555e-16,-1.90618319070225e-16,2.11953599974269e-16,5.63781540859438e-17,-2.15585877316364e-10,-6.33941658131768e-09,-1.39569091161012e-09,6.7411090088562e-17,6.49500052096695e-17,-1.32975147957376e-10,1.08098034487365e-09,-9.71442988872723e-17,1.67430137483075e-16,-1.94062160105926e-09,-5.47196270682835e-17,-3.35180043273822e-07,2.78943900551085e-16,3.10115999809553e-09,4.41548890030193e-18,-2.40190418626111e-16,-9.04292601499089e-17,1.08522175227899e-16,5.94654020823578e-17,4.63257147360322e-16,4.91391089391084e-11,-3.42664750605987e-10,-1.827239548109e-17,-2.09571281243109e-10,8.48352634772467e-09,1.49469061574634e-16,1.96904779738217e-16,-2.60328324118036e-17,8.88438619457114e-17,5.92413643567558e-08,9.85633146361961e-10,2.94320660553015e-16,5.68981240748863e-18,-1.13153732412862e-09,-3.62548140007966e-10,-5.33790002179149e-12,-1.05606258777463e-16,1.81102732089143e-17,-5.17318493477136e-17,-1.8587930157817e-16,-3.55805691173484e-16,-5.29617069821237e-17,1.10294159790109e-08,-3.46219972614771e-09,-1.63207358604761e-09,7.90616246508654e-17,-6.55465310438695e-16,-1.89326429102724e-16,4.72220328542774e-18,-2.36855001105812e-16,5.79041504629838e-17,2.37018844368989e-18,5.32607371380147e-17,-1.24835128451846e-17,8.55077375004111e-17,-4.68518463889823e-18,1.02808950900306e-16,-9.04447778473025e-17,4.25664100804632e-18,-9.68520838009287e-12,-1.70781267317151e-17,-4.15098568213468e-16,-1.75654495841368e-17,-1.78325621657825e-10,3.23044948127488e-05,1.38963885730126e-16,4.68670433814993e-12,-2.15429620211289e-10,1.95561393270727e-17,1.86926712940925e-16,5.2479363500108e-10,1.72204662469869e-16,-8.47193369459923e-12,1.62251073494191e-18,-2.5075835343768e-17,4.08348160757923e-17,-6.40612156410207e-16,-2.36990476327635e-06,1.56056189712155e-09,3.61157870279668e-16,-3.29810491431855e-17,-1.5235806534299e-17,-1.57876405428709e-15,-1.42618104659859e-15,3.49640159649281e-17,-6.10869681199757e-17,-9.23361944439582e-17,-3.86487987018439e-11,-3.89196261026713e-17,-3.75491461377527e-17,-2.75816836091681e-17,2.9250652011659e-16,-1.72099749354438e-17,-2.77637147849669e-16,9.49740290265902e-09,6.05915122557479e-17,-1.70287914876234e-16,-6.56619282690979e-10,-3.68113445149578e-16,-5.19549282106019e-16,-7.99731166854527e-17,3.54166056102299e-16,-6.97087741371783e-10,-2.7376251961566e-17,4.98799365456945e-07,-4.00184443566385e-17,-2.99897761829323e-17,-1.59943903213943e-16,-4.39768420133865e-15,-1.24319914806595e-16,-2.07677624495544e-16,-9.41765758731225e-10,6.19636800639147e-16,-1.75965542853818e-16,-1.26432120988535e-10,1.25359500086731e-07,-1.04872303510512e-16,-2.27240816946965e-08,-3.13885029504638e-08,3.0547287347052e-17,1.56849292786752e-16,-6.2136058857316e-17,-6.30887873334911e-18,7.38555502681218e-17,6.64178757643951e-08,-1.59778192736929e-16,-1.47411717237132e-16,2.00117262118357e-16,-2.81781552536508e-08,-5.14058362365471e-17,-4.40863511675965e-16,-7.35262130848158e-16,-1.1983128649884e-17,1.38531560056769e-08,-3.35295523136594e-16,-4.18111206636294e-11,-8.09109334491889e-17,6.006674076137e-17,5.80124888865487e-16,5.3417365355104e-17,1.319921873425e-16,-1.39455482479144e-15,-1.3261561040354e-17,8.20892017856323e-10,6.17743773334349e-16,-2.68401484418528e-16,-3.55834301468174e-10,-4.5701034034391e-16,2.45706868706909e-16,-4.99310069069536e-16,7.98731369044243e-17,4.26931022540649e-17,-7.1872669780301e-17,2.84001363185234e-09,-1.52079309818452e-17,2.41579073548748e-16,-8.83009344301534e-10,-1.3988333363229e-16,2.53079538532523e-16,1.11027492319413e-16,6.45025043447981e-16,-3.93225244992049e-16,-3.33246070478607e-16,-7.29590810996436e-18,2.57583398473324e-17,-6.33290170834142e-17,4.65720771201747e-17,1.68611854163432e-16,5.44126909393322e-10,-1.8399566401202e-09,-1.23692511506822e-16,-1.47187641732068e-16,1.43401314847549e-17,-2.708666596087e-17,-2.13740879206977e-16,8.14973658554559e-18,3.02312353515326e-18,-4.27534645728154e-17,1.94414203503834e-09,3.64425116852676e-17,-9.92227328805205e-17,-1.75906318116171e-16,1.49432046195258e-17,-2.4745859518353e-10,1.284110982862e-16,4.35001976125332e-11,-2.46260002199758e-16,4.04330177096321e-16,-1.78272344610756e-16,-5.90819957784862e-17,1.70947588788904e-16,-7.89437918081814e-16,2.88205494545448e-17,-8.52606169852552e-17,6.9994340882857e-18,2.58138340843108e-17,2.85042191388702e-16,-1.20707111865139e-16,7.93812557502813e-17,-3.2093874069992e-17,-8.1557127119332e-17,4.15691333457919e-16,3.73925615015181e-17,-6.46218427921144e-16,3.07455636643557e-17,1.13981787833246e-16,1.94229643248786e-17,-1.93442353284247e-17,9.1691096684466e-16,-7.5563161576606e-17,1.28887106516415e-16,-3.17866064920915e-09,3.9431313130211e-16,-6.78155346645721e-16,-3.44153073118249e-17,-3.57577571584337e-16,1.04596240595787e-16,-3.0098129571153e-17,-2.97948400596253e-16,8.17111947090979e-16,3.44905198497694e-17,9.3558509558363e-17,2.34023721188195e-15,4.77338623853023e-16,-1.16715930930946e-17,-6.48767058467559e-16,-4.9723073124486e-16,6.69859625950966e-17,-8.37261235346052e-17,5.14396171449232e-07,5.42383332328309e-17,-2.03916541324628e-16,-3.53335387359982e-16,-1.015296168238e-15,-2.1183021215133e-16,-3.91473800333018e-16,6.79117149258868e-17,-1.83460199065289e-16,-1.05136438317964e-17,-1.97766938849148e-09,-2.55121266623534e-16,8.43945121545238e-18,-8.73442878784627e-16,2.25890183064228e-16,3.68229238967061e-16,7.98856270927946e-16,-6.67983764626889e-17,-7.07917876945988e-16,2.47055194051162e-17,2.14996900025904e-15,2.38204754230011e-16,4.53607553894103e-16,-1.45008549539226e-16,-1.67221659376025e-07,4.14041126559289e-17,5.8061086315727e-16,-2.4264682832757e-16,8.5798469002515e-15,7.55072034829667e-09,-3.6913412480793e-17,-1.23174417599944e-15,3.41967758085971e-16,1.01937872839868e-16,2.75851171279998e-16,-3.55035733868598e-15,1.57557969861177e-16,1.37683290345247e-15,-2.23871462795022e-15,-7.71660394565725e-16,3.76024738253386e-17,-4.71209057898362e-17,5.68488333149051e-16,-7.29817293039863e-16,-3.69516089133962e-15,5.60674045549609e-15,-2.88336389654323e-15
"t288",0.0396546005985472,-0.0137758982898944,-0.0152575274412957,0.00106306172218933,0.0123998135817611,-0.0512861832805565,-0.00791130578304151,-3.11176744512975e-05,0.0976211007804052,-0.00620617325863268,-0.0135087536512167,0.00116110239327729,-0.00258946196896014,-0.000583403428398456,-0.0190991675965959,0.000595627919501705,0.00044781547166896,-6.1082011256229e-05,-0.0339536255467351,-0.0613365752371134,2.75009110544713e-05,-3.86392808472742e-06,0.000173462425432756,2.1313184515167e-06,-3.01973333748456e-08,4.89734153573064e-05,-0.000610690467814642,-3.50557081499742e-06,-3.40013814179909e-05,0.000847368894800759,0.000203111118353076,-0.00568716685518123,-4.11067026163754e-06,0.00614611443252538,-0.0510986687978535,0.000424709929986037,1.24231917120538e-05,-2.04896536390675e-05,-0.00226852766468264,-0.000473375869253517,-6.17806509240597e-05,0.00146324287013261,-4.47130788539349e-06,0.000297734458016019,-1.07856088459281e-05,2.37068736731389e-06,-4.80800777625656e-07,7.80756742317286e-06,-0.00192458729254702,0.00188364208933195,2.19670367705222e-06,-6.68354407351949e-07,2.60889809376697e-07,3.72291256276267e-08,-0.00140131638911878,-1.8569141171232e-05,-0.000127044630582215,1.4992022679806e-06,-1.23054352879235e-05,-1.06517655039476e-08,-3.59091350785008e-08,2.62947049150412e-06,-1.95879988898703e-06,1.54413501870806e-06,-2.30929017960308e-05,6.8874996526349e-07,-0.0575785098102935,-2.50757222930934e-05,3.90872809398971e-06,-9.82978473778545e-06,-3.67728965927432e-10,4.78825892192657e-08,-1.80680730141095e-07,-1.34061148652119e-07,5.71084202824649e-08,6.01359659240531e-07,-5.23999028218108e-07,8.22027322743852e-08,-2.52288661726789e-05,-3.1438753062459e-06,2.00976578587627e-07,1.5627757429107e-05,-2.18413601413168e-05,-6.41241275508801e-07,0.000242650249777485,7.53570562520998e-08,8.53847886817741e-07,0.000948257996300579,-1.47022522098116e-07,1.77479629179933e-06,-6.79863076413567e-06,1.69426399596227e-09,1.14680533822349e-06,-8.91573260940127e-07,-1.37704413113174e-07,-1.51280838891036e-07,-1.77208803053809e-08,7.29856706679119e-08,-6.81378021700008e-07,7.82550975465183e-05,-8.20689880690215e-07,5.17635596960585e-09,-1.03455445008866e-06,2.90842892147732e-07,-2.77168608738359e-07,6.77297698118173e-09,-1.30106280517544e-06,1.48145092293581e-09,-1.29348467903033e-06,1.94682276415345e-10,4.5322451064687e-09,-1.51990270609967e-08,5.61636827156175e-09,-2.69337028665084e-08,3.28085809333667e-08,-4.92224611415182e-08,6.01032230222597e-06,-7.98648709506454e-06,1.43901722239027e-06,-5.79065668340017e-07,3.53131712222138e-07,-9.02379129572683e-07,0.000109578387463572,-8.63766036587434e-06,-4.96053751326707e-08,1.58720975398315e-06,-1.66896309257854e-07,4.48355752346792e-06,-5.57933545748141e-06,-0.000194736164499892,-1.47206736248281e-06,6.61229100473976e-06,-5.48952490002903e-07,-3.6979689463938e-05,1.69434026484739e-08,-1.13988778699845e-05,0.000480182237534691,2.12906954423069e-06,-0.00583959812686197,-0.00143894911958561,-0.000246440088550743,-3.65294371476419e-06,9.0282782574086e-06,1.88259797109811e-07,1.059410694925e-09,5.94397657942561e-06,1.62865988715338e-06,-0.000184052399586048,-1.58533713452867e-05,8.72302524281218e-06,1.30386944222551e-05,0.195757498092864,-1.63643953721014e-05,0.00187806025192468,-1.07056409378635e-06,-0.000199282107212793,0.000103156632957294,-4.68520498217225e-06,-0.000258388168701827,-3.29515028410237e-06,-3.02469648108452e-06,4.35129067568623e-07,-3.13278233379965e-05,-3.98494323631278e-06,2.4841038814002e-06,-1.60344552407041e-06,0.000220342768828234,-0.00413695560630296,0.000264169704333908,1.58662061711964e-06,-2.9842928798906e-06,-5.28342293639049e-07,6.49902716383825e-08,2.35065315217946e-05,4.26390769905589e-07,8.73750078718571e-07,3.84062077607627e-08,-1.57378480631396e-06,-7.41190530247694e-05,-8.49502445180594e-06,3.53838653900101e-05,1.07405133592442e-05,-2.37645265094441e-06,-1.0110836638664e-08,-3.30365248572565e-07,-1.87980509255598e-07,-0.00172193873370081,0.253778581755429,-0.0481490146383949,1.52612630979007e-05,2.86602382853531e-05,-0.0044100629571693,-5.96399847673703e-06,-8.4692584998955e-10,-7.43707206156477e-08,0.000107972068945423,5.90555161048436e-06,8.34708344453631e-08,-8.6599152223381e-05,-8.7694014789643e-07,-2.00700433747749e-06,-2.35945396398707e-06,3.93128241608331e-08,1.3726949005754e-06,0.000520708394495813,-2.66957611399774e-07,-3.60941349651746e-05,-6.17084869063478e-08,3.14658379805758e-06,3.87307834327332e-10,2.93671923132392e-06,9.5162128851849e-09,-9.74173512934302e-08,-7.13251730224812e-05,4.04932356445403e-08,4.91820146819771e-09,1.36015808395115e-09,1.01591898519443e-09,-4.35402897175247e-07,-2.16268851174454e-07,-1.03302015187051e-07,1.3995653509601e-07,3.1550513438673e-08,1.3701982882215e-07,-4.3248352325374e-07,-2.49272504625494e-08,-2.36678081384526e-06,-1.38896398958054e-08,-3.06926155026229e-06,-1.01703192666801e-06,5.53057333400628e-08,1.15110794468549e-08,3.52066896448233e-07,1.30022562898909e-07,-7.52726568268141e-08,-1.36003534962169e-09,-6.01521486070456e-07,-3.35197357745973e-17,-5.69898188531159e-09,8.14662746429856e-08,-1.66446981790845e-08,-4.28522474142676e-08,-5.76826916866308e-07,7.97681906053747e-09,-1.12669569697819e-07,5.00891009106326e-08,-9.61310310557844e-08,0.00012812114356402,-1.25045516320499e-08,5.04585857553591e-06,-3.28970828587153e-09,3.61882379957242e-07,-3.07899797125923e-06,1.3114066835842e-09,-8.66969709540734e-11,4.17294914391072e-09,-4.07799632376909e-09,6.4420334968539e-08,1.71481089204482e-06,-3.37216370574591e-07,7.10527090628822e-08,-1.33280184798368e-06,1.61878876125212e-06,-1.04577096271487e-07,1.21652780316689e-06,-4.19436799271768e-07,4.66265095845462e-09,4.32715276432151e-05,2.27526860181727e-07,0.0136427615375362,-1.11672327408485e-08,6.87300467251603e-07,-5.27639114361695e-08,-5.60824977862591e-10,2.79516179445757e-09,-7.8831615094079e-09,9.68154171239632e-09,-8.68428260482238e-10,2.16697242460078e-07,-9.89917906464621e-10,1.68378068560525e-07,3.68467442389268e-17,-4.54976675220429e-07,-4.57448093554026e-08,-5.05346368195108e-13,-4.75951319716895e-09,7.48450325749397e-09,-4.81076818479346e-09,-1.39336760234781e-09,3.17888422554944e-10,-1.62061327004915e-08,6.39035917934946e-07,0.00297892068901658,6.80889961250668e-11,-3.00896838862182e-10,-5.30653792508303e-07,4.1243306373264e-09,-1.09508515616829e-07,1.29327704825918e-09,2.22326825234901e-09,3.41435947677921e-11,2.97459181615043e-09,2.40261815420979e-08,-1.28357569432389e-10,5.27744575346259e-08,-8.77498579405256e-09,3.58964249933986e-08,-3.69331580193789e-07,-0.00107412051690464,8.84385254350916e-08,-1.63748146840544e-08,-4.23657506663732e-08,2.34421382747081e-09,-7.29523852447112e-09,6.7560055199931e-05,3.6053676850142e-08,-4.84243321960111e-08,2.5103426854306e-17,-0.00014670266947935,-6.31375862603722e-09,1.0682635369775e-09,-3.45631378510246e-06,-1.49327696176501e-10,-9.28888838915728e-07,-2.30949133447328e-07,3.2669869876715e-08,-1.55736491725825e-07,-2.1288729963766e-18,1.59138144247981e-06,1.38359542600082e-10,0.000569301617696407,2.83813701810279e-09,-3.69846019733681e-08,3.13646434596282e-06,4.85814122110929e-07,-1.37079569568605e-07,1.52502046685195e-08,-1.05654781679776e-06,3.59653509094982e-09,3.55428215946271e-07,4.84608021976078e-10,7.84653316707332e-11,3.92708836327243e-06,-5.73661872843737e-09,1.17121152629281e-06,-4.00306519119426e-16,3.71342738794994e-08,-3.04198267666319e-09,-8.77062176998482e-11,-8.96428269947466e-10,1.39740900472648e-06,1.05400930428488e-05,-6.26701709664215e-08,2.49750155926202e-07,2.32591111558504e-07,-1.17368680992101e-16,0.00220618773488837,-3.06280414695066e-08,-1.54144816489555e-06,4.3796193641732e-17,7.15569561505838e-08,5.7544299830651e-09,-6.49558062224303e-10,-9.25221491586037e-08,4.38664698032252e-07,4.81260523710273e-08,2.10203269735008e-08,-1.04298797180008e-07,-7.85050431218782e-09,-5.18234985211603e-10,-1.478036595629e-07,-4.51745815047985e-09,2.16891656792108e-17,2.27620421378295e-09,-8.68117112008554e-08,-3.97386553778652e-08,2.69704584473324e-07,-1.3156324806159e-16,6.27874760730433e-09,-1.31190846665521e-09,1.61130815533035e-07,2.49470708204089e-09,9.09315722768039e-05,-7.39877925761535e-09,1.0923423454599e-07,-6.71484569419014e-07,-1.44796909583338e-17,-2.65876416249096e-06,1.26986251991777e-08,-3.74413621242053e-08,-4.10826117878684e-06,5.40864009546022e-09,6.87377784926125e-09,2.60974046775566e-16,-1.64863891988847e-17,6.54222904587346e-09,7.76566567633689e-09,-1.02837484658814e-09,1.08821215177019e-05,-4.10755430453635e-16,5.72435589058353e-07,6.90195509185758e-09,-5.32389675101338e-17,9.70472081190582e-17,9.81052068459482e-18,-1.45373659944809e-05,-4.1532162007733e-08,4.75476092512416e-08,-1.47956888673979e-06,-2.10652045302801e-07,-3.99728560894768e-08,1.73929027758703e-08,-2.67613709889375e-17,4.00705048392941e-09,-1.1467390690157e-08,-7.35054426714958e-17,9.58535912984916e-16,7.87364391243659e-09,1.20363724689572e-06,5.11173386787812e-09,-1.38622864381494e-06,-1.20077668686092e-08,0.00649839783967024,7.50236019430948e-16,-1.5031490105007e-08,-6.54939825043377e-16,1.42178829465833e-06,-1.02045267084326e-15,4.07022319517688e-09,-5.87522527716836e-17,-1.82832337313351e-08,-4.87299598184621e-09,-2.38279671055143e-07,-3.3264130985068e-07,-1.47711663122347e-08,1.73469101040291e-09,-1.12006563027278e-08,-7.09425272758133e-09,-1.92450249266141e-05,-6.82399212007947e-08,-4.10534648265122e-09,1.19145893879963e-08,2.04629346498858e-05,1.77930214459236e-07,5.80214949986327e-09,1.45583247464734e-16,-5.57521217551678e-08,9.83351760740174e-09,-5.65240713415619e-09,-2.07164643081452e-16,-0.0031029554832193,-2.79746110510144e-07,-9.23864357572751e-08,-5.20980019751287e-17,2.27400487755668e-08,0.000138238277393027,1.23037217624361e-16,1.53185863126023e-08,-4.23196099023578e-08,7.16675415122068e-18,-9.1288832250013e-17,4.15161251707286e-09,0.00173498491020614,0.000232540082713324,1.84728405634433e-05,-1.57170944080337e-07,-4.17409378110682e-09,-4.30937109195566e-07,-4.01929185761789e-08,1.04585660497843e-06,-3.83892884724891e-17,-1.97277124383802e-10,-1.35194447907532e-07,-0.00128880927746553,-3.62703598743659e-06,3.54640933905411e-13,-1.68591995119623e-16,-5.28643529590834e-07,-1.73644262109021e-17,2.75066614320989e-16,-5.78550246322416e-08,8.58624025706067e-08,1.60781805857781e-08,9.18161673429757e-08,-4.20332161747938e-07,-1.09859388942604e-07,-1.40877908560647e-07,-3.26758538610323e-17,-7.70387998804471e-07,-8.71606067990226e-05,-1.66126821078604e-07,1.6058326150027e-08,-6.4775288380962e-08,-1.03244780500901e-16,-5.22303399272703e-17,-4.3887248949848e-17,1.73716256146036e-05,2.83414732802396e-09,1.83919024715056e-07,2.12133505326465e-16,2.20271069822324e-09,4.04515950991208e-16,6.38896237327305e-17,-3.80649514884697e-07,9.53710881451087e-08,9.60359343108733e-17,7.97508352057156e-07,1.08376623683526e-08,-3.13584604192941e-16,-2.4896564960426e-08,1.3476990471788e-16,-9.40962955889944e-07,4.45569407819571e-17,-9.40092647174775e-07,-7.76446465263327e-08,-2.81655479744215e-09,-2.78706841443905e-07,-1.92205541540727e-06,9.31460689807726e-09,-2.93206770963088e-07,-7.14406955338916e-17,-1.78882306220951e-07,1.01308930705848e-08,-1.66476033641038e-16,1.34073088578845e-09,2.75487449730771e-08,-6.44859395130594e-09,2.8461694009962e-17,-2.12210844121517e-08,-2.82112050051942e-08,8.50122064203036e-18,7.88131613824955e-07,6.00236146738421e-07,8.29800028306577e-10,2.32640673378918e-16,-1.65644842089321e-16,-1.52932029009967e-08,-4.95661379958842e-07,-4.02083012103236e-08,6.57623178251338e-09,-3.15663645569499e-07,2.46938685300829e-16,-7.902571064818e-17,-1.16092400786307e-06,-3.49605119048542e-09,1.58963974481738e-16,-2.8457955228218e-06,-7.82350806634874e-18,-1.43357995678539e-08,2.76159728034203e-07,0.000680531714419722,1.929782983407e-05,2.86371696332834e-17,-6.41166940315346e-17,-2.98822402595967e-16,-1.5804458158286e-17,1.73633760950302e-09,6.04650327370553e-09,-1.57121994340923e-17,-1.90349793231266e-16,5.8607573744288e-17,-8.63194449951617e-09,-7.8049878177592e-11,4.37088035846505e-09,8.85686960853857e-17,1.95118545447074e-17,1.07645093889184e-16,1.99497196155391e-07,-6.11879611169916e-09,1.45598307449499e-16,-1.10339975847028e-09,2.92067902874431e-08,1.12141973091729e-16,6.79769877864783e-17,2.16025985806042e-06,2.13259074229014e-10,1.09368959416334e-06,2.729703494242e-16,-1.22841537314989e-08,-2.02813262251106e-07,-2.25654020544279e-07,8.96279142056601e-07,5.42832484980178e-08,-9.23776629017028e-10,-1.39160384429415e-15,4.7907886820244e-15,6.72819810462683e-15,-5.27835082231968e-08,5.21069191413936e-08,0.102487534558179,1.34573153383399e-09,8.87188933828729e-16,2.08399188668726e-15,-3.73317314729839e-16,-2.55122016744055e-16,9.84487699625278e-16,-1.28369149040414e-08,-8.28510203335103e-16,-7.56708490159325e-17,2.44913867108442e-07,4.06717965307779e-16,2.26336521253407e-07,-1.57534575662144e-16,0.000566485579795517,-3.90775288335979e-17,3.56334035571552e-05,4.41952881717669e-08,4.0030623483913e-08,2.83800472636247e-17,-1.49849589481189e-06,-8.15945203394128e-18,-2.39855569447551e-07,4.04036611542651e-08,-2.24112751847962e-10,3.14913720979713e-16,-1.26011935516144e-06,4.66163208774551e-17,9.3585872724041e-08,4.78448694693944e-08,6.92867705958917e-16,5.83911458414791e-18,1.00396328697493e-15,1.16768215093386e-16,7.43665809234885e-09,2.22691496031674e-07,5.00874779398217e-08,6.31827016158686e-17,-1.88588227234601e-17,5.30980216010389e-09,-4.33781905235427e-08,8.52142410527517e-17,3.93858609125375e-17,9.01739035932777e-08,-2.88907296325151e-16,1.61076845098928e-05,-7.91392208930914e-17,-1.6522730389821e-07,1.37230255029776e-16,2.4029860576763e-15,2.56887925232886e-17,1.15244228697309e-16,6.09832851238375e-17,7.44857837588264e-17,-3.33847878711684e-09,2.33632717161033e-08,2.92156596737751e-17,1.57827053807638e-08,-6.67922324673271e-07,1.6871135879657e-17,2.06662599290586e-16,-9.34702075404021e-17,-1.09934537849208e-16,-5.78787547460907e-06,-1.01982065903308e-07,1.38252513741589e-16,-7.16138024907282e-17,1.25295488282618e-07,4.0514529902762e-08,6.15587992928847e-10,8.51049033627369e-17,1.20784218943292e-16,6.80724907119346e-17,-4.45328881453951e-16,-2.84244698391031e-18,8.58161710960209e-17,-2.62006391498427e-06,9.11896728360248e-07,4.81814998041841e-07,7.9170044868114e-17,-4.38668649396203e-17,1.15716721502082e-16,1.77110348710623e-16,3.06872388395668e-16,-3.85182248306683e-16,1.45159614560031e-16,9.69540846891806e-17,-2.49518378287679e-17,-6.43290027370856e-17,3.80323809570306e-17,-2.15455008219739e-16,-1.81284929425193e-17,-4.75682228367608e-17,-2.82740490394979e-09,-5.10136547305114e-17,1.85009256810355e-16,1.43546993247211e-16,-4.06508557453907e-08,0.00105072898817305,1.33542874867699e-16,1.04489393423594e-09,-3.7778197378861e-08,6.59599923094523e-17,-8.71629625604338e-16,7.43402741134581e-08,-3.62898243592404e-17,-9.7317303264693e-10,3.33896343887672e-17,1.9051193076392e-17,-7.98547347651138e-19,3.55750717414308e-16,-0.000210116775378344,1.36260637909415e-07,3.56608313520938e-17,1.12085201535375e-16,8.10385618486458e-19,-2.12441338780587e-15,-1.3073148009339e-15,4.86386879889094e-19,2.37935991051526e-16,5.30553168863479e-17,-1.90343736728763e-09,1.91936103425518e-17,1.42757177070544e-17,-1.02344488494e-17,-8.87208631342673e-17,-3.20635446984952e-17,-2.09058543449255e-16,4.28108616030914e-07,-1.61700015562258e-17,-1.10114694303288e-16,-2.91446251141897e-08,1.79709484725084e-17,-1.44820764711765e-16,1.67377171002543e-17,9.71866407785816e-17,-2.62461970118635e-08,3.83263996910555e-17,1.828618495069e-05,-3.74163591426733e-17,-1.44856851163896e-17,1.43037424320392e-16,-3.86382888791688e-15,1.28316600128213e-17,-1.34392828781441e-16,-3.27705763401495e-08,-7.00241857973322e-16,8.90765351425398e-17,-4.23473998144298e-09,4.1909069563582e-06,5.7974862796811e-17,-7.36061142836557e-07,-1.00690150780399e-06,1.06766700072783e-16,1.22718684008476e-16,-3.56914437395657e-16,-6.52571916784622e-18,2.66235687292585e-17,1.86567926331426e-06,-8.81406844230946e-17,-3.07297897890431e-17,2.45870593797245e-16,-7.67109217296782e-07,-6.93331604714713e-17,-1.86852964074416e-17,-1.061464619928e-16,-1.05441355918134e-16,3.62389837885663e-07,5.62098813479222e-17,-1.0807324389961e-09,-2.23640161349719e-17,-2.53038372241358e-16,-5.38081213867887e-17,-8.22163264228326e-17,2.28130285732098e-17,7.32380763194366e-17,-3.50540247073126e-17,1.9964588098906e-08,2.1142174026212e-17,-2.81422829957391e-17,-8.52948553019027e-09,-6.68620170213053e-17,1.56368609694103e-16,-1.06745231986073e-16,-6.10409537367622e-18,4.98488365924692e-17,5.18347981002951e-17,6.51370570678167e-08,-3.06036018311392e-17,-2.47380625261815e-16,-1.98690532334858e-08,1.82544820924395e-16,-1.29836745954196e-17,-2.9971178466262e-16,-7.42645317116216e-16,1.06155867172862e-16,1.94549993590521e-16,-2.10652757005303e-17,6.76085437052727e-17,1.25213740711815e-16,6.21845884039659e-17,6.19836872510295e-18,1.14473623799093e-08,-3.8410097844033e-08,-1.3189811056239e-16,-1.03718888102158e-18,-1.01628376134175e-17,-1.78709474947432e-17,-2.23028390151838e-16,1.33158247073124e-16,1.15129628170155e-16,-5.16007712862738e-16,3.90155850718953e-08,-4.41137097304055e-17,7.67960132655027e-18,-8.87364634483363e-17,4.73608495768425e-17,-4.80867273355911e-09,4.83980412831417e-17,8.16229412302058e-10,-9.7073783265753e-17,2.93633135285551e-16,1.31977590501846e-17,-3.92410960220016e-17,-2.30161798687527e-17,-1.73925334657194e-16,6.93697107055024e-17,-1.67551561876905e-16,-3.84258763656933e-18,-2.38426254155253e-17,-3.06774812390761e-17,6.28483159366569e-17,-2.36179506358416e-17,-4.86821673090202e-17,1.4720953127511e-16,1.77891361557391e-17,4.10755480621313e-18,-4.3249534027105e-16,-6.37968657763803e-17,-3.31444469730362e-17,6.04232308145463e-16,3.74927094551654e-18,1.57626448090939e-16,7.70925043093532e-17,-1.92036736539296e-16,-5.29949634462812e-08,-4.69571528994907e-17,-5.39644167335019e-16,-6.19540424929567e-17,-1.97007229839233e-16,1.11751974934191e-16,-3.5410720216332e-17,2.14337125903148e-16,-1.89512820759876e-15,-8.18443732579251e-17,1.80980383533719e-17,2.28974253989532e-15,1.59016866011277e-16,-8.74573249498313e-17,2.21372458664712e-17,5.43605753255388e-16,1.212533266733e-17,-7.20167400717617e-17,7.98295186043978e-06,-2.97873351347957e-17,1.01936891533533e-16,7.3840268599307e-17,5.44653917534143e-16,-3.0095797154809e-16,5.84633415555681e-16,-1.14518841000522e-17,-1.99397971000825e-16,4.61901297891956e-17,-2.8670143900227e-08,-9.99843612871788e-17,-7.42851745451917e-17,4.14069143586404e-17,1.04459539745851e-16,-6.85958163273491e-17,2.61091993375133e-16,5.17049209899768e-17,4.61285745862379e-16,-1.13747098021283e-16,-3.03819038469203e-15,1.26748770898501e-16,3.78255502906361e-16,9.38183982271011e-18,-2.27545752469679e-06,1.22390742160689e-17,-1.66761136649952e-17,-1.89954602744775e-16,7.55677612235836e-15,9.99149096545429e-08,2.87805138178616e-16,-1.01573301407691e-14,3.84034802378409e-16,-5.97264108196032e-16,-2.51287924982455e-16,-2.33897825136793e-15,3.45930087623869e-17,1.85836816977139e-16,3.12738344559916e-16,-3.4719524403765e-16,-2.18486079315737e-16,-3.61704638477326e-17,7.92963129235919e-17,-6.82220817667749e-16,4.61670237969798e-16,-6.33116459513732e-17,1.47924880510394e-15
"t287",0.039504732052865,-0.0136648412983343,-0.0151304528747606,0.0010510986327264,0.0122277309158988,-0.0504454489669759,-0.00777894933369718,-3.05535591616568e-05,0.0955116293442286,-0.00604146010229557,-0.0130448081048859,0.00111088350116744,-0.00247379554226523,-0.000556901253516638,-0.0181888968871779,0.000565336945575164,0.000424421928154767,-5.7825098455963e-05,-0.032095186656021,-0.0576429913192205,2.56861162234347e-05,-3.54480568778042e-06,0.000158149971009213,1.94185496618906e-06,-2.74999456909716e-08,4.43395423061156e-05,-0.00055205522159568,-3.16521218391151e-06,-3.05888722495943e-05,0.000742105041041469,0.000175639474844037,-0.00487050134787763,-3.4612097859694e-06,0.00511009104517249,-0.041852714924088,0.000338745196955576,9.86110686890895e-06,-1.61632110146172e-05,-0.00178462053852103,-0.000370121352536439,-4.77099169678386e-05,0.00111743512169145,-3.38995366347997e-06,0.000225592041667724,-8.10017346964484e-06,1.71879155084151e-06,-3.4454897404596e-07,5.56354406667796e-06,-0.00134916941969186,0.00129599707126029,1.47157057800564e-06,-4.41858888857778e-07,1.72137741371518e-07,2.41434908590484e-08,-0.000876264979896677,-1.15440326275272e-05,-6.98535289053769e-05,7.91378734817089e-07,-6.46249662005542e-06,-4.96287418311755e-09,-1.49273360320435e-08,1.02249314704605e-06,-7.17028326858686e-07,5.56132570490272e-07,-7.25916877319841e-06,1.85830292949177e-07,-0.00911475541288652,-2.53754881909458e-06,2.85596813042757e-07,-1.90160723062317e-07,1.27884702667337e-10,-3.71952558829892e-08,1.55583755426987e-07,1.41624270304818e-07,-6.18599360817203e-08,-7.09624291056603e-07,6.39602897223879e-07,-1.18303838519289e-07,5.27561219435291e-05,7.68464100750765e-06,-6.51199924188282e-07,-5.40235491946988e-05,0.000129808630097246,4.66123607669001e-06,-0.00864100365807971,-2.38269254312215e-05,4.20646361977333e-05,0.0395969331916047,-5.90593144646573e-06,6.51065772265442e-05,-0.000190962591613541,1.6136021153866e-08,1.03663276117012e-05,-6.11145359181853e-06,-6.96939381230854e-07,-7.39540546397881e-07,-8.64932106272427e-08,3.29120440748769e-07,-2.99177785492052e-06,0.000314087099422239,-3.0933746388885e-06,1.94094859532431e-08,-3.85677114613354e-06,8.82866523667986e-07,-8.31182706674972e-07,2.0124011064156e-08,-3.80445024589042e-06,4.31308151504907e-09,-3.73726234320682e-06,5.56184242255703e-10,1.29013495385093e-08,-4.23715263705836e-08,1.56192604705694e-08,-7.12318879195887e-08,8.59042469794922e-08,-1.26177319423334e-07,1.5265735682712e-05,-1.97959350184111e-05,3.48790177872919e-06,-1.38088625616463e-06,8.34536821251005e-07,-2.06925906097162e-06,0.000246612619134773,-1.9425824975216e-05,-1.1126570058748e-07,3.49433137645544e-06,-3.66869275129532e-07,9.70232261426676e-06,-1.15589348990664e-05,-0.000403250036538705,-3.03770174344228e-06,1.32617895631275e-05,-1.09490174356691e-06,-7.34615400047858e-05,3.31102662486219e-08,-2.22246323014731e-05,0.000904172474418382,3.89669911322633e-06,-0.0102713146933594,-0.00252808310037511,-0.000429963217461851,-6.35055147182163e-06,1.56050204244719e-05,3.24678810641338e-07,1.82703890575145e-09,1.00874825262606e-05,2.67409941411712e-06,-0.000291701362075959,-2.48974020046564e-05,1.34196273272191e-05,2.00253880473757e-05,0.298231350344828,-2.48110404909105e-05,0.00283175106510918,-1.53022792476912e-06,-0.000282281349496752,0.00014517330788138,-5.53971605472784e-06,-0.0002898557987993,-3.66498276615794e-06,-3.20075640754605e-06,4.5551349730915e-07,-3.04929923238996e-05,-3.84196771359737e-06,2.20429822574093e-06,-1.29558883847277e-06,4.72338346760065e-05,-0.0197737885348882,0.000407226927791673,9.51379355690274e-07,-1.53317082265262e-06,-2.66543676438369e-07,2.55544596796323e-08,8.46396889181355e-06,1.22839247151364e-07,2.36066535912718e-07,1.00221052119434e-08,-1.31082352935307e-07,8.79087340648103e-06,1.32188875596718e-06,-6.7778712085768e-06,-3.24156739587285e-06,8.22169196580942e-07,3.9447908919162e-09,1.42959408620451e-07,1.09467470905845e-07,0.0010695330456758,-0.250651922340627,0.0481907517406731,-1.73739719087567e-05,-4.47517355981014e-05,0.0086939503054651,1.26890781812021e-05,2.01242449396484e-09,1.91518616772535e-07,-0.00035068907538928,-2.0150452320258e-05,-3.1592119578634e-07,0.000345136335714196,5.21363489719697e-06,1.21631846784441e-05,1.70421834170742e-05,-3.39807160391196e-07,-1.91925147239959e-05,-0.00729825187160173,3.93269052086711e-06,0.000624323605008092,1.20382775965616e-06,-8.88453339012108e-05,-2.09431341504349e-08,-0.000439050611953707,-2.8589649897216e-06,-9.39009961566792e-06,-0.00417950840164638,2.34962827602766e-06,2.23202108671951e-07,4.14262822041479e-08,2.9275050108228e-08,-9.9629122823543e-06,-4.40724228881252e-06,-2.03419416918949e-06,2.44988872162475e-06,5.39485766981484e-07,2.28733524103448e-06,-6.77298514784863e-06,-3.85954147416018e-07,-3.65456951689202e-05,-2.03226379354437e-07,-4.36893818794153e-05,-1.40954191325332e-05,7.58192144663305e-07,1.56150310287306e-07,4.73194596629867e-06,1.74318902610825e-06,-9.88182881477719e-07,-1.76549791743338e-08,-7.72557143418927e-06,-4.59177508692406e-16,-7.22728251774394e-08,1.03090440982616e-06,-2.0826905407796e-07,-5.34397772572335e-07,-7.21413088195846e-06,9.98049735999314e-08,-1.49141142946308e-06,6.88277867737419e-07,-1.3586699355798e-06,0.403830335848826,-1.03842750458656e-07,5.29058407076235e-05,-3.53239636112975e-08,3.91191408812846e-06,-3.40032380791959e-05,1.47006022533939e-08,-9.68687823416251e-10,4.63881918265399e-08,-4.44067562690139e-08,7.00008374852276e-07,1.81278435333033e-05,-3.48580665714956e-06,7.01999660159368e-07,-1.29201243481806e-05,1.53354193564345e-05,-9.5337570294741e-07,1.02815690858425e-05,-3.507835924372e-06,2.493546737623e-08,0.000226971108642677,1.16664210962381e-06,0.0504689404844567,-3.4226716686866e-08,3.69773396916201e-07,2.10125532040893e-09,-2.56565856344427e-07,4.15058903279487e-07,-8.14968360969169e-07,6.53067755093489e-07,-4.87576711357619e-08,9.73049669267904e-06,-4.27306172881786e-08,7.07911517852468e-06,4.34315260672113e-16,-1.78770626214192e-05,-1.78491015661458e-06,-1.93124786520136e-11,-1.74673316446552e-07,2.65717031957074e-07,-1.67779173733854e-07,-4.81203828837518e-08,7.69728812046313e-09,-3.6767858659369e-07,1.42116920614862e-05,0.0338182527661548,-2.37989896909738e-08,1.5310252683895e-05,-0.000399534545549843,1.08034339754867e-06,-2.50590956473382e-05,3.85101416328973e-07,6.75544449594368e-07,1.0438498552429e-08,3.52764022849287e-05,-7.17117928689634e-06,3.46517378325732e-08,-1.26528704581544e-05,1.88964234047601e-06,-7.53216439598541e-06,7.01767167107054e-05,0.204354528749286,-1.69258124540251e-05,3.15554016558127e-06,8.50429234718531e-06,-5.12486885066079e-07,1.82108964627178e-06,-0.0182939235700377,-1.17752991014469e-05,3.94272156195683e-05,6.92429864019134e-16,-0.000315111976424063,-7.77625931289467e-08,5.64215281772187e-09,-1.76103065986333e-05,-7.31582278615674e-10,-3.15350300572395e-06,-1.57258897754766e-07,-7.96053568648855e-08,1.40623160225044e-06,2.31636812240519e-15,-7.36949575023609e-05,-8.88194014124971e-09,-0.16867113338993,-1.45245918042517e-06,-1.32242763664761e-06,6.784590604492e-05,6.3647034517495e-06,-1.35372139172573e-06,8.77774544182883e-08,-3.78708726220825e-06,9.40664710312863e-09,7.69801760200026e-07,9.27868454458226e-10,1.18783722617871e-10,5.78412625668508e-06,-7.0176433065188e-09,1.22359093747449e-06,7.99950432916521e-17,1.19322305737054e-09,3.76754860568641e-10,1.09917539706546e-11,4.44746403716427e-10,-7.60502629504756e-07,-1.05910640630772e-05,6.90427660776172e-08,-2.79561595894318e-07,-2.75007592947242e-07,1.78943772748187e-16,-0.00275153132566078,3.88839223803906e-08,2.07386703627362e-06,-1.30661673366978e-18,-1.01267930958011e-07,-8.22887310182062e-09,9.33703667829439e-10,1.34372091658081e-07,-6.47402976217173e-07,-7.18235344832483e-08,-3.16297677705465e-08,1.60426825265621e-07,1.21040766737117e-08,8.09482993426496e-10,2.3546986395753e-07,7.20342776795425e-09,-7.24195828925312e-17,-3.73556378211651e-09,1.43030609160201e-07,6.59787032701228e-08,-4.52021434535435e-07,2.90070936835135e-17,-1.0656462781462e-08,2.23695835384111e-09,-2.74630508641261e-07,-4.24924385692796e-09,-0.000154713006629752,1.25515262525859e-08,-1.84036802432656e-07,1.10287525592792e-06,-1.91204645073471e-16,4.24098836277179e-06,-2.0199646510593e-08,5.92096982305051e-08,6.44293050682947e-06,-8.4768046412646e-09,-1.07473019168568e-08,3.22345936767495e-16,9.35601313083939e-17,-1.00858202921752e-08,-1.18216898852584e-08,1.56300364231974e-09,-1.6348442461154e-05,2.91482316665203e-16,-8.37750167294535e-07,-9.98105540221994e-09,1.91965452970868e-16,-6.64504794917558e-17,4.04134850817573e-16,2.02282546514352e-05,5.74999120777727e-08,-6.46754846435448e-08,1.98192991241171e-06,2.81661999805652e-07,5.2554638789177e-08,-2.28222558314025e-08,-1.53721445386988e-16,-5.06980937550967e-09,1.43084162325214e-08,-6.3147984025584e-16,1.86823110439576e-15,-9.18024740231051e-09,-1.37024879057095e-06,-5.55777089377145e-09,1.430031427679e-06,7.46957665516279e-09,-0.00187319917673605,-1.43016127074061e-15,-5.21694719866104e-08,2.55789999844446e-16,-2.24378939292988e-06,-6.98079331824167e-16,-5.63199272201177e-09,1.24803175030112e-16,2.35650969379622e-08,6.22076952833182e-09,2.8163903435266e-07,3.88915309111149e-07,1.71963939397905e-08,-1.9851105594942e-09,1.26455103726655e-08,7.78603699342204e-09,2.1116662865155e-05,7.4272167277581e-08,4.40451163575804e-09,-1.25479767102201e-08,-2.12254598770022e-05,-1.82387700508148e-07,-5.91302175544634e-09,1.1763342528467e-15,5.5797420539002e-08,-9.66593913448745e-09,5.12329966139889e-09,-1.15115878637433e-16,0.000734002993000594,2.68008724183135e-07,8.68858715412879e-08,-3.43423125721984e-16,-2.12309268762295e-08,-0.000126131895514342,7.04494842728339e-16,-1.38430599895586e-08,3.63488661609725e-08,-1.70859242570899e-16,-8.72466781574661e-16,-3.49968417745634e-09,-0.00146002611517806,-4.46979313445665e-05,-1.53014448068492e-05,1.27558689422287e-07,3.38175656034422e-09,3.48275013698974e-07,3.1614319976741e-08,-8.02590818303194e-07,2.51782428373589e-14,1.49033830138773e-10,1.01614610711643e-07,0.000251147910198197,2.78650580436658e-06,0.466872681750905,1.59721846567618e-13,3.99476658252221e-07,-2.76223906629245e-15,-1.55029616327562e-15,4.14165487182501e-08,-6.09371904235672e-08,-1.14087397855329e-08,-6.39385699778955e-08,2.91967857649344e-07,7.62682999751046e-08,9.74606146252467e-08,-9.56524525035931e-16,5.13507141882405e-07,5.7637917244729e-05,1.09569192877821e-07,-1.04536621462172e-08,4.1169382198891e-08,-4.23561428307739e-16,3.19777409231528e-15,-1.56175322556511e-15,-1.06639188147663e-05,-1.71366912244459e-09,-1.11078436369663e-07,6.30905092523455e-16,-1.31094211514099e-09,-9.88152206268155e-16,-4.7907882424801e-16,2.12169677098862e-07,-5.31144515853265e-08,-1.13956005585241e-15,-4.36941176516136e-07,-5.88109865395385e-09,1.2532304393986e-15,1.32458252887312e-08,1.02153886159377e-15,4.88713179884859e-07,-7.23034771411173e-16,4.87198406413586e-07,4.01710044661602e-08,1.45441799109923e-09,1.43535925433357e-07,9.83936544518925e-07,-4.66089929311679e-09,1.4204667392657e-07,3.405561300106e-16,8.31615312582737e-08,-4.68881666982517e-09,-2.99616060422258e-16,-6.16830411264994e-10,-1.25365591255395e-08,2.90557038952617e-09,-2.30554204996825e-16,9.23857706929083e-09,1.21971449825065e-08,9.90321020445701e-17,-3.3761543298729e-07,-2.55950679414605e-07,-3.47823340955637e-10,1.07278893683793e-15,1.67457150527033e-15,6.1497560630052e-09,1.9573794052682e-07,1.58189437786164e-08,-2.3818322354892e-09,1.12732807686158e-07,-1.4434987874919e-16,7.17076830101224e-16,4.10550883587421e-07,1.23480351380771e-09,-2.53466531931747e-16,9.88397776654539e-07,6.63359205316598e-17,4.89763373562306e-09,-9.21929810632374e-08,-0.000226810995016802,-6.38962297302665e-06,-2.31679771980486e-16,6.53370453632346e-17,5.10534519164463e-16,3.16835969965791e-17,-5.40722120938226e-10,-1.87314068298659e-09,1.33807814821051e-16,-4.66973439605816e-16,4.53040324094514e-16,2.62315850632548e-09,2.35195891061144e-11,-1.28641097733945e-09,-2.01780645706232e-16,1.60729953367055e-15,1.56769718793469e-15,-5.38351555671129e-08,1.64587778455425e-09,4.02138562839079e-17,2.85772817406039e-10,-7.44354017979346e-09,2.19803248819539e-16,-2.60753110911126e-16,-5.28816337899029e-07,-5.20275531804546e-11,-2.60040669338832e-07,8.63957391474151e-16,2.786200478721e-09,4.46926777224977e-08,4.75462859309736e-08,-1.7539172583703e-07,-1.03764352131815e-08,1.67990846686174e-10,-4.71741352726153e-16,-1.30829269439382e-15,2.28306602860555e-16,3.29965524883036e-09,-3.01527774240161e-09,-0.000704917162998634,-7.67035853422479e-10,2.31033848931667e-16,-8.43040380664964e-17,4.24622494442761e-16,-1.43340772760799e-16,-4.80431953082736e-16,3.58366407356278e-09,-1.89264602437649e-16,3.27977619800421e-16,-6.18284398405872e-08,1.78168147347835e-16,-5.68766572896721e-08,-1.75857592377149e-16,-0.000141275833653721,2.41730833840148e-16,-7.86079342727514e-06,-9.51263055108346e-09,-8.31589332183874e-09,1.3701710494667e-16,2.9879315258241e-07,9.570711609017e-17,4.40090848752095e-08,-6.69761003896982e-09,3.69901218491105e-11,6.80182856585417e-16,1.9976909990951e-07,-1.698988529679e-16,-1.39178300843285e-08,-7.09295683613432e-09,1.05260598678961e-15,1.50548330502747e-17,-4.18835223977796e-16,2.17921047836562e-17,-1.04509873090483e-09,-3.08515407862841e-08,-6.82415705782379e-09,1.4081157716583e-16,2.04703665243051e-16,-6.66636244390658e-10,5.42585650782908e-09,-3.62828985929363e-16,-4.12184343927676e-16,-1.01274117822145e-08,1.86808600089851e-17,-1.76615725323062e-06,1.5948652532762e-16,1.68603548310463e-08,-3.6865847865196e-16,-4.73727566579495e-16,-1.15582750551573e-16,-2.74201191659485e-16,-1.11513280518606e-16,1.32907377554551e-16,2.90574666283477e-10,-2.0289833127979e-09,-1.54881869214264e-16,-1.28988150771835e-09,5.31689271448658e-08,-1.20714119808754e-16,4.3056491462524e-17,2.48168472456523e-18,-3.5022890079136e-16,4.08340823768566e-07,6.98181748209212e-09,1.4053582276261e-18,7.1500884277359e-17,-8.28732029810768e-09,-2.66752038628067e-09,-3.99058641813207e-11,-2.61189270529133e-16,-2.73431690972438e-16,3.43459842523253e-16,-5.39437630025694e-16,2.97802205883102e-16,-5.14839117551292e-18,1.27261413427478e-07,-4.29254473506706e-08,-2.19646095749081e-08,2.06672220352409e-16,-2.61140980305715e-16,-5.88253449634733e-16,4.93814812734281e-19,-1.86439600085235e-16,-4.16959442462717e-16,1.16428256989165e-16,4.94660295343155e-17,1.41906876516751e-16,1.89049044972777e-16,1.94916435315683e-16,1.31277162819703e-16,-3.52930123806043e-16,-1.39579554897101e-17,5.94228798684253e-11,-3.80032286606854e-17,3.00498641064085e-18,6.61349581317449e-17,7.22964785883272e-10,-5.28434087766336e-06,1.65201578304276e-16,-1.74488610168877e-11,4.81071768470703e-10,-1.63131926736735e-16,-3.59498071804474e-16,-5.8676804233706e-10,3.80294903710824e-16,1.95382009867303e-12,-7.52474232942803e-17,2.28844313452337e-16,1.06645887945662e-16,5.25710785560137e-18,-1.50836707473756e-06,1.06259873704867e-09,1.97778980244363e-16,-4.65144035095907e-16,-3.36701750676251e-16,-1.04750694697873e-15,-5.90631320056263e-16,-3.9145269847362e-16,1.74510163961124e-16,2.25226621877046e-16,-7.46469858634421e-11,-2.57277943641252e-16,-1.08998069304548e-16,-2.38784266809344e-16,5.89211938168657e-16,-6.49299841494493e-16,-1.08590180451618e-15,1.96293794573928e-08,-1.03448276441309e-16,-2.76864988431559e-16,-1.3717898773111e-09,-1.05549762250539e-15,3.94926122114238e-16,2.63285291123458e-16,-8.67749295266464e-16,-1.60749901118146e-09,-4.17432547037622e-18,1.16604522406797e-06,2.43934104617316e-16,-1.40686817993702e-16,-9.33543644136356e-17,-3.97461941945001e-15,4.5052407704522e-16,-6.77348972064897e-16,-2.2575198590221e-09,9.51019111755525e-16,-1.00058071943014e-16,-3.08300047228369e-10,3.05934856598097e-07,-8.3783101593018e-18,-5.62047312638648e-08,-7.79446222331063e-08,7.69511403294311e-17,5.67771598348362e-16,1.63059645167793e-16,1.30983401541416e-17,5.39918426934756e-16,1.73225805544488e-07,7.49643941162024e-17,4.2353398433901e-16,6.9136926647154e-16,-7.42482603113336e-08,2.41083716780589e-16,-5.8010188421337e-17,2.36146619682227e-16,-8.7226759420378e-17,3.69566722951124e-08,-8.47364010751933e-17,-1.1194059515684e-10,8.31288552478679e-17,-3.41704007710814e-16,-9.85571468420831e-16,3.02675444809522e-16,-3.44328461340248e-17,1.62576335332242e-16,-1.57552260370706e-17,2.23599689336678e-09,-2.93037158497275e-16,5.32607080613765e-16,-9.73019384890354e-10,3.60746005129171e-16,-1.46991158167341e-16,-2.35731498205612e-16,1.34733766832191e-16,3.66435870958236e-16,-7.51252762977575e-17,7.85439998178986e-09,1.45579251197755e-16,-1.77740286662685e-16,-2.45352311606733e-09,-6.42154964163826e-16,-3.13741357242898e-16,-9.52486978616138e-16,-7.16784097055178e-16,3.91213845237903e-17,4.74227032711702e-17,6.39361746223333e-17,-3.73195924427335e-18,-3.3589744324627e-16,-6.37997040388498e-17,-3.55945082726658e-18,1.53547429486841e-09,-5.20095046451884e-09,1.17289470611979e-16,2.82698519658435e-16,-1.43736545263631e-16,6.85884682665598e-16,-1.84638851735488e-15,2.93403328166482e-16,-1.7175026666951e-16,1.00252584992046e-15,5.54115784177721e-09,-7.83744983809472e-17,7.72853808001196e-17,2.33163161562611e-16,6.53971965082481e-16,-7.09841547205738e-10,-4.52230146278909e-16,1.25608857021867e-10,5.9254231203699e-18,2.70648049228858e-16,1.4514516344167e-16,4.66756057876984e-16,1.18951300852805e-17,-4.57670707902811e-16,8.67993030958323e-16,-7.49768128501621e-16,-1.10528081409143e-16,1.53316009568606e-16,-2.45566351825703e-16,-6.63885830236152e-17,8.26613393027285e-16,2.11851614739247e-16,3.14393506272374e-16,9.49843308367068e-17,1.49499066136519e-16,-9.33447242646515e-16,-3.53712526699004e-16,-7.40188688757398e-17,5.60904101821995e-16,1.87112609258165e-17,-1.3002334819867e-16,2.3289235649552e-16,2.38499946154699e-16,-9.36294608820909e-09,-3.7980721985254e-16,-8.79037368351765e-17,-5.62077709787835e-17,-1.31955099490103e-16,-4.19878931242536e-17,-2.46396462982011e-16,6.41751250139054e-17,-3.36370744216349e-16,-1.34536598840721e-16,-4.21437522372252e-16,1.01022628754711e-15,-3.52292878532886e-16,-6.69659038898553e-17,-3.28818997367087e-16,-4.6381268854882e-16,4.00378130634388e-16,-1.54524525397908e-16,1.53093601176833e-06,-1.43845403680271e-16,-1.04169941455961e-16,-5.05177205847805e-17,-1.21371477023703e-16,7.08483874695692e-16,2.2099608923287e-15,3.2345816698072e-16,3.62001913912169e-16,3.11494401396399e-16,-5.93750143441371e-09,-2.08968759509282e-16,1.27918530623355e-16,5.1422748177957e-16,-2.19174808741071e-16,6.88810191438131e-17,-4.96440064540488e-16,2.12383682952329e-16,1.63780669732359e-16,-2.31274613518712e-16,9.27447264394926e-16,5.21556614314986e-17,3.03879233873855e-16,-1.55548101444565e-17,-5.05674959358329e-07,3.50073198382645e-17,1.54522553601762e-15,-5.05457434938057e-16,-1.26488326806652e-15,2.28998232493079e-08,-5.89227165822487e-17,1.98096370150961e-15,-1.46940881148556e-15,2.89396428462612e-16,-6.64314545736761e-17,-3.40106269953473e-15,-1.62907435480701e-15,5.85514819273411e-17,-9.25637376853028e-16,5.00434014411518e-16,-5.37950526078123e-15,1.89696200969392e-15,2.48915248170712e-15,1.00745826164299e-14,2.07962513996992e-15,-4.97534616031812e-16,1.21517013101823e-14
"t401",0.0394829392772371,-0.0136489466917106,-0.0151122836972459,0.00104940640090905,0.0122036205522979,-0.0503287208288999,-0.00776059517071271,-3.04757242534586e-05,0.095224166804535,-0.00601940212995272,-0.01298434301399,0.00110453476520303,-0.00245924270646288,-0.000553575341260074,-0.0180755161418291,0.000561604078328479,0.000421552302182421,-5.74270127658522e-05,-0.031869095128448,-0.0572016780942856,2.54733211572002e-05,-3.50932022536757e-06,0.000156477400582462,1.92120002276156e-06,-2.72062767146821e-08,4.38432857393946e-05,-0.000545802833029412,-3.12903959550687e-06,-3.02298375519119e-05,0.000731802337969667,0.00017303732689269,-0.00479502059278622,-3.40364568221661e-06,0.00502101788770535,-0.0410853880379683,0.000332030603397484,9.66312143401082e-06,-1.58334545144935e-05,-0.00174795965041072,-0.000362403025822402,-4.66859113467208e-05,0.00109285983085295,-3.31426818993791e-06,0.000220549128351045,-7.91588320944282e-06,1.67714049441963e-06,-3.36041825843928e-07,5.42497328670801e-06,-0.0013147448132862,0.0012620698170288,1.43173536526958e-06,-4.29712938505524e-07,1.67395396157943e-07,2.34656868575379e-08,-0.000850757723946059,-1.12061782046471e-05,-6.76084385819193e-05,7.65312816893e-07,-6.24902277708297e-06,-4.78911437584792e-09,-1.43820617093876e-08,9.84368635565381e-07,-6.89851057098517e-07,5.34967079582614e-07,-6.97447709750543e-06,1.78347344428808e-07,-0.00872641132039189,-2.42674099221604e-06,2.72984712098419e-07,-1.81593351856184e-07,1.2151220768772e-10,-3.52038729333361e-08,1.47164313959191e-07,1.33790986648547e-07,-5.84291440497434e-08,-6.6989960199235e-07,6.03665586983813e-07,-1.11536080902815e-07,4.96155433315405e-05,7.21990672077604e-06,-6.10760627928127e-07,-5.06496082717316e-05,0.00012136422451547,4.35433120272406e-06,-0.00804258849275767,-2.21544628474314e-05,3.90719355149443e-05,0.0367736699002668,-5.48459947405695e-06,6.04552267658093e-05,-0.000177250193101416,1.49213780664091e-08,9.58267768741268e-06,-5.63620418105414e-06,-6.40113345859009e-07,-6.78817129357231e-07,-7.93889658007112e-08,3.01606889553068e-07,-2.74004463778101e-06,0.000287010437509169,-2.82146044262159e-06,1.77004155237936e-08,-3.51651236793693e-06,7.98115877690242e-07,-7.50901765067362e-07,1.81710117411294e-08,-3.43210278280672e-06,3.88996019841932e-09,-3.36910335293909e-06,5.01049723533263e-10,1.16198314645587e-08,-3.81116733421029e-08,1.40467172134998e-08,-6.38332411063274e-08,7.69228757567984e-08,-1.12795676952371e-07,1.36364085671174e-05,-1.7646147863255e-05,3.10282726050609e-06,-1.22654141134479e-06,7.40607532628768e-07,-1.83075473277257e-06,0.000217753060086946,-1.7151225141146e-05,-9.82091189351781e-08,3.07791471789098e-06,-3.23093968701425e-07,8.52932608691345e-06,-1.01088788080691e-05,-0.000352642134286864,-2.65533786916636e-06,1.15514990144662e-05,-9.53032150202202e-07,-6.39104572735045e-05,2.87453188790105e-08,-1.9289129380491e-05,0.000781244012798325,3.35463418726277e-06,-0.00879781339862169,-0.00216509692089572,-0.000367905732881139,-5.43152947660452e-06,1.33371007086803e-05,2.77415682579049e-07,1.56107312281188e-09,8.60190744861904e-06,2.27117730596249e-06,-0.000246728379367337,-2.10369929755215e-05,1.13127956727208e-05,1.68783700260255e-05,0.251141807212171,-2.08825857558683e-05,0.00238196976610574,-1.28009957074007e-06,-0.000235929820928114,0.000121258605435256,-4.55944832230541e-06,-0.000237684709254651,-3.00360630658881e-06,-2.61483506304623e-06,3.71884653686895e-07,-2.47919612646713e-05,-3.1220838148648e-06,1.78394394304899e-06,-1.04432441206389e-06,3.76219511371762e-05,-0.0157431480080693,0.000324183022078699,7.56107342481949e-07,-1.21609562925716e-06,-2.11359757180834e-07,2.01843991831945e-08,6.67703430742735e-06,9.6643706827004e-08,1.85601288477386e-07,7.87692535094026e-09,-1.02368017974488e-07,6.81902413160628e-06,1.02417485730368e-06,-5.2454593587237e-06,-2.50028492640109e-06,6.33330815367392e-07,3.03485472166691e-09,1.09850125310208e-07,8.37707440405564e-08,0.000817629154378541,-0.189901231287274,0.036499700737021,-1.31187304286613e-05,-3.35016778818747e-05,0.00646094027988839,9.40577831204719e-06,1.48596847412767e-09,1.41006393764466e-07,-0.000255934711034024,-1.46774421684366e-05,-2.29164711897667e-07,0.000249834414154092,3.71214754719427e-06,8.65338301019884e-06,1.20369426192236e-05,-2.38268960826889e-07,-1.32169947641832e-05,-0.00502553977573609,2.70340853743945e-06,0.000426915467631166,8.20139939944989e-07,-5.992560409501e-05,-1.39470515882039e-08,-0.000289314279556886,-1.87768937437102e-06,-6.0734457108837e-06,-0.00267970700504327,1.50612105881622e-06,1.42081773587822e-07,2.58952036123942e-08,1.82341061390279e-08,-6.08472643622054e-06,-2.65389741597633e-06,-1.21882031706843e-06,1.43708411468346e-06,3.14816367123237e-07,1.32709559683986e-06,-3.85932019219794e-06,-2.19101042563418e-07,-2.07274230749619e-05,-1.12889688368032e-07,-2.39531437611892e-05,-7.61284810338174e-06,4.06651531024817e-07,8.31390922222439e-08,2.50194719389442e-06,9.1985310326516e-07,-5.11744880085068e-07,-9.03310336318864e-09,-3.90002082674223e-06,-2.60117989824068e-16,-3.57652482420101e-08,5.08082272699137e-07,-9.97018905519984e-08,-2.49864158335852e-07,-3.30546302528705e-06,4.56732819245752e-08,-6.55876274196373e-07,3.00577292499276e-07,-5.91420935147939e-07,0.173032176734614,-4.40107336061529e-08,2.19673083617385e-05,-1.45307401414352e-08,1.60293315758731e-06,-1.3632669120276e-05,5.3270753785857e-09,-3.3718095821372e-10,1.55819231945643e-08,-1.37014423473416e-08,2.14586850728572e-07,5.19564738653671e-06,-9.59128986556635e-07,1.81421716919486e-07,-3.26856059094777e-06,3.79118179812941e-06,-2.27985579976992e-07,2.33367861906151e-06,-7.91280726538048e-07,4.82676518673812e-09,4.37641562985603e-05,2.23963425823374e-07,0.00923541902491696,-6.14773775929426e-09,6.24059071838066e-08,3.50343425337311e-10,-2.4951292391038e-08,3.70071389925068e-08,-6.73834340751388e-08,4.41372311847654e-08,-2.69511187518172e-09,2.598705052556e-07,-7.77253459865016e-10,8.05744141634109e-08,1.01573613936311e-16,2.23432992568978e-07,2.8021022592652e-08,5.06173926413051e-13,9.02868079433863e-09,-1.97273001032633e-08,1.42901899155671e-08,4.36141197656149e-09,-1.26631188718339e-09,6.2325326095881e-08,-2.42827769232026e-06,-0.00656287837392827,6.27173220116614e-09,-4.22759598239496e-06,0.000113864562351693,-3.40163739683522e-07,1.09890849785263e-05,-1.90816011172237e-07,-3.37042662323409e-07,-5.21864427548288e-09,-2.317503044804e-05,6.25190937997544e-06,-3.12669053578538e-08,1.19999683741079e-05,-1.90237380521886e-06,7.72203519157482e-06,-8.35572959164594e-05,-0.246043535925263,2.07984110671664e-05,-3.93184943584086e-06,-1.10907020058437e-05,7.02778018180115e-07,-2.61573089743519e-06,0.0268129514266514,1.78602796962457e-05,-6.43314331655099e-05,-2.47148891572807e-15,0.000809874546805165,2.09540077722833e-07,-1.63361260628554e-08,5.10980243513792e-05,2.12757993956508e-09,9.33619433824385e-06,4.81643604075279e-07,2.5396745745316e-07,-4.88245093028969e-06,-9.57396304182225e-15,0.000314074016408632,3.88792571362178e-08,0.782757307375399,6.78834951956164e-06,7.20024335669009e-06,-0.000404124454797484,-4.34068464241892e-05,1.02033640958958e-05,-8.42317036272271e-07,4.7388346682892e-05,-1.44130776576916e-07,-1.34378015776963e-05,-1.76990450554281e-08,-2.70223712037622e-09,-0.000134397013455269,1.8872220954405e-07,-3.74033530266493e-05,2.2192343498228e-15,-9.71773060563254e-07,7.67002709573835e-08,2.21061978685637e-09,2.04552673456713e-08,-3.14339165889728e-05,-0.000201611587246083,1.14899865180515e-06,-4.54155792238905e-06,-4.10230511543337e-06,1.67579329208167e-15,-0.0376129514385178,5.15737124070801e-07,2.4807347891195e-05,-1.35612565147157e-15,-1.09853375335638e-06,-8.73863634793819e-08,9.80909312679296e-09,1.38124169455899e-06,-6.42536371578042e-06,-6.95063560863047e-07,-3.00291273852482e-07,1.44336670189139e-06,1.08238228382029e-07,6.99427025160724e-09,1.92296380186762e-06,5.86650132026136e-08,-2.19762658133311e-16,-2.75941774032801e-08,1.04028648709636e-06,4.64369105323776e-07,-3.03648153807634e-06,3.60989798898575e-16,-6.54718473672504e-08,1.26167556843369e-08,-1.49666846266307e-06,-2.28071135170568e-08,-0.000815850525663649,6.41564727177573e-08,-8.97882664046379e-07,4.8796823955028e-06,-1.28104078634815e-16,1.74891810649954e-05,-8.28383282768945e-08,2.4007852061153e-07,2.57308359925408e-05,-3.38149024703626e-08,-4.26941738390351e-08,4.1766304524893e-16,1.39313462987282e-16,-3.91537102084347e-08,-4.50349703469005e-08,5.940754036807e-09,-6.11553182054375e-05,1.89198156368832e-15,-3.03399172222388e-06,-3.56676065858136e-08,-4.40843408009524e-17,1.59488856171425e-17,-1.56397672357433e-16,6.9569610852239e-05,1.96860861161893e-07,-2.18109621386426e-07,6.60297781005547e-06,9.37079833948379e-07,1.72708080130565e-07,-7.48962016929407e-08,1.16461735996398e-16,-1.62578452595299e-08,4.55351038978514e-08,9.01800244895044e-16,-5.68137082579109e-19,-2.84175022352518e-08,-4.21546306312813e-06,-1.69616402434138e-08,4.34164287767641e-06,2.24612486923344e-08,-0.00562428032393949,-8.5794418060245e-17,-1.56319147198191e-07,6.12926195461172e-16,-6.68458956267689e-06,1.03843016843625e-16,-1.67093137995144e-08,4.19701290522197e-17,6.95565047833112e-08,1.83429715646628e-08,8.19753420016378e-07,1.12900731859966e-06,4.98659914208386e-08,-5.72956567095915e-09,3.63543022095574e-08,2.2187167772843e-08,6.01696694223104e-05,2.11077518804605e-07,1.24589379910304e-08,-3.52801616655933e-08,-5.9386203013415e-05,-5.08391512841541e-07,-1.64523454888868e-08,-3.45126655802205e-16,1.54406732106808e-07,-2.66136774675391e-08,1.39198499319872e-08,-1.53930316412414e-16,0.00198710743801256,7.21779847452835e-07,2.33490015187335e-07,2.96906677347955e-16,-5.69919032456202e-08,-0.000337155937994473,-8.15124524638517e-18,-3.69283075928428e-08,9.58692904818052e-08,1.15912232051517e-16,1.61734546765208e-15,-9.19256620131813e-09,-0.00383364965724041,-0.000117170224533246,-4.00342710327195e-05,3.32352862375125e-07,8.8080459217638e-09,9.0666230064574e-07,8.18769341783132e-08,-2.0703875353806e-06,-1.35006203524855e-17,3.83938548862319e-10,2.61687275813578e-07,0.000646229565393842,7.16274817263695e-06,-5.01165915555799e-12,1.49512922287624e-16,1.02546995835431e-06,3.02041533803327e-16,-4.90922220540031e-16,1.05485773282948e-07,-1.55010470120076e-07,-2.9020510631046e-08,-1.62216535427731e-07,7.40488759225672e-07,1.93417519417894e-07,2.47045875634243e-07,-6.57440201218403e-17,1.29558838264312e-06,0.000145287074030379,2.76106624761335e-07,-2.63041860436414e-08,1.03335534028491e-07,-4.01602948361278e-16,4.16361839020965e-16,-6.86317539153794e-16,-2.66807019776701e-05,-4.28215727247686e-09,-2.77539921909344e-07,7.25217777368353e-16,-3.27181823699022e-09,1.01185882128152e-16,1.84778165964865e-16,5.2737627474245e-07,-1.32017588100801e-07,4.57954588532988e-16,-1.08519176080168e-06,-1.46003791815801e-08,-2.85372854330506e-17,3.28595333646541e-08,-1.21860749509433e-16,1.21149074384044e-06,4.66083496509103e-16,1.20766762875691e-06,9.95716585652036e-08,3.60488788310238e-09,3.55742341984165e-07,2.4382789939221e-06,-1.15454371311246e-08,3.51759917725375e-07,-2.98073321104483e-17,2.05960239546119e-07,-1.16129511545681e-08,-3.26829534951644e-16,-1.52782544655115e-09,-3.10563921086888e-08,7.19906322847398e-09,1.83502604675389e-16,2.29084066012886e-08,3.02506788161892e-08,-7.60665488118389e-17,-8.3757721909827e-07,-6.35074945686469e-07,-8.63571110100396e-10,8.85872482301432e-16,-7.78500577543211e-18,1.52965326187917e-08,4.87325831686975e-07,3.93922830549904e-08,-5.96340379456781e-09,2.82553943831299e-07,1.34506920014082e-16,-3.59492043445397e-16,1.02980688293663e-06,3.09763646355166e-09,5.35724229420452e-16,2.48293037984363e-06,6.59638082770848e-18,1.2320641695665e-08,-2.32403948375901e-07,-0.000571842103776288,-1.61194945230313e-05,-6.36289023825176e-19,-1.01630089199533e-16,7.93473151669772e-17,2.48531233099205e-17,-1.37237519850569e-09,-4.75669280014909e-09,6.58267928292118e-18,3.10250628959588e-17,-7.3773511516192e-17,6.67481135483655e-09,5.98991235882844e-11,-3.28475211324415e-09,3.94543376717925e-17,1.18827294656153e-15,1.10872443121155e-15,-1.38824176193815e-07,4.24578788036096e-09,1.21095338351326e-16,7.40427307546182e-10,-1.93218001316017e-08,-1.37983468100677e-16,7.2639057128166e-17,-1.37899815364482e-06,-1.35724055383269e-10,-6.8030554171481e-07,-5.71431173913002e-16,7.32578468552676e-09,1.17852686655641e-07,1.25907839830134e-07,-4.67300800553504e-07,-2.76934651042598e-08,4.49818696068853e-10,-2.60365544667885e-16,-1.44192068336442e-16,9.14631196409317e-16,9.02203839778639e-09,-8.24738964715529e-09,-0.00193382390934303,-2.13852325363296e-09,2.01036322823421e-16,1.96612744824498e-16,3.49651945623419e-16,2.03387082000065e-16,-1.03242569420985e-15,1.01854401352562e-08,7.24618020003518e-17,-2.02681180019232e-17,-1.77185915148597e-07,-1.31046312245031e-16,-1.63069155665354e-07,-9.77950359581925e-17,-0.000405357607182101,8.19368588677008e-18,-2.29081657124862e-05,-2.78309517497603e-08,-2.44802593395236e-08,1.23681418225099e-16,8.86560019194529e-07,-1.84593726725536e-17,1.33028401200867e-07,-2.08012884808902e-08,1.15026892145704e-10,2.08447267930696e-16,6.28778695101967e-07,-2.07086987484153e-16,-4.47163435733136e-08,-2.28129074612033e-08,9.44836290844547e-16,2.24631112991723e-16,-1.72179229737345e-16,9.76862568576415e-17,-3.42402256497811e-09,-1.01597015195283e-07,-2.26096937399859e-08,-6.11752875682188e-17,-3.0676626403552e-17,-2.27872356089344e-09,1.85742550708404e-08,-3.38204589287237e-16,5.54320530653231e-17,-3.625575033392e-08,-4.32270840399372e-17,-6.38944326481008e-06,1.85681086138676e-16,6.30114012833756e-08,3.10377341975712e-16,-9.59666980287511e-16,-1.04415468174972e-16,4.82405344377048e-17,2.15183260453652e-17,-7.70417338865938e-16,1.17357536372238e-09,-8.20400115363432e-09,1.47957707797179e-17,-5.38323508286857e-09,2.25037617517734e-07,-8.10323202957839e-17,-2.02840561257189e-16,5.40897081348749e-17,9.92614952048233e-17,1.84793794707228e-06,3.21473359474143e-08,-4.78049901532555e-16,8.1367124046977e-17,-3.89340812727837e-08,-1.25658293538912e-08,-1.89721218314125e-10,-1.19050365716283e-16,-2.49325530387602e-17,-1.1559135730711e-16,-5.69795290855288e-16,-8.76064062911923e-17,1.68215536204919e-16,7.25857693736986e-07,-2.50029483640948e-07,-1.3074711435991e-07,4.17650699173641e-17,1.7384093129547e-16,-5.63081532500066e-17,-5.66977602266178e-16,2.45940226301984e-16,-4.38680657154878e-16,-6.70187505953824e-17,1.58428347869109e-16,3.1751935792224e-17,-1.00975036167096e-16,2.89567284973668e-16,-1.98760017674486e-17,-1.1603194911796e-16,-6.78428034622398e-17,6.36470301172347e-10,1.61381550859398e-16,-1.1868799604495e-15,-1.2500988487745e-16,8.89192206494942e-09,-6.73702541561159e-05,4.46382967238874e-17,-2.27673253707548e-10,7.9295760961165e-09,6.34663273127356e-17,2.72943665934542e-16,-1.49364783442901e-08,2.2873838721653e-16,1.84984944426568e-10,3.33388375515506e-16,-7.07207468054078e-17,7.70471686368081e-17,1.37332807134009e-16,3.6408169599366e-05,-2.34567968924828e-08,-9.8781360517036e-17,3.99181936809536e-16,1.70596445829717e-16,-2.2375853229317e-15,-1.35573349940988e-15,2.09628985952343e-16,5.10195365150255e-17,-1.39932669816072e-16,2.19913627999528e-10,6.21280163729778e-17,-4.39459389554172e-17,1.27676067490756e-16,1.67942122809587e-16,3.72169741233286e-17,-4.2814075937983e-16,-4.44116739785719e-08,2.02079895765106e-16,-3.86657711364934e-17,2.96055306628179e-09,-5.6760664488691e-16,4.09521482855816e-16,8.71462102386156e-18,-3.00511074975253e-16,2.00973749740646e-09,-1.04788287077031e-16,-1.31941260792308e-06,2.06637549883814e-16,1.26026916437732e-16,4.61228335044093e-16,-3.20064483069629e-15,-2.83697634161964e-16,-1.94241469430027e-16,2.07086251333366e-09,-4.23699711319538e-16,-1.44865747661501e-16,2.38696674343802e-10,-2.34787260075923e-07,-8.73082283162465e-17,3.69350178156861e-08,4.86862405878932e-08,8.49742364058239e-17,7.13761165688185e-16,-5.66603136319154e-16,-4.24128110771165e-17,-7.12597203568234e-16,-4.04483308591179e-08,-5.47257584624503e-16,4.1876785635674e-16,7.77979671942885e-18,1.14412320983757e-08,4.44272607897334e-16,7.08526420906606e-17,-8.12773271226101e-17,2.24915046038199e-16,-2.18539637699862e-09,-3.92541397843828e-16,3.56780000958756e-12,7.67320624302034e-17,-2.22427471167704e-16,-5.28363412283693e-16,7.9273482677297e-16,-5.24306021972842e-17,1.81983554219732e-16,-3.59555187776485e-19,2.20219217945147e-10,-2.29262378604216e-16,1.86421326939142e-16,-1.24164816656993e-10,3.17074012634427e-16,1.64283285553247e-16,-6.61305865944257e-16,6.92479556140663e-17,5.97150763620873e-17,4.23832272818143e-18,1.66506763111664e-09,4.9844199367285e-17,5.93722101748464e-16,-6.05148957692437e-10,4.74096605614404e-16,-5.50507188878572e-17,-4.46769136826068e-16,-6.73747554701466e-16,4.41595648200974e-16,-3.01982855792991e-16,8.23676115545869e-17,-1.50316092964313e-16,1.03638117479354e-16,8.85307011953636e-17,1.44867826585999e-16,5.53344868471658e-10,-1.93842404925983e-09,5.17660801118755e-16,-2.60822590654367e-17,8.09101448753649e-17,-3.20471773835446e-16,-9.5022245577325e-16,-3.0334154756954e-16,3.84987548901798e-16,1.35380952366553e-16,2.39982980055465e-09,-6.44967105731329e-17,-8.1008136382764e-17,-1.00944094832303e-15,-6.99762867482919e-16,-3.40476906119251e-10,-5.11480322825479e-16,6.6270095206474e-11,-8.53643998029095e-17,-1.39024125880169e-15,-6.50550810945443e-16,-7.43692464105319e-17,1.27624918232689e-17,-4.77655283168611e-16,3.34131881226462e-16,1.23692393236082e-15,-1.42728885931962e-16,8.55533737882622e-17,-6.9058238145063e-17,-1.91288673293945e-16,-1.33989731794866e-16,-1.67510725413431e-16,-3.3526970878224e-17,-1.00558929445333e-15,5.45229558267891e-17,5.88184503914078e-16,3.71835567128295e-16,2.36930314193104e-16,5.79059278257558e-16,1.27781999477858e-16,4.69825540744573e-16,1.34121538582091e-16,-6.2582997144525e-17,-6.28366777388824e-09,-1.43972326367437e-15,-9.97897922666664e-16,3.74860915966484e-18,-3.22084996214366e-17,-1.25471460405638e-16,1.38495308250343e-16,3.70700707017678e-17,-1.19939567351481e-15,6.81867637040865e-16,4.71619807104058e-16,1.96746894935976e-15,4.52944074972098e-16,1.61692334287337e-16,-7.30557048777561e-17,-4.34911814464219e-16,-2.2498968245525e-16,3.61880969356937e-16,1.1419226907982e-06,3.86258219490396e-17,8.55132140759213e-16,5.66935416645714e-16,-1.36050613995739e-15,1.12356369991808e-15,7.4401113491105e-16,-1.3916412496741e-15,-5.53715240969088e-16,3.33965441538666e-17,-4.80629410521679e-09,-1.39183457375973e-15,-3.85125937396786e-16,-2.23572096596817e-16,-7.88790476214473e-17,-4.39392959317391e-16,2.37051574016293e-15,1.32157438667413e-17,4.53804750872229e-16,-6.97481547687478e-16,9.05370650961012e-16,-8.02629331356073e-16,3.32610591444721e-16,1.6927141328237e-15,-4.36210582269365e-07,-2.70737692802647e-16,1.20250922929496e-15,3.73453200100099e-15,7.72987043223856e-16,2.02524517935722e-08,4.06070428519206e-17,1.87200138317481e-15,1.20248413812686e-16,6.1650022390149e-16,-1.50505931724469e-15,-1.41643062280001e-15,2.35385937524728e-15,4.69850309929632e-15,7.71247443304035e-16,8.19948394642997e-16,-3.18963371279501e-15,-6.54496136592996e-15,5.30974937981053e-16,6.24767420820785e-15,1.63662013229234e-15,2.26061913885007e-16,1.26090177865366e-14
"t823",0.0362104328720771,-0.0111206619816528,-0.0122116065870873,0.00076804713588199,0.00804231745578699,-0.0294292601605818,-0.00445796696551752,-1.61747684502462e-05,0.0395146067448467,-0.00139178118230784,0.00155547255595045,-0.000718775866697195,0.00185186556025645,0.000448550475350222,0.0178944177419165,-0.000719180747667381,-0.000598966989055342,8.82917775654137e-05,0.054186913436557,0.141384944452357,-9.30393726559835e-05,6.18225676441656e-05,-0.0172786664198713,-0.000443981714748608,2.49648034610173e-05,0.00121986569076719,-0.0121430174261557,-6.05028479527584e-05,-0.000423122606671842,0.00377250630097503,0.000693793050270518,-0.0161805303824483,-8.46779249899317e-06,0.00958478605001352,-0.0510195590658252,-1.00394672106547e-05,-2.78485599181573e-06,1.01399782729335e-05,0.00140455520954101,0.000430542603548036,9.65022916400706e-05,-0.00329662418710755,1.24012360775884e-05,-0.000839750382691537,3.8521619348603e-05,-2.1982881567222e-05,6.75544963818393e-06,-0.000141628433388795,0.157497794279079,0.0523487942751029,1.4805420977614e-05,-7.75568023528838e-07,-1.35200006414487e-08,1.14925521706962e-06,-0.00546139216620931,-5.77603349238722e-05,0.0460924979760339,2.21663216691626e-05,-0.000153244275553792,-2.40480348278824e-07,-3.60569017750774e-07,2.12345408034378e-05,-1.34960169119401e-05,1.02296527693232e-05,-0.000112927406732409,2.39580326468651e-06,-0.000287197316284838,5.29534693510344e-05,-1.29837958141474e-05,5.98620039373733e-05,-5.56833704678017e-07,1.58941601120947e-06,-5.58869655308058e-06,-4.14044883545706e-06,1.84100993469983e-06,0.272529602332335,-2.05359042536345e-06,1.50360312847988e-06,-0.000460567703381176,-5.64936723379769e-05,3.54297548044212e-06,0.000274802941606175,-0.000384210329049167,-1.1351660803981e-05,0.00102546731206758,2.3771532834096e-05,-4.36453309285062e-06,-0.000682970496074698,-2.70608568489936e-08,3.79457978648211e-06,-4.5913264106962e-05,2.82137143920158e-08,1.9577664455454e-05,-1.78816872135545e-05,-4.16266097874154e-06,-5.0771507750515e-06,-5.9797299386677e-07,3.76681585090456e-06,-4.68689413686973e-05,-0.00504719824877292,8.04989288210982e-06,-4.23065403735134e-08,6.73948432039721e-06,1.02245086342647e-05,-1.17205066100197e-05,3.37848989444114e-07,-9.39625673803485e-05,1.21944077327723e-07,-0.00014113555660533,4.15320860662476e-08,1.40096358124243e-06,2.82276078577043e-06,-8.75281252975712e-07,9.04248133645074e-07,-9.37353473399571e-07,1.05199524011529e-06,-0.000115034366588047,0.000117854910568472,-1.72946188793888e-05,6.11199498888154e-06,-3.49956109170444e-06,8.16344820269897e-06,-0.00476959484250284,0.00102273489091034,-5.68614221166723e-07,-4.99221429791682e-06,5.3623229781583e-07,-1.50329201955974e-05,1.4644175300047e-05,0.00050939615951735,3.75605564450451e-06,-1.36647232793829e-05,1.08873371205286e-06,7.1220058733795e-05,-2.92029411099055e-08,1.93896914683287e-05,-0.0035999274231965,-1.03550111360316e-06,0.00072103252913857,0.000146072805144833,-2.23818097842973e-05,-1.01529798999353e-06,1.17359945450895e-05,7.61103032557294e-07,4.39102444921699e-09,-3.42212255089491e-06,-2.86344098406232e-07,5.456785981158e-06,1.45555702883086e-07,7.99959097644472e-08,1.12511992596797e-07,0.000102008678400183,1.52882495330781e-07,-4.96397609263641e-05,2.67579789873837e-06,0.432761730204624,0.000506482453443665,-5.52860545568462e-06,-0.01493781350455,1.75264052106486e-06,-2.22810776989279e-06,3.35147398891788e-07,-2.70364371529517e-05,-3.46040039313785e-06,2.22004787222479e-06,-1.44384845011892e-06,0.000205446516580125,2.00504949951697e-05,0.000173155556835003,1.31537605945317e-06,-2.45509385020293e-06,-4.33743372417008e-07,5.13274764796923e-08,1.82865588263213e-05,3.19630670976761e-07,6.48413168932946e-07,2.83502491313819e-08,-1.03109761930583e-06,-4.06184598800113e-05,-4.47876530291743e-06,1.79299036477788e-05,4.7492790545745e-06,-9.87861261055565e-07,-3.93143116285115e-09,-1.19809596606239e-07,-5.04853430529732e-08,-0.000419612641221224,0.000235149541992974,0.000385579282128059,-1.55237451222812e-06,-1.10677479464127e-05,0.000230783019167042,6.9392575742024e-06,1.04233324119443e-09,1.05904261079551e-07,-0.00828082811178491,-1.37404653560039e-06,-1.36514102526265e-07,0.0010412503849577,2.77528790828822e-06,6.5048590581077e-06,9.34230791539378e-06,-1.84567189979217e-07,-1.39758419659405e-06,-0.000433547371573819,-1.73717020256878e-06,0.000267638516957581,1.3947759162032e-06,-7.751151788663e-05,-1.65402593617197e-08,-0.000323697900319702,-2.05126406491966e-06,-5.19331049001103e-06,-0.00115354641137237,6.18266890684296e-07,-1.43531851404971e-07,6.76907051482762e-08,4.36599245909929e-08,-1.21384680302439e-05,-5.10231672078287e-06,-2.32761306215425e-06,2.7156229036721e-06,5.94979350942024e-07,2.51042957833952e-06,-7.3490337772785e-06,-4.18001904788459e-07,-3.95629434175642e-05,-2.18193576089903e-07,-4.6715162724901e-05,-1.50099360022701e-05,8.05958609908942e-07,1.65689686969763e-07,5.01263520956493e-06,1.84571676832622e-06,-1.04165324483999e-06,-1.85558997397514e-08,-8.0922395407909e-06,-4.27354542407241e-17,-7.52872455693218e-08,1.07259203891339e-06,-2.14509208006482e-07,-5.44306267340498e-07,-7.24694609177875e-06,1.00152959638408e-07,-1.38834050702894e-06,6.15285987154602e-07,-1.17911221864521e-06,7.5107440980129e-07,-1.52026823799961e-07,6.08257446495836e-05,-3.95146104057188e-08,4.34038501125574e-06,-3.66299280301278e-05,1.49960311700044e-08,-9.73419270649551e-10,4.60087551461137e-08,-4.26102657646961e-08,6.69862672166969e-07,1.68211300475007e-05,-3.16512844712425e-06,6.12443905173062e-07,-1.10917950382032e-05,1.29136050153401e-05,-7.77371304624389e-07,7.85176126575436e-06,-2.65364316712108e-06,1.01500777322812e-08,8.82816701203548e-05,4.28557537140984e-07,3.65441114407058e-05,9.19892472969592e-09,-2.80139748179274e-06,2.53934885057421e-07,-3.07520653330017e-07,4.85345583613273e-07,-9.36595791078402e-07,7.25177779445472e-07,-5.28765174136959e-08,1.00785414710925e-05,-4.37228571899663e-08,7.17555607248051e-06,5.51697609539319e-17,-1.7556371384352e-05,-1.7456446892185e-06,-1.8633154433608e-11,-1.62988328145163e-07,2.40149649801207e-07,-1.49068920101837e-07,-4.23661586834277e-08,5.09458963853185e-09,-2.28456189414587e-07,8.64808212080048e-06,3.11831347241435e-05,-3.89716618463216e-08,3.39616581761213e-05,-0.00236376153077041,3.67628833412574e-07,-1.55234661569244e-05,2.27265090556579e-07,3.972604559387e-07,6.13191862620662e-09,1.67979647441406e-05,-2.16807281207567e-06,9.57437095419304e-09,-2.99074094333047e-06,3.4904746017479e-07,-1.26616149508063e-06,9.35352700056225e-07,7.79370178112862e-05,4.04143641172294e-07,-1.28917354957207e-07,-8.4032391001671e-07,8.48882874920542e-08,-3.90870612282078e-07,1.04225751047147e-05,4.34785968946913e-06,-1.95477553146749e-05,-1.55541546139005e-17,5.99370204096764e-07,3.70784671932128e-07,-2.06647051718253e-07,0.00137104216809771,-8.39186290034101e-08,0.00229086141449969,5.24072522496022e-06,-9.44923070564486e-07,4.57467157152889e-06,7.23909333331981e-17,-3.61496776417027e-05,-2.86781057662399e-09,-1.19725850951519e-05,5.22552255946823e-08,9.58468445565516e-07,-6.02299819342219e-06,-1.0429985718949e-05,2.78000879060701e-06,-2.76552429195286e-07,1.74016794176842e-05,-5.57768583738451e-08,-5.32867232442606e-06,-7.11362681642863e-09,-1.10907701610151e-09,-5.52754180433916e-05,7.85811482167198e-08,-1.57043664111789e-05,-2.69072909154185e-17,-4.18866824109412e-07,3.29409102655122e-08,9.49358592629737e-10,8.48726243403029e-09,-1.29232555196062e-05,-6.1395954403534e-05,2.72063620628611e-07,-9.97925834595451e-07,-5.72121930671009e-07,1.84818512203325e-17,-9.83302526825315e-05,-3.49425590425796e-08,-1.30469719175856e-05,4.16328060107758e-16,2.69026111963075e-06,3.5684588977636e-07,-5.63354299376848e-08,-2.53337051349109e-05,-0.00215720996168274,-1.7240626472506e-06,-7.83064601873523e-07,2.90829012131095e-06,2.12626893982449e-07,1.21614799428746e-08,2.89979888372185e-06,8.79733921934097e-08,-3.17620014243246e-17,-3.57994379357252e-08,1.32826110387283e-06,5.75806125797851e-07,-3.64304581647683e-06,-7.13900274886439e-17,-7.52112829037391e-08,1.39960493406162e-08,-1.59980054174295e-06,-2.30246594969461e-08,-7.80813762824528e-05,8.05562674360924e-08,-1.082957721424e-06,6.07944085949576e-06,5.42587267772472e-17,2.38245182101621e-05,-1.14239726680261e-07,3.41015933398955e-07,3.85348531865014e-05,-5.08860490201115e-08,-6.54727017579462e-08,5.20171548567872e-16,1.47386333686978e-17,-7.07225407049753e-08,-1.14055967898472e-07,1.62485851253803e-08,-0.0153737036692246,4.97047048568455e-16,-9.58845488709638e-07,-1.99524125144024e-08,7.2296024447606e-17,-5.53916173324037e-17,1.11400264246486e-16,0.000356239851659673,1.41928886897438e-07,-1.86720982589284e-07,5.91583775571574e-06,8.43066192800309e-07,1.60363078273432e-07,-6.97563174436042e-08,5.01085630402854e-17,-1.57889214216192e-08,4.47018471792358e-08,2.18500166868688e-16,3.95356946247282e-16,-2.86806206858903e-08,-1.55335766807421e-08,-1.71089501687462e-08,4.33094999960341e-06,1.69582334263951e-08,-6.33833524590803e-06,-1.11520509079553e-17,-2.39438694932e-07,-6.86022997401365e-16,-7.80476579010482e-06,-5.67073192832244e-17,-1.90335676765905e-08,3.54649160173067e-17,7.84180034205543e-08,2.06612839035297e-08,9.26107143630732e-07,1.27927247887488e-06,5.6586759663766e-08,-6.55867490699217e-09,4.21544004257238e-08,8.13136006948708e-08,0.000415873804811597,2.11285824716868e-07,1.36914869776239e-08,-4.08871464081967e-08,-0.000413147686716444,-5.19849808125056e-07,-1.7321747539686e-08,2.94651947915366e-17,1.6772812641564e-07,-2.92269524377656e-08,1.52637406375199e-08,2.73689751174179e-18,2.64134103777406e-06,8.10689023159442e-07,2.59733094822941e-07,9.19484259412454e-19,-6.29762002172104e-08,-3.28321598015515e-05,1.12559736411053e-17,-4.39053899339715e-08,9.86599394965746e-08,9.06503214326045e-17,-1.00570221465317e-16,-3.67722173936503e-09,-1.86964381169482e-05,-1.05345512193369e-07,-6.02305843512721e-05,4.4126902792997e-07,1.16457060850337e-08,1.19248834078485e-06,1.04501670402459e-07,-2.61618071715024e-06,-7.26786069642517e-16,4.83236840890482e-10,7.32777878823823e-05,9.03169968697347e-07,9.0795945804031e-06,-1.08276834283102e-15,-4.9004495494472e-17,1.29506065873854e-06,5.24581936971643e-17,-4.35519489526022e-16,1.3290848290098e-07,-1.95364863472177e-07,-3.65757786895778e-08,-2.04638648823303e-07,9.34277543264521e-07,2.44043580938795e-07,3.11775885300165e-07,1.17764352108734e-17,1.63871659507205e-06,7.10252356249619e-07,3.50547282792313e-07,-3.33747238383239e-08,1.31363179448306e-07,4.83012621782433e-17,-5.55913666619755e-17,3.82144120411355e-16,-1.11703599985385e-05,-5.47602597993008e-09,-3.54939418258126e-07,-3.54064818163009e-17,-4.18891881606266e-09,-2.67796529179268e-16,2.90867339959461e-17,6.79380277245878e-07,-1.70082076298951e-07,-2.32167319467835e-16,-1.40025002401579e-06,-1.88561854657841e-08,6.76159864481942e-17,4.25154279666786e-08,-9.21536099833373e-17,1.57092203361031e-06,2.28126521672109e-16,1.56627021599158e-06,1.29157785694589e-07,4.67682007389919e-09,4.61633619919328e-07,3.16574855227422e-06,-1.50198042541739e-08,4.58859267247098e-07,4.01237080148667e-17,2.6955147636497e-07,-1.52037215562894e-08,-1.41105702804877e-16,-2.00114374087416e-09,-4.07110344694414e-08,9.44397931305662e-09,-7.42122517244153e-17,3.0125349296869e-08,3.97994307867356e-08,-5.55751277518629e-17,-1.10264511055781e-06,-8.36310325909043e-07,-1.13847135329438e-09,-2.85568108113327e-16,-3.30226731872621e-16,2.02166535084911e-08,6.44731629447581e-07,5.21266466959319e-08,-7.92227355129087e-09,3.75560993079041e-07,3.63866234041439e-17,-2.39883417354064e-17,1.36920442036042e-06,4.11868048154958e-09,-1.80249903797132e-16,3.302371913932e-06,-4.8264249100058e-17,1.63785178412273e-08,-2.81124965727842e-07,-3.46883738178679e-06,-0.000135668781315921,-9.85397451992662e-17,1.74153093393753e-17,1.57084610934187e-16,1.48343750756026e-16,-1.83172289076736e-09,-6.3498219955207e-09,-8.87705263427408e-17,-5.20273010880191e-17,-9.88185817006072e-17,8.91466035403672e-09,8.00127632388290e-11,-4.38951667356809e-09,1.11566609699208e-17,6.22190769276695e-16,4.65662128818922e-16,-1.85632133418884e-07,5.67736577543443e-09,-1.44208933255876e-16,9.89988733629287e-10,-2.58315978199182e-08,2.78994642896047e-17,-4.31537348932858e-17,-1.84286491126408e-06,-1.81371022166967e-10,-9.08768421102097e-07,2.95695307724138e-16,9.77734229261889e-09,1.57188804478957e-07,1.67735225407606e-07,-6.2110884186198e-07,-3.67786131061151e-08,5.96284862985169e-10,-1.03024137839492e-16,-7.0997875290775e-16,1.03306676366067e-16,1.10568220575486e-08,-1.00070461234579e-08,-3.5759876480003e-06,-2.90249258890905e-09,3.70076109013009e-16,1.17357566015808e-16,-2.5759292507519e-16,5.49598045867998e-17,-1.60554076670356e-15,1.3559656498604e-08,1.21142479544951e-16,1.1634135573125e-16,-2.25167649248408e-07,-3.34876320672306e-16,-2.01483637873406e-07,-7.3075226425523e-17,-2.28847286390773e-06,-7.13867535736661e-17,-2.72326919670716e-06,-3.70059025852963e-08,-3.24283155294481e-08,-1.61572173355835e-16,1.17002304821158e-06,3.84612413829354e-17,1.74185191857926e-07,-2.69319757317194e-08,1.48849217186208e-10,-1.97775966718254e-16,8.09480121176921e-07,-5.99607526778699e-17,-5.70503942072283e-08,-2.90916129867529e-08,-1.36880055829898e-17,-8.03549581284497e-17,-2.07524220560372e-16,7.2966447324972e-17,-4.32981038602855e-09,-1.28167853166987e-07,-2.84415844879756e-08,-2.69233684468187e-16,-1.66904183784891e-17,-2.82376892650511e-09,2.300044435789e-08,1.81996232148774e-16,1.96053074836693e-16,-4.40603232754397e-08,2.05240037022105e-17,-4.64244937902658e-05,1.07710437399391e-15,7.41349035248602e-08,1.13160966800598e-16,-5.54909477641868e-15,6.46116505155182e-17,2.2735073333231e-16,1.11398686144413e-16,4.85100071475767e-16,1.31831033146691e-09,-9.20911505194144e-09,9.29667474159227e-17,-5.91991962819761e-09,2.45181892604721e-07,-1.65708509966902e-16,-1.29223233745423e-16,-1.03986968613511e-16,-7.3446549496191e-16,6.18810717067977e-05,3.28147118849135e-08,3.52381726268541e-16,5.25613153849443e-18,-3.92354394965324e-08,-1.26389658520509e-08,-1.89557081597753e-10,-2.59346126835908e-16,1.17206351774089e-16,-1.19494485128058e-16,5.94312581742398e-16,-7.30394323794102e-16,1.02404464335049e-16,6.24658099928961e-07,-2.11174378340901e-07,-1.08275262951682e-07,-1.38863012018721e-16,4.48855195323333e-18,-1.16040772232727e-16,5.13428967023044e-17,-1.16942240828914e-16,-3.48534111763737e-16,-3.73414284539785e-16,-2.39690689867569e-16,3.56145225799887e-16,2.24502456013053e-16,-2.44727545627189e-16,6.26125349150303e-16,6.89329415080666e-17,2.9265441888919e-16,2.71838201786102e-10,-2.87369728332352e-16,2.35831178528265e-15,3.88034583142693e-16,3.10287697811501e-09,-3.29973346175079e-08,6.9574946691054e-17,-7.25388687728954e-11,1.63873213838039e-09,7.36578277340994e-17,-9.68591360173867e-16,-6.81577658224375e-10,9.12847981316492e-16,-3.57588353824361e-11,2.17053482407812e-16,-2.53408812869215e-16,2.67216229690766e-16,7.44378163524137e-16,-1.12377349758652e-07,1.74227171812632e-08,-6.40383506031348e-17,-6.03578285489074e-15,1.56068136718411e-16,1.79399299564306e-14,-8.58752426373383e-16,-1.40377226692333e-15,-6.69215966667095e-16,-2.69386409210842e-16,-1.47526960492047e-09,-1.31185230981188e-16,-3.76575663550013e-17,-1.23744288788574e-15,2.08979841709655e-15,-4.53844145441724e-15,1.3840688642428e-14,4.99483221108266e-07,-8.4384994003166e-16,-1.35618825114088e-15,-3.70403401738235e-08,-3.41146894331639e-15,2.27683825864659e-15,3.8506934394435e-15,1.38574806406589e-16,-2.54197330859323e-07,3.52663846944592e-15,0.63737466239835,1.3039146043205e-14,-1.73533137328538e-15,5.81624107922678e-15,3.12914603034877e-14,2.00313237323507e-14,-7.55642341542616e-15,1.64525188698245e-07,-8.89156410159099e-15,-5.73005737788502e-15,1.23114723562573e-08,-1.19356844901891e-05,-1.48647113190879e-15,1.56123302314673e-06,1.97979598008266e-06,-1.6415093030601e-15,5.29910225500608e-15,-3.09533573674598e-15,8.26683650387262e-16,1.51042278499259e-16,-1.79193511291772e-06,-2.0918247859866e-15,-1.12430163780278e-15,1.61302824343376e-16,6.51064695620691e-07,-3.32313036001051e-16,3.97198247687501e-16,-2.76446745603368e-15,-9.69845789727475e-17,-2.65877558170506e-07,2.82699715180144e-16,7.60439408365584e-10,5.16918144459318e-16,-1.81868687333651e-16,4.23849007106057e-16,-9.28869802916762e-16,7.47385340445273e-16,6.21410694728107e-16,1.83629553483014e-16,-1.14586173673708e-08,1.66745850231481e-15,1.25152984724673e-17,4.67033364391679e-09,-6.70373601175049e-16,4.59511537121051e-16,-3.33608593760277e-16,-2.24755481782073e-17,2.68098733913801e-16,-2.30708288049427e-16,-3.09426863142136e-08,5.33136463192386e-17,1.44400208620542e-15,8.87508232871867e-09,3.74476279088625e-15,7.38802111806029e-16,-2.34412296755667e-15,3.66332001693046e-16,-3.76540250736882e-16,-1.07346098657636e-15,8.2584451989084e-17,2.95074159492731e-16,7.35511143603906e-16,1.36084652752912e-18,1.82706482405743e-16,-4.09448550698162e-09,1.33783196270773e-08,1.26388796238664e-15,1.12490676724518e-15,-7.66917261670083e-18,1.47919541227324e-15,-1.88497684906241e-15,-5.37582074633766e-17,-1.28815860639084e-16,-2.51028701907281e-16,-1.18151409513693e-08,-1.33451968743211e-16,-2.42662680300353e-16,1.5011327515022e-16,1.94879545648511e-15,1.28890351689194e-09,7.16765765249071e-16,-1.89497700513192e-10,-4.83591857756836e-16,-1.60213894116882e-16,4.24327222856688e-16,-2.59659397688305e-16,1.11750150171195e-16,-1.45503877456983e-15,1.98715029883023e-16,-2.94728476709455e-16,1.43175226952465e-16,-4.67192912549694e-17,-1.07010210400093e-15,3.04408559966427e-16,1.62214301728174e-16,8.66262638171708e-17,-2.69015682742076e-16,6.09655102115576e-16,-1.47575629950346e-17,1.32895056936273e-15,2.76317355732322e-16,2.85106515348246e-18,6.02936208681618e-16,-1.22993963018039e-16,9.93970338722809e-16,1.16015362301583e-16,-6.87629495276924e-17,6.42806049506938e-09,-8.19017519926419e-16,1.11489512484945e-15,-6.11763060995324e-18,4.59624770147683e-17,6.30217453816758e-16,-1.31687873133045e-16,3.86183170242101e-16,1.03923758030014e-16,1.15805682786182e-16,4.69378161414863e-17,3.95586325908238e-16,-1.76001605286743e-16,1.13987438697975e-16,2.7204584662438e-16,-1.90452966979107e-16,3.26543962688126e-16,9.9287203180948e-17,-2.80843580585343e-06,-5.65671287951876e-17,3.49331972739288e-17,3.22881507619227e-16,-9.76274494462699e-17,-1.42899045043327e-17,5.00390906753558e-16,2.29891519495221e-16,-3.14431821501538e-16,5.42132258655883e-17,3.57817884527284e-11,-3.98711588559021e-16,-2.79199385144952e-16,2.3409158295381e-17,-1.6463943946505e-16,4.35558193878411e-16,8.46122028841002e-16,3.29482234059775e-17,9.80401746048443e-16,-1.33499768491252e-17,-1.51468334172258e-16,-1.00775432691694e-17,-9.17461388661052e-17,-1.66584172771687e-16,-1.17502518438674e-07,2.41439413479505e-16,-6.0369461216161e-17,2.43075744945936e-16,-3.10246939322264e-15,7.48612454476415e-09,8.93961406137679e-17,2.58219238664956e-17,4.89079108631395e-17,-2.146491615259e-16,-1.47855037727338e-16,-3.41877849649625e-16,1.95389427959327e-15,2.0066459454493e-15,2.2340008554711e-16,2.09434151316408e-16,9.90074082353853e-16,5.13763892396471e-18,-2.27049505550424e-15,1.57064287653988e-15,-2.23571634695689e-15,1.62067116835312e-15,-1.36775767962574e-15
"t725",0.0362255022541636,-0.0111304526991064,-0.0122227081396388,0.000768985343372564,0.00805437311845735,-0.0294811279286975,-0.00446598048650318,-1.62061931430043e-05,0.0396055363643429,-0.00139568017595746,0.00156103486864856,-0.000721964134680044,0.00186032894480986,0.000450632627098108,0.0179812450213154,-0.000722884837495104,-0.000602128729906715,8.8766650967689e-05,0.0544854027967217,0.14223431569692,-9.36463547783302e-05,6.23147759700103e-05,-0.0174244767525697,-0.000447751253204014,2.51776548141458e-05,0.00123079879200917,-0.0122532331760231,-6.10573018984729e-05,-0.000427112262908414,0.00381511474662994,0.000702201753310407,-0.0163865072179352,-8.58426533454826e-06,0.00972363405553961,-0.0518012395566331,-1.02073005453229e-05,-2.83208622210844e-06,1.03150793422503e-05,0.0014289987281824,0.000438163498190201,9.82671163292725e-05,-0.00335860590551196,1.26384375657944e-05,-0.000855835260823445,3.92744820471889e-05,-2.24448351678773e-05,6.90051976616115e-06,-0.00014470075930673,0.161011655666248,0.0535522587593591,1.51594382136844e-05,-7.94451512654513e-07,-1.38500540492301e-08,1.17794433742642e-06,-0.00560373044813075,-5.92754641437541e-05,0.0474463918642931,2.28372510247268e-05,-0.000157899167088717,-2.4833046696277e-07,-3.72981872556427e-07,2.19847686936532e-05,-1.39828865032536e-05,1.06006218049916e-05,-0.000117183199539518,2.48922596816859e-06,-0.000299255639130117,5.52506028133546e-05,-1.35555523549049e-05,6.25699591653757e-05,-5.8576904694347e-07,1.68092412908952e-06,-5.9155148245504e-06,-4.39046702748722e-06,1.95262474269396e-06,0.289282016132728,-2.18051964120838e-06,1.59907260867752e-06,-0.000491635325483346,-6.03983658973273e-05,3.79822346794007e-06,0.000294779090947002,-0.000414028579889573,-1.22501829353739e-05,0.00111378564309407,2.58666229155354e-05,-4.7582839242698e-06,-0.000744819018349012,-2.95138606936407e-08,4.13940514327977e-06,-5.01228807726672e-05,3.1028407960541e-08,2.1546049048325e-05,-1.97766115396733e-05,-4.64604157011214e-06,-5.67498918616186e-06,-6.6843062960729e-07,4.22670542478697e-06,-5.2667587412405e-05,-0.00570397660123546,9.14193432617787e-06,-4.80672360518066e-08,7.66103326404217e-06,1.19237189938928e-05,-1.36981689600812e-05,3.95538966870358e-07,-0.000110353185471269,1.43343503104254e-07,-0.00016616792676596,4.90187962621178e-08,1.65484979514457e-06,3.35082771375677e-06,-1.03965150158351e-06,1.08929456726568e-06,-1.13281226533298e-06,1.28071758643605e-06,-0.000140525479603026,0.000145400496782534,-2.15557667441138e-05,7.68074434033436e-06,-4.41928663372266e-06,1.04977103354061e-05,-0.00621339359911105,0.00133301497580864,-7.42573991874633e-07,-6.61599018913623e-06,7.11558743638932e-07,-2.02258598521531e-05,2.06398274648836e-05,0.000718375766679315,5.31995214812802e-06,-2.0136724922899e-05,1.61840468802814e-06,0.000106560903678402,-4.49704009589363e-08,2.99869322470302e-05,-0.00600855203120719,-1.87533292357029e-06,0.00153402370001558,0.000312578461678741,-4.97007850986769e-05,-2.30075476802355e-06,2.75388366306757e-05,1.81136062119699e-06,1.04522728368445e-08,-9.15803710863888e-06,-1.11253786831975e-06,6.09488885910782e-05,4.04476765383111e-06,-7.53524868593974e-07,-9.43827377493104e-07,-0.000548195249171699,-6.67192534816556e-07,0.000176058376463457,-2.44103320290389e-06,-0.325581708159957,-0.000331562576770092,-1.41956634375523e-06,-0.00510797292152048,6.19115776696724e-07,-9.11244826185509e-07,1.40487637991125e-07,-1.28556477618831e-05,-1.66640549093649e-06,1.16645635100775e-06,-8.09937032906065e-07,0.000131117557801839,1.28406586133859e-05,0.000110989002195094,8.53990061370069e-07,-1.61646083164915e-06,-2.86136790784174e-07,3.47136441604073e-08,1.24566535126288e-05,2.20934870654646e-07,4.49729164031317e-07,1.96972333715172e-08,-7.37524626437524e-07,-2.98014004348514e-05,-3.29914927378e-06,1.32565292801359e-05,3.54822272131425e-06,-7.40869597034084e-07,-2.95925539869779e-09,-9.04863298548493e-08,-3.85401143041207e-08,-0.000321141778513275,0.000183618174319849,0.000301267383469106,-1.22029111867778e-06,-8.83414521934751e-06,0.000186314300919568,5.62282991176706e-06,8.49062734824628e-10,8.65943691263327e-08,-0.00684282516883776,-1.13789469501306e-06,-1.13555052674693e-07,0.000868001720680288,2.34919173986843e-06,5.50983424623818e-06,7.95950599177483e-06,-1.58104434108509e-07,-1.2116229644377e-06,-0.000375879540742887,-1.50766532129654e-06,0.000233002923133678,1.21683422320763e-06,-6.79882598051117e-05,-1.45998920304998e-08,-0.000287103085904754,-1.82199198763532e-06,-4.64193259139097e-06,-0.00103452454250403,5.54522798460896e-07,-1.29060141101636e-07,6.12436179988969e-08,3.95471612551516e-08,-1.10608713181988e-05,-4.6678545447427e-06,-2.13228444436401e-06,2.50122784321411e-06,5.48695961831053e-07,2.31830646599413e-06,-6.81441376075562e-06,-3.879086174771e-07,-3.67219726888735e-05,-2.03403139116212e-07,-4.36607130962762e-05,-1.40681225196738e-05,7.56344315421473e-07,1.55692476711784e-07,4.71589965160458e-06,1.73704872287754e-06,-9.8340166738294e-07,-1.75520688442891e-08,-7.67036637916672e-06,-2.52797992637075e-17,-7.15728976506712e-08,1.02027182215061e-06,-2.04865894472278e-07,-5.21427665041381e-07,-6.95969549989658e-06,9.61975129870262e-08,-1.33964680942752e-06,5.9416148049137e-07,-1.13903191938298e-06,7.26766814533769e-07,-1.47273792353454e-07,5.90460389338335e-05,-3.83935545289002e-08,4.21883575739651e-06,-3.56775373690797e-05,1.47319573923991e-08,-9.59176421248729e-10,4.54500691003367e-08,-4.23243507816007e-08,6.6562795961532e-07,1.67791191265964e-05,-3.16404192505749e-06,6.14125485636913e-07,-1.11332797771099e-05,1.2975389835365e-05,-7.82219812274445e-07,7.91769568351155e-06,-2.67658285829158e-06,1.02940945906159e-08,8.95455797455126e-05,4.34754747181261e-07,3.71281175584284e-05,9.35115278364296e-09,-2.85283355400888e-06,2.58683219844417e-07,-3.1670077496955e-07,5.00442680875489e-07,-9.66664008806567e-07,7.50129567006616e-07,-5.47940764824756e-08,1.04867603026481e-05,-4.55482371918491e-08,7.48222564773665e-06,1.90369771862874e-16,-1.83669006697429e-05,-1.82703030797632e-06,-1.95295404805943e-11,-1.71408764302316e-07,2.53298950966701e-07,-1.57451857356352e-07,-4.47798026975606e-08,5.43416666245345e-09,-2.43829494286497e-07,9.23152194875076e-06,3.33782994030265e-05,-4.20472486562919e-08,3.6693032424139e-05,-0.00255635704960443,3.98872262521205e-07,-1.70583078315182e-05,2.51116735615398e-07,4.39096014397381e-07,6.77832867972899e-09,1.88339559295201e-05,-2.47349846747134e-06,1.09483475811102e-08,-3.43160555000968e-06,4.02184720131086e-07,-1.46081639139859e-06,1.09122648659496e-06,9.10029512039967e-05,4.72642856413014e-07,-1.50931512858317e-07,-9.87363257857054e-07,1.00145118512609e-07,-4.62869983433585e-07,1.23630596234977e-05,5.17209305414346e-06,-2.33977373912167e-05,-6.61863960689735e-17,7.47303617006169e-07,4.64334779173192e-07,-2.60521589316184e-07,0.00172882975145677,-1.05840438268403e-07,0.00289410660804467,6.64170948541497e-06,-1.20208559310205e-06,5.86558415225139e-06,1.77380421188943e-16,-4.72290087812698e-05,-3.75578720421851e-09,-1.5761771060874e-05,6.88366172788621e-08,1.279497600098e-06,-8.10135178905492e-06,-1.41838117721362e-05,3.80996671226442e-06,-3.85645450921332e-07,2.46753016524634e-05,-7.99718660191062e-08,-7.68911627699352e-06,-1.03061401423945e-08,-1.61852677864473e-09,-8.07311630558794e-05,1.15372873822068e-07,-2.31523354075567e-05,-4.77176453148648e-16,-6.37721240047114e-07,5.05052787151876e-08,1.45566532593087e-09,1.32847095753816e-08,-2.02931185177892e-05,-0.000100471567866422,4.50824926376206e-07,-1.65778005919728e-06,-9.59634571827445e-07,2.27841290727283e-16,-0.000166800344462153,-5.95275462565751e-08,-2.2592118498492e-05,6.85752299970406e-16,4.74460797859073e-06,6.3213481320201e-07,-1.00026389025725e-07,-4.51982408232917e-05,-0.00388031628330327,-3.12058324530383e-06,-1.42437311154279e-06,5.36962929474318e-06,3.93284287681729e-07,2.27334594202687e-08,5.52544740199265e-06,1.67797043594667e-07,-6.21676403473688e-16,-7.10581960038207e-08,2.6556467656507e-06,1.17019141939831e-06,-7.59693339342639e-06,-1.59752504546213e-16,-1.66543554127319e-07,3.34369548343591e-08,-3.96839644428724e-06,-5.81714633733191e-08,-0.00020180785166873,2.17676145824086e-07,-3.16823796831455e-06,2.28016611492448e-05,3.89168777858019e-16,0.000123272176120995,-6.12420420956597e-07,1.97914623647283e-06,0.000253289949888022,-3.37958915161477e-07,-4.52257787531252e-07,1.0606433945538e-14,3.05196395377564e-16,-6.39678604147417e-07,-1.4322488465192e-06,2.14631603928053e-07,-0.327973896450947,-3.70754371378303e-14,4.86859901316734e-05,3.92175581349893e-07,-7.20428289497475e-15,-8.09345808078823e-16,8.59825023913231e-16,-0.00228926003955995,-8.35869643022348e-07,8.47487375749156e-07,-2.23114555153317e-05,-3.11642113449627e-06,-5.00007195124868e-07,2.13543488403438e-07,1.39663662487588e-16,3.61828313369807e-08,-9.35937548792249e-08,3.11391241789506e-16,-5.27302769933944e-16,4.38495372684799e-08,2.21746186542334e-08,2.23539861945736e-08,-5.34273310173461e-06,-1.88087402758649e-08,6.91305657839969e-06,5.723276328424e-16,2.55272226823251e-07,-1.006414941488e-15,7.80099651233694e-06,-9.14332590706297e-16,1.8157664800271e-08,-2.24852025596463e-16,-7.05710677141989e-08,-1.83781211104078e-08,-7.08299934697289e-07,-9.48082839880481e-07,-4.13917168222764e-08,4.53367838160242e-09,-2.77557715805096e-08,-4.78846081319476e-08,-0.00024466237037225,-1.20143989228023e-07,-7.31705444962449e-09,2.01164725209461e-08,0.000189633678508608,2.2591314179683e-07,7.32749796243299e-09,3.22308201579871e-16,-6.52561401148015e-08,1.04846391110127e-08,-4.32781651467702e-09,8.59158924316351e-18,-6.9809546380616e-07,-1.92220540847519e-07,-5.87330987877032e-08,-5.95789969652787e-17,1.38935392194127e-08,6.55378971578995e-06,-4.8932016939545e-16,8.33154528568785e-09,-1.34633916325634e-08,-2.99662460662177e-16,1.88960915728543e-16,4.34216363150389e-10,2.17803535415344e-06,1.15024665671602e-08,6.07612306486565e-06,-3.67051121849875e-08,-9.5173177692444e-10,-9.50214184159199e-08,-6.20658596352884e-09,1.34167550996014e-07,1.37735336739638e-15,-5.62537324179771e-11,-0.00875392177425595,-4.34340385480753e-09,-1.23788875577563e-07,-4.74335862341306e-16,3.30791525527201e-16,-1.64318535944009e-08,-2.50251052860789e-16,-1.08632534521634e-16,1.96150892988488e-09,-3.83096677918167e-09,-7.20915617960929e-10,-6.13514202988824e-09,2.9274907163284e-08,7.71733104036264e-09,1.04370027732287e-08,-3.96147477649395e-17,8.54481492483684e-08,3.96948232314112e-08,2.00187057937473e-08,-2.10421144529324e-09,9.63683554698595e-09,1.16509984419674e-16,3.80837010407722e-17,2.83039087696299e-16,-9.72701143775178e-07,-5.07203765139689e-10,-3.30218655891222e-08,-1.79826133627007e-16,-4.11183984726283e-10,-2.37343635981177e-16,-1.59618748539371e-18,8.04535778378074e-08,-2.01809260903962e-08,-6.15690569421284e-16,-1.72353657470153e-07,-2.36796819033118e-09,2.8321511718273e-16,5.5474779729633e-09,-9.7791461280262e-17,2.13711302900727e-07,-3.08029210449788e-16,2.13832922526663e-07,1.76810397401208e-08,6.42184556291947e-10,6.36546396998972e-08,4.40590429941405e-07,-2.15999028774385e-09,6.87336582483492e-08,-3.59872844936157e-17,4.21776837520092e-08,-2.38907683918128e-09,-1.51947724529732e-16,-3.16195442886748e-10,-6.49541914556738e-09,1.51946933973759e-09,2.62324102615085e-16,4.97517091058086e-09,6.60402679255748e-09,8.89490218404549e-17,-1.84080521059471e-07,-1.40024215718077e-07,-1.92589558096306e-10,1.25755676942957e-16,1.40100170551591e-16,3.49379226233501e-09,1.12301543197849e-07,9.093462510905e-09,-1.41790382357276e-09,6.74167062352047e-08,9.89450887565576e-17,2.19248354062233e-16,2.462421358745e-07,7.40882924266628e-10,-5.30037144293328e-16,5.95677771975528e-07,1.50531577730954e-17,2.9609552244859e-09,-5.09447819172185e-08,-6.28703072479288e-07,-2.46017640063383e-05,-5.70148019930714e-17,4.24603795237905e-17,2.74070025345373e-16,6.82212102093406e-17,-3.32801140808929e-10,-1.1536125251196e-09,1.10239467608565e-16,5.22003050235787e-17,1.84483445969855e-16,1.61876764959939e-09,1.452330909357e-11,-7.95675205984455e-10,9.20381430373393e-17,-7.52147922804032e-16,4.9188972992616e-16,-3.33286117807147e-08,1.0188448483471e-09,-1.52774130418512e-16,1.76602581795964e-10,-4.59535421255385e-09,-3.21653360660923e-17,-7.41619170263714e-17,-3.25431108257806e-07,-3.20076219381532e-11,-1.59580872293721e-07,7.58453702027724e-17,1.70100017193459e-09,2.71914877749388e-08,2.87664982624425e-08,-1.05125967578507e-07,-6.20124147590195e-09,9.97881238385643e-11,1.12703202538664e-16,-7.16477972990572e-16,-1.64788590375578e-16,1.75645865650753e-09,-1.58820554522627e-09,-5.63038535379795e-07,-4.36647123593128e-10,1.06961984613555e-15,2.10804130990947e-17,1.02219699699456e-16,-5.22677902720166e-17,-1.43664321866305e-16,1.92319188998354e-09,6.25955622307337e-17,3.77366982260513e-17,-3.10892643174581e-08,5.32680570775045e-17,-2.77774332305589e-08,-2.53703308361608e-17,-3.14697343081554e-07,4.32134160580519e-17,-3.54988638600412e-07,-4.7565500142998e-09,-4.07509569026686e-09,1.49183338598415e-18,1.42714975811073e-07,3.41244326929934e-17,1.97268681687757e-08,-2.70451066481086e-09,1.48582798086576e-11,3.44425928275996e-16,7.61414375350307e-08,2.04259316756847e-16,-4.80590506708089e-09,-2.43595187044854e-09,-1.10022679985661e-15,3.16431262893028e-17,-5.5302235543407e-17,4.02235417159097e-17,-3.24146326466526e-10,-9.27924276870915e-09,-1.97582617587348e-09,1.56098827797876e-16,-1.04619214567063e-16,-1.53548639652362e-10,1.2342483991006e-09,-1.10771837188577e-16,5.61909945860628e-17,-1.40245220593691e-09,-4.64796905573937e-17,-1.23843236291146e-06,8.29532659627699e-16,7.85594511778776e-10,-4.1663103430332e-17,-7.00790977631351e-17,1.31120473224567e-17,-1.64371511586703e-16,-3.55107082273724e-17,1.87486174648592e-16,-3.76714785201869e-11,2.68527731652631e-10,-3.41882571803859e-18,2.69626984460503e-10,-1.29726071870866e-08,-2.36181651178459e-16,-8.20604392423032e-17,-3.17791039259767e-17,-2.94904346590592e-16,-5.49748548777318e-06,-3.2284223165091e-09,-1.34814745829015e-17,-3.9846678836903e-17,4.30162706388066e-09,1.40485174160397e-09,2.20574609145721e-11,2.36306401828095e-17,1.73882040438319e-18,-1.53430013126854e-16,-5.21971737107073e-17,2.14204189478135e-16,-8.00667612942613e-17,-1.42747979572265e-07,5.12716971873422e-08,2.79241031333467e-08,-4.97415934404124e-17,3.32199095240991e-17,9.82170688657884e-17,2.41945638625256e-16,3.14850365843514e-17,-5.93913499068756e-16,3.40424425824671e-16,2.43250903473525e-19,-2.98307476049526e-17,-2.59482458310988e-17,-1.19393774487865e-16,3.13646898954922e-16,-6.89775748320894e-17,-4.19303715398362e-17,-2.46277648741702e-10,3.30487411101234e-18,4.20384590115887e-16,5.24740107584268e-17,-3.68830755740111e-09,4.21644556667026e-08,-2.52449777923202e-18,9.71736745426723e-11,-3.67640491389418e-09,-3.95328790733873e-17,-1.74366996429691e-16,7.67428712051885e-09,3.30894741222286e-17,-1.07540432758592e-10,1.25729526770455e-17,-7.3322832019373e-17,4.90747525866821e-17,-1.24080829361042e-16,-1.13054611014535e-07,1.67525358428871e-08,3.4027953745826e-16,1.46546417140363e-16,-6.92290747240771e-17,3.36863654380224e-15,3.01724874851017e-17,1.62032510580229e-16,-1.54870456039972e-16,-1.05346620513784e-16,-3.11183379764244e-10,-1.85366252599438e-17,-5.15353541628157e-17,2.72789463185985e-17,1.96186102176245e-17,-8.41052489777992e-17,2.43927309284839e-15,7.38597482524876e-08,-7.06270330734757e-18,-6.12171763241918e-17,-5.07769874224895e-09,-2.23264034905516e-16,1.3731962031515e-15,6.23826285618941e-17,-3.95943085914291e-16,-5.29077276553656e-09,-4.60800633937042e-18,0.000660083332462365,1.31827599982314e-16,-6.86148930971159e-16,3.63721284455413e-17,-1.48180218717815e-15,2.24810593479423e-17,-1.87195705444606e-15,-6.44348408650054e-09,-1.0510098189413e-15,-1.52704537415552e-16,-8.6409895685409e-10,8.56520653827595e-07,-5.12570364184529e-18,-1.54313067900427e-07,-2.12683186579664e-07,-2.3012299973732e-17,-7.21473981777865e-16,-1.58736561065442e-16,2.03947799478928e-18,-4.64575866151433e-16,4.35185647844412e-07,4.41075207571767e-16,-3.81653499713008e-16,-8.61121114178158e-17,-1.83172853822861e-07,4.77614527745811e-16,7.2914502738398e-17,-3.90876395038751e-16,9.25339607777186e-17,8.91685767755719e-08,-9.16750965295382e-18,-2.68343464545145e-10,3.02197892305751e-17,-8.10826319435343e-16,-3.15334029439128e-16,6.54520094696931e-17,-8.61492897615835e-17,2.54841940210759e-16,-1.02257949573946e-17,5.19332271693851e-09,-8.77315880879776e-17,-3.55148577686406e-17,-2.2437255109328e-09,-1.64780557803315e-16,4.44789454935991e-17,1.76030482816485e-16,6.03574977996852e-17,-4.38262311102785e-17,1.84413711877416e-17,1.77331488677635e-08,1.48181336411721e-16,2.68527006292519e-16,-5.49091190208374e-09,-3.47713023877596e-16,-4.23462617098432e-16,-9.72534778514621e-17,-1.8722995755156e-16,2.36700047911045e-16,-2.63236419277339e-16,1.57975981639769e-17,1.05772460176763e-16,-2.25308821652748e-16,3.87658214782791e-17,-7.68515176872867e-17,3.33705660159995e-09,-1.1266918562568e-08,2.77655497676928e-16,-6.85829842268684e-17,-2.64258702007001e-17,-1.97140911879686e-17,-1.00859067533799e-15,9.61869529913686e-17,1.35078948143887e-16,1.1163692478912e-16,1.18147573052697e-08,2.69015325673951e-17,-1.83412508131018e-17,1.48161711239746e-16,-2.9072341517318e-16,-1.49490375645705e-09,-1.15147588396648e-16,2.61154763475749e-10,2.46835145846649e-16,-6.77314488038681e-17,2.65334457717563e-17,-1.0071535920193e-16,-3.66166167460415e-16,-6.43306383469853e-16,1.06059529567884e-17,1.8958463373982e-16,-1.09118618584912e-16,-1.3996404450753e-18,5.47576499527817e-17,-4.83908269603558e-17,1.60371158034948e-16,2.72119847649651e-17,1.04925646548175e-16,-1.92654505523698e-16,1.08296082756233e-17,-1.50732390362891e-16,-4.2654923412913e-17,1.83551562200252e-17,-4.15268952986942e-16,1.38323511496317e-17,9.3023106901728e-16,1.65021300497928e-16,8.21540471877816e-18,-1.87218402103458e-08,-8.27063223986202e-16,8.21869284685407e-17,1.62169341432482e-17,-2.6607090822656e-16,-1.94968819661958e-16,-5.48179391038224e-17,1.87273276893697e-15,-1.02701226658289e-18,5.389773873726e-17,5.38767100453935e-17,1.9231767273228e-15,-2.37692708901169e-16,7.07277720158038e-17,1.0225978641315e-16,6.92260891882687e-16,1.97198643510605e-16,3.38013919628236e-17,1.79177641376832e-05,4.71910191116751e-17,-5.24534978284028e-17,7.11297631680932e-17,1.36885480462344e-16,-4.94180814223518e-18,6.77942399318419e-17,-1.11632164837713e-16,-4.1070897441825e-16,4.86837947859122e-17,-1.14288055569862e-08,1.25829185735662e-15,-1.2485650713518e-17,-1.82155573607871e-16,1.48261307514266e-16,4.58959330871203e-17,-1.17554883752532e-15,-7.98088025325149e-17,-1.04776208392302e-16,-3.06972116088933e-17,-2.39684101693857e-16,-6.68621942836864e-16,-9.62997879905444e-17,-4.88917478651628e-16,-9.59235520364244e-07,4.54123879142182e-18,-4.5190630801364e-17,1.75616930689508e-17,-3.32894344704783e-16,4.31817935706299e-08,8.29993477961035e-17,5.27157008423792e-16,-1.37141181935373e-16,5.32571952952693e-17,-7.69428143213277e-16,-4.22325650848049e-16,4.60915223998027e-17,-3.10510937586724e-16,1.49457497383599e-16,-1.34583198013242e-16,5.74499389640161e-16,4.6332147701634e-16,1.21348020556068e-15,-2.67270758613388e-15,1.20688654723107e-16,1.44405463445523e-15,-2.83869476703683e-15
"t752",0.0362255022541636,-0.0111304526991064,-0.0122227081396388,0.000768985343372564,0.00805437311845735,-0.0294811279286975,-0.00446598048650318,-1.62061931430043e-05,0.0396055363643429,-0.00139568017595746,0.00156103486864856,-0.000721964134680044,0.00186032894480986,0.000450632627098108,0.0179812450213154,-0.000722884837495104,-0.000602128729906715,8.8766650967689e-05,0.0544854027967217,0.14223431569692,-9.36463547783302e-05,6.23147759700103e-05,-0.0174244767525697,-0.000447751253204014,2.51776548141458e-05,0.00123079879200917,-0.0122532331760231,-6.10573018984729e-05,-0.000427112262908414,0.00381511474662994,0.000702201753310407,-0.0163865072179352,-8.58426533454826e-06,0.00972363405553961,-0.0518012395566331,-1.02073005453229e-05,-2.83208622210844e-06,1.03150793422503e-05,0.0014289987281824,0.000438163498190201,9.82671163292725e-05,-0.00335860590551196,1.26384375657944e-05,-0.000855835260823445,3.92744820471889e-05,-2.24448351678773e-05,6.90051976616115e-06,-0.00014470075930673,0.161011655666248,0.0535522587593591,1.51594382136844e-05,-7.94451512654513e-07,-1.38500540492301e-08,1.17794433742642e-06,-0.00560373044813075,-5.92754641437541e-05,0.0474463918642931,2.28372510247268e-05,-0.000157899167088717,-2.4833046696277e-07,-3.72981872556427e-07,2.19847686936532e-05,-1.39828865032536e-05,1.06006218049916e-05,-0.000117183199539518,2.48922596816859e-06,-0.000299255639130117,5.52506028133546e-05,-1.35555523549049e-05,6.25699591653757e-05,-5.8576904694347e-07,1.68092412908952e-06,-5.9155148245504e-06,-4.39046702748722e-06,1.95262474269396e-06,0.289282016132728,-2.18051964120838e-06,1.59907260867752e-06,-0.000491635325483346,-6.03983658973273e-05,3.79822346794007e-06,0.000294779090947002,-0.000414028579889573,-1.22501829353739e-05,0.00111378564309407,2.58666229155354e-05,-4.7582839242698e-06,-0.000744819018349012,-2.95138606936407e-08,4.13940514327977e-06,-5.01228807726672e-05,3.1028407960541e-08,2.1546049048325e-05,-1.97766115396733e-05,-4.64604157011214e-06,-5.67498918616186e-06,-6.6843062960729e-07,4.22670542478697e-06,-5.2667587412405e-05,-0.00570397660123546,9.14193432617787e-06,-4.80672360518066e-08,7.66103326404217e-06,1.19237189938928e-05,-1.36981689600812e-05,3.95538966870358e-07,-0.000110353185471269,1.43343503104254e-07,-0.00016616792676596,4.90187962621178e-08,1.65484979514457e-06,3.35082771375677e-06,-1.03965150158351e-06,1.08929456726568e-06,-1.13281226533298e-06,1.28071758643605e-06,-0.000140525479603026,0.000145400496782534,-2.15557667441138e-05,7.68074434033436e-06,-4.41928663372266e-06,1.04977103354061e-05,-0.00621339359911105,0.00133301497580864,-7.42573991874633e-07,-6.61599018913623e-06,7.11558743638932e-07,-2.02258598521531e-05,2.06398274648836e-05,0.000718375766679315,5.31995214812802e-06,-2.0136724922899e-05,1.61840468802814e-06,0.000106560903678402,-4.49704009589363e-08,2.99869322470302e-05,-0.00600855203120719,-1.87533292357029e-06,0.00153402370001558,0.000312578461678741,-4.97007850986769e-05,-2.30075476802355e-06,2.75388366306757e-05,1.81136062119699e-06,1.04522728368445e-08,-9.15803710863888e-06,-1.11253786831975e-06,6.09488885910782e-05,4.04476765383111e-06,-7.53524868593974e-07,-9.43827377493104e-07,-0.000548195249171699,-6.67192534816556e-07,0.000176058376463457,-2.44103320290389e-06,-0.325581708159957,-0.000331562576770092,-1.41956634375523e-06,-0.00510797292152048,6.19115776696724e-07,-9.11244826185509e-07,1.40487637991125e-07,-1.28556477618831e-05,-1.66640549093649e-06,1.16645635100775e-06,-8.09937032906065e-07,0.000131117557801839,1.28406586133859e-05,0.000110989002195094,8.53990061370069e-07,-1.61646083164915e-06,-2.86136790784174e-07,3.47136441604073e-08,1.24566535126288e-05,2.20934870654646e-07,4.49729164031317e-07,1.96972333715172e-08,-7.37524626437524e-07,-2.98014004348514e-05,-3.29914927378e-06,1.32565292801359e-05,3.54822272131425e-06,-7.40869597034084e-07,-2.95925539869779e-09,-9.04863298548493e-08,-3.85401143041207e-08,-0.000321141778513275,0.000183618174319849,0.000301267383469106,-1.22029111867778e-06,-8.83414521934751e-06,0.000186314300919568,5.62282991176706e-06,8.49062734824628e-10,8.65943691263327e-08,-0.00684282516883776,-1.13789469501306e-06,-1.13555052674693e-07,0.000868001720680288,2.34919173986843e-06,5.50983424623818e-06,7.95950599177483e-06,-1.58104434108509e-07,-1.2116229644377e-06,-0.000375879540742887,-1.50766532129654e-06,0.000233002923133678,1.21683422320763e-06,-6.79882598051117e-05,-1.45998920304998e-08,-0.000287103085904754,-1.82199198763532e-06,-4.64193259139097e-06,-0.00103452454250403,5.54522798460896e-07,-1.29060141101636e-07,6.12436179988969e-08,3.95471612551516e-08,-1.10608713181988e-05,-4.6678545447427e-06,-2.13228444436401e-06,2.50122784321411e-06,5.48695961831053e-07,2.31830646599413e-06,-6.81441376075562e-06,-3.879086174771e-07,-3.67219726888735e-05,-2.03403139116212e-07,-4.36607130962762e-05,-1.40681225196738e-05,7.56344315421473e-07,1.55692476711784e-07,4.71589965160458e-06,1.73704872287754e-06,-9.8340166738294e-07,-1.75520688442891e-08,-7.67036637916672e-06,-2.52797992637075e-17,-7.15728976506712e-08,1.02027182215061e-06,-2.04865894472278e-07,-5.21427665041381e-07,-6.95969549989658e-06,9.61975129870262e-08,-1.33964680942752e-06,5.9416148049137e-07,-1.13903191938298e-06,7.26766814533769e-07,-1.47273792353454e-07,5.90460389338335e-05,-3.83935545289002e-08,4.21883575739651e-06,-3.56775373690797e-05,1.47319573923991e-08,-9.59176421248729e-10,4.54500691003367e-08,-4.23243507816007e-08,6.6562795961532e-07,1.67791191265964e-05,-3.16404192505749e-06,6.14125485636913e-07,-1.11332797771099e-05,1.2975389835365e-05,-7.82219812274445e-07,7.91769568351155e-06,-2.67658285829158e-06,1.02940945906159e-08,8.95455797455126e-05,4.34754747181261e-07,3.71281175584284e-05,9.35115278364296e-09,-2.85283355400888e-06,2.58683219844417e-07,-3.1670077496955e-07,5.00442680875489e-07,-9.66664008806567e-07,7.50129567006616e-07,-5.47940764824756e-08,1.04867603026481e-05,-4.55482371918491e-08,7.48222564773665e-06,1.90369771862874e-16,-1.83669006697429e-05,-1.82703030797632e-06,-1.95295404805943e-11,-1.71408764302316e-07,2.53298950966701e-07,-1.57451857356352e-07,-4.47798026975606e-08,5.43416666245345e-09,-2.43829494286497e-07,9.23152194875076e-06,3.33782994030265e-05,-4.20472486562919e-08,3.6693032424139e-05,-0.00255635704960443,3.98872262521205e-07,-1.70583078315182e-05,2.51116735615398e-07,4.39096014397381e-07,6.77832867972899e-09,1.88339559295201e-05,-2.47349846747134e-06,1.09483475811102e-08,-3.43160555000968e-06,4.02184720131086e-07,-1.46081639139859e-06,1.09122648659496e-06,9.10029512039967e-05,4.72642856413014e-07,-1.50931512858317e-07,-9.87363257857054e-07,1.00145118512609e-07,-4.62869983433585e-07,1.23630596234977e-05,5.17209305414346e-06,-2.33977373912167e-05,-6.61863960689735e-17,7.47303617006169e-07,4.64334779173192e-07,-2.60521589316184e-07,0.00172882975145677,-1.05840438268403e-07,0.00289410660804467,6.64170948541497e-06,-1.20208559310205e-06,5.86558415225139e-06,1.77380421188943e-16,-4.72290087812698e-05,-3.75578720421851e-09,-1.5761771060874e-05,6.88366172788621e-08,1.279497600098e-06,-8.10135178905492e-06,-1.41838117721362e-05,3.80996671226442e-06,-3.85645450921332e-07,2.46753016524634e-05,-7.99718660191062e-08,-7.68911627699352e-06,-1.03061401423945e-08,-1.61852677864473e-09,-8.07311630558794e-05,1.15372873822068e-07,-2.31523354075567e-05,-4.77176453148648e-16,-6.37721240047114e-07,5.05052787151876e-08,1.45566532593087e-09,1.32847095753816e-08,-2.02931185177892e-05,-0.000100471567866422,4.50824926376206e-07,-1.65778005919728e-06,-9.59634571827445e-07,2.27841290727283e-16,-0.000166800344462153,-5.95275462565751e-08,-2.2592118498492e-05,6.85752299970406e-16,4.74460797859073e-06,6.3213481320201e-07,-1.00026389025725e-07,-4.51982408232917e-05,-0.00388031628330327,-3.12058324530383e-06,-1.42437311154279e-06,5.36962929474318e-06,3.93284287681729e-07,2.27334594202687e-08,5.52544740199265e-06,1.67797043594667e-07,-6.21676403473688e-16,-7.10581960038207e-08,2.6556467656507e-06,1.17019141939831e-06,-7.59693339342639e-06,-1.59752504546213e-16,-1.66543554127319e-07,3.34369548343591e-08,-3.96839644428724e-06,-5.81714633733191e-08,-0.00020180785166873,2.17676145824086e-07,-3.16823796831455e-06,2.28016611492448e-05,3.89168777858019e-16,0.000123272176120995,-6.12420420956597e-07,1.97914623647283e-06,0.000253289949888022,-3.37958915161477e-07,-4.52257787531252e-07,1.0606433945538e-14,3.05196395377564e-16,-6.39678604147417e-07,-1.4322488465192e-06,2.14631603928053e-07,-0.327973896450947,-3.70754371378303e-14,4.86859901316734e-05,3.92175581349893e-07,-7.20428289497475e-15,-8.09345808078823e-16,8.59825023913231e-16,-0.00228926003955995,-8.35869643022348e-07,8.47487375749156e-07,-2.23114555153317e-05,-3.11642113449627e-06,-5.00007195124868e-07,2.13543488403438e-07,1.39663662487588e-16,3.61828313369807e-08,-9.35937548792249e-08,3.11391241789506e-16,-5.27302769933944e-16,4.38495372684799e-08,2.21746186542334e-08,2.23539861945736e-08,-5.34273310173461e-06,-1.88087402758649e-08,6.91305657839969e-06,5.723276328424e-16,2.55272226823251e-07,-1.006414941488e-15,7.80099651233694e-06,-9.14332590706297e-16,1.8157664800271e-08,-2.24852025596463e-16,-7.05710677141989e-08,-1.83781211104078e-08,-7.08299934697289e-07,-9.48082839880481e-07,-4.13917168222764e-08,4.53367838160242e-09,-2.77557715805096e-08,-4.78846081319476e-08,-0.00024466237037225,-1.20143989228023e-07,-7.31705444962449e-09,2.01164725209461e-08,0.000189633678508608,2.2591314179683e-07,7.32749796243299e-09,3.22308201579871e-16,-6.52561401148015e-08,1.04846391110127e-08,-4.32781651467702e-09,8.59158924316351e-18,-6.9809546380616e-07,-1.92220540847519e-07,-5.87330987877032e-08,-5.95789969652787e-17,1.38935392194127e-08,6.55378971578995e-06,-4.8932016939545e-16,8.33154528568785e-09,-1.34633916325634e-08,-2.99662460662177e-16,1.88960915728543e-16,4.34216363150389e-10,2.17803535415344e-06,1.15024665671602e-08,6.07612306486565e-06,-3.67051121849875e-08,-9.5173177692444e-10,-9.50214184159199e-08,-6.20658596352884e-09,1.34167550996014e-07,1.37735336739638e-15,-5.62537324179771e-11,-0.00875392177425595,-4.34340385480753e-09,-1.23788875577563e-07,-4.74335862341306e-16,3.30791525527201e-16,-1.64318535944009e-08,-2.50251052860789e-16,-1.08632534521634e-16,1.96150892988488e-09,-3.83096677918167e-09,-7.20915617960929e-10,-6.13514202988824e-09,2.9274907163284e-08,7.71733104036264e-09,1.04370027732287e-08,-3.96147477649395e-17,8.54481492483684e-08,3.96948232314112e-08,2.00187057937473e-08,-2.10421144529324e-09,9.63683554698595e-09,1.16509984419674e-16,3.80837010407722e-17,2.83039087696299e-16,-9.72701143775178e-07,-5.07203765139689e-10,-3.30218655891222e-08,-1.79826133627007e-16,-4.11183984726283e-10,-2.37343635981177e-16,-1.59618748539371e-18,8.04535778378074e-08,-2.01809260903962e-08,-6.15690569421284e-16,-1.72353657470153e-07,-2.36796819033118e-09,2.8321511718273e-16,5.5474779729633e-09,-9.7791461280262e-17,2.13711302900727e-07,-3.08029210449788e-16,2.13832922526663e-07,1.76810397401208e-08,6.42184556291947e-10,6.36546396998972e-08,4.40590429941405e-07,-2.15999028774385e-09,6.87336582483492e-08,-3.59872844936157e-17,4.21776837520092e-08,-2.38907683918128e-09,-1.51947724529732e-16,-3.16195442886748e-10,-6.49541914556738e-09,1.51946933973759e-09,2.62324102615085e-16,4.97517091058086e-09,6.60402679255748e-09,8.89490218404549e-17,-1.84080521059471e-07,-1.40024215718077e-07,-1.92589558096306e-10,1.25755676942957e-16,1.40100170551591e-16,3.49379226233501e-09,1.12301543197849e-07,9.093462510905e-09,-1.41790382357276e-09,6.74167062352047e-08,9.89450887565576e-17,2.19248354062233e-16,2.462421358745e-07,7.40882924266628e-10,-5.30037144293328e-16,5.95677771975528e-07,1.50531577730954e-17,2.9609552244859e-09,-5.09447819172185e-08,-6.28703072479288e-07,-2.46017640063383e-05,-5.70148019930714e-17,4.24603795237905e-17,2.74070025345373e-16,6.82212102093406e-17,-3.32801140808929e-10,-1.1536125251196e-09,1.10239467608565e-16,5.22003050235787e-17,1.84483445969855e-16,1.61876764959939e-09,1.452330909357e-11,-7.95675205984455e-10,9.20381430373393e-17,-7.52147922804032e-16,4.9188972992616e-16,-3.33286117807147e-08,1.0188448483471e-09,-1.52774130418512e-16,1.76602581795964e-10,-4.59535421255385e-09,-3.21653360660923e-17,-7.41619170263714e-17,-3.25431108257806e-07,-3.20076219381532e-11,-1.59580872293721e-07,7.58453702027724e-17,1.70100017193459e-09,2.71914877749388e-08,2.87664982624425e-08,-1.05125967578507e-07,-6.20124147590195e-09,9.97881238385643e-11,1.12703202538664e-16,-7.16477972990572e-16,-1.64788590375578e-16,1.75645865650753e-09,-1.58820554522627e-09,-5.63038535379795e-07,-4.36647123593128e-10,1.06961984613555e-15,2.10804130990947e-17,1.02219699699456e-16,-5.22677902720166e-17,-1.43664321866305e-16,1.92319188998354e-09,6.25955622307337e-17,3.77366982260513e-17,-3.10892643174581e-08,5.32680570775045e-17,-2.77774332305589e-08,-2.53703308361608e-17,-3.14697343081554e-07,4.32134160580519e-17,-3.54988638600412e-07,-4.7565500142998e-09,-4.07509569026686e-09,1.49183338598415e-18,1.42714975811073e-07,3.41244326929934e-17,1.97268681687757e-08,-2.70451066481086e-09,1.48582798086576e-11,3.44425928275996e-16,7.61414375350307e-08,2.04259316756847e-16,-4.80590506708089e-09,-2.43595187044854e-09,-1.10022679985661e-15,3.16431262893028e-17,-5.5302235543407e-17,4.02235417159097e-17,-3.24146326466526e-10,-9.27924276870915e-09,-1.97582617587348e-09,1.56098827797876e-16,-1.04619214567063e-16,-1.53548639652362e-10,1.2342483991006e-09,-1.10771837188577e-16,5.61909945860628e-17,-1.40245220593691e-09,-4.64796905573937e-17,-1.23843236291146e-06,8.29532659627699e-16,7.85594511778776e-10,-4.1663103430332e-17,-7.00790977631351e-17,1.31120473224567e-17,-1.64371511586703e-16,-3.55107082273724e-17,1.87486174648592e-16,-3.76714785201869e-11,2.68527731652631e-10,-3.41882571803859e-18,2.69626984460503e-10,-1.29726071870866e-08,-2.36181651178459e-16,-8.20604392423032e-17,-3.17791039259767e-17,-2.94904346590592e-16,-5.49748548777318e-06,-3.2284223165091e-09,-1.34814745829015e-17,-3.9846678836903e-17,4.30162706388066e-09,1.40485174160397e-09,2.20574609145721e-11,2.36306401828095e-17,1.73882040438319e-18,-1.53430013126854e-16,-5.21971737107073e-17,2.14204189478135e-16,-8.00667612942613e-17,-1.42747979572265e-07,5.12716971873422e-08,2.79241031333467e-08,-4.97415934404124e-17,3.32199095240991e-17,9.82170688657884e-17,2.41945638625256e-16,3.14850365843514e-17,-5.93913499068756e-16,3.40424425824671e-16,2.43250903473525e-19,-2.98307476049526e-17,-2.59482458310988e-17,-1.19393774487865e-16,3.13646898954922e-16,-6.89775748320894e-17,-4.19303715398362e-17,-2.46277648741702e-10,3.30487411101234e-18,4.20384590115887e-16,5.24740107584268e-17,-3.68830755740111e-09,4.21644556667026e-08,-2.52449777923202e-18,9.71736745426723e-11,-3.67640491389418e-09,-3.95328790733873e-17,-1.74366996429691e-16,7.67428712051885e-09,3.30894741222286e-17,-1.07540432758592e-10,1.25729526770455e-17,-7.3322832019373e-17,4.90747525866821e-17,-1.24080829361042e-16,-1.13054611014535e-07,1.67525358428871e-08,3.4027953745826e-16,1.46546417140363e-16,-6.92290747240771e-17,3.36863654380224e-15,3.01724874851017e-17,1.62032510580229e-16,-1.54870456039972e-16,-1.05346620513784e-16,-3.11183379764244e-10,-1.85366252599438e-17,-5.15353541628157e-17,2.72789463185985e-17,1.96186102176245e-17,-8.41052489777992e-17,2.43927309284839e-15,7.38597482524876e-08,-7.06270330734757e-18,-6.12171763241918e-17,-5.07769874224895e-09,-2.23264034905516e-16,1.3731962031515e-15,6.23826285618941e-17,-3.95943085914291e-16,-5.29077276553656e-09,-4.60800633937042e-18,0.000660083332462365,1.31827599982314e-16,-6.86148930971159e-16,3.63721284455413e-17,-1.48180218717815e-15,2.24810593479423e-17,-1.87195705444606e-15,-6.44348408650054e-09,-1.0510098189413e-15,-1.52704537415552e-16,-8.6409895685409e-10,8.56520653827595e-07,-5.12570364184529e-18,-1.54313067900427e-07,-2.12683186579664e-07,-2.3012299973732e-17,-7.21473981777865e-16,-1.58736561065442e-16,2.03947799478928e-18,-4.64575866151433e-16,4.35185647844412e-07,4.41075207571767e-16,-3.81653499713008e-16,-8.61121114178158e-17,-1.83172853822861e-07,4.77614527745811e-16,7.2914502738398e-17,-3.90876395038751e-16,9.25339607777186e-17,8.91685767755719e-08,-9.16750965295382e-18,-2.68343464545145e-10,3.02197892305751e-17,-8.10826319435343e-16,-3.15334029439128e-16,6.54520094696931e-17,-8.61492897615835e-17,2.54841940210759e-16,-1.02257949573946e-17,5.19332271693851e-09,-8.77315880879776e-17,-3.55148577686406e-17,-2.2437255109328e-09,-1.64780557803315e-16,4.44789454935991e-17,1.76030482816485e-16,6.03574977996852e-17,-4.38262311102785e-17,1.84413711877416e-17,1.77331488677635e-08,1.48181336411721e-16,2.68527006292519e-16,-5.49091190208374e-09,-3.47713023877596e-16,-4.23462617098432e-16,-9.72534778514621e-17,-1.8722995755156e-16,2.36700047911045e-16,-2.63236419277339e-16,1.57975981639769e-17,1.05772460176763e-16,-2.25308821652748e-16,3.87658214782791e-17,-7.68515176872867e-17,3.33705660159995e-09,-1.1266918562568e-08,2.77655497676928e-16,-6.85829842268684e-17,-2.64258702007001e-17,-1.97140911879686e-17,-1.00859067533799e-15,9.61869529913686e-17,1.35078948143887e-16,1.1163692478912e-16,1.18147573052697e-08,2.69015325673951e-17,-1.83412508131018e-17,1.48161711239746e-16,-2.9072341517318e-16,-1.49490375645705e-09,-1.15147588396648e-16,2.61154763475749e-10,2.46835145846649e-16,-6.77314488038681e-17,2.65334457717563e-17,-1.0071535920193e-16,-3.66166167460415e-16,-6.43306383469853e-16,1.06059529567884e-17,1.8958463373982e-16,-1.09118618584912e-16,-1.3996404450753e-18,5.47576499527817e-17,-4.83908269603558e-17,1.60371158034948e-16,2.72119847649651e-17,1.04925646548175e-16,-1.92654505523698e-16,1.08296082756233e-17,-1.50732390362891e-16,-4.2654923412913e-17,1.83551562200252e-17,-4.15268952986942e-16,1.38323511496317e-17,9.3023106901728e-16,1.65021300497928e-16,8.21540471877816e-18,-1.87218402103458e-08,-8.27063223986202e-16,8.21869284685407e-17,1.62169341432482e-17,-2.6607090822656e-16,-1.94968819661958e-16,-5.48179391038224e-17,1.87273276893697e-15,-1.02701226658289e-18,5.389773873726e-17,5.38767100453935e-17,1.9231767273228e-15,-2.37692708901169e-16,7.07277720158038e-17,1.0225978641315e-16,6.92260891882687e-16,1.97198643510605e-16,3.38013919628236e-17,1.79177641376832e-05,4.71910191116751e-17,-5.24534978284028e-17,7.11297631680932e-17,1.36885480462344e-16,-4.94180814223518e-18,6.77942399318419e-17,-1.11632164837713e-16,-4.1070897441825e-16,4.86837947859122e-17,-1.14288055569862e-08,1.25829185735662e-15,-1.2485650713518e-17,-1.82155573607871e-16,1.48261307514266e-16,4.58959330871203e-17,-1.17554883752532e-15,-7.98088025325149e-17,-1.04776208392302e-16,-3.06972116088933e-17,-2.39684101693857e-16,-6.68621942836864e-16,-9.62997879905444e-17,-4.88917478651628e-16,-9.59235520364244e-07,4.54123879142182e-18,-4.5190630801364e-17,1.75616930689508e-17,-3.32894344704783e-16,4.31817935706299e-08,8.29993477961035e-17,5.27157008423792e-16,-1.37141181935373e-16,5.32571952952693e-17,-7.69428143213277e-16,-4.22325650848049e-16,4.60915223998027e-17,-3.10510937586724e-16,1.49457497383599e-16,-1.34583198013242e-16,5.74499389640161e-16,4.6332147701634e-16,1.21348020556068e-15,-2.67270758613388e-15,1.20688654723107e-16,1.44405463445523e-15,-2.83869476703683e-15
"t891",0.035999717621039,-0.0109812747125881,-0.0120533803819249,0.00075451037528283,0.00786645418198294,-0.0286646390725652,-0.00433966732453121,-1.57081447525167e-05,0.0381446500503689,-0.00133181876841072,0.00146710522757599,-0.000666211347249355,0.00171150507184367,0.000413909860291318,0.0164363743602096,-0.000656145908496363,-0.000544850202314796,8.01270324090018e-05,0.0490244436688296,0.126354241429767,-8.20351565064743e-05,5.22522180828046e-05,-0.0143742329223939,-0.000368696769796657,2.0705943864608e-05,0.00099610165813567,-0.00987373909375272,-4.9034093335198e-05,-0.000339426881652863,0.0027803587973358,0.000488076182067331,-0.0109462901772379,-5.30313460838665e-06,0.00561698072747377,-0.0272840604974164,-4.34891902157529e-06,-1.15036956162237e-06,3.91625246896478e-06,0.000525354056481304,0.000148976662853125,2.75890507960375e-05,-0.000748778220692628,2.31124421567846e-06,-0.000153541735477831,4.99089437524831e-06,2.86355608713477e-06,-1.62756675073118e-06,4.26512302289156e-05,-0.0805517599539124,-0.0455283111816663,-3.5426173371325e-05,1.29870099531929e-05,-5.41192881689549e-06,1.27196128771191e-06,0.00321305393076551,4.27026513887874e-05,-0.289761157945201,-0.000335560586586021,0.00271363160969505,-2.5210789429691e-06,-2.08096013031279e-06,0.000103823598403792,-5.94182006346648e-05,4.40003201869087e-05,-0.000420542647996272,8.08760292701976e-06,-0.000830825703673979,0.000145515932969854,-3.4933750123376e-05,0.000155588091937733,-1.26535525363642e-06,3.28128804913193e-06,-1.12331138691459e-05,-7.14579553665686e-06,2.99603338413891e-06,0.000308522138354778,-2.56525356507274e-05,3.72579473679425e-06,-0.00101564439464634,-0.000122639061952304,7.55634345801172e-06,0.000584387596083632,-0.000804706562157726,-2.37035875889095e-05,0.00212606682075631,4.92579628760249e-05,-9.04394049572426e-06,-0.00141528535359342,-5.60777255799006e-08,7.86378138205291e-06,-9.51688837210622e-05,5.88131279930917e-08,4.08456406384346e-05,-3.7578299195717e-05,-8.91436504068712e-06,-1.09119543039366e-05,-1.28540292995185e-06,8.17964983763234e-06,-0.000102197927313081,-0.0112007178035782,1.81678633344954e-05,-9.56366164813116e-08,1.52631965960856e-05,2.60296376055977e-05,-3.02057428500036e-05,8.79432597174569e-07,-0.000249228358815001,3.25230263624875e-07,-0.000380206797132172,1.13677267291422e-07,3.85525498701855e-06,8.03762734898319e-06,-2.50315343443138e-06,2.89667132908506e-06,-3.09288377293584e-06,3.736290388066e-06,-0.000424245045609738,0.000491463470447917,-8.42473089361666e-05,3.47512402143942e-05,-2.21903322460835e-05,9.58756605395963e-05,-0.168952275982771,0.0395430370458439,-3.37701800645565e-05,9.16042488195982e-05,-8.78622649579899e-06,0.000111305579021705,-3.32867660524231e-05,-0.00114609879632785,-7.85100687519178e-06,1.60948315280633e-05,-1.14828943376876e-06,-6.93033465464693e-05,2.02039027156902e-08,-1.27666769032928e-05,0.00102156318257058,4.87815531899429e-09,0.00017152552828469,3.57226808821664e-05,-6.38298750981825e-06,-3.1085472829996e-07,3.99687387323356e-06,2.69416210882886e-07,1.55513413468003e-09,-1.56631547491527e-06,-2.20348530712795e-07,1.23484896641806e-05,8.08381162043539e-07,-1.4119851150707e-07,-1.75520974731053e-07,-9.76826801223499e-05,-1.1528723623002e-07,2.91984565169395e-05,-9.54342976482495e-08,-0.000156894119043403,1.08052558624803e-05,-1.05504118278227e-06,-0.000453806694064773,-6.33313220626816e-07,-6.96086128886684e-07,1.00627548480373e-07,-7.229139223329e-06,-9.16647377941824e-07,5.45938997060301e-07,-3.25435602702035e-07,2.85369448464905e-05,2.70603004224599e-06,2.31920474296551e-05,1.5517163379291e-07,-2.40367631418651e-07,-4.11576629880296e-08,2.56819975434041e-09,6.32093859501096e-07,-4.23032878672586e-10,-6.93028119824718e-09,-4.41515402118998e-10,1.21037975071756e-07,1.01577347044125e-05,1.23774092260204e-06,-5.42349585868298e-06,-1.83497577450029e-06,4.16480119016207e-07,1.79987838085737e-09,5.91440508941227e-08,3.16636149750039e-08,0.000278555728592771,-0.000248663420648419,-0.00041388102527623,1.937389400744e-06,2.10264364406587e-05,-0.000636611531353463,-2.19768799590215e-05,-4.10284150253007e-09,-4.94589110661389e-07,0.0154560934255936,0.000161407752039786,8.85940182592395e-06,-0.495893134331094,2.67920417736333e-05,6.02697200012706e-05,6.4725986616133e-05,-1.04945798559894e-06,-5.880192411455e-06,-0.00182221495716349,-7.15478781995849e-06,0.00104147693146718,5.23913375585021e-06,-0.00026856918848623,-5.29155071200683e-08,-0.000982884281030998,-6.13947955901387e-06,-1.46862251730502e-05,-0.00317636781081173,1.70131252112453e-06,-3.87643301548214e-07,1.75479863074367e-07,1.12400042929123e-07,-3.02394784233334e-05,-1.24691683193609e-05,-5.65388084978234e-06,6.45106499845209e-06,1.40674287108744e-06,5.90631860240461e-06,-1.7055446511993e-05,-9.67641498593364e-07,-9.15294621914078e-05,-4.98599369534828e-07,-0.000106050731625657,-3.38516620665504e-05,1.81268446768323e-06,3.71650921744131e-07,1.12167538804346e-05,4.12744944301314e-06,-2.31636384332401e-06,-4.1135593573178e-08,-1.78846465135871e-05,-3.14597516468748e-17,-1.65754929036339e-07,2.35981413617432e-06,-4.69970783343465e-07,-1.18950811748915e-06,-1.58108152289582e-05,2.18486463750486e-07,-3.02226881882269e-06,1.33908385889593e-06,-2.56591027207164e-06,1.63378908254862e-06,-3.30637442541495e-07,0.000132264620310789,-8.592308734318e-08,9.43808558048242e-06,-7.9664235522762e-05,3.27056458273292e-08,-2.12674206904477e-09,1.00699023084174e-07,-9.37055804100225e-08,1.47368383160642e-06,3.71584439078149e-05,-7.00978577113182e-06,1.36176733336071e-06,-2.46959214125168e-05,2.87941153294825e-05,-1.73697270186025e-06,1.76011911575212e-05,-5.95091033903912e-06,2.29705530399565e-08,0.000199834052729683,9.70324957021833e-07,8.29654327291457e-05,2.09056176125757e-08,-6.38788053885702e-06,5.79403887907671e-07,-7.18127490604298e-07,1.13664370337473e-06,-2.19853760491004e-06,1.71163898059394e-06,-1.25375541208905e-07,2.41588902109805e-05,-1.05155721277407e-07,1.73040116914312e-05,-1.55273880725505e-16,-4.27469204391455e-05,-4.25594929547344e-06,-4.56268373301836e-11,-4.03457112830371e-07,6.00415977778273e-07,-3.74557391412946e-07,-1.0672038464139e-07,1.33284578563411e-08,-5.99441525829313e-07,2.2709845604414e-05,8.31106303081998e-05,-1.12492218621264e-07,0.00010202815510909,-0.00749078729543373,6.84834822691706e-07,-4.35453532386066e-05,6.5986237102507e-07,1.15568982008754e-06,1.78489975563603e-08,5.32328440808598e-05,-7.72769033012542e-06,3.47225000817151e-08,-1.11380419784878e-05,1.34528392852625e-06,-4.93413157032879e-06,4.04029625913764e-06,0.000339576023752082,1.78969097999358e-06,-5.77430105353284e-07,-3.9142899514278e-06,4.14368833808635e-07,-1.99982464072659e-06,5.44993521047955e-05,2.36357689546351e-05,-0.000116518612490806,1.82095901430207e-16,1.32130086659551e-05,1.22618726106817e-05,-3.88714308117053e-05,0.310308474223771,-2.44995520209515e-05,-0.0644856159007283,-0.000482908382978295,3.65348563077359e-05,-8.04143522981033e-05,-2.154103440494e-15,0.000263431890645715,1.93402899739683e-08,6.92532438982456e-05,-2.97070086214241e-07,-3.94215254768867e-06,2.11769951385998e-05,2.99090478458126e-05,-6.99139269905243e-06,5.32635098375062e-07,-2.65576325866949e-05,7.35960782361034e-08,6.47970956272839e-06,8.2219417919728e-09,1.17085471288944e-09,5.77723433700808e-05,-7.69859459270062e-08,1.46265960242833e-05,-1.46889618032114e-15,2.62849837190109e-07,-1.89346054820652e-08,-5.45218851163887e-10,-3.73090627494678e-09,5.44009940085639e-06,1.36803248715826e-05,-4.75848726746433e-08,1.65482545967682e-07,7.58295115572694e-08,-8.24268497452651e-16,9.49592907688586e-06,2.92499292305746e-09,4.98190262635041e-07,7.90919910701496e-16,1.54546366686892e-08,5.26108229440874e-09,-1.0701535676966e-09,-6.61647479582338e-07,-1.94282399806684e-05,-1.95196608528308e-07,-7.60815941943024e-08,3.33656445348998e-07,2.50029673573048e-08,1.63795199516111e-09,4.7782675992074e-07,1.4629077154814e-08,1.24471531630837e-16,-7.93051515500063e-09,3.06246155938183e-07,1.43883315437001e-07,-1.01167330113847e-06,-3.1382967323929e-17,-2.49677543926603e-08,5.38285578972444e-09,-6.48973929295623e-07,-9.5540894951786e-09,-3.32360278424116e-05,3.57913227721508e-08,-5.10282672346694e-07,3.1516193242133e-06,-1.85996592137787e-17,1.25526226697796e-05,-5.99861159806175e-08,1.77094802068816e-07,1.9476526367985e-05,-2.56468320151139e-08,-3.2621617523755e-08,-3.00501690625135e-16,3.89163418151246e-17,-3.12883476011232e-08,-3.78210106421547e-08,5.03186879618506e-09,-0.000320515180538148,1.50904135636644e-15,-2.76469767713958e-06,-3.46179382998207e-08,-2.30157452760527e-16,1.5895515216798e-16,1.11400264246486e-16,0.00366358858457068,-9.84779121517451e-08,-1.25658634360452e-07,4.6884261178677e-06,6.74493457400807e-07,1.35524715379187e-07,-5.91957462359382e-08,1.04210251447312e-16,-1.40148688396982e-08,4.00725929900532e-08,9.85933536207908e-17,1.52809344735508e-15,-2.64731652913074e-08,-1.4422840246768e-08,-1.60055088922646e-08,4.07131846453453e-06,1.60849980501744e-08,-6.0204472431234e-06,-4.45906803480199e-16,-2.27866470221172e-07,4.63135105286477e-16,-7.46810888118337e-06,-9.22087607719134e-17,-1.82846893316886e-08,-2.86114323765866e-17,7.57085962424615e-08,1.99674212368794e-08,9.07043172438265e-07,1.25665099681363e-06,5.56564346782062e-08,-6.48857336990206e-09,4.19537327748251e-08,9.24903742380047e-08,0.000485236117490709,2.05791338328484e-07,1.36706929231369e-08,-4.14933935307953e-08,-0.000490667600758447,-5.17715452545194e-07,-1.73947806603815e-08,-5.17415479276277e-17,1.70485567035228e-07,-2.99290316573964e-08,1.58928475114516e-08,1.1506024258124e-16,2.76214960263197e-06,8.53130335797582e-07,2.7404774524368e-07,3.21445068269949e-17,-6.65356817613589e-08,-3.48687883226188e-05,-2.42338914503254e-16,-4.67462334809196e-08,1.06583931415578e-07,1.8378328804911e-16,6.28624238459567e-16,-3.99437375993966e-09,-2.03188413092848e-05,-1.14746795069891e-07,-6.57791256219614e-05,4.84765088816266e-07,1.28000730780874e-08,1.3116247410798e-06,1.15824036230837e-07,-2.91727582587871e-06,-2.04621485921293e-16,5.39778039696753e-10,2.27859997757976e-06,1.01151428724251e-06,1.01845101338647e-05,-1.39323115447207e-15,4.53210935117669e-17,1.45588019283704e-06,-1.6264751732396e-16,-4.96343231402458e-16,1.51506027462242e-07,-2.23231966305388e-07,-4.17950794151306e-08,-2.35053355221795e-07,1.07388566038338e-06,2.80552658816437e-07,3.58763474470403e-07,8.07316933809514e-17,1.90504444167691e-06,8.274814846351e-07,4.0869934200014e-07,-3.90506013545747e-08,1.54711205754034e-07,3.87401886250886e-16,-1.85045106056745e-16,6.87416259090453e-16,-1.32808069952811e-05,-6.53751253678577e-09,-4.23875032556821e-07,-2.62220749310042e-16,-5.02254475712593e-09,-8.47268045783876e-16,-3.3477151509019e-16,8.29363467274037e-07,-2.07678094074381e-07,-1.69803935041897e-16,-1.71755446660461e-06,-2.31910661313627e-08,3.8796986928443e-16,5.25804914863495e-08,-1.91032848114008e-16,1.95617157316956e-06,-1.81081314139357e-16,1.95159823506929e-06,1.61010844416937e-07,5.83342927966181e-09,5.76241130763536e-07,3.9585668644816e-06,-1.89068561131083e-08,5.83247345988116e-07,6.70119218925073e-17,3.47090685098426e-07,-1.96057004948777e-08,-2.30010280948689e-16,-2.58560283232417e-09,-5.27933228820426e-08,1.22882264469805e-08,-5.30552946123564e-16,3.96838207480611e-08,5.25644986683679e-08,1.54976934144821e-16,-1.46152237060952e-06,-1.11051561322839e-06,-1.52244455266754e-09,4.98965453623754e-16,-3.45405562287418e-16,2.75628039054673e-08,8.87729747464761e-07,7.1930470584542e-08,-1.17888164958343e-08,5.72648859226949e-07,9.64514237598409e-17,4.7525380471289e-16,2.13411257872002e-06,6.44013873439282e-09,-3.99895172682003e-16,5.46209977368471e-06,2.9141629153965e-16,2.99947681963227e-08,-9.01548917603841e-07,-1.27079579776575e-05,-0.00840582676593875,8.42656160735403e-16,-3.2399995477631e-16,-9.35829313444608e-17,-1.80812827205056e-17,-2.00498420578474e-09,-7.09034291462120e-09,4.25146368549982e-16,-9.84789711681785e-18,-3.10563265987026e-16,1.0482999134062e-08,9.56200738870726e-11,-5.4232483806815e-09,-4.72614348393112e-16,-1.26279415661994e-15,5.786693809429e-16,-2.44386229706298e-07,7.48596308597818e-09,6.79242616746864e-16,1.32675925208797e-09,-3.48262908037315e-08,4.80662291519551e-16,-3.42285114282036e-16,-2.51751011917807e-06,-2.48019201113203e-10,-1.25175853490367e-06,2.23786881949699e-17,1.36250697942537e-08,2.20414139438649e-07,2.37212900866585e-07,-8.88488275730613e-07,-5.27721340468364e-08,8.60481318651577e-10,-5.77147368345331e-16,-1.21959308993329e-15,-1.24800564905179e-15,1.64892610800437e-08,-1.49314027824449e-08,-5.358701153961e-06,-4.44786918686536e-09,3.69219939804463e-16,1.28471804513095e-15,-3.75473267247405e-16,1.00738346459e-17,-2.01439094495118e-15,2.13034778363537e-08,1.25012220175411e-15,-1.4305006053253e-17,-3.57415928430038e-07,-3.35004256235449e-15,-3.20000048373069e-07,3.75025531462736e-16,-3.638019662138e-06,-7.50530994418585e-16,-4.41130436787385e-06,-6.0223472791434e-08,-5.31577051544164e-08,5.52591797660365e-16,1.93561741756352e-06,2.11825168763368e-16,2.94326053288442e-07,-4.68985853606203e-08,2.59560598763332e-10,-3.62367854926991e-15,1.43029581913147e-06,-1.84119650185431e-15,-1.03063394635943e-07,-5.26144416855272e-08,-1.2000023040186e-15,5.63877972762437e-16,-2.78163701847546e-15,-6.57568976495761e-16,-7.98663615758244e-09,-2.37702716674728e-07,-5.30889889815396e-08,-3.25328332380004e-15,4.49966215132713e-15,-5.44687611586341e-09,4.44350426258589e-08,7.47502465850647e-15,-4.83453658527881e-15,-8.92627748165915e-08,1.17168970404758e-14,-0.000110960134575094,-1.08583181104051e-13,1.56764205171451e-07,-6.54871928203659e-15,-0.664974175333155,5.38008155051974e-14,-3.21047506725751e-14,-7.0637428711474e-15,1.22426447356156e-14,3.02091426828508e-09,-2.11275427468507e-08,7.43475017861877e-15,-1.40328601700081e-08,5.89674129832912e-07,-3.27469595751117e-14,-3.91276355506809e-15,3.40362389981159e-15,3.56051444735702e-15,2.99393768976148e-05,8.65986459838318e-08,-1.99145248439855e-15,-1.57374194334332e-16,-1.05577392654117e-07,-3.41034296868537e-08,-5.16363476260749e-10,6.60527992825607e-15,-1.29908694614373e-15,9.60376235081879e-19,-1.88047705923141e-16,-1.41591034805593e-15,2.63260707426447e-15,2.0732943984778e-06,-7.17608278503979e-07,-3.77072389970898e-07,-2.12674769527089e-15,6.69971845424835e-16,-2.28085728430446e-15,5.06599388928969e-16,2.77707349955808e-16,8.2036433642885e-15,-1.70557349387273e-15,1.3147299648249e-15,7.01572037953768e-16,1.12818496677972e-15,-2.80614637536459e-16,-3.02759689167683e-16,-9.75045330378225e-16,-1.22154233520406e-15,2.01018853792767e-09,6.29865309590384e-16,-2.05262911998597e-15,3.48244363412475e-16,2.84476277302179e-08,-3.2106868803494e-07,-2.56612053462121e-15,-7.34116565329285e-10,2.59859548619883e-08,-3.32824332887367e-15,2.99419398915742e-15,-5.00828958272547e-08,-7.88791285571628e-16,6.39051612806139e-10,-8.5222083281147e-17,5.47816592597572e-16,-3.54898976881417e-16,-4.66650412612034e-16,5.84032750048877e-07,-8.57492505231317e-08,-2.78654705187931e-16,7.50211407569852e-16,1.64308073229301e-16,2.96848380611792e-15,-1.25314992681603e-15,2.77716882384433e-16,-2.85083136955482e-16,-4.93924679132589e-16,1.02495101385566e-09,2.8037791369431e-16,5.2764544637894e-16,2.20266933021018e-16,-3.4279579876431e-16,3.8643849388091e-16,-3.49838854800786e-15,-2.22408743033789e-07,-1.65789901359225e-16,9.20419470644181e-16,1.50398044275867e-08,-8.63610177704989e-16,-2.97187908800189e-16,7.76112918709101e-16,-7.29442458459915e-16,1.24948774546339e-08,8.86064078357472e-16,-5.14517131574787e-05,-1.20954732781675e-15,-5.70356138949707e-16,-3.07254766887712e-16,-5.23156685546697e-16,2.20781636695541e-16,-1.44895611605778e-15,1.48527784326876e-08,-7.76050093061189e-16,-5.77779758672017e-17,1.87257513391464e-09,-1.8508484333198e-06,3.83127094325214e-16,3.18041508545961e-07,4.32053067368079e-07,1.03080412686332e-16,-1.81449654876843e-16,3.80997126525718e-16,-2.31063989089594e-16,1.28538448576978e-15,-7.1839011803745e-07,4.91445688241631e-16,7.12533742214653e-16,6.7120310606331e-16,2.86749032719836e-07,6.88951168486399e-16,-7.8989810649777e-16,-1.64621838444643e-16,1.72548081107149e-16,-1.30092025884845e-07,-4.81012295118646e-16,3.83034201236259e-10,2.6549166065993e-16,-6.20968384904512e-16,6.154040949681e-17,-2.11886906252099e-16,2.60903825651027e-16,1.97869092159014e-17,1.23781593561814e-16,-6.59576832043e-09,-3.7538901010417e-16,-6.88855086908405e-16,2.7672637994106e-09,4.74257515043454e-16,3.2040839839116e-16,4.39093100254146e-16,2.76655831210544e-16,1.05359987823727e-16,-1.02230330609895e-16,-1.99221337664209e-08,3.01162262949425e-16,4.37117826423763e-16,5.91218588229939e-09,1.39567716979712e-16,1.47261406497938e-16,2.73499622578119e-16,1.17608715343355e-16,4.86086957543336e-16,-7.26877778524334e-18,-7.28181932595577e-16,4.21492132804542e-16,5.14879929828008e-17,5.01286468260595e-16,-1.10895465903331e-16,-3.057858807029e-09,1.01205319611418e-08,5.39034218998147e-17,4.16055386874152e-16,-2.30039038193478e-16,-1.87765427923222e-16,3.36964833726845e-16,-6.63405089051977e-16,1.83976466122983e-16,-1.05886774062623e-15,-9.54178680928115e-09,1.09734578545288e-16,-2.64727671067431e-17,3.57412730529449e-16,-1.0095266877742e-16,1.09911171601854e-09,6.51015822618411e-16,-1.7191642924736e-10,-5.41271413333065e-16,2.1498389991689e-17,-3.26265941155027e-16,-7.18168496432424e-16,2.71019449309316e-16,-7.64099016399245e-16,-2.55890941040149e-16,-5.47998104202069e-16,3.95252232055344e-16,-4.40718360736201e-16,-5.99509398961846e-17,-4.28512108633774e-16,-4.60609356062915e-17,2.06539024094068e-16,-1.84231072853709e-16,-3.78920438756707e-16,5.34282417151625e-16,2.7174003123627e-15,-1.98996876685323e-16,-4.31371904926961e-16,-1.88900497609012e-15,-4.25161108489749e-16,-5.65990533197401e-16,-2.93761490287236e-17,6.75212635537352e-17,7.70499503039321e-09,-1.86942468802871e-15,4.57649839027999e-16,1.86870356092466e-16,-3.27545171406488e-16,4.37724987193497e-17,2.54071259837298e-16,-1.08565400964658e-17,-2.52047207130094e-17,-3.51593873772319e-16,3.12168846404465e-17,3.14527036473139e-15,-1.5856812699524e-15,-1.10442411006524e-16,6.4637971027903e-17,5.73449985649719e-16,4.77356484880861e-16,3.23919291385924e-17,-5.68069621374138e-06,2.40287426031343e-16,3.43063454694309e-16,-1.09715159202489e-16,-1.65606925661111e-16,9.78009038824108e-16,-1.65055778324043e-15,-2.03247248412738e-16,1.12343709964874e-15,3.30142678763149e-16,1.66739132484217e-09,-1.30412687527539e-15,1.17529665979942e-18,-3.80239310520972e-16,-2.86937444521415e-16,4.42388667565069e-16,1.21564819261073e-15,1.15456008732124e-16,-1.10918886876296e-15,2.89359269708827e-16,-3.96185645781458e-15,6.93352826239426e-16,1.08515531936691e-15,1.40787143127953e-16,3.34357762907591e-08,1.17406684947163e-16,5.17510296718614e-16,4.73668278446474e-16,-8.61466790115813e-16,5.31759510620625e-10,-1.44357847774107e-16,4.25892525513645e-16,1.65986861230715e-17,8.18801326488866e-17,-3.84970052849917e-16,2.04451625065822e-16,5.80996137610057e-16,-1.32391470820893e-15,1.75261509088754e-16,1.65185672159112e-15,4.39967307438628e-15,-4.87090147384453e-16,-2.41642866792079e-15,8.18423409269438e-16,2.20636837393347e-15,-4.10901205258102e-15,1.80832629756332e-14
"t168",0.0356711789757893,-0.0105506112012634,-0.0115426392973084,0.000682706769446595,0.00634967686132505,-0.0175080822884619,-0.00247584786571608,-5.37926446365424e-06,-0.0524893225260568,-0.0407416966166054,-0.0402594173645764,0.000436982851909792,-0.000905983204339507,-0.000194546141473959,-0.00535599554381617,0.000119249192398919,7.42779402080705e-05,-8.535980917353e-06,-0.00363352202860455,-0.000648009999498953,1.15203650178083e-06,-6.05516098052996e-05,0.115900873631226,0.00492802731356914,-0.000478178291917013,0.00569255602024634,-0.0613133615541767,-0.000493393861775696,-4.08398937946601e-05,0.00292376801345901,0.0190944787149768,-0.0104546877967941,-4.9114297714767e-06,0.00453903713019825,-0.00583997996646961,-0.00119253244626277,-5.99717719476276e-05,0.00029698422845215,0.105832575145302,-0.0175932106990005,-0.000405949887473812,0.0247805529271405,1.81624010259566e-05,-0.00102289439843934,5.54424311960432e-06,1.96805557294185e-07,-1.09417942407885e-08,-5.25283356565541e-08,8.47136783661036e-05,-0.000275726521175854,4.51125434782073e-07,-7.44707567813656e-07,1.01223376339453e-06,-3.72945940025324e-07,4.00625998626793e-05,-3.1382561785868e-05,1.6976101339994e-05,-2.08338971233611e-05,0.000181555225769144,-2.99824286275647e-07,-2.86022255222211e-07,1.55684750571631e-05,-1.01072897307841e-05,7.86424019885164e-06,-0.00402007809789475,-3.59996742403176e-08,-1.61223131544484e-06,3.88830838175911e-06,-7.78101319595675e-07,1.97474955620228e-06,7.86832086411208e-08,-4.98170547662488e-07,1.91488773936101e-06,1.55263266968995e-06,-6.71898858915274e-07,-6.33345448496961e-07,6.761577633954e-06,-1.2835137135399e-06,0.00402194402827893,-4.7512274335952e-05,-6.82606474185237e-07,-8.04512660810362e-05,0.00301715151712698,-8.15921827082069e-06,-3.39003265405179e-05,-1.09350492585844e-05,1.947606343954e-06,3.41369140505331e-05,6.41943789126006e-08,-2.61753708251129e-06,2.76867225141824e-05,-2.1498404914179e-08,-1.52141750410224e-05,1.55603584174278e-05,3.95941315068493e-06,4.7908007550055e-06,5.63901025428493e-07,-3.2687612260503e-06,3.78559645121186e-05,0.000889053495764394,2.10492317958512e-05,-1.41231799217474e-07,3.00564749738531e-05,-5.77355179210133e-05,0.00124395231823079,-1.99553938776844e-06,0.000611157749839494,-8.2985903707851e-07,0.00159643748426441,-2.64756907352022e-07,-9.28685748551437e-06,-2.2001994774204e-05,6.95046375467918e-06,-1.23728697083573e-05,1.53991925516429e-05,-3.54747533470094e-05,0.0480744431099845,-0.15851073814965,-0.000443807737018303,8.7635659009302e-05,-3.93878845689919e-05,4.37232779127937e-05,-0.000469377115323626,-0.000460627097039928,2.17426219625229e-06,-3.55255849711981e-05,3.61479879229098e-06,-7.06906678161371e-05,3.85643370654415e-05,0.00133396957436137,9.4444692914773e-06,-2.47230365108931e-05,1.88184932665302e-06,0.000215036134405148,-3.51770544288109e-08,2.24908317197886e-05,-3.54516988450524e-05,-6.35013806200603e-07,-2.18116660269326e-05,7.05830484111358e-06,0.000276507771400992,-8.32897258434112e-07,-1.69423254116496e-06,-1.96818652857329e-07,-1.14124957695226e-09,4.50951541603576e-06,5.35586698017021e-07,-0.00206682003604412,-3.01308254671234e-05,3.63406993326397e-07,4.55944561833067e-07,2.52220183357367e-05,3.61870635311513e-07,-9.14788734429959e-05,3.63441883417007e-07,7.06898904333037e-06,-4.45839013104751e-05,6.93704303303441e-06,4.40489708604295e-05,6.20545360936669e-06,6.43648176709527e-06,-9.52104022734773e-07,0.00126935499746121,9.36922780519774e-06,-7.31411590014262e-06,5.39944068327742e-06,-0.00184020642492144,-2.50367472600106e-05,-0.00158234583598348,-6.42334466237319e-06,1.42988015413423e-05,2.57077890411234e-06,-4.1291329007112e-07,-0.0164976479285997,-2.285250143166e-06,-4.86063728223841e-06,-2.17150152484876e-07,1.10291897732562e-05,0.000648129056605386,7.77312578294448e-05,-0.000339262051239973,-0.000121830259144308,2.92957018701599e-05,1.37426054651046e-07,5.02949697765739e-06,6.25784630028396e-06,0.098427595669414,0.00498012847531732,0.0230967000509265,3.21649566463478e-06,-0.0128830073458424,0.000141438922155925,4.44863948326858e-05,5.60905635999463e-09,4.94447985501413e-07,-7.0408329251597e-05,-4.16575923332535e-05,-5.76045320723462e-07,5.77898260397867e-05,5.25189733032553e-06,2.0996105874917e-05,1.12177501841711e-05,-0.00748478298404958,2.11511584952776e-07,2.43738279952052e-05,1.34722199638594e-06,-2.75973490621027e-05,-1.79436251196168e-06,0.000144212846057039,4.33086343828113e-08,0.00104329444918475,6.9705958005348e-06,1.94645762757091e-05,0.000609885343875978,-9.77851777426372e-08,1.82945372252913e-06,-6.85939240212849e-07,-4.59589517199152e-07,0.0135227232441075,7.85982692418796e-05,3.90726137462347e-05,-6.63188007377542e-05,-1.60894998848906e-05,-7.65733721256565e-05,0.000352357954774933,2.24864751555859e-05,0.00219309743866095,3.34378685843373e-05,0.855463971951109,-0.00222667377962053,8.31197388383946e-05,1.30685424801172e-05,0.000325429187762416,0.000114193497555062,-7.92676894544558e-05,-6.87557666055023e-07,-0.000259346174051547,1.08402328603755e-16,-2.03575346036636e-06,2.81501548043289e-05,-4.70982245046815e-06,-1.06838209720813e-05,-0.000131292908150535,1.80630524874913e-06,-2.20865731043292e-05,9.6112286217208e-06,-0.000359923506396839,1.12544479433335e-06,-2.20813205972439e-06,0.000847330459859392,-5.4126219535125e-07,5.90704047287834e-05,-0.000831285641007941,1.7091956068811e-07,-1.06941292847119e-08,4.92404473268312e-07,-4.43160623731154e-07,6.97825999354581e-06,0.0108643743266858,-0.000523057423346351,5.47388497168201e-06,-0.000172616410634735,0.000118987215732586,-7.58190712348937e-06,0.000315217750277235,-0.108084829751108,7.17489674040613e-08,0.000624758001917655,3.03633756842703e-06,2.50092840521463e-05,6.60231205888416e-08,-3.50043324935498e-05,1.81549253521239e-06,-2.09829277133322e-06,3.29039761032633e-06,-6.3169059382435e-06,4.83236375627873e-06,-3.48912563868903e-07,6.50163223663867e-05,-2.80170401054581e-07,4.57352760349723e-05,-3.94557300193056e-16,-0.000110001918945915,-0.00020647950693404,-1.151627419253e-10,-9.87078789976078e-07,1.42686503012024e-06,-8.77171668690957e-07,-2.48061149760363e-07,2.74203204032133e-08,-1.22005161131219e-06,4.6082998099397e-05,1.67963051688764e-05,-1.25928337726166e-07,6.68381072463104e-05,-0.000223372258434165,5.95563977073041e-06,-0.00184459367232478,1.35912694213515e-06,2.3737059663985e-06,3.6629117830796e-08,9.50327734914649e-05,-1.16635833773604e-05,5.12185323011726e-08,-1.58715809384051e-05,1.83496154488793e-06,-6.63724416653246e-06,4.69019342527083e-06,4.16372493087454e-05,2.10163035439031e-06,-6.65411141380615e-07,-4.29615564361112e-06,4.31795007578463e-07,-1.98577642284833e-06,5.53137758640568e-06,2.23154634009196e-05,-0.00169666117875886,-5.6645416951101e-17,2.63681390468366e-07,1.42547465734761e-06,-1.3906882687451e-07,7.4280178686781e-05,7.9747670853531e-08,1.95713705111744e-05,0.000762937413877102,-5.69246112127638e-06,2.47464292041248e-05,2.72829566502482e-17,-0.00211763585446766,-6.37348745871043e-09,-4.81137069292907e-06,2.0606440364837e-07,4.09686305470187e-06,-2.71541676075611e-06,-4.48512944817218e-05,1.19241540678755e-05,-1.17631502656374e-06,7.33216109350737e-05,-2.33370103935452e-07,-2.2183053237912e-05,-2.94772784034838e-08,-4.2733283381509e-09,-6.09151258275587e-05,3.31716114511343e-07,-0.000111736845337114,-1.08398532214348e-15,-1.70969454392705e-06,1.3406944348026e-07,3.86378154429965e-09,3.4307280786609e-08,-5.22000476226694e-05,-0.000412982416714617,1.02905956795298e-06,-3.79651719621758e-06,-2.19657391241014e-06,2.83460862175789e-16,-4.07346557843321e-05,-1.46530153511442e-07,-0.00276065765560726,1.90873235053405e-15,8.17438702813168e-06,1.06728392293917e-06,-1.65456938091791e-07,-0.000115248710541254,-2.23291595940649e-05,-2.06563528507734e-05,-3.89392113399118e-06,2.0717757374632e-05,8.72950216085478e-07,4.84309847980724e-08,1.12275572905496e-05,3.40272403411685e-07,4.87896099847977e-16,-1.34728133171142e-07,4.98120088154197e-06,2.14389846108861e-06,-1.34298351119475e-05,-1.00229805276758e-16,-2.71797890298608e-07,4.94238899976315e-08,-5.57593063930645e-06,-7.94526439019008e-08,-2.87102139541426e-05,2.78146089514463e-07,-3.65107293153854e-06,1.91862018713724e-05,4.59103700491088e-17,6.79821457755951e-05,-3.2176082877512e-07,9.31129881708042e-07,9.96009620189232e-05,-1.30874233812841e-07,-3.03458076326554e-06,-1.87858391309154e-16,3.52300544286739e-17,-2.68956745802129e-06,-1.7288486450345e-07,2.27848488487183e-08,-2.50417105719369e-05,7.75209430597242e-15,-0.000143090580417435,-2.41850719765033e-06,1.57901763145995e-16,7.85073509695561e-17,6.62974538710896e-17,2.83619153977839e-05,7.70862448148221e-07,-8.37345375429789e-07,2.52569712888561e-05,3.583213250195e-06,6.58595069398786e-07,-2.85519753851903e-07,-1.82127542306105e-16,-6.16446128709069e-08,1.72277191283132e-07,4.54269962369946e-17,3.26225688842073e-16,-1.06095596010738e-07,-6.0992531382282e-09,-6.21113216729138e-08,1.56177965971733e-05,6.03966387562693e-08,-2.41770203715873e-06,-2.38678001943833e-16,-8.49729183038941e-07,-2.94306342728114e-16,-4.67811503317723e-05,4.70080024149403e-16,-6.64633184217494e-08,-5.8643832554435e-17,2.72059891224778e-07,7.15782783073622e-08,5.34939469188757e-06,4.31202563008429e-06,1.90246727731517e-07,-2.1755927662001e-08,1.37397170932198e-07,5.10347485410078e-08,2.44544829989334e-05,8.12366912847378e-07,4.71270473854649e-08,-1.31805160413404e-07,-2.39043261528448e-05,-3.36134763704391e-05,-6.20453069724008e-08,1.71052900252018e-17,5.77129063848027e-07,-9.88330720836697e-08,5.01717143040567e-08,2.98419518238794e-17,9.28230874669683e-07,2.62383470845533e-06,8.37267422381166e-07,3.67054557907768e-16,-2.02555898587809e-07,-1.13362067475068e-05,-7.58054608094807e-17,-1.40733530172858e-07,3.08243294682059e-07,-8.54241113790414e-17,6.15676253328341e-17,-1.12594900560454e-08,-6.35726803306116e-06,-3.61056557838969e-08,-4.99091680828748e-05,1.38282356822946e-06,3.64885859394319e-08,6.44175246960894e-05,3.20803690251733e-07,-7.96655475651557e-06,-6.18743693277905e-16,1.46724646814335e-09,1.07043382547012e-07,2.95017798467892e-07,4.66695573789118e-05,-1.6002387696434e-16,4.32611093840444e-17,3.88906993475304e-06,-3.23264161912021e-17,-1.82947822269063e-15,3.93316734087286e-07,-5.76552097398278e-07,-1.07934599201001e-07,-1.02148943679425e-06,2.73880532288422e-06,7.1529046538066e-07,9.12869098908463e-07,5.20003358100856e-17,0.000250378065396314,2.18636932583221e-07,1.73145186809862e-05,-9.53894664136489e-08,3.72936216653448e-07,1.24799432407015e-16,-3.46662647330051e-17,3.94928209274083e-16,-3.38154117666517e-06,-1.53106102796361e-08,-9.91995834395668e-07,3.10296616742578e-17,-1.16504162930166e-08,4.40928817343539e-16,6.20464800395052e-17,1.84997015676049e-06,-4.63015219850681e-07,5.26508275138944e-16,-3.79230162209889e-06,-5.0917258425044e-08,4.5814217756293e-16,1.14141966313321e-07,-9.37799132420656e-17,7.13432513654492e-06,1.93355476663541e-16,7.11505520251678e-06,3.45261171458886e-07,1.25219112035718e-08,2.09841279778387e-05,0.000143565939645829,-3.92846087637639e-08,1.18979503230216e-06,-3.8806210142078e-17,6.89810852359285e-07,-3.88512994613629e-08,-2.62886927386622e-17,-5.10371415337817e-09,-1.03457302962515e-07,2.39212284634697e-08,-4.59709949517512e-16,7.54424843593871e-08,9.94407286628197e-08,-7.9427575546544e-17,-2.74656794152784e-06,-2.07999049638238e-06,-2.8154282250541e-09,-7.9852310570997e-17,-3.59933871398724e-16,4.93207475274004e-08,2.66761413876566e-05,2.14160839269457e-07,-1.87473599837847e-08,4.54544017047614e-05,-4.62295821392516e-17,-4.34306325266243e-17,5.51463465810392e-06,9.77629631570334e-09,2.1690016565093e-16,0.000394941557659974,-3.26985894190962e-18,3.64621874416534e-08,-6.15817471789075e-07,-8.23451164832811e-07,-5.44732559382142e-06,6.6367405235779e-17,1.49216443426587e-17,1.51036557751466e-16,-8.8655642543788e-18,-4.08743573189165e-09,-1.41421062275583e-08,6.04791012141734e-17,-2.21704914812036e-16,-4.24400687313609e-17,1.97191532900045e-08,1.76468805093337e-10,-9.60411459164156e-09,-5.97373335535019e-18,-3.28398124178629e-16,6.29897041254677e-16,-3.94885470013789e-07,1.20650213895183e-08,9.615868838416e-17,2.07959415110742e-09,-5.4004211645719e-08,9.03434648835689e-18,-8.45926537374967e-18,-6.46324843669999e-06,-3.74063292726842e-10,-3.16185599731056e-06,3.98126934605397e-16,1.98022147321726e-08,3.16199379674201e-07,3.34150686830913e-07,-1.22045068634764e-06,-7.19956386566632e-08,1.15888723556374e-09,-2.96528611824828e-17,-7.06656248408128e-16,2.54655645960316e-16,2.0562580128178e-08,-1.85966847072026e-08,-7.19602988489315e-07,-5.1931242823482e-09,1.49884660304158e-16,-1.35261540173315e-16,-4.92219002255205e-16,8.35827419404171e-17,-1.07121144398326e-15,2.33826883985397e-08,6.09692589720054e-17,-1.28579915033225e-16,-6.47170812398543e-06,2.26935558134132e-17,-5.79160446187307e-07,-2.55871712706579e-17,-4.22526387738567e-07,-4.97027101239559e-17,-4.88880018611538e-07,-1.02360669212489e-06,-5.24107277252863e-08,-1.86743270222462e-17,3.16152198254601e-06,-7.53799867280426e-17,2.68393546793616e-07,-3.95472060642993e-08,2.18084250040609e-10,-6.58839144931496e-16,1.16087643794647e-06,-2.45879780016857e-16,-7.88915224794091e-08,-4.01537480376115e-08,1.1088145364049e-16,1.52748508955934e-16,-1.02546929499976e-16,-4.32600255654741e-17,-5.78303598252858e-09,-2.87629026686509e-07,-6.28767962057888e-07,7.10973774750127e-17,2.77995732103071e-16,-3.49346752386391e-09,2.83784301716787e-08,-3.05476437687092e-17,8.60065543294141e-17,-4.97689820607058e-08,1.10914448015866e-17,-9.3529983299584e-07,-1.11779844655898e-16,7.78300978964863e-08,3.22794847331794e-17,-5.37193516868222e-16,-1.05065989478463e-16,2.13902758750119e-16,-7.03135979641571e-17,-8.96510218361457e-16,1.17545614810627e-09,-8.19043264287167e-09,-3.33428056786385e-17,-4.89562097882624e-09,1.96005357141161e-07,4.63081689542782e-16,-1.13827562896129e-16,4.02119203270607e-17,-2.48876445051063e-16,1.40795436173493e-07,1.4326644496151e-05,-3.37599130173211e-17,-1.5235289521482e-17,-2.35229162962408e-08,-7.51090266160404e-09,-1.09239236558011e-10,-2.1774164863994e-16,5.641948225331e-18,4.08590161825484e-17,-1.96179222216782e-16,-6.95067215894075e-17,-1.49130439681588e-16,1.56908461237858e-06,-3.56219588824801e-08,-2.25668752424757e-08,5.07639479489938e-17,-8.84713476833836e-18,1.71748255569821e-17,-1.63112293015329e-16,1.17895949731446e-16,-1.9167594941746e-16,4.22688283911563e-17,2.32283369601662e-17,-8.30650742739909e-17,-8.61214664040443e-17,-1.16900109491148e-16,-4.44150535386734e-17,-2.30198437880684e-16,-1.15872959703348e-16,-4.55716311067415e-10,-2.81369888910673e-17,7.03882592017604e-16,-4.87904721517202e-17,-7.52315507050885e-09,9.61326632423672e-09,-7.37565805115297e-17,2.04650109000927e-10,-8.48668267160776e-09,9.58147934020611e-18,-1.05378115706427e-15,1.94261647759888e-08,6.77817353247444e-16,-2.97611883307801e-10,8.19618917161178e-17,-1.41193888016966e-16,3.12938369579198e-17,3.06934662357253e-16,-3.81049119043755e-08,5.1804030138269e-08,-4.27637771756835e-16,4.78512159860641e-16,-4.45092651914076e-17,-7.48188784924515e-16,4.3349173557013e-16,-1.03149616159063e-18,-8.24457509179401e-17,-1.80683456287013e-17,-1.16753973099062e-09,-1.07303696180481e-17,2.1106191393713e-17,9.32833527200683e-19,1.37435325890188e-16,-2.57902857227225e-16,-2.72873957052773e-17,2.83464608147335e-07,3.66306442438183e-17,2.11821887847065e-17,-1.95575355995664e-08,-1.36896441619608e-16,-3.59458541408251e-16,-2.85819337096398e-17,6.52076720237624e-18,-2.03225791667102e-08,-4.14708802038776e-17,1.59244051391901e-06,-1.00944643960386e-17,-2.06656374995569e-17,-1.91769505085987e-16,-1.74269761649783e-15,1.33911698447492e-18,1.24558797807794e-15,-2.71983597476021e-08,1.23548883310479e-17,5.31170805737015e-16,-3.63419040764781e-09,3.60253362105701e-06,-4.16633168546068e-17,-6.50633824224276e-07,-1.50136658180185e-05,-1.27746229835832e-16,-1.97955218469093e-17,9.12114971380267e-16,-2.60413582725855e-17,3.76928304184089e-16,3.12364096394197e-05,6.89186506385415e-16,-1.35378309302901e-15,1.68133298030035e-16,-1.33701680197711e-06,-3.18906624243411e-18,5.47908208030799e-16,3.03392427374384e-16,9.60034077296723e-17,0.000250987406819742,-2.85825769918407e-16,-1.1636557042557e-09,-2.97365909078733e-17,-6.63412435564141e-16,-1.05629432287237e-15,6.76204138146641e-17,-4.41906656863944e-17,-1.26255123417896e-16,-1.06936628743102e-16,2.26904051325831e-08,1.82268274248812e-16,-1.36128819375296e-16,-9.81851428480334e-09,2.51361584215961e-16,-9.28894697603144e-17,1.9647378889378e-16,1.38962155304884e-16,-9.45702224248798e-18,3.37286218197872e-17,7.79449352988984e-08,-4.70834748529188e-17,-2.28633128987764e-17,-2.41777495323236e-08,4.73368428906804e-16,-1.44822658769657e-16,3.91684101594328e-16,3.07599139313518e-16,6.70961024756465e-16,-3.11862091386013e-16,-7.71185280180308e-17,-2.71507261699603e-17,5.74221308457648e-16,1.32115628529281e-16,-1.09377582861852e-16,1.47751477550796e-08,-4.99135115682159e-08,-9.71699992259312e-16,-2.30464929824773e-17,-7.49981275280506e-17,-1.05908163900566e-16,-4.79310802712496e-16,2.0677557458489e-16,-2.17286757913901e-16,1.04281234078141e-15,5.24783696573845e-08,-9.43122703164841e-17,-7.79723702998046e-17,-3.98389454692402e-17,4.9291428318295e-16,-6.65233610548559e-09,1.69884244532838e-16,1.16412681528669e-09,-7.15950322123436e-17,-2.39252232491075e-16,3.40518394923558e-16,1.63332588070198e-18,-8.30809802244497e-17,-3.70100501349772e-16,-3.07021498149094e-17,1.33658191319478e-16,7.63883731273581e-17,4.58715742752926e-17,-1.55685991726655e-16,6.63177628886105e-17,-9.57894719579708e-16,1.35510373916478e-17,-3.16838271849987e-17,5.44743118314202e-17,-7.49340843938177e-18,-2.63023325350606e-16,3.64050935221806e-18,-9.50883961285228e-18,-2.85352117819755e-15,4.07453159726219e-18,9.39615614137501e-16,8.05619512613069e-17,1.38493103211948e-18,-1.39350346880415e-06,1.64571425229892e-17,5.07033538465937e-18,-1.25144234276177e-17,4.49866950595313e-17,4.65743984250707e-16,-3.75201677975522e-18,6.09079159884211e-16,3.91968883326291e-17,-9.74492878763914e-18,7.26334076293927e-17,-1.75645486117436e-15,7.52182385088912e-16,9.60981028519646e-17,1.1201760596552e-16,-1.7854864987597e-16,-1.72807613079273e-18,5.6352797150522e-17,1.48040028873362e-06,1.17376080713991e-17,7.21213317901817e-17,-5.04906851073455e-16,-1.5995462713997e-16,6.65666306104228e-17,-9.59704158932671e-16,7.77779546955047e-17,-5.91515327201409e-16,-6.71893622809709e-18,-5.10805157824486e-08,-1.17337747241808e-15,3.31592607481219e-17,-3.5896700539576e-17,2.09627150476945e-16,-3.06487402903564e-17,1.62996629882887e-15,2.76893712215217e-16,7.82330654594285e-16,-4.89319990373824e-18,-1.37377139002444e-15,9.66079505034041e-17,-1.15599899137788e-15,-4.39911540455283e-16,-7.23611111042488e-06,-1.07673686060828e-16,-5.77317057057249e-16,8.58788319542614e-16,6.17120125463106e-15,1.92352666877522e-07,3.57281330757359e-17,-6.82868247052462e-17,1.17615290959632e-15,2.21353681371989e-16,-1.23585191781654e-15,5.87608672822199e-16,4.40759391780129e-16,-1.59481574959494e-16,-2.18845980609727e-16,3.11132315095548e-16,-6.37079130708473e-15,-9.33893241954102e-19,-2.88437032556554e-15,4.83621778405914e-16,-3.95688729577763e-15,5.93243478811072e-15,-1.02929099635264e-14
"t326",0.0358603871346344,-0.010669762921459,-0.0116772959140627,0.000693455271485539,0.00647283332609924,-0.0179088306862802,-0.00253367640803185,-5.51534199003103e-06,-0.05407014184154,-0.0422463606939556,-0.0421792081279357,0.00046316908313049,-0.000962036294043568,-0.000206785222091588,-0.00570935528466169,0.000127639095288237,7.96447383605448e-05,-9.16537930043412e-06,-0.00390848199582425,-0.000701916482698909,1.25698467563396e-06,-6.74470373052422e-05,0.13000572407476,0.00553196060009893,-0.000537062811095333,0.00643510712222426,-0.0694292398441236,-0.00055943621417721,-4.64911969290052e-05,0.0034254295309165,0.022666948755737,-0.0125342714783924,-5.98948617403798e-06,0.00560475633298671,-0.00731690660380986,-0.00153228634279817,-7.74050977787246e-05,0.000385538508897225,0.137739215340415,-0.0230272500847068,-0.000537399827857945,0.0331386278673697,2.44472327715523e-05,-0.00137760485485812,7.52618848897681e-06,2.75578091653242e-07,-1.54770106393958e-08,-7.46630917726718e-08,0.000122112104311155,-0.000403814185368496,6.75671570064988e-07,-1.12769783954908e-06,1.53532018576086e-06,-5.73797156254288e-07,6.3500514796369e-05,-4.9978256660212e-05,2.98114338089201e-05,-3.77696314809636e-05,0.000330451468873224,-5.98420088059924e-07,-6.22542020829587e-07,3.56339846734424e-05,-2.42074497962216e-05,1.90656205101066e-05,-0.0107858268270474,-1.08123816573282e-07,-7.09613357952e-06,2.30425284063596e-05,-5.61159959895582e-06,2.51548374813649e-05,-1.636060426204e-07,2.45353082860827e-07,-7.15713265296499e-07,-2.6728886961555e-07,1.00901129673133e-07,5.00118849581298e-08,-3.54525473439434e-07,-8.37354173407883e-08,0.00110269980752522,-1.62866414985993e-05,-3.04063576114022e-07,-3.74679957339291e-05,0.00180414496641726,-5.16840362828559e-06,-2.61051534719232e-05,-8.79319068307443e-06,1.63127537754934e-06,2.87745550395141e-05,5.41997079157967e-08,-2.21912893629049e-06,2.38166784564401e-05,-2.09264842266175e-08,-1.49633929965587e-05,1.6356225386922e-05,4.62350161342385e-06,5.67973433182627e-06,6.69003834513767e-07,-4.0277901464133e-06,4.72995304582727e-05,0.00117004969463916,2.88876900486684e-05,-1.94547002127546e-07,4.15765838565252e-05,-9.67028093939567e-05,0.00211474761452487,-3.43227827986054e-06,0.00107341907990243,-1.46615100789717e-06,0.00285023462852681,-4.80316150833778e-07,-1.69366869217079e-05,-4.14118496834741e-05,1.31320162520448e-05,-2.54924700334557e-05,3.23438100973025e-05,-7.77987962520461e-05,0.107549289942962,-0.375211771142957,-0.00111230636346153,0.000229794456386544,-0.000106060068315211,0.000129757445406165,-0.00149128283135087,-0.00146744710414751,6.99789335479358e-06,-0.000123405179096887,1.26400974760811e-05,-0.000265432608304793,0.000183713696572094,0.00637398150823136,4.61430935230676e-05,-0.000148465651714165,1.18347272725909e-05,0.00140032403928573,-2.68185148557585e-07,0.000175640221583971,-0.00044185285693765,-1.54028436195785e-05,0.00169942385159463,-0.000490941738684746,-0.0116460893379602,2.91944295268085e-05,4.67406626438364e-05,5.02060814558872e-06,2.90825448510017e-08,-7.45243521621527e-05,-5.17897750486787e-06,0.0139829547285808,0.000189495157156811,-1.97636334880404e-06,-2.45307105329835e-06,-0.000129058524542817,-1.79966073705662e-06,0.000440823494837937,-1.35880412286606e-06,-2.55009037311815e-05,0.000156915934280178,-1.55164441805879e-05,-9.01739791159689e-05,-1.25386018477304e-05,-1.21290666545912e-05,1.76951025770534e-06,-0.00217052771316149,-1.58652985967619e-05,1.14829447459506e-05,-7.91432944827186e-06,0.00227534294289917,3.08118428240547e-05,0.0019450427105679,7.76984217845089e-06,-1.70826679770572e-05,-3.06869215104434e-06,5.44450785078661e-07,0.0423540630463618,1.95741197025407e-06,4.28165049498049e-06,1.92934142513574e-07,-9.7379486064386e-06,-0.000536648314168847,-6.3593109444042e-05,0.000274366030803113,9.51771047831373e-05,-2.2581323392597e-05,-1.04541637738497e-07,-3.77863023909131e-06,-4.50854771050071e-06,-0.0701795616461046,-0.00324537343470026,-0.0150064809817903,-2.02768000514922e-06,0.00746871667257653,-7.63697092039726e-05,-2.34247629384874e-05,-2.84291951959738e-09,-2.4338358533227e-07,3.15743141942085e-05,1.82750939314162e-05,2.40439178348435e-07,-2.34764297434371e-05,-1.49471810662866e-06,-5.77171112207518e-06,-1.26024608610327e-06,-0.447536468271612,-9.69110242739974e-08,-1.11500947160403e-05,-5.98179786940875e-07,1.13540184681655e-05,7.06408050592762e-07,-5.14997758831307e-05,-1.39929545822833e-08,-0.000313594049207017,-2.05088439221926e-06,-5.2179221075033e-06,-0.00015551630646413,2.49019065285649e-08,-4.48317623598787e-07,1.52647387924103e-07,1.00409622413276e-07,-0.00267788708592101,-1.45361250933597e-05,-7.05628954215022e-06,1.08462588016425e-05,2.56919962084132e-06,1.1909087540662e-05,-5.0503120390947e-05,-3.16944783731266e-06,-0.000307844435575257,-4.27893628205971e-06,-0.103325839611254,0.000251785470527117,-9.11608796484521e-06,-1.38800239949027e-06,-3.35246600714001e-05,-1.166163664089e-05,7.45400913908015e-06,6.13012896658803e-08,2.17862611148668e-05,-5.75890240037756e-17,1.5643006449524e-07,-2.12366637103322e-06,3.1098490473136e-07,6.31235705239994e-07,7.0304047291926e-06,-9.61323035815621e-08,9.58035801619673e-07,-4.01478200728897e-07,1.47702754940958e-05,-4.22774231888748e-08,7.78452336293704e-08,-2.63566079196733e-05,1.58562333836587e-08,-1.68663738211354e-06,2.04031212702079e-05,-1.46675305792143e-09,3.41129538237931e-11,6.05678072492481e-10,-4.76535031541854e-09,7.97999571734319e-08,0.000198952705016981,-1.17553571959481e-05,1.61628742567965e-07,-5.59729102601807e-06,4.30866825842789e-06,-3.35898699828483e-07,3.22175438674001e-05,-0.0152358105823138,1.83766311107237e-09,1.62582959971049e-05,8.03719269056282e-08,7.62099013406322e-07,2.09486677538358e-09,-1.23318258697771e-06,6.50295982644851e-08,-1.0654222143922e-07,1.71679774496831e-07,-3.36479419632134e-07,2.69216536085381e-07,-2.01022613565713e-08,4.01543994125951e-06,-1.76314831392935e-08,2.92007528348493e-06,9.8537847853352e-17,-7.36257935920913e-06,-1.39023208690676e-05,-7.90227904394403e-12,-7.06777380904725e-08,1.05727651982198e-07,-6.60169040897814e-08,-1.88109072940767e-08,2.27366615481168e-09,-1.0170334836438e-07,3.84694487187121e-06,1.43546519852602e-06,-1.14467814397223e-08,6.13652377232933e-06,-2.0648859846093e-05,5.62759143993619e-07,-0.000188063973423658,1.42606700893186e-07,2.49466405871207e-07,3.85142175435144e-09,1.06545632187165e-05,-1.39467848235041e-06,6.17108873370223e-09,-1.93317415142751e-06,2.26383099257844e-07,-8.22016285462366e-07,5.99095065077252e-07,5.33036475680611e-06,2.70144406043861e-07,-8.57681872955594e-08,-5.58714760911442e-07,5.66986217163405e-08,-2.63030540765882e-07,7.35416473979592e-07,2.98555601589415e-06,-0.000229966007758168,-1.08145020144163e-16,3.83429550075359e-08,2.08587152242122e-07,-2.05367754805791e-08,1.09721377582264e-05,1.17830725058574e-08,2.89812197548424e-06,0.000113440128692325,-8.50485424135011e-07,3.73268491906636e-06,1.45555976445111e-16,-0.000326125089013534,-9.83982118031743e-10,-7.46715161470946e-07,3.20005761613168e-08,6.44237902535365e-07,-4.29862091537236e-07,-7.16543665858387e-06,1.9166863744624e-06,-1.91505083136426e-07,1.20708468954828e-05,-3.86841791784817e-08,-3.69106965878202e-06,-4.91615782233269e-09,-7.15601689413851e-10,-1.02052368096266e-05,5.5730848943758e-08,-1.88135643176386e-05,-9.52871285901258e-16,-2.92397587833459e-07,2.30002546961186e-08,6.62870455163037e-10,5.93643885345633e-09,-9.04399226591636e-06,-7.26226726573149e-05,1.8169056240074e-07,-6.70839471944372e-07,-3.89277241118283e-07,-3.594509783844e-17,-7.24291905106713e-06,-2.60858491900888e-08,-0.000493667555426052,3.60274807790257e-16,1.46868256999369e-06,1.91967824283235e-07,-2.97768587906911e-08,-2.07651230553371e-05,-4.03096641828063e-06,-3.73434074153105e-06,-7.0474439811187e-07,3.76186321224404e-06,1.58568098942612e-07,8.81668288928849e-09,2.05171774555284e-06,6.21931111760796e-08,-5.50723481327629e-17,-2.48023731763204e-08,9.18114384831231e-07,3.96200427086288e-07,-2.49163711181316e-06,1.10430676837175e-16,-5.08369621922152e-08,9.32369073910065e-09,-1.05575404654561e-06,-1.50688793730482e-08,-5.45591766087502e-06,5.30469700892109e-08,-7.00219072721736e-07,3.72650568413163e-06,-2.86827394178939e-17,1.33358300143306e-05,-6.31701157161431e-08,1.83111362745569e-07,1.96314314238802e-05,-2.57998337557313e-08,-5.98595784780966e-07,1.03479067022534e-17,3.6639517252905e-17,-5.32405543720472e-07,-3.43231316945652e-08,4.52512476764244e-09,-4.98583324410783e-06,1.56867247585315e-15,-2.86373422712552e-05,-4.85075432457946e-07,-2.95224889236259e-16,5.21612381781584e-17,3.27956067412876e-17,5.72430949605319e-06,1.55700161132118e-07,-1.69550552021734e-07,5.1244613000323e-06,7.27175321246526e-07,1.3392629654136e-07,-5.80740700391351e-08,-4.23738822727288e-17,-1.25857905840091e-08,3.52167557963415e-08,2.12019890885509e-16,1.15189094039242e-16,-2.17832169083135e-08,-1.25347187020109e-09,-1.27801403742413e-08,3.21603645240548e-06,1.24543552136315e-08,-4.9866033025654e-07,-4.1957890426204e-16,-1.75310730870849e-07,4.31072736522964e-17,-9.65936527770363e-06,4.88048109087637e-16,-1.37310977089552e-08,-5.19217790850249e-17,5.62452063761462e-08,1.47999578775403e-08,1.10788193351286e-06,8.93319813143978e-07,3.94183550002373e-08,-4.51015064265903e-09,2.84957224495332e-08,1.05939787975165e-08,5.07638778169893e-06,1.68676976437867e-07,9.7893734779934e-09,-2.73923095497624e-08,-4.969626863024e-06,-6.98976402008509e-06,-1.29033546497973e-08,-4.16584677235125e-17,1.2005552519528e-07,-2.05631948836195e-08,1.04400661133594e-08,8.47025817516459e-17,1.93139373611856e-07,5.45843836991811e-07,1.74159344004456e-07,1.36640776001996e-16,-4.21307155753889e-08,-2.35714520642722e-06,9.09448333187898e-17,-2.92574728279333e-08,6.39851355419506e-08,-5.84367191860541e-18,-4.36503691015843e-17,-2.33542475421162e-09,-1.31851474531268e-06,-7.48568835900753e-09,-1.03428621315798e-05,2.86247225710271e-07,7.55243128519438e-09,1.33312139917574e-05,6.62749370371384e-08,-1.64317745729687e-06,-1.38834433678916e-15,3.024364642672e-10,2.20618664184852e-08,6.0779121288838e-08,9.60998735836375e-06,9.67985794457354e-17,1.21445070337105e-17,8.0025510914864e-07,2.77383841644949e-17,-4.90488539671037e-16,8.05289458465478e-08,-1.17931082528049e-07,-2.20770715319724e-08,-2.08472628781576e-07,5.58779571429371e-07,1.45925967635128e-07,1.86152404405089e-07,-1.01715042445554e-18,5.08027198951857e-05,4.43113205378003e-08,3.50779132134188e-06,-1.92870498685652e-08,7.51166856801861e-08,5.45997163686597e-17,8.25359901126777e-17,1.69945642377801e-16,-6.76996555679474e-07,-3.05658369192172e-09,-1.97996604690386e-07,1.46929916554727e-16,-2.31870048538343e-09,1.89876330121444e-16,-1.6232916813948e-17,3.62994203720731e-07,-9.08333071958163e-08,-1.68398175606545e-16,-7.41048866630438e-07,-9.92608903761427e-09,1.50540086031639e-15,2.21390863359779e-08,-6.50485556711997e-17,1.37483220700208e-06,4.82411477216202e-17,1.37028992681153e-06,6.64626035909736e-08,2.40917265596721e-09,4.03424721149672e-06,2.75537832282492e-05,-7.48946558573774e-09,2.24557528175654e-07,2.80890639002777e-17,1.28399177547372e-07,-7.22027568922758e-09,-5.15506033575748e-17,-9.46479812721448e-10,-1.9110155433455e-08,4.40240826103855e-09,1.92880456744103e-16,1.37007086185278e-08,1.80086598538375e-08,-1.52428069354022e-17,-4.95522865072687e-07,-3.74549155803211e-07,-5.03308685065104e-10,6.71481598661947e-17,8.02522106303909e-17,8.65437140972362e-09,4.64085160911312e-06,3.7190072065036e-08,-3.11756849841827e-09,7.49846132156303e-06,-5.05663908291936e-17,-7.6758123523947e-17,9.04554240297487e-07,1.60240942631476e-09,-4.01024684493092e-16,6.40894682251223e-05,-2.20265565259088e-17,5.85744384852183e-09,-9.74929663236882e-08,-1.30224693658878e-07,-8.57804495689526e-07,-3.31623541983903e-17,-4.4492634709547e-17,-1.28090355246591e-16,-2.06833679344708e-17,-6.17212167873444e-10,-2.12747598715344e-09,-1.88359400617212e-16,1.52166200367649e-16,9.38479511344629e-18,2.9250873255114e-09,2.60124272031688e-11,-1.39059294421234e-09,8.56740331308486e-19,5.42446878229552e-16,3.07276934383366e-16,-5.3302628010773e-08,1.62415564636017e-09,-5.85569616295214e-17,2.71030822645459e-10,-6.94064562924666e-09,-2.36001389034568e-17,-3.5803555975649e-18,-8.01861741930769e-07,-4.62699393936746e-11,-3.8236359155673e-07,8.3371017652078e-16,2.29843007696085e-09,3.58111852285731e-08,3.64761665110897e-08,-1.25977987920471e-07,-7.31162091990596e-09,1.13974603086844e-10,-6.45180932701642e-17,-9.64605010953048e-17,-5.72736414347407e-17,1.5958638121728e-09,-1.43669154639635e-09,-5.34365318239535e-08,-2.99525537805803e-10,2.48454155226255e-16,-5.3295855933411e-17,-6.28168915585868e-16,1.56032657255761e-17,-8.00362583006582e-16,8.71366400213069e-10,2.77926724939489e-17,2.32083891147455e-17,-1.82777350504946e-07,-5.67784634297743e-17,-1.60675475035781e-08,4.03323208164608e-17,-1.1364752519393e-08,-4.92516040030454e-18,-4.59946131759052e-09,-5.01136481810231e-09,1.19953919885734e-10,-2.94079285298527e-17,-3.68173549464169e-08,1.55845755434913e-17,-9.22978920217548e-09,2.75396268905898e-09,-1.55584281891331e-11,-8.88779666808998e-17,-1.02152748701414e-07,-3.76834723806292e-17,9.2822909895072e-09,4.78759941315763e-09,1.59375605163501e-16,-3.59026690565441e-17,-6.76363098264308e-17,1.56666855040853e-16,8.53456323258522e-10,4.47907867275814e-08,1.04101069201415e-07,-6.76806343527615e-19,-1.73409396819804e-17,7.65643327246879e-10,-6.29524016457248e-09,7.75478457859629e-17,5.99243399998383e-18,1.5405248814253e-08,1.13082852360837e-17,3.1067444910526e-07,4.19533838646113e-17,-3.17678577362778e-08,-2.3340086715327e-17,4.06947038841109e-16,-4.66886830630556e-18,-7.15194038936982e-16,-6.12882935301526e-18,7.0776351168975e-16,-7.46697070603703e-10,5.23504360322978e-09,2.73725159805497e-17,3.7073902379975e-09,-1.5990910844592e-07,3.39882315253174e-16,-2.23006721665419e-16,3.67430711429927e-18,-4.809880741193e-17,-1.63874297357564e-07,-3.19667611297435e-05,1.43618861355978e-16,-1.18742627867769e-17,3.35866151303596e-08,1.08869568320784e-08,1.66777330899908e-10,8.24544055273598e-17,-3.4148271504887e-17,-7.49640071030505e-18,4.01768513850576e-17,-3.17070432572996e-18,-1.46893702933853e-17,-9.44633253080246e-06,2.81016933002251e-07,2.54675853593061e-07,2.08399679883939e-17,1.51137332435912e-17,9.46942082125771e-18,7.75805892764538e-17,-2.17492900846869e-17,-2.87882009284618e-16,5.67971375024621e-17,-3.95469688267445e-17,-2.78791836944787e-17,3.02134267036503e-17,-5.69437293526996e-17,5.1828913607802e-17,-1.15923528900712e-16,4.63236853004839e-17,-1.03337533440656e-09,3.2206031282175e-16,1.17589026242464e-15,-3.78387932587313e-16,-1.50994763277211e-08,1.88092220139601e-08,-3.61347651262826e-17,3.94313554343639e-10,-1.45092211430085e-08,-8.84995759204745e-18,-7.41809550934946e-16,2.9329380389001e-08,1.43335515595372e-16,-3.964300370544e-10,-1.11351355638048e-16,1.27027744762974e-18,2.61980867472379e-17,1.40328054087788e-16,-4.3435283798312e-08,5.85122624108879e-08,-1.96631172953896e-17,3.20567949743452e-17,1.93502427679886e-17,-1.24520127478922e-15,5.2325514944741e-16,3.08440477094832e-17,3.67080678382167e-17,5.67416042727986e-17,-9.47690117695658e-10,-7.31804147532132e-17,-5.4137439376781e-17,3.36757391362629e-17,2.86759671798762e-16,6.03062087943513e-16,4.99120365329314e-17,2.19394747243891e-07,4.55211020581994e-17,1.82548429189956e-17,-1.5013890446303e-08,2.52174095955008e-17,1.23566740436987e-16,-4.36523439071884e-17,1.39245925106038e-16,-1.43370707620394e-08,-1.06795385052892e-17,1.10867274225568e-06,2.99125957686765e-17,-1.95814353270714e-17,-6.99194627131234e-16,-2.45814070129032e-15,5.11039967015596e-17,-3.99377074646391e-16,-1.84598101113146e-08,-7.15279300322176e-17,-2.75682998826937e-16,-2.42191706139595e-09,2.39867159794577e-06,1.55825578526278e-17,-4.26810219574801e-07,-9.80437047270435e-06,-5.70562481897769e-17,4.18918487103139e-16,9.7075790647769e-16,2.28854572478755e-16,-1.10318037475634e-16,1.92131707006351e-05,2.0510050923313e-16,-1.18529797821779e-15,7.98792411897146e-17,-8.11359697124893e-07,8.21619717351945e-16,-1.70778232729569e-16,2.3736143961412e-17,-3.1498767754623e-17,0.000257924614175871,2.38092830851411e-16,-6.90449185797999e-10,-1.04546540809373e-16,1.5742117874643e-16,2.22494191243875e-17,-3.26682871402452e-17,-2.44888204570248e-18,-7.23702754453666e-17,2.533603630013e-17,1.31365058809978e-08,7.17136363489144e-18,-5.39126766888157e-16,-5.651549317281e-09,4.93566974540231e-16,1.06518377120513e-17,-1.29485565451838e-16,6.6429029965604e-17,1.9271005686098e-18,2.98254939988393e-17,4.40947169995108e-08,-6.19370446159702e-17,-3.35005179042267e-16,-1.3577579629458e-08,-3.79295006162357e-16,-9.40580742621745e-18,2.04491248483895e-16,-2.80838547095523e-16,1.15990866652907e-15,-3.70706420362612e-17,2.85911837993058e-17,5.59217943910199e-18,-5.44333694637145e-16,5.77393594967753e-17,-4.19402077332535e-17,8.09125760799815e-09,-2.72568094465849e-08,1.16427373291691e-16,-3.98499605229293e-16,-8.87674951186165e-17,-1.49227953364245e-16,-1.02593367792786e-15,-2.34005466337826e-17,1.72809183746383e-16,1.11769702846938e-16,2.82552814055761e-08,-5.64736144967402e-17,-6.31188005367532e-17,5.04750954988024e-17,-1.90599383735512e-16,-3.54169244887519e-09,1.4434688219986e-16,6.12444686960028e-10,-3.40816370443452e-17,-1.73115899969459e-16,-4.58472503716087e-16,4.34383131191575e-18,-4.9470712877399e-17,-5.20686963809605e-16,2.54595227198396e-17,2.25784570338769e-16,5.79569361951043e-17,-2.18910615050513e-17,4.83608571351171e-17,4.21400544421838e-17,3.4118628228103e-16,-8.57618816080244e-17,5.28746689675705e-18,4.55227960689004e-16,-5.18372772940389e-17,7.37710066138314e-16,1.28562278183448e-17,-9.61725983010083e-18,-2.99664398712055e-15,-4.6774550292308e-17,2.6672293282806e-15,-1.51731005691634e-17,1.16852856971276e-15,-7.05935199814682e-07,-4.09162159803189e-16,3.81423279116492e-15,3.13957645580452e-17,-2.71127494107547e-17,6.9251249772759e-17,-2.97728689194073e-17,-1.04223085986083e-16,9.24551643891023e-19,4.3272557446902e-17,-3.2100522232707e-17,1.31455854591101e-15,-1.59840502053145e-17,1.21808547015865e-17,1.82341180455234e-17,-2.08221891981315e-16,1.61490599511696e-15,1.02431389481156e-16,7.34330733861236e-07,2.13870074065201e-17,5.33447796507457e-18,-4.20609436393936e-17,1.91593096019229e-16,-6.13379168663101e-17,1.04873954230846e-16,2.6386771719692e-17,-6.57048510859413e-18,2.63492300327108e-17,-2.4868519162453e-08,-1.9540813341778e-15,-4.84811628400367e-17,4.08843030613978e-16,-7.2915935672777e-17,1.14092249736459e-16,3.85817478099169e-16,1.18166514163338e-16,-2.03070203688598e-16,2.68739237500872e-17,-5.45643633673662e-16,-1.53517490689002e-16,-2.48630193224758e-16,-3.84542668161305e-18,-3.46629604503664e-06,4.86682672115819e-17,5.93264586262388e-17,4.12162524710516e-16,3.22738753638692e-15,9.15193653593996e-08,-7.30173448245603e-17,-2.03161574962443e-16,-7.71724713491139e-16,-6.28259787769075e-15,-3.1222008707614e-16,-6.68005863133265e-16,-2.38360417262756e-16,-1.59481574959494e-16,2.78802816561119e-16,7.19334433036341e-16,-1.08613632847634e-17,4.34099756127031e-17,1.15916167671915e-15,-4.82727617930417e-16,5.79197753467227e-16,-2.81122205211589e-15,2.10255663406586e-15
"t941",0.0358682409169691,-0.0106746876074462,-0.0116828599587935,0.000693898117381481,0.0064778943768494,-0.01792525879118,-0.00253604622779532,-5.52091088500466e-06,-0.0541346186750042,-0.0423074422720004,-0.0422565693979015,0.000464215610383647,-0.000964273527204162,-0.000207273377541277,-0.00572342025622583,0.000127972072964971,7.98574682252789e-05,-9.19030308298842e-06,-0.00391935634231621,-0.000704037951809693,1.26109371931436e-06,-6.77131232283263e-05,0.130547354869001,0.00555513951481634,-0.000539321961302169,0.00646346718654422,-0.0697388402536498,-0.000561953264077099,-4.67059871229382e-05,0.00344412068639254,0.0227988564819543,-0.0126105383537133,-6.0285678123004e-06,0.00564306672319197,-0.00736948221906723,-0.00154417954343954,-7.80135466105826e-05,0.000388617426311407,0.138846715055984,-0.0232151695995849,-0.000541912048623298,0.03342365095848,2.46606534703026e-05,-0.00138964588779311,7.59312589379633e-06,2.78186554335991e-07,-1.56262392311191e-08,-7.53892124306306e-08,0.000123328309285979,-0.000407939193833524,6.82805465108263e-07,-1.13978589433193e-06,1.55181391179642e-06,-5.80077089110304e-07,6.42207680477276e-05,-5.05481597647239e-05,3.01842725790794e-05,-3.82535572554493e-05,0.000334697490979297,-6.06563551194461e-07,-6.31375690185051e-07,3.61499610220825e-05,-2.4563692809924e-05,1.93473325899678e-05,-0.0109499904625399,-1.09812963962951e-07,-7.21334855221599e-06,2.34325158958889e-05,-5.70763459083047e-06,2.55939339629113e-05,-1.6676154194491e-07,2.50434686151925e-07,-7.3069532354069e-07,-2.73006921461367e-07,1.03065522408917e-07,5.10946671481086e-08,-3.62229384518384e-07,-8.55878933666634e-08,0.00112808301367412,-1.66674943077377e-05,-3.11364854086863e-07,-3.83728166396461e-05,0.00184953184217148,-5.30000961321146e-06,-2.68045642779027e-05,-9.03200419200616e-06,1.67618724717194e-06,2.95685123041655e-05,5.56960625332202e-08,-2.28048332595241e-06,2.44785628662779e-05,-2.15365684640953e-08,-1.54015212978269e-05,1.68491453793952e-05,4.76976908423164e-06,5.86071558458426e-06,6.90328390432588e-07,-4.15852998799267e-06,4.88451723695801e-05,0.00120925631983918,2.98754500184543e-05,-2.01211082781606e-07,4.30036321655855e-05,-0.000100329704582636,0.00219458099179799,-3.56250759213293e-06,0.00111451500648759,-1.52242342565264e-06,0.00296011533177662,-4.9895740048615e-07,-1.75954388031172e-05,-4.30434689685205e-05,1.3650210276012e-05,-2.65327696111889e-05,3.36731187051974e-05,-8.10462783586627e-05,0.112069866526011,-0.39128506167644,-0.00116082821773294,0.000239956415140145,-0.000110786630385278,0.000135695745285414,-0.00156070749219237,-0.00153580676912782,7.32468457052712e-06,-0.000129269726025026,1.32416621152117e-05,-0.000278256004719366,0.000192976614340369,0.00669551309103042,4.84788326785557e-05,-0.000156198615687308,1.24546059605817e-05,0.00147396772348302,-2.82524957730931e-07,0.000185053297431219,-0.000466378012656812,-1.62823069330785e-05,0.00180028915256022,-0.000520112427639184,-0.0123426956116096,3.09466232452934e-05,4.95613276160184e-05,5.32422146469201e-06,3.08413146179243e-08,-7.90993561489659e-05,-5.50661097900521e-06,0.0148952252072123,0.000201954033118135,-2.10854718809757e-06,-2.61736249108803e-06,-0.000137758929515314,-1.92145382335105e-06,0.000470788228844414,-1.45501585847231e-06,-2.73184739711188e-05,0.000168152596367451,-1.67562891485135e-05,-9.75825212845621e-05,-1.35732073002488e-05,-1.31542717443376e-05,1.91982583459069e-06,-0.0023608439489595,-1.72618427101125e-05,1.25264082793707e-05,-8.65657787901201e-06,0.00251046046135029,3.4007169252433e-05,0.00214693887934227,8.58775093856575e-06,-1.89111655157703e-05,-3.39795764624859e-06,6.04889035779571e-07,0.0471073449144909,2.18243580573927e-06,4.77683600825611e-06,2.15316727662595e-07,-1.09365588993793e-05,-0.000607187942633955,-7.2051711568147e-05,0.00031128020774276,0.000108436204806361,-2.5770882123526e-05,-1.19512437985983e-07,-4.32693190235768e-06,-5.19350552350965e-06,-0.0809681399833312,-0.00380226773525419,-0.0175916346541557,-2.39149499007878e-06,0.00898613729628999,-9.3873523563264e-05,-2.90480393365115e-05,-3.57804307277372e-09,-3.10231514804089e-07,4.22915642584744e-05,2.48229719817608e-05,3.38305336769134e-07,-3.37442304863994e-05,-3.16814793165557e-06,-1.27786046890984e-05,-8.25769206992468e-06,0.469638490410112,-5.41295494503322e-08,-6.24702820179178e-06,-3.54298527522106e-07,7.59049093915402e-06,5.00180435098935e-07,-4.02681868707304e-05,-1.17363428063695e-08,-0.00027276063483616,-1.80001519652009e-06,-4.7297509070503e-06,-0.000142898771547383,2.28890396703604e-08,-4.1583460547982e-07,1.44267052681225e-07,9.51873169185462e-08,-0.00257465170495938,-1.40887443041894e-05,-6.85644883529909e-06,1.06377139818558e-05,2.52482017107989e-06,1.17279095005618e-05,-5.0028746915359e-05,-3.14316226214671e-06,-0.000305373232371868,-4.2683158331581e-06,-0.10338891256222,0.000252752803862988,-9.16388071826431e-06,-1.39723773576876e-06,-3.37908764500216e-05,-1.17584238430253e-05,7.53973212806299e-06,6.21226532613688e-08,2.21213549444551e-05,-1.80156447080546e-17,1.59261429815564e-07,-2.1632240315112e-06,3.17868892188473e-07,6.46823269039386e-07,7.21823242243252e-06,-9.87120732852613e-08,9.8716477577863e-07,-4.13917671897419e-07,1.523183409418e-05,-4.36514504914761e-08,8.04399579855356e-08,-2.72744113654631e-05,1.64186926949898e-08,-1.74691556926271e-06,2.11616349890584e-05,-1.52965745978299e-09,3.56415985332171e-11,6.33763751240439e-10,-5.0020334568203e-09,8.37817663827158e-08,0.000209322934868221,-1.23824918612178e-05,1.70529599284571e-07,-5.90858584768147e-06,4.55074560879458e-06,-3.55033948273279e-07,3.40899434319034e-05,-0.0161232637972464,1.94997147506993e-09,1.72529768015246e-05,8.52949293800556e-08,8.09363299320142e-07,2.22538199380802e-09,-1.31112206184998e-06,6.91504278988236e-08,-1.13858054452501e-07,1.83566692845338e-07,-3.59929246096443e-07,2.88257408121904e-07,-2.15406009396425e-08,4.31017053894222e-06,-1.89350439691026e-08,3.13719915231703e-06,4.27014359703486e-17,-7.92066267392363e-06,-1.49587512754324e-05,-8.50768018982518e-12,-7.61947373385427e-08,1.14111853197437e-07,-7.12908193608592e-08,-2.03191192058891e-08,2.46441582319926e-09,-1.10260020475203e-07,4.17084999517043e-06,1.55788665506756e-06,-1.24581303709729e-08,6.68194902546565e-06,-2.24917643128859e-05,6.1366747621873e-07,-0.000205943834340931,1.56440019593133e-07,2.73693534737431e-07,4.22558542770325e-09,1.17405076502248e-05,-1.54453963514235e-06,6.83855126361003e-09,-2.14426926657804e-06,2.51388449824474e-07,-9.1313116199754e-07,6.67443113569176e-07,5.93978692725821e-06,3.01151446642028e-07,-9.56389797979343e-08,-6.23580405093352e-07,6.33447392723774e-08,-2.94135689523801e-07,8.22718348435722e-07,3.34227565527476e-06,-0.000257821543357918,-6.73790184587075e-17,4.33760223921991e-08,2.3618021992616e-07,-2.32849403347633e-08,1.2440891497212e-05,1.33609439324732e-08,3.28729923851791e-06,0.000128754057952295,-9.66016070646736e-07,4.24615599119878e-06,-2.31485352975231e-16,-0.000372280632027988,-1.12372943946601e-09,-8.53558035476758e-07,3.65833988468922e-08,7.38198206058535e-07,-4.93184216576934e-07,-8.23580819747356e-06,2.20574227215046e-06,-2.209811197731e-07,1.39634822968266e-05,-4.48210263670247e-08,-4.28047046574094e-06,-5.7043770567895e-09,-8.31163608969993e-10,-1.18545784527052e-05,6.47837383024824e-08,-2.18816638946044e-05,1.51247776576187e-16,-3.41486874838453e-07,2.68847564971234e-08,7.74828740904282e-10,6.95611937177347e-09,-1.06013794120255e-05,-8.55173309229047e-05,2.14230542523058e-07,-7.91188127170745e-07,-4.59563275486802e-07,1.71808086133499e-17,-8.56024402116423e-06,-3.08431582597729e-08,-0.000584611787749818,4.71297110252773e-16,1.74220164210306e-06,2.27810233763308e-07,-3.53438680795747e-08,-2.46579303050237e-05,-4.79010524432951e-06,-4.44002875143025e-06,-8.3827840822604e-07,4.48031027112033e-06,1.88880032790055e-07,1.05112311912054e-08,2.44981289206752e-06,7.42662833041306e-08,-7.82742746239529e-17,-2.97067869817526e-08,1.10024228874443e-06,4.75348451037942e-07,-2.99468566276159e-06,9.16619392702887e-18,-6.13356782746926e-08,1.12981841057668e-08,-1.2818503028455e-06,-1.83127874009713e-08,-6.63774310973931e-06,6.46702682397274e-08,-8.56507928549302e-07,4.59650422824537e-06,-8.14833852179381e-17,1.65725769843268e-05,-7.85536092277942e-08,2.28015629760394e-07,2.44922479731891e-05,-3.21926846025141e-08,-7.47322786987941e-07,-2.92393719353664e-17,1.6148096192929e-17,-6.66761165169556e-07,-4.31020105493871e-08,5.68445565659478e-09,-6.2785875535351e-06,2.0056059513648e-15,-3.62582468844634e-05,-6.1565050465566e-07,-5.63320956744375e-16,4.0668695149812e-17,-3.47501886045594e-17,7.3209684595649e-06,1.99324732715723e-07,-2.17796186726418e-07,6.60177124949449e-06,9.37129423075888e-07,1.73132953338362e-07,-7.51022170752117e-08,-4.0639158796752e-17,-1.63801916668407e-08,4.59379140340092e-08,-5.91862008737482e-17,2.00554920578841e-16,-2.867082878943e-08,-1.65341811613172e-09,-1.69076317614077e-08,4.26314190974983e-06,1.65725930833852e-08,-6.63962273332997e-07,-1.63441760959229e-16,-2.33623153144062e-07,-4.61255432320229e-17,-1.2903909172591e-05,1.4312007012071e-16,-1.83766360179424e-08,-5.84269921199379e-17,7.54488576120368e-08,1.98623975819591e-08,1.49617719412227e-06,1.20803727470241e-06,5.33354829367539e-08,-6.11751915130121e-09,3.87341831266764e-08,1.44727408193724e-08,6.93531023373848e-06,2.30802706542865e-07,1.3433222188051e-08,-3.77334353023484e-08,-6.86814006419221e-06,-9.68503211342663e-06,-1.79017830806666e-08,8.86535351431199e-18,1.67226582086569e-07,-2.87537210754657e-08,1.47621790671437e-08,6.9957432205843e-17,2.73996488440791e-07,7.78247265610634e-07,2.48847043195532e-07,9.00730567353356e-16,-6.02654587092135e-08,-3.38679822332406e-06,1.18158307848176e-16,-4.21307957898128e-08,9.33971794744761e-08,-2.89371781925467e-17,1.74844150869777e-18,-3.42755880364058e-09,-1.93605643655314e-06,-1.10171908936994e-08,-1.52640486062607e-05,4.25104093896707e-07,1.12222138303146e-08,1.98243262449463e-05,9.94023935559522e-08,-2.48219407495279e-06,-1.35262087065508e-15,4.58117425878898e-10,3.34340725409418e-08,9.22624523929767e-08,1.46173441210088e-05,-2.63244568733939e-16,-6.17850968129455e-18,1.22062262365543e-06,5.40381941129345e-18,-6.28832736880187e-16,1.25064804409624e-07,-1.83742166343225e-07,-3.43994492051125e-08,-3.27162297647227e-07,8.77769203361349e-07,2.29278652135767e-07,2.92880338808317e-07,-9.63185213859315e-17,8.11240625204781e-05,7.09892514679191e-08,5.6257728445051e-06,-3.11016136441102e-08,1.22374267606008e-07,-4.69285856615883e-17,8.37286125024118e-17,2.5336174115735e-16,-1.11996901441049e-06,-5.09151245344228e-09,-3.29988455221349e-07,-1.14758614233516e-16,-3.89084911172733e-09,1.56465002009561e-16,2.84904142179685e-18,6.28867541078415e-07,-1.57430182226834e-07,-1.46084146449959e-16,-1.29517189181331e-06,-1.74350685502326e-08,-6.67311982767532e-16,3.92958424459392e-08,9.65297401305258e-18,2.47239903838408e-06,-7.50917169012557e-17,2.46719629403425e-06,1.19777356126066e-07,4.34635923920436e-09,7.28893590592523e-06,4.99508431096316e-05,-1.37544096025091e-08,4.20323534076868e-07,9.56348592461245e-17,2.46510692374599e-07,-1.39012793473011e-08,-6.0657901606453e-17,-1.82920563496701e-09,-3.71938454259577e-08,8.62396285082583e-09,-4.23412760814274e-17,2.74638097605791e-08,3.62711354606916e-08,1.04527845525043e-17,-1.00445021049858e-06,-7.61668389028926e-07,-1.03603534678562e-09,1.55656287455515e-16,2.61639234087216e-16,1.83667790439436e-08,9.98613065012116e-06,8.0257391679139e-08,-7.19687820203404e-09,1.7521438178549e-05,-2.70392036862581e-17,-5.76650752946499e-17,2.13187139984667e-06,3.78075026085096e-09,1.74018187343468e-16,0.000153489368191192,-3.18927962955269e-17,1.42394930898494e-08,-2.42133168240115e-07,-3.23931028778948e-07,-2.14702202221563e-06,-2.51392581219976e-17,1.26448197804391e-17,-2.59680589485352e-17,-2.61043787968983e-17,-1.64031444785237e-09,-5.68402395744692e-09,-1.46366516287538e-16,5.92685177427482e-17,4.6572929629699e-17,7.97020060794904e-09,7.1502821136807e-11,-3.91809772986442e-09,8.2293151042099e-18,2.989235191691e-16,-6.72596571912482e-16,-1.65106645355784e-07,5.04901804004629e-09,2.24329406551457e-17,8.79258437653137e-10,-2.29305563970977e-08,-1.26816185724076e-16,-6.6161216805243e-18,-2.77279243589365e-06,-1.60612128431039e-10,-1.3661534001085e-06,4.17283003590905e-16,8.64912061941524e-09,1.38960951958836e-07,1.48151019876025e-07,-5.47925949391757e-07,-3.24347473383913e-08,5.25547412866514e-10,-1.31229362498334e-16,-6.19567823450925e-17,-7.48205291441685e-17,9.71393139817176e-09,-8.79115331059201e-09,-3.42109272246112e-07,-2.54522452958834e-09,5.38267274421065e-16,-5.83916061440929e-17,-2.23579271175348e-16,4.63946074241644e-17,-9.42612279291009e-16,1.18758504689931e-08,-1.91446703215386e-18,3.65440758363173e-17,-3.3371822073114e-06,2.1067252554685e-17,-2.98896457294532e-07,1.81061762805079e-17,-2.18366240015582e-07,3.3780857157428e-17,-2.59947425993303e-07,-5.48184884920567e-07,-2.83861476334197e-08,-1.4879619418547e-17,1.73718959038154e-06,-2.64824687489463e-17,1.52575109618744e-07,-2.36340960432001e-08,1.3063654601467e-10,-5.38521670397101e-18,7.11247149352391e-07,4.89678750887274e-17,-5.02450758060849e-08,-2.56248236949156e-08,3.70434065566937e-19,-1.08575988721289e-17,9.10082664086368e-17,-3.2418003840619e-17,-3.82356817424932e-09,-1.92067020733796e-07,-4.24864886815796e-07,2.48019447098817e-17,3.15048137799569e-18,-2.51128615594316e-09,2.04606356213026e-08,-2.50410054974003e-17,-1.092111989079e-17,-3.93725273781988e-08,-2.89476322347645e-18,-7.56778585036566e-07,5.82704260672453e-16,6.76741135810208e-08,1.82932767081164e-17,-4.3673968791122e-16,4.59633731487675e-17,7.20004697143463e-16,-2.88970749752108e-17,1.09289655092255e-15,1.23306300191968e-09,-8.61717764730415e-09,4.52618518265606e-17,-5.60622654518644e-09,2.33486520247952e-07,5.50445905875846e-16,-1.18055951368822e-16,1.71400383197806e-16,-7.03983475753597e-17,2.06227147448545e-07,3.88734871934263e-05,-3.59981892632465e-16,-4.70024131753073e-17,-3.93187804899271e-08,-1.26821754153655e-08,-1.91065826766483e-10,2.18015432916686e-17,-4.17376867122856e-17,-5.54181367341644e-17,6.27282565727561e-17,-7.34145316876693e-18,-6.12417313074989e-18,8.26217904774632e-06,-2.39635137208247e-07,-2.1176054926238e-07,1.73705210364402e-17,1.39211108538572e-17,-4.35978752583561e-16,8.9505917581212e-18,5.33859204685585e-17,-5.42451898125511e-16,4.32175235416378e-18,-3.22828142710916e-17,-1.71455821868722e-17,3.24902512658699e-17,-1.802087136047e-17,-4.43647454886904e-16,-1.28608694318792e-16,3.87342700930853e-17,5.52415642946247e-10,-3.25822177982579e-17,-3.31358038303227e-16,-8.56657155250713e-18,7.58324962934028e-09,-9.30953849847263e-09,8.26937929781286e-17,-1.93397961531232e-10,6.57418459959577e-09,-1.17773034577583e-17,-5.80435660516042e-16,-1.19983924572937e-08,2.8545314148639e-16,1.42189626356042e-10,-6.7115907000639e-17,-6.17218687737781e-17,-1.70615799349337e-17,9.92033083516528e-18,1.24273633302463e-08,-1.64692498946521e-08,-4.92281598245702e-17,2.47510136584286e-17,6.71635585745994e-17,-2.68221607760678e-16,5.55763341946681e-16,4.73239207312629e-17,1.49156041712581e-17,-6.57580260035499e-18,7.54528298546439e-11,7.29700380978328e-17,6.66426826381041e-17,4.27830373851411e-17,4.4221141968613e-16,-5.51585016451111e-16,-1.38065967225488e-16,-9.66580733040359e-09,-3.86129865266757e-17,2.1290609001955e-17,5.66869434765998e-10,2.98424438370768e-17,-1.96242618029592e-17,2.83386803458492e-17,1.06866219857553e-17,-4.44688420310259e-10,5.36136503231011e-17,4.70176348362383e-08,-1.22628687410096e-17,-2.94476750966895e-17,-4.4116210341287e-16,-1.97906708091801e-15,-2.59827777621598e-17,1.68873823468994e-16,-1.19738322928099e-09,-1.09217879282171e-15,-1.90302387995473e-16,-1.97178813940028e-10,1.97253810130648e-07,-1.01944957644801e-16,-4.09810932873269e-08,-9.82970879320459e-07,-5.12296412772112e-18,4.85231729189102e-16,8.41291860544352e-16,6.76337094301619e-17,-3.74899596976944e-17,3.05072829105127e-06,4.92471347152114e-16,-1.20953353110204e-15,7.09887833753335e-17,-1.40107554803279e-07,1.1966118370853e-16,-4.89656757587161e-16,-5.96984418050642e-17,-4.3316571434715e-17,4.91085251541694e-05,-4.67124884564589e-16,-1.35137535619079e-10,-1.17773807313696e-16,6.66210628438772e-17,3.47919998134621e-17,-1.05505628215408e-17,4.76412583231278e-17,-3.95189496190557e-17,-3.22350990588503e-17,2.92701418970186e-09,2.29268313649761e-16,-9.1165863335418e-16,-1.29571078778588e-09,1.93616017648269e-16,7.4619765888696e-17,2.07131818521548e-16,7.21753014797772e-17,2.94658357497416e-17,4.42453828928965e-17,1.09742873619169e-08,-7.75495558997615e-17,-6.56357905816594e-17,-3.49430405427976e-09,3.38268457074616e-16,-7.56266373299209e-18,-6.82425084722555e-18,1.06966453444599e-16,1.02027575461454e-15,4.4414202207652e-16,-1.88968713555592e-17,1.93615470296679e-17,2.57174659156281e-16,3.26942893123603e-17,-4.77948994646752e-17,2.32324661229926e-09,-7.91956342080057e-09,2.13216921763708e-16,-4.10638054488534e-16,5.67324364289382e-17,1.02541168590445e-15,-1.71256701460547e-15,-1.73290144678637e-17,1.11226500349207e-16,-1.31878774953473e-16,8.7004728928852e-09,-3.58737732195157e-17,3.59772780284219e-17,-1.13244283328714e-17,-1.96353527875721e-16,-1.14062248959033e-09,2.68626213803579e-16,2.06606745333907e-10,1.39485191967626e-17,-1.75067463879933e-16,-1.99380384853407e-16,3.05815238860649e-17,-6.39990219887047e-17,-1.49323213973281e-16,4.94203907317693e-17,-5.54594171599818e-16,-9.53492509943459e-17,-8.21727022952453e-17,-7.65392331352128e-17,-2.16110332999639e-17,2.94311582807363e-16,4.33665971349992e-17,1.60117951030632e-18,1.76035560548266e-16,-1.95280525539709e-17,-3.98653965595024e-16,6.78469565242602e-18,-3.00002606728283e-17,-3.43892552032759e-15,-2.35726238011182e-17,1.48471439033307e-15,2.87370874164994e-17,1.97191843383002e-16,-2.74155761378292e-07,3.90519308485349e-16,4.48365711944582e-16,-7.26876440005632e-17,2.52542155202951e-17,3.33175768564031e-18,5.2626496189491e-17,3.40044706940933e-16,-1.97837098505819e-17,5.40487673748756e-16,-6.88549758799656e-17,1.47255838110487e-15,-1.74939874720531e-16,8.06088644614157e-18,-1.70024525602555e-17,-4.44188380659905e-17,-1.46225835621939e-15,3.22835089213439e-17,3.07480886026444e-07,5.74909397502875e-17,-6.49218228119861e-17,1.55480692187465e-16,-3.68130521162435e-16,-5.26052414916017e-18,6.23122592678917e-16,-4.66884547058311e-17,4.9973796778273e-16,2.35303043842485e-17,-1.1119097546013e-08,-2.13802067535506e-15,-1.06919659937005e-16,-4.60795531936645e-16,7.93060493441876e-17,-8.6918833042354e-17,-9.0060968992938e-16,-2.07961499320302e-16,7.04282170486423e-17,-1.34583970663737e-17,-1.50155043617164e-16,-4.0543624316012e-17,5.5638991984573e-16,4.91720595529281e-17,-1.63969702791158e-06,1.03959305228436e-17,-6.29684021988299e-16,4.80970822513728e-16,3.76136333930978e-15,4.43252561602184e-08,4.62448941488451e-17,1.25026422648919e-16,4.11790377994038e-16,6.68321783717715e-15,4.34795209766373e-16,3.90609138081583e-16,-5.31787372746647e-16,4.0798984211942e-16,-2.63081429247136e-16,-3.93924357671775e-16,1.12646671565253e-15,1.30523147831089e-17,-2.71226249440971e-16,-1.00943303332387e-15,-7.37565785016418e-16,-1.87509366622189e-17,4.8076410544172e-15
"t850",0.0358735683663595,-0.0106780258517534,-0.0116866314371942,0.000694198152270404,0.00648132190430724,-0.0179363801598545,-0.00253765044629311,-5.5246798660256e-06,-0.0541782329772765,-0.0423487295106679,-0.0423088014011669,0.000464921310681182,-0.000965781857031065,-0.000207602454946687,-0.00573289890973217,0.000128196376353124,8.00007427159185e-05,-9.20708694553213e-06,-0.00392667783805669,-0.000705465274334195,1.263856238343e-06,-6.78916484509857e-05,0.13091050719032,0.00557067937346153,-0.000540836489018479,0.00648246803930295,-0.0699462351479391,-0.000563639176699243,-4.68497996527344e-05,0.00345660297677201,0.022886847006227,-0.0126613706381429,-6.05457970426717e-06,0.00566854013583596,-0.00740440176144699,-0.00155206408261009,-7.84167855756208e-05,0.000390657094680215,0.13958026234249,-0.0233395885026166,-0.000544897228584544,0.033612089177254,2.48016931821345e-05,-0.00139760296030649,7.63733776555891e-06,2.79906171275178e-07,-1.57245595691014e-08,-7.58674889705309e-08,0.000124128762123614,-0.000410651761218396,6.87491207493538e-07,-1.14772132740213e-06,1.56264066131981e-06,-5.84196507182044e-07,6.46925857670457e-05,-5.09214096362707e-05,3.04275247303161e-05,-3.85689472900284e-05,0.000337464404172132,-6.11855975775835e-07,-6.37104740851646e-07,3.64842460391051e-05,-2.47942941581462e-05,1.95296494886908e-05,-0.0110560611179622,-1.10902760528441e-07,-7.28872217709521e-06,2.36829111427114e-05,-5.76925098351474e-06,2.58752961320232e-05,-1.68769338297698e-07,2.53649959792628e-07,-7.40166525754689e-07,-2.76615051298809e-07,1.04430951515504e-07,5.17772016082489e-08,-3.67084002142511e-07,-8.67533753306399e-08,0.00114399441179298,-1.69058714819267e-05,-3.15922842644195e-07,-3.89373488478348e-05,0.00187772949851375,-5.38166643287856e-06,-2.72360525153998e-05,-9.17910080018316e-06,1.7038055652437e-06,3.00566225087164e-05,5.66159297649799e-08,-2.31819366487945e-06,2.48851227052921e-05,-2.19090512359083e-08,-1.56688662017505e-05,1.71487648032689e-05,4.85806931094674e-06,5.96985663474646e-06,7.03187562355186e-07,-4.23715504736492e-06,4.9773751599403e-05,0.00123271875806708,3.04646389565656e-05,-2.0518498048643e-07,4.38543238416147e-05,-0.000102458607585273,0.00224138449555992,-3.63878387868116e-06,0.00113854422034769,-1.55531074969182e-06,0.00302427836715457,-5.09828559342067e-07,-1.79794452681445e-05,-4.39921782702504e-05,1.39514235900519e-05,-2.71333458940557e-05,3.44394000669218e-05,-8.29121171991432e-05,0.114663267297852,-0.400467657945205,-0.00118843504057359,0.000245719936398103,-0.000113462526476127,0.000139036288204012,-0.00159959702788119,-0.00157409346585404,7.5076002996786e-06,-0.000132537734165021,1.35767575339006e-05,-0.000285371282487171,0.00019805716554272,0.00687184425973412,4.97585358723218e-05,-0.000160400947022183,1.27909176609183e-05,0.00151387518355635,-2.9025740806229e-07,0.000190125588234552,-0.000479451180808936,-1.67468606029107e-05,0.00185288067398703,-0.00053531638828818,-0.0127049375975764,3.1856705893383e-05,5.10235732063429e-05,5.481500514034e-06,3.17523911030601e-08,-8.14567127813403e-05,-5.6735912382e-06,0.0153547892553708,0.000208211594526596,-2.17449402222434e-06,-2.69928358099645e-06,-0.000142085941001211,-1.98193214835166e-06,0.000485641386984897,-1.50191203842902e-06,-2.82019419325253e-05,0.000173603549513131,-1.73287751982772e-05,-0.000100957929112352,-1.40435933959335e-05,-1.36148757399167e-05,1.98719131468249e-06,-0.00244477535552817,-1.78764954327067e-05,1.29780913623406e-05,-8.97249068166522e-06,0.00260524318556096,3.52926264477855e-05,0.00222811682073649,8.91394058483334e-06,-1.96332809119645e-05,-3.52780594515472e-06,6.28245233169357e-07,0.0489321671359679,2.2675681666622e-06,4.96348811602353e-06,2.23737438180143e-07,-1.13711522265801e-05,-0.000631710936999446,-7.49697929499358e-05,0.000323920245006645,0.00011287367371045,-2.68286242833506e-05,-1.24431958256302e-07,-4.50552893949224e-06,-5.40983122770931e-06,-0.0843482965229677,-0.00396407683963332,-0.0183407346990124,-2.49397947314191e-06,0.00937793557785354,-9.8024679152848e-05,-3.03387913669543e-05,-3.73817615339742e-09,-3.241896678433e-07,4.42243826249778e-05,2.59612566372993e-05,3.53928914683095e-07,-3.53081067554887e-05,-3.31895918735228e-06,-1.33876524492937e-05,-8.65566405490359e-06,0.492518201016699,-5.68346456223509e-08,-6.55925636826299e-06,-3.72047539882213e-07,7.97343697925948e-06,5.25538054302351e-07,-4.23359761173814e-05,-1.23485022336851e-08,-0.000287165067998037,-1.89543512484428e-06,-4.98476420655178e-06,-0.000150675337331637,2.41349673308279e-08,-4.38632901970398e-07,1.52320055836425e-07,1.00518873770369e-07,-0.00272148646572796,-1.49021801228085e-05,-7.25399058483415e-06,1.12652037314951e-05,2.67435756826075e-06,1.24255981867619e-05,-5.30450261400695e-05,-3.33317526904745e-06,-0.000323846024961854,-4.53026018864632e-06,-0.109788917769157,0.000268548649716666,-9.73904641146332e-06,-1.48532420218642e-06,-3.59299952491505e-05,-1.25036569066004e-05,8.02275003154108e-06,6.61289347151858e-08,2.35581985128899e-05,-9.66728797991627e-18,1.69711757974677e-07,-2.30545685963003e-06,3.39061228147053e-07,6.90405849886149e-07,7.70881549303788e-06,-1.05424450529329e-07,1.0553650262309e-06,-4.42589728421789e-07,1.62882264470609e-05,-4.66964624763123e-08,8.60731769185233e-08,-2.91980328138419e-05,1.75803073740019e-08,-1.87066839510939e-06,2.26713102566294e-05,-1.64198980765737e-09,3.82855106600694e-11,6.8117027786138e-10,-5.38296022752423e-09,9.01701942791029e-08,0.000225482357553203,-1.33449884641515e-05,1.83914527397706e-07,-6.3737937684266e-06,4.91020859161259e-06,-3.83204041641496e-07,3.68127373219937e-05,-0.0174120115495838,2.1084463445818e-09,1.86556628302725e-05,9.22324468841007e-08,8.75488258674092e-07,2.40749765143173e-09,-1.41898526610161e-06,7.48448475961028e-08,-1.2353183551359e-07,1.99216256534544e-07,-3.90696789527855e-07,3.13050301923028e-07,-2.34023997376725e-08,4.68682728011045e-06,-2.05950102346747e-08,3.41291764054721e-06,1.47290199202225e-17,-8.62279711843406e-06,-1.62862806383767e-05,-9.26546074687873e-12,-8.30404888257105e-08,1.24440236414481e-07,-7.77659808392598e-08,-2.21678350061196e-08,2.69363104740994e-09,-1.20529755591412e-07,4.55947509507763e-06,1.70397753593483e-06,-1.36476477834941e-08,7.32192999770592e-06,-2.46506098860481e-05,6.72987802741152e-07,-0.00022639013437904,1.72144374601445e-07,3.01186150248849e-07,4.65012832962172e-09,1.29524204719155e-05,-1.70895302219825e-06,7.56933690817332e-09,-2.3747151511503e-06,2.78591349926244e-07,-1.01214957887661e-06,7.41094616546568e-07,6.59609321482392e-06,3.34506520443721e-07,-1.06249170154017e-07,-6.9313304209733e-07,7.04520356240872e-08,-3.27318611423628e-07,9.15754559098876e-07,3.72176017770692e-06,-0.000287346603141153,-7.80041997490655e-17,4.86046015733998e-08,2.64793025976863e-07,-2.61270779049766e-08,1.39597506204646e-05,1.49925094523144e-08,3.6894614482766e-06,0.000144559945714297,-1.08509007664537e-06,4.77389271015647e-06,-2.48445241364183e-16,-0.000419427355776279,-1.2663720994005e-09,-9.62444215513243e-07,4.12530017517629e-08,8.33578633236228e-07,-5.57334199084873e-07,-9.31717190895984e-06,2.49722397107398e-06,-2.50588923905125e-07,1.58580492651874e-05,-5.09510758430205e-08,-4.86852606035816e-06,-6.49022891541968e-09,-9.46232308943654e-10,-1.34966495231452e-05,7.37887197379187e-08,-2.49314421971914e-05,1.86762363256443e-16,-3.90042853710766e-07,3.0723262577902e-08,8.85460361088709e-10,7.96095500921016e-09,-1.21354701177637e-05,-9.81581442026217e-05,2.4608791913737e-07,-9.08981834634239e-07,-5.28290623382459e-07,6.22836189887468e-17,-9.84695256598001e-06,-3.54880337969207e-08,-0.000673275027175782,5.14123096065951e-16,2.00844127287885e-06,2.62685954666104e-07,-4.07597075968792e-08,-2.84435558918144e-05,-5.52786413026202e-06,-5.12551092383757e-06,-9.67940226296631e-07,5.17715552275259e-06,2.18276757084959e-07,1.21533887297367e-08,2.835100424905e-06,8.59502685805718e-08,-3.0460958817342e-17,-3.44413940381057e-08,1.27599038909546e-06,5.51653902821712e-07,-3.47900361504266e-06,4.82938523708685e-18,-7.14146104899977e-08,1.31879157336334e-08,-1.49795194528274e-06,-2.14113992284287e-08,-7.76581415864003e-06,7.57501907634695e-08,-1.00517916434644e-06,5.42007536900603e-06,-1.16611535606468e-16,1.96244302958994e-05,-9.3053513344164e-08,2.70311547787033e-07,2.90664054747574e-05,-3.82080963857867e-08,-8.87232066036994e-07,1.00099332637182e-17,3.15437670422231e-17,-7.92963187256548e-07,-5.13377360469165e-08,6.77188947786979e-09,-7.48983518828275e-06,2.33173396484844e-15,-4.33820204317497e-05,-7.37585488853868e-07,-5.41865896488126e-16,1.09531585409111e-18,-2.34744860107101e-17,8.8074877182132e-06,2.39924934888171e-07,-2.62640497255611e-07,7.97349800006721e-06,1.13205457671471e-06,2.09493613785749e-07,-9.08923448350004e-08,3.61223550152224e-17,-1.9891272772818e-08,5.58513614496227e-08,-1.09279794358343e-16,1.68739176086867e-16,-3.50221590093239e-08,-2.02198974646262e-09,-2.07081524145913e-08,5.22676569450728e-06,2.03585649509646e-08,-8.15902237216834e-07,-1.87246915949551e-16,-2.87209892523667e-07,8.63274473274875e-18,-1.58835993205565e-05,1.55822770359547e-16,-2.26409654020021e-08,-4.85607523503199e-17,9.30663410607513e-08,2.45061479589205e-08,1.8518154258771e-06,1.49619417757959e-06,6.60763913630254e-08,-7.5882009956505e-09,4.80974072454608e-08,1.80159779828972e-08,8.63341363539362e-06,2.87534732114413e-07,1.67586892475972e-08,-4.716344387757e-08,-8.59823653389121e-06,-1.21399418828006e-05,-2.2453321749544e-08,1.16842791627743e-17,2.10147366310188e-07,-3.62008563347328e-08,1.868421536243e-08,9.47856619557611e-17,3.47328187386871e-07,9.88846637729912e-07,3.16504021677021e-07,8.7139133638286e-16,-7.6690168220515e-08,-4.31870841105154e-06,-7.62391416784749e-17,-5.37781278964155e-08,1.19955415936553e-07,-4.96454396870198e-17,5.76625309662345e-17,-4.41298380955841e-09,-2.4932227784607e-06,-1.42024355675613e-08,-1.97011092977509e-05,5.50199412352217e-07,1.45280697175284e-08,2.56729542447308e-05,1.29210359179336e-07,-3.23650410306052e-06,-1.34709471428479e-15,5.98036391181752e-10,4.36543937607233e-08,1.20551537709516e-07,1.9115650774372e-05,-2.98427562822401e-16,-6.39535011579165e-18,1.59813969535662e-06,-4.50115816092825e-17,-8.32988005959208e-16,1.64985670660164e-07,-2.42714883823402e-07,-4.54413477078567e-08,-4.3344523048502e-07,1.16338818381682e-06,3.03910039729535e-07,3.88429031910641e-07,-8.03807494503946e-17,0.000108233184009807,9.48342486280782e-08,7.51867073552908e-06,-4.16557785779358e-08,1.64555438395761e-07,-7.12787100635699e-17,-3.05462964775602e-17,1.97378238212328e-16,-1.51489423618171e-06,-6.90481446459082e-09,-4.47600413729738e-07,-2.00795472538298e-16,-5.29104766648537e-09,7.37682119634324e-17,8.70373315321856e-18,8.65172089744678e-07,-2.16619049259478e-07,-9.91947273520069e-17,-1.78741051499637e-06,-2.41035179498919e-08,-6.5634209524561e-16,5.45231658603772e-08,-5.34475924256043e-17,3.4458494694598e-06,-4.31513780902377e-17,3.439999725108e-06,1.6705782448422e-07,6.06419620606304e-09,1.01748716599646e-05,6.98069207152593e-05,-1.93050096180793e-08,5.93613178902583e-07,4.59783997462885e-17,3.50946612822244e-07,-1.9808030450944e-08,-1.30046840645525e-16,-2.60951271618804e-09,-5.31748515628698e-08,1.23537088032257e-08,2.65052050176962e-16,3.96130597409813e-08,5.23894318574935e-08,1.99937636703767e-17,-1.45352379729151e-06,-1.10322156358833e-06,-1.50586448418619e-09,1.01044840891674e-16,1.98972348517554e-16,2.69241925940658e-08,1.46938244221611e-05,1.18184461022889e-07,-1.07829611185461e-08,2.63300322965618e-05,7.16231940099229e-17,-4.54967407533844e-18,3.21027513643386e-06,5.69473998277265e-09,3.3093831793727e-16,0.00023201424868356,-7.4068260805213e-17,2.15995682832543e-08,-3.6908291466434e-07,-4.93940544715015e-07,-3.27838753531039e-06,-9.09306596921211e-18,-2.81211819050159e-17,-8.13206788674116e-17,9.99955354686897e-18,-2.53717332234496e-09,-8.80144335013033e-09,-1.52333378685421e-16,4.5959618904439e-17,6.294438243423e-17,1.23909747459837e-08,1.11357840451219e-10,-6.13168176110797e-09,-2.82954705514222e-18,1.66839289997781e-16,-7.70792028190946e-16,-2.62900226246139e-07,8.04457294486846e-09,4.92127343155376e-17,1.41098305727268e-09,-3.69064770159254e-08,-1.59775931767636e-16,4.55116069607639e-18,-4.4946741498276e-06,-2.6050221540992e-10,-2.22536351626536e-06,3.05835263935962e-16,1.41930791451794e-08,2.28984968253547e-07,2.45581305154039e-07,-9.15877791586697e-07,-5.43401107124569e-08,8.84320074144266e-10,-9.66931082740466e-17,-2.55585288698491e-16,1.26762449242836e-16,1.67809992506388e-08,-1.51933426300783e-08,-5.93360951339255e-07,-4.49812382629092e-09,8.81279920285452e-16,1.58448828353008e-16,5.33227188073924e-17,1.03748902348647e-16,-6.92350125438504e-16,2.14369392775794e-08,1.89013535542544e-16,8.42489714256794e-17,-6.07687948096519e-06,1.05526601791306e-16,-5.44537433373449e-07,-3.36102673470506e-18,-3.98144343151792e-07,8.37625773090096e-17,-4.81579016265631e-07,-1.01956917015948e-06,-5.31192447582529e-08,-1.02699995389873e-16,3.27597521552543e-06,-5.90085339235115e-17,2.92842477089486e-07,-4.64920635383391e-08,2.57269934902482e-10,2.44669535257547e-17,1.41559085351407e-06,1.07179648600845e-16,-1.01766015544306e-07,-5.19461443951902e-08,5.30003010403669e-17,1.97169023919624e-17,4.37424707322048e-17,-1.36613062566198e-17,-7.86979818696887e-09,-3.96957724372635e-07,-8.82383134087839e-07,1.74421844512881e-16,1.96463728732161e-16,-5.34392074572269e-09,4.35882712834158e-08,-1.17629205690484e-16,-2.60287619562457e-16,-8.66873362097036e-08,-1.66175610399793e-16,-1.67865660515919e-06,9.23348770406672e-16,1.53515712670847e-07,3.94403010343338e-16,-2.82444675142167e-16,-5.53623004429396e-18,5.75891994894023e-16,-3.63780699653608e-17,1.69377244667767e-15,2.94049457100626e-09,-2.0563789951401e-08,5.52365118134272e-17,-1.3636041421141e-08,5.72610888887286e-07,2.87440967989343e-16,2.61429375717501e-17,3.56256853606585e-16,-3.4329929868873e-16,5.2508865921865e-07,9.98979022026581e-05,-3.43107497484809e-16,8.07166027434857e-17,-1.02112891088712e-07,-3.29821023431583e-08,-4.99253347191965e-10,1.16495459213199e-16,1.84355338606599e-17,-4.77203013095173e-17,3.15672623413624e-16,4.93285647893648e-17,-1.00991863223232e-16,2.3497357983985e-05,-6.87524212923651e-07,-6.12971699473974e-07,3.73747775132426e-16,1.46952717417829e-16,-3.14522885401867e-16,2.59509713819521e-16,-5.91993836639852e-18,-6.68946538435382e-16,1.50553538617703e-17,-1.11212732428036e-16,5.73108365257192e-18,1.59558745881171e-16,4.17394721109709e-16,-8.57132676312689e-16,-8.42230564248751e-16,-1.02103592112782e-16,1.91422604576193e-09,-6.16388360208694e-17,-3.12595844743539e-16,8.83611026676977e-17,2.70580199478595e-08,-3.34503364690576e-08,5.84679398838916e-16,-6.97950493441486e-10,2.46695706606913e-08,4.85004131975099e-16,-2.34230074492521e-16,-4.74573615992916e-08,4.40568492082214e-16,6.0413678656762e-10,1.37581463164624e-16,-7.8635422664552e-17,-1.50201606716154e-16,6.08950887049012e-16,6.03075971591643e-08,-8.07336340506365e-08,1.0713317366627e-16,2.21526953944364e-16,1.43274551083082e-16,-3.90769324273519e-16,4.32695389441575e-16,-1.10861176234372e-16,1.70607036140177e-16,1.31226293522553e-16,9.50430042171536e-10,3.86954987249635e-16,-5.89516472150123e-16,-2.28484346170732e-16,5.08524731329064e-16,-1.29860385481536e-15,-8.52059945235159e-16,-2.05462837659327e-07,-3.1204877442752e-16,1.43563234300929e-15,1.38838798436711e-08,-2.19133205676194e-16,2.28061810802392e-17,1.13086386954636e-15,-5.00330339232421e-16,1.1417187083663e-08,-1.09775617070464e-16,-8.59301455498679e-07,5.09238376224517e-16,-9.52537404750849e-16,-8.18627664107311e-16,-3.17382975916593e-16,-4.57712082845888e-16,-1.05056461832201e-16,1.35338326889411e-08,-5.81261624840363e-16,-2.43863284238763e-15,1.70080336875102e-09,-1.68080690641433e-06,-3.81994378797807e-16,2.88094743358964e-07,6.5402738549126e-06,4.10126467934228e-16,5.22888339279355e-16,-3.30540024388314e-15,8.38609874284603e-16,3.50629801858504e-15,-1.07176590423591e-05,6.71867469419079e-16,-9.39600217436898e-16,-2.854968909379e-16,4.31549293316869e-07,-1.66956232872218e-15,-8.88833358819311e-16,-4.00786569471041e-15,-2.93347430262932e-15,-0.000128656665945038,-1.10854504232102e-15,3.3754184797073e-10,1.95777460969111e-16,-1.55839823810091e-15,2.85753803917603e-15,-1.49753384238541e-15,5.50497289352891e-15,-3.53532847500789e-14,3.94093052124878e-14,-5.75787331694109e-09,4.45167793462808e-13,-0.529978481168927,2.4090975371369e-09,-2.13856294979594e-14,-1.54526732271452e-14,-3.36798195683122e-15,-5.00283445592568e-16,8.52169619217696e-15,-5.73834690405854e-15,-1.71820034818554e-08,-5.1571451542116e-15,1.15180417756712e-15,5.07580472851145e-09,1.16669118334555e-14,4.67022760945572e-15,-1.82603387781651e-17,-1.3816632465596e-15,-4.47505893121339e-15,-6.46664035198921e-15,-3.39278028901654e-18,-4.5508532364999e-16,-1.5233232165801e-15,-1.32971416063292e-15,-1.46457297160856e-16,-2.57523124617459e-09,8.50098295278432e-09,-1.05294132689554e-16,-1.60335724172192e-15,1.87569842120787e-15,-1.14641981596652e-15,-3.89898973605097e-15,-1.34258866469159e-17,-9.23969733939953e-16,-1.65014552107352e-15,-7.89646147410418e-09,-1.17612919802251e-15,-4.30988597661085e-16,1.56618488185133e-16,-1.25199505832259e-15,8.96389260984881e-10,3.0389073019817e-16,-1.37532472948964e-10,4.74503663265648e-17,-4.67585210016523e-16,3.4880630384483e-16,3.16268796335995e-16,-5.5947941481458e-16,-6.50619393175801e-16,-5.1534052091593e-16,-3.32527098780878e-16,-4.27982477512899e-16,-5.12600964771991e-16,-2.36301671179203e-17,-1.01083052543151e-16,1.9907386006839e-15,-1.0104913224007e-16,1.95673368385212e-16,-1.28087694678789e-15,-9.19527576760026e-17,-9.87710993787775e-17,-1.6853079563848e-16,-4.93605109627629e-16,-2.68504746157462e-15,-5.36617091821259e-16,-5.78476368301071e-17,-4.60780193460706e-16,-9.28322377568707e-17,9.13332805818704e-08,-2.22418903068755e-16,9.01610633352211e-16,1.4621277462426e-16,7.37180526303972e-17,3.40952314197627e-16,4.24724681786516e-16,-6.96838662939867e-17,4.13652926776001e-17,-1.76169962264164e-16,-4.84104407941914e-16,3.05175845469001e-16,-2.27961548618503e-16,-6.00176532318226e-16,-1.49166697386238e-16,-1.14596047915464e-15,-9.93811351848037e-16,8.70357186318618e-17,-5.34071229559986e-08,4.76246999806693e-17,5.18378945985215e-16,8.1033880436871e-16,1.16978582010768e-17,1.8771349602592e-15,5.05269816529742e-16,-3.73900670361957e-16,3.43799292594269e-16,-1.82142847736252e-16,4.91472485109615e-10,-2.7241184402952e-15,-2.36156558897277e-16,-1.06328667918684e-15,2.52778396941868e-16,2.89190900592868e-16,-6.61530790594125e-16,-2.7224997166968e-17,6.90139275186998e-17,8.55529644180759e-16,-2.03061466105678e-16,-3.69490563448114e-16,5.49993127028065e-16,1.85456272634356e-16,-9.9114402753401e-08,-5.11867528743331e-17,-1.69223359333706e-16,3.97061283056345e-16,3.97881064007426e-15,4.54340125445920e-09,4.66590076421476e-16,1.03272048145378e-15,5.05573865914034e-16,8.53344069968125e-15,7.08556258318962e-16,6.64261766416924e-16,-9.83227325688348e-16,1.09942664903154e-16,-5.08761641532351e-16,5.22248363060101e-17,1.15714963713387e-15,7.60444610045168e-17,8.86204516069672e-17,-8.43333260499095e-16,-1.02607198311481e-15,1.95222019269919e-15,2.29923090815473e-15
"t300",0.0358919354824098,-0.0106869467115413,-0.011696521266751,0.000694816302856057,0.00648658026064887,-0.017947611569186,-0.00253915538665854,-5.52707830213483e-06,-0.0541720065321255,-0.0422942884558612,-0.042133051533153,0.000460681462039862,-0.000956035737821878,-0.000205394911221386,-0.00566227442539661,0.00012627702863343,7.87037696621702e-05,-9.04853689123044e-06,-0.00385366836203249,-0.000688170899189164,1.22360020000774e-06,-6.3793120882193e-05,0.121337698146211,0.00515499017283197,-0.000499909846153354,0.00590224502683187,-0.0634106328771166,-0.000509215722455528,-4.18590770882797e-05,0.0027445532955401,0.0166335613519274,-0.00839959947306928,-3.14645678314832e-06,0.00212884387654355,-0.00106759193659756,0.00085656046059058,5.84344733011729e-05,-0.000408332667264606,-0.167510605653264,0.0376050053364216,0.00156426592898776,-0.169888740513245,-0.000195073503864278,0.0114650194872395,-0.000137633351324442,2.83247888506332e-06,-1.22509940565168e-07,-5.40577148810039e-07,0.000736217478793163,-0.00213921095275841,3.20985173629011e-06,-5.17590242569181e-06,7.01614783527184e-06,-2.54201211173189e-06,0.000271646597546776,-0.000213197307496504,0.000131683963739522,-0.000172892688183084,0.00152030287917964,-3.1950439433021e-06,-4.0448852177717e-06,0.000267815965414689,-0.00021333105137585,0.000176366221135678,-0.176164910855402,-2.70693418367181e-05,2.74862105626893e-05,-3.70180524545977e-05,5.30786825937771e-06,-1.12651112404745e-06,-5.09550241422997e-07,2.00984855826564e-06,-7.30042820318539e-06,-5.30951157883708e-06,2.26809976383213e-06,2.04660882458466e-06,-2.14820504136161e-05,3.76363518478023e-06,-0.00999666498240989,0.00011103229661542,1.44369924524271e-06,0.000166647322703098,-0.00540735173581868,1.40294055953846e-05,4.92469262178024e-05,1.52025262842919e-05,-2.59190418921298e-06,-4.51122716474656e-05,-8.46784434724082e-08,3.43695773665457e-06,-3.57624513816852e-05,2.38683697862193e-08,1.66626003720908e-05,-1.55563609094908e-05,-3.3853435994835e-06,-4.00007941433583e-06,-4.70306384753002e-07,2.56543158828345e-06,-2.9040720832159e-05,-0.000624781704496695,-1.37394518796559e-05,9.15706232115599e-08,-1.93407492421649e-05,2.51376161560636e-05,-0.000522741435694886,8.14977273512842e-07,-0.000236713258206849,3.16524246933675e-07,-0.000592192338102024,9.39962397417934e-08,3.24876514180967e-06,7.01156075660704e-06,-2.18890834820494e-06,2.84602469552963e-06,-3.25148036314026e-06,5.97824272766768e-06,-0.00715045544507401,0.0145536732500436,1.45048958872447e-05,1.3606789184609e-06,-1.75445454302609e-06,6.82602753581166e-06,-0.000112792846479133,-0.000112281421067958,5.58577134175429e-07,-1.27693123834618e-05,1.33288043547508e-06,-3.34416986758184e-05,3.43847931830191e-05,0.00119754413058797,8.91108736422528e-06,-3.54467501765672e-05,2.93889786673258e-06,0.000357674348784983,-7.67327323166003e-08,5.10434942555376e-05,-0.000163072740747766,-6.98094338299639e-06,0.00107478734897645,-0.000313896381356014,-0.00797479218212101,2.07400718520551e-05,3.53326266078959e-05,3.89046299203937e-06,2.25436048075166e-08,-7.04904184996676e-05,-8.91201111538643e-06,0.226686875669452,-0.00248358982828188,4.98631771321233e-06,5.8008228807755e-06,0.000233602870735336,2.85340490252081e-06,-0.000610871128278391,8.11516658407141e-07,1.37722287613115e-05,-7.9156725744973e-05,2.15206378891386e-06,9.01854044082227e-06,1.18858434067575e-06,8.33646962372134e-07,-1.13071368172687e-07,8.01080778803688e-05,5.3885855100972e-07,-1.44046337570216e-07,-3.92311151584368e-08,9.53377859212503e-05,1.32008838869961e-06,8.37941761014803e-05,3.60430276809936e-07,-8.44080213886571e-07,-1.52630168458668e-07,2.40466122989518e-08,0.000248757804697764,1.74158341706658e-07,3.67095603614958e-07,1.63581971419322e-08,-8.32813524698746e-07,-4.87059304603919e-05,-5.82279836717879e-06,2.53203603678272e-05,8.96123783697742e-06,-2.13970734696006e-06,-9.96059145843465e-09,-3.61651705859005e-07,-4.35939704324984e-07,-0.00679475672982732,-0.000310915032472432,-0.00143609696527272,-1.91340142757668e-07,0.000654941519215494,-5.95374298664075e-06,-1.72092927840324e-06,-1.86043252644097e-10,-1.41718508754502e-08,8.9377723058816e-07,3.57589146295769e-07,-6.5941494436919e-10,3.84082159718489e-07,4.02149805074066e-07,1.72322531939673e-06,1.72765468541127e-06,-6.97084123808517e-06,-1.12713788503348e-07,-1.28727383752118e-05,-6.05402498938376e-07,8.70136690730924e-06,4.7478007970745e-07,-2.74289760132974e-05,-6.24785319999532e-09,-0.000126698140962676,-8.07006525671846e-07,-1.85265675767267e-06,-5.25587545440362e-05,8.40542345569566e-09,-1.46003873049877e-07,4.59187192479353e-08,2.98666784060128e-08,-0.00232861497136108,-2.98143616813602e-06,-1.4329682119255e-06,1.90000605790673e-06,4.27616011414153e-07,1.86022892331173e-06,-6.09860290875063e-06,-3.5747896896063e-07,-3.41065358162624e-05,-2.64522015072151e-07,-0.00278068641576891,-4.40838098231061e-06,3.63774035043114e-07,8.98923700025513e-08,3.00826657623675e-06,1.13258583808945e-06,-1.28820588014314e-06,-1.39657917302036e-08,-6.44089337706815e-06,8.65572873508878e-18,-6.43163772047493e-08,9.28637141242718e-07,-2.03122190286246e-07,-5.51950093901792e-07,-7.78626557598689e-06,1.07987496203019e-07,-1.67894176485806e-06,7.59878391486453e-07,-2.89740568346786e-05,9.87324636478229e-08,-2.05299416118329e-07,8.76522660581275e-05,-5.87346108003305e-08,6.53859767536507e-06,-0.000102765932145969,3.58742074386939e-08,-2.85044746635994e-09,1.66910004645344e-07,-3.41588940675261e-07,5.89936476032355e-06,0.158476694123054,0.000938343888926484,-3.69352654120671e-06,9.59261192499031e-05,-5.51220159419547e-05,2.73986465875701e-06,-3.82440212792576e-05,0.000484787004309529,-1.74632796374873e-08,-0.000150560154976341,-7.23741275996366e-07,-5.35934682272193e-06,-1.3645524739118e-08,6.50545759218563e-06,-3.31212979274905e-07,2.36269911191909e-07,-3.54404368522798e-07,6.57352626776579e-07,-4.65705290985207e-07,3.16854286834028e-08,-5.18992571646517e-06,2.15652967031966e-08,-3.42141602221496e-06,3.89067283666493e-17,7.47338759348787e-06,1.3853391600212e-05,7.41943729096267e-12,5.78320555858323e-08,-7.7110338992637e-08,4.56263446914032e-08,1.26614499625312e-08,-1.0952640613363e-09,4.79573409712057e-08,-1.80356597760416e-06,-6.10561543705726e-07,3.68267106944764e-09,-1.87943932845896e-06,6.11002577766815e-06,-1.48399265324164e-07,3.08249293468759e-05,-1.86150775893703e-08,-3.21097075207915e-08,-4.93651777092762e-10,-6.5602113388164e-07,5.80998626160327e-09,1.2465549900757e-11,-2.06504788459018e-08,4.66598543085705e-09,-1.93489545562871e-08,2.75423744303219e-08,2.53343177287664e-07,1.35976619119673e-08,-4.47889394079708e-09,-3.25372612306471e-08,3.66145598830454e-09,-1.84568043833179e-08,5.33416158122543e-08,2.28201901220415e-07,-1.93939029956717e-05,9.24323817656558e-17,4.68919663893919e-09,2.61365370224579e-08,-2.66123706421126e-09,1.42316107307671e-06,1.52987085226256e-09,3.79201592531901e-07,1.50540513168712e-05,-1.14690549484996e-07,5.18872829126618e-07,-4.69887333103305e-17,-4.81296795073606e-05,-1.46180227987455e-10,-1.12454323152246e-07,4.82685844088679e-09,1.00197987057645e-07,-6.78892806865089e-08,-1.15450017116001e-06,3.12767321731134e-07,-3.2038621913904e-08,2.06073689487832e-06,-6.6824290516025e-09,-6.41631230710831e-07,-8.57841301820504e-10,-1.25688314955429e-10,-1.7937150810486e-06,9.83944520847718e-09,-3.33291232580055e-06,-7.30059499268841e-17,-5.30524615771414e-08,4.19315141657848e-09,1.20852790254467e-10,1.09740388627062e-09,-1.67551973827249e-06,-1.39261905797892e-05,3.5441665446564e-08,-1.31428086748577e-07,-7.7933323609209e-08,-8.27826316898137e-17,-1.5171350868835e-06,-5.6309764205485e-09,-0.000258064688612603,1.36603899606493e-16,2.17554556565409e-07,2.98976253838586e-08,-4.72198739391682e-09,-3.38481511547582e-06,-6.76684120993764e-07,-6.36131506182384e-07,-1.21113260623932e-07,6.58290458335101e-07,2.779259919116e-08,1.5575267315985e-09,3.65967262709914e-07,1.10978043032901e-08,7.81137787139629e-18,-4.47243515266491e-09,1.65750849267902e-07,7.16785813985266e-08,-4.51764833239234e-07,-3.29008503654087e-17,-9.23348996332602e-09,1.69095847228318e-09,-1.91170908135055e-07,-2.72613045805486e-09,-9.85833682935666e-07,9.55990989693042e-09,-1.25533970580255e-07,6.5654605441663e-07,3.8433257566712e-18,2.30252243668939e-06,-1.08853426776268e-08,3.14209549865102e-08,3.34828540897029e-06,-4.39825586130798e-09,-1.01866087254389e-07,-8.66084825177557e-18,-2.00642563680869e-17,-8.96476135126787e-08,-5.72311847750876e-09,7.53582140856511e-10,-8.22627495453056e-07,1.9975881287293e-16,-4.62278211866932e-06,-7.74939631971731e-08,1.55672980151538e-16,2.74414286454889e-17,-2.6401831876421e-17,8.82753045438477e-07,2.38953241577038e-08,-2.55773391674329e-08,7.61321258815821e-07,1.07835731350497e-07,1.95234108358166e-08,-8.44875785709683e-09,-2.53519081647064e-17,-1.76393888712832e-09,4.8672219270064e-09,7.79245599201591e-17,1.88703328496189e-16,-2.8371967201708e-09,-1.60755057732387e-10,-1.6041835689659e-09,3.97705403061797e-07,1.49494502744255e-09,-5.95596186339384e-08,-3.39085591592276e-16,-2.07957925396869e-08,-8.99718122974916e-17,-1.12286514984389e-06,-3.97600292665362e-16,-1.57183639084689e-09,1.54071758263249e-17,6.31006216952895e-09,1.65349175219159e-09,1.16811155833465e-07,9.29650595029981e-08,4.07947277467015e-09,-4.55377125578628e-10,2.81387347331269e-09,9.90417805933025e-10,4.7434500144657e-07,1.54837588228228e-08,8.6875510361578e-10,-2.31704272610435e-09,-4.02662642870181e-07,-5.46442209141111e-07,-9.90492592079486e-10,4.35598230338482e-17,8.68243611989918e-09,-1.397410041628e-09,5.75500637186472e-10,2.42041005269548e-17,9.90294394683073e-09,2.47508215936284e-08,7.44862218602392e-09,-1.3146559291189e-16,-1.74561020312196e-09,-8.50025063421404e-08,-5.09772310595625e-17,-9.76446629737094e-10,1.06124693321251e-09,2.42971484764915e-17,-1.1348262153672e-16,-2.26752846289001e-11,-1.19761940433809e-08,-4.58874179298396e-11,-2.70915622856022e-08,-1.5729066123173e-09,-4.68837058879439e-11,-9.62442525012802e-08,-1.22529799786772e-09,4.60725758731115e-08,-1.79401003992879e-16,-9.59830311505792e-12,-7.14293099089023e-10,-2.10515781676835e-09,-3.59206133976742e-07,-1.85727548189257e-18,-3.89214152903568e-17,-3.29538069228677e-08,6.73117634602159e-17,1.43227630146752e-16,-5.34146954562282e-09,8.36300612126286e-09,1.56772451188016e-09,1.69524457575399e-08,-4.62364437293229e-08,-1.21194466705353e-08,-1.5830771169957e-08,-6.33587753423722e-17,-1.47764831582268e-05,-4.87589069431742e-09,-3.92834291458298e-07,2.32881460858617e-09,-1.02567984153897e-08,-3.20795125016766e-17,-5.77597710069465e-17,2.94923003370167e-16,1.08704597789489e-07,5.24320066489695e-10,3.41322645408398e-08,1.12626797135174e-16,4.25190602699618e-10,5.4804680597977e-16,4.11213781105351e-17,-8.59005148160569e-08,2.15611177899322e-08,-1.0702291354101e-16,1.86662143167977e-07,2.58714646419868e-09,-6.08584741770968e-17,-6.18300630468756e-09,-7.17706091406098e-17,-4.16796956836885e-07,6.8934588364656e-18,-4.18473495592273e-07,-2.04124584572924e-08,-7.44673857625207e-10,-1.25814447469258e-06,-8.76683142278353e-06,2.56836716677359e-09,-8.54838090866291e-08,2.52701382518154e-17,-5.57280871057318e-08,3.17846396659014e-09,8.83114768930553e-17,4.24615407294057e-10,8.87628998982032e-09,-2.11052410004288e-09,5.88229683911799e-17,-7.33896544260586e-09,-9.86844025668558e-09,9.96826233480614e-17,2.80014583439382e-07,2.14938825158477e-07,3.06342630761721e-10,-2.90738751592677e-16,-3.17014711773322e-16,-6.15189446465704e-09,-3.56571977312805e-06,-2.90735982321034e-08,6.38071850875684e-09,-0.0250209226222267,-3.42059200356588e-15,3.78499059979183e-16,6.68273758054339e-07,8.28178973128446e-10,-1.31348665889124e-15,-0.000807986944412552,1.67166722572812e-16,-5.28809101552938e-10,4.50871715264644e-08,6.2187130620946e-08,4.55303007418395e-07,-3.59812798468526e-17,4.67971882137325e-17,7.63703391927408e-17,7.39674817235138e-17,5.14662978253683e-10,1.8154906131984e-09,-1.00610010021939e-16,-3.06191999375017e-16,1.44805453241282e-17,-2.69706169708001e-09,-2.47450409517263e-11,1.43324135033072e-09,5.62594713453178e-17,-6.41303051166718e-16,3.60645574896075e-16,7.04019665202617e-08,-2.16305721249699e-09,-6.15927277124809e-17,-3.96635785493779e-10,1.05541039597578e-08,1.22869530058134e-17,7.0687493217692e-17,1.33649340786538e-06,7.76972777402778e-11,6.78561789549089e-07,-2.76670964030043e-16,-4.48598456509953e-09,-7.37868168390856e-08,-8.12564170736331e-08,3.13952174490661e-07,1.88023677553258e-08,-3.1135830794539e-10,7.76435540904778e-17,-3.96784079187796e-16,-1.6106385988977e-16,-6.50670762706131e-09,5.89965605290037e-09,2.3319302878697e-07,1.87730250250023e-09,-1.5346643569069e-16,-1.28539486703905e-16,5.34272626657729e-17,5.25745598073317e-17,-7.49760880857529e-16,-9.51945816590532e-09,-1.69848772297024e-17,2.06063039007803e-17,2.76443892293564e-06,-9.27739755562931e-17,2.48034507794264e-07,2.92734586571086e-18,1.81745718709698e-07,-1.71766449493907e-17,2.29190202972705e-07,4.90055040538548e-07,2.59206790031438e-08,3.97641700747225e-17,-1.62858792997984e-06,-2.09530376692702e-17,-1.51630139996101e-07,2.53835044028696e-08,-1.40787166484056e-10,2.77204093068047e-16,-7.9146915505672e-07,1.41663091760806e-16,5.88666176091622e-08,3.00985085803441e-08,6.84434885705973e-17,-4.89448692345859e-18,8.36642330681534e-17,2.19005250009047e-17,4.68993707515787e-09,2.38330757648317e-07,5.34379879476691e-07,1.26588803780441e-17,5.05301163156122e-17,3.37343778223474e-09,-2.7566709973775e-08,2.55275199759565e-16,1.49913120316135e-17,5.77495747318189e-08,2.71376369543721e-17,1.13082114921284e-06,-5.6857634427271e-16,-1.06817520315871e-07,7.06602416391664e-17,1.85802238911487e-16,-2.99246598570617e-16,1.00490407450844e-16,-1.05740582602058e-17,-2.78945263454628e-16,-2.18610015863456e-09,1.53013948507461e-08,1.42536696934751e-17,1.03855888430062e-08,-4.40396704661133e-07,5.33012008542131e-16,-9.34445620534011e-17,-7.8508217560102e-17,-9.44140784797993e-19,-4.21179868583552e-07,-3.44762010042317e-06,1.0309912107761e-16,-1.0322410619215e-18,8.37169485522859e-08,2.70782402339944e-08,4.11856232734039e-10,-3.16284481299396e-17,1.59418688639433e-17,1.15855575254398e-17,-1.46739603151443e-16,4.95678996818421e-16,-5.80574571928056e-17,-2.1000711772631e-05,6.19161870442039e-07,5.56214875001918e-07,1.52570531945383e-16,3.51276999799639e-18,-1.8380388912071e-16,-5.14394692493214e-17,-1.57861781360166e-17,2.82728042348266e-16,5.22434883780231e-17,-4.57269212099118e-17,-2.76623432599816e-17,-2.72492884380814e-17,-4.77280108865728e-17,3.15727120178631e-17,-1.20477178025151e-16,-6.47696049956016e-18,-1.97875001360324e-09,3.26867529853692e-17,1.11177138508415e-15,3.4801515346913e-17,-2.84705665458335e-08,3.53414943083751e-08,8.36528955473067e-19,7.39294347140141e-10,-2.67122569622577e-08,1.9989820196067e-17,-5.90852465227819e-16,5.28283122388659e-08,2.79662552668505e-16,-6.95966338849519e-10,4.95442467588012e-17,1.20038789552362e-17,-2.65560717868611e-16,3.26218481534627e-16,-7.34033058993545e-08,9.86368192006627e-08,-3.84063776841621e-16,3.98185246148257e-17,-7.60595484107357e-17,4.37963069876645e-16,3.21695031178485e-16,-3.81112104605949e-17,-4.15713290152366e-17,1.28314162871355e-17,-1.42483136225887e-09,-1.45250772217474e-17,3.43334578980362e-17,2.31589780631535e-17,2.23306972417487e-16,-4.95975273009652e-17,-2.7623188828031e-16,3.22823796464301e-07,1.82775450703355e-18,-1.7523828773026e-17,-2.20066564843944e-08,6.4407628446868e-17,-5.52734227565039e-16,7.0883177651333e-18,3.35226323905539e-16,-2.01270708102442e-08,3.39895910011135e-17,1.54505002908966e-06,3.94535748865489e-17,-1.36683882931492e-18,6.72373470838609e-16,-2.117491494504e-15,4.94776934428313e-17,-1.85729228528832e-16,-2.5353035136604e-08,3.4614880185204e-16,-2.53037615387685e-16,-3.29029023808258e-09,3.25694313664812e-06,2.94603456604423e-17,-5.74244178906633e-07,-1.31537722981287e-05,-3.97090134300088e-17,5.81619169465793e-16,-5.79747945353811e-17,1.60256860198525e-17,8.4512206400864e-17,2.47665259697562e-05,8.9202823189169e-17,-1.00297207431226e-15,5.29910273120742e-17,-1.0356488396927e-06,4.93909469134223e-16,-7.47198975743346e-17,1.53767963267864e-16,-5.03638855558708e-17,1.45259251280499e-05,4.1350043862507e-17,-8.68224173562583e-10,-3.54828624220465e-17,-2.03044693236431e-17,6.96838053114172e-17,-3.82850935213072e-18,-3.87696548239669e-17,-6.23394292375064e-18,-2.26941199409779e-17,1.61872653703218e-08,-1.31163308372231e-16,-4.41424105976917e-17,-6.93132074304957e-09,-2.49534521388917e-16,2.8107492689068e-17,3.2646722551985e-16,-2.01987236159878e-17,3.12005592257184e-17,2.65728874813828e-17,5.33064614186348e-08,-2.77846761826769e-17,3.53053002309328e-16,-1.63113406989723e-08,-6.80356337631212e-17,8.18599391700962e-16,3.25514596540623e-16,9.69334239643691e-18,-1.3774929730228e-16,-1.43969604342761e-16,-6.64538680647305e-18,-1.75013268348392e-17,-4.79948068762856e-17,7.5411854908289e-17,-2.09066855870346e-17,9.50590972913815e-09,-3.19393728339691e-08,-1.14061928922508e-16,2.9510240336034e-17,-1.94869762967928e-17,1.15956940522909e-16,-1.86590770920543e-15,2.07264817863774e-17,-9.32540293815596e-17,2.98098851405969e-16,3.26735268799172e-08,-8.83491583678138e-17,1.60279580546887e-17,6.32686811341314e-17,9.86382401276164e-17,-4.05112111056477e-09,2.85608099304072e-16,6.92247614122724e-10,-4.12373713827495e-17,-2.06075646013019e-16,-8.97352494400411e-17,-1.20276214926153e-17,-1.01512417156703e-16,-2.79574142892266e-17,4.75126122536665e-18,1.89599675761228e-16,-1.79372158788809e-17,-2.17826412878028e-17,-1.13786825688341e-17,2.27328355546933e-17,2.12063935480603e-16,9.43106913620288e-18,2.63209890429759e-17,2.26043983274627e-16,6.27595915118414e-18,2.15227502420895e-16,2.10961643292347e-17,-3.98665004424464e-17,-1.94289901427562e-15,-6.91091150455094e-17,-2.27930807277072e-15,3.37244174099327e-17,1.20538749788276e-16,-7.6614127499396e-07,-6.42183959877291e-17,2.88506637807131e-16,1.40485297982772e-17,-1.34665604921317e-16,-2.54118232092059e-15,-1.78466450220668e-17,4.40400536078314e-17,-3.84593791504521e-18,-1.50575194328181e-17,-6.94703183104329e-18,-1.00720922695441e-15,-5.89182436927302e-17,-1.86104869970018e-17,-6.85020557533169e-17,1.24090460228968e-16,1.61835080356054e-16,6.92548030030995e-17,7.77380765222304e-07,2.71332789206933e-17,1.9212265772889e-17,1.05065291166889e-16,-1.73897678297549e-16,-2.65386016576514e-16,-5.23353607795521e-17,-7.07577429350093e-17,4.32120890314471e-16,-2.78608785915644e-17,-2.57091096540888e-08,-8.70444532225341e-16,-4.24096306741179e-17,-9.80214850229955e-17,-3.45351787667901e-17,-1.5153728252249e-16,-1.05789257578437e-16,-1.73267029800766e-16,2.60302310615157e-17,1.06108911628046e-17,-4.84429124993125e-16,1.28375074157229e-16,-1.09730770159351e-17,6.34607373975069e-18,-3.50525483957948e-06,4.62830224321137e-17,8.77325555453589e-17,3.38949002956036e-16,5.15044544783618e-15,9.1652201610513e-08,-6.20669028824567e-17,-4.95301271212471e-17,-3.94747618117929e-16,1.03148050721334e-15,1.83260305749736e-16,3.60750276788217e-17,-3.65232856270388e-16,2.21181807800167e-16,4.47235675214989e-17,-2.94394598237606e-16,2.63658626788566e-16,6.33026131369877e-18,-6.85933580416677e-16,-1.8679043134979e-15,-9.34240059105289e-16,2.3930567960318e-15,4.30391623441464e-16
"t77",0.0357704432056579,-0.0106105941751569,-0.0116102449319694,0.0006879403591581,0.00640791529092388,-0.0176920374964492,-0.00250228372689295,-5.44039501212687e-06,-0.0531674682765207,-0.0413418283591438,-0.0409264365644801,0.000444384005383991,-0.000921211059313754,-0.000197798294921661,-0.0054435872382951,0.000121107568097405,7.54036333712165e-05,-8.66213137724194e-06,-0.00368522708258732,-0.000655443846300568,1.1605609688718e-06,-5.98090070924137e-05,0.113323238991103,0.00481249982538852,-0.000466562141005546,0.00548919284146402,-0.0589189501576491,-0.000472811861730261,-3.87837615467996e-05,0.00250505213755344,0.0150816934307424,-0.0075787187651781,-2.81569672436202e-06,0.00189390733194214,-0.000943433904615049,0.000748517092958143,5.09646532464409e-05,-0.000355254115208483,-0.145578919233695,0.032603597399782,0.00134985142494485,-0.145999601629505,-0.000167205884237508,0.00982502548512951,-0.000117578091463912,2.39138890088058e-06,-1.03050972674591e-07,-4.53918801091415e-07,0.000615142133019333,-0.00177770045063941,2.64775456777991e-06,-4.25458546254156e-06,5.76429037057683e-06,-2.07923765002217e-06,0.00022024045910461,-0.000172618044382836,0.000103959937908222,-0.00013551323589659,0.00119057992946044,-2.4567643900914e-06,-3.06576798420431e-06,0.000201506976827536,-0.0001595471266145,0.000131699783845913,-0.130040759713996,-1.97706419865956e-05,1.95914305939767e-05,-2.60863214502932e-05,3.72036333749134e-06,-7.81847693573485e-07,-3.34514490545217e-07,1.25885563838061e-06,-4.53775366972774e-06,-3.24735669872081e-06,1.38433666031239e-06,1.24021417382721e-06,-1.29802881102582e-05,2.24158986960337e-06,-0.00575398621970856,6.29917917784641e-05,7.98319473178146e-07,9.16247964212997e-05,-0.00284573381265309,7.28130790081613e-06,2.39785847436579e-05,7.26472828973643e-06,-1.21454555001575e-06,-2.10709281472382e-05,-3.9517860484305e-08,1.6005402968114e-06,-1.65258694247827e-05,1.01980360024723e-08,7.06447620517621e-06,-6.2441007493925e-06,-1.22083110346998e-06,-1.41706220207599e-06,-1.6646957326777e-07,8.65875152035161e-07,-9.6213596888186e-06,-0.000192009654796986,-3.94504603503426e-06,2.61257736693269e-08,-5.47819427853921e-06,4.61234066225523e-06,-9.16816850775564e-05,1.37739700351902e-07,-3.72878442562684e-05,4.88339865028553e-08,-8.79421018672117e-05,1.31275562679705e-08,4.44286256251307e-07,8.36132426705356e-07,-2.56391047552475e-07,1.95919387833812e-07,-1.88951115920571e-07,2.03557825869752e-07,-0.000164417688682223,-0.000120104796319494,-5.74254408892446e-07,-8.72646006221821e-08,1.37604423289545e-07,-8.86940355075134e-07,1.86270212358636e-05,1.86974778690352e-05,-9.5923480013343e-08,2.68067717224195e-06,-2.84158847394076e-07,8.283910924636e-06,-1.22128991307331e-05,-0.000426880293177451,-3.26009586687086e-06,1.5859734790393e-05,-1.36464730481399e-06,-0.000170537151129232,4.06443895911567e-08,-2.74243497916355e-05,0.000107828396792721,5.40416643517698e-06,-0.00102293437639447,0.000300472263063083,0.0079033467051934,-2.09202181070062e-05,-3.66637849389968e-05,-4.08091213143269e-06,-2.36505999423392e-08,7.98935000010493e-05,1.17810500915695e-05,-0.351005026823169,0.00400240299195359,-8.78517746888453e-06,-1.02937559414044e-05,-0.00042910402985553,-5.34977350812458e-06,0.00117244487302777,-1.94703961191331e-06,-3.43023875156801e-05,0.000202518683745937,-1.15068702422994e-05,-6.17410796402542e-05,-8.48857346828855e-06,-7.74325810330278e-06,1.11692218709721e-06,-0.00128164538163163,-9.29650118397052e-06,6.34324619138712e-06,-4.14297864236794e-06,0.00101511942018188,1.36527873946783e-05,0.0008603106253799,3.33740276300027e-06,-7.02385832093177e-06,-1.2520148119507e-06,1.65550081198303e-07,0.00163222938259392,1.03924548864201e-06,2.14353738056331e-06,9.44838636073738e-08,-4.026607164916e-06,-0.000202997380282712,-2.37201670633099e-05,0.000100988375273889,3.3686952272899e-05,-7.87173003654245e-06,-3.5898687222116e-08,-1.27906081436478e-06,-1.45205677128437e-06,-0.022314735289387,-0.000913041235648477,-0.00420287496340358,-5.41408341506056e-07,0.00170135356635887,-1.45056309673427e-05,-4.10607187947236e-06,-4.30728374851267e-10,-3.21062010288468e-08,1.90463633555218e-06,7.52434371534803e-07,-1.35170983689717e-09,7.77315011859849e-07,7.41991572101483e-07,3.16638973772448e-06,3.06150456893411e-06,-1.19357593331605e-05,-1.78507949659503e-07,-2.03798390689078e-05,-9.51843770785156e-07,1.33972165301283e-05,7.20598449982162e-07,-4.0105041683852e-05,-8.73381290371112e-09,-0.000170966288413192,-1.07730512399166e-06,-2.35728222531576e-06,-6.51388832111804e-05,1.04100984186247e-08,-1.77183166617107e-07,5.29399384819622e-08,3.40973335596897e-08,-0.00252305078725765,-3.11540313435778e-06,-1.47864607053909e-06,1.86091223471808e-06,4.1360573228222e-07,1.77466156962997e-06,-5.57629502310551e-06,-3.24044264325341e-07,-3.08508480609647e-05,-2.28157992415815e-07,-0.00232880288726419,-3.57080944794732e-06,2.90163632358162e-07,7.05583985923717e-08,2.32556635095678e-06,8.71761875348991e-07,-9.51930100223325e-07,-1.00547341111345e-08,-4.50528526637332e-06,-8.69150602467931e-18,-4.31114532827758e-08,6.17073674710583e-07,-1.26853685552929e-07,-3.27796522429355e-07,-4.42823003444471e-06,6.12520684276266e-08,-8.74024992056194e-07,3.89622943358446e-07,-1.47516526225667e-05,4.85629001837778e-08,-9.85804775508665e-08,4.02158767016252e-05,-2.63907519615052e-08,2.91231660796868e-06,-4.35654222800622e-05,1.19470712353535e-08,-8.56020178309706e-10,4.5529787455084e-08,-7.23898379181862e-08,1.22429411978131e-06,0.0259816592218513,0.000130536380015364,-3.80870312184077e-07,8.77023835577513e-06,-4.35971125929999e-06,1.69419333540725e-07,-1.37461590591173e-06,1.59799094619376e-05,6.0996816753615e-10,5.49872414349057e-06,2.77285167354823e-08,3.07277528250647e-07,8.79891381653131e-10,-5.69055042379073e-07,3.04029375360832e-08,-5.67478905153621e-08,9.13241881637077e-08,-1.7863361392909e-07,1.4190024967963e-07,-1.05123603892715e-08,2.05235533496556e-06,-8.94293715136694e-09,1.47177146636802e-06,-6.95502352948759e-18,-3.6258132620955e-06,-6.82454037557977e-06,-3.83814286357343e-12,-3.34404655780303e-08,4.8861701552115e-08,-3.01627758134196e-08,-8.54564358359598e-09,9.56734917533186e-10,-4.25776330683976e-08,1.60827992219529e-06,5.86151163575667e-07,-4.36276850183791e-09,2.31038140410474e-06,-7.70790431045715e-06,2.0414763771723e-07,-6.08619177724946e-05,4.38733487561141e-08,7.65185667080362e-08,1.18028396661439e-09,2.85491813513158e-06,-3.13598813414509e-07,1.35418515261777e-09,-4.08956985058711e-07,4.57318846831634e-08,-1.63656968788126e-07,1.04760769582999e-07,9.22421395985396e-07,4.585042380749e-08,-1.43622574715916e-08,-8.93965563513971e-08,8.60594647982672e-09,-3.79282831195527e-08,1.03612672174104e-07,4.0390220456854e-07,-2.83694988368623e-05,3.64875496654037e-17,1.96619003709596e-09,9.20210198591321e-09,-6.85987825095934e-10,3.63023118341035e-07,3.85909680812516e-10,8.73082984607139e-08,2.85586618035191e-06,-1.64036839202487e-08,2.73624465570431e-08,9.97427348237126e-17,6.56507773226181e-06,2.31703799869657e-11,2.30530079971492e-08,-1.01591414257465e-09,-3.21484820508749e-08,2.57678226868937e-08,5.3148822575336e-07,-1.60985611595637e-07,2.01683158789038e-08,-1.50962264311703e-06,5.32904713667574e-09,5.34996723124235e-07,7.34584183708163e-10,1.1264571438828e-10,1.61546192137412e-06,-9.13927106974985e-09,3.16867650358136e-06,-2.79244694649583e-16,5.90870107185792e-08,-4.81202181960252e-09,-1.38729821227879e-10,-1.36556620917105e-09,2.10944868834262e-06,2.00425048550293e-05,-5.28493283446498e-08,1.97334501169543e-07,1.20063607626664e-07,-1.19428665119824e-16,2.40543217076481e-06,9.02257443308167e-09,0.000429802177662934,-7.99112742388686e-17,-3.77365102491652e-07,-5.23503936079773e-08,8.30839948799228e-09,6.01537824878598e-06,1.222690750316e-06,1.16368162907491e-06,2.23686281852777e-07,-1.25036797799955e-06,-5.2963721039255e-08,-3.02491303621258e-09,-7.34450249087131e-07,-2.2308825010377e-08,4.34193091944268e-18,9.56918374721376e-09,-3.58425339206073e-07,-1.58634881185857e-07,1.03504016700363e-06,1.30693217479767e-17,2.2747751318641e-08,-4.50693388909546e-09,5.27438555662331e-07,7.6421880520846e-09,2.8165413518951e-06,-2.82816014649782e-08,3.92635402030894e-07,-2.34730673251746e-06,5.17650617805305e-17,-9.2313563083894e-06,4.40746388807948e-08,-1.29864474980737e-07,-1.42373767940284e-05,1.87427337280899e-08,4.37581017206983e-07,2.87033742414561e-17,-4.43503850317622e-17,4.03205426562315e-07,2.67865032499631e-08,-3.54457774884561e-09,4.00962649152528e-06,-1.40204147675713e-15,2.4356672678467e-05,4.22671352300412e-07,1.4815628425133e-16,5.16191370919156e-17,-4.12554016394724e-17,-5.36747902297033e-06,-1.47329904407459e-07,1.65493211591973e-07,-5.13282476285657e-06,-7.3055174175603e-07,-1.38241370775244e-07,6.01310336513133e-08,2.15940459039166e-17,1.37472039376802e-08,-3.91829869907885e-08,7.95997886335166e-17,1.70886797071046e-17,2.6008565491729e-08,1.52170271062478e-09,1.58609403315937e-08,-4.0501970622389e-06,-1.61264174664012e-08,6.48566199044363e-07,-2.48493666935072e-16,2.294002284482e-07,1.76438655408806e-16,1.28611786706773e-05,-5.8446346052302e-16,1.85164236629628e-08,-3.93450338841931e-17,-7.70745676108001e-08,-2.03465035925907e-08,-1.5889531491581e-06,-1.29270763705996e-06,-5.72541057355063e-08,6.65727934875184e-09,-4.26504425536699e-08,-1.63719505723687e-08,-7.84727130929283e-06,-2.63304452482785e-07,-1.55554046913734e-08,4.45677746226994e-08,8.24686129040845e-06,1.17797996645235e-05,2.19113208109955e-08,-3.27680099091313e-17,-2.08686205251708e-07,3.65518650233253e-08,-1.97576040326407e-08,-1.27465052645458e-18,-3.7214630011807e-07,-1.08056537834326e-06,-3.48758026934502e-07,-3.14297960120707e-17,8.48679004053495e-08,4.86066895666695e-06,-1.01175791645642e-16,6.10295859024846e-08,-1.42994228560334e-07,-1.61435925572177e-17,-2.44095632151091e-16,5.36161002399395e-09,3.03433632677033e-06,1.74231308828109e-08,2.43955155497848e-05,-6.95799392201164e-07,-1.84060457821195e-08,-3.26094726210732e-05,-1.68767602309921e-07,4.32457483745865e-06,-9.07873596694556e-17,-8.05986104956869e-10,-5.89209347699924e-08,-1.63556067742993e-07,-2.60971659598138e-05,1.24443778583062e-16,-2.93804361724843e-17,-2.20056799443922e-06,1.57037400499058e-17,1.0041925753175e-15,-2.39830641915604e-07,3.56190458092287e-07,6.6699730125182e-08,6.49792953663416e-07,-1.74916585373327e-06,-4.57217906094275e-07,-5.86754192317106e-07,2.71721060601676e-17,-0.000463770170928781,-1.48346583757345e-07,-1.18331087936068e-05,6.68813774223676e-08,-2.72085064142758e-07,-7.01180089390683e-17,8.26814129742085e-18,7.35736036911373e-17,2.61004342028812e-06,1.21129529472738e-08,7.86300677741218e-07,3.60978805971244e-16,9.46048408549596e-09,7.85553830167405e-16,-1.12184809078915e-16,-1.67855868580655e-06,4.2072434358121e-07,1.76293337026872e-16,3.54643752183389e-06,4.84364115605468e-08,-5.22169034951733e-16,-1.12538194488505e-07,-1.37364840575976e-16,-7.35679134551837e-06,1.55571001249498e-16,-7.36731052280686e-06,-3.58653293785002e-07,-1.30551308987487e-08,-2.19896312883415e-05,-0.000152198597612347,4.35612256300982e-08,-1.41088531374118e-06,-9.31591105047224e-18,-8.97506617023905e-07,5.10905495980933e-08,-6.57536518171349e-17,6.80920744391516e-09,1.41828012956008e-07,-3.36392906622144e-08,-9.29741783774768e-17,-1.1672556219557e-07,-1.57094871592861e-07,-3.78992635804289e-16,4.46612067651139e-06,3.43259649766379e-06,4.9261046966027e-09,6.5522568721875e-16,5.96197888343188e-16,-1.02149454199213e-07,-6.05150385197255e-05,-4.95965507038101e-07,1.00288116582592e-07,-0.00764595589121693,-8.18998336140245e-17,7.00307021606115e-16,-6.00569565883822e-05,-1.13701384465171e-07,-1.3458075728436e-14,-0.174583013343883,-1.05689753016332e-15,3.84925317330968e-07,-2.29779749355161e-06,-2.91215527664543e-06,-1.57955450531651e-05,3.48043129647513e-16,-8.19480347602186e-16,-7.70844528956206e-16,-2.43696553209215e-17,-2.5200931304834e-09,-7.51885426608461e-09,1.12348351345547e-15,-2.9215696949416e-16,-1.10625924037414e-15,5.37941788981545e-09,3.15793735261858e-11,3.54237046022755e-10,1.20877920825454e-16,-5.00379119368774e-16,-5.58328713522527e-16,2.09433778790223e-07,-6.55795726705697e-09,3.40321017627896e-16,-1.41994685576536e-09,3.96738854922378e-08,4.1560411662922e-17,2.59338671230171e-16,5.49198667525352e-06,3.21168456938832e-10,2.91623336902416e-06,6.48529212382006e-16,-2.02938965076552e-08,-3.41433401749892e-07,-3.86040989378125e-07,1.53449556082001e-06,9.24895407091436e-08,-1.54822501753602e-09,-1.68174058395249e-16,3.97218282124497e-16,4.4516072906008e-16,-3.3675084322018e-08,3.05454604391579e-08,1.21111566238965e-06,9.85943026421475e-09,1.54146834652616e-16,-2.14191458330259e-16,-1.32428190638053e-16,-1.75866837935364e-16,-4.85319223689832e-16,-5.02700806190759e-08,-5.9268761956637e-17,-4.76984329658065e-17,1.46108183149362e-05,-2.51067492739177e-16,1.31096737645519e-06,3.46944695195361e-18,9.60645020013376e-07,1.56746808769201e-17,1.21140543852204e-06,2.58965739233862e-06,1.36909769190553e-07,-1.42815475771836e-16,-8.59498205641025e-06,3.16307676962767e-17,-7.98203478273752e-07,1.33007038353094e-07,-7.37541596426462e-10,-1.07350002974887e-16,-4.13701723061169e-06,7.24708376522428e-17,3.06506623961642e-07,1.5668555802589e-07,5.57017594370431e-17,2.47808784944283e-18,-2.70931437691244e-17,8.0447442315122e-17,2.43297424920034e-08,1.23519209461976e-06,2.76638972823272e-06,-7.0282585817097e-17,4.76027704499014e-17,1.73651734153998e-08,-1.41866020802561e-07,-3.33094992015206e-16,1.91607845929502e-16,2.94959255918056e-07,-3.76212496146486e-18,5.76609186227095e-06,-4.38061910955662e-16,-5.41982787255996e-07,6.76244755562069e-17,6.92014261968923e-16,-8.24061640735162e-17,2.16085298304968e-16,-5.35084642906317e-17,-1.62752492033119e-16,-1.09772514487421e-08,7.68235501651329e-08,-5.69565028025815e-18,5.19486265632894e-08,-2.19939847299452e-06,2.24248938619175e-16,-2.10104715812841e-16,-4.26103434058955e-16,2.02522022634838e-16,-2.0890639201911e-06,-1.70727129344567e-05,-3.07829635394441e-16,4.22274256202503e-17,4.13821329426882e-07,1.33818982061179e-07,2.03374972810921e-09,-3.13865683863618e-18,7.81750735646114e-17,-7.99211058323367e-17,-1.96938163737522e-16,1.70330227997108e-16,6.00121593908659e-17,-0.000102356802924009,3.01405870241703e-06,2.70431903495058e-06,9.82520031038589e-17,-8.00792175006358e-17,3.59934603199003e-16,1.26152846603804e-16,-1.87135240017275e-17,-2.96379882623224e-17,2.35121308071573e-17,1.65062834907561e-17,-2.29201242382083e-18,-7.61468064171776e-17,-5.53174260939713e-17,-1.64360127758198e-16,-1.44004365168086e-16,-4.39903556675586e-17,-9.4225499367822e-09,1.35331020053844e-18,8.45638812327303e-16,1.04069664659892e-17,-1.35197403901044e-07,1.67717715410146e-07,2.78809286594695e-18,3.50702383181529e-09,-1.26284508915045e-07,-1.76340212163443e-19,-3.00437577093983e-15,2.48691045269858e-07,-1.72053418782103e-16,-3.25927861981679e-09,5.10621298002809e-17,4.61562473885296e-17,8.46365838442066e-17,-3.40071387026973e-16,-3.40950421104661e-07,4.57903064884705e-07,-2.6278892689863e-17,4.05547695586032e-18,-5.77365316957307e-17,3.75771649851239e-16,2.81665665636725e-16,2.87840635817607e-17,-5.92438244267504e-17,8.0051950981237e-17,-6.42859122045288e-09,6.40002470722285e-18,4.90786074438391e-17,3.06399730533035e-17,2.04131296929708e-16,-2.47167832773782e-17,2.93122864972953e-16,1.44767914618865e-06,-2.98309489295432e-17,-1.31039796232258e-16,-9.85767953938979e-08,-1.40883208361745e-16,-2.65181971361014e-16,2.05324247039536e-17,1.56545214624495e-16,-8.89856015591105e-08,-2.43404858786066e-17,6.81505234001785e-06,1.61491906680481e-18,-9.87281939185131e-17,-6.22833291668178e-17,-1.47391638921978e-15,5.00197945290741e-17,-1.61051011633582e-16,-1.11300186059763e-07,-9.96097054437363e-17,9.10270226860216e-17,-1.43920809441961e-08,1.42436136446364e-05,-8.97315169151819e-19,-2.50352772629827e-06,-5.72904166936515e-05,4.01966866821727e-17,4.24232319775889e-16,-1.57362768687994e-16,6.05863953090066e-17,1.06502362219956e-16,0.000106331316444597,-2.04264685191674e-17,-1.84282226727335e-15,-7.61587412986525e-18,-4.43011283163183e-06,3.30168902129861e-16,-2.57381850828441e-16,7.68330546156974e-17,-8.80941211583664e-17,6.1836651957387e-05,3.71539716965534e-16,-3.69051938587591e-09,-5.00111715333521e-17,-6.3420378213926e-17,1.32981775578226e-16,-4.23176864753661e-17,6.08685248274509e-17,2.30230550895338e-16,5.92881741263944e-18,6.82685677670542e-08,4.64332286578086e-17,1.43505644457698e-16,-2.91757262971341e-08,-2.56901009036103e-16,5.98976837036365e-18,-2.21549610074527e-16,7.98731369044243e-17,-2.00822035328459e-17,9.36850019582354e-17,2.23024012362378e-07,2.23054641861533e-17,-3.36436681953576e-17,-6.80591499616635e-08,-1.47188321277838e-16,4.08145108698206e-16,-2.29024591375737e-16,-1.03492898331985e-16,5.46111879213079e-17,5.32886968983027e-17,2.42543751093638e-17,6.06696498013655e-17,-1.4207083585463e-16,1.55209134803222e-16,-2.56771751459709e-17,3.92717434729129e-08,-1.31794712712694e-07,-1.95479782366188e-16,-1.58813673627746e-16,8.18859268306019e-17,-1.57492819311128e-16,-1.20898078321391e-15,-8.45495491619646e-17,-1.20250663476449e-16,3.41528014329776e-17,1.33995439577117e-07,-2.14875551896873e-16,-2.97253736241996e-17,3.70309885599821e-17,-4.5314159339042e-17,-1.65275142258143e-08,-2.99706075660001e-16,2.80775054246836e-09,-3.44068976960908e-17,-2.9205287829112e-16,2.67592904211626e-17,5.21119304990415e-18,-2.32484039592952e-16,-2.36858667280334e-16,-1.63950596813378e-16,-2.20014808569405e-16,2.20698442858342e-17,-6.4174946231986e-17,6.55961545754994e-19,3.75864053177447e-17,2.53859141825428e-17,4.11847849102391e-18,-1.86826744164729e-18,1.96253060007939e-16,1.32148530550914e-17,1.58324077616592e-16,-7.96045389337684e-18,-3.25120092023382e-16,-1.76690955404104e-15,-3.29804317563924e-18,-2.26006939114735e-15,1.26315282940195e-16,-3.0076013582669e-15,-3.04237405433742e-06,1.8900285242205e-16,-7.72687403740127e-16,1.46990511017685e-17,-1.51145477943096e-16,-1.97282478777645e-16,3.62055799314621e-18,2.69460459255224e-17,9.38406778258984e-17,-2.79595252853956e-17,4.60704544034979e-17,-9.62314034839931e-16,9.06047079806025e-17,3.63585631480132e-17,1.83574949349563e-16,-2.86198516473022e-16,4.71015970088282e-18,2.70793384934134e-17,3.04412371263339e-06,4.03977264675203e-18,4.66425807367723e-17,1.18617818322958e-16,-4.56329896833045e-17,1.90871810395758e-16,4.9904904085831e-17,5.15402621213557e-17,4.34469153117944e-16,-7.92520615673773e-17,-9.92584010397509e-08,-4.29999426231086e-16,-5.58537376129381e-17,1.08952709704487e-16,4.26600159141775e-17,-1.1640913213396e-16,-1.96860912022896e-16,-9.31444892540866e-17,-3.36961934194959e-16,5.4629499365716e-17,-4.43583485807965e-16,1.73477884532626e-16,-2.59797475601358e-16,4.32089476042578e-17,-1.33458033306711e-05,-2.98279700763686e-17,-4.48947519834965e-16,1.45303778686208e-16,3.96425791563628e-15,3.46727317826065e-07,9.36245290864614e-17,-1.71502871525866e-16,2.50554630684584e-17,4.00373583953212e-16,-6.36665421797919e-18,-3.56297738543682e-16,7.12497746153608e-17,-1.52826860189215e-17,1.49999598469841e-16,-1.82322808165942e-15,1.64128867354397e-16,3.9219781450129e-16,3.40589036492598e-16,-6.45928367353951e-15,3.10749295559816e-16,-1.7857454541218e-14,2.21813258565282e-15
"t977",0.035683459357977,-0.0105541732727078,-0.0115463669989831,0.000682741281117478,0.00634732179881686,-0.0174917044760122,-0.00247331451404815,-5.37163426270574e-06,-0.0523516811399935,-0.0405427929621808,-0.039862693567873,0.000429215954354867,-0.000888526148658329,-0.000190636456915166,-0.0052347009910365,0.000116077677148683,7.21670649646185e-05,-8.28082983973622e-06,-0.00351767482369997,-0.0006218788980788,1.09384410841544e-06,-5.52116640695201e-05,0.103808638105997,0.00440465490847226,-0.000426766539211691,0.00498335318576268,-0.0533810601454293,-0.000427695653702549,-3.49123404189319e-05,0.00216865051501235,0.0127941923044191,-0.00632482305412844,-2.27927708562964e-06,0.00149622120337858,-0.000722706751219449,0.000539917170253784,3.63333256257654e-05,-0.000249356900337426,-0.101469611744613,0.0223638823993906,0.000895087214175953,-0.0937319218638885,-0.000105013481720773,0.00615898134269347,-7.16657471062633e-05,1.28519120014759e-06,-5.28135519399061e-08,-2.27071705156911e-07,0.000285428220317669,-0.000748934208261065,9.47756121299037e-07,-1.38526188181167e-06,1.84856362215565e-06,-5.76318094665164e-07,3.99784529861414e-05,-2.86037134445223e-05,-2.0782585607464e-05,4.5474254644856e-05,-0.000420400607834352,1.96128444532155e-06,3.95127244906722e-06,-0.000324188030750218,0.000306537419391442,-0.000264603600220401,0.366010541551992,7.68169522279481e-05,-0.00018750400367086,0.000477468089626358,-0.000108104055356496,0.00044246117595617,-2.93005648810597e-06,7.68835658230418e-06,-2.67752697259259e-05,-1.80354610688765e-05,7.63697057125131e-06,6.69395685846302e-06,-6.94903054585108e-05,1.15745144213366e-05,-0.0279341819053463,0.000300184733887257,3.71076679459926e-06,0.000424026831776605,-0.0128738264367136,3.28101258163091e-05,0.00010762569007692,3.26814090390618e-05,-5.48387821716902e-06,-9.52074178818348e-05,-1.78593160009851e-07,7.23692989678466e-06,-7.48654346482293e-05,4.74844879628226e-08,3.30048740507184e-05,-2.9955309797692e-05,-6.23217100433769e-06,-7.31642124224508e-06,-8.59964710653686e-07,4.61597347741464e-06,-5.19460870213878e-05,-0.00109340402998772,-2.36286088647733e-05,1.57237229001272e-07,-3.3152743333024e-05,3.98843210333816e-05,-0.00082455801874072,1.2796465369348e-06,-0.000368645784522639,4.91808081232232e-07,-0.000916384954625363,1.44552717682345e-07,4.98598201780852e-06,1.06305751083e-05,-3.31384998793459e-06,4.16854245413103e-06,-4.72788641571489e-06,8.55254290851892e-06,-0.0101535237304606,0.0202353042463994,1.97453632281677e-05,1.82172704129279e-06,-2.32618856564742e-06,8.73596152133602e-06,-0.000140851126978083,-0.000140076602869686,6.94304636762204e-07,-1.544682235646e-05,1.6085918200492e-06,-3.93609937815692e-05,3.73077673575382e-05,0.00129804000243154,9.5877436878039e-06,-3.56849964113433e-05,2.9165660744578e-06,0.000351187032705917,-7.19090988674492e-08,4.75074657846455e-05,-0.000134691965423322,-5.09889301828754e-06,0.000622851289526309,-0.000180441526859559,-0.00435446476792813,1.10124933427782e-05,1.78863881398442e-05,1.93198272347742e-06,1.11921076858275e-08,-2.99123598014189e-05,-2.33784564643318e-06,0.0150632745648874,-2.88844949309185e-05,-5.94728623707877e-07,-7.56045538877537e-07,-4.31698378415027e-05,-6.22066547646745e-07,0.000156927365715551,-5.51153456302652e-07,-1.04670213941412e-05,6.49080735591502e-05,-7.14624276573373e-06,-4.21891042572521e-05,-5.87914011580163e-06,-5.74976884175609e-06,8.40536992014777e-07,-0.00104246402083963,-7.62853720960198e-06,5.56343389638116e-06,-3.85122513685483e-06,0.00108906842536285,1.4713741542906e-05,0.000928237821402918,3.66333965170666e-06,-7.86231623160596e-06,-1.40536798759668e-06,1.92847076116793e-07,0.00192288681165423,1.25374170615278e-06,2.6008080165287e-06,1.14974732197388e-07,-5.16187380914682e-06,-0.00027377324059806,-3.22625334965299e-05,0.000138462780373318,4.72786894089008e-05,-1.11461995970147e-05,-5.12720508725703e-08,-1.8416329212752e-06,-2.14745578257993e-06,-0.0332187614039762,-0.00143706709726534,-0.00662709133169261,-8.694766270885e-07,0.00287231792796177,-2.55215942486796e-05,-7.32822054428824e-06,-7.85299823008444e-10,-5.94785746448299e-08,3.70228861444023e-06,1.47814187304078e-06,-2.7160438674684e-09,1.57983354079825e-06,1.65266314829936e-06,7.08441362249248e-06,7.1397013007e-06,-2.90499839970657e-05,-4.86449770637219e-07,-5.55681225528093e-05,-2.62499656188198e-06,3.83004158749412e-05,2.11466124541391e-06,-0.000126847640573249,-3.07361092592218e-08,-0.000665772086322866,-4.34403299770883e-06,-1.1454551579004e-05,-0.000361406846424133,5.79823803401236e-08,-1.11924609718758e-06,5.39710449992686e-07,3.99909446906529e-07,-0.326626470765158,5.40353235344356e-05,1.77659104294935e-05,-8.82831922583613e-06,-1.66789602116713e-06,-6.06292220307103e-06,1.20377655944139e-05,6.40510560451276e-07,5.96827256871745e-05,2.73786576129715e-07,0.0020507671355156,2.12832292167156e-06,-1.40862788369378e-07,-2.68708409485757e-08,-6.76194316935079e-07,-2.32343698911095e-07,6.19982720704388e-08,-4.3181629443808e-10,-6.66088381667468e-07,-3.64470816403082e-17,-1.20666812008325e-08,1.87608478173555e-07,-5.75209060322987e-08,-1.8051213551968e-07,-2.74922965438841e-06,3.82695070784413e-08,-6.4067590136095e-07,2.91699910531399e-07,-1.11469888234183e-05,3.82132653934302e-08,-7.94592451233669e-08,3.36543429539967e-05,-2.23986650446083e-08,2.48510923932288e-06,-3.81133577513508e-05,1.05910387621404e-08,-7.26126026797296e-10,3.59911074547052e-08,-3.87759175221351e-08,6.21418434159048e-07,0.00291052048342922,-3.36180524377292e-05,4.4422301917993e-07,-1.43108414096988e-05,9.94841649785751e-06,-6.18145959321632e-07,1.13305258980282e-05,-0.000147680232894394,8.86491755088159e-09,7.71897995697341e-05,3.75172561386726e-07,3.10787237707296e-06,8.23503211249735e-09,-4.43156169359603e-06,2.30560856812593e-07,-2.99194328322727e-07,4.75244844658395e-07,-9.21652644271652e-07,7.21431142725852e-07,-5.30405541074294e-08,1.02857333858443e-05,-4.48294936816111e-08,7.38343326754036e-06,-1.46383422911124e-16,-1.83008504924746e-05,-3.44859870383534e-05,-1.94784840992494e-11,-1.71921459430204e-07,2.54708285121071e-07,-1.58393260531818e-07,-4.50466450635334e-08,5.34311666697095e-09,-2.38790346925786e-07,9.03016626814251e-06,3.35751837128535e-06,-2.65965231387082e-08,1.4248587221986e-05,-4.79264873630831e-05,1.30505078799963e-06,-0.000437060494146667,3.3247491686338e-07,5.81739120474516e-07,8.98186729736136e-09,2.51769310144915e-05,-3.37373151305962e-06,1.49815441955759e-08,-4.719015090838e-06,5.56527826127853e-07,-2.02535174833683e-06,1.50645155606206e-06,1.34255326573747e-05,6.82496341534039e-07,-2.17146849163482e-07,-1.42471694798354e-06,1.45778564565114e-07,-6.81673283044406e-07,1.91271522993741e-06,7.81311256471009e-06,-0.000610135303809691,2.6189318132514e-16,1.1265013001072e-07,6.20289058163603e-07,-6.2235132738691e-08,3.32692730618179e-05,3.57497991863721e-08,8.83504274423061e-06,0.000349014905954821,-2.64608214324898e-06,1.18916655577289e-05,-4.09190478493637e-16,-0.00110288327051383,-3.35430437162313e-09,-2.59063509876756e-06,1.11259928456217e-07,2.34681181647075e-06,-1.60987240385857e-06,-2.7981514575171e-05,7.71881620610053e-06,-8.29642332316616e-07,5.64435260819289e-05,-1.90990247028253e-07,-1.88318897351883e-05,-2.56223078580124e-08,-3.88068217897898e-09,-5.5593889781998e-05,3.12812176423266e-07,-0.000108184034871153,-4.05017825764373e-16,-2.08260054665595e-06,1.72876409370599e-07,4.98505390268179e-09,5.3369204664243e-08,-8.38677462931956e-05,-0.00114017026272479,3.62234541498735e-06,-1.41434995326464e-05,-1.05400829450167e-05,1.00991768105561e-14,-0.000294283726079232,-1.30904688205841e-06,-0.255147254993213,2.54682287182095e-14,-7.96008159576255e-05,-8.20219319488493e-06,1.14548254342729e-06,0.000661365540658384,9.92611197114817e-05,7.83543118698217e-05,1.32331035855171e-05,-5.35375997572427e-05,-2.19237278911778e-06,-1.04374394450796e-07,-1.92352078711549e-05,-5.76784801473586e-07,7.31407907788221e-16,1.60227354805643e-07,-5.61675286266555e-06,-2.16361546185352e-06,1.16137235579516e-05,-4.23105212242942e-16,1.75449886940428e-07,-2.39519259073261e-08,2.39670348353e-06,3.23364512557011e-08,1.09540637376791e-05,-9.4326473114271e-08,1.02585828243935e-06,-3.35999469460878e-06,3.71283324519761e-17,-7.41326499652182e-06,3.34960440303022e-08,-8.76383050494187e-08,-8.0658216863046e-06,1.04705567638375e-08,2.31983343931028e-07,-3.93357697593038e-17,2.09678183981591e-16,1.53354300486794e-07,7.16236442674883e-09,-9.01456248555957e-10,6.65915138156932e-07,-3.7671148223759e-16,9.13897876581474e-08,-2.41163722437395e-08,6.61807896087217e-17,6.09432757752909e-17,1.12484466418972e-16,1.14307738093856e-06,3.38426885972376e-08,-4.68368802555496e-08,1.65954104943762e-06,2.39456817335225e-07,5.05975665396925e-08,-2.22582695791713e-08,3.4522839439084e-16,-5.9882096480079e-09,1.78540441821831e-08,1.42560134718903e-16,1.87731046607883e-16,-1.35876086154945e-08,-8.15884203395007e-10,-8.77713156755499e-09,2.2852319878561e-06,9.41176821154419e-09,-3.80449248259555e-07,-1.0154570974196e-16,-1.35484706776819e-07,2.1337169177161e-16,-7.73896447394031e-06,-1.59580920893494e-16,-1.12870920692416e-08,1.3022418589254e-16,4.7720703799287e-08,1.26359102823392e-08,1.02424520974529e-06,8.39397017235856e-07,3.72885272971471e-08,-4.39109060360964e-09,2.84310825740498e-08,1.11706909935274e-08,5.35531418671873e-06,1.80925448130398e-07,1.08203946213659e-08,-3.14988618539147e-08,-5.90527320207978e-06,-8.52118038200486e-06,-1.59289980939184e-08,1.23348004662656e-17,1.54054914312292e-07,-2.73855367228692e-08,1.54577960461504e-08,-1.24419329030553e-17,2.95031813061007e-07,8.74682925965004e-07,2.84937632704243e-07,1.7844530375351e-16,-6.96762558035048e-08,-4.07154247321877e-06,3.18735709757995e-16,-5.16547750889233e-08,1.2996930628782e-07,2.06117852802311e-16,-1.32723674927872e-16,-5.03778919992681e-09,-2.86010838024478e-06,-1.66752354824777e-08,-2.37940250637821e-05,7.11495788596334e-07,1.89045236242674e-08,3.37057048485858e-05,1.88495599497471e-07,-5.21896984220588e-06,-1.53753353080768e-15,1.00585006593868e-09,7.39768841941869e-08,2.09888567190688e-07,3.4434089102153e-05,1.20532980210183e-15,3.57896579839338e-16,3.02515678467554e-06,5.66261603238045e-16,4.83599400542698e-17,4.81428624236888e-07,-7.9039026629172e-07,-1.48345416492624e-07,-1.93622664777735e-06,5.48325073696295e-06,1.44958467341626e-06,2.01007251012041e-06,2.26919377854294e-15,0.334082803662139,-2.06389301485197e-06,-0.000121885275861434,2.89766982634713e-07,-5.27675659165518e-07,-1.31203644060366e-15,-6.77381312582412e-16,-2.83113293877205e-15,2.48962604394602e-06,9.04429285952008e-09,5.76768951096803e-07,-1.40428079117273e-15,5.58469526128301e-09,6.49226087576088e-16,1.48891074055595e-16,-4.13171067494678e-07,1.0243544659055e-07,9.55410626644412e-16,6.95207200218687e-07,8.33560559391185e-09,-1.28100836045789e-15,-1.46246299986859e-08,1.30324675810689e-16,-6.5410559498875e-07,8.31938941132571e-16,-6.31052807826824e-07,-2.98316577673557e-08,-1.04990980286851e-09,-1.68573664829643e-06,-1.04286546879251e-05,1.8082485734884e-09,-1.64509569111113e-08,-9.52931433285727e-17,1.39939117912455e-08,-9.17573887032319e-10,7.37423317560127e-16,-1.42763863686162e-10,-3.69168792983965e-09,1.01438012163384e-09,2.12002190513002e-16,4.82158450591892e-09,6.75619030958704e-09,-1.03496863775723e-16,-2.01043687981811e-07,-1.57558637597924e-07,-2.39329644506938e-10,3.59400690656307e-16,-9.77099504481784e-16,5.21542261905809e-09,3.04609948582553e-06,2.48204278133329e-08,-2.84594011478708e-09,1.90072490631065e-05,-4.36650784451282e-16,6.35403271193671e-16,9.04862358618492e-07,1.61329291378538e-09,6.58852724785573e-16,0.000175917880387239,-2.16966107138803e-16,5.93490206674672e-09,-1.0777406236623e-07,-1.44674033331835e-07,-9.71205557332993e-07,-2.36213750805179e-17,3.70214696266159e-16,-7.50174101811058e-16,-9.05059878425373e-17,-8.149493443326e-10,-2.84317411492987e-09,-3.19242295844176e-16,1.54333329808882e-16,-5.46810919371618e-16,4.08261382269048e-09,3.69929922616201e-11,-2.08084288605151e-09,-3.65386753534295e-16,-4.64259355963158e-16,1.01724982849889e-15,-9.50956145588304e-08,2.91566911024318e-09,2.72016280761309e-16,5.22659289262459e-10,-1.37861262547393e-08,1.07241983726214e-15,2.10983254337316e-16,-1.7110831860435e-06,-9.93167162172661e-11,-8.5745133192574e-07,1.72194689584184e-16,5.56203530460651e-09,9.05410598255147e-08,9.82780666565361e-08,-3.72306361463431e-07,-2.21792545341152e-08,3.63638647176779e-10,6.41028477280574e-16,-4.77313329146565e-16,1.72285934499237e-17,7.17443376499515e-09,-6.49925928836969e-09,-2.5498204563359e-07,-1.97562705796867e-09,-6.39403731074977e-16,-1.09781622890595e-15,1.14708229120651e-15,6.77075011158982e-16,1.3468840569989e-15,9.61418466069149e-09,-5.75999517363229e-16,-2.38084334454261e-16,-2.74643186026165e-06,8.01584396527001e-16,-2.46201570793918e-07,-9.70360944374526e-17,-1.80134678800037e-07,-3.49809871467944e-16,-2.20660220155655e-07,-4.68527157640501e-07,-2.45168237783376e-08,5.37412967245568e-16,1.51995077117055e-06,1.91116907268894e-16,1.37374619356745e-07,-2.21044192996378e-08,1.22385538064875e-10,-1.54391027460355e-15,6.76875732573771e-07,3.02938129667752e-16,-4.90411103015353e-08,-2.50422131526402e-08,-7.81131020377449e-16,-2.09772994047223e-15,-1.43593852801601e-15,1.6304228681004e-15,-3.81721340228894e-09,-1.92847079785871e-07,-4.2945055742951e-07,2.42002138416486e-15,-2.56770971001963e-15,-2.6226740296942e-09,2.13998079738746e-08,-1.89719866335035e-15,3.27507882447828e-15,-4.29728218140691e-08,-2.07252829028105e-15,-8.33781961438119e-07,-8.63705238590866e-17,7.66703042475631e-08,-2.61154751287272e-15,-3.23794474216737e-15,-2.92312427620279e-15,-2.17747796347897e-15,4.98228536625279e-15,-1.82982029846924e-15,1.4837206967017e-09,-1.03773696002179e-08,-1.57766088714717e-14,-6.90403544286177e-09,2.90303084247116e-07,1.34817115178972e-13,0.559778892431459,-1.36971717061506e-14,-7.81666581645587e-15,2.67588934849078e-07,2.17136423037974e-06,-5.93234699476253e-15,1.46415857483499e-15,-5.22135214741102e-08,-1.68669279015247e-08,-2.55437092679601e-10,4.84102766982208e-15,4.27186907673854e-15,1.60894061824833e-15,-4.17606855697656e-15,8.36418314192237e-16,6.43663881664711e-15,1.21227832665859e-05,-3.54962647443421e-07,-3.16693159003017e-07,2.10641126698151e-15,8.82367051014745e-16,2.88743314328151e-16,-5.07238062562227e-16,6.75717967475239e-16,2.26994577142743e-15,-2.07550327512478e-15,-1.36899567272847e-15,-1.86820395127137e-15,-4.67543790684443e-16,-1.06872119671617e-15,1.05831080146821e-16,9.13526433874275e-16,1.06720845091284e-15,9.9869244023525e-10,2.18735845783882e-16,-1.9258962392842e-15,1.99222011755224e-15,1.41308714590452e-08,-1.74730650957315e-08,3.03112094644432e-16,-3.64627697150698e-10,1.29021950008658e-08,5.35961634081918e-16,1.00507480475232e-15,-2.4850119843585e-08,8.46606047358229e-16,3.16732292483709e-10,2.35233946191491e-17,-3.42915538098948e-17,-6.4481463780404e-16,1.82197457444927e-16,3.16607937375334e-08,-4.23870220774077e-08,8.25392786182371e-16,-1.15062236727338e-16,6.41682289774668e-16,4.31449529494704e-18,3.37009600749736e-16,-1.65758399550219e-15,-8.95272119630324e-16,-1.45136840244002e-16,4.98103400751283e-10,4.30214653931807e-16,-8.88431011104376e-16,-2.53048590469486e-17,-6.25415437758737e-17,4.82504349907453e-16,-3.03219368044197e-16,-1.07472316555377e-07,-3.90653431932719e-16,-7.07726931777297e-16,7.25921238844443e-09,1.03278225169813e-15,-6.74367987585611e-16,1.8457221340101e-16,-8.38102221609809e-16,5.92893762373323e-09,-5.39878618895463e-16,-4.45515289841098e-07,5.66050570062758e-16,5.58732003476697e-16,9.92830082475801e-17,-2.11489274574236e-15,-4.70939349350211e-16,-1.1234389743768e-15,6.99078393628801e-09,-9.91996192845513e-17,-6.44893662346431e-16,8.75677757427403e-10,-8.65229901305325e-07,3.70497608678408e-17,1.4783836751433e-07,3.35268802449021e-06,2.82841132884429e-16,-1.32379411417663e-15,2.15464199170689e-16,-4.58095924008059e-16,9.29406892680028e-17,-5.38738456536424e-06,5.04572618222358e-16,-6.88002823028898e-16,-6.68870779128773e-16,2.15496422102161e-07,-8.92027425785837e-16,-2.2316816734529e-16,1.30056161895103e-15,2.72511521410313e-16,-2.84257448663012e-06,-7.69682193726097e-16,1.66602353748871e-10,-2.25868763910501e-16,-1.83053905758763e-16,8.02231767813003e-16,3.01070186466656e-17,-8.51735078063465e-17,5.52997537644272e-16,2.71341509237091e-16,-2.78354710247399e-09,-2.62117928479037e-16,7.02624118093323e-16,1.15797514438405e-09,-2.06699158679739e-17,-3.42147549214732e-16,9.81232945441524e-17,-9.8329551343486e-16,4.88517035580105e-16,6.00747346111849e-17,-8.09257361314677e-09,2.58553117570745e-16,-5.63449488400688e-16,2.36581552173068e-09,6.54528630918258e-16,-1.9779968476337e-17,-6.106063866245e-16,-1.76546310011059e-16,-3.50741029832718e-16,2.83916683743129e-16,-3.3223129920387e-16,2.12024273080341e-16,5.44781135846485e-16,6.17509075349717e-17,5.52043069214478e-17,-1.14419667896213e-09,3.75085556673342e-09,3.42008813694001e-16,-6.6241895854825e-18,-2.83056524428019e-16,-7.19299518923796e-17,-1.66646048989357e-15,-1.45232275795706e-15,-4.08540021140344e-16,-6.04556173391392e-17,-3.34111822370532e-09,-5.96178007969482e-17,-3.18014731288095e-16,-3.1804522292902e-16,-6.26146760883094e-16,3.62626168340642e-10,6.77309066795749e-16,-5.21275896128202e-11,7.49362852793679e-16,-4.09516551434763e-17,1.01123833052736e-15,-1.44733967404841e-16,-1.19362926550135e-15,-5.34586602304099e-16,2.22133796808709e-16,9.72250052121345e-16,6.85821174854624e-17,-2.79625936709702e-17,-1.01042202233385e-16,-1.91939194597437e-16,9.38976320108924e-16,1.89408629768797e-16,-2.88531321846815e-16,6.14808746563396e-16,2.27670042772724e-16,5.88634023811655e-16,3.61665745267832e-17,5.56517109535265e-17,-2.51373715033723e-15,-3.64746296536957e-17,-1.36963482413118e-15,1.77489625481511e-16,-3.38295609607591e-16,1.87665964173574e-08,5.53174797806607e-16,1.61689192364456e-15,-1.72976344955472e-16,-4.09905372185692e-17,1.44822287220047e-15,1.87718086881185e-16,7.13071883643555e-16,1.02514295205783e-16,-1.34102917971726e-16,1.68368459459863e-16,-2.1105664858666e-15,-8.59621356856768e-17,-1.86119722646012e-16,-1.87371760362323e-17,-3.73352484889701e-16,5.91100994936067e-16,2.66254337743716e-16,6.60350762408597e-09,-2.94620744830501e-17,5.36810382917469e-16,-3.94588584254283e-17,8.97926452544909e-16,-4.08630861908796e-16,-5.98339574843253e-16,-1.8590001365297e-16,-4.20296772589993e-16,4.36964647924789e-17,-1.06480284723563e-09,-4.07980254246284e-16,1.41145797127678e-16,5.9196477754678e-16,-2.90406891473369e-16,-9.92336067285e-16,-6.39348713884219e-17,1.86362830812676e-16,1.24458693117403e-16,2.97924466871462e-16,1.31721392773309e-15,-1.64071761068737e-15,-1.97239010248945e-16,-1.02650103315074e-18,-2.57266643033565e-07,6.18955337159051e-17,1.67096154571298e-16,-6.26819876159972e-16,5.38718717474464e-15,8.05892851655336e-09,1.47726217493488e-16,4.69477452847562e-16,-7.01468412714079e-16,-2.29635334312001e-16,1.97571774426544e-16,1.67549713269415e-15,-1.0760820586401e-15,9.83484355274724e-16,9.07206395733717e-16,-1.39366718092066e-15,7.66186333735598e-16,4.28410167062306e-16,-4.6362718867478e-17,1.42915449303052e-15,8.62853152243411e-15,-6.64936831458874e-15,-4.71956869586469e-15
"t978",0.035683459357977,-0.0105541732727078,-0.0115463669989831,0.000682741281117478,0.00634732179881686,-0.0174917044760122,-0.00247331451404815,-5.37163426270574e-06,-0.0523516811399935,-0.0405427929621808,-0.039862693567873,0.000429215954354867,-0.000888526148658329,-0.000190636456915166,-0.0052347009910365,0.000116077677148683,7.21670649646185e-05,-8.28082983973622e-06,-0.00351767482369997,-0.0006218788980788,1.09384410841544e-06,-5.52116640695201e-05,0.103808638105997,0.00440465490847226,-0.000426766539211691,0.00498335318576268,-0.0533810601454293,-0.000427695653702549,-3.49123404189319e-05,0.00216865051501235,0.0127941923044191,-0.00632482305412844,-2.27927708562964e-06,0.00149622120337858,-0.000722706751219449,0.000539917170253784,3.63333256257654e-05,-0.000249356900337426,-0.101469611744613,0.0223638823993906,0.000895087214175953,-0.0937319218638885,-0.000105013481720773,0.00615898134269347,-7.16657471062633e-05,1.28519120014759e-06,-5.28135519399061e-08,-2.27071705156911e-07,0.000285428220317669,-0.000748934208261065,9.47756121299037e-07,-1.38526188181167e-06,1.84856362215565e-06,-5.76318094665164e-07,3.99784529861414e-05,-2.86037134445223e-05,-2.0782585607464e-05,4.5474254644856e-05,-0.000420400607834352,1.96128444532155e-06,3.95127244906722e-06,-0.000324188030750218,0.000306537419391442,-0.000264603600220401,0.366010541551992,7.68169522279481e-05,-0.00018750400367086,0.000477468089626358,-0.000108104055356496,0.00044246117595617,-2.93005648810597e-06,7.68835658230418e-06,-2.67752697259259e-05,-1.80354610688765e-05,7.63697057125131e-06,6.69395685846302e-06,-6.94903054585108e-05,1.15745144213366e-05,-0.0279341819053463,0.000300184733887257,3.71076679459926e-06,0.000424026831776605,-0.0128738264367136,3.28101258163091e-05,0.00010762569007692,3.26814090390618e-05,-5.48387821716902e-06,-9.52074178818348e-05,-1.78593160009851e-07,7.23692989678466e-06,-7.48654346482293e-05,4.74844879628226e-08,3.30048740507184e-05,-2.9955309797692e-05,-6.23217100433769e-06,-7.31642124224508e-06,-8.59964710653686e-07,4.61597347741464e-06,-5.19460870213878e-05,-0.00109340402998772,-2.36286088647733e-05,1.57237229001272e-07,-3.3152743333024e-05,3.98843210333816e-05,-0.00082455801874072,1.2796465369348e-06,-0.000368645784522639,4.91808081232232e-07,-0.000916384954625363,1.44552717682345e-07,4.98598201780852e-06,1.06305751083e-05,-3.31384998793459e-06,4.16854245413103e-06,-4.72788641571489e-06,8.55254290851892e-06,-0.0101535237304606,0.0202353042463994,1.97453632281677e-05,1.82172704129279e-06,-2.32618856564742e-06,8.73596152133602e-06,-0.000140851126978083,-0.000140076602869686,6.94304636762204e-07,-1.544682235646e-05,1.6085918200492e-06,-3.93609937815692e-05,3.73077673575382e-05,0.00129804000243154,9.5877436878039e-06,-3.56849964113433e-05,2.9165660744578e-06,0.000351187032705917,-7.19090988674492e-08,4.75074657846455e-05,-0.000134691965423322,-5.09889301828754e-06,0.000622851289526309,-0.000180441526859559,-0.00435446476792813,1.10124933427782e-05,1.78863881398442e-05,1.93198272347742e-06,1.11921076858275e-08,-2.99123598014189e-05,-2.33784564643318e-06,0.0150632745648874,-2.88844949309185e-05,-5.94728623707877e-07,-7.56045538877537e-07,-4.31698378415027e-05,-6.22066547646745e-07,0.000156927365715551,-5.51153456302652e-07,-1.04670213941412e-05,6.49080735591502e-05,-7.14624276573373e-06,-4.21891042572521e-05,-5.87914011580163e-06,-5.74976884175609e-06,8.40536992014777e-07,-0.00104246402083963,-7.62853720960198e-06,5.56343389638116e-06,-3.85122513685483e-06,0.00108906842536285,1.4713741542906e-05,0.000928237821402918,3.66333965170666e-06,-7.86231623160596e-06,-1.40536798759668e-06,1.92847076116793e-07,0.00192288681165423,1.25374170615278e-06,2.6008080165287e-06,1.14974732197388e-07,-5.16187380914682e-06,-0.00027377324059806,-3.22625334965299e-05,0.000138462780373318,4.72786894089008e-05,-1.11461995970147e-05,-5.12720508725703e-08,-1.8416329212752e-06,-2.14745578257993e-06,-0.0332187614039762,-0.00143706709726534,-0.00662709133169261,-8.694766270885e-07,0.00287231792796177,-2.55215942486796e-05,-7.32822054428824e-06,-7.85299823008444e-10,-5.94785746448299e-08,3.70228861444023e-06,1.47814187304078e-06,-2.7160438674684e-09,1.57983354079825e-06,1.65266314829936e-06,7.08441362249248e-06,7.1397013007e-06,-2.90499839970657e-05,-4.86449770637219e-07,-5.55681225528093e-05,-2.62499656188198e-06,3.83004158749412e-05,2.11466124541391e-06,-0.000126847640573249,-3.07361092592218e-08,-0.000665772086322866,-4.34403299770883e-06,-1.1454551579004e-05,-0.000361406846424133,5.79823803401236e-08,-1.11924609718758e-06,5.39710449992686e-07,3.99909446906529e-07,-0.326626470765158,5.40353235344356e-05,1.77659104294935e-05,-8.82831922583613e-06,-1.66789602116713e-06,-6.06292220307103e-06,1.20377655944139e-05,6.40510560451276e-07,5.96827256871745e-05,2.73786576129715e-07,0.0020507671355156,2.12832292167156e-06,-1.40862788369378e-07,-2.68708409485757e-08,-6.76194316935079e-07,-2.32343698911095e-07,6.19982720704388e-08,-4.3181629443808e-10,-6.66088381667468e-07,-3.64470816403082e-17,-1.20666812008325e-08,1.87608478173555e-07,-5.75209060322987e-08,-1.8051213551968e-07,-2.74922965438841e-06,3.82695070784413e-08,-6.4067590136095e-07,2.91699910531399e-07,-1.11469888234183e-05,3.82132653934302e-08,-7.94592451233669e-08,3.36543429539967e-05,-2.23986650446083e-08,2.48510923932288e-06,-3.81133577513508e-05,1.05910387621404e-08,-7.26126026797296e-10,3.59911074547052e-08,-3.87759175221351e-08,6.21418434159048e-07,0.00291052048342922,-3.36180524377292e-05,4.4422301917993e-07,-1.43108414096988e-05,9.94841649785751e-06,-6.18145959321632e-07,1.13305258980282e-05,-0.000147680232894394,8.86491755088159e-09,7.71897995697341e-05,3.75172561386726e-07,3.10787237707296e-06,8.23503211249735e-09,-4.43156169359603e-06,2.30560856812593e-07,-2.99194328322727e-07,4.75244844658395e-07,-9.21652644271652e-07,7.21431142725852e-07,-5.30405541074294e-08,1.02857333858443e-05,-4.48294936816111e-08,7.38343326754036e-06,-1.46383422911124e-16,-1.83008504924746e-05,-3.44859870383534e-05,-1.94784840992494e-11,-1.71921459430204e-07,2.54708285121071e-07,-1.58393260531818e-07,-4.50466450635334e-08,5.34311666697095e-09,-2.38790346925786e-07,9.03016626814251e-06,3.35751837128535e-06,-2.65965231387082e-08,1.4248587221986e-05,-4.79264873630831e-05,1.30505078799963e-06,-0.000437060494146667,3.3247491686338e-07,5.81739120474516e-07,8.98186729736136e-09,2.51769310144915e-05,-3.37373151305962e-06,1.49815441955759e-08,-4.719015090838e-06,5.56527826127853e-07,-2.02535174833683e-06,1.50645155606206e-06,1.34255326573747e-05,6.82496341534039e-07,-2.17146849163482e-07,-1.42471694798354e-06,1.45778564565114e-07,-6.81673283044406e-07,1.91271522993741e-06,7.81311256471009e-06,-0.000610135303809691,2.6189318132514e-16,1.1265013001072e-07,6.20289058163603e-07,-6.2235132738691e-08,3.32692730618179e-05,3.57497991863721e-08,8.83504274423061e-06,0.000349014905954821,-2.64608214324898e-06,1.18916655577289e-05,-4.09190478493637e-16,-0.00110288327051383,-3.35430437162313e-09,-2.59063509876756e-06,1.11259928456217e-07,2.34681181647075e-06,-1.60987240385857e-06,-2.7981514575171e-05,7.71881620610053e-06,-8.29642332316616e-07,5.64435260819289e-05,-1.90990247028253e-07,-1.88318897351883e-05,-2.56223078580124e-08,-3.88068217897898e-09,-5.5593889781998e-05,3.12812176423266e-07,-0.000108184034871153,-4.05017825764373e-16,-2.08260054665595e-06,1.72876409370599e-07,4.98505390268179e-09,5.3369204664243e-08,-8.38677462931956e-05,-0.00114017026272479,3.62234541498735e-06,-1.41434995326464e-05,-1.05400829450167e-05,1.00991768105561e-14,-0.000294283726079232,-1.30904688205841e-06,-0.255147254993213,2.54682287182095e-14,-7.96008159576255e-05,-8.20219319488493e-06,1.14548254342729e-06,0.000661365540658384,9.92611197114817e-05,7.83543118698217e-05,1.32331035855171e-05,-5.35375997572427e-05,-2.19237278911778e-06,-1.04374394450796e-07,-1.92352078711549e-05,-5.76784801473586e-07,7.31407907788221e-16,1.60227354805643e-07,-5.61675286266555e-06,-2.16361546185352e-06,1.16137235579516e-05,-4.23105212242942e-16,1.75449886940428e-07,-2.39519259073261e-08,2.39670348353e-06,3.23364512557011e-08,1.09540637376791e-05,-9.4326473114271e-08,1.02585828243935e-06,-3.35999469460878e-06,3.71283324519761e-17,-7.41326499652182e-06,3.34960440303022e-08,-8.76383050494187e-08,-8.0658216863046e-06,1.04705567638375e-08,2.31983343931028e-07,-3.93357697593038e-17,2.09678183981591e-16,1.53354300486794e-07,7.16236442674883e-09,-9.01456248555957e-10,6.65915138156932e-07,-3.7671148223759e-16,9.13897876581474e-08,-2.41163722437395e-08,6.61807896087217e-17,6.09432757752909e-17,1.12484466418972e-16,1.14307738093856e-06,3.38426885972376e-08,-4.68368802555496e-08,1.65954104943762e-06,2.39456817335225e-07,5.05975665396925e-08,-2.22582695791713e-08,3.4522839439084e-16,-5.9882096480079e-09,1.78540441821831e-08,1.42560134718903e-16,1.87731046607883e-16,-1.35876086154945e-08,-8.15884203395007e-10,-8.77713156755499e-09,2.2852319878561e-06,9.41176821154419e-09,-3.80449248259555e-07,-1.0154570974196e-16,-1.35484706776819e-07,2.1337169177161e-16,-7.73896447394031e-06,-1.59580920893494e-16,-1.12870920692416e-08,1.3022418589254e-16,4.7720703799287e-08,1.26359102823392e-08,1.02424520974529e-06,8.39397017235856e-07,3.72885272971471e-08,-4.39109060360964e-09,2.84310825740498e-08,1.11706909935274e-08,5.35531418671873e-06,1.80925448130398e-07,1.08203946213659e-08,-3.14988618539147e-08,-5.90527320207978e-06,-8.52118038200486e-06,-1.59289980939184e-08,1.23348004662656e-17,1.54054914312292e-07,-2.73855367228692e-08,1.54577960461504e-08,-1.24419329030553e-17,2.95031813061007e-07,8.74682925965004e-07,2.84937632704243e-07,1.7844530375351e-16,-6.96762558035048e-08,-4.07154247321877e-06,3.18735709757995e-16,-5.16547750889233e-08,1.2996930628782e-07,2.06117852802311e-16,-1.32723674927872e-16,-5.03778919992681e-09,-2.86010838024478e-06,-1.66752354824777e-08,-2.37940250637821e-05,7.11495788596334e-07,1.89045236242674e-08,3.37057048485858e-05,1.88495599497471e-07,-5.21896984220588e-06,-1.53753353080768e-15,1.00585006593868e-09,7.39768841941869e-08,2.09888567190688e-07,3.4434089102153e-05,1.20532980210183e-15,3.57896579839338e-16,3.02515678467554e-06,5.66261603238045e-16,4.83599400542698e-17,4.81428624236888e-07,-7.9039026629172e-07,-1.48345416492624e-07,-1.93622664777735e-06,5.48325073696295e-06,1.44958467341626e-06,2.01007251012041e-06,2.26919377854294e-15,0.334082803662139,-2.06389301485197e-06,-0.000121885275861434,2.89766982634713e-07,-5.27675659165518e-07,-1.31203644060366e-15,-6.77381312582412e-16,-2.83113293877205e-15,2.48962604394602e-06,9.04429285952008e-09,5.76768951096803e-07,-1.40428079117273e-15,5.58469526128301e-09,6.49226087576088e-16,1.48891074055595e-16,-4.13171067494678e-07,1.0243544659055e-07,9.55410626644412e-16,6.95207200218687e-07,8.33560559391185e-09,-1.28100836045789e-15,-1.46246299986859e-08,1.30324675810689e-16,-6.5410559498875e-07,8.31938941132571e-16,-6.31052807826824e-07,-2.98316577673557e-08,-1.04990980286851e-09,-1.68573664829643e-06,-1.04286546879251e-05,1.8082485734884e-09,-1.64509569111113e-08,-9.52931433285727e-17,1.39939117912455e-08,-9.17573887032319e-10,7.37423317560127e-16,-1.42763863686162e-10,-3.69168792983965e-09,1.01438012163384e-09,2.12002190513002e-16,4.82158450591892e-09,6.75619030958704e-09,-1.03496863775723e-16,-2.01043687981811e-07,-1.57558637597924e-07,-2.39329644506938e-10,3.59400690656307e-16,-9.77099504481784e-16,5.21542261905809e-09,3.04609948582553e-06,2.48204278133329e-08,-2.84594011478708e-09,1.90072490631065e-05,-4.36650784451282e-16,6.35403271193671e-16,9.04862358618492e-07,1.61329291378538e-09,6.58852724785573e-16,0.000175917880387239,-2.16966107138803e-16,5.93490206674672e-09,-1.0777406236623e-07,-1.44674033331835e-07,-9.71205557332993e-07,-2.36213750805179e-17,3.70214696266159e-16,-7.50174101811058e-16,-9.05059878425373e-17,-8.149493443326e-10,-2.84317411492987e-09,-3.19242295844176e-16,1.54333329808882e-16,-5.46810919371618e-16,4.08261382269048e-09,3.69929922616201e-11,-2.08084288605151e-09,-3.65386753534295e-16,-4.64259355963158e-16,1.01724982849889e-15,-9.50956145588304e-08,2.91566911024318e-09,2.72016280761309e-16,5.22659289262459e-10,-1.37861262547393e-08,1.07241983726214e-15,2.10983254337316e-16,-1.7110831860435e-06,-9.93167162172661e-11,-8.5745133192574e-07,1.72194689584184e-16,5.56203530460651e-09,9.05410598255147e-08,9.82780666565361e-08,-3.72306361463431e-07,-2.21792545341152e-08,3.63638647176779e-10,6.41028477280574e-16,-4.77313329146565e-16,1.72285934499237e-17,7.17443376499515e-09,-6.49925928836969e-09,-2.5498204563359e-07,-1.97562705796867e-09,-6.39403731074977e-16,-1.09781622890595e-15,1.14708229120651e-15,6.77075011158982e-16,1.3468840569989e-15,9.61418466069149e-09,-5.75999517363229e-16,-2.38084334454261e-16,-2.74643186026165e-06,8.01584396527001e-16,-2.46201570793918e-07,-9.70360944374526e-17,-1.80134678800037e-07,-3.49809871467944e-16,-2.20660220155655e-07,-4.68527157640501e-07,-2.45168237783376e-08,5.37412967245568e-16,1.51995077117055e-06,1.91116907268894e-16,1.37374619356745e-07,-2.21044192996378e-08,1.22385538064875e-10,-1.54391027460355e-15,6.76875732573771e-07,3.02938129667752e-16,-4.90411103015353e-08,-2.50422131526402e-08,-7.81131020377449e-16,-2.09772994047223e-15,-1.43593852801601e-15,1.6304228681004e-15,-3.81721340228894e-09,-1.92847079785871e-07,-4.2945055742951e-07,2.42002138416486e-15,-2.56770971001963e-15,-2.6226740296942e-09,2.13998079738746e-08,-1.89719866335035e-15,3.27507882447828e-15,-4.29728218140691e-08,-2.07252829028105e-15,-8.33781961438119e-07,-8.63705238590866e-17,7.66703042475631e-08,-2.61154751287272e-15,-3.23794474216737e-15,-2.92312427620279e-15,-2.17747796347897e-15,4.98228536625279e-15,-1.82982029846924e-15,1.4837206967017e-09,-1.03773696002179e-08,-1.57766088714717e-14,-6.90403544286177e-09,2.90303084247116e-07,1.34817115178972e-13,0.559778892431459,-1.36971717061506e-14,-7.81666581645587e-15,2.67588934849078e-07,2.17136423037974e-06,-5.93234699476253e-15,1.46415857483499e-15,-5.22135214741102e-08,-1.68669279015247e-08,-2.55437092679601e-10,4.84102766982208e-15,4.27186907673854e-15,1.60894061824833e-15,-4.17606855697656e-15,8.36418314192237e-16,6.43663881664711e-15,1.21227832665859e-05,-3.54962647443421e-07,-3.16693159003017e-07,2.10641126698151e-15,8.82367051014745e-16,2.88743314328151e-16,-5.07238062562227e-16,6.75717967475239e-16,2.26994577142743e-15,-2.07550327512478e-15,-1.36899567272847e-15,-1.86820395127137e-15,-4.67543790684443e-16,-1.06872119671617e-15,1.05831080146821e-16,9.13526433874275e-16,1.06720845091284e-15,9.9869244023525e-10,2.18735845783882e-16,-1.9258962392842e-15,1.99222011755224e-15,1.41308714590452e-08,-1.74730650957315e-08,3.03112094644432e-16,-3.64627697150698e-10,1.29021950008658e-08,5.35961634081918e-16,1.00507480475232e-15,-2.4850119843585e-08,8.46606047358229e-16,3.16732292483709e-10,2.35233946191491e-17,-3.42915538098948e-17,-6.4481463780404e-16,1.82197457444927e-16,3.16607937375334e-08,-4.23870220774077e-08,8.25392786182371e-16,-1.15062236727338e-16,6.41682289774668e-16,4.31449529494704e-18,3.37009600749736e-16,-1.65758399550219e-15,-8.95272119630324e-16,-1.45136840244002e-16,4.98103400751283e-10,4.30214653931807e-16,-8.88431011104376e-16,-2.53048590469486e-17,-6.25415437758737e-17,4.82504349907453e-16,-3.03219368044197e-16,-1.07472316555377e-07,-3.90653431932719e-16,-7.07726931777297e-16,7.25921238844443e-09,1.03278225169813e-15,-6.74367987585611e-16,1.8457221340101e-16,-8.38102221609809e-16,5.92893762373323e-09,-5.39878618895463e-16,-4.45515289841098e-07,5.66050570062758e-16,5.58732003476697e-16,9.92830082475801e-17,-2.11489274574236e-15,-4.70939349350211e-16,-1.1234389743768e-15,6.99078393628801e-09,-9.91996192845513e-17,-6.44893662346431e-16,8.75677757427403e-10,-8.65229901305325e-07,3.70497608678408e-17,1.4783836751433e-07,3.35268802449021e-06,2.82841132884429e-16,-1.32379411417663e-15,2.15464199170689e-16,-4.58095924008059e-16,9.29406892680028e-17,-5.38738456536424e-06,5.04572618222358e-16,-6.88002823028898e-16,-6.68870779128773e-16,2.15496422102161e-07,-8.92027425785837e-16,-2.2316816734529e-16,1.30056161895103e-15,2.72511521410313e-16,-2.84257448663012e-06,-7.69682193726097e-16,1.66602353748871e-10,-2.25868763910501e-16,-1.83053905758763e-16,8.02231767813003e-16,3.01070186466656e-17,-8.51735078063465e-17,5.52997537644272e-16,2.71341509237091e-16,-2.78354710247399e-09,-2.62117928479037e-16,7.02624118093323e-16,1.15797514438405e-09,-2.06699158679739e-17,-3.42147549214732e-16,9.81232945441524e-17,-9.8329551343486e-16,4.88517035580105e-16,6.00747346111849e-17,-8.09257361314677e-09,2.58553117570745e-16,-5.63449488400688e-16,2.36581552173068e-09,6.54528630918258e-16,-1.9779968476337e-17,-6.106063866245e-16,-1.76546310011059e-16,-3.50741029832718e-16,2.83916683743129e-16,-3.3223129920387e-16,2.12024273080341e-16,5.44781135846485e-16,6.17509075349717e-17,5.52043069214478e-17,-1.14419667896213e-09,3.75085556673342e-09,3.42008813694001e-16,-6.6241895854825e-18,-2.83056524428019e-16,-7.19299518923796e-17,-1.66646048989357e-15,-1.45232275795706e-15,-4.08540021140344e-16,-6.04556173391392e-17,-3.34111822370532e-09,-5.96178007969482e-17,-3.18014731288095e-16,-3.1804522292902e-16,-6.26146760883094e-16,3.62626168340642e-10,6.77309066795749e-16,-5.21275896128202e-11,7.49362852793679e-16,-4.09516551434763e-17,1.01123833052736e-15,-1.44733967404841e-16,-1.19362926550135e-15,-5.34586602304099e-16,2.22133796808709e-16,9.72250052121345e-16,6.85821174854624e-17,-2.79625936709702e-17,-1.01042202233385e-16,-1.91939194597437e-16,9.38976320108924e-16,1.89408629768797e-16,-2.88531321846815e-16,6.14808746563396e-16,2.27670042772724e-16,5.88634023811655e-16,3.61665745267832e-17,5.56517109535265e-17,-2.51373715033723e-15,-3.64746296536957e-17,-1.36963482413118e-15,1.77489625481511e-16,-3.38295609607591e-16,1.87665964173574e-08,5.53174797806607e-16,1.61689192364456e-15,-1.72976344955472e-16,-4.09905372185692e-17,1.44822287220047e-15,1.87718086881185e-16,7.13071883643555e-16,1.02514295205783e-16,-1.34102917971726e-16,1.68368459459863e-16,-2.1105664858666e-15,-8.59621356856768e-17,-1.86119722646012e-16,-1.87371760362323e-17,-3.73352484889701e-16,5.91100994936067e-16,2.66254337743716e-16,6.60350762408597e-09,-2.94620744830501e-17,5.36810382917469e-16,-3.94588584254283e-17,8.97926452544909e-16,-4.08630861908796e-16,-5.98339574843253e-16,-1.8590001365297e-16,-4.20296772589993e-16,4.36964647924789e-17,-1.06480284723563e-09,-4.07980254246284e-16,1.41145797127678e-16,5.9196477754678e-16,-2.90406891473369e-16,-9.92336067285e-16,-6.39348713884219e-17,1.86362830812676e-16,1.24458693117403e-16,2.97924466871462e-16,1.31721392773309e-15,-1.64071761068737e-15,-1.97239010248945e-16,-1.02650103315074e-18,-2.57266643033565e-07,6.18955337159051e-17,1.67096154571298e-16,-6.26819876159972e-16,5.38718717474464e-15,8.05892851655336e-09,1.47726217493488e-16,4.69477452847562e-16,-7.01468412714079e-16,-2.29635334312001e-16,1.97571774426544e-16,1.67549713269415e-15,-1.0760820586401e-15,9.83484355274724e-16,9.07206395733717e-16,-1.39366718092066e-15,7.66186333735598e-16,4.28410167062306e-16,-4.6362718867478e-17,1.42915449303052e-15,8.62853152243411e-15,-6.64936831458874e-15,-4.71956869586469e-15
"t779",0.0357114983521201,-0.010490937914824,-0.0114678355830743,0.00066916818093572,0.00609080144104374,-0.0162340060232716,-0.00228214125177453,-4.8160596890721e-06,-0.0415996090141398,-0.0187052572806356,0.140988304063634,0.00244839038803712,-0.00478613543026092,-0.00100975808828483,-0.0274989124539517,0.000655561479709242,0.000432762775056147,-5.27356810695487e-05,-0.0247395669801092,-0.00985801537122493,-1.81154058243288e-05,5.42590086150187e-05,-0.0322390503968815,-0.00106766142535791,8.30229802711947e-05,0.00286816071417104,-0.0516212601324811,-0.000628295421547918,0.0012020959993732,0.000160987521860011,0.000163744805639779,-0.00309411705634436,-1.85289647447118e-06,0.00187824375777995,-0.0025318620066504,-0.000457168113754944,-2.08882182572802e-05,7.68216981374901e-05,0.0183370377537789,0.102880541334932,-0.000165092581971773,0.00351830463655171,-2.47218225044359e-06,0.000172350451289472,-5.97531622279423e-06,1.56739611738902e-07,2.17806644845043e-08,-6.88418553557385e-07,0.00019459965363006,-0.000499104694211487,7.28682057045081e-07,-1.17230539623573e-06,9.10864214941785e-06,-5.74472804267249e-07,6.08887529738531e-05,-4.76858879925096e-05,2.67838528617682e-05,-3.3448738259929e-05,0.000292108840507773,-5.01514872377272e-07,-4.75872479775999e-07,2.47513979396186e-05,-1.45496119090784e-05,1.08409805863547e-05,-0.00019687066148853,2.05759908453986e-06,-1.26011242030085e-05,3.77487471083924e-05,-9.02948885040039e-06,3.98865338786616e-05,-2.96060048197801e-07,6.72197246767507e-07,-2.24089081475044e-06,-1.34137491190798e-06,5.57787730826108e-07,4.55876879786319e-07,-4.58545326865513e-06,6.25995436110101e-07,-0.000229055135046207,-1.26179333974911e-05,6.60159815821575e-07,4.79923154057198e-05,-4.89048615751711e-05,-3.8249680577647e-07,-1.14260994052353e-05,-4.25478432240005e-06,8.5971543152826e-07,1.53560382382812e-05,2.90178726456368e-08,-1.19763059716057e-06,1.32130811128926e-05,-1.42255390131697e-08,-1.03276621114324e-05,1.24057914553464e-05,4.06450359518148e-06,5.10546910452019e-06,6.01992059703178e-07,-3.84163138278311e-06,4.61401692548109e-05,0.00125108206645556,3.36864704980456e-05,-2.28786487756242e-07,4.93687012883781e-05,-0.000297177870164649,0.000746272250509753,-1.66923617282634e-05,0.0102477567182628,-1.9986554647546e-05,0.201116568778833,5.63620768506885e-06,0.000140561516500493,0.000112775627384449,-3.26813157606655e-05,1.44596770983439e-05,-1.35141272990367e-05,1.28069526904922e-05,-0.00214804279424663,0.00184964792953947,-0.000136795255269527,4.42750122486952e-05,-2.4030945561818e-05,4.19944218219863e-05,-0.000560727623518295,-0.000554559733742905,2.69426885074273e-06,-5.35769517893584e-05,5.53858249196388e-06,-0.000127447407375738,0.000117222268503943,0.00408419742427836,3.05373589152154e-05,-0.000185452835661995,2.57938946258273e-05,0.0251522651622837,-2.38628385687906e-08,2.62989508129035e-05,-0.000207871113127443,-8.87086528587522e-06,0.000999355878397557,-0.000277705429052563,-0.00173102334641346,-2.61574094902494e-05,0.000325064433531268,2.25404755823839e-05,1.30181401895925e-07,-0.451742102470835,1.04304754827804e-06,6.90290053502614e-05,5.44054302973408e-06,-6.63631530646098e-07,-8.29308144105964e-07,-4.51579918406089e-05,-6.42520445848121e-07,0.000160887988014956,-5.75443709984363e-07,-1.09832461946277e-05,6.83416271653387e-05,-7.87924038562476e-06,-4.67927228345695e-05,-6.52573927259046e-06,-6.40109676338773e-06,9.35765189659889e-07,-0.000124606972634696,-9.49121309253324e-06,6.48138697008908e-06,-4.56679284625351e-06,0.00498888753348999,6.54017673623641e-06,0.00154726036954387,2.40680435389613e-07,-4.96375788920989e-06,-9.30341564525272e-07,1.58555132227625e-07,0.000101549845617786,1.15866113649954e-06,2.40477241188615e-06,1.06353370144956e-07,-4.73467239708859e-06,-0.000235407087985497,-2.71884280595729e-05,0.000114046818512182,3.53310726888629e-05,-7.88407514693321e-06,-3.38668535672317e-08,-1.11929476448585e-06,-7.22985350488341e-07,-0.00779523680614134,0.00535222731137583,0.0282578003967757,0.000131479975336247,0.000259030694047255,-0.000121722699146542,-3.58534840776685e-05,-4.21449013319196e-09,-3.58024502370306e-07,4.83774815525516e-05,2.86017235692668e-05,4.00574648758415e-07,-4.07989425975175e-05,-1.8086976922544e-05,-0.03736387803554,-4.62867870311618e-06,1.82186872057674e-07,1.40053993292974e-07,1.59318800797402e-05,6.91306241302622e-07,-7.64910128592767e-06,-3.41946373652529e-07,1.02667231320507e-05,3.76209507208902e-10,-1.61886147599474e-05,-1.42706238898921e-07,-6.60826949557023e-07,-2.2717244157531e-05,3.64806918335971e-09,-7.04275617594915e-08,2.59625344043235e-08,1.71146851341347e-08,-9.59075870946746e-06,-2.46355005786817e-06,-1.15348373677175e-06,1.4820974672839e-06,3.31518624453088e-07,1.42969398033028e-06,-4.45258546291061e-06,-2.56260277817225e-07,-2.43239797395541e-05,-1.42799494641885e-07,-5.49662325077404e-05,-1.039796121615e-05,5.68749987860983e-07,1.19193204243664e-07,3.67859900237408e-06,1.36324716688992e-06,-0.0062278877190787,-1.33987813259681e-08,-6.1103368489054e-06,1.36430587285221e-17,-5.90010360392016e-08,8.45944154142516e-07,-1.76117255034719e-07,-4.59767293071616e-07,-6.26138832036962e-06,8.66489517034099e-08,-1.25227265463382e-06,5.58995050030586e-07,-1.8570112693922e-06,7.00633148837915e-08,-1.42595854332566e-07,5.85727240369803e-05,-3.86789757784693e-08,4.28665977493545e-06,-0.000224391009771119,1.56361087861955e-08,-1.05452278719805e-09,5.16734552622132e-08,-5.33720841208651e-08,8.48043021123425e-07,4.27156978433569e-05,-9.5057205601755e-06,2.49922517207992e-06,-0.0215605032989738,-2.46357728472774e-05,1.47974826682966e-07,1.89490116487233e-05,-1.93228722675982e-06,8.6135581922071e-09,7.5595685470683e-05,3.70746641367357e-07,3.45516965823874e-06,9.82842401225765e-09,-0.0118750891523995,-1.55443382210174e-07,-2.83140707354458e-07,4.53473953785118e-07,-8.84362876487625e-07,6.99515197880052e-07,-5.17689227982798e-08,1.01503648144859e-05,-4.43491609997788e-08,7.31726721412018e-06,4.44361594463254e-17,-1.82016215981304e-05,-3.14104553337632e-06,-1.94714417724582e-11,-1.72444161128318e-07,2.56170547775782e-07,-1.59487405158065e-07,-4.5382705885926e-08,5.4149034493839e-09,-2.42076251035492e-07,9.155210084633e-06,3.40868508915296e-06,-2.70824473044137e-08,1.45133263457069e-05,-4.88243399138005e-05,1.32947673866927e-06,-4.24354354327996e-05,3.55727878392582e-07,6.2169432870893e-07,9.59569795293693e-09,2.67684436915524e-05,-3.63525236044772e-06,1.61773507431085e-08,-5.11226743891534e-06,6.05393089703374e-07,-2.20604217033311e-06,1.65898228484677e-06,1.47966947314042e-05,7.53273937408629e-07,-2.3989094785166e-07,-1.57827973807578e-06,1.61800603289076e-07,-7.5604291966376e-07,2.11723095238947e-06,8.57233365492254e-06,-6.75045592530391e-05,2.61876290267915e-17,1.42131131976366e-07,7.88606354064571e-07,-7.95835253988203e-08,4.25352481637186e-05,4.56949569667883e-08,1.12328692243926e-05,4.52694410918466e-05,-3.58252564901711e-06,1.60364405264012e-05,1.68383748917697e-16,-0.000232733939898964,-1.06189998800134e-08,-4.87844306386656e-06,2.07297005777241e-07,4.27957809923938e-06,-3.04089679457629e-06,-5.68162849472098e-05,1.67114649067701e-05,-2.17218353643643e-06,0.000194881022650251,-8.7169422787296e-07,-0.000107866988216737,-1.76760732376054e-07,-4.40324777337745e-08,-0.000681979541188177,8.41173674295923e-06,-0.234869504232674,-6.03188382753613e-15,5.80964691457222e-06,-3.77165152351228e-07,-1.08513257639254e-08,-6.53216851973932e-08,9.5002855727771e-05,0.00157372222984343,-8.08461985601901e-07,3.08380976223411e-06,1.84109201156567e-06,2.88773452820968e-16,3.3535057346083e-05,1.1887636385623e-07,7.7081038981171e-05,-3.01148552842243e-15,-1.21786940222423e-05,-2.02333392627432e-06,3.97646739644176e-07,0.00696238719457717,7.80815659855184e-06,0.0226688377052173,-3.05644268252599e-06,-0.00382699584154995,3.68793341472724e-07,-2.69793127336606e-09,-1.80156441101031e-06,-5.54575762488677e-08,3.25374194192401e-16,2.68187218800297e-08,-9.93028239527544e-07,-4.23253874968665e-07,2.55634784495574e-06,1.83397483045449e-16,4.57424879430051e-08,-6.99419989667868e-09,7.24289757402122e-07,9.90208666201944e-09,3.40069135931067e-06,-2.98685772829341e-08,3.30579707754988e-07,-1.04208183988411e-06,1.89567157903438e-16,-1.87597794727611e-06,8.19181844844138e-09,-1.96364524282933e-08,-1.51543136431011e-06,1.93339328204745e-09,3.77094278230793e-09,1.21657783115268e-16,-1.71093618995318e-16,1.07220731152492e-09,-5.70080663644621e-10,9.57119523589535e-11,-2.6437136080923e-07,2.15262903939472e-16,-4.72114325272268e-07,-6.81997539227487e-09,-2.13532248412704e-17,3.88255514565867e-17,9.10172634037591e-17,1.28704258756724e-06,3.64897967388631e-08,-4.51631490671279e-08,1.49917554336504e-06,2.14929194680077e-07,4.31969563945902e-08,-1.89090841232918e-08,-5.22401220423472e-17,-4.75586891117301e-09,1.39370946600732e-08,-1.42161691913198e-16,-6.11174735293069e-16,-1.01233605369907e-08,-6.03795955156417e-10,-6.46078859843732e-09,1.68221794454569e-06,7.08499309768497e-09,-2.89616096391908e-07,1.38271987913474e-16,-1.05804019355979e-07,-1.92856419706345e-16,-0.000246943800286851,-1.15896615214172e-15,-6.50466171745487e-09,-2.31904215141591e-17,3.04322735062674e-08,8.11947098469976e-09,0.000721194617777094,4.9929663452228e-07,2.27161211714984e-08,-2.752983326466e-09,1.79030546426173e-08,7.01166301485318e-09,3.36122899516616e-06,1.13279552355161e-07,6.73862416182652e-09,-1.94522415903035e-08,-3.61793906887899e-06,-5.07305510135663e-07,-9.66650782439473e-09,8.34584629813147e-17,9.24390026906904e-08,-1.62457636713815e-08,8.84009853246449e-09,-6.41583765306138e-17,1.6672073870586e-07,4.8480620871286e-07,1.56549569516015e-07,-1.09167305486055e-17,-3.81036033474985e-08,-2.18379849074308e-06,-5.98676888739438e-17,-2.74256626280965e-08,6.42751273854773e-08,1.20364220255041e-18,1.71293801098041e-16,-2.40924476291119e-09,-1.36343001622512e-06,-7.82723210522868e-09,-1.09563368828953e-05,3.11831271105936e-07,8.23699701221596e-09,1.4389582620172e-06,7.57899453111271e-08,-1.94576067458491e-06,-7.63347783326265e-16,3.63981150931879e-10,2.66421953385731e-08,7.46534895242207e-08,3.99801433556003e-05,2.98898052225596e-17,1.34334091872827e-16,9.66221891154542e-07,-5.35767787719179e-17,-2.54984830806324e-13,1.06507733855945e-07,-1.58193575784543e-07,-2.96232352404174e-08,-0.000264303367667792,7.66826077544108e-07,2.00790714546558e-07,2.5872499544179e-07,1.02415736830661e-16,2.4268083791155e-06,6.7188326670746e-08,5.25971228779711e-07,-2.99260470342332e-08,1.2148519423813e-07,-1.6720024296274e-16,1.14845214852746e-16,-8.04293950474076e-16,-1.16735286498593e-06,-5.42682815659748e-09,-3.52331549396945e-07,2.06606313202083e-17,-4.2487700507081e-09,4.1105933354148e-16,-3.75916996119125e-17,7.69768087052181e-07,-1.93028074203982e-07,-1.1290441000984e-15,-1.64528235115351e-06,-2.26806377573159e-08,-8.06101809628658e-16,5.4610188542054e-08,1.48105591439451e-16,0.000261139437003477,1.24577952927638e-15,0.00302357839234421,-2.04105132762969e-08,2.73874245948959e-09,6.85892155737045e-07,5.80221323991668e-06,-1.9072184343259e-08,6.45213758979182e-07,-9.45342018078328e-17,4.26942347209971e-07,-2.44087854307323e-08,1.84913890461514e-16,-3.27225734135532e-09,-6.89171896340025e-08,1.65192667668132e-08,-9.4381701251616e-16,5.97319853315919e-08,8.11470577088789e-08,4.0271713055776e-16,-2.33766096353085e-06,-1.80907264744361e-06,-2.6693564704272e-09,-5.88739221229682e-16,-3.04355658253506e-16,6.02615102487545e-08,3.73065004529381e-06,1.33831506772299e-05,-1.13230325482938e-07,2.17901069539113e-05,6.05490130308843e-15,4.08575064566859e-13,0.333550392608924,-1.09105589772342e-06,-3.58060580553558e-14,-0.000100555562055694,3.19447602858684e-15,-1.49753075509584e-07,1.46079272355511e-06,1.89465000781953e-06,1.11958662793253e-05,-1.56978242296235e-16,3.58613733020564e-16,3.84249633867884e-16,5.8332566235721e-16,4.05542567561709e-09,1.33944715606365e-08,-1.38470060761646e-15,-1.44994913165574e-15,1.8123045877396e-15,-1.59407361430318e-08,-1.33724339483692e-10,6.16256292997664e-09,-1.44305103007371e-17,6.68307047149485e-15,3.96580971555437e-16,1.53142652373831e-07,-4.60277295160898e-09,5.07830253276906e-16,-6.59409261284233e-10,1.5894804195872e-08,-9.26638172907834e-17,-2.627046748216e-16,5.42587051004048e-06,9.03441468608014e-11,2.91888417709715e-05,-5.57144326436902e-17,-3.55090742264601e-09,-5.07998362097865e-08,-4.55600009893186e-08,1.29326358822212e-07,7.07694405357528e-09,-9.78288115952372e-11,-1.17255445014347e-16,-1.63975428761164e-16,-1.28905809365294e-16,-3.01542434785638e-10,2.54589816826149e-10,4.08321277917956e-09,-1.71118911328241e-10,-2.42476019944386e-16,3.81577635450525e-16,3.92698726795003e-16,2.23119561539301e-16,-1.85482754553859e-15,1.6666244266367e-09,-6.64244962950413e-17,3.19904267118782e-17,-5.57972928808e-08,-4.88074087644507e-16,-1.7122990459267e-07,2.63461127913978e-17,-3.72554712677656e-08,6.55479808112531e-17,-5.56698752844367e-08,-1.23170108128391e-08,-6.79258564950818e-09,-3.82075725919482e-18,1.52079992577525e-06,1.50424744572485e-17,4.51649240300654e-08,-8.14416914237445e-09,4.52876576846158e-11,1.3532473276699e-16,2.60231838347893e-07,-3.2744096031591e-16,-1.98965321684097e-08,-1.01848666185921e-08,8.31829484169241e-17,7.72880377509426e-17,-2.41910686422424e-16,2.41451464929219e-16,-1.6144285955159e-09,-3.43697728832873e-06,-1.86054544312922e-08,2.18548872933041e-16,-3.67481585694709e-17,-1.18681267908602e-09,9.70281018853e-09,-1.40611887063018e-16,-2.28473437881305e-17,-2.04892643427322e-08,1.00836459747136e-18,-4.01421507633867e-07,1.63664899386655e-16,3.78981754294843e-08,3.5537173213386e-16,-3.0026888587727e-16,-1.57277304656577e-17,3.3333215422046e-16,-3.52674413905006e-18,1.48939707684242e-15,7.68368016466012e-10,-5.3770953706067e-09,5.82722778963866e-17,-3.62918102461799e-09,1.53484034831611e-07,-3.97757449467849e-16,-2.02711481548164e-16,1.62076244514431e-16,3.51705567179278e-16,1.44817585673177e-07,3.94810224655615e-08,-2.47157482685809e-16,-4.86287164340355e-17,-2.85633603852613e-08,-9.23364657917655e-09,-1.40174635331895e-10,-7.20339342881728e-17,1.52659762814365e-16,7.88060922195411e-17,-1.40884911420021e-16,-3.58124428362174e-16,-1.74500770517749e-16,9.96227590901759e-07,-2.05334858640781e-07,-0.000136876119760749,-1.27262048773126e-16,1.7828616020266e-16,-1.04453786215657e-16,8.63626268735864e-17,4.38449413506861e-17,3.42908383258283e-16,-3.17361032222284e-16,-4.82205862066285e-17,-1.41395151153711e-16,1.41672345508649e-17,-3.50979358530768e-16,-1.1224287476734e-16,-1.74687286649426e-16,2.93196519975433e-16,5.95630989413806e-10,-8.91775712020015e-17,-5.51163674970047e-16,5.69192396656181e-17,8.47085684926889e-09,-1.04864374594558e-08,-1.39025551295157e-16,-2.18987189582539e-10,7.7951410587955e-09,-4.63633527600459e-17,2.06195281073742e-16,-1.51211509322757e-08,-4.28905421226796e-16,1.94337315517675e-10,1.78672725501825e-16,5.26614604234427e-17,3.47230350020196e-16,-2.67248154253545e-16,1.96650414959228e-08,-2.63482064370006e-08,3.90691303482537e-16,-3.39099112734393e-17,1.21590507633372e-16,5.57982215174249e-16,1.8517037559183e-15,-1.58349231389238e-16,-1.60925779618273e-17,4.44901197237124e-17,3.20999218078071e-10,1.17530747386987e-16,-1.0227251391118e-17,-3.28773047125641e-16,8.5575346080035e-17,-3.89156873247335e-16,-3.97044981890003e-16,-6.97261171644308e-08,1.20656312611445e-16,-3.44193943342908e-16,4.71531534664179e-09,-2.20815257961689e-16,1.53686058167463e-16,-1.78635514381634e-16,-8.46915983231569e-16,3.90325413039219e-09,1.79489522548668e-16,-2.93969813739264e-07,-3.70266426095722e-16,4.24349289390995e-17,2.93604869737903e-16,-4.54332234425125e-16,-1.81999470382824e-16,4.40918784829794e-16,4.63382727736389e-09,-1.1220909919986e-16,7.79189493808002e-16,5.82407980515379e-10,-5.7555707516407e-07,-7.9718813108848e-17,9.8608906203905e-08,2.26606372593117e-07,-8.80644303228623e-17,1.13298804912911e-16,-2.49347067827561e-16,3.05941346942475e-16,-3.90856799526441e-16,-3.69087611946157e-07,1.23454342763039e-16,-1.40903352871609e-16,-3.95109730576185e-16,4.95103283125123e-07,-4.40568008068533e-16,-2.33327400100183e-16,1.91337637818537e-17,-3.63477192174557e-18,-6.56170331996674e-08,7.13096007280256e-16,1.13683311987389e-10,5.59960970706992e-16,-8.04983514988104e-16,-4.93269601116361e-16,7.81371748877735e-17,-3.65765030045595e-16,9.02327477619102e-16,1.0014598620163e-16,-1.91225044677274e-09,-6.36098989730234e-16,8.17638841853898e-16,7.96857492977263e-10,-1.91448433686144e-16,-7.77671561902159e-16,-6.19021170514077e-16,-6.73538952755752e-16,-5.0287743094064e-16,1.08876575586543e-15,-5.5989616122323e-09,-1.09388067238767e-15,5.17073494231845e-16,1.64085814634976e-09,8.05293392366178e-16,-8.94848398231826e-16,-2.89254772876531e-16,-1.94754995939284e-15,2.49825606602103e-16,-9.78536917761252e-16,-8.41372639403063e-16,7.92289275794585e-16,-1.53922959881589e-15,-6.80060218879611e-16,-1.5826999150524e-15,-8.01206857955325e-10,2.62968251346403e-09,-2.14954157890891e-16,4.2148325195009e-15,-7.5349184706948e-16,2.34335983466376e-15,-9.86149118117856e-16,9.90226738979157e-14,-0.317772473363083,1.06244668305593e-13,-2.3583309522194e-09,1.64648273782625e-15,6.75981820446615e-16,-6.4859629619818e-15,-4.68776302610887e-15,2.57623087999728e-10,1.97813374461174e-16,-3.7355266031189e-11,-6.07530104874886e-17,-2.92486559160114e-16,3.43618093052809e-16,-2.60635179643542e-16,-8.89185295467422e-16,-7.52386989859021e-17,-1.32372166072112e-15,-1.38106911979037e-15,6.54379311852545e-17,6.90735007664826e-17,6.21470125510955e-16,-3.52617956559788e-16,-1.05846315736926e-16,8.43494392549513e-17,7.42111263317907e-16,-3.2856200710355e-16,-1.39223972396371e-16,1.64246269159394e-15,-1.26355331128794e-16,-1.83089607427782e-16,-9.05216119450211e-17,1.90990986133763e-16,1.80119544231312e-15,3.64406080018012e-16,-1.99738517658449e-17,1.48240039099297e-09,2.96541531075383e-16,8.5717703169187e-18,3.4106269989259e-17,7.04654461129407e-17,-7.59355155239682e-16,3.48071588191791e-16,3.67767271692816e-16,5.27738387254597e-16,-2.64207178669987e-16,2.28107999163814e-16,3.98789484510402e-15,-1.01566508702414e-15,-4.80480612475827e-16,6.37706092899146e-17,-6.36853318284823e-16,3.92853882927096e-16,1.04166112957133e-16,3.12891599200639e-09,-2.10052975376631e-17,-4.08830751924388e-16,-2.39602579466253e-16,-1.44646719342826e-16,3.80096822278758e-16,9.31645707680026e-17,1.38818537006439e-16,3.22456220637354e-16,-3.61686727499851e-16,-7.01790021598623e-10,1.71658829206658e-16,-2.80981619973092e-17,-2.78432726524583e-16,9.86048480144295e-17,-7.97071256020359e-16,1.00846296979983e-15,-1.15226375818075e-20,2.46833478707343e-16,-1.43345817330137e-16,-4.3147403594959e-16,-4.48745742256805e-16,1.78220202082786e-16,-4.47284115228184e-16,-5.93323477424374e-07,-3.0489006123594e-16,5.76687130545471e-18,6.12572541536321e-17,-1.31452420303631e-15,5.55253943589744e-09,4.57591198389847e-16,-8.11360413230076e-18,-1.93968260034473e-17,-7.86214891944895e-16,4.7843454406296e-17,1.52409920786517e-16,-2.09730288362058e-15,1.18232703370857e-15,5.6145432292809e-16,8.19731554208499e-16,9.40417622854017e-16,6.75825102823497e-16,2.79489749434803e-15,-1.53563838363817e-16,8.53934583975054e-16,1.71902807066104e-15,-2.43591365995847e-15
"t334",0.0355927202051115,-0.0104169596281067,-0.0113843219918036,0.000662610421389154,0.00601745594193115,-0.0160038669354207,-0.00224913848780692,-4.740731648132e-06,-0.0408275622469336,-0.0182815615704732,0.136895333024512,0.00235981374217849,-0.00460760240718359,-0.000971485332747445,-0.0264081419013433,0.000627913453950449,0.00041404318972087,-5.04100976122124e-05,-0.0236213669806029,-0.00937067502125765,-1.71398966647486e-05,5.06616709794046e-05,-0.0299666394358638,-0.000991921103594689,7.71071311747306e-05,0.00265271547485893,-0.0476914420293567,-0.000579974961326954,0.00110680563820991,0.000145503521636505,0.000146743421703276,-0.00275515994994607,-1.63184986933984e-06,0.00164089596307928,-0.00219119010612882,-0.000389258697433049,-1.77338553172687e-05,6.49778170392375e-05,0.0154845455903129,0.0865600448748863,-0.000137891654417146,0.00291954555662031,-2.0428795272193e-06,0.000142371248749746,-4.91094219222398e-06,1.2629090955202e-07,1.7436979782216e-08,-5.49427869661134e-07,0.000153936542647305,-0.000390878632590111,5.62713365025313e-07,-8.99122078501189e-07,6.97893977046727e-06,-4.3628091375915e-07,4.54039737484782e-05,-3.54563375237211e-05,1.87902514116365e-05,-2.30411686236788e-05,0.000200765556392453,-3.27631309084407e-07,-2.9725080642563e-07,1.50831923547007e-05,-8.67801338997656e-06,6.42976114290152e-06,-0.000111651117699333,1.11500268551738e-06,-6.03101586682576e-06,1.68381911813963e-05,-3.88246469025029e-06,1.5920719499852e-05,-5.42037313364147e-08,-5.79983682284314e-08,3.1789598715417e-07,3.6815121284117e-07,-1.63476358220928e-07,-1.64718387181699e-07,1.79000840580253e-06,-3.45241140135689e-07,0.000248859416499644,1.78769381574279e-05,-1.51649559642807e-06,-0.000123685797657411,0.000404832489234983,6.38974438451194e-06,-8.19264090682089e-05,-2.34530116988473e-05,3.90923782892333e-06,6.79995419924697e-05,1.27633140243646e-07,-5.1807799524643e-06,5.40308464055086e-05,-4.04142850834372e-08,-2.86529240118164e-05,3.00675965971082e-05,8.34218623388205e-06,1.02689352106317e-05,1.20970873749766e-06,-7.3644174712308e-06,8.70312569348438e-05,0.00223190286187832,5.77278471549291e-05,-3.90742403254733e-07,8.39986070970971e-05,-0.000438980087746411,0.00109252944746159,-2.42699470227056e-05,0.0147220433403153,-2.86182521594363e-05,0.286308074280849,7.95439707118461e-06,0.000197820849240873,0.000156142012121088,-4.51615197329669e-05,1.91763978727412e-05,-1.77702464821885e-05,1.65321071301481e-05,-0.00275014810517784,0.00231553121663766,-0.000167595658385071,5.33623750981268e-05,-2.86928642644537e-05,4.85102018119466e-05,-0.000633491157150621,-0.000625979120542462,3.03130892903654e-06,-5.88463823511872e-05,6.07080197180075e-06,-0.000136663243526201,0.000117025181169576,0.0040736770268262,3.02578800723636e-05,-0.000172824055451491,2.37085179364395e-05,0.0228789418460151,-2.07010555306392e-08,2.26490777330198e-05,-0.000155197457771341,-5.43810695478867e-06,0.000287842598309185,-7.61520859285411e-05,-0.000313841751337506,-3.31609374514902e-06,8.5178690636286e-06,-3.88112949944977e-07,-2.32000508944891e-09,0.205241077007988,-4.83244131411416e-06,0.000323857274773406,1.9939716562268e-05,-1.7738022258188e-06,-2.17754106871956e-06,-0.000109895523905549,-1.50425056674621e-06,0.00036201368685979,-1.02257177014644e-06,-1.90353069282488e-05,0.000116515534633493,-1.07510453972895e-05,-6.17916470694979e-05,-8.57752093155142e-06,-8.21246257783938e-06,1.19495196910278e-06,-0.000154795260896455,-1.17533893857401e-05,7.83434667094178e-06,-5.40187676912414e-06,0.0055792326185851,7.30059302155009e-06,0.00172634092149325,2.66643492939839e-07,-5.45450662699576e-06,-1.02112955345275e-06,1.71300283331686e-07,0.000109178433915558,1.23276192923662e-06,2.55205976009045e-06,1.12720421060754e-07,-4.90023287522563e-06,-0.000237812688790092,-2.73524381751286e-05,0.000114281501252676,3.49916583524607e-05,-7.77313032015477e-06,-3.32426355568344e-08,-1.09407275687406e-06,-6.96776976671249e-07,-0.00748620462444507,0.00498296619120117,0.0262806438309841,0.000120977357749354,0.00023112318101422,-0.000105655533103187,-3.08068718601099e-05,-3.56413830698009e-09,-2.98970402673192e-07,3.86661076805251e-05,2.26019071871837e-05,3.07879820984609e-07,-3.08421176324758e-05,-7.08313537649549e-06,-0.0110094303716282,-5.69345025268294e-06,1.67465440757478e-07,1.0955103332911e-07,1.24562041501746e-05,5.35577624863357e-07,-5.77317425734062e-06,-2.53728641451577e-07,7.29882132467974e-06,2.54076784003243e-10,-1.04862700659841e-05,-9.12324809649525e-08,-3.97247728123706e-07,-1.31698353466626e-05,2.1128173068043e-09,-3.96001253370815e-08,1.34586607712126e-08,8.72411201177043e-09,-4.43300372591915e-06,-1.05372389266555e-06,-4.79209746937897e-07,5.3753075211897e-07,1.15887672894973e-07,4.78841295729781e-07,-1.28413306790189e-06,-7.1403677269273e-08,-6.71885497507667e-06,-3.15256654873166e-08,-1.01642566872881e-05,-1.48527889793914e-06,6.99097846800468e-08,1.21204941233463e-08,2.98731023637257e-07,1.02647248720857e-07,-5.77563245288521e-05,2.45261167160587e-10,3.75944148550318e-07,-2.86680943049963e-16,7.5365373876447e-09,-1.19829774388462e-07,4.31417312073249e-08,1.53703245824863e-07,2.60192061505067e-06,-3.64506928251654e-08,7.45180961755979e-07,-3.50941721777977e-07,1.19455942875868e-06,-5.04953312345315e-08,1.1074396315969e-07,-5.19629935738444e-05,3.63596496397038e-08,-4.12639436780741e-06,0.000245659182111434,-2.93665862090261e-08,2.42665429429608e-09,-1.42378428972348e-07,2.30822099329839e-07,-3.8048014314134e-06,-0.000290665201092896,8.75745445617773e-05,-4.30773264885332e-05,0.504282891376732,0.000905819498768592,-2.3499673952337e-05,0.000810178085152012,-7.23914235310821e-05,8.7450714811985e-08,0.000754360848700236,3.62926511284482e-06,2.77049529147063e-05,7.26514219640561e-08,-0.0393339039211487,3.50768439140594e-07,-1.23053630945144e-06,1.88787997378054e-06,-3.56550693880707e-06,2.63500927006957e-06,-1.85592030935301e-07,3.29552134283216e-05,-1.40280541315829e-07,2.26893744580781e-05,6.39337891489121e-16,-5.2947052053355e-05,-9.06479598594226e-06,-5.47965285951627e-11,-4.58962215761097e-07,6.52331286523346e-07,-3.98120888515043e-07,-1.12201777762371e-07,1.19635959305764e-08,-5.31311622292574e-07,2.00583052902775e-05,7.25263847171821e-06,-5.33602804211455e-08,2.82403944827537e-05,-9.41935664546876e-05,2.49510809759363e-06,-7.22519664573529e-05,5.8311669298237e-07,1.01688393441033e-06,1.56852205858278e-08,4.00392235732243e-05,-4.93286545776796e-06,2.16849533186111e-08,-6.73131910518341e-06,7.80021007682626e-07,-2.82351111549929e-06,2.00790856395709e-06,1.78330564589637e-05,9.0080536222211e-07,-2.8534686850115e-07,-1.84454778482623e-06,1.85417525482565e-07,-8.50636234908965e-07,2.36297170121073e-06,9.43626611618638e-06,-7.21243634156747e-05,2.18416674208471e-16,1.24250998142538e-07,6.74012533376793e-07,-6.56818943112585e-08,3.5068080725857e-05,3.76309744223562e-08,9.16923925678722e-06,3.63327444065661e-05,-2.81663062883392e-06,1.20696543965207e-05,-1.11634589586466e-16,-0.000156756141718852,-7.0453962859982e-09,-3.13041260368829e-06,1.32476025334678e-07,2.4979455728117e-06,-1.67908321067731e-06,-2.87636642344694e-05,7.91509536935733e-06,-8.68210199456594e-07,6.36859606024672e-05,-2.41696931707939e-07,-2.67716848079821e-05,-4.05931174296362e-08,-8.61805490695787e-09,-0.000130872054614906,1.4042164342453e-06,-0.0345365526140007,-3.6539828224184e-16,-1.06667734321429e-07,2.16113260862852e-08,6.26031719542017e-10,1.17737116400464e-08,-1.90549522773791e-05,-0.000797925950871058,5.04069437823613e-07,-2.00070265083184e-06,-1.38621295517949e-06,1.16545932949275e-15,-2.99080895128723e-05,-1.129868515269e-07,-9.363703916769e-05,2.93492970679158e-15,1.97331351864366e-05,3.52159938728288e-06,-7.18349575111664e-07,-0.0135657276043673,-1.68954133095688e-05,-0.0484881025636775,4.54079790839867e-06,0.0971034115956481,-1.04770191366412e-05,-9.8693783234785e-08,-9.2634554844819e-06,-2.71546760066546e-07,-8.32228465370373e-16,3.80519098097672e-08,-1.19100327861473e-06,-3.49366407990222e-07,1.0795448432526e-06,5.56905131466705e-16,-7.76624970933595e-09,4.9043438754143e-09,-6.79808985346662e-07,-1.04242031896615e-08,-4.06047940634288e-06,4.40105736319862e-08,-6.60116962021869e-07,4.2349197516442e-06,1.00770999976875e-16,1.66561118438254e-05,-7.94123407471726e-08,2.33180563419976e-07,2.54159544749384e-05,-3.34422917806639e-08,-7.36123095864294e-08,-4.58552873878588e-16,1.23484111268994e-16,-6.81952313325944e-08,-4.6564532604785e-08,6.15187940652845e-09,-6.87537128455658e-06,2.44817727817337e-15,-5.66086314674832e-06,-6.72226533905269e-08,4.1669613778771e-16,-9.13871294589224e-17,-8.5124960304102e-18,8.46584015369638e-06,2.31059137880606e-07,-2.54486626384064e-07,7.76210065057615e-06,1.1026139239787e-06,2.04967666148681e-07,-8.89729072087983e-08,-2.81115200654034e-16,-1.96319287278806e-08,5.52775883199199e-08,-9.57719225609463e-17,-5.32493995334982e-16,-3.5104316671833e-08,-2.03559479486522e-09,-2.10173047421085e-08,5.34908014489659e-06,2.16145039778967e-08,-8.77863290246314e-07,-3.00664338084131e-17,-3.17919099626904e-07,7.31892267098366e-16,-0.000723979971146167,-2.11945120742883e-15,-1.87341607011275e-08,-4.68260288743431e-17,8.56921639676582e-08,2.2757402219667e-08,0.0010359392143654,1.37673414120663e-06,6.16387014076111e-08,-7.22398000263795e-09,4.60837933029907e-08,1.73801795876284e-08,8.32904582283556e-06,2.7771703671544e-07,1.62109607201196e-08,-4.56763902215757e-08,-8.33083542037687e-06,-1.15081104155003e-06,-2.1770389961214e-08,-6.79060924927741e-16,2.03681626747942e-07,-3.50730349634996e-08,1.80652716412472e-08,-3.61859604804878e-17,3.35556741489753e-07,9.54063789826338e-07,3.05184193862333e-07,1.08738605544675e-15,-7.39233560960522e-08,-4.15730315496776e-06,2.94774841746065e-16,-5.17323329075976e-08,1.14869174911682e-07,-6.73061688866185e-16,2.91597863692943e-15,-4.2177450126407e-09,-2.38249645578792e-06,-1.35602951626857e-08,-1.87911013977426e-05,5.22838320851233e-07,1.37838125037274e-08,2.40132081457722e-06,1.22743152109416e-07,-3.07517275657963e-06,-1.35057104243103e-14,5.69960355544757e-10,4.16530316643403e-08,1.16065466366024e-07,6.17416808197722e-05,-1.6459053664642e-15,-5.1846533461238e-15,1.47844461008317e-06,-5.21845108968717e-14,-0.498128561394659,1.53659626098714e-07,-2.25850072371967e-07,-4.22831424758001e-08,-0.000204226082022552,1.0721618896704e-06,2.80329502238151e-07,3.58947422991749e-07,9.32806180737309e-16,3.20865370917935e-06,8.79276990296233e-08,6.85983855277776e-07,-3.83668457299723e-08,1.50824967435035e-07,-4.76449197565798e-16,-2.46772436000772e-15,-2.03998863269455e-16,-1.38046838725381e-06,-6.27741362345839e-09,-4.06859042132399e-07,1.17030373688208e-15,-4.79915759397488e-09,-4.0386999848654e-15,1.46999142122918e-15,7.79924595517597e-07,-1.95275228041774e-07,1.42484211417957e-16,-1.61298014681005e-06,-2.17961682635773e-08,-1.50996477693893e-15,4.99772384428115e-08,3.1268748122275e-16,0.000186597363540846,4.27758945154242e-16,0.00151192913850348,5.26535918129523e-08,3.65005540820441e-09,7.24459086495653e-07,5.48421141376094e-06,-1.62750450472361e-08,5.0390955015878e-07,-6.0714498895898e-16,2.96979798821132e-07,-1.67519899146446e-08,3.84381769587223e-17,-2.2050401016443e-09,-4.48580401761572e-08,1.04047330279159e-08,-3.26487304514881e-18,3.31613901311873e-08,4.38007088915907e-08,-4.34178526383802e-16,-1.21312772208038e-06,-9.19964426211453e-07,-1.25163087627899e-09,5.25193094373468e-16,5.90959824683323e-16,2.22027033775417e-08,1.20250514367463e-06,4.18362713736859e-06,-8.93541014305591e-09,7.62909323855453e-07,3.83981839902997e-16,1.43057312147642e-15,0.00118325140630548,5.58074504822781e-10,-4.76762199937962e-17,5.64823945706791e-06,-2.16749266704306e-16,1.69278196368999e-08,-2.87155458048627e-07,-3.84189448615871e-07,-2.54715501581726e-06,-3.46713622481198e-16,-6.99713857629563e-17,3.39131640756414e-16,-1.68676964478741e-16,-1.9485957454774e-09,-6.75231377024569e-09,-3.81864027532668e-16,-4.65977309049368e-16,6.92323743562065e-16,9.46753099631636e-09,8.49300201178185e-11,-4.65267448334757e-09,8.152138196423e-17,-3.69493149473086e-16,-5.62664083783811e-16,-1.95789733664179e-07,5.98701772166275e-09,-2.40486086172589e-16,1.04214067431186e-09,-2.71781313473931e-08,-1.1087841378854e-16,-1.86268421661373e-16,-1.11998584056215e-05,-1.89372095495152e-10,-6.85776064487534e-05,-2.47540935314115e-16,1.01828267129649e-08,1.63630275555761e-07,1.7438116214756e-07,-6.44315436565384e-07,-3.81291400599344e-08,6.17447634053134e-10,3.44213427565351e-16,2.86302583687369e-16,-3.36349115789376e-16,1.13677404282287e-08,-1.02871767567746e-08,-4.00103898976791e-07,-2.9677918878632e-09,-4.84057316353968e-16,1.03468115914883e-17,-5.28883844619115e-16,1.93735250864478e-16,2.07263737810459e-16,1.37995892736408e-08,3.0003583800506e-16,-6.97077370672622e-17,-3.88011134607173e-07,-1.86557463476289e-16,-1.18081901313853e-06,-7.93635990259389e-17,-2.53377807218085e-07,1.38315371836947e-17,-3.00792427188108e-07,-6.35363116199099e-08,-3.27981544881683e-08,7.39165385080159e-17,6.81529043658635e-06,3.14139272617796e-17,1.75419037031852e-07,-2.7059043111558e-08,1.49538811184432e-10,-4.50106263349722e-17,8.1265339766591e-07,-5.61480720689357e-16,-5.7231831176193e-08,-2.91834975401043e-08,9.24816155034715e-17,1.30305523985484e-16,4.46728346177988e-17,-6.2887314837184e-18,-4.34351135629138e-09,-9.09946048283227e-06,-4.83598495476118e-08,8.6709888758804e-17,3.36542649417288e-16,-2.83451309703234e-09,2.30893207225997e-08,-8.88875512869319e-17,6.14663533633347e-16,-4.415558381098e-08,7.16983462435272e-17,-8.4750148378259e-07,4.26300562899302e-16,7.54568519141564e-08,2.11389683627785e-16,7.90172224286997e-17,2.18243098356714e-16,2.62649418412383e-16,-1.26366850281658e-16,4.55079300296784e-16,1.36111699231827e-09,-9.51070527389443e-09,-1.52496624434795e-16,-6.16304158696061e-09,2.56229870556047e-07,-9.4339862705048e-17,-1.14075278196916e-16,5.28428158597283e-16,1.0592215824607e-16,2.2442322123606e-07,6.01146236239786e-08,1.61867319575898e-16,3.62643136715801e-17,-4.26388692723853e-08,-1.37481789393166e-08,-2.06887538762583e-10,1.43028449948761e-16,-3.83695051914213e-16,5.40560514227245e-18,-2.67953406035323e-16,-2.66533394514879e-16,2.40423400892454e-16,1.26479377306351e-06,-2.56226817211344e-07,-9.73947184570115e-05,-2.91843938556426e-16,2.81935887892274e-16,-2.73398411083285e-17,-7.71350607372277e-17,-4.83510995346263e-16,4.38668820188841e-16,8.09519087003544e-16,1.95182801516367e-16,8.50946826785108e-17,-2.59268553349979e-16,-9.45655447379466e-17,1.77673410282865e-16,3.89005413302182e-17,1.96485686189726e-16,5.5473472775081e-10,-1.90875734981142e-16,5.29576356019672e-16,1.68375222997129e-16,7.54527008773659e-09,-9.24211342027274e-09,-1.19835172842163e-16,-1.91725016016169e-10,6.43302960825445e-09,6.76947157854291e-17,-4.09081929841175e-16,-1.15240093854066e-08,2.67086876429008e-16,1.3286138223272e-10,-7.60063648150202e-17,1.63683762885958e-16,5.62304869250865e-17,3.46519715202449e-17,1.09480748895842e-08,-1.44372133731815e-08,3.92355329716303e-16,-4.94159702977633e-16,3.56132753552712e-17,-1.02062870795774e-15,3.65162806578248e-16,-1.12053798624106e-16,2.25142405416197e-16,3.84821181666912e-16,1.53198844718367e-11,-1.51755985252387e-17,-6.75780443916442e-18,2.21893236279747e-16,1.37873307432258e-16,6.29930874754177e-17,-5.8277788813375e-16,5.34093189424538e-09,-1.95310282909309e-17,3.53490154651514e-16,-4.73188297446137e-10,-3.85714346176842e-16,-4.22630384518164e-17,-2.82285242071248e-16,1.40883460815522e-16,-1.57300834695054e-09,8.61397154976663e-17,1.35979584411142e-07,2.7429176544691e-16,2.73912092764754e-16,1.62110539044171e-16,-2.23276171177179e-15,1.82942980875797e-16,-1.11774780916335e-16,-2.73440870167361e-09,-3.20290050966304e-17,-2.68095787071362e-17,-4.04183390699172e-10,4.02531425131597e-07,-6.65999668217734e-17,-7.82741141991556e-08,-1.86805031455213e-07,-2.35544010599747e-17,-4.46848812019741e-17,-2.77580786021525e-16,-1.02802872084559e-16,2.03912798876978e-16,4.9506305695362e-07,6.44181536005739e-16,-2.80437936084898e-16,-1.04378789037426e-15,-7.41848243920557e-07,6.03411766409547e-17,-4.40415762725383e-16,1.69099995474782e-16,-4.35038816353727e-16,1.13208664348518e-07,2.76228237913429e-17,-2.04668307167423e-10,1.82875455116534e-16,-2.39819604049613e-17,6.87517708605274e-16,-9.2733087495942e-17,-1.73024518087539e-17,2.92030074727011e-16,-5.3051780770572e-17,4.29111723105445e-09,-6.3217020659517e-16,-3.77712152633592e-16,-1.88704085884955e-09,-1.2631990695394e-16,-1.04598853223158e-16,-1.88219564542999e-16,-2.7433571284659e-16,3.90068148676141e-17,-2.9914045705112e-17,1.5693546237529e-08,-2.35626232648148e-16,3.14885910386274e-16,-4.96139313774411e-09,2.30310849344161e-16,-7.32638487584568e-17,4.68431424676965e-16,5.08769099423331e-16,-9.42228828775197e-16,7.97609350130303e-17,2.33396974181817e-16,-3.25717370323878e-17,3.24447821049863e-16,-2.58088733348252e-16,1.72298141549882e-16,3.22629247261135e-09,-1.09726214342343e-08,-1.0123592959958e-16,-3.89019295407618e-16,1.49431722176449e-16,-1.41452285691175e-16,1.64222802410454e-15,1.47712373681854e-16,2.95577632505563e-15,-3.6352420340762e-16,1.19226275592316e-08,-1.25755038202014e-15,1.35290197028094e-16,1.68114695474969e-19,5.7228136608728e-16,-1.55025708872642e-09,-6.72605125055897e-16,2.78498700230575e-10,-1.95627760744685e-16,-4.64224183281818e-16,8.77259719438208e-17,2.79622762905985e-16,2.94592052795457e-17,-5.97564052615639e-16,4.38909596520932e-17,1.43710274315535e-16,-8.7109314483456e-17,1.28487779818688e-16,1.34595153907402e-16,2.02059874883796e-16,4.47830778098951e-16,3.29921231322918e-16,4.96105790380947e-16,7.4401638000945e-16,6.31965732066731e-17,1.45449391986144e-16,1.096754818213e-16,-3.69030280009045e-16,-3.07573717504029e-16,-4.97802654046278e-16,-3.72148572710431e-16,-5.64213080715823e-16,1.60177146661658e-18,-3.66979901018147e-08,2.6689920477933e-17,3.56885429495024e-17,8.40879901408408e-17,-1.4607598181715e-15,-5.01019063561709e-16,1.17629362775347e-15,-9.83495062061777e-17,-2.07133845256077e-16,-5.00021151185583e-16,7.5080359360378e-19,2.9819748641349e-15,-3.65516606727234e-19,-6.77248454105951e-17,-1.22653839618508e-15,1.50532689707766e-15,-3.15419751887003e-16,-2.36613231789081e-17,4.00011316105513e-07,-2.5009721658385e-16,-1.54802182911034e-16,-1.02955228233919e-15,3.02187795920549e-16,5.61721922112855e-16,-1.31373699153745e-16,-1.02416446371586e-16,6.56345337087212e-16,-2.51640206992572e-16,-1.43204694023161e-08,-3.98528308402659e-17,-4.60261147950031e-16,9.61460877929839e-16,7.50776608714941e-17,-7.81133484084822e-16,-7.9148320714889e-17,4.99046737357496e-16,-1.61522682766805e-16,-1.92243335309233e-16,-6.5162059491725e-16,9.81318890182758e-19,-2.43546597512802e-15,2.19066539981407e-16,-7.07008666611067e-06,-1.91590934211206e-16,-3.79341740361396e-16,-4.67576260948175e-16,-6.86844034904008e-15,5.64078596506445e-08,-4.32321944786256e-16,-8.62845807685054e-17,1.0051593427345e-16,6.48794450167203e-16,4.65478131247712e-16,-1.73984813085244e-15,-2.15001617566751e-15,-5.99518155253238e-17,-1.26146694862217e-16,-2.81212888318345e-15,2.97268894135617e-16,3.93932537977267e-16,-1.07483689968723e-15,-3.54791761577127e-16,1.92642737299771e-15,-3.61245396313276e-15,2.17562736982558e-16
"t303",0.0353755552135683,-0.0102758627579806,-0.0112246207276415,0.000649706294083323,0.0058694008558015,-0.0155278765506627,-0.00218065768834927,-4.58230856588579e-06,-0.0391488291634817,-0.0173160512496083,0.12685681368668,0.00212374000178846,-0.00412547215708935,-0.000867398860264406,-0.0233796027353011,0.000548843046515156,0.000359817520127644,-4.36058258300002e-05,-0.0203066537605934,-0.00785099086766831,-1.39314186370424e-05,3.68615767585181e-05,-0.0207733827064264,-0.000683720215370531,5.29370432400602e-05,0.00172746408860149,-0.0305902415120662,-0.000367544835906431,0.000674633245947457,5.68252138710391e-05,3.77325680071038e-05,-0.000381107280443327,1.84550105326578e-07,-0.000568604377627362,0.00151714875081809,0.000617039943732509,3.1981710227725e-05,-0.000137877736597517,-0.0352666130389243,-0.230687362303296,0.000505453636949358,-0.0144321311456216,1.24154754291534e-05,-0.000880969268723504,4.0081047115248e-05,-8.77195118696449e-06,1.69472285202503e-06,-2.63369392538286e-05,0.00324900366709417,-0.00545614446327245,5.73561795530866e-06,-8.28571604995724e-06,6.34760851054214e-05,-3.59831606215687e-06,0.00032593991799778,-0.000250370026556568,0.000111505574774333,-0.000134036443991963,0.0011658024640233,-1.87596560522131e-06,-1.72733852443315e-06,8.89380326537876e-05,-5.19582454834562e-05,3.86645410055907e-05,-0.000697686277198155,7.28272964004829e-06,-4.50864822881349e-05,0.000136510725334079,-3.28539945396803e-05,0.000147023235688785,-1.22148990582183e-06,3.21855880765467e-06,-1.10516816473015e-05,-7.08305448266015e-06,2.97297354521295e-06,2.51290043570721e-06,-2.56336975134954e-05,3.77251067732948e-06,-0.00171823374414598,-0.000106287482209242,7.19579861348414e-06,0.000561083859208242,-0.00136346806581818,-1.98384548930606e-05,0.000184851186850063,4.8804581496811e-05,-7.51068545718693e-06,-0.000128987216667562,-2.41300767343889e-07,9.71322883403302e-06,-9.83263853801256e-05,5.5966522394761e-08,3.87165262333425e-05,-3.44601951391716e-05,-7.17801564140069e-06,-8.4527610987604e-06,-9.93688371310942e-07,5.39270607779038e-06,-6.10055089183467e-05,-0.00131775801365868,-2.93313269369799e-05,1.95788396571571e-07,-4.1428686713899e-05,8.07418140744207e-05,-0.00017827449407618,3.57115818318076e-06,-0.00175025869286102,3.17805633785693e-06,-0.0278331656834518,-6.07440178742301e-07,-1.37672332935313e-05,-4.61046830320643e-06,1.11798939855894e-06,1.54945550774156e-06,-1.84270300349915e-06,2.55940410178486e-06,-0.00049038401888672,0.000568156226696058,-5.27291019408485e-05,1.98078220895978e-05,-1.16333053793035e-05,2.61916068621978e-05,-0.000409256924096834,-0.000407200672858192,2.0236929168272e-06,-4.74666312558536e-05,4.97670036040365e-06,-0.00013329470154932,0.000213766493471535,0.0075083837114423,5.96685153490397e-05,-0.000767302105206527,0.00013816148618617,0.172052885587018,8.71766291543964e-07,-0.000499580563233586,0.00041948882462176,8.87097592273916e-06,-0.000404180852645675,0.000108772720830608,0.000546711614266241,7.26278786310144e-06,-7.01932823127014e-05,-4.327541589779e-06,-2.49514729403253e-08,0.000800063771517253,1.15339523751459e-06,-6.64975367587512e-05,-3.8225308881995e-06,2.83759179621322e-07,3.42758650623093e-07,1.5944951514084e-05,2.07362484324594e-07,-4.69284352970448e-05,5.7411605080915e-08,8.5180294118292e-07,-4.27915871663758e-06,-1.57905307290138e-06,-1.22708495841039e-05,-1.77657583301688e-06,-2.12128878368349e-06,3.22432262490547e-07,-5.47432218761088e-05,-4.29720326056549e-06,3.79155170397055e-06,-3.58763299185694e-06,0.116149761733696,-0.00204702023801093,-0.10243271022685,-1.21700530691063e-06,1.18100951274435e-05,2.05266390366337e-06,-1.69979894291429e-07,-9.27005456538517e-05,-7.8745896961655e-07,-1.53212348411984e-06,-6.56157728695668e-08,1.74514288918263e-06,5.52054056712141e-05,5.9157276632377e-06,-2.31079448612086e-05,-5.7932954077406e-06,1.19009139481195e-06,4.70894039427146e-09,1.43833809417012e-07,7.03484794508461e-08,0.00070484491446603,-0.000222208858242957,-0.00113493736399346,-3.58188025933091e-06,5.93481380066219e-07,-2.6214242827609e-06,-9.77818962738102e-07,-1.47674122505368e-10,-1.44138864159315e-08,2.56077505326371e-06,1.57542591865164e-06,2.35474011147942e-08,-2.45283599612186e-06,-3.0695128869665e-07,6.20058822569213e-06,-8.53946111552321e-07,2.44890515252725e-08,1.76794124553028e-08,2.01121967481214e-06,8.73669035569527e-08,-9.71527106622587e-07,-4.36175481638507e-08,1.32571246083404e-06,4.92606676792419e-11,-2.13889927322853e-06,-1.88986496158371e-08,-8.81878241595525e-08,-3.03863914441491e-06,4.87983379310961e-10,-9.42857421430242e-09,3.47082324660391e-09,2.28608575816947e-09,-1.27169997472127e-06,-3.24104674791861e-07,-1.5126383416913e-07,1.91270807055639e-07,4.25938309583394e-08,1.82742806272359e-07,-5.59193697384216e-07,-3.20578446717921e-08,-3.03992972499308e-06,-1.74310311619804e-08,-6.60013927765844e-06,-1.22265054439458e-06,6.61483641575553e-08,1.36835114125108e-08,4.15991847401319e-07,1.53365869828705e-07,-1.73618634858107e-05,-1.5566435310375e-09,-6.80336220618656e-07,-1.78886447952455e-20,-6.3272929349574e-09,9.00990127201056e-08,-1.78963859006542e-08,-4.49959990141156e-08,-5.93133971840888e-07,8.19167651632549e-09,-1.10875403819453e-07,4.89162001049649e-08,-1.61615022524827e-07,5.9360744259128e-09,-1.18562632377286e-08,4.69872588103194e-06,-3.05196777911997e-09,3.35899061611371e-07,-1.69050395090915e-05,9.69101713204664e-10,-6.00178554332805e-11,2.71362683595036e-09,-2.24553640396264e-09,3.49910798194036e-08,1.38186381464934e-06,-2.46947799407116e-07,2.83222075210193e-08,-5.03112895640936e-05,3.79480186005934e-07,-2.42526222982308e-08,1.39796575656128e-06,-1.29511367393015e-07,2.12000265847594e-10,1.82640329980768e-06,8.77046106589586e-09,6.34379787944018e-08,1.59186711664911e-10,-4.80317147006521e-06,3.32361471401793e-09,1.65621013519494e-09,-3.68814036997827e-09,8.77485925285480e-09,-9.7761703994962e-09,8.8926216978781e-10,-2.46813930337615e-07,1.1696744348631e-09,-2.04872880152366e-07,9.40926189461614e-17,6.10819921090666e-07,1.07700772349015e-07,7.13931999311241e-13,7.28732285953749e-09,-1.2052258804578e-08,7.86512610948772e-09,2.28889232394093e-09,-3.50878711770657e-10,1.59092060394532e-08,-6.03955066686062e-07,-2.39149265258135e-07,2.21994739375814e-09,-1.21911715754073e-06,4.17000172496035e-06,-1.19702123764833e-07,4.55778432808336e-06,-4.07383819301961e-08,-7.14529171924802e-08,-1.10403264056705e-09,-3.53532595719484e-06,5.46750571522585e-07,-2.46887089414063e-09,7.96426251212782e-07,-9.65828412334575e-08,3.54433951294666e-07,-2.81366308414438e-07,-2.51894959488547e-06,-1.29102264779575e-07,4.13006061479784e-08,2.7564306959002e-07,-2.86827335848757e-08,1.3576881397969e-07,-3.82258701283224e-07,-1.56130897397406e-06,1.25065440462529e-05,-8.70030777806952e-17,-2.77533889334233e-08,-1.53934340386317e-07,1.54911563526768e-08,-8.27855966683088e-06,-8.89231729583475e-09,-2.18338279457023e-06,-8.77549232824828e-06,6.91638312317274e-07,-3.06069741721796e-06,-6.16950183870914e-17,4.24641132780066e-05,1.92259030467298e-09,8.67115136461981e-07,-3.67583225175943e-08,-7.15302741207564e-07,4.87377840377332e-07,8.45835378050895e-06,-2.33569356298189e-06,2.52178183313214e-07,-1.72986902923336e-05,5.93200091835126e-08,5.94511167518346e-06,8.23341792191498e-09,1.3384887276271e-09,1.94578361067572e-05,-1.3559000482609e-07,0.00140181680567096,3.80055534340006e-17,5.02911748396506e-07,-4.15711902737479e-08,-1.19865511893209e-09,-1.23328817841394e-08,1.92202820281388e-05,0.000662119206208675,-4.1283873339052e-07,1.63662611526767e-06,1.13360443148914e-06,-3.3993533927966e-17,2.46862794942022e-05,9.39065179439388e-08,8.21639247575057e-05,-1.54228316448733e-15,-2.1085329899971e-05,-4.21597313833893e-06,9.36846222915579e-07,0.0239035574764076,-7.02716829185207e-05,-0.00312528892800806,-3.88867621784915e-06,0.00065012410037701,3.19328473412785e-07,1.29711041634049e-08,1.20462416314692e-06,3.44228853839794e-08,-3.30134439292335e-16,7.99155812055364e-09,-3.89340273364279e-07,-2.45588610674306e-07,2.15189797861814e-06,-6.33789713951384e-18,6.43998410167386e-08,-1.51616204561882e-08,1.87220661578425e-06,2.77321083029426e-08,1.04745551541568e-05,-1.09595499812372e-07,1.61295473493874e-06,-1.09021988340988e-05,-4.61383943949106e-17,-4.74801284791459e-05,2.28745887958624e-07,-6.86912110916717e-07,-7.73493457702067e-05,1.02037689535811e-07,2.26752531139992e-07,5.14401156821122e-16,-1.28435240970343e-15,2.22443252415812e-07,1.60160065549175e-07,-2.13042068455684e-08,2.50409062817107e-05,-9.28375758985771e-15,2.32231595600329e-05,2.91915155559422e-07,5.82606255390145e-16,-2.90555068544509e-16,-1.5216928388474e-16,-4.47486790257967e-05,-1.25519825760904e-06,1.5265017893611e-06,-5.09661867222422e-05,-7.32003306725329e-06,-1.51137408076304e-06,6.6443980130227e-07,-3.48227315130882e-16,1.87691469972632e-07,-5.84379479306712e-07,-3.22073023556791e-16,2.43375174799152e-15,6.16271201950173e-07,4.21846270562301e-08,5.71076204262495e-07,-0.000182807269048223,-1.4310943194656e-06,6.83054406213857e-05,-1.6091026173818e-14,3.2476529068259e-05,-1.05453889674682e-14,0.678791469132667,1.02586435366603e-13,-3.55310066850484e-06,-4.55895021010726e-15,6.46958982597152e-06,1.53270070439e-06,0.0023755716209814,3.63012007913674e-05,1.53766527445469e-06,-1.49832172230066e-07,8.40280693531668e-07,2.49373100793447e-07,0.000119285148481945,3.73900676144619e-06,1.96960354880292e-07,-4.92079921243409e-07,-8.20985998012451e-05,-1.06396946667276e-05,-1.95398506064201e-07,4.74313346162339e-16,1.67864248163449e-06,-2.68395767014418e-07,1.15757679114756e-07,-1.78433285510586e-16,2.05695444632623e-06,5.49637364420828e-06,1.71489786706097e-06,-8.22795279174274e-16,-4.10237060228688e-07,-2.20020630576801e-05,3.11359206999113e-15,-2.67775639225154e-07,5.27350518327799e-07,-2.5976382071471e-16,4.87752323771348e-16,-1.8574393538027e-08,-1.04544345852913e-05,-5.85216324979563e-08,-7.95704472781018e-05,2.1250842872329e-06,5.58333152738936e-08,9.68028291654351e-06,4.7065134090177e-07,-1.13516377529306e-05,-1.58050653548556e-16,2.07516043557256e-09,1.51299792333535e-07,4.18181416435975e-07,0.000220321066413099,2.50435771931786e-16,3.38055680082853e-16,5.20783748041996e-06,1.49169027482871e-16,-1.04425146314495e-13,5.01814996123944e-07,-7.28559855733276e-07,-1.36364241578239e-07,-5.61614976004506e-05,3.37882503454154e-06,8.82003415854286e-07,1.12164403449337e-06,-1.08570005935017e-16,9.55234153781644e-06,2.59286692926529e-07,2.01660893060855e-06,-1.11091572542655e-07,4.25299565922908e-07,-2.97573853752111e-16,7.90194748093967e-16,-2.5879757883865e-16,-3.75678636064278e-06,-1.68394595312607e-08,-1.09025372831393e-06,-1.28704313424957e-16,-1.26916097408822e-08,-1.08562539325633e-15,1.11594519322093e-16,1.96848878524214e-06,-4.92678430228705e-07,4.67139714201209e-16,-4.04920001474632e-06,-5.47349923225056e-08,1.06231940458419e-15,1.28210387970201e-07,5.3484050636503e-16,0.0114384546560687,-6.18247136111426e-16,-0.000148715528000872,5.34234663301708e-08,5.22808143207529e-09,1.23449599711859e-06,1.06500731016705e-05,-3.44321552034491e-08,1.07153109603554e-06,-4.9648231866933e-17,6.21387101378596e-07,-3.4975141883186e-08,-8.50777710990004e-18,-4.59011406702017e-09,-9.28601587062232e-08,2.14276403659267e-08,-1.13725367969009e-16,6.70512851484321e-08,8.82341780985591e-08,1.7791671726202e-18,-2.43161383517274e-06,-1.83943217424355e-06,-2.47948368268729e-09,-2.16358908691427e-16,3.53418542395865e-16,4.30064744043725e-08,2.30832087143992e-06,0.000303584421829809,-1.59509686812395e-08,1.28131852273578e-06,5.79622466366055e-17,9.6985930759787e-16,0.000197171456096464,7.50987962271169e-09,-2.81155032777389e-16,1.09212421548285e-05,-8.74039475267847e-17,3.16234444097482e-08,-5.25289696692546e-07,-7.01991053232631e-07,-4.6344498194491e-06,-4.34622748370026e-17,-1.28193042425428e-16,2.75421050205722e-16,5.43434224015262e-17,-3.4407560674298e-09,-1.18975067383313e-08,1.83069043710213e-16,-1.28746893291995e-16,-4.79156703808523e-16,1.65566053503307e-08,1.48053802457898e-10,-8.04293782424422e-09,1.25661237941519e-17,-1.14160076746044e-15,-6.2450764968739e-17,-3.29799892477364e-07,1.00769838773448e-08,-7.75304996480178e-17,1.74067028981756e-09,-4.53091448021021e-08,-2.30140652761946e-16,2.5413450080224e-16,-1.88205492991049e-05,-3.19271030853349e-10,-0.00125528315121673,6.47634184585232e-17,1.59639827121974e-08,2.57078450672843e-07,2.73096309800923e-07,-1.00121998103268e-06,-5.91089802176248e-08,9.52748445318804e-10,2.02079735600359e-16,1.57635473026545e-17,-8.33341227001791e-17,1.70411368241898e-08,-1.54141518185033e-08,-5.97198026524227e-07,-4.34223035715029e-09,-6.93951944005211e-17,-5.79859032018731e-16,3.47033130446846e-16,-1.43679718377461e-16,7.40752772211134e-16,1.97580505100956e-08,-3.41152715549733e-17,5.87702203722701e-17,-5.50738224482257e-07,8.28667763863586e-17,-1.67525653354859e-06,7.58941520739853e-18,-3.59190079780929e-07,2.26985684294345e-16,-4.19876456354732e-07,-8.83601897372531e-08,-4.53513320500032e-08,2.24729060700748e-16,9.35678634083912e-06,-2.64573265826763e-16,2.37054074450747e-07,-3.58285155111103e-08,1.97834694319154e-10,-1.81063624308067e-16,1.06716323440993e-06,-7.17305740173791e-16,-7.46627745284265e-08,-3.80767409430855e-08,-3.69307641960593e-16,1.28245539857761e-16,5.12968161967622e-17,-9.26996446308132e-17,-6.03377618912103e-09,-0.00449695702450993,-5.50292170404805e-08,4.20210343265717e-18,1.49843035315284e-16,-3.40756332496203e-09,2.77435834035333e-08,-4.07935952893961e-16,1.9475203222971e-16,-5.18240723702589e-08,1.69710222636217e-16,-9.88393306523743e-07,-2.58116865059815e-16,8.62536634139079e-08,1.02752625944737e-16,-3.3959547602216e-16,-1.40844661170485e-16,4.02815489014651e-16,7.96315624905882e-17,3.44766397550957e-16,1.48295580020731e-09,-1.03548242568859e-08,9.37256889366626e-17,-6.58142773777188e-09,2.71295353367403e-07,-6.80183715188674e-16,-2.35901576483839e-16,1.15455551097554e-16,-2.93372929452906e-16,2.28215222227373e-07,6.05002740974263e-08,2.04544999137037e-17,2.04749331275825e-16,-4.23995151447215e-08,-1.36490880029055e-08,-2.0427233426865e-10,6.74859814080448e-17,-4.45566123607479e-17,-3.81793221916448e-17,-1.40701965163672e-16,2.33790948946913e-16,-1.68577746383564e-17,1.11902054418181e-06,-2.23214659175476e-07,-8.01661760520027e-06,1.51486329772897e-16,1.341591317825e-16,2.92763797871963e-16,-9.80610582587801e-18,-2.65197796436231e-17,3.44922995044423e-16,3.20915678632995e-16,-6.33994166214255e-17,-1.04235287174621e-17,7.59667583825386e-17,-2.40836007667868e-18,1.9767244843024e-16,1.27479858822284e-16,-2.56673389525536e-17,3.42712630982163e-10,-7.9708284828369e-18,-8.60978428434253e-16,8.43495546295014e-17,4.31471065861041e-09,-5.18122627204474e-09,1.70622589166703e-16,-1.06122407443877e-10,3.14083593953254e-09,2.81824644851317e-16,2.5300036471241e-16,-4.54052730026194e-09,-2.11806091967132e-17,3.35821413714511e-11,-4.26129379024666e-17,1.83849923294189e-16,9.78638503485298e-17,1.14965198320234e-16,-6.54851741718582e-10,1.25317430691362e-09,-7.95604830784064e-17,6.37282622619836e-16,-1.19752895961902e-16,-4.69854611442753e-16,5.89800674754594e-16,-1.8437008352889e-16,2.20914016943504e-16,-1.3711374416761e-16,-2.75078029353492e-10,-3.66428015404517e-17,1.642208781618e-16,6.55512830073368e-17,-1.99077259674071e-16,-1.90356387175112e-18,-2.48409184218279e-16,7.37246580005688e-08,1.91021033605754e-16,1.58116923169626e-16,-5.16610105376170e-09,-7.70810688468538e-16,-2.90238776878508e-16,-1.11523399904781e-16,-7.5773399438601e-17,-6.17542616945395e-09,1.23111009579422e-16,4.93190908848987e-07,-6.85329614930073e-17,2.15473595667786e-16,1.31505232592048e-16,-1.45013470588541e-15,-3.80174218767489e-17,9.90973340064202e-16,-8.72150276709193e-09,-1.71992470309178e-15,-4.77033806714389e-16,-1.19306620092448e-09,1.18399902647773e-06,-9.93428724308356e-17,-2.1774699926676e-07,-5.11470027535193e-07,-9.42443827060297e-17,7.69566927790487e-17,-9.09051032467648e-17,-8.35040734143171e-17,2.85425273847241e-16,1.13763744041864e-06,6.41457076372256e-17,1.98071807955631e-16,-2.41342691364279e-15,-1.64994117874076e-06,2.22705023534925e-16,-3.26403392173426e-16,2.15050849369754e-16,1.21373738565833e-16,2.42372228641512e-07,3.06263418784131e-16,-4.33487528550548e-10,1.39724208651611e-16,5.30140388988475e-16,-2.16137878460936e-16,-1.94214410840585e-16,7.11684454660632e-17,-7.34544776178521e-17,4.63695584463488e-17,8.64012167939703e-09,4.7546351631279e-16,-1.06331375262743e-16,-3.75746843686178e-09,1.85854999755149e-16,1.40539257975815e-16,5.31364555884922e-16,-1.7488218184774e-17,6.18834807070583e-17,2.19669294401051e-16,3.02647720533132e-08,-1.77079315333931e-16,-2.34086926049568e-16,-9.44389432503206e-09,1.10248661908948e-17,-8.40833355266812e-16,1.44653541746772e-16,-4.06947907210065e-16,-5.76849859304088e-17,-5.66395632278446e-17,2.23964415281194e-16,-2.86817146480239e-16,-3.21474500301394e-17,-4.37632613111852e-16,-3.25076488326296e-17,5.88473138541068e-09,-1.99216999194329e-08,-5.20526918069338e-17,8.42388775524292e-17,2.26301656205671e-16,1.12550153810727e-16,1.06818353470665e-15,-3.57321974789324e-16,8.61005584305751e-16,3.5667429684783e-16,2.11614715756615e-08,2.94994605361752e-16,6.91538645064783e-17,1.03854736361111e-15,2.97586112726716e-16,-2.7036727056495e-09,-1.26414869369785e-16,4.76946624435417e-10,3.28367149217559e-16,3.49686387603051e-16,1.74712534550585e-16,1.7456357239214e-16,-1.81201276834388e-16,-1.81313707937903e-16,-4.76157037056833e-17,1.11670253606292e-16,2.06058952956625e-16,6.8965080549234e-17,-1.73119538197068e-16,-1.57895246381392e-16,-5.44387303469098e-16,-2.41995414663186e-16,2.79590616535589e-16,2.25030539116692e-16,1.00167867288429e-16,8.20724919364688e-16,-2.91023962568442e-17,-6.54500712024478e-16,6.27830619985939e-16,-5.95681359276369e-17,-1.48448550860015e-15,-2.36298775145504e-17,1.99034987076227e-16,-5.94312098294652e-08,-2.11999392155321e-16,-2.88519964323018e-16,-2.12964610247503e-17,7.30105345907299e-16,3.16509365126058e-16,1.6939507016618e-16,1.95370079415419e-16,6.3377335972368e-16,3.39259750535444e-16,1.28144558860651e-16,9.69061420977966e-16,2.37045258300732e-16,2.34875980930109e-16,1.63191948506836e-16,-2.36164316139392e-16,7.82625596540927e-16,9.3974612535769e-17,6.28320680400166e-07,4.11194869457563e-17,-5.79050493004612e-16,1.41499835596388e-15,-5.87162178150265e-16,-4.13267217500821e-16,-8.50958681032376e-16,2.80849021602039e-16,-6.29005335071834e-16,-1.58073559507074e-16,-2.18899416396962e-08,7.84117978836032e-16,1.16751248246754e-16,7.23912181938266e-16,-1.73529897279431e-16,-1.84930709435043e-16,-1.0167385039217e-15,-1.09732782493115e-16,1.43366263860582e-16,-5.39730131590837e-16,-7.21015867680625e-17,-8.60801155604033e-17,1.56982964272083e-17,3.05477453128501e-16,-1.05508798472555e-05,-1.51822071246447e-15,-8.4424763192318e-16,1.7982476563994e-15,-6.83302021710369e-15,8.33204412858797e-08,-1.52814624719494e-16,5.75512425316646e-16,1.21952099649574e-15,-2.64603775706456e-16,8.89401180689545e-16,-2.49781386963705e-15,-1.29615269988421e-15,-6.02920263506063e-16,3.09702578476956e-16,-3.87419144636862e-16,1.00265082755469e-15,3.33325636535328e-16,-5.79057424891293e-15,1.86511218658695e-15,2.8214362663845e-15,6.92236977476816e-15,-2.55170645197992e-15
"t786",0.0342706747322358,-0.0095961011773107,-0.0104578404255713,0.000590015411157383,0.00520708191422109,-0.0134658626886515,-0.00188527098378214,-3.91107912703243e-06,-0.0323465727486721,-0.0136446895867947,0.0923736498607294,0.00140317660800128,-0.00268166387958047,-0.00055887275777274,-0.01467044295256,0.000331190547013091,0.000213376825025164,-2.55037117906148e-05,-0.0116602282600109,-0.00418251585149036,-6.80825803412784e-06,1.31597487391996e-05,-0.00641387875859033,-0.000207404959658622,1.58584848123751e-05,0.000434701324702533,-0.00729544450411494,-8.38606435710487e-05,0.000132025659681997,-8.20337572670472e-06,-1.92739808836937e-05,0.000509051224219759,4.38357246805637e-07,-0.000527791748731797,0.000813272843146735,0.000158279458241414,7.14299304391734e-06,-2.54297281590759e-05,-0.00594055717887576,-0.0311107310151119,3.75437154594386e-05,-0.000374162117268678,-3.74746518383862e-08,4.73648233502211e-06,-1.54251057100441e-06,1.34580077861504e-06,-3.16906133899728e-07,5.3361801673361e-06,-0.000798761454090003,0.00159300030512038,-2.02270776534678e-06,3.15462128431585e-06,-2.44275311786656e-05,1.51003558357201e-06,-0.000158913231672584,0.000124634997599829,-7.60411730461677e-05,9.81602324205645e-05,-0.000860771613849192,1.61796032087976e-06,1.65289242843077e-06,-8.92824258214695e-05,5.4143192334788e-05,-4.06627054286208e-05,0.00078368521373037,-8.65072146791107e-06,6.00151591119028e-05,-0.000190547090507461,4.68452546054703e-05,-0.000217608708548376,2.15911693849242e-06,-6.39510275214811e-06,2.23317161382644e-05,1.48048540288336e-05,-6.23993139474354e-06,-5.34968918612256e-06,5.48772106623585e-05,-8.29702401538812e-06,0.00400505497510766,0.000253355753278004,-1.77961545240833e-05,-0.0013984402087934,0.00358789997269765,5.30220978291939e-05,-0.000525871290338272,-0.000141058853919635,2.20470886395966e-05,0.000379566038917282,7.10522004589898e-07,-2.86470286585263e-05,0.00029165111202091,-1.74507880859021e-07,-0.000121231047660958,0.000110821660676308,2.39859703475897e-05,2.83826210354954e-05,3.33733157952365e-06,-1.83116578343521e-05,0.000207896035240099,0.00453925527614036,0.000101535071881232,-6.77914373092265e-07,0.000143478529454621,-0.000255812344843181,0.000549523750164441,-1.07062294298478e-05,0.00488339555700674,-8.62213476990418e-06,0.0708626119951164,1.32336194467666e-06,2.76956084607313e-05,-2.49207218679617e-06,1.55856282048953e-06,-8.44103828860544e-06,9.3507828628845e-06,-1.18096909903735e-05,0.00219649291589104,-0.00238585385399428,0.000210094239849065,-7.59065788620428e-05,4.35730473331275e-05,-8.98270427662221e-05,0.00131003368086086,0.00129968543576786,-6.38809077489938e-06,0.000137078660116158,-1.42532992095489e-05,0.000346734309487146,-0.000354829257481987,-0.012370042953409,-9.28293113489455e-05,0.000530904808498454,-6.87485060600266e-05,-0.0604110375647496,2.64683411745894e-07,-0.000200792230171184,0.000910408302859284,3.6035234109159e-05,-0.00308992790967702,0.000844975387938523,0.00467293197906463,6.51200023669823e-05,-0.000678937871521204,-4.30710702390571e-05,-2.48431182466714e-07,0.0064683923208663,2.10753321451635e-05,-0.00184922340824307,-0.000118791789218217,1.14412836268999e-05,1.41259204287989e-05,0.000731999905040357,1.01700413047467e-05,-0.00248809921123083,8.02955687896301e-06,0.000152377954066713,-0.00094529504973894,0.000114515936930804,0.000699517788678938,9.80043668169991e-05,9.87073351530687e-05,-1.45111471465347e-05,0.0020040063095983,0.000153341089730863,-0.000108710037372432,7.95076474594056e-05,-0.089623336698769,-0.000274204547971707,-0.0377897449896909,-4.912345939227e-06,0.000102328633847135,1.92215407657599e-05,-3.39309102590602e-06,-0.00219916667624775,-2.57614192741568e-05,-5.38199073391427e-05,-2.38830347899482e-06,0.000113339650230273,0.006034475897751,0.000705385629774622,-0.00299318106665237,-0.000959775216310961,0.000217066698194407,9.44845777863851e-07,3.1621379676988e-05,2.13152907815402e-05,0.232295864751614,-0.175336350233385,-0.928680978891297,-0.00446434952214852,-0.00964390547924374,0.00490299127026512,0.00148446205426089,1.81810769555573e-07,1.5923937592873e-05,-0.00234808136585285,-0.00141241562698294,-2.04273973990666e-05,0.0021066632570577,0.00026293585724683,-0.0328076243524213,0.000821517510533092,-2.57917705828768e-05,-2.65372887453773e-05,-0.00302554860952548,-0.000137547878137524,0.00179213284069351,9.17423764464698e-05,-0.00453892473799119,-8.72859907445369e-07,-0.0156576261131324,-9.62107956964444e-05,-0.000189402430593615,-0.00495395960107305,7.90579813739079e-07,-1.29000157263798e-05,3.43038384290191e-06,2.14797685748276e-06,-0.000952492397397456,-0.000214310272854076,-9.62545070192106e-05,0.000106068169678908,2.29559803224562e-05,9.56139031390933e-05,-0.000269829383110533,-1.52419994877632e-05,-0.00144022326330233,-7.68908677280732e-06,-0.00280450199758025,-0.00050068372840781,2.66781313511856e-05,5.43719954171762e-06,0.000163140255026096,5.99304330143949e-05,-0.00282029282422411,-5.81556632172125e-07,-0.000250210409718746,1.2303905793231e-16,-2.28419627511645e-06,3.24222349574323e-05,-6.32649592029999e-06,-1.57691864760766e-05,-0.000207051307625371,2.85913613816964e-06,-3.87203335729786e-05,1.71007369857789e-05,-5.65321531565802e-05,2.08387542038004e-06,-4.17550532694092e-06,0.00166718591611904,-1.08722102487616e-06,0.000119871442855829,-0.00609950246936508,3.75555191411807e-07,-2.41166015275685e-08,1.12938918054501e-06,-1.02657236958337e-06,1.61197942758266e-05,0.000691303848379735,-0.00012989675447674,1.54202575411014e-05,-0.0155623662055923,0.00026797694761885,-1.69932827552945e-05,0.00105625867013917,-9.88971261341012e-05,2.21569328068513e-07,0.00192646185354188,9.34810975275842e-06,7.61845359263288e-05,2.00777832965361e-07,-0.00372671695565516,5.35962005447648e-06,-6.39344013311534e-06,1.0050168910656e-05,-1.93321892679077e-05,1.48566421752024e-05,-1.07666002662342e-06,0.00020229140464403,-8.73780490371663e-07,0.000142899110347303,-1.17255130884238e-17,-0.000345292545059942,-5.93677485558907e-05,-3.63701931588273e-10,-3.13531739338198e-06,4.55520245259064e-06,-2.80692639671161e-06,-7.94702823408547e-07,8.90740482472479e-08,-3.96658389047637e-06,0.000149856520742328,5.48189758932727e-05,-4.14684935684475e-07,0.000220372592619657,-0.000737060178731958,1.9690282748379e-05,-0.000584607600271737,4.75389754505137e-06,8.29347894390543e-06,1.27940036101549e-07,0.000330680533985322,-4.0968947053116e-05,1.80121934786001e-07,-5.59096117236071e-05,6.47606714084055e-06,-2.34371769304452e-05,1.66153049586496e-05,0.000147517955165125,7.4467679640899e-06,-2.35779032682426e-06,-1.5215334769027e-05,1.52616697130096e-06,-6.9857099283197e-06,1.93847566782065e-05,7.72617035109735e-05,-0.000587827513679115,-2.82393200319809e-17,9.68836334564759e-07,5.22277137875747e-06,-5.03815671581524e-07,0.000268906307195008,2.88462491949965e-07,7.01009019237768e-05,0.000276335448325663,-2.12840169226816e-05,8.99093584715013e-05,-9.21832001849251e-16,-0.00112204496636,-5.01388961877534e-08,-2.19863028489998e-05,9.28910786206036e-07,1.68587540180979e-05,-1.10507668541284e-05,-0.000181484542542327,4.82234815671289e-05,-4.77980865164728e-06,0.000301499493851909,-9.74181167893572e-07,-9.39740966127299e-05,-1.26648598015093e-07,-1.93020482463112e-08,-0.000277876042189488,1.74623219617999e-06,-0.0119827749841506,2.42204961395969e-17,-6.70354239935214e-06,5.32133828566979e-07,1.53374069105043e-08,1.40585735369526e-07,-0.000215121771289716,-0.00566176088988281,3.18179760585077e-06,-1.23275348599778e-05,-7.75324234134224e-06,-5.65449391156645e-17,-0.000147504486164409,-5.2852216804905e-07,-0.000342538595996133,6.99472474166353e-15,4.56285668125628e-05,6.72909316421875e-06,-1.20228162071243e-06,-0.0141635181164247,-5.00071443137868e-05,-0.00247915447329284,-1.22673957047833e-05,0.0024423377346827,2.85331101969225e-06,1.7461698848842e-07,4.18785643063524e-05,1.27064133783336e-06,-5.84333748674681e-17,-5.173425610107e-07,1.91876451517707e-05,8.30827435267337e-06,-5.24349511553885e-05,-3.60980427759522e-16,-1.07417857011793e-06,1.97360431180582e-07,-2.23554545508921e-05,-3.19113568226094e-07,-0.000115549451362574,1.12354637322361e-06,-1.4830359538943e-05,7.89064709985721e-05,1.76014630747369e-16,0.000282395199247433,-1.33770549291106e-06,3.87787209053389e-06,0.000415797669381072,-5.46451169860091e-07,-1.19762562867904e-06,1.68128130211805e-16,-9.313948279361e-17,-1.08425839268521e-06,-7.27409593045909e-07,9.59041740657595e-08,-0.000105689725415837,3.2813427522975e-14,-8.4741067658858e-05,-9.9602685835343e-07,-5.75565655949911e-17,5.47633233921236e-17,7.85895677412096e-18,0.000122041139167773,3.32066461715362e-06,-3.62098511668757e-06,0.000109584762489069,1.55529482489874e-05,2.86903152272616e-06,-1.24433476848268e-06,-7.35070650273704e-16,-2.70733462032588e-07,7.58792919002462e-07,3.56375460791117e-16,3.05288936940957e-16,-4.73453850423993e-07,-2.73289505998203e-08,-2.80207219888481e-07,7.09004921460892e-05,2.80894589453229e-07,-1.13377842523404e-05,-2.39227101722206e-16,-4.05478858201518e-06,2.57893261974529e-17,-0.00557061879779777,-1.38384241062644e-15,-2.70254205059458e-07,-4.71512895260887e-17,1.17279747231256e-06,3.10048612002808e-07,0.000641067171191295,1.92136718753316e-05,8.49131448334562e-07,-9.76040513422976e-08,6.18584214413688e-07,2.31359322232405e-07,0.000110867429289496,3.69002375670873e-06,2.1478378540282e-07,-6.03262761742347e-07,-0.000109777210798292,-1.51401077818426e-05,-2.86199973263167e-07,5.62449884519286e-17,2.67201722833639e-06,-4.59279634726793e-07,2.35580942714053e-07,1.98977490731618e-16,4.37151449968623e-06,1.24125994977651e-05,3.96846523894282e-06,9.06997345356759e-18,-9.61018192205701e-07,-5.39952193150396e-05,-1.15161999670705e-16,-6.71620369629219e-07,1.48833407868112e-06,3.48139095496009e-17,2.16957286124676e-16,-5.46179606260315e-08,-3.08509233810728e-05,-1.75557724949454e-07,-0.000243228143097017,6.7649992187101e-06,1.7834384423932e-07,3.10687444083843e-05,1.58763916547647e-06,-3.97730824443973e-05,-1.32891027048948e-15,7.37166286925934e-09,5.38725206673292e-07,1.50116295461034e-06,0.000798566931275969,-8.95055383378545e-16,4.00085028665879e-17,1.91229189534286e-05,1.12585111427152e-17,-2.45385094393228e-13,1.98826032829424e-06,-2.92223086185433e-06,-5.47091956847742e-07,-0.000134981434141078,1.39634475216513e-05,3.64753512289994e-06,4.66003213296121e-06,1.60637393493133e-16,4.16301980503976e-05,1.14105161325651e-06,8.90279884150585e-06,-4.98132106054771e-07,1.95980024266178e-06,2.82733597221533e-16,9.7172719441232e-17,5.67219742386003e-16,-1.79588984949002e-05,-8.17026164117902e-08,-5.295576862593e-06,-6.59988245080907e-16,-6.24878912980795e-08,3.00804219311988e-16,-8.48629143322806e-17,1.01421691751381e-05,-2.53914110370518e-06,-4.36233629610394e-16,-2.09167845017162e-05,-2.81819228973143e-07,-1.08403568820151e-16,6.36759400982271e-07,4.36178108668849e-16,0.00101778478913135,5.22824685194585e-16,0.00101461648588072,1.84529977008382e-06,6.82378722788272e-08,1.1548328843473e-05,7.9713622859723e-05,-2.23680317246604e-07,6.85002933617584e-06,1.72470421754226e-17,4.03249567451783e-06,-2.27498243049506e-07,-1.13520233699863e-18,-2.99526297972848e-08,-6.09685696810564e-07,1.41503521926651e-07,1.20475637524315e-17,4.52200950421336e-07,5.9764215728902e-07,2.45833076199107e-16,-1.65662638710757e-05,-1.2568087997631e-05,-1.71260292557385e-08,-4.53345090080555e-17,-9.55000440759019e-18,3.04902361624782e-07,1.65346384114334e-05,3.38665719238816e-05,-1.20478238560159e-07,9.73554620019427e-06,1.19328089599285e-16,7.89543155848935e-16,0.000891276300906397,5.97075458198758e-08,-1.6198134401288e-16,8.48850984270093e-05,-4.91316108380464e-17,2.478723882108e-07,-4.16970846201978e-06,-5.57744811876658e-06,-3.69546053521938e-05,-5.38508986793884e-16,-1.89054634388891e-17,5.41201172090135e-17,-3.14169694420773e-17,-2.83573440970252e-08,-9.83235768933989e-08,-4.03115592674614e-16,-2.5264735442537e-16,-2.43300856664566e-18,1.3819343713323e-07,1.24110013956087e-09,-6.82180981846046e-08,-1.45402132736986e-16,-1.13417262369036e-15,7.54015199128034e-16,-2.90929615504568e-06,8.90076600225797e-08,3.27328612937579e-17,1.55843812895307e-08,-4.07412378511396e-07,2.44306217917711e-16,-1.32297549326859e-17,-0.000168805279700117,-2.85519390575627e-09,-0.000613970797610939,4.32770026945975e-16,1.55482173548487e-07,2.50715651048868e-06,2.68590335941885e-06,-9.9997169527559e-06,-5.93011950205581e-07,9.64183494608894e-09,6.30195994961382e-18,7.74008473097948e-16,-1.54108265752803e-16,1.82006482588446e-07,-1.64773438064077e-07,-6.4307288362619e-06,-4.85840336175501e-08,-3.05344346246645e-16,2.08900957018823e-16,-5.86032605488283e-16,3.3160228302551e-17,-6.71302389886264e-17,2.3071344825208e-07,3.62494494393359e-17,-6.9324312803515e-18,-6.5445148767327e-06,1.06589116988242e-17,-1.99262166495861e-05,4.49943901581484e-17,-4.27919077540574e-06,3.31477611058529e-18,-5.16292094334745e-06,-1.09495435960731e-06,-5.68782752860641e-07,-4.98993495898286e-17,0.000119131920994333,8.04844769485566e-20,3.12291360396352e-06,-4.94313469975557e-07,2.7349846998154e-09,3.30558075862521e-16,1.50302159724295e-05,1.61628983736919e-16,-1.07839543701948e-06,-5.50410873238307e-07,2.67346156888696e-17,-1.0098657351389e-17,1.6359846176761e-16,4.70540154025684e-17,-8.32602879390357e-08,-0.000104009858077034,-9.3623780266696e-07,-1.83493017550414e-17,2.48345248277058e-17,-5.63387669384815e-08,4.59484411850688e-07,-4.34809066507258e-16,-3.75924933339333e-17,-9.11074214539784e-07,5.77121382184642e-17,-1.76311562139035e-05,-9.23935628056634e-17,1.60939108007375e-06,-3.23389647469567e-17,-2.29240422780209e-15,-1.65950922036461e-17,-5.02903918501909e-16,-4.81958736454528e-17,9.01564803996456e-16,3.07095250136552e-08,-2.1475041771661e-07,-4.90637371796783e-17,-1.42210978462974e-07,5.96837794016357e-06,-6.32080271866197e-17,-4.55212461246407e-17,1.54736136029916e-15,-4.64230110570956e-16,5.45781425342024e-06,1.47766786248279e-06,-5.46888364547615e-16,2.76246654177777e-18,-1.06098855370113e-06,-3.42650714132995e-07,-5.18474154622777e-09,-9.75745861831301e-17,3.58196409760854e-18,3.86906118375774e-17,-2.46419465954392e-17,2.03441473896904e-16,-2.3688248325015e-17,3.49405592283086e-05,-7.12945474457547e-06,-0.000156057825222667,-3.0551214987419e-17,1.66962630477103e-18,1.92353524960058e-16,4.1801917584432e-17,6.37942613244194e-17,-1.95435298763195e-16,-1.3516676233031e-16,-1.76460849425373e-17,6.14590753183268e-17,-3.61397462524626e-17,2.17359420286133e-16,1.23122794155578e-16,-1.0410572522062e-16,5.2069956814657e-17,1.96414247403134e-08,4.07098490617619e-17,5.88693578453603e-17,-6.50535047390019e-17,2.77374978550052e-07,-3.42829036767267e-07,-2.12811953632312e-17,-7.15226008313825e-09,2.52510441465748e-07,3.40152695703873e-18,4.1455372610355e-15,-4.85062541078571e-07,-3.66955703152775e-16,6.16403761904964e-09,-1.24578622142371e-16,8.54043660325049e-17,-1.80373618901707e-17,-4.9524532507548e-16,6.13614247101269e-07,-8.21288727541717e-07,-6.88086557427484e-16,2.84923865859847e-17,-2.95472752111076e-17,-8.06755243381284e-16,7.91671534512576e-16,-6.58667860762238e-17,-2.63924986004396e-17,-1.5249419980239e-17,9.57354342900693e-09,-1.71271624357126e-17,6.61005815518614e-17,5.30829580237534e-17,4.16081737350739e-16,1.10558467576578e-16,4.36664189529552e-16,-2.06510905552619e-06,-2.61446615430924e-17,4.4926216362139e-17,1.39490920132925e-07,1.25871597216562e-16,2.45171772336696e-16,-3.15092795753506e-17,1.60787279649881e-16,1.14160727055747e-07,-8.37547649308123e-17,-8.58468738436867e-06,-5.33541310782102e-17,-5.5143266584596e-17,3.81120117590277e-16,-3.39221185295202e-16,2.88778521656067e-17,2.98884380582376e-16,1.34964033590706e-07,4.72723554105708e-16,-1.91669883828072e-15,1.69370328372249e-08,-1.67366855396014e-05,-1.86782307979141e-17,2.86472844411078e-06,6.58173127258514e-06,7.40237944637203e-17,5.40800407283126e-17,1.70050224169024e-16,8.7615314641996e-18,-7.6070094646824e-17,-1.07306826287939e-05,2.27702672174409e-17,2.74627345416074e-16,-3.50755650757352e-17,1.44197624372763e-05,-4.24580122188634e-17,4.51147733451494e-16,7.62751304966478e-17,2.88912932528196e-17,-1.9176828453958e-06,7.9883062629042e-18,3.32691663962255e-09,6.47576165314256e-18,-3.04712022267851e-16,1.20930152467162e-18,1.023148833342e-16,6.37958706931618e-17,-1.95696296453224e-17,6.90459936787639e-18,-5.65035644050571e-08,1.52289705454487e-15,2.65129851385671e-16,2.36193955516048e-08,6.06021786016189e-16,5.33694033079802e-17,-2.98677456168842e-16,6.06827584514308e-17,-8.47006530129819e-17,-1.07236672521185e-17,-1.67971247110617e-07,-1.03787248473911e-16,1.77518057187802e-17,4.9555323345208e-08,-2.1616881931147e-16,1.948682751262e-17,-3.08975972188933e-16,3.46510784721328e-16,-2.75136857385194e-16,4.43417674548349e-16,-4.31830000192346e-17,-9.13033595811036e-19,4.52631197454924e-17,-7.49669864154505e-17,2.58224280470906e-17,-2.50134664692626e-08,8.25174589986534e-08,-2.20160448712851e-16,-5.5999858146248e-17,2.38811106026273e-17,4.02491081302737e-17,2.38536754468678e-16,1.48622074055838e-17,5.24071400000362e-16,1.88684819229583e-17,-7.63802592612954e-08,-5.81449441514125e-17,6.24318110370682e-17,-4.82859506596696e-17,-1.43604319345441e-16,8.64272199076208e-09,-6.28946242360976e-16,-1.3208629386989e-09,-1.13133914221496e-17,-2.6960989332067e-16,-2.09020016957833e-16,-2.67727710384182e-17,-5.61927663468091e-17,9.20480934049652e-16,6.22139763670981e-17,8.4719379942546e-17,-9.38313679528662e-17,5.75809577381362e-17,-3.03590835298348e-16,-5.71728645574884e-17,-1.65041310984148e-16,-3.58885816736912e-17,-1.13008263422712e-17,-1.35061264833761e-16,5.79924027787427e-17,1.52917445899818e-15,4.38644099514303e-17,1.75962146992853e-17,-7.33519551560498e-16,1.23119930136171e-16,-3.29430838593278e-16,3.14991614584158e-18,8.9530567655191e-17,8.74032594470451e-08,3.74954428688e-17,-1.10975826910935e-15,-2.62837910181836e-17,-2.56882225124001e-16,-8.72253653060133e-17,-5.9263168011013e-17,1.28627642327217e-16,-1.85883482675361e-16,-1.14262018215242e-16,-4.20751822195736e-17,2.04365753674711e-15,-6.69431851008767e-17,1.77102857812626e-17,2.94686741347774e-18,-2.9853080507528e-16,-2.79996126694056e-17,1.0286507035015e-16,-4.88253342893401e-07,-9.0719497228481e-17,-6.67649665052114e-17,-3.98925392944225e-17,-2.50475111235579e-16,-3.14348819295538e-16,1.13872832262476e-16,5.13640913897605e-18,-1.8274314979157e-16,5.41048056483397e-17,3.80054429995617e-09,5.34456766163649e-17,-4.65295989295628e-17,4.52016219623396e-17,-1.3851016710815e-16,-2.9781378552368e-17,2.33435373987633e-16,3.45792431437181e-18,1.76730171722541e-17,1.91760883254401e-17,5.80011945117764e-16,5.28061827349899e-17,8.08588469935871e-17,-7.41017274586737e-17,-3.62883971778685e-06,-2.46237996484382e-17,-1.46021432842516e-16,-3.85569506058564e-16,-3.94414784806355e-15,4.66783194001352e-08,-4.49576752347646e-18,-9.06213894584474e-17,1.28039785193721e-17,-6.93537107575811e-17,7.71169130634047e-17,2.42572239987298e-17,-5.13479020226311e-15,5.92629472093701e-16,1.58022694546234e-16,9.08224336464942e-17,-1.28176314987227e-15,-1.86063886534678e-17,3.34625924543928e-16,-1.51749017135058e-15,-3.46385641183648e-16,2.2050347036192e-16,3.84096190676333e-16
"t369",0.0339315354728128,-0.00933788544137521,-0.0101629228308688,0.000563843217573368,0.0048827761485341,-0.0123493233144843,-0.00172320911829549,-3.52247884836425e-06,-0.0278666772164923,-0.0107698877121412,0.057427454668069,0.000436294919220116,-0.000657171668415997,-0.000115965639280619,-0.00127272644234893,-3.84656825134235e-05,-4.62508811023224e-05,7.68762549934348e-06,0.00490869210521654,0.00417538208354694,1.27650443552081e-05,-0.000105281134025935,0.0847869434859828,0.00290299593109972,-0.000231039731996755,-0.0106954808435153,0.208633100161242,0.00270582764908423,-0.00634066392205744,0.00863736251585287,0.0019614683566988,-0.0243379924131938,-9.28406010905494e-06,0.00729518303500355,-0.00735961295831117,-0.000648825582088631,-2.37262151676394e-05,5.74522302865058e-05,0.0103889392845242,0.0136080908214575,0.000151384741663007,-0.00766523184897822,8.06554817209077e-06,-0.000580281532304282,3.11352762759528e-05,-9.47699226755746e-06,1.94083525048262e-06,-3.0884314955967e-05,0.0040334882734543,-0.00713619143945362,8.17847763453416e-06,-1.71632978269926e-05,0.25543445899513,-4.67665550055939e-06,0.000453801192528693,-0.000350407510080954,0.000164059841137051,-0.000198519248218163,0.00172781004881602,-2.80680009420796e-06,-2.59219082563081e-06,0.000133535700295371,-7.80136696359592e-05,5.80508308299465e-05,-0.00104652750810045,1.09064613342487e-05,-6.71379595521442e-05,0.000202596102629503,-4.86758724788765e-05,0.000217111775412793,-1.76544136096913e-06,4.557327865972e-06,-1.55944889789776e-05,-9.9206347408939e-06,4.16001267174715e-06,3.50451275174527e-06,-3.57007789291509e-05,5.21854690460933e-06,-0.00233827299757943,-0.000143629088583754,9.60215336551172e-06,0.000746598344083209,-0.00177497922164184,-2.56447312078612e-05,0.000231243970352684,6.04595744510159e-05,-9.20912907878955e-06,-0.000157886444648286,-2.9523144182727e-07,1.18707414289781e-05,-0.000119677057886686,6.53113176117349e-08,4.49908240839932e-05,-3.88500746000928e-05,-7.60859449801984e-06,-8.86511335860722e-06,-1.0416360044656e-06,5.49107806366003e-06,-6.14004991306676e-05,-0.00126289270756159,-2.68018341646367e-05,1.78069695910796e-07,-3.74779851169822e-05,4.21797038954954e-05,-8.18673398919467e-05,1.42834819431646e-06,-0.000457617526854351,6.72989525904159e-07,-0.0029495488001485,7.35556054904071e-08,3.06622315035313e-06,8.04168671547691e-06,-2.51429730445173e-06,2.70706377479146e-06,-2.80647164600695e-06,3.19064175575867e-06,-0.00057207654006183,0.000572211519161319,-4.72400166451352e-05,1.63450227176324e-05,-9.16737197008754e-06,1.75232999915389e-05,-0.000243803995060347,-0.00024144345134289,1.17872249869465e-06,-2.40870804661489e-05,2.49419490362308e-06,-5.80534533570933e-05,5.04337845052976e-05,0.00175369181237011,1.29016568153953e-05,-4.9568588063179e-05,4.53805448897783e-06,0.00161251371302565,-7.96275426905578e-08,5.29240348087705e-05,-0.000147280980470251,-5.21542435456946e-06,0.000402039921527902,-0.000109643672567764,-0.000596515872445835,-8.24395533948945e-06,8.47974962330801e-05,5.35109926453652e-06,3.08625887013104e-08,-0.00014471842192965,-2.39201967059478e-06,0.000197019014040485,1.24634879085656e-05,-1.16089368734942e-06,-1.42950609348997e-06,-7.31458525862263e-05,-1.0087447208985e-06,0.000244721200661965,-7.31750941770671e-07,-1.37201299444108e-05,8.43926731157063e-05,-8.49082083848e-06,-4.97766673715892e-05,-6.93179854711727e-06,-6.76364109083311e-06,9.88313909538836e-07,-0.000132011746739655,-1.00673539949935e-05,7.00561817966765e-06,-5.14738916411927e-06,0.0102211656995156,0.000120330997302994,0.0109216436475851,-1.39524357363699e-05,8.41377092382193e-06,1.30358677521957e-06,-1.67538162360714e-08,1.35239505880087e-06,1.88811008143616e-07,4.4897845329035e-07,2.10079194205777e-08,-1.4244683700338e-06,-7.46354618980352e-05,-8.57278994500842e-06,3.56687217830531e-05,1.06264701068228e-05,-2.32262713596136e-06,-9.74717378405976e-09,-3.14262458005457e-07,-1.82906932394444e-07,-0.00191118191032119,0.000875647908721949,0.00453499048890862,1.67584857795594e-05,5.71920983347345e-06,1.0059999112173e-05,4.40047334000195e-06,7.85454749843024e-10,8.4852128712329e-08,-1.95074165026865e-05,-1.26396158452304e-05,-2.10410600762682e-07,2.31191713356335e-05,4.4453690136208e-06,8.05990853251375e-05,1.49816966767478e-05,-5.23880304124389e-07,-6.65845558790229e-07,-7.59791797612244e-05,-3.51353186623242e-06,4.81283144324083e-05,2.546636003299e-06,-0.000136753133176911,-2.88148079614761e-08,-0.000552608425323685,-3.46275823586839e-06,-7.40726680965347e-06,-0.000202213336774176,3.2305808812493e-08,-5.44199522587537e-07,1.56120288835248e-07,9.91195445846404e-08,-4.71619058046235e-05,-1.11085899630105e-05,-5.06643403431944e-06,5.93374855178048e-06,1.30233765748279e-06,5.50718849881884e-06,-1.62582926015853e-05,-9.26616367854286e-07,-8.77472181478933e-05,-4.91151018973722e-07,-0.000184241380552371,-3.3920756119627e-05,1.8326077898439e-06,3.7886481222498e-07,1.15197716381961e-05,4.24775005011511e-06,-1.5638487933673e-05,-4.36506212133773e-08,-1.92253244928469e-05,-1.05077079158641e-16,-1.816136139752e-07,2.59573887135046e-06,-5.3185212676357e-07,-1.3790057701162e-06,-1.8740111090229e-05,2.59332681607509e-07,-3.77686055364395e-06,1.69174893425532e-06,-5.63074067673667e-06,2.15144882272704e-07,-4.43817966238336e-07,0.000191123302621063,-1.31837230642382e-07,1.50211749475597e-05,-0.00390440626964675,4.38445698131465e-08,-3.06201744925438e-09,1.54301635856215e-07,-1.70288548734791e-07,2.71898557022118e-06,0.000142145765517387,-3.10467308164381e-05,4.84162676493981e-06,-0.000622499679104581,0.000144675043158939,-1.37230253693368e-05,0.334024555628536,0.000629620226735899,-4.24726522780232e-08,-0.000358007026414525,-1.67849598114983e-06,-9.72228565712207e-06,-2.27103430665061e-08,2.98259292650954e-05,-3.99154419906817e-07,-5.59737854608907e-08,1.321024218725e-07,-3.15797490482819e-07,3.3960801557409e-07,-2.95194998520944e-08,7.30174920589946e-06,-3.34549014367333e-08,5.70675218643595e-06,3.89067283666493e-17,-1.55731526282488e-05,-2.71493630002842e-06,-1.73521491838156e-11,-1.6307503039883e-07,2.5213231593615e-07,-1.59540324025053e-07,-4.57378852504832e-08,5.86041620576564e-09,-2.62876608973284e-07,9.95071301311273e-06,3.7563823240148e-06,-3.0725727467214e-08,1.65286284744192e-05,-5.57416533746336e-05,1.52880500901311e-06,-4.96196999254861e-05,4.17230687793399e-07,7.29268594161888e-07,1.12564704529285e-08,3.14007605962668e-05,-4.2211340935804e-06,1.87475837574849e-08,-5.90588633635755e-06,6.96423101228997e-07,-2.53423591712598e-06,1.88075601035156e-06,1.67560302624294e-05,8.51240124870707e-07,-2.70693751397778e-07,-1.77206476783216e-06,1.80603464700177e-07,-8.39051502982826e-07,2.34354033662602e-06,9.44515232239952e-06,-7.36061936224622e-05,1.52371870846879e-17,1.42124111519974e-07,7.79601223661924e-07,-7.72427142758744e-08,4.12606956044349e-05,4.42990658616096e-08,1.08378301621858e-05,4.32731838840421e-05,-3.38512755506178e-06,1.47723935999559e-05,-5.58525988284527e-17,-0.000199816621184028,-9.02458657797113e-09,-4.05102854054558e-06,1.71641198828772e-07,3.31320812634914e-06,-2.25239116183935e-06,-3.90766427710443e-05,1.08100059461187e-05,-1.17828791019234e-06,8.19394768373225e-05,-2.82727797597985e-07,-2.82593938517782e-05,-3.88277097447972e-08,-6.0105463760375e-09,-8.63674946787972e-05,5.00635918705134e-07,-0.000580243539568926,2.34831980790135e-16,-3.72908131813305e-06,3.23424205699314e-07,9.33063331917328e-09,1.20198752107417e-07,-0.000196669077662062,-0.0640388398796837,-1.39878498109053e-05,4.22579051704697e-05,1.43154568252609e-05,-6.82780113943293e-16,0.000175126400357295,5.50670354191471e-07,0.000237203046652697,-4.40230007528685e-15,-2.0220954776244e-05,-2.48292750126813e-06,3.78704594384298e-07,0.000826579348486095,3.85790308369364e-05,0.000123669322565491,6.06836960126389e-06,-0.000101486350271126,-1.16433294657293e-06,-5.96126228171337e-08,-1.20271410154958e-05,-3.62048163331192e-07,1.3666069602818e-17,1.12838939520802e-07,-4.01564346442731e-06,-1.59354425375141e-06,8.88445214611275e-06,1.40451037032136e-17,1.42882865226054e-07,-2.05665832014349e-08,2.10112070136482e-06,2.86139142060689e-08,9.80014089219686e-06,-8.61063978416591e-08,9.68024101262603e-07,-3.49605963972764e-06,9.71931328076731e-17,-8.83338429724425e-06,4.05549213433767e-08,-1.10051698580327e-07,-1.07469890539738e-05,1.40215546306837e-08,2.99139932712327e-08,-2.65430250499496e-16,-5.36745237151375e-17,2.30844154923329e-08,1.33703085157932e-08,-1.72973001174918e-09,1.65513252867339e-06,-2.69267046944277e-16,9.35602837333501e-07,9.17582169104628e-09,1.22245670097648e-16,-2.8069722585769e-17,-1.57766505860631e-17,-5.15142131378146e-07,-1.21365847467659e-08,6.5431692680076e-09,-3.95071045234904e-08,-3.07649571877215e-09,3.50692913414424e-09,-1.71631836881885e-09,1.10262484393984e-18,-1.06260441789597e-09,3.59188350056131e-09,-3.27430707945872e-17,-8.80805522820816e-18,-3.55606285562607e-09,-2.21133681272072e-10,-2.46927053927946e-09,6.55994011977152e-07,2.78689112557354e-09,-1.13165744630603e-07,8.07096149796913e-16,-4.05616017799013e-08,4.53762191370095e-17,-8.02547630441702e-06,-2.05594464186477e-16,-3.38905147319714e-09,3.32965116723357e-17,1.4496596476048e-08,3.84427879734808e-09,1.08500867999211e-06,2.57931936265227e-07,1.14589805185874e-08,-1.34843505342273e-09,8.71530452981828e-09,3.39824950319731e-09,1.62900330617935e-06,5.48557930939674e-08,3.25791239920118e-09,-9.37786573918188e-09,-1.73867950450804e-06,-2.43059152701398e-07,-4.62369158427418e-09,3.76960330363012e-18,4.39565083316653e-08,-7.67397457688459e-09,4.07795307071069e-09,2.73689751174179e-18,7.62880811268171e-08,2.18931316543146e-07,7.02748982473769e-08,-1.13583708617509e-16,-1.70509126543217e-08,-9.64619658346915e-07,5.25640764128032e-17,-1.20337854931684e-08,2.69950352459051e-08,-3.98876201346503e-17,-1.00188878135515e-16,-9.93193883491849e-10,-5.61105950922413e-07,-3.19536277160291e-09,-4.43010675529976e-06,1.23350395846694e-07,3.25212489426564e-09,5.66611867365357e-07,2.90382729763262e-08,-7.38105972208357e-07,-2.03116865112676e-16,1.39966158178256e-10,1.03065268224066e-08,3.03121464178629e-08,7.89108864959081e-05,3.5832091195046e-17,6.01746632748184e-17,3.01463464285443e-07,6.76370241119615e-17,-5.93777495062182e-16,3.36806645985219e-08,-4.93211403980566e-08,-9.2329781760247e-09,-2.98424865392237e-07,2.32905870407445e-07,6.08157464865865e-08,7.75094178843254e-08,4.24593566922132e-17,6.72498387398717e-07,1.83000867571804e-08,1.42431786255575e-07,-7.86806146495791e-09,3.01678733179154e-08,9.34005543201038e-18,3.38923152123608e-18,-4.09757417491044e-16,-2.6485214242528e-07,-1.18014572684294e-09,-7.6366128279011e-08,-1.12643267242856e-16,-8.81903692947065e-10,-2.58115266789249e-16,7.83637141523016e-18,1.27771066872417e-07,-3.19354182038869e-08,-8.31867148903022e-17,-2.54391151373497e-07,-3.35686886240147e-09,3.76278269249516e-16,7.24137723999078e-09,2.94938737695371e-17,1.46458466235589e-06,-3.57145605714497e-17,1.45186932697055e-06,2.04226269100798e-08,7.37548312246428e-10,1.22954864201678e-07,8.30070539491474e-07,-2.17051030578739e-09,5.96767633476329e-08,-3.85893697075809e-17,2.98331433963731e-08,-1.64985185446246e-09,3.6811873699994e-17,-2.11342868735174e-10,-4.08068025668755e-09,8.99962296653922e-10,1.24181618214851e-17,2.34231020248338e-09,2.95098905653554e-09,-9.27969498673196e-18,-7.63958711753196e-08,-5.59128734701069e-08,-6.56533502406767e-11,-5.93213599811066e-17,5.83635013292111e-17,7.03399560277623e-10,2.68634808790191e-08,6.76693976368531e-09,2.10629628399123e-10,-2.2458673258648e-08,9.59093226735982e-17,-7.39905078215802e-17,-3.27083576344711e-07,-1.72248233659838e-10,-9.13090278933016e-18,-2.94057227848072e-07,-7.76193945192963e-19,-1.02650505761516e-09,2.12764595899338e-08,2.88484315450619e-08,2.01333773849057e-07,5.71516867696522e-17,1.06932558699652e-17,-5.5488982906645e-17,-6.58945985271155e-17,2.29077590233467e-10,8.1685201213196e-10,6.18896037641296e-17,-1.48053737719432e-17,-1.81539400676855e-17,-1.2657546966414e-09,-1.18392622848057e-11,7.24126582123847e-10,6.60301184548165e-18,-6.48237106502628e-16,4.47699466380914e-16,4.41025843222172e-08,-1.36793255519207e-09,1.02663901419073e-16,-2.89753029686719e-10,8.55896192553542e-09,1.42385169162873e-17,-2.75412236094945e-17,0.00158464062343531,-1.76904350993411e-10,6.4709865684607e-07,1.47414682091427e-17,-2.29455748189793e-09,-4.13354665071233e-08,-4.92921368004355e-08,2.05005564138965e-07,1.24782146356967e-08,-2.12452531030725e-10,-5.97272087245703e-17,3.61296991726651e-17,4.60082280133666e-17,-5.01740627603566e-09,4.55649224225736e-09,1.82439406071988e-07,1.55934485530983e-09,-4.15401674344112e-16,-6.23639518594187e-17,8.36166981952412e-17,1.51079920742063e-16,-2.63272035464855e-16,-8.38435465894864e-09,1.94443157658106e-17,-9.7463312682891e-17,2.77217431264651e-07,-4.05154308424917e-17,0.00039124983781662,-6.17995238316738e-17,1.51042214658801e-07,3.92018680198555e-17,2.11193352793775e-07,4.56355034032503e-08,2.43947401035459e-08,-4.31772961204184e-17,-2.88403625271324e-05,6.23136891776165e-17,-1.48074086128714e-07,2.56532105888567e-08,-1.42484223475518e-10,1.46211373911988e-17,-8.11406342861866e-07,-9.85615609592649e-17,6.1543116827166e-08,3.14964987570905e-08,-1.47879402063358e-17,1.28546545970878e-18,2.80639670549537e-17,4.32593077988691e-17,4.98419789215137e-09,8.64345954306416e-07,5.75134205973408e-08,-5.01164254088666e-17,-2.59061368446158e-17,3.69351082690905e-09,-3.02099874451361e-08,-1.20939322420465e-16,-3.65696533513717e-18,6.48853923171959e-08,4.69465198392209e-18,1.27708322300449e-06,1.30389604076888e-17,-1.22393624626305e-07,-5.49987901519037e-17,1.78871977587641e-16,-2.20161030660736e-17,-4.68696574388487e-17,-5.26146761502686e-18,-2.72134231651393e-17,-2.57557656319568e-09,1.80338382896043e-08,3.26851066257287e-17,1.23538189201907e-08,-5.25851143846562e-07,-3.29133150644548e-18,-7.91012014295483e-17,2.98035794711999e-17,-1.85875637737546e-16,-5.1096462369203e-07,-1.40308196748409e-07,-3.10999646828986e-16,1.81581373910721e-17,1.02339833392847e-07,3.31187462590545e-08,5.0459978537205e-10,-1.55472426083802e-16,-3.75092982395921e-17,-3.98056254503731e-17,2.82397763710494e-16,-9.23152480951281e-16,-6.99153486873828e-18,-3.80267543158382e-06,7.83939761708558e-07,2.39283128222275e-06,1.7912622122683e-17,-1.96522530825579e-16,9.90624332273398e-17,2.62978265178893e-17,-1.06904279253347e-17,4.7807218727239e-16,1.19000093802445e-17,-1.27671751663525e-17,-1.09939003408677e-18,-1.66211716742349e-18,1.72365030127984e-16,1.2037606185327e-16,-9.07700384990482e-17,-4.20387917570847e-17,-2.6020906528912e-09,-1.5292865894415e-16,2.78729993532386e-16,3.90299038196065e-17,-3.76179834422651e-08,4.67474074187463e-08,5.56971588832395e-17,9.78549779256757e-10,-3.55603981277559e-08,1.48920439582207e-19,-1.04301229462493e-15,7.08219356695211e-08,-8.61465916320147e-17,-9.4087928294131e-10,-3.80592887780275e-17,3.87236266159495e-18,4.90747525866821e-17,-1.45466971695437e-18,-1.00513299105887e-07,1.35181284111669e-07,-1.44761557249468e-16,-7.98068728703776e-17,6.01455604641688e-18,1.89351538966141e-15,8.3208510523067e-16,-1.04640550622145e-17,4.58153660870951e-17,5.67416042727986e-17,-2.03471573750495e-09,-8.23670462133146e-18,-3.61361813895646e-18,-2.63890612194341e-17,9.27241532806943e-17,-2.18217155837531e-17,-1.81724521924443e-16,4.64800143825927e-07,1.64644838355879e-17,4.48547532842969e-18,-3.17322038180125e-08,1.42431193203349e-16,-4.05590234283214e-16,7.84725928587315e-18,-3.46870030024112e-17,-2.95172299563708e-08,-2.33118177715086e-18,2.27253570948891e-06,-3.53563750149508e-17,-2.45687653205047e-17,2.8153887372658e-16,-6.15850379333333e-16,-1.80681019030156e-17,2.42699825995269e-17,-3.75106791913957e-08,5.09058218907455e-17,-8.5484674175591e-17,-4.88966808752775e-09,4.84117853959938e-06,-3.80854496854046e-17,-8.56639130481003e-07,-1.9889473329885e-06,3.965458559593e-17,2.4386902526849e-16,-3.38486994900003e-17,2.3615101227251e-17,1.32451363027425e-16,3.81137866096664e-06,2.70020342534497e-17,5.13402744945753e-16,-4.15498209000555e-17,-2.89678524654216e-05,8.39159872473312e-16,3.80819546089808e-16,1.29645203245586e-17,1.71819097899761e-17,7.5483215758218e-07,-8.69965531244356e-17,-1.33418109211984e-09,-1.43409200585791e-17,-2.68527754647158e-17,-7.81749698092201e-17,1.44945073628743e-17,-1.83866539812394e-17,6.23438205983264e-18,-2.65972477619257e-17,2.50886174004624e-08,4.80463996150533e-17,1.47481988458577e-16,-1.07653562049931e-08,-1.93651705168208e-16,6.51872069880721e-17,1.9430248411503e-17,1.38452246000571e-17,2.46920165485256e-18,-5.14896689375735e-17,8.33307259188049e-08,3.53158902559792e-17,1.8409522699848e-16,-2.5571372337805e-08,3.29639114708897e-16,-1.7997548368397e-16,3.70485260889555e-17,4.36229639946837e-17,-1.3104077369609e-16,-1.30166651342217e-16,-1.77042489658252e-17,-1.27114166473124e-16,-1.80358418582798e-16,-2.52021066983657e-17,-3.25076488326296e-17,1.50564629166747e-08,-5.06501454852748e-08,-3.26431518901101e-16,-5.68560080020722e-17,2.89768608133092e-17,-2.02059141629895e-17,-4.6582122876894e-16,2.60318245368702e-17,4.27308564040278e-16,3.88031286905799e-17,5.21378398134782e-08,1.56522714139757e-18,-2.95085331897025e-17,-3.11477906937447e-17,-3.90641563820661e-17,-6.49800085918824e-09,-5.74322665394546e-17,1.11672906889493e-09,5.52566219684604e-17,-1.96317826460649e-16,1.35532576316861e-16,6.62065587413533e-18,-2.247407878251e-17,3.03549396568484e-17,2.25321768541288e-17,-3.06309416728449e-17,1.57814716854183e-17,-3.25162427954093e-17,-1.37307884821546e-16,-1.29374159200798e-17,-1.09562838106967e-16,-6.29936359858288e-17,-9.67452308354293e-18,-1.19954088849711e-16,2.30810928247095e-17,9.81679053825655e-17,1.71062400264444e-19,-8.26924862556238e-17,-6.461502812111e-16,-1.35462288001622e-16,1.32973195360123e-15,7.31893764884053e-17,-2.2359096545313e-17,-1.28210284054389e-07,1.82883131340965e-16,-5.23639367557185e-16,3.97441212861836e-17,3.07729120617498e-16,-1.47113669673272e-16,1.07762923315505e-17,-3.16519380813656e-18,-2.08679120230674e-17,-7.81580858714744e-17,6.97060617636819e-17,9.9948514467063e-16,1.10737204930606e-16,-8.57226014738545e-17,-1.64453948018284e-16,1.80971881477233e-16,-2.75554956124073e-17,-5.58621277017276e-17,1.29591557612249e-06,-2.20894997101486e-17,-4.26956782760333e-17,1.92560406486469e-16,-4.41077084149463e-16,1.50888726123412e-16,-4.13849188374485e-17,1.45012175252535e-18,6.8848045608225e-16,-1.35494099147558e-17,-4.34197980342471e-08,-8.64121929267712e-16,-9.72702606018844e-17,4.17625068211111e-16,5.94651495877029e-17,7.03989021852928e-17,-2.59386771654054e-17,-7.21109671078679e-17,-4.05819543041214e-17,1.1567008167665e-16,5.85623029636671e-16,2.05895529489943e-16,1.36044737573099e-16,-7.01095843807041e-16,-0.080671565678431,5.11514174645644e-16,-4.49814881572954e-16,-4.70576367733157e-16,-6.3081724614498e-15,1.56573556818059e-07,-4.74301735539024e-17,1.89319611477308e-16,6.12678156294742e-17,6.79837800289918e-17,-3.07449597517204e-16,-2.63381612361674e-16,5.3585489339926e-16,1.84360015453775e-17,1.10084490373963e-15,6.363929668412e-16,-9.9223840342332e-17,3.9832108443501e-17,3.00256715676138e-16,-1.94004579397526e-16,-6.12713478444186e-15,-2.08373059213223e-15,-3.61943324210941e-16
"t986",0.0339380914026049,-0.00934167733422596,-0.0101671825181286,0.000564159379483034,0.00488612292564783,-0.0123592387272949,-0.00172461957848585,-3.52558868045054e-06,-0.0278956720334759,-0.0107834353827666,0.0575186854591034,0.000437144593469685,-0.0006584878843231,-0.000116201317286042,-0.00127542243491017,-3.85518218543484e-05,-4.63568485616765e-05,7.70554770582366e-06,0.00492039186856734,0.00418616263032127,1.28005883006096e-05,-0.000105632094436858,0.0850846378299019,0.00291324389071055,-0.000231858381189237,-0.0107350901408255,0.209414395696538,0.00271604657045291,-0.00636521722592975,0.00867646631792713,0.00197089683184713,-0.024459914736896,-9.33366327825899e-06,0.00733585560284252,-0.00740255750882383,-0.000652885496045406,-2.3876379531124e-05,5.78210606956415e-05,0.010456042671738,0.013697164003319,0.000152401184136164,-0.00771781368171679,8.12161206236493e-06,-0.000584319476229197,3.13552989222586e-05,-9.54773826904774e-06,1.95555977879237e-06,-3.11203919490323e-05,0.00406496593406301,-0.00719311848905553,8.24560427679104e-06,-1.73060109917454e-05,0.25756241182799,-4.7162398714209e-06,0.000457760719679664,-0.000353478712686859,0.000165613413141568,-0.000200437032764748,0.00174454068045404,-2.83528241184137e-06,-2.61939615510048e-06,0.000134959978371392,-7.88565038807139e-05,5.86800011763619e-05,-0.00105813720904303,1.10299322456092e-05,-6.79312070172946e-05,0.000205034126718649,-4.92665249682697e-05,0.000219785373770665,-1.78880883879771e-06,4.62069354606532e-06,-1.58128787931782e-05,-1.0061594873439e-05,4.21922713219065e-06,3.55470259959862e-06,-3.62133018224185e-05,5.2943438982436e-06,-0.00237310624202178,-0.000145789850156635,9.74897478699022e-06,0.000758053470928596,-0.00180288003790932,-2.60506667302631e-05,0.000235009797524803,6.14513989777775e-05,-9.3612974363412e-06,-0.000160498313039856,-3.00116834189901e-07,1.20673225188421e-05,-0.00012166425053372,6.64221980264477e-08,4.57576769103614e-05,-3.952133524098e-05,-7.74291182923295e-06,-9.02208690800876e-06,-1.06008271702453e-06,5.58904737187241e-06,-6.24989109938498e-05,-0.00128570439510363,-2.72895417167955e-05,1.8131205139082e-07,-3.81608824105264e-05,4.29696136941482e-05,-8.34030925812949e-05,1.45517714640072e-06,-0.000466232107297896,6.85666071061267e-07,-0.00300516519346441,7.49447005221298e-08,3.12415705992122e-06,8.19405319361663e-06,-2.56195113851065e-06,2.75869579933337e-06,-2.86006194866556e-06,3.2517094647316e-06,-0.00058303617496723,0.000583198535061792,-4.81486342547132e-05,1.66597198928232e-05,-9.34395557533951e-06,1.78611524001743e-05,-0.000248504897156054,-0.0002460988112184,1.20144924916063e-06,-2.45512867747826e-05,2.54226021417583e-06,-5.91713040942959e-05,5.14008366801874e-05,0.00178731617499325,1.31489092582159e-05,-5.05141131060389e-05,4.62452502039879e-06,0.00164321440446645,-8.1138070905112e-08,5.39274545424513e-05,-0.000150047049248512,-5.3124657098629e-06,0.000409406758032618,-0.000111651783024674,-0.000607408746635326,-8.39426461045655e-06,8.63396648173323e-05,5.44832103667722e-06,3.14233103326072e-08,-0.000147328450636669,-2.43446712040333e-06,0.00020045037577983,1.26794656755286e-05,-1.18077731274143e-06,-1.4539669387322e-06,-7.43916358101733e-05,-1.02587695801003e-06,0.00024886400602885,-7.43743570873564e-07,-1.39437235456141e-05,8.57624036872386e-05,-8.61388923136802e-06,-5.04736423397666e-05,-7.0283165808406e-06,-6.85481653647704e-06,1.00154409239001e-06,-0.000133698853962964,-1.01952475199887e-05,7.09019178574383e-06,-5.20621441718941e-06,0.0103168865497455,0.000121448465175171,0.0110228483353319,-1.40774380493566e-05,8.4860615774527e-06,1.31471727324153e-06,-1.68842410870342e-08,1.3625940510684e-06,1.90133500151448e-07,4.52062894794425e-07,2.11507871982988e-08,-1.43226845479185e-06,-7.49349592587148e-05,-8.6049448258263e-06,3.57934983209451e-05,1.06555363406124e-05,-2.32828216629881e-06,-9.76800271530446e-09,-3.14844686047711e-07,-1.83066981012032e-07,-0.00191237993527328,0.000874233954370984,0.00452731723289893,1.67168479531968e-05,5.69189196432221e-06,9.99151791802581e-06,4.36730886606403e-06,7.78660483087916e-10,8.40458031187952e-08,-1.9270320030413e-05,-1.24784333957907e-05,-2.07455161227978e-07,2.27791267477181e-05,4.35578196638468e-06,7.8952882814768e-05,1.46380913275479e-05,-5.10509857419559e-07,-6.44375879953385e-07,-7.35268022970303e-05,-3.39781030653222e-06,4.64441212962656e-05,2.45378270308278e-06,-0.000131212557135269,-2.74930805447257e-08,-0.000524721324745446,-3.28291024438374e-06,-6.97078690834084e-06,-0.000189461789521732,3.02650036893938e-08,-5.07994559439252e-07,1.44316599047123e-07,9.14430167877475e-08,-4.30191861264899e-05,-1.00462093794368e-05,-4.56761068994736e-06,5.27624110919401e-06,1.15396132734793e-06,4.86043586671205e-06,-1.41655694876932e-05,-8.05129952587544e-07,-7.61909474936731e-05,-4.19734558348046e-07,-0.000155802543932152,-2.83264276838841e-05,1.52116668401017e-06,3.12449498721169e-07,9.44080316615467e-06,3.47482655149529e-06,-1.2568070475648e-05,-3.46639348979104e-08,-1.50580049258891e-05,5.92879701901619e-17,-1.39215971589282e-07,1.98068455490109e-06,-3.9210911285306e-07,-9.86320451055485e-07,-1.30340881099149e-05,1.80050857617451e-07,-2.46657492830369e-06,1.09204746205153e-06,-3.61473047790069e-06,1.34331685195516e-07,-2.71565538140923e-07,0.000112324086905001,-7.59879368051943e-08,8.58593059203199e-06,-0.00212448114980273,1.75441653103669e-08,-1.02342852104396e-09,4.18445433916134e-08,-1.70597345010388e-08,2.33248867461413e-07,-1.08706230927309e-05,5.83489760684942e-06,-1.85024016073696e-06,0.000283573112573947,-7.80635923183841e-05,9.19815954199115e-06,-0.301127121188161,-0.000586397963929394,8.02846166019274e-08,0.000688041587391086,3.28665256361867e-06,2.32906685266184e-05,5.88119066160958e-08,-0.000100446551974019,1.41609057599443e-06,-1.24502016488123e-06,1.92763541973944e-06,-3.66809605892356e-06,2.75951206626412e-06,-1.97189646921577e-07,3.6165322068677e-05,-1.55369339650094e-07,2.53115949803274e-05,8.40095387420462e-17,-6.05107561541619e-05,-1.03919868183264e-05,-6.34509538618703e-11,-5.43771940939736e-07,7.87592449278462e-07,-4.84870214511747e-07,-1.37231272686778e-07,1.54047968312183e-08,-6.8627989897447e-07,2.59305246788647e-05,9.507770150451e-06,-7.26272332316708e-08,3.8676692541852e-05,-0.000129555362210603,3.47965956122869e-06,-0.000105909149988172,8.71793255565543e-07,1.52202545063901e-06,2.34848409379666e-08,6.28133729385479e-05,-8.14800168189335e-06,3.60512217363367e-08,-1.1296983897372e-05,1.32413595082085e-06,-4.80992137963603e-06,3.52204965849743e-06,3.13498038428162e-05,1.58999885383146e-06,-5.05057781129916e-07,-3.29467867143557e-06,3.34549502493334e-07,-1.54926332232236e-06,4.32137914902513e-06,1.73778153144418e-05,-0.000134825656323333,-1.3676795749778e-16,2.55188930078788e-07,1.39779100685063e-06,-1.38216793077776e-07,7.38270281507256e-05,7.92588319533994e-08,1.93818902210195e-05,7.73230647422345e-05,-6.04300901713926e-06,2.63243603013003e-05,6.37206723158336e-17,-0.000354874077793444,-1.60219560758244e-08,-7.18690398445251e-06,3.04482692199327e-07,5.86857822301426e-06,-3.98682150377864e-06,-6.91104916731902e-05,1.91096340786387e-05,-2.08142744522302e-06,0.000144691315461737,-4.992014894195e-07,-4.98960631362403e-05,-6.85566666024779e-08,-1.06131083448617e-08,-0.000152504350105285,8.84055427905582e-07,-0.00102469130815017,2.3821116712914e-16,-6.59043548956497e-06,5.71719038668864e-07,1.64938585005929e-08,2.12638079204082e-07,-0.000347963293053182,-0.113515696008327,-2.48105484622675e-05,7.49634008502231e-05,2.54076315598867e-05,-1.49224545592097e-15,0.000311007044049962,9.78160201627415e-07,0.000421720946067756,-7.66043602382304e-15,-3.59873015043195e-05,-4.41997329030002e-06,6.74237151116068e-07,0.00147202272634683,6.87356852643568e-05,0.000220417787263144,1.08187868204905e-05,-0.000181085411571894,-2.07777070339928e-06,-1.06443857056742e-07,-2.14990378607211e-05,-6.47213596057672e-07,4.43489910841579e-17,2.021709016529e-07,-7.19765560581851e-06,-2.85887134603325e-06,1.59615724691645e-05,-2.74798395029812e-17,2.57520428397423e-07,-3.720873772404e-08,3.80808337336984e-06,5.19037614552824e-08,1.77949886072722e-05,-1.56652734229591e-07,1.76678350178656e-06,-6.43423487788669e-06,3.24116647508889e-16,-1.63839625380363e-05,7.527248818078e-08,-2.04560118813286e-07,-2.00167863521675e-05,2.61199205621583e-08,5.57572485694984e-08,-1.41210178817683e-16,-8.57171333974053e-18,4.31722819426381e-08,2.50791814263022e-08,-3.24572164662663e-09,3.11410003967604e-06,-7.93045116472027e-16,1.77085716575503e-06,1.74142031165875e-08,2.87620100417995e-16,1.59488856171425e-17,-2.45193830283996e-16,-9.86037454635221e-07,-2.32563218735114e-08,1.25861230021504e-08,-7.62422287632086e-08,-5.93940828290688e-09,6.79414087523532e-09,-3.3264526844096e-09,3.16771261080318e-17,-2.07425509735635e-09,7.02933709620002e-09,9.2390041581643e-17,1.08021416717547e-16,-7.02920542636897e-09,-4.38171886905637e-10,-4.90874964264112e-09,1.30692378467914e-06,5.57556184690486e-09,-2.26556962167705e-07,-6.35701435271246e-16,-8.12791624099341e-08,-8.76743235766933e-17,-1.6124696156387e-05,-1.12513501081666e-15,-6.82261097252742e-09,3.58123482548993e-16,2.92564397172621e-08,7.7622772730252e-09,2.20546001861845e-06,5.25032240933853e-07,2.3339068398504e-08,-2.75348679473527e-09,1.78361868426917e-08,6.99053199224874e-09,3.35117186634469e-06,1.13026840394597e-07,6.73205684741234e-09,-1.94525172955434e-08,-3.61810518819548e-06,-5.07061972967935e-07,-9.65763294655201e-09,1.32681241612156e-16,9.2160448254229e-08,-1.61474455497253e-08,8.66650908262284e-09,1.39671631896661e-16,1.62582789318825e-07,4.68517402766003e-07,1.50651138935246e-07,3.98175896469859e-16,-3.65851281854822e-08,-2.07689709513197e-06,2.31240594438414e-16,-2.59528584085854e-08,5.87721802480107e-08,2.92637186166654e-16,5.98418596957232e-16,-2.16965766492034e-09,-1.22611054936377e-06,-6.99185239231968e-09,-9.7085402456445e-06,2.71202751669157e-07,7.15214379887728e-09,1.24656835961764e-06,6.41212452346987e-08,-1.63386183764533e-06,-3.38539845582502e-15,3.10068835347832e-10,2.2835035278895e-08,6.71873501822371e-08,0.000174987277502188,3.7139076008042e-16,-1.90167618352085e-16,6.68867590519039e-07,-1.24808861504216e-16,-1.29954694401004e-15,7.47879337085882e-08,-1.09472972950741e-07,-2.04932594084205e-08,-6.61325164292858e-07,5.15980116914185e-07,1.34722510794494e-07,1.71626931160741e-07,1.55711428145727e-17,1.47804391206769e-06,4.01268548410664e-08,3.12050725113903e-07,-1.71571170848173e-08,6.50527190123455e-08,3.70275510307277e-17,-3.57650091916437e-16,-8.16466094347592e-16,-5.57753457753661e-07,-2.45112177629194e-09,-1.58425917093522e-07,1.06811893180319e-16,-1.80015779395895e-09,6.06939663740745e-17,1.92042320520518e-16,2.31660672738815e-07,-5.77750637740395e-08,4.16777900735424e-16,-4.38613870429149e-07,-5.59796828107446e-09,-1.91750001920149e-15,1.10981789723435e-08,-1.72352398645884e-17,1.9442491977179e-06,2.72225323932761e-17,1.8966636034353e-06,2.63375820700805e-08,9.36944243436378e-10,1.52811075247788e-07,9.77727531178694e-07,-1.93449688620486e-09,2.04132656230523e-08,-3.32841839320147e-16,-2.18066897653844e-08,1.45717206395819e-09,6.75732213945702e-16,2.32644007779737e-10,6.31181795014904e-09,-1.81198350434915e-09,1.0364669343016e-15,-1.00173036633011e-08,-1.44662321035881e-08,4.76334458069525e-16,4.48128675007648e-07,3.58253144359084e-07,5.8610817298308e-10,4.62458271940104e-16,-5.28200361096856e-16,-1.52697635895241e-08,-9.59762528834868e-07,-2.72907583417417e-07,1.30138634350958e-08,-1.1518094600183e-06,7.77438808297987e-16,1.10402107569983e-15,-1.52782120586619e-05,-7.96336528096746e-09,2.60758602166478e-16,-1.21646060320608e-05,1.65431999096835e-16,-3.95243591863624e-08,7.73248275354306e-07,1.04567220821059e-06,7.23449724042399e-06,-6.11347702485163e-17,6.52540941981383e-16,3.35985064932635e-16,-1.57206825654397e-15,8.42597251953973e-09,3.03253473119226e-08,1.48817473430501e-15,2.58642924352698e-15,-1.35215629309385e-15,-4.90395545472066e-08,-4.69400153259104e-10,3.10356855054628e-08,-2.69934877024384e-15,-8.53601179147123e-15,4.79091441351101e-15,3.12254520911894e-06,-9.9569079890767e-08,2.33514459478397e-15,-3.18893589369115e-08,1.21114511112834e-06,-1.12922554186316e-14,-2.1850037290746e-14,0.792278455539013,-1.12247766817198e-07,-0.000401831574767531,7.44401244336367e-15,3.17373780310691e-07,3.94618605855932e-06,3.25116899479205e-06,-9.3846597173812e-06,-5.26757620590423e-07,7.81254826202824e-09,-2.99070266662573e-16,-1.94904313402319e-15,-4.823652629406e-15,1.04683683046163e-07,-9.444068171966e-08,-3.58639321392074e-06,-2.48968914280108e-08,6.97366192983879e-16,-9.01728883303577e-15,2.46508747714619e-16,-3.01990059672657e-15,-9.19232718418401e-15,1.42651759029581e-07,5.1828573532639e-16,1.07450897916869e-16,-3.09431678083783e-05,5.26559385404258e-14,-0.370327184945345,6.37244163687045e-14,9.41744390453027e-06,-8.49552921356878e-15,-1.19841915495901e-06,-2.74891141916656e-07,-1.52166193297534e-07,-3.76188232752846e-15,0.000180315978877243,3.73262872246459e-16,8.79997559412473e-07,-1.37902251769185e-07,7.6238968789346e-10,-1.35337454216186e-15,4.15596236430224e-06,-4.56662635355108e-16,-2.93971784026625e-07,-1.49934633226027e-07,-7.07132608922302e-16,-1.23470501117377e-15,-3.28533322979462e-16,-8.48933889889176e-17,-2.24040455388423e-08,-3.8271363423617e-06,-2.50252988601864e-07,-2.85821977707215e-16,1.37591550766198e-16,-1.47992138486711e-08,1.20608175081501e-07,1.21708478680437e-15,1.12532275687402e-15,-2.34387554007018e-07,3.05018653762408e-16,-4.51756789463218e-06,1.68495200022168e-15,4.07770902429998e-07,-6.47948958284225e-16,-1.69353136017484e-15,5.58248899648168e-16,3.62754121509283e-16,1.25601734603973e-16,4.22025064905535e-15,7.6233563286854e-09,-5.3296633746912e-08,5.85975385481322e-17,-3.50683325571941e-08,1.46798041318245e-06,-2.55595556378977e-16,1.25543604388252e-15,1.25820464089727e-15,1.33163997116252e-15,1.32851786526673e-06,3.58873107665364e-07,2.18539495171704e-16,2.2762599711527e-16,-2.57044149626702e-07,-8.29873832021617e-08,-1.25438455974306e-09,-3.23429700751467e-16,-3.28292320900204e-16,3.09927764129304e-17,-6.7794697034011e-16,1.74668461084707e-15,1.64529248818468e-16,8.32465931512438e-06,-1.69619280545307e-06,-5.11760834458957e-06,2.26404699891645e-16,3.06258919966585e-15,4.77597838298446e-16,-1.19830852730449e-15,-7.85027619514482e-16,7.16741361986792e-16,-6.57575763265611e-16,3.53714012920039e-17,-1.75547519587005e-16,2.88578804406946e-16,-7.89530334541553e-17,-5.37760161549643e-16,-1.32403401922491e-16,-2.06837521974882e-16,4.59340532357853e-09,1.93510662637976e-17,1.44933219000515e-15,-1.27949600252006e-17,6.47630770157506e-08,-8.0017254287365e-08,-2.07655548813489e-16,-1.66899643011039e-09,5.88204252636909e-08,2.20892482757631e-16,1.45733964509561e-15,-1.12773967170526e-07,1.20816662791112e-15,1.43027122802276e-09,-2.64765963044746e-16,-3.82547276305213e-18,-3.74197775551659e-16,2.98960296740944e-16,1.42058683807809e-07,-1.90115700057813e-07,-1.53249920123805e-16,-1.40088999063808e-16,-1.61386259385345e-16,1.65878494147329e-15,1.50866649063012e-15,1.11508689342404e-16,-1.72651371668734e-16,-3.98406467736617e-16,2.21738714118353e-09,-7.78424840949009e-17,-2.1503304177363e-16,3.47227007419071e-16,8.85363678435874e-16,3.82094318272065e-16,-9.11722008834698e-16,-4.79203440161248e-07,-4.47031944901965e-16,-1.32557679273738e-16,3.23819173486378e-08,-4.00258715219789e-16,-9.25149255704806e-16,-2.34146665612891e-16,-4.36739106927587e-16,2.66771561131673e-08,1.49131861719074e-16,-2.00916464745133e-06,3.70894179015368e-16,-4.49467596717573e-16,4.15261284132601e-16,-4.85698693352423e-16,2.68920213153897e-16,1.13680434961112e-15,3.16977799164376e-08,7.58279844396053e-16,4.09992870021432e-16,3.9899065393544e-09,-3.94334463817701e-06,2.15456698012981e-17,6.76901590898302e-07,1.5566637741851e-06,5.469527821019e-16,-2.78749873196454e-16,6.94916554038818e-17,2.53498247032278e-17,2.36519232993582e-16,-2.58173913599293e-06,5.87205917925522e-17,1.01254134496989e-15,3.44875206977307e-16,1.88864059416757e-05,-2.2689417381199e-16,-9.63010220246546e-17,-5.70527291380406e-16,-5.68690985907838e-17,-4.67530412714247e-07,-3.67492443025194e-16,8.13235697190778e-10,-3.52611997874056e-16,4.89366236922322e-16,-2.26130103778316e-16,-2.58832860320721e-16,-2.4498490803071e-16,-2.60748426802355e-17,1.08494342929768e-16,-1.40270249970687e-08,1.19825986623792e-16,-4.80511131679272e-16,5.88867483855779e-09,-5.7501523121124e-16,7.52137703474888e-16,8.96725607850745e-16,2.24180446062245e-16,1.02757902609762e-16,-1.66415099221037e-16,-4.25005484655003e-08,1.74744289637615e-16,-2.2209366570842e-16,1.26307750185055e-08,-2.58449009541183e-16,5.42508375581032e-16,-1.88794276019044e-16,1.49488271242462e-16,7.80275750264491e-16,5.28477227851506e-16,-2.31942598248961e-16,9.52556991036533e-17,3.79613871106037e-16,2.10069764730989e-16,2.59359576000468e-16,-6.58002159371824e-09,2.18015187227621e-08,1.24235506270532e-16,3.04326013212523e-16,-3.69426312738095e-17,2.20296698896223e-16,1.44707489224253e-15,4.40111730854212e-16,2.69507686734564e-17,-3.83962258944241e-16,-2.06910183229954e-08,1.40630942218048e-15,-1.99186173183684e-16,2.90225606922944e-16,-1.12492370369879e-16,2.40006715726645e-09,-1.42500758893763e-16,-3.79053224995917e-10,2.39137310422002e-16,-4.94581844111412e-16,3.92601017003485e-16,-1.08955295712819e-16,-2.45169205011033e-16,-1.34516510702735e-16,4.562568312807e-17,3.32666914057901e-16,-2.31308203424029e-16,-2.3959885774014e-16,4.59546888004134e-17,-5.34800071268129e-18,9.54192397483941e-16,-1.79653789745269e-16,-2.85387135546607e-16,3.28264872925595e-16,-2.080708103492e-16,4.03102816087268e-16,-2.02032642768282e-16,-3.01159224011452e-16,-6.37891739516186e-16,-1.41967501036535e-16,3.47634650723206e-16,1.42253054875732e-16,1.37448357984542e-17,3.05454488608556e-08,-4.25263814859234e-16,-1.15044200092486e-15,-2.32480249352242e-17,2.89767136528269e-16,4.43827101362522e-16,-4.27566646004339e-16,-8.47227226362738e-16,7.54987162607559e-16,5.19461748267861e-17,1.69018980763354e-16,9.68413658924331e-16,-1.52964605224646e-16,4.06953718379553e-17,3.72659808231035e-16,1.67984032731299e-16,2.99756422070561e-16,7.56369938867439e-18,-2.29445026151276e-07,2.74873475333631e-16,8.19875715597998e-17,-9.59404401779378e-16,1.04877901872162e-15,-1.05973931774952e-16,3.95223296022464e-16,2.53025695472065e-17,-4.0712798143028e-16,1.95267928505952e-16,5.17416719051891e-09,-5.90536214448835e-15,1.93404341841479e-16,-7.4984383112128e-16,1.73306377698681e-16,7.08451880693013e-16,9.77368888735245e-16,2.56510711372489e-16,7.33776197147668e-16,-4.87471586877035e-16,6.00832596491738e-16,-2.26050616028282e-16,8.81216890722387e-16,-7.96722475420263e-16,0.000429841786439716,9.81078862769208e-17,1.28024652506217e-15,-9.61274458084551e-16,-2.78650143547547e-15,-6.69941651670405e-09,-7.42186925682613e-16,-1.78728936918101e-15,-2.54686823033179e-15,-1.4617799941602e-15,7.23301407864765e-16,-4.540559182817e-15,1.295304870965e-15,-1.12427200673623e-16,-2.91991885292287e-15,-3.27029083629419e-16,-3.91633166261673e-16,4.60394131150629e-16,3.10122955445756e-16,1.67360004691892e-16,2.03398022850828e-15,1.26746382291455e-15,-2.06565861805466e-15
"t289",0.0335095012165041,-0.0090933536657262,-0.00988819402116601,0.000543428192584474,0.0046664432575973,-0.0117077621688969,-0.00163193544122915,-3.32112535894963e-06,-0.0259868086692331,-0.00988988141983318,0.0514842988869174,0.000380766855882193,-0.000571111335889644,-0.000100551829342605,-0.00109626639612134,-3.28214348595244e-05,-3.93041300207063e-05,6.51229534160123e-06,0.00414106064827307,0.00346676769124057,1.04243050926416e-05,-8.20480093134278e-05,0.0650461018456629,0.00222330277988331,-0.000176736074697233,-0.00806395385397912,0.1567049291461,0.0020264225907233,-0.00470669228280322,0.00601782863040781,0.00132802970536237,-0.0161293499897703,-5.93253384571587e-06,0.00454012529497506,-0.00444231302104242,-0.000371714704911372,-1.34682855002353e-05,3.22306463898102e-05,0.0057981511406394,0.00750815909876081,8.1639153646249e-05,-0.00405100468051126,4.20779537329961e-06,-0.000302405784458533,1.59745465359702e-05,-4.57848976404356e-06,9.19758330327449e-07,-1.45017850121788e-05,0.00184469437348405,-0.00316904344333081,3.48659039417108e-06,-7.17420545256235e-06,0.10645940598829,-1.90051629670699e-06,0.00017513760491748,-0.000134146895718465,5.35824995937558e-05,-6.17649803391898e-05,0.000534379238352291,-7.60993389409165e-07,-6.27605713091092e-07,3.04063731168325e-05,-1.68508969364247e-05,1.23677301453062e-05,-0.000200038985902357,1.86962436458188e-06,-8.580591862541e-06,2.19127345984913e-05,-4.82180924466669e-06,1.79416067996361e-05,7.30606661265099e-09,-3.20265486662254e-07,1.25474879058447e-06,1.00690248475203e-06,-4.33198100045444e-07,-3.96825808916629e-07,4.17180905698121e-06,-7.02665921868357e-07,0.000408969241121608,2.74575153142293e-05,-2.10241717148001e-06,-0.000167965776736389,0.000477439116011849,7.2381555108035e-06,-7.8406980024309e-05,-2.14369095376992e-05,3.40953378345107e-06,5.88556649933889e-05,1.10249711697447e-07,-4.45271733841258e-06,4.56053082237878e-05,-2.85670456934706e-08,-1.99111727466892e-05,1.85433812221537e-05,4.08598462976561e-06,4.84044929009432e-06,5.69181878116792e-07,-3.12575407771621e-06,3.54716426403938e-05,0.000769935899121473,1.70370274415335e-05,-1.13604630174546e-07,2.40077006028892e-05,-3.19456221767309e-05,6.27191262340954e-05,-1.10398928489173e-06,0.000359237067157705,-5.30580940967465e-07,0.00234305543231807,-5.90971090085047e-08,-2.47255489746603e-06,-6.62553300785904e-06,2.07677939828876e-06,-2.36034983410793e-06,2.47446791127819e-06,-2.88146382451978e-06,0.000522127471135536,-0.000537306143224875,4.55517346329321e-05,-1.60720341466634e-05,9.11326833444089e-06,-1.80720629139405e-05,0.000257293031759365,0.000255023632439539,-1.24908707647567e-06,2.61179375506542e-05,-2.70958909716834e-06,6.4293926060629e-05,-5.88927762647396e-05,-0.00204900483648901,-1.51372314026717e-05,6.0151219962444e-05,-5.54260162959569e-06,-0.00197864215119941,9.95621945876615e-08,-6.63443254393384e-05,0.000191855603890467,6.9992036056703e-06,-0.000561059477045942,0.000153176581116108,0.000838805736280842,1.1630812729684e-05,-0.000120269313072347,-7.60481980646337e-06,-4.38621551710338e-08,0.000208635091244392,3.54569589296298e-06,-0.000300152187996128,-1.91153379938282e-05,1.80663600037004e-06,2.22722369380117e-06,0.000114591770117906,1.58541142287179e-06,-0.000386025098153265,1.19270266381813e-06,2.24777341423425e-05,-0.000138761050486794,1.5094733770729e-05,9.00933797709367e-05,1.25803887673606e-05,1.24590056331756e-05,-1.82602670514157e-06,0.000248492915505274,1.8992736299201e-05,-1.34529913572129e-05,1.00517457775879e-05,-0.0209133968944669,-0.000246601208185978,-0.022391519235204,2.87815771672391e-05,-1.74804708136747e-05,-2.71110501828539e-06,3.53313526842785e-08,-2.86433478388161e-06,-4.03608170940181e-07,-9.61915450732801e-07,-4.50603832278536e-08,3.1201374614674e-06,0.000166961296025546,1.92461008002525e-05,-8.0348726538191e-05,-2.41762719038474e-05,5.3042560264258e-06,2.23421967155095e-08,7.22842332539871e-07,4.255756315666e-07,0.00445938699236446,-0.00209265786913085,-0.0108463380080677,-4.03959920037191e-05,-1.40797256388098e-05,-2.5190815023257e-05,-1.10828060468291e-05,-1.99508527364555e-09,-2.16882274105171e-07,5.07804376923385e-05,3.30308130381763e-05,5.54358548565715e-07,-6.11572072841481e-05,-1.21191244041938e-05,-0.000220034884376238,-4.14029913651587e-05,1.46486444948833e-06,1.91278596509855e-06,0.000218293033951697,1.01189491132538e-05,-0.000139622363945995,-7.42479967148063e-06,0.000403895610994569,8.64244396612904e-08,0.00167729343359545,1.05480547648539e-05,2.29202284156985e-05,0.000630948927056258,-1.00822867329921e-07,1.70913922234885e-06,-4.97870504631068e-07,-3.16984989477585e-07,0.000153002312958759,3.6372742893473e-05,1.66398098632497e-05,-1.97207932229917e-05,-4.33974723342765e-06,-1.84030371483053e-05,5.47656460142056e-05,3.12600016501817e-06,0.000296128860525783,1.66997550030016e-06,0.000628941999468608,0.000116246923625679,-6.2902738112687e-06,-1.30237252824208e-06,-3.96506110944827e-05,-1.46255534377807e-05,5.39877239336902e-05,1.50868842388504e-07,6.65032445234734e-05,-3.81259624849454e-18,6.28433975024229e-07,-8.98140657899161e-06,1.8370460057334e-06,4.74871034722965e-06,6.42901513092746e-05,-8.89434783832891e-07,1.28156430465651e-05,-5.72716640019054e-06,1.90406720030316e-05,-7.23267924410535e-07,1.48536028136464e-06,-0.000633717414936394,4.35112889987167e-07,-4.9475718916632e-05,0.0127049415245189,-1.32023361514383e-07,8.8370993772491e-09,-4.25961000560771e-07,4.08626694440722e-07,-6.43898014979589e-06,-0.000285031465040713,5.42944832753626e-05,-6.25687491869842e-06,0.000695536259226205,-0.000132465529135217,8.22688012250034e-06,-0.0115282638974124,2.44453393633196e-05,-1.03103368404562e-07,-0.00089750668466038,-4.36081899659621e-06,-3.59816939139523e-05,-9.51901164084869e-08,0.000183850416100546,-2.64294072056798e-06,3.33557681752613e-06,-5.28394387822129e-06,1.02259325603601e-05,-7.96782489576416e-06,5.8376899754879e-07,-0.000112377819763962,4.88797769534638e-07,-8.037779183736e-05,2.49205203415862e-17,0.000197875739453386,3.41046097438869e-05,2.10589737102377e-10,1.84928140678174e-06,-2.72919265625405e-06,1.69417775926007e-06,4.81404230511706e-07,-5.6496169502691e-08,2.52318790494977e-06,-9.54003209507916e-05,-3.53621600829598e-05,2.77547164918854e-07,-0.000148425867569496,0.000498596369375077,-1.35117401644216e-05,0.00042322318923188,-3.51812111811771e-06,-6.14542314360742e-06,-9.48388820526287e-08,-0.000258586280800219,3.40342778307463e-05,-1.50781304634097e-07,4.73276589454147e-05,-5.5566036204036e-06,2.01930987763687e-05,-1.48183288584616e-05,-0.000131905572548628,-6.69041698744877e-06,2.12522016665119e-06,1.38619426971815e-05,-1.40696106845848e-06,6.5109801708447e-06,-1.81540680172416e-05,-7.29466199175941e-05,0.000564707635913282,-6.66369679951933e-18,-1.03659351721168e-06,-5.6503207274647e-06,5.54271207602054e-07,-0.000295984192270986,-3.17677164451713e-07,-7.75212866648052e-05,-0.000307997786325597,2.39472977196273e-05,-0.000103142106928074,-1.34042276471704e-16,0.00134808469717627,6.05985782959236e-08,2.69180675902242e-05,-1.13904599305972e-06,-2.13690712437249e-05,1.4277276496795e-05,0.000241162335811208,-6.53898774197298e-05,6.78892643240797e-06,-0.000448049917356774,1.48843379064217e-06,0.000145367283537893,1.96737582739373e-07,2.96052231617557e-08,0.000424031012514679,-2.40579976419218e-06,0.00274024941111199,-2.07211144317031e-16,1.50775683891832e-05,-1.2574621573784e-06,-3.62627004125322e-08,-4.10529724418694e-07,0.000656924204041801,0.149071935102668,2.80466480740977e-05,-8.1954740162935e-05,-2.41163360040946e-05,1.70365728791455e-15,-0.000241991948939115,-6.96945657841373e-07,-0.000193159974785911,2.75354268333475e-15,5.94152124215138e-06,4.12084239266785e-07,-3.74525827472997e-08,3.42326716108039e-05,1.08805765741201e-05,5.77884707507493e-05,3.73205208372005e-06,-0.000108325476831671,-1.30702030645514e-06,-8.63736611141608e-08,-2.4668760681536e-05,-7.54083744599856e-07,5.86604597609663e-17,3.81280794189364e-07,-1.45396814719203e-05,-6.64808884770447e-06,4.49481890590712e-05,1.13683283354632e-16,1.02951675291348e-06,-2.07001902912684e-07,2.42362979848936e-05,3.50926726449267e-07,0.000129148805347244,-1.29143023018834e-06,1.77530165697902e-05,-0.000102606921527207,6.54260091538479e-17,-0.000389783060897563,1.85523994144209e-06,-5.43104376986789e-06,-0.00059006650580586,7.76251412704304e-07,1.70747350824725e-06,-2.5862272032276e-16,9.20920228902174e-18,1.57766863158114e-06,1.07654786724339e-06,-1.42229639995785e-07,0.000159050244511176,-5.05868730315619e-14,0.000131471968239486,1.56541152581808e-06,-8.82212051215776e-17,-1.43003549952031e-17,5.05765223700498e-17,-0.000199324262936962,-5.44902070534696e-06,6.03694892048755e-06,-0.000185105988465783,-2.63110692861284e-05,-4.91965313646683e-06,2.13699238544778e-06,1.13561177813277e-15,4.77242146088121e-07,-1.34937672160272e-06,-1.17806207732297e-16,2.63794101503745e-17,8.68949635502088e-07,5.04863607006418e-08,5.21465198946878e-07,-0.000132383738288016,-5.21961346022781e-07,2.09685131123828e-05,4.2430441404871e-16,7.40998016479048e-06,1.80845938924845e-17,0.00141196283791029,-5.02777437389914e-16,5.81508396735463e-07,8.41455935619059e-17,-2.41645699816532e-06,-6.37303450896699e-07,-0.000168960044578049,-3.97175296419577e-05,-1.75659455483635e-06,2.0295912652709e-07,-1.29310201489911e-06,-4.90080011365926e-07,-0.000234874783915817,-7.85032758428269e-06,-4.60511386829081e-07,1.30710511092373e-06,0.000239977062167021,3.33288618576395e-05,6.32197807571927e-07,3.81388121714207e-17,-5.96533636774672e-06,1.03585174309048e-06,-5.46748534186893e-07,-6.61228512918381e-16,-1.02293556651695e-05,-2.94064511187569e-05,-9.45115380204379e-06,1.91407131787998e-17,2.29491794524807e-06,0.000130328502248682,-1.83427456677489e-17,1.6296496896682e-06,-3.72798913643775e-06,2.89592178181792e-17,-1.6891432033482e-16,1.38549593803829e-07,7.8349586879963e-05,4.48271420149991e-07,0.000625086803864226,-1.76526232929524e-05,-4.66012166885939e-07,-8.1342593063738e-05,-4.25945814847366e-06,0.000110395812204663,4.74623488913141e-16,-2.10979806241135e-08,-1.55568662388007e-06,-4.59756954710271e-06,-0.0120400075819342,-9.60384046367987e-16,-5.13801966839008e-16,-4.63815248468247e-05,7.16485721501579e-17,8.84780727058421e-14,-5.49062015863214e-06,8.12900436007673e-06,1.52211491722044e-06,5.04433963614232e-05,-3.95064903889046e-05,-1.03235829571603e-05,-1.32217676333661e-05,-7.53934194569613e-17,-0.000121224666044353,-3.34054017046735e-06,-2.61097430874884e-05,1.47367671792309e-06,-5.88958523283248e-06,-2.03887034244674e-18,-5.25556005790159e-17,-1.25527460058575e-15,5.51874282504979e-05,2.53486579578427e-07,1.64417523814316e-05,9.45735120047351e-16,1.95808224166477e-07,-2.45497512892758e-16,6.8605894599932e-18,-3.30822802980362e-05,8.28642453707868e-06,7.15044658932036e-17,6.89220059270877e-05,9.33719833679171e-07,-8.40978185404589e-16,-2.13175953874461e-06,-1.90743330737581e-15,-0.000464317542662188,-2.0317976616043e-16,-0.000463519443359194,-6.55579343160246e-06,-2.38234454671775e-07,-4.0064164333326e-05,-0.000275940688763882,7.81467798094105e-07,-2.43616429518198e-05,-6.11407748952794e-17,-1.46801753139923e-05,8.30297371733798e-07,-5.03833015794644e-18,1.09687337345457e-07,2.24650780399126e-06,-5.2431926315914e-07,-2.90678944749993e-17,-1.70806698311272e-06,-2.26610228148167e-06,4.69903977652658e-17,6.31367229031618e-05,4.80201691745077e-05,6.60540215002559e-08,-3.51840559349666e-18,5.06779690309952e-18,-1.20271289718308e-06,-6.58541960958181e-05,-1.8217344315524e-05,5.01206635773434e-07,-4.06693117826644e-05,3.96392299216004e-17,-5.72507668988969e-16,-0.000508004593593519,-2.62771807399869e-07,-2.16505604886672e-17,-0.000362454743038271,2.40520358047251e-17,-1.06565827862559e-06,1.81194589660595e-05,2.42557402796581e-05,0.000161208851572249,2.72526481303923e-15,7.30348807878817e-17,2.57997944795158e-17,2.49174552797178e-16,1.27292321311197e-07,4.42420830837328e-07,3.3779433054809e-17,5.43415232618509e-17,-4.43916326418348e-17,-6.27275540959903e-07,-5.65501806514664e-09,3.14106763267205e-07,-8.26268269500754e-17,-7.69863152971571e-16,2.25465671159647e-16,1.39095933041126e-05,-4.26153428516609e-07,-8.57524147793976e-18,-7.59494650003569e-08,2.00431127971918e-06,-2.24177540813275e-16,-4.99386009075186e-16,0.0172605559143703,1.17308382120457e-08,0.000406033523284918,1.44656597752698e-16,-7.77884768717421e-07,-1.26584590502887e-05,-1.37230187219816e-05,5.1894156653074e-05,3.09021342903495e-06,-5.06331109790177e-08,-3.59327646759077e-17,2.55362203879441e-16,-1.48989523419165e-16,-9.98838731175954e-07,9.0488200335346e-07,3.55166375138274e-05,2.76235853649367e-07,-3.00327395376554e-16,1.92868349004637e-16,-6.29942626803232e-18,2.58490493692282e-17,-5.80076983876846e-16,-1.35345803793211e-06,4.80672531194279e-17,-7.0249838153505e-17,3.9042809790398e-05,-4.03723158625136e-16,0.00243978766992491,-4.62412226565068e-16,2.53884126297041e-05,7.05353108046864e-17,3.14027698056764e-05,6.69717643004518e-06,3.511136142537e-06,-5.83543658887196e-16,-0.00405586656786101,3.30762147085027e-16,-1.98332454871991e-05,3.23552572565004e-06,-1.7925331473442e-08,-8.64850227668069e-17,-9.97244055083487e-05,1.38685264673187e-17,7.29670910927522e-06,3.72783416173765e-06,-4.21327862624348e-17,-1.51944075620709e-17,-4.42897611155076e-17,1.02673586851075e-16,5.73182498932289e-07,9.86585310129496e-05,6.5082987564388e-06,6.04524712588252e-18,6.88531330306173e-17,4.01407332721789e-07,-3.27741019502991e-06,1.92977354398053e-17,-1.67758116222117e-17,6.70693768652766e-06,2.39934506541641e-17,0.000130685210689961,-8.58837584318799e-18,-1.21709036691153e-05,-1.38160224137192e-19,1.80074841344568e-14,-1.45351080759236e-17,-1.9850608165807e-18,1.51215332277006e-17,-6.48272163166597e-16,-2.42158219393431e-07,1.69434622663647e-06,2.03252018593939e-17,1.1389361884768e-06,-4.81021996743839e-05,-4.03306359477009e-17,-1.23066120779685e-16,-1.3441733674313e-14,-1.92439398332475e-16,-4.52186426000352e-05,-1.23229421648739e-05,-1.1717925631388e-16,8.70049753439017e-17,8.91312460843962e-06,2.8812870447908e-06,4.37388618086983e-08,-3.18681125803167e-17,-5.63375436851825e-18,9.30144970934755e-20,-2.65830198572267e-16,-5.35525826300134e-16,-7.12847236971287e-17,-0.00031104591009686,6.37858376460512e-05,0.000193680486494834,2.33336329851105e-17,2.9939154286929e-16,-2.31375055161738e-17,1.13358365375893e-17,3.67976272295304e-17,1.06610749356595e-16,2.24687153723452e-16,-7.13140924805697e-17,-5.57288947844018e-19,2.81534425759279e-17,-1.12888561452952e-16,-1.15267228833585e-16,-9.1528980019788e-17,-7.44564367144014e-17,-1.93513142731553e-07,-6.86247707589769e-16,2.37746222626203e-16,5.01971861962072e-17,-2.76753292358906e-06,3.43066612664016e-06,3.22177373494116e-18,7.17029604795079e-08,-2.57177994230018e-06,4.70256956402134e-18,-6.36742390672959e-14,5.04008210421429e-06,6.74525749731077e-17,-6.56691383092995e-08,-1.90823374881235e-16,-1.3111080781285e-16,-1.19658297242518e-17,-2.1100957281679e-16,-6.80798660891281e-06,9.13774827950512e-06,-7.8419241047706e-17,5.9306517601375e-18,6.88191778440528e-18,1.68369907402365e-15,6.90697835811825e-16,-1.55598052728964e-17,-1.13058798152731e-18,1.0227809551719e-16,-1.24509712834292e-07,1.23631366558931e-17,-3.00681511476027e-17,-8.06604450442898e-18,-4.76295467507489e-17,9.55967121118213e-17,8.61378997645706e-17,2.78667163130084e-05,-7.80779456051481e-17,9.79806597360866e-18,-1.89539573731176e-06,-5.95281142858863e-17,-2.15212831397266e-16,-1.61136087260565e-17,1.12165322009672e-17,-1.68889320310308e-06,1.2413967768652e-17,0.000129049652992086,7.25277036372942e-18,-1.66540894613606e-17,2.80935354998212e-16,-3.52210415551359e-16,1.10735116188262e-16,7.4494766788453e-17,-2.09780989587193e-06,-3.6535130394574e-17,-4.34954096351986e-17,-2.70303242217252e-07,0.000267466759668853,1.07036480764431e-17,-4.68612089037084e-05,-0.000108466500320227,3.90040642924387e-17,8.96105698788208e-17,8.64787582239937e-17,4.38896818527299e-17,-8.97282936652488e-17,0.000198720770817095,5.13834159045998e-17,4.01080204641119e-16,-1.09865967614358e-16,-0.00149333663200883,3.25267640345782e-16,9.98621991422144e-17,5.91248265003066e-17,-3.4642954054831e-17,3.83396978542253e-05,-4.4822664723072e-17,-6.74586688345632e-08,1.41735970777896e-17,-1.23989095367189e-16,-9.79393554291192e-18,1.93734171390591e-17,2.86370859947657e-18,-2.95607502760132e-16,2.73960204278524e-17,1.23866906808995e-06,3.71436810123549e-17,7.61399684338802e-17,-5.28407393645807e-07,5.71373798947723e-17,5.60799087391939e-17,-1.21237984059378e-17,-1.22518559749142e-18,-2.59368952642677e-17,-3.77203013470076e-17,4.01645882141333e-06,-1.19553244643886e-17,-8.08556484575807e-18,-1.22260573181868e-06,-4.89543842673258e-17,-5.97832617932292e-17,1.0651621435046e-16,7.23639468482205e-17,3.28750891865734e-17,-3.28261176715625e-17,-2.38339391066625e-16,-1.09983772147853e-16,2.0311603467345e-17,-2.17326597464121e-17,-1.33172703796361e-17,6.99021282636581e-07,-2.34332813068547e-06,-2.01908934054402e-16,1.29551257750731e-16,1.58580145262346e-17,1.35573161831898e-16,-5.14803744456566e-17,-8.95826960192769e-17,-1.73032049611136e-17,4.63109547895687e-17,2.36896652472544e-06,2.35659414075799e-17,-5.81314705433199e-17,-1.22115218074338e-16,4.87151840303221e-17,-2.90802876166723e-07,-1.08902896670725e-17,4.91388699789782e-08,2.28389770111438e-17,-1.29530972635542e-16,-1.98122852941788e-16,1.78963584679846e-17,-1.19293332785466e-16,-1.00055624230113e-17,-3.93042515859565e-16,2.71560037593589e-17,-2.91044982554817e-17,1.21765726349278e-16,2.3599238522504e-16,-6.5954902154621e-17,4.9706957571648e-17,-1.75967502358818e-16,-2.02997043739008e-17,-9.20070676463087e-17,4.87766843126159e-17,-6.89385381341985e-17,-5.74000729587158e-17,-3.21686650177993e-17,-4.91434542461389e-16,6.4597763767303e-18,7.09004636629649e-16,1.89792678641299e-17,-6.06635647297753e-16,-5.31015471439871e-06,1.83437347027613e-18,-5.55338716741438e-17,-7.07360800900893e-17,-1.17417521810236e-16,-9.0087818190985e-17,6.72632255180454e-17,3.57729843033858e-17,-1.83742470263509e-17,4.67496010641809e-18,2.61211344297646e-17,1.19844733038804e-15,1.31120298775854e-16,-9.3312016681253e-17,-2.70855327643707e-17,-2.3236852313759e-17,-1.33559017625944e-17,1.98151839377606e-17,5.15947488001134e-05,-1.16848769585382e-16,-1.64579857018841e-17,-5.92997581819131e-17,-9.27116215234047e-17,-8.91890126106319e-17,-9.50937496637466e-18,7.58263907850308e-17,-4.40401729517516e-17,1.55072083078557e-17,-1.66081410536906e-06,-1.21760445401341e-15,3.63034470483298e-17,2.21384474991234e-16,2.46056343472458e-16,9.46674009160726e-18,-7.43312625334936e-17,-1.46482519661361e-17,-8.01232815783049e-17,6.03757708798891e-17,2.28912653325859e-16,2.10390590811646e-17,-2.37137650196411e-16,3.78963569590788e-17,-0.0146571049695484,1.50366430990722e-16,-9.97260000773849e-17,3.02128541712482e-16,-3.30488512581867e-15,5.69496254404292e-06,-8.81961752393573e-17,-4.57354195175478e-17,-6.82008080261545e-18,-3.56677029388779e-16,9.42473073886756e-17,-2.66851059313628e-16,2.96591268287951e-16,6.12253531415689e-16,-3.55455454342901e-16,-5.79214508949547e-16,-7.29861477681827e-17,2.69301025909234e-17,9.33213943973175e-16,-1.56356876368121e-15,-2.18432516398108e-15,-7.07142193052777e-15,3.13178975640635e-15
"t945",0.0299201316303351,-0.00657241034941479,-0.00701624057963329,0.000289021930912045,0.00131732730983655,0.00228170049435932,0.000501739122536388,4.22229413288297e-06,-0.0165339081318167,0.0461649178116945,-0.00289095465428076,-0.000485281390302712,0.00122851903544193,0.000290145320286744,0.0102744142392111,-0.000315362711754996,-0.000224198958920542,2.85084454996051e-05,0.0137868663379359,-0.00260677935214104,2.91157693674932e-05,-6.79983351069895e-05,0.0108133575649713,3.36952527493364e-05,2.38953206510948e-05,-0.00216157342812873,0.0114147000516647,-0.00011731088684416,0.00200731906839061,-0.0270792613349103,-0.00467999572165882,0.283644602205759,-0.00657088205506583,0.146808025280084,-0.0164192441670771,-0.00459259511634753,-0.00014432979476064,0.000224770444087479,0.0107718229613635,0.00256810592058503,0.00122220071519023,-0.015002077196822,0.000554044312784049,-0.066722429775328,0.000100982033226031,-4.28565186563293e-05,8.11727722183925e-06,-0.000122462041619292,0.00726668616050552,-0.0127434963173073,9.95363863351882e-05,-9.27068618049003e-05,1.01058449192593e-05,-3.36642844993149e-05,0.000901548940594084,-0.00216394105427149,0.000477256321386003,-0.00321683688385538,0.0387678836947308,-6.07500387412008e-06,-7.44642941863151e-06,0.000400161534482409,-0.000238054385430953,0.000177614153333589,-0.000668299752401601,3.52500390281983e-05,-8.35916252918581e-05,0.000648722889318478,-0.000155596128132144,0.000691638501410379,-5.49127570509373e-06,1.38042397284208e-05,-4.697550379042e-05,-2.94653006035907e-05,1.23292568791039e-05,4.36062152631893e-06,-0.000104531783081888,1.48898550074037e-05,-0.0017447959418855,-0.000532894620914515,3.01954467909551e-05,0.00231041676613025,-0.00124126728208386,-9.73670106371903e-05,0.000298124036059426,0.000189231523500683,-2.85332570342685e-05,-0.000206290041848698,-9.73616601403625e-07,3.81326883097453e-05,-0.00155373405197953,1.91025863622131e-07,0.00013107710413605,-0.000108870224054144,0.328844053113755,-3.84336960675445e-05,-4.44912827733475e-06,1.781272822303e-05,-0.000191447644061589,-0.00171577552502601,-9.15942356745521e-05,6.02128179159591e-07,-0.00012545154432595,0.00011728174934871,-5.84044115025226e-05,3.68130220577951e-06,-0.000970159764898786,1.22063567344874e-06,-0.00062401290951229,4.56790500506423e-07,1.51179051280617e-05,2.89029668357955e-05,-8.92467947706699e-06,8.59356972601777e-06,-3.33478461029761e-05,9.45628793317599e-06,-0.000469844407794358,0.000472495303503231,-0.00015083297495634,5.12392681629081e-05,-2.85477039892539e-05,5.3625401340893e-05,-0.000462133235508848,-0.000800640748934644,3.64068425432304e-06,-7.29022421855539e-05,7.54427305906903e-06,-0.000525853974547154,0.000146389489081077,0.00508762121145574,3.72755756306545e-05,-0.000127587929953246,9.82727876525805e-06,0.000168328146614352,-2.59930356190688e-07,0.000170488835243615,-0.000161681800942096,-1.53797428031213e-05,0.000528375001429831,-0.000440834057284515,-0.00037222053393538,-3.20616208951904e-05,0.000277490261155269,1.71719944130104e-05,9.90188052597643e-08,-2.71595733445045e-05,-7.1448730413306e-06,0.00013785139449839,8.84755592715323e-06,-3.69174287259512e-06,-4.58510764308647e-06,-0.000108367503846192,-4.03039229646382e-06,0.00289791155490319,-1.93635200598111e-06,-1.55271130403208e-05,0.00095302436707762,-2.07571756311392e-05,-4.99613134478907e-05,-6.72731754180136e-05,-1.54533373601662e-05,2.24057653062363e-06,-7.19530269370098e-05,-2.15565718000686e-05,1.37335520630483e-05,-8.96125578760934e-06,0.000575507569591893,9.79908712992551e-06,0.000486694182760247,9.68670659650518e-06,-1.69383243016968e-05,-2.98121157414514e-06,3.44861107493347e-07,5.26047906091946e-05,2.13813883195816e-06,4.33478385746958e-06,1.89473361493091e-07,-6.86897966640368e-06,-0.0010080506609443,-2.73861169820609e-05,0.000112188344028885,2.95602000456548e-05,-6.08239054727157e-06,-2.38357197172358e-08,-7.11364160551651e-07,-2.33157910827496e-07,-0.00125204902771542,0.000277638945733135,0.00124270109353468,-2.04831991559024e-05,-3.31471194699572e-05,5.99479507135805e-05,5.19251331762547e-05,7.40639336123014e-09,7.16515175506525e-07,-5.57713744151714e-05,-8.50812378646935e-05,-1.34381058871184e-06,6.03274798459396e-05,9.56362849727416e-05,2.45539634068207e-05,8.1244677229614e-05,-6.82865293868683e-07,-2.84554982968502e-06,-0.000172159235849454,-1.81009622344751e-05,0.00010971171232566,1.28866255421093e-05,-0.000683439956424417,-1.42536267903115e-07,-0.0027150960023261,-1.69774021250861e-05,-3.56843958813267e-05,-0.000367534217240993,-2.00973899021871e-07,-2.75966192158845e-06,7.76195793643614e-07,4.92542575970609e-07,-5.3179438975351e-05,-5.54936640830921e-05,-2.53393327838376e-05,2.98681007618526e-05,6.56722030930207e-06,2.7827904328886e-05,-8.26987993176305e-05,-4.71957116144909e-06,-0.000447069747025455,-2.51197603371116e-06,-0.000227739643754992,-0.000721447686639989,9.56123453060869e-06,1.99571737068441e-06,0.000244671594098435,2.23506159930439e-05,-5.4127010720018e-06,-2.34715193408423e-07,-0.000104110707786867,5.52764221519655e-17,-9.93689263572661e-07,1.42320259055147e-05,-2.95823135932171e-06,-7.75208400162303e-06,-0.000106178571935569,1.46996853719025e-06,-2.1585444233215e-05,9.66561786262949e-06,-7.93939567851408e-06,5.2477738210382e-07,-2.49851251262406e-06,0.00103136992552238,-6.79430598836201e-07,7.50515959256796e-05,-0.000274179398516235,3.22892559277729e-07,-2.26525156883763e-08,1.15144648415751e-06,-1.2910838094217e-06,2.06193836913424e-05,0.00026383273105853,-5.61040224240293e-05,3.13195214146921e-05,-0.000265072220523247,0.000787942660337793,-5.50971828390341e-05,0.000321109706821927,-0.000112977950412729,1.47605861290046e-05,0.192604829178418,0.00214020343602622,-0.000525910664906314,-2.5597088308798e-06,0.000163696835270806,-3.32155084315321e-05,9.93497126802139e-06,-1.43392204560683e-05,2.58763087657521e-05,-1.73598683543535e-05,1.13866837722678e-06,-0.00017467791623084,7.14636380452074e-07,-0.000112097504144006,-1.18411006860997e-16,0.000236352672092119,9.63923184615894e-06,2.31673172880851e-10,1.76340510449869e-06,-2.31430818607487e-06,1.36078868488586e-06,3.76549243056952e-07,-3.18288787009315e-08,1.39264668705645e-06,-5.23646694544495e-05,-7.55607027753021e-06,1.06491025361243e-07,-5.38592091133307e-05,7.60652907495848e-05,-4.39563824563303e-06,2.27629759185383e-05,-6.36861959287532e-07,-4.30064894166812e-06,-1.69189968188679e-08,-0.000107806842330508,1.55762803944323e-06,-5.92637365208715e-09,1.43168396429122e-06,-1.10412524735577e-07,3.39451407915105e-07,9.81272069664717e-08,4.67989394401647e-07,7.49325941029561e-08,-2.79823043128158e-08,-2.69553207285608e-07,3.66740515723629e-08,-2.07753302973156e-07,2.68786329655052e-07,1.08661633057593e-05,-6.62769580578049e-06,3.80054327068834e-17,3.87657028336894e-08,5.07200708488001e-07,-5.02756968206178e-08,1.20748449061874e-05,3.12850201852159e-08,3.2018651766159e-06,7.60841599447749e-06,-2.40129736933653e-06,1.07657831315575e-05,-2.04635909030304e-16,-3.89322171593392e-05,-7.42468557002928e-09,-1.38249113832614e-06,1.36742859453343e-07,2.65311545300967e-06,-7.81944761241804e-07,-0.00011997755083705,3.30132312179282e-05,-9.21251777476562e-07,0.000236023912797938,-2.00679732165457e-07,-1.97455864096634e-05,-2.67434296322053e-08,-3.94711130756926e-09,-2.48380975102637e-05,3.19523819166576e-07,-2.79503312919198e-05,-3.79630023244667e-16,-1.95949727241524e-06,1.58798271214507e-07,4.57796532672531e-09,4.64444782833221e-08,-0.000263264598205301,-0.000172857125663487,1.95629171690361e-06,-7.2437016910625e-06,-4.33993468851664e-06,-7.37207063002065e-16,-3.6219357166437e-05,-3.08724604820396e-07,-5.39750461976323e-05,3.55498492923603e-15,2.92323890746717e-05,3.93058616765939e-06,-6.19176045363001e-07,-0.000116165338994838,-4.35683419570117e-05,-2.57952105270086e-05,-2.14159683772939e-05,4.08600880404752e-05,7.29089455293606e-06,6.16315945215448e-07,0.485201445508411,-8.11038699775453e-05,8.42154549701065e-15,7.33893773112998e-07,-2.2773462123277e-05,-7.12009618383655e-06,0.000116706605550504,-1.51272839559087e-15,3.25232401491051e-07,-3.19711946589227e-08,1.03921665709209e-05,3.36311402141295e-08,4.41060121043309e-06,-6.77889625699748e-08,3.4986486405848e-07,3.60011650269013e-06,-1.79777542426249e-15,3.78183175569017e-05,-2.04833811774185e-07,8.89743827565292e-07,0.00249096322998139,2.07094178813364e-06,1.36164842180451e-07,-4.20515829503194e-16,9.908956238807e-17,5.15403654869651e-09,-1.92827985253005e-08,2.87552404119432e-09,-2.23778020457033e-06,1.59285018429957e-15,-1.5882150978052e-06,-2.0666972812274e-08,-1.4784980917816e-16,1.12876559837347e-16,1.16170753805423e-16,5.33005138327267e-06,3.42138018998511e-07,-3.95962804506113e-07,1.25255769623459e-05,1.78633069589053e-06,3.43375367553229e-07,-1.49589494112806e-07,-1.32471082806275e-16,-3.48917179179517e-08,9.98927726928062e-08,-5.01948829691213e-16,4.7460716877581e-16,-6.68623723590117e-08,-1.69855915609906e-09,-4.0860055309859e-08,3.98329545549456e-05,4.11239805057986e-08,-7.17660656417328e-07,-9.01116319455768e-16,-5.84133307566769e-07,-7.02024323241119e-17,-8.33863534677158e-06,-5.86698702452085e-16,-4.71826536789573e-08,1.31742068934019e-16,1.95552737206015e-07,5.15853795455898e-08,1.01672949728966e-06,3.23865969025997e-06,1.4330152742876e-07,-1.65907978261798e-08,1.05871419472307e-07,3.85116245833638e-08,8.38551796067667e-06,6.46620295174324e-07,3.79482004141617e-08,-1.0780994702749e-07,-8.61262078564774e-06,-7.0233889260319e-07,-5.22954631566658e-08,1.26501289228989e-16,4.9349494294976e-07,-8.56906109634159e-08,4.51638655690629e-08,9.7713007821472e-17,3.67190367021811e-07,2.42335470453883e-06,7.78235100922552e-07,-4.12646518366004e-16,-1.88884484906983e-07,-4.65941728007238e-06,2.97485347177279e-16,-1.33804150162205e-07,3.03500603684048e-07,-1.64354029535986e-16,-2.05508152913518e-16,-1.12157616935346e-08,-2.76804465445883e-06,-1.58098557251263e-08,-2.19972437148226e-05,1.42230930815329e-06,3.75121060158507e-08,1.66751819482919e-06,3.37498564601763e-07,-8.4976642172549e-06,1.17287747247041e-16,1.57187142462825e-09,4.9976908375327e-08,1.38009006687887e-07,1.29318655233437e-05,-1.43735900148405e-16,-1.22947083657984e-16,1.62586631479147e-05,-1.53431798857833e-16,-2.82748723319873e-16,4.43609082292475e-07,-6.53966420224128e-07,-1.22441618646096e-07,-3.00142343391944e-07,3.15034212939456e-06,8.23061816869044e-07,4.01128154969356e-06,-5.00230886208004e-17,2.43940418888683e-06,1.14080115459942e-07,5.23711679892522e-07,-1.15002099004764e-07,4.56191864223951e-07,3.29705523900712e-16,1.47733543323339e-17,1.4318339063566e-16,-1.84246316004392e-06,-1.93351150709075e-08,-1.25367224451118e-06,-2.01571733986561e-16,-1.48622414773016e-08,-1.45105626979423e-15,-2.26297096316125e-17,2.45969844651359e-06,-6.15939081502473e-07,6.55722764280558e-17,-5.09612902949247e-06,-6.88244500187512e-08,-1.41133754518513e-16,1.56096495750863e-07,4.3162445954441e-16,2.5331360694111e-06,1.84938091916219e-16,2.52730108828197e-06,4.78367079967669e-07,1.73257089457595e-08,7.4628019152121e-07,5.12700783432331e-06,-5.61697127914432e-08,1.73200513037746e-06,4.47857773565544e-17,1.02946894450324e-06,-5.81393319758429e-08,-1.04893350243861e-16,-7.66531450819543e-09,-1.56422873626256e-07,3.63874703153919e-08,3.0745697987947e-16,1.17187573256321e-07,1.55115280623656e-07,1.15369867249898e-17,-4.30841513434607e-06,-3.27186263286481e-06,-4.47490678808292e-09,7.78275958817046e-17,-1.95775339198404e-16,8.03577876361737e-08,1.12394364855537e-06,9.09622109936378e-08,-3.23380632290965e-08,6.71561036813864e-07,1.06670394791712e-15,-2.0654470657001e-16,2.45354512046933e-06,6.41572686216891e-08,3.16836822599242e-16,5.93744705339915e-06,1.14474496990016e-16,6.75582467531461e-08,-4.31962374322365e-06,-6.6567092610615e-07,-4.41587752770966e-06,-5.65830881540518e-16,-1.68091682372894e-16,4.25532441792005e-16,-6.00399067956938e-17,-7.83274565606774e-09,-2.71793593800201e-08,-1.26122963869975e-16,1.68391297486011e-16,-5.5266561110304e-16,3.83069026919534e-08,3.44445547354024e-10,-1.89949328970188e-08,-3.59206801151128e-16,-5.62491254462257e-16,4.56398152332189e-16,-8.19042739090193e-07,2.50672255101812e-08,2.35228529190763e-17,4.40675889895918e-09,-1.15370113645483e-07,-4.68020653946466e-17,-3.67547024900948e-16,-3.62614685415982e-06,-8.17892837566057e-10,-1.79823492384437e-06,-2.68747265343775e-16,4.4650135804448e-08,7.21247571458725e-07,7.74879918123007e-07,-1.096586483479e-05,-1.71906948713039e-07,2.80151620181844e-09,-2.41531729239032e-16,1.1414212920305e-16,6.74932277794689e-16,5.35339463450533e-08,-4.84742023810936e-08,-8.28433355910967e-07,-1.44287000140465e-08,-1.20643771706255e-15,2.96066894134379e-16,-3.31138275997762e-16,6.48558786255546e-16,-3.51520076790668e-16,6.90877105813761e-08,-1.34491569808995e-15,-1.35844069588878e-16,-5.06867784743707e-07,-9.54606282465019e-16,-4.53757606823834e-07,-1.70978682600964e-16,-5.62608802091425e-07,-6.57489022767415e-17,-6.82590194510963e-07,-8.54627893540047e-08,-1.72458369515585e-07,-1.10723091466265e-16,2.74750873198327e-06,-1.10867978996521e-17,9.55441132043994e-07,-1.52336293324923e-07,8.43131709035433e-10,-8.85246473738233e-16,4.64736165188612e-06,7.67267484897605e-16,-3.35034136855576e-07,-1.71040783953347e-07,3.19628259594331e-15,-2.04492929467219e-15,-2.03170069646175e-16,6.67976599585014e-16,-9.81485226127859e-08,-3.38319390013045e-07,-7.55704826587782e-08,1.30589523171876e-15,-2.49420080272512e-15,-1.77224867423875e-08,1.44577985026454e-07,-6.47626323904746e-16,-8.01629764284467e-16,-2.88794259971988e-07,-2.47194837062471e-15,-2.45045382200441e-06,-3.8539788683023e-15,5.13404338319717e-07,2.50924776799356e-15,-3.65593282263141e-15,-2.30469535701705e-15,2.1859100634937e-15,8.36857401157676e-15,-6.27649033413325e-15,9.89080631807065e-09,-6.91747285991598e-08,-6.42122325529249e-16,-4.59641885786617e-08,1.9317990132283e-06,-1.5819325134421e-14,-1.6429281119763e-14,-0.683625958448253,-8.38482368729536e-13,7.78361539902463e-07,1.2451500853617e-07,1.1492515193349e-13,2.32031710746901e-14,-3.46616605689062e-07,-1.11965019587644e-07,-1.69538600040348e-09,1.02850135311671e-14,8.59414945756927e-15,-5.4829342121966e-15,9.81395877098752e-16,2.97429997570193e-15,-5.55680561538754e-15,2.98785134126682e-06,-2.36196862783479e-06,-5.43615934930857e-07,-3.29465753941673e-16,5.76134922213953e-15,-5.88029988864031e-16,-9.86347002583577e-16,-4.64645877545015e-16,4.65497642518668e-16,-7.02399358638083e-16,-1.1645151429977e-15,-7.22230525491359e-17,-1.56551533076051e-15,3.88803429545306e-15,-9.15284755184043e-16,-2.16268039011885e-15,-2.0098283024346e-16,6.64451099527095e-09,-9.18266972501668e-16,-1.0711715359515e-16,-7.33030463207322e-16,9.40878703608788e-08,-5.09816966097833e-08,2.68846529432979e-15,-2.42858198912958e-09,8.60313448689229e-08,-6.55142872610657e-16,1.07085639308703e-15,-1.65970449352038e-07,-2.92496278058289e-16,2.12038586880338e-09,-2.19475425028619e-15,1.0524526578899e-16,-6.24431636961313e-16,-1.24557407566816e-16,9.33073108516797e-08,-2.85142606652038e-07,5.57792020221976e-16,4.20686685561643e-16,-3.46567990445869e-16,-4.77652791913816e-16,1.59010672422359e-15,-7.31892180634071e-16,-2.20789948127091e-16,6.9426769690879e-17,3.43726601007881e-09,3.00327233668043e-16,4.73977438840908e-16,1.19843413303744e-15,-1.04422189300703e-15,1.08432170318227e-15,8.49000287248512e-16,-7.47520597375469e-07,-1.80860311556774e-16,-1.47393260707281e-15,5.05709115769578e-08,-3.01496655896861e-17,5.25291729295689e-16,-7.54841156342104e-18,2.36325507773387e-16,4.22380346203445e-08,5.42263569462319e-16,-1.39923781311171e-06,6.14080726303865e-16,-8.8889473722595e-16,-4.13320261806833e-16,4.52120281767984e-16,7.47595472306248e-16,2.94989740978244e-16,1.9139285521086e-07,6.25119030193805e-16,-9.16333358665448e-16,7.83174901572893e-09,-0.000427768193777518,-2.96233986954203e-16,1.06426935921986e-06,6.36418395538897e-07,1.10640110310441e-15,-4.92404094026852e-16,2.07961344977719e-16,-5.07318702638901e-16,-4.15203760819695e-16,-1.0744456253249e-06,-1.51889803120757e-16,2.55385250591593e-15,-2.85183738501518e-16,4.29902149481054e-07,8.03393995003101e-16,-6.21100939068822e-16,2.709489151736e-16,1.27745851508713e-15,-1.95656283623852e-07,-7.73625699297659e-17,1.31439574381254e-09,-1.90198512435728e-16,-5.48055821110326e-16,-2.22837706068493e-16,1.22923462141563e-15,3.62265012021642e-18,-1.09040532188092e-16,-1.02166139184165e-16,-2.27551118194725e-08,-4.85200842139809e-16,1.18304726675522e-16,9.56031602907705e-09,-3.26968023206606e-16,2.20553378305245e-16,7.80409220082854e-16,1.42865283125832e-16,1.13199102495025e-15,-8.90770570658602e-16,-6.91468154249114e-08,3.33037806820499e-16,-2.68690669340179e-15,2.05658125897491e-08,1.4193425723747e-16,-1.87584783916847e-17,-2.36507097699455e-17,-5.00743626210328e-16,-1.42877817286496e-16,-1.46720293919634e-16,-1.69384132896547e-16,6.99937884847408e-17,2.94772298282984e-16,-1.04793001600394e-15,5.69116136679577e-16,-1.07338999104455e-08,3.55684878217664e-08,-3.93575294206774e-17,-8.6650620540886e-16,5.04440638285222e-17,4.15765469981662e-16,-1.69575684695782e-16,-1.62210838103692e-16,2.25917936191409e-17,7.6488698327831e-16,-3.37615024633174e-08,7.16918357330737e-17,-3.49456594290175e-16,5.19792840233854e-16,-1.16901921650351e-15,3.91415084826349e-09,-2.32685021674956e-16,-6.17311357281382e-10,-3.23672037315223e-16,-5.12471179957423e-16,-2.63104507138143e-16,-6.55610031080011e-16,1.72248631395887e-16,-1.22590693359064e-16,7.18373131155324e-16,1.28085963491689e-17,1.05553411567218e-16,8.91312409574644e-17,-1.02872834275969e-15,-4.28186847982028e-16,-7.55587137079759e-16,2.41125073396355e-16,2.91399146914381e-17,-8.72687479218143e-16,2.2799530342447e-16,4.50011376743487e-16,2.57235397496577e-16,-7.69345072230884e-16,4.11195907818807e-17,-2.48436154374612e-16,-1.56783105254766e-16,4.35204481881315e-16,-2.20334413241168e-16,1.27075867293302e-08,-4.74131289983834e-16,3.02216101830562e-15,1.83400909140513e-16,7.18052147917313e-15,-3.65040492917598e-16,8.22252154983453e-17,-3.39969581134413e-16,-1.36877544479017e-16,-5.42413456129766e-16,3.15421452921921e-17,6.1825128327686e-17,4.18331064241476e-17,-2.87384205556158e-16,3.77538718007219e-16,5.07317483284743e-16,9.62840087072775e-16,-9.50018261284545e-17,-1.57115365391721e-07,-1.81358798848269e-16,-1.23902420995198e-16,-8.52121901043165e-17,-1.56642045091145e-16,-2.06175854520613e-16,3.0274085070945e-16,-1.20739463086591e-16,6.97163695380531e-16,-4.42323313960955e-17,7.55835537073449e-09,4.19330097563714e-15,2.07932650952785e-16,-4.90936352331742e-16,1.74648372997515e-15,6.52507048592761e-16,-4.25978507774379e-16,-1.48650924006332e-17,-8.09205482120315e-16,-9.27115567819907e-16,-2.09961346595411e-16,8.12289804561086e-16,-4.82696317494365e-17,1.27993557492624e-16,1.22339441372518e-07,3.727362965675e-16,2.01867601995119e-17,-1.45473560577315e-15,1.62860014361901e-15,-5.71316809197912e-09,7.8567077578396e-16,-2.16280421249518e-16,1.34832708230576e-15,5.54709550001772e-16,-1.76152714429209e-16,1.48439558162748e-15,-6.33992074049773e-16,1.09075303165166e-16,3.20544600201811e-16,-6.68552767962353e-16,8.40063268077182e-17,8.55911083673339e-16,-1.17208983455918e-15,-1.13773618633599e-16,-6.89383052446073e-17,-1.39702594227011e-15,7.79396302764549e-16
"t592",0.0299119751956553,-0.0065686358110979,-0.00701208091372685,0.000288792334813317,0.00131604632135008,0.00227909797116529,0.00050115561571965,4.21699384466965e-06,-0.0165094031557422,0.0460819909181481,-0.00288437102748974,-0.000483920852647582,0.00122497447972921,0.00028929557279875,0.0102430183418764,-0.000314342467508927,-0.000223456412384127,2.84123237326599e-05,0.013739310812398,-0.00259701539598884,2.89978640844723e-05,-6.76663937784264e-05,0.0107576334998064,3.35206277105167e-05,2.37709996562393e-05,-0.00214979508488602,0.0113517715246702,-0.000116658397169908,0.00199585697648629,-0.0268969027874505,-0.00464640573635144,0.281516997194406,-0.00651806939786368,0.145572668807474,-0.0162740967549512,-0.00454878816280375,-0.000142935821206304,0.00022256544178482,0.0106654406940318,0.00254237021419505,0.0012096047849013,-0.0148437635417681,0.000548111469172528,-0.0660070883798429,9.98807247910374e-05,-4.23596598748279e-05,8.0214482465213e-06,-0.000121004058498512,0.00717812864454756,-0.0125842954515139,9.82520517960541e-05,-9.14928162613789e-05,9.97321838531521e-06,-3.32143801119258e-05,0.000889072645902783,-0.0021338388960827,0.000469992208155785,-0.00316671083955087,0.0381621110314504,-5.97464169947734e-06,-7.31832585238451e-06,0.000393141353530809,-0.000233812289031283,0.00017443670753289,-0.00065599753382747,3.45846501101282e-05,-8.19268970550022e-05,0.000635498983299154,-0.000152390480997953,0.000677116841831723,-5.36449011054161e-06,1.34633078077215e-05,-4.58036260134201e-05,-2.8715066436851e-05,1.20145365448811e-05,4.2483374037756e-06,-0.000101830837263273,1.44986090107451e-05,-0.00169721656534501,-0.000518148304165112,2.93390455974999e-05,0.00224454269767251,-0.00120451310807604,-9.44516010783353e-05,0.000288771222910734,0.000183220758519617,-2.76155990871346e-05,-0.000199642269571742,-9.42225080254941e-07,3.69015961049024e-05,-0.00150333718024016,1.845554757042e-07,0.000126619967663931,-0.000105071127520082,0.316861587234473,-3.70242774863057e-05,-4.28592388781461e-06,1.7148745869731e-05,-0.000184269035071812,-0.00165000673065746,-8.8020727525447e-05,5.78599795843287e-07,-0.000120540885103081,0.000112327266937425,-5.59234856836938e-05,3.52425418153024e-06,-0.000928456334544712,1.16805433928504e-06,-0.000597031798035292,4.36928277300088e-07,1.44593434950259e-05,2.76302294066138e-05,-8.53117811344059e-06,8.20394739862812e-06,-3.18269999209505e-05,9.01949616774029e-06,-0.000448018502636849,0.00045020450761693,-0.000143611980207527,4.87592100930944e-05,-2.71573894278193e-05,5.09581168112674e-05,-0.000438836108617715,-0.000760258080934943,3.45670277634222e-06,-6.91675944020222e-05,7.15735832205245e-06,-0.000498570717134025,0.000138543113650377,0.00481483056496073,3.52716998929248e-05,-0.000120581396668772,9.2853771106046e-06,0.000159018371221859,-2.45378692805366e-07,0.000160928370489061,-0.000152383394448578,-1.44774075454423e-05,0.000496534608042448,-0.000414249098992832,-0.000349671664436196,-3.01148794554173e-05,0.000260579123616506,1.61240053268516e-05,9.29756761005987e-08,-2.5485303739216e-05,-6.69563067590684e-06,0.000129010551452522,8.27735352793746e-06,-3.4512563608711e-06,-4.28617214657752e-06,-0.000101273505547711,-3.76592322197427e-06,0.00270723876049565,-1.80577406159031e-06,-1.44759588720436e-05,0.000888328857649199,-1.92595026577594e-05,-4.63041108383449e-05,-6.23378791776539e-05,-1.43058491212317e-05,2.07379122387062e-06,-6.65140604523553e-05,-1.99240732861114e-05,1.26779761958938e-05,-8.26265460895004e-06,0.000528797223022703,9.00264075208992e-06,0.000447122606569071,8.89483710038709e-06,-1.5544882841949e-05,-2.73573785165177e-06,3.16110648627543e-07,4.82021986669623e-05,1.95769577593897e-06,3.96821228217889e-06,1.73433758021295e-07,-6.27622786986042e-06,-0.000919340901774564,-2.49680137079731e-05,0.000102250846852188,2.69170890531444e-05,-5.53657252862045e-06,-2.16892162164672e-08,-6.47090134756401e-07,-2.11856541124643e-07,-0.00113734786305406,0.000251600030742446,0.00112606194077041,-1.85456327317909e-05,-2.99442457203084e-05,5.40533183961725e-05,4.67886722376997e-05,6.66720449811615e-09,6.44529831634994e-07,-5.00577507169732e-05,-7.63281490178301e-05,-1.20432796989896e-06,5.40379241156751e-05,8.53230595157722e-05,2.19019407734026e-05,7.23449184692789e-05,-6.07025227125539e-07,-2.51902851246566e-06,-0.000152401350507655,-1.60173923727657e-05,9.69675417442873e-05,1.13802564628464e-05,-0.000602211576294132,-1.25246751794386e-07,-0.00238036373724232,-1.48738620562403e-05,-3.11629752312824e-05,-0.000320387927185605,-1.75185155789569e-07,-2.40214609425358e-06,6.73190435948564e-07,4.26878596799871e-07,-4.5914929131866e-05,-4.7785266814483e-05,-2.17992339288229e-05,2.55956927846571e-05,5.6225677920543e-06,2.38005218342284e-05,-7.05062681528557e-05,-4.02115027737126e-06,-0.000380850108837219,-2.13234562721853e-06,-0.000192901184678568,-0.000609588959509813,8.06973474690235e-06,1.68243083915712e-06,0.000206036448927703,1.88154347248327e-05,-4.54333428349264e-06,-1.96654938767575e-07,-8.70536934922827e-05,9.96202910066226e-17,-8.28469743088439e-07,1.18587142104287e-05,-2.45481745213736e-06,-6.41219804306896e-06,-8.75904359965108e-05,1.21243156714651e-06,-1.77132640431244e-05,7.92483489965122e-06,-6.50689594155758e-06,4.29263698927789e-07,-2.0410806076321e-06,0.000840508646489667,-5.53099154667837e-07,6.10693501359054e-05,-0.000222549470211806,2.5931258103761e-07,-1.8121207730928e-08,9.1807579710649e-07,-1.02185704353188e-06,1.63109601164667e-05,0.000207599302653662,-4.40122871771221e-05,2.44615551427396e-05,-0.000206734268929895,0.000613604006585859,-4.28161442545996e-05,0.000248748166534036,-8.74867758233466e-05,1.13363531543836e-05,0.147894949885956,0.00164303678037746,-0.000402817339516877,-1.95890497750367e-06,0.000124929641454632,-2.53362166165614e-05,7.44752890963572e-06,-1.07276141005442e-05,1.93279810922456e-05,-1.29187503509165e-05,8.44820864710279e-07,-0.000128704190678064,5.25468884649424e-07,-8.22897931450597e-05,4.77971861810304e-17,0.000172514473822025,7.03033160648639e-06,1.6854717669708e-10,1.27520126219965e-06,-1.66473727613345e-06,9.76348836760293e-07,2.69825273138762e-07,-2.24224591415895e-08,9.79959478378083e-07,-3.68359215769328e-05,-5.28739857817544e-06,7.33664566153218e-08,-3.70025589695017e-05,5.21563845611461e-05,-2.99426517761188e-06,1.50980095880494e-05,-4.17370012021374e-07,-2.8164285865627e-06,-1.10776221729448e-08,-6.83471303164802e-05,9.46597882565195e-07,-3.58055149967506e-09,8.57433671283835e-07,-6.54037293135544e-08,2.00384206915438e-07,5.61945328769324e-08,2.67360175226152e-07,4.2618408060767e-08,-1.58661746386074e-08,-1.51268831419313e-07,2.03395111220814e-08,-1.13927453292793e-07,1.46655052481294e-07,5.8772850165553e-06,-3.51611651938426e-06,2.45613257680632e-17,1.77869587677158e-08,2.28622976161355e-07,-2.20362596247984e-08,5.28797700227547e-06,1.36883489318523e-08,1.39092735276212e-06,3.25977018179273e-06,-1.01145782180644e-06,4.37174097595353e-06,2.65979674234995e-16,-1.43601593586293e-05,-2.7022991499494e-09,-4.88403202261862e-07,4.81312661559855e-08,8.60043348298209e-07,-2.40806075242582e-07,-3.40650360251719e-05,8.8005301585398e-06,-2.08698475487764e-07,4.39768268075556e-05,-3.18543347751722e-08,-2.81312466322903e-06,-3.53243367881977e-09,-4.46333562253738e-10,-2.75549722582566e-06,3.09814366728588e-08,-2.39923589044962e-06,3.4634868672989e-16,1.06746860969794e-08,-4.19733158447531e-09,-1.21965079289449e-10,-4.21688986340166e-09,2.66206782311395e-05,4.2037587184925e-05,-5.67183204721793e-07,2.16975567702701e-06,1.46319597899573e-06,6.72689442098085e-16,1.38571458610044e-05,1.23566568248631e-07,2.53741131425518e-05,-1.30473446849576e-15,-1.61765537654364e-05,-2.2573775451168e-06,3.62447022083752e-07,7.07081283990491e-05,2.82867478631845e-05,1.75665136559297e-05,1.51336167871866e-05,-3.21630965337868e-05,-5.81212286605901e-06,-5.28464927880244e-07,-0.472257937775083,7.944987907081e-05,-8.13899216640194e-15,-9.19702364627117e-07,2.97931121127804e-05,1.0246493404512e-05,-0.000194566201449636,1.4657918126613e-15,-7.58083767583625e-07,1.14938746838776e-07,-4.70477430472538e-05,-1.71549310040257e-07,-2.63057070286549e-05,5.7104455444546e-07,-7.27328455001465e-06,3.96293283073969e-05,1.41395667129132e-15,0.000205727064343237,-1.07275038123993e-06,4.33262101441903e-06,0.0110988469971621,9.16928940590169e-06,5.89354090382387e-07,-9.90533321040797e-16,-1.02029940607991e-16,1.98653577981928e-08,-6.83002525833823e-08,1.0087329460806e-08,-7.35841504397302e-06,7.41544953141567e-15,-4.64237304632016e-06,-5.78020264170966e-08,-5.42793879582766e-18,2.84172106007258e-17,-1.81117481890103e-16,1.32898849082533e-05,8.4240797039488e-07,-9.36142939006086e-07,2.86998667702003e-05,4.07870972454675e-06,7.60533415733195e-07,-3.3021459487629e-07,3.91957508024965e-16,-7.29694601162121e-08,2.05354976957062e-07,6.04285955519717e-16,-2.12740296053734e-16,-1.29511788350156e-07,-3.24833371557463e-09,-7.68782881559913e-08,7.41681041132259e-05,7.51327367136271e-08,-1.30729357221941e-06,2.25718848980342e-15,-1.05983348721193e-06,2.70256372348308e-16,-1.49616716207034e-05,-2.74264369351285e-16,-8.39895164943908e-08,6.97257046678487e-17,3.44723349865285e-07,9.0760241019812e-08,1.74596243511509e-06,5.53441458357995e-06,2.4438933540977e-07,-2.8052468771133e-08,1.77724402664557e-07,6.36230567103043e-08,1.38513771165382e-05,1.06308220080039e-06,6.18675947381498e-08,-1.73877576974227e-07,-1.37701114810263e-05,-1.11549526574741e-06,-8.27936557861887e-08,-1.02482209599949e-16,7.73811980874825e-07,-1.33174532778777e-07,6.85639393317146e-08,-1.6466391792002e-16,5.53907698660649e-07,3.62197884482884e-06,1.15871221885834e-06,8.1711402582762e-16,-2.80682850071133e-07,-6.87179976042735e-06,5.74390582030078e-16,-1.96622975835269e-07,4.36891396891826e-07,1.85301171090589e-16,-2.58273399739619e-16,-1.60235622383689e-08,-3.95197452927199e-06,-2.2502230175477e-08,-3.11969465646454e-05,2.00130969914751e-06,5.27474558022957e-08,2.34256480009746e-06,4.6940476171329e-07,-1.1726494424898e-05,-1.08552001965813e-15,2.1628586275969e-09,6.8733103525972e-08,1.8947626732134e-07,1.77180058717441e-05,-4.15265417257903e-16,6.77302539853568e-16,2.22140149637604e-05,-1.03016397837257e-16,-1.6770405288435e-15,5.95993370511351e-07,-8.76164409756694e-07,-1.64034026815378e-07,-3.99699261585184e-07,4.19195604919348e-06,1.09500814264333e-06,5.33077900679822e-06,-9.51258989961974e-17,3.20507117148454e-06,1.49531827777253e-07,6.85926765623381e-07,-1.50044705712214e-07,5.9111107987779e-07,-2.24486373352912e-16,-4.81249139579784e-16,-1.14196699390954e-15,-2.36442183549069e-06,-2.47113912766009e-08,-1.60177022970325e-06,1.11792573059358e-16,-1.89150847533435e-08,3.46272568886423e-17,-2.12202468073814e-17,3.07874797342512e-06,-7.70799225270239e-07,7.01875741375137e-16,-6.35209110995779e-06,-8.55894939664668e-08,5.32158800396738e-16,1.93216065113303e-07,-7.48638025423306e-16,3.11811022779023e-06,2.3136772107143e-16,3.10938153696654e-06,5.88316671960254e-07,2.12986537817238e-08,9.16854430801939e-07,6.29031661109286e-06,-6.85655635996567e-08,2.09943997010986e-06,-8.88820713370714e-16,1.23711590335204e-06,-6.98020896431224e-08,1.03254314891068e-15,-9.19174785305935e-09,-1.87156143159278e-07,4.34498495288013e-08,1.04037175181086e-15,1.38985953918256e-07,1.83722367386902e-07,3.87921139663254e-15,-5.0939211937129e-06,-3.86499475960686e-06,-5.26896493717797e-09,-2.01821240812921e-15,-3.55531727135246e-15,9.38931841966894e-08,1.30897392303163e-06,1.058659930133e-07,-3.71038059529463e-08,7.68741995996741e-07,-0.583592019129545,4.63631774642644e-14,2.80409119387127e-06,7.33086698186406e-08,-3.3838781902782e-14,6.76600756463283e-06,1.6182242273008e-14,7.67842446187833e-08,-4.89186368381938e-06,-7.53662051813928e-07,-4.99454800241215e-06,7.43319590662306e-15,-9.97491717293878e-15,4.38087730000689e-15,4.15349499613473e-15,-8.77880321041265e-09,-3.0439250522928e-08,6.44915167295017e-15,6.60992397112087e-15,1.05303780634799e-15,4.27847222300758e-08,3.84254224821757e-10,-2.11220435421934e-08,3.21660038392331e-15,4.86045814039714e-16,1.7261343621211e-15,-9.0073509094863e-07,2.75568584242874e-08,3.45530147513524e-15,4.82326243367951e-09,-1.26050111483843e-07,1.46002211392571e-15,-1.64267719996115e-15,-3.9451530345566e-06,-8.89542988656065e-10,-1.95088766004641e-06,1.48340281219267e-15,4.82370471674295e-08,7.77368645605541e-07,8.32438559401998e-07,-1.17272281159256e-05,-1.83617720723213e-07,2.98548123838885e-09,3.07540365452544e-16,1.53984210333754e-15,-4.53483005293349e-16,5.62899416128011e-08,-5.09590347589291e-08,-8.69379567709467e-07,-1.50065906226767e-08,-6.81888315840887e-16,-3.9146278657833e-16,9.45394085123649e-16,-2.94121360668123e-16,-2.48599049610207e-15,7.11621684227758e-08,-4.62158289252252e-16,-1.47873688042943e-15,-5.20063805037066e-07,-9.13189759476073e-16,-4.65473789516971e-07,-3.30681662608079e-17,-5.76932622467379e-07,-6.90140933411143e-16,-6.95166256208766e-07,-8.6892579339589e-08,-1.74894453625845e-07,6.16017624750767e-16,2.77743943596418e-06,-4.48670794714801e-16,9.58982754093227e-07,-1.51439908593942e-07,8.37813166987689e-10,-4.6843942562842e-16,4.5996208052502e-06,-1.13930226049798e-15,-3.29456598787888e-07,-1.68139298376373e-07,4.84796201265818e-16,5.66913738845396e-16,5.19888261818416e-16,7.03643621110068e-17,-9.59572003247725e-08,-3.30281053883892e-07,-7.36485461002338e-08,4.95128847134094e-16,2.23894043696044e-16,-1.71276483368589e-08,1.39672393791631e-07,1.77954487998239e-16,-9.66815117343934e-17,-2.75974555308982e-07,2.98405020510246e-16,-2.33608820180731e-06,-6.04924063052523e-16,4.86000232029736e-07,5.66791155768534e-16,-6.80687979252312e-16,-8.69598131979553e-17,-1.90371058488546e-17,7.47500100741658e-16,-4.90111680623485e-16,9.22334940089791e-09,-6.44935764236347e-08,1.29395940411436e-16,-4.26196588087751e-08,1.78706716621639e-06,1.29962543436045e-16,-3.30131265339504e-16,1.4624826097538e-12,-1.05111991313028e-16,7.1266181416757e-07,1.13723523158869e-07,3.71636509573782e-16,1.77319016311942e-16,-3.1569565044662e-07,-1.0193964863215e-07,-1.54167559488855e-09,-4.65148006739528e-16,2.44058005954894e-16,-9.23112418628186e-18,2.37175023694281e-16,-6.75424223011306e-16,-5.04423491605087e-16,2.66036015049829e-06,-2.09873011316827e-06,-4.82029815552257e-07,-1.48403991136593e-16,2.90434600321002e-16,4.55483139125674e-16,-3.38753940550562e-17,-4.54020696254657e-16,-4.72837102957238e-16,-5.56719621443402e-17,-2.3134233313943e-16,-3.44466218060246e-16,-1.75134464765104e-16,-3.81337019360362e-16,7.177710255163e-17,1.79846823753334e-16,-3.82440841533855e-17,5.67198301410478e-09,3.96761842506001e-16,1.2918569783014e-16,-1.75967386984269e-16,7.98733750970937e-08,-4.32235196028915e-08,-2.45602624850482e-16,-2.05734951222814e-09,7.2369273452039e-08,-2.32520865775806e-16,1.99498991838617e-15,-1.38353922547936e-07,2.10575282631619e-16,1.74721768668441e-09,2.72673053856318e-16,-3.05992618234762e-16,-1.69283564951899e-16,-2.48996395204396e-16,7.54078741403377e-08,-2.30126567125889e-07,3.42070097960958e-16,-2.10711386203278e-16,4.83171932157288e-16,8.96263666880744e-16,1.2742635056596e-15,1.8512601685417e-16,5.47475711296138e-16,-4.09899010764963e-16,2.55292315202976e-09,-1.78456445701556e-16,7.11963317625432e-17,-4.67659345421034e-16,4.72141253944053e-16,5.60294938173583e-16,-1.09766179241901e-16,-5.43215727545823e-07,-2.23499539393932e-17,6.07735564099365e-16,3.65950358854079e-08,1.73192362064848e-16,-5.38838397086623e-16,-3.4328205223813e-17,-5.70320285684212e-16,2.8941745219249e-08,-1.23111303792036e-16,-9.48353690438732e-07,-1.7305005092061e-16,-7.16398171583505e-16,6.19295537058853e-16,-1.30474767748153e-15,-2.27319121192718e-16,-7.68625484837795e-17,1.26700620324554e-07,8.39297273847636e-16,-9.26930710124419e-17,5.08530034531598e-09,-0.000277477822522049,-1.94102142306069e-16,6.78254164248499e-07,4.03262388727157e-07,-4.00531496433185e-16,3.3536056982901e-16,-3.02201149270033e-16,2.91846718700164e-16,3.68966790556838e-16,-6.16952184691323e-07,3.20491969116348e-16,6.23732552648487e-16,-8.39440125904349e-17,2.39467094120581e-07,5.87917080889635e-16,1.49817391952924e-16,-6.20436515463963e-16,1.83745321797102e-17,-1.04270647869521e-07,2.123229236178e-16,6.90246770639049e-10,1.7268395469517e-16,8.27673625922314e-16,1.17474835185803e-16,-2.35630933829531e-16,-2.89034150543487e-17,-1.72466526902822e-16,-6.68211483611379e-17,-1.09439317857819e-08,1.12743396457065e-16,-4.5146172709154e-16,4.48496949323866e-09,-2.97628169850445e-16,3.80473198746857e-16,-2.06910617273825e-16,-5.05921296889493e-16,-3.05444215331031e-16,4.31088718035724e-16,-2.96963760380947e-08,-1.23411307795898e-16,-2.12082400623096e-15,8.4390215422808e-09,1.54025445133554e-16,-1.93923776607728e-16,2.40045950911197e-16,5.16910751787719e-16,-5.29569975386545e-18,-1.79952967989361e-16,-4.45313585794108e-16,4.61065512100263e-16,7.29260522744323e-17,-1.98132353209804e-16,-1.95029554488207e-16,-3.55354481164116e-09,1.13992011932702e-08,-4.08818391507891e-17,1.17604113957785e-16,-1.05138947923148e-16,-7.85332341440202e-16,-1.09824339555158e-15,-3.83738905933533e-16,-7.01646047053874e-16,1.4587871799606e-16,-8.81033376184486e-09,-2.03464377261512e-16,-2.70960357002224e-16,-1.67267356430182e-16,5.64990220288085e-16,7.97746255762438e-10,-5.49344439772057e-16,-8.05949560130469e-11,-1.33719816695763e-16,4.80007488735808e-16,2.5039459025035e-17,4.7076760591518e-16,1.59780306412303e-16,-5.74931667339271e-16,3.28385609712289e-16,3.33877530645846e-16,4.97169996842145e-17,-1.43972226126919e-16,1.66265667540079e-16,-4.58905919194144e-18,3.30625802767923e-16,-2.48825888349844e-16,7.37006239805922e-17,6.3632687932791e-16,-3.19960474549704e-16,-1.21703397783755e-16,8.35462094643997e-17,-7.62413684795811e-17,2.81995568153438e-16,7.36803110708316e-17,1.21856590430113e-15,-1.4484368039843e-16,-2.41693196039132e-16,-3.36892303343817e-09,1.61936033251822e-16,4.40891635778668e-15,1.27998178126504e-16,6.84007716438348e-16,2.2251760563006e-16,-1.19653229018456e-16,-2.83628693538136e-16,8.65684204418329e-16,3.80459433089893e-16,2.40901584799143e-16,-2.77281527330329e-16,-4.65797298522391e-16,4.87386666901983e-16,-2.45335430085703e-16,-1.04872442220822e-15,-3.68333789708221e-18,2.27982001054977e-16,1.18293277994809e-07,2.06568738467044e-16,1.68940585793137e-16,-3.71333143423241e-16,-3.73819910376896e-17,-6.75612009437116e-17,1.75238675225156e-16,-8.10942566090864e-16,-9.95753702402801e-18,4.01466527950941e-18,-1.3443270637193e-08,1.58893848345267e-15,-1.18845883834345e-16,-1.27511784114601e-16,1.63006457060068e-16,2.4788279782117e-16,8.91047680757982e-17,3.2600807062881e-16,-4.55854780051462e-17,3.44328319853842e-16,-1.76442050899349e-16,-5.68550082316452e-16,2.83496233031128e-16,-3.79629899665089e-16,-6.29650982652198e-07,-5.48401869176185e-16,7.22284644788162e-17,7.87008850352818e-16,1.9109551652027e-15,7.03116389666668e-08,-3.18805977327024e-16,-8.2056192295812e-17,-5.15696494872287e-16,-3.06420192859895e-16,1.41301681674547e-16,6.70185993614593e-16,-3.17696930116149e-16,-1.70648857336095e-16,-1.01752145981293e-16,1.71831831476448e-15,-9.73806966491066e-17,7.58441308366892e-16,-3.7303283343736e-16,-3.58694889398075e-16,-9.40745272140202e-16,3.09795421828195e-15,2.1707529507152e-15
"t79",0.0327281862971617,-0.00807423241215417,-0.00868730403192212,0.000392076547307081,0.00195874862387684,0.00374453168011305,0.000835149123649841,7.4731195206912e-06,-0.0348682532067641,0.135383451154476,-0.0243755393953989,0.00314033052962874,-0.00614073468080419,-0.00129134715625011,-0.03445554657626,0.000776537232396983,0.000493948093526086,-5.79826310431411e-05,-0.0254506450939529,0.00351037114651219,-3.0116656084192e-05,4.00339222553839e-05,-0.0054470539353607,-1.66995883081741e-05,-1.17105138595256e-05,0.000926936886045195,-0.00473166520544713,4.73865484033172e-05,-0.00075062161474151,0.00600475237522469,0.000818251277075895,-0.0410812945397283,0.000658876637262645,-0.0104255533071404,0.0006224280379225,-0.000125216443736267,-6.07462512836972e-06,1.44217740519123e-05,0.000811414635718956,0.000269301509884499,0.000246324546108973,-0.00643586710987249,0.000565146569622045,-0.0762368161003198,-0.000184239453473552,7.98376252187879e-06,-1.16696439635985e-06,1.57879045650856e-05,-0.00070731094081999,0.000930028836734116,-4.8582031695155e-06,3.65719078768424e-06,-3.85536358320255e-07,9.31121842723097e-07,-8.03951696311242e-06,1.33374116371686e-05,3.01537685623727e-05,-0.000394083031843226,0.00525123482811045,8.34175320680811e-07,3.51645999072517e-07,-1.29601849464602e-05,5.77756952211857e-06,-4.01096802673345e-06,8.71383308595542e-06,-2.63534276593368e-07,8.6137398894915e-08,1.57154893041176e-08,-3.00025133754562e-08,1.13426252681678e-08,6.02847892138299e-08,-4.55217740806602e-07,1.77543997141186e-06,1.45292737679518e-06,-6.27795305802749e-07,-2.47615660499094e-07,6.1947980211721e-06,-1.08331391034105e-06,0.000198365029389785,7.24097273482442e-05,-5.5902185967377e-06,-0.000458153368062601,0.000421995052759766,3.97614903497504e-05,-0.000357642583863974,-0.000379255163042856,0.00014559895207301,0.00137587126533912,7.05287377900146e-06,-0.000351741935057779,0.314358570451692,2.42912406197122e-07,0.000155294509381136,-9.32094438107335e-05,-5.13628137670981e-05,-1.4295046432988e-05,-1.67655476221756e-06,8.00729253579698e-06,-8.6086299151266e-05,-0.000744016553345879,-3.82692627010482e-05,2.50768516445921e-07,-5.20593954753177e-05,4.31087335997678e-05,-2.13354810776277e-05,1.33867252872876e-06,-0.000350107581218226,4.39608774824965e-07,-0.000223958678467389,1.63128025569946e-07,5.39049083822126e-06,1.02179229533292e-05,-3.15211245954701e-06,2.98413730009311e-06,-9.79121190060603e-05,3.25731436727915e-06,-0.000161554939716495,0.000161900181868186,-5.16155422724175e-05,1.75431079221824e-05,-9.78330948182877e-06,1.85321591687403e-05,-0.00016183278217296,-0.000280582276921265,1.27974562963587e-06,-2.68032651540712e-05,2.79596459084629e-06,-0.00529421088286962,4.8773368463108e-05,0.00169608687649622,1.24785692902134e-05,-4.39018778089329e-05,3.3979990739596e-06,5.8408727249288e-05,-9.15308044736835e-08,6.01615844241782e-05,-5.91050439100419e-05,-5.82277790009317e-06,0.000213120018329918,-0.000178193125690559,-0.000152514583441435,-1.32333138794905e-05,0.000115956197001756,7.21118876800215e-06,4.15846284743759e-08,-1.18630714757901e-05,-3.47967214519547e-06,8.22706112098561e-05,5.75025589022585e-06,-3.34270303831236e-06,-4.33723551729726e-06,-0.000138069714649906,-7.01700927775313e-06,0.0111518670446026,-1.14336691252865e-06,-1.98543102964703e-05,0.016341209889763,-5.95414560537009e-06,-1.97326872882534e-05,-0.0125476634567732,-5.04531265778895e-06,7.4948453157967e-07,-2.70182740726755e-05,-8.19557041524327e-06,5.7522437537986e-06,-4.12634855280167e-06,0.00036880654444959,6.37031105217296e-06,0.00031757674950758,6.70055961430625e-06,-1.26205188467343e-05,-2.24652556059052e-06,3.09421599820548e-07,5.03077727476687e-05,2.39471950017731e-06,5.07343248138362e-06,2.27032926301683e-07,-1.53027438521393e-05,-0.171478487109054,0.000361518125902088,-0.000722920296458959,-7.39538209735633e-05,1.22128516224917e-05,3.99487262714155e-08,1.02811580526386e-06,2.26704774626355e-07,0.00112168902149571,-0.000141905663702031,-0.000625376595339752,8.87382616504746e-06,9.99512318702198e-06,-1.38619167108302e-05,-1.10071257170336e-05,-1.38384246489049e-09,-1.22086408308332e-07,7.27252938461448e-06,1.04802172501552e-05,1.46921110880739e-07,-6.21968470316715e-06,-0.00470746405043622,4.00882006596623e-07,-2.95653856149312e-06,1.94020457185238e-08,2.25632288521702e-08,1.35017380018345e-06,1.10823409973859e-07,-1.15174000421645e-07,2.98202478186236e-08,-7.29840062981862e-06,-2.86266944949281e-09,-7.34860631789733e-05,-4.94735848126656e-07,-1.36242396963328e-06,-1.58285321371945e-05,-8.68112671378455e-09,-1.29687838715357e-07,4.41498973490479e-08,2.89931162578304e-08,-3.74222778685388e-06,-4.42931984921997e-06,-2.11658761321489e-06,3.07084788912777e-06,7.14592178500936e-07,3.23725597365666e-06,-1.23258133031411e-05,-7.48114532470263e-07,-7.20025288922841e-05,-6.53101106447735e-07,-0.000103606739234302,-0.0361340277323637,-7.62388671554362e-06,-5.28796353011154e-07,0.0165967911476547,-1.63287352840454e-05,8.97189967001135e-07,2.71529947966438e-08,8.78247813392825e-06,2.90387295778162e-17,5.68229413989838e-08,-7.56952254554798e-07,9.74028374693534e-08,1.76889634804455e-07,1.76314791007735e-06,-2.39292242198225e-08,1.74676874110575e-07,-6.77923460134973e-08,5.19258859350178e-08,-2.34192101512167e-09,8.03580670771888e-09,-1.26336592354826e-06,3.03775736193603e-10,-1.07628422422147e-08,-3.71402211783658e-07,1.69553483659991e-09,-1.34163200661597e-10,7.20487394107374e-09,-8.22001797272207e-09,1.30828480854723e-07,1.56647791250814e-06,-3.12027767840969e-07,1.51896648906414e-07,-1.21374757504678e-06,3.366826554232e-06,-2.09992373608555e-07,9.78872098174923e-07,-3.33888868669785e-07,8.28274500156402e-09,9.60939995180805e-05,9.17407122095331e-07,1.77801263036669e-07,1.62718151420539e-09,-2.6641159300772e-07,6.04372679034468e-08,-9.3885924655456e-08,1.50201857747465e-07,-2.92833166769333e-07,2.31785604580993e-07,-1.71813241071197e-08,3.38933780488537e-06,-1.48427837235893e-08,2.4537617965866e-06,-2.9177493424143e-16,-6.15041482671445e-06,-2.56416509186296e-07,-6.61409637576971e-12,-5.9187902449175e-08,8.88558040467369e-08,-5.56297582236942e-08,-1.58758671196475e-08,1.99049091551949e-09,-8.93584268150777e-08,3.3833945791219e-06,5.49732300473954e-07,-1.11146201089467e-08,6.01965981113642e-06,-8.9297513467154e-06,6.13803115937371e-07,-9.59961680136968e-06,4.3643683910604e-06,0.200262535393028,-3.85153745503709e-07,-2.72411349575978e-05,-3.49216648885019e-07,1.66513992962772e-09,-5.69182872466363e-07,7.23876962025953e-08,-2.68632216073735e-07,2.27130230195679e-07,8.79093251081338e-07,1.05907909776217e-07,-3.40989816259038e-08,-2.34389563360798e-07,2.59756793159134e-08,-1.43367112923024e-07,2.06522962045963e-07,0.00129361594241436,-1.35042998874026e-06,4.52695872625363e-17,6.50110479783375e-09,8.23130842385548e-08,-7.79367750015297e-09,1.86940072094006e-06,4.83686345281272e-09,4.89814293547196e-07,1.14161761065118e-06,-3.52486152164808e-07,1.51696091245316e-06,-5.63167202246618e-17,-5.10601026350547e-06,-9.67954717831323e-10,-1.78538923992783e-07,1.7645908164519e-08,3.47627702934775e-07,-1.09940589993724e-07,-0.000371473800330937,0.00111216215297838,-6.82287478741516e-08,0.000118591382944523,-1.21906304073197e-08,-1.26972142958944e-06,-1.74311577121992e-09,-2.59318904585679e-10,-1.63199662306649e-06,2.09597765209476e-08,-1.82723499067323e-06,-1.79660600930516e-16,-1.22212885952425e-07,9.83323346417572e-09,2.83468006252136e-10,3.52699351822395e-09,-0.000102060289909135,-7.99315078290109e-06,8.66995040295577e-08,-3.18005817687296e-07,-1.83240041829502e-07,6.802989050292e-17,-1.45303259695354e-06,-1.21269496538294e-08,-1.93588489863537e-06,1.3757968156173e-16,9.22037382309014e-07,1.19492594779216e-07,-1.84438991895467e-08,-3.30734505898026e-06,-1.13677694181445e-06,-6.22722687195236e-07,-4.81865083261599e-07,6.9059601336406e-07,1.17739254019436e-07,6.968104007631e-09,7.19961656441252e-06,5.62531738521719e-08,4.12048047839499e-17,-3.72942706129888e-08,1.58972803197718e-06,1.07674720330889e-06,-0.0166851304410011,-6.80290007539389e-17,4.81506458355034e-08,-3.33859543008978e-09,0.00028369487590937,2.54785293339622e-09,3.69068209481472e-07,-6.23486322979449e-09,4.93101350822027e-08,-4.77963195054156e-08,-3.7741737758729e-16,7.43234925094143e-08,-4.06890594910286e-10,1.48362450556823e-09,6.60193625410875e-07,1.94166426196771e-10,-8.87843321574567e-11,4.54415236357955e-16,-5.51924067566173e-17,-1.15099657925563e-10,-2.90589698916708e-10,3.77036949122470e-11,-1.50404250622293e-08,5.58851845841194e-17,-2.13718151432109e-09,9.03131499639387e-12,6.46660645963765e-17,3.14529766836852e-17,-6.68425729101303e-17,-2.97969747720732e-08,-2.13157606585532e-09,3.3373995885073e-09,-1.28835411516944e-07,-1.87621556099604e-08,-4.28612060263174e-09,1.90138751604302e-09,2.79908387215811e-17,5.83956928574314e-10,-1.81488607793284e-09,1.98625250426141e-16,-4.12068505645576e-17,1.60965886606297e-09,4.37782602361819e-11,1.20292656903944e-09,-2.61387046365603e-05,-1.14743790279062e-09,2.04517267715478e-08,1.92489987485042e-16,1.70698561623787e-08,-6.95616439183051e-17,2.58680209438154e-07,-4.78321383876591e-16,1.52019796396052e-09,2.39674975649879e-18,-6.58458938776164e-09,-1.75179616891783e-09,-3.82907210503029e-08,-1.24475742528002e-07,-5.55387137104633e-09,6.66167860948882e-10,-4.37874111784961e-09,-1.70008451337516e-09,-3.70382886982169e-07,-2.91124096162774e-08,-1.76769448403467e-09,5.24651653912389e-09,4.34188426526432e-07,3.63726353208065e-08,2.74362901648919e-09,-1.76975997115828e-17,-2.69235503574688e-08,4.84759629714286e-09,-2.81260721348871e-09,-2.19829120209277e-17,-2.34740310257557e-08,-1.60972970631943e-07,-5.25249798343312e-08,-7.17937468382904e-17,1.28520259193295e-08,3.27199637578462e-07,-1.80864651323326e-16,9.54008045931629e-09,-2.3611230969251e-08,2.96097391216705e-17,-1.26714515648439e-16,9.01260426946926e-10,2.23068616704139e-07,1.2911626700041e-09,1.82448535887703e-06,-1.22089680527366e-07,-3.2294486694075e-09,-1.44152770238801e-07,-3.05026424723047e-08,7.96467075370733e-07,-2.08977352603976e-15,-1.49490760975838e-10,-4.76557899729976e-09,-1.3291926217566e-08,-1.26516208624332e-06,-1.17306846206417e-16,-2.18994411823344e-17,-3.69954641374947e-05,5.26750341316614e-17,1.6284627438666e-16,-4.65874899804364e-08,6.96278608804656e-08,1.30401696396692e-08,3.31555066209154e-08,-3.51928957439685e-07,-9.22951145474401e-08,-0.000106788587414763,-1.86896458359693e-17,-2.82654116849837e-07,-1.33692634091908e-08,-6.16022504716921e-08,1.37754412013482e-08,-5.64449269152219e-08,-6.62647866702237e-17,1.65080778083107e-17,-1.02803921764039e-17,2.38569637640111e-07,2.55235775631258e-09,1.65734457854497e-07,7.74369214740808e-17,2.00131839911856e-09,1.20339816838859e-16,-9.83612399628354e-18,-3.58528902738429e-07,8.98678947307933e-08,-5.92565377426504e-17,7.57839805767344e-07,1.03483196338337e-08,3.12609975505844e-16,-2.40029854223441e-08,-1.63710953367373e-16,-4.00109787920829e-07,-8.85279836198799e-17,-4.00147176880212e-07,-7.58806492807496e-08,-2.75405145661448e-09,-1.18973866550043e-07,-8.22743160524792e-07,9.23785605080889e-09,-2.94722048497177e-07,-1.7339007126865e-17,-1.82706650870506e-07,1.03646286555082e-08,2.55108504945208e-18,1.37466803530985e-09,2.83575735709251e-08,-6.66118502407629e-09,3.48482252773148e-16,-2.21751936562369e-08,-2.95449238935624e-08,1.750009867366e-17,8.27792278690941e-07,6.31334916610761e-07,8.77310463129006e-10,3.58087769639106e-18,-7.86011914236962e-17,-1.63570533677015e-08,-2.32469916440998e-07,-1.88758822389229e-08,7.19708678468813e-09,-1.5119824955874e-07,4.40704296047222e-17,2.7243526158958e-16,-5.5687321077227e-07,-3.32440723530845e-07,-4.11145779530117e-17,-1.36796634722636e-06,-4.96737119242892e-17,-1.57963403197798e-08,0.000233568638343414,1.46775113468826e-07,1.03691360334493e-06,3.86118296201501e-17,-2.85548627740101e-17,7.85856426734803e-17,-3.27180120490599e-17,1.94557439950657e-09,6.77614254341045e-09,-4.55338882655572e-17,-3.06041734608173e-17,4.50550465882193e-17,-9.67829400763934e-09,-8.75246120697635e-11,4.90219021687895e-09,3.4250167243862e-17,9.65300670782497e-16,6.17703943072776e-16,2.22795356062348e-07,-6.83114155908507e-09,-8.78172332519016e-18,-1.22586803546782e-09,3.2361806013874e-08,4.03677892731879e-17,-3.3635151630678e-18,1.03738408249411e-06,2.34357374744533e-10,5.2129894550687e-07,-4.69544377584814e-17,-1.32007136649181e-08,-2.15596396891765e-07,-2.3535691615777e-07,7.67704420560801e-05,5.29565958576542e-08,-8.77300211779154e-10,-4.71793320213384e-17,4.83931055247332e-16,-9.7285088087685e-18,-1.78325515552324e-08,1.61620178014868e-08,2.78338397755806e-07,5.03986338321115e-09,-2.56201108198711e-17,3.87740192390408e-17,1.27816637031652e-16,-6.73034770324747e-17,-7.58031648605681e-16,-2.51428932544176e-08,-4.14878463278748e-17,-3.70732516754485e-17,1.87475512486642e-07,-1.221775414062e-17,1.67977098776213e-07,1.51788304147971e-18,2.08577023329049e-07,1.68847285185704e-18,2.60329206103174e-07,3.28159686169216e-08,6.69125061999385e-08,-1.04343905113564e-17,-1.07979784045705e-06,1.72108788022195e-17,-3.86301093824075e-07,6.39386085540474e-08,-3.5445897112613e-10,8.59788360735964e-17,-1.98388630076539e-06,-2.34654340593052e-17,1.46550282871112e-07,7.49064672848843e-08,2.25401756074772e-17,-3.29753231908332e-17,1.97153432163776e-16,-3.18759027543763e-17,9.63637885659175e-06,1.52020137822555e-07,3.41708292833646e-08,5.29912011945049e-17,1.96303543997753e-17,8.25991895028368e-09,-6.74747530934929e-08,-1.28280461411363e-16,-3.63937347252071e-16,1.40040332462559e-07,-6.79789104442427e-18,1.19810420628635e-06,8.90630707198766e-17,-2.57132563517012e-07,-5.45075086931617e-18,4.99766390320946e-17,-5.57347906303729e-17,3.04658313201402e-16,3.85403001533876e-17,-8.05794143909168e-16,-5.20572375615738e-09,3.64319327797693e-08,-4.66784924002102e-17,2.4637138815702e-08,-1.04314302511724e-06,8.07477052977131e-17,-1.97105400467444e-17,-1.23304849283894e-15,-2.18179536828086e-16,-4.34037040501286e-07,-6.99608443100202e-08,9.88284166114756e-17,-4.17642736212986e-18,1.96408325888772e-07,6.35144599283907e-08,9.65340409193739e-10,9.30099467138117e-17,4.44932583559695e-18,5.18876470777535e-18,7.04693707310404e-18,-2.34967011584011e-16,-4.84080578576846e-17,-1.80936965836075e-06,1.43876007746207e-06,3.33075324371889e-07,3.76451016619192e-17,2.13350207175876e-17,-6.62168024225437e-18,1.00347939306067e-17,7.51477113928673e-17,-2.05651816562132e-16,2.98756502370081e-16,-5.23405544620733e-17,-2.36507952217853e-17,-1.33715006302669e-17,-1.54694200308894e-16,-9.84482132639529e-17,-5.55334678932691e-17,-1.88587899144264e-19,-4.50471976678668e-09,1.13646976604134e-18,-2.88095414166186e-17,3.55604568676529e-17,-6.46780607964807e-08,3.51587132650691e-08,1.5798518935773e-17,1.67817985406796e-09,-6.04816201781659e-08,1.08825219471887e-17,-1.47919105048212e-15,1.19238921267804e-07,-2.72810650499331e-17,-1.56494380847495e-09,-2.66751659669297e-17,6.47444787556016e-18,-1.67363192831881e-17,-5.78550679285106e-17,-7.19135584163801e-08,2.20419984320936e-07,3.03643453220215e-16,2.45038263262875e-17,-3.96010394044976e-18,-2.72481694689512e-16,1.49803138565666e-15,8.42952148130186e-17,8.7356517880908e-18,-1.89357073666897e-17,-3.12325704991158e-09,1.25799770903902e-17,3.73692239809956e-17,1.6762185245489e-17,2.4467996814828e-18,6.30119030839608e-17,-4.03909657862117e-16,7.04849356275673e-07,9.95927080067484e-18,-5.57239670236309e-16,-4.80145259977878e-08,1.51957530718854e-16,4.32797888036579e-16,-6.03052852194132e-18,5.37466947728067e-17,-4.35529738375366e-08,-9.92059698454939e-18,1.46412756539275e-06,9.56415311290731e-18,8.71624137480024e-18,4.8425776497915e-17,1.60109023464529e-15,4.04962241568868e-18,-2.26802971831852e-17,-4.34083982170902e-05,-1.74607026937743e-16,1.57298763640001e-16,-7.13938567504207e-09,2.63564463688348e-05,3.24961117434017e-17,-1.23067901372228e-06,-7.38814053823303e-07,-4.49131838579392e-17,1.46162878698665e-16,8.94096657205146e-16,-4.89941590911796e-18,1.04190258533064e-16,1.38109663802883e-06,1.71297608214739e-16,3.23954050127433e-17,8.8198397485289e-17,-5.69107720940405e-07,2.35666312069435e-16,5.13322502620172e-17,6.77450763576253e-17,-1.23083893016296e-17,2.69628081862705e-07,-2.47183657860532e-16,-1.83446159599221e-09,4.86512261628286e-17,7.24004172869487e-16,1.66538832052454e-16,-2.5946233670835e-17,-6.02674921490464e-18,7.99067827882958e-17,-1.20689386506199e-17,3.40439434250393e-08,-8.97726564800998e-17,1.98252648690326e-16,-1.45611109229107e-08,2.29217754551158e-16,4.54547274488361e-17,1.65077975239414e-17,1.35199639483114e-17,-1.29264691944416e-17,-4.86897552069682e-18,1.11594379645051e-07,8.53609659558742e-18,-2.02855222464097e-16,-3.40942071702169e-08,-7.53645697681759e-18,-1.58146103197367e-17,3.10897406272648e-16,4.2737492349559e-17,9.61829278418353e-16,1.84202967180614e-16,-1.05485146274209e-17,5.76338837184061e-17,4.14123535265022e-17,4.65720771201747e-17,-5.21317081546172e-17,1.9758028727717e-08,-6.63417604891681e-08,-2.47522921869394e-16,6.7557352826268e-17,3.6024174934465e-17,-6.8262984147652e-17,-7.66899380571864e-17,-7.3096838269877e-17,-1.68436650791139e-16,-6.74143911728559e-17,6.76331327708614e-08,6.10866913971598e-17,1.24500908854865e-17,1.13428485521975e-16,1.13578720558679e-16,-8.36148832855645e-09,6.07367463316813e-17,1.42420462858373e-09,1.19969552862887e-17,1.00476134021879e-15,7.29914264902932e-17,1.93058212922157e-17,3.22781309280081e-17,-2.88852953696214e-16,-3.81831448050594e-17,-2.14508066676368e-17,-1.34922630290066e-16,-8.98905565247383e-18,7.2190076706867e-17,2.41422983789244e-17,2.6805513178011e-16,-2.47212992970905e-17,-1.4228172207982e-17,-2.14732526393012e-16,2.90442047733797e-17,2.97577224258673e-17,1.9578281287755e-17,1.09710089049218e-16,7.73484789980705e-16,1.78438991878281e-17,-2.23821735363426e-16,1.95213689503726e-17,-5.66632878354431e-19,-4.11196411876906e-08,5.29289202829764e-17,-8.01823693960618e-16,3.07452432545539e-17,2.35639676586752e-15,-5.67140173862693e-18,5.21928153204968e-17,1.26504318900055e-16,-2.32087594885934e-17,4.94525098300694e-17,7.31755087156355e-17,-9.01469701532871e-16,-2.117956785084e-16,-1.20200230558894e-16,-1.42919471290418e-17,-9.55229404006645e-16,4.88364429273574e-17,1.76482397861916e-16,6.89303040764326e-07,1.47733741543585e-17,3.72553753785915e-16,1.7353335412812e-17,8.12539564518724e-17,1.69624579363481e-15,1.68082940886751e-16,1.03907227052405e-16,2.59172704283328e-16,6.08268591177499e-17,-5.15198500627756e-08,-2.35759515897069e-16,1.93423818053935e-18,8.95454908169968e-17,2.87822281063631e-17,8.47103708621014e-17,1.50806549816599e-16,2.295140772776e-16,6.65079656259863e-16,1.63571626769778e-17,1.06212331419719e-15,2.71056080056322e-16,-3.29620095509425e-16,8.79864973279092e-17,-1.81178711631419e-06,-6.30045565544251e-17,-1.06448053546795e-16,7.64785047118115e-16,-1.31965212997569e-15,1.81757412988649e-07,4.93679137714744e-18,1.15535364267925e-16,-2.88005666806297e-17,4.28754280799943e-16,2.64033367599906e-16,2.3342116090916e-16,-4.52550732364831e-16,2.17278679979219e-16,-8.25617675282994e-17,-7.73611958476198e-16,2.64525988526555e-16,3.49531986673162e-17,-7.79130020868063e-17,-1.28410347962153e-16,2.07424828521948e-16,-1.01413712508378e-15,-5.52155304285221e-15
"t705",0.0262633303395585,-0.00243470822538017,-0.0021515052308139,-0.000337410890879369,-0.0111857947442461,0.0949422579194035,0.0161756941112321,0.00010322544570146,0.0243221867962315,-0.0183213320214057,-0.00330012211511953,0.00232556918213457,-0.00442911457835214,-0.000916941097205947,-0.0232585930704005,0.000500667575495973,0.000349585106851775,-7.18274678988828e-05,0.00268148082045683,0.000397899716173417,-8.48624497218191e-05,5.95618113264066e-06,0.000694860532839042,-0.000142194616064008,2.89527669781428e-05,-0.120307492467676,-0.00821057235872236,0.000527413052281919,-0.00231647709277156,0.00410261669043342,0.000108695417748713,-0.00401971584145326,-0.000204043306408562,0.00175903697756812,-0.000176863256572548,-0.000156313660277033,-2.79173276100453e-05,0.00145060850261887,0.00030151711606147,7.60677246303668e-05,0.00022658211960939,-0.000398391335570922,1.86148750917031e-05,-0.000316373038832692,6.8995118065695e-05,-1.38619703587369e-05,2.54925077045839e-06,-3.7665912928075e-05,0.000513345721574214,-0.000986056022195135,5.84124981105124e-05,-5.57980865604575e-05,1.07236637802052e-06,-2.42502016614823e-05,0.000642318078133264,-0.0321890430665218,-2.41031781416851e-06,3.95909443191948e-06,-1.14007640952438e-05,1.84987860965498e-07,8.13193270198715e-07,-1.82654026511519e-05,5.72141728629209e-05,-4.6216273461271e-05,6.74646989916535e-05,-2.772385348744e-05,7.93934445020196e-05,-0.217079975117643,-0.00235795051162163,0.0663421325011994,-6.16231194529277e-06,5.16379532526067e-06,0.142677425178945,-4.15101068020452e-05,1.68874605700696e-05,1.44371602929125e-06,-0.000131913360518438,1.79240803506025e-05,-0.000668617964766415,-0.00793149929237463,3.33867540891607e-05,0.00307021651315504,-0.000218727446356646,-8.84560618310813e-05,6.86852880685806e-05,0.000186980246377849,-2.84954725158538e-05,-5.05446793590504e-05,-9.98758647178132e-07,3.82561045860578e-05,-9.46926958553137e-05,5.96589322615548e-07,0.0389500919334808,-5.73432038496661e-05,-3.15742796527228e-06,-1.2669170163794e-05,-1.48095081865992e-06,4.47249375116636e-06,-2.69026322661186e-05,0.000571981571163402,0.357265578166178,2.4527873163622e-05,-0.0255723026037624,0.000242677815273828,-0.000134649155167388,3.70893594332889e-05,-0.0503817967863653,-0.000140623789088438,0.00229456741282079,-2.77412989087318e-06,-7.28532250460719e-05,-4.68936963530277e-05,1.28093857555893e-05,3.71726604307092e-06,-1.67429307264301e-06,9.31078794102905e-06,-0.000169876719714638,0.000245189478877343,-0.00206717637835064,0.000134693632695836,-8.80264822875989e-05,0.000383280287300926,-0.0216075471820832,-0.09220656548187,-0.000365596821135547,0.000461711956747745,-4.40270684929697e-05,0.000260347156450659,-0.000130892239312435,-0.00448318315679924,-2.9433872297803e-05,-6.1557174143166e-05,-3.8076447314751e-09,-1.14192225141077e-05,-2.02667173338634e-07,-4.86955252113431e-05,2.71235122889936e-05,3.28977982401094e-05,-0.000548599264767703,0.00197103810282877,-3.19390913053475e-05,-3.28120915404162e-07,-0.000685291045083174,0.000809244228124208,-1.12419215146099e-06,6.59556828937734e-07,1.89916887340466e-06,-5.648138857322e-06,-4.01300365621083e-07,0.0886200097542847,-6.03054563777558e-06,-2.48118644996614e-06,-2.03811177709256e-07,4.02238748718787e-06,1.1860074811377e-08,3.47109690610723e-09,9.86096653400486e-08,-1.95841832326085e-06,-1.1304430242922e-06,-3.81013514214061e-07,-2.02938608858793e-06,3.00842424351923e-07,-2.24824865156195e-06,-3.32625757594429e-06,2.3312615547155e-06,-1.64594987234493e-06,2.75718861766596e-05,4.72468128292769e-07,2.35045242155584e-05,2.37579223771234e-06,-4.1031432573982e-06,-7.22862037617175e-07,8.60551043516689e-08,2.87971277069121e-06,5.77468500928263e-07,0.00164005411757573,4.32611116782317e-08,-1.83015594401433e-06,-1.70382520352877e-05,-8.30494070262175e-06,3.2981665928476e-05,8.57102483949204e-06,-1.75780403986032e-06,-6.8493099727335e-09,-2.02413887693661e-07,-5.30670074074905e-08,-9.04840829014569e-05,2.13803231204933e-05,9.59011577107937e-05,-9.12437923928753e-06,-2.78568175502978e-06,5.66404805361687e-06,0.00104133432237105,2.74910559615282e-09,2.77370104402001e-07,-5.13981723557191e-06,-9.55495871791268e-06,-5.6458962108317e-07,5.82996334515884e-06,2.61118207849917e-06,2.60722136049707e-06,3.7778371014763e-05,-7.78671071846732e-08,-1.2639896380189e-06,-2.16790850081024e-05,-9.20096064443101e-06,1.43868215298057e-05,6.6011795166534e-06,-0.000113610736271559,-7.02162395335927e-08,-0.000517283926218179,7.51622692357861e-06,-3.81504771149295e-05,-6.6646782083841e-05,-3.84698846283131e-07,-2.90758034127206e-06,9.02123059642079e-07,5.89742913436094e-07,-1.66535388586975e-05,-0.00357408123068579,-4.45062998849504e-05,9.47303369317025e-05,2.5287391527179e-05,0.000140919626142199,-0.33272391516502,0.000145942617784283,0.0140723691834201,8.05922511610656e-06,0.000104493192574629,6.03251322635333e-05,-1.34138418690335e-05,-2.59550840631094e-06,-2.25044253685426e-05,-0.0128734088639086,8.88629419442741e-07,1.62919663324693e-07,0.00201722980637733,7.86951890776523e-17,4.14482936143272e-07,-5.82025244062351e-06,1.00374258781414e-06,2.31608172999356e-06,0.000905317478371913,1.24037436910887e-07,6.35738762088491e-06,-1.64711577393827e-06,3.07351260347459e-07,-1.87055694830316e-08,3.52982916675859e-07,-3.7236650763505e-05,9.32053711021984e-08,-9.77478119503291e-06,6.73409102114607e-06,-2.06385988631643e-08,1.17014630660529e-09,-4.92150244844325e-08,3.46775954005667e-08,-5.33904495889186e-07,-1.06969364489508e-06,1.76906845278224e-07,-2.76560647591378e-07,4.7487891828689e-07,-4.96841971115797e-06,2.62551625746182e-07,-2.18284297699635e-07,7.19342205748617e-08,-5.7248666139419e-10,-2.28295008537982e-06,3.54902452384575e-08,-2.12819901574489e-08,-5.47422638793693e-10,2.1392004413583e-09,8.83075189093014e-11,-8.08191229290456e-08,1.41313640676699e-07,-2.94119014437259e-07,2.67955248918224e-07,-2.22892146228388e-08,0.000143842045480369,-1.19009190570033e-08,7.48776606355914e-07,-5.78041054190578e-17,-2.44294599703318e-06,-8.54763065051366e-08,-1.01710484177029e-11,-9.95071861532306e-08,5.14367476711205e-06,-1.67671943620177e-07,-2.94834116394009e-08,4.20122219466833e-09,-1.96046210856619e-07,1.16879242643809e-05,2.73817172016749e-07,-2.43709353087935e-08,3.72136739697148e-06,-4.5747817344073e-06,1.32802212067074e-06,-2.90936962531294e-06,4.54655499689874e-07,1.8690864589717e-07,1.23394791861864e-08,1.02241695562261e-05,-9.98806543164267e-06,5.33323246689853e-08,-0.00534452445161199,1.35829964398653e-06,-5.78617669651627e-06,0.000367535147543269,1.24880454836093e-05,8.41859764907511e-06,-3.47552971415096e-06,-0.281623509482035,-2.00181331632888e-06,4.69553760900806e-06,-1.08848443959617e-06,-7.6898866949599e-06,9.66453502406408e-06,-1.34274292501063e-16,-7.09297876886183e-09,-3.38793635159102e-07,2.69246749458492e-08,-1.56491348831232e-06,-1.73476948838122e-08,-3.94901420387067e-07,-8.70579198199739e-07,1.08318039353809e-06,-0.000278489838008331,-4.87891308385474e-16,1.44874989571553e-06,1.10576270404127e-09,4.15303904246495e-08,-1.7024919738575e-08,-6.22544806410563e-06,1.10491283762585e-08,2.63732395500154e-07,-4.35356514488177e-08,-3.46993313336829e-09,3.12111037135257e-07,-6.22152733223798e-09,-1.98396095955838e-07,-1.00479492123259e-09,-1.61957577252691e-10,-2.47599094391181e-07,1.41433508032402e-08,-3.06635114940724e-07,-2.21164275605364e-16,-1.07420099365717e-07,8.85248555607825e-09,2.55240262108272e-10,2.52752422644381e-09,-9.47638069086327e-07,-2.28999194978237e-06,1.06323644417775e-07,-3.89463201062319e-07,-1.86173047696981e-05,-5.2841805858796e-16,-4.14958686213577e-07,-1.45610198522658e-08,-5.45590893909272e-07,5.43607569849838e-15,1.71558266121527e-06,1.35420389731971e-07,-2.07706987867272e-08,-8.82246016896933e-07,-2.96906053724696e-07,-1.59653939396428e-07,-5.0998928982156e-07,1.64051108272081e-07,1.16336967418362e-07,6.51961707774558e-09,3.69480322982857e-07,4.71330630718759e-08,-2.77504533861282e-17,-1.97417910891246e-08,2.03446333511233e-05,3.13060542514691e-07,-4.83568811707851e-07,2.22850402141034e-17,-4.30411271819081e-08,8.23383767269135e-09,-2.27746534743355e-07,-1.36402454809873e-08,-5.18902308886313e-07,4.93564325043681e-08,-6.6773090601799e-07,1.08548721764499e-06,5.45674742708677e-17,4.05302474874976e-06,-6.84150992166944e-08,1.93402754063702e-07,5.08336566484482e-06,-4.18745465661405e-08,-3.4745187982108e-09,-2.02394784775669e-16,1.00282184777804e-16,-3.38356500474582e-09,-3.85636223658828e-08,5.08971752816953e-09,-5.83344471108987e-07,2.76433063167015e-15,-2.81011288135664e-07,-3.34052082322965e-09,-2.59585254398094e-16,-5.84357804981612e-18,1.89462820665443e-16,7.25627780708391e-07,1.91350111696632e-07,-2.15043399501036e-07,2.61383378819105e-06,0.000299330717411221,1.57938339570642e-07,-6.89155021802697e-08,1.95500074370592e-16,-1.56547827145329e-08,4.42120985738504e-08,-4.04046819729602e-16,2.16063517461845e-16,-2.81697519689859e-08,-1.70602554038127e-10,-1.67651804388871e-08,1.02383902029023e-06,1.6704385483424e-08,-7.0471308582017e-08,-4.46073233761592e-16,-7.58621733363225e-05,-3.83490017780207e-16,-7.94972427648614e-07,-1.47998275331885e-15,-1.85939944467105e-08,2.09587784918479e-16,7.65604086842108e-08,2.01708622901625e-08,9.57565163678325e-08,3.34829783201572e-05,5.1950420535611e-08,-6.21716933831212e-09,3.9601869552641e-08,1.38932894053294e-08,7.50418035644274e-07,6.91937521181148e-08,1.3943803823792e-08,-3.93079705853198e-08,-7.54407587951337e-07,-6.12558470551437e-08,-1.88426068842754e-08,3.14167587020105e-17,1.76683984669425e-07,-3.05168895612449e-08,1.59933407018505e-08,5.08754739700983e-17,3.17529226241676e-08,0.000263194907525494,2.42693595038696e-07,-4.69782674163677e-16,-6.06906575354486e-08,-3.72714977831451e-07,2.69755594128239e-16,-4.43309849972862e-08,9.99039063905862e-08,-3.07251875869575e-16,-2.22984453507204e-16,-3.67056864353904e-09,-2.19792789988825e-07,-1.25297364703967e-09,-1.73960256939387e-06,1.23602152487275e-05,1.20437866860686e-08,1.30289966225256e-07,1.08426521393626e-07,-4.36405160306252e-06,-1.40194279201397e-15,4.98835908717856e-10,3.83863524818718e-09,1.05970415367014e-08,9.91732200625204e-07,7.45271495478278e-16,-6.17850968129455e-18,3.2612845667283e-07,2.46855643223815e-16,-6.16243632699056e-16,1.38211108876499e-07,-2.0321118862645e-07,-3.80449585966501e-08,-2.25096621925314e-08,9.72443430576168e-07,2.54016331638697e-07,7.86655373543032e-08,2.06390725172022e-16,1.80430993032866e-07,8.41846045378901e-09,3.86174056064175e-08,-3.48084421146941e-08,1.37086731264828e-07,-7.82553662441823e-17,1.88896223233506e-16,-2.79902954183698e-16,-1.33124249655812e-07,-5.78654466751591e-09,-9.83635973102272e-06,9.51829501056216e-17,-4.37374860989382e-09,-5.99627271956782e-16,2.90981190628993e-15,7.42057431963052e-07,-5.45028257825763e-05,1.17987107562812e-14,-4.24922910856705e-07,-1.96699235895429e-08,-2.13951654737066e-14,4.43665316134891e-08,-0.439598545131189,1.73860330242803e-07,5.95032349046953e-16,1.73355015971263e-07,1.34888688208852e-07,4.88174628640016e-09,5.10952776822507e-08,3.50427139690437e-07,-1.5683664055479e-08,1.26117097782808e-05,-8.00129538509288e-15,2.80555434113443e-07,-1.58232864316047e-08,2.52809162563719e-15,-2.0824559620482e-09,-4.23544423384326e-08,9.82258661924128e-09,-2.1952130074456e-15,3.13011099458668e-08,4.13487132806979e-08,1.10918326614932e-15,-1.83972199234542e-06,-2.52685597183585e-07,-1.1806296067451e-09,7.38749277851105e-16,-8.13029713312991e-16,2.09243583793255e-08,7.08810363858274e-08,5.72976213708259e-09,-8.14161431689333e-09,4.10277537366893e-08,7.18525994548313e-16,-4.60630197659073e-16,1.49428016923663e-07,1.02968509965291e-09,8.9253044945844e-16,3.5953991111452e-07,2.04741686355229e-17,1.66944257400259e-08,-6.81354267614969e-08,-3.97943215141026e-08,-2.63388642063298e-07,2.56644886506985e-16,-6.76945612007368e-17,3.88163949069548e-16,4.76213689321161e-17,-1.87878021668522e-09,-6.50844287996693e-09,6.12187163411273e-16,-7.19891463995995e-16,-2.97915169822729e-16,9.11731811873829e-09,8.17615276860521e-11,-4.47573671953635e-09,-5.4156960656319e-16,8.82097967661882e-16,-2.29767903395184e-15,-1.87977980546979e-07,5.74774216114307e-09,-1.47051444289374e-16,9.99515188341176e-10,-2.60504085403289e-08,-2.32748782517111e-17,1.25548123145459e-16,-1.97750305741588e-07,-1.82629846700295e-10,-9.73550851041873e-08,2.80901892066118e-16,9.79398684554233e-09,4.08644287858077e-06,4.34909637681329e-06,-1.50750572242704e-07,-3.65218153733108e-08,5.9113970687411e-10,1.39199745225906e-16,9.24104846869224e-17,-5.03389867976464e-17,1.08515081256907e-08,-9.81949526450005e-09,-4.07869436493678e-08,-2.82478311507062e-09,-7.33105762801538e-16,-9.02602604036423e-17,-3.06397403061657e-16,-8.12093149342597e-17,-7.6937914508629e-16,1.30956709456088e-08,3.45680749466699e-16,1.00517029673486e-15,-2.31823122277016e-08,-9.09308318630677e-17,-2.07384638678921e-08,-1.08094956596805e-16,-2.56825070899151e-08,2.61896994248378e-16,-3.04338093289479e-08,-3.78903418756781e-09,-3.09974873371376e-08,-1.8661724354025e-16,1.19636376128752e-07,-4.43141363635125e-16,0.00013636030417779,-2.49871177897083e-08,1.38083389720589e-10,-4.46004163302314e-16,2.19584124501557e-07,1.86934959933694e-16,-1.52256585582166e-05,-2.6580985461866e-08,-8.57574643814308e-17,1.49604322655726e-16,-1.35608002764401e-16,-3.76221742685495e-17,-9.71883660672844e-10,-1.25766283565328e-08,-2.78739694057768e-09,4.05035984360669e-16,-5.23606698532621e-17,-2.56622702789055e-09,2.08961518964728e-08,3.89791714999318e-16,6.65192281443284e-18,-1.15759553130959e-08,-4.2793403170943e-17,-8.10422428197754e-08,-7.10783286369287e-16,6.67248636404335e-08,5.37084016242431e-16,2.0245921040116e-16,3.14520251273427e-16,3.7804805829282e-16,1.24110277964869e-17,2.0213519280751e-16,1.1782523679761e-09,-8.2304955101748e-09,5.33933681202019e-17,-5.29955071787539e-09,5.61388026431367e-06,-1.23940044167439e-16,2.04064942053018e-16,-2.90303609801349e-16,-3.61720132674868e-16,2.01131273511967e-08,3.16291365992602e-09,-2.00928794123449e-16,4.89494790896605e-17,-9.04540230671963e-07,-1.13365590943055e-08,-1.7024107447063e-10,2.48903384287054e-16,-7.77331988388041e-17,3.96477328757794e-16,-1.23573314844458e-16,3.65817143826587e-16,7.49741493711658e-17,6.22042967850143e-08,-5.77881346322163e-08,-1.0910033062072e-08,3.51514366652025e-17,1.45756571950875e-16,2.08139178236661e-16,4.31355758158474e-16,-8.25885435769468e-17,5.47671875953227e-16,2.12046514226642e-16,1.68315441425017e-17,-4.36840243156011e-16,-8.41699024935704e-17,1.06743430449032e-17,-1.53573880408636e-16,-8.42648254641351e-17,2.4180533699962e-16,3.57613783895065e-10,-5.41578410307194e-17,-8.22950328955284e-17,-7.81723510260765e-17,4.68109532123672e-09,-6.10267706765464e-10,6.81654838668228e-17,-1.17077802129925e-10,3.70311389896835e-09,1.26675313968641e-16,-2.18905970776895e-16,-6.04316455316908e-09,-1.18384145434382e-16,5.93079500075855e-11,-1.22518638014648e-16,8.90906534189556e-17,-3.74956717072399e-16,-2.31531509047507e-16,3.18381043735877e-10,-3.6822583327008e-09,-6.34677515071187e-16,2.5499906965838e-17,-3.36672434665525e-17,1.52977267355196e-16,-3.7248271055814e-16,-3.09961316279215e-16,-4.29065185461556e-16,2.39429670336606e-16,-1.56791178004217e-10,3.95766111852793e-17,-1.99528950707087e-16,-1.25701980219106e-16,-2.41597701860609e-17,-8.68775667386697e-18,1.04715750420238e-15,7.23779534617767e-08,-1.43268578630005e-17,1.95729605096974e-17,-3.20120372558452e-09,2.8313987336289e-16,6.39410870554355e-17,-9.71681590839201e-18,6.59763662902596e-17,-4.18777075419526e-09,9.22112476635851e-17,3.64612029339936e-08,-1.42491738158818e-16,1.33616331645131e-16,3.65506669888085e-16,7.24852490174547e-15,-1.32126170448491e-16,4.11489693229101e-16,-1.50204300151952e-09,-1.34716291548136e-15,5.02594063564825e-16,-8.46118673762549e-10,2.07031181654061e-07,-1.59082412134787e-16,-2.5088002482779e-07,-2.35020825010266e-08,8.96644256818159e-16,4.33767201139822e-16,-4.13401280156628e-16,1.31059536520564e-16,-4.74370237790058e-17,5.45755888692677e-08,1.37758072649028e-16,8.3311341019381e-16,4.31983931465274e-16,-2.36008820446472e-08,-1.89986917281485e-16,1.00171403230551e-16,2.92701920623061e-16,-2.5969336674947e-17,1.18729635928217e-08,-3.26168141805323e-17,-3.34393130824002e-10,4.91933272490714e-17,3.2781613176907e-16,-5.47002198919037e-16,-1.85432373243453e-16,4.49001185820483e-18,3.50778895477487e-17,6.02473462541632e-17,6.77667315977503e-09,1.65893565732686e-17,-3.31483862750011e-16,-2.95853365459826e-09,7.20998777579263e-16,2.77473992360734e-16,1.98409005488865e-16,-1.46291436276052e-16,4.80056928992438e-17,2.5338798196535e-16,2.41089535345406e-08,1.13920547761179e-16,7.02580351958774e-16,-7.56059251278906e-09,-2.29442780733174e-16,1.61157906692745e-16,3.90547184203617e-16,-5.27276097095458e-16,-4.14931628650496e-17,2.24811401751888e-17,-1.54530563133496e-16,8.20284325993299e-17,1.19939986725125e-16,-3.39841442954983e-17,1.09522835762971e-16,4.79354594544528e-09,-1.62598808839387e-08,8.50078658698466e-17,4.88101293344154e-16,-1.11318900306315e-16,2.76868370074658e-16,-2.19452868939867e-16,7.86529792338183e-17,4.82313210810776e-16,-7.18717033062576e-17,4.40787286102145e-07,1.57472378046892e-16,-7.22260987856314e-17,-1.7674747639554e-16,-1.38810227675442e-16,-2.24728329923937e-09,2.31342353719805e-16,3.99968218325119e-10,-6.3288649690809e-16,-2.72537423025829e-16,3.00714912167573e-16,-3.56803912343006e-16,-1.61251956860655e-16,2.55662031278598e-16,-1.59288527471691e-16,8.48989271165374e-17,1.3233320522761e-16,-2.80910326930645e-18,-4.53325001033806e-16,-4.62224226153848e-17,-5.08661832078229e-16,1.94938060848473e-16,-1.39236682695561e-16,1.34870861577572e-16,1.1805720313444e-16,-3.63363680626167e-16,-3.02538184157689e-16,5.18575407990215e-17,-1.8528671348346e-15,-7.2578561997463e-17,-4.71493860804637e-16,5.84442269426024e-17,-1.5582438397828e-16,-3.28329973986857e-09,-9.82487810890994e-16,-2.64021555724242e-15,-2.29896959010962e-16,6.01828562870383e-16,-3.61452099622486e-17,-9.48249992685376e-17,4.95764544305828e-16,-5.16719286473283e-16,2.1620280395834e-16,-2.71058681048512e-16,-1.31478283403444e-17,-3.57950529722309e-16,2.63987558371405e-18,-4.39990866551446e-17,5.24695610566376e-16,-2.20960371514946e-16,-9.23997409144892e-17,5.98649399504527e-08,-5.71092298814303e-17,1.00093747840308e-16,-4.12858086629436e-16,-3.61496666742978e-16,-1.99665214929452e-16,-5.27758013414446e-16,-5.57347677946504e-16,2.85706051247502e-16,-9.83340198031222e-17,-3.13694315042094e-08,5.65841512133986e-16,1.66732968398336e-16,6.03804523771367e-17,1.05218481266591e-16,2.59266920632267e-16,1.15753065280423e-16,1.50475738903406e-16,-5.17892125340012e-16,-2.67270125645231e-16,-1.08055506638563e-16,8.95448111190724e-16,-2.55135406259671e-16,-5.80857822878399e-16,-1.82520455068178e-07,4.7671128490886e-16,-1.02219665074102e-16,3.36417922781146e-17,-1.22094625132579e-15,7.65558113853736e-08,2.41509705413485e-16,-9.85896998145518e-16,-1.00079768832565e-15,3.98192405370599e-17,9.90123562513448e-16,-5.959024707207e-16,-1.44089505075415e-17,-1.18281892405044e-16,2.08920360417741e-15,2.67679702342263e-18,7.09265719680109e-16,-4.98691110630048e-16,3.85041325564504e-16,1.28669032756593e-15,-3.16639549181845e-15,2.01339845093279e-15,-3.4958297037803e-15
"t770",0.0264284012642095,-0.00246768673102613,-0.00218163204260614,-0.000343839733368916,-0.011450293594148,0.0976102919437821,0.0166399819900267,0.000106446850949985,0.0252346161280465,-0.019175711416722,-0.00350312298314608,0.00250975132086348,-0.00479267385798211,-0.000993631265900391,-0.0253109811427776,0.000548190569790881,0.000383789752900938,-7.90204282587166e-05,0.00295812376378536,0.000443699093790581,-9.57268289313438e-05,6.95299072461255e-06,0.000821060284635733,-0.000168244510076111,3.42887444428167e-05,-0.144133641392341,-0.00986687423458387,0.000635316295761514,-0.0028108016684305,0.00526174806760689,0.000143232300229847,-0.00541012726592193,-0.000285227203757045,0.00253135863921465,-0.000263685624992974,-0.000248767786665213,-4.4974653691857e-05,0.00237448463224893,0.000497067739963004,0.000127428311745828,0.000392316649679365,-0.000711187796018105,3.39091425206587e-05,-0.000577299162797527,0.000129111152479269,-2.88312962597548e-05,5.50229947388139e-06,-8.28026797469791e-05,0.00119207759653016,-0.00244552444882156,0.000160197612756266,-0.000161358453871816,3.12643826999574e-06,-7.61037999346352e-05,0.00239468047004931,-0.123676002467232,-2.40370053149263e-05,7.86987639743392e-05,-0.000258229588156188,-1.98565682815966e-06,-3.8322430378775e-06,6.59920606470555e-05,-0.000172239056167947,0.000133349136893961,-0.000146814883362941,4.85481384628065e-05,-9.26315061633786e-05,0.215635259159246,0.00218133691753533,-0.0542249875717382,2.91026177095421e-06,-8.92800729049412e-06,0.0839189123936008,-1.41992642166699e-06,3.8529120835486e-07,8.77745828945033e-11,5.87829836391906e-07,-1.5103368154435e-07,-1.57032904109674e-05,-0.000330530846525305,2.5298616008083e-06,0.000256655182447084,-3.20097387826684e-05,-1.48570159425497e-05,2.00341493490782e-05,6.40516336814873e-05,-1.1672620978893e-05,-2.13599129715609e-05,-4.25569871799569e-07,1.6646556154341e-05,-4.45568579904117e-05,1.10288836425935e-06,0.099125469524857,8.85178400410876e-05,1.26491825394433e-06,4.74323620473267e-06,5.53242224483332e-07,-1.92407148755024e-06,1.80996537509388e-05,2.37875379580827e-05,0.000152827885496886,4.76265951900703e-10,4.9989930275127e-06,1.01304376745011e-05,-6.02764364114914e-06,1.74455351402235e-06,-0.00256435907182337,-7.3035694777708e-06,0.000123297913125041,-1.56340650156945e-07,-4.1661375566765e-06,-2.90071358472424e-06,7.99138981580762e-07,2.7006501471489e-07,-1.24762369923908e-07,7.28430200512298e-07,-1.35469475993486e-05,2.04525279878435e-05,-0.000178401969268632,1.18628166300855e-05,-7.82741429466383e-06,3.48571567732672e-05,-0.00197569119737754,-0.00843134170661795,-3.3432501094368e-05,4.20060568656265e-05,-4.00181295564803e-06,2.3301787317002e-05,-9.76747477718754e-06,-0.000332848004534412,-2.09456908450702e-06,6.06964102090645e-06,3.02339664464013e-07,-4.3849296884388e-06,-3.18128798026294e-08,-7.36634809950424e-06,3.19316518499592e-06,3.52069708373489e-06,-5.18860645602548e-05,0.000185695975464565,-2.93662963991431e-06,-2.97788879698715e-08,-6.08465166975045e-05,7.12285508584519e-05,-9.89381391815995e-08,5.41547423738187e-08,1.28197114988411e-07,-2.56812064750677e-07,-1.52231379282084e-08,0.00142261634952355,-8.36694291054588e-08,-5.3247598708868e-09,1.21606241062827e-09,-6.68435880813423e-08,-7.17785202127826e-09,-1.17765116729976e-08,1.94236101688676e-07,-1.85531699036582e-07,-7.86623229883173e-08,-2.50744861656032e-08,-9.05478623209394e-08,1.2071337808584e-08,-2.20900414980919e-08,-1.93019483838988e-08,-7.09971110883734e-08,1.23659872505585e-07,-9.71355282510931e-06,-1.75588544801565e-07,-8.85704776201435e-06,-1.11130068484657e-06,2.53594755703081e-06,4.66544689552098e-07,-1.17353179175535e-07,-5.57059647487015e-06,-5.82970190242021e-06,-0.308730723322293,1.0423514162153e-06,-2.3343215912068e-06,-1.23835071542336e-05,-5.66844937806249e-06,2.13148982051289e-05,4.82615832533129e-06,-9.4563232264891e-07,-3.53499287028425e-09,-1.00717225374074e-07,-2.37045568085281e-08,-3.9466948103795e-05,7.85365785335763e-06,3.50564025889568e-05,-3.18227141387651e-06,-8.68100371878487e-07,1.62927108315135e-06,0.000291972566054554,7.43144186803753e-10,7.30396640548636e-08,-1.25721679306138e-06,-2.30164615282465e-06,-1.31743515918956e-07,1.33926551143535e-06,5.3386418230279e-07,5.30197219713189e-07,7.3208774683262e-06,-1.43905807398572e-08,-2.07997044846945e-07,-3.56547065836344e-06,-1.49670056629502e-06,2.2619680068561e-06,1.01321568375227e-06,-1.6327981464516e-05,-9.25680909520432e-09,-6.33022184599802e-05,8.97916108381346e-07,-4.05695406026366e-06,-6.6003063406081e-06,-3.80240298560964e-08,-2.70767625432979e-07,7.07913397093647e-08,4.45995473631602e-08,-1.00271120882148e-06,-0.000176103331883865,-2.02179268457943e-06,2.76462328754192e-06,6.37560657184408e-07,2.93232858175335e-06,-0.00232794145073738,6.02554875491494e-07,4.81436306119156e-05,-1.02609176767815e-07,-2.42401946591133e-06,-2.17227249884479e-06,5.74410360918189e-07,1.3556454259461e-07,1.7361502190883e-06,0.00159437569860305,-5.24766845698339e-08,-1.15085661375239e-08,-0.000165772338840412,-5.23848535758451e-17,-4.091784113541e-08,5.94184995612479e-07,-1.26756295736665e-07,-3.3877973423337e-07,-0.000148309160117725,-2.0454710055052e-08,-1.27623227893575e-06,3.41340217280873e-07,-6.46277361445129e-08,4.21354345417239e-09,-8.32480492963272e-08,9.54079630090766e-06,-2.47672769072444e-08,2.6366566638124e-06,-1.97107840536149e-06,8.52301181011416e-09,-5.48524875618562e-10,2.57388814716096e-08,-2.34365408556978e-08,3.67952258534606e-07,9.04392656889122e-07,-1.69858928555046e-07,3.25563556769563e-07,-6.0107096941355e-07,6.81734354424564e-06,-4.06790015909773e-07,4.15698101827545e-07,-1.40607086169848e-07,2.58963734395446e-09,1.06376481102003e-05,-1.7114561197824e-07,1.61716149715761e-07,5.28108664839451e-09,-1.37117023171026e-07,1.37802505330358e-07,-1.58232575641616e-07,2.4976675201396e-07,-4.82683445518064e-07,3.77798459104233e-07,-2.82418007378322e-08,0.000148204211629834,-1.16259189225769e-08,7.0254022316e-07,-1.27506008607395e-16,-2.01552615993854e-06,-6.9408411114387e-08,-7.85268958813846e-12,-6.8717595650185e-08,3.25028858653821e-06,-1.01771346543612e-07,-1.7549590962281e-08,1.98077657060907e-09,-9.11364592276239e-08,5.4128140407147e-06,1.19043615704305e-07,-8.91631364239825e-09,1.32235816815735e-06,-1.59310611976341e-06,4.32798689699643e-07,-7.36337175287473e-07,1.03251918892352e-07,4.2176340822897e-08,2.77913106928734e-09,1.74228305006397e-06,-1.39551856506366e-06,8.15236629650468e-09,-0.00165810068071249,-4.03156973977452e-08,2.06182720926019e-08,5.05821218744423e-06,1.54604953887471e-07,8.08811679016456e-08,-2.62953778913478e-08,-6.9115258331502e-05,1.72442604103108e-08,-8.11963218998778e-08,2.30689514474838e-08,2.14896665380541e-07,-4.13938576722945e-07,1.22014210017284e-17,1.06055530730755e-09,5.50545895267081e-08,-4.93444317266829e-09,2.8780482517815e-07,3.2022359385201e-09,7.50305982170345e-08,1.74596979663274e-07,-2.31567176571115e-07,6.77897023224131e-05,1.52502191529901e-17,-4.83101380330713e-07,-3.84803922674368e-10,-1.59063527884555e-08,6.59870720061359e-09,3.19101623597492e-06,-6.88514657864733e-09,-2.39583045282069e-07,5.9337317526738e-08,-2.05718044960016e-08,2.50876521825432e-07,-2.8752616381893e-09,-7.04744730998101e-08,-3.05536240759873e-10,-3.75719217764017e-11,-5.57513856948116e-08,2.6230896246362e-09,-4.86806378884323e-08,2.56897774815981e-17,-2.63648003102892e-09,4.57248414986128e-11,1.2719875292945e-12,-1.05134704924267e-10,4.52921787731217e-08,2.566103915449e-07,-1.35635591704116e-08,5.08347196700242e-08,2.63322115881943e-06,-2.64319063260455e-17,6.36569284334686e-08,2.29688762134662e-09,9.46307082892416e-08,-8.79727216881434e-16,-3.25396668750856e-07,-2.61898783877455e-08,4.05681275254363e-09,1.75784741887329e-07,6.1090799161319e-08,3.36206587897196e-08,1.09303587850579e-07,-3.69504601037488e-08,-2.63521856378598e-08,-1.52474172546944e-09,-9.11069272038975e-08,-1.16523855864592e-08,4.34193091944268e-18,5.35840184991117e-09,-5.60610610477704e-06,-8.9096379272763e-08,1.44185606720784e-07,1.09671735316435e-16,1.40743398805744e-08,-2.95627349119806e-09,8.50507079072166e-08,5.18564587800272e-09,2.0146774756547e-07,-1.9907194043499e-08,2.85865430013608e-07,-5.34403666635436e-07,-3.59343921970405e-18,-2.2512054321193e-06,3.84076634782636e-08,-1.1103804041926e-07,-3.01229945351276e-06,2.48750630490795e-08,2.08283955741855e-09,-2.97811182171874e-16,-1.21495805089427e-17,2.14060681757429e-09,2.56422920686885e-08,-3.40621133427058e-09,4.09778063485674e-07,-2.33196168009795e-15,2.23625445439162e-07,2.8477925884244e-09,-1.29345319784358e-17,9.65051070328155e-17,-2.33254364724283e-18,-8.81164125835497e-07,-2.51379809740267e-07,4.47652505945853e-07,-2.8595655628777e-05,-0.0102405258030602,1.75193490587002e-07,-6.34706337595522e-08,-4.44338664004512e-17,1.83229758424696e-09,-1.00487076135431e-08,7.91805537968172e-17,7.23549571530716e-17,1.27458694198144e-08,8.29132418347629e-11,8.80797992289609e-09,-5.62567656304001e-07,-1.00151189140096e-08,4.34232340587249e-08,-5.59255004553374e-16,0.000195372720250183,1.24834087467712e-16,4.8578938070985e-07,-7.97690671835816e-16,1.17156031544918e-08,-3.14303580250489e-17,-4.97887710617031e-08,-1.3195089122651e-08,-6.71231784343654e-08,-2.37822206129835e-05,-3.70983808216499e-08,4.54149680685466e-09,-2.94765663890222e-08,-1.07736388842274e-08,-5.82119668107782e-07,-5.43215713439147e-08,-1.11821790407639e-08,3.23973759856865e-08,6.35729844540241e-07,5.2506282905833e-08,1.62852098024862e-08,2.95736150087852e-17,-1.56602267383382e-07,2.77040949100828e-08,-1.56091132250507e-08,-2.54523589728813e-17,-3.19394613444291e-08,-0.00052661330804586,-2.20720791560583e-07,-1.29096419323723e-18,5.75921339456688e-08,3.74799111734217e-07,-5.43442401966493e-17,4.52841992829589e-08,-1.09372017303176e-07,-4.7910716211043e-17,-1.78073792870119e-16,4.1138716612764e-09,2.46846267578623e-07,1.42074387168866e-09,1.9945456891501e-06,-1.45245890827259e-05,-1.41824707863001e-08,-1.53881223572558e-07,-1.32193752315071e-07,5.45753404398235e-06,-1.00888169862646e-15,-6.29782614573302e-10,-4.85417886067329e-09,-1.34771840155479e-08,-1.2699225890064e-06,2.02785083597332e-17,1.51802731166699e-17,-4.21523531748124e-07,1.85226656983681e-17,8.01958512982626e-17,-1.89281652461066e-07,2.81069375634871e-07,5.26324077715404e-08,3.18200181104164e-08,-1.3786801366604e-06,-3.60356187540781e-07,-1.12048457453008e-07,-4.55778597136098e-17,-2.68272234806946e-07,-1.26327006965265e-08,-5.81259128711117e-08,5.31971789446656e-08,-2.15502242266045e-07,4.86900624735056e-17,1.02268469651914e-16,-6.04838370598853e-16,2.18336877851871e-07,9.67853281586416e-09,1.6477667401263e-05,5.0805628141167e-18,7.47893752215985e-09,2.29153753547176e-16,4.37234633245003e-17,-4.1193852450912e-06,0.00477747164720873,1.20606582782482e-15,6.8412334791057e-07,3.34907957381358e-08,-7.40477626016361e-16,-7.96506203330069e-08,-2.19203840530532e-14,-3.24578337440566e-07,-2.42810499080581e-17,-3.24623097339434e-07,-2.53180520615187e-07,-9.18668954525788e-09,-9.64976651409945e-08,-6.67026361635735e-07,3.06973323807769e-08,-2.56058270883325e-05,-5.56113438156033e-17,-5.953264571432e-07,3.37335593674803e-08,4.49475908966334e-16,4.46724971726974e-09,9.1891653920115e-08,-2.15292786041446e-08,1.01950185822998e-16,-7.1036718498043e-08,-9.44906589052738e-08,3.05105247434861e-17,4.24305678776365e-06,5.85440796397756e-07,2.78210814447582e-09,2.21131478059867e-17,-5.27130625826828e-17,-5.13426236192987e-08,-1.7697904774052e-07,-1.43577402480375e-08,2.20483569080942e-08,-1.125506462366e-07,-1.60282493109668e-17,-1.63573302502407e-16,-4.13609366343028e-07,-2.85336162320734e-09,-6.8923383130404e-17,-1.01158409136195e-06,-3.66632858544631e-17,-4.76712108223746e-08,1.98591138793056e-07,1.16156703006138e-07,7.7326019699621e-07,2.1264594860382e-17,-2.59527775600448e-17,-1.54974294496056e-16,-8.75714403713025e-18,5.81464602487379e-09,2.0231910850811e-08,5.27197889863947e-18,-6.16764887408091e-17,-6.18090965035256e-17,-2.87995816231979e-08,-2.60077499545543e-10,1.45122049981135e-08,2.8083042417824e-18,1.52136412443178e-16,5.99954324552431e-16,6.51645839729146e-07,-1.99721340687324e-08,9.8920408461932e-18,-3.56796340227787e-09,9.40219104502485e-08,2.71405227688648e-17,9.21323003776408e-18,7.32761838725633e-07,6.78179553080508e-10,3.67249655777543e-07,9.68951471363545e-17,-3.7945551351616e-08,-1.60708468878433e-05,-1.74688603097155e-05,6.235838237455e-07,1.52287732988242e-07,-2.50250294538916e-09,6.76167721581136e-17,-2.06240074441157e-17,-3.52295275676366e-17,-5.02574741990184e-08,4.55429636708686e-08,1.91446993401332e-07,1.41133115890952e-08,-5.78689873416292e-16,-1.87036113723877e-17,1.71599023292824e-16,3.92874432612924e-17,-7.96482324563582e-16,-7.01406817636111e-08,-2.88163773425611e-19,9.76486076708409e-16,1.27770913658799e-07,-1.77233324792913e-16,1.14479035128972e-07,3.52365706057789e-17,1.42142643179848e-07,4.95017886584678e-17,1.77459267636793e-07,2.23801526914513e-08,1.86788523744282e-07,-4.6429902637875e-17,-7.39134447476464e-07,6.29642104811078e-17,-0.000315402847454262,1.860529576337e-07,-1.03496711000636e-09,-1.45326061292612e-15,-1.79023554368534e-06,6.67279450359174e-16,0.0439839396135846,-4.55515856459989e-07,5.88029752604263e-15,-1.43672365001603e-16,-5.51299032957239e-17,-6.53665848674814e-16,6.09647396089777e-09,8.34025538964991e-08,1.93441817725237e-08,-4.76969796477611e-17,-1.88211202065696e-16,2.02505533265277e-08,-1.65623195971462e-07,-1.49400840810543e-17,-7.15610911055835e-17,1.02616402118884e-07,-1.0730343243383e-16,7.34884362503308e-07,7.35189025651746e-17,-6.46125386974174e-07,1.56203793048272e-16,1.75298154991804e-16,2.0050941226364e-17,-9.52095006771052e-16,7.20685736855643e-18,-2.29012676536313e-16,-1.31065770177787e-08,9.17273199691669e-08,7.0957443314467e-17,6.21785863410125e-08,-6.73375403072596e-05,5.05857624621488e-17,-6.81411904115835e-17,-1.02034477022175e-16,8.51680789722427e-17,-2.6656805256291e-07,-4.29586743157827e-08,1.32878570092015e-16,-1.37208033926101e-16,1.26328827770592e-05,1.58910786965855e-07,2.41639117333096e-09,-3.35451355419125e-17,7.81035257030201e-18,3.3486441409647e-17,-5.72445221712163e-17,-1.68365007005844e-16,1.76130212064063e-16,-1.10560567725113e-06,1.05159021087072e-06,2.03335607562419e-07,1.31428589581915e-16,1.94157647885118e-16,-6.08446806504423e-17,-3.111058895596e-16,2.42246231129914e-17,-3.49427358611734e-16,3.83236807267785e-17,3.50461406402582e-17,-3.85043649848366e-17,-5.77914994937989e-19,-4.81062653777657e-17,2.75816118135591e-18,-7.27722824357887e-17,-2.79067311310946e-18,-1.11203510318924e-08,-9.1237555329724e-17,6.75529197368365e-16,2.3959493622058e-17,-1.59469693550584e-07,2.12573748918908e-08,7.56464788569728e-17,4.1358102209495e-09,-1.48829318996338e-07,2.93139588794423e-17,-1.00771587648128e-15,2.92858999190853e-07,-2.92908219561652e-16,-3.83462146609860e-09,2.16802509259237e-17,5.49382849856622e-17,4.75568695452024e-17,2.94092740935344e-16,-4.30835511802356e-08,5.37962231737722e-07,6.8362220018226e-16,4.02629786610216e-17,-3.44261849872924e-17,8.03836202505732e-16,-4.68609142979747e-16,-4.34974070115494e-17,-6.6266555236021e-17,1.174721411465e-17,-7.52353239984604e-09,-7.04408223159741e-18,-5.26195563353013e-17,2.90136697945753e-17,-1.34830717146017e-16,-2.6701202126222e-17,6.60316958231329e-16,2.71116338280748e-06,5.62246211073283e-18,-1.7777552236646e-17,-1.15272281928832e-07,1.27754194019257e-16,-1.58116208588801e-16,-7.17937876762338e-19,-1.1689385491757e-16,-1.03921990675751e-07,1.13826517480275e-18,8.57415717691621e-07,-2.54647582502937e-17,-1.0040456209199e-17,1.3521556578984e-15,7.32621790236602e-15,-1.34060325613279e-17,-3.05028573842272e-16,-3.19218664684598e-08,-4.38572623551807e-16,3.50031606477201e-17,-1.67496430539429e-08,4.08426291171713e-06,-2.11718957946308e-17,-4.6752047153239e-06,-4.30501642038363e-07,-8.80352438261738e-17,3.49423708079962e-16,-7.95314239768385e-16,-4.40391143358448e-17,-1.30821631396064e-16,7.99530131295683e-07,-2.4082476687132e-16,6.11012323704107e-17,-9.65362897119188e-18,-3.2892981978608e-07,-2.5215913986044e-16,2.44737121130949e-17,1.72004363008611e-16,2.29281813041493e-17,1.5550781533056e-07,-2.03483065709734e-16,-4.29999896596199e-09,-9.46201028239436e-18,-1.50413459109885e-18,-5.47791631425013e-17,3.42269869021105e-17,2.8559300087383e-17,-5.82437756362839e-17,9.83194523358726e-18,7.95110159296852e-08,-1.16130849861337e-16,-6.56174377659429e-17,-3.39777367157774e-08,2.31123363604118e-16,1.65065294434731e-17,5.86728127596021e-17,2.42535654559179e-17,-4.44767524137698e-17,-6.93790047835844e-17,2.59675550342546e-07,-2.94109794414052e-17,1.72440603562276e-16,-7.92373009656868e-08,-7.42175504631988e-18,6.66737293877331e-17,-9.91347028458045e-17,3.47567928722141e-17,5.53252255978369e-16,1.44514963569197e-16,3.67227000929471e-17,-4.00527320225377e-17,-4.88966686140026e-17,-6.07639379558904e-17,1.32456828462587e-17,4.57104701928914e-08,-1.53399233528267e-07,-4.84196478608704e-16,-2.50392114453575e-17,9.89490257756434e-18,2.87073523938624e-17,-4.33336244533885e-17,-1.80242081990861e-16,5.6307013118411e-17,4.19235361898158e-17,3.94003234783598e-06,6.55898888851821e-18,1.28280850888579e-18,2.55368650969318e-17,1.38928905806992e-16,-1.92335420474472e-08,-1.23773600596656e-16,3.26730905845317e-09,-4.09121107310039e-17,-1.18218879781687e-17,2.05511314950998e-16,-9.20869584415304e-18,-6.72516285061612e-17,1.76123781793553e-16,-7.02582236104177e-16,-4.09672067452919e-17,6.9994340882857e-18,-5.3332924507131e-17,-8.70898793882433e-17,3.67190435797563e-17,1.45125271587329e-16,-3.63222625426854e-17,8.32323297971645e-18,7.14135373615285e-18,3.61999391117841e-17,-6.739087999345e-17,1.54583130323101e-17,-3.1721285471239e-17,-1.71936816818975e-15,3.10711656921513e-17,1.05380059319849e-15,-5.73485650788496e-17,-8.02554925560388e-17,-2.3011644929893e-08,2.42744416309824e-16,-8.34993477014162e-16,-2.04290992867619e-17,-3.58823035910906e-16,5.1602021875932e-17,-2.9122347615916e-17,-1.0027027108722e-16,-2.08225965053959e-17,6.37639785068781e-17,-1.0633319217494e-17,-1.31137114585434e-15,-1.85623324976273e-16,6.54300340466187e-18,2.02941021732458e-17,3.30839153905349e-16,-4.63673304034313e-17,-7.99314159309059e-17,3.83445064505409e-07,3.52647952143345e-17,-8.82321695204244e-17,-6.37449870891037e-17,4.86520859062323e-16,-5.21888690860476e-16,7.78545527792268e-16,2.72541334576804e-17,1.24812932470503e-16,-6.82735644534563e-18,-1.84766116362155e-07,-5.33852530747897e-16,-2.85318428663034e-17,2.87087126643856e-16,-4.77624452711134e-17,2.42118896374101e-17,8.48319454520061e-17,-5.49805727825969e-17,3.09140429077343e-16,1.03940507283074e-17,1.64629808224057e-16,8.89599474932697e-18,1.71281308178878e-16,4.09321230420383e-17,-9.95849979214965e-07,-1.44970240794329e-16,1.44544749383599e-16,-1.26987857568924e-17,-5.79479023723774e-16,4.03990599693214e-07,-5.23090833300872e-17,4.42848243083668e-17,5.18206180022198e-16,-1.02190039338749e-16,-2.34699631743426e-16,-9.57795834682372e-17,-2.9596557914453e-16,2.24000733448629e-16,5.42645466393713e-17,-1.38703166268687e-16,6.67090255170423e-16,4.3193135178206e-17,6.35383607191407e-16,-6.17710788404862e-16,1.0030565388038e-16,-7.90631767138004e-16,1.29634389860564e-15
"t771",0.0264284012642095,-0.00246768673102613,-0.00218163204260614,-0.000343839733368916,-0.011450293594148,0.0976102919437821,0.0166399819900267,0.000106446850949985,0.0252346161280465,-0.019175711416722,-0.00350312298314608,0.00250975132086348,-0.00479267385798211,-0.000993631265900391,-0.0253109811427776,0.000548190569790881,0.000383789752900938,-7.90204282587166e-05,0.00295812376378536,0.000443699093790581,-9.57268289313438e-05,6.95299072461255e-06,0.000821060284635733,-0.000168244510076111,3.42887444428167e-05,-0.144133641392341,-0.00986687423458387,0.000635316295761514,-0.0028108016684305,0.00526174806760689,0.000143232300229847,-0.00541012726592193,-0.000285227203757045,0.00253135863921465,-0.000263685624992974,-0.000248767786665213,-4.4974653691857e-05,0.00237448463224893,0.000497067739963004,0.000127428311745828,0.000392316649679365,-0.000711187796018105,3.39091425206587e-05,-0.000577299162797527,0.000129111152479269,-2.88312962597548e-05,5.50229947388139e-06,-8.28026797469791e-05,0.00119207759653016,-0.00244552444882156,0.000160197612756266,-0.000161358453871816,3.12643826999574e-06,-7.61037999346352e-05,0.00239468047004931,-0.123676002467232,-2.40370053149263e-05,7.86987639743392e-05,-0.000258229588156188,-1.98565682815966e-06,-3.8322430378775e-06,6.59920606470555e-05,-0.000172239056167947,0.000133349136893961,-0.000146814883362941,4.85481384628065e-05,-9.26315061633786e-05,0.215635259159246,0.00218133691753533,-0.0542249875717382,2.91026177095421e-06,-8.92800729049412e-06,0.0839189123936008,-1.41992642166699e-06,3.8529120835486e-07,8.77745828945033e-11,5.87829836391906e-07,-1.5103368154435e-07,-1.57032904109674e-05,-0.000330530846525305,2.5298616008083e-06,0.000256655182447084,-3.20097387826684e-05,-1.48570159425497e-05,2.00341493490782e-05,6.40516336814873e-05,-1.1672620978893e-05,-2.13599129715609e-05,-4.25569871799569e-07,1.6646556154341e-05,-4.45568579904117e-05,1.10288836425935e-06,0.099125469524857,8.85178400410876e-05,1.26491825394433e-06,4.74323620473267e-06,5.53242224483332e-07,-1.92407148755024e-06,1.80996537509388e-05,2.37875379580827e-05,0.000152827885496886,4.76265951900703e-10,4.9989930275127e-06,1.01304376745011e-05,-6.02764364114914e-06,1.74455351402235e-06,-0.00256435907182337,-7.3035694777708e-06,0.000123297913125041,-1.56340650156945e-07,-4.1661375566765e-06,-2.90071358472424e-06,7.99138981580762e-07,2.7006501471489e-07,-1.24762369923908e-07,7.28430200512298e-07,-1.35469475993486e-05,2.04525279878435e-05,-0.000178401969268632,1.18628166300855e-05,-7.82741429466383e-06,3.48571567732672e-05,-0.00197569119737754,-0.00843134170661795,-3.3432501094368e-05,4.20060568656265e-05,-4.00181295564803e-06,2.3301787317002e-05,-9.76747477718754e-06,-0.000332848004534412,-2.09456908450702e-06,6.06964102090645e-06,3.02339664464013e-07,-4.3849296884388e-06,-3.18128798026294e-08,-7.36634809950424e-06,3.19316518499592e-06,3.52069708373489e-06,-5.18860645602548e-05,0.000185695975464565,-2.93662963991431e-06,-2.97788879698715e-08,-6.08465166975045e-05,7.12285508584519e-05,-9.89381391815995e-08,5.41547423738187e-08,1.28197114988411e-07,-2.56812064750677e-07,-1.52231379282084e-08,0.00142261634952355,-8.36694291054588e-08,-5.3247598708868e-09,1.21606241062827e-09,-6.68435880813423e-08,-7.17785202127826e-09,-1.17765116729976e-08,1.94236101688676e-07,-1.85531699036582e-07,-7.86623229883173e-08,-2.50744861656032e-08,-9.05478623209394e-08,1.2071337808584e-08,-2.20900414980919e-08,-1.93019483838988e-08,-7.09971110883734e-08,1.23659872505585e-07,-9.71355282510931e-06,-1.75588544801565e-07,-8.85704776201435e-06,-1.11130068484657e-06,2.53594755703081e-06,4.66544689552098e-07,-1.17353179175535e-07,-5.57059647487015e-06,-5.82970190242021e-06,-0.308730723322293,1.0423514162153e-06,-2.3343215912068e-06,-1.23835071542336e-05,-5.66844937806249e-06,2.13148982051289e-05,4.82615832533129e-06,-9.4563232264891e-07,-3.53499287028425e-09,-1.00717225374074e-07,-2.37045568085281e-08,-3.9466948103795e-05,7.85365785335763e-06,3.50564025889568e-05,-3.18227141387651e-06,-8.68100371878487e-07,1.62927108315135e-06,0.000291972566054554,7.43144186803753e-10,7.30396640548636e-08,-1.25721679306138e-06,-2.30164615282465e-06,-1.31743515918956e-07,1.33926551143535e-06,5.3386418230279e-07,5.30197219713189e-07,7.3208774683262e-06,-1.43905807398572e-08,-2.07997044846945e-07,-3.56547065836344e-06,-1.49670056629502e-06,2.2619680068561e-06,1.01321568375227e-06,-1.6327981464516e-05,-9.25680909520432e-09,-6.33022184599802e-05,8.97916108381346e-07,-4.05695406026366e-06,-6.6003063406081e-06,-3.80240298560964e-08,-2.70767625432979e-07,7.07913397093647e-08,4.45995473631602e-08,-1.00271120882148e-06,-0.000176103331883865,-2.02179268457943e-06,2.76462328754192e-06,6.37560657184408e-07,2.93232858175335e-06,-0.00232794145073738,6.02554875491494e-07,4.81436306119156e-05,-1.02609176767815e-07,-2.42401946591133e-06,-2.17227249884479e-06,5.74410360918189e-07,1.3556454259461e-07,1.7361502190883e-06,0.00159437569860305,-5.24766845698339e-08,-1.15085661375239e-08,-0.000165772338840412,-5.23848535758451e-17,-4.091784113541e-08,5.94184995612479e-07,-1.26756295736665e-07,-3.3877973423337e-07,-0.000148309160117725,-2.0454710055052e-08,-1.27623227893575e-06,3.41340217280873e-07,-6.46277361445129e-08,4.21354345417239e-09,-8.32480492963272e-08,9.54079630090766e-06,-2.47672769072444e-08,2.6366566638124e-06,-1.97107840536149e-06,8.52301181011416e-09,-5.48524875618562e-10,2.57388814716096e-08,-2.34365408556978e-08,3.67952258534606e-07,9.04392656889122e-07,-1.69858928555046e-07,3.25563556769563e-07,-6.0107096941355e-07,6.81734354424564e-06,-4.06790015909773e-07,4.15698101827545e-07,-1.40607086169848e-07,2.58963734395446e-09,1.06376481102003e-05,-1.7114561197824e-07,1.61716149715761e-07,5.28108664839451e-09,-1.37117023171026e-07,1.37802505330358e-07,-1.58232575641616e-07,2.4976675201396e-07,-4.82683445518064e-07,3.77798459104233e-07,-2.82418007378322e-08,0.000148204211629834,-1.16259189225769e-08,7.0254022316e-07,-1.27506008607395e-16,-2.01552615993854e-06,-6.9408411114387e-08,-7.85268958813846e-12,-6.8717595650185e-08,3.25028858653821e-06,-1.01771346543612e-07,-1.7549590962281e-08,1.98077657060907e-09,-9.11364592276239e-08,5.4128140407147e-06,1.19043615704305e-07,-8.91631364239825e-09,1.32235816815735e-06,-1.59310611976341e-06,4.32798689699643e-07,-7.36337175287473e-07,1.03251918892352e-07,4.2176340822897e-08,2.77913106928734e-09,1.74228305006397e-06,-1.39551856506366e-06,8.15236629650468e-09,-0.00165810068071249,-4.03156973977452e-08,2.06182720926019e-08,5.05821218744423e-06,1.54604953887471e-07,8.08811679016456e-08,-2.62953778913478e-08,-6.9115258331502e-05,1.72442604103108e-08,-8.11963218998778e-08,2.30689514474838e-08,2.14896665380541e-07,-4.13938576722945e-07,1.22014210017284e-17,1.06055530730755e-09,5.50545895267081e-08,-4.93444317266829e-09,2.8780482517815e-07,3.2022359385201e-09,7.50305982170345e-08,1.74596979663274e-07,-2.31567176571115e-07,6.77897023224131e-05,1.52502191529901e-17,-4.83101380330713e-07,-3.84803922674368e-10,-1.59063527884555e-08,6.59870720061359e-09,3.19101623597492e-06,-6.88514657864733e-09,-2.39583045282069e-07,5.9337317526738e-08,-2.05718044960016e-08,2.50876521825432e-07,-2.8752616381893e-09,-7.04744730998101e-08,-3.05536240759873e-10,-3.75719217764017e-11,-5.57513856948116e-08,2.6230896246362e-09,-4.86806378884323e-08,2.56897774815981e-17,-2.63648003102892e-09,4.57248414986128e-11,1.2719875292945e-12,-1.05134704924267e-10,4.52921787731217e-08,2.566103915449e-07,-1.35635591704116e-08,5.08347196700242e-08,2.63322115881943e-06,-2.64319063260455e-17,6.36569284334686e-08,2.29688762134662e-09,9.46307082892416e-08,-8.79727216881434e-16,-3.25396668750856e-07,-2.61898783877455e-08,4.05681275254363e-09,1.75784741887329e-07,6.1090799161319e-08,3.36206587897196e-08,1.09303587850579e-07,-3.69504601037488e-08,-2.63521856378598e-08,-1.52474172546944e-09,-9.11069272038975e-08,-1.16523855864592e-08,4.34193091944268e-18,5.35840184991117e-09,-5.60610610477704e-06,-8.9096379272763e-08,1.44185606720784e-07,1.09671735316435e-16,1.40743398805744e-08,-2.95627349119806e-09,8.50507079072166e-08,5.18564587800272e-09,2.0146774756547e-07,-1.9907194043499e-08,2.85865430013608e-07,-5.34403666635436e-07,-3.59343921970405e-18,-2.2512054321193e-06,3.84076634782636e-08,-1.1103804041926e-07,-3.01229945351276e-06,2.48750630490795e-08,2.08283955741855e-09,-2.97811182171874e-16,-1.21495805089427e-17,2.14060681757429e-09,2.56422920686885e-08,-3.40621133427058e-09,4.09778063485674e-07,-2.33196168009795e-15,2.23625445439162e-07,2.8477925884244e-09,-1.29345319784358e-17,9.65051070328155e-17,-2.33254364724283e-18,-8.81164125835497e-07,-2.51379809740267e-07,4.47652505945853e-07,-2.8595655628777e-05,-0.0102405258030602,1.75193490587002e-07,-6.34706337595522e-08,-4.44338664004512e-17,1.83229758424696e-09,-1.00487076135431e-08,7.91805537968172e-17,7.23549571530716e-17,1.27458694198144e-08,8.29132418347629e-11,8.80797992289609e-09,-5.62567656304001e-07,-1.00151189140096e-08,4.34232340587249e-08,-5.59255004553374e-16,0.000195372720250183,1.24834087467712e-16,4.8578938070985e-07,-7.97690671835816e-16,1.17156031544918e-08,-3.14303580250489e-17,-4.97887710617031e-08,-1.3195089122651e-08,-6.71231784343654e-08,-2.37822206129835e-05,-3.70983808216499e-08,4.54149680685466e-09,-2.94765663890222e-08,-1.07736388842274e-08,-5.82119668107782e-07,-5.43215713439147e-08,-1.11821790407639e-08,3.23973759856865e-08,6.35729844540241e-07,5.2506282905833e-08,1.62852098024862e-08,2.95736150087852e-17,-1.56602267383382e-07,2.77040949100828e-08,-1.56091132250507e-08,-2.54523589728813e-17,-3.19394613444291e-08,-0.00052661330804586,-2.20720791560583e-07,-1.29096419323723e-18,5.75921339456688e-08,3.74799111734217e-07,-5.43442401966493e-17,4.52841992829589e-08,-1.09372017303176e-07,-4.7910716211043e-17,-1.78073792870119e-16,4.1138716612764e-09,2.46846267578623e-07,1.42074387168866e-09,1.9945456891501e-06,-1.45245890827259e-05,-1.41824707863001e-08,-1.53881223572558e-07,-1.32193752315071e-07,5.45753404398235e-06,-1.00888169862646e-15,-6.29782614573302e-10,-4.85417886067329e-09,-1.34771840155479e-08,-1.2699225890064e-06,2.02785083597332e-17,1.51802731166699e-17,-4.21523531748124e-07,1.85226656983681e-17,8.01958512982626e-17,-1.89281652461066e-07,2.81069375634871e-07,5.26324077715404e-08,3.18200181104164e-08,-1.3786801366604e-06,-3.60356187540781e-07,-1.12048457453008e-07,-4.55778597136098e-17,-2.68272234806946e-07,-1.26327006965265e-08,-5.81259128711117e-08,5.31971789446656e-08,-2.15502242266045e-07,4.86900624735056e-17,1.02268469651914e-16,-6.04838370598853e-16,2.18336877851871e-07,9.67853281586416e-09,1.6477667401263e-05,5.0805628141167e-18,7.47893752215985e-09,2.29153753547176e-16,4.37234633245003e-17,-4.1193852450912e-06,0.00477747164720873,1.20606582782482e-15,6.8412334791057e-07,3.34907957381358e-08,-7.40477626016361e-16,-7.96506203330069e-08,-2.19203840530532e-14,-3.24578337440566e-07,-2.42810499080581e-17,-3.24623097339434e-07,-2.53180520615187e-07,-9.18668954525788e-09,-9.64976651409945e-08,-6.67026361635735e-07,3.06973323807769e-08,-2.56058270883325e-05,-5.56113438156033e-17,-5.953264571432e-07,3.37335593674803e-08,4.49475908966334e-16,4.46724971726974e-09,9.1891653920115e-08,-2.15292786041446e-08,1.01950185822998e-16,-7.1036718498043e-08,-9.44906589052738e-08,3.05105247434861e-17,4.24305678776365e-06,5.85440796397756e-07,2.78210814447582e-09,2.21131478059867e-17,-5.27130625826828e-17,-5.13426236192987e-08,-1.7697904774052e-07,-1.43577402480375e-08,2.20483569080942e-08,-1.125506462366e-07,-1.60282493109668e-17,-1.63573302502407e-16,-4.13609366343028e-07,-2.85336162320734e-09,-6.8923383130404e-17,-1.01158409136195e-06,-3.66632858544631e-17,-4.76712108223746e-08,1.98591138793056e-07,1.16156703006138e-07,7.7326019699621e-07,2.1264594860382e-17,-2.59527775600448e-17,-1.54974294496056e-16,-8.75714403713025e-18,5.81464602487379e-09,2.0231910850811e-08,5.27197889863947e-18,-6.16764887408091e-17,-6.18090965035256e-17,-2.87995816231979e-08,-2.60077499545543e-10,1.45122049981135e-08,2.8083042417824e-18,1.52136412443178e-16,5.99954324552431e-16,6.51645839729146e-07,-1.99721340687324e-08,9.8920408461932e-18,-3.56796340227787e-09,9.40219104502485e-08,2.71405227688648e-17,9.21323003776408e-18,7.32761838725633e-07,6.78179553080508e-10,3.67249655777543e-07,9.68951471363545e-17,-3.7945551351616e-08,-1.60708468878433e-05,-1.74688603097155e-05,6.235838237455e-07,1.52287732988242e-07,-2.50250294538916e-09,6.76167721581136e-17,-2.06240074441157e-17,-3.52295275676366e-17,-5.02574741990184e-08,4.55429636708686e-08,1.91446993401332e-07,1.41133115890952e-08,-5.78689873416292e-16,-1.87036113723877e-17,1.71599023292824e-16,3.92874432612924e-17,-7.96482324563582e-16,-7.01406817636111e-08,-2.88163773425611e-19,9.76486076708409e-16,1.27770913658799e-07,-1.77233324792913e-16,1.14479035128972e-07,3.52365706057789e-17,1.42142643179848e-07,4.95017886584678e-17,1.77459267636793e-07,2.23801526914513e-08,1.86788523744282e-07,-4.6429902637875e-17,-7.39134447476464e-07,6.29642104811078e-17,-0.000315402847454262,1.860529576337e-07,-1.03496711000636e-09,-1.45326061292612e-15,-1.79023554368534e-06,6.67279450359174e-16,0.0439839396135846,-4.55515856459989e-07,5.88029752604263e-15,-1.43672365001603e-16,-5.51299032957239e-17,-6.53665848674814e-16,6.09647396089777e-09,8.34025538964991e-08,1.93441817725237e-08,-4.76969796477611e-17,-1.88211202065696e-16,2.02505533265277e-08,-1.65623195971462e-07,-1.49400840810543e-17,-7.15610911055835e-17,1.02616402118884e-07,-1.0730343243383e-16,7.34884362503308e-07,7.35189025651746e-17,-6.46125386974174e-07,1.56203793048272e-16,1.75298154991804e-16,2.0050941226364e-17,-9.52095006771052e-16,7.20685736855643e-18,-2.29012676536313e-16,-1.31065770177787e-08,9.17273199691669e-08,7.0957443314467e-17,6.21785863410125e-08,-6.73375403072596e-05,5.05857624621488e-17,-6.81411904115835e-17,-1.02034477022175e-16,8.51680789722427e-17,-2.6656805256291e-07,-4.29586743157827e-08,1.32878570092015e-16,-1.37208033926101e-16,1.26328827770592e-05,1.58910786965855e-07,2.41639117333096e-09,-3.35451355419125e-17,7.81035257030201e-18,3.3486441409647e-17,-5.72445221712163e-17,-1.68365007005844e-16,1.76130212064063e-16,-1.10560567725113e-06,1.05159021087072e-06,2.03335607562419e-07,1.31428589581915e-16,1.94157647885118e-16,-6.08446806504423e-17,-3.111058895596e-16,2.42246231129914e-17,-3.49427358611734e-16,3.83236807267785e-17,3.50461406402582e-17,-3.85043649848366e-17,-5.77914994937989e-19,-4.81062653777657e-17,2.75816118135591e-18,-7.27722824357887e-17,-2.79067311310946e-18,-1.11203510318924e-08,-9.1237555329724e-17,6.75529197368365e-16,2.3959493622058e-17,-1.59469693550584e-07,2.12573748918908e-08,7.56464788569728e-17,4.1358102209495e-09,-1.48829318996338e-07,2.93139588794423e-17,-1.00771587648128e-15,2.92858999190853e-07,-2.92908219561652e-16,-3.83462146609860e-09,2.16802509259237e-17,5.49382849856622e-17,4.75568695452024e-17,2.94092740935344e-16,-4.30835511802356e-08,5.37962231737722e-07,6.8362220018226e-16,4.02629786610216e-17,-3.44261849872924e-17,8.03836202505732e-16,-4.68609142979747e-16,-4.34974070115494e-17,-6.6266555236021e-17,1.174721411465e-17,-7.52353239984604e-09,-7.04408223159741e-18,-5.26195563353013e-17,2.90136697945753e-17,-1.34830717146017e-16,-2.6701202126222e-17,6.60316958231329e-16,2.71116338280748e-06,5.62246211073283e-18,-1.7777552236646e-17,-1.15272281928832e-07,1.27754194019257e-16,-1.58116208588801e-16,-7.17937876762338e-19,-1.1689385491757e-16,-1.03921990675751e-07,1.13826517480275e-18,8.57415717691621e-07,-2.54647582502937e-17,-1.0040456209199e-17,1.3521556578984e-15,7.32621790236602e-15,-1.34060325613279e-17,-3.05028573842272e-16,-3.19218664684598e-08,-4.38572623551807e-16,3.50031606477201e-17,-1.67496430539429e-08,4.08426291171713e-06,-2.11718957946308e-17,-4.6752047153239e-06,-4.30501642038363e-07,-8.80352438261738e-17,3.49423708079962e-16,-7.95314239768385e-16,-4.40391143358448e-17,-1.30821631396064e-16,7.99530131295683e-07,-2.4082476687132e-16,6.11012323704107e-17,-9.65362897119188e-18,-3.2892981978608e-07,-2.5215913986044e-16,2.44737121130949e-17,1.72004363008611e-16,2.29281813041493e-17,1.5550781533056e-07,-2.03483065709734e-16,-4.29999896596199e-09,-9.46201028239436e-18,-1.50413459109885e-18,-5.47791631425013e-17,3.42269869021105e-17,2.8559300087383e-17,-5.82437756362839e-17,9.83194523358726e-18,7.95110159296852e-08,-1.16130849861337e-16,-6.56174377659429e-17,-3.39777367157774e-08,2.31123363604118e-16,1.65065294434731e-17,5.86728127596021e-17,2.42535654559179e-17,-4.44767524137698e-17,-6.93790047835844e-17,2.59675550342546e-07,-2.94109794414052e-17,1.72440603562276e-16,-7.92373009656868e-08,-7.42175504631988e-18,6.66737293877331e-17,-9.91347028458045e-17,3.47567928722141e-17,5.53252255978369e-16,1.44514963569197e-16,3.67227000929471e-17,-4.00527320225377e-17,-4.88966686140026e-17,-6.07639379558904e-17,1.32456828462587e-17,4.57104701928914e-08,-1.53399233528267e-07,-4.84196478608704e-16,-2.50392114453575e-17,9.89490257756434e-18,2.87073523938624e-17,-4.33336244533885e-17,-1.80242081990861e-16,5.6307013118411e-17,4.19235361898158e-17,3.94003234783598e-06,6.55898888851821e-18,1.28280850888579e-18,2.55368650969318e-17,1.38928905806992e-16,-1.92335420474472e-08,-1.23773600596656e-16,3.26730905845317e-09,-4.09121107310039e-17,-1.18218879781687e-17,2.05511314950998e-16,-9.20869584415304e-18,-6.72516285061612e-17,1.76123781793553e-16,-7.02582236104177e-16,-4.09672067452919e-17,6.9994340882857e-18,-5.3332924507131e-17,-8.70898793882433e-17,3.67190435797563e-17,1.45125271587329e-16,-3.63222625426854e-17,8.32323297971645e-18,7.14135373615285e-18,3.61999391117841e-17,-6.739087999345e-17,1.54583130323101e-17,-3.1721285471239e-17,-1.71936816818975e-15,3.10711656921513e-17,1.05380059319849e-15,-5.73485650788496e-17,-8.02554925560388e-17,-2.3011644929893e-08,2.42744416309824e-16,-8.34993477014162e-16,-2.04290992867619e-17,-3.58823035910906e-16,5.1602021875932e-17,-2.9122347615916e-17,-1.0027027108722e-16,-2.08225965053959e-17,6.37639785068781e-17,-1.0633319217494e-17,-1.31137114585434e-15,-1.85623324976273e-16,6.54300340466187e-18,2.02941021732458e-17,3.30839153905349e-16,-4.63673304034313e-17,-7.99314159309059e-17,3.83445064505409e-07,3.52647952143345e-17,-8.82321695204244e-17,-6.37449870891037e-17,4.86520859062323e-16,-5.21888690860476e-16,7.78545527792268e-16,2.72541334576804e-17,1.24812932470503e-16,-6.82735644534563e-18,-1.84766116362155e-07,-5.33852530747897e-16,-2.85318428663034e-17,2.87087126643856e-16,-4.77624452711134e-17,2.42118896374101e-17,8.48319454520061e-17,-5.49805727825969e-17,3.09140429077343e-16,1.03940507283074e-17,1.64629808224057e-16,8.89599474932697e-18,1.71281308178878e-16,4.09321230420383e-17,-9.95849979214965e-07,-1.44970240794329e-16,1.44544749383599e-16,-1.26987857568924e-17,-5.79479023723774e-16,4.03990599693214e-07,-5.23090833300872e-17,4.42848243083668e-17,5.18206180022198e-16,-1.02190039338749e-16,-2.34699631743426e-16,-9.57795834682372e-17,-2.9596557914453e-16,2.24000733448629e-16,5.42645466393713e-17,-1.38703166268687e-16,6.67090255170423e-16,4.3193135178206e-17,6.35383607191407e-16,-6.17710788404862e-16,1.0030565388038e-16,-7.90631767138004e-16,1.29634389860564e-15
"t162",0.0260442254094428,-0.00239074074341911,-0.00211132838281312,-0.00032881063774814,-0.0108309428133921,0.0913527683668357,0.0155508182997449,9.88829332360507e-05,0.0230872567749116,-0.0171581536098073,-0.00302105308603794,0.00206939420163737,-0.00392247735236598,-0.000809959229454027,-0.0203867421721977,0.000433873019066158,0.000301415743105844,-6.16822615377536e-05,0.00229050326119058,0.000332652359630431,-6.92500630908511e-05,4.48555636161313e-06,0.000506899241892736,-0.000103355320271692,2.09912379783284e-05,-0.0844328704976589,-0.00571063620572416,0.000364241980006933,-0.00156461842749172,0.00225895234682849,5.25289753165038e-05,-0.00171867967729783,-6.53834288916535e-05,0.000407413819084198,-2.03115919747015e-05,1.99063073939429e-05,4.9349744073675e-06,-0.000353221223767685,-8.2618133775734e-05,-2.62210386857722e-05,-0.000113002596271333,0.000259623301438081,-1.41261307481754e-05,0.000243030331544804,-6.2731282820776e-05,2.2095320821409e-05,-4.7773482348725e-06,7.61291695974383e-05,-0.00128190931193042,0.00310370791809791,-0.000253202305806634,0.000282834499290677,-5.56446618412012e-06,0.000154544465191865,-0.00639326679930557,0.345030846580013,0.000201725163038345,-0.00121962686777998,0.00443806007789789,-2.88691620953191e-05,-2.28037905729022e-05,0.000297172461612013,-0.000637637518367653,0.000471162183354004,-0.000373210107467645,9.18346381427523e-05,-7.44532171671443e-05,0.0818879690110971,0.000409140757540918,0.00861978545497109,-6.39482996716141e-06,1.88090514134377e-05,-0.00487646857180742,-4.11856948590096e-05,1.73280874442641e-05,1.6096276208732e-06,-0.000150694443406799,2.22913901435289e-05,-0.000927446356165758,-0.0113518369167463,5.00094338225397e-05,0.00464005160442588,-0.000350482618533395,-0.000143998132289362,0.00011844114802879,0.000325897737129291,-4.99543499848209e-05,-8.86268862649538e-05,-1.75128258849369e-06,6.70770822521306e-05,-0.000165814809868242,5.39106436266255e-07,0.0134840675951387,-0.000240945951311562,-1.49967459814497e-05,-6.74450972771451e-05,-7.9337338743398e-06,4.42630333305544e-05,-0.000502006424637554,-0.00154579521112887,-0.0101083075490892,2.17637410722121e-06,-0.00537737124390215,0.000756548191763729,-0.000459497673836475,0.000136451137675541,-0.214908845055348,-0.000627771050832713,0.0111674358476609,-1.5661800036055e-05,-0.000434195436854077,-0.000423326593728393,0.000123465396939098,-5.3212639744665e-05,1.47665388507917e-05,-4.22004486639358e-05,0.000616895855876,-0.000538445960026486,0.00299334484100403,-0.000143706297941413,7.85436248678264e-05,-0.000164104577655835,0.00420362124391822,0.017167249772449,5.66832256370606e-05,2.75705756527808e-05,-3.40661265551847e-06,6.89757564813066e-05,-0.0001447349248729,-0.00503328182965337,-3.704378411852e-05,-0.000499226510992518,-1.20931815563483e-05,0.000127409786988903,4.2267587114439e-07,9.05232192745126e-05,-1.55991083637702e-05,-7.99672083445945e-06,-9.08019766182844e-05,0.000370878871080308,-1.28411037801744e-05,-2.0872013914885e-07,-0.00165072541783766,0.0247985724530525,-4.0644913683918e-05,-2.71354272785398e-07,-1.87785298895637e-07,9.26435165626525e-08,2.71590000458314e-09,2.73250985076862e-05,6.07959227785911e-10,1.13646623052682e-08,1.93369596615457e-09,-7.08793025966263e-08,-1.06004071039381e-08,-1.86774582240566e-08,3.23325147808422e-07,-7.96638130295541e-07,-4.57399580612317e-07,-1.54178780216352e-07,-8.23631970604811e-07,1.22217461174376e-07,-9.20370843376344e-07,-1.36309101143751e-06,9.63545280287164e-07,-6.85773565113594e-07,1.16954212164063e-05,2.00497641321734e-07,9.97551010079731e-06,1.00979711000128e-06,-1.74628093339323e-06,-3.07691656685886e-07,3.66288153515107e-08,1.22359772912037e-06,2.36763863764175e-07,0.000117271963806125,2.05564891864548e-08,-7.91345026917952e-07,-7.34340154894795e-06,-3.57738171413565e-06,1.41988868435144e-05,3.68283148070322e-06,-7.54663551897406e-07,-2.93795458732262e-09,-8.67463918241417e-08,-2.26651535293702e-08,-3.86097313863538e-05,9.03381958500402e-06,4.05057951923246e-05,-3.83846845524316e-06,-1.15696902370671e-06,2.32282893154722e-06,0.000425003455455409,1.11352980763196e-09,1.11678441407439e-07,-2.02941318102082e-06,-3.7554354808319e-06,-2.19667529641007e-07,2.25632525030857e-06,9.65205051796025e-07,9.61430460410923e-07,1.36192579295782e-05,-2.74013639299071e-08,-4.16126784828529e-07,-7.13470979889959e-06,-3.00746893057188e-06,4.60167078745198e-06,2.07833640012899e-06,-3.4193368470756e-05,-1.98435436753381e-08,-0.000138032831456918,1.96766171892018e-06,-9.07410055031244e-06,-1.49102595590077e-05,-8.59184873873061e-08,-6.16076010289026e-07,1.63307513069995e-07,1.0307991890111e-07,-2.32651339790635e-06,-0.000405774166200645,-4.63292354563193e-06,5.96518819347002e-06,1.33074979552497e-06,5.78222515758003e-06,-0.00131349868642787,-5.64439877930136e-07,-8.16268788815944e-05,-4.0448297116454e-07,-8.21141773925209e-06,-6.67127291300555e-06,1.66582307522942e-06,3.48987102518502e-07,2.56397962880974e-06,0.000416774796264594,-2.05452412861173e-07,-4.20775605061994e-08,-0.000589067385496732,-5.57458803105502e-17,-1.43137602270278e-07,2.07564176300073e-06,-4.42052032274435e-07,-1.18673145282121e-06,-0.000522546141500979,-7.20977231852102e-08,-4.56260756787665e-06,1.22359569059526e-06,-2.31962404623934e-07,1.52177944692988e-08,-3.01981362256337e-07,3.48977409600309e-05,-9.09369118825368e-08,9.69625969317258e-06,-7.31312704480135e-06,3.2910865261105e-08,-2.15022978067979e-09,1.02204213324416e-07,-9.57938601538122e-08,1.5071300471053e-06,3.78305625381015e-06,-7.19119339608083e-07,1.40263385913587e-06,-2.60437811564089e-06,2.97166294686391e-05,-1.7881343360186e-06,1.85043171126006e-06,-6.26802651480401e-07,1.19296872545267e-08,4.90420895903885e-05,-7.89702693046118e-07,7.53046463665256e-07,2.46762940720129e-08,-6.4777019499563e-07,6.52350069550956e-07,-8.02761797727043e-07,1.27724148393745e-06,-2.48401293240704e-06,1.97305632180392e-06,-1.49262578542501e-07,0.000805084216937556,-6.36701167723489e-08,3.87248947600845e-06,-7.8503008875829e-17,-1.1363307055193e-05,-3.92494963293017e-07,-4.48458895411084e-11,-4.01838311949919e-07,1.9405090078693e-05,-6.13697324556112e-07,-1.0635409480356e-07,1.28226798428616e-08,-5.92565342597402e-07,3.52355968702966e-05,7.90713250470096e-07,-6.28106323167114e-08,9.4126202619961e-06,-1.14224316647576e-05,3.17888361744165e-06,-5.93592370653579e-06,8.64595873147568e-07,3.5393194883567e-07,2.33366110198263e-08,1.57413837489523e-05,-9.91881071208851e-06,4.59046981979662e-08,-0.00120283033919213,1.52131296176578e-06,-5.66978664677237e-06,0.000138899998479703,4.18579742787988e-06,2.14601605824121e-06,-6.89537444039863e-07,-0.000409305457473024,4.82567473576234e-07,-2.32153462357012e-06,6.69862587806766e-07,6.43951349124552e-06,-1.34910530166417e-05,-3.50030524825679e-16,9.44629573311078e-08,5.88957936816448e-06,-7.4563200575353e-07,4.40157755443711e-05,4.96068414583758e-07,1.29258915159222e-05,3.79750812899073e-05,-7.24119261373829e-05,0.139564964092613,-3.90015354467435e-16,9.71321590685544e-05,6.91047746700564e-08,2.34803176822079e-06,-9.54703334047147e-07,-0.00033811684082533,6.52607144269777e-07,2.03826037840075e-05,-4.81707005751723e-06,1.61296665349965e-06,-2.06280116183892e-05,2.55048331979972e-07,6.64934894116835e-06,3.01989343053447e-08,4.10723955549967e-09,6.1725975531622e-06,-3.17996308117061e-07,6.40991888504787e-06,-1.23334391699489e-16,1.53305857904057e-06,-1.20538720027026e-07,-3.47404097804535e-09,-3.2164836371915e-08,1.2057234483897e-05,4.45779736467307e-05,-3.59524320804309e-06,1.60906302736311e-05,0.147696882144563,2.505076964277e-14,-1.15913714471721e-05,-2.80665466865872e-07,-4.26587990429884e-06,3.57087350777697e-14,6.96134515300579e-06,4.81241541419103e-07,-6.90649156380184e-08,-2.56799232187576e-06,-6.98902294502294e-07,-3.22755658803379e-07,-9.18489338086819e-07,2.12810797757948e-07,1.4531980217707e-07,6.56513128711745e-09,2.57380963621651e-07,3.22288276718554e-08,1.17966318595923e-16,-6.64121173575136e-09,6.04190561418551e-06,7.03508741253008e-08,-6.99848862703007e-08,1.00533115000671e-15,-2.09990410610449e-09,5.90003011374092e-11,-6.85535257314232e-11,1.79787135546669e-11,1.15367345214875e-09,-7.72220937152468e-11,-2.56407827753023e-09,2.87388908529883e-08,-1.11740660061526e-17,1.90273232715024e-07,-3.32306680129391e-09,1.00304721362404e-08,2.85606031760781e-07,-2.3660801631897e-09,-2.003596381333e-10,3.60785984642264e-16,-3.25912269456155e-18,-2.16150157280395e-10,-2.64653491490411e-09,3.52082852350668e-10,-4.24884197312652e-08,7.70271269475867e-17,-2.22409006720984e-08,-2.71295774367775e-10,-2.14503916393529e-17,4.66318070984823e-17,-3.9412257946247e-17,6.14801666534129e-08,1.62272586175318e-08,-1.80222374844141e-08,1.73593543639917e-07,6.24913270378179e-06,1.41072459199498e-08,-6.1232799283854e-09,-1.11112300008309e-16,-1.31620139312952e-09,3.64656542491443e-09,2.95702108462704e-16,1.56525391113769e-16,-2.10530181947438e-09,-1.2367197089735e-11,-1.16100749924413e-09,6.85235312841699e-08,1.03531626870356e-09,-4.29414980504102e-09,-2.36692461005032e-16,-1.10925028569229e-06,-2.08290868862681e-18,-4.55992975170946e-08,-7.09741984622107e-16,-1.01829471316932e-09,-3.9128193449696e-17,3.9371195511817e-09,1.02343775656185e-09,3.94884187979894e-09,1.30962528163567e-06,1.98528842150524e-09,-2.12859321423779e-10,1.21552983097739e-09,3.07743062808691e-10,1.65638033538793e-08,1.33957699216678e-09,1.9926298429369e-10,-2.8719699948826e-10,-9.52779674546772e-10,2.20438765056355e-10,1.13503345143904e-10,8.83373727574995e-17,-2.41469384981288e-09,6.47059826078901e-10,-6.90848623233915e-10,2.08637620825048e-18,-1.56730895647601e-09,-3.93194906825384e-06,-1.71014103690128e-08,4.09466440792349e-17,4.32413381981248e-09,2.94853044238017e-08,-2.97082063591783e-17,3.70637568681003e-09,-1.12605323589903e-08,-7.39315683506951e-17,-5.91927438628273e-17,4.57739096824481e-10,2.76490466714656e-08,1.64059095541997e-10,2.38387676676658e-07,-1.86743054672944e-06,-1.83444132647616e-09,-2.00723862332312e-08,-1.88011303188313e-08,8.27600973528648e-07,-1.22637138801562e-15,-9.77164131460127e-11,-7.56088823727712e-10,-2.12758667087745e-09,-2.03678370622712e-07,7.45123425929035e-17,2.94917417934785e-17,-6.90532641585593e-08,9.85367860277984e-17,1.37951487552594e-16,-3.49865592680082e-08,5.29460584041917e-08,9.91844821360616e-09,6.23902687492099e-09,-2.71729651849899e-07,-7.11027003224736e-08,-2.2266128561336e-08,5.03740325513574e-17,-5.7238957754306e-08,-2.73382798039691e-09,-1.26370680997184e-08,1.18277320830109e-08,-4.98013154356946e-08,-4.5898190809686e-17,1.51806317089833e-16,-1.73642776758702e-16,5.30450397956102e-08,2.39673002512443e-09,4.08602290190692e-06,1.77603075215215e-16,1.88468103008461e-09,-1.35367080174384e-17,3.24477607306511e-17,-3.61195761698223e-07,6.79750798374374e-06,1.03702110618462e-15,2.22690678320527e-07,1.05214628070266e-08,-8.14258119726803e-16,-2.47552933063017e-08,-2.43234376766048e-15,-1.02030790532254e-07,-1.28357270252307e-17,-1.02193444453156e-07,-7.97950587249025e-08,-2.89923886775317e-09,-3.0511800839147e-08,-2.11846869312578e-07,9.92610715967771e-09,-8.50228992319851e-06,-3.51199227556273e-17,-2.04367164918265e-07,1.16211248268317e-08,-3.71238288858539e-16,1.54617063969981e-09,3.2075500178133e-08,-7.57217956893206e-09,-7.49021777034898e-17,-2.56285127053578e-08,-3.42595599158591e-08,1.22959282457296e-17,1.54850991244941e-06,2.14344266599156e-07,1.03069860494383e-09,4.9368228558328e-17,3.49346651232663e-16,-1.95467341747258e-08,-6.81456253076726e-08,-5.54117386237957e-09,8.92106627813837e-09,-4.58774622601607e-08,-2.64423170670728e-17,-2.10291028929792e-17,-1.69448056436825e-07,-1.16971476008412e-09,-2.46389505959315e-17,-4.18202084015675e-07,-9.78122883826456e-17,-1.98670583055636e-08,8.36678240540383e-08,4.89750949052803e-08,3.27008515020343e-07,4.41412606998262e-17,-3.74453205883912e-17,-2.82449960746931e-17,-5.36431139780293e-17,2.52465680935171e-09,8.80306505998554e-09,-1.04942861767853e-18,6.12555338135187e-17,-3.55158563468805e-17,-1.26263074709748e-08,-1.14394875040521e-10,6.43930999621234e-09,4.22732633202548e-17,5.41171643555338e-16,1.47795774389142e-16,2.97592596295027e-07,-9.12965026450084e-09,2.99583520077696e-17,-1.64872602169989e-09,4.3634092997047e-08,-4.62599643084039e-17,1.22187096410754e-16,3.43483584760844e-07,3.18150617163013e-10,1.73284543680809e-07,1.10274792782856e-17,-1.80754699935517e-08,-7.69498407028897e-06,-8.42388235446491e-06,3.03572717695985e-07,7.43226701114556e-08,-1.2270135389516e-09,1.218140967539e-17,2.92270277934283e-16,5.57016005731053e-17,-2.52711855214598e-08,2.29090008158704e-08,9.65943242212212e-08,7.22553204229241e-09,4.69781907536806e-16,-5.47334415257724e-17,-2.09154161434619e-16,9.12221090016174e-17,-2.88003176613347e-16,-3.63995093611018e-08,5.28377426783641e-17,3.6772062240037e-16,6.66133308832554e-08,-2.81804519828876e-17,5.96974499603414e-08,1.63714528045311e-17,7.41518730808983e-08,3.5949261502399e-17,9.31678512517709e-08,1.17629582166304e-08,9.83012654315595e-08,3.81378668159942e-17,-3.89198672483539e-07,-1.79172715863108e-17,-4.19078287906302e-05,9.53936886966167e-08,-5.2902064808837e-10,-5.09827222741982e-16,-8.70158651856715e-07,3.57060155038165e-17,1.61157098311483e-05,1.12501570512472e-07,-3.74434997936285e-17,7.03173697388196e-18,-1.52645558915123e-17,1.40910394092868e-18,4.2923795507388e-09,5.62747925770319e-08,1.26650171799211e-08,2.26660113788507e-17,1.8979833096284e-17,1.25776602729658e-08,-1.02771545678815e-07,7.00082283083466e-17,-2.29607395948478e-17,6.29445897420941e-08,-3.67218710050241e-17,4.50620582379607e-07,2.22135558537803e-16,-3.96582453688268e-07,4.54624512779888e-16,4.89934418749966e-18,2.70370646659588e-18,5.71091036436449e-16,-1.10077391292e-17,-1.45440438152215e-16,-8.1006245320812e-09,5.66994063560597e-08,6.30427674553228e-17,3.85599692496124e-08,-4.18195051275268e-05,-4.85715823388062e-17,-9.86194771343051e-17,-7.68390595233346e-17,-1.92923360645653e-16,-1.66645331239207e-07,-2.68988871144327e-08,3.08165038663768e-17,-5.80273062085813e-18,7.92454682809722e-06,9.97077054592124e-08,1.51737441971125e-09,1.0438901790343e-16,7.80666533473628e-17,2.91194014555579e-18,-1.26412392177198e-16,5.16460490268484e-16,1.75371270543323e-16,-7.03718300349515e-07,6.70203839289704e-07,1.29757684209059e-07,-7.79308499250355e-17,1.38092363714749e-16,-2.12768745435695e-17,6.40232547165552e-17,8.89871292183886e-17,5.99133951868713e-16,-1.14236215628993e-16,5.78143862624538e-17,4.30276383860733e-17,-1.17238068754378e-16,-8.66508691277188e-17,5.0930798956802e-17,-7.28807026530373e-17,-3.6184100025663e-17,-7.25374425537641e-09,-1.5668663907484e-17,6.58676477235528e-17,2.55857968807863e-17,-1.04325084237237e-07,1.39159340094967e-08,7.98748673296663e-17,2.70859839924344e-09,-9.78197203731828e-08,-4.94682977109964e-18,-1.010232944906e-15,1.93342683600378e-07,-2.48357474103487e-17,-2.54535572353888e-09,3.54496185164896e-17,7.55865004804566e-18,-5.55507570581692e-17,3.28658691980296e-16,-2.88422457705844e-08,3.60345192126616e-07,9.73046533072365e-18,6.94484729249396e-17,-1.35010830583222e-17,9.41613410514026e-16,-5.71322085442715e-16,-1.17210212675865e-17,1.41192740800523e-16,1.51082408493551e-17,-5.1885850565311e-09,-1.11640504870423e-17,-3.74407259205042e-17,3.32420582672687e-17,-8.19787285337826e-17,-2.48314591266122e-17,-9.98141811474368e-18,1.88127002699906e-06,5.83930254522992e-18,-5.42397853586112e-18,-8.0077285481232e-08,5.45401953029091e-17,2.21203889719196e-17,-2.87987741441369e-17,6.05499197027872e-18,-7.31436326871895e-08,-1.0245857636295e-17,6.04878112682246e-07,-5.72868522162997e-17,9.48018938701493e-17,-1.81440744635122e-15,7.31839996597679e-15,2.05294954374684e-17,-5.1754717936485e-16,-2.26261019373794e-08,2.47428925164342e-17,-5.42453380384661e-17,-1.19148008832968e-08,2.90585216290185e-06,3.33107330354165e-18,-3.33654566572772e-06,-3.07531280858843e-07,2.47967834672507e-18,-3.07736457780098e-16,1.6310250323406e-16,2.83855907861872e-17,-1.61458557450507e-17,5.79246807438515e-07,-1.37673454005791e-16,-5.86929236373095e-16,1.02777240698335e-17,-2.39158428773731e-07,-8.15507623006031e-16,2.95749691201974e-17,1.86338136766274e-17,-3.39924327513397e-17,1.13599457292563e-07,9.24769498194184e-17,-3.14571832625027e-09,-1.34145260118228e-16,-9.36211114943183e-16,4.48132793190877e-17,1.95902575735562e-17,6.95421422073349e-17,-2.36850512296049e-17,5.27829610914814e-18,5.86105621237758e-08,5.32250802829492e-17,2.38479051442789e-16,-2.5093130252484e-08,-8.80822527398326e-17,1.54223272709876e-17,5.32133680093762e-17,-1.71629575330283e-17,8.21580613325372e-17,7.37356819845022e-17,1.92897192740045e-07,-3.84098574730348e-17,3.13178827958157e-17,-5.90136051554224e-08,6.54156943182136e-17,-2.96473094435713e-17,-1.56802469176695e-16,-5.64089730907215e-17,1.23393619951698e-16,-8.52250474067642e-17,-4.15172180975639e-18,4.63581811245569e-17,5.46724495320609e-17,-1.05216227027796e-16,-1.49946669954413e-18,3.43684605476128e-08,-1.15467139944053e-07,1.91977786909879e-16,5.57165666731365e-17,2.33390095163846e-17,2.5752971571417e-17,-1.11168339667833e-15,1.40653463349918e-16,3.91013271719604e-17,1.25113358176017e-16,2.98319928791038e-06,-1.31243083839848e-16,-4.57188322253594e-18,7.63509409376673e-17,-7.36598191027301e-17,-1.46347925229225e-08,-5.39001175257598e-17,2.49985043481207e-09,2.34894983146351e-17,1.57204509745394e-17,-1.38906219726695e-16,7.05433674312954e-18,-7.92862726207504e-17,8.91723114497007e-17,-5.27158324596022e-16,-1.43899582689762e-16,-3.20318441211925e-17,-9.42273652146804e-18,1.35288291963356e-16,2.13233727304621e-17,-2.39085166560539e-17,4.15234534417738e-17,-9.90127820963486e-17,-4.15305834354766e-17,-1.19386373465723e-17,5.44733085921014e-19,-3.25718432087978e-17,-4.70132371347278e-17,-1.51185099655638e-15,-1.2513761641766e-17,-3.56559036967525e-15,-3.42550588049083e-17,-1.57454632931514e-17,-1.79598957922498e-08,4.20048583549155e-17,-8.75933758471941e-16,-1.77185938555481e-17,1.7872003616423e-16,-1.08894786167597e-16,-1.14993156579001e-18,1.90919101441325e-16,1.28994882860713e-16,-3.40310574513144e-17,1.70138361808864e-17,2.80155468834331e-16,2.07647569248586e-16,6.23794152876654e-17,3.49308315018001e-17,3.34385217213929e-17,2.98108594944096e-16,-5.55514689840021e-18,3.03188740572245e-07,2.89764226139186e-17,-1.04386781890458e-16,4.76025760251578e-17,-1.51048450891596e-16,-1.35541288228091e-17,-1.87686308090865e-16,1.8435502825083e-16,-1.55701086283528e-16,3.1119719591647e-17,-1.48018204953869e-07,6.20900691591905e-16,-5.0107466098765e-17,2.22793937815465e-16,1.6097062688283e-17,-1.30070079507277e-16,-4.22619986086676e-17,2.3737221418863e-18,2.76927619375107e-17,8.56376814988015e-17,1.63540992675875e-16,1.92017741682129e-16,1.6023557078954e-17,-4.3875277678558e-18,-8.08065601561075e-07,-5.88821747072752e-17,-1.29898262785445e-17,-2.72860254355931e-16,-3.78566542254836e-15,3.29734687533397e-07,1.90769043741163e-16,-2.490819359966e-17,1.18792035911513e-16,-6.73031284425735e-17,6.90124821386709e-16,1.87083703595612e-16,-4.89639431907996e-16,-9.14884167567317e-16,-3.19459942216382e-16,-3.93924357671775e-16,-5.16273649702184e-17,-5.32518218411596e-16,7.91878927063433e-17,5.00210071644942e-16,-4.3973544823465e-16,6.02971933159518e-16,-6.20091861479743e-16
"t536",0.0259027826036914,-0.00236324396538569,-0.00208625226279963,-0.000323559459048926,-0.0106185465249853,0.0892452717325198,0.0151848859375461,9.63672490242332e-05,0.0223910023928948,-0.0165275153979536,-0.00287907657079868,0.00194853536072089,-0.00368637811384433,-0.000760433522433756,-0.0190831292039849,0.000404405401950675,0.00028042891287383,-5.73053518785043e-05,0.00212399530252094,0.000306251821227009,-6.32752004921538e-05,4.01184894473041e-06,0.000450103565003874,-9.17028744206647e-05,1.86145121186704e-05,-0.0743746686693987,-0.005021541365246,0.000319857212689305,-0.0013683439875683,0.00191825633448068,4.40138498923175e-05,-0.00142570837973707,-5.33170611152783e-05,0.00032811861459358,-1.61239682621881e-05,1.54167334725312e-05,3.80533290254526e-06,-0.000270849123021044,-6.31964173708428e-05,-1.99482577130877e-05,-8.50430597734052e-05,0.000193521624061669,-1.04651230568275e-05,0.000179952926151702,-4.61071451130636e-05,1.57832950235091e-05,-3.38159450298358e-06,5.36526905518417e-05,-0.000892250786478538,0.00213046441752733,-0.000170493082159813,0.00018869080747757,-3.70720247708115e-06,0.000101749805012767,-0.00410896564027699,0.220920433733768,0.00012006692335249,-0.000710186003358767,0.00257737168921207,-1.58173613052567e-05,-1.19027639358012e-05,0.000151188923213389,-0.000317461757193174,0.000233274742746878,-0.000176996739137239,4.17864043033015e-05,-3.05876103914304e-05,0.0319487764316652,0.000155638680160072,0.00312494428536996,-1.67333799715364e-06,3.32400400742091e-06,-0.000794625865143399,-5.51432657592053e-06,2.25584242314369e-06,1.88807414039487e-07,-1.68963787897864e-05,1.9239815254153e-06,-2.35738155006474e-05,2.54507627213812e-06,-2.27456642665604e-06,-0.000257733499288,4.62565915931075e-05,2.2473395658205e-05,-3.1418574616309e-05,-9.67499489231234e-05,1.64684206886512e-05,2.9695747420315e-05,5.89267179902719e-07,-2.28085204969158e-05,5.85108578138018e-05,-2.59198871161799e-07,-0.00664997633289521,0.000139653166817785,1.11286362386808e-05,5.18117318611911e-05,6.10451536193079e-06,-3.70916497110076e-05,0.000433857046399242,0.00149575766701809,0.0106857918089898,-2.31856597689598e-06,0.00577863920728248,-0.00117590193460038,0.000733335023043337,-0.000222285274701789,0.363057654530742,0.00107131216240493,-0.0194015887191206,2.79547830742632e-05,0.000781832631063281,0.000802949197603631,-0.000235638559335847,0.000116315473183733,-3.32222391987958e-05,0.000101137166039662,-0.00152099905599418,0.0014354880416005,-0.00860710678766902,0.000437674146533675,-0.000247206322295763,0.000579397059836697,-0.0160102282227548,-0.0655762971080274,-0.000218921651935846,-0.000115318662120867,1.43446786534423e-05,-0.000311579567270253,0.0008072310335062,0.0281410784347071,0.000210861689838251,0.00331412719100489,8.28492127333192e-05,-0.000893287491683551,-3.26756535143083e-06,-0.000709644711843334,0.000153577757167956,9.71438477127327e-05,0.00156126633612888,-0.00644903318316964,0.00023954412087355,4.0417992982619e-06,0.0340282073496772,-0.524003060556597,0.000859129589112176,6.96084344581406e-06,8.08841844419986e-06,-1.12729469843238e-05,-5.86687218640861e-07,0.00886096440342036,1.64937963754076e-07,1.735063528955e-06,2.35305019554145e-07,-7.01778638981076e-06,-3.98002895534673e-07,-6.40499479466647e-07,1.04527035868468e-05,-1.18197689776916e-05,-6.07366769983438e-06,-2.01558693700052e-06,-9.93505355668424e-06,1.45171704993493e-06,-9.99983630819136e-06,-1.46616991364125e-05,9.60943746080485e-06,-6.40652672600258e-06,9.33778082765577e-05,1.59308182470984e-06,7.91640106826881e-05,7.86842774049009e-06,-1.33289003133984e-05,-2.34169550502825e-06,2.68228459015246e-07,8.85738906815706e-06,1.67303978220185e-06,0.000823914447726263,1.44000788531476e-07,-5.26621982673879e-06,-4.65766765543877e-05,-2.25133412890633e-05,8.87034776405307e-05,2.25277247639063e-05,-4.58002644186143e-06,-1.76955557126065e-08,-5.18811666818175e-07,-1.32485545439898e-07,-0.000224446929423178,5.0204340423676e-05,0.000224787614842087,-2.10042056039717e-05,-6.10388062665545e-06,1.19147750468386e-05,0.00215986170316555,5.58328142767594e-09,5.54519193912188e-07,-9.80104670851056e-06,-1.80325678917226e-05,-1.0422668082038e-06,1.06433323289224e-05,4.36451282113403e-06,4.33928644040286e-06,6.04632846964227e-05,-1.19774864482061e-07,-1.75674225878468e-06,-3.01156549375962e-05,-1.26559255967521e-05,1.91879909697604e-05,8.6124251768587e-06,-0.000139441546450785,-7.94082956836893e-08,-0.000544417767900667,7.72692677702947e-06,-3.49615673737951e-05,-5.68673358992372e-05,-3.2760435493203e-07,-2.33103355835585e-06,6.06356243147036e-07,3.81389614428834e-07,-8.45253949235314e-06,-0.00145647950116737,-1.65612249395589e-05,2.09749502887426e-05,4.66133721513578e-06,2.01699405615437e-05,-0.00452524210235636,-1.93980530430654e-06,-0.000280357259374975,-1.37114179750484e-06,-2.76196175711798e-05,-2.22488011574849e-05,5.53435746748228e-06,1.15489220508169e-06,8.45394121122268e-06,0.00137277201224159,-6.70361238088367e-07,-1.36497685496057e-07,-0.00189902617907031,3.07372006950404e-19,-4.57379069152937e-07,6.62082697135773e-06,-1.39318039785834e-06,-3.70603377811609e-06,-0.00161969152807495,-2.23375184565585e-07,-1.3942816490075e-05,3.73058204947416e-06,-7.06474781442148e-07,4.61144747844404e-08,-9.11981400895203e-07,0.000104738513360686,-2.72179508914553e-07,2.89885981116739e-05,-2.17287697378088e-05,9.52822775958368e-08,-6.16818046646369e-09,2.90934716246816e-07,-2.68125047010612e-07,4.21332979791776e-06,1.04504232920994e-05,-1.97315313804694e-06,3.81139925361323e-06,-7.05474222836081e-06,8.02310876188409e-05,-4.80556192373743e-06,4.93893741580752e-06,-1.67166426471509e-06,3.12552477692453e-08,0.000128434962384424,-2.06716965331263e-06,1.96153997035605e-06,6.4158661902443e-08,-1.67430217816177e-06,1.68427931090959e-06,-1.99728024188237e-06,3.16433148354603e-06,-6.13324310111026e-06,4.83343607674661e-06,-3.63321224002851e-07,0.00193095237546115,-1.5204198647217e-07,9.21510223383088e-06,-6.97090055047129e-16,-2.67119845282739e-05,-9.21140379831108e-07,-1.04685180398577e-10,-9.25950331243944e-07,4.4206573132787e-05,-1.3903478900253e-06,-2.40283565302459e-07,2.7911105356099e-08,-1.28659889028037e-06,7.64526872294895e-05,1.69576466415276e-06,-1.30083748716945e-07,1.9370945961409e-05,-2.34025874072054e-05,6.41587369341012e-06,-1.12555813649056e-05,1.59269251118186e-06,6.50851023352724e-07,4.28917420605455e-08,2.66929091681787e-05,-1.50268342624931e-05,6.84219408461139e-08,-0.0017490479055121,2.14340587762572e-06,-7.90831452118573e-06,0.000176785916363029,5.28768531416774e-06,2.67324858024484e-06,-8.50598235783288e-07,-0.000488420241913397,5.53880143921286e-07,-2.56474308226034e-06,7.27271206909271e-07,6.78064930166505e-06,-1.32419249292887e-05,5.83566698907991e-20,4.66880165544487e-08,2.59444580206018e-06,-2.67205935140063e-07,1.56651580625671e-05,1.75258956642497e-07,4.30186027904742e-06,1.1158454605563e-05,-1.78793767858411e-05,0.020898170758407,-2.03173412574293e-16,-7.99523735609799e-06,-7.73761209407576e-09,-4.13389080116082e-07,1.75426863805581e-07,0.000116758171101928,-2.8443321768793e-07,-1.15111428227129e-05,3.14855083240642e-06,-1.36124559588485e-06,2.08829727511404e-05,-2.83984041123341e-07,-7.76078183683418e-06,-3.62100348454734e-08,-5.14428134382473e-09,-7.76572544789612e-06,4.11047560421608e-07,-8.44471765442073e-06,-1.3027855708379e-17,-2.18627429025418e-06,1.71803707843913e-07,4.95134115958116e-09,4.36425772998137e-08,-1.61100786732202e-05,-3.33589579377058e-05,1.51057051385369e-06,-5.53028510892697e-06,-0.00203733992801623,-3.33697020774136e-16,-5.24356572283936e-06,-1.83631550857298e-07,-6.70981792222017e-06,6.45359361206832e-14,2.04298258031273e-05,1.6005199485905e-06,-2.44535514743104e-07,-1.03044842622754e-05,-3.42265146932601e-06,-1.82278222308317e-06,-5.77953763994172e-06,1.81988727158752e-06,1.2873950249866e-06,7.11407506816382e-08,3.93748099122673e-06,5.01699551111478e-07,4.792685825336e-17,-2.01373566706769e-07,0.000206083507391596,3.12428030282406e-06,-4.72308899615819e-06,6.01236960338477e-17,-4.02900428464504e-07,7.38866305827579e-08,-2.0084672073817e-06,-1.19357639972996e-07,-4.49947474148613e-06,4.21093469852527e-07,-5.55837249340224e-06,8.56752342661096e-06,-4.42598980548104e-17,3.07418114457577e-05,-5.17261984244356e-07,1.45267516630402e-06,3.78452911112568e-05,-3.1154488513184e-07,-2.57871733107285e-08,-2.60462738338426e-16,-3.150702477313e-18,-2.47713081284868e-08,-2.79134243201577e-07,3.67897687690011e-08,-4.17542286132267e-06,2.0215323539345e-14,-1.97032436661917e-06,-2.32127041408061e-08,-5.79127848968806e-17,-2.50339565028095e-17,5.15523043252867e-17,4.89079097471613e-06,1.28337465215251e-06,-1.4043744727554e-06,1.34408127226646e-05,0.000483659554590288,1.09153573559982e-06,-4.73947377294126e-07,-2.0663051140428e-16,-1.03784108384148e-07,2.91048563362964e-07,9.8161195974341e-17,7.20393410595584e-17,-1.81429890753113e-07,-1.09373300561765e-09,-1.06836503910499e-07,6.49782758621433e-06,1.04873838607967e-07,-4.40141462564552e-07,-2.0973353176169e-16,-0.000115606787960753,-1.54285190300667e-16,-5.00471620526945e-06,-1.43064786129806e-15,-1.16552225559189e-07,-6.64500881963307e-17,4.77871423560443e-07,1.25802249156807e-07,5.91550390193194e-07,0.000206454888556252,3.20074533522417e-07,-3.81774767381523e-08,2.42496837720936e-07,8.45377211950713e-08,4.56588414469351e-06,4.20211853074942e-07,8.43924916777439e-08,-2.36843190779614e-07,-4.52870116585979e-06,-3.66648074392628e-07,-1.1262066733994e-07,-1.13008068939184e-17,1.05126328867794e-06,-1.80747999726515e-07,9.29995841949414e-08,1.15602343667483e-16,1.82237833441963e-07,0.000377489271591906,1.52580095821084e-06,-1.79409528776442e-17,-3.72136234561914e-07,-2.2204242455809e-06,1.56938484698629e-16,-2.62650837370135e-07,5.82597863570664e-07,-7.4907350305932e-17,2.65613323623782e-18,-2.13228808587926e-08,-1.27640089633512e-06,-7.26582794548488e-09,-1.00714005920665e-05,7.13174741507944e-05,6.94724597888641e-08,7.5126304611712e-07,6.22719393423099e-07,-2.49901931470245e-05,-8.02189751410154e-16,2.85352532200602e-09,2.19544766759972e-08,6.05708076466149e-08,5.66444847903526e-06,-1.44332936498009e-18,2.87328002727387e-17,1.86093127086811e-06,7.24075136708977e-17,-4.80592637930003e-16,7.84317359722061e-07,-1.15219137878224e-06,-2.15708092087337e-07,-1.27398825673436e-07,5.50250189073562e-06,1.43726250467213e-06,4.4496087388316e-07,-4.37817715916062e-18,1.0174144718886e-06,4.74412133187951e-08,2.17581017671177e-07,-1.95934715180631e-07,7.70419702032857e-07,4.58499604660722e-16,1.97727968070616e-17,3.89842099582757e-17,-7.46631532212754e-07,-3.24283471222063e-08,-5.51206859909e-05,7.29668340753522e-17,-2.4491752349801e-08,5.30153480548501e-16,-9.83612399628354e-18,4.01118285158568e-06,-7.53446517270573e-05,1.10744433933032e-15,-2.37880795433987e-06,-1.10026824293528e-07,-5.85438610633454e-16,2.47988517744041e-07,1.7614892114734e-14,9.71425377806627e-07,-1.6639400194852e-16,9.68582571532698e-07,7.53649728546357e-07,2.72748456085035e-08,2.85470097463639e-07,1.95778099913757e-06,-8.7621724581271e-08,7.04777343142442e-05,-2.88315501552113e-17,1.56898955646772e-06,-8.8500242972608e-08,6.37727773501768e-16,-1.16490022989575e-08,-2.36996472033702e-07,5.49790900583867e-08,4.48918862756877e-17,1.7541089750023e-07,2.31781580961806e-07,1.53133790451596e-16,-1.03166138747407e-05,-1.41726777112343e-06,-6.62714955945542e-09,-2.44837938475962e-16,5.53580767162755e-16,1.17708924447898e-07,3.99162211630201e-07,3.22741776466401e-08,-4.61240325364085e-08,2.32688215737443e-07,4.9624085535771e-17,-5.99343819831702e-17,8.48149613720318e-07,5.84506459713424e-09,-3.51523263851729e-16,2.04379788142558e-06,1.89562855940432e-17,9.50335989867329e-08,-3.88660228383856e-07,-2.27030249872465e-07,-1.50355698674472e-06,-1.66410801196859e-16,-5.7503060779373e-17,-1.86837178155618e-16,-7.14240296067916e-17,-1.07882406378462e-08,-3.73919883866747e-08,8.44511730861998e-17,-1.66460382936645e-16,2.82192637859761e-16,5.24822452416815e-08,4.71054785373268e-10,-2.5849188255188e-08,-6.38701293660762e-17,3.96571033008746e-16,3.24001102235837e-16,-1.09574433412531e-06,3.35158381363041e-08,-2.01511115000876e-16,5.85206313267138e-09,-1.52784261460525e-07,-2.6494354249873e-16,1.56664725495793e-16,-1.16470200635013e-06,-1.07602584179559e-09,-5.75100076378124e-07,2.91090187771578e-17,5.81210063545608e-08,2.43145150327053e-05,2.59764453516262e-05,-9.05377858633398e-07,-2.19679530176816e-07,3.56620278178621e-09,-3.27168616270989e-16,-4.41340332791422e-16,-2.1685373214038e-16,6.66903207027448e-08,-6.03665703061549e-08,-2.51397336717459e-07,-1.76575931339381e-08,-2.01673354916771e-16,3.22013729750765e-16,3.54453152380958e-16,-3.06760819917211e-16,-1.0055748319994e-15,8.32129937534541e-08,-4.82866550746725e-16,6.49997585319456e-16,-1.48321490443806e-07,-3.58015355608638e-16,-1.32735120114864e-07,-2.47198095326695e-17,-1.64482573373554e-07,-2.27078185542584e-16,-1.9733600687582e-07,-2.46404930692237e-08,-2.02450135694176e-07,-2.05699201775994e-16,7.84888569305874e-07,-7.38621036865629e-17,8.06786545401573e-05,-1.7270488729005e-07,9.5518315539045e-10,1.1044590291287e-15,1.53203557931244e-06,8.21296099153911e-16,-2.72535987892599e-05,-1.89875449560443e-07,-3.71548232483418e-16,6.85417036298062e-16,1.04329662885352e-15,2.08274878451163e-16,-7.00468448244939e-09,-9.10148280356379e-08,-2.02706774305387e-08,-7.66570252879132e-16,-2.44264454383197e-16,-1.91394236138245e-08,1.56033591003834e-07,-2.63019051886395e-16,-6.88284337682935e-16,-8.96144913147119e-08,-6.12541644812073e-16,-6.32677524790212e-07,1.74255523692644e-15,5.34567903832635e-07,1.53372961494188e-15,-1.29308904412497e-15,2.82753127619601e-16,-1.03129216691657e-16,1.06086095499234e-16,-6.35632089812544e-16,1.00309480106531e-08,-7.01312101166026e-08,-4.03706267799687e-16,-4.62692516626138e-08,4.95419002851243e-05,9.60721441648047e-17,4.1971912233207e-15,3.14034056333333e-15,9.45067125854129e-16,1.86660443529293e-07,2.9732139852324e-08,-1.90242747254489e-15,-8.41939446041678e-16,-8.62976151351413e-06,-1.08369726845738e-07,-1.63837426522693e-09,9.75133087008795e-16,-4.55700605424542e-15,-1.21258711542794e-15,9.09965981676279e-15,4.49920266035267e-13,-0.376994243650326,6.80709501514404e-07,-6.41452566385448e-07,-1.22883056410667e-07,-3.62066986873867e-15,9.97680476687954e-15,-1.26287120495112e-14,1.34565633671859e-14,1.07440774291004e-15,5.21274186961843e-16,1.1024399520203e-15,2.5266511532292e-15,4.50788060489863e-15,-1.97805425739125e-15,6.08074111309743e-16,-2.80822378944161e-15,-9.02295364604447e-16,1.0995176756529e-15,5.69102146948052e-09,-9.34963685957945e-16,-1.87620935925203e-15,3.96816620739825e-16,7.97055877093773e-08,-1.05663937174228e-08,-1.27104103958727e-15,-2.04874228128505e-09,7.15594583577162e-08,-4.8513997196493e-16,-3.21781285448366e-16,-1.35546356824194e-07,-3.71497879915451e-16,1.69121952159509e-09,-3.50201094236603e-16,-1.87597740999345e-16,1.71386718843817e-15,-1.04846232856913e-15,1.75415753140808e-08,-2.17806554766423e-07,-8.80622192293898e-16,5.57045295320216e-16,2.02038308831796e-16,2.16712515064914e-16,2.77842796940913e-16,3.34634521281776e-16,3.90429131746745e-16,-4.59880730916545e-16,2.1843645829747e-09,-2.39280187577993e-16,5.92701078652027e-17,-5.39541949456823e-16,5.74538374335276e-16,-1.4585923749506e-16,3.35749581103112e-16,-7.22290906509464e-07,3.42267236667482e-16,7.40026098026805e-18,3.02053991399192e-08,-5.80297830881058e-16,-9.99845003116668e-16,-6.47942862706556e-17,-3.39966250998466e-16,2.19535768649365e-08,3.7236908903384e-16,-1.73429542992912e-07,-6.58645300185959e-16,-1.09461795426119e-16,-1.11251666651133e-15,5.56144173577179e-15,-1.79397385168859e-16,-2.81331445130941e-16,5.87534270024934e-09,-3.65196582112418e-16,-2.68484411062886e-16,2.85031295675516e-09,-6.92173231380651e-07,1.16266895857064e-18,7.36746166393083e-07,6.62409834905525e-08,-1.8559857190527e-16,-6.39149856131054e-16,-5.87268753315475e-17,-1.86178019148694e-16,-6.86774634396852e-16,-7.96125838349735e-08,9.17073819368421e-16,-4.16670421029794e-16,-3.43577531973303e-17,2.82202691728914e-08,1.04469904690655e-15,-2.00041273615541e-17,-5.83738487865299e-17,1.15519046834411e-16,-1.05269978655393e-08,8.71818970380048e-17,2.67174860018099e-10,-5.47334708052453e-16,-5.65820643132823e-16,2.7731238123173e-16,5.17036867949895e-18,-1.05014407562831e-16,2.10811177993924e-16,-7.1374797485577e-17,-2.61776202171502e-09,-4.67586090215369e-16,9.31541095603778e-17,8.74381563690541e-10,-2.71329206560203e-16,9.90143147696198e-17,-1.93081173415442e-16,3.53124276152701e-17,9.99389769612994e-17,3.55086145744491e-16,-8.555730151787e-10,7.08777215135037e-17,9.33282655667166e-16,-5.29795632767142e-10,-1.04927114587079e-16,2.00065571042698e-16,-4.19949123846169e-16,1.1207002213459e-16,-3.0025882730723e-16,2.75220654835856e-17,1.12291591515187e-16,5.00530471178736e-16,1.21424710464782e-16,-3.11106219582793e-16,-4.27482500269099e-16,1.97282498731381e-09,-7.2866550765774e-09,1.50072407698404e-16,4.64985671701881e-16,2.84347597270664e-17,7.28106303703588e-16,5.92778928948499e-16,4.16480476514048e-17,1.66232633362484e-16,9.18678159309329e-17,2.75929871164289e-07,5.4935635910721e-17,2.13461173664299e-16,-1.12668782012107e-16,-2.04069137112198e-16,-1.71179252783119e-09,-5.37744344579508e-16,3.60046048231824e-10,-7.54981600332915e-17,1.18344306502489e-16,2.83237802560324e-16,-1.60780159557626e-16,-6.08548356884967e-17,2.53119395350682e-16,-1.80864150704152e-16,-1.91074438130099e-16,-3.40890676757514e-18,-1.62728923710918e-16,-1.13924533319612e-17,1.36031962579429e-16,2.35067975110915e-16,-8.12082324835853e-17,1.51112659096057e-16,1.49995117131374e-17,6.01608071237137e-17,-5.43186245303676e-16,-2.74240507455817e-16,5.30787844475464e-18,-2.01127358878261e-15,-1.78396694032048e-16,-7.33984193157507e-16,-7.39368583178777e-17,2.06190721414631e-16,-4.29174050212981e-09,-3.19993200662797e-16,-1.15113922961896e-15,-1.03153725047406e-16,8.63819248265382e-16,-3.33193020580763e-16,4.16265907938897e-18,5.12379056716762e-16,-9.21843380636722e-17,-2.58919444923479e-18,-2.97513214057159e-16,-6.36258703846809e-16,1.07302163527798e-16,-4.90765680438445e-17,1.88020178256754e-16,3.25493213589536e-16,-2.40619040587594e-16,9.23483092770408e-17,9.06745584923471e-08,-2.92055840659039e-16,5.4665676813165e-17,4.2506825814476e-17,-5.09040313771119e-16,2.48223020033021e-16,2.31313789332775e-16,2.37697775137116e-16,4.33044023062257e-16,1.48430394654578e-16,-5.29717494310859e-08,6.02417506760349e-16,-1.22206910569051e-16,1.64897541804739e-16,-4.23330077820092e-16,-5.11401613503323e-17,-1.01568110883907e-16,3.90197555718964e-17,-2.00032584472987e-15,-2.55235481530642e-16,6.53408372759009e-17,1.66213729976974e-16,-2.42667081276087e-16,3.3475091178561e-16,-3.34434221517545e-07,-1.72602374142061e-16,-1.01135462901616e-16,5.91732133796969e-16,3.99010181318802e-16,1.44740846326721e-07,-3.44176308163185e-16,-3.12365605019677e-16,2.74552017518436e-16,3.05250667600563e-16,-3.2718207705644e-16,-1.02008912063719e-17,4.17971973071962e-15,-1.34215155291895e-15,-9.75237575085993e-17,-1.07152883049359e-16,4.32685745479056e-16,-2.00797611026375e-15,-5.42385212779596e-16,-3.36865696065233e-15,1.05483724653662e-15,3.3914934541665e-16,4.08480346602111e-15
"t120",0.0253558637711739,-0.00225748961664055,-0.0019898390720127,-0.000303439280417116,-0.00980715242714594,0.0812161801262577,0.0137912628884423,8.68004389477941e-05,0.0197524171293426,-0.0141483851448281,-0.00234675883281169,0.00149787516093734,-0.0028066328348212,-0.000575959070618476,-0.0142321786514091,0.000294883019718269,0.000202461408361839,-4.1049870465523e-05,0.00150582073261759,0.000208324290543695,-4.11126349776459e-05,2.24375869328978e-06,0.000237126713608042,-4.79814703530476e-05,9.69293976894738e-06,-0.0363907649029479,-0.00241444412903744,0.000151681987891319,-0.000620940238662429,0.00053781313428398,7.67665101664163e-06,-0.000104109589587511,1.00950416638255e-05,-0.000182190160241895,2.93204689439193e-05,4.24178389720467e-05,8.09436352648028e-06,-0.00045510801828604,-9.7740162324705e-05,-2.64194530147831e-05,-8.91517117377202e-05,0.000173056857391798,-8.57458859779665e-06,0.000146425767792065,-3.41222168048412e-05,8.56359220583297e-06,-1.67616747087483e-06,2.54829225170269e-05,-0.000375259180125811,0.000780566879109518,-5.10427490757535e-05,5.08742077983623e-05,-9.83598350750674e-07,2.33306370048051e-05,-0.000660807322646533,0.0332777062872536,-3.63501572288989e-06,5.68760209066768e-05,-0.000221809575346954,3.34626642105731e-06,3.69548430917685e-06,-5.45608238780627e-05,0.000127735226387263,-9.63151832653073e-05,8.69645364198485e-05,-2.34244914952077e-05,2.01275484427274e-05,-0.016275713818029,-6.98657484928443e-06,-0.00757050090800085,3.62554092425027e-06,-1.16330570666715e-05,0.00161491112629138,2.68884371801382e-05,-1.1345380965657e-05,-1.06477458646511e-06,0.000100098322240677,-1.51065309069342e-05,0.000654971659207843,0.00813564045659314,-3.66519865312443e-05,-0.00341563797728167,0.000265003223025322,0.000109556232563722,-9.15474972481256e-05,-0.000252116968560457,3.86068819564804e-05,6.84697851919853e-05,1.3528323237279e-06,-5.18010453311289e-05,0.000127890969590781,-3.71720288479262e-07,-0.00638125988971444,0.000185464281325679,1.07026564387197e-05,4.74953150255077e-05,5.58338750491082e-06,-2.99742928602289e-05,0.000334486605842648,0.00095662382274149,0.00405560287246718,-1.3692563673721e-06,0.00318309680757031,-0.000208994113888514,0.000113402831978414,-3.04324001425828e-05,0.0384485574860036,0.000104307102315674,-0.00159791854449482,1.67542343400847e-06,4.12025964781013e-05,8.39397264729589e-06,-1.29386432757806e-06,-1.15981403853997e-05,4.02581457838792e-06,-1.68911413851802e-05,0.00028446474968306,-0.00034458385541653,0.00247598517280896,-0.000140208725988395,8.33057831964207e-05,-0.000214034512506421,0.00485765771287593,0.0193806862365809,5.62269672476914e-05,0.000152359753639296,-1.66449157991019e-05,0.000254023801434922,-0.00068697825314047,-0.0239868824122054,-0.000181866652623822,-0.00319265303296951,-8.17642501227355e-05,0.000897647719135981,3.55621830214593e-06,0.000781631638849244,-0.000213403495778924,-0.000197666268454443,0.00253911616370196,-0.0090589979597318,0.00014050049174804,1.4082902960802e-06,0.00275758298330327,-0.00160898850192992,1.79965865710624e-06,-2.49156505100458e-06,-5.51967242880021e-06,9.58292505451726e-06,5.14410229783077e-07,-0.00476049807500776,-4.25695686801853e-07,-1.85010279906409e-06,-2.48244214613295e-07,7.4177513132015e-06,4.5965791097981e-07,7.5034753120632e-07,-1.23669802421304e-05,1.68133526996384e-05,8.9620870929788e-06,2.99030717448276e-06,1.51749651581502e-05,-2.23027792126875e-06,1.59122043448916e-05,2.34271862575964e-05,-1.58588878891248e-05,1.08927470975469e-05,-0.000171926187425496,-2.94094330949489e-06,-0.000146241632492433,-1.46837215044359e-05,2.51660622070722e-05,4.42868315746083e-06,-5.18761453738705e-07,-1.7246620909481e-05,-3.29614206365103e-06,-0.000974398368874487,-2.88562337224483e-07,1.08298059841988e-05,9.89643308267221e-05,4.80997117920236e-05,-0.000190506395538341,-4.91251318190614e-05,1.00455035817317e-05,3.90315458005207e-08,1.15041627722191e-06,2.98955313364381e-07,0.000508638950162867,-0.000117950303594931,-0.000528733754720644,4.99869222146827e-05,1.49899223895271e-05,-3.00075950833971e-05,-0.0054862824113712,-1.43612722111611e-08,-1.43957804068532e-06,2.61387674259147e-05,4.83678514795037e-05,2.82934805292002e-06,-2.90646166799585e-05,-1.24596987488707e-05,-1.24128852742904e-05,-0.000176113425324433,3.54990045591409e-07,5.42062270388969e-06,9.29420068776731e-05,3.91997955746664e-05,-6.00866212402882e-05,-2.71731312062286e-05,0.000448671007896191,2.61612675049334e-07,0.00182703274907498,-2.60769408269144e-05,0.000120946629683287,0.000199372854192509,1.14895782335973e-06,8.25906670830483e-06,-2.20279417934619e-06,-1.39198513875152e-06,3.15915225522307e-05,0.00552584611160339,6.31324825577516e-05,-8.11353030937912e-05,-1.8046785466482e-05,-7.7925252450605e-05,0.0115320925246539,1.09970388030773e-05,0.00144383308118884,5.9018787244143e-06,0.000118970684785027,9.64057777839916e-05,-2.40426828585838e-05,-5.01847444488926e-06,-3.57584257482882e-05,-0.00377041589757066,3.01116795425175e-06,6.16872366820073e-07,0.00864997036773735,1.64619843769844e-17,2.10846084817034e-06,-3.05957648996352e-05,6.54852794562842e-06,1.76501687710651e-05,0.00779742310188004,1.07605311714371e-06,6.85098016217532e-05,-1.83913107163541e-05,3.4881246930864e-06,-2.29336478178635e-07,4.55757832383091e-06,-0.000528066840061828,1.37761655100097e-06,-0.000146958858400674,0.000111119792145284,-5.04995796040137e-07,3.30976429814622e-08,-1.57707796082127e-06,1.4853802019186e-06,-2.33770367815501e-05,-5.88512981002681e-05,1.12035669537584e-05,-2.1893831405104e-05,4.06743774977823e-05,-0.000464359598850941,2.79616584754444e-05,-2.89629884902654e-05,9.81169146012139e-06,-1.87062788571253e-07,-0.000769023538348479,1.23836268997505e-05,-1.18122370068468e-05,-3.87105432762368e-07,1.01640032631919e-05,-1.0236161273984e-05,1.25818972007074e-05,-2.0010770141417e-05,3.89039617958861e-05,-3.08727082937576e-05,2.3334700365802e-06,-0.0125551263068595,9.92084558453859e-07,-6.02968985816695e-05,-2.51117352773224e-16,0.000176450844448063,6.09231144927177e-06,6.95167603216959e-10,6.20707959332722e-06,-0.000298715134586432,9.43030953088661e-06,1.63278985112428e-06,-1.94144087567357e-07,8.96251716095052e-06,-0.000532785067577657,-1.18964402903366e-05,9.2956271659953e-07,-0.000138854392540121,0.000168115426792674,-4.64139725446412e-05,8.35326673869239e-05,-1.19393430906839e-05,-4.88177869459136e-06,-3.21768764628172e-07,-0.000204759996791158,0.000116533077898258,-5.26166650653458e-07,0.00884478294686928,-1.75543792931576e-05,6.44258717718845e-05,-0.00143240922267026,-4.28452131550417e-05,-2.16591353514997e-05,6.8895903648978e-06,0.0025206368630387,-4.51523206802994e-06,2.08888192754347e-05,-5.92171650040002e-06,-5.51778099411484e-05,0.000107503586113156,3.63791294481552e-17,-3.35430322274853e-07,-1.78526075684022e-05,1.65926613000439e-06,-9.68764004908306e-05,-1.07903969669287e-06,-2.54890136515421e-05,-6.01160169022525e-05,8.04481331681132e-05,-0.0168134265744278,1.25187829361038e-16,0.000224552144791963,1.81687703479863e-07,7.79496759995042e-06,-3.24897220762584e-06,-0.00174966528603913,4.03618027967233e-06,0.000155804479331707,-4.17361352636814e-05,1.75620275307169e-05,-0.000266138561006209,3.60460491160263e-06,9.83754863137049e-05,4.58743797201265e-07,6.51386473391748e-08,9.83298103591477e-05,-5.2045896795931e-06,0.000106940005251027,-4.55520411079615e-17,2.78041073453357e-05,-2.18796663646171e-06,-6.3057564806214e-08,-5.58271320668503e-07,0.000206220892012962,0.000428855063525976,-1.92306176752898e-05,6.99694328929411e-05,0.00208655820284262,3.50212407502818e-16,7.12893940057163e-05,2.47878581439363e-06,9.00181413813423e-05,-8.65784337821782e-13,-0.000274603690423411,-2.15311725162814e-05,3.29118897823275e-06,0.000138831018097254,4.62001115440682e-05,2.46418880374317e-05,7.82290871394999e-05,-2.4728012072727e-05,-1.75009336392468e-05,-9.69788563326809e-07,-5.39485196613096e-05,-6.87573806370446e-06,1.52300527098036e-18,2.78861108001246e-06,-0.00285911061477657,-4.35230789676355e-05,6.62111227211135e-05,1.05443346843742e-16,5.72653239186466e-06,-1.06679803699576e-06,2.92057288852603e-05,1.74138397343215e-06,6.59075349058863e-05,-6.21386508046043e-06,8.30119112541294e-05,-0.000131788402511873,1.42665461533318e-17,-0.000485240052696986,8.18289603950002e-06,-2.30879072435099e-05,-0.000605369177779264,4.98589294929105e-06,4.13440304843736e-07,1.38673516889502e-18,-1.35590433331739e-17,4.01301432010525e-07,4.56283602214788e-06,-6.02050137857202e-07,6.88776153817167e-05,-3.4018594691982e-13,3.30700868844897e-05,3.92572160006673e-07,4.45379326377682e-17,3.80666099358468e-17,1.25210261158086e-17,-8.46402616841873e-05,-2.22717081432354e-05,2.45756493059713e-05,-0.000229969727964535,-0.00551049574967594,-1.96289363992307e-05,8.52822200871403e-06,4.58695255380587e-15,1.89780400702288e-06,-5.35542380230748e-06,1.25003153101452e-16,3.82482039666131e-17,3.42175610227193e-06,2.07503739600456e-08,2.04299017888322e-06,-0.00012491014016275,-2.03557922136743e-06,8.55290620243528e-06,6.75333149678499e-16,0.00144952732074696,-5.69988835741005e-17,9.82437655784586e-05,-9.96514657483547e-16,2.29832172026379e-06,1.09732764832564e-16,-9.47871128976851e-06,-2.49829280670883e-06,-1.19336771033181e-05,-0.00417884935753515,-6.48764662037632e-06,7.78516714690403e-07,-4.97093010066323e-06,-1.75398879757502e-06,-9.47430833350203e-05,-8.75174926893545e-06,-1.76952869664317e-06,5.01085836509187e-06,9.6534704855813e-05,7.86160072840085e-06,2.42175838799035e-06,1.35274228559997e-17,-2.28075444369011e-05,3.954730009524e-06,-2.08227850234107e-06,-2.36711221110707e-15,-4.10361074668065e-06,-0.00555023048193066,-3.52512698569132e-05,2.88431846685892e-16,8.59474341554388e-06,5.15986241776781e-05,-1.18803729954966e-17,6.12779939381182e-06,-1.39448205444279e-05,-2.4275108850859e-17,-6.82644827122762e-17,5.15607594333528e-07,3.08928912990477e-05,1.76612502814019e-07,0.000246046331055056,-0.00176229116432745,-1.71839301013543e-06,-1.86083331844739e-05,-1.56603379935394e-05,0.000636290719457644,-2.97775317672159e-16,-7.29961547482087e-08,-5.62070153292434e-07,-1.55509337850018e-06,-0.000145923449538769,1.65611412591349e-15,-1.44184461921844e-17,-4.81634510697021e-05,4.53645767330505e-18,6.07379663543246e-15,-2.09020149379132e-05,3.0861724343076e-05,5.77840792183667e-06,3.45079806359807e-06,-0.00014926793928388,-3.90015603577111e-05,-1.20995471021325e-05,5.27122217596038e-18,-2.82850085313345e-05,-1.32517442499389e-06,-6.08721600441977e-06,5.52463733248734e-06,-2.20365353192741e-05,1.77339896149745e-17,1.39059925943455e-17,-4.08786820954575e-15,2.18049799270818e-05,9.55671369923778e-07,0.00162554296453086,3.68949116492726e-15,7.28651174212092e-07,2.64764047363129e-17,1.98167968380844e-18,-0.000123622206425537,0.00150687394688095,8.88563459213772e-16,7.4381221294699e-05,3.45982610986828e-06,-1.68466312582168e-15,-7.89001674004344e-06,-3.47370674654253e-13,-3.13519998774062e-05,-6.97380808204339e-17,-3.13006965112682e-05,-2.43793661977665e-05,-8.83298857550929e-07,-9.25961327236081e-06,-6.37301515284439e-05,2.89102799156129e-06,-0.00237019905621773,-1.40864006094085e-17,-5.40588190687116e-05,3.05721491608618e-06,1.58676197887365e-16,4.03817716149729e-07,8.2681837655865e-06,-1.92920017798022e-06,-3.85441058714857e-17,-6.27910409202488e-06,-8.33016487339387e-06,-1.03638971592175e-17,0.000372757057106343,5.13435553159972e-05,2.42458713708989e-07,7.9700771729382e-18,6.52978564093738e-17,-4.4095428467591e-06,-1.51070825574727e-05,-1.22406183862466e-06,1.83150567157099e-06,-9.31065601531496e-06,-1.94938132494197e-17,-4.76408775556162e-17,-3.41182061572143e-05,-2.35286094117877e-07,-5.79310414990624e-17,-8.3016810148232e-05,-3.80727486786943e-17,-3.8942651150271e-06,1.61216460004801e-05,9.42543108566899e-06,6.26363849600465e-05,9.08606211857721e-15,-7.95502149678547e-18,-3.79039810958595e-17,9.37751352542721e-16,4.63743820512374e-07,1.61154379034853e-06,-3.68396641419279e-18,-3.17576975417833e-17,-2.53232975735867e-17,-2.28353793482505e-06,-2.05810898666272e-08,1.1422895762657e-06,4.10934684876499e-18,4.29582206628891e-16,2.4328638713354e-16,5.03750838687751e-05,-1.54297867495985e-06,-2.32879809160779e-17,-2.73724804842952e-07,7.19278256466302e-06,-2.24135610549235e-18,5.77854873651145e-17,5.56853276693617e-05,5.1509938202586e-08,2.77848904353457e-05,3.39312094455872e-17,-2.85210143704905e-06,-0.00120357502140854,-0.0013016862454374,4.6145515003149e-05,1.12483676686241e-05,-1.84194912398918e-07,4.18557310915728e-17,1.75534567645562e-17,4.29757734147031e-17,-3.62469423291512e-06,3.28362458308091e-06,1.37665318049483e-05,1.00089912808053e-06,-4.3427110305429e-17,2.16333660412607e-18,3.70736925583966e-17,-3.56462653156034e-17,-5.07504334711722e-17,-4.89706300015463e-06,-1.31901696260031e-17,2.24436312328055e-16,8.86136942533811e-06,-8.59435018696344e-17,7.93660956992038e-06,-8.56519716263549e-18,9.84834059535081e-06,-1.67255388284803e-18,1.21363988127217e-05,1.52528014973951e-06,1.2657747266868e-05,-1.72878641368364e-15,-4.96860773655289e-05,6.37231520018476e-17,-0.00340856114422007,1.16793108837801e-05,-6.47025358515192e-08,8.28859878044896e-17,-0.000105412408116071,4.84480550063476e-17,0.00124821286311363,1.34270504617034e-05,1.56903283141481e-16,-3.5685828622047e-17,-4.12369587533365e-18,8.82536979570176e-17,5.05723039194907e-07,6.6089328945784e-06,1.48185537831013e-06,2.03491245209919e-18,3.36732181249279e-18,1.44585996900069e-06,-1.1804852936723e-05,3.85231818458069e-17,-1.15808482414365e-17,7.0749674998725e-06,-6.36100848826647e-17,5.04178940559166e-05,-1.49551698213316e-16,-4.37898651348284e-05,-4.77346355962508e-17,6.85993135052491e-15,-1.36677463379352e-17,-1.79480151121789e-16,-1.90308352055928e-17,4.24762856126926e-17,-8.71131914079572e-07,6.09530136300607e-06,-9.81561853570306e-18,4.10771991239795e-06,-0.00443810722432845,1.73542193012657e-16,1.86866244926323e-16,-1.18677998954504e-14,8.0240751957496e-18,-1.74009721283387e-05,-2.79823564442384e-06,-1.29307495537e-17,-7.72727376262814e-15,0.000820943199427747,1.03236206119704e-05,1.56820273912253e-07,3.05162677226663e-17,2.96028162372606e-17,1.07181957874514e-17,-6.3981697349722e-17,-1.50113938216095e-16,-7.85488782527816e-17,-7.06245351872139e-05,6.70785915500264e-05,1.29521147787066e-05,1.06484675670301e-17,-1.05219377286114e-17,2.28548948767496e-17,-1.24090866324253e-18,1.67596584339694e-17,2.90086633054863e-17,1.55396407173088e-17,4.07924121544314e-17,4.75530169733496e-18,-1.92261923616887e-17,-3.14333745183712e-17,-2.71196380279328e-17,-6.82186333113496e-17,3.71453992180357e-18,-6.9244185249513e-07,-1.86173970299856e-15,-3.44484475330648e-17,2.86986940667044e-16,-9.90105063570277e-06,1.31893346526408e-06,2.30626734914259e-17,2.56504075578205e-07,-9.19787838518808e-06,-1.41625482372264e-17,-6.66446194975662e-14,1.8020350257222e-05,-3.60257877322855e-17,-2.34709344009565e-07,1.30100468174474e-16,1.16786183034906e-17,-1.12380799939679e-18,1.75720749484323e-16,-2.6154503971133e-06,3.26397078096252e-05,1.45402638753604e-16,3.06835382600578e-17,-2.00854002997586e-18,3.67630117964751e-16,-2.05425802381699e-16,-2.01887193053814e-17,5.24289993392566e-17,2.4540799749979e-17,-4.43873856453523e-07,-8.78171440817675e-17,-3.57509697542892e-20,2.82312223709375e-19,-2.15346455928679e-17,7.07269284775766e-19,1.70417856390208e-16,0.00015901215293429,-6.62902243835336e-18,2.16866319631318e-18,-6.75350653182717e-06,1.75071195439457e-17,-6.05602134878118e-17,-2.11009387194898e-17,1.39364525606715e-17,-6.01216652546422e-06,-4.88038083925507e-19,4.94925982161879e-05,-1.70105588685134e-18,1.79319598409271e-17,-3.01095082907378e-16,7.33317721516188e-15,-1.69664909848449e-18,-5.34373742765347e-17,-1.83423294643955e-06,-4.9866192406002e-16,-5.30063038744617e-17,-9.59082130217861e-07,0.00023382319614746,1.28720524214141e-17,-0.000266853362231964,-2.45493019171948e-05,-7.97277248323309e-19,-8.43568367217469e-17,8.40455572187131e-18,-2.86033039234609e-16,-1.26618097359415e-17,4.49680348730289e-05,-9.55057528136351e-18,-8.23493553797097e-17,1.66766045557707e-17,-1.84348087444508e-05,1.44287232013272e-18,3.89254684212406e-17,3.09234583011496e-17,-2.11988471160107e-17,8.67491760603357e-06,-3.82698357475127e-17,-2.39529173671772e-07,-4.91438097953638e-17,-4.16381976878187e-17,1.59234227200574e-17,8.31455497970691e-18,3.73107033746496e-18,-3.58420451962862e-17,-4.6963638777185e-18,4.39571965976256e-06,-9.09757750031664e-17,3.46843984693297e-18,-1.87492669620526e-06,4.90663101071909e-17,6.64028967385495e-18,-5.74360159986633e-18,-7.62197841515592e-18,8.32389338627428e-18,2.71819418897604e-16,1.42453821678776e-05,-1.77015959785619e-17,8.59799561645051e-17,-4.33545884057832e-06,-2.42385341277281e-17,-5.67142872082982e-18,-6.10664115586703e-17,2.5687876061632e-17,-4.50080077665344e-17,8.37440536431991e-17,-6.42854637197595e-18,1.66510415984541e-17,7.16236902925744e-18,-7.95206355398896e-17,-1.98424092561527e-19,2.47706724213756e-06,-8.30318093366631e-06,-3.66647527612238e-17,2.82923710306015e-17,9.78648236031579e-18,3.3509889048842e-18,-8.18099016737192e-17,8.78041393812647e-18,3.52421958417448e-17,6.98507993620664e-18,0.000211988726725391,-1.6139289304458e-17,-1.92086125510902e-17,-1.79633441668778e-17,-3.90293393427057e-17,-1.02958822923382e-06,-8.36608328749067e-17,1.7390487521742e-07,1.29727372415257e-17,-1.96781022542539e-17,-6.15215366786808e-17,-3.35400411273131e-18,-5.86864313435257e-17,1.08770543399879e-16,-3.58170716772613e-14,-2.84932070033927e-17,-9.58885915074252e-18,-1.80963539013521e-17,-9.00004380698672e-18,7.66242535714476e-18,1.51942241333052e-18,-1.07350912720275e-17,-2.78891195812994e-17,2.35315486151033e-17,2.4165294997195e-17,2.85691218376524e-16,-1.57667095352725e-17,-2.86798058052093e-18,-1.83340627965845e-15,1.33986702806375e-17,-3.43024229530119e-16,-4.05434314053243e-17,-2.15791211569001e-15,-1.19950996523148e-06,4.48462187409036e-17,-1.73690446169814e-16,-1.98869982005191e-17,5.50766337846305e-18,6.7462232511696e-19,3.18098144777693e-17,-1.20855789202947e-17,-7.00470528952587e-18,1.3131737051805e-17,-9.83919882373032e-19,-5.42502288275685e-16,-6.59680729068295e-18,-7.3347844031526e-18,-6.91937235614034e-18,-5.17378328510369e-17,3.80794154746373e-17,-5.49947659637392e-17,1.97109362494624e-05,2.214594892726e-17,-3.1419975682184e-17,2.01722610612743e-17,3.59214413075253e-17,9.78085785928814e-17,-2.2953481905195e-17,1.84720958605478e-17,-2.23016687342552e-17,6.54889284594375e-17,-9.36367662870531e-06,9.26411511692534e-17,1.93423818053935e-18,6.29825375911019e-17,4.24431754796804e-17,5.34677183616234e-18,3.03082497042602e-17,-2.92849812946904e-17,-8.37210430855802e-17,2.15613331049082e-17,-1.82732066618022e-17,2.44000858158697e-17,1.17396460206349e-16,-1.00253790647804e-17,-4.97591734245098e-05,-8.90286814739836e-18,2.44151486722054e-17,-3.23035811930176e-17,-3.31585381476202e-16,2.00543607379633e-05,3.96100942191051e-18,-7.89933843268776e-18,6.74857748010387e-17,1.84382398907595e-17,-7.28802921054561e-19,2.84394568497021e-18,2.71808068255849e-16,1.07228051320129e-15,-1.15465252304988e-17,-2.21753052681077e-16,-5.82409982223799e-17,2.10754108595016e-17,-4.65795593019751e-17,-3.69862171774675e-16,-2.19923511759849e-17,-5.12298572996538e-15,1.04892896284444e-15
"t464",0.0265448615019545,-0.00249357699115824,-0.00220544132612805,-0.000349304549724633,-0.0116903668284669,0.100189849038118,0.0170927040840883,0.00010970106352763,0.0262419881585529,-0.0202486006266921,-0.00381884123858696,0.00288427468374438,-0.00556672354782541,-0.00116105655526227,-0.0301446375294291,0.000673694041318852,0.000478955275478959,-9.98902471387712e-05,0.00380754710880877,0.000622935171614314,-0.000153826984524338,7.4649988485773e-05,-0.00256097884713318,0.000440354990664532,-8.02297913007544e-05,0.115029394987241,0.00613738028008022,-0.00032549088714567,0.000756476947587348,0.00151542312214341,5.20718099803317e-05,-0.00216650127507248,-0.000126513447945731,0.00118367372471388,-0.000131144094230874,-0.000169312227018456,-3.94778749426835e-05,0.181364468923785,-0.000315468051577431,1.2015932737535e-05,0.000108554985430703,-0.000225142146343411,1.11213783982404e-05,-0.000189731260146706,4.32732855305701e-05,-9.5014472063594e-06,1.77246577987645e-06,-2.63239381277249e-05,0.000362010969882361,-0.000694952337694285,4.01561216382421e-05,-3.73621083738114e-05,7.14488732489594e-07,-1.52433197547155e-05,0.000306024295415732,-0.0141203402297494,1.21954155651131e-05,-0.000100656793430869,0.000377448219963086,-3.83286267311117e-06,-3.7729728056384e-06,5.38484020949505e-05,-0.000123682838094481,9.29140125673833e-05,-8.27135648660233e-05,2.24620733538537e-05,-2.114081066795e-05,0.0136403835489062,-0.000135191117444806,0.0380667498391134,-2.62866618013193e-07,3.68704420909625e-06,-0.000257509772536394,-1.12261987899471e-05,4.8480688958411e-06,4.94923935241767e-07,-4.82151374844188e-05,8.90517179867131e-06,-0.00096182492109782,-0.050193773512454,-3.82895043454126e-05,-0.00273137035175979,6.22930371122954e-05,1.95684406753215e-05,-5.42535955419351e-06,-1.07626763152401e-05,1.13544515998397e-06,1.88471060001522e-06,3.65874733338014e-08,-1.33935400456828e-06,2.78946803659395e-06,1.31796624624418e-09,1.80565848203651e-05,-2.56705145770663e-06,-2.25284757542508e-07,-1.02754005554072e-06,-1.20932666518509e-07,6.8077064334669e-07,-7.68501918402137e-06,-2.26706579669892e-05,-7.32127751194644e-05,5.40633532727915e-08,-0.000392214464870015,2.50143673376881e-06,-1.22210856387134e-06,2.96402709696479e-07,-0.000290323818470677,-7.1187498049663e-07,8.54254240521013e-06,-3.88447406784339e-09,-3.98049130597599e-08,2.93515090644915e-07,-9.4902208573372e-08,5.68926085034114e-08,-1.03769975592121e-08,-3.46480461257042e-08,1.16374767378852e-06,-3.47270412446556e-06,0.000195006706482779,-2.50950520171784e-06,1.7544142249756e-06,-6.49931824831161e-06,0.000129569164453532,0.000493785079597329,1.00970751541294e-06,1.24389871220572e-05,-1.34644464849374e-06,2.22104414312611e-05,-0.000111786437915687,-0.0039384161003361,-3.19394691762421e-05,-0.00119372794517686,-3.84164306406266e-05,0.000515703396687184,1.67700395225944e-05,0.117437683746116,7.15409497682663e-05,3.73866636173342e-05,-0.000299690264535553,0.00105752495743694,-1.53586985566189e-05,-1.4882515429379e-07,-0.000271592629951612,4.24780747283365e-05,1.37558586197743e-08,2.20249856467336e-07,3.88338844364667e-07,-5.42560495886254e-07,-2.7517100429035e-08,0.000102745654512448,2.94675248893885e-08,8.95422550171682e-08,1.15396378910791e-08,-3.32295935852999e-07,-1.54262757352959e-08,-2.40304869265564e-08,3.82954307121608e-07,-1.82872757398534e-07,-6.03323593572407e-08,-1.82780917997595e-08,-4.18759880660347e-08,4.65070396116704e-09,3.25791002956738e-08,5.95132390628706e-08,-1.02072673184342e-07,1.10139003290975e-07,-3.51315979478707e-06,-6.11500210887338e-08,-3.05421145454271e-06,-3.27003428432222e-07,6.01161992134384e-07,1.06822719430268e-07,-1.4169513574704e-08,-4.88314597422735e-07,-1.0024891063476e-07,-1.4935402661745e-05,-9.08666412618488e-09,3.94308028652887e-07,4.13138070893089e-06,2.05282187162658e-06,-8.30069368029156e-06,-2.27157893067252e-06,4.74970053446952e-07,1.88558689059125e-09,5.66998483211462e-08,1.57344805490114e-08,2.72017915200397e-05,-7.22718020096419e-06,-3.25442759536958e-05,3.22324578463853e-06,1.12201683147863e-06,-3.08233366601829e-06,-0.00213158187153372,-7.4204723226333e-10,-9.35498745256448e-08,2.08077964387637e-06,3.95461047398338e-06,2.43298893585699e-07,-2.5578646990913e-06,-1.28225770973939e-06,-1.28616681060476e-06,-1.93766316364067e-05,4.1361265333848e-08,7.21869522071746e-07,1.238470152026e-05,5.28736134572703e-06,-8.41102829644861e-06,-3.90284272871544e-06,6.8995456712254e-05,4.37988173464752e-08,0.000327807488496223,-4.78095961126244e-06,2.44941134666386e-05,4.27516125886016e-05,2.46749042436296e-07,1.85700885884294e-06,-5.61265302232325e-07,-3.64143433170193e-07,9.91358005525741e-06,0.00812067676374059,1.245076628438e-05,-2.72380883430243e-05,-6.32089574561824e-06,-2.84333940243814e-05,0.00261570230673056,5.9727322247347e-06,0.000752063959818379,3.18716898748577e-06,7.10080228764988e-05,6.53812369971668e-05,-1.73796919957676e-05,-3.88829243975411e-06,-2.90912812552971e-05,-0.00170731289669342,3.35459609015194e-06,8.92855996047378e-07,0.0488548976769479,-5.93237474797524e-17,2.13723872083348e-06,-3.60609802393102e-05,1.61826735741688e-05,9.80466140307535e-05,0.600553299206784,0.000327730164270226,-0.000241249245073175,5.56900446500875e-05,-9.92668331943562e-06,5.08397434042356e-07,-8.8108031433498e-06,0.000830668883767374,-2.00446360374419e-06,0.000207457758069611,-0.000135154744314062,3.9807524730247e-07,-2.33897343687132e-08,1.02927676030235e-06,-8.38924214047821e-07,1.30844528471944e-05,3.03818550546472e-05,-5.5594502878208e-06,1.03363695913797e-05,-1.89292091805316e-05,0.000213056285946268,-1.25967272150181e-05,1.27381679610543e-05,-4.30448285600945e-06,7.86947854827437e-08,0.000323315396861247,-5.20281080358834e-06,4.93367986203187e-06,1.61436201442522e-07,-4.22900586898397e-06,4.25920265404936e-06,-6.0093221560679e-06,1.0003707592351e-05,-2.03472106591099e-05,1.87282804262366e-05,-1.72125880015174e-06,0.0571228670544849,3.02525149877072e-06,-6.83408978999059e-05,-1.37683587898228e-15,3.95809770347312e-05,1.14719349467697e-06,7.20684714638632e-11,2.08115789013932e-09,7.67784872884795e-05,-5.43544103826371e-07,-1.0374473155242e-07,2.03565667392797e-08,-9.52191288014037e-07,5.67952802025064e-05,1.32983154258457e-06,-1.11812032907305e-07,1.68217763401029e-05,-2.04550071711067e-05,5.71093441742085e-06,-1.04487665713322e-05,1.49474575164097e-06,6.11179802598501e-07,4.02842943329787e-08,2.56837896106041e-05,-1.51169413118511e-05,6.86712522756878e-08,-0.000648213144765443,2.64519612555572e-06,-9.95427734624932e-06,0.0770027762277824,-2.17401557041259e-05,-2.38740181659107e-06,3.07105784375183e-07,-3.88784264767477e-05,2.46889202450215e-07,-1.36983512293311e-06,4.06769758121982e-07,4.00834110529189e-06,-8.35973214897499e-06,-3.92097569118116e-16,2.76951108946318e-08,1.46767881912582e-06,-1.35051613165392e-07,7.88190644977719e-06,8.77540509569169e-08,2.06538524570103e-06,4.82733052177494e-06,-6.34402711759342e-06,0.000737765866598057,-2.967856142753e-16,-1.8800796986817e-05,-1.51493887609101e-08,-6.45779607449039e-07,2.69011148424154e-07,0.00069297768647181,-3.21140350174811e-07,-1.23746031958495e-05,3.30135147896056e-06,-1.37628755566633e-06,2.06947042529338e-05,-2.79083107207415e-07,-7.60018054210696e-06,-3.53973714219392e-08,-5.01629029834689e-09,-7.57081324296675e-06,4.00246347145821e-07,-8.21731042980833e-06,-2.03502823219978e-15,-2.1316263058937e-06,1.67830970330484e-07,4.83695289899878e-09,4.29923934324782e-08,-1.58962035432155e-05,-3.37910812615126e-05,1.53130518628453e-06,-5.58404212070908e-06,-8.98669272528055e-05,4.6962648183535e-15,-5.85104588757929e-06,-2.04662462765535e-07,-7.64183190669443e-06,0.637324607556048,2.42949352816629e-05,1.9277788586866e-06,-2.96618385261229e-07,-1.26950721609949e-05,-4.34251015953115e-06,-2.37182055873742e-06,-7.68754569641307e-06,2.62146458393083e-06,1.87537577828977e-06,1.11706745890653e-07,7.50151150701695e-06,9.68342265623049e-07,-2.78390079606153e-15,-1.70536491287844e-06,0.0826357698784081,-8.85904256233291e-06,3.1280225287729e-06,-6.73772754521591e-16,-5.50829211613987e-08,2.74126222534535e-08,-8.5324911841665e-07,-5.30667624033632e-08,-2.09241351563441e-06,2.08740748731007e-07,-2.95593573697186e-06,4.99321187564628e-06,-3.89554119964235e-16,1.86437814415606e-05,-3.14495990687595e-07,8.87598862077079e-07,2.32663365581739e-05,-1.91614433178261e-07,-1.58854973406071e-08,2.83033208155791e-15,8.98575266916551e-15,-1.53848388358121e-08,-1.74397891895247e-07,2.30011110943006e-08,-2.62224893143619e-06,1.27925502058575e-14,-1.24718881075941e-06,-1.47340559117148e-08,6.01338161110561e-15,1.32175358507589e-16,2.13098428025627e-16,3.12262617514573e-06,8.19657420153868e-07,-8.95788410568954e-07,8.10376727381639e-06,0.000107476535228565,7.0948269348817e-07,-3.0786776648897e-07,-6.88284152813754e-17,-6.73138118344814e-08,1.88862473254276e-07,2.55790954929988e-16,7.35115961017397e-17,-1.18025636820576e-07,-7.11990909316211e-10,-6.96148414925387e-08,4.2368716793551e-06,6.84437218234683e-08,-2.87094889920625e-07,5.95883709365896e-16,-2.61829603717793e-05,5.9300025173303e-17,-3.28081152786447e-06,-7.44348669016154e-16,-7.65091538212477e-08,8.22378852807285e-16,3.14602813292092e-07,8.28871994000182e-08,4.13266376812516e-07,0.000626057177573762,1.68972882395565e-07,-2.40145001929933e-08,1.54801741739985e-07,5.45358088337043e-08,2.94562746545689e-06,2.7150959845677e-07,5.46423223126378e-08,-1.53661808304053e-07,-2.94216226909459e-06,-2.3842561375132e-07,-7.32677879206535e-08,2.73627524035272e-16,6.84816146031768e-07,-1.17886628154788e-07,6.08341753473975e-08,2.13851748784925e-17,1.19152489625876e-07,8.65163875977458e-05,1.02270342752915e-06,-1.54029304445287e-16,-2.48483802594211e-07,-1.48149547761614e-06,-4.26920092106534e-16,-1.75572363346021e-07,4.01433136755924e-07,1.74350729148486e-16,7.36984919161597e-17,-1.51800592174658e-08,-9.12739520337793e-07,-5.33830247137067e-09,-7.82297755846638e-06,0.010592578233522,-6.76488186208566e-08,-1.86888205065429e-08,3.41665889976926e-07,-1.46291850748509e-05,-1.70918949093613e-15,1.69036241400102e-09,1.30275073302244e-08,3.61359930871635e-08,3.39785544554403e-06,-1.22738011346149e-16,3.2527507876438e-17,1.12313193444345e-06,-1.15809983472586e-16,-3.43954462739312e-16,4.83111360281659e-07,-7.11075361090361e-07,-1.33129332269498e-07,-7.88937892138642e-08,3.40884192909483e-06,8.90467720484312e-07,2.75820317734739e-07,-6.32503551251236e-17,6.33333854791282e-07,2.95521022450077e-08,1.35564757615553e-07,-1.22199685634766e-07,4.8127556457514e-07,-8.83619913323433e-17,2.12819378318843e-16,4.94326363802911e-16,-4.68006364321605e-07,-2.11215088603115e-08,-0.000158727454079393,-1.7598119805561e-16,-1.5268234553699e-08,-6.19572704528245e-16,3.77603513758301e-17,2.49226490592949e-06,-1.64835766940483e-05,6.47958156452358e-16,-1.48997823639836e-06,-6.89183825792658e-08,2.17089654527387e-16,1.55373899267915e-07,3.69125681696323e-15,6.08912076912836e-07,1.85335462284433e-16,6.07162076835497e-07,4.72450231486015e-07,1.70990001711763e-08,1.78978734194899e-07,1.22768664874665e-06,-5.50165130853529e-08,0.000202633783172539,2.59206595553067e-17,9.79915582541289e-07,-5.52856355678667e-08,-1.70999359814357e-16,-7.27883720594358e-09,-1.48133971298288e-07,3.43715756809359e-08,-5.02098537840187e-16,1.09706958553336e-07,1.44970099917283e-07,-4.6204252221668e-16,-6.45300602763645e-06,-8.86518978826111e-07,-4.1457121082123e-09,-3.65240276818877e-16,-3.27731408862385e-16,7.36460515749328e-08,2.49756465347751e-07,2.01942742670031e-08,-2.8871259243284e-08,1.45664235875679e-07,-8.70924112569843e-17,9.31687962725655e-18,5.30984537546425e-07,3.65934055534051e-09,-1.88396368018267e-16,1.2797084148528e-06,2.47025571082164e-17,5.95137508261119e-08,-2.4345603548371e-07,-1.42214189892622e-07,-9.41921765847155e-07,-8.97577076021336e-17,2.50047245467739e-17,-3.86484005714103e-16,1.49753213580257e-16,-6.76530788920115e-09,-2.345115443645e-08,-3.19075034098652e-16,1.7604535974723e-16,4.09312087613753e-17,3.2930305847779e-08,2.95632447588909e-10,-1.6234439657533e-08,9.65160548557037e-19,2.88135483804007e-16,6.04020527560996e-16,-6.91219613532522e-07,2.11477669365111e-08,3.43884434966924e-16,3.70628170332806e-09,-9.69761366545201e-08,-6.05714329852124e-17,-2.79835069146871e-16,-7.45626783480814e-07,-6.89571314779083e-10,-3.72576440616568e-07,-3.89076781113131e-16,4.03021959096072e-08,0.00446010657827452,6.77835293619912e-05,-5.43825257427359e-07,-1.32605169790884e-07,2.16631070135902e-09,-5.36749809139135e-16,1.89646169566722e-16,1.11173271627628e-16,4.10530016344835e-08,-3.71637906703703e-08,-1.54883443294034e-07,-1.09083532482152e-08,3.28875664957488e-16,3.66742278705394e-16,3.0196597310589e-16,1.8134385056224e-16,5.7106186344348e-16,5.15030674522773e-08,2.89302236497453e-16,2.41532039094897e-16,-9.1855045295397e-08,-9.25364737271011e-16,-8.22049164863526e-08,5.34511671035354e-17,-1.0187170998896e-07,8.08526566952152e-18,-1.22328050112591e-07,-1.52774508565984e-08,-1.25555017532884e-07,2.35011374874399e-17,4.8689345131195e-07,7.13125672092461e-17,1.76794358750639e-05,-1.07442505243357e-07,5.94257341848703e-10,-3.74507894796432e-16,9.53516176302187e-07,-1.71785360983385e-16,-5.99190848372467e-06,-1.18446557155853e-07,5.51330039884062e-18,7.6962777099197e-17,1.8240157816053e-16,7.00391014592611e-17,-4.36729951719942e-09,-5.67578238394821e-08,-1.26442311047209e-08,-1.79393366803046e-16,-5.78901009329381e-17,-1.19556254585248e-08,9.74749053941857e-08,4.26632304892505e-18,1.09417095405689e-16,-5.61202555507391e-08,2.03428910200516e-16,-3.9647715185439e-07,-2.5622578396196e-16,3.35839950037641e-07,-4.19479596766923e-16,-1.29403591648675e-16,-4.28327847777953e-17,-1.78623493471462e-16,-2.08983055825053e-16,-3.73569940429367e-16,6.3960189736299e-09,-4.47411584044408e-08,9.03646622019575e-17,-3.0869990365502e-08,0.000502638119624206,1.71558862687247e-16,-4.57809052381221e-16,-3.12466635655821e-17,-1.98066270761315e-16,1.16480786831441e-07,1.88131153356344e-08,-2.4846016440543e-16,9.83810247424403e-15,-0.00102394405485887,-5.53194748011662e-08,-9.7595337625198e-10,-2.06190508514814e-16,1.25808421292382e-17,-3.36256730672057e-17,1.45350789311079e-16,-3.34709064745559e-16,-1.51265360074433e-16,4.2466170088543e-07,-4.00477013184865e-07,-7.67740078251428e-08,1.44005334782747e-16,1.72457018968541e-17,-5.77873538794723e-17,6.75054111547886e-17,-1.00902716988257e-16,-4.21362572206925e-16,-7.21939920378691e-16,-7.87950874707197e-17,1.09489231559435e-16,1.39175745038443e-16,-1.34258670078798e-16,-2.98676968258761e-16,2.10963426103668e-16,-2.1005269610866e-17,3.59036887444093e-09,8.34274146576907e-17,6.86294088256647e-16,-2.50464445742868e-17,5.0348931803916e-08,-6.67663402820489e-09,-2.36603746818852e-16,-1.29478993793951e-09,4.52985417835869e-08,-1.46218372845961e-16,6.065013817939e-17,-8.59853090571256e-08,2.28996872771361e-16,1.07581250067917e-09,-1.30866994742787e-16,5.87329925893615e-17,2.16444376227988e-17,3.50317324922604e-16,1.12126112093477e-08,-1.39271606705171e-07,-3.01669191930378e-16,-2.26299692455181e-17,1.53386947297922e-17,-2.06340186091485e-15,-4.12848271857567e-16,-2.72834797628139e-16,7.52865735922574e-17,1.93025817354226e-16,1.43194464540119e-09,-8.88722592482276e-18,2.63425376944223e-16,3.87714893469447e-17,-2.10640790843679e-16,-2.26885935035311e-16,-3.8440681222793e-16,-4.77252259678222e-07,1.01791194810197e-16,-2.82741383814917e-16,1.99901688272396e-08,3.5260003003509e-16,7.46494765875779e-16,1.46408296929521e-16,1.70653879953113e-16,1.48723579010886e-08,4.46147722914715e-17,-1.18115368969487e-07,-3.00091181462624e-16,3.34952675075688e-16,4.81871468763923e-16,5.35877567365296e-15,1.30792856379244e-16,-7.69247847910187e-16,4.05101724609419e-09,1.28611439114502e-15,-9.46361373427839e-16,1.98714970311394e-09,-4.82852189713485e-07,3.83508034748234e-17,5.19641834791727e-07,4.68977557515153e-08,-8.57412338935151e-17,-5.0695755723759e-16,2.23942947107117e-16,9.36545615698144e-17,-2.53201860401625e-17,-6.13056624522633e-08,5.46744818915973e-16,1.14929508197517e-15,3.28176939234747e-16,2.2532289238103e-08,-1.61106413446996e-16,-7.07506400281826e-17,7.27858962263065e-16,-7.2264769440078e-17,-8.98392616954675e-09,-1.72667159045184e-16,2.34250696839319e-10,-1.03896019505882e-16,5.46839065274956e-16,-5.40415549226947e-16,-1.1235714681793e-16,-1.89907437668446e-16,3.82543143625884e-16,-1.14742884384997e-16,-2.95650850830534e-09,-3.88166593340251e-16,-1.35713558580295e-16,1.11892629732888e-09,4.83585773400667e-16,-8.09632458629739e-17,-9.45665053874862e-17,1.11347191688433e-17,7.4026545038896e-17,2.66181567600679e-16,-5.10732501794977e-09,-4.55177172576463e-16,4.34189985950767e-16,1.09137147165543e-09,-2.0663425347218e-16,2.70183845930279e-17,4.5849341697518e-17,1.17013904297367e-18,2.38877433102009e-16,1.46576039967558e-16,4.38744865650572e-16,3.64029417662809e-16,-2.99289093613669e-16,5.88440040454239e-16,4.05675775928934e-17,3.53868358292047e-10,-1.5800351530089e-09,-3.81642290437325e-16,-1.47752530085699e-16,6.80081390227874e-17,-3.25746827146451e-16,5.16895143084673e-16,-3.68799121515253e-16,-5.16729711107001e-16,-1.94247398769683e-17,4.16779458427278e-07,1.7150509225342e-16,1.90637241376481e-17,3.96378988636876e-16,5.35841935633034e-16,-6.67868680942391e-10,-2.67371316356485e-16,1.54142698051951e-10,1.74085180072872e-16,1.26233227555722e-15,6.67991579672676e-16,8.25148079481206e-17,1.64487792097197e-17,-4.61888130748931e-16,-5.96113582766101e-16,-7.01568353457315e-16,-7.92924928771519e-16,-4.96466371206803e-17,1.94715544302334e-16,2.76110883264556e-16,3.19114425493431e-16,1.8095185282341e-16,5.73192564844666e-16,-1.61214042861491e-15,-7.65570868267084e-17,-5.52760829856912e-17,-1.85661189963751e-16,1.30573227969604e-17,-1.72151000179669e-15,-2.22715811941356e-17,1.0500758474759e-15,-5.91968656331452e-16,9.89631265558149e-17,-2.11449723238551e-09,4.23251653630817e-16,1.92993916207832e-16,5.54650527872234e-17,-1.29457256494895e-15,-2.59877298620641e-16,1.32423776084424e-16,-9.31194981927182e-17,4.87096243529241e-16,3.6278693767838e-16,4.83472789657174e-17,-6.38345559331976e-16,-6.94915266361359e-17,9.28656951103583e-16,-4.0558051117906e-16,2.56760648256143e-16,-1.20665028797491e-15,-5.90807479606076e-16,4.64195118729655e-08,-5.05968929290429e-16,1.57339622547542e-16,3.78717919502231e-16,1.33237450059616e-15,-9.82021858931447e-17,4.29095657186109e-17,-1.27378847352492e-15,-1.04518903503344e-16,-4.5980702410979e-16,-2.77680308110278e-08,-3.48811754849314e-17,2.77382498856944e-17,-7.27376318595867e-18,5.78255889122018e-16,-1.55915696306042e-15,-1.93198964151355e-15,1.09427373005204e-15,-9.79777441424901e-16,-9.29609232816624e-16,-7.38437762567596e-16,1.15836713801846e-15,-1.21671431303706e-15,-5.92133525472248e-16,-1.78048587688655e-07,-9.20113132262747e-16,1.59336411247598e-15,-1.46368409910468e-15,-7.44141381494912e-16,7.74789490792645e-08,-2.52019123501917e-16,1.20389304019235e-15,3.10991719561627e-16,9.49937644960833e-16,-9.5623617753253e-16,-1.69314718090546e-16,-1.13453687561905e-15,-2.43605548408294e-16,-2.78910780965424e-16,-1.25716612740473e-15,-2.85164512923596e-16,6.66993234388731e-15,-1.11777130571765e-15,7.84813141922388e-16,-5.9220037334076e-15,1.92669749838489e-15,2.05409279695575e-15
"t790",0.0267016685224987,-0.00252479905447247,-0.00223395873817996,-0.000355380700053818,-0.0119401535373078,0.102708905770552,0.0175310726947852,0.000112743141290696,0.027104726912138,-0.021059862194108,-0.00401431332450621,0.00306734711306933,-0.00593070263067343,-0.00123815486287753,-0.032236128948461,0.000723269742827523,0.000515063005233555,-0.000107560460133126,0.0041068320511183,0.000676203781338811,-0.00016806177559668,8.29418078861479e-05,-0.00285995669701351,0.000492024804735857,-8.96765072808366e-05,0.129128202756881,0.00689699325915918,-0.000366071305492666,0.000852787259200146,0.00172703926197455,5.93247879355108e-05,-0.00245888263422044,-0.000140992319648198,0.00128014975124891,-0.000131587218046513,-7.57875044126268e-05,-3.47009496130602e-06,-0.206621826988305,0.000904499305442995,0.000124369352770393,0.000296924590609348,-0.000497713561207005,2.29924941297963e-05,-0.000390546116889397,8.48105837778005e-05,-1.7299873440555e-05,3.2047322211294e-06,-4.75033672151503e-05,0.000652067612522481,-0.00125503419015506,7.31691119833056e-05,-6.84777696820713e-05,1.31075083362272e-06,-2.82093519289934e-05,0.000578144035880337,-0.0267698263233684,2.50075040184442e-05,-0.00021195485470601,0.000797440812741494,-8.73973140105393e-06,-9.2216830731719e-06,0.000136841949220443,-0.000325241442109069,0.000246542646039913,-0.00023600376146314,6.91145545111485e-05,-8.07633335786482e-05,0.0594297332954755,-0.000632808639643745,0.207738135271493,8.24794550798366e-06,-1.14527834594286e-05,0.000665420075001409,2.03413314563313e-05,-8.41266445008083e-06,-7.40250909937018e-07,6.79700945402692e-05,-9.33478536362535e-06,0.00045674078468151,0.0151828888556693,2.16623304494234e-06,2.59656696151659e-05,1.78927173098674e-05,7.12600422300824e-06,-3.50992123009713e-06,-7.64287742095149e-06,8.66539863411577e-07,1.4515476397977e-06,2.82418348039882e-08,-1.03940138694673e-06,2.19858988739855e-06,2.5006543200402e-09,3.12885161908292e-05,-4.2706915597722e-06,-4.79134021076936e-07,-2.29759821458682e-06,-2.71068993465179e-07,1.77468897131361e-06,-2.14528941676081e-05,-9.40328263834693e-05,-0.000924143911423678,9.40189679405794e-07,-0.012890379195133,7.18457670081935e-06,-3.85591246060617e-06,1.0059828842982e-06,-0.00112455435873562,-2.86400584872982e-06,3.68167934428698e-05,-1.8675283170355e-08,-1.98635787701527e-07,1.87076355214711e-06,-6.24919157718039e-07,1.22455422239843e-06,-4.13876936926324e-07,1.74645673516099e-06,-3.02294646394585e-05,4.53865061002054e-05,-0.00905218713769927,1.98681391536447e-08,-2.25825264735026e-06,1.05404063989844e-05,-0.00018176627031539,-0.000688280587075624,-1.37340996592815e-06,-1.4012500557666e-05,1.49178352532797e-06,-2.05559065444605e-05,5.48017040861701e-05,0.00191393496462998,1.4537858756048e-05,0.000261615560561382,6.76187192239217e-06,-7.49210096932958e-05,-3.88952853917851e-07,-0.000783637708946674,1.69481052367836e-05,1.60133254422236e-05,-0.000208572467669532,0.000744261439978722,-1.1543182269368e-05,-1.15524189783988e-07,-0.0002217268135543,3.5337478404727e-05,1.1446353226762e-08,2.08403121814879e-07,4.63507233844966e-07,-8.05177489187984e-07,-4.30554804118283e-08,0.000180552163073031,5.22629939007087e-08,1.66011032247524e-07,2.19617288930355e-08,-6.51586868657766e-07,-4.01613152536408e-08,-6.56229678941555e-08,1.08239722807588e-06,-1.50674983851906e-06,-8.08637335066087e-07,-2.70102841914234e-07,-1.37912924962243e-06,2.02954558197509e-07,-1.46025062619972e-06,-2.15217947928966e-06,1.46987145778819e-06,-1.01889000323049e-06,1.6583931993715e-05,2.84028310434348e-07,1.41280658302645e-05,1.42542509244351e-06,-2.4573549486234e-06,-4.32814682946197e-07,5.13271647979274e-08,1.71326104079894e-06,3.29767297053907e-07,4.83999110587175e-05,2.92250879642684e-08,-1.11864600061436e-06,-1.05430528311146e-05,-5.15508787022521e-06,2.05391299072073e-05,5.39762258562772e-06,-1.11252917515459e-06,-4.35804066946948e-09,-1.29488411358944e-07,-3.46826408176524e-08,-5.95059592103796e-05,1.51810327138384e-05,6.83350350049921e-05,-6.77575351677716e-06,-2.56756805403764e-06,1.08407297185682e-05,0.0150480353844446,-1.51413987880786e-09,-1.62950060587988e-08,-1.51023105265906e-06,-3.09458412799642e-06,-2.09268932277671e-07,2.26465262565812e-06,1.22919457136997e-06,1.23419853360585e-06,1.86927855610974e-05,-3.99609309292789e-08,-6.99523600650712e-07,-1.2001745895997e-05,-5.12781006034821e-06,8.18374339850706e-06,3.80944537835317e-06,-6.82222175518658e-05,-4.45282900941378e-08,-0.000345133026042153,5.10287885354429e-06,-2.84226907520062e-05,-5.30360224780762e-05,-3.06724826763727e-07,-2.46723498810808e-06,9.63006450063883e-07,6.70751976690014e-07,-3.53198095709802e-05,-0.198788266454104,0.000224122448140189,-5.02809343568922e-05,-9.26954480383425e-06,-3.35288868438629e-05,0.00180780668700326,3.76398671909238e-06,0.000463613634800361,1.26444134105469e-06,2.22825897752071e-05,1.6186038818646e-05,-3.89695877593184e-06,-7.9217069427435e-07,-5.45983293599279e-06,-0.000313589456196131,5.34746921388318e-07,1.46110040610015e-07,0.0125650759404879,-1.15919100883496e-16,-1.21520434203847e-07,1.1105254731832e-06,8.25448642337067e-08,4.09740481138565e-07,0.000787879546513022,3.69618606137191e-07,1.00579287984312e-06,-2.73998410383048e-07,5.21092640808045e-08,-3.39417991088873e-09,6.60954556985912e-08,-7.24745732359644e-06,1.83479281751264e-08,-1.93158169657018e-06,1.34819757602159e-06,-3.84044055062876e-09,1.99645341098373e-10,-7.49477386259803e-09,3.06490217829177e-09,-4.38590400747085e-08,-3.45201745299642e-09,-1.06398934309104e-08,5.22910515299817e-08,-1.16013113338233e-07,1.55139111158342e-06,-1.12541350362776e-07,1.46436752668777e-07,-5.07793748604215e-08,1.49199212834931e-09,6.18625241829671e-06,-1.00572289464192e-07,1.05770779401186e-07,3.59028911559565e-09,-1.05077035254176e-07,1.07932687835936e-07,-2.52660854101421e-07,4.36802489685483e-07,-9.11683542944221e-07,8.73252627356054e-07,-8.03142789383083e-08,0.00195604753143141,6.95972004938922e-08,-6.04786425338731e-07,-3.49013947549851e-15,-5.29088236052145e-06,-2.04150951663046e-07,-3.21791553431198e-11,-6.99869491861358e-07,0.32673957253271,2.33528371298742e-06,2.70899047842192e-07,-5.85068240259423e-09,2.55180762948812e-07,-1.4944261576491e-05,-2.64461581733447e-07,1.2066937100461e-08,-1.65847918673763e-06,1.89675581036874e-06,-4.35483374847214e-07,3.83152155192259e-07,-3.86909954085374e-08,-1.54748754360427e-08,-1.0132576560327e-09,-1.4799516471681e-07,-1.36399545338651e-07,7.12432664444426e-10,-7.813316833936e-06,3.55308983133112e-08,-1.35839931761017e-07,1.97036667929182e-05,1.15803969952162e-07,6.21472791562587e-08,-2.02510835550422e-08,-4.19920423537753e-06,1.51384353057406e-08,-7.36130841516312e-08,2.12988487829671e-08,2.05085344194805e-07,-4.25660094193617e-07,8.47345463410087e-17,1.71191319421118e-09,9.25713456546544e-08,-8.77214108849018e-09,5.12398897084634e-07,5.70999246222718e-09,1.35339871884284e-07,3.2050031355872e-07,-4.27713633530572e-07,5.12779791138734e-05,4.80834851740008e-17,-1.40038705606285e-06,-1.13894294462378e-09,-4.96390275037277e-08,2.07402181845377e-08,0.000245644471028866,-2.40185528396459e-08,-9.79033105373226e-07,2.66953611991906e-07,-1.15464443164674e-07,1.78509890791733e-06,-2.44516050470438e-08,-6.7130991575611e-07,-3.14165420493561e-09,-4.488381440978e-10,-6.77989279745093e-07,3.60357409734689e-08,-7.42771312065863e-07,-2.72138555768943e-16,-1.97301899445929e-07,1.55889228567049e-08,4.49292892843242e-10,4.02094616240216e-09,-1.48761037027984e-06,-3.14759831466494e-06,1.41715241732039e-07,-5.15933106654654e-07,-8.24207255715697e-06,-1.52744078784638e-16,-5.30722119280248e-07,-1.84724621165315e-08,-6.73864565676419e-07,3.07777239020659e-14,2.06612739845982e-06,1.62196657503147e-07,-2.48084085526557e-08,-1.0478420344728e-06,-3.49464932864264e-07,-1.86705863830217e-07,-5.93507423495213e-07,1.88371170202615e-07,1.33384612916908e-07,7.41408384608525e-09,4.15147294948257e-07,5.29318376688495e-08,-6.24449229056645e-17,-2.2914459527469e-08,0.00010432226448179,3.23304017748313e-07,-5.03859443080751e-07,-1.34936314779182e-17,-4.41961270957609e-08,8.30593262795477e-09,-2.28129142782018e-07,-1.36214155097052e-08,-5.16382633778309e-07,4.88250654601172e-08,-6.5505871553267e-07,1.04952519341144e-06,-4.23143190713063e-17,3.89115935291616e-06,-6.56561269610141e-08,1.85463830533846e-07,4.87061017789049e-06,-4.01197506651048e-08,-3.32827774010348e-09,2.41077901410281e-17,6.22266885235629e-17,-3.23861696172893e-09,-3.6901237960241e-08,4.87025366320448e-09,-5.58215913027353e-07,2.70827737935264e-15,-2.69081884358386e-07,-3.19977981454768e-09,7.09933395354512e-17,-3.46833558379305e-17,-2.16313423174848e-17,6.93429769433294e-07,1.82566210627449e-07,-2.01653145772004e-07,1.84125886291993e-06,2.44466979884962e-05,1.63030638109216e-07,-7.08286238342042e-08,2.2461407641905e-17,-1.58225748564758e-08,4.47426956110777e-08,5.16283709287098e-17,1.42424805800301e-16,-2.88818440691155e-08,-1.75691206562953e-10,-1.73799372039935e-08,1.06651940162394e-06,1.75267854173165e-08,-7.37390794943742e-08,3.87251676714811e-16,-6.7535853962885e-06,1.41324495392415e-17,-8.57669130597567e-07,-9.41751048241597e-16,-2.02330438485013e-08,-1.14697084871936e-16,8.47333435747842e-08,2.24245509899071e-08,1.39094665581667e-07,0.000702617634800791,1.39510298615157e-09,-5.4495672823452e-09,3.79367114104094e-08,1.42010166196994e-08,7.67294813034569e-07,7.14916646079303e-08,1.46282827550358e-08,-4.1911219980016e-08,-8.13809542272613e-07,-6.66393127992584e-08,-2.05803365273719e-08,-5.72709790073037e-17,1.95261367967783e-07,-3.4085307982348e-08,1.82693378584999e-08,-6.17731317511457e-17,3.6164103477557e-08,2.66703065903707e-05,3.17302950409653e-07,5.37945137956984e-17,-7.73454331943066e-08,-4.66889074923793e-07,2.40243758762756e-17,-5.56470799202653e-08,1.29878769261539e-07,2.21513523651605e-16,-2.29279631066916e-16,-4.85760363142114e-09,-2.91363087908716e-07,-1.67454690919026e-09,-2.34890990757465e-06,7.87568510685739e-05,1.59405236283047e-08,1.7712124403414e-07,1.54304082805094e-07,-6.39017814183203e-06,-1.26451914202623e-15,7.38564546917081e-10,5.69432607408844e-09,1.58272785750624e-08,1.49356129310286e-06,2.231069060119e-16,2.73233374485075e-17,4.96883587192319e-07,1.2379869664671e-16,-7.34325108276314e-17,2.28060154616103e-07,-3.40436680181881e-07,-6.37567510647841e-08,-3.90581406312378e-08,1.69564095508355e-06,4.4339299560721e-07,1.38257815623e-07,-8.8729106178533e-17,3.43211008618447e-07,1.63129100228622e-08,7.53012915789807e-08,-7.01062946537769e-08,2.94595413914411e-07,-3.10243376696125e-16,-7.66577837958957e-16,5.17182679058444e-17,-3.21123630048949e-07,-1.75440203992419e-08,-0.00047599626423276,1.12621855346685e-16,-1.14198578194451e-08,1.69143424364504e-15,-7.81408608628705e-17,2.59737811615543e-06,-1.7267589997087e-05,2.27421997425456e-16,-1.74023730682993e-06,-8.64592990284272e-08,2.3098152465617e-15,2.31270503788519e-07,4.19674315774319e-15,1.18879364371634e-06,3.04532768148365e-17,1.22075520115825e-06,9.7251102241176e-07,3.61747267311555e-08,3.93984664250315e-07,2.97700912458757e-06,-2.21333706022929e-07,0.205547469677601,3.0087433049763e-16,-2.85250013973438e-06,1.44341197378457e-07,4.2541653234165e-15,1.66757098431019e-08,2.76048476922043e-07,-5.45538426494796e-08,1.28923751043493e-15,-1.12666802999864e-07,-1.38479766008705e-07,-1.28108253091144e-16,5.62619442538867e-06,7.4026177381049e-07,2.97555745703423e-09,-5.33808815725352e-17,3.15863519828213e-16,-3.85302134012351e-08,-1.15631939594392e-07,-9.12435646586264e-09,8.04938805461291e-09,-3.76847300669749e-08,-5.50539727597701e-17,1.32072721400972e-16,-1.30490569504367e-07,-8.93461255408393e-10,1.29867497398822e-16,-2.86566310008298e-07,-6.26841379941152e-17,-1.22573472006069e-08,4.46717868670256e-08,2.58802340304899e-08,1.65921838224859e-07,-1.54267736865021e-16,-1.17134180266076e-16,1.78458756754414e-16,1.24166042309596e-16,8.80597696111054e-10,2.97440149281364e-09,-1.2782395270119e-16,-9.91901125127004e-17,-1.38309073955934e-16,-3.79579460794021e-09,-3.26595721703598e-11,1.59207883895701e-09,-6.69058954490356e-17,8.17281587257559e-16,5.8259271135238e-16,4.25199145639475e-08,-1.27704254005983e-09,1.67707944981235e-16,-1.78321499348516e-10,4.20920340298089e-09,2.13942512546916e-17,-3.53421921675664e-17,2.44372651744956e-08,2.20296433926249e-11,9.674387067825e-09,2.79988633131314e-16,-6.38261782347098e-10,-8.65382135181858e-07,2.11461116402992e-05,-1.00380491500621e-09,-5.53505288978774e-10,1.80999230673306e-11,-2.38340062937216e-17,-2.75011680747636e-17,7.71297641736236e-17,1.21849651689649e-09,-1.1142859107874e-09,-5.02884958839585e-09,-4.843994946609e-10,1.25122927857835e-16,-9.51377503012802e-17,-7.42183180263226e-17,-8.45794593509908e-17,-3.73276622127145e-16,2.88144427194144e-09,-1.02636848856057e-16,-8.45819968856551e-17,-5.53321191344705e-09,-1.27122816974306e-16,-4.97045223281478e-09,2.53703308361608e-17,-6.19821844486308e-09,4.15871127993236e-17,-8.31802182981763e-09,-1.06415061987263e-09,-9.05960651416044e-09,3.4343159212295e-17,3.66074243171292e-08,-4.68654695916738e-17,1.44342636073382e-06,-9.64036442939725e-09,5.35243361679806e-11,-1.80502714311575e-16,8.89053536647378e-08,5.6527240422864e-17,-5.88149981219203e-07,-1.16546336580037e-08,6.22437243863508e-18,4.85566801800767e-17,1.52474932482154e-16,3.71877756329503e-17,-4.47061939072004e-10,-5.8689557382071e-09,-1.32262271771673e-09,1.38406148211025e-16,4.17480787184796e-17,-1.31819264350229e-09,1.07714844782165e-08,1.73890177334438e-16,1.07738304733934e-16,-6.58577725287643e-09,6.46510321223714e-17,-4.70944693198167e-08,-2.02438201666435e-16,4.12571654594001e-08,2.23713872566191e-16,4.17331974050193e-16,-2.74371139285011e-17,4.43975142216452e-16,-2.69455110647369e-17,-5.21296477039577e-16,8.31667357095406e-10,-5.82030433237964e-09,-4.71121732692044e-17,-3.97025402085297e-09,1.91490698117136e-05,5.33868727302898e-16,7.9128431104551e-17,1.92719303445364e-16,-1.98608005748929e-17,1.65283488618862e-08,2.65930242643617e-09,-2.5470837784274e-16,4.29863671409902e-17,-3.53808281386798e-06,-9.77375749415367e-09,-1.48823835177812e-10,-1.48125783545415e-16,2.90607151510179e-17,4.22684790067796e-17,-1.07201305967716e-16,-1.35056959783619e-16,5.43838289414474e-17,6.65059631775319e-08,-6.308638556782e-08,-1.21649414082228e-08,7.99289863888539e-17,2.73837942090835e-16,1.08434742869671e-16,-9.20339026944459e-17,-4.4692792556002e-17,8.26296403311933e-17,9.74829488988979e-17,-6.2619621314395e-18,9.20335765824181e-17,3.86702036490372e-17,-5.9652980766605e-17,-6.87532612222504e-17,5.42962121795123e-17,-1.41747959242072e-17,6.29048762970445e-10,-5.28567984237368e-17,3.60904721049545e-16,1.24669505937117e-17,8.94182010052264e-09,-1.18947871017553e-09,7.78148832019438e-17,-2.31123623632692e-10,8.22297886304238e-09,-1.22908026137522e-16,-2.89254661899702e-17,-1.59422444600808e-08,1.10253315617283e-17,2.04771855902193e-10,4.61832200240961e-17,4.34457419573159e-17,8.25765997164842e-17,4.49918347656852e-16,2.22692676252413e-09,-2.77421854753203e-08,-2.57390317755143e-17,1.52481770436888e-16,-4.71904546118962e-18,-9.66321607696198e-16,1.97352254232451e-17,2.5724917231977e-16,1.06349488289144e-16,6.83425675183935e-17,3.37728545797675e-10,-4.55332593548328e-17,-6.64938422191587e-18,1.86053289387144e-17,2.34434351286818e-16,-1.1544530148347e-18,1.75668839219839e-17,-1.17496801332805e-07,6.18925548627305e-17,-5.86505600412427e-17,4.96233256495373e-09,4.77299071378714e-17,2.45979478565981e-16,1.04232832419835e-16,-9.35961175230989e-17,4.11295285752491e-09,-5.18792210597384e-17,-3.33900606135961e-08,-1.04007279603097e-16,1.84740609271698e-17,9.62674456867091e-17,7.31937878397572e-15,8.49311044831073e-17,5.70608361991348e-17,1.20147534637006e-09,7.68401040558314e-16,2.97627394055497e-17,6.13526323684438e-10,-1.49394876859548e-07,-1.50950895841146e-16,1.66927677756665e-07,1.52528066413314e-08,-1.5603862624596e-16,-5.46954850779301e-16,-1.71697076526821e-16,-5.88926840988962e-17,7.37196541488947e-17,-2.50746178522589e-08,-1.07586271857439e-16,3.56607942817938e-16,-5.5014756278536e-17,9.97456660271194e-09,-1.07912392206802e-16,-2.13947096839241e-16,4.0612709471083e-16,2.15187184799181e-17,-4.50559587729023e-09,6.12747386450833e-17,1.22823037639044e-10,4.60491409488634e-17,-2.35099489685626e-16,1.89619860476431e-16,-1.41413765040541e-16,5.38212107062951e-17,-7.99462424339587e-17,3.12991482488003e-17,-2.10649066866136e-09,-3.13782443727598e-16,-1.03540481713726e-16,8.8407335229484e-10,-1.92583975371544e-16,2.70426678239578e-16,1.11147796967349e-16,2.14346398074556e-17,-7.4075471722624e-17,-9.13205572446055e-16,-6.42093412333848e-09,2.75683511896016e-16,6.59708208467258e-16,1.92611366238955e-09,3.78803456945412e-16,4.62585896965578e-17,-4.42256581388673e-16,-1.66869104683065e-16,-4.19505916019089e-16,2.99604551933228e-16,-1.46073786188109e-16,2.88568946457818e-16,-7.32777902773911e-16,1.06331392578192e-15,-4.63261171961121e-16,-1.18290984791739e-09,4.16282040571174e-09,2.81371188092359e-16,3.49428834773485e-16,-2.45326288825523e-16,-1.79041367442073e-15,4.92044722529107e-15,4.80044748799506e-15,-1.76731150985558e-15,-8.57884768923522e-15,-0.139835654222181,-1.26899026648053e-15,-4.28494932664368e-16,8.6362387226127e-16,1.26002285954404e-15,7.72870948065708e-12,-1.41684982579884e-15,-1.56029495177155e-11,-5.65246220147951e-17,-1.71596145776949e-15,-3.16776896961685e-15,9.18434682934445e-16,1.26967807038571e-15,-7.89125883940102e-15,0.152336783498356,-6.15861587604041e-15,3.66531440448887e-15,-1.24985844206213e-15,-3.47930254421158e-15,-1.50305831173993e-16,1.56581079396061e-15,1.18068126819251e-16,-1.87612856301734e-15,-5.64071370252011e-16,-2.33227601576701e-17,-9.355860855031e-16,1.13036508556005e-16,-1.68139892613081e-16,-1.72714056041192e-15,4.80147705535647e-16,7.37801996533981e-17,3.13773838562939e-16,3.46594902751504e-16,1.47346018398769e-11,-8.73968125642419e-16,1.68502821997609e-15,-8.53728094186436e-17,1.17635736097284e-15,4.02025140861876e-16,2.52661797013067e-16,-3.93525719293646e-16,-1.37399960271845e-16,1.26322443859292e-16,-1.44423867302205e-16,-1.40276010162645e-15,2.48673648839163e-16,2.53741098731357e-16,1.29364840725288e-16,-4.85440210448895e-16,7.16154923660481e-16,1.24007012713618e-16,1.61325718853915e-09,1.25795676616874e-16,2.84950218249086e-16,9.65000940042538e-17,-4.33158077737691e-16,4.8827504367954e-16,3.53860501006605e-16,4.65922332445315e-16,7.33192119486171e-16,2.65415809065765e-16,-1.76502277788502e-09,7.98110763576051e-16,2.13787342684207e-16,3.26877346374074e-16,5.47188139792502e-18,6.89894393610616e-17,1.49798134679467e-16,5.83185542421384e-17,-9.19410929534971e-16,-1.36078529042182e-16,-1.55835969288101e-16,-2.40637512942324e-17,3.85736497896511e-16,4.40785884254692e-16,-1.50241928356034e-08,-2.01011464816031e-16,5.62829947528508e-16,2.80508033956848e-16,-5.26985327702532e-16,7.15016790356846e-09,5.06953317732183e-16,-1.52549313027478e-16,-2.31213510852837e-16,6.49251861177226e-16,2.17412674183029e-16,-2.43868197426606e-16,-8.9088518936785e-16,1.21117495522488e-15,1.31410747106753e-15,6.94939884155417e-16,-1.92610450098041e-15,-6.55456993668906e-16,3.22699700646588e-16,-4.26132264526673e-16,-7.33771077412719e-16,3.86544505313554e-16,-3.34761926680153e-15
"t819",0.0235195867412625,-0.00183859388185678,-0.0016039343293327,-0.000213019739888444,-0.00575135376659537,0.036650683855079,0.00594477915043915,2.96136711110543e-05,0.00135042388815828,0.00683137630207143,0.0048664980161097,-0.0102961562859427,0.0235590055682967,0.00540189252074938,0.189430835325393,-0.00720431808636742,-0.00693633115524035,0.00194811768079467,-0.128816465949894,0.0147662735201418,-0.00147363926152989,0.000248778886193024,-0.00530952796173206,0.000845166403321184,-0.000145127431295429,0.00586529023354149,-0.00387571119172989,0.000415021289851794,-0.00335809438379029,0.0107019930685073,0.00029178744636555,-0.0108791615457328,-0.00055384709690742,0.00476479776441263,-0.000476840820878496,-0.000415868216081309,-7.39123900973782e-05,0.000173815551306426,0.000809664114800673,0.000201698711873665,0.00059465095559148,-0.00103638690632267,4.81262175326419e-05,-0.000817494687165567,0.00017679404744736,-3.39449718064994e-05,6.11274255667782e-06,-8.9273133627089e-05,0.00116847322639019,-0.00210865430823406,0.00010890298579084,-9.39069600978563e-05,1.77216456064826e-06,-3.25705951079746e-05,0.000209549379380054,-0.00312208685342461,6.38118743496221e-05,-0.000463683868303802,0.00171861809752378,-1.47217370714669e-05,-1.3157210803311e-05,0.000178931131007462,-0.000394178309458175,0.000292858631203333,-0.000237617335719523,5.78613089427035e-05,-3.28487688428655e-05,0.0017253671092047,-0.000269782338040497,0.00190383603674891,-1.17944715457309e-05,3.74612919711104e-05,-0.000199373854375367,-9.35852659431808e-05,3.97652769858708e-05,3.83593864252612e-06,-0.000365072287010541,5.91813629018299e-05,-0.00309738279083323,-0.00655207584658454,0.000720939907844546,0.0943095455766258,0.00223739190520803,0.000611358793387981,-0.00017293438774425,-0.000383752321783875,4.79939350386428e-05,8.24660325105233e-05,1.61603270872176e-06,-6.06188681244929e-05,0.000139135656819466,-1.82202020463275e-07,-0.000180150526967923,7.5856136196814e-05,2.29480658910532e-06,9.21301365777894e-06,1.07794505277587e-06,-4.43930057621564e-06,4.46627643432503e-05,8.28234332857262e-05,1.82679967344271e-05,-7.97911241676525e-08,2.31003303108131e-05,1.71157184671716e-06,-9.19645758013707e-07,2.16566882749712e-07,-8.91936965226833e-05,4.95303605471359e-09,-9.55693614966334e-06,3.71440601130971e-08,1.26952705258329e-06,2.86223197532554e-06,-8.98844636636653e-07,1.14363838008546e-06,-3.70531758990998e-07,1.41133027369781e-06,-2.30235158562467e-05,2.5778006384334e-05,-3.52371880354887e-05,9.413665430953e-06,-5.31102635782174e-06,1.02169189849855e-05,-6.47126224123702e-05,-0.000189707989443555,5.42404984164649e-07,-1.26771058360661e-05,1.30525659894583e-06,-1.35336800075288e-05,9.50531101862866e-06,0.000320873449146537,1.81545099070377e-06,-7.0528593480592e-05,-2.40359695204645e-06,3.13388445910967e-05,1.98360439723346e-07,-8.45549195870081e-05,-2.86366557504045e-05,-3.20719886409966e-05,-0.00874106862801922,0.0384246348212701,-0.00334661720200619,-0.00334854447422773,0.11910729760539,0.00712870422414854,-5.11529646637199e-05,4.34869383267911e-05,2.0435369282863e-05,-2.71522589157977e-05,-1.49439560144384e-06,6.45500581650716e-06,3.09169893733336e-06,1.04570131220573e-05,1.69685040163034e-06,-7.25855249465788e-05,6.85313662233852e-07,8.64572200348395e-07,-1.20856432595469e-05,1.13439387798952e-06,2.68901986686272e-07,7.64390139188207e-08,8.34090122994119e-08,-4.81825551645347e-09,-2.27454346437095e-07,-3.71666896776056e-07,4.11800102031038e-07,-3.5352703285889e-07,6.96076304660705e-06,1.19330482246738e-07,5.93693546508876e-06,5.99687570453977e-07,-1.03074996332835e-06,-1.81403515695185e-07,2.11056119598794e-08,6.98172035837414e-07,1.30971202858485e-07,4.74228230460693e-07,1.15832312504968e-08,-4.06758630574305e-07,-3.41677816363654e-06,-1.63232091882768e-06,6.35488446674444e-06,1.5503119635099e-06,-3.09714483020473e-07,-1.17491311084054e-09,-3.38201150813823e-08,-8.05192212057169e-09,-1.33765270550422e-05,2.412326490966e-06,1.07057461026666e-05,-9.07078899769486e-07,-1.79924512817952e-07,1.88130263029801e-07,9.34507769390112e-07,3.14032933681481e-11,-3.47637339824454e-10,1.93189880082047e-07,4.34600171420592e-07,3.51636473788245e-08,-4.12378910741665e-07,-3.57300331393312e-07,-3.64970552268319e-07,-6.36433838389683e-06,1.53151069004068e-08,3.35032740897874e-07,5.75311379297218e-06,2.50004378057385e-06,-4.18827876393887e-06,-2.0107201025726e-06,3.86693667565246e-05,2.69935597278249e-08,0.000217006348575734,-3.23377943919825e-06,1.8227294621761e-05,3.35434023564491e-05,1.93874112738744e-07,1.52128664267276e-06,-5.1270641481611e-07,-3.39746442520044e-07,1.0086055166956e-05,0.000105829560891896,3.16068968230751e-05,-6.16969457175566e-05,-1.60402514918311e-05,-8.49517991921592e-05,0.00165880752908172,0.000194282177457071,0.0388864691621433,-8.97989483979753e-06,-0.000105505782240884,-5.6921529067589e-05,1.21828415149634e-05,2.18953021658991e-06,1.30413874656894e-05,3.55428867608574e-05,-8.4075957744063e-07,-1.37616777156935e-07,-8.39962176562452e-05,4.13986343441511e-17,-3.51142243620169e-07,4.69363570639197e-06,-4.98668199823941e-07,-1.65526239650176e-07,2.97928660396767e-05,-2.64125004472344e-07,0.20340193371687,2.59829733617428e-05,-3.45955969075259e-06,9.99389470693816e-08,-1.48033756554359e-06,0.000118665029366764,-2.72099703178098e-07,2.76217751232239e-05,-1.63027945469195e-05,2.65670810598238e-08,-9.84565106655065e-10,1.92399256662401e-08,3.51567693441462e-08,-6.11754198566999e-07,-2.98705246209606e-06,7.25358348149077e-07,-1.86651815687959e-06,3.74264384679899e-06,-4.60730113573671e-05,3.05999313363689e-06,-3.62389374858935e-06,1.24567439391499e-06,-3.19711963821783e-08,-0.00013227088882626,2.14513841856958e-06,-2.20259697048455e-06,-7.41525530695404e-08,2.11792994031772e-06,-2.16612535261806e-06,4.28942000925307e-06,-7.17271167477875e-06,1.44987790435514e-05,-1.251581009303e-05,9.98453079902501e-07,-0.000385828427019176,1.0755113848934e-06,-5.20208882883407e-05,-1.56842405325083e-15,0.000156082125433796,5.49674651051151e-06,6.75544602726813e-10,7.52462059761248e-06,-2.340247982024e-05,0.00151877122509369,3.10386408664997e-06,-5.06839683839617e-06,0.0010109864986127,-0.558592771968562,9.14115241200533e-05,-1.94114467463186e-06,0.000259039929031055,-0.000292240981841585,6.61334336666934e-05,-7.26797149847724e-05,9.02536244893838e-06,3.66289843119161e-06,2.40897797045048e-07,0.000117895951385831,-5.29283666189966e-05,2.28883575378714e-07,-0.000113335102637663,7.82427319849843e-06,-2.81041676802922e-05,3.06409184890669e-05,1.68548622265708e-05,8.35694145741008e-06,-2.63207514108821e-06,-2.72936662580723e-05,1.65106901003481e-06,-7.45110097031085e-06,2.09119170570992e-06,1.91682358984114e-05,-3.61297437990504e-05,-1.15517594917064e-16,9.46652926823982e-08,4.94619067024624e-06,-4.44949503812377e-07,2.59490426747943e-05,2.88679082411676e-07,6.75053742674539e-06,1.55523108800988e-05,-1.99260660136465e-05,0.000135230452330894,3.6623678157092e-16,-6.19175367731265e-05,-4.96050743930108e-08,-2.09146401744193e-06,8.70126473551454e-07,2.52474413886918e-05,-1.04149609994354e-06,-3.95749938670458e-05,1.05144961459046e-05,-4.368716699058e-06,6.58256999644671e-05,-8.91129464341469e-07,-2.43434628763042e-05,-1.13639465433804e-07,-1.61824271494554e-08,-2.44378044812445e-05,1.29731594591585e-06,-2.67309832159819e-05,-7.39970659036641e-16,-7.22120599211578e-06,5.75603320639869e-07,1.65912548409347e-08,1.54417020844067e-07,-5.75957702828322e-05,-0.000145690906185319,7.22204930895777e-06,-2.69050092886629e-05,-2.72772613729334e-05,6.36159822411783e-17,-3.64859007197029e-05,-1.37818844644504e-06,-8.27083972520703e-05,6.10379668227797e-14,0.216120377246011,-6.64716035583162e-05,6.50845760201549e-06,0.000151971746372007,2.69599008564743e-05,1.01200915438138e-05,2.53094401388037e-05,-4.32393026871808e-06,-2.85755713894786e-06,-1.06617491460797e-07,-2.75267978204372e-06,-3.35295923385888e-07,1.1105534075064e-15,-2.53570123860567e-08,2.58061183537049e-06,1.21248469813674e-06,-2.74811284521689e-06,-7.43185502962167e-16,-3.45549157052885e-07,7.70564835579348e-08,-2.21336478876686e-06,-1.34394636086094e-07,-5.1842457322846e-06,5.03045938480965e-07,-6.94813878009614e-06,1.1491634125634e-05,-1.16267344252925e-15,4.27549664230238e-05,-7.21174140934595e-07,2.0352527930437e-06,5.33533169473382e-05,-4.39406756199783e-07,-3.64301524904139e-08,4.4728087294844e-14,4.04898488759458e-14,-3.52983553569407e-08,-4.0036884868055e-07,5.28085322598244e-08,-6.02437482882946e-06,-0.68343024434539,-2.87002230325997e-06,-3.39325312808048e-08,-5.84928935089477e-14,2.52425061166236e-15,-2.80803092560524e-15,7.20776621548227e-06,1.89231121242025e-06,-2.06722529129272e-06,1.8162684594971e-05,1.46473165581399e-05,1.65423867278265e-06,-7.17660956667048e-07,9.90979208323206e-16,-1.57026435655321e-07,4.40935709897653e-07,-5.36278109344812e-16,-1.01744572867614e-15,-2.76579572518012e-07,-1.66996880843133e-09,-1.63466149887608e-07,9.95548776180211e-06,1.60928279111979e-07,-6.74816705418321e-07,-6.29386451061339e-16,-3.66166615151627e-06,2.84266249135028e-16,-7.72350222693672e-06,-3.72117532095891e-16,-1.80002948249564e-07,-6.78086265136072e-16,7.38848434969516e-07,1.94544092113975e-07,9.05629805002891e-07,1.9188972484804e-05,5.24671994157162e-07,-6.03490922541203e-08,3.82787331708343e-07,1.33833479852124e-07,7.22862953856281e-06,6.66217975693186e-07,1.34189241615938e-07,-3.78254141644692e-07,-7.26219909219535e-06,-5.89987098194062e-07,-1.81544384417398e-07,-6.35593516077197e-17,1.70456701136012e-06,-2.9487603140103e-07,1.5471803764959e-07,4.26117845867331e-16,3.04561197407394e-07,1.34281883824692e-05,2.68069586195369e-06,-1.15140159754897e-16,-6.51511223785345e-07,-3.9182994221169e-06,3.63490268067463e-16,-4.66993614550434e-07,1.11397432056966e-06,-7.77262759543943e-17,-1.80719576557735e-16,-4.27122493784295e-08,-2.56949792782142e-06,-1.50034997253671e-08,-2.15464283353871e-05,1.03167858444095e-05,1.70990613631577e-07,1.87556540504665e-06,2.33687997364326e-06,-0.0315207385658036,-1.84345604338578e-14,-1.33001876418274e-08,-8.25541770414044e-08,-1.20089251999192e-07,-5.56585034059036e-06,-2.82579362396375e-15,-1.59484696870745e-16,-5.34961390981342e-07,-2.6510462262384e-16,-7.11246810612343e-16,6.54552234457566e-07,-1.03401686834628e-06,-1.93840107043032e-07,-1.27415840988359e-07,5.56406292529469e-06,1.45664574348085e-06,4.57330230709243e-07,6.04571127554725e-17,1.15883716539499e-06,5.48448834621032e-08,2.52683682947046e-07,-2.32239482756199e-07,9.40790131002331e-07,-4.56222830155803e-17,-1.99092333299423e-16,5.05122244308634e-16,-9.40745983335653e-07,-4.08943106615701e-08,-4.26743693987211e-06,1.22683940662995e-16,-3.15716228562788e-08,-7.02591569595234e-16,7.58212694992447e-16,5.27833628994763e-06,-2.1282000251762e-06,-1.65700145928868e-16,-3.18786574455031e-06,-1.47927196178473e-07,1.03817149202675e-15,3.3559182217761e-07,1.08750838430598e-15,1.3243103356065e-06,-3.44793522121306e-16,1.32127523217053e-06,1.02858231615135e-06,3.72452608263373e-08,3.90121857966382e-07,2.68002311955424e-06,-1.20672241885517e-07,5.97659393237879e-06,-2.06098605356591e-16,2.20741969057777e-06,-1.24670654288008e-07,-6.17206756902503e-16,-1.64395140982648e-08,-3.35676984277071e-07,7.81745305131972e-08,-4.92879519736267e-17,2.57701941934218e-07,3.5076464086299e-07,-2.15278107758978e-16,-0.000899892218968135,-1.72283982013112e-06,-9.13645426531789e-09,-2.43497260755174e-16,-2.52214040890237e-17,1.66637672165625e-07,5.67926353536643e-07,4.59612276042212e-08,-6.67028542581793e-08,3.3723752006616e-07,2.3489129449436e-16,-1.37933242451978e-16,1.23104841820624e-06,8.48540658642628e-09,-7.53699677434259e-16,2.9743109770838e-06,-3.70969667234573e-17,1.3862478631144e-07,-5.6873587508173e-07,-3.32293273671739e-07,-2.20261989662315e-06,-2.83504635825293e-16,-2.65344617244844e-16,-1.00085826815781e-16,1.90302374831215e-16,-1.59288938194096e-08,-5.52450639532114e-08,2.49700138923172e-16,-1.51446994387678e-16,1.83055609330663e-16,7.77214294315652e-08,6.98295861371122e-10,-3.84249461559344e-08,3.99964387580352e-17,-1.81471181509902e-16,2.46506151019633e-16,-1.64439042371985e-06,5.03141291013549e-08,3.05460009502287e-16,8.81847830056564e-09,-2.30585795769521e-07,2.74663878747305e-16,1.73739142884504e-16,-1.7642422613272e-06,-1.63039931893266e-09,-8.73275411332351e-07,8.60504423281844e-17,8.85599515071773e-08,2.29287471886423e-06,2.45763601424273e-06,-1.39349233313333e-06,-3.38474889766395e-07,5.5060110376464e-09,2.72997182075702e-16,6.89098889608791e-16,8.78310840645121e-16,1.04263592348326e-07,-9.43959793257468e-08,-3.93773081964492e-07,-2.79008460846472e-08,9.71872039924038e-16,5.34245153461667e-19,3.08836282716018e-16,-1.98851855042233e-16,-1.3241621549657e-16,1.32765650621219e-07,4.61344803964037e-17,2.65451263354523e-17,-2.37582454516673e-07,-3.82077386718764e-16,-2.12661431666086e-07,6.36426675248991e-17,-2.63620352139639e-07,2.5107239777544e-17,-3.18521350789425e-07,-3.98406331706312e-08,-3.28198639468616e-07,1.61411653827594e-16,1.27648877587795e-06,7.77831990159563e-18,2.8986116207776e-06,-2.86457056589704e-07,1.58503788019032e-09,2.75692616468617e-16,2.55337945887728e-06,4.20249544158589e-16,-1.00424816643478e-06,-3.19601247331907e-07,4.32800973532206e-16,1.03200469673346e-16,3.55993683886009e-16,1.17527156614126e-16,-1.1842325356176e-08,-1.54134220014211e-07,-3.43975011285313e-08,-6.52666558543576e-17,-1.60455626450067e-16,-3.28041286430038e-08,2.67557314871127e-07,6.50664222953546e-18,2.84134292136914e-16,-1.55730806554421e-07,2.87639402131003e-17,-1.10273401588966e-06,-5.26860738977797e-17,9.40031296288967e-07,7.80735019335874e-17,5.92950699558357e-16,-1.32496304442347e-16,-8.35772627506345e-16,4.40697312330637e-17,-1.70038157159443e-16,1.7974397966838e-08,-1.25697723868228e-07,-7.9724748424777e-18,-8.33053214309201e-08,5.60562441190222e-06,2.76517222727646e-16,-2.49572984292981e-16,-2.07894047507854e-17,1.30694407857923e-16,3.43576157321192e-07,5.49018173606809e-08,3.3190992622554e-16,1.65718053066347e-16,-9.98367816579049e-07,-2.01160509577719e-07,-3.04432241110937e-09,-3.07933970950882e-16,-1.64252532203147e-16,4.83400111726984e-17,3.92719657944545e-17,-4.59949216475882e-17,4.70387140959479e-17,1.30303737841485e-06,-1.23161743568135e-06,-2.36661852606263e-07,-1.02975920109451e-16,6.37413034659037e-17,-2.31111412160872e-16,1.21823383569214e-16,9.26217670045519e-17,-4.08118480190346e-16,2.35002631180691e-16,-1.73208242907916e-17,-1.64950608833809e-17,1.56089298929217e-16,-1.64834978048246e-16,-1.07439851996028e-16,-3.83179364418388e-16,-5.88439254306101e-17,1.16189166260168e-08,-1.12162657258695e-16,2.28621770172304e-16,1.55039536275557e-16,1.64178909346492e-07,-2.18103779892125e-08,4.98111773363322e-17,-4.23439304579411e-09,1.4960746278555e-07,1.16158552895531e-16,1.07460015668662e-15,-2.87667519471608e-07,-2.96719100193536e-16,3.66011944598683e-09,1.55579219227883e-16,5.65645882443905e-17,1.6519280525988e-16,1.1370596755193e-16,3.92688556628109e-08,-4.88777410167184e-07,6.93796189868142e-17,-2.56051989972275e-17,1.531407908527e-16,-3.32422196521008e-15,-1.43995094073151e-15,-8.16751648234906e-17,-1.35067852439714e-16,1.70040731297534e-16,5.79779795528144e-09,-1.78456445701556e-16,3.01050694253427e-17,-2.60638005676884e-17,3.07098374438099e-16,-1.58062171238587e-16,7.85410929951776e-16,-0.0025961941183708,2.12921917489961e-16,-1.96809033910355e-16,7.76286927562046e-08,-2.21741913089653e-16,-5.65568360716355e-16,1.34265232597683e-16,-3.01026019494096e-16,6.83916828789325e-08,9.28617689670764e-17,-5.55514257037328e-07,3.8862458192569e-16,3.43709901272859e-16,1.79788093993448e-16,1.88700191448624e-15,-5.48225555502742e-17,-1.78387177545335e-16,2.00512531317987e-08,-1.21357125452686e-15,-7.11112395295023e-16,1.03512916496979e-08,-2.52377767742141e-06,-4.38317211995778e-17,0.00170898196149115,2.31645469956111e-07,1.23202038643006e-16,-1.74588696335459e-16,1.34279050226055e-16,5.50892494674278e-18,4.88766799782269e-16,-4.10027347988177e-07,-3.52399972691218e-16,-3.58792922107422e-16,7.30673865621995e-17,1.63158755482521e-07,3.82940886907715e-16,1.84590832990325e-16,1.38094111317644e-17,1.64308144596259e-16,-7.36610317475345e-08,4.67280682906267e-17,2.00713954645534e-09,4.5181779210875e-17,-1.0226443465145e-16,1.45312103612601e-15,7.52098290220626e-17,2.09295802240717e-16,2.77509540720045e-17,-3.76561099212778e-17,-3.42171286806129e-08,-1.5480019608149e-16,1.0779732227515e-16,1.43164993859569e-08,-7.67753777413746e-16,1.6927061554668e-16,3.3203348972704e-17,-8.35161304891412e-17,2.32858833665742e-17,1.3770565943524e-16,-1.02112947096174e-07,-3.50334822497115e-16,-8.67287714270129e-16,3.01666257101745e-08,-2.24387238730134e-16,8.80981284296589e-16,-6.54987035716804e-16,1.94799334500624e-15,1.22139751686068e-16,-3.93995699016579e-16,-2.91790558170161e-16,-4.61242641884566e-17,1.56609199040429e-17,3.8317069152521e-17,6.83231532085223e-17,-1.5309403630275e-08,5.05400521000181e-08,6.00683599420652e-16,-6.32555767813146e-16,1.08123619404751e-16,6.88457375089717e-18,6.64626882025431e-16,3.80755627949524e-16,1.8252993709976e-16,5.32886751593374e-16,-7.5135663740613e-08,-1.12519877520771e-16,2.45119877100876e-16,3.21290221652155e-16,3.68732701972064e-16,5.3342504099707e-09,4.27048463469492e-17,-8.19185019994805e-10,-9.2736974575811e-17,5.17623895256088e-16,-2.01312942559855e-16,6.99380627472888e-17,-2.14377863312444e-16,-5.43459470606601e-17,-8.87761987933545e-17,2.22862536749181e-16,3.29115899533729e-16,1.21115205045787e-16,4.70974391174819e-16,-1.34693319890202e-16,-2.05167480620061e-17,-1.81605353655743e-16,7.43511452840835e-17,1.09612776603188e-16,-1.56249247330231e-17,-1.15532080319863e-15,7.79083581674751e-17,1.77273630639612e-16,-2.00532698657886e-15,-1.6633729897211e-17,-2.08762500869138e-16,2.194482495567e-16,1.39837548458518e-16,3.56620508168594e-09,-2.9371579400336e-16,-5.40241365279282e-16,-4.25468236054662e-17,-6.7082720205011e-16,-1.00638190819676e-15,6.73716457352939e-17,-2.00185793261996e-17,-4.70603593009127e-18,3.05757903405642e-16,2.19000700914936e-16,1.21242286254377e-15,1.25262354352242e-16,7.59319424437342e-17,-6.67673322773401e-17,5.20751735681069e-16,5.25323406774551e-16,-1.35984668248406e-16,-3.54189632923521e-08,1.89221503707276e-16,3.58133864891858e-16,-8.48869294525709e-17,3.32606329066356e-16,-8.63053766161255e-16,-2.76152696903781e-16,-2.20770653904101e-17,8.68939472698487e-16,-2.21065705728481e-16,3.15052800787262e-06,2.11994488245773e-16,-3.64526096119561e-16,-1.01449758142499e-15,7.30803134790729e-16,1.35451032534423e-16,7.33684329175625e-16,1.15054382280404e-15,-8.38207546066006e-16,-6.83778051329651e-16,-9.83680703987413e-17,-5.64646954495504e-16,-2.6910848951472e-17,9.42748699283251e-17,-3.16785486253116e-08,3.71420653848931e-16,6.04680151386448e-16,-2.23797641962439e-15,8.66797272006341e-15,2.41629924580795e-08,8.05918128135721e-16,3.04896906951442e-16,-7.96381973106522e-17,1.28018337618655e-15,-9.7331216489513e-17,9.29976256528467e-16,1.38826342548143e-16,-2.14300837263103e-16,4.95751671275469e-16,-1.82396513819853e-16,9.3196084590863e-16,3.65138155155411e-16,9.55006407640134e-16,2.68552797050673e-15,3.45118504427607e-16,-3.26452781097919e-16,1.51491905657871e-15
"t407",0.0235170242692722,-0.00183817218823406,-0.00160355458360583,-0.000212952195109836,-0.00574912240117124,0.0366340118264928,0.00594202206435235,2.95988496241019e-05,0.00134962634087457,0.00682649016931671,0.00486209040626913,-0.0102846907186314,0.0235320124136521,0.00539561062329444,0.189201060678235,-0.00719507043020334,-0.00692721769654802,0.00194551234747146,-0.128640258525079,0.014744355815197,-0.00147127619544131,0.000248298962517677,-0.0052987224554988,0.000843436762387177,-0.000144829280798298,0.00585267786896199,-0.00386728057593211,0.000414110583547892,-0.00335053205300592,0.0106736412310861,0.000290964469866898,-0.0108471191789531,-0.000552101487675058,0.00474908947676527,-0.000475191065191945,-0.000414318369619229,-7.36335618621849e-05,0.00017314979049289,0.000806542533704872,0.000200909921426503,0.000592261038509915,-0.00103212445220416,4.79254442927005e-05,-0.000814080255430704,0.000176043240682513,-3.37919839342476e-05,6.08470353311132e-06,-8.8860270725748e-05,0.00116294554169146,-0.00209843614536915,0.000108358469535264,-9.3430648234277e-05,1.7631570994957e-06,-3.24021099961181e-05,0.000208428228308935,-0.00310529873154248,6.34376371364469e-05,-0.000460902318185671,0.00170828092928807,-1.46283218846407e-05,-1.30704172759524e-05,0.000177728455442773,-0.000391488922191438,0.000290853046986606,-0.000235945004189478,5.74442092221211e-05,-3.25995770423797e-05,0.00171198519347093,-0.000267668675109433,0.00188864964581108,-1.16915407237345e-05,3.71129515880904e-05,-0.000197502390889854,-9.26897972895013e-05,3.93838772597524e-05,3.79884549344542e-06,-0.000361530647771302,5.85981337274861e-05,-0.00306578093027696,-0.0064843056669086,0.000713309940760136,0.0933065266463807,0.00221274563287487,0.000604554226904485,-0.00017092468292491,-0.000379241257986506,4.74232607602431e-05,8.14836571885829e-05,1.5967724882493e-06,-5.98955271372281e-05,0.000137468227630344,-1.7992976270652e-07,-0.000177895813087675,7.48839535308195e-05,2.26421080362393e-06,9.08946359997854e-06,1.0634854807509e-06,-4.37887550511192e-06,4.40515693264982e-05,8.16671171776519e-05,1.80088399771362e-05,-7.86575794399517e-08,2.2771637049677e-05,1.68548568058575e-06,-9.0555968660964e-07,2.13236973978247e-07,-8.78128980471277e-05,4.87621342290727e-09,-9.4082098114314e-06,3.6563099452469e-08,1.24963819946851e-06,2.81695605572197e-06,-8.84610047461741e-07,1.12507076243524e-06,-3.64484475522159e-07,1.38803402259501e-06,-2.26415559307008e-05,2.53444485512272e-05,-3.4636787912078e-05,9.2517068475773e-06,-5.2191523888258e-06,1.00368643042501e-05,-6.35586227587928e-05,-0.000186323466425846,5.3271176802664e-07,-1.24478307180752e-05,1.28162672216144e-06,-1.32861717535382e-05,9.32646630210733e-06,0.000314834254322134,1.78120454910455e-06,-6.91732915555605e-05,-2.35724275786805e-06,3.07328986758988e-05,1.94484520552986e-07,-8.29003382048398e-05,-2.80639358988139e-05,-3.14194441937508e-05,-0.00855909345973115,0.0376241830036006,-0.00327663120935213,-0.00327838042121305,0.116603690853029,0.0069786804193933,-5.0076431601151e-05,4.25638686536481e-05,1.99942409164276e-05,-2.65562102774976e-05,-1.46145444246493e-06,6.31142234980928e-06,3.02287866486764e-06,1.02234435923232e-05,1.65887294363313e-06,-7.09572631244734e-05,6.69619032436682e-07,8.44707528590455e-07,-1.18073186010565e-05,1.10690716111819e-06,2.62308117875244e-07,7.45612043416353e-08,8.13394143359203e-08,-4.69845842233379e-09,-2.21727218203883e-07,-3.62294336568946e-07,4.01288599247447e-07,-3.44397875617532e-07,6.77503082969721e-06,1.16142804894322e-07,5.77829583622715e-06,5.83593193508881e-07,-1.00294546657128e-06,-1.76506571414989e-07,2.05301489855961e-08,6.79076377572494e-07,1.2736495741993e-07,4.61149119480167e-07,1.12635003587778e-08,-3.95357236012256e-07,-3.3195006948902e-06,-1.58572406176968e-06,6.17301594220382e-06,1.50561270743911e-06,-3.00759164414224e-07,-1.14084608191181e-09,-3.2836917349819e-08,-7.81578732179123e-09,-1.29833939942253e-05,2.34011107885522e-06,1.03850653753691e-05,-8.79742444348137e-07,-1.74411678324592e-07,1.82287484056045e-07,9.05350024135486e-07,3.04167363948806e-11,-3.3666043771149e-10,1.86997811061169e-07,4.20625658158633e-07,3.40252893259295e-08,-3.98983859959066e-07,-3.45393918398851e-07,-3.52794115323196e-07,-6.14974365976588e-06,1.47933596488491e-08,3.2333870460106e-07,5.55228404125361e-06,2.41257952777647e-06,-4.04076463488989e-06,-1.93957236129307e-06,3.72843126521262e-05,2.60122396505437e-08,0.000209023919518174,-3.11439768783788e-06,1.7543485694123e-05,3.22738651236467e-05,1.86534746723526e-07,1.46330326138036e-06,-4.92829110273986e-07,-3.26532005352705e-07,9.68700457954418e-06,0.000101593501530686,3.03367077816938e-05,-5.91768986948282e-05,-1.53825662233191e-05,-8.14540176623644e-05,0.00158964100742312,0.000186160781821571,0.0372599286336742,-8.59915647793009e-06,-0.000100995893694822,-5.44664683615737e-05,1.16552594696597e-05,2.09431577441378e-06,1.24720567251787e-05,3.39895321490488e-05,-8.03642618935563e-07,-1.31503409737142e-07,-8.02397054621688e-05,4.19407354303938e-17,-3.35287597527033e-07,4.48130770859933e-06,-4.75814085520656e-07,-1.57864541670128e-07,2.84026414257668e-05,-2.5179417769963e-07,0.193764032628024,2.47487610306769e-05,-3.29504089480817e-06,9.51605556061921e-08,-1.40929958664521e-06,0.000112932738918765,-2.58917063057743e-07,2.62819494278623e-05,-1.5506807953542e-05,2.52344551792912e-08,-9.34712842026941e-10,1.82581516560606e-08,3.33326615841238e-08,-5.79976031504365e-07,-2.83009789162586e-06,6.87000896188528e-07,-1.76692123392697e-06,3.54236249803002e-06,-4.36000750871305e-05,2.89506694814099e-06,-3.42737617889519e-06,1.17807658911397e-06,-3.02093764691282e-08,-0.000124979357198412,2.02683963558911e-06,-2.08062681929196e-06,-7.00400092722792e-08,1.99989552723524e-06,-2.04529598071211e-06,4.04315143732137e-06,-6.75961378423423e-06,1.3661681958026e-05,-1.17890989696144e-05,9.40217497571685e-07,-0.000363095968136111,1.01195827929213e-06,-4.8939817563281e-05,-1.46909939495128e-15,0.000146764468548298,5.1682664221326e-06,6.35038581446617e-10,7.06984882359518e-06,-2.19784831681402e-05,0.00142606094560927,2.91409579053628e-06,-4.75221005905133e-06,0.000947835871688896,-0.523688503138671,8.56660541368389e-05,-1.81711347021759e-06,0.000242441486558212,-0.000273478360136018,6.18600312370271e-05,-6.78677912352804e-05,8.42177972328342e-06,3.41779430585357e-06,2.2477523490619e-07,0.000109809546212143,-4.91956771883851e-05,2.12685186232206e-07,-0.000105273060241891,7.26424159170775e-06,-2.60887629684968e-05,2.8408764209998e-05,1.56255589935807e-05,7.74611489765448e-06,-2.43940758076826e-06,-2.5286100608302e-05,1.52897763449164e-06,-6.89740494771787e-06,1.93546145160887e-06,1.77356104071679e-05,-3.34085998815483e-05,-1.07711339275168e-16,8.72011315137471e-08,4.55444258196982e-06,-4.09472706087971e-07,2.38796613843792e-05,2.65652750724375e-07,6.21120661933371e-06,1.43059517647626e-05,-1.83233794359097e-05,0.000124273443768747,3.34567138645644e-16,-5.68163134100472e-05,-4.5509833623092e-08,-1.91803938514734e-06,7.97937686628461e-07,2.31301118824277e-05,-9.5363546153212e-07,-3.62086318537067e-05,9.61501497307518e-06,-3.99041116859933e-06,6.00620811251517e-05,-8.12553838158096e-07,-2.21885093815648e-05,-1.0355522019092e-07,-1.47401970873092e-08,-2.22587928407462e-05,1.18128639831875e-06,-2.43345533659631e-05,-6.77921331198864e-16,-6.56239478361854e-06,5.22900074743681e-07,1.5072076926392e-08,1.401333631999e-07,-5.22599805787216e-05,-0.000131941435477738,6.53690428798571e-06,-2.43499447354733e-05,-2.46767580780736e-05,6.15297961630967e-17,-3.29920751354769e-05,-1.24599870524191e-06,-7.47267100292187e-05,5.51396031056379e-14,0.195126142605628,-6.00044600846974e-05,5.8747303102519e-06,0.000137149794317499,2.43231883210917e-05,9.12827850894765e-06,2.28249820985855e-05,-3.89744211165866e-06,-2.57554406379304e-06,-9.60608174657622e-08,-2.47855359815646e-06,-3.01895635793124e-07,9.85653317236072e-16,-2.28027014269535e-08,2.32015401854626e-06,1.08958963767299e-06,-2.46777855831365e-06,-6.3269002627332e-16,-3.09813966810207e-07,6.8965824257477e-08,-1.9793947131754e-06,-1.20143499467304e-07,-4.63244984787709e-06,4.49132094003938e-07,-6.19515517589748e-06,1.02122643817622e-05,-1.02790236383701e-15,3.78835150542089e-05,-6.38840646871673e-07,1.80193178216731e-06,4.72018386399573e-05,-3.88722308244737e-07,-3.22212645784722e-08,3.92767930331496e-14,3.56252505684378e-14,-3.1182506683382e-08,-3.53313137197805e-07,4.65957891902612e-08,-5.31061066491848e-06,-0.601414209164247,-2.52475266449015e-06,-2.98229186910248e-08,-5.14736255375223e-14,2.22457713118736e-15,-2.43311381435975e-15,6.31656669178968e-06,1.65772661793155e-06,-1.80865304678246e-06,1.58737025692447e-05,1.27997433888011e-05,1.44391068387227e-06,-6.26330634637096e-07,8.75403256736251e-16,-1.36722604532852e-07,3.83604713917757e-07,-4.85043203930824e-16,-8.84286862279349e-16,-2.39838588593704e-07,-1.44699349724616e-09,-1.41491074844291e-07,8.61106856656215e-06,1.39007585090836e-07,-5.82769528760722e-07,-5.82546952568517e-16,-3.16125599509031e-06,2.2955613978201e-16,-6.66224149049059e-06,-5.06798861063792e-16,-1.55170572997805e-07,-6.00562084315677e-16,6.36404588796844e-07,1.67542434403231e-07,7.78241224715763e-07,1.64821498273537e-05,4.50573713772057e-07,-5.1782402524144e-08,3.28208959485417e-07,1.14555613245798e-07,6.18729732579895e-06,5.69945135502702e-07,1.1468740280447e-07,-3.22864328728481e-07,-6.19200149264724e-06,-5.02611010209478e-07,-1.54592460396422e-07,-6.01983248730146e-17,1.4496015280194e-06,-2.50450975043905e-07,1.30934295865371e-07,3.70606694636073e-16,2.57471680375411e-07,1.13338992751754e-05,2.26106342670089e-06,-9.7188231783254e-17,-5.49331073876811e-07,-3.2991458149511e-06,3.15967971285747e-16,-3.92929239142788e-07,9.33375779233684e-07,-8.15209835580936e-17,-1.51429728366467e-16,-3.57283767094521e-08,-2.14903856322894e-06,-1.25396084623633e-08,-1.79931809681275e-05,8.59926179890321e-06,1.42501098624482e-07,1.56270819478642e-06,1.94215329382884e-06,-0.0261419267629131,-1.53815690686184e-14,-1.10218423125886e-08,-6.84031503804879e-08,-9.94563377184038e-08,-4.60689290406223e-06,-2.41487549109204e-15,-1.39426956679763e-16,-4.42438589942194e-07,-2.3518064266324e-16,-6.59639226248486e-16,5.38599465254222e-07,-8.50083003656324e-07,-1.59356280605033e-07,-1.04542808519587e-07,4.56400686059306e-06,1.19476710628694e-06,3.7497122684301e-07,5.10245538548487e-17,9.46351891183422e-07,4.47496587422483e-08,2.06113287199364e-07,-1.89164481148925e-07,7.6425598708036e-07,-5.08304340652502e-17,-1.86523860105532e-16,4.19464845850666e-16,-7.61223741491176e-07,-3.30331398754109e-08,-3.44664373276222e-06,1.51706001841065e-16,-2.54559601313439e-08,-6.02535937982516e-16,6.69199696631387e-16,4.22313900729276e-06,-1.70257961550618e-06,-2.51483345876045e-17,-2.54531118983655e-06,-1.17973781199648e-07,9.25831503609722e-16,2.66995947625413e-07,9.24778335285377e-16,1.05050654913393e-06,-3.14003691214595e-16,1.04781698067557e-06,8.15531005655357e-07,2.95236310007789e-08,3.09140338602519e-07,2.12212046696507e-06,-9.52806010990981e-08,4.69980273176119e-06,-1.85390343862118e-16,1.72672454259023e-06,-9.74658689840682e-08,-5.39228954526035e-16,-1.284230345892e-08,-2.61855226097599e-07,6.0903945471307e-08,-5.55733252885328e-17,1.99869594139223e-07,2.71800535651817e-07,-1.91425659964297e-16,-0.00069646010485189,-1.33256390617543e-06,-7.0507437588858e-09,-2.24203343685459e-16,-1.11843450084078e-17,1.27887500793824e-07,4.34802315404254e-07,3.51700295873222e-08,-5.04745752055822e-08,2.54704165589204e-07,2.0024960142474e-16,-1.20548596514605e-16,9.28532981262984e-07,6.39913430265785e-09,-6.8562816158508e-16,2.23792946228224e-06,-3.62296049854689e-17,1.04071180625522e-07,-4.25641722682281e-07,-2.4863235780084e-07,-1.64661151886825e-06,-2.03815776147609e-16,-2.36938520325724e-16,-9.48558857050612e-17,1.82496119189319e-16,-1.18105036896156e-08,-4.09330716825934e-08,2.19980278450175e-16,-1.3635825071022e-16,1.63687499221573e-16,5.74404314316419e-08,5.15504504027504e-10,-2.82795356982305e-08,3.44670076783591e-17,-1.82493683408998e-16,2.39587839867557e-16,-1.19706514991566e-06,3.66128248834353e-08,2.71097238555057e-16,6.38829254836829e-09,-1.66732318986226e-07,2.45715680741942e-16,1.46995563597262e-16,-1.27002138707562e-06,-1.17324656155155e-09,-6.26730392047073e-07,8.54854369950379e-17,6.32663580448503e-08,1.63377350205234e-06,1.74474480686185e-06,-9.84187936040785e-07,-2.38718739514661e-07,3.8728813141605e-09,2.60237342289692e-16,6.25325267967135e-16,7.95834864492787e-16,7.21661498232459e-08,-6.53193519865929e-08,-2.71889912612407e-07,-1.904696560908e-08,9.37289950891536e-16,-6.93291004059343e-18,2.77266392789596e-16,-1.72034550260713e-16,-1.54239527033968e-16,8.94889570550212e-08,4.6977089586256e-17,2.80219719529932e-17,-1.59304019301349e-07,-3.3741040524406e-16,-1.42553580697393e-07,5.50774703622636e-17,-1.76628537254353e-07,3.83345062818671e-17,-2.11400600985717e-07,-2.6380551097344e-08,-2.16534358147898e-07,1.4677492449904e-16,8.38371735179085e-07,6.47727729461303e-18,1.88420100138064e-06,-1.83567234717615e-07,1.01506945313415e-09,2.50480610948455e-16,1.62528027334676e-06,3.76572149935395e-16,-6.32865323962684e-07,-2.01307718237741e-07,4.05307455471619e-16,9.36594905554737e-17,3.08541617109291e-16,1.11564044665456e-16,-7.39504527540897e-09,-9.60256588459601e-08,-2.13708603313197e-08,-5.48026867996393e-17,-1.55143035804888e-16,-2.01051033589774e-08,1.63879033258127e-07,2.07543707799821e-17,2.58219371929178e-16,-9.36626521033663e-08,2.36681900024185e-17,-6.60529950043784e-07,-4.71507556466167e-17,5.5624407282193e-07,6.50563118819412e-17,5.7107837923247e-16,-1.15149069682579e-16,-7.73858800655661e-16,4.35276301468209e-17,-1.69966417760464e-16,1.03553501655822e-08,-7.23898510833237e-08,-7.5387939734835e-18,-4.74970864294158e-08,3.18234326932477e-06,2.44016353283315e-16,-2.23423634662573e-16,-9.74300207313738e-17,1.18589635028117e-16,1.91305172833182e-07,3.04255476950021e-08,2.91961887599478e-16,1.50647642868799e-16,-5.503193275037e-07,-1.10805345066735e-07,-1.67289739914451e-09,-2.73764429274988e-16,-1.52651568957553e-16,4.77979100864557e-17,3.10766406122234e-17,-3.83220313486307e-17,3.72071844860896e-17,6.86644795391673e-07,-6.46263022538431e-07,-1.23653645220227e-07,-9.73380688125262e-17,5.91603592565674e-17,-2.06903891154282e-16,1.07529439239048e-16,9.57243551747179e-17,-3.77735206468884e-16,2.38309450111523e-16,-6.2619621314395e-18,-1.06403691519592e-17,1.46873580463091e-16,-1.34866921975827e-16,-1.0108430770425e-16,-3.56833251626991e-16,-6.74091225932456e-17,5.59155477218799e-09,-1.06633226179019e-16,2.26399433635307e-16,1.4137858890224e-16,7.80198582366993e-08,-1.03337497671376e-08,4.33541420131858e-17,-2.00252610401213e-09,6.96027337086523e-08,1.00220780959994e-16,4.98403047106325e-16,-1.30985627513924e-07,-2.73034975179006e-16,1.62029398683556e-09,1.49941367930959e-16,5.35288221614311e-17,1.53049740928042e-16,1.08853525128271e-16,1.65511443685988e-08,-2.0527850239444e-07,5.58740678556323e-17,2.25022353393551e-18,1.36227236961926e-16,-3.12048241107722e-15,-1.3803696330495e-15,-7.25939201215133e-17,-1.16813952523725e-16,1.46838804806344e-16,1.91269491361257e-09,-1.58398705510574e-16,2.65272022561405e-17,-2.40038164399659e-17,2.39911902092861e-16,-1.51119441513191e-16,5.35094091159475e-16,-0.000795860576262436,4.1509554020003e-17,-9.04982696104119e-18,2.34487979629324e-08,-1.09038912748742e-16,-5.17476796080525e-16,1.1952008305188e-16,-2.36421125064139e-16,1.67236052663443e-08,8.67902368011576e-17,-1.29526389639369e-07,3.43404334833236e-16,3.03501733701472e-16,1.76077428652449e-16,2.10362444597533e-15,-4.30047518701822e-17,-1.4699176199544e-16,4.18768379376375e-09,-1.13260332595614e-15,-6.53321440029344e-16,1.95721960526475e-09,-4.74609007078089e-07,-3.36402207782141e-17,0.000290770685406583,3.80718706981501e-08,1.2625874251737e-16,-1.81243008688244e-16,1.13820353693542e-16,1.23393986334017e-17,4.55157842804804e-16,-2.78079053255269e-08,-3.35648498782929e-16,-3.14120166182298e-16,5.81206578068537e-17,6.38098009053263e-09,3.50545952944148e-16,1.57750985877519e-16,2.71120560714853e-17,1.47503010922734e-16,1.31242904020522e-10,2.94522977054523e-17,-3.0392215020535e-11,3.8676566175962e-17,-1.00029344424773e-16,1.32373406448133e-15,7.95466377120046e-17,1.90755945091214e-16,1.50850948647616e-17,-3.08256362346192e-17,3.16277017182112e-09,-1.48721635923279e-16,7.6411024294134e-17,-1.6251377528762e-09,-7.04794869318675e-16,1.55175987304369e-16,3.12822412729821e-17,-7.57098748472457e-17,2.285220249758e-17,1.23418773455793e-16,1.89452511396146e-08,-2.99594160824793e-16,-8.13482745702583e-16,-6.66636700903149e-09,-2.15717386827775e-16,7.90293805122909e-16,-5.85099109965175e-16,1.75696121980778e-15,9.86687191090302e-17,-3.73976465071488e-16,-2.61649737775064e-16,-3.58243435498442e-17,1.35515512731584e-17,4.28595870502097e-17,5.58548282249391e-17,5.7112561429932e-09,-1.9911264807457e-08,5.37464969547705e-16,-5.64131891464176e-16,9.30532092072026e-17,2.97091524662226e-17,6.17957819478748e-16,3.52972697873466e-16,1.80286702854833e-16,4.77637349434562e-16,3.86669112653466e-08,-1.34261596189064e-16,2.15087476923027e-16,2.75056948295189e-16,3.16105732704871e-16,-3.38855135477685e-09,3.48497340626045e-17,6.52947204064074e-10,-8.8400165885869e-17,4.80535843283055e-16,-1.54966696201042e-16,6.6034934926341e-17,-2.03752682022086e-16,-5.61139330799737e-17,-1.02412464651653e-16,2.18736312624336e-16,2.93554068276204e-16,1.07779518324215e-16,4.32891610502769e-16,-1.23417617296353e-16,-6.53298868547084e-18,-1.64366539113223e-16,6.66533098594364e-17,9.89443923867352e-17,-1.30228395190578e-17,-1.1001105874452e-15,6.93431610048396e-17,1.62356234275825e-16,-2.03643911582696e-15,-1.67421501144595e-17,-1.55999839650666e-16,2.16087222821995e-16,1.12081972842889e-16,-6.5554681637754e-09,-2.84094687848621e-16,-4.46127462568116e-16,-4.03784192604952e-17,-6.187462377069e-16,-8.69357018182616e-16,5.95653900933982e-17,-3.36454687893925e-18,4.43591458763532e-18,2.65967683675424e-16,1.91136705082058e-16,1.15441099966172e-15,1.10893439075987e-16,6.95351496260697e-17,-7.56577900917213e-17,4.54216369649607e-16,4.69856036275029e-16,-1.3045523716873e-16,1.30531741370458e-07,1.67537460257566e-16,3.06634261698796e-16,-8.13090622833687e-17,2.96489088880718e-16,-7.77042697726342e-16,-2.43964628320999e-16,-2.32696877801442e-17,7.91564500807735e-16,-1.9428591206809e-16,-4.22382809665766e-05,1.85982119850076e-16,-3.16821200530199e-16,-9.13883619818337e-16,5.94193661057555e-16,7.79883173926913e-17,7.11835512851216e-16,1.03269104665486e-15,-7.52442354291353e-16,-6.03624445269877e-16,-6.24058018417247e-17,-5.09135803264247e-16,-4.39328230594945e-17,9.12391038453657e-17,-4.48615519643002e-07,3.10034965735282e-16,5.56758415362589e-16,-1.99470663953277e-15,8.52562078128462e-15,1.92010504113471e-07,7.27634674762793e-16,2.7740590164399e-16,-4.58968362822949e-17,1.19612504511505e-15,-8.8657599109629e-17,8.27484967086636e-16,5.70657032056154e-17,-2.15081927352957e-16,4.59430898497204e-16,-1.51496751904016e-16,8.91736945309418e-16,3.40150573601806e-16,9.089278153095e-16,2.44234142321823e-15,3.00124114269458e-16,-3.25755958286702e-16,1.4300260264731e-15
"t699",-0.0048518520760371,0.049357074157466,0.0634310850039063,0.014956787119016,0.0299049787649423,-0.00482045827957465,0.00147314980888617,5.01188392573911e-05,0.000404077126631268,-0.000969097736317537,-0.000216850828672531,-0.00107622306652603,0.00675372888867656,0.0453768845985416,-0.00111666579271017,0.00192220739548061,0.135875576475198,0.00174832050422315,-0.00109854628122823,0.000407134306683406,-0.000934225661896135,0.000141188565359585,-0.000248405464806812,0.000387298757974779,-5.63364425774302e-05,-0.000388072022439109,0.00177388442225044,-0.210436185406392,-0.00897857800301797,0.0183156243644113,-6.93519149230277e-05,0.00104160971444098,0.000394492484556423,2.21714442289483e-05,-1.17249082378826e-05,-2.50820030388012e-05,-8.87252244997276e-05,9.14947828891048e-06,8.01602305355822e-05,2.82589702745585e-05,0.0221241522431358,0.000109609139528371,-3.48144137523584e-05,4.01367783926162e-05,-6.19559105733982e-05,-5.52606680900628e-06,1.38234213614202e-06,-2.22638655587219e-05,2.72622755219039e-05,-5.85943907087313e-05,5.20725152439273e-05,-0.00223673191903177,3.70611066688452e-09,-1.31286441837334e-05,7.08622330967215e-06,-7.51190546626811e-05,4.45734168474814e-06,-0.00645446305581838,-0.00041971154174641,-4.83125034607855e-06,-5.19579437506249e-06,6.55851730337256e-06,-0.000183753835548008,0.000286312373535535,-8.20364791182686e-06,2.46668863053607e-05,-1.37059482290182e-06,6.84414184966649e-05,-0.0035668004873811,2.09492177321656e-05,-3.36118337383094e-06,8.61979831639903e-06,-2.81570684341765e-06,-1.83126055316147e-05,7.65562829524297e-06,7.04304699686908e-08,-6.45616818105329e-05,0.000268600368198799,-3.06180195548517e-05,-3.54178180094491e-05,0.000254729016377071,0.000148495312223571,-1.7733155633091e-05,-8.24191069166623e-05,5.0573799293531e-06,0.000142222119018463,-2.08708967626731e-05,-3.2883118611159e-06,-7.31388189043207e-07,2.77399845638647e-05,-6.05884938273025e-06,1.46706445540536e-07,9.7389469377825e-06,-8.85492948751698e-05,-5.23456923730627e-07,-2.42994847127005e-05,-2.86586420811655e-06,2.66289821150499e-05,-0.00275512165324785,-1.29644082270326e-05,-4.14604999628081e-06,2.70536946884533e-07,-5.82624026200166e-06,2.38218372168767e-06,-1.03648474826087e-06,1.63428805932485e-06,-5.5323971881297e-05,1.89236186835226e-06,-8.60401337664413e-06,2.95970630089045e-07,0.000243383353774333,1.57386638303622e-05,-4.84243107400295e-06,4.4007465776156e-06,-1.60071733515334e-07,4.62393565947387e-06,-9.00447091680429e-06,9.561965868834e-06,-9.98763203852074e-06,0.000565713703143082,-1.15326768547335e-05,0.00176718470727905,-1.50370196412502e-05,-4.15500794807296e-05,1.9295354395422e-06,-2.13841082542933e-05,2.18309124511026e-06,-4.67178415552988e-06,2.0655673374266e-05,0.000287262539956941,1.23264462012902e-06,2.61797691671503e-05,-3.47062431549173e-06,-6.29140026278399e-06,2.73502538928868e-07,1.03510874703707e-05,-6.17607721753129e-08,-0.00092786687660472,9.21109459580272e-06,-2.65097755821821e-05,-1.66901413536009e-06,-4.96722100086502e-05,1.35156458576431e-05,8.52119710845929e-07,3.24433504493104e-07,-1.67536850314711e-07,-0.000200576862170592,1.0887776234878e-06,7.04824766038241e-08,-1.68294277439324e-07,-3.5672273753509e-06,-7.79199497892293e-07,-2.25233945041868e-06,6.19021522173187e-06,-4.29799697245659e-05,-1.47292623132191e-07,2.19789979885273e-06,-1.59341295428695e-05,-5.26306283887908e-07,-1.73032449086347e-07,-1.14031711121072e-05,3.88339680700436e-05,-7.82719317798671e-07,-1.55137819463563e-05,9.70443696937667e-06,-6.2420435421065e-06,6.66186269050173e-06,1.14178408305982e-07,5.6826219192025e-06,0.000153440246562632,-1.20578870242546e-05,-2.12292311731612e-06,2.47088542276679e-07,6.36675566123577e-07,1.57112109711642e-06,2.50970673270626e-07,1.4061518629368e-07,-5.7808981404868e-06,-8.75182283851278e-06,-7.70686942664042e-05,0.00144284023247099,-1.23355479307847e-05,-7.33597939229621e-05,4.65228192313333e-10,-0.000162583140305711,-3.35211888158038e-08,-5.43491638345279e-06,1.68934399926509e-06,7.6026376018103e-06,-9.77819890609525e-06,-2.23010376788002e-07,4.12888945750862e-07,1.6398586459622e-06,2.90269686172678e-09,7.77343609995481e-06,-3.86035469853253e-07,-7.08233231284649e-07,-4.98144767179759e-07,4.14743780315894e-07,1.695803338335e-07,1.6906624102776e-07,5.3765792460802e-05,-4.13231177399042e-09,-6.81837563104337e-07,-1.0325698926376e-06,-5.09643027275951e-06,6.4594376030362e-07,3.3370700735882e-06,-4.54197128606236e-06,-2.67240142306211e-08,-1.6745036239723e-05,5.33158768249438e-06,-1.31866437558439e-05,-1.57604167587838e-06,-1.27399802142755e-07,-8.03619144779388e-07,1.93146912518629e-07,2.93942190259701e-06,-2.08508399198261e-07,-1.28897139598709e-06,-0.000393513893081846,4.07536991775359e-06,9.42182621079172e-07,8.56765924986358e-05,-7.32013643787102e-07,-2.81750098047168e-07,-3.87164716207056e-06,-5.96596745842762e-06,-3.29627837509729e-07,-2.27381191208027e-07,6.31940394997671e-07,1.19336016510885e-07,6.08498972969931e-08,9.91895951336162e-08,-3.97192188492783e-09,-7.32006788879568e-09,-1.96044451439292e-07,-2.5388219480956e-17,-9.975057415809e-09,1.07915778881697e-07,2.4076081787981e-06,1.63712255776226e-07,2.78070550831643e-07,-4.78137571600385e-08,8.86485429557608e-08,-4.88927081067356e-07,8.13235542927057e-09,-6.01305262953251e-10,1.48132243004205e-07,-1.706203613856e-06,1.24306380211596e-06,-5.98360378546318e-06,4.13557814710897e-07,-3.19659687670652e-08,2.3289047315113e-09,-1.20556632299744e-07,1.34352517414393e-07,-2.13905858098587e-06,-5.32379087880229e-07,1.10056573145735e-07,-4.8952543503549e-05,5.78313751038431e-07,-0.00010923398633927,2.70504807733182e-06,-2.77088212492251e-07,9.53265806955366e-08,-1.88900122896473e-08,-9.19314244822071e-06,2.88735671172806e-06,-1.46758094330015e-07,-1.52300241383705e-06,1.33570581080832e-07,-1.62360126640692e-06,2.4395195649105e-06,-9.63078677375636e-05,7.62742604064729e-06,-6.22669250844348e-06,4.71066328617041e-07,-8.37968944664183e-06,4.39715991978545e-07,-1.733134260749e-06,-3.19813020527729e-16,4.5563324898918e-06,1.57458500174357e-07,2.12198247952934e-10,1.97009196623609e-06,-2.63155627455024e-07,1.67660154785853e-07,5.61112661847919e-07,-7.6954165841758e-08,3.30473174180204e-06,-1.15227764008838e-05,-4.47051789736405e-07,1.13280960534714e-05,-6.30717855147391e-06,7.79845310671868e-06,-2.67390676600548e-05,5.62628963129972e-06,-1.07587725121781e-05,-3.84984801013978e-07,-2.93424990460612e-07,-2.59395283234627e-05,0.000456236484420582,-2.5638725228156e-06,0.000114851781453441,-0.0139783721461939,0.457848314154828,1.87103258403885e-05,1.57493044692892e-05,8.0456134554633e-05,-2.37244739317813e-05,-1.09499570363841e-05,1.05720405059656e-05,-0.000997496511218383,9.72656365847337e-07,8.34443009955843e-06,-1.38152669478674e-05,2.93551884761717e-16,2.28854217934724e-08,1.32542340030903e-05,-1.1470150277379e-06,5.91570663101893e-06,7.53009571519474e-07,1.5331311351274e-06,3.56781595095985e-06,-0.00112486474876724,1.63290271292347e-05,1.65118800815309e-16,-1.14716212620744e-05,-1.04202645945182e-07,-3.76943749719115e-07,1.7836047434612e-06,2.66642160804978e-06,-1.7455155106917e-07,-6.40539275195636e-06,1.66132983279889e-06,-7.4222449421542e-06,9.2988435182346e-06,-1.34823560970446e-06,-2.90816714635437e-06,0.155644399181528,-2.62734014101583e-08,-3.47444172749488e-06,2.00889968000169e-06,-3.57157801165249e-06,5.71188397309769e-16,-9.63882906852667e-06,7.47249159495756e-07,2.15327343985068e-08,1.82655061562294e-07,-5.95236720267025e-06,-1.1627876056194e-05,5.8163328860564e-06,-2.1065379292163e-05,-1.02484194453435e-06,4.85984691571145e-16,-1.85294267584423e-06,-7.26548911644536e-07,-2.29047095984673e-06,8.55843290504984e-16,4.25961554158888e-06,6.13520071387453e-06,-9.35917142107075e-07,-3.4947277886906e-06,-1.1815358159983e-06,-6.7079180309376e-07,-0.000492223796121877,5.56952721779769e-07,4.47938657439262e-06,2.49593426251177e-07,1.21912390107356e-06,1.75843882001381e-06,-6.93377167440657e-18,-6.84262452106055e-07,2.23658169767451e-06,1.08287241747357e-05,-1.42840712104952e-06,1.57971125054704e-16,-3.13543087827543e-05,2.43222619228851e-07,-5.82832481972221e-07,-3.89480895721026e-07,-1.30028468296561e-06,1.37076150929038e-06,-0.000407994051376966,2.33718785576172e-06,-3.52899775240025e-16,8.32805436623264e-06,-1.59001516997558e-06,4.41282249420627e-06,1.0253003171826e-05,-2.43386467454868e-05,-6.96813294168043e-09,-2.90480423200796e-16,-4.04472572108143e-17,-6.70272847188001e-09,-8.53792114958442e-07,1.1256040463638e-07,-1.13781937774355e-06,3.19580710451248e-15,-5.46343990786862e-07,-6.52194207681539e-09,-6.34729660999442e-17,5.64980468681004e-17,2.49636041238389e-16,1.50783618291812e-06,0.000104390921961764,-5.551176813284e-06,5.56864982430487e-06,2.9237595232858e-06,0.0555864679553095,1.04092270244163e-05,-5.51607697028304e-15,-1.32142204126234e-07,4.63490756952758e-07,-5.52113104038959e-16,-1.94053916170695e-17,-3.71293077471012e-07,-2.04087324298975e-10,-2.28352769906775e-07,1.25311335079288e-06,2.30048823720775e-07,-8.6220171402762e-08,-1.51137705658867e-15,-2.90450606221927e-07,-1.36826965633966e-18,-9.93728285368599e-07,-4.56659278947627e-16,-2.60210984992798e-07,-1.09945953628399e-16,1.07055371138249e-06,2.81991054061098e-07,1.17510721782711e-07,1.54402364487587e-06,7.64817883608056e-07,-8.77391259136936e-08,5.56012034579034e-07,4.41266849329682e-06,9.34852988742705e-07,8.6135287819765e-08,1.93714110821715e-07,-5.43968720970845e-07,-9.30422706658575e-07,-7.53608091874515e-08,-2.58937794622148e-07,2.32102580829078e-16,2.41760635853131e-06,-4.15723308395518e-07,2.1380256968567e-07,9.50025023902582e-17,3.74567136148576e-08,1.02838770274491e-06,0.000287923822841156,2.21906817236949e-16,-8.25741305800337e-07,-4.55300585984502e-07,1.21257133980118e-16,-1.38132069478633e-05,1.33725949666549e-06,-2.75701592650247e-16,9.67386998179787e-17,-4.89223615286418e-08,-2.62590292862114e-07,-1.49477144576663e-09,-2.07168751902549e-06,5.48729366339777e-07,1.61367494141943e-07,1.55408729478849e-07,1.43075328394524e-06,-3.20340330729542e-06,-2.01613513807437e-15,6.60090959967484e-09,4.54212422902688e-09,1.25284722133214e-08,1.17176488763217e-06,-3.81638891185531e-16,-8.67217467801122e-18,3.8513498784004e-07,-7.38513593973968e-17,-2.06746244959312e-16,1.84093894618707e-06,-0.000211529049636162,-1.5930185629297e-07,-2.83816133745039e-08,1.77558262420317e-05,0.000282762244493304,8.47220966148432e-08,-8.04891696676431e-17,2.08430563677367e-07,9.73513279013332e-09,4.46696272448422e-08,-4.49255599297299e-07,1.77076195258901e-06,7.87325102687343e-17,8.7093608872915e-17,3.7448050790183e-16,-1.54493401004576e-07,-7.40314284838523e-08,-4.31135871525537e-07,-1.97910275949729e-16,-5.67020798279614e-08,-2.79454951792014e-16,1.76483924931134e-18,1.8274511382761e-05,-1.97390302628344e-07,7.62676682855645e-16,-4.97941812721301e-07,-2.56981826621094e-07,7.04574595322351e-16,5.80901274499362e-07,-1.41615953864327e-17,2.06090076460763e-07,9.00740521071348e-18,2.06874305012865e-07,4.03661302472705e-05,6.34937809400893e-08,6.00866945098934e-08,4.13464100116137e-07,-2.06820432907354e-07,5.71417024242237e-07,3.23174523729711e-17,3.76291514406924e-06,-2.12449818613476e-07,-1.43954470184342e-16,-2.80012045341223e-08,-1.29918894256547e-05,1.32726402224488e-07,5.78917509419139e-17,3.3934283646836e-05,5.64684905031888e-07,1.22342448753008e-16,-1.41293510375499e-06,-3.12734392426797e-07,-1.63286295694186e-08,-2.47502897367556e-16,-5.38143712322986e-17,2.3335908806402e-05,9.03887463344426e-08,7.3196431931811e-09,-1.20994837068488e-07,5.54726622230481e-08,-9.79764005565951e-17,-1.63265273453969e-17,2.0352929172631e-07,1.40384254695083e-09,-5.33449661387909e-16,4.96908573343088e-07,-5.67210260454449e-17,2.59868270876911e-07,-9.78252315710882e-08,-5.72390401229899e-08,-3.81674006829825e-07,-5.62036173936819e-16,-2.45433147358137e-17,1.80979365637348e-16,-1.83855794893538e-16,-3.31305880310314e-08,-1.16004057205732e-07,3.11858674743031e-16,2.43519484340753e-16,-3.0582152976853e-16,1.70046210298843e-07,1.56168384569104e-09,-9.30119671445931e-08,1.60234459686678e-16,-6.2544110150176e-16,-6.8667166697222e-16,-0.0299762565950608,-1.08385958292157e-06,3.03485054835531e-17,-2.05357741767757e-09,-6.40954366806722e-08,-1.33971920062481e-16,4.20722745715291e-17,-1.30387468623318e-07,-1.09208654305636e-07,-7.86025860556588e-08,6.37935477051234e-16,2.33100277220608e-06,1.57906175356351e-07,1.78993580664316e-07,-1.7230765490904e-07,-4.69475772267887e-07,7.80023383542731e-09,-3.66771781480939e-16,7.34808797570208e-16,7.99828389789904e-16,1.61983327272454e-07,-1.46831750020834e-07,-5.58706225218087e-08,-1.04181229063534e-06,4.3368495314792e-16,4.54475975074374e-18,-2.52750895367544e-16,9.41329829431456e-17,-2.49035193992973e-16,2.31347533287644e-07,5.48729230312759e-17,-1.67738367020346e-16,-3.82765803799503e-08,4.08638289799094e-17,-3.4305172563679e-08,2.68882138776405e-17,-4.26170859346074e-08,-1.66471284100644e-16,-5.38313250431992e-08,-6.81123676674759e-09,-6.32363271841769e-07,2.08858101542059e-15,2.27757907774742e-07,1.34161711985203e-17,3.42627503339308e-07,-6.64474709143915e-07,8.34532111333961e-08,6.50260371829743e-16,5.66742327089231e-07,-3.06127987654956e-16,-1.54311676445194e-07,-6.83052162195871e-05,8.21967066262672e-16,5.76671558397766e-16,1.24927213172387e-16,1.21538704652323e-16,-3.23513361066945e-09,-4.34851806400686e-08,-1.01032907209434e-08,-8.32148747258069e-16,-1.49396764290715e-16,-1.37121159532093e-07,1.13457487419312e-06,1.60574674474649e-15,5.14176492292947e-16,-1.13553347817135e-07,-2.6353696548899e-16,-1.04537392587856e-06,-3.69266780297304e-15,0.229605818403933,1.68142830077878e-14,1.65471973954078e-14,2.10963378825768e-15,-3.57262726975131e-15,-5.24594308235584e-16,-7.20848518056484e-15,-6.49592463768451e-08,4.46752237034763e-07,3.63692029885553e-16,4.47869559160115e-06,-6.51118432405561e-07,6.30473162508409e-16,2.03616209158682e-16,-4.06699770140629e-16,3.85193145613339e-16,-3.60842955824132e-08,-5.08371472259502e-09,1.44714372687651e-16,5.4370489952088e-17,5.02022503686919e-08,3.95964479406009e-06,2.49946086703284e-09,-2.01984756255579e-16,1.10629590877585e-17,3.28497852542953e-16,-1.358568194145e-16,5.48530127126058e-16,-8.22877507172883e-17,-3.13795034360562e-08,2.58865227720459e-08,4.29693738729214e-09,4.20903305691097e-17,3.02295110062178e-16,-2.67024726305568e-17,1.18335536344677e-16,-2.30614597423203e-16,5.00603527889781e-17,-1.19067352498362e-16,-1.46232462599318e-16,-8.9056456759824e-18,1.191613994343e-16,-5.71933004268077e-16,-1.03817208115971e-16,1.36478736853914e-16,7.2344537440136e-17,1.60097325361924e-09,3.08436092921439e-17,1.39446168278473e-16,3.58652704268336e-16,2.70706138815679e-08,-3.37495894767141e-10,1.06146891916848e-16,-7.38096283864934e-10,3.03450458950016e-08,-1.45893112194215e-16,3.02825351287364e-16,-1.51204995908478e-06,1.26122120051881e-16,9.70471559414125e-10,5.0303188279541e-17,7.1634998441939e-17,-1.49334244978165e-16,3.56084710255053e-16,1.08329226491433e-09,-3.36057589757337e-06,-7.91246616672387e-17,3.29299116790397e-16,1.59864314995156e-19,1.94334146942547e-15,1.17557194037584e-15,-1.23019723609144e-16,-1.97275465781074e-16,-2.93440482225506e-17,2.07433546868447e-09,1.49623131692558e-16,-1.63641858797817e-16,-1.09981048718066e-16,-1.84793185275832e-17,1.03281571364464e-16,1.04762912281352e-15,-4.12226091168916e-08,-8.8703126895506e-17,1.39141692601675e-16,0.00029068498729623,-1.64752626340166e-16,1.43228314208661e-16,-3.29187423995818e-17,-4.64353849153122e-17,2.3792841502448e-08,1.6750776458594e-17,-1.7301300841007e-08,1.60710646878618e-16,-6.55980817800649e-18,-3.80875952110316e-17,-7.06827833627938e-16,-1.54352314984443e-16,-3.28171866153508e-16,6.02784555356106e-10,-1.53459411093544e-15,2.30022083398564e-16,3.28789858258068e-09,-7.26208078234732e-08,4.48560165097365e-17,4.91868183663104e-08,7.12177585005003e-09,-1.16002242984214e-16,-4.49520753121319e-16,6.60958023173128e-17,-1.83435228479384e-17,2.33358391056896e-16,-9.44985907342682e-09,4.21230893555372e-16,-8.81379667234526e-16,2.41478141347323e-16,3.46410477700178e-09,-9.08348944981691e-17,-3.24957336992045e-16,3.6224868749109e-16,-2.77040601509238e-17,-1.36724510494821e-09,7.88623080077481e-17,3.9040681048679e-10,5.93848276704352e-17,-1.91179846938023e-16,5.86670919120104e-17,1.13373745493552e-16,2.18372466179728e-17,-2.60134481928426e-17,1.14582484923155e-17,-4.6512334829178e-09,-3.92826533677502e-16,2.81486350378627e-17,1.71152456336e-09,-3.28849908704006e-16,1.11048958884209e-16,1.8939433504668e-16,1.47125863380455e-17,1.95457188357272e-16,6.76478089970175e-17,-5.72943603999919e-05,2.33291206951832e-16,1.82544499520089e-16,9.77142917522504e-10,-3.2267836519303e-16,2.66936292783451e-17,1.96795213213328e-16,8.3799012734034e-17,-6.74131217373586e-17,-2.36605777946145e-16,6.62129991845529e-17,-2.2306832215295e-15,1.18134963146876e-16,-3.58803128671829e-17,-5.36495911960969e-17,1.4324899101765e-09,-5.62285101330413e-09,3.46485584245007e-16,5.86747644619895e-18,1.06172055494277e-16,-2.29410028708677e-16,-5.0006590730415e-16,9.08840990276334e-17,-2.66162483893244e-16,-7.2779903741535e-17,9.15258597627215e-10,-5.15942295795672e-17,-1.11474217429607e-16,1.3119810511984e-16,2.49731963656929e-16,-3.80979245567676e-08,1.44467077843553e-16,3.7727141684459e-10,-5.02501882173368e-18,1.37600885960873e-16,5.46962174320133e-17,4.6690919636614e-18,-2.93045524691687e-17,-1.20530423837892e-16,-6.45612802541198e-17,-2.80750383849273e-16,2.63413247881107e-16,5.7147276869142e-17,-2.27648297235143e-16,-3.7982486104495e-17,2.50679578306714e-16,1.5547310177e-16,-8.31608190044802e-16,9.43677362576199e-17,5.83176634304883e-17,-2.86631206586965e-16,-9.4262946823223e-17,-7.38358302658043e-17,-6.54596690446209e-16,1.62175959290998e-17,3.82211214836932e-16,7.93602590003998e-17,5.14750714009498e-17,-4.51384227079009e-10,4.46583119009614e-16,-4.87934454206704e-16,-6.17372020584596e-17,-1.81073316106687e-16,9.49472142141379e-18,5.75054059656758e-17,-2.6815279498364e-16,5.01822296486077e-17,-4.1070774907145e-18,4.36852096240297e-17,-2.14796314448457e-15,-1.32588925305909e-16,-4.77755254368619e-17,6.74568966763653e-17,2.56832648460833e-16,-1.05013145958862e-16,-4.30685420663987e-17,9.87942763922364e-09,5.52141151880678e-17,-1.24336101864192e-16,1.4539761198335e-16,2.513746122146e-16,-7.4489334737215e-16,2.32143959409015e-17,-9.85133185506381e-17,2.08700580571563e-16,1.32303837456362e-17,-3.70511999421217e-09,-1.79946098521018e-15,1.42229999300164e-16,9.0150449779139e-16,-1.97195094526273e-16,-8.17004134318305e-17,7.3641317457394e-16,1.48957855861926e-16,2.59854553672938e-16,-1.66276787454493e-17,-8.26916045059511e-16,-1.29448202459823e-16,-7.26641806303604e-17,-6.06576205198535e-17,-3.81480517466117e-08,-3.90127674904513e-16,-4.31620889866046e-18,7.59493748870302e-16,-3.62261178461738e-15,4.08061108049774e-06,-1.68978850114628e-16,1.052723914088e-16,-7.43628913767704e-17,-1.54530543141803e-16,5.19037718568496e-16,-1.49062334739937e-16,8.01814494098985e-16,1.2103213151319e-16,-1.61001743549379e-17,3.1850488986845e-16,7.89062999575042e-16,-6.55655848841553e-17,-1.01347105672455e-15,-5.05495863552612e-16,9.54765386016206e-16,1.15565383534483e-15,-1.98531923707349e-15
"t283",-0.00484920671893115,0.0493004192179387,0.0633559248886053,0.0149330510316677,0.029846907596268,-0.00480948269345,0.00146973004006729,4.99932811214189e-05,0.000402882541117852,-0.000965627794751549,-0.000215867514307139,-0.00107022213174517,0.00671498131865332,0.0451126510333016,-0.0011098832045078,0.00190985141143853,0.13498157013144,0.00173661147840285,-0.00109102086804216,0.000404107742697682,-0.000926722332787181,0.000139824119532808,-0.000245872817547846,0.000383327875724061,-5.57566073753698e-05,-0.000383891098974157,0.00175455173392467,-0.208122564724519,-0.00887726892561057,0.0180724517827327,-6.83715269076263e-05,0.00102623228391187,0.000388259492789447,2.1804994096116e-05,-1.15215168743218e-05,-2.4613256532265e-05,-8.70467266927343e-05,8.97372866524427e-06,7.86103316138576e-05,2.77047234417677e-05,0.0216781854783004,0.000107348023247254,-3.40859027750613e-05,3.92959059255494e-05,-6.06360904817139e-05,-5.40111761985957e-06,1.35052963109251e-06,-2.17472701755417e-05,2.66151661948904e-05,-5.71696265296864e-05,5.07659315557683e-05,-0.00217979643792352,3.61157519552081e-09,-1.27877998711552e-05,6.89592420286006e-06,-7.30915677722321e-05,4.32609370893187e-06,-0.00626004823924986,-0.000407035565792405,-4.67729035084818e-06,-5.02363629611141e-06,6.33707988975622e-06,-0.000177455804519681,0.000276462354821579,-7.91357168996732e-06,2.377343896312e-05,-1.31834078638466e-06,6.57733694458957e-05,-0.00342633860553608,2.01092060513413e-05,-3.21366821290158e-06,8.21658341639506e-06,-2.68274082126225e-06,-1.74309926503803e-05,7.28618507732741e-06,6.70036404118493e-08,-6.14101777788248e-05,0.000255279996734959,-2.90457174498457e-05,-3.35738335080681e-05,0.000241157234499335,0.000140544456233278,-1.6749514950661e-05,-7.77995354533581e-05,4.76132874153591e-06,0.000133800058277191,-1.96206387872378e-05,-3.09096177367759e-06,-6.87472223029918e-07,2.60723211639095e-05,-5.69301987171281e-06,1.37485977181255e-07,9.1246501334684e-06,-8.28288937136536e-05,-4.88267864804852e-07,-2.26563672966973e-05,-2.67202322089929e-06,2.48011475787699e-05,-0.0025649820061349,-1.20514693753009e-05,-3.84934346711566e-06,2.5114878953845e-07,-5.40803218985748e-06,2.19892261853017e-06,-9.56348177639733e-07,1.50744055907298e-06,-5.10003443509388e-05,1.74418928306468e-06,-7.92804092139061e-06,2.72599270692638e-07,0.000224132812476506,1.44816156874121e-05,-4.45521818416555e-06,4.03990401347493e-06,-1.46877191534419e-07,4.23840442368707e-06,-8.24987367447009e-06,8.749487353652e-06,-9.12778151123347e-06,0.000516532012921905,-1.05245185109677e-05,0.00160977535658361,-1.36815372161946e-05,-3.78029291358915e-05,1.7552256533073e-06,-1.94288442941229e-05,1.98328030450303e-06,-4.2397842962358e-06,1.86900277844521e-05,0.00025991729823704,1.11503664037914e-06,2.36347509089087e-05,-3.13200935703267e-06,-5.67596614914626e-06,2.46462057728836e-07,9.32620144567605e-06,-5.55093542546785e-08,-0.000832301505689999,8.24012652135824e-06,-2.37134942542498e-05,-1.4922744005772e-06,-4.4401717126205e-05,1.20769802254e-05,7.61305944077295e-07,2.89856780547682e-07,-1.4952609981402e-07,-0.000178643907696658,9.67679329735739e-07,6.26102100526844e-08,-1.49324096597923e-07,-3.16483642545964e-06,-6.90998380134306e-07,-1.99686701093834e-06,5.48646209806679e-06,-3.79901753065355e-05,-1.30135902978486e-07,1.94128842832833e-06,-1.39754366582294e-05,-4.60822340622349e-07,-1.51463703417757e-07,-9.96728634547039e-06,3.39339071425132e-05,-6.82682706230239e-07,-1.3527953876358e-05,8.44683459091656e-06,-5.42357517135754e-06,5.75883235374756e-06,9.86834439096983e-08,4.91121478927488e-06,0.000132518283266507,-1.04052392900676e-05,-1.83174019340234e-06,2.12851979442863e-07,5.48178441584205e-07,1.35124775189445e-06,2.15789669256984e-07,1.20887000469133e-07,-4.95710086908771e-06,-7.48474033846807e-06,-6.58805411109503e-05,0.00123284230095844,-1.05265484638026e-05,-6.25704156632841e-05,3.96610966262912e-10,-0.000138539616693152,-2.85197081599578e-08,-4.62222964013486e-06,1.43196176333372e-06,6.44361671529027e-06,-8.27826755244884e-06,-1.88220969269495e-07,3.4758602984119e-07,1.37927276627274e-06,2.43820954983245e-09,6.52308900679641e-06,-3.22989386400994e-07,-5.92187930006561e-07,-4.15958765954374e-07,3.46082554704716e-07,1.4076589107003e-07,1.40304440300478e-07,4.45197777985387e-05,-3.41418620100904e-09,-5.60379201463965e-07,-8.48613542862449e-07,-4.18643755638003e-06,5.29815346419477e-07,2.73428839323851e-06,-3.71129091535757e-06,-2.17618469042766e-08,-1.35982176691821e-05,4.32595564450202e-06,-1.06582421330118e-05,-1.27112216401484e-06,-1.0274572382688e-07,-6.47021125698447e-07,1.54848781073077e-07,2.35464935314629e-06,-1.66297704329131e-07,-1.02491186648697e-06,-0.00031256917482331,3.22303140088804e-06,7.44358279839942e-07,6.76106277330348e-05,-5.75654444016748e-07,-2.21412027202477e-07,-3.04199128684578e-06,-4.66965696058186e-06,-2.57405884061993e-07,-1.77101997907243e-07,4.91624308938182e-07,9.27252936133081e-08,4.72268424654361e-08,7.69580659656091e-08,-3.07243953174242e-09,-5.65173889166028e-09,-1.51055211067353e-07,-9.99254863166192e-18,-7.66341572541855e-09,8.285843752438e-08,1.84106590650026e-06,1.24795002374356e-07,2.11417466169207e-07,-3.6347187793241e-08,6.70629787206747e-08,-3.69572937281846e-07,6.14481341463081e-09,-4.53527610201702e-10,1.11590619403068e-07,-1.28244295441172e-06,9.33403345460676e-07,-4.49118250974051e-06,3.09712295472748e-07,-2.37136164312222e-08,1.72184707090404e-09,-8.88806049691115e-08,9.84419597512596e-08,-1.5666266603539e-06,-3.88219551060558e-07,8.00591508894263e-08,-3.54854703948758e-05,4.187456282193e-07,-7.90008771764898e-05,1.95315569789129e-06,-1.99582495609978e-07,6.86432061588853e-08,-1.35180596256955e-08,-6.57784946913011e-06,2.06562059545267e-06,-1.04812972120931e-07,-1.08702302267511e-06,9.51421497965782e-08,-1.15605459021032e-06,1.71582371365806e-06,-6.76452989516117e-05,5.35159644036001e-06,-4.35792728238553e-06,3.29030132627842e-07,-5.82654310341967e-06,3.05337377597e-07,-1.20222008645422e-06,-2.39402351875412e-16,3.14915961480987e-06,1.08777165362923e-07,1.46364674334336e-10,1.35385502313538e-06,-1.80264452022477e-07,1.14674340452462e-07,3.8349430473318e-07,-5.20820077640898e-08,2.23519535729425e-06,-7.79222964849607e-06,-3.01438730739839e-07,7.57498387877456e-06,-4.21142827231726e-06,5.20191914716309e-06,-1.77765711506193e-05,3.69241712289594e-06,-7.02205135432118e-06,-2.51191544667392e-07,-1.91433032704044e-07,-1.66910101960013e-05,0.000288809844016797,-1.61956794015962e-06,7.23251731781022e-05,-0.00876919113118488,0.286890559327339,1.16089669161612e-05,9.76446309306784e-06,4.98136891489646e-05,-1.4674956684213e-05,-6.75217056955226e-06,6.49665305506771e-06,-0.000611008292070275,5.94954597315678e-07,5.09191265937358e-06,-8.38713268788974e-06,1.61929741021977e-16,1.34543411098856e-08,7.76661866103938e-06,-6.68807372525693e-07,3.44885453880157e-06,4.38936274456004e-07,8.92590255847995e-07,2.07241662328861e-06,-0.000651604336545603,9.40616970831018e-06,1.49306724002295e-16,-6.52279634078434e-06,-5.91534450308512e-08,-2.13234135972507e-07,1.00854881703564e-06,1.49463014097045e-06,-9.73683046943673e-08,-3.54841505118102e-06,9.15929454515359e-07,-4.04945089960228e-06,5.02409101963593e-06,-7.23878165707608e-07,-1.55586671368788e-06,0.0830848890177538,-1.39695869592591e-08,-1.84655400899505e-06,1.06465607291134e-06,-1.88867074613595e-06,3.09203387714876e-16,-5.01311571417694e-06,3.87287798900241e-07,1.11597030833105e-08,9.37224659807482e-08,-3.04958648168153e-06,-5.84619620425953e-06,2.90842504019204e-06,-1.05222653493377e-05,-5.0981963165184e-07,2.46290980616059e-16,-9.17442724332554e-07,-3.59102242228422e-07,-1.12462879394656e-06,4.30836829769042e-16,2.07645954806851e-06,2.9856529466948e-06,-4.5505349548002e-07,-1.69605773888421e-06,-5.71653128481466e-07,-3.23789318167004e-07,-0.000237161626714949,2.66895186864415e-07,2.14516203764299e-06,1.19080804804923e-07,5.77784124982784e-07,8.33099391976496e-07,-1.59326497060362e-17,-3.19932789148162e-07,1.04331355071837e-06,5.02552502588184e-06,-6.57739063702908e-07,8.31761249261103e-17,-1.41925402271335e-05,1.0795347590127e-07,-2.56376709307142e-07,-1.70604793780727e-07,-5.66681197740094e-07,5.91751705134096e-07,-0.000173400819854761,9.54633556747195e-07,-2.18925848414721e-16,3.27980890795427e-06,-6.24163284879571e-07,1.72051672335634e-06,3.95968854083013e-06,-9.3926368708206e-06,-2.68183323398571e-09,-5.95712119324689e-16,1.51136686437467e-18,-2.53940964239725e-09,-3.19004906285596e-07,4.19829782740883e-08,-4.19049280310231e-07,1.10741006022241e-15,-1.95599896555863e-07,-2.30517724706674e-09,-6.20854108963177e-17,4.01265940635693e-17,2.26759375398944e-16,5.11363678101038e-07,3.52122186331642e-05,-1.83746098440933e-06,1.81344780520835e-06,9.50297922936241e-07,0.017749623314001,3.31696936613101e-06,-1.6854822746745e-15,-4.057776079104e-08,1.40433835715296e-07,-2.25299908794789e-16,-7.46899744571275e-17,-1.06546288163932e-07,-5.77746623672478e-11,-6.34586931191938e-08,3.43873541014479e-07,6.1592853824865e-08,-2.2991391614342e-08,-1.13240036719919e-15,-7.70226933641532e-08,-6.44864839883432e-17,-2.59296369683346e-07,-1.73594052474368e-16,-6.70824207935686e-08,-7.00766582100869e-17,2.71720837049513e-07,7.13457164732056e-08,2.84759213723385e-08,3.70638553404887e-07,1.82864037123363e-07,-2.06142233075309e-08,1.28631633877968e-07,9.83894537709075e-07,2.08375016195089e-07,1.89771168065398e-08,4.17630119058909e-08,-1.13827764663406e-07,-1.89727853587698e-07,-1.50501289533393e-08,-5.11751449640123e-08,1.18044512283602e-16,4.62261682862571e-07,-7.69101856432186e-08,3.57808376370806e-08,-5.91710465371805e-17,6.07625144919875e-09,1.58836333097961e-07,4.35132501400704e-05,1.46452992344251e-16,-1.23378028780333e-07,-6.49282889053823e-08,-6.6363315867409e-18,-1.92340959238024e-06,1.58995488951004e-07,-2.50331261814086e-16,9.52934589240418e-17,-5.42384072661056e-09,-2.89225807505804e-08,-1.59570188105752e-10,-2.12886635235556e-07,5.14097873782445e-08,1.49913730134299e-08,1.42647024132672e-08,1.13884656653237e-07,-2.22838015354653e-07,-1.81492216966706e-15,4.339961659849e-10,2.95652448101532e-10,7.86575582391621e-10,7.03065296426788e-08,-9.56890195319218e-17,-1.36595046714445e-17,2.16360384344072e-08,-2.91822298909941e-17,-1.13226270014496e-16,5.86039747522495e-08,-5.83178416473024e-06,-4.37760425951604e-09,-5.13569652741812e-10,2.98609990002154e-07,4.67803248588793e-06,1.25183125903599e-09,-2.38938162638997e-17,-8.8373239531303e-10,-8.13059828004927e-11,-4.3391169963079e-10,7.42649227550953e-09,-5.15724086366114e-08,1.42412850198932e-17,5.1721532601252e-17,1.08127192799633e-16,7.35801164206728e-09,4.12861206286202e-09,2.43123728159172e-08,6.11532799362587e-17,3.64828161856818e-09,-6.12935524872691e-17,6.86601132916668e-17,-1.83377011550685e-06,1.98986827107476e-08,4.78261709344707e-16,5.4735597735074e-08,2.96262429368856e-08,3.0734032280169e-16,-7.34155447330709e-08,5.95942560574661e-18,-2.88492746072252e-08,-7.72639378147354e-17,-2.92145383626649e-08,-5.73914220954413e-06,-9.09622017107826e-09,-8.69905585646844e-09,-6.12721693808445e-08,3.33359479489706e-08,-1.02702364757003e-07,4.16415910563464e-17,-7.65852846672679e-07,4.37887055405306e-08,6.44707425949539e-17,5.86825477214121e-09,2.80512752495798e-06,-2.94225538111508e-08,-2.11355467670681e-17,-8.20132443608375e-06,-1.38748185282059e-07,2.1417437276253e-16,3.5478122112246e-07,7.93613199252441e-08,4.30694704653924e-09,-4.67416030227285e-16,6.41748865958205e-18,-6.7197793584467e-06,-2.69812102742879e-08,-2.20087750081584e-09,4.21589199070527e-08,-1.97740878493352e-08,1.21441648568139e-17,-7.02082320165223e-17,-7.36874100189095e-08,-5.09255166004455e-10,-3.18845066618252e-17,-1.84979685470129e-07,-3.17843760782784e-17,-9.91494088307366e-08,3.85832338054318e-08,2.26283687602908e-08,1.52272501010011e-07,1.98423229844513e-16,-4.52515762302869e-17,-6.19428211528309e-17,3.71118094645305e-18,1.43194338882016e-08,5.0460467379662e-08,2.18108854932456e-17,-1.2876992098422e-16,5.76238147572282e-19,-7.56860814575327e-08,-7.01968070281898e-10,4.29297638544274e-08,7.44740678430742e-17,-4.68106211186153e-16,-1.12355214583082e-15,0.0150908236241717,5.47231010414852e-07,-3.43180938178196e-17,1.07113893049311e-09,3.38672102964421e-08,3.81993849282169e-17,-1.39118157728511e-16,7.09970130837663e-08,5.96067991786576e-08,4.3652029684792e-08,-3.79847164304905e-16,-1.331923986434e-06,-9.16292595185294e-08,-1.06087512361319e-07,1.05051659256127e-07,2.88367991568094e-07,-4.85773242521668e-09,-7.77000323359664e-17,2.65267132501172e-16,-3.22802166883459e-16,-1.08663746300366e-07,9.86058400358695e-08,3.78550646808707e-08,7.36550138951881e-07,1.899959658187e-16,-3.64946127066418e-17,-3.20434644377891e-18,-9.65406159570571e-17,4.15461250602829e-16,-1.70166327038417e-07,5.24348023748843e-18,-9.58534584582808e-18,2.85462490550494e-08,-1.82831098958697e-17,2.56025319317652e-08,-2.21177243187043e-17,3.18435494040629e-08,2.87935271639947e-17,4.1075044914167e-08,5.22010879168809e-09,4.87669087250297e-07,-1.5855633066983e-15,-1.76836965318332e-07,4.52571338413912e-18,-2.68915607660315e-07,5.23290890274948e-07,-6.57087074016766e-08,-4.2914324122638e-17,-4.44687890954866e-07,1.92611911571958e-16,1.19550560236841e-07,5.28713160394375e-05,-3.22074591508156e-16,-2.44828427694501e-16,1.38584549443004e-17,-1.53740226941747e-16,2.45574427970243e-09,3.27860380506989e-08,7.55030588596405e-09,4.64351419814937e-16,-1.31125512092869e-17,9.64503216526532e-08,-7.95230235046446e-07,-8.5607268698257e-16,-9.55129840784264e-17,6.8865634865806e-08,7.64688358024634e-17,6.0504539310633e-07,2.15286945241581e-15,-0.109866233880833,-8.12471886662864e-15,-8.27647056136507e-15,-9.51719465972394e-16,1.7715938976445e-15,2.60693325295668e-16,2.95713233913262e-15,8.93977183940332e-09,-5.87090304652193e-08,-1.72012263539535e-16,2.59258625636472e-07,-9.94986036289902e-08,-4.24047397173444e-16,-6.22558656904115e-17,5.83110339936276e-17,-2.07022002910145e-16,-2.5806149270312e-08,-4.55363123148127e-09,6.3100331636583e-17,-2.51015292911001e-17,5.66231590088036e-08,4.59663694810503e-06,3.19278055645314e-09,3.8076200874544e-17,-1.0512664144703e-17,-5.99717858586035e-17,-7.85653780201759e-17,-2.4120384155767e-16,3.16158517016216e-17,-1.76108489699821e-07,1.70219712726346e-07,3.34099802454026e-08,-2.72986084699625e-17,-1.98964051720007e-16,-8.68777062113087e-17,-1.33147658668627e-16,6.01127433494758e-17,-4.23384853657131e-16,-9.94277557716972e-18,-3.8462766654259e-17,-9.65091812128112e-17,4.48377090884759e-19,2.20023968233962e-17,-1.51778906258614e-16,-1.13646704338492e-16,3.00677514965583e-16,-2.37412836508463e-08,-4.42916012611013e-17,-4.92181948630185e-16,-1.53307561579322e-16,-3.4533873205644e-07,4.18501870663515e-09,4.58389138353666e-17,9.00168802954106e-09,-3.29066604971294e-07,8.15725035932435e-17,-7.6936384408579e-17,1.48305736456568e-05,6.30537005675631e-17,-8.80084927486212e-09,-3.12288150913688e-17,7.66223284353723e-17,7.41198227710972e-17,-6.14517439757978e-17,-9.23441130350819e-09,2.85829615577822e-05,-1.03598033192245e-16,-1.0560410136402e-17,2.95417431893524e-17,3.67168301583128e-16,6.25764472082813e-16,7.61041129812136e-17,5.55853719976336e-17,-1.28641752007709e-17,-1.91070656845561e-08,-2.330711481888e-17,-1.51173533814233e-16,-8.05991698437092e-17,-8.70478834263307e-17,9.96512936970187e-17,2.35870291888917e-16,4.00376186677949e-07,4.73642457514248e-17,-6.11737072563174e-17,-0.00285428006273964,-7.55125950229146e-17,1.49533786821502e-16,-2.71724708854086e-17,2.24662014785618e-17,-2.72973344880231e-07,-1.30647832847574e-17,2.05269366117774e-07,6.67048115988912e-18,2.71461648208455e-17,-3.7453540581619e-17,-3.70351503281782e-16,-1.83933625547612e-17,1.4027665258017e-16,-7.70432995335775e-09,-9.78382129371789e-16,6.35249749644474e-17,-4.47580528678822e-08,9.91881044498959e-07,-1.76467690714022e-18,-7.12753129813555e-07,-1.05233327225418e-07,4.64969362947485e-17,-1.76986907428236e-17,2.50241533310583e-17,-6.78915621305259e-17,1.90540474699094e-16,1.99633890932233e-07,2.26343753608184e-16,-6.5967813744295e-16,-5.17114217462711e-17,-8.25581200409296e-08,2.17548196981226e-17,-9.94477068584324e-17,2.15164451610529e-17,-5.47006942458128e-17,3.92971337615702e-08,-6.4095477174456e-17,-1.19871383389258e-08,2.91355870580896e-17,1.25305628475204e-16,2.18496980159433e-16,4.7128992754688e-17,7.57220945905023e-17,6.66638538993571e-17,-6.97318843993806e-18,2.24246594175451e-07,-1.22791465777413e-16,-3.02912652503921e-17,-9.61688672645572e-08,-1.03042562418839e-16,4.52378870143389e-17,2.08313183654962e-16,3.16261402288193e-17,-2.69231862770015e-16,3.67997820805302e-16,0.00671327206374714,4.06546714115016e-16,1.53578037446931e-16,-2.22927742632175e-07,-8.03006443226122e-18,7.49265258673475e-18,1.45033577505776e-16,7.06978974492443e-17,5.70825674581382e-17,-5.75872561686511e-17,-2.58357652594665e-17,-3.18475849916816e-16,-5.39693480558381e-17,1.59695889706974e-17,-1.05474455040904e-16,1.31196651161135e-07,-4.40939756701219e-07,2.65156784824074e-16,4.39215021492091e-17,2.70252969028353e-17,-1.23495044718295e-16,-6.90741382736631e-16,8.23548716417765e-17,-7.94374909366439e-17,1.58925555951306e-16,4.10494744243208e-08,-2.04643436832132e-17,-2.33285808065352e-17,1.09690280484255e-16,-1.98251967481167e-16,-1.25464743825884e-06,2.55382105992999e-17,9.57304291714615e-09,2.56439638566483e-18,8.3165171058542e-17,-1.95805807863654e-18,-5.26852029608218e-17,-4.80158337099622e-18,1.64800846132362e-16,-1.03063368903561e-17,-1.00229756255284e-16,2.05191591218636e-16,1.47549719249587e-17,-6.15818692573367e-17,-2.34541769931892e-17,5.27895156866305e-17,-2.92883563013187e-18,-6.48161182460255e-16,-9.48887818726112e-17,5.24629716990666e-17,-4.67398606696868e-16,6.04743269258646e-19,-2.97758613148883e-17,-5.43483659494797e-16,1.51333937566143e-17,1.39724222910254e-16,2.13390279352672e-17,-4.92473104229534e-17,-6.26222284500654e-09,-1.29577280234626e-16,-1.26323851190614e-15,-1.35986256001032e-17,-1.42416731048674e-16,1.53697865054848e-17,5.60959431414446e-17,-2.52742358875211e-16,3.38526095418585e-17,-8.54470973257987e-19,-1.87648355111353e-17,-1.65256040237724e-15,-9.54557387441289e-17,-3.89934878397293e-17,-4.64254779392078e-18,1.79739318330948e-17,-1.35208731929147e-16,-2.94075946930813e-17,1.05704209532419e-07,2.81090608759302e-17,1.41165155622072e-17,9.27053864005547e-17,4.25662741991201e-17,-4.0414918617295e-16,1.22821035488773e-16,-9.51522918159331e-17,3.49894533595262e-17,3.22039217641325e-17,-3.22563545058556e-08,-1.67038973382836e-15,8.20567787272181e-17,6.98541851102106e-16,-5.44166388753796e-17,-9.52004768141678e-17,6.88134599955543e-16,1.39742137395799e-16,2.20490034115073e-16,7.09330662039887e-18,-2.81310932475948e-17,-7.85991205702533e-17,-1.22429060347445e-16,-4.73219337982818e-17,-2.81185600799916e-07,-2.31575375258613e-16,-4.85830998490322e-18,-3.28457732973844e-16,-3.80185128959226e-15,2.81187342371812e-05,-4.21811960327487e-17,-1.99794789718023e-17,-1.16729038969059e-16,9.43324000030168e-17,2.25110509607676e-16,-1.08148325138822e-16,8.29527837697292e-17,-1.09563984795193e-16,-7.50807725381494e-17,1.99351071112293e-16,2.12809544898996e-16,1.50399272273889e-17,-4.68876305485079e-16,3.18497787536371e-16,2.36047765875565e-16,7.84021498461278e-16,3.9541571042366e-15
"t151",-0.00475270480840285,0.0472441971751562,0.0606290095816473,0.0140752425237075,0.0277562781289976,-0.00441591981245529,0.00134717235646909,4.55042440624084e-05,0.000360446868850086,-0.000843655638747391,-0.000182024448318636,-0.000870577024358303,0.00543459826363531,0.0364146105179634,-0.000889310791899332,0.00151601937987156,0.106766216245078,0.00137012038785231,-0.000858218611463828,0.000315701099057052,-0.000727132939317524,0.000137668693418401,-0.000383501684060268,0.000667819863770262,-0.000106706551324667,0.000497000547539758,-0.00108251959061325,0.0764390005702643,0.000224855001449947,0.00497428623604861,-1.8569824885346e-05,0.000267029940203206,9.04084824558086e-05,4.57469642151331e-06,-2.09057765443382e-06,-3.23184709900845e-06,-1.06536251437355e-05,9.95820359196398e-07,8.33049599025841e-06,2.62886314660803e-06,0.00158065567601796,5.75513175758682e-06,-1.4094146187713e-06,1.58470392033229e-06,-1.55494051898568e-06,1.60846227704939e-07,-6.3601054789236e-08,1.20251032776566e-06,-2.08803282083411e-06,5.93495948132625e-06,-7.00999370909e-06,0.000336205454008202,-5.6561185274304e-10,2.26226655013899e-06,-1.4973674781563e-06,1.63196760577155e-05,-1.45329825738795e-06,0.00229995398447404,0.00015107958021222,2.10297146137391e-06,2.56208802013148e-06,-3.42358899203977e-06,0.000100248236406851,-0.00015790246134648,4.88790703550744e-06,-1.56868162032856e-05,9.94291168024901e-07,-5.24327863777329e-05,0.00279994088671819,-1.71622361332679e-05,3.3701597364066e-06,-9.87406539872219e-06,3.28805597410598e-06,2.22297857982728e-05,-9.33768421317274e-06,-8.73186838467763e-08,8.05594689920235e-05,-0.000345754619474035,4.21710561432382e-05,5.00831189193799e-05,-0.00037630436219658,-0.000221414346247829,2.8242577422781e-05,0.000133814115680871,-8.89038126289938e-06,-0.00025529996490293,3.82544067843379e-05,6.04739702615603e-06,1.34624113725164e-06,-5.11721412541202e-05,1.12647187997582e-05,-2.93135688368863e-07,-1.95853105359905e-05,0.00018585440170103,1.17984953774345e-06,5.53494667194692e-05,6.53107841383839e-06,-6.23150899083981e-05,0.00651061826877618,3.17779622048906e-05,1.04673247826559e-05,-6.84801785277978e-07,1.47913032667769e-05,-6.90773010112085e-06,3.0364464499694e-06,-4.8263390221971e-06,0.000165755088584751,-5.69276090879276e-06,2.60715416520463e-05,-9.06842053185009e-07,-0.000748442721302153,-4.94797615199353e-05,1.52648094515806e-05,-1.47811029141808e-05,5.45771122080443e-07,-1.63395588067044e-05,3.23893829861348e-05,-3.64278627845438e-05,4.10807932984025e-05,-0.00254203436566956,5.5877259926395e-05,-0.0366089330194339,6.03799216842035e-06,2.23120422265656e-05,-1.84799182679925e-06,4.90525164578397e-05,-5.13117163039944e-06,1.29315759025498e-05,-6.89876004107391e-05,-0.000960687670396241,-4.16097306329733e-06,-9.42644098794508e-05,1.26323081049942e-05,2.30730494104503e-05,-1.03257464306339e-06,-3.92286231748299e-05,2.46944967915911e-07,0.00385656265876387,-4.02041464783376e-05,0.000115862775546729,7.35327135653412e-06,0.00021973316978529,-6.01774821976509e-05,-3.80336015880958e-06,-1.44812763877798e-06,7.60968768423011e-07,0.0009423741487418,-5.28882547897203e-06,-3.45183909810953e-07,8.39053134666227e-07,1.7809981622413e-05,3.91660461664078e-06,1.1366115257889e-05,-3.13785178078557e-05,0.000226898841459906,7.8258522943725e-07,-1.17307470730537e-05,9.40382732467707e-05,3.18137352726747e-06,1.04977060354019e-06,7.0592163437414e-05,-0.00024139901062962,4.99258218345762e-06,9.92646847169956e-05,-6.3670054257027e-05,4.19558044137204e-05,-4.80308998118906e-05,-8.2525578985445e-07,-4.10989466207188e-05,-0.00112048347322498,8.90533852798508e-05,1.57044528812098e-05,-1.86954174464205e-06,-4.85175212719418e-06,-1.21600461872146e-05,-1.94993216018441e-06,-1.09468048304671e-06,4.67224523710052e-05,7.38615762650678e-05,0.000656122445264824,-0.0123958444516634,0.000110070656407606,0.00067372570356272,-4.58494510806716e-09,0.00966133434924014,2.85473539848672e-07,4.69427228777832e-05,-1.56153533829308e-05,-7.04000621526645e-05,9.2152519787574e-05,2.20134773700201e-06,-4.23252727901995e-06,-1.70309358652822e-05,-3.07393341495054e-08,-8.35306983209173e-05,4.33429736323323e-06,8.0286967793621e-06,5.76406410611455e-06,-4.84891493995679e-06,-2.15150196993732e-06,-2.15346434310459e-06,-0.000709934970403098,5.65799791475278e-08,1.02294043910296e-05,1.54981132415054e-05,7.7169197799585e-05,-1.00516415746117e-05,-5.29445710416253e-05,7.60006046124186e-05,4.79669496857625e-07,0.00031936715598284,-0.000103706552853959,0.000282279509235663,3.58086053136486e-05,2.89937945746643e-06,1.92444833496397e-05,-5.40992667028278e-06,-8.54490742257202e-05,8.12842160795947e-06,9.03400355379956e-05,0.0601892281662222,-4.24761779740893e-05,-1.46919204147534e-05,-0.00168600679720063,2.084511827806e-05,8.45873324132629e-06,0.000117692720446117,0.000232890137629397,1.48955462944396e-05,1.2202707739871e-05,-3.68831376853099e-05,-7.63955600142093e-06,-4.2749867770023e-06,-7.16392335089688e-06,3.84422654730426e-07,8.93491535953262e-07,3.32111868829734e-05,1.28841172077822e-17,3.75873057661779e-06,-5.3737678409716e-05,0.00570325905748185,2.75703153204751e-05,3.16763427316635e-05,-5.34246736654159e-06,6.20305251538131e-06,-3.21701791393308e-05,5.20738101485981e-07,-3.41095011756182e-08,7.79729043138324e-06,-7.92866520335655e-05,5.48892109016303e-05,-0.000258877837067468,1.60999354972344e-05,-8.67037359220189e-07,5.67840401418885e-08,-2.70585224462326e-06,2.55634478806327e-06,-4.02506636910887e-05,-9.01718613557348e-06,1.76205456234905e-06,-0.000725311417972185,8.36364450669265e-06,-0.00154062872088331,3.68648810761429e-05,-3.59242122707396e-06,1.22896449406341e-06,-2.15500654804984e-07,-0.000104589682649241,3.27482928606907e-05,-1.61165800416797e-06,-1.65267398509633e-05,1.3957678052613e-06,-1.68481466476248e-05,2.02954694966984e-05,-0.000782265355494736,6.07904036101834e-05,-4.75152889268712e-05,3.47186591271863e-06,-5.70937668558023e-05,2.92808386363978e-06,-1.13333366550309e-05,-3.61056260181414e-17,2.79840245369075e-05,9.59088285798695e-07,1.25796652396505e-09,1.09481071867799e-05,-1.38242316667303e-06,8.57326305965244e-07,2.83100621566723e-06,-3.24887751613478e-07,1.37870973165827e-05,-4.7917566365058e-05,-1.75950573981294e-06,3.78330895635738e-05,-2.0445151181962e-05,2.47531409758374e-05,-7.90426585124783e-05,1.22724033342607e-05,-2.02249964706004e-05,-7.170991819927e-07,-5.45053865225533e-07,-3.0183629228159e-05,0.000198224481743522,-8.87599586418867e-07,2.51223682442277e-05,-0.000932663300528208,0.00943776006129095,-6.63549503330107e-06,-6.01982188060383e-06,-3.48037483331954e-05,1.10755620540968e-05,6.33405770425173e-06,-7.40295799191998e-06,0.000809371673593008,-8.35995643725411e-07,-7.84783876924156e-06,1.53446096536173e-05,-5.33928104336446e-17,-4.76899364324082e-08,-2.88369093323961e-05,2.65131419078081e-06,-1.36977088055801e-05,-1.74675187277746e-06,-3.60696246681669e-06,-8.61480380372508e-06,0.00279836475848457,-4.30223986368498e-05,-2.65262459458827e-18,3.40110758595474e-05,3.13148752492516e-07,1.16524824876115e-06,-5.53192301735208e-06,-8.83193781741649e-06,5.98286322103113e-07,2.29944775649695e-05,-6.14965044141896e-06,2.93037606833679e-05,-3.90767780817072e-05,6.00840311010103e-06,1.44338680106778e-05,6.35951348978943e-05,1.08094028606416e-07,1.44225279493853e-05,-8.6570124166027e-06,1.56824979651184e-05,6.19058675156547e-17,4.61660717720484e-05,-3.63138939296781e-06,-1.04656791476554e-07,-9.22818982507147e-07,3.02414338792035e-05,6.29916044393997e-05,-3.20517793935584e-05,0.000116469842831108,5.73708443638992e-06,-8.49937559622686e-18,1.05177186096553e-05,4.14510148474676e-06,1.33138982829815e-05,-4.46657213101521e-15,-2.52505502570517e-05,-3.65343370352463e-05,5.586329992213e-06,2.09600093702173e-05,7.14319648837023e-06,4.0795253962894e-06,0.00300734734965907,-3.44887952258692e-06,-2.77819399333279e-05,-1.56211207190795e-06,-7.75023715245851e-06,-1.1187587403052e-05,-4.6615571187376e-17,4.48371855107023e-06,-1.47287166822381e-05,-7.2088084340451e-05,9.66310744661479e-06,2.62861989308936e-17,0.000219263829656478,-1.76143367666989e-06,4.28460576698204e-06,2.88281369827767e-06,9.70207502302084e-06,-1.03779238457991e-05,0.00315944343962121,-1.90301166001728e-05,-9.25965521848724e-17,-7.03574401392234e-05,1.34709352761931e-05,-3.75996780919714e-05,-8.80067997146323e-05,0.000209023557765619,5.99598202591551e-08,-2.16991831445651e-16,4.87825815847427e-17,5.82588390236403e-08,7.47240810578652e-06,-9.85840936496525e-07,1.00065666451479e-05,-3.05906323022101e-14,4.80690884769062e-06,5.70744367388917e-08,-4.20383244544419e-17,1.07447151892121e-17,1.11617104680983e-16,-1.23557948908813e-05,-0.000839395431877591,3.99008015368293e-05,-3.14592676949126e-05,-1.56994204585351e-05,-0.00263385514841111,1.34874099304344e-05,1.73766293229313e-13,3.10176878252018e-06,-8.75294095419588e-06,5.67133846553218e-17,5.55580755513603e-17,5.5903013444715e-06,3.0233331916525e-09,3.33590139189856e-06,-1.81984892566734e-05,-3.32071386154625e-06,1.24396936831725e-06,2.69278747647227e-15,4.18854863344434e-06,-1.69406993043146e-17,1.43250642722164e-05,2.45617299413048e-16,3.75307253833741e-06,-6.55027837790029e-18,-1.54637151637673e-05,-4.07485360026212e-06,-1.71092941879314e-06,-2.25269823966839e-05,-1.11685600687105e-05,1.28656386017655e-06,-8.18470984199761e-06,-6.5595618583609e-05,-1.38981343461191e-05,-1.28465572875839e-06,-2.90672733115283e-06,8.23204188527429e-06,1.4185666419591e-05,1.15596798300235e-06,3.98399206389387e-06,-6.17162079144943e-17,-3.75609745443101e-05,6.52316382113866e-06,-3.47365533223499e-06,-4.02496575305466e-15,-6.1863280349685e-07,-1.83255078243476e-05,-0.0238011132466838,3.46240403085961e-16,1.06517548792113e-05,7.19395022993298e-06,1.41517536939084e-18,0.000221893141483934,-2.25046251486617e-05,-1.31827964361421e-16,-1.71653605190309e-16,8.34189639593411e-07,4.48261646747842e-06,2.56522117371931e-08,3.57710381262413e-05,-9.60475035990143e-06,-2.82782692403807e-06,-2.72792209460684e-06,-2.55744025389765e-05,5.81435086244519e-05,-1.07844839227618e-15,-1.2053534222389e-07,-8.3028777768858e-08,-2.29881017618547e-07,-2.16008821238094e-05,1.79034062691812e-16,-1.07226152156944e-16,-7.14752424198234e-06,-3.77211127258841e-16,1.44243141042947e-15,-3.75013809999884e-05,0.0203062222871805,-2.32939548010797e-05,6.78435056637257e-07,-0.000741975340429631,-0.0274908764106301,-1.12299757739573e-06,6.81596537372418e-16,-3.93652800491343e-06,-1.85568802869815e-07,-8.53810747371416e-07,8.69144564906723e-06,-3.48925493456891e-05,8.31945511347711e-17,-4.48193180088461e-17,-6.40548521122976e-15,3.11415131515894e-06,1.50592476995801e-06,8.77601164039345e-06,5.96167480529447e-15,1.16407689617695e-06,-1.02447327123581e-17,2.99540957339345e-17,-0.000388705839632247,4.20036544084978e-06,1.33328045197902e-16,1.06843091643911e-05,5.54044705305621e-06,-2.65937619345831e-15,-1.26453781266637e-05,-1.01065748215725e-15,-4.53762664903573e-06,3.28159173644921e-18,-4.55949538396911e-06,-0.000890361793551553,-1.40172604049611e-06,-1.32813437640925e-06,-9.16416391250239e-06,4.63085005899979e-06,-1.29717882860446e-05,2.06821176062556e-18,-8.68330515783865e-05,4.91081122089814e-06,9.05999674481284e-17,6.48704864118286e-07,0.000302202915915413,-3.09851611177167e-06,-8.82715416335552e-17,-0.0040693321182663,-1.33205549466647e-05,-1.29951396784369e-16,3.34714449462858e-05,7.42013479681584e-06,3.89427726633491e-07,-3.31940197561677e-17,2.33392253609445e-17,-0.00285294417212169,-2.18316980644176e-06,-1.76917778480519e-07,2.94200926433279e-06,-1.34747081624667e-06,-9.91614153084163e-18,5.70996831621698e-17,-4.93819312422391e-06,-3.40552127442557e-08,5.37199426520156e-18,-1.20178650526754e-05,-2.28939182638973e-17,-6.25769868901546e-06,2.33482439833293e-06,1.36506833551387e-06,9.07221474768022e-06,1.46813042701232e-14,-2.53401063435795e-18,4.64087014257419e-17,1.67912879808831e-15,7.45781562026384e-07,2.59184707997189e-06,-8.10999016008209e-18,3.70303542128547e-17,-4.16977658802924e-17,-3.67389550004747e-06,-3.31185518631561e-08,1.83951844384458e-06,-1.52978720387255e-17,-2.51530044517159e-16,-7.03485295847911e-16,0.00638855612097353,-2.23035685720196e-06,-2.51011548021176e-17,-4.35693777026436e-07,1.1473632677276e-05,9.25118692285399e-18,-2.22442134284568e-17,8.0316769096508e-06,3.30897709642257e-05,4.01048618609174e-06,-1.05510596030093e-16,-0.000103422154752261,-6.68775590082834e-06,-7.23789561256917e-06,6.67587758695834e-06,1.80286248422336e-05,-2.95218419771333e-07,3.83712167667724e-17,7.04295920194464e-17,-8.92226897687603e-17,-5.80999511533307e-06,5.26330121112968e-06,1.99274075779982e-06,3.62885858518385e-05,-1.76254037854343e-16,-5.0642815134271e-19,4.90413316433028e-18,-1.80741567237995e-17,3.001280752931e-16,-7.8495018915894e-06,1.77199058103566e-17,2.74737617046297e-17,1.28338975172599e-06,1.36705717558278e-17,1.14946154416668e-06,1.11672823766007e-17,1.42634746798125e-06,-1.09966925662234e-17,1.75792074953649e-06,2.20936414654191e-07,2.02859605448293e-05,-6.19903694636868e-14,-7.19660286087389e-06,1.10309264190521e-17,-1.03978882784449e-05,1.87398533357615e-05,-2.34445384797937e-06,4.2007327204653e-17,-1.53020084583103e-05,2.3446101317394e-18,3.94122180908921e-06,0.00851727683574105,-1.1194635702661e-16,-1.47033391736308e-16,-1.75114985266434e-16,1.21647124869571e-16,7.31777387505443e-08,9.56720651236188e-07,2.14588554288689e-07,-2.77659654479488e-18,-3.21945094450317e-17,2.31647870414284e-06,-1.8913583247368e-05,-4.0190057374929e-17,-2.31109407294658e-17,1.02696870460881e-06,-2.85654689807695e-16,7.32424065137713e-06,-5.43637085894536e-17,-0.0054955340517108,-3.59243795176899e-16,6.25001991512109e-16,-5.62768917166156e-17,9.40700439465733e-17,1.82657195279086e-17,7.70444634520236e-16,-1.39090019815724e-06,9.73197967122619e-06,-1.43692676601422e-17,0.00014750697495652,-2.50122736271565e-05,-3.29033647428662e-17,9.78295632119494e-18,-1.65099335882724e-15,1.51447941490631e-17,-2.52267437563847e-06,-4.05619470020411e-07,7.0366594767317e-17,6.77569898696754e-16,4.63745843213611e-06,0.000372817185477828,2.51007141176935e-07,-7.66779318711025e-18,8.54392281202643e-17,-6.65927023646378e-19,-6.75150525766217e-18,4.14338793158924e-17,2.82511761161199e-17,-1.02366993016254e-05,9.72284012340488e-06,1.87739186617207e-06,7.72112170131923e-18,-5.59364014515836e-18,-3.73660455485743e-17,-2.91010353863801e-17,4.73273839030112e-18,8.46338668515841e-18,-3.25963377089601e-17,-5.88457674969864e-17,-1.85550450111034e-17,3.24595026028772e-17,3.2270424035737e-17,-1.01083891886418e-16,5.05866417019725e-16,1.13327379560088e-16,-1.10782472213739e-06,-2.62415067069036e-15,-7.25396400119526e-17,7.65770620036642e-16,-1.58402701295459e-05,1.91232517376439e-07,1.07828793047709e-17,4.10368857743819e-07,-1.47155188292514e-05,2.75100565354743e-18,-9.56643291897271e-15,0.000648637474312832,-6.48780639698392e-17,-3.75417994183949e-07,4.29665528432219e-16,-2.47505746920223e-17,1.70907884983597e-17,-8.65155439715593e-18,-3.8019010372814e-07,0.00117413313490275,2.05649571488948e-16,1.08315369093913e-16,2.44459929786704e-17,-1.0508819767148e-15,-1.65846045934231e-17,-3.96852390421062e-18,1.16212856714874e-17,-1.1888393245534e-17,-7.09536718005374e-07,-1.75608433047068e-17,1.09034987582288e-16,-7.22508131155708e-17,1.95574269187108e-18,-1.32638962957561e-17,-2.75451589784364e-16,1.44035449050422e-05,1.63560636183393e-17,-1.30392482748475e-17,-0.000841154493165789,6.24915731090452e-17,8.06555588963214e-17,5.08900855335477e-17,1.7795698474957e-17,-9.60760243704895e-06,-1.68066047365956e-18,7.17869475278105e-06,1.33947762693269e-18,6.18558180176725e-18,4.09397838076279e-17,2.15110496657158e-15,-3.32469323178127e-17,3.85441875295763e-17,-2.6605700151402e-07,-4.6840812159615e-16,-1.97222820728279e-17,-1.53119876714328e-06,3.39169377919894e-05,-1.10888155905156e-17,-2.418018261293e-05,-3.56129760762207e-06,8.16857906678251e-18,-5.21321630173793e-17,-3.25209529332899e-17,-4.22425672533285e-16,8.69422307045883e-18,6.52376851570707e-06,-3.52548332737131e-17,3.21706560080623e-16,2.05962549378768e-17,-2.67451149151082e-06,4.26650908290183e-17,2.96358311153931e-17,3.60661196221812e-17,1.31239978335451e-16,1.25859613467873e-06,-8.9416372727744e-17,-3.8256919296735e-07,-2.94513817704633e-20,5.32831074498526e-17,5.65383179838315e-17,3.42269869021105e-17,3.95097420294866e-17,-1.02683104878779e-16,-8.38265126416922e-18,7.01994151440096e-06,7.15289122443472e-17,-3.76929810044474e-17,-2.9941848106105e-06,-5.23916487848458e-17,-4.82447438611511e-18,2.09081701455254e-18,3.54530396144479e-18,-8.2749089102508e-17,1.31144966722735e-16,0.00176576502722825,7.16366630342436e-17,-2.7592752578668e-17,-6.92162281654929e-06,1.16360154483401e-16,-2.46814707213474e-17,3.41880039409762e-17,-4.32754907482456e-17,-4.15297134383721e-17,1.74710344266172e-17,2.04596675056646e-17,-3.09441153039264e-16,-3.34860938405436e-17,7.45729977394735e-17,-3.25076488326296e-17,3.95431642635459e-06,-1.32547104984403e-05,5.87886584403512e-17,1.25390153759477e-19,-1.66680506483305e-17,-1.53975590056166e-18,-5.18055359450369e-17,5.58736426519084e-17,-7.55300162630491e-17,1.82717739790847e-17,1.21757501850914e-06,-2.2425201378868e-17,-3.88326718730779e-17,-1.905005619625e-17,1.95214764150436e-18,-3.68110473793645e-05,8.18564097311617e-18,2.77533271548624e-07,1.65506044107278e-17,3.91456021051842e-17,-5.22466896775427e-17,-1.17023608408697e-17,-2.96298131209143e-17,-3.73085891315402e-17,-1.31772562156964e-16,9.02767889046324e-18,-3.74273208136944e-17,-3.4034125836889e-17,3.94733130237493e-17,1.53602607817918e-17,5.57737651236149e-17,1.52857608676246e-17,6.93985799891079e-17,1.7917747170158e-17,1.49495765310682e-17,4.73416802673431e-16,-2.64786324819787e-18,-2.82122103164309e-19,-1.3960456554437e-15,2.30480696157585e-17,3.41945394651862e-17,4.61690390544537e-17,-3.7177537812449e-15,-1.74103979539746e-07,-1.25045282600392e-16,2.23325502931418e-16,-1.92364768970278e-17,-1.36781455232026e-16,-2.68756976493597e-17,2.30277768806367e-17,-2.77447284258671e-17,3.54630866819247e-17,3.95862700604513e-17,3.1325304857695e-17,-1.42496184708526e-15,1.19718988122177e-17,-1.53578804795453e-17,-4.42570735942368e-18,-2.04628958790059e-17,-5.39976029150553e-17,-5.84642129156929e-17,2.86121763371406e-06,-2.35702017091245e-18,-4.2045156972542e-17,-2.42800280106313e-17,7.87349371240427e-18,3.07333319773834e-18,-1.91486119785821e-17,-2.39202090836355e-17,-4.36626252427372e-17,6.64647104146745e-17,-8.50271189601338e-07,8.72325580016958e-16,2.04137943349086e-16,-1.13899271701e-16,-5.59932401698061e-17,2.95350186171801e-17,4.63507036550274e-17,7.25263191807106e-18,-3.58933961270155e-17,-1.30215742963241e-17,-1.6331541945694e-17,4.59757090483313e-17,-2.45256041720039e-17,2.01154413303166e-17,-7.22428945474585e-06,2.96296884007529e-17,-6.86093977270509e-17,-4.97303550325844e-18,3.0382707774326e-16,0.000714072038480433,-2.02935880517646e-16,-8.27767501830824e-19,-5.59666485341355e-17,1.1165047784101e-17,2.18226022666439e-17,-1.20008272849499e-16,2.97105727970145e-16,2.16991789333779e-16,-4.06031434531103e-17,-1.10925705671432e-17,5.64633149870543e-16,-3.70436240763678e-17,-1.20738987899983e-16,-1.66899525085389e-16,1.28105385607998e-17,1.24414884771122e-15,-3.59438368125923e-15
"t741",-0.00486737803370887,0.049712336185137,0.0639043731465372,0.0151134105786919,0.0303050231766551,-0.00489933499318123,0.0014978679131494,5.10484844041377e-05,0.000413482665382341,-0.000999029083556639,-0.000226766883399349,-0.00115019461148056,0.00724821809138215,0.0488134329178365,-0.00121007793476953,0.00210772287116744,0.149834597955121,0.00193698178850492,-0.0012250348200207,0.000467936220501834,-0.00112201956734938,0.000239431683297453,-0.000695953847948589,0.00121761054613538,-0.000195189774792271,0.000946774548617918,-0.0020846275011894,0.148441427488065,0.000448060694726113,0.0121080061117315,-5.00254647204228e-05,0.000780395370189704,0.000307679130620727,1.76170597678779e-05,-9.45967421853168e-06,-2.05787695646567e-05,-7.29518192362218e-05,7.54158955052595e-06,6.6139371032904e-05,2.33640442665974e-05,0.0183553512762262,9.1163599754137e-05,-2.89946806072441e-05,3.34308345281956e-05,-5.16761372671315e-05,-4.62560327339535e-06,1.15785589935936e-06,-1.86529547964214e-05,2.28520916981203e-05,-4.91270099825332e-05,4.36522558326264e-05,-0.00187459731996502,3.10594297388174e-09,-1.09975383613278e-05,5.92803357737738e-06,-6.28256750895165e-05,3.70351844248182e-06,-0.00534979095011243,-0.000347770777745682,-3.97425127737533e-06,-4.2460402208138e-06,5.3402429930375e-06,-0.000149153816527455,0.00023221215907995,-6.61130578651765e-06,1.97553698264595e-05,-1.08068111170974e-06,5.35390930056003e-05,-0.00277941249906593,1.62057800452625e-05,-2.48152835718405e-06,6.07197716181852e-06,-1.9669996384153e-06,-1.25612856575157e-05,5.23869523670597e-06,4.77887527485764e-08,-4.36554813703097e-05,0.000178431008413976,-1.94394265007241e-05,-2.20278814125504e-05,0.000152385326923546,8.802852927149e-05,-9.75016379904825e-06,-4.41449397182262e-05,2.36194676204427e-06,6.34122966783169e-05,-8.83387931404036e-06,-1.37938277668938e-06,-3.06076521865475e-07,1.15392872738769e-05,-2.46515899641659e-06,4.55076410132959e-08,2.92415338367731e-06,-2.01703651973283e-05,-3.97862699834743e-08,-1.20368404879387e-06,-1.38343462186984e-07,-6.43237063897578e-07,0.000146230317097692,2.25114236506382e-06,1.19140601764616e-06,-8.06877262141661e-08,1.81007706911202e-06,-2.68533890608515e-06,1.26296552142077e-06,-2.11473475125406e-06,7.95954804472243e-05,-2.80399188210154e-06,1.34310274334553e-05,-4.99914065620005e-07,-0.000421791564877734,-3.17939566261248e-05,9.9641274947517e-06,-1.37855249721013e-05,5.51638863760539e-07,-1.98705150280985e-05,4.30109495984069e-05,-6.30008177687427e-05,9.59558841846178e-05,-0.00783069358603579,0.000207630559729265,-0.393024024119941,-0.000630052426019074,-0.00166942464729617,6.72518870936155e-05,-0.000394922825727798,3.88882516387184e-05,-6.17298320494636e-05,0.000168589983193168,0.00233589346936656,9.76184954336425e-06,0.000173333108989336,-2.23296006211653e-05,-3.96885905394181e-05,1.60448458373205e-06,6.01701135061753e-05,-3.1906111487418e-07,-0.0044594935210345,4.10403741002474e-05,-0.000117898938455022,-7.34302356876459e-06,-0.000217382923619185,5.86627962456133e-05,3.68717771189003e-06,1.40378775392173e-06,-7.1008920545916e-07,-0.000820879458978378,4.33063281735681e-06,2.78625965563906e-07,-6.57121328551739e-07,-1.39158520554403e-05,-3.02678497353977e-06,-8.72819268819136e-06,2.39248236731384e-05,-0.000162799749393206,-5.56471200115006e-07,8.28923262300504e-06,-5.88732543974686e-05,-1.94416534886273e-06,-6.3925161446681e-07,-4.21836029079643e-05,0.000143717394736275,-2.90735626117759e-06,-5.76578822390501e-05,3.62694505790761e-05,-2.34954218123172e-05,2.58641313808895e-05,4.43916545410517e-07,2.21017100647695e-05,0.000600227745527137,-4.75126124890183e-05,-8.3743243443448e-06,9.91028524444181e-07,2.56864951076007e-06,6.4282925508663e-06,1.03074049099243e-06,5.78660306008236e-07,-2.49157785412102e-05,-4.12383457550544e-05,-0.000372765914357419,0.00720027761846806,-7.32099588919392e-05,-0.000509663540058064,4.64161234640365e-09,-0.0410997853555243,-7.74649038970631e-08,-1.46220402109785e-05,6.34961652221998e-06,2.86983719832429e-05,-3.83177977251267e-05,-9.41252719245979e-07,1.83128227697939e-06,7.39223172184347e-06,1.34003268891302e-08,3.65261161993223e-05,-1.91283029113387e-06,-3.55075750092663e-06,-2.56125654624186e-06,2.16001895730633e-06,9.81435336903369e-07,9.83654711047846e-07,0.000328602286040064,-2.65886037580067e-08,-5.03756399020764e-06,-7.63413496782696e-06,-3.82102466412016e-05,5.06198652567853e-06,2.70043526079195e-05,-4.02714471110639e-05,-2.69217340333805e-07,-0.000189663539538872,6.28102449460129e-05,-0.000189827224998286,-2.58840684294289e-05,-2.10014712578338e-06,-1.48852956371237e-05,5.19846017896804e-06,8.65811754506619e-05,-1.21816745266638e-05,-0.000220477580461052,-0.192384350417529,-0.000315554601790999,-5.79056957164672e-05,-0.00431872415793408,2.44988881838959e-05,8.8799222784722e-06,0.000120342274940578,0.000146327215798518,7.37941281231094e-06,4.78611622303849e-06,-1.31156865480128e-05,-2.46487783571229e-06,-1.26354617222492e-06,-2.06664692405935e-06,8.95458888150121e-08,1.83809271272957e-07,6.02482203899872e-06,8.75856468920335e-17,5.85527328603385e-07,-8.18665074094306e-06,0.0126808329981871,1.70601313109545e-06,1.8258157141489e-06,-3.05437474792996e-07,2.54748949037354e-07,-1.23580162146919e-06,1.93776844985374e-08,-1.07967440559126e-09,2.18964752764571e-07,-1.74057843282905e-06,1.06449162620407e-06,-4.75427573255792e-06,2.09456069872386e-07,4.44716013412146e-09,-5.79666598955573e-10,3.79131711855362e-08,-5.40425618014021e-08,8.69232125342585e-07,2.32096712653672e-07,-4.90336999211662e-08,2.21579993946052e-05,-2.6231209882457e-07,4.95887831139451e-05,-1.22700202549708e-06,1.25066075302373e-07,-4.2991228863076e-08,8.27320946123792e-09,4.02272378991204e-06,-1.2621743835423e-06,6.34362338040327e-08,6.55384637718933e-07,-5.66143459581437e-08,6.86129497204862e-07,-9.1709469942463e-07,3.5666577435982e-05,-2.79064728926081e-06,2.21369799178234e-06,-1.63538164498253e-07,2.75016168249729e-06,-1.41881806861769e-07,5.51649615000133e-07,-1.14090694397556e-16,-1.38196010771539e-06,-4.74482142783013e-08,-6.25865350822589e-11,-5.51448224398008e-07,7.02987045123383e-08,-4.37805782263593e-08,-1.44860592007373e-07,1.69972047370609e-08,-7.22178091848397e-07,2.51076956376829e-06,9.26758779999532e-08,-2.01762275426775e-06,1.0923241703781e-06,-1.3240991615805e-06,4.24396911684062e-06,-6.65997018728989e-07,1.10089743336515e-06,3.90395081518199e-08,2.96745534693357e-08,1.65058346250578e-06,-1.08499882903059e-05,4.8576460902705e-08,-1.37447071636981e-06,5.10005097103786e-05,-0.00051598391766459,3.62016627544807e-07,3.28363552741757e-07,1.89774695224853e-06,-6.03761632309104e-07,-3.4497752522095e-07,4.02759093298535e-07,-4.39867809535212e-05,4.54114601466695e-08,4.2592993271805e-07,-8.31185616800951e-07,-1.41755287491213e-16,2.54575501530787e-09,1.53678899519342e-06,-1.4093496935064e-07,7.28068587163416e-07,9.28368705761054e-08,1.91582027855436e-07,4.5701827768979e-07,-0.000148238577929171,2.27220730366729e-06,-6.35605149713892e-17,-1.78355247948317e-06,-1.64068124096193e-08,-6.09321773743868e-08,2.89203178846848e-07,4.59473964451786e-07,-3.10404043416406e-08,-1.18836172621481e-06,3.16957538719856e-07,-1.50145601579035e-06,1.99127817165512e-06,-3.05103984346262e-07,-7.31494295813741e-07,-3.21896922996242e-06,-5.45936614074035e-09,-7.28243814403031e-07,4.36443267700469e-07,-7.89678140891157e-07,-4.4534319200725e-17,-2.30377208188729e-06,1.80874642506631e-07,5.21271886703641e-09,4.57205704593308e-08,-1.49709874165598e-06,-3.08824471077409e-06,1.56707251426847e-06,-5.69135506554586e-06,-2.79773344696634e-07,-5.54229685138046e-17,-5.11714891571151e-07,-2.01496338504331e-07,-6.45123779728885e-07,3.5987198869995e-16,1.21929872181394e-06,1.76274201519318e-06,-2.6942137218557e-07,-1.00999991769305e-06,-3.43711837220966e-07,-1.96083645853167e-07,-0.000144426993517425,1.6521920884265e-07,1.33050715914239e-06,7.46839804527483e-08,3.69435330883055e-07,5.3320503335142e-07,4.88403200568544e-18,-2.12471970055231e-07,6.97267747088705e-07,3.40533112064391e-06,-4.5499161930711e-07,7.38922768128997e-17,-1.02537249402322e-05,8.17632416692275e-08,-1.98242141149526e-07,-1.33185091323172e-07,-4.47442559331877e-07,4.77073715763552e-07,-0.000144506431920141,8.60361625689396e-07,6.17920210684718e-17,3.152245019592e-06,-6.03100928362128e-07,1.6808401118375e-06,3.92633220051781e-06,-9.32396493984079e-06,-2.67317063877584e-09,-2.44166499783692e-16,4.97583635399796e-17,-2.58945679776391e-09,-3.31314230741646e-07,4.36977261072889e-08,-4.42644295120697e-07,1.38833216891921e-15,-2.11803234349425e-07,-2.51106001536674e-09,1.65897652240779e-16,4.63065464467366e-17,4.29871071626513e-17,5.41620144228072e-07,3.6782317582565e-05,-1.74672622107841e-06,1.376405137778e-06,6.86846787040143e-07,0.000115198306300152,-5.89898527474195e-07,-7.60858716318008e-15,-1.35727544897902e-07,3.83204738770137e-07,2.37235049663256e-16,-1.47778294563825e-16,-2.45677524842486e-07,-1.33051750652356e-10,-1.47127032266429e-07,8.03968858649031e-07,1.4724466434371e-07,-5.51956253545103e-08,4.89160119707672e-16,-1.86021726382552e-07,9.05114958444681e-17,-6.38041558300305e-07,2.98039860145377e-16,-1.67550693613209e-07,7.51255262618003e-17,6.92567921485229e-07,1.82623522512676e-07,7.74670263539122e-08,1.02251098462767e-06,5.07490991274182e-07,-5.87486365431169e-08,3.75466834103976e-07,3.04563827853368e-06,6.45372437073778e-07,5.99010135460366e-08,1.36642176306333e-07,-3.91724862098073e-07,-6.82899516597381e-07,-5.62156274271117e-08,-1.94787562234353e-07,6.96890953907488e-17,1.87078153276836e-06,-3.31889665847724e-07,1.95541941631157e-07,2.8712312735469e-16,3.70767444691749e-08,1.48048381556811e-06,0.00736371353915525,6.55780499482499e-17,3.42248807123871e-07,-2.9079786248575e-07,-1.03739877576034e-16,-1.00071037141246e-05,1.27749692552888e-06,-3.74580830780925e-16,2.51098404995532e-16,-5.03944455850743e-08,-2.72334367727942e-07,-1.60084612005384e-09,-2.30624949241274e-06,6.70776157369818e-07,1.98960652496883e-07,1.93988670788419e-07,2.0732848283813e-06,-5.39228513117964e-06,-2.73963552057741e-16,1.18689196473937e-08,8.26540316512365e-09,2.38155167465765e-08,2.35626446781113e-06,-1.69986876537217e-16,8.05576641175458e-17,8.42978345366528e-07,1.38667738715783e-15,-8.08597984149286e-16,1.19731377331536e-05,-0.0327801595207381,5.0570717485779e-05,-1.05831120088356e-06,0.00288431692355746,0.156035805011805,-3.27769211415792e-06,-3.80624151519683e-15,-6.39139404377658e-07,-2.45868684280597e-08,-1.06459772443033e-07,8.28819649516341e-07,-2.24613371397783e-06,4.3794453539661e-17,-2.8236745311075e-16,-6.51828399820276e-16,1.28001927564495e-07,5.22527980005423e-08,3.00740026858519e-07,6.87446250657078e-16,3.42052995046332e-08,-6.71719486634178e-16,3.02956202765784e-16,-6.1669570060216e-06,6.61497505432254e-08,7.36811077664211e-17,1.45716613322981e-07,6.95098358562755e-08,2.48236483443982e-16,-1.33690876414899e-07,4.5687491942042e-16,-3.89348279007667e-08,1.00456208692474e-16,-3.8386636902651e-08,-7.38628510573988e-06,-1.14359323531057e-08,-1.0585710377179e-08,-6.92859846957785e-08,2.85804194817667e-08,-5.92867976612033e-08,5.86635651643689e-17,-2.6127673760975e-07,1.40738169636778e-08,1.28756684127326e-16,1.73965004645622e-09,7.1444406043217e-07,-6.49678357437427e-09,-6.26320146438728e-16,-3.15395931142813e-05,-1.51742970544439e-08,-1.20203980471523e-15,3.27232964247496e-08,6.66293115754016e-09,2.41081468076879e-10,2.2524758710127e-16,1.431894330075e-16,-1.27415680006291e-06,2.393558062792e-10,2.55291523930187e-11,-1.90038548973761e-09,9.27252882205548e-10,3.45068647227069e-17,3.15878600360284e-16,3.51229458519674e-09,2.43099127109119e-11,4.47493719589515e-16,8.90390942741406e-09,7.00222079181105e-17,4.71996861385933e-09,-1.75707097701859e-09,-1.02592157346507e-09,-6.77257517128428e-09,-2.03687685630614e-17,-1.96931460161009e-16,-1.25376758301456e-15,-1.72254831647943e-16,-4.63362355426337e-10,-1.56710707263413e-09,-1.33412478187325e-15,-2.7560092401683e-16,3.77564434610103e-16,1.96952412012589e-09,1.66377216961222e-11,-7.3259127901338e-10,-1.47787377516454e-16,2.87818714074371e-16,-1.10621214828633e-15,6.34371276044698e-07,-2.69054569624413e-10,-7.06192867347512e-17,-1.67171859595016e-10,5.75255693389346e-09,4.41305752658328e-16,6.0918734688667e-17,6.48295155798085e-09,1.60643298083377e-07,4.15127771710162e-09,-1.13172096065348e-15,-1.45652512870081e-07,-1.09348126199902e-08,-1.43201321957453e-08,1.67232448691708e-08,4.79345244744361e-08,-8.74563172577541e-10,-2.52226293877846e-16,-1.63537099418653e-16,-6.12863827107237e-16,-3.00915689404221e-08,2.74813989411423e-08,1.11246409938321e-08,2.82917280022038e-07,-5.44921734703457e-16,-1.2242686157553e-15,-1.02154533753833e-15,-1.99629804224618e-15,3.05934782318396e-16,-8.7442868178442e-08,-6.73838984514274e-16,-7.87831392493229e-16,1.6557402961238e-08,-5.31830431677418e-16,1.49486959575793e-08,6.18428919185732e-16,1.88020162750781e-08,5.38151707797685e-16,3.04939132706563e-08,4.11078789258125e-09,4.22101778061339e-07,-9.91637356610744e-16,-1.73481620460894e-07,9.64695157337302e-16,-3.65005562103141e-07,1.34620872262472e-06,-1.75775083751945e-07,8.88788253287033e-15,-1.89134637692668e-06,-8.5593299874251e-16,1.0543702435796e-05,0.712615047096174,-9.68178040685878e-15,-1.13441313280804e-14,-1.48950196781737e-14,1.45695052050272e-15,-1.2479787603814e-08,-1.30083293552036e-07,-2.36952048434581e-08,-2.22579541585552e-15,-3.16689159505228e-16,-1.37976396888288e-07,1.10488225250479e-06,1.57704836234293e-15,4.98775240409517e-16,-3.96095440987605e-08,3.23883771563656e-16,-2.6429181904421e-07,1.30278573247455e-15,0.000167935349881058,9.4620622910813e-16,3.66956071722853e-15,-7.24037009750438e-16,-7.4533374961367e-16,-4.96947152837204e-16,5.9883563680253e-15,3.28830828942749e-08,-2.29423685783372e-07,-2.32619164981474e-16,-3.23414556815072e-06,5.33025845816774e-07,-2.88498486801054e-16,7.41677670964094e-16,-4.91028151208717e-16,1.08813894903441e-15,4.80577621146251e-08,7.5434244015645e-09,-1.49494477944494e-15,3.07748537661949e-16,-8.40294339617246e-08,-6.73290188791894e-06,-4.48287065777909e-09,5.28376506977717e-16,3.47490893210011e-16,-5.87978243859044e-16,2.41572120722326e-16,2.18839328736673e-15,1.23701300706132e-16,1.55246195817517e-07,-1.45415575254401e-07,-2.76983625745724e-08,4.30661125243467e-17,-3.65402966224438e-16,4.17993583031172e-16,-9.36997292902122e-16,5.70434608617756e-17,2.18958713446283e-16,5.56420213534731e-16,-3.53098237109553e-16,3.64059901659031e-16,8.76740814983395e-17,2.29130806781834e-17,9.46307412537749e-17,2.62387693405296e-15,1.31541976057844e-16,1.32807486200045e-08,2.24482117298055e-16,1.90078729666362e-16,2.22693751838653e-16,1.85167645227519e-07,-2.22260635130283e-09,5.16564372801316e-16,-4.7525579154662e-09,1.65339015546104e-07,2.46804914680035e-16,1.14379793193915e-15,-7.02286289866921e-06,7.15203625085004e-16,3.88774356237409e-09,-5.05133584684782e-16,1.31049277494145e-16,-4.16729692503546e-17,-7.64636210884302e-16,3.67575787192563e-09,-1.12995260491882e-05,1.19523978480726e-17,8.85053965937324e-17,1.48370301293764e-16,-4.03573176729592e-15,-7.41949651614666e-16,-3.8755891535798e-16,-4.78313619633351e-17,1.44577195458638e-17,5.39305610228266e-09,-3.77190703918149e-16,9.17161825275585e-16,-2.99933269337527e-16,2.47667759454706e-16,-6.89264101872218e-16,-1.35445848962198e-15,-1.03971694203156e-07,3.42592497319228e-16,2.24621010830875e-16,6.01394012729813e-06,-7.69494516423709e-17,4.9457877907947e-16,-1.30930618792272e-16,-9.84644848310683e-17,6.12259475255385e-08,-1.5422790614237e-16,-4.47871767186482e-08,8.63681368019837e-17,-1.44817084786193e-16,-4.60891776572387e-16,-2.02488530197946e-15,-1.875289014625e-16,-4.93686880170503e-16,1.58847825297832e-09,-1.51199627058317e-15,7.97086303139236e-16,8.83224793944163e-09,-1.95296019095904e-07,1.0665554034141e-16,1.35080607226518e-07,1.97046925375732e-08,2.8263667866462e-16,-2.53990528656439e-16,-1.02266961423435e-15,-1.97887402611538e-16,7.88995976648464e-16,-3.10830918487095e-08,-6.92426425590091e-16,2.13893761088818e-15,3.29498479992639e-16,1.22291939582674e-08,3.54005508744584e-16,2.96638074976159e-16,5.81279803178371e-17,-3.96224378578746e-16,-5.43912687430576e-09,6.63488441388481e-16,1.6239210036191e-09,-1.59515590954388e-16,-5.81929091010859e-16,7.69919044645033e-16,-1.68389354219568e-17,-2.56585871276304e-16,7.34693712239573e-17,-1.0117374740146e-17,-2.69786271756073e-08,-6.50073217505635e-16,-4.26437174918752e-16,1.12122781306943e-08,-5.38202281937396e-16,-1.95240203689792e-16,-8.74068702520726e-17,-7.83881884965302e-18,-2.90810815644756e-17,-5.61883339011181e-17,-6.07095757919389e-06,-1.76382404302488e-18,-1.86209127445552e-16,2.28558404998889e-08,-6.49923353838606e-16,2.42916204398866e-16,1.13103261806552e-15,3.44170314149704e-16,6.68227535205988e-17,-1.51728235653653e-15,-6.07470752134997e-17,-1.82594200490344e-16,-1.23853151508679e-15,1.5520097110451e-16,-1.19460663065967e-16,-1.10951340443054e-08,3.64079969888108e-08,3.53583854320825e-16,-2.06791775423503e-17,-2.67010332275233e-16,-4.20940871070493e-16,-1.11812945592584e-15,2.90776861528777e-18,1.54770980027329e-16,-1.00283904404886e-16,-2.9714394603902e-09,1.16647272617514e-16,-2.67382489833022e-16,-2.56578481918906e-16,2.32850456473991e-16,8.03351611450963e-08,-2.91601826045392e-16,-5.25509667427239e-10,-1.33394556044017e-16,2.81177222360218e-16,-6.97998353301806e-16,2.01343366052532e-16,-1.4292894014565e-16,4.00814016485806e-16,2.39929348883192e-16,1.70897064388341e-16,6.70157771624765e-17,-2.79625936709702e-17,2.21507112989183e-16,-6.94243491065746e-17,-5.74218201013983e-16,-6.15841731615976e-17,-2.33741103080369e-16,4.86710779037005e-16,2.05874278279928e-17,5.83659284203086e-16,1.28106918753554e-16,-4.87441177168262e-17,-1.9575138284239e-15,-3.19209805292566e-17,1.59113251592752e-16,1.24410762017536e-16,-7.61355243005939e-17,1.47315884936427e-10,5.45348127149744e-16,-1.10319731424938e-16,3.61662541169814e-17,-2.53516640248196e-16,-1.56878726222111e-16,3.88571285989251e-17,3.89739875939529e-16,1.17456708732361e-16,8.23038356563803e-17,-1.01814721923525e-16,-1.00131859847711e-15,-2.57736530432305e-16,5.85847076839661e-17,1.57554097209911e-16,-3.82634351678538e-16,-8.3840152444359e-16,-8.91617363310529e-18,-4.30469080635784e-10,1.8217418958612e-16,7.67834011318693e-17,-1.16870893540893e-16,2.28551637668615e-16,-9.24964520001207e-16,-8.34766026279955e-17,-6.95651205452752e-17,5.19281180964952e-17,1.8462609345384e-18,-4.75801257654049e-10,9.57438505935791e-16,-1.80862248100516e-16,1.73356112108035e-16,-1.58884933439545e-17,4.28965590766258e-17,-5.69788694191379e-16,-1.78145939576951e-16,-4.90834255434562e-16,-3.1429176898629e-18,1.29765248081523e-15,4.13194984869171e-16,4.97192481228021e-16,-3.50681701659726e-16,-9.15317229161879e-09,-6.84953512225934e-17,3.36882214782528e-16,-1.25478368063167e-15,-4.93140913728357e-16,1.13897050688361e-06,6.20432042585736e-16,2.5648033966454e-16,5.52776834719456e-16,-3.58806867557311e-16,-2.216892056736e-16,4.36167075420207e-16,3.454823066458e-15,5.45207443592319e-16,2.29146357061283e-16,-1.18753846294954e-16,1.23525617472427e-15,-1.46614937735606e-16,1.4962401321449e-15,1.131432576466e-15,-1.63192415709971e-15,1.07363640329455e-15,3.56124223692786e-15
"t263",-0.00498845889201878,0.0525614094986053,0.0677076892206384,0.0164037501679688,0.033691358244071,-0.00558819113033467,0.00171474216897061,5.93742258656878e-05,0.000503080744146624,-0.00132192878737842,-0.000384727666779463,-0.000739147725210544,0.0123560773681727,0.111775166534732,-0.0123440146760609,-0.00333496093876022,-0.115645506753405,-0.000847915856734528,0.000198642493169839,0.00014738998671258,-0.000575781766310793,0.000164999352753048,-0.000456168973319315,0.000786585270381348,-0.000124613019188791,0.000387507411336128,-0.000513241133296347,0.00448682426268244,-0.00329186464869478,0.0172794400269609,-7.40944458619035e-05,0.00120837088610013,0.000524798572187265,3.27311121247751e-05,-1.97677984682125e-05,-5.60848211630469e-05,-0.000210886716843259,2.36836084870121e-05,0.000216024472362505,8.39076739015691e-05,0.0829739634714677,0.000541891777020293,-0.000217739993221068,0.000256785144395653,-0.000596807536070551,5.02610603226849e-05,-7.67263153127504e-06,0.000104379574742433,-9.01014544728628e-05,0.000155536842763306,-0.000164204553118563,0.0352846378722391,7.86466654336044e-07,-8.2578824769498e-06,-9.58558050959346e-07,1.12274221166293e-05,-1.38152839633656e-07,-0.000133894366482046,-1.16011468321253e-05,-5.31275560973366e-07,-9.05880867032214e-07,1.32571867350967e-06,-4.10077511919475e-05,6.53574270988001e-05,-2.16639450665142e-06,7.24354732059767e-06,-4.86897523349192e-07,2.68443233129171e-05,-0.00155457115636373,6.88041377658077e-06,-1.47138241456443e-06,3.72764143449517e-06,-1.19158207562576e-06,-7.15762009246142e-06,2.94864358268913e-06,2.54817727968229e-08,-2.26389293996112e-05,8.50547605477249e-05,6.58155441363757e-06,3.10599732135656e-05,-0.17460619719107,0.00148052777783391,-4.04623880766251e-05,-0.000173450433056397,9.83461564587587e-06,0.000281007908863095,-4.23352003136826e-05,-6.70445971827948e-06,-1.49326902699902e-06,5.68372540662823e-05,-1.25829931404164e-05,3.68952097936573e-07,2.50841635058372e-05,-0.000277784708479104,-3.00587371015117e-06,-0.000162578372303455,-1.932600160198e-05,0.000325975710806947,-0.0496918454510587,0.000248086798516135,2.72221868571719e-05,-1.67140064569292e-06,3.37223560183572e-05,-1.91907754224187e-06,6.29060909535577e-07,-6.87859205391995e-07,-4.61435973753224e-06,5.97866819760097e-07,-8.63557039311317e-06,1.97577933980387e-06,0.0293871547926845,-3.33015355254591e-05,9.47159896799554e-06,-3.82129810286702e-06,1.24997647956502e-07,-2.91436082919222e-06,5.17498681641261e-06,-4.26207650448123e-06,3.43092877058829e-06,-0.000174348784685891,2.63592167279276e-06,-5.87141619563404e-05,8.59966659584091e-07,2.21974231797135e-06,-7.63966158771202e-08,-1.27151944546258e-06,1.49430201523078e-07,-8.34683825291458e-07,0.245294775610043,-0.00702016757547443,-3.61338448656653e-06,-7.47647440562588e-06,7.71597819323819e-07,1.16562274281163e-06,-2.08428672123605e-08,-6.67383548760696e-07,-4.29287833897859e-09,-0.000153485464923385,2.1401146677831e-06,-6.22605284573172e-06,-4.17181305792661e-07,-1.27940565457794e-05,3.64560715210108e-06,2.33786074999094e-07,8.90310873834281e-08,-5.15025381070218e-08,-8.52605365418165e-05,4.80863643754156e-07,3.24034716666715e-08,-8.42923383574248e-08,-1.79867333622673e-06,-4.0559163870845e-07,-1.19436988715228e-06,3.35223226797459e-06,-3.18878918190069e-05,-9.92845085562917e-08,1.51361649029729e-06,-1.84595355785917e-05,-7.07345483889182e-07,-2.38218935212556e-07,-1.80715462746051e-05,7.14208669803784e-05,-1.57474122879619e-06,-3.2088943934501e-05,2.56970439047869e-05,-2.22140611616315e-05,0.000178592854017879,3.81456166509435e-06,0.000202544454411391,0.24022358805388,0.000411892293295698,6.36096438464655e-05,-2.95431095921411e-06,-6.57681576152689e-06,-1.30648201738931e-05,-2.00988537714238e-06,-1.10683980759373e-06,4.11487419089909e-05,9.74887278987497e-05,0.00103772013728078,-0.024781279024543,0.00109025554344282,-0.247137603176693,3.21169905203769e-07,0.000564187428730968,8.26606967160975e-08,7.64392355371111e-06,7.6273193442502e-08,3.55630424794256e-07,-4.37719773690014e-07,6.70469293058895e-10,-1.35683610445227e-08,-6.79643919194652e-08,-1.79855827505876e-10,-0.00164934733327818,1.06877393657039e-08,1.98794302838993e-08,1.32526222517235e-08,-1.04128028898893e-08,-8.16159327824285e-10,-6.1139910598671e-10,4.16655153111865e-07,-8.16799475893702e-11,-3.47726922793748e-08,-5.28147825724057e-08,-2.76080587181708e-07,4.10504785484423e-08,2.34213405295318e-07,-4.01046381393616e-07,-2.98882857517380e-09,-2.2079205047634e-06,7.37165709710277e-07,-2.22610780971357e-06,-2.94986000228652e-07,-2.39089517678396e-08,-1.63001424586065e-07,4.73942308356167e-08,8.49143504981556e-07,-6.33940179567447e-08,-3.85359494572634e-07,-4.68038353840726e-05,3.43486802039561e-06,1.12533537640267e-06,0.00053211818467448,-1.18315447163482e-07,-6.5047231111385e-08,-9.49192464624656e-07,-3.14100836130406e-06,-1.87579444067203e-07,-1.60207923687002e-07,4.90886372898651e-07,1.02902421854577e-07,5.81457110081221e-08,9.76869473967756e-08,-5.34789452227235e-09,-1.25550608079412e-08,-4.70984096369656e-07,4.83375282480583e-17,-5.38405036729615e-08,7.70786312334215e-07,-3.8812894598843e-06,-4.11854576819665e-07,-4.74471599424613e-07,8.00449089242361e-08,-9.38607760825815e-08,4.87697146242976e-07,-7.90146871851921e-09,5.20075838279448e-10,-1.19405864029525e-07,1.24213650252151e-06,-0.000395487266605004,3.67945995245702e-06,-2.43901532497819e-07,1.33920379356349e-08,-8.8039423683355e-10,4.20703340598938e-08,-3.99612117807117e-08,6.2943048102615e-07,1.41490562188787e-07,-2.77020173603098e-08,1.29362681148466e-05,-1.31707749703941e-07,2.42957642595173e-05,-5.8215252444928e-07,5.68316796119714e-08,-1.94459559342745e-08,3.42511301870864e-09,1.66249601183455e-06,-5.2060886735519e-07,2.56532125937271e-08,2.9865197826546e-07,-2.22617714506852e-08,2.68798197499359e-07,-3.27660140791952e-07,1.43257592692309e-05,-9.8133941325205e-07,7.69982272678613e-07,-5.64044139187897e-08,9.33183209602695e-07,-4.79498244297368e-08,1.85881980093014e-07,6.75746070406509e-17,-4.61620376051646e-07,-1.58337315962974e-08,-2.08242509132087e-11,-1.82503532801635e-07,2.31998117173886e-08,-1.44371992889533e-08,-4.77578778843855e-08,5.63361941130738e-09,-2.39584588142892e-07,8.33175904211617e-07,3.09218377239963e-08,-0.000630023711594886,3.66461128640161e-07,-4.49265207679511e-07,1.46966085792778e-06,-2.5143104521993e-07,4.38600740587313e-07,1.56093889225204e-08,1.18777619993502e-08,8.26096446096084e-07,-1.11627500343248e-05,6.1968333951352e-08,-2.9056064081348e-06,0.0320738239364308,0.000955169465490253,-2.02970349907619e-07,-1.68042342809022e-07,-8.29502408908073e-07,2.38321522078382e-07,9.97444403376705e-08,-8.46841939384295e-08,7.86462456114748e-06,-6.31876294168608e-09,-4.77907048570448e-08,5.65250138415279e-08,-9.9579822981527e-17,1.13478038860649e-10,7.64285860555553e-08,-7.97141875569101e-09,4.13178493795413e-08,5.28695300784878e-09,1.12055335295372e-08,2.80502739435327e-08,-1.07064801946668e-05,1.56396651797651e-07,2.37658620126506e-17,-1.40145468992796e-07,-1.30539574372131e-09,-4.96903406777761e-09,2.36498685732205e-08,3.95064169860911e-08,-2.73034497183489e-09,-1.07441832418946e-07,2.91259385623665e-08,-1.42055458183476e-07,1.92417580603446e-07,-2.98147221372739e-08,-7.18870193947826e-08,-8.91576210619013e-08,-5.41264390486616e-10,-7.22429083901402e-08,4.34516251584166e-08,-7.88276372383584e-08,-2.09233955668253e-16,-2.33802073820095e-07,1.84088585663018e-08,5.30548733657787e-10,4.68789486708763e-09,-1.53663285796748e-07,-3.20938942993733e-07,1.634890270103e-07,-5.94253779170682e-07,-2.93099330243835e-08,-6.6409326570219e-17,-5.38482486460303e-08,-2.12441848467704e-08,-6.86419212808374e-08,1.31375295576943e-17,1.32070086313885e-07,1.92300227293734e-07,-2.95264016742732e-08,-1.12073143551796e-07,-3.97408512839741e-08,-2.50706745527764e-08,-4.29155363519718e-05,1.59892293789517e-08,1.30203965545193e-07,7.58212450147754e-09,3.86631870707591e-08,5.58704213943242e-08,8.99939025457974e-17,-2.33595789638756e-08,7.74911148782056e-08,3.89887361313506e-07,-5.61459859315232e-08,-4.15574869361056e-16,-0.00359290388922043,5.76551980755431e-09,-1.5677325539641e-08,-1.09095130646341e-08,-3.80715989232958e-08,4.41383256996456e-08,-0.000122190133608562,6.28100238574907e-08,9.74450528242392e-17,2.34587827356852e-07,-4.4868352095583e-08,1.2490897249795e-07,2.91171149574244e-07,-7.81508772781995e-07,-1.97974559922067e-10,1.69059122919985e-16,1.29452642987757e-18,-1.90829826414981e-10,-2.43138310593572e-08,3.20533365592578e-09,-3.23893468626142e-08,-7.15109915991179e-17,-1.55976185304091e-08,-1.87826947080483e-10,-4.81279561694612e-18,3.48056063355922e-18,-1.79274338196877e-16,7.91963660599259e-08,0.000615325595732985,-6.22288232729985e-08,6.27093059020442e-08,3.16445003534537e-08,1.59468549458046e-06,-2.97474543564944e-08,-4.45154989351087e-16,-6.70364022780377e-09,1.87615018237653e-08,-1.01193006750404e-16,4.5874808777503e-17,-1.13750069429766e-08,-6.05706687621142e-12,-6.53720164225105e-09,3.51130357805775e-08,6.21021746181147e-09,-2.31431215743206e-09,-2.2515764956968e-16,-7.7366008856846e-09,-1.61454943572269e-16,-2.59050383425569e-08,6.28518852332847e-16,-6.67903882034749e-09,-2.56702882404838e-18,2.69504601538144e-08,7.07130911837042e-09,2.79901891358044e-09,3.63739512132401e-08,1.79343325932248e-08,-2.0161022690523e-09,1.25502659398821e-08,2.67242924348803e-07,2.01862599022201e-08,1.83749880421876e-09,4.0297906715459e-09,-1.09281280784723e-08,-1.81300312170682e-08,-1.43241142388046e-09,-4.8604766811209e-09,3.11908200013882e-18,4.35965862404025e-08,-7.1979148854339e-09,3.25407471774988e-09,-2.93554867938291e-17,5.46337329942571e-10,1.38721611359372e-08,1.09356584515449e-06,4.54878828610883e-17,-1.12298731454016e-08,-5.6342414429972e-09,-6.84840014508232e-17,-4.60582630028426e-07,1.24818588959628e-08,-1.53837268462877e-16,1.24646050542423e-16,-4.06211164116887e-10,-2.15585660245972e-09,-1.16172423808066e-11,-1.50274111282756e-08,3.3297746813741e-09,9.62521070456177e-10,9.04211130892175e-10,6.01383645783387e-09,-9.15698550707302e-09,-1.98399700279182e-15,1.54712438007628e-11,1.02425989959951e-11,2.43369171277277e-11,1.83376233902076e-09,-2.7351516477086e-16,-4.88960752772234e-17,4.02375285289888e-10,-3.70347883758479e-18,2.99578916522293e-18,-4.19877968456805e-09,1.75797066474651e-07,1.17830428838186e-09,1.15135401992809e-10,-6.22502226155931e-08,-3.59591593087654e-07,-4.2088497451984e-10,2.28352973702256e-17,-1.55701477159472e-09,-7.84503110577513e-11,-3.68700040868367e-10,4.14933020352317e-09,-1.95925001513638e-08,-1.88921658648746e-16,-2.10242290709807e-17,2.08594540777833e-16,2.12871024584151e-09,1.10917031002812e-09,6.49927549198007e-09,-3.98435129015521e-16,9.21736490006333e-10,1.91583915395021e-16,8.41944162512653e-17,-3.95985387760669e-07,4.29109286823023e-09,-3.84218739917499e-16,1.15179803363301e-08,6.15666623315586e-09,-2.92543881620448e-16,-1.49340255562306e-08,1.1781165840619e-16,-5.94905923052436e-09,8.85582458555595e-18,-6.3466060291029e-09,-1.14369342080071e-05,-1.61707496687764e-09,-1.63618027161505e-09,-1.17288495900932e-08,6.34084275305767e-09,-1.91682174845165e-08,4.33763145323232e-17,-1.39870823771556e-07,7.98012504011464e-09,8.57757836222221e-17,1.06643178503148e-09,5.72407490247288e-07,-5.29633519658654e-09,-7.49923552247893e-17,-4.16494539140654e-07,-2.45665873610529e-08,7.378478325484e-17,6.25740306288504e-08,1.3971803676402e-08,7.53236529493099e-10,2.0075380426874e-16,3.44753691743734e-17,-3.31270957587083e-07,-4.61368407026711e-09,-3.75789568129041e-10,6.94367581886559e-09,-3.2329600867023e-09,-3.07563289073194e-18,1.22749066660787e-16,-1.19818289050364e-08,-8.27470927121211e-11,-3.95394701910545e-16,-2.9752393907827e-08,-3.10254345575385e-17,-1.5770942380169e-08,6.02791230669548e-09,3.530239578225e-09,2.36184404428408e-08,-8.11728401397516e-18,-2.90969638602528e-17,5.30829598485556e-17,-6.04663860591649e-18,2.05840751627141e-09,7.18725980134343e-09,-6.66372058119587e-17,1.84826891820066e-16,1.04655951156095e-16,-1.03602490122588e-08,-9.40666110523323e-11,5.3262325019968e-09,-5.12933841652444e-17,-4.12500702731359e-17,-2.95534359190586e-16,5.67959838257803e-06,-7.48126241727446e-09,-7.05021166867537e-17,-1.39635451977278e-09,3.70860183754583e-08,-7.29517605213406e-20,-1.23729862537049e-16,2.65385602093295e-08,6.18253219321058e-09,1.34544970138588e-08,-2.07628248546966e-17,-4.00382274362945e-07,-2.32364028934064e-08,-2.55897952110926e-08,2.41718390465446e-08,6.56966690334099e-08,-1.08876504004661e-09,-1.10879151375984e-16,4.76806475120203e-16,1.99015181657662e-16,-2.29529774300684e-08,2.0815343516475e-08,7.95103378252124e-09,1.70895614512345e-07,3.11169255323735e-16,-3.09270268421897e-17,-2.80118087841147e-16,2.66969917067938e-17,5.9869294657864e-16,-3.44094896933861e-08,-5.46580261433197e-19,7.64931353067671e-17,5.73761243979517e-09,-6.38980998871138e-17,5.14430924883922e-09,9.86623976961809e-17,6.39489535218054e-09,4.73333843134968e-17,8.16376882389693e-09,1.03488276480339e-09,9.62952646643976e-08,-3.21491993797446e-16,-3.47381387205959e-08,-1.2568696753137e-16,-5.2146003481636e-08,9.91679006237625e-08,-1.40270566528742e-08,5.28720310772366e-16,-8.3082855553557e-08,-9.30669407423974e-17,2.1639423267118e-08,2.76019573460877e-06,-2.37400696647485e-16,-1.28818795238552e-16,-6.3522673813446e-16,-9.28080648480617e-17,4.31473840315496e-10,5.69712181548825e-09,1.29326479689678e-09,-1.06010453663535e-16,1.31251413648623e-17,1.48888973872034e-08,-1.21948406715849e-07,2.42002106334174e-16,2.48993729844032e-16,7.32971262490147e-09,-2.24180426627767e-16,5.36356005685288e-08,3.44035498171877e-16,-1.26777675663976e-05,-5.23608830215595e-18,-7.48995788988228e-16,-1.03439686219735e-16,2.43078030839905e-16,-6.23724957026381e-18,-1.01177096694187e-15,-1.48820451747848e-08,1.04697086658373e-07,-3.08188056403714e-16,0.000413207792224827,-3.49152363364083e-07,1.34550287764842e-15,1.27770818145514e-15,1.11446318409045e-15,3.00531761285014e-16,-8.10052496479574e-08,-2.18952741699192e-08,8.83034162459946e-16,3.45695613698941e-16,2.00741452777427e-06,0.170126386399087,-3.07116479194295e-08,8.82876594659612e-15,1.57448249181186e-15,1.77785931672157e-15,-2.40459554439315e-16,-8.27438309728855e-16,-1.93231818034227e-15,2.60475170947869e-08,-1.87950356245154e-08,-2.65526918891954e-09,-2.40452755580613e-16,2.63849290677501e-16,-1.5285813707252e-16,-4.85774118304168e-16,-2.11496170432376e-16,-6.07447789003281e-16,-6.12919750947913e-16,-1.18368466766441e-16,-1.34673097684301e-16,-5.55064338069028e-17,-3.6868550488159e-16,-2.02253481911401e-16,9.8575152876528e-16,-2.28233427356081e-16,-2.57354959491763e-09,-1.81226335646021e-16,5.38814374014337e-16,-1.24793044442953e-16,-4.03559402607793e-08,4.9640971362414e-10,1.2346649409863e-16,1.07725703425674e-09,-4.20625996202646e-08,1.95088471052476e-16,2.66309457057772e-16,2.27572483835748e-06,2.64743332634139e-16,-1.26850178953928e-09,6.5265178259841e-17,9.68969090608512e-17,7.9974514502519e-17,-4.17646208277119e-16,-1.41908224159445e-09,4.96824623069765e-06,-2.17757861966896e-16,-9.84613304296746e-17,-6.25070212546669e-17,4.97860714114947e-16,2.68265451435341e-19,1.38830244345516e-16,8.33908422161285e-17,3.36682605208555e-16,-3.28196329302395e-09,-1.24650930940249e-17,-1.66357856534502e-17,-2.64263017862754e-16,-6.26141461551608e-17,1.05093099027323e-16,-1.74854828861609e-15,6.87647932360657e-08,8.11913535329725e-17,-1.7134739498643e-16,-1.16457246479592e-06,-2.4771200601668e-16,5.00674197889855e-16,-4.8314413248876e-17,7.75998227834448e-17,-4.89456711225698e-08,9.59504212018969e-18,3.69278159106038e-08,8.88131930196738e-17,-1.81178424357658e-17,4.84778515074985e-17,1.00661652307031e-16,-1.27555112578366e-17,2.54863601350205e-16,-1.39495339216392e-09,9.65206869374369e-17,9.01494018681243e-17,-8.14162661709194e-09,1.80467227389574e-07,-2.08466351428851e-17,-1.30173042432469e-07,-1.92413081515811e-08,6.84922275270632e-17,-9.71705860515841e-16,4.93357704995776e-17,8.53062048416759e-17,-1.54038413390531e-16,3.70588354337967e-08,2.22752232530751e-16,-4.17048168700508e-16,1.70949063462575e-16,-1.53773328693547e-08,-6.7925981717302e-17,1.49310585992803e-17,-5.25563594552134e-17,2.47309392469099e-18,7.34961667549194e-09,-4.47675587649077e-16,-2.24454663451027e-09,2.08956505471998e-17,2.35419447367631e-16,-2.00518699093351e-16,-6.6508341435104e-16,-7.24883423882661e-17,-8.65423165239483e-17,-3.35361416658329e-17,4.21941788574413e-08,-1.02420120154305e-16,4.53817011487363e-17,-1.8102093471538e-08,9.54310832003636e-17,-6.97478194229525e-17,3.97265359660105e-16,-3.91722616344841e-17,-2.51812833858076e-18,3.76343876404009e-17,3.13907241338581e-06,3.99523370038885e-16,1.11178454480372e-16,-4.2944481843929e-08,-1.47371828282032e-17,5.2131827764256e-18,2.18082924289275e-16,2.07936217043676e-16,1.4275431284999e-16,-6.43380200894721e-16,-8.59695071694697e-18,-3.68368126523718e-16,-1.50949387989823e-16,7.752693277786e-17,3.11350186922695e-17,2.52333249198482e-08,-8.48603499795954e-08,9.94606984967358e-17,-2.15947854666319e-17,-1.18975610893943e-17,3.8404160062873e-17,-7.92376403604442e-16,1.10420130199146e-18,-2.87978967937204e-16,3.7134921880592e-16,7.92844597840554e-09,5.01557476928606e-17,-7.39608222616082e-17,1.05628198728446e-16,-3.9144980737905e-17,-5.08619661541235e-05,-1.68445470106082e-16,1.86141474705539e-09,-1.30481148981264e-17,-2.91817292830752e-17,5.32311676666247e-18,1.7228674782992e-16,-7.36484213238258e-17,-2.19008018839258e-16,-1.84368532373181e-17,5.16186289987259e-17,-1.27806636048294e-16,-5.50676479831078e-17,2.85432574138461e-17,8.17134337379047e-17,-4.10605854361899e-16,1.53941810848732e-17,-2.15451875420958e-16,-2.62979436867007e-17,1.11548689273689e-17,-2.81461332100777e-16,-6.14116209969122e-17,9.77050954031544e-18,-1.28881721846974e-16,-8.82747425531531e-18,-5.2604720902696e-16,-1.02230827062794e-16,6.61118007295041e-17,-1.23304275513985e-09,4.20759215871964e-17,5.26528742514713e-16,2.02284821814445e-17,2.07696557509453e-16,-1.33545678454472e-17,2.76898462223244e-17,-3.65665763530563e-16,1.06468339514438e-16,5.92103293824389e-17,-1.78974737731469e-17,3.99016164232739e-16,-3.04615267176048e-16,1.15303333980952e-17,2.48477512976849e-17,-3.59560622659995e-16,3.94093692928616e-18,5.90633025817357e-17,2.09791282720309e-08,-2.43663242723682e-17,-8.42206214822281e-17,4.65183738526723e-17,8.22631902540964e-17,-5.58775468411151e-19,1.53297281605603e-16,6.34664860186962e-17,-1.90341988014583e-17,-2.05686688640942e-18,-6.45196493156327e-09,-1.19284759507565e-15,4.59901235838416e-16,-1.23294980650695e-16,1.52448362899554e-17,1.30908751805252e-17,1.2054510569153e-16,3.32734840577231e-17,1.84335590849006e-16,3.72383882595855e-17,-2.77587144365533e-16,5.09630390417646e-17,2.58559583063961e-16,-4.8731396622513e-17,-5.66659020236407e-08,-5.77278104927345e-17,-4.19380242839075e-17,-5.23866247789621e-16,1.53225803871448e-15,5.49578553077341e-05,-4.1003855843666e-17,-5.25017081736355e-17,-4.08483829181048e-17,3.05576168498446e-16,1.29592298211703e-16,5.72086068000331e-17,-1.8768935814693e-16,-2.52838111589249e-16,-8.75490975217327e-17,8.84371888670261e-17,-1.24922606675182e-15,-1.09399827327066e-17,-8.25253559581065e-16,1.66507688576337e-15,4.00304395007119e-16,-7.10822435059316e-17,5.70766279976747e-15
"t57",-0.00498241294426637,0.0524284079725027,0.0675309237221023,0.0163467219047481,0.0335487799328145,-0.00556060129621923,0.00170611647758097,5.90528097169697e-05,0.000499889490313718,-0.00131187445357255,-0.000381081652862263,-0.000730696286504883,0.0122111562690193,0.110446753919447,-0.0121917333729624,-0.00329172616894438,-0.114115609623249,-0.000836525352755187,0.000195921647360444,0.000145226127016349,-0.000566769026214376,0.000162011933603869,-0.000447576635870757,0.000771709187776713,-0.000122249744826954,0.000379916679566279,-0.00050310693293342,0.00439769578915915,-0.00322531811683192,0.0168940896375742,-7.23900598792155e-05,0.00118005692711061,0.000512216581101028,3.19382467736568e-05,-1.92862247883888e-05,-5.47257965426422e-05,-0.000205791356778431,2.31139809191444e-05,0.000210840713119101,8.19058354597679e-05,0.0810225525712404,0.000529347895134304,-0.000212758638098867,0.00025091664972957,-0.000583385689981514,4.92190357296893e-05,-7.51877035690091e-06,0.000102322367629381,-8.84205837497961e-05,0.000152836959650651,-0.000161683293251821,0.0347799268094954,7.75343119689428e-07,-8.15293329307653e-06,-9.49442309223957e-07,1.11266236269124e-05,-1.38585874017504e-07,-0.000134888428852302,-1.16935875871695e-05,-5.42394680749702e-07,-9.36105407972998e-07,1.37947284648979e-06,-4.2932754859601e-05,6.85364068515922e-05,-2.30166616924611e-06,7.8006390487852e-06,-5.44257450780156e-07,3.0641798612984e-05,-0.0017937073232972,8.11070457426685e-06,-2.07191442175525e-06,7.053215468894e-06,-2.42720141945102e-06,-1.78080360943641e-05,7.56971354665019e-06,7.4001589856697e-08,-6.96076472306396e-05,0.000385184991693065,-6.33811995004871e-05,-0.000108361711750845,0.244827076930201,-0.0017783540946572,1.76849407855857e-05,5.54848827757589e-05,-2.43659493224858e-07,6.63405631763895e-06,-2.72957464555217e-06,-4.72372772297054e-07,-1.07502898504949e-07,4.30834927466421e-06,-1.1188698771328e-06,6.67139159463722e-08,4.69199635448932e-06,-6.17513026679253e-05,-7.89880917671854e-07,-4.34482787089978e-05,-5.16864304447484e-06,9.03724181054802e-05,-0.013932219359581,7.19661188099596e-05,8.05283373717911e-06,-4.95143055702486e-07,1.00056922398513e-05,-5.81740895109381e-07,1.90378753882008e-07,-2.07849580020552e-07,-1.3896199780921e-06,1.79854043948146e-07,-2.59245994660667e-06,5.91082816568246e-07,0.00878080300048173,-9.86859832921453e-06,2.80374244840101e-06,-1.09718714511171e-06,3.55973759333423e-08,-8.13335760696457e-07,1.42957845936771e-06,-1.14025365285934e-06,8.84193964903797e-07,-4.34507014596813e-05,6.4295175594049e-07,-1.30599936574782e-05,1.76451510814808e-07,4.53844833602213e-07,-1.54079316358361e-08,-2.28029679653888e-07,2.6486347658821e-08,-1.27737811405981e-07,0.00929171822172357,-0.000252180606505464,-7.56118718633384e-08,1.41143481473563e-06,-2.04996195143758e-07,-3.92784591701752e-07,2.03306787182414e-08,7.84889556801912e-07,-5.9541995417173e-09,-0.000114217377451956,1.13255660812304e-06,-3.27287081807924e-06,-2.11011301281337e-07,-6.35306953191584e-06,1.76001395173668e-06,1.11708206027957e-07,4.25352312822376e-08,-2.29899428712886e-08,-3.39863774708235e-05,1.73901060295795e-07,1.1456719068756e-08,-2.8398375939923e-08,-6.03700210229313e-07,-1.33710355461834e-07,-3.89640662489852e-07,1.08070889181914e-06,-9.23421837807523e-06,-2.82625030570755e-08,4.25653345284933e-07,-3.84760566472582e-06,-1.35424855739433e-07,-4.49886790938757e-08,-3.15335054393382e-06,1.22519569446012e-05,-2.41032655970038e-07,-4.83930304021799e-06,3.40890832330082e-06,-2.55482103031533e-06,1.1349097873943e-05,2.35514669450234e-07,1.24114024783321e-05,0.0130475092214344,1.90409367322384e-05,2.86691645341274e-06,-8.69693995608509e-08,-1.62233737751396e-07,-1.91794826323736e-07,-2.47366486398711e-08,-1.2292795864755e-08,-3.54917719267826e-07,-1.98405515927394e-06,-2.16311912136635e-05,0.000513576890843653,-1.75323924369448e-05,0.00299150435515534,-2.14858592509063e-09,3.16907949507401e-08,3.20559164306127e-09,4.10096794374479e-07,3.02593652761279e-08,1.49860585660272e-07,-3.49250046939811e-07,-1.49287453870368e-08,3.57822377404503e-08,1.54151346775441e-07,3.27547286593799e-10,0.00134932503808622,-3.81972142562178e-08,-7.24761772829909e-08,-5.38574167074066e-08,4.58656178751363e-08,2.12478594607539e-08,2.12806789623578e-08,7.02971762738393e-06,-5.58320593792026e-10,-9.84689335217848e-08,-1.49162071723133e-07,-7.40289524242437e-07,9.53790899516878e-08,4.98206596959234e-07,-6.97424794630964e-07,-4.24238705788493e-09,-2.72896226835118e-06,8.75969149181701e-07,-2.24855509915226e-06,-2.74558798091933e-07,-2.22068145217537e-08,-1.42519067218499e-07,3.58894658090833e-08,6.26273713497033e-07,-4.08049861340774e-08,-2.26451345578091e-07,-2.66593436581324e-05,1.72136056940903e-06,5.46961836595501e-07,0.000250067588670248,-5.00940085982575e-08,-2.69554785902884e-08,-3.91268577870458e-07,-1.14831950698962e-06,-6.35139329205984e-08,-4.95772830543321e-08,1.45536084825244e-07,2.91377236815636e-08,1.57443865501195e-08,2.61098036445425e-08,-1.25752726432182e-09,-2.7007873238396e-09,-9.10058440838202e-08,-1.75261212077207e-18,-8.67171251983645e-09,1.1905982750169e-07,-4.12289344603228e-07,-2.6228209788839e-08,-1.03460689079799e-08,1.52030506883556e-09,9.64096817553734e-09,-6.61856797384314e-08,1.21138802278909e-09,-1.41744020551769e-10,5.02217962923593e-08,-1.93549515906267e-06,0.0233263954777716,1.63603434239054e-05,-1.68354410313732e-07,1.80336946493535e-09,-7.45041508171003e-11,2.17182037254068e-09,2.49704534171319e-10,-6.23367124416308e-09,-6.17546364893517e-09,1.6953976255034e-09,-1.09945892202401e-06,1.21637506305567e-08,-2.42836561048731e-06,6.42103473466796e-08,-7.11872074038439e-09,2.46849256687297e-09,-5.58936496497815e-10,-2.72639836028254e-07,8.58477129064738e-08,-4.47286625737584e-09,-5.31140815048424e-08,4.20352717708893e-09,-5.1298687571622e-08,8.29887745931293e-08,-3.72190894335175e-06,2.59988739290393e-07,-2.12931503864284e-07,1.61126623901134e-08,-2.85278263765742e-07,1.493079009916e-08,-5.87067172140362e-08,1.50706767264621e-17,1.52687958637967e-07,5.26774499909807e-09,7.05733696727906e-12,6.4451352169126e-08,-8.46504564171818e-09,5.34552846197315e-09,1.78079577430386e-08,-2.27390694933802e-09,9.7126458617158e-08,-3.38157993456446e-07,-1.27845516615988e-08,9.93381508665593e-05,-1.61420456287142e-07,1.97712776006346e-07,-6.51326358717447e-07,1.12558545528882e-07,-1.93785164611085e-07,-6.88845870443571e-09,-5.23978129556848e-09,-3.25452793341348e-07,2.69124135035392e-06,-1.29398000919534e-08,4.47190084352931e-07,-0.00232461100135225,-4.16452425960011e-05,-6.09348917324425e-08,-5.64938046558461e-08,-3.37782306461472e-07,1.09607685565631e-07,6.59614038513377e-08,-8.04165401165175e-08,1.02637505575669e-05,-9.46223759440794e-09,-9.05885506704717e-08,1.83500025905996e-07,-3.33350702426628e-17,-6.65157539890037e-10,-4.07473434922228e-07,3.8212820739347e-08,-1.97542873804927e-07,-2.52073104504765e-08,-5.23259544597252e-08,-1.26451406879095e-07,4.65570871351948e-05,-6.41963866598219e-07,5.1555383635109e-17,5.31086203151628e-07,4.91547498544864e-09,1.84942605075223e-08,-8.79149498207795e-08,-1.44155490713986e-07,9.90710553834544e-09,3.88493214098022e-07,-1.05326246762678e-07,5.16722642640483e-07,-7.07509602375635e-07,1.10623941021431e-07,2.68261370414315e-07,3.33967286229832e-07,2.04186667047443e-09,2.72749216178024e-07,-1.64923635979958e-07,3.00476272780571e-07,-1.0123270603404e-16,9.23225643452504e-07,-7.32735376573965e-08,-2.11193264046558e-09,-1.91070891599382e-08,6.286173495364e-07,1.3758975266124e-06,-7.10631227474129e-07,2.59010167495448e-06,1.2908491298774e-07,-1.6412864702083e-17,2.39992950386989e-07,9.5102206234071e-08,3.12393163512485e-07,-1.44392501207913e-16,-6.11717053727865e-07,-8.94326427954326e-07,1.37606311185228e-07,5.24563579395098e-07,1.8733361601089e-07,1.18797922418287e-07,0.000204170580607629,-7.69338268356043e-08,-6.272910467483e-07,-3.67884746923674e-08,-1.89610292413704e-07,-2.74125631142001e-07,-4.30377040181738e-17,1.15574059133105e-07,-3.82816268662704e-07,-1.90887917691782e-06,2.63932692084378e-07,1.27649487943431e-16,0.0015885518937987,-5.26717806491478e-08,1.34336691208653e-07,9.26307172951959e-08,3.22471304284519e-07,-3.77728458779115e-07,0.00108744488793168,-6.52641983139132e-07,3.90034369293828e-17,-2.93892780369489e-06,5.72763088733603e-07,-1.66071951627937e-06,-4.11097473305764e-06,1.10870335768524e-05,2.85939564878896e-09,2.94835997711903e-16,2.74621894113473e-16,3.0815884077195e-09,4.38751338050191e-07,-5.87113230903369e-08,6.66357966143512e-07,-2.97375135861364e-15,4.46173288959376e-07,6.56500736558416e-09,8.99696573568121e-16,1.67542873082346e-15,2.65591434285271e-15,-1.10646496108745e-05,-0.146320979007624,-9.6078891856521e-06,3.86117600946002e-06,1.81505311708283e-06,5.52544007984099e-05,-9.83375159987824e-07,-8.48895932723832e-15,-1.15954298659621e-07,2.70456565621456e-07,5.78746042293833e-17,7.10332328094487e-16,-8.67301818425475e-08,-3.97194534353292e-11,-3.47701554085002e-08,1.6096056957236e-07,2.07338036401116e-08,-7.29913231993528e-09,-2.4552269583866e-16,-2.24949577227779e-08,-2.09303532948928e-16,-5.78886021879507e-08,3.79532985883159e-16,-1.18130148597139e-08,1.32755348027e-16,3.25068683588716e-08,7.75043482662235e-09,-7.65471216538214e-10,-1.99648983662664e-08,-1.18840251887286e-08,2.31882742690308e-09,-1.96467928630573e-08,-6.71548619399303e-07,-5.08941219705753e-08,-5.16401524922806e-09,-1.34616506218587e-08,4.43355313898079e-08,8.46888791103121e-08,7.39922075068311e-09,2.63108271306996e-08,1.46116250284851e-17,-2.70412681240434e-07,5.03979941593622e-08,-3.11239791736939e-08,-2.3609215279656e-17,-5.6923498984696e-09,-1.64228695179136e-07,-1.36707927240732e-05,-8.50083555823095e-17,1.44383362654359e-07,8.10452327156172e-08,-7.60305391176398e-17,7.00710086151253e-06,-2.71853063594359e-07,-1.61860364539269e-16,1.10974783328798e-16,1.03521337955685e-08,5.57588342449653e-08,3.22546378623207e-10,4.55334822670128e-07,-1.25504456768141e-07,-3.70308773911651e-08,-3.58309334612952e-08,-3.46434765235081e-07,8.05225068081381e-07,-1.77943292520488e-15,-1.68193377959442e-09,-1.16001768155227e-09,-3.22541127374529e-09,-3.04545130051864e-07,9.33303888170334e-17,-2.91635957379872e-17,-1.01381555763915e-07,-5.29262574684267e-17,-9.02368339525083e-17,-5.17484945265952e-07,1.74466956837671e-05,1.16466696980241e-07,8.05438383579637e-09,-4.19210366718784e-06,-2.40244589482616e-05,-2.67582429577707e-08,2.65215847566763e-17,-6.61013308531393e-08,-3.11722664068905e-09,-1.43492541411168e-08,1.4664336497957e-07,-5.9504720759499e-07,5.27076701983543e-17,-8.26913393316838e-17,-5.50054880438116e-17,5.40831710585098e-08,2.63676253584752e-08,1.53757212525844e-07,1.01875009185754e-16,2.0556720735503e-08,1.55732162413939e-16,1.34541343185415e-16,-7.10518559320011e-06,7.6812090702061e-08,-5.0819207624474e-16,1.97064208516217e-07,1.0271667774232e-07,-1.1892703625703e-17,-2.37204896124988e-07,-2.36358870535341e-17,-8.93953632040677e-08,-1.49037889552514e-16,-9.49127185672694e-08,-0.000170406611620967,-2.39939204447904e-08,-2.41380477854548e-08,-1.70830820178434e-07,8.81702238193967e-08,-2.50866118981503e-07,-2.22179169030498e-17,-1.70740710340777e-06,9.67246187989412e-08,5.66404052042489e-17,1.2805509192044e-08,6.75899423895577e-06,-6.1617912012747e-08,-7.74666744502767e-17,-4.61506127013582e-06,-2.69688066226061e-07,7.78984584028239e-17,6.78567139722518e-07,1.50610684267841e-07,7.94419720124946e-09,-1.29703999450802e-16,6.99010621391766e-17,-3.32473018906091e-06,-4.53719458408109e-08,-3.68041649486025e-09,6.2558100879282e-08,-2.87527280456764e-08,-3.68839906328569e-17,-1.47506152902967e-16,-1.05625571204847e-07,-7.28645086270158e-10,-2.17591886224702e-16,-2.58166824686122e-07,-4.00243125891682e-17,-1.34943417340512e-07,5.06107977205189e-08,2.96006978673913e-08,1.97007271648697e-07,3.36116905750172e-16,2.67015979357247e-18,-8.0409223892321e-17,6.37759813021501e-17,1.63988500767023e-08,5.70480889048241e-08,4.38986687813375e-17,-6.15691976548015e-17,-1.730296017289e-16,-8.11491572214355e-08,-7.32607502336976e-10,4.0847979921363e-08,-1.10816083434698e-16,-1.43377115580541e-17,-4.24770752640369e-16,4.13844731380977e-05,-5.4417785270973e-08,1.30027888746017e-17,-9.96006700791692e-09,2.62463000251152e-07,-4.24652567047046e-17,-1.47563244781372e-17,1.84388907482926e-07,4.28927990010882e-08,9.23434133438241e-08,-1.36355185032964e-17,-2.69907439922728e-06,-1.55102940936298e-07,-1.68478912515655e-07,1.56182189207265e-07,4.22351788606035e-07,-6.93358035794703e-09,-2.57883318536802e-17,-4.69480874671073e-17,-4.18778632133837e-17,-1.38432982083303e-07,1.25434576699338e-07,4.75773888374501e-08,9.86304864879812e-07,3.0080650647204e-17,2.11441914266775e-17,1.00081484249299e-16,-8.12506059587987e-17,5.17371779119724e-16,-1.90935212685398e-07,4.10805762358327e-17,6.89934178409453e-17,3.13333382990121e-08,2.95881610046735e-17,2.80690673906552e-08,1.65882932390282e-17,3.48419682280525e-08,-1.80440066873791e-17,4.32162662866661e-08,5.43966973432563e-09,5.00614841112267e-07,-1.66254166094478e-15,-1.78101369209538e-07,8.21200077058983e-18,-2.5892125015927e-07,4.70316759150924e-07,-6.63838250660317e-08,1.12367380883156e-16,-3.85244965549413e-07,-3.9922638345362e-17,9.68871192709356e-08,1.23359253842614e-05,-9.22177354526805e-17,-2.21333014659781e-17,-1.23049665447807e-16,1.57205726177373e-17,1.86732238207721e-09,2.44332642387086e-08,5.48645602793202e-09,4.4692086139268e-17,-6.86237024405446e-17,5.96046962759404e-08,-4.86808342626862e-07,-1.48384066839868e-18,2.02306984122842e-17,2.66705262896476e-08,1.6295615229517e-17,1.90567087474113e-07,1.09500130418097e-16,-4.15580054835972e-05,-1.12377898718441e-16,-4.50356405684982e-17,-7.6659892559343e-17,-5.09637302076069e-17,-3.42096656203898e-17,2.20211886537145e-16,-3.83745772722838e-08,2.69038154514413e-07,-6.98500838498496e-16,0.021685385167979,-5.7365485521371e-07,5.09697649637706e-16,4.34732519165283e-16,6.559240410151e-17,7.00699344404013e-17,-6.57752019114573e-08,-1.07411736629166e-08,2.94628782782389e-17,1.03518817491763e-17,1.45258669061132e-07,0.0021310717525993,6.13870483571116e-09,-4.68407244380387e-17,1.93859445368815e-16,-1.02069061415188e-17,1.18394885325231e-17,6.28624395119415e-18,-6.73243733957477e-17,-2.70436069627926e-07,2.57261550258595e-07,4.97481515361134e-08,-1.79744697865872e-17,-5.11909366471109e-17,8.11720501889397e-17,-5.28826981881341e-17,-4.67096532658918e-18,1.97356549371761e-17,-2.06193459157522e-18,-3.81375060025133e-17,-3.40448513346917e-19,-4.26305959583455e-17,-3.248485093785e-17,-1.89717974624447e-16,4.95853013294052e-16,-7.33181393946807e-16,-2.99447703680005e-08,-8.38649805568225e-17,-1.69473033216969e-17,8.0338006591305e-17,-4.29154338819454e-07,5.18371640168175e-09,-2.15253840765514e-17,1.11274399992204e-08,-4.00127724338599e-07,-6.79199949148942e-20,-2.38947733151356e-16,1.99532038804588e-05,1.53218951694045e-17,-1.0283834020717e-08,4.18464113341541e-17,1.59070067761841e-17,-9.14690407578952e-18,-1.82217793482465e-16,-1.04830000523406e-08,3.65057864696683e-05,-1.91862398168465e-16,-3.22093132989522e-17,1.76155192920118e-17,1.43383759043211e-16,-3.29387694325818e-16,-7.50012071764452e-17,-1.04194693871385e-16,2.09805138411887e-16,-1.99794313410091e-08,5.97427715935097e-17,1.01433608404929e-17,3.59695332402654e-16,1.91350502282725e-16,-7.89134577123495e-18,-4.87844251342039e-16,4.07330484128066e-07,3.56247798301036e-18,-2.48142511356108e-17,-6.86581992177891e-06,7.95290197856333e-17,-2.19116998488194e-16,1.8255600141734e-17,-4.07128370324869e-18,-2.74503552139746e-07,5.14981321299912e-18,2.05446773044623e-07,1.21145685004532e-17,-1.93241019280874e-17,2.52074734137156e-16,4.58477028133449e-16,-2.26217510274547e-17,2.48071951183371e-17,-7.64001942361198e-09,-3.84463363806916e-16,-1.42258675196716e-17,-4.40830713868653e-08,9.76592432907987e-07,2.29551326255293e-17,-6.97779544911998e-07,-1.02841434534186e-07,-2.08742134195053e-17,-1.39995501949993e-16,1.40198972020087e-16,8.9783718986967e-18,-4.23949865594502e-17,1.90320023309873e-07,2.52631305921405e-16,-2.34368402789866e-16,7.71804468032057e-18,-7.82279236798513e-08,1.10093045264212e-16,8.9724247903693e-17,-2.03910600585958e-16,-3.36237816760629e-17,3.69398329402101e-08,-6.47855832994177e-17,-1.12402976697567e-08,2.5666140106136e-17,4.39055317428188e-17,5.48291515065173e-17,3.55878281460881e-17,-6.43568260946247e-17,-3.71643374077466e-17,-4.61128868666648e-17,2.07406173580862e-07,1.03337758338468e-17,-1.77920516017294e-17,-8.85856354239113e-08,-7.56033127842479e-17,-7.9213192572503e-17,-3.94988802411888e-17,-6.10409537367622e-18,3.39110646569322e-17,4.42761711759698e-17,1.51538182988552e-05,4.82907455091999e-17,-6.88934550557426e-17,-2.06088945546531e-07,-2.08247577822896e-17,-2.59535981064231e-17,2.88535203131168e-17,5.56337203836988e-17,-3.21830422891301e-17,-6.3740928906984e-17,8.9671244773182e-18,-2.45513802823042e-16,4.48513004895311e-17,1.50466246284505e-17,-1.92803823283064e-17,1.1857425986229e-07,-3.97796549228511e-07,8.65761907868931e-17,2.0546273659793e-17,-6.69339066146387e-18,4.23760880308741e-17,-3.18559255334817e-16,1.27946876619357e-16,-1.47551106193407e-16,2.52548799250979e-17,3.67071573216382e-08,1.86329877150406e-17,-5.13009968566612e-17,4.17568113523271e-17,-1.32032961803747e-15,-0.00485769516473013,-3.65747954424123e-16,8.43057181058021e-09,-1.01660123806561e-15,3.88854020173955e-17,-3.866631547164e-17,8.62067910953001e-17,-1.25148024516887e-16,1.5409652263308e-16,6.16216674717008e-18,1.68059236704739e-17,-4.21022162171043e-17,-3.91298760475709e-17,9.23721907541769e-17,7.55400513989621e-18,-5.52785513976779e-18,-4.7272704484789e-17,-2.10032358897667e-17,-1.23238681031458e-17,1.70095606587906e-17,-2.06471834995229e-17,1.10130841251195e-17,9.81841386778379e-18,-5.89144516974776e-16,-2.97278252389359e-18,-2.09471038862644e-16,4.50865693190425e-18,-1.62654857664939e-16,-5.37125463373575e-09,-1.71744244531123e-16,2.46337119092257e-16,-1.55501895105771e-17,9.36648645238493e-17,5.74155288511371e-17,3.9616070119665e-17,-9.05352344094788e-17,1.8883946288638e-17,7.50396811007274e-17,-7.90464763013293e-17,-2.19865370127627e-16,-3.51226720886949e-17,9.97843902384153e-17,5.47717312582849e-17,-9.5144993146692e-17,2.17950415529041e-17,-3.12507383863067e-17,8.91808589122971e-08,3.49767156050928e-18,-9.97247125487708e-17,1.74128969554216e-16,1.41082218556262e-16,-3.05113676936552e-16,-1.04004766003135e-17,9.18725829378161e-17,3.59591666413017e-17,1.63745700458441e-17,-2.67807344346583e-08,-4.75752342303786e-16,7.20159207708688e-17,-1.57355997200401e-17,3.59564272210242e-17,-2.8691535552171e-17,-2.87084076918086e-16,-5.22816351429202e-17,3.44277684601771e-17,1.57474581613407e-16,2.15946361290738e-16,3.60010490614646e-17,-1.48124651835351e-16,4.1474224128281e-17,-2.29920529191085e-07,-9.98761732082479e-18,-1.77603158374807e-17,2.93874378808264e-17,3.58137479055055e-16,0.000220722294409686,-1.48015709373649e-17,-8.28722239030421e-18,4.53940444760761e-16,-1.35471342580302e-16,1.27857574735726e-16,-1.21099653452438e-16,4.08534274116704e-17,-2.40671600951586e-16,-1.84043090872943e-16,-2.64882414164375e-17,-4.45805175053481e-17,1.23042783062501e-16,-1.31861323894217e-17,-2.38023187600438e-16,1.64056741622528e-16,-1.46488414474892e-16,1.85303419785157e-15
"t909",-0.00467103455480861,0.0454712197541018,0.0582754967147822,0.0133287336020237,0.0259307036164086,-0.00407280770372284,0.00124039680567351,4.16095009811346e-05,0.000324465420944457,-0.000749003446426154,-0.000170934305215227,-0.000226908342488381,0.00352571698156783,0.0306013735338255,-0.00296025206616135,-0.000638424612335405,-0.0197242846258134,-0.00013081523720562,2.6423503316727e-05,7.5163679238122e-06,1.99829446500014e-05,-4.5896972926439e-05,0.00016454746868266,-0.000290794600382629,4.68451599362297e-05,-0.000175330899195553,0.000242544330688187,-0.00218995623285691,0.00176184976135953,-0.0151551301329979,7.66564529747775e-05,-0.00139410042383874,-0.000713366415074615,-4.94354856931227e-05,3.33478139918768e-05,0.000111638808693056,0.000431015837206377,-5.0013203235654e-05,-0.000462570275422077,-0.000185134117291497,-0.193572658621637,-0.00132194931940341,0.000545158179450372,-0.000644248171757622,0.00153979577332194,-0.000137670237355515,2.0843232342316e-05,-0.000280107080032907,0.000222436955728293,-0.000289703309725442,-0.000107402838796135,0.13679309982119,3.62797437396041e-06,-0.000158078739109143,4.57490021448865e-05,-0.000460939927175277,1.63761591528161e-05,-0.0231984650857773,-0.00152663436370761,-1.05069031982432e-05,-1.00989225051325e-05,1.18888376784172e-05,-0.000314037801825016,0.00048197873456851,-1.23093261904998e-05,3.32191493755497e-05,-1.4311026015037e-06,6.45364870694754e-05,-0.00339624777106058,1.25569417440664e-05,-5.90803580030767e-07,-1.8050452178575e-06,7.57594455893401e-07,7.1954062969964e-06,-3.12760935703194e-06,-3.25800582010494e-08,3.12605660811524e-05,-0.000183017870442926,2.56258695114032e-05,3.33142334404817e-05,-0.000876238311934613,-0.000166299984577934,2.55561847205124e-05,0.000126477553284116,-9.91218461728387e-06,-0.000296613690134662,4.62939947057661e-05,7.36639840956934e-06,1.64267373965673e-06,-6.27082393344778e-05,1.40176779401752e-05,-4.22838392491392e-07,-2.86608050263931e-05,0.000302530359925666,2.5763145955696e-06,0.000130735495699017,1.5490470343422e-05,-0.000209051416623596,0.0284135067233177,-6.26051012894265e-05,2.39846348021129e-06,-2.04891085358145e-07,5.47390782630586e-06,-9.34709876972698e-06,4.20355647939142e-06,-6.79832913557545e-06,0.000241153138237239,-8.36918292877083e-06,3.92406173620243e-05,-1.53919578398162e-06,-0.00386122974969754,-7.28770861887985e-05,2.26173613614109e-05,-2.3441075442288e-05,8.72841372155594e-07,-2.64729516008344e-05,5.26398262173131e-05,-5.90243580564293e-05,6.47549242131325e-05,-0.004250871659065,7.54419548242125e-05,-0.00350786502459058,0.000137115807472232,0.000377681514313958,-1.73871127693097e-05,0.000192630697696114,-1.97058543047315e-05,4.33513545423188e-05,-0.00046359674576981,-0.00295015378330514,-1.27999336068913e-05,-0.000293115654325003,3.94444316753576e-05,7.2286914290275e-05,-3.28775151235398e-06,-0.000125222149490942,8.27432301993532e-07,0.0149843414241795,-0.000143029052043628,0.000413082773428683,2.65500779831758e-05,0.000798335992698075,-0.00022079723200737,-1.40068322189272e-05,-5.33335956901044e-06,2.87744964086356e-06,0.00427428065934834,-2.21791216055951e-05,-1.46800619524927e-06,3.68162943141079e-06,7.83439951840298e-05,1.74386336329322e-05,5.09721076851367e-05,-0.000141880101223787,0.00125768140182532,3.8742238700427e-06,-5.86206463516998e-05,0.000593445787029297,2.14228660011013e-05,7.14227351234044e-06,0.00050950543502841,-0.00198566020131327,3.95624659640818e-05,0.000794770922729179,-0.000556037868190131,0.000401470960451285,-0.000643071207455051,-1.12524910730133e-05,-0.000563265672115504,-0.035027773858144,0.00130110909782569,0.000232490679136381,-3.24618067743403e-05,-8.86912922831536e-05,-0.00025043659894946,-4.14385253395057e-05,-2.36488399862023e-05,0.00144993597445103,0.00414847579250428,0.0428151361356381,-0.956584409609045,0.0186674950714522,0.0662683515679844,-8.23779282616186e-06,-0.0342058545503518,-2.90948625265319e-05,-0.00395073969288223,0.000527480265936155,0.00233203269646457,-0.00255296536139362,-4.20567411328219e-05,6.43029475080821e-05,0.000241659917611846,3.97184958104449e-07,0.00425265900273947,-4.42056528421997e-05,-7.91804741193811e-05,-5.31268909720224e-05,4.32726871489492e-05,1.54093501635222e-05,1.52805539822649e-05,0.00464873871004664,-3.44179578940738e-07,-5.30266977347047e-05,-8.0282824897488e-05,-0.000394280101048631,4.92791166498215e-05,0.000252399220469053,-0.000337123485640281,-1.95274715682282e-06,-0.00121519681456257,0.000386475844203359,-0.000956203112047814,-0.00011472595657603,-9.27516029232711e-06,-5.87825183086586e-05,1.43677794354447e-05,0.000249269922622519,-1.56522360815862e-05,-8.32172206652556e-05,-0.00957421224386423,0.000475565208935041,0.000121930503825435,0.0272203021370162,-6.95752049858382e-05,-2.7851174013079e-05,-0.000386013016343894,-0.000797019884952443,-4.24884421526569e-05,-3.31989581389135e-05,9.83879909682586e-05,1.99866927479943e-05,1.09909763599983e-05,1.83299654370453e-05,-9.42859929251168e-07,-2.1378785893284e-06,-7.7439603334618e-05,-3.21102729503661e-17,-8.45136740654535e-06,0.000119929756304071,-0.00057021370124651,-5.80897895446827e-05,-6.48281577235937e-05,1.09163721064294e-05,-1.21069265656005e-05,6.23347581785698e-05,-1.00567675863738e-06,6.48564739556486e-08,-1.46740154270346e-05,0.000146502205495415,-0.000301881107184947,0.000472779376098251,-2.88949431078291e-05,1.4512557273729e-06,-9.28562473355803e-08,4.34180188951427e-06,-3.94220678213173e-06,6.19008327675942e-05,1.35040692412042e-05,-2.60104160700522e-06,0.00118719492745633,-1.20002586823678e-05,0.00219709524781964,-5.21037079201246e-05,5.01014227562331e-06,-1.71137083732312e-06,2.90297349186933e-07,0.000140785733392469,-4.40447569026756e-05,2.14861025295431e-06,2.49207672409084e-05,-1.83577483895843e-06,2.21173714918963e-05,-2.51255952254688e-05,0.00109003446288696,-7.42106268518242e-05,5.74072188026183e-05,-4.15762703560925e-06,6.70200770313403e-05,-3.41746339619972e-06,1.31677743475608e-05,2.67806030037334e-16,-3.20160904401235e-05,-1.09507064261373e-06,-1.42697215085443e-09,-1.22303783482854e-05,1.52443961920024e-06,-9.39650498432487e-07,-3.09354265138084e-06,3.41777175614683e-07,-1.44689595349786e-05,5.02547710913047e-05,1.825313607899e-06,-0.000110130028873944,2.04664428515746e-05,-2.4690230908429e-05,7.79167854163666e-05,-1.15729575669756e-05,1.87246232254462e-05,6.63190132007467e-07,5.03917624574985e-07,2.66454682602635e-05,-0.000163679050364751,7.22545546124359e-07,-1.97889039204975e-05,0.00160439270214922,-0.00215369221941319,5.59282195245114e-06,5.05026104030774e-06,2.89768360339904e-05,-9.17835596542995e-06,-5.17988518987954e-06,5.98046068781722e-06,-0.000732302245191166,6.64204194328191e-07,6.19712382533044e-06,-1.19510397184567e-05,-2.2167787866062e-17,3.45159395381294e-08,2.07386552285683e-05,-1.89054027779479e-06,9.76515069418158e-06,1.24498759336314e-06,2.5668030596471e-06,6.1243389673751e-06,-0.00222132041617995,2.97276291515547e-05,-2.28534033591429e-17,-2.30215683615882e-05,-2.1138158387294e-07,-7.81940305171288e-07,3.70959680489056e-06,5.83801344851852e-06,-3.92419431133706e-07,-1.49216467590338e-05,3.96213399259456e-06,-1.86006563877103e-05,2.44866397436978e-05,-3.73600369746156e-06,-8.93751639696241e-06,-1.10339826374578e-05,-6.64769484804645e-08,-8.86561817748323e-06,5.30599324396012e-06,-9.59098520043819e-06,1.80860601737957e-16,-2.78518322309237e-05,2.18628202331855e-06,6.30075600856262e-08,5.53455475828102e-07,-1.81325099501098e-05,-3.8081843459391e-05,1.95460642080256e-05,-7.11878035468634e-05,-3.54449686152563e-06,3.50805592326134e-16,-6.61525182251155e-06,-2.6300576184076e-06,-8.87299631515639e-06,2.67139548572412e-15,1.88753737935687e-05,2.86628230690927e-05,-4.52091491877744e-06,-1.84351133771863e-05,-8.08764382909206e-06,-7.44269411896406e-06,-0.0347960744798786,-4.98662529301429e-08,1.19960073578809e-06,3.48891995232172e-07,2.59927416835675e-06,3.78833685114681e-06,-1.3833907497965e-16,-1.81023294607083e-06,6.02486214437793e-06,3.01307474790781e-05,-4.12250962311006e-06,1.25282473296812e-16,-0.000269136879713241,7.70227400818231e-07,-1.87547099663844e-06,-1.26280502472463e-06,-4.25667654913357e-06,4.59171918710708e-06,-0.00378965432587836,7.74718216306326e-06,-2.89321641935456e-16,2.81400897756395e-05,-5.3776602738524e-06,1.49496800273135e-05,3.47995508672148e-05,-9.33942292874079e-05,-2.36514841113589e-08,-6.45692131563764e-17,3.67479374701536e-17,-2.27602699190961e-08,-2.89430867738315e-06,3.81437311953556e-07,-3.84164661758113e-06,1.12168749062398e-14,-1.81407952193293e-06,-2.13772486561712e-08,2.21942724064975e-16,-4.91032447319877e-17,-1.88273216228507e-16,4.55230263070887e-06,0.000860781439572729,-1.4321758331553e-05,1.11901047037131e-05,5.57709768604397e-06,0.00026363384747588,-4.89829887311294e-06,-6.81849141038558e-14,-1.07566736215593e-06,3.01430327591766e-06,2.18224554480471e-16,6.34633806714541e-17,-1.87514713971287e-06,-1.00781509948871e-09,-1.10281987463899e-06,5.98305374054583e-06,1.0802839644732e-06,-4.03997890437039e-07,-8.33852833383603e-16,-1.35714572274467e-06,-6.1343723322272e-16,-4.61072457865911e-06,6.44368177310108e-16,-1.20209132284011e-06,7.68412604214349e-17,4.92235828025179e-06,1.29547290868502e-06,5.35046850869826e-07,7.02011520523316e-06,3.47539966151262e-06,-3.97820592877723e-07,2.51698663565254e-06,0.000422200388453438,4.15349461200142e-06,3.88230437698635e-07,8.723328478307e-07,-2.44670892583074e-06,-4.18155905336062e-06,-3.38511769630718e-07,-1.16284890388322e-06,1.09804575772712e-16,1.0850364766044e-05,-1.86484765435899e-06,9.57274312142275e-07,1.12878927385518e-15,1.67455422637865e-07,4.5434547302249e-06,0.000369126269395469,2.11220418206065e-18,-3.8517209011065e-06,-2.06939643434073e-06,-9.46084338619884e-17,-0.00130151100142454,6.02289374107622e-06,-8.29304463823248e-17,1.41373957872907e-16,-2.20371436678303e-07,-1.18285673086213e-06,-6.73372160371183e-09,-9.33331494516749e-06,2.4724952902428e-06,7.2710684824604e-07,7.00267946540272e-07,6.44754316960796e-06,-1.44345597674464e-05,-1.94181086775036e-15,2.97409184206549e-08,2.04644712278166e-08,5.64419908041804e-08,5.27821445343789e-06,-4.95505985873988e-16,3.97916624320908e-17,1.7344111157118e-06,1.16642962308306e-16,-1.49237758490798e-16,8.19674458328378e-06,-0.000272890716027674,-1.82122413313122e-06,-1.226087592148e-07,6.35869955574997e-05,0.00036413172556483,4.03579654464556e-07,9.39119043140529e-18,9.47712358970058e-07,4.42266820555962e-08,2.02886540813572e-07,-2.03857747072923e-06,8.02547424011812e-06,2.97131947991761e-16,-3.75959906486112e-17,1.45174255889561e-15,-6.99229490951381e-07,-3.34864910476017e-07,-1.95005922488551e-06,-1.28253459858263e-15,-2.5631488691124e-07,-2.47307414504133e-17,2.21077377986997e-16,8.23502543402842e-05,-8.89458060636991e-07,9.44055634901122e-17,-2.24175730911827e-06,-1.15633601815869e-06,-6.06043812437031e-16,2.6114426874006e-06,2.0459352322473e-16,9.31712878944825e-07,-1.21694068955148e-15,9.45556747589795e-07,0.000502046979448708,2.79199271361621e-07,2.6702218583056e-07,1.84436274258015e-06,-9.2256708435793e-07,2.5409694635862e-06,-8.13069353035097e-17,1.66442404457244e-05,-9.39104758797102e-07,1.15885176225165e-16,-1.23665705531914e-07,-6.46418608387141e-05,5.84181336226666e-07,-1.31630477166605e-17,4.24782258773842e-05,2.46783961857955e-06,-1.02482822327681e-16,-6.16147733637592e-06,-1.36235732124831e-06,-7.08504834188143e-08,5.1145506313396e-16,-1.27716754015683e-16,2.86792069131623e-05,3.85870340837073e-07,3.12096912413011e-08,-4.98762605533801e-07,2.26952121712919e-07,-5.98433211159005e-17,1.54967734477758e-17,8.27978657212225e-07,5.70670394911909e-09,-1.26384812169715e-15,1.99847938696155e-06,5.37591753308279e-17,1.03288079989328e-06,-3.81430947690643e-07,-2.22841773742238e-07,-1.47671873267346e-06,-2.40181884042747e-15,-6.43713845530577e-18,-9.99680341599248e-17,-2.88914985407383e-16,-1.1821987419948e-07,-4.09944456181883e-07,2.66611233527462e-16,-8.44588931408219e-17,-2.23523428217101e-16,5.76401257778429e-07,5.17757413693061e-09,-2.84757336456626e-07,-1.01491944751323e-16,-5.00451468177454e-16,-3.0151301634858e-16,-0.000275308235547272,3.61426315933895e-07,3.47089928125467e-17,6.4946901668841e-08,-1.69876688409161e-06,9.68486779184819e-18,-2.12000766355374e-17,-1.17262153872418e-06,-2.72391242648681e-07,-5.80368783455493e-07,-4.95303493306042e-17,1.66702536201552e-05,9.48763585931115e-07,1.01677174188524e-06,-9.2526353774267e-07,-2.48966835392306e-06,4.0490848958774e-08,2.4379401629636e-17,1.53684711251112e-16,3.52710688368672e-16,7.65974529676023e-07,-6.93472579618263e-07,-2.61212162840088e-07,-5.22664218728325e-06,6.4047253300717e-16,5.23403867202143e-17,1.19440184972932e-16,9.47148678547994e-17,1.75259123280358e-16,9.74412744391189e-07,5.04814009011354e-17,9.33096921545113e-17,-1.57536384115563e-07,1.26027391139607e-17,-1.41011661785597e-07,5.33427468862868e-17,-1.74801408901178e-07,-1.15387936524661e-17,-2.11209288245361e-07,-2.6418474327292e-08,-2.40795169528176e-06,8.37857991909523e-15,8.46489521528519e-07,2.8920262265063e-17,1.19846685618256e-06,-2.10184073472135e-06,2.96210882062408e-07,8.90135709931918e-17,1.69434089165983e-06,-1.95286245287016e-16,-4.16359309783073e-07,-5.29512060831374e-05,-3.82109968537469e-16,4.86651003973253e-17,-1.4524120863289e-16,2.54783921701069e-17,-7.86097128978164e-09,-1.02325044433332e-07,-2.2837994499598e-08,-1.59301553170898e-17,-1.24460114323548e-16,-2.40885190767936e-07,1.96474858532725e-06,-4.5967363485973e-16,-3.2444497272903e-16,-1.03559768565168e-07,2.55113336956438e-17,-7.33584648832214e-07,-8.68920470857013e-16,0.000155794725914067,8.82892279329226e-19,-1.91554653881425e-16,1.40266385961327e-18,-1.48227821140881e-16,-2.00066171608297e-17,-3.43846673938555e-17,1.32129760887898e-07,-9.24019330574238e-07,2.61798935908157e-17,-3.80139104279686e-05,2.32862082283562e-06,-1.40178173621971e-16,2.73233853650487e-17,1.38922179284529e-16,1.57707802085e-16,2.29043883151253e-07,3.66128939233461e-08,1.31744840697346e-16,-1.71868534319559e-17,-4.16426721825872e-07,-9.18640069813087e-05,-2.24062060951266e-08,9.22583149115448e-17,1.66320710187683e-16,-2.2458390690605e-17,-9.68271271795525e-17,2.10362374515387e-17,-5.86281609701686e-18,8.70705566689962e-07,-8.23146405617023e-07,-1.58203706150246e-07,5.8678623808138e-17,-2.11857828116941e-17,3.11469060736476e-16,6.24815737268898e-18,-4.84083023284551e-18,4.94734323257524e-16,-1.6891537617336e-16,2.76735658673568e-17,-1.42465068583242e-18,7.40556969800591e-17,5.99739185679946e-18,5.93939225754298e-17,3.89280149435363e-16,-1.39859861013019e-16,8.6033572410841e-08,1.99328626896391e-16,-1.37951147054845e-15,-8.74964897094517e-17,1.2163067892054e-06,-1.4645373813182e-08,2.0800510604693e-17,-3.13764169111947e-08,1.1093492577448e-06,3.25665653968988e-17,7.80193641704084e-16,-5.41569081094715e-05,-2.45929203414154e-16,2.7186175379213e-08,9.04186686615047e-17,-6.76849807224484e-17,2.94506932646945e-17,-2.35638558157244e-16,2.65626873423229e-08,-9.22320412361037e-05,-7.89349102766459e-16,-5.29178259011744e-17,7.65961174752233e-17,7.5686335468652e-16,4.2267953137201e-16,3.71123086458064e-17,-1.45897481268295e-17,-5.76894608368064e-17,4.30632853948478e-08,4.33713187889785e-17,-1.10366910835639e-16,5.3347164102197e-17,8.72417606548463e-17,1.59834123218381e-16,-3.4053696232161e-16,-8.46311240342315e-07,3.47875005505929e-17,8.45227205600554e-17,1.41674657496727e-05,-6.22187529363855e-18,-3.33075595257403e-17,2.38934514386586e-17,-1.29273189657725e-16,5.21092809575749e-07,-8.29429372582114e-18,-3.83993529626124e-07,-4.41341238149907e-18,-8.24449608781229e-18,9.55121377441026e-18,-4.43100989934615e-16,6.378916211964e-17,-6.10572003332309e-16,1.38262253304175e-08,-1.39974937239784e-15,-4.36077435768158e-16,7.77821464792488e-08,-1.72091897236709e-06,-5.5107423793427e-17,1.20254068592949e-06,1.75987562590882e-07,-1.22274773223352e-16,1.04177806646659e-16,3.23551534973294e-16,2.50245640514821e-17,5.57836290281183e-16,-2.91912361139738e-07,-1.96593302733192e-16,1.46446060517721e-16,3.41113441597662e-16,1.16456843775552e-07,2.93795243393652e-16,9.28380889019183e-17,6.45740978275155e-18,-1.0082519060094e-16,-5.28013310289931e-08,8.76073489648537e-17,1.58618456736058e-08,2.14377516334425e-17,-1.67654197382492e-16,9.75072771422944e-16,-2.24741923169438e-16,1.21692266703888e-16,-1.28117895356476e-16,8.6593459045561e-17,-2.72805455907454e-07,1.77726133772654e-16,-1.06059540075483e-17,1.14426950880101e-07,-6.83121630723135e-18,-4.86680892633153e-17,-5.04416033196903e-16,4.78891728161019e-17,1.03950524999496e-16,-1.42990256432113e-16,-1.84567869246724e-05,4.14293279405871e-17,1.64167706322169e-16,2.44242560251932e-07,4.57988725323024e-16,-1.42690764563236e-17,-1.2951207149845e-16,-1.25054671837736e-16,-4.28815434820676e-16,-4.20115552798462e-16,-6.5369665892245e-18,-4.00483007722249e-16,-1.3883923499475e-16,1.05350917941301e-16,1.02692362076313e-16,-1.26281588690483e-07,4.17956660935804e-07,-1.95548249100008e-17,-9.57693797214055e-17,-4.30814588199576e-18,-9.21296853373411e-18,-9.73481457484725e-16,3.41143296686329e-17,-2.20912094258191e-16,6.20539426874111e-17,-3.58357674440327e-08,-1.22242317709095e-16,-3.22190386209163e-17,-9.86262895948191e-17,4.09041936550825e-16,2.78481840224798e-06,-3.31772890659907e-16,-7.11457056859132e-09,-1.64935903994067e-16,-4.24299394314344e-17,1.17414693455228e-16,2.01973257166023e-16,-5.7168548302046e-17,6.71934836413377e-16,6.30746189440088e-18,1.4454713793065e-17,3.30137063063305e-17,-3.15404608401724e-17,-1.09661160090997e-16,1.70949842577687e-17,-5.35491009735457e-17,-4.32611564465926e-17,-1.10297483119287e-16,3.94453580784439e-16,-4.01278938311954e-17,-3.85916180079655e-16,3.16129254023441e-17,-1.05769321161421e-17,-6.86334432126497e-16,1.18807872391578e-17,-2.75064790708383e-16,6.95282463240588e-17,2.70805225200259e-17,3.17376531251382e-09,-1.0772443624009e-15,2.563685535112e-15,-1.23645146107382e-16,-1.25589884107359e-16,6.79659325113066e-17,8.49946776933099e-18,-9.796386789139e-17,-1.71453772220595e-16,4.72841054850984e-17,6.86218595911964e-17,-1.06816096486534e-15,1.23192652180421e-16,4.05869516207067e-17,-3.86864960099657e-17,-1.57750463499508e-15,-1.44213997006516e-17,8.41645919264256e-19,-3.78742379087877e-08,2.73501193551904e-17,-5.18029765249115e-17,-3.56641508217291e-17,1.16375589127397e-17,8.21273316387019e-16,-3.61769626292462e-16,-3.10583263488803e-16,-4.21483805228777e-16,2.71081715534506e-17,6.88822480429972e-09,8.48023011574303e-16,8.63659691061088e-17,3.0383880268477e-17,-1.90357816679357e-16,-8.02165342668396e-17,-5.23237348465696e-16,-7.13602513257871e-17,-1.93490155951439e-16,1.60465363829917e-16,-1.86168995100423e-15,5.48661668627123e-17,1.22275369982533e-16,7.97465608170193e-17,2.13632371096264e-08,3.77350769227487e-17,3.50403299625634e-17,1.77421559527253e-16,-1.98029253221767e-15,-1.10311696815858e-06,-5.19709816286298e-17,-1.60224969757224e-16,-4.72822900703647e-17,6.06849487526868e-17,1.30676500384189e-16,-2.27788555459669e-16,-2.39089837071272e-15,-8.830549780866e-16,6.1259701810149e-18,1.35188187482777e-17,4.48601982847045e-15,5.20112675169082e-17,8.87288718242157e-17,3.01404122876984e-15,6.80028555508379e-16,9.73963582557069e-17,9.39615902000211e-15
"t89",-0.00468876462604159,0.0458412655703929,0.0587656031856504,0.0134807179721867,0.0262964612353327,-0.00414086545880015,0.0012615585879947,4.23799591430766e-05,0.00033165542360292,-0.000769503430181382,-0.000177041567003025,-0.000237218824580316,0.00369142726480432,0.0320652922515361,-0.00310918926096807,-0.000672817480564756,-0.020817402125704,-0.000138223649394416,2.79619636730076e-05,8.00066836808239e-06,2.14025731431969e-05,-5.00491390420848e-05,0.000180551794352524,-0.00031929471877794,5.14606148218974e-05,-0.000193728899638737,0.000268407094406124,-0.00242634988280054,0.00195909829250971,-0.0173061852149193,8.86332638248049e-05,-0.00162726457144353,-0.000846507262196323,-5.93815626452346e-05,4.06371157393445e-05,0.00013951014353706,0.000541062253096981,-6.31493856936012e-05,-0.000585566297515978,-0.000235705411027242,-0.249299400417607,-0.0017201362780042,0.000714094663786258,-0.000844361509445099,0.00203444577460861,-0.00018775906176278,2.87224260842722e-05,-0.000387921521429787,0.000312507829508407,-0.000413671866809551,-0.00015690537558473,0.202082437375099,5.36845894592363e-06,-0.000237315417149598,7.07655296615544e-05,-0.000716368090309349,2.79969328660834e-05,-0.0408666979807111,-0.00269930506124164,-2.0185647578133e-05,-2.08696782903944e-05,2.55721370409579e-05,-0.00069928568013295,0.00108301261587271,-2.97182990040779e-05,8.62294148105457e-05,-4.51608520031083e-06,0.000227212163010046,-0.0126557270594961,5.24747584906963e-05,-8.72503483111364e-06,2.08399004578421e-05,-6.73592757536419e-06,-4.28839616271893e-05,1.78808181952793e-05,1.63041495805343e-07,-0.00014893820952753,0.000702396281643451,-6.68597575470567e-05,-7.63588745879341e-05,0.00164780871638153,0.000300549821600507,-3.54447836914995e-05,-0.000163133763576119,9.6231218037277e-06,0.00026808736373832,-3.90036943994922e-05,-6.13723563602418e-06,-1.36459046063749e-06,5.17129250998302e-05,-1.12624980460155e-05,2.68559138404757e-07,1.7830180348648e-05,-0.000164174492564167,-1.11537737555957e-06,-5.47464932325049e-05,-6.47669963480296e-06,8.03729354573058e-05,-0.0105910104611719,2.07758994468236e-05,-7.24426294470998e-07,6.13694051703771e-08,-1.62419069892921e-06,1.80890835301238e-06,-7.87254757504572e-07,1.24094285819805e-06,-4.20426733242317e-05,1.44039028293657e-06,-6.60051399392185e-06,2.50020932880604e-07,0.000620076880581537,1.09289438551658e-05,-3.36394566985804e-06,2.89471734628788e-06,-1.03461703717904e-07,2.86329723006833e-06,-5.45918826898121e-06,5.435407291073e-06,-5.28996830749114e-06,0.000315905083030731,-5.30318754442257e-06,0.000200970193502003,-6.79451885532357e-06,-1.86071154679647e-05,8.38002770684783e-07,-7.86586515465167e-06,7.93024526097395e-07,-1.48762860247303e-06,8.84759377393504e-06,5.58404684765704e-05,2.27769995005626e-07,2.63124262609785e-06,-2.90116077983888e-07,-4.48269288435861e-07,5.42830826697482e-09,1.3043088055737e-07,6.31447096972384e-09,0.00020738960569313,-3.04948614791794e-06,8.88815463531294e-06,6.02330665224404e-07,1.85786781958873e-05,-5.34272003616361e-06,-3.43811790000468e-07,-1.3093747521983e-07,7.76006155909737e-08,0.000134161986705783,-7.84670135208249e-07,-5.32884042297321e-08,1.4075552215136e-07,3.0068341095867e-06,6.81469697126938e-07,2.01239663975999e-06,-5.66530417639439e-06,5.49479632184341e-05,1.7136550528597e-07,-2.61489255278591e-06,3.03907966361204e-05,1.12091619017709e-06,3.74818018864907e-07,2.71397943822923e-05,-0.000106062306899692,2.14540888800036e-06,4.31680610738e-05,-3.0537086000482e-05,2.22225991817418e-05,-3.59168162409256e-05,-6.28457087413673e-07,-3.14583291762058e-05,-0.00195564454269572,7.25843574103495e-05,1.29678836247743e-05,-1.80527293119479e-06,-4.92603887464165e-06,-1.38638614350845e-05,-2.29187297409622e-06,-1.30732531700018e-06,7.92712040869692e-05,0.000223340377837246,0.00229800238661453,-0.051187675664503,0.000989426855324213,0.00349864504776713,-4.33189972768435e-07,-0.00179179060876693,-1.50310478436056e-06,-0.000203362447785015,2.62211011695536e-05,0.0001157794913201,-0.000125093213147163,-1.98003153823867e-06,2.91577201767053e-06,1.08061697899691e-05,1.73789641228196e-08,0.000182942228474428,-1.80042919612899e-06,-3.18413450419789e-06,-2.07741806738086e-06,1.66757863377156e-06,5.23157410090468e-07,5.15346338529236e-07,0.000147205675122306,-1.01811515418226e-08,-1.29128944604051e-06,-1.95303178363935e-06,-9.39537993253158e-06,1.09853063050605e-06,5.35376775797223e-06,-6.16690647985864e-06,-2.84768248668396e-08,-1.40062326396523e-05,4.08481590491861e-06,-5.91136287773738e-06,-4.24206907589333e-07,-3.36836069729608e-08,-9.83265942833586e-08,-4.86073363169262e-08,-1.08877062473354e-06,1.51703768478959e-07,1.11861662329696e-06,0.000141233097291451,-9.6117884026753e-06,-2.62461529648016e-06,-0.000625297675231985,1.90788036107823e-06,7.88958425511864e-07,1.10207006896136e-05,2.66981415571174e-05,1.55222668102233e-06,1.32587170228856e-06,-4.08222624207394e-06,-8.61555725630218e-07,-4.90475535976572e-07,-8.25882161954699e-07,4.6256376207548e-08,1.10255877323526e-07,4.20583456176814e-06,1.96061706771924e-17,4.92434686947193e-07,-7.08321329025398e-06,3.68277971275405e-05,4.00125285398459e-06,4.69634161014047e-06,-7.93155282519677e-07,9.60433855284454e-07,-5.01530965756066e-06,8.14378245182367e-08,-5.41371037002692e-09,1.24969186267954e-06,-1.29308019873931e-05,2.70614027019104e-05,-4.26505235780094e-05,2.69699041545959e-06,-1.54664254510994e-07,1.03363550051526e-08,-5.00563855850846e-07,4.88816180163692e-07,-7.71400178651772e-06,-1.76579488751791e-06,3.49113698185557e-07,-0.000165234871810456,1.68935772037678e-06,-0.000312980622647163,7.54360663221392e-06,-7.42703568972319e-07,2.5437050668321e-07,-4.57171821905567e-08,-2.22001919220296e-05,6.95540262639365e-06,-3.44494565349729e-07,-4.01809970710244e-06,3.01266794939029e-07,-3.64149827023965e-06,4.57674787888942e-06,-0.00020067868416521,1.37772309596923e-05,-1.08621361435811e-05,7.98559436149114e-07,-1.33072651264549e-05,6.85031830324102e-07,-2.65925137351603e-06,1.09784416627346e-16,6.63147920891748e-06,2.27570361540633e-07,2.99727029701534e-10,2.63373143197744e-06,-3.3525089076476e-07,2.08692443322508e-07,6.90402097423115e-07,-8.1068221872318e-08,3.44516402264697e-06,-1.19783982397727e-05,-4.42674880206865e-07,2.80226311696956e-05,-5.25028002237819e-06,6.36959854064417e-06,-2.04748297386659e-05,3.25572366555158e-06,-5.41549558485316e-06,-1.92113316334782e-07,-1.46044614880582e-07,-8.25200903003442e-06,5.45558014825327e-05,-2.43047871576592e-07,6.7458512946059e-06,-0.00055577353739727,0.000749722196797523,-2.02739026584841e-06,-1.83624861234857e-06,-1.05942153374841e-05,3.36837703444744e-06,1.92459535055644e-06,-2.25244595447369e-06,0.000279280409176224,-2.54691501804026e-07,-2.3982818948365e-06,4.71620478948637e-06,-3.90813417568359e-17,-1.53054559357028e-08,-9.3025159353131e-06,8.62720915862632e-07,-4.45845271856852e-06,-5.68726439992119e-07,-1.17749732506733e-06,-2.83188659910134e-06,0.0010368861415121,-1.41455951504544e-05,-1.10378854444652e-17,1.14509368607506e-05,1.05725927022882e-07,3.9578988299384e-07,-1.88034256557568e-06,-3.04870376803491e-06,2.0837173734402e-07,8.11496077139556e-06,-2.19111587971968e-06,1.06762208332599e-05,-1.45668115390325e-05,2.27624925246936e-06,5.52158725867052e-06,6.87711720856274e-06,4.21028144135658e-08,5.62510415216489e-06,-3.40629810787764e-06,6.21474481923379e-06,2.90443403278772e-16,1.94850924750636e-05,-1.55719196245685e-06,-4.48856009766865e-08,-4.17158617688516e-07,1.37958479426502e-05,3.34208854782945e-05,-1.81267518100694e-05,6.68188970647108e-05,3.49720633673214e-06,-1.03032746767466e-15,6.98094567085564e-06,2.85600190140496e-06,1.09852964571617e-05,-2.7247917443386e-15,-2.89061554756591e-05,-4.70053015098292e-05,7.71316972008994e-06,3.45060839884836e-05,1.85189872788246e-05,2.10890070278624e-05,0.12443517154358,5.66964923944026e-06,3.96803288583429e-05,1.17192449390568e-06,2.47079573108682e-06,3.42337632135657e-06,1.81392145686325e-16,-1.57580635100286e-07,1.54157991945477e-07,-2.40352800668011e-06,7.8568289355452e-07,-6.63382338424859e-17,8.96610031794127e-05,-3.28274808755028e-07,8.57142501452499e-07,5.93370665928029e-07,2.06135045737509e-06,-2.33476905846936e-06,0.00205615005997689,-4.72503448187758e-06,4.4798789185912e-17,-1.85198778086593e-05,3.56012234096705e-06,-1.00164657228236e-05,-2.36927257838061e-05,6.36624667900953e-05,1.61930816879996e-08,-3.73956403050472e-16,1.59312557584319e-17,1.59673852103844e-08,2.07165142283291e-06,-2.73685318060548e-07,2.80402441527165e-06,-9.10340228823549e-15,1.37174838096905e-06,1.64072842318125e-08,-3.39626215207285e-17,2.91761521214657e-17,-6.05542003097144e-17,-3.65104300296736e-06,-0.000694071492679313,1.17589319798176e-05,-9.32567622697358e-06,-4.65588491632465e-06,-0.000223514596277327,4.16018973287728e-06,5.94996241858517e-14,9.41476998892576e-07,-2.66550919945011e-06,-1.78296412368963e-16,1.96034520996568e-17,1.72380228559249e-06,9.34893713904219e-10,1.03531954280498e-06,-5.66141136640612e-06,-1.03756769473897e-06,3.8894837480437e-07,7.15540379887287e-16,1.31083612648456e-06,1.11541661819561e-18,4.49485782784759e-06,5.3428086881912e-16,1.17982997500915e-06,-4.35964547225811e-17,-4.87252330795595e-06,-1.28455388258803e-06,-5.42529119059006e-07,-7.15184294932414e-06,-3.547560308183e-06,4.09552479297234e-07,-2.6105137639706e-06,-0.00250203729021966,-4.04485324188531e-06,-4.10360349975477e-07,-9.31769880268242e-07,2.64613167711454e-06,4.5686215711142e-06,3.72780647880567e-07,1.28552471558784e-06,-3.06087038302855e-18,-1.21382633439856e-05,2.10994411778085e-06,-1.11805514277987e-06,-1.28974051230823e-15,-1.97404861030665e-07,-5.43448418717042e-06,-0.000444500125177546,-3.45421866893983e-17,4.65569615900525e-06,2.56213079997011e-06,9.99419546214097e-18,0.00867275632495496,-7.57254591856466e-06,-5.91864188048923e-17,-1.44870541705929e-16,2.80798642699769e-07,1.50896669965125e-06,8.63697108740334e-09,1.20469651013182e-05,-3.23639654374872e-06,-9.52894768612945e-07,-9.19276125208001e-07,-8.61980777231077e-06,1.95829248405368e-05,-1.31554518607698e-15,-4.05712572093274e-08,-2.79430853787407e-08,-7.73236560822154e-08,-7.25973212462879e-06,1.48328637298879e-16,-8.56375446076266e-18,-2.39849986563766e-06,-2.91822298909941e-17,2.95650684518015e-16,-1.17238569969392e-05,0.000392576069671841,2.6202999668722e-06,1.78634696981983e-07,-9.28003132290308e-05,-0.000531614996724602,-5.90588590995482e-07,8.11653742499456e-17,-1.42168451707651e-06,-6.6696240764805e-08,-3.06496769682719e-07,3.1064216664102e-06,-1.24239133660847e-05,6.35857798774346e-17,5.41669858592661e-18,-2.12928296341018e-15,1.10730887256167e-06,5.35528526822171e-07,3.12093870585445e-06,1.99262046064759e-15,4.14122318015887e-07,-1.66979841826762e-16,1.75564252951276e-16,-0.000138728993482523,1.49918787049363e-06,-2.14379340626028e-16,3.81757915327212e-06,1.98102646599864e-06,-2.067138297254e-15,-4.52930358022358e-06,-3.40902227044261e-16,-1.6401906210583e-06,-1.10955045091022e-16,-1.6667931479414e-06,-0.000885909766629347,-4.93252372951269e-07,-4.72511860448537e-07,-3.27575593547984e-06,1.66146855600991e-06,-4.66618543886899e-06,3.90395058423812e-17,-3.13227681793261e-05,1.77194979197128e-06,8.66490368794792e-17,2.34157474650088e-07,0.000123182703411581,-1.11967876634744e-06,1.65877325770671e-17,-8.30462848696145e-05,-4.84378514059481e-06,3.71283765831297e-18,1.2157276784796e-05,2.69507463450673e-06,1.41522320585084e-07,6.47373252670425e-17,4.14244569665475e-17,-5.8623558853865e-05,-7.96625918341895e-07,-6.45637198041016e-08,1.07810897954753e-06,-4.94138828997191e-07,2.6082935379821e-17,-3.02130641201185e-17,-1.81180604270798e-06,-1.24955191069345e-08,-1.29858768778519e-16,-4.41323453006924e-06,7.78900321744253e-18,-2.29978879119978e-06,8.5899629737818e-07,5.02254678638134e-07,3.33895147461989e-06,5.40855676972363e-15,3.93335231352909e-19,-2.86120563684695e-17,6.63556623121137e-16,2.75156621661275e-07,9.56436813625884e-07,-7.20374335671369e-18,5.30405867066188e-17,-2.36880552484761e-16,-1.35655167446668e-06,-1.22315270975085e-08,6.7969639660437e-07,-2.77661970223088e-17,-2.4980053697198e-16,-3.42878004877317e-16,0.000680958785756422,-8.95076105184532e-07,-9.27649940339502e-17,-1.63129603707672e-07,4.29140488159046e-06,-1.61191439133068e-17,-6.60925100893918e-17,3.00287863617581e-06,6.9831225073127e-07,1.49991101156097e-06,1.19733047191603e-17,-4.36724691416341e-05,-2.50438977103926e-06,-2.7124787426602e-06,2.50464259993257e-06,6.76602613228427e-06,-1.1085829097822e-07,-3.04295734500568e-17,2.08122834346639e-17,5.19633818369523e-17,-2.18924224842204e-06,1.98335085057195e-06,7.51252197756978e-07,1.54669853335659e-05,-3.3779924943079e-18,-1.61186086998119e-17,6.83452769085686e-17,-2.02635061668662e-17,1.40978544794717e-16,-2.97295690767516e-06,-7.06086825419703e-19,1.20944617807791e-17,4.86526646168524e-07,3.32432187556413e-18,4.35776581502593e-07,-6.83047368665868e-18,5.40792621671635e-07,-3.86438479646037e-17,6.67568874868209e-07,8.39319343843099e-08,7.71086970696741e-06,-2.65392352479729e-14,-2.73739365418781e-06,3.73770392104499e-17,-3.96092186539454e-06,7.15050581477302e-06,-1.00899947862496e-06,2.14977623003538e-16,-5.84069718884174e-06,1.32173698276474e-17,1.46292491192253e-06,0.00018622569243602,3.41616780011594e-17,-1.19418010446144e-17,-2.96226583948017e-17,7.02559418937582e-17,2.80919759750056e-08,3.67229995475697e-07,8.23703852638431e-08,-3.42866386127565e-17,-4.95417442047998e-17,8.89947890079872e-07,-7.26658129010749e-06,-4.63291705175072e-17,-6.69476027534274e-17,3.94934572246134e-07,-1.02966623743888e-16,2.81623079436843e-06,-3.3583918523687e-16,-0.000609831706880518,-3.41537326249154e-17,3.43151922808202e-16,-1.63310222334614e-18,6.0369805983939e-17,-3.32338836651528e-17,2.6245786456588e-16,-5.38519872751167e-07,3.76803977928472e-06,-1.2959804835911e-17,0.000157266945673898,-9.69244422501415e-06,-8.52721231784865e-17,-1.76607009223741e-18,-6.31116322127547e-16,-7.13601186116416e-17,-9.78987813860165e-07,-1.57476988169063e-07,8.89009221307915e-17,2.76089834225372e-16,1.80373770895979e-06,0.000398270991372125,9.7442631947294e-08,7.03512005286193e-17,1.90389998416861e-16,2.22107388157978e-17,3.33860599008313e-17,-6.82833785874286e-17,1.45728386607187e-17,-3.98687024024696e-06,3.78774878106792e-06,7.31573657658127e-07,1.01063664807873e-17,-7.38950583406127e-17,-7.5258660870931e-17,-9.68184995972079e-18,2.2544038071276e-17,-1.07910133350422e-16,-6.93537790086995e-17,2.95375633468729e-18,6.70686560780887e-18,2.4862318160078e-17,9.56296241988554e-19,1.51337762278912e-17,2.25705397745035e-16,7.92473567699556e-17,-4.33633244292292e-07,-9.39408914865135e-16,-4.39680754861873e-16,2.53051412668247e-16,-6.20403267877147e-06,7.49088826469726e-08,3.59962596589773e-17,1.6076195266822e-07,-5.7690738847009e-06,5.26243055878807e-17,-3.75218975742441e-15,0.00028697990033341,-8.40605677903514e-18,-1.47475628476783e-07,2.06753561769199e-16,-8.61164176547019e-17,7.33296894599013e-18,3.13363839751238e-17,-1.4965994609779e-07,0.000521017172873998,1.36858099422354e-16,-2.76192893139005e-17,1.66397373367748e-17,6.27317668931555e-16,3.57504926937991e-17,-2.28466434020588e-17,4.07556186742248e-17,-1.67092552920251e-17,-2.80968487291411e-07,5.10691542136256e-17,2.20160394404359e-17,-2.64345632454166e-17,-6.80746057598132e-18,4.40455359365598e-17,-4.03029538916866e-17,5.71075160324107e-06,-1.85853287941714e-18,6.75900351130279e-17,-9.62045924122885e-05,7.4081373682929e-17,1.40234165052725e-16,-1.02589169946348e-17,2.59644688828497e-17,-3.82149169902275e-06,-1.03542778535436e-17,2.85683684300344e-06,3.28369816128341e-17,-8.55062185037589e-18,-2.54471192987271e-16,1.51999682759596e-15,-2.90185438451192e-17,-3.84428503368332e-16,-1.05990750176824e-07,1.35848858406752e-15,6.57651183354541e-17,-6.10481885888868e-07,1.35230732868897e-05,6.80052025549526e-18,-9.64757177863354e-06,-1.42121804141295e-06,7.53934335577722e-17,-1.2224285295183e-15,-3.33712660713609e-17,-1.01501829477577e-16,-1.43601865381041e-17,2.61180541365417e-06,9.90078833984885e-17,1.37107264199988e-15,1.03955539895615e-16,-1.07162868804504e-06,1.61746817885082e-16,-6.27992747192165e-17,1.13541994466609e-17,-2.93063333552367e-17,5.04845826334853e-07,-8.6360673017913e-17,-1.53506983664726e-07,5.97100883221808e-17,-2.64497594502291e-16,3.12672989724863e-17,-3.0847288612203e-18,-2.99876172268342e-17,7.87501867209178e-17,-1.95499336407699e-17,2.82176169303281e-06,-5.907987312859e-18,4.52672614946383e-18,-1.20407662938242e-06,-4.11780836958911e-17,-2.59885441619711e-16,-7.88016227230993e-18,8.85789460662376e-18,4.54036076852786e-17,-1.17633415529336e-16,0.000205369588852927,1.12258903632619e-16,1.16995175747529e-17,-2.78932249027524e-06,1.34454821875513e-16,-1.92951789608304e-17,-3.77402066454347e-17,-1.89419618508605e-17,7.84910352606741e-17,2.26207292135691e-17,1.73154812054566e-17,-2.80184961014903e-16,-4.23816950039007e-17,8.39366951480529e-17,-8.48945396052826e-19,1.59711108244397e-06,-5.35492058747551e-06,-2.93879018386239e-17,-5.69609625994058e-17,-3.24974023666189e-17,-6.12045734021094e-17,4.81488253678813e-17,-1.48476185957755e-16,-7.2013392416994e-17,-2.87771435893403e-17,4.92607570148049e-07,2.81050997120348e-17,-3.27084061555333e-18,2.41386097933623e-17,2.76342024023337e-17,-4.08016888883114e-05,3.39229361904656e-17,1.12576318308654e-07,1.42545959326721e-16,1.16307692077621e-17,9.22487291776121e-17,-1.08448241981955e-18,-6.70347880716641e-17,2.53002894724603e-16,-6.00754087367505e-17,6.74737346176413e-19,-6.36957407882253e-17,1.78991582251667e-17,-3.04045129759912e-17,1.03729307883585e-17,-3.08956310859617e-17,-1.31203360514956e-17,-8.03748944017286e-17,4.61718151930149e-17,-6.62604670139336e-18,1.88292649573811e-17,2.49992921501825e-17,-3.30035295999362e-17,-7.14193481968891e-16,-8.93589447256386e-18,-2.08735385730531e-16,6.47699476581135e-17,-1.33077427830082e-15,-7.09803812988992e-08,-5.34479678817757e-17,-4.24863221512976e-16,-4.67752120781597e-17,-7.97375040723413e-17,-6.10692606560342e-17,-4.72779873499217e-18,6.64388213551567e-17,2.02975362303942e-17,3.54663018050064e-17,-3.3339857888173e-19,-1.69471739357882e-16,-9.71919575845486e-18,9.05152107737245e-19,3.33045282430718e-17,-5.03375072869605e-17,-5.27081069426221e-17,1.02742048198881e-17,1.1704719673861e-06,3.93135242950348e-18,-7.72817275783208e-17,1.84924434626937e-18,9.49322397555838e-17,1.6025037780084e-16,-1.78511909440582e-18,8.07053005612156e-17,-1.27965587839884e-16,4.33712041407332e-17,-3.49051809177027e-07,8.25812364780335e-16,8.28967161187509e-17,-8.54581265222551e-17,-4.47737756281082e-17,-2.70181352992535e-17,-1.0444478165911e-17,-9.38943767388333e-17,-1.32914388021443e-18,2.48119435678653e-16,-7.57937613697394e-17,1.48758074999957e-16,3.651497813893e-17,-1.02650103315074e-18,-2.97612753407103e-06,1.4972160839399e-17,-1.69114939116457e-16,-2.37461321098517e-17,5.60450610135352e-16,0.000804352547754539,-2.56901586315704e-16,-1.21303114446874e-16,2.34092490954691e-17,-1.68868446882586e-17,-1.36904595785234e-16,-2.29318445888056e-16,-6.37787803820928e-17,3.30085203373045e-17,-1.49782302222401e-16,7.60772841006914e-17,3.66471080777762e-16,-6.36298814022282e-17,-1.47301941125878e-16,1.93489277048793e-16,1.09196111694761e-16,-7.58090585499153e-16,-3.94606442876355e-15
"t47",-0.00468876462604159,0.0458412655703929,0.0587656031856504,0.0134807179721867,0.0262964612353327,-0.00414086545880015,0.0012615585879947,4.23799591430766e-05,0.00033165542360292,-0.000769503430181382,-0.000177041567003025,-0.000237218824580316,0.00369142726480432,0.0320652922515361,-0.00310918926096807,-0.000672817480564756,-0.020817402125704,-0.000138223649394416,2.79619636730076e-05,8.00066836808239e-06,2.14025731431969e-05,-5.00491390420848e-05,0.000180551794352524,-0.00031929471877794,5.14606148218974e-05,-0.000193728899638737,0.000268407094406124,-0.00242634988280054,0.00195909829250971,-0.0173061852149193,8.86332638248049e-05,-0.00162726457144353,-0.000846507262196323,-5.93815626452346e-05,4.06371157393445e-05,0.00013951014353706,0.000541062253096981,-6.31493856936012e-05,-0.000585566297515978,-0.000235705411027242,-0.249299400417607,-0.0017201362780042,0.000714094663786258,-0.000844361509445099,0.00203444577460861,-0.00018775906176278,2.87224260842722e-05,-0.000387921521429787,0.000312507829508407,-0.000413671866809551,-0.00015690537558473,0.202082437375099,5.36845894592363e-06,-0.000237315417149598,7.07655296615544e-05,-0.000716368090309349,2.79969328660834e-05,-0.0408666979807111,-0.00269930506124164,-2.0185647578133e-05,-2.08696782903944e-05,2.55721370409579e-05,-0.00069928568013295,0.00108301261587271,-2.97182990040779e-05,8.62294148105457e-05,-4.51608520031083e-06,0.000227212163010046,-0.0126557270594961,5.24747584906963e-05,-8.72503483111364e-06,2.08399004578421e-05,-6.73592757536419e-06,-4.28839616271893e-05,1.78808181952793e-05,1.63041495805343e-07,-0.00014893820952753,0.000702396281643451,-6.68597575470567e-05,-7.63588745879341e-05,0.00164780871638153,0.000300549821600507,-3.54447836914995e-05,-0.000163133763576119,9.6231218037277e-06,0.00026808736373832,-3.90036943994922e-05,-6.13723563602418e-06,-1.36459046063749e-06,5.17129250998302e-05,-1.12624980460155e-05,2.68559138404757e-07,1.7830180348648e-05,-0.000164174492564167,-1.11537737555957e-06,-5.47464932325049e-05,-6.47669963480296e-06,8.03729354573058e-05,-0.0105910104611719,2.07758994468236e-05,-7.24426294470998e-07,6.13694051703771e-08,-1.62419069892921e-06,1.80890835301238e-06,-7.87254757504572e-07,1.24094285819805e-06,-4.20426733242317e-05,1.44039028293657e-06,-6.60051399392185e-06,2.50020932880604e-07,0.000620076880581537,1.09289438551658e-05,-3.36394566985804e-06,2.89471734628788e-06,-1.03461703717904e-07,2.86329723006833e-06,-5.45918826898121e-06,5.435407291073e-06,-5.28996830749114e-06,0.000315905083030731,-5.30318754442257e-06,0.000200970193502003,-6.79451885532357e-06,-1.86071154679647e-05,8.38002770684783e-07,-7.86586515465167e-06,7.93024526097395e-07,-1.48762860247303e-06,8.84759377393504e-06,5.58404684765704e-05,2.27769995005626e-07,2.63124262609785e-06,-2.90116077983888e-07,-4.48269288435861e-07,5.42830826697482e-09,1.3043088055737e-07,6.31447096972384e-09,0.00020738960569313,-3.04948614791794e-06,8.88815463531294e-06,6.02330665224404e-07,1.85786781958873e-05,-5.34272003616361e-06,-3.43811790000468e-07,-1.3093747521983e-07,7.76006155909737e-08,0.000134161986705783,-7.84670135208249e-07,-5.32884042297321e-08,1.4075552215136e-07,3.0068341095867e-06,6.81469697126938e-07,2.01239663975999e-06,-5.66530417639439e-06,5.49479632184341e-05,1.7136550528597e-07,-2.61489255278591e-06,3.03907966361204e-05,1.12091619017709e-06,3.74818018864907e-07,2.71397943822923e-05,-0.000106062306899692,2.14540888800036e-06,4.31680610738e-05,-3.0537086000482e-05,2.22225991817418e-05,-3.59168162409256e-05,-6.28457087413673e-07,-3.14583291762058e-05,-0.00195564454269572,7.25843574103495e-05,1.29678836247743e-05,-1.80527293119479e-06,-4.92603887464165e-06,-1.38638614350845e-05,-2.29187297409622e-06,-1.30732531700018e-06,7.92712040869692e-05,0.000223340377837246,0.00229800238661453,-0.051187675664503,0.000989426855324213,0.00349864504776713,-4.33189972768435e-07,-0.00179179060876693,-1.50310478436056e-06,-0.000203362447785015,2.62211011695536e-05,0.0001157794913201,-0.000125093213147163,-1.98003153823867e-06,2.91577201767053e-06,1.08061697899691e-05,1.73789641228196e-08,0.000182942228474428,-1.80042919612899e-06,-3.18413450419789e-06,-2.07741806738086e-06,1.66757863377156e-06,5.23157410090468e-07,5.15346338529236e-07,0.000147205675122306,-1.01811515418226e-08,-1.29128944604051e-06,-1.95303178363935e-06,-9.39537993253158e-06,1.09853063050605e-06,5.35376775797223e-06,-6.16690647985864e-06,-2.84768248668396e-08,-1.40062326396523e-05,4.08481590491861e-06,-5.91136287773738e-06,-4.24206907589333e-07,-3.36836069729608e-08,-9.83265942833586e-08,-4.86073363169262e-08,-1.08877062473354e-06,1.51703768478959e-07,1.11861662329696e-06,0.000141233097291451,-9.6117884026753e-06,-2.62461529648016e-06,-0.000625297675231985,1.90788036107823e-06,7.88958425511864e-07,1.10207006896136e-05,2.66981415571174e-05,1.55222668102233e-06,1.32587170228856e-06,-4.08222624207394e-06,-8.61555725630218e-07,-4.90475535976572e-07,-8.25882161954699e-07,4.6256376207548e-08,1.10255877323526e-07,4.20583456176814e-06,1.96061706771924e-17,4.92434686947193e-07,-7.08321329025398e-06,3.68277971275405e-05,4.00125285398459e-06,4.69634161014047e-06,-7.93155282519677e-07,9.60433855284454e-07,-5.01530965756066e-06,8.14378245182367e-08,-5.41371037002692e-09,1.24969186267954e-06,-1.29308019873931e-05,2.70614027019104e-05,-4.26505235780094e-05,2.69699041545959e-06,-1.54664254510994e-07,1.03363550051526e-08,-5.00563855850846e-07,4.88816180163692e-07,-7.71400178651772e-06,-1.76579488751791e-06,3.49113698185557e-07,-0.000165234871810456,1.68935772037678e-06,-0.000312980622647163,7.54360663221392e-06,-7.42703568972319e-07,2.5437050668321e-07,-4.57171821905567e-08,-2.22001919220296e-05,6.95540262639365e-06,-3.44494565349729e-07,-4.01809970710244e-06,3.01266794939029e-07,-3.64149827023965e-06,4.57674787888942e-06,-0.00020067868416521,1.37772309596923e-05,-1.08621361435811e-05,7.98559436149114e-07,-1.33072651264549e-05,6.85031830324102e-07,-2.65925137351603e-06,1.09784416627346e-16,6.63147920891748e-06,2.27570361540633e-07,2.99727029701534e-10,2.63373143197744e-06,-3.3525089076476e-07,2.08692443322508e-07,6.90402097423115e-07,-8.1068221872318e-08,3.44516402264697e-06,-1.19783982397727e-05,-4.42674880206865e-07,2.80226311696956e-05,-5.25028002237819e-06,6.36959854064417e-06,-2.04748297386659e-05,3.25572366555158e-06,-5.41549558485316e-06,-1.92113316334782e-07,-1.46044614880582e-07,-8.25200903003442e-06,5.45558014825327e-05,-2.43047871576592e-07,6.7458512946059e-06,-0.00055577353739727,0.000749722196797523,-2.02739026584841e-06,-1.83624861234857e-06,-1.05942153374841e-05,3.36837703444744e-06,1.92459535055644e-06,-2.25244595447369e-06,0.000279280409176224,-2.54691501804026e-07,-2.3982818948365e-06,4.71620478948637e-06,-3.90813417568359e-17,-1.53054559357028e-08,-9.3025159353131e-06,8.62720915862632e-07,-4.45845271856852e-06,-5.68726439992119e-07,-1.17749732506733e-06,-2.83188659910134e-06,0.0010368861415121,-1.41455951504544e-05,-1.10378854444652e-17,1.14509368607506e-05,1.05725927022882e-07,3.9578988299384e-07,-1.88034256557568e-06,-3.04870376803491e-06,2.0837173734402e-07,8.11496077139556e-06,-2.19111587971968e-06,1.06762208332599e-05,-1.45668115390325e-05,2.27624925246936e-06,5.52158725867052e-06,6.87711720856274e-06,4.21028144135658e-08,5.62510415216489e-06,-3.40629810787764e-06,6.21474481923379e-06,2.90443403278772e-16,1.94850924750636e-05,-1.55719196245685e-06,-4.48856009766865e-08,-4.17158617688516e-07,1.37958479426502e-05,3.34208854782945e-05,-1.81267518100694e-05,6.68188970647108e-05,3.49720633673214e-06,-1.03032746767466e-15,6.98094567085564e-06,2.85600190140496e-06,1.09852964571617e-05,-2.7247917443386e-15,-2.89061554756591e-05,-4.70053015098292e-05,7.71316972008994e-06,3.45060839884836e-05,1.85189872788246e-05,2.10890070278624e-05,0.12443517154358,5.66964923944026e-06,3.96803288583429e-05,1.17192449390568e-06,2.47079573108682e-06,3.42337632135657e-06,1.81392145686325e-16,-1.57580635100286e-07,1.54157991945477e-07,-2.40352800668011e-06,7.8568289355452e-07,-6.63382338424859e-17,8.96610031794127e-05,-3.28274808755028e-07,8.57142501452499e-07,5.93370665928029e-07,2.06135045737509e-06,-2.33476905846936e-06,0.00205615005997689,-4.72503448187758e-06,4.4798789185912e-17,-1.85198778086593e-05,3.56012234096705e-06,-1.00164657228236e-05,-2.36927257838061e-05,6.36624667900953e-05,1.61930816879996e-08,-3.73956403050472e-16,1.59312557584319e-17,1.59673852103844e-08,2.07165142283291e-06,-2.73685318060548e-07,2.80402441527165e-06,-9.10340228823549e-15,1.37174838096905e-06,1.64072842318125e-08,-3.39626215207285e-17,2.91761521214657e-17,-6.05542003097144e-17,-3.65104300296736e-06,-0.000694071492679313,1.17589319798176e-05,-9.32567622697358e-06,-4.65588491632465e-06,-0.000223514596277327,4.16018973287728e-06,5.94996241858517e-14,9.41476998892576e-07,-2.66550919945011e-06,-1.78296412368963e-16,1.96034520996568e-17,1.72380228559249e-06,9.34893713904219e-10,1.03531954280498e-06,-5.66141136640612e-06,-1.03756769473897e-06,3.8894837480437e-07,7.15540379887287e-16,1.31083612648456e-06,1.11541661819561e-18,4.49485782784759e-06,5.3428086881912e-16,1.17982997500915e-06,-4.35964547225811e-17,-4.87252330795595e-06,-1.28455388258803e-06,-5.42529119059006e-07,-7.15184294932414e-06,-3.547560308183e-06,4.09552479297234e-07,-2.6105137639706e-06,-0.00250203729021966,-4.04485324188531e-06,-4.10360349975477e-07,-9.31769880268242e-07,2.64613167711454e-06,4.5686215711142e-06,3.72780647880567e-07,1.28552471558784e-06,-3.06087038302855e-18,-1.21382633439856e-05,2.10994411778085e-06,-1.11805514277987e-06,-1.28974051230823e-15,-1.97404861030665e-07,-5.43448418717042e-06,-0.000444500125177546,-3.45421866893983e-17,4.65569615900525e-06,2.56213079997011e-06,9.99419546214097e-18,0.00867275632495496,-7.57254591856466e-06,-5.91864188048923e-17,-1.44870541705929e-16,2.80798642699769e-07,1.50896669965125e-06,8.63697108740334e-09,1.20469651013182e-05,-3.23639654374872e-06,-9.52894768612945e-07,-9.19276125208001e-07,-8.61980777231077e-06,1.95829248405368e-05,-1.31554518607698e-15,-4.05712572093274e-08,-2.79430853787407e-08,-7.73236560822154e-08,-7.25973212462879e-06,1.48328637298879e-16,-8.56375446076266e-18,-2.39849986563766e-06,-2.91822298909941e-17,2.95650684518015e-16,-1.17238569969392e-05,0.000392576069671841,2.6202999668722e-06,1.78634696981983e-07,-9.28003132290308e-05,-0.000531614996724602,-5.90588590995482e-07,8.11653742499456e-17,-1.42168451707651e-06,-6.6696240764805e-08,-3.06496769682719e-07,3.1064216664102e-06,-1.24239133660847e-05,6.35857798774346e-17,5.41669858592661e-18,-2.12928296341018e-15,1.10730887256167e-06,5.35528526822171e-07,3.12093870585445e-06,1.99262046064759e-15,4.14122318015887e-07,-1.66979841826762e-16,1.75564252951276e-16,-0.000138728993482523,1.49918787049363e-06,-2.14379340626028e-16,3.81757915327212e-06,1.98102646599864e-06,-2.067138297254e-15,-4.52930358022358e-06,-3.40902227044261e-16,-1.6401906210583e-06,-1.10955045091022e-16,-1.6667931479414e-06,-0.000885909766629347,-4.93252372951269e-07,-4.72511860448537e-07,-3.27575593547984e-06,1.66146855600991e-06,-4.66618543886899e-06,3.90395058423812e-17,-3.13227681793261e-05,1.77194979197128e-06,8.66490368794792e-17,2.34157474650088e-07,0.000123182703411581,-1.11967876634744e-06,1.65877325770671e-17,-8.30462848696145e-05,-4.84378514059481e-06,3.71283765831297e-18,1.2157276784796e-05,2.69507463450673e-06,1.41522320585084e-07,6.47373252670425e-17,4.14244569665475e-17,-5.8623558853865e-05,-7.96625918341895e-07,-6.45637198041016e-08,1.07810897954753e-06,-4.94138828997191e-07,2.6082935379821e-17,-3.02130641201185e-17,-1.81180604270798e-06,-1.24955191069345e-08,-1.29858768778519e-16,-4.41323453006924e-06,7.78900321744253e-18,-2.29978879119978e-06,8.5899629737818e-07,5.02254678638134e-07,3.33895147461989e-06,5.40855676972363e-15,3.93335231352909e-19,-2.86120563684695e-17,6.63556623121137e-16,2.75156621661275e-07,9.56436813625884e-07,-7.20374335671369e-18,5.30405867066188e-17,-2.36880552484761e-16,-1.35655167446668e-06,-1.22315270975085e-08,6.7969639660437e-07,-2.77661970223088e-17,-2.4980053697198e-16,-3.42878004877317e-16,0.000680958785756422,-8.95076105184532e-07,-9.27649940339502e-17,-1.63129603707672e-07,4.29140488159046e-06,-1.61191439133068e-17,-6.60925100893918e-17,3.00287863617581e-06,6.9831225073127e-07,1.49991101156097e-06,1.19733047191603e-17,-4.36724691416341e-05,-2.50438977103926e-06,-2.7124787426602e-06,2.50464259993257e-06,6.76602613228427e-06,-1.1085829097822e-07,-3.04295734500568e-17,2.08122834346639e-17,5.19633818369523e-17,-2.18924224842204e-06,1.98335085057195e-06,7.51252197756978e-07,1.54669853335659e-05,-3.3779924943079e-18,-1.61186086998119e-17,6.83452769085686e-17,-2.02635061668662e-17,1.40978544794717e-16,-2.97295690767516e-06,-7.06086825419703e-19,1.20944617807791e-17,4.86526646168524e-07,3.32432187556413e-18,4.35776581502593e-07,-6.83047368665868e-18,5.40792621671635e-07,-3.86438479646037e-17,6.67568874868209e-07,8.39319343843099e-08,7.71086970696741e-06,-2.65392352479729e-14,-2.73739365418781e-06,3.73770392104499e-17,-3.96092186539454e-06,7.15050581477302e-06,-1.00899947862496e-06,2.14977623003538e-16,-5.84069718884174e-06,1.32173698276474e-17,1.46292491192253e-06,0.00018622569243602,3.41616780011594e-17,-1.19418010446144e-17,-2.96226583948017e-17,7.02559418937582e-17,2.80919759750056e-08,3.67229995475697e-07,8.23703852638431e-08,-3.42866386127565e-17,-4.95417442047998e-17,8.89947890079872e-07,-7.26658129010749e-06,-4.63291705175072e-17,-6.69476027534274e-17,3.94934572246134e-07,-1.02966623743888e-16,2.81623079436843e-06,-3.3583918523687e-16,-0.000609831706880518,-3.41537326249154e-17,3.43151922808202e-16,-1.63310222334614e-18,6.0369805983939e-17,-3.32338836651528e-17,2.6245786456588e-16,-5.38519872751167e-07,3.76803977928472e-06,-1.2959804835911e-17,0.000157266945673898,-9.69244422501415e-06,-8.52721231784865e-17,-1.76607009223741e-18,-6.31116322127547e-16,-7.13601186116416e-17,-9.78987813860165e-07,-1.57476988169063e-07,8.89009221307915e-17,2.76089834225372e-16,1.80373770895979e-06,0.000398270991372125,9.7442631947294e-08,7.03512005286193e-17,1.90389998416861e-16,2.22107388157978e-17,3.33860599008313e-17,-6.82833785874286e-17,1.45728386607187e-17,-3.98687024024696e-06,3.78774878106792e-06,7.31573657658127e-07,1.01063664807873e-17,-7.38950583406127e-17,-7.5258660870931e-17,-9.68184995972079e-18,2.2544038071276e-17,-1.07910133350422e-16,-6.93537790086995e-17,2.95375633468729e-18,6.70686560780887e-18,2.4862318160078e-17,9.56296241988554e-19,1.51337762278912e-17,2.25705397745035e-16,7.92473567699556e-17,-4.33633244292292e-07,-9.39408914865135e-16,-4.39680754861873e-16,2.53051412668247e-16,-6.20403267877147e-06,7.49088826469726e-08,3.59962596589773e-17,1.6076195266822e-07,-5.7690738847009e-06,5.26243055878807e-17,-3.75218975742441e-15,0.00028697990033341,-8.40605677903514e-18,-1.47475628476783e-07,2.06753561769199e-16,-8.61164176547019e-17,7.33296894599013e-18,3.13363839751238e-17,-1.4965994609779e-07,0.000521017172873998,1.36858099422354e-16,-2.76192893139005e-17,1.66397373367748e-17,6.27317668931555e-16,3.57504926937991e-17,-2.28466434020588e-17,4.07556186742248e-17,-1.67092552920251e-17,-2.80968487291411e-07,5.10691542136256e-17,2.20160394404359e-17,-2.64345632454166e-17,-6.80746057598132e-18,4.40455359365598e-17,-4.03029538916866e-17,5.71075160324107e-06,-1.85853287941714e-18,6.75900351130279e-17,-9.62045924122885e-05,7.4081373682929e-17,1.40234165052725e-16,-1.02589169946348e-17,2.59644688828497e-17,-3.82149169902275e-06,-1.03542778535436e-17,2.85683684300344e-06,3.28369816128341e-17,-8.55062185037589e-18,-2.54471192987271e-16,1.51999682759596e-15,-2.90185438451192e-17,-3.84428503368332e-16,-1.05990750176824e-07,1.35848858406752e-15,6.57651183354541e-17,-6.10481885888868e-07,1.35230732868897e-05,6.80052025549526e-18,-9.64757177863354e-06,-1.42121804141295e-06,7.53934335577722e-17,-1.2224285295183e-15,-3.33712660713609e-17,-1.01501829477577e-16,-1.43601865381041e-17,2.61180541365417e-06,9.90078833984885e-17,1.37107264199988e-15,1.03955539895615e-16,-1.07162868804504e-06,1.61746817885082e-16,-6.27992747192165e-17,1.13541994466609e-17,-2.93063333552367e-17,5.04845826334853e-07,-8.6360673017913e-17,-1.53506983664726e-07,5.97100883221808e-17,-2.64497594502291e-16,3.12672989724863e-17,-3.0847288612203e-18,-2.99876172268342e-17,7.87501867209178e-17,-1.95499336407699e-17,2.82176169303281e-06,-5.907987312859e-18,4.52672614946383e-18,-1.20407662938242e-06,-4.11780836958911e-17,-2.59885441619711e-16,-7.88016227230993e-18,8.85789460662376e-18,4.54036076852786e-17,-1.17633415529336e-16,0.000205369588852927,1.12258903632619e-16,1.16995175747529e-17,-2.78932249027524e-06,1.34454821875513e-16,-1.92951789608304e-17,-3.77402066454347e-17,-1.89419618508605e-17,7.84910352606741e-17,2.26207292135691e-17,1.73154812054566e-17,-2.80184961014903e-16,-4.23816950039007e-17,8.39366951480529e-17,-8.48945396052826e-19,1.59711108244397e-06,-5.35492058747551e-06,-2.93879018386239e-17,-5.69609625994058e-17,-3.24974023666189e-17,-6.12045734021094e-17,4.81488253678813e-17,-1.48476185957755e-16,-7.2013392416994e-17,-2.87771435893403e-17,4.92607570148049e-07,2.81050997120348e-17,-3.27084061555333e-18,2.41386097933623e-17,2.76342024023337e-17,-4.08016888883114e-05,3.39229361904656e-17,1.12576318308654e-07,1.42545959326721e-16,1.16307692077621e-17,9.22487291776121e-17,-1.08448241981955e-18,-6.70347880716641e-17,2.53002894724603e-16,-6.00754087367505e-17,6.74737346176413e-19,-6.36957407882253e-17,1.78991582251667e-17,-3.04045129759912e-17,1.03729307883585e-17,-3.08956310859617e-17,-1.31203360514956e-17,-8.03748944017286e-17,4.61718151930149e-17,-6.62604670139336e-18,1.88292649573811e-17,2.49992921501825e-17,-3.30035295999362e-17,-7.14193481968891e-16,-8.93589447256386e-18,-2.08735385730531e-16,6.47699476581135e-17,-1.33077427830082e-15,-7.09803812988992e-08,-5.34479678817757e-17,-4.24863221512976e-16,-4.67752120781597e-17,-7.97375040723413e-17,-6.10692606560342e-17,-4.72779873499217e-18,6.64388213551567e-17,2.02975362303942e-17,3.54663018050064e-17,-3.3339857888173e-19,-1.69471739357882e-16,-9.71919575845486e-18,9.05152107737245e-19,3.33045282430718e-17,-5.03375072869605e-17,-5.27081069426221e-17,1.02742048198881e-17,1.1704719673861e-06,3.93135242950348e-18,-7.72817275783208e-17,1.84924434626937e-18,9.49322397555838e-17,1.6025037780084e-16,-1.78511909440582e-18,8.07053005612156e-17,-1.27965587839884e-16,4.33712041407332e-17,-3.49051809177027e-07,8.25812364780335e-16,8.28967161187509e-17,-8.54581265222551e-17,-4.47737756281082e-17,-2.70181352992535e-17,-1.0444478165911e-17,-9.38943767388333e-17,-1.32914388021443e-18,2.48119435678653e-16,-7.57937613697394e-17,1.48758074999957e-16,3.651497813893e-17,-1.02650103315074e-18,-2.97612753407103e-06,1.4972160839399e-17,-1.69114939116457e-16,-2.37461321098517e-17,5.60450610135352e-16,0.000804352547754539,-2.56901586315704e-16,-1.21303114446874e-16,2.34092490954691e-17,-1.68868446882586e-17,-1.36904595785234e-16,-2.29318445888056e-16,-6.37787803820928e-17,3.30085203373045e-17,-1.49782302222401e-16,7.60772841006914e-17,3.66471080777762e-16,-6.36298814022282e-17,-1.47301941125878e-16,1.93489277048793e-16,1.09196111694761e-16,-7.58090585499153e-16,-3.94606442876355e-15
"t230",-0.00471174221636728,0.0463170761262692,0.0593954851855654,0.0136750266343361,0.0267619188132992,-0.00422709811609112,0.00128835613212169,4.33532759856501e-05,0.000340685464473962,-0.000795042067261516,-0.000184556538132056,-0.000249736335802188,0.00389219084714076,0.0338369160216993,-0.00328885001093371,-0.000714116298588654,-0.0221274540546087,-0.000147088855495842,2.97993258375151e-05,8.57473870947768e-06,2.30724750989443e-05,-5.48322104060468e-05,0.000198863011538348,-0.000351879088440547,5.67348244198788e-05,-0.000214623982482117,0.000297733292946207,-0.00269407249731637,0.00218166567601015,-0.0196725136777604,0.000101665575220785,-0.00187896729272624,-0.000988357363154804,-6.98810391241014e-05,4.82527128008538e-05,0.000168139869367611,0.000653776395425179,-7.65547551869679e-05,-0.000710882988850367,-0.000287050515635634,-0.305492033788393,-0.00211927498812487,0.000882803612946854,-0.00104414339859618,0.00252609096864446,-0.000236731148178633,3.63870725479362e-05,-0.000492550374242063,0.000399334005785788,-0.000532308621483187,-0.000203819804187978,0.263677066732416,7.00935386283722e-06,-0.000311594211749686,9.3955723933077e-05,-0.000952746920589316,3.8425408980796e-05,-0.0565886321786381,-0.00374174384417945,-2.86120113530638e-05,-3.00993361959043e-05,3.72056741021274e-05,-0.00102473641847225,0.00158993839691816,-4.4226797138208e-05,0.000129934332898458,-6.9996249489038e-06,0.000356773732388021,-0.0199937442468641,8.38261927760612e-05,-1.48170478269521e-05,3.71943042025885e-05,-1.21175664546468e-05,-7.84352422862895e-05,3.27730040491412e-05,3.01017240234114e-07,-0.000275782294849235,0.00131955929147017,-0.000129906307380217,-0.000150451265277768,0.00332690773900595,0.00061008011208684,-7.49108923809408e-05,-0.000349123531582084,2.17761079534981e-05,0.000616345267224101,-9.11462483330616e-05,-1.43802326962417e-05,-3.19962398080334e-06,0.000121467305815416,-2.66222656955584e-05,6.75474653630685e-07,4.51120056620712e-05,-0.000432688982555132,-3.16804705933468e-06,-0.000157347764963747,-1.86251345550205e-05,0.000238343886079021,-0.0317763415012052,6.52346463096992e-05,-2.36457256148482e-06,2.01021617017101e-07,-5.34146344372485e-06,7.26331640701986e-06,-3.21472012362375e-06,5.13531938484813e-06,-0.000178241038096005,6.14862997671159e-06,-2.8524003795111e-05,1.10108378498622e-06,0.00274789825562958,5.0305367234392e-05,-1.55559685580931e-05,1.49144861870238e-05,-5.46408402213661e-07,1.60004310492652e-05,-3.13243387584256e-05,3.36719614249199e-05,-3.54976407660191e-05,0.00226222335859293,-3.94850868062988e-05,0.00173481624342984,-6.54148102091201e-05,-0.000179937006453308,8.2412706820236e-06,-8.80440558949567e-05,8.97978818570199e-06,-1.91544289437866e-05,0.000187871950814358,0.00119440976109428,5.1464996565365e-06,0.000111377272598475,-1.48245390127429e-05,-2.69535356414555e-05,1.18698908032064e-06,4.50086042289107e-05,-2.78077265018219e-07,-0.00477438530231206,4.24168182334955e-05,-0.000122257911246049,-7.76276656507462e-06,-0.000231976894400518,6.35227046067864e-05,4.01444443133313e-06,1.52849598266897e-06,-8.02566961804655e-07,-0.00112979797813644,5.55313185592499e-06,3.62640713283489e-07,-8.82944277139967e-07,-1.87446682064956e-05,-4.12565177475935e-06,-1.19794396824506e-05,3.30944365187484e-05,-0.000273834287933125,-8.34317324207049e-07,1.25261999139339e-05,-0.000106343544314936,-3.67805279073153e-06,-1.21820780623382e-06,-8.3800376111982e-05,0.000324161082523638,-6.16330936373747e-06,-0.000123111160459187,8.22696213675611e-05,-5.68143079108165e-05,7.98776910157065e-05,1.39122182629543e-06,6.95572344425115e-05,0.00424827627679297,-0.000154495772866523,-2.75220279903606e-05,3.68402863902395e-06,9.93222588568304e-06,2.72463606611425e-05,4.47627686321228e-06,2.54526477520857e-06,-0.000145767431709769,-0.000388200498053392,-0.00395674136825943,0.0873515677287953,-0.00164502815113817,-0.00575959019020293,7.0630782119326e-07,0.00289529199966872,2.35758611210237e-06,0.000316657069230072,-3.84049862240592e-05,-0.000169242513259801,0.000179266306054029,2.69069284472948e-06,-3.7970949790006e-06,-1.3871199099235e-05,-2.18408372654973e-08,-0.000226353120151251,2.12875181619219e-06,3.72860166884195e-06,2.38391943967396e-06,-1.89452789101147e-06,-5.51396776628622e-07,-5.41299265299266e-07,-0.000149959281075526,1.00701104367021e-08,1.19249892081388e-06,1.80305635547639e-06,8.62042115672162e-06,-9.89177854535828e-07,-4.75899279686674e-06,5.29960584223941e-06,2.34901196750024e-08,1.11867108668555e-05,-3.23054980575736e-06,4.47468053860936e-06,3.13520450631746e-07,2.48790891837563e-08,7.1298889839943e-08,3.36599329970915e-08,7.4740083971355e-07,-9.94510384282675e-08,-7.10679488291063e-07,-8.87679410350537e-05,5.78170769481921e-06,1.56250620015168e-06,0.000368073456231141,-1.08526790640238e-06,-4.45714666762073e-07,-6.21557930296772e-06,-1.45113473844533e-05,-8.25115307768211e-07,-6.87646417032425e-07,2.0937568592343e-06,4.36834646254827e-07,2.4602599649515e-07,4.13010213398541e-07,-2.24926298311752e-08,-5.26876262696666e-08,-1.9723456483939e-06,3.63028841334691e-17,-2.24791293132112e-07,3.2160726847188e-06,-1.61121777035654e-05,-1.70128994938212e-06,-1.95045034574486e-06,3.28943201801657e-07,-3.8130739724603e-07,1.97659084543012e-06,-3.19871740549328e-08,2.09226037669422e-09,-4.77713032406848e-07,4.8449692347955e-06,-1.00496997855529e-05,1.5780923240466e-05,-9.78022575871159e-07,5.1517330245455e-08,-3.33964328960959e-09,1.57647611456103e-07,-1.45524115648246e-07,2.28724342148108e-06,5.03024561467111e-07,-9.72202272324922e-08,4.45311373375737e-05,-4.5048407667175e-07,8.25328522512821e-05,-1.95849191784372e-06,1.88383566963757e-07,-6.43476600603556e-08,1.08857905857675e-08,5.27866978995588e-06,-1.65120669136446e-06,8.04197966045197e-08,9.32108061618718e-07,-6.84897983949977e-08,8.24729848295539e-07,-9.12227444372507e-07,3.94124257137745e-05,-2.67399379804515e-06,2.05096916096529e-06,-1.47437655646976e-07,2.33218196461837e-06,-1.18202917608975e-07,4.53180813832899e-07,2.21349327037897e-16,-1.08171574628894e-06,-3.69031839067742e-08,-4.76721326868732e-11,-3.99618376251111e-07,4.87729198657137e-08,-2.97443697243499e-08,-9.73937741622161e-08,9.92159758975977e-09,-4.17511158863821e-07,1.44775849412801e-06,5.10886372699539e-08,-2.80129150960519e-06,5.10828542200272e-07,-6.07910794033751e-07,1.8287205005538e-06,-2.14465756460303e-07,3.03079480628223e-07,1.06402743154858e-08,8.06351976956409e-09,2.50296189090591e-07,-3.37365229825779e-08,-7.95398476750922e-10,6.08161888320434e-08,-8.92979029460889e-06,1.36837679351753e-05,-7.47745894805692e-08,-7.03566881828989e-08,-4.33894148710618e-07,1.44066572835279e-07,9.38935935811193e-08,-1.25100878220971e-07,1.72839336528946e-05,-1.64759862625755e-08,-1.6665565095244e-07,3.76922497128444e-07,-8.38588914804872e-17,-2.3078470976728e-09,-1.47647800948412e-06,1.47481313741973e-07,-7.63812747402221e-07,-9.76547898328505e-08,-2.05805909679646e-07,-5.11607126875484e-07,0.000194714421194855,-2.86809629416277e-06,-6.1596742797754e-17,2.74741688423538e-06,2.58879568443552e-08,1.01194700968797e-07,-4.83233897876502e-07,-8.70448441700699e-07,6.30065514728349e-08,2.65973034408058e-06,-7.58986507260518e-07,4.16901124726705e-06,-6.35890936168305e-06,1.06814403812708e-06,2.70013427037522e-06,3.45106986481883e-06,2.21320428739667e-08,2.97222005866905e-06,-1.86090732027534e-06,3.48522873521649e-06,4.25253597397386e-16,1.34028987117969e-05,-1.12015599472444e-06,-3.23025306175755e-08,-3.42949213543841e-07,1.1582042206104e-05,3.71419321235523e-05,-2.20491965307363e-05,8.27978470149125e-05,4.65934838483374e-06,-2.58097999928755e-15,1.01539370877419e-05,4.29877947996936e-06,1.89560117407448e-05,-3.45351039500997e-15,-5.89469221614661e-05,-0.000100066149588859,1.68005089876628e-05,7.8917367753693e-05,4.61878604011266e-05,5.63910128128842e-05,0.352463880259462,1.94253821153506e-05,0.000139378816153867,4.81434123668311e-06,1.43534755467249e-05,2.0311492805067e-05,5.01014946135052e-16,-4.6893329512877e-06,1.43759124606379e-05,6.14495363701573e-05,-6.93585768268559e-06,-3.01783797219004e-16,-0.000335026135344922,7.58252018392527e-07,-1.69804151969772e-06,-1.10338532387847e-06,-3.57300223327393e-06,3.6005330489258e-06,-0.00269971963435608,4.59818375340924e-06,1.92627243500192e-17,1.48374820705954e-05,-2.81024365894076e-06,7.67245619570056e-06,1.74396706029176e-05,-4.6721442783521e-05,-1.17558851953993e-08,-1.09725445621115e-15,5.39600905068931e-16,-1.09222340029078e-08,-1.35048108673823e-06,1.77383850778896e-07,-1.74560082851054e-06,4.25091100354053e-15,-7.87528976983818e-07,-9.11241832575798e-09,2.96930001139721e-16,-2.21436340340279e-15,4.41210502184474e-15,1.84539994464685e-06,0.000346951970408693,-5.66606664774392e-06,4.36336489011909e-06,2.17115411766442e-06,0.000101198885487265,-1.87737494156033e-06,-2.53848407226006e-14,-4.02376120262392e-07,1.11935488927228e-06,4.41644006487569e-15,-5.63968135290025e-15,-6.81334051952093e-07,-3.64948458735508e-10,-3.98082358096564e-07,2.15724299998237e-06,3.89723429673585e-07,-1.45817356172254e-07,4.98274311715264e-16,-4.90270713676152e-07,-4.28957673464758e-16,-1.67237048014594e-06,6.91359763791783e-15,-4.38073223468818e-07,5.27202392596019e-16,1.80960888998397e-06,4.77318197081596e-07,2.08011464477923e-07,2.78784619050777e-06,1.39495602607747e-06,-1.70419599099363e-07,1.19433825802817e-06,0.458807362582294,-7.28239671462364e-05,-6.81702763001176e-08,1.22018925565931e-07,-5.43187253200143e-07,-1.04343431423594e-06,-8.90415845145474e-08,-3.1204393777225e-07,4.13914186888772e-17,3.05813490521223e-06,-5.46622230088447e-07,3.19963378190494e-07,1.72739798157469e-16,5.95634189456055e-08,1.88522376500798e-06,0.0001712176884376,-6.7787654114092e-16,-1.93179628582593e-06,-2.13342852311228e-06,-1.55549958892416e-15,-0.237090095048096,6.20841793820742e-07,-2.27746406371023e-15,2.14071085529597e-15,-3.06296389081266e-08,-1.67032581092285e-07,-1.01158332963862e-09,-1.47970736164066e-06,4.24083256903024e-07,1.25334867964009e-07,1.2151568455256e-07,1.1786943447572e-06,-2.70524639893978e-06,-5.10944348164796e-16,5.6121171166699e-09,3.86575485537403e-09,1.06992632191113e-08,1.00431370407911e-06,3.5240978066253e-17,-1.254407486547e-16,3.31483394585373e-07,-1.7912739034574e-16,6.75653420223669e-16,1.58979515678675e-06,-5.29768777968071e-05,-3.53563719924245e-07,-2.3822771565219e-08,1.23549970163332e-05,7.07509561780885e-05,7.84131241544476e-08,2.0129497496134e-16,1.83648862993552e-07,8.56154523639014e-09,3.92609994576705e-08,-3.93685945228159e-07,1.54287103335371e-06,2.15459684323401e-16,-2.3058527190801e-17,1.32537611900629e-15,-1.3334901647878e-07,-6.36100911488815e-08,-3.7031321284945e-07,-1.63865016719965e-16,-4.847631741343e-08,5.29916836647091e-16,-2.47861385912538e-16,1.52619338642271e-05,-1.64797166328809e-07,-3.78584866509738e-17,-4.13060642600139e-07,-2.12360176607468e-07,-3.92213114537003e-15,4.76259397146459e-07,-4.03898450076582e-16,1.68440723825705e-07,4.14671732159703e-16,1.70806060213726e-07,9.06334391452641e-05,5.03675211381172e-08,4.81230510508723e-08,3.31647257410406e-07,-1.64464741730812e-07,4.47297185321573e-07,-3.56963953629908e-18,2.88173414036688e-06,-1.62296479670017e-07,-1.49699608399822e-16,-2.1319560798631e-08,-1.10937356542271e-05,9.9842320245636e-08,1.37591057831862e-16,7.1551369848996e-06,4.14460019683287e-07,-3.2951605443728e-16,-1.03067759775176e-06,-2.27441175842725e-07,-1.17403692666898e-08,-6.80506650278878e-16,-4.94286403844823e-17,4.66600925297814e-06,6.22722562205456e-08,5.02816848292412e-09,-7.73688410776318e-08,3.49755640381151e-08,-1.89712258933939e-16,1.52145392461254e-16,1.27016525674871e-07,8.74928195096622e-10,-3.846546819669e-16,3.03998688775373e-07,-5.31431588762428e-17,1.55903336004459e-07,-5.69498779932545e-08,-3.32454747384044e-08,-2.19627812057628e-07,-3.47797824653684e-16,-6.9320864459465e-17,-8.45831388212076e-17,7.26664391165312e-17,-1.70794907515939e-08,-5.90790906988132e-08,-1.04578531835168e-18,-4.58435674661673e-16,-6.07690738720763e-16,8.23168309145193e-08,7.36470468931906e-10,-4.00588984454854e-08,4.21648431030062e-17,3.6886107723513e-16,-6.75469603405225e-16,-3.72140460322155e-05,4.87843796032732e-08,-4.56530247332496e-16,8.62119417027725e-09,-2.23942231435116e-07,-8.31893281261193e-19,-3.87192735075318e-16,-1.52010885312763e-07,-3.52625407572419e-08,-7.43695928957877e-08,1.94320041298791e-16,2.09891453191539e-06,1.18268508545681e-07,1.2494518382574e-07,-1.11416221049506e-07,-2.98121049309596e-07,4.7970460630641e-09,1.36062857102667e-17,-2.66028305538344e-16,1.84232887171054e-17,8.49706354348225e-08,-7.68448121518374e-08,-2.86839121320533e-08,-5.46759858508036e-07,-2.64937881915565e-16,1.94418225996491e-17,1.24167336604694e-16,-6.61567402544232e-17,2.12519152126356e-16,9.6359555568535e-08,2.51300121244071e-16,5.95888645543036e-17,-1.52128351666527e-08,1.7135924805857e-16,-1.35994244769689e-08,1.84314369322536e-17,-1.68212434265129e-08,3.03114102054744e-17,-1.94459180509248e-08,-2.40555988694673e-09,-2.1548607677739e-07,7.01344335725376e-16,7.40939541528929e-08,1.29208963219972e-16,9.96155351854254e-08,-1.62079295968525e-07,2.27623061450414e-08,1.32859082939317e-16,1.25924663421148e-07,-1.00321413655761e-16,-2.92351807971814e-08,-3.70718221306601e-06,-1.75033357055296e-17,2.77399984683551e-17,1.40530729306547e-16,-1.26852013064106e-16,-5.22855357430971e-10,-6.70959252593342e-09,-1.47234211617987e-09,6.03370303685237e-17,8.24056601866861e-17,-1.42260733014963e-08,1.15550076818297e-07,5.23423099921861e-17,-2.87754311902339e-16,-5.35624686353408e-09,1.03790730549099e-16,-3.6794594660162e-08,-9.27966324377615e-17,7.09210983414382e-06,-8.86868966744048e-17,-5.7880931438014e-17,-3.64359919601309e-17,3.01043455372848e-16,-5.57852888528514e-17,1.82438918437415e-16,4.70406416435709e-09,-3.2772431999917e-08,-2.51028691677487e-17,-1.20997168501214e-06,7.0511992356301e-08,-3.88622213258517e-16,-4.32587359627548e-16,2.14868138732261e-16,-5.02052273655842e-16,5.36157091337861e-09,7.96606437935245e-10,2.37442331679967e-16,5.94662401627699e-17,-8.28530218759411e-09,-1.80532774727861e-06,-4.21808376399745e-10,-5.11332021472271e-17,2.01340440358965e-16,1.1328372130458e-16,-5.80879174633293e-17,-4.18038639465626e-17,3.76057157827702e-17,4.10930282395432e-09,-2.74162483899829e-09,-3.06748250528801e-10,4.39334742623351e-17,-3.3483646901243e-16,-1.68948438662733e-16,2.99850998448266e-16,-2.28864426540803e-16,-4.90433865863205e-16,3.87945599879761e-17,-3.40175377470684e-17,2.69814462332878e-17,-3.06654948475821e-16,-5.05017904981362e-17,-1.1031354555771e-16,-1.08108968773837e-16,3.19781285483269e-16,-2.0262523383393e-09,-4.15810958298875e-17,-2.6636916966028e-16,-8.56533460162263e-17,-3.31481454618317e-08,4.11810008975639e-10,-1.39858152344629e-16,8.9918755110028e-10,-3.7006063346368e-08,-2.2944585834359e-17,-5.19079482076828e-17,2.13364856249266e-06,1.11991098052588e-16,-1.28013224633657e-09,-5.5298103320547e-17,-1.49542244745104e-16,2.16444376227988e-17,-3.15461213369295e-17,-1.59151807152482e-09,5.60949063080372e-06,1.16873716570524e-15,-3.26946328366991e-16,-2.59694080419055e-17,8.21193131406268e-16,-2.9440604283453e-16,-1.94791582286787e-16,-5.82882801481202e-17,-8.77703609345423e-18,-4.92659959364932e-09,1.75969244483956e-16,-2.79889122377042e-18,1.35903113715662e-16,-1.7905860126421e-16,-1.40344969882443e-16,2.76488064790989e-16,1.08384498265515e-07,-1.59531611217287e-17,7.87473573168143e-17,-1.85141829905822e-06,1.97587403373189e-16,8.1999525757065e-17,3.43516251887385e-16,-1.49096481692323e-17,-8.54164782991509e-08,4.67831766364425e-17,6.54392536184283e-08,3.52427433417655e-16,-1.41421801668474e-17,-3.4005368932383e-16,3.52841696158336e-16,-6.67487794476147e-17,-2.61057854745466e-17,-2.54758867239072e-09,2.55053048494867e-15,-1.55849236330671e-16,-1.52017762419817e-08,3.37331624611521e-07,1.40646748111481e-17,-2.47836926474542e-07,-3.68412117451969e-08,-6.09189938921898e-17,-1.91706455024258e-15,-5.06923677526354e-16,3.46739633866031e-17,-8.3758675564069e-17,7.6685532901789e-08,3.86836274298242e-17,1.9789876502856e-15,4.61843831865327e-16,-3.24097150275312e-08,7.67537647835396e-16,3.36655520948683e-16,-4.02485883831747e-16,-3.7561106098797e-17,1.5856329390622e-08,-2.20014049910597e-17,-4.87653224627986e-09,7.94425678614172e-17,-1.81701244645052e-16,-2.33437909290472e-16,7.93008896393691e-17,2.79985783886772e-16,4.14134543268275e-16,-4.80644507771387e-17,9.49952824408192e-08,-7.5907775132732e-17,-3.37006919120073e-17,-4.11012655695918e-08,-8.43673140532324e-17,-3.9196061713798e-16,-4.65549449233571e-17,-5.26163685733044e-17,7.53275876458786e-17,-4.66465077881497e-16,7.31294950188391e-06,3.71354621201789e-17,-1.15493294133261e-16,-1.01162332516616e-07,1.99898555130737e-16,-4.0929677848533e-17,-4.31818578868669e-16,-1.71843712026093e-17,3.18444454888475e-16,-1.62036404897491e-17,1.23281512120233e-17,-1.19357201320709e-16,3.30738292515687e-17,-1.60032513563513e-16,1.94957966954829e-16,6.17993148378921e-08,-2.08763249096063e-07,9.83630702786364e-17,-3.1497004299041e-16,-4.84067607206832e-16,-1.97588601085113e-16,6.20533852295337e-17,-2.91079378969638e-16,3.22771078507688e-18,-3.97735673709187e-16,1.99513468268446e-08,3.22283070264289e-16,1.1241353118865e-16,-1.36519370771765e-16,-9.82288464265828e-17,-1.70497650871338e-06,1.08099727151694e-16,4.86703358162515e-09,2.17484297983724e-17,2.17383950842154e-16,-5.7595620847838e-16,-5.17589609378602e-16,-5.8144330257283e-17,2.33405485690496e-16,1.14571637096855e-18,-4.3889425370237e-17,-2.77271502268569e-16,-4.25993229995245e-17,2.63206146510358e-16,7.9219768741188e-17,1.46394418676395e-16,-7.00409501069846e-17,-5.28809657206261e-16,2.36518894207676e-16,9.60067680167652e-20,-8.70794038528493e-16,-2.38570255981044e-16,-2.8271886072586e-16,-9.18401339078544e-16,2.55417346124752e-17,-3.41391648753296e-16,4.98063419980909e-17,1.84072997095927e-16,-3.44458329046943e-09,2.701596667609e-16,-2.69165714285321e-17,-5.00278185956162e-17,1.10771789169189e-15,-4.26549696096031e-16,-1.87849545667794e-16,2.07447770825549e-17,1.13292454793086e-16,7.13960021346436e-16,1.38119218847517e-16,-3.24519468831505e-16,-4.28387336129276e-16,1.10301151311525e-16,1.16679675307207e-16,4.64532893537499e-16,-6.89390302217912e-17,1.50569965939513e-16,6.0952054211872e-08,6.90665008481822e-16,-2.90327454471723e-16,-1.55143230229632e-16,1.91127499365663e-16,5.89906978222304e-16,6.05865164618126e-17,-1.24971918529575e-15,2.20283032584592e-16,-4.33677751752889e-16,-1.94436570337716e-08,6.84905749080291e-16,-4.79323802092102e-17,-1.94971290233299e-16,-1.44895793754649e-17,-2.50255260802502e-16,1.66575507902884e-16,2.02811746169533e-16,-1.52694652396366e-16,5.91780355182682e-16,4.1217010618702e-16,3.100873582658e-16,-4.76191104459452e-17,3.40388763082535e-16,-1.76546776673305e-07,1.5924553834851e-16,-5.42514167320464e-16,-3.97289647035405e-16,1.62312756341852e-15,4.90623938198601e-05,-4.45821346491609e-16,5.79280665654777e-16,3.7131252090466e-16,3.08331404253936e-16,-7.07682632636182e-17,-9.18077427538761e-16,2.40363098929979e-16,6.88713021709973e-17,-1.75477893710307e-16,-3.04586098658969e-16,2.04388440070916e-16,2.4984070277615e-16,-1.8828478324583e-16,7.87386511927463e-18,4.10495895428483e-16,-2.33431567892731e-15,-3.20598999679203e-15
"t199",-0.00493703132581679,0.0515467079421411,0.0663704917322722,0.0160179207508038,0.032853968136649,-0.00545536779592636,0.00167459878229423,5.8109629188493e-05,0.000497757481647185,-0.00135625323488975,-0.00047455592838604,0.00558183790175354,-0.0191975532583644,-0.104354534665649,0.00274422566896008,-0.000349660156326667,-0.0202320231246874,-0.000182898772085913,5.09435799988486e-05,5.03030370606639e-05,-0.000215013022450432,6.07323215500284e-05,-0.000161327557881139,0.00027679682526118,-4.36962212148345e-05,0.000129547443266671,-0.000169227737184149,0.00146323313063625,-0.00103639121063901,0.00387813447135653,-1.34079061051578e-05,0.000179238856012841,4.91903006257324e-05,1.82936206952674e-06,-2.99685629309758e-07,2.36453133835693e-06,1.05524703019285e-05,-1.39470587148012e-06,-1.34556433976229e-05,-5.76369015740545e-06,-0.00631604289060627,-4.10267385105282e-05,1.55445496827394e-05,-1.81987337080936e-05,3.60652670256754e-05,2.16792119101791e-06,-7.84625228751622e-07,1.41434547681018e-05,-2.22605459953917e-05,6.01413508434013e-05,-7.17515723632078e-05,0.00415271051045256,1.25628260821617e-08,2.33790251621369e-05,-1.78449309863792e-05,0.000199620690294718,-4.59897053067234e-05,0.153405786730196,0.0116654461034358,-6.68906478481092e-05,-3.81693673416177e-05,4.0228599481238e-05,-0.00100584651889634,0.00152837027986256,-3.76577585207779e-05,0.000103403410001044,-5.64523553329033e-06,0.000361782805863398,-0.0293236722594878,-5.68950777377458e-05,-4.00432474862675e-06,2.74989472268639e-06,3.71151064661994e-08,2.44550895228827e-05,-1.24674486455488e-05,-2.24593062952453e-07,0.00027443419878962,-0.406461493679437,-0.000147014100955166,-0.000141271944304394,0.000969642899092798,0.000478475855453828,-4.97784658540393e-05,-0.000224949781538222,1.27074114043962e-05,0.000351903344319573,-5.09586815691046e-05,-8.01302694991861e-06,-1.78136241390361e-06,6.7478603730316e-05,-1.46748300141487e-05,3.45135702410527e-07,2.28723316664575e-05,-0.000206427433924744,-1.23316392579385e-06,-5.76415871655152e-05,-6.8008905862693e-06,6.5886241150938e-05,-0.00711363195674685,-2.46965014248754e-05,-8.9115890928609e-06,5.83811591846302e-07,-1.26243415343365e-05,5.74424972278804e-06,-2.52333767746848e-06,4.01044046378208e-06,-0.000137876194290347,4.73832003419454e-06,-2.17386384265425e-05,7.6301009528772e-07,0.000717696549483198,4.15490980636815e-05,-1.28366989775416e-05,1.3111749212046e-05,-4.93905604087165e-07,1.57400662084307e-05,-3.24780918590671e-05,4.39196219423029e-05,-7.90762925855558e-05,0.0591614907609173,0.000120625123917454,-0.000316511549855222,-4.37663665982809e-06,-1.31655943977671e-05,7.85859646942495e-07,-1.85515721983267e-05,1.95698709560351e-06,-5.36461181020636e-06,3.69011394894999e-05,0.000475732474459494,2.08686981541353e-06,5.28559924321175e-05,-7.26536981989743e-06,-1.35327132609121e-05,6.65795703881275e-07,2.56910885811853e-05,-2.40958972968204e-07,-0.0197487243112352,-5.04489271478735e-06,1.2341317086714e-05,6.42943017502249e-08,-7.25829980147549e-06,5.62605602440155e-06,4.38232053614016e-07,1.67273496929898e-07,-2.09128180460579e-07,-0.0299881737035442,-5.26169014802439e-07,-1.46292939014225e-08,-2.67461801733254e-08,-6.42974355499346e-07,-2.12456446874641e-07,-7.22671869410897e-07,2.29904327156956e-06,-0.00438961230226485,-6.74455717724345e-08,1.23953044319363e-06,-1.56218482553756e-05,-5.49439819402067e-07,-1.82741090441791e-07,-1.48087000366838e-05,0.00327753052384566,-8.2326068415404e-07,-1.64532386862081e-05,1.07796387184579e-05,-7.15796877745554e-06,8.21912840433159e-06,1.41253384322004e-07,7.03531973196796e-06,0.000212397144251917,-1.51345892561976e-05,-2.66924680051803e-06,3.17296571939251e-07,8.22838951657487e-07,2.05926579649248e-06,3.30112957812942e-07,1.85296438215784e-07,-7.91064120010715e-06,-1.27444835509979e-05,-0.000114270477024684,0.00218717262870051,-2.16756745656678e-05,-0.000111893625320189,2.85213878380102e-09,-1.6239484563591e-06,-3.88709218135444e-08,-6.52184727594361e-06,2.26807473767668e-06,1.02268637380746e-05,-1.33850571805695e-05,-3.1683458415472e-07,6.01728251423403e-07,2.40966353451126e-06,4.31669045516393e-09,1.35244501238856e-05,-5.94057150728867e-07,-1.09585492498754e-06,-7.79746374794363e-07,6.5296788174676e-07,2.79316333995083e-07,2.79072790283354e-07,9.05148819862671e-05,-7.0959859248852e-09,-1.23070259689194e-06,-1.86421134474719e-06,-9.24532101471002e-06,1.18934730002066e-06,6.20944145828358e-06,-8.69862490031516e-06,-5.31412662398002e-08,-3.43770294441303e-05,1.10573870669122e-05,-2.86859137551832e-05,-3.52519209639767e-06,-2.85172395036026e-07,-1.83930202363944e-06,4.69265550161384e-07,0.000347186410176603,-5.28406877725881e-07,-2.84815095712754e-06,-0.000328279803405661,1.54537193928468e-05,3.62828108529987e-06,0.000376252278081934,-3.05506624445208e-06,-1.20553706416582e-06,-1.66715917049346e-05,-0.00140934654149642,-1.70972689191571e-06,-1.36771891571484e-06,4.07981117554577e-06,8.3375872914702e-07,4.60902899682576e-07,7.69767059656672e-07,-4.01011207821645e-08,-9.1614110220795e-08,-3.34487181399451e-06,1.3426218294025e-17,-3.69065173437461e-07,5.24845858017242e-06,-2.53143096333611e-05,-2.60616154331666e-06,-2.93290561183862e-06,4.94113903697766e-07,-5.56188550058521e-07,2.87056129508053e-06,-4.63633567970169e-08,3.0056513805268e-09,-6.82408706778653e-07,6.85538955057215e-06,-5.36245264230153e-06,2.22176888811126e-05,-1.36592570767501e-06,7.03827212698549e-08,-4.54692164097275e-09,2.14467778176246e-07,-1.99538289226447e-07,3.14040544545485e-06,7.08984359401653e-07,-1.4308903316974e-07,0.00212226213737153,-3.85474498280137e-07,9.0791316505603e-05,-2.34715332425214e-06,2.36407886181026e-07,-8.1019198322434e-08,1.43501210688406e-08,6.96422552511727e-06,-2.18044373549529e-06,1.07230479692888e-07,4.54492648505643e-05,-9.26820041154053e-08,1.1186101960392e-06,-1.68737515554962e-06,0.00197956829660992,-2.05314263919712e-06,2.49289944990927e-06,-1.91018627291384e-07,3.22404080562566e-06,-1.65558074126216e-07,6.40892420142583e-07,-7.06731752778002e-17,-1.57748585613697e-06,-5.40268113847405e-08,-7.06794425028571e-11,-6.10529552771034e-07,7.65237603251824e-08,-4.72816517685824e-08,-1.55839173617223e-07,1.74404910956275e-08,-7.38894300786448e-07,2.56691141447192e-06,9.35504931603391e-08,-2.23108443103735e-06,1.06068589253526e-06,-1.28104237281147e-06,4.05824739374377e-06,-6.12571509710283e-07,9.98909059418535e-07,3.53965179050983e-08,2.68995312126462e-08,1.45696018772975e-06,-9.32002297647666e-06,4.14082259944939e-08,-1.14472194545432e-06,3.97807776119102e-05,-0.000129346419933738,3.51466167330367e-07,3.19222215919702e-07,1.85324897623703e-06,-5.92341527165441e-07,-3.47636069274643e-07,4.403759625899e-07,-0.00149216115761425,2.79241419314134e-08,3.60163726527053e-07,-7.90604225523464e-07,-5.25254486956562e-17,4.87312605631372e-09,3.55946782081453e-06,-5.17005252363167e-07,2.72276176501577e-06,3.54503157152893e-07,8.81417524484468e-07,3.59306499996329e-06,-0.0179930293741294,-8.09607937999745e-06,-7.92055972966943e-17,1.35912810919154e-06,1.0973621384322e-08,3.12780458872634e-08,-1.43986246026712e-07,-1.23723374083125e-07,5.91507984386751e-09,1.31518254798369e-07,-2.21825724513562e-08,1.09722140205943e-08,6.08367076225431e-08,-1.47061166671996e-08,-4.12880179470343e-08,-5.51926422173437e-08,-3.72969585125586e-10,-5.02892379476461e-08,3.20870545925579e-08,-6.05443090138642e-08,-3.50745790808163e-16,-2.14593080557212e-07,1.72401852854449e-08,4.96955556155901e-10,4.55863221902371e-09,-1.49957725952651e-07,-3.16239771260669e-07,1.59987647521871e-07,-5.80470345285113e-07,-2.83949614813146e-08,3.53002377902916e-17,-5.15392331654973e-08,-2.02259550784737e-08,-6.37934354692766e-08,7.27454070437098e-17,1.18197988736076e-07,1.70011695837498e-07,-2.59158731258275e-08,-9.66229186032064e-08,-3.26141800725459e-08,-1.85919691778431e-08,-1.51359929580505e-05,1.48786441987552e-08,1.19559548267371e-07,6.61171972335129e-09,3.17026179840393e-08,4.56783495082641e-08,7.98024021244337e-17,-1.69278231383668e-08,5.47793447582802e-08,2.59020881469319e-07,-3.28190987537157e-08,7.71187973724785e-17,-7.32199166083579e-07,4.28984902529561e-09,-9.41331768385238e-09,-6.01091467493376e-09,-1.89227040217664e-08,1.76375339031562e-08,-4.58386034747609e-06,4.91152971337758e-09,-3.48969941273869e-18,-4.5200145658653e-08,9.70936927809684e-09,-3.32798938613368e-08,-1.04342687858494e-07,8.74158165968166e-06,6.95992499062534e-11,4.66428102591332e-16,1.58228355411833e-17,8.97873334668979e-11,1.38560867874732e-08,-1.86623059415894e-09,2.17197473594349e-08,4.17448482784364e-17,1.33151132719356e-08,1.73083808432358e-10,5.37914671354613e-17,8.57631084424109e-18,-1.01475945526122e-16,-4.746464420374e-08,-3.73748111840305e-06,1.70929628218874e-07,-1.43728877334067e-07,-7.22340869371053e-08,-3.67450240399602e-06,6.88320069041895e-08,3.44722264968481e-14,1.72927091560896e-08,-5.06286020374519e-08,3.86109533761194e-18,3.72318491413285e-16,3.68411592610973e-08,2.0500188630151e-11,2.34626590604683e-08,-1.31050695022901e-07,-2.49686454078942e-08,9.41678680135732e-09,5.50871026580683e-17,3.1997687642147e-08,1.59337046149906e-17,1.12276443262588e-07,4.70999534118007e-16,2.99595830428799e-08,4.09984994003955e-17,-1.26268498446589e-07,-3.34228316883321e-08,-1.48540421734697e-08,-1.97842619210929e-07,-9.85551519836527e-08,1.15859503413988e-08,-7.49797271995144e-08,-7.05081313765464e-07,-1.32294259116406e-07,-1.23679904710632e-08,-2.85518886971163e-08,8.29758561545382e-08,1.45991779907189e-07,1.20859554933574e-08,4.19704821986744e-08,4.85380547611563e-18,-4.04752164270388e-07,7.17471624839383e-08,-4.00272776266497e-08,-5.02805887227994e-17,-7.16486248696208e-09,-2.010717055256e-07,-1.65659778774553e-05,-1.72973302420335e-17,1.74087785038846e-07,9.59624004887057e-08,-2.7584139158142e-17,3.32745789900783e-06,-3.08141013840604e-07,-2.74292129826016e-16,1.09829849762557e-16,1.1614502379149e-08,6.25062655925966e-08,3.60236520094846e-10,5.06505723393352e-07,-1.3852123566577e-07,-4.08469940313003e-08,-3.94905364573715e-08,-3.78872681314865e-07,8.76432662072431e-07,-1.77413368149003e-15,-1.82794221583866e-09,-1.26041560936147e-09,-3.50173219151861e-09,-3.30337259506153e-07,-5.66439256037514e-19,1.6176440683671e-16,-1.09844815248442e-07,7.2469631045188e-18,-1.43018493256139e-17,-5.58254745477259e-07,1.88145668406682e-05,1.25597223597133e-07,8.68204215539822e-09,-4.51866621263571e-06,-2.58958314362358e-05,-2.88419351045098e-08,5.37350592860624e-17,-7.12878954833254e-08,-3.36276485390549e-09,-1.54811367095603e-08,1.58305661264399e-07,-6.43273744594975e-07,-1.53148171881894e-16,-4.06643108831886e-17,-7.3669271691713e-17,5.86195408207562e-08,2.86166551377265e-08,1.66889158326714e-07,1.3239200164384e-16,2.23424966302826e-08,-1.73951928137395e-16,3.02104681527133e-16,-7.77153363475985e-06,8.40221470870584e-08,-6.07481690805886e-17,2.15855686616337e-07,1.125800022005e-07,2.36369904136822e-17,-2.5998054563545e-07,6.06810544847578e-17,-9.46542236556887e-08,2.22815714375073e-17,-9.53070628890198e-08,-2.09956009084804e-05,-2.92790570968974e-08,-2.78055202869748e-08,-1.92574451696937e-07,9.8577689312836e-08,-2.81089815429124e-07,-1.22072936988965e-16,-1.92617148652465e-06,1.09273703139734e-07,9.16216930972636e-17,1.45109808893414e-08,0.000231654656616468,-6.90464848956467e-08,-3.55825305985494e-17,-5.22370810069472e-06,-3.05594936262817e-07,-1.92861060440033e-17,7.69998012621153e-07,1.71019794355519e-07,9.04282488465097e-09,-6.4236162564919e-17,9.42689965418825e-17,-3.80588620418915e-06,-5.20619609101848e-08,-4.22514809227681e-09,7.25680375916997e-08,-3.34101984094002e-08,4.67979951840699e-18,-2.9015918574238e-16,-1.22879353117549e-07,-8.47794386955109e-10,1.48536819271721e-16,-3.0097883389945e-07,-4.24095573686363e-17,-1.57623253019929e-07,5.92728669012239e-08,3.46733705732663e-08,2.30938410525593e-07,5.03300880747437e-16,-2.15075486528543e-17,1.87111288716792e-16,-8.32346316813605e-18,1.93513039138876e-08,6.73557916409397e-08,-1.3211607830365e-16,1.25405576266139e-17,2.36281809579085e-16,-9.60009361821715e-08,-8.6742970144468e-10,4.84779677169109e-08,-8.04584226051044e-17,2.05593446778951e-16,1.17677727256894e-16,4.95056451581362e-05,-6.51143986130108e-08,-3.24198934779955e-17,-1.19549710444531e-08,3.15428797776174e-07,6.56296998921003e-17,-6.23934991867555e-17,2.22264576709826e-07,5.17160898463283e-08,1.11542437191978e-07,1.41968046129736e-16,-9.7814740239345e-05,-1.88056540550522e-07,-2.04784977177435e-07,1.90432689113133e-07,5.15399099383219e-07,-8.47417849815089e-09,8.46650351128103e-18,7.73994693506731e-17,-6.26361901865984e-17,-1.70679424699402e-07,1.54673924799839e-07,5.87333330397345e-08,3.64292326169557e-05,4.68187332230165e-16,2.5319183754766e-17,-4.40643626935727e-17,-2.42607349052875e-17,4.23898077328522e-16,-2.38428267146462e-07,5.09500294642641e-17,8.02595430916789e-17,3.92177150039854e-08,4.21097280275857e-17,3.5136390705982e-08,2.27682456221956e-18,4.36236502141206e-08,2.38152966670945e-16,5.43260853687105e-08,6.84460416749315e-09,6.30831345245723e-07,-6.43429797577631e-14,-2.24831336267643e-07,-3.17950593941253e-17,-3.2814447887611e-07,5.99105004599935e-07,-2.50189861269063e-06,3.02562410375581e-16,-4.91850967876341e-07,9.74482528033613e-17,1.2409478210391e-07,1.58025354244007e-05,-1.28028217374469e-16,7.43364373466026e-19,-2.63574826220925e-17,-2.92770474901332e-18,2.3982638466721e-09,3.14015117789643e-08,7.05660514538874e-09,-2.78361486952421e-20,-1.00767851263275e-17,7.69323631159413e-08,-6.28420378142769e-07,4.27169578137588e-17,3.24584722425972e-17,3.45489667351637e-08,8.41666712271105e-17,2.46980293072334e-07,-7.13561054657985e-17,-5.38755962378858e-05,2.40752151686968e-17,5.19871842113907e-17,-5.84452960615866e-17,-1.23484964524763e-17,-4.90632353834412e-17,3.45465063018991e-16,-4.83225730608896e-08,3.38185969980066e-07,-2.20671030847893e-17,5.81753084619201e-06,-8.77129310156431e-07,-9.5391951229265e-17,-3.21901153886539e-17,2.44335725789148e-17,-2.71606647964227e-16,-8.95809950425137e-08,-1.44483425660298e-08,1.4173972675569e-16,4.5696872572204e-17,1.65789856404244e-07,1.50354345419382e-05,8.99059949927824e-09,-1.42169398546293e-16,-5.53986340856029e-17,5.8097830725068e-17,-2.03837368808034e-17,6.14733905969675e-16,-1.87036861120045e-16,-3.77713148854675e-07,3.59944586840305e-07,6.97407641634519e-08,1.58526379949605e-17,3.67745795145757e-16,-1.70978629564029e-16,1.51266121361903e-16,-3.43892766570865e-17,5.60852068316024e-16,-1.46595786969182e-16,3.22272149917959e-17,2.29727252488077e-16,3.87232184337555e-17,2.42928253038105e-16,-2.54874076829268e-16,-8.09602105354205e-17,-7.54988641303683e-17,-4.62580307497713e-08,-6.92282512282679e-17,1.31509048814509e-15,1.14911686384747e-17,-6.92497297716326e-07,8.48129795138579e-09,2.44692924670648e-16,1.83822604818004e-08,-7.63562084837743e-07,-2.88111835294065e-15,5.42660385819e-15,0.088499763301152,-4.14609160493434e-17,-8.99453237154973e-09,-5.29311293131209e-16,-7.77680609265635e-17,2.29269153653773e-16,-3.35930383052143e-16,-1.24348048696918e-08,0.000336360638861087,3.4876331649602e-16,3.13249842834132e-17,8.59202561585986e-17,7.80228929719655e-17,-6.21109565754513e-16,-1.31247612394608e-16,1.85268406028377e-16,-6.95531505094909e-17,-2.60233243654624e-08,-2.5814530537924e-16,-1.27914988015464e-16,-5.59069437281032e-17,6.55297937167662e-16,2.43085047161765e-16,7.89893770701009e-17,5.34883371931986e-07,5.1158953355124e-17,-4.67468567456814e-17,-9.027910439511e-06,9.3661836713921e-17,-7.32970593457404e-16,1.66292968830057e-17,4.85903346294472e-16,-3.65786581499267e-07,3.08454047009055e-17,2.74323780317808e-07,9.29238537611586e-18,-4.45882899494238e-17,4.88149434623625e-16,-1.86145843077301e-15,-3.75663322620695e-18,5.71413603466995e-16,-1.02414595796441e-08,3.6089785223463e-16,8.32920268582898e-17,-5.92608427181605e-08,1.31301515612988e-06,3.05445478329278e-17,-9.40338475798166e-07,-1.3868928830061e-07,3.60030778517561e-17,9.02698076750686e-17,8.52302956092719e-18,-3.33055128282383e-17,6.25680452692594e-17,2.5916477412188e-07,9.63812474575658e-16,4.4055869740063e-16,3.92956781065579e-17,-1.06771070161354e-07,-4.38763124418578e-17,5.53408912394247e-17,-1.49990615815249e-16,2.43418966338356e-17,5.05670650472834e-08,3.77936210990129e-16,-1.54005937714073e-08,5.19038326802852e-17,-6.55770311211493e-17,-9.57579748914992e-17,1.3875973872012e-16,2.74748516986111e-17,-4.28922654602932e-17,8.94123846940233e-17,2.85475186418877e-07,1.10012360694819e-17,-2.53036887929685e-17,-1.22064294299445e-07,-4.76784837881535e-16,-2.34981015420773e-16,-3.00570320693077e-17,-3.26670485995711e-17,-3.16831667784408e-17,3.61728628153067e-17,2.09516603862374e-05,1.52710302997632e-16,1.63062232747928e-16,-2.85361308665837e-07,8.43611469350717e-17,-3.52988476644472e-17,-1.91404877954462e-16,1.13670974991955e-17,1.01006306498798e-16,-8.07052954846621e-17,4.22521311726232e-17,-3.3709661722661e-17,-1.11001541801565e-16,4.63599053314273e-17,2.84245132610558e-17,1.65056930677139e-07,-5.54080373435991e-07,-8.58977306011224e-16,-6.25095044367377e-17,-1.28733430446313e-17,-3.90033847769241e-17,-7.65336054487611e-17,-5.59330840387504e-17,-1.14471357116782e-16,-1.46379905740047e-16,5.12881009739099e-08,-8.03363638376381e-17,-4.69641881667191e-17,4.02929391106129e-17,8.51375987618795e-17,-1.75896218280115e-06,-3.95370948362092e-17,1.18506478533332e-08,-4.41395144436342e-18,-2.7241601046057e-17,-3.51251382606274e-17,-5.62236130752267e-17,-5.91201122125199e-17,-1.40062540587952e-17,-5.12407458256125e-17,-5.99482096408869e-17,-1.18720904926782e-16,-3.67646500729486e-18,7.76323284415119e-18,1.62276225197803e-17,-1.91454536877816e-16,1.19113262531305e-18,-6.11728665285051e-18,4.52831034793969e-17,1.4515895662074e-17,2.70707408792548e-16,4.1045484302968e-17,-1.17483744520316e-17,-6.89922337131413e-16,1.2314468108152e-17,-3.47131588120438e-16,7.56529764438102e-18,-1.72633463346311e-17,-7.62897587184948e-09,-4.86531756874068e-17,-1.11196639457301e-17,-5.55572496752923e-17,-1.21890306190378e-16,1.68289066338189e-17,5.24686125187448e-18,1.27535947950271e-16,-4.37880343860629e-17,2.67926844251224e-17,-4.03404587435968e-17,-1.05221171515166e-15,3.47353646297982e-19,2.11797327332162e-17,-9.56260407470059e-19,-1.8899250669102e-16,-2.21813937910726e-17,3.00066843591243e-17,1.27526042582387e-07,3.40721728246005e-17,-3.12031352476869e-17,3.41584690863374e-17,-1.60868488799835e-16,1.54800227456859e-16,2.9243709003553e-17,-4.81633290796212e-17,-8.37945592411278e-17,8.85824347333788e-17,-3.85550377295371e-08,1.4611015882493e-15,6.14141179630427e-17,5.0175575694064e-17,-1.04370525622879e-16,-7.03141053253267e-17,1.08819587811008e-18,4.84408399720665e-17,-4.86834006271133e-18,2.65525994503988e-17,8.98320373552732e-16,-3.4038411281099e-17,-3.16813385104083e-17,-2.72641936073e-17,-3.33189332213446e-07,2.41168906843384e-16,-8.99681805250154e-17,-2.17675523128599e-16,1.51704843387597e-15,3.74022364583979e-05,9.39293171701863e-18,5.04144671003844e-18,1.45863293119382e-16,7.91595554601512e-17,-3.11948839678972e-17,-3.23038820431877e-17,1.49270456646263e-16,3.29105953267065e-17,4.11457003522967e-17,-1.72725229503106e-17,1.81986918670091e-16,3.09864801192651e-17,-3.12923086699296e-17,-1.05858942774455e-16,-2.13896135705919e-16,-3.8434687653856e-16,-1.07439995338864e-15
"t918",-0.00499326534326206,0.0528221404978702,0.0680690571713566,0.0165789621058905,0.0342898626871576,-0.00574026712516857,0.00176398978222999,6.14927976811948e-05,0.00053287634927122,-0.00147666188673734,-0.000531321574034998,0.00646527922039137,-0.0223613919953888,-0.12192253389327,0.00323538656258526,-0.000417746064582083,-0.024313644836211,-0.000220816455020041,6.18826895125537e-05,6.2620817237178e-05,-0.000275054035631888,8.48615900048737e-05,-0.000233308513971024,0.00040186119220825,-6.36125426589242e-05,0.000195280009876534,-0.00025755487038061,0.0022438053763744,-0.00162729847160777,0.00755803807143149,-3.00297688589159e-05,0.000458471016441064,0.000174402195047917,9.69716099780295e-06,-5.00179609532685e-06,-9.94449524593548e-06,-3.45804795690519e-05,3.48189035454285e-06,3.01675421196093e-05,1.03600913805985e-05,0.00765913551789424,3.60071566817548e-05,-1.11220687510856e-05,1.27995184954018e-05,-1.97089204617945e-05,-3.29192964861134e-07,5.22967806822826e-08,-4.28865959376618e-07,-1.35976378205865e-06,8.79917760808519e-06,-1.74905171232989e-05,0.0011811747348466,3.64547482217542e-09,7.88334783791459e-06,-7.52179736128012e-06,8.65503153506748e-05,-2.92683091952787e-05,0.106091023966547,0.00814552363085885,-5.66258461284486e-05,-3.75066207061813e-05,4.27775149764907e-05,-0.00114488424446994,0.00177094773334625,-5.03871943225742e-05,0.000161285279377512,-1.45267094298822e-05,0.00137973640529957,-0.146610508874385,-0.000704521437818077,5.08049862843067e-06,-1.36615103145231e-06,-1.62141563349167e-08,-8.19707052907609e-06,4.04123088687169e-06,6.47848161673948e-08,-7.55257843330469e-05,0.0881634392716991,1.71334722722558e-05,1.20136952198507e-05,-3.87893654096321e-05,-1.50605673488118e-05,-1.00601523248824e-06,-7.35107896126479e-06,9.33124575453438e-07,2.8677829964672e-05,-4.50861098437728e-06,-7.17171642964975e-07,-1.59901443509709e-07,6.10110323817847e-06,-1.35963119078452e-06,3.66895548780083e-08,2.44521238276396e-06,-2.23311673094465e-05,-1.21735229012641e-07,-5.52981199484663e-06,-6.51492689770562e-07,5.72809243502713e-06,-0.000590295366414349,-1.59186412296714e-06,-3.98332090425185e-07,2.49373379848288e-08,-5.10458191415307e-07,-7.57913055787047e-07,3.85216236438449e-07,-6.81387460626904e-07,2.80151526849638e-05,-1.00989294379667e-06,5.03249251553174e-06,-1.99355724086331e-07,-0.00019487279607086,-1.40720251687174e-05,4.46063142861126e-06,-7.86274122690729e-06,3.32327755249062e-07,-1.36884024536244e-05,3.17999724248395e-05,-6.07389069854686e-05,0.000159663737945712,-0.167899699422956,-0.00043037780643105,0.00440999302181862,-0.000119770208925308,-0.000326297770079018,1.44346230747136e-05,-0.000126718398713165,1.27562554710236e-05,-2.42769461412674e-05,9.87676484933466e-05,0.00126845912109129,5.41579672926599e-06,0.000114576703317999,-1.53072496891738e-05,-2.7959105438259e-05,1.27923157995966e-06,4.89066907391369e-05,-4.04400020227176e-07,-0.0301127198664512,-6.44705966115921e-06,1.56610736138506e-05,7.7839277067494e-08,-8.54862817997169e-06,6.29744888076981e-06,4.79833614095855e-07,1.83096725061722e-07,-1.82557453576962e-07,0.00389942311222491,3.33658242856213e-06,2.32169270309048e-07,-6.78199432861847e-07,-1.46515637947682e-05,-3.5345913199448e-06,-1.09124202862256e-05,3.25952524711588e-05,-0.55766771906042,3.6683477269974e-06,-3.08903582337045e-05,-6.06227018825415e-07,-2.85655477559099e-07,-1.12457754171273e-07,-3.9789767715113e-05,0.0414698256129436,4.69365824742411e-08,-1.96214903848767e-07,3.34943658094415e-06,-3.2190124011291e-06,5.3602014181081e-06,9.27851578036605e-08,4.62968456108923e-06,0.000143426823040517,-1.05002842928844e-05,-1.85867917202265e-06,2.31098038382555e-07,6.06776241727908e-07,1.55625392234996e-06,2.50881011894116e-07,1.41219907994996e-07,-6.31291055097055e-06,-1.05691767803892e-05,-9.53293184189588e-05,0.00183467543963211,-1.84642882795038e-05,-9.58537370092963e-05,2.45642192955119e-09,-1.4055496830239e-06,-3.41770277258932e-08,-5.75570778266271e-06,2.06218779836968e-06,9.30709246674404e-06,-1.22930405290635e-05,-2.97927541215109e-07,5.76198186943776e-07,2.32140496780077e-06,4.19534762224687e-09,1.32291024348213e-05,-5.91974200081265e-07,-1.09631024373833e-06,-7.86507161649548e-07,6.61314701989554e-07,2.91669723935861e-07,2.91827266349022e-07,9.58550403955356e-05,-7.60777003135664e-09,-1.35879314423507e-06,-2.05851522232809e-06,-1.02366205842494e-05,1.32782888268164e-06,6.97251227643677e-06,-9.91884193098341e-06,-6.17715875472287e-08,-4.05917724032742e-05,1.3120450602844e-05,-3.48130988076438e-05,-4.33377497505093e-06,-3.50704623133321e-07,-2.2856717423603e-06,6.04444961405418e-07,0.00174994872923311,-6.93828366104121e-07,-3.82159364975837e-06,-0.00044385823297029,2.16133344868216e-05,5.12013320758861e-06,0.000536562961361607,-4.53964232287081e-06,-1.81295981841667e-06,-2.5155366920811e-05,-0.00774297796803669,-2.32522894591946e-06,-1.9989770290512e-06,6.06913692244374e-06,1.25959731834515e-06,7.05424558203531e-07,1.18230038648867e-06,-6.35043096707606e-08,-1.47745325747921e-07,-5.50079368114388e-06,-1.12935912386445e-17,-6.24355631924228e-07,8.92992216507016e-06,-4.4855553198672e-05,-4.7722159690287e-06,-5.52503294979442e-06,9.32440748040777e-07,-1.11073910566467e-06,5.79078288800505e-06,-9.39701014208745e-08,6.23406751119572e-09,-1.43844597151246e-06,1.49023046373569e-05,-1.18240480905329e-05,4.92833491354424e-05,-3.13463394755609e-06,1.92002768078762e-07,-1.34231787223966e-08,6.84027022332775e-07,-8.01976142590627e-07,1.29008142532611e-05,3.92308979555256e-06,-1.08189764413444e-06,0.106532300310753,9.2289339614245e-06,-0.000648856210284001,5.40095221081739e-06,3.6853752422187e-08,-2.66817460926927e-08,3.9535021499162e-08,1.94983376167248e-05,-6.21442369928909e-06,3.63685293150089e-07,0.000548196848897534,-4.01131088126753e-07,5.00982661113836e-06,-6.24970029678567e-05,0.276335885910459,0.000237464567575971,-5.48852783775959e-05,2.52951737991718e-06,-2.19961472273023e-05,9.84076945135554e-07,-3.4502965270172e-06,-2.60108728302881e-16,6.34069964850259e-06,2.09856225587382e-07,2.46877502646543e-10,1.70123042026558e-06,-1.79296618478783e-07,1.02537337970271e-07,3.25590918180878e-07,-2.34318052877851e-08,9.66453620993957e-07,-3.33328670889627e-06,-1.07649270845521e-07,1.82805562777129e-06,-8.18926181731334e-07,9.48737840274356e-07,-2.61389845911482e-06,2.17000709378726e-07,-2.58977559832198e-07,-8.99390545116408e-09,-6.79368990412629e-09,-9.19763674583745e-08,-9.77714647575361e-07,5.12916167192916e-09,-1.72917774805351e-07,7.30415654280892e-06,-2.50453500231406e-05,1.00785808978426e-07,9.43618914951129e-08,5.8081110139988e-07,-1.93788263462816e-07,-1.35190187967646e-07,2.41959940698187e-07,-0.00365565174439405,-2.84463247968701e-08,-2.82519890086342e-08,-1.15043769342695e-07,6.28336624568016e-17,1.07199375095023e-09,7.23034570548155e-07,-8.72859845980836e-08,4.56417568781764e-07,5.89720495473191e-08,1.3738468548759e-07,4.80764237804655e-07,-0.00185804339386333,-1.95294848531092e-07,-2.80345026468092e-17,-3.92524388643922e-07,-3.80793581476691e-09,-1.54288399610072e-08,7.38639774623956e-08,1.33681255952807e-07,-9.47624042305783e-09,-3.82505408730147e-07,1.05079494641582e-07,-5.24050919779695e-07,7.2135201432622e-07,-1.12781996186791e-07,-2.73227649602025e-07,-3.39840009377694e-07,-2.07330978313742e-09,-2.76872786116357e-07,1.67090502962686e-07,-3.03901593210493e-07,-5.38938661211533e-17,-9.17371999501198e-07,7.24727127099692e-08,2.08875246333211e-09,1.86203379835032e-08,-6.11114983782263e-07,-1.29278838584667e-06,6.60178136508936e-07,-2.40057861582411e-06,-1.18539521375226e-07,3.02580268292137e-17,-2.17892481537909e-07,-8.59542428861862e-08,-2.77029603756423e-07,1.01884334409037e-16,5.27427949421548e-07,7.63930471141721e-07,-1.16880602250004e-07,-4.39178505627732e-07,-1.50268542550036e-07,-8.65772637442348e-08,-7.10905425914641e-05,7.17724031062295e-08,5.78641316013255e-07,3.26342212928366e-08,1.62349046467351e-07,2.34377354430113e-07,-1.23488872464398e-16,-9.41964411277971e-08,3.09533080087092e-07,1.51593034464464e-06,-2.03347683097024e-07,1.25433982186863e-16,-5.2196143688543e-06,3.70827725613394e-08,-9.01725753257458e-08,-6.06607920523387e-08,-2.04117188646531e-07,2.18335369396843e-07,-7.48262348605364e-05,3.959703664592e-07,-3.74489329824952e-18,1.46133053976852e-06,-2.80038015433555e-07,7.8558297737545e-07,2.22283900890915e-06,-0.000493556556467575,-1.15127976486981e-09,3.11275123520575e-16,2.42796124865703e-17,-1.17839463869289e-09,-1.5123998774075e-07,1.99501029015784e-08,-2.02141374239568e-07,7.06014333604954e-16,-9.65446843658489e-08,-1.14291777535583e-09,-2.26175288634974e-16,4.29455197120316e-17,3.47602232204662e-16,2.45021731089323e-07,1.87721600942905e-05,-7.85325125025023e-07,6.15895638664502e-07,3.07111547335727e-07,1.45851748459245e-05,-2.71139374223931e-07,-1.71449593130294e-12,-6.01132521466986e-08,1.69010870892539e-07,1.4264960347707e-16,3.42934856282526e-16,-1.06464837270593e-07,-5.73878956482823e-11,-6.30394124614069e-08,3.42872142936205e-07,6.22041039551289e-08,-2.32803804754837e-08,-1.50995934313609e-16,-7.82864011970577e-08,-7.15744778841163e-17,-2.66752102848217e-07,-3.13884476361916e-16,-6.96955958451307e-08,-7.36325142299113e-17,2.86159013609948e-07,7.53522555864865e-08,3.13390787912324e-08,4.11782059705474e-07,2.03980578358147e-07,-2.340955369473e-08,1.48435914853962e-07,1.33330960736088e-06,2.50069261380722e-07,2.306133364098e-08,5.19471239985566e-08,-1.46221905723327e-07,-2.50647213044726e-07,-2.0337817321373e-08,-6.99429904483229e-08,-1.77834260587692e-16,6.54882931606412e-07,-1.12921246429536e-07,5.8478619044599e-08,-4.60522002501059e-17,1.02543629790579e-08,2.79182113761258e-07,2.27116722893355e-05,-2.80291121012703e-17,-2.37133566048435e-07,-1.27454002813048e-07,1.08244062242443e-17,-4.36573041875021e-06,3.76675225952527e-07,-1.57601140912159e-16,9.77615248782425e-17,-1.38263295225008e-08,-7.42351287887792e-08,-4.2317764184649e-10,-5.87481043497892e-07,1.56188161816415e-07,4.59456535343918e-08,4.42689421927819e-08,4.09509706382833e-07,-9.20249059032575e-07,-1.60934056422401e-15,1.89874366592495e-09,1.30682333341986e-09,3.60731802542687e-09,3.37681630504362e-07,1.28003467098123e-16,5.78531721940138e-16,1.11114238537757e-07,9.84904831848403e-18,5.8593521777693e-17,5.29586013228535e-07,-1.76565784968521e-05,-1.17840404032566e-07,-7.95795099003621e-09,4.12885389410807e-06,2.36460447196886e-05,2.62228176767015e-08,-5.38177962244997e-17,6.19521532413002e-08,2.89480441146792e-09,1.32852821244103e-08,-1.33767962639386e-07,5.28616513005633e-07,2.30157016995577e-16,1.79952990567876e-16,3.42647139934425e-16,-4.63063227419482e-08,-2.22280986247942e-08,-1.29466505591572e-07,-1.0006696945028e-15,-1.70552995737522e-08,1.97569568573767e-16,9.66224659105563e-17,5.53422212965835e-06,-5.97821331702751e-08,4.49894338327848e-16,-1.51041104196344e-07,-7.80195141260124e-08,-3.62070572765174e-16,1.7667965522152e-07,1.66538247396565e-17,6.28509401498849e-08,-7.88499325995413e-17,6.31541973528853e-08,1.38903636415026e-05,1.93358029959527e-08,1.83169016196179e-08,1.26151655933598e-07,-6.32632466468563e-08,1.75685318293973e-07,9.58516996806216e-17,1.18774664702838e-06,-6.77654908202688e-08,5.87466561151386e-17,-9.1762646287816e-09,-0.00164049625461067,3.64916529195656e-08,-2.23445448851971e-16,2.86973263766257e-06,1.67310430073397e-07,6.75180105618252e-16,-4.19273788741116e-07,-9.28481173153463e-08,-4.85134317340127e-09,1.12429183289039e-16,6.54436882336898e-16,1.97924949019362e-06,2.67021089174451e-08,2.16083410962453e-09,-3.48740742040996e-08,1.58918660708763e-08,-5.26341493618589e-16,-2.35432224203311e-16,5.80348895511418e-08,4.0004656540169e-10,-5.36904369687687e-16,1.40325424988723e-07,1.79743467773643e-16,7.2638085240717e-08,-2.68809204370529e-08,-1.57068519704755e-08,-1.04145967325645e-07,-5.23004895727341e-16,-6.75389878878862e-16,-2.57098850564911e-16,-3.54834477494502e-16,-8.38030418236592e-09,-2.90719301975651e-08,-1.61701314055725e-15,-6.5784500770151e-17,-2.70965708898796e-16,4.09373823697821e-08,3.67959682015808e-10,-2.02722281726431e-08,-3.05755634047592e-16,1.2762113759205e-15,7.63535115302771e-16,-1.97140082762363e-05,2.58858379317371e-08,5.42933175675164e-16,4.66215459881412e-09,-1.2205727603626e-07,1.21813660924419e-15,-4.32298699889562e-17,-8.44432104015603e-08,-1.96192383653472e-08,-4.18642947803441e-08,-2.45291126380225e-16,0.000103358408471373,6.85069962772248e-08,7.35897090618885e-08,-6.71243107384565e-08,-1.80723306729189e-07,2.94242440834451e-09,9.26400993059044e-16,1.18382375905926e-15,9.05639670366722e-16,5.6000163817658e-08,-5.07042130201325e-08,-1.91134325101813e-08,-3.26337407449356e-05,-2.60074407593825e-17,3.1789858129901e-15,3.01354195949069e-15,-4.52567424065869e-15,-2.4626619995152e-15,7.18459661545379e-08,-4.83077837382406e-16,3.97139363042007e-15,-1.16334313849728e-08,-5.28286475728218e-16,-1.04139891150749e-08,3.05408909967442e-15,-1.29112014576953e-08,-3.96360134811085e-15,-1.56417111580528e-08,-1.95772230770265e-09,-1.78610033153329e-07,-0.676915867278791,6.28623799049593e-08,-3.18660654089245e-15,8.92297849310291e-08,-1.57010620979032e-07,1.8625080215414e-06,1.4845548513979e-15,1.26757283263354e-07,-2.31298581204895e-15,-3.1214656106082e-08,-3.97018817237145e-06,5.07563352421041e-16,-1.6324987882587e-15,-1.63858538868734e-15,-3.3995162707116e-15,-5.90430041006955e-10,-7.68902646717349e-09,-1.7170334502291e-09,5.32630061537355e-17,-2.07504824284222e-15,-1.81565910096773e-08,1.48108545121111e-07,-2.6685509659455e-15,-1.12195277313188e-15,-7.83127913454484e-09,4.62195951901176e-17,-5.55115194476175e-08,3.75495639017156e-16,1.18120979697702e-05,1.10536335180713e-16,-5.11291880188082e-16,9.5148902760866e-16,-1.78055808605194e-15,-7.06957113647646e-16,-1.42338479763351e-15,1.00570514793083e-08,-7.03352452423928e-08,-3.0623649249324e-16,-1.18737830056238e-06,1.77602893795201e-07,-2.68256786281264e-16,9.05167112134051e-16,2.39892196052629e-16,2.24087639152885e-16,1.75104067805105e-08,2.80044064400278e-09,1.34357329218564e-15,-3.0786145587532e-16,-3.18290197099067e-08,-2.88295440117916e-06,-1.71659659509903e-09,4.11558899984584e-16,8.59993260143908e-16,1.58386531679977e-16,-6.75019237046906e-16,-1.92446353605958e-16,3.08816110657846e-16,6.69847243939571e-08,-6.33531961165215e-08,-1.21813227284339e-08,4.97346822795773e-16,7.24674226251062e-16,-5.15198370238797e-16,-1.47671509589877e-16,3.08619604695859e-16,-3.81161958714709e-16,-9.00723950989881e-16,-3.58627668189229e-16,1.50580493896635e-16,-2.4890597994565e-16,1.90395281137601e-16,7.31249944415899e-16,3.08790693228108e-16,2.60939665138725e-17,6.67659743763362e-09,5.4714068382974e-16,7.6917455380146e-17,4.19368025927524e-16,9.45207750703544e-08,-1.13852309757857e-09,-1.19039879548696e-16,-2.43975743486413e-09,8.65023363738348e-08,-7.64775760737833e-16,1.22786994935001e-15,-0.000122828267806109,-7.6187982988683e-16,2.11366332896087e-09,4.67829444903709e-16,-6.16074439565617e-16,1.28170420248545e-15,-4.090121704991e-16,2.11262794350448e-09,-5.6627195493418e-05,5.63427762442387e-16,2.7023925760228e-16,-3.07861972888137e-16,-1.04175841846509e-16,-1.45264511065816e-15,2.45931378222776e-16,-2.9066965905945e-16,3.02765015855078e-16,3.39065581416995e-09,4.23582914923235e-16,8.62805314320745e-16,-7.73511946099094e-17,-7.82342550240488e-16,4.44953995163229e-16,8.08542317797372e-16,-6.6768725394123e-08,3.90514233343087e-16,-1.06224063969681e-15,1.11813015388443e-06,-1.56412848792521e-16,-7.11343759017152e-16,-2.98138693698248e-16,-6.59125139825626e-17,4.12971421060532e-08,-4.28314215346705e-16,-3.04540670446889e-08,-1.84352513318083e-16,1.00163264899567e-16,4.01563461368637e-16,-8.63298698475877e-16,-4.32215923046793e-17,-1.77502190265573e-16,1.09815789930959e-09,9.24345839209401e-16,-1.92501884181923e-15,6.18482399472761e-09,-1.36846024941452e-07,2.46192359940295e-16,9.57164131646837e-08,1.40119335830441e-08,5.42905006950931e-16,1.12612000062732e-16,-2.87208688945166e-16,-1.55495097667355e-16,-4.61446072849922e-17,-2.33423434151346e-08,1.43094377735353e-16,1.40779558141003e-16,-1.95255211684882e-16,9.32239147391159e-09,1.22905135223695e-17,-4.20567729342283e-16,-1.14292833586457e-16,2.15777694611785e-16,-4.23272727828032e-09,-4.47964300211446e-16,1.27208580028639e-09,4.76754442075917e-17,4.69910579496457e-16,-4.87980004955146e-16,6.56649653336676e-16,7.25988511035186e-17,-3.11752164690925e-16,-1.75024525175191e-16,-2.1927412181911e-08,-2.2077213811492e-16,4.72912650071952e-16,9.20234347274879e-09,-3.53849598439165e-17,1.36234562835215e-16,-4.38231284652873e-16,-2.31292886598916e-16,6.42687254865264e-17,-2.66925764947329e-16,-1.48679644124208e-06,-2.65463069519213e-16,3.67505234522191e-16,1.96894416107079e-08,5.48708824437766e-16,4.18892435910762e-16,6.3817605371208e-16,-4.23523664447256e-16,-1.78146779566392e-16,-5.9497471201869e-16,-4.82935401179356e-16,-4.3903160337646e-17,8.09574008887901e-17,4.89094232017033e-16,-3.08285842823043e-16,-1.02063112115884e-08,3.37899757415366e-08,-4.53030016083114e-16,-4.2955574950379e-16,-4.86886532855295e-16,4.69343448045706e-16,-3.81549013682509e-16,3.63793965211531e-16,-1.58829646714544e-16,-1.16798241922755e-16,-2.90144661911814e-09,6.35081045826223e-16,-1.66009586705628e-16,2.56177919956719e-16,2.30671424296948e-16,9.2982727506657e-08,6.32801700025693e-16,-5.77388735750442e-10,1.76504727469526e-16,-1.17639343676712e-17,2.11940985443821e-16,-1.59737043168026e-16,3.90823789368964e-16,-5.86202663681296e-16,2.84750882497975e-16,7.84040934449285e-17,-2.33235957144583e-16,1.45835014578456e-16,-2.16643647198377e-16,-2.01154913063563e-16,1.98309755268291e-16,3.22657076767265e-16,-5.69484583919422e-17,-7.29100185590098e-17,-1.21551476984857e-16,1.16766907856686e-15,-3.22704344565919e-16,4.88736047892046e-16,-1.25727654016163e-15,2.11807667845485e-16,-9.47704395438776e-17,-4.89163120124243e-16,1.29320787385409e-16,2.58234270877792e-10,-8.7078865822378e-16,-9.4598508317388e-16,2.83472769660925e-16,2.12066953822089e-16,1.5350926427181e-16,-1.31145772046802e-16,-7.23612208482661e-17,5.70544066144405e-17,-1.13394656477253e-16,3.05845294931025e-16,-2.39088700314104e-15,-9.18365642935451e-17,-2.68504235078917e-17,1.71323464800477e-16,1.10026043061548e-17,-2.57058631547349e-16,8.845748367122e-16,-3.07672635521439e-09,-1.26606589137751e-16,2.30069733765883e-17,-1.80513561065793e-16,2.23625176201235e-16,8.09945745195371e-16,6.53143352689457e-16,1.33208570711693e-16,7.54088956431272e-17,2.67042112324493e-16,5.53665699461231e-10,-7.35985784509088e-18,-1.33011627262009e-16,-1.31956681162961e-16,1.66751602746415e-16,2.22848650369791e-16,-4.39769147973575e-17,3.41907373322395e-16,-2.64737596916507e-16,4.5472532173645e-16,-1.46434665451735e-15,-4.94340821303932e-17,-3.91311199123849e-16,-4.53703698878079e-17,1.60187654641057e-09,-1.19966882003075e-16,-4.19782481395106e-16,-9.01021373923224e-17,1.15158067471655e-15,-1.65281472584696e-08,5.84265284292487e-16,-1.35038997460638e-16,-5.76219048182097e-16,-4.94620570003696e-16,1.13058411935345e-17,1.36976877333211e-18,1.52080950684933e-15,-5.34754349487557e-17,7.34709830091274e-16,2.52043296695088e-16,7.52538392793413e-16,-9.74507708785068e-17,8.38888354966936e-16,6.46902625582231e-16,2.30850021858161e-15,-1.01692968277018e-15,7.57560291562999e-16
"t845",-0.00500287460214814,0.053038348937631,0.0683568482298571,0.0166734881221334,0.0345305475937351,-0.00578778343702963,0.00177888856581691,6.20550774810807e-05,0.000538671467645121,-0.00149632498646971,-0.000540433457963239,0.00660417690087266,-0.0228571278467404,-0.124670172435441,0.00331178546077515,-0.000428252704838813,-0.0249412985904088,-0.000226631226989476,6.35541452569751e-05,6.44760060560023e-05,-0.000283955700638882,8.82688336917139e-05,-0.000243291686039168,0.000419171909208237,-6.6365404872443e-05,0.000204207920375196,-0.000269495110813415,0.00234893765904861,-0.00170598728787475,0.00800524355075128,-3.19545352900758e-05,0.000489551699127632,0.000187327597382008,1.0460415584883e-05,-5.42216502292671e-06,-1.08711062385866e-05,-3.78584106555891e-05,3.81914124333933e-06,3.31168530911116e-05,1.13937792132783e-05,0.00845401520001674,3.98716972795584e-05,-1.23409879985484e-05,1.42047024370387e-05,-2.19265404190945e-05,-3.69698357598363e-07,5.89074714409731e-08,-4.83766660615238e-07,-1.54006669552949e-06,1.00108827056955e-05,-2.00224850126926e-05,0.00135616782580266,4.18738710069014e-09,9.08935206861861e-06,-8.73858371638912e-06,0.000100669632020716,-3.48144436971085e-05,0.127025193900523,0.00976057888597298,-6.90184903357921e-05,-4.63481982952567e-05,5.32389364940782e-05,-0.00143332833175622,0.00222047854666879,-6.39080477972222e-05,0.000206780918782353,-1.91030118793208e-05,0.00183661481657004,-0.196295066654152,-0.000953482374744547,7.32762706363751e-06,-2.08742458744465e-06,-2.5016873670724e-08,-1.29143959749911e-05,6.38413465750794e-06,1.03316307437329e-07,-0.000120907435046163,0.143894699755674,2.9319683489703e-05,2.09882978465854e-05,-7.03692137903548e-05,-2.75576763491859e-05,-1.97021990090984e-06,-1.47236234771222e-05,2.08403949879676e-06,6.62596286054124e-05,-1.08042410323025e-05,-1.7291744833569e-06,-3.86161013027223e-07,1.47942444109201e-05,-3.34616403366869e-06,1.06104101959978e-07,7.19326159049964e-06,-7.46717651314559e-05,-5.47340520273987e-07,-2.63180827402836e-05,-3.10922789884689e-06,3.23004691476723e-05,-0.00357704314769516,-1.3642688433806e-05,-5.30928265082582e-06,3.50162558416781e-07,-7.62940173777651e-06,4.975178647594e-06,-2.25230821551229e-06,3.6664612464309e-06,-0.000131690640592273,4.58271719814139e-06,-2.15030848539961e-05,7.81566752350448e-07,0.000743741656865593,4.62568746920251e-05,-1.44187823272511e-05,1.83262287620733e-05,-7.2842299657698e-07,2.64259564408875e-05,-5.81643472261826e-05,9.65423426511087e-05,-0.000223758068790515,0.215016746877175,0.000524490588233415,-0.00456323580747449,0.00011207598628426,0.000304183911019933,-1.32671867648596e-05,0.000105460072489527,-1.05303774996705e-05,1.84454770604773e-05,-5.97233136491119e-05,-0.000765111189900177,-3.2080946278013e-06,-5.85579363602329e-05,7.60254009076897e-06,1.36020761050219e-05,-5.72005034450168e-07,-2.16148793561515e-05,1.49693271533914e-07,0.00966023192633654,1.69668330499686e-06,-4.09826612816944e-06,-1.9679791554344e-08,2.12354487874416e-06,-1.52042245288244e-06,-1.14590747917204e-07,-4.37195726950225e-08,4.02839541992468e-08,-0.000732218112506734,-5.27749265317151e-07,-3.51332605838734e-08,9.28644509703074e-08,1.98999837456173e-06,4.61601212132532e-07,1.39219331835722e-06,-4.048277117475e-06,0.0533043445543453,-3.35224954675274e-07,2.73271280607285e-06,2.02875763692649e-08,6.52794979959352e-09,2.39593743124211e-09,5.22383023659e-07,-0.000478016351769443,-9.61698883837962e-11,1.88208395389198e-10,2.45508912844139e-08,-4.69925061132802e-08,1.71523978207538e-07,3.01762168490316e-09,1.51187395932773e-07,4.96553175396806e-06,-3.86552559719969e-07,-6.89943838452263e-08,9.49827373525879e-09,2.56444084575987e-08,6.94693230419312e-08,1.13384614656574e-08,6.42199688504092e-09,-3.16641401240147e-07,-5.71245268866124e-07,-5.20746591855934e-06,0.000101186996683079,-1.04455423645051e-06,-5.46985335338915e-06,1.41290440256781e-10,-8.14119669678671e-08,-2.01973736756756e-09,-3.41577725351192e-07,1.25454279993935e-07,5.66475291560809e-07,-7.5100883524904e-07,-1.81966118689178e-08,3.47878125953738e-08,1.3926335273795e-07,2.48733295453105e-10,7.76043100902582e-07,-3.33254387246695e-08,-6.10473989755243e-08,-4.26896222807274e-08,3.53906592487154e-08,1.35265676569424e-08,1.34198535765733e-08,4.04993893675159e-06,-2.90582207852486e-10,-3.65711063207601e-08,-5.52862842068649e-08,-2.63135816827555e-07,2.92995136993696e-08,1.35509965082313e-07,-1.19378020371755e-07,-1.25290032603363e-10,2.72620226842591e-07,-1.25220439893139e-07,8.03320532861682e-07,1.34994001850615e-07,1.1000822589037e-08,8.6746033318822e-08,-3.37455898177312e-08,-0.000104056112477236,5.550130751196e-08,3.64523913500247e-07,4.48070533319322e-05,-2.70731935287254e-06,-6.72746196472227e-07,-7.41903211857895e-05,7.2781628640434e-07,2.99112617415639e-07,4.17930128294218e-06,0.00149266945231979,4.88519080476346e-07,4.60704091487949e-07,-1.45735386209936e-06,-3.15415747101959e-07,-1.83635117621244e-07,-3.11151143018256e-07,1.84577527796533e-08,4.56298369832066e-08,1.81281049228034e-06,1.68250288524955e-16,2.25553554419316e-07,-3.2853040610492e-06,1.86986123484429e-05,2.18896118949807e-06,2.74191766918648e-06,-4.64939179681444e-07,6.41743398228241e-07,-3.43045242307175e-06,5.63149170633192e-08,-3.94958220280461e-09,9.46575561516718e-07,-1.05200200875044e-05,8.61483626408452e-06,-3.6381380039745e-05,2.48881591121962e-06,-2.12625524887399e-07,1.70054680944444e-08,-9.79568778032709e-07,1.57684288861617e-06,-2.60415433346879e-05,-1.06969571422245e-05,3.67052569465364e-06,-0.558322084328322,-5.88180306297992e-05,0.0053648131820749,-7.69874831975483e-05,4.84466972344129e-06,-1.59647417748414e-06,1.66277100823833e-07,8.01174098040694e-05,-2.48871787118804e-05,1.1398876970653e-06,0.00158342947615642,-9.14930888410356e-07,1.09698483834383e-05,-4.21233451695705e-05,0.160919606909666,0.000122078625805585,-2.02731334029295e-05,6.65254963368759e-07,-9.57424077470611e-07,-1.63605060091118e-08,2.18867535137794e-07,7.54096019660398e-16,-1.40077736473462e-06,-5.06636931408623e-08,-7.60607420754725e-11,-7.93932650112735e-07,1.0867605208726e-07,-6.91189421129183e-08,-2.30597598035028e-07,2.80369659537269e-08,-1.1908242806227e-06,4.1395755952112e-06,1.52207893508041e-07,-3.67022738959418e-06,1.74582669469617e-06,-2.10898240034605e-06,6.6807485529359e-06,-1.00176242439104e-06,1.62686590217889e-06,5.76341352092498e-08,4.37957732908463e-08,2.34943735994539e-06,-1.50028811458967e-05,6.67684521623591e-08,-1.85313302484286e-06,6.49326034058197e-05,-0.000211884058612191,6.18135080706868e-07,5.67649770084178e-07,3.37666230333957e-06,-1.10163915875375e-06,-7.17318286869797e-07,1.19838075346636e-06,-0.0170871587798103,-1.29843526435298e-07,-1.24104051442719e-07,-4.69010745000608e-07,-7.54021145351003e-17,3.17619524929528e-09,2.09270584783124e-06,-2.44419650659171e-07,1.27686126535567e-06,1.64814439421131e-07,3.81001957031939e-07,1.31440666941804e-06,-0.00499720226913353,-5.08892674520999e-07,-1.31654865637139e-16,-9.58374926207998e-07,-9.22835715192121e-09,-3.68150398397772e-08,1.75928751428189e-07,3.07164104226734e-07,-2.13738594382363e-08,-8.41612460106009e-07,2.27490648343978e-07,-1.0979461081682e-06,1.46993989589258e-06,-2.26027175468672e-07,-5.42649144637155e-07,-6.71243784959629e-07,-4.05616905608564e-09,-5.41104902837382e-07,3.24404751576557e-07,-5.87058458153058e-07,2.94118361476016e-16,-1.7106098161104e-06,1.34214218045643e-07,3.86796041313915e-09,3.38418665785189e-08,-1.10765198437185e-06,-2.27049463520174e-06,1.14977065555513e-06,-4.17406552324217e-06,-2.04864337352412e-07,-7.32353226807217e-17,-3.74024919228725e-07,-1.47179373463112e-07,-4.7006537762748e-07,3.92102699916154e-16,8.86473583132267e-07,1.28116026685175e-06,-1.95794786697908e-07,-7.33993115661593e-07,-2.50177832475232e-07,-1.43729537392241e-07,-0.00011775902728722,1.18125427144606e-07,9.51630271680413e-07,5.34384605461448e-08,2.63877044102755e-07,3.80807240191021e-07,-1.946483632213e-16,-1.50928741510356e-07,4.94796332528634e-07,2.41095965974787e-06,-3.20986110533001e-07,3.10639579235737e-16,-8.1131419768167e-06,5.67163274170606e-08,-1.36967202125092e-07,-9.18516995305159e-08,-3.0792922510525e-07,3.27179410548287e-07,-0.000110965601117732,5.73507187356141e-07,-7.43682713898672e-16,2.07749021228634e-06,-3.97504028187601e-07,1.11159068092867e-06,3.13183376541967e-06,-0.000695162931890932,-1.61962121520361e-09,-4.36089612954363e-16,-3.78935175460789e-16,-1.64671018197392e-09,-2.1016249098374e-07,2.77035840456335e-08,-2.7934335283071e-07,-5.87301022732516e-16,-1.32071248333307e-07,-1.55678553244239e-09,2.6052437537841e-15,2.84755969949753e-15,-7.10734216048257e-15,3.29525030589741e-07,2.52072836761309e-05,-1.04904732138029e-06,8.19207893829286e-07,4.08290306883416e-07,1.93049935437956e-05,-3.58701856030466e-07,-0.685689845552863,-7.88542584720755e-08,2.21067306695353e-07,-4.02882036050708e-15,-2.14800943260509e-15,-1.3778016813027e-07,-7.40888659991505e-11,-8.11231189528512e-08,4.40305731455568e-07,7.95683999548161e-08,-2.97606384538992e-08,3.33433749649709e-16,-9.99936673196233e-08,3.08535010284881e-17,-3.39902931335244e-07,1.99846615716843e-15,-8.86544869393659e-08,2.59633614915851e-16,3.63214536320291e-07,9.56014060521429e-08,3.95400215782696e-08,5.18941854302643e-07,2.56940787319811e-07,-2.94270837449797e-08,1.86266268043639e-07,1.66652667630165e-06,3.12555150660794e-07,2.87897055946077e-08,6.47126924512565e-08,-1.81649043111945e-07,-3.10666667568408e-07,-2.51636864402974e-08,-8.64658353749592e-08,3.58628974358136e-16,8.07496723697575e-07,-1.38899696036098e-07,7.14656524956318e-08,4.93575909286186e-17,1.25092524610212e-08,3.3968014219311e-07,2.76030455858463e-05,9.42400758765426e-16,-2.88044360748214e-07,-1.54482631708084e-07,2.2405725383919e-16,-5.28604394185091e-06,4.53381055844189e-07,1.86984752234984e-16,2.55898428833394e-16,-1.66058104914526e-08,-8.91414619239993e-08,-5.07699371385274e-10,-7.0410352200177e-07,1.86775905921209e-07,5.49332735456809e-08,5.29145603268522e-08,4.88126170484971e-07,-1.09458199140583e-06,-1.56955466389031e-15,2.2567017360112e-09,1.55298815668763e-09,4.28487662074504e-09,4.0089235116615e-07,-3.31937294963879e-16,2.83520310806833e-16,1.31818826990892e-07,4.90971669624593e-17,3.47762188242839e-16,6.25716366640635e-07,-2.0848718652695e-05,-1.39143055581793e-07,-9.38479204492496e-09,4.86837251080848e-06,2.78803463749735e-05,3.09119082774335e-08,7.52022623012753e-17,7.28880076955843e-08,3.40467327400104e-09,1.56236649688415e-08,-1.57242154894979e-07,6.21037311785283e-07,-4.69983572859325e-16,-3.44965650355653e-16,-2.69205974297923e-16,-5.43991314357387e-08,-2.61208965625259e-08,-1.52144968915977e-07,4.08938578659418e-16,-2.00539303623061e-08,7.20907929524152e-16,-1.57281762864742e-16,6.54943780562409e-06,-7.07586311342767e-08,-6.88000882812065e-16,-1.79337392950394e-07,-9.28453872769161e-08,-4.25886851191146e-16,2.11494979290792e-07,-2.38715736777494e-16,7.60111840476882e-08,5.60857548381087e-16,7.64658168314906e-08,1.68336919165751e-05,2.34582546609259e-08,2.22569189217188e-08,1.53873688379232e-07,-7.8663576141026e-08,2.30028557417026e-07,3.0163327201837e-16,2.00125098761472e-06,-1.24091677091744e-07,-5.05655238848359e-16,-2.01825232907972e-08,-0.0254406421363214,-1.26485061254819e-08,-2.43323498069793e-16,2.27792978244805e-06,1.3959869301295e-07,3.42185788813159e-16,-3.66322140026025e-07,-8.25343292158807e-08,-4.51294415506737e-09,-5.50516577703028e-16,3.11977228679091e-16,1.94130686499761e-06,2.65139059481762e-08,2.15010931447008e-09,-3.5614479641364e-08,1.62654263134118e-08,-8.60662775739975e-16,3.42646534531265e-17,5.94789300661067e-08,4.10065174133403e-10,-4.49076825531312e-16,1.44118469266082e-07,-3.13506952092842e-17,7.47179141422671e-08,-2.76983756625516e-08,-1.61862284769537e-08,-1.07367551698667e-07,-2.22680893948857e-16,-1.30686707422145e-16,-4.69231182062961e-16,-2.00010407263572e-16,-8.66103196886893e-09,-3.00496868012809e-08,-2.79130232274193e-16,-3.51395961507681e-17,4.24855358842919e-16,4.23307494425455e-08,3.80534600257417e-10,-2.09706924700018e-08,-3.62229739676958e-17,8.50243638431017e-16,-5.69791407075245e-16,-2.03944173048564e-05,2.67787908902744e-08,-1.23896393783636e-16,4.82165804334947e-09,-1.26214584469096e-07,-1.18467828995938e-16,2.07287282189331e-16,-8.72826301177298e-08,-2.02781693721098e-08,-4.32575253163075e-08,6.01757681737552e-16,0.000106738206570891,7.07229739403936e-08,7.59312112263086e-08,-6.92074361074198e-08,-1.86291735361035e-07,3.03182752567806e-09,1.29676094852423e-16,-1.20321029073507e-16,2.43965982634221e-16,5.75500281248094e-08,-5.21052370103136e-08,-1.96343911768117e-08,-3.34584981225129e-05,-6.49372409941055e-17,2.80827525896598e-16,-1.89239139647379e-17,-2.86135829857222e-16,4.31850430682231e-16,7.35023678088303e-08,-1.12589894481045e-16,2.41011110612674e-16,-1.18911132583044e-08,-2.97792159877321e-16,-1.06441598609538e-08,4.98732999343332e-17,-1.31955055525571e-08,3.71008407867325e-16,-1.59607830476747e-08,-1.99688816497705e-09,-1.82075113913548e-07,2.14308764792452e-13,6.40342213067129e-08,-1.13543903199532e-16,9.07419259062116e-08,-1.59313737784373e-07,1.88964057351912e-06,-3.26428042411215e-16,1.28484057356636e-07,2.91122953055094e-16,-3.15924098315811e-08,-4.01793526368456e-06,-9.37956778855151e-17,5.74471379944579e-17,-1.29461920601943e-16,-8.27249846439465e-17,-5.96772539419726e-10,-7.76903492406042e-09,-1.73421468129515e-09,-3.01918642527252e-16,-8.07667667723823e-17,-1.83031550117146e-08,1.49291228390138e-07,-8.78301673890371e-17,-9.56369681011645e-17,-7.87442331358708e-09,3.28839084685452e-17,-5.57874934121862e-08,1.10370325167315e-16,1.18522135786229e-05,-6.54563112054844e-17,8.04574788411688e-17,-1.18726936851781e-16,-1.62889499275868e-16,-8.18881348073771e-18,7.64085753115413e-16,1.0058185350639e-08,-7.03401037582448e-08,4.40692294368265e-17,-1.1860661355994e-06,1.77318636783148e-07,1.3392987397236e-16,1.82049917820948e-16,3.002671610681e-17,8.87109819947401e-16,1.74444613735248e-08,2.788458762376e-09,5.44878077864089e-19,1.12808987049055e-16,-3.16745540541305e-08,-2.86874722754083e-06,-1.70770135768779e-09,-4.63205050785041e-17,-2.13258470399492e-16,-2.69036195977956e-17,4.25778552140461e-16,1.86578886650186e-16,-4.39972258840794e-17,6.63547203144939e-08,-6.27316592476099e-08,-1.20568883919266e-08,1.41945350655025e-16,7.58258566207591e-17,-2.90214696257466e-16,1.72764713852398e-16,-8.32482087261348e-17,2.85392535135885e-16,1.41142282542229e-16,-6.8820427483853e-17,6.70969266152515e-17,2.53025052312619e-16,3.51207462458104e-17,5.39786875978993e-16,-3.63371960655124e-16,-2.16258031477453e-16,6.5608799420673e-09,-7.89860707806373e-17,-3.11872942843806e-16,5.85331734155008e-18,9.27888887812432e-08,-1.11739855955745e-09,-1.82134289782558e-16,-2.39414299559065e-09,8.47778151392534e-08,6.48112072927675e-17,1.12676431714277e-15,-0.000120186595912645,8.17981065069411e-17,2.06404840047577e-09,5.85089920763537e-18,-9.45731946000889e-17,6.23020190910052e-17,-1.4301605769664e-16,2.05627326982617e-09,-5.51041131276466e-05,5.71305526766312e-16,-2.7813047153918e-16,8.42939528998704e-17,2.95468088701322e-16,2.12743709261638e-15,1.04298944872707e-17,-9.19040289165917e-17,1.57986879848816e-16,3.25717781623173e-09,4.85025377971258e-17,2.72079566979472e-16,-9.59379673542921e-18,8.17854435802325e-16,6.87984921695413e-16,1.06114113780706e-15,-6.39402992417344e-08,7.82640076672617e-17,-1.9859746597159e-16,1.07013164594211e-06,2.4780788230874e-16,2.86017365869632e-16,-3.84008708786097e-16,2.33816169113828e-16,3.92345584470634e-08,7.21535074726033e-17,-2.88923172534939e-08,-2.08213126501884e-16,1.29608462483158e-19,4.90343095898026e-16,-1.1685218788806e-15,-8.3337072686643e-17,-6.04551133556743e-16,1.03875340292836e-09,1.45033563700799e-15,5.86434798244112e-16,5.83638865118856e-09,-1.2912073193642e-07,-1.17393368940069e-17,9.01219040349896e-08,1.31840034152753e-08,-1.72244643155543e-16,3.33394793423714e-16,2.09425334768975e-16,-1.76528619813573e-16,1.22518302632032e-16,-2.17240839064121e-08,-2.57021053484435e-16,2.64143872544952e-16,-8.31655596190673e-16,8.64894969658653e-09,1.02236883888515e-16,-5.40033622253824e-16,-3.81611663844784e-16,-6.79214240195639e-17,-3.90979360979907e-09,-1.26417126922357e-16,1.17337501985142e-09,3.85681459587134e-17,5.12227623107513e-16,4.08437456191779e-16,-2.53608847660471e-17,-1.69592038232989e-16,-4.60675753336938e-16,7.5551206713677e-18,-2.00648522190953e-08,-1.01224374877266e-16,-7.07248141880643e-16,8.40273083405976e-09,6.73836252983828e-16,-8.60933665865215e-17,3.19364807158327e-18,-8.66201678806426e-16,1.58594314492765e-16,1.06919232554987e-16,-1.34793098624109e-06,1.10940495546798e-16,-9.70294322082293e-17,1.7789008484953e-08,-1.13188261636183e-16,4.42676198087407e-16,-5.66659738657853e-16,2.21466375509017e-16,-9.58020098552536e-17,-3.85047091174981e-17,9.94980058798579e-17,-2.77066602054995e-16,-4.29023172719682e-16,1.92184904621997e-16,4.20260714718173e-16,-9.09003325360728e-09,3.00366956450954e-08,-1.30138341471406e-16,-2.01996663063895e-16,2.7567397989078e-17,8.97953737475397e-17,-9.67658053492046e-16,2.72598892182803e-16,-1.54105461785231e-16,1.44038730417129e-16,-2.55137213488171e-09,-7.48601124719462e-16,-2.76815048733646e-16,-3.32377686391894e-16,2.88175480948985e-16,8.09110981085365e-08,-2.84296806286054e-16,-4.95646536034204e-10,4.85824461925553e-17,1.92019889087239e-17,6.81573045440198e-16,-5.55406104770473e-17,3.08686681037769e-17,5.91110191758185e-17,-1.07468840681146e-16,9.53156185358465e-17,-1.058598019881e-16,6.76640379422514e-17,-6.44039649593875e-16,-1.02600935584631e-16,-2.20476432327563e-17,-1.29672069593687e-16,-6.08631228133469e-17,-2.23772313900505e-16,-4.57657451281201e-17,4.73614514725476e-18,4.51958107674974e-16,-5.24564160827318e-17,-1.88700595548124e-15,1.8819681143065e-17,3.97195067750448e-16,-1.56493922799343e-16,-3.82531058244999e-16,2.05126433594883e-10,-4.3062036447664e-17,-1.7499250801364e-16,-9.15339669291266e-18,-8.12986494747695e-16,2.14430740993336e-16,-2.01944173910105e-16,2.24147112789507e-16,-2.18802482148312e-16,2.9469904124629e-16,4.88893800519602e-17,-1.19976114834284e-15,9.97146873430256e-16,-2.30355171283421e-16,4.313151457625e-16,2.55168617601511e-17,1.0262980774945e-15,2.63203969726736e-17,-2.19047634841001e-09,-1.99139714477032e-16,-3.55399439376289e-17,2.14461290370677e-16,-4.93265312273253e-16,-3.00065028960204e-16,-1.01579070232245e-15,2.11912463728005e-16,1.32773563312682e-16,-1.59843614565407e-15,2.87867477063792e-10,-1.8974687772793e-15,2.4444698232552e-16,-3.57169682084915e-16,-1.02362604292375e-16,9.71300289957951e-17,-5.85380596046983e-16,1.53178611895701e-16,7.85883409751068e-16,1.98333526849538e-17,-1.22336914355403e-16,-2.2171380733834e-16,-8.1761949334515e-16,2.98538559224594e-16,-6.62578307856013e-10,-3.19269826497693e-17,-1.29408311328742e-15,9.63387960656932e-16,3.25849857077695e-16,2.35455570024428e-07,-1.02772772924575e-16,3.33990363809705e-16,1.08082287193248e-15,-1.61938004505079e-16,5.90703482169788e-16,1.3019457242599e-16,1.56603294234163e-15,1.1014261985398e-15,6.24880150018492e-16,4.18685170606111e-16,1.52969583018797e-15,1.971563533373e-16,-4.37363042969163e-15,-4.43045818417447e-16,2.66249222789812e-15,-1.70086304690185e-15,3.00300943563481e-15
"t562",-0.0354493651844464,-0.00898078985955346,0.00112804539360483,-0.0950017470209222,0.0181180085592971,-0.00363911136266463,0.0193826478190097,0.000304997398340737,9.97277707298494e-05,-0.000297524261719229,-7.21363797680865e-05,-0.0573503188154763,-0.0368960814123206,0.00357310459272242,0.000636496101882212,-0.000751046642934919,-7.90789342056778e-05,0.000718894659647838,-3.11848556761167e-05,1.81865694251592e-05,-9.62808179724592e-06,-0.000895934777859499,0.00623667141727585,-0.168414589857165,-0.057105801762574,0.000842163481707261,-0.000957351618758799,0.000869010636851283,-0.0146198285540283,0.00537941253802523,-1.44419888953554e-05,2.49962108628885e-05,-0.0115802611845365,-0.000101821391398208,1.643924321284e-06,-2.66609145895525e-06,-0.000232722787440293,8.40461723842908e-07,7.01968332754637e-06,2.01172073740044e-06,0.00011287680323889,-1.81909866859931e-05,0.011610332897149,7.91471356060148e-05,9.5894299313598e-05,-6.33036339526692e-06,1.43208146878111e-05,-0.000118768804840732,1.30666063793215e-05,-2.86761066621762e-05,0.00532339666084009,6.2396974435538e-06,-6.02377796629639e-09,-6.40080912628087e-06,6.19406252926072e-07,-6.44000689959528e-06,-1.62471474235363e-08,9.20681481040605e-06,-3.48831064584148e-06,1.45785004479641e-05,2.57362873517499e-05,-5.69572430123632e-06,0.000256547440588232,-0.000149225071505641,2.56439866371647e-05,-0.156472280606666,-2.17219564101822e-06,5.55333105360008e-05,-0.000135356337256058,4.46681024978835e-05,-3.05173235473032e-05,3.63003589487476e-05,-1.58097335441482e-06,-0.000108637143681248,4.47933590144836e-05,4.15302990862862e-08,-0.000229099978495413,3.97416824075289e-06,-1.24792143938603e-05,-1.38290043168389e-05,3.67751995414523e-06,5.39372607008079e-05,-5.74569024378798e-06,-3.44998419339241e-05,1.74951928488783e-06,0.000354651516256003,-2.0509607092126e-05,-3.64403516237834e-07,-1.19042727752647e-07,3.08842719668341e-05,-7.43463091391498e-07,1.43619829009686e-07,1.25625723209122e-06,-0.000103942215628986,-2.10947016110892e-08,-6.0107848074413e-06,-1.3502134056932e-06,2.08376385952641e-06,-2.43565156422124e-06,8.97878782962113e-08,1.51175365064828e-07,-1.3067532216386e-07,2.4046101229554e-07,-3.66676938484958e-07,1.68639629664932e-07,-3.2305320534951e-06,1.02208399809332e-05,-8.83743019332774e-05,1.59772469521045e-06,-4.05090866220722e-07,-1.8147756960318e-06,-4.69817685570442e-06,7.99566339557835e-06,-8.55697836032336e-06,4.5061520008474e-08,-1.855576007556e-06,2.82037032655251e-06,-3.22859153532066e-06,3.50475295029248e-06,-9.06216096965083e-06,3.4821332460766e-05,-9.19862049044544e-06,9.21852517387189e-06,2.53804804453048e-05,-8.32757542780757e-06,8.39386654855826e-05,-8.56079694193638e-06,2.8301100873488e-06,-6.00520873305092e-06,-0.000198181956024579,6.30890772586729e-06,-1.97664969016219e-05,3.92002081237429e-05,4.82651949167116e-06,-1.79523216837893e-06,-8.331923170809e-06,5.15197947638314e-08,3.60600664999092e-05,-1.19029764420539e-05,3.42962040889272e-05,2.21453540873566e-06,8.61964742510879e-05,-1.69899267804198e-05,-1.08791570606935e-06,-3.43235718482006e-06,2.21007988874074e-07,1.06836713923857e-05,-1.68798586814791e-06,-1.11298080106889e-07,2.79827399732796e-07,4.35479653829624e-05,1.30733119197136e-06,2.81470893176923e-05,-1.05929282965952e-05,3.26733163330275e-06,2.87347683167097e-07,-4.34073462324575e-06,0.000514039751708184,1.65615094966595e-06,5.6121601125189e-07,0.000513062667435971,-6.38036936769009e-06,1.37179071433924e-05,0.0152849841348825,-1.63764407106185e-05,0.00659679592516307,-2.44343292464634e-05,-4.32008289605687e-07,-2.16823248969613e-05,-3.56728761254326e-05,0.00824058075268257,-0.000168612873772384,-4.73832123400621e-06,-1.89132123301312e-06,-0.00114520629188637,-8.49618751669602e-07,-0.00325604262111625,3.05870792891422e-05,3.06651984709508e-05,0.00112563450371506,-0.000870610874086325,-0.035127608923074,-7.9749263286398e-05,-1.68808174556902e-06,-2.09012728553578e-06,-4.78640930446868e-07,1.53145527923452e-06,-7.97645613680595e-06,-3.65375970934349e-05,0.000375913479330622,1.46981817660063e-06,-3.19463791958578e-06,-1.3353545860656e-05,-2.95806373955014e-07,-2.57807918922466e-06,4.20548878441065e-06,7.99358898180934e-06,4.32668547398121e-05,-5.24478714610722e-06,-2.90691281422581e-06,-2.93839140514179e-06,-0.000552722295170962,1.02672675316592e-07,0.000290681255201552,4.01167571276006e-05,0.00145373635565346,-3.03399726779636e-05,-0.00125356861647956,0.000355093194724334,4.80523910377412e-05,0.0125906763183175,-0.927565073673698,-0.0267641361546812,-0.000160613398125879,-0.000100784337858928,-9.3724467558322e-05,8.96411708656333e-05,7.29406404500402e-06,-1.00448799709246e-05,-4.27501473162179e-05,-0.000222067315618159,0.00150835819713525,5.60795703582707e-05,0.00017445509798787,-3.98611715505084e-05,-1.99777142172407e-05,-0.000209757970650354,-1.31066794334068e-05,-1.94420159843669e-05,-1.46056367585015e-05,0.000303613597693008,0.0018871731320286,4.52901257191475e-06,7.53625445143035e-06,-3.76371739817925e-07,-5.95918277872707e-06,-2.9822256595886e-05,-3.37313184505036e-16,-4.26741437273307e-06,0.000317700594479269,-8.4519601888981e-06,-0.000146020320905594,-2.26681487521499e-05,2.7045336884005e-05,-4.14743772414482e-06,0.000149249168038656,-3.38939155335552e-07,2.19175132607885e-08,-0.00103845007061198,4.87741419935539e-05,-1.51680910830966e-06,0.000206772846464501,-9.41285681784753e-06,3.28111758189929e-06,-2.08531983740844e-07,1.55559004080937e-05,-1.40010238653913e-05,0.000137900427134528,4.37005148916198e-06,-8.51533309275865e-07,1.96801278790149e-05,-4.01001152453468e-06,0.000495319321022428,-0.0108208175044988,1.39825922538867e-06,-4.93237536164364e-07,1.33123213529385e-06,6.03422407147629e-05,-0.000220865355196704,1.08776651569418e-06,4.89651962846887e-07,-4.10434998122174e-06,0.117118223334559,-4.07487383613623e-05,1.08688265093133e-05,-0.00337173761782205,7.48036534361855e-05,-9.55329785753596e-06,1.44487632871703e-05,-0.000333896567353685,2.88427928796533e-06,-3.39728073109545e-16,-7.15994656154426e-06,-2.4539682798577e-07,-3.65979783626642e-09,-3.16611601311551e-05,3.49621711123394e-07,-2.16085656209756e-07,-5.04554636269369e-06,5.61505569161059e-07,-4.46763957806321e-06,1.16983204358372e-05,4.25807015204661e-07,-3.73374896904127e-07,4.81369352059254e-06,-5.82042729757513e-06,0.000205822009473099,-2.70245769551372e-06,3.08727692105592e-05,1.54493388996499e-07,2.48441523605937e-05,6.24351303451858e-06,-5.11050714821865e-05,1.93011967420032e-06,-4.61968388878365e-06,6.24515753143589e-06,-2.27301918598053e-05,1.69789327198877e-06,1.63998108545663e-06,1.73035453060523e-05,-0.0270183447981497,-9.80065651337863e-07,0.0172036033038599,-4.94669060080352e-06,1.28868301229814e-07,1.24977125437024e-06,-2.50577475552426e-06,-8.20025702770377e-17,7.51846414596583e-09,5.04304480076183e-05,-2.8492516863142e-06,2.10230571988044e-06,0.000106235701818995,5.46240997166217e-07,1.26586791058913e-06,-1.8488527887375e-05,6.84639885342217e-06,-6.74131121444139e-17,-5.21557107724811e-06,-6.35632776017096e-08,-1.77724254679015e-07,9.43868621090039e-06,1.34278565614291e-06,-9.13830006197716e-08,-3.59090466796959e-06,1.00081086258539e-06,-0.0158198027612362,4.13113760226184e-06,-9.14551820862132e-07,-1.68834559402298e-06,-9.0039724307067e-08,-8.98088755729156e-08,-1.71501741802479e-06,1.15165911220387e-05,-1.87273489674861e-06,9.48257324526692e-16,-3.83870937348172e-05,3.01224237702346e-06,4.86909643249375e-06,7.59196156183418e-07,-3.55961136728325e-06,-7.52812346188195e-06,0.00131105175123384,-0.00011909086756466,-6.04524350273239e-07,1.41227683775047e-16,-1.13487716355268e-06,-5.04012128325356e-06,-1.43725374997846e-06,3.96096901809324e-16,2.70003619547135e-06,2.71354238359528e-05,-4.13558381237701e-06,-2.19605190039605e-06,-7.29994462992447e-07,-3.89672846142332e-07,-1.39083368187044e-05,3.8573321154354e-07,4.09663892975963e-06,1.90609677422608e-06,8.32167427240988e-07,8.39020855278487e-06,-1.72961797994499e-17,-3.28850433512721e-06,1.54047994145384e-06,9.92343957400753e-06,-9.93438461246881e-07,3.89391364846229e-17,-9.50599989347574e-07,1.20975043125347e-06,-4.16543257862095e-07,-3.69290574529911e-07,-9.31208602950995e-07,6.83492591973207e-06,-1.28782021965616e-05,1.751206584511e-06,2.02532809677869e-16,6.35248008425203e-06,-8.54253512437198e-06,0.000661250781598353,7.44479747568166e-06,-7.57556829526914e-07,-5.1018113574564e-09,-7.16811930898103e-16,-1.62203161180937e-16,-4.93592790655911e-09,-4.37668875179642e-06,5.76701424884115e-07,-8.3167496796346e-07,2.32997814279151e-15,-3.91382112639309e-07,-4.60404298581902e-09,3.27941747328892e-16,-4.53085371282885e-17,-1.04211441562969e-16,9.64261982758314e-07,2.83929232675151e-06,-4.08179239288857e-06,2.39861208135616e-06,1.19500269800332e-06,2.44640122805238e-06,-1.17701945714669e-05,-4.90180783440272e-16,-2.54830966330025e-06,4.4751228474199e-06,5.56530972273907e-16,-1.33186201427974e-15,-4.41804002739389e-06,-2.13892050124659e-10,-1.62723394452905e-06,1.26766330093135e-06,1.59074660175121e-06,-8.54778442886396e-08,-8.51102673446241e-16,-2.87077574351318e-07,4.09163301323393e-16,-9.7466778177661e-07,1.35089023249118e-15,-1.76704845913428e-06,1.25736008549485e-16,1.37679291016273e-06,1.90328394219123e-06,1.13199107718894e-07,1.50066360146982e-06,0.000278797455889437,-5.80824602734629e-07,0.000201460247287645,1.81776027917816e-07,8.84214905754515e-07,8.13468034873813e-08,1.2698609414409e-06,-5.66744767389559e-06,-8.74388493413046e-07,-7.07581255486798e-08,-1.68858275108523e-06,4.25840410786112e-17,2.5061119364784e-05,-4.30273546071844e-06,2.63423951690571e-07,2.58747487671718e-15,3.47585260231764e-08,9.37629302695808e-07,3.34800258473102e-06,2.77760336399523e-17,-8.96523984282872e-06,-4.29115632022359e-07,1.45598487972984e-16,-5.66088761434301e-07,8.68124344629127e-06,3.02562784930277e-16,1.41635168972334e-16,-5.05091188886575e-07,-2.45379928038509e-07,-1.39660006982846e-09,-1.93535072984734e-06,5.12544123291384e-07,1.66392854127107e-06,1.4515139426709e-07,1.76928468633223e-06,-2.99391973155098e-06,8.19291276068629e-16,1.20636244381157e-06,4.24650855051916e-09,1.17155064977988e-08,1.09603854954434e-06,-1.08853270046003e-16,3.98617574209205e-17,3.6040817750568e-07,-4.45624284342677e-16,2.16196458005515e-16,2.28019998927588e-06,-2.6979036624328e-06,-9.0109015749228e-05,-3.08705794535792e-08,0.000210268972985699,-5.65303775082046e-07,7.29153076230273e-08,-6.15156316491468e-17,1.99174325002109e-07,9.40822068905759e-09,4.33685128655428e-08,-5.02467049533825e-06,0.00572161625498483,-1.57601568251447e-15,1.87810654743012e-16,1.42400667814563e-15,-1.28731291008348e-07,-1.26008015178084e-05,-3.68212067070063e-07,-4.3216592833425e-16,-5.42127448868239e-07,5.22895172941979e-16,-1.33312613782049e-16,8.09064707026028e-06,-1.77642747794526e-07,-1.19231867886042e-15,-4.36818565490843e-07,-2.49313221461945e-06,-2.76833865620044e-16,6.73207990345017e-07,-7.78924677462809e-17,1.79347887887711e-07,-3.2239386680208e-16,1.78895279303602e-07,1.54827988615038e-06,6.19711011620879e-07,5.27130353052238e-08,3.61673510524743e-07,-1.25066857400357e-06,4.95716553348067e-07,-1.55683204336016e-16,2.249393531341e-05,-6.92914425784782e-05,2.61232227452487e-16,-1.66697753789186e-07,-4.88609274787793e-07,7.87423909297249e-07,1.54966469678853e-16,3.62167056056986e-07,5.28499428749785e-06,-1.12339118245891e-17,-1.19348378937172e-06,-2.63831552302598e-07,-1.51425322373638e-07,-4.36554698185227e-16,-1.17173653539101e-16,2.43623310677732e-07,7.44073677741064e-08,6.01678634483874e-09,-6.63208499882569e-07,4.34930668441281e-08,-2.91001387349577e-17,-4.25704139429765e-16,1.58578785236574e-07,1.09289558214623e-09,4.65440460854221e-16,3.82367498380061e-07,-3.22180569472726e-17,3.8785494181784e-05,-7.27616968341682e-08,-4.25051921900927e-08,-2.81561848142742e-07,-4.80657925900032e-15,2.87994321504731e-17,9.63127980010679e-17,-4.10345628725756e-16,-2.4764700000271e-07,-5.39355693628402e-07,6.95568762252134e-16,6.73631655258558e-16,-1.44897833979581e-16,4.09083170307446e-05,6.79559214677116e-09,-9.53123089267367e-07,3.99964387580352e-17,7.80898689808397e-16,-8.91739843432112e-16,-2.2889600097306e-06,1.37440336715727e-05,3.19642321634313e-17,8.4751228081351e-08,-3.52241757824759e-06,-5.67063800519663e-17,-1.40187916605276e-17,-2.19957697152178e-07,-2.252902362647e-09,-1.08688385048638e-07,7.29444986668014e-16,1.21832087587499e-07,1.77049050340282e-07,1.89402308597274e-07,-1.71934936921993e-07,-6.1173470674742e-07,5.19989040880596e-08,7.55148709821138e-16,5.39101038090751e-16,-3.95943934085377e-17,9.79187724754294e-07,-4.75623021458122e-05,-4.80102871773992e-08,-3.74691706896385e-08,1.24421933582763e-16,-8.57309431502829e-17,-5.57298589162077e-16,3.81726931753301e-16,1.13343991560875e-15,1.9513399270894e-06,7.65420769865892e-18,5.74577620453473e-17,-2.85841848450961e-08,1.37361233795724e-16,-2.55826540166431e-08,-3.41523684332934e-17,-3.17061678612643e-08,1.21582088148625e-16,-3.81506034075057e-08,-4.76717362091149e-09,-3.00175789327593e-06,1.21717215269462e-16,1.52186997006769e-07,2.91371026995601e-17,2.14508724539812e-07,-4.11462058370277e-06,2.0671830405035e-09,4.6612147268442e-16,3.00500357340311e-07,8.78800352152976e-17,-7.34061288287819e-08,-4.14205597286065e-07,6.47892675171626e-16,-6.57182287998954e-17,-1.72591121895229e-16,-1.68593796704799e-16,-1.38324754247447e-09,-1.7987440595987e-08,-4.00994071039078e-09,1.63774603059935e-16,2.17469942275874e-18,-4.62560721774839e-07,2.37160379189375e-06,2.0548103620541e-16,-3.91289038092877e-17,-1.79338457120018e-08,1.45329717464181e-15,-1.26801856196097e-07,-1.05865252242243e-15,1.1891079363859e-06,4.69607494787747e-17,-7.02751237377623e-17,-1.18401676200035e-16,2.08681664365215e-16,-5.31832036388861e-17,4.84787216242686e-16,1.55686833660074e-07,-1.08859480540502e-06,-1.10321159925109e-16,-1.03954880677876e-07,3.94548374158278e-07,-1.78322293194218e-16,-5.57872255857362e-17,2.01401337582763e-16,-3.11050515503234e-16,3.85135364322423e-08,6.14460613175179e-09,-4.58526360874773e-16,-3.35696322555631e-15,-6.95897754820847e-08,-2.48153616309381e-07,-4.12537489520533e-08,1.40447450062436e-16,-1.40748159025426e-16,4.97192427327825e-18,-3.63647166834206e-17,-6.08466920148236e-16,6.70439452053052e-17,1.43492822571803e-07,-1.3544952022862e-07,-2.59930691605858e-08,-1.14902144006791e-16,-8.60827446856562e-18,2.44285070583227e-16,5.38250448826788e-17,6.99537200268245e-17,5.12609048453236e-16,5.92205434437762e-16,-1.76373282994415e-16,5.90738305388587e-17,1.16106452236935e-16,-5.53712007050062e-17,-1.64575199794486e-16,-4.1231413004391e-16,-2.53505833686294e-16,9.5135036748276e-08,4.72547574362738e-16,6.65834114751363e-16,5.58350374931318e-17,3.76807791467523e-05,-2.33088904359959e-09,-4.89970017943172e-17,-3.45336807746143e-08,0.000579702240078425,-3.76415031812585e-17,-1.11469362223484e-15,-3.32795836303595e-07,2.18639427606282e-16,8.17779274079217e-07,-1.53635240364982e-16,4.3662582391813e-17,2.45405916980537e-18,-1.07388653251747e-17,4.04656539973098e-09,-5.54942430471798e-07,7.56417364855244e-17,8.505542361596e-17,-2.0659748997799e-16,-1.48800818654081e-16,-5.3134834295719e-17,-1.65305474599462e-17,-2.6975455660641e-17,5.93102660513131e-17,4.25308990310669e-08,-3.92609808553025e-17,-6.23250037335816e-17,-4.2429974340941e-17,3.40843301037174e-16,-1.84156862666314e-17,7.21622295976846e-16,-1.1893899960033e-07,-1.68205228597171e-17,-1.17317077900465e-16,8.83160134730641e-08,7.67560533186602e-17,-2.44411841730387e-16,-1.66596552752534e-16,5.59516992299669e-16,7.66902783549135e-07,7.53505799246723e-18,-5.10346219402847e-08,-3.04014326335143e-17,-6.42029488090577e-17,6.38794834861824e-16,-3.86242917230465e-16,8.1695906711336e-18,3.42663655423195e-16,1.80308571657528e-09,1.03710280770914e-15,-4.59322513496841e-16,6.89433104619858e-08,-2.20778309338871e-07,-1.8461390363417e-17,1.52092072232821e-07,2.21552430074519e-08,-1.13446802782457e-16,2.02586215030327e-16,1.04179888230486e-15,1.87361914510662e-17,-1.55859554714343e-16,-3.39446838575237e-08,4.20383101890324e-16,-4.37426650841002e-16,1.79864706958849e-16,1.32152347376603e-08,2.09367643984987e-16,3.45863675706939e-16,-1.47321445076571e-16,-3.07666286024177e-17,-5.78280287365508e-09,-3.54208134784063e-17,1.88341499903412e-08,-1.40853650245193e-18,3.41460877724142e-16,-3.37160830468692e-16,3.751142608386e-17,9.88303227497603e-18,1.12853674489011e-16,1.41345668756079e-16,-1.89972692835963e-07,-1.75459998157836e-16,1.2741801081279e-16,2.18825461174811e-06,1.03432939260082e-15,-7.13839639460759e-17,-8.90384853868525e-17,4.41196689642002e-17,2.72760803255489e-16,-1.53930563311715e-17,-7.59734498696947e-08,-1.15073448599827e-16,5.71906628256614e-16,7.9746658191948e-06,-2.15332438653184e-16,-8.95654466002557e-17,-2.52779778545334e-16,8.99181040215307e-17,2.47046130426274e-16,-8.88136548851433e-16,4.52189557012764e-18,3.82486507151718e-16,2.5315140303609e-17,1.76595475715212e-16,1.87667045614347e-17,-3.09947090718323e-05,2.12611284908898e-07,-2.63054350130848e-16,-8.48708777960943e-17,-4.19299612672428e-17,1.17162112600886e-16,1.7846921228817e-16,-4.07833143282675e-17,3.25822971936505e-16,1.30282408451279e-16,-2.27468539618073e-09,3.57913155878337e-17,1.60806916063144e-18,-1.81938128876639e-16,-3.84176841885217e-16,2.43184072083363e-09,5.9132029646412e-17,-1.99490754518817e-09,1.44032650993896e-16,-7.77230802401368e-17,-5.10265793511819e-17,7.6962058886107e-18,1.91592846409334e-17,5.94390130121349e-18,-1.12369652638508e-17,-7.16095511513645e-17,-2.75014962922586e-17,-5.6693951241836e-17,1.39227715763849e-16,4.18147937904382e-17,2.50695481736531e-16,2.63446230269768e-17,1.32700288219966e-17,2.08992320019082e-16,1.21306508826059e-17,-2.24614558586818e-16,1.89147501064488e-16,4.82879441526075e-17,2.23732872643637e-16,2.33980812128538e-18,2.89450917033887e-15,4.48866864414464e-17,-9.98795518780264e-17,-9.9005470252216e-11,-6.48972181003902e-16,3.62190137061192e-16,-6.11951009722168e-17,1.27301058792287e-15,5.76898530288874e-17,1.8148867104452e-17,3.06242617957233e-16,-1.65557947061082e-16,4.2079935057168e-17,-1.93971906584793e-16,4.65317601609671e-16,1.6352990734026e-17,-6.67490634553582e-17,6.93000403695907e-17,-2.3022892002117e-16,-2.14649544691707e-16,9.62514370979886e-17,4.73203196789008e-09,5.131098736712e-17,5.29309533371882e-17,9.28138066178032e-17,1.95129487278003e-17,1.85081824520029e-16,-1.38973223091237e-16,-7.38548083677191e-17,2.67761542543598e-16,-8.12839905232824e-18,-2.35515192059607e-09,4.79575686860616e-15,4.37556641953095e-17,-2.31676052554098e-18,-3.62856464869865e-17,1.34674564215618e-16,4.28059770555395e-17,4.07953569453394e-17,-4.29285403706828e-16,-1.10210253129408e-16,3.89551792774294e-16,-1.02234727930437e-16,2.14576927113955e-18,7.15066243061295e-17,-2.80826327398081e-08,1.30950966501806e-16,-1.01135462901616e-16,-5.22947420339119e-16,5.91312302857227e-15,1.4084943281644e-07,-1.4673883695022e-16,-1.92978959044729e-16,1.85252838683372e-16,1.37501596272401e-16,-1.57938117931453e-16,-1.19322713761062e-16,1.15875374969963e-15,1.04564017388666e-15,1.77213072999228e-16,2.18216188913541e-16,1.43073046466109e-15,2.80273798732704e-16,-1.63504416221049e-15,1.94133159931268e-15,-3.92355813297033e-16,1.55749052302345e-17,-8.62239617274156e-16
"t894",-0.0354515745767146,-0.00898196823285157,0.00112819818235924,-0.095018980653977,0.0181220301463275,-0.00364005847272054,0.0193877909559121,0.000305084736254319,9.97614704435325e-05,-0.000297646027766678,-7.21737669597497e-05,-0.0573868679015836,-0.0369202751593415,0.0035754826373404,0.000636937962999494,-0.000751598411997254,-7.91384005774578e-05,0.000719444928489225,-3.12092710711648e-05,1.82020206755049e-05,-9.63691941351384e-06,-0.000896924255137057,0.00624393803661765,-0.168611916572185,-0.057172969414188,0.000843200329542754,-0.000958543946299049,0.000870102461254289,-0.0146386795987712,0.00538757375848339,-1.44653171997384e-05,2.50383767973251e-05,-0.0116011672363656,-0.000102013676967399,1.6471825489728e-06,-2.67178405955373e-06,-0.000233225789274653,8.42306184439137e-07,7.03518982588722e-06,2.0162285195394e-06,0.000113136748633447,-1.8233858128375e-05,0.0116380886946916,7.93365681288302e-05,9.61276731275569e-05,-6.34671487494271e-06,1.43584639232652e-05,-0.000119083620333515,1.31020367356097e-05,-2.87557587404187e-05,0.0053386546702907,6.25784041738614e-06,-6.04132972246665e-09,-6.4197910691588e-06,6.21306263765335e-07,-6.45986104404553e-06,-1.63017886483163e-08,9.23848837507369e-06,-3.50034334198968e-06,1.46315593193086e-05,2.58336747121442e-05,-5.71768609520952e-06,0.000257551601526113,-0.000149811350600593,2.5747535327737e-05,-0.157119476045901,-2.18165212755011e-06,5.57805045824295e-05,-0.000135964980833241,4.48726108521206e-05,-3.06702352727277e-05,3.64942086876665e-05,-1.58949625123992e-06,-0.000109234185066195,4.50401205171546e-05,4.17609680047608e-08,-0.000230376588578192,3.99666587065806e-06,-1.25523629373623e-05,-1.39111864358629e-05,3.6998839708596e-06,5.42668880029342e-05,-5.78206521465409e-06,-3.4720537651462e-05,1.7612070948093e-06,0.000357048240639258,-2.06498150614623e-05,-3.66899273755159e-07,-1.1985843162437e-07,3.10961538554746e-05,-7.48585794068921e-07,1.44649835261603e-07,1.26529921747427e-06,-0.000104708401530493,-2.12564983373911e-08,-6.05715807116631e-06,-1.36063315208616e-06,2.10008248788303e-06,-2.45482921866109e-06,9.05092157593338e-08,1.52409582983294e-07,-1.31743689449124e-07,2.42430096951122e-07,-3.69894550460064e-07,1.70126859099011e-07,-3.25913259963743e-06,1.03119491741799e-05,-8.91635774033766e-05,1.61204214628603e-06,-4.08739404859705e-07,-1.83114780561136e-06,-4.74097588818112e-06,8.0685856887007e-06,-8.63700001062814e-06,4.54851396788933e-08,-1.87322037418424e-06,2.84732522667459e-06,-3.25987672335354e-06,3.53916145092079e-06,-9.15200238728378e-06,3.51684499564531e-05,-9.29205010430783e-06,9.3132784953171e-06,2.56414738283543e-05,-8.41335545968684e-06,8.48137746313806e-05,-8.65013704066894e-06,2.85994866479885e-06,-6.07036209750759e-06,-0.000200332802520388,6.37753442300829e-06,-1.99855624474179e-05,3.96362238274724e-05,4.88034406585757e-06,-1.81546580541289e-06,-8.42596768454187e-06,5.2114241931045e-08,3.64834114921351e-05,-1.20459891798623e-05,3.4708534652389e-05,2.24126404272403e-06,8.72388992109583e-05,-1.71960506399131e-05,-1.10113044369084e-06,-3.47405015361913e-06,2.2371587930808e-07,1.08168141402444e-05,-1.70938159732301e-06,-1.12714723267423e-07,2.83421869926802e-07,4.41077576355122e-05,1.32419471143757e-06,2.85109023615466e-05,-1.07301624532379e-05,3.31055456521404e-06,2.91161511132721e-07,-4.39848147405872e-06,0.00052123859297878,1.67962604515002e-06,5.69185601757981e-07,0.000520422346134215,-6.47208157205042e-06,1.39176238040673e-05,0.0155078585808429,-1.6618179447527e-05,0.00669532058051384,-2.48115494700091e-05,-4.38685342909771e-07,-2.20175422235463e-05,-3.62268386094426e-05,0.00836920955091917,-0.000171246732995073,-4.81308942841946e-06,-1.9212594757761e-06,-0.00116345727635469,-8.63181460522322e-07,-0.0033080638723603,3.10834141067127e-05,3.117071929455e-05,0.00114424082127894,-0.000885038651271404,-0.0357141455629932,-8.10847111585893e-05,-1.71642944263287e-06,-2.12531965447841e-06,-4.86771629585139e-07,1.55752701560387e-06,-8.11480489335107e-06,-3.71717160699442e-05,0.000382477863940015,1.49591881815301e-06,-3.25215057091417e-06,-1.3595078321344e-05,-3.0119405910546e-07,-2.62527761438053e-06,4.28365782531318e-06,8.14265367348003e-06,4.40792498233511e-05,-5.34360222139975e-06,-2.96311901567724e-06,-2.99527462159436e-06,-0.000563537914147687,1.04702876012095e-07,0.000296572333274731,4.09298725369727e-05,0.00148326777652815,-3.09605173536989e-05,-0.00127932874657322,0.000362480970061475,4.90673245040764e-05,0.0128598077224522,-0.947464910145691,-0.0273477902287086,-0.000164147442972503,-0.000103002459530334,-9.58015201468484e-05,9.16624255258665e-05,7.45907457398328e-06,-1.02760999120351e-05,-4.37459043079637e-05,-0.000227260836156276,0.00154422261198212,5.74181841509057e-05,0.000178637055735103,-4.08290571434864e-05,-2.04640512548471e-05,-0.00021486753120921,-1.34303878588077e-05,-1.99261904195488e-05,-1.49727073135345e-05,0.000311275539211703,0.00193500020725546,4.64424810007541e-06,7.72822054109422e-06,-3.86057906184255e-07,-6.11352405827098e-06,-3.05999494548463e-05,-3.46962583840157e-16,-4.37978725756189e-06,0.000326082741766202,-8.67793552552632e-06,-0.000149964060681071,-2.32854487527762e-05,2.77822000628542e-05,-4.26216069703798e-06,0.000153388003482705,-3.48349202788065e-07,2.25293875835518e-08,-0.00106754868572215,5.01501214890229e-05,-1.55972802578548e-06,0.000212630783608837,-9.68131689734735e-06,3.37731255717524e-06,-2.14704589848571e-07,1.60200232381154e-05,-1.44259295640246e-05,0.000142090487043667,4.50440016443949e-06,-8.77883140179081e-07,2.02947540744048e-05,-4.13561627368224e-06,0.000510881858334676,-0.0111622463336251,1.44265554880444e-06,-5.08909545576806e-07,1.37420117205876e-06,6.22906436092069e-05,-0.000227999788496724,1.12305266295614e-06,5.05560784330515e-07,-4.23836658512449e-06,0.120945942609783,-4.2120439842426e-05,1.12358731930235e-05,-0.00348589242247909,7.73509742918157e-05,-9.88012769128318e-06,1.49482254550245e-05,-0.000345473302043666,2.9845189056612e-06,-3.47993995361503e-16,-7.41080595075128e-06,-2.54003812591963e-07,-3.78860484733058e-09,-3.2784582172825e-05,3.62113665046115e-07,-2.23831758907802e-07,-5.22670923649859e-06,5.82088297135683e-07,-4.63162356434627e-06,1.21278587012455e-05,4.4153604810886e-07,-3.87402403373733e-07,4.99506778169591e-06,-6.04017670818437e-06,0.000213644476353245,-2.80776660940645e-06,3.20883264871962e-05,1.60579932772493e-07,2.58231073600877e-05,6.49582545150877e-06,-5.32303601655787e-05,2.0106777592124e-06,-4.81351776000837e-06,6.50887123691611e-06,-2.36918954577217e-05,1.77090552147896e-06,1.71058875945525e-06,1.80501915264881e-05,-0.0281859574397218,-1.0226313971779e-06,0.0179548993955802,-5.16381414731278e-06,1.34537174519409e-07,1.30495408530041e-06,-2.61729696620216e-06,-8.48380766079985e-17,7.86931743223764e-09,5.27947481705479e-05,-2.98375700476881e-06,2.20157000176028e-06,0.000111252897630309,5.72081866257002e-07,1.32594230955084e-06,-1.93692479206944e-05,7.17502450989618e-06,-6.76703966277041e-17,-5.4702802961791e-06,-6.66740923072136e-08,-1.86461832590857e-07,9.90297817944298e-06,1.40958036140535e-06,-9.59566348363148e-08,-3.77217954004741e-06,1.05163172113536e-06,-0.0166333387314374,4.34603989596513e-06,-9.62474943226332e-07,-1.77717837036719e-06,-9.47892049472778e-08,-9.4567501609543e-08,-1.80593448773286e-06,1.21290523074256e-05,-1.97257349295598e-06,9.67387880250855e-16,-4.0471164528501e-05,3.17639320745495e-06,5.13444546013274e-06,8.01009755171512e-07,-3.75597323362046e-06,-7.95149281102715e-06,0.00138518550813362,-0.000125832111908283,-6.38882866403297e-07,1.4370801682296e-16,-1.19967643814142e-06,-5.32839531559528e-06,-1.51998452221621e-06,4.23512605611511e-16,2.85652564086597e-06,2.8710686660607e-05,-4.37586304479489e-06,-2.32386378395863e-06,-7.72603542685892e-07,-4.1246695880979e-07,-1.47232889342203e-05,4.08448265031241e-07,4.33802444414443e-06,2.01879451393716e-06,8.81665358504412e-07,8.88941686877442e-06,-1.76672064594167e-17,-3.48646408065434e-06,1.63340034239075e-06,1.0524673449985e-05,-1.05403269547627e-06,3.95908841424222e-17,-1.0094171242304e-06,1.28579975702449e-06,-4.42914442417301e-07,-3.92747011319402e-07,-9.90588973101504e-07,7.27393351843599e-06,-1.37150553188809e-05,1.86826455579007e-06,2.0660835600944e-16,6.78756063556554e-06,-9.12883761425477e-06,0.000706832650127179,7.96108166842532e-06,-8.10116284905387e-07,-5.45637517819746e-09,-7.13498105218888e-16,-1.65564187915642e-16,-5.28230144880551e-09,-4.68639433279355e-06,6.17552555402944e-07,-8.9102648817091e-07,2.50862552881315e-15,-4.19765464392737e-07,-4.94029964630026e-09,3.34679544334604e-16,-4.52001169110399e-17,-1.05821384944694e-16,1.03624151030447e-06,3.05182200521434e-06,-4.39022806388216e-06,2.58130681406882e-06,1.28610675165247e-06,2.63448365319265e-06,-1.26759763900679e-05,-5.33771375153821e-16,-2.74774394242094e-06,4.82741416734632e-06,5.72870780816338e-16,-1.35594918750898e-15,-4.7738300935809e-06,-2.31210518142005e-10,-1.75994197032312e-06,1.37154529612951e-06,1.72230431601632e-06,-9.25574426941134e-08,-9.37688912584377e-16,-3.10902288217077e-07,4.195877497954e-16,-1.05602411024671e-06,1.35744798104928e-15,-1.91517111773642e-06,1.29127171519621e-16,1.49282291388921e-06,2.06385778198237e-06,1.22886077954393e-07,1.62946920469745e-06,0.000302757357673983,-6.31013244298646e-07,0.000218950417374201,1.9772966173757e-07,9.61825771510249e-07,8.85106731936986e-08,1.38237214905091e-06,-6.17365993322172e-06,-9.53017381960458e-07,-7.71547740080232e-08,-1.84163031072599e-06,4.60534880305648e-17,2.73508539961778e-05,-4.69888856697414e-06,2.88205533784535e-07,2.82448147162251e-15,3.8048719436858e-08,1.02721257772816e-06,3.66914504032582e-06,2.83633377319559e-17,-9.82693897679603e-06,-4.70693050340528e-07,1.49168586168933e-16,-6.21154377293966e-07,9.54584441761751e-06,3.09440008162396e-16,1.45304958071722e-16,-5.5585843177204e-07,-2.7006358401422e-07,-1.53763016743099e-09,-2.13166758468714e-06,5.65066985710551e-07,1.83458909338892e-06,1.60057323054149e-07,1.95344654733747e-06,-3.30899639051226e-06,7.56074760259883e-16,1.33384671176689e-06,4.69558521378594e-09,1.29575483752808e-08,1.21258736569122e-06,-1.12720808990334e-16,3.99397447699902e-17,3.98890954353292e-07,-4.50286353684365e-16,2.2170409247419e-16,2.53005681277497e-06,-2.99485720168719e-06,-0.000100028089856374,-3.43021964491805e-08,0.000233673784556574,-6.2824498118086e-07,8.10486255016656e-08,-6.31419349078751e-17,2.21829218682134e-07,1.04828315782172e-08,4.83289281403419e-08,-5.60335584617997e-06,0.00638893693666198,-1.75270908742442e-15,1.88156670003098e-16,1.64388024917609e-15,-1.4402274182153e-07,-1.41095700128694e-05,-4.12327068750043e-07,-4.8070796324281e-16,-6.07582727140617e-07,5.27178204409053e-16,-1.32394149962378e-16,9.10167927630056e-06,-1.99851220809585e-07,-1.19731577833615e-15,-4.91897966462382e-07,-2.80907494238388e-06,-2.13289179810098e-16,7.59404017808829e-07,-7.58508727938388e-17,2.02600515897323e-07,-3.27542551531366e-16,2.02115474534508e-07,1.7494193876186e-06,7.00298536444768e-07,5.95773505039154e-08,4.08917836012004e-07,-1.41597647924547e-06,5.62338745311813e-07,-1.58176869332732e-16,2.55814458968125e-05,-7.88240188129344e-05,2.6565462375217e-16,-1.89700441143687e-07,-5.56407921991297e-07,8.97236274123131e-07,1.57645354541318e-16,4.13556546091702e-07,6.0375077339422e-06,-1.20020265332191e-17,-1.36420744019385e-06,-3.01658142036895e-07,-1.73321914221718e-07,-4.47237915726944e-16,-1.18858772296571e-16,2.79580955900742e-07,8.54872112688154e-08,6.9143697535174e-09,-7.66141764204166e-07,5.02880416881791e-08,-2.9651322228612e-17,-4.35146155387418e-16,1.83467272211428e-07,1.26452204159903e-09,4.77258791058985e-16,4.42881804301403e-07,-3.34106793370066e-17,4.49703369819412e-05,-8.44864568326002e-08,-4.93595632761808e-08,-3.27100158765569e-07,-5.61300883489504e-15,2.93415332367159e-17,9.87534253340387e-17,-4.90576589489683e-16,-2.88790568788146e-07,-6.29163828713429e-07,7.12600178346896e-16,6.88163360926348e-16,-1.47552391411948e-16,4.77755841239053e-05,7.94041424899998e-09,-1.1152555361321e-06,3.92374972372954e-17,8.04143181375578e-16,-9.04939644446181e-16,-2.69166418136534e-06,1.6164922510977e-05,3.28545824055148e-17,9.98820210183769e-08,-4.1547458757832e-06,-5.7109123288181e-17,-1.42645854781804e-17,-2.59963594165879e-07,-2.66309356995706e-09,-1.28632227532012e-07,7.46245748591329e-16,1.44484009523427e-07,2.10209722339623e-07,2.2524484575301e-07,-2.04940182164109e-07,-7.29621038407429e-07,6.20928908940465e-08,7.71706787888357e-16,5.5122399635466e-16,-3.94250473211274e-17,1.17755363059117e-06,-5.7204027488696e-05,-5.77973278001147e-08,-4.53300436147345e-08,1.26343438112692e-16,-8.71483587380314e-17,-5.69735393822911e-16,3.89894393836496e-16,1.14320075070298e-15,2.37364376181146e-06,8.19558486262236e-18,5.92173410347534e-17,-3.48478804945446e-08,1.39741382024209e-16,-3.11923754049881e-08,-3.46944695195361e-17,-3.8666494894531e-08,1.22419886927693e-16,-4.67126986635945e-08,-5.84279122095822e-09,-3.68463511743028e-06,1.38061106282098e-16,1.8716415383614e-07,2.91371026995601e-17,2.6494709063966e-07,-5.11217389521697e-06,2.56903223197323e-09,4.74460608838919e-16,3.74384948522317e-07,8.97943407757304e-17,-9.18276890223399e-08,-5.18257752235513e-07,6.60378608673957e-16,-6.68024309723809e-17,-1.75851976713317e-16,-1.79977919515896e-16,-1.73677737260275e-09,-2.26059228300181e-08,-5.0451015073621e-09,1.67852196811874e-16,2.28311964000729e-18,-5.85142746167031e-07,3.00084002962304e-06,2.09196654016593e-16,-3.87666437948075e-17,-2.2855568655733e-08,1.83818894587416e-15,-1.61858512572467e-07,-1.06725168115465e-15,1.5250621186333e-06,4.73225062204072e-17,-7.70935992290056e-17,-1.19160617720775e-16,2.11183980897886e-16,-5.45926664631173e-17,4.84015555885392e-16,2.0172376313063e-07,-1.41069137834332e-06,-1.12381144052832e-16,-1.35223289885398e-07,5.14052860838212e-07,-1.82613337218591e-16,-5.68764871861308e-17,2.14450057227299e-16,-3.17089038251955e-16,5.05411927947978e-08,8.07756575144242e-09,-4.65985613382612e-16,-4.4723904206094e-15,-9.1660901928656e-08,-3.26942331719863e-07,-5.43992806241494e-08,1.44630270556271e-16,-1.4225674038606e-16,5.514025359521e-18,-3.8399573719304e-17,-6.2193074190948e-16,6.82369829865018e-17,1.9208196084582e-07,-1.81585954017051e-07,-3.48990103085892e-08,-1.15444245093034e-16,-7.79546488201627e-18,2.51516828842756e-16,5.47425732163554e-17,7.33596497118278e-17,5.20872473068684e-16,6.01614825465825e-16,-1.77240644732404e-16,5.95075114078529e-17,1.1764822637658e-16,-5.55278272263307e-17,-1.69735509658624e-16,-4.14417301365947e-16,-2.58771534375573e-16,1.31341913413286e-07,6.08072845923426e-16,6.87090665457044e-16,3.59941377366471e-17,5.22361030853937e-05,-3.23438573391982e-09,-5.07936211177305e-17,-4.79484449312514e-08,0.000809137447497454,-4.10338505350933e-17,-1.09810576168847e-15,-4.67681914838175e-07,2.21953024528889e-16,1.15931838983587e-06,-1.7477718272845e-16,4.3662582391813e-17,2.34563895255682e-18,-7.0901501483333e-18,5.82183286669018e-09,-7.9923811539811e-07,7.00156184262489e-17,8.69420993904868e-17,-2.06705910195239e-16,-1.47495308031441e-16,-5.16815346814585e-17,-1.63313646647101e-17,-2.75923071553442e-17,6.02292565511193e-17,6.53183247103021e-08,-3.91935445519635e-17,-6.36639471008041e-17,-4.38817558753114e-17,3.48734376042162e-16,-1.86342738883607e-17,7.35270190500904e-16,-1.85812397300941e-07,-1.72542037287113e-17,-1.19456583080842e-16,1.38428137261421e-07,7.73437261223491e-17,-2.48886236753013e-16,-1.6935011731439e-16,5.70077403852417e-16,1.2548770805908e-06,7.96873886146144e-18,-8.42317894819447e-08,-3.00156002984287e-17,-6.4576499013684e-17,6.51007307510287e-16,-4.63752669872332e-16,8.6032715401278e-18,3.48905712392018e-16,3.03197154312929e-09,1.07633713998311e-15,-4.71306569651594e-16,1.17722251598259e-07,-3.77285193878301e-07,-1.85698105806655e-17,2.63581143617051e-07,3.85714516372635e-08,-1.11171507354952e-16,2.06046887393989e-16,1.06253908003245e-15,2.5783505572222e-17,-1.56865035147495e-16,-6.39059455710453e-08,4.25074517113597e-16,-4.50854514857516e-16,1.84329220507566e-16,2.54865798080534e-08,2.161049990339e-16,3.52874336860999e-16,-1.52391934736309e-16,-3.19183100325909e-17,-1.1550282721723e-08,-3.58638850509121e-17,3.80587546333591e-08,-2.2864861830384e-18,3.46745600251903e-16,-3.44205286771501e-16,3.86995790750385e-17,8.39774749524941e-18,1.14805376432662e-16,1.44381434839038e-16,-4.11424749787525e-07,-1.77663801321382e-16,1.31361156004472e-16,4.83250553048791e-06,1.0581287198117e-15,-7.22100959045737e-17,-9.01084843248108e-17,4.49033501360031e-17,2.7417026607972e-16,-1.5769792097334e-17,-1.7973657076135e-07,-1.13525858064821e-16,5.93070402013824e-16,1.95427927416502e-05,-2.06769261634103e-16,-8.92513061778265e-17,-2.58914939856442e-16,9.23165461850399e-17,2.57009178257151e-16,-9.08514229990083e-16,4.30505513563054e-18,3.95045302230871e-16,2.49392081726118e-17,1.81844886840359e-16,1.93530757693208e-17,-8.93881179421385e-05,6.28120314968892e-07,-2.69252326808506e-16,-8.68302556367313e-17,-4.33394240914739e-17,1.19613818857296e-16,1.99503952595697e-16,-4.1004295181303e-17,3.35240047281231e-16,1.38168136749634e-16,-7.79864891640655e-09,3.49643419703211e-17,6.32287205394485e-19,-1.86219921848806e-16,-3.9097458422915e-16,9.87660566228732e-09,6.16739444692713e-17,-1.06540485609633e-08,1.46184168510715e-16,-7.85216459689756e-17,-5.13794213379134e-17,7.8429609739124e-18,1.84003431201936e-17,-4.43991122470536e-18,-1.23491458173451e-17,-7.25154784139039e-17,-2.87827114008341e-17,-5.71276321108302e-17,1.44057676313001e-16,4.28989959629237e-17,2.55370990868669e-16,2.72119847649651e-17,1.25945670078227e-17,2.13133535224747e-16,1.2347491317103e-17,-2.32651191372358e-16,1.93917990623424e-16,4.87456844201347e-17,2.39802044283391e-16,1.90612725229118e-18,2.94240952844922e-15,4.46990686432079e-17,2.60910799629424e-15,6.83838641188234e-10,-6.60224413161434e-16,3.70708097217839e-16,-6.31466648826907e-17,1.3048385078056e-15,6.0579866802478e-17,1.73899255837121e-17,3.15407455961952e-16,-1.68085696737566e-16,4.18630946226709e-17,-1.97549773753995e-16,4.38002671542594e-16,1.63358775180597e-17,-6.71827443243524e-17,7.12516042800646e-17,-2.3633207463996e-16,-2.16985997731431e-16,9.96124638326936e-17,-8.08163761705184e-09,5.31541310603454e-17,5.40151555096737e-17,9.46569503110285e-17,2.08643781803404e-17,1.88155476688857e-16,-1.44781939011608e-16,-7.5969713020042e-17,2.73604442745507e-16,-8.56207992132244e-18,1.43696229560666e-09,4.85208953122898e-15,4.5861764204226e-17,-6.25970165496983e-19,-3.42539106633387e-17,1.37438620665784e-16,4.22882486673413e-17,4.23568069896221e-17,-4.35670296445944e-16,-1.11589745745879e-16,3.98252319681545e-16,-1.04945233361651e-16,5.28995557134752e-18,7.37834488683491e-17,4.0031878989012e-09,1.33343984567091e-16,-8.38966483590965e-17,-5.39081899940232e-16,5.89473911226672e-15,-8.39652865516907e-10,-1.48031654153785e-16,-1.93419711573856e-16,1.84751444623243e-16,1.35457083760099e-16,-1.62383346838643e-16,-1.19074778443113e-16,1.17220548056337e-15,1.06170843591152e-15,1.8079094016843e-16,2.40442333449494e-16,1.4636324611461e-15,2.88427011032647e-16,-1.66746180716781e-15,1.98263970208437e-15,-4.05691500018605e-16,-9.63938097967235e-17,-8.18029078050356e-16
"t430",-0.0356012490258556,-0.00906251849759738,0.00113864819697334,-0.0962048323024174,0.0184002467259856,-0.00370591492361556,0.0197456572280183,0.000311178906464645,0.000102129262934085,-0.000306284467163981,-7.48659924060128e-05,-0.0600626081372486,-0.0386960686008925,0.00375026908314105,0.000669546120834453,-0.000792551132134845,-8.35629066662962e-05,0.000760465270127565,-3.30338842565164e-05,1.93678154754012e-05,-1.03103391751504e-05,-0.000974421319708921,0.00681827169794455,-0.184223416211082,-0.0624905608282832,0.000925972177750794,-0.00105393459337619,0.000957598400385662,-0.0161569951563313,0.00606863786351785,-1.64428458994166e-05,2.86543746279675e-05,-0.013429174971975,-0.00011906163260461,1.94065976037596e-06,-3.19826372960452e-06,-0.000279959682901932,1.01467904966773e-06,8.48803635176525e-06,2.44096034491681e-06,0.000137902944552399,-2.23583074736308e-05,0.0143248407800926,9.7682982334837e-05,0.000118896973849895,-7.98707296569091e-06,1.81684359368147e-05,-0.000151073810871679,1.6744673655346e-05,-3.70508606387009e-05,0.00695565941915099,8.19657151479308e-06,-7.91917243244628e-09,-8.47198808390279e-06,8.31055312822481e-07,-8.65866688225525e-06,-2.27262721500203e-08,1.30267002550189e-05,-4.94243899421397e-06,2.1272927849552e-05,3.84488628046087e-05,-8.61265018227151e-06,0.000391838145868139,-0.00022850204660087,4.00348278926108e-05,-0.24872306612217,-3.60105815621068e-06,9.39213523265177e-05,-0.000231107097159199,7.76152927756663e-05,-5.87356693105376e-05,7.65239903690153e-05,-3.38398037115858e-06,-0.000240242155889774,9.9474436096797e-05,9.35952888257425e-08,-0.000519394792881336,9.28435312802026e-06,-3.13667055801784e-05,-3.58858156679603e-05,1.01129698583334e-05,0.00015029726675344,-1.77747178762933e-05,-0.000110486497474842,6.63407582192338e-06,0.0014182700441883,-8.68812853479187e-05,-1.55874717236371e-06,-5.10513696454419e-07,0.000133306135669841,-3.28567995434562e-06,8.26172252945082e-07,7.43793656765241e-06,-0.000769642428307393,-2.83878876776027e-07,-9.26580876380743e-05,-2.09569486662541e-05,5.19572036918734e-05,-7.8713026281436e-05,-2.08655991502743e-05,-4.47252883054528e-06,3.58412890578962e-06,-6.09382891905756e-06,2.01081372920698e-06,-8.70466939806758e-07,1.59396557571251e-05,-4.67299847746309e-05,0.000395877112332399,-6.90836761999408e-06,1.66337976252121e-06,7.33083852466104e-06,1.7293674575174e-05,-2.9119890901561e-05,2.51570418773773e-05,-1.27105293968117e-07,4.8006767678163e-06,-7.03140478936037e-06,7.30562240127926e-06,-7.26723344273264e-06,1.76502608871405e-05,-6.55263891424255e-05,1.54571191400232e-05,-1.44562539600528e-05,-3.96981396326371e-05,1.28997673259629e-05,-0.000121524355556936,1.23261039724599e-05,-3.85328178911041e-06,7.03120994165536e-06,0.000231666875751131,-7.28879725593151e-06,2.07814759099268e-05,-4.04785739238181e-05,-4.91989609214775e-06,1.73695223480046e-06,8.00408958839072e-06,-4.45093078049076e-08,-2.86942443708145e-05,8.49956756358484e-06,-2.44165455933157e-05,-1.54828685212897e-06,-5.97124056179206e-05,1.15975640089592e-05,7.38470874436836e-07,2.32968922866332e-06,-1.44136531935738e-07,-6.44375077399015e-06,9.41870382875662e-07,6.09235166724288e-08,-1.46879946171675e-07,-2.27822853810317e-05,-6.73151442626338e-07,-1.43585253228231e-05,5.34678704733269e-06,-1.49796754037042e-06,-1.29749294298527e-07,1.93904008248381e-06,-0.000180667346705597,-5.49709598720788e-07,-1.84656657271317e-07,-0.0001608800964811,1.98110984548762e-06,-4.00664451054488e-06,-0.0044314842143232,4.47659053599646e-06,-0.00170554140927422,5.47178619200738e-06,9.63668450686702e-08,4.83190063900953e-06,7.84598308420287e-06,-0.00179416839315537,3.66818944890635e-05,1.05809001244103e-06,4.40148693474367e-07,0.000414321681888168,6.1230229328769e-07,0.143635892285596,-3.86181542506422e-06,-3.87609115136992e-06,-0.000140807096858878,0.000107699695416682,0.0041837408792149,9.34639588586253e-06,1.94619135830702e-07,2.37151856073297e-07,5.1320612858592e-08,-1.61818058597889e-07,7.36501861335531e-07,3.35786179480584e-06,-3.29167081550458e-05,-1.11783481795725e-07,2.14093961996216e-07,8.54764157204324e-07,1.76425378394914e-08,1.45577077383791e-07,-1.9951372117914e-07,-3.64240607700294e-07,-1.80393076644227e-06,2.08752828372765e-07,7.63577159458894e-08,7.54426177824999e-08,1.13377623817411e-05,-1.61540742066667e-09,-1.57350492621468e-06,-2.15397345704207e-07,-6.53759191814716e-06,5.7968807881458e-08,2.32727908105651e-07,1.46162481116135e-06,4.27384415941769e-07,0.000154955536359793,-0.0123223031751073,-0.000461731761482258,-3.07471890189456e-06,-1.93410103343687e-06,-1.9219171315925e-06,2.08324882267674e-06,1.72616696239375e-07,-2.54999958838142e-07,-1.11260525093223e-06,-5.80481550904409e-06,3.92359230991395e-05,1.44890291207085e-06,4.46219468901129e-06,-9.70633731823752e-07,-4.79863159907618e-07,-5.02046833231982e-06,-2.83121125760334e-07,-3.83948202819167e-07,-2.52309651495842e-07,4.85853119474856e-06,2.75181192991177e-05,5.95693189673973e-08,9.5940677327109e-08,-3.17857191711511e-09,-3.22189014647526e-08,-5.28344290978055e-08,3.91812776491466e-16,1.75399896783965e-08,-1.711198726001e-06,1.28489748801387e-07,3.51490896695782e-06,7.33247276349933e-07,-8.89082899051358e-07,2.11712523679137e-07,-8.132650548769e-06,1.90206229330604e-08,-1.40880070330794e-09,7.28649787158716e-05,-3.98836515814302e-06,1.32412742902292e-07,-1.85368661891924e-05,9.72475264462809e-07,-5.8823908425746e-07,4.50818651768551e-08,-3.92992121668372e-06,4.99680611452384e-06,-5.04745924817096e-05,-2.0663378915415e-06,4.68726958444927e-07,-1.36659576999681e-05,3.01495411328695e-06,-0.000406079653374396,0.0100680352454196,-1.59680746643946e-06,5.7753018508874e-07,-3.13987345673717e-06,-0.000145348676579935,0.000544942362247963,-3.57189371327259e-06,-1.82406492543039e-06,2.59121542448988e-05,-0.844387252412598,-0.000104491069736511,2.4854145742815e-05,-0.00712021144814011,0.000135346370588771,-1.56057510752347e-05,1.96565212924239e-05,-0.000434724160810367,3.63551027164339e-06,7.56727708797666e-16,-8.18138771021704e-06,-2.77175063764587e-07,-3.98802506117974e-09,-3.20071623643627e-05,3.34468695624954e-07,-2.01884548854929e-07,-4.6615922645078e-06,4.6117224376374e-07,-3.64672250178202e-06,9.53309608581365e-06,3.38012492171566e-07,-2.78970667416365e-07,3.56561201304045e-06,-4.28670642730075e-06,0.000148990658906404,-1.87035963922264e-06,2.11697348113094e-05,1.05899360608868e-07,1.70279662119758e-05,4.30692254933372e-06,-3.87597574142228e-05,1.50234522617768e-06,-3.77559694145127e-06,5.55525565425626e-06,-2.09230850729541e-05,3.34587899220125e-06,3.81551251929375e-06,6.5411671829575e-05,-0.206565374384917,2.07959971446999e-06,-0.0232525587133289,1.44193036069754e-07,2.03644113355895e-09,1.11193321142052e-07,-4.83370224052853e-07,-1.30100086019987e-16,2.72903388082794e-09,1.8571408931952e-05,-1.06822665889016e-06,7.88558810483954e-07,3.9868000140994e-05,2.05770272208635e-07,4.8003378503865e-07,-7.0613664837919e-06,2.64749363522506e-06,3.16710962991341e-16,-2.05915729813002e-06,-2.51462825399586e-08,-7.05928655893197e-08,3.75078586715304e-06,5.38037071114329e-07,-3.675530351685e-08,-1.4510014304012e-06,4.05522836690871e-07,-0.00644242247339904,1.68864065283967e-06,-3.74590150873441e-07,-6.92246808682937e-07,-3.69402458841962e-08,-3.68835154380257e-08,-7.04415666829174e-07,4.73348353876853e-06,-7.70111687587286e-07,-6.62176245210818e-16,-1.58372212146991e-05,1.24346706949332e-06,2.0099958022654e-06,3.13868027075076e-07,-1.4719250766753e-06,-3.11987182020034e-06,0.000543633967182529,-4.93867230433038e-05,-2.50790501417044e-07,-2.29812811092754e-16,-4.7100566895073e-07,-2.09210271473096e-06,-5.96907680317726e-07,3.47022132507098e-17,1.12195980223411e-06,1.12770930298345e-05,-1.71879640633096e-06,-9.12820538477055e-07,-3.0349590216301e-07,-1.62031592294304e-07,-5.78396513876206e-06,1.60466225509234e-07,1.70428089718118e-06,7.93148587070495e-07,3.46403595880374e-07,3.49262919548636e-06,3.17228303969751e-16,-1.3698451948109e-06,6.41766818067864e-07,4.13510704011724e-06,-4.14109762863556e-07,-6.27704387862538e-17,-3.96525200951564e-07,5.04974823440536e-07,-1.73923907317386e-07,-1.54214009936222e-07,-3.8892755384406e-07,2.85544653131543e-06,-5.38241326577323e-06,7.32587395951071e-07,4.05219397665267e-17,2.65932294805059e-06,-3.57634453616977e-06,0.000276866042183744,3.11763383221272e-06,-3.17243418160207e-07,-2.13658798758155e-09,-2.20912316112664e-15,-1.80042722403644e-17,-2.06762216329679e-09,-1.83373297143967e-06,2.41630716344984e-07,-3.48521817621305e-07,1.06883513358041e-15,-1.64071038842703e-07,-1.93034414302771e-09,-3.23543040301677e-16,1.25878588824375e-17,8.20510506715485e-17,4.04460648266489e-07,1.1910044011098e-06,-1.71248755982484e-06,1.00645720944066e-06,5.01430647509697e-07,1.02666491475707e-06,-4.93959421504712e-06,-3.62017923211512e-16,-1.069716335074e-06,1.87869640866461e-06,-1.04197553275845e-17,-6.78948442031141e-17,-1.85525727086545e-06,-8.98246548942307e-11,-6.8341330524897e-07,5.32424506979359e-07,6.68177418332596e-07,-3.59045851809536e-08,-8.51752549612348e-16,-1.20587713355295e-07,-8.89376742220278e-16,-4.0943106195068e-07,2.1444285955433e-15,-7.42312327791254e-07,-5.03991206959467e-17,5.783936233496e-07,7.99579528493702e-07,4.75596316466081e-08,6.30500734899771e-07,0.000117136908538987,-2.44039918731908e-07,8.46473953490722e-05,7.63794168986469e-08,3.7153323948802e-07,3.4180938893932e-08,5.33586725220991e-07,-2.38144675783439e-06,-3.67416991069993e-07,-2.97324551496766e-08,-7.09538778513541e-07,-9.54130682628065e-17,1.05305296038605e-05,-1.80795518247114e-06,1.10678741183343e-07,9.75483086665733e-16,1.46034791606484e-08,3.93914197206162e-07,1.40651547962981e-06,-1.59463116918904e-16,-3.76629482313462e-06,-1.80260119637267e-07,1.47077095516032e-16,-2.37790976392737e-07,3.64577341208471e-06,1.4750768193133e-16,1.76780316661514e-18,-2.12094651697825e-07,-1.03037297578555e-07,-5.86415789286868e-10,-8.12582284345214e-07,2.15167057905727e-07,6.98511383104428e-07,6.09329058727321e-08,7.42565162240444e-07,-1.25630004345984e-06,2.97934533746237e-15,5.06171568305888e-07,1.78174775244675e-09,4.91535146892063e-09,4.59826604501142e-07,-1.00178419322461e-17,8.02036641964005e-19,1.51191551319034e-07,-6.79254122106598e-16,-5.04923054935923e-16,9.56009027273401e-07,-1.1310180890787e-06,-3.77755139935122e-05,-1.2938455389347e-08,8.81248294995503e-05,-2.36920069626437e-07,3.05575369258062e-08,-5.36009557900026e-17,8.34265803109371e-08,3.94027788756567e-09,1.81625371960178e-08,-2.10388242660894e-06,0.00239477093093066,-8.26406698358652e-16,2.93910072990434e-17,6.41595383753581e-16,-5.38478172509095e-08,-5.26941225512961e-06,-1.53975888095846e-07,-1.15328656449966e-16,-2.26639619428987e-07,5.72200111874255e-16,-1.8115679055067e-16,3.37783179154694e-06,-7.4164218275311e-08,-6.69379440706407e-16,-1.82302327840934e-07,-1.04026296749998e-06,1.49311435837275e-15,2.8076965553331e-07,1.42798464556077e-16,7.4756477991124e-08,-7.22658401158144e-18,7.45638837084962e-08,6.45299425728383e-07,2.58274063962114e-07,2.19675336925707e-08,1.50700857824741e-07,-5.20826017667429e-07,2.06261013107509e-07,2.67880212932951e-17,9.34886358882666e-06,-2.87950831309335e-05,1.91495023047084e-16,-6.92619976383804e-08,-2.02950917486261e-07,3.26973823615966e-07,4.32439932625929e-16,1.50234543335236e-07,2.19186717577912e-06,-9.80261513084575e-17,-4.94838324556585e-07,-1.09373517248806e-07,-6.27410432625321e-08,2.54331721075661e-16,-7.14513599445999e-17,1.00807842591091e-07,3.07703561771604e-08,2.48786658299732e-09,-2.73451978071499e-07,1.79240013255962e-08,8.26396487741663e-17,2.27502434113242e-16,6.53293387627971e-08,4.50217934429654e-10,-8.34183464959906e-16,1.57421191763484e-07,-1.01003326285683e-17,1.5958519621074e-05,-2.99130502366873e-08,-1.74732402510885e-08,-1.15717979387594e-07,-1.91522890541598e-15,6.13960674552608e-18,-3.84167554322168e-16,-1.59244405578117e-16,-1.01549067277065e-07,-2.21122872984135e-07,-1.9734089606314e-16,1.43361727857291e-17,1.89410930104222e-16,1.67594459539027e-05,2.78316265907647e-09,-3.90014550170523e-07,4.16227420167635e-17,5.58476483804202e-16,-4.97252272389979e-18,-9.33670493623099e-07,5.60556937572029e-06,1.26362967092116e-16,3.4520215875072e-08,-1.43393178024905e-06,-1.00718230718565e-16,1.58655004220482e-17,-8.94222175814097e-08,-9.1580083665084e-10,-4.4145694783276e-08,3.52332474580989e-16,4.94148633691818e-08,7.17535720856097e-08,7.6672645952364e-08,-6.94895140394982e-08,-2.47130002486483e-07,2.0988900866124e-08,4.06925002102349e-16,-1.45477026498315e-15,-5.80159915931715e-16,3.93205176123916e-07,-1.90976361777347e-05,-1.92639304212172e-08,-1.49783048666199e-08,2.21880936382753e-16,5.80284715277429e-17,-1.35332207717591e-16,4.12119301042905e-16,7.88023422917648e-16,7.7674377590353e-07,-7.38306358494727e-17,-8.14176074674391e-17,-1.13580642903601e-08,-2.65086303769529e-18,-1.01644172667034e-08,-6.61363325216158e-17,-1.25953541745662e-08,1.91928593847761e-16,-1.51066157383044e-08,-1.88616918289108e-09,-1.18619634200153e-06,-2.77062546439274e-17,6.00452275550071e-08,-5.58643476233035e-17,8.43311659963345e-08,-1.60951181093606e-06,8.08433910224363e-10,5.14917688009965e-16,1.17266436179819e-07,-4.56028361158038e-16,-2.85438498259887e-08,-1.61034176167954e-07,-5.50357001540452e-16,2.42705515164015e-17,1.03975942901074e-16,-9.37838468032987e-17,-5.36112852029279e-10,-6.96561779716677e-09,-1.55130632151001e-09,-1.41308590551145e-16,-2.16292038333071e-16,-1.78066185617237e-07,9.12758762910493e-07,1.03901366097813e-16,-4.8374325267152e-17,-6.85627852091838e-09,5.43434711491969e-16,-4.84048124635059e-08,-2.88954546122094e-16,4.51881388125489e-07,4.58918922822e-18,-7.96706133454639e-16,-1.31737362921607e-16,-2.45034371341352e-16,-2.15245002023094e-17,7.0018728412718e-16,5.85764682308634e-08,-4.09522233547995e-07,-1.14200115581903e-18,-3.89600225033348e-08,1.47628299979867e-07,-1.65119469157854e-16,-3.94315950409599e-18,-1.47179645109366e-16,2.27122479623339e-16,1.4305348000376e-08,2.27824340479942e-09,2.76078404895282e-16,-1.21002608360051e-15,-2.57493721072187e-08,-9.17963277463796e-08,-1.52465820515411e-08,-4.09467483299918e-16,-1.15811715246648e-16,-6.34412328105571e-17,2.37803755688434e-16,-2.26670544972829e-16,-4.90889350363928e-17,5.2188138345553e-08,-4.91824963696152e-08,-9.42272536875948e-09,-9.256757925359e-17,-6.43918675815344e-17,-2.69826789377377e-16,-4.12898183311373e-18,-1.22643332180953e-16,2.13268208834529e-16,2.795018468963e-16,-8.7143444198858e-17,5.99411922768471e-17,3.33559368554502e-17,-1.95666222085592e-16,-2.45911069787166e-16,-8.49488759270332e-17,-2.7262230827121e-16,3.34056550076156e-08,1.46744821530844e-16,4.59950965516799e-16,-1.1493917418218e-17,1.31663369332826e-05,-8.13509114198945e-10,-9.63183302462709e-17,-1.20439534366558e-08,0.000200889090164318,1.05434955942665e-17,1.10327401448687e-17,-1.14362274517106e-07,4.59240091376315e-16,2.77946625809521e-07,5.06284489312867e-17,6.03592958480897e-17,-2.2048909928367e-17,1.39181506757278e-16,1.34922151568234e-09,-1.84773812773552e-07,3.89612261947048e-16,1.01110015290883e-16,-2.6427704555422e-16,-1.24016585083368e-15,-1.77472694821069e-16,1.89460121118637e-17,1.41883480227727e-16,4.32370908091831e-17,1.29000644494623e-08,-6.49370633986075e-17,-9.75011489708232e-18,-1.64916761438213e-17,1.84104495548616e-16,3.76092749829391e-17,1.10187931379522e-15,-3.5089782995654e-08,-1.05321502593012e-17,9.51631464041644e-17,2.59120774370632e-08,-5.51624241651994e-16,3.13514298720867e-16,-9.64618059092067e-17,-1.60765886674611e-16,2.08379380364059e-07,-6.4998067346813e-17,-1.36380519098178e-08,-9.60752182843351e-17,4.03275842260562e-17,2.19208347770333e-16,-7.82376124836516e-16,-3.05364268865989e-17,2.58734823794784e-16,4.64113819562772e-10,-3.22550150494971e-15,1.07194290678945e-15,1.71782071143141e-08,-5.49144604738373e-08,-3.70012475129191e-17,3.6663759137447e-08,5.28500188030529e-09,-6.05931158610487e-16,4.49702166200977e-16,-1.27718795025151e-16,-7.28788921239592e-17,-6.34720133686908e-17,-6.56411748658265e-09,6.55867137603175e-16,5.11221142770882e-16,-8.87820987258247e-17,2.3614524983087e-09,-6.05515567858421e-17,-1.11733733543515e-15,5.24658745307395e-16,1.88645072796936e-18,-9.05991571147428e-10,-7.18741115162889e-16,2.8096063729506e-09,2.68485665371646e-17,-2.70883773448279e-16,4.06205419905214e-16,2.27766424332277e-16,1.76315330306294e-16,8.52799435240292e-17,5.95968249506719e-17,-1.94998740514384e-08,-1.03687896857947e-16,1.49925411758402e-17,1.9460121901297e-07,-1.45250684370268e-16,-2.00961890251593e-16,-3.01954947668396e-16,7.26135204372662e-17,1.86349890108394e-16,2.20406872442469e-17,-2.90939003539317e-09,-3.05277530133742e-16,-8.29168689614153e-16,8.75480471299352e-08,-4.92964856608737e-16,4.29492210062883e-17,5.31232084744507e-16,-3.04046886400163e-16,-1.28382751220742e-16,-2.03752885573025e-16,-2.51852439559752e-17,-1.79104820402935e-16,-2.66955382503085e-17,5.80563328828017e-17,9.70070780850139e-17,3.99109960717179e-06,-3.22037966974168e-08,-1.8233579749621e-16,-7.09385408286154e-17,-1.08133589169088e-17,1.67387560097981e-17,-2.5448888995581e-16,8.30586071672963e-17,-1.6380752525513e-16,-1.20462221674297e-15,6.92853205115879e-10,2.03580766025459e-16,7.89116840588479e-17,1.47558610559455e-16,-8.29360596781101e-16,-1.23816998066393e-09,-2.76186895331548e-16,1.84097947768714e-09,9.63988141198894e-17,-3.19800083222085e-17,-7.68510923319929e-17,1.45008688408008e-16,3.2061290493511e-17,2.30855915761721e-16,-8.3915769267189e-17,-4.34112050962537e-16,1.32427503103195e-16,-9.47494474960772e-17,-4.14851276189068e-16,4.83200068253512e-17,-2.03144680596235e-16,-2.82041541288332e-18,-6.58665190395439e-18,-5.73948642235425e-17,-2.07239757695424e-18,6.13211175627215e-16,-1.9019316052729e-17,4.42067078558487e-17,-1.19011223548255e-15,1.1347053080105e-16,1.29569254486695e-15,-2.52183227538366e-17,-1.23666552972908e-15,-3.01167382635679e-10,-6.85890921400909e-16,-5.8200946582213e-16,1.4807471319017e-17,-1.21459226112395e-16,-1.33525458703899e-16,1.5004680804244e-17,-2.21754833660888e-16,-2.84380821146218e-16,1.23611938428078e-16,-9.60684504093518e-17,1.40936064148032e-15,-1.04537182872014e-16,6.56320218051219e-17,-1.28824843048106e-17,3.98957266265306e-16,1.20766588707695e-16,-4.31769622836472e-17,6.43612085574400e-09,-4.8760873153292e-17,-3.49978428513862e-17,1.74237389771464e-16,-2.81333211660878e-16,-1.07117578391651e-15,5.28802228107143e-16,3.79215698088707e-17,-1.38639583860436e-16,-3.566713423346e-17,-2.36850690592991e-09,1.9920070945679e-15,-1.50007124291125e-16,-2.44439143889778e-16,3.54832502150721e-18,-8.13319082785234e-17,1.30155774841952e-15,-1.4306665159741e-16,3.11322099086791e-17,2.35583269765246e-17,1.16341895603642e-15,2.88728575467836e-16,-1.18525932526497e-16,-5.03804907134711e-18,-2.40150771210787e-08,2.54891732023251e-17,3.03705628304471e-16,2.08718913621083e-15,7.1601767327099e-15,1.14275704458078e-07,-3.59584894015904e-17,2.52638078294107e-17,-2.3554002268807e-16,6.93909985477228e-16,3.06100411892343e-16,-1.01037740305803e-16,-5.44319271094384e-16,3.89344167062491e-15,-2.37602678193726e-16,9.29908379914651e-17,1.62767524885177e-15,-7.6336000504892e-17,-1.43739410616638e-15,1.02084395487248e-15,4.05074884566055e-16,5.14463891764742e-16,1.03594576057766e-14
"t265",-0.0366810991197049,-0.00968856176568229,0.00122025730879964,-0.105978846548731,0.0208125040900327,-0.00430666029576528,0.0230330036193366,0.000368832941853994,0.000126320701232274,-0.000405722627646666,-0.000113536463796624,-0.113477781066967,-0.0764820138284498,0.0076054122380551,0.00147547133626434,-0.00201566224103885,-0.000228821226316609,0.00222042110539423,-0.000106005135979993,0.000109135338386577,-0.00259722911093488,0.00110747836703627,-0.0045420024324631,0.115821093507832,0.0377329010208418,-0.000330300104870817,0.000321895081290267,-0.000257386947918067,0.00275304680773082,0.0015046982589349,-6.04360139249358e-06,1.28341810562252e-05,-0.00780663905137347,-8.15711205332927e-05,1.60406909490872e-06,-3.8357140809136e-06,-0.000364103283445489,1.48133577974979e-06,1.3103368963049e-05,4.32909126381536e-06,0.000354492133092652,-0.000100805584193489,0.134750033759333,0.00101441974740868,-0.00214113373823357,9.42870445469349e-06,-1.47971765682577e-05,0.000104200952980606,-7.20726918344559e-06,8.72287459901138e-06,-0.000286617962415013,3.05507078912008e-07,-3.83890130038361e-10,-1.21394934014393e-06,2.90552052763536e-07,-3.35196026852343e-06,2.65018872484241e-07,-1.92260605734221e-05,6.57630789563888e-06,-8.04103605317861e-06,-7.52889739011013e-06,1.21038559133088e-06,-4.10479076573399e-05,2.21017148297275e-05,-1.85683792305083e-06,0.00284095880237816,-1.60563388877803e-07,5.95971816025064e-06,-1.6459683897241e-05,6.51349020904491e-06,-7.69201739615034e-06,1.16404921047207e-05,-5.23139064293212e-07,-3.82355433153771e-05,1.58837080078076e-05,1.51058800855431e-08,-8.41657826260294e-05,1.53161657763748e-06,-5.33338957930705e-06,-6.15525813477405e-06,1.75346228199722e-06,2.6104115776086e-05,-3.10597920671344e-06,-1.93014509710646e-05,1.14564294445107e-06,0.000243447460775408,-1.48037094297372e-05,-2.6524588816618e-07,-8.6841787968765e-08,2.26561461742628e-05,-5.5657902095002e-07,1.34348789000094e-07,1.20389989543695e-06,-0.000120195357587882,-4.08512953104655e-08,-1.31366833624352e-05,-2.96906903238086e-06,7.06210236797316e-06,-1.05206478180276e-05,-2.59721778828862e-06,-5.19786785410432e-07,4.13782386067591e-07,-6.98204078987218e-07,1.34880128291584e-07,-5.46662344416475e-08,9.46690805214884e-07,-2.48411734053024e-06,2.03398099484839e-05,-3.32864074402192e-07,7.19186298230264e-08,3.04938773685225e-07,5.45867193983031e-07,-8.8329084981045e-07,3.18120943890871e-08,6.92053640451217e-10,-9.99377309074754e-08,1.97075810976729e-07,-3.57224412883135e-07,5.1261266519913e-07,-1.55266729941374e-06,6.44223053584668e-06,-2.11332588334382e-06,2.37044299756029e-06,6.55247613392373e-06,-2.18209376333195e-06,2.42766343863471e-05,-2.49506925740146e-06,8.89779135885277e-07,-2.27855056114104e-06,-7.53405853075936e-05,2.43196910714344e-06,-8.50130735589753e-06,1.72096883983957e-05,2.15040797482399e-06,-8.48687831302484e-07,-3.97091140356481e-06,2.77096544645951e-08,2.13412529891524e-05,-8.03279864439369e-06,2.32320813252449e-05,1.53476576569005e-06,6.04406811775002e-05,-1.21406620214115e-05,-7.83062573054758e-07,-2.4707905874798e-06,1.67674980080802e-07,9.03256738834379e-06,-1.6037649702149e-06,-1.09007836722484e-07,2.93696448666465e-07,4.59649262674249e-05,1.41815116146877e-06,3.10360393451954e-05,-1.19020698075688e-05,4.42147727355845e-06,4.01629124422734e-07,-6.21082927410105e-06,0.00149821140606885,6.32895184838777e-06,2.2510136497422e-06,0.00282786187171019,-3.80844070815167e-05,0.000174598522075123,0.227781099176765,0.000254722862917944,0.242798084248504,0.000124524276234554,2.14708736867448e-06,0.000107088878735905,0.000161639861788039,-0.0343281876186715,0.000694844470520381,1.73105143603129e-05,6.71745887497264e-06,0.00387363460746531,2.82782665030756e-06,0.000631080952642789,-0.000101271004943217,-0.000115298354323139,-0.004419605846487,0.00359199088751862,0.178972383506794,0.000457501315511345,1.1227447629616e-05,1.66683521295669e-05,2.05921562849876e-05,0.000222264358088369,-2.18570020974234e-05,-9.60833121033895e-05,0.000683124283296146,1.23747731722846e-06,-1.62155453082746e-06,-5.77834712896769e-06,-1.0193108547215e-07,-7.54090860655562e-07,7.7094748205283e-07,1.32772287651936e-06,5.84177169242968e-06,-6.38679502687318e-07,-1.58213655435806e-07,-1.53795124345027e-07,-2.01631315886661e-05,2.56913056770311e-09,2.49232423176168e-06,3.41975419112005e-07,1.10068406398526e-05,-1.54428914677626e-07,-4.64954302778253e-06,4.11571388796916e-07,-1.29066660292503e-08,-5.20593385792328e-06,0.000295439928654671,-1.98123054986656e-05,-2.69544225475269e-07,-1.71903167108666e-07,-2.40899990922383e-07,4.61100202869336e-07,4.14754272629729e-08,-8.79590582761523e-08,-4.7029319088862e-07,-2.61853572262293e-06,2.27670291905947e-05,8.90838209283766e-07,2.92261023807692e-06,-7.73041320059334e-07,-3.98045183101105e-07,-4.20659375010942e-06,-3.00237276900025e-07,-4.78597175052294e-07,-3.8696895388154e-07,8.30005892145559e-06,5.32267847143512e-05,1.31390332395227e-07,2.20345898394924e-07,-1.17865473032235e-08,-1.94215324002254e-07,-1.01260085621788e-06,1.53505138979152e-16,-1.53108625731303e-07,1.15194023761156e-05,-3.28330725769428e-07,-5.95706136907706e-06,-9.60586258993353e-07,1.14861983486178e-06,-1.88082303200015e-07,6.83974274340704e-06,-1.56073931756353e-08,1.03225370512894e-09,-4.96428005678234e-05,2.39457608606432e-06,-7.53365457881098e-08,1.0318841559447e-05,-4.81961022747535e-07,1.86696018598725e-07,-1.23374487882106e-08,9.52930381222954e-07,-9.40219862813454e-07,9.33515427533404e-06,3.27154653709381e-07,-6.96227917625149e-08,2.04039829692483e-06,-4.81416840517367e-07,7.66922095515928e-05,-0.00464074028413783,-9.91266180063445e-08,2.69491155352856e-08,2.67357346938284e-08,1.22309656639232e-06,-4.51566402449243e-06,2.18567520542811e-08,9.17839588432789e-09,-2.49516216979661e-08,0.000112987933874903,-3.14216404118802e-06,8.34368640401847e-07,-0.000259252811322043,5.87077815172916e-06,-7.79685520471322e-07,1.85330069120685e-06,-0.0146264635430662,-2.58568127356941e-08,5.68671130700919e-16,-3.63054376461725e-07,-1.28433881435369e-08,-2.0523799582163e-10,-1.9197219447845e-06,2.19248771894954e-08,-1.37063452133054e-08,-3.2162452046435e-07,3.72934296527855e-08,-2.97256161659335e-07,7.7871825464036e-07,2.85511258293513e-08,-2.54206330186562e-08,3.28393436909696e-07,-3.97593075785718e-07,1.41133304879339e-05,-1.86842092519506e-07,2.13601290308897e-06,1.06889469802129e-08,1.71888876513209e-06,4.29449690666989e-07,-3.42632064480057e-06,1.28641909458527e-07,-3.04636620027057e-07,4.04559794064116e-07,-1.46203521292868e-06,8.94590636564096e-08,8.08180876868337e-08,6.23206351528986e-07,-5.82267145066172e-05,-8.00839649089447e-08,3.70576563745388e-05,-4.1496053557791e-07,1.02092991086993e-08,9.41233797702086e-08,-1.7888429098511e-07,1.22917361149043e-16,4.65773419750195e-10,3.10995870774597e-06,-2.56545673310259e-07,2.52131112765707e-07,0.00165815805377611,2.72633462238959e-08,6.87538920256184e-08,-1.00903884052092e-06,3.6485314420333e-07,-2.25457444200536e-16,-2.52421327230758e-07,-3.03052126298559e-09,-8.18432372747324e-09,4.32752612105478e-07,5.53709054499874e-08,-3.49742487513472e-09,-1.19750598103108e-07,2.91663845466442e-08,-4.0105465193998e-05,8.33113656524658e-08,-9.38891466257892e-09,-8.17576037310416e-09,-1.1883184625273e-10,4.84630458342436e-10,1.05983071125449e-08,-1.31989847166254e-07,2.97579890478628e-08,7.13830834126831e-16,2.44869725044782e-06,-2.38595558634901e-07,-2.69939095593568e-06,-1.10637493291682e-07,5.71304777221212e-07,7.47320819696666e-06,-0.038505274349709,-0.000842470613926523,-7.92293095215218e-07,4.03767154441006e-16,-8.10123033442925e-07,-3.10814236406811e-06,-6.04317661084566e-07,2.88425661897279e-16,8.71770750796164e-07,8.33865958674533e-06,-1.24047734369837e-06,-6.28329629249782e-07,-1.94377565843833e-07,-9.88076981082901e-08,-3.40315579558763e-06,8.58737871928913e-08,9.02710526906056e-07,3.97098535774542e-07,1.58907982219452e-07,1.59559635619616e-06,-1.52178561250913e-16,-5.44193902334644e-07,2.49585303923665e-07,1.53822274909453e-06,-1.44762945762687e-07,1.56883749181417e-16,-1.23138375427366e-07,1.3939702163875e-07,-4.56608427340637e-08,-3.95620356044357e-08,-9.70639709155705e-08,6.77169291027853e-07,-1.17368874942789e-06,1.27141451314887e-07,1.07451746189635e-16,3.5652093547165e-07,-4.66761603666697e-07,3.40589566975738e-05,3.50427158410669e-07,-3.5396642884784e-08,-2.31862487412304e-10,1.37797153541783e-15,5.29025498401876e-17,-1.86961503056532e-10,-1.35475957994672e-07,1.73395022988593e-08,-1.95398978201082e-08,4.38777156159066e-16,-3.05065067414596e-09,-5.8990814826834e-13,-1.16458857693771e-16,1.67411929113367e-16,8.34808023965124e-16,-2.65309114517568e-08,-8.94966697220175e-08,1.89365188052408e-07,-1.4501110379439e-07,-7.43328115516239e-08,-1.9374378480495e-07,9.56823853509451e-07,-1.44691584953467e-16,3.15596999512812e-07,-6.35587297560031e-07,3.76392532813823e-16,4.34194194510242e-15,1.05401242074989e-06,5.79026471383205e-11,5.24162066020819e-07,-4.60796481288279e-07,-7.39554578605079e-07,4.1447539078714e-08,5.96478721856736e-15,1.47638035303135e-07,-2.0830878880813e-15,5.99744060407915e-07,-5.44353459965686e-15,1.2557801110056e-06,-3.92069148695864e-15,-1.19877091539438e-06,-1.73255183274391e-06,-2.2789428059051e-07,-4.11431427916382e-06,-0.00539511927739933,3.61162556825908e-06,-0.605925606991528,5.4173252120793e-07,2.61339021823713e-06,1.87709469209009e-07,2.12048762977982e-06,-7.04202421100371e-06,-9.05396247466865e-07,-6.51925514759709e-08,-1.47846824280776e-06,9.83071371044056e-16,1.91350081657183e-05,-2.94627366041516e-06,1.43191656215158e-07,1.42109017955727e-15,1.79322908722579e-08,4.50964396442635e-07,1.56699632677241e-06,-7.19757467429165e-16,-4.13997942767448e-06,-1.88483462584697e-07,1.08928557229874e-15,-2.43026175649298e-07,3.31191198967853e-06,7.68237723009082e-16,-1.18164253214334e-15,-1.85322990899005e-07,-8.97320686035709e-08,-5.02949945394357e-10,-6.8498011761026e-07,1.74830649562562e-07,5.6584279293236e-07,4.91499240359198e-08,5.73210012001644e-07,-9.38326608845208e-07,6.96076822857045e-15,3.73589676596031e-07,1.31240707629335e-09,3.59529005130652e-09,3.33554938823173e-07,-4.05759926122114e-16,-6.2197526244254e-17,1.08455271865449e-07,-4.67332749279017e-16,-8.0849685743122e-16,6.41842623813166e-07,-7.50983347808445e-07,-2.50766912155704e-05,-8.38212963414882e-09,5.68998340812241e-05,-1.52862554618895e-07,1.96236999314055e-08,-1.14858378535433e-16,5.05837992705599e-08,2.34935061867915e-09,1.0760525658895e-08,-1.19313205133681e-06,0.000156565227074165,-5.45168808036338e-16,-5.49428440333571e-16,5.38419152476169e-16,-3.43351244990128e-08,-3.24736480808509e-06,-9.46987134601157e-08,-2.96277543032628e-16,-1.36367552053298e-07,-1.32867658543802e-15,-7.93799982345111e-17,1.90721290919478e-06,-4.1847902351067e-08,-1.73619500980216e-15,-1.01610573807725e-07,-5.75873557087491e-07,-7.89784036322721e-16,1.53378418455862e-07,5.16239057425626e-16,4.02363741050589e-08,2.83735171351957e-16,4.0081905829949e-08,3.46544014989081e-07,1.38549236477592e-07,1.17666164359945e-08,8.04540944556255e-08,-2.74920764669553e-07,1.07806012841277e-07,-7.4476461616851e-17,5.80048095812314e-06,-0.00315722485396611,5.91448766816816e-17,-2.80257901374779e-08,-9.34996709705972e-08,1.53664880507691e-07,-3.24321314002752e-16,7.09813392378966e-08,1.03377565609036e-06,4.19378914065689e-17,-2.32726902049251e-07,-5.13596005471071e-08,-2.92744390619648e-08,3.37450335225401e-16,-2.35938932273082e-16,4.62298766340795e-08,1.40005505716652e-08,1.13013186895748e-09,-1.19837960093412e-07,7.80847041689725e-09,-5.30119744821905e-17,-3.28158923300106e-16,2.83438012784661e-08,1.95230319652198e-10,-1.74058926900787e-16,6.77945234691631e-08,5.85296648897642e-17,6.82751800688961e-06,-1.26858572016448e-08,-7.40577006288051e-09,-4.89308472663751e-08,-9.98969649448478e-16,-5.78283214311187e-17,-1.10378238647479e-16,-1.78217943596613e-16,-4.25582791601049e-08,-9.30641919221395e-08,-2.65399065140889e-16,1.64465653195103e-16,2.30362517816028e-17,0.001422275666618,1.04488311437984e-09,-1.53051994616351e-07,1.47440874051349e-16,-4.15079947236347e-16,-4.40967885371413e-16,-3.59149840655069e-07,2.15396990782763e-06,1.17768659699954e-16,1.30985308277193e-08,-5.41214806126128e-07,1.52230343424824e-16,-3.35728674021589e-17,-3.33162755749616e-08,-3.40839831508509e-10,-1.63006498806258e-08,2.72815213267623e-16,1.79995167634281e-08,2.59355298366036e-08,2.74100679537563e-08,-2.44594621711374e-08,-8.66167294059595e-08,7.29709988408345e-09,-6.48279954902335e-17,-2.28778009340022e-15,-1.12751292422364e-16,1.32356133236426e-07,-4.10848310353545e-05,-6.31026505336709e-09,-4.74186665552821e-09,-8.90590583883896e-16,-1.35175096262285e-16,7.54149328034258e-16,5.46893064012692e-16,1.00299512518368e-15,2.36039993578745e-07,-1.16199568071205e-16,-1.51772343106702e-16,-3.39267978382558e-09,-1.20992340012917e-16,-3.03329011292593e-09,4.77048955893622e-18,-3.75279163081888e-09,8.38203827613443e-17,-4.36022726717403e-09,-5.40110993236345e-10,-3.35488689787342e-07,-3.0823786952827e-17,1.67170931696335e-08,-9.89417550991809e-18,2.26349362733992e-08,-4.0988192074082e-07,2.05378677037799e-10,3.70214401964522e-16,2.91075677870545e-08,1.08847755589219e-16,-6.81263411307212e-09,-3.83573193799566e-08,-2.91940007960474e-16,-1.0052111853668e-16,1.32050278019531e-16,5.3122317618765e-18,-1.23296019539673e-10,-1.5864903159905e-09,-3.49279210708749e-10,6.67210730950825e-17,1.56434421772549e-17,-3.77924233621323e-08,1.93182554477999e-07,1.36274668778187e-16,-5.89997505853494e-17,-1.33298397385115e-09,7.18858623000123e-16,-9.22444626956286e-09,-4.34013521566349e-16,8.09101963867113e-08,6.32887042508736e-17,1.00902808930876e-16,-1.88719167658657e-17,-8.54972367804114e-17,-5.69373692236761e-16,-2.53466428294594e-16,9.00984599518779e-09,-6.28473901014626e-08,2.59630531563186e-17,-5.60987202281348e-09,2.06559015951615e-08,2.34288646873767e-16,-1.8253108912316e-16,-2.2761193697566e-16,2.34239273695186e-16,1.73916727066999e-09,2.66776660210153e-10,-8.58795176142992e-17,-9.0536527313208e-16,-2.88434542908748e-09,-1.02212760129603e-08,-1.66304932756753e-09,1.907029577711e-16,-7.40839119538665e-19,1.04718524141945e-16,2.09897614444323e-16,3.53423439209612e-16,-1.65465808693201e-16,3.60986650375607e-09,-3.20258195503923e-09,-5.75072702872026e-10,-5.18015775681349e-17,-2.63137883829096e-17,1.21140109544153e-16,1.24232993182903e-17,3.18724942993646e-16,-9.55334330317617e-17,-5.1597096810766e-16,-1.39076728260914e-16,-3.11317902119352e-17,5.58012118463322e-17,-2.24763516384588e-16,-6.64863927869377e-17,-4.17652375122699e-16,-2.15906660101834e-16,-6.11268191408906e-10,-2.9654871932547e-17,6.4268010539255e-16,-1.65342205693911e-16,-4.02080479846814e-07,2.71849677287576e-11,-1.69829780061828e-16,4.24073136403564e-10,-1.15152409863852e-06,-4.64462494242509e-17,-1.17480166312724e-16,8.33989287616066e-09,2.04536654666056e-17,-2.79955179626896e-08,-4.5648703985426e-17,1.06654728613221e-16,-1.01304088737057e-16,2.94085208876261e-16,-2.02059793074828e-10,2.8333749489072e-08,5.33558348343682e-17,1.91949725694931e-16,-8.34321231836372e-17,-5.97625538968255e-16,-8.26047270654408e-16,1.44436768083386e-16,1.45591870788351e-16,-1.58732497246695e-16,-5.19072190502022e-09,1.02216878496258e-16,1.37953821238046e-16,-1.22494995344346e-17,2.72336082848056e-17,2.93923659394413e-16,-8.2611490296726e-17,1.68482299053159e-08,-2.3108895460133e-17,-3.42591427883948e-17,-1.28484247656314e-08,-6.18341049526512e-17,3.56511894685206e-16,7.07314809112589e-17,4.3366580405812e-16,-1.50657440736919e-07,8.18029068077243e-17,1.05612585089349e-08,9.95320701418473e-18,1.87400180491206e-17,-2.0312554948707e-16,-2.96696920835135e-15,1.39141213107383e-16,-5.15667394327388e-17,-4.14541790832867e-10,-1.49386509304812e-15,-1.79795492264612e-17,-1.71740646946043e-08,5.52194181058777e-08,9.93913857857573e-17,-4.07540494272213e-08,-6.06637736275794e-09,6.3950109838242e-17,1.11269389504853e-16,-7.4580576180346e-16,3.2288718607135e-17,-1.75468732856868e-16,1.28470748730168e-08,-1.44404737714114e-16,-8.89961212822369e-16,-2.76416683112162e-16,-5.44993456537468e-09,-8.85044000323296e-17,-5.85404845690268e-16,1.38191398618498e-16,-7.39194040458612e-17,2.67872391493639e-09,1.58015541370728e-16,-9.04998083148151e-09,-4.7219693270504e-17,5.13060901751567e-16,-2.80509492999214e-16,8.59700382452547e-18,6.55700551733062e-17,-6.71138062391131e-17,2.56612969518756e-17,1.1168376285275e-07,3.60350211194332e-16,1.34433677225552e-16,-1.35592119175676e-06,1.41792443596639e-16,2.2794034651243e-16,3.71268949313733e-17,-3.01982443881082e-18,-1.88228264841644e-16,4.55972481999475e-18,5.61719068798996e-08,1.32901427352728e-16,-6.80000629573492e-17,-0.00110939090318064,-9.95747388824236e-16,-2.9120156982058e-16,-1.42266133459353e-16,7.79512478993584e-17,2.99818442971242e-16,6.89370181382264e-17,2.29533325023812e-17,4.60285741178432e-16,1.73444875274836e-16,-2.89425639393102e-17,5.84297523017412e-18,3.89447324525157e-06,-2.47921871597336e-07,2.52476573904179e-16,-1.4254136818875e-16,4.39388507936092e-17,6.87377556515035e-17,-1.11564161090471e-15,-1.28045451563305e-17,2.37108704309905e-17,-2.16151925455103e-16,3.44715651985351e-09,-7.7971445313746e-17,-2.94557996380768e-18,3.09030545114153e-16,-1.11104859137051e-17,-4.81884946576516e-09,5.27881830654833e-16,5.83193208395953e-09,1.26123655566764e-17,3.5713606657472e-16,-1.99636574485557e-16,1.70572963697261e-17,4.60474985185738e-17,4.86176139535985e-16,-2.08403972184916e-16,-2.87586721560992e-17,5.46923672526709e-17,7.02661231562166e-17,4.44968535499335e-16,-1.40873272273369e-16,6.0659009906899e-17,7.14474334023738e-17,-3.76411398594211e-17,3.11752656801518e-17,-1.30550355016487e-16,7.37039384559172e-16,4.11539045202165e-17,-1.18572095341599e-16,-1.91652185705259e-17,-2.49820866253493e-17,-4.86278786940154e-16,-1.78951446167813e-16,-2.0239047271708e-15,-6.03150064660003e-10,6.65413719293987e-17,-1.0633629238048e-15,3.33473284685191e-17,-1.78769583114888e-16,-3.39842422969193e-16,2.95329899155498e-17,-5.62519985774694e-16,-5.16383048507588e-16,1.42693896663823e-16,1.8555050633771e-16,4.53960038699085e-15,1.91043039719803e-16,2.45392742003219e-16,-2.67344734187159e-16,-9.72164357937897e-17,-4.89269409726041e-16,-4.35224467854406e-16,1.07168574756553e-08,-1.21727679361567e-16,-1.0579624471469e-16,1.32119028921617e-15,1.76153384222136e-16,-6.57108947683305e-16,-6.2100414115582e-16,5.16108224539014e-16,-3.4919648649917e-17,3.49144271953463e-17,-3.43064392072108e-09,-3.54981809939791e-16,-6.90178580771175e-17,3.87566150017059e-16,-1.06275115184026e-16,-4.80211063830127e-16,-6.72260418004349e-16,-2.19372858941566e-16,-1.2833187862807e-15,4.54027051402304e-17,-1.67671973670526e-17,3.36650311491695e-16,9.95071243603378e-17,-2.51910883746297e-16,-3.12407471757012e-08,8.09312408849883e-16,-1.40951365241217e-15,-4.98060576447927e-16,3.97118918255424e-15,1.42528912716299e-07,5.63417972675937e-16,4.83361457884273e-16,6.43776619505086e-16,2.6941808437088e-16,7.16470934178107e-16,7.25013964242574e-16,-1.50114717122855e-15,-9.11207901659809e-16,-7.09989564745661e-16,-5.16005522293643e-16,-1.553108149897e-16,-1.34672422472897e-15,3.31806998895466e-16,4.25183281308946e-16,4.65681786007995e-16,-1.71986978343594e-15,2.14332227215597e-15
"t508",-0.0363408920480569,-0.00949227869502725,0.00119467938898802,-0.102928376998445,0.0200629552246624,-0.00412089118206475,0.0220171566438771,0.000351069981548143,0.00011892899213728,-0.000375762434924535,-0.000102212014035057,-0.0985078994598855,-0.065980303710625,0.00653892603467111,0.00125570576858258,-0.00168960119741842,-0.000190506770859484,0.00183865378986377,-8.71484366093068e-05,8.71155072897588e-05,-0.00200413367909805,0.000759745164493743,-0.00296696764633418,0.0752304066275281,0.0244118089820186,-0.000202910620655848,0.000194883452763239,-0.000154038852325251,0.00158806628722836,0.000593360949186206,-1.76773583127329e-06,2.65019231606276e-06,-0.000285349018287484,8.89667112595016e-06,-4.93003191734856e-07,2.86114774289492e-06,0.00030598946076434,-1.4381506590853e-06,-1.35180646863031e-05,-5.08858272534372e-06,-0.000533030981539898,0.000186682045362665,-0.284415670397579,-0.00216456323532252,0.00534539319293011,-4.42902102424122e-05,8.71883001757131e-05,-0.000689547236510459,6.92895574831601e-05,-0.000145156525560731,0.0269325695244961,3.2230273173793e-05,-3.12441052418279e-08,-3.48018695476452e-05,3.96887503885742e-06,-4.27494408144596e-05,1.74587271537218e-06,-0.000115371615140076,3.90756218640539e-05,-4.07013715422698e-05,-3.50727466534847e-05,5.4563725732597e-06,-0.00018076460643108,9.67984146955764e-05,-7.84390255772816e-06,0.011686941466719,-6.32700200341507e-07,2.31639446026601e-05,-6.36322445902826e-05,2.49741237788464e-05,-2.89566465259251e-05,4.41822718452708e-05,-1.99093953689827e-06,-0.000146485363463686,6.09096020678317e-05,5.81244639014211e-08,-0.00032431697314193,5.94703731445779e-06,-2.11473852393248e-05,-2.464913206626e-05,7.15535758779932e-06,0.00010699326750562,-1.31937680274761e-05,-8.29826461673368e-05,5.22290792469034e-06,0.00113015722682161,-7.00639289672669e-05,-1.25943044949363e-06,-4.12688402872179e-07,0.000107896625236558,-2.67128136601691e-06,6.99562952932778e-07,6.32092814045931e-06,-0.000669950650261402,-2.5723940578056e-07,-8.44656312570112e-05,-1.91093375238244e-05,4.80968060239154e-05,-7.32727357484625e-05,-1.98363296411238e-05,-4.32530314774814e-06,3.4714302402475e-06,-5.91234715097683e-06,2.10929254687396e-06,-9.1856967248866e-07,1.68992710034235e-05,-4.99586421859638e-05,0.000424220534169583,-7.43381258689129e-06,1.80123901250168e-06,7.95482216229383e-06,1.89986363859473e-05,-3.20382053386292e-05,2.86098818179815e-05,-1.45594237855138e-07,5.58734234419938e-06,-8.24303983112079e-06,8.73899551180246e-06,-8.86719558666366e-06,2.18675912812281e-05,-8.19005218144638e-05,1.99301447255991e-05,-1.90309960324358e-05,-5.23029483380668e-05,1.70473565124137e-05,-0.000164178255465529,1.6683497586333e-05,-5.31838156258756e-06,1.02931360035445e-05,0.000339374157365678,-1.07311056488857e-05,3.19301934318998e-05,-6.27359142143295e-05,-7.67367262564414e-06,2.78220980501353e-06,1.28692024284921e-05,-7.59963304292688e-08,-5.16309733184049e-05,1.65432525681335e-05,-4.76353610844811e-05,-3.06449676272164e-06,-0.000119073408671265,2.34102512233733e-05,1.49767537809568e-06,4.72508679096829e-06,-3.02658334737591e-07,-1.45787149296039e-05,2.31938126868462e-06,1.53479501523106e-07,-3.9009213788276e-07,-6.07714709266263e-05,-1.83430295000385e-06,-3.96315723291236e-05,1.49790504795001e-05,-4.88632450406506e-06,-4.34994807159996e-07,6.63217862785655e-06,-0.00121368263403738,-4.93714817038173e-06,-1.74995977905644e-06,-0.00219632662782605,2.97265199537807e-05,-0.000152135704742675,-0.204320528783111,-0.000447356331199266,0.184374249284506,-1.13350319474752e-05,-1.98416599266316e-07,-9.92970004252801e-06,-1.54475912451916e-05,0.00327650380889598,-6.6144519272078e-05,-1.51577964059571e-06,-5.64315867419978e-07,-0.000291043100082291,-2.05764123156648e-07,-4.51389364283813e-05,4.74643122636614e-06,2.32788803913885e-06,6.91249352574934e-05,-4.07114574668543e-05,0.000209166358244423,2.68880596305067e-06,1.16993765924215e-07,2.44033539648676e-07,5.825824940097e-07,7.01110599809176e-06,-1.24804590811462e-06,-5.55950286973699e-06,4.45507182821093e-05,1.01455648067997e-07,-1.48229478777266e-07,-5.40653973948593e-07,-9.74362967502382e-09,-7.24649391665876e-08,7.0654795610827e-08,1.18594034720833e-07,4.81969886271694e-07,-4.98315190089336e-08,-1.67707277608836e-09,-8.48619407673093e-10,1.0413547209198e-06,-3.46261010555548e-10,-1.42499075801084e-06,-1.96722969015776e-07,-7.15939601863617e-06,1.48192131602781e-07,5.97874116479904e-06,-1.47562887990146e-06,-1.37446299300264e-07,-1.83548717306674e-05,0.000897711515437451,-4.11556993532392e-05,-5.00447496111972e-07,-3.18389580281266e-07,-4.19252643420757e-07,7.26022892318472e-07,6.44803977212974e-08,-1.30728201486042e-07,-6.88639473419634e-07,-3.82318636135829e-06,3.31581295415625e-05,1.29907737226342e-06,4.27084560776426e-06,-1.14136886908043e-06,-5.89306284887851e-07,-6.23222451722527e-06,-4.53016333192136e-07,-7.31948454263345e-07,-6.01917041973443e-07,1.3018125443141e-05,8.42373753062879e-05,2.09775081919104e-07,3.52698079091296e-07,-1.93407386230131e-08,-3.24036349756359e-07,-1.72190547946271e-06,3.77123469577003e-17,-2.68048914440013e-07,2.02901666250107e-05,-6.04641425488349e-07,-1.13882185372058e-05,-1.89796177482636e-06,2.27413391939588e-06,-3.98310194116684e-07,1.46616113193065e-05,-3.36462101610102e-08,2.2882666196211e-09,-0.000112226364510189,5.62031057063711e-06,-1.79923158902448e-07,2.48249546861828e-05,-1.20870896948124e-06,5.77376789420711e-07,-4.18614148371891e-08,3.52937377977629e-06,-4.40904161461457e-06,4.46576236397462e-05,1.96630058600309e-06,-4.92573607220818e-07,1.96063754530247e-05,-5.24991457416201e-06,0.000976873705165473,-0.0776054376239966,-3.1813762034041e-06,9.68833046028306e-07,-5.23827151383533e-07,-2.30964022612263e-05,8.19317440782682e-05,-2.79131261722218e-07,-1.05328022379673e-07,2.14977817193518e-07,-0.00092927230479838,9.38736795148835e-06,-2.28848380736032e-06,0.000664843828953427,-1.28661733209826e-05,1.48861892439073e-06,-1.85498654167241e-06,0.000366786602971899,-3.27573732298941e-07,-1.68780406685333e-16,7.14882861902033e-07,2.40735577682657e-08,3.3912075474571e-10,2.56917187589029e-06,-2.53623813171615e-08,1.4867988831385e-08,3.38209320039238e-07,-2.67558753266414e-08,2.08114398090948e-07,-5.4160225873927e-07,-1.77444965893688e-08,1.12764576020756e-08,-1.36824817942697e-07,1.58430215146344e-07,-4.81950740972038e-06,2.93881026494449e-08,-1.96208682415547e-07,-9.42887167954853e-10,-1.49765384288221e-07,2.30102298522549e-08,-6.5818785139939e-07,2.68244627377893e-08,-7.07290953534669e-08,1.05328361507806e-07,-3.93144758686296e-07,3.03145335411491e-08,2.78058466584963e-08,2.20336344557798e-07,-2.09636531980027e-05,-3.05342412950296e-08,1.49977782862286e-05,-1.76936072995952e-07,4.44991114607927e-09,4.25413513629373e-08,-8.70304849944287e-08,1.5486866303291e-16,3.30612859174137e-10,2.26486955857553e-06,-1.33455184201636e-07,9.97488087289263e-08,3.63110189782431e-05,2.53977200295269e-08,5.97581166596266e-08,-8.86532141465046e-07,3.38159745509254e-07,-5.89519963925261e-17,-2.73558228438255e-07,-3.35613555168309e-09,-9.5113663644625e-09,5.05912963251642e-07,7.39716793023392e-08,-5.08317386795123e-09,-1.99691900202353e-07,5.43850033037554e-08,-0.000103074157468958,3.52411697373797e-07,-7.40163867282135e-08,-1.36349994526279e-07,-7.29762035657866e-09,-7.37782427174455e-09,-1.4117284768499e-07,9.6279529372798e-07,-1.58993226474832e-07,-3.06046611409841e-15,-5.44284993199969e-06,2.06444717267094e-05,0.447467292054728,4.21241994292452e-08,-2.10038227534481e-07,-6.55338014770065e-07,0.000685157441312254,4.03202224230732e-06,-3.35238401245295e-08,-8.28779605408163e-16,-7.47549988429538e-08,-3.41773706642374e-07,-1.04071053505192e-07,-7.94954709664367e-16,2.03851174855225e-07,2.06498275119743e-06,-3.15946049527582e-07,-1.69069323370584e-07,-5.687870566507e-08,-3.06176438249114e-08,-1.09967026481974e-06,3.10290243563989e-08,3.30180596001071e-07,1.55309511894998e-07,6.90311878478013e-08,6.96609346877988e-07,-3.02575308050983e-16,-2.81857153617749e-07,1.32724844736836e-07,8.6464880376258e-07,-8.79992632995856e-08,-1.7419523933143e-17,-8.71001635799265e-08,1.14919148203629e-07,-4.01996318863736e-08,-3.59005807765918e-08,-9.13193121984447e-08,6.8111708517601e-07,-1.31697091505364e-06,1.90908936882918e-07,1.91644747151239e-16,7.33805753807714e-07,-9.91900925699588e-07,7.76187607582629e-05,8.87329718424818e-07,-9.03984055984153e-08,-6.114568010924e-10,-4.54555853370894e-16,-1.26099228837169e-16,-6.06899963879301e-10,-5.5062391590011e-07,7.27650104832959e-08,-1.07194141603746e-07,1.65876913733174e-16,-5.29878679788855e-08,-6.37943108312687e-10,3.30788086197335e-16,-7.24135914404261e-17,3.47945071783711e-16,1.44659473191193e-07,4.30676396942449e-07,-6.44387907550006e-07,3.92738750331516e-07,1.96537432615029e-07,4.19780429387889e-07,-2.03004107882418e-06,-6.21932859118365e-17,-4.85559714997841e-07,8.87749972540285e-07,1.02344850953103e-16,-1.14348722562864e-16,-1.0664440243291e-06,-5.48223057028142e-11,-4.57073387589797e-07,3.82018947329531e-07,5.63648729826391e-07,-3.12229768609395e-08,-2.20894629446526e-16,-1.09577107050856e-07,1.95810033484835e-16,-4.30145019461452e-07,-2.23661379249585e-15,-8.87984145075559e-07,1.79429078142721e-15,8.50766763682295e-07,1.23579538245615e-06,2.86924346559268e-07,1.25044664437502e-05,0.154416285838283,1.08337011423543e-06,-0.00131267642199646,-7.46089970996916e-08,-3.60943039590228e-07,-2.77756953612156e-08,-3.25981965045156e-07,1.04790082751706e-06,1.2619723185558e-07,8.49284008818796e-09,1.85492505494994e-07,1.09753762042987e-16,-2.10084096936413e-06,2.77545606719012e-07,-7.24847583100072e-09,-2.30671141934132e-17,-6.9089463885945e-10,-9.4042725845361e-09,-2.11964509523554e-08,-2.02360773751375e-16,4.060012913162e-08,-8.69780909838531e-10,-2.18658225552663e-16,-2.79951601399048e-09,1.67205470190964e-07,7.51375496934892e-17,-5.14862227894021e-16,-1.1976896019023e-08,-5.91051779137392e-09,-3.60233099212694e-11,-5.36071834369579e-08,1.62257161194222e-08,5.32098002631892e-08,4.7069046091454e-09,6.53752084353628e-08,-1.2035781305013e-07,2.73232553583509e-15,4.98708249843408e-08,1.76361600697483e-10,4.94292496195186e-10,4.70909414016774e-08,1.66014797819464e-16,-2.27905066229842e-17,1.58537245847395e-08,-2.17299436653593e-16,-8.25574116403433e-17,1.12996740408155e-07,-1.3590146085828e-07,-4.54056488240966e-06,-1.60582836983457e-09,1.09804019694714e-05,-2.95447510493881e-08,3.83055771724486e-09,2.22931962839828e-17,1.08793769556381e-08,5.14954634093951e-10,2.37311839509934e-09,-2.7107151475782e-07,3.7430845902611e-05,-3.58852595192295e-17,-3.9257690361989e-17,1.70669482062045e-16,-8.77758680485304e-09,-8.52851115572346e-07,-2.49205207172655e-08,-3.33416494872073e-16,-3.67911413074088e-08,-1.08826094393085e-17,-2.46995235023792e-16,5.68253308664586e-07,-1.24829134862356e-08,-1.40375343838424e-15,-3.09856239428121e-08,-1.77813516352326e-07,-1.65028774199091e-15,4.85417899366158e-08,-2.42600423022141e-16,1.30978452841367e-08,-2.57220825667413e-16,1.30794467158586e-08,1.13296374162749e-07,4.53920025494028e-08,3.866303698103e-09,2.660770521239e-08,-9.30350909662403e-08,3.74265810696662e-08,-3.68546462316041e-17,1.73699230085452e-06,-3.5213226714888e-05,1.83095058520997e-16,-1.27835051050533e-08,-3.77376611910517e-08,6.10734990517148e-08,-7.38076503055157e-16,2.84396738184672e-08,4.15963055080386e-07,-1.47293095804679e-16,-9.42158569708953e-08,-2.08575944789762e-08,-1.20343532861097e-08,7.94641809417466e-17,-1.8281379690259e-17,1.95907252108137e-08,6.01179994558818e-09,4.8659367599746e-10,-5.46507914195749e-08,3.59402388629338e-09,1.39653965016081e-16,4.21884510159048e-18,1.31288561697445e-08,9.05032664377874e-11,-2.98293147180187e-16,3.17626347992466e-08,3.82550842642852e-17,3.23127670350929e-06,-6.08546818615421e-09,-3.55590956461857e-09,-2.35798870254547e-08,-5.61819333502322e-16,4.11593369168078e-17,-1.21865271054844e-16,2.00826337509842e-17,-2.09340304711175e-08,-4.56319966843522e-08,3.98957091924587e-16,-1.89320945475087e-16,1.79056624521532e-18,2.27114474071928e-05,5.75386164728933e-10,-8.10325217983034e-08,9.8868616723998e-17,-8.08443414828234e-17,-4.84858866359988e-18,-1.96332254358794e-07,1.17919989659171e-06,1.34222286510893e-16,7.29349652900098e-09,-3.03488530604914e-07,-2.684588826534e-16,-1.11119604809482e-16,-1.90024262366809e-08,-1.94672098381729e-10,-9.40608320017544e-09,1.54941495905873e-16,1.0570051052484e-08,1.53818034660034e-08,1.64872313887248e-08,-1.50099037639087e-08,-5.34503054205427e-08,4.55155351055311e-09,3.81981611927847e-19,-5.99844364071581e-16,7.41120279731917e-18,1.26542714009651e-07,-0.000628028375268933,-3.94192893388792e-09,-3.23797344379227e-09,-1.16076825508734e-16,-2.01319025382869e-16,2.13902948632376e-16,5.72393467802585e-17,8.82052569391738e-16,1.69382739440306e-07,-3.80760003749965e-16,-4.4602753867515e-17,-2.48246167529221e-09,3.49315545051319e-16,-2.22182175720688e-09,5.11743425413158e-17,-2.75370791955491e-09,5.02955418616107e-17,-3.3133158253103e-09,-4.13966732610999e-10,-2.60589521969123e-07,-1.29431064755856e-16,1.32053586107733e-08,-9.91240143054752e-17,1.85844704947143e-08,-3.55420917572038e-07,1.78535864517407e-10,-2.01242706350061e-16,2.59132851604809e-08,-6.80330262709442e-17,-6.31225540591213e-09,-3.56125195190946e-08,-3.13915994535347e-16,-3.50538139511837e-16,-1.39754825657489e-16,1.59594200906564e-16,-1.18606103120656e-10,-1.54113108210511e-09,-3.43244259876972e-10,-4.86072801614352e-16,-2.90252848461577e-16,-3.93994509471385e-08,2.01957545438406e-07,-2.4730478280368e-16,-3.01477646856724e-16,-1.51596020180941e-09,1.80179548063098e-14,-1.06998329122468e-08,-1.20099363726097e-15,9.97921028282206e-08,-2.53589604095507e-16,7.5990957498194e-16,1.39421600417018e-16,-1.69689750626337e-16,1.27525474087555e-15,1.01880321110622e-15,1.28964760093088e-08,-9.0157832544677e-08,-3.93406347161074e-16,-8.5647335504687e-09,3.2431912890488e-08,-2.0670704041457e-16,9.96650761158947e-16,-1.16570269780626e-16,4.37875173104399e-16,3.13216225388074e-09,4.98374801431108e-10,-7.42188657059671e-16,-5.66524097679702e-13,-5.62685224775226e-09,-2.00568565260694e-08,-3.32965750542022e-09,4.42185373921497e-15,-6.25773606503923e-15,-1.39700990496773e-15,-1.47875375458046e-15,-5.50779899853379e-15,2.52913774433692e-15,1.12879531216653e-08,-1.06262700184376e-08,-2.03356830374006e-09,-0.304754581022521,-1.3719041535899e-14,5.29331116664102e-15,-7.36563741309027e-15,-9.17557253610965e-15,-4.53296291138411e-16,3.25155690862978e-15,-7.80361459499798e-17,2.00510830993309e-15,1.48686248677668e-15,6.49349283063716e-16,-1.63256578674565e-15,9.99283594600869e-16,-2.33291315798942e-16,7.02323041330502e-09,-2.43257214681217e-15,-2.93781746128431e-17,2.43880299239902e-15,2.752263909365e-06,-1.69770962032714e-10,-1.37645172602464e-15,-2.51051917039232e-09,4.66182899673213e-06,6.75231895376095e-16,-1.85290088484977e-16,-2.37281410679241e-08,1.52951242043623e-17,5.69190187798915e-08,8.51060780163258e-17,-3.31471369288171e-16,-3.49911646887984e-16,-7.91198492168275e-17,2.70533648892551e-10,-3.69913465274888e-08,6.12106381584484e-16,-7.91301016838731e-17,-2.23944724737759e-16,-7.85332744415981e-16,-1.77114787820973e-15,-1.00149188510869e-17,1.61458803279935e-18,-7.92178237333846e-17,2.28380899856157e-09,3.87090631549492e-17,-8.47131072211686e-18,1.69094519830655e-16,2.31382467499376e-16,8.29420248483018e-16,-1.19280966968684e-15,-5.94297741499457e-09,-1.57007863762093e-16,4.82879289268653e-17,4.34799038641679e-09,-1.24113351794899e-16,-9.04699070731421e-17,-2.67429584013257e-16,-1.73185962820367e-16,3.01368923070986e-08,3.79416403154996e-16,-1.89951360865945e-09,1.79368881834853e-16,-2.26373191057605e-16,9.23416305697449e-16,2.43981607626753e-16,1.28190771165279e-16,-2.19605354258813e-16,5.88611312710283e-11,3.52559086608379e-15,3.92784232739665e-16,1.98495976664596e-09,-6.311631208378e-09,7.81410232050415e-17,3.79992083561737e-09,5.27244801174716e-10,5.03265008554764e-17,-1.27112261435095e-16,-2.58090021122626e-16,-1.3641313943161e-16,-1.85711755568554e-16,-7.90995617259767e-11,4.91651159748649e-16,-4.27428909707744e-16,3.46546106688674e-16,-6.22381914983277e-11,1.70033550969192e-16,8.89948280166143e-17,-1.0466637277612e-19,4.29867401696448e-16,8.85157925591543e-11,-8.1140437407908e-16,-3.5638610217867e-10,3.1150568367479e-16,4.26500769487158e-16,-1.91831192591351e-16,-1.94795516264916e-16,2.47094114731934e-17,-1.33386394284857e-17,4.88632234430654e-17,7.87575564170177e-09,4.82428212815097e-16,-1.18420384783806e-16,-1.05305482769957e-07,-1.20424368265099e-16,9.05348532755093e-17,-1.42539398378427e-16,5.4780550898139e-17,-4.81631815388182e-16,-1.14045241838074e-16,5.53131659434942e-09,-2.49293559242174e-16,4.87396933574178e-16,-4.36376599400684e-06,5.55304949213773e-16,-5.23043108771614e-16,-3.40597861199332e-16,-7.59718554484727e-17,2.23082029773417e-16,-8.06830843128995e-16,-3.49430635083447e-17,1.31997793239636e-16,3.06941721361832e-17,-5.47998657446143e-16,1.38471353609958e-16,5.40619874831439e-07,-3.52545130457942e-08,3.41891236659477e-17,2.71934876181566e-16,8.96024545934665e-19,-8.41517595097805e-17,-1.33738203787053e-15,-3.56436263152087e-17,-8.34877032538038e-17,7.17423275426433e-17,5.48524629660036e-10,1.4846741399899e-16,1.22388191175517e-16,-2.24564794152305e-16,5.30786473575988e-17,-8.31656510038829e-10,5.67345868370353e-16,1.08966139953028e-09,-1.19303319922498e-16,7.16020825651023e-17,-1.75518020546261e-16,-7.74099696739494e-17,7.07673080512434e-17,3.15792607915336e-16,-1.15217710120223e-16,-1.38040928692625e-16,-3.35730249070214e-17,-8.53168885954533e-17,2.04374631412385e-16,-1.80555071786339e-16,3.14288123382175e-16,4.55350014799702e-17,9.84732432963038e-17,-6.49077882164418e-16,4.42230351881768e-17,-2.14436336577073e-16,-2.49845958574893e-16,8.79205746462799e-17,-1.6319240262617e-15,-1.14103505203658e-16,2.46426942317604e-17,5.30409681858381e-17,-4.26007565361668e-16,-1.40187883055515e-10,-1.63221275657684e-16,8.77001998108107e-17,9.6339474689927e-17,-7.31555862171352e-16,9.37430027394617e-17,2.09677927529143e-17,-2.72982823028616e-16,1.46615163260604e-17,1.13312017789466e-16,-2.04511827104543e-16,2.94527939468064e-15,1.56073013011393e-16,-6.79268331690984e-18,-2.754762504808e-16,-8.54992164981324e-17,-1.9835569748381e-16,-1.22772003678104e-17,2.76858141272614e-09,-7.99858957208745e-17,8.27465130805396e-17,2.27960253225787e-16,2.28371293292432e-16,2.15807210965101e-16,2.457702857488e-18,-3.0774787727854e-16,-1.59131913549369e-16,-5.65922361624303e-17,-9.67212486087197e-10,2.59634847770629e-16,-3.29411631832201e-16,5.37896922944709e-17,9.39749493641465e-17,-6.42001621743211e-17,-9.70710288133071e-16,8.08352974853972e-16,-6.65331608903244e-16,-1.68143636881501e-16,5.11538560996214e-16,7.48154868364456e-17,4.44296539980742e-17,1.10646322732856e-16,-9.46784981926738e-09,-1.08478777271988e-16,-6.00647099867657e-17,1.3336473349602e-16,4.11027580388069e-15,4.44922659795835e-08,-3.36483652501425e-16,-8.89452633698843e-17,-3.4260637180366e-16,-3.23657476440462e-16,5.16001952485537e-16,4.93579835426046e-17,1.13819788984303e-15,2.69655337896743e-16,1.33194464796316e-16,3.2154065595141e-16,-1.77404966584189e-16,3.98598543755328e-15,1.58009390646039e-16,-6.71529252167222e-17,9.62941058421836e-17,-1.25063649502771e-15,9.00129956377229e-16
"t972",-0.0363464725821633,-0.00949534769963897,0.00119507811771241,-0.102974388914223,0.0200739300368512,-0.00412353441387857,0.0220315551813924,0.000351317755479812,0.000119028049130605,-0.000376141530612018,-0.000102342622057299,-0.0986627044866583,-0.0660869932791168,0.00654965780928701,0.00125785551171587,-0.00169266251506795,-0.000190860088683378,0.00184212485263182,-8.73167207958589e-05,8.72980705385825e-05,-0.00200867173084744,0.000761815593350851,-0.00297549850792986,0.0754479291159601,0.0244826667183334,-0.00020352716568447,0.000195482483761054,-0.000154516508051034,0.00159312033338897,0.000595583529169727,-1.77478685769661e-06,2.66123279537652e-06,-0.000286621425383521,8.93817441174448e-06,-4.95417286065137e-07,2.87624420391835e-06,0.00030762383848885,-1.44595060434953e-06,-1.35918645116111e-05,-5.11676371156854e-06,-0.000536065097698933,0.000187769596750695,-0.286096480929807,-0.00217737023934767,0.00537755360633368,-4.45730955867709e-05,8.77551253376229e-05,-0.000694067185067725,6.97542156319845e-05,-0.000146153782475457,0.0271235261073686,3.24621098212964e-05,-3.14693198740818e-08,-3.5057208415184e-05,3.99899946564572e-06,-4.30755594433617e-05,1.76040745386623e-06,-0.000116354233425876,3.94093229620843e-05,-4.10682091600393e-05,-3.54014726132362e-05,5.50848892431488e-06,-0.000182517419303588,9.77405782275741e-05,-7.92238145071308e-06,0.0118067313220229,-6.39528010608559e-07,2.34195727586505e-05,-6.43416602806395e-05,2.52576493729518e-05,-2.93166372286248e-05,4.47679359728784e-05,-2.01758341330652e-06,-0.000148484118980855,6.17427013105208e-05,5.89260631112257e-08,-0.000328804302806046,6.03064172614515e-06,-2.14553015642854e-05,-2.50130420034867e-05,7.26347964615699e-06,0.000108618055731139,-1.34013862404831e-05,-8.43022373544147e-05,5.30967791947641e-06,0.00114915241211602,-7.12552924847446e-05,-1.28088581538709e-06,-4.1972229613741e-07,0.00010973787657115,-2.71706662242526e-06,7.12047813595112e-07,6.4341453984647e-06,-0.000682242950312949,-2.62152512001519e-07,-8.60884312469386e-05,-1.94765775991093e-05,4.90349455473834e-05,-7.47097576398952e-05,-2.02333524670208e-05,-4.41329371265282e-06,3.5421516437604e-06,-6.03299028354196e-06,2.15545052057572e-06,-9.38772650454083e-07,1.72724118102199e-05,-5.10694156228133e-05,0.000433670782820945,-7.59997832135387e-06,1.84170870593218e-06,8.1338467531889e-06,1.94304314891166e-05,-3.27672106090514e-05,2.92775967662049e-05,-1.49010335921519e-07,5.71996247831163e-06,-8.43970305365918e-06,8.9504253022082e-06,-9.08458848594162e-06,2.24090314532599e-05,-8.39396901581072e-05,2.04358678912645e-05,-1.9519764093858e-05,-5.36468476216559e-05,1.74861349641602e-05,-0.000168455910453147,1.71186235963746e-05,-5.45853682737823e-06,1.05723778153417e-05,0.000348583951995919,-1.10229981392168e-05,3.28153044475202e-05,-6.44813494641258e-05,-7.88773454809092e-06,2.86066065516462e-06,1.32326177715555e-05,-7.81908089658414e-08,-5.31483264815504e-05,1.70409850085911e-05,-4.90694926041354e-05,-3.15712394503172e-06,-0.000122679759889517,2.41215651455073e-05,1.54323785293567e-06,4.86883636197898e-06,-3.11947105575928e-07,-1.50339229097539e-05,2.39305899984415e-06,1.5837567537945e-07,-4.02652631291746e-07,-6.27296773757053e-05,-1.89361687228547e-06,-4.09157429738855e-05,1.546555029076e-05,-5.04842987168725e-06,-4.49474325453113e-07,6.85346460050973e-06,-0.00125634655775962,-5.11284290877932e-06,-1.81235081825655e-06,-0.00227543918323367,3.07995209068143e-05,-0.000157698893670565,-0.211803681040271,-0.000463946321923716,0.191293560103748,-1.17749888879307e-05,-2.06126913742597e-07,-1.03156759753444e-05,-1.60507603283085e-05,0.0034051109729097,-6.87427352505105e-05,-1.57593617171868e-06,-5.86783687841133e-07,-0.000302710868731193,-2.14027018342608e-07,-4.69531507022359e-05,4.94023673388225e-06,2.42447877377538e-06,7.20009958393929e-05,-4.24097457686524e-05,0.000217958895809304,2.80216527381419e-06,1.2194035269852e-07,2.54379332316512e-07,6.07504347713694e-07,7.31169521615034e-06,-1.30257861736183e-06,-5.80257353538914e-06,4.6510794204597e-05,1.05996126334878e-07,-1.54956406886439e-07,-5.65307203020009e-07,-1.01910779032325e-08,-7.58101608884563e-08,7.39671619638278e-08,1.2417228937594e-07,5.04798791572125e-07,-5.22000434028225e-08,-1.75891402655928e-09,-8.90082741676559e-10,1.09279432512353e-06,-3.63547957812158e-10,-1.49793534019723e-06,-2.06794267315566e-07,-7.52675839531803e-06,1.55848975187152e-07,6.28913190950354e-06,-1.55320562988585e-06,-1.44783647744368e-07,-1.93466806135942e-05,0.00094640005065249,-4.34251445074956e-05,-5.28295292074521e-07,-3.3611084048902e-07,-4.42751950375876e-07,7.67437014946394e-07,6.81707923367954e-08,-1.38342786680072e-07,-7.29233680439905e-07,-4.04948342077944e-06,3.51538612672545e-05,1.37757481695184e-06,4.53002341300903e-06,-1.21153691842198e-06,-6.25629287541905e-07,-6.61660350119474e-06,-4.81348173203142e-07,-7.78108517184425e-07,-6.40227423275535e-07,1.38501329865588e-05,8.96441482090388e-05,2.23293213723589e-07,3.75451898081614e-07,-2.06014308804275e-08,-3.45293229476707e-07,-1.83564074546262e-06,-3.05365472775468e-18,-2.85927621071293e-07,2.16461333254983e-05,-6.45588955901305e-07,-1.21672771193521e-05,-2.02887295390026e-06,2.43106854954309e-06,-4.26214348761054e-07,1.56913287329852e-05,-3.60119835190292e-08,2.45004756145897e-09,-0.000120190130290263,6.02181777479165e-06,-1.92814640843468e-07,2.66058243596227e-05,-1.29599411631778e-06,6.20219150698893e-07,-4.49969615049816e-08,3.79579247859113e-06,-4.74743391133367e-06,4.80890855628321e-05,2.1191180261789e-06,-5.31097468790451e-07,2.1153476862582e-05,-5.66534861680591e-06,0.0010544037920434,-0.0837897784606595,-3.43642199042471e-06,1.04655568057743e-06,-5.66484052245375e-07,-2.49778537439223e-05,8.86085123030572e-05,-3.01969413852129e-07,-1.13958620245481e-07,2.3267612312987e-07,-0.00100584237649054,1.01824823140769e-05,-2.48289400023174e-06,0.000721455398012176,-1.39675805863092e-05,1.61659143842221e-06,-2.0159633762513e-06,0.000398702824048698,-3.56138623307445e-07,3.10880157613643e-16,7.77675677855634e-07,2.6190098791346e-08,3.69027616238208e-10,2.79738314145253e-06,-2.76289866441427e-08,1.62005245486362e-08,3.68563800033151e-07,-2.92000631691457e-08,2.27147084571061e-07,-5.91148246311677e-07,-1.93759334968106e-08,1.23276468636323e-08,-1.49609306386882e-07,1.73257234234976e-07,-5.27291469818774e-06,3.22056101268795e-08,-2.15159271429287e-07,-1.03399343155419e-09,-1.64238199049743e-07,2.52712605979906e-08,-7.2390711229394e-07,2.95075399403694e-08,-7.78208318337582e-08,1.15917917162028e-07,-4.32701788786759e-07,3.33813629693207e-08,3.06198021750408e-08,2.42647086997818e-07,-2.30871561351888e-05,-3.36304352168793e-08,1.65199080274557e-05,-1.9490307168888e-07,4.90184445828148e-09,4.68623726661632e-08,-9.58674931969663e-08,-1.19800620546299e-17,3.63326464186646e-10,2.48766883800054e-06,-1.46449620574788e-07,1.094580301031e-07,3.9844159521934e-05,2.78619116550249e-08,6.55227173986039e-08,-9.71408379170508e-07,3.69959168460288e-07,4.16567055060215e-16,-2.97818969511462e-07,-3.6509590354419e-09,-1.03283363825145e-08,5.49241965055659e-07,7.98627086750834e-08,-5.4668905663472e-09,-2.13328214378214e-07,5.77666250512475e-08,-0.000107648150583143,3.5917483424266e-07,-7.36841074178474e-08,-1.33355737509497e-07,-7.04303746365938e-09,-6.9118655646187e-09,-1.31744053663319e-07,8.72986406408883e-07,-1.40150851888255e-07,2.95580841074219e-15,-7.15291491183322e-07,-2.20403274844179e-05,-0.489168820384894,9.15513709146266e-08,-4.19443510145872e-07,-9.45924504591439e-07,0.000961244410563342,5.63085154148029e-06,-4.61157912443565e-08,1.04745853660314e-15,-1.01428385475751e-07,-4.61691886436103e-07,-1.38673780930616e-07,9.77292376802803e-16,2.68600986523612e-07,2.71483199318376e-06,-4.14916667322512e-07,-2.21549480757253e-07,-7.42858466647273e-08,-3.98966062746831e-08,-1.43054890757185e-06,4.01884755279502e-08,4.27444886620831e-07,2.00547996382097e-07,8.8798507697452e-08,8.95929186841098e-07,2.03655858250382e-16,-3.60517851208558e-07,1.6963886147681e-07,1.10350920689251e-06,-1.12106370936187e-07,9.02842284642792e-17,-1.10681019867603e-07,1.45860184646316e-07,-5.10183885931487e-08,-4.55639570040681e-08,-1.1591159087326e-07,8.6484286728403e-07,-1.67381079132462e-06,2.43617753232133e-07,-2.40258324282911e-16,9.41226507833349e-07,-1.27292203974947e-06,9.97179291831284e-05,1.14176271174291e-06,-1.16333676330242e-07,-7.87245723137347e-10,-1.76281525679594e-16,-1.424706816417e-16,-7.83540510079179e-10,-7.1270746579044e-07,9.42153416413583e-08,-1.39131958772017e-07,2.27359285539818e-16,-6.91709669485699e-08,-8.35056771642272e-10,-2.20203656231631e-16,-1.61318169584238e-16,-5.61063271478299e-17,1.91131994394611e-07,5.69761460049865e-07,-8.56405014157855e-07,5.241006934907e-07,2.62404015829465e-07,5.63062090128644e-07,-2.72444249217819e-06,-2.24969913578888e-17,-6.58361701258345e-07,1.20838631704021e-06,6.5816300658249e-16,5.68732239794559e-16,-1.47651020682148e-06,-7.62503039692879e-11,-6.39845394777863e-07,5.37224858577261e-07,8.00073524169287e-07,-4.43898351632081e-08,-1.81196880802057e-15,-1.5612977861266e-07,-5.03979603685999e-16,-6.16943643911943e-07,-2.23975577046174e-15,-1.28014143297566e-06,2.68305590707805e-15,1.2349229411486e-06,1.79638543336601e-06,4.25856133507849e-07,1.86510235490136e-05,0.230807960023648,1.63502837704321e-06,-0.00199900280178015,-1.16322551747096e-07,-5.62872700579193e-07,-4.36676464092835e-08,-5.20826116129404e-07,1.71602002136424e-06,2.11697669052613e-07,1.45590227350916e-08,3.21729302603632e-07,2.24157681337506e-16,-3.79879757567884e-06,5.27679606330366e-07,-1.76905499825729e-08,4.97912717976128e-17,-1.93513050433933e-09,-3.83045224647673e-08,-1.18111078487171e-07,8.34595179925088e-17,2.91906599603167e-07,9.72473450908958e-09,-2.15418386125046e-16,1.03307737041462e-08,3.02043213764247e-08,1.91978217849903e-16,4.52765317543291e-17,-5.19029198289811e-09,-2.66223007555596e-09,-1.88002163489431e-11,-3.17114052698965e-08,1.15211663642097e-08,3.82274711408435e-08,3.43543216414716e-09,5.42843752014395e-08,-1.07068726371075e-07,2.41959757946873e-15,4.5301601867719e-08,1.60743612260361e-10,4.55666396944115e-10,4.39692404520396e-08,2.98653000948415e-17,-7.75674689279134e-17,1.50431740764964e-08,-1.0927578503749e-15,-7.33268209454946e-16,1.15638242637677e-07,-1.40466472095277e-07,-4.69402993977068e-06,-1.69282043395871e-09,1.16035478092144e-05,-3.12375846767058e-08,4.06339642525252e-09,2.94489306223871e-17,1.19016750692933e-08,5.66590781959231e-10,2.61590112920774e-09,-3.01453079836654e-07,4.22450804932411e-05,-4.17828403402722e-16,3.85137956841601e-16,-1.91105542906647e-16,-1.0094669522017e-08,-9.88129389179693e-07,-2.88892596898331e-08,-4.01018947935759e-16,-4.29414816668056e-08,-6.68417443044588e-16,-1.34067795468853e-16,6.81317898920314e-07,-1.49712904765228e-08,-1.48437436046962e-15,-3.73859605751019e-08,-2.15275341550459e-07,-1.56228531971985e-15,5.91701744893667e-08,4.80885944857833e-17,1.60929639063755e-08,3.61867590825622e-16,1.60816302151122e-08,1.39377312635595e-07,5.58754179744378e-08,4.76327933235026e-09,3.28429953708232e-08,-1.1564720875505e-07,4.69703987530254e-08,-8.44511216037177e-17,2.2053823078209e-06,-4.4763417697144e-05,1.58020297703396e-16,-1.62769568105598e-08,-4.81925179951984e-08,7.82002275951954e-08,3.49834643919402e-17,3.67433939289461e-08,5.38366980179019e-07,-2.22822976092342e-16,-1.22227459956531e-07,-2.70902020544828e-08,-1.56977764136801e-08,1.36342413089233e-16,-1.08272065652023e-16,2.58157159534111e-08,7.9565732014434e-09,6.44578506691713e-10,-7.37952099314204e-08,4.86839937107236e-09,1.12186820438297e-16,3.54257236428552e-16,1.78231206501999e-08,1.22897491261424e-10,-1.07527369167245e-16,4.3292041997506e-08,2.10317969037735e-16,4.42013276186334e-06,-8.36615116357769e-09,-4.89032216197351e-09,-3.24742305272129e-08,-4.9318933598399e-16,1.80587736298444e-16,9.45893100928573e-17,-2.01311449870554e-16,-2.92030984921455e-08,-6.37251623620924e-08,1.34234556801821e-16,-2.78419869293273e-16,-1.75431965097476e-16,3.18404976829379e-05,8.08040388498668e-10,-1.14329246953686e-07,7.53414295810626e-17,-1.51093203365577e-15,-1.44985071654793e-15,-2.8155917331514e-07,1.69205791346393e-06,2.67305126458083e-16,1.05347625966305e-08,-4.3954383676623e-07,3.48309190827225e-16,1.47969008996617e-16,-2.76994087133686e-08,-2.83917509214504e-10,-1.37712810711428e-08,-3.2581164094761e-16,1.55773713897168e-08,2.27521705307869e-08,2.45145885036068e-08,-2.24806362208783e-08,-8.02122213563721e-08,6.8560780936784e-09,-1.6854819769781e-17,-1.5766267272393e-15,3.08739969650732e-16,1.94909316327184e-07,-0.000967673957530079,-6.09184309904151e-09,-5.08208833625061e-09,3.78549444376859e-15,-2.97596668033735e-16,7.05134174935701e-16,1.79295690073425e-16,1.13854722143348e-15,2.70455361170189e-07,3.58150654148638e-16,-9.16256798541721e-16,-3.99168374527058e-09,9.58951412659526e-16,-3.57394240177001e-09,-4.30428262476745e-16,-4.43235033767445e-09,4.03912958174944e-16,-5.40096472301532e-09,-6.76889219844959e-10,-4.28145756676506e-07,3.67575903909587e-16,2.1827141822303e-08,-2.37576631731874e-16,3.11399280232461e-08,-6.06817720216974e-07,3.05075340919766e-10,-1.15648788291397e-16,4.46336180688592e-08,-1.26582269321537e-16,-1.10151334480119e-08,-6.21859382249905e-08,9.07382049497141e-16,5.38832902578021e-16,5.06869059709253e-16,-1.90765408137155e-15,-2.09445403932535e-10,-2.729745378374e-09,-6.10145487069337e-10,7.30071945879712e-16,1.66452723832065e-15,-7.12821564189518e-08,3.65680012239843e-07,-9.98674648311835e-16,-8.53412747586744e-16,-2.81017019992244e-09,2.71315414277885e-14,-1.99387973307218e-08,1.34470514784484e-15,1.88895610116524e-07,4.19298857656208e-15,-8.31436874129377e-17,-3.43760078324084e-17,-2.45341535368436e-15,2.58365496837077e-15,-1.56767571366916e-15,2.52613720505049e-08,-1.76682602610836e-07,1.02863322227091e-15,-1.70005288858769e-08,6.47301200713969e-08,-6.76637268280583e-15,1.84956173477597e-15,-2.33285819901326e-14,-5.92967633623772e-15,6.40759050471162e-09,1.02569491250655e-09,3.68845497031973e-15,-0.69961249140941,-1.16665318090963e-08,-4.15975600553715e-08,-6.92664576691866e-09,3.78200614195388e-14,2.68838454691672e-14,6.44383178623019e-15,1.25801666902282e-15,6.49898264713418e-15,1.85348513144087e-15,2.47635385422279e-08,-2.34373543684682e-08,-4.50956804837757e-09,-1.38961136243875e-15,-1.23748467909892e-15,-1.3295510161937e-16,-3.98932699642985e-16,3.61647646579995e-15,8.64511553603136e-16,-1.66275004890043e-17,1.61810228390104e-17,-3.21914812872547e-16,2.33818158099358e-15,3.97141629057045e-16,-6.00812463988186e-16,1.33737512317052e-15,-1.35215514474785e-15,1.72784653554087e-08,1.13738034653085e-15,5.17042193320178e-16,-2.20342544953217e-15,6.87969408662688e-06,-4.2596416045591e-10,-1.57830487769009e-15,-6.3138165931239e-09,1.1968975670196e-05,1.06734146908572e-15,-6.65539982334648e-16,-6.25957962059912e-08,2.5118788192685e-16,1.5558771638762e-07,1.5059188923445e-16,5.70151157350774e-16,1.06746585320231e-15,4.38042109893383e-16,7.86805124874543e-10,-1.08069195303322e-07,-3.52663483084809e-16,-7.80584682073851e-17,1.65313171195263e-17,-8.0287065417559e-16,8.30033967866529e-16,9.36419495518305e-16,5.01770649873607e-16,2.41032391699449e-16,9.07905420655908e-09,-3.43796063346582e-16,-1.24998264970503e-15,7.61857312114713e-16,4.47958137839498e-17,-6.88517048156556e-16,-1.03916018473498e-15,-2.5989003892161e-08,-2.56320782761765e-16,4.76236526566636e-16,1.93840014402061e-08,-7.35122113258737e-17,-2.10127062079322e-16,1.20979875254736e-17,6.75617435251403e-16,1.78186013350647e-07,-6.03412866203114e-16,-1.19911843102769e-08,-5.49701418092085e-16,-2.85338779690343e-16,7.52545725487611e-16,-2.51285815046851e-15,-6.50140559716379e-17,8.21313520526672e-16,4.33925678260708e-10,-4.39862079692743e-15,-8.40149734208145e-16,1.6917919809841e-08,-5.42312569520862e-08,-1.79248572543017e-16,3.80248973255662e-08,5.57080691862579e-09,7.64307415262349e-16,2.32386803633176e-16,4.44083594672913e-16,5.89600920502784e-17,-8.30396799606858e-18,-9.39438691768748e-09,2.25632035934358e-16,-7.2298929290827e-16,-3.81185988482819e-16,3.76462294047087e-09,5.49474885177968e-16,1.769526188332e-15,-3.32754718327302e-16,-1.34107685227931e-16,-1.71726264867378e-09,5.18880546597275e-16,5.67014112104225e-09,6.10576616160104e-16,2.44127492714917e-16,-7.1129775987985e-16,5.86230121393971e-16,2.91500908541497e-16,4.28122355408209e-16,1.68450723068217e-16,-6.19935254895356e-08,-2.76531557537474e-16,-8.95449909745131e-17,7.30298755439671e-07,-2.58953685879008e-17,4.34256539462818e-16,8.18857113958986e-17,-6.51564214389563e-16,-1.09481820037184e-15,5.36566620757832e-17,-2.74256542127789e-08,3.17156937486087e-16,3.78202243741939e-17,1.90247621040916e-05,6.41590561560648e-16,-1.31151389158555e-15,-4.47222766317422e-16,7.03739943040149e-17,-1.18900946440939e-15,-6.42409268559618e-16,1.74307955781358e-16,-2.10132978602609e-16,9.99391215968624e-16,-1.61241774302919e-16,3.66257685856652e-16,-1.57245707317522e-06,9.81974184735741e-08,4.61366634377358e-16,-2.78403182157955e-16,1.58647440642576e-16,1.83276202477699e-16,-1.31742278204689e-15,6.07809412598388e-16,3.0913882932232e-16,-3.54138139832896e-16,-1.23424046373167e-09,-1.05779631388926e-17,-1.08546871563896e-16,-7.27060454364867e-17,-2.36256083780409e-17,1.58110193861661e-09,-6.8923446778438e-16,-1.7298627435195e-09,3.93497081727827e-17,-5.27229368384438e-16,6.1158094515843e-16,2.47219288602915e-16,-2.60998556729321e-16,2.15810062953932e-16,-4.36537090898656e-16,5.34470466005073e-16,4.44177877675204e-16,-7.14591195924847e-18,-1.04502891829218e-16,1.28550967589279e-16,-2.53051948772032e-16,-2.69859410496063e-16,2.21597134016949e-16,3.2115264564279e-17,1.11768830534024e-16,3.57209385708333e-16,-2.85407789832418e-16,-2.83691511637953e-18,8.39239924100307e-16,-1.27872872794224e-16,-3.59019614308538e-16,-1.37897523488712e-16,6.67627166024462e-16,1.19075319789001e-10,-3.638973952899e-16,3.40107701319001e-16,-7.52709343418439e-18,4.65752778029168e-16,3.60769223300151e-16,3.45203199089831e-17,3.29072494637853e-16,-3.58450304996902e-16,2.33232374731688e-17,-3.82601723391107e-16,1.27504591363912e-15,-2.36271540909669e-16,-4.17054785385425e-16,7.60893675516542e-18,1.47191968756767e-16,-3.7019193209301e-16,-6.96314952922936e-17,-1.52270546826059e-09,1.80114205458398e-16,-2.95768319889587e-17,1.71235226665467e-17,-6.69329444065532e-17,6.35494630040906e-16,-8.8952798027754e-17,1.32131954879026e-16,3.15811766173367e-16,6.86331147596455e-17,3.1716228481343e-10,-5.74280474801865e-16,-4.0327713928542e-16,6.77991872405713e-16,2.13284874760345e-17,6.7188513860033e-17,4.52669510450224e-16,-1.21664372491327e-15,-2.80151720137929e-16,4.73608813688511e-16,1.33317048527817e-17,3.13339964783257e-16,4.02216370918291e-16,-2.9950735911841e-16,1.52067941024274e-09,1.59373438977536e-16,-5.20348531155393e-16,1.02446619411971e-16,5.1188761450851e-15,-4.27999795841182e-09,-3.77558288215241e-16,3.78042664868328e-16,2.08452490056981e-16,5.01267129916265e-16,-2.86632915805482e-16,-5.40870107604641e-17,1.73324159044521e-15,2.12236000933244e-16,5.24266188411837e-16,-2.74640233716744e-17,-2.38635467809671e-16,-1.77188411306595e-16,8.2815475345933e-16,-1.36038927655743e-15,5.51442177851598e-16,-5.24919929849593e-16,1.04202541135851e-16
"t402",-0.0362900748219728,-0.00946423237299571,0.00119103477941108,-0.102506799231571,0.0199621879040624,-0.00409657338658968,0.0218846545826052,0.000348787347418632,0.000118013956377151,-0.00037224739117955,-0.000100993988335506,-0.0970550263448491,-0.0649780135236487,0.00643805379978085,0.00123546833961762,-0.00166071947358509,-0.000187170309792382,0.00180585193255334,-8.55566315760937e-05,8.53823817121811e-05,-0.0019608920176265,0.000739813345036628,-0.00288456468589253,0.0731285080727081,0.0237269452420328,-0.00019693321394132,0.000189071210079724,-0.000149401441077004,0.0015389072584545,0.000571462373925535,-1.69787201446501e-06,2.54034763061313e-06,-0.000272602205678036,8.47887042509919e-06,-4.68567109229032e-07,2.70694014263364e-06,0.000289268409688916,-1.35819166450074e-06,-1.27608703274487e-05,-4.7988895890148e-06,-0.000501723759203809,0.000175423547569169,-0.266979747729885,-0.00203168674853329,0.00501089845231473,-4.13208070787665e-05,8.1221445597694e-05,-0.000641902501949674,6.43729726148832e-05,-0.000134560638457514,0.0248922827881857,2.97466817639363e-05,-2.88305217748955e-08,-3.20564077007624e-05,3.64284810462003e-06,-3.92164477404047e-05,1.58550940962396e-06,-0.000104474851691632,3.53727758772436e-05,-3.65787010085788e-05,-3.13419586625458e-05,4.86197459004098e-06,-0.000160692926117112,8.59986180804139e-05,-6.93746903601998e-06,0.0102937985658138,-5.52056877708239e-07,2.01233310128609e-05,-5.51661610627598e-05,2.15702921571459e-05,-2.44928527492378e-05,3.67323510784083e-05,-1.65065658890485e-06,-0.000120744528291925,5.01693030605474e-05,4.77526048596929e-08,-0.000266171204013643,4.85591170815149e-06,-1.70620263452572e-05,-1.97881567520129e-05,5.69416116032711e-06,8.49792884509294e-05,-1.0327162070302e-05,-6.46573247530482e-05,3.98713530013033e-06,0.00085772314898323,-5.2854316003855e-05,-9.49139642553774e-07,-3.10932162383625e-07,8.12396417793176e-05,-2.00659223806373e-06,5.13459088640089e-07,4.62910405377836e-06,-0.000483154416233641,-1.80329104954283e-07,-5.89459547019325e-05,-1.33329936246011e-05,3.31671030085104e-05,-5.03032377588592e-05,-1.33830155205732e-05,-2.87506446854756e-06,2.30436314405274e-06,-3.91865419159197e-06,1.29471748091436e-06,-5.60202789776561e-07,1.02537269517001e-05,-3.00332141889327e-05,0.000254356149637996,-4.4363133429209e-06,1.0671995313839e-06,4.70186639105173e-06,1.10684295022347e-05,-1.8632328462147e-05,1.59730343203437e-05,-8.05375896952953e-08,3.02651071455826e-06,-4.42165443727064e-06,4.55828414565414e-06,-4.49434032923951e-06,1.083251394618e-05,-4.00255344427977e-05,9.26573533052016e-06,-8.54143002716488e-06,-2.34416095320421e-05,7.60010570369216e-06,-7.03597344666222e-05,7.1253816300808e-06,-2.18934522162046e-06,3.75243533501621e-06,0.000123533877903692,-3.86280854851519e-06,1.03872464041142e-05,-1.99646744545051e-05,-2.40221471957434e-06,8.10294052384693e-07,3.70817737365473e-06,-1.8131679082021e-08,-1.0076351208203e-05,2.15158202558232e-06,-6.10260525503703e-06,-3.56017072256123e-07,-1.30979116954715e-05,2.33940884451093e-06,1.4383782995974e-07,4.53553808379344e-07,-2.03920823268885e-08,-9.08910302891367e-08,-1.44535328168292e-07,-1.23595452973882e-08,4.77553448638856e-08,7.64878642174414e-06,2.6154486601513e-07,6.04810522799577e-06,-2.45926422663232e-06,1.36572565378782e-06,1.30333795064701e-07,-2.0837340198946e-06,0.000890067165101086,4.29586510714729e-06,1.56225374915082e-06,0.0022549742942111,-3.13976344755058e-05,0.000191601083640464,0.262861602742463,0.000683077673029541,-0.332941284630733,3.45618424910175e-05,6.17363490911591e-07,3.1057603783923e-05,5.23487394194682e-05,-0.0122426659378045,0.000250747302524006,7.09124444286448e-06,2.8354093573781e-06,0.00172573950941888,1.2743236129947e-06,0.000285992847296479,-4.97688517514691e-05,-5.96911884007046e-05,-0.00230331304649094,0.00188284877106313,0.0951540655439346,0.000244306506498824,6.01788754526542e-06,8.96130040698713e-06,1.11463563712579e-05,0.000120418201562909,-1.17807042014295e-05,-5.17580235557652e-05,0.000365272492960745,6.37986580230531e-07,-7.93359979303979e-07,-2.76001625654562e-06,-4.6647095983e-08,-3.32080122540537e-07,2.89176905530726e-07,4.7497139263098e-07,1.84881441278829e-06,-1.87310402848227e-07,-5.51768136315905e-09,-2.77691505725056e-09,3.25429966739057e-06,-1.03869649220178e-09,-3.92946458454806e-06,-5.42281559973882e-07,-1.95992841486206e-05,3.97487934333355e-07,1.58207574509061e-05,-3.77546020042659e-06,-3.38666138735136e-07,-4.39989318673141e-05,0.00213467639532633,-9.45937423161757e-05,-1.13041702922546e-06,-7.18862047301434e-07,-9.34487723334487e-07,1.56990055129317e-06,1.38665792371303e-07,-2.73489247353106e-07,-1.41556941351509e-06,-7.81333950924496e-06,6.62418886850937e-05,2.58196589121703e-06,8.44187860934836e-06,-2.22006975974413e-06,-1.1426778910054e-06,-1.20752337648203e-05,-8.63614192591286e-07,-1.38237706149257e-06,-1.12549698631389e-06,2.42351744979639e-05,0.000156120961857326,3.87190316447903e-07,6.50239831462303e-07,-3.52886986941732e-08,-5.87550933580466e-07,-3.10172982596234e-06,2.81713678398278e-17,-4.78463259358605e-07,3.61532438319243e-05,-1.06458007961986e-06,-1.98758353716163e-05,-3.28947944242941e-06,3.93982505942054e-06,-6.81570736716956e-07,2.50378812850938e-05,-5.7405338955481e-08,3.8871807419911e-09,-0.000190093707355142,9.47072439961993e-06,-3.02502741641144e-07,4.1699334168838e-05,-2.02020347326328e-06,9.46165082238401e-07,-6.81501498491853e-08,5.71526861086099e-06,-7.06059066106198e-06,7.14590260343093e-05,3.12306280133693e-06,-7.79181068967166e-07,3.08392333244142e-05,-8.24295076762959e-06,0.00153095560780218,-0.121313457539632,-4.95466907136801e-06,1.50822363434194e-06,-8.08015557236653e-07,-3.56193950750387e-05,0.000126326362415322,-4.29336215106189e-07,-1.61861609007635e-07,3.29431507902242e-07,-0.00142327104123599,1.41446621143351e-05,-3.44225406563655e-06,0.00099866739953918,-1.9266336165158e-05,2.22363519658978e-06,-2.75576182078792e-06,0.000544040906132116,-4.85276971467164e-07,3.8085380300022e-17,1.0545952203239e-06,3.54937839129974e-08,4.99104216770644e-10,3.76543501068134e-06,-3.70402013027734e-08,2.16776146675838e-08,4.92706272301266e-07,-3.85747559756358e-08,2.99846887385992e-07,-7.80190347281198e-07,-2.54849836108728e-08,1.60605272826714e-08,-1.94594577941389e-07,2.25098813275837e-07,-6.82533698690968e-06,4.11136307152988e-08,-2.73112002769182e-07,-1.31206401535163e-09,-2.08386141807222e-07,3.16242945801038e-08,-8.91913151494556e-07,3.62847009780278e-08,-9.54220066506392e-08,1.41647419625877e-07,-5.28189272060225e-07,4.03941122355318e-08,3.70282753482855e-08,2.93081383046189e-07,-2.78631378062625e-05,-4.04793870439678e-08,1.98259786816752e-05,-2.33277569055811e-07,5.86008284661961e-09,5.59121315645811e-08,-1.13900827380144e-07,1.35984986704673e-17,4.2120069706846e-10,2.8772620623976e-06,-1.68809317879973e-07,1.26157352149164e-07,4.59181085081178e-05,3.20829057996901e-08,7.5333575081283e-08,-1.114853049889e-06,4.23083321762763e-07,-2.66351299176514e-16,-3.38026587977705e-07,-4.14029795382065e-09,-1.16918484125753e-08,6.21623669834822e-07,9.0038186734821e-08,-6.15262802672843e-09,-2.39640849511842e-07,6.48443843957864e-08,-0.000120920543755466,4.05557153930605e-07,-8.38241985496626e-08,-1.52713886756914e-07,-8.10878990389876e-09,-8.06109041434055e-09,-1.53919929543914e-07,1.03379574751205e-06,-1.68283831140417e-07,4.15556385005027e-16,-3.52855564952642e-06,2.86541024423645e-07,0.000170866333114079,7.20668999314482e-08,-3.39541540071257e-07,-8.57086418343249e-07,0.000878060493258621,5.1495853986129e-06,-4.23199147338178e-08,1.07064020071464e-18,-9.33053384220216e-08,-4.24960870254788e-07,-1.27759700587113e-07,2.47224185933552e-17,2.47296155777072e-07,2.4986108314443e-06,-3.81790837974725e-07,-2.03762621712162e-07,-6.82562583788447e-08,-3.66277935441197e-08,-1.31240575660052e-06,3.67813530405793e-08,3.91085627064315e-07,1.83141926412188e-07,8.07920481095361e-08,8.14985012865104e-07,-9.016221477627e-18,-3.25197395141363e-07,1.52775332188874e-07,9.90206191691627e-07,-1.00013041533579e-07,3.3780435147799e-17,-9.74067027930034e-08,1.26219813527407e-07,-4.37928030459861e-08,-3.89595381178694e-08,-9.86422121753363e-08,7.29370246645375e-07,-1.39008536673301e-06,1.94012283442479e-07,8.40293740037883e-17,7.18564269619973e-07,-9.67967201044015e-07,7.51956556627849e-05,8.50743024133636e-07,-8.66007694280302e-08,-5.84012037099382e-10,-9.08079325406653e-17,8.23928489317932e-17,-5.6939429082099e-10,-5.08195153323739e-07,6.70170658632839e-08,-9.72030396429305e-08,1.41051135013522e-16,-4.63076134377559e-08,-5.47660260351213e-10,-2.12462778613576e-16,-3.64180793139073e-17,8.87799509462662e-17,1.16611951719628e-07,3.44089363323354e-07,-4.98286096143274e-07,2.94649974579539e-07,1.46905060494079e-07,3.02804387968044e-07,-1.45802767360052e-06,-1.96988129047398e-17,-3.20343024198317e-07,5.65704766313426e-07,-3.29841395367238e-16,-7.86245847058794e-16,-5.72995011770563e-07,-2.79535405284792e-11,-2.15181835448031e-07,1.69184297575197e-07,2.17067557767395e-07,-1.17150496046541e-08,-4.06272760136478e-16,-3.95993702123491e-08,-9.33607040144407e-17,-1.37505690178483e-07,7.41750894376405e-16,-2.54841028645596e-07,1.78971528595521e-16,2.06531536358565e-07,2.8846996232992e-07,2.74461920505661e-08,7.79684545256851e-07,0.0074070407607008,-1.96387578633376e-08,0.00010580960128705,1.84882902002863e-08,9.00357314321597e-08,8.56557785897243e-09,1.39339492413287e-07,-6.43606584357453e-07,-1.0125065932155e-07,-8.29096135756072e-09,-1.98850684108097e-07,-1.01778174063615e-16,2.99001840320824e-06,-5.18518232491014e-07,3.23993080231008e-08,2.63812780646251e-16,4.29440097889382e-09,1.16544154275765e-07,4.17117397287215e-07,-6.40118808384031e-17,-1.11823884886551e-06,-5.37531008022938e-08,-4.60558032876909e-17,-7.10493429192609e-08,1.10051098298048e-06,1.05787616773074e-16,2.21565552370312e-16,-6.42375585858094e-08,-3.12160294672801e-08,-1.7789154358712e-10,-2.4686145741712e-07,6.55678845901465e-08,2.12910354178858e-07,1.85791552224865e-08,2.27199951324527e-07,-3.85293297834171e-07,2.89381532504224e-15,1.55357763193523e-07,5.46935851016048e-10,1.50949143835567e-09,1.41279357341947e-07,-2.51357927160445e-17,-2.99561294940292e-17,4.64803476735966e-08,-3.21500444667825e-16,-4.75093748542556e-17,2.94318902372399e-07,-3.48078695834763e-07,-1.16255630925816e-05,-3.9747330085597e-09,2.70617875573362e-05,-7.27481384391388e-08,9.37714050116751e-09,-1.06618442024544e-16,2.51893676091762e-08,1.17973788254597e-09,5.41822007178107e-09,-6.08865353036563e-07,8.1799871483063e-05,9.01859098704894e-17,7.04763271203681e-17,4.83264615099529e-16,-1.85250960809561e-08,-1.77560157932379e-06,-5.18314842716127e-08,-4.12413623505919e-16,-7.55814457930559e-08,2.1442074558691e-16,-1.67936930739881e-16,1.11372391331887e-06,-2.44525343999025e-08,-1.30441054752873e-15,-6.00956554020733e-08,-3.42954177292574e-07,-4.84374649374065e-16,9.26159726850524e-08,-1.08620807023038e-16,2.4688708701592e-08,1.43949043169834e-17,2.46282903453649e-08,2.13162900488541e-07,8.53262426258339e-08,7.25866493786518e-09,4.98155350261917e-08,-1.72460418146878e-07,6.85054168942811e-08,6.36508951578022e-17,3.13559528739944e-06,-6.34801555989579e-05,-3.25334321758266e-17,-2.30044778368768e-08,-6.76988961588464e-08,1.09266883209977e-07,-4.8430161201519e-17,5.04588465624388e-08,7.36917543604897e-07,-2.8424535447291e-16,-1.66595036007265e-07,-3.68476833751743e-08,-2.11935149115371e-08,7.8850102702053e-17,-1.65362145702093e-16,3.42919958472113e-08,1.05025152569368e-08,8.49770508783411e-10,-9.51509903283227e-08,6.26019121953475e-09,3.49506129080347e-17,-1.25095218739162e-17,2.28792454597362e-08,1.57728468652959e-10,2.46277502755516e-17,5.54218696338295e-08,1.65215158662338e-16,5.64725251356703e-06,-1.06675040464069e-08,-6.23488949236113e-09,-4.13877314648802e-08,-8.21377333595353e-16,-2.89885436430043e-17,1.78540252983853e-17,-9.46259560979823e-17,-3.72469545297796e-08,-8.13134644086222e-08,-1.81699584531824e-16,2.87670783173395e-16,-7.12494440087417e-17,4.07158346786862e-05,1.03454263091469e-09,-1.47013704661607e-07,1.55789230779487e-16,-4.34271040386382e-17,4.26423484086193e-16,-3.72807858314203e-07,2.2438532283624e-06,-1.95437361755015e-16,1.42611394007667e-08,-6.01171455895031e-07,-2.37811692580253e-16,2.78409061452287e-16,-3.90360869053589e-08,-4.01240572349382e-10,-1.99089915160897e-08,-7.37448560178232e-17,2.36355203437334e-08,3.57105382051716e-08,4.08082084537491e-08,-4.1860520579671e-08,-1.55295483163613e-07,1.44870475580508e-08,1.92667816427023e-15,2.03274942534963e-14,3.09347893973995e-15,1.11539336802717e-05,-0.167370104761766,6.04181133954868e-08,4.60022062857506e-09,-3.3831366292867e-15,6.05112683948881e-16,7.57518540800477e-16,1.23476310686046e-16,3.09450051634643e-15,-3.92443539443143e-08,2.95795649919082e-17,-1.80740607940261e-16,7.22462012868573e-11,4.78631445868962e-16,4.47700476559967e-11,3.51932025188795e-16,1.49502750837533e-11,-2.14587620524673e-16,-7.02049731372049e-10,-1.0332388161335e-10,-7.8142059748751e-08,7.08207728803091e-17,4.64426063242229e-09,-4.70823100261709e-17,8.11091263437456e-09,-1.80066544397959e-07,9.08620766542123e-11,-6.80018096050979e-17,1.36796041875502e-08,-4.92609278249398e-16,-3.47280477141547e-09,-1.96241884424385e-08,5.38150505453219e-16,-2.03086644053809e-16,-6.39801350609159e-16,-6.93892979223747e-17,-6.68004813807383e-11,-8.71754512283255e-10,-1.95007322885297e-10,-1.17195212909923e-15,-7.0769529790992e-16,-2.26514899512296e-08,1.16134034608338e-07,1.46994114302587e-15,-2.17034677390055e-15,-8.71694575860113e-10,0.183526678074343,-6.11270922335666e-09,-8.26148649943078e-16,5.62806020371712e-08,4.10923661084242e-15,3.17168379892985e-15,7.36274896370288e-16,3.44008905125633e-15,-1.41751335497073e-15,8.81335969970983e-16,6.95162683062909e-09,-4.8560799164076e-08,-1.00402901070491e-15,-4.51173248860843e-09,1.69087011463631e-08,-1.08965269848459e-15,6.61226571121841e-16,-8.12478249903149e-16,-5.72151567716101e-16,1.54978715425714e-09,2.43126262981583e-10,-1.22294268603928e-16,-2.00482681009886e-14,-2.69940065692374e-09,-9.60028547473382e-09,-1.58143557838858e-09,-1.73358637002268e-16,1.99733945289722e-16,2.59108913503881e-16,-6.78852797280664e-16,-3.31381040628526e-16,-3.79702200471356e-16,4.56206435924732e-09,-4.21250285775195e-09,-7.90135595763991e-10,1.98116724495078e-15,-5.64832688128036e-17,7.3027514613824e-16,1.73948006898296e-16,1.12094612104073e-16,-2.01447434820951e-16,-1.2824879777608e-16,-7.15309329150668e-17,-2.53855186977621e-17,2.4952954739234e-16,9.59498045651271e-17,2.57190956585436e-16,-3.1265928824865e-16,-1.21836908248707e-17,1.54729015193714e-09,-2.93115999846526e-16,-1.19004175139889e-15,3.66675800344728e-16,5.28318309930542e-07,-3.14370371296573e-11,-6.06738421322947e-16,-4.5419728691599e-10,6.65907307411722e-07,-2.40814543903608e-16,5.49904907995346e-16,-2.16510187741179e-09,1.83116831123031e-16,1.19050422684755e-09,-6.39717207004311e-17,2.57732465458021e-17,2.50736356668986e-16,-5.66832233054011e-16,-2.95274595676145e-11,4.40067141910043e-09,-3.32227872203322e-17,-1.65710298059187e-16,-2.19174235178822e-16,-6.74871517171037e-16,-1.70199075517279e-15,7.0596716039529e-17,5.50543501786863e-17,5.49194825599438e-17,-2.09454380600596e-09,4.04568014113118e-17,1.22435687773911e-16,-1.2304365704477e-16,-1.32607309767555e-16,1.25366343598344e-18,-4.58494442793946e-16,7.25392294055621e-09,-3.7095103485196e-17,-1.57980946791805e-16,-5.58973326611814e-09,1.92403713268416e-17,3.27375141654851e-16,1.63823505978742e-16,1.37045631216043e-16,-7.22860224363623e-08,4.01695433842809e-17,5.13859239821512e-09,-1.18612513555053e-16,3.50448980459026e-16,1.33548927144866e-15,-1.08767558074417e-15,-1.85017827720098e-17,5.45325046756604e-17,-2.07021076417033e-10,1.00757712763717e-15,-4.55549650637768e-18,-8.73321943546854e-09,2.81042870306162e-08,-4.36148807650807e-17,-2.10425677774779e-08,-3.14580902284439e-09,-2.62384062360511e-16,-4.28854071057491e-17,-2.88849359204758e-16,6.54653050851908e-17,-9.39707149332692e-17,7.03894371439302e-09,3.51730365649656e-16,3.45105304540036e-16,2.14885607002387e-16,-3.02202511363116e-09,3.28544601718038e-17,3.60090181777694e-16,-6.17356880796332e-17,1.59197062138597e-17,1.50741667672311e-09,1.70171872997171e-16,-5.11475398050249e-09,-8.27514988355169e-17,6.51443088926159e-16,8.86316992751553e-17,-1.68612167926684e-16,3.95829529752815e-18,-1.56330216955028e-16,-9.62030272354951e-17,6.44564502415435e-08,3.2728547457219e-16,-1.13819806680746e-16,-7.86188385203725e-07,-2.96101934956645e-16,7.69083375229238e-18,3.59255813132268e-16,5.4580273765016e-17,-2.81534899785826e-16,2.59697175316284e-17,3.290758325137e-08,2.86641636142447e-16,-5.3888724059464e-16,-2.3957909152682e-05,-3.1282092768992e-16,1.39732254217954e-16,-5.0590431757759e-17,-3.29535738542295e-17,3.31879266531012e-16,7.28393158683143e-16,1.56891779467283e-17,2.51004943126586e-16,5.90426788229759e-17,-1.4504524573799e-16,9.77386059275811e-17,2.36636289265798e-06,-1.50981131130263e-07,1.54993269332484e-16,9.46097550934781e-17,-1.00544173961689e-17,-7.6558036610158e-17,-1.85436410141479e-15,1.26610367909348e-16,1.33153797015792e-16,-8.19701715891014e-17,2.12389657980721e-09,5.8750103451689e-17,1.30844968120903e-16,-6.30681469081095e-17,-1.86168077607084e-16,-2.99755651651622e-09,2.95318934215525e-16,3.66529115960258e-09,5.47505228288819e-18,3.85352049891847e-17,-1.9393183222219e-16,-4.85258055395755e-17,1.23242693199542e-16,6.17568409955241e-16,-8.24296986840787e-17,-2.22215518365945e-16,-1.26962517180317e-16,2.20191264806116e-17,-1.86967575652789e-16,4.72358046528657e-17,1.27109390422276e-16,3.5451921275855e-17,7.94529064992585e-17,-6.47314314452607e-17,6.74249616793666e-17,-1.95267540150345e-17,-8.63482709640788e-17,1.16796586001786e-16,-3.89951975065724e-16,7.86676410642649e-17,-7.50729665068336e-16,-1.36824903827521e-16,-1.28805671270489e-15,-3.92107660551706e-10,3.5566633657303e-16,1.80723652849006e-16,-2.4006966455964e-17,5.5548231859245e-16,1.30490583668419e-16,1.38170047598597e-16,-4.29480118132979e-16,9.15122672061376e-17,5.88850687306933e-17,3.33132779555215e-17,4.08489886993368e-15,1.88749431698743e-16,-2.67271506146492e-18,-5.64674116387279e-17,1.02348113894045e-16,-2.25867872956879e-16,-2.35406007465327e-16,7.10630196065918e-09,-2.18726592756515e-17,1.20565314344847e-17,7.3181361780056e-17,-7.60305910128121e-17,-5.21600174786257e-16,-1.07857620566164e-16,1.50490165647471e-16,1.01336777210575e-16,1.4680409139585e-16,-2.31708030352533e-09,-1.62947993171488e-15,-6.24323835205089e-17,2.77860299693818e-16,-1.79992178028339e-16,-5.64384543978353e-17,1.39586920456126e-16,2.46167883175559e-17,-1.35791420735067e-16,1.06862575114421e-16,-9.35930460461984e-18,-3.53394538880816e-17,1.53066711681122e-16,-9.27500048254244e-17,-2.14573629618904e-08,3.8049353020424e-17,6.42152607832006e-16,-2.91333808564101e-16,1.96334808454829e-15,9.86140497505545e-08,9.2161713110374e-17,2.48813738981394e-16,-4.61656803716345e-17,3.01493580250115e-16,2.14485328317318e-16,2.95346423218517e-16,-2.43792937648141e-15,1.44871874160485e-16,-1.82091526962469e-16,2.74594701882787e-16,2.23328831083631e-16,-2.2280329153075e-18,5.31670405666912e-17,1.02416294560011e-16,9.21741375867387e-17,-6.5892650829396e-16,6.17477827311117e-16
"t538",-0.036294161113947,-0.00946647626506738,0.00119132628161107,-0.102540403768038,0.0199701961422812,-0.00409850049959362,0.0218951510042425,0.000348967888346079,0.000118086051343832,-0.000372522858824377,-0.000101088658182559,-0.0971669261305058,-0.0650551001241043,0.00644580606421501,0.00123702019402928,-0.00166292726388444,-0.00018742501427664,0.00180835339907112,-8.56778572624835e-05,8.55136835934673e-05,-0.00196415045565808,0.000741293151057807,-0.00289065270245537,0.0732837166199575,0.0237774985039904,-0.000197372474149948,0.000189497837276988,-0.000149741530289562,0.0015425026824016,0.000573034140311919,-1.70284529365329e-06,2.54811969744833e-06,-0.00027349502068522,8.50792471198091e-06,-4.70252625104017e-07,2.71743398445153e-06,0.000290403626995738,-1.36360411894757e-06,-1.28120589228861e-05,-4.81841794147437e-06,-0.000503822390532045,0.000176174564280331,-0.268139252001641,-0.00204052088288169,0.00503305512657331,-4.15147981732386e-05,8.16095882967762e-05,-0.000644995484974103,6.46903194650989e-05,-0.00013524028249978,0.0250220462055257,2.99040093953616e-05,-2.89833248087335e-08,-3.22293504187515e-05,3.66318145986477e-06,-3.9436454819624e-05,1.59521913243697e-06,-0.000105129448908996,3.55950052001018e-05,-3.68212813126034e-05,-3.15581385479899e-05,4.8961519642477e-06,-0.000161839759223105,8.66146982103009e-05,-6.98856149734176e-06,0.0103714720319051,-5.56443598413245e-07,2.02868663343421e-05,-5.56190917106614e-05,2.17506476342826e-05,-2.47172121800095e-05,3.70912380042759e-05,-1.66693931187269e-06,-0.00012195906510304,5.06751658151409e-05,4.82381161495414e-08,-0.000268886338815807,4.90624450776887e-06,-1.72452361098565e-05,-2.00036214657706e-05,5.75762901844493e-06,8.59312252605018e-05,-1.04470655887985e-05,-6.54159971963207e-05,4.0360266669898e-06,0.000868364610902147,-5.35177774730643e-05,-9.61076310639215e-07,-3.14844460564007e-07,8.2263099319984e-05,-2.03198298526078e-06,5.20226195605265e-07,4.69033641087589e-06,-0.000489702424537086,-1.8287392399161e-07,-5.97827755352973e-05,-1.35223267512236e-05,3.36451899453789e-05,-5.10323342541642e-05,-1.35810093857147e-05,-2.91830314882353e-06,2.33906910969404e-06,-3.97776904158542e-06,1.31567703202027e-06,-5.69318001233032e-07,1.04212294194469e-05,-3.05272753611165e-05,0.000258548581852239,-4.50968678291409e-06,1.08494195897706e-06,4.78016761147769e-06,1.1254595365208e-05,-1.8946085508207e-05,1.62489897784642e-05,-8.19364855616472e-08,3.07969702384816e-06,-4.49976283882264e-06,4.63995151823189e-06,-4.57594791676577e-06,1.10311837866186e-05,-4.07637510423048e-05,9.43993859968907e-06,-8.7039874149756e-06,-2.38879488383131e-05,7.7450675775831e-06,-7.17184322986324e-05,7.26311838995992e-06,-2.2321125383244e-06,3.82792176946781e-06,0.000126019768135135,-3.94072317357167e-06,1.06008156159963e-05,-2.0376688787663e-05,-2.45192262500879e-06,8.2724480817706e-07,3.78586632521585e-06,-1.85202351671629e-08,-1.02961684324493e-05,2.19965037825513e-06,-6.23903377582698e-06,-3.640081485249e-07,-1.33925051586487e-05,2.3921985866767e-06,1.47087645433497e-07,4.63801396311584e-07,-2.08569390671007e-08,-9.29995387202903e-08,-1.47947383372675e-07,-1.26525775770191e-08,4.88983052264325e-08,7.83198663556157e-06,2.67831680453431e-07,6.19378990039723e-06,-2.51864322523346e-06,1.39942000437614e-06,1.33560279595414e-07,-2.13544222424677e-06,0.000913358147183389,4.4096903603744e-06,1.60372679251054e-06,0.00231546548460591,-3.22416916217087e-05,0.000196820419509222,0.270033552687869,0.000701953415925796,-0.342253919618251,3.55623548267948e-05,6.35256512619834e-07,3.195802021047e-05,5.38734124034679e-05,-0.0126011505772887,0.000258095226152052,7.30124061933408e-06,2.9196509702406e-06,0.00177737436737882,1.31251765191889e-06,0.000294572187867198,-5.12861485127923e-05,-6.15411243597331e-05,-0.00237489720366757,0.00194152162223906,0.098142576364222,0.000252002559545991,6.20801809003069e-06,9.24520878043553e-06,1.15027608225845e-05,0.000124277334880416,-1.21656619455703e-05,-5.34503977257571e-05,0.000377293099339016,6.5935242795329e-07,-8.20312353662487e-07,-2.85424138259644e-06,-4.82511954473696e-08,-3.43561328309428e-07,2.99334643347108e-07,4.91712375055672e-07,1.91444772165413e-06,-1.93983778874852e-07,-5.71967215709175e-09,-2.8787003352758e-09,3.37493542723339e-06,-1.07762513935243e-09,-4.08059132525051e-06,-5.63140097380211e-07,-2.03549342766647e-05,4.12923202414009e-07,1.64381538012652e-05,-3.92472430777343e-06,-3.52269669984515e-07,-4.57886747965594e-05,0.0022218440849851,-9.8523513691613e-05,-1.17782429108199e-06,-7.49017051525688e-07,-9.73974871237546e-07,1.63746134737592e-06,1.44654063732285e-07,-2.85518611948239e-07,-1.47861686912047e-06,-8.16283203450845e-06,6.92572678373856e-05,2.69998504187479e-06,8.82949092108675e-06,-2.32340346742586e-06,-1.1960095708978e-06,-1.26391924651335e-05,-9.04543893925695e-07,-1.44847223632466e-06,-1.179835365681e-06,2.54103718539951e-05,0.000163725768260268,4.06130432265843e-07,6.82085405348899e-07,-3.70359934377622e-08,-6.1684075909881e-07,-3.25748515339941e-06,2.51356017568684e-17,-5.02740383126655e-07,3.7991443018154e-05,-1.11948080468033e-06,-2.09119689857938e-05,-3.46248082305708e-06,4.14713893965424e-06,-7.18020688870911e-07,2.63805116036637e-05,-6.04874659059731e-08,4.09712489102721e-09,-0.000200401542667165,9.98800780142931e-06,-3.19078115091141e-07,4.39872230936743e-05,-2.13184310346316e-06,1.00002245108502e-06,-7.20695858846894e-08,6.04677857848349e-06,-7.47771444792681e-06,7.56861348341491e-05,3.31015587373652e-06,-8.26188694094243e-07,3.27183760860222e-05,-8.74682095137819e-06,0.00162485021813452,-0.128787939475096,-5.26201461682296e-06,1.60185308764234e-06,-8.59038097053501e-07,-3.78694716961416e-05,0.000134309871163954,-4.56593771934092e-07,-1.72155324575071e-07,3.50495394684671e-07,-0.00151436637306122,1.50794815636641e-05,-3.67054702996901e-06,0.00106508274419794,-2.05557375183601e-05,2.37320265000332e-06,-2.94322638992938e-06,0.000581171158724198,-5.1848218892206e-07,2.03351049272159e-17,1.12739646095709e-06,3.79468468139707e-08,5.33728799485503e-10,4.02898668173622e-06,-3.96524728859907e-08,2.32119284144143e-08,5.27641210956927e-07,-4.13725138864843e-08,3.21625777096295e-07,-8.36880366418432e-07,-2.73490072963799e-08,1.72572288407364e-08,-2.09140539302423e-07,2.41962272086244e-07,-7.34040093381862e-06,4.43027352474334e-08,-2.94539827837935e-07,-1.41507423508184e-09,-2.24749776893492e-07,3.41778844944147e-08,-9.6625599194034e-07,3.93212727837717e-08,-1.03454566644122e-07,1.53656058307986e-07,-5.73065693016299e-07,4.38886363760445e-08,4.02359568131961e-08,3.18533440819472e-07,-3.02869579729078e-05,-4.40203188874868e-08,2.15709172964981e-05,-2.53925390914539e-07,6.38004908007538e-09,6.08939728016348e-08,-1.24139931623455e-07,1.92515158114543e-17,4.61130590937194e-10,3.15145325092288e-06,-1.85021685199078e-07,1.38276225531292e-07,5.03301429780598e-05,3.51714472474493e-08,8.26117290960257e-08,-1.22301955224121e-06,4.64485950730143e-07,-2.82843063911989e-16,-3.71757728330872e-07,-4.55444855050842e-09,-1.28674141270435e-08,6.84163636856763e-07,9.92121872454772e-08,-6.78389183905437e-09,-2.64469628025855e-07,7.16078986975149e-08,-0.000133715633629936,4.49037239654655e-07,-9.28861358141283e-08,-1.69300514324605e-07,-8.99205888760083e-09,-8.9436845257953e-09,-1.70781869729445e-07,1.147459999958e-06,-1.8683851601718e-07,4.20590084826688e-16,-3.92581203801186e-06,3.18939739255306e-07,0.000190186719227533,8.0315430135217e-08,-3.7847551209402e-07,-9.57574690484626e-07,0.000981656751495481,5.7579018401413e-06,-4.73425867548268e-08,1.64076979881824e-17,-1.04438285593845e-07,-4.75766580354258e-07,-1.43147031982517e-07,-5.78756299594138e-18,2.77318358066224e-07,2.80251503296319e-06,-4.28272820423977e-07,-2.2861986136442e-07,-7.66108689901077e-08,-4.11223398789248e-08,-1.47376584929219e-06,4.13299474850238e-08,4.39482791508094e-07,2.05896300505024e-07,9.09003659018894e-08,9.16988364206979e-07,-1.07675554965175e-17,-3.66456609194358e-07,1.72204313895766e-07,1.11678804015562e-06,-1.12898571023756e-07,2.06067433548041e-17,-1.10168494982835e-07,1.43067571246651e-07,-4.96870471193774e-08,-4.4223538562311e-08,-1.12031886237314e-07,8.29223123643283e-07,-1.58302694417757e-06,2.21858069265447e-07,7.45417811708507e-17,8.24729033675009e-07,-1.11133799749854e-06,8.63913971519895e-05,9.78322594750145e-07,-9.95947903725071e-08,-6.71817810347341e-10,-7.74384241274925e-17,1.01041126298544e-16,-6.56001829562297e-10,-5.86273374656831e-07,7.73262751263922e-08,-1.12289938453227e-07,2.17981235006102e-16,-5.36357879333318e-08,-6.35070970690405e-10,-2.50611248469594e-16,-3.6743339965653e-17,8.65595771403284e-17,1.35723444037858e-07,4.00671100870961e-07,-5.81171909985748e-07,3.44140110592335e-07,1.71607553160594e-07,3.54247728028198e-07,-1.70602437399687e-06,-2.42168185468046e-17,-3.75965940069002e-07,6.64642424733977e-07,-3.46097489542297e-16,-7.31769500355688e-16,-6.76055005944902e-07,-3.30151284167035e-11,-2.5449466636122e-07,2.00278621242428e-07,2.57419238211344e-07,-1.38968099217744e-08,-4.04202118472203e-16,-4.69926749670601e-08,-7.1040013492295e-17,-1.63363668753969e-07,7.10832861062321e-16,-3.0301773862214e-07,2.20703860892518e-16,2.45837946074807e-07,3.43444888420607e-07,3.27707089319422e-08,9.31514422963416e-07,0.00885170668928182,-2.34953977576282e-08,0.000126711878442501,2.21909786150844e-08,1.08069561861629e-07,1.02884489350489e-08,1.67581880684702e-07,-7.75399447934982e-07,-1.22162609501744e-07,-1.00149170198778e-08,-2.40335098259116e-07,-9.84460073360558e-17,3.62020864698876e-06,-6.28881273356392e-07,3.94886257152441e-08,3.14661862535821e-16,5.24158263941436e-09,1.42559756573591e-07,5.10705942148561e-07,-1.09850010227802e-16,-1.36979860608974e-06,-6.59721307047812e-08,-1.13348095481045e-16,-8.72831029461089e-08,1.35981759789651e-06,8.63686660952431e-17,2.57625825265961e-16,-7.95564836665093e-08,-3.86682456794582e-08,-2.20574823645958e-10,-3.06445922927635e-07,8.16077828212917e-08,2.6505518421783e-07,2.31369373621884e-08,2.83942369034905e-07,-4.8293691111402e-07,2.50991362745866e-15,1.9494819193118e-07,6.8644637877632e-10,1.895816649845e-09,1.77582852589249e-07,-5.15172320759071e-17,-1.65362879208121e-17,5.84901256150452e-08,-3.51916469301319e-16,-2.19746567626009e-17,3.73062819425987e-07,-4.41771389288587e-07,-1.47552258544234e-05,-5.05905158291013e-09,3.44576366336084e-05,-9.26375042316752e-08,1.19472503188991e-08,-2.01052451248031e-16,3.22798208923538e-08,1.51372574976452e-09,6.95504738449333e-09,-7.83207188885065e-07,0.00010563375443123,1.42375463550203e-16,1.07647455100143e-16,4.4240616605229e-16,-2.40615850045358e-08,-2.31219588611527e-06,-6.75084813906386e-08,-4.92553787090276e-16,-9.86904079117176e-08,1.19895921549594e-16,-2.25392891086234e-16,1.4711880105049e-06,-3.23057624003714e-08,-1.26494173059596e-15,-7.96328830072174e-08,-4.55249998675834e-07,-6.44343154947016e-16,1.23393132164899e-07,-2.02907038758875e-16,3.30423435404917e-08,8.66533876677105e-17,3.29751136824175e-08,2.85498032265134e-07,1.14322585608568e-07,9.73031206959695e-09,6.68549842048448e-08,-2.32469863896178e-07,9.29306302312613e-08,1.57868063946792e-16,4.28891551650465e-06,-8.69080824896002e-05,4.69677982009677e-17,-3.15328720451964e-08,-9.30050660166546e-08,1.50419122126324e-07,-1.07963333864579e-16,6.99634753188289e-08,1.02326278872639e-06,-5.1710298122337e-16,-2.31783299425886e-07,-5.13161525550073e-08,-2.96239287845001e-08,-5.15054407430673e-17,-2.73598936233467e-16,4.8367273171384e-08,1.48726170061833e-08,1.20436051758922e-09,-1.3739469996132e-07,9.06871072894554e-09,1.79914379803496e-16,-1.55648417025129e-16,3.32185721765077e-08,2.29073257301393e-10,1.05998787687487e-16,8.08036582778322e-08,3.10823510427141e-16,8.26512393038367e-06,-1.56967926479213e-08,-9.17794301149048e-09,-6.10174016710713e-08,-1.22155635545975e-15,-4.62273581855238e-17,6.71722715086869e-18,-2.08684024643456e-16,-5.57069757959348e-08,-1.21762619821175e-07,-8.9011858341563e-17,3.32458806729298e-16,-7.38875297692706e-17,6.12448061178221e-05,1.55924523530538e-09,-2.22795059216763e-07,2.16721392873173e-16,-2.04818734103756e-16,8.44118234634383e-16,-5.76284420159335e-07,3.47102309243823e-06,-2.65934855568359e-16,2.22443521571251e-08,-9.40931227382859e-07,-4.20522990394557e-16,6.00316928079201e-16,-6.16092938440697e-08,-6.33696224570768e-10,-3.16028892781381e-08,-1.91856004400295e-16,3.78476502421714e-08,5.74681749588577e-08,6.61402980922683e-08,-6.85329803008657e-08,-2.54953456545735e-07,2.39101033250338e-08,3.18881694932309e-15,3.44348418175519e-14,5.18807999132825e-15,1.90183952067001e-05,-0.285532513154912,1.03535899597037e-07,8.07389386010552e-09,-6.12755814983623e-15,1.18243365540458e-15,1.54031455665162e-15,1.52659456072785e-16,4.83930382372363e-15,-7.08020394045721e-08,1.35321288985307e-16,-1.34022336919345e-16,1.31860433723965e-10,5.86645121280805e-16,8.17641504190334e-11,9.45207453972863e-16,2.73333307538556e-11,-5.60888677725321e-16,-1.31132881101826e-09,-1.94027854467909e-10,-1.47971302902443e-07,1.34739879863457e-16,8.88833274288607e-09,-4.36474443024201e-18,1.59101826327342e-08,-3.65893469647791e-07,1.84930794339441e-10,1.02237922862217e-16,2.8276783208875e-08,-1.51490448547754e-15,-7.36807347872129e-09,-4.16910629685451e-08,1.56110703664575e-15,-4.54946808722192e-16,-1.66865850867604e-15,-1.71954823439504e-16,-1.45239857117208e-10,-1.90752329825911e-09,-4.29937729072944e-10,-3.04202123302114e-15,-1.01697229132287e-15,-5.18957217664714e-08,2.66548421607138e-07,4.03257651242433e-15,-5.07053099184622e-15,-2.1120445566858e-09,0.444695194319203,-1.49978739804779e-08,-1.77533596817932e-15,1.43533112119081e-07,9.7389415832588e-15,7.88338974784702e-15,1.81820024429357e-15,8.08090735718923e-15,-3.18075852386525e-15,1.2580225340288e-15,1.94159210603272e-08,-1.35809412946497e-07,-2.46455775726013e-15,-1.30880787217845e-08,4.9849847145268e-08,-2.71367328829314e-15,1.55247366596681e-15,-1.83275715045958e-15,-1.23710247349911e-15,4.93180428186747e-09,7.89001994236568e-10,-4.32362763633318e-16,-6.65188134139645e-14,-8.96163652010597e-09,-3.19684049159813e-08,-5.32095624959004e-09,-4.93468261242526e-16,5.52391887391233e-16,5.94886326322642e-16,-1.67743375032191e-15,-1.03216355322173e-15,-9.42590161461172e-16,1.87981228819352e-08,-1.77636666690149e-08,-3.41235598638246e-09,3.6486667191789e-15,-2.49426374261883e-16,1.56823736532378e-15,3.93655587837585e-16,3.8863636671307e-16,6.2289382420203e-17,-1.9961942825069e-16,-1.21837913718394e-16,-1.66657061772624e-16,6.16241936860935e-16,3.92823685366789e-16,4.72199930692237e-16,-5.49148555827198e-16,2.90883253310985e-16,1.25848508594082e-08,-6.52854280677217e-16,-1.72620079088319e-15,8.66926682729542e-16,4.97783395632689e-06,-3.07721769841896e-10,-1.37827445152489e-15,-4.55667411829045e-09,8.56219278450473e-06,-4.89179757468039e-16,1.86185101646427e-16,-4.42536886093362e-08,4.35986060448744e-16,1.08279519424029e-07,-1.14712382372753e-16,1.40048155525774e-16,6.24569265741989e-16,-9.34326934643201e-16,5.3252418335112e-10,-7.29945856116582e-08,-1.07164211130959e-16,-4.71430150839169e-16,-2.75552748148069e-16,-5.06151637010929e-16,-1.88229177805131e-15,1.1518978528451e-16,8.01212628601602e-17,1.94913263121062e-16,5.35500725847103e-09,7.92043076694574e-17,2.15908215997536e-16,-3.78106497002082e-16,-2.22498673256159e-16,-8.63604793504653e-17,-9.69698960547149e-17,-1.47412292170123e-08,-9.03294301542343e-17,-4.66641267023395e-16,1.09105741158557e-08,1.13061026614434e-16,4.32617981832544e-16,1.65543572812379e-16,1.9033804640483e-16,9.03848490632138e-08,3.37727505666164e-17,-5.95148909508639e-09,-3.08308103517806e-16,8.34338704513963e-16,1.91256350118728e-15,-8.65510699256823e-16,-5.438887468128e-17,5.17413437148671e-16,2.05256234461463e-10,8.59332530432339e-16,3.3569088618502e-16,7.68384735829221e-09,-2.45781516489853e-08,-9.17534572234371e-17,1.65876535374723e-08,2.399698798987e-09,-2.26674514918025e-16,5.18645956103377e-17,-4.66373198767442e-16,1.3886579216246e-16,-2.07294297060848e-16,-3.20394822388419e-09,5.19505295259175e-16,3.40183378675655e-16,5.1081751837608e-16,1.18561863580218e-09,-1.09150993221061e-16,8.03941960547605e-16,-2.10523898871121e-16,-1.11043224674331e-17,-4.77768866676561e-10,3.11444278269223e-16,1.51017015048125e-09,-2.50120187904823e-16,1.11196548864964e-15,2.26056500126106e-16,-3.84752594024305e-16,-4.34289726080765e-17,-2.76346676921208e-16,-2.77806891126817e-16,-1.23234664337563e-08,5.70493416650385e-16,-3.20208263513591e-16,1.31967389007237e-07,-3.9930687204314e-16,7.56934383354321e-17,7.91969111599908e-16,1.64645989061544e-16,-2.04103017764825e-16,6.93664630583631e-17,-3.29179348014882e-09,5.17177500909619e-16,-7.2000398491928e-16,1.72685046766411e-06,-1.79995215023108e-16,3.99766377429367e-16,-2.26230337533309e-16,3.44321625312263e-17,5.18301527735054e-16,1.17158048985045e-15,2.86996040165544e-17,1.23697546592899e-16,1.52074283793421e-16,-1.97891377454979e-16,2.04898650075599e-16,4.76548398659043e-08,-4.55775783385239e-09,5.91139435991481e-16,1.20655689258309e-16,-7.07697390553572e-17,-1.08441438943189e-16,-2.51690938346368e-15,2.80865842610109e-16,3.22650225877589e-16,-2.38794644022657e-16,1.68970050009578e-10,4.6442589302797e-17,2.67020760985083e-16,-1.97484310730421e-16,-3.55420232643867e-16,-3.53187094153732e-10,1.37676246994085e-16,5.77054539493235e-10,-4.6959660818127e-17,-1.14836914561167e-17,-1.95660221607592e-16,-5.30032812061628e-17,1.71598110092395e-16,6.81773974738482e-16,-8.88858573670303e-17,-4.39978864210415e-16,-1.74872714622297e-16,-3.06730991021839e-17,-2.94742394714018e-16,1.19768929992146e-16,1.02610456085252e-16,1.28151207023366e-16,1.20975219108518e-16,4.47337335563407e-17,1.27706602469561e-16,-9.60262167903031e-17,-1.00117638554645e-16,2.29696110463889e-16,-2.80034897996636e-16,1.82642629405625e-16,-7.63953021895899e-16,-3.20443810211918e-16,-2.35404823438716e-16,-1.08875652905279e-10,5.66736974043839e-16,7.21771363419937e-17,-3.50658286153162e-17,6.35745491282339e-16,2.89312559370913e-16,2.65672223082893e-16,-6.89707024198751e-16,1.23848596545151e-16,7.00523511072941e-17,5.52821068081748e-17,3.99857403644945e-15,2.25238314725269e-16,2.24807753401988e-17,-1.0341336570735e-16,-1.59731875969437e-16,-3.64731462954385e-16,-3.22792702567659e-16,2.42750194547623e-09,-4.48577453323442e-17,1.64819057862386e-18,1.35871296672603e-16,-7.9017246719572e-17,-7.06929246975685e-16,-7.8862829827827e-17,2.49711203618423e-16,2.13045480986412e-16,2.13265684569212e-16,-9.19739752841753e-10,-1.76783444341542e-15,-6.33197619768212e-17,2.85131278858707e-16,-2.17913286875123e-16,3.01974931841412e-17,9.82070642086623e-17,2.56240901557036e-18,-7.12415703186918e-17,6.27544883423122e-17,1.1501206950353e-16,-1.06788377054876e-16,2.33297672445049e-16,-7.73543339761303e-17,-9.52939918143535e-09,3.86258044312898e-17,7.94490501910125e-16,-5.38790735906819e-16,2.15018344944259e-15,4.57293839780464e-08,1.13800631029273e-16,2.58069707187648e-16,-6.6369168422663e-17,5.07016001013411e-16,2.90054219739558e-16,4.35214007009712e-16,-2.79315169123092e-15,8.77390177677764e-17,-3.74103731709651e-16,4.15540984305903e-16,2.58582976091076e-16,-1.11106932216697e-17,2.4263788943696e-18,1.70829451643846e-16,2.18050009812306e-16,-9.28276091867005e-16,1.35724750747695e-15
"t840",-0.037587960199413,-0.0102646927485117,0.00129583386631051,-0.115727543381522,0.023408694606769,-0.0050093502143698,0.0269248217460782,0.000440771674597138,0.000161464412009469,-0.000599097645096257,-0.000304081026176354,0.140779580498702,0.0576261292552206,-0.00441116204777731,-0.000362025734399272,-2.49312070619977e-05,-1.92751914942308e-05,0.000288989895265789,-1.90709870837374e-05,3.29835089249363e-05,-0.000941118812207802,0.0003606018626382,-0.00103037652461023,0.0244617767992058,0.00753065861366763,5.62752491346798e-06,-3.54173785106844e-05,5.13130217689258e-05,-0.00175585127976731,0.00227089631036766,-7.58143252489378e-06,1.49327148317166e-05,-0.00832410832501588,-8.23741983676779e-05,1.511064074688e-06,-3.00803615487421e-06,-0.00027176821039249,1.02434352107821e-06,8.71129399447103e-06,2.59252865700871e-06,0.000153542334583764,-2.35946746282553e-05,0.00953676706159103,5.63670753067795e-05,0.000420907821455207,-2.10910155378655e-05,5.44927111928477e-05,-0.000486232576750541,6.84627106682405e-05,-0.000216379165941427,0.0934785171085214,0.000264997211985708,-3.20501659713185e-07,0.000322501990428788,-7.53596538129988e-06,7.19893319282639e-05,-7.87009678975474e-07,3.94699819671411e-05,-1.29376587327902e-05,6.56273981227587e-06,2.71437842647217e-06,-2.42339895528407e-07,3.78848527436718e-06,-1.49893548900846e-06,-1.50506521640074e-07,0.000283126642228812,-7.63039402758285e-08,3.21042435752115e-06,-9.33997102362898e-06,4.02037450117385e-06,-6.47839901507274e-06,1.15483237421508e-05,-5.30889729157541e-07,-4.06059102561572e-05,1.69629888623246e-05,1.64439658321334e-08,-9.23162393637002e-05,1.7427661593744e-06,-6.58438123191476e-06,-7.85225149219106e-06,2.36642606685564e-06,3.56655506304541e-05,-4.65173116623898e-06,-2.97445458145577e-05,2.00881143039328e-06,0.000443239421520692,-2.80341186762341e-05,-5.05579861667176e-07,-1.65809813955495e-07,4.34443207254665e-05,-1.08398160457703e-06,3.06794594836013e-07,2.79326366656023e-06,-0.000312610138366012,-1.3419231117262e-07,-4.49329488236544e-05,-1.01750564953266e-05,2.70365603781609e-05,-4.2105394976653e-05,-1.25333061284025e-05,-3.00698095204603e-06,2.43648474285226e-06,-4.19545867372556e-06,4.98842475732165e-06,-2.92260258150031e-06,7.52535047967553e-05,-0.000951911530007432,0.322702234872607,7.99376070401198e-05,-7.33876685726564e-06,-2.6709397244259e-05,-2.96591424193781e-05,4.67371426193328e-05,-1.44191556823308e-05,6.14766105835765e-08,-1.63204133765703e-06,2.04726777317082e-06,-1.37327259226694e-06,8.46649749252142e-07,-1.30648304341737e-06,3.47930939816967e-06,9.70290593862899e-08,-5.34405186654842e-07,-1.51052509255929e-06,5.42639162545044e-07,-8.32716359311073e-06,8.69792884252203e-07,-3.48708838598346e-07,9.71865843924134e-07,3.21309990972654e-05,-1.03581102864288e-06,3.49968765928971e-06,-7.01170077711882e-06,-8.69095820719751e-07,3.3042681025242e-07,1.5373041702366e-06,-9.73373481920702e-09,-6.85332058490539e-06,2.25496330447137e-06,-6.49581144449656e-06,-4.18825262761479e-07,-1.62885588936169e-05,3.20603582501071e-06,2.05174726945399e-07,6.47318059746511e-07,-4.14928571388664e-08,-1.9846727751483e-06,3.09872578783919e-07,2.03703117243015e-08,-5.08806660215562e-08,-7.91419864976343e-06,-2.37007696139234e-07,-5.09557438262446e-06,1.91461585435969e-06,-5.82718650891316e-07,-5.11526093021372e-08,7.71750763334109e-07,-9.00239285956423e-05,-2.88656132972772e-07,-9.76628165558582e-08,-8.7519735153951e-05,1.0791221702097e-06,-1.85718427686594e-06,-0.00186426463850832,6.15152006081666e-06,-0.00100635972535334,1.79769752213125e-05,3.42850349575096e-07,1.75687182632815e-05,4.33359159306128e-05,-0.0273751571216645,0.000754949358123264,-6.10204290760413e-06,-1.99422497585423e-06,-0.056169153574233,7.94163933066882e-07,5.2115443070425e-05,1.46313002773887e-06,8.61915413246627e-07,2.75127518288611e-05,-1.83661211767612e-05,-0.000418880970296962,-6.80195444397304e-07,-8.6187635787235e-09,-3.24966302500709e-09,2.02598011646409e-08,2.44542629953859e-07,1.78057951652223e-08,9.31187283917701e-08,-1.96213203355063e-06,-1.42531906053703e-08,3.72764755344345e-08,1.6174369210596e-07,3.7267294165918e-09,3.31126200891265e-08,-5.50949195748227e-08,-1.04548599438272e-07,-5.60677938034692e-07,6.74684389703732e-08,3.35396760558139e-08,3.3658026827013e-08,5.88107914058255e-06,-1.00026055805399e-09,-2.12105636462008e-06,-2.92243954843717e-07,-1.02388708823375e-05,1.90860154890269e-07,7.21745044706329e-06,-1.52887779489949e-06,-1.17647180170481e-07,-1.15401663351017e-05,0.000406129697625216,-4.68995239212597e-05,-4.79959466165856e-07,-3.04476722771456e-07,-3.74308185194685e-07,5.82873886446051e-07,5.09984911837359e-08,-9.70053259449294e-08,-4.94755513518444e-07,-2.72147087092284e-06,2.29623322279665e-05,8.96287342125691e-07,2.93911909635397e-06,-7.89442973909133e-07,-4.09312294857755e-07,-4.33406639390696e-06,-3.34506430606082e-07,-5.9561809973018e-07,-6.60729768872212e-07,2.13593466113255e-05,0.0149070837837031,-1.47354775717303e-07,-1.53419062951185e-07,-3.59664368709103e-09,-8.73709616122491e-08,-5.41749710642683e-07,1.02005535786091e-16,-9.29838745880449e-08,7.12167631006003e-06,-2.23323789924684e-07,-4.31592321885909e-06,-7.3888657063987e-07,8.87188739300529e-07,-1.80964402125224e-07,7.1301827348967e-06,-1.70691528924082e-08,1.8231603646507e-09,-0.0111747630086624,6.98420262724851e-08,-1.66690413149235e-08,2.78723142313845e-06,-2.01307196395875e-07,1.05333736885716e-07,-7.11481909372785e-09,5.53203484533527e-07,-5.34106336828513e-07,5.28205504383307e-06,1.72940809024003e-07,-3.40484014963113e-08,7.80453985021322e-07,-1.56187568281896e-07,1.84099932206942e-05,-0.00023761746167283,6.94942861149622e-08,-2.40375328990277e-08,5.17499478247858e-08,2.3256039587077e-06,-8.42550203294225e-06,3.52253030057362e-08,1.42379926106462e-08,-3.38383453337002e-08,8.2097603184114e-05,-6.69701318807934e-06,2.65559074171515e-06,-0.00242175323151405,-3.63957478793304e-06,-8.19153419205878e-08,5.73500929728014e-07,-7.20575908394818e-06,1.32382119023715e-07,1.19853927211171e-16,-3.69608869470746e-07,-1.28096780147084e-08,-1.97253501462546e-10,-1.80835706853298e-06,2.07397418495658e-08,-1.30191911493044e-08,-3.06206815711254e-07,3.67911111390889e-08,-2.93966579198711e-07,7.70607529773221e-07,2.8571069587038e-08,-2.62704285454482e-08,3.4129228422318e-07,-4.1484072321405e-07,1.49195741019945e-05,-2.08081979851249e-07,2.48061987206358e-06,1.33037209960029e-08,0.000589017955794928,5.17842011434902e-07,-4.44234836538731e-06,1.68416020211854e-07,-4.04612896762834e-07,5.46973388870206e-07,-1.98764944473104e-06,1.27236993495115e-07,1.15221634085292e-07,8.87501717802009e-07,-4.34098086505762e-05,-1.18459488796157e-07,2.86102150933706e-05,-6.36349175803905e-07,1.5765566091048e-08,1.47188809489356e-07,-2.87782696040415e-07,3.74753032406578e-18,9.11994639459799e-10,6.17177700964698e-06,-3.5311430097837e-07,2.60405252594103e-07,6.80318123842886e-06,6.80635250922949e-08,1.58703814350631e-07,-2.33529793562884e-06,8.77937884481589e-07,-7.33268423388085e-18,-6.91187178000038e-07,-8.45523778388433e-09,-2.38209087005985e-08,1.26617923209611e-06,1.82714325261119e-07,-1.24718123523931e-08,-4.85300963260384e-07,1.31160645790026e-07,-0.000128259897257626,8.46687824461028e-07,-1.75397588842064e-07,-3.2041222040224e-07,-1.70468713533988e-08,-1.70132032604607e-08,-3.25002432310182e-07,2.18955225236569e-06,-3.57308201701091e-07,-5.79323983155676e-17,-7.64148689772001e-06,6.0622555667413e-07,5.07443702262729e-07,1.58026723448311e-07,-7.44867560567554e-07,-1.67174086173488e-06,0.000157150225643635,-3.08212740559679e-05,-1.45748044841595e-07,-4.09411042007086e-17,-2.76599457720577e-07,-1.23603788842384e-06,-3.61947750743133e-07,9.61368455689614e-17,7.01967392292829e-07,7.11027997191635e-06,-1.08810128350908e-06,-5.8276915125622e-07,-1.96574509896792e-07,-1.0611367768791e-07,-3.82125261914501e-06,1.08874780625092e-07,1.16007009537789e-06,5.50212717564674e-07,2.4873787435525e-07,2.51243267420997e-06,-8.01501637540091e-17,-1.05925132818281e-06,5.02858211841726e-07,3.33827425504445e-06,-3.50519642575282e-07,1.31342738426341e-16,-3.75243150823968e-07,5.52070915200151e-07,-2.04579987265719e-07,-1.88081827581033e-07,-4.96346451231999e-07,3.98920546479549e-06,-8.89923787694519e-06,2.253909104472e-06,1.24458893536204e-15,3.74143705878046e-05,-7.35622939967284e-05,0.179477725738204,-4.85790618208992e-05,4.58172561472798e-06,2.43040900752358e-08,-4.12845020292619e-15,-8.73439786331427e-16,1.05372886666246e-08,6.28862826579043e-06,-7.96018500749389e-07,8.93294841252285e-07,-1.86029574863111e-15,2.81346938740245e-07,2.87914920805322e-09,1.46088242728558e-16,1.77920293103679e-17,-6.53552648458654e-17,-4.25484389155765e-07,-1.2065842076914e-06,1.53651702460245e-06,-8.22011605587878e-07,-4.05240730185868e-07,-7.56755865322487e-07,3.6040745973396e-06,4.24646116981037e-17,6.60646344166296e-07,-1.09929015848447e-06,2.4977232178684e-16,1.48047500426617e-15,8.94964232565965e-07,4.15120125523887e-11,2.98760639353148e-07,-2.24488233124646e-07,-2.63455825800923e-07,1.40079221941003e-08,3.41615074000782e-16,4.63762270133823e-08,-6.93223360928054e-17,1.51189176412095e-07,-1.49408121732612e-17,2.66183917973047e-07,8.86295793955833e-17,-1.99938603741224e-07,-2.7437959754984e-07,-1.48307706898808e-08,-1.91844538545227e-07,-1.85732272729706e-05,7.17342949776608e-08,-1.25871626729974e-05,-2.03800111313515e-08,-9.90757723084474e-08,-8.93021076204714e-09,-1.34350314747461e-07,5.71208131139469e-07,8.46609813298603e-08,6.64057900992902e-09,1.56075561100518e-07,-1.24636532289648e-16,-2.21059706408209e-06,3.63035441182514e-07,-1.9642375596063e-08,-4.21490724291581e-17,-2.50190681546788e-09,-6.40072638503085e-08,-2.23457430025481e-07,9.28129357520883e-17,5.91477922697516e-07,2.70401309618541e-08,-7.69630969597514e-17,3.48744452180741e-08,-4.66658682057078e-07,7.77518924154104e-17,-2.83164684245611e-16,2.5727083593252e-08,1.24379705555014e-08,6.91946935857232e-11,9.33390750846086e-08,-2.32441666578111e-08,-7.50566008056138e-08,-6.49793964879708e-09,-7.28389270287845e-08,1.14947833269179e-07,1.44042142936538e-15,-4.22793479225233e-07,-1.58027791112552e-10,-4.29025340382015e-10,-3.93697836404433e-08,-1.58722528128216e-18,-4.48566167570255e-17,-1.26105842474538e-08,-2.48049112941287e-16,3.49000161778219e-17,-7.78341499844974e-08,9.03166937964324e-07,0.000511562458081333,6.34086259788009e-10,-4.32204278955514e-06,1.16148864099221e-08,-1.4886736129738e-09,9.9163130313205e-17,-3.15309739343876e-09,-1.35575202129806e-10,-6.02972119489152e-10,5.53342378637073e-08,-1.59455484636999e-06,2.38830990116359e-16,-2.47587309294702e-16,-4.31060478613795e-17,-4.91932233158282e-09,-0.0404901597476156,2.82317260104371e-07,-8.55234058178406e-16,3.855453736273e-08,-3.32734991132033e-16,-4.05633924534596e-17,-1.8351028204312e-07,4.00062620471654e-09,4.38994334803749e-16,8.62330643392737e-09,4.58020986187167e-08,1.96588008284022e-16,-1.07346351774781e-08,-1.12984183247347e-16,-2.41679007809602e-09,-2.12879861999241e-16,-2.37414099905626e-09,-2.03049094673488e-08,-8.01858797340868e-09,-6.6935056054812e-10,-4.4004877996338e-09,1.28775723006979e-08,-3.93503731456112e-09,1.3092702398857e-18,-1.18977348258482e-07,1.82251702685776e-07,9.5589047631841e-17,7.7911286421712e-10,1.97449541026149e-09,-2.74235729346731e-09,-6.78279807358928e-17,-5.97404399677708e-10,-6.86061340711828e-09,-5.19348074137802e-17,9.98252990217707e-10,1.61173180241826e-10,-3.24955939691182e-11,1.27238002644505e-17,-1.26861685834237e-16,5.11565308114817e-10,2.14138276660738e-10,1.82656213135426e-11,-4.17877380542416e-09,2.97325117286017e-10,1.40987633778774e-16,-2.45310598171652e-17,1.14501817476644e-09,7.94629624890432e-12,-1.46691641847031e-16,3.07757072869272e-09,-8.25718893534294e-18,6.46855215204264e-05,-6.26318277842821e-10,-3.68919796678227e-10,-2.51711537050991e-09,-5.48463976481004e-17,-3.76621610228883e-17,1.19352686316755e-16,7.72272898464941e-18,-2.69100712372807e-09,-5.94018907512599e-09,8.68344233579038e-17,-4.79698677626177e-16,1.30643482601036e-16,2.47571409797148e-07,7.99751109055879e-11,-1.17947699555653e-08,2.17818422602787e-17,-4.21836887741663e-16,6.27438351605255e-16,-3.43502770819837e-08,3.98190383166294e-05,-9.04002764641852e-17,1.27874615807367e-09,-5.42581236011993e-08,-6.88891645471548e-17,1.02229955870254e-16,-3.54504532785089e-09,-3.64363859265695e-11,-1.80223767798638e-09,1.98376510795696e-16,2.10213446696137e-09,3.11966154979103e-09,3.43296943554341e-09,-3.23337047424632e-09,-1.16147949340641e-08,1.00479932931598e-09,-1.47897593969526e-16,-5.90134901201625e-16,1.89923405156357e-17,2.07236880984518e-08,-5.29927972653115e-07,-1.03037065166733e-09,-8.47414229202061e-10,-4.68678424533728e-16,-6.85117732421576e-17,7.15815233587833e-17,-3.49222014318327e-16,-1.01067136752185e-17,4.643273108797e-08,-9.37902822303872e-17,7.600397469344e-17,-6.9310445700465e-10,7.67667244365116e-17,-6.20937048645465e-10,-3.50197301712818e-17,-7.70846250321035e-10,-7.04379192972829e-17,-9.5695485935007e-10,-1.20441621436005e-10,-7.66647295650011e-08,-1.08212134795324e-16,3.93792191661871e-09,-5.51054061025636e-17,5.70562042888829e-09,-1.13203674752911e-07,5.69540585979058e-11,-1.70032521424404e-16,8.38725076165754e-09,9.93223721218517e-17,-2.08965305228275e-09,-1.18023177696206e-08,-3.9812198221305e-17,-1.67524812796284e-16,9.26916576672715e-17,-2.36359662434865e-17,-4.00297717983053e-11,-5.22619858882087e-10,-1.17041250729401e-10,1.34314999736658e-16,-9.71864518083982e-17,-1.37869278590469e-08,7.07504895868267e-08,-2.55116899797009e-16,3.41750524757676e-16,-5.47866732748652e-10,-9.01853561643662e-17,-3.89200681129833e-09,-5.06591405071406e-16,3.69708356508208e-08,-2.14551774075182e-16,4.59748696252174e-16,-1.61010821578715e-16,6.05426751612159e-16,1.09343171034376e-16,-1.56845141809641e-16,4.94802081171241e-09,-3.46060432930452e-08,5.94649002861207e-17,-3.32466764289626e-09,1.26464451795198e-08,-5.66669547355242e-16,-2.55414139465586e-16,-9.08884407845237e-16,2.81810808846645e-16,1.24335492534239e-09,1.98571226914922e-10,-8.89012236319785e-17,8.14034733130777e-20,-2.25065414197214e-09,-8.02630606170461e-09,-1.33457725922916e-09,-7.21395346826252e-17,-2.55425063087007e-16,-5.32497323891933e-17,-3.26045089776094e-16,1.13375786769353e-15,-3.27620662448965e-16,4.58679813638042e-09,-4.3159345377615e-09,-8.25208159982123e-10,4.88070431634531e-16,-4.87687255964699e-15,-9.0013857903627e-16,3.98310381320013e-16,7.78245888117785e-17,-1.10445236373571e-15,2.8765651101035e-16,5.41585395625486e-16,-3.39153627415067e-16,-1.90697882379499e-16,-1.62762064641034e-15,-1.13258810278183e-15,4.69301406096121e-16,9.99916417511881e-16,2.38782727469428e-09,4.89786388905257e-16,-1.05829691372274e-16,1.11671449376137e-16,0.00013727803376765,-2.58503652450573e-11,4.61274717617476e-16,-4.60412839199041e-10,2.88168818558537e-07,-5.39913387516931e-15,1.73049291707342e-14,6.06753072625333e-09,6.08874295863475e-16,-0.385243981499914,-6.40069973800921e-15,-3.75381557273834e-16,-2.47765841039079e-15,9.8954406563571e-15,3.43485480080355e-10,-4.57680664339163e-08,5.83599143369164e-16,-1.92576009512256e-15,1.10290189395e-15,-1.84439664554805e-15,-2.08430645504848e-15,-2.11990935005094e-16,4.07620630250411e-16,-5.04860457203917e-16,2.50522391055642e-09,3.00626778639524e-16,-1.63061707934162e-16,-3.96459841002209e-16,3.29851496418887e-16,5.40347535399504e-16,-2.01487185796358e-15,-6.99832699108496e-09,5.40562167623572e-18,-1.97028989796698e-16,5.19958925227106e-09,3.40798996853924e-16,7.60245883619174e-16,2.84004798398437e-16,2.21776673560946e-16,4.61423485042589e-08,-1.35904889427365e-16,-3.09066612004561e-09,-3.67931351254849e-16,-6.52717629865394e-18,3.48086896776049e-16,3.00740924269191e-15,2.09805850521477e-18,9.54023634703494e-16,1.10935475979249e-10,-6.49913601158321e-16,8.12607225572309e-17,4.30432534793651e-09,-1.37948776457631e-08,-3.39654814299597e-17,9.6442984858392e-09,1.41201561625322e-09,6.82950823971834e-16,5.82757762537998e-18,-8.0821248817393e-17,-8.18777701555889e-17,-9.71336707133391e-17,-2.42440753670927e-09,-4.54782700042766e-16,-5.39939573334086e-16,-2.28144069549735e-16,9.93686119002849e-10,-3.49163798306102e-16,2.58758205058704e-15,-1.03689229441405e-16,2.95175977363097e-16,-4.82308571627833e-10,9.39653283420131e-16,1.64635286955417e-09,-2.59990231137894e-17,-3.60838879881148e-16,-1.74468097573569e-16,-4.04958921242966e-16,-2.2322487427824e-16,-4.44018404276981e-16,-1.82939201034335e-16,-3.85392784417532e-08,-3.96520375093195e-17,2.03670116298832e-15,0.0485106963664679,3.59489807641081e-15,-1.27250473145539e-16,2.30074240104995e-15,-5.26043349480601e-17,-5.77379957942032e-16,-1.16234915102314e-16,-1.3964097756463e-09,-3.22746587259642e-16,-4.80016204688174e-16,1.40182470199439e-07,-2.35775762649352e-16,-1.03491454544825e-16,-2.58788345510766e-16,2.60928755555494e-16,6.78460588756276e-16,-1.08522600154586e-16,3.04343274925312e-17,-2.56128816596009e-16,-3.89686144748766e-16,1.32175219212422e-16,6.48072045778535e-17,-1.01239267049472e-07,1.20346462856487e-08,2.56776021156877e-16,1.82078303066591e-16,-8.21127370294358e-18,1.74969782877946e-16,4.85344579174778e-16,1.45322544452322e-16,-4.84392119996676e-16,2.15955001246733e-16,-1.47946242317349e-10,-7.38097790213543e-17,1.28837717544807e-17,-4.02156276242961e-16,-2.57770541300097e-16,1.78816814594015e-10,-6.20245134937165e-16,-1.76038951958933e-10,1.50443147263725e-16,3.17907701079399e-16,-2.42842816406779e-16,-2.58439025993138e-17,-1.08559731277859e-16,-2.22664698694825e-17,9.74246953628277e-17,-2.45400690701283e-16,1.84111290700757e-16,7.94818416223434e-17,6.84341498134368e-16,-1.27754425986295e-16,2.32005322728464e-16,-1.16119542437618e-16,-2.42618335608512e-17,2.28501508684268e-16,-1.13965362603296e-17,3.04900185888177e-16,-5.02443386203115e-17,-8.08084797959499e-17,-3.10561443608802e-15,-1.06297249561762e-16,4.95989885663787e-16,-6.92319699138659e-17,1.85060015642339e-15,3.14059793365544e-12,1.52318613375627e-17,-7.73656012044968e-16,3.33473284685191e-17,-1.29232526459517e-15,8.28655440502165e-17,1.03150317427316e-16,4.42078072507104e-16,-1.80000835061322e-16,-1.16972523646455e-16,8.03314609050451e-18,1.74450159550937e-15,6.66672250890504e-18,-7.66004505489825e-18,1.69805581758997e-16,1.04517433026135e-16,3.89331553347074e-17,1.22956796799709e-15,1.08004965737418e-10,-8.5406906583302e-17,4.00289474846107e-17,-3.18579611904647e-16,-1.12361209248984e-16,1.32328261470726e-16,1.13710034871135e-16,1.43237151917089e-16,5.45467745043139e-16,2.09282191702833e-17,-8.37946473152042e-11,3.56187123394543e-16,1.01119255324742e-16,-1.25515380633872e-16,5.11499817131106e-17,-3.20553188948767e-17,2.54922912069934e-16,-2.67555532554104e-17,1.07880287953762e-16,4.85828012696591e-17,-9.30446247174309e-16,-1.84091991953093e-16,-1.23825398401662e-17,-3.22515236007333e-17,-1.17323252297881e-09,2.97968918921396e-18,5.16968308622594e-16,-1.02605541270808e-15,-6.54898752416321e-15,6.16936883385427e-09,-1.27929149961362e-16,1.13770741407439e-16,-4.14753071035548e-16,-6.61335294154832e-16,-8.44292106369355e-17,3.62599014509049e-16,-1.93044895371278e-17,-7.49462614125167e-16,1.08257814829149e-16,4.7257001857864e-16,-1.50282016738215e-16,1.33860559772469e-16,-1.88718464114824e-16,3.4545238562418e-17,-4.63262635377585e-16,-1.41317704662267e-15,5.88918410021061e-16
"t970",-0.0374440303552684,-0.0101816511620266,0.00128500979600002,-0.114429788596839,0.0230868172907793,-0.00492842585388076,0.0264812376797652,0.000432926455418708,0.00015806390012558,-0.000583758949188206,-0.000294164702019041,0.135098501078957,0.0552310382626712,-0.00422498090543804,-0.000346063009999941,-2.37653161623047e-05,-1.83516857226357e-05,0.000274886025131113,-1.81180810104324e-05,3.11886179836395e-05,-0.000885581355303752,0.000334733885992571,-0.00095213345325807,0.0225931504822962,0.00695302740410399,5.17430711934255e-06,-3.25296363641571e-05,4.70898396635659e-05,-0.00160726790942437,0.0020418557280766,-6.76268546174969e-06,1.32416331154551e-05,-0.00730827379816213,-7.1807273101517e-05,1.30649892012538e-06,-2.56530759550048e-06,-0.000231214395594787,8.68830013384548e-07,7.37891433756022e-06,2.18953156352394e-06,0.000128920110031064,-1.97098315300831e-05,0.00794067339462246,4.69206424336805e-05,0.000349005554774532,-1.72314507975162e-05,4.43141741877944e-05,-0.000394537613739466,5.52047993984635e-05,-0.000173275440618475,0.0741548520172067,0.000209277837329706,-2.5294455361752e-07,0.000253083849048876,-5.84701245171971e-06,5.57574838264075e-05,-5.89822766197414e-07,2.93015859728576e-05,-9.59362758517982e-06,4.74972027850446e-06,1.92691712014361e-06,-1.70342049565822e-07,2.64124789479767e-06,-1.04284935581151e-06,-1.03074346794482e-07,0.000191083408871324,-4.97788639936458e-08,2.06102902666787e-06,-5.95059372407689e-06,2.52573565066421e-06,-3.75307347814995e-06,6.23109176922778e-06,-2.83089681996221e-07,-2.11142044988809e-05,8.79188205584718e-06,8.42703630962744e-09,-4.70938555216814e-05,8.68869431079074e-07,-3.10540258015732e-06,-3.61556288659976e-06,1.04342150867855e-06,1.55723947270499e-05,-1.88086606030518e-06,-1.17284395120427e-05,7.02326301037526e-07,0.000149335109988372,-9.07836266138465e-06,-1.62639757411385e-07,-5.32463122763326e-08,1.38899249170132e-05,-3.41059775336594e-07,8.12186318690158e-08,7.2616668808443e-07,-7.09663888385063e-05,-2.23068019927689e-08,-7.03505450345256e-06,-1.58845962174601e-06,3.53892949752152e-06,-5.1061414644239e-06,-1.047042941845e-06,-1.53328440400759e-07,1.16971617189018e-07,-1.87252502974733e-07,-6.64961528667846e-07,4.36868392654748e-07,-1.22269500720496e-05,0.000177555495431893,-0.0624329263259919,-1.64701039827444e-05,1.65679973046259e-06,6.20671599480736e-06,8.12397270305831e-06,-1.30465616073804e-05,5.98747469167383e-06,-2.774592557536e-08,8.88048507244139e-07,-1.21612964837032e-06,1.06297603139812e-06,-9.00433055404725e-07,1.9315420678662e-06,-6.66291037332546e-06,1.18259783585837e-06,-8.80835548201032e-07,-2.39536660182094e-06,7.49717606714925e-07,-5.1372421065546e-06,5.04787859062547e-07,-1.04844048920552e-07,-9.63562433685389e-08,-3.28501451969773e-06,1.28738378814257e-07,-9.8864712098429e-07,2.17411772945977e-06,2.86422586940669e-07,-1.34198563438464e-07,-6.40173545750348e-07,5.52283007446047e-09,4.6992421170647e-06,-1.91515067743502e-06,5.5475394093752e-06,3.69707772370659e-07,1.46183386750975e-05,-2.95377352365192e-06,-1.90911514291613e-07,-6.02397783682892e-07,4.13767956181648e-08,2.25351671142861e-06,-3.98290956511637e-07,-2.69786292728799e-08,7.19067662874063e-08,1.12419564681874e-05,3.44970993010372e-07,7.52328309242402e-06,-2.87285791022655e-06,1.01134362836099e-06,9.08362905654926e-08,-1.39283450429558e-06,0.000233838397072626,8.20128463931194e-07,2.81355179952538e-07,0.000272392504876933,-3.41279187107518e-06,6.5017541900936e-06,0.00660892133771967,-2.41616015446697e-05,0.00437972237823285,-0.000108306779085885,-2.09151469767612e-06,-0.000107521042326369,-0.000278582793440377,0.186735967681452,-0.0051948640860688,4.7557645097709e-05,1.61952945404282e-05,0.500511118091422,-7.24636278315859e-06,-0.000481410615251625,-1.73262736187377e-05,-1.40038194328848e-05,-0.000476288227751236,0.000338864902282661,0.00954445030708971,1.7003480234451e-05,2.37781965158333e-07,9.92447717622302e-08,-9.52457146602698e-07,-1.32247622459194e-05,3.94799671429589e-06,1.77645102971355e-05,-0.000156461894704632,-4.49064516098605e-07,7.97220459604237e-07,3.12466222151871e-06,6.31068257474737e-08,5.14397573524096e-07,-6.92087139945672e-07,-1.2626787897273e-06,-6.26931350629242e-06,7.27885849651692e-07,2.87856678086717e-07,2.8624834026755e-07,4.63096510881461e-05,-7.35969404103168e-09,-1.35916435339369e-05,-1.87162052679802e-06,-6.48361903495021e-05,1.16903941063127e-06,4.32439098119545e-05,-8.6727029766253e-06,-6.27856942839965e-07,-5.89076028844182e-05,0.00204634644856336,-0.00022371222077718,-2.22635066493434e-06,-1.41134369481914e-06,-1.69963449064722e-06,2.52187841222595e-06,2.18748367676677e-07,-3.98537988378131e-07,-1.97885138561127e-06,-1.07904781841823e-05,8.81130887505112e-05,3.4154211251472e-06,1.11191940804424e-05,-2.93048701460363e-06,-1.51463654004851e-06,-1.60262872318603e-05,-1.22415646557057e-06,-2.18511720256984e-06,-2.47731242203268e-06,8.21553498987571e-05,0.0604827679535031,-6.75009855704773e-07,-7.52741356867485e-07,-7.12174085478056e-09,-2.26162871695012e-07,-1.49964686672048e-06,1.28893749663731e-16,-2.65309395196941e-07,2.03755003751075e-05,-6.43756167252201e-07,-1.24503772795873e-05,-2.1344755136075e-06,2.5633260497977e-06,-5.33030869352262e-07,2.11900716910891e-05,-5.09970120248368e-08,5.69455412911496e-09,-0.0375732025832132,-8.44105079559816e-07,-2.1593665074174e-08,4.62344778189025e-06,-4.47671794475892e-07,2.54563750895008e-07,-1.71423239167583e-08,1.32647972488739e-06,-1.26295480140768e-06,1.24762734226157e-05,4.03919199931714e-07,-7.90037331031933e-08,1.79372408856456e-06,-3.57859471003628e-07,4.20443591509068e-05,-0.000540215162372967,1.56933305545292e-07,-5.4240273793875e-08,1.14786721526291e-07,5.15640055474762e-06,-1.86730323520975e-05,7.77055061407816e-08,3.13540382925028e-08,-7.4107426009704e-08,0.000179613319373092,-1.41767313484307e-05,5.60133796653992e-06,-0.00509356909612102,-7.6051225317367e-06,-1.7027755619769e-07,1.17824624653585e-06,-1.47538889310137e-05,2.70327680556694e-07,3.11379801944101e-17,-7.47836432032579e-07,-2.58867365223931e-08,-3.9705909388972e-10,-3.60645970609431e-06,4.10343006939581e-08,-2.56620888567642e-08,-6.02440850189411e-07,7.06739663711581e-08,-5.63828481217797e-07,1.47741349042326e-06,5.43944233662439e-08,-4.90317914915748e-08,6.34815022481461e-07,-7.69779794424847e-07,2.7467954065192e-05,-3.71808511565883e-07,4.39299842515843e-06,2.38321223394165e-08,0.00123659027330249,8.84049612161199e-07,-7.30871539679878e-06,2.75763859150879e-07,-6.57878648426237e-07,8.81766186127384e-07,-3.19580777820215e-06,2.00074792264048e-07,1.80875054844874e-07,1.38887958949173e-06,-6.77889103367702e-05,-1.83692355583325e-07,4.40198255218314e-05,-9.71991172326334e-07,2.40043663764269e-08,2.22892266612252e-07,-4.30739142310894e-07,1.02096148720385e-16,1.26762109317626e-09,8.51266645248362e-06,-4.8141558172332e-07,3.54898514521178e-07,9.26846067183952e-06,9.24616680811999e-08,2.14422439122165e-07,-3.13469473758989e-06,1.16280927423935e-06,2.38213856965679e-17,-8.871171493719e-07,-1.08088490660154e-08,-3.01908306197609e-08,1.60311144234877e-06,2.2637173583399e-07,-1.52642878850544e-08,-5.83618924795107e-07,1.5580365168945e-07,-0.000148260694163536,9.53683831081892e-07,-1.94232639232638e-07,-3.51380183821758e-07,-1.8580500846483e-08,-1.83411079441678e-08,-3.49941719772781e-07,2.33902095065948e-06,-3.79344207341608e-07,9.70006789170151e-17,-7.7336280755062e-06,6.07238955042088e-07,5.08240096956498e-07,1.53580835629124e-07,-7.20549550334371e-07,-1.52398923022297e-06,0.00014073493549475,-2.7503659361576e-05,-1.28297319692693e-07,-1.60226821296982e-16,-2.396466068585e-07,-1.06450244846781e-06,-3.046758863506e-07,1.911447770023e-16,5.75998958197818e-07,5.79857652808762e-06,-8.84527719395072e-07,-4.70590170555424e-07,-1.56949752159366e-07,-8.39975158242626e-08,-3.00432007150603e-06,8.38604822450757e-08,8.91336144876022e-07,4.16675587082837e-07,1.83504886801924e-07,1.85101369114695e-06,-2.12587473556054e-18,-7.39318206439399e-07,3.47554987394937e-07,2.25701628803634e-06,-2.28918809156207e-07,-6.40688349434546e-17,-2.2617132365646e-07,3.00835629066753e-07,-1.06069049439246e-07,-9.51783643397146e-08,-2.43740482346325e-07,1.84714714547431e-06,-3.70973164945928e-06,6.73633500741747e-07,3.44778250193197e-16,7.10409853335329e-06,-1.3252317734719e-05,0.0286670640287499,-6.36920455340458e-06,5.90585355418674e-07,2.93467164951411e-09,-3.26875338244726e-16,-1.52553761845816e-16,7.7213596200361e-10,1.9637029947778e-07,-2.06485151697985e-08,-1.11348550910685e-08,2.39090458977462e-17,-2.77704033952569e-08,-3.97309711704411e-10,2.08669683939239e-16,-7.10041286161949e-17,-9.56387606629306e-17,1.12850215404066e-07,3.40171395246121e-07,-5.23122504704078e-07,3.21554096023883e-07,1.60957037757815e-07,3.42481615212609e-07,-1.65438440901434e-06,-2.19430759264114e-17,-3.80110853111569e-07,6.78980973153097e-07,2.77687655897078e-19,1.13356547638342e-16,-7.07411826094013e-07,-3.46159641350037e-11,-2.66861276038196e-07,2.09621570510329e-07,2.66940926329439e-07,-1.43761170673305e-08,-1.81289166098625e-16,-4.84278282834273e-08,-3.04220591741954e-17,-1.6579490193326e-07,9.70613518478814e-16,-3.0234087232286e-07,-4.73044462083591e-17,2.37238293546514e-07,3.28411864364658e-07,1.98426492287456e-08,2.62623013315944e-07,2.56679891559044e-05,-1.03261327145076e-07,1.87598356376778e-05,3.28573591669248e-08,1.59842829061139e-07,1.47516251687706e-08,2.31596706477024e-07,-1.04132859546749e-06,-1.61631028449397e-07,-1.31401768212058e-08,-3.14279275999137e-07,-1.30611167749415e-17,4.6959426688014e-06,-8.11321956031795e-07,5.05129404669167e-08,4.77617449060393e-16,6.6961350367068e-09,1.81872907254183e-07,6.51283810538184e-07,8.93935272400716e-17,-1.74656205345525e-06,-8.40813410221094e-08,-1.69615503784874e-17,-1.11231750614181e-07,1.73443012343806e-06,2.18904725885934e-16,-4.75897694876696e-16,-1.01573091265399e-07,-4.93746593548544e-08,-2.81801206733446e-10,-3.9179872783968e-07,1.04561246524304e-07,3.39680868713879e-07,2.96606484131942e-08,3.6565673220342e-07,-6.25535856853561e-07,2.83053275572112e-15,2.37432301011889e-06,8.92318060866942e-10,2.46984282439671e-09,2.32062698799904e-07,1.63451660963745e-16,-9.19042756530487e-17,7.68295154346858e-08,2.14193965209285e-17,-1.36469184195842e-16,6.09867727723935e-07,-8.23897659369813e-06,-0.00471970730789627,-5.46340259075603e-09,3.79380090085112e-05,-1.02352942413869e-07,1.34510751588096e-08,1.06102024217112e-16,3.88264591009199e-08,1.82890964379562e-09,8.41320599327703e-09,-9.51088293278532e-07,6.79530182469904e-05,3.7404087170597e-17,1.11725118437927e-16,3.32009478870005e-16,-2.99782270488575e-08,-0.000626367213748225,-7.95943998549794e-08,-4.13056525824128e-16,-1.22208689066293e-07,-1.68995924844221e-16,-2.09383812862738e-16,1.83252334848234e-06,-4.02416529822576e-08,6.09410622313954e-16,-9.92517726048609e-08,-5.6756410829482e-07,4.82970670777203e-16,1.53902384712162e-07,-1.28633696707651e-16,4.12251674225226e-08,2.68792194353559e-16,4.11420040071083e-08,3.56211199251054e-07,1.42640190298302e-07,1.21406846434075e-08,8.3418135683292e-08,-2.90051077207127e-07,1.158904956626e-07,-3.69704713184654e-16,5.31182080241799e-06,-8.58011000626898e-06,-1.54483792874149e-16,-3.95081832723525e-08,-1.16103822996862e-07,1.87587038003422e-07,8.52708492549605e-18,8.70672334862158e-08,1.27291059293241e-06,1.00382554597898e-17,-2.88175138334354e-07,-6.37834978939967e-08,-3.67812621726815e-08,1.32951105647061e-16,-5.32351934027953e-18,5.98764081022428e-08,1.83857977741242e-08,1.48841402339924e-09,-1.69191530020883e-07,1.11931771703437e-08,-6.17520871278574e-17,8.68734172591511e-17,4.11622176487304e-08,2.84063955675425e-10,-3.74557472050463e-16,1.02683047082538e-07,-4.44695414963588e-17,0.00231724892759751,-1.7863229849307e-08,-1.04702845665513e-08,-7.00660929396436e-08,-1.37952461199089e-15,-3.20243097259637e-17,-7.02527148153699e-17,-8.43260354593691e-17,-6.39201558881294e-08,-1.39476493625415e-07,2.90753021594381e-16,-2.07772879880069e-16,-1.05896992848465e-16,5.58421198316023e-06,1.7741929008616e-09,-2.50649200861971e-07,7.25353314897295e-18,-1.53409016799658e-16,6.60840877102209e-16,-6.47871038855452e-07,0.000856014693451559,3.6564726564104e-17,2.28749273208143e-08,-9.55531800866494e-07,-4.84205305390297e-17,1.48493287829319e-16,-6.02775238840817e-08,-6.17868292468714e-10,-2.99767985917313e-08,-2.65877963031573e-16,3.39184978021082e-08,4.95485257664601e-08,5.33968906191889e-08,-4.89728455440051e-08,-1.74732516464113e-07,1.49319554319546e-08,2.95339834897671e-16,-1.68275721678282e-16,2.8308372518338e-16,2.89957410789758e-07,-7.40858650199067e-06,-1.43111120419476e-08,-1.14294047222298e-08,4.86338253749518e-16,1.82360060294562e-16,-1.28317286830535e-16,1.80579930441375e-16,1.00599552378225e-16,6.11205174204812e-07,2.63001182117284e-16,-1.97346986073204e-16,-9.05308754307887e-09,-2.28004999568209e-16,-8.10734862012502e-09,1.64798730217797e-17,-1.00581928887894e-08,8.09180729444329e-17,-1.23527286366557e-08,-1.55143842615922e-09,-9.84708736913316e-07,-1.25141475353747e-16,5.04315910460853e-08,-7.57052473797883e-17,7.27722800867517e-08,-1.44367794803232e-06,7.26429781376938e-10,3.9044430908369e-16,1.07177809411404e-07,3.17721564421811e-16,-2.68454362260849e-08,-1.51673930917776e-07,-1.7515432031734e-16,-2.73804152111067e-18,-2.72694542967067e-16,-4.60789512139364e-17,-5.17982551983035e-10,-6.77753765330079e-09,-1.52204823782751e-09,-4.08692458269802e-17,2.2564967470506e-16,-1.82300918802446e-07,9.36338061962008e-07,-1.50882942281161e-16,-2.82859935343276e-16,-7.47286042752606e-09,5.8720539711165e-16,-5.35114945500173e-08,3.72249661532211e-16,5.22025992420435e-07,2.74639524016951e-17,1.87599144236526e-16,7.07525907899795e-18,2.11183781145032e-16,-4.20785161429663e-16,1.13286636553255e-15,7.52265961558855e-08,-5.26750929270394e-07,2.42478227001674e-16,-5.23570016327623e-08,2.02321185955575e-07,-4.527935190226e-16,4.89330679257038e-16,-3.44175580045727e-16,-1.46780051857735e-15,2.15587713652783e-08,3.52050329325968e-09,8.71687650644652e-16,-1.08482002581764e-15,-4.09786441914653e-08,-1.46668083167836e-07,-2.46936732524413e-08,7.51803840475527e-16,2.22377721642317e-16,-1.72078290493605e-16,-2.37994900918141e-16,-1.99499375138423e-15,-1.35030635677765e-15,1.12724362843972e-07,-1.1013617799108e-07,-2.19200847039498e-08,1.12905223309502e-15,-6.99386510171363e-16,-4.42999170231862e-16,-6.26102895130798e-16,2.15382891435764e-16,-4.06818107290253e-15,1.3320658022687e-15,-7.35387923127941e-16,-9.05757682755991e-16,5.45953582283738e-16,-1.03601042622962e-15,1.60642725912221e-15,4.07885819129281e-15,6.94289805614292e-15,5.09153672289722e-07,2.65060131866887e-15,-2.99637230037068e-14,8.84741361374358e-15,0.393279807903744,5.09563297713972e-08,-1.99476553940952e-14,4.61933714269958e-07,-9.98497820546278e-05,-2.2284580466536e-15,2.31106303328555e-15,4.60118626801459e-07,-2.34467827870063e-17,-0.00011906006120567,3.98440505864637e-16,6.65235687877752e-16,1.92044193540822e-15,-1.66011510074489e-15,-1.53907029404886e-09,2.02138351138999e-07,-1.12555875381942e-15,-1.47597733830955e-15,6.75506497161165e-16,-2.92587534118903e-16,1.87817236498882e-15,-4.16134619283975e-17,6.39826120532833e-16,2.82713137616882e-16,1.78404522492562e-10,1.45275097383254e-16,2.99133382357188e-16,2.1163408624362e-16,-5.49757885427025e-16,-1.34045353654416e-16,-2.20110876125461e-16,-4.60572673025513e-09,-3.81793056576815e-17,3.34022108094249e-16,3.92552634279015e-09,4.93449158123186e-16,-7.19926874997576e-16,7.87211271433351e-17,-5.69183878039455e-16,7.80091882894861e-08,1.11618466551076e-16,-5.64388485783175e-09,-2.79509269111437e-16,-2.86251912229308e-17,-1.52941878057352e-15,8.44411827280607e-16,-2.66241979184948e-16,8.7571231872621e-17,2.3053677949303e-10,8.3398262949623e-15,7.24875837359083e-17,9.68877980242869e-09,-3.11655188120574e-08,4.51812771614821e-17,2.30861363270062e-08,3.43599730416659e-09,2.75037712224098e-16,1.05461237679778e-15,-3.3228941769937e-16,-8.99008662319816e-17,-4.7461083189633e-16,-6.91193854446841e-09,-8.68174888201418e-16,2.45963223559864e-16,-6.92219997127924e-17,2.86305325497352e-09,-6.37328916994974e-16,-9.65953724443492e-16,-7.78290614571184e-16,-2.87214824939856e-16,-1.35729086191233e-09,-4.30251739246068e-16,4.53047326247623e-09,1.97473645753625e-17,-4.31689618826168e-16,-7.49451856368275e-16,4.22956224793762e-16,-1.03434217775903e-16,1.83747290431261e-16,-3.1347714260159e-16,-5.21440556703632e-08,2.04045582457316e-16,2.71458838937309e-16,0.000112792361462612,1.27920722389885e-17,4.28745941965611e-16,-9.85748850721604e-17,-2.7678283587951e-16,7.25379800831708e-16,1.2119115815694e-16,-2.40214091624695e-08,2.51139907734313e-16,1.09426816992823e-15,1.40035825236906e-06,-6.54269891603977e-16,-2.13051180920143e-16,4.22345113226647e-16,6.18571439626207e-18,3.39752845472451e-17,-1.45128374520807e-16,-1.59084212257935e-16,-1.37990666837841e-16,4.88350848719166e-16,-4.09313018492801e-16,-4.02289870715018e-16,-7.65620002494737e-07,9.10888667640675e-08,-4.47214857633048e-16,-4.39010745635653e-17,3.56297496686683e-16,-4.86475441977564e-19,-5.84414152215515e-16,1.0237751970134e-15,1.77299368567749e-16,-7.2703592407729e-16,-1.16848197596405e-09,5.77279066727794e-16,-4.75874567601985e-16,-4.46162973826676e-16,1.10090685728574e-15,1.51998661049396e-09,5.74483737935026e-16,-1.68876514647869e-09,-8.70277835711345e-16,1.94443083592002e-17,1.2154010242524e-15,-3.90748008048569e-16,2.83162513641154e-16,-3.22715746546353e-16,1.17250291854421e-15,4.33469995641451e-16,4.98546975028371e-17,4.13849791616873e-16,3.43739418844976e-16,-1.09638064688484e-15,-4.13426590528281e-16,-1.48568372672131e-15,-1.44455126747214e-16,1.76093709522638e-15,-1.02826975383448e-15,-5.08475279837039e-15,7.8361555223829e-16,-3.47744098924083e-15,-7.6207483796163e-15,-6.29589903206426e-15,-2.9115565258635e-15,1.31720481528459e-15,-0.669838506431329,1.21439574731597e-10,3.60040146135805e-14,1.02006581262142e-14,-9.55338512108281e-15,3.26131454762054e-15,-2.6810794320714e-15,1.00997701449419e-15,-2.58278498343847e-15,1.96256020271841e-15,-3.96487640628134e-16,6.04770938227164e-15,-1.56050348921427e-14,-6.58327973782693e-17,-6.64903402015611e-16,-1.27044858417075e-15,-2.69005759834706e-15,5.05645264751496e-16,-4.53602104556988e-16,-1.58118404947443e-09,3.95978858000262e-16,-8.23212822248348e-16,4.77001935419504e-16,2.22532420757169e-16,7.94776277164733e-16,-7.24078015946763e-17,3.21372993934183e-17,2.68744945790232e-16,-4.66962758448194e-16,3.331450282614e-10,1.56882421473334e-15,-2.78962593023297e-16,-2.65854546480348e-16,3.80156920133583e-16,4.25356273652638e-16,4.46118416502398e-15,2.45212845169876e-16,3.11654433515734e-16,3.50388025082735e-16,-8.88783828615308e-17,4.52768364164893e-16,1.36153157790348e-16,8.2240225813736e-17,1.59246299008256e-09,-1.38170190983076e-16,-7.98500281427608e-16,-1.75553070922423e-15,-5.19077452731829e-15,-4.40337691739807e-09,3.80557380085364e-16,-8.37768817673104e-16,-1.36618001256054e-15,-6.10998380342801e-16,3.56841073564665e-16,-4.82198999575005e-16,-1.43351259916718e-15,2.82801337699413e-15,7.42138666131046e-17,3.41489975925143e-16,-1.16262419330122e-16,-7.01426096279555e-16,-4.1943668641974e-16,1.72937007459176e-15,-1.75845055062877e-15,1.29050607277813e-15,-4.08567102616761e-15
"t148",-0.0310488825650738,-0.0169824449599501,0.00520219667349255,-0.00576663111955236,-0.00156434121959259,0.00123748324510106,-0.00737269419746059,-0.000172115478733377,-0.000115767222452943,0.000761656569691055,0.000720663348778213,-0.1015453132962,0.190610650209938,-0.035648014432112,-0.0322797329244521,-0.0351411524486134,-0.00172267027830095,-0.112066202625792,-0.00133497156304218,0.000619971669785005,-0.00995537106739263,0.00129762484080486,-0.000920163753833451,0.00853127179674921,-0.00532580260200019,0.000484196774528311,-0.000652304438574808,0.000655679164957855,-0.0137123792160991,0.00764038949802223,-2.05100194015723e-05,3.40648903343076e-05,-0.0127977119465447,-6.20649021376491e-05,-4.05461956187992e-06,-9.42063148724166e-06,-0.00233319963418293,2.0008349273636e-06,1.65862494889798e-05,4.50786362244173e-06,0.00021457220212864,-2.39150778916724e-05,0.000298480633266615,-1.78322603558292e-05,0.000660065020823426,-1.53728887059127e-05,8.97608782966914e-05,-0.000258742983464331,2.54665514922532e-05,-4.52578177876563e-05,0.000469014739781008,-2.27392038230162e-05,3.1692694016797e-08,-6.70454061950264e-05,3.0818967727122e-06,-3.15168169406787e-05,6.66073186984978e-07,-3.53388837769748e-05,1.16186761722719e-05,-4.44429217084127e-06,1.33526480624097e-06,-6.0450681342747e-07,3.02667912300495e-05,-1.75206561074689e-05,2.0035460312665e-06,-0.000103854310493274,6.05429418146403e-07,-2.48997779550871e-05,7.25790192679352e-05,-3.17199109029367e-05,0.000147134591023531,-0.000134792848514217,6.41858243665412e-06,0.00119348127668341,-0.000500592222764685,-2.17048216946421e-07,0.00123848468834779,-2.50621416462358e-05,0.000110724765669755,0.000141263928198254,-4.81780016907913e-05,-0.000747130577452774,0.000123340383541138,0.000858295684341973,-0.00010499412530816,-0.0404710087715413,-0.000896563308717907,-5.62715815051907e-06,-1.21853812836885e-06,-1.69527792107698e-05,1.87262895309982e-05,-2.90578927423669e-05,-0.000302684533463367,0.34617925293401,-1.00699667974209e-05,-0.00293425215207881,-0.00208652552656842,0.00123237065356016,-0.00172633342075414,-0.000360673092182322,-6.66696028993433e-05,0.000139494726871553,-8.86063471563433e-05,1.93845249391034e-05,-8.20561834188888e-06,0.000373721584809598,-0.000412670647112492,0.000177871310529977,-6.20488867052567e-05,1.45354229976894e-05,6.36135548115468e-05,0.000144594575363999,-0.000242468498793861,0.000192909745190017,-9.59374610371705e-07,3.50619602031666e-05,-5.06378815431115e-05,5.07248147075015e-05,-4.88391537451662e-05,0.000115902518846237,-0.000424881294254784,9.6191404518271e-05,-8.77703842953986e-05,-0.000240804085426771,7.79804512198221e-05,-0.000717384823033656,7.26242686178638e-05,-2.2268017363538e-05,3.86327502602761e-05,0.00127227798139683,-0.000111580603911143,0.000110688381238292,-0.000526817447100363,-2.55830587319665e-05,8.93951310197636e-06,4.11065209695213e-05,-2.21182809905294e-07,-0.000138980499559768,3.98041014224057e-05,-0.00011423776430675,-7.20321899921506e-06,-0.00027700980165344,5.35551084286926e-05,3.40413260716455e-06,1.07389273497269e-05,-6.56155569247558e-07,-2.86163415342808e-05,4.07820522266098e-06,2.62112777375741e-07,-6.22974645943508e-07,-9.65176192558523e-05,-2.83608113785786e-06,-6.0296225477258e-05,2.23686637939352e-05,-6.04416981001004e-06,-5.20319548321526e-07,7.74156078689351e-06,-0.00144972635670369,-1.66037063401092e-06,-5.51829284334062e-07,-0.000992638652826562,4.31198440974107e-06,-2.72582149807738e-06,-0.000544583020859605,3.80484616985335e-05,-0.000213588161458274,1.85325353003077e-05,3.16062466036743e-07,1.57057712564279e-05,2.07639960857225e-05,-0.000382444444061331,-3.78803325887628e-05,4.60048741626162e-06,1.63858057780414e-06,4.44575067514293e-05,6.18048435711696e-07,3.90615899003157e-06,-1.59806605696176e-05,-9.62852904119884e-06,-0.000301507386419768,0.000190043481907953,0.000587925555615626,-8.06813172989972e-06,-1.11399254244633e-06,-1.0056878987402e-06,-6.94740093882941e-06,-3.54578904353811e-05,8.15745266683119e-06,3.66400543070543e-05,-0.000319407933111638,-9.26344181317411e-07,1.68706881395261e-06,6.68038979205287e-06,3.28460401682224e-07,1.13136826027504e-06,-1.5814329364088e-06,-2.90993489288279e-06,-1.4715321512559e-05,1.72451911973358e-06,7.36693445235301e-07,7.35467960446802e-07,0.000123496590368485,-2.04370742016553e-08,-9.85444468247509e-05,-5.72595581363671e-06,-0.000205901106344333,3.88643017783484e-06,0.000148830646546892,-3.32491360003679e-05,-6.42052199994236e-06,-0.000245824892615442,0.000992043504190568,-0.0289340874235626,3.89072496458266e-05,2.38337526907365e-05,1.36431950792886e-05,-7.04767123261401e-06,-5.24459144077641e-07,4.6454329888311e-07,1.45466273260456e-06,6.75972401213755e-06,-2.74326669288488e-05,-8.84286647672728e-07,-2.32121967890981e-06,2.74296747526563e-07,1.15183467817611e-07,1.15383715137097e-06,6.2632483018866e-09,-3.60478184275687e-08,-5.63866598103732e-08,1.38678729136402e-06,5.07279457690497e-07,2.59871365492494e-08,4.40637285081966e-08,-2.45521020022429e-09,-3.94192262761776e-08,-1.91830744988063e-07,8.71519660230393e-17,-2.42151456319163e-08,1.73285834932222e-06,-2.81202540998027e-08,-1.43821806701783e-07,3.15244523836837e-08,-4.18084322318506e-08,2.91760464398455e-08,-1.20667490268903e-06,2.90825477267448e-09,-2.4184231217838e-10,7.09423600929103e-07,-7.98853008204927e-07,2.72876104166407e-08,-3.86081671244862e-06,2.1238560269329e-07,-1.36673078840916e-07,1.03064894361099e-08,-2.09037579185254e-06,2.39086806594229e-06,-1.00628456067189e-05,-3.65983580465059e-07,7.57923138165664e-08,-1.82288392306795e-06,3.6402648510119e-07,-4.12606852796609e-05,3.45431970941169e-05,-2.26410278399948e-07,7.76283542039949e-08,-4.06950040021602e-07,-8.10600050618723e-06,6.66878960210475e-05,-1.17529768714372e-07,-4.7764069410486e-08,1.08900897214494e-07,-1.5241108337518e-05,1.49271992612874e-05,-3.46759471338096e-06,7.70031450159942e-05,-3.94320089992361e-05,1.16370445060045e-05,-7.81829743108919e-06,4.74257184989732e-06,-1.65281549162226e-06,-7.03735273938791e-17,4.51180931579377e-06,1.56766410128884e-07,5.83541798263971e-09,5.68064370134877e-05,-2.94750473044425e-07,1.93025615480652e-07,4.64290884747688e-06,-8.26970582781908e-07,6.83577785742994e-06,-1.80887691070585e-05,-8.00271492244741e-07,1.73516430326523e-06,-2.98448762357086e-05,4.69619245885817e-05,-0.168252965096318,-5.77970903185756e-06,4.61078258935907e-05,2.26630620424643e-07,1.94356801228789e-06,5.10077299538487e-06,-2.5660570825828e-05,2.17577493582084e-06,-2.01005231997834e-06,2.442348241413e-06,-8.59083138856079e-06,4.17891821135919e-07,3.70183559788972e-07,2.72253754937357e-06,-7.14046226368887e-06,-3.30322051218321e-07,3.91862191006027e-06,-1.46750979514867e-06,3.48593931047711e-08,3.02775860859027e-07,-5.04277472140465e-07,1.02186114736102e-16,3.27296252792967e-10,3.65921958508075e-06,-3.38393362153915e-08,2.37840898485012e-08,3.22580115647109e-08,3.44637040142181e-09,-2.6049337270245e-09,2.19447727882819e-07,-2.14718391559843e-07,1.78955470417123e-16,3.86409319037154e-07,5.03451556095415e-09,1.60050677128366e-08,-2.0409761519456e-06,-1.56742518650276e-07,1.18498353908917e-08,5.21128673825724e-07,-1.51309191876097e-07,9.41313977711265e-06,-1.273766730709e-06,2.79909655532312e-07,5.28396850338993e-07,2.86856293451015e-08,2.96686542322061e-08,5.68994914000137e-07,-9.28905729556434e-06,6.53773881760186e-07,8.18206827038938e-17,1.63583809399735e-05,-1.34813367667768e-06,-6.20801610885859e-08,-4.02160128678523e-07,1.94484315958218e-06,9.36847525504761e-06,-0.000230224482657247,0.0100330333373684,-7.52938265257285e-07,-6.98991858433775e-16,-3.98497939071333e-07,-2.70003279457842e-06,3.62341080652161e-08,-1.12582067005346e-16,-4.0316953409871e-07,-4.60586414767767e-06,7.42223136173853e-07,4.34900396540263e-07,1.64485154407683e-07,9.48146775361035e-08,3.56332583425018e-06,-1.11708720936784e-07,-1.20104202340503e-06,-1.41429375344869e-06,-2.85198557033534e-07,-2.88739747363153e-06,-3.93688145553394e-17,1.29168488163627e-06,-6.16712350930116e-07,-4.13093537935712e-06,4.36100635449611e-07,1.13114614589262e-16,4.59703467861756e-07,-6.40195340228018e-07,2.28546603872715e-07,2.05910003579978e-07,5.29053690209299e-07,-4.0147862941762e-06,7.95703851636539e-06,-1.20777431562316e-06,-2.85968710033997e-16,-4.70129538470525e-06,6.30574986074616e-06,-2.82599831234647e-05,-5.99807529411459e-06,6.10273922819988e-07,4.11467072742582e-09,3.62300509611217e-16,-1.49843256414602e-16,4.07015298203299e-09,3.69610735645322e-06,-4.88496211786659e-07,7.1996109186083e-07,-2.41584725429393e-15,3.5502844864136e-07,4.26161214519736e-09,9.49954530080855e-17,-9.7306535642948e-20,-9.02227716876603e-17,-9.48532664776937e-07,-2.81401313375101e-06,4.14991480252963e-06,-2.49081920324953e-06,-1.24399631505563e-06,-2.6066739780735e-06,2.96476064077334e-05,6.2714912108374e-16,0.00044975846126837,-5.04733338534161e-06,-1.66882024864896e-16,-1.49364625147483e-16,1.24440241187922e-05,2.58569108604405e-10,2.00103506077408e-06,-1.57653786638627e-06,-2.02074937556954e-06,1.0895117978256e-07,1.523936677477e-15,3.67598516278344e-07,6.63333868491792e-17,1.26449030409122e-06,-1.04620303078015e-15,2.31436006371238e-06,-2.53396212327646e-17,-1.82475798596249e-06,-2.52852724867363e-06,-1.5465861055762e-07,-2.04247746967783e-06,-1.12288504012447e-05,8.15755789684177e-07,-8.30028097649728e-06,-2.6415757191156e-07,-1.28519298985107e-06,-1.19039545249135e-07,-1.8817172480562e-06,2.0131333084168e-05,1.33612130783603e-06,1.09332520364095e-07,2.62365835642539e-06,1.6531217519646e-17,-9.3221728859461e-05,1.62534638276133e-05,-4.40401946593608e-07,-9.92747080028298e-15,-5.88207081170704e-08,-1.61576244145937e-06,-5.8155004768032e-06,6.36678793549053e-17,3.6826608424823e-05,7.59308326016214e-07,-1.75062829325322e-16,1.00921700366339e-06,-1.61700975069104e-05,6.48772007850698e-18,6.64486498175369e-17,2.25312962606574e-06,4.65410598683543e-07,2.66727867716589e-09,3.72605408859777e-06,-1.00467119979932e-06,-7.6901427641903e-06,-2.85550537708102e-07,-3.56223584898742e-06,6.13904805068338e-06,2.92005091287422e-16,-1.40429275728281e-07,-8.7764155317727e-09,-2.43098492829961e-08,-2.28512622944382e-06,8.16505224945691e-17,-6.0052947029793e-17,-7.56231045221879e-07,8.39748817813723e-17,4.42288916117435e-17,-4.94769811448577e-06,5.57637128292584e-06,1.14093615625234e-05,6.36854208551983e-08,-0.00029271894927644,-2.01952000478564e-06,-1.74744142283919e-07,4.69045855994037e-17,-4.53097324699852e-07,-2.13085303277458e-08,-9.79940587665075e-08,2.61684601771611e-05,-4.44129633307915e-05,1.78208941967868e-16,2.59525151194644e-17,-5.54045809407668e-15,3.58908094737042e-07,1.9273560841187e-06,1.01431869736584e-06,9.75738054370878e-16,3.52371260855461e-06,3.60456370355257e-17,-9.21026681461941e-17,-2.30714223885079e-05,5.06856068298325e-07,-3.07593543095241e-15,1.26062549442497e-06,1.70782117888587e-05,-1.48371921487043e-15,-1.98447473554202e-06,-7.82532839735231e-17,-5.38225972930505e-07,2.40400022915509e-17,-5.37744785483223e-07,-4.65991854929166e-06,-4.40206087996624e-06,-1.59195611623621e-07,-1.09721902656665e-06,3.85988218919338e-06,-1.56767534469341e-06,4.41762950009323e-17,-7.33049704485284e-05,6.62207725469884e-06,5.28193669168564e-17,5.48544439990003e-07,1.62016785900614e-06,-2.6300851462862e-06,1.54780835559068e-16,-1.24086792556294e-06,-4.28645353172909e-05,3.73456399328888e-18,4.13619455882528e-06,9.17448603371214e-07,1.25595590265299e-06,-2.97974647577488e-17,-2.32870505817665e-16,-8.8371646873648e-07,-2.73379618530113e-07,-2.21644990826763e-08,2.58562917867088e-06,-1.71157625134722e-07,1.87745480887064e-18,1.98561199610238e-17,-6.2809884269337e-07,-4.33228738620762e-09,-2.8280026923343e-18,-1.53228858753784e-06,-1.19434763217937e-17,-8.82190173391617e-06,2.99202326352053e-07,1.74966506627134e-07,1.16376507647847e-06,4.87328419013754e-14,-2.4255904171094e-18,1.04251717441036e-16,5.22338569994342e-15,2.50106421622655e-06,2.3212954226587e-06,7.08258082726644e-17,2.35906951956172e-16,6.37676300535794e-17,-5.24670045163554e-06,-2.9738190297633e-08,2.63367942238587e-06,1.81051141398399e-16,7.97514678787585e-17,-4.07506620911215e-16,1.06264511351972e-05,-3.59353080483537e-06,1.28508014686414e-17,-4.0150438812624e-07,3.955840170027e-05,-4.56627781752621e-17,4.09206969599125e-18,1.06844160346463e-06,1.09590927169221e-08,5.34290028412746e-07,1.59780692198525e-16,-6.0959188119647e-07,-8.94620680153083e-07,-9.70331097011462e-07,8.97753741602568e-07,3.21061313572499e-06,-2.75560511219027e-07,-1.03553074071432e-16,-6.6491134490855e-16,-3.84521071253902e-17,-5.47237794119669e-06,7.88892591661796e-06,2.71470251077875e-07,2.19926662500858e-07,1.40550274951816e-16,-2.24135006845531e-17,-1.21616861093229e-16,9.42506830516445e-17,9.08085465371906e-16,-0.00156064411166896,1.58618162554721e-17,1.89179501958425e-16,1.77114834084228e-07,-3.82270213377456e-17,1.58664586819172e-07,1.14925430283463e-17,1.96949306831108e-07,7.82674376750717e-18,2.43982502674255e-07,3.06989083846809e-08,1.95370207344439e-05,-4.4004221674127e-16,-1.00372195737017e-06,2.97324911445658e-19,-1.45793459588625e-06,0.00376501069852658,-1.35761565065953e-08,-9.51654935605516e-16,-2.13871259616187e-06,5.36917657027384e-17,5.37969143914466e-07,3.03962073002847e-06,-1.37813746779931e-16,2.14164301509451e-19,-2.77367220946317e-17,6.12899129222752e-16,1.03779198286387e-08,1.35739193828789e-07,3.04655020134105e-08,-4.72523475581558e-17,6.94922253358138e-17,8.53361541247674e-06,-1.86408968218466e-05,1.00850297876484e-16,9.227323770302e-17,1.46912799064647e-07,-3.07238704718512e-16,1.04810354460439e-06,2.33002297147674e-16,-1.00902478322123e-05,3.67099279718617e-18,2.33875117036422e-16,5.26170473049927e-18,3.1471299687645e-17,-1.98461652235702e-17,-4.36983658082562e-16,-1.39545154243542e-06,9.76441673743184e-06,-6.73867538946834e-17,9.50920182362133e-07,-3.63912483997118e-06,-2.57781114520572e-16,1.4467937633428e-16,-2.39342380573631e-16,-7.75068922587529e-17,-3.68346775358956e-07,-5.92748370402161e-08,1.5441210882273e-17,9.57674416209343e-16,6.77809563999465e-07,2.4200806420925e-06,9.49517022619922e-07,-1.83612431833831e-17,-3.9452230453148e-17,-2.49520556873217e-17,-6.18751905458645e-17,7.67738602300669e-18,-3.23639523885196e-17,-1.50890732913156e-06,1.4341032263332e-06,2.77092639020498e-07,5.30086304626613e-17,-4.06079975507049e-17,6.36254076711387e-17,-3.98280597105903e-17,-1.3740937930796e-17,7.73146490453583e-16,-8.82636874976652e-17,-1.42546175212867e-16,3.3944851234361e-16,-4.02618556430079e-18,-5.04042636416462e-17,-1.36946395726888e-16,-1.85062934709953e-16,-9.38194247565204e-17,-1.14230802718251e-06,-1.00534292172128e-14,1.18758939398477e-15,1.842058116663e-15,-2.60083119293022e-05,2.85827530873477e-08,-6.77566269154137e-17,4.23943236207352e-07,-2.42145234783047e-05,-3.81718150657315e-18,-1.54241779907586e-15,4.32714276715075e-06,3.20986497991536e-17,-6.20798141320263e-07,1.64071935509853e-15,7.83570519113491e-17,-3.55978010565742e-17,-5.09458887165331e-17,-5.73379156908458e-08,7.89340124280367e-06,8.7052303606794e-16,-1.31725162056721e-16,-2.36723419105734e-17,1.70160302220257e-16,8.08580871801865e-17,5.53573761366512e-17,1.54784959832445e-16,-1.77644195520956e-17,-7.52094864154232e-07,-3.09604514256847e-17,-1.39214532724837e-17,5.42671363300083e-17,-1.06326555697241e-16,-3.33111554207982e-19,-1.88506796733599e-16,2.21743211504112e-06,-2.38678369808729e-17,1.61606219138614e-16,-1.66307517304987e-06,6.10425256085502e-19,-3.15848158994518e-16,1.65200386907814e-17,2.34220260295569e-16,-3.8412837562292e-05,1.46907923308716e-17,1.11485283169074e-06,4.02638317604375e-17,8.68722225085974e-17,-3.27114232531306e-16,7.87852367190394e-15,8.07923625883387e-16,-8.95146910847789e-17,-4.14215935113905e-08,1.23259225219732e-15,1.52549158883474e-18,-1.64881762545178e-06,5.29097240471578e-06,6.58367982099816e-18,-3.77823447508536e-06,-5.56749965971394e-07,3.04906986356239e-16,4.33271021813213e-16,1.63283580636328e-16,7.45726033340695e-17,4.39732039596852e-17,1.0276254722913e-06,1.40067487556678e-16,-4.18546707770303e-16,-1.86263135722741e-17,-4.22108400510251e-07,2.45569662836531e-16,2.29845396450511e-16,3.41627727916203e-18,2.85294377954904e-17,1.99149498543603e-07,-9.04437168283908e-17,-1.5602044191207e-06,4.06872235891235e-17,1.00870478164097e-15,-1.17801623761078e-18,4.11337163046834e-18,1.92562568120129e-16,-6.62003514794876e-17,2.15413286964307e-17,7.70360891294886e-06,2.65921867832146e-16,-1.68868386032082e-17,-5.22785568477518e-06,-5.80322191439484e-16,-2.75879184880582e-17,2.70180635544803e-17,1.13580307002061e-18,1.18867065697282e-16,1.03386588667724e-16,3.63270602697087e-06,7.15419865632354e-17,-3.11583837080231e-16,-1.21422299464458e-05,-3.15927739636834e-16,-2.89665735279771e-17,1.39952354602198e-16,6.36870048954656e-18,-2.2546092081748e-16,2.33221000608667e-17,-2.25695696701548e-16,1.95717517210972e-16,1.07725950212872e-17,1.43942819301541e-18,2.7959619132097e-17,6.97251788835679e-06,-1.47144346655078e-05,-4.71581060344695e-16,-1.7604114368878e-16,3.54820738482222e-17,-5.63455982872968e-17,-3.27534426068422e-15,1.06677897985114e-16,-9.84174226608263e-17,-1.14347328061933e-16,1.9657001611631e-07,3.29482137174538e-17,8.85610833939689e-17,9.47978292472991e-17,-7.81862190138893e-17,-2.66050832915073e-07,8.89238619923293e-17,3.10938153048491e-07,-2.09658052292581e-17,5.79812616591903e-17,-4.77658209380536e-17,-3.10914191419511e-17,8.89225849330757e-16,4.53096475275371e-16,-7.66860448438208e-17,-1.62378667836736e-17,-2.14964574182554e-17,1.81159986596638e-17,2.63730232225793e-17,4.7350794914339e-18,-1.26661945911015e-16,-4.97663694815057e-17,8.65450309989779e-17,-3.80125554361263e-16,-4.40310216521433e-17,-4.16701900309697e-18,-2.88855558223471e-17,1.5484961957442e-17,-1.50991781262106e-16,-1.8802134242182e-17,3.0972449513375e-16,-1.75933280147532e-16,-5.70389732481902e-15,-2.86115884380128e-08,-4.04617368634941e-17,-2.82967910984629e-16,3.09808785617354e-18,-1.21430773292721e-16,-8.65356492720636e-17,7.44189598564497e-17,2.34793221643438e-17,2.78986250022599e-16,-5.08580727765848e-17,1.24943166024467e-17,7.00177398674759e-15,-4.0849789636532e-18,-2.79346256803772e-17,-5.40148931466063e-18,5.46110134874684e-17,1.55325150691859e-17,3.16010138347741e-17,4.73910278169964e-07,1.27133900266361e-17,-7.67594810475148e-18,2.78712590948758e-17,-1.69645106421748e-16,-6.92595035219455e-17,-4.07720156523619e-16,-9.27534051020785e-17,-1.50695733219727e-16,1.03030378799253e-17,-1.41970187215147e-07,-5.33719554302943e-16,-2.34832507239648e-17,-1.59797776166259e-16,-1.32110004891935e-16,-2.36668555890148e-16,-2.41301673342059e-17,-9.90733579121664e-18,-5.6655786231926e-17,6.42021486846281e-17,-3.89557003744103e-16,2.62728205478036e-17,-1.2882585316511e-16,-4.13588218496115e-17,-1.21595879833337e-06,1.17917880566111e-17,1.18932804831776e-16,6.20646670491047e-18,2.48861517059974e-14,5.40004334603591e-06,3.0622609865146e-17,-8.10532544393935e-17,4.67692764366466e-17,9.96978984029933e-17,2.76772939980657e-17,3.35337519882077e-16,3.55843790288594e-16,-1.1072745353307e-16,2.19553218993033e-17,5.03020749295759e-17,-1.3682053996867e-16,-3.99220602348674e-17,-3.69301599668542e-17,1.51576737862855e-16,8.14846921911208e-18,1.97631182385124e-15,4.63690557368777e-16
"t596",-0.0310189576878874,-0.0169475844340181,0.00519116536224869,-0.00575012632391921,-0.00155882508410432,0.00123233368885118,-0.00734138730148798,-0.000171323948629294,-0.000115133464214594,0.000756545191649993,0.000714424400878271,-0.100442219590673,0.188473435313754,-0.0352416500920076,-0.0318940292466301,-0.0346936996095148,-0.00170015161930051,-0.110571634998674,-0.00131670628263631,0.000610660659960992,-0.00979192222960557,0.00127114684555398,-0.00090014327878337,0.00834439822463725,-0.00520859970208747,0.000472934622747759,-0.000636917550375627,0.000640046345064107,-0.0133748849873336,0.00740989349585429,-1.98392664174735e-05,3.28859270427045e-05,-0.012313004475184,-5.95664105603157e-05,-3.88015040845319e-06,-8.97021787094409e-06,-0.00221966354652198,1.90128779683463e-06,1.57530856473296e-05,4.27661353809713e-06,0.000203106481694585,-2.25916337922941e-05,0.000281597088321517,-1.68217478508108e-05,0.000621678785550822,-1.43891303079776e-05,8.38452789358024e-05,-0.000241452141004989,2.36967097460598e-05,-4.19744595227732e-05,0.000432935179353459,-2.09402548024468e-05,2.91749937777505e-08,-6.15248545010759e-05,2.80868404738874e-06,-2.86899205551333e-05,5.88624195965911e-07,-3.07765944926621e-05,1.00968369548548e-05,-3.42591172092207e-06,1.75962724307234e-06,-6.31504027348574e-07,3.00684147809084e-05,-1.72660347988888e-05,1.90219857385172e-06,-9.67850951357289e-05,5.49801889465565e-07,-2.24111225424803e-05,6.50735722996047e-05,-2.82510201887806e-05,0.000126854589215795,-0.000113379669787104,5.37786450967192e-06,0.000991807865488527,-0.000415570067287384,-1.79534627078317e-07,0.00102294904074273,-2.0552047063039e-05,8.92794931482394e-05,0.00011310066718404,-3.80953628751085e-05,-0.000589140290410686,9.5240011723318e-05,0.000658392689024041,-7.8169151114938e-05,-0.0298718307547661,-0.000655851936076806,-4.1103012739633e-06,-8.89725430664808e-07,-1.23661831701951e-05,1.36120505192849e-05,-2.03969159630429e-05,-0.000211749931521068,0.236533943138316,-6.58252447041519e-06,-0.00190445872145595,-0.00135379281394627,0.000784818757750594,-0.0010915674262487,-0.000221736596782468,-4.00036749819751e-05,8.35147303227413e-05,-5.29146516662237e-05,1.01673020751234e-05,-4.25579124290075e-06,0.000192105220335293,-0.000208703764101687,8.95408312928484e-05,-3.09772259043871e-05,7.16420133011621e-06,3.12210048672444e-05,6.91514477362123e-05,-0.000115591625638711,8.53445502202695e-05,-4.17177969327748e-07,1.46547419323857e-05,-2.07744578437732e-05,1.97122657034544e-05,-1.7930905564012e-05,4.06239945309353e-05,-0.000144833341859025,2.95000854630213e-05,-2.49031419500204e-05,-6.81086585109284e-05,2.1793817013807e-05,-0.000182972323683145,1.83732263825593e-05,-5.15116362977123e-06,6.41981710430658e-06,0.000210461091735462,-1.78419356783638e-05,1.25130318628487e-05,-5.45690892432575e-05,-2.47307334743648e-06,6.06257027375831e-07,2.62042793475959e-06,9.07247858810739e-11,7.66145777840805e-06,-5.35428783462721e-06,1.56325048371862e-05,1.08795913718618e-06,4.38622934522685e-05,-9.1144462466596e-06,-5.9485734868821e-07,-1.8772375056426e-06,1.36470084348958e-07,7.92378486528332e-06,-1.43153658349904e-06,-9.70265794586797e-08,2.57521886544775e-07,4.02354461140622e-05,1.23017370110331e-06,2.67589692806587e-05,-1.01843574631692e-05,3.41724903600841e-06,3.03746005187789e-07,-4.62118055700862e-06,0.00134651484370125,1.69384263247148e-06,5.70916658325704e-07,0.001108118762395,-4.88779708743182e-06,3.39297501592075e-06,0.000685465963850241,-5.22866717046748e-05,0.000318685887778211,-3.46958689365955e-05,-5.96320884849996e-07,-2.9691300857134e-05,-4.04418227741552e-05,0.000771132300213242,7.67593022810643e-05,-9.9748787719283e-06,-3.62834515179351e-06,-0.000102990266325537,-1.44766281893964e-06,-9.20126621812789e-06,4.17420184380166e-05,2.79374356467515e-05,0.000890689861361813,-0.000571091817207617,-0.00185801031422918,2.59955597676144e-05,3.65780846559263e-06,3.36153658821817e-06,2.46486958193498e-05,0.000127671189626615,-3.33533087304077e-05,-0.000150440432239733,0.00136834251330324,4.46086053744412e-06,-8.95549221556771e-06,-3.6678997284336e-05,-1.89665142544933e-06,-6.78415190881807e-06,1.06179537681383e-05,2.00259985696542e-05,0.000106727864627259,-1.28423589107332e-05,-6.74756942599923e-06,-6.80345201197963e-06,-0.00125000723162568,2.26354116919774e-07,0.00136510906263464,7.94041321293028e-05,0.0029166812072996,-5.87955444458082e-05,-0.00235840237372449,0.000597655674440204,0.000135825274084798,0.00596662462087155,-0.0251556607212994,0.901859172149969,-0.00136984906214143,-0.000841907589270427,-0.000532213687213011,0.000360756782483809,2.83935222520872e-05,-3.48442454595247e-05,-0.000141513773745085,-0.000725801611275628,0.00473431870045587,0.00017469515669902,0.000539345642992853,-0.000120846089079074,-6.03588069305744e-05,-0.000633225674699916,-3.8933730035657e-05,-5.7264456027046e-05,-4.26142086997416e-05,0.000880345767333365,0.000282449141599374,1.32176541332014e-05,2.19453567563022e-05,-1.08489282557208e-06,-1.71027243887167e-05,-8.52291934975569e-05,2.01860555872006e-16,-1.2129158903732e-05,0.000902055971976253,-2.38356695285723e-05,-0.000409780162037367,-6.33630825092691e-05,7.55804856664672e-05,-1.15018005385396e-05,0.000413282868731154,-9.37844332398398e-07,6.03174924385616e-08,-0.000152141810464189,0.000134530197620674,-4.17401619506779e-06,0.000568529528904599,-2.57729373743481e-05,8.81720933846098e-06,-5.555944188631e-07,9.81718043145354e-05,-8.56208518237322e-05,0.00035392075776318,1.08598479241063e-05,-2.05500772709777e-06,4.36868501814627e-05,-8.39553863495923e-06,0.000914568242627816,-0.00072529251403347,4.3947623796235e-06,-1.49354832853884e-06,6.46479670585781e-06,0.000128220878533264,-0.00104981041430439,1.75922214221428e-06,7.01747659712105e-07,-1.50847466774918e-06,0.000208830709618015,-0.000144614299818583,3.23414190595208e-05,-0.000696837948931479,0.000332853846996542,-9.28734989033904e-05,5.48649384249282e-05,-3.20367820804397e-05,1.08304818029903e-05,8.65116168968031e-17,-2.65706623997578e-05,-9.10066120228773e-07,-3.23116809211124e-08,-0.000280183317881673,1.30940187560111e-06,-8.14282014278404e-07,-1.9080783609132e-05,2.31781735409426e-06,-1.86189677087705e-05,4.88849391642099e-05,1.88012520305501e-06,-2.42039581606636e-06,3.68704038579646e-05,-5.28455399019537e-05,0.128867065727115,-3.32958535127979e-06,5.25840829858281e-05,2.65983974423943e-07,2.30027924128043e-06,1.35139906335223e-05,-0.000118562056679167,1.06788184079557e-05,-1.07525542752942e-05,1.44645097299493e-05,-5.24695435479509e-05,3.28947193606484e-06,2.97013984320465e-06,2.2625040376696e-05,-6.07870203350022e-05,-3.04585114592267e-06,3.95347518557988e-05,-1.61247530417117e-05,3.97887341979731e-07,3.69122386116242e-06,-7.12280422252808e-06,4.36323100947374e-17,2.07925121427298e-08,0.000330066372039177,-7.84345061707825e-06,5.77671159831339e-06,8.25161515895621e-06,1.50814674555732e-06,3.49567175711895e-06,-5.10754653223209e-05,1.89247611245624e-05,4.03427538787839e-16,-1.44084374089972e-05,-1.75528313986127e-07,-4.90400088287569e-07,6.1651415471177e-05,3.67340837289592e-06,-2.47712554580683e-07,-9.47103053686511e-06,2.52619028240297e-06,-0.000133974653797638,1.59987623861902e-05,-3.27314463052752e-06,-5.94910128650757e-06,-3.15696077921091e-07,-3.13992183835121e-07,-5.99654602525952e-06,9.53250091419113e-05,-6.57527366780406e-06,9.94534512955366e-16,-0.00014330843336808,1.15035968944245e-05,5.29593536819464e-07,3.19453327666917e-06,-1.52889729770379e-05,-6.5173023363269e-05,0.00154600548661781,-0.0668860687289527,4.87350193492175e-06,4.29732019116222e-15,2.46863211583886e-06,1.63149518032397e-05,-3.05897255125852e-07,2.55530673864862e-16,2.53767253855386e-06,2.85593731642723e-05,-4.57074036805518e-06,-2.64383037932712e-06,-9.81002744018755e-07,-5.58156635998152e-07,-2.07747450676038e-05,6.34055418621234e-07,6.79638780647847e-06,7.86672022900362e-06,1.54130528464974e-06,1.55821196842863e-05,5.04351818774055e-17,-6.61326091220845e-06,3.12993393213725e-06,2.05713801355584e-05,-2.11184512366839e-06,-1.06938620134731e-16,-2.10215294612716e-06,2.75621150430808e-06,-9.58805184152192e-07,-8.53682774197261e-07,-2.16293951740846e-06,1.60017941903711e-05,-3.04753252551867e-05,4.21927230468534e-06,-9.65729279641223e-18,1.52443739296551e-05,-2.03199840623881e-05,8.99011896015228e-05,1.87485000760353e-05,-1.90501652496592e-06,-1.27813915594383e-08,5.83165521835591e-16,-1.52011660759573e-16,-1.22966135836189e-08,-1.09065964659194e-05,1.43730463828458e-06,-2.07515774390026e-06,6.10158444983056e-15,-9.79572760893057e-07,-1.15392983681275e-08,-7.31508426005868e-17,1.46812087836143e-16,-1.62112645568663e-16,2.42670098116582e-06,7.14898410469356e-06,-1.02943776024226e-05,6.0576723540335e-06,3.01846544458094e-06,6.19557902947273e-06,-7.03009685705593e-05,-1.40896179959138e-15,-0.00100348743447273,1.13344524959397e-05,7.55931284540229e-17,6.12656722860371e-16,-2.65058698439798e-05,-5.43989741329412e-10,-4.14165214441411e-06,3.22795069653324e-06,4.05384456298264e-06,-2.17856238790065e-07,-2.54030526297458e-15,-7.31782487150373e-07,8.33664559933607e-17,-2.48548722129518e-06,-9.29237920800597e-16,-4.50721035506309e-06,4.01265795104488e-17,3.51252628020416e-06,4.85584707028397e-06,2.88082049531489e-07,3.78025921617014e-06,2.07273578496596e-05,-1.48858098897008e-06,1.49971581051078e-05,4.66601704674034e-07,2.26968319220007e-06,2.08787749811299e-07,3.25949920948753e-06,-3.43010836097567e-05,-2.24561716036135e-06,-1.81805715557546e-07,-4.34011823163616e-06,3.48624633891823e-17,0.000151761534316313,-2.60606273267814e-05,6.77028528152899e-07,1.51589074869039e-14,8.93523735709431e-08,2.41114354821884e-06,8.61320621844142e-06,6.02827277013047e-17,-5.43331481372946e-05,-1.1033770687561e-06,-1.80181518733481e-16,-1.45569021083741e-06,2.23237274037251e-05,-9.15004004435665e-18,-4.75198089254857e-17,-3.05874154775812e-06,-6.30872485918846e-07,-3.59030211696367e-09,-4.97456538955136e-06,1.31689040989702e-06,1.00640885989589e-05,3.72867149456979e-07,4.54066681414375e-06,-7.67450995011308e-06,-2.43289342852772e-15,1.74275266769766e-07,1.08780612305299e-08,2.9999253436226e-08,2.80511597783297e-06,1.01478810178071e-16,9.51172593518742e-17,9.21659716998266e-07,2.73280199383018e-17,6.53106445093478e-17,5.76630376833532e-06,-6.44949033795502e-06,-1.31936644379902e-05,-7.24299680372894e-08,0.000332165053411033,2.29056562290404e-06,1.97583810847047e-07,-2.237593322242e-17,4.95797079111234e-07,2.31548927427674e-08,1.06240930286309e-07,-2.80485465835373e-05,4.6624206383925e-05,1.74995034759679e-16,-7.62991790618038e-17,3.72547275997048e-15,-3.65693025449647e-07,-1.93863786011672e-06,-1.01925613607338e-06,-1.20693282151932e-15,-3.49710314388445e-06,-5.35639221764598e-17,-8.99733040626622e-17,2.16787553020376e-05,-4.75933698424009e-07,-1.76478643452078e-15,-1.1679226613536e-06,-1.5698924890244e-05,1.61186115931547e-15,1.79517434303447e-06,4.24379370992838e-16,4.77544392022619e-07,-6.60787220789967e-17,4.76286502654504e-07,4.12176919699258e-06,3.88774974738922e-06,1.40297302169483e-07,9.62346084984788e-07,-3.32489649772132e-06,1.31665312115821e-06,-4.3139819925133e-17,5.96449159935093e-05,-5.36979060128589e-06,-4.99633653533837e-16,-4.42798845119803e-07,-1.29706787823448e-06,2.08990999229109e-06,3.42054579337377e-16,9.61089863605752e-07,3.303118321294e-05,1.21151928054477e-16,-3.16577800092563e-06,-6.99851157255892e-07,-9.46191942789786e-07,1.74942676867242e-16,2.88697940368035e-17,6.46257258984177e-07,1.97384861669477e-07,1.59612016955849e-08,-1.75980741573147e-06,1.15413496408354e-07,4.15189868090708e-17,-1.16044601608214e-16,4.20817024025358e-07,2.90019995885118e-09,1.3582085610459e-17,1.01465610721323e-06,-3.37827915915817e-18,5.78027062752282e-06,-1.93205717898969e-07,-1.12864839003165e-07,-7.476421816813e-07,-3.13318022492927e-14,-7.62976084503982e-18,4.23524900654064e-17,-3.33639045182963e-15,-1.54824302946382e-06,-1.43255235382515e-06,-4.03555335707461e-16,-9.29790867809222e-17,5.09865891750878e-18,3.2020330199688e-06,1.80613636620178e-08,-1.57854361499248e-06,3.40428860753768e-16,-6.45779937418616e-16,-1.55181937485137e-15,-6.08550022943316e-06,2.05466194993616e-06,-2.38159352241091e-16,2.25456078834832e-07,-2.2050752689781e-05,-1.57900597012761e-17,-4.05610736162591e-17,-5.85288815602229e-07,-5.99493368366671e-09,-2.89270084781082e-07,-2.30021144127889e-16,3.24349495436075e-07,4.71432085544742e-07,5.04448157037517e-07,-4.58083893937168e-07,-1.6299908880085e-06,1.38578039203152e-07,1.32836282058057e-16,6.14900313785331e-16,-1.59189604568717e-16,2.60465285122062e-06,-3.75162245436185e-06,-1.28179934770311e-07,-1.00112820526393e-07,4.1511078875968e-16,6.04847471222443e-17,2.55050285138527e-17,-1.40654367567705e-16,9.34097035983093e-16,0.000671662487041197,-4.44390952232802e-17,-3.46842620977061e-17,-7.63266294136291e-08,6.87016253057239e-18,-6.83182606130863e-08,1.02999206386123e-17,-8.46832400511657e-08,-1.92304302007816e-16,-1.02056306377703e-07,-1.27563162718617e-08,-8.03592484371347e-06,1.12860658380972e-16,4.07663444112211e-07,4.13885872486463e-17,5.75740739509892e-07,-0.00140848527833083,5.16272756793692e-09,8.37743449589887e-16,7.99966052429058e-07,-1.28818642072646e-17,-1.96294614297488e-07,-1.10774108464144e-06,-1.4520354287802e-16,2.95494883016219e-17,-2.69335608558794e-16,-2.55004709851893e-16,-3.70437155536121e-09,-4.81842923373237e-08,-1.07449607547421e-08,7.21148309120244e-17,2.75643437025483e-17,-2.9170193548413e-06,6.36300527715495e-06,-4.1528693493035e-17,1.71937748742459e-16,-4.81814079702481e-08,1.19236034386075e-16,-3.40762384414136e-07,-4.15002952961791e-16,3.19810756484389e-06,1.48357758797649e-16,6.9438764748775e-18,6.80024583603542e-18,-2.53691029221055e-16,9.15038669518044e-17,-1.4864645424063e-16,4.19406052418441e-07,-2.93263859076313e-06,-2.25246590208573e-16,-2.80215472179581e-07,1.0637888387662e-06,3.48785647658875e-17,-6.15030652716431e-17,4.25609741903881e-17,-3.97846884257504e-16,1.03954570580865e-07,1.65896604813239e-08,2.47713949323741e-16,-1.91953055663681e-16,-1.87938664666743e-07,-6.70205462841283e-07,-2.61870869185869e-07,8.24682905789352e-17,-2.19476089893101e-17,3.12878058005289e-18,-1.64257275882478e-16,-9.2321969838321e-16,5.2359154326198e-17,3.8843269171434e-07,-3.66735387762013e-07,-7.03917895988894e-08,4.579307947172e-17,9.82039505916109e-17,4.29973538960169e-17,-1.92100955265027e-16,-1.38836683645202e-17,1.22191967065809e-15,3.08369204721928e-16,1.28070687039515e-16,2.61201256809067e-16,-8.17313656661667e-17,1.62845207347933e-16,2.91721452658652e-16,-2.41773519714798e-16,-3.79020370672136e-17,2.58160674237499e-07,2.20987313555351e-15,5.72903610570117e-15,-3.76002687807845e-16,5.78253400179194e-06,-6.33079967815626e-09,-6.49399312628664e-17,-9.3677468390293e-08,5.2421311814841e-06,4.78513076015652e-17,8.6025416643212e-16,-9.12742067190699e-07,-1.31681744292099e-16,1.26751155890654e-07,-3.79908233762707e-16,3.05437361047384e-17,-5.52796609537854e-17,1.98826494499562e-16,1.11012943844423e-08,-1.52262922018156e-06,-1.12185841583134e-16,3.99517831803889e-17,1.7102314845933e-17,-2.1742013668685e-16,1.44602449168131e-16,-2.9403628506733e-17,8.44191948241725e-17,2.18098071576517e-17,1.17872456529878e-07,2.92291561922617e-17,5.62055302105747e-17,4.3704100078813e-17,3.41732442559238e-16,1.29446918637017e-16,-4.37352137601216e-16,-3.30586691222132e-07,-6.83201260527786e-17,5.24232097912879e-17,2.45609689651053e-07,1.87225669313547e-17,-3.8309089844284e-16,-5.53258251068097e-18,-1.99948392451505e-16,5.04599523915638e-06,1.25604674576139e-16,-1.43217339139173e-07,-7.28481777876051e-17,-5.48507879084071e-17,3.10654153422787e-16,6.27191699820445e-15,6.16666231989824e-16,-1.15458687875593e-16,5.07705720828553e-09,-4.21839004444548e-16,-1.80098257135488e-16,1.94674222286603e-07,-6.23500383776005e-07,-8.97315169151819e-19,4.30643754350133e-07,6.2785409895228e-08,4.02405107556824e-17,-1.77223231789079e-15,-5.88364295204266e-16,5.809273031229e-17,1.0201206669599e-16,-9.76620931463373e-08,-3.42426510511676e-16,-1.09454022252412e-16,-1.00494406625277e-17,3.82065338672503e-08,1.15003865464868e-15,-5.15007549374285e-16,-2.52636838189854e-17,4.16476054724853e-17,-1.68398784608845e-08,7.86738681770569e-17,1.29070283903109e-07,-1.06679978235996e-16,-1.48464960025668e-15,2.78422703882148e-17,-6.88714828341145e-17,3.74530318480912e-16,5.48890767864804e-17,2.94560045555749e-17,-5.62954224003615e-07,1.23366433229638e-16,-1.64992063323252e-16,3.69585950312923e-07,9.50396596266864e-17,-4.19422584858061e-17,1.29033996898651e-16,-1.46177818359595e-17,3.26088783157903e-17,-9.3369933577232e-18,-2.29760805376581e-07,1.43641451847675e-16,-2.24939607191146e-16,7.27653513891081e-07,1.89603696213352e-16,4.8536878024894e-17,-2.26445906041342e-16,9.11013773355343e-17,-3.85947259726476e-17,6.81553638454712e-16,-4.7427080227786e-17,1.08745849606039e-17,1.39932647430217e-17,-8.92007853081248e-17,9.16074496506037e-17,-3.32967702353286e-07,6.81291669165207e-07,-1.4979018028057e-16,-2.11107613611364e-16,5.18535266527534e-17,-2.48343482875902e-18,-3.02232951730684e-15,1.43877088319662e-16,1.88421426718011e-16,-1.66722881722941e-16,-7.6160981787178e-09,-3.02045390476893e-16,3.95065037555621e-16,-4.80505293820572e-17,-1.66091538580763e-16,8.61082020301975e-09,1.12937497587489e-16,-7.84062810976853e-09,-4.25819859928577e-17,7.96523075625468e-17,3.44890505806643e-16,-2.72250948782728e-17,7.90351161109597e-16,5.31560947973809e-16,-7.48402595239862e-17,4.75654251451569e-17,3.29522840184393e-17,5.41115107861825e-17,-1.55978797612872e-17,-4.52466406601478e-17,2.44049450953087e-16,-1.11023792226937e-16,9.62581216207366e-17,1.93306585406452e-16,-7.69907676957026e-17,-9.65628161475843e-17,-3.53907688572601e-17,7.80670821192583e-17,8.60948646944432e-16,-1.0345357296795e-17,2.08179748048151e-16,-4.2555807200871e-17,-4.79515059588399e-17,-2.0000610671973e-11,2.84248637910355e-17,4.84881135434294e-17,-2.57416899319408e-17,-8.01693800210606e-16,1.24824303972411e-16,-3.25917945678696e-17,-9.14795668555446e-18,3.85437542374911e-16,-8.90191921300977e-17,-1.56257576084474e-17,4.72681150814727e-15,7.42830300039773e-17,-4.73269918918738e-18,6.76737371108624e-17,-8.09074031362277e-17,5.63408705818919e-17,-4.55088094410316e-17,8.44606628616624e-09,2.03028052340346e-17,3.39574153186919e-17,8.87674832943713e-17,1.36672867993977e-16,1.09371531889373e-16,-6.32356688115123e-16,6.09979486727211e-17,-5.08613674723785e-16,9.57381690717831e-17,-4.99090661516556e-09,-1.89314050374537e-15,-2.03308344586699e-16,-1.52351777251773e-16,1.39519361771241e-16,-2.68054183710782e-19,1.50552010698845e-17,5.54380583181701e-17,7.07402947129365e-17,2.62793933351568e-16,9.83575110964339e-16,-1.36945026854002e-17,1.94930040309076e-17,5.99056610605346e-17,-6.35113129784618e-08,-3.00563427297026e-17,1.08778022660556e-16,-4.25976206870107e-16,2.44646048586205e-14,3.24405956308721e-07,-2.128738924304e-16,-1.23997402389829e-16,1.77918040531043e-16,-3.55217916259169e-17,8.68747326157742e-17,2.47065233769604e-16,-6.94482523724535e-16,-2.00404084322684e-16,2.93873226758668e-16,1.33367127649528e-16,-4.35966174672017e-16,-3.44533943710634e-17,3.88836033168203e-16,4.79618490516335e-16,1.64815683143268e-16,-4.47426532510282e-16,-3.00947550524602e-16
"t686",-0.0493218937985542,-0.0850325593523013,0.0301535624452494,0.0447593546056864,0.00386204972038027,-0.00183193068829341,0.0103519179735289,0.000198821299287673,9.21285448847559e-05,-0.00041526337856877,-0.000257096408553599,0.0263563144513643,-0.048144183349904,0.00892016197374384,0.00814110963779817,0.011880836783356,0.00124112600092012,-0.0751915296586998,-8.40402092719328e-05,-3.03981374618595e-05,0.000366638191367091,0.000165040372177369,-0.000940263724297413,0.0190521409370263,-0.0576802853893494,-0.000128772283959344,0.000138534055446759,-0.000120418872907085,0.00176002869628272,1.04676771495679e-05,-7.8448993508387e-07,2.30833500678789e-06,-0.00167559265080585,-1.23530911432828e-05,-1.37397729861465e-06,-2.16404193078617e-05,-0.0401204940229901,-4.8719576834408e-06,-2.70753047885913e-05,-4.26392345361472e-06,-0.000109871613359895,8.50155065604817e-06,-8.66029277092288e-05,5.0886026636894e-06,-0.000147375049093376,-2.06875683668495e-06,0.0830149859184016,0.000227615804838802,-8.58536122249922e-06,1.06794826734778e-05,-8.26755450254416e-05,3.58480548949048e-06,-4.91828398009685e-09,9.12929493678693e-06,-3.23553634024637e-07,3.17167242928495e-06,-9.47340825165149e-09,-8.24111036398633e-07,3.35015512129094e-07,-1.45369980597108e-06,-1.88633982195081e-06,3.36633755786711e-07,-1.21418124312447e-05,6.6147703660869e-06,-5.53243549886419e-07,2.42190783823826e-05,-1.14436341144131e-07,4.46845530723611e-06,-1.28005457455942e-05,5.47533488553098e-06,-0.000258883061003597,5.75368093809434e-05,-3.94049451476121e-06,-0.110742489977962,-0.15127009610355,-1.06951471198539e-07,0.000530640798994727,-5.24640897955274e-06,7.90338945441504e-06,7.05201743780106e-06,-1.31022433698466e-06,-1.76684640562207e-05,6.59570363283046e-07,1.13594019735648e-06,1.94782838018693e-06,0.00138128644089024,0.000128498688839779,1.70916333005186e-06,5.25134682969671e-07,-0.00011893062405909,2.01875300931533e-06,-1.60903772803529e-07,-1.39098622262864e-06,0.000238783439666512,1.68212628507118e-08,-6.7417287988661e-07,-0.000144466775434645,-2.59920298008121e-06,3.61440316758169e-06,6.4118701711288e-07,1.27553698203647e-07,-0.000971231936743337,4.83160300958606e-09,8.08126917698432e-07,-8.48184455375011e-07,0.0414638246380425,2.80720902619327e-05,-9.69710379989336e-06,2.54491040714213e-06,-4.45115019658826e-07,-1.80952949596695e-06,-2.98766808388813e-06,4.86671403677343e-06,-2.55119535478545e-06,1.19710201259533e-08,-3.92685789170304e-07,5.43858193375647e-07,-4.93021688534058e-07,4.38329906288056e-07,-9.88090235286156e-07,3.52917520383795e-06,-7.4479651158126e-07,6.63335223329253e-07,1.81904354366707e-06,-5.88229665749062e-07,5.46836547181031e-06,-5.55224698557694e-07,1.80715931025773e-07,-1.79508759512974e-06,-6.6641108955909e-05,0.00817768668060542,6.14977743249802e-07,-0.000135390269320136,4.40184311724833e-08,8.53995767465179e-10,3.52724295891128e-09,-4.9973247168266e-12,-2.95383445002584e-08,2.54613995573382e-08,-7.46414481885464e-08,-5.31553498719085e-09,-2.16598588298821e-07,4.57253807667186e-08,3.00113188630467e-09,9.47160545055862e-09,-7.12852983036378e-10,-4.33953395449503e-08,8.08256915106282e-09,5.51158996111432e-10,-1.48112733818938e-09,-2.3163512237744e-07,-7.11484952379958e-09,-1.55188798520668e-07,5.92521336208214e-08,-2.06380490005267e-08,-1.85031451752687e-09,2.83438548796462e-08,-0.000151306793108594,3.79248738622685e-09,8.09794825784563e-10,4.35826826084009e-06,1.05558453656419e-08,-6.95847612733364e-09,-1.4331699796962e-06,1.19980837337015e-07,-7.5034379570608e-07,7.51318643300437e-08,1.28357569403415e-09,6.38098455239821e-08,8.47390061213409e-08,-1.56207212130138e-06,-1.5467392650298e-07,1.8480737676787e-08,6.51297211911623e-09,1.70702171417307e-07,2.34609643233563e-09,1.47331504189111e-08,-4.84185583102067e-08,-1.06979982024966e-08,-1.58047521161426e-07,-3.10892381880205e-08,-2.04815975135557e-06,4.68865542358262e-08,0.00131632664487411,1.33530419763288e-08,0.0469268025755042,-3.34968542744138e-06,1.39290904329132e-07,6.16244042259317e-07,-4.74914619199504e-06,-1.1375152117649e-08,1.90539677589147e-08,7.46999013413779e-08,0.0165266733356884,1.04659005594296e-08,-1.39958063620216e-08,-2.52228716864841e-08,-1.2131383796283e-07,1.38189941179963e-08,4.20756537047606e-09,4.09927361969797e-09,5.14659466773907e-07,-4.92775454835644e-11,3.6134615135253e-05,-6.68255482379476e-08,9.56777127321329e-07,-3.42928750605786e-08,-1.82415827761075e-06,9.79688417108242e-07,0.366656824466541,-9.40803293662521e-06,2.68866746687875e-05,-8.98449761570073e-05,-2.29458510766632e-07,-1.46117328029674e-07,-1.79255634718825e-07,2.40550391881296e-07,2.04926312169187e-08,-3.44320003388854e-08,-1.6333300736571e-07,-8.77584659455234e-07,6.74746449705719e-06,2.57607074412874e-07,8.24095941769303e-07,-2.03782336499123e-07,-1.03670326651035e-07,-1.09244140467646e-06,-7.36144484120744e-08,-1.13886788932223e-07,-8.9318995458822e-08,1.88752668179968e-06,6.19564854877536e-07,2.96024722862459e-08,4.94345350631491e-08,-2.57333051605833e-09,-4.18291469242262e-08,-2.1523672720803e-07,1.17664916598244e-16,-3.20128335691546e-08,2.40136900244706e-06,-6.7220928291287e-08,-1.20625850787443e-06,-1.93101643749191e-07,2.30812151978454e-07,-3.74521760466164e-08,1.36051036461945e-06,-3.10300268795214e-09,2.04520068136005e-10,-5.24693949410983e-07,4.79121838188689e-07,-1.50890882206652e-08,2.068242251822e-06,-9.72430189338445e-08,4.30727246852645e-08,-3.65949829750997e-09,0.00876553499206584,-0.00288527387060716,-1.15702852970842e-06,2.78289969369287e-08,-6.05165270050293e-09,1.44041871467666e-07,-2.84783455905036e-08,3.1909801434301e-06,-2.63030021787251e-06,1.69872421491571e-08,-5.82215349131464e-09,0.000149631184152411,3.0762445574511e-06,-0.000240421063420156,2.45992360182178e-09,1.40687832059767e-09,-4.19102942776867e-09,5.95667339173853e-07,-5.1508317527072e-07,1.15998916705108e-07,-2.51158103571427e-06,1.21260581380421e-06,-2.23751837634871e-05,1.99897795554335e-07,-1.16726669333456e-07,3.9438008942854e-08,5.82248562096826e-16,-9.62410608513566e-08,-3.29301774641451e-09,-7.45196808769293e-09,-1.46467045441948e-05,4.48836455417161e-09,-2.76256273008407e-09,-6.43337315556626e-08,6.78564072280819e-09,-5.37337409157169e-08,1.4051403494079e-07,4.99042287782093e-09,-3.95731567603011e-09,4.98674908657199e-08,-5.93230519643427e-08,4.56441820668281e-06,-1.24437502523624e-08,3.40330192798025e-08,1.31616249937744e-10,1.03386157435147e-09,-1.24331057189957e-07,2.20344253551285e-05,-0.484114404396599,-1.63793955981578e-06,1.1224874209042e-06,-3.61081300830996e-06,1.35403653145737e-07,1.19761674000945e-07,8.81626506938072e-07,-2.31964127556262e-06,-1.09801746010027e-07,1.36145152995702e-06,-5.39019162688426e-07,1.31711314495078e-08,1.20649831025728e-07,-2.29894024378056e-07,3.33043315390031e-16,9.00362980969684e-10,0.000208990651825277,-3.72299442851917e-07,2.75445080711457e-07,3.95329656582918e-07,7.49589488138707e-08,1.8636666667371e-07,-2.98023446837743e-06,1.38261669159432e-06,3.88540945002051e-16,-3.19727560112232e-06,-5.44691615974549e-08,-1.38661257321681e-06,0.161605335344208,-4.64893723195595e-07,1.93885399105568e-08,4.64663279770733e-07,-9.65407944396174e-08,3.30662395498403e-06,-2.83156406545011e-07,4.7775366611716e-08,7.82472606546154e-08,3.89730118966284e-09,3.47424565818313e-09,6.55887055444018e-08,-1.36763636067242e-05,6.17981873009943e-08,2.51590434951598e-16,8.51445479517808e-07,-6.16490682397728e-08,-2.83521622648216e-09,-1.23600398342876e-08,5.59730678544665e-08,7.52424815081223e-08,-3.97401550788992e-07,3.00682969978917e-06,4.73411981544434e-09,4.5613160515687e-17,7.85218294780686e-09,4.60659461154852e-06,7.63563556369553e-09,-4.02950358231564e-16,-1.12155209280677e-08,-1.05710653827496e-07,1.55666971266972e-08,7.67965063936464e-09,2.23648299435924e-09,1.07173763273775e-09,3.49508321063816e-08,-7.2070390501611e-10,-7.39003877891251e-09,-3.98410771499463e-05,-3.71860902094454e-10,-3.46343538497874e-09,-2.55981502017414e-16,-2.8819069923304e-09,1.67642202955988e-09,1.52884913843852e-08,-2.17624864970603e-09,-1.03037059499213e-16,-3.28690013939197e-09,5.68248499618369e-09,-2.16662733923801e-09,-2.00391861689519e-09,-5.29689136940133e-09,4.20512493077644e-08,-8.8234686064249e-08,1.45949328976854e-08,2.84713046299095e-16,5.90053734694141e-08,-7.93182859483112e-08,3.56963522704702e-07,7.61347505666495e-08,-7.7489111005593e-09,-5.23073884773305e-11,-3.03577390084394e-18,1.32691000841122e-16,-5.20242475455639e-11,-4.73896820876248e-08,6.26508575129844e-09,-9.24798498905236e-09,-2.92673984127587e-16,-4.56274678633138e-09,-5.47266548748529e-11,-3.24917125176908e-17,-1.8420323250648e-17,-6.83547454471395e-17,1.21201201869811e-08,3.59296910218836e-08,-5.2874535249154e-08,3.17671322825924e-08,1.58760258018679e-08,3.68829086932824e-08,-2.04915031329058e-05,-8.43082226914082e-17,-8.23535104877409e-08,6.20259324328204e-08,9.68312876424273e-17,5.85847095811375e-16,-2.10688313254319e-06,-3.11370993943921e-12,-2.39746158385945e-08,1.88203014425408e-08,2.39526956346184e-08,-1.28995304070093e-09,-3.72312940446141e-16,-4.34543059135443e-09,-1.61677481721101e-16,-1.48804487105658e-08,7.88416338851465e-16,-2.71458798750967e-08,4.70961684154828e-17,2.13154238164521e-08,2.95121779599336e-08,1.78694078828579e-09,2.35541034282932e-08,1.29394701454299e-07,-9.3727380074186e-09,9.51858092644757e-08,3.03081258524128e-09,1.4746570955502e-08,1.37044922541003e-09,2.20782997668703e-08,-0.000154061150475523,-1.36654099516135e-08,-1.15566431025887e-09,-2.80159561496148e-08,2.07378891183416e-16,1.36413203844447e-05,-9.42301331992341e-06,4.51742233446272e-09,5.45182859620664e-15,6.023925765389e-10,1.66163099393484e-08,6.15814975402708e-08,-2.16990772792703e-16,-2.02820427071683e-05,-7.50964724130878e-09,-1.31251426167734e-16,-9.99797600173906e-09,1.59572561303005e-07,4.2592154015579e-17,3.37007428387262e-16,-1.56296457639693e-05,-4.58964984250615e-09,-2.65992654026539e-11,-3.77959675826011e-08,1.83628514612504e-08,0.00084492485246239,8.61754673138781e-10,3.09450529080269e-08,-5.41796675100642e-08,-2.77080482776404e-15,1.24072499641357e-09,7.75469040696582e-11,2.14801253894726e-10,2.01843795131516e-08,2.93979970391727e-16,6.7009903559722e-17,6.67345979692108e-09,1.78559101975617e-16,1.7498306687026e-16,4.32006884247457e-08,-4.8597994458541e-08,-9.94286025970494e-08,-5.53020905733334e-10,2.54085048574316e-06,1.75283385829619e-08,1.51592464319423e-09,1.4243658921782e-16,3.92816217636043e-09,1.85054916474614e-10,8.51752700887807e-10,-3.1715654897251e-06,3.95329327344007e-07,-1.22811513317841e-17,1.79381232805935e-16,1.29886264709766e-16,-3.57807279158797e-09,-2.33292142290546e-08,-1.26315730388411e-08,2.60629376778446e-17,-0.0120415398005687,1.0208394185525e-16,-4.73700391559476e-17,1.43451610613568e-07,-3.15781135314784e-09,1.42337246685658e-15,-8.19640064602444e-09,-7.31539160805495e-05,8.06495675852115e-16,1.25126352695102e-08,-1.80569593053901e-16,3.43110157994227e-09,2.17869119784887e-16,3.42904982915047e-09,2.97222786651823e-08,3.8813051156958e-07,1.01528826201081e-09,6.99799408364316e-09,-2.45513571901143e-08,9.89077869373878e-09,-9.35191692371791e-17,4.56115520166762e-07,-4.11370619707023e-08,1.6267623175445e-16,-3.40023223669249e-09,-1.00031897922178e-08,1.61822881359236e-08,4.863493009915e-17,7.64223954810864e-09,1.3732174883536e-05,-1.08833098593775e-16,-2.4489314701043e-08,-5.4480711973973e-09,-8.07140452101146e-05,5.46091108555695e-17,3.53149930977073e-16,5.14164424152856e-09,1.57871592970666e-09,1.2779578675013e-10,-1.44234577774503e-08,9.50146589293388e-10,-2.46412260814412e-16,-7.07601165280389e-17,3.47587319522332e-09,2.39655276280069e-11,2.86325684886429e-16,8.43750281771621e-09,5.23497125065967e-17,4.84187369013897e-08,-1.64067885343207e-09,-9.59620077295774e-10,-6.39103515306504e-09,-1.40504869816117e-14,2.23196881677124e-16,2.31984734983153e-16,-1.98395666187121e-15,-0.00461541165832405,-5.25416935997687e-09,-2.87211708742251e-16,-1.74603322613911e-16,-1.08778439317282e-16,2.33085896870957e-08,1.36181260214789e-10,-1.24183386047931e-08,-3.10547308984266e-16,-5.56781728951485e-16,-6.9555301275821e-16,-4.99398297084342e-08,1.68749556275848e-08,1.76178982039868e-16,1.86854815375603e-09,-2.51218989177172e-06,9.9602070962269e-17,2.94765224423827e-17,-4.88004833874867e-09,-5.00095565046375e-11,-2.4212101637593e-09,7.02357154390464e-17,2.7285053535103e-09,3.97604068015079e-09,4.26913924786947e-09,-3.89409139677878e-09,-1.38723474272983e-08,1.18191627117735e-09,1.59155503761468e-16,1.39134224487321e-17,5.1799090356239e-17,2.24705193892387e-08,-3.23709226378956e-08,-1.10753164551746e-09,-8.70814963488327e-10,6.58037006556556e-17,-1.79767868971654e-17,-5.26664017052159e-17,-4.35416699471847e-16,6.32454767237425e-17,1.07509413552363e-07,1.11507484132317e-16,-1.69386437393953e-16,-6.71686236552435e-10,1.00959379129917e-16,-6.01254642304774e-10,-2.09142599072454e-16,-7.45380722051579e-10,-1.30558859251601e-16,-9.01731600161537e-10,-1.12821794560991e-10,-7.11812166550907e-08,1.20120605404817e-16,3.61763871905801e-09,6.0253705049894e-17,5.12674896734834e-09,-2.32906886184769e-07,4.9746080179384e-11,-1.88042761493877e-16,7.25890271494558e-09,2.10843203155594e-16,-1.78295113339379e-09,-1.00635268219587e-08,-9.94581413956709e-17,1.82101983806092e-16,-1.72206000636964e-16,-6.14319359630026e-13,-3.37980265298011e-11,-4.40334982650764e-10,-9.84238106196687e-11,3.5036307599371e-16,1.50266634797587e-16,-0.000260435668982899,4.61322497934436e-08,-2.38183315504402e-16,-1.50011563450065e-16,-4.3835141919526e-10,-4.27244509000066e-16,-3.10750497611045e-09,3.57687944778961e-16,2.93180251035447e-08,-3.90615446419399e-17,8.09407753496291e-16,7.79286182270551e-17,-3.00374373741702e-17,-1.32705184420614e-16,4.9174907896946e-16,3.87777246414351e-09,-2.71176785807938e-08,4.65390193664693e-16,-2.59858013590731e-09,9.87731224912221e-09,1.92158648072612e-15,-1.47658973138627e-15,-6.6107154411865e-16,3.08851816844454e-16,9.71721720470498e-10,1.55553453020022e-10,2.6140530230148e-16,-1.34363970352418e-15,-1.7817098558664e-09,-6.38364096716707e-09,-0.000677651250267119,1.22476245060252e-15,-3.29406805330036e-15,4.26726569370139e-16,1.01934921930084e-15,-9.31369287577086e-16,5.71231739724606e-16,3.65337618958696e-09,-3.4523006132742e-09,-6.63201115646886e-10,3.4002628800186e-15,-3.3698815379769e-16,6.79385493574456e-16,4.96331749122179e-16,1.94438760452872e-15,1.21407212234852e-15,-2.67161886667403e-15,7.75063004878033e-15,-6.95575592785286e-15,9.54131809154307e-15,1.11844965603314e-14,-1.17380637242735e-14,-1.5407489567284e-14,8.79972901193e-15,2.46508713163708e-09,5.92304506313456e-14,8.46631216031891e-15,0.512600295569211,5.53120961683584e-08,-6.0590070714678e-11,5.18373443019936e-14,-8.96648531762265e-10,5.02839353031643e-08,4.50032650747226e-15,-1.4472953234614e-14,-8.77886510864005e-09,-4.60947464394766e-17,1.22315754442526e-09,-8.26599528826734e-16,-7.26771481376387e-16,8.34169197958685e-16,1.55406396443703e-15,1.07695792794389e-10,-1.47766953102144e-08,-2.79818938314026e-15,2.14170931990245e-17,-9.02496323986655e-16,-3.70619489597334e-16,-2.81648908590768e-15,1.11067678396726e-16,-6.8696561553368e-16,2.73808213495862e-17,1.16648132751799e-09,2.60953045224694e-16,-4.37721484007264e-16,-6.16672652966813e-16,4.25529574902782e-16,1.29901032083397e-15,1.54071623318942e-16,-3.28632235537627e-09,-3.8609978280828e-16,-5.08257015224079e-16,2.44364653578298e-09,1.56228945468289e-16,-8.85810669615131e-16,-4.57971249767483e-16,-4.04343472249302e-16,6.88809046268466e-07,-1.17637406777747e-17,-1.4422377625369e-09,6.46993201681562e-16,1.12217260838039e-15,4.81522533947651e-17,-7.37827084464946e-16,1.49888764816414e-17,6.00564777142437e-16,5.13434493829658e-11,-2.6285575772848e-15,5.50138067286109e-16,1.97515537228987e-09,-6.32706326222651e-09,5.74380357551657e-16,4.38272283830217e-09,6.39569352721733e-10,-5.05247261258049e-16,-3.6615512457576e-16,-3.52900529796277e-16,6.45093582354511e-14,-1.46392474566528e-16,-1.00983961963591e-09,-7.75156001272544e-16,1.86505653106308e-16,3.07025580109324e-16,3.96776065065744e-10,6.56251356238208e-16,3.57614788368594e-17,-1.83277010545412e-16,-1.20103165958499e-17,-1.75977692263262e-10,-1.34459559663737e-16,1.2272604385271e-05,2.35728246874725e-16,-1.16400831620472e-16,4.59102921992219e-16,-3.18122447718509e-16,2.58012981725497e-16,-2.01240206748409e-16,1.16625859223409e-16,-5.96127496966676e-09,2.56775106052347e-16,2.18320591843586e-16,3.92601939073836e-09,-5.06076002066641e-16,3.22146623664102e-16,1.28810258514523e-16,3.83512704314554e-16,-6.72184375731473e-17,3.51350979123233e-16,-2.46746450776325e-09,-1.46227898797554e-16,-2.79610956730311e-16,7.8574149080657e-09,1.6339166761663e-16,-8.83271908283393e-17,3.69206795431978e-16,-1.11189914524193e-15,-4.07186205692061e-16,1.74981266780402e-16,-1.08283754931122e-16,2.85936072149126e-16,6.72601362879774e-16,-2.24953421659881e-17,-2.8917024119239e-16,-3.68590843973301e-09,7.56928762208937e-09,-7.32256911818642e-16,-3.19497123107172e-16,-1.53594610168647e-16,-2.56263438549005e-16,-3.15430571516087e-15,3.27774415998928e-16,-2.99488022004959e-16,6.64245039507546e-17,-8.6532665414373e-11,-4.07079507765574e-16,2.04821746318435e-16,4.41047609495425e-16,1.78734323304929e-16,1.00361170207779e-10,-5.22061696835267e-16,-9.52279185828025e-11,3.05192961291576e-16,-1.43144159099801e-16,1.8893070828807e-18,-1.93423301056978e-16,1.00440473934175e-16,3.21773796235204e-16,3.97596993325027e-17,1.77539011697785e-16,-1.72872493235585e-16,7.55787138013956e-17,1.61987283933775e-16,1.55656021901416e-16,1.78473643171654e-18,-1.28262606769456e-16,2.45362785728211e-16,-2.22180976300452e-18,-3.87184310069643e-17,4.65367229789156e-16,7.65205739041442e-18,6.71901317496538e-17,1.40562466930467e-16,-6.11696882410155e-18,1.14017850771664e-16,6.33088680441059e-17,2.19340076413193e-17,1.3046201265841e-12,-6.47478713528406e-16,-7.17246662898753e-16,-4.91604568576278e-17,-4.86633661359504e-16,2.36930874853448e-16,-1.89259008492025e-16,-5.38027526404004e-16,2.40538047851348e-16,4.58430096740649e-17,4.61283737410538e-17,-2.34083219073807e-15,-1.40305745535137e-15,8.37381980856298e-17,1.52113969012647e-16,1.17235487019479e-16,-7.2888123206322e-16,1.00334813940638e-16,6.14380899615312e-11,1.36644825804214e-19,1.5224387233686e-16,2.24107527296328e-16,-5.62391696284097e-16,-6.35656036893938e-16,-2.23122055443056e-16,-1.67348219174712e-16,1.47392561219068e-16,-1.00942957617446e-15,-4.39453777486358e-11,-8.69614975607732e-17,-5.80952348858377e-17,-1.01102358119173e-16,-1.35896647843535e-16,-1.11114847820951e-16,-2.90080207691891e-16,-4.14969052971249e-16,-4.37920084743771e-16,-3.34960490481686e-16,2.05326908878601e-16,2.54647986408158e-16,-3.243104261669e-16,2.04863491521847e-16,-5.95007588062555e-10,4.66952030107303e-16,2.23515504012195e-16,-7.80267745108882e-16,1.40986343213891e-15,3.09301443865961e-09,6.19201764445318e-17,2.61147349001657e-16,-8.4641229016866e-16,6.93056218830317e-16,7.45744392835215e-16,2.00434605332721e-15,2.36497958303716e-15,-6.65286319756567e-17,-2.53155763473856e-15,-2.0663513195996e-15,-2.02678756309768e-15,-2.16936132491807e-16,-6.28579285492194e-16,-1.15654346609519e-15,-1.7339475815306e-15,-4.61671706463257e-16,-1.94601804756765e-15
"t938",-0.0494475379102582,-0.0854907045718789,0.0303213180322592,0.0450938966281708,0.00389746739757989,-0.00185168033745128,0.0104657413500114,0.000201183880917128,9.34249810554039e-05,-0.000422375522000257,-0.000262714753259768,0.0270704331810511,-0.0494881001894742,0.00917306352906797,0.00838235131325848,0.012254476569994,0.00128112718797303,-0.0776606232679824,-8.68664113098061e-05,-3.15127147579233e-05,0.000381233018332821,0.000173051973905187,-0.00098863049986335,0.0200381356713917,-0.060677896533149,-0.000135805511141639,0.000146196171117207,-0.000127143055558938,0.0018611364108283,1.11872722137564e-05,-8.423355853914e-07,2.48705353384784e-06,-0.00181569117182532,-1.34404568710105e-05,-1.50183375120757e-06,-2.38360567662936e-05,-0.044249587301984,-5.38240926300557e-06,-2.99339889108791e-05,-4.72174657613918e-06,-0.000122056196776347,9.47057153783715e-06,-9.66432880219695e-05,5.6793802611499e-06,-0.000164829306873041,-2.33199037773497e-06,0.0938066559959577,0.000257502340320549,-9.74434473926034e-06,1.21644683679679e-05,-9.46265252789233e-05,4.11233268429236e-06,-5.64392596368068e-09,1.05062036029815e-05,-3.74470614087202e-07,3.67397433521148e-06,-1.11504184678047e-08,-9.74362364188414e-07,3.96308725614651e-07,-1.73913961041086e-06,-2.27653752639462e-06,4.08059183971924e-07,-1.47711087563527e-05,8.05453207329536e-06,-6.78274924536458e-07,2.98779478642029e-05,-1.43172376422165e-07,5.62675317271659e-06,-1.61674160205078e-05,6.95360242766902e-06,-0.000338815608449532,7.71436175107917e-05,-5.30353759461678e-06,-0.150244164176056,-0.205435344365529,-1.45756750281819e-07,0.000724186441425682,-7.20977301574339e-06,1.10365038711066e-05,9.91298438921579e-06,-1.86306235985113e-06,-2.51870074108346e-05,9.58095440927267e-07,1.65967278003977e-06,2.91960662729664e-06,0.00208535294711468,0.000195430584502543,2.60255232383496e-06,7.9987683250269e-07,-0.000181296527211163,3.08612760598515e-06,-2.528547843009e-07,-2.19157017618336e-06,0.000382969362959211,2.78543230746927e-08,-1.12192132937166e-06,-0.00024046965594706,-4.38221816017757e-06,6.12331192707275e-06,1.10663489357615e-06,2.23601926142425e-07,-0.00170496484720664,8.49517279824907e-09,1.53285645250886e-06,-1.6186443295102e-06,0.0795068974717723,5.42923966011871e-05,-1.87999399649143e-05,4.95515478497265e-06,-8.7239474318554e-07,-3.55421225037515e-06,-5.94484377748506e-06,9.69892517494176e-06,-5.26768302423892e-06,2.49113828551359e-08,-8.31535917208707e-07,1.1608661291697e-06,-1.07617961915422e-06,9.78325893535932e-07,-2.24381167989126e-06,8.09491013717284e-06,-1.77048228979942e-06,1.61531978936215e-06,4.43380587029164e-06,-1.43886034090907e-06,1.37260781162269e-05,-1.39671931958479e-06,4.65215564309007e-07,-4.95772763228934e-06,-0.000184203190800796,0.0227407813630717,1.8009877426221e-06,-0.00040071297135072,1.31295304444532e-07,2.63174795467079e-09,1.09204243840615e-08,-1.66679274704029e-11,-1.05209368521344e-07,1.00182254952645e-07,-2.94572731222572e-07,-2.13682081853541e-08,-8.79086026137843e-07,1.88504572900592e-07,1.24473954608948e-08,3.92873139014554e-08,-3.09218283151293e-09,-2.07455650194886e-07,4.32228355938887e-08,3.03850052066561e-09,-8.7680603882135e-09,-1.37940158243204e-06,-4.36163410089148e-08,-9.68188079903365e-07,3.77277314407561e-07,-1.62664135050859e-07,-1.51706039536783e-08,2.39237147323442e-07,-0.00420849318632159,2.54999874133839e-07,6.98108631462934e-08,-0.00065440793520576,-1.01079835417567e-06,2.02085579628166e-07,3.83344650746597e-05,-1.95431248991491e-06,8.81715037191738e-06,-4.79108132408927e-07,-8.0508970210299e-09,-3.9854854922087e-07,-4.97601243606857e-07,8.56669224447199e-06,8.40213458242824e-07,-8.86967417809691e-08,-3.01406166185296e-08,-7.32739010671729e-07,-9.89281151084368e-09,-6.15668656510152e-08,1.73049437674156e-07,3.31015498062541e-08,4.7773249352886e-07,9.19361074883822e-08,5.68754065734235e-06,-1.27173022727855e-07,-0.0034903238247569,-3.46682788686091e-08,-0.113754604599428,7.98663332293416e-06,-2.8982485559172e-07,-1.27670432288706e-06,9.42447575562627e-06,2.01557187777345e-08,-3.08863625833498e-08,-1.17531470303289e-07,-0.0248936050123734,-1.52688803412659e-08,1.86171722791992e-08,3.29021490014922e-08,1.51915672784697e-07,-1.69589441103682e-08,-4.44136384421306e-09,-4.29730228700237e-09,-5.07382724058776e-07,4.57834307832752e-11,-2.92187926454544e-05,5.40017253159256e-08,-7.63487273850828e-07,2.63348392366201e-08,1.36420809692567e-06,-6.83224716162743e-07,-0.234689468482391,5.62257462396563e-06,-1.57321408197489e-05,4.77849370987961e-05,1.15724173994197e-07,7.35888472676745e-08,8.66053816859948e-08,-1.04505840916897e-07,-8.72146777486939e-09,1.31115383615884e-08,5.74944660005787e-08,3.00513593254087e-07,-2.05709265950985e-06,-7.63419449447151e-08,-2.36673083704621e-07,5.30498544927999e-08,2.64448259018916e-08,2.77272779609207e-07,1.66747689597062e-08,2.399777564622e-08,1.73076394265157e-08,-3.51634567161132e-07,-1.10703055133445e-07,-5.081614653219e-09,-8.38877893612598e-09,3.90945474746732e-10,5.9061648025695e-09,2.79510976880846e-08,-1.04316056856401e-16,3.65249065422765e-09,-2.6657426569899e-07,6.06700018047809e-09,9.03535486521526e-08,1.20963383341871e-08,-1.4291203234219e-08,1.49941576615157e-09,-4.9601727891612e-08,1.08045018542798e-10,-5.53515694210718e-12,1.14867370659204e-08,-6.03213986637584e-09,1.28587361938652e-10,-1.41744169668129e-08,-2.11754867902108e-10,1.65312324239549e-09,-1.85405980622117e-10,0.000532247893011816,-0.000236890731945014,-9.67317458587632e-08,2.7329514946049e-09,-6.43301904383063e-10,1.69641677715773e-08,-3.45824755969493e-09,3.99719338238311e-07,-3.43442180105611e-07,2.35138296939256e-09,-8.11117868214639e-10,2.38344792719077e-05,4.9142357546859e-07,-3.85308943020376e-05,4.07656584776628e-10,2.3601213295097e-10,-7.30332978601505e-10,1.04525064663328e-07,-1.11310010611685e-07,2.56116110937227e-08,-5.63981315297837e-07,2.82950338062206e-07,-5.38227658409236e-06,5.14740595376389e-08,-3.06572289142603e-08,1.05214173206342e-08,-1.43942397408512e-16,-2.71020933444237e-08,-9.34006552059634e-10,-2.1638008285706e-09,-4.49988143836459e-06,1.44953338539294e-09,-9.14129649634981e-10,-2.15491891186821e-08,2.69851873516845e-09,-2.16333776107183e-08,5.67615556972941e-08,2.13845514167369e-09,-2.07370946184892e-09,2.72547522499508e-08,-3.34432287377129e-08,2.88556876594718e-06,-1.84442052645843e-08,2.25673678554618e-07,1.13372214097612e-09,9.78563905528779e-09,5.62260824948853e-08,-1.19275436234163e-06,0.0153642165255032,5.53347856465427e-09,2.87441178451328e-08,-1.21142621491649e-07,1.18360467416892e-08,1.08709769051767e-08,8.52832814254362e-08,-2.3352398377619e-07,-1.23958977490051e-08,1.70561726991974e-07,-7.32184517181934e-08,1.84667603048563e-09,1.77740725529105e-08,-3.70978865976388e-08,-6.90137442441472e-17,2.03345035662322e-10,4.82737620912719e-05,-8.87473652033877e-08,6.57184304124876e-08,9.44107589081036e-08,1.80330184189263e-08,4.54426457134929e-08,-7.38006316049211e-07,3.52700808124228e-07,1.7710770361854e-16,-8.66843140685368e-07,-1.48709992253734e-08,-3.84119911439372e-07,0.0448442592324819,-1.33443090363668e-07,5.66388747261329e-09,1.38987635769588e-07,-2.93290766428281e-08,1.03703553654571e-06,-9.12700872911976e-08,1.5658186688726e-08,2.5880399759273e-08,1.29625626061561e-09,1.16688861623577e-09,2.20526319213167e-08,-4.62967797788837e-06,2.1028950493799e-08,1.29502860105256e-16,3.00725020780137e-07,-2.19356179307907e-08,-1.0088832721392e-09,-4.48907359682908e-09,2.03905531691439e-08,2.84057474208324e-08,-1.51500214279872e-07,1.14847473022023e-06,1.82123898210968e-09,-2.12968190707714e-16,3.04528779355826e-09,1.79189848163237e-06,3.00307370757288e-09,4.37947527166605e-17,-4.463031516466e-09,-4.21809524615931e-08,6.22024523735149e-09,3.07762501523025e-09,9.00628052886216e-10,4.33151961243658e-10,1.41655334532263e-08,-2.9452984203169e-10,-3.02303060980569e-09,-1.63897647651726e-05,-1.54482441566291e-10,-1.43953332009705e-09,8.12991165003216e-18,-1.22059381617373e-09,7.12321215226351e-10,6.54220965968744e-09,-9.41177090007051e-10,-4.62612872724281e-17,-1.45371098700848e-09,2.57559842607291e-09,-9.92721164021317e-10,-9.22780157612477e-10,-2.45376858330633e-09,1.96955366415084e-08,-4.20614183374775e-08,7.26013158254135e-09,1.11963656222268e-16,3.04486332537576e-08,-4.10605015126658e-08,1.86011085485854e-07,4.0036756130383e-08,-4.07774534508768e-09,-2.7596880550023e-11,9.69810961787947e-17,-2.16441695369084e-16,-2.78559340541375e-11,-2.5701067383058e-08,3.403184696167e-09,-5.08132629728409e-09,-6.97365302826061e-17,-2.57052459640723e-09,-3.11757334346508e-11,-3.2747942096012e-17,-8.87934413277554e-18,-1.34003228134995e-16,7.14918611998146e-09,2.12881652299608e-08,-3.18146090955638e-08,1.93667467991164e-08,9.69369942045349e-09,2.28392089728856e-08,-1.27097293687306e-05,-2.94883373296123e-17,-5.25695666510968e-08,4.00007299426393e-08,-4.18102511949099e-16,8.44315856454706e-17,-1.41513570871416e-06,-2.11225695695975e-12,-1.64847955983392e-08,1.30589994135252e-08,1.69155281731303e-08,-9.13588090190997e-10,1.81237008662795e-16,-3.089699281707e-09,-4.38599618883023e-17,-1.07015138528298e-08,-1.19196737937793e-15,-1.96882193738407e-08,-5.31747418948464e-17,1.56281440814835e-08,2.16856572877158e-08,1.35251116113425e-09,1.7942568766286e-08,9.88334572436487e-08,-7.24400278479029e-09,7.4333163251537e-08,2.4255119848242e-09,1.18040478133934e-08,1.10542230304806e-09,1.80631504097442e-08,-0.000128506126041131,-1.15895109935024e-08,-9.93228297362621e-10,-2.42380481054448e-08,-8.78226457996256e-17,1.20503005426628e-05,-8.49695799275549e-06,4.330825212926e-09,5.40184687605506e-15,5.8838936210658e-10,1.67082968168887e-08,6.27162031477441e-08,4.59357533499793e-16,-2.079335816141e-05,-7.90912500661378e-09,-1.76022421425661e-16,-1.06742339055008e-08,1.85974772036463e-07,-4.1636682767933e-16,-8.08657012933092e-17,-1.89092288176572e-05,-5.57189126814606e-09,-3.28263442492383e-11,-4.7571816697055e-08,2.42171491929047e-08,0.00111896446232614,1.14806927529051e-09,4.41373016392603e-08,-8.21244978228304e-08,-4.85773577937721e-15,1.92709083599521e-09,1.20960977202432e-10,3.40188271348889e-10,3.25703785853491e-08,1.72146878276582e-16,-2.72614488591664e-17,1.1056921914189e-08,6.95037131495373e-16,-2.1142643415293e-15,8.67111066426212e-08,-1.01393753430704e-07,-2.07618666779154e-07,-1.26625317823615e-09,5.8960535553667e-06,4.0792243987327e-08,3.59525643817063e-09,-2.80466427078554e-15,1.17871521041526e-08,5.89929543008483e-10,2.77289717970526e-09,-1.15643044460385e-05,1.86358728740173e-06,-6.13130360083013e-16,-8.89750517988422e-16,5.1179141977363e-15,-3.0440045906148e-08,-3.12841050879e-07,-1.77291060021931e-07,5.27852074324511e-15,-0.424454990051927,7.35315101460806e-15,3.34605347474077e-15,-8.08159245938776e-07,1.75154358436736e-08,-4.31948462074961e-15,3.47543084912669e-08,0.000271731275195411,3.57299579290164e-15,-3.6800065196579e-08,1.22285200972324e-15,-7.97622640821548e-09,2.57115424681516e-16,-7.81917215950904e-09,-6.67813821525905e-08,-8.57794496711526e-07,-2.19353229119631e-09,-1.43849854261276e-08,4.24220532176066e-08,-1.37816448022565e-08,2.93380321590542e-16,-5.01418459940979e-07,4.41606441686035e-08,-1.57199515507917e-16,3.53780301025795e-09,9.84219055273305e-09,-1.51560078264681e-08,-2.88375121104732e-15,-6.09018133451686e-09,-1.06100534074618e-05,-6.30477624137286e-17,1.81679784722692e-08,3.96233690577378e-09,5.45872163207008e-05,-2.65629881564537e-16,-4.55475115469499e-16,-2.94522684219056e-09,-8.44541538192379e-10,-6.74247961564181e-11,5.79255188788074e-09,-3.67464963873046e-10,-3.92069783436445e-16,5.88967938435843e-17,-1.31254618519715e-09,-9.02317248862628e-12,1.41143785489788e-17,-3.07019291756459e-09,1.2618388045286e-16,-1.72170687205208e-08,5.81508924980755e-10,3.40700032829872e-10,2.29255127873751e-09,5.4151704029758e-15,3.32159200011917e-16,-4.32346296409128e-16,1.44938635773863e-15,0.0124026366854631,-1.53910709447244e-08,-2.91174584730636e-16,-2.05729511367652e-16,3.25697889842729e-16,3.89979682263347e-09,1.07272425994e-11,1.2809781508889e-10,1.7455068810879e-16,-1.22212582830693e-15,4.68024284719773e-16,2.02821111009888e-09,-6.75736594182779e-10,-9.61300104209355e-17,-5.87705784920031e-11,6.83514373711056e-08,7.24993816529317e-17,-2.48023930862942e-16,7.89621904473077e-11,7.62853388315399e-13,2.01109603815873e-11,3.52683489342227e-16,1.00666035924721e-11,4.14473291885181e-11,8.49165748068856e-11,-1.28056774669607e-10,-5.04604266500808e-10,5.07142498317177e-11,1.1165417065915e-16,6.12911877716279e-17,-3.42726278102962e-16,1.79648318773814e-09,-2.60631619302808e-09,-9.437752599842e-11,-9.48981695582642e-11,-2.1585664932732e-16,-2.44478921058451e-16,1.11951983789112e-17,4.58555020013403e-16,-4.10191547163004e-17,1.44187696570793e-08,-2.87355861861598e-16,5.09107673981814e-16,-9.68079559042371e-11,-4.90488983380673e-17,-8.69803139014827e-11,-1.16768573976689e-16,-1.08507045446825e-10,5.77504720353824e-16,-1.47304152663368e-10,-1.89185489558542e-11,-1.24122112936208e-08,1.95465298076722e-16,6.61202544666246e-10,1.85119214092021e-17,1.0352437890457e-09,-5.33436758528874e-08,1.14554572314681e-11,-1.22841821970042e-15,1.75865697264293e-09,9.49295805400166e-16,-4.68587570504612e-10,-2.65558094912304e-09,-7.12182649935301e-16,8.88869677081641e-17,7.12382656752247e-16,-2.54916632511212e-11,-9.55884317053672e-12,-1.26891521129212e-10,-2.89969424974517e-11,-6.46944755679219e-16,2.47193462298324e-16,-8.5783679060535e-05,1.527503083701e-08,4.28834277408356e-16,4.85773011242124e-16,-1.7049367389219e-10,1.84141389926835e-16,-1.25668430309826e-09,2.68697863752385e-17,1.34564744585954e-08,-3.11398417478787e-16,-3.40474633706964e-16,5.58971332026954e-17,-8.43314887153052e-16,1.94221467874911e-16,1.14148956840786e-15,2.57186701384171e-09,-1.8102561350759e-08,-3.23150046384014e-16,-2.12241304151323e-09,8.9693439175889e-09,3.16803404438729e-15,7.14246910753024e-16,-9.10705982250654e-16,2.01332649052572e-15,1.98094175083914e-09,4.80552362580866e-10,1.21030752796566e-14,-1.11865723378628e-14,-1.44192463177503e-08,-6.62968950902876e-08,-0.347941153096809,-2.2475438624214e-14,-6.45233070722929e-15,1.52654125313943e-15,3.33786830872683e-15,3.85070905369425e-15,-9.17971613566103e-16,-1.55473077083611e-09,1.27479830712996e-09,2.13497633410056e-10,-6.47640677927948e-16,-1.56435735476199e-15,-1.8717459790599e-15,-3.8698851385892e-16,3.0130112137954e-16,1.11054761551913e-15,1.28246081098047e-15,7.60602085553355e-16,-3.57366899843965e-16,-5.47556618252594e-16,-2.61213748370711e-16,8.37762973232321e-16,2.18915620963317e-15,-1.19828846959223e-15,2.29456812975674e-11,1.99545467330888e-16,4.70016995231621e-18,-2.45075752583572e-14,1.59565480704903e-09,-2.00169192739207e-12,6.56717171259933e-17,-3.19060990153907e-11,2.81022117366218e-09,-1.75434252305489e-16,-2.47926149465717e-15,-6.84524142710591e-10,-6.7539755184974e-17,1.23989792469839e-10,6.9601986949783e-17,-6.67140361889684e-16,1.84506706762156e-16,-7.8018994635601e-16,1.42672291942527e-11,-1.98592429385083e-09,-5.07870478180891e-16,-2.40036260806702e-16,-5.54108527467188e-17,6.80544563333299e-16,-2.93353261370043e-15,5.11983401190846e-17,-5.90647515172723e-16,1.25502587995496e-16,2.50725212076667e-10,1.66162913971783e-16,3.61184192586382e-16,-8.16272647312287e-17,-5.32500424354235e-16,-3.90967757743794e-16,-9.78991317488879e-16,-7.55013630978405e-10,-1.56248922241353e-16,1.29584911452645e-16,5.67978249809683e-10,-1.08645762975972e-15,-7.1781847524337e-16,-1.73046840059975e-15,1.48336585079203e-15,1.81583607514124e-07,2.66659377216503e-16,-3.88284287760301e-10,-1.03036502147104e-16,3.90111653336836e-17,-3.59973503811e-16,-4.88994873497891e-15,1.05664731962053e-15,-1.69486059135552e-15,1.44170855085981e-11,-1.27090222285125e-14,1.5830607432356e-15,5.72367954823178e-10,-1.83638755861756e-09,5.23097594793093e-16,1.30674606086726e-09,1.9230220519605e-10,3.07533259939192e-16,6.019869601966e-15,3.77423173372726e-15,-0.656976688454157,1.04869180727922e-14,-3.43902866583441e-10,-9.87192964276224e-17,-6.57592315707443e-15,-5.89027526513153e-16,1.3963729785901e-10,1.03814778277065e-15,3.01874191369178e-15,-1.47855283223831e-15,-1.27473366364231e-15,-6.47537921219754e-11,-8.04595893136413e-16,4.57989867182816e-06,-1.65854411597951e-16,3.52868279025721e-15,4.17285205269803e-17,-8.67173601218242e-16,1.41467332775042e-16,-1.60013898063217e-15,6.4387337570311e-16,-2.40465436107355e-09,8.781005297542e-16,-1.19455588291689e-15,1.61626587375515e-09,-5.65497129358066e-16,4.35957809906117e-16,-5.64812830299432e-16,2.77799141610342e-16,-4.01858055566697e-16,-4.00842945013001e-16,-1.0868698761331e-09,1.9041371667275e-17,-4.79211668062991e-16,3.57512756233828e-09,2.43838540749713e-16,-9.80867729612816e-16,7.48738317596546e-16,6.48121828492354e-16,-1.64150958940455e-15,1.39100754172387e-15,-1.21475723540458e-18,2.10338076559718e-16,-1.19491588198089e-16,1.06890568248766e-15,-5.64909539624047e-16,-1.92068207672308e-09,4.01765102875830e-09,2.29486378832501e-17,2.78803420799842e-16,5.96225065392855e-16,6.74437859598835e-16,-5.68015806941557e-15,-1.45593307531971e-15,-5.03809336478735e-16,1.68418744211243e-16,-5.1092839325939e-11,-8.41431663360284e-16,-1.79048115425016e-16,-4.04332609110817e-17,3.28877341544192e-16,6.60258093249089e-11,-3.09156634428595e-16,-7.28501259347013e-11,-2.47825316280971e-16,-1.33917424709091e-15,-2.49028838008894e-18,2.48377035696387e-16,8.60931874106766e-17,1.87033137911334e-15,-7.95563489028162e-16,-6.69608390581172e-16,-4.04447300826058e-16,-3.08337275475721e-16,4.65825186217754e-16,-5.9449689119708e-17,7.58601985592361e-16,-2.12396695354331e-16,8.52808813038527e-16,3.03919507591928e-17,-8.62064861618294e-17,-8.23151064593389e-16,-1.82603745319891e-17,6.83403166867147e-17,1.35013170989631e-15,-9.96836163096006e-17,-5.85487638973649e-16,-2.40574471552431e-16,1.23161084285634e-16,5.0921357359137e-12,-8.05591207854426e-16,-3.18397621685072e-18,3.49609102182541e-16,1.15244845565939e-15,-4.59573331471268e-16,-9.84028664377397e-17,-1.03700354301942e-16,6.47736985412515e-17,1.41040749182189e-16,-1.05701842889751e-17,-7.64660799463176e-16,6.99292750388624e-16,2.54066359383103e-16,-2.76521736710151e-16,2.53225086099036e-16,-1.23612770688334e-15,-3.04178831952815e-16,-6.43697803993638e-11,-1.42761201507785e-16,3.7287901443766e-16,1.0440202522485e-16,5.11708440827442e-16,8.01492310362365e-16,3.49275843356314e-17,-9.63429666018015e-17,2.58691952674819e-16,-3.68132609223452e-16,1.26829000847741e-11,7.98083391226462e-16,-7.50548520454549e-16,3.83430153076372e-16,-3.59454801412178e-16,-3.09140980880875e-16,4.14649798546389e-16,2.57108452148844e-16,-1.30173571118966e-16,-4.81811532323126e-16,6.70489861522732e-16,-6.68270542563893e-16,-3.68564841727546e-16,-4.33297907203121e-16,4.84729205604092e-11,-4.97471494639187e-16,-3.2173335613148e-16,-2.99618893805587e-16,5.22771731890901e-15,-8.61003641231418e-11,1.70015322734867e-15,-4.44101801212796e-16,-5.40193907919318e-16,-5.6790611700287e-16,8.00605022762982e-16,-2.41719547204258e-16,-1.40269409583296e-16,4.10172742809509e-17,-4.90438624817346e-16,2.49432701065901e-16,2.22412399588603e-16,-2.17556401455857e-16,3.62598340594054e-16,-1.37211407436781e-15,9.58017992533662e-16,8.79438725605924e-16,-9.69507407023319e-16
"t601",-0.0494271909814581,-0.0854166302555076,0.0302941974594805,0.0450398698032508,0.00389175301489903,-0.00184849671649694,0.0104473953277127,0.000200803267169542,9.3216375597824e-05,-0.000421233040499484,-0.000261814544081804,0.0269563337226056,-0.0492734675676145,0.00913268284209001,0.00834385857206942,0.0121949156133308,0.00127475333174343,-0.0772673198534892,-8.64164116097286e-05,-3.13355296269057e-05,0.000378916664009547,0.000171786152185598,-0.000980999863045,0.0198826038013402,-0.0602051020862442,-0.000134697686535141,0.000144989707949258,-0.00012608456037088,0.00184523323700307,1.10747184077368e-05,-8.33309737324836e-07,2.45921701290595e-06,-0.00179393431376188,-1.32719438590543e-05,-1.48206594725804e-06,-2.34979044217795e-05,-0.0436140846821925,-5.30391278332947e-06,-2.94945462748477e-05,-4.65142608098098e-06,-0.000120187646577603,9.32217359269101e-06,-9.51070230116501e-05,5.58899253271811e-06,-0.000162161606363574,-2.29191297300663e-06,0.0921655808960516,0.0002529600961862,-9.56847828049025e-06,1.19395230443474e-05,-9.28203974652688e-05,4.03269552839176e-06,-5.53439832768845e-09,1.02986585314644e-05,-3.66816463909811e-07,3.59849628923681e-06,-1.09003067210728e-08,-9.52000274279711e-07,3.87188653112418e-07,-1.696886853894e-06,-2.21900626766715e-06,3.97548952075507e-07,-1.43848319897178e-05,7.8430990392517e-06,-6.59969331107912e-07,2.90517156368783e-05,-1.39002328680239e-07,5.45913253969109e-06,-1.56808156203251e-05,6.74045348969718e-06,-0.000327433758441733,7.43788097021025e-05,-5.11162243447674e-06,-0.144699822806423,-0.197835872227215,-1.40319740655754e-07,0.000697083522548892,-6.93557285325121e-06,1.06016086915486e-05,9.51685375985983e-06,-1.78684342504638e-06,-2.41514039922721e-05,9.17258002487534e-07,1.58817688151445e-06,2.78813924724995e-06,0.00199033978988929,0.000186420980075825,2.48234388724587e-06,7.62913333423022e-07,-0.000172908150078986,2.94270172237586e-06,-2.40612375216224e-07,-2.08507075226217e-06,0.000363899036624609,2.64096697329429e-08,-1.06338339808963e-06,-0.000227919287444146,-4.15003396568151e-06,5.79707701915282e-06,1.04644599856191e-06,2.11237808200987e-07,-0.00161055099449006,8.02397438843318e-09,1.44157108583022e-06,-1.52175357785533e-06,0.0747286712049423,5.1006426755363e-05,-1.76598676335389e-05,4.65361992495674e-06,-8.19029128014007e-07,-3.33642705521917e-06,-5.57690544160849e-06,9.09792506192255e-06,-4.93272916535289e-06,2.3318743409191e-08,-7.77744447999916e-07,1.08537626057048e-06,-1.00519286050926e-06,9.12915989336782e-07,-2.09227342022151e-06,7.545099141317e-06,-1.64788038858951e-06,1.50207657793103e-06,4.12282493001708e-06,-1.33776313353614e-06,1.27495576903075e-05,-1.29724953039238e-06,4.31731721480993e-07,-4.59015337627052e-06,-0.000170541604457559,0.0210501872044655,1.66448214745547e-06,-0.00037022690801082,1.2127934507494e-07,2.42876052700603e-09,1.00768498824817e-08,-1.53506245223067e-11,-9.67432370069445e-08,9.19241750453516e-08,-2.70274613445737e-07,-1.95984559138558e-08,-8.06128111365063e-07,1.72808121042599e-07,1.14096126998102e-08,3.60117382386719e-08,-2.83204138136033e-09,-1.89691053890268e-07,3.94556082047756e-08,2.7725128177297e-09,-7.99314888243261e-09,-1.25739941158502e-06,-3.97446896787938e-08,-8.82063302745749e-07,3.43635835476462e-07,-1.47839278054991e-07,-1.37832109557784e-08,2.17304889657216e-07,-0.00380135906502481,2.30016589266492e-07,6.29580234405052e-08,-0.000589485199975767,-9.10301975074012e-07,1.81722346691595e-07,3.44654202683468e-05,-1.75450407145885e-06,7.90451328050644e-06,-4.27756396642173e-07,-7.18694176630375e-09,-3.5576635733687e-07,-4.43936377892187e-07,7.63776200710612e-06,7.49033633129885e-07,-7.89681192536179e-08,-2.68236501606473e-08,-6.5152227830409e-07,-8.79437122553197e-09,-5.47247090977749e-08,1.5349937050312e-07,2.92989330019226e-08,4.22695120564221e-07,8.13158005276832e-08,5.02526138871376e-06,-1.12319128405378e-07,-0.00308143187025691,-3.05954523959629e-08,-0.100264733681045,7.03732356839474e-06,-2.54686640197601e-07,-1.12181678594196e-06,8.27360520388402e-06,1.76501179379528e-08,-2.69903539392382e-08,-1.02631761813223e-07,-0.0217143462895493,-1.33080940451973e-08,1.6187396068293e-08,2.85930390398345e-08,1.31873334002527e-07,-1.47133566861913e-08,-3.83673072166961e-09,-3.71152719487821e-09,-4.37418663608235e-07,3.93991198670436e-11,-2.50351313107256e-05,4.62686156821285e-08,-6.53891482190157e-07,2.25267597965559e-08,1.16593958747239e-06,-5.82595999196217e-07,-0.199556368208202,4.76993708889723e-06,-1.3336979959566e-05,4.03801462948569e-05,9.76168068219398e-08,6.20714662896948e-08,7.29488780796387e-08,-8.77142598400814e-08,-7.31512291348438e-09,1.09570216264098e-08,4.79244602947086e-08,2.50271323042659e-07,-1.70691244520252e-06,-6.32908336204563e-08,-1.9602419570948e-07,4.38096434417345e-08,2.18256854413382e-08,2.2880791406548e-07,1.37157587334112e-08,1.97003914893208e-08,1.41770457919144e-08,-2.877427934496e-07,-9.04942849691726e-08,-4.14991937756195e-09,-6.84883298349194e-09,3.18362074056182e-10,4.80191403227791e-09,2.26856223456893e-08,-6.52951520873015e-17,2.95699477014833e-09,-2.15705420205146e-07,4.89215372901238e-09,7.26600792463961e-08,9.70580551276062e-09,-1.14653661417495e-08,1.19790770559804e-09,-3.95996287859108e-08,8.62297966567052e-11,-4.41069670715138e-12,9.14349010955882e-09,-4.79231280186513e-09,1.02069962750925e-10,-1.12473512815355e-08,-1.67699181712845e-10,1.29842964316849e-09,-1.45195456963625e-10,0.00041578423355272,-0.000184054041283579,-7.51272638357274e-08,2.11444679469455e-09,-4.96639920713779e-10,1.30561149379054e-08,-2.65891438787213e-09,3.07007250358914e-07,-2.63399321697464e-07,1.79946838600486e-09,-6.2057933978652e-10,1.81347032659068e-05,3.73856753325441e-07,-2.93086589910988e-05,3.09615254612508e-10,1.79149893424835e-10,-5.53374075188593e-10,7.91720745041166e-08,-8.33855832867557e-08,1.91627755181461e-08,-4.21561444084818e-07,2.11021355397181e-07,-4.00677215898145e-06,3.81616699073027e-08,-2.27011760679482e-08,7.7834928213528e-09,-7.06084408875402e-17,-1.998338647268e-08,-6.88377434816253e-10,-1.59248409484846e-09,-3.30055127788522e-06,1.06008379212759e-09,-6.67594030858646e-10,-1.57265869561538e-08,1.95166480318861e-09,-1.56368165571061e-08,4.10212762453616e-08,1.54128891118269e-09,-1.48309016509103e-09,1.94658532681521e-08,-2.38632296197375e-08,2.05254627504059e-06,-1.29611181699102e-08,1.57762645618471e-07,7.92313849968069e-10,6.83817750242736e-09,3.87768700509704e-08,-8.0975131686273e-07,0.0104092721076606,3.73763343943761e-09,1.93438541976438e-08,-8.14320751341724e-08,7.87978514188768e-09,7.23197303476782e-09,5.66584640674151e-08,-1.54999281081467e-07,-8.2025099113366e-09,1.12478319205244e-07,-4.8131190961682e-08,1.2122454359401e-09,1.16400261024924e-08,-2.41710599525825e-08,-2.76268425320109e-17,1.28261870561497e-10,3.03470351443537e-05,-5.55084884181407e-08,4.10984680222514e-08,5.90324458149583e-08,1.12614538026062e-08,2.83114083363202e-08,-4.58488967687988e-07,2.17850399110494e-07,2.37695665142672e-18,-5.2821166590874e-07,-9.04618568481316e-09,-2.32805874404128e-07,0.0271670559099874,-8.00987358713505e-08,3.38222744608813e-09,8.23869908478505e-08,-1.72961350939687e-08,6.04704542224362e-07,-5.2659537860477e-08,8.97230379669435e-09,1.47718266732409e-08,7.38060510843203e-10,6.61500588187869e-10,1.24954098540323e-08,-2.61506819843851e-06,1.18492225712288e-08,3.02799257956469e-16,1.66330818535618e-07,-1.20849169108216e-08,-5.55799055291201e-10,-2.4451579333991e-09,1.10872955480576e-08,1.51144891719633e-08,-8.0103450108929e-08,6.06474998487197e-07,9.57144520067552e-10,3.52371188140809e-16,1.59162968436582e-09,9.34605693096391e-07,1.55414803349176e-09,2.82684451238075e-17,-2.289995241715e-09,-2.15990621068011e-08,3.18174555241882e-09,1.57079402218544e-09,4.57973734085287e-10,2.19644130359299e-10,7.16734234837381e-09,-1.4804850457953e-10,-1.51836735706928e-09,-8.19453821680363e-06,-7.66131672975684e-11,-7.13617334703874e-10,2.02779248930523e-17,-5.95322758780128e-10,3.46424725873356e-10,3.16144724700269e-09,-4.50370198447132e-10,-1.16740947301894e-16,-6.80679938736727e-10,1.17578605767303e-09,-4.47889865361598e-10,-4.14028206743754e-10,-1.09356348715955e-09,8.66712213577767e-09,-1.81226405381823e-08,2.95970080401878e-09,-6.73048398485027e-17,1.17722597661215e-08,-1.57987846887797e-08,7.08470122273258e-08,1.50315665085652e-08,-1.52925978838079e-09,-1.03067050985259e-11,5.70639620054448e-16,3.09070604053014e-16,-1.01549391500581e-11,-9.16750626113961e-09,1.21056245160076e-09,-1.77135513178328e-09,6.38083184106798e-17,-8.55481021717016e-10,-1.01534442034644e-11,-1.44848680389135e-17,7.60136859728395e-17,6.42056305563712e-18,2.16614780328172e-09,6.38755464447809e-09,-9.22045840753104e-09,5.44281207930608e-09,2.71427750303984e-09,6.17851322249089e-09,-3.42427167313348e-06,7.48869314986526e-17,-1.3133813571272e-08,9.7129718988617e-09,2.30193729821295e-16,1.12787587878853e-16,-3.03843198161346e-07,-4.38994623436297e-13,-3.27060168340118e-09,2.50799569929536e-09,3.04043649015957e-09,-1.62377917164891e-10,-2.52048819903471e-17,-5.40653849099844e-10,-7.14017250150644e-17,-1.78729760430447e-09,1.05990340046373e-15,-3.17157860322032e-09,3.96696064643855e-17,2.39880843097792e-09,3.29509371658153e-09,1.77478746441008e-10,2.27393556116535e-09,1.23395613347042e-08,-8.44730398881274e-10,8.13104400968275e-09,2.24000368184281e-10,1.08831979537481e-09,9.60466031969949e-11,1.39201881189672e-09,-8.18843068864198e-06,-6.06350411701024e-10,-4.29339550717137e-11,-9.383335738759e-10,-1.02641383580616e-16,2.96041334941877e-07,-9.0914747141103e-08,-1.29837815821293e-10,-1.41895672297825e-16,-2.48119075679494e-11,-1.01810081385744e-09,-4.33266492052184e-09,-3.93227377260801e-16,1.52439622584581e-06,7.14342289784866e-10,1.60961025971663e-16,1.05495417920113e-09,-2.82924050560345e-08,1.99978661654549e-16,-1.36737655849015e-16,3.2909967843679e-06,9.80875627595563e-10,6.08898209374179e-12,9.35721064804549e-09,-5.39351109941425e-09,-0.000251772870430196,-2.62055401223462e-10,-1.16790082274476e-08,2.42760926483121e-08,2.1195263906176e-15,-5.92872290910889e-10,-3.74663872358433e-11,-1.07881104800341e-10,-1.06209909942486e-08,4.27744282352257e-17,-7.89299436998351e-17,-3.74339223017793e-09,-6.34340503305817e-16,1.72606219325052e-15,-3.65796593733495e-08,4.43286515888309e-08,9.08369794585388e-08,5.97833394811752e-10,-2.8120156815323e-06,-1.94971971544622e-08,-1.74246844081215e-09,2.02271225845064e-15,-6.59528001709173e-09,-3.40068690679154e-10,-1.61416436096889e-09,7.06520327411627e-06,-1.24179202510747e-06,6.00576155006932e-16,1.03900455622707e-15,-4.687698342454e-15,2.29281293392888e-08,2.48308567327289e-07,1.41279951586284e-07,-4.40168797879118e-15,0.355691462961151,-6.26272384612866e-15,-3.24593967747816e-15,8.44413173801356e-07,-1.83521069083735e-08,5.38930924282285e-15,-3.8453970369707e-08,-0.000310401717554696,-3.14530649482298e-15,4.48930937536627e-08,-9.89957852396499e-16,1.05434921001549e-08,-3.45507672531106e-16,1.0411405595067e-08,8.94247033948573e-08,1.15600976955679e-06,2.98261412354432e-09,1.99577664747016e-08,-6.35489354567286e-08,2.30521583279766e-08,-2.81073263042978e-16,9.68565958462188e-07,-8.6669307869836e-08,2.86379678727171e-16,-7.09297995966953e-09,-2.05259290370139e-08,3.27721616503089e-08,3.16344082109823e-15,1.49764397908351e-08,2.67936724173223e-05,-8.53136017190485e-18,-4.75587257314464e-08,-1.05607344023306e-08,-0.000155820289946201,2.17737076826125e-16,1.4541147999651e-16,1.00160316257504e-08,3.11539976250775e-09,2.53054126611114e-10,-3.34867804663135e-08,2.31663110764052e-09,3.55135329360456e-16,-2.64603887342159e-15,8.81859704180911e-09,6.11337026131549e-11,7.46482908711744e-16,2.33741762995869e-08,-1.24381398469982e-15,1.48554369539502e-07,-6.11527232990418e-09,-3.63882038305485e-09,-2.60799527623726e-08,-6.42055710605739e-14,1.03808323451723e-15,-5.32002329564135e-15,-3.26212332317493e-14,-0.328364101275693,4.55915781265903e-07,6.21563713066094e-15,8.82545170338503e-15,-5.18242175530433e-15,-2.01370073686821e-07,-8.13289016965416e-10,3.72591360742248e-08,-3.83778763867211e-15,7.11700417198998e-15,7.34638161353766e-15,3.47410758464854e-08,-1.12183969616327e-08,1.05450446628932e-15,-7.24702258141739e-10,7.64199143248488e-07,1.80562479551596e-16,-3.12031005872204e-16,7.24525196272612e-10,6.89919666342948e-12,1.64927935969413e-10,-6.6835650845735e-16,7.14375815039296e-11,2.73946335198067e-10,5.12287396244191e-10,-6.904714446954e-10,-2.64542342266689e-09,2.52759513318914e-10,-3.00464087508572e-16,-3.08660914650794e-16,-8.50937316359205e-17,6.98019941259593e-09,-1.00923259232492e-08,-3.55380155665573e-10,-3.13078703882159e-10,1.06226437604361e-15,-1.84273897332913e-15,-7.57420418073403e-17,1.40406991167552e-15,-7.48649672655941e-16,4.19262562912075e-08,1.43982559364089e-15,-1.23681882961301e-15,-2.68555943095533e-10,-1.24942136895614e-16,-2.4069491039488e-10,-2.2291196666302e-16,-2.99010910094487e-10,-1.28749125911258e-15,-3.74984333806762e-10,-4.72721918298418e-11,-3.01512816010195e-08,2.26657292595623e-15,1.55151955332185e-09,-1.3093104792338e-15,2.25206960165314e-09,-1.04998176363016e-07,2.244814465581e-11,-3.64524245346303e-15,3.3057027063922e-09,-5.65773172368513e-15,-8.22769432899295e-10,-4.64678288398134e-09,2.66350433973419e-14,-1.2183962193971e-14,3.24209986760438e-14,-0.515985667209905,-1.58544910949116e-11,-2.0589752232412e-10,-4.61698940173869e-11,-1.86749715201557e-15,3.16432712688491e-15,-0.000123797488669289,2.19419022892613e-08,-8.80157611873051e-15,-1.90006093981962e-15,-2.12077580485706e-10,-4.89802051630764e-16,-1.50929353253e-09,-1.03530258086878e-15,1.44169213030097e-08,9.89314909992636e-16,5.37423744417376e-16,1.003862472207e-15,1.74666962752825e-15,-5.09183534982852e-16,8.3087477538604e-16,1.98120723585662e-09,-1.38651374851991e-08,1.95207012281306e-16,-1.36226505505144e-09,5.25499597052547e-09,2.23703850420781e-16,2.08110729957398e-15,-5.56370719725679e-16,-1.30186699247617e-15,6.0927057974118e-10,1.11207728024534e-10,2.07839733625121e-15,7.06053234445663e-16,-2.01935677312769e-09,-8.4589498454379e-09,-0.0294064893944372,-2.9249504336969e-15,-6.95717385547278e-16,-1.87257120908402e-16,3.90668207526505e-16,8.7206068484566e-16,-6.20280084349764e-16,1.536132370878e-09,-1.46746403605877e-09,-2.84453504632243e-10,-4.56668208548427e-16,8.65621406435004e-16,-6.1146199369755e-16,-1.43379186812384e-15,1.97681627246333e-15,5.07759366431231e-17,-7.92880099288224e-18,-2.98132964081862e-16,-1.9406402965909e-16,1.03448917644265e-15,-6.69200618256419e-16,-5.30023951014676e-16,1.33947563184691e-16,-4.4882364430597e-16,1.11729260616936e-09,3.14941305956352e-17,-2.89078495990319e-16,-4.80803469496079e-13,2.51249039762239e-08,-2.75298391585314e-11,-1.76134048826742e-16,-4.07570809457765e-10,2.28980301669335e-08,-3.39323741565097e-16,3.54782528911068e-16,-4.00346027654742e-09,-1.36299527684215e-17,5.58225942131262e-10,-1.34228021477492e-16,-2.45819397661816e-16,-2.65043745816793e-16,5.57731513722109e-17,4.91186891155428e-11,-6.73867723931924e-09,4.23654460857165e-16,-3.3410706710277e-16,4.0825773501577e-17,-3.72093821783491e-16,-4.83328801218095e-16,8.78022123973083e-17,-2.37543003185833e-16,3.17060794954205e-16,5.23074871171626e-10,-2.7979377122317e-17,4.48646974496333e-16,-1.8642742125324e-16,-8.79183463091201e-17,-2.14399685401437e-17,2.5183339310945e-16,-1.46418903426242e-09,1.83076275288132e-17,-1.95324711802733e-16,1.08731959221089e-09,5.71426583444732e-17,-2.80984240669425e-16,2.8858238558041e-16,-3.21914536032e-16,3.00864588644885e-07,-1.08474574463482e-16,-6.27432179554741e-10,4.07198234580442e-16,2.18599792000954e-16,2.26357167470607e-16,-1.32677456544379e-16,-3.3059912162611e-16,3.43688925182061e-16,2.21371477934181e-11,2.97262326941744e-15,1.73299861910702e-16,8.45147813567055e-10,-2.70618665159096e-09,4.03023673852973e-17,1.861118375527e-09,2.70946152269027e-10,-1.45019786265302e-16,1.37916493477416e-16,5.28729320101954e-16,1.27770094027498e-12,5.34710192936139e-16,-4.09536776019384e-10,1.69356876092888e-17,4.33100621908087e-17,2.08590106100182e-16,1.58599499344077e-10,1.33281756101206e-16,-7.30447340990536e-17,4.69752824408033e-16,-7.01237862837333e-16,-6.88201515213694e-11,-1.11463887789746e-16,4.76370897680467e-06,1.49644636467759e-16,5.99517733812316e-16,-1.6269946973992e-16,-6.43637134356697e-17,-2.38450037677029e-16,2.11880598232832e-16,-1.5713518932918e-16,-2.20807209585049e-09,1.71062147802469e-16,-2.62714658226312e-16,1.43412805986458e-09,-4.26135657383827e-16,-3.20040361799335e-16,3.98535018743525e-16,1.06660792637723e-16,-1.6521113762957e-16,-4.75760220302564e-17,-8.55940589136862e-10,5.31530795292391e-17,-8.71307907666333e-18,2.65015946460062e-09,5.80505334682535e-19,-5.10668098148406e-17,-2.29402489904159e-16,-3.36702514775748e-16,2.41625540457213e-17,-3.42921403455608e-18,7.46526350784909e-17,3.8340429345095e-16,9.9011250888057e-17,-9.42977854047086e-17,2.21906303691941e-16,-1.07418093217768e-09,2.15326101052112e-09,-5.95974840332928e-17,-1.43222019448461e-16,-4.61135297353841e-17,-4.8304401893139e-16,-3.39309034928231e-15,-1.9526501185156e-16,-4.94812378509281e-16,-1.57538105079099e-17,-2.08350306749e-11,-1.56774825512228e-16,-2.62321779501826e-16,-4.07279963397594e-16,1.28228522022527e-16,1.9068461075171e-11,2.94746622097971e-16,-1.02400936704687e-11,-8.58364483731755e-18,9.04803787164545e-17,-3.73204811658215e-16,-7.45028943475515e-17,-1.8646234227298e-16,5.86851751231652e-16,-1.51377839373963e-16,-1.316630671882e-16,7.25057564062394e-17,1.49738142399404e-16,-6.99862496924543e-17,-3.84385080213614e-16,-1.61186263762859e-16,-3.03794938494859e-16,-1.43806037932624e-16,-2.09693182354509e-16,-2.55992546373059e-16,-1.31457588717534e-16,-1.18223814835153e-16,-4.07020860519947e-16,-4.53384571224455e-16,-4.17872202988746e-17,-1.77927663269404e-16,3.05175095755936e-16,5.89145997870043e-17,-3.1461304254884e-12,5.13826352237534e-16,7.542673049301e-16,1.63776849818525e-16,-1.35925813292348e-15,4.57846516911881e-17,1.3947109020558e-16,1.4748632017753e-16,-1.79459208830976e-16,-4.11717699358139e-17,5.96727191682124e-17,-2.07555477242365e-15,4.34008140974105e-16,-2.03792218057526e-16,2.62300397890083e-16,2.8311623301426e-16,8.12636638599741e-16,-1.73603288472419e-16,9.78653151477829e-11,-2.04018624253216e-16,6.7459262448494e-17,2.8006441187387e-17,1.87102296255508e-16,-6.26073534192541e-16,3.54443713295512e-16,4.02618333049214e-16,-6.69113095626121e-16,-8.99004402871845e-16,-4.34441638249683e-11,4.65474734822524e-16,-3.54770960510034e-16,-4.94010038209805e-16,2.81808076368017e-16,-2.85720803503471e-16,1.33374505558314e-16,4.16769676347633e-17,-1.67486848213948e-17,6.90230042001366e-16,2.23356596554905e-16,6.28862549214684e-17,2.21023146593461e-16,2.232949284541e-16,-4.93458375625195e-10,1.09680704483969e-17,-1.10632594631947e-16,-2.53292313412226e-16,4.88532662719625e-15,2.44224721928096e-09,-1.18727841123714e-16,-6.50583326187721e-16,2.94537442034301e-16,-2.32486019787703e-16,-1.17605797114992e-16,-3.21580941812302e-16,-6.98148964573198e-16,-1.53218816486356e-16,5.31747183401987e-16,-5.96713373703722e-16,1.05007317773942e-15,3.74703605507622e-16,6.882926732087e-16,-6.80290742236295e-16,-5.43276755707016e-16,1.50475746194358e-16,5.80973284385501e-16
"t711",-0.0455177632246704,-0.0707534927992498,0.0249154706854294,0.0340976425486463,0.002711879927563,-0.00117863096221357,0.00657730492691698,0.000119647974038983,4.75073277777711e-05,-0.000160615839685131,-4.20028335171647e-05,-0.00339161907929744,0.00864831676540646,-0.00185084781633416,-0.00237692647310946,-0.00498750338392825,-0.000593180726128345,0.0394478015688746,4.93726234817989e-05,2.59166289102262e-05,-0.000431284883953207,-0.000418410638549685,0.00306658405667211,-0.063898259759393,0.197261950884507,0.000564371203264784,-0.000650318984037356,0.00059680378673791,-0.010374362855725,0.00454461059225279,-1.28731423137698e-05,2.28599070752124e-05,-0.010130212831594,-5.83974260174616e-05,-5.14405888742407e-06,-5.73538645067772e-05,-0.100231111043906,-1.12771863843737e-05,-6.05876856146859e-05,-8.84025046356389e-06,-0.000194168086216272,1.28774529304045e-05,-0.00011783219482624,6.85934449093548e-06,-0.000172564793296214,-2.13645639955256e-07,0.00235024370393931,-1.60780416370109e-05,3.48049964940551e-06,-8.94952223953524e-06,0.000128041647991873,-6.99872087019392e-06,9.91714904072114e-09,-2.39659656646976e-05,1.39532232773403e-06,-1.47684916251837e-05,6.09039239478917e-07,-4.10434550874614e-05,1.3931604619046e-05,-1.50088948905069e-05,-1.29864411554414e-05,1.99937740430998e-06,-6.49239274557814e-05,3.45022145354566e-05,-2.43648275962967e-06,9.30964596404195e-05,-3.34351660515142e-07,1.15782003092087e-05,-3.13555758577666e-05,1.20937047734138e-05,-0.000290305335181318,2.1627960658528e-05,-1.03117317243976e-06,-0.00261885912465659,0.00108527807666307,1.14973815041037e-08,-7.93101894334388e-05,1.86540511112912e-06,-6.60259314868952e-06,-7.30537991749891e-06,1.81617917184695e-06,2.5842726410835e-05,-1.26584064446489e-06,-1.52685123232574e-06,-6.86239520931365e-06,-0.00528154625196393,-0.00053443933779635,-7.20650970974839e-06,-2.22210481826635e-06,0.000507796960117304,-8.90199662468753e-06,9.67800680826561e-07,8.61682523837747e-06,-0.00182068282678319,-1.97998734641962e-07,8.61200895640383e-06,0.00185281673062637,4.2649367343461e-05,-6.63107038735357e-05,-2.22315638983293e-05,-2.62703107547701e-05,0.387830709497619,2.44489942408724e-05,1.30712426075498e-06,-7.11055639422185e-07,0.011588382455769,-1.77357372554958e-05,8.44112764282483e-06,-3.25533395711625e-06,8.3147402673899e-07,3.71510571135932e-06,9.25423396576776e-06,-1.56555484435322e-05,1.44673818511865e-05,-7.3835840853046e-08,2.84446617480321e-06,-4.20035647787394e-06,4.45684891971976e-06,-4.51883491170232e-06,1.11311220999845e-05,-4.16567534256571e-05,1.01091841144595e-05,-9.64185229216795e-06,-2.64980927949831e-05,8.63602191331568e-06,-8.3218355942193e-05,8.45785909462075e-06,-2.70501489003216e-06,5.73269963034157e-06,0.000190603683101014,-0.00150909736481133,2.75369043911535e-05,-0.00649864372373606,8.85737846487719e-07,9.40995946279427e-07,4.48879508979193e-06,-3.03830604597135e-08,-2.08869590815763e-05,6.63631282012414e-06,-1.91006630471134e-05,-1.22540837100501e-06,-4.75430733321e-05,9.32364152504577e-06,5.95888656439688e-07,1.87997199909883e-06,-1.19509625189221e-07,-5.66188904248371e-06,8.85440162659708e-07,5.83554683239673e-08,-1.47115696469779e-07,-2.29053130172307e-05,-6.89529456390919e-07,-1.4876599542215e-05,5.61441119787907e-06,-1.82774674913978e-06,-1.63157308534595e-07,2.4943945677392e-06,-0.0175951736051764,3.37965536703885e-07,2.55343414249512e-08,-0.0121080185932413,-1.166085616546e-05,1.00365978828655e-06,0.000180391102613321,-6.28199052127217e-06,1.92659375991499e-05,1.51441290381744e-07,3.25353387748028e-09,1.70101846014727e-07,3.84689705435161e-07,-1.02158617561177e-05,-1.05407061823318e-06,1.92049783386595e-07,7.48070522504394e-08,2.37769863550573e-06,3.41728424802595e-08,2.19535573314124e-07,-1.14012161276742e-06,-8.12661830753459e-07,-2.60649827127366e-05,1.67911268478248e-05,5.51139900352033e-05,-7.7238659345496e-07,-1.56172835357286e-05,-9.99582820876097e-08,-9.56617904574526e-05,-3.76420526516875e-06,9.56041429194074e-07,4.30665685027448e-06,-3.86250949816123e-05,-1.20210949258028e-07,2.30638213112967e-07,9.28900572793355e-07,4.73277037710599e-06,1.64114520280133e-07,-2.41539142960529e-07,-4.49405734714668e-07,-2.32711192756513e-06,2.76033919460789e-07,1.31518189440265e-07,1.32160733027765e-07,2.38394069379151e-05,-4.4143308385293e-09,-0.0399316625469534,0.000102190920360684,0.000141999226961288,-3.1680063682125e-07,-1.88355682933086e-06,-1.46835043769281e-06,-2.63318821870938e-05,-1.15446507163299e-05,4.19905036770335e-05,-0.00025424577458296,-7.78631974058816e-07,-4.9783615169249e-07,-6.795244205799e-07,1.10728502088407e-06,9.7092981005277e-08,-1.84941377259402e-07,-9.37982358944365e-07,-5.14391628907662e-06,4.25671860559578e-05,1.65042762359319e-06,5.36591824422324e-06,-1.38846608213157e-06,-7.12416357934065e-07,-7.52272600053484e-06,-5.29316912469024e-07,-8.39100017200549e-07,-6.75330721366416e-07,1.44346866786782e-05,4.79328395102888e-06,2.31483084422898e-07,3.87727164625794e-07,-2.07421643297658e-08,-3.42841608805024e-07,-1.79602819166356e-06,-1.84307464896271e-16,-2.74027494546025e-07,2.06602379167055e-05,-5.98995665391863e-07,-1.10444162964015e-05,-1.80818525954519e-06,2.16422439104073e-06,-3.6616950239896e-07,1.339508723414e-05,-3.06493805445245e-08,2.05115392954849e-09,-5.31586747742491e-06,4.94206156522339e-06,-1.56828479623822e-07,2.15618857867756e-05,-1.02954636222904e-06,4.465524787883e-07,-3.0984177950291e-08,0.000382605983075246,-0.000406512994219485,2.67921049872499e-05,1.00500799155852e-06,-2.16118716598447e-07,5.72787589114614e-06,-1.19704931086486e-06,0.000143703510402232,-0.00013303616297489,1.07931549120115e-06,-3.81791031426293e-07,0.000497163929498159,0.00116231034084661,-0.104275127019019,-1.65486022264171e-06,-4.77216094984863e-07,5.39005136625497e-07,-6.84390386747978e-05,1.12127210152353e-05,-2.23907321531213e-06,4.37883453362703e-05,-1.46745033942572e-05,-0.0192326034329935,-2.77058327536731e-06,1.48133512498133e-06,-4.70741238473628e-07,7.68788417303718e-17,9.58600878293337e-07,3.20990348966919e-08,-4.76341450612453e-05,0.000115004938650835,-3.13474315031031e-08,1.83009390897819e-08,4.15433648791309e-07,-3.25179636084168e-08,2.5307802456469e-07,-6.58737368620034e-07,-2.16910245655079e-08,1.43405266056163e-08,-1.76244003253332e-07,2.06353361179105e-07,-1.52254689883463e-05,5.13294896374671e-08,-4.63949085438872e-07,-2.28776822972852e-09,-1.96371081804268e-08,-4.31052102096369e-08,2.35911384763984e-08,5.22730537241178e-08,-4.93790686810758e-09,1.26390594567647e-08,-5.20415119651141e-08,5.99912816183275e-09,5.57182635669679e-09,4.45284445666687e-08,-1.23305157938186e-07,-6.73743667707932e-09,9.44507563922721e-08,-4.07822027184709e-08,1.02786802912988e-09,9.83896671388989e-09,-1.99474357335499e-08,1.29647663782613e-16,5.20449242171732e-11,1.0607120965474e-05,-1.47702201863732e-08,1.08360127798855e-08,1.54132368254239e-08,2.71558253260431e-09,5.78433598725904e-09,-7.44215904386381e-08,1.86887431300177e-08,7.93190068542592e-16,6.30271174493284e-09,1.14546574485197e-10,5.90759537481838e-10,-4.34604808807732e-06,-9.51439931969222e-09,8.65587569943093e-10,4.68874023396278e-08,-1.5383574324808e-08,1.206623613261e-06,-1.97797605063389e-07,4.88814417035399e-08,9.85205890344071e-08,5.5709388592571e-09,6.20448523999786e-09,1.2001929149561e-07,-2.92489398090242e-05,1.49088466905624e-07,4.91091994893274e-17,5.07472479898756e-06,-4.46097698897897e-07,-2.05554197327848e-08,-1.60098507333176e-07,7.95642231868688e-07,4.23599749015714e-06,-3.95650396115267e-05,0.000342509518004231,1.01729055195074e-06,1.48377778714821e-15,7.3024397059376e-06,0.494082230613968,-2.63634415632474e-06,1.25221960168838e-14,2.50710115517449e-06,2.27205617936859e-05,-3.29791061785643e-06,-1.59722331837742e-06,-4.64780753080385e-07,-2.2760673319195e-07,-7.64405629684252e-06,1.81786704709884e-07,1.89997065503993e-06,0.000110286654819253,3.11462620449278e-07,3.12214372619147e-06,-1.11442322737285e-15,-1.01625662676435e-06,4.63646530122632e-07,2.83111960517148e-06,-2.64073061757529e-07,-1.84003868623484e-16,-2.24006333310362e-07,2.58028177827225e-07,-8.56858039381968e-08,-7.48034182558039e-08,-1.85372428067999e-07,1.32109594241773e-06,-2.38855713004052e-06,3.0064267942004e-07,2.04257911763182e-16,1.02511691174028e-06,-1.36068529738793e-06,5.96949424167678e-06,1.23136820202258e-06,-1.25017407245057e-07,-8.36334629180955e-10,-1.26226907981908e-16,-8.70903659726475e-17,-7.92107915832086e-10,-6.94084231556282e-07,9.13382792352839e-08,-1.30595943472584e-07,-6.01508289096298e-17,-6.05268575300538e-08,-7.08044476649235e-10,3.56814730734612e-16,-1.20118487029788e-16,4.43729161179551e-16,1.46321398654798e-07,4.30326541337454e-07,-6.16933285152243e-07,3.63100436902384e-07,1.81045182388392e-07,4.1347756383551e-07,-0.000236254993034917,-2.21226925430173e-17,-8.82950141730339e-07,6.56893728560774e-07,2.63735342614578e-16,-3.21300216214055e-17,-2.13546110703138e-05,-3.12534229965951e-11,-2.37671139581767e-07,1.85073056168764e-07,2.32064744135554e-07,-1.24685203811715e-08,-7.27884137569775e-17,-4.18697186952429e-08,-2.63234527444715e-16,-1.4210354249068e-07,4.6724131124232e-15,-2.57574655742867e-07,2.85940930825401e-16,2.00639900236219e-07,2.77351544888638e-07,1.6448996445469e-08,2.15870369596407e-07,1.18370977795285e-06,-8.50507605401444e-08,8.57447601025023e-07,2.67569549558172e-08,1.30158502688451e-07,1.19919524744848e-08,1.88074604986919e-07,-0.000106556821314199,-1.30242616951706e-07,-1.0708304719647e-08,-2.5858405065355e-07,-1.07790943816586e-17,0.000128518679382797,-0.00230501163094646,3.66013813483146e-08,1.29691919567229e-12,4.87934271888494e-09,1.34021979670001e-07,4.95879263476378e-07,3.13899934790494e-17,-0.000168456486531349,-5.98428575937724e-08,-1.5279261901154e-16,-7.93905268008312e-08,1.23085986503992e-06,3.12773279578186e-17,-3.10825156288116e-16,-9.19586021522467e-06,-3.48463261319765e-08,-1.98530007996795e-10,-2.75326342233355e-07,7.32932608326987e-08,3.02642698926387e-05,2.0606083574694e-08,2.52101011385991e-07,-4.26727284205964e-07,-3.97310924102251e-15,9.69532665522488e-09,6.05224483504545e-10,1.66958807061384e-09,1.56173951484048e-07,1.07714376296288e-16,-3.04035392832194e-16,5.13385059430507e-08,-2.40713865320392e-17,4.43308661058338e-16,3.22169921256971e-07,-3.60528194364836e-07,-7.37537379639959e-07,-4.0535685619756e-09,1.85926803894078e-05,1.28216986990364e-07,1.10624149011439e-08,8.67274424817429e-17,2.78317716734292e-08,1.30087551153618e-09,5.97093760225824e-09,-2.18901709165346e-05,2.62125092907584e-06,3.21644817928795e-16,1.82528464701273e-16,1.68226011069888e-16,-2.06123039264903e-08,-1.09385317170036e-07,-5.7515018903717e-08,-2.08603435275525e-16,-1.05968757927152e-05,1.80601993582676e-16,-2.4211012632891e-16,1.23027674293216e-06,-2.70116205548282e-08,3.79023322508066e-16,-6.64594498618756e-08,-4.76737105557806e-05,-2.49542450225614e-16,1.01970899310477e-07,1.15587529089255e-16,2.71882950562136e-08,1.06295599791316e-15,2.71223564583998e-08,2.34768244308467e-07,3.06111895843236e-06,7.99117373634061e-09,5.48440725289456e-08,-1.89806140021489e-07,7.53409005829452e-08,-3.21939014995956e-16,3.42422316479988e-06,-3.0840465341296e-07,8.76032814775606e-16,-2.54457545341695e-08,-7.46224930900196e-08,1.20386480195611e-07,-2.30999674906913e-16,5.63756450084825e-08,0.000104522299966685,-6.1468271943865e-16,-1.7969073913631e-07,-3.99294274081185e-08,-2.89749084464248e-06,-9.14074855479033e-16,-6.19215892552585e-16,3.72978764834672e-08,1.14085415860615e-08,9.22796421471028e-10,-1.02311669585117e-07,6.71577015624238e-09,4.38349403229821e-15,-2.37369025262409e-16,2.45015464628396e-08,1.68873764350225e-10,-9.14678624378883e-15,5.91415088886702e-08,1.42152826916848e-14,3.3724659519049e-07,-1.12876933584054e-08,-6.59456040092404e-09,-4.37003853635953e-08,-9.79390037744188e-14,7.49385665036491e-15,-1.76360715697239e-14,0.623862464237572,-4.79220314173555e-06,-8.40385271347934e-08,3.77254066461787e-14,-2.93418288793712e-14,-2.2248614168609e-14,1.88048948920228e-07,1.06119655971345e-09,-9.28624652226036e-08,-7.57019237100114e-15,2.76557787869728e-17,-1.42948793283634e-14,-3.59609433290278e-07,1.21437227242674e-07,1.48479232747933e-15,1.33645156147989e-08,-1.79310567124382e-05,-5.9020839834328e-15,-2.35242001187427e-15,-3.46845256281393e-08,-3.55329999208393e-10,-1.71661088709986e-08,5.09704575760581e-15,1.92820024987726e-08,2.80521611395202e-08,3.00556835372585e-08,-2.73413884556186e-08,-9.7334360788952e-08,8.28248485049637e-09,2.17900443708711e-16,6.00171976194455e-17,1.03576701981991e-15,1.56466098959204e-07,-2.25384112792023e-07,-7.70556327249927e-09,-6.03728919581941e-09,8.94856429022103e-16,-4.17045648589134e-17,-5.31022365136895e-16,6.31886380846218e-16,1.47630259918814e-15,7.42821817031615e-07,6.49459375553203e-17,1.76791149910413e-15,-4.63504676477241e-09,6.18519319916245e-16,-4.14874703056796e-09,7.35089072945172e-17,-5.14265936583223e-09,-3.31956548332938e-16,-6.20817316005636e-09,-7.76365740393474e-10,-4.89451519080602e-07,-2.37302052209218e-16,2.48524984579615e-08,-9.09924980118339e-17,3.51490158868457e-08,-1.59244692923294e-06,3.40084518429869e-10,-5.43783054881538e-16,4.95632626417916e-08,-3.97007938312667e-16,-1.21449928665726e-08,-6.85405435357355e-08,-4.32876554378579e-16,4.83492040994756e-16,4.70441513074195e-16,-5.59560843007073e-16,-2.29490108155522e-10,-2.98633309839079e-09,-6.6628965331289e-10,1.3776998656852e-16,-4.50507061091996e-16,-9.42757916012381e-06,3.95254627144298e-07,-9.8597859458379e-16,-2.57746058756104e-16,-3.00737845766117e-09,3.39614886154502e-16,-2.12878138241115e-08,2.75865011563911e-16,2.00295061540733e-07,-2.66523077413707e-16,-3.93130194366682e-16,8.72625075372065e-17,-5.21689393625901e-16,1.2412958587957e-16,5.78197108486965e-16,2.64089761375313e-08,-1.84674535816364e-07,9.15572845916916e-17,-1.76804324305521e-08,6.71766154326954e-08,-3.15866021685823e-17,-2.95014192084862e-16,-8.948568206554e-17,5.72724904847314e-17,6.58876255078238e-09,1.05239761764162e-09,2.05933034180469e-16,-1.25937430828404e-16,-1.1934073256355e-08,-4.25634797198944e-08,-8.61383029051676e-07,1.72164463344051e-16,-1.19118917187893e-16,1.39738254313226e-16,1.31620675272305e-16,9.9516844617964e-16,7.05443765995432e-17,2.48630472566711e-08,-2.34912323629311e-08,-4.51221293111365e-09,-3.18155077897809e-16,3.28907718020277e-16,3.99111300885601e-16,-3.44532947012356e-16,-6.99685725862507e-18,7.24045594931886e-17,-6.54779942576539e-16,3.59181349797849e-16,1.16921804408149e-16,7.35671741023427e-17,2.96040571331201e-16,3.02308716988988e-16,-9.32195721761459e-16,4.82540282731759e-17,1.67667566704162e-08,7.66460268554533e-15,2.05326909868065e-16,-1.54506975723578e-15,3.76265433692126e-07,-4.12122029671999e-10,-3.25400544876469e-16,-6.09987567897948e-09,3.42159023618866e-07,3.69541367662504e-16,-3.23037130832817e-17,-5.9757639371711e-08,-4.15435468828831e-16,8.33067003985247e-09,-3.52477918798823e-16,2.09952888665017e-16,3.23939122626339e-17,-4.37229176381243e-16,7.34344365343375e-10,-1.00766672722717e-07,6.19507403599196e-16,-5.57460144878488e-16,-1.90934797326594e-16,4.85914776130296e-16,9.11030755710609e-16,-3.99448045507319e-16,4.34111434062501e-16,2.19782234720194e-16,8.01354952870985e-09,-1.14335716868937e-16,8.64235413813837e-17,1.62629510278993e-16,-6.01062056652484e-16,-2.31124067793352e-16,-9.66358891106814e-16,-2.26313717443767e-08,1.26193922196473e-16,2.24557115284929e-16,1.6836439145188e-08,2.64277190549769e-16,3.24509589517e-16,1.75185240081508e-16,-4.92663463533629e-16,4.77809687246222e-06,-1.97345677860733e-16,-1.00189573536159e-08,-5.30999738022611e-16,1.56074718230707e-16,4.45490511168459e-16,1.91895195088757e-15,2.10135404301815e-16,-6.16552434147989e-16,3.57820675046902e-10,-1.71294651664293e-16,2.80309742796224e-16,1.38027865926574e-08,-4.42211817964633e-08,2.77308962290629e-16,3.0710164444483e-08,4.48529991861517e-09,9.85551749126204e-17,1.27505476862601e-16,-1.63020237582288e-16,1.97350539203356e-17,2.02837697519327e-16,-7.19017036288831e-09,-1.70568089576474e-16,-1.34128145259607e-15,3.12605069010271e-16,2.83893594110957e-09,-3.8921724111153e-18,-1.64387353470468e-16,2.16608873790787e-16,-6.02316458498722e-17,-1.26814517779662e-09,3.03453250350067e-17,4.98675994644997e-07,1.51924884606587e-16,2.27356716986047e-16,-5.57620204857235e-16,1.71975714688231e-16,-3.60308871488268e-17,4.54710518571932e-17,7.00051658065327e-17,-4.37226667374836e-08,2.37313502222963e-16,2.65184176074618e-16,2.89188827634588e-08,-1.83958366817933e-16,2.13729640928501e-16,-3.87395091037614e-16,1.07558729382072e-16,-7.70146531953371e-18,2.59151094572152e-16,-1.84567538124291e-08,-1.75556626718455e-16,-6.26529406379051e-16,5.92449851858066e-08,-8.3365714135762e-16,-3.39438128236364e-17,-1.25562173138934e-16,-3.1153208099971e-16,4.31549305517462e-16,4.22846276039125e-17,2.61452200327292e-17,5.65892714289776e-16,-4.79388874871492e-17,-1.10576789893884e-16,1.11091989515819e-17,-2.885509090829e-08,5.95892764325607e-08,3.48637809020305e-16,-2.91973315618935e-16,5.11526339119131e-17,-7.60906572796935e-18,1.47113860170839e-15,2.81747271637291e-16,-4.29244075756701e-16,-3.24858814454943e-16,-7.05257943442028e-10,6.38003282815955e-17,3.32923610569843e-16,-8.04315701781939e-17,-3.21690184279215e-16,8.5049680925392e-10,3.23175476897352e-16,-8.57347354470059e-10,8.67918969265554e-17,6.56794080008368e-16,6.88036431578613e-16,7.05803302517282e-17,-1.24088765256649e-16,1.64137666715659e-16,1.36646240668672e-17,-2.7977371155386e-16,-1.68586917007155e-16,1.46702376316445e-16,-6.28563307049851e-16,3.84537670557331e-17,1.79666413554067e-16,1.15994734811739e-17,6.60580387059892e-17,2.92371415120793e-16,-1.09657449070107e-15,4.78864947508716e-16,5.17790858105745e-17,-6.50518870170272e-16,-4.99501477463123e-16,7.15636417399499e-16,7.62398568001303e-17,-1.25421998714406e-16,5.60836281731402e-17,3.29991152887224e-11,5.071851139938e-16,6.92419382262578e-16,-3.53962707710847e-17,-5.19671225778518e-16,1.24144380565394e-16,-1.49522215661153e-16,2.37464008015607e-16,3.77956412144726e-16,-2.06718119132438e-16,-2.92793993391075e-16,5.8146087820178e-15,1.14857404899544e-16,9.17381248509734e-16,-1.07634495405982e-16,3.37127665106197e-17,-4.63324050559345e-16,5.13346747274456e-17,-3.97106708199995e-11,-2.12221379721602e-17,-5.13692956559173e-17,1.558479727989e-16,-1.03363731191666e-16,-2.55849892031889e-16,-1.9186538954756e-16,-2.86224207883735e-16,3.24257483964312e-16,1.64316642434518e-16,-1.42989014116393e-10,-9.46108933860131e-16,-4.03658715776359e-17,3.10371998912242e-16,1.82055702272335e-16,2.40201332657186e-17,-5.10119772694107e-16,1.53752095340877e-16,-5.26471357818e-16,-1.90008317234435e-17,-6.46950789246704e-16,3.95008162006717e-16,-6.30636433187831e-17,-9.25331643909273e-17,-2.54199709567206e-09,-1.40631398393829e-16,6.28460759172653e-17,1.41223783741003e-16,6.45921790763312e-15,1.39916389641066e-08,-4.76071360205296e-16,3.72262424953642e-16,5.46179386368073e-16,-1.21375025312084e-15,-3.09509581644926e-16,-1.51549199613055e-15,-3.47006505972717e-15,4.48016444076281e-16,-8.11470888090304e-16,1.23548260467839e-16,-1.07321038709379e-16,8.37856131796538e-16,9.59885317416319e-16,-4.11089414926827e-16,-1.27240271670352e-15,4.10819595671276e-15,-7.83529725811009e-16
"t658",-0.0456797619380033,-0.0712892208601401,0.0251103403224759,0.0344573534858593,0.00274710675464585,-0.00119669000481998,0.00668013518302663,0.000121673334092561,4.84640748535305e-05,-0.000164578275078875,-4.33384653756567e-05,-0.00352686533674292,0.00900425130711589,-0.00192828951592246,-0.00248116525026372,-0.00522056453933143,-0.000621636679419303,0.0413784536346624,5.18516229910227e-05,2.73450313278968e-05,-0.000457274089035466,-0.000449774713979332,0.00331180477919392,-0.0690427182592953,0.213218157772765,0.000612645205012149,-0.00070673942800298,0.000649143931856222,-0.0113139197106446,0.00505060971953239,-1.44293707220237e-05,2.57881220761437e-05,-0.0115534114233748,-6.71319746591394e-05,-5.96804005538576e-06,-6.75937557232213e-05,-0.118453763232241,-1.3374803533461e-05,-7.19690511160217e-05,-1.05371712815865e-05,-0.00023303395471288,1.55492269652949e-05,-0.000142833250771885,8.31742454177583e-06,-0.000210228541899334,-2.65007071156263e-07,0.00293207851387786,-2.01136028602037e-05,4.38840503925418e-06,-1.13831710990374e-05,0.000164840734351718,-9.06265854349927e-06,1.28527904659465e-08,-3.12917704785493e-05,1.84954530116182e-06,-1.96221641418777e-05,8.46873875565433e-07,-5.78524590347517e-05,1.96697359116229e-05,-2.19665432405799e-05,-1.95809038239673e-05,3.0622476423261e-06,-0.000100757038973984,5.37266815850897e-05,-3.89436959044647e-06,0.000152562330083305,-5.82324154746709e-07,2.07872263178395e-05,-5.71332450551262e-05,2.26595790413672e-05,-0.000651852033512797,5.90281666260945e-05,-2.91975195912806e-06,-0.00806198365886509,0.0033789594853962,3.72798826880008e-08,-0.000261541623774072,6.72975076249418e-06,-3.08896793077037e-05,-3.9243490030838e-05,1.33439634268095e-05,0.000207183341303477,-3.58790929086176e-05,-0.000258738115375295,5.07502634859079e-05,0.0295561918013041,0.00237342731081081,3.09344512397714e-05,9.45554387630655e-06,-0.00211435628575222,3.4379535825141e-05,-2.10618909204858e-06,-1.79394181900139e-05,0.00287339776669347,2.05056462663643e-07,-8.39962008054901e-06,-0.00180209152912179,-3.5697039723292e-05,5.25162182410519e-05,1.42950741215581e-05,1.42264442926684e-05,-0.206803862724778,-1.28114010930365e-05,-2.78038825242543e-07,1.38897703856448e-07,-0.0021116783870882,2.83327350413612e-06,-1.29707683045662e-06,4.65734685256431e-07,-1.05995340366557e-07,-4.55147629652262e-07,-8.70802319612053e-07,1.42190647367021e-06,-3.53760071682261e-07,8.54036294763958e-10,4.35262962274599e-08,-1.12530859205936e-07,2.52760025728557e-07,-3.7705089191516e-07,1.14004278539979e-06,-4.69800386985322e-06,1.48027575734331e-06,-1.60649044489306e-06,-4.43490251885652e-06,1.46961042664253e-06,-1.57770173624475e-05,1.616743129894e-06,-5.59836903374484e-07,1.42485868735936e-06,4.74577037761284e-05,-0.000380524095130845,7.63437078367252e-06,-0.00183231923560203,2.52726042019198e-07,2.81191626073313e-07,1.34958197920756e-06,-9.95003760847181e-09,-7.26384455979158e-06,2.48106690137543e-06,-7.15464860422247e-06,-4.64277397415787e-07,-1.81163463015503e-05,3.58520569513211e-06,2.29923519679676e-07,7.25420038872142e-07,-4.72330490476565e-08,-2.34025054877486e-06,3.81736594920572e-07,2.54125542908779e-08,-6.54621392153035e-08,-1.02093563251807e-05,-3.09807078395499e-07,-6.71532529956058e-06,2.5477293824444e-06,-8.68793585147087e-07,-7.81098087222121e-08,1.20016413564433e-06,-0.00941454451628749,1.85271771962727e-07,1.4049533455592e-08,-0.0067980869838533,-6.5740349514515e-06,5.80509797050782e-07,0.000104660570543896,-3.73621172352432e-06,1.17354300440148e-05,9.89114549109122e-08,2.13030244640964e-09,1.11448309257238e-07,2.54497954163446e-07,-6.83610116145498e-06,-7.0651404897338e-07,1.3170806850899e-07,5.16774715003683e-08,1.66883275929489e-06,2.40795255769362e-08,1.55006865905967e-07,-8.36327821048521e-07,-6.21245628579242e-07,-2.00722291921508e-05,1.30221789159056e-05,4.36621632499568e-05,-6.17039594220372e-07,-1.25801539412718e-05,-8.11591755485613e-08,-7.98186302824422e-05,-3.16267660503216e-06,8.55821058307865e-07,3.86373529948232e-06,-3.54530658035276e-05,-1.18075891420677e-07,2.41235606935196e-07,9.94544024523246e-07,5.25608728864711e-06,1.87597598333806e-07,-3.03667071630968e-07,-5.78009705685133e-07,-3.1501528285378e-06,3.83995001472666e-07,2.37565304748239e-07,2.4238685766154e-07,5.1015658381298e-05,-1.1451578039143e-08,-0.243529083146906,0.000627493000850601,0.00101191082215343,-4.59586855081504e-06,-0.000110774500669353,1.1186100424106e-05,7.7625959370119e-05,2.17713302571164e-05,-7.06585185852804e-05,0.000276850007920007,6.90296749569374e-07,4.39074971272028e-07,5.16512668236438e-07,-5.93381777298707e-07,-4.87967839614813e-08,6.64570831465932e-08,2.67267023324957e-07,1.35093765615216e-06,-7.87003369820821e-06,-2.79195447936964e-07,-8.20785720337213e-07,1.51705080084235e-07,7.22038063406522e-08,7.4816208091801e-07,3.24930371566478e-08,3.4743736556852e-08,1.45239377879855e-08,-1.90508304923446e-07,-2.40951975056714e-08,5.21198978844951e-10,1.64769411671561e-09,-4.45596105068389e-10,-1.06923326688844e-08,-7.34470834213897e-08,-4.64257925607137e-16,-1.46543398862223e-08,1.15318531707454e-06,-4.22390553896247e-08,-8.86157403388047e-07,-1.57842053596277e-07,1.89782464860011e-07,-3.61165786684946e-08,1.34252659412007e-06,-3.09361329630852e-09,2.13596304974184e-10,-5.64104795241426e-07,5.40520659495711e-07,-1.73556355328196e-08,2.39713037354201e-06,-1.17046903478382e-07,5.33435525585727e-08,-3.70824116803974e-09,4.55806704913875e-05,-4.69632408885962e-05,3.08480970841678e-06,1.10882205740449e-07,-2.30802735320834e-08,5.7619241428615e-07,-1.1766290614832e-07,1.37535415650263e-05,-1.22132911447149e-05,9.20515284205528e-08,-3.22548483670765e-08,3.11704161406932e-05,7.21727920368942e-05,-0.0064036969180931,-8.89736827269992e-08,-2.41908337799631e-08,2.15347379517005e-08,-2.58523634583135e-06,-1.3272140742557e-06,3.84629544048696e-07,-1.04269254350004e-05,1.10160970011854e-05,-0.0366632662464569,-5.98120408452588e-07,2.42499910345572e-07,-6.27637866410604e-08,-1.96956852451624e-15,6.11827205344926e-08,1.85418262390021e-09,0.519122466518575,-2.63463326922919e-06,1.91787674241535e-09,-1.4596448189476e-09,-3.7007765290793e-08,7.27525111976154e-09,-5.91465950127101e-08,1.55750770350624e-07,6.18007210278444e-09,-6.50848649334997e-09,8.62073540363355e-08,-1.06264303021402e-07,9.2673489930801e-06,-5.89023707791743e-08,7.06221756646917e-07,3.54252791795605e-09,3.05631536736284e-08,1.57504732760034e-07,-1.38821125392154e-06,7.60864452729393e-06,-1.27020396703119e-07,1.72200351226675e-07,-6.26199391037944e-07,4.0126400710204e-08,3.62928028919437e-08,2.77328279043238e-07,-7.46705778406579e-07,-3.76814928343944e-08,4.92966242386097e-07,-2.02532379474527e-07,5.01349891971574e-09,4.67613729889336e-08,-9.12700001591683e-08,3.26418379700197e-17,2.94747248875195e-10,6.47446781796183e-05,-1.04242509278698e-07,7.68628739784024e-08,1.09919821615438e-07,2.02409505330552e-08,4.73739225643746e-08,-6.97828329897677e-07,2.61684363289949e-07,-7.3589845119876e-17,-2.03614194353737e-07,-2.48993564502966e-09,-7.36877169230932e-09,5.14766988902071e-05,5.22199411103058e-08,-3.53698325206775e-09,-1.35807674010343e-07,3.62917185875657e-08,-1.92688143796584e-06,2.29397970347473e-07,-4.67235593609791e-08,-8.4631514326007e-08,-4.48032884484329e-09,-4.43999518620638e-09,-8.47895400788205e-08,1.90219596251206e-05,-9.09049573389005e-08,-9.03001354999559e-17,-1.87671879285106e-06,1.47576046198298e-07,6.79247311215961e-09,3.74988711788298e-08,-1.76071084152832e-07,-3.78579531173044e-07,2.33164372460275e-06,-1.82303009489055e-05,-3.30162969697952e-08,-1.23178135727057e-16,-7.49196832477655e-08,-0.00117339904645265,-6.70105042125762e-08,-9.63141841376821e-17,1.32402506576053e-07,1.33831411110368e-06,-2.04500612858574e-07,-1.09117150340381e-07,-3.65192471868322e-08,-1.95796877318335e-08,-7.01034332385851e-07,1.96054715300129e-08,2.0841937757183e-07,1.32503363778811e-05,4.28251726488518e-08,4.3194747211471e-07,-6.72498875514734e-17,-1.71618684983208e-07,8.05707393843304e-08,5.21483609853434e-07,-5.25704217977291e-08,-1.0420621553823e-16,-5.10300970601452e-08,6.5948522864489e-08,-2.28608879167349e-08,-2.03305392491035e-08,-5.1455464740362e-08,3.80242603825468e-07,-7.24210877566988e-07,1.00979613031339e-07,2.1237021268229e-16,3.69081480642744e-07,-4.92546513497144e-07,2.18469135575192e-06,4.57288307011748e-07,-4.64781012319053e-08,-3.12173234058279e-10,3.09318311104984e-16,6.91634229974536e-17,-3.02285277317598e-10,-2.69732366732203e-07,3.55736193329531e-08,-5.1655088276719e-08,2.68976736035136e-16,-2.4715073271928e-08,-2.93030171162817e-10,1.95745675571304e-16,7.05926751104119e-17,-4.58985558121792e-16,6.3038506722567e-08,1.86318811581422e-07,-2.71701367826688e-07,1.62221243630607e-07,8.10208456438716e-08,1.87892025055793e-07,-0.000107549049739031,-5.06932505251934e-17,-4.14829021438642e-07,3.12174786972876e-07,-1.60035617160364e-16,-7.98290638056982e-16,-1.06447269493477e-05,-1.57749298002134e-11,-1.22087298990741e-07,9.62530764737694e-08,1.23794832321759e-07,-6.68020872271345e-09,1.74491092163166e-16,-2.25683095384558e-08,-7.29299836883848e-17,-7.80041721438999e-08,2.76759541066562e-15,-1.4342571038122e-07,3.76513603112224e-18,1.13915320383297e-07,1.58118864550177e-07,9.97640369837352e-09,1.32953683813408e-07,7.33939519241683e-07,-5.4409325075209e-08,5.65469515225392e-07,1.9236301238069e-08,9.36577042829424e-08,8.91382037137373e-09,1.4985359743499e-07,-9.5871708818454e-05,-1.35159534600356e-07,-1.30010714667631e-08,-3.47070339261891e-07,3.54674525452045e-16,0.000287729736069149,-0.05397582347076,-1.14795950135664e-08,-2.85057684451182e-12,-7.12805521364803e-10,-1.42472463362022e-10,2.00786956571833e-08,-1.70386585420565e-16,-9.91480373811865e-06,-7.01231483063979e-09,-2.33622493407301e-16,-1.10813652534888e-08,2.79330896794876e-07,1.37697623748825e-16,-1.01610569166644e-16,-2.28438838874875e-06,-8.71603074900787e-09,-5.11715070456154e-11,-7.32213490068902e-08,2.06669466479124e-08,8.57152903292207e-06,5.87176368289136e-09,7.60301541162919e-08,-1.33455208506205e-07,-1.20180272995561e-15,3.06867114977037e-09,1.9193833888608e-10,5.33073370012718e-10,5.02526168160944e-08,1.53938959312871e-17,-1.03540920058223e-16,1.66863252105716e-08,1.0116054518924e-16,-1.28826280533007e-16,1.10209838809121e-07,-1.24221712186092e-07,-2.54159330673471e-07,-1.41715901869381e-09,6.51203764550294e-06,4.49250678655391e-08,3.88567922141587e-09,-1.4688964731974e-16,1.00080546939436e-08,4.69857654066817e-10,2.15968751282124e-09,-7.97175330625295e-06,9.65485354159117e-07,1.29355521112178e-16,-1.62009428184393e-17,3.59863756849047e-16,-7.70145933167281e-09,-4.1097157029807e-08,-2.16177699748343e-08,-6.21512819854572e-17,-4.00294433351058e-06,4.92448742508061e-16,-1.948771266909e-16,4.73567118205807e-07,-1.03996693038077e-08,8.74259448234759e-16,-2.5688256651924e-08,-1.84674286052742e-05,5.59897416968755e-16,3.96687322277466e-08,1.38700672742429e-18,1.06270488630274e-08,1.69190560416464e-16,1.06055901029715e-08,9.1829621291834e-08,1.19777816479712e-06,3.12836847164184e-09,2.14933976138658e-08,-7.46725916568936e-08,2.97861958523929e-08,9.44094484011509e-17,1.36111620465552e-06,-1.22655197392233e-07,7.023962992151e-17,-1.01270673087179e-08,-2.97354869307307e-08,4.80230856797272e-08,5.32247704779156e-16,2.25652496907442e-08,4.18628956059764e-05,4.73743987819042e-17,-7.20272603790174e-08,-1.60115390283515e-08,-1.16349523784569e-06,1.06291712919582e-16,-2.16987581938481e-16,1.50211966751377e-08,4.59974997687166e-09,3.72138384291728e-10,-4.14187076415017e-08,2.72006261167995e-09,-1.1794707442267e-17,-1.43214424544895e-16,9.92689070330118e-09,6.84222905677333e-11,-1.2509507214802e-16,2.39739617800507e-08,2.65457008014418e-17,1.3676591180477e-07,-4.57987131444086e-09,-2.67576349453555e-09,-1.77337383697058e-08,-4.02977205348788e-14,-2.05317666976173e-17,-1.43310970979726e-16,-1.06612570247736e-13,-1.94623548298568e-06,-3.41315749994426e-08,-1.61513959937682e-16,8.93789001645537e-17,-5.32734470248939e-17,7.63834657457479e-08,4.31059809169135e-10,-3.7722968487328e-08,-1.02852451402037e-17,-1.12782310375855e-16,7.92762538123348e-17,-1.460330644199e-07,4.93129359589271e-08,-1.37067504348341e-16,5.42509851328371e-09,-7.27751205778456e-06,-3.02848949731438e-17,1.33662016123734e-16,-1.40700485835081e-08,-1.44135510723857e-10,-6.96079931781411e-09,-1.50267338366026e-15,7.81348836503141e-09,1.13625524858536e-08,1.21662157284215e-08,-1.10565030595848e-08,-3.93493825460318e-08,3.34646417100034e-09,5.45944945963144e-20,-2.87797851435342e-16,4.27396337050855e-17,6.29733647076722e-08,-9.07047698344429e-08,-3.09926418360369e-09,-2.42039965667318e-09,-6.99596630892589e-17,6.96306409751342e-18,-1.82819636812639e-16,-5.1036960126854e-17,7.6425840507671e-16,2.96622402855513e-07,2.77729825864563e-17,5.63357634382664e-18,-1.84766517397305e-09,-1.15863474897731e-17,-1.65365518238796e-09,-5.31259064517897e-18,-2.04949129170508e-09,-1.09628867338554e-17,-2.46606141215664e-09,-3.08140241948941e-10,-1.94012138547997e-07,-2.38712888779229e-17,9.83489364058957e-09,-2.6807729400692e-17,1.38557153775134e-08,-6.24244137543312e-07,1.33279723273733e-10,-1.12338891160005e-16,1.93763088443554e-08,-1.75115056136269e-16,-4.72846850686505e-09,-2.66796311433542e-08,-1.15365380209826e-16,5.48812135395342e-17,-4.35463935145119e-17,-3.5240722654445e-16,-8.9005923722229e-11,-1.15707255690299e-09,-2.57854846169102e-10,1.87739006222235e-16,9.81401744502299e-17,-3.62695880347781e-06,1.52019808138962e-07,8.71840871560604e-17,1.42300806168201e-16,-1.14731405329197e-09,-2.59921020480977e-17,-8.10631870166933e-09,-1.71553574773765e-17,7.5847101362998e-08,1.08337215377832e-17,6.81936380164033e-17,8.83232468997179e-18,-1.29384543313116e-15,1.16210696681332e-16,6.39907408502037e-16,9.87634022303592e-09,-6.90519139491254e-08,-1.83808156983386e-17,-6.57948668644597e-09,2.49472788187923e-08,-7.50056181796085e-17,2.23542444919405e-16,9.88732203829171e-17,1.03425391953153e-16,2.42410911812144e-09,3.86306037989775e-10,7.61280212414427e-17,8.4655786745286e-17,-4.36925184489722e-09,-1.55777993402063e-08,-3.14889230026411e-07,1.99446590627659e-16,-1.93752634291217e-16,-6.4435675682829e-16,2.6473079411324e-16,1.3181488860645e-16,4.72739226342181e-17,8.90293138279424e-09,-8.3939634827801e-09,-1.60888732401418e-09,-1.43457810681716e-16,-1.13901264924327e-16,2.30392924525458e-17,5.81374076465737e-17,-5.61445563062759e-17,3.58990485547955e-16,1.247439019348e-16,2.43269148011874e-16,5.21086437528738e-17,4.75423556974747e-17,-1.06404948282033e-16,-1.70015285805475e-16,-1.94323046317101e-16,2.24078424484102e-16,5.73564462210885e-09,2.6667559310389e-15,-4.63272960908927e-16,-6.11471312303392e-16,1.27892352391355e-07,-1.39868111946878e-10,-5.12728757733965e-17,-2.06825179070542e-09,1.15051404908113e-07,1.56681974893983e-16,-4.74212485970155e-16,-1.98748004397376e-08,-1.15413991551592e-16,2.73124334401611e-09,-3.09035544396232e-17,4.16481061160897e-17,-1.9445806294277e-16,-1.28457647029714e-17,2.34823102863276e-10,-3.21642651110148e-08,-2.90020053312175e-16,-3.05052559635765e-16,-5.96624023276161e-17,5.42983818952158e-16,1.1950541021919e-15,1.09443052088385e-16,5.96123734818956e-17,-2.89135525474395e-17,2.26823244371183e-09,1.27364907318371e-16,-9.85106008615024e-17,6.42425465772375e-17,1.30732122247441e-16,-1.57183540197849e-16,-1.47438681261506e-15,-6.18402111107855e-09,-1.68403618838026e-17,-4.66312342364137e-17,4.5685406537025e-09,-2.27507660685028e-16,-3.55062391756727e-17,2.22379647911655e-16,-1.25594015679282e-16,1.17742834199177e-06,-5.0165062071681e-17,-2.41842131033446e-09,-2.45908108176467e-16,-2.44047576646823e-19,-1.53182550125658e-16,1.71079768192775e-15,2.750078005179e-16,-1.67061864470402e-16,8.24703892042324e-11,2.04348980249813e-16,1.88838940158888e-17,3.05712511871183e-09,-9.77363203420323e-09,2.71835210982227e-17,6.53412998380737e-09,9.42282050024256e-10,5.71098060800196e-17,-3.27166795273864e-16,1.78710970892441e-16,1.18137245747989e-16,1.75889661802001e-16,-1.17840958599063e-09,-3.37981121151549e-16,-1.16322239305911e-15,9.08762939458661e-17,4.2481669525134e-10,3.39244401615575e-17,-3.47998947821633e-16,9.27620429432438e-17,3.82633641147396e-17,-1.63499640831209e-10,-9.34625058780734e-18,6.08659561956191e-08,5.77280602769567e-17,3.84516213008984e-17,-1.19396046912123e-16,7.59381535763414e-17,-2.48147229055718e-17,-2.4216625806459e-16,1.89392434824655e-17,-3.55244255856776e-09,-3.50977728248344e-17,-5.52770914177221e-17,2.01865569681714e-09,-3.20801188147093e-16,-5.1837998467442e-17,1.60450859988821e-16,-5.23709422563025e-18,8.57388851641324e-17,3.09639941906274e-17,-5.47392523974716e-10,-1.16455996648418e-17,-7.72334397196273e-16,5.49999782363233e-10,1.37972023838549e-16,-1.29833458155671e-16,-1.0362337825394e-16,-2.44139407291672e-16,1.96483881546678e-16,4.79563722172166e-17,-8.20560367868807e-17,3.46079674913701e-16,3.18543972692702e-16,-3.02328314464696e-17,5.65688421474765e-17,2.3938047637364e-09,-5.73796383622373e-09,-1.50859218081543e-16,-3.9671258770633e-16,4.09051549788566e-17,-1.35971894380955e-16,-1.83141778142948e-15,-1.37504280286743e-17,-5.8935717714658e-16,-5.66982319606426e-17,1.24472978070646e-10,2.98000787355238e-16,-1.63269257635745e-16,-1.8784217448678e-17,-1.7547354338419e-16,-2.23404481543037e-10,-3.02040634590395e-17,3.3341435476432e-10,-3.06746351815877e-17,-4.85879246669942e-17,5.05356306213522e-16,4.47426516088124e-17,9.4820137103853e-16,1.26408298096102e-15,-9.85751553232395e-18,7.78096848232201e-16,-1.76963327962528e-16,1.2261306928242e-17,-1.13437758838202e-17,-7.15927534515456e-17,-7.81840854913515e-16,-2.63137357026653e-16,-1.00019091242979e-16,-4.52019246686999e-16,-1.76520527129872e-16,2.74599525906609e-16,-1.18657495704147e-16,-2.10583115320231e-16,8.73423100498984e-16,1.31576707081558e-16,3.70816089342974e-16,3.76059203223431e-18,9.05926903768307e-18,-5.51099482091878e-11,4.19639344530056e-16,-5.93813572755669e-16,-6.44272470640325e-17,9.32806735541109e-17,-5.54518038718859e-17,7.32905841615066e-17,3.23087445485314e-16,2.4031533116518e-16,-1.37405929551816e-16,6.7841334834007e-17,2.12196923473239e-15,-9.46979073925923e-17,3.06042778122997e-16,2.31075411195352e-16,1.94274509875478e-16,1.50380197885699e-16,-2.33643788057977e-17,1.1847015734044e-09,-8.45395448453136e-17,-2.05000743497113e-16,2.43253099999561e-16,8.48506829435363e-16,6.04900455266718e-16,-2.74028087279938e-16,8.06775196117301e-17,2.55717430676617e-16,-5.10254816054902e-17,-4.3848123601036e-10,-9.16334074178423e-16,-2.72565143819304e-16,4.03249802480626e-17,-7.18197272246021e-17,1.6089934524461e-17,-3.03053600176514e-16,-5.20209447099638e-16,-2.6071907025929e-16,1.70257910618485e-16,8.60449770109323e-17,-7.68864486243848e-16,4.09192466125093e-16,1.72987947650773e-16,-4.47066434136588e-09,-3.22359893139769e-16,5.89795239881347e-16,1.60243721812032e-15,7.98955413981858e-15,2.13276371166779e-08,-5.43732335015985e-17,3.21782302398016e-16,5.99256144828851e-16,1.87780226335852e-15,-2.07269316779543e-16,1.40257532520849e-15,-1.29706895975634e-15,1.2022688037628e-15,4.81548622815908e-16,4.8369201686495e-16,-1.02879227781665e-15,-8.62349096116453e-17,1.94303984742617e-15,1.50745974233585e-16,2.932936405828e-16,1.39505905572716e-15,1.93022665733487e-15
"t54",-0.0455644626239998,-0.0709099734864751,0.0249724359401322,0.0342037138783294,0.00272234714758575,-0.00118403554662198,0.00660810845443017,0.000120257060893694,4.77978090502557e-05,-0.000161834736321227,-4.24218836546612e-05,-0.00343496196320391,0.00876275634651618,-0.00187578986905036,-0.00241066883395768,-0.00506348189981737,-0.000602485489940011,0.04008058108819,5.0187596796386e-05,2.63916545313841e-05,-0.000440029420255598,-0.000429300419845078,0.00315258816100663,-0.0657044773302353,0.20286835542692,0.000581486938400903,-0.000670369896865714,0.000615437991064382,-0.0107106717816347,0.0047324803792727,-1.34599662735899e-05,2.39765032533255e-05,-0.0106829451939521,-6.18331347054558e-05,-5.47279921289324e-06,-6.15340606575691e-05,-0.107699062978751,-1.21410606497605e-05,-6.52849355277669e-05,-9.54387838610665e-06,-0.000210431409978878,1.40042636326613e-05,-0.000128428309791586,7.47756970333046e-06,-0.000188627476105,-2.36024611724373e-07,0.00260542101946523,-1.78533795581285e-05,3.88335823317926e-06,-1.00394702110675e-05,0.00014472775407315,-7.93999067229729e-06,1.12570918449075e-08,-2.73337872503376e-05,1.60708218609443e-06,-1.70360762418704e-05,7.24442068874222e-07,-4.9283865217704e-05,1.67480974791201e-05,-1.85107427369713e-05,-1.63686649087613e-05,2.5496034109708e-06,-8.36139702781302e-05,4.45483938512257e-05,-3.20906156042311e-06,0.000125005857542405,-4.71110162645671e-07,1.67195335038396e-05,-4.58284960010282e-05,1.80864357321483e-05,-0.000506511269711527,4.48976193477298e-05,-2.21334740507263e-06,-0.00606878867084699,0.00254131620412365,2.79524486722999e-08,-0.000195863960269879,5.00938483195542e-06,-2.26749775616919e-05,-2.86426093296252e-05,9.64318922322726e-06,0.000149398644026028,-2.54579129694186e-05,-0.000182679231030497,3.50613572908048e-05,0.0202955404471308,0.00161969197365318,2.10891703579782e-05,6.44449250093646e-06,-0.00144009618118052,2.33601187365173e-05,-1.39848047206821e-06,-1.18858160655844e-05,0.00187589164145518,1.30398978805658e-07,-5.31982159605947e-06,-0.00114112083937485,-2.23694118679208e-05,3.27802780054502e-05,8.78968824822976e-06,8.63853369272539e-06,-0.125433258330486,-7.76065423222701e-06,-1.58603871670549e-07,7.88571016688151e-08,-0.00119441507625345,1.59189134446757e-06,-7.27402244964822e-07,2.60313006359543e-07,-5.89428687256088e-08,-2.52680625016372e-07,-4.78623536630898e-07,7.80588635842096e-07,-1.89009992936205e-07,4.5360310838366e-10,2.28152199400713e-08,-5.86323463888201e-08,1.29504830006574e-07,-1.90014683202392e-07,5.67230175226e-07,-2.32034058722646e-06,7.12284684190698e-07,-7.59664043946552e-07,-2.09572272589203e-06,6.92701296024958e-07,-7.30035317624463e-06,7.46934691743966e-07,-2.54450063790608e-07,6.16620920230063e-07,2.0526115055002e-05,-0.000163900613139476,3.17450910675354e-06,-0.000756507716906216,1.03801475241676e-07,1.13011712734382e-07,5.40739817473391e-07,-3.79806244924117e-09,-2.65970548613912e-06,8.54698558199552e-07,-2.4602587519733e-06,-1.57902406488117e-07,-6.12655302387737e-06,1.20130265606511e-06,7.6767477448455e-08,2.42193612031138e-07,-1.53647554385118e-08,-7.20734580997206e-07,1.10705987430317e-07,7.2545040111772e-09,-1.80271796131419e-08,-2.80324178718182e-06,-8.38630193499862e-08,-1.80240821081783e-06,6.77153156389913e-07,-2.0974087156578e-07,-1.85475820823838e-08,2.8160436341184e-07,-0.00158277412004758,2.80017985506183e-08,2.08639461899383e-09,-0.000909536473014883,-8.59522501376452e-07,6.46768339018523e-08,1.14115748250646e-05,-3.35062594475785e-07,8.2798728638714e-07,1.24553988149383e-09,2.23125234745039e-11,1.10656460280972e-09,4.26356442057935e-10,5.53038846150562e-08,6.71619550056002e-09,-3.84636348952763e-09,-1.83363880704388e-09,-8.2120810853789e-08,-1.26697822278131e-09,-8.42742576303984e-09,7.30882397487391e-08,7.63599938093523e-08,2.5930458338451e-06,-1.76071213825096e-06,-6.6920047438517e-06,9.89297947571062e-08,2.10468510001594e-06,1.41161702058202e-08,1.5689940626384e-05,6.39741170269197e-07,-2.16730534082745e-07,-9.85184672176363e-07,9.67063416767713e-06,3.82249887535656e-08,-8.88788769225863e-08,-3.82313009874562e-07,-2.14843032051077e-06,-8.01710351664226e-08,1.47313142196219e-07,2.87927302442515e-07,1.65800779967552e-06,-2.07652553329371e-07,-1.56849178256327e-07,-1.61489359015768e-07,-3.68373983975649e-05,8.9353083688832e-09,0.227815784033624,-0.000587489759051524,-0.00096317401856028,4.6004621848845e-06,0.000114821221152647,-1.27181946615971e-05,-9.90043674722067e-05,-3.04863925267531e-05,0.000101867511367108,-0.000456272569217054,-1.22807963265735e-06,-7.82737935990994e-07,-9.78701384020301e-07,1.32183405631149e-06,1.12291166991018e-07,-1.83732442067564e-07,-8.49749280254236e-07,-4.5221764953583e-06,3.33260898278597e-05,1.25888455736692e-06,3.97985022617413e-06,-9.48235964364404e-07,-4.78703078589451e-07,-5.03486295468642e-06,-3.25088767058977e-07,-4.89633375636745e-07,-3.72406283056846e-07,7.75847936037096e-06,2.50874275323815e-06,1.18165766480356e-07,1.96524873141759e-07,-9.84069731241836e-09,-1.55973829248001e-07,-7.8011138505495e-07,7.6176861886371e-17,-1.11147447667813e-07,8.26317027525207e-06,-2.16574862731505e-07,-3.6731230543696e-06,-5.58592098541079e-07,6.65517686244903e-07,-9.65848335534858e-08,3.4345564029839e-06,-7.75450215898151e-09,4.85549031477956e-10,-1.19955785635377e-06,1.01463371105825e-06,-3.07712145491787e-08,4.1494056089724e-06,-1.76724869116482e-07,3.57774141334483e-08,-1.4024952758984e-09,5.70236692853907e-06,2.29083076550228e-05,-1.65449429218756e-06,-1.18222287240446e-07,3.27627727860769e-08,-1.169464670882e-06,2.66024492298815e-07,-3.47598845407758e-05,3.59871752659936e-05,-3.41341861218295e-07,1.22847602056814e-07,-0.000231165719439619,-0.000544929586705316,0.0493441711179256,8.64033341581417e-07,2.58530974419022e-07,-3.2904425993676e-07,4.27374340087526e-05,-1.94794518881029e-05,4.82685309873916e-06,-0.000117677019933795,0.000101600140118403,-0.296184649707579,-3.78128487290282e-06,1.43709634290913e-06,-3.53183430407123e-07,-4.94590108064613e-16,2.68787004208931e-07,7.59663979214278e-09,-0.0452487974375892,-1.38642630976948e-05,8.81168161756847e-09,-6.4144808961801e-09,-1.59435750512135e-07,2.57832094311369e-08,-2.07468980409211e-07,5.44831006566736e-07,2.06794883528601e-08,-1.95041830054623e-08,2.53932528503746e-07,-3.09374475241606e-07,2.59981377288257e-05,-1.45853479794615e-07,1.66977439916601e-06,8.35409346429588e-09,7.20192109018768e-08,3.3494133619509e-07,-2.66039484858589e-06,1.44014526829591e-05,-2.3616258478946e-07,3.1343354455248e-07,-1.13248227138669e-06,6.88805349898838e-08,6.20619917475009e-08,4.7094275678038e-07,-1.26200653690943e-06,-6.27084105415517e-08,8.06661870080592e-07,-3.26350642942984e-07,8.02487957056271e-09,7.40138402535595e-08,-1.41093406608316e-07,-7.4202878282253e-17,3.97649535764942e-10,8.62183940491392e-05,-1.36157931948654e-07,1.00338432882272e-07,1.4340541160908e-07,2.62829551931054e-08,6.09726311568315e-08,-8.88763800422665e-07,3.26299618884053e-07,4.66286948236854e-17,-2.41981652125307e-07,-2.94164006404321e-09,-8.59600107646626e-09,5.99593663801559e-05,5.8958062633424e-08,-3.92553009258014e-09,-1.47129353392338e-07,3.86703662256004e-08,-1.98091128473043e-06,2.28183805487892e-07,-4.55068624403384e-08,-8.14531187473498e-08,-4.28028015396307e-09,-4.18623707758132e-09,-7.98274328417976e-08,1.77419723382431e-05,-8.41732802066187e-08,2.84980621082978e-16,-1.64529336838272e-06,1.27907123813079e-07,5.88651037998417e-09,3.14519959223546e-08,-1.46946634141105e-07,-2.97123945135318e-07,1.79772861118541e-06,-1.40063574987574e-05,-2.50289670323495e-08,8.97292663834633e-17,-5.59281307819274e-08,-0.000870924522172743,-4.86716905367587e-08,-1.87355829609593e-16,9.39167498229806e-08,9.4397643295053e-07,-1.43822968437017e-07,-7.62777486558286e-08,-2.52697329761776e-08,-1.3444506058982e-08,-4.78471175441677e-07,1.31423863595664e-08,1.39412761691104e-07,8.75310295726595e-06,2.76687139196469e-08,2.78756550441494e-07,-6.60466666399489e-17,-1.05945114937406e-07,4.93502831578594e-08,3.13903070580187e-07,-3.08087061542771e-08,-2.23191861631442e-17,-2.81848584391459e-08,3.39802230328685e-08,-1.14042056725484e-08,-9.98764927043726e-09,-2.48123711292313e-08,1.77019421494591e-07,-3.17815188269671e-07,3.7825338892684e-08,-1.97197001638213e-16,1.18032916012118e-07,-1.55206767620859e-07,6.6711511470631e-07,1.33492643210484e-07,-1.35202621362325e-08,-8.96312714214873e-11,-3.35699442880332e-16,-1.09720664412299e-18,-8.02695316175369e-11,-6.66202015974616e-08,8.70450775086712e-09,-1.17900441502806e-08,1.59694125502511e-16,-4.76484603009805e-09,-5.19504450145838e-11,-1.47752876286861e-17,1.17647049396283e-16,-1.52936168936659e-17,8.17684876049109e-09,2.30577171083931e-08,-2.80887413462476e-08,1.40077747384215e-08,6.83569758739318e-09,1.24929999117255e-08,-6.93106382515273e-06,-8.20223882701653e-17,-1.20973118272985e-08,5.31577523066461e-09,-8.42047049463886e-17,-2.66355053413455e-16,3.0652667576827e-07,6.21241527419682e-13,6.49827457526708e-09,-5.99464883832647e-09,-9.78604249469223e-09,5.45652102375006e-10,7.54746374570487e-16,1.92377105597894e-09,-1.87569095959193e-16,7.4289593306246e-09,9.45564890126496e-16,1.46781537755614e-08,-7.73393590101342e-17,-1.2646719449442e-08,-1.7823396221771e-08,-1.33029801391257e-09,-1.82424973348205e-08,-1.01841494052845e-07,7.89095451997739e-09,-8.4691726487094e-08,-3.03347181259143e-09,-1.47738233809949e-08,-1.41821525404346e-09,-2.39716878145062e-08,1.50527756700314e-05,2.02280235588674e-08,1.81558320847654e-09,4.61552909684163e-08,-2.20701532567451e-17,-2.95067343644224e-05,0.00283227584450113,-5.28453772000955e-09,-7.92041535175556e-11,-7.78666018994189e-10,-2.37924398279195e-08,-9.13650549446726e-08,-8.76176077694619e-17,3.15974834826e-05,1.19743008834165e-08,-1.31644219762824e-16,1.63530265513238e-08,-2.94660089818182e-07,-9.45117218320903e-17,1.52134184434759e-17,2.31721683579983e-06,8.81989435089884e-09,5.12922852054695e-11,7.28258563167458e-08,-2.04018995216642e-08,-8.46052175802175e-06,-5.79535798372704e-09,-7.55402378005313e-08,1.34280763346458e-07,-8.41029588874833e-16,-3.10609777971006e-09,-1.94488921693883e-10,-5.42265127430758e-10,-5.13706332052348e-08,6.31465201932228e-17,-3.3766155756095e-18,-1.71786899751474e-08,6.78559229351712e-17,2.5861198379899e-16,-1.1941575244673e-07,1.35902289652383e-07,2.78114761702082e-07,1.58461379232765e-09,-7.30319790046763e-06,-5.04152279846041e-08,-4.37857011148174e-09,-5.28465085927412e-17,-1.17942241075733e-08,-5.59126549905457e-10,-2.57829845755806e-09,9.67141590025035e-06,-1.20654337877975e-06,-7.41402464833542e-17,-3.58120227197291e-18,-2.15797265179957e-16,1.00469087417763e-08,5.46224109316005e-08,2.87731029882661e-08,1.11635004299038e-16,5.42479754761885e-06,1.44794044818265e-16,-2.1668102143987e-16,-6.94760615491335e-07,1.52723249553076e-08,3.24057657431551e-16,3.84650354606485e-08,2.79675837150715e-05,5.43489315228444e-16,-6.14828321686006e-08,8.49481954233333e-17,-1.69366959580554e-08,-3.70986041305516e-18,-1.69448910862401e-08,-1.47004179939247e-07,-1.92165620549087e-06,-5.03435671408032e-09,-3.48270140134734e-08,1.24162202039414e-07,-5.13463770425621e-08,4.75181804682529e-18,-2.45420811690921e-06,2.22222052655917e-07,-6.99459082227435e-17,1.84655150003337e-08,5.48544949034907e-08,-8.95261470485245e-08,-5.33221131903421e-17,-4.36031454788852e-08,-8.14696760436609e-05,-8.71387028865168e-17,1.41505152691933e-07,3.160354598795e-08,2.336696458088e-06,-2.50855957603256e-17,7.38293042760983e-17,-3.14350709887112e-08,-9.79679789942353e-09,-7.95468154244363e-10,9.5637702667528e-08,-6.36060578223947e-09,4.03681034035039e-17,-9.30298592974246e-17,-2.34166452820531e-08,-1.61580829581185e-10,2.84891845629966e-17,-5.74567288606197e-08,2.76299029739273e-17,-3.32495724735544e-07,1.13553213407929e-08,6.64357186649557e-09,4.42735177806588e-08,1.01913066882007e-13,8.36600620782396e-17,-1.28753633866358e-16,2.77983854098364e-13,5.10690138606111e-06,8.99295798167944e-08,1.46560250544112e-16,-1.19211212104192e-16,-1.13902061981692e-17,-2.04273247805652e-07,-1.16026194396066e-09,1.03341646434925e-07,5.33819770840319e-17,3.01954860582763e-16,3.60466299009061e-17,4.24986274411768e-07,-1.43812299109806e-07,-8.95441707601383e-17,-1.62035835271471e-08,2.19477869596971e-05,1.75476941211095e-17,4.60108073478804e-17,4.34180075879745e-08,4.45602665230505e-10,2.18138525946448e-08,-7.23506973932984e-16,-2.50517154954145e-08,-3.68951600282055e-08,-4.02122422593371e-08,3.74482004031801e-08,1.34157442237803e-07,-1.15516949266196e-08,1.41840193419871e-16,-9.05315610562318e-17,-5.34506456525238e-18,-2.3355057921225e-07,3.36774392081346e-07,1.16146559088465e-08,9.51235873176181e-09,-4.82778937196785e-17,1.76711579179324e-16,-4.95408457120446e-17,-1.25447773599832e-16,5.94797168483983e-17,-1.2266241896241e-06,2.90894086169194e-17,-7.00453265279817e-17,7.79714817125462e-09,-3.8952700915629e-17,6.98601745561423e-09,2.00577401909818e-17,8.67413863541104e-09,3.32661849637483e-17,1.081683837183e-08,1.3632642012316e-09,8.69764503543251e-07,-3.89920174916549e-17,-4.4819305894837e-08,-5.22864804541013e-17,-6.54868187614049e-08,3.09725154923234e-06,-6.62699572885651e-10,1.13854329438189e-16,-9.82954398237397e-08,8.66220033552208e-17,2.47725534557382e-08,1.39998368502621e-07,2.40231122158458e-16,-2.71426268650005e-17,4.78119586002282e-17,1.56486286838102e-15,4.79857515197723e-10,6.28334147483011e-09,1.4121002574976e-09,3.08996425881947e-17,8.18234200200041e-17,2.06920382388021e-05,-8.68881527167318e-07,1.36574395279385e-16,1.04833759760108e-16,6.91096541073135e-09,-3.7225893751088e-18,4.93902514279165e-08,-4.90864709334828e-17,-4.77886057116837e-07,2.82683783074747e-17,-1.54557557236242e-17,-2.42713518917522e-17,-3.11704932730556e-16,1.69443973577809e-16,3.39335778591589e-16,-6.676153222012e-08,4.67212878991646e-07,-5.65447321698283e-17,4.56590777870108e-08,-1.74988974764359e-07,-3.05567654834848e-16,7.00922173244035e-17,-9.20573905388304e-17,1.98476284077224e-16,-1.78225374684434e-08,-2.87215829253034e-09,3.63325528396963e-16,1.11500372553053e-16,3.28958497369108e-08,1.1747727788876e-07,2.38792540064227e-06,-4.20253124992883e-17,-1.45501665888183e-16,-2.44599102442098e-16,6.431050275676e-17,-4.83819402341429e-17,6.97477685602026e-19,-7.41272402013015e-08,7.05257442673233e-08,1.36408128863265e-08,-1.36888807865881e-16,-2.06468694954279e-16,3.98954257546119e-17,2.0724303857581e-17,-4.29246956532781e-17,-1.87219722501644e-16,-6.61038500296924e-16,1.56151599353366e-16,-3.84122416122851e-17,2.36996001012688e-20,7.87099738326079e-17,-5.21485401498707e-17,-1.5854345279051e-16,8.84626376344992e-17,-5.72026321337027e-08,-2.65379643083341e-14,-5.80526352664487e-16,4.76747311204377e-15,-1.30530170443085e-06,1.43524172749542e-09,2.24980898681128e-17,2.12944550491291e-08,-1.21959019684295e-06,-1.49490293435957e-17,-4.44670062623412e-16,2.18674970689074e-07,-4.04201636902044e-17,-3.15008841605405e-08,1.24715396648629e-15,1.20291038946037e-16,2.32491884893061e-17,-1.06962657710677e-16,-2.92807013198034e-09,4.03264732894983e-07,3.60604435503325e-17,7.88957980904444e-17,5.84899103693269e-19,1.24106527097794e-15,3.75918877153172e-16,3.86223568043559e-17,-2.48063603499537e-17,7.35364401739008e-17,-3.92668288094188e-08,-9.97171428303693e-18,-2.91754170296559e-17,2.46389398042423e-17,2.61154340221933e-18,-1.75520234314821e-17,-7.52618632667752e-16,1.1630210957933e-07,-7.3165363283513e-17,5.29644174348102e-17,-8.72997660328245e-08,3.51343921977636e-17,3.77855837856512e-17,-2.93614069465346e-16,7.33013711181606e-17,-2.76478185857047e-05,-5.91522912913362e-17,5.91822719550465e-08,1.08225532338588e-17,1.00730000508384e-17,2.03722670989892e-17,8.89250673112024e-16,7.03390450143695e-17,-2.27292729688797e-16,-2.20684765714205e-09,-5.03637863510499e-16,9.21407909748656e-17,-8.80816802780105e-08,2.82687803165172e-07,-8.26988994205325e-18,-2.02328721047101e-07,-2.98359884946648e-08,2.0012202896321e-17,5.22433301826635e-18,7.23289493689734e-17,-7.04865169780278e-16,-1.59204214365134e-16,5.56508348078469e-08,9.32866387539884e-17,-1.50689146058134e-15,6.67437128615492e-17,-2.29202698204684e-08,1.6320612641966e-16,-6.93797796556439e-17,-5.45095427726095e-17,-2.66309673697505e-17,1.08517376416153e-08,-5.67725677740419e-17,-4.34714030218177e-06,5.87599451948628e-17,1.04299774871305e-16,2.06723827385896e-16,2.37489496266058e-17,-3.80294980465893e-17,-1.77552444256327e-16,1.24340304475525e-17,4.2261756172041e-07,-1.03029170846647e-17,1.78236034020022e-17,-2.87200080975703e-07,-1.9755649124103e-16,1.06425358297389e-16,-2.27382749326399e-16,-2.93995457950182e-17,4.22215436371869e-17,2.56306182942751e-17,2.00442658524752e-07,-8.42841491151403e-17,8.43142896174863e-17,-6.71280701809135e-07,4.4495928216451e-16,5.2909544289369e-17,3.97034209523088e-17,2.94559506960015e-16,-1.22727540492459e-16,-1.71958399663052e-16,3.17622991504914e-18,5.29371731694752e-17,-3.22833932295037e-17,-1.12284855123691e-16,4.52100017635623e-17,3.88232950086245e-07,-8.20003496004989e-07,-2.14870483720452e-17,1.11717784823182e-16,1.35887391303317e-17,-1.19688432197233e-16,-2.10504736033453e-15,7.07649355748124e-17,3.07059219674034e-16,4.76259166123047e-17,1.10029303544325e-08,4.70212135913219e-17,6.00843374641651e-17,6.05444376738316e-17,3.65422272017873e-16,-1.49476970965384e-08,2.82017648768253e-17,1.75426724586747e-08,1.7817511333282e-16,1.23547837224471e-17,2.37366297683842e-16,3.09668462015286e-17,7.2097002216534e-18,-3.32604835703449e-19,5.15133506286873e-18,2.03200686507439e-16,1.28263067695724e-16,-3.66362110508542e-17,1.10405763129963e-16,2.43591388134215e-17,6.28879764981904e-16,1.65773022408613e-16,5.43984665953164e-17,1.55822110206081e-16,-7.7858129433691e-17,2.16771439042842e-16,-4.57780342326569e-20,-6.62260636141072e-17,-4.14516736950155e-16,3.07149938870418e-16,-4.3282425137205e-16,-2.93468464933082e-17,-2.31851862759192e-16,-1.63877035681592e-09,-4.42673783459384e-16,1.17391563393272e-15,2.91507082803243e-17,-6.2027503832056e-16,-1.66588136152745e-16,7.83979934739363e-17,-1.17606226482853e-16,6.30974397872371e-17,1.02699444336309e-18,-9.87298778217529e-18,-1.7662482397258e-15,-9.37261235021568e-17,1.37771126245751e-16,-1.43240840331109e-16,-4.18584982993315e-17,2.27963745766837e-17,1.87458404063673e-16,2.74152445693537e-08,-9.16952791837179e-17,-5.6031364997605e-17,7.28571952879534e-17,7.80523136149668e-19,2.4924889651178e-16,-9.26449461261702e-17,-1.2159656819839e-16,4.86861767029249e-17,2.56867106873688e-19,-8.29579899761962e-09,-4.68817373899186e-16,1.33763125840139e-17,-2.41492603629379e-16,-1.68365636296323e-16,9.84628951209469e-17,1.16816929243508e-17,-1.59794022154673e-16,-6.94005855271839e-17,-3.17339861066864e-17,-9.03778584030564e-17,2.85012524080383e-17,8.69243818518694e-17,-3.52872896836927e-17,-7.17586526724593e-08,1.24378604562052e-17,7.05503445426249e-17,-1.11264827779248e-15,9.86491989098168e-15,3.20127648970284e-07,-3.24775957193136e-17,-9.69184476526973e-17,1.83961440890878e-16,-1.19082856992563e-16,-1.27688877319107e-16,-2.52328020479899e-16,1.28912549877505e-15,-9.87775919417332e-16,1.39374417179483e-16,-6.66474195142237e-16,1.10010909156246e-15,8.58743083826167e-17,1.41610980654357e-15,-5.23681755570735e-16,1.42043021909873e-15,-2.38935376854104e-15,-2.56964808813929e-15
"t179",-0.0455891591951387,-0.0709909574549821,0.0250018782788664,0.034257754089515,0.00272761279197107,-0.0011867221341225,0.0066233964737654,0.000120557386031716,4.79387625023688e-05,-0.000162413265654155,-4.26141964709583e-05,-0.00345413841624277,0.00881310304053445,-0.0018867299346636,-0.00242533941328602,-0.00509610931955399,-0.000606460112704405,0.0403497696845554,5.05324434516808e-05,2.6588605271831e-05,-0.000443580276878459,-0.000433478534509442,0.00318498282706859,-0.0663834684750267,0.204973017306739,0.000587805992614332,-0.000677740642451269,0.000622265239750143,-0.0108326626021726,0.00479608586608655,-1.36528224945138e-05,2.43355961847847e-05,-0.0108544359081922,-6.28725535265441e-05,-5.56946999249293e-06,-6.27073303313238e-05,-0.109778455444055,-1.23791767327221e-05,-6.65739892337749e-05,-9.73511044082657e-06,-0.000214768302116301,1.42998375786947e-05,-0.000131179083462111,7.63792404353182e-06,-0.000192742688193263,-2.41500536879096e-07,0.00266698095339937,-1.82788100235363e-05,3.97809514391395e-06,-1.02905787676666e-05,0.000148467456977243,-8.14823659474125e-06,1.15529775104622e-08,-2.80655090994031e-05,1.65164151378594e-06,-1.75109109988025e-05,7.46550241663681e-07,-5.08239296855344e-05,1.72729200640648e-05,-1.91243024924801e-05,-1.69338455568017e-05,2.63939205964693e-06,-8.66054067123159e-05,4.61484842195457e-05,-3.3276972718047e-06,0.000129745802915648,-4.8996635723136e-07,1.74046684080004e-05,-4.77267326126265e-05,1.88500454934104e-05,-0.000530051207166891,4.7131335285429e-05,-2.32458726148822e-06,-0.0063801695705131,0.00267204270059267,2.94030621190935e-08,-0.00020606399787699,5.27472992581976e-06,-2.39220314218114e-05,-3.02414245868118e-05,1.01950567173169e-05,0.000157994285253403,-2.69798044735958e-05,-0.000193724086938544,3.7283786539471e-05,0.0215982999353083,0.00172497619145126,2.24628032962966e-05,6.86447342830735e-06,-0.00153407045113761,2.48917504893321e-05,-1.4942904607484e-06,-1.27033360531407e-05,0.00200835033757194,1.40019677266301e-07,-5.71486261681239e-06,-0.0012258841178502,-2.40583113197712e-05,3.52700782141589e-05,9.47240262875376e-06,9.32164243129041e-06,-0.135367835502549,-8.37640837456162e-06,-1.72200912639418e-07,8.56555520016832e-08,-0.00129783804611924,1.73079875782025e-06,-7.91011215230293e-07,2.83163013046999e-07,-6.41464888820384e-08,-2.75029366026066e-07,-5.21423413974905e-07,8.50482160321005e-07,-2.06420579264755e-07,4.95636425714927e-10,2.49569740345223e-08,-6.41682348390808e-08,1.41925843268063e-07,-2.08513202021263e-07,6.23070361470913e-07,-2.55020259392124e-06,7.84375524067987e-07,-8.37608125277376e-07,-2.31086280102987e-06,7.63950726538049e-07,-8.0617261771961e-06,8.24923748128379e-07,-2.8133274527122e-07,6.83958650697678e-07,2.27684741852146e-05,-0.000181853329739091,3.52983981373443e-06,-0.000841542011676393,1.15504602486846e-07,1.25911611211914e-07,6.02568673233701e-07,-4.24363614622222e-09,-2.97813499759129e-06,9.59849327477734e-07,-2.76316665904209e-06,-1.77433043608926e-07,-6.8861087128062e-06,1.35079745336935e-06,8.63344055732561e-08,2.72376879001269e-07,-1.72992319763365e-08,-8.13320848409617e-07,1.25216688926016e-07,8.21012393114915e-09,-2.04278898291409e-08,-3.17687682509439e-06,-9.50871379174647e-08,-2.04422612044387e-06,7.68253216738703e-07,-2.38673098846989e-07,-2.11162355018955e-08,3.20712998136451e-07,-0.00181664966339511,3.22005912974066e-08,2.39994494392996e-09,-0.00104791671666948,-9.90622073947897e-07,7.46969706761678e-08,1.31828649101771e-05,-3.87859719105539e-07,9.60349240498535e-07,1.45297489511114e-09,2.60337863346337e-11,1.2911845426883e-09,4.97882186396766e-10,6.46413580333592e-08,7.85119906435097e-09,-4.50462308993184e-09,-2.14868159365623e-09,-9.6350202656048e-08,-1.48696826414844e-09,-9.89226496075548e-09,8.60422757694256e-08,9.01657241706355e-08,3.06346020358087e-06,-2.08116493003566e-06,-7.92162325909051e-06,1.17174192554079e-07,2.49421557177809e-06,1.67375631131989e-08,1.86365261660683e-05,7.60219233388912e-07,-2.58529086284351e-07,-1.17533563557892e-06,1.15519544558452e-05,4.58232184731401e-08,-1.06861326681397e-07,-4.60135634412278e-07,-2.58971394815832e-06,-9.67485268144897e-08,1.78381912553209e-07,3.48910970409573e-07,2.0123436303154e-06,-2.52229443200493e-07,-1.91688946755409e-07,-1.97416901192873e-07,-4.51504289916447e-05,1.09799406476491e-08,0.281691061802276,-0.000726443839079083,-0.00119167179551709,5.70190070729956e-06,0.00014248643683945,-1.58342181591321e-05,-0.000123763290540338,-3.82359019727313e-05,0.000127891927923039,-0.00057548596830621,-1.55294023710148e-06,-9.8986081242519e-07,-1.24017103644959e-06,1.68358902294682e-06,1.43164237363805e-07,-2.35493131640566e-07,-1.09316862114808e-06,-5.82506381865247e-06,4.31562605669221e-05,1.63228878908083e-06,5.16753543297124e-06,-1.23648284349659e-06,-6.24761099149366e-07,-6.5724560382124e-06,-4.26371016487644e-07,-6.44029745172442e-07,-4.91414750086114e-07,1.0252827896219e-05,3.32034544048328e-06,1.56616905677463e-07,2.60579521529598e-07,-1.30971986389291e-08,-2.08077480340425e-07,-1.04337569628345e-06,8.9413066984256e-17,-1.49205634481585e-07,1.11007867517518e-05,-2.9244674941579e-07,-4.97973621397576e-06,-7.59803296498976e-07,9.05424792720841e-07,-1.32217239299881e-07,4.70656412204161e-06,-1.06315534655669e-08,6.67236240228264e-10,-1.65100548728415e-06,1.40050382768364e-06,-4.25279816721086e-08,5.73779964078547e-06,-2.45084355889014e-07,5.02299281626057e-08,-1.97774840003365e-09,8.0710903970782e-06,3.26888280006956e-05,-2.36224352100529e-06,-1.69768158815655e-07,4.7200621593658e-08,-1.69269782884941e-06,3.85626246954444e-07,-5.04671680953666e-05,5.2363950750878e-05,-4.98303190666461e-07,1.79404467190073e-07,-0.000340434617802265,-0.000802665907489131,0.0726983913064705,1.27590451981108e-06,3.82096502156984e-07,-4.87646145150215e-07,6.33695867969175e-05,-2.93730167039888e-05,7.29210923310912e-06,-0.0001780453256513,0.000154252278897265,-0.45092591373998,-5.79328902283113e-06,2.2058456496219e-06,-5.42909058040152e-07,-7.62576434684085e-16,4.15278492998127e-07,1.17447678714087e-08,-0.0701104166569683,-2.1594418536759e-05,1.37869810470088e-08,-1.00579698256179e-08,-2.5026498336467e-07,4.10423689718928e-08,-3.3055669638244e-07,8.68284451089959e-07,3.30948769107064e-08,-3.15932006585777e-08,4.12195904563252e-07,-5.02934147072742e-07,4.24714016784899e-05,-2.42865144200218e-07,2.80331218147617e-06,1.40320957423181e-08,1.20985687777603e-07,5.74538866122416e-07,-4.67967842125943e-06,2.54159249270381e-05,-4.18811492391942e-07,5.59160280380563e-07,-2.02404919215646e-06,1.25043697388451e-07,1.12799963058419e-07,8.57835650789097e-07,-2.30224327822589e-06,-1.14967610843636e-07,1.48714304714142e-06,-6.04780504549864e-07,1.49053278760629e-08,1.38007879156193e-07,-2.65297936984785e-07,-1.25298089863846e-16,7.88912733911731e-10,0.000172014978537358,-2.73966077412275e-07,2.01944026868242e-07,2.88699003496365e-07,5.30231872099049e-08,1.23496368618093e-07,-1.80873049055594e-06,6.70579203450798e-07,3.27716501761629e-17,-5.08860914070175e-07,-6.20398711837452e-09,-1.82434011676089e-08,0.000127348393571422,1.27217216026218e-07,-8.54592762736041e-09,-3.2441397583416e-07,8.60299703634522e-08,-4.49450009131455e-06,5.27446341568558e-07,-1.0647354301068e-07,-1.91903434658046e-07,-1.01282106536266e-08,-9.98310297833744e-09,-1.90532431784234e-07,4.25834749122834e-05,-2.02912111176247e-07,4.76804942948097e-16,-4.10110683517599e-06,3.21109295044848e-07,1.47790556082528e-08,8.06158344627719e-08,-3.77843596427648e-07,-7.95187692545751e-07,4.86839525455319e-06,-3.80197685748333e-05,-6.85534482860962e-08,1.58753423677002e-16,-1.54784960330515e-07,-0.00241977862434213,-1.37243846242305e-07,-2.72878969108689e-16,2.69188505140448e-07,2.71625956068981e-06,-4.1468786452419e-07,-2.20862923123309e-07,-7.369199141171e-08,-3.9419238592978e-08,-1.40884992362877e-06,3.91933449747558e-08,4.16392212496969e-07,2.63771080842718e-05,8.47160355029901e-08,8.54197853709686e-07,-1.32511477716311e-16,-3.35275049646346e-07,1.5707323692325e-07,1.01196282363495e-06,-1.01309364274915e-07,1.03796332703065e-19,-9.6896885905396e-08,1.23190762913791e-07,-4.23935080831833e-08,-3.75737952599645e-08,-9.47130199125273e-08,6.94687002569702e-07,-1.30721769801897e-06,1.7694663448045e-07,-2.63727768591135e-16,6.30060657986895e-07,-8.38910103318152e-07,3.7032625933604e-06,7.70016441539334e-07,-7.82233588638243e-08,-5.24404833483463e-10,-5.15469208341592e-16,-6.98052531790678e-17,-5.0230119817528e-10,-4.4394974278907e-07,5.84803774507821e-08,-8.41863432509659e-08,5.36592706278252e-16,-3.95123309686264e-08,-4.64404497389131e-10,3.80327187197302e-17,3.66796708633452e-16,7.73396439279247e-17,9.71290499561134e-08,2.86015240990271e-07,-4.11680114496879e-07,2.4301474363968e-07,1.21208559707564e-07,2.77581056899995e-07,-0.000158652452026932,-1.57007890026176e-16,-5.95630189044419e-07,4.43739860321235e-07,-1.8143369483021e-17,-1.8389906898924e-16,-1.44916971353184e-05,-2.12299797337049e-11,-1.61669635024742e-07,1.26007643975172e-07,1.58299977870508e-07,-8.50800329136007e-09,-4.29325579539788e-15,-2.85832008735873e-08,1.24612486285143e-15,-9.71463470071716e-08,9.3578575000149e-16,-1.76287709424575e-07,2.35168470880165e-16,1.37544558327545e-07,1.90200495476116e-07,1.13473140518754e-08,1.49162621612939e-07,8.1852619149732e-07,-5.90253154437388e-08,5.97333567356755e-07,1.88688597821571e-08,9.17995768390804e-08,8.50122586855742e-09,1.34918022585061e-07,-7.82620643440808e-05,-9.87727638429548e-08,-8.4572025787566e-09,-2.10207545966012e-07,-1.00647904099669e-15,0.000125649809854341,-0.0113428962478774,1.80527232549354e-08,0.399476662451632,2.54915415171764e-09,7.32284112625379e-08,2.7412375143719e-07,3.30829373005052e-15,-9.35837299250191e-05,-3.37299511763365e-08,-4.20407242811917e-16,-4.49699951347138e-08,7.06793401474858e-07,2.12808616324778e-16,-8.05660318708125e-16,-5.28586960491073e-06,-2.00303417819771e-08,-1.14109909211941e-10,-1.58199722018818e-07,4.20438338180903e-08,1.73573879601835e-05,1.18147698356092e-08,1.43975662454829e-07,-2.42691224922766e-07,5.44791827427227e-15,5.50429050536697e-09,3.43494752846541e-10,9.46513266524205e-10,8.84150518195309e-08,2.97821437373653e-16,-4.73525823246595e-16,2.90072526982535e-08,-6.84397477056633e-17,4.73771863769783e-16,1.79498905716258e-07,-2.00333220399489e-07,-4.09801017603971e-07,-2.23862014320099e-09,1.0259265067618e-05,7.07360193752041e-08,6.09580063535619e-09,-2.89347587747623e-16,1.51347492521405e-08,7.05307122167196e-10,3.23411051900198e-09,-1.17971680030977e-05,1.39925341695881e-06,-1.22749789391999e-16,-1.7344287688347e-16,3.62798810274426e-16,-1.08442191750838e-08,-5.71702029619618e-08,-3.00449196594773e-08,1.20726221128161e-16,-5.49951685092111e-06,-6.45126697348293e-17,-2.90225241408034e-16,6.19064458965074e-07,-1.358643912473e-08,1.67289109838796e-15,-3.31572881462523e-08,-2.36700091791698e-05,2.82210169007903e-16,5.01171021566728e-08,2.0226697061549e-16,1.31941294628849e-08,-6.01130466244104e-17,1.31467991023226e-08,1.1369425455415e-07,1.48092647911304e-06,3.86047189719531e-09,2.64086582513581e-08,-9.02583558360266e-08,3.51766645118103e-08,2.15831464754062e-17,1.56047625888e-06,-1.40167974173606e-07,-1.12826535985628e-16,-1.15232667725987e-08,-3.35686702811267e-08,5.38252559561573e-08,-1.92261119307593e-16,2.46662035335194e-08,4.55295702313613e-05,-1.44207266346542e-16,-7.7806358059726e-08,-1.72380341993376e-08,-1.23686041140649e-06,7.53415643215053e-17,3.26344082832748e-16,1.54816770720434e-08,4.67642827159445e-09,3.77269773458929e-10,-3.93967815949883e-08,2.55883706808854e-09,-2.22267650189356e-16,-2.22043280155427e-16,9.26639482127137e-09,6.38068925683154e-11,1.5352103944703e-16,2.20605092373355e-08,4.98560475098801e-17,1.24201423807203e-07,-4.08250123703044e-09,-2.38197305568848e-09,-1.57029534088223e-08,-3.53725153259289e-14,1.66384687838884e-16,-9.07065435361532e-17,-9.0794903743353e-14,-1.63898180997691e-06,-2.86191474127465e-08,3.0613798331935e-16,-1.98765337356616e-16,-9.88527825281633e-17,6.30352951840207e-08,3.5323694998148e-10,-3.03129172039621e-08,-9.62967367418819e-17,1.10184157288416e-15,3.87114988288865e-16,-1.09181238678062e-07,3.67709748638363e-08,3.21696019981118e-17,3.92195124554635e-09,-5.19323555353953e-06,-1.90622025071925e-16,-8.81286055319032e-17,-9.72577198520495e-09,-9.93704212283318e-11,-4.70553856799715e-09,-7.78042779142763e-16,5.10328465241897e-09,7.27535230848637e-09,7.56845511515517e-09,-6.59672995158328e-09,-2.32038983672774e-08,1.92934820508439e-09,3.4395411628906e-16,-9.75888299921453e-17,2.34366849598618e-16,3.13512180182268e-08,-4.50430303722575e-08,-1.50641520680633e-09,-1.04306668242469e-09,-2.82724575279017e-16,2.90466109115608e-16,-5.85347399202448e-17,-2.00960419923887e-16,-1.31678075638571e-16,1.09618794942838e-07,1.80943259930397e-16,-1.61799586730762e-17,-6.36294097857772e-10,-1.64765942869231e-16,-5.67228853060679e-10,4.5102810375397e-17,-6.98295828306551e-10,-3.53824597926315e-17,-7.27936278842199e-10,-8.75159086120185e-11,-5.17406806938367e-08,-1.05269375639765e-16,2.40876101549762e-09,-9.47872056155331e-17,2.70784497446709e-09,-7.92775767346667e-08,1.65151220886864e-11,1.84486418130601e-16,1.83581449478225e-09,2.49050778079164e-17,-2.21338328268973e-10,-1.1845607784228e-09,4.30456726606181e-16,-1.1156943144181e-16,3.45385566217206e-16,-3.74964013103895e-17,-2.67719048118283e-13,9.51273095338304e-12,5.52026382468140e-12,1.87166481708383e-17,1.07768694132179e-16,3.15072349987896e-07,-1.36624450471573e-08,5.17403017353737e-17,1.04275347627383e-16,2.03789278766683e-10,-2.48828485962112e-18,1.59924350030626e-09,-1.06336816140563e-17,-1.94332917015002e-08,-9.36594817451761e-17,3.00619588024464e-16,-6.58783640865722e-17,-4.4578519612937e-16,2.19579722494089e-16,3.74373681854769e-16,-3.81092125953297e-09,2.67684524025129e-08,-7.96382384437696e-17,2.87183286232443e-09,-1.1413144067665e-08,-4.92288228045962e-16,-1.73704922532273e-17,-3.25902791090278e-17,1.58384769166235e-16,-1.33877643857871e-09,-2.22297328359365e-10,6.31051422925107e-16,6.21450870568271e-17,2.62922217915266e-09,9.42799433483033e-09,1.94281088569269e-07,-5.44492194138926e-17,-4.86291317831148e-16,7.49551225975802e-17,2.77922539283679e-16,-1.72320984671389e-17,1.0301435549037e-16,-7.33753978292183e-09,7.09508834342545e-09,1.3941388034955e-09,-1.26061688058981e-16,-3.67593121058288e-16,-7.26824597273981e-17,-1.36031076251912e-16,-1.02693581656798e-16,-5.47450741372333e-16,-1.07060897107214e-15,1.80615907355068e-16,-6.68796300247999e-17,8.65713656257759e-17,1.93833657903072e-16,-1.93531155030021e-16,-2.46609563658468e-16,7.71307208303569e-17,-7.34569075236157e-09,-3.43350759245079e-15,-9.55950899735678e-16,5.37949036847312e-16,-1.72024568984195e-07,1.90261712430725e-10,1.36237923754976e-16,2.83311044268626e-09,-1.67263012946654e-07,3.9770200931371e-17,-4.44178979800631e-16,3.10971982978683e-08,-8.73309686974477e-17,-4.67256762584336e-09,3.8022590936688e-16,1.71508953921584e-16,3.00084999124191e-17,1.99036483429526e-17,-4.62114141464628e-10,6.39009666553633e-08,1.3513946393779e-16,3.21979779679463e-16,1.66284332429184e-18,1.31066934977204e-15,4.23508538399238e-16,-1.44464668561221e-16,-7.12187006876663e-17,3.47128329514531e-16,-7.46987365324596e-09,2.49090438450179e-18,6.97263515885102e-17,3.19016261051794e-17,-2.35748095080556e-18,-1.66832895749427e-16,-7.61763751512179e-16,2.28893001468166e-08,-9.94711898603415e-17,5.2611945116608e-17,-1.72862239789168e-08,-2.55224111434975e-17,-3.38347348067654e-17,-3.23656948391913e-16,1.98669109819278e-16,-5.85817071517374e-06,-6.04836753638947e-17,1.26844523573545e-08,2.59548300762074e-16,2.40887689347919e-17,2.20109335609108e-17,7.63541250097049e-16,-8.52789354346115e-17,-3.36871840513788e-16,-4.83906086753564e-10,4.80291814416021e-17,3.18870821656118e-17,-1.96452898794342e-08,6.31026641629016e-08,-1.22257582089747e-18,-4.58148071065951e-08,-6.78592890103016e-09,1.74881734517423e-16,-1.34757023828786e-16,7.76608399437013e-17,-1.71090688743709e-16,-1.29352354989932e-16,1.34697228912484e-08,1.95618524675966e-17,-1.64532086662067e-15,2.89112619809266e-17,-5.63211726805317e-09,1.63900583384537e-16,-3.69590426608559e-17,-2.17120988693648e-16,5.1656285879063e-17,2.71898288710313e-09,-7.54286815925218e-17,-1.09564846543936e-06,2.80946347817569e-16,2.14012597588007e-16,4.02789336535609e-16,-3.04700137445656e-16,-6.67905308557214e-17,-2.31103679371472e-16,9.72352501633871e-18,1.09796704982759e-07,9.12952876330886e-17,2.17345318278103e-17,-7.51622689932078e-08,-2.74290656459651e-17,2.53578415486304e-16,-3.96828388406701e-16,4.00485741155961e-17,1.47756450982664e-17,1.77053395568182e-17,5.36467067344264e-08,-6.3474051638863e-17,2.24536722620351e-16,-1.8142998139951e-07,6.20502889466629e-16,9.86123973088453e-17,-5.76200238884676e-18,3.48023544251619e-16,-1.96207845931638e-16,-4.99318665379003e-17,2.97051692951771e-17,2.04269935551152e-17,6.24399256667934e-17,1.03018008799522e-16,3.94900847403397e-17,1.08652430394466e-07,-2.30422814168982e-07,6.17244291952497e-17,-4.09354029470469e-17,-1.75527932379862e-16,-2.7267336837222e-17,-2.68447125073169e-15,4.02053876999415e-16,5.20334684815541e-16,-8.23760165866788e-17,3.15670604100519e-09,1.09553484370447e-16,1.98266611592399e-17,-1.78175685849254e-16,5.77942878521315e-16,-4.36239982191475e-09,1.23392679995071e-16,5.21643142185776e-09,1.32705572308331e-16,8.81498448081089e-17,3.87436951383663e-16,2.64744105071236e-17,1.46706446347562e-17,-1.85058479956602e-16,1.28390258125849e-16,3.67306578543742e-16,2.37807270539655e-16,-1.51127960465323e-16,7.39361914258845e-17,6.03546509399403e-17,8.4063701674464e-16,2.40149291441118e-16,1.77849603860382e-16,1.82782273066798e-16,-6.97266131400497e-17,4.49507224616559e-16,7.87757199054635e-17,5.63642915263213e-17,-6.75349504362558e-16,3.79487245533503e-16,-3.79958848674109e-16,-1.37726885369128e-16,-1.99023447738108e-18,-5.19592775872666e-10,-7.76814573683092e-16,1.76921700265488e-15,3.86023670440726e-17,-5.79726741296632e-16,-4.16097771340101e-16,3.50147518243897e-16,-1.90150260089845e-17,1.18897168894598e-16,5.96818110357882e-17,1.30488755657816e-17,-1.08996217227814e-15,-7.17971766755523e-17,2.14074380646973e-16,-4.31777889410268e-16,1.03923489303228e-16,-1.39857380079623e-16,3.33506621937724e-16,9.04297085345875e-09,-2.41640439638463e-16,-6.4704982377489e-17,5.69372718053693e-18,-1.68952457665491e-16,8.60300515653113e-17,-1.51077946423501e-16,-8.65862594891943e-17,-3.03904216061451e-17,-1.31821633291436e-16,-2.84227299146455e-09,3.13427107016536e-17,-7.82508459245384e-18,-3.09571353167401e-16,-4.3821380149538e-16,-2.21552330177033e-17,1.38160349147146e-17,-2.28566972435788e-16,1.41830759342655e-16,-1.21274000120324e-17,-9.29526531732744e-18,7.00486118558033e-17,6.15712678896744e-17,6.86876986576672e-17,-2.54755977928146e-08,3.16412663087583e-17,-6.49183053355159e-17,-1.58697787853319e-15,1.00226846071568e-14,1.15456345750296e-07,-1.26465322408076e-16,-6.59440141633572e-17,3.88593226773359e-16,-2.87395657125409e-16,-1.16087914073512e-16,-3.98664477304466e-16,1.28498834109457e-15,-1.06889020895579e-15,5.1445620990909e-17,-1.03754221161891e-15,1.18364379389541e-15,1.15270470381339e-16,-9.87872536055114e-16,-1.11304789444142e-15,2.06433788933787e-15,-2.90272333771168e-15,-2.6186949175342e-15
"t826",-0.0447430708820766,-0.0681459176909048,0.0239659205022545,0.0323233576085312,0.00253619614936768,-0.00108760292503073,0.0060582380613168,0.000109363275253199,4.25759190109845e-05,-0.000139749727378544,-3.47218515068145e-05,-0.00262379907099532,0.00661427396450074,-0.00140672838785549,-0.00177284284763894,-0.00361629921098489,-0.00042465258024372,0.0279542626916821,3.45138031219009e-05,1.71226995906373e-05,-0.000266605246441858,-0.000201621297911935,0.00131768318144071,-0.0270808854026738,0.082792147878206,0.000207465520506677,-0.000229805745394069,0.000204250614206985,-0.00319054985084384,4.2368159712991e-05,2.09640849614032e-06,-7.13909639597318e-06,0.00628467902708515,5.25578977603295e-05,6.72831759987416e-06,0.000134812399825564,0.261206140505651,3.3611933380459e-05,0.00019172256574794,3.2048027824385e-05,0.000939653082170142,-8.30884221588833e-05,0.000937111786565697,-5.55798964570765e-05,0.00188228818426125,-3.97611101872867e-05,0.0781389516432197,-0.000391680384688512,4.98641289609953e-05,-9.13054602949505e-05,0.000972104537493515,-4.78968817325113e-05,6.69322790393269e-08,-0.000145260133189068,7.14853167504492e-06,-7.4033996956866e-05,2.27549262636413e-06,-0.000144426460854418,4.86921551795137e-05,-4.61771421779786e-05,-3.66029854317827e-05,5.39924248825793e-06,-0.000169269455650291,8.91505574382924e-05,-5.87498998037717e-06,0.000209637076296211,-6.1961053005121e-07,1.89209767464459e-05,-4.7652181204264e-05,1.55467394377562e-05,0.000400598582034511,-0.000294423175210495,2.18493107483846e-05,0.307175143379048,-0.226303243452964,1.75123374739216e-06,-0.00755300674422751,7.23818988197891e-05,-0.00015843764337322,-0.00017160009044646,4.76130441815738e-05,0.000712721848997148,-9.90711608667088e-05,-0.000675971856629798,0.000107507138348899,0.059356402623417,0.00451743823926471,5.83682967063133e-05,1.78005253202574e-05,-0.00395766811462506,6.30417785260127e-05,-3.14596303275672e-06,-2.62519342526852e-05,0.00361527358271451,1.80664025449147e-07,-6.88074281545235e-06,-0.00147093862241725,-2.32012340477909e-05,3.06863640690353e-05,4.46146305286667e-06,7.53517326706854e-07,-0.00576131418217035,1.11063555206418e-08,6.32117213804769e-07,-3.61465358641072e-07,0.00610550842631506,-9.9004258567345e-06,4.78299934885641e-06,-1.89194118477095e-06,5.00876991172372e-07,2.26288487974141e-06,5.98746084558756e-06,-1.01965834707565e-05,1.0650505803017e-05,-5.55288340320624e-08,2.23153880416501e-06,-3.3523793670303e-06,3.71124654565361e-06,-3.8976828617732e-06,9.8297547191093e-06,-3.72439802532394e-05,9.38680134834291e-06,-9.14339866110987e-06,-2.51473226765008e-05,8.21898003541238e-06,-8.07131179175075e-05,8.21539598382673e-06,-2.66597762659872e-06,5.85079372386182e-06,0.000194596578388105,-0.00154450503846604,2.87093906364383e-05,-0.00679762589561576,9.28633113126016e-07,9.95423244141516e-07,4.75400838216511e-06,-3.27016739750518e-08,-2.27266721143061e-05,7.31018468696591e-06,-2.10467177115834e-05,-1.35273760246763e-06,-5.25308630359476e-05,1.03164789145437e-05,6.59693575122489e-07,2.08128519330253e-06,-1.327880876281e-07,-6.33088914765054e-06,9.95344288507606e-07,6.56753958450739e-08,-1.65961447126184e-07,-2.58440728504756e-05,-7.78635240215381e-07,-1.68068688217205e-05,6.34614661724414e-06,-2.07413299068326e-06,-1.85246124165671e-07,2.83306652509223e-06,-0.0200632438276102,3.85356472195678e-07,2.91137725174301e-08,-0.0138004115757071,-1.32893701958125e-05,1.14282229239745e-06,0.000205375804503447,-7.14292309149054e-06,2.1871715101153e-05,1.70817222289713e-07,3.6687780075639e-09,1.91797851459264e-07,4.33271382759486e-07,-1.14901796535467e-05,-1.18531226070267e-06,2.15322479120143e-07,8.37890514926606e-08,2.65721231711309e-06,3.81681752547594e-08,2.45129768836497e-07,-1.26553290428063e-06,-8.957571649033e-07,-2.86926858597446e-05,1.84603960140819e-05,6.03554920194913e-05,-8.4450495757526e-07,-1.70483741373911e-05,-1.08950614658238e-07,-0.000103703984890327,-4.07490325644047e-06,1.02114128268476e-06,4.59767427360877e-06,-4.10260195539169e-05,-1.25685319754725e-07,2.37428505916528e-07,9.50539573884558e-07,4.79661877370154e-06,1.65034410878958e-07,-2.36371513195024e-07,-4.36781546723053e-07,-2.22588854689269e-06,2.6170076197905e-07,1.12930554267852e-07,1.12720013295576e-07,1.8839167119637e-05,-3.08866478683102e-09,-0.00115794736370218,2.15689942603107e-06,-2.34269324330911e-05,4.9179448269884e-07,1.85681338913597e-05,-3.79248004878182e-06,-4.46870676574755e-05,-1.71916054130117e-05,6.08132606469846e-05,-0.000336581838158974,-9.9533777572203e-07,-6.35862907133657e-07,-8.48270097121331e-07,1.31791809006465e-06,1.1464593455717e-07,-2.10144743483585e-07,-1.0406874652885e-06,-5.66217661446019e-06,4.54059862141217e-05,1.74769794778354e-06,5.63719770634777e-06,-1.42395770993831e-06,-7.27085269765679e-07,-7.66847530279306e-06,-5.25467076970795e-07,-8.19499181547395e-07,-6.47454064197964e-07,1.37210436947182e-05,4.51564795248679e-06,2.1622758309283e-07,3.61295541134237e-07,-1.88900000247238e-08,-3.07650158454792e-07,-1.58533942503999e-06,2.26631525388194e-17,-2.36008773255476e-07,1.77040297715483e-05,-4.94914080516967e-07,-8.8551493618482e-06,-1.41221138487696e-06,1.68754407443961e-06,-2.7077802565484e-07,9.81182899940208e-06,-2.23510519692531e-08,1.46355463932693e-09,-3.73544368211179e-06,3.37284709569001e-06,-1.05596233625672e-07,1.44359260556264e-05,-6.67436349381466e-07,2.46392995267105e-07,-1.5933007201065e-08,0.000184195801187679,-0.000164542031589186,1.06901982003733e-05,3.41819985491068e-07,-6.59427309255115e-08,1.44612845506426e-06,-2.81147926550629e-07,3.10428292839621e-05,-2.51667925993355e-05,1.59544560216764e-07,-5.45868027163741e-08,1.37670283244669e-05,2.89038385512324e-05,-0.0022613816062274,2.07649517593839e-08,1.2230182900337e-08,-3.69482690053479e-08,5.25345688534238e-06,-4.51907976528857e-06,1.01781335850721e-06,-2.20426977973012e-05,1.0654647263427e-05,-0.000204630602337006,1.76726013144291e-06,-1.03405814874688e-06,3.49997677524357e-07,1.1327526749272e-17,-8.60484612174699e-07,-2.9476263254865e-08,-6.95675845341199e-08,-0.000133128592592377,4.12925680697401e-08,-2.55840745337964e-08,-5.97884737312626e-07,6.71152640026408e-08,-5.34337073306378e-07,1.39937653217705e-06,5.10906447717194e-08,-4.53431597639245e-08,5.86867239286991e-07,-7.12464652087652e-07,5.93336954708378e-05,-3.2959049477527e-07,3.78323525135079e-06,1.89324060544956e-08,1.63224579620682e-07,7.70862033893344e-07,-6.28146059430907e-06,3.41259757553179e-05,-5.62627926223824e-07,7.51699475246055e-07,-2.72162757708664e-06,1.68488900792973e-07,1.52016046858657e-07,1.15641910203048e-06,-3.10421663165783e-06,-1.55121317873476e-07,2.00804834121017e-06,-8.17178602549874e-07,2.01460189088842e-08,1.86623753958689e-07,-3.59122071487226e-07,9.79379161188073e-17,1.07299787392884e-09,0.000234025999978977,-3.72868590255603e-07,2.74849040312568e-07,3.9292793103385e-07,7.21716639514573e-08,1.6811699443588e-07,-2.4625657740509e-06,9.13150564062164e-07,1.99575662777207e-16,-6.92913142104445e-07,-8.4475278786532e-09,-2.48373188711558e-08,0.000173373960075874,1.73098153637562e-07,-1.16229023544186e-08,-4.40872638199297e-07,1.1683625381545e-07,-6.09315143520077e-06,7.13572686392292e-07,-1.43819785488835e-07,-2.58961014068844e-07,-1.36585443536436e-08,-1.3446463034799e-08,-2.56596376995194e-07,5.72952010003517e-05,-2.72806723470267e-07,3.24363800605994e-16,-5.47577539986361e-06,4.27978311329094e-07,1.96973413834519e-08,1.06789918233681e-07,-4.99971347751192e-07,-1.02863394959434e-06,6.19774554314497e-06,-4.81685659491666e-05,-8.41931962273925e-08,1.15222369269968e-16,-1.58401045845489e-07,-0.000101047453953601,-1.96631336487505e-07,1.34078654149816e-16,3.67755304082714e-07,3.69160799346578e-06,-5.62274821583789e-07,-2.98193748272489e-07,-9.89090502714176e-08,-5.27118748350171e-08,-1.87901609302217e-06,5.19238716304773e-08,5.51244983051831e-07,3.47816418738334e-05,1.11002874297987e-07,1.11890390450062e-06,-1.06476239350747e-16,-4.34224893760061e-07,2.03041062107286e-07,1.3026187263874e-06,-1.29572080605491e-07,1.20281224806601e-17,-1.22165429148149e-07,1.52639951669922e-07,-5.20890691239825e-08,-4.59806452920637e-08,-1.15329431354414e-07,8.37821689476786e-07,-1.55046423681945e-06,1.99983292830982e-07,1.69573569669972e-16,6.75325002896874e-07,-8.94533739907048e-07,3.9050710065508e-06,7.98917126714201e-07,-8.10552103240862e-08,-5.40802571153964e-10,-8.35253824216609e-16,1.95877547901459e-16,-5.03171027199654e-10,-4.32584391041015e-07,5.67776809991408e-08,-7.95403805819293e-08,-1.99370928820162e-16,-3.48819704270323e-08,-3.96130496295891e-10,-1.45024802664598e-16,-3.62437672580298e-16,-3.80859855078713e-17,7.28896152012094e-08,2.10662445777695e-07,-2.83524678486636e-07,1.59117903905854e-07,7.9069717290614e-08,2.53714235131301e-07,-0.000564339043775358,2.26104498456411e-17,-2.30986597521307e-07,1.51532820119801e-07,1.24850126196273e-16,-7.16628772342204e-16,-1.6185726598889e-06,-9.74744318652781e-13,7.94619981522452e-09,-1.48244812848979e-08,-4.12771358890303e-08,2.42860969268587e-09,3.09620328512666e-17,9.14600953730512e-09,-1.77104900438408e-15,4.12459196181306e-08,-1.60762147313582e-16,8.93583931812078e-08,-4.02474276335639e-16,-8.50920894954075e-08,-1.22160412513284e-07,-1.12546336173761e-08,-1.6054662189026e-07,-9.10840271903218e-07,7.5549961681489e-08,-8.58486745755397e-07,-3.4939026920104e-08,-1.70351553535879e-07,-1.69908162503141e-08,-3.07669940764231e-07,0.000211036955720043,3.03042777103044e-07,2.82951079359752e-08,7.27187831398731e-07,1.38015816166785e-16,-0.000432340533250122,0.000383489980575527,-4.06273838038949e-07,-5.97347011130033e-13,-7.86838203270904e-08,-5.76515678737015e-06,-6.2175612014579e-05,5.65943366281831e-14,0.426563379090525,-2.14184336338639e-06,-4.5393359061586e-16,-1.93915779871842e-06,1.1375858659634e-05,7.39929040150079e-16,-1.01575344310425e-15,-7.05661120969414e-05,-2.63579376272339e-07,-1.40947574380381e-09,-1.82801183485089e-06,4.2800595029016e-07,0.000174999994143493,1.17537912216172e-07,1.26303597394727e-06,-1.96203963128232e-06,-1.31362923160884e-15,4.33101558932554e-08,2.69070898246325e-09,7.30184292880961e-09,6.70168982278772e-07,-2.31691745559161e-15,3.89123332376195e-16,2.14910006356426e-07,-5.24695150553006e-16,-7.83542411416527e-16,1.18464001153935e-06,-1.3010528111172e-06,-2.66055846996643e-06,-1.40768323291509e-08,6.42531877511743e-05,4.4263871640327e-07,3.79388963149616e-08,-3.0319152058931e-16,8.95580250580947e-08,4.13507991420814e-09,1.8904965878232e-08,-6.80021086708119e-05,7.88499938763364e-06,-1.7946879490024e-16,-1.79312696132991e-16,-4.01824926201102e-16,-5.94858417555525e-08,-3.10546612355878e-07,-1.63088086901501e-07,5.30570381301664e-16,-2.96011076441996e-05,-3.59541377854413e-16,-3.32244226104326e-16,3.24196516306666e-06,-7.11325593318026e-08,9.267602811256e-16,-1.72814118912228e-07,-0.000123087052647798,-1.82487859292239e-15,2.5961558868553e-07,-6.12193390179849e-16,6.81274757135936e-08,1.35999256984648e-15,6.78684042135672e-08,5.86836283508634e-07,7.6425376885691e-06,1.99180867770285e-08,1.36196073531274e-07,-4.65110292594238e-07,1.81485058570479e-07,1.07111388525971e-15,8.10138614072151e-06,-7.28515409742732e-07,2.56155732032695e-15,-5.99934802167642e-08,-1.75448636952628e-07,2.82682631977602e-07,2.37082560354309e-15,1.41500732325023e-07,0.00151687686727034,-3.27089229535127e-16,-3.72420736293695e-07,-8.50435499241764e-08,-6.3228415588974e-06,1.7950320302007e-15,-4.34439775255911e-16,8.12246092782246e-08,2.47318322465089e-08,1.99844045836369e-09,-2.16369675675776e-07,1.41461999685973e-08,-6.76623933679391e-15,2.56050400619982e-15,5.14691799888211e-08,3.54619307014556e-10,-6.97350659154478e-15,1.23621197292763e-07,-1.26549334298925e-14,7.01812666194241e-07,-2.33481123813979e-08,-1.36347027979403e-08,-9.02019878724895e-08,-0.535894000919359,-6.09126868002182e-14,-3.56505236526606e-14,-1.96805935492461e-14,-9.74480934391712e-06,-1.70682705710518e-07,-6.89537704608262e-16,1.94703783237344e-16,-6.74839266058963e-15,3.80262213621783e-07,2.14183696111368e-09,-1.8647385785144e-07,2.23070120499302e-15,-7.04863440767173e-15,-7.8262243532386e-15,-7.09869961659083e-07,2.39577588012643e-07,8.86393197651745e-16,2.61930156925005e-08,-3.50499904454781e-05,-4.74133923838644e-16,1.9867808600752e-15,-6.73772893126621e-08,-6.89909994541878e-10,-3.32084760020051e-08,9.49601926899372e-16,3.70754687034605e-08,5.37584668940989e-08,5.73300906061061e-08,-5.18219438669779e-08,-1.84169638587656e-07,1.56215465965417e-08,-3.31623900737281e-15,-1.49246864174088e-16,6.7532447943838e-16,2.89770476840078e-07,-4.17287251088042e-07,-1.42331446514503e-08,-1.10199893282979e-08,6.28445817006485e-16,-3.28505865621165e-17,-6.66782072026757e-18,1.32189123681144e-16,-5.23468325124699e-17,1.33892561719948e-06,-2.72318696953839e-17,-3.29369496363564e-16,-8.31303974539088e-09,-3.44295660887134e-16,-7.43886607499593e-09,1.22731685925359e-16,-9.21684221935921e-09,3.39162712952391e-16,-1.10294543300975e-08,-1.3763932229268e-09,-8.64931846421487e-07,3.49004696344202e-16,4.37423183155883e-08,3.38103170184903e-16,6.13168558510209e-08,-2.74523551955234e-06,5.85968446827414e-10,-3.66874851149674e-16,8.49800843744087e-08,2.07432257311886e-16,-2.06598734239728e-08,-1.16548836598329e-07,3.12603986237513e-16,-1.87848181233747e-16,-2.02140154993352e-16,-1.36580979784888e-15,-3.87648729958952e-10,-5.03546442468532e-09,-1.12114647659615e-09,1.36473713518693e-16,3.29578071896539e-16,-1.5703841958507e-05,6.58088530272236e-07,6.73768089588906e-16,1.83645920173018e-16,-4.94213073799227e-09,-6.32401659918583e-17,-3.48829496789602e-08,-2.16281467869092e-16,3.25448515336648e-07,-1.46671145575772e-16,-7.55300024321358e-16,-6.31465658782638e-16,4.51340271903694e-16,1.04337970070535e-16,2.04088948919007e-15,4.21476772688953e-08,-2.94661834693093e-07,6.36932887588141e-17,-2.8026544407482e-08,1.06190833765026e-07,-1.80336414145229e-16,-1.40151270704389e-17,6.03268990101625e-16,7.22957935222698e-16,1.02878348811112e-08,1.63838639197708e-09,3.95844043945176e-16,-2.33097527910428e-16,-1.85173295292889e-08,-6.6014163595307e-08,-1.33399370581033e-06,-8.08452309659916e-17,-2.44839272455553e-16,3.88170782375043e-16,2.44003230362203e-17,7.24142662195263e-16,2.66186474397262e-16,3.75435021181128e-08,-3.5383642504129e-08,-6.7795299486509e-09,-1.24181470764994e-16,1.17068527043669e-16,1.47301710392115e-16,2.57226058911531e-16,6.63977904480646e-17,4.45558818045823e-16,7.61088143991044e-16,2.25264171477739e-16,-5.51757455561764e-16,9.57682216204444e-17,3.26436730646266e-16,-2.27254479670204e-16,1.41488478919413e-16,2.24777655233234e-16,2.40512911498956e-08,4.73746123516274e-12,-9.20223322843447e-16,-1.94008680470383e-15,5.36063458472152e-07,-5.86207276408048e-10,-4.78769270420069e-16,-8.66787522056982e-09,4.81972706045374e-07,-3.62285315054749e-16,1.04838356180053e-16,-8.32281395450118e-08,2.06571865218799e-17,1.14347174755809e-08,-3.96713367436232e-16,1.5973583940508e-16,2.1813950190007e-16,-1.07377397413916e-16,9.83309547165134e-10,-1.34691447235792e-07,2.64015804123244e-16,4.68461000787812e-17,1.41719776483308e-16,1.55951941785862e-15,-9.38759715952333e-16,2.8754884062787e-16,-3.89685202043924e-17,-2.0631727127436e-17,9.58108522305175e-09,9.3065179506107e-17,8.7177806150643e-17,1.99279560478703e-17,1.04878663834862e-16,1.17524319462445e-16,1.27191256428398e-15,-2.62322828884996e-08,2.21122936582273e-17,-2.14164860735456e-16,1.93971476687686e-08,5.67165267773834e-16,3.75024059174361e-16,3.00871169466818e-16,-3.79468311865707e-16,5.07288317348442e-06,5.12359740140698e-18,-1.04571469396191e-08,7.09695613965556e-17,9.24886025474253e-17,1.62205621968358e-16,1.30948309912961e-15,-5.34378358136373e-17,4.20601148161854e-16,3.59663422332110e-10,-2.56720154060766e-15,4.32737678035138e-17,1.34384914062705e-08,-4.29815596444149e-08,8.93083055816421e-17,2.89668929219726e-08,4.18890144161579e-09,4.72668409657157e-16,1.42545498141281e-15,5.58762090559702e-16,3.0247413391236e-16,-3.9598922521904e-17,-5.57928481940094e-09,1.67952920238119e-16,-2.94282823884457e-16,-3.9596305315971e-16,2.06654173252497e-09,3.61840134862806e-16,-1.27362173656295e-17,2.99672452518133e-16,8.13323366486821e-17,-8.35182326309855e-10,-8.62586022361551e-17,3.16997903296805e-07,-6.71675632086864e-17,-7.22416732881684e-16,-3.12249226517381e-16,3.54509866430176e-16,7.69373160382339e-17,-6.9724167321744e-17,-5.43528233775546e-17,-2.18867876966899e-08,1.96038625187805e-16,-2.76160641836426e-16,1.33873060175622e-08,-6.36271103769572e-16,2.35509978050335e-16,2.92280275381536e-16,-5.17774566904499e-17,2.19960212169402e-16,-1.34952348281283e-16,-6.11835030206765e-09,2.21592696356205e-17,-5.68268074968068e-16,1.57073089292891e-08,8.64479968851704e-17,-2.33442579224074e-16,-1.43400512226951e-16,3.48280770157891e-17,4.26260585471494e-16,-3.78354071024983e-16,-1.71556800263548e-16,3.62051951538906e-16,-2.52204033271348e-16,-3.76230091554032e-17,-2.89489779571366e-16,9.61494425287239e-10,-4.54308623658196e-09,-3.85707423530293e-16,2.89722640607905e-16,1.66343021363239e-16,-2.36221468831091e-16,-7.17929432410444e-16,9.18541117571776e-17,-3.91172564156944e-16,-8.81194524791915e-17,2.35258609059748e-10,-4.51110213382757e-16,-8.77730524852566e-18,-3.71244228763869e-17,3.58611307095437e-16,-5.17856068779502e-10,6.82504372436404e-17,8.66392354315519e-10,4.01755422379614e-16,2.29590291397571e-16,-7.35435941032085e-17,-1.00822568135523e-16,-2.6450497196852e-16,-6.29497138728311e-16,-1.39183715959742e-16,1.49360802773766e-16,1.74445094683833e-16,2.3719375542773e-16,4.16622203129934e-16,1.19009988471406e-16,3.76156698663042e-16,1.24031238767921e-16,2.36391077394952e-16,-3.43933985142277e-16,-1.46379706734775e-16,1.03093800392661e-15,-1.56604571741139e-16,3.18940806142469e-16,-9.94775501931793e-16,-3.3815671586103e-17,1.07841618850876e-15,9.46379355312669e-16,-1.96316075628295e-16,-1.66821803099529e-10,-3.50807428262729e-16,1.47094321639212e-15,2.11641952433311e-16,-1.34026993879631e-16,-3.50768823073517e-16,6.11359314186637e-17,-8.94236927349969e-16,-1.59329286855729e-16,-1.76281415475601e-16,4.02380874617324e-16,5.39447183787037e-15,-7.60480859974033e-16,-7.54419864353521e-17,-9.18847107382874e-17,1.87769137192174e-16,1.84951480901613e-16,-1.12240170623992e-16,3.71666753618554e-09,6.32372112644607e-17,-7.69564669265752e-17,-5.48318837676883e-17,-5.05195208388617e-16,-4.68026861322215e-17,-2.46509268752917e-16,-1.63352064197126e-17,3.42452351262223e-16,6.94211338805383e-17,-1.40274344045908e-09,-1.346255906523e-16,1.69920705918652e-16,2.48005148345423e-16,-1.13200749894656e-16,-1.56798855284908e-16,7.84414533176536e-17,5.66350987706612e-17,-2.32548764687049e-16,1.3789304291242e-16,1.5446554015193e-16,5.38615501932922e-17,1.65728349876167e-16,-4.51078822831884e-16,-1.4458503205395e-08,2.3668547501953e-16,4.3046527463925e-16,1.64435349537157e-15,4.58563780706309e-15,6.92001982457479e-08,1.6214380228147e-16,9.28730044961371e-17,6.71260461632537e-17,3.17888545847665e-16,5.34272924486426e-18,5.02961032248328e-16,1.21910382978242e-16,-1.15708485284281e-16,-2.80320243789655e-16,3.55466867361608e-16,8.8428312845634e-16,5.68888246750612e-17,-7.21552720679376e-17,1.22750411170742e-16,-4.1507990280724e-17,-9.75382907734316e-16,4.69635257663803e-16
"t995",-0.0447585856486435,-0.0681956977122454,0.0239839932319451,0.0323560180000114,0.00253933305605803,-0.00108918078973523,0.00606719948923428,0.000109537890961407,4.26561788613824e-05,-0.000140069015269005,-3.48224203167674e-05,-0.00263315465417695,0.00663854472470916,-0.00141196806759443,-0.00177973258990331,-0.00363117809722661,-0.000426441266201088,0.0280741311525639,3.46652062575735e-05,1.72042624650692e-05,-0.000267978226348486,-0.000202872901058186,0.00132631798733787,-0.0272593529090683,0.0833398931943233,0.000208903030343049,-0.000231416734981509,0.000205695208941498,-0.00321371611071457,4.27309372092832e-05,2.1155394916533e-06,-7.20718062427431e-06,0.00634889845973965,5.31201571620716e-05,6.80393194666499e-06,0.000136447075657318,0.264413107798142,3.40310843330509e-05,0.000194129465439028,3.24562756607132e-05,0.000951962689467282,-8.42029405616383e-05,0.000949866882133605,-5.63373093071557e-05,0.0019083807876777,-4.03469981444257e-05,0.0793113784298772,-0.000397607052261001,5.06364428495647e-05,-9.27550926906168e-05,0.000988044851645451,-4.86939766515127e-05,6.80485559454875e-08,-0.000147727114308585,7.27423934364652e-06,-7.5342663362121e-05,2.31949690821471e-06,-0.000147285720292621,4.96588002211946e-05,-4.71462677914243e-05,-3.74028696511042e-05,5.51955950769992e-06,-0.000173100797470015,9.11763231929047e-05,-6.0123494246794e-06,0.000214662817457005,-6.35280306396253e-07,1.94107366277204e-05,-4.88987821398272e-05,1.59612001688968e-05,0.000412339415579474,-0.000303651608180458,2.25410379191109e-05,0.317100081660628,-0.233633693082004,1.80845438227589e-06,-0.00780064666352242,7.47951153305213e-05,-0.000163918878467962,-0.000177624029638282,4.9325972023276e-05,0.000738497640089289,-0.000102791525019384,-0.000701639819450792,0.000111783378569717,0.0617467261276919,0.00470162029398719,6.07527897522425e-05,1.85280994013149e-05,-0.00411964372395873,6.56339394637543e-05,-3.28101392809244e-06,-2.73832574151145e-05,0.0037751352735887,1.89003644258413e-07,-7.20038493091816e-06,-0.00153929066074115,-2.42966836181156e-05,3.21437485032819e-05,4.67803939223383e-06,7.90742871892401e-07,-0.00604637736017388,1.16568416968101e-08,6.6591023473889e-07,-3.80895546303502e-07,0.00643510286785934,-1.04389216952806e-05,5.04369766565616e-06,-1.99544414479338e-06,5.28431980722841e-07,2.38759995320409e-06,6.3210030090873e-06,-1.07653252804013e-05,1.12612232710627e-05,-5.87315085327518e-08,2.36188064905814e-06,-3.5492921617971e-06,3.93260008298044e-06,-4.13355871107121e-06,1.04311088536077e-05,-3.953642807058e-05,9.97676179691313e-06,-9.72575252529036e-06,-2.67497960275388e-05,8.74371708347648e-06,-8.59361257516767e-05,8.7476129683633e-06,-2.84067782731016e-06,6.24672077030776e-06,0.00020776971623841,-0.00164932922407544,3.06992848687394e-05,-0.0072707057207014,9.93451807815793e-07,1.06574177793345e-06,5.09039600443259e-06,-3.50739741003624e-08,-2.44081379154191e-05,7.86549039555909e-06,-2.26466739602533e-05,-1.45603089095585e-06,-5.65511468141584e-05,1.1108893021425e-05,7.10435251308309e-07,2.2413744562856e-06,-1.43103402194483e-07,-6.83235287446813e-06,1.07573530302368e-06,7.10053754850608e-08,-1.79572976486863e-07,-2.79654759862404e-05,-8.42805069762542e-07,-1.81952279087359e-05,6.87177799705686e-06,-2.25012998985177e-06,-2.01025074022169e-07,3.07503507684986e-06,-0.0218824629750997,4.20795986080623e-07,3.17970175497794e-08,-0.0150874775411472,-1.453177454918e-05,1.25128141115072e-06,0.000224902340675994,-7.8319655048359e-06,2.4011007049013e-05,1.88195782632148e-07,4.04254234602658e-09,2.11344513968568e-07,4.77661088864165e-07,-1.26746465068952e-05,-1.3076085017183e-06,2.37809094571956e-07,9.25724415974508e-08,2.93803365813848e-06,4.22099261708629e-08,2.71113806382166e-07,-1.40221165637219e-06,-9.94361555080471e-07,-3.1861468261226e-05,2.05054687757143e-05,6.71030891980986e-05,-9.39249849577261e-07,-1.896758550427e-05,-1.21255243072812e-07,-0.000115542813138797,-4.54133152998008e-06,1.14071734759645e-06,5.13646680738811e-06,-4.58701958372336e-05,-1.40834514148083e-07,2.66534308676458e-07,1.06774147382276e-06,5.3931489157832e-06,1.85690319279404e-07,-2.66519081509216e-07,-4.92716600787174e-07,-2.51338991648334e-06,2.95647243716636e-07,1.28063435256398e-07,1.27847569632282e-07,2.14019933935239e-05,-3.51443098971722e-09,-0.00132264451677711,2.4637233476332e-06,-2.67690060948171e-05,5.62567401759778e-07,2.12563659785497e-05,-4.35033122112482e-06,-5.13893751661455e-05,-1.98102917655111e-05,7.01206805231379e-05,-0.000389203657365619,-1.1527836016506e-06,-7.36476769295374e-07,-9.83716097944949e-07,1.53320793211443e-06,1.33455643133095e-07,-2.45425904079246e-07,-1.21818537797004e-06,-6.63316126779059e-06,5.33673105491947e-05,2.05574589204304e-06,6.63652187236251e-06,-1.68081699947399e-06,-8.58699180287915e-07,-9.05777934655426e-06,-6.22475261105454e-07,-9.72516291595344e-07,-7.69874539985328e-07,1.63301807103787e-05,5.37937381001271e-06,2.5781351362078e-07,4.30889383757357e-07,-2.25809423225425e-08,-3.6829678505866e-07,-1.90085640919539e-06,1.94466501908865e-17,-2.83625172508163e-07,2.12856685537669e-05,-5.96930698743287e-07,-1.07068154083918e-05,-1.71100483749196e-06,2.04484335508572e-06,-3.29365855301666e-07,1.19425162722648e-05,-2.72128051292521e-08,1.78445126771467e-09,-4.55888623997518e-06,4.12367561903371e-06,-1.29205036768628e-07,1.7669223129269e-05,-8.18390683401609e-07,3.04423860476127e-07,-1.97393700563909e-08,0.000228722914585242,-0.000205348124167314,1.33461579071301e-05,4.28266305452248e-07,-8.27859190479332e-08,1.820751018457e-06,-3.5430948488934e-07,3.91592057998843e-05,-3.17900659679362e-05,2.01941222254246e-07,-6.91084723455863e-08,1.75203202231372e-05,3.67882828907609e-05,-0.00287863393012373,2.64705326404764e-08,1.55989673223725e-08,-4.72057478055724e-08,6.71403501226395e-06,-5.83602998083205e-06,1.31596110433985e-06,-2.85261490514868e-05,1.3818089572185e-05,-0.000265844840481705,2.30495590849483e-06,-1.35022602943063e-06,4.57428247602357e-07,1.0657444475312e-16,-1.12816224946366e-06,-3.866182111598e-08,-9.13711944772556e-08,-0.0001754225890781,5.45644112357164e-08,-3.38525599891895e-08,-7.91642589088762e-07,8.96440820384792e-08,-7.14107079446146e-07,1.87046501199154e-06,6.8468647937124e-08,-6.12258726993747e-08,7.93482203515608e-07,-9.64186720248764e-07,8.05431053740424e-05,-4.52781458733326e-07,5.22408109134151e-06,2.61507197597371e-08,2.25477134322327e-07,1.07889411569239e-06,-8.93155958601569e-06,4.86241367194911e-05,-8.04110725589415e-07,1.07836806407676e-06,-3.90890530794353e-06,2.44384816710873e-07,2.20657947660136e-07,1.68092135056596e-06,-4.51645056369676e-06,-2.2640312755362e-07,2.94110588689415e-06,-1.20082322551719e-06,2.96468179687415e-08,2.75311970890414e-07,-5.32605308070013e-07,2.32686810708959e-17,1.64660414205686e-09,0.000360421746055798,-5.77377002025263e-07,4.25665207514517e-07,6.08640771172841e-07,1.11943296303108e-07,2.61425749960689e-07,-3.84103810594341e-06,1.43325599729069e-06,1.20872517018463e-16,-1.10374755571677e-06,-1.34813652226855e-08,-3.97982753238933e-08,0.000277941860895103,2.80341247303554e-07,-1.89321146580132e-08,-7.2406474478225e-07,1.92995415577788e-07,-1.01941395189591e-05,1.20835680425424e-06,-2.45475029728822e-07,-4.44002122040389e-07,-2.34846905588482e-08,-2.32378205444776e-08,-4.43693180649159e-07,9.94335777542027e-05,-4.74797384597973e-07,1.89683642534532e-16,-9.74124940166535e-06,7.64939379837118e-07,3.52073217690522e-08,1.93492991538514e-07,-9.07798301279719e-07,-1.91770737575156e-06,1.16453549049751e-05,-9.06484742894792e-05,-1.59390294834693e-07,-1.06877818218845e-16,-3.01952579516234e-07,-0.000193122759700346,-3.79517570535082e-07,-1.0743541910533e-16,7.17573471462602e-07,7.22195164233281e-06,-1.10148020858192e-06,-5.85799655966256e-07,-1.95232935836674e-07,-1.04421886940018e-07,-3.73290840878267e-06,1.04035908608765e-07,1.10561535501089e-06,7.01776190967287e-05,2.26369665550616e-07,2.28305433519961e-06,5.98792194631816e-17,-9.05400989461906e-07,4.249995349453e-07,2.75021598297273e-06,-2.77249075133426e-07,1.16884441252232e-16,-2.69388927783234e-07,3.4894841142636e-07,-1.21129816613233e-07,-1.0779946024436e-07,-2.73082653111445e-07,2.02172619328279e-06,-3.86366720590089e-06,5.44390752287186e-07,-8.55656013620474e-17,2.0131354359727e-06,-2.68960896107125e-06,1.19586968310974e-05,2.5119086309764e-06,-2.55376994568052e-07,-1.71701245931705e-09,-4.35767369693949e-16,-5.76248174040854e-17,-1.67291137447341e-09,-1.50138285318108e-06,1.9815752232249e-07,-2.89345464649887e-07,2.35422567257847e-16,-1.40343512413959e-07,-1.675437316976e-09,3.32057925559965e-17,1.56569907388512e-16,7.89369582769432e-17,3.70491538138052e-07,1.10022235177806e-06,-1.63961984299275e-06,1.01531756724212e-06,5.10820410777773e-07,1.85266954980037e-06,-0.00418487276006424,-1.36833473468636e-16,-2.38490702588446e-06,1.82843402036871e-06,-4.66464226959177e-16,2.15735898447311e-16,-6.51668272334797e-05,-9.74097470667346e-11,-7.62331772980483e-07,6.05388582050422e-07,7.89155722661296e-07,-4.26745825461334e-08,1.59218107834642e-17,-1.44584788859172e-07,2.23839860689619e-15,-5.03773645604757e-07,3.03441196711173e-15,-9.31574872282439e-07,4.56822855801761e-16,7.45007597650534e-07,1.03547754813641e-06,6.63137895005535e-08,8.85760351345743e-07,4.89364131811979e-06,-3.63693307766652e-07,3.78152781256557e-06,1.27573823448022e-07,6.21036103400958e-07,5.87255767492363e-08,9.68622565319288e-07,-0.000590734069453699,-7.72701573968568e-07,-6.72395507758379e-08,-1.67062924749771e-06,-3.10674862325604e-16,0.000897379753236718,-0.000724726086519148,5.98012490327487e-07,8.53393014200953e-13,1.08082442609379e-07,7.1485029021085e-06,7.38400804516689e-05,-6.57665669324577e-14,-0.495521483552492,2.28065628322937e-06,1.0734633296478e-16,1.97872975524552e-06,-8.99278390451346e-06,-8.9035335222352e-16,7.36418528206705e-16,5.04359277033338e-05,1.86681359763303e-07,9.56433455066202e-10,1.17916016440684e-06,-2.45717402789009e-07,-9.9445620816956e-05,-6.583039954554e-08,-6.01589220247291e-07,8.13117749510904e-07,-1.26470779071117e-15,-1.69937533762396e-08,-1.04575521225847e-09,-2.74369013794964e-09,-2.41628727677271e-07,2.65582312628578e-15,5.53298070501898e-17,-7.31243535499625e-08,8.96283904708024e-16,1.08974837275943e-15,-2.66744145785255e-07,2.69583099385556e-07,5.50288631655615e-07,2.38301849610323e-09,-1.05614685060779e-05,-7.22946357905848e-08,-5.9417087314148e-09,3.77692613152495e-16,-8.00930385584479e-09,-3.14295617158792e-10,-1.35434353363501e-09,3.42371045732338e-06,-1.05104431961483e-07,7.67011386733656e-17,-1.94156013934287e-16,2.06671549820008e-15,-2.1551826165524e-09,-1.75249182491832e-08,-9.44955316803925e-09,3.92977024374669e-16,-2.27197516108188e-06,1.2970350447817e-16,3.20513823675257e-16,4.95768244300882e-07,-1.09413752615159e-08,3.59126388857661e-16,-2.95578480146878e-08,-2.22587275290728e-05,2.85280699996911e-15,5.20236291084152e-08,3.18633039900747e-16,1.51995184789358e-08,-1.50232374586777e-15,1.52773801450573e-08,1.33004781913405e-07,1.74545683589218e-06,4.59714331291642e-09,3.21696855325021e-08,-1.19097530106466e-07,5.13141640710324e-08,-1.74964146361897e-16,2.54724920025553e-06,-2.31455624186933e-07,-2.7578734923905e-16,-1.93214191176242e-08,-5.78815916205494e-08,9.52351042706759e-08,-4.0111150059692e-16,5.09662233241174e-08,0.000553202069123632,7.5285094385678e-17,-1.3803853750586e-07,-3.17696462484673e-08,-2.42981831942429e-06,4.6515137779636e-16,-3.48626120289642e-17,3.32220684533824e-08,1.03699397480152e-08,8.42113556327593e-10,-1.0050607333838e-07,6.66726057149753e-09,2.65637400682007e-16,4.40628280408299e-17,2.44978263768946e-08,1.68997424803178e-10,-8.05702558034051e-16,5.98767622695116e-08,-3.83980093304399e-17,3.45169472146276e-07,-1.17200667118306e-08,-6.85400108011461e-09,-4.55969406485302e-08,-9.67351157294749e-11,2.82069059643087e-16,-2.44149209442064e-17,-1.09867959779189e-14,-5.16908817615549e-06,-9.08829566887875e-08,3.96255477239638e-17,8.15477141862167e-17,-5.44758232039879e-16,2.05246690264352e-07,1.16278555791152e-09,-1.02819311922226e-07,-1.98842486541757e-16,-8.04280896874508e-16,8.8846897850859e-16,-4.11647573068546e-07,1.39162048476605e-07,-3.38987075406364e-16,1.55024809577801e-08,-2.08994453188362e-05,1.3111393139658e-16,-3.30811331243332e-16,-4.08758871898466e-08,-4.19122286399046e-10,-2.03766712836847e-08,-1.3842375515882e-16,2.31266013347078e-08,3.38340436407944e-08,3.6529235688556e-08,-3.35718021922051e-08,-1.19837424725742e-07,1.02485235187904e-08,-2.85171844466632e-16,-6.27859852981674e-16,2.31216154460999e-16,1.9898729938811e-07,-2.86751091160375e-07,-9.83667418470138e-09,-7.8363140334407e-09,8.24885697451459e-16,-1.55189149142327e-16,-1.11993856573832e-16,-8.99507091143965e-16,8.19775968577187e-16,9.80537245678581e-07,-4.25097964798422e-16,-1.04573173667502e-16,-6.15792401813159e-09,-1.8340717182076e-17,-5.5137335725487e-09,2.09034178855205e-16,-6.83858852816787e-09,-8.38038665611124e-17,-8.34686991328006e-09,-1.0465307632542e-09,-6.62380651120583e-07,3.73654947522154e-16,3.37957940770152e-08,6.50903978431427e-17,4.83002523105034e-08,-2.21787037379024e-06,4.73925079983631e-10,1.09363372560928e-15,6.9441691151274e-08,-7.8566997264639e-16,-1.7160711308319e-08,-9.68869782021445e-08,-7.72643803009085e-16,2.15907633045359e-17,3.01126884367743e-16,-1.50193164023121e-15,-3.26663301190797e-10,-4.25862518323791e-09,-9.52177109204939e-10,-4.40322654352592e-16,6.57122314856444e-17,-1.36101218054282e-05,5.70866186842096e-07,1.30745815330799e-16,-8.48269595384185e-17,-4.39869571537809e-09,5.68493548510426e-16,-3.12202295674815e-08,5.97524816005009e-16,2.96049252563838e-07,-7.62234666269567e-16,9.28420696913866e-16,7.27636021520163e-16,2.05973015043382e-16,-9.58355903092526e-17,7.2020893168167e-16,3.96600055513468e-08,-2.77395251531776e-07,4.60728124323006e-16,-2.67061238969199e-08,1.01707679110926e-07,-2.6540721545789e-15,-1.24490796854062e-16,-8.74570048000209e-16,1.50384431722792e-15,1.00774358067542e-08,1.61347209998841e-09,-7.04780124993609e-16,1.06572125702573e-15,-1.83454397769288e-08,-6.54526910283027e-08,-1.32616228515511e-06,-6.82706940697941e-16,2.18548224128224e-15,2.24107988865889e-16,-3.39429617603164e-16,6.14227697817703e-17,-2.17738596610253e-15,3.90266305974912e-08,-3.69413291207133e-08,-7.10875513198192e-09,-5.44011139408976e-15,1.82625174838211e-15,-5.09999054218178e-15,6.08366239314831e-15,1.10394062463126e-15,-4.71620011719956e-15,1.86616955735063e-15,2.22706726216497e-15,-9.78287457965449e-15,-6.9077074735634e-15,-1.32780506087855e-15,-2.61498110047491e-15,1.60310228570624e-14,2.05712011284911e-14,2.7274888827794e-08,0.705957317065718,-1.2170843421117e-14,-8.25036534591839e-14,6.14799228470063e-07,-6.74076951819303e-10,-8.94200199278993e-15,-9.98359451342241e-09,5.63120058576485e-07,2.43527388269304e-15,1.8420086291528e-15,-9.90415653869878e-08,2.25961620266733e-15,1.39291588791293e-08,-4.31190996521271e-16,6.82045846849448e-16,2.02041220214429e-15,1.05142515132394e-15,1.24559350205431e-09,-1.71091028656059e-07,-4.34593143450167e-16,-9.27206869744367e-16,-5.46211024175514e-16,1.85979062093188e-15,-4.30103081904263e-15,-9.43705649788113e-17,-1.19147947047622e-15,6.3445478314742e-16,1.43996481438051e-08,-3.80783258676047e-16,-8.72638585974413e-16,-7.57662580809377e-16,-6.4667808686502e-17,1.18018904901858e-15,1.80199279846247e-15,-4.12352413898079e-08,5.46036584651015e-16,5.09194973455789e-16,3.07576802163814e-08,-1.23710476876177e-15,-1.07378125047881e-15,-2.1516288845439e-16,7.55563305784298e-18,9.02288336112161e-06,4.29989238015967e-16,-1.90412242909186e-08,5.73186383202636e-16,-5.408476880667e-16,-9.90031183121438e-16,-1.6184892229137e-15,5.51092606546878e-16,-3.75393345670639e-16,6.89345629711598e-10,-2.53662085232032e-15,-9.5863996590831e-16,2.6883319909465e-08,-8.61769783405353e-08,6.08207465333205e-16,6.04373941241501e-08,8.85494755252956e-09,-4.88792120774016e-16,1.56229893143393e-15,4.15931162963093e-16,3.89023953470561e-16,-2.43658674000966e-16,-1.49487530896236e-08,1.14407279471278e-15,-1.00062801297575e-15,-2.79748096776779e-16,5.9922362712373e-09,-7.41770990576218e-16,3.74893681283998e-16,-8.22754774156465e-16,1.43006680629805e-16,-2.73455153498195e-09,1.85686720392003e-16,1.08281250231964e-06,-6.78247424066218e-17,3.64747507953702e-16,4.87787263688845e-16,3.64904275182081e-17,4.38892577746001e-17,1.68431667036528e-16,-7.89642126929756e-17,-9.8804575472702e-08,-4.30811317855642e-16,6.44187525110492e-17,6.60618393666136e-08,-6.94306785443714e-16,7.7335300022814e-17,1.82037969128323e-16,-8.88893452163758e-17,8.34311290610495e-16,4.98362922120667e-16,-4.37425599955389e-08,1.54362813725812e-16,-3.2336560414721e-17,1.42967028310023e-07,1.78647416404609e-16,-4.08899930865406e-16,-1.76936143268407e-17,-9.1713244449365e-17,6.05663641943508e-16,7.4300637499933e-17,2.05429969853671e-16,2.23635712288199e-16,8.61033655417229e-16,-3.18833088903572e-16,-1.96448965270733e-16,-7.52140902504905e-08,1.56980654300293e-07,1.02084441242597e-16,-1.39452846425722e-16,1.94136055056912e-16,5.36862994739323e-16,-1.407856751047e-15,7.03498848931101e-16,2.55511619869642e-17,1.51096693961668e-16,-1.97516272546168e-09,-4.72763035304344e-17,4.64793823457406e-16,2.78663383871812e-16,-1.67823272718841e-16,2.53291716148144e-09,2.35601602460541e-16,-2.77504775911409e-09,2.22667113614075e-16,-3.37159561732496e-16,1.28925270225123e-16,2.99182132037534e-16,2.17578216635676e-16,9.47203603689688e-16,2.33159305782293e-16,-3.67109779616563e-16,-7.88530616394967e-18,-5.20813244188805e-16,-6.23722190637072e-16,1.17275264995429e-16,-1.16821656447509e-16,-3.57246105598395e-16,-4.96675206461619e-16,1.2197034112308e-15,-4.54076283286161e-16,1.2652020960831e-16,-3.37883174980716e-16,1.72090918809164e-16,5.29678926266368e-16,-3.24636137959566e-16,-5.30509154641174e-16,-2.03581084795579e-18,2.96967875957815e-16,1.92489935035826e-10,3.46917880423368e-16,9.57420034712499e-16,-1.78137537225719e-17,8.20712006063594e-19,9.44786737030921e-17,3.58662808668962e-16,3.68360617015453e-16,1.57161012205916e-16,2.1275270170418e-16,-1.59812793656647e-16,6.30478523231885e-15,-2.00812964455857e-16,-8.30123782921007e-17,7.13292215116017e-17,-2.82655004004762e-16,3.0079170852664e-16,-1.92656379666102e-16,-2.48493385688498e-09,-1.56855829750097e-16,1.32511392797624e-16,1.10165746408498e-16,7.24306338189733e-16,6.72940448949078e-16,-1.26818274816268e-16,-1.61744551418651e-16,5.88261672582104e-16,-4.70488453767018e-17,5.27387321563141e-10,-5.07769926148544e-16,-3.69844135645e-16,-2.91024310426673e-16,-9.50393813875977e-17,4.76910594722981e-16,-3.28327141104981e-17,1.5239322937262e-16,-3.89929516695959e-16,5.73196558714868e-16,1.61761169364158e-17,5.19741156457399e-18,-2.83458671989787e-16,-5.45860883539347e-17,2.65406572328776e-09,-2.77647123096375e-16,-3.86515770200579e-16,-9.2567046410707e-16,4.85217394156257e-15,-7.94010932825045e-09,-4.33902021706423e-16,2.4862189813076e-16,7.41402648234825e-16,-3.83224155775745e-16,2.42674584801941e-16,-2.55420163227752e-16,5.2836498890649e-16,-5.19960449385217e-16,8.71158724656821e-17,-4.45194232167476e-16,-7.66194638595605e-16,-1.04363212856253e-16,6.90001148643501e-17,9.09997817296657e-16,-5.88162725647915e-16,1.34883839580296e-15,3.20379805409979e-15
"t895",-0.0436138618097974,-0.0633289349333275,0.0221850909672138,0.0283817189213564,0.00207854991716579,-0.000809011773657857,0.00443370207740631,7.39651359649772e-05,2.0656869067134e-05,3.14041192163203e-06,0.000115021191116404,-0.0297406274335067,0.060879541733219,-0.0119682064519714,-0.0129372567645202,-0.023874074304563,-0.00275934633872904,0.181011487883574,0.00022483595362826,0.000127104121199368,-0.00292573505583683,0.000752076876760315,-0.00179721177405172,0.0325099892011476,-0.0905017424907892,-1.01560335149038e-05,-3.98881455412992e-05,6.89414062766643e-05,-0.00260094736362664,0.00291219488482819,-8.80951406793254e-06,1.58378805922222e-05,-0.00680116299881972,-3.67786837348818e-05,-2.83752171612901e-06,-1.79566991466915e-05,-0.0251239632300857,-1.77806167837067e-06,-6.7560759389877e-06,4.67235781075122e-08,6.16786747778646e-05,-9.49565431278413e-06,0.000133081841994253,-8.01571198928458e-06,0.000328014672005249,-9.83143765729102e-06,0.00109152252194954,-0.000177274292114186,1.89963118834308e-05,-3.6647213292956e-05,0.000423986271233945,-2.16748169870971e-05,3.04483851259181e-08,-6.89957799325024e-05,3.66790622587374e-06,-3.84040248496865e-05,1.40288915958814e-06,-9.28556861262691e-05,3.14596437923037e-05,-3.29376572794427e-05,-2.81433810982561e-05,4.31395298664829e-06,-0.00013966897445756,7.41729386311549e-05,-5.21360363839521e-06,0.00019833726463771,-6.99458078807814e-07,2.37724711308344e-05,-6.35280500109808e-05,2.36157300588297e-05,0.24051494299095,9.80493910873694e-05,-4.48894321062611e-06,-0.00528566153533546,0.00217202592561576,9.75308099913238e-08,-0.000577753821388578,1.18722866685497e-05,-4.85079155545987e-05,-6.01763736951062e-05,1.98525801642458e-05,0.000306590729373204,-5.15081743929487e-05,-0.0003690075395801,7.12746288094921e-05,0.04151333070824,0.00334235865458982,4.3593784314363e-05,1.33276751033678e-05,-0.00298176118673596,4.85900771893748e-05,-3.15590745873173e-06,-2.71708505012323e-05,0.00492269827649096,1.35221567496355e-06,0.00821503795186531,0.194033101802042,5.02046949193061e-05,-4.41191199205982e-05,-1.72921674643428e-06,1.69377812437941e-08,-6.16410126064659e-05,5.60261371242907e-08,6.1143940792219e-08,-3.34926319259526e-08,7.24415975751895e-05,-2.34302846283744e-06,1.07642009848323e-06,-4.16043626867856e-07,1.11874182558221e-07,5.1032560510765e-07,1.44422898469896e-06,-2.4795704240661e-06,3.01380844426516e-06,-1.61196576168283e-08,6.8050292425451e-07,-1.04242186051938e-06,1.2091363555774e-06,-1.3176805894816e-06,3.40260428971388e-06,-1.30476465986435e-05,3.40320092303247e-06,-3.37090820872865e-06,-9.2762652316463e-06,3.03797911232315e-06,-3.01909299453843e-05,3.0753384149462e-06,-1.00351964802439e-06,2.08050846490447e-06,6.87599702978639e-05,-0.000129578285261323,7.50505348746169e-06,-0.000610693154004018,-1.11676720071272e-06,5.24828480667504e-07,2.44176403093184e-06,-1.48308676813686e-08,-1.00500413390596e-05,3.15981831654433e-06,-9.09168153287465e-06,-5.82089813494176e-07,-2.25586955343315e-05,4.41557529994907e-06,2.81990499805284e-07,8.89643932918981e-07,-5.62042839043987e-08,-2.61771505972271e-06,3.99007677717999e-07,2.60869566230573e-08,-6.44377953405098e-08,-1.00146585563704e-05,-2.98767729699538e-07,-6.40973000491789e-06,2.40284928905964e-06,-7.2199487705309e-07,-6.33813795043213e-08,9.56784527319277e-07,-0.00274800046129577,-9.92377217411524e-08,-4.62768173130812e-08,-0.0019479972832724,-1.39020695553606e-06,-1.03733124099963e-07,-2.39682017644951e-05,2.73436410145505e-06,-1.83023058317269e-05,1.99266853337662e-06,3.41609699563379e-08,1.69976497086845e-06,2.29049863739786e-06,-4.30708416972895e-05,-4.27827833236685e-06,5.38889346561477e-07,1.93970450379089e-07,5.37711938570687e-06,7.51310242360493e-08,4.76053302643064e-07,-2.03437579176515e-06,-1.27480036380143e-06,-4.01702774022183e-05,2.54686294877906e-05,8.01160314387236e-05,-1.10625645214748e-06,-2.84534632791039e-06,-1.39475856432383e-07,-1.75249704476848e-05,-5.0245559660475e-06,1.19547002801275e-06,5.37508234397358e-06,-4.73310369428662e-05,-1.40739637584667e-07,2.60870035196853e-07,1.03856866769554e-06,8.66427420430135e-07,1.78059171676966e-07,-2.51798849659636e-07,-4.64193166094751e-07,-2.35474814183305e-06,2.76267109771958e-07,1.17650114209501e-07,1.17367597843944e-07,1.95205912229249e-05,-3.1820111133591e-09,-0.000221109858848409,-2.9303305638697e-07,-2.85503421321953e-05,5.31971179813182e-07,1.98360591714776e-05,-4.00985993104803e-06,-9.3050446732969e-06,-1.81493037771072e-05,6.42306425196782e-05,-0.00035661922266717,-1.05705726541739e-06,-6.75336596198488e-07,-9.02782762291955e-07,1.411011122221e-06,1.22898516354425e-07,-2.2690612448383e-07,-1.12985421365658e-06,-6.15944973126867e-06,4.98170248405779e-05,1.92155512613962e-06,6.21264288967847e-06,-1.58104640300149e-06,-8.08545316533392e-07,-8.53087496150644e-06,-5.89624137839543e-07,-9.24554623372532e-07,-7.34988760908482e-07,1.56207399681723e-05,5.15628010405648e-06,2.47605829907246e-07,4.14060724992678e-07,-2.18138120919709e-08,-3.56990038579357e-07,-1.84941107908839e-06,-9.04538163014631e-17,-2.77473873646292e-07,2.08473752644291e-05,-5.89286133258189e-07,-1.06364315342417e-05,-1.70879954761517e-06,2.04286495831481e-06,-3.32396636067702e-07,1.20733230560088e-05,-2.75329254178845e-08,1.81241687400885e-09,-4.64251328338945e-06,4.21967930201921e-06,-1.32498792705677e-07,1.81358396165843e-05,-8.44132201346177e-07,3.20475901495514e-07,-2.09132129421821e-08,5.6992876352759e-05,-5.23501343611563e-05,1.45633573564038e-05,4.66553448871782e-07,-9.03389164916788e-08,1.98541546463266e-06,-3.85748435673341e-07,4.25181404422625e-05,-3.42974605244322e-05,2.13744497922658e-07,-7.29015137848216e-08,4.78208920690536e-06,1.44547626706135e-05,-0.000780129114187629,7.66511507938449e-08,3.20227331532357e-08,-7.34011787044066e-08,1.02348395815169e-05,-8.03796337271002e-06,1.81748942961029e-06,-3.95025679583974e-05,1.92576970309095e-05,-8.17317595235756e-05,3.34920546246801e-06,-1.98154480805693e-06,6.77555012313375e-07,1.94143163347767e-16,-1.75407847101862e-06,-6.07124861356374e-08,-3.34175983416453e-08,-0.00657965984857363,6.57924728163158e-08,-4.40170274512502e-08,-1.0526849927591e-06,1.34560559615616e-07,-1.07721705263947e-06,2.82527858060918e-06,1.05661414109884e-07,-1.0009002032939e-07,1.31012693173587e-06,-1.60308204965855e-06,0.000137056515692978,-8.4700857344124e-07,1.02091122865197e-05,5.12396974494644e-08,4.42147468567452e-07,2.39149452862052e-06,-2.35832508982128e-05,3.16314025932085e-05,-2.26683393994786e-06,3.19788477579434e-06,-1.17818708621969e-05,8.56628497133537e-07,7.83278626654419e-07,6.10965896011883e-06,-1.66904015936945e-05,-8.8569210104564e-07,1.23135208847765e-05,-5.38125885193202e-06,1.37102715995542e-07,1.34667313583847e-06,-2.97577623117279e-06,4.84875881986362e-16,9.55037077592479e-08,0.438065313799273,2.44054068070568e-05,-1.74598675974851e-05,-2.42083965103218e-05,-3.59808693764126e-06,-6.1760388993043e-06,6.91051689073374e-05,-1.74565962627164e-05,-7.2771794807806e-16,7.89008720898616e-06,9.18470363605644e-08,2.37825958914749e-07,-0.000420546465406886,-1.46693373216048e-06,9.2352801944306e-08,3.29453196498566e-06,-8.54629068804048e-07,4.5681915667291e-05,-6.24608738611042e-06,1.58772749820644e-06,3.59038249067518e-06,2.33672245729807e-07,4.58613538945808e-07,9.98750181324016e-06,-0.360937576991126,-1.21051999999751e-05,-2.50812866260588e-14,-1.78355339178029e-05,1.0603666509404e-06,4.86770315033907e-08,1.32751479740468e-07,-5.6367970697592e-07,-3.4491543692972e-07,1.39318003571967e-06,-9.93753642548344e-06,-1.21673151976457e-08,3.74780389677429e-16,-1.37990849404953e-08,-1.68409992475596e-06,-2.67790850931081e-09,-1.01365415440488e-15,-1.10476823875903e-08,-1.41293774613753e-07,2.37687825555093e-08,1.49047613425387e-08,6.0701126287329e-09,3.62477006513226e-09,1.38895866568378e-07,-4.47982512151754e-09,-4.82211954725636e-08,-8.10201387060214e-07,-1.11685767346262e-08,-1.12858603846299e-07,-1.76205423734987e-16,4.51924310250485e-08,-2.10246941989389e-08,-1.32170356912511e-07,1.24645807123671e-08,-1.69239549423304e-16,9.54984869526502e-09,-7.66311192415022e-09,1.85837817958317e-09,1.31332032870624e-09,2.27966269949129e-09,-2.2827724278551e-09,-4.15440428723012e-08,2.1909530719222e-08,-3.4640553348409e-17,1.32880160001934e-07,-1.83550477396925e-07,8.72013037820157e-07,1.99489675917141e-07,-2.04090763558311e-08,-1.40381476741612e-10,-2.0868712552335e-16,-7.23822276052707e-17,-1.5464154051806e-10,-1.52965289429324e-07,2.04246727608652e-08,-3.23372068021396e-08,1.61687119325434e-16,-1.84990394975815e-08,-2.36877426171732e-10,-5.26055264576939e-17,2.74680781715257e-15,2.82231324930676e-16,6.51030494954976e-08,1.98838399143485e-07,-3.26416166354569e-07,2.17113276661431e-07,1.09856475209586e-07,2.68606184007395e-07,-4.22068517650685e-05,-7.08064516481086e-16,-9.78801179654047e-07,8.93904676628894e-07,-3.69883572876128e-16,-3.45383071304732e-15,-0.118877238997702,1.51112667043906e-10,4.63673176223566e-07,-2.49875983900715e-07,-1.86004696668946e-07,9.30260338361259e-09,4.64363672520107e-16,2.84256616724546e-08,3.2868189223364e-16,7.48205824371684e-08,4.57811140007573e-16,1.13699964436007e-07,4.54411068964114e-17,-7.12424516088688e-08,-9.42723723204788e-08,-3.06540111379468e-09,-3.4894095788887e-08,-1.79813754913154e-07,9.60888879867025e-09,-7.11360052071251e-08,-6.14598605769773e-10,-2.92642494859455e-09,-7.20842089376923e-11,4.27137896221891e-09,-1.66256071370417e-06,-1.25428495155733e-08,-1.43436603119191e-09,-4.19763648927843e-08,-7.58096171371784e-17,0.000495436801560741,-2.11041534805985e-07,5.05203830732986e-09,1.6657981666777e-15,7.49803735669807e-10,2.31685266514863e-08,8.74075690360166e-08,-1.66666802842339e-16,-7.7803623423328e-06,-1.22069682460573e-08,6.41461999532229e-17,-1.66865142426856e-08,3.02558196405287e-07,-9.48624418021382e-17,1.45801665238949e-16,-6.07951400640589e-07,-9.0429279834601e-09,-5.25043786899407e-11,-7.43942831898286e-08,2.06583826659638e-08,2.20174408433085e-06,5.89273508082876e-09,7.58440048476968e-08,-1.33455045607849e-07,-5.34592401979916e-15,3.07431899069287e-09,1.92360011150218e-10,5.34960164193442e-10,5.05200216079344e-08,6.77054059882881e-16,-1.74593988985492e-16,1.6820275232259e-08,3.16286927716129e-16,-9.77131139763427e-17,1.13542802692389e-07,-1.28544396229017e-07,-2.63028452430217e-07,-1.48176942313132e-09,6.81894311205536e-06,4.70572637749598e-08,4.07855092144195e-09,2.09737975898156e-17,1.08101186908505e-08,5.13726541302483e-10,2.37590229525595e-09,-0.000200009211612271,1.03410216709302e-06,-8.01844184935022e-17,2.37582648830993e-17,-1.18045057514065e-17,-8.47525272431511e-09,-4.56251418778788e-08,-2.40149556601831e-08,-1.12344422164652e-16,-1.15789551702362e-06,7.64680350648557e-16,-2.21157570031816e-16,5.47669404255493e-07,-1.20314478199663e-08,-1.85852012626329e-17,-2.99113980361045e-08,-5.59912041944107e-06,-1.91824896193933e-15,4.69432580101968e-08,5.82526730754244e-17,1.27178944197248e-08,6.33632361835949e-17,1.27156071046086e-08,1.10416844337647e-07,3.30400372887533e-05,3.7389075549542e-09,2.58122391159876e-08,-9.05900361688685e-08,3.66105030211954e-08,-1.93274066994183e-16,1.69934952278542e-06,-1.53382341254143e-07,-1.66959158702689e-16,-1.26910207700186e-08,-3.7404712097315e-08,6.06040776877013e-08,2.76957767258763e-16,2.84876190136606e-08,1.34924562665872e-05,-1.7368670272621e-16,-9.38495145922765e-08,-2.08184358798087e-08,-3.92333741166113e-07,-3.62518952996535e-16,3.33218187623556e-16,1.98068727194782e-08,6.09988118899699e-09,4.94088618119484e-10,-5.64146471618125e-08,3.72051154426344e-09,3.29566330386002e-17,8.40441628447137e-17,1.36176530760084e-08,9.38958009386829e-11,1.25712740509297e-16,3.30622223326561e-08,7.47871298729524e-17,1.89518331689238e-07,-6.38855058556241e-09,-3.73424019876193e-09,-2.47949772012547e-08,-1.41298456338183e-14,-7.94039446635802e-17,-3.53467582501697e-17,-1.56936215100633e-15,-7.21308173216839e-07,-4.86211248775758e-08,7.23688643462951e-17,3.73804968270942e-16,-3.98422491554245e-16,1.0938675913381e-07,6.18767769814279e-10,-5.45101753297598e-08,2.44269153068449e-17,3.2548291689782e-16,3.24447150942457e-16,-2.17549209877809e-07,7.35937909706404e-08,1.88679645035795e-16,8.53918052086123e-09,-0.000381680977907258,2.92941982324034e-17,1.71675594094699e-17,-2.03749937128411e-08,-2.09300375242446e-10,-1.02481123657622e-08,-8.86995354335141e-17,1.16613004826522e-08,1.70574260933151e-08,1.83981471770181e-08,-1.68749327555186e-08,-6.0200374909836e-08,5.1423619867914e-09,-1.81705669541303e-16,-2.65236740237866e-15,-3.40330879987875e-16,9.91633543091424e-08,-1.42884845735484e-07,-4.89733338320458e-09,-3.88530007124716e-09,-5.32927307690481e-16,9.25426191472951e-17,-2.60457819908144e-16,2.53511509851113e-16,9.57193322563621e-16,4.8420663101302e-07,3.24896204040647e-17,-2.76802869856561e-16,-3.03637706231623e-09,-2.25144612844708e-16,-2.71852544399575e-09,9.86623976961809e-18,-3.37129934240081e-09,2.49523839227687e-16,-4.10477504135695e-09,-5.14367083724324e-10,-3.25282848386572e-07,-2.52968705236841e-16,1.65795986061615e-08,-7.63692405596297e-17,2.36444671614642e-08,-1.0828668042344e-06,2.31366198812306e-10,-7.21500656593331e-16,3.38665966600765e-08,9.73017324929629e-17,-8.356269380534e-09,-4.7174805918495e-08,-1.52180951982663e-16,2.80602287005274e-17,-3.62820334019359e-16,-1.10230553263267e-17,-1.58856457164403e-10,-2.07031174430475e-09,-4.62723669251761e-10,1.52611576994015e-16,1.98885094877994e-16,-1.73533414983142e-06,2.77155830221858e-07,-8.01757287155725e-17,7.72989620195624e-17,-2.12955339608734e-09,-5.86300055630002e-17,-1.51082244130808e-08,4.28308685453738e-16,1.43090132094139e-07,3.30535393615234e-16,-6.0820297010723e-16,4.70594339527666e-17,2.84647828290286e-16,-3.27485501855487e-16,9.48458698360074e-16,1.91228478108146e-08,-1.33747394105123e-07,1.93255448370832e-16,-1.28658791005176e-08,4.89816622948951e-08,2.80045333607547e-16,-6.30738520155966e-17,1.52863899470148e-15,4.8330500151806e-16,4.84609473430805e-09,7.75630149165921e-10,-7.1161786227734e-16,-1.00117633647054e-16,-8.81567860138835e-09,-3.14509187565058e-08,-1.67835717492686e-07,4.34480466932801e-16,-6.35362191833037e-16,1.14533423180357e-16,-1.91939660375928e-16,1.38745838186036e-15,6.77399704620105e-16,1.86986786047349e-08,-1.76949963255046e-08,-3.40423797705148e-09,-1.56877057073339e-16,1.16429320675176e-15,1.7309036515319e-15,9.0091226263039e-16,3.52523201960849e-16,2.0627159739113e-15,1.27116942184519e-15,9.19527401720517e-16,2.54726502127735e-16,-3.03318681234964e-16,1.99959013682754e-15,1.84136553097872e-17,2.50324587266144e-16,1.94170054662876e-15,1.3002943260131e-08,1.59959922477366e-15,-2.71256546636269e-15,-1.38477891346083e-15,2.92914897482734e-07,-3.21114805769862e-10,2.58076470350194e-15,-4.75544982437829e-09,2.68018864040015e-07,-2.16293557863589e-15,9.98105268644456e-15,-4.70920133521171e-08,-6.11587164600488e-15,6.61465013135278e-09,-0.651195226265699,1.93995562412151e-15,-4.30599900642006e-15,9.5007125116387e-15,5.90269966400854e-10,-8.10662042398908e-08,-2.69887683005718e-15,2.27961205091497e-15,1.12779350207265e-15,2.29536468873413e-15,-6.52087771012218e-17,2.09845647738863e-16,6.58713504104297e-16,-1.08951335305717e-15,6.76509146085859e-09,-4.84118270169861e-16,-1.20574625572712e-16,1.17423939572224e-15,-8.56876712835238e-16,-6.97252726806175e-16,1.40347418718889e-15,-1.93329822830669e-08,1.37034125973456e-16,4.69743057856136e-16,1.4415207143066e-08,2.90162480454836e-17,2.94290233695144e-15,-7.73140718361163e-16,-6.39396829010782e-16,9.1628414043147e-05,1.67995918663355e-16,-8.82242015484045e-09,6.09928043304141e-16,-1.04616245587256e-15,-5.62500002543156e-16,7.28468426891425e-15,-4.85911221411827e-17,3.56857716792079e-16,3.19525101683972e-10,-1.19127028191865e-15,3.11903988031463e-16,1.2442938117872e-08,-3.98836601572023e-08,2.25375678228573e-16,2.79283832206519e-08,4.0898136861286e-09,3.32362132029677e-16,-1.1359518592642e-15,-1.73899400164057e-15,3.27649248097191e-17,-6.77853349490694e-16,-6.84284278943338e-09,-7.69995116179983e-16,-7.86224395235876e-16,-2.75090674904453e-16,2.73555399292385e-09,6.16937453395695e-16,-1.31908254452069e-17,-2.78983884208375e-16,-1.3257592297625e-16,-1.24356369354522e-09,-1.07548687747555e-16,1.30541793753772e-07,-1.16266600843365e-16,-3.17203637064347e-16,-4.16710658272809e-16,-6.27980160583073e-16,2.71802625934861e-16,3.54821630864895e-18,-1.39120823438453e-17,-4.45514777364821e-08,-3.30946396423475e-16,-5.34959351245689e-16,2.9729038890662e-08,-3.16151597080453e-16,-6.75401361906256e-16,4.20361759023747e-16,-5.21323396180402e-16,-1.92527049018164e-16,3.11156195401833e-17,-1.95538827876414e-08,-2.77752718753137e-16,-9.61999841560582e-16,6.37012999575454e-08,-1.22485719424108e-15,-2.39599356495974e-16,-6.26727792326861e-16,-6.7688558321655e-16,6.48682336413693e-16,8.59801532441868e-17,5.34006904836703e-16,3.24272719846326e-16,-2.16695809041198e-17,-6.24043173427415e-16,8.93942521253245e-17,-3.30550585042305e-08,6.88615998516173e-08,2.3069913562179e-16,2.46395027182517e-16,2.83880484138253e-16,7.75146103180161e-16,2.11562348097299e-16,-3.23936824230732e-16,-5.47581271341628e-16,-8.32506512757054e-16,-8.57321003371492e-10,-2.12904086505532e-17,-1.37026329409058e-16,2.75637479422737e-16,-3.65792340569447e-17,1.08816066525441e-09,1.31021205082663e-16,-1.17635921528789e-09,2.11821886654476e-16,-8.28750373178823e-19,9.26009922720827e-16,-1.18109493989918e-16,-5.35475487934706e-16,-1.73990577761334e-15,1.97981509253191e-16,9.99714130871236e-16,-3.98611030511069e-16,-1.09830177145595e-16,-1.40009306907874e-16,6.32819968056511e-17,-4.30167904351463e-16,-3.94722621822225e-16,-2.94761525771759e-17,-4.8857264369025e-16,-2.88521912373462e-17,5.25374280905758e-16,3.05699234606679e-16,4.55089684919981e-16,-1.34494279863866e-15,3.86836031384593e-17,6.84090656257016e-17,4.39222852824276e-16,3.41090243514038e-16,7.57350992095533e-11,-9.34279522374406e-17,-2.78911214527043e-17,-5.54453832559441e-19,2.86805469018985e-16,-2.11504426409724e-17,-4.78392414798538e-16,1.07385223031754e-16,-1.74098182303005e-16,1.72653549588455e-17,1.71337180438635e-16,5.34679794640067e-15,2.75248054911908e-16,-4.06945981990213e-16,1.49218851822176e-16,-1.12302736853697e-15,-8.17848093540554e-16,6.14365176424449e-16,-8.88618607521459e-10,-2.25594247485678e-16,-1.33660240547567e-16,-3.6253328054306e-16,-2.43073965161222e-16,1.66470586921897e-16,-2.47169171852798e-16,6.17976869904379e-17,4.78344787470573e-17,4.88950684199675e-16,1.52783474306056e-10,-7.47555795337829e-16,-1.48285363152366e-17,1.3614014521891e-16,-1.7661567708895e-16,1.72500771339209e-16,-2.06828365201519e-16,1.04827901770085e-16,2.78427515357005e-16,7.72828298116619e-17,7.83913488299856e-17,2.6372621757612e-16,8.72286723490376e-17,-4.94880590600298e-16,3.30052980196095e-10,5.37275230754895e-17,7.22556684303638e-16,1.41575190988331e-16,7.14491224650876e-15,5.62257411242789e-10,-2.5075107860502e-16,3.07488094282616e-17,-9.53016674208932e-16,4.71650811705333e-16,-6.67946819868634e-16,-8.75240081144972e-17,6.65549547768477e-16,-4.19456199234765e-17,1.35552399405647e-15,-2.38505784653641e-16,6.88308668283551e-16,5.06410127074804e-16,5.26614967859318e-16,-1.62492518978825e-17,-1.34515268247729e-15,7.25686933453053e-16,-3.14865855598257e-15
"t248",-0.0307523146805169,0.0068147687703619,-0.00823342727763097,-0.0173065605558086,-0.0158430996058954,0.0212548780968469,-0.161783083054528,-0.0333362656872468,0.000494135511880607,-0.00109146393466015,-0.000334881801520834,0.00891587726824279,-0.0122946857976177,0.00158643511865469,-0.000245736032049496,-0.00423171603808956,-0.000225515358773775,0.000992178273994603,-0.000114124283490791,0.000107650752563212,-0.00312199085598103,0.000683728859709919,-0.000417006297525013,0.00276000392312276,-0.000436994708640445,0.000413628504666503,-0.000631181458512607,0.000713640562439699,-0.0262083559102652,-0.000796432796507107,1.98074123250674e-07,5.98081904857458e-07,-0.000274013766834727,4.07250548648005e-07,1.08378899322618e-07,1.58450847946767e-06,7.54428801288483e-05,-6.57605654584772e-07,-5.80089763042468e-06,-1.88635669266393e-06,-0.00013163367654371,2.07147257757682e-05,-0.000181727283189542,2.11619389388996e-05,-0.00132804028131021,0.00010293790514375,-0.000415860162908788,0.189996945905726,0.000258995422274838,-0.000251289554534449,0.00106325006318193,-8.43789198340292e-05,1.15957631225213e-07,-0.000305044757846145,9.63251302972791e-06,-9.81654583644997e-05,2.52847655822916e-06,-0.000156796264581716,5.27505097481246e-05,-6.72096426435657e-05,-0.0355906691961498,3.36651076152839e-06,-0.000124748853749101,6.68488130791974e-05,-4.64437909666185e-06,0.000101635604764944,-5.11089768486151e-07,1.61026415645901e-05,-4.1554813162562e-05,1.45603330951126e-05,-3.8111581456034e-06,-8.66573033288548e-06,4.3602174259729e-07,3.50322988554213e-05,-1.5499105427679e-05,-2.88750503512006e-08,0.000211116089216515,-3.86849791765895e-06,2.37523049444554e-05,3.36789008689983e-05,-1.35365204469019e-05,-0.000217217489772087,4.61934890728892e-05,0.000349435860920027,-6.69502101695376e-05,-0.0218030799249471,0.294551015081507,-0.000383931772098411,-9.82242980799087e-05,0.0215365615933817,-0.000149148727780603,8.10484294871955e-06,5.17285693960734e-05,-0.00240983620211299,-1.0925077709766e-06,-0.000448981372991961,-3.50740019660339e-05,0.000228075372128273,-0.000252217508218653,-5.94536658509395e-05,-1.15995975920044e-05,5.55981971569886e-06,-1.55208183617542e-05,2.27156289404878e-06,-8.14770403847025e-07,7.42845010114369e-06,-1.76158810324833e-05,3.119884844552e-06,-5.44426038693185e-10,-1.10389680771044e-06,-5.24504870357869e-06,-9.55562220093883e-05,0.0151799281935035,-0.479321092421937,-3.59519805621624e-06,5.57902433706674e-05,-6.98413255324481e-05,6.00148517641444e-05,-6.43180395032085e-05,0.000258392109007839,-0.0712135806365458,2.04730828415495e-05,-3.42290951343899e-05,-9.51039804864056e-05,4.19476772258226e-05,-0.00291536202534367,-4.10463821559233e-05,-8.56671990374222e-06,1.81283033577855e-05,0.000597546670539149,-9.88490756033982e-06,5.44042077217913e-05,-6.48322095998264e-05,-1.29510611897325e-05,5.99598055763518e-06,2.10670057890103e-05,-1.17065077875281e-07,-7.53282343749406e-05,2.22427609786213e-05,-6.38903861479919e-05,-4.04907294235009e-06,-0.000156114135945407,3.03071386440438e-05,1.9325460343069e-06,7.97561082402067e-06,-3.76082784787782e-07,-1.67657654576225e-05,2.44259166953775e-06,1.57855664078087e-07,-3.8091118763901e-07,-7.67047547942114e-05,-1.73681614137399e-06,-4.82493212792063e-05,1.3768470868792e-05,-3.82372261735641e-06,-3.30535962370148e-07,4.93211980806514e-06,-0.000263297086932925,-1.20604037247171e-06,-3.98209849586254e-07,-0.000189715879528838,3.67705799154172e-06,-1.98451728475655e-06,-0.000260959185810781,3.00915740845322e-05,-0.00010654295607775,1.65615307877297e-05,2.84911200607247e-07,1.41925329919868e-05,1.98762300893027e-05,-0.000431920651571201,-0.00831962218220349,4.86021521855249e-06,1.36583965756326e-06,2.39474734794788e-05,5.38114371309913e-07,2.12759268110223e-06,-1.46933661491356e-05,-9.35375934848914e-06,-0.000371330931489644,0.000179113651432132,0.000363386334252926,-8.77125202893497e-06,-2.78285937193231e-07,-1.06149192037935e-06,-1.88840356873104e-06,-3.83999217604225e-05,9.48464283484482e-06,4.27410000153629e-05,-0.000491920087643956,-1.16861195856861e-06,2.27741944543295e-06,9.24432378357998e-06,1.22398537079604e-07,1.67778563468628e-06,-2.59412235301442e-06,-4.89059503481393e-06,-3.39899852808901e-05,3.15275979844404e-06,1.8037544583367e-06,1.83308464830509e-06,0.000371126614906289,-7.92940155726315e-08,-0.000946236271917552,-0.00021660578679523,-0.223471793371048,-4.43376529067517e-05,-0.001221583710158,8.37280732855373e-05,2.00956629330888e-06,0.000138506721891534,-0.000283585440089985,0.000492131786273686,6.46596838492073e-06,5.40967889000677e-06,4.0598860196871e-06,-5.43931486005364e-06,-3.38350775487927e-07,4.42499847648966e-07,1.76584681740926e-06,8.97931705580691e-06,-0.000412233030868713,-7.3254113501131e-07,-3.30175171561661e-06,6.36034312926462e-07,2.92494930221415e-07,2.99948614304605e-06,6.20901600555482e-08,-9.36925891926093e-08,-5.97514089467437e-07,0.00276589873194302,-2.7047012066048e-06,-9.58598033038145e-08,-1.33389836775929e-07,3.11644679595236e-10,-4.36480442702381e-08,-3.57241032496746e-07,-1.60251161550995e-16,-9.26768272280427e-08,9.84610043515129e-06,-4.23312111352327e-07,-0.00568592200884263,3.69127860656573e-07,-4.8227993443517e-07,-7.51376020279423e-08,3.99423426391554e-06,-7.31078918398044e-09,5.70505240389841e-10,-9.89621341681603e-07,1.61903416348119e-06,-5.29526731863937e-08,7.36076368238554e-06,-3.68676055509203e-07,2.19771754033137e-07,-1.49420795160871e-08,5.61886218373784e-07,-5.52175784811579e-07,1.12709172741977e-05,2.83319520671521e-07,-5.53457719345559e-08,1.22626995174794e-06,-2.38516120830035e-07,2.62780213934318e-05,-1.31627383198726e-05,1.32429610138484e-07,-4.51120562905624e-08,5.40260700378913e-08,3.82270443248306e-06,-8.73175666477474e-06,5.74783875978866e-08,2.29939188379608e-08,-4.9984252802559e-08,4.33144303925281e-06,-6.69382312942982e-06,1.15661673418174e-06,-1.57578209634423e-05,1.58797973787218e-05,-8.89194138251784e-07,2.05075397810221e-06,-7.49182697779916e-07,4.07096362312034e-07,-6.42632856769599e-17,-1.0046566118943e-06,-3.44283106313126e-08,-3.20515370917184e-10,-2.7821969649154e-06,4.94435759853479e-08,-3.06386445338813e-08,-9.30564634721661e-07,1.05663588728854e-07,-6.48368255500523e-07,1.69837521324167e-06,6.22220900344285e-08,-5.55354221302073e-08,7.17800126565948e-07,-8.69123031484265e-07,1.94178377058101e-05,-4.19227376180836e-07,6.2778388553334e-06,2.41686209930287e-08,1.30065592865374e-07,9.97805556291185e-07,-8.2415420469886e-06,1.94286443246633e-07,-7.41536011410256e-07,9.93462165510428e-07,-3.60002246428274e-06,2.24401456677304e-07,2.02558217955311e-07,1.5420445719719e-06,-2.59157407019999e-06,-2.07473377498844e-07,1.68382632446798e-06,-1.09750488192104e-06,2.70790974600658e-08,2.5119292578383e-07,-4.84726008801066e-07,1.38694331449657e-17,1.41402289067344e-09,5.94216964857452e-06,-6.94846337357593e-07,3.94405458782396e-07,3.52609367142322e-07,1.02933888486293e-07,2.38463950426083e-07,-3.48249744896681e-06,1.28906723683837e-06,3.14224640661366e-16,-9.78158319565827e-07,-1.19093507268037e-08,-3.32057385051988e-08,1.10424349542976e-06,2.47860187562954e-07,-1.66653448361178e-08,-6.3399172568424e-07,1.68399264689703e-07,-5.53426649744651e-06,1.0402378450457e-06,-2.10371800616983e-07,-3.79470607746695e-07,-2.00329617410824e-08,-2.55676602541905e-08,-3.76153244708491e-07,1.57332338513414e-06,-4.06531057759442e-07,-3.97757357498662e-16,-1.06395103041836e-05,8.33778943315984e-07,1.85135539268907e-08,2.09774577902359e-07,-7.58667580384193e-07,-1.57711320750761e-06,5.57821432135854e-06,-2.02853687858391e-05,-1.41818013024483e-07,-6.05418776264166e-16,-2.64999798781755e-07,-7.39647094395976e-07,-3.59881281980104e-07,1.8201462475102e-16,1.14307644714532e-06,0.0018917706008768,0.000975059113758748,-1.82275614104245e-07,-1.08141532920038e-07,-6.43386996670839e-08,-2.40479747836958e-06,7.1418315975942e-08,7.62185617136487e-07,2.26902406171735e-07,1.61880117201938e-07,2.11762963139161e-06,-6.94557060393435e-18,-8.47319242241548e-07,3.06742259120648e-07,1.98408926111516e-06,-1.99552877975649e-07,7.84032562063906e-17,-1.9213233883022e-07,3.18152341920799e-07,-8.45659839188698e-08,-7.49957879490146e-08,-1.89164551626729e-07,1.80052257924264e-06,-2.6166158709932e-06,3.54695225777421e-07,-5.43851675378201e-17,1.26242354484634e-06,-2.17750085105205e-06,4.65320100419321e-06,1.54329580048505e-06,-1.56768797132765e-07,-1.0507687575168e-09,1.0519255753881e-15,1.64936224477448e-17,-1.00560821208353e-09,-1.1511352311847e-06,1.51619232006986e-07,-1.68248360667555e-07,6.03273574555346e-16,-7.87904546775239e-08,-9.2493412751546e-10,1.34549403090719e-16,-3.21267314796965e-17,-1.234605355617e-16,1.92449237723462e-07,5.66187681527579e-07,-8.11538971179351e-07,4.75682382980547e-07,2.3691749348218e-07,4.83594555607331e-07,-1.45987622494349e-06,-2.48471227473166e-16,-3.15647829881062e-07,0.000149942071925733,1.73064440751822e-16,-2.96526776163849e-16,-5.36155298212651e-07,-4.12769176531041e-11,-4.05661432330007e-07,2.43382029183738e-07,3.94126373454705e-07,-1.63345551888674e-08,-1.57204074864534e-16,-5.48136328180655e-08,2.14218622040482e-16,-1.85710805147077e-07,-1.06799640469413e-15,-4.36001924202156e-07,9.13375825409048e-18,2.67304515279753e-07,0.000226508866678763,2.10874229835251e-08,2.76236873010539e-07,9.5026378667523e-07,-1.4039674590261e-07,6.83334927355944e-07,3.36235162524994e-08,1.6354356819093e-07,1.50098536206586e-08,3.02266951863472e-07,-6.50207623280295e-07,-1.59015483952409e-07,-1.28190140746787e-08,-3.95494032817368e-07,-1.34162901303819e-16,2.82949649584277e-06,-4.83040644522781e-07,4.63104739860766e-08,4.19646194934193e-16,6.07946119448205e-09,1.62705102166932e-07,5.7892895667887e-07,2.96982006100094e-17,-9.72012040980585e-07,-7.3554273461556e-08,-3.95887796737882e-17,-9.66833801057989e-08,1.87726310193454e-06,-3.71808444901253e-17,-4.22306760046181e-17,-5.24856606360187e-08,-4.05519075798291e-08,-2.29874545620849e-10,-3.17019163294845e-07,8.30178618284607e-08,1.69199424233649e-07,2.34544733472029e-08,2.81373331158861e-07,-4.69583773939621e-07,3.45072468252379e-15,6.67245978427753e-09,6.6177707351266e-10,1.81955745432205e-09,1.69519567524858e-07,-3.96384635742357e-17,3.32635110783983e-17,5.54159404239887e-08,1.58419350648813e-16,6.93494975708705e-17,3.34688096527294e-07,-3.71009536791632e-07,-4.80149017023195e-07,-3.93728094341803e-09,1.19197289387317e-05,2.6146726987829e-07,1.17081970316823e-08,-4.15215529618385e-16,2.75758175915832e-08,1.27926201754621e-09,5.85672515864646e-09,-4.05486429764733e-07,1.56304636270101e-06,1.41370170032586e-16,1.3428790652688e-16,2.39758757505598e-16,-1.89787985693732e-08,-6.2275812300772e-08,-5.21342784333502e-08,-1.52593673160046e-16,-4.69393600737696e-08,-4.0319745093724e-17,-2.76600756473931e-17,1.02657654185642e-06,-2.25181457764373e-08,-7.60535860191269e-17,-5.43266004069049e-08,-1.92490927149609e-07,-3.78030374186451e-16,8.09096337246398e-08,-1.1530095418869e-16,2.09487141796172e-08,-6.75071630629892e-17,2.08413868247096e-08,1.80009850165045e-07,4.51349898513912e-08,6.09502120005431e-09,4.15161536542798e-08,-1.8082911481488e-07,5.31754707158592e-08,-4.92825312194328e-17,2.04945424413908e-05,-1.20363512617605e-07,-4.66284324553591e-17,-2.09934437391338e-08,-4.72210118232376e-08,9.74506444564852e-08,-9.08376139648563e-17,3.28988192613226e-08,2.9820296689017e-07,5.48615406303939e-18,-1.05645105221309e-07,-2.31774223650701e-08,-8.11440924640417e-09,-2.15496686255602e-16,4.00497262035432e-17,1.9277576569228e-08,5.68393895690589e-09,4.56196776084906e-10,-6.94722163921087e-06,2.64939447697697e-09,-1.97636322298364e-17,6.91542722725278e-16,9.41981286779092e-09,6.47079848913146e-11,1.30810492815585e-16,2.16417376212207e-08,4.0922987756389e-18,7.39409838727645e-08,-3.67255521877009e-09,-2.13439769896146e-09,-1.38512900477204e-08,-8.59585417244088e-17,2.06018113363998e-17,7.69685630323393e-17,-9.35025887735621e-17,-6.1779818501131e-09,-2.71704465666771e-08,-2.72409130780787e-16,2.24829091079565e-16,3.15947468586506e-17,2.72329607172204e-08,3.0521942644909e-10,-1.16108919647033e-08,3.70615876702397e-16,-2.39271619218584e-16,1.47592390780062e-15,-4.20928822029123e-08,8.70819929078849e-09,4.91723225152581e-18,1.39272569233673e-09,-2.33015269345379e-08,3.56379898888881e-17,6.12314787697118e-17,-1.16939071995913e-09,-1.10206938175062e-11,-1.89919894014276e-10,-1.72723290433965e-16,-4.43059560603003e-10,-1.18166330281941e-09,-2.08229742439752e-09,2.93336769399796e-09,1.14533241298855e-08,-1.47276859097275e-09,3.36683355326821e-18,-5.01761813109599e-16,1.71784368996004e-16,-5.16476712221988e-08,3.63795143075123e-08,2.10031983535632e-09,2.14190126504141e-09,-1.52811557256917e-16,-4.09459691091877e-18,1.68849787961071e-16,-2.19754122540446e-16,9.38768535489192e-16,-8.8550246431183e-08,1.83403477771216e-16,-1.87758228767239e-16,2.24039831011535e-09,-8.6661914595873e-17,2.01370298837344e-09,3.46944695195361e-18,2.51360876871132e-09,7.57641011312059e-17,3.45168106388295e-09,4.44415450860756e-10,3.78859701681692e-07,-3.98043783003095e-18,-1.56516310893163e-08,-1.38205263120963e-16,-2.46752397563041e-08,3.41099398442792e-07,-2.74228109164043e-10,-3.40186912215651e-16,-4.20109633272546e-08,-6.37096601471725e-17,1.11259361576767e-08,6.30245942535252e-08,5.94473067037946e-18,4.39205244189852e-19,-4.26096688632961e-17,-6.88301242082597e-17,2.24496048181988e-10,2.96866756260127e-09,6.74729392272642e-10,-7.92722183342778e-17,4.88668086843954e-17,5.35863823803962e-08,-5.6784446189871e-07,-1.54607354176309e-16,2.32374023873716e-16,3.69844559362562e-09,-2.0063265533856e-17,2.67518200683187e-08,-3.76417602745439e-16,-2.67730414371902e-07,2.04978128110543e-17,7.31721273379861e-17,1.14992950050264e-17,-1.62651240851895e-17,2.53074935068076e-17,9.80104098298548e-16,-5.1607061192399e-08,3.61445861111332e-07,3.49655486735649e-16,2.7862861583251e-08,-1.07701121270543e-07,-1.9845742835427e-16,-1.88630685661933e-18,-1.61990419976928e-16,-4.9449370431141e-16,-1.13668344464095e-08,-1.84657614340136e-09,-4.1939301556655e-17,-4.88630460371533e-17,2.13371240923232e-08,7.62858244417484e-08,8.044755383017e-09,-1.42800904702227e-16,-1.4130699649498e-16,-1.00527883921323e-17,7.99835265815819e-17,1.39344222527186e-16,1.83214012064343e-16,-5.1273761120211e-08,4.90406670005556e-08,9.53467144230034e-09,-5.86804571066764e-17,1.49715687790324e-16,-3.97833565695678e-16,1.94118104641487e-16,-2.82881599428133e-18,3.67879870039553e-17,-1.93174186248373e-16,7.385191480122e-16,-4.95314851956249e-17,-7.48915916868128e-17,1.09556171783309e-16,1.63629562400375e-16,-2.46221701229045e-16,5.7250634591423e-17,-5.61536251522192e-08,-2.62307810225414e-16,-6.58264122337749e-17,8.40915752260452e-17,-6.28862318234864e-07,1.10209182908009e-09,-4.19654563735211e-18,2.11947662635039e-08,-5.96921505925928e-07,-2.77595093269049e-17,1.16108263833981e-16,1.72707735218241e-07,-4.97473615658625e-17,-1.59228526420764e-08,1.02368733019923e-17,2.78395121017312e-16,-7.25545481778307e-17,-4.54998175265607e-16,-2.41674812024094e-09,3.33429594382779e-07,4.6781184385177e-16,2.03697717242947e-16,-1.68433246089976e-16,-1.01602369298363e-15,-5.78010172122131e-16,-1.05172592333308e-16,1.68025561890819e-17,-9.18620639543334e-17,-4.5713829557064e-08,-1.71007198005593e-16,-1.69053621773147e-17,-9.16800655208203e-17,-6.58880726997989e-16,-9.23895288741231e-17,2.37719430333973e-16,1.06367893610364e-07,1.14744833786698e-16,-1.20341652479987e-17,-8.0083388637398e-08,1.04061424440549e-16,5.93361227054735e-16,1.57866106932354e-16,-5.65522224325549e-16,-5.17732527913931e-07,4.36202007823182e-17,5.65239463599519e-08,1.74471616484275e-16,-1.23008831432355e-16,5.35960317753462e-16,-1.40192980015386e-15,-1.78532300313526e-16,3.92282760367081e-16,-2.13260050716506e-09,-5.25772991981097e-15,-4.01000052902424e-16,-1.11144509885923e-07,2.75745514366512e-07,4.23567835358923e-16,-1.98858591888933e-07,-2.93933374543763e-08,-8.58616557303147e-16,2.95899934926732e-16,-3.01961032178524e-16,1.26679369103855e-16,1.683532123134e-16,5.67029306851261e-08,8.93732173776283e-16,9.0644664728393e-17,3.70621716069327e-17,-2.354934743694e-08,-2.61947857236357e-16,-4.05861053299897e-16,9.82455927727198e-17,-1.55436826577876e-17,1.12712162070173e-08,8.96502996918181e-17,-2.37682560254551e-08,8.71962321046577e-17,3.63177903433513e-17,5.27052052870376e-16,-2.89477804180334e-17,-3.18413052542685e-18,-1.42593325415902e-17,3.95048977117687e-16,7.21811211554362e-05,4.08414029081235e-16,4.82597213194113e-17,-1.92305093489369e-07,-1.0787616873142e-15,4.89401281319205e-17,2.25428725218338e-17,-3.53992806226465e-17,-7.62141383621482e-18,5.62893746353239e-18,2.16128514231675e-07,1.0022913464849e-17,-4.1662285110054e-16,-4.5799928330581e-07,2.43389629932561e-16,9.6506991941779e-17,4.83917321455599e-16,6.74480339972009e-17,-4.55626980398869e-16,3.56368196281959e-16,-1.05970179100939e-16,-1.67115131062652e-16,-1.53590391092311e-16,8.6260137440266e-17,-1.28532288101938e-16,2.70548641672995e-07,-0.000146327433907498,-5.03911903815432e-16,-1.52046305967453e-16,1.03422022288496e-16,1.40228632452478e-17,-1.14842743259613e-15,6.56469028828307e-17,-5.4179409386393e-17,-1.66272530440055e-16,1.23551962704556e-08,-8.97662186410605e-17,2.97878246853744e-16,1.01897718923355e-17,-3.91486737064505e-16,-1.69586919963099e-08,-2.32894659191616e-16,2.60475792913039e-08,2.05342742169735e-16,-3.35671009810773e-16,-8.01490173799021e-17,-6.51593764441103e-18,1.34181267988626e-16,4.79022260887426e-17,-3.73946405274804e-17,-1.09793992323544e-16,4.15653812554057e-17,3.2177289633894e-17,-3.16336530179782e-16,-1.15489326334439e-16,4.79975643061469e-17,-9.07494808918855e-17,4.54913222570742e-17,-1.56315306555785e-16,4.9427535698691e-16,-2.15056811511641e-16,1.49914847330155e-16,-3.51627801417951e-17,-1.20280553048333e-15,1.50432608409225e-16,-2.4315093712461e-17,-3.37423358228522e-17,-3.0003401891131e-16,-1.95616967899087e-09,-2.11854150843927e-17,-2.3866985670403e-16,1.5045528478987e-16,-2.89007793087157e-17,4.74412794646719e-17,1.40709327724389e-16,4.01972591378319e-16,-6.27120646228746e-16,-1.90523527339228e-17,-2.21041935268558e-16,-1.09620393726084e-14,-7.22747380302505e-17,-9.60977978783576e-17,1.3326262846738e-16,-4.28564906970874e-16,3.59678715381123e-18,-9.10425152599316e-17,3.35499477011198e-08,-3.58007731297195e-17,8.80022736978788e-17,1.97659798496479e-17,2.69012028201801e-17,1.7753917486192e-16,-8.38155670087152e-18,7.96243303620304e-17,1.36230426093989e-16,5.29237123581145e-17,-1.04019392646913e-08,1.06811265847371e-15,-2.21171255814787e-16,1.01519802997038e-16,2.76982740045349e-16,-1.14590247106712e-16,7.66647275067191e-16,-1.54306065820185e-16,-1.28961441049692e-16,4.69624638971888e-16,-1.03585184508326e-15,-1.83856305262724e-16,2.43616427471575e-16,4.83955003697549e-16,-9.20819405024813e-08,4.65701921350899e-16,-3.01076134909881e-16,-9.66653216480754e-16,-1.99974912267167e-14,4.15072656301579e-07,-1.65903216201551e-16,2.33888182226506e-16,-2.25277079125667e-17,1.11418649704116e-16,-3.7049575699319e-17,-6.45023314541981e-16,5.48872971393748e-16,-2.05602544388525e-16,3.50545650945841e-16,-1.16318954202035e-16,1.34111263863289e-16,2.09937804030856e-18,-1.16443112586465e-16,1.90143160453636e-15,7.71288019882461e-17,3.62414025676326e-17,-4.29611304242371e-16
"t76",-0.0308156942695312,0.00684499338623212,-0.00827117363504292,-0.0174144018958802,-0.0159654850143165,0.021449792362358,-0.163298193336212,-0.0336754851790946,0.000500169556247191,-0.00110798841230346,-0.000341538523709386,0.00914268501746737,-0.0126185055197602,0.00162898563814693,-0.000252678270670731,-0.00435999235963122,-0.000232554245078863,0.00102384638207702,-0.00011787257737663,0.000111577039995478,-0.00324798021646379,0.000719202290163087,-0.000440338487840635,0.00291566508499502,-0.000461776667395096,0.000438680253936558,-0.000670056044832381,0.000758159744945787,-0.0279068842731872,-0.000862617260995886,2.16280983989796e-07,6.57137924221212e-07,-0.000304380921777425,4.56098491797243e-07,1.22565398518414e-07,1.82311954900375e-06,8.7075742100972e-05,-7.62079645091586e-07,-6.73449162532312e-06,-2.1986990068428e-06,-0.000154670451416218,2.45171252676808e-05,-0.000216098726858665,2.51743970956439e-05,-0.00158893816400759,0.000125994882197121,-0.000512837429239541,0.235153188435642,0.000323924281181771,-0.00031805251106158,0.00136865654972513,-0.00010952059715334,1.50695007099854e-07,-0.000400727782056278,1.29422213904067e-05,-0.000132367681486506,3.66853558834556e-06,-0.000232876663124674,7.85734447281342e-05,-0.000106901409755993,-0.0600187377295701,5.86402229907387e-06,-0.000223503665895222,0.000120655831443828,-8.89045699763833e-06,0.000206541897102501,-1.22201182911363e-06,4.2197181236835e-05,-0.000114204629193032,4.40506019376952e-05,-3.1213694148472e-05,0.000105107383624732,-3.68564774223221e-06,-0.000178234308549365,7.49526412677888e-05,1.1890873406344e-07,-0.000819818644556418,1.16341949448774e-05,-4.55446756881578e-05,-5.55375722182365e-05,1.77099289145065e-05,0.000271214352121129,-4.21197961325992e-05,-0.000291959724638596,3.94728538093037e-05,0.0117513814400251,-0.14523274859907,0.000186618820238885,4.75667243813437e-05,-0.0103324171350489,6.9206819014878e-05,-2.76443242801032e-06,-1.71609479249325e-05,0.000663945740245346,2.18873083737175e-07,8.57130423327084e-05,6.68073816215358e-06,-3.84133796646225e-05,4.05729107131153e-05,8.03159278853152e-06,1.35754027720398e-06,-6.42415554495652e-07,1.76772891660751e-06,-1.57236131287524e-07,5.86308699956655e-08,-5.7624535056865e-07,2.05532267566572e-06,-4.95603736959347e-07,2.37668193982423e-07,-4.98743913952486e-08,-1.39396615122138e-07,3.75440091975676e-07,-7.54824347185019e-05,0.00360538331445168,2.36755490542541e-08,-2.3865619488297e-07,2.24972496060867e-07,-2.76346557249842e-08,-1.19553942326058e-07,8.63403148200336e-07,-0.000290194500807867,1.22733249420377e-07,-2.30601340282559e-07,-6.42692550520429e-07,2.86541931361262e-07,-2.07838161614598e-05,-2.92924028986207e-07,-6.04762108120812e-08,9.74511140702573e-08,3.19401720476407e-06,-5.05729225545476e-08,1.49130001739388e-07,-1.41172513667673e-07,-2.26623704396497e-08,-1.01160864853429e-09,-9.59887260270534e-09,6.35325744223233e-10,7.68952218772207e-07,-3.9525898208485e-07,1.15005564689347e-06,7.86107995400229e-08,3.14535237638912e-06,-6.46897209397976e-07,-4.21442455857187e-08,-1.73978766733098e-07,9.48507816413102e-09,5.44277342427781e-07,-9.87348465564725e-08,-6.70825150099125e-09,1.79757084858666e-08,3.64900554572452e-06,8.58191579957612e-08,2.43685386286503e-06,-7.1265323478064e-07,2.43768745291996e-07,2.17320250240704e-08,-3.31313848876614e-07,2.69218190032276e-05,1.3448315349711e-07,4.49788974708685e-08,2.29638338611438e-05,-4.51267274046793e-07,2.64781290405157e-07,3.5162548254908e-05,-4.37807378529773e-06,1.66331931362945e-05,-3.11540766256307e-06,-5.39250061941139e-08,-2.69044030939237e-06,-3.85736218431275e-06,8.61132708712227e-05,0.00166508819499189,-1.02427253469509e-06,-2.92427742558123e-07,-5.30165674228264e-06,-1.20099064684804e-07,-4.76809543281343e-07,3.54497616207056e-06,2.42411411827406e-06,9.73823607218219e-05,-4.75014195151704e-05,-9.95418368453155e-05,2.43217733859073e-06,7.80812596284952e-08,3.01124126259594e-07,5.55306743899389e-07,1.13904666894004e-05,-3.02132735915705e-06,-1.36457102649996e-05,0.000160589831957469,4.03981443566855e-07,-8.21719377132629e-07,-3.38154095032291e-06,-4.56485777387229e-08,-6.34291106912031e-07,1.01637062647813e-06,1.92907570397317e-06,1.35822314371105e-05,-1.26715248749161e-06,-7.44280388530447e-07,-7.56612174695005e-07,-0.000152886757428727,3.22940757848403e-08,0.000354644067530654,8.11314587421563e-05,0.0826015890818189,1.56094432391607e-05,0.000412197963200693,-2.40451373835373e-05,-3.93765753613569e-07,-1.26463708124956e-05,1.47144135146411e-05,8.88136333163912e-05,2.32276616039673e-06,1.97206863198864e-06,2.18323732525441e-06,-6.30974623436551e-06,-4.46538093300147e-07,1.11315452932451e-06,6.84061960763537e-06,4.04575541890258e-05,-0.00358595062999593,-7.56074464535449e-06,-4.15231760709275e-05,1.62656921274918e-05,8.9137073300587e-06,9.56657287118316e-05,1.01955043224017e-05,2.38907351688559e-05,5.23564587448671e-05,-0.201788492806674,0.000175780105638834,5.89308203132982e-06,8.14750627768385e-06,-5.03414479182106e-08,1.40219033789786e-06,1.49704376899192e-05,7.97678820110581e-15,4.68324639906057e-06,-0.000517967106411692,3.25064111501973e-05,0.746267660975716,-0.000135967272296435,0.000200187976736229,-9.92517349127436e-06,0.000427996911693985,-7.20213536068643e-07,4.04096745219888e-08,-5.87471791081034e-05,7.39110211088291e-05,-2.19026167354639e-06,0.000293050800266894,-1.21651502444144e-05,4.19304143753877e-06,-2.47910877740036e-07,8.41215797584863e-06,-6.83122018231701e-06,0.000137751338236408,3.09793063712055e-06,-5.71851867917639e-07,1.17581195230945e-05,-2.2359444902083e-06,0.000240737038005355,-0.0001169213956745,1.12615270929712e-06,-3.81777175973621e-07,4.13627874862665e-07,2.92041544986214e-05,-6.65474933917086e-05,4.27297999498233e-07,1.69398457574786e-07,-3.58048446857576e-07,3.0869238800955e-05,-4.11530967941269e-05,7.00876163921745e-06,-9.4421220042414e-05,9.2796486306804e-05,-5.09650878024437e-06,1.1274931439578e-05,-4.07150520430464e-06,2.1925521827533e-06,1.90646396241453e-16,-5.2510804681787e-06,-1.79258875717181e-07,-1.64839692764741e-09,-1.39115775950369e-05,2.41582806786186e-07,-1.48117677954984e-07,-4.47539881906131e-06,4.77291471795829e-07,-2.91763929437421e-06,7.63484786441251e-06,2.75018247322778e-07,-2.34632130434372e-07,3.010273508094e-06,-3.62641645028134e-06,7.97048108960417e-05,-1.62454281442119e-06,2.37965952220389e-05,9.14983536396216e-08,4.92223560184772e-07,3.59287529506379e-06,-2.82182489098607e-05,6.61279269094717e-07,-2.50253717505873e-06,3.31926090063237e-06,-1.19917891934703e-05,7.29674290390027e-07,6.57503006650215e-07,4.98966176112982e-06,-8.36772030735047e-06,-6.65268914366588e-07,5.35908943258558e-06,-3.46961397235924e-06,8.5360714426069e-08,7.88028193702382e-07,-1.50560460723189e-06,2.19108052720281e-16,4.17008162759844e-09,1.74474547133984e-05,-2.02743899158366e-06,1.15059729152174e-06,1.02846950636717e-06,2.99785625982661e-07,6.92598533835432e-07,-1.00825293806197e-05,3.7092369873467e-06,3.55000003773277e-16,-2.77961277480755e-06,-3.37954032793041e-08,-9.39591701624188e-08,3.12354326385756e-06,6.9673027127643e-07,-4.67068803432474e-08,-1.77053035938211e-06,4.69352848426848e-07,-1.53813543068134e-05,2.88957145218099e-06,-5.84891857615769e-07,-1.05608414497116e-06,-5.5798206300629e-08,-7.13468041145401e-08,-1.04991053682712e-06,4.39895185304635e-06,-1.13840711340831e-06,1.02698192368368e-16,-3.03740546621893e-05,2.39518883191847e-06,5.31872288233644e-08,6.17307240321929e-07,-2.242936961779e-06,-5.12689158091408e-06,1.90610612986758e-05,-7.01522287838085e-05,-5.17771223238743e-07,-7.23896851672606e-16,-1.05456062086222e-06,-3.06957099415431e-06,-1.91229995571787e-06,1.85987016421841e-15,1.38259060323756e-05,0.0440114675823388,0.0522223798483874,4.29146290291628e-06,5.46238625717043e-07,1.60142493729055e-07,3.52730630235621e-06,-1.25785991644757e-09,6.28205013763466e-08,1.18632352772945e-07,1.5760663123022e-07,2.0968803443732e-06,-1.09838655895349e-16,-1.18711638405359e-06,4.43149871655339e-07,3.02529051968872e-06,-3.2241652718637e-07,-4.46727895849992e-17,-3.34031338650522e-07,5.77474399867751e-07,-1.55425039876243e-07,-1.38506929227668e-07,-3.51166792917333e-07,3.36921661916316e-06,-4.94315589562684e-06,6.7847500732354e-07,-1.69386033188353e-16,2.42423560747187e-06,-4.18209371473608e-06,8.93906853097906e-06,2.96531281985719e-06,-3.01220367556393e-07,-2.01902166409526e-09,5.31764531014383e-16,-9.27127755992192e-17,-1.93207898574614e-09,-2.21096925124438e-06,2.91197316654342e-07,-3.22985388523193e-07,1.53265207478671e-15,-1.51042636132213e-07,-1.77179189893115e-09,-3.26998010605857e-16,1.94558763945475e-16,1.81790292341927e-16,3.67679508403187e-07,1.08132929895579e-06,-1.54797001123058e-06,9.06371885398999e-07,4.51369658494213e-07,9.20299444711318e-07,-2.77784762292837e-06,-2.45043586534809e-16,-5.99342985431656e-07,0.00028451695595444,-1.20203112622531e-16,-3.06449828637605e-16,-1.01562798488994e-06,-7.81879234487542e-11,-7.68758853883538e-07,4.61584908892284e-07,7.50215800078518e-07,-3.1126108084991e-08,-3.53492223614769e-16,-1.04642886216144e-07,-2.56525313061031e-17,-3.58044943216954e-07,1.46362233694925e-15,-8.56943051274311e-07,2.70372244705967e-16,6.51825244840936e-07,0.00528859493203976,3.8283541152328e-08,5.0340176709216e-07,1.73373016973327e-06,-2.57011198106648e-07,1.2529021274636e-06,6.17419426616007e-08,3.00312170841879e-07,2.75658191832635e-08,5.55119939406049e-07,-1.1937578960826e-06,-2.9182126263763e-07,-2.35154384763256e-08,-7.25341534899489e-07,-2.45409273679794e-17,5.18550557212048e-06,-8.84571827613844e-07,8.4611689213592e-08,6.03431046381157e-16,1.10999998098449e-08,2.96769578090479e-07,1.0554987383265e-06,4.65940021515053e-17,-1.7717769993406e-06,-1.33959266940761e-07,-1.67929376200471e-16,-1.76009544406283e-07,3.40937465532347e-06,-4.67455227678086e-17,-2.76359259866918e-17,-9.52384649198274e-08,-7.35783251741455e-08,-4.16943306670958e-10,-5.74771051411624e-07,1.50383130296023e-07,3.06474647301546e-07,4.24792192305688e-08,5.09059975957427e-07,-8.48892833836155e-07,1.09466149054594e-15,1.2058767408505e-08,1.19593674653748e-09,3.28768865894585e-09,3.06239355763433e-07,3.64437069206707e-16,1.19642661143146e-16,1.00084121605403e-07,1.41439109626906e-16,-8.29209240528314e-17,6.0364959572307e-07,-6.69034783320404e-07,-8.65840773566094e-07,-7.09746972376283e-09,2.14859681787792e-05,4.71304925081981e-07,2.11032860972119e-08,6.79066922926055e-17,4.96818798123506e-08,2.30465567756834e-09,1.05510351344295e-08,-7.30459615397503e-07,2.81580406216666e-06,1.71323100494914e-16,3.80356397350861e-17,5.59547410783806e-16,-3.42004764585053e-08,-1.1225017504662e-07,-9.39723628835097e-08,2.10006684152098e-16,-8.46341673367039e-08,-2.96609811883752e-16,4.07595179228969e-18,1.85507853201697e-06,-4.06930344701168e-08,-4.71896786068758e-16,-9.82532780204485e-08,-3.48312759513485e-07,1.19839633498196e-15,1.46579792676142e-07,6.04820947466093e-17,3.80152852432442e-08,-1.28052087855208e-16,3.78267440206e-08,3.26756868670541e-07,8.19418891453463e-08,1.10677312577094e-08,7.542419846126e-08,-3.29177231706763e-07,9.71209921553257e-08,-1.58567839570819e-16,3.76247597357487e-05,-2.21106705036514e-07,-1.21429454312288e-17,-3.85978570450535e-08,-8.69614021440778e-08,1.79744786729675e-07,1.59885747910667e-16,6.10492147814697e-08,5.54108481393814e-07,5.14367405111744e-17,-1.96672098415685e-07,-4.31890661774657e-08,-1.51776224220646e-08,-5.07621464104322e-17,8.70278543241696e-17,3.64389567267198e-08,1.08008863281463e-08,8.6788637675159e-10,-1.3642122456717e-05,5.23821993669032e-09,-2.07286423158928e-17,-2.46122693912465e-16,1.87189871833372e-08,1.28673029456129e-10,-1.82197711095503e-16,4.34404062532923e-08,7.42125274443791e-17,1.49922180556259e-07,-7.56476503196127e-09,-4.40180577861727e-09,-2.87066181913288e-08,-4.14431677683692e-16,-7.24367211413656e-17,3.35781890524939e-17,-1.16080452991539e-16,-1.35519755571707e-08,-5.99569498270461e-08,-1.402108235965e-16,2.5238935905778e-16,-9.91041565724243e-18,6.15412173157832e-08,6.97740507480322e-10,-2.75176388137347e-08,3.44234604065358e-16,1.3230855315604e-16,2.81847570753017e-16,-1.23756972932923e-07,2.59125439427735e-08,4.88608640614289e-18,4.97265447332951e-09,-9.2947616027076e-08,6.4216728399038e-17,1.16884141387006e-16,-7.48170134393743e-09,-7.51679143356364e-11,-3.10423537897399e-09,-4.4032658997886e-16,2.47949949304962e-09,2.78485012287124e-09,1.7360705572341e-09,5.37860695241392e-12,1.5578210639887e-09,-4.9234598240084e-10,4.26870954394697e-16,7.31542588984855e-16,-6.1512146812827e-18,-4.53855984576153e-08,3.2136643617678e-08,1.9311392526484e-09,2.25966164527036e-09,1.89012265762728e-16,-7.58747966317903e-19,7.62293666380952e-17,-3.90367491249825e-17,1.72921886259501e-16,-1.01440829213142e-07,-2.17752541392277e-17,-2.78373236624969e-16,2.62665469773837e-09,2.71795851492119e-17,2.3635485497627e-09,5.26922255827955e-17,2.95586476594471e-09,5.63156114467304e-17,4.18980986403295e-09,5.42936009231058e-10,4.67104793224667e-07,-1.58421337704556e-17,-1.94963170842742e-08,-7.44675427088444e-17,-3.13340325168341e-08,4.41866368730194e-07,-3.55510728284439e-10,4.16293167906411e-16,-5.48297678453793e-08,-4.45238110292573e-17,1.46582030477767e-08,8.30692270950431e-08,-1.80626145862292e-16,-1.65091910552039e-17,-3.46646692571081e-17,5.45763756679318e-17,2.97908305911548e-10,3.94601919050554e-09,8.98548507087528e-10,3.07892419454234e-17,6.0620660785841e-17,7.19457296083404e-08,-7.62648808943649e-07,5.40645813949087e-17,7.93857242972104e-17,5.00947128386978e-09,-3.67662677181541e-17,3.62931840513382e-08,1.62681497717316e-16,-3.64791879654766e-07,7.59262088034538e-17,1.26447810739956e-17,-5.33375076265318e-17,2.13274842964913e-16,1.52935054235494e-16,-1.42134816733113e-16,-7.08395085154335e-08,4.96189066201773e-07,1.63818148494539e-17,3.83346471656945e-08,-1.48308745804645e-07,3.16315303392963e-18,3.8800500902864e-17,2.251482853003e-16,9.53142173881244e-16,-1.57070416624718e-08,-2.55355462284822e-09,1.874233409409e-16,-2.42632932314889e-17,2.95298908422261e-08,1.05587909293926e-07,1.11386235363472e-08,8.13656724539778e-17,-8.06865117439679e-17,7.36554040310905e-17,3.51354034695661e-16,3.0517530822927e-16,4.01630758328549e-16,-7.13386323309226e-08,6.82585857176871e-08,1.32761681902624e-08,-4.45347657413006e-17,6.71784682999113e-17,5.01161418342667e-16,1.83608446967016e-16,2.47312217779193e-17,2.32687248997089e-16,-3.73947344086827e-16,-5.61051533270289e-16,5.37811665937101e-17,1.03747551431526e-16,4.54203646671488e-17,6.3727190559862e-16,-1.16719244452348e-16,-1.45344245478459e-16,-7.85983519448435e-08,-3.14137269705769e-16,-6.77332576653177e-16,5.85395389914142e-17,-8.8069706619213e-07,1.54362281767623e-09,-1.20945687837321e-16,2.96882188894819e-08,-8.36638280776079e-07,-2.92112403067969e-16,-1.29350475367787e-16,2.42234557416634e-07,-6.88504202620076e-17,-2.23501263061294e-08,2.28475374685619e-16,-2.54607345529627e-17,-4.8804284402159e-17,-1.30200330968959e-16,-3.39579587011186e-09,4.68534776203382e-07,-3.29952648723838e-16,-1.21280490557234e-16,-9.01046376377958e-17,-1.06348908958295e-15,-5.1365968142703e-16,-2.49673818617674e-18,2.57495613166888e-16,1.03910428348872e-17,-6.43782045980619e-08,-3.35605384653673e-17,2.72809115564914e-17,1.99041168198625e-17,1.50502717625598e-16,-3.39216363458879e-17,2.68099979089551e-16,1.49832149259675e-07,1.52183431573561e-16,-1.39150956020274e-17,-1.12811273981057e-07,2.22750923546769e-16,-5.72118903406254e-16,-1.53645236179355e-16,-1.48344629576081e-16,-7.29501176552795e-07,2.79864079814916e-16,7.96451848922656e-08,-1.34548091525046e-16,-1.12197359462638e-16,6.36284655134758e-16,3.90286439456727e-16,9.99432211982639e-17,-2.63109146514836e-17,-3.00495595189362e-09,2.44842595380087e-15,1.23413350360496e-16,-1.5660582713194e-07,3.88532798244732e-07,1.23679225561127e-16,-2.8018756986172e-07,-4.141403385145e-08,-4.80549764367534e-16,-3.58280142892861e-16,-3.9559007700937e-16,-7.93403764657235e-17,-6.58357681627844e-16,7.98641926729631e-08,-9.61051915543368e-17,-6.89251194212956e-16,8.86560579633116e-17,-3.31640701063322e-08,3.44210456303296e-16,7.4493425172106e-16,-1.09581035946875e-17,-1.81540195058443e-17,1.58698481477077e-08,7.86643882124258e-17,-3.34634009791877e-08,1.39850940700691e-16,7.04639923327948e-17,-1.69948575975235e-16,-3.56461815599252e-17,3.38664813304571e-17,-2.17416163142731e-16,1.20022432731691e-16,0.000101583644799197,4.25932693572478e-16,2.44587471797464e-16,-2.70609893658718e-07,-7.07086009895974e-16,6.8609943579635e-17,-2.01795856653001e-16,-3.83011480156983e-17,9.60650270773353e-17,4.78674281077556e-17,3.04022311152333e-07,2.53863034672658e-17,4.58801175054429e-16,-6.44141885250148e-07,-3.35201231055263e-16,1.97894245403151e-17,-3.01084352765708e-16,-1.21712965955423e-16,2.33813489871327e-16,-1.66482240623497e-15,-4.57594951272327e-17,3.97890468430232e-17,2.69172367690717e-18,2.16410862849156e-16,1.7864187260559e-16,3.80235755364903e-07,-0.00020563335804212,1.20012288317608e-15,-1.52052862667575e-16,-3.30637277311595e-17,1.38541040986039e-17,3.13449893961137e-15,-3.41833874715414e-17,-1.06476458513407e-16,9.71339566396679e-17,1.73540590733633e-08,8.23613567686809e-17,1.00403597333511e-16,-2.66285647291462e-17,4.02264551947016e-16,-2.38094234588111e-08,-9.87088819688458e-17,3.65504422631508e-08,-3.74146337709552e-16,-3.21290484857525e-17,-1.43620027634964e-16,-5.15513118444564e-17,8.17933359035494e-17,3.1154338290866e-16,2.38824768690271e-17,5.10095732630529e-17,1.77546688377992e-17,2.50636335297218e-17,-4.56206943863248e-16,3.55211355390264e-17,1.67643114642137e-16,-7.96917794821196e-17,2.7293753703655e-17,-4.50395654582127e-16,6.37634672436842e-16,3.36092120102539e-16,2.67712534735087e-16,1.41830024140274e-16,-6.77491108667273e-16,9.13097007103403e-17,3.50219302173286e-16,-1.19983883530363e-16,-1.9765924742217e-16,-2.73896024417387e-09,-1.45531295597536e-16,5.48046100730077e-16,1.46830506275918e-16,3.72280685986091e-17,-1.99957849970161e-16,3.8053038164766e-17,-1.01406372835306e-16,-8.48153490926736e-17,1.25123828376635e-16,-6.95498311543479e-17,-9.7066506697634e-15,-2.61239584204708e-16,-1.38089587378958e-16,-4.01355170408225e-18,4.63879676330242e-16,2.54686487195359e-17,-2.42013639439654e-16,4.68985598592899e-08,-9.61740017497101e-17,-5.91505436331764e-17,-1.42273668773684e-16,-2.77296994442305e-17,3.08356266282915e-16,-1.04765837771594e-16,7.1389117461301e-17,-4.66576805501484e-16,-3.38583755483625e-16,-1.45143090260564e-08,2.28930129729162e-15,1.09924526907519e-17,-2.32221798673872e-16,1.04294419963649e-16,-3.67916769396175e-17,9.46723494132753e-16,-3.15785652148334e-16,-8.55951647831827e-17,-1.96250212609454e-17,9.51292961260131e-16,3.57255977489986e-16,2.02508560315651e-16,8.91907374793868e-17,-1.28239552337556e-07,2.03071464414004e-16,1.90461904168799e-18,-4.05381607420029e-18,-1.72146668514433e-14,5.77522725149345e-07,-3.1824536458708e-16,5.26802950977177e-16,-1.21050004050298e-16,7.04647671224402e-17,-6.95756408738841e-17,4.78033387081983e-17,-1.61561480814816e-15,-9.14251388562251e-16,6.17412308866735e-17,1.73827416238035e-16,1.20388118848814e-15,-6.31409588242353e-16,3.30425376638151e-16,-4.24956471531827e-15,1.98525983432775e-16,-8.16860469196005e-16,2.29910096560001e-15
"t762",-0.027738510039238,0.00532229071568878,-0.0063650366332554,-0.0118234855016102,-0.00946448902319435,0.0108453217580951,-0.0805984652832683,-0.0149054654471418,0.000154442999063541,-0.000110927014040917,9.70542036235809e-05,-0.00755059643917529,0.0116658308337484,-0.00159464009595097,0.000289556178249327,0.00612223995602654,0.000354343349763723,-0.00165920547358815,0.000206528767902168,-0.000258925302751803,0.00987241620611803,-0.00446244185359798,0.00348196068477154,-0.023681503259983,0.00382128249785666,-0.0045887664950478,0.00746880152450929,-0.00888116993438018,0.381723882359108,0.0554808214182217,-0.000109218775566646,0.000151482626553911,-0.0368445458427133,7.90243190493883e-05,-3.81004568717535e-05,-4.79406954351195e-05,-0.00182968646503084,1.23221729342483e-05,9.77491032022228e-05,2.53962186573275e-05,0.0011694412145674,-0.000129536540996064,0.000908152298427102,-0.000103774343479566,0.00493103854329747,-9.21442320525721e-05,0.000140599052959252,-0.0205273274101051,0.000116143855320254,-0.000234951556685219,0.00153920531313454,-0.000138918888550437,1.94075697269795e-07,-0.00057648482778238,2.16085997114124e-05,-0.000224813964481599,7.40265882808585e-06,-0.000477635003147993,0.000161343715222753,-0.000211814899352438,-0.00150265978445229,1.95709096884789e-05,-0.000625009890854296,0.000330743444578203,-2.26430467814864e-05,0.000510974121789178,-2.90186876708967e-06,9.85366307755075e-05,-0.000264566642971882,0.000100532655440539,-6.45336724846838e-05,0.000194938066673416,-6.6983259465251e-06,-0.000309476819305957,0.000129351399307204,2.00787930318683e-07,-0.00137194258830951,1.85742481840352e-05,-6.39859619101148e-05,-7.33112140362844e-05,2.06190613815773e-05,0.000306095509736503,-3.56280069538738e-05,-0.000219697349066655,1.20252790495897e-05,0.00197333489555693,-0.00332692235026871,-2.31953163424556e-07,-3.60550638042724e-07,0.000243428664755144,-5.64075392887012e-06,1.88240617749712e-06,1.27114035293528e-05,-0.000772618723916853,-4.29031592109125e-07,-0.000178648421570527,-1.39631187790593e-05,9.2290181494438e-05,-0.000102070863178168,-2.33504718873348e-05,-4.26413835239135e-06,2.02726487260342e-06,-5.60475062175448e-06,-4.26946022026356e-07,2.89860718127834e-07,-4.20915541818454e-06,2.84361259043046e-05,-8.19930603428172e-06,5.4783708258168e-06,-2.075906760251e-06,-7.39295905395576e-06,-2.50179829232403e-05,0.000399493753113394,-0.000643151110929738,3.74015565123084e-07,-1.84455249787933e-05,3.03241841145542e-05,-4.33664955115462e-05,5.98934244133975e-05,-0.000197101531439075,0.00749993522476466,-0.000360111990451983,0.000671962371689466,0.00191127473404217,-0.000930728588205982,0.485846066685985,0.0156309692088184,-0.000273024205805392,0.000161405403632433,0.0052843661565909,-8.33803743935271e-05,0.000343118512193159,-0.00039187932503775,-7.60710157787312e-05,3.17992102146713e-05,0.000110337397523895,-5.25109869327023e-07,-0.000308690584862718,8.30476081965004e-05,-0.000238010156349575,-1.48848762523081e-05,-0.000570152729236629,0.000109561856780835,6.95972926278631e-06,2.87213257765746e-05,-1.31983793759819e-06,-5.6255217214716e-05,7.88477544616164e-06,5.0511777419671e-07,-1.19680207374751e-06,-0.000240665948263545,-5.41362019033825e-06,-0.000149823108683858,4.25726770831457e-05,-1.14069914577752e-05,-9.80867663521276e-07,1.45823999290139e-05,-0.000723731823555078,-3.26310310800098e-06,-1.07483456009405e-06,-0.000505395934800114,9.76931063269574e-06,-5.1844907104477e-06,-0.000680342012953919,7.71354078374847e-05,-0.000268391104274568,3.8216566659792e-05,6.52089734542708e-07,3.2407455135308e-05,4.28663753189101e-05,-0.000520635469738032,-0.000930127819719298,1.26145161105719e-05,3.45959372766619e-06,5.88190132687754e-05,1.31443303920188e-06,5.18326054815134e-06,-3.44589042330057e-05,-2.12427313865894e-05,-0.000838765000915655,0.000402503493054641,0.000804151555761808,-1.92940832415981e-05,-6.08520231267025e-07,-2.30802504058971e-06,-4.0265137463002e-06,-8.14695686077568e-05,1.9213096183171e-05,8.64386991362416e-05,-0.000978020498398378,-2.20555786916297e-06,4.08740569410056e-06,1.6275559339771e-05,2.08985749726341e-07,2.79483617829384e-06,-3.9709810350414e-06,-7.33121430562321e-06,-4.85610138717929e-05,4.38775010777968e-06,1.91217254733916e-06,1.91031766681902e-06,0.000322437612448838,-5.35551593456476e-08,-8.43318769898526e-05,-1.86128654977227e-05,-0.00466053209164132,8.52650819641751e-06,0.000432594428280226,-7.10900454325204e-05,-3.27844858566602e-06,-0.000339414447307344,0.000779398708306403,-0.00219451840712385,-3.7310146307482e-05,-3.14274662449369e-05,-2.88374890119218e-05,6.5831082668526e-05,4.56893722951238e-06,-1.15774442148067e-05,-8.41979429706004e-05,-0.000556390710899419,0.301961087916715,-0.000700422379843544,-0.00102176862460666,9.13471749918135e-05,4.08702279350623e-05,0.000418152472396539,1.67237448252479e-05,2.03559910326483e-05,1.29721691567668e-05,-0.00230188472621873,-4.20983894173343e-05,-3.03577785026182e-06,-4.96080140067392e-06,2.10216975202392e-07,3.92094581407753e-06,1.35660741461945e-05,-1.0225597708666e-15,1.67873813344111e-06,-0.000157035678101584,2.61293377688362e-06,0.00036056487752082,5.05748408478556e-06,-7.78580946773158e-06,6.88669746330977e-07,-3.05043964214042e-05,5.17835730034538e-08,-2.95105526832057e-09,4.24415692463397e-06,-5.03709705278566e-06,1.43231134662402e-07,-1.87872114300256e-05,6.77808635078207e-07,-1.39823952136443e-08,-4.79109367482996e-09,3.2932172253654e-07,-5.74684460217367e-07,1.20385254208224e-05,3.70896123262522e-07,-7.88948381705897e-08,1.92854393174746e-06,-3.85391945463375e-07,4.35962715231955e-05,-2.25873538930076e-05,2.37643559024575e-07,-8.13383620574986e-08,1.06653007821466e-07,7.55993144361085e-06,-1.73027823993818e-05,1.16227814573278e-07,4.68311829557693e-08,-1.04029971751569e-07,9.04952181490359e-06,-1.54563587683662e-05,2.69415367849258e-06,-3.69516367102357e-05,3.77846861735666e-05,-2.13906903792404e-06,5.04650510000261e-06,-1.85490060005236e-06,1.01267652219062e-06,2.08143822317633e-16,-2.53762931736215e-06,-8.71282925212484e-08,-8.16100437180716e-10,-7.18136732286155e-06,1.29020902644236e-07,-8.03452557910404e-08,-2.44609120504852e-06,2.85607301811682e-07,-1.75540515142704e-06,4.6002366228351e-06,1.69759343878972e-07,-1.54396018867086e-07,2.00163706775142e-06,-2.42863432041349e-06,5.4621132189468e-05,-1.20649927685709e-06,1.82231624019596e-05,7.01902292879493e-08,3.77789572768859e-07,2.95459344805352e-06,-2.4885988818973e-05,5.88030539684901e-07,-2.2518693720117e-06,3.02891457928104e-06,-1.09891021656591e-05,6.91665018203259e-07,6.24780905233923e-07,4.76251009979107e-06,-8.01094810758983e-06,-6.43164845192745e-07,5.23606992024283e-06,-3.42248417152517e-06,8.45471326654589e-08,7.85891662577141e-07,-1.52306204201067e-06,3.83394554967753e-17,4.55209914455617e-09,1.91726590297141e-05,-2.24943998003872e-06,1.27694159299797e-06,1.14173889001982e-06,3.33566290415761e-07,7.73934315034801e-07,-1.13226342795491e-05,4.20614539425886e-06,-2.07123940857933e-16,-3.21712283487667e-06,-3.92070770717508e-08,-1.09541010882318e-07,3.64362382261013e-06,8.2189894462519e-07,-5.54086969941783e-08,-2.11561209538159e-06,5.6332273088433e-07,-1.86076360457215e-05,3.51298771304277e-06,-7.12324984428846e-07,-1.28672193494994e-06,-6.79864318561644e-08,-8.68963318333523e-08,-1.27862433991172e-06,5.35328712490947e-06,-1.38424199042627e-06,-2.30424273677359e-16,-3.63827503491611e-05,2.8527268584161e-06,6.33433514491933e-08,7.18107988585031e-07,-2.59686286576832e-06,-5.35500763418231e-06,1.88106836630022e-05,-6.82804877473335e-05,-4.73068854726324e-07,-9.25358926493655e-17,-8.69426905923817e-07,-2.40488826122672e-06,-1.09534358401359e-06,4.44472389343195e-16,2.10114118001062e-06,0.000188417628593133,-2.87159295259806e-05,-1.63631780377397e-06,-5.49421805888288e-07,-2.94137752772917e-07,-1.0514863998773e-05,2.92588550686121e-07,3.10844214614094e-06,9.07255244686882e-07,6.34771051928146e-07,8.29803899538513e-06,5.80557457861604e-17,-3.27008103671655e-06,1.18231781929707e-06,7.63241080159501e-06,-7.66528124803103e-07,2.49930380688621e-17,-7.38491665621106e-07,1.22769611920887e-06,-3.2710915883266e-07,-2.90442198807767e-07,-7.33705519340469e-07,7.004461182113e-06,-1.02322918032098e-05,1.40677333345719e-06,1.6240223276959e-17,5.07460756741847e-06,-8.76347626372042e-06,1.87742509763428e-05,6.24867284509212e-06,-6.34915675825094e-07,-4.25988551344159e-09,-3.72748852480233e-16,-2.43648964679289e-16,-4.10052808152737e-09,-4.71795920412458e-06,6.21812805536781e-07,-6.93208421884045e-07,2.47776375392803e-15,-3.27969932605727e-07,-3.86782259675696e-09,-2.70741610823763e-16,6.31182913456903e-17,8.67437036879985e-17,8.16543697228744e-07,2.40675551465131e-06,-3.47192497394904e-06,2.04611047145418e-06,1.019723909938e-06,2.09322632573474e-06,-6.32304122969747e-06,-4.71064067469734e-16,-1.37764210905241e-06,3.51297250065072e-05,-1.52997465290999e-16,-8.42801954742822e-17,-2.41123936238955e-06,-1.8636177695476e-10,-1.84143984198311e-06,1.10884320646997e-06,1.80813678412541e-06,-7.50199927670717e-08,-1.31863643854722e-15,-2.52112192680676e-07,-7.25559296304337e-17,-8.57454613793799e-07,-1.20529408434648e-15,-2.01665643764782e-06,-7.84140297851176e-17,1.21484900306949e-06,1.52565925458328e-05,9.99506274981275e-08,1.31233908180221e-06,4.51901490470257e-06,-6.70687906128926e-07,3.2776467652297e-06,1.62852069302802e-07,7.92175934691912e-07,7.29268013364227e-08,1.47688622183603e-06,-3.20128942111362e-06,-7.880184229264e-07,-6.38551242120258e-08,-1.97511374378467e-06,2.15784297347942e-16,1.42439501786197e-05,-2.4506716563986e-06,2.40310036861688e-07,1.4343888349563e-15,3.17581085326218e-08,8.58650901817659e-07,3.06867058360694e-06,1.25021075274572e-17,-5.16397656124689e-06,-3.94341378984213e-07,3.23212114264785e-17,-5.20693191518111e-07,1.03961954208735e-05,8.3651197010093e-17,-2.18321347615609e-17,-2.93954477254111e-07,-2.2734950334544e-07,-1.29497260475892e-09,-1.79607962391314e-06,4.7652582746675e-07,9.72321665720316e-07,1.35002037455802e-07,1.6488649315645e-06,-2.7935011052272e-06,-1.86692855842357e-15,3.99241745356829e-08,3.96366001830447e-09,1.09365806592206e-08,1.02326928138911e-06,-3.22507889906216e-17,-7.00418658561287e-18,3.36486537666572e-07,2.17323590747061e-16,-2.31818134571406e-16,2.11217264645116e-06,-2.35771247950683e-06,-3.05172619261198e-06,-2.54154559918101e-08,7.71070906646094e-05,1.69216979745824e-06,7.59982706877828e-08,2.51683118894504e-16,1.84924143086638e-07,8.64099087604132e-09,3.96556426523717e-08,-2.77915406927695e-06,1.09623688623258e-05,-1.84140740784385e-16,1.59255106230514e-16,2.10160097822436e-15,-1.37875291742562e-07,-4.59744081884646e-07,-3.85355131116659e-07,-2.81997818948557e-16,-3.52589939048428e-07,-2.78558654977353e-17,8.02302445563635e-17,8.34436662894846e-06,-1.83235507664142e-07,-9.52733705743272e-16,-4.51927506347345e-07,-1.6230375265143e-06,-1.26611145763784e-16,7.02598892454e-07,2.24278367766461e-16,1.89304460569499e-07,1.22665814360509e-17,1.89067735006827e-07,1.63799564316305e-06,4.12142788728559e-07,5.59321331058321e-08,3.85405311037038e-07,-1.76485915374532e-06,5.78871061781832e-07,4.20766560290682e-16,0.00574453471815377,8.01004615201601e-07,-7.51972201538087e-17,-6.51927506154866e-08,-3.21405089383093e-07,7.81160201509466e-07,4.95768016350693e-16,3.21803847797828e-07,2.98518079075003e-06,-3.43885849310776e-16,-1.08761226972736e-06,-2.41729758731008e-07,-8.85416871871702e-08,-5.88827890535864e-17,-9.07613907495834e-17,2.3228761765747e-07,7.14362121935748e-08,5.78384103965124e-09,-5.88488131716914e-06,4.27409487502236e-08,-6.79817764454197e-17,4.48149090247549e-16,1.56077493004823e-07,1.07586148074226e-09,-3.18406521168732e-16,3.77301123332009e-07,-3.97017785424406e-17,1.35323026752984e-06,-7.22007075922869e-08,-4.21854138025563e-08,-2.79651035776029e-07,-3.32567964884201e-15,1.2282814650702e-16,-5.94143276435055e-16,-3.68943517425007e-16,-1.55513052987734e-07,-6.984212978843e-07,7.95049304567025e-16,1.01659136289617e-15,-1.52206452223894e-16,7.58637571083773e-07,8.82575310949134e-09,-3.74933424419355e-07,-2.63483074913147e-16,-4.65348235025907e-15,3.66673162864946e-16,-2.31346028996803e-06,4.9086181854614e-07,1.01836096147183e-16,1.11221235521186e-07,-2.24527055578263e-06,-4.41640473722987e-17,-3.14699697633472e-16,-2.23601604060899e-07,-2.29060675656149e-09,-1.10641762819492e-07,-6.72478289241373e-16,1.24270579151731e-07,1.80789742207075e-07,1.93694973198518e-07,-1.76187880878505e-07,-6.27203327283921e-07,6.90996720530495e-08,2.5932196654362e-15,-2.17773226158642e-15,1.56254749680231e-15,1.30442709828323e-06,-9.12066862006202e-07,-4.96113761158676e-08,-3.88431114200879e-08,1.47916311826881e-14,-6.33004862962318e-15,-6.39114434735543e-15,3.91034297093828e-15,-1.5933767062143e-16,1.27608724935475e-06,-2.91095351291912e-14,1.00571335841441e-15,-2.97817294213517e-08,4.55539235695256e-14,-2.66565382353044e-08,-0.561962851419901,-3.30409946393758e-08,3.29317774818363e-15,-3.98541788049515e-08,-4.98296958114028e-09,-4.06569030927363e-06,-2.33954839233703e-15,1.59383993463663e-07,-8.71340304513706e-16,2.25189478950569e-07,-2.72379406569318e-06,2.17757908780364e-09,1.26456276152057e-15,3.16887475008464e-07,8.15809492674855e-16,-7.75615464968017e-08,-4.37695571915487e-07,8.36735796177723e-16,1.79580746668892e-16,1.14839472725355e-16,-3.18795658962412e-17,-1.46407726690136e-09,-1.90467550909228e-08,-4.24822364249347e-09,-6.03372267331793e-16,-7.92180066280032e-16,-3.08900941844334e-07,3.26078152583689e-06,1.78979036821427e-15,1.36853797701753e-16,-1.91041868392005e-08,1.67945643858924e-15,-1.35163453447551e-07,5.171746666709e-16,1.26987909348996e-06,3.053422668178e-16,-3.05604898008873e-16,1.08071116707182e-16,-5.31787114460727e-16,2.3277854616837e-16,3.60676478057745e-16,2.16041690520221e-07,-1.51068312430166e-06,-5.63570792503403e-16,-1.1159012307227e-07,4.23762315715613e-07,-9.18314469021737e-16,-1.00854883507603e-16,1.54558005887523e-17,-1.07337464694417e-15,4.14644240696831e-08,6.61910374281473e-09,-5.16884800639708e-17,4.61089293697776e-16,-7.50103609864793e-08,-2.67504849694758e-07,-2.79704030077545e-08,6.36342897526848e-16,-3.57598224530485e-16,1.64434007931825e-16,-3.3612981974344e-16,1.87469362381347e-15,-1.07701691044484e-16,1.55412253683755e-07,-1.4676103365605e-07,-2.81752100029395e-08,-2.50731400251675e-17,3.79811016595997e-16,1.31053576062118e-15,1.04739257715626e-16,-3.82065357360332e-16,4.57994300540299e-16,2.77746828776929e-16,1.8692520936532e-16,-2.93477746874154e-16,-3.46645623942221e-16,6.00204425524302e-16,-4.11914465583074e-16,-6.87948527239288e-16,6.48318140908954e-16,1.34168230684087e-07,4.63302999775201e-16,-1.8327199324324e-15,-2.06870002783837e-16,1.46068336694022e-06,-2.54322105636997e-09,1.19755995732374e-16,-4.87119734688174e-08,1.32496646805147e-06,-2.94691061111915e-16,1.05363892029422e-15,-3.67032854296669e-07,2.41017177400275e-16,3.20741981609557e-08,-9.30815733958171e-20,1.9006412940094e-17,-5.66779117393752e-19,2.33017509004237e-16,4.47059352788355e-09,-6.13209659391842e-07,1.54415893913998e-16,-1.72317936824392e-17,-3.22638809147328e-17,-3.60975189936213e-17,-1.2178245304662e-15,1.22305642574299e-16,1.20142254280045e-16,1.49968202228111e-16,6.15486870223737e-08,-2.26597209097899e-16,-1.98834534227583e-16,3.59856902461495e-16,-5.96991271775342e-17,1.43678790618126e-16,2.27179548403444e-16,-1.33382208115236e-07,-9.23955747914958e-17,4.1867407472063e-16,9.90959125424145e-08,-2.73430403600201e-16,-4.72567584376737e-16,1.52613490498567e-15,3.42213436834142e-16,5.4509673333292e-07,7.62219549738908e-17,-5.77447898701069e-08,-1.46811253308392e-16,2.00264564039594e-16,-8.66197665760484e-16,-6.56105593242413e-16,-1.23728726137705e-16,3.91962742585589e-16,2.04602860699627e-09,-1.924198968574e-15,-1.4222264826834e-15,1.01482061804139e-07,-2.51137007246043e-07,-1.83097023191909e-16,1.7336790099288e-07,2.52715177108702e-08,-2.08710044677434e-16,1.24962260749761e-15,-8.33192475143471e-18,4.54148684311655e-17,-1.52970491320381e-16,-3.91568907132374e-08,3.82663974679843e-16,1.60258378696503e-16,3.44436476340749e-16,1.5296085676057e-08,-6.06244850148533e-16,7.5351961690946e-17,-4.6520633693028e-16,1.96866104142472e-16,-6.72613692169275e-09,5.14092760538464e-16,1.38042353831312e-08,-2.75948676648494e-16,1.32479687834821e-16,-3.74070105403135e-16,-3.96830180902405e-16,6.50047725165741e-17,3.33880173325781e-17,-2.0649281256421e-17,-2.00906004394596e-06,4.42313090137294e-16,5.33606271475844e-17,9.21466436936607e-08,-6.48049964032591e-16,2.60446591773117e-16,1.22846027510389e-16,3.43651939513106e-16,9.77405924850905e-17,-1.26928500613293e-16,-9.04869802520572e-08,-8.27290862272539e-18,3.86712688545619e-18,1.79685689669233e-07,5.64488701539027e-16,1.99990608791847e-16,-3.81981960068829e-16,-3.33590048128169e-16,-2.9017318989687e-17,1.41875636627169e-15,5.82206153964409e-17,-3.47114321667662e-17,1.7460130688757e-16,-2.39892070724788e-16,-1.27453810987136e-16,-8.07846738894248e-08,2.35426816711135e-06,5.41527570877374e-16,1.39313783404334e-16,-1.23007331891751e-17,-1.43616032839525e-16,-4.33720497572315e-15,6.85271811130195e-16,-9.31642479492426e-16,6.1447913621777e-17,-2.87319560256675e-09,-1.26450042118215e-16,2.52693740345107e-16,2.22359158443606e-16,6.23465454994568e-16,3.17109850708764e-09,1.31230988624714e-15,-3.57582217436426e-09,-2.30903552586379e-16,-2.92277772436031e-16,3.86082199988883e-16,1.68526878649107e-16,6.27123951341169e-17,1.81069369842504e-16,-4.44117347063453e-17,-1.01220251473676e-16,2.05233850072954e-16,1.16706206165553e-16,4.33461929650872e-16,1.82201087460113e-16,-5.86385955750167e-17,-1.3334985355946e-16,-7.64797317566878e-17,1.73967403382785e-15,5.1719838346099e-16,1.59869228276576e-16,4.93625370420694e-16,-1.41498187847366e-16,9.03522608463607e-15,-9.49422256341316e-17,1.80205548861578e-16,2.48771714871748e-16,-1.07028279523747e-17,-6.24868533509238e-11,-4.88361338433395e-16,-4.64335406313667e-16,-1.3918221426526e-16,-2.47250652420635e-16,-1.72168156820302e-16,7.63762483201752e-17,-2.57110183317201e-16,-3.42122650140135e-17,-5.4855136937612e-17,3.3901929854367e-18,-4.74505185161372e-15,1.82523283955576e-16,1.35225895700688e-18,-1.25754375716696e-16,-1.45090442029242e-16,9.64144207324558e-17,-4.97073361663628e-17,4.53553335017292e-09,6.73553242402586e-17,1.20341808876444e-16,2.58324614528539e-16,7.60469972176122e-17,2.52693892873701e-16,1.33979660761688e-16,-1.38625733449628e-16,-2.93788027420335e-16,-6.39953647379934e-17,-2.42869507423354e-09,-9.28222842014414e-16,8.67635305965573e-18,-6.69069051607256e-17,1.82368932957845e-16,2.44236017211215e-16,2.82220434946162e-16,-2.44071070253387e-16,1.63119649973538e-16,-2.45414152791594e-17,4.80895107170207e-17,-2.58766992864149e-16,-5.07078500761362e-16,6.40468392876937e-16,-2.99040554178284e-08,1.52324528783759e-15,3.64274876264577e-16,2.03963322012634e-15,2.33806085188492e-15,1.51480814637877e-07,-1.84242480513889e-16,-3.24800329365022e-16,-3.04690503326896e-16,6.89063991960311e-18,1.09866511128364e-15,-2.69929563580535e-16,5.54042423351091e-15,-5.1152681154891e-16,2.56886770864284e-16,2.62716380907249e-16,3.01558054683244e-16,-2.75301251168291e-16,-5.02074138962172e-16,1.36198223925946e-16,4.16539161877568e-16,6.63615614939977e-16,-8.01360215748564e-16
